"ANHO";"MES";"UBIGEO";"DEPARTAMENTO";"PROVINCIA";"DISTRITO";"SECTOR";"CATEGORIA";"CO_IPRESS";"RAZON_SOC";"ID_HOSPITALIZACION";"HOSPITALIZACION";"NRO_TOTAL_HOSPIT_ING";"NRO_TOTAL_HOSPIT_EGR";"NRO_TOTAL_ESTANCIAS";"NRO_TOTAL_PACIENTES_CAMAS";"NRO_TOTAL_CAMAS";"DIAS_CAMA_DISPONIBLE";"NRO_TOTAL_FALLECIDOS"
"2023";"01";"120125";"JUNIN";"HUANCAYO";"PILCOMAYO";"SANIDAD DE LA POLICIA NACIONAL DEL PERU";"I-2";"00025776";"POSTA MEDICA POLICIAL EESTP - HYO";"NE_0001";"";"NE_0001";"NE_0001";"NE_0001";"NE_0001";"NE_0001";"NE_0001";"NE_0001"
"2023";"01";"040101";"AREQUIPA";"AREQUIPA";"AREQUIPA";"PRIVADO";"II-E";"00016486";"CLÍNICA DE OJOS Y LA VISTA FUNDAR E.I.R.L.";"NE_0001";"";"NE_0001";"NE_0001";"NE_0001";"NE_0001";"NE_0001";"NE_0001";"NE_0001"
"2023";"01";"200601";"PIURA";"SULLANA";"SULLANA";"PRIVADO";"II-1";"00012262";"CLÍNICA SANTA ROSA";"240000";"HOSPITALIZACIÓN";"162";"137";"2626";"2788";"33";"1023";"0"
"2023";"01";"040101";"AREQUIPA";"AREQUIPA";"AREQUIPA";"PRIVADO";"II-E";"00011995";"CLINICA ALMONTE SAC";"240800";"HOSPITALIZACIÓN QUIRÚRGICA CIRUGÍA PLÁSTICA/RECONSTRUCTIVA/ REPARADORA ";"8";"8";"8";"8";"3";"62";"0"
"2023";"01";"150108";"LIMA";"LIMA";"CHORRILLOS";"ESSALUD";"I-3";"00008438";"POLICLINICO JUAN JOSE RODRIGUEZ LAZO";"NE_0001";"";"NE_0001";"NE_0001";"NE_0001";"NE_0001";"NE_0001";"NE_0001";"NE_0001"
"2023";"01";"070104";"CALLAO";"CALLAO";"LA PERLA";"SANIDAD DE LA POLICIA NACIONAL DEL PERU";"I-3";"00010557";"POLICLINICO  POLICIAL CALLAO";"NE_0001";"";"NE_0001";"NE_0001";"NE_0001";"NE_0001";"NE_0001";"NE_0001";"NE_0001"
"2023";"01";"180301";"MOQUEGUA";"ILO";"ILO";"SANIDAD DE LA POLICIA NACIONAL DEL PERU";"I-2";"00025870";"POSTA MEDICA POLICIAL ILO";"NE_0001";"";"NE_0001";"NE_0001";"NE_0001";"NE_0001";"NE_0001";"NE_0001";"NE_0001"
"2023";"01";"150131";"LIMA";"LIMA";"SAN ISIDRO";"SANIDAD DE LA POLICIA NACIONAL DEL PERU";"I-3";"00012740";"POLICLINICO POLICIAL MININTER";"NE_0001";"";"NE_0001";"NE_0001";"NE_0001";"NE_0001";"NE_0001";"NE_0001";"NE_0001"
"2023";"01";"140101";"LAMBAYEQUE";"CHICLAYO";"CHICLAYO";"GOBIERNO REGIONAL";"III-1";"00011470";"HOSPITAL REGIONAL LAMBAYEQUE";"240000";"HOSPITALIZACIÓN";"419";"369";"1390";"2467";"102";"3162";"5"
"2023";"01";"140101";"LAMBAYEQUE";"CHICLAYO";"CHICLAYO";"GOBIERNO REGIONAL";"III-1";"00011470";"HOSPITAL REGIONAL LAMBAYEQUE";"242300";"HOSPITALIZACIÓN DE PEDIATRÍA  PEDIATRÍA  GENERAL ";"75";"78";"302";"373";"32";"992";"0"
"2023";"01";"140101";"LAMBAYEQUE";"CHICLAYO";"CHICLAYO";"GOBIERNO REGIONAL";"III-1";"00011470";"HOSPITAL REGIONAL LAMBAYEQUE";"243200";"HOSPITALIZACIÓN DE PEDIATRÍA PEDIATRIA NEONATOLOGÍA";"38";"18";"132";"513";"17";"527";"0"
"2023";"01";"140101";"LAMBAYEQUE";"CHICLAYO";"CHICLAYO";"GOBIERNO REGIONAL";"III-1";"00011470";"HOSPITAL REGIONAL LAMBAYEQUE";"250100";"UNIDAD DE CUIDADOS CRITICOS UNIDAD  DE CUIDADOS INTENSIVOS GENERALES (UCI) ";"6";"2";"56";"236";"8";"248";"2"
"2023";"01";"140101";"LAMBAYEQUE";"CHICLAYO";"CHICLAYO";"GOBIERNO REGIONAL";"III-1";"00011470";"HOSPITAL REGIONAL LAMBAYEQUE";"250200";"UNIDAD DE CUIDADOS CRITICOS UNIDAD DE CUIDADOS INTERMEDIOS GENERAL  (UCIN) ";"13";"3";"12";"292";"12";"372";"2"
"2023";"01";"140101";"LAMBAYEQUE";"CHICLAYO";"CHICLAYO";"GOBIERNO REGIONAL";"III-1";"00011470";"HOSPITAL REGIONAL LAMBAYEQUE";"250105";"UNIDAD DE CUIDADOS CRITICOS UNIDAD  DE CUIDADOS INTENSIVOS  (UCI) NEONATOLOGÍA";"5";"0";"0";"179";"7";"217";"0"
"2023";"01";"140101";"LAMBAYEQUE";"CHICLAYO";"CHICLAYO";"GOBIERNO REGIONAL";"III-1";"00011470";"HOSPITAL REGIONAL LAMBAYEQUE";"250108";"UNIDAD DE CUIDADOS CRITICOS UNIDAD  DE CUIDADOS INTENSIVOS  (UCI) PEDIÁTRICA";"7";"2";"3";"103";"4";"124";"2"
"2023";"01";"060101";"CAJAMARCA";"CAJAMARCA";"CAJAMARCA";"SANIDAD DE LA POLICIA NACIONAL DEL PERU";"I-3";"00009296";"POLICLINICO PNP CAJAMARCA";"NE_0002";"";"NE_0002";"NE_0002";"NE_0002";"NE_0002";"NE_0002";"NE_0002";"NE_0002"
"2023";"01";"120601";"JUNIN";"SATIPO";"SATIPO";"SANIDAD DE LA POLICIA NACIONAL DEL PERU";"I-2";"00011485";"POSTA MEDICA POLICIAL SATIPO";"NE_0001";"";"NE_0001";"NE_0001";"NE_0001";"NE_0001";"NE_0001";"NE_0001";"NE_0001"
"2023";"01";"200104";"PIURA";"PIURA";"CASTILLA";"SANIDAD DE LA POLICIA NACIONAL DEL PERU";"I-3";"00010679";"POLICLINICO PNP ""ALMIRANTE MIGUEL GRAU""";"241800";"HOSPITALIZACIÓN DE MEDICINA MEDICINA GENERAL ";"2";"2";"2";"2";"13";"401";"0"
"2023";"01";"060801";"CAJAMARCA";"JAEN";"JAEN";"SANIDAD DE LA POLICIA NACIONAL DEL PERU";"I-3";"00018950";"POLICLINICO POLICIAL JAEN";"NE_0001";"";"NE_0001";"NE_0001";"NE_0001";"NE_0001";"NE_0001";"NE_0001";"NE_0001"
"2023";"01";"150122";"LIMA";"LIMA";"MIRAFLORES";"PRIVADO";"II-E";"00028941";"Instituto de Glaucoma y Catarata";"NE_0001";"";"NE_0001";"NE_0001";"NE_0001";"NE_0001";"NE_0001";"NE_0001";"NE_0001"
"2023";"01";"150132";"LIMA";"LIMA";"SAN JUAN DE LURIGANCHO";"SANIDAD DE LA POLICIA NACIONAL DEL PERU";"I-3";"00030839";"POLICLINICO POLICIAL ZARATE";"NE_0001";"";"NE_0001";"NE_0001";"NE_0001";"NE_0001";"NE_0001";"NE_0001";"NE_0001"
"2023";"01";"150140";"LIMA";"LIMA";"SANTIAGO DE SURCO";"PRIVADO";"I-2";"00010498";"ILA";"NE_0002";"";"NE_0002";"NE_0002";"NE_0002";"NE_0002";"NE_0002";"NE_0002";"NE_0002"
"2023";"01";"030601";"APURIMAC";"CHINCHEROS";"CHINCHEROS";"SANIDAD DE LA POLICIA NACIONAL DEL PERU";"I-2";"00011894";"POSTA MÉDICA SANIDAD CHINCHEROS";"NE_0001";"";"NE_0001";"NE_0001";"NE_0001";"NE_0001";"NE_0001";"NE_0001";"NE_0001"
"2023";"01";"150113";"LIMA";"LIMA";"JESUS MARIA";"ESSALUD";"III-2";"00008720";"HOSPITAL NACIONAL EDGARDO REBAGLIATI MARTINS";"250108";"UNIDAD DE CUIDADOS CRITICOS UNIDAD  DE CUIDADOS INTENSIVOS  (UCI) PEDIÁTRICA";"18";"9";"147";"304";"13";"403";"6"
"2023";"01";"150113";"LIMA";"LIMA";"JESUS MARIA";"ESSALUD";"III-2";"00008720";"HOSPITAL NACIONAL EDGARDO REBAGLIATI MARTINS";"240000";"HOSPITALIZACIÓN";"656";"643";"8416";"9290";"311";"9641";"14"
"2023";"01";"150113";"LIMA";"LIMA";"JESUS MARIA";"ESSALUD";"III-2";"00008720";"HOSPITAL NACIONAL EDGARDO REBAGLIATI MARTINS";"250200";"UNIDAD DE CUIDADOS CRITICOS UNIDAD DE CUIDADOS INTERMEDIOS GENERAL  (UCIN) ";"3";"1";"165";"744";"24";"744";"1"
"2023";"01";"040112";"AREQUIPA";"AREQUIPA";"PAUCARPATA";"PRIVADO";"II-E";"00016064";"CLINICA PAZ HOLANDESA";"240000";"HOSPITALIZACIÓN";"336";"369";"437";"393";"33";"990";"0"
"2023";"01";"150143";"LIMA";"LIMA";"VILLA MARIA DEL TRIUNFO";"PRIVADO";"I-4";"00010229";"CENTRO MEDICO ESPECIALIZADO VIRGEN DE LAS MERCEDES E.I.R.L";"NE_0002";"";"NE_0002";"NE_0002";"NE_0002";"NE_0002";"NE_0002";"NE_0002";"NE_0002"
"2023";"01";"130101";"LA LIBERTAD";"TRUJILLO";"TRUJILLO";"SANIDAD DE LA POLICIA NACIONAL DEL PERU";"I-3";"00011154";"SANIDAD DE LA PNP - TRUJILLO";"NE_0001";"";"NE_0001";"NE_0001";"NE_0001";"NE_0001";"NE_0001";"NE_0001";"NE_0001"
"2023";"01";"150113";"LIMA";"LIMA";"JESUS MARIA";"ESSALUD";"III-2";"00008720";"HOSPITAL NACIONAL EDGARDO REBAGLIATI MARTINS";"240100";"HOSPITALIZACIÓN QUIRÚRGICA CIRUGÍA GENERAL ";"305";"361";"4802";"3583";"120";"3720";"8"
"2023";"01";"150113";"LIMA";"LIMA";"JESUS MARIA";"ESSALUD";"III-2";"00008720";"HOSPITAL NACIONAL EDGARDO REBAGLIATI MARTINS";"240200";"HOSPITALIZACIÓN QUIRÚRGICA CIRUGÍA DE CABEZA Y CUELLO / MÁXILO FACIAL ";"48";"44";"363";"417";"14";"434";"0"
"2023";"01";"150113";"LIMA";"LIMA";"JESUS MARIA";"ESSALUD";"III-2";"00008720";"HOSPITAL NACIONAL EDGARDO REBAGLIATI MARTINS";"240400";"HOSPITALIZACIÓN QUIRÚRGICA CIRUGÍA DE TÓRAX Y CARDIOVASCULAR ";"45";"52";"1026";"858";"30";"930";"0"
"2023";"01";"150113";"LIMA";"LIMA";"JESUS MARIA";"ESSALUD";"III-2";"00008720";"HOSPITAL NACIONAL EDGARDO REBAGLIATI MARTINS";"240600";"HOSPITALIZACIÓN QUIRÚRGICA CIRUGÍA OFTALMOLÓGICA ";"14";"18";"168";"123";"4";"124";"0"
"2023";"01";"150113";"LIMA";"LIMA";"JESUS MARIA";"ESSALUD";"III-2";"00008720";"HOSPITAL NACIONAL EDGARDO REBAGLIATI MARTINS";"240700";"HOSPITALIZACIÓN QUIRÚRGICA CIRUGÍA PEDIÁTRICA ";"113";"105";"816";"779";"30";"930";"0"
"2023";"01";"150113";"LIMA";"LIMA";"JESUS MARIA";"ESSALUD";"III-2";"00008720";"HOSPITAL NACIONAL EDGARDO REBAGLIATI MARTINS";"240800";"HOSPITALIZACIÓN QUIRÚRGICA CIRUGÍA PLÁSTICA/RECONSTRUCTIVA/ REPARADORA ";"26";"26";"581";"477";"16";"496";"0"
"2023";"01";"150113";"LIMA";"LIMA";"JESUS MARIA";"ESSALUD";"III-2";"00008720";"HOSPITAL NACIONAL EDGARDO REBAGLIATI MARTINS";"240900";"HOSPITALIZACIÓN QUIRÚRGICA NEUROCIRUGÍA ";"136";"107";"1377";"1594";"57";"1767";"4"
"2023";"01";"150113";"LIMA";"LIMA";"JESUS MARIA";"ESSALUD";"III-2";"00008720";"HOSPITAL NACIONAL EDGARDO REBAGLIATI MARTINS";"241100";"HOSPITALIZACIÓN QUIRÚRGICA OTORRINOLARINGOLOGÍA  ";"51";"48";"359";"365";"12";"372";"1"
"2023";"01";"150113";"LIMA";"LIMA";"JESUS MARIA";"ESSALUD";"III-2";"00008720";"HOSPITAL NACIONAL EDGARDO REBAGLIATI MARTINS";"241200";"HOSPITALIZACIÓN QUIRÚRGICA TRAUMATOLOGÍA Y ORTOPEDIA ";"276";"274";"3372";"3563";"118";"3658";"3"
"2023";"01";"150113";"LIMA";"LIMA";"JESUS MARIA";"ESSALUD";"III-2";"00008720";"HOSPITAL NACIONAL EDGARDO REBAGLIATI MARTINS";"241300";"HOSPITALIZACIÓN QUIRÚRGICA UROLOGÍA  ";"177";"177";"1564";"1464";"48";"1488";"0"
"2023";"01";"150113";"LIMA";"LIMA";"JESUS MARIA";"ESSALUD";"III-2";"00008720";"HOSPITAL NACIONAL EDGARDO REBAGLIATI MARTINS";"241500";"HOSPITALIZACIÓN QUIRÚRGICA GINECOLOGÍA  ";"110";"109";"729";"739";"24";"744";"0"
"2023";"01";"150113";"LIMA";"LIMA";"JESUS MARIA";"ESSALUD";"III-2";"00008720";"HOSPITAL NACIONAL EDGARDO REBAGLIATI MARTINS";"241600";"HOSPITALIZACIÓN QUIRÚRGICA OBSTETRICIA   ";"365";"428";"2348";"2519";"109";"3379";"0"
"2023";"01";"150113";"LIMA";"LIMA";"JESUS MARIA";"ESSALUD";"III-2";"00008720";"HOSPITAL NACIONAL EDGARDO REBAGLIATI MARTINS";"241700";"HOSPITALIZACIÓN QUIRÚRGICA GINECOLOGÍA   GINECOLOGIA ONCOLOGiCA";"99";"98";"672";"743";"24";"744";"0"
"2023";"01";"150113";"LIMA";"LIMA";"JESUS MARIA";"ESSALUD";"III-2";"00008720";"HOSPITAL NACIONAL EDGARDO REBAGLIATI MARTINS";"241900";"HOSPITALIZACIÓN DE MEDICINA MEDICINA INTERNA ";"499";"452";"9012";"8065";"268";"8152";"91"
"2023";"01";"150113";"LIMA";"LIMA";"JESUS MARIA";"ESSALUD";"III-2";"00008720";"HOSPITAL NACIONAL EDGARDO REBAGLIATI MARTINS";"242100";"HOSPITALIZACIÓN DE MEDICINA ONCOLOGÍA MÉDICA ";"101";"116";"1126";"1019";"33";"1023";"2"
"2023";"01";"150113";"LIMA";"LIMA";"JESUS MARIA";"ESSALUD";"III-2";"00008720";"HOSPITAL NACIONAL EDGARDO REBAGLIATI MARTINS";"242200";"HOSPITALIZACIÓN DE MEDICINA PSIQUIATRÍA ";"80";"82";"1364";"1308";"52";"1612";"0"
"2023";"01";"150113";"LIMA";"LIMA";"JESUS MARIA";"ESSALUD";"III-2";"00008720";"HOSPITAL NACIONAL EDGARDO REBAGLIATI MARTINS";"242300";"HOSPITALIZACIÓN DE PEDIATRÍA  PEDIATRÍA  GENERAL ";"52";"52";"847";"636";"24";"744";"0"
"2023";"01";"150113";"LIMA";"LIMA";"JESUS MARIA";"ESSALUD";"III-2";"00008720";"HOSPITAL NACIONAL EDGARDO REBAGLIATI MARTINS";"242500";"HOSPITALIZACIÓN-PEDIATRÍA GENERAL-";"58";"54";"567";"1172";"41";"1271";"2"
"2023";"01";"150113";"LIMA";"LIMA";"JESUS MARIA";"ESSALUD";"III-2";"00008720";"HOSPITAL NACIONAL EDGARDO REBAGLIATI MARTINS";"243200";"HOSPITALIZACIÓN DE PEDIATRÍA PEDIATRIA NEONATOLOGÍA";"41";"9";"53";"744";"24";"744";"9"
"2023";"01";"150113";"LIMA";"LIMA";"JESUS MARIA";"ESSALUD";"III-2";"00008720";"HOSPITAL NACIONAL EDGARDO REBAGLIATI MARTINS";"243600";"HOSPITALIZACIÓN DE PEDIATRÍA PEDIATRIA ONCOLOGÍA PEDIÁTRICA";"79";"68";"408";"456";"16";"496";"0"
"2023";"01";"150113";"LIMA";"LIMA";"JESUS MARIA";"ESSALUD";"III-2";"00008720";"HOSPITAL NACIONAL EDGARDO REBAGLIATI MARTINS";"250100";"UNIDAD DE CUIDADOS CRITICOS UNIDAD  DE CUIDADOS INTENSIVOS GENERALES (UCI) ";"85";"29";"684";"1859";"61";"1891";"26"
"2023";"01";"150113";"LIMA";"LIMA";"JESUS MARIA";"ESSALUD";"III-2";"00008720";"HOSPITAL NACIONAL EDGARDO REBAGLIATI MARTINS";"250101";"UNIDAD DE CUIDADOS CRITICOS UNIDAD  DE CUIDADOS INTENSIVOS GENERALES (UCI) CARDIOLOGIA";"70";"46";"266";"465";"15";"465";"0"
"2023";"01";"150113";"LIMA";"LIMA";"JESUS MARIA";"ESSALUD";"III-2";"00008720";"HOSPITAL NACIONAL EDGARDO REBAGLIATI MARTINS";"250105";"UNIDAD DE CUIDADOS CRITICOS UNIDAD  DE CUIDADOS INTENSIVOS  (UCI) NEONATOLOGÍA";"13";"53";"1410";"961";"31";"961";"3"
"2023";"01";"150510";"LIMA";"CAÑETE";"NUEVO IMPERIAL";"SANIDAD DE LA POLICIA NACIONAL DEL PERU";"I-3";"00017849";"POLICLINICO POLICIAL CAÑETE";"NE_0001";"";"NE_0001";"NE_0001";"NE_0001";"NE_0001";"NE_0001";"NE_0001";"NE_0001"
"2023";"01";"150108";"LIMA";"LIMA";"CHORRILLOS";"PRIVADO";"II-2";"00010251";"CLINICA MAISON DE SANTE DEL SUR";"240000";"HOSPITALIZACIÓN";"58";"50";"321";"252";"20";"620";"0"
"2023";"01";"150108";"LIMA";"LIMA";"CHORRILLOS";"PRIVADO";"II-2";"00010251";"CLINICA MAISON DE SANTE DEL SUR";"241400";"HOSPITALIZACIÓN QUIRÚRGICA GINECO - OBSTETRICIA ";"15";"15";"22";"54";"6";"186";"0"
"2023";"01";"150108";"LIMA";"LIMA";"CHORRILLOS";"PRIVADO";"II-2";"00010251";"CLINICA MAISON DE SANTE DEL SUR";"250100";"UNIDAD DE CUIDADOS CRITICOS UNIDAD  DE CUIDADOS INTENSIVOS GENERALES (UCI) ";"5";"5";"53";"53";"6";"186";"0"
"2023";"01";"120101";"JUNIN";"HUANCAYO";"HUANCAYO";"SANIDAD DE LA POLICIA NACIONAL DEL PERU";"I-3";"00010710";"POLICLINICO POLICIAL HUANCAYO ENRIQUE TORRES GONZALES";"NE_0001";"";"NE_0001";"NE_0001";"NE_0001";"NE_0001";"NE_0001";"NE_0001";"NE_0001"
"2023";"01";"200104";"PIURA";"PIURA";"CASTILLA";"PRIVADO";"II-E";"00013165";"CENTRO DE REPOSO SAN JUAN DE DIOS";"242202";"HOSPITALIZACIÓN DE MEDICINA PSIQUIATRÍA PSIQUIATRÍA DEL ADULTO Y GERONTE";"43";"44";"997";"682";"47";"1457";"0"
"2023";"01";"050109";"AYACUCHO";"HUAMANGA";"SAN JOSE DE TICLLAS";"GOBIERNO REGIONAL";"I-1";"00003617";"SAN JOSE DE TICLLAS";"NE_0002";"";"NE_0002";"NE_0002";"NE_0002";"NE_0002";"NE_0002";"NE_0002";"NE_0002"
"2023";"01";"050109";"AYACUCHO";"HUAMANGA";"SAN JOSE DE TICLLAS";"GOBIERNO REGIONAL";"I-1";"00003616";"PUESTO DE SALUD MOLINOS (RUMIHUASI)";"NE_0002";"";"NE_0002";"NE_0002";"NE_0002";"NE_0002";"NE_0002";"NE_0002";"NE_0002"
"2023";"01";"050112";"AYACUCHO";"HUAMANGA";"SOCOS";"GOBIERNO REGIONAL";"I-1";"00003620";"PUESTO DE SALUD SANTA ROSA DE COCHABAMBA";"NE_0002";"";"NE_0002";"NE_0002";"NE_0002";"NE_0002";"NE_0002";"NE_0002";"NE_0002"
"2023";"01";"050112";"AYACUCHO";"HUAMANGA";"SOCOS";"GOBIERNO REGIONAL";"I-1";"00006736";"PUESTO DE SALUD SAN RAFAEL";"NE_0002";"";"NE_0002";"NE_0002";"NE_0002";"NE_0002";"NE_0002";"NE_0002";"NE_0002"
"2023";"01";"050112";"AYACUCHO";"HUAMANGA";"SOCOS";"GOBIERNO REGIONAL";"I-2";"00003619";"PUESTO DE SALUD SOCOS";"NE_0002";"";"NE_0002";"NE_0002";"NE_0002";"NE_0002";"NE_0002";"NE_0002";"NE_0002"
"2023";"01";"050109";"AYACUCHO";"HUAMANGA";"SAN JOSE DE TICLLAS";"GOBIERNO REGIONAL";"I-1";"00006792";"PUESTO DE SALUD BELLAVISTA";"NE_0002";"";"NE_0002";"NE_0002";"NE_0002";"NE_0002";"NE_0002";"NE_0002";"NE_0002"
"2023";"01";"050112";"AYACUCHO";"HUAMANGA";"SOCOS";"GOBIERNO REGIONAL";"I-1";"00006838";"PUESTO DE SALUD LUYANTA";"NE_0002";"";"NE_0002";"NE_0002";"NE_0002";"NE_0002";"NE_0002";"NE_0002";"NE_0002"
"2023";"01";"050112";"AYACUCHO";"HUAMANGA";"SOCOS";"GOBIERNO REGIONAL";"I-1";"00003614";"PUESTO DE SALUD MANZANAYOCC";"NE_0002";"";"NE_0002";"NE_0002";"NE_0002";"NE_0002";"NE_0002";"NE_0002";"NE_0002"
"2023";"01";"050111";"AYACUCHO";"HUAMANGA";"SANTIAGO DE PISCHA";"GOBIERNO REGIONAL";"I-1";"00003618";"PUESTO DE SALUD SAN PEDRO DE CACHI";"NE_0002";"";"NE_0002";"NE_0002";"NE_0002";"NE_0002";"NE_0002";"NE_0002";"NE_0002"
"2023";"01";"021801";"ANCASH";"SANTA";"CHIMBOTE";"ESSALUD";"0";"00009047";"HOSPITAL III CHIMBOTE";"240100";"HOSPITALIZACIÓN QUIRÚRGICA CIRUGÍA GENERAL ";"23";"23";"229";"279";"13";"403";"3"
"2023";"01";"021801";"ANCASH";"SANTA";"CHIMBOTE";"ESSALUD";"0";"00009047";"HOSPITAL III CHIMBOTE";"250200";"UNIDAD DE CUIDADOS CRITICOS UNIDAD DE CUIDADOS INTERMEDIOS GENERAL  (UCIN) ";"16";"14";"113";"118";"8";"248";"2"
"2023";"01";"060101";"CAJAMARCA";"CAJAMARCA";"CAJAMARCA";"PRIVADO";"II-1";"00009599";"CLINICA SAN FRANCISCO DE ASIS S.A.";"240100";"HOSPITALIZACIÓN QUIRÚRGICA CIRUGÍA GENERAL ";"25";"25";"20";"25";"2";"62";"0"
"2023";"01";"060101";"CAJAMARCA";"CAJAMARCA";"CAJAMARCA";"PRIVADO";"II-1";"00009599";"CLINICA SAN FRANCISCO DE ASIS S.A.";"240200";"HOSPITALIZACIÓN QUIRÚRGICA CIRUGÍA DE CABEZA Y CUELLO / MÁXILO FACIAL ";"1";"1";"1";"1";"2";"62";"0"
"2023";"01";"060101";"CAJAMARCA";"CAJAMARCA";"CAJAMARCA";"PRIVADO";"II-1";"00009599";"CLINICA SAN FRANCISCO DE ASIS S.A.";"241200";"HOSPITALIZACIÓN QUIRÚRGICA TRAUMATOLOGÍA Y ORTOPEDIA ";"9";"9";"34";"9";"2";"62";"0"
"2023";"01";"060101";"CAJAMARCA";"CAJAMARCA";"CAJAMARCA";"PRIVADO";"II-1";"00009599";"CLINICA SAN FRANCISCO DE ASIS S.A.";"241400";"HOSPITALIZACIÓN QUIRÚRGICA GINECO - OBSTETRICIA ";"7";"7";"7";"7";"2";"62";"0"
"2023";"01";"220101";"SAN MARTIN";"MOYOBAMBA";"MOYOBAMBA";"SANIDAD DE LA POLICIA NACIONAL DEL PERU";"I-3";"00018077";"POLICLINICO PNP MOYOBAMBA";"NE_0001";"";"NE_0001";"NE_0001";"NE_0001";"NE_0001";"NE_0001";"NE_0001";"NE_0001"
"2023";"01";"020101";"ANCASH";"HUARAZ";"HUARAZ";"GOBIERNO REGIONAL";"II-2";"00001543";"HOSPITAL ""VICTOR RAMOS GUARDIA"" - HUARAZ";"250101";"UNIDAD DE CUIDADOS CRITICOS UNIDAD  DE CUIDADOS INTENSIVOS GENERALES (UCI) CARDIOLOGIA";"9";"9";"57";"39";"2";"62";"0"
"2023";"01";"020101";"ANCASH";"HUARAZ";"HUARAZ";"GOBIERNO REGIONAL";"II-2";"00001543";"HOSPITAL ""VICTOR RAMOS GUARDIA"" - HUARAZ";"244300";"HOSPITALIZACIÓN DE MEDICINA GASTROENTEROLOGÍA  ";"11";"17";"118";"105";"4";"124";"0"
"2023";"01";"020101";"ANCASH";"HUARAZ";"HUARAZ";"GOBIERNO REGIONAL";"II-2";"00001543";"HOSPITAL ""VICTOR RAMOS GUARDIA"" - HUARAZ";"241800";"HOSPITALIZACIÓN DE MEDICINA MEDICINA GENERAL ";"37";"49";"402";"373";"17";"527";"8"
"2023";"01";"020101";"ANCASH";"HUARAZ";"HUARAZ";"GOBIERNO REGIONAL";"II-2";"00001543";"HOSPITAL ""VICTOR RAMOS GUARDIA"" - HUARAZ";"245300";"HOSPITALIZACIÓN DE MEDICINA NEUMOLOGÍA  ";"15";"20";"300";"137";"5";"155";"1"
"2023";"01";"020101";"ANCASH";"HUARAZ";"HUARAZ";"GOBIERNO REGIONAL";"II-2";"00001543";"HOSPITAL ""VICTOR RAMOS GUARDIA"" - HUARAZ";"250106";"UNIDAD DE CUIDADOS CRITICOS UNIDAD  DE CUIDADOS INTENSIVOS  (UCI) NEUROLÓGICA";"19";"20";"136";"104";"5";"155";"2"
"2023";"01";"020101";"ANCASH";"HUARAZ";"HUARAZ";"GOBIERNO REGIONAL";"II-2";"00001543";"HOSPITAL ""VICTOR RAMOS GUARDIA"" - HUARAZ";"242200";"HOSPITALIZACIÓN DE MEDICINA PSIQUIATRÍA ";"3";"4";"20";"98";"4";"124";"0"
"2023";"01";"020101";"ANCASH";"HUARAZ";"HUARAZ";"GOBIERNO REGIONAL";"II-2";"00001543";"HOSPITAL ""VICTOR RAMOS GUARDIA"" - HUARAZ";"240100";"HOSPITALIZACIÓN QUIRÚRGICA CIRUGÍA GENERAL ";"109";"121";"483";"451";"20";"620";"1"
"2023";"01";"020101";"ANCASH";"HUARAZ";"HUARAZ";"GOBIERNO REGIONAL";"II-2";"00001543";"HOSPITAL ""VICTOR RAMOS GUARDIA"" - HUARAZ";"241200";"HOSPITALIZACIÓN QUIRÚRGICA TRAUMATOLOGÍA Y ORTOPEDIA ";"34";"46";"547";"403";"20";"620";"1"
"2023";"01";"020101";"ANCASH";"HUARAZ";"HUARAZ";"GOBIERNO REGIONAL";"II-2";"00001543";"HOSPITAL ""VICTOR RAMOS GUARDIA"" - HUARAZ";"241300";"HOSPITALIZACIÓN QUIRÚRGICA UROLOGÍA  ";"15";"15";"72";"53";"2";"62";"0"
"2023";"01";"020101";"ANCASH";"HUARAZ";"HUARAZ";"GOBIERNO REGIONAL";"II-2";"00001543";"HOSPITAL ""VICTOR RAMOS GUARDIA"" - HUARAZ";"241100";"HOSPITALIZACIÓN QUIRÚRGICA OTORRINOLARINGOLOGÍA  ";"2";"2";"4";"4";"1";"31";"0"
"2023";"01";"020101";"ANCASH";"HUARAZ";"HUARAZ";"GOBIERNO REGIONAL";"II-2";"00001543";"HOSPITAL ""VICTOR RAMOS GUARDIA"" - HUARAZ";"241500";"HOSPITALIZACIÓN QUIRÚRGICA GINECOLOGÍA  ";"11";"13";"57";"47";"4";"124";"0"
"2023";"01";"020101";"ANCASH";"HUARAZ";"HUARAZ";"GOBIERNO REGIONAL";"II-2";"00001543";"HOSPITAL ""VICTOR RAMOS GUARDIA"" - HUARAZ";"241600";"HOSPITALIZACIÓN QUIRÚRGICA OBSTETRICIA   ";"269";"285";"642";"627";"22";"682";"0"
"2023";"01";"020101";"ANCASH";"HUARAZ";"HUARAZ";"GOBIERNO REGIONAL";"II-2";"00001543";"HOSPITAL ""VICTOR RAMOS GUARDIA"" - HUARAZ";"242500";"HOSPITALIZACIÓN-PEDIATRÍA GENERAL-";"44";"49";"198";"224";"14";"434";"0"
"2023";"01";"020101";"ANCASH";"HUARAZ";"HUARAZ";"GOBIERNO REGIONAL";"II-2";"00001543";"HOSPITAL ""VICTOR RAMOS GUARDIA"" - HUARAZ";"243200";"HOSPITALIZACIÓN DE PEDIATRÍA PEDIATRIA NEONATOLOGÍA";"29";"38";"328";"381";"16";"496";"3"
"2023";"01";"020101";"ANCASH";"HUARAZ";"HUARAZ";"GOBIERNO REGIONAL";"II-2";"00001543";"HOSPITAL ""VICTOR RAMOS GUARDIA"" - HUARAZ";"250103";"UNIDAD DE CUIDADOS CRITICOS UNIDAD  DE CUIDADOS INTENSIVOS GENERALES  (UCI) MEDICINA";"4";"5";"42";"201";"7";"217";"3"
"2023";"01";"150131";"LIMA";"LIMA";"SAN ISIDRO";"PRIVADO";"II-E";"00008388";"TG LASER OFTALMICA S.A.";"NE_0001";"";"NE_0001";"NE_0001";"NE_0001";"NE_0001";"NE_0001";"NE_0001";"NE_0001"
"2023";"01";"130101";"LA LIBERTAD";"TRUJILLO";"TRUJILLO";"PRIVADO";"I-3";"00027028";"EL GALENO DE ICA";"NE_0001";"";"NE_0001";"NE_0001";"NE_0001";"NE_0001";"NE_0001";"NE_0001";"NE_0001"
"2023";"01";"230303";"TACNA";"JORGE BASADRE";"ITE";"ESSALUD";"I-2";"00027545";"CENTRO DE ATENCION PRIMARIA I ITE";"NE_0001";"";"NE_0001";"NE_0001";"NE_0001";"NE_0001";"NE_0001";"NE_0001";"NE_0001"
"2023";"01";"150140";"LIMA";"LIMA";"SANTIAGO DE SURCO";"PRIVADO";"II-E";"00013064";"CLINICA CEDRON";"240000";"HOSPITALIZACIÓN";"53";"53";"60";"60";"6";"186";"0"
"2023";"01";"160101";"LORETO";"MAYNAS";"IQUITOS";"PRIVADO";"I-3";"00012075";"SARLOR";"NE_0002";"";"NE_0002";"NE_0002";"NE_0002";"NE_0002";"NE_0002";"NE_0002";"NE_0002"
"2023";"01";"120101";"JUNIN";"HUANCAYO";"HUANCAYO";"PRIVADO";"II-1";"00025971";"CLINICA BILBAO";"241500";"HOSPITALIZACIÓN QUIRÚRGICA GINECOLOGÍA  ";"13";"13";"30";"30";"3";"93";"0"
"2023";"01";"120101";"JUNIN";"HUANCAYO";"HUANCAYO";"PRIVADO";"II-1";"00025971";"CLINICA BILBAO";"241200";"HOSPITALIZACIÓN QUIRÚRGICA TRAUMATOLOGÍA Y ORTOPEDIA ";"9";"9";"11";"12";"2";"62";"0"
"2023";"01";"120101";"JUNIN";"HUANCAYO";"HUANCAYO";"PRIVADO";"II-1";"00025971";"CLINICA BILBAO";"241300";"HOSPITALIZACIÓN QUIRÚRGICA UROLOGÍA  ";"1";"1";"1";"1";"1";"31";"0"
"2023";"01";"120101";"JUNIN";"HUANCAYO";"HUANCAYO";"PRIVADO";"II-1";"00025971";"CLINICA BILBAO";"240100";"HOSPITALIZACIÓN QUIRÚRGICA CIRUGÍA GENERAL ";"13";"13";"25";"24";"3";"93";"0"
"2023";"01";"120101";"JUNIN";"HUANCAYO";"HUANCAYO";"PRIVADO";"II-1";"00025971";"CLINICA BILBAO";"241400";"HOSPITALIZACIÓN QUIRÚRGICA GINECO - OBSTETRICIA ";"17";"17";"34";"35";"4";"124";"0"
"2023";"01";"120201";"JUNIN";"CONCEPCION";"CONCEPCION";"ESSALUD";"I-3";"00008668";"CENTRO MEDICO CONCEPCION";"NE_0001";"";"NE_0001";"NE_0001";"NE_0001";"NE_0001";"NE_0001";"NE_0001";"NE_0001"
"2023";"01";"060101";"CAJAMARCA";"CAJAMARCA";"CAJAMARCA";"PRIVADO";"II-1";"00009591";"CLINICA LIMATAMBO CAJAMARCA S.A.C.";"240000";"HOSPITALIZACIÓN";"135";"128";"127";"362";"33";"744";"0"
"2023";"01";"120602";"JUNIN";"SATIPO";"COVIRIALI";"GOBIERNO REGIONAL";"I-1";"00000488";"SAN ANDRES";"NE_0001";"";"NE_0001";"NE_0001";"NE_0001";"NE_0001";"NE_0001";"NE_0001";"NE_0001"
"2023";"01";"120605";"JUNIN";"SATIPO";"PAMPA HERMOSA";"GOBIERNO REGIONAL";"I-1";"00007185";"PAMPA MANDARINA";"NE_0001";"";"NE_0001";"NE_0001";"NE_0001";"NE_0001";"NE_0001";"NE_0001";"NE_0001"
"2023";"01";"120602";"JUNIN";"SATIPO";"COVIRIALI";"GOBIERNO REGIONAL";"I-2";"00000486";"SAN PEDRO";"NE_0001";"";"NE_0001";"NE_0001";"NE_0001";"NE_0001";"NE_0001";"NE_0001";"NE_0001"
"2023";"01";"130101";"LA LIBERTAD";"TRUJILLO";"TRUJILLO";"PRIVADO";"II-E";"00025536";"OFTALMONORTE";"NE_0001";"";"NE_0001";"NE_0001";"NE_0001";"NE_0001";"NE_0001";"NE_0001";"NE_0001"
"2023";"01";"160601";"LORETO";"UCAYALI";"CONTAMANA";"GOBIERNO REGIONAL";"II-1";"00000162";"HOSPITAL II-I  CONTAMANA";"242800";"HOSPITALIZACIÓN DE PEDIATRÍA PEDIATRIA ENDOCRINOLOGÍA PEDIÁTRICA";"110";"100";"305";"285";"15";"315";"0"
"2023";"01";"160601";"LORETO";"UCAYALI";"CONTAMANA";"GOBIERNO REGIONAL";"II-1";"00000162";"HOSPITAL II-I  CONTAMANA";"242900";"HOSPITALIZACIÓN DE PEDIATRÍA PEDIATRIA GASTROENTEROLOGÍA PEDIÁTRICA";"80";"71";"298";"352";"12";"372";"1"
"2023";"01";"160601";"LORETO";"UCAYALI";"CONTAMANA";"GOBIERNO REGIONAL";"II-1";"00000162";"HOSPITAL II-I  CONTAMANA";"243000";"HOSPITALIZACIÓN DE PEDIATRÍA PEDIATRIA GINECOLOGÍA PEDIÁTRICA";"75";"36";"683";"864";"30";"930";"25"
"2023";"01";"160601";"LORETO";"UCAYALI";"CONTAMANA";"GOBIERNO REGIONAL";"II-1";"00000162";"HOSPITAL II-I  CONTAMANA";"243100";"HOSPITALIZACIÓN DE PEDIATRÍA PEDIATRIA NEFROLOGÍA PEDIÁTRICA";"65";"43";"243";"253";"9";"279";"1"
"2023";"01";"160601";"LORETO";"UCAYALI";"CONTAMANA";"GOBIERNO REGIONAL";"II-1";"00000162";"HOSPITAL II-I  CONTAMANA";"243200";"HOSPITALIZACIÓN DE PEDIATRÍA PEDIATRIA NEONATOLOGÍA";"63";"47";"266";"277";"10";"310";"1"
"2023";"01";"160601";"LORETO";"UCAYALI";"CONTAMANA";"GOBIERNO REGIONAL";"II-1";"00000162";"HOSPITAL II-I  CONTAMANA";"243300";"HOSPITALIZACIÓN DE PEDIATRÍA PEDIATRIA NEUMOLOGÍA PEDIÁTRICA";"60";"25";"194";"50";"8";"190";"1"
"2023";"01";"160601";"LORETO";"UCAYALI";"CONTAMANA";"GOBIERNO REGIONAL";"II-1";"00000162";"HOSPITAL II-I  CONTAMANA";"243400";"HOSPITALIZACIÓN DE PEDIATRÍA PEDIATRIA NEUROLOGÍA PEDIÁTRICA";"35";"38";"160";"161";"7";"217";"1"
"2023";"01";"160601";"LORETO";"UCAYALI";"CONTAMANA";"GOBIERNO REGIONAL";"II-1";"00000162";"HOSPITAL II-I  CONTAMANA";"243500";"HOSPITALIZACIÓN DE PEDIATRÍA PEDIATRIA OFTALMOLOGÍA PEDIÁTRICA";"30";"27";"241";"321";"11";"341";"1"
"2023";"01";"160601";"LORETO";"UCAYALI";"CONTAMANA";"GOBIERNO REGIONAL";"II-1";"00000162";"HOSPITAL II-I  CONTAMANA";"243600";"HOSPITALIZACIÓN DE PEDIATRÍA PEDIATRIA ONCOLOGÍA PEDIÁTRICA";"18";"28";"188";"43";"8";"248";"1"
"2023";"01";"160601";"LORETO";"UCAYALI";"CONTAMANA";"GOBIERNO REGIONAL";"II-1";"00000162";"HOSPITAL II-I  CONTAMANA";"241800";"HOSPITALIZACIÓN DE MEDICINA MEDICINA GENERAL ";"18";"27";"117";"154";"7";"217";"1"
"2023";"01";"160601";"LORETO";"UCAYALI";"CONTAMANA";"GOBIERNO REGIONAL";"II-1";"00000162";"HOSPITAL II-I  CONTAMANA";"241900";"HOSPITALIZACIÓN DE MEDICINA MEDICINA INTERNA ";"60";"25";"377";"40";"16";"496";"12"
"2023";"01";"160601";"LORETO";"UCAYALI";"CONTAMANA";"GOBIERNO REGIONAL";"II-1";"00000162";"HOSPITAL II-I  CONTAMANA";"242000";"HOSPITALIZACIÓN DE MEDICINA MEDICINA TROPICAL E INFECCIOSAS ";"55";"35";"460";"486";"18";"528";"6"
"2023";"01";"160601";"LORETO";"UCAYALI";"CONTAMANA";"GOBIERNO REGIONAL";"II-1";"00000162";"HOSPITAL II-I  CONTAMANA";"242100";"HOSPITALIZACIÓN DE MEDICINA ONCOLOGÍA MÉDICA ";"39";"45";"395";"28";"18";"498";"5"
"2023";"01";"160601";"LORETO";"UCAYALI";"CONTAMANA";"GOBIERNO REGIONAL";"II-1";"00000162";"HOSPITAL II-I  CONTAMANA";"242201";"HOSPITALIZACIÓN DE MEDICINA PSIQUIATRÍA PSIQUIATRÍA - HOSPITALIZACIÓN DE DÍA";"38";"35";"225";"320";"15";"345";"2"
"2023";"01";"160601";"LORETO";"UCAYALI";"CONTAMANA";"GOBIERNO REGIONAL";"II-1";"00000162";"HOSPITAL II-I  CONTAMANA";"242202";"HOSPITALIZACIÓN DE MEDICINA PSIQUIATRÍA PSIQUIATRÍA DEL ADULTO Y GERONTE";"37";"37";"520";"525";"20";"530";"4"
"2023";"01";"120101";"JUNIN";"HUANCAYO";"HUANCAYO";"PRIVADO";"II-E";"00025973";"CLINICA ZARATE";"241800";"HOSPITALIZACIÓN DE MEDICINA MEDICINA GENERAL ";"91";"91";"33";"159";"12";"213";"0"
"2023";"01";"130907";"LA LIBERTAD";"SANCHEZ CARRION";"SARIN";"GOBIERNO REGIONAL";"I-2";"00005361";"SARIN";"NE_0001";"";"NE_0001";"NE_0001";"NE_0001";"NE_0001";"NE_0001";"NE_0001";"NE_0001"
"2023";"01";"150142";"LIMA";"LIMA";"VILLA EL SALVADOR";"ESSALUD";"II-1";"00008741";"ULDARICO ROCCA FERNANDEZ";"241800";"HOSPITALIZACIÓN DE MEDICINA MEDICINA GENERAL ";"73";"66";"347";"347";"15";"465";"4"
"2023";"01";"150142";"LIMA";"LIMA";"VILLA EL SALVADOR";"ESSALUD";"II-1";"00008741";"ULDARICO ROCCA FERNANDEZ";"240100";"HOSPITALIZACIÓN QUIRÚRGICA CIRUGÍA GENERAL ";"139";"136";"262";"262";"12";"372";"0"
"2023";"01";"150142";"LIMA";"LIMA";"VILLA EL SALVADOR";"ESSALUD";"II-1";"00008741";"ULDARICO ROCCA FERNANDEZ";"241500";"HOSPITALIZACIÓN QUIRÚRGICA GINECOLOGÍA  ";"15";"17";"65";"57";"3";"93";"0"
"2023";"01";"150142";"LIMA";"LIMA";"VILLA EL SALVADOR";"ESSALUD";"II-1";"00008741";"ULDARICO ROCCA FERNANDEZ";"241600";"HOSPITALIZACIÓN QUIRÚRGICA OBSTETRICIA   ";"209";"207";"366";"370";"15";"465";"0"
"2023";"01";"150142";"LIMA";"LIMA";"VILLA EL SALVADOR";"ESSALUD";"II-1";"00008741";"ULDARICO ROCCA FERNANDEZ";"242300";"HOSPITALIZACIÓN DE PEDIATRÍA  PEDIATRÍA  GENERAL ";"52";"49";"175";"186";"6";"186";"0"
"2023";"01";"150142";"LIMA";"LIMA";"VILLA EL SALVADOR";"ESSALUD";"II-1";"00008741";"ULDARICO ROCCA FERNANDEZ";"250100";"UNIDAD DE CUIDADOS CRITICOS UNIDAD  DE CUIDADOS INTENSIVOS GENERALES (UCI) ";"14";"11";"52";"102";"4";"124";"1"
"2023";"01";"040109";"AREQUIPA";"AREQUIPA";"MARIANO MELGAR";"PRIVADO";"II-E";"00019481";"CLINICA J. PRADO SANTA MARIA E.I.R.L.";"240000";"HOSPITALIZACIÓN";"246";"235";"346";"368";"35";"1085";"0"
"2023";"01";"150143";"LIMA";"LIMA";"VILLA MARIA DEL TRIUNFO";"PRIVADO";"II-2";"00018580";"GUILLERMO KAELIN DE LA FUENTE";"241800";"HOSPITALIZACIÓN DE MEDICINA MEDICINA GENERAL ";"959";"682";"3555";"3584";"163";"4890";"35"
"2023";"01";"150143";"LIMA";"LIMA";"VILLA MARIA DEL TRIUNFO";"PRIVADO";"II-2";"00018580";"GUILLERMO KAELIN DE LA FUENTE";"250100";"UNIDAD DE CUIDADOS CRITICOS UNIDAD  DE CUIDADOS INTENSIVOS GENERALES (UCI) ";"32";"31";"238";"251";"14";"420";"7"
"2023";"01";"130907";"LA LIBERTAD";"SANCHEZ CARRION";"SARIN";"GOBIERNO REGIONAL";"I-2";"00011627";"CERPAQUINO";"NE_0001";"";"NE_0001";"NE_0001";"NE_0001";"NE_0001";"NE_0001";"NE_0001";"NE_0001"
"2023";"01";"130907";"LA LIBERTAD";"SANCHEZ CARRION";"SARIN";"GOBIERNO REGIONAL";"I-2";"00011624";"MUNMALCA";"NE_0001";"";"NE_0001";"NE_0001";"NE_0001";"NE_0001";"NE_0001";"NE_0001";"NE_0001"
"2023";"01";"130907";"LA LIBERTAD";"SANCHEZ CARRION";"SARIN";"GOBIERNO REGIONAL";"I-2";"00011628";"SHIRACORRAL";"NE_0001";"";"NE_0001";"NE_0001";"NE_0001";"NE_0001";"NE_0001";"NE_0001";"NE_0001"
"2023";"01";"130907";"LA LIBERTAD";"SANCHEZ CARRION";"SARIN";"GOBIERNO REGIONAL";"I-2";"00005362";"OROGOLDAY";"NE_0001";"";"NE_0001";"NE_0001";"NE_0001";"NE_0001";"NE_0001";"NE_0001";"NE_0001"
"2023";"01";"130504";"LA LIBERTAD";"JULCAN";"HUASO";"GOBIERNO REGIONAL";"I-2";"00006770";"CHINCHINVARA";"NE_0001";"";"NE_0001";"NE_0001";"NE_0001";"NE_0001";"NE_0001";"NE_0001";"NE_0001"
"2023";"01";"130504";"LA LIBERTAD";"JULCAN";"HUASO";"GOBIERNO REGIONAL";"I-4";"00005312";"HUASO";"NE_0001";"";"NE_0001";"NE_0001";"NE_0001";"NE_0001";"NE_0001";"NE_0001";"NE_0001"
"2023";"01";"130504";"LA LIBERTAD";"JULCAN";"HUASO";"GOBIERNO REGIONAL";"I-2";"00006772";"LA VEGA";"NE_0001";"";"NE_0001";"NE_0001";"NE_0001";"NE_0001";"NE_0001";"NE_0001";"NE_0001"
"2023";"01";"130504";"LA LIBERTAD";"JULCAN";"HUASO";"GOBIERNO REGIONAL";"I-1";"00016422";"LA UNION";"NE_0001";"";"NE_0001";"NE_0001";"NE_0001";"NE_0001";"NE_0001";"NE_0001";"NE_0001"
"2023";"01";"130504";"LA LIBERTAD";"JULCAN";"HUASO";"GOBIERNO REGIONAL";"I-2";"00005313";"PARASIVE";"NE_0002";"";"NE_0002";"NE_0002";"NE_0002";"NE_0002";"NE_0002";"NE_0002";"NE_0002"
"2023";"01";"130504";"LA LIBERTAD";"JULCAN";"HUASO";"GOBIERNO REGIONAL";"I-2";"00005335";"UNINGAMBAL";"NE_0001";"";"NE_0001";"NE_0001";"NE_0001";"NE_0001";"NE_0001";"NE_0001";"NE_0001"
"2023";"01";"130504";"LA LIBERTAD";"JULCAN";"HUASO";"GOBIERNO REGIONAL";"I-3";"00006771";"CANRAZ";"NE_0001";"";"NE_0001";"NE_0001";"NE_0001";"NE_0001";"NE_0001";"NE_0001";"NE_0001"
"2023";"01";"040101";"AREQUIPA";"AREQUIPA";"AREQUIPA";"ESSALUD";"III-1";"00013290";"HOSPITAL NACIONAL III-1 CARLOS ALBERTO SEGUÍN ESCOBEDO";"241900";"HOSPITALIZACIÓN DE MEDICINA MEDICINA INTERNA ";"381";"296";"4077";"4442";"153";"4743";"17"
"2023";"01";"040101";"AREQUIPA";"AREQUIPA";"AREQUIPA";"ESSALUD";"III-1";"00013290";"HOSPITAL NACIONAL III-1 CARLOS ALBERTO SEGUÍN ESCOBEDO";"240200";"HOSPITALIZACIÓN QUIRÚRGICA CIRUGÍA DE CABEZA Y CUELLO / MÁXILO FACIAL ";"44";"41";"176";"197";"7";"217";"0"
"2023";"01";"040101";"AREQUIPA";"AREQUIPA";"AREQUIPA";"ESSALUD";"III-1";"00013290";"HOSPITAL NACIONAL III-1 CARLOS ALBERTO SEGUÍN ESCOBEDO";"240400";"HOSPITALIZACIÓN QUIRÚRGICA CIRUGÍA DE TÓRAX Y CARDIOVASCULAR ";"30";"18";"244";"325";"12";"372";"0"
"2023";"01";"040101";"AREQUIPA";"AREQUIPA";"AREQUIPA";"ESSALUD";"III-1";"00013290";"HOSPITAL NACIONAL III-1 CARLOS ALBERTO SEGUÍN ESCOBEDO";"241000";"HOSPITALIZACIÓN QUIRÚRGICA ONCOLOGÍA QUIRÚRGICA  ";"16";"16";"211";"232";"9";"279";"1"
"2023";"01";"040101";"AREQUIPA";"AREQUIPA";"AREQUIPA";"ESSALUD";"III-1";"00013290";"HOSPITAL NACIONAL III-1 CARLOS ALBERTO SEGUÍN ESCOBEDO";"240800";"HOSPITALIZACIÓN QUIRÚRGICA CIRUGÍA PLÁSTICA/RECONSTRUCTIVA/ REPARADORA ";"26";"21";"219";"254";"10";"310";"0"
"2023";"01";"040101";"AREQUIPA";"AREQUIPA";"AREQUIPA";"ESSALUD";"III-1";"00013290";"HOSPITAL NACIONAL III-1 CARLOS ALBERTO SEGUÍN ESCOBEDO";"240900";"HOSPITALIZACIÓN QUIRÚRGICA NEUROCIRUGÍA ";"34";"27";"433";"389";"14";"434";"1"
"2023";"01";"040101";"AREQUIPA";"AREQUIPA";"AREQUIPA";"ESSALUD";"III-1";"00013290";"HOSPITAL NACIONAL III-1 CARLOS ALBERTO SEGUÍN ESCOBEDO";"240100";"HOSPITALIZACIÓN QUIRÚRGICA CIRUGÍA GENERAL ";"76";"70";"360";"342";"12";"372";"2"
"2023";"01";"040101";"AREQUIPA";"AREQUIPA";"AREQUIPA";"ESSALUD";"III-1";"00013290";"HOSPITAL NACIONAL III-1 CARLOS ALBERTO SEGUÍN ESCOBEDO";"241100";"HOSPITALIZACIÓN QUIRÚRGICA OTORRINOLARINGOLOGÍA  ";"27";"29";"117";"104";"5";"155";"0"
"2023";"01";"040101";"AREQUIPA";"AREQUIPA";"AREQUIPA";"ESSALUD";"III-1";"00013290";"HOSPITAL NACIONAL III-1 CARLOS ALBERTO SEGUÍN ESCOBEDO";"242202";"HOSPITALIZACIÓN DE MEDICINA PSIQUIATRÍA PSIQUIATRÍA DEL ADULTO Y GERONTE";"21";"20";"488";"671";"24";"744";"0"
"2023";"01";"040101";"AREQUIPA";"AREQUIPA";"AREQUIPA";"ESSALUD";"III-1";"00013290";"HOSPITAL NACIONAL III-1 CARLOS ALBERTO SEGUÍN ESCOBEDO";"241200";"HOSPITALIZACIÓN QUIRÚRGICA TRAUMATOLOGÍA Y ORTOPEDIA ";"96";"93";"670";"801";"26";"806";"3"
"2023";"01";"040101";"AREQUIPA";"AREQUIPA";"AREQUIPA";"ESSALUD";"III-1";"00013290";"HOSPITAL NACIONAL III-1 CARLOS ALBERTO SEGUÍN ESCOBEDO";"241300";"HOSPITALIZACIÓN QUIRÚRGICA UROLOGÍA  ";"48";"50";"239";"227";"10";"310";"0"
"2023";"01";"040101";"AREQUIPA";"AREQUIPA";"AREQUIPA";"ESSALUD";"III-1";"00013290";"HOSPITAL NACIONAL III-1 CARLOS ALBERTO SEGUÍN ESCOBEDO";"240100";"HOSPITALIZACIÓN QUIRÚRGICA CIRUGÍA GENERAL ";"126";"121";"907";"830";"29";"899";"1"
"2023";"01";"040101";"AREQUIPA";"AREQUIPA";"AREQUIPA";"ESSALUD";"III-1";"00013290";"HOSPITAL NACIONAL III-1 CARLOS ALBERTO SEGUÍN ESCOBEDO";"241500";"HOSPITALIZACIÓN QUIRÚRGICA GINECOLOGÍA  ";"43";"38";"116";"112";"4";"124";"0"
"2023";"01";"040101";"AREQUIPA";"AREQUIPA";"AREQUIPA";"ESSALUD";"III-1";"00013290";"HOSPITAL NACIONAL III-1 CARLOS ALBERTO SEGUÍN ESCOBEDO";"242300";"HOSPITALIZACIÓN DE PEDIATRÍA  PEDIATRÍA  GENERAL ";"14";"14";"356";"267";"10";"310";"1"
"2023";"01";"040101";"AREQUIPA";"AREQUIPA";"AREQUIPA";"ESSALUD";"III-1";"00013290";"HOSPITAL NACIONAL III-1 CARLOS ALBERTO SEGUÍN ESCOBEDO";"243200";"HOSPITALIZACIÓN DE PEDIATRÍA PEDIATRIA NEONATOLOGÍA";"65";"64";"695";"171";"9";"279";"0"
"2023";"01";"040101";"AREQUIPA";"AREQUIPA";"AREQUIPA";"ESSALUD";"III-1";"00013290";"HOSPITAL NACIONAL III-1 CARLOS ALBERTO SEGUÍN ESCOBEDO";"241600";"HOSPITALIZACIÓN QUIRÚRGICA OBSTETRICIA   ";"105";"99";"382";"383";"16";"496";"0"
"2023";"01";"040101";"AREQUIPA";"AREQUIPA";"AREQUIPA";"ESSALUD";"III-1";"00013290";"HOSPITAL NACIONAL III-1 CARLOS ALBERTO SEGUÍN ESCOBEDO";"241700";"HOSPITALIZACIÓN QUIRÚRGICA GINECOLOGÍA   GINECOLOGIA ONCOLOGiCA";"27";"27";"115";"113";"7";"217";"0"
"2023";"01";"040101";"AREQUIPA";"AREQUIPA";"AREQUIPA";"ESSALUD";"III-1";"00013290";"HOSPITAL NACIONAL III-1 CARLOS ALBERTO SEGUÍN ESCOBEDO";"242300";"HOSPITALIZACIÓN DE PEDIATRÍA  PEDIATRÍA  GENERAL ";"35";"28";"348";"328";"14";"434";"0"
"2023";"01";"040101";"AREQUIPA";"AREQUIPA";"AREQUIPA";"ESSALUD";"III-1";"00013290";"HOSPITAL NACIONAL III-1 CARLOS ALBERTO SEGUÍN ESCOBEDO";"250100";"UNIDAD DE CUIDADOS CRITICOS UNIDAD  DE CUIDADOS INTENSIVOS GENERALES (UCI) ";"105";"108";"1304";"1386";"50";"1550";"19"
"2023";"01";"040101";"AREQUIPA";"AREQUIPA";"AREQUIPA";"ESSALUD";"III-1";"00013290";"HOSPITAL NACIONAL III-1 CARLOS ALBERTO SEGUÍN ESCOBEDO";"250200";"UNIDAD DE CUIDADOS CRITICOS UNIDAD DE CUIDADOS INTERMEDIOS GENERAL  (UCIN) ";"56";"57";"357";"295";"11";"341";"1"
"2023";"01";"060101";"CAJAMARCA";"CAJAMARCA";"CAJAMARCA";"PRIVADO";"II-1";"00009599";"CLINICA SAN FRANCISCO DE ASIS S.A.";"241500";"HOSPITALIZACIÓN QUIRÚRGICA GINECOLOGÍA  ";"8";"7";"8";"8";"2";"62";"0"
"2023";"01";"060101";"CAJAMARCA";"CAJAMARCA";"CAJAMARCA";"PRIVADO";"II-1";"00009599";"CLINICA SAN FRANCISCO DE ASIS S.A.";"241900";"HOSPITALIZACIÓN DE MEDICINA MEDICINA INTERNA ";"1";"1";"1";"1";"2";"62";"0"
"2023";"01";"060101";"CAJAMARCA";"CAJAMARCA";"CAJAMARCA";"PRIVADO";"II-1";"00009599";"CLINICA SAN FRANCISCO DE ASIS S.A.";"244400";"HOSPITALIZACIÓN DE MEDICINA GERIATRIA ";"2";"2";"6";"2";"2";"62";"0"
"2023";"01";"211101";"PUNO";"SAN ROMAN";"JULIACA";"PRIVADO";"II-E";"00011978";"CLINICA MONTE SINAI JULIACA E.I.R.L.";"241800";"HOSPITALIZACIÓN DE MEDICINA MEDICINA GENERAL ";"5";"5";"25";"35";"5";"150";"0"
"2023";"01";"211101";"PUNO";"SAN ROMAN";"JULIACA";"PRIVADO";"II-E";"00011978";"CLINICA MONTE SINAI JULIACA E.I.R.L.";"240100";"HOSPITALIZACIÓN QUIRÚRGICA CIRUGÍA GENERAL ";"26";"24";"110";"15";"5";"92";"0"
"2023";"01";"211101";"PUNO";"SAN ROMAN";"JULIACA";"PRIVADO";"II-E";"00011978";"CLINICA MONTE SINAI JULIACA E.I.R.L.";"240900";"HOSPITALIZACIÓN QUIRÚRGICA NEUROCIRUGÍA ";"2";"1";"25";"15";"5";"92";"0"
"2023";"01";"211101";"PUNO";"SAN ROMAN";"JULIACA";"PRIVADO";"II-E";"00011978";"CLINICA MONTE SINAI JULIACA E.I.R.L.";"242900";"HOSPITALIZACIÓN DE PEDIATRÍA PEDIATRIA GASTROENTEROLOGÍA PEDIÁTRICA";"1";"1";"25";"15";"2";"92";"0"
"2023";"01";"080104";"CUSCO";"CUSCO";"SAN JERONIMO";"GOBIERNO REGIONAL";"0";"00030727";"PATRÓN SAN SEBASTIAN";"NE_0001";"";"NE_0001";"NE_0001";"NE_0001";"NE_0001";"NE_0001";"NE_0001";"NE_0001"
"2023";"01";"150204";"LIMA";"BARRANCA";"SUPE";"GOBIERNO REGIONAL";"II-1";"00007636";"HOSPITAL DE SUPE LAURA ESTHER RODRIGUEZ DULANTO";"240100";"HOSPITALIZACIÓN QUIRÚRGICA CIRUGÍA GENERAL ";"19";"22";"84";"80";"8";"248";"0"
"2023";"01";"150204";"LIMA";"BARRANCA";"SUPE";"GOBIERNO REGIONAL";"II-1";"00007636";"HOSPITAL DE SUPE LAURA ESTHER RODRIGUEZ DULANTO";"241400";"HOSPITALIZACIÓN QUIRÚRGICA GINECO - OBSTETRICIA ";"75";"78";"205";"183";"12";"372";"0"
"2023";"01";"150204";"LIMA";"BARRANCA";"SUPE";"GOBIERNO REGIONAL";"II-1";"00007636";"HOSPITAL DE SUPE LAURA ESTHER RODRIGUEZ DULANTO";"241800";"HOSPITALIZACIÓN DE MEDICINA MEDICINA GENERAL ";"12";"13";"105";"95";"10";"310";"0"
"2023";"01";"150204";"LIMA";"BARRANCA";"SUPE";"GOBIERNO REGIONAL";"II-1";"00007636";"HOSPITAL DE SUPE LAURA ESTHER RODRIGUEZ DULANTO";"242200";"HOSPITALIZACIÓN DE MEDICINA PSIQUIATRÍA ";"1";"3";"60";"76";"3";"93";"0"
"2023";"01";"150204";"LIMA";"BARRANCA";"SUPE";"GOBIERNO REGIONAL";"II-1";"00007636";"HOSPITAL DE SUPE LAURA ESTHER RODRIGUEZ DULANTO";"242500";"HOSPITALIZACIÓN-PEDIATRÍA GENERAL-";"33";"34";"84";"86";"10";"310";"0"
"2023";"01";"150204";"LIMA";"BARRANCA";"SUPE";"GOBIERNO REGIONAL";"II-1";"00007636";"HOSPITAL DE SUPE LAURA ESTHER RODRIGUEZ DULANTO";"243200";"HOSPITALIZACIÓN DE PEDIATRÍA PEDIATRIA NEONATOLOGÍA";"24";"24";"31";"19";"7";"217";"0"
"2023";"01";"250101";"UCAYALI";"CORONEL PORTILLO";"CALLERIA";"ESSALUD";"II-2";"00009600";"HOSPITAL II PUCALLPA- ESSALUD";"241800";"HOSPITALIZACIÓN DE MEDICINA MEDICINA GENERAL ";"114";"110";"1414";"1029";"50";"1550";"4"
"2023";"01";"120905";"JUNIN";"CHUPACA";"HUAMANCACA CHICO";"GOBIERNO REGIONAL";"I-2";"00000655";"HUAMANCACA CHICO";"NE_0001";"";"NE_0001";"NE_0001";"NE_0001";"NE_0001";"NE_0001";"NE_0001";"NE_0001"
"2023";"01";"150810";"LIMA";"HUAURA";"SANTA MARIA";"SANIDAD DE LA POLICIA NACIONAL DEL PERU";"I-2";"00010834";"POSTA MEDICA POLICIAL HUACHO";"NE_0001";"";"NE_0001";"NE_0001";"NE_0001";"NE_0001";"NE_0001";"NE_0001";"NE_0001"
"2023";"01";"220901";"SAN MARTIN";"SAN MARTIN";"TARAPOTO";"SANIDAD DE LA POLICIA NACIONAL DEL PERU";"I-3";"00020827";"POLICLINICO  PNP TARAPOTO";"NE_0001";"";"NE_0001";"NE_0001";"NE_0001";"NE_0001";"NE_0001";"NE_0001";"NE_0001"
"2023";"01";"130111";"LA LIBERTAD";"TRUJILLO";"VICTOR LARCO HERRERA";"PRIVADO";"II-1";"00010581";"SANNA/SANCHEZ FERRER S.A.";"241900";"HOSPITALIZACIÓN DE MEDICINA MEDICINA INTERNA ";"50";"51";"239";"188";"8";"239";"2"
"2023";"01";"130111";"LA LIBERTAD";"TRUJILLO";"VICTOR LARCO HERRERA";"PRIVADO";"II-1";"00010581";"SANNA/SANCHEZ FERRER S.A.";"241400";"HOSPITALIZACIÓN QUIRÚRGICA GINECO - OBSTETRICIA ";"69";"67";"211";"144";"7";"211";"0"
"2023";"01";"130111";"LA LIBERTAD";"TRUJILLO";"VICTOR LARCO HERRERA";"PRIVADO";"II-1";"00010581";"SANNA/SANCHEZ FERRER S.A.";"242300";"HOSPITALIZACIÓN DE PEDIATRÍA  PEDIATRÍA  GENERAL ";"26";"26";"95";"69";"4";"95";"0"
"2023";"01";"080601";"CUSCO";"CANCHIS";"SICUANI";"SANIDAD DE LA POLICIA NACIONAL DEL PERU";"I-2";"00024663";"SANIDAD PNP  SICUANI";"NE_0001";"";"NE_0001";"NE_0001";"NE_0001";"NE_0001";"NE_0001";"NE_0001";"NE_0001"
"2023";"01";"130111";"LA LIBERTAD";"TRUJILLO";"VICTOR LARCO HERRERA";"PRIVADO";"II-1";"00010581";"SANNA/SANCHEZ FERRER S.A.";"240100";"HOSPITALIZACIÓN QUIRÚRGICA CIRUGÍA GENERAL ";"83";"75";"161";"86";"6";"161";"0"
"2023";"01";"130111";"LA LIBERTAD";"TRUJILLO";"VICTOR LARCO HERRERA";"PRIVADO";"II-1";"00010581";"SANNA/SANCHEZ FERRER S.A.";"241200";"HOSPITALIZACIÓN QUIRÚRGICA TRAUMATOLOGÍA Y ORTOPEDIA ";"58";"56";"155";"99";"5";"155";"0"
"2023";"01";"130111";"LA LIBERTAD";"TRUJILLO";"VICTOR LARCO HERRERA";"PRIVADO";"II-1";"00010581";"SANNA/SANCHEZ FERRER S.A.";"240900";"HOSPITALIZACIÓN QUIRÚRGICA NEUROCIRUGÍA ";"12";"9";"31";"22";"1";"31";"0"
"2023";"01";"130111";"LA LIBERTAD";"TRUJILLO";"VICTOR LARCO HERRERA";"PRIVADO";"II-1";"00010581";"SANNA/SANCHEZ FERRER S.A.";"244300";"HOSPITALIZACIÓN DE MEDICINA GASTROENTEROLOGÍA  ";"5";"4";"17";"13";"1";"17";"0"
"2023";"01";"130111";"LA LIBERTAD";"TRUJILLO";"VICTOR LARCO HERRERA";"PRIVADO";"II-1";"00010581";"SANNA/SANCHEZ FERRER S.A.";"241300";"HOSPITALIZACIÓN QUIRÚRGICA UROLOGÍA  ";"20";"23";"106";"83";"4";"106";"0"
"2023";"01";"130111";"LA LIBERTAD";"TRUJILLO";"VICTOR LARCO HERRERA";"PRIVADO";"II-1";"00010581";"SANNA/SANCHEZ FERRER S.A.";"244700";"HOSPITALIZACIÓN DE MEDICINA NEUROLOGIA  ";"7";"3";"12";"9";"1";"12";"0"
"2023";"01";"110301";"ICA";"NAZCA";"NAZCA";"SANIDAD DE LA POLICIA NACIONAL DEL PERU";"I-2";"00011399";"UNIDAD EJECUTORA 020:SANIDAD DE LA PNP";"NE_0001";"";"NE_0001";"NE_0001";"NE_0001";"NE_0001";"NE_0001";"NE_0001";"NE_0001"
"2023";"01";"040704";"AREQUIPA";"ISLAY";"ISLAY";"ESSALUD";"I-2";"00012192";"POSTA MEDICA MATARANI";"NE_0002";"";"NE_0002";"NE_0002";"NE_0002";"NE_0002";"NE_0002";"NE_0002";"NE_0002"
"2023";"01";"010201";"AMAZONAS";"BAGUA";"BAGUA";"SANIDAD DE LA POLICIA NACIONAL DEL PERU";"I-2";"00012954";"POSTA MEDICA  POLICIAL  BAGUA";"NE_0001";"";"NE_0001";"NE_0001";"NE_0001";"NE_0001";"NE_0001";"NE_0001";"NE_0001"
"2023";"01";"140101";"LAMBAYEQUE";"CHICLAYO";"CHICLAYO";"PRIVADO";"II-E";"00025061";"HOSPITAL DE CLINICAS LAMBAYEQUE SAC";"241200";"HOSPITALIZACIÓN QUIRÚRGICA TRAUMATOLOGÍA Y ORTOPEDIA ";"100";"96";"260";"320";"30";"1109";"0"
"2023";"01";"040201";"AREQUIPA";"CAMANA";"CAMANA";"SANIDAD DE LA POLICIA NACIONAL DEL PERU";"I-2";"00011661";"POSTA MEDICA POLICIAL CAMANA";"NE_0001";"";"NE_0001";"NE_0001";"NE_0001";"NE_0001";"NE_0001";"NE_0001";"NE_0001"
"2023";"01";"120604";"JUNIN";"SATIPO";"MAZAMARI";"SANIDAD DE LA POLICIA NACIONAL DEL PERU";"I-2";"00012454";"POSTA MEDICA POLICIAL LOS SINCHIS";"NE_0001";"";"NE_0001";"NE_0001";"NE_0001";"NE_0001";"NE_0001";"NE_0001";"NE_0001"
"2023";"01";"220501";"SAN MARTIN";"LAMAS";"LAMAS";"GOBIERNO REGIONAL";"II-E";"00006352";"HOSPITAL II-E LAMAS";"241600";"HOSPITALIZACIÓN QUIRÚRGICA OBSTETRICIA   ";"17";"17";"20";"20";"6";"186";"0"
"2023";"01";"220501";"SAN MARTIN";"LAMAS";"LAMAS";"GOBIERNO REGIONAL";"II-E";"00006352";"HOSPITAL II-E LAMAS";"241800";"HOSPITALIZACIÓN DE MEDICINA MEDICINA GENERAL ";"41";"45";"137";"137";"14";"434";"0"
"2023";"01";"010101";"AMAZONAS";"CHACHAPOYAS";"CHACHAPOYAS";"GOBIERNO REGIONAL";"II-2";"00004838";"HOSPITAL REGIONAL VIRGEN DE FATIMA";"240100";"HOSPITALIZACIÓN QUIRÚRGICA CIRUGÍA GENERAL ";"89";"94";"384";"434";"25";"775";"0"
"2023";"01";"010101";"AMAZONAS";"CHACHAPOYAS";"CHACHAPOYAS";"GOBIERNO REGIONAL";"II-2";"00004838";"HOSPITAL REGIONAL VIRGEN DE FATIMA";"241200";"HOSPITALIZACIÓN QUIRÚRGICA TRAUMATOLOGÍA Y ORTOPEDIA ";"28";"31";"192";"197";"12";"372";"0"
"2023";"01";"010101";"AMAZONAS";"CHACHAPOYAS";"CHACHAPOYAS";"GOBIERNO REGIONAL";"II-2";"00004838";"HOSPITAL REGIONAL VIRGEN DE FATIMA";"241500";"HOSPITALIZACIÓN QUIRÚRGICA GINECOLOGÍA  ";"23";"24";"70";"88";"6";"186";"0"
"2023";"01";"010101";"AMAZONAS";"CHACHAPOYAS";"CHACHAPOYAS";"GOBIERNO REGIONAL";"II-2";"00004838";"HOSPITAL REGIONAL VIRGEN DE FATIMA";"241600";"HOSPITALIZACIÓN QUIRÚRGICA OBSTETRICIA   ";"126";"128";"200";"326";"31";"961";"0"
"2023";"01";"010101";"AMAZONAS";"CHACHAPOYAS";"CHACHAPOYAS";"GOBIERNO REGIONAL";"II-2";"00004838";"HOSPITAL REGIONAL VIRGEN DE FATIMA";"241900";"HOSPITALIZACIÓN DE MEDICINA MEDICINA INTERNA ";"59";"74";"594";"594";"23";"713";"10"
"2023";"01";"010101";"AMAZONAS";"CHACHAPOYAS";"CHACHAPOYAS";"GOBIERNO REGIONAL";"II-2";"00004838";"HOSPITAL REGIONAL VIRGEN DE FATIMA";"242500";"HOSPITALIZACIÓN-PEDIATRÍA GENERAL-";"24";"29";"123";"130";"14";"434";"0"
"2023";"01";"010101";"AMAZONAS";"CHACHAPOYAS";"CHACHAPOYAS";"GOBIERNO REGIONAL";"II-2";"00004838";"HOSPITAL REGIONAL VIRGEN DE FATIMA";"243200";"HOSPITALIZACIÓN DE PEDIATRÍA PEDIATRIA NEONATOLOGÍA";"94";"100";"290";"343";"15";"465";"0"
"2023";"01";"010101";"AMAZONAS";"CHACHAPOYAS";"CHACHAPOYAS";"GOBIERNO REGIONAL";"II-2";"00004838";"HOSPITAL REGIONAL VIRGEN DE FATIMA";"250103";"UNIDAD DE CUIDADOS CRITICOS UNIDAD  DE CUIDADOS INTENSIVOS GENERALES  (UCI) MEDICINA";"15";"17";"75";"86";"13";"186";"5"
"2023";"01";"010101";"AMAZONAS";"CHACHAPOYAS";"CHACHAPOYAS";"GOBIERNO REGIONAL";"II-2";"00004838";"HOSPITAL REGIONAL VIRGEN DE FATIMA";"250105";"UNIDAD DE CUIDADOS CRITICOS UNIDAD  DE CUIDADOS INTENSIVOS  (UCI) NEONATOLOGÍA";"5";"6";"70";"89";"6";"186";"0"
"2023";"01";"120101";"JUNIN";"HUANCAYO";"HUANCAYO";"PRIVADO";"II-2";"00008858";"CLINICA ORTEGA";"240100";"HOSPITALIZACIÓN QUIRÚRGICA CIRUGÍA GENERAL ";"65";"65";"226";"226";"10";"310";"0"
"2023";"01";"120101";"JUNIN";"HUANCAYO";"HUANCAYO";"PRIVADO";"II-2";"00008858";"CLINICA ORTEGA";"240700";"HOSPITALIZACIÓN QUIRÚRGICA CIRUGÍA PEDIÁTRICA ";"4";"4";"14";"14";"3";"93";"0"
"2023";"01";"120101";"JUNIN";"HUANCAYO";"HUANCAYO";"PRIVADO";"II-2";"00008858";"CLINICA ORTEGA";"240900";"HOSPITALIZACIÓN QUIRÚRGICA NEUROCIRUGÍA ";"13";"13";"54";"54";"4";"124";"0"
"2023";"01";"120101";"JUNIN";"HUANCAYO";"HUANCAYO";"PRIVADO";"II-2";"00008858";"CLINICA ORTEGA";"241000";"HOSPITALIZACIÓN QUIRÚRGICA ONCOLOGÍA QUIRÚRGICA  ";"5";"5";"22";"22";"3";"93";"0"
"2023";"01";"120101";"JUNIN";"HUANCAYO";"HUANCAYO";"PRIVADO";"II-2";"00008858";"CLINICA ORTEGA";"241100";"HOSPITALIZACIÓN QUIRÚRGICA OTORRINOLARINGOLOGÍA  ";"6";"6";"11";"11";"3";"93";"0"
"2023";"01";"120101";"JUNIN";"HUANCAYO";"HUANCAYO";"PRIVADO";"II-2";"00008858";"CLINICA ORTEGA";"241200";"HOSPITALIZACIÓN QUIRÚRGICA TRAUMATOLOGÍA Y ORTOPEDIA ";"74";"74";"228";"228";"10";"310";"0"
"2023";"01";"120101";"JUNIN";"HUANCAYO";"HUANCAYO";"PRIVADO";"II-2";"00008858";"CLINICA ORTEGA";"241300";"HOSPITALIZACIÓN QUIRÚRGICA UROLOGÍA  ";"24";"24";"68";"68";"5";"155";"0"
"2023";"01";"120101";"JUNIN";"HUANCAYO";"HUANCAYO";"PRIVADO";"II-2";"00008858";"CLINICA ORTEGA";"241400";"HOSPITALIZACIÓN QUIRÚRGICA GINECO - OBSTETRICIA ";"31";"31";"90";"90";"5";"155";"0"
"2023";"01";"120101";"JUNIN";"HUANCAYO";"HUANCAYO";"PRIVADO";"II-2";"00008858";"CLINICA ORTEGA";"241800";"HOSPITALIZACIÓN DE MEDICINA MEDICINA GENERAL ";"5";"5";"23";"23";"3";"93";"0"
"2023";"01";"120101";"JUNIN";"HUANCAYO";"HUANCAYO";"PRIVADO";"II-2";"00008858";"CLINICA ORTEGA";"241900";"HOSPITALIZACIÓN DE MEDICINA MEDICINA INTERNA ";"28";"28";"122";"122";"6";"186";"0"
"2023";"01";"120401";"JUNIN";"JAUJA";"JAUJA";"SANIDAD DE LA POLICIA NACIONAL DEL PERU";"I-2";"00011874";"POSTA MEDICA POLICIAL JAUJA";"NE_0001";"";"NE_0001";"NE_0001";"NE_0001";"NE_0001";"NE_0001";"NE_0001";"NE_0001"
"2023";"01";"010701";"AMAZONAS";"UTCUBAMBA";"BAGUA GRANDE";"SANIDAD DE LA POLICIA NACIONAL DEL PERU";"I-3";"00018106";"POLICLINICO POLICIAL BAGUA GRANDE";"NE_0001";"";"NE_0001";"NE_0001";"NE_0001";"NE_0001";"NE_0001";"NE_0001";"NE_0001"
"2023";"01";"020601";"ANCASH";"CARHUAZ";"CARHUAZ";"GOBIERNO REGIONAL";"II-1";"00001516";"HOSPITAL DE APOYO CARHUAZ";"240100";"HOSPITALIZACIÓN QUIRÚRGICA CIRUGÍA GENERAL ";"2";"2";"3";"9";"2";"62";"0"
"2023";"01";"020601";"ANCASH";"CARHUAZ";"CARHUAZ";"GOBIERNO REGIONAL";"II-1";"00001516";"HOSPITAL DE APOYO CARHUAZ";"241500";"HOSPITALIZACIÓN QUIRÚRGICA GINECOLOGÍA  ";"23";"24";"47";"41";"3";"93";"0"
"2023";"01";"020601";"ANCASH";"CARHUAZ";"CARHUAZ";"GOBIERNO REGIONAL";"II-1";"00001516";"HOSPITAL DE APOYO CARHUAZ";"241600";"HOSPITALIZACIÓN QUIRÚRGICA OBSTETRICIA   ";"41";"43";"63";"62";"4";"124";"0"
"2023";"01";"020601";"ANCASH";"CARHUAZ";"CARHUAZ";"GOBIERNO REGIONAL";"II-1";"00001516";"HOSPITAL DE APOYO CARHUAZ";"241800";"HOSPITALIZACIÓN DE MEDICINA MEDICINA GENERAL ";"8";"10";"41";"35";"3";"93";"1"
"2023";"01";"020601";"ANCASH";"CARHUAZ";"CARHUAZ";"GOBIERNO REGIONAL";"II-1";"00001516";"HOSPITAL DE APOYO CARHUAZ";"242500";"HOSPITALIZACIÓN-PEDIATRÍA GENERAL-";"2";"3";"11";"6";"5";"155";"0"
"2023";"01";"080901";"CUSCO";"LA CONVENCION";"SANTA ANA";"SANIDAD DE LA POLICIA NACIONAL DEL PERU";"I-2";"00011744";"POSTA MEDICO POLICIAL LA CONVENCION - QUILLABAMBA";"NE_0001";"";"NE_0001";"NE_0001";"NE_0001";"NE_0001";"NE_0001";"NE_0001";"NE_0001"
"2023";"01";"150108";"LIMA";"LIMA";"CHORRILLOS";"SANIDAD DE LA POLICIA NACIONAL DEL PERU";"I-3";"00020382";"POLICLINICO POLICIAL CHORRILLOS";"NE_0001";"";"NE_0001";"NE_0001";"NE_0001";"NE_0001";"NE_0001";"NE_0001";"NE_0001"
"2023";"01";"150108";"LIMA";"LIMA";"CHORRILLOS";"PRIVADO";"II-E";"00012220";"CLINICA REAL LOS LAURELES";"NE_0002";"";"NE_0002";"NE_0002";"NE_0002";"NE_0002";"NE_0002";"NE_0002";"NE_0002"
"2023";"01";"060801";"CAJAMARCA";"JAEN";"JAEN";"GOBIERNO REGIONAL";"I-2";"00010007";"GRANADILLAS";"NE_0001";"";"NE_0001";"NE_0001";"NE_0001";"NE_0001";"NE_0001";"NE_0001";"NE_0001"
"2023";"01";"060801";"CAJAMARCA";"JAEN";"JAEN";"GOBIERNO REGIONAL";"I-1";"00004218";"VISTA ALEGRE  DE ZONANGA";"NE_0001";"";"NE_0001";"NE_0001";"NE_0001";"NE_0001";"NE_0001";"NE_0001";"NE_0001"
"2023";"01";"060801";"CAJAMARCA";"JAEN";"JAEN";"GOBIERNO REGIONAL";"I-1";"00004217";"TABACAL";"NE_0001";"";"NE_0001";"NE_0001";"NE_0001";"NE_0001";"NE_0001";"NE_0001";"NE_0001"
"2023";"01";"060801";"CAJAMARCA";"JAEN";"JAEN";"GOBIERNO REGIONAL";"I-3";"00004219";"CHAMBAMONTERA";"NE_0001";"";"NE_0001";"NE_0001";"NE_0001";"NE_0001";"NE_0001";"NE_0001";"NE_0001"
"2023";"01";"080910";"CUSCO";"LA CONVENCION";"PICHARI";"SANIDAD DE LA POLICIA NACIONAL DEL PERU";"I-2";"00027230";"MEDICA POLICIAL PICHARI";"NE_0001";"";"NE_0001";"NE_0001";"NE_0001";"NE_0001";"NE_0001";"NE_0001";"NE_0001"
"2023";"01";"150101";"LIMA";"LIMA";"LIMA";"SANIDAD DE LA POLICIA NACIONAL DEL PERU";"I-3";"00017391";"POLICLINICO COIP";"NE_0001";"";"NE_0001";"NE_0001";"NE_0001";"NE_0001";"NE_0001";"NE_0001";"NE_0001"
"2023";"01";"190113";"PASCO";"PASCO";"YANACANCHA";"SANIDAD DE LA POLICIA NACIONAL DEL PERU";"I-2";"00011773";"POSTA MEDICA PNP CERRO DE PASCO";"NE_0001";"";"NE_0001";"NE_0001";"NE_0001";"NE_0001";"NE_0001";"NE_0001";"NE_0001"
"2023";"01";"211101";"PUNO";"SAN ROMAN";"JULIACA";"SANIDAD DE LA POLICIA NACIONAL DEL PERU";"I-2";"00010236";"POSTA MEDICA DE SALUD PNP - JULIACA";"NE_0001";"";"NE_0001";"NE_0001";"NE_0001";"NE_0001";"NE_0001";"NE_0001";"NE_0001"
"2023";"01";"050115";"AYACUCHO";"HUAMANGA";"JESUS NAZARENO";"PRIVADO";"I-3";"00028119";"EL GALENO";"NE_0001";"";"NE_0001";"NE_0001";"NE_0001";"NE_0001";"NE_0001";"NE_0001";"NE_0001"
"2023";"01";"050501";"AYACUCHO";"LA MAR";"SAN MIGUEL";"GOBIERNO REGIONAL";"II-E";"00003792";"HOSPITAL DE APOYO  SAN MIGUEL";"240100";"HOSPITALIZACIÓN QUIRÚRGICA CIRUGÍA GENERAL ";"9";"9";"21";"5";"5";"150";"1"
"2023";"01";"050501";"AYACUCHO";"LA MAR";"SAN MIGUEL";"GOBIERNO REGIONAL";"II-E";"00003792";"HOSPITAL DE APOYO  SAN MIGUEL";"241500";"HOSPITALIZACIÓN QUIRÚRGICA GINECOLOGÍA  ";"7";"7";"18";"3";"5";"150";"0"
"2023";"01";"050501";"AYACUCHO";"LA MAR";"SAN MIGUEL";"GOBIERNO REGIONAL";"II-E";"00003792";"HOSPITAL DE APOYO  SAN MIGUEL";"241600";"HOSPITALIZACIÓN QUIRÚRGICA OBSTETRICIA   ";"23";"23";"45";"8";"5";"150";"0"
"2023";"01";"050501";"AYACUCHO";"LA MAR";"SAN MIGUEL";"GOBIERNO REGIONAL";"II-E";"00003792";"HOSPITAL DE APOYO  SAN MIGUEL";"241800";"HOSPITALIZACIÓN DE MEDICINA MEDICINA GENERAL ";"8";"11";"60";"9";"5";"150";"1"
"2023";"01";"050501";"AYACUCHO";"LA MAR";"SAN MIGUEL";"GOBIERNO REGIONAL";"II-E";"00003792";"HOSPITAL DE APOYO  SAN MIGUEL";"242500";"HOSPITALIZACIÓN-PEDIATRÍA GENERAL-";"1";"1";"1";"1";"5";"150";"0"
"2023";"01";"120906";"JUNIN";"CHUPACA";"SAN JUAN DE YSCOS";"GOBIERNO REGIONAL";"I-2";"00000656";"SAN JUAN DE ISCOS";"NE_0001";"";"NE_0001";"NE_0001";"NE_0001";"NE_0001";"NE_0001";"NE_0001";"NE_0001"
"2023";"01";"120908";"JUNIN";"CHUPACA";"TRES DE DICIEMBRE";"GOBIERNO REGIONAL";"I-2";"00000660";"TRES DE DICIEMBRE";"NE_0001";"";"NE_0001";"NE_0001";"NE_0001";"NE_0001";"NE_0001";"NE_0001";"NE_0001"
"2023";"01";"120902";"JUNIN";"CHUPACA";"AHUAC";"GOBIERNO REGIONAL";"I-2";"00000647";"AHUAC";"NE_0001";"";"NE_0001";"NE_0001";"NE_0001";"NE_0001";"NE_0001";"NE_0001";"NE_0001"
"2023";"01";"120903";"JUNIN";"CHUPACA";"CHONGOS BAJO";"GOBIERNO REGIONAL";"I-1";"00000650";"PUMPUNYA";"NE_0001";"";"NE_0001";"NE_0001";"NE_0001";"NE_0001";"NE_0001";"NE_0001";"NE_0001"
"2023";"01";"120901";"JUNIN";"CHUPACA";"CHUPACA";"GOBIERNO REGIONAL";"I-4";"00000646";"PEDRO SANCHEZ MEZA";"NE_0001";"";"NE_0001";"NE_0001";"NE_0001";"NE_0001";"NE_0001";"NE_0001";"NE_0001"
"2023";"01";"120101";"JUNIN";"HUANCAYO";"HUANCAYO";"PRIVADO";"II-2";"00008858";"CLINICA ORTEGA";"242100";"HOSPITALIZACIÓN DE MEDICINA ONCOLOGÍA MÉDICA ";"2";"2";"8";"8";"3";"93";"0"
"2023";"01";"120101";"JUNIN";"HUANCAYO";"HUANCAYO";"PRIVADO";"II-2";"00008858";"CLINICA ORTEGA";"242300";"HOSPITALIZACIÓN DE PEDIATRÍA  PEDIATRÍA  GENERAL ";"1";"1";"6";"6";"3";"93";"0"
"2023";"01";"120101";"JUNIN";"HUANCAYO";"HUANCAYO";"PRIVADO";"II-2";"00008858";"CLINICA ORTEGA";"250100";"UNIDAD DE CUIDADOS CRITICOS UNIDAD  DE CUIDADOS INTENSIVOS GENERALES (UCI) ";"1";"1";"7";"7";"3";"93";"1"
"2023";"01";"220101";"SAN MARTIN";"MOYOBAMBA";"MOYOBAMBA";"GOBIERNO REGIONAL";"I-2";"00006291";"ATUMPLAYA";"NE_0001";"";"NE_0001";"NE_0001";"NE_0001";"NE_0001";"NE_0001";"NE_0001";"NE_0001"
"2023";"01";"220807";"SAN MARTIN";"RIOJA";"SAN FERNANDO";"GOBIERNO REGIONAL";"I-3";"00006290";"SAN FERNANDO";"NE_0002";"";"NE_0002";"NE_0002";"NE_0002";"NE_0002";"NE_0002";"NE_0002";"NE_0002"
"2023";"01";"220807";"SAN MARTIN";"RIOJA";"SAN FERNANDO";"GOBIERNO REGIONAL";"I-1";"00006294";"PERLA MAYO";"NE_0001";"";"NE_0001";"NE_0001";"NE_0001";"NE_0001";"NE_0001";"NE_0001";"NE_0001"
"2023";"01";"110101";"ICA";"ICA";"ICA";"PRIVADO";"I-3";"00019056";"EL GALENO DE ICA";"NE_0001";"";"NE_0001";"NE_0001";"NE_0001";"NE_0001";"NE_0001";"NE_0001";"NE_0001"
"2023";"01";"110207";"ICA";"CHINCHA";"PUEBLO NUEVO";"SANIDAD DE LA POLICIA NACIONAL DEL PERU";"I-3";"00011398";"POLICLINICO POLICIAL CHINCHA";"NE_0001";"";"NE_0001";"NE_0001";"NE_0001";"NE_0001";"NE_0001";"NE_0001";"NE_0001"
"2023";"01";"200701";"PIURA";"TALARA";"PARIÑAS";"PRIVADO";"I-3";"00012085";"CENTRO MEDICO SAN PABLO-TALARA EIRL";"NE_0001";"";"NE_0001";"NE_0001";"NE_0001";"NE_0001";"NE_0001";"NE_0001";"NE_0001"
"2023";"01";"110305";"ICA";"NAZCA";"VISTA ALEGRE";"ESSALUD";"I-3";"00010429";"NASCA";"NE_0001";"";"NE_0001";"NE_0001";"NE_0001";"NE_0001";"NE_0001";"NE_0001";"NE_0001"
"2023";"01";"090208";"HUANCAVELICA";"ACOBAMBA";"ROSARIO";"GOBIERNO REGIONAL";"I-2";"00003942";"PUESTO DE SALUD CHANQUIL";"NE_0001";"";"NE_0001";"NE_0001";"NE_0001";"NE_0001";"NE_0001";"NE_0001";"NE_0001"
"2023";"01";"120902";"JUNIN";"CHUPACA";"AHUAC";"GOBIERNO REGIONAL";"I-1";"00000648";"HUARISCA";"NE_0001";"";"NE_0001";"NE_0001";"NE_0001";"NE_0001";"NE_0001";"NE_0001";"NE_0001"
"2023";"01";"120903";"JUNIN";"CHUPACA";"CHONGOS BAJO";"GOBIERNO REGIONAL";"I-3";"00000649";"CHONGOS BAJO";"NE_0001";"";"NE_0001";"NE_0001";"NE_0001";"NE_0001";"NE_0001";"NE_0001";"NE_0001"
"2023";"01";"120906";"JUNIN";"CHUPACA";"SAN JUAN DE YSCOS";"GOBIERNO REGIONAL";"I-1";"00000657";"TINYARI CHICO";"NE_0001";"";"NE_0001";"NE_0001";"NE_0001";"NE_0001";"NE_0001";"NE_0001";"NE_0001"
"2023";"01";"210101";"PUNO";"PUNO";"PUNO";"PRIVADO";"II-E";"00009683";"CLINICA PROSALUD";"240000";"HOSPITALIZACIÓN";"22";"22";"63";"63";"5";"155";"0"
"2023";"01";"060607";"CAJAMARCA";"CUTERVO";"QUEROCOTILLO";"GOBIERNO REGIONAL";"I-3";"00004968";"SILLANGATE";"NE_0001";"";"NE_0001";"NE_0001";"NE_0001";"NE_0001";"NE_0001";"NE_0001";"NE_0001"
"2023";"01";"060607";"CAJAMARCA";"CUTERVO";"QUEROCOTILLO";"GOBIERNO REGIONAL";"I-1";"00005011";"PARIC";"NE_0001";"";"NE_0001";"NE_0001";"NE_0001";"NE_0001";"NE_0001";"NE_0001";"NE_0001"
"2023";"01";"060607";"CAJAMARCA";"CUTERVO";"QUEROCOTILLO";"GOBIERNO REGIONAL";"I-1";"00006943";"BALCONCILLO";"NE_0001";"";"NE_0001";"NE_0001";"NE_0001";"NE_0001";"NE_0001";"NE_0001";"NE_0001"
"2023";"01";"060607";"CAJAMARCA";"CUTERVO";"QUEROCOTILLO";"GOBIERNO REGIONAL";"I-2";"00005007";"SANTA ROSA DE QUEROCOTILLO";"NE_0001";"";"NE_0001";"NE_0001";"NE_0001";"NE_0001";"NE_0001";"NE_0001";"NE_0001"
"2023";"01";"060607";"CAJAMARCA";"CUTERVO";"QUEROCOTILLO";"GOBIERNO REGIONAL";"I-1";"00006869";"LAS DELICIAS";"NE_0001";"";"NE_0001";"NE_0001";"NE_0001";"NE_0001";"NE_0001";"NE_0001";"NE_0001"
"2023";"01";"060607";"CAJAMARCA";"CUTERVO";"QUEROCOTILLO";"GOBIERNO REGIONAL";"I-1";"00007753";"BARBASCO";"NE_0001";"";"NE_0001";"NE_0001";"NE_0001";"NE_0001";"NE_0001";"NE_0001";"NE_0001"
"2023";"01";"060607";"CAJAMARCA";"CUTERVO";"QUEROCOTILLO";"GOBIERNO REGIONAL";"I-3";"00005006";"QUEROCOTILLO";"NE_0001";"";"NE_0001";"NE_0001";"NE_0001";"NE_0001";"NE_0001";"NE_0001";"NE_0001"
"2023";"01";"060607";"CAJAMARCA";"CUTERVO";"QUEROCOTILLO";"GOBIERNO REGIONAL";"I-2";"00005010";"INGUER";"NE_0001";"";"NE_0001";"NE_0001";"NE_0001";"NE_0001";"NE_0001";"NE_0001";"NE_0001"
"2023";"01";"060607";"CAJAMARCA";"CUTERVO";"QUEROCOTILLO";"GOBIERNO REGIONAL";"I-1";"00006942";"LA SUCCHA ALTA";"NE_0001";"";"NE_0001";"NE_0001";"NE_0001";"NE_0001";"NE_0001";"NE_0001";"NE_0001"
"2023";"01";"060607";"CAJAMARCA";"CUTERVO";"QUEROCOTILLO";"GOBIERNO REGIONAL";"I-1";"00007099";"AGUA BLANCA";"NE_0001";"";"NE_0001";"NE_0001";"NE_0001";"NE_0001";"NE_0001";"NE_0001";"NE_0001"
"2023";"01";"060607";"CAJAMARCA";"CUTERVO";"QUEROCOTILLO";"GOBIERNO REGIONAL";"I-1";"00007365";"MINAS DE QUEROCOTILLO";"NE_0001";"";"NE_0001";"NE_0001";"NE_0001";"NE_0001";"NE_0001";"NE_0001";"NE_0001"
"2023";"01";"060607";"CAJAMARCA";"CUTERVO";"QUEROCOTILLO";"GOBIERNO REGIONAL";"I-1";"00007366";"EL CORRAL";"NE_0001";"";"NE_0001";"NE_0001";"NE_0001";"NE_0001";"NE_0001";"NE_0001";"NE_0001"
"2023";"01";"090208";"HUANCAVELICA";"ACOBAMBA";"ROSARIO";"GOBIERNO REGIONAL";"I-1";"00007418";"PUESTO DE SALUD DE LECCLESPAMPA";"NE_0001";"";"NE_0001";"NE_0001";"NE_0001";"NE_0001";"NE_0001";"NE_0001";"NE_0001"
"2023";"01";"090208";"HUANCAVELICA";"ACOBAMBA";"ROSARIO";"GOBIERNO REGIONAL";"I-1";"00009693";"PUESTO DE SALUD DE PUNCHAYPAMPA";"NE_0001";"";"NE_0001";"NE_0001";"NE_0001";"NE_0001";"NE_0001";"NE_0001";"NE_0001"
"2023";"01";"090208";"HUANCAVELICA";"ACOBAMBA";"ROSARIO";"GOBIERNO REGIONAL";"I-1";"00009706";"PUESTO DE SALUD TORORUMI";"NE_0001";"";"NE_0001";"NE_0001";"NE_0001";"NE_0001";"NE_0001";"NE_0001";"NE_0001"
"2023";"01";"090208";"HUANCAVELICA";"ACOBAMBA";"ROSARIO";"GOBIERNO REGIONAL";"I-1";"00011231";"PUESTO DE SALUD  SANTA ROSA DE ACCOMACHAY";"NE_0001";"";"NE_0001";"NE_0001";"NE_0001";"NE_0001";"NE_0001";"NE_0001";"NE_0001"
"2023";"01";"090208";"HUANCAVELICA";"ACOBAMBA";"ROSARIO";"GOBIERNO REGIONAL";"I-1";"00009503";"PUESTO DE SALUD DE VILLA MANTARO";"NE_0001";"";"NE_0001";"NE_0001";"NE_0001";"NE_0001";"NE_0001";"NE_0001";"NE_0001"
"2023";"01";"090208";"HUANCAVELICA";"ACOBAMBA";"ROSARIO";"GOBIERNO REGIONAL";"I-1";"00007372";"PUESTO DE SALUD LLIPLLINA";"NE_0001";"";"NE_0001";"NE_0001";"NE_0001";"NE_0001";"NE_0001";"NE_0001";"NE_0001"
"2023";"01";"090208";"HUANCAVELICA";"ACOBAMBA";"ROSARIO";"GOBIERNO REGIONAL";"I-2";"00003937";"PUESTO DE SALUD ROSARIO";"NE_0001";"";"NE_0001";"NE_0001";"NE_0001";"NE_0001";"NE_0001";"NE_0001";"NE_0001"
"2023";"01";"090208";"HUANCAVELICA";"ACOBAMBA";"ROSARIO";"GOBIERNO REGIONAL";"I-1";"00009710";"PUESTO  DE SALUD ICHUPAMPA";"NE_0001";"";"NE_0001";"NE_0001";"NE_0001";"NE_0001";"NE_0001";"NE_0001";"NE_0001"
"2023";"01";"150125";"LIMA";"LIMA";"PUENTE PIEDRA";"SANIDAD DE LA POLICIA NACIONAL DEL PERU";"I-2";"00012923";"POSTA MEDICA POLICIAL ETS  ESCUELA PUENTE PIEDRA";"NE_0002";"";"NE_0002";"NE_0002";"NE_0002";"NE_0002";"NE_0002";"NE_0002";"NE_0002"
"2023";"01";"080801";"CUSCO";"ESPINAR";"ESPINAR";"GOBIERNO REGIONAL";"II-1";"00007135";"ESPINAR";"240100";"HOSPITALIZACIÓN QUIRÚRGICA CIRUGÍA GENERAL ";"36";"39";"140";"137";"8";"248";"0"
"2023";"01";"080801";"CUSCO";"ESPINAR";"ESPINAR";"GOBIERNO REGIONAL";"II-1";"00007135";"ESPINAR";"241600";"HOSPITALIZACIÓN QUIRÚRGICA OBSTETRICIA   ";"61";"57";"127";"123";"13";"403";"0"
"2023";"01";"080801";"CUSCO";"ESPINAR";"ESPINAR";"GOBIERNO REGIONAL";"II-1";"00007135";"ESPINAR";"241800";"HOSPITALIZACIÓN DE MEDICINA MEDICINA GENERAL ";"14";"11";"49";"49";"8";"248";"1"
"2023";"01";"080801";"CUSCO";"ESPINAR";"ESPINAR";"GOBIERNO REGIONAL";"II-1";"00007135";"ESPINAR";"242500";"HOSPITALIZACIÓN-PEDIATRÍA GENERAL-";"5";"4";"16";"16";"5";"155";"0"
"2023";"01";"080801";"CUSCO";"ESPINAR";"ESPINAR";"GOBIERNO REGIONAL";"II-1";"00007135";"ESPINAR";"243200";"HOSPITALIZACIÓN DE PEDIATRÍA PEDIATRIA NEONATOLOGÍA";"12";"12";"30";"29";"1";"31";"0"
"2023";"01";"080801";"CUSCO";"ESPINAR";"ESPINAR";"GOBIERNO REGIONAL";"II-1";"00007135";"ESPINAR";"241500";"HOSPITALIZACIÓN QUIRÚRGICA GINECOLOGÍA  ";"23";"22";"47";"47";"7";"217";"0"
"2023";"01";"070102";"CALLAO";"CALLAO";"BELLAVISTA";"SANIDAD DE LA MARINA DE GUERRA DEL PERU";"III-1";"00008266";"HOSPITAL NAVAL";"241300";"HOSPITALIZACIÓN QUIRÚRGICA UROLOGÍA  ";"44";"40";"296";"447";"21";"651";"0"
"2023";"01";"070102";"CALLAO";"CALLAO";"BELLAVISTA";"SANIDAD DE LA MARINA DE GUERRA DEL PERU";"III-1";"00008266";"HOSPITAL NAVAL";"242200";"HOSPITALIZACIÓN DE MEDICINA PSIQUIATRÍA ";"9";"8";"236";"231";"28";"868";"0"
"2023";"01";"070102";"CALLAO";"CALLAO";"BELLAVISTA";"SANIDAD DE LA MARINA DE GUERRA DEL PERU";"III-1";"00008266";"HOSPITAL NAVAL";"242000";"HOSPITALIZACIÓN DE MEDICINA MEDICINA TROPICAL E INFECCIOSAS ";"32";"30";"290";"304";"19";"589";"0"
"2023";"01";"070102";"CALLAO";"CALLAO";"BELLAVISTA";"SANIDAD DE LA MARINA DE GUERRA DEL PERU";"III-1";"00008266";"HOSPITAL NAVAL";"242300";"HOSPITALIZACIÓN DE PEDIATRÍA  PEDIATRÍA  GENERAL ";"53";"52";"211";"220";"18";"558";"0"
"2023";"01";"070102";"CALLAO";"CALLAO";"BELLAVISTA";"SANIDAD DE LA MARINA DE GUERRA DEL PERU";"III-1";"00008266";"HOSPITAL NAVAL";"241200";"HOSPITALIZACIÓN QUIRÚRGICA TRAUMATOLOGÍA Y ORTOPEDIA ";"26";"15";"162";"211";"14";"434";"0"
"2023";"01";"250101";"UCAYALI";"CORONEL PORTILLO";"CALLERIA";"SANIDAD DE LA POLICIA NACIONAL DEL PERU";"I-3";"00010148";"POLICLINICO POLICIAL PUCALLPA";"NE_0001";"";"NE_0001";"NE_0001";"NE_0001";"NE_0001";"NE_0001";"NE_0001";"NE_0001"
"2023";"01";"051009";"AYACUCHO";"VICTOR FAJARDO";"HUANCARAYLLA";"GOBIERNO REGIONAL";"I-2";"00003838";"PUESTO DE SALUD HUANCARAYLLA";"NE_0001";"";"NE_0001";"NE_0001";"NE_0001";"NE_0001";"NE_0001";"NE_0001";"NE_0001"
"2023";"01";"051108";"AYACUCHO";"VILCAS HUAMAN";"VISCHONGO";"GOBIERNO REGIONAL";"I-1";"00003840";"PUESTO DE SALUD UMARO";"NE_0001";"";"NE_0001";"NE_0001";"NE_0001";"NE_0001";"NE_0001";"NE_0001";"NE_0001"
"2023";"01";"051007";"AYACUCHO";"VICTOR FAJARDO";"COLCA";"GOBIERNO REGIONAL";"I-1";"00003836";"PUESTO DE SALUD QUILLA";"NE_0001";"";"NE_0001";"NE_0001";"NE_0001";"NE_0001";"NE_0001";"NE_0001";"NE_0001"
"2023";"01";"051008";"AYACUCHO";"VICTOR FAJARDO";"HUAMANQUIQUIA";"GOBIERNO REGIONAL";"I-1";"00003833";"PUESTO DE SALUD TINCA";"NE_0001";"";"NE_0001";"NE_0001";"NE_0001";"NE_0001";"NE_0001";"NE_0001";"NE_0001"
"2023";"01";"051004";"AYACUCHO";"VICTOR FAJARDO";"ASQUIPATA";"GOBIERNO REGIONAL";"I-1";"00003823";"PUESTO DE SALUD MORCOLLA CHICO";"NE_0001";"";"NE_0001";"NE_0001";"NE_0001";"NE_0001";"NE_0001";"NE_0001";"NE_0001"
"2023";"01";"051004";"AYACUCHO";"VICTOR FAJARDO";"ASQUIPATA";"GOBIERNO REGIONAL";"I-1";"00003821";"PUESTO DE SALUD ASQUIPATA";"NE_0001";"";"NE_0001";"NE_0001";"NE_0001";"NE_0001";"NE_0001";"NE_0001";"NE_0001"
"2023";"01";"051009";"AYACUCHO";"VICTOR FAJARDO";"HUANCARAYLLA";"GOBIERNO REGIONAL";"I-1";"00003839";"PUESTO DE SALUD LLUSITA";"NE_0001";"";"NE_0001";"NE_0001";"NE_0001";"NE_0001";"NE_0001";"NE_0001";"NE_0001"
"2023";"01";"051001";"AYACUCHO";"VICTOR FAJARDO";"HUANCAPI";"GOBIERNO REGIONAL";"I-4";"00003834";"CENTRO DE SALUD HUANCAPI";"241600";"HOSPITALIZACIÓN QUIRÚRGICA OBSTETRICIA   ";"2";"2";"4";"2";"2";"8";"0"
"2023";"01";"051007";"AYACUCHO";"VICTOR FAJARDO";"COLCA";"GOBIERNO REGIONAL";"I-1";"00003835";"PUESTO DE SALUD COLCA";"NE_0001";"";"NE_0001";"NE_0001";"NE_0001";"NE_0001";"NE_0001";"NE_0001";"NE_0001"
"2023";"01";"051006";"AYACUCHO";"VICTOR FAJARDO";"CAYARA";"GOBIERNO REGIONAL";"I-2";"00003828";"PUESTO DE SALUD CAYARA";"NE_0001";"";"NE_0001";"NE_0001";"NE_0001";"NE_0001";"NE_0001";"NE_0001";"NE_0001"
"2023";"01";"051005";"AYACUCHO";"VICTOR FAJARDO";"CANARIA";"GOBIERNO REGIONAL";"I-3";"00003824";"CENTRO DE SALUD CANARIA";"NE_0002";"";"NE_0002";"NE_0002";"NE_0002";"NE_0002";"NE_0002";"NE_0002";"NE_0002"
"2023";"01";"060607";"CAJAMARCA";"CUTERVO";"QUEROCOTILLO";"GOBIERNO REGIONAL";"I-1";"00005009";"QUIPAYUC";"NE_0001";"";"NE_0001";"NE_0001";"NE_0001";"NE_0001";"NE_0001";"NE_0001";"NE_0001"
"2023";"01";"060607";"CAJAMARCA";"CUTERVO";"QUEROCOTILLO";"GOBIERNO REGIONAL";"I-1";"00006941";"MARAYBAMBA ALTO";"NE_0001";"";"NE_0001";"NE_0001";"NE_0001";"NE_0001";"NE_0001";"NE_0001";"NE_0001"
"2023";"01";"060607";"CAJAMARCA";"CUTERVO";"QUEROCOTILLO";"GOBIERNO REGIONAL";"I-1";"00007226";"LA SUCCHA DE QUEROCOTILLO";"NE_0001";"";"NE_0001";"NE_0001";"NE_0001";"NE_0001";"NE_0001";"NE_0001";"NE_0001"
"2023";"01";"150122";"LIMA";"LIMA";"MIRAFLORES";"PRIVADO";"III-2";"00008956";"CLINICA DEL INCA";"240000";"HOSPITALIZACIÓN";"2";"4";"24";"16";"14";"434";"0"
"2023";"01";"150122";"LIMA";"LIMA";"MIRAFLORES";"PRIVADO";"III-2";"00008956";"CLINICA DEL INCA";"250100";"UNIDAD DE CUIDADOS CRITICOS UNIDAD  DE CUIDADOS INTENSIVOS GENERALES (UCI) ";"5";"2";"10";"31";"5";"155";"0"
"2023";"01";"021801";"ANCASH";"SANTA";"CHIMBOTE";"PRIVADO";"II-1";"00013164";"CLINICA SANTA MARIA DE CHIMBOTE S.A.C.";"240100";"HOSPITALIZACIÓN QUIRÚRGICA CIRUGÍA GENERAL ";"51";"51";"63";"63";"9";"279";"0"
"2023";"01";"021801";"ANCASH";"SANTA";"CHIMBOTE";"PRIVADO";"II-1";"00013164";"CLINICA SANTA MARIA DE CHIMBOTE S.A.C.";"241400";"HOSPITALIZACIÓN QUIRÚRGICA GINECO - OBSTETRICIA ";"18";"18";"29";"29";"7";"233";"0"
"2023";"01";"130906";"LA LIBERTAD";"SANCHEZ CARRION";"SANAGORAN";"GOBIERNO REGIONAL";"I-2";"00005360";"VENTANAS";"NE_0001";"";"NE_0001";"NE_0001";"NE_0001";"NE_0001";"NE_0001";"NE_0001";"NE_0001"
"2023";"01";"130906";"LA LIBERTAD";"SANCHEZ CARRION";"SANAGORAN";"GOBIERNO REGIONAL";"I-1";"00019765";"24 DE JUNIO";"NE_0001";"";"NE_0001";"NE_0001";"NE_0001";"NE_0001";"NE_0001";"NE_0001";"NE_0001"
"2023";"01";"130906";"LA LIBERTAD";"SANCHEZ CARRION";"SANAGORAN";"GOBIERNO REGIONAL";"I-2";"00005359";"SANAGORAN";"NE_0001";"";"NE_0001";"NE_0001";"NE_0001";"NE_0001";"NE_0001";"NE_0001";"NE_0001"
"2023";"01";"130906";"LA LIBERTAD";"SANCHEZ CARRION";"SANAGORAN";"GOBIERNO REGIONAL";"I-2";"00007240";"HUALASGOSDAY";"NE_0001";"";"NE_0001";"NE_0001";"NE_0001";"NE_0001";"NE_0001";"NE_0001";"NE_0001"
"2023";"01";"130906";"LA LIBERTAD";"SANCHEZ CARRION";"SANAGORAN";"GOBIERNO REGIONAL";"I-2";"00007241";"CORRAL GRANDE";"NE_0001";"";"NE_0001";"NE_0001";"NE_0001";"NE_0001";"NE_0001";"NE_0001";"NE_0001"
"2023";"01";"250101";"UCAYALI";"CORONEL PORTILLO";"CALLERIA";"ESSALUD";"II-2";"00009600";"HOSPITAL II PUCALLPA- ESSALUD";"250300";"UNIDAD DE CUIDADOS CRITICOS UNIDAD DE VIGILANCIA INTENSIVA  CLINICA (UVIC) ";"50";"44";"323";"273";"14";"434";"11"
"2023";"01";"250101";"UCAYALI";"CORONEL PORTILLO";"CALLERIA";"ESSALUD";"II-2";"00009600";"HOSPITAL II PUCALLPA- ESSALUD";"240100";"HOSPITALIZACIÓN QUIRÚRGICA CIRUGÍA GENERAL ";"256";"232";"996";"1034";"45";"1395";"0"
"2023";"01";"250101";"UCAYALI";"CORONEL PORTILLO";"CALLERIA";"ESSALUD";"II-2";"00009600";"HOSPITAL II PUCALLPA- ESSALUD";"241600";"HOSPITALIZACIÓN QUIRÚRGICA OBSTETRICIA   ";"177";"175";"421";"380";"21";"651";"0"
"2023";"01";"250101";"UCAYALI";"CORONEL PORTILLO";"CALLERIA";"ESSALUD";"II-2";"00009600";"HOSPITAL II PUCALLPA- ESSALUD";"241500";"HOSPITALIZACIÓN QUIRÚRGICA GINECOLOGÍA  ";"52";"47";"270";"194";"15";"465";"0"
"2023";"01";"250101";"UCAYALI";"CORONEL PORTILLO";"CALLERIA";"ESSALUD";"II-2";"00009600";"HOSPITAL II PUCALLPA- ESSALUD";"242300";"HOSPITALIZACIÓN DE PEDIATRÍA  PEDIATRÍA  GENERAL ";"87";"84";"335";"295";"15";"465";"0"
"2023";"01";"250101";"UCAYALI";"CORONEL PORTILLO";"CALLERIA";"ESSALUD";"II-2";"00009600";"HOSPITAL II PUCALLPA- ESSALUD";"243200";"HOSPITALIZACIÓN DE PEDIATRÍA PEDIATRIA NEONATOLOGÍA";"32";"31";"86";"63";"5";"155";"3"
"2023";"01";"040401";"AREQUIPA";"CASTILLA";"APLAO";"ESSALUD";"I-3";"00013299";"CENTRO MEDICO APLAO";"NE_0001";"";"NE_0001";"NE_0001";"NE_0001";"NE_0001";"NE_0001";"NE_0001";"NE_0001"
"2023";"01";"150119";"LIMA";"LIMA";"LURIN";"ESSALUD";"I-3";"00009979";"CENTRO DE ATENCION PRIMARIA II LURIN";"NE_0001";"";"NE_0001";"NE_0001";"NE_0001";"NE_0001";"NE_0001";"NE_0001";"NE_0001"
"2023";"01";"120415";"JUNIN";"JAUJA";"MARCO";"GOBIERNO REGIONAL";"I-2";"00000385";"MARCO";"NE_0001";"";"NE_0001";"NE_0001";"NE_0001";"NE_0001";"NE_0001";"NE_0001";"NE_0001"
"2023";"01";"120426";"JUNIN";"JAUJA";"POMACANCHA";"GOBIERNO REGIONAL";"I-1";"00000389";"ARMONIA";"NE_0001";"";"NE_0001";"NE_0001";"NE_0001";"NE_0001";"NE_0001";"NE_0001";"NE_0001"
"2023";"01";"120422";"JUNIN";"JAUJA";"PACA";"GOBIERNO REGIONAL";"I-1";"00000386";"YANACANCHA";"NE_0001";"";"NE_0001";"NE_0001";"NE_0001";"NE_0001";"NE_0001";"NE_0001";"NE_0001"
"2023";"01";"120432";"JUNIN";"JAUJA";"TUNAN MARCA";"GOBIERNO REGIONAL";"I-1";"00000391";"TUNANMARCA";"NE_0001";"";"NE_0001";"NE_0001";"NE_0001";"NE_0001";"NE_0001";"NE_0001";"NE_0001"
"2023";"01";"120402";"JUNIN";"JAUJA";"ACOLLA";"GOBIERNO REGIONAL";"I-2";"00000383";"PACHASCUCHO";"NE_0001";"";"NE_0001";"NE_0001";"NE_0001";"NE_0001";"NE_0001";"NE_0001";"NE_0001"
"2023";"01";"120426";"JUNIN";"JAUJA";"POMACANCHA";"GOBIERNO REGIONAL";"I-2";"00000388";"POMACANCHA";"NE_0001";"";"NE_0001";"NE_0001";"NE_0001";"NE_0001";"NE_0001";"NE_0001";"NE_0001"
"2023";"01";"120426";"JUNIN";"JAUJA";"POMACANCHA";"GOBIERNO REGIONAL";"I-1";"00000390";"CASABLANCA";"NE_0001";"";"NE_0001";"NE_0001";"NE_0001";"NE_0001";"NE_0001";"NE_0001";"NE_0001"
"2023";"01";"120402";"JUNIN";"JAUJA";"ACOLLA";"GOBIERNO REGIONAL";"I-1";"00000381";"SACAS";"NE_0001";"";"NE_0001";"NE_0001";"NE_0001";"NE_0001";"NE_0001";"NE_0001";"NE_0001"
"2023";"01";"120402";"JUNIN";"JAUJA";"ACOLLA";"GOBIERNO REGIONAL";"I-2";"00000384";"TINGO PACCHA";"NE_0001";"";"NE_0001";"NE_0001";"NE_0001";"NE_0001";"NE_0001";"NE_0001";"NE_0001"
"2023";"01";"120402";"JUNIN";"JAUJA";"ACOLLA";"GOBIERNO REGIONAL";"I-3";"00000379";"ACOLLA";"NE_0001";"";"NE_0001";"NE_0001";"NE_0001";"NE_0001";"NE_0001";"NE_0001";"NE_0001"
"2023";"01";"120402";"JUNIN";"JAUJA";"ACOLLA";"GOBIERNO REGIONAL";"I-2";"00000380";"EL TINGO";"NE_0001";"";"NE_0001";"NE_0001";"NE_0001";"NE_0001";"NE_0001";"NE_0001";"NE_0001"
"2023";"01";"120402";"JUNIN";"JAUJA";"ACOLLA";"GOBIERNO REGIONAL";"I-2";"00000382";"YANAMARCA";"NE_0001";"";"NE_0001";"NE_0001";"NE_0001";"NE_0001";"NE_0001";"NE_0001";"NE_0001"
"2023";"01";"120402";"JUNIN";"JAUJA";"ACOLLA";"GOBIERNO REGIONAL";"I-1";"00006874";"CHUQUISHUARI";"NE_0001";"";"NE_0001";"NE_0001";"NE_0001";"NE_0001";"NE_0001";"NE_0001";"NE_0001"
"2023";"01";"210402";"PUNO";"CHUCUITO";"DESAGUADERO";"ESSALUD";"I-3";"00009221";"CENTRO DE ATENCION PRIMARIA I DESAGUADERO";"NE_0001";"";"NE_0001";"NE_0001";"NE_0001";"NE_0001";"NE_0001";"NE_0001";"NE_0001"
"2023";"01";"210111";"PUNO";"PUNO";"PICHACANI";"ESSALUD";"I-3";"00025342";"CAP I LARAQUERI";"NE_0001";"";"NE_0001";"NE_0001";"NE_0001";"NE_0001";"NE_0001";"NE_0001";"NE_0001"
"2023";"01";"210101";"PUNO";"PUNO";"PUNO";"ESSALUD";"II-E";"00025544";"HOSPITAL I CLINICA UNIVERSITARIA";"240000";"HOSPITALIZACIÓN";"3";"6";"39";"40";"5";"155";"0"
"2023";"01";"100101";"HUANUCO";"HUANUCO";"HUANUCO";"PRIVADO";"II-E";"00018769";"CLINICA DE CORTA ESTANCIA  ROCA E.I.R.L.";"240100";"HOSPITALIZACIÓN QUIRÚRGICA CIRUGÍA GENERAL ";"8";"8";"9";"8";"22";"31";"0"
"2023";"01";"100101";"HUANUCO";"HUANUCO";"HUANUCO";"PRIVADO";"II-E";"00018769";"CLINICA DE CORTA ESTANCIA  ROCA E.I.R.L.";"240800";"HOSPITALIZACIÓN QUIRÚRGICA CIRUGÍA PLÁSTICA/RECONSTRUCTIVA/ REPARADORA ";"9";"9";"18";"9";"13";"31";"0"
"2023";"01";"100101";"HUANUCO";"HUANUCO";"HUANUCO";"PRIVADO";"II-E";"00018769";"CLINICA DE CORTA ESTANCIA  ROCA E.I.R.L.";"241200";"HOSPITALIZACIÓN QUIRÚRGICA TRAUMATOLOGÍA Y ORTOPEDIA ";"4";"4";"8";"4";"23";"31";"0"
"2023";"01";"100101";"HUANUCO";"HUANUCO";"HUANUCO";"PRIVADO";"II-E";"00018769";"CLINICA DE CORTA ESTANCIA  ROCA E.I.R.L.";"240100";"HOSPITALIZACIÓN QUIRÚRGICA CIRUGÍA GENERAL ";"1";"1";"3";"1";"28";"31";"0"
"2023";"01";"100101";"HUANUCO";"HUANUCO";"HUANUCO";"PRIVADO";"II-E";"00018769";"CLINICA DE CORTA ESTANCIA  ROCA E.I.R.L.";"240800";"HOSPITALIZACIÓN QUIRÚRGICA CIRUGÍA PLÁSTICA/RECONSTRUCTIVA/ REPARADORA ";"2";"2";"3";"2";"28";"31";"0"
"2023";"01";"100101";"HUANUCO";"HUANUCO";"HUANUCO";"PRIVADO";"II-E";"00018769";"CLINICA DE CORTA ESTANCIA  ROCA E.I.R.L.";"241200";"HOSPITALIZACIÓN QUIRÚRGICA TRAUMATOLOGÍA Y ORTOPEDIA ";"1";"1";"1";"1";"30";"31";"0"
"2023";"01";"220902";"SAN MARTIN";"SAN MARTIN";"ALBERTO LEVEAU";"GOBIERNO REGIONAL";"I-1";"00006382";"UTCURARCA";"NE_0002";"";"NE_0002";"NE_0002";"NE_0002";"NE_0002";"NE_0002";"NE_0002";"NE_0002"
"2023";"01";"220908";"SAN MARTIN";"SAN MARTIN";"JUAN GUERRA";"GOBIERNO REGIONAL";"I-3";"00006374";"JUAN GUERRA";"NE_0002";"";"NE_0002";"NE_0002";"NE_0002";"NE_0002";"NE_0002";"NE_0002";"NE_0002"
"2023";"01";"220902";"SAN MARTIN";"SAN MARTIN";"ALBERTO LEVEAU";"GOBIERNO REGIONAL";"I-1";"00006383";"MACHUNGO";"NE_0002";"";"NE_0002";"NE_0002";"NE_0002";"NE_0002";"NE_0002";"NE_0002";"NE_0002"
"2023";"01";"150130";"LIMA";"LIMA";"SAN BORJA";"PRIVADO";"II-E";"00017634";"CLINICA ONCOSALUD";"240000";"HOSPITALIZACIÓN";"314";"286";"1818";"2189";"69";"2139";"19"
"2023";"01";"060701";"CAJAMARCA";"HUALGAYOC";"BAMBAMARCA";"ESSALUD";"I-2";"00010277";"POSTA MEDICA ESSALUD BAMBAMARCA";"NE_0001";"";"NE_0001";"NE_0001";"NE_0001";"NE_0001";"NE_0001";"NE_0001";"NE_0001"
"2023";"01";"060805";"CAJAMARCA";"JAEN";"HUABAL";"GOBIERNO REGIONAL";"I-1";"00013849";"SANTA ROSA DE HUABAL";"NE_0001";"";"NE_0001";"NE_0001";"NE_0001";"NE_0001";"NE_0001";"NE_0001";"NE_0001"
"2023";"01";"250301";"UCAYALI";"PADRE ABAD";"PADRE ABAD";"ESSALUD";"I-2";"00009597";"POSTA MEDICA ESSALUD AGUAYTIA";"NE_0001";"";"NE_0001";"NE_0001";"NE_0001";"NE_0001";"NE_0001";"NE_0001";"NE_0001"
"2023";"01";"070102";"CALLAO";"CALLAO";"BELLAVISTA";"SANIDAD DE LA MARINA DE GUERRA DEL PERU";"III-1";"00008266";"HOSPITAL NAVAL";"241400";"HOSPITALIZACIÓN QUIRÚRGICA GINECO - OBSTETRICIA ";"90";"89";"315";"398";"18";"558";"0"
"2023";"01";"070102";"CALLAO";"CALLAO";"BELLAVISTA";"SANIDAD DE LA MARINA DE GUERRA DEL PERU";"III-1";"00008266";"HOSPITAL NAVAL";"243200";"HOSPITALIZACIÓN DE PEDIATRÍA PEDIATRIA NEONATOLOGÍA";"45";"46";"186";"208";"12";"372";"0"
"2023";"01";"070102";"CALLAO";"CALLAO";"BELLAVISTA";"SANIDAD DE LA MARINA DE GUERRA DEL PERU";"III-1";"00008266";"HOSPITAL NAVAL";"244400";"HOSPITALIZACIÓN DE MEDICINA GERIATRIA ";"30";"25";"160";"310";"14";"434";"6"
"2023";"01";"070102";"CALLAO";"CALLAO";"BELLAVISTA";"SANIDAD DE LA MARINA DE GUERRA DEL PERU";"III-1";"00008266";"HOSPITAL NAVAL";"240100";"HOSPITALIZACIÓN QUIRÚRGICA CIRUGÍA GENERAL ";"140";"139";"1104";"1487";"57";"1767";"0"
"2023";"01";"070102";"CALLAO";"CALLAO";"BELLAVISTA";"SANIDAD DE LA MARINA DE GUERRA DEL PERU";"III-1";"00008266";"HOSPITAL NAVAL";"241800";"HOSPITALIZACIÓN DE MEDICINA MEDICINA GENERAL ";"53";"47";"491";"529";"18";"558";"0"
"2023";"01";"070102";"CALLAO";"CALLAO";"BELLAVISTA";"SANIDAD DE LA MARINA DE GUERRA DEL PERU";"III-1";"00008266";"HOSPITAL NAVAL";"240000";"HOSPITALIZACIÓN";"141";"143";"1474";"1320";"82";"2542";"6"
"2023";"01";"120906";"JUNIN";"CHUPACA";"SAN JUAN DE YSCOS";"GOBIERNO REGIONAL";"I-1";"00000658";"TINYARI GRANDE";"NE_0001";"";"NE_0001";"NE_0001";"NE_0001";"NE_0001";"NE_0001";"NE_0001";"NE_0001"
"2023";"01";"150122";"LIMA";"LIMA";"MIRAFLORES";"PRIVADO";"II-E";"00019671";"CLINICA RENACER";"NE_0002";"";"NE_0002";"NE_0002";"NE_0002";"NE_0002";"NE_0002";"NE_0002";"NE_0002"
"2023";"01";"150103";"LIMA";"LIMA";"ATE";"MINSA";"II-1";"00005945";"HOSPITAL VITARTE";"241900";"HOSPITALIZACIÓN DE MEDICINA MEDICINA INTERNA ";"126";"107";"577";"754";"40";"1240";"2"
"2023";"01";"150103";"LIMA";"LIMA";"ATE";"MINSA";"II-1";"00005945";"HOSPITAL VITARTE";"242300";"HOSPITALIZACIÓN DE PEDIATRÍA  PEDIATRÍA  GENERAL ";"123";"113";"526";"561";"22";"682";"0"
"2023";"01";"150103";"LIMA";"LIMA";"ATE";"MINSA";"II-1";"00005945";"HOSPITAL VITARTE";"243200";"HOSPITALIZACIÓN DE PEDIATRÍA PEDIATRIA NEONATOLOGÍA";"89";"91";"303";"303";"10";"310";"1"
"2023";"01";"150103";"LIMA";"LIMA";"ATE";"MINSA";"II-1";"00005945";"HOSPITAL VITARTE";"241500";"HOSPITALIZACIÓN QUIRÚRGICA GINECOLOGÍA  ";"63";"61";"208";"212";"7";"217";"0"
"2023";"01";"150103";"LIMA";"LIMA";"ATE";"MINSA";"II-1";"00005945";"HOSPITAL VITARTE";"241400";"HOSPITALIZACIÓN QUIRÚRGICA GINECO - OBSTETRICIA ";"447";"455";"897";"932";"33";"1023";"0"
"2023";"01";"150103";"LIMA";"LIMA";"ATE";"MINSA";"II-1";"00005945";"HOSPITAL VITARTE";"240100";"HOSPITALIZACIÓN QUIRÚRGICA CIRUGÍA GENERAL ";"265";"258";"653";"748";"29";"899";"1"
"2023";"01";"150103";"LIMA";"LIMA";"ATE";"MINSA";"II-1";"00005945";"HOSPITAL VITARTE";"241200";"HOSPITALIZACIÓN QUIRÚRGICA TRAUMATOLOGÍA Y ORTOPEDIA ";"65";"64";"244";"231";"8";"248";"0"
"2023";"01";"150103";"LIMA";"LIMA";"ATE";"MINSA";"II-1";"00005945";"HOSPITAL VITARTE";"241100";"HOSPITALIZACIÓN QUIRÚRGICA OTORRINOLARINGOLOGÍA  ";"9";"9";"9";"9";"1";"31";"0"
"2023";"01";"150103";"LIMA";"LIMA";"ATE";"MINSA";"II-1";"00005945";"HOSPITAL VITARTE";"241300";"HOSPITALIZACIÓN QUIRÚRGICA UROLOGÍA  ";"13";"13";"16";"16";"1";"31";"0"
"2023";"01";"150103";"LIMA";"LIMA";"ATE";"MINSA";"II-1";"00005945";"HOSPITAL VITARTE";"240600";"HOSPITALIZACIÓN QUIRÚRGICA CIRUGÍA OFTALMOLÓGICA ";"13";"13";"13";"13";"1";"31";"0"
"2023";"01";"130102";"LA LIBERTAD";"TRUJILLO";"EL PORVENIR";"ESSALUD";"I-4";"00009041";"CENTRO DE SALUD CON INTERNAMIENTO EL PORVENIR";"241800";"HOSPITALIZACIÓN DE MEDICINA MEDICINA GENERAL ";"18";"19";"102";"96";"4";"124";"0"
"2023";"01";"130102";"LA LIBERTAD";"TRUJILLO";"EL PORVENIR";"ESSALUD";"I-4";"00009041";"CENTRO DE SALUD CON INTERNAMIENTO EL PORVENIR";"240100";"HOSPITALIZACIÓN QUIRÚRGICA CIRUGÍA GENERAL ";"3";"2";"12";"29";"1";"31";"0"
"2023";"01";"130102";"LA LIBERTAD";"TRUJILLO";"EL PORVENIR";"ESSALUD";"I-4";"00009041";"CENTRO DE SALUD CON INTERNAMIENTO EL PORVENIR";"241400";"HOSPITALIZACIÓN QUIRÚRGICA GINECO - OBSTETRICIA ";"7";"7";"38";"62";"2";"62";"0"
"2023";"01";"020105";"ANCASH";"HUARAZ";"INDEPENDENCIA";"PRIVADO";"II-1";"00012671";"CLINICA SAN PABLO SEDE HUARAZ";"240000";"HOSPITALIZACIÓN";"133";"126";"284";"430";"24";"744";"0"
"2023";"01";"020105";"ANCASH";"HUARAZ";"INDEPENDENCIA";"PRIVADO";"II-1";"00012671";"CLINICA SAN PABLO SEDE HUARAZ";"250100";"UNIDAD DE CUIDADOS CRITICOS UNIDAD  DE CUIDADOS INTENSIVOS GENERALES (UCI) ";"3";"3";"6";"9";"5";"155";"0"
"2023";"01";"050701";"AYACUCHO";"PARINACOCHAS";"CORACORA";"ESSALUD";"I-2";"00011443";"CORACORA";"NE_0001";"";"NE_0001";"NE_0001";"NE_0001";"NE_0001";"NE_0001";"NE_0001";"NE_0001"
"2023";"01";"110501";"ICA";"PISCO";"PISCO";"ESSALUD";"II-1";"00014147";"ANTONIO SKRABONJA ANTONCICH";"241800";"HOSPITALIZACIÓN DE MEDICINA MEDICINA GENERAL ";"34";"33";"280";"297";"22";"682";"2"
"2023";"01";"110501";"ICA";"PISCO";"PISCO";"ESSALUD";"II-1";"00014147";"ANTONIO SKRABONJA ANTONCICH";"240100";"HOSPITALIZACIÓN QUIRÚRGICA CIRUGÍA GENERAL ";"60";"60";"213";"215";"11";"341";"0"
"2023";"01";"110501";"ICA";"PISCO";"PISCO";"ESSALUD";"II-1";"00014147";"ANTONIO SKRABONJA ANTONCICH";"241500";"HOSPITALIZACIÓN QUIRÚRGICA GINECOLOGÍA  ";"14";"10";"28";"39";"2";"62";"0"
"2023";"01";"110501";"ICA";"PISCO";"PISCO";"ESSALUD";"II-1";"00014147";"ANTONIO SKRABONJA ANTONCICH";"241600";"HOSPITALIZACIÓN QUIRÚRGICA OBSTETRICIA   ";"100";"96";"185";"199";"8";"248";"0"
"2023";"01";"110501";"ICA";"PISCO";"PISCO";"ESSALUD";"II-1";"00014147";"ANTONIO SKRABONJA ANTONCICH";"242300";"HOSPITALIZACIÓN DE PEDIATRÍA  PEDIATRÍA  GENERAL ";"11";"11";"34";"35";"7";"217";"0"
"2023";"01";"110501";"ICA";"PISCO";"PISCO";"ESSALUD";"II-1";"00014147";"ANTONIO SKRABONJA ANTONCICH";"250304";"HOSPIT. EN UNIDAD DE CUID.INTEN.-UNIDAD DE VIGILANCIA INTENSIVA (UVI)-MEDICINA";"23";"23";"103";"105";"4";"124";"2"
"2023";"01";"090207";"HUANCAVELICA";"ACOBAMBA";"POMACOCHA";"GOBIERNO REGIONAL";"I-1";"00009707";"PUESTO DE SALUD AYAHUASAN";"NE_0001";"";"NE_0001";"NE_0001";"NE_0001";"NE_0001";"NE_0001";"NE_0001";"NE_0001"
"2023";"01";"090207";"HUANCAVELICA";"ACOBAMBA";"POMACOCHA";"GOBIERNO REGIONAL";"I-1";"00009698";"PUESTO DE SALUD INCAPACCHAN";"NE_0001";"";"NE_0001";"NE_0001";"NE_0001";"NE_0001";"NE_0001";"NE_0001";"NE_0001"
"2023";"01";"090207";"HUANCAVELICA";"ACOBAMBA";"POMACOCHA";"GOBIERNO REGIONAL";"I-2";"00003923";"PUESTO DE SALUD POMACOCHA";"NE_0001";"";"NE_0001";"NE_0001";"NE_0001";"NE_0001";"NE_0001";"NE_0001";"NE_0001"
"2023";"01";"090201";"HUANCAVELICA";"ACOBAMBA";"ACOBAMBA";"GOBIERNO REGIONAL";"I-1";"00009502";"PUESTO DE SALUD TRES DE OCTUBRE";"NE_0001";"";"NE_0001";"NE_0001";"NE_0001";"NE_0001";"NE_0001";"NE_0001";"NE_0001"
"2023";"01";"090207";"HUANCAVELICA";"ACOBAMBA";"POMACOCHA";"GOBIERNO REGIONAL";"I-3";"00003924";"CENTRO DE SALUD CHOCLOCOCHA";"NE_0001";"";"NE_0001";"NE_0001";"NE_0001";"NE_0001";"NE_0001";"NE_0001";"NE_0001"
"2023";"01";"090201";"HUANCAVELICA";"ACOBAMBA";"ACOBAMBA";"GOBIERNO REGIONAL";"I-1";"00003920";"PUESTO DE SALUD DE CCARHUACC";"NE_0001";"";"NE_0001";"NE_0001";"NE_0001";"NE_0001";"NE_0001";"NE_0001";"NE_0001"
"2023";"01";"090201";"HUANCAVELICA";"ACOBAMBA";"ACOBAMBA";"GOBIERNO REGIONAL";"I-1";"00003921";"PUESTO DE SALUD DE VILLA RICA";"NE_0001";"";"NE_0001";"NE_0001";"NE_0001";"NE_0001";"NE_0001";"NE_0001";"NE_0001"
"2023";"01";"090207";"HUANCAVELICA";"ACOBAMBA";"POMACOCHA";"GOBIERNO REGIONAL";"I-1";"00003925";"PUESTO DE SALUD YANACCOCHA";"NE_0001";"";"NE_0001";"NE_0001";"NE_0001";"NE_0001";"NE_0001";"NE_0001";"NE_0001"
"2023";"01";"090201";"HUANCAVELICA";"ACOBAMBA";"ACOBAMBA";"GOBIERNO REGIONAL";"I-2";"00003918";"PUESTO DE SALUD CURIMARAY";"NE_0001";"";"NE_0001";"NE_0001";"NE_0001";"NE_0001";"NE_0001";"NE_0001";"NE_0001"
"2023";"01";"090201";"HUANCAVELICA";"ACOBAMBA";"ACOBAMBA";"GOBIERNO REGIONAL";"I-1";"00003919";"PUESTO DE SALUD POMAVILCA";"NE_0001";"";"NE_0001";"NE_0001";"NE_0001";"NE_0001";"NE_0001";"NE_0001";"NE_0001"
"2023";"01";"090207";"HUANCAVELICA";"ACOBAMBA";"POMACOCHA";"GOBIERNO REGIONAL";"I-1";"00009698";"PUESTO DE SALUD INCAPACCHAN";"NE_0001";"";"NE_0001";"NE_0001";"NE_0001";"NE_0001";"NE_0001";"NE_0001";"NE_0001"
"2023";"01";"090207";"HUANCAVELICA";"ACOBAMBA";"POMACOCHA";"GOBIERNO REGIONAL";"I-2";"00003923";"PUESTO DE SALUD POMACOCHA";"NE_0001";"";"NE_0001";"NE_0001";"NE_0001";"NE_0001";"NE_0001";"NE_0001";"NE_0001"
"2023";"01";"090201";"HUANCAVELICA";"ACOBAMBA";"ACOBAMBA";"GOBIERNO REGIONAL";"I-1";"00003922";"PUESTO DE SALUD CCARABAMBA";"NE_0001";"";"NE_0001";"NE_0001";"NE_0001";"NE_0001";"NE_0001";"NE_0001";"NE_0001"
"2023";"01";"090207";"HUANCAVELICA";"ACOBAMBA";"POMACOCHA";"GOBIERNO REGIONAL";"I-1";"00009707";"PUESTO DE SALUD AYAHUASAN";"NE_0001";"";"NE_0001";"NE_0001";"NE_0001";"NE_0001";"NE_0001";"NE_0001";"NE_0001"
"2023";"01";"090201";"HUANCAVELICA";"ACOBAMBA";"ACOBAMBA";"GOBIERNO REGIONAL";"I-1";"00009502";"PUESTO DE SALUD TRES DE OCTUBRE";"NE_0001";"";"NE_0001";"NE_0001";"NE_0001";"NE_0001";"NE_0001";"NE_0001";"NE_0001"
"2023";"01";"090207";"HUANCAVELICA";"ACOBAMBA";"POMACOCHA";"GOBIERNO REGIONAL";"I-3";"00003924";"CENTRO DE SALUD CHOCLOCOCHA";"NE_0001";"";"NE_0001";"NE_0001";"NE_0001";"NE_0001";"NE_0001";"NE_0001";"NE_0001"
"2023";"01";"090201";"HUANCAVELICA";"ACOBAMBA";"ACOBAMBA";"GOBIERNO REGIONAL";"I-1";"00003920";"PUESTO DE SALUD DE CCARHUACC";"NE_0001";"";"NE_0001";"NE_0001";"NE_0001";"NE_0001";"NE_0001";"NE_0001";"NE_0001"
"2023";"01";"090201";"HUANCAVELICA";"ACOBAMBA";"ACOBAMBA";"GOBIERNO REGIONAL";"I-1";"00003921";"PUESTO DE SALUD DE VILLA RICA";"NE_0001";"";"NE_0001";"NE_0001";"NE_0001";"NE_0001";"NE_0001";"NE_0001";"NE_0001"
"2023";"01";"090207";"HUANCAVELICA";"ACOBAMBA";"POMACOCHA";"GOBIERNO REGIONAL";"I-1";"00003925";"PUESTO DE SALUD YANACCOCHA";"NE_0001";"";"NE_0001";"NE_0001";"NE_0001";"NE_0001";"NE_0001";"NE_0001";"NE_0001"
"2023";"01";"090201";"HUANCAVELICA";"ACOBAMBA";"ACOBAMBA";"GOBIERNO REGIONAL";"I-2";"00003918";"PUESTO DE SALUD CURIMARAY";"NE_0001";"";"NE_0001";"NE_0001";"NE_0001";"NE_0001";"NE_0001";"NE_0001";"NE_0001"
"2023";"01";"090201";"HUANCAVELICA";"ACOBAMBA";"ACOBAMBA";"GOBIERNO REGIONAL";"I-1";"00003919";"PUESTO DE SALUD POMAVILCA";"NE_0001";"";"NE_0001";"NE_0001";"NE_0001";"NE_0001";"NE_0001";"NE_0001";"NE_0001"
"2023";"01";"060101";"CAJAMARCA";"CAJAMARCA";"CAJAMARCA";"PRIVADO";"I-3";"00029378";"SALUD OCUPACIONAL  EL GALENO";"NE_0001";"";"NE_0001";"NE_0001";"NE_0001";"NE_0001";"NE_0001";"NE_0001";"NE_0001"
"2023";"01";"150108";"LIMA";"LIMA";"CHORRILLOS";"MINSA";"III-E";"00007734";"INSTITUTO NACIONAL DE REHABILITACION DRA. ADRIANA REBAZA FLORES - AMISTAD PERU-JAPON";"240000";"HOSPITALIZACIÓN";"19";"15";"684";"577";"21";"668";"0"
"2023";"01";"150131";"LIMA";"LIMA";"SAN ISIDRO";"PRIVADO";"II-E";"00011358";"CONFÍA INSTITUTO OFTALMOLÓGICO";"NE_0001";"";"NE_0001";"NE_0001";"NE_0001";"NE_0001";"NE_0001";"NE_0001";"NE_0001"
"2023";"01";"150136";"LIMA";"LIMA";"SAN MIGUEL";"SANIDAD DE LA POLICIA NACIONAL DEL PERU";"II-E";"00014718";"HOSPITAL GERIATRICO PNP SAN JOSE";"244400";"HOSPITALIZACIÓN DE MEDICINA GERIATRIA ";"35";"35";"475";"494";"21";"651";"10"
"2023";"01";"150142";"LIMA";"LIMA";"VILLA EL SALVADOR";"PRIVADO";"I-2";"00013687";"ARIE";"NE_0002";"";"NE_0002";"NE_0002";"NE_0002";"NE_0002";"NE_0002";"NE_0002";"NE_0002"
"2023";"01";"120502";"JUNIN";"JUNIN";"CARHUAMAYO";"GOBIERNO REGIONAL";"I-3";"00000537";"CARHUAMAYO";"NE_0001";"";"NE_0001";"NE_0001";"NE_0001";"NE_0001";"NE_0001";"NE_0001";"NE_0001"
"2023";"01";"120504";"JUNIN";"JUNIN";"ULCUMAYO";"GOBIERNO REGIONAL";"I-1";"00000538";"LLAUPI";"NE_0001";"";"NE_0001";"NE_0001";"NE_0001";"NE_0001";"NE_0001";"NE_0001";"NE_0001"
"2023";"01";"120504";"JUNIN";"JUNIN";"ULCUMAYO";"GOBIERNO REGIONAL";"I-1";"00000540";"JACHAHUANCA";"NE_0001";"";"NE_0001";"NE_0001";"NE_0001";"NE_0001";"NE_0001";"NE_0001";"NE_0001"
"2023";"01";"120502";"JUNIN";"JUNIN";"CARHUAMAYO";"GOBIERNO REGIONAL";"I-3";"00030166";"CENTRO DE SALUD MENTAL COMUNITARIO CARHUAMAYO";"NE_0001";"";"NE_0001";"NE_0001";"NE_0001";"NE_0001";"NE_0001";"NE_0001";"NE_0001"
"2023";"01";"120501";"JUNIN";"JUNIN";"JUNIN";"GOBIERNO REGIONAL";"I-1";"00000536";"HUAYRE";"NE_0001";"";"NE_0001";"NE_0001";"NE_0001";"NE_0001";"NE_0001";"NE_0001";"NE_0001"
"2023";"01";"120504";"JUNIN";"JUNIN";"ULCUMAYO";"GOBIERNO REGIONAL";"I-1";"00000539";"PUYAY";"NE_0001";"";"NE_0001";"NE_0001";"NE_0001";"NE_0001";"NE_0001";"NE_0001";"NE_0001"
"2023";"01";"120504";"JUNIN";"JUNIN";"ULCUMAYO";"GOBIERNO REGIONAL";"I-1";"00000541";"CARAPACHO";"NE_0001";"";"NE_0001";"NE_0001";"NE_0001";"NE_0001";"NE_0001";"NE_0001";"NE_0001"
"2023";"01";"210101";"PUNO";"PUNO";"PUNO";"ESSALUD";"I-3";"00009217";"CENTRO DE ATENCION PRIMARIA III METROPOLITANO DE PUNO";"NE_0001";"";"NE_0001";"NE_0001";"NE_0001";"NE_0001";"NE_0001";"NE_0001";"NE_0001"
"2023";"01";"040512";"AREQUIPA";"CAYLLOMA";"MACA";"GOBIERNO REGIONAL";"I-2";"00001430";"PUESTO DE SALUD MACA";"NE_0001";"";"NE_0001";"NE_0001";"NE_0001";"NE_0001";"NE_0001";"NE_0001";"NE_0001"
"2023";"01";"211301";"PUNO";"YUNGUYO";"YUNGUYO";"ESSALUD";"I-3";"00009219";"YUNGUYO";"NE_0001";"";"NE_0001";"NE_0001";"NE_0001";"NE_0001";"NE_0001";"NE_0001";"NE_0001"
"2023";"01";"120601";"JUNIN";"SATIPO";"SATIPO";"GOBIERNO REGIONAL";"I-3";"00027078";"CENTRO DE SALUD MENTAL COMUNITARIO SATIPO";"NE_0001";"";"NE_0001";"NE_0001";"NE_0001";"NE_0001";"NE_0001";"NE_0001";"NE_0001"
"2023";"01";"150108";"LIMA";"LIMA";"CHORRILLOS";"SANIDAD DEL EJERCITO DEL PERU";"I-4";"00018171";"POLICLINICO MILITAR CHORRILLOS";"NE_0001";"";"NE_0001";"NE_0001";"NE_0001";"NE_0001";"NE_0001";"NE_0001";"NE_0001"
"2023";"01";"150118";"LIMA";"LIMA";"LURIGANCHO";"MINSA";"II-2";"00005947";"HOSPITAL DE MEDIANA COMPLEJIDAD JOSE AGURTO TELLO";"241900";"HOSPITALIZACIÓN DE MEDICINA MEDICINA INTERNA ";"51";"39";"233";"257";"12";"372";"0"
"2023";"01";"150118";"LIMA";"LIMA";"LURIGANCHO";"MINSA";"II-2";"00005947";"HOSPITAL DE MEDIANA COMPLEJIDAD JOSE AGURTO TELLO";"240100";"HOSPITALIZACIÓN QUIRÚRGICA CIRUGÍA GENERAL ";"119";"110";"276";"286";"16";"496";"0"
"2023";"01";"150118";"LIMA";"LIMA";"LURIGANCHO";"MINSA";"II-2";"00005947";"HOSPITAL DE MEDIANA COMPLEJIDAD JOSE AGURTO TELLO";"241200";"HOSPITALIZACIÓN QUIRÚRGICA TRAUMATOLOGÍA Y ORTOPEDIA ";"19";"19";"90";"89";"5";"155";"0"
"2023";"01";"150118";"LIMA";"LIMA";"LURIGANCHO";"MINSA";"II-2";"00005947";"HOSPITAL DE MEDIANA COMPLEJIDAD JOSE AGURTO TELLO";"240600";"HOSPITALIZACIÓN QUIRÚRGICA CIRUGÍA OFTALMOLÓGICA ";"2";"2";"2";"2";"1";"31";"0"
"2023";"01";"150118";"LIMA";"LIMA";"LURIGANCHO";"MINSA";"II-2";"00005947";"HOSPITAL DE MEDIANA COMPLEJIDAD JOSE AGURTO TELLO";"243200";"HOSPITALIZACIÓN DE PEDIATRÍA PEDIATRIA NEONATOLOGÍA";"12";"8";"39";"48";"5";"155";"0"
"2023";"01";"150118";"LIMA";"LIMA";"LURIGANCHO";"MINSA";"II-2";"00005947";"HOSPITAL DE MEDIANA COMPLEJIDAD JOSE AGURTO TELLO";"242500";"HOSPITALIZACIÓN-PEDIATRÍA GENERAL-";"17";"15";"64";"61";"7";"217";"0"
"2023";"01";"150118";"LIMA";"LIMA";"LURIGANCHO";"MINSA";"II-2";"00005947";"HOSPITAL DE MEDIANA COMPLEJIDAD JOSE AGURTO TELLO";"241500";"HOSPITALIZACIÓN QUIRÚRGICA GINECOLOGÍA  ";"7";"5";"23";"25";"4";"124";"0"
"2023";"01";"150118";"LIMA";"LIMA";"LURIGANCHO";"MINSA";"II-2";"00005947";"HOSPITAL DE MEDIANA COMPLEJIDAD JOSE AGURTO TELLO";"241600";"HOSPITALIZACIÓN QUIRÚRGICA OBSTETRICIA   ";"105";"95";"217";"228";"17";"527";"0"
"2023";"01";"070101";"CALLAO";"CALLAO";"CALLAO";"ESSALUD";"II-2";"00010533";"HOSPITAL II LIMA NORTE CALLAO ""LUIS NEGREIROS VEGA"" ESSALUD";"241900";"HOSPITALIZACIÓN DE MEDICINA MEDICINA INTERNA ";"211";"191";"1295";"1471";"60";"1860";"8"
"2023";"01";"070101";"CALLAO";"CALLAO";"CALLAO";"ESSALUD";"II-2";"00010533";"HOSPITAL II LIMA NORTE CALLAO ""LUIS NEGREIROS VEGA"" ESSALUD";"240100";"HOSPITALIZACIÓN QUIRÚRGICA CIRUGÍA GENERAL ";"385";"377";"621";"790";"34";"1054";"0"
"2023";"01";"070101";"CALLAO";"CALLAO";"CALLAO";"ESSALUD";"II-2";"00010533";"HOSPITAL II LIMA NORTE CALLAO ""LUIS NEGREIROS VEGA"" ESSALUD";"241600";"HOSPITALIZACIÓN QUIRÚRGICA OBSTETRICIA   ";"460";"467";"802";"695";"36";"1116";"0"
"2023";"01";"070101";"CALLAO";"CALLAO";"CALLAO";"ESSALUD";"II-2";"00010533";"HOSPITAL II LIMA NORTE CALLAO ""LUIS NEGREIROS VEGA"" ESSALUD";"242300";"HOSPITALIZACIÓN DE PEDIATRÍA  PEDIATRÍA  GENERAL ";"85";"83";"249";"256";"13";"403";"0"
"2023";"01";"040112";"AREQUIPA";"AREQUIPA";"PAUCARPATA";"ESSALUD";"II-1";"00013296";"HOSPITAL I EDMUNDO ESCOMEL";"241800";"HOSPITALIZACIÓN DE MEDICINA MEDICINA GENERAL ";"77";"81";"381";"370";"14";"434";"5"
"2023";"01";"040112";"AREQUIPA";"AREQUIPA";"PAUCARPATA";"ESSALUD";"II-1";"00013296";"HOSPITAL I EDMUNDO ESCOMEL";"240100";"HOSPITALIZACIÓN QUIRÚRGICA CIRUGÍA GENERAL ";"169";"166";"388";"387";"13";"403";"1"
"2023";"01";"040112";"AREQUIPA";"AREQUIPA";"PAUCARPATA";"ESSALUD";"II-1";"00013296";"HOSPITAL I EDMUNDO ESCOMEL";"241200";"HOSPITALIZACIÓN QUIRÚRGICA TRAUMATOLOGÍA Y ORTOPEDIA ";"24";"26";"100";"95";"4";"124";"0"
"2023";"01";"040112";"AREQUIPA";"AREQUIPA";"PAUCARPATA";"ESSALUD";"II-1";"00013296";"HOSPITAL I EDMUNDO ESCOMEL";"241500";"HOSPITALIZACIÓN QUIRÚRGICA GINECOLOGÍA  ";"35";"33";"90";"91";"3";"93";"0"
"2023";"01";"040112";"AREQUIPA";"AREQUIPA";"PAUCARPATA";"ESSALUD";"II-1";"00013296";"HOSPITAL I EDMUNDO ESCOMEL";"241600";"HOSPITALIZACIÓN QUIRÚRGICA OBSTETRICIA   ";"182";"171";"375";"409";"14";"434";"0"
"2023";"01";"040112";"AREQUIPA";"AREQUIPA";"PAUCARPATA";"ESSALUD";"II-1";"00013296";"HOSPITAL I EDMUNDO ESCOMEL";"242300";"HOSPITALIZACIÓN DE PEDIATRÍA  PEDIATRÍA  GENERAL ";"142";"137";"279";"292";"10";"310";"0"
"2023";"01";"200601";"PIURA";"SULLANA";"SULLANA";"SANIDAD DE LA POLICIA NACIONAL DEL PERU";"I-2";"00010688";"POSTA  MEDICA  POLICIAL  SULLANA";"NE_0001";"";"NE_0001";"NE_0001";"NE_0001";"NE_0001";"NE_0001";"NE_0001";"NE_0001"
"2023";"01";"100101";"HUANUCO";"HUANUCO";"HUANUCO";"SANIDAD DE LA POLICIA NACIONAL DEL PERU";"I-3";"00011421";"POLICLINICO POLICIAL HUÀNUCO";"NE_0001";"";"NE_0001";"NE_0001";"NE_0001";"NE_0001";"NE_0001";"NE_0001";"NE_0001"
"2023";"01";"021903";"ANCASH";"SIHUAS";"ALFONSO UGARTE";"GOBIERNO REGIONAL";"I-1";"00001805";"PUESTO DE SALUD ULLOLLUCO";"NE_0002";"";"NE_0002";"NE_0002";"NE_0002";"NE_0002";"NE_0002";"NE_0002";"NE_0002"
"2023";"01";"021907";"ANCASH";"SIHUAS";"QUICHES";"GOBIERNO REGIONAL";"I-3";"00001806";"CENTRO DE SALUD QUICHES";"241400";"HOSPITALIZACIÓN QUIRÚRGICA GINECO - OBSTETRICIA ";"2";"2";"2";"2";"2";"3";"0"
"2023";"01";"021902";"ANCASH";"SIHUAS";"ACOBAMBA";"GOBIERNO REGIONAL";"I-1";"00001799";"PUESTO DE SALUD ACOBAMBA";"241400";"HOSPITALIZACIÓN QUIRÚRGICA GINECO - OBSTETRICIA ";"1";"1";"1";"1";"1";"2";"0"
"2023";"01";"021905";"ANCASH";"SIHUAS";"CHINGALPO";"GOBIERNO REGIONAL";"I-1";"00001800";"PUESTO DE SALUD CHINGALPO";"241400";"HOSPITALIZACIÓN QUIRÚRGICA GINECO - OBSTETRICIA ";"1";"1";"1";"1";"1";"2";"0"
"2023";"01";"021905";"ANCASH";"SIHUAS";"CHINGALPO";"GOBIERNO REGIONAL";"I-1";"00001754";"PUESTO DE SALUD SAN MIGUEL";"NE_0002";"";"NE_0002";"NE_0002";"NE_0002";"NE_0002";"NE_0002";"NE_0002";"NE_0002"
"2023";"01";"021903";"ANCASH";"SIHUAS";"ALFONSO UGARTE";"GOBIERNO REGIONAL";"I-1";"00001805";"PUESTO DE SALUD ULLOLLUCO";"NE_0002";"";"NE_0002";"NE_0002";"NE_0002";"NE_0002";"NE_0002";"NE_0002";"NE_0002"
"2023";"01";"021907";"ANCASH";"SIHUAS";"QUICHES";"GOBIERNO REGIONAL";"I-1";"00001807";"PUESTO DE SALUD JOCOSBAMBA";"241400";"HOSPITALIZACIÓN QUIRÚRGICA GINECO - OBSTETRICIA ";"2";"2";"2";"2";"2";"3";"0"
"2023";"01";"240101";"TUMBES";"TUMBES";"TUMBES";"GOBIERNO REGIONAL";"II-2";"00017077";"HOSPITAL REGIONAL JOSE ALFREDO MENDOZA OLAVARRIA JAMO II-2";"240100";"HOSPITALIZACIÓN QUIRÚRGICA CIRUGÍA GENERAL ";"150";"150";"625";"510";"30";"930";"0"
"2023";"01";"240101";"TUMBES";"TUMBES";"TUMBES";"GOBIERNO REGIONAL";"II-2";"00017077";"HOSPITAL REGIONAL JOSE ALFREDO MENDOZA OLAVARRIA JAMO II-2";"241800";"HOSPITALIZACIÓN DE MEDICINA MEDICINA GENERAL ";"75";"75";"751";"688";"23";"713";"8"
"2023";"01";"240101";"TUMBES";"TUMBES";"TUMBES";"GOBIERNO REGIONAL";"II-2";"00017077";"HOSPITAL REGIONAL JOSE ALFREDO MENDOZA OLAVARRIA JAMO II-2";"242500";"HOSPITALIZACIÓN-PEDIATRÍA GENERAL-";"42";"42";"186";"152";"17";"527";"0"
"2023";"01";"240101";"TUMBES";"TUMBES";"TUMBES";"GOBIERNO REGIONAL";"II-2";"00017077";"HOSPITAL REGIONAL JOSE ALFREDO MENDOZA OLAVARRIA JAMO II-2";"243200";"HOSPITALIZACIÓN DE PEDIATRÍA PEDIATRIA NEONATOLOGÍA";"22";"22";"212";"170";"6";"186";"0"
"2023";"01";"240101";"TUMBES";"TUMBES";"TUMBES";"GOBIERNO REGIONAL";"II-2";"00017077";"HOSPITAL REGIONAL JOSE ALFREDO MENDOZA OLAVARRIA JAMO II-2";"250103";"UNIDAD DE CUIDADOS CRITICOS UNIDAD  DE CUIDADOS INTENSIVOS GENERALES  (UCI) MEDICINA";"7";"7";"275";"190";"7";"217";"4"
"2023";"01";"240101";"TUMBES";"TUMBES";"TUMBES";"GOBIERNO REGIONAL";"II-2";"00017077";"HOSPITAL REGIONAL JOSE ALFREDO MENDOZA OLAVARRIA JAMO II-2";"250105";"UNIDAD DE CUIDADOS CRITICOS UNIDAD  DE CUIDADOS INTENSIVOS  (UCI) NEONATOLOGÍA";"8";"8";"129";"121";"4";"124";"3"
"2023";"01";"240101";"TUMBES";"TUMBES";"TUMBES";"GOBIERNO REGIONAL";"II-2";"00017077";"HOSPITAL REGIONAL JOSE ALFREDO MENDOZA OLAVARRIA JAMO II-2";"241400";"HOSPITALIZACIÓN QUIRÚRGICA GINECO - OBSTETRICIA ";"310";"310";"923";"701";"32";"992";"0"
"2023";"01";"021905";"ANCASH";"SIHUAS";"CHINGALPO";"GOBIERNO REGIONAL";"I-1";"00001754";"PUESTO DE SALUD SAN MIGUEL";"NE_0002";"";"NE_0002";"NE_0002";"NE_0002";"NE_0002";"NE_0002";"NE_0002";"NE_0002"
"2023";"01";"021907";"ANCASH";"SIHUAS";"QUICHES";"GOBIERNO REGIONAL";"I-3";"00001806";"CENTRO DE SALUD QUICHES";"241400";"HOSPITALIZACIÓN QUIRÚRGICA GINECO - OBSTETRICIA ";"2";"2";"2";"2";"2";"3";"0"
"2023";"01";"080107";"CUSCO";"CUSCO";"SAYLLA";"GOBIERNO REGIONAL";"I-2";"00002314";"SAYLLA";"NE_0002";"";"NE_0002";"NE_0002";"NE_0002";"NE_0002";"NE_0002";"NE_0002";"NE_0002"
"2023";"01";"080104";"CUSCO";"CUSCO";"SAN JERONIMO";"GOBIERNO REGIONAL";"I-4";"00002300";"SAN JERONIMO";"NE_0002";"";"NE_0002";"NE_0002";"NE_0002";"NE_0002";"NE_0002";"NE_0002";"NE_0002"
"2023";"01";"080206";"CUSCO";"ACOMAYO";"RONDOCAN";"GOBIERNO REGIONAL";"I-3";"00002323";"RONDOCAN";"NE_0002";"";"NE_0002";"NE_0002";"NE_0002";"NE_0002";"NE_0002";"NE_0002";"NE_0002"
"2023";"01";"080105";"CUSCO";"CUSCO";"SAN SEBASTIAN";"GOBIERNO REGIONAL";"I-3";"00002301";"SAN SEBASTIAN";"NE_0002";"";"NE_0002";"NE_0002";"NE_0002";"NE_0002";"NE_0002";"NE_0002";"NE_0002"
"2023";"01";"080104";"CUSCO";"CUSCO";"SAN JERONIMO";"GOBIERNO REGIONAL";"I-1";"00007699";"CONCHACALLE";"NE_0002";"";"NE_0002";"NE_0002";"NE_0002";"NE_0002";"NE_0002";"NE_0002";"NE_0002"
"2023";"01";"080105";"CUSCO";"CUSCO";"SAN SEBASTIAN";"GOBIERNO REGIONAL";"I-3";"00002303";"SANTA ROSA";"NE_0002";"";"NE_0002";"NE_0002";"NE_0002";"NE_0002";"NE_0002";"NE_0002";"NE_0002"
"2023";"01";"180301";"MOQUEGUA";"ILO";"ILO";"ESSALUD";"II-1";"00016153";"HOSPITAL II ILO";"241800";"HOSPITALIZACIÓN DE MEDICINA MEDICINA GENERAL ";"33";"27";"204";"237";"8";"248";"5"
"2023";"01";"180301";"MOQUEGUA";"ILO";"ILO";"ESSALUD";"II-1";"00016153";"HOSPITAL II ILO";"240100";"HOSPITALIZACIÓN QUIRÚRGICA CIRUGÍA GENERAL ";"53";"49";"185";"192";"7";"217";"0"
"2023";"01";"180301";"MOQUEGUA";"ILO";"ILO";"ESSALUD";"II-1";"00016153";"HOSPITAL II ILO";"241500";"HOSPITALIZACIÓN QUIRÚRGICA GINECOLOGÍA  ";"21";"22";"82";"73";"3";"93";"0"
"2023";"01";"180301";"MOQUEGUA";"ILO";"ILO";"ESSALUD";"II-1";"00016153";"HOSPITAL II ILO";"241600";"HOSPITALIZACIÓN QUIRÚRGICA OBSTETRICIA   ";"40";"41";"102";"99";"4";"124";"0"
"2023";"01";"180301";"MOQUEGUA";"ILO";"ILO";"ESSALUD";"II-1";"00016153";"HOSPITAL II ILO";"242300";"HOSPITALIZACIÓN DE PEDIATRÍA  PEDIATRÍA  GENERAL ";"12";"9";"24";"31";"1";"31";"0"
"2023";"01";"180301";"MOQUEGUA";"ILO";"ILO";"ESSALUD";"II-1";"00016153";"HOSPITAL II ILO";"250304";"HOSPIT. EN UNIDAD DE CUID.INTEN.-UNIDAD DE VIGILANCIA INTENSIVA (UVI)-MEDICINA";"6";"6";"8";"8";"1";"31";"0"
"2023";"01";"061111";"CAJAMARCA";"SAN MIGUEL";"SAN SILVESTRE DE COCHAN";"GOBIERNO REGIONAL";"I-1";"00004566";"TANTACHUAL BAJO";"NE_0001";"";"NE_0001";"NE_0001";"NE_0001";"NE_0001";"NE_0001";"NE_0001";"NE_0001"
"2023";"01";"061107";"CAJAMARCA";"SAN MIGUEL";"LLAPA";"GOBIERNO REGIONAL";"I-1";"00004565";"SAN ANTONIO DE OJOS";"NE_0001";"";"NE_0001";"NE_0001";"NE_0001";"NE_0001";"NE_0001";"NE_0001";"NE_0001"
"2023";"01";"061111";"CAJAMARCA";"SAN MIGUEL";"SAN SILVESTRE DE COCHAN";"GOBIERNO REGIONAL";"I-1";"00007084";"LUCMILLO";"NE_0001";"";"NE_0001";"NE_0001";"NE_0001";"NE_0001";"NE_0001";"NE_0001";"NE_0001"
"2023";"01";"061107";"CAJAMARCA";"SAN MIGUEL";"LLAPA";"GOBIERNO REGIONAL";"I-1";"00004609";"UCHUQUINUA";"NE_0001";"";"NE_0001";"NE_0001";"NE_0001";"NE_0001";"NE_0001";"NE_0001";"NE_0001"
"2023";"01";"061107";"CAJAMARCA";"SAN MIGUEL";"LLAPA";"GOBIERNO REGIONAL";"I-3";"00004562";"LLAPA";"NE_0001";"";"NE_0001";"NE_0001";"NE_0001";"NE_0001";"NE_0001";"NE_0001";"NE_0001"
"2023";"01";"061107";"CAJAMARCA";"SAN MIGUEL";"LLAPA";"GOBIERNO REGIONAL";"I-1";"00004564";"SABANA";"NE_0001";"";"NE_0001";"NE_0001";"NE_0001";"NE_0001";"NE_0001";"NE_0001";"NE_0001"
"2023";"01";"061111";"CAJAMARCA";"SAN MIGUEL";"SAN SILVESTRE DE COCHAN";"GOBIERNO REGIONAL";"I-2";"00004568";"SAN SILVESTRE DE COCHAN";"NE_0001";"";"NE_0001";"NE_0001";"NE_0001";"NE_0001";"NE_0001";"NE_0001";"NE_0001"
"2023";"01";"061111";"CAJAMARCA";"SAN MIGUEL";"SAN SILVESTRE DE COCHAN";"GOBIERNO REGIONAL";"I-1";"00004563";"EL TAMBO";"NE_0001";"";"NE_0001";"NE_0001";"NE_0001";"NE_0001";"NE_0001";"NE_0001";"NE_0001"
"2023";"01";"061107";"CAJAMARCA";"SAN MIGUEL";"LLAPA";"GOBIERNO REGIONAL";"I-1";"00004567";"PAMPA CUYOC";"NE_0001";"";"NE_0001";"NE_0001";"NE_0001";"NE_0001";"NE_0001";"NE_0001";"NE_0001"
"2023";"01";"061107";"CAJAMARCA";"SAN MIGUEL";"LLAPA";"GOBIERNO REGIONAL";"I-1";"00007083";"PABELLON CHICO";"NE_0001";"";"NE_0001";"NE_0001";"NE_0001";"NE_0001";"NE_0001";"NE_0001";"NE_0001"
"2023";"01";"100101";"HUANUCO";"HUANUCO";"HUANUCO";"PRIVADO";"II-E";"00011592";"CLINICA HUANUCO E-I-R-LTDA.";"244700";"HOSPITALIZACIÓN DE MEDICINA NEUROLOGIA  ";"4";"4";"8";"8";"1";"18";"0"
"2023";"01";"100101";"HUANUCO";"HUANUCO";"HUANUCO";"PRIVADO";"II-E";"00011592";"CLINICA HUANUCO E-I-R-LTDA.";"241200";"HOSPITALIZACIÓN QUIRÚRGICA TRAUMATOLOGÍA Y ORTOPEDIA ";"25";"25";"60";"60";"4";"60";"0"
"2023";"01";"100101";"HUANUCO";"HUANUCO";"HUANUCO";"PRIVADO";"II-E";"00011592";"CLINICA HUANUCO E-I-R-LTDA.";"241300";"HOSPITALIZACIÓN QUIRÚRGICA UROLOGÍA  ";"23";"23";"60";"60";"4";"60";"0"
"2023";"01";"100101";"HUANUCO";"HUANUCO";"HUANUCO";"PRIVADO";"II-E";"00011592";"CLINICA HUANUCO E-I-R-LTDA.";"240100";"HOSPITALIZACIÓN QUIRÚRGICA CIRUGÍA GENERAL ";"32";"32";"74";"74";"5";"86";"0"
"2023";"01";"100101";"HUANUCO";"HUANUCO";"HUANUCO";"PRIVADO";"II-E";"00011592";"CLINICA HUANUCO E-I-R-LTDA.";"242300";"HOSPITALIZACIÓN DE PEDIATRÍA  PEDIATRÍA  GENERAL ";"5";"5";"15";"15";"1";"15";"0"
"2023";"01";"100101";"HUANUCO";"HUANUCO";"HUANUCO";"PRIVADO";"II-E";"00011592";"CLINICA HUANUCO E-I-R-LTDA.";"241900";"HOSPITALIZACIÓN DE MEDICINA MEDICINA INTERNA ";"10";"10";"27";"27";"2";"33";"0"
"2023";"01";"100101";"HUANUCO";"HUANUCO";"HUANUCO";"PRIVADO";"II-E";"00011592";"CLINICA HUANUCO E-I-R-LTDA.";"241400";"HOSPITALIZACIÓN QUIRÚRGICA GINECO - OBSTETRICIA ";"21";"21";"52";"52";"5";"98";"0"
"2023";"01";"221005";"SAN MARTIN";"TOCACHE";"UCHIZA";"SANIDAD DE LA POLICIA NACIONAL DEL PERU";"I-1";"00025272";"PUESTO SANITARIO PNP SANTA LUCIA";"NE_0001";"";"NE_0001";"NE_0001";"NE_0001";"NE_0001";"NE_0001";"NE_0001";"NE_0001"
"2023";"01";"150114";"LIMA";"LIMA";"LA MOLINA";"PRIVADO";"I-2";"00009093";"ARIE";"NE_0002";"";"NE_0002";"NE_0002";"NE_0002";"NE_0002";"NE_0002";"NE_0002";"NE_0002"
"2023";"01";"100101";"HUANUCO";"HUANUCO";"HUANUCO";"PRIVADO";"II-E";"00021062";"CLINICA SAN JUAN BOSCO E.I.R.L.";"240000";"HOSPITALIZACIÓN";"15";"14";"17";"15";"11";"330";"0"
"2023";"01";"150113";"LIMA";"LIMA";"JESUS MARIA";"PRIVADO";"II-E";"00010669";"CLÍNICA PERUANA DE LA VISION";"NE_0001";"";"NE_0001";"NE_0001";"NE_0001";"NE_0001";"NE_0001";"NE_0001";"NE_0001"
"2023";"01";"150140";"LIMA";"LIMA";"SANTIAGO DE SURCO";"PRIVADO";"II-E";"00024304";"CLINICA BINOMIUM";"NE_0002";"";"NE_0002";"NE_0002";"NE_0002";"NE_0002";"NE_0002";"NE_0002";"NE_0002"
"2023";"01";"200101";"PIURA";"PIURA";"PIURA";"PRIVADO";"II-1";"00018310";"SANNA - CLINICA BELEN";"240000";"HOSPITALIZACIÓN";"362";"346";"891";"913";"36";"1116";"1"
"2023";"01";"200101";"PIURA";"PIURA";"PIURA";"PRIVADO";"II-1";"00018310";"SANNA - CLINICA BELEN";"250100";"UNIDAD DE CUIDADOS CRITICOS UNIDAD  DE CUIDADOS INTENSIVOS GENERALES (UCI) ";"8";"1";"45";"131";"5";"155";"0"
"2023";"01";"150116";"LIMA";"LIMA";"LINCE";"PRIVADO";"II-E";"00015927";"CLINICA DE OJOS D´OPELUCE";"NE_0001";"";"NE_0001";"NE_0001";"NE_0001";"NE_0001";"NE_0001";"NE_0001";"NE_0001"
"2023";"01";"050904";"AYACUCHO";"SUCRE";"CHILCAYOC";"GOBIERNO REGIONAL";"I-2";"00003805";"PUESTO DE SALUD CHILCAYOCC";"NE_0001";"";"NE_0001";"NE_0001";"NE_0001";"NE_0001";"NE_0001";"NE_0001";"NE_0001"
"2023";"01";"050909";"AYACUCHO";"SUCRE";"SAN SALVADOR DE QUIJE";"GOBIERNO REGIONAL";"I-1";"00003806";"PUESTO DE SALUD SAN SALVADOR DE QUIJE";"NE_0001";"";"NE_0001";"NE_0001";"NE_0001";"NE_0001";"NE_0001";"NE_0001";"NE_0001"
"2023";"01";"050901";"AYACUCHO";"SUCRE";"QUEROBAMBA";"GOBIERNO REGIONAL";"I-4";"00003808";"CENTRO DE SALUD QUEROBAMBA";"241600";"HOSPITALIZACIÓN QUIRÚRGICA OBSTETRICIA   ";"5";"5";"8";"1";"10";"11";"0"
"2023";"01";"050907";"AYACUCHO";"SUCRE";"PAICO";"GOBIERNO REGIONAL";"I-1";"00003813";"PUESTO DE SALUD PAICO";"NE_0001";"";"NE_0001";"NE_0001";"NE_0001";"NE_0001";"NE_0001";"NE_0001";"NE_0001"
"2023";"01";"050905";"AYACUCHO";"SUCRE";"HUACAÑA";"GOBIERNO REGIONAL";"I-1";"00003719";"PUESTO DE SALUD HUACAÑA";"NE_0001";"";"NE_0001";"NE_0001";"NE_0001";"NE_0001";"NE_0001";"NE_0001";"NE_0001"
"2023";"01";"050901";"AYACUCHO";"SUCRE";"QUEROBAMBA";"GOBIERNO REGIONAL";"I-1";"00003802";"PUESTO DE SALUD POTONGO";"NE_0001";"";"NE_0001";"NE_0001";"NE_0001";"NE_0001";"NE_0001";"NE_0001";"NE_0001"
"2023";"01";"050910";"AYACUCHO";"SUCRE";"SANTIAGO DE PAUCARAY";"GOBIERNO REGIONAL";"I-1";"00007096";"PUESTO DE SALUD AUTAMA";"NE_0001";"";"NE_0001";"NE_0001";"NE_0001";"NE_0001";"NE_0001";"NE_0001";"NE_0001"
"2023";"01";"050906";"AYACUCHO";"SUCRE";"MORCOLLA";"GOBIERNO REGIONAL";"I-1";"00003812";"PUESTO DE SALUD HUACO";"NE_0001";"";"NE_0001";"NE_0001";"NE_0001";"NE_0001";"NE_0001";"NE_0001";"NE_0001"
"2023";"01";"050901";"AYACUCHO";"SUCRE";"QUEROBAMBA";"GOBIERNO REGIONAL";"I-1";"00003809";"PUESTO DE SALUD CHONTA";"NE_0001";"";"NE_0001";"NE_0001";"NE_0001";"NE_0001";"NE_0001";"NE_0001";"NE_0001"
"2023";"01";"050906";"AYACUCHO";"SUCRE";"MORCOLLA";"GOBIERNO REGIONAL";"I-1";"00003810";"PUESTO DE SALUD MORCOLLA";"NE_0001";"";"NE_0001";"NE_0001";"NE_0001";"NE_0001";"NE_0001";"NE_0001";"NE_0001"
"2023";"01";"050906";"AYACUCHO";"SUCRE";"MORCOLLA";"GOBIERNO REGIONAL";"I-1";"00003811";"PUESTO DE SALUD TINTAY";"NE_0001";"";"NE_0001";"NE_0001";"NE_0001";"NE_0001";"NE_0001";"NE_0001";"NE_0001"
"2023";"01";"050907";"AYACUCHO";"SUCRE";"PAICO";"GOBIERNO REGIONAL";"I-1";"00003814";"PUESTO DE SALUD SIHUE";"NE_0001";"";"NE_0001";"NE_0001";"NE_0001";"NE_0001";"NE_0001";"NE_0001";"NE_0001"
"2023";"01";"050910";"AYACUCHO";"SUCRE";"SANTIAGO DE PAUCARAY";"GOBIERNO REGIONAL";"I-1";"00003816";"PUESTO DE SALUD SANTIAGO DE PAUCARAY";"NE_0001";"";"NE_0001";"NE_0001";"NE_0001";"NE_0001";"NE_0001";"NE_0001";"NE_0001"
"2023";"01";"050911";"AYACUCHO";"SUCRE";"SORAS";"GOBIERNO REGIONAL";"I-3";"00003818";"CENTRO DE SALUD SORAS";"NE_0002";"";"NE_0002";"NE_0002";"NE_0002";"NE_0002";"NE_0002";"NE_0002";"NE_0002"
"2023";"01";"050902";"AYACUCHO";"SUCRE";"BELEN";"GOBIERNO REGIONAL";"I-1";"00003803";"PUESTO DE SALUD BELEN";"NE_0001";"";"NE_0001";"NE_0001";"NE_0001";"NE_0001";"NE_0001";"NE_0001";"NE_0001"
"2023";"01";"050909";"AYACUCHO";"SUCRE";"SAN SALVADOR DE QUIJE";"GOBIERNO REGIONAL";"I-1";"00003807";"PUESTO DE SALUD SANTIAGO DE PALLCCA";"NE_0001";"";"NE_0001";"NE_0001";"NE_0001";"NE_0001";"NE_0001";"NE_0001";"NE_0001"
"2023";"01";"050903";"AYACUCHO";"SUCRE";"CHALCOS";"GOBIERNO REGIONAL";"I-1";"00003804";"PUESTO DE SALUD CHALCOS";"NE_0001";"";"NE_0001";"NE_0001";"NE_0001";"NE_0001";"NE_0001";"NE_0001";"NE_0001"
"2023";"01";"050908";"AYACUCHO";"SUCRE";"SAN PEDRO DE LARCAY";"GOBIERNO REGIONAL";"I-2";"00003815";"SAN PEDRO DE LARCAY";"NE_0001";"";"NE_0001";"NE_0001";"NE_0001";"NE_0001";"NE_0001";"NE_0001";"NE_0001"
"2023";"01";"050910";"AYACUCHO";"SUCRE";"SANTIAGO DE PAUCARAY";"GOBIERNO REGIONAL";"I-1";"00003817";"PUESTO DE SALUD ATIHUARA";"NE_0001";"";"NE_0001";"NE_0001";"NE_0001";"NE_0001";"NE_0001";"NE_0001";"NE_0001"
"2023";"01";"050909";"AYACUCHO";"SUCRE";"SAN SALVADOR DE QUIJE";"GOBIERNO REGIONAL";"I-1";"00006900";"PUESTO DE SALUD VISTA ALEGRE - SUCRE";"NE_0001";"";"NE_0001";"NE_0001";"NE_0001";"NE_0001";"NE_0001";"NE_0001";"NE_0001"
"2023";"01";"200701";"PIURA";"TALARA";"PARIÑAS";"PRIVADO";"II-1";"00011395";"CLINICA VIGO 2000 S. CIVIL DE R.L.";"240100";"HOSPITALIZACIÓN QUIRÚRGICA CIRUGÍA GENERAL ";"2";"2";"4";"4";"15";"396";"0"
"2023";"01";"200701";"PIURA";"TALARA";"PARIÑAS";"PRIVADO";"II-1";"00011395";"CLINICA VIGO 2000 S. CIVIL DE R.L.";"241800";"HOSPITALIZACIÓN DE MEDICINA MEDICINA GENERAL ";"1";"1";"2";"2";"15";"396";"0"
"2023";"01";"150103";"LIMA";"LIMA";"ATE";"SANIDAD DE LA POLICIA NACIONAL DEL PERU";"I-3";"00012275";"POLICLINICO PNP DINOES";"NE_0001";"";"NE_0001";"NE_0001";"NE_0001";"NE_0001";"NE_0001";"NE_0001";"NE_0001"
"2023";"01";"110401";"ICA";"PALPA";"PALPA";"ESSALUD";"I-3";"00010483";"PALPA";"NE_0001";"";"NE_0001";"NE_0001";"NE_0001";"NE_0001";"NE_0001";"NE_0001";"NE_0001"
"2023";"01";"250105";"UCAYALI";"CORONEL PORTILLO";"YARINACOCHA";"GOBIERNO REGIONAL";"II-2";"00005577";"HOSPITAL AMAZONICO - YARINACOCHA";"241400";"HOSPITALIZACIÓN QUIRÚRGICA GINECO - OBSTETRICIA ";"380";"412";"990";"1235";"65";"2015";"0"
"2023";"01";"250105";"UCAYALI";"CORONEL PORTILLO";"YARINACOCHA";"GOBIERNO REGIONAL";"II-2";"00005577";"HOSPITAL AMAZONICO - YARINACOCHA";"242500";"HOSPITALIZACIÓN-PEDIATRÍA GENERAL-";"37";"44";"233";"239";"21";"651";"2"
"2023";"01";"250105";"UCAYALI";"CORONEL PORTILLO";"YARINACOCHA";"GOBIERNO REGIONAL";"II-2";"00005577";"HOSPITAL AMAZONICO - YARINACOCHA";"250105";"UNIDAD DE CUIDADOS CRITICOS UNIDAD  DE CUIDADOS INTENSIVOS  (UCI) NEONATOLOGÍA";"14";"6";"26";"29";"6";"186";"3"
"2023";"01";"250105";"UCAYALI";"CORONEL PORTILLO";"YARINACOCHA";"GOBIERNO REGIONAL";"II-2";"00005577";"HOSPITAL AMAZONICO - YARINACOCHA";"240100";"HOSPITALIZACIÓN QUIRÚRGICA CIRUGÍA GENERAL ";"107";"128";"689";"703";"26";"806";"1"
"2023";"01";"250105";"UCAYALI";"CORONEL PORTILLO";"YARINACOCHA";"GOBIERNO REGIONAL";"II-2";"00005577";"HOSPITAL AMAZONICO - YARINACOCHA";"241800";"HOSPITALIZACIÓN DE MEDICINA MEDICINA GENERAL ";"95";"115";"783";"821";"50";"1550";"12"
"2023";"01";"250105";"UCAYALI";"CORONEL PORTILLO";"YARINACOCHA";"GOBIERNO REGIONAL";"II-2";"00005577";"HOSPITAL AMAZONICO - YARINACOCHA";"242200";"HOSPITALIZACIÓN DE MEDICINA PSIQUIATRÍA ";"1";"6";"91";"95";"9";"279";"0"
"2023";"01";"250105";"UCAYALI";"CORONEL PORTILLO";"YARINACOCHA";"GOBIERNO REGIONAL";"II-2";"00005577";"HOSPITAL AMAZONICO - YARINACOCHA";"243200";"HOSPITALIZACIÓN DE PEDIATRÍA PEDIATRIA NEONATOLOGÍA";"20";"41";"505";"372";"12";"372";"0"
"2023";"01";"250105";"UCAYALI";"CORONEL PORTILLO";"YARINACOCHA";"GOBIERNO REGIONAL";"II-2";"00005577";"HOSPITAL AMAZONICO - YARINACOCHA";"250103";"UNIDAD DE CUIDADOS CRITICOS UNIDAD  DE CUIDADOS INTENSIVOS GENERALES  (UCI) MEDICINA";"10";"10";"60";"63";"6";"186";"4"
"2023";"01";"120608";"JUNIN";"SATIPO";"RIO TAMBO";"GOBIERNO REGIONAL";"I-2";"00000516";"PUERTO ROCA";"NE_0001";"";"NE_0001";"NE_0001";"NE_0001";"NE_0001";"NE_0001";"NE_0001";"NE_0001"
"2023";"01";"120608";"JUNIN";"SATIPO";"RIO TAMBO";"GOBIERNO REGIONAL";"I-1";"00000518";"SAN CARLOS ALTO ENE";"NE_0001";"";"NE_0001";"NE_0001";"NE_0001";"NE_0001";"NE_0001";"NE_0001";"NE_0001"
"2023";"01";"120609";"JUNIN";"SATIPO";"VIZCATAN DEL ENE";"GOBIERNO REGIONAL";"I-1";"00000510";"FLORIDA";"NE_0001";"";"NE_0001";"NE_0001";"NE_0001";"NE_0001";"NE_0001";"NE_0001";"NE_0001"
"2023";"01";"120608";"JUNIN";"SATIPO";"RIO TAMBO";"GOBIERNO REGIONAL";"I-1";"00000514";"FE Y ALEGRIA LA PRIMAVERA";"NE_0001";"";"NE_0001";"NE_0001";"NE_0001";"NE_0001";"NE_0001";"NE_0001";"NE_0001"
"2023";"01";"120608";"JUNIN";"SATIPO";"RIO TAMBO";"GOBIERNO REGIONAL";"I-3";"00000517";"VALLE ESMERALDA";"NE_0001";"";"NE_0001";"NE_0001";"NE_0001";"NE_0001";"NE_0001";"NE_0001";"NE_0001"
"2023";"01";"120606";"JUNIN";"SATIPO";"PANGOA";"GOBIERNO REGIONAL";"I-1";"00000468";"MICAELA BASTIDAS MORALES";"NE_0001";"";"NE_0001";"NE_0001";"NE_0001";"NE_0001";"NE_0001";"NE_0001";"NE_0001"
"2023";"01";"120609";"JUNIN";"SATIPO";"VIZCATAN DEL ENE";"GOBIERNO REGIONAL";"I-1";"00000512";"TUNONTUARI RIO ENE";"NE_0001";"";"NE_0001";"NE_0001";"NE_0001";"NE_0001";"NE_0001";"NE_0001";"NE_0001"
"2023";"01";"120609";"JUNIN";"SATIPO";"VIZCATAN DEL ENE";"GOBIERNO REGIONAL";"I-2";"00000507";"BOCA MANTARO";"NE_0001";"";"NE_0001";"NE_0001";"NE_0001";"NE_0001";"NE_0001";"NE_0001";"NE_0001"
"2023";"01";"120609";"JUNIN";"SATIPO";"VIZCATAN DEL ENE";"GOBIERNO REGIONAL";"I-1";"00000511";"SAN JUAN DE MANTARO";"NE_0001";"";"NE_0001";"NE_0001";"NE_0001";"NE_0001";"NE_0001";"NE_0001";"NE_0001"
"2023";"01";"120608";"JUNIN";"SATIPO";"RIO TAMBO";"GOBIERNO REGIONAL";"I-1";"00000513";"QUEMPIRI";"NE_0001";"";"NE_0001";"NE_0001";"NE_0001";"NE_0001";"NE_0001";"NE_0001";"NE_0001"
"2023";"01";"120608";"JUNIN";"SATIPO";"RIO TAMBO";"GOBIERNO REGIONAL";"I-2";"00000471";"CUTIVIRENI";"NE_0001";"";"NE_0001";"NE_0001";"NE_0001";"NE_0001";"NE_0001";"NE_0001";"NE_0001"
"2023";"01";"120609";"JUNIN";"SATIPO";"VIZCATAN DEL ENE";"GOBIERNO REGIONAL";"I-1";"00000509";"SAN MIGUEL DE ENE SHINPINSHARIATO";"NE_0001";"";"NE_0001";"NE_0001";"NE_0001";"NE_0001";"NE_0001";"NE_0001";"NE_0001"
"2023";"01";"120608";"JUNIN";"SATIPO";"RIO TAMBO";"GOBIERNO REGIONAL";"I-2";"00000515";"YAVIRO";"NE_0001";"";"NE_0001";"NE_0001";"NE_0001";"NE_0001";"NE_0001";"NE_0001";"NE_0001"
"2023";"01";"120608";"JUNIN";"SATIPO";"RIO TAMBO";"GOBIERNO REGIONAL";"I-1";"00015914";"SELVA DE ORO";"NE_0001";"";"NE_0001";"NE_0001";"NE_0001";"NE_0001";"NE_0001";"NE_0001";"NE_0001"
"2023";"01";"021809";"ANCASH";"SANTA";"NUEVO CHIMBOTE";"PRIVADO";"II-E";"00010475";"CENTRO MEDICO ESPECIALIZADO CLINICA DE LA MUJER Y EL NIÑO EIRL";"241400";"HOSPITALIZACIÓN QUIRÚRGICA GINECO - OBSTETRICIA ";"19";"19";"31";"19";"4";"124";"0"
"2023";"01";"021809";"ANCASH";"SANTA";"NUEVO CHIMBOTE";"PRIVADO";"II-E";"00010475";"CENTRO MEDICO ESPECIALIZADO CLINICA DE LA MUJER Y EL NIÑO EIRL";"240100";"HOSPITALIZACIÓN QUIRÚRGICA CIRUGÍA GENERAL ";"1";"1";"1";"1";"1";"31";"0"
"2023";"01";"040112";"AREQUIPA";"AREQUIPA";"PAUCARPATA";"ESSALUD";"I-2";"00012194";"CAP III - PAUCARPATA";"NE_0001";"";"NE_0001";"NE_0001";"NE_0001";"NE_0001";"NE_0001";"NE_0001";"NE_0001"
"2023";"01";"230101";"TACNA";"TACNA";"TACNA";"PRIVADO";"I-4";"00011466";"CLINICA ISABEL";"240000";"HOSPITALIZACIÓN";"1";"1";"2";"1";"1";"31";"0"
"2023";"01";"230101";"TACNA";"TACNA";"TACNA";"PRIVADO";"I-4";"00011466";"CLINICA ISABEL";"240000";"HOSPITALIZACIÓN";"2";"2";"4";"1";"1";"31";"0"
"2023";"01";"230101";"TACNA";"TACNA";"TACNA";"PRIVADO";"I-4";"00011466";"CLINICA ISABEL";"240000";"HOSPITALIZACIÓN";"2";"2";"4";"1";"1";"31";"0"
"2023";"01";"230101";"TACNA";"TACNA";"TACNA";"PRIVADO";"I-4";"00011466";"CLINICA ISABEL";"240000";"HOSPITALIZACIÓN";"1";"1";"2";"1";"1";"31";"0"
"2023";"01";"230101";"TACNA";"TACNA";"TACNA";"PRIVADO";"I-4";"00011466";"CLINICA ISABEL";"240000";"HOSPITALIZACIÓN";"1";"1";"1";"1";"1";"31";"0"
"2023";"01";"230101";"TACNA";"TACNA";"TACNA";"PRIVADO";"I-4";"00011466";"CLINICA ISABEL";"240000";"HOSPITALIZACIÓN";"1";"1";"2";"1";"1";"31";"0"
"2023";"01";"230101";"TACNA";"TACNA";"TACNA";"PRIVADO";"I-4";"00011466";"CLINICA ISABEL";"240000";"HOSPITALIZACIÓN";"1";"1";"2";"1";"1";"31";"0"
"2023";"01";"230101";"TACNA";"TACNA";"TACNA";"PRIVADO";"I-4";"00011466";"CLINICA ISABEL";"240000";"HOSPITALIZACIÓN";"1";"1";"1";"1";"1";"31";"0"
"2023";"01";"110101";"ICA";"ICA";"ICA";"PRIVADO";"I-3";"00028251";"EL GALENO";"NE_0001";"";"NE_0001";"NE_0001";"NE_0001";"NE_0001";"NE_0001";"NE_0001";"NE_0001"
"2023";"01";"150122";"LIMA";"LIMA";"MIRAFLORES";"SANIDAD DE LA FUERZA AEREA DEL PERU";"III-1";"00010751";"HOSPITAL CENTRAL DE LA FUERZA AEREA DEL PERU";"240000";"HOSPITALIZACIÓN";"314";"275";"1901";"2450";"264";"4557";"17"
"2023";"01";"210102";"PUNO";"PUNO";"ACORA";"ESSALUD";"I-3";"00009220";"CENTRO DE ATENCIÓN PRIMARIA II ACORA - RED ASISTENCIAL PUNO";"NE_0001";"";"NE_0001";"NE_0001";"NE_0001";"NE_0001";"NE_0001";"NE_0001";"NE_0001"
"2023";"01";"220905";"SAN MARTIN";"SAN MARTIN";"CHIPURANA";"GOBIERNO REGIONAL";"I-1";"00006438";"NAVARRO";"NE_0001";"";"NE_0001";"NE_0001";"NE_0001";"NE_0001";"NE_0001";"NE_0001";"NE_0001"
"2023";"01";"220907";"SAN MARTIN";"SAN MARTIN";"HUIMBAYOC";"GOBIERNO REGIONAL";"I-1";"00006442";"SAN JOSE 2 DE MAYO";"NE_0001";"";"NE_0001";"NE_0001";"NE_0001";"NE_0001";"NE_0001";"NE_0001";"NE_0001"
"2023";"01";"220907";"SAN MARTIN";"SAN MARTIN";"HUIMBAYOC";"GOBIERNO REGIONAL";"I-1";"00006446";"SAN JOSE DE YANAYACU";"NE_0001";"";"NE_0001";"NE_0001";"NE_0001";"NE_0001";"NE_0001";"NE_0001";"NE_0001"
"2023";"01";"220907";"SAN MARTIN";"SAN MARTIN";"HUIMBAYOC";"GOBIERNO REGIONAL";"I-1";"00006443";"LECHE";"NE_0001";"";"NE_0001";"NE_0001";"NE_0001";"NE_0001";"NE_0001";"NE_0001";"NE_0001"
"2023";"01";"220907";"SAN MARTIN";"SAN MARTIN";"HUIMBAYOC";"GOBIERNO REGIONAL";"I-3";"00006437";"HUIMBAYOC";"241800";"HOSPITALIZACIÓN DE MEDICINA MEDICINA GENERAL ";"4";"4";"4";"4";"2";"62";"0"
"2023";"01";"220907";"SAN MARTIN";"SAN MARTIN";"HUIMBAYOC";"GOBIERNO REGIONAL";"I-1";"00006441";"MIRAFLORES";"NE_0001";"";"NE_0001";"NE_0001";"NE_0001";"NE_0001";"NE_0001";"NE_0001";"NE_0001"
"2023";"01";"220907";"SAN MARTIN";"SAN MARTIN";"HUIMBAYOC";"GOBIERNO REGIONAL";"I-1";"00006444";"SANTA ROSILLO CHIPURANA";"NE_0001";"";"NE_0001";"NE_0001";"NE_0001";"NE_0001";"NE_0001";"NE_0001";"NE_0001"
"2023";"01";"220907";"SAN MARTIN";"SAN MARTIN";"HUIMBAYOC";"GOBIERNO REGIONAL";"I-1";"00006431";"PONGO ISLA";"NE_0001";"";"NE_0001";"NE_0001";"NE_0001";"NE_0001";"NE_0001";"NE_0001";"NE_0001"
"2023";"01";"220905";"SAN MARTIN";"SAN MARTIN";"CHIPURANA";"GOBIERNO REGIONAL";"I-3";"00006439";"YARINA";"NE_0001";"";"NE_0001";"NE_0001";"NE_0001";"NE_0001";"NE_0001";"NE_0001";"NE_0001"
"2023";"01";"220905";"SAN MARTIN";"SAN MARTIN";"CHIPURANA";"GOBIERNO REGIONAL";"I-1";"00006440";"TIPISHCA";"NE_0001";"";"NE_0001";"NE_0001";"NE_0001";"NE_0001";"NE_0001";"NE_0001";"NE_0001"
"2023";"01";"220907";"SAN MARTIN";"SAN MARTIN";"HUIMBAYOC";"GOBIERNO REGIONAL";"I-1";"00006445";"SANTA MARTHA";"NE_0001";"";"NE_0001";"NE_0001";"NE_0001";"NE_0001";"NE_0001";"NE_0001";"NE_0001"
"2023";"01";"220907";"SAN MARTIN";"SAN MARTIN";"HUIMBAYOC";"GOBIERNO REGIONAL";"I-1";"00006447";"PUCALLPA";"NE_0001";"";"NE_0001";"NE_0001";"NE_0001";"NE_0001";"NE_0001";"NE_0001";"NE_0001"
"2023";"01";"060805";"CAJAMARCA";"JAEN";"HUABAL";"GOBIERNO REGIONAL";"I-1";"00004243";"LA ESPERANZA";"NE_0001";"";"NE_0001";"NE_0001";"NE_0001";"NE_0001";"NE_0001";"NE_0001";"NE_0001"
"2023";"01";"060805";"CAJAMARCA";"JAEN";"HUABAL";"GOBIERNO REGIONAL";"I-1";"00016136";"CAJONES";"NE_0001";"";"NE_0001";"NE_0001";"NE_0001";"NE_0001";"NE_0001";"NE_0001";"NE_0001"
"2023";"01";"060805";"CAJAMARCA";"JAEN";"HUABAL";"GOBIERNO REGIONAL";"I-1";"00004242";"SAN FRANCISCO DE ASIS";"NE_0001";"";"NE_0001";"NE_0001";"NE_0001";"NE_0001";"NE_0001";"NE_0001";"NE_0001"
"2023";"01";"060805";"CAJAMARCA";"JAEN";"HUABAL";"GOBIERNO REGIONAL";"I-1";"00007124";"CORAZON DE JESUS";"NE_0001";"";"NE_0001";"NE_0001";"NE_0001";"NE_0001";"NE_0001";"NE_0001";"NE_0001"
"2023";"01";"060805";"CAJAMARCA";"JAEN";"HUABAL";"GOBIERNO REGIONAL";"I-2";"00007687";"HUACO";"NE_0001";"";"NE_0001";"NE_0001";"NE_0001";"NE_0001";"NE_0001";"NE_0001";"NE_0001"
"2023";"01";"040118";"AREQUIPA";"AREQUIPA";"SAN JUAN DE SIGUAS";"GOBIERNO REGIONAL";"I-1";"00001339";"PUESTO DE SALUD SAN JUAN DE SIGUAS - TAMBILLO";"NE_0002";"";"NE_0002";"NE_0002";"NE_0002";"NE_0002";"NE_0002";"NE_0002";"NE_0002"
"2023";"01";"150136";"LIMA";"LIMA";"SAN MIGUEL";"PRIVADO";"II-E";"00020976";"VISUAL CENTER CLINICA DE OJOS";"NE_0001";"";"NE_0001";"NE_0001";"NE_0001";"NE_0001";"NE_0001";"NE_0001";"NE_0001"
"2023";"01";"130502";"LA LIBERTAD";"JULCAN";"CALAMARCA";"GOBIERNO REGIONAL";"I-2";"00007247";"BARRO NEGRO";"NE_0001";"";"NE_0001";"NE_0001";"NE_0001";"NE_0001";"NE_0001";"NE_0001";"NE_0001"
"2023";"01";"130502";"LA LIBERTAD";"JULCAN";"CALAMARCA";"GOBIERNO REGIONAL";"I-4";"00005308";"CALAMARCA";"NE_0001";"";"NE_0001";"NE_0001";"NE_0001";"NE_0001";"NE_0001";"NE_0001";"NE_0001"
"2023";"01";"130502";"LA LIBERTAD";"JULCAN";"CALAMARCA";"GOBIERNO REGIONAL";"I-1";"00007248";"CHAZKA";"NE_0001";"";"NE_0001";"NE_0001";"NE_0001";"NE_0001";"NE_0001";"NE_0001";"NE_0001"
"2023";"01";"060805";"CAJAMARCA";"JAEN";"HUABAL";"GOBIERNO REGIONAL";"I-3";"00004241";"HUABAL";"NE_0001";"";"NE_0001";"NE_0001";"NE_0001";"NE_0001";"NE_0001";"NE_0001";"NE_0001"
"2023";"01";"040520";"AREQUIPA";"CAYLLOMA";"MAJES";"GOBIERNO REGIONAL";"I-3";"00023969";"CENTRO DE SALUD MENTAL COMUNITARIO MAJES";"NE_0002";"";"NE_0002";"NE_0002";"NE_0002";"NE_0002";"NE_0002";"NE_0002";"NE_0002"
"2023";"01";"060805";"CAJAMARCA";"JAEN";"HUABAL";"GOBIERNO REGIONAL";"I-1";"00023956";"LA HUACA";"NE_0001";"";"NE_0001";"NE_0001";"NE_0001";"NE_0001";"NE_0001";"NE_0001";"NE_0001"
"2023";"01";"040520";"AREQUIPA";"CAYLLOMA";"MAJES";"GOBIERNO REGIONAL";"I-2";"00001341";"ASENTAMIENTO B-1";"NE_0002";"";"NE_0002";"NE_0002";"NE_0002";"NE_0002";"NE_0002";"NE_0002";"NE_0002"
"2023";"01";"060805";"CAJAMARCA";"JAEN";"HUABAL";"GOBIERNO REGIONAL";"I-1";"00024938";"SAN PABLO";"NE_0001";"";"NE_0001";"NE_0001";"NE_0001";"NE_0001";"NE_0001";"NE_0001";"NE_0001"
"2023";"01";"040520";"AREQUIPA";"CAYLLOMA";"MAJES";"GOBIERNO REGIONAL";"I-4";"00001325";"CENTRO DE SALUD  SANDRITA PEREZ EL PEDREGAL";"241600";"HOSPITALIZACIÓN QUIRÚRGICA OBSTETRICIA   ";"6";"9";"9";"9";"9";"21";"0"
"2023";"01";"040120";"AREQUIPA";"AREQUIPA";"SANTA ISABEL DE SIGUAS";"GOBIERNO REGIONAL";"I-2";"00001378";"PUESTO DE SALUD SONDOR";"NE_0002";"";"NE_0002";"NE_0002";"NE_0002";"NE_0002";"NE_0002";"NE_0002";"NE_0002"
"2023";"01";"040520";"AREQUIPA";"CAYLLOMA";"MAJES";"GOBIERNO REGIONAL";"I-2";"00001342";"PUESTO DE SALUD  B-2";"NE_0001";"";"NE_0001";"NE_0001";"NE_0001";"NE_0001";"NE_0001";"NE_0001";"NE_0001"
"2023";"01";"040120";"AREQUIPA";"AREQUIPA";"SANTA ISABEL DE SIGUAS";"GOBIERNO REGIONAL";"I-2";"00001336";"SANTA ISABEL DE SIGUAS";"NE_0002";"";"NE_0002";"NE_0002";"NE_0002";"NE_0002";"NE_0002";"NE_0002";"NE_0002"
"2023";"01";"040120";"AREQUIPA";"AREQUIPA";"SANTA ISABEL DE SIGUAS";"GOBIERNO REGIONAL";"I-1";"00001337";"PUESTO DE SALUD PITAY";"NE_0002";"";"NE_0002";"NE_0002";"NE_0002";"NE_0002";"NE_0002";"NE_0002";"NE_0002"
"2023";"01";"040520";"AREQUIPA";"CAYLLOMA";"MAJES";"GOBIERNO REGIONAL";"I-3";"00001326";"CENTRO DE SALUD LA COLINA";"NE_0002";"";"NE_0002";"NE_0002";"NE_0002";"NE_0002";"NE_0002";"NE_0002";"NE_0002"
"2023";"01";"040511";"AREQUIPA";"CAYLLOMA";"LLUTA";"GOBIERNO REGIONAL";"I-2";"00001340";"PUESTO DE SALUD QUERQUE";"NE_0002";"";"NE_0002";"NE_0002";"NE_0002";"NE_0002";"NE_0002";"NE_0002";"NE_0002"
"2023";"01";"080108";"CUSCO";"CUSCO";"WANCHAQ";"PRIVADO";"II-2";"00012161";"MACSALUD";"250103";"UNIDAD DE CUIDADOS CRITICOS UNIDAD  DE CUIDADOS INTENSIVOS GENERALES  (UCI) MEDICINA";"9";"7";"40";"55";"6";"180";"0"
"2023";"01";"080108";"CUSCO";"CUSCO";"WANCHAQ";"PRIVADO";"II-2";"00012161";"MACSALUD";"241800";"HOSPITALIZACIÓN DE MEDICINA MEDICINA GENERAL ";"94";"84";"231";"295";"15";"450";"0"
"2023";"01";"080108";"CUSCO";"CUSCO";"WANCHAQ";"PRIVADO";"II-2";"00012161";"MACSALUD";"240100";"HOSPITALIZACIÓN QUIRÚRGICA CIRUGÍA GENERAL ";"158";"147";"335";"380";"15";"450";"0"
"2023";"01";"080108";"CUSCO";"CUSCO";"WANCHAQ";"PRIVADO";"II-2";"00012161";"MACSALUD";"241400";"HOSPITALIZACIÓN QUIRÚRGICA GINECO - OBSTETRICIA ";"76";"70";"110";"180";"8";"240";"0"
"2023";"01";"150122";"LIMA";"LIMA";"MIRAFLORES";"ESSALUD";"I-3";"00009148";"POLICLINICO SANTA CRUZ";"NE_0001";"";"NE_0001";"NE_0001";"NE_0001";"NE_0001";"NE_0001";"NE_0001";"NE_0001"
"2023";"01";"110101";"ICA";"ICA";"ICA";"PRIVADO";"I-3";"00009648";"TATAJE  DI FLORIO SAC";"NE_0002";"";"NE_0002";"NE_0002";"NE_0002";"NE_0002";"NE_0002";"NE_0002";"NE_0002"
"2023";"01";"040122";"AREQUIPA";"AREQUIPA";"SOCABAYA";"ESSALUD";"I-3";"00013298";"CAP III MELITON SALAS TEJADA";"NE_0001";"";"NE_0001";"NE_0001";"NE_0001";"NE_0001";"NE_0001";"NE_0001";"NE_0001"
"2023";"01";"150140";"LIMA";"LIMA";"SANTIAGO DE SURCO";"PRIVADO";"II-2";"00015118";"CLINICA MAISON DE SANTE DEL ESTE";"240000";"HOSPITALIZACIÓN";"89";"80";"492";"404";"28";"784";"3"
"2023";"01";"150140";"LIMA";"LIMA";"SANTIAGO DE SURCO";"PRIVADO";"II-2";"00015118";"CLINICA MAISON DE SANTE DEL ESTE";"241400";"HOSPITALIZACIÓN QUIRÚRGICA GINECO - OBSTETRICIA ";"34";"34";"67";"74";"4";"124";"0"
"2023";"01";"150140";"LIMA";"LIMA";"SANTIAGO DE SURCO";"PRIVADO";"II-2";"00015118";"CLINICA MAISON DE SANTE DEL ESTE";"250100";"UNIDAD DE CUIDADOS CRITICOS UNIDAD  DE CUIDADOS INTENSIVOS GENERALES (UCI) ";"11";"11";"39";"38";"4";"112";"0"
"2023";"01";"150140";"LIMA";"LIMA";"SANTIAGO DE SURCO";"PRIVADO";"II-2";"00015118";"CLINICA MAISON DE SANTE DEL ESTE";"250105";"UNIDAD DE CUIDADOS CRITICOS UNIDAD  DE CUIDADOS INTENSIVOS  (UCI) NEONATOLOGÍA";"2";"2";"2";"2";"4";"112";"0"
"2023";"01";"060607";"CAJAMARCA";"CUTERVO";"QUEROCOTILLO";"GOBIERNO REGIONAL";"I-1";"00004969";"EL MOLINO";"NE_0001";"";"NE_0001";"NE_0001";"NE_0001";"NE_0001";"NE_0001";"NE_0001";"NE_0001"
"2023";"01";"060603";"CAJAMARCA";"CUTERVO";"CHOROS";"GOBIERNO REGIONAL";"I-1";"00004973";"EL ROLLO";"NE_0001";"";"NE_0001";"NE_0001";"NE_0001";"NE_0001";"NE_0001";"NE_0001";"NE_0001"
"2023";"01";"060607";"CAJAMARCA";"CUTERVO";"QUEROCOTILLO";"GOBIERNO REGIONAL";"I-1";"00006860";"TECHIN";"NE_0001";"";"NE_0001";"NE_0001";"NE_0001";"NE_0001";"NE_0001";"NE_0001";"NE_0001"
"2023";"01";"060602";"CAJAMARCA";"CUTERVO";"CALLAYUC";"GOBIERNO REGIONAL";"I-1";"00004962";"HUABAL";"NE_0001";"";"NE_0001";"NE_0001";"NE_0001";"NE_0001";"NE_0001";"NE_0001";"NE_0001"
"2023";"01";"060607";"CAJAMARCA";"CUTERVO";"QUEROCOTILLO";"GOBIERNO REGIONAL";"I-1";"00005008";"CHUMBICATE";"NE_0001";"";"NE_0001";"NE_0001";"NE_0001";"NE_0001";"NE_0001";"NE_0001";"NE_0001"
"2023";"01";"060607";"CAJAMARCA";"CUTERVO";"QUEROCOTILLO";"GOBIERNO REGIONAL";"I-1";"00006859";"MOSHOQUEQUE";"NE_0001";"";"NE_0001";"NE_0001";"NE_0001";"NE_0001";"NE_0001";"NE_0001";"NE_0001"
"2023";"01";"060602";"CAJAMARCA";"CUTERVO";"CALLAYUC";"GOBIERNO REGIONAL";"I-3";"00004964";"CHIPLE";"NE_0001";"";"NE_0001";"NE_0001";"NE_0001";"NE_0001";"NE_0001";"NE_0001";"NE_0001"
"2023";"01";"060602";"CAJAMARCA";"CUTERVO";"CALLAYUC";"GOBIERNO REGIONAL";"I-1";"00004965";"QUEROMARCA";"NE_0001";"";"NE_0001";"NE_0001";"NE_0001";"NE_0001";"NE_0001";"NE_0001";"NE_0001"
"2023";"01";"060606";"CAJAMARCA";"CUTERVO";"PIMPINGOS";"GOBIERNO REGIONAL";"I-2";"00005013";"CASA BLANCA";"NE_0001";"";"NE_0001";"NE_0001";"NE_0001";"NE_0001";"NE_0001";"NE_0001";"NE_0001"
"2023";"01";"130901";"LA LIBERTAD";"SANCHEZ CARRION";"HUAMACHUCO";"GOBIERNO REGIONAL";"I-3";"00026446";"CENTRO DE SALUD MENTAL COMUNITARIO SEMBRANDO ESPERANZA DE HUAMACHUCO";"NE_0001";"";"NE_0001";"NE_0001";"NE_0001";"NE_0001";"NE_0001";"NE_0001";"NE_0001"
"2023";"01";"010101";"AMAZONAS";"CHACHAPOYAS";"CHACHAPOYAS";"PRIVADO";"I-3";"00026399";"CENTRO MEDICO AMAZONAS EIRL";"NE_0001";"";"NE_0001";"NE_0001";"NE_0001";"NE_0001";"NE_0001";"NE_0001";"NE_0001"
"2023";"01";"150131";"LIMA";"LIMA";"SAN ISIDRO";"PRIVADO";"II-E";"00016397";"CLINICA ESPECIALIZADA EN CIRUGIA PLASTICA - DR. LUIS VIZCARRA / CIRUESTHETIC";"240800";"HOSPITALIZACIÓN QUIRÚRGICA CIRUGÍA PLÁSTICA/RECONSTRUCTIVA/ REPARADORA ";"6";"6";"0";"1";"2";"40";"0"
"2023";"01";"150108";"LIMA";"LIMA";"CHORRILLOS";"PRIVADO";"II-1";"00016005";"CLINICA PARROQUIAL SAN FRANCISCO DE ASIS";"240100";"HOSPITALIZACIÓN QUIRÚRGICA CIRUGÍA GENERAL ";"29";"29";"29";"29";"12";"360";"0"
"2023";"01";"150108";"LIMA";"LIMA";"CHORRILLOS";"PRIVADO";"II-1";"00016005";"CLINICA PARROQUIAL SAN FRANCISCO DE ASIS";"240100";"HOSPITALIZACIÓN QUIRÚRGICA CIRUGÍA GENERAL ";"6";"6";"6";"6";"12";"360";"0"
"2023";"01";"150108";"LIMA";"LIMA";"CHORRILLOS";"PRIVADO";"II-1";"00016005";"CLINICA PARROQUIAL SAN FRANCISCO DE ASIS";"240100";"HOSPITALIZACIÓN QUIRÚRGICA CIRUGÍA GENERAL ";"3";"3";"3";"3";"12";"360";"0"
"2023";"01";"150108";"LIMA";"LIMA";"CHORRILLOS";"PRIVADO";"II-1";"00016005";"CLINICA PARROQUIAL SAN FRANCISCO DE ASIS";"240100";"HOSPITALIZACIÓN QUIRÚRGICA CIRUGÍA GENERAL ";"3";"3";"3";"3";"12";"360";"0"
"2023";"01";"150108";"LIMA";"LIMA";"CHORRILLOS";"PRIVADO";"II-1";"00016005";"CLINICA PARROQUIAL SAN FRANCISCO DE ASIS";"240100";"HOSPITALIZACIÓN QUIRÚRGICA CIRUGÍA GENERAL ";"2";"2";"2";"2";"12";"360";"0"
"2023";"01";"150108";"LIMA";"LIMA";"CHORRILLOS";"PRIVADO";"II-1";"00016005";"CLINICA PARROQUIAL SAN FRANCISCO DE ASIS";"240100";"HOSPITALIZACIÓN QUIRÚRGICA CIRUGÍA GENERAL ";"2";"2";"2";"2";"12";"360";"0"
"2023";"01";"150108";"LIMA";"LIMA";"CHORRILLOS";"PRIVADO";"II-1";"00016005";"CLINICA PARROQUIAL SAN FRANCISCO DE ASIS";"240100";"HOSPITALIZACIÓN QUIRÚRGICA CIRUGÍA GENERAL ";"2";"2";"2";"2";"12";"360";"0"
"2023";"01";"150108";"LIMA";"LIMA";"CHORRILLOS";"PRIVADO";"II-1";"00016005";"CLINICA PARROQUIAL SAN FRANCISCO DE ASIS";"240100";"HOSPITALIZACIÓN QUIRÚRGICA CIRUGÍA GENERAL ";"1";"1";"1";"1";"12";"360";"0"
"2023";"01";"150108";"LIMA";"LIMA";"CHORRILLOS";"PRIVADO";"II-1";"00016005";"CLINICA PARROQUIAL SAN FRANCISCO DE ASIS";"240100";"HOSPITALIZACIÓN QUIRÚRGICA CIRUGÍA GENERAL ";"1";"1";"1";"1";"12";"360";"0"
"2023";"01";"150108";"LIMA";"LIMA";"CHORRILLOS";"PRIVADO";"II-1";"00016005";"CLINICA PARROQUIAL SAN FRANCISCO DE ASIS";"240100";"HOSPITALIZACIÓN QUIRÚRGICA CIRUGÍA GENERAL ";"1";"1";"1";"1";"12";"360";"0"
"2023";"01";"150108";"LIMA";"LIMA";"CHORRILLOS";"PRIVADO";"II-1";"00016005";"CLINICA PARROQUIAL SAN FRANCISCO DE ASIS";"240100";"HOSPITALIZACIÓN QUIRÚRGICA CIRUGÍA GENERAL ";"1";"1";"1";"1";"12";"360";"0"
"2023";"01";"150108";"LIMA";"LIMA";"CHORRILLOS";"PRIVADO";"II-1";"00016005";"CLINICA PARROQUIAL SAN FRANCISCO DE ASIS";"240100";"HOSPITALIZACIÓN QUIRÚRGICA CIRUGÍA GENERAL ";"1";"1";"1";"1";"12";"360";"0"
"2023";"01";"150108";"LIMA";"LIMA";"CHORRILLOS";"PRIVADO";"II-1";"00016005";"CLINICA PARROQUIAL SAN FRANCISCO DE ASIS";"241400";"HOSPITALIZACIÓN QUIRÚRGICA GINECO - OBSTETRICIA ";"1";"1";"2";"1";"12";"360";"0"
"2023";"01";"150108";"LIMA";"LIMA";"CHORRILLOS";"PRIVADO";"II-1";"00016005";"CLINICA PARROQUIAL SAN FRANCISCO DE ASIS";"241400";"HOSPITALIZACIÓN QUIRÚRGICA GINECO - OBSTETRICIA ";"1";"1";"2";"1";"12";"360";"0"
"2023";"01";"140101";"LAMBAYEQUE";"CHICLAYO";"CHICLAYO";"PRIVADO";"II-E";"00026707";"CLÍNICA OFTALMOLÓGICA VIDAVAS SAC";"NE_0001";"";"NE_0001";"NE_0001";"NE_0001";"NE_0001";"NE_0001";"NE_0001";"NE_0001"
"2023";"01";"150110";"LIMA";"LIMA";"COMAS";"ESSALUD";"II-1";"00027565";"Hospital I Marino Molina Scippa - EsSalud";"241800";"HOSPITALIZACIÓN DE MEDICINA MEDICINA GENERAL ";"87";"87";"909";"922";"30";"930";"5"
"2023";"01";"150110";"LIMA";"LIMA";"COMAS";"ESSALUD";"II-1";"00027565";"Hospital I Marino Molina Scippa - EsSalud";"240100";"HOSPITALIZACIÓN QUIRÚRGICA CIRUGÍA GENERAL ";"210";"206";"626";"545";"19";"589";"0"
"2023";"01";"150110";"LIMA";"LIMA";"COMAS";"ESSALUD";"II-1";"00027565";"Hospital I Marino Molina Scippa - EsSalud";"241600";"HOSPITALIZACIÓN QUIRÚRGICA OBSTETRICIA   ";"297";"291";"799";"802";"26";"806";"0"
"2023";"01";"150110";"LIMA";"LIMA";"COMAS";"ESSALUD";"II-1";"00027565";"Hospital I Marino Molina Scippa - EsSalud";"241500";"HOSPITALIZACIÓN QUIRÚRGICA GINECOLOGÍA  ";"23";"19";"83";"89";"3";"93";"0"
"2023";"01";"150110";"LIMA";"LIMA";"COMAS";"ESSALUD";"II-1";"00027565";"Hospital I Marino Molina Scippa - EsSalud";"242300";"HOSPITALIZACIÓN DE PEDIATRÍA  PEDIATRÍA  GENERAL ";"64";"63";"236";"243";"10";"310";"0"
"2023";"01";"150110";"LIMA";"LIMA";"COMAS";"ESSALUD";"II-1";"00027565";"Hospital I Marino Molina Scippa - EsSalud";"243200";"HOSPITALIZACIÓN DE PEDIATRÍA PEDIATRIA NEONATOLOGÍA";"47";"44";"132";"139";"7";"217";"0"
"2023";"01";"150114";"LIMA";"LIMA";"LA MOLINA";"ESSALUD";"II-1";"00010135";"HOSPITAL I CARLOS ALCANTARA BUTTERFIELD";"241800";"HOSPITALIZACIÓN DE MEDICINA MEDICINA GENERAL ";"35";"32";"227";"209";"7";"217";"4"
"2023";"01";"150114";"LIMA";"LIMA";"LA MOLINA";"ESSALUD";"II-1";"00010135";"HOSPITAL I CARLOS ALCANTARA BUTTERFIELD";"240100";"HOSPITALIZACIÓN QUIRÚRGICA CIRUGÍA GENERAL ";"193";"182";"441";"423";"18";"558";"0"
"2023";"01";"150114";"LIMA";"LIMA";"LA MOLINA";"ESSALUD";"II-1";"00010135";"HOSPITAL I CARLOS ALCANTARA BUTTERFIELD";"242500";"HOSPITALIZACIÓN-PEDIATRÍA GENERAL-";"27";"26";"92";"102";"4";"124";"0"
"2023";"01";"150114";"LIMA";"LIMA";"LA MOLINA";"ESSALUD";"II-1";"00010135";"HOSPITAL I CARLOS ALCANTARA BUTTERFIELD";"241600";"HOSPITALIZACIÓN QUIRÚRGICA OBSTETRICIA   ";"82";"85";"187";"186";"8";"248";"0"
"2023";"01";"050104";"AYACUCHO";"HUAMANGA";"CARMEN ALTO";"SANIDAD DE LA POLICIA NACIONAL DEL PERU";"I-2";"00027415";"POSTA MEDICA POLICIAL EESTP PNP AYACUCHO";"NE_0001";"";"NE_0001";"NE_0001";"NE_0001";"NE_0001";"NE_0001";"NE_0001";"NE_0001"
"2023";"01";"060602";"CAJAMARCA";"CUTERVO";"CALLAYUC";"GOBIERNO REGIONAL";"I-1";"00007367";"CONGA";"NE_0001";"";"NE_0001";"NE_0001";"NE_0001";"NE_0001";"NE_0001";"NE_0001";"NE_0001"
"2023";"01";"060611";"CAJAMARCA";"CUTERVO";"SANTA CRUZ";"GOBIERNO REGIONAL";"I-1";"00004978";"CHIPLE LIMON";"NE_0001";"";"NE_0001";"NE_0001";"NE_0001";"NE_0001";"NE_0001";"NE_0001";"NE_0001"
"2023";"01";"060611";"CAJAMARCA";"CUTERVO";"SANTA CRUZ";"GOBIERNO REGIONAL";"I-1";"00004980";"SAN JUAN DE LIMON";"NE_0001";"";"NE_0001";"NE_0001";"NE_0001";"NE_0001";"NE_0001";"NE_0001";"NE_0001"
"2023";"01";"060602";"CAJAMARCA";"CUTERVO";"CALLAYUC";"GOBIERNO REGIONAL";"I-2";"00004966";"SANTA TERESA DE QUEROMARCA";"NE_0001";"";"NE_0001";"NE_0001";"NE_0001";"NE_0001";"NE_0001";"NE_0001";"NE_0001"
"2023";"01";"060602";"CAJAMARCA";"CUTERVO";"CALLAYUC";"GOBIERNO REGIONAL";"I-1";"00006828";"SANTA ROSA DE CALLAYUC";"NE_0001";"";"NE_0001";"NE_0001";"NE_0001";"NE_0001";"NE_0001";"NE_0001";"NE_0001"
"2023";"01";"060611";"CAJAMARCA";"CUTERVO";"SANTA CRUZ";"GOBIERNO REGIONAL";"I-1";"00011260";"LA VIÑA";"NE_0001";"";"NE_0001";"NE_0001";"NE_0001";"NE_0001";"NE_0001";"NE_0001";"NE_0001"
"2023";"01";"060607";"CAJAMARCA";"CUTERVO";"QUEROCOTILLO";"GOBIERNO REGIONAL";"I-1";"00004970";"SANTOS";"NE_0001";"";"NE_0001";"NE_0001";"NE_0001";"NE_0001";"NE_0001";"NE_0001";"NE_0001"
"2023";"01";"060611";"CAJAMARCA";"CUTERVO";"SANTA CRUZ";"GOBIERNO REGIONAL";"I-3";"00004977";"SANTA CRUZ DE CUTERVO";"NE_0001";"";"NE_0001";"NE_0001";"NE_0001";"NE_0001";"NE_0001";"NE_0001";"NE_0001"
"2023";"01";"060611";"CAJAMARCA";"CUTERVO";"SANTA CRUZ";"GOBIERNO REGIONAL";"I-1";"00004979";"CAMPO FLORIDO";"NE_0001";"";"NE_0001";"NE_0001";"NE_0001";"NE_0001";"NE_0001";"NE_0001";"NE_0001"
"2023";"01";"060602";"CAJAMARCA";"CUTERVO";"CALLAYUC";"GOBIERNO REGIONAL";"I-2";"00004967";"SECTOR EL CAMPO";"NE_0001";"";"NE_0001";"NE_0001";"NE_0001";"NE_0001";"NE_0001";"NE_0001";"NE_0001"
"2023";"01";"060611";"CAJAMARCA";"CUTERVO";"SANTA CRUZ";"GOBIERNO REGIONAL";"I-1";"00007050";"AMBATO";"NE_0001";"";"NE_0001";"NE_0001";"NE_0001";"NE_0001";"NE_0001";"NE_0001";"NE_0001"
"2023";"01";"060611";"CAJAMARCA";"CUTERVO";"SANTA CRUZ";"GOBIERNO REGIONAL";"I-1";"00011261";"GRAMALOTILLO";"NE_0001";"";"NE_0001";"NE_0001";"NE_0001";"NE_0001";"NE_0001";"NE_0001";"NE_0001"
"2023";"01";"150143";"LIMA";"LIMA";"VILLA MARIA DEL TRIUNFO";"PRIVADO";"II-2";"00018580";"GUILLERMO KAELIN DE LA FUENTE";"250200";"UNIDAD DE CUIDADOS CRITICOS UNIDAD DE CUIDADOS INTERMEDIOS GENERAL  (UCIN) ";"52";"68";"285";"248";"23";"713";"2"
"2023";"01";"150111";"LIMA";"LIMA";"EL AGUSTINO";"MINSA";"III-1";"00005946";"HOSPITAL NACIONAL HIPOLITO UNANUE";"241800";"HOSPITALIZACIÓN DE MEDICINA MEDICINA GENERAL ";"192";"217";"2209";"2390";"80";"2480";"23"
"2023";"01";"150111";"LIMA";"LIMA";"EL AGUSTINO";"MINSA";"III-1";"00005946";"HOSPITAL NACIONAL HIPOLITO UNANUE";"250100";"UNIDAD DE CUIDADOS CRITICOS UNIDAD  DE CUIDADOS INTENSIVOS GENERALES (UCI) ";"15";"12";"209";"383";"16";"496";"7"
"2023";"01";"150111";"LIMA";"LIMA";"EL AGUSTINO";"MINSA";"III-1";"00005946";"HOSPITAL NACIONAL HIPOLITO UNANUE";"241500";"HOSPITALIZACIÓN QUIRÚRGICA GINECOLOGÍA  ";"162";"68";"367";"219";"13";"403";"0"
"2023";"01";"150111";"LIMA";"LIMA";"EL AGUSTINO";"MINSA";"III-1";"00005946";"HOSPITAL NACIONAL HIPOLITO UNANUE";"240100";"HOSPITALIZACIÓN QUIRÚRGICA CIRUGÍA GENERAL ";"246";"230";"3566";"1686";"60";"1860";"7"
"2023";"01";"150111";"LIMA";"LIMA";"EL AGUSTINO";"MINSA";"III-1";"00005946";"HOSPITAL NACIONAL HIPOLITO UNANUE";"241600";"HOSPITALIZACIÓN QUIRÚRGICA OBSTETRICIA   ";"358";"375";"814";"1254";"78";"2418";"0"
"2023";"01";"150111";"LIMA";"LIMA";"EL AGUSTINO";"MINSA";"III-1";"00005946";"HOSPITAL NACIONAL HIPOLITO UNANUE";"243200";"HOSPITALIZACIÓN DE PEDIATRÍA PEDIATRIA NEONATOLOGÍA";"116";"104";"1067";"858";"50";"1550";"2"
"2023";"01";"150111";"LIMA";"LIMA";"EL AGUSTINO";"MINSA";"III-1";"00005946";"HOSPITAL NACIONAL HIPOLITO UNANUE";"242500";"HOSPITALIZACIÓN-PEDIATRÍA GENERAL-";"51";"39";"296";"502";"34";"1054";"2"
"2023";"01";"150111";"LIMA";"LIMA";"EL AGUSTINO";"MINSA";"III-1";"00005946";"HOSPITAL NACIONAL HIPOLITO UNANUE";"240700";"HOSPITALIZACIÓN QUIRÚRGICA CIRUGÍA PEDIÁTRICA ";"56";"58";"238";"177";"10";"310";"0"
"2023";"01";"150111";"LIMA";"LIMA";"EL AGUSTINO";"MINSA";"III-1";"00005946";"HOSPITAL NACIONAL HIPOLITO UNANUE";"240300";"HOSPITALIZACIÓN QUIRÚRGICA CIRUGÍA DIGESTIVA ";"88";"44";"297";"642";"26";"806";"2"
"2023";"01";"150133";"LIMA";"LIMA";"SAN JUAN DE MIRAFLORES";"ESSALUD";"I-3";"00013012";"CENTRO DE ATENCIÓN PRIMARIA III SAN JUAN DE MIRAFLORES";"NE_0001";"";"NE_0001";"NE_0001";"NE_0001";"NE_0001";"NE_0001";"NE_0001";"NE_0001"
"2023";"01";"150111";"LIMA";"LIMA";"EL AGUSTINO";"MINSA";"III-1";"00005946";"HOSPITAL NACIONAL HIPOLITO UNANUE";"240400";"HOSPITALIZACIÓN QUIRÚRGICA CIRUGÍA DE TÓRAX Y CARDIOVASCULAR ";"150";"131";"1861";"2550";"112";"3472";"12"
"2023";"01";"150111";"LIMA";"LIMA";"EL AGUSTINO";"MINSA";"III-1";"00005946";"HOSPITAL NACIONAL HIPOLITO UNANUE";"240800";"HOSPITALIZACIÓN QUIRÚRGICA CIRUGÍA PLÁSTICA/RECONSTRUCTIVA/ REPARADORA ";"13";"14";"412";"379";"13";"403";"0"
"2023";"01";"150111";"LIMA";"LIMA";"EL AGUSTINO";"MINSA";"III-1";"00005946";"HOSPITAL NACIONAL HIPOLITO UNANUE";"240900";"HOSPITALIZACIÓN QUIRÚRGICA NEUROCIRUGÍA ";"26";"33";"424";"369";"15";"465";"5"
"2023";"01";"150111";"LIMA";"LIMA";"EL AGUSTINO";"MINSA";"III-1";"00005946";"HOSPITAL NACIONAL HIPOLITO UNANUE";"241200";"HOSPITALIZACIÓN QUIRÚRGICA TRAUMATOLOGÍA Y ORTOPEDIA ";"60";"53";"1147";"998";"36";"1116";"2"
"2023";"01";"150111";"LIMA";"LIMA";"EL AGUSTINO";"MINSA";"III-1";"00005946";"HOSPITAL NACIONAL HIPOLITO UNANUE";"241100";"HOSPITALIZACIÓN QUIRÚRGICA OTORRINOLARINGOLOGÍA  ";"25";"22";"81";"119";"4";"124";"0"
"2023";"01";"150111";"LIMA";"LIMA";"EL AGUSTINO";"MINSA";"III-1";"00005946";"HOSPITAL NACIONAL HIPOLITO UNANUE";"242000";"HOSPITALIZACIÓN DE MEDICINA MEDICINA TROPICAL E INFECCIOSAS ";"14";"13";"268";"319";"12";"372";"3"
"2023";"01";"150111";"LIMA";"LIMA";"EL AGUSTINO";"MINSA";"III-1";"00005946";"HOSPITAL NACIONAL HIPOLITO UNANUE";"240200";"HOSPITALIZACIÓN QUIRÚRGICA CIRUGÍA DE CABEZA Y CUELLO / MÁXILO FACIAL ";"35";"24";"169";"282";"11";"341";"1"
"2023";"01";"150111";"LIMA";"LIMA";"EL AGUSTINO";"MINSA";"III-1";"00005946";"HOSPITAL NACIONAL HIPOLITO UNANUE";"241300";"HOSPITALIZACIÓN QUIRÚRGICA UROLOGÍA  ";"31";"21";"158";"226";"11";"341";"0"
"2023";"01";"150111";"LIMA";"LIMA";"EL AGUSTINO";"MINSA";"III-1";"00005946";"HOSPITAL NACIONAL HIPOLITO UNANUE";"242200";"HOSPITALIZACIÓN DE MEDICINA PSIQUIATRÍA ";"2";"4";"51";"21";"4";"124";"0"
"2023";"01";"150111";"LIMA";"LIMA";"EL AGUSTINO";"MINSA";"III-1";"00005946";"HOSPITAL NACIONAL HIPOLITO UNANUE";"240600";"HOSPITALIZACIÓN QUIRÚRGICA CIRUGÍA OFTALMOLÓGICA ";"1";"1";"3";"3";"1";"31";"0"
"2023";"01";"101002";"HUANUCO";"LAURICOCHA";"BAÑOS";"ESSALUD";"I-2";"00027081";"POSTA MÉDICA BAÑOS";"NE_0001";"";"NE_0001";"NE_0001";"NE_0001";"NE_0001";"NE_0001";"NE_0001";"NE_0001"
"2023";"01";"190103";"PASCO";"PASCO";"HUARIACA";"ESSALUD";"II-E";"00009749";"HOSPITAL II - E HUARIACA";"241800";"HOSPITALIZACIÓN DE MEDICINA MEDICINA GENERAL ";"41";"37";"119";"138";"8";"248";"0"
"2023";"01";"190103";"PASCO";"PASCO";"HUARIACA";"ESSALUD";"II-E";"00009749";"HOSPITAL II - E HUARIACA";"242100";"HOSPITALIZACIÓN DE MEDICINA ONCOLOGÍA MÉDICA ";"63";"45";"130";"169";"10";"310";"0"
"2023";"01";"190103";"PASCO";"PASCO";"HUARIACA";"ESSALUD";"II-E";"00009749";"HOSPITAL II - E HUARIACA";"242200";"HOSPITALIZACIÓN DE MEDICINA PSIQUIATRÍA ";"10";"3";"102";"1089";"70";"2170";"0"
"2023";"01";"190103";"PASCO";"PASCO";"HUARIACA";"ESSALUD";"II-E";"00009749";"HOSPITAL II - E HUARIACA";"240100";"HOSPITALIZACIÓN QUIRÚRGICA CIRUGÍA GENERAL ";"33";"28";"74";"81";"4";"124";"0"
"2023";"01";"190103";"PASCO";"PASCO";"HUARIACA";"ESSALUD";"II-E";"00009749";"HOSPITAL II - E HUARIACA";"241400";"HOSPITALIZACIÓN QUIRÚRGICA GINECO - OBSTETRICIA ";"12";"13";"36";"36";"2";"62";"0"
"2023";"01";"130502";"LA LIBERTAD";"JULCAN";"CALAMARCA";"GOBIERNO REGIONAL";"I-3";"00005309";"SICCHAL";"NE_0001";"";"NE_0001";"NE_0001";"NE_0001";"NE_0001";"NE_0001";"NE_0001";"NE_0001"
"2023";"01";"110101";"ICA";"ICA";"ICA";"PRIVADO";"II-1";"00013386";"LAS CONDES SAC";"240000";"HOSPITALIZACIÓN";"40";"40";"40";"40";"8";"240";"0"
"2023";"01";"130502";"LA LIBERTAD";"JULCAN";"CALAMARCA";"GOBIERNO REGIONAL";"I-1";"00016424";"HUAGAL";"NE_0001";"";"NE_0001";"NE_0001";"NE_0001";"NE_0001";"NE_0001";"NE_0001";"NE_0001"
"2023";"01";"150122";"LIMA";"LIMA";"MIRAFLORES";"PRIVADO";"II-2";"00008746";"CLINICA GOOD HOPE";"240000";"HOSPITALIZACIÓN";"764";"868";"2520";"2721";"112";"3591";"13"
"2023";"01";"130201";"LA LIBERTAD";"ASCOPE";"ASCOPE";"GOBIERNO REGIONAL";"II-1";"00005263";"HOSPITAL PROVINCIAL ASCOPE ""ROSA SANCHEZ DE SANTILLAN""";"241400";"HOSPITALIZACIÓN QUIRÚRGICA GINECO - OBSTETRICIA ";"16";"16";"35";"16";"1";"31";"0"
"2023";"01";"130201";"LA LIBERTAD";"ASCOPE";"ASCOPE";"GOBIERNO REGIONAL";"II-1";"00005263";"HOSPITAL PROVINCIAL ASCOPE ""ROSA SANCHEZ DE SANTILLAN""";"241600";"HOSPITALIZACIÓN QUIRÚRGICA OBSTETRICIA   ";"19";"19";"23";"19";"3";"93";"0"
"2023";"01";"110101";"ICA";"ICA";"ICA";"SANIDAD DE LA POLICIA NACIONAL DEL PERU";"I-3";"00010900";"POLICLINICO POLICIAL ICA";"NE_0001";"";"NE_0001";"NE_0001";"NE_0001";"NE_0001";"NE_0001";"NE_0001";"NE_0001"
"2023";"01";"130101";"LA LIBERTAD";"TRUJILLO";"TRUJILLO";"PRIVADO";"II-E";"00016830";"CLINICA CAMINO REAL";"240000";"HOSPITALIZACIÓN";"53";"47";"165";"185";"8";"248";"1"
"2023";"01";"040501";"AREQUIPA";"CAYLLOMA";"CHIVAY";"GOBIERNO REGIONAL";"I-4";"00001419";"CENTRO DE SALUD CHIVAY";"241600";"HOSPITALIZACIÓN QUIRÚRGICA OBSTETRICIA   ";"3";"3";"6";"6";"3";"224";"0"
"2023";"01";"040501";"AREQUIPA";"CAYLLOMA";"CHIVAY";"GOBIERNO REGIONAL";"I-1";"00001423";"PUESTO DE SALUD CANOCOTA";"NE_0001";"";"NE_0001";"NE_0001";"NE_0001";"NE_0001";"NE_0001";"NE_0001";"NE_0001"
"2023";"01";"040513";"AREQUIPA";"CAYLLOMA";"MADRIGAL";"GOBIERNO REGIONAL";"I-2";"00001427";"PUESTO DE SALUD MADRIGAL";"NE_0001";"";"NE_0001";"NE_0001";"NE_0001";"NE_0001";"NE_0001";"NE_0001";"NE_0001"
"2023";"01";"040509";"AREQUIPA";"CAYLLOMA";"ICHUPAMPA";"GOBIERNO REGIONAL";"I-2";"00001425";"PUESTO DE SALUD ICHUPAMPA";"NE_0001";"";"NE_0001";"NE_0001";"NE_0001";"NE_0001";"NE_0001";"NE_0001";"NE_0001"
"2023";"01";"040519";"AREQUIPA";"CAYLLOMA";"YANQUE";"GOBIERNO REGIONAL";"I-2";"00001428";"PUESTO DE SALUD YANQUE";"NE_0001";"";"NE_0001";"NE_0001";"NE_0001";"NE_0001";"NE_0001";"NE_0001";"NE_0001"
"2023";"01";"040506";"AREQUIPA";"CAYLLOMA";"COPORAQUE";"GOBIERNO REGIONAL";"I-2";"00001424";"PUESTO DE SALUD COPORAQUE";"NE_0001";"";"NE_0001";"NE_0001";"NE_0001";"NE_0001";"NE_0001";"NE_0001";"NE_0001"
"2023";"01";"040510";"AREQUIPA";"CAYLLOMA";"LARI";"GOBIERNO REGIONAL";"I-2";"00001426";"PUESTO DE SALUD LARI";"NE_0001";"";"NE_0001";"NE_0001";"NE_0001";"NE_0001";"NE_0001";"NE_0001";"NE_0001"
"2023";"01";"040502";"AREQUIPA";"CAYLLOMA";"ACHOMA";"GOBIERNO REGIONAL";"I-2";"00001429";"PUESTO DE SALUD ACHOMA";"NE_0001";"";"NE_0001";"NE_0001";"NE_0001";"NE_0001";"NE_0001";"NE_0001";"NE_0001"
"2023";"01";"200104";"PIURA";"PIURA";"CASTILLA";"ESSALUD";"I-3";"00010243";"CAP III CASTILLA";"NE_0001";"";"NE_0001";"NE_0001";"NE_0001";"NE_0001";"NE_0001";"NE_0001";"NE_0001"
"2023";"01";"080105";"CUSCO";"CUSCO";"SAN SEBASTIAN";"SANIDAD DE LA POLICIA NACIONAL DEL PERU";"I-3";"00011743";"POLICIAL ""SANTA ROSA""  CUSCO";"NE_0001";"";"NE_0001";"NE_0001";"NE_0001";"NE_0001";"NE_0001";"NE_0001";"NE_0001"
"2023";"01";"040112";"AREQUIPA";"AREQUIPA";"PAUCARPATA";"SANIDAD DE LA POLICIA NACIONAL DEL PERU";"I-2";"00011664";"POSTA MEDICA POLICIAL ""SAN MARTIN DE PORRES""  AREQUIPA";"NE_0001";"";"NE_0001";"NE_0001";"NE_0001";"NE_0001";"NE_0001";"NE_0001";"NE_0001"
"2023";"01";"130201";"LA LIBERTAD";"ASCOPE";"ASCOPE";"GOBIERNO REGIONAL";"II-1";"00005263";"HOSPITAL PROVINCIAL ASCOPE ""ROSA SANCHEZ DE SANTILLAN""";"241800";"HOSPITALIZACIÓN DE MEDICINA MEDICINA GENERAL ";"6";"6";"24";"6";"16";"496";"0"
"2023";"01";"150136";"LIMA";"LIMA";"SAN MIGUEL";"PRIVADO";"II-2";"00011401";"CLINICA SAN JUDAS TADEO";"240000";"HOSPITALIZACIÓN";"350";"312";"1030";"1219";"54";"1674";"5"
"2023";"01";"150112";"LIMA";"LIMA";"INDEPENDENCIA";"PRIVADO";"II-2";"00010182";"CLINICA JESUS DEL NORTE";"250100";"UNIDAD DE CUIDADOS CRITICOS UNIDAD  DE CUIDADOS INTENSIVOS GENERALES (UCI) ";"39";"42";"65";"90";"7";"217";"2"
"2023";"01";"150112";"LIMA";"LIMA";"INDEPENDENCIA";"PRIVADO";"II-2";"00010182";"CLINICA JESUS DEL NORTE";"240000";"HOSPITALIZACIÓN";"536";"511";"1281";"1821";"73";"2263";"3"
"2023";"01";"150110";"LIMA";"LIMA";"COMAS";"PRIVADO";"II-1";"00009144";"CLINICA MEDICA ZEGARRA S.A.C.";"242300";"HOSPITALIZACIÓN DE PEDIATRÍA  PEDIATRÍA  GENERAL ";"27";"27";"92";"40";"7";"136";"0"
"2023";"01";"150110";"LIMA";"LIMA";"COMAS";"PRIVADO";"II-1";"00009144";"CLINICA MEDICA ZEGARRA S.A.C.";"241800";"HOSPITALIZACIÓN DE MEDICINA MEDICINA GENERAL ";"31";"31";"94";"33";"5";"98";"0"
"2023";"01";"150110";"LIMA";"LIMA";"COMAS";"PRIVADO";"II-1";"00009144";"CLINICA MEDICA ZEGARRA S.A.C.";"241400";"HOSPITALIZACIÓN QUIRÚRGICA GINECO - OBSTETRICIA ";"21";"21";"65";"21";"4";"137";"0"
"2023";"01";"150110";"LIMA";"LIMA";"COMAS";"PRIVADO";"II-1";"00009144";"CLINICA MEDICA ZEGARRA S.A.C.";"240100";"HOSPITALIZACIÓN QUIRÚRGICA CIRUGÍA GENERAL ";"16";"16";"48";"16";"3";"93";"0"
"2023";"01";"150110";"LIMA";"LIMA";"COMAS";"PRIVADO";"II-1";"00009144";"CLINICA MEDICA ZEGARRA S.A.C.";"241200";"HOSPITALIZACIÓN QUIRÚRGICA TRAUMATOLOGÍA Y ORTOPEDIA ";"7";"7";"15";"7";"1";"31";"0"
"2023";"01";"150130";"LIMA";"LIMA";"SAN BORJA";"PRIVADO";"II-E";"00010467";"CLINICA FLEMING";"240000";"HOSPITALIZACIÓN";"2";"2";"2";"2";"8";"248";"0"
"2023";"01";"130101";"LA LIBERTAD";"TRUJILLO";"TRUJILLO";"PRIVADO";"II-E";"00021009";"CLINICA SAN LUIS ASISTENCIAL DOCENTE S.R.L.";"240100";"HOSPITALIZACIÓN QUIRÚRGICA CIRUGÍA GENERAL ";"194";"216";"229";"244";"24";"720";"0"
"2023";"01";"130101";"LA LIBERTAD";"TRUJILLO";"TRUJILLO";"PRIVADO";"II-E";"00021009";"CLINICA SAN LUIS ASISTENCIAL DOCENTE S.R.L.";"241400";"HOSPITALIZACIÓN QUIRÚRGICA GINECO - OBSTETRICIA ";"51";"51";"65";"74";"24";"720";"0"
"2023";"01";"130103";"LA LIBERTAD";"TRUJILLO";"FLORENCIA DE MORA";"GOBIERNO REGIONAL";"II-1";"00005217";"HOSPITAL DISTRITAL EL ESFUERZO DE FLORENCIA DE MORA";"241600";"HOSPITALIZACIÓN QUIRÚRGICA OBSTETRICIA   ";"18";"18";"20";"20";"7";"217";"0"
"2023";"01";"130103";"LA LIBERTAD";"TRUJILLO";"FLORENCIA DE MORA";"GOBIERNO REGIONAL";"II-1";"00005217";"HOSPITAL DISTRITAL EL ESFUERZO DE FLORENCIA DE MORA";"241400";"HOSPITALIZACIÓN QUIRÚRGICA GINECO - OBSTETRICIA ";"5";"5";"20";"20";"3";"93";"0"
"2023";"01";"060501";"CAJAMARCA";"CONTUMAZA";"CONTUMAZA";"GOBIERNO REGIONAL";"I-1";"00004630";"EL MOTE";"NE_0001";"";"NE_0001";"NE_0001";"NE_0001";"NE_0001";"NE_0001";"NE_0001";"NE_0001"
"2023";"01";"060502";"CAJAMARCA";"CONTUMAZA";"CHILETE";"GOBIERNO REGIONAL";"I-1";"00004545";"LLALLAN";"NE_0001";"";"NE_0001";"NE_0001";"NE_0001";"NE_0001";"NE_0001";"NE_0001";"NE_0001"
"2023";"01";"060501";"CAJAMARCA";"CONTUMAZA";"CONTUMAZA";"GOBIERNO REGIONAL";"I-1";"00004632";"CORRALES DE CHANTA";"NE_0001";"";"NE_0001";"NE_0001";"NE_0001";"NE_0001";"NE_0001";"NE_0001";"NE_0001"
"2023";"01";"060502";"CAJAMARCA";"CONTUMAZA";"CHILETE";"GOBIERNO REGIONAL";"I-4";"00004538";"DE APOYO CHILETE";"240000";"HOSPITALIZACIÓN";"19";"18";"37";"39";"9";"240";"0"
"2023";"01";"060507";"CAJAMARCA";"CONTUMAZA";"TANTARICA";"GOBIERNO REGIONAL";"I-2";"00004544";"CATÁN - TANTARICA";"NE_0001";"";"NE_0001";"NE_0001";"NE_0001";"NE_0001";"NE_0001";"NE_0001";"NE_0001"
"2023";"01";"060501";"CAJAMARCA";"CONTUMAZA";"CONTUMAZA";"GOBIERNO REGIONAL";"I-1";"00004622";"CATUDEN";"NE_0001";"";"NE_0001";"NE_0001";"NE_0001";"NE_0001";"NE_0001";"NE_0001";"NE_0001"
"2023";"01";"240101";"TUMBES";"TUMBES";"TUMBES";"PRIVADO";"II-E";"00007874";"CLINICA FEIJOO EIRL";"241400";"HOSPITALIZACIÓN QUIRÚRGICA GINECO - OBSTETRICIA ";"2";"2";"3";"2";"3";"93";"0"
"2023";"01";"240101";"TUMBES";"TUMBES";"TUMBES";"PRIVADO";"II-E";"00007874";"CLINICA FEIJOO EIRL";"240100";"HOSPITALIZACIÓN QUIRÚRGICA CIRUGÍA GENERAL ";"3";"3";"3";"3";"3";"93";"0"
"2023";"01";"150129";"LIMA";"LIMA";"SAN BARTOLO";"SANIDAD DE LA POLICIA NACIONAL DEL PERU";"I-2";"00019390";"POSTA MEDICA ETS. PNP. SAN BARTOLO";"NE_0001";"";"NE_0001";"NE_0001";"NE_0001";"NE_0001";"NE_0001";"NE_0001";"NE_0001"
"2023";"01";"040108";"AREQUIPA";"AREQUIPA";"LA JOYA";"ESSALUD";"I-2";"00013305";"POSTA MEDICA LA JOYA";"NE_0001";"";"NE_0001";"NE_0001";"NE_0001";"NE_0001";"NE_0001";"NE_0001";"NE_0001"
"2023";"01";"120403";"JUNIN";"JAUJA";"APATA";"GOBIERNO REGIONAL";"I-3";"00000409";"APATA";"NE_0001";"";"NE_0001";"NE_0001";"NE_0001";"NE_0001";"NE_0001";"NE_0001";"NE_0001"
"2023";"01";"120403";"JUNIN";"JAUJA";"APATA";"GOBIERNO REGIONAL";"I-1";"00000413";"PAUCAR APATA";"NE_0001";"";"NE_0001";"NE_0001";"NE_0001";"NE_0001";"NE_0001";"NE_0001";"NE_0001"
"2023";"01";"120407";"JUNIN";"JAUJA";"EL MANTARO";"GOBIERNO REGIONAL";"I-1";"00000414";"EL MANTARO";"NE_0001";"";"NE_0001";"NE_0001";"NE_0001";"NE_0001";"NE_0001";"NE_0001";"NE_0001"
"2023";"01";"120403";"JUNIN";"JAUJA";"APATA";"GOBIERNO REGIONAL";"I-1";"00000412";"CHICCHE";"NE_0001";"";"NE_0001";"NE_0001";"NE_0001";"NE_0001";"NE_0001";"NE_0001";"NE_0001"
"2023";"01";"120403";"JUNIN";"JAUJA";"APATA";"GOBIERNO REGIONAL";"I-1";"00000411";"SAN JOSE DE APATA";"NE_0001";"";"NE_0001";"NE_0001";"NE_0001";"NE_0001";"NE_0001";"NE_0001";"NE_0001"
"2023";"01";"120428";"JUNIN";"JAUJA";"SAN LORENZO";"GOBIERNO REGIONAL";"I-1";"00000416";"SAN LORENZO";"NE_0001";"";"NE_0001";"NE_0001";"NE_0001";"NE_0001";"NE_0001";"NE_0001";"NE_0001"
"2023";"01";"120403";"JUNIN";"JAUJA";"APATA";"GOBIERNO REGIONAL";"I-1";"00000410";"NUEVA ESPERANZA";"NE_0001";"";"NE_0001";"NE_0001";"NE_0001";"NE_0001";"NE_0001";"NE_0001";"NE_0001"
"2023";"01";"120408";"JUNIN";"JAUJA";"HUAMALI";"GOBIERNO REGIONAL";"I-2";"00000415";"HUAMALI";"NE_0001";"";"NE_0001";"NE_0001";"NE_0001";"NE_0001";"NE_0001";"NE_0001";"NE_0001"
"2023";"01";"150136";"LIMA";"LIMA";"SAN MIGUEL";"PRIVADO";"II-2";"00014501";"CLINICA SAN GABRIEL S.A.C.";"250100";"UNIDAD DE CUIDADOS CRITICOS UNIDAD  DE CUIDADOS INTENSIVOS GENERALES (UCI) ";"38";"38";"110";"158";"12";"372";"3"
"2023";"01";"150136";"LIMA";"LIMA";"SAN MIGUEL";"PRIVADO";"II-2";"00014501";"CLINICA SAN GABRIEL S.A.C.";"250105";"UNIDAD DE CUIDADOS CRITICOS UNIDAD  DE CUIDADOS INTENSIVOS  (UCI) NEONATOLOGÍA";"10";"10";"73";"76";"6";"186";"0"
"2023";"01";"150136";"LIMA";"LIMA";"SAN MIGUEL";"PRIVADO";"II-2";"00014501";"CLINICA SAN GABRIEL S.A.C.";"240000";"HOSPITALIZACIÓN";"737";"707";"2019";"2621";"99";"3069";"0"
"2023";"01";"220101";"SAN MARTIN";"MOYOBAMBA";"MOYOBAMBA";"GOBIERNO REGIONAL";"I-3";"00031275";"CENTRO DE SALUD MENTAL COMUNITARIO MOYOBAMBA";"NE_0002";"";"NE_0002";"NE_0002";"NE_0002";"NE_0002";"NE_0002";"NE_0002";"NE_0002"
"2023";"01";"081102";"CUSCO";"PAUCARTAMBO";"CAICAY";"GOBIERNO REGIONAL";"I-1";"00002512";"CAICAY";"NE_0002";"";"NE_0002";"NE_0002";"NE_0002";"NE_0002";"NE_0002";"NE_0002";"NE_0002"
"2023";"01";"081104";"CUSCO";"PAUCARTAMBO";"COLQUEPATA";"GOBIERNO REGIONAL";"I-1";"00006979";"TOCRA";"NE_0002";"";"NE_0002";"NE_0002";"NE_0002";"NE_0002";"NE_0002";"NE_0002";"NE_0002"
"2023";"01";"081101";"CUSCO";"PAUCARTAMBO";"PAUCARTAMBO";"GOBIERNO REGIONAL";"I-4";"00002510";"PAUCARTAMBO";"NE_0002";"";"NE_0002";"NE_0002";"NE_0002";"NE_0002";"NE_0002";"NE_0002";"NE_0002"
"2023";"01";"081104";"CUSCO";"PAUCARTAMBO";"COLQUEPATA";"GOBIERNO REGIONAL";"I-1";"00002517";"PICHIHUA COLQUEPATA";"NE_0002";"";"NE_0002";"NE_0002";"NE_0002";"NE_0002";"NE_0002";"NE_0002";"NE_0002"
"2023";"01";"081106";"CUSCO";"PAUCARTAMBO";"KOSÑIPATA";"GOBIERNO REGIONAL";"I-3";"00002521";"PILCOPATA";"NE_0002";"";"NE_0002";"NE_0002";"NE_0002";"NE_0002";"NE_0002";"NE_0002";"NE_0002"
"2023";"01";"081104";"CUSCO";"PAUCARTAMBO";"COLQUEPATA";"GOBIERNO REGIONAL";"I-2";"00002518";"VIZCOCHONI";"NE_0002";"";"NE_0002";"NE_0002";"NE_0002";"NE_0002";"NE_0002";"NE_0002";"NE_0002"
"2023";"01";"081105";"CUSCO";"PAUCARTAMBO";"HUANCARANI";"GOBIERNO REGIONAL";"I-4";"00002520";"HUANCARANI";"NE_0002";"";"NE_0002";"NE_0002";"NE_0002";"NE_0002";"NE_0002";"NE_0002";"NE_0002"
"2023";"01";"081106";"CUSCO";"PAUCARTAMBO";"KOSÑIPATA";"GOBIERNO REGIONAL";"I-2";"00002522";"PATRIA";"NE_0002";"";"NE_0002";"NE_0002";"NE_0002";"NE_0002";"NE_0002";"NE_0002";"NE_0002"
"2023";"01";"081101";"CUSCO";"PAUCARTAMBO";"PAUCARTAMBO";"GOBIERNO REGIONAL";"I-2";"00002511";"MOLLOMARCA";"NE_0002";"";"NE_0002";"NE_0002";"NE_0002";"NE_0002";"NE_0002";"NE_0002";"NE_0002"
"2023";"01";"081103";"CUSCO";"PAUCARTAMBO";"CHALLABAMBA";"GOBIERNO REGIONAL";"I-3";"00002514";"CHALLABAMBA";"NE_0002";"";"NE_0002";"NE_0002";"NE_0002";"NE_0002";"NE_0002";"NE_0002";"NE_0002"
"2023";"01";"081104";"CUSCO";"PAUCARTAMBO";"COLQUEPATA";"GOBIERNO REGIONAL";"I-2";"00002516";"COLQUEPATA";"NE_0002";"";"NE_0002";"NE_0002";"NE_0002";"NE_0002";"NE_0002";"NE_0002";"NE_0002"
"2023";"01";"081104";"CUSCO";"PAUCARTAMBO";"COLQUEPATA";"GOBIERNO REGIONAL";"I-1";"00002519";"AYRE";"NE_0002";"";"NE_0002";"NE_0002";"NE_0002";"NE_0002";"NE_0002";"NE_0002";"NE_0002"
"2023";"01";"081102";"CUSCO";"PAUCARTAMBO";"CAICAY";"GOBIERNO REGIONAL";"I-1";"00002513";"HUASAC";"NE_0002";"";"NE_0002";"NE_0002";"NE_0002";"NE_0002";"NE_0002";"NE_0002";"NE_0002"
"2023";"01";"150114";"LIMA";"LIMA";"LA MOLINA";"PRIVADO";"II-2";"00009153";"CLINICA MONTEFIORI";"250100";"UNIDAD DE CUIDADOS CRITICOS UNIDAD  DE CUIDADOS INTENSIVOS GENERALES (UCI) ";"3";"3";"3";"3";"3";"86";"2"
"2023";"01";"150114";"LIMA";"LIMA";"LA MOLINA";"PRIVADO";"II-2";"00009153";"CLINICA MONTEFIORI";"240000";"HOSPITALIZACIÓN";"401";"381";"989";"949";"43";"1419";"1"
"2023";"01";"150130";"LIMA";"LIMA";"SAN BORJA";"PRIVADO";"0";"00012366";"MISION MEDICA SAC";"NE_0001";"";"NE_0001";"NE_0001";"NE_0001";"NE_0001";"NE_0001";"NE_0001";"NE_0001"
"2023";"01";"021801";"ANCASH";"SANTA";"CHIMBOTE";"ESSALUD";"0";"00009047";"HOSPITAL III CHIMBOTE";"241900";"HOSPITALIZACIÓN DE MEDICINA MEDICINA INTERNA ";"185";"168";"1381";"1290";"54";"1674";"16"
"2023";"01";"021801";"ANCASH";"SANTA";"CHIMBOTE";"ESSALUD";"0";"00009047";"HOSPITAL III CHIMBOTE";"240100";"HOSPITALIZACIÓN QUIRÚRGICA CIRUGÍA GENERAL ";"138";"138";"471";"443";"16";"467";"1"
"2023";"01";"021801";"ANCASH";"SANTA";"CHIMBOTE";"ESSALUD";"0";"00009047";"HOSPITAL III CHIMBOTE";"241200";"HOSPITALIZACIÓN QUIRÚRGICA TRAUMATOLOGÍA Y ORTOPEDIA ";"44";"44";"645";"659";"23";"713";"0"
"2023";"01";"021801";"ANCASH";"SANTA";"CHIMBOTE";"ESSALUD";"0";"00009047";"HOSPITAL III CHIMBOTE";"241300";"HOSPITALIZACIÓN QUIRÚRGICA UROLOGÍA  ";"15";"15";"55";"72";"3";"93";"0"
"2023";"01";"021801";"ANCASH";"SANTA";"CHIMBOTE";"ESSALUD";"0";"00009047";"HOSPITAL III CHIMBOTE";"240900";"HOSPITALIZACIÓN QUIRÚRGICA NEUROCIRUGÍA ";"1";"0";"0";"5";"1";"31";"0"
"2023";"01";"021801";"ANCASH";"SANTA";"CHIMBOTE";"ESSALUD";"0";"00009047";"HOSPITAL III CHIMBOTE";"241500";"HOSPITALIZACIÓN QUIRÚRGICA GINECOLOGÍA  ";"59";"61";"174";"160";"6";"195";"0"
"2023";"01";"021801";"ANCASH";"SANTA";"CHIMBOTE";"ESSALUD";"0";"00009047";"HOSPITAL III CHIMBOTE";"241600";"HOSPITALIZACIÓN QUIRÚRGICA OBSTETRICIA   ";"167";"146";"284";"300";"12";"383";"0"
"2023";"01";"021801";"ANCASH";"SANTA";"CHIMBOTE";"ESSALUD";"0";"00009047";"HOSPITAL III CHIMBOTE";"242300";"HOSPITALIZACIÓN DE PEDIATRÍA  PEDIATRÍA  GENERAL ";"26";"26";"165";"123";"7";"217";"1"
"2023";"01";"021801";"ANCASH";"SANTA";"CHIMBOTE";"ESSALUD";"0";"00009047";"HOSPITAL III CHIMBOTE";"240700";"HOSPITALIZACIÓN QUIRÚRGICA CIRUGÍA PEDIÁTRICA ";"30";"30";"71";"67";"3";"93";"0"
"2023";"01";"021801";"ANCASH";"SANTA";"CHIMBOTE";"ESSALUD";"0";"00009047";"HOSPITAL III CHIMBOTE";"243200";"HOSPITALIZACIÓN DE PEDIATRÍA PEDIATRIA NEONATOLOGÍA";"129";"123";"352";"201";"10";"312";"1"
"2023";"01";"140101";"LAMBAYEQUE";"CHICLAYO";"CHICLAYO";"PRIVADO";"II-E";"00030057";"CLINICAS AUNAS SEDE CHICLAYO";"240000";"HOSPITALIZACIÓN";"214";"187";"762";"964";"42";"1302";"1"
"2023";"01";"220603";"SAN MARTIN";"MARISCAL CACERES";"HUICUNGO";"GOBIERNO REGIONAL";"I-3";"00006567";"HUICUNGO";"NE_0002";"";"NE_0002";"NE_0002";"NE_0002";"NE_0002";"NE_0002";"NE_0002";"NE_0002"
"2023";"01";"220603";"SAN MARTIN";"MARISCAL CACERES";"HUICUNGO";"GOBIERNO REGIONAL";"I-1";"00006569";"SANTA INES";"NE_0001";"";"NE_0001";"NE_0001";"NE_0001";"NE_0001";"NE_0001";"NE_0001";"NE_0001"
"2023";"01";"220603";"SAN MARTIN";"MARISCAL CACERES";"HUICUNGO";"GOBIERNO REGIONAL";"I-1";"00006571";"PIZARRO";"NE_0001";"";"NE_0001";"NE_0001";"NE_0001";"NE_0001";"NE_0001";"NE_0001";"NE_0001"
"2023";"01";"220604";"SAN MARTIN";"MARISCAL CACERES";"PACHIZA";"GOBIERNO REGIONAL";"I-1";"00006572";"PACHIZA";"NE_0001";"";"NE_0001";"NE_0001";"NE_0001";"NE_0001";"NE_0001";"NE_0001";"NE_0001"
"2023";"01";"220604";"SAN MARTIN";"MARISCAL CACERES";"PACHIZA";"GOBIERNO REGIONAL";"I-1";"00006573";"ALTO EL SOL";"NE_0001";"";"NE_0001";"NE_0001";"NE_0001";"NE_0001";"NE_0001";"NE_0001";"NE_0001"
"2023";"01";"220604";"SAN MARTIN";"MARISCAL CACERES";"PACHIZA";"GOBIERNO REGIONAL";"I-1";"00006574";"NUEVO CHIMBOTE";"NE_0001";"";"NE_0001";"NE_0001";"NE_0001";"NE_0001";"NE_0001";"NE_0001";"NE_0001"
"2023";"01";"220603";"SAN MARTIN";"MARISCAL CACERES";"HUICUNGO";"GOBIERNO REGIONAL";"I-1";"00006568";"DOS DE MAYO";"NE_0001";"";"NE_0001";"NE_0001";"NE_0001";"NE_0001";"NE_0001";"NE_0001";"NE_0001"
"2023";"01";"220603";"SAN MARTIN";"MARISCAL CACERES";"HUICUNGO";"GOBIERNO REGIONAL";"I-1";"00006570";"NUEVA ESPERANZA";"NE_0001";"";"NE_0001";"NE_0001";"NE_0001";"NE_0001";"NE_0001";"NE_0001";"NE_0001"
"2023";"01";"230302";"TACNA";"JORGE BASADRE";"ILABAYA";"ESSALUD";"I-2";"00010191";"CENTRO DE ATENCION PRIMARIA I   ILABAYA";"NE_0001";"";"NE_0001";"NE_0001";"NE_0001";"NE_0001";"NE_0001";"NE_0001";"NE_0001"
"2023";"01";"110101";"ICA";"ICA";"ICA";"PRIVADO";"I-4";"00009606";"VIRGEN DEL ROSARIO SA";"240000";"HOSPITALIZACIÓN";"125";"125";"181";"181";"16";"496";"0"
"2023";"01";"220914";"SAN MARTIN";"SAN MARTIN";"SHAPAJA";"GOBIERNO REGIONAL";"I-2";"00006375";"SHAPAJA";"NE_0002";"";"NE_0002";"NE_0002";"NE_0002";"NE_0002";"NE_0002";"NE_0002";"NE_0002"
"2023";"01";"220908";"SAN MARTIN";"SAN MARTIN";"JUAN GUERRA";"GOBIERNO REGIONAL";"I-1";"00006379";"YACUCATINA";"NE_0002";"";"NE_0002";"NE_0002";"NE_0002";"NE_0002";"NE_0002";"NE_0002";"NE_0002"
"2023";"01";"060701";"CAJAMARCA";"HUALGAYOC";"BAMBAMARCA";"GOBIERNO REGIONAL";"II-1";"00004782";"BAMBAMARCA - TITO VILLAR CABEZAS";"243200";"HOSPITALIZACIÓN DE PEDIATRÍA PEDIATRIA NEONATOLOGÍA";"2";"2";"6";"7";"1";"31";"0"
"2023";"01";"210101";"PUNO";"PUNO";"PUNO";"SANIDAD DE LA POLICIA NACIONAL DEL PERU";"I-3";"00010235";"UNIDAD EJECUTORA 020-1067 SANIDAD DE LA PNP";"NE_0001";"";"NE_0001";"NE_0001";"NE_0001";"NE_0001";"NE_0001";"NE_0001";"NE_0001"
"2023";"01";"200101";"PIURA";"PIURA";"PIURA";"PRIVADO";"I-3";"00024833";"MEDITRAN PERU EIRL";"NE_0001";"";"NE_0001";"NE_0001";"NE_0001";"NE_0001";"NE_0001";"NE_0001";"NE_0001"
"2023";"01";"021001";"ANCASH";"HUARI";"HUARI";"GOBIERNO REGIONAL";"II-1";"00001813";"HOSPITAL DE APOYO HUARI";"241600";"HOSPITALIZACIÓN QUIRÚRGICA OBSTETRICIA   ";"52";"55";"104";"106";"12";"372";"0"
"2023";"01";"021001";"ANCASH";"HUARI";"HUARI";"GOBIERNO REGIONAL";"II-1";"00001813";"HOSPITAL DE APOYO HUARI";"241800";"HOSPITALIZACIÓN DE MEDICINA MEDICINA GENERAL ";"46";"47";"152";"155";"12";"372";"0"
"2023";"01";"021001";"ANCASH";"HUARI";"HUARI";"GOBIERNO REGIONAL";"II-1";"00001813";"HOSPITAL DE APOYO HUARI";"242500";"HOSPITALIZACIÓN-PEDIATRÍA GENERAL-";"3";"3";"8";"8";"4";"124";"0"
"2023";"01";"021001";"ANCASH";"HUARI";"HUARI";"GOBIERNO REGIONAL";"II-1";"00001813";"HOSPITAL DE APOYO HUARI";"243200";"HOSPITALIZACIÓN DE PEDIATRÍA PEDIATRIA NEONATOLOGÍA";"1";"1";"4";"4";"1";"31";"0"
"2023";"01";"030201";"APURIMAC";"ANDAHUAYLAS";"ANDAHUAYLAS";"PRIVADO";"II-E";"00014017";"CLINICA PERUANA DE LOS ANDES";"240000";"HOSPITALIZACIÓN";"1";"1";"1";"1";"6";"186";"0"
"2023";"01";"080207";"CUSCO";"ACOMAYO";"SANGARARA";"GOBIERNO REGIONAL";"I-2";"00002325";"PUESTO DE SALUD MARCACONGA";"NE_0002";"";"NE_0002";"NE_0002";"NE_0002";"NE_0002";"NE_0002";"NE_0002";"NE_0002"
"2023";"01";"080201";"CUSCO";"ACOMAYO";"ACOMAYO";"GOBIERNO REGIONAL";"I-4";"00002317";"ACOMAYO";"NE_0002";"";"NE_0002";"NE_0002";"NE_0002";"NE_0002";"NE_0002";"NE_0002";"NE_0002"
"2023";"01";"080202";"CUSCO";"ACOMAYO";"ACOPIA";"GOBIERNO REGIONAL";"I-1";"00002318";"ACOPIA";"NE_0002";"";"NE_0002";"NE_0002";"NE_0002";"NE_0002";"NE_0002";"NE_0002";"NE_0002"
"2023";"01";"080205";"CUSCO";"ACOMAYO";"POMACANCHI";"GOBIERNO REGIONAL";"I-4";"00002321";"POMACANCHI";"NE_0002";"";"NE_0002";"NE_0002";"NE_0002";"NE_0002";"NE_0002";"NE_0002";"NE_0002"
"2023";"01";"080205";"CUSCO";"ACOMAYO";"POMACANCHI";"GOBIERNO REGIONAL";"I-1";"00002322";"SAN JUAN DE POMACANCHI";"NE_0002";"";"NE_0002";"NE_0002";"NE_0002";"NE_0002";"NE_0002";"NE_0002";"NE_0002"
"2023";"01";"080203";"CUSCO";"ACOMAYO";"ACOS";"GOBIERNO REGIONAL";"I-1";"00002319";"ACOS";"NE_0002";"";"NE_0002";"NE_0002";"NE_0002";"NE_0002";"NE_0002";"NE_0002";"NE_0002"
"2023";"01";"080205";"CUSCO";"ACOMAYO";"POMACANCHI";"GOBIERNO REGIONAL";"I-1";"00012926";"SANTA LUCIA";"NE_0002";"";"NE_0002";"NE_0002";"NE_0002";"NE_0002";"NE_0002";"NE_0002";"NE_0002"
"2023";"01";"080207";"CUSCO";"ACOMAYO";"SANGARARA";"GOBIERNO REGIONAL";"I-1";"00002324";"PUESTO DE SALUD SANGARARA";"NE_0002";"";"NE_0002";"NE_0002";"NE_0002";"NE_0002";"NE_0002";"NE_0002";"NE_0002"
"2023";"01";"081008";"CUSCO";"PARURO";"PILLPINTO";"GOBIERNO REGIONAL";"I-1";"00002508";"PILLPINTO";"NE_0002";"";"NE_0002";"NE_0002";"NE_0002";"NE_0002";"NE_0002";"NE_0002";"NE_0002"
"2023";"01";"160101";"LORETO";"MAYNAS";"IQUITOS";"SANIDAD DE LA FUERZA AEREA DEL PERU";"I-4";"00010605";"HOSPITAL REGIONAL DEL ORIENTE - FAP";"241800";"HOSPITALIZACIÓN DE MEDICINA MEDICINA GENERAL ";"7";"5";"21";"73";"20";"310";"0"
"2023";"01";"220104";"SAN MARTIN";"MOYOBAMBA";"JEPELACIO";"GOBIERNO REGIONAL";"I-3";"00006341";"JERILLO";"241600";"HOSPITALIZACIÓN QUIRÚRGICA OBSTETRICIA   ";"5";"5";"5";"1";"1";"31";"0"
"2023";"01";"220104";"SAN MARTIN";"MOYOBAMBA";"JEPELACIO";"GOBIERNO REGIONAL";"I-1";"00006346";"RAMIREZ";"NE_0001";"";"NE_0001";"NE_0001";"NE_0001";"NE_0001";"NE_0001";"NE_0001";"NE_0001"
"2023";"01";"220104";"SAN MARTIN";"MOYOBAMBA";"JEPELACIO";"GOBIERNO REGIONAL";"I-3";"00006349";"LA HUARPIA";"NE_0001";"";"NE_0001";"NE_0001";"NE_0001";"NE_0001";"NE_0001";"NE_0001";"NE_0001"
"2023";"01";"080105";"CUSCO";"CUSCO";"SAN SEBASTIAN";"GOBIERNO REGIONAL";"II-E";"00025210";"TUPAC AMARU";"241400";"HOSPITALIZACIÓN QUIRÚRGICA GINECO - OBSTETRICIA ";"103";"104";"224";"214";"15";"465";"0"
"2023";"01";"180201";"MOQUEGUA";"GENERAL SANCHEZ CERRO";"OMATE";"ESSALUD";"I-2";"00026055";"POSTA MEDICA OMATE";"NE_0001";"";"NE_0001";"NE_0001";"NE_0001";"NE_0001";"NE_0001";"NE_0001";"NE_0001"
"2023";"01";"240101";"TUMBES";"TUMBES";"TUMBES";"PRIVADO";"I-4";"00007795";"CENTRO MEDICO LA FAMILIA";"NE_0002";"";"NE_0002";"NE_0002";"NE_0002";"NE_0002";"NE_0002";"NE_0002";"NE_0002"
"2023";"01";"150132";"LIMA";"LIMA";"SAN JUAN DE LURIGANCHO";"PRIVADO";"II-E";"00014509";"CLINICA SAN MARTIN";"240000";"HOSPITALIZACIÓN";"111";"111";"230";"250";"12";"360";"0"
"2023";"01";"120409";"JUNIN";"JAUJA";"HUARIPAMPA";"GOBIERNO REGIONAL";"I-1";"00000400";"HUARIPAMPA";"NE_0001";"";"NE_0001";"NE_0001";"NE_0001";"NE_0001";"NE_0001";"NE_0001";"NE_0001"
"2023";"01";"120420";"JUNIN";"JAUJA";"MUQUI";"GOBIERNO REGIONAL";"I-1";"00000402";"MUQUI";"NE_0001";"";"NE_0001";"NE_0001";"NE_0001";"NE_0001";"NE_0001";"NE_0001";"NE_0001"
"2023";"01";"120431";"JUNIN";"JAUJA";"SINCOS";"GOBIERNO REGIONAL";"I-1";"00000407";"SALLAHUACHAC";"NE_0001";"";"NE_0001";"NE_0001";"NE_0001";"NE_0001";"NE_0001";"NE_0001";"NE_0001"
"2023";"01";"120431";"JUNIN";"JAUJA";"SINCOS";"GOBIERNO REGIONAL";"I-3";"00000404";"SINCOS";"NE_0001";"";"NE_0001";"NE_0001";"NE_0001";"NE_0001";"NE_0001";"NE_0001";"NE_0001"
"2023";"01";"120431";"JUNIN";"JAUJA";"SINCOS";"GOBIERNO REGIONAL";"I-1";"00000405";"LLACUARIPAMPA";"NE_0001";"";"NE_0001";"NE_0001";"NE_0001";"NE_0001";"NE_0001";"NE_0001";"NE_0001"
"2023";"01";"120413";"JUNIN";"JAUJA";"LEONOR ORDOÑEZ";"GOBIERNO REGIONAL";"I-1";"00000401";"HUANCANI";"NE_0001";"";"NE_0001";"NE_0001";"NE_0001";"NE_0001";"NE_0001";"NE_0001";"NE_0001"
"2023";"01";"120431";"JUNIN";"JAUJA";"SINCOS";"GOBIERNO REGIONAL";"I-2";"00000406";"ARAMACHAY";"NE_0001";"";"NE_0001";"NE_0001";"NE_0001";"NE_0001";"NE_0001";"NE_0001";"NE_0001"
"2023";"01";"120431";"JUNIN";"JAUJA";"SINCOS";"GOBIERNO REGIONAL";"I-1";"00000408";"CHALHUAS";"NE_0001";"";"NE_0001";"NE_0001";"NE_0001";"NE_0001";"NE_0001";"NE_0001";"NE_0001"
"2023";"01";"120421";"JUNIN";"JAUJA";"MUQUIYAUYO";"GOBIERNO REGIONAL";"I-2";"00000403";"MUQUIYAUYO";"NE_0001";"";"NE_0001";"NE_0001";"NE_0001";"NE_0001";"NE_0001";"NE_0001";"NE_0001"
"2023";"01";"150122";"LIMA";"LIMA";"MIRAFLORES";"PRIVADO";"II-E";"00024924";"CLÍNICA CORPORACIÓN DE CIRUJANOS PLÁSTICOS";"NE_0002";"";"NE_0002";"NE_0002";"NE_0002";"NE_0002";"NE_0002";"NE_0002";"NE_0002"
"2023";"01";"040109";"AREQUIPA";"AREQUIPA";"MARIANO MELGAR";"GOBIERNO REGIONAL";"I-2";"00001309";"PUESTO DE SALUD JERUSALEN";"NE_0001";"";"NE_0001";"NE_0001";"NE_0001";"NE_0001";"NE_0001";"NE_0001";"NE_0001"
"2023";"01";"040109";"AREQUIPA";"AREQUIPA";"MARIANO MELGAR";"GOBIERNO REGIONAL";"I-2";"00007722";"PUESTO DE SALUD EL MIRADOR";"NE_0001";"";"NE_0001";"NE_0001";"NE_0001";"NE_0001";"NE_0001";"NE_0001";"NE_0001"
"2023";"01";"040109";"AREQUIPA";"AREQUIPA";"MARIANO MELGAR";"GOBIERNO REGIONAL";"I-3";"00001295";"CENTRO DE SALUD GENERALISIMO SAN MARTIN";"NE_0001";"";"NE_0001";"NE_0001";"NE_0001";"NE_0001";"NE_0001";"NE_0001";"NE_0001"
"2023";"01";"040102";"AREQUIPA";"AREQUIPA";"ALTO SELVA ALEGRE";"GOBIERNO REGIONAL";"I-2";"00001304";"PUESTO DE SALUD HEROES DEL CENEPA";"NE_0001";"";"NE_0001";"NE_0001";"NE_0001";"NE_0001";"NE_0001";"NE_0001";"NE_0001"
"2023";"01";"210101";"PUNO";"PUNO";"PUNO";"ESSALUD";"II-2";"00009215";"HOSPITAL III BASE  (PUNO) - RED ASISTENCIAL PUNO";"240000";"HOSPITALIZACIÓN";"103";"105";"793";"635";"27";"837";"1"
"2023";"01";"210101";"PUNO";"PUNO";"PUNO";"ESSALUD";"II-2";"00009215";"HOSPITAL III BASE  (PUNO) - RED ASISTENCIAL PUNO";"241900";"HOSPITALIZACIÓN DE MEDICINA MEDICINA INTERNA ";"44";"34";"361";"359";"21";"651";"3"
"2023";"01";"210101";"PUNO";"PUNO";"PUNO";"ESSALUD";"II-2";"00009215";"HOSPITAL III BASE  (PUNO) - RED ASISTENCIAL PUNO";"240100";"HOSPITALIZACIÓN QUIRÚRGICA CIRUGÍA GENERAL ";"68";"67";"181";"188";"7";"217";"0"
"2023";"01";"210101";"PUNO";"PUNO";"PUNO";"ESSALUD";"II-2";"00009215";"HOSPITAL III BASE  (PUNO) - RED ASISTENCIAL PUNO";"241500";"HOSPITALIZACIÓN QUIRÚRGICA GINECOLOGÍA  ";"34";"28";"71";"82";"7";"217";"0"
"2023";"01";"210101";"PUNO";"PUNO";"PUNO";"ESSALUD";"II-2";"00009215";"HOSPITAL III BASE  (PUNO) - RED ASISTENCIAL PUNO";"241600";"HOSPITALIZACIÓN QUIRÚRGICA OBSTETRICIA   ";"93";"89";"182";"198";"8";"248";"0"
"2023";"01";"210101";"PUNO";"PUNO";"PUNO";"ESSALUD";"II-2";"00009215";"HOSPITAL III BASE  (PUNO) - RED ASISTENCIAL PUNO";"242300";"HOSPITALIZACIÓN DE PEDIATRÍA  PEDIATRÍA  GENERAL ";"111";"105";"244";"241";"12";"372";"0"
"2023";"01";"210101";"PUNO";"PUNO";"PUNO";"ESSALUD";"II-2";"00009215";"HOSPITAL III BASE  (PUNO) - RED ASISTENCIAL PUNO";"250100";"UNIDAD DE CUIDADOS CRITICOS UNIDAD  DE CUIDADOS INTENSIVOS GENERALES (UCI) ";"3";"6";"79";"45";"9";"279";"6"
"2023";"01";"210101";"PUNO";"PUNO";"PUNO";"ESSALUD";"II-2";"00009215";"HOSPITAL III BASE  (PUNO) - RED ASISTENCIAL PUNO";"250200";"UNIDAD DE CUIDADOS CRITICOS UNIDAD DE CUIDADOS INTERMEDIOS GENERAL  (UCIN) ";"3";"1";"2";"2";"4";"124";"0"
"2023";"01";"210701";"PUNO";"LAMPA";"LAMPA";"GOBIERNO REGIONAL";"I-4";"00003128";"ANTONIO BARRIONUEVO (LAMPA)";"240100";"HOSPITALIZACIÓN QUIRÚRGICA CIRUGÍA GENERAL ";"6";"6";"28";"1";"3";"93";"0"
"2023";"01";"210701";"PUNO";"LAMPA";"LAMPA";"GOBIERNO REGIONAL";"I-4";"00003128";"ANTONIO BARRIONUEVO (LAMPA)";"241400";"HOSPITALIZACIÓN QUIRÚRGICA GINECO - OBSTETRICIA ";"4";"4";"9";"1";"2";"62";"0"
"2023";"01";"210701";"PUNO";"LAMPA";"LAMPA";"GOBIERNO REGIONAL";"I-4";"00003128";"ANTONIO BARRIONUEVO (LAMPA)";"241500";"HOSPITALIZACIÓN QUIRÚRGICA GINECOLOGÍA  ";"6";"6";"18";"1";"2";"62";"0"
"2023";"01";"210701";"PUNO";"LAMPA";"LAMPA";"GOBIERNO REGIONAL";"I-4";"00003128";"ANTONIO BARRIONUEVO (LAMPA)";"241600";"HOSPITALIZACIÓN QUIRÚRGICA OBSTETRICIA   ";"13";"13";"22";"1";"3";"93";"0"
"2023";"01";"210701";"PUNO";"LAMPA";"LAMPA";"GOBIERNO REGIONAL";"I-4";"00003128";"ANTONIO BARRIONUEVO (LAMPA)";"241800";"HOSPITALIZACIÓN DE MEDICINA MEDICINA GENERAL ";"14";"14";"55";"1";"4";"124";"0"
"2023";"01";"021201";"ANCASH";"HUAYLAS";"CARAZ";"GOBIERNO REGIONAL";"II-1";"00001587";"HOSPITAL DE APOYO CARAZ";"241800";"HOSPITALIZACIÓN DE MEDICINA MEDICINA GENERAL ";"19";"17";"71";"82";"16";"496";"0"
"2023";"01";"021201";"ANCASH";"HUAYLAS";"CARAZ";"GOBIERNO REGIONAL";"II-1";"00001587";"HOSPITAL DE APOYO CARAZ";"240100";"HOSPITALIZACIÓN QUIRÚRGICA CIRUGÍA GENERAL ";"15";"11";"42";"51";"6";"186";"0"
"2023";"01";"021201";"ANCASH";"HUAYLAS";"CARAZ";"GOBIERNO REGIONAL";"II-1";"00001587";"HOSPITAL DE APOYO CARAZ";"242500";"HOSPITALIZACIÓN-PEDIATRÍA GENERAL-";"7";"7";"17";"19";"9";"279";"1"
"2023";"01";"021201";"ANCASH";"HUAYLAS";"CARAZ";"GOBIERNO REGIONAL";"II-1";"00001587";"HOSPITAL DE APOYO CARAZ";"241600";"HOSPITALIZACIÓN QUIRÚRGICA OBSTETRICIA   ";"67";"65";"99";"96";"6";"186";"0"
"2023";"01";"021201";"ANCASH";"HUAYLAS";"CARAZ";"GOBIERNO REGIONAL";"II-1";"00001587";"HOSPITAL DE APOYO CARAZ";"241500";"HOSPITALIZACIÓN QUIRÚRGICA GINECOLOGÍA  ";"74";"72";"136";"126";"6";"186";"0"
"2023";"01";"090118";"HUANCAVELICA";"HUANCAVELICA";"ASCENSION";"ESSALUD";"II-1";"00009132";"HOSPITAL II HUANCAVELICA";"241800";"HOSPITALIZACIÓN DE MEDICINA MEDICINA GENERAL ";"34";"33";"166";"154";"9";"279";"1"
"2023";"01";"090118";"HUANCAVELICA";"HUANCAVELICA";"ASCENSION";"ESSALUD";"II-1";"00009132";"HOSPITAL II HUANCAVELICA";"240100";"HOSPITALIZACIÓN QUIRÚRGICA CIRUGÍA GENERAL ";"42";"49";"276";"204";"9";"279";"0"
"2023";"01";"090118";"HUANCAVELICA";"HUANCAVELICA";"ASCENSION";"ESSALUD";"II-1";"00009132";"HOSPITAL II HUANCAVELICA";"241200";"HOSPITALIZACIÓN QUIRÚRGICA TRAUMATOLOGÍA Y ORTOPEDIA ";"8";"8";"14";"32";"2";"62";"0"
"2023";"01";"090118";"HUANCAVELICA";"HUANCAVELICA";"ASCENSION";"ESSALUD";"II-1";"00009132";"HOSPITAL II HUANCAVELICA";"241400";"HOSPITALIZACIÓN QUIRÚRGICA GINECO - OBSTETRICIA ";"58";"61";"156";"135";"9";"279";"0"
"2023";"01";"090118";"HUANCAVELICA";"HUANCAVELICA";"ASCENSION";"ESSALUD";"II-1";"00009132";"HOSPITAL II HUANCAVELICA";"242300";"HOSPITALIZACIÓN DE PEDIATRÍA  PEDIATRÍA  GENERAL ";"26";"22";"55";"77";"6";"186";"0"
"2023";"01";"090118";"HUANCAVELICA";"HUANCAVELICA";"ASCENSION";"ESSALUD";"II-1";"00009132";"HOSPITAL II HUANCAVELICA";"250300";"UNIDAD DE CUIDADOS CRITICOS UNIDAD DE VIGILANCIA INTENSIVA  CLINICA (UVIC) ";"16";"16";"35";"45";"2";"62";"7"
"2023";"01";"010201";"AMAZONAS";"BAGUA";"BAGUA";"GOBIERNO REGIONAL";"II-1";"00005044";"GUSTAVO LANATTA LUJAN";"243200";"HOSPITALIZACIÓN DE PEDIATRÍA PEDIATRIA NEONATOLOGÍA";"15";"15";"77";"77";"8";"248";"1"
"2023";"01";"010201";"AMAZONAS";"BAGUA";"BAGUA";"GOBIERNO REGIONAL";"II-1";"00005044";"GUSTAVO LANATTA LUJAN";"250103";"UNIDAD DE CUIDADOS CRITICOS UNIDAD  DE CUIDADOS INTENSIVOS GENERALES  (UCI) MEDICINA";"6";"6";"31";"31";"7";"217";"1"
"2023";"01";"120101";"JUNIN";"HUANCAYO";"HUANCAYO";"PRIVADO";"II-E";"00024425";"CLÍNICA MEDICA SALAZAR";"241800";"HOSPITALIZACIÓN DE MEDICINA MEDICINA GENERAL ";"55";"55";"155";"500";"18";"558";"0"
"2023";"01";"150115";"LIMA";"LIMA";"LA VICTORIA";"MINSA";"III-E";"00006212";"HOSPITAL DE EMERGENCIAS PEDIATRICAS";"240700";"HOSPITALIZACIÓN QUIRÚRGICA CIRUGÍA PEDIÁTRICA ";"56";"45";"206";"228";"11";"277";"0"
"2023";"01";"150115";"LIMA";"LIMA";"LA VICTORIA";"MINSA";"III-E";"00006212";"HOSPITAL DE EMERGENCIAS PEDIATRICAS";"250105";"UNIDAD DE CUIDADOS CRITICOS UNIDAD  DE CUIDADOS INTENSIVOS  (UCI) NEONATOLOGÍA";"4";"3";"41";"99";"4";"124";"0"
"2023";"01";"150115";"LIMA";"LIMA";"LA VICTORIA";"MINSA";"III-E";"00006212";"HOSPITAL DE EMERGENCIAS PEDIATRICAS";"250108";"UNIDAD DE CUIDADOS CRITICOS UNIDAD  DE CUIDADOS INTENSIVOS  (UCI) PEDIÁTRICA";"20";"18";"59";"161";"8";"248";"2"
"2023";"01";"150115";"LIMA";"LIMA";"LA VICTORIA";"MINSA";"III-E";"00006212";"HOSPITAL DE EMERGENCIAS PEDIATRICAS";"240900";"HOSPITALIZACIÓN QUIRÚRGICA NEUROCIRUGÍA ";"19";"12";"215";"137";"5";"155";"0"
"2023";"01";"150115";"LIMA";"LIMA";"LA VICTORIA";"MINSA";"III-E";"00006212";"HOSPITAL DE EMERGENCIAS PEDIATRICAS";"241200";"HOSPITALIZACIÓN QUIRÚRGICA TRAUMATOLOGÍA Y ORTOPEDIA ";"39";"35";"140";"130";"5";"155";"0"
"2023";"01";"150115";"LIMA";"LIMA";"LA VICTORIA";"MINSA";"III-E";"00006212";"HOSPITAL DE EMERGENCIAS PEDIATRICAS";"242300";"HOSPITALIZACIÓN DE PEDIATRÍA  PEDIATRÍA  GENERAL ";"38";"33";"630";"403";"14";"434";"0"
"2023";"01";"150115";"LIMA";"LIMA";"LA VICTORIA";"MINSA";"III-E";"00006212";"HOSPITAL DE EMERGENCIAS PEDIATRICAS";"242500";"HOSPITALIZACIÓN-PEDIATRÍA GENERAL-";"41";"21";"66";"120";"6";"186";"0"
"2023";"01";"120114";"JUNIN";"HUANCAYO";"EL TAMBO";"ESSALUD";"III-1";"00008652";"HOSPITAL NACIONAL RAMIRO PRIALE PRIALE";"242600";"HOSPITALIZACIÓN DE PEDIATRÍA PEDIATRIA CARDIOLOGÍA PEDIÁTRICA";"7";"9";"62";"56";"2";"62";"0"
"2023";"01";"120114";"JUNIN";"HUANCAYO";"EL TAMBO";"ESSALUD";"III-1";"00008652";"HOSPITAL NACIONAL RAMIRO PRIALE PRIALE";"242900";"HOSPITALIZACIÓN DE PEDIATRÍA PEDIATRIA GASTROENTEROLOGÍA PEDIÁTRICA";"14";"14";"176";"201";"7";"217";"0"
"2023";"01";"120114";"JUNIN";"HUANCAYO";"EL TAMBO";"ESSALUD";"III-1";"00008652";"HOSPITAL NACIONAL RAMIRO PRIALE PRIALE";"242202";"HOSPITALIZACIÓN DE MEDICINA PSIQUIATRÍA PSIQUIATRÍA DEL ADULTO Y GERONTE";"29";"26";"415";"478";"16";"496";"6"
"2023";"01";"120114";"JUNIN";"HUANCAYO";"EL TAMBO";"ESSALUD";"III-1";"00008652";"HOSPITAL NACIONAL RAMIRO PRIALE PRIALE";"241900";"HOSPITALIZACIÓN DE MEDICINA MEDICINA INTERNA ";"9";"8";"102";"137";"5";"155";"0"
"2023";"01";"120114";"JUNIN";"HUANCAYO";"EL TAMBO";"ESSALUD";"III-1";"00008652";"HOSPITAL NACIONAL RAMIRO PRIALE PRIALE";"241900";"HOSPITALIZACIÓN DE MEDICINA MEDICINA INTERNA ";"118";"125";"1737";"1659";"54";"1674";"19"
"2023";"01";"120114";"JUNIN";"HUANCAYO";"EL TAMBO";"ESSALUD";"III-1";"00008652";"HOSPITAL NACIONAL RAMIRO PRIALE PRIALE";"243100";"HOSPITALIZACIÓN DE PEDIATRÍA PEDIATRIA NEFROLOGÍA PEDIÁTRICA";"9";"10";"129";"112";"4";"124";"0"
"2023";"01";"120114";"JUNIN";"HUANCAYO";"EL TAMBO";"ESSALUD";"III-1";"00008652";"HOSPITAL NACIONAL RAMIRO PRIALE PRIALE";"242100";"HOSPITALIZACIÓN DE MEDICINA ONCOLOGÍA MÉDICA ";"48";"45";"435";"501";"17";"527";"3"
"2023";"01";"120114";"JUNIN";"HUANCAYO";"EL TAMBO";"ESSALUD";"III-1";"00008652";"HOSPITAL NACIONAL RAMIRO PRIALE PRIALE";"242200";"HOSPITALIZACIÓN DE MEDICINA PSIQUIATRÍA ";"14";"10";"222";"311";"12";"372";"0"
"2023";"01";"120114";"JUNIN";"HUANCAYO";"EL TAMBO";"ESSALUD";"III-1";"00008652";"HOSPITAL NACIONAL RAMIRO PRIALE PRIALE";"242000";"HOSPITALIZACIÓN DE MEDICINA MEDICINA TROPICAL E INFECCIOSAS ";"11";"14";"161";"132";"5";"155";"0"
"2023";"01";"120114";"JUNIN";"HUANCAYO";"EL TAMBO";"ESSALUD";"III-1";"00008652";"HOSPITAL NACIONAL RAMIRO PRIALE PRIALE";"240400";"HOSPITALIZACIÓN QUIRÚRGICA CIRUGÍA DE TÓRAX Y CARDIOVASCULAR ";"10";"11";"36";"30";"2";"62";"0"
"2023";"01";"120114";"JUNIN";"HUANCAYO";"EL TAMBO";"ESSALUD";"III-1";"00008652";"HOSPITAL NACIONAL RAMIRO PRIALE PRIALE";"240400";"HOSPITALIZACIÓN QUIRÚRGICA CIRUGÍA DE TÓRAX Y CARDIOVASCULAR ";"7";"7";"80";"65";"3";"93";"0"
"2023";"01";"120114";"JUNIN";"HUANCAYO";"EL TAMBO";"ESSALUD";"III-1";"00008652";"HOSPITAL NACIONAL RAMIRO PRIALE PRIALE";"240100";"HOSPITALIZACIÓN QUIRÚRGICA CIRUGÍA GENERAL ";"185";"183";"806";"854";"30";"930";"2"
"2023";"01";"120114";"JUNIN";"HUANCAYO";"EL TAMBO";"ESSALUD";"III-1";"00008652";"HOSPITAL NACIONAL RAMIRO PRIALE PRIALE";"240900";"HOSPITALIZACIÓN QUIRÚRGICA NEUROCIRUGÍA ";"11";"9";"125";"161";"6";"186";"0"
"2023";"01";"120114";"JUNIN";"HUANCAYO";"EL TAMBO";"ESSALUD";"III-1";"00008652";"HOSPITAL NACIONAL RAMIRO PRIALE PRIALE";"241200";"HOSPITALIZACIÓN QUIRÚRGICA TRAUMATOLOGÍA Y ORTOPEDIA ";"101";"95";"661";"749";"25";"775";"0"
"2023";"01";"120114";"JUNIN";"HUANCAYO";"EL TAMBO";"ESSALUD";"III-1";"00008652";"HOSPITAL NACIONAL RAMIRO PRIALE PRIALE";"241300";"HOSPITALIZACIÓN QUIRÚRGICA UROLOGÍA  ";"16";"17";"114";"117";"4";"124";"0"
"2023";"01";"120114";"JUNIN";"HUANCAYO";"EL TAMBO";"ESSALUD";"III-1";"00008652";"HOSPITAL NACIONAL RAMIRO PRIALE PRIALE";"241600";"HOSPITALIZACIÓN QUIRÚRGICA OBSTETRICIA   ";"88";"264";"667";"583";"26";"806";"0"
"2023";"01";"120114";"JUNIN";"HUANCAYO";"EL TAMBO";"ESSALUD";"III-1";"00008652";"HOSPITAL NACIONAL RAMIRO PRIALE PRIALE";"241500";"HOSPITALIZACIÓN QUIRÚRGICA GINECOLOGÍA  ";"77";"77";"292";"306";"12";"372";"0"
"2023";"01";"120114";"JUNIN";"HUANCAYO";"EL TAMBO";"ESSALUD";"III-1";"00008652";"HOSPITAL NACIONAL RAMIRO PRIALE PRIALE";"241700";"HOSPITALIZACIÓN QUIRÚRGICA GINECOLOGÍA   GINECOLOGIA ONCOLOGiCA";"14";"15";"81";"70";"3";"93";"0"
"2023";"01";"120114";"JUNIN";"HUANCAYO";"EL TAMBO";"ESSALUD";"III-1";"00008652";"HOSPITAL NACIONAL RAMIRO PRIALE PRIALE";"242300";"HOSPITALIZACIÓN DE PEDIATRÍA  PEDIATRÍA  GENERAL ";"80";"85";"375";"370";"12";"372";"0"
"2023";"01";"120114";"JUNIN";"HUANCAYO";"EL TAMBO";"ESSALUD";"III-1";"00008652";"HOSPITAL NACIONAL RAMIRO PRIALE PRIALE";"240700";"HOSPITALIZACIÓN QUIRÚRGICA CIRUGÍA PEDIÁTRICA ";"13";"16";"129";"108";"4";"124";"0"
"2023";"01";"120114";"JUNIN";"HUANCAYO";"EL TAMBO";"ESSALUD";"III-1";"00008652";"HOSPITAL NACIONAL RAMIRO PRIALE PRIALE";"250100";"UNIDAD DE CUIDADOS CRITICOS UNIDAD  DE CUIDADOS INTENSIVOS GENERALES (UCI) ";"36";"14";"221";"357";"16";"496";"12"
"2023";"01";"120114";"JUNIN";"HUANCAYO";"EL TAMBO";"ESSALUD";"III-1";"00008652";"HOSPITAL NACIONAL RAMIRO PRIALE PRIALE";"250108";"UNIDAD DE CUIDADOS CRITICOS UNIDAD  DE CUIDADOS INTENSIVOS  (UCI) PEDIÁTRICA";"9";"3";"19";"51";"2";"62";"2"
"2023";"01";"120114";"JUNIN";"HUANCAYO";"EL TAMBO";"ESSALUD";"III-1";"00008652";"HOSPITAL NACIONAL RAMIRO PRIALE PRIALE";"250105";"UNIDAD DE CUIDADOS CRITICOS UNIDAD  DE CUIDADOS INTENSIVOS  (UCI) NEONATOLOGÍA";"10";"1";"3";"128";"5";"155";"1"
"2023";"01";"120114";"JUNIN";"HUANCAYO";"EL TAMBO";"ESSALUD";"III-1";"00008652";"HOSPITAL NACIONAL RAMIRO PRIALE PRIALE";"240500";"HOSPITALIZACIÓN QUIRÚRGICA CIRUGÍA DE TRANSPLANTES ";"1";"1";"21";"8";"1";"31";"0"
"2023";"01";"120114";"JUNIN";"HUANCAYO";"EL TAMBO";"ESSALUD";"III-1";"00008652";"HOSPITAL NACIONAL RAMIRO PRIALE PRIALE";"250200";"UNIDAD DE CUIDADOS CRITICOS UNIDAD DE CUIDADOS INTERMEDIOS GENERAL  (UCIN) ";"29";"0";"0";"305";"10";"310";"0"
"2023";"01";"120114";"JUNIN";"HUANCAYO";"EL TAMBO";"ESSALUD";"III-1";"00008652";"HOSPITAL NACIONAL RAMIRO PRIALE PRIALE";"250202";"UNIDAD DE CUIDADOS CRITICOS UNIDAD DE CUIDADOS INTERMEDIOS  (UCIN) PEDIÁTRICOS";"24";"12";"57";"137";"5";"155";"0"
"2023";"01";"120114";"JUNIN";"HUANCAYO";"EL TAMBO";"ESSALUD";"III-1";"00008652";"HOSPITAL NACIONAL RAMIRO PRIALE PRIALE";"250200";"UNIDAD DE CUIDADOS CRITICOS UNIDAD DE CUIDADOS INTERMEDIOS GENERAL  (UCIN) ";"53";"54";"257";"163";"6";"186";"0"
"2023";"01";"150101";"LIMA";"LIMA";"LIMA";"PRIVADO";"II-1";"00011087";"CLINICA LA LUZ S.A.C.";"240000";"HOSPITALIZACIÓN";"93";"93";"100";"143";"9";"279";"0"
"2023";"01";"220904";"SAN MARTIN";"SAN MARTIN";"CHAZUTA";"GOBIERNO REGIONAL";"I-1";"00006429";"CURIYACU";"NE_0001";"";"NE_0001";"NE_0001";"NE_0001";"NE_0001";"NE_0001";"NE_0001";"NE_0001"
"2023";"01";"220904";"SAN MARTIN";"SAN MARTIN";"CHAZUTA";"GOBIERNO REGIONAL";"I-1";"00006430";"SANTA ROSA DE CHIPAOTA";"NE_0001";"";"NE_0001";"NE_0001";"NE_0001";"NE_0001";"NE_0001";"NE_0001";"NE_0001"
"2023";"01";"220904";"SAN MARTIN";"SAN MARTIN";"CHAZUTA";"GOBIERNO REGIONAL";"I-1";"00006424";"ACHINAMIZA";"NE_0001";"";"NE_0001";"NE_0001";"NE_0001";"NE_0001";"NE_0001";"NE_0001";"NE_0001"
"2023";"01";"040102";"AREQUIPA";"AREQUIPA";"ALTO SELVA ALEGRE";"GOBIERNO REGIONAL";"I-3";"00001302";"CENTRO DE SALUD INDEPENDENCIA";"NE_0001";"";"NE_0001";"NE_0001";"NE_0001";"NE_0001";"NE_0001";"NE_0001";"NE_0001"
"2023";"01";"040102";"AREQUIPA";"AREQUIPA";"ALTO SELVA ALEGRE";"GOBIERNO REGIONAL";"I-2";"00001303";"PUESTO DE SALUD SAN JUAN BAUTISTA";"NE_0001";"";"NE_0001";"NE_0001";"NE_0001";"NE_0001";"NE_0001";"NE_0001";"NE_0001"
"2023";"01";"040102";"AREQUIPA";"AREQUIPA";"ALTO SELVA ALEGRE";"GOBIERNO REGIONAL";"I-3";"00001300";"CENTRO DE SALUD APURIMAC";"NE_0001";"";"NE_0001";"NE_0001";"NE_0001";"NE_0001";"NE_0001";"NE_0001";"NE_0001"
"2023";"01";"040102";"AREQUIPA";"AREQUIPA";"ALTO SELVA ALEGRE";"GOBIERNO REGIONAL";"I-3";"00001291";"CENTRO DE SALUD ALTO SELVA ALEGRE";"NE_0001";"";"NE_0001";"NE_0001";"NE_0001";"NE_0001";"NE_0001";"NE_0001";"NE_0001"
"2023";"01";"040102";"AREQUIPA";"AREQUIPA";"ALTO SELVA ALEGRE";"GOBIERNO REGIONAL";"I-2";"00001301";"PUESTO DE SALUD LEONES DEL MISTI";"NE_0001";"";"NE_0001";"NE_0001";"NE_0001";"NE_0001";"NE_0001";"NE_0001";"NE_0001"
"2023";"01";"200701";"PIURA";"TALARA";"PARIÑAS";"PRIVADO";"I-2";"00012359";"CENTRO OFTALMOLOGICO DE TALARA SRL";"NE_0001";"";"NE_0001";"NE_0001";"NE_0001";"NE_0001";"NE_0001";"NE_0001";"NE_0001"
"2023";"01";"130702";"LA LIBERTAD";"PACASMAYO";"GUADALUPE";"ESSALUD";"I-2";"00009486";"POSTA DE SALUD LIMONCARRO";"NE_0001";"";"NE_0001";"NE_0001";"NE_0001";"NE_0001";"NE_0001";"NE_0001";"NE_0001"
"2023";"01";"130702";"LA LIBERTAD";"PACASMAYO";"GUADALUPE";"ESSALUD";"I-2";"00012101";"POSTA DE SALUD GUADALUPE";"NE_0001";"";"NE_0001";"NE_0001";"NE_0001";"NE_0001";"NE_0001";"NE_0001";"NE_0001"
"2023";"01";"130105";"LA LIBERTAD";"TRUJILLO";"LA ESPERANZA";"ESSALUD";"II-1";"00009040";"HOSPITAL I - LA ESPERANZA";"241800";"HOSPITALIZACIÓN DE MEDICINA MEDICINA GENERAL ";"55";"50";"175";"221";"10";"310";"0"
"2023";"01";"220101";"SAN MARTIN";"MOYOBAMBA";"MOYOBAMBA";"GOBIERNO REGIONAL";"II-1";"00006733";"HOSPITAL II-1 MOYOBAMBA - DR. SEGUNDO RODOLFO PÉREZ NIETO";"240100";"HOSPITALIZACIÓN QUIRÚRGICA CIRUGÍA GENERAL ";"76";"83";"252";"252";"11";"341";"0"
"2023";"01";"220101";"SAN MARTIN";"MOYOBAMBA";"MOYOBAMBA";"GOBIERNO REGIONAL";"II-1";"00006733";"HOSPITAL II-1 MOYOBAMBA - DR. SEGUNDO RODOLFO PÉREZ NIETO";"240600";"HOSPITALIZACIÓN QUIRÚRGICA CIRUGÍA OFTALMOLÓGICA ";"8";"8";"8";"8";"1";"31";"0"
"2023";"01";"220101";"SAN MARTIN";"MOYOBAMBA";"MOYOBAMBA";"GOBIERNO REGIONAL";"II-1";"00006733";"HOSPITAL II-1 MOYOBAMBA - DR. SEGUNDO RODOLFO PÉREZ NIETO";"240700";"HOSPITALIZACIÓN QUIRÚRGICA CIRUGÍA PEDIÁTRICA ";"8";"8";"22";"22";"1";"31";"0"
"2023";"01";"220808";"SAN MARTIN";"RIOJA";"YORONGOS";"GOBIERNO REGIONAL";"I-1";"00006276";"PUESTO DE SALUD NUEVO TABALOSOS";"NE_0002";"";"NE_0002";"NE_0002";"NE_0002";"NE_0002";"NE_0002";"NE_0002";"NE_0002"
"2023";"01";"220801";"SAN MARTIN";"RIOJA";"RIOJA";"GOBIERNO REGIONAL";"I-1";"00006273";"PUESTO DE SALUD TAMBO";"NE_0002";"";"NE_0002";"NE_0002";"NE_0002";"NE_0002";"NE_0002";"NE_0002";"NE_0002"
"2023";"01";"220801";"SAN MARTIN";"RIOJA";"RIOJA";"GOBIERNO REGIONAL";"I-1";"00006708";"PUESTO DE SALUD PERLA DE CASCAYUNGA";"NE_0002";"";"NE_0002";"NE_0002";"NE_0002";"NE_0002";"NE_0002";"NE_0002";"NE_0002"
"2023";"01";"220801";"SAN MARTIN";"RIOJA";"RIOJA";"GOBIERNO REGIONAL";"I-1";"00006280";"PUESTO DE SALUD PORVENIR";"NE_0002";"";"NE_0002";"NE_0002";"NE_0002";"NE_0002";"NE_0002";"NE_0002";"NE_0002"
"2023";"01";"220806";"SAN MARTIN";"RIOJA";"POSIC";"GOBIERNO REGIONAL";"I-1";"00006274";"PUESTO DE SALUD POSIC";"NE_0002";"";"NE_0002";"NE_0002";"NE_0002";"NE_0002";"NE_0002";"NE_0002";"NE_0002"
"2023";"01";"220801";"SAN MARTIN";"RIOJA";"RIOJA";"GOBIERNO REGIONAL";"I-1";"00006271";"PUESTO DE SALUD MASHUYACU";"NE_0002";"";"NE_0002";"NE_0002";"NE_0002";"NE_0002";"NE_0002";"NE_0002";"NE_0002"
"2023";"01";"220801";"SAN MARTIN";"RIOJA";"RIOJA";"GOBIERNO REGIONAL";"I-4";"00006270";"CENTRO DE SALUD NUEVA RIOJA";"241600";"HOSPITALIZACIÓN QUIRÚRGICA OBSTETRICIA   ";"19";"19";"36";"8";"7";"9";"0"
"2023";"01";"220808";"SAN MARTIN";"RIOJA";"YORONGOS";"GOBIERNO REGIONAL";"I-3";"00006275";"PUESTO DE SALUD YORONGOS";"NE_0002";"";"NE_0002";"NE_0002";"NE_0002";"NE_0002";"NE_0002";"NE_0002";"NE_0002"
"2023";"01";"150122";"LIMA";"LIMA";"MIRAFLORES";"PRIVADO";"III-1";"00019049";"AUNA CLÍNICA DELGADO";"240000";"HOSPITALIZACIÓN";"910";"886";"4167";"3875";"144";"4464";"12"
"2023";"01";"200601";"PIURA";"SULLANA";"SULLANA";"GOBIERNO REGIONAL";"II-2";"00001910";"HOSPITAL DE APOYO II - 2 SULLANA";"241900";"HOSPITALIZACIÓN DE MEDICINA MEDICINA INTERNA ";"71";"70";"760";"594";"34";"1054";"10"
"2023";"01";"200601";"PIURA";"SULLANA";"SULLANA";"GOBIERNO REGIONAL";"II-2";"00001910";"HOSPITAL DE APOYO II - 2 SULLANA";"244000";"HOSPITALIZACIÓN DE MEDICINA CARDIOLOGIA ";"15";"17";"152";"131";"6";"186";"0"
"2023";"01";"200601";"PIURA";"SULLANA";"SULLANA";"GOBIERNO REGIONAL";"II-2";"00001910";"HOSPITAL DE APOYO II - 2 SULLANA";"240100";"HOSPITALIZACIÓN QUIRÚRGICA CIRUGÍA GENERAL ";"117";"117";"528";"521";"20";"578";"0"
"2023";"01";"200601";"PIURA";"SULLANA";"SULLANA";"GOBIERNO REGIONAL";"II-2";"00001910";"HOSPITAL DE APOYO II - 2 SULLANA";"240700";"HOSPITALIZACIÓN QUIRÚRGICA CIRUGÍA PEDIÁTRICA ";"26";"25";"101";"105";"3";"112";"0"
"2023";"01";"200601";"PIURA";"SULLANA";"SULLANA";"GOBIERNO REGIONAL";"II-2";"00001910";"HOSPITAL DE APOYO II - 2 SULLANA";"241200";"HOSPITALIZACIÓN QUIRÚRGICA TRAUMATOLOGÍA Y ORTOPEDIA ";"13";"7";"56";"143";"4";"166";"0"
"2023";"01";"200601";"PIURA";"SULLANA";"SULLANA";"GOBIERNO REGIONAL";"II-2";"00001910";"HOSPITAL DE APOYO II - 2 SULLANA";"243200";"HOSPITALIZACIÓN DE PEDIATRÍA PEDIATRIA NEONATOLOGÍA";"40";"42";"514";"504";"20";"620";"2"
"2023";"01";"200601";"PIURA";"SULLANA";"SULLANA";"GOBIERNO REGIONAL";"II-2";"00001910";"HOSPITAL DE APOYO II - 2 SULLANA";"250105";"UNIDAD DE CUIDADOS CRITICOS UNIDAD  DE CUIDADOS INTENSIVOS  (UCI) NEONATOLOGÍA";"7";"4";"8";"117";"4";"124";"4"
"2023";"01";"200601";"PIURA";"SULLANA";"SULLANA";"GOBIERNO REGIONAL";"II-2";"00001910";"HOSPITAL DE APOYO II - 2 SULLANA";"242300";"HOSPITALIZACIÓN DE PEDIATRÍA  PEDIATRÍA  GENERAL ";"33";"37";"241";"174";"9";"262";"0"
"2023";"01";"200601";"PIURA";"SULLANA";"SULLANA";"GOBIERNO REGIONAL";"II-2";"00001910";"HOSPITAL DE APOYO II - 2 SULLANA";"241500";"HOSPITALIZACIÓN QUIRÚRGICA GINECOLOGÍA  ";"41";"39";"194";"167";"6";"199";"1"
"2023";"01";"200601";"PIURA";"SULLANA";"SULLANA";"GOBIERNO REGIONAL";"II-2";"00001910";"HOSPITAL DE APOYO II - 2 SULLANA";"241600";"HOSPITALIZACIÓN QUIRÚRGICA OBSTETRICIA   ";"356";"352";"1213";"922";"38";"1165";"0"
"2023";"01";"200601";"PIURA";"SULLANA";"SULLANA";"GOBIERNO REGIONAL";"II-2";"00001910";"HOSPITAL DE APOYO II - 2 SULLANA";"250100";"UNIDAD DE CUIDADOS CRITICOS UNIDAD  DE CUIDADOS INTENSIVOS GENERALES (UCI) ";"16";"7";"242";"258";"9";"279";"7"
"2023";"01";"200101";"PIURA";"PIURA";"PIURA";"PRIVADO";"II-E";"00027459";"CLINICA MEDICA SANTA EMILIA";"240800";"HOSPITALIZACIÓN QUIRÚRGICA CIRUGÍA PLÁSTICA/RECONSTRUCTIVA/ REPARADORA ";"6";"6";"6";"13";"7";"197";"0"
"2023";"01";"200101";"PIURA";"PIURA";"PIURA";"PRIVADO";"II-E";"00027459";"CLINICA MEDICA SANTA EMILIA";"240300";"HOSPITALIZACIÓN QUIRÚRGICA CIRUGÍA DIGESTIVA ";"5";"5";"12";"13";"7";"197";"0"
"2023";"01";"200101";"PIURA";"PIURA";"PIURA";"PRIVADO";"II-E";"00027459";"CLINICA MEDICA SANTA EMILIA";"241900";"HOSPITALIZACIÓN DE MEDICINA MEDICINA INTERNA ";"2";"2";"6";"13";"7";"197";"0"
"2023";"01";"120301";"JUNIN";"CHANCHAMAYO";"CHANCHAMAYO";"GOBIERNO REGIONAL";"II-2";"00000308";"HOSPITAL REGIONAL DOCENTE DE MEDICINA TROPICAL DR. JULIO CESAR DEMARINI CARO";"241800";"HOSPITALIZACIÓN DE MEDICINA MEDICINA GENERAL ";"86";"74";"381";"391";"22";"682";"10"
"2023";"01";"120301";"JUNIN";"CHANCHAMAYO";"CHANCHAMAYO";"GOBIERNO REGIONAL";"II-2";"00000308";"HOSPITAL REGIONAL DOCENTE DE MEDICINA TROPICAL DR. JULIO CESAR DEMARINI CARO";"242500";"HOSPITALIZACIÓN-PEDIATRÍA GENERAL-";"38";"39";"246";"237";"16";"496";"3"
"2023";"01";"120301";"JUNIN";"CHANCHAMAYO";"CHANCHAMAYO";"GOBIERNO REGIONAL";"II-2";"00000308";"HOSPITAL REGIONAL DOCENTE DE MEDICINA TROPICAL DR. JULIO CESAR DEMARINI CARO";"240100";"HOSPITALIZACIÓN QUIRÚRGICA CIRUGÍA GENERAL ";"98";"98";"409";"337";"25";"775";"3"
"2023";"01";"120301";"JUNIN";"CHANCHAMAYO";"CHANCHAMAYO";"GOBIERNO REGIONAL";"II-2";"00000308";"HOSPITAL REGIONAL DOCENTE DE MEDICINA TROPICAL DR. JULIO CESAR DEMARINI CARO";"241200";"HOSPITALIZACIÓN QUIRÚRGICA TRAUMATOLOGÍA Y ORTOPEDIA ";"47";"50";"214";"207";"8";"248";"0"
"2023";"01";"120301";"JUNIN";"CHANCHAMAYO";"CHANCHAMAYO";"GOBIERNO REGIONAL";"II-2";"00000308";"HOSPITAL REGIONAL DOCENTE DE MEDICINA TROPICAL DR. JULIO CESAR DEMARINI CARO";"241500";"HOSPITALIZACIÓN QUIRÚRGICA GINECOLOGÍA  ";"20";"15";"63";"65";"3";"93";"0"
"2023";"01";"120301";"JUNIN";"CHANCHAMAYO";"CHANCHAMAYO";"GOBIERNO REGIONAL";"II-2";"00000308";"HOSPITAL REGIONAL DOCENTE DE MEDICINA TROPICAL DR. JULIO CESAR DEMARINI CARO";"241600";"HOSPITALIZACIÓN QUIRÚRGICA OBSTETRICIA   ";"103";"105";"221";"201";"13";"403";"0"
"2023";"01";"120301";"JUNIN";"CHANCHAMAYO";"CHANCHAMAYO";"GOBIERNO REGIONAL";"II-2";"00000308";"HOSPITAL REGIONAL DOCENTE DE MEDICINA TROPICAL DR. JULIO CESAR DEMARINI CARO";"241400";"HOSPITALIZACIÓN QUIRÚRGICA GINECO - OBSTETRICIA ";"43";"36";"75";"79";"7";"217";"0"
"2023";"01";"120301";"JUNIN";"CHANCHAMAYO";"CHANCHAMAYO";"GOBIERNO REGIONAL";"II-2";"00000308";"HOSPITAL REGIONAL DOCENTE DE MEDICINA TROPICAL DR. JULIO CESAR DEMARINI CARO";"242200";"HOSPITALIZACIÓN DE MEDICINA PSIQUIATRÍA ";"7";"4";"84";"232";"8";"248";"0"
"2023";"01";"120301";"JUNIN";"CHANCHAMAYO";"CHANCHAMAYO";"GOBIERNO REGIONAL";"II-2";"00000308";"HOSPITAL REGIONAL DOCENTE DE MEDICINA TROPICAL DR. JULIO CESAR DEMARINI CARO";"250103";"UNIDAD DE CUIDADOS CRITICOS UNIDAD  DE CUIDADOS INTENSIVOS GENERALES  (UCI) MEDICINA";"13";"4";"64";"105";"6";"186";"0"
"2023";"01";"150121";"LIMA";"LIMA";"PUEBLO LIBRE";"PRIVADO";"II-E";"00008351";"CLINICAS SAN BERNARDO S.A.";"240000";"HOSPITALIZACIÓN";"105";"98";"251";"206";"22";"682";"0"
"2023";"01";"120303";"JUNIN";"CHANCHAMAYO";"PICHANAQUI";"GOBIERNO REGIONAL";"II-1";"00000340";"HOSPITAL DE APOYO PICHANAKI";"241800";"HOSPITALIZACIÓN DE MEDICINA MEDICINA GENERAL ";"26";"25";"150";"150";"12";"372";"1"
"2023";"01";"120303";"JUNIN";"CHANCHAMAYO";"PICHANAQUI";"GOBIERNO REGIONAL";"II-1";"00000340";"HOSPITAL DE APOYO PICHANAKI";"240100";"HOSPITALIZACIÓN QUIRÚRGICA CIRUGÍA GENERAL ";"30";"28";"71";"71";"5";"155";"0"
"2023";"01";"120303";"JUNIN";"CHANCHAMAYO";"PICHANAQUI";"GOBIERNO REGIONAL";"II-1";"00000340";"HOSPITAL DE APOYO PICHANAKI";"241200";"HOSPITALIZACIÓN QUIRÚRGICA TRAUMATOLOGÍA Y ORTOPEDIA ";"7";"7";"15";"15";"2";"62";"0"
"2023";"01";"120303";"JUNIN";"CHANCHAMAYO";"PICHANAQUI";"GOBIERNO REGIONAL";"II-1";"00000340";"HOSPITAL DE APOYO PICHANAKI";"242500";"HOSPITALIZACIÓN-PEDIATRÍA GENERAL-";"17";"14";"50";"50";"8";"248";"0"
"2023";"01";"120303";"JUNIN";"CHANCHAMAYO";"PICHANAQUI";"GOBIERNO REGIONAL";"II-1";"00000340";"HOSPITAL DE APOYO PICHANAKI";"241600";"HOSPITALIZACIÓN QUIRÚRGICA OBSTETRICIA   ";"123";"120";"254";"254";"9";"279";"0"
"2023";"01";"120303";"JUNIN";"CHANCHAMAYO";"PICHANAQUI";"GOBIERNO REGIONAL";"II-1";"00000340";"HOSPITAL DE APOYO PICHANAKI";"241400";"HOSPITALIZACIÓN QUIRÚRGICA GINECO - OBSTETRICIA ";"26";"26";"51";"51";"2";"62";"0"
"2023";"01";"150141";"LIMA";"LIMA";"SURQUILLO";"PRIVADO";"II-E";"00012206";"DETECTA CLINICA";"240000";"HOSPITALIZACIÓN";"159";"44";"71";"144";"11";"330";"0"
"2023";"01";"080701";"CUSCO";"CHUMBIVILCAS";"SANTO TOMAS";"GOBIERNO REGIONAL";"II-1";"00002398";"SANTO TOMAS";"240100";"HOSPITALIZACIÓN QUIRÚRGICA CIRUGÍA GENERAL ";"37";"37";"140";"163";"6";"186";"0"
"2023";"01";"080701";"CUSCO";"CHUMBIVILCAS";"SANTO TOMAS";"GOBIERNO REGIONAL";"II-1";"00002398";"SANTO TOMAS";"241400";"HOSPITALIZACIÓN QUIRÚRGICA GINECO - OBSTETRICIA ";"50";"50";"104";"110";"4";"124";"0"
"2023";"01";"080701";"CUSCO";"CHUMBIVILCAS";"SANTO TOMAS";"GOBIERNO REGIONAL";"II-1";"00002398";"SANTO TOMAS";"241600";"HOSPITALIZACIÓN QUIRÚRGICA OBSTETRICIA   ";"49";"49";"78";"135";"7";"217";"0"
"2023";"01";"080701";"CUSCO";"CHUMBIVILCAS";"SANTO TOMAS";"GOBIERNO REGIONAL";"II-1";"00002398";"SANTO TOMAS";"241800";"HOSPITALIZACIÓN DE MEDICINA MEDICINA GENERAL ";"18";"18";"65";"126";"6";"186";"0"
"2023";"01";"080701";"CUSCO";"CHUMBIVILCAS";"SANTO TOMAS";"GOBIERNO REGIONAL";"II-1";"00002398";"SANTO TOMAS";"242500";"HOSPITALIZACIÓN-PEDIATRÍA GENERAL-";"6";"6";"16";"96";"4";"124";"0"
"2023";"01";"080701";"CUSCO";"CHUMBIVILCAS";"SANTO TOMAS";"GOBIERNO REGIONAL";"II-1";"00002398";"SANTO TOMAS";"243200";"HOSPITALIZACIÓN DE PEDIATRÍA PEDIATRIA NEONATOLOGÍA";"9";"9";"27";"56";"3";"93";"0"
"2023";"01";"110101";"ICA";"ICA";"ICA";"ESSALUD";"II-1";"00013912";"FELIX TORREALVA GUTIERREZ";"241900";"HOSPITALIZACIÓN DE MEDICINA MEDICINA INTERNA ";"119";"122";"93";"987";"48";"1488";"9"
"2023";"01";"110101";"ICA";"ICA";"ICA";"ESSALUD";"II-1";"00013912";"FELIX TORREALVA GUTIERREZ";"241900";"HOSPITALIZACIÓN DE MEDICINA MEDICINA INTERNA ";"22";"24";"118";"206";"12";"372";"6"
"2023";"01";"110101";"ICA";"ICA";"ICA";"ESSALUD";"II-1";"00013912";"FELIX TORREALVA GUTIERREZ";"240100";"HOSPITALIZACIÓN QUIRÚRGICA CIRUGÍA GENERAL ";"97";"104";"406";"306";"18";"558";"0"
"2023";"01";"110101";"ICA";"ICA";"ICA";"ESSALUD";"II-1";"00013912";"FELIX TORREALVA GUTIERREZ";"241500";"HOSPITALIZACIÓN QUIRÚRGICA GINECOLOGÍA  ";"22";"21";"40";"45";"4";"124";"0"
"2023";"01";"110101";"ICA";"ICA";"ICA";"ESSALUD";"II-1";"00013912";"FELIX TORREALVA GUTIERREZ";"241500";"HOSPITALIZACIÓN QUIRÚRGICA GINECOLOGÍA  ";"138";"141";"295";"292";"15";"465";"0"
"2023";"01";"110101";"ICA";"ICA";"ICA";"ESSALUD";"II-1";"00013912";"FELIX TORREALVA GUTIERREZ";"242300";"HOSPITALIZACIÓN DE PEDIATRÍA  PEDIATRÍA  GENERAL ";"5";"6";"10";"11";"7";"217";"0"
"2023";"01";"120607";"JUNIN";"SATIPO";"RIO NEGRO";"GOBIERNO REGIONAL";"I-2";"00000501";"ALTO PITOCUNA";"NE_0001";"";"NE_0001";"NE_0001";"NE_0001";"NE_0001";"NE_0001";"NE_0001";"NE_0001"
"2023";"01";"120601";"JUNIN";"SATIPO";"SATIPO";"GOBIERNO REGIONAL";"I-1";"00010502";"BELLA ESPERANZA";"NE_0001";"";"NE_0001";"NE_0001";"NE_0001";"NE_0001";"NE_0001";"NE_0001";"NE_0001"
"2023";"01";"120607";"JUNIN";"SATIPO";"RIO NEGRO";"GOBIERNO REGIONAL";"I-2";"00000498";"PITOCUNA";"NE_0001";"";"NE_0001";"NE_0001";"NE_0001";"NE_0001";"NE_0001";"NE_0001";"NE_0001"
"2023";"01";"120608";"JUNIN";"SATIPO";"RIO TAMBO";"GOBIERNO REGIONAL";"I-1";"00006877";"CHONTAKIARI";"NE_0001";"";"NE_0001";"NE_0001";"NE_0001";"NE_0001";"NE_0001";"NE_0001";"NE_0001"
"2023";"01";"120601";"JUNIN";"SATIPO";"SATIPO";"GOBIERNO REGIONAL";"I-1";"00000480";"BAJO CAPIRO";"NE_0001";"";"NE_0001";"NE_0001";"NE_0001";"NE_0001";"NE_0001";"NE_0001";"NE_0001"
"2023";"01";"120607";"JUNIN";"SATIPO";"RIO NEGRO";"GOBIERNO REGIONAL";"I-2";"00000503";"UNION CUVIRIAKI";"NE_0001";"";"NE_0001";"NE_0001";"NE_0001";"NE_0001";"NE_0001";"NE_0001";"NE_0001"
"2023";"01";"120607";"JUNIN";"SATIPO";"RIO NEGRO";"GOBIERNO REGIONAL";"I-1";"00000504";"SHABASHIPANGO";"NE_0001";"";"NE_0001";"NE_0001";"NE_0001";"NE_0001";"NE_0001";"NE_0001";"NE_0001"
"2023";"01";"120601";"JUNIN";"SATIPO";"SATIPO";"GOBIERNO REGIONAL";"I-1";"00013864";"CANAAN DEL NORTE";"NE_0001";"";"NE_0001";"NE_0001";"NE_0001";"NE_0001";"NE_0001";"NE_0001";"NE_0001"
"2023";"01";"120601";"JUNIN";"SATIPO";"SATIPO";"GOBIERNO REGIONAL";"I-2";"00000478";"RIO VENADO";"NE_0001";"";"NE_0001";"NE_0001";"NE_0001";"NE_0001";"NE_0001";"NE_0001";"NE_0001"
"2023";"01";"120607";"JUNIN";"SATIPO";"RIO NEGRO";"GOBIERNO REGIONAL";"I-2";"00000502";"CUSHIVIANI";"NE_0001";"";"NE_0001";"NE_0001";"NE_0001";"NE_0001";"NE_0001";"NE_0001";"NE_0001"
"2023";"01";"120607";"JUNIN";"SATIPO";"RIO NEGRO";"GOBIERNO REGIONAL";"I-3";"00000506";"UNION CAPIRI";"NE_0001";"";"NE_0001";"NE_0001";"NE_0001";"NE_0001";"NE_0001";"NE_0001";"NE_0001"
"2023";"01";"120607";"JUNIN";"SATIPO";"RIO NEGRO";"GOBIERNO REGIONAL";"I-2";"00000477";"HUAHUARI";"NE_0001";"";"NE_0001";"NE_0001";"NE_0001";"NE_0001";"NE_0001";"NE_0001";"NE_0001"
"2023";"01";"120606";"JUNIN";"SATIPO";"PANGOA";"GOBIERNO REGIONAL";"I-1";"00021802";"SAN JUAN DE PUEBLO LIBRE";"NE_0001";"";"NE_0001";"NE_0001";"NE_0001";"NE_0001";"NE_0001";"NE_0001";"NE_0001"
"2023";"01";"021601";"ANCASH";"POMABAMBA";"POMABAMBA";"GOBIERNO REGIONAL";"II-1";"00001765";"HOSPITAL DE APOYO DE POMABAMBA ""ANTONIO CALDAS DOMINGUEZ""";"240100";"HOSPITALIZACIÓN QUIRÚRGICA CIRUGÍA GENERAL ";"20";"20";"53";"53";"4";"124";"0"
"2023";"01";"021601";"ANCASH";"POMABAMBA";"POMABAMBA";"GOBIERNO REGIONAL";"II-1";"00001765";"HOSPITAL DE APOYO DE POMABAMBA ""ANTONIO CALDAS DOMINGUEZ""";"241500";"HOSPITALIZACIÓN QUIRÚRGICA GINECOLOGÍA  ";"8";"8";"18";"18";"2";"62";"0"
"2023";"01";"021601";"ANCASH";"POMABAMBA";"POMABAMBA";"GOBIERNO REGIONAL";"II-1";"00001765";"HOSPITAL DE APOYO DE POMABAMBA ""ANTONIO CALDAS DOMINGUEZ""";"241600";"HOSPITALIZACIÓN QUIRÚRGICA OBSTETRICIA   ";"37";"37";"108";"108";"4";"124";"0"
"2023";"01";"021601";"ANCASH";"POMABAMBA";"POMABAMBA";"GOBIERNO REGIONAL";"II-1";"00001765";"HOSPITAL DE APOYO DE POMABAMBA ""ANTONIO CALDAS DOMINGUEZ""";"241800";"HOSPITALIZACIÓN DE MEDICINA MEDICINA GENERAL ";"5";"5";"34";"34";"13";"403";"0"
"2023";"01";"021601";"ANCASH";"POMABAMBA";"POMABAMBA";"GOBIERNO REGIONAL";"II-1";"00001765";"HOSPITAL DE APOYO DE POMABAMBA ""ANTONIO CALDAS DOMINGUEZ""";"242500";"HOSPITALIZACIÓN-PEDIATRÍA GENERAL-";"3";"3";"6";"6";"7";"217";"0"
"2023";"01";"120606";"JUNIN";"SATIPO";"PANGOA";"GOBIERNO REGIONAL";"I-2";"00000451";"MATERENI";"NE_0001";"";"NE_0001";"NE_0001";"NE_0001";"NE_0001";"NE_0001";"NE_0001";"NE_0001"
"2023";"01";"120606";"JUNIN";"SATIPO";"PANGOA";"GOBIERNO REGIONAL";"I-3";"00000446";"CUBANTIA";"NE_0001";"";"NE_0001";"NE_0001";"NE_0001";"NE_0001";"NE_0001";"NE_0001";"NE_0001"
"2023";"01";"120606";"JUNIN";"SATIPO";"PANGOA";"GOBIERNO REGIONAL";"I-1";"00000449";"MAZARONQUIARI";"NE_0001";"";"NE_0001";"NE_0001";"NE_0001";"NE_0001";"NE_0001";"NE_0001";"NE_0001"
"2023";"01";"120606";"JUNIN";"SATIPO";"PANGOA";"GOBIERNO REGIONAL";"I-1";"00000452";"FORTALEZA";"NE_0001";"";"NE_0001";"NE_0001";"NE_0001";"NE_0001";"NE_0001";"NE_0001";"NE_0001"
"2023";"01";"120606";"JUNIN";"SATIPO";"PANGOA";"GOBIERNO REGIONAL";"I-1";"00021804";"ALTO CHICHIRENI";"NE_0001";"";"NE_0001";"NE_0001";"NE_0001";"NE_0001";"NE_0001";"NE_0001";"NE_0001"
"2023";"01";"120606";"JUNIN";"SATIPO";"PANGOA";"GOBIERNO REGIONAL";"I-1";"00000457";"BOCA KIATARI";"NE_0001";"";"NE_0001";"NE_0001";"NE_0001";"NE_0001";"NE_0001";"NE_0001";"NE_0001"
"2023";"01";"120606";"JUNIN";"SATIPO";"PANGOA";"GOBIERNO REGIONAL";"I-1";"00021801";"SANTA CRUZ DE ANAPATI";"NE_0001";"";"NE_0001";"NE_0001";"NE_0001";"NE_0001";"NE_0001";"NE_0001";"NE_0001"
"2023";"01";"120606";"JUNIN";"SATIPO";"PANGOA";"GOBIERNO REGIONAL";"I-1";"00027800";"MAVENI";"NE_0001";"";"NE_0001";"NE_0001";"NE_0001";"NE_0001";"NE_0001";"NE_0001";"NE_0001"
"2023";"01";"120606";"JUNIN";"SATIPO";"PANGOA";"GOBIERNO REGIONAL";"I-1";"00000454";"CAMPIRUSHARI";"NE_0001";"";"NE_0001";"NE_0001";"NE_0001";"NE_0001";"NE_0001";"NE_0001";"NE_0001"
"2023";"01";"120606";"JUNIN";"SATIPO";"PANGOA";"GOBIERNO REGIONAL";"I-1";"00021805";"SAN JUAN DE SANGARENI";"NE_0001";"";"NE_0001";"NE_0001";"NE_0001";"NE_0001";"NE_0001";"NE_0001";"NE_0001"
"2023";"01";"070101";"CALLAO";"CALLAO";"CALLAO";"PRIVADO";"0";"00016115";"DIAGNOCENTRO OLAZ";"NE_0001";"";"NE_0001";"NE_0001";"NE_0001";"NE_0001";"NE_0001";"NE_0001";"NE_0001"
"2023";"01";"220501";"SAN MARTIN";"LAMAS";"LAMAS";"ESSALUD";"I-2";"00016484";"POSTA MEDICA LAMAS - ESSALUD";"NE_0001";"";"NE_0001";"NE_0001";"NE_0001";"NE_0001";"NE_0001";"NE_0001";"NE_0001"
"2023";"01";"040126";"AREQUIPA";"AREQUIPA";"YANAHUARA";"GOBIERNO REGIONAL";"I-3";"00001233";"CENTRO DE SALUD YANAHUARA";"NE_0001";"";"NE_0001";"NE_0001";"NE_0001";"NE_0001";"NE_0001";"NE_0001";"NE_0001"
"2023";"01";"040117";"AREQUIPA";"AREQUIPA";"SACHACA";"GOBIERNO REGIONAL";"I-2";"00001283";"PUESTO DE SALUD PAMPA DE CAMARONES";"NE_0001";"";"NE_0001";"NE_0001";"NE_0001";"NE_0001";"NE_0001";"NE_0001";"NE_0001"
"2023";"01";"040117";"AREQUIPA";"AREQUIPA";"SACHACA";"GOBIERNO REGIONAL";"I-2";"00001282";"PUESTO DE SALUD SACHACA";"NE_0001";"";"NE_0001";"NE_0001";"NE_0001";"NE_0001";"NE_0001";"NE_0001";"NE_0001"
"2023";"01";"130901";"LA LIBERTAD";"SANCHEZ CARRION";"HUAMACHUCO";"GOBIERNO REGIONAL";"I-2";"00005351";"PUENTE PIEDRA";"NE_0001";"";"NE_0001";"NE_0001";"NE_0001";"NE_0001";"NE_0001";"NE_0001";"NE_0001"
"2023";"01";"130901";"LA LIBERTAD";"SANCHEZ CARRION";"HUAMACHUCO";"GOBIERNO REGIONAL";"I-2";"00005355";"EL PALLAR";"NE_0001";"";"NE_0001";"NE_0001";"NE_0001";"NE_0001";"NE_0001";"NE_0001";"NE_0001"
"2023";"01";"130901";"LA LIBERTAD";"SANCHEZ CARRION";"HUAMACHUCO";"GOBIERNO REGIONAL";"I-2";"00005350";"CHOQUIZONGUILLO";"NE_0001";"";"NE_0001";"NE_0001";"NE_0001";"NE_0001";"NE_0001";"NE_0001";"NE_0001"
"2023";"01";"130901";"LA LIBERTAD";"SANCHEZ CARRION";"HUAMACHUCO";"GOBIERNO REGIONAL";"I-1";"00018226";"EL CAPULI";"NE_0001";"";"NE_0001";"NE_0001";"NE_0001";"NE_0001";"NE_0001";"NE_0001";"NE_0001"
"2023";"01";"130901";"LA LIBERTAD";"SANCHEZ CARRION";"HUAMACHUCO";"GOBIERNO REGIONAL";"I-1";"00029010";"PALLAR ALTO";"NE_0001";"";"NE_0001";"NE_0001";"NE_0001";"NE_0001";"NE_0001";"NE_0001";"NE_0001"
"2023";"01";"130901";"LA LIBERTAD";"SANCHEZ CARRION";"HUAMACHUCO";"GOBIERNO REGIONAL";"I-1";"00018123";"EL OLIVO";"NE_0001";"";"NE_0001";"NE_0001";"NE_0001";"NE_0001";"NE_0001";"NE_0001";"NE_0001"
"2023";"01";"060809";"CAJAMARCA";"JAEN";"SALLIQUE";"GOBIERNO REGIONAL";"I-2";"00004253";"LA UNION";"NE_0001";"";"NE_0001";"NE_0001";"NE_0001";"NE_0001";"NE_0001";"NE_0001";"NE_0001"
"2023";"01";"060809";"CAJAMARCA";"JAEN";"SALLIQUE";"GOBIERNO REGIONAL";"I-1";"00009967";"CHALANMACHE";"NE_0001";"";"NE_0001";"NE_0001";"NE_0001";"NE_0001";"NE_0001";"NE_0001";"NE_0001"
"2023";"01";"060809";"CAJAMARCA";"JAEN";"SALLIQUE";"GOBIERNO REGIONAL";"I-1";"00024940";"EL ESPINO";"NE_0001";"";"NE_0001";"NE_0001";"NE_0001";"NE_0001";"NE_0001";"NE_0001";"NE_0001"
"2023";"01";"060809";"CAJAMARCA";"JAEN";"SALLIQUE";"GOBIERNO REGIONAL";"I-1";"00025537";"TAILIN";"NE_0001";"";"NE_0001";"NE_0001";"NE_0001";"NE_0001";"NE_0001";"NE_0001";"NE_0001"
"2023";"01";"060809";"CAJAMARCA";"JAEN";"SALLIQUE";"GOBIERNO REGIONAL";"I-3";"00004250";"SALLIQUE";"NE_0001";"";"NE_0001";"NE_0001";"NE_0001";"NE_0001";"NE_0001";"NE_0001";"NE_0001"
"2023";"01";"060809";"CAJAMARCA";"JAEN";"SALLIQUE";"GOBIERNO REGIONAL";"I-1";"00004251";"MAZIN";"NE_0001";"";"NE_0001";"NE_0001";"NE_0001";"NE_0001";"NE_0001";"NE_0001";"NE_0001"
"2023";"01";"060809";"CAJAMARCA";"JAEN";"SALLIQUE";"GOBIERNO REGIONAL";"I-2";"00007053";"PALAMBE";"NE_0001";"";"NE_0001";"NE_0001";"NE_0001";"NE_0001";"NE_0001";"NE_0001";"NE_0001"
"2023";"01";"060809";"CAJAMARCA";"JAEN";"SALLIQUE";"GOBIERNO REGIONAL";"I-1";"00004252";"SAULACA";"NE_0001";"";"NE_0001";"NE_0001";"NE_0001";"NE_0001";"NE_0001";"NE_0001";"NE_0001"
"2023";"01";"150140";"LIMA";"LIMA";"SANTIAGO DE SURCO";"PRIVADO";"II-E";"00011113";"CLINICA MONTERRICO";"240000";"HOSPITALIZACIÓN";"32";"33";"78";"74";"5";"150";"1"
"2023";"01";"150101";"LIMA";"LIMA";"LIMA";"MINSA";"III-2";"00006209";"INSTITUTO NACIONAL DE CIENCIAS NEUROLOGICAS";"244800";"HOSPITALIZACIÓN DE MEDICINA-NEUROLOGIA -NEUROLOGIA DE LA CONDUCTA";"30";"28";"204";"199";"14";"434";"0"
"2023";"01";"150101";"LIMA";"LIMA";"LIMA";"MINSA";"III-2";"00006209";"INSTITUTO NACIONAL DE CIENCIAS NEUROLOGICAS";"245200";"HOSPITALIZACIÓN DE MEDICINA NEUROLOGIA  EPILEPSIA/EPILEPTOLOGIA";"26";"18";"130";"211";"9";"279";"0"
"2023";"01";"150101";"LIMA";"LIMA";"LIMA";"MINSA";"III-2";"00006209";"INSTITUTO NACIONAL DE CIENCIAS NEUROLOGICAS";"243400";"HOSPITALIZACIÓN DE PEDIATRÍA PEDIATRIA NEUROLOGÍA PEDIÁTRICA";"25";"29";"337";"316";"14";"434";"0"
"2023";"01";"150101";"LIMA";"LIMA";"LIMA";"MINSA";"III-2";"00006209";"INSTITUTO NACIONAL DE CIENCIAS NEUROLOGICAS";"245100";"HOSPITALIZACIÓN DE MEDICINA NEUROLOGIA  ENFERMEDADES INFECCIOSAS/TRANSMISIBLES DEL SISTEMA NERVIOSO";"15";"12";"307";"466";"16";"493";"0"
"2023";"01";"150101";"LIMA";"LIMA";"LIMA";"MINSA";"III-2";"00006209";"INSTITUTO NACIONAL DE CIENCIAS NEUROLOGICAS";"245000";"HOSPITALIZACIÓN DE MEDICINA NEUROLOGIA  NEUROVASCULARES Y METABOLICAS";"37";"26";"267";"289";"11";"334";"0"
"2023";"01";"150101";"LIMA";"LIMA";"LIMA";"MINSA";"III-2";"00006209";"INSTITUTO NACIONAL DE CIENCIAS NEUROLOGICAS";"244900";"HOSPITALIZACIÓN DE MEDICINA NEUROLOGIA  NEURODEGENERATIVAS";"35";"19";"275";"466";"20";"615";"0"
"2023";"01";"070101";"CALLAO";"CALLAO";"CALLAO";"PRIVADO";"II-2";"00018319";"HOSPITAL ALBERTO LEONARDO BARTON THOMPSON";"241800";"HOSPITALIZACIÓN DE MEDICINA MEDICINA GENERAL ";"935";"817";"4780";"4357";"162";"4860";"39"
"2023";"01";"070101";"CALLAO";"CALLAO";"CALLAO";"PRIVADO";"II-2";"00018319";"HOSPITAL ALBERTO LEONARDO BARTON THOMPSON";"250100";"UNIDAD DE CUIDADOS CRITICOS UNIDAD  DE CUIDADOS INTENSIVOS GENERALES (UCI) ";"44";"48";"343";"326";"13";"390";"6"
"2023";"01";"070101";"CALLAO";"CALLAO";"CALLAO";"PRIVADO";"II-2";"00018319";"HOSPITAL ALBERTO LEONARDO BARTON THOMPSON";"250200";"UNIDAD DE CUIDADOS CRITICOS UNIDAD DE CUIDADOS INTERMEDIOS GENERAL  (UCIN) ";"76";"82";"342";"373";"27";"810";"2"
"2023";"01";"150101";"LIMA";"LIMA";"LIMA";"OTRO";"III-2";"00027929";"INSTITUTO DE MEDICINA LEGAL DEL PERÚ";"NE_0001";"";"NE_0001";"NE_0001";"NE_0001";"NE_0001";"NE_0001";"NE_0001";"NE_0001"
"2023";"01";"150101";"LIMA";"LIMA";"LIMA";"PRIVADO";"II-2";"00008281";"CLINICA MAISON DE SANTE  DE LIMA";"240000";"HOSPITALIZACIÓN";"39";"35";"177";"158";"20";"620";"0"
"2023";"01";"150101";"LIMA";"LIMA";"LIMA";"PRIVADO";"II-2";"00008281";"CLINICA MAISON DE SANTE  DE LIMA";"250100";"UNIDAD DE CUIDADOS CRITICOS UNIDAD  DE CUIDADOS INTENSIVOS GENERALES (UCI) ";"7";"7";"27";"26";"8";"248";"1"
"2023";"01";"030201";"APURIMAC";"ANDAHUAYLAS";"ANDAHUAYLAS";"SANIDAD DE LA POLICIA NACIONAL DEL PERU";"I-2";"00011892";"POSTA MEDICA POLICIAL DE ANDAHUAYLAS";"NE_0001";"";"NE_0001";"NE_0001";"NE_0001";"NE_0001";"NE_0001";"NE_0001";"NE_0001"
"2023";"01";"220101";"SAN MARTIN";"MOYOBAMBA";"MOYOBAMBA";"GOBIERNO REGIONAL";"II-1";"00006733";"HOSPITAL II-1 MOYOBAMBA - DR. SEGUNDO RODOLFO PÉREZ NIETO";"240900";"HOSPITALIZACIÓN QUIRÚRGICA NEUROCIRUGÍA ";"3";"3";"10";"10";"1";"31";"0"
"2023";"01";"220101";"SAN MARTIN";"MOYOBAMBA";"MOYOBAMBA";"GOBIERNO REGIONAL";"II-1";"00006733";"HOSPITAL II-1 MOYOBAMBA - DR. SEGUNDO RODOLFO PÉREZ NIETO";"241100";"HOSPITALIZACIÓN QUIRÚRGICA OTORRINOLARINGOLOGÍA  ";"1";"1";"1";"1";"1";"31";"0"
"2023";"01";"220101";"SAN MARTIN";"MOYOBAMBA";"MOYOBAMBA";"GOBIERNO REGIONAL";"II-1";"00006733";"HOSPITAL II-1 MOYOBAMBA - DR. SEGUNDO RODOLFO PÉREZ NIETO";"241200";"HOSPITALIZACIÓN QUIRÚRGICA TRAUMATOLOGÍA Y ORTOPEDIA ";"27";"29";"76";"76";"3";"93";"0"
"2023";"01";"220101";"SAN MARTIN";"MOYOBAMBA";"MOYOBAMBA";"GOBIERNO REGIONAL";"II-1";"00006733";"HOSPITAL II-1 MOYOBAMBA - DR. SEGUNDO RODOLFO PÉREZ NIETO";"241300";"HOSPITALIZACIÓN QUIRÚRGICA UROLOGÍA  ";"11";"11";"38";"38";"2";"62";"0"
"2023";"01";"220101";"SAN MARTIN";"MOYOBAMBA";"MOYOBAMBA";"GOBIERNO REGIONAL";"II-1";"00006733";"HOSPITAL II-1 MOYOBAMBA - DR. SEGUNDO RODOLFO PÉREZ NIETO";"241500";"HOSPITALIZACIÓN QUIRÚRGICA GINECOLOGÍA  ";"45";"48";"92";"72";"8";"248";"0"
"2023";"01";"220101";"SAN MARTIN";"MOYOBAMBA";"MOYOBAMBA";"GOBIERNO REGIONAL";"II-1";"00006733";"HOSPITAL II-1 MOYOBAMBA - DR. SEGUNDO RODOLFO PÉREZ NIETO";"241600";"HOSPITALIZACIÓN QUIRÚRGICA OBSTETRICIA   ";"186";"195";"462";"462";"19";"589";"1"
"2023";"01";"220101";"SAN MARTIN";"MOYOBAMBA";"MOYOBAMBA";"GOBIERNO REGIONAL";"II-1";"00006733";"HOSPITAL II-1 MOYOBAMBA - DR. SEGUNDO RODOLFO PÉREZ NIETO";"241700";"HOSPITALIZACIÓN QUIRÚRGICA GINECOLOGÍA   GINECOLOGIA ONCOLOGiCA";"5";"6";"30";"30";"1";"31";"0"
"2023";"01";"220101";"SAN MARTIN";"MOYOBAMBA";"MOYOBAMBA";"GOBIERNO REGIONAL";"II-1";"00006733";"HOSPITAL II-1 MOYOBAMBA - DR. SEGUNDO RODOLFO PÉREZ NIETO";"241900";"HOSPITALIZACIÓN DE MEDICINA MEDICINA INTERNA ";"66";"76";"394";"394";"18";"558";"6"
"2023";"01";"220101";"SAN MARTIN";"MOYOBAMBA";"MOYOBAMBA";"GOBIERNO REGIONAL";"II-1";"00006733";"HOSPITAL II-1 MOYOBAMBA - DR. SEGUNDO RODOLFO PÉREZ NIETO";"242500";"HOSPITALIZACIÓN-PEDIATRÍA GENERAL-";"36";"43";"207";"207";"10";"310";"0"
"2023";"01";"220101";"SAN MARTIN";"MOYOBAMBA";"MOYOBAMBA";"GOBIERNO REGIONAL";"II-1";"00006733";"HOSPITAL II-1 MOYOBAMBA - DR. SEGUNDO RODOLFO PÉREZ NIETO";"243200";"HOSPITALIZACIÓN DE PEDIATRÍA PEDIATRIA NEONATOLOGÍA";"40";"45";"149";"149";"10";"310";"0"
"2023";"01";"220101";"SAN MARTIN";"MOYOBAMBA";"MOYOBAMBA";"GOBIERNO REGIONAL";"II-1";"00006733";"HOSPITAL II-1 MOYOBAMBA - DR. SEGUNDO RODOLFO PÉREZ NIETO";"250102";"UNIDAD DE CUIDADOS CRITICOS UNIDAD  DE CUIDADOS INTENSIVOS GENERALES (UCI) GINECO-OBSTETRICIA";"1";"2";"17";"17";"1";"31";"0"
"2023";"01";"220101";"SAN MARTIN";"MOYOBAMBA";"MOYOBAMBA";"GOBIERNO REGIONAL";"II-1";"00006733";"HOSPITAL II-1 MOYOBAMBA - DR. SEGUNDO RODOLFO PÉREZ NIETO";"250103";"UNIDAD DE CUIDADOS CRITICOS UNIDAD  DE CUIDADOS INTENSIVOS GENERALES  (UCI) MEDICINA";"7";"10";"106";"106";"4";"124";"4"
"2023";"01";"220101";"SAN MARTIN";"MOYOBAMBA";"MOYOBAMBA";"GOBIERNO REGIONAL";"II-1";"00006733";"HOSPITAL II-1 MOYOBAMBA - DR. SEGUNDO RODOLFO PÉREZ NIETO";"250105";"UNIDAD DE CUIDADOS CRITICOS UNIDAD  DE CUIDADOS INTENSIVOS  (UCI) NEONATOLOGÍA";"6";"8";"86";"86";"3";"93";"0"
"2023";"01";"220101";"SAN MARTIN";"MOYOBAMBA";"MOYOBAMBA";"GOBIERNO REGIONAL";"II-1";"00006733";"HOSPITAL II-1 MOYOBAMBA - DR. SEGUNDO RODOLFO PÉREZ NIETO";"250106";"UNIDAD DE CUIDADOS CRITICOS UNIDAD  DE CUIDADOS INTENSIVOS  (UCI) NEUROLÓGICA";"1";"1";"2";"2";"1";"31";"0"
"2023";"01";"220101";"SAN MARTIN";"MOYOBAMBA";"MOYOBAMBA";"GOBIERNO REGIONAL";"II-1";"00006733";"HOSPITAL II-1 MOYOBAMBA - DR. SEGUNDO RODOLFO PÉREZ NIETO";"250108";"UNIDAD DE CUIDADOS CRITICOS UNIDAD  DE CUIDADOS INTENSIVOS  (UCI) PEDIÁTRICA";"2";"4";"103";"103";"4";"124";"0"
"2023";"01";"220601";"SAN MARTIN";"MARISCAL CACERES";"JUANJUI";"GOBIERNO REGIONAL";"II-E";"00006919";"HOSPITAL II-E JUANJUI - MC LUIS IZQUIERDO VÁSQUEZ";"240100";"HOSPITALIZACIÓN QUIRÚRGICA CIRUGÍA GENERAL ";"24";"25";"60";"60";"5";"155";"0"
"2023";"01";"120101";"JUNIN";"HUANCAYO";"HUANCAYO";"ESSALUD";"I-3";"00012190";"CAP III MANTARO";"NE_0001";"";"NE_0001";"NE_0001";"NE_0001";"NE_0001";"NE_0001";"NE_0001";"NE_0001"
"2023";"01";"051107";"AYACUCHO";"VILCAS HUAMAN";"SAURAMA";"GOBIERNO REGIONAL";"I-1";"00003846";"PUESTO DE SALUD SAURAMA";"NE_0001";"";"NE_0001";"NE_0001";"NE_0001";"NE_0001";"NE_0001";"NE_0001";"NE_0001"
"2023";"01";"051108";"AYACUCHO";"VILCAS HUAMAN";"VISCHONGO";"GOBIERNO REGIONAL";"I-3";"00006609";"CENTRO DE SALUD VISCHONGO";"NE_0001";"";"NE_0001";"NE_0001";"NE_0001";"NE_0001";"NE_0001";"NE_0001";"NE_0001"
"2023";"01";"051108";"AYACUCHO";"VILCAS HUAMAN";"VISCHONGO";"GOBIERNO REGIONAL";"I-1";"00006612";"PUESTO DE SALUD PALLCCACANCHA";"NE_0001";"";"NE_0001";"NE_0001";"NE_0001";"NE_0001";"NE_0001";"NE_0001";"NE_0001"
"2023";"01";"051106";"AYACUCHO";"VILCAS HUAMAN";"INDEPENDENCIA";"GOBIERNO REGIONAL";"I-1";"00021259";"PUESTO DE SALUD OCCO";"NE_0001";"";"NE_0001";"NE_0001";"NE_0001";"NE_0001";"NE_0001";"NE_0001";"NE_0001"
"2023";"01";"051103";"AYACUCHO";"VILCAS HUAMAN";"CARHUANCA";"GOBIERNO REGIONAL";"I-2";"00003845";"PUESTO DE SALUD CARHUANCA";"NE_0001";"";"NE_0001";"NE_0001";"NE_0001";"NE_0001";"NE_0001";"NE_0001";"NE_0001"
"2023";"01";"051108";"AYACUCHO";"VILCAS HUAMAN";"VISCHONGO";"GOBIERNO REGIONAL";"I-1";"00006613";"PUESTO DE SALUD PATAHUASI";"NE_0001";"";"NE_0001";"NE_0001";"NE_0001";"NE_0001";"NE_0001";"NE_0001";"NE_0001"
"2023";"01";"051105";"AYACUCHO";"VILCAS HUAMAN";"HUAMBALPA";"GOBIERNO REGIONAL";"I-1";"00006606";"PUESTO DE SALUD SAN ANTONIO DE COCHAS";"NE_0001";"";"NE_0001";"NE_0001";"NE_0001";"NE_0001";"NE_0001";"NE_0001";"NE_0001"
"2023";"01";"051101";"AYACUCHO";"VILCAS HUAMAN";"VILCAS HUAMAN";"GOBIERNO REGIONAL";"I-1";"00011416";"PUESTO DE SALUD COLPAPAMPA";"NE_0001";"";"NE_0001";"NE_0001";"NE_0001";"NE_0001";"NE_0001";"NE_0001";"NE_0001"
"2023";"01";"051101";"AYACUCHO";"VILCAS HUAMAN";"VILCAS HUAMAN";"GOBIERNO REGIONAL";"I-1";"00003848";"PUESTO DE SALUD HUACCAÑA";"NE_0001";"";"NE_0001";"NE_0001";"NE_0001";"NE_0001";"NE_0001";"NE_0001";"NE_0001"
"2023";"01";"051101";"AYACUCHO";"VILCAS HUAMAN";"VILCAS HUAMAN";"GOBIERNO REGIONAL";"I-1";"00003850";"PUESTO DE SALUD SAN FRANCISCO DE PUJAS";"NE_0001";"";"NE_0001";"NE_0001";"NE_0001";"NE_0001";"NE_0001";"NE_0001";"NE_0001"
"2023";"01";"051102";"AYACUCHO";"VILCAS HUAMAN";"ACCOMARCA";"GOBIERNO REGIONAL";"I-1";"00003843";"PUESTO DE SALUD PONGOCOCHA";"NE_0001";"";"NE_0001";"NE_0001";"NE_0001";"NE_0001";"NE_0001";"NE_0001";"NE_0001"
"2023";"01";"051104";"AYACUCHO";"VILCAS HUAMAN";"CONCEPCION";"GOBIERNO REGIONAL";"I-1";"00003851";"PUESTO DE SALUD SAN ANTONIO ASTANYA";"NE_0001";"";"NE_0001";"NE_0001";"NE_0001";"NE_0001";"NE_0001";"NE_0001";"NE_0001"
"2023";"01";"051108";"AYACUCHO";"VILCAS HUAMAN";"VISCHONGO";"GOBIERNO REGIONAL";"I-1";"00006614";"PUESTO DE SALUD POMACOCHA";"NE_0001";"";"NE_0001";"NE_0001";"NE_0001";"NE_0001";"NE_0001";"NE_0001";"NE_0001"
"2023";"01";"220601";"SAN MARTIN";"MARISCAL CACERES";"JUANJUI";"GOBIERNO REGIONAL";"II-E";"00006919";"HOSPITAL II-E JUANJUI - MC LUIS IZQUIERDO VÁSQUEZ";"241500";"HOSPITALIZACIÓN QUIRÚRGICA GINECOLOGÍA  ";"56";"57";"113";"113";"6";"186";"0"
"2023";"01";"220601";"SAN MARTIN";"MARISCAL CACERES";"JUANJUI";"GOBIERNO REGIONAL";"II-E";"00006919";"HOSPITAL II-E JUANJUI - MC LUIS IZQUIERDO VÁSQUEZ";"241600";"HOSPITALIZACIÓN QUIRÚRGICA OBSTETRICIA   ";"51";"57";"73";"73";"10";"310";"0"
"2023";"01";"220601";"SAN MARTIN";"MARISCAL CACERES";"JUANJUI";"GOBIERNO REGIONAL";"II-E";"00006919";"HOSPITAL II-E JUANJUI - MC LUIS IZQUIERDO VÁSQUEZ";"241800";"HOSPITALIZACIÓN DE MEDICINA MEDICINA GENERAL ";"113";"120";"302";"302";"16";"496";"1"
"2023";"01";"220601";"SAN MARTIN";"MARISCAL CACERES";"JUANJUI";"GOBIERNO REGIONAL";"II-E";"00006919";"HOSPITAL II-E JUANJUI - MC LUIS IZQUIERDO VÁSQUEZ";"242500";"HOSPITALIZACIÓN-PEDIATRÍA GENERAL-";"17";"23";"60";"60";"6";"186";"0"
"2023";"01";"150134";"LIMA";"LIMA";"SAN LUIS";"PRIVADO";"II-1";"00008786";"CLINICA SAN JUAN DE DIOS";"240000";"HOSPITALIZACIÓN";"90";"81";"170";"190";"25";"775";"0"
"2023";"01";"060801";"CAJAMARCA";"JAEN";"JAEN";"GOBIERNO REGIONAL";"I-2";"00004216";"LA CASCARILLA";"NE_0001";"";"NE_0001";"NE_0001";"NE_0001";"NE_0001";"NE_0001";"NE_0001";"NE_0001"
"2023";"01";"060801";"CAJAMARCA";"JAEN";"JAEN";"GOBIERNO REGIONAL";"I-1";"00024719";"LA VIRGINIA";"NE_0001";"";"NE_0001";"NE_0001";"NE_0001";"NE_0001";"NE_0001";"NE_0001";"NE_0001"
"2023";"01";"060801";"CAJAMARCA";"JAEN";"JAEN";"GOBIERNO REGIONAL";"I-1";"00004222";"ALTO VISTA ALEGRE";"NE_0001";"";"NE_0001";"NE_0001";"NE_0001";"NE_0001";"NE_0001";"NE_0001";"NE_0001"
"2023";"01";"060801";"CAJAMARCA";"JAEN";"JAEN";"GOBIERNO REGIONAL";"I-1";"00006994";"LOMA SANTA";"NE_0001";"";"NE_0001";"NE_0001";"NE_0001";"NE_0001";"NE_0001";"NE_0001";"NE_0001"
"2023";"01";"060801";"CAJAMARCA";"JAEN";"JAEN";"GOBIERNO REGIONAL";"I-3";"00025526";"LOS SAUCES";"NE_0001";"";"NE_0001";"NE_0001";"NE_0001";"NE_0001";"NE_0001";"NE_0001";"NE_0001"
"2023";"01";"120601";"JUNIN";"SATIPO";"SATIPO";"GOBIERNO REGIONAL";"II-1";"00000432";"DE APOYO MANUEL HIGA ARAKAKI";"240100";"HOSPITALIZACIÓN QUIRÚRGICA CIRUGÍA GENERAL ";"36";"44";"230";"242";"8";"248";"1"
"2023";"01";"120601";"JUNIN";"SATIPO";"SATIPO";"GOBIERNO REGIONAL";"II-1";"00000432";"DE APOYO MANUEL HIGA ARAKAKI";"241200";"HOSPITALIZACIÓN QUIRÚRGICA TRAUMATOLOGÍA Y ORTOPEDIA ";"7";"8";"40";"48";"3";"93";"0"
"2023";"01";"120601";"JUNIN";"SATIPO";"SATIPO";"GOBIERNO REGIONAL";"II-1";"00000432";"DE APOYO MANUEL HIGA ARAKAKI";"241500";"HOSPITALIZACIÓN QUIRÚRGICA GINECOLOGÍA  ";"42";"44";"118";"156";"6";"186";"0"
"2023";"01";"120601";"JUNIN";"SATIPO";"SATIPO";"GOBIERNO REGIONAL";"II-1";"00000432";"DE APOYO MANUEL HIGA ARAKAKI";"241600";"HOSPITALIZACIÓN QUIRÚRGICA OBSTETRICIA   ";"88";"98";"233";"258";"12";"372";"0"
"2023";"01";"120601";"JUNIN";"SATIPO";"SATIPO";"GOBIERNO REGIONAL";"II-1";"00000432";"DE APOYO MANUEL HIGA ARAKAKI";"241900";"HOSPITALIZACIÓN DE MEDICINA MEDICINA INTERNA ";"21";"22";"125";"191";"8";"248";"4"
"2023";"01";"120601";"JUNIN";"SATIPO";"SATIPO";"GOBIERNO REGIONAL";"II-1";"00000432";"DE APOYO MANUEL HIGA ARAKAKI";"242500";"HOSPITALIZACIÓN-PEDIATRÍA GENERAL-";"6";"8";"37";"37";"5";"155";"0"
"2023";"01";"120601";"JUNIN";"SATIPO";"SATIPO";"GOBIERNO REGIONAL";"II-1";"00000432";"DE APOYO MANUEL HIGA ARAKAKI";"243200";"HOSPITALIZACIÓN DE PEDIATRÍA PEDIATRIA NEONATOLOGÍA";"15";"20";"162";"185";"6";"186";"2"
"2023";"01";"060801";"CAJAMARCA";"JAEN";"JAEN";"GOBIERNO REGIONAL";"I-3";"00004212";"MAGLLANAL";"NE_0001";"";"NE_0001";"NE_0001";"NE_0001";"NE_0001";"NE_0001";"NE_0001";"NE_0001"
"2023";"01";"060801";"CAJAMARCA";"JAEN";"JAEN";"GOBIERNO REGIONAL";"I-1";"00016137";"RINCONADA LAJEÑA";"NE_0001";"";"NE_0001";"NE_0001";"NE_0001";"NE_0001";"NE_0001";"NE_0001";"NE_0001"
"2023";"01";"060703";"CAJAMARCA";"HUALGAYOC";"HUALGAYOC";"ESSALUD";"I-2";"00010270";"POSTA MEDICA DE HUALGAYOC";"NE_0001";"";"NE_0001";"NE_0001";"NE_0001";"NE_0001";"NE_0001";"NE_0001";"NE_0001"
"2023";"01";"070101";"CALLAO";"CALLAO";"CALLAO";"SANIDAD DE LA POLICIA NACIONAL DEL PERU";"I-2";"00010451";"POSTA MÉDICA POLICIAL VIPOL";"NE_0001";"";"NE_0001";"NE_0001";"NE_0001";"NE_0001";"NE_0001";"NE_0001";"NE_0001"
"2023";"01";"170101";"MADRE DE DIOS";"TAMBOPATA";"TAMBOPATA";"GOBIERNO REGIONAL";"II-1";"00002698";"HOSPITAL SANTA ROSA";"242300";"HOSPITALIZACIÓN DE PEDIATRÍA  PEDIATRÍA  GENERAL ";"103";"97";"297";"103";"22";"682";"0"
"2023";"01";"170101";"MADRE DE DIOS";"TAMBOPATA";"TAMBOPATA";"GOBIERNO REGIONAL";"II-1";"00002698";"HOSPITAL SANTA ROSA";"241600";"HOSPITALIZACIÓN QUIRÚRGICA OBSTETRICIA   ";"379";"363";"990";"379";"42";"1302";"0"
"2023";"01";"170101";"MADRE DE DIOS";"TAMBOPATA";"TAMBOPATA";"GOBIERNO REGIONAL";"II-1";"00002698";"HOSPITAL SANTA ROSA";"241200";"HOSPITALIZACIÓN QUIRÚRGICA TRAUMATOLOGÍA Y ORTOPEDIA ";"60";"46";"256";"60";"36";"1116";"0"
"2023";"01";"170101";"MADRE DE DIOS";"TAMBOPATA";"TAMBOPATA";"GOBIERNO REGIONAL";"II-1";"00002698";"HOSPITAL SANTA ROSA";"241800";"HOSPITALIZACIÓN DE MEDICINA MEDICINA GENERAL ";"168";"127";"693";"168";"63";"1953";"0"
"2023";"01";"170101";"MADRE DE DIOS";"TAMBOPATA";"TAMBOPATA";"GOBIERNO REGIONAL";"II-1";"00002698";"HOSPITAL SANTA ROSA";"240100";"HOSPITALIZACIÓN QUIRÚRGICA CIRUGÍA GENERAL ";"133";"105";"508";"133";"38";"1178";"0"
"2023";"01";"170101";"MADRE DE DIOS";"TAMBOPATA";"TAMBOPATA";"GOBIERNO REGIONAL";"II-1";"00002698";"HOSPITAL SANTA ROSA";"250105";"UNIDAD DE CUIDADOS CRITICOS UNIDAD  DE CUIDADOS INTENSIVOS  (UCI) NEONATOLOGÍA";"11";"4";"40";"11";"6";"186";"0"
"2023";"01";"170101";"MADRE DE DIOS";"TAMBOPATA";"TAMBOPATA";"GOBIERNO REGIONAL";"II-1";"00002698";"HOSPITAL SANTA ROSA";"243200";"HOSPITALIZACIÓN DE PEDIATRÍA PEDIATRIA NEONATOLOGÍA";"220";"215";"437";"220";"32";"992";"0"
"2023";"01";"170101";"MADRE DE DIOS";"TAMBOPATA";"TAMBOPATA";"GOBIERNO REGIONAL";"II-1";"00002698";"HOSPITAL SANTA ROSA";"250100";"UNIDAD DE CUIDADOS CRITICOS UNIDAD  DE CUIDADOS INTENSIVOS GENERALES (UCI) ";"7";"4";"15";"7";"5";"155";"0"
"2023";"01";"170101";"MADRE DE DIOS";"TAMBOPATA";"TAMBOPATA";"GOBIERNO REGIONAL";"II-1";"00002698";"HOSPITAL SANTA ROSA";"241500";"HOSPITALIZACIÓN QUIRÚRGICA GINECOLOGÍA  ";"20";"20";"74";"20";"3";"93";"0"
"2023";"01";"150121";"LIMA";"LIMA";"PUEBLO LIBRE";"PRIVADO";"II-E";"00012492";"CLINICA DE OJOS VISUAL OPHTHALMICS";"NE_0001";"";"NE_0001";"NE_0001";"NE_0001";"NE_0001";"NE_0001";"NE_0001";"NE_0001"
"2023";"01";"070101";"CALLAO";"CALLAO";"CALLAO";"SANIDAD DE LA POLICIA NACIONAL DEL PERU";"I-2";"00010610";"POSTA MEDICA POLICIAL SEDE DIRAVPOL";"NE_0001";"";"NE_0001";"NE_0001";"NE_0001";"NE_0001";"NE_0001";"NE_0001";"NE_0001"
"2023";"01";"110101";"ICA";"ICA";"ICA";"PRIVADO";"II-1";"00012765";"SAN VICENTE";"240000";"HOSPITALIZACIÓN";"21";"22";"26";"22";"8";"248";"0"
"2023";"01";"020101";"ANCASH";"HUARAZ";"HUARAZ";"SANIDAD DE LA POLICIA NACIONAL DEL PERU";"I-3";"00010205";"POLICLINICO PNP HUARAZ";"NE_0001";"";"NE_0001";"NE_0001";"NE_0001";"NE_0001";"NE_0001";"NE_0001";"NE_0001"
"2023";"01";"240101";"TUMBES";"TUMBES";"TUMBES";"GOBIERNO REGIONAL";"II-1";"00001908";"SAÚL GARRIDO ROSILLO";"NE_0002";"";"NE_0002";"NE_0002";"NE_0002";"NE_0002";"NE_0002";"NE_0002";"NE_0002"
"2023";"01";"040126";"AREQUIPA";"AREQUIPA";"YANAHUARA";"PRIVADO";"II-E";"00025732";"NOVA CLINICA QUIRURGICA";"240800";"HOSPITALIZACIÓN QUIRÚRGICA CIRUGÍA PLÁSTICA/RECONSTRUCTIVA/ REPARADORA ";"8";"8";"8";"8";"3";"62";"0"
"2023";"01";"120202";"JUNIN";"CONCEPCION";"ACO";"GOBIERNO REGIONAL";"I-1";"00000746";"QUICHA CHICO";"NE_0001";"";"NE_0001";"NE_0001";"NE_0001";"NE_0001";"NE_0001";"NE_0001";"NE_0001"
"2023";"01";"120211";"JUNIN";"CONCEPCION";"MITO";"GOBIERNO REGIONAL";"I-1";"00000748";"MITO";"NE_0001";"";"NE_0001";"NE_0001";"NE_0001";"NE_0001";"NE_0001";"NE_0001";"NE_0001"
"2023";"01";"120213";"JUNIN";"CONCEPCION";"ORCOTUNA";"GOBIERNO REGIONAL";"I-3";"00000751";"ORCOTUNA";"NE_0001";"";"NE_0001";"NE_0001";"NE_0001";"NE_0001";"NE_0001";"NE_0001";"NE_0001"
"2023";"01";"120122";"JUNIN";"HUANCAYO";"INGENIO";"GOBIERNO REGIONAL";"I-2";"00000663";"INGENIO";"NE_0001";"";"NE_0001";"NE_0001";"NE_0001";"NE_0001";"NE_0001";"NE_0001";"NE_0001"
"2023";"01";"120212";"JUNIN";"CONCEPCION";"NUEVE DE JULIO";"GOBIERNO REGIONAL";"I-1";"00000690";"NUEVE DE JULIO";"NE_0001";"";"NE_0001";"NE_0001";"NE_0001";"NE_0001";"NE_0001";"NE_0001";"NE_0001"
"2023";"01";"120202";"JUNIN";"CONCEPCION";"ACO";"GOBIERNO REGIONAL";"I-2";"00000745";"ACO";"NE_0001";"";"NE_0001";"NE_0001";"NE_0001";"NE_0001";"NE_0001";"NE_0001";"NE_0001"
"2023";"01";"120211";"JUNIN";"CONCEPCION";"MITO";"GOBIERNO REGIONAL";"I-1";"00000749";"SAN LUIS YAICO";"NE_0001";"";"NE_0001";"NE_0001";"NE_0001";"NE_0001";"NE_0001";"NE_0001";"NE_0001"
"2023";"01";"120122";"JUNIN";"HUANCAYO";"INGENIO";"GOBIERNO REGIONAL";"I-1";"00000664";"CASACANCHA";"NE_0001";"";"NE_0001";"NE_0001";"NE_0001";"NE_0001";"NE_0001";"NE_0001";"NE_0001"
"2023";"01";"150101";"LIMA";"LIMA";"LIMA";"MINSA";"III-2";"00006209";"INSTITUTO NACIONAL DE CIENCIAS NEUROLOGICAS";"240900";"HOSPITALIZACIÓN QUIRÚRGICA NEUROCIRUGÍA ";"173";"85";"867";"892";"33";"1015";"0"
"2023";"01";"240101";"TUMBES";"TUMBES";"TUMBES";"SANIDAD DE LA POLICIA NACIONAL DEL PERU";"I-3";"00012088";"POLICLINICO POLICIAL ""LA CRUZ"" TUMBES";"NE_0001";"";"NE_0001";"NE_0001";"NE_0001";"NE_0001";"NE_0001";"NE_0001";"NE_0001"
"2023";"01";"060801";"CAJAMARCA";"JAEN";"JAEN";"GOBIERNO REGIONAL";"I-1";"00015392";"SAN JOSE DE LA ALIANZA";"NE_0001";"";"NE_0001";"NE_0001";"NE_0001";"NE_0001";"NE_0001";"NE_0001";"NE_0001"
"2023";"01";"150116";"LIMA";"LIMA";"LINCE";"PRIVADO";"I-3";"00017909";"POLICLINICO RISSO";"NE_0001";"";"NE_0001";"NE_0001";"NE_0001";"NE_0001";"NE_0001";"NE_0001";"NE_0001"
"2023";"01";"100605";"HUANUCO";"LEONCIO PRADO";"LUYANDO";"GOBIERNO REGIONAL";"II-1";"00000932";"HOSPITAL DE TINGO MARIA (HOSPITAL DE CONTINGENCIA)";"241800";"HOSPITALIZACIÓN DE MEDICINA MEDICINA GENERAL ";"79";"72";"442";"491";"10";"492";"7"
"2023";"01";"100605";"HUANUCO";"LEONCIO PRADO";"LUYANDO";"GOBIERNO REGIONAL";"II-1";"00000932";"HOSPITAL DE TINGO MARIA (HOSPITAL DE CONTINGENCIA)";"240100";"HOSPITALIZACIÓN QUIRÚRGICA CIRUGÍA GENERAL ";"85";"84";"424";"419";"16";"498";"1"
"2023";"01";"100605";"HUANUCO";"LEONCIO PRADO";"LUYANDO";"GOBIERNO REGIONAL";"II-1";"00000932";"HOSPITAL DE TINGO MARIA (HOSPITAL DE CONTINGENCIA)";"243200";"HOSPITALIZACIÓN DE PEDIATRÍA PEDIATRIA NEONATOLOGÍA";"28";"26";"141";"210";"10";"310";"0"
"2023";"01";"100605";"HUANUCO";"LEONCIO PRADO";"LUYANDO";"GOBIERNO REGIONAL";"II-1";"00000932";"HOSPITAL DE TINGO MARIA (HOSPITAL DE CONTINGENCIA)";"242500";"HOSPITALIZACIÓN-PEDIATRÍA GENERAL-";"24";"21";"93";"89";"8";"249";"0"
"2023";"01";"100605";"HUANUCO";"LEONCIO PRADO";"LUYANDO";"GOBIERNO REGIONAL";"II-1";"00000932";"HOSPITAL DE TINGO MARIA (HOSPITAL DE CONTINGENCIA)";"241400";"HOSPITALIZACIÓN QUIRÚRGICA GINECO - OBSTETRICIA ";"334";"276";"577";"564";"25";"794";"0"
"2023";"01";"100605";"HUANUCO";"LEONCIO PRADO";"LUYANDO";"GOBIERNO REGIONAL";"II-1";"00000932";"HOSPITAL DE TINGO MARIA (HOSPITAL DE CONTINGENCIA)";"250200";"UNIDAD DE CUIDADOS CRITICOS UNIDAD DE CUIDADOS INTERMEDIOS GENERAL  (UCIN) ";"2";"1";"7";"41";"9";"279";"0"
"2023";"01";"100605";"HUANUCO";"LEONCIO PRADO";"LUYANDO";"GOBIERNO REGIONAL";"II-1";"00000932";"HOSPITAL DE TINGO MARIA (HOSPITAL DE CONTINGENCIA)";"250304";"HOSPIT. EN UNIDAD DE CUID.INTEN.-UNIDAD DE VIGILANCIA INTENSIVA (UVI)-MEDICINA";"7";"5";"76";"91";"6";"186";"4"
"2023";"01";"100605";"HUANUCO";"LEONCIO PRADO";"LUYANDO";"GOBIERNO REGIONAL";"II-1";"00000932";"HOSPITAL DE TINGO MARIA (HOSPITAL DE CONTINGENCIA)";"242205";"HOSPITALIZACIÓN MEDICINA PSIQUIATRÍA PISIQUIATRIA/ SALUD MENTAL Y ADICCIONES";"9";"6";"51";"109";"10";"300";"0"
"2023";"01";"110201";"ICA";"CHINCHA";"CHINCHA ALTA";"PRIVADO";"I-3";"00011272";"DANIEL A. CARRION EIRL";"NE_0001";"";"NE_0001";"NE_0001";"NE_0001";"NE_0001";"NE_0001";"NE_0001";"NE_0001"
"2023";"01";"220502";"SAN MARTIN";"LAMAS";"ALONSO DE ALVARADO";"GOBIERNO REGIONAL";"I-1";"00010516";"PORVENIR DEL NORTE";"NE_0001";"";"NE_0001";"NE_0001";"NE_0001";"NE_0001";"NE_0001";"NE_0001";"NE_0001"
"2023";"01";"220502";"SAN MARTIN";"LAMAS";"ALONSO DE ALVARADO";"GOBIERNO REGIONAL";"I-3";"00006348";"ROQUE";"241600";"HOSPITALIZACIÓN QUIRÚRGICA OBSTETRICIA   ";"7";"7";"7";"7";"7";"30";"0"
"2023";"01";"220502";"SAN MARTIN";"LAMAS";"ALONSO DE ALVARADO";"GOBIERNO REGIONAL";"I-1";"00007297";"ALAN GARCIA";"NE_0001";"";"NE_0001";"NE_0001";"NE_0001";"NE_0001";"NE_0001";"NE_0001";"NE_0001"
"2023";"01";"160101";"LORETO";"MAYNAS";"IQUITOS";"MINSA";"II-2";"00000001";"HOSPITAL IQUITOS ""CESAR GARAYAR GARCÍA""";"241800";"HOSPITALIZACIÓN DE MEDICINA MEDICINA GENERAL ";"67";"67";"275";"290";"17";"527";"5"
"2023";"01";"160101";"LORETO";"MAYNAS";"IQUITOS";"MINSA";"II-2";"00000001";"HOSPITAL IQUITOS ""CESAR GARAYAR GARCÍA""";"240100";"HOSPITALIZACIÓN QUIRÚRGICA CIRUGÍA GENERAL ";"117";"117";"480";"508";"21";"651";"0"
"2023";"01";"160101";"LORETO";"MAYNAS";"IQUITOS";"MINSA";"II-2";"00000001";"HOSPITAL IQUITOS ""CESAR GARAYAR GARCÍA""";"242300";"HOSPITALIZACIÓN DE PEDIATRÍA  PEDIATRÍA  GENERAL ";"62";"62";"254";"188";"12";"372";"4"
"2023";"01";"160101";"LORETO";"MAYNAS";"IQUITOS";"MINSA";"II-2";"00000001";"HOSPITAL IQUITOS ""CESAR GARAYAR GARCÍA""";"241500";"HOSPITALIZACIÓN QUIRÚRGICA GINECOLOGÍA  ";"102";"102";"196";"117";"5";"155";"0"
"2023";"01";"160101";"LORETO";"MAYNAS";"IQUITOS";"MINSA";"II-2";"00000001";"HOSPITAL IQUITOS ""CESAR GARAYAR GARCÍA""";"241600";"HOSPITALIZACIÓN QUIRÚRGICA OBSTETRICIA   ";"311";"311";"733";"564";"26";"806";"0"
"2023";"01";"160101";"LORETO";"MAYNAS";"IQUITOS";"MINSA";"II-2";"00000001";"HOSPITAL IQUITOS ""CESAR GARAYAR GARCÍA""";"243200";"HOSPITALIZACIÓN DE PEDIATRÍA PEDIATRIA NEONATOLOGÍA";"51";"51";"296";"254";"18";"558";"2"
"2023";"01";"130101";"LA LIBERTAD";"TRUJILLO";"TRUJILLO";"PRIVADO";"II-1";"00013373";"CLINICA PERUANO AMERICANA S. A.";"241800";"HOSPITALIZACIÓN DE MEDICINA MEDICINA GENERAL ";"44";"49";"204";"168";"11";"341";"0"
"2023";"01";"130101";"LA LIBERTAD";"TRUJILLO";"TRUJILLO";"PRIVADO";"II-1";"00013373";"CLINICA PERUANO AMERICANA S. A.";"240100";"HOSPITALIZACIÓN QUIRÚRGICA CIRUGÍA GENERAL ";"146";"121";"515";"744";"25";"775";"1"
"2023";"01";"130101";"LA LIBERTAD";"TRUJILLO";"TRUJILLO";"PRIVADO";"II-1";"00013373";"CLINICA PERUANO AMERICANA S. A.";"242300";"HOSPITALIZACIÓN DE PEDIATRÍA  PEDIATRÍA  GENERAL ";"9";"8";"16";"17";"2";"62";"0"
"2023";"01";"130101";"LA LIBERTAD";"TRUJILLO";"TRUJILLO";"PRIVADO";"II-1";"00013373";"CLINICA PERUANO AMERICANA S. A.";"241400";"HOSPITALIZACIÓN QUIRÚRGICA GINECO - OBSTETRICIA ";"8";"6";"12";"26";"2";"62";"0"
"2023";"01";"100301";"HUANUCO";"DOS DE MAYO";"LA UNION";"ESSALUD";"I-3";"00027084";"POSTA MEDICA LA UNION";"NE_0001";"";"NE_0001";"NE_0001";"NE_0001";"NE_0001";"NE_0001";"NE_0001";"NE_0001"
"2023";"01";"190307";"PASCO";"OXAPAMPA";"VILLA RICA";"GOBIERNO REGIONAL";"II-1";"00000981";"HOSP. ""ROMAN EGOAVIL PANDO"" VILLA RICA";"241400";"HOSPITALIZACIÓN QUIRÚRGICA GINECO - OBSTETRICIA ";"45";"40";"200";"96";"12";"1168";"0"
"2023";"01";"190307";"PASCO";"OXAPAMPA";"VILLA RICA";"GOBIERNO REGIONAL";"II-1";"00000981";"HOSP. ""ROMAN EGOAVIL PANDO"" VILLA RICA";"241800";"HOSPITALIZACIÓN DE MEDICINA MEDICINA GENERAL ";"20";"18";"107";"30";"16";"1334";"0"
"2023";"01";"120709";"JUNIN";"TARMA";"TAPO";"GOBIERNO REGIONAL";"I-1";"00000579";"MACO";"NE_0001";"";"NE_0001";"NE_0001";"NE_0001";"NE_0001";"NE_0001";"NE_0001";"NE_0001"
"2023";"01";"120709";"JUNIN";"TARMA";"TAPO";"GOBIERNO REGIONAL";"I-2";"00000577";"TAPO";"NE_0001";"";"NE_0001";"NE_0001";"NE_0001";"NE_0001";"NE_0001";"NE_0001";"NE_0001"
"2023";"01";"120709";"JUNIN";"TARMA";"TAPO";"GOBIERNO REGIONAL";"I-1";"00000582";"PACCHAC";"NE_0001";"";"NE_0001";"NE_0001";"NE_0001";"NE_0001";"NE_0001";"NE_0001";"NE_0001"
"2023";"01";"021806";"ANCASH";"SANTA";"NEPEÑA";"ESSALUD";"I-3";"00009921";"CENTRO DE ATENCION PRIMARIA II SAN JACINTO";"NE_0001";"";"NE_0001";"NE_0001";"NE_0001";"NE_0001";"NE_0001";"NE_0001";"NE_0001"
"2023";"01";"160113";"LORETO";"MAYNAS";"SAN JUAN BAUTISTA";"PRIVADO";"II-E";"00024041";"CLÍNICA ESPECIALIZADA EMANUEL";"NE_0001";"";"NE_0001";"NE_0001";"NE_0001";"NE_0001";"NE_0001";"NE_0001";"NE_0001"
"2023";"01";"220101";"SAN MARTIN";"MOYOBAMBA";"MOYOBAMBA";"GOBIERNO REGIONAL";"I-1";"00006296";"SAN JOSE DE ALTO MAYO";"NE_0001";"";"NE_0001";"NE_0001";"NE_0001";"NE_0001";"NE_0001";"NE_0001";"NE_0001"
"2023";"01";"220601";"SAN MARTIN";"MARISCAL CACERES";"JUANJUI";"GOBIERNO REGIONAL";"I-1";"00006551";"CAYENA";"NE_0001";"";"NE_0001";"NE_0001";"NE_0001";"NE_0001";"NE_0001";"NE_0001";"NE_0001"
"2023";"01";"220802";"SAN MARTIN";"RIOJA";"AWAJUN";"GOBIERNO REGIONAL";"I-1";"00006298";"SAN FRANCISCO ALTO MAYO";"NE_0001";"";"NE_0001";"NE_0001";"NE_0001";"NE_0001";"NE_0001";"NE_0001";"NE_0001"
"2023";"01";"220604";"SAN MARTIN";"MARISCAL CACERES";"PACHIZA";"GOBIERNO REGIONAL";"I-1";"00006557";"BAGAZAN";"NE_0001";"";"NE_0001";"NE_0001";"NE_0001";"NE_0001";"NE_0001";"NE_0001";"NE_0001"
"2023";"01";"220804";"SAN MARTIN";"RIOJA";"NUEVA CAJAMARCA";"GOBIERNO REGIONAL";"I-1";"00006302";"TUPAC AMARU";"NE_0001";"";"NE_0001";"NE_0001";"NE_0001";"NE_0001";"NE_0001";"NE_0001";"NE_0001"
"2023";"01";"220604";"SAN MARTIN";"MARISCAL CACERES";"PACHIZA";"GOBIERNO REGIONAL";"I-1";"00006558";"SAN JUAN DEL CAÑO";"NE_0001";"";"NE_0001";"NE_0001";"NE_0001";"NE_0001";"NE_0001";"NE_0001";"NE_0001"
"2023";"01";"220802";"SAN MARTIN";"RIOJA";"AWAJUN";"GOBIERNO REGIONAL";"I-1";"00007464";"SAN CARLOS";"NE_0001";"";"NE_0001";"NE_0001";"NE_0001";"NE_0001";"NE_0001";"NE_0001";"NE_0001"
"2023";"01";"220601";"SAN MARTIN";"MARISCAL CACERES";"JUANJUI";"GOBIERNO REGIONAL";"I-1";"00006549";"LA VICTORIA";"NE_0001";"";"NE_0001";"NE_0001";"NE_0001";"NE_0001";"NE_0001";"NE_0001";"NE_0001"
"2023";"01";"220804";"SAN MARTIN";"RIOJA";"NUEVA CAJAMARCA";"GOBIERNO REGIONAL";"I-2";"00006301";"NARANJILLO";"NE_0001";"";"NE_0001";"NE_0001";"NE_0001";"NE_0001";"NE_0001";"NE_0001";"NE_0001"
"2023";"01";"220601";"SAN MARTIN";"MARISCAL CACERES";"JUANJUI";"GOBIERNO REGIONAL";"I-1";"00006552";"HUINGUILLO";"NE_0001";"";"NE_0001";"NE_0001";"NE_0001";"NE_0001";"NE_0001";"NE_0001";"NE_0001"
"2023";"01";"220605";"SAN MARTIN";"MARISCAL CACERES";"PAJARILLO";"GOBIERNO REGIONAL";"I-1";"00006783";"SOLEDAD";"NE_0001";"";"NE_0001";"NE_0001";"NE_0001";"NE_0001";"NE_0001";"NE_0001";"NE_0001"
"2023";"01";"220605";"SAN MARTIN";"MARISCAL CACERES";"PAJARILLO";"GOBIERNO REGIONAL";"I-1";"00006564";"DOS UNIDOS";"NE_0001";"";"NE_0001";"NE_0001";"NE_0001";"NE_0001";"NE_0001";"NE_0001";"NE_0001"
"2023";"01";"220602";"SAN MARTIN";"MARISCAL CACERES";"CAMPANILLA";"GOBIERNO REGIONAL";"I-1";"00006566";"CUÑUMBUZA";"NE_0001";"";"NE_0001";"NE_0001";"NE_0001";"NE_0001";"NE_0001";"NE_0001";"NE_0001"
"2023";"01";"220202";"SAN MARTIN";"BELLAVISTA";"ALTO BIAVO";"GOBIERNO REGIONAL";"I-1";"00006714";"CENTRO AMERICA";"NE_0001";"";"NE_0001";"NE_0001";"NE_0001";"NE_0001";"NE_0001";"NE_0001";"NE_0001"
"2023";"01";"220605";"SAN MARTIN";"MARISCAL CACERES";"PAJARILLO";"GOBIERNO REGIONAL";"I-1";"00006563";"COSTA RICA";"NE_0001";"";"NE_0001";"NE_0001";"NE_0001";"NE_0001";"NE_0001";"NE_0001";"NE_0001"
"2023";"01";"150113";"LIMA";"LIMA";"JESUS MARIA";"ESSALUD";"I-3";"00008711";"POLICLINICO PABLO BERMUDEZ";"NE_0001";"";"NE_0001";"NE_0001";"NE_0001";"NE_0001";"NE_0001";"NE_0001";"NE_0001"
"2023";"01";"220911";"SAN MARTIN";"SAN MARTIN";"PAPAPLAYA";"GOBIERNO REGIONAL";"I-1";"00006448";"REFORMA";"NE_0001";"";"NE_0001";"NE_0001";"NE_0001";"NE_0001";"NE_0001";"NE_0001";"NE_0001"
"2023";"01";"220911";"SAN MARTIN";"SAN MARTIN";"PAPAPLAYA";"GOBIERNO REGIONAL";"I-3";"00006449";"HOSPITAL RURAL DE PAPAPLAYA";"241800";"HOSPITALIZACIÓN DE MEDICINA MEDICINA GENERAL ";"14";"14";"16";"16";"4";"124";"0"
"2023";"01";"220911";"SAN MARTIN";"SAN MARTIN";"PAPAPLAYA";"GOBIERNO REGIONAL";"I-1";"00006454";"SAN JUAN RIO HUALLAGA";"NE_0001";"";"NE_0001";"NE_0001";"NE_0001";"NE_0001";"NE_0001";"NE_0001";"NE_0001"
"2023";"01";"220911";"SAN MARTIN";"SAN MARTIN";"PAPAPLAYA";"GOBIERNO REGIONAL";"I-1";"00006453";"PUERTO MERCEDES";"NE_0001";"";"NE_0001";"NE_0001";"NE_0001";"NE_0001";"NE_0001";"NE_0001";"NE_0001"
"2023";"01";"140101";"LAMBAYEQUE";"CHICLAYO";"CHICLAYO";"PRIVADO";"II-E";"00011129";"MAX SALUD AVISAL S.A.";"243500";"HOSPITALIZACIÓN DE PEDIATRÍA PEDIATRIA OFTALMOLOGÍA PEDIÁTRICA";"7";"7";"29";"24";"5";"155";"0"
"2023";"01";"140101";"LAMBAYEQUE";"CHICLAYO";"CHICLAYO";"PRIVADO";"II-E";"00011129";"MAX SALUD AVISAL S.A.";"243400";"HOSPITALIZACIÓN DE PEDIATRÍA PEDIATRIA NEUROLOGÍA PEDIÁTRICA";"0";"1";"2";"1";"1";"31";"0"
"2023";"01";"140101";"LAMBAYEQUE";"CHICLAYO";"CHICLAYO";"PRIVADO";"II-E";"00011129";"MAX SALUD AVISAL S.A.";"242400";"HOSPITALIZACIÓN DE PEDIATRÍA ADOLESCENTES ";"0";"1";"3";"2";"1";"31";"0"
"2023";"01";"140101";"LAMBAYEQUE";"CHICLAYO";"CHICLAYO";"PRIVADO";"II-E";"00011129";"MAX SALUD AVISAL S.A.";"241500";"HOSPITALIZACIÓN QUIRÚRGICA GINECOLOGÍA  ";"32";"26";"44";"31";"10";"280";"0"
"2023";"01";"140101";"LAMBAYEQUE";"CHICLAYO";"CHICLAYO";"PRIVADO";"II-E";"00011129";"MAX SALUD AVISAL S.A.";"241400";"HOSPITALIZACIÓN QUIRÚRGICA GINECO - OBSTETRICIA ";"8";"6";"13";"7";"5";"155";"0"
"2023";"01";"140101";"LAMBAYEQUE";"CHICLAYO";"CHICLAYO";"PRIVADO";"II-E";"00011129";"MAX SALUD AVISAL S.A.";"241300";"HOSPITALIZACIÓN QUIRÚRGICA UROLOGÍA  ";"13";"12";"23";"16";"9";"252";"0"
"2023";"01";"140101";"LAMBAYEQUE";"CHICLAYO";"CHICLAYO";"PRIVADO";"II-E";"00011129";"MAX SALUD AVISAL S.A.";"240200";"HOSPITALIZACIÓN QUIRÚRGICA CIRUGÍA DE CABEZA Y CUELLO / MÁXILO FACIAL ";"0";"1";"1";"1";"1";"31";"0"
"2023";"01";"140101";"LAMBAYEQUE";"CHICLAYO";"CHICLAYO";"PRIVADO";"II-E";"00011129";"MAX SALUD AVISAL S.A.";"240100";"HOSPITALIZACIÓN QUIRÚRGICA CIRUGÍA GENERAL ";"37";"41";"81";"54";"11";"308";"0"
"2023";"01";"130102";"LA LIBERTAD";"TRUJILLO";"EL PORVENIR";"GOBIERNO REGIONAL";"II-1";"00005209";"HOSPITAL DISTRITAL DE EL PORVENIR SANTA ISABEL";"241800";"HOSPITALIZACIÓN DE MEDICINA MEDICINA GENERAL ";"14";"15";"86";"86";"6";"186";"0"
"2023";"01";"130102";"LA LIBERTAD";"TRUJILLO";"EL PORVENIR";"GOBIERNO REGIONAL";"II-1";"00005209";"HOSPITAL DISTRITAL DE EL PORVENIR SANTA ISABEL";"243200";"HOSPITALIZACIÓN DE PEDIATRÍA PEDIATRIA NEONATOLOGÍA";"16";"15";"54";"54";"8";"248";"0"
"2023";"01";"130102";"LA LIBERTAD";"TRUJILLO";"EL PORVENIR";"GOBIERNO REGIONAL";"II-1";"00005209";"HOSPITAL DISTRITAL DE EL PORVENIR SANTA ISABEL";"242300";"HOSPITALIZACIÓN DE PEDIATRÍA  PEDIATRÍA  GENERAL ";"4";"1";"4";"4";"3";"93";"0"
"2023";"01";"130102";"LA LIBERTAD";"TRUJILLO";"EL PORVENIR";"GOBIERNO REGIONAL";"II-1";"00005209";"HOSPITAL DISTRITAL DE EL PORVENIR SANTA ISABEL";"241400";"HOSPITALIZACIÓN QUIRÚRGICA GINECO - OBSTETRICIA ";"42";"41";"57";"57";"10";"310";"0"
"2023";"01";"130102";"LA LIBERTAD";"TRUJILLO";"EL PORVENIR";"GOBIERNO REGIONAL";"II-1";"00005209";"HOSPITAL DISTRITAL DE EL PORVENIR SANTA ISABEL";"241500";"HOSPITALIZACIÓN QUIRÚRGICA GINECOLOGÍA  ";"10";"8";"15";"15";"2";"62";"0"
"2023";"01";"120205";"JUNIN";"CONCEPCION";"COCHAS";"GOBIERNO REGIONAL";"I-2";"00000676";"COCHAS";"NE_0001";"";"NE_0001";"NE_0001";"NE_0001";"NE_0001";"NE_0001";"NE_0001";"NE_0001"
"2023";"01";"120206";"JUNIN";"CONCEPCION";"COMAS";"GOBIERNO REGIONAL";"I-1";"00000684";"RUNATULLO";"NE_0001";"";"NE_0001";"NE_0001";"NE_0001";"NE_0001";"NE_0001";"NE_0001";"NE_0001"
"2023";"01";"120203";"JUNIN";"CONCEPCION";"ANDAMARCA";"GOBIERNO REGIONAL";"I-1";"00019790";"PUNCO";"NE_0001";"";"NE_0001";"NE_0001";"NE_0001";"NE_0001";"NE_0001";"NE_0001";"NE_0001"
"2023";"01";"120135";"JUNIN";"HUANCAYO";"SANTO DOMINGO DE ACOBAMBA";"GOBIERNO REGIONAL";"I-1";"00024428";"POTRERO";"NE_0001";"";"NE_0001";"NE_0001";"NE_0001";"NE_0001";"NE_0001";"NE_0001";"NE_0001"
"2023";"01";"120135";"JUNIN";"HUANCAYO";"SANTO DOMINGO DE ACOBAMBA";"GOBIERNO REGIONAL";"I-3";"00000666";"SANTO DOMINGO DE ACOBAMBA";"NE_0001";"";"NE_0001";"NE_0001";"NE_0001";"NE_0001";"NE_0001";"NE_0001";"NE_0001"
"2023";"01";"120205";"JUNIN";"CONCEPCION";"COCHAS";"GOBIERNO REGIONAL";"I-1";"00000677";"PILCOLLAMA";"NE_0001";"";"NE_0001";"NE_0001";"NE_0001";"NE_0001";"NE_0001";"NE_0001";"NE_0001"
"2023";"01";"120206";"JUNIN";"CONCEPCION";"COMAS";"GOBIERNO REGIONAL";"I-3";"00000678";"COMAS";"NE_0001";"";"NE_0001";"NE_0001";"NE_0001";"NE_0001";"NE_0001";"NE_0001";"NE_0001"
"2023";"01";"120206";"JUNIN";"CONCEPCION";"COMAS";"GOBIERNO REGIONAL";"I-1";"00000682";"TALHUIS";"NE_0001";"";"NE_0001";"NE_0001";"NE_0001";"NE_0001";"NE_0001";"NE_0001";"NE_0001"
"2023";"01";"120209";"JUNIN";"CONCEPCION";"MARISCAL CASTILLA";"GOBIERNO REGIONAL";"I-2";"00000686";"MARISCAL CASTILLA";"NE_0001";"";"NE_0001";"NE_0001";"NE_0001";"NE_0001";"NE_0001";"NE_0001";"NE_0001"
"2023";"01";"021906";"ANCASH";"SIHUAS";"HUAYLLABAMBA";"GOBIERNO REGIONAL";"I-3";"00001802";"CENTRO DE SALUD HUAYLLABAMBA";"NE_0002";"";"NE_0002";"NE_0002";"NE_0002";"NE_0002";"NE_0002";"NE_0002";"NE_0002"
"2023";"01";"021908";"ANCASH";"SIHUAS";"RAGASH";"GOBIERNO REGIONAL";"I-1";"00009734";"PUESTO DE SALUD QUINGAO";"NE_0002";"";"NE_0002";"NE_0002";"NE_0002";"NE_0002";"NE_0002";"NE_0002";"NE_0002"
"2023";"01";"150112";"LIMA";"LIMA";"INDEPENDENCIA";"SANIDAD DE LA POLICIA NACIONAL DEL PERU";"I-2";"00012741";"POSTA MEDICA POLICIAL INDEPENDENCIA";"NE_0001";"";"NE_0001";"NE_0001";"NE_0001";"NE_0001";"NE_0001";"NE_0001";"NE_0001"
"2023";"01";"220101";"SAN MARTIN";"MOYOBAMBA";"MOYOBAMBA";"GOBIERNO REGIONAL";"I-2";"00006282";"LA CONQUISTA";"NE_0001";"";"NE_0001";"NE_0001";"NE_0001";"NE_0001";"NE_0001";"NE_0001";"NE_0001"
"2023";"01";"220809";"SAN MARTIN";"RIOJA";"YURACYACU";"GOBIERNO REGIONAL";"I-3";"00006281";"YURACYACU";"NE_0002";"";"NE_0002";"NE_0002";"NE_0002";"NE_0002";"NE_0002";"NE_0002";"NE_0002"
"2023";"01";"150101";"LIMA";"LIMA";"LIMA";"MINSA";"III-2";"00006209";"INSTITUTO NACIONAL DE CIENCIAS NEUROLOGICAS";"250106";"UNIDAD DE CUIDADOS CRITICOS UNIDAD  DE CUIDADOS INTENSIVOS  (UCI) NEUROLÓGICA";"19";"3";"42";"188";"7";"217";"3"
"2023";"01";"150101";"LIMA";"LIMA";"LIMA";"MINSA";"III-2";"00006209";"INSTITUTO NACIONAL DE CIENCIAS NEUROLOGICAS";"250200";"UNIDAD DE CUIDADOS CRITICOS UNIDAD DE CUIDADOS INTERMEDIOS GENERAL  (UCIN) ";"7";"1";"10";"110";"6";"186";"0"
"2023";"01";"081003";"CUSCO";"PARURO";"CCAPI";"GOBIERNO REGIONAL";"I-2";"00002501";"CCAPI";"NE_0002";"";"NE_0002";"NE_0002";"NE_0002";"NE_0002";"NE_0002";"NE_0002";"NE_0002"
"2023";"01";"081003";"CUSCO";"PARURO";"CCAPI";"GOBIERNO REGIONAL";"I-2";"00002502";"CCOYABAMBA";"NE_0002";"";"NE_0002";"NE_0002";"NE_0002";"NE_0002";"NE_0002";"NE_0002";"NE_0002"
"2023";"01";"081005";"CUSCO";"PARURO";"HUANOQUITE";"GOBIERNO REGIONAL";"I-2";"00002504";"HUANOQUITE";"NE_0002";"";"NE_0002";"NE_0002";"NE_0002";"NE_0002";"NE_0002";"NE_0002";"NE_0002"
"2023";"01";"081004";"CUSCO";"PARURO";"COLCHA";"GOBIERNO REGIONAL";"I-1";"00006978";"CCOCHIRIHUAY";"NE_0002";"";"NE_0002";"NE_0002";"NE_0002";"NE_0002";"NE_0002";"NE_0002";"NE_0002"
"2023";"01";"081006";"CUSCO";"PARURO";"OMACHA";"GOBIERNO REGIONAL";"I-2";"00002506";"ANTAPALLPA";"NE_0002";"";"NE_0002";"NE_0002";"NE_0002";"NE_0002";"NE_0002";"NE_0002";"NE_0002"
"2023";"01";"081007";"CUSCO";"PARURO";"PACCARITAMBO";"GOBIERNO REGIONAL";"I-2";"00002507";"PACCARECTAMBO";"NE_0002";"";"NE_0002";"NE_0002";"NE_0002";"NE_0002";"NE_0002";"NE_0002";"NE_0002"
"2023";"01";"081006";"CUSCO";"PARURO";"OMACHA";"GOBIERNO REGIONAL";"I-1";"00012924";"SAHUA SAHUA";"NE_0002";"";"NE_0002";"NE_0002";"NE_0002";"NE_0002";"NE_0002";"NE_0002";"NE_0002"
"2023";"01";"081006";"CUSCO";"PARURO";"OMACHA";"GOBIERNO REGIONAL";"I-2";"00002505";"OMACHA";"NE_0002";"";"NE_0002";"NE_0002";"NE_0002";"NE_0002";"NE_0002";"NE_0002";"NE_0002"
"2023";"01";"081009";"CUSCO";"PARURO";"YAURISQUE";"GOBIERNO REGIONAL";"I-3";"00002509";"YAURISQUE";"NE_0002";"";"NE_0002";"NE_0002";"NE_0002";"NE_0002";"NE_0002";"NE_0002";"NE_0002"
"2023";"01";"081002";"CUSCO";"PARURO";"ACCHA";"GOBIERNO REGIONAL";"I-3";"00002500";"ACCHA";"NE_0002";"";"NE_0002";"NE_0002";"NE_0002";"NE_0002";"NE_0002";"NE_0002";"NE_0002"
"2023";"01";"081004";"CUSCO";"PARURO";"COLCHA";"GOBIERNO REGIONAL";"I-1";"00002503";"COLCHA";"NE_0002";"";"NE_0002";"NE_0002";"NE_0002";"NE_0002";"NE_0002";"NE_0002";"NE_0002"
"2023";"01";"081006";"CUSCO";"PARURO";"OMACHA";"GOBIERNO REGIONAL";"I-2";"00007147";"PUESTO DE SALUD DE HUASQUILLAY";"NE_0002";"";"NE_0002";"NE_0002";"NE_0002";"NE_0002";"NE_0002";"NE_0002";"NE_0002"
"2023";"01";"081001";"CUSCO";"PARURO";"PARURO";"GOBIERNO REGIONAL";"I-4";"00002499";"PARURO";"NE_0002";"";"NE_0002";"NE_0002";"NE_0002";"NE_0002";"NE_0002";"NE_0002";"NE_0002"
"2023";"01";"081205";"CUSCO";"QUISPICANCHI";"CCATCA";"GOBIERNO REGIONAL";"I-1";"00008911";"HUARA HUARA";"NE_0001";"";"NE_0001";"NE_0001";"NE_0001";"NE_0001";"NE_0001";"NE_0001";"NE_0001"
"2023";"01";"081202";"CUSCO";"QUISPICANCHI";"ANDAHUAYLILLAS";"GOBIERNO REGIONAL";"I-2";"00002525";"ANDAHUAYLILLAS";"NE_0001";"";"NE_0001";"NE_0001";"NE_0001";"NE_0001";"NE_0001";"NE_0001";"NE_0001"
"2023";"01";"081212";"CUSCO";"QUISPICANCHI";"QUIQUIJANA";"GOBIERNO REGIONAL";"I-4";"00002538";"QUIQUIJANA";"NE_0001";"";"NE_0001";"NE_0001";"NE_0001";"NE_0001";"NE_0001";"NE_0001";"NE_0001"
"2023";"01";"081206";"CUSCO";"QUISPICANCHI";"CUSIPATA";"GOBIERNO REGIONAL";"I-1";"00006980";"CHILLIHUANI";"NE_0001";"";"NE_0001";"NE_0001";"NE_0001";"NE_0001";"NE_0001";"NE_0001";"NE_0001"
"2023";"01";"081207";"CUSCO";"QUISPICANCHI";"HUARO";"GOBIERNO REGIONAL";"I-1";"00002533";"URPAY";"NE_0001";"";"NE_0001";"NE_0001";"NE_0001";"NE_0001";"NE_0001";"NE_0001";"NE_0001"
"2023";"01";"081208";"CUSCO";"QUISPICANCHI";"LUCRE";"GOBIERNO REGIONAL";"I-2";"00002534";"LUCRE";"NE_0001";"";"NE_0001";"NE_0001";"NE_0001";"NE_0001";"NE_0001";"NE_0001";"NE_0001"
"2023";"01";"081212";"CUSCO";"QUISPICANCHI";"QUIQUIJANA";"GOBIERNO REGIONAL";"I-1";"00002539";"CCOLCA";"NE_0001";"";"NE_0001";"NE_0001";"NE_0001";"NE_0001";"NE_0001";"NE_0001";"NE_0001"
"2023";"01";"081201";"CUSCO";"QUISPICANCHI";"URCOS";"GOBIERNO REGIONAL";"I-4";"00002523";"URCOS";"NE_0001";"";"NE_0001";"NE_0001";"NE_0001";"NE_0001";"NE_0001";"NE_0001";"NE_0001"
"2023";"01";"081206";"CUSCO";"QUISPICANCHI";"CUSIPATA";"GOBIERNO REGIONAL";"I-3";"00002530";"CUSIPATA";"NE_0001";"";"NE_0001";"NE_0001";"NE_0001";"NE_0001";"NE_0001";"NE_0001";"NE_0001"
"2023";"01";"040126";"AREQUIPA";"AREQUIPA";"YANAHUARA";"PRIVADO";"II-E";"00018935";"CEFERGIN";"NE_0002";"";"NE_0002";"NE_0002";"NE_0002";"NE_0002";"NE_0002";"NE_0002";"NE_0002"
"2023";"01";"150135";"LIMA";"LIMA";"SAN MARTIN DE PORRES";"SANIDAD DE LA POLICIA NACIONAL DEL PERU";"I-2";"00012739";"POLICLINICO POLICIAL SAN DIEGO";"NE_0001";"";"NE_0001";"NE_0001";"NE_0001";"NE_0001";"NE_0001";"NE_0001";"NE_0001"
"2023";"01";"170101";"MADRE DE DIOS";"TAMBOPATA";"TAMBOPATA";"SANIDAD DE LA POLICIA NACIONAL DEL PERU";"I-2";"00009320";"POSTA MEDICA DE LA PNP";"NE_0001";"";"NE_0001";"NE_0001";"NE_0001";"NE_0001";"NE_0001";"NE_0001";"NE_0001"
"2023";"01";"130401";"LA LIBERTAD";"CHEPEN";"CHEPEN";"SANIDAD DE LA POLICIA NACIONAL DEL PERU";"I-1";"00025659";"Puesto de Salud de la Sanidad PNP. Chepén  I - 1";"NE_0001";"";"NE_0001";"NE_0001";"NE_0001";"NE_0001";"NE_0001";"NE_0001";"NE_0001"
"2023";"01";"150135";"LIMA";"LIMA";"SAN MARTIN DE PORRES";"SANIDAD DE LA POLICIA NACIONAL DEL PERU";"I-3";"00011876";"POLICLINICO PNP SAN MARTIN DE PORRES";"NE_0001";"";"NE_0001";"NE_0001";"NE_0001";"NE_0001";"NE_0001";"NE_0001";"NE_0001"
"2023";"01";"120301";"JUNIN";"CHANCHAMAYO";"CHANCHAMAYO";"SANIDAD DE LA POLICIA NACIONAL DEL PERU";"I-2";"00011913";"POSTA MEDICA POLICIAL LA MERCED";"NE_0001";"";"NE_0001";"NE_0001";"NE_0001";"NE_0001";"NE_0001";"NE_0001";"NE_0001"
"2023";"01";"060401";"CAJAMARCA";"CHOTA";"CHOTA";"SANIDAD DE LA POLICIA NACIONAL DEL PERU";"I-2";"00010929";"POSTA MEDICA POLICIAL CHOTA";"NE_0001";"";"NE_0001";"NE_0001";"NE_0001";"NE_0001";"NE_0001";"NE_0001";"NE_0001"
"2023";"01";"110112";"ICA";"ICA";"SUBTANJALLA";"ESSALUD";"I-3";"00011967";"MACACONA";"NE_0001";"";"NE_0001";"NE_0001";"NE_0001";"NE_0001";"NE_0001";"NE_0001";"NE_0001"
"2023";"01";"150108";"LIMA";"LIMA";"CHORRILLOS";"SANIDAD DE LA POLICIA NACIONAL DEL PERU";"I-3";"00018660";"POLICLINICO POLICIAL SEDE ESCUELA DE OFICIALES";"NE_0001";"";"NE_0001";"NE_0001";"NE_0001";"NE_0001";"NE_0001";"NE_0001";"NE_0001"
"2023";"01";"150101";"LIMA";"LIMA";"LIMA";"PRIVADO";"I-2";"00018921";"ARIE";"NE_0002";"";"NE_0002";"NE_0002";"NE_0002";"NE_0002";"NE_0002";"NE_0002";"NE_0002"
"2023";"01";"150122";"LIMA";"LIMA";"MIRAFLORES";"PRIVADO";"II-E";"00014361";"INSTITUTO DEL CEREBRO Y LA COLUMNA VERTEBRAL";"240000";"HOSPITALIZACIÓN";"46";"46";"58";"46";"8";"248";"0"
"2023";"01";"220804";"SAN MARTIN";"RIOJA";"NUEVA CAJAMARCA";"GOBIERNO REGIONAL";"I-1";"00006299";"PERLA DAGUAS";"NE_0001";"";"NE_0001";"NE_0001";"NE_0001";"NE_0001";"NE_0001";"NE_0001";"NE_0001"
"2023";"01";"040129";"AREQUIPA";"AREQUIPA";"JOSE LUIS BUSTAMANTE Y RIVERO";"GOBIERNO REGIONAL";"I-3";"00001257";"CENTRO DE SALUD VICTOR RAUL HINOJOSA LLERENA";"NE_0001";"";"NE_0001";"NE_0001";"NE_0001";"NE_0001";"NE_0001";"NE_0001";"NE_0001"
"2023";"01";"040129";"AREQUIPA";"AREQUIPA";"JOSE LUIS BUSTAMANTE Y RIVERO";"GOBIERNO REGIONAL";"I-3";"00023488";"CENTRO DE SALUD MENTAL COMUNITARIO SIMON BOLIVAR";"NE_0001";"";"NE_0001";"NE_0001";"NE_0001";"NE_0001";"NE_0001";"NE_0001";"NE_0001"
"2023";"01";"040129";"AREQUIPA";"AREQUIPA";"JOSE LUIS BUSTAMANTE Y RIVERO";"GOBIERNO REGIONAL";"I-2";"00001263";"PUESTO DE SALUD 13 DE ENERO";"NE_0001";"";"NE_0001";"NE_0001";"NE_0001";"NE_0001";"NE_0001";"NE_0001";"NE_0001"
"2023";"01";"040129";"AREQUIPA";"AREQUIPA";"JOSE LUIS BUSTAMANTE Y RIVERO";"GOBIERNO REGIONAL";"I-3";"00001264";"CENTRO DE SALUD LAS ESMERALDAS";"NE_0001";"";"NE_0001";"NE_0001";"NE_0001";"NE_0001";"NE_0001";"NE_0001";"NE_0001"
"2023";"01";"040129";"AREQUIPA";"AREQUIPA";"JOSE LUIS BUSTAMANTE Y RIVERO";"GOBIERNO REGIONAL";"I-2";"00001267";"PUESTO DE SALUD CERRO JULI";"NE_0001";"";"NE_0001";"NE_0001";"NE_0001";"NE_0001";"NE_0001";"NE_0001";"NE_0001"
"2023";"01";"220204";"SAN MARTIN";"BELLAVISTA";"HUALLAGA";"GOBIERNO REGIONAL";"I-1";"00006565";"AUCARARCA";"NE_0001";"";"NE_0001";"NE_0001";"NE_0001";"NE_0001";"NE_0001";"NE_0001";"NE_0001"
"2023";"01";"150130";"LIMA";"LIMA";"SAN BORJA";"PRIVADO";"II-1";"00008258";"REJUVENECIMIENTO Y ESTETICA CABANI SRL";"240800";"HOSPITALIZACIÓN QUIRÚRGICA CIRUGÍA PLÁSTICA/RECONSTRUCTIVA/ REPARADORA ";"42";"41";"24";"65";"6";"186";"0"
"2023";"01";"120427";"JUNIN";"JAUJA";"RICRAN";"GOBIERNO REGIONAL";"I-1";"00000421";"APAYCANCHA";"NE_0001";"";"NE_0001";"NE_0001";"NE_0001";"NE_0001";"NE_0001";"NE_0001";"NE_0001"
"2023";"01";"120429";"JUNIN";"JAUJA";"SAN PEDRO DE CHUNAN";"GOBIERNO REGIONAL";"I-1";"00000422";"SAN PEDRO DE CHUNAN";"NE_0001";"";"NE_0001";"NE_0001";"NE_0001";"NE_0001";"NE_0001";"NE_0001";"NE_0001"
"2023";"01";"060101";"CAJAMARCA";"CAJAMARCA";"CAJAMARCA";"PRIVADO";"0";"00029780";"LABORATORIO EL INGENIO";"NE_0001";"";"NE_0001";"NE_0001";"NE_0001";"NE_0001";"NE_0001";"NE_0001";"NE_0001"
"2023";"01";"140101";"LAMBAYEQUE";"CHICLAYO";"CHICLAYO";"PRIVADO";"II-E";"00026706";"CLINICA UNION SAC.";"241400";"HOSPITALIZACIÓN QUIRÚRGICA GINECO - OBSTETRICIA ";"82";"79";"152";"156";"6";"160";"0"
"2023";"01";"140101";"LAMBAYEQUE";"CHICLAYO";"CHICLAYO";"PRIVADO";"II-E";"00026706";"CLINICA UNION SAC.";"240100";"HOSPITALIZACIÓN QUIRÚRGICA CIRUGÍA GENERAL ";"105";"98";"180";"175";"3";"176";"0"
"2023";"01";"140101";"LAMBAYEQUE";"CHICLAYO";"CHICLAYO";"PRIVADO";"II-E";"00026706";"CLINICA UNION SAC.";"241300";"HOSPITALIZACIÓN QUIRÚRGICA UROLOGÍA  ";"28";"27";"59";"60";"2";"96";"0"
"2023";"01";"140101";"LAMBAYEQUE";"CHICLAYO";"CHICLAYO";"PRIVADO";"II-E";"00026706";"CLINICA UNION SAC.";"240200";"HOSPITALIZACIÓN QUIRÚRGICA CIRUGÍA DE CABEZA Y CUELLO / MÁXILO FACIAL ";"11";"9";"35";"65";"1";"72";"0"
"2023";"01";"140101";"LAMBAYEQUE";"CHICLAYO";"CHICLAYO";"PRIVADO";"II-E";"00026706";"CLINICA UNION SAC.";"241200";"HOSPITALIZACIÓN QUIRÚRGICA TRAUMATOLOGÍA Y ORTOPEDIA ";"5";"4";"8";"18";"1";"24";"0"
"2023";"01";"140101";"LAMBAYEQUE";"CHICLAYO";"CHICLAYO";"PRIVADO";"II-E";"00026706";"CLINICA UNION SAC.";"240800";"HOSPITALIZACIÓN QUIRÚRGICA CIRUGÍA PLÁSTICA/RECONSTRUCTIVA/ REPARADORA ";"4";"4";"15";"25";"1";"30";"0"
"2023";"01";"140101";"LAMBAYEQUE";"CHICLAYO";"CHICLAYO";"PRIVADO";"II-E";"00026706";"CLINICA UNION SAC.";"240400";"HOSPITALIZACIÓN QUIRÚRGICA CIRUGÍA DE TÓRAX Y CARDIOVASCULAR ";"3";"3";"10";"40";"1";"45";"0"
"2023";"01";"140101";"LAMBAYEQUE";"CHICLAYO";"CHICLAYO";"PRIVADO";"II-E";"00026706";"CLINICA UNION SAC.";"240900";"HOSPITALIZACIÓN QUIRÚRGICA NEUROCIRUGÍA ";"1";"1";"3";"3";"1";"30";"0"
"2023";"01";"140101";"LAMBAYEQUE";"CHICLAYO";"CHICLAYO";"PRIVADO";"II-E";"00026706";"CLINICA UNION SAC.";"241900";"HOSPITALIZACIÓN DE MEDICINA MEDICINA INTERNA ";"2";"2";"4";"4";"1";"45";"0"
"2023";"01";"110501";"ICA";"PISCO";"PISCO";"PRIVADO";"II-1";"00027173";"FAMISALUD SAC";"241500";"HOSPITALIZACIÓN QUIRÚRGICA GINECOLOGÍA  ";"8";"8";"5";"7";"2";"210";"0"
"2023";"01";"110501";"ICA";"PISCO";"PISCO";"PRIVADO";"II-1";"00027173";"FAMISALUD SAC";"241200";"HOSPITALIZACIÓN QUIRÚRGICA TRAUMATOLOGÍA Y ORTOPEDIA ";"3";"3";"3";"7";"2";"210";"0"
"2023";"01";"110501";"ICA";"PISCO";"PISCO";"PRIVADO";"II-1";"00027173";"FAMISALUD SAC";"240100";"HOSPITALIZACIÓN QUIRÚRGICA CIRUGÍA GENERAL ";"31";"31";"39";"7";"8";"210";"0"
"2023";"01";"110501";"ICA";"PISCO";"PISCO";"PRIVADO";"II-1";"00027173";"FAMISALUD SAC";"241800";"HOSPITALIZACIÓN DE MEDICINA MEDICINA GENERAL ";"2";"2";"2";"7";"2";"210";"0"
"2023";"01";"110501";"ICA";"PISCO";"PISCO";"PRIVADO";"II-1";"00027173";"FAMISALUD SAC";"244000";"HOSPITALIZACIÓN DE MEDICINA CARDIOLOGIA ";"1";"1";"8";"7";"1";"210";"0"
"2023";"01";"150116";"LIMA";"LIMA";"LINCE";"PRIVADO";"II-E";"00009145";"HOGAR CLINICA MONTE SINAI";"240100";"HOSPITALIZACIÓN QUIRÚRGICA CIRUGÍA GENERAL ";"75";"75";"75";"75";"6";"180";"0"
"2023";"01";"150116";"LIMA";"LIMA";"LINCE";"PRIVADO";"II-E";"00009145";"HOGAR CLINICA MONTE SINAI";"240400";"HOSPITALIZACIÓN QUIRÚRGICA CIRUGÍA DE TÓRAX Y CARDIOVASCULAR ";"6";"6";"6";"6";"2";"60";"0"
"2023";"01";"150116";"LIMA";"LIMA";"LINCE";"PRIVADO";"II-E";"00009145";"HOGAR CLINICA MONTE SINAI";"240800";"HOSPITALIZACIÓN QUIRÚRGICA CIRUGÍA PLÁSTICA/RECONSTRUCTIVA/ REPARADORA ";"28";"28";"28";"28";"2";"60";"0"
"2023";"01";"150116";"LIMA";"LIMA";"LINCE";"PRIVADO";"II-E";"00009145";"HOGAR CLINICA MONTE SINAI";"241000";"HOSPITALIZACIÓN QUIRÚRGICA ONCOLOGÍA QUIRÚRGICA  ";"1";"1";"1";"1";"2";"60";"0"
"2023";"01";"150116";"LIMA";"LIMA";"LINCE";"PRIVADO";"II-E";"00009145";"HOGAR CLINICA MONTE SINAI";"241100";"HOSPITALIZACIÓN QUIRÚRGICA OTORRINOLARINGOLOGÍA  ";"9";"9";"9";"9";"1";"30";"0"
"2023";"01";"150116";"LIMA";"LIMA";"LINCE";"PRIVADO";"II-E";"00009145";"HOGAR CLINICA MONTE SINAI";"241300";"HOSPITALIZACIÓN QUIRÚRGICA UROLOGÍA  ";"2";"2";"2";"2";"1";"30";"0"
"2023";"01";"220101";"SAN MARTIN";"MOYOBAMBA";"MOYOBAMBA";"ESSALUD";"II-1";"00015598";"HOSPITAL I ALTO MAYO";"241800";"HOSPITALIZACIÓN DE MEDICINA MEDICINA GENERAL ";"82";"85";"393";"307";"20";"620";"2"
"2023";"01";"200301";"PIURA";"HUANCABAMBA";"HUANCABAMBA";"SANIDAD DE LA POLICIA NACIONAL DEL PERU";"I-1";"00010680";"PUESTO SANITARIO PNP HUANCABAMBA";"NE_0002";"";"NE_0002";"NE_0002";"NE_0002";"NE_0002";"NE_0002";"NE_0002";"NE_0002"
"2023";"01";"150141";"LIMA";"LIMA";"SURQUILLO";"SANIDAD DE LA POLICIA NACIONAL DEL PERU";"I-3";"00012885";"POLICLINICO PNP WALTER ROSALES LEON";"NE_0001";"";"NE_0001";"NE_0001";"NE_0001";"NE_0001";"NE_0001";"NE_0001";"NE_0001"
"2023";"01";"070106";"CALLAO";"CALLAO";"VENTANILLA";"SANIDAD DE LA POLICIA NACIONAL DEL PERU";"I-2";"00010573";"POSTA MEDICA POLICIAL VENTANILLA";"NE_0001";"";"NE_0001";"NE_0001";"NE_0001";"NE_0001";"NE_0001";"NE_0001";"NE_0001"
"2023";"01";"120135";"JUNIN";"HUANCAYO";"SANTO DOMINGO DE ACOBAMBA";"GOBIERNO REGIONAL";"I-2";"00000667";"MATICHACRA";"NE_0001";"";"NE_0001";"NE_0001";"NE_0001";"NE_0001";"NE_0001";"NE_0001";"NE_0001"
"2023";"01";"120203";"JUNIN";"CONCEPCION";"ANDAMARCA";"GOBIERNO REGIONAL";"I-2";"00000673";"PUCACOCHA";"NE_0001";"";"NE_0001";"NE_0001";"NE_0001";"NE_0001";"NE_0001";"NE_0001";"NE_0001"
"2023";"01";"120135";"JUNIN";"HUANCAYO";"SANTO DOMINGO DE ACOBAMBA";"GOBIERNO REGIONAL";"I-2";"00000744";"YUNCACHAQUICOCHA";"NE_0001";"";"NE_0001";"NE_0001";"NE_0001";"NE_0001";"NE_0001";"NE_0001";"NE_0001"
"2023";"01";"120135";"JUNIN";"HUANCAYO";"SANTO DOMINGO DE ACOBAMBA";"GOBIERNO REGIONAL";"I-1";"00007082";"HUANCAMAYO";"NE_0001";"";"NE_0001";"NE_0001";"NE_0001";"NE_0001";"NE_0001";"NE_0001";"NE_0001"
"2023";"01";"120135";"JUNIN";"HUANCAYO";"SANTO DOMINGO DE ACOBAMBA";"GOBIERNO REGIONAL";"I-1";"00012468";"LA NUEVA LIBERTAD DE PUNTO";"NE_0001";"";"NE_0001";"NE_0001";"NE_0001";"NE_0001";"NE_0001";"NE_0001";"NE_0001"
"2023";"01";"120203";"JUNIN";"CONCEPCION";"ANDAMARCA";"GOBIERNO REGIONAL";"I-1";"00019793";"HUANUCO";"NE_0001";"";"NE_0001";"NE_0001";"NE_0001";"NE_0001";"NE_0001";"NE_0001";"NE_0001"
"2023";"01";"120135";"JUNIN";"HUANCAYO";"SANTO DOMINGO DE ACOBAMBA";"GOBIERNO REGIONAL";"I-1";"00000668";"PAURAN ATICOCHA";"NE_0001";"";"NE_0001";"NE_0001";"NE_0001";"NE_0001";"NE_0001";"NE_0001";"NE_0001"
"2023";"01";"210501";"PUNO";"EL COLLAO";"ILAVE";"ESSALUD";"I-3";"00009218";"POLICLINICO ILAVE -  RED ASISTENCIAL PUNO";"NE_0001";"";"NE_0001";"NE_0001";"NE_0001";"NE_0001";"NE_0001";"NE_0001";"NE_0001"
"2023";"01";"081211";"CUSCO";"QUISPICANCHI";"OROPESA";"GOBIERNO REGIONAL";"I-3";"00002537";"OROPESA";"NE_0001";"";"NE_0001";"NE_0001";"NE_0001";"NE_0001";"NE_0001";"NE_0001";"NE_0001"
"2023";"01";"081207";"CUSCO";"QUISPICANCHI";"HUARO";"GOBIERNO REGIONAL";"I-2";"00002532";"HUARO";"NE_0001";"";"NE_0001";"NE_0001";"NE_0001";"NE_0001";"NE_0001";"NE_0001";"NE_0001"
"2023";"01";"040206";"AREQUIPA";"CAMANA";"OCOÑA";"GOBIERNO REGIONAL";"I-2";"00001363";"LA PLANCHADA";"NE_0001";"";"NE_0001";"NE_0001";"NE_0001";"NE_0001";"NE_0001";"NE_0001";"NE_0001"
"2023";"01";"040206";"AREQUIPA";"CAMANA";"OCOÑA";"GOBIERNO REGIONAL";"I-1";"00001364";"PESCADORES";"NE_0001";"";"NE_0001";"NE_0001";"NE_0001";"NE_0001";"NE_0001";"NE_0001";"NE_0001"
"2023";"01";"040203";"AREQUIPA";"CAMANA";"MARIANO NICOLAS VALCARCEL";"GOBIERNO REGIONAL";"I-2";"00001366";"LA EUGENIA";"NE_0001";"";"NE_0001";"NE_0001";"NE_0001";"NE_0001";"NE_0001";"NE_0001";"NE_0001"
"2023";"01";"060804";"CAJAMARCA";"JAEN";"COLASAY";"GOBIERNO REGIONAL";"I-1";"00004240";"CUYCA";"NE_0001";"";"NE_0001";"NE_0001";"NE_0001";"NE_0001";"NE_0001";"NE_0001";"NE_0001"
"2023";"01";"220804";"SAN MARTIN";"RIOJA";"NUEVA CAJAMARCA";"GOBIERNO REGIONAL";"I-3";"00006300";"SAN JUAN RIO SORITOR";"NE_0002";"";"NE_0002";"NE_0002";"NE_0002";"NE_0002";"NE_0002";"NE_0002";"NE_0002"
"2023";"01";"090208";"HUANCAVELICA";"ACOBAMBA";"ROSARIO";"GOBIERNO REGIONAL";"I-3";"00003938";"CENTRO DE SALUD PUCA CRUZ";"NE_0001";"";"NE_0001";"NE_0001";"NE_0001";"NE_0001";"NE_0001";"NE_0001";"NE_0001"
"2023";"01";"150110";"LIMA";"LIMA";"COMAS";"PRIVADO";"I-2";"00013834";"ARIE";"NE_0002";"";"NE_0002";"NE_0002";"NE_0002";"NE_0002";"NE_0002";"NE_0002";"NE_0002"
"2023";"01";"200601";"PIURA";"SULLANA";"SULLANA";"ESSALUD";"I-4";"00010267";"HOSPITAL I ESSALUD-SULLANA";"241800";"HOSPITALIZACIÓN DE MEDICINA MEDICINA GENERAL ";"52";"45";"196";"217";"7";"217";"3"
"2023";"01";"200601";"PIURA";"SULLANA";"SULLANA";"ESSALUD";"I-4";"00010267";"HOSPITAL I ESSALUD-SULLANA";"242300";"HOSPITALIZACIÓN DE PEDIATRÍA  PEDIATRÍA  GENERAL ";"28";"26";"33";"40";"2";"62";"0"
"2023";"01";"200601";"PIURA";"SULLANA";"SULLANA";"ESSALUD";"I-4";"00010267";"HOSPITAL I ESSALUD-SULLANA";"241600";"HOSPITALIZACIÓN QUIRÚRGICA OBSTETRICIA   ";"7";"6";"16";"27";"1";"31";"0"
"2023";"01";"200601";"PIURA";"SULLANA";"SULLANA";"ESSALUD";"I-4";"00010267";"HOSPITAL I ESSALUD-SULLANA";"240100";"HOSPITALIZACIÓN QUIRÚRGICA CIRUGÍA GENERAL ";"10";"9";"17";"23";"1";"31";"0"
"2023";"01";"120606";"JUNIN";"SATIPO";"PANGOA";"GOBIERNO REGIONAL";"I-1";"00021806";"LIBERTAD DE ANAPATI";"NE_0001";"";"NE_0001";"NE_0001";"NE_0001";"NE_0001";"NE_0001";"NE_0001";"NE_0001"
"2023";"01";"120606";"JUNIN";"SATIPO";"PANGOA";"GOBIERNO REGIONAL";"I-1";"00024571";"PUERTO PORVENIR";"NE_0001";"";"NE_0001";"NE_0001";"NE_0001";"NE_0001";"NE_0001";"NE_0001";"NE_0001"
"2023";"01";"120606";"JUNIN";"SATIPO";"PANGOA";"GOBIERNO REGIONAL";"I-1";"00000455";"JERUSALEN DE MIÑARO DE NOMESTSIGUENGA";"NE_0001";"";"NE_0001";"NE_0001";"NE_0001";"NE_0001";"NE_0001";"NE_0001";"NE_0001"
"2023";"01";"120606";"JUNIN";"SATIPO";"PANGOA";"GOBIERNO REGIONAL";"I-1";"00027801";"PUERTO ANAPATI";"NE_0001";"";"NE_0001";"NE_0001";"NE_0001";"NE_0001";"NE_0001";"NE_0001";"NE_0001"
"2023";"01";"150501";"LIMA";"CAÑETE";"SAN VICENTE DE CAÑETE";"ESSALUD";"II-1";"00010536";"HOSPITAL II CAÑETE";"241800";"HOSPITALIZACIÓN DE MEDICINA MEDICINA GENERAL ";"79";"77";"502";"495";"20";"627";"9"
"2023";"01";"150501";"LIMA";"CAÑETE";"SAN VICENTE DE CAÑETE";"ESSALUD";"II-1";"00010536";"HOSPITAL II CAÑETE";"240100";"HOSPITALIZACIÓN QUIRÚRGICA CIRUGÍA GENERAL ";"68";"63";"250";"258";"10";"309";"0"
"2023";"01";"150501";"LIMA";"CAÑETE";"SAN VICENTE DE CAÑETE";"ESSALUD";"II-1";"00010536";"HOSPITAL II CAÑETE";"241600";"HOSPITALIZACIÓN QUIRÚRGICA OBSTETRICIA   ";"94";"91";"190";"198";"8";"257";"0"
"2023";"01";"150501";"LIMA";"CAÑETE";"SAN VICENTE DE CAÑETE";"ESSALUD";"II-1";"00010536";"HOSPITAL II CAÑETE";"242500";"HOSPITALIZACIÓN-PEDIATRÍA GENERAL-";"34";"34";"121";"117";"4";"139";"0"
"2023";"01";"080105";"CUSCO";"CUSCO";"SAN SEBASTIAN";"GOBIERNO REGIONAL";"I-2";"00026181";"MENTAL SAN SEBASTIAN";"NE_0001";"";"NE_0001";"NE_0001";"NE_0001";"NE_0001";"NE_0001";"NE_0001";"NE_0001"
"2023";"01";"110102";"ICA";"ICA";"LA TINGUIÑA";"ESSALUD";"I-3";"00024531";"LA TINGUIÑA";"NE_0001";"";"NE_0001";"NE_0001";"NE_0001";"NE_0001";"NE_0001";"NE_0001";"NE_0001"
"2023";"01";"050110";"AYACUCHO";"HUAMANGA";"SAN JUAN BAUTISTA";"GOBIERNO REGIONAL";"I-4";"00003598";"CENTRO DE SALUD DE SAN JUAN BAUTISTA";"NE_0001";"";"NE_0001";"NE_0001";"NE_0001";"NE_0001";"NE_0001";"NE_0001";"NE_0001"
"2023";"01";"050110";"AYACUCHO";"HUAMANGA";"SAN JUAN BAUTISTA";"GOBIERNO REGIONAL";"I-3";"00003600";"CENTRO DE SALUD MIRAFLORES";"NE_0001";"";"NE_0001";"NE_0001";"NE_0001";"NE_0001";"NE_0001";"NE_0001";"NE_0001"
"2023";"01";"050110";"AYACUCHO";"HUAMANGA";"SAN JUAN BAUTISTA";"GOBIERNO REGIONAL";"I-3";"00006882";"LOS OLIVOS";"NE_0001";"";"NE_0001";"NE_0001";"NE_0001";"NE_0001";"NE_0001";"NE_0001";"NE_0001"
"2023";"01";"050110";"AYACUCHO";"HUAMANGA";"SAN JUAN BAUTISTA";"GOBIERNO REGIONAL";"I-2";"00003599";"PUESTO DE SALUD ÑAHUINPUQUIO";"NE_0001";"";"NE_0001";"NE_0001";"NE_0001";"NE_0001";"NE_0001";"NE_0001";"NE_0001"
"2023";"01";"150130";"LIMA";"LIMA";"SAN BORJA";"PRIVADO";"II-E";"00011372";"FUTURO VISION";"NE_0001";"";"NE_0001";"NE_0001";"NE_0001";"NE_0001";"NE_0001";"NE_0001";"NE_0001"
"2023";"01";"040104";"AREQUIPA";"AREQUIPA";"CERRO COLORADO";"GOBIERNO REGIONAL";"I-3";"00001236";"CENTRO DE SALUD CERRO COLORADO";"NE_0001";"";"NE_0001";"NE_0001";"NE_0001";"NE_0001";"NE_0001";"NE_0001";"NE_0001"
"2023";"01";"040104";"AREQUIPA";"AREQUIPA";"CERRO COLORADO";"GOBIERNO REGIONAL";"I-3";"00027843";"CENTRO DE SALUD MENTAL COMUNITARIO SAN MARTIN DE PORRES";"NE_0001";"";"NE_0001";"NE_0001";"NE_0001";"NE_0001";"NE_0001";"NE_0001";"NE_0001"
"2023";"01";"040104";"AREQUIPA";"AREQUIPA";"CERRO COLORADO";"GOBIERNO REGIONAL";"I-3";"00001248";"CENTRO DE SALUD ALTO LIBERTAD";"NE_0001";"";"NE_0001";"NE_0001";"NE_0001";"NE_0001";"NE_0001";"NE_0001";"NE_0001"
"2023";"01";"050601";"AYACUCHO";"LUCANAS";"PUQUIO";"ESSALUD";"I-3";"00011438";"CENTRO DE ATENCION PRIMARIA II PUQUIO";"NE_0001";"";"NE_0001";"NE_0001";"NE_0001";"NE_0001";"NE_0001";"NE_0001";"NE_0001"
"2023";"01";"131101";"LA LIBERTAD";"GRAN CHIMU";"CASCAS";"ESSALUD";"I-2";"00012104";"POSTA DE SALUD CASCAS";"NE_0001";"";"NE_0001";"NE_0001";"NE_0001";"NE_0001";"NE_0001";"NE_0001";"NE_0001"
"2023";"01";"010101";"AMAZONAS";"CHACHAPOYAS";"CHACHAPOYAS";"ESSALUD";"II-1";"00009066";"HOSPITAL HIGOS URCO";"241800";"HOSPITALIZACIÓN DE MEDICINA MEDICINA GENERAL ";"14";"13";"67";"75";"3";"93";"1"
"2023";"01";"010101";"AMAZONAS";"CHACHAPOYAS";"CHACHAPOYAS";"ESSALUD";"II-1";"00009066";"HOSPITAL HIGOS URCO";"240100";"HOSPITALIZACIÓN QUIRÚRGICA CIRUGÍA GENERAL ";"37";"38";"142";"128";"6";"186";"0"
"2023";"01";"010101";"AMAZONAS";"CHACHAPOYAS";"CHACHAPOYAS";"ESSALUD";"II-1";"00009066";"HOSPITAL HIGOS URCO";"245400";"HOSPITALIZACIÓN DE MEDICINA GINECOLOGIA ";"39";"34";"87";"95";"4";"124";"0"
"2023";"01";"010101";"AMAZONAS";"CHACHAPOYAS";"CHACHAPOYAS";"ESSALUD";"II-1";"00009066";"HOSPITAL HIGOS URCO";"242300";"HOSPITALIZACIÓN DE PEDIATRÍA  PEDIATRÍA  GENERAL ";"17";"15";"55";"61";"3";"93";"0"
"2023";"01";"220603";"SAN MARTIN";"MARISCAL CACERES";"HUICUNGO";"GOBIERNO REGIONAL";"I-1";"00006556";"MIRAFLORES";"NE_0001";"";"NE_0001";"NE_0001";"NE_0001";"NE_0001";"NE_0001";"NE_0001";"NE_0001"
"2023";"01";"220101";"SAN MARTIN";"MOYOBAMBA";"MOYOBAMBA";"GOBIERNO REGIONAL";"I-1";"00006295";"DORADA";"NE_0001";"";"NE_0001";"NE_0001";"NE_0001";"NE_0001";"NE_0001";"NE_0001";"NE_0001"
"2023";"01";"220604";"SAN MARTIN";"MARISCAL CACERES";"PACHIZA";"GOBIERNO REGIONAL";"I-1";"00006559";"SAN RAMON";"NE_0001";"";"NE_0001";"NE_0001";"NE_0001";"NE_0001";"NE_0001";"NE_0001";"NE_0001"
"2023";"01";"220101";"SAN MARTIN";"MOYOBAMBA";"MOYOBAMBA";"GOBIERNO REGIONAL";"I-1";"00006293";"RAFAEL BELAUNDE";"NE_0001";"";"NE_0001";"NE_0001";"NE_0001";"NE_0001";"NE_0001";"NE_0001";"NE_0001"
"2023";"01";"220601";"SAN MARTIN";"MARISCAL CACERES";"JUANJUI";"GOBIERNO REGIONAL";"I-1";"00006550";"QUINILLA";"NE_0001";"";"NE_0001";"NE_0001";"NE_0001";"NE_0001";"NE_0001";"NE_0001";"NE_0001"
"2023";"01";"220802";"SAN MARTIN";"RIOJA";"AWAJUN";"GOBIERNO REGIONAL";"I-3";"00006297";"BAJO NARANJILLO";"NE_0002";"";"NE_0002";"NE_0002";"NE_0002";"NE_0002";"NE_0002";"NE_0002";"NE_0002"
"2023";"01";"220605";"SAN MARTIN";"MARISCAL CACERES";"PAJARILLO";"GOBIERNO REGIONAL";"I-1";"00006560";"ARMAYARI";"NE_0001";"";"NE_0001";"NE_0001";"NE_0001";"NE_0001";"NE_0001";"NE_0001";"NE_0001"
"2023";"01";"220101";"SAN MARTIN";"MOYOBAMBA";"MOYOBAMBA";"GOBIERNO REGIONAL";"I-1";"00006292";"IMPERIO DE CACHIYACU";"NE_0001";"";"NE_0001";"NE_0001";"NE_0001";"NE_0001";"NE_0001";"NE_0001";"NE_0001"
"2023";"01";"220601";"SAN MARTIN";"MARISCAL CACERES";"JUANJUI";"GOBIERNO REGIONAL";"I-1";"00006553";"HUAYABAMBA";"NE_0001";"";"NE_0001";"NE_0001";"NE_0001";"NE_0001";"NE_0001";"NE_0001";"NE_0001"
"2023";"01";"070102";"CALLAO";"CALLAO";"BELLAVISTA";"PRIVADO";"I-2";"00023578";"CONSULTORIO MEDICO NUTRIMEDIC";"NE_0002";"";"NE_0002";"NE_0002";"NE_0002";"NE_0002";"NE_0002";"NE_0002";"NE_0002"
"2023";"01";"060501";"CAJAMARCA";"CONTUMAZA";"CONTUMAZA";"ESSALUD";"I-2";"00010276";"POSTA MEDICA ESSALUD CONTUMAZA";"NE_0001";"";"NE_0001";"NE_0001";"NE_0001";"NE_0001";"NE_0001";"NE_0001";"NE_0001"
"2023";"01";"010101";"AMAZONAS";"CHACHAPOYAS";"CHACHAPOYAS";"SANIDAD DE LA POLICIA NACIONAL DEL PERU";"I-3";"00026723";"POLICLINICO POLICIAL CHACHAPOYAS";"NE_0001";"";"NE_0001";"NE_0001";"NE_0001";"NE_0001";"NE_0001";"NE_0001";"NE_0001"
"2023";"01";"030101";"APURIMAC";"ABANCAY";"ABANCAY";"SANIDAD DE LA POLICIA NACIONAL DEL PERU";"I-3";"00008036";"POLICLINICO POLICIAL ABANCAY";"NE_0001";"";"NE_0001";"NE_0001";"NE_0001";"NE_0001";"NE_0001";"NE_0001";"NE_0001"
"2023";"01";"150133";"LIMA";"LIMA";"SAN JUAN DE MIRAFLORES";"PRIVADO";"II-E";"00027478";"CLINICA BUENAVENTURA";"NE_0002";"";"NE_0002";"NE_0002";"NE_0002";"NE_0002";"NE_0002";"NE_0002";"NE_0002"
"2023";"01";"090101";"HUANCAVELICA";"HUANCAVELICA";"HUANCAVELICA";"SANIDAD DE LA POLICIA NACIONAL DEL PERU";"I-2";"00009476";"POSTA  MEDICA  POLICIAL- HUANCAVELICA";"NE_0001";"";"NE_0001";"NE_0001";"NE_0001";"NE_0001";"NE_0001";"NE_0001";"NE_0001"
"2023";"01";"160113";"LORETO";"MAYNAS";"SAN JUAN BAUTISTA";"SANIDAD DE LA POLICIA NACIONAL DEL PERU";"I-3";"00011369";"POLICLINICO POLICIAL IQUITOS";"NE_0001";"";"NE_0001";"NE_0001";"NE_0001";"NE_0001";"NE_0001";"NE_0001";"NE_0001"
"2023";"01";"230101";"TACNA";"TACNA";"TACNA";"SANIDAD DE LA POLICIA NACIONAL DEL PERU";"I-3";"00011528";"POLICLINICO POLICIAL TACNA";"NE_0001";"";"NE_0001";"NE_0001";"NE_0001";"NE_0001";"NE_0001";"NE_0001";"NE_0001"
"2023";"01";"061101";"CAJAMARCA";"SAN MIGUEL";"SAN MIGUEL";"ESSALUD";"I-2";"00010273";"POSTA MEDICA ESSALUD SAN MIGUEL";"NE_0001";"";"NE_0001";"NE_0001";"NE_0001";"NE_0001";"NE_0001";"NE_0001";"NE_0001"
"2023";"01";"110211";"ICA";"CHINCHA";"TAMBO DE MORA";"ESSALUD";"I-2";"00012023";"TAMBO DE MORA";"NE_0001";"";"NE_0001";"NE_0001";"NE_0001";"NE_0001";"NE_0001";"NE_0001";"NE_0001"
"2023";"01";"050101";"AYACUCHO";"HUAMANGA";"AYACUCHO";"PRIVADO";"II-1";"00008154";"CLINICA EL NAZARENO";"241400";"HOSPITALIZACIÓN QUIRÚRGICA GINECO - OBSTETRICIA ";"2";"2";"3";"3";"1";"116";"0"
"2023";"01";"050101";"AYACUCHO";"HUAMANGA";"AYACUCHO";"PRIVADO";"II-1";"00008154";"CLINICA EL NAZARENO";"243200";"HOSPITALIZACIÓN DE PEDIATRÍA PEDIATRIA NEONATOLOGÍA";"2";"2";"3";"3";"1";"116";"0"
"2023";"01";"050101";"AYACUCHO";"HUAMANGA";"AYACUCHO";"PRIVADO";"II-1";"00008154";"CLINICA EL NAZARENO";"241400";"HOSPITALIZACIÓN QUIRÚRGICA GINECO - OBSTETRICIA ";"1";"1";"1";"1";"1";"156";"0"
"2023";"01";"050101";"AYACUCHO";"HUAMANGA";"AYACUCHO";"PRIVADO";"II-1";"00008154";"CLINICA EL NAZARENO";"240100";"HOSPITALIZACIÓN QUIRÚRGICA CIRUGÍA GENERAL ";"1";"1";"1";"1";"1";"156";"0"
"2023";"01";"050101";"AYACUCHO";"HUAMANGA";"AYACUCHO";"PRIVADO";"II-1";"00008154";"CLINICA EL NAZARENO";"241200";"HOSPITALIZACIÓN QUIRÚRGICA TRAUMATOLOGÍA Y ORTOPEDIA ";"1";"1";"1";"1";"1";"156";"0"
"2023";"01";"220603";"SAN MARTIN";"MARISCAL CACERES";"HUICUNGO";"GOBIERNO REGIONAL";"I-1";"00006555";"SHEPTE";"NE_0001";"";"NE_0001";"NE_0001";"NE_0001";"NE_0001";"NE_0001";"NE_0001";"NE_0001"
"2023";"01";"220101";"SAN MARTIN";"MOYOBAMBA";"MOYOBAMBA";"ESSALUD";"II-1";"00015598";"HOSPITAL I ALTO MAYO";"241500";"HOSPITALIZACIÓN QUIRÚRGICA GINECOLOGÍA  ";"14";"15";"77";"59";"2";"62";"0"
"2023";"01";"220101";"SAN MARTIN";"MOYOBAMBA";"MOYOBAMBA";"ESSALUD";"II-1";"00015598";"HOSPITAL I ALTO MAYO";"241600";"HOSPITALIZACIÓN QUIRÚRGICA OBSTETRICIA   ";"69";"65";"203";"144";"9";"279";"0"
"2023";"01";"220101";"SAN MARTIN";"MOYOBAMBA";"MOYOBAMBA";"ESSALUD";"II-1";"00015598";"HOSPITAL I ALTO MAYO";"242300";"HOSPITALIZACIÓN DE PEDIATRÍA  PEDIATRÍA  GENERAL ";"11";"11";"37";"26";"2";"62";"0"
"2023";"01";"130101";"LA LIBERTAD";"TRUJILLO";"TRUJILLO";"GOBIERNO REGIONAL";"III-2";"00007277";"INSTITUTO REGIONAL DE ENFERMEDADES NEOPLASICAS - NORTE - DR. LUIS PINILLOS GANOZA";"241000";"HOSPITALIZACIÓN QUIRÚRGICA ONCOLOGÍA QUIRÚRGICA  ";"115";"103";"519";"676";"22";"682";"1"
"2023";"01";"130101";"LA LIBERTAD";"TRUJILLO";"TRUJILLO";"GOBIERNO REGIONAL";"III-2";"00007277";"INSTITUTO REGIONAL DE ENFERMEDADES NEOPLASICAS - NORTE - DR. LUIS PINILLOS GANOZA";"242100";"HOSPITALIZACIÓN DE MEDICINA ONCOLOGÍA MÉDICA ";"62";"53";"174";"259";"9";"279";"1"
"2023";"01";"020110";"ANCASH";"HUARAZ";"PARIACOTO";"GOBIERNO REGIONAL";"I-1";"00001736";"PUESTO DE SALUD CHACCHAN";"NE_0001";"";"NE_0001";"NE_0001";"NE_0001";"NE_0001";"NE_0001";"NE_0001";"NE_0001"
"2023";"01";"021807";"ANCASH";"SANTA";"SAMANCO";"GOBIERNO REGIONAL";"I-1";"00001712";"PUESTO DE SALUD LOS CHIMUS";"NE_0001";"";"NE_0001";"NE_0001";"NE_0001";"NE_0001";"NE_0001";"NE_0001";"NE_0001"
"2023";"01";"021806";"ANCASH";"SANTA";"NEPEÑA";"GOBIERNO REGIONAL";"I-3";"00001715";"CENTRO DE SALUD SAN JACINTO";"NE_0001";"";"NE_0001";"NE_0001";"NE_0001";"NE_0001";"NE_0001";"NE_0001";"NE_0001"
"2023";"01";"021805";"ANCASH";"SANTA";"MORO";"GOBIERNO REGIONAL";"I-1";"00001718";"PUESTO DE SALUD CAPTUY";"NE_0001";"";"NE_0001";"NE_0001";"NE_0001";"NE_0001";"NE_0001";"NE_0001";"NE_0001"
"2023";"01";"020110";"ANCASH";"HUARAZ";"PARIACOTO";"GOBIERNO REGIONAL";"I-4";"00001734";"CENTRO DE SALUD PARIACOTO";"NE_0001";"";"NE_0001";"NE_0001";"NE_0001";"NE_0001";"NE_0001";"NE_0001";"NE_0001"
"2023";"01";"022005";"ANCASH";"YUNGAY";"QUILLO";"GOBIERNO REGIONAL";"I-4";"00001738";"CENTRO DE SALUD QUILLO";"NE_0001";"";"NE_0001";"NE_0001";"NE_0001";"NE_0001";"NE_0001";"NE_0001";"NE_0001"
"2023";"01";"021103";"ANCASH";"HUARMEY";"CULEBRAS";"GOBIERNO REGIONAL";"I-2";"00001746";"PUESTO DE SALUD QUIAN";"NE_0001";"";"NE_0001";"NE_0001";"NE_0001";"NE_0001";"NE_0001";"NE_0001";"NE_0001"
"2023";"01";"020104";"ANCASH";"HUARAZ";"HUANCHAY";"GOBIERNO REGIONAL";"I-1";"00001747";"PUESTO DE SALUD RAYPA";"NE_0001";"";"NE_0001";"NE_0001";"NE_0001";"NE_0001";"NE_0001";"NE_0001";"NE_0001"
"2023";"01";"021802";"ANCASH";"SANTA";"CACERES DEL PERU";"GOBIERNO REGIONAL";"I-2";"00001710";"PUESTO DE SALUD COLCAP";"NE_0001";"";"NE_0001";"NE_0001";"NE_0001";"NE_0001";"NE_0001";"NE_0001";"NE_0001"
"2023";"01";"021807";"ANCASH";"SANTA";"SAMANCO";"GOBIERNO REGIONAL";"I-1";"00001713";"PUESTO DE SALUD HUAMBACHO";"NE_0001";"";"NE_0001";"NE_0001";"NE_0001";"NE_0001";"NE_0001";"NE_0001";"NE_0001"
"2023";"01";"020802";"ANCASH";"CASMA";"BUENA VISTA ALTA";"GOBIERNO REGIONAL";"I-2";"00001725";"PUESTO DE SALUD EL OLIVAR";"NE_0001";"";"NE_0001";"NE_0001";"NE_0001";"NE_0001";"NE_0001";"NE_0001";"NE_0001"
"2023";"01";"020803";"ANCASH";"CASMA";"COMANDANTE NOEL";"GOBIERNO REGIONAL";"I-1";"00001727";"PUESTO DE SALUD TORTUGAS";"NE_0001";"";"NE_0001";"NE_0001";"NE_0001";"NE_0001";"NE_0001";"NE_0001";"NE_0001"
"2023";"01";"020804";"ANCASH";"CASMA";"YAUTAN";"GOBIERNO REGIONAL";"I-1";"00001729";"PUESTO DE SALUD CACHIPAMPA";"NE_0001";"";"NE_0001";"NE_0001";"NE_0001";"NE_0001";"NE_0001";"NE_0001";"NE_0001"
"2023";"01";"020102";"ANCASH";"HUARAZ";"COCHABAMBA";"GOBIERNO REGIONAL";"I-2";"00001730";"PUESTO DE SALUD COCHABAMBA";"NE_0001";"";"NE_0001";"NE_0001";"NE_0001";"NE_0001";"NE_0001";"NE_0001";"NE_0001"
"2023";"01";"022005";"ANCASH";"YUNGAY";"QUILLO";"GOBIERNO REGIONAL";"I-2";"00001739";"PUESTO DE SALUD HUACHO";"NE_0001";"";"NE_0001";"NE_0001";"NE_0001";"NE_0001";"NE_0001";"NE_0001";"NE_0001"
"2023";"01";"021103";"ANCASH";"HUARMEY";"CULEBRAS";"GOBIERNO REGIONAL";"I-2";"00001743";"PUESTO DE SALUD CULEBRAS";"NE_0001";"";"NE_0001";"NE_0001";"NE_0001";"NE_0001";"NE_0001";"NE_0001";"NE_0001"
"2023";"01";"021101";"ANCASH";"HUARMEY";"HUARMEY";"GOBIERNO REGIONAL";"I-3";"00001744";"CENTRO DE SALUD LA VICTORIA";"NE_0001";"";"NE_0001";"NE_0001";"NE_0001";"NE_0001";"NE_0001";"NE_0001";"NE_0001"
"2023";"01";"021101";"ANCASH";"HUARMEY";"HUARMEY";"GOBIERNO REGIONAL";"I-1";"00001751";"PUESTO DE SALUD HUAMBA";"NE_0001";"";"NE_0001";"NE_0001";"NE_0001";"NE_0001";"NE_0001";"NE_0001";"NE_0001"
"2023";"01";"060303";"CAJAMARCA";"CELENDIN";"CORTEGANA";"GOBIERNO REGIONAL";"I-1";"00004474";"YAGEN";"NE_0001";"";"NE_0001";"NE_0001";"NE_0001";"NE_0001";"NE_0001";"NE_0001";"NE_0001"
"2023";"01";"060303";"CAJAMARCA";"CELENDIN";"CORTEGANA";"GOBIERNO REGIONAL";"I-1";"00006757";"CANDEN";"NE_0001";"";"NE_0001";"NE_0001";"NE_0001";"NE_0001";"NE_0001";"NE_0001";"NE_0001"
"2023";"01";"060303";"CAJAMARCA";"CELENDIN";"CORTEGANA";"GOBIERNO REGIONAL";"I-1";"00006758";"MUSADEN";"NE_0001";"";"NE_0001";"NE_0001";"NE_0001";"NE_0001";"NE_0001";"NE_0001";"NE_0001"
"2023";"01";"060303";"CAJAMARCA";"CELENDIN";"CORTEGANA";"GOBIERNO REGIONAL";"I-1";"00004475";"ANDAMACHAY";"NE_0001";"";"NE_0001";"NE_0001";"NE_0001";"NE_0001";"NE_0001";"NE_0001";"NE_0001"
"2023";"01";"060303";"CAJAMARCA";"CELENDIN";"CORTEGANA";"GOBIERNO REGIONAL";"I-3";"00004477";"CORTEGANA";"NE_0001";"";"NE_0001";"NE_0001";"NE_0001";"NE_0001";"NE_0001";"NE_0001";"NE_0001"
"2023";"01";"080601";"CUSCO";"CANCHIS";"SICUANI";"ESSALUD";"II-1";"00010063";"ESSALUD SICUANI";"240100";"HOSPITALIZACIÓN QUIRÚRGICA CIRUGÍA GENERAL ";"35";"28";"86";"86";"4";"124";"0"
"2023";"01";"080601";"CUSCO";"CANCHIS";"SICUANI";"ESSALUD";"II-1";"00010063";"ESSALUD SICUANI";"241500";"HOSPITALIZACIÓN QUIRÚRGICA GINECOLOGÍA  ";"23";"23";"59";"59";"2";"62";"0"
"2023";"01";"080601";"CUSCO";"CANCHIS";"SICUANI";"ESSALUD";"II-1";"00010063";"ESSALUD SICUANI";"241900";"HOSPITALIZACIÓN DE MEDICINA MEDICINA INTERNA ";"26";"26";"117";"117";"8";"248";"0"
"2023";"01";"080601";"CUSCO";"CANCHIS";"SICUANI";"ESSALUD";"II-1";"00010063";"ESSALUD SICUANI";"241600";"HOSPITALIZACIÓN QUIRÚRGICA OBSTETRICIA   ";"9";"6";"8";"7";"2";"62";"0"
"2023";"01";"080601";"CUSCO";"CANCHIS";"SICUANI";"ESSALUD";"II-1";"00010063";"ESSALUD SICUANI";"242300";"HOSPITALIZACIÓN DE PEDIATRÍA  PEDIATRÍA  GENERAL ";"2";"3";"11";"11";"2";"62";"0"
"2023";"01";"060401";"CAJAMARCA";"CHOTA";"CHOTA";"GOBIERNO REGIONAL";"II-1";"00004659";"HOSPITAL DE APOYO CHOTA - JOSE SOTO CADENILLAS";"240100";"HOSPITALIZACIÓN QUIRÚRGICA CIRUGÍA GENERAL ";"69";"71";"249";"398";"18";"558";"0"
"2023";"01";"060401";"CAJAMARCA";"CHOTA";"CHOTA";"GOBIERNO REGIONAL";"II-1";"00004659";"HOSPITAL DE APOYO CHOTA - JOSE SOTO CADENILLAS";"241400";"HOSPITALIZACIÓN QUIRÚRGICA GINECO - OBSTETRICIA ";"175";"183";"428";"380";"22";"682";"0"
"2023";"01";"060401";"CAJAMARCA";"CHOTA";"CHOTA";"GOBIERNO REGIONAL";"II-1";"00004659";"HOSPITAL DE APOYO CHOTA - JOSE SOTO CADENILLAS";"241800";"HOSPITALIZACIÓN DE MEDICINA MEDICINA GENERAL ";"52";"60";"286";"283";"12";"372";"0"
"2023";"01";"060401";"CAJAMARCA";"CHOTA";"CHOTA";"GOBIERNO REGIONAL";"II-1";"00004659";"HOSPITAL DE APOYO CHOTA - JOSE SOTO CADENILLAS";"242500";"HOSPITALIZACIÓN-PEDIATRÍA GENERAL-";"45";"48";"147";"140";"8";"248";"0"
"2023";"01";"190109";"PASCO";"PASCO";"SIMON BOLIVAR";"ESSALUD";"II-2";"00009747";"HOSPITAL II PASCO";"241800";"HOSPITALIZACIÓN DE MEDICINA MEDICINA GENERAL ";"44";"44";"250";"196";"12";"372";"0"
"2023";"01";"190109";"PASCO";"PASCO";"SIMON BOLIVAR";"ESSALUD";"II-2";"00009747";"HOSPITAL II PASCO";"250100";"UNIDAD DE CUIDADOS CRITICOS UNIDAD  DE CUIDADOS INTENSIVOS GENERALES (UCI) ";"1";"1";"3";"54";"3";"93";"1"
"2023";"01";"190109";"PASCO";"PASCO";"SIMON BOLIVAR";"ESSALUD";"II-2";"00009747";"HOSPITAL II PASCO";"240100";"HOSPITALIZACIÓN QUIRÚRGICA CIRUGÍA GENERAL ";"59";"59";"279";"322";"13";"403";"0"
"2023";"01";"190109";"PASCO";"PASCO";"SIMON BOLIVAR";"ESSALUD";"II-2";"00009747";"HOSPITAL II PASCO";"241400";"HOSPITALIZACIÓN QUIRÚRGICA GINECO - OBSTETRICIA ";"94";"94";"194";"192";"8";"248";"0"
"2023";"01";"190109";"PASCO";"PASCO";"SIMON BOLIVAR";"ESSALUD";"II-2";"00009747";"HOSPITAL II PASCO";"242300";"HOSPITALIZACIÓN DE PEDIATRÍA  PEDIATRÍA  GENERAL ";"51";"51";"112";"110";"7";"217";"1"
"2023";"01";"190109";"PASCO";"PASCO";"SIMON BOLIVAR";"ESSALUD";"II-2";"00009747";"HOSPITAL II PASCO";"243200";"HOSPITALIZACIÓN DE PEDIATRÍA PEDIATRIA NEONATOLOGÍA";"79";"79";"240";"226";"12";"372";"1"
"2023";"01";"150117";"LIMA";"LIMA";"LOS OLIVOS";"PRIVADO";"I-2";"00012429";"OFTALMOLOGICA WONG";"NE_0001";"";"NE_0001";"NE_0001";"NE_0001";"NE_0001";"NE_0001";"NE_0001";"NE_0001"
"2023";"01";"220101";"SAN MARTIN";"MOYOBAMBA";"MOYOBAMBA";"ESSALUD";"II-1";"00015598";"HOSPITAL I ALTO MAYO";"240100";"HOSPITALIZACIÓN QUIRÚRGICA CIRUGÍA GENERAL ";"70";"67";"233";"170";"6";"186";"0"
"2023";"01";"150141";"LIMA";"LIMA";"SURQUILLO";"SANIDAD DE LA POLICIA NACIONAL DEL PERU";"I-3";"00012822";"CENTRO ODONTOLOGICO PNP ANGAMOS";"NE_0001";"";"NE_0001";"NE_0001";"NE_0001";"NE_0001";"NE_0001";"NE_0001";"NE_0001"
"2023";"01";"060801";"CAJAMARCA";"JAEN";"JAEN";"ESSALUD";"II-1";"00010136";"HOSPITAL II-1 CLINICA JAEN";"241800";"HOSPITALIZACIÓN DE MEDICINA MEDICINA GENERAL ";"62";"41";"218";"312";"11";"332";"1"
"2023";"01";"060801";"CAJAMARCA";"JAEN";"JAEN";"ESSALUD";"II-1";"00010136";"HOSPITAL II-1 CLINICA JAEN";"240100";"HOSPITALIZACIÓN QUIRÚRGICA CIRUGÍA GENERAL ";"43";"41";"139";"140";"9";"201";"0"
"2023";"01";"060801";"CAJAMARCA";"JAEN";"JAEN";"ESSALUD";"II-1";"00010136";"HOSPITAL II-1 CLINICA JAEN";"241400";"HOSPITALIZACIÓN QUIRÚRGICA GINECO - OBSTETRICIA ";"72";"72";"156";"103";"6";"232";"0"
"2023";"01";"060801";"CAJAMARCA";"JAEN";"JAEN";"ESSALUD";"II-1";"00010136";"HOSPITAL II-1 CLINICA JAEN";"242300";"HOSPITALIZACIÓN DE PEDIATRÍA  PEDIATRÍA  GENERAL ";"76";"78";"130";"109";"6";"227";"0"
"2023";"01";"150131";"LIMA";"LIMA";"SAN ISIDRO";"PRIVADO";"II-2";"00009437";"CLINICA LIMATAMBO";"240000";"HOSPITALIZACIÓN";"124";"125";"387";"295";"38";"1178";"4"
"2023";"01";"120135";"JUNIN";"HUANCAYO";"SANTO DOMINGO DE ACOBAMBA";"GOBIERNO REGIONAL";"I-1";"00023381";"YANABAMBA";"NE_0001";"";"NE_0001";"NE_0001";"NE_0001";"NE_0001";"NE_0001";"NE_0001";"NE_0001"
"2023";"01";"120135";"JUNIN";"HUANCAYO";"SANTO DOMINGO DE ACOBAMBA";"GOBIERNO REGIONAL";"I-1";"00024779";"DURAZNO PATA";"NE_0001";"";"NE_0001";"NE_0001";"NE_0001";"NE_0001";"NE_0001";"NE_0001";"NE_0001"
"2023";"01";"120135";"JUNIN";"HUANCAYO";"SANTO DOMINGO DE ACOBAMBA";"GOBIERNO REGIONAL";"I-1";"00024780";"ROSASPAMPA";"NE_0001";"";"NE_0001";"NE_0001";"NE_0001";"NE_0001";"NE_0001";"NE_0001";"NE_0001"
"2023";"01";"120135";"JUNIN";"HUANCAYO";"SANTO DOMINGO DE ACOBAMBA";"GOBIERNO REGIONAL";"I-2";"00000669";"PUMABAMBA";"NE_0001";"";"NE_0001";"NE_0001";"NE_0001";"NE_0001";"NE_0001";"NE_0001";"NE_0001"
"2023";"01";"120135";"JUNIN";"HUANCAYO";"SANTO DOMINGO DE ACOBAMBA";"GOBIERNO REGIONAL";"I-1";"00000670";"SANTA ROSA DE ASTILLERIA";"NE_0001";"";"NE_0001";"NE_0001";"NE_0001";"NE_0001";"NE_0001";"NE_0001";"NE_0001"
"2023";"01";"120205";"JUNIN";"CONCEPCION";"COCHAS";"GOBIERNO REGIONAL";"I-1";"00019792";"ANDAS";"NE_0001";"";"NE_0001";"NE_0001";"NE_0001";"NE_0001";"NE_0001";"NE_0001";"NE_0001"
"2023";"01";"120205";"JUNIN";"CONCEPCION";"COCHAS";"GOBIERNO REGIONAL";"I-1";"00019794";"SAN FRANCISCO DE MACON";"NE_0001";"";"NE_0001";"NE_0001";"NE_0001";"NE_0001";"NE_0001";"NE_0001";"NE_0001"
"2023";"01";"120203";"JUNIN";"CONCEPCION";"ANDAMARCA";"GOBIERNO REGIONAL";"I-2";"00000672";"ANDAMARCA";"NE_0001";"";"NE_0001";"NE_0001";"NE_0001";"NE_0001";"NE_0001";"NE_0001";"NE_0001"
"2023";"01";"120206";"JUNIN";"CONCEPCION";"COMAS";"GOBIERNO REGIONAL";"I-2";"00000679";"CANCHAPALCA";"NE_0001";"";"NE_0001";"NE_0001";"NE_0001";"NE_0001";"NE_0001";"NE_0001";"NE_0001"
"2023";"01";"120206";"JUNIN";"CONCEPCION";"COMAS";"GOBIERNO REGIONAL";"I-2";"00000680";"RACRACALLA";"NE_0001";"";"NE_0001";"NE_0001";"NE_0001";"NE_0001";"NE_0001";"NE_0001";"NE_0001"
"2023";"01";"120206";"JUNIN";"CONCEPCION";"COMAS";"GOBIERNO REGIONAL";"I-1";"00000681";"POMAMANTA";"NE_0001";"";"NE_0001";"NE_0001";"NE_0001";"NE_0001";"NE_0001";"NE_0001";"NE_0001"
"2023";"01";"120206";"JUNIN";"CONCEPCION";"COMAS";"GOBIERNO REGIONAL";"I-1";"00000683";"PUQUIAN";"NE_0001";"";"NE_0001";"NE_0001";"NE_0001";"NE_0001";"NE_0001";"NE_0001";"NE_0001"
"2023";"01";"120601";"JUNIN";"SATIPO";"SATIPO";"GOBIERNO REGIONAL";"I-2";"00000479";"SANTO DOMINGO DE MARANKIARI";"NE_0001";"";"NE_0001";"NE_0001";"NE_0001";"NE_0001";"NE_0001";"NE_0001";"NE_0001"
"2023";"01";"120601";"JUNIN";"SATIPO";"SATIPO";"GOBIERNO REGIONAL";"I-1";"00000484";"ALTO PAURELI";"NE_0001";"";"NE_0001";"NE_0001";"NE_0001";"NE_0001";"NE_0001";"NE_0001";"NE_0001"
"2023";"01";"120607";"JUNIN";"SATIPO";"RIO NEGRO";"GOBIERNO REGIONAL";"I-3";"00000495";"RIO NEGRO";"NE_0001";"";"NE_0001";"NE_0001";"NE_0001";"NE_0001";"NE_0001";"NE_0001";"NE_0001"
"2023";"01";"120607";"JUNIN";"SATIPO";"RIO NEGRO";"GOBIERNO REGIONAL";"I-2";"00000505";"SAN JUAN DE CHENI";"NE_0001";"";"NE_0001";"NE_0001";"NE_0001";"NE_0001";"NE_0001";"NE_0001";"NE_0001"
"2023";"01";"150115";"LIMA";"LIMA";"LA VICTORIA";"ESSALUD";"III-2";"00009251";"HOSPITAL NACIONAL GUILLERMO ALMENARA IRIGOYEN";"244000";"HOSPITALIZACIÓN DE MEDICINA CARDIOLOGIA ";"46";"34";"215";"200";"7";"217";"1"
"2023";"01";"150115";"LIMA";"LIMA";"LA VICTORIA";"ESSALUD";"III-2";"00009251";"HOSPITAL NACIONAL GUILLERMO ALMENARA IRIGOYEN";"240200";"HOSPITALIZACIÓN QUIRÚRGICA CIRUGÍA DE CABEZA Y CUELLO / MÁXILO FACIAL ";"48";"46";"339";"362";"12";"372";"0"
"2023";"01";"150115";"LIMA";"LIMA";"LA VICTORIA";"ESSALUD";"III-2";"00009251";"HOSPITAL NACIONAL GUILLERMO ALMENARA IRIGOYEN";"250101";"UNIDAD DE CUIDADOS CRITICOS UNIDAD  DE CUIDADOS INTENSIVOS GENERALES (UCI) CARDIOLOGIA";"26";"5";"88";"210";"7";"217";"3"
"2023";"01";"150115";"LIMA";"LIMA";"LA VICTORIA";"ESSALUD";"III-2";"00009251";"HOSPITAL NACIONAL GUILLERMO ALMENARA IRIGOYEN";"250200";"UNIDAD DE CUIDADOS CRITICOS UNIDAD DE CUIDADOS INTERMEDIOS GENERAL  (UCIN) ";"23";"45";"426";"260";"9";"279";"0"
"2023";"01";"150115";"LIMA";"LIMA";"LA VICTORIA";"ESSALUD";"III-2";"00009251";"HOSPITAL NACIONAL GUILLERMO ALMENARA IRIGOYEN";"244100";"HOSPITALIZACIÓN DE MEDICINA DERMATOLOGÍA    ";"31";"24";"299";"328";"11";"341";"0"
"2023";"01";"150115";"LIMA";"LIMA";"LA VICTORIA";"ESSALUD";"III-2";"00009251";"HOSPITAL NACIONAL GUILLERMO ALMENARA IRIGOYEN";"244200";"HOSPITALIZACIÓN DE MEDICINA ENDOCRINOLOGIA ";"12";"11";"258";"287";"10";"310";"0"
"2023";"01";"150115";"LIMA";"LIMA";"LA VICTORIA";"ESSALUD";"III-2";"00009251";"HOSPITAL NACIONAL GUILLERMO ALMENARA IRIGOYEN";"241200";"HOSPITALIZACIÓN QUIRÚRGICA TRAUMATOLOGÍA Y ORTOPEDIA ";"37";"37";"267";"253";"9";"279";"0"
"2023";"01";"150115";"LIMA";"LIMA";"LA VICTORIA";"ESSALUD";"III-2";"00009251";"HOSPITAL NACIONAL GUILLERMO ALMENARA IRIGOYEN";"244300";"HOSPITALIZACIÓN DE MEDICINA GASTROENTEROLOGÍA  ";"53";"42";"988";"905";"30";"930";"4"
"2023";"01";"150115";"LIMA";"LIMA";"LA VICTORIA";"ESSALUD";"III-2";"00009251";"HOSPITAL NACIONAL GUILLERMO ALMENARA IRIGOYEN";"244400";"HOSPITALIZACIÓN DE MEDICINA GERIATRIA ";"29";"30";"639";"525";"18";"527";"4"
"2023";"01";"150115";"LIMA";"LIMA";"LA VICTORIA";"ESSALUD";"III-2";"00009251";"HOSPITAL NACIONAL GUILLERMO ALMENARA IRIGOYEN";"244500";"HOSPITALIZACIÓN DE MEDICINA HEMATOLOGÍA ";"6";"9";"145";"334";"11";"341";"0"
"2023";"01";"150115";"LIMA";"LIMA";"LA VICTORIA";"ESSALUD";"III-2";"00009251";"HOSPITAL NACIONAL GUILLERMO ALMENARA IRIGOYEN";"244500";"HOSPITALIZACIÓN DE MEDICINA HEMATOLOGÍA ";"17";"17";"278";"307";"10";"310";"0"
"2023";"01";"150115";"LIMA";"LIMA";"LA VICTORIA";"ESSALUD";"III-2";"00009251";"HOSPITAL NACIONAL GUILLERMO ALMENARA IRIGOYEN";"241900";"HOSPITALIZACIÓN DE MEDICINA MEDICINA INTERNA ";"24";"37";"1193";"943";"31";"961";"3"
"2023";"01";"150115";"LIMA";"LIMA";"LA VICTORIA";"ESSALUD";"III-2";"00009251";"HOSPITAL NACIONAL GUILLERMO ALMENARA IRIGOYEN";"241900";"HOSPITALIZACIÓN DE MEDICINA MEDICINA INTERNA ";"59";"39";"1174";"1251";"41";"1271";"6"
"2023";"01";"150115";"LIMA";"LIMA";"LA VICTORIA";"ESSALUD";"III-2";"00009251";"HOSPITAL NACIONAL GUILLERMO ALMENARA IRIGOYEN";"241900";"HOSPITALIZACIÓN DE MEDICINA MEDICINA INTERNA ";"341";"265";"3872";"5054";"164";"5084";"23"
"2023";"01";"150115";"LIMA";"LIMA";"LA VICTORIA";"ESSALUD";"III-2";"00009251";"HOSPITAL NACIONAL GUILLERMO ALMENARA IRIGOYEN";"241900";"HOSPITALIZACIÓN DE MEDICINA MEDICINA INTERNA ";"47";"53";"708";"985";"32";"992";"5"
"2023";"01";"150115";"LIMA";"LIMA";"LA VICTORIA";"ESSALUD";"III-2";"00009251";"HOSPITAL NACIONAL GUILLERMO ALMENARA IRIGOYEN";"244600";"HOSPITALIZACIÓN DE MEDICINA NEFROLOGIA ";"78";"71";"818";"853";"28";"868";"1"
"2023";"01";"150115";"LIMA";"LIMA";"LA VICTORIA";"ESSALUD";"III-2";"00009251";"HOSPITAL NACIONAL GUILLERMO ALMENARA IRIGOYEN";"245300";"HOSPITALIZACIÓN DE MEDICINA NEUMOLOGÍA  ";"35";"35";"617";"518";"17";"527";"0"
"2023";"01";"150115";"LIMA";"LIMA";"LA VICTORIA";"ESSALUD";"III-2";"00009251";"HOSPITAL NACIONAL GUILLERMO ALMENARA IRIGOYEN";"250200";"UNIDAD DE CUIDADOS CRITICOS UNIDAD DE CUIDADOS INTERMEDIOS GENERAL  (UCIN) ";"13";"11";"133";"175";"6";"186";"2"
"2023";"01";"150115";"LIMA";"LIMA";"LA VICTORIA";"ESSALUD";"III-2";"00009251";"HOSPITAL NACIONAL GUILLERMO ALMENARA IRIGOYEN";"244700";"HOSPITALIZACIÓN DE MEDICINA NEUROLOGIA  ";"31";"32";"511";"578";"19";"589";"3"
"2023";"01";"150115";"LIMA";"LIMA";"LA VICTORIA";"ESSALUD";"III-2";"00009251";"HOSPITAL NACIONAL GUILLERMO ALMENARA IRIGOYEN";"242100";"HOSPITALIZACIÓN DE MEDICINA ONCOLOGÍA MÉDICA ";"128";"131";"769";"576";"19";"589";"0"
"2023";"01";"150115";"LIMA";"LIMA";"LA VICTORIA";"ESSALUD";"III-2";"00009251";"HOSPITAL NACIONAL GUILLERMO ALMENARA IRIGOYEN";"242100";"HOSPITALIZACIÓN DE MEDICINA ONCOLOGÍA MÉDICA ";"11";"8";"139";"289";"10";"310";"0"
"2023";"01";"150115";"LIMA";"LIMA";"LA VICTORIA";"ESSALUD";"III-2";"00009251";"HOSPITAL NACIONAL GUILLERMO ALMENARA IRIGOYEN";"242202";"HOSPITALIZACIÓN DE MEDICINA PSIQUIATRÍA PSIQUIATRÍA DEL ADULTO Y GERONTE";"26";"25";"563";"542";"18";"558";"0"
"2023";"01";"150115";"LIMA";"LIMA";"LA VICTORIA";"ESSALUD";"III-2";"00009251";"HOSPITAL NACIONAL GUILLERMO ALMENARA IRIGOYEN";"242203";"HOSPITALIZACIÓN DE MEDICINA PSIQUIATRÍA PSIQUIATRÍA DEL NIÑO Y DEL ADOLESCENTE";"16";"18";"243";"204";"7";"217";"0"
"2023";"01";"150115";"LIMA";"LIMA";"LA VICTORIA";"ESSALUD";"III-2";"00009251";"HOSPITAL NACIONAL GUILLERMO ALMENARA IRIGOYEN";"242205";"HOSPITALIZACIÓN MEDICINA PSIQUIATRÍA PISIQUIATRIA/ SALUD MENTAL Y ADICCIONES";"4";"4";"85";"85";"3";"93";"0"
"2023";"01";"150115";"LIMA";"LIMA";"LA VICTORIA";"ESSALUD";"III-2";"00009251";"HOSPITAL NACIONAL GUILLERMO ALMENARA IRIGOYEN";"245500";"HOSPITALIZACIÓN DE MEDICINA REUMATOLOGÍA    ";"15";"14";"379";"271";"9";"279";"0"
"2023";"01";"150115";"LIMA";"LIMA";"LA VICTORIA";"ESSALUD";"III-2";"00009251";"HOSPITAL NACIONAL GUILLERMO ALMENARA IRIGOYEN";"250100";"UNIDAD DE CUIDADOS CRITICOS UNIDAD  DE CUIDADOS INTENSIVOS GENERALES (UCI) ";"14";"8";"182";"360";"12";"372";"12"
"2023";"01";"150115";"LIMA";"LIMA";"LA VICTORIA";"ESSALUD";"III-2";"00009251";"HOSPITAL NACIONAL GUILLERMO ALMENARA IRIGOYEN";"250100";"UNIDAD DE CUIDADOS CRITICOS UNIDAD  DE CUIDADOS INTENSIVOS GENERALES (UCI) ";"6";"4";"138";"452";"15";"465";"2"
"2023";"01";"150115";"LIMA";"LIMA";"LA VICTORIA";"ESSALUD";"III-2";"00009251";"HOSPITAL NACIONAL GUILLERMO ALMENARA IRIGOYEN";"250100";"UNIDAD DE CUIDADOS CRITICOS UNIDAD  DE CUIDADOS INTENSIVOS GENERALES (UCI) ";"4";"5";"221";"221";"8";"248";"0"
"2023";"01";"150115";"LIMA";"LIMA";"LA VICTORIA";"ESSALUD";"III-2";"00009251";"HOSPITAL NACIONAL GUILLERMO ALMENARA IRIGOYEN";"240400";"HOSPITALIZACIÓN QUIRÚRGICA CIRUGÍA DE TÓRAX Y CARDIOVASCULAR ";"22";"4";"18";"89";"3";"93";"0"
"2023";"01";"150115";"LIMA";"LIMA";"LA VICTORIA";"ESSALUD";"III-2";"00009251";"HOSPITAL NACIONAL GUILLERMO ALMENARA IRIGOYEN";"250111";"UNIDAD DE CUIDADOS CRITICOS UNIDAD  DE CUIDADOS INTENSIVOS  (UCI) CARDIOVASCULAR";"1";"7";"132";"155";"5";"155";"3"
"2023";"01";"150115";"LIMA";"LIMA";"LA VICTORIA";"ESSALUD";"III-2";"00009251";"HOSPITAL NACIONAL GUILLERMO ALMENARA IRIGOYEN";"250200";"UNIDAD DE CUIDADOS CRITICOS UNIDAD DE CUIDADOS INTERMEDIOS GENERAL  (UCIN) ";"7";"27";"264";"95";"4";"124";"0"
"2023";"01";"150115";"LIMA";"LIMA";"LA VICTORIA";"ESSALUD";"III-2";"00009251";"HOSPITAL NACIONAL GUILLERMO ALMENARA IRIGOYEN";"240400";"HOSPITALIZACIÓN QUIRÚRGICA CIRUGÍA DE TÓRAX Y CARDIOVASCULAR ";"45";"37";"327";"300";"10";"310";"0"
"2023";"01";"150115";"LIMA";"LIMA";"LA VICTORIA";"ESSALUD";"III-2";"00009251";"HOSPITAL NACIONAL GUILLERMO ALMENARA IRIGOYEN";"240300";"HOSPITALIZACIÓN QUIRÚRGICA CIRUGÍA DIGESTIVA ";"16";"22";"359";"287";"10";"310";"0"
"2023";"01";"150115";"LIMA";"LIMA";"LA VICTORIA";"ESSALUD";"III-2";"00009251";"HOSPITAL NACIONAL GUILLERMO ALMENARA IRIGOYEN";"240300";"HOSPITALIZACIÓN QUIRÚRGICA CIRUGÍA DIGESTIVA ";"34";"43";"600";"299";"10";"310";"0"
"2023";"01";"150115";"LIMA";"LIMA";"LA VICTORIA";"ESSALUD";"III-2";"00009251";"HOSPITAL NACIONAL GUILLERMO ALMENARA IRIGOYEN";"240300";"HOSPITALIZACIÓN QUIRÚRGICA CIRUGÍA DIGESTIVA ";"30";"32";"541";"539";"18";"558";"0"
"2023";"01";"150115";"LIMA";"LIMA";"LA VICTORIA";"ESSALUD";"III-2";"00009251";"HOSPITAL NACIONAL GUILLERMO ALMENARA IRIGOYEN";"240300";"HOSPITALIZACIÓN QUIRÚRGICA CIRUGÍA DIGESTIVA ";"37";"27";"307";"390";"13";"403";"0"
"2023";"01";"150115";"LIMA";"LIMA";"LA VICTORIA";"ESSALUD";"III-2";"00009251";"HOSPITAL NACIONAL GUILLERMO ALMENARA IRIGOYEN";"240300";"HOSPITALIZACIÓN QUIRÚRGICA CIRUGÍA DIGESTIVA ";"108";"115";"807";"690";"23";"713";"3"
"2023";"01";"150115";"LIMA";"LIMA";"LA VICTORIA";"ESSALUD";"III-2";"00009251";"HOSPITAL NACIONAL GUILLERMO ALMENARA IRIGOYEN";"240801";"HOSPITALIZACIÓN QUIRÚRGICA CIRUGÍA PLÁSTICA/RECONSTRUCTIVA/ REPARADORA QUEMADOS";"13";"20";"183";"139";"5";"155";"0"
"2023";"01";"150115";"LIMA";"LIMA";"LA VICTORIA";"ESSALUD";"III-2";"00009251";"HOSPITAL NACIONAL GUILLERMO ALMENARA IRIGOYEN";"250400";"UNIDAD DE CUIDADOS CRITICOS UNIDAD DE QUEMADOS (GRAN QUEMADO) ";"2";"1";"32";"52";"2";"62";"0"
"2023";"01";"150115";"LIMA";"LIMA";"LA VICTORIA";"ESSALUD";"III-2";"00009251";"HOSPITAL NACIONAL GUILLERMO ALMENARA IRIGOYEN";"250200";"UNIDAD DE CUIDADOS CRITICOS UNIDAD DE CUIDADOS INTERMEDIOS GENERAL  (UCIN) ";"13";"8";"142";"200";"7";"217";"0"
"2023";"01";"150115";"LIMA";"LIMA";"LA VICTORIA";"ESSALUD";"III-2";"00009251";"HOSPITAL NACIONAL GUILLERMO ALMENARA IRIGOYEN";"240900";"HOSPITALIZACIÓN QUIRÚRGICA NEUROCIRUGÍA ";"27";"29";"386";"287";"10";"310";"0"
"2023";"01";"150115";"LIMA";"LIMA";"LA VICTORIA";"ESSALUD";"III-2";"00009251";"HOSPITAL NACIONAL GUILLERMO ALMENARA IRIGOYEN";"250107";"UNIDAD DE CUIDADOS CRITICOS UNIDAD  DE CUIDADOS INTENSIVOS  (UCI) NEUROQUIRÚRGICA";"1";"0";"0";"64";"3";"93";"0"
"2023";"01";"150115";"LIMA";"LIMA";"LA VICTORIA";"ESSALUD";"III-2";"00009251";"HOSPITAL NACIONAL GUILLERMO ALMENARA IRIGOYEN";"250200";"UNIDAD DE CUIDADOS CRITICOS UNIDAD DE CUIDADOS INTERMEDIOS GENERAL  (UCIN) ";"1";"2";"33";"67";"3";"93";"0"
"2023";"01";"150115";"LIMA";"LIMA";"LA VICTORIA";"ESSALUD";"III-2";"00009251";"HOSPITAL NACIONAL GUILLERMO ALMENARA IRIGOYEN";"240900";"HOSPITALIZACIÓN QUIRÚRGICA NEUROCIRUGÍA ";"28";"29";"323";"296";"10";"310";"0"
"2023";"01";"150115";"LIMA";"LIMA";"LA VICTORIA";"ESSALUD";"III-2";"00009251";"HOSPITAL NACIONAL GUILLERMO ALMENARA IRIGOYEN";"250107";"UNIDAD DE CUIDADOS CRITICOS UNIDAD  DE CUIDADOS INTENSIVOS  (UCI) NEUROQUIRÚRGICA";"0";"0";"0";"159";"6";"186";"0"
"2023";"01";"150115";"LIMA";"LIMA";"LA VICTORIA";"ESSALUD";"III-2";"00009251";"HOSPITAL NACIONAL GUILLERMO ALMENARA IRIGOYEN";"250200";"UNIDAD DE CUIDADOS CRITICOS UNIDAD DE CUIDADOS INTERMEDIOS GENERAL  (UCIN) ";"1";"4";"35";"119";"4";"124";"0"
"2023";"01";"150115";"LIMA";"LIMA";"LA VICTORIA";"ESSALUD";"III-2";"00009251";"HOSPITAL NACIONAL GUILLERMO ALMENARA IRIGOYEN";"240900";"HOSPITALIZACIÓN QUIRÚRGICA NEUROCIRUGÍA ";"32";"30";"151";"77";"3";"93";"0"
"2023";"01";"150132";"LIMA";"LIMA";"SAN JUAN DE LURIGANCHO";"PRIVADO";"I-2";"00024750";"ARIE";"NE_0002";"";"NE_0002";"NE_0002";"NE_0002";"NE_0002";"NE_0002";"NE_0002";"NE_0002"
"2023";"01";"220105";"SAN MARTIN";"MOYOBAMBA";"SORITOR";"GOBIERNO REGIONAL";"I-1";"00006335";"JERICOB";"NE_0001";"";"NE_0001";"NE_0001";"NE_0001";"NE_0001";"NE_0001";"NE_0001";"NE_0001"
"2023";"01";"220105";"SAN MARTIN";"MOYOBAMBA";"SORITOR";"GOBIERNO REGIONAL";"I-1";"00006334";"ALTO SAN MARTIN";"NE_0001";"";"NE_0001";"NE_0001";"NE_0001";"NE_0001";"NE_0001";"NE_0001";"NE_0001"
"2023";"01";"120114";"JUNIN";"HUANCAYO";"EL TAMBO";"GOBIERNO REGIONAL";"I-2";"00000713";"BATANYACU";"NE_0002";"";"NE_0002";"NE_0002";"NE_0002";"NE_0002";"NE_0002";"NE_0002";"NE_0002"
"2023";"01";"120117";"JUNIN";"HUANCAYO";"HUALHUAS";"GOBIERNO REGIONAL";"I-2";"00000718";"HUALHUAS";"NE_0002";"";"NE_0002";"NE_0002";"NE_0002";"NE_0002";"NE_0002";"NE_0002";"NE_0002"
"2023";"01";"120129";"JUNIN";"HUANCAYO";"SAN AGUSTIN";"GOBIERNO REGIONAL";"I-1";"00000723";"COILLOR";"NE_0002";"";"NE_0002";"NE_0002";"NE_0002";"NE_0002";"NE_0002";"NE_0002";"NE_0002"
"2023";"01";"120132";"JUNIN";"HUANCAYO";"SAÑO";"GOBIERNO REGIONAL";"I-2";"00000725";"SAN PEDRO DE SAÑO";"NE_0002";"";"NE_0002";"NE_0002";"NE_0002";"NE_0002";"NE_0002";"NE_0002";"NE_0002"
"2023";"01";"120130";"JUNIN";"HUANCAYO";"SAN JERONIMO DE TUNAN";"GOBIERNO REGIONAL";"I-3";"00000724";"SAN JERONIMO";"NE_0002";"";"NE_0002";"NE_0002";"NE_0002";"NE_0002";"NE_0002";"NE_0002";"NE_0002"
"2023";"01";"120114";"JUNIN";"HUANCAYO";"EL TAMBO";"GOBIERNO REGIONAL";"I-1";"00000706";"SAÑOS GRANDE";"NE_0002";"";"NE_0002";"NE_0002";"NE_0002";"NE_0002";"NE_0002";"NE_0002";"NE_0002"
"2023";"01";"120114";"JUNIN";"HUANCAYO";"EL TAMBO";"GOBIERNO REGIONAL";"I-1";"00000716";"HUALAHOYO";"NE_0002";"";"NE_0002";"NE_0002";"NE_0002";"NE_0002";"NE_0002";"NE_0002";"NE_0002"
"2023";"01";"120125";"JUNIN";"HUANCAYO";"PILCOMAYO";"GOBIERNO REGIONAL";"I-3";"00000719";"PILCOMAYO";"NE_0002";"";"NE_0002";"NE_0002";"NE_0002";"NE_0002";"NE_0002";"NE_0002";"NE_0002"
"2023";"01";"120134";"JUNIN";"HUANCAYO";"SICAYA";"GOBIERNO REGIONAL";"I-3";"00000726";"SICAYA";"NE_0002";"";"NE_0002";"NE_0002";"NE_0002";"NE_0002";"NE_0002";"NE_0002";"NE_0002"
"2023";"01";"120114";"JUNIN";"HUANCAYO";"EL TAMBO";"GOBIERNO REGIONAL";"I-1";"00000733";"CULLPA";"NE_0002";"";"NE_0002";"NE_0002";"NE_0002";"NE_0002";"NE_0002";"NE_0002";"NE_0002"
"2023";"01";"120114";"JUNIN";"HUANCAYO";"EL TAMBO";"GOBIERNO REGIONAL";"I-1";"00000712";"AZA";"NE_0002";"";"NE_0002";"NE_0002";"NE_0002";"NE_0002";"NE_0002";"NE_0002";"NE_0002"
"2023";"01";"150140";"LIMA";"LIMA";"SANTIAGO DE SURCO";"PRIVADO";"II-2";"00009989";"CLINICA PADRE LUIS TEZZA";"240000";"HOSPITALIZACIÓN";"290";"257";"1350";"1263";"89";"2759";"6"
"2023";"01";"061103";"CAJAMARCA";"SAN MIGUEL";"CALQUIS";"GOBIERNO REGIONAL";"I-1";"00019286";"GORDILLOS";"NE_0001";"";"NE_0001";"NE_0001";"NE_0001";"NE_0001";"NE_0001";"NE_0001";"NE_0001"
"2023";"01";"061103";"CAJAMARCA";"SAN MIGUEL";"CALQUIS";"GOBIERNO REGIONAL";"I-2";"00004576";"CALQUIS";"NE_0001";"";"NE_0001";"NE_0001";"NE_0001";"NE_0001";"NE_0001";"NE_0001";"NE_0001"
"2023";"01";"061107";"CAJAMARCA";"SAN MIGUEL";"LLAPA";"GOBIERNO REGIONAL";"I-1";"00006809";"PAMPA LA CALZADA";"NE_0001";"";"NE_0001";"NE_0001";"NE_0001";"NE_0001";"NE_0001";"NE_0001";"NE_0001"
"2023";"01";"061101";"CAJAMARCA";"SAN MIGUEL";"SAN MIGUEL";"GOBIERNO REGIONAL";"I-4";"00004561";"SAN MIGUEL";"241800";"HOSPITALIZACIÓN DE MEDICINA MEDICINA GENERAL ";"18";"21";"56";"42";"6";"186";"01"
"2023";"01";"061101";"CAJAMARCA";"SAN MIGUEL";"SAN MIGUEL";"GOBIERNO REGIONAL";"I-4";"00004561";"SAN MIGUEL";"241600";"HOSPITALIZACIÓN QUIRÚRGICA OBSTETRICIA   ";"NE_0002";"NE_0002";"NE_0002";"NE_0002";"4";"120";"NE_0002"
"2023";"01";"061101";"CAJAMARCA";"SAN MIGUEL";"SAN MIGUEL";"GOBIERNO REGIONAL";"I-4";"00004561";"SAN MIGUEL";"241500";"HOSPITALIZACIÓN QUIRÚRGICA GINECOLOGÍA  ";"11";"11";"18";"26";"4";"124";"NE_0002"
"2023";"01";"061103";"CAJAMARCA";"SAN MIGUEL";"CALQUIS";"GOBIERNO REGIONAL";"I-1";"00004570";"TAULIS";"NE_0001";"";"NE_0001";"NE_0001";"NE_0001";"NE_0001";"NE_0001";"NE_0001";"NE_0001"
"2023";"01";"061101";"CAJAMARCA";"SAN MIGUEL";"SAN MIGUEL";"GOBIERNO REGIONAL";"I-1";"00004572";"SANTA ROSA";"NE_0001";"";"NE_0001";"NE_0001";"NE_0001";"NE_0001";"NE_0001";"NE_0001";"NE_0001"
"2023";"01";"061101";"CAJAMARCA";"SAN MIGUEL";"SAN MIGUEL";"GOBIERNO REGIONAL";"I-1";"00004574";"TAYAPAMPA";"NE_0001";"";"NE_0001";"NE_0001";"NE_0001";"NE_0001";"NE_0001";"NE_0001";"NE_0001"
"2023";"01";"061101";"CAJAMARCA";"SAN MIGUEL";"SAN MIGUEL";"GOBIERNO REGIONAL";"I-1";"00008996";"CHUAD";"NE_0001";"";"NE_0001";"NE_0001";"NE_0001";"NE_0001";"NE_0001";"NE_0001";"NE_0001"
"2023";"01";"061113";"CAJAMARCA";"SAN MIGUEL";"UNION AGUA BLANCA";"GOBIERNO REGIONAL";"I-2";"00004546";"UNION AGUA BLANCA";"NE_0001";"";"NE_0001";"NE_0001";"NE_0001";"NE_0001";"NE_0001";"NE_0001";"NE_0001"
"2023";"01";"061101";"CAJAMARCA";"SAN MIGUEL";"SAN MIGUEL";"GOBIERNO REGIONAL";"I-1";"00004571";"NITISUYO ALTO";"NE_0001";"";"NE_0001";"NE_0001";"NE_0001";"NE_0001";"NE_0001";"NE_0001";"NE_0001"
"2023";"01";"061105";"CAJAMARCA";"SAN MIGUEL";"EL PRADO";"GOBIERNO REGIONAL";"I-2";"00004575";"EL PRADO";"NE_0001";"";"NE_0001";"NE_0001";"NE_0001";"NE_0001";"NE_0001";"NE_0001";"NE_0001"
"2023";"01";"061101";"CAJAMARCA";"SAN MIGUEL";"SAN MIGUEL";"GOBIERNO REGIONAL";"I-1";"00019285";"CHIAPON";"NE_0001";"";"NE_0001";"NE_0001";"NE_0001";"NE_0001";"NE_0001";"NE_0001";"NE_0001"
"2023";"01";"061105";"CAJAMARCA";"SAN MIGUEL";"EL PRADO";"GOBIERNO REGIONAL";"I-2";"00004573";"LAMASPAMPA";"NE_0001";"";"NE_0001";"NE_0001";"NE_0001";"NE_0001";"NE_0001";"NE_0001";"NE_0001"
"2023";"01";"061105";"CAJAMARCA";"SAN MIGUEL";"EL PRADO";"GOBIERNO REGIONAL";"I-1";"00008995";"LAS PENCAS";"NE_0001";"";"NE_0001";"NE_0001";"NE_0001";"NE_0001";"NE_0001";"NE_0001";"NE_0001"
"2023";"01";"060801";"CAJAMARCA";"JAEN";"JAEN";"GOBIERNO REGIONAL";"I-1";"00004220";"PALMA CENTRAL";"NE_0001";"";"NE_0001";"NE_0001";"NE_0001";"NE_0001";"NE_0001";"NE_0001";"NE_0001"
"2023";"01";"060801";"CAJAMARCA";"JAEN";"JAEN";"GOBIERNO REGIONAL";"I-4";"00004211";"MORRO SOLAR";"241800";"HOSPITALIZACIÓN DE MEDICINA MEDICINA GENERAL ";"53";"51";"74";"53";"8";"166";"0"
"2023";"01";"060801";"CAJAMARCA";"JAEN";"JAEN";"GOBIERNO REGIONAL";"I-3";"00025207";"CENTRO DE SALUD MENTAL COMUNITARIO JAEN";"NE_0001";"";"NE_0001";"NE_0001";"NE_0001";"NE_0001";"NE_0001";"NE_0001";"NE_0001"
"2023";"01";"060801";"CAJAMARCA";"JAEN";"JAEN";"GOBIERNO REGIONAL";"I-1";"00004214";"LAS NARANJAS";"NE_0001";"";"NE_0001";"NE_0001";"NE_0001";"NE_0001";"NE_0001";"NE_0001";"NE_0001"
"2023";"01";"060801";"CAJAMARCA";"JAEN";"JAEN";"GOBIERNO REGIONAL";"I-1";"00007024";"SAN MARTIN DE PORRES";"NE_0001";"";"NE_0001";"NE_0001";"NE_0001";"NE_0001";"NE_0001";"NE_0001";"NE_0001"
"2023";"01";"060801";"CAJAMARCA";"JAEN";"JAEN";"GOBIERNO REGIONAL";"I-1";"00004221";"VALILLO";"NE_0001";"";"NE_0001";"NE_0001";"NE_0001";"NE_0001";"NE_0001";"NE_0001";"NE_0001"
"2023";"01";"060801";"CAJAMARCA";"JAEN";"JAEN";"GOBIERNO REGIONAL";"I-2";"00025858";"NUEVO HORIZONTE";"NE_0001";"";"NE_0001";"NE_0001";"NE_0001";"NE_0001";"NE_0001";"NE_0001";"NE_0001"
"2023";"01";"210501";"PUNO";"EL COLLAO";"ILAVE";"GOBIERNO REGIONAL";"II-1";"00003032";"ILAVE";"240100";"HOSPITALIZACIÓN QUIRÚRGICA CIRUGÍA GENERAL ";"9";"9";"35";"44";"5";"155";"0"
"2023";"01";"210501";"PUNO";"EL COLLAO";"ILAVE";"GOBIERNO REGIONAL";"II-1";"00003032";"ILAVE";"241500";"HOSPITALIZACIÓN QUIRÚRGICA GINECOLOGÍA  ";"1";"1";"2";"3";"1";"31";"0"
"2023";"01";"210501";"PUNO";"EL COLLAO";"ILAVE";"GOBIERNO REGIONAL";"II-1";"00003032";"ILAVE";"241600";"HOSPITALIZACIÓN QUIRÚRGICA OBSTETRICIA   ";"83";"82";"164";"247";"13";"403";"0"
"2023";"01";"210501";"PUNO";"EL COLLAO";"ILAVE";"GOBIERNO REGIONAL";"II-1";"00003032";"ILAVE";"241800";"HOSPITALIZACIÓN DE MEDICINA MEDICINA GENERAL ";"14";"16";"98";"112";"16";"496";"0"
"2023";"01";"210501";"PUNO";"EL COLLAO";"ILAVE";"GOBIERNO REGIONAL";"II-1";"00003032";"ILAVE";"242500";"HOSPITALIZACIÓN-PEDIATRÍA GENERAL-";"6";"7";"40";"46";"3";"93";"0"
"2023";"01";"210501";"PUNO";"EL COLLAO";"ILAVE";"GOBIERNO REGIONAL";"II-1";"00003032";"ILAVE";"243200";"HOSPITALIZACIÓN DE PEDIATRÍA PEDIATRIA NEONATOLOGÍA";"3";"3";"11";"14";"2";"62";"0"
"2023";"01";"021801";"ANCASH";"SANTA";"CHIMBOTE";"PRIVADO";"II-1";"00010987";"INSTITUTO MEDICO ESPECIALIZADO UROGINEC EIRL";"240000";"HOSPITALIZACIÓN";"24";"19";"25";"24";"7";"217";"0"
"2023";"01";"220506";"SAN MARTIN";"LAMAS";"PINTO RECODO";"GOBIERNO REGIONAL";"I-1";"00006344";"LA LIBERTAD BAJO MAYO";"NE_0001";"";"NE_0001";"NE_0001";"NE_0001";"NE_0001";"NE_0001";"NE_0001";"NE_0001"
"2023";"01";"220502";"SAN MARTIN";"LAMAS";"ALONSO DE ALVARADO";"GOBIERNO REGIONAL";"I-1";"00006351";"SAN JUAN DE PACAYZAPA";"NE_0001";"";"NE_0001";"NE_0001";"NE_0001";"NE_0001";"NE_0001";"NE_0001";"NE_0001"
"2023";"01";"220506";"SAN MARTIN";"LAMAS";"PINTO RECODO";"GOBIERNO REGIONAL";"I-1";"00006343";"GOSEN";"NE_0001";"";"NE_0001";"NE_0001";"NE_0001";"NE_0001";"NE_0001";"NE_0001";"NE_0001"
"2023";"01";"220506";"SAN MARTIN";"LAMAS";"PINTO RECODO";"GOBIERNO REGIONAL";"I-1";"00006347";"VENCEDOR";"NE_0001";"";"NE_0001";"NE_0001";"NE_0001";"NE_0001";"NE_0001";"NE_0001";"NE_0001"
"2023";"01";"220502";"SAN MARTIN";"LAMAS";"ALONSO DE ALVARADO";"GOBIERNO REGIONAL";"I-3";"00006350";"PACAYZAPA";"241600";"HOSPITALIZACIÓN QUIRÚRGICA OBSTETRICIA   ";"2";"2";"2";"2";"2";"62";"0"
"2023";"01";"220506";"SAN MARTIN";"LAMAS";"PINTO RECODO";"GOBIERNO REGIONAL";"I-1";"00006345";"MIRAFLORES";"NE_0001";"";"NE_0001";"NE_0001";"NE_0001";"NE_0001";"NE_0001";"NE_0001";"NE_0001"
"2023";"01";"220506";"SAN MARTIN";"LAMAS";"PINTO RECODO";"GOBIERNO REGIONAL";"I-1";"00006342";"BETANIA";"NE_0001";"";"NE_0001";"NE_0001";"NE_0001";"NE_0001";"NE_0001";"NE_0001";"NE_0001"
"2023";"01";"150122";"LIMA";"LIMA";"MIRAFLORES";"ESSALUD";"I-3";"00009298";"POLICLINICO CENTRAL DE PREVENCION LARCO";"NE_0001";"";"NE_0001";"NE_0001";"NE_0001";"NE_0001";"NE_0001";"NE_0001";"NE_0001"
"2023";"01";"100102";"HUANUCO";"HUANUCO";"AMARILIS";"PRIVADO";"II-E";"00027693";"CENTRO MEDICO ESPECIALIZADO PRIMAVERA";"NE_0001";"";"NE_0001";"NE_0001";"NE_0001";"NE_0001";"NE_0001";"NE_0001";"NE_0001"
"2023";"01";"190301";"PASCO";"OXAPAMPA";"OXAPAMPA";"ESSALUD";"II-1";"00009748";"HOSPITAL I OXAPAMPA";"241800";"HOSPITALIZACIÓN DE MEDICINA MEDICINA GENERAL ";"20";"17";"73";"88";"5";"155";"0"
"2023";"01";"190301";"PASCO";"OXAPAMPA";"OXAPAMPA";"ESSALUD";"II-1";"00009748";"HOSPITAL I OXAPAMPA";"240100";"HOSPITALIZACIÓN QUIRÚRGICA CIRUGÍA GENERAL ";"9";"8";"24";"33";"3";"93";"0"
"2023";"01";"190301";"PASCO";"OXAPAMPA";"OXAPAMPA";"ESSALUD";"II-1";"00009748";"HOSPITAL I OXAPAMPA";"241400";"HOSPITALIZACIÓN QUIRÚRGICA GINECO - OBSTETRICIA ";"13";"14";"50";"63";"3";"93";"0"
"2023";"01";"190301";"PASCO";"OXAPAMPA";"OXAPAMPA";"ESSALUD";"II-1";"00009748";"HOSPITAL I OXAPAMPA";"242300";"HOSPITALIZACIÓN DE PEDIATRÍA  PEDIATRÍA  GENERAL ";"4";"4";"14";"18";"1";"31";"0"
"2023";"01";"130101";"LA LIBERTAD";"TRUJILLO";"TRUJILLO";"PRIVADO";"II-2";"00018404";"CLINICA SAN PABLO TRUJILLO";"240000";"HOSPITALIZACIÓN";"271";"254";"698";"957";"64";"1984";"2"
"2023";"01";"130101";"LA LIBERTAD";"TRUJILLO";"TRUJILLO";"PRIVADO";"II-2";"00018404";"CLINICA SAN PABLO TRUJILLO";"250200";"UNIDAD DE CUIDADOS CRITICOS UNIDAD DE CUIDADOS INTERMEDIOS GENERAL  (UCIN) ";"2";"2";"11";"13";"5";"155";"0"
"2023";"01";"200701";"PIURA";"TALARA";"PARIÑAS";"PRIVADO";"II-1";"00011396";"ADMINISTRADORA CLINICA TRESA";"241900";"HOSPITALIZACIÓN DE MEDICINA MEDICINA INTERNA ";"23";"21";"45";"167";"6";"186";"0"
"2023";"01";"200701";"PIURA";"TALARA";"PARIÑAS";"PRIVADO";"II-1";"00011396";"ADMINISTRADORA CLINICA TRESA";"240100";"HOSPITALIZACIÓN QUIRÚRGICA CIRUGÍA GENERAL ";"12";"12";"28";"83";"3";"93";"0"
"2023";"01";"200701";"PIURA";"TALARA";"PARIÑAS";"PRIVADO";"II-1";"00011396";"ADMINISTRADORA CLINICA TRESA";"241200";"HOSPITALIZACIÓN QUIRÚRGICA TRAUMATOLOGÍA Y ORTOPEDIA ";"6";"6";"11";"56";"2";"62";"0"
"2023";"01";"200701";"PIURA";"TALARA";"PARIÑAS";"PRIVADO";"II-1";"00011396";"ADMINISTRADORA CLINICA TRESA";"241500";"HOSPITALIZACIÓN QUIRÚRGICA GINECOLOGÍA  ";"5";"5";"10";"56";"2";"62";"0"
"2023";"01";"200701";"PIURA";"TALARA";"PARIÑAS";"PRIVADO";"II-1";"00011396";"ADMINISTRADORA CLINICA TRESA";"242300";"HOSPITALIZACIÓN DE PEDIATRÍA  PEDIATRÍA  GENERAL ";"31";"31";"20";"160";"6";"186";"0"
"2023";"01";"200104";"PIURA";"PIURA";"CASTILLA";"PRIVADO";"0";"00013494";"AUNA CLINICA MIRAFLORES";"240000";"HOSPITALIZACIÓN";"323";"305";"1118";"1348";"42";"1302";"4"
"2023";"01";"130101";"LA LIBERTAD";"TRUJILLO";"TRUJILLO";"PRIVADO";"II-E";"00029518";"OFTALMOLOGICA CACEDA";"NE_0001";"";"NE_0001";"NE_0001";"NE_0001";"NE_0001";"NE_0001";"NE_0001";"NE_0001"
"2023";"01";"030101";"APURIMAC";"ABANCAY";"ABANCAY";"GOBIERNO REGIONAL";"II-2";"00007719";"HOSPITAL REGIONAL GUILLERMO DIAZ DE LA VEGA";"241600";"HOSPITALIZACIÓN QUIRÚRGICA OBSTETRICIA   ";"150";"115";"339";"347";"10";"363";"0"
"2023";"01";"030101";"APURIMAC";"ABANCAY";"ABANCAY";"GOBIERNO REGIONAL";"II-2";"00007719";"HOSPITAL REGIONAL GUILLERMO DIAZ DE LA VEGA";"240100";"HOSPITALIZACIÓN QUIRÚRGICA CIRUGÍA GENERAL ";"132";"127";"634";"473";"10";"473";"0"
"2023";"01";"030101";"APURIMAC";"ABANCAY";"ABANCAY";"GOBIERNO REGIONAL";"II-2";"00007719";"HOSPITAL REGIONAL GUILLERMO DIAZ DE LA VEGA";"241500";"HOSPITALIZACIÓN QUIRÚRGICA GINECOLOGÍA  ";"122";"116";"333";"355";"14";"446";"0"
"2023";"01";"030101";"APURIMAC";"ABANCAY";"ABANCAY";"GOBIERNO REGIONAL";"II-2";"00007719";"HOSPITAL REGIONAL GUILLERMO DIAZ DE LA VEGA";"241900";"HOSPITALIZACIÓN DE MEDICINA MEDICINA INTERNA ";"65";"58";"303";"444";"11";"474";"6"
"2023";"01";"030101";"APURIMAC";"ABANCAY";"ABANCAY";"GOBIERNO REGIONAL";"II-2";"00007719";"HOSPITAL REGIONAL GUILLERMO DIAZ DE LA VEGA";"250201";"UNIDAD DE CUIDADOS CRITICOS UNIDAD DE CUIDADOS INTERMEDIOS  (UCIN) NEONATAL";"34";"33";"237";"187";"6";"213";"0"
"2023";"01";"030101";"APURIMAC";"ABANCAY";"ABANCAY";"GOBIERNO REGIONAL";"II-2";"00007719";"HOSPITAL REGIONAL GUILLERMO DIAZ DE LA VEGA";"242300";"HOSPITALIZACIÓN DE PEDIATRÍA  PEDIATRÍA  GENERAL ";"17";"20";"93";"88";"10";"310";"1"
"2023";"01";"030101";"APURIMAC";"ABANCAY";"ABANCAY";"GOBIERNO REGIONAL";"II-2";"00007719";"HOSPITAL REGIONAL GUILLERMO DIAZ DE LA VEGA";"241200";"HOSPITALIZACIÓN QUIRÚRGICA TRAUMATOLOGÍA Y ORTOPEDIA ";"46";"46";"580";"500";"15";"511";"0"
"2023";"01";"030101";"APURIMAC";"ABANCAY";"ABANCAY";"GOBIERNO REGIONAL";"II-2";"00007719";"HOSPITAL REGIONAL GUILLERMO DIAZ DE LA VEGA";"250103";"UNIDAD DE CUIDADOS CRITICOS UNIDAD  DE CUIDADOS INTENSIVOS GENERALES  (UCI) MEDICINA";"5";"5";"73";"91";"4";"127";"1"
"2023";"01";"030101";"APURIMAC";"ABANCAY";"ABANCAY";"GOBIERNO REGIONAL";"II-2";"00007719";"HOSPITAL REGIONAL GUILLERMO DIAZ DE LA VEGA";"250105";"UNIDAD DE CUIDADOS CRITICOS UNIDAD  DE CUIDADOS INTENSIVOS  (UCI) NEONATOLOGÍA";"13";"11";"59";"110";"4";"129";"1"
"2023";"01";"030101";"APURIMAC";"ABANCAY";"ABANCAY";"GOBIERNO REGIONAL";"II-2";"00007719";"HOSPITAL REGIONAL GUILLERMO DIAZ DE LA VEGA";"250200";"UNIDAD DE CUIDADOS CRITICOS UNIDAD DE CUIDADOS INTERMEDIOS GENERAL  (UCIN) ";"1";"1";"5";"98";"3";"98";"0"
"2023";"01";"150101";"LIMA";"LIMA";"LIMA";"MINSA";"III-E";"00006215";"HOSPITAL NACIONAL DOCENTE MADRE NIÑO SAN BARTOLOME";"240100";"HOSPITALIZACIÓN QUIRÚRGICA CIRUGÍA GENERAL ";"81";"78";"649";"629";"33";"1023";"0"
"2023";"01";"150101";"LIMA";"LIMA";"LIMA";"MINSA";"III-E";"00006215";"HOSPITAL NACIONAL DOCENTE MADRE NIÑO SAN BARTOLOME";"241400";"HOSPITALIZACIÓN QUIRÚRGICA GINECO - OBSTETRICIA ";"73";"1";"1";"153";"5";"159";"0"
"2023";"01";"150101";"LIMA";"LIMA";"LIMA";"MINSA";"III-E";"00006215";"HOSPITAL NACIONAL DOCENTE MADRE NIÑO SAN BARTOLOME";"241500";"HOSPITALIZACIÓN QUIRÚRGICA GINECOLOGÍA  ";"92";"104";"281";"254";"18";"559";"0"
"2023";"01";"150101";"LIMA";"LIMA";"LIMA";"MINSA";"III-E";"00006215";"HOSPITAL NACIONAL DOCENTE MADRE NIÑO SAN BARTOLOME";"241600";"HOSPITALIZACIÓN QUIRÚRGICA OBSTETRICIA   ";"393";"445";"1451";"1491";"69";"2128";"0"
"2023";"01";"150101";"LIMA";"LIMA";"LIMA";"MINSA";"III-E";"00006215";"HOSPITAL NACIONAL DOCENTE MADRE NIÑO SAN BARTOLOME";"242100";"HOSPITALIZACIÓN DE MEDICINA ONCOLOGÍA MÉDICA ";"16";"23";"64";"44";"4";"124";"0"
"2023";"01";"150101";"LIMA";"LIMA";"LIMA";"MINSA";"III-E";"00006215";"HOSPITAL NACIONAL DOCENTE MADRE NIÑO SAN BARTOLOME";"242500";"HOSPITALIZACIÓN-PEDIATRÍA GENERAL-";"52";"69";"745";"671";"30";"929";"1"
"2023";"01";"150101";"LIMA";"LIMA";"LIMA";"MINSA";"III-E";"00006215";"HOSPITAL NACIONAL DOCENTE MADRE NIÑO SAN BARTOLOME";"243200";"HOSPITALIZACIÓN DE PEDIATRÍA PEDIATRIA NEONATOLOGÍA";"69";"67";"778";"1149";"37";"1149";"2"
"2023";"01";"150101";"LIMA";"LIMA";"LIMA";"MINSA";"III-E";"00006215";"HOSPITAL NACIONAL DOCENTE MADRE NIÑO SAN BARTOLOME";"250102";"UNIDAD DE CUIDADOS CRITICOS UNIDAD  DE CUIDADOS INTENSIVOS GENERALES (UCI) GINECO-OBSTETRICIA";"1";"1";"181";"32";"3";"93";"0"
"2023";"01";"150101";"LIMA";"LIMA";"LIMA";"MINSA";"III-E";"00006215";"HOSPITAL NACIONAL DOCENTE MADRE NIÑO SAN BARTOLOME";"250105";"UNIDAD DE CUIDADOS CRITICOS UNIDAD  DE CUIDADOS INTENSIVOS  (UCI) NEONATOLOGÍA";"13";"3";"10";"285";"10";"318";"3"
"2023";"01";"220801";"SAN MARTIN";"RIOJA";"RIOJA";"ESSALUD";"I-4";"00021003";"CENTRO MEDICO RIOJA - ESSALUD";"241800";"HOSPITALIZACIÓN DE MEDICINA MEDICINA GENERAL ";"18";"18";"45";"45";"4";"124";"0"
"2023";"01";"220801";"SAN MARTIN";"RIOJA";"RIOJA";"ESSALUD";"I-4";"00021003";"CENTRO MEDICO RIOJA - ESSALUD";"240100";"HOSPITALIZACIÓN QUIRÚRGICA CIRUGÍA GENERAL ";"3";"3";"14";"13";"1";"31";"0"
"2023";"01";"220801";"SAN MARTIN";"RIOJA";"RIOJA";"ESSALUD";"I-4";"00021003";"CENTRO MEDICO RIOJA - ESSALUD";"241600";"HOSPITALIZACIÓN QUIRÚRGICA OBSTETRICIA   ";"11";"11";"20";"20";"2";"62";"0"
"2023";"01";"220801";"SAN MARTIN";"RIOJA";"RIOJA";"ESSALUD";"I-4";"00021003";"CENTRO MEDICO RIOJA - ESSALUD";"242300";"HOSPITALIZACIÓN DE PEDIATRÍA  PEDIATRÍA  GENERAL ";"4";"4";"6";"6";"2";"31";"0"
"2023";"01";"110501";"ICA";"PISCO";"PISCO";"PRIVADO";"0";"00024336";"CENTRO DE MEDICINA FISICA Y REHABILITACION";"NE_0001";"";"NE_0001";"NE_0001";"NE_0001";"NE_0001";"NE_0001";"NE_0001";"NE_0001"
"2023";"01";"220911";"SAN MARTIN";"SAN MARTIN";"PAPAPLAYA";"GOBIERNO REGIONAL";"I-1";"00006455";"SAN ANTONIO  RIO HUALLAGA";"NE_0001";"";"NE_0001";"NE_0001";"NE_0001";"NE_0001";"NE_0001";"NE_0001";"NE_0001"
"2023";"01";"220906";"SAN MARTIN";"SAN MARTIN";"EL PORVENIR";"GOBIERNO REGIONAL";"I-1";"00006451";"PELEJO";"NE_0001";"";"NE_0001";"NE_0001";"NE_0001";"NE_0001";"NE_0001";"NE_0001";"NE_0001"
"2023";"01";"220911";"SAN MARTIN";"SAN MARTIN";"PAPAPLAYA";"GOBIERNO REGIONAL";"I-1";"00006452";"ASUNCION";"NE_0001";"";"NE_0001";"NE_0001";"NE_0001";"NE_0001";"NE_0001";"NE_0001";"NE_0001"
"2023";"01";"220906";"SAN MARTIN";"SAN MARTIN";"EL PORVENIR";"GOBIERNO REGIONAL";"I-1";"00006456";"NUEVO SAN JUAN";"NE_0001";"";"NE_0001";"NE_0001";"NE_0001";"NE_0001";"NE_0001";"NE_0001";"NE_0001"
"2023";"01";"210801";"PUNO";"MELGAR";"AYAVIRI";"GOBIERNO REGIONAL";"II-1";"00003156";"SAN JUAN DE DIOS (AYAVIRI)";"241600";"HOSPITALIZACIÓN QUIRÚRGICA OBSTETRICIA   ";"44";"48";"87";"113";"7";"217";"0"
"2023";"01";"210801";"PUNO";"MELGAR";"AYAVIRI";"GOBIERNO REGIONAL";"II-1";"00003156";"SAN JUAN DE DIOS (AYAVIRI)";"241500";"HOSPITALIZACIÓN QUIRÚRGICA GINECOLOGÍA  ";"49";"51";"117";"117";"6";"117";"0"
"2023";"01";"210801";"PUNO";"MELGAR";"AYAVIRI";"GOBIERNO REGIONAL";"II-1";"00003156";"SAN JUAN DE DIOS (AYAVIRI)";"240100";"HOSPITALIZACIÓN QUIRÚRGICA CIRUGÍA GENERAL ";"55";"69";"402";"310";"19";"310";"0"
"2023";"01";"210801";"PUNO";"MELGAR";"AYAVIRI";"GOBIERNO REGIONAL";"II-1";"00003156";"SAN JUAN DE DIOS (AYAVIRI)";"242500";"HOSPITALIZACIÓN-PEDIATRÍA GENERAL-";"16";"20";"88";"89";"7";"217";"0"
"2023";"01";"210801";"PUNO";"MELGAR";"AYAVIRI";"GOBIERNO REGIONAL";"II-1";"00003156";"SAN JUAN DE DIOS (AYAVIRI)";"243200";"HOSPITALIZACIÓN DE PEDIATRÍA PEDIATRIA NEONATOLOGÍA";"20";"22";"71";"93";"3";"116";"0"
"2023";"01";"210801";"PUNO";"MELGAR";"AYAVIRI";"GOBIERNO REGIONAL";"II-1";"00003156";"SAN JUAN DE DIOS (AYAVIRI)";"241800";"HOSPITALIZACIÓN DE MEDICINA MEDICINA GENERAL ";"13";"16";"96";"96";"14";"682";"2"
"2023";"01";"060101";"CAJAMARCA";"CAJAMARCA";"CAJAMARCA";"GOBIERNO REGIONAL";"II-2";"00007686";"HOSPITAL REGIONAL DOCENTE CAJAMARCA";"240100";"HOSPITALIZACIÓN QUIRÚRGICA CIRUGÍA GENERAL ";"265";"249";"1493";"1503";"60";"1860";"2"
"2023";"01";"060101";"CAJAMARCA";"CAJAMARCA";"CAJAMARCA";"GOBIERNO REGIONAL";"II-2";"00007686";"HOSPITAL REGIONAL DOCENTE CAJAMARCA";"241400";"HOSPITALIZACIÓN QUIRÚRGICA GINECO - OBSTETRICIA ";"319";"322";"770";"693";"35";"1085";"0"
"2023";"01";"060101";"CAJAMARCA";"CAJAMARCA";"CAJAMARCA";"GOBIERNO REGIONAL";"II-2";"00007686";"HOSPITAL REGIONAL DOCENTE CAJAMARCA";"241800";"HOSPITALIZACIÓN DE MEDICINA MEDICINA GENERAL ";"160";"158";"1126";"950";"32";"992";"16"
"2023";"01";"060101";"CAJAMARCA";"CAJAMARCA";"CAJAMARCA";"GOBIERNO REGIONAL";"II-2";"00007686";"HOSPITAL REGIONAL DOCENTE CAJAMARCA";"243200";"HOSPITALIZACIÓN DE PEDIATRÍA PEDIATRIA NEONATOLOGÍA";"93";"80";"943";"983";"35";"1085";"0"
"2023";"01";"080708";"CUSCO";"CHUMBIVILCAS";"VELILLE";"GOBIERNO REGIONAL";"I-1";"00027011";"AYACCASI";"NE_0001";"";"NE_0001";"NE_0001";"NE_0001";"NE_0001";"NE_0001";"NE_0001";"NE_0001"
"2023";"01";"080708";"CUSCO";"CHUMBIVILCAS";"VELILLE";"GOBIERNO REGIONAL";"I-3";"00002409";"VELILLE";"NE_0001";"";"NE_0001";"NE_0001";"NE_0001";"NE_0001";"NE_0001";"NE_0001";"NE_0001"
"2023";"01";"080701";"CUSCO";"CHUMBIVILCAS";"SANTO TOMAS";"GOBIERNO REGIONAL";"I-1";"00030940";"ARCANGEL SAN MIGUEL DE ESQUINA CONGUNYA";"NE_0001";"";"NE_0001";"NE_0001";"NE_0001";"NE_0001";"NE_0001";"NE_0001";"NE_0001"
"2023";"01";"080708";"CUSCO";"CHUMBIVILCAS";"VELILLE";"GOBIERNO REGIONAL";"I-1";"00025371";"TUNTUMA";"NE_0001";"";"NE_0001";"NE_0001";"NE_0001";"NE_0001";"NE_0001";"NE_0001";"NE_0001"
"2023";"01";"080701";"CUSCO";"CHUMBIVILCAS";"SANTO TOMAS";"GOBIERNO REGIONAL";"I-2";"00002399";"PULPERA";"NE_0001";"";"NE_0001";"NE_0001";"NE_0001";"NE_0001";"NE_0001";"NE_0001";"NE_0001"
"2023";"01";"080708";"CUSCO";"CHUMBIVILCAS";"VELILLE";"GOBIERNO REGIONAL";"I-1";"00008912";"ALCCA VICTORIA";"NE_0001";"";"NE_0001";"NE_0001";"NE_0001";"NE_0001";"NE_0001";"NE_0001";"NE_0001"
"2023";"01";"080708";"CUSCO";"CHUMBIVILCAS";"VELILLE";"GOBIERNO REGIONAL";"I-1";"00027016";"HUAYCUÑUTA - URCURUTA";"NE_0001";"";"NE_0001";"NE_0001";"NE_0001";"NE_0001";"NE_0001";"NE_0001";"NE_0001"
"2023";"01";"040105";"AREQUIPA";"AREQUIPA";"CHARACATO";"GOBIERNO REGIONAL";"I-3";"00001261";"CENTRO DE SALUD DE CHARACATO";"NE_0001";"";"NE_0001";"NE_0001";"NE_0001";"NE_0001";"NE_0001";"NE_0001";"NE_0001"
"2023";"01";"040113";"AREQUIPA";"AREQUIPA";"POCSI";"GOBIERNO REGIONAL";"I-1";"00001289";"PUESTO DE SALUD PIACA";"NE_0001";"";"NE_0001";"NE_0001";"NE_0001";"NE_0001";"NE_0001";"NE_0001";"NE_0001"
"2023";"01";"040111";"AREQUIPA";"AREQUIPA";"MOLLEBAYA";"GOBIERNO REGIONAL";"I-2";"00001285";"PUESTO DE SALUD MOLLEBAYA";"NE_0001";"";"NE_0001";"NE_0001";"NE_0001";"NE_0001";"NE_0001";"NE_0001";"NE_0001"
"2023";"01";"040114";"AREQUIPA";"AREQUIPA";"POLOBAYA";"GOBIERNO REGIONAL";"I-2";"00001262";"PUESTO DE SALUD POLOBAYA";"NE_0001";"";"NE_0001";"NE_0001";"NE_0001";"NE_0001";"NE_0001";"NE_0001";"NE_0001"
"2023";"01";"040116";"AREQUIPA";"AREQUIPA";"SABANDIA";"GOBIERNO REGIONAL";"I-2";"00001284";"PUESTO DE SALUD LEOPOLDO RONDON - SABANDIA";"NE_0001";"";"NE_0001";"NE_0001";"NE_0001";"NE_0001";"NE_0001";"NE_0001";"NE_0001"
"2023";"01";"040111";"AREQUIPA";"AREQUIPA";"MOLLEBAYA";"GOBIERNO REGIONAL";"I-2";"00011677";"PUESTO DE SALUD MACHAHUAYA";"NE_0001";"";"NE_0001";"NE_0001";"NE_0001";"NE_0001";"NE_0001";"NE_0001";"NE_0001"
"2023";"01";"040127";"AREQUIPA";"AREQUIPA";"YARABAMBA";"GOBIERNO REGIONAL";"I-2";"00001287";"PUESTO DE SALUD YARABAMBA";"NE_0001";"";"NE_0001";"NE_0001";"NE_0001";"NE_0001";"NE_0001";"NE_0001";"NE_0001"
"2023";"01";"040113";"AREQUIPA";"AREQUIPA";"POCSI";"GOBIERNO REGIONAL";"I-1";"00001288";"PUESTO DE SALUD POCSI";"NE_0001";"";"NE_0001";"NE_0001";"NE_0001";"NE_0001";"NE_0001";"NE_0001";"NE_0001"
"2023";"01";"040115";"AREQUIPA";"AREQUIPA";"QUEQUEÑA";"GOBIERNO REGIONAL";"I-2";"00001286";"PUESTO DE SALUD QUEQUEÑA";"NE_0001";"";"NE_0001";"NE_0001";"NE_0001";"NE_0001";"NE_0001";"NE_0001";"NE_0001"
"2023";"01";"040101";"AREQUIPA";"AREQUIPA";"AREQUIPA";"PRIVADO";"II-E";"00013722";"CLINICA AREQUIPA S.A.";"240100";"HOSPITALIZACIÓN QUIRÚRGICA CIRUGÍA GENERAL ";"118";"114";"567";"558";"32";"992";"0"
"2023";"01";"040101";"AREQUIPA";"AREQUIPA";"AREQUIPA";"PRIVADO";"II-E";"00013722";"CLINICA AREQUIPA S.A.";"241400";"HOSPITALIZACIÓN QUIRÚRGICA GINECO - OBSTETRICIA ";"51";"49";"103";"205";"18";"558";"0"
"2023";"01";"040101";"AREQUIPA";"AREQUIPA";"AREQUIPA";"PRIVADO";"II-E";"00013722";"CLINICA AREQUIPA S.A.";"241900";"HOSPITALIZACIÓN DE MEDICINA MEDICINA INTERNA ";"33";"35";"156";"231";"20";"620";"3"
"2023";"01";"061001";"CAJAMARCA";"SAN MARCOS";"PEDRO GALVEZ";"ESSALUD";"I-2";"00010275";"POSTA MEDICA DE SAN MARCOS";"NE_0001";"";"NE_0001";"NE_0001";"NE_0001";"NE_0001";"NE_0001";"NE_0001";"NE_0001"
"2023";"01";"110201";"ICA";"CHINCHA";"CHINCHA ALTA";"PRIVADO";"II-1";"00017493";"CLINICA GAXAY";"240000";"HOSPITALIZACIÓN";"31";"33";"33";"33";"7";"217";"0"
"2023";"01";"230401";"TACNA";"TARATA";"TARATA";"ESSALUD";"I-2";"00010192";"CENTRO DE ATENCION PRIMARIA I TARATA";"NE_0001";"";"NE_0001";"NE_0001";"NE_0001";"NE_0001";"NE_0001";"NE_0001";"NE_0001"
"2023";"01";"150115";"LIMA";"LIMA";"LA VICTORIA";"ESSALUD";"III-2";"00009251";"HOSPITAL NACIONAL GUILLERMO ALMENARA IRIGOYEN";"250107";"UNIDAD DE CUIDADOS CRITICOS UNIDAD  DE CUIDADOS INTENSIVOS  (UCI) NEUROQUIRÚRGICA";"0";"0";"0";"25";"1";"31";"0"
"2023";"01";"150115";"LIMA";"LIMA";"LA VICTORIA";"ESSALUD";"III-2";"00009251";"HOSPITAL NACIONAL GUILLERMO ALMENARA IRIGOYEN";"250200";"UNIDAD DE CUIDADOS CRITICOS UNIDAD DE CUIDADOS INTERMEDIOS GENERAL  (UCIN) ";"2";"5";"19";"54";"2";"62";"0"
"2023";"01";"150115";"LIMA";"LIMA";"LA VICTORIA";"ESSALUD";"III-2";"00009251";"HOSPITAL NACIONAL GUILLERMO ALMENARA IRIGOYEN";"240600";"HOSPITALIZACIÓN QUIRÚRGICA CIRUGÍA OFTALMOLÓGICA ";"8";"7";"45";"51";"2";"62";"0"
"2023";"01";"150115";"LIMA";"LIMA";"LA VICTORIA";"ESSALUD";"III-2";"00009251";"HOSPITAL NACIONAL GUILLERMO ALMENARA IRIGOYEN";"240600";"HOSPITALIZACIÓN QUIRÚRGICA CIRUGÍA OFTALMOLÓGICA ";"6";"6";"37";"43";"2";"62";"0"
"2023";"01";"150115";"LIMA";"LIMA";"LA VICTORIA";"ESSALUD";"III-2";"00009251";"HOSPITAL NACIONAL GUILLERMO ALMENARA IRIGOYEN";"241200";"HOSPITALIZACIÓN QUIRÚRGICA TRAUMATOLOGÍA Y ORTOPEDIA ";"60";"62";"832";"684";"23";"713";"3"
"2023";"01";"150115";"LIMA";"LIMA";"LA VICTORIA";"ESSALUD";"III-2";"00009251";"HOSPITAL NACIONAL GUILLERMO ALMENARA IRIGOYEN";"241200";"HOSPITALIZACIÓN QUIRÚRGICA TRAUMATOLOGÍA Y ORTOPEDIA ";"108";"102";"1169";"1032";"34";"1054";"0"
"2023";"01";"150115";"LIMA";"LIMA";"LA VICTORIA";"ESSALUD";"III-2";"00009251";"HOSPITAL NACIONAL GUILLERMO ALMENARA IRIGOYEN";"241100";"HOSPITALIZACIÓN QUIRÚRGICA OTORRINOLARINGOLOGÍA  ";"48";"41";"345";"368";"12";"372";"0"
"2023";"01";"150115";"LIMA";"LIMA";"LA VICTORIA";"ESSALUD";"III-2";"00009251";"HOSPITAL NACIONAL GUILLERMO ALMENARA IRIGOYEN";"241300";"HOSPITALIZACIÓN QUIRÚRGICA UROLOGÍA  ";"90";"92";"1507";"1177";"38";"1178";"0"
"2023";"01";"150115";"LIMA";"LIMA";"LA VICTORIA";"ESSALUD";"III-2";"00009251";"HOSPITAL NACIONAL GUILLERMO ALMENARA IRIGOYEN";"241500";"HOSPITALIZACIÓN QUIRÚRGICA GINECOLOGÍA  ";"83";"86";"1205";"624";"21";"651";"0"
"2023";"01";"150115";"LIMA";"LIMA";"LA VICTORIA";"ESSALUD";"III-2";"00009251";"HOSPITAL NACIONAL GUILLERMO ALMENARA IRIGOYEN";"241600";"HOSPITALIZACIÓN QUIRÚRGICA OBSTETRICIA   ";"182";"224";"1074";"1165";"38";"1178";"0"
"2023";"01";"150115";"LIMA";"LIMA";"LA VICTORIA";"ESSALUD";"III-2";"00009251";"HOSPITAL NACIONAL GUILLERMO ALMENARA IRIGOYEN";"241500";"HOSPITALIZACIÓN QUIRÚRGICA GINECOLOGÍA  ";"37";"36";"223";"213";"7";"217";"0"
"2023";"01";"150115";"LIMA";"LIMA";"LA VICTORIA";"ESSALUD";"III-2";"00009251";"HOSPITAL NACIONAL GUILLERMO ALMENARA IRIGOYEN";"242300";"HOSPITALIZACIÓN DE PEDIATRÍA  PEDIATRÍA  GENERAL ";"17";"22";"401";"265";"9";"279";"0"
"2023";"01";"150115";"LIMA";"LIMA";"LA VICTORIA";"ESSALUD";"III-2";"00009251";"HOSPITAL NACIONAL GUILLERMO ALMENARA IRIGOYEN";"250108";"UNIDAD DE CUIDADOS CRITICOS UNIDAD  DE CUIDADOS INTENSIVOS  (UCI) PEDIÁTRICA";"15";"2";"93";"224";"8";"248";"2"
"2023";"01";"150115";"LIMA";"LIMA";"LA VICTORIA";"ESSALUD";"III-2";"00009251";"HOSPITAL NACIONAL GUILLERMO ALMENARA IRIGOYEN";"250202";"UNIDAD DE CUIDADOS CRITICOS UNIDAD DE CUIDADOS INTERMEDIOS  (UCIN) PEDIÁTRICOS";"4";"6";"489";"395";"13";"403";"1"
"2023";"01";"150115";"LIMA";"LIMA";"LA VICTORIA";"ESSALUD";"III-2";"00009251";"HOSPITAL NACIONAL GUILLERMO ALMENARA IRIGOYEN";"240700";"HOSPITALIZACIÓN QUIRÚRGICA CIRUGÍA PEDIÁTRICA ";"92";"81";"301";"266";"9";"279";"0"
"2023";"01";"150115";"LIMA";"LIMA";"LA VICTORIA";"ESSALUD";"III-2";"00009251";"HOSPITAL NACIONAL GUILLERMO ALMENARA IRIGOYEN";"250202";"UNIDAD DE CUIDADOS CRITICOS UNIDAD DE CUIDADOS INTERMEDIOS  (UCIN) PEDIÁTRICOS";"17";"30";"329";"144";"5";"155";"0"
"2023";"01";"150115";"LIMA";"LIMA";"LA VICTORIA";"ESSALUD";"III-2";"00009251";"HOSPITAL NACIONAL GUILLERMO ALMENARA IRIGOYEN";"243200";"HOSPITALIZACIÓN DE PEDIATRÍA PEDIATRIA NEONATOLOGÍA";"6";"34";"311";"190";"7";"217";"0"
"2023";"01";"150115";"LIMA";"LIMA";"LA VICTORIA";"ESSALUD";"III-2";"00009251";"HOSPITAL NACIONAL GUILLERMO ALMENARA IRIGOYEN";"250105";"UNIDAD DE CUIDADOS CRITICOS UNIDAD  DE CUIDADOS INTENSIVOS  (UCI) NEONATOLOGÍA";"20";"4";"44";"622";"21";"651";"4"
"2023";"01";"150115";"LIMA";"LIMA";"LA VICTORIA";"ESSALUD";"III-2";"00009251";"HOSPITAL NACIONAL GUILLERMO ALMENARA IRIGOYEN";"250201";"UNIDAD DE CUIDADOS CRITICOS UNIDAD DE CUIDADOS INTERMEDIOS  (UCIN) NEONATAL";"0";"21";"808";"392";"13";"403";"0"
"2023";"01";"150115";"LIMA";"LIMA";"LA VICTORIA";"ESSALUD";"III-2";"00009251";"HOSPITAL NACIONAL GUILLERMO ALMENARA IRIGOYEN";"240500";"HOSPITALIZACIÓN QUIRÚRGICA CIRUGÍA DE TRANSPLANTES ";"35";"32";"247";"323";"11";"341";"0"
"2023";"01";"150115";"LIMA";"LIMA";"LA VICTORIA";"ESSALUD";"III-2";"00009251";"HOSPITAL NACIONAL GUILLERMO ALMENARA IRIGOYEN";"240500";"HOSPITALIZACIÓN QUIRÚRGICA CIRUGÍA DE TRANSPLANTES ";"18";"17";"149";"238";"8";"248";"0"
"2023";"01";"210101";"PUNO";"PUNO";"PUNO";"PRIVADO";"II-1";"00009685";"CLINICA PUNO";"240100";"HOSPITALIZACIÓN QUIRÚRGICA CIRUGÍA GENERAL ";"26";"26";"55";"55";"3";"93";"0"
"2023";"01";"210101";"PUNO";"PUNO";"PUNO";"PRIVADO";"II-1";"00009685";"CLINICA PUNO";"241200";"HOSPITALIZACIÓN QUIRÚRGICA TRAUMATOLOGÍA Y ORTOPEDIA ";"7";"7";"13";"13";"2";"62";"0"
"2023";"01";"210101";"PUNO";"PUNO";"PUNO";"PRIVADO";"II-1";"00009685";"CLINICA PUNO";"241300";"HOSPITALIZACIÓN QUIRÚRGICA UROLOGÍA  ";"4";"4";"18";"18";"1";"31";"0"
"2023";"01";"210101";"PUNO";"PUNO";"PUNO";"PRIVADO";"II-1";"00009685";"CLINICA PUNO";"241400";"HOSPITALIZACIÓN QUIRÚRGICA GINECO - OBSTETRICIA ";"16";"16";"16";"16";"2";"62";"0"
"2023";"01";"210101";"PUNO";"PUNO";"PUNO";"PRIVADO";"II-1";"00009685";"CLINICA PUNO";"241800";"HOSPITALIZACIÓN DE MEDICINA MEDICINA GENERAL ";"1";"1";"1";"1";"1";"31";"0"
"2023";"01";"060101";"CAJAMARCA";"CAJAMARCA";"CAJAMARCA";"GOBIERNO REGIONAL";"II-2";"00007686";"HOSPITAL REGIONAL DOCENTE CAJAMARCA";"242500";"HOSPITALIZACIÓN-PEDIATRÍA GENERAL-";"35";"33";"297";"278";"17";"527";"2"
"2023";"01";"060101";"CAJAMARCA";"CAJAMARCA";"CAJAMARCA";"GOBIERNO REGIONAL";"II-2";"00007686";"HOSPITAL REGIONAL DOCENTE CAJAMARCA";"250103";"UNIDAD DE CUIDADOS CRITICOS UNIDAD  DE CUIDADOS INTENSIVOS GENERALES  (UCI) MEDICINA";"29";"27";"397";"362";"13";"403";"7"
"2023";"01";"060101";"CAJAMARCA";"CAJAMARCA";"CAJAMARCA";"GOBIERNO REGIONAL";"II-2";"00007686";"HOSPITAL REGIONAL DOCENTE CAJAMARCA";"250200";"UNIDAD DE CUIDADOS CRITICOS UNIDAD DE CUIDADOS INTERMEDIOS GENERAL  (UCIN) ";"25";"20";"165";"174";"6";"186";"2"
"2023";"01";"060101";"CAJAMARCA";"CAJAMARCA";"CAJAMARCA";"GOBIERNO REGIONAL";"II-2";"00007686";"HOSPITAL REGIONAL DOCENTE CAJAMARCA";"250105";"UNIDAD DE CUIDADOS CRITICOS UNIDAD  DE CUIDADOS INTENSIVOS  (UCI) NEONATOLOGÍA";"63";"60";"362";"422";"15";"465";"2"
"2023";"01";"060101";"CAJAMARCA";"CAJAMARCA";"CAJAMARCA";"GOBIERNO REGIONAL";"II-2";"00007686";"HOSPITAL REGIONAL DOCENTE CAJAMARCA";"242200";"HOSPITALIZACIÓN DE MEDICINA PSIQUIATRÍA ";"10";"5";"91";"162";"6";"186";"0"
"2023";"01";"080901";"CUSCO";"LA CONVENCION";"SANTA ANA";"PRIVADO";"II-E";"00026080";"SR DE TORRECHAYOC";"241400";"HOSPITALIZACIÓN QUIRÚRGICA GINECO - OBSTETRICIA ";"6";"6";"8";"8";"4";"124";"0"
"2023";"01";"021805";"ANCASH";"SANTA";"MORO";"GOBIERNO REGIONAL";"I-3";"00001716";"CENTRO DE SALUD MORO";"NE_0001";"";"NE_0001";"NE_0001";"NE_0001";"NE_0001";"NE_0001";"NE_0001";"NE_0001"
"2023";"01";"022005";"ANCASH";"YUNGAY";"QUILLO";"GOBIERNO REGIONAL";"I-1";"00001737";"PUESTO DE SALUD PAMPACANCHA";"NE_0001";"";"NE_0001";"NE_0001";"NE_0001";"NE_0001";"NE_0001";"NE_0001";"NE_0001"
"2023";"01";"020104";"ANCASH";"HUARAZ";"HUANCHAY";"GOBIERNO REGIONAL";"I-2";"00001748";"PUESTO DE SALUD HUANCHAY HZ";"NE_0001";"";"NE_0001";"NE_0001";"NE_0001";"NE_0001";"NE_0001";"NE_0001";"NE_0001"
"2023";"01";"021809";"ANCASH";"SANTA";"NUEVO CHIMBOTE";"GOBIERNO REGIONAL";"I-2";"00007266";"PUESTO DE SALUD NICOLAS DE GARATEA";"NE_0001";"";"NE_0001";"NE_0001";"NE_0001";"NE_0001";"NE_0001";"NE_0001";"NE_0001"
"2023";"01";"020801";"ANCASH";"CASMA";"CASMA";"GOBIERNO REGIONAL";"I-2";"00031617";"PUESTO DE SALUD VILLA HERMOSA";"NE_0001";"";"NE_0001";"NE_0001";"NE_0001";"NE_0001";"NE_0001";"NE_0001";"NE_0001"
"2023";"01";"021809";"ANCASH";"SANTA";"NUEVO CHIMBOTE";"GOBIERNO REGIONAL";"I-4";"00001704";"CENTRO DE SALUD YUGOSLAVIA";"NE_0001";"";"NE_0001";"NE_0001";"NE_0001";"NE_0001";"NE_0001";"NE_0001";"NE_0001"
"2023";"01";"021801";"ANCASH";"SANTA";"CHIMBOTE";"PRIVADO";"II-1";"00017075";"CLINICA BELEN";"240000";"HOSPITALIZACIÓN";"30";"30";"30";"30";"16";"496";"0"
"2023";"01";"150122";"LIMA";"LIMA";"MIRAFLORES";"PRIVADO";"II-E";"00016121";"CENTRO MEDICO AVENDAÑO S.A.C.";"240100";"HOSPITALIZACIÓN QUIRÚRGICA CIRUGÍA GENERAL ";"58";"56";"62";"58";"5";"155";"0"
"2023";"01";"110101";"ICA";"ICA";"ICA";"PRIVADO";"II-1";"00018450";"CLÍNICA S. MORALES S.R.L";"241200";"HOSPITALIZACIÓN QUIRÚRGICA TRAUMATOLOGÍA Y ORTOPEDIA ";"26";"26";"28";"26";"6";"186";"0"
"2023";"01";"130101";"LA LIBERTAD";"TRUJILLO";"TRUJILLO";"PRIVADO";"II-E";"00021475";"DE LA BELLEZA";"NE_0001";"";"NE_0001";"NE_0001";"NE_0001";"NE_0001";"NE_0001";"NE_0001";"NE_0001"
"2023";"01";"220511";"SAN MARTIN";"LAMAS";"ZAPATERO";"GOBIERNO REGIONAL";"I-1";"00006403";"CARAÑAYACU";"NE_0002";"";"NE_0002";"NE_0002";"NE_0002";"NE_0002";"NE_0002";"NE_0002";"NE_0002"
"2023";"01";"150136";"LIMA";"LIMA";"SAN MIGUEL";"PRIVADO";"II-2";"00012666";"CLINICA PROVIDENCIA";"240000";"HOSPITALIZACIÓN";"280";"262";"736";"25";"33";"58";"1"
"2023";"01";"150136";"LIMA";"LIMA";"SAN MIGUEL";"PRIVADO";"II-2";"00012666";"CLINICA PROVIDENCIA";"250100";"UNIDAD DE CUIDADOS CRITICOS UNIDAD  DE CUIDADOS INTENSIVOS GENERALES (UCI) ";"14";"13";"88";"4";"15";"19";"2"
"2023";"01";"150136";"LIMA";"LIMA";"SAN MIGUEL";"PRIVADO";"II-2";"00012666";"CLINICA PROVIDENCIA";"250108";"UNIDAD DE CUIDADOS CRITICOS UNIDAD  DE CUIDADOS INTENSIVOS  (UCI) PEDIÁTRICA";"6";"4";"101";"3";"11";"14";"0"
"2023";"01";"220901";"SAN MARTIN";"SAN MARTIN";"TARAPOTO";"PRIVADO";"II-E";"00008269";"CLINICA SAN MARTIN";"241500";"HOSPITALIZACIÓN QUIRÚRGICA GINECOLOGÍA  ";"7";"7";"12";"21";"18";"48";"0"
"2023";"01";"220901";"SAN MARTIN";"SAN MARTIN";"TARAPOTO";"PRIVADO";"II-E";"00008269";"CLINICA SAN MARTIN";"240100";"HOSPITALIZACIÓN QUIRÚRGICA CIRUGÍA GENERAL ";"17";"17";"28";"28";"18";"48";"0"
"2023";"01";"220901";"SAN MARTIN";"SAN MARTIN";"TARAPOTO";"PRIVADO";"II-E";"00008269";"CLINICA SAN MARTIN";"241800";"HOSPITALIZACIÓN DE MEDICINA MEDICINA GENERAL ";"23";"23";"47";"29";"18";"30";"0"
"2023";"01";"220901";"SAN MARTIN";"SAN MARTIN";"TARAPOTO";"PRIVADO";"II-E";"00008269";"CLINICA SAN MARTIN";"241200";"HOSPITALIZACIÓN QUIRÚRGICA TRAUMATOLOGÍA Y ORTOPEDIA ";"6";"6";"22";"18";"18";"24";"0"
"2023";"01";"220901";"SAN MARTIN";"SAN MARTIN";"TARAPOTO";"PRIVADO";"II-E";"00008269";"CLINICA SAN MARTIN";"242300";"HOSPITALIZACIÓN DE PEDIATRÍA  PEDIATRÍA  GENERAL ";"12";"12";"19";"20";"18";"64";"0"
"2023";"01";"220901";"SAN MARTIN";"SAN MARTIN";"TARAPOTO";"PRIVADO";"II-E";"00008269";"CLINICA SAN MARTIN";"240900";"HOSPITALIZACIÓN QUIRÚRGICA NEUROCIRUGÍA ";"1";"7";"3";"2";"18";"20";"0"
"2023";"01";"220505";"SAN MARTIN";"LAMAS";"CUÑUMBUQUI";"GOBIERNO REGIONAL";"I-1";"00006372";"SAN FRANCISCO DEL RIO MAYO";"NE_0002";"";"NE_0002";"NE_0002";"NE_0002";"NE_0002";"NE_0002";"NE_0002";"NE_0002"
"2023";"01";"220505";"SAN MARTIN";"LAMAS";"CUÑUMBUQUI";"GOBIERNO REGIONAL";"I-3";"00006396";"CUÑUMBUQUE";"241600";"HOSPITALIZACIÓN QUIRÚRGICA OBSTETRICIA   ";"2";"2";"2";"2";"2";"62";"0"
"2023";"01";"220511";"SAN MARTIN";"LAMAS";"ZAPATERO";"GOBIERNO REGIONAL";"I-1";"00006405";"BAGAZAN";"NE_0002";"";"NE_0002";"NE_0002";"NE_0002";"NE_0002";"NE_0002";"NE_0002";"NE_0002"
"2023";"01";"220511";"SAN MARTIN";"LAMAS";"ZAPATERO";"GOBIERNO REGIONAL";"I-1";"00006402";"UCHUMULLACA";"NE_0002";"";"NE_0002";"NE_0002";"NE_0002";"NE_0002";"NE_0002";"NE_0002";"NE_0002"
"2023";"01";"220511";"SAN MARTIN";"LAMAS";"ZAPATERO";"GOBIERNO REGIONAL";"I-1";"00006406";"NUEVO MUNDO";"NE_0002";"";"NE_0002";"NE_0002";"NE_0002";"NE_0002";"NE_0002";"NE_0002";"NE_0002"
"2023";"01";"220511";"SAN MARTIN";"LAMAS";"ZAPATERO";"GOBIERNO REGIONAL";"I-1";"00006399";"ZAPATERO";"NE_0002";"";"NE_0002";"NE_0002";"NE_0002";"NE_0002";"NE_0002";"NE_0002";"NE_0002"
"2023";"01";"220505";"SAN MARTIN";"LAMAS";"CUÑUMBUQUI";"GOBIERNO REGIONAL";"I-1";"00006378";"MAMONAQUIHUA";"NE_0002";"";"NE_0002";"NE_0002";"NE_0002";"NE_0002";"NE_0002";"NE_0002";"NE_0002"
"2023";"01";"220505";"SAN MARTIN";"LAMAS";"CUÑUMBUQUI";"GOBIERNO REGIONAL";"I-1";"00006397";"SAN RAFAEL DEL RIO MAYO";"NE_0002";"";"NE_0002";"NE_0002";"NE_0002";"NE_0002";"NE_0002";"NE_0002";"NE_0002"
"2023";"01";"220511";"SAN MARTIN";"LAMAS";"ZAPATERO";"GOBIERNO REGIONAL";"I-1";"00006401";"PROGRESO";"NE_0002";"";"NE_0002";"NE_0002";"NE_0002";"NE_0002";"NE_0002";"NE_0002";"NE_0002"
"2023";"01";"220511";"SAN MARTIN";"LAMAS";"ZAPATERO";"GOBIERNO REGIONAL";"I-1";"00006400";"NUEVO CELENDIN";"NE_0002";"";"NE_0002";"NE_0002";"NE_0002";"NE_0002";"NE_0002";"NE_0002";"NE_0002"
"2023";"01";"220505";"SAN MARTIN";"LAMAS";"CUÑUMBUQUI";"GOBIERNO REGIONAL";"I-1";"00006784";"ALTO ANDINO";"NE_0002";"";"NE_0002";"NE_0002";"NE_0002";"NE_0002";"NE_0002";"NE_0002";"NE_0002"
"2023";"01";"220505";"SAN MARTIN";"LAMAS";"CUÑUMBUQUI";"GOBIERNO REGIONAL";"I-1";"00006377";"LAS FLORES DE MAMONAQUIHUA";"NE_0002";"";"NE_0002";"NE_0002";"NE_0002";"NE_0002";"NE_0002";"NE_0002";"NE_0002"
"2023";"01";"220511";"SAN MARTIN";"LAMAS";"ZAPATERO";"GOBIERNO REGIONAL";"I-1";"00006810";"VISTOSO GRANDE";"NE_0002";"";"NE_0002";"NE_0002";"NE_0002";"NE_0002";"NE_0002";"NE_0002";"NE_0002"
"2023";"01";"220511";"SAN MARTIN";"LAMAS";"ZAPATERO";"GOBIERNO REGIONAL";"I-1";"00006398";"SAN FERNANDO";"NE_0002";"";"NE_0002";"NE_0002";"NE_0002";"NE_0002";"NE_0002";"NE_0002";"NE_0002"
"2023";"01";"220511";"SAN MARTIN";"LAMAS";"ZAPATERO";"GOBIERNO REGIONAL";"I-1";"00006404";"SANTA CRUZ DE SHITARIYACU";"NE_0002";"";"NE_0002";"NE_0002";"NE_0002";"NE_0002";"NE_0002";"NE_0002";"NE_0002"
"2023";"01";"080108";"CUSCO";"CUSCO";"WANCHAQ";"PRIVADO";"II-E";"00010023";"CORNEJO";"NE_0002";"";"NE_0002";"NE_0002";"NE_0002";"NE_0002";"NE_0002";"NE_0002";"NE_0002"
"2023";"01";"080101";"CUSCO";"CUSCO";"CUSCO";"PRIVADO";"II-E";"00010014";"DR. VICTOR PAREDES";"240000";"HOSPITALIZACIÓN";"92";"87";"140";"320";"19";"589";"0"
"2023";"01";"080106";"CUSCO";"CUSCO";"SANTIAGO";"PRIVADO";"II-E";"00023570";"MIR SALUD";"240000";"HOSPITALIZACIÓN";"30";"30";"67";"130";"9";"279";"0"
"2023";"01";"130101";"LA LIBERTAD";"TRUJILLO";"TRUJILLO";"PRIVADO";"II-1";"00012301";"CLINICA SAN ANTONIO";"240000";"HOSPITALIZACIÓN";"4";"9";"38";"152";"20";"24";"0"
"2023";"01";"130101";"LA LIBERTAD";"TRUJILLO";"TRUJILLO";"PRIVADO";"II-1";"00012301";"CLINICA SAN ANTONIO";"241200";"HOSPITALIZACIÓN QUIRÚRGICA TRAUMATOLOGÍA Y ORTOPEDIA ";"1";"0";"1";"1";"20";"24";"0"
"2023";"01";"130101";"LA LIBERTAD";"TRUJILLO";"TRUJILLO";"PRIVADO";"II-1";"00012301";"CLINICA SAN ANTONIO";"240000";"HOSPITALIZACIÓN";"34";"32";"165";"10";"20";"24";"1"
"2023";"01";"130101";"LA LIBERTAD";"TRUJILLO";"TRUJILLO";"PRIVADO";"II-1";"00012301";"CLINICA SAN ANTONIO";"240000";"HOSPITALIZACIÓN";"1";"5";"1";"1";"21";"24";"0"
"2023";"01";"130101";"LA LIBERTAD";"TRUJILLO";"TRUJILLO";"PRIVADO";"II-1";"00012301";"CLINICA SAN ANTONIO";"240900";"HOSPITALIZACIÓN QUIRÚRGICA NEUROCIRUGÍA ";"3";"3";"11";"3";"20";"24";"0"
"2023";"01";"130101";"LA LIBERTAD";"TRUJILLO";"TRUJILLO";"PRIVADO";"II-1";"00012301";"CLINICA SAN ANTONIO";"241200";"HOSPITALIZACIÓN QUIRÚRGICA TRAUMATOLOGÍA Y ORTOPEDIA ";"5";"1";"55";"5";"20";"24";"0"
"2023";"01";"130101";"LA LIBERTAD";"TRUJILLO";"TRUJILLO";"PRIVADO";"II-1";"00012301";"CLINICA SAN ANTONIO";"244300";"HOSPITALIZACIÓN DE MEDICINA GASTROENTEROLOGÍA  ";"10";"9";"54";"7";"20";"24";"0"
"2023";"01";"130101";"LA LIBERTAD";"TRUJILLO";"TRUJILLO";"PRIVADO";"II-1";"00012301";"CLINICA SAN ANTONIO";"245400";"HOSPITALIZACIÓN DE MEDICINA GINECOLOGIA ";"1";"32";"35";"5";"20";"24";"0"
"2023";"01";"130101";"LA LIBERTAD";"TRUJILLO";"TRUJILLO";"PRIVADO";"II-E";"00021508";"SMQ QUIRUMEDIC SAC";"240000";"HOSPITALIZACIÓN";"368";"355";"340";"340";"15";"736";"0"
"2023";"01";"150108";"LIMA";"LIMA";"CHORRILLOS";"PRIVADO";"II-E";"00019839";"CLINICA SANTA LEONOR";"240000";"HOSPITALIZACIÓN";"48";"32";"84";"81";"5";"155";"0"
"2023";"01";"120114";"JUNIN";"HUANCAYO";"EL TAMBO";"GOBIERNO REGIONAL";"I-1";"00000734";"COCHAS GRANDE";"NE_0002";"";"NE_0002";"NE_0002";"NE_0002";"NE_0002";"NE_0002";"NE_0002";"NE_0002"
"2023";"01";"120114";"JUNIN";"HUANCAYO";"EL TAMBO";"GOBIERNO REGIONAL";"I-4";"00000705";"JUSTICIA PAZ Y VIDA";"NE_0002";"";"NE_0002";"NE_0002";"NE_0002";"NE_0002";"NE_0002";"NE_0002";"NE_0002"
"2023";"01";"120114";"JUNIN";"HUANCAYO";"EL TAMBO";"GOBIERNO REGIONAL";"I-3";"00000707";"SAN MARTIN";"NE_0002";"";"NE_0002";"NE_0002";"NE_0002";"NE_0002";"NE_0002";"NE_0002";"NE_0002"
"2023";"01";"120114";"JUNIN";"HUANCAYO";"EL TAMBO";"GOBIERNO REGIONAL";"I-1";"00000709";"UMUTO";"NE_0002";"";"NE_0002";"NE_0002";"NE_0002";"NE_0002";"NE_0002";"NE_0002";"NE_0002"
"2023";"01";"120114";"JUNIN";"HUANCAYO";"EL TAMBO";"GOBIERNO REGIONAL";"I-1";"00000710";"INCHO";"NE_0002";"";"NE_0002";"NE_0002";"NE_0002";"NE_0002";"NE_0002";"NE_0002";"NE_0002"
"2023";"01";"120114";"JUNIN";"HUANCAYO";"EL TAMBO";"GOBIERNO REGIONAL";"I-3";"00000714";"JUAN PARRA DEL RIEGO";"NE_0002";"";"NE_0002";"NE_0002";"NE_0002";"NE_0002";"NE_0002";"NE_0002";"NE_0002"
"2023";"01";"120128";"JUNIN";"HUANCAYO";"QUILCAS";"GOBIERNO REGIONAL";"I-1";"00000721";"COLPAR";"NE_0002";"";"NE_0002";"NE_0002";"NE_0002";"NE_0002";"NE_0002";"NE_0002";"NE_0002"
"2023";"01";"220901";"SAN MARTIN";"SAN MARTIN";"TARAPOTO";"GOBIERNO REGIONAL";"II-2";"00006918";"HOSPITAL TARAPOTO";"240100";"HOSPITALIZACIÓN QUIRÚRGICA CIRUGÍA GENERAL ";"203";"230";"1139";"1139";"42";"1302";"1"
"2023";"01";"220901";"SAN MARTIN";"SAN MARTIN";"TARAPOTO";"GOBIERNO REGIONAL";"II-2";"00006918";"HOSPITAL TARAPOTO";"241800";"HOSPITALIZACIÓN DE MEDICINA MEDICINA GENERAL ";"193";"197";"1421";"1421";"46";"1426";"11"
"2023";"01";"220901";"SAN MARTIN";"SAN MARTIN";"TARAPOTO";"GOBIERNO REGIONAL";"II-2";"00006918";"HOSPITAL TARAPOTO";"241500";"HOSPITALIZACIÓN QUIRÚRGICA GINECOLOGÍA  ";"23";"22";"63";"63";"7";"217";"0"
"2023";"01";"220901";"SAN MARTIN";"SAN MARTIN";"TARAPOTO";"GOBIERNO REGIONAL";"II-2";"00006918";"HOSPITAL TARAPOTO";"242500";"HOSPITALIZACIÓN-PEDIATRÍA GENERAL-";"51";"51";"342";"342";"18";"558";"0"
"2023";"01";"220901";"SAN MARTIN";"SAN MARTIN";"TARAPOTO";"GOBIERNO REGIONAL";"II-2";"00006918";"HOSPITAL TARAPOTO";"241400";"HOSPITALIZACIÓN QUIRÚRGICA GINECO - OBSTETRICIA ";"272";"262";"620";"620";"28";"868";"0"
"2023";"01";"100601";"HUANUCO";"LEONCIO PRADO";"RUPA-RUPA";"ESSALUD";"II-1";"00009180";"HOSPITAL I TINGO MARIA";"241800";"HOSPITALIZACIÓN DE MEDICINA MEDICINA GENERAL ";"23";"22";"22";"72";"7";"217";"1"
"2023";"01";"100601";"HUANUCO";"LEONCIO PRADO";"RUPA-RUPA";"ESSALUD";"II-1";"00009180";"HOSPITAL I TINGO MARIA";"240100";"HOSPITALIZACIÓN QUIRÚRGICA CIRUGÍA GENERAL ";"52";"50";"93";"153";"5";"155";"0"
"2023";"01";"100601";"HUANUCO";"LEONCIO PRADO";"RUPA-RUPA";"ESSALUD";"II-1";"00009180";"HOSPITAL I TINGO MARIA";"241500";"HOSPITALIZACIÓN QUIRÚRGICA GINECOLOGÍA  ";"19";"22";"88";"62";"4";"124";"0"
"2023";"01";"100601";"HUANUCO";"LEONCIO PRADO";"RUPA-RUPA";"ESSALUD";"II-1";"00009180";"HOSPITAL I TINGO MARIA";"241600";"HOSPITALIZACIÓN QUIRÚRGICA OBSTETRICIA   ";"25";"17";"98";"35";"3";"93";"0"
"2023";"01";"100601";"HUANUCO";"LEONCIO PRADO";"RUPA-RUPA";"ESSALUD";"II-1";"00009180";"HOSPITAL I TINGO MARIA";"242300";"HOSPITALIZACIÓN DE PEDIATRÍA  PEDIATRÍA  GENERAL ";"13";"13";"65";"50";"4";"124";"0"
"2023";"01";"210101";"PUNO";"PUNO";"PUNO";"GOBIERNO REGIONAL";"II-2";"00003251";"HOSPITAL REGIONAL MANUEL NUÑEZ BUTRON";"240100";"HOSPITALIZACIÓN QUIRÚRGICA CIRUGÍA GENERAL ";"59";"73";"400";"476";"34";"1054";"1"
"2023";"01";"210101";"PUNO";"PUNO";"PUNO";"GOBIERNO REGIONAL";"II-2";"00003251";"HOSPITAL REGIONAL MANUEL NUÑEZ BUTRON";"240700";"HOSPITALIZACIÓN QUIRÚRGICA CIRUGÍA PEDIÁTRICA ";"7";"7";"40";"47";"3";"93";"0"
"2023";"01";"210101";"PUNO";"PUNO";"PUNO";"GOBIERNO REGIONAL";"II-2";"00003251";"HOSPITAL REGIONAL MANUEL NUÑEZ BUTRON";"240900";"HOSPITALIZACIÓN QUIRÚRGICA NEUROCIRUGÍA ";"12";"20";"272";"292";"12";"372";"1"
"2023";"01";"210101";"PUNO";"PUNO";"PUNO";"GOBIERNO REGIONAL";"II-2";"00003251";"HOSPITAL REGIONAL MANUEL NUÑEZ BUTRON";"241200";"HOSPITALIZACIÓN QUIRÚRGICA TRAUMATOLOGÍA Y ORTOPEDIA ";"25";"29";"247";"277";"14";"434";"0"
"2023";"01";"210101";"PUNO";"PUNO";"PUNO";"GOBIERNO REGIONAL";"II-2";"00003251";"HOSPITAL REGIONAL MANUEL NUÑEZ BUTRON";"241300";"HOSPITALIZACIÓN QUIRÚRGICA UROLOGÍA  ";"2";"2";"12";"14";"2";"62";"0"
"2023";"01";"210101";"PUNO";"PUNO";"PUNO";"GOBIERNO REGIONAL";"II-2";"00003251";"HOSPITAL REGIONAL MANUEL NUÑEZ BUTRON";"241500";"HOSPITALIZACIÓN QUIRÚRGICA GINECOLOGÍA  ";"4";"4";"9";"13";"2";"62";"0"
"2023";"01";"210101";"PUNO";"PUNO";"PUNO";"GOBIERNO REGIONAL";"II-2";"00003251";"HOSPITAL REGIONAL MANUEL NUÑEZ BUTRON";"241600";"HOSPITALIZACIÓN QUIRÚRGICA OBSTETRICIA   ";"185";"189";"359";"475";"20";"620";"0"
"2023";"01";"210101";"PUNO";"PUNO";"PUNO";"GOBIERNO REGIONAL";"II-2";"00003251";"HOSPITAL REGIONAL MANUEL NUÑEZ BUTRON";"241800";"HOSPITALIZACIÓN DE MEDICINA MEDICINA GENERAL ";"52";"67";"371";"436";"28";"868";"6"
"2023";"01";"210101";"PUNO";"PUNO";"PUNO";"GOBIERNO REGIONAL";"II-2";"00003251";"HOSPITAL REGIONAL MANUEL NUÑEZ BUTRON";"241900";"HOSPITALIZACIÓN DE MEDICINA MEDICINA INTERNA ";"19";"23";"202";"222";"22";"682";"7"
"2023";"01";"210101";"PUNO";"PUNO";"PUNO";"GOBIERNO REGIONAL";"II-2";"00003251";"HOSPITAL REGIONAL MANUEL NUÑEZ BUTRON";"242200";"HOSPITALIZACIÓN DE MEDICINA PSIQUIATRÍA ";"1";"1";"2";"3";"1";"31";"0"
"2023";"01";"210101";"PUNO";"PUNO";"PUNO";"GOBIERNO REGIONAL";"II-2";"00003251";"HOSPITAL REGIONAL MANUEL NUÑEZ BUTRON";"242500";"HOSPITALIZACIÓN-PEDIATRÍA GENERAL-";"14";"18";"163";"181";"27";"837";"1"
"2023";"01";"210101";"PUNO";"PUNO";"PUNO";"GOBIERNO REGIONAL";"II-2";"00003251";"HOSPITAL REGIONAL MANUEL NUÑEZ BUTRON";"243200";"HOSPITALIZACIÓN DE PEDIATRÍA PEDIATRIA NEONATOLOGÍA";"66";"77";"362";"487";"28";"868";"1"
"2023";"01";"210101";"PUNO";"PUNO";"PUNO";"GOBIERNO REGIONAL";"II-2";"00003251";"HOSPITAL REGIONAL MANUEL NUÑEZ BUTRON";"250103";"UNIDAD DE CUIDADOS CRITICOS UNIDAD  DE CUIDADOS INTENSIVOS GENERALES  (UCI) MEDICINA";"6";"8";"51";"60";"4";"124";"3"
"2023";"01";"210101";"PUNO";"PUNO";"PUNO";"GOBIERNO REGIONAL";"II-2";"00003251";"HOSPITAL REGIONAL MANUEL NUÑEZ BUTRON";"244000";"HOSPITALIZACIÓN DE MEDICINA CARDIOLOGIA ";"3";"4";"28";"31";"3";"93";"0"
"2023";"01";"210101";"PUNO";"PUNO";"PUNO";"GOBIERNO REGIONAL";"II-2";"00003251";"HOSPITAL REGIONAL MANUEL NUÑEZ BUTRON";"244700";"HOSPITALIZACIÓN DE MEDICINA NEUROLOGIA  ";"5";"6";"26";"31";"3";"93";"0"
"2023";"01";"210101";"PUNO";"PUNO";"PUNO";"GOBIERNO REGIONAL";"II-2";"00003251";"HOSPITAL REGIONAL MANUEL NUÑEZ BUTRON";"244300";"HOSPITALIZACIÓN DE MEDICINA GASTROENTEROLOGÍA  ";"2";"2";"7";"9";"1";"31";"0"
"2023";"01";"210101";"PUNO";"PUNO";"PUNO";"GOBIERNO REGIONAL";"II-2";"00003251";"HOSPITAL REGIONAL MANUEL NUÑEZ BUTRON";"244200";"HOSPITALIZACIÓN DE MEDICINA ENDOCRINOLOGIA ";"6";"7";"49";"56";"3";"93";"1"
"2023";"01";"080701";"CUSCO";"CHUMBIVILCAS";"SANTO TOMAS";"GOBIERNO REGIONAL";"I-1";"00006981";"CCOYO";"NE_0001";"";"NE_0001";"NE_0001";"NE_0001";"NE_0001";"NE_0001";"NE_0001";"NE_0001"
"2023";"01";"080701";"CUSCO";"CHUMBIVILCAS";"SANTO TOMAS";"GOBIERNO REGIONAL";"I-1";"00006982";"MELLOTOTORA";"NE_0001";"";"NE_0001";"NE_0001";"NE_0001";"NE_0001";"NE_0001";"NE_0001";"NE_0001"
"2023";"01";"080706";"CUSCO";"CHUMBIVILCAS";"LLUSCO";"GOBIERNO REGIONAL";"I-2";"00006748";"COLLPA";"NE_0001";"";"NE_0001";"NE_0001";"NE_0001";"NE_0001";"NE_0001";"NE_0001";"NE_0001"
"2023";"01";"050509";"AYACUCHO";"LA MAR";"SAMUGARI";"SANIDAD DE LA POLICIA NACIONAL DEL PERU";"I-2";"00027203";"PUESTO DE SALUD PNP PALMAPAMPA";"NE_0002";"";"NE_0002";"NE_0002";"NE_0002";"NE_0002";"NE_0002";"NE_0002";"NE_0002"
"2023";"01";"021904";"ANCASH";"SIHUAS";"CASHAPAMPA";"GOBIERNO REGIONAL";"I-1";"00001798";"PUESTO DE SALUD PASACANCHA";"NE_0002";"";"NE_0002";"NE_0002";"NE_0002";"NE_0002";"NE_0002";"NE_0002";"NE_0002"
"2023";"01";"021909";"ANCASH";"SIHUAS";"SAN JUAN";"GOBIERNO REGIONAL";"I-2";"00001809";"PUESTO DE SALUD ANDAYMAYO";"NE_0002";"";"NE_0002";"NE_0002";"NE_0002";"NE_0002";"NE_0002";"NE_0002";"NE_0002"
"2023";"01";"021909";"ANCASH";"SIHUAS";"SAN JUAN";"GOBIERNO REGIONAL";"I-2";"00001808";"PUESTO DE SALUD SAN JUAN CHULLIN";"NE_0002";"";"NE_0002";"NE_0002";"NE_0002";"NE_0002";"NE_0002";"NE_0002";"NE_0002"
"2023";"01";"021909";"ANCASH";"SIHUAS";"SAN JUAN";"GOBIERNO REGIONAL";"I-1";"00001810";"PUESTO DE SALUD CHINCHOBAMBA";"NE_0002";"";"NE_0002";"NE_0002";"NE_0002";"NE_0002";"NE_0002";"NE_0002";"NE_0002"
"2023";"01";"021904";"ANCASH";"SIHUAS";"CASHAPAMPA";"GOBIERNO REGIONAL";"I-1";"00001797";"PUESTO DE SALUD CASHAPAMPA";"NE_0002";"";"NE_0002";"NE_0002";"NE_0002";"NE_0002";"NE_0002";"NE_0002";"NE_0002"
"2023";"01";"021906";"ANCASH";"SIHUAS";"HUAYLLABAMBA";"GOBIERNO REGIONAL";"I-1";"00001804";"PUESTO DE SALUD PIRPO";"NE_0002";"";"NE_0002";"NE_0002";"NE_0002";"NE_0002";"NE_0002";"NE_0002";"NE_0002"
"2023";"01";"021906";"ANCASH";"SIHUAS";"HUAYLLABAMBA";"GOBIERNO REGIONAL";"I-2";"00001803";"PUESTO DE SALUD SANTA CLARA";"NE_0002";"";"NE_0002";"NE_0002";"NE_0002";"NE_0002";"NE_0002";"NE_0002";"NE_0002"
"2023";"01";"021909";"ANCASH";"SIHUAS";"SAN JUAN";"GOBIERNO REGIONAL";"I-1";"00007449";"PUESTO DE SALUD PARIASHPAMPA";"NE_0002";"";"NE_0002";"NE_0002";"NE_0002";"NE_0002";"NE_0002";"NE_0002";"NE_0002"
"2023";"01";"021908";"ANCASH";"SIHUAS";"RAGASH";"GOBIERNO REGIONAL";"I-1";"00001796";"PUESTO DE SALUD RAGASH";"NE_0002";"";"NE_0002";"NE_0002";"NE_0002";"NE_0002";"NE_0002";"NE_0002";"NE_0002"
"2023";"01";"021910";"ANCASH";"SIHUAS";"SICSIBAMBA";"GOBIERNO REGIONAL";"I-2";"00001811";"PUESTO DE SALUD SICSIBAMBA";"NE_0002";"";"NE_0002";"NE_0002";"NE_0002";"NE_0002";"NE_0002";"NE_0002";"NE_0002"
"2023";"01";"021910";"ANCASH";"SIHUAS";"SICSIBAMBA";"GOBIERNO REGIONAL";"I-1";"00001812";"PUESTO DE SALUD UMBE";"NE_0002";"";"NE_0002";"NE_0002";"NE_0002";"NE_0002";"NE_0002";"NE_0002";"NE_0002"
"2023";"01";"021901";"ANCASH";"SIHUAS";"SIHUAS";"GOBIERNO REGIONAL";"I-1";"00009731";"PUESTO DE SALUD SAURAPA";"NE_0002";"";"NE_0002";"NE_0002";"NE_0002";"NE_0002";"NE_0002";"NE_0002";"NE_0002"
"2023";"01";"050204";"AYACUCHO";"CANGALLO";"MARIA PARADO DE BELLIDO";"GOBIERNO REGIONAL";"I-1";"00007303";"PUESTO DE SALUD ÑUÑUNHUAYCCO";"NE_0001";"";"NE_0001";"NE_0001";"NE_0001";"NE_0001";"NE_0001";"NE_0001";"NE_0001"
"2023";"01";"150131";"LIMA";"LIMA";"SAN ISIDRO";"PRIVADO";"II-E";"00027320";"CLINICA AUNA GUARDIA CIVIL";"240000";"HOSPITALIZACIÓN";"79";"79";"596";"456";"40";"1240";"6"
"2023";"01";"050101";"AYACUCHO";"HUAMANGA";"AYACUCHO";"SANIDAD DE LA POLICIA NACIONAL DEL PERU";"I-3";"00011426";"POLICLINICO POLICIAL DE AYACUCHO";"NE_0001";"";"NE_0001";"NE_0001";"NE_0001";"NE_0001";"NE_0001";"NE_0001";"NE_0001"
"2023";"01";"050401";"AYACUCHO";"HUANTA";"HUANTA";"SANIDAD DE LA POLICIA NACIONAL DEL PERU";"I-2";"00011437";"POSTA MEDICA PNP HUANTA";"NE_0001";"";"NE_0001";"NE_0001";"NE_0001";"NE_0001";"NE_0001";"NE_0001";"NE_0001"
"2023";"01";"021602";"ANCASH";"POMABAMBA";"HUAYLLAN";"GOBIERNO REGIONAL";"I-1";"00001774";"PUESTO DE SALUD HUAYCHO";"NE_0002";"";"NE_0002";"NE_0002";"NE_0002";"NE_0002";"NE_0002";"NE_0002";"NE_0002"
"2023";"01";"021307";"ANCASH";"MARISCAL LUZURIAGA";"LUCMA";"GOBIERNO REGIONAL";"I-2";"00001790";"PUESTO DE SALUD LUCMA";"NE_0002";"";"NE_0002";"NE_0002";"NE_0002";"NE_0002";"NE_0002";"NE_0002";"NE_0002"
"2023";"01";"230101";"TACNA";"TACNA";"TACNA";"PRIVADO";"I-4";"00015875";"PROMEDIC";"NE_0002";"";"NE_0002";"NE_0002";"NE_0002";"NE_0002";"NE_0002";"NE_0002";"NE_0002"
"2023";"01";"040206";"AREQUIPA";"CAMANA";"OCOÑA";"GOBIERNO REGIONAL";"I-3";"00001348";"CENTRO DE SALUD OCOÑA";"NE_0001";"";"NE_0001";"NE_0001";"NE_0001";"NE_0001";"NE_0001";"NE_0001";"NE_0001"
"2023";"01";"021809";"ANCASH";"SANTA";"NUEVO CHIMBOTE";"GOBIERNO REGIONAL";"I-2";"00001706";"PUESTO DE SALUD VILLA MARIA";"NE_0001";"";"NE_0001";"NE_0001";"NE_0001";"NE_0001";"NE_0001";"NE_0001";"NE_0001"
"2023";"01";"021802";"ANCASH";"SANTA";"CACERES DEL PERU";"GOBIERNO REGIONAL";"I-2";"00001708";"PUESTO DE SALUD JIMBE";"NE_0001";"";"NE_0001";"NE_0001";"NE_0001";"NE_0001";"NE_0001";"NE_0001";"NE_0001"
"2023";"01";"021807";"ANCASH";"SANTA";"SAMANCO";"GOBIERNO REGIONAL";"I-2";"00001711";"PUESTO DE SALUD SAMANCO";"NE_0001";"";"NE_0001";"NE_0001";"NE_0001";"NE_0001";"NE_0001";"NE_0001";"NE_0001"
"2023";"01";"021806";"ANCASH";"SANTA";"NEPEÑA";"GOBIERNO REGIONAL";"I-3";"00001714";"CENTRO DE SALUD NEPEÑA";"NE_0001";"";"NE_0001";"NE_0001";"NE_0001";"NE_0001";"NE_0001";"NE_0001";"NE_0001"
"2023";"01";"021805";"ANCASH";"SANTA";"MORO";"GOBIERNO REGIONAL";"I-1";"00001717";"PUESTO DE SALUD POCOS";"NE_0001";"";"NE_0001";"NE_0001";"NE_0001";"NE_0001";"NE_0001";"NE_0001";"NE_0001"
"2023";"01";"020802";"ANCASH";"CASMA";"BUENA VISTA ALTA";"GOBIERNO REGIONAL";"I-2";"00001724";"PUESTO DE SALUD HUANCHUY";"NE_0001";"";"NE_0001";"NE_0001";"NE_0001";"NE_0001";"NE_0001";"NE_0001";"NE_0001"
"2023";"01";"020804";"ANCASH";"CASMA";"YAUTAN";"GOBIERNO REGIONAL";"I-4";"00001728";"CENTRO DE SALUD YAUTAN";"NE_0001";"";"NE_0001";"NE_0001";"NE_0001";"NE_0001";"NE_0001";"NE_0001";"NE_0001"
"2023";"01";"021103";"ANCASH";"HUARMEY";"CULEBRAS";"GOBIERNO REGIONAL";"I-1";"00001745";"PUESTO DE SALUD MOLINO";"NE_0001";"";"NE_0001";"NE_0001";"NE_0001";"NE_0001";"NE_0001";"NE_0001";"NE_0001"
"2023";"01";"021104";"ANCASH";"HUARMEY";"HUAYAN";"GOBIERNO REGIONAL";"I-2";"00001752";"PUESTO DE SALUD HUAYAN";"NE_0001";"";"NE_0001";"NE_0001";"NE_0001";"NE_0001";"NE_0001";"NE_0001";"NE_0001"
"2023";"01";"020102";"ANCASH";"HUARAZ";"COCHABAMBA";"GOBIERNO REGIONAL";"I-1";"00001731";"PUESTO DE SALUD CHIPRE";"NE_0001";"";"NE_0001";"NE_0001";"NE_0001";"NE_0001";"NE_0001";"NE_0001";"NE_0001"
"2023";"01";"020103";"ANCASH";"HUARAZ";"COLCABAMBA";"GOBIERNO REGIONAL";"I-1";"00001733";"COLCABAMBA";"NE_0001";"";"NE_0001";"NE_0001";"NE_0001";"NE_0001";"NE_0001";"NE_0001";"NE_0001"
"2023";"01";"020802";"ANCASH";"CASMA";"BUENA VISTA ALTA";"GOBIERNO REGIONAL";"I-3";"00001723";"CENTRO DE SALUD BUENAVISTA";"NE_0001";"";"NE_0001";"NE_0001";"NE_0001";"NE_0001";"NE_0001";"NE_0001";"NE_0001"
"2023";"01";"020803";"ANCASH";"CASMA";"COMANDANTE NOEL";"GOBIERNO REGIONAL";"I-1";"00001726";"PUESTO DE SALUD COMANDANTE NOEL";"NE_0001";"";"NE_0001";"NE_0001";"NE_0001";"NE_0001";"NE_0001";"NE_0001";"NE_0001"
"2023";"01";"020110";"ANCASH";"HUARAZ";"PARIACOTO";"GOBIERNO REGIONAL";"I-1";"00001735";"PUESTO DE SALUD FORTALEZA";"NE_0001";"";"NE_0001";"NE_0001";"NE_0001";"NE_0001";"NE_0001";"NE_0001";"NE_0001"
"2023";"01";"021105";"ANCASH";"HUARMEY";"MALVAS";"GOBIERNO REGIONAL";"I-1";"00001801";"PUESTO DE SALUD SAN MIGUEL";"NE_0001";"";"NE_0001";"NE_0001";"NE_0001";"NE_0001";"NE_0001";"NE_0001";"NE_0001"
"2023";"01";"021809";"ANCASH";"SANTA";"NUEVO CHIMBOTE";"GOBIERNO REGIONAL";"I-2";"00001707";"PUESTO DE SALUD SATELITE";"NE_0001";"";"NE_0001";"NE_0001";"NE_0001";"NE_0001";"NE_0001";"NE_0001";"NE_0001"
"2023";"01";"020801";"ANCASH";"CASMA";"CASMA";"GOBIERNO REGIONAL";"I-1";"00001721";"PUESTO DE SALUD LA GRAMITA";"NE_0001";"";"NE_0001";"NE_0001";"NE_0001";"NE_0001";"NE_0001";"NE_0001";"NE_0001"
"2023";"01";"150121";"LIMA";"LIMA";"PUEBLO LIBRE";"PRIVADO";"II-E";"00021096";"CLINICA ESPECIALIZADA EN CIRUGÍA PLÁSTICA SAN AGUSTIN";"NE_0001";"";"NE_0001";"NE_0001";"NE_0001";"NE_0001";"NE_0001";"NE_0001";"NE_0001"
"2023";"01";"021105";"ANCASH";"HUARMEY";"MALVAS";"GOBIERNO REGIONAL";"I-1";"00001753";"PUESTO DE SALUD MALVAS";"NE_0001";"";"NE_0001";"NE_0001";"NE_0001";"NE_0001";"NE_0001";"NE_0001";"NE_0001"
"2023";"01";"020801";"ANCASH";"CASMA";"CASMA";"GOBIERNO REGIONAL";"I-1";"00001720";"PUESTO DE SALUD SAN RAFAEL";"NE_0001";"";"NE_0001";"NE_0001";"NE_0001";"NE_0001";"NE_0001";"NE_0001";"NE_0001"
"2023";"01";"020801";"ANCASH";"CASMA";"CASMA";"GOBIERNO REGIONAL";"I-1";"00001722";"PUESTO DE SALUD CASA BLANCA";"NE_0001";"";"NE_0001";"NE_0001";"NE_0001";"NE_0001";"NE_0001";"NE_0001";"NE_0001"
"2023";"01";"020102";"ANCASH";"HUARAZ";"COCHABAMBA";"GOBIERNO REGIONAL";"I-1";"00001732";"PUESTO DE SALUD PUMA PUCLLANAN";"NE_0001";"";"NE_0001";"NE_0001";"NE_0001";"NE_0001";"NE_0001";"NE_0001";"NE_0001"
"2023";"01";"150501";"LIMA";"CAÑETE";"SAN VICENTE DE CAÑETE";"PRIVADO";"II-1";"00026070";"CLINICA CORAZON DE JESUS";"240100";"HOSPITALIZACIÓN QUIRÚRGICA CIRUGÍA GENERAL ";"44";"44";"91";"85";"8";"248";"0"
"2023";"01";"150501";"LIMA";"CAÑETE";"SAN VICENTE DE CAÑETE";"PRIVADO";"II-1";"00026070";"CLINICA CORAZON DE JESUS";"241400";"HOSPITALIZACIÓN QUIRÚRGICA GINECO - OBSTETRICIA ";"9";"9";"16";"16";"3";"93";"0"
"2023";"01";"150130";"LIMA";"LIMA";"SAN BORJA";"PRIVADO";"II-E";"00015934";"CENTRO DE CIRUGÍA ESTÉTICA LAS CONDES";"240800";"HOSPITALIZACIÓN QUIRÚRGICA CIRUGÍA PLÁSTICA/RECONSTRUCTIVA/ REPARADORA ";"137";"137";"86";"169";"9";"279";"0"
"2023";"01";"060802";"CAJAMARCA";"JAEN";"BELLAVISTA";"GOBIERNO REGIONAL";"II-1";"00004223";"SAN JAVIER BELLAVISTA";"242500";"HOSPITALIZACIÓN-PEDIATRÍA GENERAL-";"3";"3";"10";"13";"3";"93";"0"
"2023";"01";"060802";"CAJAMARCA";"JAEN";"BELLAVISTA";"GOBIERNO REGIONAL";"II-1";"00004223";"SAN JAVIER BELLAVISTA";"241800";"HOSPITALIZACIÓN DE MEDICINA MEDICINA GENERAL ";"11";"8";"25";"40";"4";"124";"0"
"2023";"01";"060802";"CAJAMARCA";"JAEN";"BELLAVISTA";"GOBIERNO REGIONAL";"II-1";"00004223";"SAN JAVIER BELLAVISTA";"241400";"HOSPITALIZACIÓN QUIRÚRGICA GINECO - OBSTETRICIA ";"NE_0002";"NE_0002";"NE_0002";"NE_0002";"4";"124";"0"
"2023";"01";"060802";"CAJAMARCA";"JAEN";"BELLAVISTA";"GOBIERNO REGIONAL";"II-1";"00004223";"SAN JAVIER BELLAVISTA";"241500";"HOSPITALIZACIÓN QUIRÚRGICA GINECOLOGÍA  ";"NE_0002";"NE_0002";"NE_0002";"NE_0002";"4";"124";"0"
"2023";"01";"060802";"CAJAMARCA";"JAEN";"BELLAVISTA";"GOBIERNO REGIONAL";"II-1";"00004223";"SAN JAVIER BELLAVISTA";"241600";"HOSPITALIZACIÓN QUIRÚRGICA OBSTETRICIA   ";"5";"5";"14";"20";"4";"124";"0"
"2023";"01";"060802";"CAJAMARCA";"JAEN";"BELLAVISTA";"GOBIERNO REGIONAL";"II-1";"00004223";"SAN JAVIER BELLAVISTA";"240100";"HOSPITALIZACIÓN QUIRÚRGICA CIRUGÍA GENERAL ";"1";"1";"14";"15";"2";"62";"0"
"2023";"01";"060303";"CAJAMARCA";"CELENDIN";"CORTEGANA";"GOBIERNO REGIONAL";"I-1";"00004476";"VILLANUEVA";"NE_0001";"";"NE_0001";"NE_0001";"NE_0001";"NE_0001";"NE_0001";"NE_0001";"NE_0001"
"2023";"01";"120302";"JUNIN";"CHANCHAMAYO";"PERENE";"GOBIERNO REGIONAL";"I-2";"00000337";"MIRICHARO";"NE_0001";"";"NE_0001";"NE_0001";"NE_0001";"NE_0001";"NE_0001";"NE_0001";"NE_0001"
"2023";"01";"140101";"LAMBAYEQUE";"CHICLAYO";"CHICLAYO";"GOBIERNO REGIONAL";"II-2";"00004317";"HOSPITAL REGIONAL DOCENTE LAS MERCEDES";"240100";"HOSPITALIZACIÓN QUIRÚRGICA CIRUGÍA GENERAL ";"162";"180";"762";"22";"30";"930";"6"
"2023";"01";"140101";"LAMBAYEQUE";"CHICLAYO";"CHICLAYO";"GOBIERNO REGIONAL";"II-2";"00004317";"HOSPITAL REGIONAL DOCENTE LAS MERCEDES";"241600";"HOSPITALIZACIÓN QUIRÚRGICA OBSTETRICIA   ";"286";"299";"704";"22";"43";"1333";"0"
"2023";"01";"140101";"LAMBAYEQUE";"CHICLAYO";"CHICLAYO";"GOBIERNO REGIONAL";"II-2";"00004317";"HOSPITAL REGIONAL DOCENTE LAS MERCEDES";"242300";"HOSPITALIZACIÓN DE PEDIATRÍA  PEDIATRÍA  GENERAL ";"111";"116";"429";"13";"29";"899";"0"
"2023";"01";"140101";"LAMBAYEQUE";"CHICLAYO";"CHICLAYO";"GOBIERNO REGIONAL";"II-2";"00004317";"HOSPITAL REGIONAL DOCENTE LAS MERCEDES";"241800";"HOSPITALIZACIÓN DE MEDICINA MEDICINA GENERAL ";"161";"195";"1084";"27";"57";"1767";"19"
"2023";"01";"140101";"LAMBAYEQUE";"CHICLAYO";"CHICLAYO";"GOBIERNO REGIONAL";"II-2";"00004317";"HOSPITAL REGIONAL DOCENTE LAS MERCEDES";"241200";"HOSPITALIZACIÓN QUIRÚRGICA TRAUMATOLOGÍA Y ORTOPEDIA ";"20";"25";"236";"5";"14";"434";"0"
"2023";"01";"140101";"LAMBAYEQUE";"CHICLAYO";"CHICLAYO";"GOBIERNO REGIONAL";"II-2";"00004317";"HOSPITAL REGIONAL DOCENTE LAS MERCEDES";"243200";"HOSPITALIZACIÓN DE PEDIATRÍA PEDIATRIA NEONATOLOGÍA";"113";"126";"446";"10";"20";"620";"0"
"2023";"01";"140101";"LAMBAYEQUE";"CHICLAYO";"CHICLAYO";"GOBIERNO REGIONAL";"II-2";"00004317";"HOSPITAL REGIONAL DOCENTE LAS MERCEDES";"241500";"HOSPITALIZACIÓN QUIRÚRGICA GINECOLOGÍA  ";"18";"19";"32";"1";"14";"434";"0"
"2023";"01";"140101";"LAMBAYEQUE";"CHICLAYO";"CHICLAYO";"GOBIERNO REGIONAL";"II-2";"00004317";"HOSPITAL REGIONAL DOCENTE LAS MERCEDES";"240801";"HOSPITALIZACIÓN QUIRÚRGICA CIRUGÍA PLÁSTICA/RECONSTRUCTIVA/ REPARADORA QUEMADOS";"0";"2";"23";"1";"13";"403";"0"
"2023";"01";"220401";"SAN MARTIN";"HUALLAGA";"SAPOSOA";"GOBIERNO REGIONAL";"I-1";"00006534";"SAN ANDRES";"NE_0001";"";"NE_0001";"NE_0001";"NE_0001";"NE_0001";"NE_0001";"NE_0001";"NE_0001"
"2023";"01";"220401";"SAN MARTIN";"HUALLAGA";"SAPOSOA";"GOBIERNO REGIONAL";"I-1";"00006535";"SAN REGIS";"NE_0001";"";"NE_0001";"NE_0001";"NE_0001";"NE_0001";"NE_0001";"NE_0001";"NE_0001"
"2023";"01";"220402";"SAN MARTIN";"HUALLAGA";"ALTO SAPOSOA";"GOBIERNO REGIONAL";"I-1";"00006540";"NUEVA VIDA";"NE_0001";"";"NE_0001";"NE_0001";"NE_0001";"NE_0001";"NE_0001";"NE_0001";"NE_0001"
"2023";"01";"060301";"CAJAMARCA";"CELENDIN";"CELENDIN";"ESSALUD";"I-3";"00010269";"CENTRO MEDICO ESSALUD CELENDIN";"NE_0001";"";"NE_0001";"NE_0001";"NE_0001";"NE_0001";"NE_0001";"NE_0001";"NE_0001"
"2023";"01";"110501";"ICA";"PISCO";"PISCO";"SANIDAD DE LA POLICIA NACIONAL DEL PERU";"I-2";"00011400";"POSTA MEDICA POLICIAL PISCO";"NE_0001";"";"NE_0001";"NE_0001";"NE_0001";"NE_0001";"NE_0001";"NE_0001";"NE_0001"
"2023";"01";"050201";"AYACUCHO";"CANGALLO";"CANGALLO";"GOBIERNO REGIONAL";"I-1";"00003497";"PUESTO DE SALUD PUTICA";"NE_0001";"";"NE_0001";"NE_0001";"NE_0001";"NE_0001";"NE_0001";"NE_0001";"NE_0001"
"2023";"01";"210401";"PUNO";"CHUCUITO";"JULI";"ESSALUD";"I-3";"00009222";"ESSALUD JULI";"NE_0001";"";"NE_0001";"NE_0001";"NE_0001";"NE_0001";"NE_0001";"NE_0001";"NE_0001"
"2023";"01";"080701";"CUSCO";"CHUMBIVILCAS";"SANTO TOMAS";"GOBIERNO REGIONAL";"I-2";"00006746";"LLIQUE";"NE_0001";"";"NE_0001";"NE_0001";"NE_0001";"NE_0001";"NE_0001";"NE_0001";"NE_0001"
"2023";"01";"080701";"CUSCO";"CHUMBIVILCAS";"SANTO TOMAS";"GOBIERNO REGIONAL";"I-1";"00007111";"YAVINA";"NE_0001";"";"NE_0001";"NE_0001";"NE_0001";"NE_0001";"NE_0001";"NE_0001";"NE_0001"
"2023";"01";"080701";"CUSCO";"CHUMBIVILCAS";"SANTO TOMAS";"GOBIERNO REGIONAL";"I-2";"00008915";"PFULLPURI CONDEPAMPA";"NE_0001";"";"NE_0001";"NE_0001";"NE_0001";"NE_0001";"NE_0001";"NE_0001";"NE_0001"
"2023";"01";"080701";"CUSCO";"CHUMBIVILCAS";"SANTO TOMAS";"GOBIERNO REGIONAL";"I-1";"00006983";"ORCCOMA";"NE_0001";"";"NE_0001";"NE_0001";"NE_0001";"NE_0001";"NE_0001";"NE_0001";"NE_0001"
"2023";"01";"080707";"CUSCO";"CHUMBIVILCAS";"QUIÑOTA";"GOBIERNO REGIONAL";"I-1";"00007112";"YORENCCA";"NE_0001";"";"NE_0001";"NE_0001";"NE_0001";"NE_0001";"NE_0001";"NE_0001";"NE_0001"
"2023";"01";"080704";"CUSCO";"CHUMBIVILCAS";"COLQUEMARCA";"GOBIERNO REGIONAL";"I-1";"00008913";"HUARACO";"NE_0001";"";"NE_0001";"NE_0001";"NE_0001";"NE_0001";"NE_0001";"NE_0001";"NE_0001"
"2023";"01";"080701";"CUSCO";"CHUMBIVILCAS";"SANTO TOMAS";"GOBIERNO REGIONAL";"I-2";"00002400";"ALHUACCHULLO";"NE_0001";"";"NE_0001";"NE_0001";"NE_0001";"NE_0001";"NE_0001";"NE_0001";"NE_0001"
"2023";"01";"040401";"AREQUIPA";"CASTILLA";"APLAO";"GOBIERNO REGIONAL";"II-1";"00001382";"HOSPITAL APLAO";"240100";"HOSPITALIZACIÓN QUIRÚRGICA CIRUGÍA GENERAL ";"27";"29";"96";"125";"4";"124";"0"
"2023";"01";"040401";"AREQUIPA";"CASTILLA";"APLAO";"GOBIERNO REGIONAL";"II-1";"00001382";"HOSPITAL APLAO";"241200";"HOSPITALIZACIÓN QUIRÚRGICA TRAUMATOLOGÍA Y ORTOPEDIA ";"11";"11";"38";"49";"4";"124";"0"
"2023";"01";"040401";"AREQUIPA";"CASTILLA";"APLAO";"GOBIERNO REGIONAL";"II-1";"00001382";"HOSPITAL APLAO";"241500";"HOSPITALIZACIÓN QUIRÚRGICA GINECOLOGÍA  ";"50";"52";"114";"166";"6";"186";"0"
"2023";"01";"040401";"AREQUIPA";"CASTILLA";"APLAO";"GOBIERNO REGIONAL";"II-1";"00001382";"HOSPITAL APLAO";"241800";"HOSPITALIZACIÓN DE MEDICINA MEDICINA GENERAL ";"12";"15";"104";"119";"13";"403";"1"
"2023";"01";"050203";"AYACUCHO";"CANGALLO";"LOS MOROCHUCOS";"GOBIERNO REGIONAL";"I-1";"00017085";"PUESTO DE SALUD HUALLCHANCCA";"NE_0001";"";"NE_0001";"NE_0001";"NE_0001";"NE_0001";"NE_0001";"NE_0001";"NE_0001"
"2023";"01";"050201";"AYACUCHO";"CANGALLO";"CANGALLO";"GOBIERNO REGIONAL";"I-1";"00003506";"PUESTO DE SALUD INCARACCAY";"NE_0001";"";"NE_0001";"NE_0001";"NE_0001";"NE_0001";"NE_0001";"NE_0001";"NE_0001"
"2023";"01";"050201";"AYACUCHO";"CANGALLO";"CANGALLO";"GOBIERNO REGIONAL";"I-1";"00006607";"PUESTO DE SALUD CHICHUCANCHA";"NE_0001";"";"NE_0001";"NE_0001";"NE_0001";"NE_0001";"NE_0001";"NE_0001";"NE_0001"
"2023";"01";"050203";"AYACUCHO";"CANGALLO";"LOS MOROCHUCOS";"GOBIERNO REGIONAL";"I-1";"00007302";"PUESTO DE SALUD SATICA";"NE_0001";"";"NE_0001";"NE_0001";"NE_0001";"NE_0001";"NE_0001";"NE_0001";"NE_0001"
"2023";"01";"050201";"AYACUCHO";"CANGALLO";"CANGALLO";"GOBIERNO REGIONAL";"I-1";"00003496";"PUESTO DE SALUD HUANCARUCMA";"NE_0001";"";"NE_0001";"NE_0001";"NE_0001";"NE_0001";"NE_0001";"NE_0001";"NE_0001"
"2023";"01";"050203";"AYACUCHO";"CANGALLO";"LOS MOROCHUCOS";"GOBIERNO REGIONAL";"I-4";"00003507";"CENTRO DE SALUD PAMPA CANGALLO";"240100";"HOSPITALIZACIÓN QUIRÚRGICA CIRUGÍA GENERAL ";"22";"7";"7";"6";"6";"10";"0"
"2023";"01";"050203";"AYACUCHO";"CANGALLO";"LOS MOROCHUCOS";"GOBIERNO REGIONAL";"I-2";"00003508";"PUESTO DE SALUD CHANQUIL";"NE_0001";"";"NE_0001";"NE_0001";"NE_0001";"NE_0001";"NE_0001";"NE_0001";"NE_0001"
"2023";"01";"050201";"AYACUCHO";"CANGALLO";"CANGALLO";"GOBIERNO REGIONAL";"I-1";"00003495";"PUESTO DE SALUD HUAHUAPUQUIO";"NE_0001";"";"NE_0001";"NE_0001";"NE_0001";"NE_0001";"NE_0001";"NE_0001";"NE_0001"
"2023";"01";"051002";"AYACUCHO";"VICTOR FAJARDO";"ALCAMENCA";"GOBIERNO REGIONAL";"I-1";"00003499";"PUESTO DE SALUD HUAMBO";"NE_0001";"";"NE_0001";"NE_0001";"NE_0001";"NE_0001";"NE_0001";"NE_0001";"NE_0001"
"2023";"01";"050203";"AYACUCHO";"CANGALLO";"LOS MOROCHUCOS";"GOBIERNO REGIONAL";"I-1";"00017084";"PUESTO DE SALUD JUSCAYMARCA";"NE_0001";"";"NE_0001";"NE_0001";"NE_0001";"NE_0001";"NE_0001";"NE_0001";"NE_0001"
"2023";"01";"051002";"AYACUCHO";"VICTOR FAJARDO";"ALCAMENCA";"GOBIERNO REGIONAL";"I-1";"00003498";"PUESTO DE SALUD ALCAMENCA";"NE_0001";"";"NE_0001";"NE_0001";"NE_0001";"NE_0001";"NE_0001";"NE_0001";"NE_0001"
"2023";"01";"120605";"JUNIN";"SATIPO";"PAMPA HERMOSA";"GOBIERNO REGIONAL";"I-2";"00000493";"MARIPOSA";"NE_0001";"";"NE_0001";"NE_0001";"NE_0001";"NE_0001";"NE_0001";"NE_0001";"NE_0001"
"2023";"01";"120602";"JUNIN";"SATIPO";"COVIRIALI";"GOBIERNO REGIONAL";"I-3";"00000485";"COVIRIALI";"NE_0001";"";"NE_0001";"NE_0001";"NE_0001";"NE_0001";"NE_0001";"NE_0001";"NE_0001"
"2023";"01";"120605";"JUNIN";"SATIPO";"PAMPA HERMOSA";"GOBIERNO REGIONAL";"I-2";"00006876";"TOLDOPAMPA";"NE_0001";"";"NE_0001";"NE_0001";"NE_0001";"NE_0001";"NE_0001";"NE_0001";"NE_0001"
"2023";"01";"150106";"LIMA";"LIMA";"CARABAYLLO";"SANIDAD DE LA POLICIA NACIONAL DEL PERU";"I-3";"00012664";"POLICLÌNICO  DE LA  POLICÍA  NACIONAL DEL PERÙ CARABAYLLO - DEFENSORES DE LA DEMOCRACIA ";"NE_0001";"";"NE_0001";"NE_0001";"NE_0001";"NE_0001";"NE_0001";"NE_0001";"NE_0001"
"2023";"01";"100601";"HUANUCO";"LEONCIO PRADO";"RUPA-RUPA";"SANIDAD DE LA POLICIA NACIONAL DEL PERU";"I-2";"00015771";"POSTA MEDICA POLICIAL TINGO MARIA";"NE_0001";"";"NE_0001";"NE_0001";"NE_0001";"NE_0001";"NE_0001";"NE_0001";"NE_0001"
"2023";"01";"040112";"AREQUIPA";"AREQUIPA";"PAUCARPATA";"GOBIERNO REGIONAL";"I-3";"00001298";"CENTRO DE SALUD 15 DE AGOSTO";"NE_0001";"";"NE_0001";"NE_0001";"NE_0001";"NE_0001";"NE_0001";"NE_0001";"NE_0001"
"2023";"01";"040112";"AREQUIPA";"AREQUIPA";"PAUCARPATA";"GOBIERNO REGIONAL";"I-2";"00001316";"PUESTO DE SALUD MIGUEL GRAU  MODULO A";"NE_0001";"";"NE_0001";"NE_0001";"NE_0001";"NE_0001";"NE_0001";"NE_0001";"NE_0001"
"2023";"01";"230110";"TACNA";"TACNA";"CORONEL GREGORIO ALBARRACIN L.";"ESSALUD";"I-3";"00010222";"CENTRO  DE ATENCION PRIMARIA II ""LUIS PALZA LEVANO""";"NE_0001";"";"NE_0001";"NE_0001";"NE_0001";"NE_0001";"NE_0001";"NE_0001";"NE_0001"
"2023";"01";"040112";"AREQUIPA";"AREQUIPA";"PAUCARPATA";"GOBIERNO REGIONAL";"I-2";"00001317";"CENTRO DE SALUD MIGUEL GRAU  B";"NE_0001";"";"NE_0001";"NE_0001";"NE_0001";"NE_0001";"NE_0001";"NE_0001";"NE_0001"
"2023";"01";"040112";"AREQUIPA";"AREQUIPA";"PAUCARPATA";"GOBIERNO REGIONAL";"I-2";"00001318";"PUESTO DE SALUD MIGUEL GRAU  MODULO C-D";"NE_0001";"";"NE_0001";"NE_0001";"NE_0001";"NE_0001";"NE_0001";"NE_0001";"NE_0001"
"2023";"01";"220401";"SAN MARTIN";"HUALLAGA";"SAPOSOA";"GOBIERNO REGIONAL";"I-4";"00006529";"RURAL SAPOSOA";"240100";"HOSPITALIZACIÓN QUIRÚRGICA CIRUGÍA GENERAL ";"1";"1";"2";"2";"2";"62";"0"
"2023";"01";"220401";"SAN MARTIN";"HUALLAGA";"SAPOSOA";"GOBIERNO REGIONAL";"I-4";"00006529";"RURAL SAPOSOA";"241400";"HOSPITALIZACIÓN QUIRÚRGICA GINECO - OBSTETRICIA ";"30";"32";"57";"57";"6";"186";"0"
"2023";"01";"220401";"SAN MARTIN";"HUALLAGA";"SAPOSOA";"GOBIERNO REGIONAL";"I-4";"00006529";"RURAL SAPOSOA";"241800";"HOSPITALIZACIÓN DE MEDICINA MEDICINA GENERAL ";"57";"65";"233";"233";"16";"496";"0"
"2023";"01";"220404";"SAN MARTIN";"HUALLAGA";"PISCOYACU";"GOBIERNO REGIONAL";"I-1";"00006533";"PISCOYACU";"NE_0001";"";"NE_0001";"NE_0001";"NE_0001";"NE_0001";"NE_0001";"NE_0001";"NE_0001"
"2023";"01";"220401";"SAN MARTIN";"HUALLAGA";"SAPOSOA";"GOBIERNO REGIONAL";"I-1";"00006530";"7 DE JUNIO-AHUIHUA";"NE_0001";"";"NE_0001";"NE_0001";"NE_0001";"NE_0001";"NE_0001";"NE_0001";"NE_0001"
"2023";"01";"220402";"SAN MARTIN";"HUALLAGA";"ALTO SAPOSOA";"GOBIERNO REGIONAL";"I-1";"00006541";"YACUSISA";"NE_0001";"";"NE_0001";"NE_0001";"NE_0001";"NE_0001";"NE_0001";"NE_0001";"NE_0001"
"2023";"01";"050101";"AYACUCHO";"HUAMANGA";"AYACUCHO";"GOBIERNO REGIONAL";"II-2";"00003543";"HOSPITAL REGIONAL DE AYACUCHO ""MIGUEL ANGEL MARISCAL LLERENA""";"241800";"HOSPITALIZACIÓN DE MEDICINA MEDICINA GENERAL ";"155";"102";"879";"1014";"49";"1519";"3"
"2023";"01";"050101";"AYACUCHO";"HUAMANGA";"AYACUCHO";"GOBIERNO REGIONAL";"II-2";"00003543";"HOSPITAL REGIONAL DE AYACUCHO ""MIGUEL ANGEL MARISCAL LLERENA""";"242200";"HOSPITALIZACIÓN DE MEDICINA PSIQUIATRÍA ";"8";"7";"120";"124";"4";"124";"0"
"2023";"01";"050101";"AYACUCHO";"HUAMANGA";"AYACUCHO";"GOBIERNO REGIONAL";"II-2";"00003543";"HOSPITAL REGIONAL DE AYACUCHO ""MIGUEL ANGEL MARISCAL LLERENA""";"250304";"HOSPIT. EN UNIDAD DE CUID.INTEN.-UNIDAD DE VIGILANCIA INTENSIVA (UVI)-MEDICINA";"26";"4";"165";"185";"9";"279";"2"
"2023";"01";"050101";"AYACUCHO";"HUAMANGA";"AYACUCHO";"GOBIERNO REGIONAL";"II-2";"00003543";"HOSPITAL REGIONAL DE AYACUCHO ""MIGUEL ANGEL MARISCAL LLERENA""";"240100";"HOSPITALIZACIÓN QUIRÚRGICA CIRUGÍA GENERAL ";"147";"121";"601";"733";"26";"806";"1"
"2023";"01";"050101";"AYACUCHO";"HUAMANGA";"AYACUCHO";"GOBIERNO REGIONAL";"II-2";"00003543";"HOSPITAL REGIONAL DE AYACUCHO ""MIGUEL ANGEL MARISCAL LLERENA""";"241200";"HOSPITALIZACIÓN QUIRÚRGICA TRAUMATOLOGÍA Y ORTOPEDIA ";"140";"117";"638";"744";"24";"744";"0"
"2023";"01";"050101";"AYACUCHO";"HUAMANGA";"AYACUCHO";"GOBIERNO REGIONAL";"II-2";"00003543";"HOSPITAL REGIONAL DE AYACUCHO ""MIGUEL ANGEL MARISCAL LLERENA""";"242500";"HOSPITALIZACIÓN-PEDIATRÍA GENERAL-";"104";"81";"462";"548";"27";"837";"1"
"2023";"01";"050101";"AYACUCHO";"HUAMANGA";"AYACUCHO";"GOBIERNO REGIONAL";"II-2";"00003543";"HOSPITAL REGIONAL DE AYACUCHO ""MIGUEL ANGEL MARISCAL LLERENA""";"240700";"HOSPITALIZACIÓN QUIRÚRGICA CIRUGÍA PEDIÁTRICA ";"45";"41";"141";"179";"8";"248";"0"
"2023";"01";"050101";"AYACUCHO";"HUAMANGA";"AYACUCHO";"GOBIERNO REGIONAL";"II-2";"00003543";"HOSPITAL REGIONAL DE AYACUCHO ""MIGUEL ANGEL MARISCAL LLERENA""";"250108";"UNIDAD DE CUIDADOS CRITICOS UNIDAD  DE CUIDADOS INTENSIVOS  (UCI) PEDIÁTRICA";"27";"2";"99";"125";"8";"248";"0"
"2023";"01";"050101";"AYACUCHO";"HUAMANGA";"AYACUCHO";"GOBIERNO REGIONAL";"II-2";"00003543";"HOSPITAL REGIONAL DE AYACUCHO ""MIGUEL ANGEL MARISCAL LLERENA""";"250105";"UNIDAD DE CUIDADOS CRITICOS UNIDAD  DE CUIDADOS INTENSIVOS  (UCI) NEONATOLOGÍA";"84";"5";"582";"649";"24";"744";"3"
"2023";"01";"050101";"AYACUCHO";"HUAMANGA";"AYACUCHO";"GOBIERNO REGIONAL";"II-2";"00003543";"HOSPITAL REGIONAL DE AYACUCHO ""MIGUEL ANGEL MARISCAL LLERENA""";"250305";"HOSPIT. EN UNIDAD DE CUID.INTEN.-UNIDAD DE VIGILANCIA INTENSIVA (UVI)-NEONATOLOGÍA";"67";"54";"332";"392";"20";"620";"0"
"2023";"01";"050101";"AYACUCHO";"HUAMANGA";"AYACUCHO";"GOBIERNO REGIONAL";"II-2";"00003543";"HOSPITAL REGIONAL DE AYACUCHO ""MIGUEL ANGEL MARISCAL LLERENA""";"243200";"HOSPITALIZACIÓN DE PEDIATRÍA PEDIATRIA NEONATOLOGÍA";"28";"21";"141";"165";"7";"217";"0"
"2023";"01";"050101";"AYACUCHO";"HUAMANGA";"AYACUCHO";"GOBIERNO REGIONAL";"II-2";"00003543";"HOSPITAL REGIONAL DE AYACUCHO ""MIGUEL ANGEL MARISCAL LLERENA""";"241400";"HOSPITALIZACIÓN QUIRÚRGICA GINECO - OBSTETRICIA ";"603";"440";"1186";"1633";"54";"1674";"0"
"2023";"01";"050101";"AYACUCHO";"HUAMANGA";"AYACUCHO";"GOBIERNO REGIONAL";"II-2";"00003543";"HOSPITAL REGIONAL DE AYACUCHO ""MIGUEL ANGEL MARISCAL LLERENA""";"250302";"HOSPIT. EN UNIDAD DE CUID.INTEN.-UNIDAD DE VIGILANCIA INTENSIVA (UVI)-GINECO-OBSTETRICIA";"39";"1";"53";"88";"4";"124";"0"
"2023";"01";"050101";"AYACUCHO";"HUAMANGA";"AYACUCHO";"GOBIERNO REGIONAL";"II-2";"00003543";"HOSPITAL REGIONAL DE AYACUCHO ""MIGUEL ANGEL MARISCAL LLERENA""";"250100";"UNIDAD DE CUIDADOS CRITICOS UNIDAD  DE CUIDADOS INTENSIVOS GENERALES (UCI) ";"40";"9";"342";"368";"15";"465";"7"
"2023";"01";"240103";"TUMBES";"TUMBES";"LA CRUZ";"ESSALUD";"I-2";"00012274";"POSTA MEDICA LA CRUZ";"NE_0001";"";"NE_0001";"NE_0001";"NE_0001";"NE_0001";"NE_0001";"NE_0001";"NE_0001"
"2023";"01";"130202";"LA LIBERTAD";"ASCOPE";"CHICAMA";"ESSALUD";"I-2";"00009277";"POSTA DE SALUD CHICAMA";"NE_0001";"";"NE_0001";"NE_0001";"NE_0001";"NE_0001";"NE_0001";"NE_0001";"NE_0001"
"2023";"01";"150101";"LIMA";"LIMA";"LIMA";"MINSA";"III-1";"00006207";"HOSPITAL NACIONAL ARZOBISPO LOAYZA";"241900";"HOSPITALIZACIÓN DE MEDICINA MEDICINA INTERNA ";"515";"475";"6223";"6167";"214";"6634";"50"
"2023";"01";"150101";"LIMA";"LIMA";"LIMA";"MINSA";"III-1";"00006207";"HOSPITAL NACIONAL ARZOBISPO LOAYZA";"240100";"HOSPITALIZACIÓN QUIRÚRGICA CIRUGÍA GENERAL ";"401";"417";"4593";"3994";"150";"4650";"6"
"2023";"01";"150101";"LIMA";"LIMA";"LIMA";"MINSA";"III-1";"00006207";"HOSPITAL NACIONAL ARZOBISPO LOAYZA";"241500";"HOSPITALIZACIÓN QUIRÚRGICA GINECOLOGÍA  ";"92";"90";"728";"753";"26";"806";"0"
"2023";"01";"150101";"LIMA";"LIMA";"LIMA";"MINSA";"III-1";"00006207";"HOSPITAL NACIONAL ARZOBISPO LOAYZA";"241600";"HOSPITALIZACIÓN QUIRÚRGICA OBSTETRICIA   ";"232";"179";"852";"1377";"50";"1550";"0"
"2023";"01";"150101";"LIMA";"LIMA";"LIMA";"MINSA";"III-1";"00006207";"HOSPITAL NACIONAL ARZOBISPO LOAYZA";"242300";"HOSPITALIZACIÓN DE PEDIATRÍA  PEDIATRÍA  GENERAL ";"79";"80";"796";"649";"29";"1023";"0"
"2023";"01";"150101";"LIMA";"LIMA";"LIMA";"MINSA";"III-1";"00006207";"HOSPITAL NACIONAL ARZOBISPO LOAYZA";"250100";"UNIDAD DE CUIDADOS CRITICOS UNIDAD  DE CUIDADOS INTENSIVOS GENERALES (UCI) ";"52";"30";"411";"1127";"44";"1364";"26"
"2023";"01";"150101";"LIMA";"LIMA";"LIMA";"MINSA";"III-1";"00006207";"HOSPITAL NACIONAL ARZOBISPO LOAYZA";"250200";"UNIDAD DE CUIDADOS CRITICOS UNIDAD DE CUIDADOS INTERMEDIOS GENERAL  (UCIN) ";"3";"0";"0";"180";"6";"186";"0"
"2023";"01";"150101";"LIMA";"LIMA";"LIMA";"MINSA";"III-1";"00006207";"HOSPITAL NACIONAL ARZOBISPO LOAYZA";"240801";"HOSPITALIZACIÓN QUIRÚRGICA CIRUGÍA PLÁSTICA/RECONSTRUCTIVA/ REPARADORA QUEMADOS";"26";"34";"882";"613";"22";"682";"0"
"2023";"01";"150101";"LIMA";"LIMA";"LIMA";"MINSA";"III-1";"00006207";"HOSPITAL NACIONAL ARZOBISPO LOAYZA";"250105";"UNIDAD DE CUIDADOS CRITICOS UNIDAD  DE CUIDADOS INTENSIVOS  (UCI) NEONATOLOGÍA";"9";"24";"446";"414";"15";"465";"1"
"2023";"01";"150101";"LIMA";"LIMA";"LIMA";"MINSA";"III-1";"00006207";"HOSPITAL NACIONAL ARZOBISPO LOAYZA";"250101";"UNIDAD DE CUIDADOS CRITICOS UNIDAD  DE CUIDADOS INTENSIVOS GENERALES (UCI) CARDIOLOGIA";"15";"9";"60";"157";"6";"186";"0"
"2023";"01";"150101";"LIMA";"LIMA";"LIMA";"MINSA";"III-1";"00006207";"HOSPITAL NACIONAL ARZOBISPO LOAYZA";"241200";"HOSPITALIZACIÓN QUIRÚRGICA TRAUMATOLOGÍA Y ORTOPEDIA ";"44";"37";"598";"531";"20";"620";"0"
"2023";"01";"150101";"LIMA";"LIMA";"LIMA";"MINSA";"III-1";"00006207";"HOSPITAL NACIONAL ARZOBISPO LOAYZA";"245300";"HOSPITALIZACIÓN DE MEDICINA NEUMOLOGÍA  ";"2";"2";"30";"106";"4";"124";"0"
"2023";"01";"010601";"AMAZONAS";"RODRIGUEZ DE MENDOZA";"SAN NICOLAS";"GOBIERNO REGIONAL";"II-1";"00004950";"MARIA AUXILIADORA";"241600";"HOSPITALIZACIÓN QUIRÚRGICA OBSTETRICIA   ";"16";"16";"27";"27";"4";"124";"0"
"2023";"01";"010601";"AMAZONAS";"RODRIGUEZ DE MENDOZA";"SAN NICOLAS";"GOBIERNO REGIONAL";"II-1";"00004950";"MARIA AUXILIADORA";"241800";"HOSPITALIZACIÓN DE MEDICINA MEDICINA GENERAL ";"24";"24";"95";"95";"11";"341";"0"
"2023";"01";"150120";"LIMA";"LIMA";"MAGDALENA DEL MAR";"PRIVADO";"II-E";"00017703";"OPRECE";"NE_0001";"";"NE_0001";"NE_0001";"NE_0001";"NE_0001";"NE_0001";"NE_0001";"NE_0001"
"2023";"01";"150110";"LIMA";"LIMA";"COMAS";"MINSA";"III-1";"00007634";"HOSPITAL SERGIO E. BERNALES";"241900";"HOSPITALIZACIÓN DE MEDICINA MEDICINA INTERNA ";"223";"123";"1320";"1544";"48";"1488";"15"
"2023";"01";"150110";"LIMA";"LIMA";"COMAS";"MINSA";"III-1";"00007634";"HOSPITAL SERGIO E. BERNALES";"245300";"HOSPITALIZACIÓN DE MEDICINA NEUMOLOGÍA  ";"32";"12";"201";"412";"30";"930";"1"
"2023";"01";"150110";"LIMA";"LIMA";"COMAS";"MINSA";"III-1";"00007634";"HOSPITAL SERGIO E. BERNALES";"240100";"HOSPITALIZACIÓN QUIRÚRGICA CIRUGÍA GENERAL ";"540";"285";"1137";"1559";"61";"1891";"4"
"2023";"01";"150110";"LIMA";"LIMA";"COMAS";"MINSA";"III-1";"00007634";"HOSPITAL SERGIO E. BERNALES";"241200";"HOSPITALIZACIÓN QUIRÚRGICA TRAUMATOLOGÍA Y ORTOPEDIA ";"36";"36";"766";"592";"22";"682";"0"
"2023";"01";"150110";"LIMA";"LIMA";"COMAS";"MINSA";"III-1";"00007634";"HOSPITAL SERGIO E. BERNALES";"242300";"HOSPITALIZACIÓN DE PEDIATRÍA  PEDIATRÍA  GENERAL ";"174";"74";"265";"376";"28";"868";"0"
"2023";"01";"150110";"LIMA";"LIMA";"COMAS";"MINSA";"III-1";"00007634";"HOSPITAL SERGIO E. BERNALES";"243200";"HOSPITALIZACIÓN DE PEDIATRÍA PEDIATRIA NEONATOLOGÍA";"319";"171";"1077";"117";"34";"1054";"3"
"2023";"01";"150110";"LIMA";"LIMA";"COMAS";"MINSA";"III-1";"00007634";"HOSPITAL SERGIO E. BERNALES";"241600";"HOSPITALIZACIÓN QUIRÚRGICA OBSTETRICIA   ";"195";"69";"220";"187";"14";"434";"0"
"2023";"01";"150110";"LIMA";"LIMA";"COMAS";"MINSA";"III-1";"00007634";"HOSPITAL SERGIO E. BERNALES";"241500";"HOSPITALIZACIÓN QUIRÚRGICA GINECOLOGÍA  ";"1094";"489";"1121";"1528";"66";"2046";"0"
"2023";"01";"040601";"AREQUIPA";"CONDESUYOS";"CHUQUIBAMBA";"ESSALUD";"I-2";"00013310";"POSTA  MEDICA  DE CHUQUIBAMBA";"NE_0001";"";"NE_0001";"NE_0001";"NE_0001";"NE_0001";"NE_0001";"NE_0001";"NE_0001"
"2023";"01";"150133";"LIMA";"LIMA";"SAN JUAN DE MIRAFLORES";"MINSA";"III-1";"00005987";"HOSPITAL MARIA AUXILIADORA";"240100";"HOSPITALIZACIÓN QUIRÚRGICA CIRUGÍA GENERAL ";"352";"355";"2241";"2230";"95";"2930";"2"
"2023";"01";"150133";"LIMA";"LIMA";"SAN JUAN DE MIRAFLORES";"MINSA";"III-1";"00005987";"HOSPITAL MARIA AUXILIADORA";"241400";"HOSPITALIZACIÓN QUIRÚRGICA GINECO - OBSTETRICIA ";"564";"504";"1410";"1892";"72";"2230";"0"
"2023";"01";"150133";"LIMA";"LIMA";"SAN JUAN DE MIRAFLORES";"MINSA";"III-1";"00005987";"HOSPITAL MARIA AUXILIADORA";"241900";"HOSPITALIZACIÓN DE MEDICINA MEDICINA INTERNA ";"272";"298";"3047";"2701";"98";"3036";"27"
"2023";"01";"150133";"LIMA";"LIMA";"SAN JUAN DE MIRAFLORES";"MINSA";"III-1";"00005987";"HOSPITAL MARIA AUXILIADORA";"242100";"HOSPITALIZACIÓN DE MEDICINA ONCOLOGÍA MÉDICA ";"19";"26";"193";"160";"8";"236";"1"
"2023";"01";"150133";"LIMA";"LIMA";"SAN JUAN DE MIRAFLORES";"MINSA";"III-1";"00005987";"HOSPITAL MARIA AUXILIADORA";"242300";"HOSPITALIZACIÓN DE PEDIATRÍA  PEDIATRÍA  GENERAL ";"115";"111";"625";"622";"23";"711";"0"
"2023";"01";"150133";"LIMA";"LIMA";"SAN JUAN DE MIRAFLORES";"MINSA";"III-1";"00005987";"HOSPITAL MARIA AUXILIADORA";"243200";"HOSPITALIZACIÓN DE PEDIATRÍA PEDIATRIA NEONATOLOGÍA";"60";"100";"792";"1109";"46";"1421";"0"
"2023";"01";"150133";"LIMA";"LIMA";"SAN JUAN DE MIRAFLORES";"MINSA";"III-1";"00005987";"HOSPITAL MARIA AUXILIADORA";"250100";"UNIDAD DE CUIDADOS CRITICOS UNIDAD  DE CUIDADOS INTENSIVOS GENERALES (UCI) ";"23";"9";"201";"274";"12";"372";"9"
"2023";"01";"150133";"LIMA";"LIMA";"SAN JUAN DE MIRAFLORES";"MINSA";"III-1";"00005987";"HOSPITAL MARIA AUXILIADORA";"250105";"UNIDAD DE CUIDADOS CRITICOS UNIDAD  DE CUIDADOS INTENSIVOS  (UCI) NEONATOLOGÍA";"12";"3";"9";"232";"9";"283";"2"
"2023";"01";"150133";"LIMA";"LIMA";"SAN JUAN DE MIRAFLORES";"MINSA";"III-1";"00005987";"HOSPITAL MARIA AUXILIADORA";"250108";"UNIDAD DE CUIDADOS CRITICOS UNIDAD  DE CUIDADOS INTENSIVOS  (UCI) PEDIÁTRICA";"7";"2";"2";"93";"4";"124";"1"
"2023";"01";"150133";"LIMA";"LIMA";"SAN JUAN DE MIRAFLORES";"MINSA";"III-1";"00005987";"HOSPITAL MARIA AUXILIADORA";"250200";"UNIDAD DE CUIDADOS CRITICOS UNIDAD DE CUIDADOS INTERMEDIOS GENERAL  (UCIN) ";"17";"4";"128";"205";"8";"248";"2"
"2023";"01";"150135";"LIMA";"LIMA";"SAN MARTIN DE PORRES";"MINSA";"III-2";"00007733";"INSTITUTO NACIONAL DE SALUD MENTAL ""HONORIO DELGADO - HIDEYO NOGUCHI""";"242202";"HOSPITALIZACIÓN DE MEDICINA PSIQUIATRÍA PSIQUIATRÍA DEL ADULTO Y GERONTE";"15";"21";"1011";"1429";"49";"1518";"0"
"2023";"01";"150135";"LIMA";"LIMA";"SAN MARTIN DE PORRES";"MINSA";"III-2";"00007733";"INSTITUTO NACIONAL DE SALUD MENTAL ""HONORIO DELGADO - HIDEYO NOGUCHI""";"242203";"HOSPITALIZACIÓN DE MEDICINA PSIQUIATRÍA PSIQUIATRÍA DEL NIÑO Y DEL ADOLESCENTE";"10";"9";"347";"360";"12";"370";"0"
"2023";"01";"090701";"HUANCAVELICA";"TAYACAJA";"PAMPAS";"SANIDAD DE LA POLICIA NACIONAL DEL PERU";"I-2";"00010153";"POSTA MEDICA POLICIAL PAMPAS";"NE_0001";"";"NE_0001";"NE_0001";"NE_0001";"NE_0001";"NE_0001";"NE_0001";"NE_0001"
"2023";"01";"021307";"ANCASH";"MARISCAL LUZURIAGA";"LUCMA";"GOBIERNO REGIONAL";"I-1";"00001791";"PUESTO DE SALUD SECCHA";"NE_0002";"";"NE_0002";"NE_0002";"NE_0002";"NE_0002";"NE_0002";"NE_0002";"NE_0002"
"2023";"01";"021601";"ANCASH";"POMABAMBA";"POMABAMBA";"GOBIERNO REGIONAL";"I-2";"00001768";"PUESTO DE SALUD VILCABAMBA";"NE_0002";"";"NE_0002";"NE_0002";"NE_0002";"NE_0002";"NE_0002";"NE_0002";"NE_0002"
"2023";"01";"021601";"ANCASH";"POMABAMBA";"POMABAMBA";"GOBIERNO REGIONAL";"I-1";"00001766";"PUESTO DE SALUD SOCSI";"NE_0002";"";"NE_0002";"NE_0002";"NE_0002";"NE_0002";"NE_0002";"NE_0002";"NE_0002"
"2023";"01";"021601";"ANCASH";"POMABAMBA";"POMABAMBA";"GOBIERNO REGIONAL";"I-1";"00001767";"PUESTO DE SALUD CHUYAS";"NE_0002";"";"NE_0002";"NE_0002";"NE_0002";"NE_0002";"NE_0002";"NE_0002";"NE_0002"
"2023";"01";"021602";"ANCASH";"POMABAMBA";"HUAYLLAN";"GOBIERNO REGIONAL";"I-1";"00001772";"PUESTO DE SALUD HUAYLLAN";"NE_0002";"";"NE_0002";"NE_0002";"NE_0002";"NE_0002";"NE_0002";"NE_0002";"NE_0002"
"2023";"01";"021602";"ANCASH";"POMABAMBA";"HUAYLLAN";"GOBIERNO REGIONAL";"I-1";"00001773";"PUESTO DE SALUD ACOBAMBA";"NE_0002";"";"NE_0002";"NE_0002";"NE_0002";"NE_0002";"NE_0002";"NE_0002";"NE_0002"
"2023";"01";"021601";"ANCASH";"POMABAMBA";"POMABAMBA";"GOBIERNO REGIONAL";"I-2";"00001769";"PUESTO DE SALUD CONOPA";"NE_0002";"";"NE_0002";"NE_0002";"NE_0002";"NE_0002";"NE_0002";"NE_0002";"NE_0002"
"2023";"01";"021601";"ANCASH";"POMABAMBA";"POMABAMBA";"GOBIERNO REGIONAL";"I-1";"00001770";"PUESTO DE SALUD JANCAPAMPA";"NE_0002";"";"NE_0002";"NE_0002";"NE_0002";"NE_0002";"NE_0002";"NE_0002";"NE_0002"
"2023";"01";"021302";"ANCASH";"MARISCAL LUZURIAGA";"CASCA";"GOBIERNO REGIONAL";"I-2";"00001785";"PUESTO DE SALUD CASCA";"NE_0002";"";"NE_0002";"NE_0002";"NE_0002";"NE_0002";"NE_0002";"NE_0002";"NE_0002"
"2023";"01";"021307";"ANCASH";"MARISCAL LUZURIAGA";"LUCMA";"GOBIERNO REGIONAL";"0";"00017687";"P. S. MASQUI";"NE_0002";"";"NE_0002";"NE_0002";"NE_0002";"NE_0002";"NE_0002";"NE_0002";"NE_0002"
"2023";"01";"130401";"LA LIBERTAD";"CHEPEN";"CHEPEN";"ESSALUD";"II-1";"00009954";"HOSPITAL I CHEPEN ESSALUD";"241900";"HOSPITALIZACIÓN DE MEDICINA MEDICINA INTERNA ";"26";"25";"80";"75";"6";"186";"0"
"2023";"01";"130401";"LA LIBERTAD";"CHEPEN";"CHEPEN";"ESSALUD";"II-1";"00009954";"HOSPITAL I CHEPEN ESSALUD";"240100";"HOSPITALIZACIÓN QUIRÚRGICA CIRUGÍA GENERAL ";"23";"24";"61";"56";"2";"62";"0"
"2023";"01";"130401";"LA LIBERTAD";"CHEPEN";"CHEPEN";"ESSALUD";"II-1";"00009954";"HOSPITAL I CHEPEN ESSALUD";"241500";"HOSPITALIZACIÓN QUIRÚRGICA GINECOLOGÍA  ";"7";"6";"16";"17";"2";"62";"0"
"2023";"01";"130401";"LA LIBERTAD";"CHEPEN";"CHEPEN";"ESSALUD";"II-1";"00009954";"HOSPITAL I CHEPEN ESSALUD";"242300";"HOSPITALIZACIÓN DE PEDIATRÍA  PEDIATRÍA  GENERAL ";"5";"5";"13";"12";"2";"62";"0"
"2023";"01";"130501";"LA LIBERTAD";"JULCAN";"JULCAN";"GOBIERNO REGIONAL";"I-3";"00006775";"AYANGAY";"NE_0002";"";"NE_0002";"NE_0002";"NE_0002";"NE_0002";"NE_0002";"NE_0002";"NE_0002"
"2023";"01";"130501";"LA LIBERTAD";"JULCAN";"JULCAN";"GOBIERNO REGIONAL";"I-2";"00016423";"SAN ANTONIO";"NE_0002";"";"NE_0002";"NE_0002";"NE_0002";"NE_0002";"NE_0002";"NE_0002";"NE_0002"
"2023";"01";"130501";"LA LIBERTAD";"JULCAN";"JULCAN";"GOBIERNO REGIONAL";"I-2";"00006963";"CHUGURPAMPA";"NE_0002";"";"NE_0002";"NE_0002";"NE_0002";"NE_0002";"NE_0002";"NE_0002";"NE_0002"
"2023";"01";"130501";"LA LIBERTAD";"JULCAN";"JULCAN";"GOBIERNO REGIONAL";"I-2";"00007249";"SAN AGUSTIN";"NE_0002";"";"NE_0002";"NE_0002";"NE_0002";"NE_0002";"NE_0002";"NE_0002";"NE_0002"
"2023";"01";"130501";"LA LIBERTAD";"JULCAN";"JULCAN";"GOBIERNO REGIONAL";"I-2";"00005307";"SANTA TERESA";"NE_0002";"";"NE_0002";"NE_0002";"NE_0002";"NE_0002";"NE_0002";"NE_0002";"NE_0002"
"2023";"01";"130501";"LA LIBERTAD";"JULCAN";"JULCAN";"GOBIERNO REGIONAL";"I-2";"00006774";"PARUQUE BAJO";"NE_0002";"";"NE_0002";"NE_0002";"NE_0002";"NE_0002";"NE_0002";"NE_0002";"NE_0002"
"2023";"01";"050503";"AYACUCHO";"LA MAR";"AYNA";"GOBIERNO REGIONAL";"II-1";"00003754";"HOSPITAL DE APOYO SAN FRANCISCO";"240100";"HOSPITALIZACIÓN QUIRÚRGICA CIRUGÍA GENERAL ";"22";"20";"88";"125";"5";"155";"0"
"2023";"01";"050503";"AYACUCHO";"LA MAR";"AYNA";"GOBIERNO REGIONAL";"II-1";"00003754";"HOSPITAL DE APOYO SAN FRANCISCO";"241400";"HOSPITALIZACIÓN QUIRÚRGICA GINECO - OBSTETRICIA ";"62";"56";"143";"156";"8";"248";"0"
"2023";"01";"050503";"AYACUCHO";"LA MAR";"AYNA";"GOBIERNO REGIONAL";"II-1";"00003754";"HOSPITAL DE APOYO SAN FRANCISCO";"241800";"HOSPITALIZACIÓN DE MEDICINA MEDICINA GENERAL ";"20";"18";"104";"93";"5";"155";"0"
"2023";"01";"050503";"AYACUCHO";"LA MAR";"AYNA";"GOBIERNO REGIONAL";"II-1";"00003754";"HOSPITAL DE APOYO SAN FRANCISCO";"242500";"HOSPITALIZACIÓN-PEDIATRÍA GENERAL-";"17";"13";"62";"77";"5";"155";"0"
"2023";"01";"050503";"AYACUCHO";"LA MAR";"AYNA";"GOBIERNO REGIONAL";"II-1";"00003754";"HOSPITAL DE APOYO SAN FRANCISCO";"243200";"HOSPITALIZACIÓN DE PEDIATRÍA PEDIATRIA NEONATOLOGÍA";"14";"14";"41";"91";"5";"155";"0"
"2023";"01";"150101";"LIMA";"LIMA";"LIMA";"ESSALUD";"I-3";"00008539";"POLICLINICO CHINCHA";"NE_0001";"";"NE_0001";"NE_0001";"NE_0001";"NE_0001";"NE_0001";"NE_0001";"NE_0001"
"2023";"01";"040104";"AREQUIPA";"AREQUIPA";"CERRO COLORADO";"PRIVADO";"II-1";"00027214";"CLINICA SAN PABLO AREQUIPA";"240000";"HOSPITALIZACIÓN";"197";"185";"549";"745";"60";"1860";"0"
"2023";"01";"010201";"AMAZONAS";"BAGUA";"BAGUA";"ESSALUD";"II-1";"00009068";"HOSPITAL I HEROES DEL CENEPA";"241800";"HOSPITALIZACIÓN DE MEDICINA MEDICINA GENERAL ";"49";"49";"137";"307";"4";"124";"0"
"2023";"01";"010201";"AMAZONAS";"BAGUA";"BAGUA";"ESSALUD";"II-1";"00009068";"HOSPITAL I HEROES DEL CENEPA";"240100";"HOSPITALIZACIÓN QUIRÚRGICA CIRUGÍA GENERAL ";"14";"14";"49";"28";"3";"93";"0"
"2023";"01";"010201";"AMAZONAS";"BAGUA";"BAGUA";"ESSALUD";"II-1";"00009068";"HOSPITAL I HEROES DEL CENEPA";"241500";"HOSPITALIZACIÓN QUIRÚRGICA GINECOLOGÍA  ";"34";"34";"78";"3";"3";"93";"0"
"2023";"01";"010201";"AMAZONAS";"BAGUA";"BAGUA";"ESSALUD";"II-1";"00009068";"HOSPITAL I HEROES DEL CENEPA";"242300";"HOSPITALIZACIÓN DE PEDIATRÍA  PEDIATRÍA  GENERAL ";"31";"31";"88";"3";"3";"93";"0"
"2023";"01";"040103";"AREQUIPA";"AREQUIPA";"CAYMA";"GOBIERNO REGIONAL";"I-3";"00001235";"BUENOS AIRES DE CAYMA";"NE_0001";"";"NE_0001";"NE_0001";"NE_0001";"NE_0001";"NE_0001";"NE_0001";"NE_0001"
"2023";"01";"040103";"AREQUIPA";"AREQUIPA";"CAYMA";"GOBIERNO REGIONAL";"I-2";"00001245";"SAN JOSE";"NE_0001";"";"NE_0001";"NE_0001";"NE_0001";"NE_0001";"NE_0001";"NE_0001";"NE_0001"
"2023";"01";"040103";"AREQUIPA";"AREQUIPA";"CAYMA";"GOBIERNO REGIONAL";"I-2";"00001246";"DEAN VALDIVIA";"NE_0001";"";"NE_0001";"NE_0001";"NE_0001";"NE_0001";"NE_0001";"NE_0001";"NE_0001"
"2023";"01";"150140";"LIMA";"LIMA";"SANTIAGO DE SURCO";"PRIVADO";"II-E";"00013900";"OFTALMOSALUD";"NE_0001";"";"NE_0001";"NE_0001";"NE_0001";"NE_0001";"NE_0001";"NE_0001";"NE_0001"
"2023";"01";"060807";"CAJAMARCA";"JAEN";"POMAHUACA";"GOBIERNO REGIONAL";"I-1";"00016134";"COLAGUAY";"NE_0001";"";"NE_0001";"NE_0001";"NE_0001";"NE_0001";"NE_0001";"NE_0001";"NE_0001"
"2023";"01";"051009";"AYACUCHO";"VICTOR FAJARDO";"HUANCARAYLLA";"GOBIERNO REGIONAL";"I-1";"00003837";"PUESTO DE SALUD CIRCAMARCA";"NE_0001";"";"NE_0001";"NE_0001";"NE_0001";"NE_0001";"NE_0001";"NE_0001";"NE_0001"
"2023";"01";"051005";"AYACUCHO";"VICTOR FAJARDO";"CANARIA";"GOBIERNO REGIONAL";"I-1";"00003827";"PUESTO DE SALUD UMASI";"NE_0001";"";"NE_0001";"NE_0001";"NE_0001";"NE_0001";"NE_0001";"NE_0001";"NE_0001"
"2023";"01";"051005";"AYACUCHO";"VICTOR FAJARDO";"CANARIA";"GOBIERNO REGIONAL";"I-1";"00003825";"PUESTO DE SALUD RACCAYA";"NE_0001";"";"NE_0001";"NE_0001";"NE_0001";"NE_0001";"NE_0001";"NE_0001";"NE_0001"
"2023";"01";"051004";"AYACUCHO";"VICTOR FAJARDO";"ASQUIPATA";"GOBIERNO REGIONAL";"I-1";"00003822";"PUESTO DE SALUD CHIHUIRE";"NE_0001";"";"NE_0001";"NE_0001";"NE_0001";"NE_0001";"NE_0001";"NE_0001";"NE_0001"
"2023";"01";"051010";"AYACUCHO";"VICTOR FAJARDO";"HUALLA";"GOBIERNO REGIONAL";"I-1";"00003830";"PUESTO DE SALUD TIQUIHUA";"NE_0001";"";"NE_0001";"NE_0001";"NE_0001";"NE_0001";"NE_0001";"NE_0001";"NE_0001"
"2023";"01";"051010";"AYACUCHO";"VICTOR FAJARDO";"HUALLA";"GOBIERNO REGIONAL";"I-3";"00003829";"CENTRO DE SALUD HUALLA";"241600";"HOSPITALIZACIÓN QUIRÚRGICA OBSTETRICIA   ";"1";"1";"2";"1";"1";"4";"0"
"2023";"01";"051008";"AYACUCHO";"VICTOR FAJARDO";"HUAMANQUIQUIA";"GOBIERNO REGIONAL";"I-2";"00003831";"PUESTO DE SALUD HUAMANQUIQUIA";"NE_0001";"";"NE_0001";"NE_0001";"NE_0001";"NE_0001";"NE_0001";"NE_0001";"NE_0001"
"2023";"01";"051005";"AYACUCHO";"VICTOR FAJARDO";"CANARIA";"GOBIERNO REGIONAL";"I-2";"00003826";"PUESTO DE SALUD TACA";"NE_0001";"";"NE_0001";"NE_0001";"NE_0001";"NE_0001";"NE_0001";"NE_0001";"NE_0001"
"2023";"01";"051003";"AYACUCHO";"VICTOR FAJARDO";"APONGO";"GOBIERNO REGIONAL";"I-1";"00003819";"APONGO";"NE_0001";"";"NE_0001";"NE_0001";"NE_0001";"NE_0001";"NE_0001";"NE_0001";"NE_0001"
"2023";"01";"080703";"CUSCO";"CHUMBIVILCAS";"CHAMACA";"GOBIERNO REGIONAL";"I-2";"00002402";"CHAMACA";"NE_0001";"";"NE_0001";"NE_0001";"NE_0001";"NE_0001";"NE_0001";"NE_0001";"NE_0001"
"2023";"01";"080703";"CUSCO";"CHUMBIVILCAS";"CHAMACA";"GOBIERNO REGIONAL";"I-2";"00002403";"AÑAHUICHI";"NE_0001";"";"NE_0001";"NE_0001";"NE_0001";"NE_0001";"NE_0001";"NE_0001";"NE_0001"
"2023";"01";"080703";"CUSCO";"CHUMBIVILCAS";"CHAMACA";"GOBIERNO REGIONAL";"I-1";"00016328";"UCCHUCCARCCO";"NE_0001";"";"NE_0001";"NE_0001";"NE_0001";"NE_0001";"NE_0001";"NE_0001";"NE_0001"
"2023";"01";"080703";"CUSCO";"CHUMBIVILCAS";"CHAMACA";"GOBIERNO REGIONAL";"I-1";"00016330";"CCONCHACCOLLO";"NE_0001";"";"NE_0001";"NE_0001";"NE_0001";"NE_0001";"NE_0001";"NE_0001";"NE_0001"
"2023";"01";"080705";"CUSCO";"CHUMBIVILCAS";"LIVITACA";"GOBIERNO REGIONAL";"I-1";"00016325";"CHILLOROYA - LIVITACA";"NE_0001";"";"NE_0001";"NE_0001";"NE_0001";"NE_0001";"NE_0001";"NE_0001";"NE_0001"
"2023";"01";"080705";"CUSCO";"CHUMBIVILCAS";"LIVITACA";"GOBIERNO REGIONAL";"I-1";"00016327";"AUSANTA";"NE_0001";"";"NE_0001";"NE_0001";"NE_0001";"NE_0001";"NE_0001";"NE_0001";"NE_0001"
"2023";"01";"080705";"CUSCO";"CHUMBIVILCAS";"LIVITACA";"GOBIERNO REGIONAL";"I-1";"00016334";"KISIO";"NE_0001";"";"NE_0001";"NE_0001";"NE_0001";"NE_0001";"NE_0001";"NE_0001";"NE_0001"
"2023";"01";"080705";"CUSCO";"CHUMBIVILCAS";"LIVITACA";"GOBIERNO REGIONAL";"I-4";"00002406";"LIVITACA";"NE_0001";"";"NE_0001";"NE_0001";"NE_0001";"NE_0001";"NE_0001";"NE_0001";"NE_0001"
"2023";"01";"080705";"CUSCO";"CHUMBIVILCAS";"LIVITACA";"GOBIERNO REGIONAL";"I-1";"00025739";"PISQUICOCHA";"NE_0001";"";"NE_0001";"NE_0001";"NE_0001";"NE_0001";"NE_0001";"NE_0001";"NE_0001"
"2023";"01";"080705";"CUSCO";"CHUMBIVILCAS";"LIVITACA";"GOBIERNO REGIONAL";"I-1";"00025740";"TOTORA - REYNA DE LOS ANGELES";"NE_0001";"";"NE_0001";"NE_0001";"NE_0001";"NE_0001";"NE_0001";"NE_0001";"NE_0001"
"2023";"01";"080703";"CUSCO";"CHUMBIVILCAS";"CHAMACA";"GOBIERNO REGIONAL";"I-1";"00016329";"INGATA";"NE_0001";"";"NE_0001";"NE_0001";"NE_0001";"NE_0001";"NE_0001";"NE_0001";"NE_0001"
"2023";"01";"080705";"CUSCO";"CHUMBIVILCAS";"LIVITACA";"GOBIERNO REGIONAL";"I-2";"00016332";"PATAQUEÑA - LIVITACA";"NE_0001";"";"NE_0001";"NE_0001";"NE_0001";"NE_0001";"NE_0001";"NE_0001";"NE_0001"
"2023";"01";"051108";"AYACUCHO";"VILCAS HUAMAN";"VISCHONGO";"GOBIERNO REGIONAL";"I-1";"00027647";"PUESTO DE SALUD SAN LORENZO DE ÑUÑUNHUAYCCO";"NE_0001";"";"NE_0001";"NE_0001";"NE_0001";"NE_0001";"NE_0001";"NE_0001";"NE_0001"
"2023";"01";"051102";"AYACUCHO";"VILCAS HUAMAN";"ACCOMARCA";"GOBIERNO REGIONAL";"I-2";"00003841";"PUESTO DE SALUD ACCOMARCA";"NE_0001";"";"NE_0001";"NE_0001";"NE_0001";"NE_0001";"NE_0001";"NE_0001";"NE_0001"
"2023";"01";"051102";"AYACUCHO";"VILCAS HUAMAN";"ACCOMARCA";"GOBIERNO REGIONAL";"I-1";"00003842";"PUESTO DE SALUD HUARCAS";"NE_0001";"";"NE_0001";"NE_0001";"NE_0001";"NE_0001";"NE_0001";"NE_0001";"NE_0001"
"2023";"01";"051101";"AYACUCHO";"VILCAS HUAMAN";"VILCAS HUAMAN";"GOBIERNO REGIONAL";"I-4";"00003847";"CENTRO DE SALUD VILCASHUAMAN";"NE_0001";"";"NE_0001";"NE_0001";"NE_0001";"NE_0001";"NE_0001";"NE_0001";"NE_0001"
"2023";"01";"051106";"AYACUCHO";"VILCAS HUAMAN";"INDEPENDENCIA";"GOBIERNO REGIONAL";"I-2";"00003844";"PUESTO DE SALUD PACCHAHUALLHUA";"NE_0001";"";"NE_0001";"NE_0001";"NE_0001";"NE_0001";"NE_0001";"NE_0001";"NE_0001"
"2023";"01";"051101";"AYACUCHO";"VILCAS HUAMAN";"VILCAS HUAMAN";"GOBIERNO REGIONAL";"I-1";"00003849";"POMATAMBO";"NE_0001";"";"NE_0001";"NE_0001";"NE_0001";"NE_0001";"NE_0001";"NE_0001";"NE_0001"
"2023";"01";"051104";"AYACUCHO";"VILCAS HUAMAN";"CONCEPCION";"GOBIERNO REGIONAL";"I-2";"00003852";"PUESTO DE SALUD CONCEPCION";"NE_0001";"";"NE_0001";"NE_0001";"NE_0001";"NE_0001";"NE_0001";"NE_0001";"NE_0001"
"2023";"01";"051105";"AYACUCHO";"VILCAS HUAMAN";"HUAMBALPA";"GOBIERNO REGIONAL";"I-2";"00006605";"PUESTO DE SALUD HUAMBALPA";"NE_0001";"";"NE_0001";"NE_0001";"NE_0001";"NE_0001";"NE_0001";"NE_0001";"NE_0001"
"2023";"01";"051108";"AYACUCHO";"VILCAS HUAMAN";"VISCHONGO";"GOBIERNO REGIONAL";"I-1";"00006611";"PUESTO DE SALUD DE CHIRIBAMBA";"NE_0001";"";"NE_0001";"NE_0001";"NE_0001";"NE_0001";"NE_0001";"NE_0001";"NE_0001"
"2023";"01";"150101";"LIMA";"LIMA";"LIMA";"PRIVADO";"II-1";"00016291";"HOSPITAL MEGASALUD UNIVERSAL";"240000";"HOSPITALIZACIÓN";"106";"51";"159";"130";"22";"682";"0"
"2023";"01";"081207";"CUSCO";"QUISPICANCHI";"HUARO";"SANIDAD DE LA POLICIA NACIONAL DEL PERU";"I-2";"00011747";"POSTA MEDICA POLICIAL PUCUTO";"NE_0001";"";"NE_0001";"NE_0001";"NE_0001";"NE_0001";"NE_0001";"NE_0001";"NE_0001"
"2023";"01";"021101";"ANCASH";"HUARMEY";"HUARMEY";"GOBIERNO REGIONAL";"II-1";"00001741";"HOSPITAL DE APOYO HUARMEY";"240100";"HOSPITALIZACIÓN QUIRÚRGICA CIRUGÍA GENERAL ";"6";"6";"31";"31";"3";"93";"0"
"2023";"01";"021101";"ANCASH";"HUARMEY";"HUARMEY";"GOBIERNO REGIONAL";"II-1";"00001741";"HOSPITAL DE APOYO HUARMEY";"241200";"HOSPITALIZACIÓN QUIRÚRGICA TRAUMATOLOGÍA Y ORTOPEDIA ";"3";"3";"14";"14";"2";"62";"0"
"2023";"01";"021101";"ANCASH";"HUARMEY";"HUARMEY";"GOBIERNO REGIONAL";"II-1";"00001741";"HOSPITAL DE APOYO HUARMEY";"241400";"HOSPITALIZACIÓN QUIRÚRGICA GINECO - OBSTETRICIA ";"34";"34";"72";"70";"10";"310";"0"
"2023";"01";"021101";"ANCASH";"HUARMEY";"HUARMEY";"GOBIERNO REGIONAL";"II-1";"00001741";"HOSPITAL DE APOYO HUARMEY";"241800";"HOSPITALIZACIÓN DE MEDICINA MEDICINA GENERAL ";"11";"17";"85";"71";"3";"93";"1"
"2023";"01";"021101";"ANCASH";"HUARMEY";"HUARMEY";"GOBIERNO REGIONAL";"II-1";"00001741";"HOSPITAL DE APOYO HUARMEY";"242300";"HOSPITALIZACIÓN DE PEDIATRÍA  PEDIATRÍA  GENERAL ";"5";"5";"14";"14";"3";"93";"0"
"2023";"01";"150140";"LIMA";"LIMA";"SANTIAGO DE SURCO";"PRIVADO";"II-E";"00020674";"SAN MARTIN PLASTICA & ESTETICA";"NE_0002";"";"NE_0002";"NE_0002";"NE_0002";"NE_0002";"NE_0002";"NE_0002";"NE_0002"
"2023";"01";"110201";"ICA";"CHINCHA";"CHINCHA ALTA";"ESSALUD";"II-1";"00013910";"RENE TOCHE GROPPO";"241800";"HOSPITALIZACIÓN DE MEDICINA MEDICINA GENERAL ";"103";"109";"542";"462";"30";"930";"8"
"2023";"01";"110201";"ICA";"CHINCHA";"CHINCHA ALTA";"ESSALUD";"II-1";"00013910";"RENE TOCHE GROPPO";"240100";"HOSPITALIZACIÓN QUIRÚRGICA CIRUGÍA GENERAL ";"119";"114";"523";"572";"21";"651";"0"
"2023";"01";"110201";"ICA";"CHINCHA";"CHINCHA ALTA";"ESSALUD";"II-1";"00013910";"RENE TOCHE GROPPO";"241500";"HOSPITALIZACIÓN QUIRÚRGICA GINECOLOGÍA  ";"30";"28";"109";"121";"5";"155";"0"
"2023";"01";"110201";"ICA";"CHINCHA";"CHINCHA ALTA";"ESSALUD";"II-1";"00013910";"RENE TOCHE GROPPO";"241600";"HOSPITALIZACIÓN QUIRÚRGICA OBSTETRICIA   ";"119";"110";"110";"296";"12";"372";"0"
"2023";"01";"110201";"ICA";"CHINCHA";"CHINCHA ALTA";"ESSALUD";"II-1";"00013910";"RENE TOCHE GROPPO";"242300";"HOSPITALIZACIÓN DE PEDIATRÍA  PEDIATRÍA  GENERAL ";"44";"42";"42";"118";"8";"248";"0"
"2023";"01";"110201";"ICA";"CHINCHA";"CHINCHA ALTA";"ESSALUD";"II-1";"00013910";"RENE TOCHE GROPPO";"243200";"HOSPITALIZACIÓN DE PEDIATRÍA PEDIATRIA NEONATOLOGÍA";"84";"76";"76";"164";"12";"372";"0"
"2023";"01";"110201";"ICA";"CHINCHA";"CHINCHA ALTA";"ESSALUD";"II-1";"00013910";"RENE TOCHE GROPPO";"250304";"HOSPIT. EN UNIDAD DE CUID.INTEN.-UNIDAD DE VIGILANCIA INTENSIVA (UVI)-MEDICINA";"29";"13";"47";"73";"4";"124";"5"
"2023";"01";"110201";"ICA";"CHINCHA";"CHINCHA ALTA";"ESSALUD";"II-1";"00013910";"RENE TOCHE GROPPO";"242204";"HOSPITALIZACIÓN DE MEDICINA PSIQUIATRÍA REHABILITACIÓN PSIQUIÁTRICA / REINSERCIÓN ";"0";"0";"0";"217";"8";"248";"0"
"2023";"01";"211101";"PUNO";"SAN ROMAN";"JULIACA";"PRIVADO";"II-1";"00010815";"CLINICA ADVENTISTA AMERICANA DE JULIACA";"240000";"HOSPITALIZACIÓN";"153";"148";"526";"545";"41";"1258";"4"
"2023";"01";"220803";"SAN MARTIN";"RIOJA";"ELIAS SOPLIN VARGAS";"GOBIERNO REGIONAL";"I-1";"00006279";"PUERTO BAGAZAN";"NE_0002";"";"NE_0002";"NE_0002";"NE_0002";"NE_0002";"NE_0002";"NE_0002";"NE_0002"
"2023";"01";"220803";"SAN MARTIN";"RIOJA";"ELIAS SOPLIN VARGAS";"GOBIERNO REGIONAL";"I-1";"00017707";"LA VICTORIA";"NE_0002";"";"NE_0002";"NE_0002";"NE_0002";"NE_0002";"NE_0002";"NE_0002";"NE_0002"
"2023";"01";"220803";"SAN MARTIN";"RIOJA";"ELIAS SOPLIN VARGAS";"GOBIERNO REGIONAL";"I-1";"00007298";"LA NACIENTE DEL RIO NEGRO";"NE_0002";"";"NE_0002";"NE_0002";"NE_0002";"NE_0002";"NE_0002";"NE_0002";"NE_0002"
"2023";"01";"220803";"SAN MARTIN";"RIOJA";"ELIAS SOPLIN VARGAS";"GOBIERNO REGIONAL";"I-1";"00006903";"SANTA FE";"NE_0002";"";"NE_0002";"NE_0002";"NE_0002";"NE_0002";"NE_0002";"NE_0002";"NE_0002"
"2023";"01";"220803";"SAN MARTIN";"RIOJA";"ELIAS SOPLIN VARGAS";"GOBIERNO REGIONAL";"I-3";"00006277";"SEGUNDA JERUSALEN";"241600";"HOSPITALIZACIÓN QUIRÚRGICA OBSTETRICIA   ";"1";"1";"2";"1";"3";"93";"0"
"2023";"01";"220803";"SAN MARTIN";"RIOJA";"ELIAS SOPLIN VARGAS";"GOBIERNO REGIONAL";"I-3";"00006277";"SEGUNDA JERUSALEN";"241800";"HOSPITALIZACIÓN DE MEDICINA MEDICINA GENERAL ";"8";"8";"8";"8";"8";"248";"0"
"2023";"01";"220803";"SAN MARTIN";"RIOJA";"ELIAS SOPLIN VARGAS";"GOBIERNO REGIONAL";"I-1";"00006278";"VALLE GRANDE";"NE_0002";"";"NE_0002";"NE_0002";"NE_0002";"NE_0002";"NE_0002";"NE_0002";"NE_0002"
"2023";"01";"030201";"APURIMAC";"ANDAHUAYLAS";"ANDAHUAYLAS";"PRIVADO";"I-3";"00021664";"ADMEDICAL CENTRO MEDICO";"NE_0002";"";"NE_0002";"NE_0002";"NE_0002";"NE_0002";"NE_0002";"NE_0002";"NE_0002"
"2023";"01";"150101";"LIMA";"LIMA";"LIMA";"MINSA";"III-E";"00006215";"HOSPITAL NACIONAL DOCENTE MADRE NIÑO SAN BARTOLOME";"250108";"UNIDAD DE CUIDADOS CRITICOS UNIDAD  DE CUIDADOS INTENSIVOS  (UCI) PEDIÁTRICA";"6";"1";"15";"103";"7";"203";"1"
"2023";"01";"021801";"ANCASH";"SANTA";"CHIMBOTE";"SANIDAD DE LA POLICIA NACIONAL DEL PERU";"I-3";"00017690";"POLICLINICO PNP CHIMBOTE";"NE_0001";"";"NE_0001";"NE_0001";"NE_0001";"NE_0001";"NE_0001";"NE_0001";"NE_0001"
"2023";"01";"040302";"AREQUIPA";"CARAVELI";"ACARI";"ESSALUD";"I-2";"00012195";"POSTA MEDICA ACARI";"NE_0001";"";"NE_0001";"NE_0001";"NE_0001";"NE_0001";"NE_0001";"NE_0001";"NE_0001"
"2023";"01";"150115";"LIMA";"LIMA";"LA VICTORIA";"PRIVADO";"II-E";"00009431";"CLÍNICA SANTA CATALINA";"NE_0002";"";"NE_0002";"NE_0002";"NE_0002";"NE_0002";"NE_0002";"NE_0002";"NE_0002"
"2023";"01";"200101";"PIURA";"PIURA";"PIURA";"PRIVADO";"II-1";"00013042";"CLÍNICA LOS COCOS";"240100";"HOSPITALIZACIÓN QUIRÚRGICA CIRUGÍA GENERAL ";"157";"159";"245";"253";"12";"372";"0"
"2023";"01";"200101";"PIURA";"PIURA";"PIURA";"PRIVADO";"II-1";"00013042";"CLÍNICA LOS COCOS";"241400";"HOSPITALIZACIÓN QUIRÚRGICA GINECO - OBSTETRICIA ";"239";"225";"313";"326";"16";"496";"0"
"2023";"01";"200101";"PIURA";"PIURA";"PIURA";"PRIVADO";"II-1";"00013042";"CLÍNICA LOS COCOS";"241800";"HOSPITALIZACIÓN DE MEDICINA MEDICINA GENERAL ";"17";"16";"37";"39";"7";"217";"0"
"2023";"01";"160601";"LORETO";"UCAYALI";"CONTAMANA";"ESSALUD";"I-3";"00010843";"POSTA MEDICA ESSALUD CONTAMANA";"NE_0001";"";"NE_0001";"NE_0001";"NE_0001";"NE_0001";"NE_0001";"NE_0001";"NE_0001"
"2023";"01";"130111";"LA LIBERTAD";"TRUJILLO";"VICTOR LARCO HERRERA";"PRIVADO";"II-1";"00026935";"CLÍNICA FÁTIMA";"240100";"HOSPITALIZACIÓN QUIRÚRGICA CIRUGÍA GENERAL ";"108";"108";"140";"140";"7";"217";"0"
"2023";"01";"130111";"LA LIBERTAD";"TRUJILLO";"VICTOR LARCO HERRERA";"PRIVADO";"II-1";"00026935";"CLÍNICA FÁTIMA";"241400";"HOSPITALIZACIÓN QUIRÚRGICA GINECO - OBSTETRICIA ";"16";"16";"17";"17";"9";"279";"0"
"2023";"01";"130111";"LA LIBERTAD";"TRUJILLO";"VICTOR LARCO HERRERA";"PRIVADO";"II-1";"00026935";"CLÍNICA FÁTIMA";"241800";"HOSPITALIZACIÓN DE MEDICINA MEDICINA GENERAL ";"21";"21";"29";"29";"2";"62";"0"
"2023";"01";"130111";"LA LIBERTAD";"TRUJILLO";"VICTOR LARCO HERRERA";"PRIVADO";"II-1";"00026935";"CLÍNICA FÁTIMA";"242300";"HOSPITALIZACIÓN DE PEDIATRÍA  PEDIATRÍA  GENERAL ";"4";"4";"4";"4";"1";"31";"0"
"2023";"01";"150135";"LIMA";"LIMA";"SAN MARTIN DE PORRES";"MINSA";"III-2";"00007733";"INSTITUTO NACIONAL DE SALUD MENTAL ""HONORIO DELGADO - HIDEYO NOGUCHI""";"242205";"HOSPITALIZACIÓN MEDICINA PSIQUIATRÍA PISIQUIATRIA/ SALUD MENTAL Y ADICCIONES";"19";"13";"530";"514";"19";"602";"0"
"2023";"01";"150113";"LIMA";"LIMA";"JESUS MARIA";"PRIVADO";"II-E";"00017173";"CLINICA PORVENIR";"240000";"HOSPITALIZACIÓN";"219";"201";"326";"238";"13";"403";"0"
"2023";"01";"060602";"CAJAMARCA";"CUTERVO";"CALLAYUC";"GOBIERNO REGIONAL";"I-3";"00004959";"CALLAYUC";"NE_0001";"";"NE_0001";"NE_0001";"NE_0001";"NE_0001";"NE_0001";"NE_0001";"NE_0001"
"2023";"01";"060602";"CAJAMARCA";"CUTERVO";"CALLAYUC";"GOBIERNO REGIONAL";"I-1";"00006835";"CHURAS";"NE_0001";"";"NE_0001";"NE_0001";"NE_0001";"NE_0001";"NE_0001";"NE_0001";"NE_0001"
"2023";"01";"060602";"CAJAMARCA";"CUTERVO";"CALLAYUC";"GOBIERNO REGIONAL";"I-1";"00006944";"VILUCO";"NE_0001";"";"NE_0001";"NE_0001";"NE_0001";"NE_0001";"NE_0001";"NE_0001";"NE_0001"
"2023";"01";"060602";"CAJAMARCA";"CUTERVO";"CALLAYUC";"GOBIERNO REGIONAL";"I-1";"00007368";"CUCHEA";"NE_0001";"";"NE_0001";"NE_0001";"NE_0001";"NE_0001";"NE_0001";"NE_0001";"NE_0001"
"2023";"01";"060602";"CAJAMARCA";"CUTERVO";"CALLAYUC";"GOBIERNO REGIONAL";"I-1";"00007100";"SAN JUAN DE CHORILLOS";"NE_0001";"";"NE_0001";"NE_0001";"NE_0001";"NE_0001";"NE_0001";"NE_0001";"NE_0001"
"2023";"01";"060602";"CAJAMARCA";"CUTERVO";"CALLAYUC";"GOBIERNO REGIONAL";"I-1";"00007369";"CHONTAS";"NE_0001";"";"NE_0001";"NE_0001";"NE_0001";"NE_0001";"NE_0001";"NE_0001";"NE_0001"
"2023";"01";"060602";"CAJAMARCA";"CUTERVO";"CALLAYUC";"GOBIERNO REGIONAL";"I-1";"00004961";"SAN JOSE DE LIRIO";"NE_0001";"";"NE_0001";"NE_0001";"NE_0001";"NE_0001";"NE_0001";"NE_0001";"NE_0001"
"2023";"01";"060602";"CAJAMARCA";"CUTERVO";"CALLAYUC";"GOBIERNO REGIONAL";"I-1";"00006830";"FILADELFIA";"NE_0001";"";"NE_0001";"NE_0001";"NE_0001";"NE_0001";"NE_0001";"NE_0001";"NE_0001"
"2023";"01";"060602";"CAJAMARCA";"CUTERVO";"CALLAYUC";"GOBIERNO REGIONAL";"I-2";"00004960";"EL CUMBE";"NE_0001";"";"NE_0001";"NE_0001";"NE_0001";"NE_0001";"NE_0001";"NE_0001";"NE_0001"
"2023";"01";"060602";"CAJAMARCA";"CUTERVO";"CALLAYUC";"GOBIERNO REGIONAL";"I-1";"00006829";"PUQUIO DE CALLAYUC";"NE_0001";"";"NE_0001";"NE_0001";"NE_0001";"NE_0001";"NE_0001";"NE_0001";"NE_0001"
"2023";"01";"150605";"LIMA";"HUARAL";"CHANCAY";"GOBIERNO REGIONAL";"I-3";"00005731";"CLAS PEDRO CANEVARO GARAY DE CHANCAYLLO";"NE_0001";"";"NE_0001";"NE_0001";"NE_0001";"NE_0001";"NE_0001";"NE_0001";"NE_0001"
"2023";"01";"130101";"LA LIBERTAD";"TRUJILLO";"TRUJILLO";"PRIVADO";"II-E";"00021354";"CLINICA LUZ Y VIDA";"NE_0001";"";"NE_0001";"NE_0001";"NE_0001";"NE_0001";"NE_0001";"NE_0001";"NE_0001"
"2023";"01";"130101";"LA LIBERTAD";"TRUJILLO";"TRUJILLO";"GOBIERNO REGIONAL";"III-2";"00005197";"IRO JSU";"NE_0001";"";"NE_0001";"NE_0001";"NE_0001";"NE_0001";"NE_0001";"NE_0001";"NE_0001"
"2023";"01";"150113";"LIMA";"LIMA";"JESUS MARIA";"PRIVADO";"II-E";"00009089";"ONCOGYN CLINICA INTEGRAL";"241400";"HOSPITALIZACIÓN QUIRÚRGICA GINECO - OBSTETRICIA ";"4";"4";"4";"4";"4";"112";"0"
"2023";"01";"040112";"AREQUIPA";"AREQUIPA";"PAUCARPATA";"GOBIERNO REGIONAL";"I-3";"00001313";"CENTRO DE SALUD NUEVA ALBORADA";"NE_0001";"";"NE_0001";"NE_0001";"NE_0001";"NE_0001";"NE_0001";"NE_0001";"NE_0001"
"2023";"01";"040112";"AREQUIPA";"AREQUIPA";"PAUCARPATA";"GOBIERNO REGIONAL";"I-3";"00001310";"CENTRO DE SALUD MANUEL PRADO";"NE_0001";"";"NE_0001";"NE_0001";"NE_0001";"NE_0001";"NE_0001";"NE_0001";"NE_0001"
"2023";"01";"040112";"AREQUIPA";"AREQUIPA";"PAUCARPATA";"GOBIERNO REGIONAL";"I-3";"00001315";"CENTRO DE SALUD CAMPO MARTE";"NE_0001";"";"NE_0001";"NE_0001";"NE_0001";"NE_0001";"NE_0001";"NE_0001";"NE_0001"
"2023";"01";"150101";"LIMA";"LIMA";"LIMA";"MINSA";"III-2";"00006208";"INSTITUTO NACIONAL MATERNO PERINATAL";"241400";"HOSPITALIZACIÓN QUIRÚRGICA GINECO - OBSTETRICIA ";"1405";"1276";"4116";"4766";"202";"5890";"0"
"2023";"01";"150101";"LIMA";"LIMA";"LIMA";"MINSA";"III-2";"00006208";"INSTITUTO NACIONAL MATERNO PERINATAL";"241500";"HOSPITALIZACIÓN QUIRÚRGICA GINECOLOGÍA  ";"79";"71";"236";"444";"20";"620";"0"
"2023";"01";"150101";"LIMA";"LIMA";"LIMA";"MINSA";"III-2";"00006208";"INSTITUTO NACIONAL MATERNO PERINATAL";"250102";"UNIDAD DE CUIDADOS CRITICOS UNIDAD  DE CUIDADOS INTENSIVOS GENERALES (UCI) GINECO-OBSTETRICIA";"37";"33";"153";"196";"10";"248";"0"
"2023";"01";"150101";"LIMA";"LIMA";"LIMA";"MINSA";"III-2";"00006208";"INSTITUTO NACIONAL MATERNO PERINATAL";"250105";"UNIDAD DE CUIDADOS CRITICOS UNIDAD  DE CUIDADOS INTENSIVOS  (UCI) NEONATOLOGÍA";"68";"60";"910";"921";"30";"930";"21"
"2023";"01";"150101";"LIMA";"LIMA";"LIMA";"MINSA";"III-2";"00006208";"INSTITUTO NACIONAL MATERNO PERINATAL";"243200";"HOSPITALIZACIÓN DE PEDIATRÍA PEDIATRIA NEONATOLOGÍA";"194";"180";"2599";"2719";"90";"2790";"10"
"2023";"01";"150113";"LIMA";"LIMA";"JESUS MARIA";"PRIVADO";"II-E";"00026793";"CLINICA BELLAFORMA";"NE_0001";"";"NE_0001";"NE_0001";"NE_0001";"NE_0001";"NE_0001";"NE_0001";"NE_0001"
"2023";"01";"130101";"LA LIBERTAD";"TRUJILLO";"TRUJILLO";"GOBIERNO REGIONAL";"III-1";"00005196";"REGIONAL DOCENTE DE TRUJILLO";"241900";"HOSPITALIZACIÓN DE MEDICINA MEDICINA INTERNA ";"83";"83";"553";"807";"29";"899";"7"
"2023";"01";"130101";"LA LIBERTAD";"TRUJILLO";"TRUJILLO";"GOBIERNO REGIONAL";"III-1";"00005196";"REGIONAL DOCENTE DE TRUJILLO";"245300";"HOSPITALIZACIÓN DE MEDICINA NEUMOLOGÍA  ";"30";"25";"415";"390";"20";"620";"1"
"2023";"01";"130101";"LA LIBERTAD";"TRUJILLO";"TRUJILLO";"GOBIERNO REGIONAL";"III-1";"00005196";"REGIONAL DOCENTE DE TRUJILLO";"244700";"HOSPITALIZACIÓN DE MEDICINA NEUROLOGIA  ";"22";"25";"157";"131";"10";"310";"1"
"2023";"01";"130101";"LA LIBERTAD";"TRUJILLO";"TRUJILLO";"GOBIERNO REGIONAL";"III-1";"00005196";"REGIONAL DOCENTE DE TRUJILLO";"244300";"HOSPITALIZACIÓN DE MEDICINA GASTROENTEROLOGÍA  ";"37";"37";"179";"263";"12";"372";"1"
"2023";"01";"130101";"LA LIBERTAD";"TRUJILLO";"TRUJILLO";"GOBIERNO REGIONAL";"III-1";"00005196";"REGIONAL DOCENTE DE TRUJILLO";"245700";"HOSPITALIZACIÓN QUIRÚRGICA CARDIOLOGIA ";"8";"8";"58";"58";"3";"93";"0"
"2023";"01";"130101";"LA LIBERTAD";"TRUJILLO";"TRUJILLO";"GOBIERNO REGIONAL";"III-1";"00005196";"REGIONAL DOCENTE DE TRUJILLO";"242204";"HOSPITALIZACIÓN DE MEDICINA PSIQUIATRÍA REHABILITACIÓN PSIQUIÁTRICA / REINSERCIÓN ";"12";"13";"443";"370";"16";"496";"0"
"2023";"01";"130101";"LA LIBERTAD";"TRUJILLO";"TRUJILLO";"GOBIERNO REGIONAL";"III-1";"00005196";"REGIONAL DOCENTE DE TRUJILLO";"250103";"UNIDAD DE CUIDADOS CRITICOS UNIDAD  DE CUIDADOS INTENSIVOS GENERALES  (UCI) MEDICINA";"13";"4";"434";"359";"12";"372";"3"
"2023";"01";"130101";"LA LIBERTAD";"TRUJILLO";"TRUJILLO";"GOBIERNO REGIONAL";"III-1";"00005196";"REGIONAL DOCENTE DE TRUJILLO";"240100";"HOSPITALIZACIÓN QUIRÚRGICA CIRUGÍA GENERAL ";"164";"163";"551";"502";"19";"589";"1"
"2023";"01";"130101";"LA LIBERTAD";"TRUJILLO";"TRUJILLO";"GOBIERNO REGIONAL";"III-1";"00005196";"REGIONAL DOCENTE DE TRUJILLO";"240801";"HOSPITALIZACIÓN QUIRÚRGICA CIRUGÍA PLÁSTICA/RECONSTRUCTIVA/ REPARADORA QUEMADOS";"12";"12";"246";"168";"6";"186";"0"
"2023";"01";"130101";"LA LIBERTAD";"TRUJILLO";"TRUJILLO";"GOBIERNO REGIONAL";"III-1";"00005196";"REGIONAL DOCENTE DE TRUJILLO";"240400";"HOSPITALIZACIÓN QUIRÚRGICA CIRUGÍA DE TÓRAX Y CARDIOVASCULAR ";"1";"4";"166";"84";"3";"93";"1"
"2023";"01";"130101";"LA LIBERTAD";"TRUJILLO";"TRUJILLO";"GOBIERNO REGIONAL";"III-1";"00005196";"REGIONAL DOCENTE DE TRUJILLO";"241200";"HOSPITALIZACIÓN QUIRÚRGICA TRAUMATOLOGÍA Y ORTOPEDIA ";"42";"44";"268";"356";"12";"372";"0"
"2023";"01";"130101";"LA LIBERTAD";"TRUJILLO";"TRUJILLO";"GOBIERNO REGIONAL";"III-1";"00005196";"REGIONAL DOCENTE DE TRUJILLO";"241100";"HOSPITALIZACIÓN QUIRÚRGICA OTORRINOLARINGOLOGÍA  ";"11";"8";"36";"44";"3";"93";"0"
"2023";"01";"130101";"LA LIBERTAD";"TRUJILLO";"TRUJILLO";"GOBIERNO REGIONAL";"III-1";"00005196";"REGIONAL DOCENTE DE TRUJILLO";"241300";"HOSPITALIZACIÓN QUIRÚRGICA UROLOGÍA  ";"22";"20";"86";"80";"6";"186";"0"
"2023";"01";"130101";"LA LIBERTAD";"TRUJILLO";"TRUJILLO";"GOBIERNO REGIONAL";"III-1";"00005196";"REGIONAL DOCENTE DE TRUJILLO";"240900";"HOSPITALIZACIÓN QUIRÚRGICA NEUROCIRUGÍA ";"15";"15";"244";"209";"10";"310";"1"
"2023";"01";"130101";"LA LIBERTAD";"TRUJILLO";"TRUJILLO";"GOBIERNO REGIONAL";"III-1";"00005196";"REGIONAL DOCENTE DE TRUJILLO";"242300";"HOSPITALIZACIÓN DE PEDIATRÍA  PEDIATRÍA  GENERAL ";"54";"51";"339";"266";"14";"434";"0"
"2023";"01";"130101";"LA LIBERTAD";"TRUJILLO";"TRUJILLO";"GOBIERNO REGIONAL";"III-1";"00005196";"REGIONAL DOCENTE DE TRUJILLO";"250108";"UNIDAD DE CUIDADOS CRITICOS UNIDAD  DE CUIDADOS INTENSIVOS  (UCI) PEDIÁTRICA";"4";"0";"0";"152";"5";"155";"0"
"2023";"01";"130101";"LA LIBERTAD";"TRUJILLO";"TRUJILLO";"GOBIERNO REGIONAL";"III-1";"00005196";"REGIONAL DOCENTE DE TRUJILLO";"243200";"HOSPITALIZACIÓN DE PEDIATRÍA PEDIATRIA NEONATOLOGÍA";"26";"48";"589";"371";"12";"372";"0"
"2023";"01";"130101";"LA LIBERTAD";"TRUJILLO";"TRUJILLO";"GOBIERNO REGIONAL";"III-1";"00005196";"REGIONAL DOCENTE DE TRUJILLO";"250105";"UNIDAD DE CUIDADOS CRITICOS UNIDAD  DE CUIDADOS INTENSIVOS  (UCI) NEONATOLOGÍA";"25";"7";"72";"455";"15";"465";"7"
"2023";"01";"130101";"LA LIBERTAD";"TRUJILLO";"TRUJILLO";"GOBIERNO REGIONAL";"III-1";"00005196";"REGIONAL DOCENTE DE TRUJILLO";"241600";"HOSPITALIZACIÓN QUIRÚRGICA OBSTETRICIA   ";"124";"124";"404";"322";"17";"527";"0"
"2023";"01";"150131";"LIMA";"LIMA";"SAN ISIDRO";"PRIVADO";"II-E";"00018581";"CLINICA PETRAS";"240800";"HOSPITALIZACIÓN QUIRÚRGICA CIRUGÍA PLÁSTICA/RECONSTRUCTIVA/ REPARADORA ";"1";"1";"1";"1";"2,00";"62";"0"
"2023";"01";"060301";"CAJAMARCA";"CELENDIN";"CELENDIN";"GOBIERNO REGIONAL";"II-1";"00004466";"DE APOYO CELENDIN";"241800";"HOSPITALIZACIÓN DE MEDICINA MEDICINA GENERAL ";"95";"98";"242";"253";"27";"837";"0"
"2023";"01";"070101";"CALLAO";"CALLAO";"CALLAO";"PRIVADO";"I-2";"00018306";"CENTRO DE ATENCIÓN PRIMARIA ALBERTO LEONARDO BARTON THOMPSON";"NE_0001";"";"NE_0001";"NE_0001";"NE_0001";"NE_0001";"NE_0001";"NE_0001";"NE_0001"
"2023";"01";"060807";"CAJAMARCA";"JAEN";"POMAHUACA";"GOBIERNO REGIONAL";"I-3";"00004247";"POMAHUACA";"NE_0001";"";"NE_0001";"NE_0001";"NE_0001";"NE_0001";"NE_0001";"NE_0001";"NE_0001"
"2023";"01";"060807";"CAJAMARCA";"JAEN";"POMAHUACA";"GOBIERNO REGIONAL";"I-1";"00016139";"YAMBOLON";"NE_0001";"";"NE_0001";"NE_0001";"NE_0001";"NE_0001";"NE_0001";"NE_0001";"NE_0001"
"2023";"01";"060807";"CAJAMARCA";"JAEN";"POMAHUACA";"GOBIERNO REGIONAL";"I-1";"00007166";"MANGAYPA";"NE_0001";"";"NE_0001";"NE_0001";"NE_0001";"NE_0001";"NE_0001";"NE_0001";"NE_0001"
"2023";"01";"130902";"LA LIBERTAD";"SANCHEZ CARRION";"CHUGAY";"GOBIERNO REGIONAL";"I-2";"00005353";"UCHUBAMBA";"NE_0001";"";"NE_0001";"NE_0001";"NE_0001";"NE_0001";"NE_0001";"NE_0001";"NE_0001"
"2023";"01";"130902";"LA LIBERTAD";"SANCHEZ CARRION";"CHUGAY";"GOBIERNO REGIONAL";"I-2";"00005354";"COCHABAMBA";"NE_0001";"";"NE_0001";"NE_0001";"NE_0001";"NE_0001";"NE_0001";"NE_0001";"NE_0001"
"2023";"01";"130902";"LA LIBERTAD";"SANCHEZ CARRION";"CHUGAY";"GOBIERNO REGIONAL";"I-2";"00017924";"UCHUY";"NE_0001";"";"NE_0001";"NE_0001";"NE_0001";"NE_0001";"NE_0001";"NE_0001";"NE_0001"
"2023";"01";"130902";"LA LIBERTAD";"SANCHEZ CARRION";"CHUGAY";"GOBIERNO REGIONAL";"I-2";"00005352";"CHUGAY";"NE_0001";"";"NE_0001";"NE_0001";"NE_0001";"NE_0001";"NE_0001";"NE_0001";"NE_0001"
"2023";"01";"130902";"LA LIBERTAD";"SANCHEZ CARRION";"CHUGAY";"GOBIERNO REGIONAL";"I-1";"00018297";"HUAGUIL";"NE_0001";"";"NE_0001";"NE_0001";"NE_0001";"NE_0001";"NE_0001";"NE_0001";"NE_0001"
"2023";"01";"130902";"LA LIBERTAD";"SANCHEZ CARRION";"CHUGAY";"GOBIERNO REGIONAL";"I-1";"00029509";"PUESTO DE SALUD AHIJADERO";"NE_0001";"";"NE_0001";"NE_0001";"NE_0001";"NE_0001";"NE_0001";"NE_0001";"NE_0001"
"2023";"01";"130902";"LA LIBERTAD";"SANCHEZ CARRION";"CHUGAY";"GOBIERNO REGIONAL";"I-1";"00024527";"NUEVO HUAYCHO";"NE_0001";"";"NE_0001";"NE_0001";"NE_0001";"NE_0001";"NE_0001";"NE_0001";"NE_0001"
"2023";"01";"130902";"LA LIBERTAD";"SANCHEZ CARRION";"CHUGAY";"GOBIERNO REGIONAL";"I-2";"00018225";"CANUCUBAMBA";"NE_0001";"";"NE_0001";"NE_0001";"NE_0001";"NE_0001";"NE_0001";"NE_0001";"NE_0001"
"2023";"01";"130902";"LA LIBERTAD";"SANCHEZ CARRION";"CHUGAY";"GOBIERNO REGIONAL";"I-1";"00031804";"PUESTO DE SALUD PAJA BLANCA";"NE_0001";"";"NE_0001";"NE_0001";"NE_0001";"NE_0001";"NE_0001";"NE_0001";"NE_0001"
"2023";"01";"150133";"LIMA";"LIMA";"SAN JUAN DE MIRAFLORES";"PRIVADO";"II-E";"00017676";"OFTALMOSALUD";"NE_0001";"";"NE_0001";"NE_0001";"NE_0001";"NE_0001";"NE_0001";"NE_0001";"NE_0001"
"2023";"01";"051011";"AYACUCHO";"VICTOR FAJARDO";"SARHUA";"GOBIERNO REGIONAL";"I-1";"00003505";"TOMANGA";"NE_0001";"";"NE_0001";"NE_0001";"NE_0001";"NE_0001";"NE_0001";"NE_0001";"NE_0001"
"2023";"01";"051011";"AYACUCHO";"VICTOR FAJARDO";"SARHUA";"GOBIERNO REGIONAL";"I-1";"00003500";"PUESTO DE SALUD CHUQUI HUARCAYA";"NE_0001";"";"NE_0001";"NE_0001";"NE_0001";"NE_0001";"NE_0001";"NE_0001";"NE_0001"
"2023";"01";"050202";"AYACUCHO";"CANGALLO";"CHUSCHI";"GOBIERNO REGIONAL";"I-3";"00003502";"CENTRO DE SALUD CHUSCHI";"241400";"HOSPITALIZACIÓN QUIRÚRGICA GINECO - OBSTETRICIA ";"4";"4";"12";"1";"2";"3";"0"
"2023";"01";"050202";"AYACUCHO";"CANGALLO";"CHUSCHI";"GOBIERNO REGIONAL";"I-1";"00003504";"PUESTO DE SALUD CANCHA CANCHA";"NE_0001";"";"NE_0001";"NE_0001";"NE_0001";"NE_0001";"NE_0001";"NE_0001";"NE_0001"
"2023";"01";"050204";"AYACUCHO";"CANGALLO";"MARIA PARADO DE BELLIDO";"GOBIERNO REGIONAL";"I-3";"00003509";"CENTRO DE SALUD POMABAMBA";"241400";"HOSPITALIZACIÓN QUIRÚRGICA GINECO - OBSTETRICIA ";"4";"4";"8";"3";"4";"6";"0"
"2023";"01";"051011";"AYACUCHO";"VICTOR FAJARDO";"SARHUA";"GOBIERNO REGIONAL";"I-3";"00003512";"PUESTO DE SALUD SARHUA";"NE_0002";"";"NE_0002";"NE_0002";"NE_0002";"NE_0002";"NE_0002";"NE_0002";"NE_0002"
"2023";"01";"050202";"AYACUCHO";"CANGALLO";"CHUSCHI";"GOBIERNO REGIONAL";"I-1";"00003503";"PUESTO DE SALUD CHACOLLA";"NE_0001";"";"NE_0001";"NE_0001";"NE_0001";"NE_0001";"NE_0001";"NE_0001";"NE_0001"
"2023";"01";"051008";"AYACUCHO";"VICTOR FAJARDO";"HUAMANQUIQUIA";"GOBIERNO REGIONAL";"I-1";"00003832";"PUESTO DE SALUD PATARA";"NE_0001";"";"NE_0001";"NE_0001";"NE_0001";"NE_0001";"NE_0001";"NE_0001";"NE_0001"
"2023";"01";"051002";"AYACUCHO";"VICTOR FAJARDO";"ALCAMENCA";"GOBIERNO REGIONAL";"I-1";"00003510";"PUESTO DE SALUD CARAMPA";"NE_0001";"";"NE_0001";"NE_0001";"NE_0001";"NE_0001";"NE_0001";"NE_0001";"NE_0001"
"2023";"01";"051011";"AYACUCHO";"VICTOR FAJARDO";"SARHUA";"GOBIERNO REGIONAL";"I-1";"00003511";"PUESTO DE SALUD AUQUILLA";"NE_0001";"";"NE_0001";"NE_0001";"NE_0001";"NE_0001";"NE_0001";"NE_0001";"NE_0001"
"2023";"01";"150117";"LIMA";"LIMA";"LOS OLIVOS";"PRIVADO";"II-E";"00023852";"OFTALMOSALUD";"NE_0001";"";"NE_0001";"NE_0001";"NE_0001";"NE_0001";"NE_0001";"NE_0001";"NE_0001"
"2023";"01";"150131";"LIMA";"LIMA";"SAN ISIDRO";"PRIVADO";"II-E";"00009505";"OFTALMOSALUD";"NE_0001";"";"NE_0001";"NE_0001";"NE_0001";"NE_0001";"NE_0001";"NE_0001";"NE_0001"
"2023";"01";"130301";"LA LIBERTAD";"BOLIVAR";"BOLIVAR";"GOBIERNO REGIONAL";"II-1";"00005366";"HOSPITAL PROVINCIAL DE BOLIVAR";"241600";"HOSPITALIZACIÓN QUIRÚRGICA OBSTETRICIA   ";"4";"4";"4";"4";"4";"124";"0"
"2023";"01";"130301";"LA LIBERTAD";"BOLIVAR";"BOLIVAR";"GOBIERNO REGIONAL";"II-1";"00005366";"HOSPITAL PROVINCIAL DE BOLIVAR";"241800";"HOSPITALIZACIÓN DE MEDICINA MEDICINA GENERAL ";"3";"3";"5";"5";"4";"124";"0"
"2023";"01";"061110";"CAJAMARCA";"SAN MIGUEL";"SAN GREGORIO";"GOBIERNO REGIONAL";"I-1";"00004535";"EL SAUCE";"NE_0001";"";"NE_0001";"NE_0001";"NE_0001";"NE_0001";"NE_0001";"NE_0001";"NE_0001"
"2023";"01";"061108";"CAJAMARCA";"SAN MIGUEL";"NANCHOC";"GOBIERNO REGIONAL";"I-1";"00004533";"CARAHUASI";"NE_0001";"";"NE_0001";"NE_0001";"NE_0001";"NE_0001";"NE_0001";"NE_0001";"NE_0001"
"2023";"01";"061110";"CAJAMARCA";"SAN MIGUEL";"SAN GREGORIO";"GOBIERNO REGIONAL";"I-1";"00004536";"SAN GREGORIO";"NE_0001";"";"NE_0001";"NE_0001";"NE_0001";"NE_0001";"NE_0001";"NE_0001";"NE_0001"
"2023";"01";"061108";"CAJAMARCA";"SAN MIGUEL";"NANCHOC";"GOBIERNO REGIONAL";"I-3";"00004532";"NANCHOC";"NE_0001";"";"NE_0001";"NE_0001";"NE_0001";"NE_0001";"NE_0001";"NE_0001";"NE_0001"
"2023";"01";"061102";"CAJAMARCA";"SAN MIGUEL";"BOLIVAR";"GOBIERNO REGIONAL";"I-2";"00004534";"BOLIVAR";"NE_0001";"";"NE_0001";"NE_0001";"NE_0001";"NE_0001";"NE_0001";"NE_0001";"NE_0001"
"2023";"01";"061110";"CAJAMARCA";"SAN MIGUEL";"SAN GREGORIO";"GOBIERNO REGIONAL";"I-2";"00004537";"CASA BLANCA";"NE_0001";"";"NE_0001";"NE_0001";"NE_0001";"NE_0001";"NE_0001";"NE_0001";"NE_0001"
"2023";"01";"061102";"CAJAMARCA";"SAN MIGUEL";"BOLIVAR";"GOBIERNO REGIONAL";"I-1";"00007405";"SAN JOSE";"NE_0001";"";"NE_0001";"NE_0001";"NE_0001";"NE_0001";"NE_0001";"NE_0001";"NE_0001"
"2023";"01";"120425";"JUNIN";"JAUJA";"PARCO";"GOBIERNO REGIONAL";"I-2";"00000374";"PARCO";"NE_0001";"";"NE_0001";"NE_0001";"NE_0001";"NE_0001";"NE_0001";"NE_0001";"NE_0001"
"2023";"01";"120405";"JUNIN";"JAUJA";"CANCHAYLLO";"GOBIERNO REGIONAL";"I-2";"00000424";"CANCHAYLLO";"NE_0001";"";"NE_0001";"NE_0001";"NE_0001";"NE_0001";"NE_0001";"NE_0001";"NE_0001"
"2023";"01";"120414";"JUNIN";"JAUJA";"LLOCLLAPAMPA";"GOBIERNO REGIONAL";"I-3";"00000427";"LLOCLLAPAMPA";"NE_0001";"";"NE_0001";"NE_0001";"NE_0001";"NE_0001";"NE_0001";"NE_0001";"NE_0001"
"2023";"01";"120411";"JUNIN";"JAUJA";"JANJAILLO";"GOBIERNO REGIONAL";"I-2";"00000426";"JANJAILLO";"NE_0001";"";"NE_0001";"NE_0001";"NE_0001";"NE_0001";"NE_0001";"NE_0001";"NE_0001"
"2023";"01";"120425";"JUNIN";"JAUJA";"PARCO";"GOBIERNO REGIONAL";"I-1";"00000375";"ULLUSCA";"NE_0001";"";"NE_0001";"NE_0001";"NE_0001";"NE_0001";"NE_0001";"NE_0001";"NE_0001"
"2023";"01";"120406";"JUNIN";"JAUJA";"CURICACA";"GOBIERNO REGIONAL";"I-2";"00000425";"EL ROSARIO";"NE_0001";"";"NE_0001";"NE_0001";"NE_0001";"NE_0001";"NE_0001";"NE_0001";"NE_0001"
"2023";"01";"120414";"JUNIN";"JAUJA";"LLOCLLAPAMPA";"GOBIERNO REGIONAL";"I-1";"00000428";"MATACHICO";"NE_0001";"";"NE_0001";"NE_0001";"NE_0001";"NE_0001";"NE_0001";"NE_0001";"NE_0001"
"2023";"01";"130905";"LA LIBERTAD";"SANCHEZ CARRION";"MARCABAL";"GOBIERNO REGIONAL";"I-2";"00013552";"AGOCAS";"NE_0001";"";"NE_0001";"NE_0001";"NE_0001";"NE_0001";"NE_0001";"NE_0001";"NE_0001"
"2023";"01";"130905";"LA LIBERTAD";"SANCHEZ CARRION";"MARCABAL";"GOBIERNO REGIONAL";"I-1";"00013827";"NARANJOPAMPA";"NE_0001";"";"NE_0001";"NE_0001";"NE_0001";"NE_0001";"NE_0001";"NE_0001";"NE_0001"
"2023";"01";"130905";"LA LIBERTAD";"SANCHEZ CARRION";"MARCABAL";"GOBIERNO REGIONAL";"I-2";"00013550";"SHITA";"NE_0001";"";"NE_0001";"NE_0001";"NE_0001";"NE_0001";"NE_0001";"NE_0001";"NE_0001"
"2023";"01";"130905";"LA LIBERTAD";"SANCHEZ CARRION";"MARCABAL";"GOBIERNO REGIONAL";"I-2";"00013825";"CHAQUILBAMBA";"NE_0001";"";"NE_0001";"NE_0001";"NE_0001";"NE_0001";"NE_0001";"NE_0001";"NE_0001"
"2023";"01";"130905";"LA LIBERTAD";"SANCHEZ CARRION";"MARCABAL";"GOBIERNO REGIONAL";"I-2";"00005358";"MARCABALITO";"NE_0001";"";"NE_0001";"NE_0001";"NE_0001";"NE_0001";"NE_0001";"NE_0001";"NE_0001"
"2023";"01";"130905";"LA LIBERTAD";"SANCHEZ CARRION";"MARCABAL";"GOBIERNO REGIONAL";"I-2";"00013794";"LLUCHUBAMBA";"NE_0001";"";"NE_0001";"NE_0001";"NE_0001";"NE_0001";"NE_0001";"NE_0001";"NE_0001"
"2023";"01";"040108";"AREQUIPA";"AREQUIPA";"LA JOYA";"GOBIERNO REGIONAL";"I-3";"00001323";"CENTRO DE SALUD SAN ISIDRO";"NE_0001";"";"NE_0001";"NE_0001";"NE_0001";"NE_0001";"NE_0001";"NE_0001";"NE_0001"
"2023";"01";"040401";"AREQUIPA";"CASTILLA";"APLAO";"GOBIERNO REGIONAL";"II-1";"00001382";"HOSPITAL APLAO";"242500";"HOSPITALIZACIÓN-PEDIATRÍA GENERAL-";"4";"5";"20";"25";"14";"434";"0"
"2023";"01";"120805";"JUNIN";"YAULI";"MOROCOCHA";"GOBIERNO REGIONAL";"I-3";"00000563";"MOROCOCHA";"NE_0001";"";"NE_0001";"NE_0001";"NE_0001";"NE_0001";"NE_0001";"NE_0001";"NE_0001"
"2023";"01";"120805";"JUNIN";"YAULI";"MOROCOCHA";"GOBIERNO REGIONAL";"I-1";"00021450";"SAN FRANCISCO DE ASIS DE PUCARA";"NE_0001";"";"NE_0001";"NE_0001";"NE_0001";"NE_0001";"NE_0001";"NE_0001";"NE_0001"
"2023";"01";"120803";"JUNIN";"YAULI";"HUAY HUAY";"GOBIERNO REGIONAL";"I-2";"00000430";"HUAYHUAY";"NE_0001";"";"NE_0001";"NE_0001";"NE_0001";"NE_0001";"NE_0001";"NE_0001";"NE_0001"
"2023";"01";"110111";"ICA";"ICA";"SANTIAGO";"ESSALUD";"I-3";"00011968";"SANTA MARGARITA";"NE_0001";"";"NE_0001";"NE_0001";"NE_0001";"NE_0001";"NE_0001";"NE_0001";"NE_0001"
"2023";"01";"120602";"JUNIN";"SATIPO";"COVIRIALI";"GOBIERNO REGIONAL";"I-1";"00000487";"SANTA MARIA";"NE_0001";"";"NE_0001";"NE_0001";"NE_0001";"NE_0001";"NE_0001";"NE_0001";"NE_0001"
"2023";"01";"120605";"JUNIN";"SATIPO";"PAMPA HERMOSA";"GOBIERNO REGIONAL";"I-2";"00017678";"HUANCAMACHAY";"NE_0001";"";"NE_0001";"NE_0001";"NE_0001";"NE_0001";"NE_0001";"NE_0001";"NE_0001"
"2023";"01";"120602";"JUNIN";"SATIPO";"COVIRIALI";"GOBIERNO REGIONAL";"I-1";"00000489";"BUENOS AIRES";"NE_0001";"";"NE_0001";"NE_0001";"NE_0001";"NE_0001";"NE_0001";"NE_0001";"NE_0001"
"2023";"01";"120605";"JUNIN";"SATIPO";"PAMPA HERMOSA";"GOBIERNO REGIONAL";"I-2";"00000494";"APALLA CALABAZA";"NE_0001";"";"NE_0001";"NE_0001";"NE_0001";"NE_0001";"NE_0001";"NE_0001";"NE_0001"
"2023";"01";"120605";"JUNIN";"SATIPO";"PAMPA HERMOSA";"GOBIERNO REGIONAL";"I-2";"00000492";"SANTA ROSITA";"NE_0001";"";"NE_0001";"NE_0001";"NE_0001";"NE_0001";"NE_0001";"NE_0001";"NE_0001"
"2023";"01";"120602";"JUNIN";"SATIPO";"COVIRIALI";"GOBIERNO REGIONAL";"I-1";"00007186";"PALMAPAMPA";"NE_0001";"";"NE_0001";"NE_0001";"NE_0001";"NE_0001";"NE_0001";"NE_0001";"NE_0001"
"2023";"01";"110101";"ICA";"ICA";"ICA";"ESSALUD";"II-2";"00016374";"HOSPITAL IV AUGUSTO HERNANDEZ MENDOZA";"241900";"HOSPITALIZACIÓN DE MEDICINA MEDICINA INTERNA ";"47";"54";"648";"658";"19";"589";"15"
"2023";"01";"110101";"ICA";"ICA";"ICA";"ESSALUD";"II-2";"00016374";"HOSPITAL IV AUGUSTO HERNANDEZ MENDOZA";"244600";"HOSPITALIZACIÓN DE MEDICINA NEFROLOGIA ";"7";"6";"53";"48";"3";"93";"0"
"2023";"01";"110101";"ICA";"ICA";"ICA";"ESSALUD";"II-2";"00016374";"HOSPITAL IV AUGUSTO HERNANDEZ MENDOZA";"244200";"HOSPITALIZACIÓN DE MEDICINA ENDOCRINOLOGIA ";"6";"6";"72";"62";"2";"62";"0"
"2023";"01";"110101";"ICA";"ICA";"ICA";"ESSALUD";"II-2";"00016374";"HOSPITAL IV AUGUSTO HERNANDEZ MENDOZA";"245300";"HOSPITALIZACIÓN DE MEDICINA NEUMOLOGÍA  ";"5";"3";"10";"12";"1";"31";"0"
"2023";"01";"110101";"ICA";"ICA";"ICA";"ESSALUD";"II-2";"00016374";"HOSPITAL IV AUGUSTO HERNANDEZ MENDOZA";"244700";"HOSPITALIZACIÓN DE MEDICINA NEUROLOGIA  ";"5";"6";"37";"31";"1";"31";"1"
"2023";"01";"110101";"ICA";"ICA";"ICA";"ESSALUD";"II-2";"00016374";"HOSPITAL IV AUGUSTO HERNANDEZ MENDOZA";"242100";"HOSPITALIZACIÓN DE MEDICINA ONCOLOGÍA MÉDICA ";"5";"10";"36";"31";"1";"31";"0"
"2023";"01";"110101";"ICA";"ICA";"ICA";"ESSALUD";"II-2";"00016374";"HOSPITAL IV AUGUSTO HERNANDEZ MENDOZA";"244000";"HOSPITALIZACIÓN DE MEDICINA CARDIOLOGIA ";"2";"2";"14";"10";"1";"31";"0"
"2023";"01";"150117";"LIMA";"LIMA";"LOS OLIVOS";"PRIVADO";"II-E";"00017385";"CLINICA SAN BARTOLOME";"240000";"HOSPITALIZACIÓN";"27";"26";"14";"28";"7";"217";"0"
"2023";"01";"110207";"ICA";"CHINCHA";"PUEBLO NUEVO";"ESSALUD";"I-3";"00012277";"PUEBLO NUEVO";"NE_0001";"";"NE_0001";"NE_0001";"NE_0001";"NE_0001";"NE_0001";"NE_0001";"NE_0001"
"2023";"01";"150108";"LIMA";"LIMA";"CHORRILLOS";"SANIDAD DEL EJERCITO DEL PERU";"II-E";"00010098";"HOSPITAL MILITAR GERIATRICO";"240000";"HOSPITALIZACIÓN";"2";"0";"0";"4";"15";"465";"0"
"2023";"01";"110401";"ICA";"PALPA";"PALPA";"MINSA";"II-1";"00003458";"DE APOYO DE PALPA";"240100";"HOSPITALIZACIÓN QUIRÚRGICA CIRUGÍA GENERAL ";"6";"6";"25";"36";"6";"150";"0"
"2023";"01";"110401";"ICA";"PALPA";"PALPA";"MINSA";"II-1";"00003458";"DE APOYO DE PALPA";"241400";"HOSPITALIZACIÓN QUIRÚRGICA GINECO - OBSTETRICIA ";"6";"6";"15";"15";"9";"264";"0"
"2023";"01";"110401";"ICA";"PALPA";"PALPA";"MINSA";"II-1";"00003458";"DE APOYO DE PALPA";"241800";"HOSPITALIZACIÓN DE MEDICINA MEDICINA GENERAL ";"9";"9";"34";"35";"9";"244";"3"
"2023";"01";"020801";"ANCASH";"CASMA";"CASMA";"GOBIERNO REGIONAL";"II-1";"00001719";"HOSPITAL DE APOYO CASMA";"241800";"HOSPITALIZACIÓN DE MEDICINA MEDICINA GENERAL ";"24";"25";"87";"94";"5";"155";"4"
"2023";"01";"020801";"ANCASH";"CASMA";"CASMA";"GOBIERNO REGIONAL";"II-1";"00001719";"HOSPITAL DE APOYO CASMA";"240100";"HOSPITALIZACIÓN QUIRÚRGICA CIRUGÍA GENERAL ";"32";"28";"113";"117";"5";"155";"0"
"2023";"01";"020801";"ANCASH";"CASMA";"CASMA";"GOBIERNO REGIONAL";"II-1";"00001719";"HOSPITAL DE APOYO CASMA";"242300";"HOSPITALIZACIÓN DE PEDIATRÍA  PEDIATRÍA  GENERAL ";"10";"11";"38";"37";"10";"310";"0"
"2023";"01";"020801";"ANCASH";"CASMA";"CASMA";"GOBIERNO REGIONAL";"II-1";"00001719";"HOSPITAL DE APOYO CASMA";"241600";"HOSPITALIZACIÓN QUIRÚRGICA OBSTETRICIA   ";"32";"29";"36";"42";"9";"279";"0"
"2023";"01";"020801";"ANCASH";"CASMA";"CASMA";"GOBIERNO REGIONAL";"II-1";"00001719";"HOSPITAL DE APOYO CASMA";"241500";"HOSPITALIZACIÓN QUIRÚRGICA GINECOLOGÍA  ";"46";"46";"126";"121";"6";"186";"0"
"2023";"01";"120303";"JUNIN";"CHANCHAMAYO";"PICHANAQUI";"GOBIERNO REGIONAL";"I-3";"00000343";"CENTRO CUYANI";"NE_0001";"";"NE_0001";"NE_0001";"NE_0001";"NE_0001";"NE_0001";"NE_0001";"NE_0001"
"2023";"01";"120303";"JUNIN";"CHANCHAMAYO";"PICHANAQUI";"GOBIERNO REGIONAL";"I-2";"00000350";"VALLE HERMOSO";"NE_0001";"";"NE_0001";"NE_0001";"NE_0001";"NE_0001";"NE_0001";"NE_0001";"NE_0001"
"2023";"01";"080707";"CUSCO";"CHUMBIVILCAS";"QUIÑOTA";"GOBIERNO REGIONAL";"I-1";"00006984";"CCOLLANA";"NE_0001";"";"NE_0001";"NE_0001";"NE_0001";"NE_0001";"NE_0001";"NE_0001";"NE_0001"
"2023";"01";"080706";"CUSCO";"CHUMBIVILCAS";"LLUSCO";"GOBIERNO REGIONAL";"I-1";"00027008";"ANTUYO";"NE_0001";"";"NE_0001";"NE_0001";"NE_0001";"NE_0001";"NE_0001";"NE_0001";"NE_0001"
"2023";"01";"080707";"CUSCO";"CHUMBIVILCAS";"QUIÑOTA";"GOBIERNO REGIONAL";"I-1";"00025369";"PUMALLACTA";"NE_0001";"";"NE_0001";"NE_0001";"NE_0001";"NE_0001";"NE_0001";"NE_0001";"NE_0001"
"2023";"01";"080706";"CUSCO";"CHUMBIVILCAS";"LLUSCO";"GOBIERNO REGIONAL";"I-2";"00006747";"LUTTO";"NE_0001";"";"NE_0001";"NE_0001";"NE_0001";"NE_0001";"NE_0001";"NE_0001";"NE_0001"
"2023";"01";"080707";"CUSCO";"CHUMBIVILCAS";"QUIÑOTA";"GOBIERNO REGIONAL";"I-2";"00002408";"QUIÑOTA";"NE_0001";"";"NE_0001";"NE_0001";"NE_0001";"NE_0001";"NE_0001";"NE_0001";"NE_0001"
"2023";"01";"080706";"CUSCO";"CHUMBIVILCAS";"LLUSCO";"GOBIERNO REGIONAL";"I-1";"00006985";"TOTORAPALLCA";"NE_0001";"";"NE_0001";"NE_0001";"NE_0001";"NE_0001";"NE_0001";"NE_0001";"NE_0001"
"2023";"01";"200601";"PIURA";"SULLANA";"SULLANA";"PRIVADO";"II-1";"00016148";"CLINICA OLGUIN";"240100";"HOSPITALIZACIÓN QUIRÚRGICA CIRUGÍA GENERAL ";"173";"173";"234";"373";"14";"434";"0"
"2023";"01";"200601";"PIURA";"SULLANA";"SULLANA";"PRIVADO";"II-1";"00016148";"CLINICA OLGUIN";"241400";"HOSPITALIZACIÓN QUIRÚRGICA GINECO - OBSTETRICIA ";"198";"198";"257";"276";"14";"434";"0"
"2023";"01";"120701";"JUNIN";"TARMA";"TARMA";"GOBIERNO REGIONAL";"II-2";"00000520";"DE APOYO FELIX MAYORCA SOTO";"241800";"HOSPITALIZACIÓN DE MEDICINA MEDICINA GENERAL ";"40";"33";"164";"205";"12";"372";"4"
"2023";"01";"120701";"JUNIN";"TARMA";"TARMA";"GOBIERNO REGIONAL";"II-2";"00000520";"DE APOYO FELIX MAYORCA SOTO";"250103";"UNIDAD DE CUIDADOS CRITICOS UNIDAD  DE CUIDADOS INTENSIVOS GENERALES  (UCI) MEDICINA";"2";"3";"13";"10";"2";"62";"2"
"2023";"01";"120701";"JUNIN";"TARMA";"TARMA";"GOBIERNO REGIONAL";"II-2";"00000520";"DE APOYO FELIX MAYORCA SOTO";"240100";"HOSPITALIZACIÓN QUIRÚRGICA CIRUGÍA GENERAL ";"52";"47";"160";"188";"12";"372";"0"
"2023";"01";"120701";"JUNIN";"TARMA";"TARMA";"GOBIERNO REGIONAL";"II-2";"00000520";"DE APOYO FELIX MAYORCA SOTO";"241200";"HOSPITALIZACIÓN QUIRÚRGICA TRAUMATOLOGÍA Y ORTOPEDIA ";"40";"34";"137";"169";"10";"310";"0"
"2023";"01";"120701";"JUNIN";"TARMA";"TARMA";"GOBIERNO REGIONAL";"II-2";"00000520";"DE APOYO FELIX MAYORCA SOTO";"243200";"HOSPITALIZACIÓN DE PEDIATRÍA PEDIATRIA NEONATOLOGÍA";"20";"17";"34";"42";"3";"93";"0"
"2023";"01";"120701";"JUNIN";"TARMA";"TARMA";"GOBIERNO REGIONAL";"II-2";"00000520";"DE APOYO FELIX MAYORCA SOTO";"250105";"UNIDAD DE CUIDADOS CRITICOS UNIDAD  DE CUIDADOS INTENSIVOS  (UCI) NEONATOLOGÍA";"18";"13";"64";"86";"4";"124";"2"
"2023";"01";"120701";"JUNIN";"TARMA";"TARMA";"GOBIERNO REGIONAL";"II-2";"00000520";"DE APOYO FELIX MAYORCA SOTO";"242500";"HOSPITALIZACIÓN-PEDIATRÍA GENERAL-";"13";"13";"200";"71";"5";"155";"0"
"2023";"01";"120701";"JUNIN";"TARMA";"TARMA";"GOBIERNO REGIONAL";"II-2";"00000520";"DE APOYO FELIX MAYORCA SOTO";"241400";"HOSPITALIZACIÓN QUIRÚRGICA GINECO - OBSTETRICIA ";"163";"156";"323";"338";"20";"620";"0"
"2023";"01";"080702";"CUSCO";"CHUMBIVILCAS";"CAPACMARCA";"GOBIERNO REGIONAL";"I-3";"00002401";"CCAPACMARCA";"NE_0001";"";"NE_0001";"NE_0001";"NE_0001";"NE_0001";"NE_0001";"NE_0001";"NE_0001"
"2023";"01";"080704";"CUSCO";"CHUMBIVILCAS";"COLQUEMARCA";"GOBIERNO REGIONAL";"I-1";"00008914";"HUAYLLANI";"NE_0001";"";"NE_0001";"NE_0001";"NE_0001";"NE_0001";"NE_0001";"NE_0001";"NE_0001"
"2023";"01";"080702";"CUSCO";"CHUMBIVILCAS";"CAPACMARCA";"GOBIERNO REGIONAL";"I-1";"00009963";"CANCAHUANI";"NE_0001";"";"NE_0001";"NE_0001";"NE_0001";"NE_0001";"NE_0001";"NE_0001";"NE_0001"
"2023";"01";"080702";"CUSCO";"CHUMBIVILCAS";"CAPACMARCA";"GOBIERNO REGIONAL";"I-1";"00027009";"TAHUAY";"NE_0001";"";"NE_0001";"NE_0001";"NE_0001";"NE_0001";"NE_0001";"NE_0001";"NE_0001"
"2023";"01";"080704";"CUSCO";"CHUMBIVILCAS";"COLQUEMARCA";"GOBIERNO REGIONAL";"I-3";"00002404";"COLQUEMARCA";"NE_0001";"";"NE_0001";"NE_0001";"NE_0001";"NE_0001";"NE_0001";"NE_0001";"NE_0001"
"2023";"01";"080704";"CUSCO";"CHUMBIVILCAS";"COLQUEMARCA";"GOBIERNO REGIONAL";"I-1";"00002405";"CHARAMURAY";"NE_0001";"";"NE_0001";"NE_0001";"NE_0001";"NE_0001";"NE_0001";"NE_0001";"NE_0001"
"2023";"01";"080704";"CUSCO";"CHUMBIVILCAS";"COLQUEMARCA";"GOBIERNO REGIONAL";"I-2";"00012932";"YANQUE";"NE_0001";"";"NE_0001";"NE_0001";"NE_0001";"NE_0001";"NE_0001";"NE_0001";"NE_0001"
"2023";"01";"200701";"PIURA";"TALARA";"PARIÑAS";"PRIVADO";"II-1";"00011498";"CLINICA TORRES S.A.";"240000";"HOSPITALIZACIÓN";"3";"3";"8";"8";"16";"488";"0"
"2023";"01";"150131";"LIMA";"LIMA";"SAN ISIDRO";"PRIVADO";"II-1";"00009888";"CLINICA UNIPLAST S.A.C.";"240800";"HOSPITALIZACIÓN QUIRÚRGICA CIRUGÍA PLÁSTICA/RECONSTRUCTIVA/ REPARADORA ";"10";"10";"10";"10";"3";"93";"0"
"2023";"01";"110101";"ICA";"ICA";"ICA";"PRIVADO";"II-E";"00009627";"SAN MARTIN";"NE_0002";"";"NE_0002";"NE_0002";"NE_0002";"NE_0002";"NE_0002";"NE_0002";"NE_0002"
"2023";"01";"110501";"ICA";"PISCO";"PISCO";"MINSA";"II-1";"00003472";"SAN JUAN DE DIOS";"240100";"HOSPITALIZACIÓN QUIRÚRGICA CIRUGÍA GENERAL ";"55";"59";"375";"391";"22";"682";"2"
"2023";"01";"110501";"ICA";"PISCO";"PISCO";"MINSA";"II-1";"00003472";"SAN JUAN DE DIOS";"241400";"HOSPITALIZACIÓN QUIRÚRGICA GINECO - OBSTETRICIA ";"302";"310";"768";"693";"34";"1054";"0"
"2023";"01";"110501";"ICA";"PISCO";"PISCO";"MINSA";"II-1";"00003472";"SAN JUAN DE DIOS";"241800";"HOSPITALIZACIÓN DE MEDICINA MEDICINA GENERAL ";"55";"66";"473";"470";"24";"744";"7"
"2023";"01";"110501";"ICA";"PISCO";"PISCO";"MINSA";"II-1";"00003472";"SAN JUAN DE DIOS";"242300";"HOSPITALIZACIÓN DE PEDIATRÍA  PEDIATRÍA  GENERAL ";"69";"78";"285";"222";"12";"372";"1"
"2023";"01";"150106";"LIMA";"LIMA";"CARABAYLLO";"PRIVADO";"I-3";"00017468";"POLICLINICO NIÑO DE LA ESPINA SAC";"NE_0001";"";"NE_0001";"NE_0001";"NE_0001";"NE_0001";"NE_0001";"NE_0001";"NE_0001"
"2023";"01";"150601";"LIMA";"HUARAL";"HUARAL";"PRIVADO";"II-E";"00017081";"CLINICA SAN ANDRES";"241200";"HOSPITALIZACIÓN QUIRÚRGICA TRAUMATOLOGÍA Y ORTOPEDIA ";"3";"3";"5";"5";"2";"31";"0"
"2023";"01";"150601";"LIMA";"HUARAL";"HUARAL";"PRIVADO";"II-E";"00017081";"CLINICA SAN ANDRES";"241300";"HOSPITALIZACIÓN QUIRÚRGICA UROLOGÍA  ";"6";"6";"8";"8";"1";"31";"0"
"2023";"01";"150601";"LIMA";"HUARAL";"HUARAL";"PRIVADO";"II-E";"00017081";"CLINICA SAN ANDRES";"241800";"HOSPITALIZACIÓN DE MEDICINA MEDICINA GENERAL ";"9";"9";"11";"11";"2";"31";"0"
"2023";"01";"150601";"LIMA";"HUARAL";"HUARAL";"PRIVADO";"II-E";"00017081";"CLINICA SAN ANDRES";"240100";"HOSPITALIZACIÓN QUIRÚRGICA CIRUGÍA GENERAL ";"21";"21";"23";"23";"1";"31";"0"
"2023";"01";"150601";"LIMA";"HUARAL";"HUARAL";"PRIVADO";"II-E";"00017081";"CLINICA SAN ANDRES";"241500";"HOSPITALIZACIÓN QUIRÚRGICA GINECOLOGÍA  ";"1";"1";"3";"3";"1";"31";"0"
"2023";"01";"150113";"LIMA";"LIMA";"JESUS MARIA";"PRIVADO";"II-E";"00009982";"CLINICA REPROMEDIC";"240000";"HOSPITALIZACIÓN";"94";"94";"213";"203";"10";"320";"0"
"2023";"01";"150133";"LIMA";"LIMA";"SAN JUAN DE MIRAFLORES";"PRIVADO";"II-E";"00028244";"CLINICA SAGRADA FAMILIA DEL SUR";"240000";"HOSPITALIZACIÓN";"10";"10";"16";"14";"6";"45";"0"
"2023";"01";"090204";"HUANCAVELICA";"ACOBAMBA";"CAJA";"GOBIERNO REGIONAL";"I-1";"00011225";"PUESTO DE SALUD HUANCCALLACO";"NE_0001";"";"NE_0001";"NE_0001";"NE_0001";"NE_0001";"NE_0001";"NE_0001";"NE_0001"
"2023";"01";"090205";"HUANCAVELICA";"ACOBAMBA";"MARCAS";"GOBIERNO REGIONAL";"I-1";"00011232";"PUESTO DE SALUD PALOMA";"NE_0001";"";"NE_0001";"NE_0001";"NE_0001";"NE_0001";"NE_0001";"NE_0001";"NE_0001"
"2023";"01";"090204";"HUANCAVELICA";"ACOBAMBA";"CAJA";"GOBIERNO REGIONAL";"I-3";"00003926";"CENTRO DE SALUD CAJA ESPIRITU";"NE_0001";"";"NE_0001";"NE_0001";"NE_0001";"NE_0001";"NE_0001";"NE_0001";"NE_0001"
"2023";"01";"090204";"HUANCAVELICA";"ACOBAMBA";"CAJA";"GOBIERNO REGIONAL";"I-1";"00003927";"PUESTO DE SALUD POMACANCHA";"NE_0001";"";"NE_0001";"NE_0001";"NE_0001";"NE_0001";"NE_0001";"NE_0001";"NE_0001"
"2023";"01";"090205";"HUANCAVELICA";"ACOBAMBA";"MARCAS";"GOBIERNO REGIONAL";"I-1";"00011220";"PUESTO DE SALUD HUARPA";"NE_0001";"";"NE_0001";"NE_0001";"NE_0001";"NE_0001";"NE_0001";"NE_0001";"NE_0001"
"2023";"01";"090205";"HUANCAVELICA";"ACOBAMBA";"MARCAS";"GOBIERNO REGIONAL";"I-2";"00003928";"PUESTO DE SALUD MARCAS";"NE_0001";"";"NE_0001";"NE_0001";"NE_0001";"NE_0001";"NE_0001";"NE_0001";"NE_0001"
"2023";"01";"090205";"HUANCAVELICA";"ACOBAMBA";"MARCAS";"GOBIERNO REGIONAL";"I-1";"00003929";"PUESTO DE SALUD CUÑI";"NE_0001";"";"NE_0001";"NE_0001";"NE_0001";"NE_0001";"NE_0001";"NE_0001";"NE_0001"
"2023";"01";"090204";"HUANCAVELICA";"ACOBAMBA";"CAJA";"GOBIERNO REGIONAL";"I-1";"00007389";"PUESTO DE SALUD RURUNMARCA";"NE_0001";"";"NE_0001";"NE_0001";"NE_0001";"NE_0001";"NE_0001";"NE_0001";"NE_0001"
"2023";"01";"081204";"CUSCO";"QUISPICANCHI";"CCARHUAYO";"GOBIERNO REGIONAL";"I-2";"00002527";"CCARHUAYO";"NE_0002";"";"NE_0002";"NE_0002";"NE_0002";"NE_0002";"NE_0002";"NE_0002";"NE_0002"
"2023";"01";"081205";"CUSCO";"QUISPICANCHI";"CCATCA";"GOBIERNO REGIONAL";"I-2";"00002529";"KCAURY";"NE_0002";"";"NE_0002";"NE_0002";"NE_0002";"NE_0002";"NE_0002";"NE_0002";"NE_0002"
"2023";"01";"081210";"CUSCO";"QUISPICANCHI";"OCONGATE";"GOBIERNO REGIONAL";"I-2";"00006977";"TINKI";"NE_0002";"";"NE_0002";"NE_0002";"NE_0002";"NE_0002";"NE_0002";"NE_0002";"NE_0002"
"2023";"01";"081209";"CUSCO";"QUISPICANCHI";"MARCAPATA";"GOBIERNO REGIONAL";"I-1";"00007110";"INCACANCHA";"NE_0002";"";"NE_0002";"NE_0002";"NE_0002";"NE_0002";"NE_0002";"NE_0002";"NE_0002"
"2023";"01";"081205";"CUSCO";"QUISPICANCHI";"CCATCA";"GOBIERNO REGIONAL";"I-1";"00012931";"CHICHINA";"NE_0002";"";"NE_0002";"NE_0002";"NE_0002";"NE_0002";"NE_0002";"NE_0002";"NE_0002"
"2023";"01";"081205";"CUSCO";"QUISPICANCHI";"CCATCA";"GOBIERNO REGIONAL";"I-1";"00016335";"CCAPANA";"NE_0002";"";"NE_0002";"NE_0002";"NE_0002";"NE_0002";"NE_0002";"NE_0002";"NE_0002"
"2023";"01";"120417";"JUNIN";"JAUJA";"MASMA CHICCHE";"GOBIERNO REGIONAL";"I-1";"00000395";"MASMA CHICCHE";"NE_0001";"";"NE_0001";"NE_0001";"NE_0001";"NE_0001";"NE_0001";"NE_0001";"NE_0001"
"2023";"01";"120418";"JUNIN";"JAUJA";"MOLINOS";"GOBIERNO REGIONAL";"I-2";"00000397";"MOLINOS";"NE_0001";"";"NE_0001";"NE_0001";"NE_0001";"NE_0001";"NE_0001";"NE_0001";"NE_0001"
"2023";"01";"120412";"JUNIN";"JAUJA";"JULCAN";"GOBIERNO REGIONAL";"I-2";"00000393";"JULCAN";"NE_0001";"";"NE_0001";"NE_0001";"NE_0001";"NE_0001";"NE_0001";"NE_0001";"NE_0001"
"2023";"01";"120418";"JUNIN";"JAUJA";"MOLINOS";"GOBIERNO REGIONAL";"I-1";"00000398";"QUERO";"NE_0001";"";"NE_0001";"NE_0001";"NE_0001";"NE_0001";"NE_0001";"NE_0001";"NE_0001"
"2023";"01";"120418";"JUNIN";"JAUJA";"MOLINOS";"GOBIERNO REGIONAL";"I-2";"00000399";"CURIMARCA";"NE_0001";"";"NE_0001";"NE_0001";"NE_0001";"NE_0001";"NE_0001";"NE_0001";"NE_0001"
"2023";"01";"120416";"JUNIN";"JAUJA";"MASMA";"GOBIERNO REGIONAL";"I-3";"00000394";"MASMA";"NE_0001";"";"NE_0001";"NE_0001";"NE_0001";"NE_0001";"NE_0001";"NE_0001";"NE_0001"
"2023";"01";"120201";"JUNIN";"CONCEPCION";"CONCEPCION";"GOBIERNO REGIONAL";"I-4";"00000671";"DAVID GUERRERO DUARTE";"NE_0001";"";"NE_0001";"NE_0001";"NE_0001";"NE_0001";"NE_0001";"NE_0001";"NE_0001"
"2023";"01";"120210";"JUNIN";"CONCEPCION";"MATAHUASI";"GOBIERNO REGIONAL";"I-3";"00000687";"MATAHUASI";"NE_0001";"";"NE_0001";"NE_0001";"NE_0001";"NE_0001";"NE_0001";"NE_0001";"NE_0001"
"2023";"01";"120211";"JUNIN";"CONCEPCION";"MITO";"GOBIERNO REGIONAL";"I-1";"00000750";"MATAHULO";"NE_0001";"";"NE_0001";"NE_0001";"NE_0001";"NE_0001";"NE_0001";"NE_0001";"NE_0001"
"2023";"01";"120202";"JUNIN";"CONCEPCION";"ACO";"GOBIERNO REGIONAL";"I-1";"00000747";"QUICHA GRANDE";"NE_0001";"";"NE_0001";"NE_0001";"NE_0001";"NE_0001";"NE_0001";"NE_0001";"NE_0001"
"2023";"01";"120213";"JUNIN";"CONCEPCION";"ORCOTUNA";"GOBIERNO REGIONAL";"I-1";"00000752";"VICSO";"NE_0001";"";"NE_0001";"NE_0001";"NE_0001";"NE_0001";"NE_0001";"NE_0001";"NE_0001"
"2023";"01";"120207";"JUNIN";"CONCEPCION";"HEROINAS TOLEDO";"GOBIERNO REGIONAL";"I-1";"00000685";"HEROINAS TOLEDO";"NE_0001";"";"NE_0001";"NE_0001";"NE_0001";"NE_0001";"NE_0001";"NE_0001";"NE_0001"
"2023";"01";"120215";"JUNIN";"CONCEPCION";"SANTA ROSA DE OCOPA";"GOBIERNO REGIONAL";"I-1";"00000692";"HUANCHAR";"NE_0001";"";"NE_0001";"NE_0001";"NE_0001";"NE_0001";"NE_0001";"NE_0001";"NE_0001"
"2023";"01";"120127";"JUNIN";"HUANCAYO";"QUICHUAY";"GOBIERNO REGIONAL";"I-2";"00000665";"QUICHUAY";"NE_0001";"";"NE_0001";"NE_0001";"NE_0001";"NE_0001";"NE_0001";"NE_0001";"NE_0001"
"2023";"01";"120210";"JUNIN";"CONCEPCION";"MATAHUASI";"GOBIERNO REGIONAL";"I-1";"00000688";"MARAVILCA";"NE_0001";"";"NE_0001";"NE_0001";"NE_0001";"NE_0001";"NE_0001";"NE_0001";"NE_0001"
"2023";"01";"120210";"JUNIN";"CONCEPCION";"MATAHUASI";"GOBIERNO REGIONAL";"I-1";"00000689";"YANAMUCLO";"NE_0001";"";"NE_0001";"NE_0001";"NE_0001";"NE_0001";"NE_0001";"NE_0001";"NE_0001"
"2023";"01";"120215";"JUNIN";"CONCEPCION";"SANTA ROSA DE OCOPA";"GOBIERNO REGIONAL";"I-3";"00000691";"SANTA ROSA DE OCOPA";"NE_0001";"";"NE_0001";"NE_0001";"NE_0001";"NE_0001";"NE_0001";"NE_0001";"NE_0001"
"2023";"01";"120302";"JUNIN";"CHANCHAMAYO";"PERENE";"GOBIERNO REGIONAL";"I-1";"00000322";"LIBERTAD TOTERANI";"NE_0001";"";"NE_0001";"NE_0001";"NE_0001";"NE_0001";"NE_0001";"NE_0001";"NE_0001"
"2023";"01";"120302";"JUNIN";"CHANCHAMAYO";"PERENE";"GOBIERNO REGIONAL";"I-1";"00000323";"INCHATINGARI";"NE_0001";"";"NE_0001";"NE_0001";"NE_0001";"NE_0001";"NE_0001";"NE_0001";"NE_0001"
"2023";"01";"120302";"JUNIN";"CHANCHAMAYO";"PERENE";"GOBIERNO REGIONAL";"I-2";"00000324";"LOS ANGELES DE UBIRIKI";"NE_0001";"";"NE_0001";"NE_0001";"NE_0001";"NE_0001";"NE_0001";"NE_0001";"NE_0001"
"2023";"01";"150122";"LIMA";"LIMA";"MIRAFLORES";"ESSALUD";"II-2";"00008489";"ESSALUD - HOSPITAL III SUÁREZ ANGAMOS";"250100";"UNIDAD DE CUIDADOS CRITICOS UNIDAD  DE CUIDADOS INTENSIVOS GENERALES (UCI) ";"7";"7";"63";"169";"7";"217";"5"
"2023";"01";"150122";"LIMA";"LIMA";"MIRAFLORES";"ESSALUD";"II-2";"00008489";"ESSALUD - HOSPITAL III SUÁREZ ANGAMOS";"250200";"UNIDAD DE CUIDADOS CRITICOS UNIDAD DE CUIDADOS INTERMEDIOS GENERAL  (UCIN) ";"6";"5";"11";"115";"6";"186";"1"
"2023";"01";"150122";"LIMA";"LIMA";"MIRAFLORES";"ESSALUD";"II-2";"00008489";"ESSALUD - HOSPITAL III SUÁREZ ANGAMOS";"241800";"HOSPITALIZACIÓN DE MEDICINA MEDICINA GENERAL ";"97";"100";"818";"715";"24";"744";"4"
"2023";"01";"150122";"LIMA";"LIMA";"MIRAFLORES";"ESSALUD";"II-2";"00008489";"ESSALUD - HOSPITAL III SUÁREZ ANGAMOS";"240100";"HOSPITALIZACIÓN QUIRÚRGICA CIRUGÍA GENERAL ";"199";"189";"478";"500";"19";"588";"0"
"2023";"01";"150122";"LIMA";"LIMA";"MIRAFLORES";"ESSALUD";"II-2";"00008489";"ESSALUD - HOSPITAL III SUÁREZ ANGAMOS";"241400";"HOSPITALIZACIÓN QUIRÚRGICA GINECO - OBSTETRICIA ";"34";"36";"78";"65";"3";"96";"0"
"2023";"01";"150122";"LIMA";"LIMA";"MIRAFLORES";"ESSALUD";"II-2";"00008489";"ESSALUD - HOSPITAL III SUÁREZ ANGAMOS";"241600";"HOSPITALIZACIÓN QUIRÚRGICA OBSTETRICIA   ";"279";"286";"496";"449";"15";"474";"0"
"2023";"01";"150122";"LIMA";"LIMA";"MIRAFLORES";"ESSALUD";"II-2";"00008489";"ESSALUD - HOSPITAL III SUÁREZ ANGAMOS";"242300";"HOSPITALIZACIÓN DE PEDIATRÍA  PEDIATRÍA  GENERAL ";"46";"41";"114";"129";"6";"194";"0"
"2023";"01";"150122";"LIMA";"LIMA";"MIRAFLORES";"ESSALUD";"II-2";"00008489";"ESSALUD - HOSPITAL III SUÁREZ ANGAMOS";"243200";"HOSPITALIZACIÓN DE PEDIATRÍA PEDIATRIA NEONATOLOGÍA";"19";"19";"56";"45";"4";"116";"1"
"2023";"01";"131201";"LA LIBERTAD";"VIRU";"VIRU";"GOBIERNO REGIONAL";"II-1";"00005251";"HOSPITAL PROVINCIAL DE VIRU";"241600";"HOSPITALIZACIÓN QUIRÚRGICA OBSTETRICIA   ";"37";"37";"79";"79";"7";"217";"0"
"2023";"01";"131201";"LA LIBERTAD";"VIRU";"VIRU";"GOBIERNO REGIONAL";"II-1";"00005251";"HOSPITAL PROVINCIAL DE VIRU";"242500";"HOSPITALIZACIÓN-PEDIATRÍA GENERAL-";"4";"4";"12";"12";"3";"93";"0"
"2023";"01";"131201";"LA LIBERTAD";"VIRU";"VIRU";"GOBIERNO REGIONAL";"II-1";"00005251";"HOSPITAL PROVINCIAL DE VIRU";"241800";"HOSPITALIZACIÓN DE MEDICINA MEDICINA GENERAL ";"14";"14";"37";"41";"6";"186";"0"
"2023";"01";"131201";"LA LIBERTAD";"VIRU";"VIRU";"GOBIERNO REGIONAL";"II-1";"00005251";"HOSPITAL PROVINCIAL DE VIRU";"241500";"HOSPITALIZACIÓN QUIRÚRGICA GINECOLOGÍA  ";"16";"15";"29";"29";"3";"93";"0"
"2023";"01";"120201";"JUNIN";"CONCEPCION";"CONCEPCION";"GOBIERNO REGIONAL";"II-E";"00027857";"INSTITUTO REGIONAL DE ENFERMEDADES NEOPLÁSICAS DEL CENTRO - IREN CENTRO";"242100";"HOSPITALIZACIÓN DE MEDICINA ONCOLOGÍA MÉDICA ";"107";"102";"664";"601";"20";"620";"12"
"2023";"01";"120201";"JUNIN";"CONCEPCION";"CONCEPCION";"GOBIERNO REGIONAL";"II-E";"00027857";"INSTITUTO REGIONAL DE ENFERMEDADES NEOPLÁSICAS DEL CENTRO - IREN CENTRO";"241000";"HOSPITALIZACIÓN QUIRÚRGICA ONCOLOGÍA QUIRÚRGICA  ";"93";"86";"434";"498";"20";"620";"0"
"2023";"01";"120201";"JUNIN";"CONCEPCION";"CONCEPCION";"GOBIERNO REGIONAL";"II-E";"00027857";"INSTITUTO REGIONAL DE ENFERMEDADES NEOPLÁSICAS DEL CENTRO - IREN CENTRO";"250100";"UNIDAD DE CUIDADOS CRITICOS UNIDAD  DE CUIDADOS INTENSIVOS GENERALES (UCI) ";"11";"12";"93";"94";"7";"217";"5"
"2023";"01";"120707";"JUNIN";"TARMA";"PALCAMAYO";"GOBIERNO REGIONAL";"I-1";"00000530";"RICRICAN CAUQUIRAN";"NE_0001";"";"NE_0001";"NE_0001";"NE_0001";"NE_0001";"NE_0001";"NE_0001";"NE_0001"
"2023";"01";"120707";"JUNIN";"TARMA";"PALCAMAYO";"GOBIERNO REGIONAL";"I-1";"00000528";"YANAPUQUIO";"NE_0001";"";"NE_0001";"NE_0001";"NE_0001";"NE_0001";"NE_0001";"NE_0001";"NE_0001"
"2023";"01";"130101";"LA LIBERTAD";"TRUJILLO";"TRUJILLO";"GOBIERNO REGIONAL";"III-1";"00005196";"REGIONAL DOCENTE DE TRUJILLO";"241500";"HOSPITALIZACIÓN QUIRÚRGICA GINECOLOGÍA  ";"134";"133";"401";"369";"22";"682";"0"
"2023";"01";"150125";"LIMA";"LIMA";"PUENTE PIEDRA";"MINSA";"II-2";"00007632";"HOSPITAL CARLOS LANFRANCO LA HOZ";"240100";"HOSPITALIZACIÓN QUIRÚRGICA CIRUGÍA GENERAL ";"212";"231";"632";"251";"34";"1054";"0"
"2023";"01";"150125";"LIMA";"LIMA";"PUENTE PIEDRA";"MINSA";"II-2";"00007632";"HOSPITAL CARLOS LANFRANCO LA HOZ";"241900";"HOSPITALIZACIÓN DE MEDICINA MEDICINA INTERNA ";"118";"143";"700";"167";"26";"806";"24"
"2023";"01";"150125";"LIMA";"LIMA";"PUENTE PIEDRA";"MINSA";"II-2";"00007632";"HOSPITAL CARLOS LANFRANCO LA HOZ";"241400";"HOSPITALIZACIÓN QUIRÚRGICA GINECO - OBSTETRICIA ";"377";"393";"655";"411";"32";"992";"0"
"2023";"01";"150125";"LIMA";"LIMA";"PUENTE PIEDRA";"MINSA";"II-2";"00007632";"HOSPITAL CARLOS LANFRANCO LA HOZ";"242300";"HOSPITALIZACIÓN DE PEDIATRÍA  PEDIATRÍA  GENERAL ";"34";"37";"152";"41";"11";"341";"0"
"2023";"01";"150125";"LIMA";"LIMA";"PUENTE PIEDRA";"MINSA";"II-2";"00007632";"HOSPITAL CARLOS LANFRANCO LA HOZ";"243200";"HOSPITALIZACIÓN DE PEDIATRÍA PEDIATRIA NEONATOLOGÍA";"4";"4";"14";"4";"5";"155";"0"
"2023";"01";"160108";"LORETO";"MAYNAS";"PUNCHANA";"ESSALUD";"III-1";"00011409";"HOSPITAL III IQUITOS";"241900";"HOSPITALIZACIÓN DE MEDICINA MEDICINA INTERNA ";"105";"104";"797";"846";"29";"899";"15"
"2023";"01";"160108";"LORETO";"MAYNAS";"PUNCHANA";"ESSALUD";"III-1";"00011409";"HOSPITAL III IQUITOS";"240100";"HOSPITALIZACIÓN QUIRÚRGICA CIRUGÍA GENERAL ";"200";"186";"621";"781";"26";"806";"0"
"2023";"01";"160108";"LORETO";"MAYNAS";"PUNCHANA";"ESSALUD";"III-1";"00011409";"HOSPITAL III IQUITOS";"241400";"HOSPITALIZACIÓN QUIRÚRGICA GINECO - OBSTETRICIA ";"43";"46";"143";"136";"5";"155";"0"
"2023";"01";"160108";"LORETO";"MAYNAS";"PUNCHANA";"ESSALUD";"III-1";"00011409";"HOSPITAL III IQUITOS";"241600";"HOSPITALIZACIÓN QUIRÚRGICA OBSTETRICIA   ";"175";"177";"365";"358";"18";"558";"0"
"2023";"01";"160108";"LORETO";"MAYNAS";"PUNCHANA";"ESSALUD";"III-1";"00011409";"HOSPITAL III IQUITOS";"242300";"HOSPITALIZACIÓN DE PEDIATRÍA  PEDIATRÍA  GENERAL ";"94";"91";"303";"300";"14";"434";"0"
"2023";"01";"160108";"LORETO";"MAYNAS";"PUNCHANA";"ESSALUD";"III-1";"00011409";"HOSPITAL III IQUITOS";"250100";"UNIDAD DE CUIDADOS CRITICOS UNIDAD  DE CUIDADOS INTENSIVOS GENERALES (UCI) ";"28";"29";"201";"251";"10";"310";"10"
"2023";"01";"160108";"LORETO";"MAYNAS";"PUNCHANA";"ESSALUD";"III-1";"00011409";"HOSPITAL III IQUITOS";"250200";"UNIDAD DE CUIDADOS CRITICOS UNIDAD DE CUIDADOS INTERMEDIOS GENERAL  (UCIN) ";"74";"68";"271";"301";"11";"341";"0"
"2023";"01";"150141";"LIMA";"LIMA";"SURQUILLO";"PRIVADO";"II-E";"00012020";"CLINICA OFTALMOLOGICA ESPECIALIZADA ÑAHUI";"NE_0001";"";"NE_0001";"NE_0001";"NE_0001";"NE_0001";"NE_0001";"NE_0001";"NE_0001"
"2023";"01";"050114";"AYACUCHO";"HUAMANGA";"VINCHOS";"GOBIERNO REGIONAL";"I-3";"00003590";"CENTRO DE  SALUD PUTACCA";"241600";"HOSPITALIZACIÓN QUIRÚRGICA OBSTETRICIA   ";"4";"4";"8";"2";"1";"5";"0"
"2023";"01";"050114";"AYACUCHO";"HUAMANGA";"VINCHOS";"GOBIERNO REGIONAL";"I-1";"00003591";"ROSASPATA";"NE_0002";"";"NE_0002";"NE_0002";"NE_0002";"NE_0002";"NE_0002";"NE_0002";"NE_0002"
"2023";"01";"050202";"AYACUCHO";"CANGALLO";"CHUSCHI";"GOBIERNO REGIONAL";"I-1";"00006753";"PUESTO DE SALUD CUCHUQUESERA";"NE_0002";"";"NE_0002";"NE_0002";"NE_0002";"NE_0002";"NE_0002";"NE_0002";"NE_0002"
"2023";"01";"050114";"AYACUCHO";"HUAMANGA";"VINCHOS";"GOBIERNO REGIONAL";"I-1";"00003589";"PUESTO DE SALUD MILLPO";"NE_0002";"";"NE_0002";"NE_0002";"NE_0002";"NE_0002";"NE_0002";"NE_0002";"NE_0002"
"2023";"01";"150140";"LIMA";"LIMA";"SANTIAGO DE SURCO";"PRIVADO";"III-1";"00009988";"CLINICA SAN PABLO SAC";"240000";"HOSPITALIZACIÓN";"503";"465";"1649";"2039";"101";"3131";"7"
"2023";"01";"150140";"LIMA";"LIMA";"SANTIAGO DE SURCO";"PRIVADO";"III-1";"00009988";"CLINICA SAN PABLO SAC";"250400";"UNIDAD DE CUIDADOS CRITICOS UNIDAD DE QUEMADOS (GRAN QUEMADO) ";"1";"1";"1";"3";"4";"124";"0"
"2023";"01";"150140";"LIMA";"LIMA";"SANTIAGO DE SURCO";"PRIVADO";"III-1";"00009988";"CLINICA SAN PABLO SAC";"250108";"UNIDAD DE CUIDADOS CRITICOS UNIDAD  DE CUIDADOS INTENSIVOS  (UCI) PEDIÁTRICA";"5";"7";"71";"44";"8";"248";"0"
"2023";"01";"150140";"LIMA";"LIMA";"SANTIAGO DE SURCO";"PRIVADO";"III-1";"00009988";"CLINICA SAN PABLO SAC";"250200";"UNIDAD DE CUIDADOS CRITICOS UNIDAD DE CUIDADOS INTERMEDIOS GENERAL  (UCIN) ";"3";"4";"50";"40";"10";"310";"0"
"2023";"01";"150140";"LIMA";"LIMA";"SANTIAGO DE SURCO";"PRIVADO";"III-1";"00009988";"CLINICA SAN PABLO SAC";"250100";"UNIDAD DE CUIDADOS CRITICOS UNIDAD  DE CUIDADOS INTENSIVOS GENERALES (UCI) ";"36";"35";"105";"158";"13";"403";"10"
"2023";"01";"021801";"ANCASH";"SANTA";"CHIMBOTE";"PRIVADO";"II-1";"00016551";"CLINICA JUAN PABLO II";"240000";"HOSPITALIZACIÓN";"129";"124";"263";"131";"19";"589";"0"
"2023";"01";"010201";"AMAZONAS";"BAGUA";"BAGUA";"GOBIERNO REGIONAL";"II-1";"00005044";"GUSTAVO LANATTA LUJAN";"240100";"HOSPITALIZACIÓN QUIRÚRGICA CIRUGÍA GENERAL ";"65";"65";"188";"188";"7";"217";"1"
"2023";"01";"010201";"AMAZONAS";"BAGUA";"BAGUA";"GOBIERNO REGIONAL";"II-1";"00005044";"GUSTAVO LANATTA LUJAN";"241400";"HOSPITALIZACIÓN QUIRÚRGICA GINECO - OBSTETRICIA ";"198";"198";"437";"437";"25";"775";"0"
"2023";"01";"010201";"AMAZONAS";"BAGUA";"BAGUA";"GOBIERNO REGIONAL";"II-1";"00005044";"GUSTAVO LANATTA LUJAN";"241800";"HOSPITALIZACIÓN DE MEDICINA MEDICINA GENERAL ";"121";"121";"413";"413";"24";"744";"2"
"2023";"01";"010201";"AMAZONAS";"BAGUA";"BAGUA";"GOBIERNO REGIONAL";"II-1";"00005044";"GUSTAVO LANATTA LUJAN";"242500";"HOSPITALIZACIÓN-PEDIATRÍA GENERAL-";"61";"61";"170";"170";"18";"558";"0"
"2023";"01";"081205";"CUSCO";"QUISPICANCHI";"CCATCA";"GOBIERNO REGIONAL";"I-2";"00002524";"PAMPACAMARA";"NE_0002";"";"NE_0002";"NE_0002";"NE_0002";"NE_0002";"NE_0002";"NE_0002";"NE_0002"
"2023";"01";"081209";"CUSCO";"QUISPICANCHI";"MARCAPATA";"GOBIERNO REGIONAL";"I-2";"00002535";"MARCAPATA";"NE_0002";"";"NE_0002";"NE_0002";"NE_0002";"NE_0002";"NE_0002";"NE_0002";"NE_0002"
"2023";"01";"081203";"CUSCO";"QUISPICANCHI";"CAMANTI";"GOBIERNO REGIONAL";"I-3";"00002526";"QUINCE MIL";"NE_0002";"";"NE_0002";"NE_0002";"NE_0002";"NE_0002";"NE_0002";"NE_0002";"NE_0002"
"2023";"01";"081205";"CUSCO";"QUISPICANCHI";"CCATCA";"GOBIERNO REGIONAL";"I-4";"00002528";"CCATCCA";"NE_0002";"";"NE_0002";"NE_0002";"NE_0002";"NE_0002";"NE_0002";"NE_0002";"NE_0002"
"2023";"01";"081210";"CUSCO";"QUISPICANCHI";"OCONGATE";"GOBIERNO REGIONAL";"I-4";"00002536";"OCONGATE";"NE_0002";"";"NE_0002";"NE_0002";"NE_0002";"NE_0002";"NE_0002";"NE_0002";"NE_0002"
"2023";"01";"021801";"ANCASH";"SANTA";"CHIMBOTE";"PRIVADO";"II-1";"00015375";"CLINICA SAN PEDRO";"241800";"HOSPITALIZACIÓN DE MEDICINA MEDICINA GENERAL ";"11";"8";"86";"129";"5";"155";"0"
"2023";"01";"021801";"ANCASH";"SANTA";"CHIMBOTE";"PRIVADO";"II-1";"00015375";"CLINICA SAN PEDRO";"240100";"HOSPITALIZACIÓN QUIRÚRGICA CIRUGÍA GENERAL ";"61";"28";"186";"402";"13";"403";"0"
"2023";"01";"021801";"ANCASH";"SANTA";"CHIMBOTE";"PRIVADO";"II-1";"00015375";"CLINICA SAN PEDRO";"241400";"HOSPITALIZACIÓN QUIRÚRGICA GINECO - OBSTETRICIA ";"50";"13";"19";"356";"12";"372";"0"
"2023";"01";"040104";"AREQUIPA";"AREQUIPA";"CERRO COLORADO";"SANIDAD DE LA FUERZA AEREA DEL PERU";"II-E";"00011448";"HOSPITAL REGIONAL DEL SUR";"240000";"HOSPITALIZACIÓN";"12";"12";"73";"79";"20";"520";"0"
"2023";"01";"220105";"SAN MARTIN";"MOYOBAMBA";"SORITOR";"GOBIERNO REGIONAL";"I-1";"00006333";"ALTO PERU";"NE_0001";"";"NE_0001";"NE_0001";"NE_0001";"NE_0001";"NE_0001";"NE_0001";"NE_0001"
"2023";"01";"220105";"SAN MARTIN";"MOYOBAMBA";"SORITOR";"GOBIERNO REGIONAL";"I-2";"00006336";"SAN MARCOS";"NE_0001";"";"NE_0001";"NE_0001";"NE_0001";"NE_0001";"NE_0001";"NE_0001";"NE_0001"
"2023";"01";"220105";"SAN MARTIN";"MOYOBAMBA";"SORITOR";"GOBIERNO REGIONAL";"I-4";"00006332";"SORITOR";"241600";"HOSPITALIZACIÓN QUIRÚRGICA OBSTETRICIA   ";"20";"20";"24";"20";"6";"180";"0"
"2023";"01";"220105";"SAN MARTIN";"MOYOBAMBA";"SORITOR";"GOBIERNO REGIONAL";"I-4";"00006332";"SORITOR";"241800";"HOSPITALIZACIÓN DE MEDICINA MEDICINA GENERAL ";"26";"26";"60";"26";"5";"150";"0"
"2023";"01";"220103";"SAN MARTIN";"MOYOBAMBA";"HABANA";"GOBIERNO REGIONAL";"I-3";"00006327";"CENTRO DE SALUD HABANA";"NE_0001";"";"NE_0001";"NE_0001";"NE_0001";"NE_0001";"NE_0001";"NE_0001";"NE_0001"
"2023";"01";"040108";"AREQUIPA";"AREQUIPA";"LA JOYA";"GOBIERNO REGIONAL";"I-2";"00001333";"PUESTO DE SALUD SAN JOSE";"NE_0001";"";"NE_0001";"NE_0001";"NE_0001";"NE_0001";"NE_0001";"NE_0001";"NE_0001"
"2023";"01";"040108";"AREQUIPA";"AREQUIPA";"LA JOYA";"GOBIERNO REGIONAL";"I-2";"00001331";"PUESTO DE SALUD LA CANO";"NE_0001";"";"NE_0001";"NE_0001";"NE_0001";"NE_0001";"NE_0001";"NE_0001";"NE_0001"
"2023";"01";"110101";"ICA";"ICA";"ICA";"ESSALUD";"II-2";"00016374";"HOSPITAL IV AUGUSTO HERNANDEZ MENDOZA";"245500";"HOSPITALIZACIÓN DE MEDICINA REUMATOLOGÍA    ";"3";"3";"24";"19";"1";"31";"0"
"2023";"01";"110101";"ICA";"ICA";"ICA";"ESSALUD";"II-2";"00016374";"HOSPITAL IV AUGUSTO HERNANDEZ MENDOZA";"240100";"HOSPITALIZACIÓN QUIRÚRGICA CIRUGÍA GENERAL ";"129";"132";"584";"584";"20";"620";"2"
"2023";"01";"110101";"ICA";"ICA";"ICA";"ESSALUD";"II-2";"00016374";"HOSPITAL IV AUGUSTO HERNANDEZ MENDOZA";"241200";"HOSPITALIZACIÓN QUIRÚRGICA TRAUMATOLOGÍA Y ORTOPEDIA ";"65";"97";"504";"558";"18";"558";"0"
"2023";"01";"110101";"ICA";"ICA";"ICA";"ESSALUD";"II-2";"00016374";"HOSPITAL IV AUGUSTO HERNANDEZ MENDOZA";"241300";"HOSPITALIZACIÓN QUIRÚRGICA UROLOGÍA  ";"37";"25";"123";"147";"6";"186";"0"
"2023";"01";"110101";"ICA";"ICA";"ICA";"ESSALUD";"II-2";"00016374";"HOSPITAL IV AUGUSTO HERNANDEZ MENDOZA";"240900";"HOSPITALIZACIÓN QUIRÚRGICA NEUROCIRUGÍA ";"6";"9";"56";"62";"2";"62";"0"
"2023";"01";"110101";"ICA";"ICA";"ICA";"ESSALUD";"II-2";"00016374";"HOSPITAL IV AUGUSTO HERNANDEZ MENDOZA";"240801";"HOSPITALIZACIÓN QUIRÚRGICA CIRUGÍA PLÁSTICA/RECONSTRUCTIVA/ REPARADORA QUEMADOS";"9";"9";"27";"27";"1";"31";"0"
"2023";"01";"110101";"ICA";"ICA";"ICA";"ESSALUD";"II-2";"00016374";"HOSPITAL IV AUGUSTO HERNANDEZ MENDOZA";"241100";"HOSPITALIZACIÓN QUIRÚRGICA OTORRINOLARINGOLOGÍA  ";"14";"9";"16";"16";"1";"31";"0"
"2023";"01";"110101";"ICA";"ICA";"ICA";"ESSALUD";"II-2";"00016374";"HOSPITAL IV AUGUSTO HERNANDEZ MENDOZA";"241500";"HOSPITALIZACIÓN QUIRÚRGICA GINECOLOGÍA  ";"23";"59";"228";"186";"6";"186";"0"
"2023";"01";"110101";"ICA";"ICA";"ICA";"ESSALUD";"II-2";"00016374";"HOSPITAL IV AUGUSTO HERNANDEZ MENDOZA";"241600";"HOSPITALIZACIÓN QUIRÚRGICA OBSTETRICIA   ";"157";"97";"293";"299";"22";"682";"0"
"2023";"01";"110101";"ICA";"ICA";"ICA";"ESSALUD";"II-2";"00016374";"HOSPITAL IV AUGUSTO HERNANDEZ MENDOZA";"242300";"HOSPITALIZACIÓN DE PEDIATRÍA  PEDIATRÍA  GENERAL ";"39";"23";"141";"127";"7";"217";"1"
"2023";"01";"110101";"ICA";"ICA";"ICA";"ESSALUD";"II-2";"00016374";"HOSPITAL IV AUGUSTO HERNANDEZ MENDOZA";"250100";"UNIDAD DE CUIDADOS CRITICOS UNIDAD  DE CUIDADOS INTENSIVOS GENERALES (UCI) ";"28";"24";"315";"315";"19";"589";"6"
"2023";"01";"110101";"ICA";"ICA";"ICA";"ESSALUD";"II-2";"00016374";"HOSPITAL IV AUGUSTO HERNANDEZ MENDOZA";"250200";"UNIDAD DE CUIDADOS CRITICOS UNIDAD DE CUIDADOS INTERMEDIOS GENERAL  (UCIN) ";"37";"38";"210";"210";"8";"248";"0"
"2023";"01";"090206";"HUANCAVELICA";"ACOBAMBA";"PAUCARA";"GOBIERNO REGIONAL";"I-1";"00009696";"PUESTO DE SALUD LIBERTADORES DE CHOPCCA";"NE_0001";"";"NE_0001";"NE_0001";"NE_0001";"NE_0001";"NE_0001";"NE_0001";"NE_0001"
"2023";"01";"090206";"HUANCAVELICA";"ACOBAMBA";"PAUCARA";"GOBIERNO REGIONAL";"I-3";"00003931";"TINQUERCCASA";"NE_0001";"";"NE_0001";"NE_0001";"NE_0001";"NE_0001";"NE_0001";"NE_0001";"NE_0001"
"2023";"01";"090206";"HUANCAVELICA";"ACOBAMBA";"PAUCARA";"GOBIERNO REGIONAL";"I-1";"00003932";"PUESTO DE SALUD HUACHHUA";"NE_0001";"";"NE_0001";"NE_0001";"NE_0001";"NE_0001";"NE_0001";"NE_0001";"NE_0001"
"2023";"01";"090206";"HUANCAVELICA";"ACOBAMBA";"PAUCARA";"GOBIERNO REGIONAL";"I-2";"00006823";"PUESTO DE SALUD CHOPCCAPAMPA";"NE_0001";"";"NE_0001";"NE_0001";"NE_0001";"NE_0001";"NE_0001";"NE_0001";"NE_0001"
"2023";"01";"060601";"CAJAMARCA";"CUTERVO";"CUTERVO";"GOBIERNO REGIONAL";"II-1";"00004981";"SANTA MARIA DE CUTERVO";"240100";"HOSPITALIZACIÓN QUIRÚRGICA CIRUGÍA GENERAL ";"43";"33";"80";"66";"5";"155";"0"
"2023";"01";"060601";"CAJAMARCA";"CUTERVO";"CUTERVO";"GOBIERNO REGIONAL";"II-1";"00004981";"SANTA MARIA DE CUTERVO";"241400";"HOSPITALIZACIÓN QUIRÚRGICA GINECO - OBSTETRICIA ";"107";"109";"206";"202";"11";"341";"0"
"2023";"01";"060601";"CAJAMARCA";"CUTERVO";"CUTERVO";"GOBIERNO REGIONAL";"II-1";"00004981";"SANTA MARIA DE CUTERVO";"241800";"HOSPITALIZACIÓN DE MEDICINA MEDICINA GENERAL ";"24";"29";"162";"120";"6";"186";"3"
"2023";"01";"060601";"CAJAMARCA";"CUTERVO";"CUTERVO";"GOBIERNO REGIONAL";"II-1";"00004981";"SANTA MARIA DE CUTERVO";"242500";"HOSPITALIZACIÓN-PEDIATRÍA GENERAL-";"26";"27";"53";"46";"4";"124";"0"
"2023";"01";"180104";"MOQUEGUA";"MARISCAL NIETO";"SAMEGUA";"SANIDAD DE LA POLICIA NACIONAL DEL PERU";"I-2";"00015236";"POSTA MEDICA POLICIAL MOQUEGUA";"NE_0001";"";"NE_0001";"NE_0001";"NE_0001";"NE_0001";"NE_0001";"NE_0001";"NE_0001"
"2023";"01";"140101";"LAMBAYEQUE";"CHICLAYO";"CHICLAYO";"SANIDAD DE LA POLICIA NACIONAL DEL PERU";"I-4";"00011833";"HOSPITAL REGIONAL POLICIAL CHICLAYO";"241600";"HOSPITALIZACIÓN QUIRÚRGICA OBSTETRICIA   ";"9";"9";"15";"14";"3";"93";"0"
"2023";"01";"140101";"LAMBAYEQUE";"CHICLAYO";"CHICLAYO";"SANIDAD DE LA POLICIA NACIONAL DEL PERU";"I-4";"00011833";"HOSPITAL REGIONAL POLICIAL CHICLAYO";"241800";"HOSPITALIZACIÓN DE MEDICINA MEDICINA GENERAL ";"40";"40";"286";"227";"13";"403";"2"
"2023";"01";"220808";"SAN MARTIN";"RIOJA";"YORONGOS";"GOBIERNO REGIONAL";"I-1";"00006276";"PUESTO DE SALUD NUEVO TABALOSOS";"NE_0002";"";"NE_0002";"NE_0002";"NE_0002";"NE_0002";"NE_0002";"NE_0002";"NE_0002"
"2023";"01";"220801";"SAN MARTIN";"RIOJA";"RIOJA";"GOBIERNO REGIONAL";"I-1";"00006273";"PUESTO DE SALUD TAMBO";"NE_0002";"";"NE_0002";"NE_0002";"NE_0002";"NE_0002";"NE_0002";"NE_0002";"NE_0002"
"2023";"01";"220801";"SAN MARTIN";"RIOJA";"RIOJA";"GOBIERNO REGIONAL";"I-1";"00006708";"PUESTO DE SALUD PERLA DE CASCAYUNGA";"NE_0002";"";"NE_0002";"NE_0002";"NE_0002";"NE_0002";"NE_0002";"NE_0002";"NE_0002"
"2023";"01";"220801";"SAN MARTIN";"RIOJA";"RIOJA";"GOBIERNO REGIONAL";"I-1";"00006280";"PUESTO DE SALUD PORVENIR";"NE_0002";"";"NE_0002";"NE_0002";"NE_0002";"NE_0002";"NE_0002";"NE_0002";"NE_0002"
"2023";"01";"220806";"SAN MARTIN";"RIOJA";"POSIC";"GOBIERNO REGIONAL";"I-1";"00006274";"PUESTO DE SALUD POSIC";"NE_0002";"";"NE_0002";"NE_0002";"NE_0002";"NE_0002";"NE_0002";"NE_0002";"NE_0002"
"2023";"01";"220801";"SAN MARTIN";"RIOJA";"RIOJA";"GOBIERNO REGIONAL";"I-1";"00006271";"PUESTO DE SALUD MASHUYACU";"NE_0002";"";"NE_0002";"NE_0002";"NE_0002";"NE_0002";"NE_0002";"NE_0002";"NE_0002"
"2023";"01";"220808";"SAN MARTIN";"RIOJA";"YORONGOS";"GOBIERNO REGIONAL";"I-3";"00006275";"PUESTO DE SALUD YORONGOS";"NE_0002";"";"NE_0002";"NE_0002";"NE_0002";"NE_0002";"NE_0002";"NE_0002";"NE_0002"
"2023";"01";"220808";"SAN MARTIN";"RIOJA";"YORONGOS";"GOBIERNO REGIONAL";"I-1";"00006276";"PUESTO DE SALUD NUEVO TABALOSOS";"NE_0002";"";"NE_0002";"NE_0002";"NE_0002";"NE_0002";"NE_0002";"NE_0002";"NE_0002"
"2023";"01";"220801";"SAN MARTIN";"RIOJA";"RIOJA";"GOBIERNO REGIONAL";"I-1";"00006273";"PUESTO DE SALUD TAMBO";"NE_0002";"";"NE_0002";"NE_0002";"NE_0002";"NE_0002";"NE_0002";"NE_0002";"NE_0002"
"2023";"01";"220801";"SAN MARTIN";"RIOJA";"RIOJA";"GOBIERNO REGIONAL";"I-1";"00006708";"PUESTO DE SALUD PERLA DE CASCAYUNGA";"NE_0002";"";"NE_0002";"NE_0002";"NE_0002";"NE_0002";"NE_0002";"NE_0002";"NE_0002"
"2023";"01";"220801";"SAN MARTIN";"RIOJA";"RIOJA";"GOBIERNO REGIONAL";"I-1";"00006280";"PUESTO DE SALUD PORVENIR";"NE_0002";"";"NE_0002";"NE_0002";"NE_0002";"NE_0002";"NE_0002";"NE_0002";"NE_0002"
"2023";"01";"220806";"SAN MARTIN";"RIOJA";"POSIC";"GOBIERNO REGIONAL";"I-1";"00006274";"PUESTO DE SALUD POSIC";"NE_0002";"";"NE_0002";"NE_0002";"NE_0002";"NE_0002";"NE_0002";"NE_0002";"NE_0002"
"2023";"01";"220801";"SAN MARTIN";"RIOJA";"RIOJA";"GOBIERNO REGIONAL";"I-1";"00006271";"PUESTO DE SALUD MASHUYACU";"NE_0002";"";"NE_0002";"NE_0002";"NE_0002";"NE_0002";"NE_0002";"NE_0002";"NE_0002"
"2023";"01";"220808";"SAN MARTIN";"RIOJA";"YORONGOS";"GOBIERNO REGIONAL";"I-3";"00006275";"PUESTO DE SALUD YORONGOS";"NE_0002";"";"NE_0002";"NE_0002";"NE_0002";"NE_0002";"NE_0002";"NE_0002";"NE_0002"
"2023";"01";"220808";"SAN MARTIN";"RIOJA";"YORONGOS";"GOBIERNO REGIONAL";"I-1";"00006276";"PUESTO DE SALUD NUEVO TABALOSOS";"NE_0002";"";"NE_0002";"NE_0002";"NE_0002";"NE_0002";"NE_0002";"NE_0002";"NE_0002"
"2023";"01";"220801";"SAN MARTIN";"RIOJA";"RIOJA";"GOBIERNO REGIONAL";"I-1";"00006273";"PUESTO DE SALUD TAMBO";"NE_0002";"";"NE_0002";"NE_0002";"NE_0002";"NE_0002";"NE_0002";"NE_0002";"NE_0002"
"2023";"01";"220801";"SAN MARTIN";"RIOJA";"RIOJA";"GOBIERNO REGIONAL";"I-1";"00006708";"PUESTO DE SALUD PERLA DE CASCAYUNGA";"NE_0002";"";"NE_0002";"NE_0002";"NE_0002";"NE_0002";"NE_0002";"NE_0002";"NE_0002"
"2023";"01";"220801";"SAN MARTIN";"RIOJA";"RIOJA";"GOBIERNO REGIONAL";"I-1";"00006280";"PUESTO DE SALUD PORVENIR";"NE_0002";"";"NE_0002";"NE_0002";"NE_0002";"NE_0002";"NE_0002";"NE_0002";"NE_0002"
"2023";"01";"220806";"SAN MARTIN";"RIOJA";"POSIC";"GOBIERNO REGIONAL";"I-1";"00006274";"PUESTO DE SALUD POSIC";"NE_0002";"";"NE_0002";"NE_0002";"NE_0002";"NE_0002";"NE_0002";"NE_0002";"NE_0002"
"2023";"01";"220801";"SAN MARTIN";"RIOJA";"RIOJA";"GOBIERNO REGIONAL";"I-1";"00006271";"PUESTO DE SALUD MASHUYACU";"NE_0002";"";"NE_0002";"NE_0002";"NE_0002";"NE_0002";"NE_0002";"NE_0002";"NE_0002"
"2023";"01";"220808";"SAN MARTIN";"RIOJA";"YORONGOS";"GOBIERNO REGIONAL";"I-3";"00006275";"PUESTO DE SALUD YORONGOS";"NE_0002";"";"NE_0002";"NE_0002";"NE_0002";"NE_0002";"NE_0002";"NE_0002";"NE_0002"
"2023";"01";"040103";"AREQUIPA";"AREQUIPA";"CAYMA";"SANIDAD DE LA POLICIA NACIONAL DEL PERU";"II-1";"00011794";"HOSPITAL REGIONAL PNP AREQUIPA";"240100";"HOSPITALIZACIÓN QUIRÚRGICA CIRUGÍA GENERAL ";"36";"38";"222";"222";"6";"372";"0"
"2023";"01";"040103";"AREQUIPA";"AREQUIPA";"CAYMA";"SANIDAD DE LA POLICIA NACIONAL DEL PERU";"II-1";"00011794";"HOSPITAL REGIONAL PNP AREQUIPA";"241400";"HOSPITALIZACIÓN QUIRÚRGICA GINECO - OBSTETRICIA ";"18";"18";"40";"40";"3";"93";"0"
"2023";"01";"040103";"AREQUIPA";"AREQUIPA";"CAYMA";"SANIDAD DE LA POLICIA NACIONAL DEL PERU";"II-1";"00011794";"HOSPITAL REGIONAL PNP AREQUIPA";"241500";"HOSPITALIZACIÓN QUIRÚRGICA GINECOLOGÍA  ";"2";"2";"6";"6";"2";"62";"0"
"2023";"01";"040103";"AREQUIPA";"AREQUIPA";"CAYMA";"SANIDAD DE LA POLICIA NACIONAL DEL PERU";"II-1";"00011794";"HOSPITAL REGIONAL PNP AREQUIPA";"241800";"HOSPITALIZACIÓN DE MEDICINA MEDICINA GENERAL ";"22";"17";"111";"111";"16";"496";"0"
"2023";"01";"220808";"SAN MARTIN";"RIOJA";"YORONGOS";"GOBIERNO REGIONAL";"I-1";"00006276";"PUESTO DE SALUD NUEVO TABALOSOS";"NE_0002";"";"NE_0002";"NE_0002";"NE_0002";"NE_0002";"NE_0002";"NE_0002";"NE_0002"
"2023";"01";"220801";"SAN MARTIN";"RIOJA";"RIOJA";"GOBIERNO REGIONAL";"I-1";"00006273";"PUESTO DE SALUD TAMBO";"NE_0002";"";"NE_0002";"NE_0002";"NE_0002";"NE_0002";"NE_0002";"NE_0002";"NE_0002"
"2023";"01";"220801";"SAN MARTIN";"RIOJA";"RIOJA";"GOBIERNO REGIONAL";"I-1";"00006708";"PUESTO DE SALUD PERLA DE CASCAYUNGA";"NE_0002";"";"NE_0002";"NE_0002";"NE_0002";"NE_0002";"NE_0002";"NE_0002";"NE_0002"
"2023";"01";"220801";"SAN MARTIN";"RIOJA";"RIOJA";"GOBIERNO REGIONAL";"I-1";"00006280";"PUESTO DE SALUD PORVENIR";"NE_0002";"";"NE_0002";"NE_0002";"NE_0002";"NE_0002";"NE_0002";"NE_0002";"NE_0002"
"2023";"01";"220806";"SAN MARTIN";"RIOJA";"POSIC";"GOBIERNO REGIONAL";"I-1";"00006274";"PUESTO DE SALUD POSIC";"NE_0002";"";"NE_0002";"NE_0002";"NE_0002";"NE_0002";"NE_0002";"NE_0002";"NE_0002"
"2023";"01";"220801";"SAN MARTIN";"RIOJA";"RIOJA";"GOBIERNO REGIONAL";"I-1";"00006271";"PUESTO DE SALUD MASHUYACU";"NE_0002";"";"NE_0002";"NE_0002";"NE_0002";"NE_0002";"NE_0002";"NE_0002";"NE_0002"
"2023";"01";"220808";"SAN MARTIN";"RIOJA";"YORONGOS";"GOBIERNO REGIONAL";"I-3";"00006275";"PUESTO DE SALUD YORONGOS";"NE_0002";"";"NE_0002";"NE_0002";"NE_0002";"NE_0002";"NE_0002";"NE_0002";"NE_0002"
"2023";"01";"150121";"LIMA";"LIMA";"PUEBLO LIBRE";"PRIVADO";"II-E";"00020230";"CLINICA DE OJOS GLOBAL LASER";"NE_0001";"";"NE_0001";"NE_0001";"NE_0001";"NE_0001";"NE_0001";"NE_0001";"NE_0001"
"2023";"01";"060812";"CAJAMARCA";"JAEN";"SANTA ROSA";"GOBIERNO REGIONAL";"I-3";"00004261";"SANTA ROSA";"NE_0001";"";"NE_0001";"NE_0001";"NE_0001";"NE_0001";"NE_0001";"NE_0001";"NE_0001"
"2023";"01";"060812";"CAJAMARCA";"JAEN";"SANTA ROSA";"GOBIERNO REGIONAL";"I-1";"00004266";"SHUMBANA";"NE_0001";"";"NE_0001";"NE_0001";"NE_0001";"NE_0001";"NE_0001";"NE_0001";"NE_0001"
"2023";"01";"060812";"CAJAMARCA";"JAEN";"SANTA ROSA";"GOBIERNO REGIONAL";"I-1";"00004263";"PUYAYA";"NE_0001";"";"NE_0001";"NE_0001";"NE_0001";"NE_0001";"NE_0001";"NE_0001";"NE_0001"
"2023";"01";"060812";"CAJAMARCA";"JAEN";"SANTA ROSA";"GOBIERNO REGIONAL";"I-2";"00004264";"MONTANGO";"NE_0001";"";"NE_0001";"NE_0001";"NE_0001";"NE_0001";"NE_0001";"NE_0001";"NE_0001"
"2023";"01";"150143";"LIMA";"LIMA";"VILLA MARIA DEL TRIUNFO";"PRIVADO";"I-2";"00018825";"GUILLERMO KAELIN DE LA FUENTE";"NE_0001";"";"NE_0001";"NE_0001";"NE_0001";"NE_0001";"NE_0001";"NE_0001";"NE_0001"
"2023";"01";"220601";"SAN MARTIN";"MARISCAL CACERES";"JUANJUI";"ESSALUD";"I-4";"00016481";"HOSPITAL I JUANJUI - ESSALUD";"241800";"HOSPITALIZACIÓN DE MEDICINA MEDICINA GENERAL ";"75";"73";"306";"233";"9";"279";"1"
"2023";"01";"130503";"LA LIBERTAD";"JULCAN";"CARABAMBA";"GOBIERNO REGIONAL";"I-2";"00006773";"VILLA MARIA";"NE_0001";"";"NE_0001";"NE_0001";"NE_0001";"NE_0001";"NE_0001";"NE_0001";"NE_0001"
"2023";"01";"130503";"LA LIBERTAD";"JULCAN";"CARABAMBA";"GOBIERNO REGIONAL";"I-3";"00005310";"CARABAMBA";"NE_0001";"";"NE_0001";"NE_0001";"NE_0001";"NE_0001";"NE_0001";"NE_0001";"NE_0001"
"2023";"01";"130503";"LA LIBERTAD";"JULCAN";"CARABAMBA";"GOBIERNO REGIONAL";"I-2";"00005311";"SAN JOSE DE SALO BAJO";"NE_0001";"";"NE_0001";"NE_0001";"NE_0001";"NE_0001";"NE_0001";"NE_0001";"NE_0001"
"2023";"01";"060802";"CAJAMARCA";"JAEN";"BELLAVISTA";"GOBIERNO REGIONAL";"I-3";"00004224";"CRUCE SHUMBA";"NE_0001";"";"NE_0001";"NE_0001";"NE_0001";"NE_0001";"NE_0001";"NE_0001";"NE_0001"
"2023";"01";"061105";"CAJAMARCA";"SAN MIGUEL";"EL PRADO";"GOBIERNO REGIONAL";"I-1";"00004540";"EL GUAYO";"NE_0001";"";"NE_0001";"NE_0001";"NE_0001";"NE_0001";"NE_0001";"NE_0001";"NE_0001"
"2023";"01";"061113";"CAJAMARCA";"SAN MIGUEL";"UNION AGUA BLANCA";"GOBIERNO REGIONAL";"I-1";"00004543";"LIVES";"NE_0001";"";"NE_0001";"NE_0001";"NE_0001";"NE_0001";"NE_0001";"NE_0001";"NE_0001"
"2023";"01";"061101";"CAJAMARCA";"SAN MIGUEL";"SAN MIGUEL";"GOBIERNO REGIONAL";"I-1";"00004541";"TANON CAMPO ALEGRE";"NE_0001";"";"NE_0001";"NE_0001";"NE_0001";"NE_0001";"NE_0001";"NE_0001";"NE_0001"
"2023";"01";"061105";"CAJAMARCA";"SAN MIGUEL";"EL PRADO";"GOBIERNO REGIONAL";"I-1";"00004542";"QUINDEN BAJO";"NE_0001";"";"NE_0001";"NE_0001";"NE_0001";"NE_0001";"NE_0001";"NE_0001";"NE_0001"
"2023";"01";"150107";"LIMA";"LIMA";"CHACLACAYO";"SANIDAD DE LA POLICIA NACIONAL DEL PERU";"I-2";"00011227";"POSTA MEDICA POLICIAL CHACLACAYO";"NE_0001";"";"NE_0001";"NE_0001";"NE_0001";"NE_0001";"NE_0001";"NE_0001";"NE_0001"
"2023";"01";"150133";"LIMA";"LIMA";"SAN JUAN DE MIRAFLORES";"SANIDAD DEL EJERCITO DEL PERU";"I-3";"00010385";"CENTRO DE SALUD MILITAR ""SAN JUAN""";"NE_0001";"";"NE_0001";"NE_0001";"NE_0001";"NE_0001";"NE_0001";"NE_0001";"NE_0001"
"2023";"01";"120214";"JUNIN";"CONCEPCION";"SAN JOSE DE QUERO";"GOBIERNO REGIONAL";"I-3";"00000641";"SAN JOSE DE QUERO";"NE_0001";"";"NE_0001";"NE_0001";"NE_0001";"NE_0001";"NE_0001";"NE_0001";"NE_0001"
"2023";"01";"120214";"JUNIN";"CONCEPCION";"SAN JOSE DE QUERO";"GOBIERNO REGIONAL";"I-1";"00000644";"SANTA ROSA DE HUARMITA";"NE_0001";"";"NE_0001";"NE_0001";"NE_0001";"NE_0001";"NE_0001";"NE_0001";"NE_0001"
"2023";"01";"120214";"JUNIN";"CONCEPCION";"SAN JOSE DE QUERO";"GOBIERNO REGIONAL";"I-1";"00006738";"SULCAN";"NE_0001";"";"NE_0001";"NE_0001";"NE_0001";"NE_0001";"NE_0001";"NE_0001";"NE_0001"
"2023";"01";"120214";"JUNIN";"CONCEPCION";"SAN JOSE DE QUERO";"GOBIERNO REGIONAL";"I-1";"00000643";"SAN ROQUE DE HUARMITA";"NE_0001";"";"NE_0001";"NE_0001";"NE_0001";"NE_0001";"NE_0001";"NE_0001";"NE_0001"
"2023";"01";"120214";"JUNIN";"CONCEPCION";"SAN JOSE DE QUERO";"GOBIERNO REGIONAL";"I-2";"00000645";"USIBAMBA";"NE_0001";"";"NE_0001";"NE_0001";"NE_0001";"NE_0001";"NE_0001";"NE_0001";"NE_0001"
"2023";"01";"120214";"JUNIN";"CONCEPCION";"SAN JOSE DE QUERO";"GOBIERNO REGIONAL";"I-2";"00000642";"CHAQUICOCHA";"NE_0001";"";"NE_0001";"NE_0001";"NE_0001";"NE_0001";"NE_0001";"NE_0001";"NE_0001"
"2023";"01";"220101";"SAN MARTIN";"MOYOBAMBA";"MOYOBAMBA";"GOBIERNO REGIONAL";"I-1";"00006321";"LOS ANGELES";"NE_0001";"";"NE_0001";"NE_0001";"NE_0001";"NE_0001";"NE_0001";"NE_0001";"NE_0001"
"2023";"01";"220101";"SAN MARTIN";"MOYOBAMBA";"MOYOBAMBA";"GOBIERNO REGIONAL";"I-1";"00006320";"CAÑABRAVA";"NE_0001";"";"NE_0001";"NE_0001";"NE_0001";"NE_0001";"NE_0001";"NE_0001";"NE_0001"
"2023";"01";"220101";"SAN MARTIN";"MOYOBAMBA";"MOYOBAMBA";"GOBIERNO REGIONAL";"I-1";"00006319";"BUENOS AIRES";"NE_0001";"";"NE_0001";"NE_0001";"NE_0001";"NE_0001";"NE_0001";"NE_0001";"NE_0001"
"2023";"01";"120601";"JUNIN";"SATIPO";"SATIPO";"GOBIERNO REGIONAL";"I-2";"00000482";"HUANTASHIRI";"NE_0001";"";"NE_0001";"NE_0001";"NE_0001";"NE_0001";"NE_0001";"NE_0001";"NE_0001"
"2023";"01";"120607";"JUNIN";"SATIPO";"RIO NEGRO";"GOBIERNO REGIONAL";"I-2";"00000496";"VILLA CAPIRI";"NE_0001";"";"NE_0001";"NE_0001";"NE_0001";"NE_0001";"NE_0001";"NE_0001";"NE_0001"
"2023";"01";"120607";"JUNIN";"SATIPO";"RIO NEGRO";"GOBIERNO REGIONAL";"I-1";"00013862";"MIGUEL GRAU";"NE_0001";"";"NE_0001";"NE_0001";"NE_0001";"NE_0001";"NE_0001";"NE_0001";"NE_0001"
"2023";"01";"130103";"LA LIBERTAD";"TRUJILLO";"FLORENCIA DE MORA";"ESSALUD";"II-E";"00009278";"FLORENCIA DE MORA";"240100";"HOSPITALIZACIÓN QUIRÚRGICA CIRUGÍA GENERAL ";"65";"59";"155";"140";"5";"155";"0"
"2023";"01";"130103";"LA LIBERTAD";"TRUJILLO";"FLORENCIA DE MORA";"ESSALUD";"II-E";"00009278";"FLORENCIA DE MORA";"241500";"HOSPITALIZACIÓN QUIRÚRGICA GINECOLOGÍA  ";"18";"18";"55";"47";"3";"93";"0"
"2023";"01";"130103";"LA LIBERTAD";"TRUJILLO";"FLORENCIA DE MORA";"ESSALUD";"II-E";"00009278";"FLORENCIA DE MORA";"241600";"HOSPITALIZACIÓN QUIRÚRGICA OBSTETRICIA   ";"21";"23";"48";"46";"4";"124";"0"
"2023";"01";"150105";"LIMA";"LIMA";"BREÑA";"MINSA";"III-2";"00006216";"INSTITUTO NACIONAL DE SALUD DEL NIÑO";"240200";"HOSPITALIZACIÓN QUIRÚRGICA CIRUGÍA DE CABEZA Y CUELLO / MÁXILO FACIAL ";"19";"18";"166";"234";"10";"310";"0"
"2023";"01";"150105";"LIMA";"LIMA";"BREÑA";"MINSA";"III-2";"00006216";"INSTITUTO NACIONAL DE SALUD DEL NIÑO";"240400";"HOSPITALIZACIÓN QUIRÚRGICA CIRUGÍA DE TÓRAX Y CARDIOVASCULAR ";"12";"8";"297";"279";"19";"589";"2"
"2023";"01";"150105";"LIMA";"LIMA";"BREÑA";"MINSA";"III-2";"00006216";"INSTITUTO NACIONAL DE SALUD DEL NIÑO";"240700";"HOSPITALIZACIÓN QUIRÚRGICA CIRUGÍA PEDIÁTRICA ";"98";"85";"413";"524";"17";"527";"0"
"2023";"01";"150105";"LIMA";"LIMA";"BREÑA";"MINSA";"III-2";"00006216";"INSTITUTO NACIONAL DE SALUD DEL NIÑO";"240801";"HOSPITALIZACIÓN QUIRÚRGICA CIRUGÍA PLÁSTICA/RECONSTRUCTIVA/ REPARADORA QUEMADOS";"45";"44";"398";"467";"26";"806";"0"
"2023";"01";"150105";"LIMA";"LIMA";"BREÑA";"MINSA";"III-2";"00006216";"INSTITUTO NACIONAL DE SALUD DEL NIÑO";"240900";"HOSPITALIZACIÓN QUIRÚRGICA NEUROCIRUGÍA ";"38";"32";"757";"571";"21";"651";"0"
"2023";"01";"150105";"LIMA";"LIMA";"BREÑA";"MINSA";"III-2";"00006216";"INSTITUTO NACIONAL DE SALUD DEL NIÑO";"241200";"HOSPITALIZACIÓN QUIRÚRGICA TRAUMATOLOGÍA Y ORTOPEDIA ";"52";"59";"498";"616";"28";"868";"0"
"2023";"01";"150105";"LIMA";"LIMA";"BREÑA";"MINSA";"III-2";"00006216";"INSTITUTO NACIONAL DE SALUD DEL NIÑO";"241300";"HOSPITALIZACIÓN QUIRÚRGICA UROLOGÍA  ";"6";"5";"27";"33";"10";"310";"0"
"2023";"01";"150105";"LIMA";"LIMA";"BREÑA";"MINSA";"III-2";"00006216";"INSTITUTO NACIONAL DE SALUD DEL NIÑO";"242000";"HOSPITALIZACIÓN DE MEDICINA MEDICINA TROPICAL E INFECCIOSAS ";"43";"43";"597";"490";"25";"775";"0"
"2023";"01";"150105";"LIMA";"LIMA";"BREÑA";"MINSA";"III-2";"00006216";"INSTITUTO NACIONAL DE SALUD DEL NIÑO";"242300";"HOSPITALIZACIÓN DE PEDIATRÍA  PEDIATRÍA  GENERAL ";"227";"194";"2111";"2249";"80";"2480";"2"
"2023";"01";"150105";"LIMA";"LIMA";"BREÑA";"MINSA";"III-2";"00006216";"INSTITUTO NACIONAL DE SALUD DEL NIÑO";"242600";"HOSPITALIZACIÓN DE PEDIATRÍA PEDIATRIA CARDIOLOGÍA PEDIÁTRICA";"41";"34";"72";"322";"20";"620";"0"
"2023";"01";"150105";"LIMA";"LIMA";"BREÑA";"MINSA";"III-2";"00006216";"INSTITUTO NACIONAL DE SALUD DEL NIÑO";"242700";"HOSPITALIZACIÓN DE PEDIATRÍA PEDIATRIA DERMATOLOGÍA PEDIÁTRICA";"21";"21";"114";"129";"8";"248";"1"
"2023";"01";"150105";"LIMA";"LIMA";"BREÑA";"MINSA";"III-2";"00006216";"INSTITUTO NACIONAL DE SALUD DEL NIÑO";"242900";"HOSPITALIZACIÓN DE PEDIATRÍA PEDIATRIA GASTROENTEROLOGÍA PEDIÁTRICA";"21";"18";"269";"293";"10";"310";"0"
"2023";"01";"150105";"LIMA";"LIMA";"BREÑA";"MINSA";"III-2";"00006216";"INSTITUTO NACIONAL DE SALUD DEL NIÑO";"243000";"HOSPITALIZACIÓN DE PEDIATRÍA PEDIATRIA GINECOLOGÍA PEDIÁTRICA";"9";"7";"30";"50";"2";"62";"0"
"2023";"01";"150105";"LIMA";"LIMA";"BREÑA";"MINSA";"III-2";"00006216";"INSTITUTO NACIONAL DE SALUD DEL NIÑO";"243100";"HOSPITALIZACIÓN DE PEDIATRÍA PEDIATRIA NEFROLOGÍA PEDIÁTRICA";"12";"10";"156";"147";"5";"155";"0"
"2023";"01";"150105";"LIMA";"LIMA";"BREÑA";"MINSA";"III-2";"00006216";"INSTITUTO NACIONAL DE SALUD DEL NIÑO";"243300";"HOSPITALIZACIÓN DE PEDIATRÍA PEDIATRIA NEUMOLOGÍA PEDIÁTRICA";"19";"18";"656";"483";"19";"589";"0"
"2023";"01";"150105";"LIMA";"LIMA";"BREÑA";"MINSA";"III-2";"00006216";"INSTITUTO NACIONAL DE SALUD DEL NIÑO";"243400";"HOSPITALIZACIÓN DE PEDIATRÍA PEDIATRIA NEUROLOGÍA PEDIÁTRICA";"29";"29";"412";"341";"13";"403";"0"
"2023";"01";"150105";"LIMA";"LIMA";"BREÑA";"MINSA";"III-2";"00006216";"INSTITUTO NACIONAL DE SALUD DEL NIÑO";"243600";"HOSPITALIZACIÓN DE PEDIATRÍA PEDIATRIA ONCOLOGÍA PEDIÁTRICA";"6";"3";"57";"53";"3";"93";"0"
"2023";"01";"150105";"LIMA";"LIMA";"BREÑA";"MINSA";"III-2";"00006216";"INSTITUTO NACIONAL DE SALUD DEL NIÑO";"243700";"HOSPITALIZACIÓN DE PEDIATRÍA PEDIATRIA OTORRINOLARINGOLOGÍA PEDIÁTRICA ";"8";"14";"84";"46";"7";"217";"0"
"2023";"01";"150105";"LIMA";"LIMA";"BREÑA";"MINSA";"III-2";"00006216";"INSTITUTO NACIONAL DE SALUD DEL NIÑO";"244500";"HOSPITALIZACIÓN DE MEDICINA HEMATOLOGÍA ";"3";"2";"31";"89";"3";"93";"0"
"2023";"01";"120607";"JUNIN";"SATIPO";"RIO NEGRO";"GOBIERNO REGIONAL";"I-1";"00013863";"ALTO VILLA VICTORIA";"NE_0001";"";"NE_0001";"NE_0001";"NE_0001";"NE_0001";"NE_0001";"NE_0001";"NE_0001"
"2023";"01";"120607";"JUNIN";"SATIPO";"RIO NEGRO";"GOBIERNO REGIONAL";"I-2";"00000499";"PUENTE IPOKI";"NE_0001";"";"NE_0001";"NE_0001";"NE_0001";"NE_0001";"NE_0001";"NE_0001";"NE_0001"
"2023";"01";"120601";"JUNIN";"SATIPO";"SATIPO";"GOBIERNO REGIONAL";"I-2";"00000481";"PARATUSHALI";"NE_0001";"";"NE_0001";"NE_0001";"NE_0001";"NE_0001";"NE_0001";"NE_0001";"NE_0001"
"2023";"01";"120607";"JUNIN";"SATIPO";"RIO NEGRO";"GOBIERNO REGIONAL";"I-2";"00000497";"RIO CHARI ALTO";"NE_0001";"";"NE_0001";"NE_0001";"NE_0001";"NE_0001";"NE_0001";"NE_0001";"NE_0001"
"2023";"01";"120608";"JUNIN";"SATIPO";"RIO TAMBO";"GOBIERNO REGIONAL";"I-2";"00000500";"AOTI";"NE_0001";"";"NE_0001";"NE_0001";"NE_0001";"NE_0001";"NE_0001";"NE_0001";"NE_0001"
"2023";"01";"120601";"JUNIN";"SATIPO";"SATIPO";"GOBIERNO REGIONAL";"I-2";"00000483";"SANIBENI";"NE_0001";"";"NE_0001";"NE_0001";"NE_0001";"NE_0001";"NE_0001";"NE_0001";"NE_0001"
"2023";"01";"120601";"JUNIN";"SATIPO";"SATIPO";"GOBIERNO REGIONAL";"I-1";"00029375";"COMUNIDAD NATIVA SHANQUI";"NE_0001";"";"NE_0001";"NE_0001";"NE_0001";"NE_0001";"NE_0001";"NE_0001";"NE_0001"
"2023";"01";"120303";"JUNIN";"CHANCHAMAYO";"PICHANAQUI";"GOBIERNO REGIONAL";"I-2";"00000349";"BELEN DE ANAPIARI";"NE_0001";"";"NE_0001";"NE_0001";"NE_0001";"NE_0001";"NE_0001";"NE_0001";"NE_0001"
"2023";"01";"120303";"JUNIN";"CHANCHAMAYO";"PICHANAQUI";"GOBIERNO REGIONAL";"I-2";"00006711";"SAN FRANCISCO CENTRO KUVIRIANI";"NE_0001";"";"NE_0001";"NE_0001";"NE_0001";"NE_0001";"NE_0001";"NE_0001";"NE_0001"
"2023";"01";"120303";"JUNIN";"CHANCHAMAYO";"PICHANAQUI";"GOBIERNO REGIONAL";"I-3";"00000351";"HUACHIRIKI";"NE_0001";"";"NE_0001";"NE_0001";"NE_0001";"NE_0001";"NE_0001";"NE_0001";"NE_0001"
"2023";"01";"120303";"JUNIN";"CHANCHAMAYO";"PICHANAQUI";"GOBIERNO REGIONAL";"I-2";"00014383";"SAN JOSE DE ANAPIARI";"NE_0001";"";"NE_0001";"NE_0001";"NE_0001";"NE_0001";"NE_0001";"NE_0001";"NE_0001"
"2023";"01";"150125";"LIMA";"LIMA";"PUENTE PIEDRA";"PRIVADO";"II-E";"00016353";"CLINICA MONTELUZ";"241400";"HOSPITALIZACIÓN QUIRÚRGICA GINECO - OBSTETRICIA ";"108";"99";"163";"172";"12";"372";"0"
"2023";"01";"150125";"LIMA";"LIMA";"PUENTE PIEDRA";"PRIVADO";"II-E";"00016353";"CLINICA MONTELUZ";"240100";"HOSPITALIZACIÓN QUIRÚRGICA CIRUGÍA GENERAL ";"94";"92";"123";"120";"10";"310";"0"
"2023";"01";"150134";"LIMA";"LIMA";"SAN LUIS";"ESSALUD";"I-3";"00008289";"POLICLÍNICO DE COMPLEJIDAD CRECIENTE SAN LUIS";"NE_0001";"";"NE_0001";"NE_0001";"NE_0001";"NE_0001";"NE_0001";"NE_0001";"NE_0001"
"2023";"01";"150128";"LIMA";"LIMA";"RIMAC";"SANIDAD DE LA POLICIA NACIONAL DEL PERU";"II-1";"00016094";"HOSPITAL PNP ""AUGUSTO B. LEGUIA""";"240100";"HOSPITALIZACIÓN QUIRÚRGICA CIRUGÍA GENERAL ";"25";"24";"50";"139";"21";"651";"0"
"2023";"01";"150128";"LIMA";"LIMA";"RIMAC";"SANIDAD DE LA POLICIA NACIONAL DEL PERU";"II-1";"00016094";"HOSPITAL PNP ""AUGUSTO B. LEGUIA""";"241800";"HOSPITALIZACIÓN DE MEDICINA MEDICINA GENERAL ";"64";"60";"224";"331";"21";"651";"0"
"2023";"01";"040701";"AREQUIPA";"ISLAY";"MOLLENDO";"SANIDAD DE LA POLICIA NACIONAL DEL PERU";"I-2";"00017336";"IX MACRO REGION DE SANIDAD POLICIAL  AREQUIPA / HOSREPOL AREQUIPA/ POSTA MEDICA POLICIAL ISLAY";"NE_0001";"";"NE_0001";"NE_0001";"NE_0001";"NE_0001";"NE_0001";"NE_0001";"NE_0001"
"2023";"01";"040123";"AREQUIPA";"AREQUIPA";"TIABAYA";"GOBIERNO REGIONAL";"I-3";"00001260";"CENTRO DE SALUD TIABAYA";"NE_0001";"";"NE_0001";"NE_0001";"NE_0001";"NE_0001";"NE_0001";"NE_0001";"NE_0001"
"2023";"01";"040124";"AREQUIPA";"AREQUIPA";"UCHUMAYO";"GOBIERNO REGIONAL";"I-2";"00001290";"PUESTO DE SALUD UCHUMAYO";"NE_0001";"";"NE_0001";"NE_0001";"NE_0001";"NE_0001";"NE_0001";"NE_0001";"NE_0001"
"2023";"01";"040124";"AREQUIPA";"AREQUIPA";"UCHUMAYO";"GOBIERNO REGIONAL";"I-3";"00001281";"CENTRO DE SALUD CONGATA";"NE_0001";"";"NE_0001";"NE_0001";"NE_0001";"NE_0001";"NE_0001";"NE_0001";"NE_0001"
"2023";"01";"040124";"AREQUIPA";"AREQUIPA";"UCHUMAYO";"GOBIERNO REGIONAL";"I-3";"00001280";"CENTRO DE SALUD CERRO VERDE";"NE_0001";"";"NE_0001";"NE_0001";"NE_0001";"NE_0001";"NE_0001";"NE_0001";"NE_0001"
"2023";"01";"150116";"LIMA";"LIMA";"LINCE";"ESSALUD";"I-3";"00017695";"CENTRO DE ATENCION PRIMARIA III ALFREDO PIAZZA ROBERTS-GSPN I Y II-RPA-ESSALUD";"NE_0001";"";"NE_0001";"NE_0001";"NE_0001";"NE_0001";"NE_0001";"NE_0001";"NE_0001"
"2023";"01";"040109";"AREQUIPA";"AREQUIPA";"MARIANO MELGAR";"SANIDAD DEL EJERCITO DEL PERU";"II-1";"00018659";"HOSPITAL MILITAR DIVISIONARIO III DE AREQUIPA";"240000";"HOSPITALIZACIÓN";"18";"13";"308";"277";"27";"519";"0"
"2023";"01";"040109";"AREQUIPA";"AREQUIPA";"MARIANO MELGAR";"SANIDAD DEL EJERCITO DEL PERU";"II-1";"00018659";"HOSPITAL MILITAR DIVISIONARIO III DE AREQUIPA";"240000";"HOSPITALIZACIÓN";"26";"25";"86";"86";"8";"107";"0"
"2023";"01";"150131";"LIMA";"LIMA";"SAN ISIDRO";"PRIVADO";"II-2";"00008398";"CLINICA EL GOLF";"240000";"HOSPITALIZACIÓN";"318";"302";"1062";"365";"54";"1674";"6"
"2023";"01";"150131";"LIMA";"LIMA";"SAN ISIDRO";"PRIVADO";"II-2";"00008398";"CLINICA EL GOLF";"250103";"UNIDAD DE CUIDADOS CRITICOS UNIDAD  DE CUIDADOS INTENSIVOS GENERALES  (UCI) MEDICINA";"15";"2";"61";"22";"6";"186";"1"
"2023";"01";"220202";"SAN MARTIN";"BELLAVISTA";"ALTO BIAVO";"GOBIERNO REGIONAL";"I-1";"00006528";"NUEVA ARICA";"NE_0002";"";"NE_0002";"NE_0002";"NE_0002";"NE_0002";"NE_0002";"NE_0002";"NE_0002"
"2023";"01";"220202";"SAN MARTIN";"BELLAVISTA";"ALTO BIAVO";"GOBIERNO REGIONAL";"I-1";"00006525";"CUZCO";"NE_0002";"";"NE_0002";"NE_0002";"NE_0002";"NE_0002";"NE_0002";"NE_0002";"NE_0002"
"2023";"01";"220202";"SAN MARTIN";"BELLAVISTA";"ALTO BIAVO";"GOBIERNO REGIONAL";"I-2";"00006524";"BARRANCA";"NE_0002";"";"NE_0002";"NE_0002";"NE_0002";"NE_0002";"NE_0002";"NE_0002";"NE_0002"
"2023";"01";"220202";"SAN MARTIN";"BELLAVISTA";"ALTO BIAVO";"GOBIERNO REGIONAL";"I-1";"00006526";"INCAICO";"NE_0002";"";"NE_0002";"NE_0002";"NE_0002";"NE_0002";"NE_0002";"NE_0002";"NE_0002"
"2023";"01";"220202";"SAN MARTIN";"BELLAVISTA";"ALTO BIAVO";"GOBIERNO REGIONAL";"I-1";"00006527";"JOSE OLAYA";"NE_0002";"";"NE_0002";"NE_0002";"NE_0002";"NE_0002";"NE_0002";"NE_0002";"NE_0002"
"2023";"01";"120706";"JUNIN";"TARMA";"PALCA";"GOBIERNO REGIONAL";"I-1";"00000575";"HUARIPAMPA";"NE_0001";"";"NE_0001";"NE_0001";"NE_0001";"NE_0001";"NE_0001";"NE_0001";"NE_0001"
"2023";"01";"120706";"JUNIN";"TARMA";"PALCA";"GOBIERNO REGIONAL";"I-1";"00000576";"PATAY";"NE_0001";"";"NE_0001";"NE_0001";"NE_0001";"NE_0001";"NE_0001";"NE_0001";"NE_0001"
"2023";"01";"120706";"JUNIN";"TARMA";"PALCA";"GOBIERNO REGIONAL";"I-1";"00000570";"ÑAHUIN";"NE_0001";"";"NE_0001";"NE_0001";"NE_0001";"NE_0001";"NE_0001";"NE_0001";"NE_0001"
"2023";"01";"120706";"JUNIN";"TARMA";"PALCA";"GOBIERNO REGIONAL";"I-1";"00000571";"CARPAPATA";"NE_0001";"";"NE_0001";"NE_0001";"NE_0001";"NE_0001";"NE_0001";"NE_0001";"NE_0001"
"2023";"01";"220201";"SAN MARTIN";"BELLAVISTA";"BELLAVISTA";"GOBIERNO REGIONAL";"II-E";"00006502";"HOSPITAL BELLAVISTA";"240100";"HOSPITALIZACIÓN QUIRÚRGICA CIRUGÍA GENERAL ";"24";"25";"73";"73";"8";"248";"0"
"2023";"01";"220201";"SAN MARTIN";"BELLAVISTA";"BELLAVISTA";"GOBIERNO REGIONAL";"II-E";"00006502";"HOSPITAL BELLAVISTA";"241400";"HOSPITALIZACIÓN QUIRÚRGICA GINECO - OBSTETRICIA ";"12";"13";"39";"10";"2";"62";"0"
"2023";"01";"220201";"SAN MARTIN";"BELLAVISTA";"BELLAVISTA";"GOBIERNO REGIONAL";"II-E";"00006502";"HOSPITAL BELLAVISTA";"241900";"HOSPITALIZACIÓN DE MEDICINA MEDICINA INTERNA ";"49";"50";"183";"183";"10";"372";"0"
"2023";"01";"220201";"SAN MARTIN";"BELLAVISTA";"BELLAVISTA";"GOBIERNO REGIONAL";"II-E";"00006502";"HOSPITAL BELLAVISTA";"242500";"HOSPITALIZACIÓN-PEDIATRÍA GENERAL-";"6";"8";"22";"22";"6";"186";"0"
"2023";"01";"220201";"SAN MARTIN";"BELLAVISTA";"BELLAVISTA";"GOBIERNO REGIONAL";"II-E";"00006502";"HOSPITAL BELLAVISTA";"243200";"HOSPITALIZACIÓN DE PEDIATRÍA PEDIATRIA NEONATOLOGÍA";"6";"9";"26";"26";"2";"62";"0"
"2023";"01";"150142";"LIMA";"LIMA";"VILLA EL SALVADOR";"MINSA";"II-2";"00023159";"HOSPITAL DE EMERGENCIAS VILLA EL SALVADOR";"242205";"HOSPITALIZACIÓN MEDICINA PSIQUIATRÍA PISIQUIATRIA/ SALUD MENTAL Y ADICCIONES";"7";"6";"84";"89";"4";"124";"0"
"2023";"01";"150142";"LIMA";"LIMA";"VILLA EL SALVADOR";"MINSA";"II-2";"00023159";"HOSPITAL DE EMERGENCIAS VILLA EL SALVADOR";"241500";"HOSPITALIZACIÓN QUIRÚRGICA GINECOLOGÍA  ";"33";"11";"59";"70";"3";"93";"0"
"2023";"01";"150142";"LIMA";"LIMA";"VILLA EL SALVADOR";"MINSA";"II-2";"00023159";"HOSPITAL DE EMERGENCIAS VILLA EL SALVADOR";"241800";"HOSPITALIZACIÓN DE MEDICINA MEDICINA GENERAL ";"167";"127";"1358";"1473";"48";"1488";"17"
"2023";"01";"150142";"LIMA";"LIMA";"VILLA EL SALVADOR";"MINSA";"II-2";"00023159";"HOSPITAL DE EMERGENCIAS VILLA EL SALVADOR";"241600";"HOSPITALIZACIÓN QUIRÚRGICA OBSTETRICIA   ";"561";"429";"1046";"957";"42";"1302";"0"
"2023";"01";"150142";"LIMA";"LIMA";"VILLA EL SALVADOR";"MINSA";"II-2";"00023159";"HOSPITAL DE EMERGENCIAS VILLA EL SALVADOR";"242300";"HOSPITALIZACIÓN DE PEDIATRÍA  PEDIATRÍA  GENERAL ";"151";"129";"656";"609";"24";"744";"0"
"2023";"01";"150142";"LIMA";"LIMA";"VILLA EL SALVADOR";"MINSA";"II-2";"00023159";"HOSPITAL DE EMERGENCIAS VILLA EL SALVADOR";"240100";"HOSPITALIZACIÓN QUIRÚRGICA CIRUGÍA GENERAL ";"319";"242";"1361";"1502";"49";"1519";"1"
"2023";"01";"150142";"LIMA";"LIMA";"VILLA EL SALVADOR";"MINSA";"II-2";"00023159";"HOSPITAL DE EMERGENCIAS VILLA EL SALVADOR";"250100";"UNIDAD DE CUIDADOS CRITICOS UNIDAD  DE CUIDADOS INTENSIVOS GENERALES (UCI) ";"193";"55";"877";"865";"31";"961";"26"
"2023";"01";"150142";"LIMA";"LIMA";"VILLA EL SALVADOR";"MINSA";"II-2";"00023159";"HOSPITAL DE EMERGENCIAS VILLA EL SALVADOR";"250108";"UNIDAD DE CUIDADOS CRITICOS UNIDAD  DE CUIDADOS INTENSIVOS  (UCI) PEDIÁTRICA";"21";"3";"151";"134";"6";"186";"2"
"2023";"01";"150142";"LIMA";"LIMA";"VILLA EL SALVADOR";"MINSA";"II-2";"00023159";"HOSPITAL DE EMERGENCIAS VILLA EL SALVADOR";"250105";"UNIDAD DE CUIDADOS CRITICOS UNIDAD  DE CUIDADOS INTENSIVOS  (UCI) NEONATOLOGÍA";"35";"2";"272";"221";"8";"248";"1"
"2023";"01";"150142";"LIMA";"LIMA";"VILLA EL SALVADOR";"MINSA";"II-2";"00023159";"HOSPITAL DE EMERGENCIAS VILLA EL SALVADOR";"250201";"UNIDAD DE CUIDADOS CRITICOS UNIDAD DE CUIDADOS INTERMEDIOS  (UCIN) NEONATAL";"113";"80";"565";"430";"16";"496";"0"
"2023";"01";"150142";"LIMA";"LIMA";"VILLA EL SALVADOR";"MINSA";"II-2";"00023159";"HOSPITAL DE EMERGENCIAS VILLA EL SALVADOR";"241500";"HOSPITALIZACIÓN QUIRÚRGICA GINECOLOGÍA  ";"162";"94";"213";"226";"9";"279";"0"
"2023";"01";"021809";"ANCASH";"SANTA";"NUEVO CHIMBOTE";"GOBIERNO REGIONAL";"I-2";"00001705";"PUESTO DE SALUD 3 DE OCTUBRE";"NE_0001";"";"NE_0001";"NE_0001";"NE_0001";"NE_0001";"NE_0001";"NE_0001";"NE_0001"
"2023";"01";"021802";"ANCASH";"SANTA";"CACERES DEL PERU";"GOBIERNO REGIONAL";"I-1";"00001709";"PUESTO DE SALUD LAMPANIN";"NE_0001";"";"NE_0001";"NE_0001";"NE_0001";"NE_0001";"NE_0001";"NE_0001";"NE_0001"
"2023";"01";"021101";"ANCASH";"HUARMEY";"HUARMEY";"GOBIERNO REGIONAL";"I-2";"00001742";"PUESTO DE SALUD PUERTO HUARMEY";"NE_0001";"";"NE_0001";"NE_0001";"NE_0001";"NE_0001";"NE_0001";"NE_0001";"NE_0001"
"2023";"01";"060306";"CAJAMARCA";"CELENDIN";"JOSE GALVEZ";"GOBIERNO REGIONAL";"I-1";"00004486";"FRAYLECOCHA";"NE_0001";"";"NE_0001";"NE_0001";"NE_0001";"NE_0001";"NE_0001";"NE_0001";"NE_0001"
"2023";"01";"060308";"CAJAMARCA";"CELENDIN";"OXAMARCA";"GOBIERNO REGIONAL";"I-1";"00009049";"LA QUINUA";"NE_0001";"";"NE_0001";"NE_0001";"NE_0001";"NE_0001";"NE_0001";"NE_0001";"NE_0001"
"2023";"01";"060308";"CAJAMARCA";"CELENDIN";"OXAMARCA";"GOBIERNO REGIONAL";"I-2";"00004483";"PIOBAMBA";"NE_0001";"";"NE_0001";"NE_0001";"NE_0001";"NE_0001";"NE_0001";"NE_0001";"NE_0001"
"2023";"01";"060308";"CAJAMARCA";"CELENDIN";"OXAMARCA";"GOBIERNO REGIONAL";"I-2";"00004484";"OXAMARCA";"NE_0001";"";"NE_0001";"NE_0001";"NE_0001";"NE_0001";"NE_0001";"NE_0001";"NE_0001"
"2023";"01";"060306";"CAJAMARCA";"CELENDIN";"JOSE GALVEZ";"GOBIERNO REGIONAL";"I-2";"00004488";"JOSE GALVEZ";"NE_0001";"";"NE_0001";"NE_0001";"NE_0001";"NE_0001";"NE_0001";"NE_0001";"NE_0001"
"2023";"01";"090101";"HUANCAVELICA";"HUANCAVELICA";"HUANCAVELICA";"GOBIERNO REGIONAL";"II-2";"00003853";"HOSPITAL DEPARTAMENTAL DE HUANCAVELICA";"240100";"HOSPITALIZACIÓN QUIRÚRGICA CIRUGÍA GENERAL ";"93";"93";"410";"300";"20";"600";"0"
"2023";"01";"090101";"HUANCAVELICA";"HUANCAVELICA";"HUANCAVELICA";"GOBIERNO REGIONAL";"II-2";"00003853";"HOSPITAL DEPARTAMENTAL DE HUANCAVELICA";"241200";"HOSPITALIZACIÓN QUIRÚRGICA TRAUMATOLOGÍA Y ORTOPEDIA ";"36";"36";"158";"270";"9";"270";"0"
"2023";"01";"090101";"HUANCAVELICA";"HUANCAVELICA";"HUANCAVELICA";"GOBIERNO REGIONAL";"II-2";"00003853";"HOSPITAL DEPARTAMENTAL DE HUANCAVELICA";"241400";"HOSPITALIZACIÓN QUIRÚRGICA GINECO - OBSTETRICIA ";"108";"108";"250";"360";"18";"540";"0"
"2023";"01";"090101";"HUANCAVELICA";"HUANCAVELICA";"HUANCAVELICA";"GOBIERNO REGIONAL";"II-2";"00003853";"HOSPITAL DEPARTAMENTAL DE HUANCAVELICA";"241500";"HOSPITALIZACIÓN QUIRÚRGICA GINECOLOGÍA  ";"34";"34";"94";"270";"18";"540";"0"
"2023";"01";"090101";"HUANCAVELICA";"HUANCAVELICA";"HUANCAVELICA";"GOBIERNO REGIONAL";"II-2";"00003853";"HOSPITAL DEPARTAMENTAL DE HUANCAVELICA";"241800";"HOSPITALIZACIÓN DE MEDICINA MEDICINA GENERAL ";"74";"74";"386";"180";"20";"600";"6"
"2023";"01";"090101";"HUANCAVELICA";"HUANCAVELICA";"HUANCAVELICA";"GOBIERNO REGIONAL";"II-2";"00003853";"HOSPITAL DEPARTAMENTAL DE HUANCAVELICA";"242300";"HOSPITALIZACIÓN DE PEDIATRÍA  PEDIATRÍA  GENERAL ";"28";"28";"165";"240";"11";"330";"0"
"2023";"01";"090101";"HUANCAVELICA";"HUANCAVELICA";"HUANCAVELICA";"GOBIERNO REGIONAL";"II-2";"00003853";"HOSPITAL DEPARTAMENTAL DE HUANCAVELICA";"243200";"HOSPITALIZACIÓN DE PEDIATRÍA PEDIATRIA NEONATOLOGÍA";"35";"35";"140";"330";"16";"480";"0"
"2023";"01";"090101";"HUANCAVELICA";"HUANCAVELICA";"HUANCAVELICA";"GOBIERNO REGIONAL";"II-2";"00003853";"HOSPITAL DEPARTAMENTAL DE HUANCAVELICA";"250102";"UNIDAD DE CUIDADOS CRITICOS UNIDAD  DE CUIDADOS INTENSIVOS GENERALES (UCI) GINECO-OBSTETRICIA";"1";"1";"2";"240";"20";"600";"0"
"2023";"01";"090101";"HUANCAVELICA";"HUANCAVELICA";"HUANCAVELICA";"GOBIERNO REGIONAL";"II-2";"00003853";"HOSPITAL DEPARTAMENTAL DE HUANCAVELICA";"250103";"UNIDAD DE CUIDADOS CRITICOS UNIDAD  DE CUIDADOS INTENSIVOS GENERALES  (UCI) MEDICINA";"9";"9";"98";"240";"20";"600";"3"
"2023";"01";"020105";"ANCASH";"HUARAZ";"INDEPENDENCIA";"GOBIERNO REGIONAL";"I-3";"00028701";"CENTRO DE SALUD MENTAL COMUNITARIO ""ALLY WARAQ""";"NE_0001";"";"NE_0001";"NE_0001";"NE_0001";"NE_0001";"NE_0001";"NE_0001";"NE_0001"
"2023";"01";"160101";"LORETO";"MAYNAS";"IQUITOS";"ESSALUD";"I-3";"00011408";"CAP III IQUITOS";"NE_0001";"";"NE_0001";"NE_0001";"NE_0001";"NE_0001";"NE_0001";"NE_0001";"NE_0001"
"2023";"01";"040109";"AREQUIPA";"AREQUIPA";"MARIANO MELGAR";"GOBIERNO REGIONAL";"I-4";"00001294";"CENTRO DE SALUD MARIANO MELGAR";"241600";"HOSPITALIZACIÓN QUIRÚRGICA OBSTETRICIA   ";"20";"20";"26";"20";"3";"520";"0"
"2023";"01";"040109";"AREQUIPA";"AREQUIPA";"MARIANO MELGAR";"GOBIERNO REGIONAL";"I-2";"00001308";"PUESTO DE SALUD ATALAYA";"NE_0001";"";"NE_0001";"NE_0001";"NE_0001";"NE_0001";"NE_0001";"NE_0001";"NE_0001"
"2023";"01";"040702";"AREQUIPA";"ISLAY";"COCACHACRA";"GOBIERNO REGIONAL";"I-2";"00001343";"PUESTO DE SALUD SAN CAMILO 7";"NE_0001";"";"NE_0001";"NE_0001";"NE_0001";"NE_0001";"NE_0001";"NE_0001";"NE_0001"
"2023";"01";"040108";"AREQUIPA";"AREQUIPA";"LA JOYA";"GOBIERNO REGIONAL";"I-2";"00001332";"PUESTO DE SALUD SAN CAMILO 6";"NE_0001";"";"NE_0001";"NE_0001";"NE_0001";"NE_0001";"NE_0001";"NE_0001";"NE_0001"
"2023";"01";"110201";"ICA";"CHINCHA";"CHINCHA ALTA";"PRIVADO";"II-1";"00010559";"CLINICA DANIEL A. CARRION S.A.C.";"240100";"HOSPITALIZACIÓN QUIRÚRGICA CIRUGÍA GENERAL ";"16";"15";"20";"21";"4";"124";"0"
"2023";"01";"110201";"ICA";"CHINCHA";"CHINCHA ALTA";"PRIVADO";"II-1";"00010559";"CLINICA DANIEL A. CARRION S.A.C.";"241400";"HOSPITALIZACIÓN QUIRÚRGICA GINECO - OBSTETRICIA ";"25";"24";"31";"32";"4";"124";"0"
"2023";"01";"220805";"SAN MARTIN";"RIOJA";"PARDO MIGUEL";"GOBIERNO REGIONAL";"I-2";"00006304";"AGUAS CLARAS";"NE_0001";"";"NE_0001";"NE_0001";"NE_0001";"NE_0001";"NE_0001";"NE_0001";"NE_0001"
"2023";"01";"220805";"SAN MARTIN";"RIOJA";"PARDO MIGUEL";"GOBIERNO REGIONAL";"I-1";"00006308";"SAN AGUSTIN";"NE_0001";"";"NE_0001";"NE_0001";"NE_0001";"NE_0001";"NE_0001";"NE_0001";"NE_0001"
"2023";"01";"220805";"SAN MARTIN";"RIOJA";"PARDO MIGUEL";"GOBIERNO REGIONAL";"I-2";"00006305";"AGUAS VERDES";"NE_0001";"";"NE_0001";"NE_0001";"NE_0001";"NE_0001";"NE_0001";"NE_0001";"NE_0001"
"2023";"01";"220805";"SAN MARTIN";"RIOJA";"PARDO MIGUEL";"GOBIERNO REGIONAL";"I-1";"00006310";"PERLA DEL MAYO";"NE_0001";"";"NE_0001";"NE_0001";"NE_0001";"NE_0001";"NE_0001";"NE_0001";"NE_0001"
"2023";"01";"220805";"SAN MARTIN";"RIOJA";"PARDO MIGUEL";"GOBIERNO REGIONAL";"I-1";"00006307";"PIONEROS BAJO (SAN JUAN DEL MAYO)";"NE_0001";"";"NE_0001";"NE_0001";"NE_0001";"NE_0001";"NE_0001";"NE_0001";"NE_0001"
"2023";"01";"220805";"SAN MARTIN";"RIOJA";"PARDO MIGUEL";"GOBIERNO REGIONAL";"I-4";"00006303";"CENTRO DE NARANJOS";"241600";"HOSPITALIZACIÓN QUIRÚRGICA OBSTETRICIA   ";"24";"24";"33";"66";"7";"180";"0"
"2023";"01";"220805";"SAN MARTIN";"RIOJA";"PARDO MIGUEL";"GOBIERNO REGIONAL";"I-4";"00006303";"CENTRO DE NARANJOS";"241800";"HOSPITALIZACIÓN DE MEDICINA MEDICINA GENERAL ";"6";"6";"13";"26";"3";"90";"0"
"2023";"01";"120424";"JUNIN";"JAUJA";"PANCAN";"GOBIERNO REGIONAL";"I-1";"00000417";"PANCAN";"NE_0001";"";"NE_0001";"NE_0001";"NE_0001";"NE_0001";"NE_0001";"NE_0001";"NE_0001"
"2023";"01";"120424";"JUNIN";"JAUJA";"PANCAN";"GOBIERNO REGIONAL";"I-1";"00000418";"HUASQUICHA";"NE_0001";"";"NE_0001";"NE_0001";"NE_0001";"NE_0001";"NE_0001";"NE_0001";"NE_0001"
"2023";"01";"120433";"JUNIN";"JAUJA";"YAULI";"GOBIERNO REGIONAL";"I-2";"00000423";"YAULI - JAUJA";"NE_0001";"";"NE_0001";"NE_0001";"NE_0001";"NE_0001";"NE_0001";"NE_0001";"NE_0001"
"2023";"01";"120427";"JUNIN";"JAUJA";"RICRAN";"GOBIERNO REGIONAL";"I-2";"00000419";"RICRAN";"NE_0001";"";"NE_0001";"NE_0001";"NE_0001";"NE_0001";"NE_0001";"NE_0001";"NE_0001"
"2023";"01";"110101";"ICA";"ICA";"ICA";"GOBIERNO REGIONAL";"II-1";"00003359";"SANTA MARIA DEL SOCORRO";"240100";"HOSPITALIZACIÓN QUIRÚRGICA CIRUGÍA GENERAL ";"50";"55";"313";"405";"23";"713";"0"
"2023";"01";"110101";"ICA";"ICA";"ICA";"GOBIERNO REGIONAL";"II-1";"00003359";"SANTA MARIA DEL SOCORRO";"241400";"HOSPITALIZACIÓN QUIRÚRGICA GINECO - OBSTETRICIA ";"173";"184";"473";"751";"31";"961";"0"
"2023";"01";"110101";"ICA";"ICA";"ICA";"GOBIERNO REGIONAL";"II-1";"00003359";"SANTA MARIA DEL SOCORRO";"241500";"HOSPITALIZACIÓN QUIRÚRGICA GINECOLOGÍA  ";"44";"50";"182";"176";"12";"372";"0"
"2023";"01";"110101";"ICA";"ICA";"ICA";"GOBIERNO REGIONAL";"II-1";"00003359";"SANTA MARIA DEL SOCORRO";"241900";"HOSPITALIZACIÓN DE MEDICINA MEDICINA INTERNA ";"43";"47";"257";"373";"14";"434";"2"
"2023";"01";"110101";"ICA";"ICA";"ICA";"GOBIERNO REGIONAL";"II-1";"00003359";"SANTA MARIA DEL SOCORRO";"242500";"HOSPITALIZACIÓN-PEDIATRÍA GENERAL-";"42";"48";"176";"368";"18";"558";"0"
"2023";"01";"110101";"ICA";"ICA";"ICA";"GOBIERNO REGIONAL";"II-1";"00003359";"SANTA MARIA DEL SOCORRO";"243200";"HOSPITALIZACIÓN DE PEDIATRÍA PEDIATRIA NEONATOLOGÍA";"17";"18";"66";"146";"7";"217";"0"
"2023";"01";"110101";"ICA";"ICA";"ICA";"GOBIERNO REGIONAL";"II-1";"00003359";"SANTA MARIA DEL SOCORRO";"250103";"UNIDAD DE CUIDADOS CRITICOS UNIDAD  DE CUIDADOS INTENSIVOS GENERALES  (UCI) MEDICINA";"1";"2";"45";"54";"3";"93";"2"
"2023";"01";"160107";"LORETO";"MAYNAS";"NAPO";"GOBIERNO REGIONAL";"II-1";"00000066";"HOSPITAL II-1 SANTA CLOTILDE";"241800";"HOSPITALIZACIÓN DE MEDICINA MEDICINA GENERAL ";"5";"8";"27";"35";"16";"496";"0"
"2023";"01";"160107";"LORETO";"MAYNAS";"NAPO";"GOBIERNO REGIONAL";"II-1";"00000066";"HOSPITAL II-1 SANTA CLOTILDE";"242300";"HOSPITALIZACIÓN DE PEDIATRÍA  PEDIATRÍA  GENERAL ";"4";"4";"22";"27";"7";"217";"0"
"2023";"01";"160107";"LORETO";"MAYNAS";"NAPO";"GOBIERNO REGIONAL";"II-1";"00000066";"HOSPITAL II-1 SANTA CLOTILDE";"241600";"HOSPITALIZACIÓN QUIRÚRGICA OBSTETRICIA   ";"5";"6";"23";"30";"6";"186";"0"
"2023";"01";"120804";"JUNIN";"YAULI";"MARCAPOMACOCHA";"GOBIERNO REGIONAL";"I-2";"00000561";"MARCAPOMACOCHA";"NE_0001";"";"NE_0001";"NE_0001";"NE_0001";"NE_0001";"NE_0001";"NE_0001";"NE_0001"
"2023";"01";"120810";"JUNIN";"YAULI";"YAULI";"GOBIERNO REGIONAL";"I-2";"00000567";"YAULI - LA OROYA";"NE_0001";"";"NE_0001";"NE_0001";"NE_0001";"NE_0001";"NE_0001";"NE_0001";"NE_0001"
"2023";"01";"120801";"JUNIN";"YAULI";"LA OROYA";"GOBIERNO REGIONAL";"I-1";"00021481";"HUARI";"NE_0001";"";"NE_0001";"NE_0001";"NE_0001";"NE_0001";"NE_0001";"NE_0001";"NE_0001"
"2023";"01";"120809";"JUNIN";"YAULI";"SUITUCANCHA";"GOBIERNO REGIONAL";"I-2";"00000431";"SUITUCANCHA";"NE_0001";"";"NE_0001";"NE_0001";"NE_0001";"NE_0001";"NE_0001";"NE_0001";"NE_0001"
"2023";"01";"120808";"JUNIN";"YAULI";"SANTA ROSA DE SACCO";"GOBIERNO REGIONAL";"I-3";"00000566";"SANTA ROSA DE SACCO";"NE_0001";"";"NE_0001";"NE_0001";"NE_0001";"NE_0001";"NE_0001";"NE_0001";"NE_0001"
"2023";"01";"120801";"JUNIN";"YAULI";"LA OROYA";"GOBIERNO REGIONAL";"I-4";"00000559";"LA OROYA";"NE_0001";"";"NE_0001";"NE_0001";"NE_0001";"NE_0001";"NE_0001";"NE_0001";"NE_0001"
"2023";"01";"120801";"JUNIN";"YAULI";"LA OROYA";"GOBIERNO REGIONAL";"I-2";"00000560";"HUAYNACANCHA";"NE_0001";"";"NE_0001";"NE_0001";"NE_0001";"NE_0001";"NE_0001";"NE_0001";"NE_0001"
"2023";"01";"120804";"JUNIN";"YAULI";"MARCAPOMACOCHA";"GOBIERNO REGIONAL";"I-1";"00000562";"SAN FRANCISCO DE YANTAC";"NE_0001";"";"NE_0001";"NE_0001";"NE_0001";"NE_0001";"NE_0001";"NE_0001";"NE_0001"
"2023";"01";"120808";"JUNIN";"YAULI";"SANTA ROSA DE SACCO";"GOBIERNO REGIONAL";"I-1";"00021449";"JUAN PABLO II";"NE_0001";"";"NE_0001";"NE_0001";"NE_0001";"NE_0001";"NE_0001";"NE_0001";"NE_0001"
"2023";"01";"120802";"JUNIN";"YAULI";"CHACAPALPA";"GOBIERNO REGIONAL";"I-1";"00000429";"CHACAPALPA";"NE_0001";"";"NE_0001";"NE_0001";"NE_0001";"NE_0001";"NE_0001";"NE_0001";"NE_0001"
"2023";"01";"120806";"JUNIN";"YAULI";"PACCHA";"GOBIERNO REGIONAL";"I-2";"00000564";"PACCHA - LA OROYA";"NE_0001";"";"NE_0001";"NE_0001";"NE_0001";"NE_0001";"NE_0001";"NE_0001";"NE_0001"
"2023";"01";"060810";"CAJAMARCA";"JAEN";"SAN FELIPE";"GOBIERNO REGIONAL";"I-2";"00004255";"PIQUIJACA";"NE_0001";"";"NE_0001";"NE_0001";"NE_0001";"NE_0001";"NE_0001";"NE_0001";"NE_0001"
"2023";"01";"060801";"CAJAMARCA";"JAEN";"JAEN";"GOBIERNO REGIONAL";"I-1";"00004215";"CHAMAYA";"NE_0001";"";"NE_0001";"NE_0001";"NE_0001";"NE_0001";"NE_0001";"NE_0001";"NE_0001"
"2023";"01";"060801";"CAJAMARCA";"JAEN";"JAEN";"GOBIERNO REGIONAL";"I-2";"00007168";"MONTEGRANDE";"NE_0001";"";"NE_0001";"NE_0001";"NE_0001";"NE_0001";"NE_0001";"NE_0001";"NE_0001"
"2023";"01";"230101";"TACNA";"TACNA";"TACNA";"ESSALUD";"I-2";"00010228";"CENTRO DE ATENCION PRIMARIA II  OSCAR FERNANDEZ DAVILA VÉLEZ";"NE_0001";"";"NE_0001";"NE_0001";"NE_0001";"NE_0001";"NE_0001";"NE_0001";"NE_0001"
"2023";"01";"150141";"LIMA";"LIMA";"SURQUILLO";"PRIVADO";"II-E";"00013952";"HOSPITAL DE LA MUJER.";"NE_0002";"";"NE_0002";"NE_0002";"NE_0002";"NE_0002";"NE_0002";"NE_0002";"NE_0002"
"2023";"01";"140101";"LAMBAYEQUE";"CHICLAYO";"CHICLAYO";"PRIVADO";"II-E";"00008750";"CLINICA DEL PACIFICO S.A";"250100";"UNIDAD DE CUIDADOS CRITICOS UNIDAD  DE CUIDADOS INTENSIVOS GENERALES (UCI) ";"2";"0";"2";"23";"4";"112";"0"
"2023";"01";"140101";"LAMBAYEQUE";"CHICLAYO";"CHICLAYO";"PRIVADO";"II-E";"00008750";"CLINICA DEL PACIFICO S.A";"240000";"HOSPITALIZACIÓN";"367";"361";"795";"731";"51";"1428";"6"
"2023";"01";"210401";"PUNO";"CHUCUITO";"JULI";"GOBIERNO REGIONAL";"II-1";"00002990";"JULI";"240100";"HOSPITALIZACIÓN QUIRÚRGICA CIRUGÍA GENERAL ";"8";"8";"33";"35";"5";"155";"0"
"2023";"01";"210401";"PUNO";"CHUCUITO";"JULI";"GOBIERNO REGIONAL";"II-1";"00002990";"JULI";"241400";"HOSPITALIZACIÓN QUIRÚRGICA GINECO - OBSTETRICIA ";"38";"38";"86";"100";"4";"124";"0"
"2023";"01";"210401";"PUNO";"CHUCUITO";"JULI";"GOBIERNO REGIONAL";"II-1";"00002990";"JULI";"241600";"HOSPITALIZACIÓN QUIRÚRGICA OBSTETRICIA   ";"7";"7";"11";"20";"9";"279";"0"
"2023";"01";"210401";"PUNO";"CHUCUITO";"JULI";"GOBIERNO REGIONAL";"II-1";"00002990";"JULI";"241800";"HOSPITALIZACIÓN DE MEDICINA MEDICINA GENERAL ";"4";"4";"11";"18";"6";"186";"0"
"2023";"01";"210401";"PUNO";"CHUCUITO";"JULI";"GOBIERNO REGIONAL";"II-1";"00002990";"JULI";"242500";"HOSPITALIZACIÓN-PEDIATRÍA GENERAL-";"1";"1";"5";"10";"6";"186";"0"
"2023";"01";"120303";"JUNIN";"CHANCHAMAYO";"PICHANAQUI";"GOBIERNO REGIONAL";"I-2";"00007371";"28 DE JULIO";"NE_0001";"";"NE_0001";"NE_0001";"NE_0001";"NE_0001";"NE_0001";"NE_0001";"NE_0001"
"2023";"01";"120303";"JUNIN";"CHANCHAMAYO";"PICHANAQUI";"GOBIERNO REGIONAL";"I-2";"00000346";"HUANTININI";"NE_0001";"";"NE_0001";"NE_0001";"NE_0001";"NE_0001";"NE_0001";"NE_0001";"NE_0001"
"2023";"01";"120303";"JUNIN";"CHANCHAMAYO";"PICHANAQUI";"GOBIERNO REGIONAL";"I-2";"00000348";"SAN JUAN CENTRO AUTIKI";"NE_0001";"";"NE_0001";"NE_0001";"NE_0001";"NE_0001";"NE_0001";"NE_0001";"NE_0001"
"2023";"01";"200101";"PIURA";"PIURA";"PIURA";"ESSALUD";"I-3";"00012235";"CENTRO DE ATENCIÓN PRIMARIA CAP III METROPOLITANO- ESSALUD";"NE_0001";"";"NE_0001";"NE_0001";"NE_0001";"NE_0001";"NE_0001";"NE_0001";"NE_0001"
"2023";"01";"220804";"SAN MARTIN";"RIOJA";"NUEVA CAJAMARCA";"GOBIERNO REGIONAL";"I-1";"00006289";"MIRAFLORES";"NE_0001";"";"NE_0001";"NE_0001";"NE_0001";"NE_0001";"NE_0001";"NE_0001";"NE_0001"
"2023";"01";"220804";"SAN MARTIN";"RIOJA";"NUEVA CAJAMARCA";"GOBIERNO REGIONAL";"I-4";"00006283";"HOSPITAL RURAL NUEVA CAJAMARCA";"241600";"HOSPITALIZACIÓN QUIRÚRGICA OBSTETRICIA   ";"67";"68";"87";"87";"8";"248";"0"
"2023";"01";"220804";"SAN MARTIN";"RIOJA";"NUEVA CAJAMARCA";"GOBIERNO REGIONAL";"I-4";"00006283";"HOSPITAL RURAL NUEVA CAJAMARCA";"241800";"HOSPITALIZACIÓN DE MEDICINA MEDICINA GENERAL ";"32";"32";"76";"76";"8";"248";"0"
"2023";"01";"220804";"SAN MARTIN";"RIOJA";"NUEVA CAJAMARCA";"GOBIERNO REGIONAL";"I-4";"00006283";"HOSPITAL RURAL NUEVA CAJAMARCA";"242500";"HOSPITALIZACIÓN-PEDIATRÍA GENERAL-";"6";"6";"8";"8";"5";"155";"0"
"2023";"01";"220804";"SAN MARTIN";"RIOJA";"NUEVA CAJAMARCA";"GOBIERNO REGIONAL";"I-1";"00006287";"TAHUANTINSUYO";"NE_0001";"";"NE_0001";"NE_0001";"NE_0001";"NE_0001";"NE_0001";"NE_0001";"NE_0001"
"2023";"01";"220804";"SAN MARTIN";"RIOJA";"NUEVA CAJAMARCA";"GOBIERNO REGIONAL";"I-1";"00006284";"LA FLORIDA";"NE_0001";"";"NE_0001";"NE_0001";"NE_0001";"NE_0001";"NE_0001";"NE_0001";"NE_0001"
"2023";"01";"220804";"SAN MARTIN";"RIOJA";"NUEVA CAJAMARCA";"GOBIERNO REGIONAL";"I-1";"00006285";"LA UNION";"NE_0001";"";"NE_0001";"NE_0001";"NE_0001";"NE_0001";"NE_0001";"NE_0001";"NE_0001"
"2023";"01";"220804";"SAN MARTIN";"RIOJA";"NUEVA CAJAMARCA";"GOBIERNO REGIONAL";"I-1";"00006286";"PALESTINA";"NE_0001";"";"NE_0001";"NE_0001";"NE_0001";"NE_0001";"NE_0001";"NE_0001";"NE_0001"
"2023";"01";"220804";"SAN MARTIN";"RIOJA";"NUEVA CAJAMARCA";"GOBIERNO REGIONAL";"I-1";"00006288";"UCRANIA";"NE_0001";"";"NE_0001";"NE_0001";"NE_0001";"NE_0001";"NE_0001";"NE_0001";"NE_0001"
"2023";"01";"060201";"CAJAMARCA";"CAJABAMBA";"CAJABAMBA";"GOBIERNO REGIONAL";"II-1";"00004511";"DE APOYO CAJABAMBA";"240100";"HOSPITALIZACIÓN QUIRÚRGICA CIRUGÍA GENERAL ";"12";"12";"52";"68";"5";"155";"0"
"2023";"01";"060201";"CAJAMARCA";"CAJABAMBA";"CAJABAMBA";"GOBIERNO REGIONAL";"II-1";"00004511";"DE APOYO CAJABAMBA";"241400";"HOSPITALIZACIÓN QUIRÚRGICA GINECO - OBSTETRICIA ";"130";"139";"276";"245";"14";"434";"0"
"2023";"01";"060201";"CAJAMARCA";"CAJABAMBA";"CAJABAMBA";"GOBIERNO REGIONAL";"II-1";"00004511";"DE APOYO CAJABAMBA";"241800";"HOSPITALIZACIÓN DE MEDICINA MEDICINA GENERAL ";"21";"23";"103";"89";"6";"186";"1"
"2023";"01";"060201";"CAJAMARCA";"CAJABAMBA";"CAJABAMBA";"GOBIERNO REGIONAL";"II-1";"00004511";"DE APOYO CAJABAMBA";"242500";"HOSPITALIZACIÓN-PEDIATRÍA GENERAL-";"2";"2";"10";"12";"5";"155";"0"
"2023";"01";"060807";"CAJAMARCA";"JAEN";"POMAHUACA";"GOBIERNO REGIONAL";"I-2";"00004248";"PALO BLANCO";"NE_0002";"";"NE_0002";"NE_0002";"NE_0002";"NE_0002";"NE_0002";"NE_0002";"NE_0002"
"2023";"01";"060804";"CAJAMARCA";"JAEN";"COLASAY";"GOBIERNO REGIONAL";"I-1";"00031333";"CHUNCHUCA";"NE_0002";"";"NE_0002";"NE_0002";"NE_0002";"NE_0002";"NE_0002";"NE_0002";"NE_0002"
"2023";"01";"060804";"CAJAMARCA";"JAEN";"COLASAY";"GOBIERNO REGIONAL";"I-1";"00007171";"LOS CEDROS DE COLASAY";"NE_0002";"";"NE_0002";"NE_0002";"NE_0002";"NE_0002";"NE_0002";"NE_0002";"NE_0002"
"2023";"01";"060804";"CAJAMARCA";"JAEN";"COLASAY";"GOBIERNO REGIONAL";"I-3";"00004237";"CHUNCHUQUILLO";"NE_0001";"";"NE_0001";"NE_0001";"NE_0001";"NE_0001";"NE_0001";"NE_0001";"NE_0001"
"2023";"01";"060804";"CAJAMARCA";"JAEN";"COLASAY";"GOBIERNO REGIONAL";"I-2";"00004238";"SAN LORENZO DE BARBASCO";"NE_0001";"";"NE_0001";"NE_0001";"NE_0001";"NE_0001";"NE_0001";"NE_0001";"NE_0001"
"2023";"01";"060807";"CAJAMARCA";"JAEN";"POMAHUACA";"GOBIERNO REGIONAL";"I-1";"00007122";"TAMBILLO";"NE_0002";"";"NE_0002";"NE_0002";"NE_0002";"NE_0002";"NE_0002";"NE_0002";"NE_0002"
"2023";"01";"120303";"JUNIN";"CHANCHAMAYO";"PICHANAQUI";"GOBIERNO REGIONAL";"I-2";"00000341";"IMPITATO CASCADA";"NE_0001";"";"NE_0001";"NE_0001";"NE_0001";"NE_0001";"NE_0001";"NE_0001";"NE_0001"
"2023";"01";"120303";"JUNIN";"CHANCHAMAYO";"PICHANAQUI";"GOBIERNO REGIONAL";"I-2";"00000345";"PAMPA CAMONA";"NE_0001";"";"NE_0001";"NE_0001";"NE_0001";"NE_0001";"NE_0001";"NE_0001";"NE_0001"
"2023";"01";"120303";"JUNIN";"CHANCHAMAYO";"PICHANAQUI";"GOBIERNO REGIONAL";"I-2";"00000352";"UNION SHIMASHIRO";"NE_0001";"";"NE_0001";"NE_0001";"NE_0001";"NE_0001";"NE_0001";"NE_0001";"NE_0001"
"2023";"01";"120303";"JUNIN";"CHANCHAMAYO";"PICHANAQUI";"GOBIERNO REGIONAL";"I-2";"00000342";"PRIMAVERA";"NE_0001";"";"NE_0001";"NE_0001";"NE_0001";"NE_0001";"NE_0001";"NE_0001";"NE_0001"
"2023";"01";"120303";"JUNIN";"CHANCHAMAYO";"PICHANAQUI";"GOBIERNO REGIONAL";"I-3";"00000344";"LAS PALMAS";"NE_0001";"";"NE_0001";"NE_0001";"NE_0001";"NE_0001";"NE_0001";"NE_0001";"NE_0001"
"2023";"01";"120303";"JUNIN";"CHANCHAMAYO";"PICHANAQUI";"GOBIERNO REGIONAL";"I-2";"00007361";"COLONIA HUANCA";"NE_0001";"";"NE_0001";"NE_0001";"NE_0001";"NE_0001";"NE_0001";"NE_0001";"NE_0001"
"2023";"01";"040401";"AREQUIPA";"CASTILLA";"APLAO";"GOBIERNO REGIONAL";"I-3";"00024409";"CENTRO DE SALUD MENTAL COMUNITARIO LA REAL C.C.U.";"NE_0001";"";"NE_0001";"NE_0001";"NE_0001";"NE_0001";"NE_0001";"NE_0001";"NE_0001"
"2023";"01";"130101";"LA LIBERTAD";"TRUJILLO";"TRUJILLO";"GOBIERNO REGIONAL";"III-1";"00005195";"HOSPITAL BELEN DE TRUJILLO";"244000";"HOSPITALIZACIÓN DE MEDICINA CARDIOLOGIA ";"2";"11";"180";"187";"7";"217";"1"
"2023";"01";"130101";"LA LIBERTAD";"TRUJILLO";"TRUJILLO";"GOBIERNO REGIONAL";"III-1";"00005195";"HOSPITAL BELEN DE TRUJILLO";"244300";"HOSPITALIZACIÓN DE MEDICINA GASTROENTEROLOGÍA  ";"22";"26";"244";"253";"9";"279";"0"
"2023";"01";"130101";"LA LIBERTAD";"TRUJILLO";"TRUJILLO";"GOBIERNO REGIONAL";"III-1";"00005195";"HOSPITAL BELEN DE TRUJILLO";"241900";"HOSPITALIZACIÓN DE MEDICINA MEDICINA INTERNA ";"101";"85";"1240";"963";"32";"992";"13"
"2023";"01";"130101";"LA LIBERTAD";"TRUJILLO";"TRUJILLO";"GOBIERNO REGIONAL";"III-1";"00005195";"HOSPITAL BELEN DE TRUJILLO";"245300";"HOSPITALIZACIÓN DE MEDICINA NEUMOLOGÍA  ";"2";"15";"274";"283";"10";"310";"2"
"2023";"01";"130101";"LA LIBERTAD";"TRUJILLO";"TRUJILLO";"GOBIERNO REGIONAL";"III-1";"00005195";"HOSPITAL BELEN DE TRUJILLO";"244700";"HOSPITALIZACIÓN DE MEDICINA NEUROLOGIA  ";"14";"23";"298";"308";"10";"310";"1"
"2023";"01";"130101";"LA LIBERTAD";"TRUJILLO";"TRUJILLO";"GOBIERNO REGIONAL";"III-1";"00005195";"HOSPITAL BELEN DE TRUJILLO";"242100";"HOSPITALIZACIÓN DE MEDICINA ONCOLOGÍA MÉDICA ";"0";"4";"89";"91";"3";"93";"2"
"2023";"01";"130101";"LA LIBERTAD";"TRUJILLO";"TRUJILLO";"GOBIERNO REGIONAL";"III-1";"00005195";"HOSPITAL BELEN DE TRUJILLO";"240800";"HOSPITALIZACIÓN QUIRÚRGICA CIRUGÍA PLÁSTICA/RECONSTRUCTIVA/ REPARADORA ";"3";"9";"202";"74";"4";"124";"0"
"2023";"01";"130101";"LA LIBERTAD";"TRUJILLO";"TRUJILLO";"GOBIERNO REGIONAL";"III-1";"00005195";"HOSPITAL BELEN DE TRUJILLO";"240400";"HOSPITALIZACIÓN QUIRÚRGICA CIRUGÍA DE TÓRAX Y CARDIOVASCULAR ";"12";"14";"271";"213";"7";"217";"1"
"2023";"01";"130101";"LA LIBERTAD";"TRUJILLO";"TRUJILLO";"GOBIERNO REGIONAL";"III-1";"00005195";"HOSPITAL BELEN DE TRUJILLO";"240100";"HOSPITALIZACIÓN QUIRÚRGICA CIRUGÍA GENERAL ";"141";"120";"896";"954";"35";"1085";"0"
"2023";"01";"130101";"LA LIBERTAD";"TRUJILLO";"TRUJILLO";"GOBIERNO REGIONAL";"III-1";"00005195";"HOSPITAL BELEN DE TRUJILLO";"241000";"HOSPITALIZACIÓN QUIRÚRGICA ONCOLOGÍA QUIRÚRGICA  ";"1";"2";"9";"10";"1";"31";"0"
"2023";"01";"130101";"LA LIBERTAD";"TRUJILLO";"TRUJILLO";"GOBIERNO REGIONAL";"III-1";"00005195";"HOSPITAL BELEN DE TRUJILLO";"240700";"HOSPITALIZACIÓN QUIRÚRGICA CIRUGÍA PEDIÁTRICA ";"5";"28";"153";"163";"7";"217";"0"
"2023";"01";"130101";"LA LIBERTAD";"TRUJILLO";"TRUJILLO";"GOBIERNO REGIONAL";"III-1";"00005195";"HOSPITAL BELEN DE TRUJILLO";"240900";"HOSPITALIZACIÓN QUIRÚRGICA NEUROCIRUGÍA ";"9";"16";"484";"243";"8";"248";"0"
"2023";"01";"130101";"LA LIBERTAD";"TRUJILLO";"TRUJILLO";"GOBIERNO REGIONAL";"III-1";"00005195";"HOSPITAL BELEN DE TRUJILLO";"241100";"HOSPITALIZACIÓN QUIRÚRGICA OTORRINOLARINGOLOGÍA  ";"0";"3";"21";"23";"2";"62";"0"
"2023";"01";"130101";"LA LIBERTAD";"TRUJILLO";"TRUJILLO";"GOBIERNO REGIONAL";"III-1";"00005195";"HOSPITAL BELEN DE TRUJILLO";"241200";"HOSPITALIZACIÓN QUIRÚRGICA TRAUMATOLOGÍA Y ORTOPEDIA ";"57";"61";"666";"446";"15";"465";"0"
"2023";"01";"130101";"LA LIBERTAD";"TRUJILLO";"TRUJILLO";"GOBIERNO REGIONAL";"III-1";"00005195";"HOSPITAL BELEN DE TRUJILLO";"241300";"HOSPITALIZACIÓN QUIRÚRGICA UROLOGÍA  ";"18";"13";"95";"104";"4";"124";"0"
"2023";"01";"130101";"LA LIBERTAD";"TRUJILLO";"TRUJILLO";"GOBIERNO REGIONAL";"III-1";"00005195";"HOSPITAL BELEN DE TRUJILLO";"243200";"HOSPITALIZACIÓN DE PEDIATRÍA PEDIATRIA NEONATOLOGÍA";"54";"73";"1017";"752";"30";"930";"1"
"2023";"01";"130101";"LA LIBERTAD";"TRUJILLO";"TRUJILLO";"GOBIERNO REGIONAL";"III-1";"00005195";"HOSPITAL BELEN DE TRUJILLO";"250105";"UNIDAD DE CUIDADOS CRITICOS UNIDAD  DE CUIDADOS INTENSIVOS  (UCI) NEONATOLOGÍA";"3";"5";"45";"354";"12";"372";"5"
"2023";"01";"130101";"LA LIBERTAD";"TRUJILLO";"TRUJILLO";"GOBIERNO REGIONAL";"III-1";"00005195";"HOSPITAL BELEN DE TRUJILLO";"242300";"HOSPITALIZACIÓN DE PEDIATRÍA  PEDIATRÍA  GENERAL ";"34";"31";"348";"257";"20";"620";"1"
"2023";"01";"130101";"LA LIBERTAD";"TRUJILLO";"TRUJILLO";"GOBIERNO REGIONAL";"III-1";"00005195";"HOSPITAL BELEN DE TRUJILLO";"250108";"UNIDAD DE CUIDADOS CRITICOS UNIDAD  DE CUIDADOS INTENSIVOS  (UCI) PEDIÁTRICA";"6";"1";"19";"69";"5";"155";"1"
"2023";"01";"130101";"LA LIBERTAD";"TRUJILLO";"TRUJILLO";"GOBIERNO REGIONAL";"III-1";"00005195";"HOSPITAL BELEN DE TRUJILLO";"241500";"HOSPITALIZACIÓN QUIRÚRGICA GINECOLOGÍA  ";"57";"51";"287";"231";"10";"310";"0"
"2023";"01";"130101";"LA LIBERTAD";"TRUJILLO";"TRUJILLO";"GOBIERNO REGIONAL";"III-1";"00005195";"HOSPITAL BELEN DE TRUJILLO";"241600";"HOSPITALIZACIÓN QUIRÚRGICA OBSTETRICIA   ";"235";"235";"747";"897";"44";"1364";"0"
"2023";"01";"130101";"LA LIBERTAD";"TRUJILLO";"TRUJILLO";"GOBIERNO REGIONAL";"III-1";"00005195";"HOSPITAL BELEN DE TRUJILLO";"250100";"UNIDAD DE CUIDADOS CRITICOS UNIDAD  DE CUIDADOS INTENSIVOS GENERALES (UCI) ";"0";"5";"224";"283";"10";"310";"5"
"2023";"01";"040520";"AREQUIPA";"CAYLLOMA";"MAJES";"GOBIERNO REGIONAL";"II-1";"00016721";"HOSPITAL CENTRAL DE MAJES ING. ANGEL GABRIEL CHURA GALLEGOS";"240100";"HOSPITALIZACIÓN QUIRÚRGICA CIRUGÍA GENERAL ";"34";"32";"68";"170";"6";"180";"0"
"2023";"01";"040520";"AREQUIPA";"CAYLLOMA";"MAJES";"GOBIERNO REGIONAL";"II-1";"00016721";"HOSPITAL CENTRAL DE MAJES ING. ANGEL GABRIEL CHURA GALLEGOS";"241500";"HOSPITALIZACIÓN QUIRÚRGICA GINECOLOGÍA  ";"21";"21";"42";"105";"6";"180";"0"
"2023";"01";"040520";"AREQUIPA";"CAYLLOMA";"MAJES";"GOBIERNO REGIONAL";"II-1";"00016721";"HOSPITAL CENTRAL DE MAJES ING. ANGEL GABRIEL CHURA GALLEGOS";"241800";"HOSPITALIZACIÓN DE MEDICINA MEDICINA GENERAL ";"25";"24";"56";"125";"14";"420";"0"
"2023";"01";"040520";"AREQUIPA";"CAYLLOMA";"MAJES";"GOBIERNO REGIONAL";"II-1";"00016721";"HOSPITAL CENTRAL DE MAJES ING. ANGEL GABRIEL CHURA GALLEGOS";"241600";"HOSPITALIZACIÓN QUIRÚRGICA OBSTETRICIA   ";"105";"110";"216";"105";"11";"330";"0"
"2023";"01";"040520";"AREQUIPA";"CAYLLOMA";"MAJES";"GOBIERNO REGIONAL";"II-1";"00016721";"HOSPITAL CENTRAL DE MAJES ING. ANGEL GABRIEL CHURA GALLEGOS";"242500";"HOSPITALIZACIÓN-PEDIATRÍA GENERAL-";"7";"8";"14";"35";"6";"180";"0"
"2023";"01";"040520";"AREQUIPA";"CAYLLOMA";"MAJES";"GOBIERNO REGIONAL";"II-1";"00016721";"HOSPITAL CENTRAL DE MAJES ING. ANGEL GABRIEL CHURA GALLEGOS";"241200";"HOSPITALIZACIÓN QUIRÚRGICA TRAUMATOLOGÍA Y ORTOPEDIA ";"19";"16";"36";"95";"6";"180";"0"
"2023";"01";"150801";"LIMA";"HUAURA";"HUACHO";"GOBIERNO REGIONAL";"II-2";"00007639";"HOSPITAL GENERAL DE HUACHO";"240100";"HOSPITALIZACIÓN QUIRÚRGICA CIRUGÍA GENERAL ";"150";"171";"647";"645";"39";"1209";"0"
"2023";"01";"150801";"LIMA";"HUAURA";"HUACHO";"GOBIERNO REGIONAL";"II-2";"00007639";"HOSPITAL GENERAL DE HUACHO";"241500";"HOSPITALIZACIÓN QUIRÚRGICA GINECOLOGÍA  ";"34";"40";"168";"178";"8";"248";"0"
"2023";"01";"150801";"LIMA";"HUAURA";"HUACHO";"GOBIERNO REGIONAL";"II-2";"00007639";"HOSPITAL GENERAL DE HUACHO";"241600";"HOSPITALIZACIÓN QUIRÚRGICA OBSTETRICIA   ";"318";"336";"741";"686";"29";"899";"0"
"2023";"01";"150801";"LIMA";"HUAURA";"HUACHO";"GOBIERNO REGIONAL";"II-2";"00007639";"HOSPITAL GENERAL DE HUACHO";"241800";"HOSPITALIZACIÓN DE MEDICINA MEDICINA GENERAL ";"84";"106";"698";"671";"33";"1023";"6"
"2023";"01";"150801";"LIMA";"HUAURA";"HUACHO";"GOBIERNO REGIONAL";"II-2";"00007639";"HOSPITAL GENERAL DE HUACHO";"242500";"HOSPITALIZACIÓN-PEDIATRÍA GENERAL-";"55";"65";"223";"238";"29";"899";"0"
"2023";"01";"150801";"LIMA";"HUAURA";"HUACHO";"GOBIERNO REGIONAL";"II-2";"00007639";"HOSPITAL GENERAL DE HUACHO";"243200";"HOSPITALIZACIÓN DE PEDIATRÍA PEDIATRIA NEONATOLOGÍA";"15";"17";"105";"73";"11";"341";"0"
"2023";"01";"150801";"LIMA";"HUAURA";"HUACHO";"GOBIERNO REGIONAL";"II-2";"00007639";"HOSPITAL GENERAL DE HUACHO";"250103";"UNIDAD DE CUIDADOS CRITICOS UNIDAD  DE CUIDADOS INTENSIVOS GENERALES  (UCI) MEDICINA";"19";"23";"230";"146";"12";"372";"9"
"2023";"01";"150801";"LIMA";"HUAURA";"HUACHO";"GOBIERNO REGIONAL";"II-2";"00007639";"HOSPITAL GENERAL DE HUACHO";"250105";"UNIDAD DE CUIDADOS CRITICOS UNIDAD  DE CUIDADOS INTENSIVOS  (UCI) NEONATOLOGÍA";"8";"9";"25";"44";"4";"124";"1"
"2023";"01";"200101";"PIURA";"PIURA";"PIURA";"PRIVADO";"II-E";"00014092";"CLINICA SANTIVAÑEZ";"240800";"HOSPITALIZACIÓN QUIRÚRGICA CIRUGÍA PLÁSTICA/RECONSTRUCTIVA/ REPARADORA ";"27";"27";"27";"27";"3";"93";"0"
"2023";"01";"070101";"CALLAO";"CALLAO";"CALLAO";"PRIVADO";"I-3";"00021094";"LIMATAMBO SEDE MINKA II";"NE_0001";"";"NE_0001";"NE_0001";"NE_0001";"NE_0001";"NE_0001";"NE_0001";"NE_0001"
"2023";"01";"220401";"SAN MARTIN";"HUALLAGA";"SAPOSOA";"GOBIERNO REGIONAL";"I-1";"00021587";"ALTO PACHIZA";"NE_0001";"";"NE_0001";"NE_0001";"NE_0001";"NE_0001";"NE_0001";"NE_0001";"NE_0001"
"2023";"01";"220401";"SAN MARTIN";"HUALLAGA";"SAPOSOA";"GOBIERNO REGIONAL";"I-1";"00006532";"PALTAICO";"NE_0001";"";"NE_0001";"NE_0001";"NE_0001";"NE_0001";"NE_0001";"NE_0001";"NE_0001"
"2023";"01";"220203";"SAN MARTIN";"BELLAVISTA";"BAJO BIAVO";"GOBIERNO REGIONAL";"I-1";"00006520";"NUEVO TARAPOTO";"NE_0002";"";"NE_0002";"NE_0002";"NE_0002";"NE_0002";"NE_0002";"NE_0002";"NE_0002"
"2023";"01";"220203";"SAN MARTIN";"BELLAVISTA";"BAJO BIAVO";"GOBIERNO REGIONAL";"I-1";"00006523";"SANTA ELENA";"NE_0002";"";"NE_0002";"NE_0002";"NE_0002";"NE_0002";"NE_0002";"NE_0002";"NE_0002"
"2023";"01";"220203";"SAN MARTIN";"BELLAVISTA";"BAJO BIAVO";"GOBIERNO REGIONAL";"I-4";"00006519";"NUEVO LIMA";"241600";"HOSPITALIZACIÓN QUIRÚRGICA OBSTETRICIA   ";"3";"3";"3";"3";"3";"4";"0"
"2023";"01";"220203";"SAN MARTIN";"BELLAVISTA";"BAJO BIAVO";"GOBIERNO REGIONAL";"I-1";"00006522";"LA UNION";"NE_0002";"";"NE_0002";"NE_0002";"NE_0002";"NE_0002";"NE_0002";"NE_0002";"NE_0002"
"2023";"01";"220203";"SAN MARTIN";"BELLAVISTA";"BAJO BIAVO";"GOBIERNO REGIONAL";"I-1";"00006521";"DOS UNIDOS";"NE_0002";"";"NE_0002";"NE_0002";"NE_0002";"NE_0002";"NE_0002";"NE_0002";"NE_0002"
"2023";"01";"220203";"SAN MARTIN";"BELLAVISTA";"BAJO BIAVO";"GOBIERNO REGIONAL";"I-1";"00011343";"YANAYACU";"NE_0002";"";"NE_0002";"NE_0002";"NE_0002";"NE_0002";"NE_0002";"NE_0002";"NE_0002"
"2023";"01";"150121";"LIMA";"LIMA";"PUEBLO LIBRE";"MINSA";"III-1";"00006211";"HOSPITAL DE APOYO SANTA ROSA";"240100";"HOSPITALIZACIÓN QUIRÚRGICA CIRUGÍA GENERAL ";"110";"111";"547";"547";"22";"682";"0"
"2023";"01";"150121";"LIMA";"LIMA";"PUEBLO LIBRE";"MINSA";"III-1";"00006211";"HOSPITAL DE APOYO SANTA ROSA";"240700";"HOSPITALIZACIÓN QUIRÚRGICA CIRUGÍA PEDIÁTRICA ";"29";"23";"93";"93";"6";"186";"0"
"2023";"01";"150121";"LIMA";"LIMA";"PUEBLO LIBRE";"MINSA";"III-1";"00006211";"HOSPITAL DE APOYO SANTA ROSA";"241500";"HOSPITALIZACIÓN QUIRÚRGICA GINECOLOGÍA  ";"51";"45";"282";"282";"15";"465";"0"
"2023";"01";"150121";"LIMA";"LIMA";"PUEBLO LIBRE";"MINSA";"III-1";"00006211";"HOSPITAL DE APOYO SANTA ROSA";"241800";"HOSPITALIZACIÓN DE MEDICINA MEDICINA GENERAL ";"84";"76";"706";"706";"34";"1054";"8"
"2023";"01";"150121";"LIMA";"LIMA";"PUEBLO LIBRE";"MINSA";"III-1";"00006211";"HOSPITAL DE APOYO SANTA ROSA";"242500";"HOSPITALIZACIÓN-PEDIATRÍA GENERAL-";"38";"35";"164";"164";"9";"279";"0"
"2023";"01";"150121";"LIMA";"LIMA";"PUEBLO LIBRE";"MINSA";"III-1";"00006211";"HOSPITAL DE APOYO SANTA ROSA";"243200";"HOSPITALIZACIÓN DE PEDIATRÍA PEDIATRIA NEONATOLOGÍA";"29";"34";"231";"231";"11";"341";"0"
"2023";"01";"150121";"LIMA";"LIMA";"PUEBLO LIBRE";"MINSA";"III-1";"00006211";"HOSPITAL DE APOYO SANTA ROSA";"241600";"HOSPITALIZACIÓN QUIRÚRGICA OBSTETRICIA   ";"143";"133";"378";"378";"15";"465";"0"
"2023";"01";"150121";"LIMA";"LIMA";"PUEBLO LIBRE";"MINSA";"III-1";"00006211";"HOSPITAL DE APOYO SANTA ROSA";"242100";"HOSPITALIZACIÓN DE MEDICINA ONCOLOGÍA MÉDICA ";"68";"56";"254";"254";"16";"496";"2"
"2023";"01";"040126";"AREQUIPA";"AREQUIPA";"YANAHUARA";"ESSALUD";"II-1";"00013291";"HOSPITAL III YANAHUARA";"241900";"HOSPITALIZACIÓN DE MEDICINA MEDICINA INTERNA ";"90";"76";"985";"1025";"34";"1054";"8"
"2023";"01";"040126";"AREQUIPA";"AREQUIPA";"YANAHUARA";"ESSALUD";"II-1";"00013291";"HOSPITAL III YANAHUARA";"240100";"HOSPITALIZACIÓN QUIRÚRGICA CIRUGÍA GENERAL ";"286";"270";"1017";"1329";"44";"1364";"1"
"2023";"01";"040126";"AREQUIPA";"AREQUIPA";"YANAHUARA";"ESSALUD";"II-1";"00013291";"HOSPITAL III YANAHUARA";"241600";"HOSPITALIZACIÓN QUIRÚRGICA OBSTETRICIA   ";"264";"261";"651";"569";"28";"868";"0"
"2023";"01";"040126";"AREQUIPA";"AREQUIPA";"YANAHUARA";"ESSALUD";"II-1";"00013291";"HOSPITAL III YANAHUARA";"241400";"HOSPITALIZACIÓN QUIRÚRGICA GINECO - OBSTETRICIA ";"136";"124";"358";"398";"13";"403";"0"
"2023";"01";"040126";"AREQUIPA";"AREQUIPA";"YANAHUARA";"ESSALUD";"II-1";"00013291";"HOSPITAL III YANAHUARA";"242300";"HOSPITALIZACIÓN DE PEDIATRÍA  PEDIATRÍA  GENERAL ";"40";"40";"305";"141";"13";"403";"0"
"2023";"01";"040126";"AREQUIPA";"AREQUIPA";"YANAHUARA";"ESSALUD";"II-1";"00013291";"HOSPITAL III YANAHUARA";"243200";"HOSPITALIZACIÓN DE PEDIATRÍA PEDIATRIA NEONATOLOGÍA";"251";"242";"550";"646";"26";"806";"0"
"2023";"01";"040126";"AREQUIPA";"AREQUIPA";"YANAHUARA";"ESSALUD";"II-1";"00013291";"HOSPITAL III YANAHUARA";"250100";"UNIDAD DE CUIDADOS CRITICOS UNIDAD  DE CUIDADOS INTENSIVOS GENERALES (UCI) ";"13";"4";"158";"136";"5";"155";"4"
"2023";"01";"060701";"CAJAMARCA";"HUALGAYOC";"BAMBAMARCA";"GOBIERNO REGIONAL";"II-1";"00004782";"BAMBAMARCA - TITO VILLAR CABEZAS";"241400";"HOSPITALIZACIÓN QUIRÚRGICA GINECO - OBSTETRICIA ";"66";"66";"120";"173";"11";"341";"0"
"2023";"01";"060701";"CAJAMARCA";"HUALGAYOC";"BAMBAMARCA";"GOBIERNO REGIONAL";"II-1";"00004782";"BAMBAMARCA - TITO VILLAR CABEZAS";"241800";"HOSPITALIZACIÓN DE MEDICINA MEDICINA GENERAL ";"13";"13";"56";"72";"8";"248";"1"
"2023";"01";"060701";"CAJAMARCA";"HUALGAYOC";"BAMBAMARCA";"GOBIERNO REGIONAL";"II-1";"00004782";"BAMBAMARCA - TITO VILLAR CABEZAS";"240100";"HOSPITALIZACIÓN QUIRÚRGICA CIRUGÍA GENERAL ";"20";"20";"47";"54";"3";"93";"0"
"2023";"01";"060701";"CAJAMARCA";"HUALGAYOC";"BAMBAMARCA";"GOBIERNO REGIONAL";"II-1";"00004782";"BAMBAMARCA - TITO VILLAR CABEZAS";"242500";"HOSPITALIZACIÓN-PEDIATRÍA GENERAL-";"3";"3";"9";"11";"1";"31";"0"
"2023";"01";"040103";"AREQUIPA";"AREQUIPA";"CAYMA";"PRIVADO";"II-1";"00015730";"CLINICA SAN JUAN DE DIOS";"240000";"HOSPITALIZACIÓN";"469";"456";"1685";"1679";"81";"2511";"3"
"2023";"01";"150130";"LIMA";"LIMA";"SAN BORJA";"PRIVADO";"II-E";"00013383";"CLINICA SANTA ISABEL";"241400";"HOSPITALIZACIÓN QUIRÚRGICA GINECO - OBSTETRICIA ";"185";"178";"531";"551";"25";"775";"0"
"2023";"01";"130908";"LA LIBERTAD";"SANCHEZ CARRION";"SARTIMBAMBA";"GOBIERNO REGIONAL";"I-2";"00005363";"SARTIMBAMBA";"NE_0001";"";"NE_0001";"NE_0001";"NE_0001";"NE_0001";"NE_0001";"NE_0001";"NE_0001"
"2023";"01";"130908";"LA LIBERTAD";"SANCHEZ CARRION";"SARTIMBAMBA";"GOBIERNO REGIONAL";"I-2";"00005364";"SAN ALFONSO";"NE_0001";"";"NE_0001";"NE_0001";"NE_0001";"NE_0001";"NE_0001";"NE_0001";"NE_0001"
"2023";"01";"130908";"LA LIBERTAD";"SANCHEZ CARRION";"SARTIMBAMBA";"GOBIERNO REGIONAL";"I-2";"00005365";"MARCABAL GRANDE";"NE_0001";"";"NE_0001";"NE_0001";"NE_0001";"NE_0001";"NE_0001";"NE_0001";"NE_0001"
"2023";"01";"130908";"LA LIBERTAD";"SANCHEZ CARRION";"SARTIMBAMBA";"GOBIERNO REGIONAL";"I-2";"00017925";"LA VICTORIA";"NE_0001";"";"NE_0001";"NE_0001";"NE_0001";"NE_0001";"NE_0001";"NE_0001";"NE_0001"
"2023";"02";"040109";"AREQUIPA";"AREQUIPA";"MARIANO MELGAR";"GOBIERNO REGIONAL";"I-4";"00001294";"CENTRO DE SALUD MARIANO MELGAR";"241400";"HOSPITALIZACIÓN QUIRÚRGICA GINECO - OBSTETRICIA ";"12";"12";"15";"12";"3";"320";"0"
"2023";"02";"040109";"AREQUIPA";"AREQUIPA";"MARIANO MELGAR";"GOBIERNO REGIONAL";"I-2";"00001308";"PUESTO DE SALUD ATALAYA";"NE_0001";"";"NE_0001";"NE_0001";"NE_0001";"NE_0001";"NE_0001";"NE_0001";"NE_0001"
"2023";"02";"150110";"LIMA";"LIMA";"COMAS";"PRIVADO";"II-1";"00009144";"CLINICA MEDICA ZEGARRA S.A.C.";"242300";"HOSPITALIZACIÓN DE PEDIATRÍA  PEDIATRÍA  GENERAL ";"35";"47";"524";"8";"8";"142";"0"
"2023";"02";"150110";"LIMA";"LIMA";"COMAS";"PRIVADO";"II-1";"00009144";"CLINICA MEDICA ZEGARRA S.A.C.";"241800";"HOSPITALIZACIÓN DE MEDICINA MEDICINA GENERAL ";"48";"62";"272";"16";"16";"28";"0"
"2023";"02";"150110";"LIMA";"LIMA";"COMAS";"PRIVADO";"II-1";"00009144";"CLINICA MEDICA ZEGARRA S.A.C.";"241400";"HOSPITALIZACIÓN QUIRÚRGICA GINECO - OBSTETRICIA ";"19";"12";"96";"8";"8";"138";"0"
"2023";"02";"150110";"LIMA";"LIMA";"COMAS";"PRIVADO";"II-1";"00009144";"CLINICA MEDICA ZEGARRA S.A.C.";"240100";"HOSPITALIZACIÓN QUIRÚRGICA CIRUGÍA GENERAL ";"33";"22";"94";"9";"9";"143";"0"
"2023";"02";"150110";"LIMA";"LIMA";"COMAS";"PRIVADO";"II-1";"00009144";"CLINICA MEDICA ZEGARRA S.A.C.";"241200";"HOSPITALIZACIÓN QUIRÚRGICA TRAUMATOLOGÍA Y ORTOPEDIA ";"28";"41";"50";"10";"10";"58";"0"
"2023";"02";"220301";"SAN MARTIN";"EL DORADO";"SAN JOSE DE SISA";"GOBIERNO REGIONAL";"I-1";"00006490";"HUAJA";"NE_0001";"";"NE_0001";"NE_0001";"NE_0001";"NE_0001";"NE_0001";"NE_0001";"NE_0001"
"2023";"02";"130101";"LA LIBERTAD";"TRUJILLO";"TRUJILLO";"GOBIERNO REGIONAL";"III-1";"00005196";"REGIONAL DOCENTE DE TRUJILLO";"244000";"HOSPITALIZACIÓN DE MEDICINA CARDIOLOGIA ";"5";"5";"28";"26";"3";"84";"0"
"2023";"02";"130101";"LA LIBERTAD";"TRUJILLO";"TRUJILLO";"GOBIERNO REGIONAL";"III-1";"00005196";"REGIONAL DOCENTE DE TRUJILLO";"244300";"HOSPITALIZACIÓN DE MEDICINA GASTROENTEROLOGÍA  ";"18";"28";"213";"134";"12";"336";"3"
"2023";"02";"130101";"LA LIBERTAD";"TRUJILLO";"TRUJILLO";"GOBIERNO REGIONAL";"III-1";"00005196";"REGIONAL DOCENTE DE TRUJILLO";"241900";"HOSPITALIZACIÓN DE MEDICINA MEDICINA INTERNA ";"84";"104";"1015";"703";"30";"840";"17"
"2023";"02";"130101";"LA LIBERTAD";"TRUJILLO";"TRUJILLO";"GOBIERNO REGIONAL";"III-1";"00005196";"REGIONAL DOCENTE DE TRUJILLO";"245300";"HOSPITALIZACIÓN DE MEDICINA NEUMOLOGÍA  ";"20";"27";"209";"145";"20";"560";"3"
"2023";"02";"130101";"LA LIBERTAD";"TRUJILLO";"TRUJILLO";"GOBIERNO REGIONAL";"III-1";"00005196";"REGIONAL DOCENTE DE TRUJILLO";"244700";"HOSPITALIZACIÓN DE MEDICINA NEUROLOGIA  ";"17";"16";"79";"73";"10";"280";"0"
"2023";"02";"130101";"LA LIBERTAD";"TRUJILLO";"TRUJILLO";"GOBIERNO REGIONAL";"III-1";"00005196";"REGIONAL DOCENTE DE TRUJILLO";"242204";"HOSPITALIZACIÓN DE MEDICINA PSIQUIATRÍA REHABILITACIÓN PSIQUIÁTRICA / REINSERCIÓN ";"17";"15";"360";"193";"16";"448";"0"
"2023";"02";"130101";"LA LIBERTAD";"TRUJILLO";"TRUJILLO";"GOBIERNO REGIONAL";"III-1";"00005196";"REGIONAL DOCENTE DE TRUJILLO";"250103";"UNIDAD DE CUIDADOS CRITICOS UNIDAD  DE CUIDADOS INTENSIVOS GENERALES  (UCI) MEDICINA";"4";"2";"33";"24";"12";"336";"2"
"2023";"02";"130101";"LA LIBERTAD";"TRUJILLO";"TRUJILLO";"GOBIERNO REGIONAL";"III-1";"00005196";"REGIONAL DOCENTE DE TRUJILLO";"240100";"HOSPITALIZACIÓN QUIRÚRGICA CIRUGÍA GENERAL ";"127";"144";"591";"443";"19";"532";"4"
"2023";"02";"130101";"LA LIBERTAD";"TRUJILLO";"TRUJILLO";"GOBIERNO REGIONAL";"III-1";"00005196";"REGIONAL DOCENTE DE TRUJILLO";"240801";"HOSPITALIZACIÓN QUIRÚRGICA CIRUGÍA PLÁSTICA/RECONSTRUCTIVA/ REPARADORA QUEMADOS";"6";"9";"81";"46";"6";"168";"0"
"2023";"02";"130101";"LA LIBERTAD";"TRUJILLO";"TRUJILLO";"GOBIERNO REGIONAL";"III-1";"00005196";"REGIONAL DOCENTE DE TRUJILLO";"240400";"HOSPITALIZACIÓN QUIRÚRGICA CIRUGÍA DE TÓRAX Y CARDIOVASCULAR ";"1";"3";"53";"33";"3";"84";"0"
"2023";"02";"130101";"LA LIBERTAD";"TRUJILLO";"TRUJILLO";"GOBIERNO REGIONAL";"III-1";"00005196";"REGIONAL DOCENTE DE TRUJILLO";"240900";"HOSPITALIZACIÓN QUIRÚRGICA NEUROCIRUGÍA ";"10";"22";"352";"140";"10";"280";"2"
"2023";"02";"130101";"LA LIBERTAD";"TRUJILLO";"TRUJILLO";"GOBIERNO REGIONAL";"III-1";"00005196";"REGIONAL DOCENTE DE TRUJILLO";"241100";"HOSPITALIZACIÓN QUIRÚRGICA OTORRINOLARINGOLOGÍA  ";"6";"6";"11";"10";"3";"84";"0"
"2023";"02";"130101";"LA LIBERTAD";"TRUJILLO";"TRUJILLO";"GOBIERNO REGIONAL";"III-1";"00005196";"REGIONAL DOCENTE DE TRUJILLO";"241200";"HOSPITALIZACIÓN QUIRÚRGICA TRAUMATOLOGÍA Y ORTOPEDIA ";"40";"48";"331";"224";"12";"336";"0"
"2023";"02";"130101";"LA LIBERTAD";"TRUJILLO";"TRUJILLO";"GOBIERNO REGIONAL";"III-1";"00005196";"REGIONAL DOCENTE DE TRUJILLO";"241300";"HOSPITALIZACIÓN QUIRÚRGICA UROLOGÍA  ";"12";"12";"44";"36";"6";"168";"0"
"2023";"02";"130101";"LA LIBERTAD";"TRUJILLO";"TRUJILLO";"GOBIERNO REGIONAL";"III-1";"00005196";"REGIONAL DOCENTE DE TRUJILLO";"241500";"HOSPITALIZACIÓN QUIRÚRGICA GINECOLOGÍA  ";"129";"120";"325";"301";"22";"616";"0"
"2023";"02";"130101";"LA LIBERTAD";"TRUJILLO";"TRUJILLO";"GOBIERNO REGIONAL";"III-1";"00005196";"REGIONAL DOCENTE DE TRUJILLO";"241600";"HOSPITALIZACIÓN QUIRÚRGICA OBSTETRICIA   ";"112";"107";"328";"310";"17";"476";"0"
"2023";"02";"130101";"LA LIBERTAD";"TRUJILLO";"TRUJILLO";"GOBIERNO REGIONAL";"III-1";"00005196";"REGIONAL DOCENTE DE TRUJILLO";"243200";"HOSPITALIZACIÓN DE PEDIATRÍA PEDIATRIA NEONATOLOGÍA";"38";"50";"481";"271";"12";"336";"0"
"2023";"02";"130101";"LA LIBERTAD";"TRUJILLO";"TRUJILLO";"GOBIERNO REGIONAL";"III-1";"00005196";"REGIONAL DOCENTE DE TRUJILLO";"242300";"HOSPITALIZACIÓN DE PEDIATRÍA  PEDIATRÍA  GENERAL ";"44";"44";"206";"170";"14";"392";"0"
"2023";"02";"130101";"LA LIBERTAD";"TRUJILLO";"TRUJILLO";"GOBIERNO REGIONAL";"III-1";"00005196";"REGIONAL DOCENTE DE TRUJILLO";"250105";"UNIDAD DE CUIDADOS CRITICOS UNIDAD  DE CUIDADOS INTENSIVOS  (UCI) NEONATOLOGÍA";"21";"4";"99";"29";"15";"420";"4"
"2023";"02";"220305";"SAN MARTIN";"EL DORADO";"SHATOJA";"GOBIERNO REGIONAL";"I-1";"00006491";"AMINIO";"NE_0001";"";"NE_0001";"NE_0001";"NE_0001";"NE_0001";"NE_0001";"NE_0001";"NE_0001"
"2023";"02";"220301";"SAN MARTIN";"EL DORADO";"SAN JOSE DE SISA";"GOBIERNO REGIONAL";"I-1";"00006487";"SANTA CRUZ";"NE_0001";"";"NE_0001";"NE_0001";"NE_0001";"NE_0001";"NE_0001";"NE_0001";"NE_0001"
"2023";"02";"220301";"SAN MARTIN";"EL DORADO";"SAN JOSE DE SISA";"GOBIERNO REGIONAL";"I-1";"00006489";"SAN JUAN DE MIRAFLORES";"NE_0001";"";"NE_0001";"NE_0001";"NE_0001";"NE_0001";"NE_0001";"NE_0001";"NE_0001"
"2023";"02";"220301";"SAN MARTIN";"EL DORADO";"SAN JOSE DE SISA";"GOBIERNO REGIONAL";"I-1";"00006486";"NAUTA";"NE_0001";"";"NE_0001";"NE_0001";"NE_0001";"NE_0001";"NE_0001";"NE_0001";"NE_0001"
"2023";"03";"150114";"LIMA";"LIMA";"LA MOLINA";"PRIVADO";"II-E";"00022113";"CLINICA SANTA JULIA  S.A.C.";"NE_0001";"";"NE_0001";"NE_0001";"NE_0001";"NE_0001";"NE_0001";"NE_0001";"NE_0001"
"2023";"03";"200101";"PIURA";"PIURA";"PIURA";"PRIVADO";"II-E";"00027459";"CLINICA MEDICA SANTA EMILIA";"244600";"HOSPITALIZACIÓN DE MEDICINA NEFROLOGIA ";"1";"1";"2";"2";"7";"217";"0"
"2023";"03";"200101";"PIURA";"PIURA";"PIURA";"PRIVADO";"II-E";"00027459";"CLINICA MEDICA SANTA EMILIA";"240100";"HOSPITALIZACIÓN QUIRÚRGICA CIRUGÍA GENERAL ";"1";"1";"1";"3";"7";"196";"0"
"2023";"03";"200101";"PIURA";"PIURA";"PIURA";"PRIVADO";"II-E";"00027459";"CLINICA MEDICA SANTA EMILIA";"244300";"HOSPITALIZACIÓN DE MEDICINA GASTROENTEROLOGÍA  ";"2";"2";"6";"3";"7";"196";"0"
"2023";"03";"200101";"PIURA";"PIURA";"PIURA";"PRIVADO";"II-E";"00027459";"CLINICA MEDICA SANTA EMILIA";"241900";"HOSPITALIZACIÓN DE MEDICINA MEDICINA INTERNA ";"1";"1";"3";"3";"7";"196";"0"
"2023";"03";"080703";"CUSCO";"CHUMBIVILCAS";"CHAMACA";"GOBIERNO REGIONAL";"I-2";"00002402";"CHAMACA";"NE_0001";"";"NE_0001";"NE_0001";"NE_0001";"NE_0001";"NE_0001";"NE_0001";"NE_0001"
"2023";"03";"080703";"CUSCO";"CHUMBIVILCAS";"CHAMACA";"GOBIERNO REGIONAL";"I-2";"00002403";"AÑAHUICHI";"NE_0001";"";"NE_0001";"NE_0001";"NE_0001";"NE_0001";"NE_0001";"NE_0001";"NE_0001"
"2023";"03";"080703";"CUSCO";"CHUMBIVILCAS";"CHAMACA";"GOBIERNO REGIONAL";"I-1";"00016328";"UCCHUCCARCCO";"NE_0001";"";"NE_0001";"NE_0001";"NE_0001";"NE_0001";"NE_0001";"NE_0001";"NE_0001"
"2023";"03";"080703";"CUSCO";"CHUMBIVILCAS";"CHAMACA";"GOBIERNO REGIONAL";"I-1";"00016330";"CCONCHACCOLLO";"NE_0001";"";"NE_0001";"NE_0001";"NE_0001";"NE_0001";"NE_0001";"NE_0001";"NE_0001"
"2023";"03";"080705";"CUSCO";"CHUMBIVILCAS";"LIVITACA";"GOBIERNO REGIONAL";"I-1";"00016325";"CHILLOROYA - LIVITACA";"NE_0001";"";"NE_0001";"NE_0001";"NE_0001";"NE_0001";"NE_0001";"NE_0001";"NE_0001"
"2023";"03";"080705";"CUSCO";"CHUMBIVILCAS";"LIVITACA";"GOBIERNO REGIONAL";"I-1";"00016327";"AUSANTA";"NE_0001";"";"NE_0001";"NE_0001";"NE_0001";"NE_0001";"NE_0001";"NE_0001";"NE_0001"
"2023";"03";"080705";"CUSCO";"CHUMBIVILCAS";"LIVITACA";"GOBIERNO REGIONAL";"I-1";"00016334";"KISIO";"NE_0001";"";"NE_0001";"NE_0001";"NE_0001";"NE_0001";"NE_0001";"NE_0001";"NE_0001"
"2023";"03";"080705";"CUSCO";"CHUMBIVILCAS";"LIVITACA";"GOBIERNO REGIONAL";"I-4";"00002406";"LIVITACA";"NE_0001";"";"NE_0001";"NE_0001";"NE_0001";"NE_0001";"NE_0001";"NE_0001";"NE_0001"
"2023";"03";"080705";"CUSCO";"CHUMBIVILCAS";"LIVITACA";"GOBIERNO REGIONAL";"I-1";"00025739";"PISQUICOCHA";"NE_0001";"";"NE_0001";"NE_0001";"NE_0001";"NE_0001";"NE_0001";"NE_0001";"NE_0001"
"2023";"03";"080705";"CUSCO";"CHUMBIVILCAS";"LIVITACA";"GOBIERNO REGIONAL";"I-1";"00025740";"TOTORA - REYNA DE LOS ANGELES";"NE_0001";"";"NE_0001";"NE_0001";"NE_0001";"NE_0001";"NE_0001";"NE_0001";"NE_0001"
"2023";"03";"080703";"CUSCO";"CHUMBIVILCAS";"CHAMACA";"GOBIERNO REGIONAL";"I-1";"00016329";"INGATA";"NE_0001";"";"NE_0001";"NE_0001";"NE_0001";"NE_0001";"NE_0001";"NE_0001";"NE_0001"
"2023";"03";"080705";"CUSCO";"CHUMBIVILCAS";"LIVITACA";"GOBIERNO REGIONAL";"I-2";"00016332";"PATAQUEÑA - LIVITACA";"NE_0001";"";"NE_0001";"NE_0001";"NE_0001";"NE_0001";"NE_0001";"NE_0001";"NE_0001"
"2023";"03";"150115";"LIMA";"LIMA";"LA VICTORIA";"ESSALUD";"III-2";"00009251";"HOSPITAL NACIONAL GUILLERMO ALMENARA IRIGOYEN";"250111";"UNIDAD DE CUIDADOS CRITICOS UNIDAD  DE CUIDADOS INTENSIVOS  (UCI) CARDIOVASCULAR";"3";"1";"18";"173";"6";"186";"0"
"2023";"03";"150115";"LIMA";"LIMA";"LA VICTORIA";"ESSALUD";"III-2";"00009251";"HOSPITAL NACIONAL GUILLERMO ALMENARA IRIGOYEN";"250400";"UNIDAD DE CUIDADOS CRITICOS UNIDAD DE QUEMADOS (GRAN QUEMADO) ";"14";"1";"51";"56";"2";"62";"0"
"2023";"03";"150115";"LIMA";"LIMA";"LA VICTORIA";"ESSALUD";"III-2";"00009251";"HOSPITAL NACIONAL GUILLERMO ALMENARA IRIGOYEN";"250108";"UNIDAD DE CUIDADOS CRITICOS UNIDAD  DE CUIDADOS INTENSIVOS  (UCI) PEDIÁTRICA";"3";"1";"3";"247";"8";"248";"0"
"2023";"03";"150115";"LIMA";"LIMA";"LA VICTORIA";"ESSALUD";"III-2";"00009251";"HOSPITAL NACIONAL GUILLERMO ALMENARA IRIGOYEN";"250100";"UNIDAD DE CUIDADOS CRITICOS UNIDAD  DE CUIDADOS INTENSIVOS GENERALES (UCI) ";"28";"10";"343";"462";"17";"527";"10"
"2023";"03";"150115";"LIMA";"LIMA";"LA VICTORIA";"ESSALUD";"III-2";"00009251";"HOSPITAL NACIONAL GUILLERMO ALMENARA IRIGOYEN";"250105";"UNIDAD DE CUIDADOS CRITICOS UNIDAD  DE CUIDADOS INTENSIVOS  (UCI) NEONATOLOGÍA";"4";"7";"156";"460";"15";"465";"6"
"2023";"03";"150115";"LIMA";"LIMA";"LA VICTORIA";"ESSALUD";"III-2";"00009251";"HOSPITAL NACIONAL GUILLERMO ALMENARA IRIGOYEN";"250107";"UNIDAD DE CUIDADOS CRITICOS UNIDAD  DE CUIDADOS INTENSIVOS  (UCI) NEUROQUIRÚRGICA";"1";"2";"55";"151";"5";"155";"2"
"2023";"03";"150115";"LIMA";"LIMA";"LA VICTORIA";"ESSALUD";"III-2";"00009251";"HOSPITAL NACIONAL GUILLERMO ALMENARA IRIGOYEN";"250107";"UNIDAD DE CUIDADOS CRITICOS UNIDAD  DE CUIDADOS INTENSIVOS  (UCI) NEUROQUIRÚRGICA";"2";"3";"22";"35";"2";"62";"0"
"2023";"03";"150115";"LIMA";"LIMA";"LA VICTORIA";"ESSALUD";"III-2";"00009251";"HOSPITAL NACIONAL GUILLERMO ALMENARA IRIGOYEN";"250107";"UNIDAD DE CUIDADOS CRITICOS UNIDAD  DE CUIDADOS INTENSIVOS  (UCI) NEUROQUIRÚRGICA";"1";"2";"16";"56";"2";"62";"0"
"2023";"03";"150115";"LIMA";"LIMA";"LA VICTORIA";"ESSALUD";"III-2";"00009251";"HOSPITAL NACIONAL GUILLERMO ALMENARA IRIGOYEN";"250200";"UNIDAD DE CUIDADOS CRITICOS UNIDAD DE CUIDADOS INTERMEDIOS GENERAL  (UCIN) ";"16";"41";"364";"290";"10";"310";"0"
"2023";"03";"150115";"LIMA";"LIMA";"LA VICTORIA";"ESSALUD";"III-2";"00009251";"HOSPITAL NACIONAL GUILLERMO ALMENARA IRIGOYEN";"250200";"UNIDAD DE CUIDADOS CRITICOS UNIDAD DE CUIDADOS INTERMEDIOS GENERAL  (UCIN) ";"0";"15";"504";"144";"5";"155";"0"
"2023";"03";"150115";"LIMA";"LIMA";"LA VICTORIA";"ESSALUD";"III-2";"00009251";"HOSPITAL NACIONAL GUILLERMO ALMENARA IRIGOYEN";"250100";"UNIDAD DE CUIDADOS CRITICOS UNIDAD  DE CUIDADOS INTENSIVOS GENERALES (UCI) ";"0";"7";"109";"231";"8";"248";"0"
"2023";"03";"150115";"LIMA";"LIMA";"LA VICTORIA";"ESSALUD";"III-2";"00009251";"HOSPITAL NACIONAL GUILLERMO ALMENARA IRIGOYEN";"250202";"UNIDAD DE CUIDADOS CRITICOS UNIDAD DE CUIDADOS INTERMEDIOS  (UCIN) PEDIÁTRICOS";"12";"14";"131";"137";"5";"155";"0"
"2023";"03";"150115";"LIMA";"LIMA";"LA VICTORIA";"ESSALUD";"III-2";"00009251";"HOSPITAL NACIONAL GUILLERMO ALMENARA IRIGOYEN";"250202";"UNIDAD DE CUIDADOS CRITICOS UNIDAD DE CUIDADOS INTERMEDIOS  (UCIN) PEDIÁTRICOS";"0";"1";"10";"403";"13";"403";"0"
"2023";"03";"150115";"LIMA";"LIMA";"LA VICTORIA";"ESSALUD";"III-2";"00009251";"HOSPITAL NACIONAL GUILLERMO ALMENARA IRIGOYEN";"250200";"UNIDAD DE CUIDADOS CRITICOS UNIDAD DE CUIDADOS INTERMEDIOS GENERAL  (UCIN) ";"11";"10";"348";"589";"19";"589";"6"
"2023";"03";"150115";"LIMA";"LIMA";"LA VICTORIA";"ESSALUD";"III-2";"00009251";"HOSPITAL NACIONAL GUILLERMO ALMENARA IRIGOYEN";"250201";"UNIDAD DE CUIDADOS CRITICOS UNIDAD DE CUIDADOS INTERMEDIOS  (UCIN) NEONATAL";"14";"23";"872";"450";"15";"465";"0"
"2023";"03";"150115";"LIMA";"LIMA";"LA VICTORIA";"ESSALUD";"III-2";"00009251";"HOSPITAL NACIONAL GUILLERMO ALMENARA IRIGOYEN";"250200";"UNIDAD DE CUIDADOS CRITICOS UNIDAD DE CUIDADOS INTERMEDIOS GENERAL  (UCIN) ";"1";"1";"81";"130";"5";"155";"1"
"2023";"03";"150115";"LIMA";"LIMA";"LA VICTORIA";"ESSALUD";"III-2";"00009251";"HOSPITAL NACIONAL GUILLERMO ALMENARA IRIGOYEN";"250200";"UNIDAD DE CUIDADOS CRITICOS UNIDAD DE CUIDADOS INTERMEDIOS GENERAL  (UCIN) ";"3";"12";"71";"47";"2";"62";"0"
"2023";"03";"150115";"LIMA";"LIMA";"LA VICTORIA";"ESSALUD";"III-2";"00009251";"HOSPITAL NACIONAL GUILLERMO ALMENARA IRIGOYEN";"250200";"UNIDAD DE CUIDADOS CRITICOS UNIDAD DE CUIDADOS INTERMEDIOS GENERAL  (UCIN) ";"2";"2";"244";"63";"3";"93";"0"
"2023";"03";"150115";"LIMA";"LIMA";"LA VICTORIA";"ESSALUD";"III-2";"00009251";"HOSPITAL NACIONAL GUILLERMO ALMENARA IRIGOYEN";"244000";"HOSPITALIZACIÓN DE MEDICINA CARDIOLOGIA ";"32";"29";"288";"222";"8";"248";"0"
"2023";"03";"150115";"LIMA";"LIMA";"LA VICTORIA";"ESSALUD";"III-2";"00009251";"HOSPITAL NACIONAL GUILLERMO ALMENARA IRIGOYEN";"240600";"HOSPITALIZACIÓN QUIRÚRGICA CIRUGÍA OFTALMOLÓGICA ";"7";"4";"37";"57";"2";"62";"0"
"2023";"03";"150115";"LIMA";"LIMA";"LA VICTORIA";"ESSALUD";"III-2";"00009251";"HOSPITAL NACIONAL GUILLERMO ALMENARA IRIGOYEN";"242205";"HOSPITALIZACIÓN MEDICINA PSIQUIATRÍA PISIQUIATRIA/ SALUD MENTAL Y ADICCIONES";"3";"4";"75";"103";"4";"124";"0"
"2023";"03";"150115";"LIMA";"LIMA";"LA VICTORIA";"ESSALUD";"III-2";"00009251";"HOSPITAL NACIONAL GUILLERMO ALMENARA IRIGOYEN";"244100";"HOSPITALIZACIÓN DE MEDICINA DERMATOLOGÍA    ";"22";"22";"323";"328";"11";"341";"0"
"2023";"03";"150115";"LIMA";"LIMA";"LA VICTORIA";"ESSALUD";"III-2";"00009251";"HOSPITAL NACIONAL GUILLERMO ALMENARA IRIGOYEN";"244200";"HOSPITALIZACIÓN DE MEDICINA ENDOCRINOLOGIA ";"19";"19";"368";"287";"10";"310";"1"
"2023";"03";"150115";"LIMA";"LIMA";"LA VICTORIA";"ESSALUD";"III-2";"00009251";"HOSPITAL NACIONAL GUILLERMO ALMENARA IRIGOYEN";"244300";"HOSPITALIZACIÓN DE MEDICINA GASTROENTEROLOGÍA  ";"52";"42";"806";"1002";"33";"1023";"2"
"2023";"03";"150115";"LIMA";"LIMA";"LA VICTORIA";"ESSALUD";"III-2";"00009251";"HOSPITAL NACIONAL GUILLERMO ALMENARA IRIGOYEN";"244400";"HOSPITALIZACIÓN DE MEDICINA GERIATRIA ";"38";"38";"595";"539";"18";"558";"5"
"2023";"03";"150115";"LIMA";"LIMA";"LA VICTORIA";"ESSALUD";"III-2";"00009251";"HOSPITAL NACIONAL GUILLERMO ALMENARA IRIGOYEN";"244500";"HOSPITALIZACIÓN DE MEDICINA HEMATOLOGÍA ";"27";"30";"655";"645";"21";"651";"1"
"2023";"03";"150115";"LIMA";"LIMA";"LA VICTORIA";"ESSALUD";"III-2";"00009251";"HOSPITAL NACIONAL GUILLERMO ALMENARA IRIGOYEN";"241900";"HOSPITALIZACIÓN DE MEDICINA MEDICINA INTERNA ";"41";"46";"1353";"969";"32";"992";"8"
"2023";"03";"150115";"LIMA";"LIMA";"LA VICTORIA";"ESSALUD";"III-2";"00009251";"HOSPITAL NACIONAL GUILLERMO ALMENARA IRIGOYEN";"241900";"HOSPITALIZACIÓN DE MEDICINA MEDICINA INTERNA ";"57";"48";"991";"1299";"42";"1302";"6"
"2023";"03";"150115";"LIMA";"LIMA";"LA VICTORIA";"ESSALUD";"III-2";"00009251";"HOSPITAL NACIONAL GUILLERMO ALMENARA IRIGOYEN";"241900";"HOSPITALIZACIÓN DE MEDICINA MEDICINA INTERNA ";"329";"288";"5174";"5422";"176";"5456";"28"
"2023";"02";"120401";"JUNIN";"JAUJA";"JAUJA";"SANIDAD DE LA POLICIA NACIONAL DEL PERU";"I-2";"00011874";"POSTA MEDICA POLICIAL JAUJA";"NE_0001";"";"NE_0001";"NE_0001";"NE_0001";"NE_0001";"NE_0001";"NE_0001";"NE_0001"
"2023";"02";"100601";"HUANUCO";"LEONCIO PRADO";"RUPA-RUPA";"SANIDAD DE LA POLICIA NACIONAL DEL PERU";"I-2";"00015771";"POSTA MEDICA POLICIAL TINGO MARIA";"NE_0001";"";"NE_0001";"NE_0001";"NE_0001";"NE_0001";"NE_0001";"NE_0001";"NE_0001"
"2023";"02";"150131";"LIMA";"LIMA";"SAN ISIDRO";"PRIVADO";"II-E";"00016397";"CLINICA ESPECIALIZADA EN CIRUGIA PLASTICA - DR. LUIS VIZCARRA / CIRUESTHETIC";"240800";"HOSPITALIZACIÓN QUIRÚRGICA CIRUGÍA PLÁSTICA/RECONSTRUCTIVA/ REPARADORA ";"5";"5";"0";"1";"2";"40";"0"
"2023";"02";"050110";"AYACUCHO";"HUAMANGA";"SAN JUAN BAUTISTA";"GOBIERNO REGIONAL";"I-4";"00003598";"CENTRO DE SALUD DE SAN JUAN BAUTISTA";"NE_0001";"";"NE_0001";"NE_0001";"NE_0001";"NE_0001";"NE_0001";"NE_0001";"NE_0001"
"2023";"02";"050110";"AYACUCHO";"HUAMANGA";"SAN JUAN BAUTISTA";"GOBIERNO REGIONAL";"I-3";"00003600";"CENTRO DE SALUD MIRAFLORES";"NE_0001";"";"NE_0001";"NE_0001";"NE_0001";"NE_0001";"NE_0001";"NE_0001";"NE_0001"
"2023";"02";"050110";"AYACUCHO";"HUAMANGA";"SAN JUAN BAUTISTA";"GOBIERNO REGIONAL";"I-3";"00006882";"LOS OLIVOS";"NE_0001";"";"NE_0001";"NE_0001";"NE_0001";"NE_0001";"NE_0001";"NE_0001";"NE_0001"
"2023";"02";"050110";"AYACUCHO";"HUAMANGA";"SAN JUAN BAUTISTA";"GOBIERNO REGIONAL";"I-2";"00003599";"PUESTO DE SALUD ÑAHUINPUQUIO";"NE_0001";"";"NE_0001";"NE_0001";"NE_0001";"NE_0001";"NE_0001";"NE_0001";"NE_0001"
"2023";"02";"060601";"CAJAMARCA";"CUTERVO";"CUTERVO";"GOBIERNO REGIONAL";"II-1";"00004981";"SANTA MARIA DE CUTERVO";"240100";"HOSPITALIZACIÓN QUIRÚRGICA CIRUGÍA GENERAL ";"65";"70";"171";"173";"5";"140";"0"
"2023";"02";"060601";"CAJAMARCA";"CUTERVO";"CUTERVO";"GOBIERNO REGIONAL";"II-1";"00004981";"SANTA MARIA DE CUTERVO";"241400";"HOSPITALIZACIÓN QUIRÚRGICA GINECO - OBSTETRICIA ";"99";"96";"162";"184";"11";"308";"0"
"2023";"02";"060601";"CAJAMARCA";"CUTERVO";"CUTERVO";"GOBIERNO REGIONAL";"II-1";"00004981";"SANTA MARIA DE CUTERVO";"241800";"HOSPITALIZACIÓN DE MEDICINA MEDICINA GENERAL ";"18";"22";"114";"126";"6";"168";"2"
"2023";"02";"060601";"CAJAMARCA";"CUTERVO";"CUTERVO";"GOBIERNO REGIONAL";"II-1";"00004981";"SANTA MARIA DE CUTERVO";"242500";"HOSPITALIZACIÓN-PEDIATRÍA GENERAL-";"37";"36";"75";"92";"4";"112";"0"
"2023";"02";"081205";"CUSCO";"QUISPICANCHI";"CCATCA";"GOBIERNO REGIONAL";"I-1";"00008911";"HUARA HUARA";"NE_0001";"";"NE_0001";"NE_0001";"NE_0001";"NE_0001";"NE_0001";"NE_0001";"NE_0001"
"2023";"02";"081202";"CUSCO";"QUISPICANCHI";"ANDAHUAYLILLAS";"GOBIERNO REGIONAL";"I-2";"00002525";"ANDAHUAYLILLAS";"NE_0001";"";"NE_0001";"NE_0001";"NE_0001";"NE_0001";"NE_0001";"NE_0001";"NE_0001"
"2023";"02";"081212";"CUSCO";"QUISPICANCHI";"QUIQUIJANA";"GOBIERNO REGIONAL";"I-4";"00002538";"QUIQUIJANA";"NE_0001";"";"NE_0001";"NE_0001";"NE_0001";"NE_0001";"NE_0001";"NE_0001";"NE_0001"
"2023";"02";"081206";"CUSCO";"QUISPICANCHI";"CUSIPATA";"GOBIERNO REGIONAL";"I-1";"00006980";"CHILLIHUANI";"NE_0001";"";"NE_0001";"NE_0001";"NE_0001";"NE_0001";"NE_0001";"NE_0001";"NE_0001"
"2023";"02";"081207";"CUSCO";"QUISPICANCHI";"HUARO";"GOBIERNO REGIONAL";"I-1";"00002533";"URPAY";"NE_0001";"";"NE_0001";"NE_0001";"NE_0001";"NE_0001";"NE_0001";"NE_0001";"NE_0001"
"2023";"02";"081208";"CUSCO";"QUISPICANCHI";"LUCRE";"GOBIERNO REGIONAL";"I-2";"00002534";"LUCRE";"NE_0001";"";"NE_0001";"NE_0001";"NE_0001";"NE_0001";"NE_0001";"NE_0001";"NE_0001"
"2023";"02";"081212";"CUSCO";"QUISPICANCHI";"QUIQUIJANA";"GOBIERNO REGIONAL";"I-1";"00002539";"CCOLCA";"NE_0001";"";"NE_0001";"NE_0001";"NE_0001";"NE_0001";"NE_0001";"NE_0001";"NE_0001"
"2023";"02";"081201";"CUSCO";"QUISPICANCHI";"URCOS";"GOBIERNO REGIONAL";"I-4";"00002523";"URCOS";"NE_0001";"";"NE_0001";"NE_0001";"NE_0001";"NE_0001";"NE_0001";"NE_0001";"NE_0001"
"2023";"02";"081206";"CUSCO";"QUISPICANCHI";"CUSIPATA";"GOBIERNO REGIONAL";"I-3";"00002530";"CUSIPATA";"NE_0001";"";"NE_0001";"NE_0001";"NE_0001";"NE_0001";"NE_0001";"NE_0001";"NE_0001"
"2023";"02";"081211";"CUSCO";"QUISPICANCHI";"OROPESA";"GOBIERNO REGIONAL";"I-3";"00002537";"OROPESA";"NE_0001";"";"NE_0001";"NE_0001";"NE_0001";"NE_0001";"NE_0001";"NE_0001";"NE_0001"
"2023";"02";"081207";"CUSCO";"QUISPICANCHI";"HUARO";"GOBIERNO REGIONAL";"I-2";"00002532";"HUARO";"NE_0001";"";"NE_0001";"NE_0001";"NE_0001";"NE_0001";"NE_0001";"NE_0001";"NE_0001"
"2023";"02";"040117";"AREQUIPA";"AREQUIPA";"SACHACA";"GOBIERNO REGIONAL";"I-2";"00001282";"PUESTO DE SALUD SACHACA";"NE_0001";"";"NE_0001";"NE_0001";"NE_0001";"NE_0001";"NE_0001";"NE_0001";"NE_0001"
"2023";"02";"080104";"CUSCO";"CUSCO";"SAN JERONIMO";"GOBIERNO REGIONAL";"0";"00030727";"PATRÓN SAN SEBASTIAN";"NE_0001";"";"NE_0001";"NE_0001";"NE_0001";"NE_0001";"NE_0001";"NE_0001";"NE_0001"
"2023";"02";"130101";"LA LIBERTAD";"TRUJILLO";"TRUJILLO";"GOBIERNO REGIONAL";"III-2";"00007277";"INSTITUTO REGIONAL DE ENFERMEDADES NEOPLASICAS - NORTE - DR. LUIS PINILLOS GANOZA";"241000";"HOSPITALIZACIÓN QUIRÚRGICA ONCOLOGÍA QUIRÚRGICA  ";"93";"94";"530";"553";"20";"560";"3"
"2023";"02";"130101";"LA LIBERTAD";"TRUJILLO";"TRUJILLO";"GOBIERNO REGIONAL";"III-2";"00007277";"INSTITUTO REGIONAL DE ENFERMEDADES NEOPLASICAS - NORTE - DR. LUIS PINILLOS GANOZA";"242100";"HOSPITALIZACIÓN DE MEDICINA ONCOLOGÍA MÉDICA ";"60";"61";"229";"302";"11";"308";"0"
"2023";"02";"230103";"TACNA";"TACNA";"CALANA";"ESSALUD";"II-2";"00010185";"Hospital III Daniel Alcides Carrión EsSalud Red de Tacna";"243200";"HOSPITALIZACIÓN DE PEDIATRÍA PEDIATRIA NEONATOLOGÍA";"37";"38";"95";"91";"5";"132";"0"
"2023";"02";"211101";"PUNO";"SAN ROMAN";"JULIACA";"GOBIERNO REGIONAL";"II-2";"00003299";"CARLOS MONJE MEDRANO";"240100";"HOSPITALIZACIÓN QUIRÚRGICA CIRUGÍA GENERAL ";"44";"62";"470";"62";"27";"756";"1"
"2023";"02";"211101";"PUNO";"SAN ROMAN";"JULIACA";"GOBIERNO REGIONAL";"II-2";"00003299";"CARLOS MONJE MEDRANO";"244300";"HOSPITALIZACIÓN DE MEDICINA GASTROENTEROLOGÍA  ";"20";"23";"142";"23";"6";"168";"0"
"2023";"02";"211101";"PUNO";"SAN ROMAN";"JULIACA";"GOBIERNO REGIONAL";"II-2";"00003299";"CARLOS MONJE MEDRANO";"241500";"HOSPITALIZACIÓN QUIRÚRGICA GINECOLOGÍA  ";"54";"63";"208";"63";"6";"168";"0"
"2023";"02";"211101";"PUNO";"SAN ROMAN";"JULIACA";"GOBIERNO REGIONAL";"II-2";"00003299";"CARLOS MONJE MEDRANO";"241800";"HOSPITALIZACIÓN DE MEDICINA MEDICINA GENERAL ";"53";"64";"449";"64";"9";"252";"8"
"2023";"02";"211101";"PUNO";"SAN ROMAN";"JULIACA";"GOBIERNO REGIONAL";"II-2";"00003299";"CARLOS MONJE MEDRANO";"243200";"HOSPITALIZACIÓN DE PEDIATRÍA PEDIATRIA NEONATOLOGÍA";"220";"245";"953";"245";"39";"1092";"3"
"2023";"02";"211101";"PUNO";"SAN ROMAN";"JULIACA";"GOBIERNO REGIONAL";"II-2";"00003299";"CARLOS MONJE MEDRANO";"245300";"HOSPITALIZACIÓN DE MEDICINA NEUMOLOGÍA  ";"5";"6";"61";"6";"6";"168";"0"
"2023";"02";"211101";"PUNO";"SAN ROMAN";"JULIACA";"GOBIERNO REGIONAL";"II-2";"00003299";"CARLOS MONJE MEDRANO";"240900";"HOSPITALIZACIÓN QUIRÚRGICA NEUROCIRUGÍA ";"5";"12";"95";"12";"12";"336";"0"
"2023";"02";"211101";"PUNO";"SAN ROMAN";"JULIACA";"GOBIERNO REGIONAL";"II-2";"00003299";"CARLOS MONJE MEDRANO";"241600";"HOSPITALIZACIÓN QUIRÚRGICA OBSTETRICIA   ";"259";"290";"1019";"290";"27";"756";"0"
"2023";"02";"211101";"PUNO";"SAN ROMAN";"JULIACA";"GOBIERNO REGIONAL";"II-2";"00003299";"CARLOS MONJE MEDRANO";"242500";"HOSPITALIZACIÓN-PEDIATRÍA GENERAL-";"22";"33";"220";"33";"29";"812";"0"
"2023";"02";"211101";"PUNO";"SAN ROMAN";"JULIACA";"GOBIERNO REGIONAL";"II-2";"00003299";"CARLOS MONJE MEDRANO";"242200";"HOSPITALIZACIÓN DE MEDICINA PSIQUIATRÍA ";"3";"8";"169";"8";"3";"84";"0"
"2023";"02";"211101";"PUNO";"SAN ROMAN";"JULIACA";"GOBIERNO REGIONAL";"II-2";"00003299";"CARLOS MONJE MEDRANO";"241200";"HOSPITALIZACIÓN QUIRÚRGICA TRAUMATOLOGÍA Y ORTOPEDIA ";"26";"33";"248";"33";"12";"336";"0"
"2023";"02";"211101";"PUNO";"SAN ROMAN";"JULIACA";"GOBIERNO REGIONAL";"II-2";"00003299";"CARLOS MONJE MEDRANO";"250100";"UNIDAD DE CUIDADOS CRITICOS UNIDAD  DE CUIDADOS INTENSIVOS GENERALES (UCI) ";"2";"4";"40";"4";"6";"168";"3"
"2023";"02";"211101";"PUNO";"SAN ROMAN";"JULIACA";"GOBIERNO REGIONAL";"II-2";"00003299";"CARLOS MONJE MEDRANO";"250105";"UNIDAD DE CUIDADOS CRITICOS UNIDAD  DE CUIDADOS INTENSIVOS  (UCI) NEONATOLOGÍA";"3";"4";"39";"4";"6";"168";"4"
"2023";"02";"211101";"PUNO";"SAN ROMAN";"JULIACA";"GOBIERNO REGIONAL";"II-2";"00003299";"CARLOS MONJE MEDRANO";"250108";"UNIDAD DE CUIDADOS CRITICOS UNIDAD  DE CUIDADOS INTENSIVOS  (UCI) PEDIÁTRICA";"2";"3";"31";"3";"6";"168";"0"
"2023";"02";"211101";"PUNO";"SAN ROMAN";"JULIACA";"GOBIERNO REGIONAL";"II-2";"00003299";"CARLOS MONJE MEDRANO";"250200";"UNIDAD DE CUIDADOS CRITICOS UNIDAD DE CUIDADOS INTERMEDIOS GENERAL  (UCIN) ";"0";"1";"40";"1";"6";"168";"0"
"2023";"02";"211101";"PUNO";"SAN ROMAN";"JULIACA";"GOBIERNO REGIONAL";"II-2";"00003299";"CARLOS MONJE MEDRANO";"241300";"HOSPITALIZACIÓN QUIRÚRGICA UROLOGÍA  ";"0";"2";"6";"2";"3";"84";"0"
"2023";"02";"120107";"JUNIN";"HUANCAYO";"CHILCA";"GOBIERNO REGIONAL";"I-4";"00000608";"CHILCA";"NE_0002";"";"NE_0002";"NE_0002";"NE_0002";"NE_0002";"NE_0002";"NE_0002";"NE_0002"
"2023";"02";"120136";"JUNIN";"HUANCAYO";"VIQUES";"GOBIERNO REGIONAL";"I-2";"00000635";"VIQUES";"NE_0001";"";"NE_0001";"NE_0001";"NE_0001";"NE_0001";"NE_0001";"NE_0001";"NE_0001"
"2023";"02";"120111";"JUNIN";"HUANCAYO";"CHUPURO";"GOBIERNO REGIONAL";"I-1";"00000614";"SOCOS";"NE_0001";"";"NE_0001";"NE_0001";"NE_0001";"NE_0001";"NE_0001";"NE_0001";"NE_0001"
"2023";"02";"120126";"JUNIN";"HUANCAYO";"PUCARA";"GOBIERNO REGIONAL";"I-3";"00000624";"PUCARA";"NE_0001";"";"NE_0001";"NE_0001";"NE_0001";"NE_0001";"NE_0001";"NE_0001";"NE_0001"
"2023";"02";"120126";"JUNIN";"HUANCAYO";"PUCARA";"GOBIERNO REGIONAL";"I-1";"00000628";"DOS DE MAYO";"NE_0001";"";"NE_0001";"NE_0001";"NE_0001";"NE_0001";"NE_0001";"NE_0001";"NE_0001"
"2023";"02";"120113";"JUNIN";"HUANCAYO";"CULLHUAS";"GOBIERNO REGIONAL";"I-1";"00000616";"PIHUAS";"NE_0001";"";"NE_0001";"NE_0001";"NE_0001";"NE_0001";"NE_0001";"NE_0001";"NE_0001"
"2023";"02";"120133";"JUNIN";"HUANCAYO";"SAPALLANGA";"GOBIERNO REGIONAL";"I-1";"00000631";"COCHARCAS";"NE_0001";"";"NE_0001";"NE_0001";"NE_0001";"NE_0001";"NE_0001";"NE_0001";"NE_0001"
"2023";"02";"120113";"JUNIN";"HUANCAYO";"CULLHUAS";"GOBIERNO REGIONAL";"I-1";"00012469";"CHUAMBA";"NE_0001";"";"NE_0001";"NE_0001";"NE_0001";"NE_0001";"NE_0001";"NE_0001";"NE_0001"
"2023";"02";"120107";"JUNIN";"HUANCAYO";"CHILCA";"GOBIERNO REGIONAL";"I-2";"00000609";"AZAPAMPA";"NE_0001";"";"NE_0001";"NE_0001";"NE_0001";"NE_0001";"NE_0001";"NE_0001";"NE_0001"
"2023";"02";"120107";"JUNIN";"HUANCAYO";"CHILCA";"GOBIERNO REGIONAL";"I-3";"00000610";"AUQUIMARCA";"NE_0001";"";"NE_0001";"NE_0001";"NE_0001";"NE_0001";"NE_0001";"NE_0001";"NE_0001"
"2023";"02";"120107";"JUNIN";"HUANCAYO";"CHILCA";"GOBIERNO REGIONAL";"I-2";"00000611";"LA ESPERANZA";"NE_0001";"";"NE_0001";"NE_0001";"NE_0001";"NE_0001";"NE_0001";"NE_0001";"NE_0001"
"2023";"02";"120119";"JUNIN";"HUANCAYO";"HUANCAN";"GOBIERNO REGIONAL";"I-2";"00000621";"HUARI";"NE_0001";"";"NE_0001";"NE_0001";"NE_0001";"NE_0001";"NE_0001";"NE_0001";"NE_0001"
"2023";"02";"120112";"JUNIN";"HUANCAYO";"COLCA";"GOBIERNO REGIONAL";"I-1";"00000702";"SANTA CRUZ DE LARIA";"NE_0001";"";"NE_0001";"NE_0001";"NE_0001";"NE_0001";"NE_0001";"NE_0001";"NE_0001"
"2023";"02";"150130";"LIMA";"LIMA";"SAN BORJA";"PRIVADO";"II-E";"00015934";"CENTRO DE CIRUGÍA ESTÉTICA LAS CONDES";"240800";"HOSPITALIZACIÓN QUIRÚRGICA CIRUGÍA PLÁSTICA/RECONSTRUCTIVA/ REPARADORA ";"137";"137";"77";"163";"9";"252";"0"
"2023";"02";"240101";"TUMBES";"TUMBES";"TUMBES";"PRIVADO";"I-4";"00007795";"CENTRO MEDICO LA FAMILIA";"NE_0002";"";"NE_0002";"NE_0002";"NE_0002";"NE_0002";"NE_0002";"NE_0002";"NE_0002"
"2023";"01";"100110";"HUANUCO";"HUANUCO";"YARUMAYO";"GOBIERNO REGIONAL";"I-2";"00006906";"TRES DE MAYO DE ANDAS CHICO";"NE_0001";"";"NE_0001";"NE_0001";"NE_0001";"NE_0001";"NE_0001";"NE_0001";"NE_0001"
"2023";"01";"100110";"HUANUCO";"HUANUCO";"YARUMAYO";"GOBIERNO REGIONAL";"I-1";"00000795";"CHULLAY";"NE_0001";"";"NE_0001";"NE_0001";"NE_0001";"NE_0001";"NE_0001";"NE_0001";"NE_0001"
"2023";"01";"100110";"HUANUCO";"HUANUCO";"YARUMAYO";"GOBIERNO REGIONAL";"I-3";"00000793";"YARUMAYO";"NE_0001";"";"NE_0001";"NE_0001";"NE_0001";"NE_0001";"NE_0001";"NE_0001";"NE_0001"
"2023";"03";"040126";"AREQUIPA";"AREQUIPA";"YANAHUARA";"PRIVADO";"II-1";"00028448";"CLINICA EMMEL";"240000";"HOSPITALIZACIÓN";"4";"3";"7";"7";"1";"31";"0"
"2023";"03";"040126";"AREQUIPA";"AREQUIPA";"YANAHUARA";"PRIVADO";"II-1";"00028448";"CLINICA EMMEL";"240100";"HOSPITALIZACIÓN QUIRÚRGICA CIRUGÍA GENERAL ";"117";"121";"183";"158";"5";"159";"0"
"2023";"03";"040126";"AREQUIPA";"AREQUIPA";"YANAHUARA";"PRIVADO";"II-1";"00028448";"CLINICA EMMEL";"240200";"HOSPITALIZACIÓN QUIRÚRGICA CIRUGÍA DE CABEZA Y CUELLO / MÁXILO FACIAL ";"2";"3";"13";"3";"1";"31";"0"
"2023";"03";"040126";"AREQUIPA";"AREQUIPA";"YANAHUARA";"PRIVADO";"II-1";"00028448";"CLINICA EMMEL";"240300";"HOSPITALIZACIÓN QUIRÚRGICA CIRUGÍA DIGESTIVA ";"4";"3";"3";"3";"1";"31";"0"
"2023";"03";"040126";"AREQUIPA";"AREQUIPA";"YANAHUARA";"PRIVADO";"II-1";"00028448";"CLINICA EMMEL";"240400";"HOSPITALIZACIÓN QUIRÚRGICA CIRUGÍA DE TÓRAX Y CARDIOVASCULAR ";"1";"1";"3";"3";"1";"31";"0"
"2023";"03";"040126";"AREQUIPA";"AREQUIPA";"YANAHUARA";"PRIVADO";"II-1";"00028448";"CLINICA EMMEL";"240800";"HOSPITALIZACIÓN QUIRÚRGICA CIRUGÍA PLÁSTICA/RECONSTRUCTIVA/ REPARADORA ";"3";"3";"5";"5";"2";"62";"0"
"2023";"03";"040126";"AREQUIPA";"AREQUIPA";"YANAHUARA";"PRIVADO";"II-1";"00028448";"CLINICA EMMEL";"240900";"HOSPITALIZACIÓN QUIRÚRGICA NEUROCIRUGÍA ";"5";"7";"20";"15";"2";"62";"0"
"2023";"03";"040126";"AREQUIPA";"AREQUIPA";"YANAHUARA";"PRIVADO";"II-1";"00028448";"CLINICA EMMEL";"241200";"HOSPITALIZACIÓN QUIRÚRGICA TRAUMATOLOGÍA Y ORTOPEDIA ";"21";"22";"43";"40";"2";"62";"0"
"2023";"03";"040126";"AREQUIPA";"AREQUIPA";"YANAHUARA";"PRIVADO";"II-1";"00028448";"CLINICA EMMEL";"241300";"HOSPITALIZACIÓN QUIRÚRGICA UROLOGÍA  ";"2";"2";"2";"2";"1";"31";"0"
"2023";"03";"040126";"AREQUIPA";"AREQUIPA";"YANAHUARA";"PRIVADO";"II-1";"00028448";"CLINICA EMMEL";"241400";"HOSPITALIZACIÓN QUIRÚRGICA GINECO - OBSTETRICIA ";"11";"10";"11";"11";"2";"62";"0"
"2023";"03";"040126";"AREQUIPA";"AREQUIPA";"YANAHUARA";"PRIVADO";"II-1";"00028448";"CLINICA EMMEL";"241500";"HOSPITALIZACIÓN QUIRÚRGICA GINECOLOGÍA  ";"3";"2";"4";"4";"1";"31";"0"
"2023";"03";"040126";"AREQUIPA";"AREQUIPA";"YANAHUARA";"PRIVADO";"II-1";"00028448";"CLINICA EMMEL";"245700";"HOSPITALIZACIÓN QUIRÚRGICA CARDIOLOGIA ";"2";"1";"1";"1";"1";"31";"0"
"2023";"03";"050201";"AYACUCHO";"CANGALLO";"CANGALLO";"GOBIERNO REGIONAL";"II-1";"00003494";"HOSPITAL DE APOYO CANGALLO";"240100";"HOSPITALIZACIÓN QUIRÚRGICA CIRUGÍA GENERAL ";"25";"27";"120";"120";"4";"124";"0"
"2023";"03";"050201";"AYACUCHO";"CANGALLO";"CANGALLO";"GOBIERNO REGIONAL";"II-1";"00003494";"HOSPITAL DE APOYO CANGALLO";"241400";"HOSPITALIZACIÓN QUIRÚRGICA GINECO - OBSTETRICIA ";"16";"16";"30";"19";"2";"62";"0"
"2023";"03";"050201";"AYACUCHO";"CANGALLO";"CANGALLO";"GOBIERNO REGIONAL";"II-1";"00003494";"HOSPITAL DE APOYO CANGALLO";"241600";"HOSPITALIZACIÓN QUIRÚRGICA OBSTETRICIA   ";"3";"3";"6";"4";"6";"186";"0"
"2023";"03";"050201";"AYACUCHO";"CANGALLO";"CANGALLO";"GOBIERNO REGIONAL";"II-1";"00003494";"HOSPITAL DE APOYO CANGALLO";"241800";"HOSPITALIZACIÓN DE MEDICINA MEDICINA GENERAL ";"8";"9";"62";"10";"4";"124";"0"
"2023";"03";"050201";"AYACUCHO";"CANGALLO";"CANGALLO";"GOBIERNO REGIONAL";"II-1";"00003494";"HOSPITAL DE APOYO CANGALLO";"242500";"HOSPITALIZACIÓN-PEDIATRÍA GENERAL-";"3";"3";"10";"8";"4";"124";"0"
"2023";"03";"130904";"LA LIBERTAD";"SANCHEZ CARRION";"CURGOS";"GOBIERNO REGIONAL";"I-1";"00021651";"HUAYLLAGUAL";"NE_0001";"";"NE_0001";"NE_0001";"NE_0001";"NE_0001";"NE_0001";"NE_0001";"NE_0001"
"2023";"03";"130904";"LA LIBERTAD";"SANCHEZ CARRION";"CURGOS";"GOBIERNO REGIONAL";"I-1";"00021652";"EL CALVARIO";"NE_0001";"";"NE_0001";"NE_0001";"NE_0001";"NE_0001";"NE_0001";"NE_0001";"NE_0001"
"2023";"03";"130904";"LA LIBERTAD";"SANCHEZ CARRION";"CURGOS";"GOBIERNO REGIONAL";"I-2";"00005357";"CURGOS-WALTER JUNIOR VELARDE ARTEAGA";"NE_0001";"";"NE_0001";"NE_0001";"NE_0001";"NE_0001";"NE_0001";"NE_0001";"NE_0001"
"2023";"03";"120608";"JUNIN";"SATIPO";"RIO TAMBO";"GOBIERNO REGIONAL";"I-2";"00000516";"PUERTO ROCA";"NE_0001";"";"NE_0001";"NE_0001";"NE_0001";"NE_0001";"NE_0001";"NE_0001";"NE_0001"
"2023";"03";"120608";"JUNIN";"SATIPO";"RIO TAMBO";"GOBIERNO REGIONAL";"I-1";"00000518";"SAN CARLOS ALTO ENE";"NE_0001";"";"NE_0001";"NE_0001";"NE_0001";"NE_0001";"NE_0001";"NE_0001";"NE_0001"
"2023";"01";"021901";"ANCASH";"SIHUAS";"SIHUAS";"ESSALUD";"I-3";"00009203";"CENTRO MEDICO SIHUAS";"NE_0001";"";"NE_0001";"NE_0001";"NE_0001";"NE_0001";"NE_0001";"NE_0001";"NE_0001"
"2023";"01";"130105";"LA LIBERTAD";"TRUJILLO";"LA ESPERANZA";"PRIVADO";"II-1";"00021412";"CLÍNICA MADRE DE CRISTO";"241400";"HOSPITALIZACIÓN QUIRÚRGICA GINECO - OBSTETRICIA ";"18";"18";"21";"18";"4";"21";"0"
"2023";"01";"130105";"LA LIBERTAD";"TRUJILLO";"LA ESPERANZA";"PRIVADO";"II-1";"00021412";"CLÍNICA MADRE DE CRISTO";"240100";"HOSPITALIZACIÓN QUIRÚRGICA CIRUGÍA GENERAL ";"32";"32";"38";"32";"8";"38";"0"
"2023";"01";"150120";"LIMA";"LIMA";"MAGDALENA DEL MAR";"PRIVADO";"II-E";"00011803";"CLINICA VIRGEN DEL ROSARIO SRL";"240000";"HOSPITALIZACIÓN";"197";"191";"246";"196";"24";"690";"0"
"2023";"01";"150133";"LIMA";"LIMA";"SAN JUAN DE MIRAFLORES";"PRIVADO";"II-E";"00016794";"CLINICA DIVINO NIÑO JESUS - ORDEN DE MALTA";"240000";"HOSPITALIZACIÓN";"63";"60";"135";"405";"15";"450";"0"
"2023";"01";"030501";"APURIMAC";"COTABAMBAS";"TAMBOBAMBA";"GOBIERNO REGIONAL";"II-1";"00002625";"TAMBOBAMBA";"241400";"HOSPITALIZACIÓN QUIRÚRGICA GINECO - OBSTETRICIA ";"40";"40";"100";"40";"4";"48";"0"
"2023";"01";"030501";"APURIMAC";"COTABAMBAS";"TAMBOBAMBA";"GOBIERNO REGIONAL";"II-1";"00002625";"TAMBOBAMBA";"242300";"HOSPITALIZACIÓN DE PEDIATRÍA  PEDIATRÍA  GENERAL ";"1";"1";"4";"1";"4";"5";"0"
"2023";"01";"030501";"APURIMAC";"COTABAMBAS";"TAMBOBAMBA";"GOBIERNO REGIONAL";"II-1";"00002625";"TAMBOBAMBA";"241600";"HOSPITALIZACIÓN QUIRÚRGICA OBSTETRICIA   ";"2";"2";"4";"2";"2";"4";"0"
"2023";"01";"030501";"APURIMAC";"COTABAMBAS";"TAMBOBAMBA";"GOBIERNO REGIONAL";"II-1";"00002625";"TAMBOBAMBA";"241800";"HOSPITALIZACIÓN DE MEDICINA MEDICINA GENERAL ";"20";"20";"35";"20";"8";"100";"0"
"2023";"02";"130704";"LA LIBERTAD";"PACASMAYO";"PACASMAYO";"ESSALUD";"I-4";"00008514";"HOSPITAL I PACASMAYO";"241900";"HOSPITALIZACIÓN DE MEDICINA MEDICINA INTERNA ";"41";"33";"207";"240";"12";"336";"2"
"2023";"02";"061007";"CAJAMARCA";"SAN MARCOS";"JOSE SABOGAL";"GOBIERNO REGIONAL";"I-1";"00004496";"TINYAYOC";"NE_0001";"";"NE_0001";"NE_0001";"NE_0001";"NE_0001";"NE_0001";"NE_0001";"NE_0001"
"2023";"02";"061007";"CAJAMARCA";"SAN MARCOS";"JOSE SABOGAL";"GOBIERNO REGIONAL";"I-2";"00004497";"MALAT";"NE_0001";"";"NE_0001";"NE_0001";"NE_0001";"NE_0001";"NE_0001";"NE_0001";"NE_0001"
"2023";"02";"061007";"CAJAMARCA";"SAN MARCOS";"JOSE SABOGAL";"GOBIERNO REGIONAL";"I-1";"00004499";"MATIBAMBA";"NE_0001";"";"NE_0001";"NE_0001";"NE_0001";"NE_0001";"NE_0001";"NE_0001";"NE_0001"
"2023";"02";"061007";"CAJAMARCA";"SAN MARCOS";"JOSE SABOGAL";"GOBIERNO REGIONAL";"I-1";"00004495";"HUAGAL";"NE_0001";"";"NE_0001";"NE_0001";"NE_0001";"NE_0001";"NE_0001";"NE_0001";"NE_0001"
"2023";"02";"061007";"CAJAMARCA";"SAN MARCOS";"JOSE SABOGAL";"GOBIERNO REGIONAL";"I-2";"00004498";"LICLICONGA";"NE_0001";"";"NE_0001";"NE_0001";"NE_0001";"NE_0001";"NE_0001";"NE_0001";"NE_0001"
"2023";"02";"061007";"CAJAMARCA";"SAN MARCOS";"JOSE SABOGAL";"GOBIERNO REGIONAL";"I-3";"00004500";"JOSE SABOGAL";"NE_0001";"";"NE_0001";"NE_0001";"NE_0001";"NE_0001";"NE_0001";"NE_0001";"NE_0001"
"2023";"02";"130703";"LA LIBERTAD";"PACASMAYO";"JEQUETEPEQUE";"ESSALUD";"I-2";"00009646";"POSTA DE SALUD JEQUETEPEQUE";"NE_0001";"";"NE_0001";"NE_0001";"NE_0001";"NE_0001";"NE_0001";"NE_0001";"NE_0001"
"2023";"02";"150140";"LIMA";"LIMA";"SANTIAGO DE SURCO";"PRIVADO";"II-E";"00017823";"OFTALMOLOGICA SANTO TORIBIO";"NE_0001";"";"NE_0001";"NE_0001";"NE_0001";"NE_0001";"NE_0001";"NE_0001";"NE_0001"
"2023";"02";"150108";"LIMA";"LIMA";"CHORRILLOS";"PRIVADO";"II-E";"00019839";"CLINICA SANTA LEONOR";"240000";"HOSPITALIZACIÓN";"31";"31";"53";"57";"5";"140";"0"
"2023";"02";"110101";"ICA";"ICA";"ICA";"PRIVADO";"II-1";"00018450";"CLÍNICA S. MORALES S.R.L";"241200";"HOSPITALIZACIÓN QUIRÚRGICA TRAUMATOLOGÍA Y ORTOPEDIA ";"20";"20";"26";"20";"6";"186";"0"
"2023";"02";"021801";"ANCASH";"SANTA";"CHIMBOTE";"PRIVADO";"II-1";"00017075";"CLINICA BELEN";"240000";"HOSPITALIZACIÓN";"41";"39";"41";"40";"16";"448";"0"
"2023";"02";"130111";"LA LIBERTAD";"TRUJILLO";"VICTOR LARCO HERRERA";"PRIVADO";"II-1";"00026935";"CLÍNICA FÁTIMA";"240100";"HOSPITALIZACIÓN QUIRÚRGICA CIRUGÍA GENERAL ";"43";"43";"58";"58";"6";"203";"0"
"2023";"02";"130111";"LA LIBERTAD";"TRUJILLO";"VICTOR LARCO HERRERA";"PRIVADO";"II-1";"00026935";"CLÍNICA FÁTIMA";"241400";"HOSPITALIZACIÓN QUIRÚRGICA GINECO - OBSTETRICIA ";"15";"15";"10";"10";"6";"185";"0"
"2023";"02";"130111";"LA LIBERTAD";"TRUJILLO";"VICTOR LARCO HERRERA";"PRIVADO";"II-1";"00026935";"CLÍNICA FÁTIMA";"241800";"HOSPITALIZACIÓN DE MEDICINA MEDICINA GENERAL ";"9";"8";"9";"36";"4";"126";"0"
"2023";"02";"021801";"ANCASH";"SANTA";"CHIMBOTE";"PRIVADO";"II-1";"00015375";"CLINICA SAN PEDRO";"241800";"HOSPITALIZACIÓN DE MEDICINA MEDICINA GENERAL ";"8";"5";"25";"31";"4";"133";"0"
"2023";"02";"021801";"ANCASH";"SANTA";"CHIMBOTE";"PRIVADO";"II-1";"00015375";"CLINICA SAN PEDRO";"240100";"HOSPITALIZACIÓN QUIRÚRGICA CIRUGÍA GENERAL ";"56";"49";"70";"147";"11";"308";"0"
"2023";"02";"021801";"ANCASH";"SANTA";"CHIMBOTE";"PRIVADO";"II-1";"00015375";"CLINICA SAN PEDRO";"241400";"HOSPITALIZACIÓN QUIRÚRGICA GINECO - OBSTETRICIA ";"50";"43";"78";"101";"6";"178";"0"
"2023";"02";"021801";"ANCASH";"SANTA";"CHIMBOTE";"PRIVADO";"II-1";"00013164";"CLINICA SANTA MARIA DE CHIMBOTE S.A.C.";"240100";"HOSPITALIZACIÓN QUIRÚRGICA CIRUGÍA GENERAL ";"78";"77";"99";"100";"10";"280";"0"
"2023";"02";"021801";"ANCASH";"SANTA";"CHIMBOTE";"PRIVADO";"II-1";"00013164";"CLINICA SANTA MARIA DE CHIMBOTE S.A.C.";"241400";"HOSPITALIZACIÓN QUIRÚRGICA GINECO - OBSTETRICIA ";"21";"17";"24";"37";"7";"203";"0"
"2023";"02";"130907";"LA LIBERTAD";"SANCHEZ CARRION";"SARIN";"GOBIERNO REGIONAL";"I-2";"00011627";"CERPAQUINO";"NE_0001";"";"NE_0001";"NE_0001";"NE_0001";"NE_0001";"NE_0001";"NE_0001";"NE_0001"
"2023";"02";"130907";"LA LIBERTAD";"SANCHEZ CARRION";"SARIN";"GOBIERNO REGIONAL";"I-2";"00005361";"SARIN";"NE_0001";"";"NE_0001";"NE_0001";"NE_0001";"NE_0001";"NE_0001";"NE_0001";"NE_0001"
"2023";"02";"130907";"LA LIBERTAD";"SANCHEZ CARRION";"SARIN";"GOBIERNO REGIONAL";"I-2";"00011628";"SHIRACORRAL";"NE_0001";"";"NE_0001";"NE_0001";"NE_0001";"NE_0001";"NE_0001";"NE_0001";"NE_0001"
"2023";"02";"120415";"JUNIN";"JAUJA";"MARCO";"GOBIERNO REGIONAL";"I-2";"00000385";"MARCO";"NE_0001";"";"NE_0001";"NE_0001";"NE_0001";"NE_0001";"NE_0001";"NE_0001";"NE_0001"
"2023";"02";"120426";"JUNIN";"JAUJA";"POMACANCHA";"GOBIERNO REGIONAL";"I-1";"00000389";"ARMONIA";"NE_0001";"";"NE_0001";"NE_0001";"NE_0001";"NE_0001";"NE_0001";"NE_0001";"NE_0001"
"2023";"02";"120422";"JUNIN";"JAUJA";"PACA";"GOBIERNO REGIONAL";"I-1";"00000386";"YANACANCHA";"NE_0001";"";"NE_0001";"NE_0001";"NE_0001";"NE_0001";"NE_0001";"NE_0001";"NE_0001"
"2023";"02";"120432";"JUNIN";"JAUJA";"TUNAN MARCA";"GOBIERNO REGIONAL";"I-1";"00000391";"TUNANMARCA";"NE_0001";"";"NE_0001";"NE_0001";"NE_0001";"NE_0001";"NE_0001";"NE_0001";"NE_0001"
"2023";"02";"120402";"JUNIN";"JAUJA";"ACOLLA";"GOBIERNO REGIONAL";"I-2";"00000383";"PACHASCUCHO";"NE_0001";"";"NE_0001";"NE_0001";"NE_0001";"NE_0001";"NE_0001";"NE_0001";"NE_0001"
"2023";"02";"120426";"JUNIN";"JAUJA";"POMACANCHA";"GOBIERNO REGIONAL";"I-2";"00000388";"POMACANCHA";"NE_0001";"";"NE_0001";"NE_0001";"NE_0001";"NE_0001";"NE_0001";"NE_0001";"NE_0001"
"2023";"02";"120426";"JUNIN";"JAUJA";"POMACANCHA";"GOBIERNO REGIONAL";"I-1";"00000390";"CASABLANCA";"NE_0001";"";"NE_0001";"NE_0001";"NE_0001";"NE_0001";"NE_0001";"NE_0001";"NE_0001"
"2023";"02";"120402";"JUNIN";"JAUJA";"ACOLLA";"GOBIERNO REGIONAL";"I-1";"00000381";"SACAS";"NE_0001";"";"NE_0001";"NE_0001";"NE_0001";"NE_0001";"NE_0001";"NE_0001";"NE_0001"
"2023";"02";"120402";"JUNIN";"JAUJA";"ACOLLA";"GOBIERNO REGIONAL";"I-2";"00000384";"TINGO PACCHA";"NE_0001";"";"NE_0001";"NE_0001";"NE_0001";"NE_0001";"NE_0001";"NE_0001";"NE_0001"
"2023";"02";"120402";"JUNIN";"JAUJA";"ACOLLA";"GOBIERNO REGIONAL";"I-3";"00000379";"ACOLLA";"NE_0001";"";"NE_0001";"NE_0001";"NE_0001";"NE_0001";"NE_0001";"NE_0001";"NE_0001"
"2023";"02";"120402";"JUNIN";"JAUJA";"ACOLLA";"GOBIERNO REGIONAL";"I-2";"00000380";"EL TINGO";"NE_0001";"";"NE_0001";"NE_0001";"NE_0001";"NE_0001";"NE_0001";"NE_0001";"NE_0001"
"2023";"02";"120402";"JUNIN";"JAUJA";"ACOLLA";"GOBIERNO REGIONAL";"I-2";"00000382";"YANAMARCA";"NE_0001";"";"NE_0001";"NE_0001";"NE_0001";"NE_0001";"NE_0001";"NE_0001";"NE_0001"
"2023";"02";"120402";"JUNIN";"JAUJA";"ACOLLA";"GOBIERNO REGIONAL";"I-1";"00006874";"CHUQUISHUARI";"NE_0001";"";"NE_0001";"NE_0001";"NE_0001";"NE_0001";"NE_0001";"NE_0001";"NE_0001"
"2023";"02";"060812";"CAJAMARCA";"JAEN";"SANTA ROSA";"GOBIERNO REGIONAL";"I-3";"00004261";"SANTA ROSA";"NE_0001";"";"NE_0001";"NE_0001";"NE_0001";"NE_0001";"NE_0001";"NE_0001";"NE_0001"
"2023";"02";"060812";"CAJAMARCA";"JAEN";"SANTA ROSA";"GOBIERNO REGIONAL";"I-1";"00004266";"SHUMBANA";"NE_0001";"";"NE_0001";"NE_0001";"NE_0001";"NE_0001";"NE_0001";"NE_0001";"NE_0001"
"2023";"02";"100101";"HUANUCO";"HUANUCO";"HUANUCO";"ESSALUD";"I-3";"00018081";"CENTRO DE ATENCIÓN PRIMARIA III - METROPOLITANO";"NE_0001";"";"NE_0001";"NE_0001";"NE_0001";"NE_0001";"NE_0001";"NE_0001";"NE_0001"
"2023";"02";"060602";"CAJAMARCA";"CUTERVO";"CALLAYUC";"GOBIERNO REGIONAL";"I-1";"00007368";"CUCHEA";"NE_0001";"";"NE_0001";"NE_0001";"NE_0001";"NE_0001";"NE_0001";"NE_0001";"NE_0001"
"2023";"02";"060602";"CAJAMARCA";"CUTERVO";"CALLAYUC";"GOBIERNO REGIONAL";"I-1";"00007369";"CHONTAS";"NE_0001";"";"NE_0001";"NE_0001";"NE_0001";"NE_0001";"NE_0001";"NE_0001";"NE_0001"
"2023";"02";"250107";"UCAYALI";"CORONEL PORTILLO";"MANANTAY";"ESSALUD";"I-2";"00013874";"POSTA MEDICA DE MANANTAY";"NE_0001";"";"NE_0001";"NE_0001";"NE_0001";"NE_0001";"NE_0001";"NE_0001";"NE_0001"
"2023";"02";"110401";"ICA";"PALPA";"PALPA";"MINSA";"II-1";"00003458";"DE APOYO DE PALPA";"240100";"HOSPITALIZACIÓN QUIRÚRGICA CIRUGÍA GENERAL ";"8";"11";"52";"41";"6";"127";"0"
"2023";"02";"110401";"ICA";"PALPA";"PALPA";"MINSA";"II-1";"00003458";"DE APOYO DE PALPA";"241400";"HOSPITALIZACIÓN QUIRÚRGICA GINECO - OBSTETRICIA ";"10";"10";"19";"22";"9";"230";"0"
"2023";"02";"110401";"ICA";"PALPA";"PALPA";"MINSA";"II-1";"00003458";"DE APOYO DE PALPA";"241800";"HOSPITALIZACIÓN DE MEDICINA MEDICINA GENERAL ";"2";"3";"6";"9";"9";"243";"0"
"2023";"02";"110102";"ICA";"ICA";"LA TINGUIÑA";"ESSALUD";"I-3";"00024531";"LA TINGUIÑA";"NE_0001";"";"NE_0001";"NE_0001";"NE_0001";"NE_0001";"NE_0001";"NE_0001";"NE_0001"
"2023";"02";"220201";"SAN MARTIN";"BELLAVISTA";"BELLAVISTA";"ESSALUD";"I-2";"00016482";"POSTA MEDICA BELLAVISTA - ESSALUD";"NE_0001";"";"NE_0001";"NE_0001";"NE_0001";"NE_0001";"NE_0001";"NE_0001";"NE_0001"
"2023";"02";"100111";"HUANUCO";"HUANUCO";"PILLCO MARCA";"GOBIERNO REGIONAL";"I-3";"00000757";"POTRACANCHA";"NE_0001";"";"NE_0001";"NE_0001";"NE_0001";"NE_0001";"NE_0001";"NE_0001";"NE_0001"
"2023";"03";"040112";"AREQUIPA";"AREQUIPA";"PAUCARPATA";"GOBIERNO REGIONAL";"I-4";"00001296";"CENTRO DE SALUD  AMPLIACIÓN PAUCARPATA";"NE_0001";"";"NE_0001";"NE_0001";"NE_0001";"NE_0001";"NE_0001";"NE_0001";"NE_0001"
"2023";"03";"040112";"AREQUIPA";"AREQUIPA";"PAUCARPATA";"GOBIERNO REGIONAL";"I-3";"00001313";"CENTRO DE SALUD NUEVA ALBORADA";"NE_0001";"";"NE_0001";"NE_0001";"NE_0001";"NE_0001";"NE_0001";"NE_0001";"NE_0001"
"2023";"03";"040112";"AREQUIPA";"AREQUIPA";"PAUCARPATA";"GOBIERNO REGIONAL";"I-3";"00001310";"CENTRO DE SALUD MANUEL PRADO";"NE_0001";"";"NE_0001";"NE_0001";"NE_0001";"NE_0001";"NE_0001";"NE_0001";"NE_0001"
"2023";"03";"040112";"AREQUIPA";"AREQUIPA";"PAUCARPATA";"GOBIERNO REGIONAL";"I-3";"00001315";"CENTRO DE SALUD CAMPO MARTE";"NE_0001";"";"NE_0001";"NE_0001";"NE_0001";"NE_0001";"NE_0001";"NE_0001";"NE_0001"
"2023";"03";"160601";"LORETO";"UCAYALI";"CONTAMANA";"GOBIERNO REGIONAL";"II-1";"00000162";"HOSPITAL II-I  CONTAMANA";"242800";"HOSPITALIZACIÓN DE PEDIATRÍA PEDIATRIA ENDOCRINOLOGÍA PEDIÁTRICA";"110";"100";"305";"285";"15";"315";"0"
"2023";"03";"160601";"LORETO";"UCAYALI";"CONTAMANA";"GOBIERNO REGIONAL";"II-1";"00000162";"HOSPITAL II-I  CONTAMANA";"242900";"HOSPITALIZACIÓN DE PEDIATRÍA PEDIATRIA GASTROENTEROLOGÍA PEDIÁTRICA";"80";"71";"298";"352";"12";"372";"1"
"2023";"03";"160601";"LORETO";"UCAYALI";"CONTAMANA";"GOBIERNO REGIONAL";"II-1";"00000162";"HOSPITAL II-I  CONTAMANA";"243000";"HOSPITALIZACIÓN DE PEDIATRÍA PEDIATRIA GINECOLOGÍA PEDIÁTRICA";"75";"36";"683";"864";"30";"930";"25"
"2023";"03";"160601";"LORETO";"UCAYALI";"CONTAMANA";"GOBIERNO REGIONAL";"II-1";"00000162";"HOSPITAL II-I  CONTAMANA";"243100";"HOSPITALIZACIÓN DE PEDIATRÍA PEDIATRIA NEFROLOGÍA PEDIÁTRICA";"65";"43";"243";"253";"9";"279";"1"
"2023";"03";"160601";"LORETO";"UCAYALI";"CONTAMANA";"GOBIERNO REGIONAL";"II-1";"00000162";"HOSPITAL II-I  CONTAMANA";"243200";"HOSPITALIZACIÓN DE PEDIATRÍA PEDIATRIA NEONATOLOGÍA";"63";"47";"266";"277";"10";"310";"1"
"2023";"03";"160601";"LORETO";"UCAYALI";"CONTAMANA";"GOBIERNO REGIONAL";"II-1";"00000162";"HOSPITAL II-I  CONTAMANA";"243300";"HOSPITALIZACIÓN DE PEDIATRÍA PEDIATRIA NEUMOLOGÍA PEDIÁTRICA";"60";"25";"194";"50";"8";"190";"1"
"2023";"03";"160601";"LORETO";"UCAYALI";"CONTAMANA";"GOBIERNO REGIONAL";"II-1";"00000162";"HOSPITAL II-I  CONTAMANA";"243400";"HOSPITALIZACIÓN DE PEDIATRÍA PEDIATRIA NEUROLOGÍA PEDIÁTRICA";"35";"38";"160";"161";"7";"217";"1"
"2023";"03";"160601";"LORETO";"UCAYALI";"CONTAMANA";"GOBIERNO REGIONAL";"II-1";"00000162";"HOSPITAL II-I  CONTAMANA";"243500";"HOSPITALIZACIÓN DE PEDIATRÍA PEDIATRIA OFTALMOLOGÍA PEDIÁTRICA";"30";"27";"241";"321";"11";"341";"1"
"2023";"03";"160601";"LORETO";"UCAYALI";"CONTAMANA";"GOBIERNO REGIONAL";"II-1";"00000162";"HOSPITAL II-I  CONTAMANA";"243600";"HOSPITALIZACIÓN DE PEDIATRÍA PEDIATRIA ONCOLOGÍA PEDIÁTRICA";"18";"28";"188";"43";"8";"248";"1"
"2023";"03";"160601";"LORETO";"UCAYALI";"CONTAMANA";"GOBIERNO REGIONAL";"II-1";"00000162";"HOSPITAL II-I  CONTAMANA";"241800";"HOSPITALIZACIÓN DE MEDICINA MEDICINA GENERAL ";"18";"27";"117";"154";"7";"217";"1"
"2023";"03";"160601";"LORETO";"UCAYALI";"CONTAMANA";"GOBIERNO REGIONAL";"II-1";"00000162";"HOSPITAL II-I  CONTAMANA";"241900";"HOSPITALIZACIÓN DE MEDICINA MEDICINA INTERNA ";"60";"25";"377";"40";"16";"496";"12"
"2023";"03";"160601";"LORETO";"UCAYALI";"CONTAMANA";"GOBIERNO REGIONAL";"II-1";"00000162";"HOSPITAL II-I  CONTAMANA";"242000";"HOSPITALIZACIÓN DE MEDICINA MEDICINA TROPICAL E INFECCIOSAS ";"55";"35";"460";"486";"18";"528";"6"
"2023";"03";"160601";"LORETO";"UCAYALI";"CONTAMANA";"GOBIERNO REGIONAL";"II-1";"00000162";"HOSPITAL II-I  CONTAMANA";"242100";"HOSPITALIZACIÓN DE MEDICINA ONCOLOGÍA MÉDICA ";"39";"45";"395";"28";"18";"498";"5"
"2023";"03";"160601";"LORETO";"UCAYALI";"CONTAMANA";"GOBIERNO REGIONAL";"II-1";"00000162";"HOSPITAL II-I  CONTAMANA";"242201";"HOSPITALIZACIÓN DE MEDICINA PSIQUIATRÍA PSIQUIATRÍA - HOSPITALIZACIÓN DE DÍA";"38";"35";"225";"320";"15";"345";"2"
"2023";"03";"160601";"LORETO";"UCAYALI";"CONTAMANA";"GOBIERNO REGIONAL";"II-1";"00000162";"HOSPITAL II-I  CONTAMANA";"242202";"HOSPITALIZACIÓN DE MEDICINA PSIQUIATRÍA PSIQUIATRÍA DEL ADULTO Y GERONTE";"37";"37";"520";"525";"20";"530";"4"
"2023";"03";"150131";"LIMA";"LIMA";"SAN ISIDRO";"PRIVADO";"II-E";"00010739";"CLINICA OFTALMOLOGICA WONG";"NE_0001";"";"NE_0001";"NE_0001";"NE_0001";"NE_0001";"NE_0001";"NE_0001";"NE_0001"
"2023";"03";"150117";"LIMA";"LIMA";"LOS OLIVOS";"PRIVADO";"I-2";"00012429";"OFTALMOLOGICA WONG";"NE_0001";"";"NE_0001";"NE_0001";"NE_0001";"NE_0001";"NE_0001";"NE_0001";"NE_0001"
"2023";"03";"010701";"AMAZONAS";"UTCUBAMBA";"BAGUA GRANDE";"ESSALUD";"II-1";"00009067";"HOSPITAL EL BUEN SAMARITANO";"241800";"HOSPITALIZACIÓN DE MEDICINA MEDICINA GENERAL ";"30";"31";"105";"104";"5";"155";"0"
"2023";"03";"010701";"AMAZONAS";"UTCUBAMBA";"BAGUA GRANDE";"ESSALUD";"II-1";"00009067";"HOSPITAL EL BUEN SAMARITANO";"240100";"HOSPITALIZACIÓN QUIRÚRGICA CIRUGÍA GENERAL ";"23";"20";"82";"92";"3";"93";"0"
"2023";"03";"010701";"AMAZONAS";"UTCUBAMBA";"BAGUA GRANDE";"ESSALUD";"II-1";"00009067";"HOSPITAL EL BUEN SAMARITANO";"241500";"HOSPITALIZACIÓN QUIRÚRGICA GINECOLOGÍA  ";"39";"40";"85";"83";"3";"93";"0"
"2023";"03";"010701";"AMAZONAS";"UTCUBAMBA";"BAGUA GRANDE";"ESSALUD";"II-1";"00009067";"HOSPITAL EL BUEN SAMARITANO";"242300";"HOSPITALIZACIÓN DE PEDIATRÍA  PEDIATRÍA  GENERAL ";"27";"24";"47";"57";"2";"62";"0"
"2023";"03";"021801";"ANCASH";"SANTA";"CHIMBOTE";"PRIVADO";"II-1";"00013164";"CLINICA SANTA MARIA DE CHIMBOTE S.A.C.";"240100";"HOSPITALIZACIÓN QUIRÚRGICA CIRUGÍA GENERAL ";"73";"71";"126";"128";"7";"247";"0"
"2023";"01";"150120";"LIMA";"LIMA";"MAGDALENA DEL MAR";"PRIVADO";"II-E";"00023022";"CLINICA AVANSALUD";"240000";"HOSPITALIZACIÓN";"58";"55";"102";"52";"4";"341";"0"
"2023";"01";"120107";"JUNIN";"HUANCAYO";"CHILCA";"GOBIERNO REGIONAL";"I-4";"00000608";"CHILCA";"NE_0002";"";"NE_0002";"NE_0002";"NE_0002";"NE_0002";"NE_0002";"NE_0002";"NE_0002"
"2023";"01";"120136";"JUNIN";"HUANCAYO";"VIQUES";"GOBIERNO REGIONAL";"I-2";"00000635";"VIQUES";"NE_0001";"";"NE_0001";"NE_0001";"NE_0001";"NE_0001";"NE_0001";"NE_0001";"NE_0001"
"2023";"01";"120111";"JUNIN";"HUANCAYO";"CHUPURO";"GOBIERNO REGIONAL";"I-1";"00000614";"SOCOS";"NE_0001";"";"NE_0001";"NE_0001";"NE_0001";"NE_0001";"NE_0001";"NE_0001";"NE_0001"
"2023";"01";"120126";"JUNIN";"HUANCAYO";"PUCARA";"GOBIERNO REGIONAL";"I-3";"00000624";"PUCARA";"NE_0001";"";"NE_0001";"NE_0001";"NE_0001";"NE_0001";"NE_0001";"NE_0001";"NE_0001"
"2023";"01";"120113";"JUNIN";"HUANCAYO";"CULLHUAS";"GOBIERNO REGIONAL";"I-1";"00000617";"RETAMA BAJA";"NE_0001";"";"NE_0001";"NE_0001";"NE_0001";"NE_0001";"NE_0001";"NE_0001";"NE_0001"
"2023";"01";"120116";"JUNIN";"HUANCAYO";"HUACRAPUQUIO";"GOBIERNO REGIONAL";"I-2";"00000619";"HUACRAPUQUIO";"NE_0001";"";"NE_0001";"NE_0001";"NE_0001";"NE_0001";"NE_0001";"NE_0001";"NE_0001"
"2023";"01";"120121";"JUNIN";"HUANCAYO";"HUAYUCACHI";"GOBIERNO REGIONAL";"I-1";"00000623";"HUMANMARCA";"NE_0001";"";"NE_0001";"NE_0001";"NE_0001";"NE_0001";"NE_0001";"NE_0001";"NE_0001"
"2023";"01";"120126";"JUNIN";"HUANCAYO";"PUCARA";"GOBIERNO REGIONAL";"I-1";"00000628";"DOS DE MAYO";"NE_0001";"";"NE_0001";"NE_0001";"NE_0001";"NE_0001";"NE_0001";"NE_0001";"NE_0001"
"2023";"01";"120133";"JUNIN";"HUANCAYO";"SAPALLANGA";"GOBIERNO REGIONAL";"I-3";"00000629";"SAPALLANGA";"NE_0001";"";"NE_0001";"NE_0001";"NE_0001";"NE_0001";"NE_0001";"NE_0001";"NE_0001"
"2023";"01";"120111";"JUNIN";"HUANCAYO";"CHUPURO";"GOBIERNO REGIONAL";"I-2";"00000612";"CHUPURO";"NE_0001";"";"NE_0001";"NE_0001";"NE_0001";"NE_0001";"NE_0001";"NE_0001";"NE_0001"
"2023";"01";"120126";"JUNIN";"HUANCAYO";"PUCARA";"GOBIERNO REGIONAL";"I-2";"00000625";"MARCAVALLE";"NE_0001";"";"NE_0001";"NE_0001";"NE_0001";"NE_0001";"NE_0001";"NE_0001";"NE_0001"
"2023";"01";"120126";"JUNIN";"HUANCAYO";"PUCARA";"GOBIERNO REGIONAL";"I-1";"00000627";"JATUN SUCLLA";"NE_0001";"";"NE_0001";"NE_0001";"NE_0001";"NE_0001";"NE_0001";"NE_0001";"NE_0001"
"2023";"01";"120119";"JUNIN";"HUANCAYO";"HUANCAN";"GOBIERNO REGIONAL";"I-3";"00000620";"HUANCAN";"NE_0001";"";"NE_0001";"NE_0001";"NE_0001";"NE_0001";"NE_0001";"NE_0001";"NE_0001"
"2023";"01";"120126";"JUNIN";"HUANCAYO";"PUCARA";"GOBIERNO REGIONAL";"I-1";"00000626";"RAQUINA";"NE_0001";"";"NE_0001";"NE_0001";"NE_0001";"NE_0001";"NE_0001";"NE_0001";"NE_0001"
"2023";"01";"120133";"JUNIN";"HUANCAYO";"SAPALLANGA";"GOBIERNO REGIONAL";"I-2";"00000630";"LA PUNTA";"NE_0001";"";"NE_0001";"NE_0001";"NE_0001";"NE_0001";"NE_0001";"NE_0001";"NE_0001"
"2023";"01";"120133";"JUNIN";"HUANCAYO";"SAPALLANGA";"GOBIERNO REGIONAL";"I-1";"00000634";"HUAYLLASPANCA";"NE_0001";"";"NE_0001";"NE_0001";"NE_0001";"NE_0001";"NE_0001";"NE_0001";"NE_0001"
"2023";"01";"120111";"JUNIN";"HUANCAYO";"CHUPURO";"GOBIERNO REGIONAL";"I-1";"00000613";"CARHUAPACCHA";"NE_0001";"";"NE_0001";"NE_0001";"NE_0001";"NE_0001";"NE_0001";"NE_0001";"NE_0001"
"2023";"01";"120113";"JUNIN";"HUANCAYO";"CULLHUAS";"GOBIERNO REGIONAL";"I-1";"00000616";"PIHUAS";"NE_0001";"";"NE_0001";"NE_0001";"NE_0001";"NE_0001";"NE_0001";"NE_0001";"NE_0001"
"2023";"01";"120121";"JUNIN";"HUANCAYO";"HUAYUCACHI";"GOBIERNO REGIONAL";"I-3";"00000622";"HUAYUCACHI";"NE_0001";"";"NE_0001";"NE_0001";"NE_0001";"NE_0001";"NE_0001";"NE_0001";"NE_0001"
"2023";"01";"120133";"JUNIN";"HUANCAYO";"SAPALLANGA";"GOBIERNO REGIONAL";"I-1";"00000631";"COCHARCAS";"NE_0001";"";"NE_0001";"NE_0001";"NE_0001";"NE_0001";"NE_0001";"NE_0001";"NE_0001"
"2023";"01";"120113";"JUNIN";"HUANCAYO";"CULLHUAS";"GOBIERNO REGIONAL";"I-1";"00012469";"CHUAMBA";"NE_0001";"";"NE_0001";"NE_0001";"NE_0001";"NE_0001";"NE_0001";"NE_0001";"NE_0001"
"2023";"01";"120107";"JUNIN";"HUANCAYO";"CHILCA";"GOBIERNO REGIONAL";"I-2";"00000609";"AZAPAMPA";"NE_0001";"";"NE_0001";"NE_0001";"NE_0001";"NE_0001";"NE_0001";"NE_0001";"NE_0001"
"2023";"01";"120107";"JUNIN";"HUANCAYO";"CHILCA";"GOBIERNO REGIONAL";"I-3";"00000610";"AUQUIMARCA";"NE_0001";"";"NE_0001";"NE_0001";"NE_0001";"NE_0001";"NE_0001";"NE_0001";"NE_0001"
"2023";"01";"120107";"JUNIN";"HUANCAYO";"CHILCA";"GOBIERNO REGIONAL";"I-2";"00000611";"LA ESPERANZA";"NE_0001";"";"NE_0001";"NE_0001";"NE_0001";"NE_0001";"NE_0001";"NE_0001";"NE_0001"
"2023";"01";"120113";"JUNIN";"HUANCAYO";"CULLHUAS";"GOBIERNO REGIONAL";"I-2";"00000615";"CULLHUAS";"NE_0001";"";"NE_0001";"NE_0001";"NE_0001";"NE_0001";"NE_0001";"NE_0001";"NE_0001"
"2023";"01";"120119";"JUNIN";"HUANCAYO";"HUANCAN";"GOBIERNO REGIONAL";"I-2";"00000621";"HUARI";"NE_0001";"";"NE_0001";"NE_0001";"NE_0001";"NE_0001";"NE_0001";"NE_0001";"NE_0001"
"2023";"01";"120133";"JUNIN";"HUANCAYO";"SAPALLANGA";"GOBIERNO REGIONAL";"I-1";"00000632";"MILUCHACA";"NE_0001";"";"NE_0001";"NE_0001";"NE_0001";"NE_0001";"NE_0001";"NE_0001";"NE_0001"
"2023";"01";"120133";"JUNIN";"HUANCAYO";"SAPALLANGA";"GOBIERNO REGIONAL";"I-1";"00000633";"MIRAFLORES";"NE_0001";"";"NE_0001";"NE_0001";"NE_0001";"NE_0001";"NE_0001";"NE_0001";"NE_0001"
"2023";"01";"120112";"JUNIN";"HUANCAYO";"COLCA";"GOBIERNO REGIONAL";"I-1";"00000702";"SANTA CRUZ DE LARIA";"NE_0001";"";"NE_0001";"NE_0001";"NE_0001";"NE_0001";"NE_0001";"NE_0001";"NE_0001"
"2023";"02";"150108";"LIMA";"LIMA";"CHORRILLOS";"SANIDAD DE LA POLICIA NACIONAL DEL PERU";"I-3";"00018660";"POLICLINICO POLICIAL SEDE ESCUELA DE OFICIALES";"NE_0001";"";"NE_0001";"NE_0001";"NE_0001";"NE_0001";"NE_0001";"NE_0001";"NE_0001"
"2023";"02";"140101";"LAMBAYEQUE";"CHICLAYO";"CHICLAYO";"PRIVADO";"II-E";"00026707";"CLÍNICA OFTALMOLÓGICA VIDAVAS SAC";"NE_0001";"";"NE_0001";"NE_0001";"NE_0001";"NE_0001";"NE_0001";"NE_0001";"NE_0001"
"2023";"02";"070106";"CALLAO";"CALLAO";"VENTANILLA";"PRIVADO";"II-E";"00009917";"CLINICA CARRION";"NE_0002";"";"NE_0002";"NE_0002";"NE_0002";"NE_0002";"NE_0002";"NE_0002";"NE_0002"
"2023";"02";"040107";"AREQUIPA";"AREQUIPA";"JACOBO HUNTER";"GOBIERNO REGIONAL";"I-2";"00001273";"PUESTO DE SALUD DANIEL ALCIDES CARRION";"NE_0001";"";"NE_0001";"NE_0001";"NE_0001";"NE_0001";"NE_0001";"NE_0001";"NE_0001"
"2023";"02";"040107";"AREQUIPA";"AREQUIPA";"JACOBO HUNTER";"GOBIERNO REGIONAL";"I-4";"00001259";"CENTRO DE SALUD JAVIER LLOSA GARCIA -  HUNTER";"241600";"HOSPITALIZACIÓN QUIRÚRGICA OBSTETRICIA   ";"18";"18";"18";"1";"15";"16";"0"
"2023";"02";"150121";"LIMA";"LIMA";"PUEBLO LIBRE";"PRIVADO";"II-E";"00011741";"CLÍNICA NORVISION";"NE_0001";"";"NE_0001";"NE_0001";"NE_0001";"NE_0001";"NE_0001";"NE_0001";"NE_0001"
"2023";"02";"150122";"LIMA";"LIMA";"MIRAFLORES";"PRIVADO";"0";"00023901";"INSTITUTO DE GAMMA KNIFE DEL PACIFICO SAC";"NE_0001";"";"NE_0001";"NE_0001";"NE_0001";"NE_0001";"NE_0001";"NE_0001";"NE_0001"
"2023";"02";"120206";"JUNIN";"CONCEPCION";"COMAS";"GOBIERNO REGIONAL";"I-1";"00000684";"RUNATULLO";"NE_0001";"";"NE_0001";"NE_0001";"NE_0001";"NE_0001";"NE_0001";"NE_0001";"NE_0001"
"2023";"02";"150105";"LIMA";"LIMA";"BREÑA";"MINSA";"III-2";"00006216";"INSTITUTO NACIONAL DE SALUD DEL NIÑO";"240200";"HOSPITALIZACIÓN QUIRÚRGICA CIRUGÍA DE CABEZA Y CUELLO / MÁXILO FACIAL ";"25";"21";"152";"207";"13";"364";"0"
"2023";"02";"150105";"LIMA";"LIMA";"BREÑA";"MINSA";"III-2";"00006216";"INSTITUTO NACIONAL DE SALUD DEL NIÑO";"240400";"HOSPITALIZACIÓN QUIRÚRGICA CIRUGÍA DE TÓRAX Y CARDIOVASCULAR ";"20";"14";"345";"287";"20";"560";"1"
"2023";"02";"150105";"LIMA";"LIMA";"BREÑA";"MINSA";"III-2";"00006216";"INSTITUTO NACIONAL DE SALUD DEL NIÑO";"240700";"HOSPITALIZACIÓN QUIRÚRGICA CIRUGÍA PEDIÁTRICA ";"91";"91";"515";"506";"24";"672";"0"
"2023";"02";"150105";"LIMA";"LIMA";"BREÑA";"MINSA";"III-2";"00006216";"INSTITUTO NACIONAL DE SALUD DEL NIÑO";"240801";"HOSPITALIZACIÓN QUIRÚRGICA CIRUGÍA PLÁSTICA/RECONSTRUCTIVA/ REPARADORA QUEMADOS";"70";"58";"410";"553";"27";"756";"0"
"2023";"02";"150105";"LIMA";"LIMA";"BREÑA";"MINSA";"III-2";"00006216";"INSTITUTO NACIONAL DE SALUD DEL NIÑO";"240900";"HOSPITALIZACIÓN QUIRÚRGICA NEUROCIRUGÍA ";"44";"38";"588";"575";"23";"644";"1"
"2023";"02";"150105";"LIMA";"LIMA";"BREÑA";"MINSA";"III-2";"00006216";"INSTITUTO NACIONAL DE SALUD DEL NIÑO";"241200";"HOSPITALIZACIÓN QUIRÚRGICA TRAUMATOLOGÍA Y ORTOPEDIA ";"71";"55";"526";"673";"29";"812";"0"
"2023";"02";"150105";"LIMA";"LIMA";"BREÑA";"MINSA";"III-2";"00006216";"INSTITUTO NACIONAL DE SALUD DEL NIÑO";"241300";"HOSPITALIZACIÓN QUIRÚRGICA UROLOGÍA  ";"12";"10";"76";"88";"9";"252";"0"
"2023";"02";"150105";"LIMA";"LIMA";"BREÑA";"MINSA";"III-2";"00006216";"INSTITUTO NACIONAL DE SALUD DEL NIÑO";"242000";"HOSPITALIZACIÓN DE MEDICINA MEDICINA TROPICAL E INFECCIOSAS ";"46";"34";"215";"464";"25";"700";"0"
"2023";"02";"150105";"LIMA";"LIMA";"BREÑA";"MINSA";"III-2";"00006216";"INSTITUTO NACIONAL DE SALUD DEL NIÑO";"242300";"HOSPITALIZACIÓN DE PEDIATRÍA  PEDIATRÍA  GENERAL ";"213";"183";"1739";"2147";"83";"2324";"1"
"2023";"02";"150105";"LIMA";"LIMA";"BREÑA";"MINSA";"III-2";"00006216";"INSTITUTO NACIONAL DE SALUD DEL NIÑO";"242600";"HOSPITALIZACIÓN DE PEDIATRÍA PEDIATRIA CARDIOLOGÍA PEDIÁTRICA";"39";"30";"229";"362";"20";"560";"1"
"2023";"02";"150105";"LIMA";"LIMA";"BREÑA";"MINSA";"III-2";"00006216";"INSTITUTO NACIONAL DE SALUD DEL NIÑO";"242700";"HOSPITALIZACIÓN DE PEDIATRÍA PEDIATRIA DERMATOLOGÍA PEDIÁTRICA";"21";"16";"64";"94";"8";"224";"0"
"2023";"02";"150105";"LIMA";"LIMA";"BREÑA";"MINSA";"III-2";"00006216";"INSTITUTO NACIONAL DE SALUD DEL NIÑO";"242900";"HOSPITALIZACIÓN DE PEDIATRÍA PEDIATRIA GASTROENTEROLOGÍA PEDIÁTRICA";"22";"20";"317";"271";"11";"308";"1"
"2023";"02";"150105";"LIMA";"LIMA";"BREÑA";"MINSA";"III-2";"00006216";"INSTITUTO NACIONAL DE SALUD DEL NIÑO";"243000";"HOSPITALIZACIÓN DE PEDIATRÍA PEDIATRIA GINECOLOGÍA PEDIÁTRICA";"10";"12";"73";"60";"5";"140";"0"
"2023";"02";"150105";"LIMA";"LIMA";"BREÑA";"MINSA";"III-2";"00006216";"INSTITUTO NACIONAL DE SALUD DEL NIÑO";"243100";"HOSPITALIZACIÓN DE PEDIATRÍA PEDIATRIA NEFROLOGÍA PEDIÁTRICA";"12";"11";"139";"138";"5";"140";"0"
"2023";"02";"150105";"LIMA";"LIMA";"BREÑA";"MINSA";"III-2";"00006216";"INSTITUTO NACIONAL DE SALUD DEL NIÑO";"243300";"HOSPITALIZACIÓN DE PEDIATRÍA PEDIATRIA NEUMOLOGÍA PEDIÁTRICA";"19";"17";"656";"423";"19";"532";"0"
"2023";"02";"150105";"LIMA";"LIMA";"BREÑA";"MINSA";"III-2";"00006216";"INSTITUTO NACIONAL DE SALUD DEL NIÑO";"243400";"HOSPITALIZACIÓN DE PEDIATRÍA PEDIATRIA NEUROLOGÍA PEDIÁTRICA";"22";"19";"147";"240";"10";"280";"0"
"2023";"02";"150105";"LIMA";"LIMA";"BREÑA";"MINSA";"III-2";"00006216";"INSTITUTO NACIONAL DE SALUD DEL NIÑO";"243600";"HOSPITALIZACIÓN DE PEDIATRÍA PEDIATRIA ONCOLOGÍA PEDIÁTRICA";"3";"3";"71";"28";"3";"84";"0"
"2023";"02";"150105";"LIMA";"LIMA";"BREÑA";"MINSA";"III-2";"00006216";"INSTITUTO NACIONAL DE SALUD DEL NIÑO";"243700";"HOSPITALIZACIÓN DE PEDIATRÍA PEDIATRIA OTORRINOLARINGOLOGÍA PEDIÁTRICA ";"23";"18";"51";"70";"9";"252";"0"
"2023";"02";"150105";"LIMA";"LIMA";"BREÑA";"MINSA";"III-2";"00006216";"INSTITUTO NACIONAL DE SALUD DEL NIÑO";"244500";"HOSPITALIZACIÓN DE MEDICINA HEMATOLOGÍA ";"3";"3";"153";"81";"3";"84";"0"
"2023";"02";"120135";"JUNIN";"HUANCAYO";"SANTO DOMINGO DE ACOBAMBA";"GOBIERNO REGIONAL";"I-3";"00000666";"SANTO DOMINGO DE ACOBAMBA";"NE_0001";"";"NE_0001";"NE_0001";"NE_0001";"NE_0001";"NE_0001";"NE_0001";"NE_0001"
"2023";"02";"120205";"JUNIN";"CONCEPCION";"COCHAS";"GOBIERNO REGIONAL";"I-1";"00000677";"PILCOLLAMA";"NE_0001";"";"NE_0001";"NE_0001";"NE_0001";"NE_0001";"NE_0001";"NE_0001";"NE_0001"
"2023";"02";"120209";"JUNIN";"CONCEPCION";"MARISCAL CASTILLA";"GOBIERNO REGIONAL";"I-2";"00000686";"MARISCAL CASTILLA";"NE_0001";"";"NE_0001";"NE_0001";"NE_0001";"NE_0001";"NE_0001";"NE_0001";"NE_0001"
"2023";"02";"120135";"JUNIN";"HUANCAYO";"SANTO DOMINGO DE ACOBAMBA";"GOBIERNO REGIONAL";"I-2";"00000667";"MATICHACRA";"NE_0001";"";"NE_0001";"NE_0001";"NE_0001";"NE_0001";"NE_0001";"NE_0001";"NE_0001"
"2023";"02";"050407";"AYACUCHO";"HUANTA";"SIVIA";"GOBIERNO REGIONAL";"II-1";"00003770";"HOSPITAL DE APOYO SIVIA";"240100";"HOSPITALIZACIÓN QUIRÚRGICA CIRUGÍA GENERAL ";"3";"3";"9";"15";"1";"28";"0"
"2023";"02";"050407";"AYACUCHO";"HUANTA";"SIVIA";"GOBIERNO REGIONAL";"II-1";"00003770";"HOSPITAL DE APOYO SIVIA";"241400";"HOSPITALIZACIÓN QUIRÚRGICA GINECO - OBSTETRICIA ";"19";"20";"36";"45";"4";"112";"0"
"2023";"02";"050407";"AYACUCHO";"HUANTA";"SIVIA";"GOBIERNO REGIONAL";"II-1";"00003770";"HOSPITAL DE APOYO SIVIA";"241800";"HOSPITALIZACIÓN DE MEDICINA MEDICINA GENERAL ";"8";"8";"19";"35";"7";"196";"0"
"2023";"02";"050407";"AYACUCHO";"HUANTA";"SIVIA";"GOBIERNO REGIONAL";"II-1";"00003770";"HOSPITAL DE APOYO SIVIA";"242500";"HOSPITALIZACIÓN-PEDIATRÍA GENERAL-";"1";"1";"3";"10";"2";"56";"0"
"2023";"02";"120135";"JUNIN";"HUANCAYO";"SANTO DOMINGO DE ACOBAMBA";"GOBIERNO REGIONAL";"I-2";"00000669";"PUMABAMBA";"NE_0001";"";"NE_0001";"NE_0001";"NE_0001";"NE_0001";"NE_0001";"NE_0001";"NE_0001"
"2023";"02";"120135";"JUNIN";"HUANCAYO";"SANTO DOMINGO DE ACOBAMBA";"GOBIERNO REGIONAL";"I-1";"00000670";"SANTA ROSA DE ASTILLERIA";"NE_0001";"";"NE_0001";"NE_0001";"NE_0001";"NE_0001";"NE_0001";"NE_0001";"NE_0001"
"2023";"02";"120205";"JUNIN";"CONCEPCION";"COCHAS";"GOBIERNO REGIONAL";"I-1";"00019792";"ANDAS";"NE_0001";"";"NE_0001";"NE_0001";"NE_0001";"NE_0001";"NE_0001";"NE_0001";"NE_0001"
"2023";"02";"120205";"JUNIN";"CONCEPCION";"COCHAS";"GOBIERNO REGIONAL";"I-1";"00019794";"SAN FRANCISCO DE MACON";"NE_0001";"";"NE_0001";"NE_0001";"NE_0001";"NE_0001";"NE_0001";"NE_0001";"NE_0001"
"2023";"02";"120203";"JUNIN";"CONCEPCION";"ANDAMARCA";"GOBIERNO REGIONAL";"I-2";"00000672";"ANDAMARCA";"NE_0001";"";"NE_0001";"NE_0001";"NE_0001";"NE_0001";"NE_0001";"NE_0001";"NE_0001"
"2023";"02";"120206";"JUNIN";"CONCEPCION";"COMAS";"GOBIERNO REGIONAL";"I-2";"00000679";"CANCHAPALCA";"NE_0001";"";"NE_0001";"NE_0001";"NE_0001";"NE_0001";"NE_0001";"NE_0001";"NE_0001"
"2023";"02";"120206";"JUNIN";"CONCEPCION";"COMAS";"GOBIERNO REGIONAL";"I-2";"00000680";"RACRACALLA";"NE_0001";"";"NE_0001";"NE_0001";"NE_0001";"NE_0001";"NE_0001";"NE_0001";"NE_0001"
"2023";"02";"120206";"JUNIN";"CONCEPCION";"COMAS";"GOBIERNO REGIONAL";"I-1";"00000681";"POMAMANTA";"NE_0001";"";"NE_0001";"NE_0001";"NE_0001";"NE_0001";"NE_0001";"NE_0001";"NE_0001"
"2023";"02";"120206";"JUNIN";"CONCEPCION";"COMAS";"GOBIERNO REGIONAL";"I-1";"00000683";"PUQUIAN";"NE_0001";"";"NE_0001";"NE_0001";"NE_0001";"NE_0001";"NE_0001";"NE_0001";"NE_0001"
"2023";"02";"150101";"LIMA";"LIMA";"LIMA";"MINSA";"III-E";"00006215";"HOSPITAL NACIONAL DOCENTE MADRE NIÑO SAN BARTOLOME";"240100";"HOSPITALIZACIÓN QUIRÚRGICA CIRUGÍA GENERAL ";"80";"78";"590";"586";"33";"926";"0"
"2023";"02";"150101";"LIMA";"LIMA";"LIMA";"MINSA";"III-E";"00006215";"HOSPITAL NACIONAL DOCENTE MADRE NIÑO SAN BARTOLOME";"241400";"HOSPITALIZACIÓN QUIRÚRGICA GINECO - OBSTETRICIA ";"67";"2";"3";"133";"5";"143";"0"
"2023";"02";"150101";"LIMA";"LIMA";"LIMA";"MINSA";"III-E";"00006215";"HOSPITAL NACIONAL DOCENTE MADRE NIÑO SAN BARTOLOME";"241500";"HOSPITALIZACIÓN QUIRÚRGICA GINECOLOGÍA  ";"82";"93";"259";"270";"17";"476";"0"
"2023";"02";"150101";"LIMA";"LIMA";"LIMA";"MINSA";"III-E";"00006215";"HOSPITAL NACIONAL DOCENTE MADRE NIÑO SAN BARTOLOME";"241600";"HOSPITALIZACIÓN QUIRÚRGICA OBSTETRICIA   ";"377";"430";"1296";"1331";"67";"1877";"0"
"2023";"02";"150101";"LIMA";"LIMA";"LIMA";"MINSA";"III-E";"00006215";"HOSPITAL NACIONAL DOCENTE MADRE NIÑO SAN BARTOLOME";"242100";"HOSPITALIZACIÓN DE MEDICINA ONCOLOGÍA MÉDICA ";"22";"22";"72";"65";"4";"113";"0"
"2023";"02";"150101";"LIMA";"LIMA";"LIMA";"MINSA";"III-E";"00006215";"HOSPITAL NACIONAL DOCENTE MADRE NIÑO SAN BARTOLOME";"242500";"HOSPITALIZACIÓN-PEDIATRÍA GENERAL-";"49";"48";"479";"684";"30";"822";"0"
"2023";"02";"150101";"LIMA";"LIMA";"LIMA";"MINSA";"III-E";"00006215";"HOSPITAL NACIONAL DOCENTE MADRE NIÑO SAN BARTOLOME";"243200";"HOSPITALIZACIÓN DE PEDIATRÍA PEDIATRIA NEONATOLOGÍA";"70";"77";"900";"1114";"39";"1114";"2"
"2023";"02";"150101";"LIMA";"LIMA";"LIMA";"MINSA";"III-E";"00006215";"HOSPITAL NACIONAL DOCENTE MADRE NIÑO SAN BARTOLOME";"250105";"UNIDAD DE CUIDADOS CRITICOS UNIDAD  DE CUIDADOS INTENSIVOS  (UCI) NEONATOLOGÍA";"13";"1";"1";"323";"12";"336";"1"
"2023";"02";"120303";"JUNIN";"CHANCHAMAYO";"PICHANAQUI";"GOBIERNO REGIONAL";"I-3";"00000343";"CENTRO CUYANI";"NE_0001";"";"NE_0001";"NE_0001";"NE_0001";"NE_0001";"NE_0001";"NE_0001";"NE_0001"
"2023";"02";"120303";"JUNIN";"CHANCHAMAYO";"PICHANAQUI";"GOBIERNO REGIONAL";"I-2";"00000350";"VALLE HERMOSO";"NE_0001";"";"NE_0001";"NE_0001";"NE_0001";"NE_0001";"NE_0001";"NE_0001";"NE_0001"
"2023";"01";"040112";"AREQUIPA";"AREQUIPA";"PAUCARPATA";"GOBIERNO REGIONAL";"I-2";"00001311";"PUESTO DE SALUD ALTO JESUS";"NE_0001";"";"NE_0001";"NE_0001";"NE_0001";"NE_0001";"NE_0001";"NE_0001";"NE_0001"
"2023";"01";"040112";"AREQUIPA";"AREQUIPA";"PAUCARPATA";"GOBIERNO REGIONAL";"I-3";"00001297";"CENTRO DE SALUD CIUDAD BLANCA";"NE_0001";"";"NE_0001";"NE_0001";"NE_0001";"NE_0001";"NE_0001";"NE_0001";"NE_0001"
"2023";"01";"040112";"AREQUIPA";"AREQUIPA";"PAUCARPATA";"GOBIERNO REGIONAL";"I-2";"00001312";"PUESTO DE SALUD ISRAEL";"NE_0001";"";"NE_0001";"NE_0001";"NE_0001";"NE_0001";"NE_0001";"NE_0001";"NE_0001"
"2023";"01";"040112";"AREQUIPA";"AREQUIPA";"PAUCARPATA";"GOBIERNO REGIONAL";"I-2";"00007744";"PUESTO DE SALUD VILLA JESUS";"NE_0001";"";"NE_0001";"NE_0001";"NE_0001";"NE_0001";"NE_0001";"NE_0001";"NE_0001"
"2023";"01";"040112";"AREQUIPA";"AREQUIPA";"PAUCARPATA";"GOBIERNO REGIONAL";"I-3";"00001314";"SAN JUAN DE CIUDAD BLANCA";"NE_0001";"";"NE_0001";"NE_0001";"NE_0001";"NE_0001";"NE_0001";"NE_0001";"NE_0001"
"2023";"01";"040112";"AREQUIPA";"AREQUIPA";"PAUCARPATA";"GOBIERNO REGIONAL";"I-3";"00025066";"CENTRO DE SALUD MENTAL COMUNITARIO AYELEN";"NE_0001";"";"NE_0001";"NE_0001";"NE_0001";"NE_0001";"NE_0001";"NE_0001";"NE_0001"
"2023";"01";"220912";"SAN MARTIN";"SAN MARTIN";"SAN ANTONIO";"GOBIERNO REGIONAL";"I-3";"00006384";"SAN ANTONIO DE CUMBAZA";"NE_0001";"";"NE_0001";"NE_0001";"NE_0001";"NE_0001";"NE_0001";"NE_0001";"NE_0001"
"2023";"01";"220912";"SAN MARTIN";"SAN MARTIN";"SAN ANTONIO";"GOBIERNO REGIONAL";"I-1";"00006385";"SAN PEDRO DE CUMBAZA";"NE_0001";"";"NE_0001";"NE_0001";"NE_0001";"NE_0001";"NE_0001";"NE_0001";"NE_0001"
"2023";"01";"220903";"SAN MARTIN";"SAN MARTIN";"CACATACHI";"GOBIERNO REGIONAL";"I-3";"00006395";"CACATACHI";"NE_0001";"";"NE_0001";"NE_0001";"NE_0001";"NE_0001";"NE_0001";"NE_0001";"NE_0001"
"2023";"01";"100108";"HUANUCO";"HUANUCO";"SAN PEDRO DE CHAULAN";"GOBIERNO REGIONAL";"I-1";"00000796";"SAN JOSE DE COZO TINGO";"NE_0001";"";"NE_0001";"NE_0001";"NE_0001";"NE_0001";"NE_0001";"NE_0001";"NE_0001"
"2023";"01";"180106";"MOQUEGUA";"MARISCAL NIETO";"TORATA";"PRIVADO";"II-1";"00017393";"HOSPITAL CUAJONE DE LA SOUTHERN PERU";"240100";"HOSPITALIZACIÓN QUIRÚRGICA CIRUGÍA GENERAL ";"11";"10";"36";"46";"14";"434";"0"
"2023";"01";"180106";"MOQUEGUA";"MARISCAL NIETO";"TORATA";"PRIVADO";"II-1";"00017393";"HOSPITAL CUAJONE DE LA SOUTHERN PERU";"241400";"HOSPITALIZACIÓN QUIRÚRGICA GINECO - OBSTETRICIA ";"2";"2";"6";"7";"3";"93";"0"
"2023";"01";"180106";"MOQUEGUA";"MARISCAL NIETO";"TORATA";"PRIVADO";"II-1";"00017393";"HOSPITAL CUAJONE DE LA SOUTHERN PERU";"241800";"HOSPITALIZACIÓN DE MEDICINA MEDICINA GENERAL ";"22";"21";"63";"86";"16";"496";"0"
"2023";"01";"180106";"MOQUEGUA";"MARISCAL NIETO";"TORATA";"PRIVADO";"II-1";"00017393";"HOSPITAL CUAJONE DE LA SOUTHERN PERU";"242500";"HOSPITALIZACIÓN-PEDIATRÍA GENERAL-";"1";"2";"5";"1";"17";"527";"0"
"2023";"01";"220901";"SAN MARTIN";"SAN MARTIN";"TARAPOTO";"GOBIERNO REGIONAL";"I-3";"00006362";"CENTRO DE SALUD NUEVE DE ABRIL";"NE_0001";"";"NE_0001";"NE_0001";"NE_0001";"NE_0001";"NE_0001";"NE_0001";"NE_0001"
"2023";"01";"220901";"SAN MARTIN";"SAN MARTIN";"TARAPOTO";"GOBIERNO REGIONAL";"I-3";"00006370";"PUNTA DEL ESTE";"NE_0001";"";"NE_0001";"NE_0001";"NE_0001";"NE_0001";"NE_0001";"NE_0001";"NE_0001"
"2023";"01";"220901";"SAN MARTIN";"SAN MARTIN";"TARAPOTO";"GOBIERNO REGIONAL";"I-1";"00006363";"ATUMPAMPA";"NE_0001";"";"NE_0001";"NE_0001";"NE_0001";"NE_0001";"NE_0001";"NE_0001";"NE_0001"
"2023";"01";"220901";"SAN MARTIN";"SAN MARTIN";"TARAPOTO";"GOBIERNO REGIONAL";"I-2";"00006371";"HUAYCO TARAPOTO";"NE_0001";"";"NE_0001";"NE_0001";"NE_0001";"NE_0001";"NE_0001";"NE_0001";"NE_0001"
"2023";"01";"220901";"SAN MARTIN";"SAN MARTIN";"TARAPOTO";"GOBIERNO REGIONAL";"I-1";"00006373";"SANTA ROSA DE CUMBAZA";"NE_0001";"";"NE_0001";"NE_0001";"NE_0001";"NE_0001";"NE_0001";"NE_0001";"NE_0001"
"2023";"01";"230302";"TACNA";"JORGE BASADRE";"ILABAYA";"PRIVADO";"I-4";"00018230";"HOSPITAL TOQUEPALA";"240100";"HOSPITALIZACIÓN QUIRÚRGICA CIRUGÍA GENERAL ";"7";"6";"25";"163";"12";"372";"0"
"2023";"01";"230302";"TACNA";"JORGE BASADRE";"ILABAYA";"PRIVADO";"I-4";"00018230";"HOSPITAL TOQUEPALA";"241800";"HOSPITALIZACIÓN DE MEDICINA MEDICINA GENERAL ";"4";"5";"18";"114";"14";"434";"0"
"2023";"01";"230302";"TACNA";"JORGE BASADRE";"ILABAYA";"PRIVADO";"I-4";"00018230";"HOSPITAL TOQUEPALA";"242500";"HOSPITALIZACIÓN-PEDIATRÍA GENERAL-";"1";"1";"6";"7";"3";"93";"0"
"2023";"01";"120101";"JUNIN";"HUANCAYO";"HUANCAYO";"GOBIERNO REGIONAL";"III-E";"00000753";"HOSPITAL REGIONAL DOCENTE CLINICO QUIRURGICO DANIEL ALCIDES CARRION";"241900";"HOSPITALIZACIÓN DE MEDICINA MEDICINA INTERNA ";"73";"83";"1052";"1284";"42";"1302";"13"
"2023";"01";"120101";"JUNIN";"HUANCAYO";"HUANCAYO";"GOBIERNO REGIONAL";"III-E";"00000753";"HOSPITAL REGIONAL DOCENTE CLINICO QUIRURGICO DANIEL ALCIDES CARRION";"242000";"HOSPITALIZACIÓN DE MEDICINA MEDICINA TROPICAL E INFECCIOSAS ";"43";"26";"290";"439";"21";"651";"3"
"2023";"01";"120101";"JUNIN";"HUANCAYO";"HUANCAYO";"GOBIERNO REGIONAL";"III-E";"00000753";"HOSPITAL REGIONAL DOCENTE CLINICO QUIRURGICO DANIEL ALCIDES CARRION";"244000";"HOSPITALIZACIÓN DE MEDICINA CARDIOLOGIA ";"30";"29";"160";"181";"6";"186";"0"
"2023";"01";"120101";"JUNIN";"HUANCAYO";"HUANCAYO";"GOBIERNO REGIONAL";"III-E";"00000753";"HOSPITAL REGIONAL DOCENTE CLINICO QUIRURGICO DANIEL ALCIDES CARRION";"244200";"HOSPITALIZACIÓN DE MEDICINA ENDOCRINOLOGIA ";"18";"17";"95";"106";"4";"124";"1"
"2023";"01";"120101";"JUNIN";"HUANCAYO";"HUANCAYO";"GOBIERNO REGIONAL";"III-E";"00000753";"HOSPITAL REGIONAL DOCENTE CLINICO QUIRURGICO DANIEL ALCIDES CARRION";"244300";"HOSPITALIZACIÓN DE MEDICINA GASTROENTEROLOGÍA  ";"37";"35";"336";"218";"8";"248";"4"
"2023";"01";"120101";"JUNIN";"HUANCAYO";"HUANCAYO";"GOBIERNO REGIONAL";"III-E";"00000753";"HOSPITAL REGIONAL DOCENTE CLINICO QUIRURGICO DANIEL ALCIDES CARRION";"244400";"HOSPITALIZACIÓN DE MEDICINA GERIATRIA ";"19";"18";"185";"112";"4";"124";"3"
"2023";"01";"120101";"JUNIN";"HUANCAYO";"HUANCAYO";"GOBIERNO REGIONAL";"III-E";"00000753";"HOSPITAL REGIONAL DOCENTE CLINICO QUIRURGICO DANIEL ALCIDES CARRION";"245300";"HOSPITALIZACIÓN DE MEDICINA NEUMOLOGÍA  ";"29";"28";"317";"332";"11";"341";"5"
"2023";"01";"120101";"JUNIN";"HUANCAYO";"HUANCAYO";"GOBIERNO REGIONAL";"III-E";"00000753";"HOSPITAL REGIONAL DOCENTE CLINICO QUIRURGICO DANIEL ALCIDES CARRION";"240100";"HOSPITALIZACIÓN QUIRÚRGICA CIRUGÍA GENERAL ";"178";"180";"966";"1062";"35";"1085";"2"
"2023";"01";"120101";"JUNIN";"HUANCAYO";"HUANCAYO";"GOBIERNO REGIONAL";"III-E";"00000753";"HOSPITAL REGIONAL DOCENTE CLINICO QUIRURGICO DANIEL ALCIDES CARRION";"240200";"HOSPITALIZACIÓN QUIRÚRGICA CIRUGÍA DE CABEZA Y CUELLO / MÁXILO FACIAL ";"16";"15";"83";"188";"7";"217";"0"
"2023";"01";"120101";"JUNIN";"HUANCAYO";"HUANCAYO";"GOBIERNO REGIONAL";"III-E";"00000753";"HOSPITAL REGIONAL DOCENTE CLINICO QUIRURGICO DANIEL ALCIDES CARRION";"240600";"HOSPITALIZACIÓN QUIRÚRGICA CIRUGÍA OFTALMOLÓGICA ";"1";"1";"4";"13";"1";"31";"0"
"2023";"01";"120101";"JUNIN";"HUANCAYO";"HUANCAYO";"GOBIERNO REGIONAL";"III-E";"00000753";"HOSPITAL REGIONAL DOCENTE CLINICO QUIRURGICO DANIEL ALCIDES CARRION";"240800";"HOSPITALIZACIÓN QUIRÚRGICA CIRUGÍA PLÁSTICA/RECONSTRUCTIVA/ REPARADORA ";"8";"7";"190";"88";"3";"93";"0"
"2023";"01";"120101";"JUNIN";"HUANCAYO";"HUANCAYO";"GOBIERNO REGIONAL";"III-E";"00000753";"HOSPITAL REGIONAL DOCENTE CLINICO QUIRURGICO DANIEL ALCIDES CARRION";"240900";"HOSPITALIZACIÓN QUIRÚRGICA NEUROCIRUGÍA ";"44";"42";"539";"526";"18";"558";"2"
"2023";"01";"120101";"JUNIN";"HUANCAYO";"HUANCAYO";"GOBIERNO REGIONAL";"III-E";"00000753";"HOSPITAL REGIONAL DOCENTE CLINICO QUIRURGICO DANIEL ALCIDES CARRION";"241100";"HOSPITALIZACIÓN QUIRÚRGICA OTORRINOLARINGOLOGÍA  ";"2";"2";"4";"25";"1";"31";"0"
"2023";"01";"120101";"JUNIN";"HUANCAYO";"HUANCAYO";"GOBIERNO REGIONAL";"III-E";"00000753";"HOSPITAL REGIONAL DOCENTE CLINICO QUIRURGICO DANIEL ALCIDES CARRION";"241200";"HOSPITALIZACIÓN QUIRÚRGICA TRAUMATOLOGÍA Y ORTOPEDIA ";"62";"67";"1078";"865";"28";"868";"3"
"2023";"01";"120101";"JUNIN";"HUANCAYO";"HUANCAYO";"GOBIERNO REGIONAL";"III-E";"00000753";"HOSPITAL REGIONAL DOCENTE CLINICO QUIRURGICO DANIEL ALCIDES CARRION";"241300";"HOSPITALIZACIÓN QUIRÚRGICA UROLOGÍA  ";"5";"5";"42";"63";"3";"93";"0"
"2023";"01";"080106";"CUSCO";"CUSCO";"SANTIAGO";"GOBIERNO REGIONAL";"III-1";"00002305";"ANTONIO LORENA DEL CUSCO";"250100";"UNIDAD DE CUIDADOS CRITICOS UNIDAD  DE CUIDADOS INTENSIVOS GENERALES (UCI) ";"26";"21";"153";"173";"9";"279";"2"
"2023";"01";"080106";"CUSCO";"CUSCO";"SANTIAGO";"GOBIERNO REGIONAL";"III-1";"00002305";"ANTONIO LORENA DEL CUSCO";"250200";"UNIDAD DE CUIDADOS CRITICOS UNIDAD DE CUIDADOS INTERMEDIOS GENERAL  (UCIN) ";"26";"18";"177";"237";"10";"310";"1"
"2023";"01";"080106";"CUSCO";"CUSCO";"SANTIAGO";"GOBIERNO REGIONAL";"III-1";"00002305";"ANTONIO LORENA DEL CUSCO";"240100";"HOSPITALIZACIÓN QUIRÚRGICA CIRUGÍA GENERAL ";"180";"156";"681";"635";"32";"992";"1"
"2023";"01";"080106";"CUSCO";"CUSCO";"SANTIAGO";"GOBIERNO REGIONAL";"III-1";"00002305";"ANTONIO LORENA DEL CUSCO";"240900";"HOSPITALIZACIÓN QUIRÚRGICA NEUROCIRUGÍA ";"34";"31";"254";"240";"10";"310";"0"
"2023";"01";"080106";"CUSCO";"CUSCO";"SANTIAGO";"GOBIERNO REGIONAL";"III-1";"00002305";"ANTONIO LORENA DEL CUSCO";"241200";"HOSPITALIZACIÓN QUIRÚRGICA TRAUMATOLOGÍA Y ORTOPEDIA ";"52";"43";"272";"264";"10";"310";"1"
"2023";"01";"080106";"CUSCO";"CUSCO";"SANTIAGO";"GOBIERNO REGIONAL";"III-1";"00002305";"ANTONIO LORENA DEL CUSCO";"244000";"HOSPITALIZACIÓN DE MEDICINA CARDIOLOGIA ";"24";"19";"184";"203";"10";"310";"2"
"2023";"01";"080106";"CUSCO";"CUSCO";"SANTIAGO";"GOBIERNO REGIONAL";"III-1";"00002305";"ANTONIO LORENA DEL CUSCO";"241900";"HOSPITALIZACIÓN DE MEDICINA MEDICINA INTERNA ";"128";"106";"673";"750";"35";"1085";"14"
"2023";"01";"080106";"CUSCO";"CUSCO";"SANTIAGO";"GOBIERNO REGIONAL";"III-1";"00002305";"ANTONIO LORENA DEL CUSCO";"242204";"HOSPITALIZACIÓN DE MEDICINA PSIQUIATRÍA REHABILITACIÓN PSIQUIÁTRICA / REINSERCIÓN ";"18";"8";"191";"229";"10";"310";"0"
"2023";"01";"080106";"CUSCO";"CUSCO";"SANTIAGO";"GOBIERNO REGIONAL";"III-1";"00002305";"ANTONIO LORENA DEL CUSCO";"242000";"HOSPITALIZACIÓN DE MEDICINA MEDICINA TROPICAL E INFECCIOSAS ";"13";"9";"187";"169";"8";"248";"1"
"2023";"01";"080106";"CUSCO";"CUSCO";"SANTIAGO";"GOBIERNO REGIONAL";"III-1";"00002305";"ANTONIO LORENA DEL CUSCO";"242100";"HOSPITALIZACIÓN DE MEDICINA ONCOLOGÍA MÉDICA ";"1";"1";"4";"4";"5";"155";"0"
"2023";"01";"080106";"CUSCO";"CUSCO";"SANTIAGO";"GOBIERNO REGIONAL";"III-1";"00002305";"ANTONIO LORENA DEL CUSCO";"241000";"HOSPITALIZACIÓN QUIRÚRGICA ONCOLOGÍA QUIRÚRGICA  ";"25";"19";"145";"150";"7";"217";"0"
"2023";"01";"080106";"CUSCO";"CUSCO";"SANTIAGO";"GOBIERNO REGIONAL";"III-1";"00002305";"ANTONIO LORENA DEL CUSCO";"241500";"HOSPITALIZACIÓN QUIRÚRGICA GINECOLOGÍA  ";"93";"83";"217";"255";"10";"310";"0"
"2023";"01";"080106";"CUSCO";"CUSCO";"SANTIAGO";"GOBIERNO REGIONAL";"III-1";"00002305";"ANTONIO LORENA DEL CUSCO";"241400";"HOSPITALIZACIÓN QUIRÚRGICA GINECO - OBSTETRICIA ";"194";"174";"500";"514";"22";"682";"0"
"2023";"01";"080106";"CUSCO";"CUSCO";"SANTIAGO";"GOBIERNO REGIONAL";"III-1";"00002305";"ANTONIO LORENA DEL CUSCO";"242300";"HOSPITALIZACIÓN DE PEDIATRÍA  PEDIATRÍA  GENERAL ";"39";"29";"207";"272";"14";"434";"2"
"2023";"01";"080106";"CUSCO";"CUSCO";"SANTIAGO";"GOBIERNO REGIONAL";"III-1";"00002305";"ANTONIO LORENA DEL CUSCO";"243200";"HOSPITALIZACIÓN DE PEDIATRÍA PEDIATRIA NEONATOLOGÍA";"69";"57";"414";"420";"17";"527";"0"
"2023";"01";"080106";"CUSCO";"CUSCO";"SANTIAGO";"GOBIERNO REGIONAL";"III-1";"00002305";"ANTONIO LORENA DEL CUSCO";"250105";"UNIDAD DE CUIDADOS CRITICOS UNIDAD  DE CUIDADOS INTENSIVOS  (UCI) NEONATOLOGÍA";"23";"18";"188";"202";"8";"248";"2"
"2023";"01";"080106";"CUSCO";"CUSCO";"SANTIAGO";"GOBIERNO REGIONAL";"III-1";"00002305";"ANTONIO LORENA DEL CUSCO";"243600";"HOSPITALIZACIÓN DE PEDIATRÍA PEDIATRIA ONCOLOGÍA PEDIÁTRICA";"12";"7";"407";"120";"9";"279";"0"
"2023";"01";"150101";"LIMA";"LIMA";"LIMA";"PRIVADO";"II-E";"00026473";"OBRA DE SAN CAMILO";"240000";"HOSPITALIZACIÓN";"86";"87";"230";"87";"10";"25";"0"
"2023";"01";"150101";"LIMA";"LIMA";"LIMA";"PRIVADO";"II-E";"00026473";"OBRA DE SAN CAMILO";"240100";"HOSPITALIZACIÓN QUIRÚRGICA CIRUGÍA GENERAL ";"1";"1";"3";"1";"10";"25";"0"
"2023";"01";"060802";"CAJAMARCA";"JAEN";"BELLAVISTA";"GOBIERNO REGIONAL";"I-3";"00004225";"AMBATO TAMBORAPA";"NE_0001";"";"NE_0001";"NE_0001";"NE_0001";"NE_0001";"NE_0001";"NE_0001";"NE_0001"
"2023";"01";"150117";"LIMA";"LIMA";"LOS OLIVOS";"PRIVADO";"II-E";"00026936";"CLINICA AVIVA SEDE LOS OLIVOS";"240000";"HOSPITALIZACIÓN";"279";"260";"575";"279";"22";"682";"0"
"2023";"01";"150130";"LIMA";"LIMA";"SAN BORJA";"PRIVADO";"II-E";"00011056";"OFTALMIC SERVICE SAC";"NE_0001";"";"NE_0001";"NE_0001";"NE_0001";"NE_0001";"NE_0001";"NE_0001";"NE_0001"
"2023";"01";"080805";"CUSCO";"ESPINAR";"PALLPATA";"GOBIERNO REGIONAL";"I-3";"00002416";"PALLPATA";"NE_0001";"";"NE_0001";"NE_0001";"NE_0001";"NE_0001";"NE_0001";"NE_0001";"NE_0001"
"2023";"01";"080803";"CUSCO";"ESPINAR";"COPORAQUE";"GOBIERNO REGIONAL";"I-2";"00002412";"COPORAQUE";"NE_0001";"";"NE_0001";"NE_0001";"NE_0001";"NE_0001";"NE_0001";"NE_0001";"NE_0001"
"2023";"01";"080808";"CUSCO";"ESPINAR";"ALTO PICHIGUA";"GOBIERNO REGIONAL";"I-2";"00002420";"ACCOCUNCA";"NE_0001";"";"NE_0001";"NE_0001";"NE_0001";"NE_0001";"NE_0001";"NE_0001";"NE_0001"
"2023";"01";"080801";"CUSCO";"ESPINAR";"ESPINAR";"GOBIERNO REGIONAL";"I-1";"00006745";"TINTAYA MARQUIRI";"NE_0001";"";"NE_0001";"NE_0001";"NE_0001";"NE_0001";"NE_0001";"NE_0001";"NE_0001"
"2023";"01";"080801";"CUSCO";"ESPINAR";"ESPINAR";"GOBIERNO REGIONAL";"I-4";"00002410";"YAURI";"NE_0001";"";"NE_0001";"NE_0001";"NE_0001";"NE_0001";"NE_0001";"NE_0001";"NE_0001"
"2023";"01";"080806";"CUSCO";"ESPINAR";"PICHIGUA";"GOBIERNO REGIONAL";"I-1";"00002418";"SAN MIGUEL";"NE_0001";"";"NE_0001";"NE_0001";"NE_0001";"NE_0001";"NE_0001";"NE_0001";"NE_0001"
"2023";"01";"080804";"CUSCO";"ESPINAR";"OCORURO";"GOBIERNO REGIONAL";"I-2";"00002415";"OCCORURO";"NE_0001";"";"NE_0001";"NE_0001";"NE_0001";"NE_0001";"NE_0001";"NE_0001";"NE_0001"
"2023";"01";"080806";"CUSCO";"ESPINAR";"PICHIGUA";"GOBIERNO REGIONAL";"I-2";"00002417";"PICHIGUA ESPINAR";"NE_0001";"";"NE_0001";"NE_0001";"NE_0001";"NE_0001";"NE_0001";"NE_0001";"NE_0001"
"2023";"01";"080802";"CUSCO";"ESPINAR";"CONDOROMA";"GOBIERNO REGIONAL";"I-1";"00002411";"CONDOROMA";"NE_0001";"";"NE_0001";"NE_0001";"NE_0001";"NE_0001";"NE_0001";"NE_0001";"NE_0001"
"2023";"01";"080807";"CUSCO";"ESPINAR";"SUYCKUTAMBO";"GOBIERNO REGIONAL";"I-2";"00002419";"SUYKUTAMBO";"NE_0001";"";"NE_0001";"NE_0001";"NE_0001";"NE_0001";"NE_0001";"NE_0001";"NE_0001"
"2023";"01";"080803";"CUSCO";"ESPINAR";"COPORAQUE";"GOBIERNO REGIONAL";"I-2";"00002413";"URINSAYA";"NE_0001";"";"NE_0001";"NE_0001";"NE_0001";"NE_0001";"NE_0001";"NE_0001";"NE_0001"
"2023";"01";"080803";"CUSCO";"ESPINAR";"COPORAQUE";"GOBIERNO REGIONAL";"I-2";"00002414";"HUAYHUAHUASI";"NE_0001";"";"NE_0001";"NE_0001";"NE_0001";"NE_0001";"NE_0001";"NE_0001";"NE_0001"
"2023";"02";"080207";"CUSCO";"ACOMAYO";"SANGARARA";"GOBIERNO REGIONAL";"I-2";"00002325";"PUESTO DE SALUD MARCACONGA";"NE_0002";"";"NE_0002";"NE_0002";"NE_0002";"NE_0002";"NE_0002";"NE_0002";"NE_0002"
"2023";"02";"080201";"CUSCO";"ACOMAYO";"ACOMAYO";"GOBIERNO REGIONAL";"I-4";"00002317";"ACOMAYO";"NE_0002";"";"NE_0002";"NE_0002";"NE_0002";"NE_0002";"NE_0002";"NE_0002";"NE_0002"
"2023";"02";"080202";"CUSCO";"ACOMAYO";"ACOPIA";"GOBIERNO REGIONAL";"I-1";"00002318";"ACOPIA";"NE_0002";"";"NE_0002";"NE_0002";"NE_0002";"NE_0002";"NE_0002";"NE_0002";"NE_0002"
"2023";"02";"080205";"CUSCO";"ACOMAYO";"POMACANCHI";"GOBIERNO REGIONAL";"I-4";"00002321";"POMACANCHI";"NE_0002";"";"NE_0002";"NE_0002";"NE_0002";"NE_0002";"NE_0002";"NE_0002";"NE_0002"
"2023";"02";"080205";"CUSCO";"ACOMAYO";"POMACANCHI";"GOBIERNO REGIONAL";"I-1";"00002322";"SAN JUAN DE POMACANCHI";"NE_0002";"";"NE_0002";"NE_0002";"NE_0002";"NE_0002";"NE_0002";"NE_0002";"NE_0002"
"2023";"02";"080203";"CUSCO";"ACOMAYO";"ACOS";"GOBIERNO REGIONAL";"I-1";"00002319";"ACOS";"NE_0002";"";"NE_0002";"NE_0002";"NE_0002";"NE_0002";"NE_0002";"NE_0002";"NE_0002"
"2023";"02";"080205";"CUSCO";"ACOMAYO";"POMACANCHI";"GOBIERNO REGIONAL";"I-1";"00012926";"SANTA LUCIA";"NE_0002";"";"NE_0002";"NE_0002";"NE_0002";"NE_0002";"NE_0002";"NE_0002";"NE_0002"
"2023";"02";"080207";"CUSCO";"ACOMAYO";"SANGARARA";"GOBIERNO REGIONAL";"I-1";"00002324";"PUESTO DE SALUD SANGARARA";"NE_0002";"";"NE_0002";"NE_0002";"NE_0002";"NE_0002";"NE_0002";"NE_0002";"NE_0002"
"2023";"02";"081008";"CUSCO";"PARURO";"PILLPINTO";"GOBIERNO REGIONAL";"I-1";"00002508";"PILLPINTO";"NE_0002";"";"NE_0002";"NE_0002";"NE_0002";"NE_0002";"NE_0002";"NE_0002";"NE_0002"
"2023";"02";"120602";"JUNIN";"SATIPO";"COVIRIALI";"GOBIERNO REGIONAL";"I-1";"00000488";"SAN ANDRES";"NE_0001";"";"NE_0001";"NE_0001";"NE_0001";"NE_0001";"NE_0001";"NE_0001";"NE_0001"
"2023";"02";"120605";"JUNIN";"SATIPO";"PAMPA HERMOSA";"GOBIERNO REGIONAL";"I-1";"00007185";"PAMPA MANDARINA";"NE_0001";"";"NE_0001";"NE_0001";"NE_0001";"NE_0001";"NE_0001";"NE_0001";"NE_0001"
"2023";"02";"120602";"JUNIN";"SATIPO";"COVIRIALI";"GOBIERNO REGIONAL";"I-2";"00000486";"SAN PEDRO";"NE_0001";"";"NE_0001";"NE_0001";"NE_0001";"NE_0001";"NE_0001";"NE_0001";"NE_0001"
"2023";"02";"120605";"JUNIN";"SATIPO";"PAMPA HERMOSA";"GOBIERNO REGIONAL";"I-2";"00000493";"MARIPOSA";"NE_0001";"";"NE_0001";"NE_0001";"NE_0001";"NE_0001";"NE_0001";"NE_0001";"NE_0001"
"2023";"02";"120602";"JUNIN";"SATIPO";"COVIRIALI";"GOBIERNO REGIONAL";"I-3";"00000485";"COVIRIALI";"NE_0001";"";"NE_0001";"NE_0001";"NE_0001";"NE_0001";"NE_0001";"NE_0001";"NE_0001"
"2023";"02";"120605";"JUNIN";"SATIPO";"PAMPA HERMOSA";"GOBIERNO REGIONAL";"I-2";"00006876";"TOLDOPAMPA";"NE_0001";"";"NE_0001";"NE_0001";"NE_0001";"NE_0001";"NE_0001";"NE_0001";"NE_0001"
"2023";"02";"120605";"JUNIN";"SATIPO";"PAMPA HERMOSA";"GOBIERNO REGIONAL";"I-2";"00000494";"APALLA CALABAZA";"NE_0001";"";"NE_0001";"NE_0001";"NE_0001";"NE_0001";"NE_0001";"NE_0001";"NE_0001"
"2023";"01";"120704";"JUNIN";"TARMA";"HUASAHUASI";"GOBIERNO REGIONAL";"I-4";"00000542";"HUASAHUASI";"241600";"HOSPITALIZACIÓN QUIRÚRGICA OBSTETRICIA   ";"12";"12";"12";"12";"12";"372";"0"
"2023";"01";"120704";"JUNIN";"TARMA";"HUASAHUASI";"GOBIERNO REGIONAL";"I-1";"00000546";"SAN JUAN DE LA LIBERTAD";"NE_0001";"";"NE_0001";"NE_0001";"NE_0001";"NE_0001";"NE_0001";"NE_0001";"NE_0001"
"2023";"01";"100801";"HUANUCO";"PACHITEA";"PANAO";"ESSALUD";"I-2";"00009958";"POSTA MEDICA PANAO";"NE_0001";"";"NE_0001";"NE_0001";"NE_0001";"NE_0001";"NE_0001";"NE_0001";"NE_0001"
"2023";"02";"060812";"CAJAMARCA";"JAEN";"SANTA ROSA";"GOBIERNO REGIONAL";"I-3";"00004262";"PUENTECILLOS";"NE_0001";"";"NE_0001";"NE_0001";"NE_0001";"NE_0001";"NE_0001";"NE_0001";"NE_0001"
"2023";"02";"150136";"LIMA";"LIMA";"SAN MIGUEL";"SANIDAD DE LA POLICIA NACIONAL DEL PERU";"II-E";"00014718";"HOSPITAL GERIATRICO PNP SAN JOSE";"244400";"HOSPITALIZACIÓN DE MEDICINA GERIATRIA ";"31";"33";"368";"429";"21";"588";"8"
"2023";"02";"050904";"AYACUCHO";"SUCRE";"CHILCAYOC";"GOBIERNO REGIONAL";"I-2";"00003805";"PUESTO DE SALUD CHILCAYOCC";"NE_0001";"";"NE_0001";"NE_0001";"NE_0001";"NE_0001";"NE_0001";"NE_0001";"NE_0001"
"2023";"02";"050909";"AYACUCHO";"SUCRE";"SAN SALVADOR DE QUIJE";"GOBIERNO REGIONAL";"I-1";"00003806";"PUESTO DE SALUD SAN SALVADOR DE QUIJE";"NE_0001";"";"NE_0001";"NE_0001";"NE_0001";"NE_0001";"NE_0001";"NE_0001";"NE_0001"
"2023";"02";"050907";"AYACUCHO";"SUCRE";"PAICO";"GOBIERNO REGIONAL";"I-1";"00003813";"PUESTO DE SALUD PAICO";"NE_0001";"";"NE_0001";"NE_0001";"NE_0001";"NE_0001";"NE_0001";"NE_0001";"NE_0001"
"2023";"02";"050905";"AYACUCHO";"SUCRE";"HUACAÑA";"GOBIERNO REGIONAL";"I-1";"00003719";"PUESTO DE SALUD HUACAÑA";"NE_0001";"";"NE_0001";"NE_0001";"NE_0001";"NE_0001";"NE_0001";"NE_0001";"NE_0001"
"2023";"02";"050901";"AYACUCHO";"SUCRE";"QUEROBAMBA";"GOBIERNO REGIONAL";"I-1";"00003802";"PUESTO DE SALUD POTONGO";"NE_0001";"";"NE_0001";"NE_0001";"NE_0001";"NE_0001";"NE_0001";"NE_0001";"NE_0001"
"2023";"02";"050910";"AYACUCHO";"SUCRE";"SANTIAGO DE PAUCARAY";"GOBIERNO REGIONAL";"I-1";"00007096";"PUESTO DE SALUD AUTAMA";"NE_0001";"";"NE_0001";"NE_0001";"NE_0001";"NE_0001";"NE_0001";"NE_0001";"NE_0001"
"2023";"02";"050906";"AYACUCHO";"SUCRE";"MORCOLLA";"GOBIERNO REGIONAL";"I-1";"00003812";"PUESTO DE SALUD HUACO";"NE_0001";"";"NE_0001";"NE_0001";"NE_0001";"NE_0001";"NE_0001";"NE_0001";"NE_0001"
"2023";"02";"050901";"AYACUCHO";"SUCRE";"QUEROBAMBA";"GOBIERNO REGIONAL";"I-1";"00003809";"PUESTO DE SALUD CHONTA";"NE_0001";"";"NE_0001";"NE_0001";"NE_0001";"NE_0001";"NE_0001";"NE_0001";"NE_0001"
"2023";"02";"050906";"AYACUCHO";"SUCRE";"MORCOLLA";"GOBIERNO REGIONAL";"I-1";"00003810";"PUESTO DE SALUD MORCOLLA";"NE_0001";"";"NE_0001";"NE_0001";"NE_0001";"NE_0001";"NE_0001";"NE_0001";"NE_0001"
"2023";"02";"050906";"AYACUCHO";"SUCRE";"MORCOLLA";"GOBIERNO REGIONAL";"I-1";"00003811";"PUESTO DE SALUD TINTAY";"NE_0001";"";"NE_0001";"NE_0001";"NE_0001";"NE_0001";"NE_0001";"NE_0001";"NE_0001"
"2023";"02";"050907";"AYACUCHO";"SUCRE";"PAICO";"GOBIERNO REGIONAL";"I-1";"00003814";"PUESTO DE SALUD SIHUE";"NE_0001";"";"NE_0001";"NE_0001";"NE_0001";"NE_0001";"NE_0001";"NE_0001";"NE_0001"
"2023";"02";"050910";"AYACUCHO";"SUCRE";"SANTIAGO DE PAUCARAY";"GOBIERNO REGIONAL";"I-1";"00003816";"PUESTO DE SALUD SANTIAGO DE PAUCARAY";"NE_0001";"";"NE_0001";"NE_0001";"NE_0001";"NE_0001";"NE_0001";"NE_0001";"NE_0001"
"2023";"02";"050911";"AYACUCHO";"SUCRE";"SORAS";"GOBIERNO REGIONAL";"I-3";"00003818";"CENTRO DE SALUD SORAS";"NE_0002";"";"NE_0002";"NE_0002";"NE_0002";"NE_0002";"NE_0002";"NE_0002";"NE_0002"
"2023";"02";"050902";"AYACUCHO";"SUCRE";"BELEN";"GOBIERNO REGIONAL";"I-1";"00003803";"PUESTO DE SALUD BELEN";"NE_0001";"";"NE_0001";"NE_0001";"NE_0001";"NE_0001";"NE_0001";"NE_0001";"NE_0001"
"2023";"02";"050909";"AYACUCHO";"SUCRE";"SAN SALVADOR DE QUIJE";"GOBIERNO REGIONAL";"I-1";"00003807";"PUESTO DE SALUD SANTIAGO DE PALLCCA";"NE_0001";"";"NE_0001";"NE_0001";"NE_0001";"NE_0001";"NE_0001";"NE_0001";"NE_0001"
"2023";"02";"050903";"AYACUCHO";"SUCRE";"CHALCOS";"GOBIERNO REGIONAL";"I-1";"00003804";"PUESTO DE SALUD CHALCOS";"NE_0001";"";"NE_0001";"NE_0001";"NE_0001";"NE_0001";"NE_0001";"NE_0001";"NE_0001"
"2023";"02";"050908";"AYACUCHO";"SUCRE";"SAN PEDRO DE LARCAY";"GOBIERNO REGIONAL";"I-2";"00003815";"SAN PEDRO DE LARCAY";"NE_0001";"";"NE_0001";"NE_0001";"NE_0001";"NE_0001";"NE_0001";"NE_0001";"NE_0001"
"2023";"02";"050910";"AYACUCHO";"SUCRE";"SANTIAGO DE PAUCARAY";"GOBIERNO REGIONAL";"I-1";"00003817";"PUESTO DE SALUD ATIHUARA";"NE_0001";"";"NE_0001";"NE_0001";"NE_0001";"NE_0001";"NE_0001";"NE_0001";"NE_0001"
"2023";"02";"050909";"AYACUCHO";"SUCRE";"SAN SALVADOR DE QUIJE";"GOBIERNO REGIONAL";"I-1";"00006900";"PUESTO DE SALUD VISTA ALEGRE - SUCRE";"NE_0001";"";"NE_0001";"NE_0001";"NE_0001";"NE_0001";"NE_0001";"NE_0001";"NE_0001"
"2023";"02";"120101";"JUNIN";"HUANCAYO";"HUANCAYO";"ESSALUD";"I-3";"00012190";"CAP III MANTARO";"NE_0001";"";"NE_0001";"NE_0001";"NE_0001";"NE_0001";"NE_0001";"NE_0001";"NE_0001"
"2023";"02";"190109";"PASCO";"PASCO";"SIMON BOLIVAR";"ESSALUD";"II-2";"00009747";"HOSPITAL II PASCO";"241800";"HOSPITALIZACIÓN DE MEDICINA MEDICINA GENERAL ";"46";"46";"200";"209";"12";"336";"1"
"2023";"02";"190109";"PASCO";"PASCO";"SIMON BOLIVAR";"ESSALUD";"II-2";"00009747";"HOSPITAL II PASCO";"250100";"UNIDAD DE CUIDADOS CRITICOS UNIDAD  DE CUIDADOS INTENSIVOS GENERALES (UCI) ";"4";"4";"27";"33";"3";"84";"0"
"2023";"02";"190109";"PASCO";"PASCO";"SIMON BOLIVAR";"ESSALUD";"II-2";"00009747";"HOSPITAL II PASCO";"240100";"HOSPITALIZACIÓN QUIRÚRGICA CIRUGÍA GENERAL ";"72";"72";"404";"400";"15";"420";"0"
"2023";"02";"190109";"PASCO";"PASCO";"SIMON BOLIVAR";"ESSALUD";"II-2";"00009747";"HOSPITAL II PASCO";"241400";"HOSPITALIZACIÓN QUIRÚRGICA GINECO - OBSTETRICIA ";"55";"55";"112";"116";"8";"224";"0"
"2023";"02";"190109";"PASCO";"PASCO";"SIMON BOLIVAR";"ESSALUD";"II-2";"00009747";"HOSPITAL II PASCO";"242300";"HOSPITALIZACIÓN DE PEDIATRÍA  PEDIATRÍA  GENERAL ";"45";"45";"105";"131";"7";"196";"0"
"2023";"02";"190109";"PASCO";"PASCO";"SIMON BOLIVAR";"ESSALUD";"II-2";"00009747";"HOSPITAL II PASCO";"243200";"HOSPITALIZACIÓN DE PEDIATRÍA PEDIATRIA NEONATOLOGÍA";"51";"51";"127";"144";"12";"336";"0"
"2023";"02";"200601";"PIURA";"SULLANA";"SULLANA";"PRIVADO";"II-1";"00012262";"CLÍNICA SANTA ROSA";"240000";"HOSPITALIZACIÓN";"161";"142";"2135";"2293";"33";"924";"0"
"2023";"03";"120609";"JUNIN";"SATIPO";"VIZCATAN DEL ENE";"GOBIERNO REGIONAL";"I-1";"00000510";"FLORIDA";"NE_0001";"";"NE_0001";"NE_0001";"NE_0001";"NE_0001";"NE_0001";"NE_0001";"NE_0001"
"2023";"03";"120608";"JUNIN";"SATIPO";"RIO TAMBO";"GOBIERNO REGIONAL";"I-1";"00000514";"FE Y ALEGRIA LA PRIMAVERA";"NE_0001";"";"NE_0001";"NE_0001";"NE_0001";"NE_0001";"NE_0001";"NE_0001";"NE_0001"
"2023";"03";"120608";"JUNIN";"SATIPO";"RIO TAMBO";"GOBIERNO REGIONAL";"I-3";"00000517";"VALLE ESMERALDA";"NE_0001";"";"NE_0001";"NE_0001";"NE_0001";"NE_0001";"NE_0001";"NE_0001";"NE_0001"
"2023";"03";"120606";"JUNIN";"SATIPO";"PANGOA";"GOBIERNO REGIONAL";"I-1";"00000468";"MICAELA BASTIDAS MORALES";"NE_0001";"";"NE_0001";"NE_0001";"NE_0001";"NE_0001";"NE_0001";"NE_0001";"NE_0001"
"2023";"03";"120609";"JUNIN";"SATIPO";"VIZCATAN DEL ENE";"GOBIERNO REGIONAL";"I-1";"00000512";"TUNONTUARI RIO ENE";"NE_0001";"";"NE_0001";"NE_0001";"NE_0001";"NE_0001";"NE_0001";"NE_0001";"NE_0001"
"2023";"03";"120609";"JUNIN";"SATIPO";"VIZCATAN DEL ENE";"GOBIERNO REGIONAL";"I-2";"00000507";"BOCA MANTARO";"NE_0001";"";"NE_0001";"NE_0001";"NE_0001";"NE_0001";"NE_0001";"NE_0001";"NE_0001"
"2023";"03";"120609";"JUNIN";"SATIPO";"VIZCATAN DEL ENE";"GOBIERNO REGIONAL";"I-1";"00000511";"SAN JUAN DE MANTARO";"NE_0001";"";"NE_0001";"NE_0001";"NE_0001";"NE_0001";"NE_0001";"NE_0001";"NE_0001"
"2023";"03";"120608";"JUNIN";"SATIPO";"RIO TAMBO";"GOBIERNO REGIONAL";"I-1";"00000513";"QUEMPIRI";"NE_0001";"";"NE_0001";"NE_0001";"NE_0001";"NE_0001";"NE_0001";"NE_0001";"NE_0001"
"2023";"03";"120608";"JUNIN";"SATIPO";"RIO TAMBO";"GOBIERNO REGIONAL";"I-2";"00000471";"CUTIVIRENI";"NE_0001";"";"NE_0001";"NE_0001";"NE_0001";"NE_0001";"NE_0001";"NE_0001";"NE_0001"
"2023";"03";"120609";"JUNIN";"SATIPO";"VIZCATAN DEL ENE";"GOBIERNO REGIONAL";"I-1";"00000509";"SAN MIGUEL DE ENE SHINPINSHARIATO";"NE_0001";"";"NE_0001";"NE_0001";"NE_0001";"NE_0001";"NE_0001";"NE_0001";"NE_0001"
"2023";"03";"120608";"JUNIN";"SATIPO";"RIO TAMBO";"GOBIERNO REGIONAL";"I-2";"00000515";"YAVIRO";"NE_0001";"";"NE_0001";"NE_0001";"NE_0001";"NE_0001";"NE_0001";"NE_0001";"NE_0001"
"2023";"03";"120608";"JUNIN";"SATIPO";"RIO TAMBO";"GOBIERNO REGIONAL";"I-1";"00015914";"SELVA DE ORO";"NE_0001";"";"NE_0001";"NE_0001";"NE_0001";"NE_0001";"NE_0001";"NE_0001";"NE_0001"
"2023";"03";"040110";"AREQUIPA";"AREQUIPA";"MIRAFLORES";"GOBIERNO REGIONAL";"I-3";"00032056";"CENTRO DE SALUD MENTAL COMUNITARIO MIRAFLORES";"NE_0001";"";"NE_0001";"NE_0001";"NE_0001";"NE_0001";"NE_0001";"NE_0001";"NE_0001"
"2023";"03";"040110";"AREQUIPA";"AREQUIPA";"MIRAFLORES";"GOBIERNO REGIONAL";"I-3";"00001293";"CENTRO DE SALUD MIRAFLORES";"NE_0001";"";"NE_0001";"NE_0001";"NE_0001";"NE_0001";"NE_0001";"NE_0001";"NE_0001"
"2023";"03";"040110";"AREQUIPA";"AREQUIPA";"MIRAFLORES";"GOBIERNO REGIONAL";"I-3";"00001307";"CENTRO DE SALUD MATEO PUMACAHUA";"NE_0001";"";"NE_0001";"NE_0001";"NE_0001";"NE_0001";"NE_0001";"NE_0001";"NE_0001"
"2023";"03";"040110";"AREQUIPA";"AREQUIPA";"MIRAFLORES";"GOBIERNO REGIONAL";"I-3";"00001306";"CENTRO DE SALUD PORVENIR-MIRAFLORES";"NE_0001";"";"NE_0001";"NE_0001";"NE_0001";"NE_0001";"NE_0001";"NE_0001";"NE_0001"
"2023";"03";"040110";"AREQUIPA";"AREQUIPA";"MIRAFLORES";"GOBIERNO REGIONAL";"I-2";"00001305";"CENTRO DE SALUD TOMASA T. COMDEMAYTA";"NE_0001";"";"NE_0001";"NE_0001";"NE_0001";"NE_0001";"NE_0001";"NE_0001";"NE_0001"
"2023";"03";"040110";"AREQUIPA";"AREQUIPA";"MIRAFLORES";"GOBIERNO REGIONAL";"I-3";"00032056";"CENTRO DE SALUD MENTAL COMUNITARIO MIRAFLORES";"NE_0001";"";"NE_0001";"NE_0001";"NE_0001";"NE_0001";"NE_0001";"NE_0001";"NE_0001"
"2023";"03";"040110";"AREQUIPA";"AREQUIPA";"MIRAFLORES";"GOBIERNO REGIONAL";"I-3";"00001293";"CENTRO DE SALUD MIRAFLORES";"NE_0001";"";"NE_0001";"NE_0001";"NE_0001";"NE_0001";"NE_0001";"NE_0001";"NE_0001"
"2023";"03";"040110";"AREQUIPA";"AREQUIPA";"MIRAFLORES";"GOBIERNO REGIONAL";"I-3";"00001307";"CENTRO DE SALUD MATEO PUMACAHUA";"NE_0001";"";"NE_0001";"NE_0001";"NE_0001";"NE_0001";"NE_0001";"NE_0001";"NE_0001"
"2023";"03";"040110";"AREQUIPA";"AREQUIPA";"MIRAFLORES";"GOBIERNO REGIONAL";"I-3";"00001306";"CENTRO DE SALUD PORVENIR-MIRAFLORES";"NE_0001";"";"NE_0001";"NE_0001";"NE_0001";"NE_0001";"NE_0001";"NE_0001";"NE_0001"
"2023";"03";"040110";"AREQUIPA";"AREQUIPA";"MIRAFLORES";"GOBIERNO REGIONAL";"I-2";"00001305";"CENTRO DE SALUD TOMASA T. COMDEMAYTA";"NE_0001";"";"NE_0001";"NE_0001";"NE_0001";"NE_0001";"NE_0001";"NE_0001";"NE_0001"
"2023";"03";"040110";"AREQUIPA";"AREQUIPA";"MIRAFLORES";"GOBIERNO REGIONAL";"I-4";"00001292";"CENTRO DE SALUD EDIFICADORES MISTI";"241600";"HOSPITALIZACIÓN QUIRÚRGICA OBSTETRICIA   ";"5";"5";"5";"5";"1";"5";"0"
"2023";"03";"040110";"AREQUIPA";"AREQUIPA";"MIRAFLORES";"GOBIERNO REGIONAL";"I-3";"00001293";"CENTRO DE SALUD MIRAFLORES";"NE_0001";"";"NE_0001";"NE_0001";"NE_0001";"NE_0001";"NE_0001";"NE_0001";"NE_0001"
"2023";"03";"040110";"AREQUIPA";"AREQUIPA";"MIRAFLORES";"GOBIERNO REGIONAL";"I-3";"00001307";"CENTRO DE SALUD MATEO PUMACAHUA";"NE_0001";"";"NE_0001";"NE_0001";"NE_0001";"NE_0001";"NE_0001";"NE_0001";"NE_0001"
"2023";"03";"040110";"AREQUIPA";"AREQUIPA";"MIRAFLORES";"GOBIERNO REGIONAL";"I-3";"00001306";"CENTRO DE SALUD PORVENIR-MIRAFLORES";"NE_0001";"";"NE_0001";"NE_0001";"NE_0001";"NE_0001";"NE_0001";"NE_0001";"NE_0001"
"2023";"03";"040110";"AREQUIPA";"AREQUIPA";"MIRAFLORES";"GOBIERNO REGIONAL";"I-2";"00001305";"CENTRO DE SALUD TOMASA T. COMDEMAYTA";"NE_0001";"";"NE_0001";"NE_0001";"NE_0001";"NE_0001";"NE_0001";"NE_0001";"NE_0001"
"2023";"03";"130106";"LA LIBERTAD";"TRUJILLO";"LAREDO";"GOBIERNO REGIONAL";"II-1";"00005231";"HOSPITAL DISTRITAL LAREDO";"241400";"HOSPITALIZACIÓN QUIRÚRGICA GINECO - OBSTETRICIA ";"56";"58";"109";"167";"6";"186";"0"
"2023";"03";"040110";"AREQUIPA";"AREQUIPA";"MIRAFLORES";"GOBIERNO REGIONAL";"I-3";"00032056";"CENTRO DE SALUD MENTAL COMUNITARIO MIRAFLORES";"NE_0001";"";"NE_0001";"NE_0001";"NE_0001";"NE_0001";"NE_0001";"NE_0001";"NE_0001"
"2023";"03";"130106";"LA LIBERTAD";"TRUJILLO";"LAREDO";"GOBIERNO REGIONAL";"II-1";"00005231";"HOSPITAL DISTRITAL LAREDO";"241800";"HOSPITALIZACIÓN DE MEDICINA MEDICINA GENERAL ";"11";"13";"58";"71";"12";"372";"0"
"2023";"03";"130106";"LA LIBERTAD";"TRUJILLO";"LAREDO";"GOBIERNO REGIONAL";"II-1";"00005231";"HOSPITAL DISTRITAL LAREDO";"242500";"HOSPITALIZACIÓN-PEDIATRÍA GENERAL-";"4";"4";"14";"18";"3";"93";"0"
"2023";"03";"160101";"LORETO";"MAYNAS";"IQUITOS";"SANIDAD DE LA FUERZA AEREA DEL PERU";"I-4";"00010605";"HOSPITAL REGIONAL DEL ORIENTE - FAP";"241800";"HOSPITALIZACIÓN DE MEDICINA MEDICINA GENERAL ";"7";"6";"42";"95";"20";"310";"0"
"2023";"03";"220104";"SAN MARTIN";"MOYOBAMBA";"JEPELACIO";"GOBIERNO REGIONAL";"I-1";"00006317";"SAN MATEO";"NE_0001";"";"NE_0001";"NE_0001";"NE_0001";"NE_0001";"NE_0001";"NE_0001";"NE_0001"
"2023";"03";"220101";"SAN MARTIN";"MOYOBAMBA";"MOYOBAMBA";"GOBIERNO REGIONAL";"I-1";"00010110";"LA FLOR DE LA PRIMAVERA";"NE_0001";"";"NE_0001";"NE_0001";"NE_0001";"NE_0001";"NE_0001";"NE_0001";"NE_0001"
"2023";"03";"220101";"SAN MARTIN";"MOYOBAMBA";"MOYOBAMBA";"GOBIERNO REGIONAL";"I-1";"00006707";"CORDILLERA ANDINA";"NE_0001";"";"NE_0001";"NE_0001";"NE_0001";"NE_0001";"NE_0001";"NE_0001";"NE_0001"
"2023";"03";"220101";"SAN MARTIN";"MOYOBAMBA";"MOYOBAMBA";"GOBIERNO REGIONAL";"I-2";"00031276";"LA PRIMAVERA";"NE_0001";"";"NE_0001";"NE_0001";"NE_0001";"NE_0001";"NE_0001";"NE_0001";"NE_0001"
"2023";"03";"220101";"SAN MARTIN";"MOYOBAMBA";"MOYOBAMBA";"GOBIERNO REGIONAL";"I-3";"00006312";"LLUYLLUCUCHA";"NE_0001";"";"NE_0001";"NE_0001";"NE_0001";"NE_0001";"NE_0001";"NE_0001";"NE_0001"
"2023";"03";"220101";"SAN MARTIN";"MOYOBAMBA";"MOYOBAMBA";"GOBIERNO REGIONAL";"I-1";"00006314";"QUILLOALLPA";"NE_0001";"";"NE_0001";"NE_0001";"NE_0001";"NE_0001";"NE_0001";"NE_0001";"NE_0001"
"2023";"03";"220101";"SAN MARTIN";"MOYOBAMBA";"MOYOBAMBA";"GOBIERNO REGIONAL";"I-2";"00006315";"SUGLLAQUIRO";"NE_0001";"";"NE_0001";"NE_0001";"NE_0001";"NE_0001";"NE_0001";"NE_0001";"NE_0001"
"2023";"03";"220101";"SAN MARTIN";"MOYOBAMBA";"MOYOBAMBA";"GOBIERNO REGIONAL";"I-1";"00027097";"EL CONDOR";"NE_0001";"";"NE_0001";"NE_0001";"NE_0001";"NE_0001";"NE_0001";"NE_0001";"NE_0001"
"2023";"03";"150140";"LIMA";"LIMA";"SANTIAGO DE SURCO";"PRIVADO";"II-E";"00013900";"OFTALMOSALUD";"NE_0001";"";"NE_0001";"NE_0001";"NE_0001";"NE_0001";"NE_0001";"NE_0001";"NE_0001"
"2023";"03";"021602";"ANCASH";"POMABAMBA";"HUAYLLAN";"GOBIERNO REGIONAL";"I-1";"00001774";"PUESTO DE SALUD HUAYCHO";"NE_0001";"";"NE_0001";"NE_0001";"NE_0001";"NE_0001";"NE_0001";"NE_0001";"NE_0001"
"2023";"03";"021307";"ANCASH";"MARISCAL LUZURIAGA";"LUCMA";"GOBIERNO REGIONAL";"I-2";"00001790";"PUESTO DE SALUD LUCMA";"NE_0001";"";"NE_0001";"NE_0001";"NE_0001";"NE_0001";"NE_0001";"NE_0001";"NE_0001"
"2023";"03";"021307";"ANCASH";"MARISCAL LUZURIAGA";"LUCMA";"GOBIERNO REGIONAL";"I-1";"00001791";"PUESTO DE SALUD SECCHA";"NE_0001";"";"NE_0001";"NE_0001";"NE_0001";"NE_0001";"NE_0001";"NE_0001";"NE_0001"
"2023";"03";"021601";"ANCASH";"POMABAMBA";"POMABAMBA";"GOBIERNO REGIONAL";"I-2";"00001768";"PUESTO DE SALUD VILCABAMBA";"NE_0001";"";"NE_0001";"NE_0001";"NE_0001";"NE_0001";"NE_0001";"NE_0001";"NE_0001"
"2023";"02";"060602";"CAJAMARCA";"CUTERVO";"CALLAYUC";"GOBIERNO REGIONAL";"I-1";"00007367";"CONGA";"NE_0001";"";"NE_0001";"NE_0001";"NE_0001";"NE_0001";"NE_0001";"NE_0001";"NE_0001"
"2023";"02";"060611";"CAJAMARCA";"CUTERVO";"SANTA CRUZ";"GOBIERNO REGIONAL";"I-1";"00004980";"SAN JUAN DE LIMON";"NE_0001";"";"NE_0001";"NE_0001";"NE_0001";"NE_0001";"NE_0001";"NE_0001";"NE_0001"
"2023";"02";"060602";"CAJAMARCA";"CUTERVO";"CALLAYUC";"GOBIERNO REGIONAL";"I-1";"00006828";"SANTA ROSA DE CALLAYUC";"NE_0001";"";"NE_0001";"NE_0001";"NE_0001";"NE_0001";"NE_0001";"NE_0001";"NE_0001"
"2023";"01";"110201";"ICA";"CHINCHA";"CHINCHA ALTA";"PRIVADO";"II-E";"00025160";"CLIN. DANIEL A. CARRION";"NE_0001";"";"NE_0001";"NE_0001";"NE_0001";"NE_0001";"NE_0001";"NE_0001";"NE_0001"
"2023";"02";"150122";"LIMA";"LIMA";"MIRAFLORES";"SANIDAD DE LA FUERZA AEREA DEL PERU";"III-1";"00010751";"HOSPITAL CENTRAL DE LA FUERZA AEREA DEL PERU";"240000";"HOSPITALIZACIÓN";"295";"311";"2307";"2514";"264";"4296";"9"
"2023";"02";"060611";"CAJAMARCA";"CUTERVO";"SANTA CRUZ";"GOBIERNO REGIONAL";"I-3";"00004977";"SANTA CRUZ DE CUTERVO";"NE_0001";"";"NE_0001";"NE_0001";"NE_0001";"NE_0001";"NE_0001";"NE_0001";"NE_0001"
"2023";"02";"060611";"CAJAMARCA";"CUTERVO";"SANTA CRUZ";"GOBIERNO REGIONAL";"I-1";"00004979";"CAMPO FLORIDO";"NE_0001";"";"NE_0001";"NE_0001";"NE_0001";"NE_0001";"NE_0001";"NE_0001";"NE_0001"
"2023";"02";"150130";"LIMA";"LIMA";"SAN BORJA";"PRIVADO";"II-2";"00009850";"CLÍNICA VESALIO";"240000";"HOSPITALIZACIÓN";"261";"260";"1203";"1306";"49";"1328";"1"
"2023";"03";"200101";"PIURA";"PIURA";"PIURA";"PRIVADO";"II-1";"00025208";"GRUPO CARITA FELIZ S.A.";"242300";"HOSPITALIZACIÓN DE PEDIATRÍA  PEDIATRÍA  GENERAL ";"27";"27";"76";"76";"3";"93";"0"
"2023";"03";"200101";"PIURA";"PIURA";"PIURA";"PRIVADO";"II-1";"00025208";"GRUPO CARITA FELIZ S.A.";"241900";"HOSPITALIZACIÓN DE MEDICINA MEDICINA INTERNA ";"36";"36";"129";"149";"5";"155";"0"
"2023";"03";"200101";"PIURA";"PIURA";"PIURA";"PRIVADO";"II-1";"00025208";"GRUPO CARITA FELIZ S.A.";"240100";"HOSPITALIZACIÓN QUIRÚRGICA CIRUGÍA GENERAL ";"117";"116";"216";"259";"10";"310";"0"
"2023";"03";"200101";"PIURA";"PIURA";"PIURA";"PRIVADO";"II-1";"00025208";"GRUPO CARITA FELIZ S.A.";"241400";"HOSPITALIZACIÓN QUIRÚRGICA GINECO - OBSTETRICIA ";"39";"40";"84";"54";"2";"62";"0"
"2023";"03";"200101";"PIURA";"PIURA";"PIURA";"PRIVADO";"II-1";"00025208";"GRUPO CARITA FELIZ S.A.";"250100";"UNIDAD DE CUIDADOS CRITICOS UNIDAD  DE CUIDADOS INTENSIVOS GENERALES (UCI) ";"17";"4";"5";"62";"3";"93";"2"
"2023";"03";"200101";"PIURA";"PIURA";"PIURA";"PRIVADO";"II-1";"00025208";"GRUPO CARITA FELIZ S.A.";"250201";"UNIDAD DE CUIDADOS CRITICOS UNIDAD DE CUIDADOS INTERMEDIOS  (UCIN) NEONATAL";"5";"5";"13";"13";"4";"124";"0"
"2023";"03";"150140";"LIMA";"LIMA";"SANTIAGO DE SURCO";"PRIVADO";"II-2";"00015118";"CLINICA MAISON DE SANTE DEL ESTE";"240000";"HOSPITALIZACIÓN";"124";"111";"698";"732";"33";"1023";"7"
"2023";"03";"150140";"LIMA";"LIMA";"SANTIAGO DE SURCO";"PRIVADO";"II-2";"00015118";"CLINICA MAISON DE SANTE DEL ESTE";"241400";"HOSPITALIZACIÓN QUIRÚRGICA GINECO - OBSTETRICIA ";"30";"30";"55";"62";"4";"124";"0"
"2023";"03";"150140";"LIMA";"LIMA";"SANTIAGO DE SURCO";"PRIVADO";"II-2";"00015118";"CLINICA MAISON DE SANTE DEL ESTE";"250100";"UNIDAD DE CUIDADOS CRITICOS UNIDAD  DE CUIDADOS INTENSIVOS GENERALES (UCI) ";"16";"15";"67";"57";"4";"124";"3"
"2023";"03";"150140";"LIMA";"LIMA";"SANTIAGO DE SURCO";"PRIVADO";"II-2";"00015118";"CLINICA MAISON DE SANTE DEL ESTE";"250105";"UNIDAD DE CUIDADOS CRITICOS UNIDAD  DE CUIDADOS INTENSIVOS  (UCI) NEONATOLOGÍA";"6";"3";"15";"55";"4";"124";"0"
"2023";"03";"090204";"HUANCAVELICA";"ACOBAMBA";"CAJA";"GOBIERNO REGIONAL";"I-1";"00011225";"PUESTO DE SALUD HUANCCALLACO";"NE_0001";"";"NE_0001";"NE_0001";"NE_0001";"NE_0001";"NE_0001";"NE_0001";"NE_0001"
"2023";"03";"090205";"HUANCAVELICA";"ACOBAMBA";"MARCAS";"GOBIERNO REGIONAL";"I-1";"00011232";"PUESTO DE SALUD PALOMA";"NE_0001";"";"NE_0001";"NE_0001";"NE_0001";"NE_0001";"NE_0001";"NE_0001";"NE_0001"
"2023";"03";"090204";"HUANCAVELICA";"ACOBAMBA";"CAJA";"GOBIERNO REGIONAL";"I-3";"00003926";"CENTRO DE SALUD CAJA ESPIRITU";"NE_0001";"";"NE_0001";"NE_0001";"NE_0001";"NE_0001";"NE_0001";"NE_0001";"NE_0001"
"2023";"03";"090204";"HUANCAVELICA";"ACOBAMBA";"CAJA";"GOBIERNO REGIONAL";"I-1";"00003927";"PUESTO DE SALUD POMACANCHA";"NE_0001";"";"NE_0001";"NE_0001";"NE_0001";"NE_0001";"NE_0001";"NE_0001";"NE_0001"
"2023";"03";"090205";"HUANCAVELICA";"ACOBAMBA";"MARCAS";"GOBIERNO REGIONAL";"I-1";"00011220";"PUESTO DE SALUD HUARPA";"NE_0001";"";"NE_0001";"NE_0001";"NE_0001";"NE_0001";"NE_0001";"NE_0001";"NE_0001"
"2023";"03";"090205";"HUANCAVELICA";"ACOBAMBA";"MARCAS";"GOBIERNO REGIONAL";"I-2";"00003928";"PUESTO DE SALUD MARCAS";"NE_0001";"";"NE_0001";"NE_0001";"NE_0001";"NE_0001";"NE_0001";"NE_0001";"NE_0001"
"2023";"03";"090205";"HUANCAVELICA";"ACOBAMBA";"MARCAS";"GOBIERNO REGIONAL";"I-1";"00003929";"PUESTO DE SALUD CUÑI";"NE_0001";"";"NE_0001";"NE_0001";"NE_0001";"NE_0001";"NE_0001";"NE_0001";"NE_0001"
"2023";"03";"090204";"HUANCAVELICA";"ACOBAMBA";"CAJA";"GOBIERNO REGIONAL";"I-1";"00007389";"PUESTO DE SALUD RURUNMARCA";"NE_0001";"";"NE_0001";"NE_0001";"NE_0001";"NE_0001";"NE_0001";"NE_0001";"NE_0001"
"2023";"03";"060602";"CAJAMARCA";"CUTERVO";"CALLAYUC";"GOBIERNO REGIONAL";"I-2";"00004967";"SECTOR EL CAMPO";"NE_0001";"";"NE_0001";"NE_0001";"NE_0001";"NE_0001";"NE_0001";"NE_0001";"NE_0001"
"2023";"03";"060611";"CAJAMARCA";"CUTERVO";"SANTA CRUZ";"GOBIERNO REGIONAL";"I-1";"00011261";"GRAMALOTILLO";"NE_0001";"";"NE_0001";"NE_0001";"NE_0001";"NE_0001";"NE_0001";"NE_0001";"NE_0001"
"2023";"03";"021801";"ANCASH";"SANTA";"CHIMBOTE";"PRIVADO";"II-1";"00013164";"CLINICA SANTA MARIA DE CHIMBOTE S.A.C.";"241400";"HOSPITALIZACIÓN QUIRÚRGICA GINECO - OBSTETRICIA ";"27";"27";"51";"51";"3";"118";"0"
"2023";"03";"040109";"AREQUIPA";"AREQUIPA";"MARIANO MELGAR";"GOBIERNO REGIONAL";"I-2";"00001309";"PUESTO DE SALUD JERUSALEN";"NE_0001";"";"NE_0001";"NE_0001";"NE_0001";"NE_0001";"NE_0001";"NE_0001";"NE_0001"
"2023";"03";"040109";"AREQUIPA";"AREQUIPA";"MARIANO MELGAR";"GOBIERNO REGIONAL";"I-2";"00007722";"PUESTO DE SALUD EL MIRADOR";"NE_0001";"";"NE_0001";"NE_0001";"NE_0001";"NE_0001";"NE_0001";"NE_0001";"NE_0001"
"2023";"03";"040109";"AREQUIPA";"AREQUIPA";"MARIANO MELGAR";"GOBIERNO REGIONAL";"I-3";"00001295";"CENTRO DE SALUD GENERALISIMO SAN MARTIN";"NE_0001";"";"NE_0001";"NE_0001";"NE_0001";"NE_0001";"NE_0001";"NE_0001";"NE_0001"
"2023";"03";"110102";"ICA";"ICA";"LA TINGUIÑA";"ESSALUD";"I-3";"00024531";"LA TINGUIÑA";"NE_0001";"";"NE_0001";"NE_0001";"NE_0001";"NE_0001";"NE_0001";"NE_0001";"NE_0001"
"2023";"03";"040701";"AREQUIPA";"ISLAY";"MOLLENDO";"ESSALUD";"II-1";"00013295";"HOSPITAL II MANUEL DE TORRES MUÑOZ -  MOLLENDO";"241800";"HOSPITALIZACIÓN DE MEDICINA MEDICINA GENERAL ";"38";"38";"226";"254";"9";"279";"12"
"2023";"03";"040701";"AREQUIPA";"ISLAY";"MOLLENDO";"ESSALUD";"II-1";"00013295";"HOSPITAL II MANUEL DE TORRES MUÑOZ -  MOLLENDO";"240100";"HOSPITALIZACIÓN QUIRÚRGICA CIRUGÍA GENERAL ";"43";"43";"134";"143";"7";"217";"0"
"2023";"03";"040701";"AREQUIPA";"ISLAY";"MOLLENDO";"ESSALUD";"II-1";"00013295";"HOSPITAL II MANUEL DE TORRES MUÑOZ -  MOLLENDO";"241500";"HOSPITALIZACIÓN QUIRÚRGICA GINECOLOGÍA  ";"10";"10";"29";"29";"2";"62";"0"
"2023";"03";"040701";"AREQUIPA";"ISLAY";"MOLLENDO";"ESSALUD";"II-1";"00013295";"HOSPITAL II MANUEL DE TORRES MUÑOZ -  MOLLENDO";"241600";"HOSPITALIZACIÓN QUIRÚRGICA OBSTETRICIA   ";"9";"11";"21";"19";"5";"155";"0"
"2023";"03";"040701";"AREQUIPA";"ISLAY";"MOLLENDO";"ESSALUD";"II-1";"00013295";"HOSPITAL II MANUEL DE TORRES MUÑOZ -  MOLLENDO";"242300";"HOSPITALIZACIÓN DE PEDIATRÍA  PEDIATRÍA  GENERAL ";"17";"17";"31";"31";"4";"124";"0"
"2023";"03";"060101";"CAJAMARCA";"CAJAMARCA";"CAJAMARCA";"GOBIERNO REGIONAL";"I-1";"00004644";"PARIAMARCA";"NE_0001";"";"NE_0001";"NE_0001";"NE_0001";"NE_0001";"NE_0001";"NE_0001";"NE_0001"
"2023";"03";"060101";"CAJAMARCA";"CAJAMARCA";"CAJAMARCA";"GOBIERNO REGIONAL";"I-2";"00004641";"MICAELA BASTIDAS";"NE_0001";"";"NE_0001";"NE_0001";"NE_0001";"NE_0001";"NE_0001";"NE_0001";"NE_0001"
"2023";"03";"060101";"CAJAMARCA";"CAJAMARCA";"CAJAMARCA";"GOBIERNO REGIONAL";"I-3";"00004640";"LA TULPUNA";"NE_0001";"";"NE_0001";"NE_0001";"NE_0001";"NE_0001";"NE_0001";"NE_0001";"NE_0001"
"2023";"03";"060101";"CAJAMARCA";"CAJAMARCA";"CAJAMARCA";"GOBIERNO REGIONAL";"I-1";"00004643";"AGOCUCHO";"NE_0001";"";"NE_0001";"NE_0001";"NE_0001";"NE_0001";"NE_0001";"NE_0001";"NE_0001"
"2023";"03";"110201";"ICA";"CHINCHA";"CHINCHA ALTA";"ESSALUD";"II-1";"00013910";"RENE TOCHE GROPPO";"241800";"HOSPITALIZACIÓN DE MEDICINA MEDICINA GENERAL ";"96";"117";"692";"511";"18";"558";"10"
"2023";"03";"110201";"ICA";"CHINCHA";"CHINCHA ALTA";"ESSALUD";"II-1";"00013910";"RENE TOCHE GROPPO";"240100";"HOSPITALIZACIÓN QUIRÚRGICA CIRUGÍA GENERAL ";"172";"171";"760";"718";"24";"744";"0"
"2023";"03";"110201";"ICA";"CHINCHA";"CHINCHA ALTA";"ESSALUD";"II-1";"00013910";"RENE TOCHE GROPPO";"241500";"HOSPITALIZACIÓN QUIRÚRGICA GINECOLOGÍA  ";"31";"26";"104";"95";"4";"124";"0"
"2023";"03";"110201";"ICA";"CHINCHA";"CHINCHA ALTA";"ESSALUD";"II-1";"00013910";"RENE TOCHE GROPPO";"241600";"HOSPITALIZACIÓN QUIRÚRGICA OBSTETRICIA   ";"127";"122";"296";"307";"16";"496";"0"
"2023";"03";"110201";"ICA";"CHINCHA";"CHINCHA ALTA";"ESSALUD";"II-1";"00013910";"RENE TOCHE GROPPO";"242300";"HOSPITALIZACIÓN DE PEDIATRÍA  PEDIATRÍA  GENERAL ";"51";"52";"165";"167";"8";"248";"0"
"2023";"03";"110201";"ICA";"CHINCHA";"CHINCHA ALTA";"ESSALUD";"II-1";"00013910";"RENE TOCHE GROPPO";"243200";"HOSPITALIZACIÓN DE PEDIATRÍA PEDIATRIA NEONATOLOGÍA";"92";"91";"171";"206";"10";"310";"0"
"2023";"03";"110201";"ICA";"CHINCHA";"CHINCHA ALTA";"ESSALUD";"II-1";"00013910";"RENE TOCHE GROPPO";"250304";"HOSPIT. EN UNIDAD DE CUID.INTEN.-UNIDAD DE VIGILANCIA INTENSIVA (UVI)-MEDICINA";"28";"9";"21";"73";"4";"124";"2"
"2023";"03";"110201";"ICA";"CHINCHA";"CHINCHA ALTA";"ESSALUD";"II-1";"00013910";"RENE TOCHE GROPPO";"242204";"HOSPITALIZACIÓN DE MEDICINA PSIQUIATRÍA REHABILITACIÓN PSIQUIÁTRICA / REINSERCIÓN ";"0";"0";"0";"217";"8";"248";"0"
"2023";"03";"120604";"JUNIN";"SATIPO";"MAZAMARI";"GOBIERNO REGIONAL";"I-2";"00000435";"CAPIRUSHARI";"NE_0001";"";"NE_0001";"NE_0001";"NE_0001";"NE_0001";"NE_0001";"NE_0001";"NE_0001"
"2023";"03";"120604";"JUNIN";"SATIPO";"MAZAMARI";"GOBIERNO REGIONAL";"I-1";"00016908";"GLORIABAMBA";"NE_0001";"";"NE_0001";"NE_0001";"NE_0001";"NE_0001";"NE_0001";"NE_0001";"NE_0001"
"2023";"03";"120604";"JUNIN";"SATIPO";"MAZAMARI";"GOBIERNO REGIONAL";"I-1";"00016912";"VILLA PROGRESO DE EDEN";"NE_0001";"";"NE_0001";"NE_0001";"NE_0001";"NE_0001";"NE_0001";"NE_0001";"NE_0001"
"2023";"03";"220602";"SAN MARTIN";"MARISCAL CACERES";"CAMPANILLA";"GOBIERNO REGIONAL";"I-3";"00006575";"CAMPANILLA";"NE_0001";"";"NE_0001";"NE_0001";"NE_0001";"NE_0001";"NE_0001";"NE_0001";"NE_0001"
"2023";"03";"220602";"SAN MARTIN";"MARISCAL CACERES";"CAMPANILLA";"GOBIERNO REGIONAL";"I-1";"00006579";"NUEVO JAEN";"NE_0001";"";"NE_0001";"NE_0001";"NE_0001";"NE_0001";"NE_0001";"NE_0001";"NE_0001"
"2023";"03";"220602";"SAN MARTIN";"MARISCAL CACERES";"CAMPANILLA";"GOBIERNO REGIONAL";"I-1";"00006577";"SHUMANZA";"NE_0001";"";"NE_0001";"NE_0001";"NE_0001";"NE_0001";"NE_0001";"NE_0001";"NE_0001"
"2023";"03";"220602";"SAN MARTIN";"MARISCAL CACERES";"CAMPANILLA";"GOBIERNO REGIONAL";"I-1";"00006578";"SION";"NE_0001";"";"NE_0001";"NE_0001";"NE_0001";"NE_0001";"NE_0001";"NE_0001";"NE_0001"
"2023";"03";"220602";"SAN MARTIN";"MARISCAL CACERES";"CAMPANILLA";"GOBIERNO REGIONAL";"I-1";"00006576";"BALZAYACU";"NE_0001";"";"NE_0001";"NE_0001";"NE_0001";"NE_0001";"NE_0001";"NE_0001";"NE_0001"
"2023";"03";"220602";"SAN MARTIN";"MARISCAL CACERES";"CAMPANILLA";"GOBIERNO REGIONAL";"I-1";"00006715";"PERLAMAYO";"NE_0001";"";"NE_0001";"NE_0001";"NE_0001";"NE_0001";"NE_0001";"NE_0001";"NE_0001"
"2023";"03";"110201";"ICA";"CHINCHA";"CHINCHA ALTA";"PRIVADO";"II-1";"00010559";"CLINICA DANIEL A. CARRION S.A.C.";"240100";"HOSPITALIZACIÓN QUIRÚRGICA CIRUGÍA GENERAL ";"26";"25";"49";"51";"4";"124";"0"
"2023";"03";"110201";"ICA";"CHINCHA";"CHINCHA ALTA";"PRIVADO";"II-1";"00010559";"CLINICA DANIEL A. CARRION S.A.C.";"241400";"HOSPITALIZACIÓN QUIRÚRGICA GINECO - OBSTETRICIA ";"21";"16";"22";"28";"4";"124";"0"
"2023";"03";"130101";"LA LIBERTAD";"TRUJILLO";"TRUJILLO";"PRIVADO";"II-E";"00021475";"DE LA BELLEZA";"NE_0001";"";"NE_0001";"NE_0001";"NE_0001";"NE_0001";"NE_0001";"NE_0001";"NE_0001"
"2023";"03";"220401";"SAN MARTIN";"HUALLAGA";"SAPOSOA";"ESSALUD";"I-2";"00031567";"POSTA MEDICA DE SAPOSOA - ESSALUD";"NE_0001";"";"NE_0001";"NE_0001";"NE_0001";"NE_0001";"NE_0001";"NE_0001";"NE_0001"
"2023";"03";"250301";"UCAYALI";"PADRE ABAD";"PADRE ABAD";"ESSALUD";"I-2";"00009597";"POSTA MEDICA ESSALUD AGUAYTIA";"NE_0001";"";"NE_0001";"NE_0001";"NE_0001";"NE_0001";"NE_0001";"NE_0001";"NE_0001"
"2023";"03";"250102";"UCAYALI";"CORONEL PORTILLO";"CAMPOVERDE";"ESSALUD";"I-2";"00009604";"POSTA MEDICA CAMPO VERDE";"NE_0001";"";"NE_0001";"NE_0001";"NE_0001";"NE_0001";"NE_0001";"NE_0001";"NE_0001"
"2023";"03";"150117";"LIMA";"LIMA";"LOS OLIVOS";"PRIVADO";"II-E";"00017847";"CLINICA DEL NORTE";"241400";"HOSPITALIZACIÓN QUIRÚRGICA GINECO - OBSTETRICIA ";"15";"18";"26";"15";"5";"115";"0"
"2023";"03";"150140";"LIMA";"LIMA";"SANTIAGO DE SURCO";"PRIVADO";"III-1";"00009988";"CLINICA SAN PABLO SAC";"250108";"UNIDAD DE CUIDADOS CRITICOS UNIDAD  DE CUIDADOS INTENSIVOS  (UCI) PEDIÁTRICA";"10";"9";"37";"92";"8";"248";"0"
"2023";"03";"150140";"LIMA";"LIMA";"SANTIAGO DE SURCO";"PRIVADO";"III-1";"00009988";"CLINICA SAN PABLO SAC";"250100";"UNIDAD DE CUIDADOS CRITICOS UNIDAD  DE CUIDADOS INTENSIVOS GENERALES (UCI) ";"50";"48";"175";"198";"13";"403";"4"
"2023";"03";"220205";"SAN MARTIN";"BELLAVISTA";"SAN PABLO";"GOBIERNO REGIONAL";"I-1";"00006507";"FAUSA SAPINA";"NE_0001";"";"NE_0001";"NE_0001";"NE_0001";"NE_0001";"NE_0001";"NE_0001";"NE_0001"
"2023";"03";"220205";"SAN MARTIN";"BELLAVISTA";"SAN PABLO";"GOBIERNO REGIONAL";"I-1";"00006508";"SAN PABLO";"NE_0001";"";"NE_0001";"NE_0001";"NE_0001";"NE_0001";"NE_0001";"NE_0001";"NE_0001"
"2023";"01";"140101";"LAMBAYEQUE";"CHICLAYO";"CHICLAYO";"PRIVADO";"II-E";"00017589";"INSTITUTO OFTALMOLÓGICO LA LUZ SAC";"NE_0001";"";"NE_0001";"NE_0001";"NE_0001";"NE_0001";"NE_0001";"NE_0001";"NE_0001"
"2023";"01";"050601";"AYACUCHO";"LUCANAS";"PUQUIO";"GOBIERNO REGIONAL";"II-1";"00003727";"HOSPITAL DE APOYO DE PUQUIO ""FELIPE HUAMÁN POMA DE AYALA""";"240100";"HOSPITALIZACIÓN QUIRÚRGICA CIRUGÍA GENERAL ";"8";"9";"45";"8";"8";"248";"0"
"2023";"01";"050601";"AYACUCHO";"LUCANAS";"PUQUIO";"GOBIERNO REGIONAL";"II-1";"00003727";"HOSPITAL DE APOYO DE PUQUIO ""FELIPE HUAMÁN POMA DE AYALA""";"241400";"HOSPITALIZACIÓN QUIRÚRGICA GINECO - OBSTETRICIA ";"6";"6";"17";"6";"2";"62";"0"
"2023";"01";"050601";"AYACUCHO";"LUCANAS";"PUQUIO";"GOBIERNO REGIONAL";"II-1";"00003727";"HOSPITAL DE APOYO DE PUQUIO ""FELIPE HUAMÁN POMA DE AYALA""";"241500";"HOSPITALIZACIÓN QUIRÚRGICA GINECOLOGÍA  ";"12";"13";"32";"12";"2";"62";"0"
"2023";"01";"050601";"AYACUCHO";"LUCANAS";"PUQUIO";"GOBIERNO REGIONAL";"II-1";"00003727";"HOSPITAL DE APOYO DE PUQUIO ""FELIPE HUAMÁN POMA DE AYALA""";"241600";"HOSPITALIZACIÓN QUIRÚRGICA OBSTETRICIA   ";"21";"21";"37";"21";"8";"248";"0"
"2023";"01";"050601";"AYACUCHO";"LUCANAS";"PUQUIO";"GOBIERNO REGIONAL";"II-1";"00003727";"HOSPITAL DE APOYO DE PUQUIO ""FELIPE HUAMÁN POMA DE AYALA""";"241800";"HOSPITALIZACIÓN DE MEDICINA MEDICINA GENERAL ";"8";"10";"61";"8";"10";"310";"2"
"2023";"01";"050601";"AYACUCHO";"LUCANAS";"PUQUIO";"GOBIERNO REGIONAL";"II-1";"00003727";"HOSPITAL DE APOYO DE PUQUIO ""FELIPE HUAMÁN POMA DE AYALA""";"242200";"HOSPITALIZACIÓN DE MEDICINA PSIQUIATRÍA ";"2";"3";"14";"2";"1";"31";"0"
"2023";"01";"050601";"AYACUCHO";"LUCANAS";"PUQUIO";"GOBIERNO REGIONAL";"II-1";"00003727";"HOSPITAL DE APOYO DE PUQUIO ""FELIPE HUAMÁN POMA DE AYALA""";"242500";"HOSPITALIZACIÓN-PEDIATRÍA GENERAL-";"4";"4";"8";"4";"11";"341";"0"
"2023";"01";"050601";"AYACUCHO";"LUCANAS";"PUQUIO";"GOBIERNO REGIONAL";"II-1";"00003727";"HOSPITAL DE APOYO DE PUQUIO ""FELIPE HUAMÁN POMA DE AYALA""";"243200";"HOSPITALIZACIÓN DE PEDIATRÍA PEDIATRIA NEONATOLOGÍA";"2";"2";"2";"2";"7";"217";"0"
"2023";"01";"050601";"AYACUCHO";"LUCANAS";"PUQUIO";"GOBIERNO REGIONAL";"II-1";"00003727";"HOSPITAL DE APOYO DE PUQUIO ""FELIPE HUAMÁN POMA DE AYALA""";"250105";"UNIDAD DE CUIDADOS CRITICOS UNIDAD  DE CUIDADOS INTENSIVOS  (UCI) NEONATOLOGÍA";"1";"1";"2";"1";"1";"31";"0"
"2023";"01";"150119";"LIMA";"LIMA";"LURIN";"PRIVADO";"I-3";"00027216";"MEPSO";"NE_0001";"";"NE_0001";"NE_0001";"NE_0001";"NE_0001";"NE_0001";"NE_0001";"NE_0001"
"2023";"01";"061112";"CAJAMARCA";"SAN MIGUEL";"TONGOD";"GOBIERNO REGIONAL";"I-1";"00008751";"LA CORONILLA";"NE_0001";"";"NE_0001";"NE_0001";"NE_0001";"NE_0001";"NE_0001";"NE_0001";"NE_0001"
"2023";"01";"061112";"CAJAMARCA";"SAN MIGUEL";"TONGOD";"GOBIERNO REGIONAL";"I-1";"00007085";"PISIT";"NE_0001";"";"NE_0001";"NE_0001";"NE_0001";"NE_0001";"NE_0001";"NE_0001";"NE_0001"
"2023";"02";"200101";"PIURA";"PIURA";"PIURA";"ESSALUD";"II-1";"00010244";"HOSPITAL II JORGE REATEGUI DELGADO";"241900";"HOSPITALIZACIÓN DE MEDICINA MEDICINA INTERNA ";"49";"43";"290";"504";"18";"504";"2"
"2023";"02";"200101";"PIURA";"PIURA";"PIURA";"ESSALUD";"II-1";"00010244";"HOSPITAL II JORGE REATEGUI DELGADO";"240100";"HOSPITALIZACIÓN QUIRÚRGICA CIRUGÍA GENERAL ";"107";"107";"303";"398";"18";"504";"0"
"2023";"02";"200101";"PIURA";"PIURA";"PIURA";"ESSALUD";"II-1";"00010244";"HOSPITAL II JORGE REATEGUI DELGADO";"241400";"HOSPITALIZACIÓN QUIRÚRGICA GINECO - OBSTETRICIA ";"224";"224";"493";"640";"29";"812";"0"
"2023";"02";"200101";"PIURA";"PIURA";"PIURA";"ESSALUD";"II-1";"00010244";"HOSPITAL II JORGE REATEGUI DELGADO";"242300";"HOSPITALIZACIÓN DE PEDIATRÍA  PEDIATRÍA  GENERAL ";"50";"50";"181";"190";"11";"308";"0"
"2023";"02";"200101";"PIURA";"PIURA";"PIURA";"ESSALUD";"II-1";"00010244";"HOSPITAL II JORGE REATEGUI DELGADO";"243200";"HOSPITALIZACIÓN DE PEDIATRÍA PEDIATRIA NEONATOLOGÍA";"162";"161";"272";"97";"5";"140";"0"
"2023";"02";"130901";"LA LIBERTAD";"SANCHEZ CARRION";"HUAMACHUCO";"GOBIERNO REGIONAL";"I-2";"00005351";"PUENTE PIEDRA";"NE_0001";"";"NE_0001";"NE_0001";"NE_0001";"NE_0001";"NE_0001";"NE_0001";"NE_0001"
"2023";"02";"130901";"LA LIBERTAD";"SANCHEZ CARRION";"HUAMACHUCO";"GOBIERNO REGIONAL";"I-2";"00005355";"EL PALLAR";"NE_0001";"";"NE_0001";"NE_0001";"NE_0001";"NE_0001";"NE_0001";"NE_0001";"NE_0001"
"2023";"02";"130901";"LA LIBERTAD";"SANCHEZ CARRION";"HUAMACHUCO";"GOBIERNO REGIONAL";"I-2";"00005350";"CHOQUIZONGUILLO";"NE_0001";"";"NE_0001";"NE_0001";"NE_0001";"NE_0001";"NE_0001";"NE_0001";"NE_0001"
"2023";"02";"130901";"LA LIBERTAD";"SANCHEZ CARRION";"HUAMACHUCO";"GOBIERNO REGIONAL";"I-1";"00029010";"PALLAR ALTO";"NE_0001";"";"NE_0001";"NE_0001";"NE_0001";"NE_0001";"NE_0001";"NE_0001";"NE_0001"
"2023";"02";"220601";"SAN MARTIN";"MARISCAL CACERES";"JUANJUI";"GOBIERNO REGIONAL";"II-E";"00006919";"HOSPITAL II-E JUANJUI - MC LUIS IZQUIERDO VÁSQUEZ";"240100";"HOSPITALIZACIÓN QUIRÚRGICA CIRUGÍA GENERAL ";"17";"17";"39";"39";"5";"140";"0"
"2023";"02";"220601";"SAN MARTIN";"MARISCAL CACERES";"JUANJUI";"GOBIERNO REGIONAL";"II-E";"00006919";"HOSPITAL II-E JUANJUI - MC LUIS IZQUIERDO VÁSQUEZ";"241500";"HOSPITALIZACIÓN QUIRÚRGICA GINECOLOGÍA  ";"65";"68";"141";"141";"6";"168";"0"
"2023";"02";"220601";"SAN MARTIN";"MARISCAL CACERES";"JUANJUI";"GOBIERNO REGIONAL";"II-E";"00006919";"HOSPITAL II-E JUANJUI - MC LUIS IZQUIERDO VÁSQUEZ";"241600";"HOSPITALIZACIÓN QUIRÚRGICA OBSTETRICIA   ";"50";"50";"61";"61";"10";"280";"0"
"2023";"02";"220601";"SAN MARTIN";"MARISCAL CACERES";"JUANJUI";"GOBIERNO REGIONAL";"II-E";"00006919";"HOSPITAL II-E JUANJUI - MC LUIS IZQUIERDO VÁSQUEZ";"241800";"HOSPITALIZACIÓN DE MEDICINA MEDICINA GENERAL ";"62";"66";"171";"171";"16";"448";"0"
"2023";"02";"220601";"SAN MARTIN";"MARISCAL CACERES";"JUANJUI";"GOBIERNO REGIONAL";"II-E";"00006919";"HOSPITAL II-E JUANJUI - MC LUIS IZQUIERDO VÁSQUEZ";"242500";"HOSPITALIZACIÓN-PEDIATRÍA GENERAL-";"17";"20";"44";"44";"6";"168";"0"
"2023";"02";"120303";"JUNIN";"CHANCHAMAYO";"PICHANAQUI";"GOBIERNO REGIONAL";"I-1";"00000353";"ANDRES AVELINO CACERES";"NE_0001";"";"NE_0001";"NE_0001";"NE_0001";"NE_0001";"NE_0001";"NE_0001";"NE_0001"
"2023";"02";"070103";"CALLAO";"CALLAO";"CARMEN DE LA LEGUA-REYNOSO";"GOBIERNO REGIONAL";"II-2";"00006219";"HOSPITAL SAN JOSE";"241800";"HOSPITALIZACIÓN DE MEDICINA MEDICINA GENERAL ";"62";"54";"418";"347";"25";"700";"3"
"2023";"02";"070103";"CALLAO";"CALLAO";"CARMEN DE LA LEGUA-REYNOSO";"GOBIERNO REGIONAL";"II-2";"00006219";"HOSPITAL SAN JOSE";"241600";"HOSPITALIZACIÓN QUIRÚRGICA OBSTETRICIA   ";"163";"162";"452";"453";"17";"476";"0"
"2023";"02";"070103";"CALLAO";"CALLAO";"CARMEN DE LA LEGUA-REYNOSO";"GOBIERNO REGIONAL";"II-2";"00006219";"HOSPITAL SAN JOSE";"240100";"HOSPITALIZACIÓN QUIRÚRGICA CIRUGÍA GENERAL ";"99";"102";"345";"285";"11";"308";"0"
"2023";"02";"070103";"CALLAO";"CALLAO";"CARMEN DE LA LEGUA-REYNOSO";"GOBIERNO REGIONAL";"II-2";"00006219";"HOSPITAL SAN JOSE";"242500";"HOSPITALIZACIÓN-PEDIATRÍA GENERAL-";"16";"14";"56";"51";"4";"112";"0"
"2023";"02";"070103";"CALLAO";"CALLAO";"CARMEN DE LA LEGUA-REYNOSO";"GOBIERNO REGIONAL";"II-2";"00006219";"HOSPITAL SAN JOSE";"243200";"HOSPITALIZACIÓN DE PEDIATRÍA PEDIATRIA NEONATOLOGÍA";"24";"20";"98";"98";"9";"252";"0"
"2023";"02";"070103";"CALLAO";"CALLAO";"CARMEN DE LA LEGUA-REYNOSO";"GOBIERNO REGIONAL";"II-2";"00006219";"HOSPITAL SAN JOSE";"241500";"HOSPITALIZACIÓN QUIRÚRGICA GINECOLOGÍA  ";"50";"50";"192";"167";"6";"168";"0"
"2023";"02";"050701";"AYACUCHO";"PARINACOCHAS";"CORACORA";"GOBIERNO REGIONAL";"II-1";"00003523";"HOSPITAL DE APOYO DE CORACORA";"240100";"HOSPITALIZACIÓN QUIRÚRGICA CIRUGÍA GENERAL ";"20";"21";"63";"63";"8";"224";"0"
"2023";"02";"050701";"AYACUCHO";"PARINACOCHAS";"CORACORA";"GOBIERNO REGIONAL";"II-1";"00003523";"HOSPITAL DE APOYO DE CORACORA";"241400";"HOSPITALIZACIÓN QUIRÚRGICA GINECO - OBSTETRICIA ";"18";"19";"38";"38";"5";"140";"0"
"2023";"02";"050701";"AYACUCHO";"PARINACOCHAS";"CORACORA";"GOBIERNO REGIONAL";"II-1";"00003523";"HOSPITAL DE APOYO DE CORACORA";"241500";"HOSPITALIZACIÓN QUIRÚRGICA GINECOLOGÍA  ";"25";"25";"40";"40";"7";"196";"0"
"2023";"02";"050701";"AYACUCHO";"PARINACOCHAS";"CORACORA";"GOBIERNO REGIONAL";"II-1";"00003523";"HOSPITAL DE APOYO DE CORACORA";"241800";"HOSPITALIZACIÓN DE MEDICINA MEDICINA GENERAL ";"9";"9";"24";"24";"16";"448";"2"
"2023";"02";"050701";"AYACUCHO";"PARINACOCHAS";"CORACORA";"GOBIERNO REGIONAL";"II-1";"00003523";"HOSPITAL DE APOYO DE CORACORA";"242500";"HOSPITALIZACIÓN-PEDIATRÍA GENERAL-";"31";"32";"51";"51";"4";"112";"0"
"2023";"02";"040108";"AREQUIPA";"AREQUIPA";"LA JOYA";"GOBIERNO REGIONAL";"I-3";"00001323";"CENTRO DE SALUD SAN ISIDRO";"NE_0001";"";"NE_0001";"NE_0001";"NE_0001";"NE_0001";"NE_0001";"NE_0001";"NE_0001"
"2023";"02";"040108";"AREQUIPA";"AREQUIPA";"LA JOYA";"GOBIERNO REGIONAL";"I-2";"00001333";"PUESTO DE SALUD SAN JOSE";"NE_0001";"";"NE_0001";"NE_0001";"NE_0001";"NE_0001";"NE_0001";"NE_0001";"NE_0001"
"2023";"02";"040108";"AREQUIPA";"AREQUIPA";"LA JOYA";"GOBIERNO REGIONAL";"I-2";"00001331";"PUESTO DE SALUD LA CANO";"NE_0001";"";"NE_0001";"NE_0001";"NE_0001";"NE_0001";"NE_0001";"NE_0001";"NE_0001"
"2023";"02";"040702";"AREQUIPA";"ISLAY";"COCACHACRA";"GOBIERNO REGIONAL";"I-2";"00001343";"PUESTO DE SALUD SAN CAMILO 7";"NE_0001";"";"NE_0001";"NE_0001";"NE_0001";"NE_0001";"NE_0001";"NE_0001";"NE_0001"
"2023";"02";"040108";"AREQUIPA";"AREQUIPA";"LA JOYA";"GOBIERNO REGIONAL";"I-2";"00001332";"PUESTO DE SALUD SAN CAMILO 6";"NE_0001";"";"NE_0001";"NE_0001";"NE_0001";"NE_0001";"NE_0001";"NE_0001";"NE_0001"
"2023";"02";"090310";"HUANCAVELICA";"ANGARAES";"SAN ANTONIO DE ANTAPARCO";"GOBIERNO REGIONAL";"I-1";"00003966";"MAICENA";"NE_0001";"";"NE_0001";"NE_0001";"NE_0001";"NE_0001";"NE_0001";"NE_0001";"NE_0001"
"2023";"02";"090311";"HUANCAVELICA";"ANGARAES";"SANTO TOMAS DE PATA";"GOBIERNO REGIONAL";"I-1";"00003967";"SANTO TOMAS DE PATA";"NE_0001";"";"NE_0001";"NE_0001";"NE_0001";"NE_0001";"NE_0001";"NE_0001";"NE_0001"
"2023";"02";"090311";"HUANCAVELICA";"ANGARAES";"SANTO TOMAS DE PATA";"GOBIERNO REGIONAL";"I-1";"00003968";"CHUPACC";"NE_0001";"";"NE_0001";"NE_0001";"NE_0001";"NE_0001";"NE_0001";"NE_0001";"NE_0001"
"2023";"02";"090301";"HUANCAVELICA";"ANGARAES";"LIRCAY";"GOBIERNO REGIONAL";"I-1";"00011202";"PAMPAHUASI";"NE_0001";"";"NE_0001";"NE_0001";"NE_0001";"NE_0001";"NE_0001";"NE_0001";"NE_0001"
"2023";"02";"090301";"HUANCAVELICA";"ANGARAES";"LIRCAY";"GOBIERNO REGIONAL";"I-1";"00011205";"UNION PROGRESO PATAHUASI";"NE_0001";"";"NE_0001";"NE_0001";"NE_0001";"NE_0001";"NE_0001";"NE_0001";"NE_0001"
"2023";"02";"090302";"HUANCAVELICA";"ANGARAES";"ANCHONGA";"GOBIERNO REGIONAL";"I-1";"00028780";"LLANCAPUQUIO";"NE_0001";"";"NE_0001";"NE_0001";"NE_0001";"NE_0001";"NE_0001";"NE_0001";"NE_0001"
"2023";"02";"090301";"HUANCAVELICA";"ANGARAES";"LIRCAY";"GOBIERNO REGIONAL";"I-1";"00003944";"BUENA VISTA";"NE_0001";"";"NE_0001";"NE_0001";"NE_0001";"NE_0001";"NE_0001";"NE_0001";"NE_0001"
"2023";"02";"090301";"HUANCAVELICA";"ANGARAES";"LIRCAY";"GOBIERNO REGIONAL";"I-1";"00003947";"CONSTANCIA";"NE_0001";"";"NE_0001";"NE_0001";"NE_0001";"NE_0001";"NE_0001";"NE_0001";"NE_0001"
"2023";"02";"090301";"HUANCAVELICA";"ANGARAES";"LIRCAY";"GOBIERNO REGIONAL";"I-1";"00003950";"CHALLHUAPUQUIO";"NE_0001";"";"NE_0001";"NE_0001";"NE_0001";"NE_0001";"NE_0001";"NE_0001";"NE_0001"
"2023";"02";"090307";"HUANCAVELICA";"ANGARAES";"HUANCA-HUANCA";"GOBIERNO REGIONAL";"I-2";"00003953";"HUANCA HUANCA";"NE_0001";"";"NE_0001";"NE_0001";"NE_0001";"NE_0001";"NE_0001";"NE_0001";"NE_0001"
"2023";"02";"090312";"HUANCAVELICA";"ANGARAES";"SECCLLA";"GOBIERNO REGIONAL";"I-1";"00003970";"QUISPICANCHA";"NE_0001";"";"NE_0001";"NE_0001";"NE_0001";"NE_0001";"NE_0001";"NE_0001";"NE_0001"
"2023";"02";"090301";"HUANCAVELICA";"ANGARAES";"LIRCAY";"GOBIERNO REGIONAL";"I-1";"00011769";"YANAUTUTO";"NE_0001";"";"NE_0001";"NE_0001";"NE_0001";"NE_0001";"NE_0001";"NE_0001";"NE_0001"
"2023";"02";"090303";"HUANCAVELICA";"ANGARAES";"CALLANMARCA";"GOBIERNO REGIONAL";"I-1";"00003952";"CALLANMARCA";"NE_0001";"";"NE_0001";"NE_0001";"NE_0001";"NE_0001";"NE_0001";"NE_0001";"NE_0001"
"2023";"02";"090304";"HUANCAVELICA";"ANGARAES";"CCOCHACCASA";"GOBIERNO REGIONAL";"I-1";"00003957";"CCASCCABAMBA";"NE_0001";"";"NE_0001";"NE_0001";"NE_0001";"NE_0001";"NE_0001";"NE_0001";"NE_0001"
"2023";"02";"090302";"HUANCAVELICA";"ANGARAES";"ANCHONGA";"GOBIERNO REGIONAL";"I-3";"00003959";"PARCO ALTO";"NE_0002";"";"NE_0002";"NE_0002";"NE_0002";"NE_0002";"NE_0002";"NE_0002";"NE_0002"
"2023";"02";"090306";"HUANCAVELICA";"ANGARAES";"CONGALLA";"GOBIERNO REGIONAL";"I-2";"00003972";"CONGALLA";"NE_0001";"";"NE_0001";"NE_0001";"NE_0001";"NE_0001";"NE_0001";"NE_0001";"NE_0001"
"2023";"02";"090301";"HUANCAVELICA";"ANGARAES";"LIRCAY";"GOBIERNO REGIONAL";"I-1";"00007384";"SAN JUAN DE AHUAY";"NE_0001";"";"NE_0001";"NE_0001";"NE_0001";"NE_0001";"NE_0001";"NE_0001";"NE_0001"
"2023";"02";"090301";"HUANCAVELICA";"ANGARAES";"LIRCAY";"GOBIERNO REGIONAL";"I-2";"00007385";"SAN JUAN DE DIOS DE CCOLLPAPAMPA";"NE_0001";"";"NE_0001";"NE_0001";"NE_0001";"NE_0001";"NE_0001";"NE_0001";"NE_0001"
"2023";"02";"090311";"HUANCAVELICA";"ANGARAES";"SANTO TOMAS DE PATA";"GOBIERNO REGIONAL";"I-1";"00011768";"CUTICSA";"NE_0001";"";"NE_0001";"NE_0001";"NE_0001";"NE_0001";"NE_0001";"NE_0001";"NE_0001"
"2023";"02";"090302";"HUANCAVELICA";"ANGARAES";"ANCHONGA";"GOBIERNO REGIONAL";"I-2";"00003960";"TUCO";"NE_0001";"";"NE_0001";"NE_0001";"NE_0001";"NE_0001";"NE_0001";"NE_0001";"NE_0001"
"2023";"02";"090309";"HUANCAVELICA";"ANGARAES";"JULCAMARCA";"GOBIERNO REGIONAL";"I-3";"00003962";"JULCAMARCA";"NE_0002";"";"NE_0002";"NE_0002";"NE_0002";"NE_0002";"NE_0002";"NE_0002";"NE_0002"
"2023";"02";"090310";"HUANCAVELICA";"ANGARAES";"SAN ANTONIO DE ANTAPARCO";"GOBIERNO REGIONAL";"I-1";"00003965";"SAN ANTONIO DE ANTAPARCO";"NE_0001";"";"NE_0001";"NE_0001";"NE_0001";"NE_0001";"NE_0001";"NE_0001";"NE_0001"
"2023";"02";"090312";"HUANCAVELICA";"ANGARAES";"SECCLLA";"GOBIERNO REGIONAL";"I-1";"00003971";"TRANCA";"NE_0001";"";"NE_0001";"NE_0001";"NE_0001";"NE_0001";"NE_0001";"NE_0001";"NE_0001"
"2023";"02";"090302";"HUANCAVELICA";"ANGARAES";"ANCHONGA";"GOBIERNO REGIONAL";"I-3";"00006901";"BUENOS AIRES DE PARCO CHACAPUNCU";"NE_0001";"";"NE_0001";"NE_0001";"NE_0001";"NE_0001";"NE_0001";"NE_0001";"NE_0001"
"2023";"02";"090304";"HUANCAVELICA";"ANGARAES";"CCOCHACCASA";"GOBIERNO REGIONAL";"I-1";"00003956";"SAN PEDRO DE MIMOSA";"NE_0001";"";"NE_0001";"NE_0001";"NE_0001";"NE_0001";"NE_0001";"NE_0001";"NE_0001"
"2023";"02";"090301";"HUANCAVELICA";"ANGARAES";"LIRCAY";"GOBIERNO REGIONAL";"I-1";"00007290";"PERCAPAMPA";"NE_0001";"";"NE_0001";"NE_0001";"NE_0001";"NE_0001";"NE_0001";"NE_0001";"NE_0001"
"2023";"02";"090305";"HUANCAVELICA";"ANGARAES";"CHINCHO";"GOBIERNO REGIONAL";"I-1";"00011787";"LLAMOCCTACHI";"NE_0001";"";"NE_0001";"NE_0001";"NE_0001";"NE_0001";"NE_0001";"NE_0001";"NE_0001"
"2023";"02";"090301";"HUANCAVELICA";"ANGARAES";"LIRCAY";"GOBIERNO REGIONAL";"I-3";"00028484";"CENTRO DE SALUD MENTAL COMUNITARIO ANGARAES";"NE_0002";"";"NE_0002";"NE_0002";"NE_0002";"NE_0002";"NE_0002";"NE_0002";"NE_0002"
"2023";"02";"090301";"HUANCAVELICA";"ANGARAES";"LIRCAY";"GOBIERNO REGIONAL";"I-2";"00003945";"CARHUAPATA";"NE_0001";"";"NE_0001";"NE_0001";"NE_0001";"NE_0001";"NE_0001";"NE_0001";"NE_0001"
"2023";"02";"090301";"HUANCAVELICA";"ANGARAES";"LIRCAY";"GOBIERNO REGIONAL";"I-1";"00003946";"PIRCAPAHUANA";"NE_0001";"";"NE_0001";"NE_0001";"NE_0001";"NE_0001";"NE_0001";"NE_0001";"NE_0001"
"2023";"02";"090301";"HUANCAVELICA";"ANGARAES";"LIRCAY";"GOBIERNO REGIONAL";"I-2";"00003949";"CHAHUARMA";"NE_0001";"";"NE_0001";"NE_0001";"NE_0001";"NE_0001";"NE_0001";"NE_0001";"NE_0001"
"2023";"02";"090301";"HUANCAVELICA";"ANGARAES";"LIRCAY";"GOBIERNO REGIONAL";"I-1";"00003951";"TUCSIPAMPA";"NE_0001";"";"NE_0001";"NE_0001";"NE_0001";"NE_0001";"NE_0001";"NE_0001";"NE_0001"
"2023";"02";"090308";"HUANCAVELICA";"ANGARAES";"HUALLAY-GRANDE";"GOBIERNO REGIONAL";"I-2";"00003954";"HUAYLLAY GRANDE";"NE_0001";"";"NE_0001";"NE_0001";"NE_0001";"NE_0001";"NE_0001";"NE_0001";"NE_0001"
"2023";"02";"090304";"HUANCAVELICA";"ANGARAES";"CCOCHACCASA";"GOBIERNO REGIONAL";"I-3";"00003955";"CCOCHACCASA";"NE_0002";"";"NE_0002";"NE_0002";"NE_0002";"NE_0002";"NE_0002";"NE_0002";"NE_0002"
"2023";"02";"090302";"HUANCAVELICA";"ANGARAES";"ANCHONGA";"GOBIERNO REGIONAL";"I-1";"00003958";"ANCHONGA";"NE_0001";"";"NE_0001";"NE_0001";"NE_0001";"NE_0001";"NE_0001";"NE_0001";"NE_0001"
"2023";"02";"090305";"HUANCAVELICA";"ANGARAES";"CHINCHO";"GOBIERNO REGIONAL";"I-1";"00003963";"CHINCHO";"NE_0001";"";"NE_0001";"NE_0001";"NE_0001";"NE_0001";"NE_0001";"NE_0001";"NE_0001"
"2023";"02";"090306";"HUANCAVELICA";"ANGARAES";"CONGALLA";"GOBIERNO REGIONAL";"I-1";"00011199";"CHAYNABAMBA";"NE_0001";"";"NE_0001";"NE_0001";"NE_0001";"NE_0001";"NE_0001";"NE_0001";"NE_0001"
"2023";"02";"090302";"HUANCAVELICA";"ANGARAES";"ANCHONGA";"GOBIERNO REGIONAL";"I-1";"00011454";"ALTO MARAYNIYOCC";"NE_0001";"";"NE_0001";"NE_0001";"NE_0001";"NE_0001";"NE_0001";"NE_0001";"NE_0001"
"2023";"02";"090302";"HUANCAVELICA";"ANGARAES";"ANCHONGA";"GOBIERNO REGIONAL";"I-1";"00006930";"HUARIRUMI - CHONTACANCHA";"NE_0001";"";"NE_0001";"NE_0001";"NE_0001";"NE_0001";"NE_0001";"NE_0001";"NE_0001"
"2023";"01";"150101";"LIMA";"LIMA";"LIMA";"ESSALUD";"II-2";"00008502";"HOSPITAL DE EMERGENCIAS GRAU";"241900";"HOSPITALIZACIÓN DE MEDICINA MEDICINA INTERNA ";"200";"175";"1480";"1420";"57";"1757";"11"
"2023";"01";"150101";"LIMA";"LIMA";"LIMA";"ESSALUD";"II-2";"00008502";"HOSPITAL DE EMERGENCIAS GRAU";"242000";"HOSPITALIZACIÓN DE MEDICINA MEDICINA TROPICAL E INFECCIOSAS ";"5";"23";"178";"202";"9";"274";"0"
"2023";"01";"150101";"LIMA";"LIMA";"LIMA";"ESSALUD";"II-2";"00008502";"HOSPITAL DE EMERGENCIAS GRAU";"240100";"HOSPITALIZACIÓN QUIRÚRGICA CIRUGÍA GENERAL ";"278";"271";"658";"670";"26";"806";"1"
"2023";"01";"150101";"LIMA";"LIMA";"LIMA";"ESSALUD";"II-2";"00008502";"HOSPITAL DE EMERGENCIAS GRAU";"241200";"HOSPITALIZACIÓN QUIRÚRGICA TRAUMATOLOGÍA Y ORTOPEDIA ";"74";"77";"407";"387";"12";"387";"0"
"2023";"01";"150101";"LIMA";"LIMA";"LIMA";"ESSALUD";"II-2";"00008502";"HOSPITAL DE EMERGENCIAS GRAU";"241300";"HOSPITALIZACIÓN QUIRÚRGICA UROLOGÍA  ";"54";"49";"212";"270";"10";"310";"0"
"2023";"01";"150101";"LIMA";"LIMA";"LIMA";"ESSALUD";"II-2";"00008502";"HOSPITAL DE EMERGENCIAS GRAU";"241400";"HOSPITALIZACIÓN QUIRÚRGICA GINECO - OBSTETRICIA ";"349";"377";"787";"761";"31";"961";"0"
"2023";"01";"150101";"LIMA";"LIMA";"LIMA";"ESSALUD";"II-2";"00008502";"HOSPITAL DE EMERGENCIAS GRAU";"242500";"HOSPITALIZACIÓN-PEDIATRÍA GENERAL-";"81";"77";"264";"250";"11";"341";"0"
"2023";"01";"150101";"LIMA";"LIMA";"LIMA";"ESSALUD";"II-2";"00008502";"HOSPITAL DE EMERGENCIAS GRAU";"243200";"HOSPITALIZACIÓN DE PEDIATRÍA PEDIATRIA NEONATOLOGÍA";"183";"173";"255";"178";"10";"310";"0"
"2023";"01";"150101";"LIMA";"LIMA";"LIMA";"ESSALUD";"II-2";"00008502";"HOSPITAL DE EMERGENCIAS GRAU";"250200";"UNIDAD DE CUIDADOS CRITICOS UNIDAD DE CUIDADOS INTERMEDIOS GENERAL  (UCIN) ";"13";"5";"31";"114";"5";"155";"0"
"2023";"01";"150101";"LIMA";"LIMA";"LIMA";"ESSALUD";"II-2";"00008502";"HOSPITAL DE EMERGENCIAS GRAU";"250100";"UNIDAD DE CUIDADOS CRITICOS UNIDAD  DE CUIDADOS INTENSIVOS GENERALES (UCI) ";"19";"8";"120";"229";"8";"248";"6"
"2023";"01";"150113";"LIMA";"LIMA";"JESUS MARIA";"ESSALUD";"III-E";"00018011";"INSTITUTO NACIONAL CARDIOVASCULAR CARLOS ALBERTO PESCHIERA CARRILLO – INCOR –ESSALUD";"244000";"HOSPITALIZACIÓN DE MEDICINA CARDIOLOGIA ";"100";"80";"589";"680";"28";"868";"1"
"2023";"01";"150113";"LIMA";"LIMA";"JESUS MARIA";"ESSALUD";"III-E";"00018011";"INSTITUTO NACIONAL CARDIOVASCULAR CARLOS ALBERTO PESCHIERA CARRILLO – INCOR –ESSALUD";"244000";"HOSPITALIZACIÓN DE MEDICINA CARDIOLOGIA ";"178";"162";"196";"112";"10";"220";"1"
"2023";"01";"150113";"LIMA";"LIMA";"JESUS MARIA";"ESSALUD";"III-E";"00018011";"INSTITUTO NACIONAL CARDIOVASCULAR CARLOS ALBERTO PESCHIERA CARRILLO – INCOR –ESSALUD";"242600";"HOSPITALIZACIÓN DE PEDIATRÍA PEDIATRIA CARDIOLOGÍA PEDIÁTRICA";"124";"112";"1102";"918";"34";"1054";"6"
"2023";"01";"150113";"LIMA";"LIMA";"JESUS MARIA";"ESSALUD";"III-E";"00018011";"INSTITUTO NACIONAL CARDIOVASCULAR CARLOS ALBERTO PESCHIERA CARRILLO – INCOR –ESSALUD";"240400";"HOSPITALIZACIÓN QUIRÚRGICA CIRUGÍA DE TÓRAX Y CARDIOVASCULAR ";"39";"59";"1021";"1023";"38";"1178";"1"
"2023";"01";"150121";"LIMA";"LIMA";"PUEBLO LIBRE";"PRIVADO";"II-E";"00015077";"LIGA CONTRA EL CÁNCER";"NE_0001";"";"NE_0001";"NE_0001";"NE_0001";"NE_0001";"NE_0001";"NE_0001";"NE_0001"
"2023";"01";"120704";"JUNIN";"TARMA";"HUASAHUASI";"GOBIERNO REGIONAL";"I-1";"00000547";"CHIRAS";"NE_0001";"";"NE_0001";"NE_0001";"NE_0001";"NE_0001";"NE_0001";"NE_0001";"NE_0001"
"2023";"01";"120704";"JUNIN";"TARMA";"HUASAHUASI";"GOBIERNO REGIONAL";"I-1";"00000544";"PUNRAY";"NE_0001";"";"NE_0001";"NE_0001";"NE_0001";"NE_0001";"NE_0001";"NE_0001";"NE_0001"
"2023";"01";"120704";"JUNIN";"TARMA";"HUASAHUASI";"GOBIERNO REGIONAL";"I-1";"00000543";"CASCA";"NE_0001";"";"NE_0001";"NE_0001";"NE_0001";"NE_0001";"NE_0001";"NE_0001";"NE_0001"
"2023";"01";"150132";"LIMA";"LIMA";"SAN JUAN DE LURIGANCHO";"PRIVADO";"II-E";"00012267";"CLINICA SAN MARCOS";"240100";"HOSPITALIZACIÓN QUIRÚRGICA CIRUGÍA GENERAL ";"50";"50";"50";"58";"5";"157";"0"
"2023";"01";"150132";"LIMA";"LIMA";"SAN JUAN DE LURIGANCHO";"PRIVADO";"II-E";"00012267";"CLINICA SAN MARCOS";"240200";"HOSPITALIZACIÓN QUIRÚRGICA CIRUGÍA DE CABEZA Y CUELLO / MÁXILO FACIAL ";"6";"6";"6";"9";"1";"31";"0"
"2023";"01";"150132";"LIMA";"LIMA";"SAN JUAN DE LURIGANCHO";"PRIVADO";"II-E";"00012267";"CLINICA SAN MARCOS";"241300";"HOSPITALIZACIÓN QUIRÚRGICA UROLOGÍA  ";"5";"5";"5";"10";"3";"64";"0"
"2023";"01";"150132";"LIMA";"LIMA";"SAN JUAN DE LURIGANCHO";"PRIVADO";"II-E";"00012267";"CLINICA SAN MARCOS";"241400";"HOSPITALIZACIÓN QUIRÚRGICA GINECO - OBSTETRICIA ";"26";"26";"26";"45";"2";"63";"0"
"2023";"01";"150132";"LIMA";"LIMA";"SAN JUAN DE LURIGANCHO";"PRIVADO";"II-E";"00012267";"CLINICA SAN MARCOS";"241600";"HOSPITALIZACIÓN QUIRÚRGICA OBSTETRICIA   ";"3";"3";"3";"2";"1";"31";"0"
"2023";"01";"150132";"LIMA";"LIMA";"SAN JUAN DE LURIGANCHO";"PRIVADO";"II-E";"00012267";"CLINICA SAN MARCOS";"241900";"HOSPITALIZACIÓN DE MEDICINA MEDICINA INTERNA ";"1";"1";"1";"2";"1";"31";"0"
"2023";"01";"130101";"LA LIBERTAD";"TRUJILLO";"TRUJILLO";"ESSALUD";"II-1";"00008685";"HOSPITAL I ALBRECHT";"241800";"HOSPITALIZACIÓN DE MEDICINA MEDICINA GENERAL ";"23";"20";"135";"145";"5";"154";"0"
"2023";"01";"130101";"LA LIBERTAD";"TRUJILLO";"TRUJILLO";"ESSALUD";"II-1";"00008685";"HOSPITAL I ALBRECHT";"240100";"HOSPITALIZACIÓN QUIRÚRGICA CIRUGÍA GENERAL ";"33";"33";"101";"93";"4";"134";"0"
"2023";"01";"130101";"LA LIBERTAD";"TRUJILLO";"TRUJILLO";"ESSALUD";"II-1";"00008685";"HOSPITAL I ALBRECHT";"241500";"HOSPITALIZACIÓN QUIRÚRGICA GINECOLOGÍA  ";"75";"75";"94";"94";"4";"112";"0"
"2023";"01";"130101";"LA LIBERTAD";"TRUJILLO";"TRUJILLO";"ESSALUD";"II-1";"00008685";"HOSPITAL I ALBRECHT";"241600";"HOSPITALIZACIÓN QUIRÚRGICA OBSTETRICIA   ";"36";"36";"62";"63";"3";"112";"0"
"2023";"01";"130101";"LA LIBERTAD";"TRUJILLO";"TRUJILLO";"ESSALUD";"II-1";"00008685";"HOSPITAL I ALBRECHT";"242300";"HOSPITALIZACIÓN DE PEDIATRÍA  PEDIATRÍA  GENERAL ";"42";"39";"75";"84";"4";"123";"0"
"2023";"01";"030101";"APURIMAC";"ABANCAY";"ABANCAY";"ESSALUD";"II-2";"00011213";"HOSPITAL II ESSALUD ABANCAY";"241900";"HOSPITALIZACIÓN DE MEDICINA MEDICINA INTERNA ";"56";"55";"315";"413";"13";"403";"4"
"2023";"01";"030101";"APURIMAC";"ABANCAY";"ABANCAY";"ESSALUD";"II-2";"00011213";"HOSPITAL II ESSALUD ABANCAY";"250100";"UNIDAD DE CUIDADOS CRITICOS UNIDAD  DE CUIDADOS INTENSIVOS GENERALES (UCI) ";"6";"3";"38";"136";"5";"155";"0"
"2023";"01";"030101";"APURIMAC";"ABANCAY";"ABANCAY";"ESSALUD";"II-2";"00011213";"HOSPITAL II ESSALUD ABANCAY";"240100";"HOSPITALIZACIÓN QUIRÚRGICA CIRUGÍA GENERAL ";"92";"91";"385";"411";"14";"434";"0"
"2023";"01";"030101";"APURIMAC";"ABANCAY";"ABANCAY";"ESSALUD";"II-2";"00011213";"HOSPITAL II ESSALUD ABANCAY";"241400";"HOSPITALIZACIÓN QUIRÚRGICA GINECO - OBSTETRICIA ";"29";"29";"88";"75";"3";"93";"0"
"2023";"01";"030101";"APURIMAC";"ABANCAY";"ABANCAY";"ESSALUD";"II-2";"00011213";"HOSPITAL II ESSALUD ABANCAY";"241600";"HOSPITALIZACIÓN QUIRÚRGICA OBSTETRICIA   ";"70";"70";"157";"149";"5";"155";"0"
"2023";"01";"030101";"APURIMAC";"ABANCAY";"ABANCAY";"ESSALUD";"II-2";"00011213";"HOSPITAL II ESSALUD ABANCAY";"242300";"HOSPITALIZACIÓN DE PEDIATRÍA  PEDIATRÍA  GENERAL ";"30";"30";"114";"117";"4";"124";"0"
"2023";"01";"090101";"HUANCAVELICA";"HUANCAVELICA";"HUANCAVELICA";"PRIVADO";"I-3";"00009300";"JUAN PABLO II";"NE_0001";"";"NE_0001";"NE_0001";"NE_0001";"NE_0001";"NE_0001";"NE_0001";"NE_0001"
"2023";"01";"061204";"CAJAMARCA";"SAN PABLO";"TUMBADEN";"GOBIERNO REGIONAL";"I-1";"00004610";"EL REGALADO";"NE_0001";"";"NE_0001";"NE_0001";"NE_0001";"NE_0001";"NE_0001";"NE_0001";"NE_0001"
"2023";"01";"061202";"CAJAMARCA";"SAN PABLO";"SAN BERNARDINO";"GOBIERNO REGIONAL";"I-1";"00004539";"TUÑAD";"NE_0001";"";"NE_0001";"NE_0001";"NE_0001";"NE_0001";"NE_0001";"NE_0001";"NE_0001"
"2023";"01";"061203";"CAJAMARCA";"SAN PABLO";"SAN LUIS";"GOBIERNO REGIONAL";"I-1";"00004584";"PAMPA DE SAN LUIS";"NE_0001";"";"NE_0001";"NE_0001";"NE_0001";"NE_0001";"NE_0001";"NE_0001";"NE_0001"
"2023";"01";"061203";"CAJAMARCA";"SAN PABLO";"SAN LUIS";"GOBIERNO REGIONAL";"I-1";"00004585";"SAN LUIS BAJO - GRANDE";"NE_0001";"";"NE_0001";"NE_0001";"NE_0001";"NE_0001";"NE_0001";"NE_0001";"NE_0001"
"2023";"01";"061204";"CAJAMARCA";"SAN PABLO";"TUMBADEN";"GOBIERNO REGIONAL";"I-1";"00004582";"TUMBADEN ALTO";"NE_0001";"";"NE_0001";"NE_0001";"NE_0001";"NE_0001";"NE_0001";"NE_0001";"NE_0001"
"2023";"01";"061202";"CAJAMARCA";"SAN PABLO";"SAN BERNARDINO";"GOBIERNO REGIONAL";"I-2";"00004580";"SAN BERNARDINO";"NE_0001";"";"NE_0001";"NE_0001";"NE_0001";"NE_0001";"NE_0001";"NE_0001";"NE_0001"
"2023";"01";"061201";"CAJAMARCA";"SAN PABLO";"SAN PABLO";"GOBIERNO REGIONAL";"I-1";"00004586";"JANCOS";"NE_0001";"";"NE_0001";"NE_0001";"NE_0001";"NE_0001";"NE_0001";"NE_0001";"NE_0001"
"2023";"01";"061201";"CAJAMARCA";"SAN PABLO";"SAN PABLO";"GOBIERNO REGIONAL";"I-1";"00004611";"EL PATIÑO";"NE_0001";"";"NE_0001";"NE_0001";"NE_0001";"NE_0001";"NE_0001";"NE_0001";"NE_0001"
"2023";"01";"061204";"CAJAMARCA";"SAN PABLO";"TUMBADEN";"GOBIERNO REGIONAL";"I-2";"00004583";"TUMBADEN BAJO";"NE_0001";"";"NE_0001";"NE_0001";"NE_0001";"NE_0001";"NE_0001";"NE_0001";"NE_0001"
"2023";"01";"061201";"CAJAMARCA";"SAN PABLO";"SAN PABLO";"GOBIERNO REGIONAL";"I-2";"00004578";"CALLANCAS";"NE_0001";"";"NE_0001";"NE_0001";"NE_0001";"NE_0001";"NE_0001";"NE_0001";"NE_0001"
"2023";"01";"061201";"CAJAMARCA";"SAN PABLO";"SAN PABLO";"GOBIERNO REGIONAL";"I-4";"00004577";"SAN PABLO";"241800";"HOSPITALIZACIÓN DE MEDICINA MEDICINA GENERAL ";"4";"4";"12";"13";"3";"93";"0"
"2023";"01";"061201";"CAJAMARCA";"SAN PABLO";"SAN PABLO";"GOBIERNO REGIONAL";"I-4";"00004577";"SAN PABLO";"241600";"HOSPITALIZACIÓN QUIRÚRGICA OBSTETRICIA   ";"8";"8";"7";"7";"6";"186";"0"
"2023";"01";"061201";"CAJAMARCA";"SAN PABLO";"SAN PABLO";"GOBIERNO REGIONAL";"I-2";"00004581";"SANTA ROSA DE UNANCA";"NE_0001";"";"NE_0001";"NE_0001";"NE_0001";"NE_0001";"NE_0001";"NE_0001";"NE_0001"
"2023";"01";"061202";"CAJAMARCA";"SAN PABLO";"SAN BERNARDINO";"GOBIERNO REGIONAL";"I-1";"00004579";"POLAN";"NE_0001";"";"NE_0001";"NE_0001";"NE_0001";"NE_0001";"NE_0001";"NE_0001";"NE_0001"
"2023";"01";"060307";"CAJAMARCA";"CELENDIN";"MIGUEL IGLESIAS";"GOBIERNO REGIONAL";"I-3";"00004478";"MIGUEL IGLESIAS";"NE_0001";"";"NE_0001";"NE_0001";"NE_0001";"NE_0001";"NE_0001";"NE_0001";"NE_0001"
"2023";"01";"060307";"CAJAMARCA";"CELENDIN";"MIGUEL IGLESIAS";"GOBIERNO REGIONAL";"I-1";"00009085";"MUYOC GRANDE";"NE_0001";"";"NE_0001";"NE_0001";"NE_0001";"NE_0001";"NE_0001";"NE_0001";"NE_0001"
"2023";"01";"060302";"CAJAMARCA";"CELENDIN";"CHUMUCH";"GOBIERNO REGIONAL";"I-1";"00004479";"CHUMUCH";"NE_0001";"";"NE_0001";"NE_0001";"NE_0001";"NE_0001";"NE_0001";"NE_0001";"NE_0001"
"2023";"01";"060312";"CAJAMARCA";"CELENDIN";"LA LIBERTAD DE PALLAN";"GOBIERNO REGIONAL";"I-2";"00004481";"LA LIBERTAD DE PALLAN";"NE_0001";"";"NE_0001";"NE_0001";"NE_0001";"NE_0001";"NE_0001";"NE_0001";"NE_0001"
"2023";"01";"060312";"CAJAMARCA";"CELENDIN";"LA LIBERTAD DE PALLAN";"GOBIERNO REGIONAL";"I-1";"00004480";"NUEVA ESPERANZA";"NE_0001";"";"NE_0001";"NE_0001";"NE_0001";"NE_0001";"NE_0001";"NE_0001";"NE_0001"
"2023";"01";"060312";"CAJAMARCA";"CELENDIN";"LA LIBERTAD DE PALLAN";"GOBIERNO REGIONAL";"I-1";"00006756";"RAMOSCUCHO";"NE_0001";"";"NE_0001";"NE_0001";"NE_0001";"NE_0001";"NE_0001";"NE_0001";"NE_0001"
"2023";"01";"060307";"CAJAMARCA";"CELENDIN";"MIGUEL IGLESIAS";"GOBIERNO REGIONAL";"I-1";"00009088";"PIZON";"NE_0001";"";"NE_0001";"NE_0001";"NE_0001";"NE_0001";"NE_0001";"NE_0001";"NE_0001"
"2023";"01";"060307";"CAJAMARCA";"CELENDIN";"MIGUEL IGLESIAS";"GOBIERNO REGIONAL";"I-1";"00011156";"MUYOC CHICO";"NE_0001";"";"NE_0001";"NE_0001";"NE_0001";"NE_0001";"NE_0001";"NE_0001";"NE_0001"
"2023";"01";"060302";"CAJAMARCA";"CELENDIN";"CHUMUCH";"GOBIERNO REGIONAL";"I-1";"00006759";"RAMBRAN";"NE_0001";"";"NE_0001";"NE_0001";"NE_0001";"NE_0001";"NE_0001";"NE_0001";"NE_0001"
"2023";"01";"060307";"CAJAMARCA";"CELENDIN";"MIGUEL IGLESIAS";"GOBIERNO REGIONAL";"I-1";"00025042";"JORGE CHAVEZ DE MIGUEL IGLESIAS";"NE_0001";"";"NE_0001";"NE_0001";"NE_0001";"NE_0001";"NE_0001";"NE_0001";"NE_0001"
"2023";"01";"060607";"CAJAMARCA";"CUTERVO";"QUEROCOTILLO";"GOBIERNO REGIONAL";"I-1";"00007101";"EL GUAYO";"NE_0001";"";"NE_0001";"NE_0001";"NE_0001";"NE_0001";"NE_0001";"NE_0001";"NE_0001"
"2023";"01";"060601";"CAJAMARCA";"CUTERVO";"CUTERVO";"GOBIERNO REGIONAL";"I-1";"00006851";"HUICHUD";"NE_0001";"";"NE_0001";"NE_0001";"NE_0001";"NE_0001";"NE_0001";"NE_0001";"NE_0001"
"2023";"01";"060601";"CAJAMARCA";"CUTERVO";"CUTERVO";"GOBIERNO REGIONAL";"I-1";"00007102";"SANICULLO ALTO";"NE_0001";"";"NE_0001";"NE_0001";"NE_0001";"NE_0001";"NE_0001";"NE_0001";"NE_0001"
"2023";"01";"060607";"CAJAMARCA";"CUTERVO";"QUEROCOTILLO";"GOBIERNO REGIONAL";"I-1";"00007746";"LAGUNAS";"NE_0001";"";"NE_0001";"NE_0001";"NE_0001";"NE_0001";"NE_0001";"NE_0001";"NE_0001"
"2023";"01";"060607";"CAJAMARCA";"CUTERVO";"QUEROCOTILLO";"GOBIERNO REGIONAL";"I-1";"00007747";"PAJURILLO";"NE_0001";"";"NE_0001";"NE_0001";"NE_0001";"NE_0001";"NE_0001";"NE_0001";"NE_0001"
"2023";"01";"060601";"CAJAMARCA";"CUTERVO";"CUTERVO";"GOBIERNO REGIONAL";"I-1";"00007752";"SANTA CLARA DE CAMSE";"NE_0001";"";"NE_0001";"NE_0001";"NE_0001";"NE_0001";"NE_0001";"NE_0001";"NE_0001"
"2023";"01";"060601";"CAJAMARCA";"CUTERVO";"CUTERVO";"GOBIERNO REGIONAL";"I-3";"00004992";"SINCHIMACHE";"NE_0001";"";"NE_0001";"NE_0001";"NE_0001";"NE_0001";"NE_0001";"NE_0001";"NE_0001"
"2023";"01";"060601";"CAJAMARCA";"CUTERVO";"CUTERVO";"GOBIERNO REGIONAL";"I-3";"00004993";"NARANJITO DE CAMSE";"NE_0001";"";"NE_0001";"NE_0001";"NE_0001";"NE_0001";"NE_0001";"NE_0001";"NE_0001"
"2023";"01";"060601";"CAJAMARCA";"CUTERVO";"CUTERVO";"GOBIERNO REGIONAL";"I-2";"00004994";"PAYAC";"NE_0001";"";"NE_0001";"NE_0001";"NE_0001";"NE_0001";"NE_0001";"NE_0001";"NE_0001"
"2023";"01";"060601";"CAJAMARCA";"CUTERVO";"CUTERVO";"GOBIERNO REGIONAL";"I-1";"00008922";"LA CASCARILLA";"NE_0001";"";"NE_0001";"NE_0001";"NE_0001";"NE_0001";"NE_0001";"NE_0001";"NE_0001"
"2023";"01";"110108";"ICA";"ICA";"SALAS";"GOBIERNO REGIONAL";"I-3";"00003363";"GUADALUPE";"241600";"HOSPITALIZACIÓN QUIRÚRGICA OBSTETRICIA   ";"2";"2";"2";"3";"3";"93";"0"
"2023";"01";"110112";"ICA";"ICA";"SUBTANJALLA";"GOBIERNO REGIONAL";"I-3";"00003362";"SUBTANJALLA";"NE_0001";"";"NE_0001";"NE_0001";"NE_0001";"NE_0001";"NE_0001";"NE_0001";"NE_0001"
"2023";"01";"110108";"ICA";"ICA";"SALAS";"GOBIERNO REGIONAL";"I-2";"00003384";"PAMPA DE VILLACURI";"NE_0001";"";"NE_0001";"NE_0001";"NE_0001";"NE_0001";"NE_0001";"NE_0001";"NE_0001"
"2023";"01";"110112";"ICA";"ICA";"SUBTANJALLA";"GOBIERNO REGIONAL";"I-3";"00003378";"LA ANGOSTURA";"NE_0001";"";"NE_0001";"NE_0001";"NE_0001";"NE_0001";"NE_0001";"NE_0001";"NE_0001"
"2023";"01";"110112";"ICA";"ICA";"SUBTANJALLA";"GOBIERNO REGIONAL";"I-2";"00003380";"YANQUIZA";"NE_0001";"";"NE_0001";"NE_0001";"NE_0001";"NE_0001";"NE_0001";"NE_0001";"NE_0001"
"2023";"01";"110108";"ICA";"ICA";"SALAS";"GOBIERNO REGIONAL";"I-2";"00003382";"COLLAZOS";"NE_0001";"";"NE_0001";"NE_0001";"NE_0001";"NE_0001";"NE_0001";"NE_0001";"NE_0001"
"2023";"01";"110112";"ICA";"ICA";"SUBTANJALLA";"GOBIERNO REGIONAL";"I-2";"00003379";"ARRABALES";"NE_0001";"";"NE_0001";"NE_0001";"NE_0001";"NE_0001";"NE_0001";"NE_0001";"NE_0001"
"2023";"01";"110108";"ICA";"ICA";"SALAS";"GOBIERNO REGIONAL";"I-2";"00003383";"CERRO PRIETO";"NE_0001";"";"NE_0001";"NE_0001";"NE_0001";"NE_0001";"NE_0001";"NE_0001";"NE_0001"
"2023";"01";"060508";"CAJAMARCA";"CONTUMAZA";"YONAN";"GOBIERNO REGIONAL";"I-1";"00004589";"CAFETAL";"NE_0002";"";"NE_0002";"NE_0002";"NE_0002";"NE_0002";"NE_0002";"NE_0002";"NE_0002"
"2023";"01";"060508";"CAJAMARCA";"CONTUMAZA";"YONAN";"GOBIERNO REGIONAL";"I-1";"00004588";"VENTANILLA";"NE_0002";"";"NE_0002";"NE_0002";"NE_0002";"NE_0002";"NE_0002";"NE_0002";"NE_0002"
"2023";"01";"060503";"CAJAMARCA";"CONTUMAZA";"CUPISNIQUE";"GOBIERNO REGIONAL";"I-1";"00004590";"TRINIDAD";"NE_0002";"";"NE_0002";"NE_0002";"NE_0002";"NE_0002";"NE_0002";"NE_0002";"NE_0002"
"2023";"01";"060503";"CAJAMARCA";"CONTUMAZA";"CUPISNIQUE";"GOBIERNO REGIONAL";"I-1";"00004591";"SANTA CATALINA";"NE_0002";"";"NE_0002";"NE_0002";"NE_0002";"NE_0002";"NE_0002";"NE_0002";"NE_0002"
"2023";"01";"060508";"CAJAMARCA";"CONTUMAZA";"YONAN";"GOBIERNO REGIONAL";"I-4";"00004587";"TEMBLADERA";"241600";"HOSPITALIZACIÓN QUIRÚRGICA OBSTETRICIA   ";"7";"7";"11";"55";"5";"155";"0"
"2023";"01";"060508";"CAJAMARCA";"CONTUMAZA";"YONAN";"GOBIERNO REGIONAL";"I-4";"00004587";"TEMBLADERA";"241800";"HOSPITALIZACIÓN DE MEDICINA MEDICINA GENERAL ";"33";"34";"65";"185";"12";"372";"0"
"2023";"01";"060508";"CAJAMARCA";"CONTUMAZA";"YONAN";"GOBIERNO REGIONAL";"I-1";"00004592";"PAY PAY";"NE_0002";"";"NE_0002";"NE_0002";"NE_0002";"NE_0002";"NE_0002";"NE_0002";"NE_0002"
"2023";"01";"050206";"AYACUCHO";"CANGALLO";"TOTOS";"GOBIERNO REGIONAL";"I-1";"00003625";"QUIÑASI";"NE_0001";"";"NE_0001";"NE_0001";"NE_0001";"NE_0001";"NE_0001";"NE_0001";"NE_0001"
"2023";"01";"051012";"AYACUCHO";"VICTOR FAJARDO";"VILCANCHOS";"GOBIERNO REGIONAL";"I-1";"00003627";"COCAS";"NE_0001";"";"NE_0001";"NE_0001";"NE_0001";"NE_0001";"NE_0001";"NE_0001";"NE_0001"
"2023";"01";"050206";"AYACUCHO";"CANGALLO";"TOTOS";"GOBIERNO REGIONAL";"I-1";"00003622";"CHUYMAY";"NE_0001";"";"NE_0001";"NE_0001";"NE_0001";"NE_0001";"NE_0001";"NE_0001";"NE_0001"
"2023";"01";"050206";"AYACUCHO";"CANGALLO";"TOTOS";"GOBIERNO REGIONAL";"I-3";"00003623";"CENTRO DE SALUD TOTOS";"241400";"HOSPITALIZACIÓN QUIRÚRGICA GINECO - OBSTETRICIA ";"1";"6";"9";"1";"1";"2";"0"
"2023";"01";"051012";"AYACUCHO";"VICTOR FAJARDO";"VILCANCHOS";"GOBIERNO REGIONAL";"I-2";"00003628";"PUESTO DE SALUD VILCANCHOS";"NE_0001";"";"NE_0001";"NE_0001";"NE_0001";"NE_0001";"NE_0001";"NE_0001";"NE_0001"
"2023";"02";"090701";"HUANCAVELICA";"TAYACAJA";"PAMPAS";"SANIDAD DE LA POLICIA NACIONAL DEL PERU";"I-2";"00010153";"POSTA MEDICA POLICIAL PAMPAS";"NE_0001";"";"NE_0001";"NE_0001";"NE_0001";"NE_0001";"NE_0001";"NE_0001";"NE_0001"
"2023";"02";"040701";"AREQUIPA";"ISLAY";"MOLLENDO";"SANIDAD DE LA POLICIA NACIONAL DEL PERU";"I-2";"00017336";"IX MACRO REGION DE SANIDAD POLICIAL  AREQUIPA / HOSREPOL AREQUIPA/ POSTA MEDICA POLICIAL ISLAY";"NE_0001";"";"NE_0001";"NE_0001";"NE_0001";"NE_0001";"NE_0001";"NE_0001";"NE_0001"
"2023";"02";"130701";"LA LIBERTAD";"PACASMAYO";"SAN PEDRO DE LLOC";"ESSALUD";"I-2";"00012097";"POSTA DE SALUD SAN PEDRO DE LLOC";"NE_0001";"";"NE_0001";"NE_0001";"NE_0001";"NE_0001";"NE_0001";"NE_0001";"NE_0001"
"2023";"02";"120606";"JUNIN";"SATIPO";"PANGOA";"GOBIERNO REGIONAL";"I-2";"00000451";"MATERENI";"NE_0001";"";"NE_0001";"NE_0001";"NE_0001";"NE_0001";"NE_0001";"NE_0001";"NE_0001"
"2023";"02";"120606";"JUNIN";"SATIPO";"PANGOA";"GOBIERNO REGIONAL";"I-1";"00021802";"SAN JUAN DE PUEBLO LIBRE";"NE_0001";"";"NE_0001";"NE_0001";"NE_0001";"NE_0001";"NE_0001";"NE_0001";"NE_0001"
"2023";"02";"120606";"JUNIN";"SATIPO";"PANGOA";"GOBIERNO REGIONAL";"I-3";"00000446";"CUBANTIA";"NE_0001";"";"NE_0001";"NE_0001";"NE_0001";"NE_0001";"NE_0001";"NE_0001";"NE_0001"
"2023";"02";"120606";"JUNIN";"SATIPO";"PANGOA";"GOBIERNO REGIONAL";"I-1";"00000449";"MAZARONQUIARI";"NE_0001";"";"NE_0001";"NE_0001";"NE_0001";"NE_0001";"NE_0001";"NE_0001";"NE_0001"
"2023";"02";"120606";"JUNIN";"SATIPO";"PANGOA";"GOBIERNO REGIONAL";"I-1";"00000452";"FORTALEZA";"NE_0001";"";"NE_0001";"NE_0001";"NE_0001";"NE_0001";"NE_0001";"NE_0001";"NE_0001"
"2023";"02";"120606";"JUNIN";"SATIPO";"PANGOA";"GOBIERNO REGIONAL";"I-1";"00021804";"ALTO CHICHIRENI";"NE_0001";"";"NE_0001";"NE_0001";"NE_0001";"NE_0001";"NE_0001";"NE_0001";"NE_0001"
"2023";"02";"120606";"JUNIN";"SATIPO";"PANGOA";"GOBIERNO REGIONAL";"I-1";"00000457";"BOCA KIATARI";"NE_0001";"";"NE_0001";"NE_0001";"NE_0001";"NE_0001";"NE_0001";"NE_0001";"NE_0001"
"2023";"02";"120606";"JUNIN";"SATIPO";"PANGOA";"GOBIERNO REGIONAL";"I-1";"00021801";"SANTA CRUZ DE ANAPATI";"NE_0001";"";"NE_0001";"NE_0001";"NE_0001";"NE_0001";"NE_0001";"NE_0001";"NE_0001"
"2023";"02";"120606";"JUNIN";"SATIPO";"PANGOA";"GOBIERNO REGIONAL";"I-1";"00027800";"MAVENI";"NE_0001";"";"NE_0001";"NE_0001";"NE_0001";"NE_0001";"NE_0001";"NE_0001";"NE_0001"
"2023";"02";"120606";"JUNIN";"SATIPO";"PANGOA";"GOBIERNO REGIONAL";"I-1";"00000454";"CAMPIRUSHARI";"NE_0001";"";"NE_0001";"NE_0001";"NE_0001";"NE_0001";"NE_0001";"NE_0001";"NE_0001"
"2023";"02";"120606";"JUNIN";"SATIPO";"PANGOA";"GOBIERNO REGIONAL";"I-1";"00021805";"SAN JUAN DE SANGARENI";"NE_0001";"";"NE_0001";"NE_0001";"NE_0001";"NE_0001";"NE_0001";"NE_0001";"NE_0001"
"2023";"02";"120606";"JUNIN";"SATIPO";"PANGOA";"GOBIERNO REGIONAL";"I-1";"00021806";"LIBERTAD DE ANAPATI";"NE_0001";"";"NE_0001";"NE_0001";"NE_0001";"NE_0001";"NE_0001";"NE_0001";"NE_0001"
"2023";"02";"120606";"JUNIN";"SATIPO";"PANGOA";"GOBIERNO REGIONAL";"I-1";"00024571";"PUERTO PORVENIR";"NE_0001";"";"NE_0001";"NE_0001";"NE_0001";"NE_0001";"NE_0001";"NE_0001";"NE_0001"
"2023";"02";"120606";"JUNIN";"SATIPO";"PANGOA";"GOBIERNO REGIONAL";"I-1";"00027801";"PUERTO ANAPATI";"NE_0001";"";"NE_0001";"NE_0001";"NE_0001";"NE_0001";"NE_0001";"NE_0001";"NE_0001"
"2023";"02";"080701";"CUSCO";"CHUMBIVILCAS";"SANTO TOMAS";"GOBIERNO REGIONAL";"I-1";"00007111";"YAVINA";"NE_0001";"";"NE_0001";"NE_0001";"NE_0001";"NE_0001";"NE_0001";"NE_0001";"NE_0001"
"2023";"02";"080704";"CUSCO";"CHUMBIVILCAS";"COLQUEMARCA";"GOBIERNO REGIONAL";"I-1";"00008913";"HUARACO";"NE_0001";"";"NE_0001";"NE_0001";"NE_0001";"NE_0001";"NE_0001";"NE_0001";"NE_0001"
"2023";"02";"080701";"CUSCO";"CHUMBIVILCAS";"SANTO TOMAS";"GOBIERNO REGIONAL";"I-2";"00002400";"ALHUACCHULLO";"NE_0001";"";"NE_0001";"NE_0001";"NE_0001";"NE_0001";"NE_0001";"NE_0001";"NE_0001"
"2023";"02";"050601";"AYACUCHO";"LUCANAS";"PUQUIO";"GOBIERNO REGIONAL";"II-1";"00003727";"HOSPITAL DE APOYO DE PUQUIO ""FELIPE HUAMÁN POMA DE AYALA""";"240100";"HOSPITALIZACIÓN QUIRÚRGICA CIRUGÍA GENERAL ";"9";"9";"42";"9";"8";"224";"0"
"2023";"02";"050601";"AYACUCHO";"LUCANAS";"PUQUIO";"GOBIERNO REGIONAL";"II-1";"00003727";"HOSPITAL DE APOYO DE PUQUIO ""FELIPE HUAMÁN POMA DE AYALA""";"241400";"HOSPITALIZACIÓN QUIRÚRGICA GINECO - OBSTETRICIA ";"3";"3";"8";"3";"2";"56";"0"
"2023";"02";"050601";"AYACUCHO";"LUCANAS";"PUQUIO";"GOBIERNO REGIONAL";"II-1";"00003727";"HOSPITAL DE APOYO DE PUQUIO ""FELIPE HUAMÁN POMA DE AYALA""";"241500";"HOSPITALIZACIÓN QUIRÚRGICA GINECOLOGÍA  ";"12";"14";"26";"12";"2";"56";"0"
"2023";"02";"050601";"AYACUCHO";"LUCANAS";"PUQUIO";"GOBIERNO REGIONAL";"II-1";"00003727";"HOSPITAL DE APOYO DE PUQUIO ""FELIPE HUAMÁN POMA DE AYALA""";"241600";"HOSPITALIZACIÓN QUIRÚRGICA OBSTETRICIA   ";"27";"28";"57";"27";"8";"224";"0"
"2023";"02";"050601";"AYACUCHO";"LUCANAS";"PUQUIO";"GOBIERNO REGIONAL";"II-1";"00003727";"HOSPITAL DE APOYO DE PUQUIO ""FELIPE HUAMÁN POMA DE AYALA""";"241800";"HOSPITALIZACIÓN DE MEDICINA MEDICINA GENERAL ";"10";"13";"101";"10";"10";"280";"2"
"2023";"02";"050601";"AYACUCHO";"LUCANAS";"PUQUIO";"GOBIERNO REGIONAL";"II-1";"00003727";"HOSPITAL DE APOYO DE PUQUIO ""FELIPE HUAMÁN POMA DE AYALA""";"242200";"HOSPITALIZACIÓN DE MEDICINA PSIQUIATRÍA ";"1";"1";"3";"1";"1";"28";"0"
"2023";"02";"050601";"AYACUCHO";"LUCANAS";"PUQUIO";"GOBIERNO REGIONAL";"II-1";"00003727";"HOSPITAL DE APOYO DE PUQUIO ""FELIPE HUAMÁN POMA DE AYALA""";"242500";"HOSPITALIZACIÓN-PEDIATRÍA GENERAL-";"4";"6";"25";"4";"11";"308";"0"
"2023";"02";"050601";"AYACUCHO";"LUCANAS";"PUQUIO";"GOBIERNO REGIONAL";"II-1";"00003727";"HOSPITAL DE APOYO DE PUQUIO ""FELIPE HUAMÁN POMA DE AYALA""";"243200";"HOSPITALIZACIÓN DE PEDIATRÍA PEDIATRIA NEONATOLOGÍA";"2";"2";"3";"2";"7";"196";"0"
"2023";"02";"050601";"AYACUCHO";"LUCANAS";"PUQUIO";"GOBIERNO REGIONAL";"II-1";"00003727";"HOSPITAL DE APOYO DE PUQUIO ""FELIPE HUAMÁN POMA DE AYALA""";"250105";"UNIDAD DE CUIDADOS CRITICOS UNIDAD  DE CUIDADOS INTENSIVOS  (UCI) NEONATOLOGÍA";"2";"2";"2";"2";"1";"28";"0"
"2023";"02";"150131";"LIMA";"LIMA";"SAN ISIDRO";"PRIVADO";"II-2";"00009123";"CLINICA ANGLOAMERICANA";"240000";"HOSPITALIZACIÓN";"394";"398";"1967";"1697";"93";"2477";"5"
"2023";"03";"051009";"AYACUCHO";"VICTOR FAJARDO";"HUANCARAYLLA";"GOBIERNO REGIONAL";"I-1";"00003837";"PUESTO DE SALUD CIRCAMARCA";"NE_0001";"";"NE_0001";"NE_0001";"NE_0001";"NE_0001";"NE_0001";"NE_0001";"NE_0001"
"2023";"03";"051004";"AYACUCHO";"VICTOR FAJARDO";"ASQUIPATA";"GOBIERNO REGIONAL";"I-1";"00003822";"PUESTO DE SALUD CHIHUIRE";"NE_0001";"";"NE_0001";"NE_0001";"NE_0001";"NE_0001";"NE_0001";"NE_0001";"NE_0001"
"2023";"03";"051010";"AYACUCHO";"VICTOR FAJARDO";"HUALLA";"GOBIERNO REGIONAL";"I-3";"00003829";"CENTRO DE SALUD HUALLA";"NE_0002";"";"NE_0002";"NE_0002";"NE_0002";"NE_0002";"NE_0002";"NE_0002";"NE_0002"
"2023";"03";"051010";"AYACUCHO";"VICTOR FAJARDO";"HUALLA";"GOBIERNO REGIONAL";"I-1";"00003830";"PUESTO DE SALUD TIQUIHUA";"NE_0001";"";"NE_0001";"NE_0001";"NE_0001";"NE_0001";"NE_0001";"NE_0001";"NE_0001"
"2023";"03";"051009";"AYACUCHO";"VICTOR FAJARDO";"HUANCARAYLLA";"GOBIERNO REGIONAL";"I-2";"00003838";"PUESTO DE SALUD HUANCARAYLLA";"NE_0001";"";"NE_0001";"NE_0001";"NE_0001";"NE_0001";"NE_0001";"NE_0001";"NE_0001"
"2023";"03";"051003";"AYACUCHO";"VICTOR FAJARDO";"APONGO";"GOBIERNO REGIONAL";"I-1";"00003819";"APONGO";"NE_0001";"";"NE_0001";"NE_0001";"NE_0001";"NE_0001";"NE_0001";"NE_0001";"NE_0001"
"2023";"03";"051005";"AYACUCHO";"VICTOR FAJARDO";"CANARIA";"GOBIERNO REGIONAL";"I-2";"00003826";"PUESTO DE SALUD TACA";"NE_0001";"";"NE_0001";"NE_0001";"NE_0001";"NE_0001";"NE_0001";"NE_0001";"NE_0001"
"2023";"03";"051008";"AYACUCHO";"VICTOR FAJARDO";"HUAMANQUIQUIA";"GOBIERNO REGIONAL";"I-2";"00003831";"PUESTO DE SALUD HUAMANQUIQUIA";"NE_0001";"";"NE_0001";"NE_0001";"NE_0001";"NE_0001";"NE_0001";"NE_0001";"NE_0001"
"2023";"01";"250101";"UCAYALI";"CORONEL PORTILLO";"CALLERIA";"GOBIERNO REGIONAL";"I-3";"00030785";"CENTRO DE SALUD MENTAL COMUNITARIO UNIVERSITARIO MAYUSHIN";"NE_0001";"";"NE_0001";"NE_0001";"NE_0001";"NE_0001";"NE_0001";"NE_0001";"NE_0001"
"2023";"03";"051108";"AYACUCHO";"VILCAS HUAMAN";"VISCHONGO";"GOBIERNO REGIONAL";"I-1";"00003840";"PUESTO DE SALUD UMARO";"NE_0001";"";"NE_0001";"NE_0001";"NE_0001";"NE_0001";"NE_0001";"NE_0001";"NE_0001"
"2023";"01";"250101";"UCAYALI";"CORONEL PORTILLO";"CALLERIA";"GOBIERNO REGIONAL";"I-3";"00028683";"CENTRO DE SALUD MENTAL COMUNITARIO BENA MANATI";"NE_0001";"";"NE_0001";"NE_0001";"NE_0001";"NE_0001";"NE_0001";"NE_0001";"NE_0001"
"2023";"03";"051004";"AYACUCHO";"VICTOR FAJARDO";"ASQUIPATA";"GOBIERNO REGIONAL";"I-1";"00003821";"PUESTO DE SALUD ASQUIPATA";"NE_0001";"";"NE_0001";"NE_0001";"NE_0001";"NE_0001";"NE_0001";"NE_0001";"NE_0001"
"2023";"01";"250105";"UCAYALI";"CORONEL PORTILLO";"YARINACOCHA";"GOBIERNO REGIONAL";"I-1";"00013264";"SANIDAD AEREA";"NE_0001";"";"NE_0001";"NE_0001";"NE_0001";"NE_0001";"NE_0001";"NE_0001";"NE_0001"
"2023";"03";"051004";"AYACUCHO";"VICTOR FAJARDO";"ASQUIPATA";"GOBIERNO REGIONAL";"I-1";"00003823";"PUESTO DE SALUD MORCOLLA CHICO";"NE_0001";"";"NE_0001";"NE_0001";"NE_0001";"NE_0001";"NE_0001";"NE_0001";"NE_0001"
"2023";"01";"250101";"UCAYALI";"CORONEL PORTILLO";"CALLERIA";"GOBIERNO REGIONAL";"I-3";"00005569";"CLAS TUPAC AMARU";"NE_0001";"";"NE_0001";"NE_0001";"NE_0001";"NE_0001";"NE_0001";"NE_0001";"NE_0001"
"2023";"03";"051008";"AYACUCHO";"VICTOR FAJARDO";"HUAMANQUIQUIA";"GOBIERNO REGIONAL";"I-1";"00003833";"PUESTO DE SALUD TINCA";"NE_0001";"";"NE_0001";"NE_0001";"NE_0001";"NE_0001";"NE_0001";"NE_0001";"NE_0001"
"2023";"01";"250101";"UCAYALI";"CORONEL PORTILLO";"CALLERIA";"GOBIERNO REGIONAL";"I-2";"00005568";"DOS DE MAYO";"NE_0001";"";"NE_0001";"NE_0001";"NE_0001";"NE_0001";"NE_0001";"NE_0001";"NE_0001"
"2023";"03";"051007";"AYACUCHO";"VICTOR FAJARDO";"COLCA";"GOBIERNO REGIONAL";"I-1";"00003836";"PUESTO DE SALUD QUILLA";"NE_0001";"";"NE_0001";"NE_0001";"NE_0001";"NE_0001";"NE_0001";"NE_0001";"NE_0001"
"2023";"01";"250101";"UCAYALI";"CORONEL PORTILLO";"CALLERIA";"GOBIERNO REGIONAL";"I-3";"00005567";"JOSE OLAYA";"NE_0001";"";"NE_0001";"NE_0001";"NE_0001";"NE_0001";"NE_0001";"NE_0001";"NE_0001"
"2023";"03";"051001";"AYACUCHO";"VICTOR FAJARDO";"HUANCAPI";"GOBIERNO REGIONAL";"I-4";"00003834";"CENTRO DE SALUD HUANCAPI";"241600";"HOSPITALIZACIÓN QUIRÚRGICA OBSTETRICIA   ";"3";"3";"9";"3";"3";"8";"0"
"2023";"03";"051001";"AYACUCHO";"VICTOR FAJARDO";"HUANCAPI";"GOBIERNO REGIONAL";"I-4";"00003834";"CENTRO DE SALUD HUANCAPI";"241800";"HOSPITALIZACIÓN DE MEDICINA MEDICINA GENERAL ";"2";"2";"4";"3";"3";"8";"0"
"2023";"01";"250105";"UCAYALI";"CORONEL PORTILLO";"YARINACOCHA";"GOBIERNO REGIONAL";"I-3";"00005566";"HUSARES DEL PERU.";"NE_0001";"";"NE_0001";"NE_0001";"NE_0001";"NE_0001";"NE_0001";"NE_0001";"NE_0001"
"2023";"03";"051009";"AYACUCHO";"VICTOR FAJARDO";"HUANCARAYLLA";"GOBIERNO REGIONAL";"I-1";"00003839";"PUESTO DE SALUD LLUSITA";"NE_0001";"";"NE_0001";"NE_0001";"NE_0001";"NE_0001";"NE_0001";"NE_0001";"NE_0001"
"2023";"01";"250101";"UCAYALI";"CORONEL PORTILLO";"CALLERIA";"GOBIERNO REGIONAL";"I-3";"00005565";"NUEVO PARAISO";"NE_0001";"";"NE_0001";"NE_0001";"NE_0001";"NE_0001";"NE_0001";"NE_0001";"NE_0001"
"2023";"03";"051005";"AYACUCHO";"VICTOR FAJARDO";"CANARIA";"GOBIERNO REGIONAL";"I-3";"00003824";"CENTRO DE SALUD CANARIA";"NE_0002";"";"NE_0002";"NE_0002";"NE_0002";"NE_0002";"NE_0002";"NE_0002";"NE_0002"
"2023";"01";"250105";"UCAYALI";"CORONEL PORTILLO";"YARINACOCHA";"GOBIERNO REGIONAL";"I-2";"00005559";"SHIRAMBARI.";"NE_0001";"";"NE_0001";"NE_0001";"NE_0001";"NE_0001";"NE_0001";"NE_0001";"NE_0001"
"2023";"03";"051006";"AYACUCHO";"VICTOR FAJARDO";"CAYARA";"GOBIERNO REGIONAL";"I-2";"00003828";"PUESTO DE SALUD CAYARA";"NE_0001";"";"NE_0001";"NE_0001";"NE_0001";"NE_0001";"NE_0001";"NE_0001";"NE_0001"
"2023";"01";"250105";"UCAYALI";"CORONEL PORTILLO";"YARINACOCHA";"GOBIERNO REGIONAL";"I-1";"00005547";"SANTA TERESITA";"NE_0001";"";"NE_0001";"NE_0001";"NE_0001";"NE_0001";"NE_0001";"NE_0001";"NE_0001"
"2023";"03";"051007";"AYACUCHO";"VICTOR FAJARDO";"COLCA";"GOBIERNO REGIONAL";"I-1";"00003835";"PUESTO DE SALUD COLCA";"NE_0001";"";"NE_0001";"NE_0001";"NE_0001";"NE_0001";"NE_0001";"NE_0001";"NE_0001"
"2023";"01";"250105";"UCAYALI";"CORONEL PORTILLO";"YARINACOCHA";"GOBIERNO REGIONAL";"I-3";"00005539";"CENTRO AMERICA";"NE_0001";"";"NE_0001";"NE_0001";"NE_0001";"NE_0001";"NE_0001";"NE_0001";"NE_0001"
"2023";"01";"250304";"UCAYALI";"PADRE ABAD";"NESHUYA";"GOBIERNO REGIONAL";"I-1";"00021850";"VIRGEN DEL CARMEN";"NE_0001";"";"NE_0001";"NE_0001";"NE_0001";"NE_0001";"NE_0001";"NE_0001";"NE_0001"
"2023";"01";"250304";"UCAYALI";"PADRE ABAD";"NESHUYA";"GOBIERNO REGIONAL";"I-1";"00030508";"PUESTO DE SALUD NOLBERTH DE ALTO ARUYA";"NE_0001";"";"NE_0001";"NE_0001";"NE_0001";"NE_0001";"NE_0001";"NE_0001";"NE_0001"
"2023";"01";"250304";"UCAYALI";"PADRE ABAD";"NESHUYA";"GOBIERNO REGIONAL";"I-1";"00030507";"PUESTO DE SALUD MAR DE PLATA";"NE_0001";"";"NE_0001";"NE_0001";"NE_0001";"NE_0001";"NE_0001";"NE_0001";"NE_0001"
"2023";"01";"250304";"UCAYALI";"PADRE ABAD";"NESHUYA";"GOBIERNO REGIONAL";"I-1";"00007461";"SANTA ROSA DE GUINEA";"NE_0001";"";"NE_0001";"NE_0001";"NE_0001";"NE_0001";"NE_0001";"NE_0001";"NE_0001"
"2023";"01";"250304";"UCAYALI";"PADRE ABAD";"NESHUYA";"GOBIERNO REGIONAL";"I-1";"00007116";"VILLA DEL CAMPO";"NE_0001";"";"NE_0001";"NE_0001";"NE_0001";"NE_0001";"NE_0001";"NE_0001";"NE_0001"
"2023";"01";"250305";"UCAYALI";"PADRE ABAD";"ALEXANDER VON HUMBOLDT";"GOBIERNO REGIONAL";"I-1";"00005421";"EL MILAGRO KM   83";"NE_0001";"";"NE_0001";"NE_0001";"NE_0001";"NE_0001";"NE_0001";"NE_0001";"NE_0001"
"2023";"01";"250304";"UCAYALI";"PADRE ABAD";"NESHUYA";"GOBIERNO REGIONAL";"I-1";"00005420";"NUEVO SAN JUAN KM. 69";"NE_0001";"";"NE_0001";"NE_0001";"NE_0001";"NE_0001";"NE_0001";"NE_0001";"NE_0001"
"2023";"03";"021601";"ANCASH";"POMABAMBA";"POMABAMBA";"GOBIERNO REGIONAL";"I-1";"00001766";"PUESTO DE SALUD SOCSI";"NE_0001";"";"NE_0001";"NE_0001";"NE_0001";"NE_0001";"NE_0001";"NE_0001";"NE_0001"
"2023";"03";"021601";"ANCASH";"POMABAMBA";"POMABAMBA";"GOBIERNO REGIONAL";"I-1";"00001767";"PUESTO DE SALUD CHUYAS";"NE_0001";"";"NE_0001";"NE_0001";"NE_0001";"NE_0001";"NE_0001";"NE_0001";"NE_0001"
"2023";"03";"021602";"ANCASH";"POMABAMBA";"HUAYLLAN";"GOBIERNO REGIONAL";"I-1";"00001772";"PUESTO DE SALUD HUAYLLAN";"NE_0001";"";"NE_0001";"NE_0001";"NE_0001";"NE_0001";"NE_0001";"NE_0001";"NE_0001"
"2023";"03";"021602";"ANCASH";"POMABAMBA";"HUAYLLAN";"GOBIERNO REGIONAL";"I-1";"00001773";"PUESTO DE SALUD ACOBAMBA";"NE_0001";"";"NE_0001";"NE_0001";"NE_0001";"NE_0001";"NE_0001";"NE_0001";"NE_0001"
"2023";"03";"021601";"ANCASH";"POMABAMBA";"POMABAMBA";"GOBIERNO REGIONAL";"I-2";"00001769";"PUESTO DE SALUD CONOPA";"NE_0001";"";"NE_0001";"NE_0001";"NE_0001";"NE_0001";"NE_0001";"NE_0001";"NE_0001"
"2023";"01";"022001";"ANCASH";"YUNGAY";"YUNGAY";"GOBIERNO REGIONAL";"II-1";"00001633";"HOSPITAL DE APOYO YUNGAY";"241800";"HOSPITALIZACIÓN DE MEDICINA MEDICINA GENERAL ";"17";"16";"57";"61";"4";"124";"0"
"2023";"01";"022001";"ANCASH";"YUNGAY";"YUNGAY";"GOBIERNO REGIONAL";"II-1";"00001633";"HOSPITAL DE APOYO YUNGAY";"240100";"HOSPITALIZACIÓN QUIRÚRGICA CIRUGÍA GENERAL ";"1";"0";"1";"1";"2";"62";"0"
"2023";"01";"022001";"ANCASH";"YUNGAY";"YUNGAY";"GOBIERNO REGIONAL";"II-1";"00001633";"HOSPITAL DE APOYO YUNGAY";"242500";"HOSPITALIZACIÓN-PEDIATRÍA GENERAL-";"2";"2";"4";"7";"3";"93";"0"
"2023";"01";"022001";"ANCASH";"YUNGAY";"YUNGAY";"GOBIERNO REGIONAL";"II-1";"00001633";"HOSPITAL DE APOYO YUNGAY";"241600";"HOSPITALIZACIÓN QUIRÚRGICA OBSTETRICIA   ";"49";"47";"93";"95";"4";"124";"1"
"2023";"01";"022001";"ANCASH";"YUNGAY";"YUNGAY";"GOBIERNO REGIONAL";"II-1";"00001633";"HOSPITAL DE APOYO YUNGAY";"241500";"HOSPITALIZACIÓN QUIRÚRGICA GINECOLOGÍA  ";"2";"2";"6";"6";"2";"62";"0"
"2023";"01";"050110";"AYACUCHO";"HUAMANGA";"SAN JUAN BAUTISTA";"ESSALUD";"II-1";"00011775";"HOSPITAL II HUAMANGA";"240100";"HOSPITALIZACIÓN QUIRÚRGICA CIRUGÍA GENERAL ";"93";"92";"291";"291";"17";"527";"0"
"2023";"01";"050110";"AYACUCHO";"HUAMANGA";"SAN JUAN BAUTISTA";"ESSALUD";"II-1";"00011775";"HOSPITAL II HUAMANGA";"241200";"HOSPITALIZACIÓN QUIRÚRGICA TRAUMATOLOGÍA Y ORTOPEDIA ";"11";"10";"66";"66";"6";"186";"0"
"2023";"01";"050110";"AYACUCHO";"HUAMANGA";"SAN JUAN BAUTISTA";"ESSALUD";"II-1";"00011775";"HOSPITAL II HUAMANGA";"241500";"HOSPITALIZACIÓN QUIRÚRGICA GINECOLOGÍA  ";"24";"25";"92";"92";"3";"93";"0"
"2023";"01";"050110";"AYACUCHO";"HUAMANGA";"SAN JUAN BAUTISTA";"ESSALUD";"II-1";"00011775";"HOSPITAL II HUAMANGA";"241400";"HOSPITALIZACIÓN QUIRÚRGICA GINECO - OBSTETRICIA ";"140";"140";"332";"315";"14";"434";"0"
"2023";"01";"050110";"AYACUCHO";"HUAMANGA";"SAN JUAN BAUTISTA";"ESSALUD";"II-1";"00011775";"HOSPITAL II HUAMANGA";"241800";"HOSPITALIZACIÓN DE MEDICINA MEDICINA GENERAL ";"89";"89";"744";"744";"25";"775";"2"
"2023";"01";"050110";"AYACUCHO";"HUAMANGA";"SAN JUAN BAUTISTA";"ESSALUD";"II-1";"00011775";"HOSPITAL II HUAMANGA";"250100";"UNIDAD DE CUIDADOS CRITICOS UNIDAD  DE CUIDADOS INTENSIVOS GENERALES (UCI) ";"5";"5";"117";"117";"8";"248";"4"
"2023";"01";"050110";"AYACUCHO";"HUAMANGA";"SAN JUAN BAUTISTA";"ESSALUD";"II-1";"00011775";"HOSPITAL II HUAMANGA";"250200";"UNIDAD DE CUIDADOS CRITICOS UNIDAD DE CUIDADOS INTERMEDIOS GENERAL  (UCIN) ";"20";"19";"174";"174";"8";"248";"3"
"2023";"01";"050110";"AYACUCHO";"HUAMANGA";"SAN JUAN BAUTISTA";"ESSALUD";"II-1";"00011775";"HOSPITAL II HUAMANGA";"243200";"HOSPITALIZACIÓN DE PEDIATRÍA PEDIATRIA NEONATOLOGÍA";"60";"59";"154";"154";"5";"155";"0"
"2023";"01";"050110";"AYACUCHO";"HUAMANGA";"SAN JUAN BAUTISTA";"ESSALUD";"II-1";"00011775";"HOSPITAL II HUAMANGA";"242300";"HOSPITALIZACIÓN DE PEDIATRÍA  PEDIATRÍA  GENERAL ";"50";"51";"146";"146";"11";"341";"0"
"2023";"01";"210701";"PUNO";"LAMPA";"LAMPA";"ESSALUD";"II-1";"00009900";"HOSPITAL I LAMPA - ESSALUD - RED ASISTENCIAL JULIACA";"242200";"HOSPITALIZACIÓN DE MEDICINA PSIQUIATRÍA ";"11";"14";"185";"127";"10";"299";"0"
"2023";"02";"150119";"LIMA";"LIMA";"LURIN";"ESSALUD";"I-3";"00009979";"CENTRO DE ATENCION PRIMARIA II LURIN";"NE_0001";"";"NE_0001";"NE_0001";"NE_0001";"NE_0001";"NE_0001";"NE_0001";"NE_0001"
"2023";"02";"200101";"PIURA";"PIURA";"PIURA";"PRIVADO";"II-1";"00025208";"GRUPO CARITA FELIZ S.A.";"242300";"HOSPITALIZACIÓN DE PEDIATRÍA  PEDIATRÍA  GENERAL ";"26";"25";"63";"64";"3";"84";"0"
"2023";"02";"200101";"PIURA";"PIURA";"PIURA";"PRIVADO";"II-1";"00025208";"GRUPO CARITA FELIZ S.A.";"241900";"HOSPITALIZACIÓN DE MEDICINA MEDICINA INTERNA ";"25";"26";"129";"89";"4";"112";"1"
"2023";"02";"200101";"PIURA";"PIURA";"PIURA";"PRIVADO";"II-1";"00025208";"GRUPO CARITA FELIZ S.A.";"240100";"HOSPITALIZACIÓN QUIRÚRGICA CIRUGÍA GENERAL ";"98";"97";"221";"224";"9";"252";"0"
"2023";"02";"200101";"PIURA";"PIURA";"PIURA";"PRIVADO";"II-1";"00025208";"GRUPO CARITA FELIZ S.A.";"241400";"HOSPITALIZACIÓN QUIRÚRGICA GINECO - OBSTETRICIA ";"41";"43";"69";"96";"4";"112";"0"
"2023";"02";"200101";"PIURA";"PIURA";"PIURA";"PRIVADO";"II-1";"00025208";"GRUPO CARITA FELIZ S.A.";"250100";"UNIDAD DE CUIDADOS CRITICOS UNIDAD  DE CUIDADOS INTENSIVOS GENERALES (UCI) ";"15";"4";"23";"49";"3";"84";"2"
"2023";"02";"200101";"PIURA";"PIURA";"PIURA";"PRIVADO";"II-1";"00025208";"GRUPO CARITA FELIZ S.A.";"250201";"UNIDAD DE CUIDADOS CRITICOS UNIDAD DE CUIDADOS INTERMEDIOS  (UCIN) NEONATAL";"5";"6";"16";"12";"4";"112";"0"
"2023";"02";"070101";"CALLAO";"CALLAO";"CALLAO";"PRIVADO";"II-2";"00018319";"HOSPITAL ALBERTO LEONARDO BARTON THOMPSON";"240100";"HOSPITALIZACIÓN QUIRÚRGICA CIRUGÍA GENERAL ";"15";"193";"695";"654";"26";"728";"0"
"2023";"02";"070101";"CALLAO";"CALLAO";"CALLAO";"PRIVADO";"II-2";"00018319";"HOSPITAL ALBERTO LEONARDO BARTON THOMPSON";"241500";"HOSPITALIZACIÓN QUIRÚRGICA GINECOLOGÍA  ";"69";"203";"778";"700";"30";"840";"4"
"2023";"02";"070101";"CALLAO";"CALLAO";"CALLAO";"PRIVADO";"II-2";"00018319";"HOSPITAL ALBERTO LEONARDO BARTON THOMPSON";"241800";"HOSPITALIZACIÓN DE MEDICINA MEDICINA GENERAL ";"227";"239";"2201";"2097";"78";"2180";"43"
"2023";"02";"070101";"CALLAO";"CALLAO";"CALLAO";"PRIVADO";"II-2";"00018319";"HOSPITAL ALBERTO LEONARDO BARTON THOMPSON";"242300";"HOSPITALIZACIÓN DE PEDIATRÍA  PEDIATRÍA  GENERAL ";"91";"91";"299";"306";"27";"782";"0"
"2023";"02";"070101";"CALLAO";"CALLAO";"CALLAO";"PRIVADO";"II-2";"00018319";"HOSPITAL ALBERTO LEONARDO BARTON THOMPSON";"250100";"UNIDAD DE CUIDADOS CRITICOS UNIDAD  DE CUIDADOS INTENSIVOS GENERALES (UCI) ";"16";"8";"61";"289";"15";"401";"7"
"2023";"02";"070101";"CALLAO";"CALLAO";"CALLAO";"PRIVADO";"II-2";"00018319";"HOSPITAL ALBERTO LEONARDO BARTON THOMPSON";"250200";"UNIDAD DE CUIDADOS CRITICOS UNIDAD DE CUIDADOS INTERMEDIOS GENERAL  (UCIN) ";"11";"18";"182";"319";"20";"567";"1"
"2023";"02";"120207";"JUNIN";"CONCEPCION";"HEROINAS TOLEDO";"GOBIERNO REGIONAL";"I-1";"00000685";"HEROINAS TOLEDO";"NE_0001";"";"NE_0001";"NE_0001";"NE_0001";"NE_0001";"NE_0001";"NE_0001";"NE_0001"
"2023";"02";"220911";"SAN MARTIN";"SAN MARTIN";"PAPAPLAYA";"GOBIERNO REGIONAL";"I-1";"00006455";"SAN ANTONIO  RIO HUALLAGA";"NE_0001";"";"NE_0001";"NE_0001";"NE_0001";"NE_0001";"NE_0001";"NE_0001";"NE_0001"
"2023";"02";"220906";"SAN MARTIN";"SAN MARTIN";"EL PORVENIR";"GOBIERNO REGIONAL";"I-1";"00006456";"NUEVO SAN JUAN";"NE_0001";"";"NE_0001";"NE_0001";"NE_0001";"NE_0001";"NE_0001";"NE_0001";"NE_0001"
"2023";"02";"220911";"SAN MARTIN";"SAN MARTIN";"PAPAPLAYA";"GOBIERNO REGIONAL";"I-3";"00006449";"HOSPITAL RURAL DE PAPAPLAYA";"241800";"HOSPITALIZACIÓN DE MEDICINA MEDICINA GENERAL ";"11";"11";"11";"11";"4";"112";"0"
"2023";"02";"220911";"SAN MARTIN";"SAN MARTIN";"PAPAPLAYA";"GOBIERNO REGIONAL";"I-1";"00006448";"REFORMA";"NE_0001";"";"NE_0001";"NE_0001";"NE_0001";"NE_0001";"NE_0001";"NE_0001";"NE_0001"
"2023";"02";"220911";"SAN MARTIN";"SAN MARTIN";"PAPAPLAYA";"GOBIERNO REGIONAL";"I-1";"00006454";"SAN JUAN RIO HUALLAGA";"NE_0001";"";"NE_0001";"NE_0001";"NE_0001";"NE_0001";"NE_0001";"NE_0001";"NE_0001"
"2023";"02";"220906";"SAN MARTIN";"SAN MARTIN";"EL PORVENIR";"GOBIERNO REGIONAL";"I-1";"00006451";"PELEJO";"NE_0001";"";"NE_0001";"NE_0001";"NE_0001";"NE_0001";"NE_0001";"NE_0001";"NE_0001"
"2023";"02";"220911";"SAN MARTIN";"SAN MARTIN";"PAPAPLAYA";"GOBIERNO REGIONAL";"I-1";"00006452";"ASUNCION";"NE_0001";"";"NE_0001";"NE_0001";"NE_0001";"NE_0001";"NE_0001";"NE_0001";"NE_0001"
"2023";"02";"220911";"SAN MARTIN";"SAN MARTIN";"PAPAPLAYA";"GOBIERNO REGIONAL";"I-1";"00006453";"PUERTO MERCEDES";"NE_0001";"";"NE_0001";"NE_0001";"NE_0001";"NE_0001";"NE_0001";"NE_0001";"NE_0001"
"2023";"02";"120704";"JUNIN";"TARMA";"HUASAHUASI";"GOBIERNO REGIONAL";"I-1";"00000547";"CHIRAS";"NE_0001";"";"NE_0001";"NE_0001";"NE_0001";"NE_0001";"NE_0001";"NE_0001";"NE_0001"
"2023";"02";"040110";"AREQUIPA";"AREQUIPA";"MIRAFLORES";"GOBIERNO REGIONAL";"I-3";"00032056";"CENTRO DE SALUD MENTAL COMUNITARIO MIRAFLORES";"NE_0001";"";"NE_0001";"NE_0001";"NE_0001";"NE_0001";"NE_0001";"NE_0001";"NE_0001"
"2023";"02";"120704";"JUNIN";"TARMA";"HUASAHUASI";"GOBIERNO REGIONAL";"I-1";"00000544";"PUNRAY";"NE_0001";"";"NE_0001";"NE_0001";"NE_0001";"NE_0001";"NE_0001";"NE_0001";"NE_0001"
"2023";"02";"120704";"JUNIN";"TARMA";"HUASAHUASI";"GOBIERNO REGIONAL";"I-1";"00000543";"CASCA";"NE_0001";"";"NE_0001";"NE_0001";"NE_0001";"NE_0001";"NE_0001";"NE_0001";"NE_0001"
"2023";"02";"040110";"AREQUIPA";"AREQUIPA";"MIRAFLORES";"GOBIERNO REGIONAL";"I-3";"00001293";"CENTRO DE SALUD MIRAFLORES";"NE_0001";"";"NE_0001";"NE_0001";"NE_0001";"NE_0001";"NE_0001";"NE_0001";"NE_0001"
"2023";"02";"120704";"JUNIN";"TARMA";"HUASAHUASI";"GOBIERNO REGIONAL";"I-4";"00000542";"HUASAHUASI";"241600";"HOSPITALIZACIÓN QUIRÚRGICA OBSTETRICIA   ";"6";"6";"6";"6";"6";"168";"0"
"2023";"02";"120704";"JUNIN";"TARMA";"HUASAHUASI";"GOBIERNO REGIONAL";"I-1";"00000546";"SAN JUAN DE LA LIBERTAD";"NE_0001";"";"NE_0001";"NE_0001";"NE_0001";"NE_0001";"NE_0001";"NE_0001";"NE_0001"
"2023";"02";"120704";"JUNIN";"TARMA";"HUASAHUASI";"GOBIERNO REGIONAL";"I-1";"00000545";"HUACUAS";"NE_0001";"";"NE_0001";"NE_0001";"NE_0001";"NE_0001";"NE_0001";"NE_0001";"NE_0001"
"2023";"02";"120704";"JUNIN";"TARMA";"HUASAHUASI";"GOBIERNO REGIONAL";"I-1";"00000548";"TIAMBRA";"NE_0001";"";"NE_0001";"NE_0001";"NE_0001";"NE_0001";"NE_0001";"NE_0001";"NE_0001"
"2023";"02";"040110";"AREQUIPA";"AREQUIPA";"MIRAFLORES";"GOBIERNO REGIONAL";"I-3";"00001307";"CENTRO DE SALUD MATEO PUMACAHUA";"NE_0001";"";"NE_0001";"NE_0001";"NE_0001";"NE_0001";"NE_0001";"NE_0001";"NE_0001"
"2023";"02";"040110";"AREQUIPA";"AREQUIPA";"MIRAFLORES";"GOBIERNO REGIONAL";"I-3";"00001306";"CENTRO DE SALUD PORVENIR-MIRAFLORES";"NE_0001";"";"NE_0001";"NE_0001";"NE_0001";"NE_0001";"NE_0001";"NE_0001";"NE_0001"
"2023";"02";"040110";"AREQUIPA";"AREQUIPA";"MIRAFLORES";"GOBIERNO REGIONAL";"I-2";"00001305";"CENTRO DE SALUD TOMASA T. COMDEMAYTA";"NE_0001";"";"NE_0001";"NE_0001";"NE_0001";"NE_0001";"NE_0001";"NE_0001";"NE_0001"
"2023";"02";"040110";"AREQUIPA";"AREQUIPA";"MIRAFLORES";"GOBIERNO REGIONAL";"I-3";"00032056";"CENTRO DE SALUD MENTAL COMUNITARIO MIRAFLORES";"NE_0001";"";"NE_0001";"NE_0001";"NE_0001";"NE_0001";"NE_0001";"NE_0001";"NE_0001"
"2023";"02";"040110";"AREQUIPA";"AREQUIPA";"MIRAFLORES";"GOBIERNO REGIONAL";"I-4";"00001292";"CENTRO DE SALUD EDIFICADORES MISTI";"241600";"HOSPITALIZACIÓN QUIRÚRGICA OBSTETRICIA   ";"11";"11";"11";"11";"9";"11";"0"
"2023";"02";"040110";"AREQUIPA";"AREQUIPA";"MIRAFLORES";"GOBIERNO REGIONAL";"I-3";"00001293";"CENTRO DE SALUD MIRAFLORES";"NE_0001";"";"NE_0001";"NE_0001";"NE_0001";"NE_0001";"NE_0001";"NE_0001";"NE_0001"
"2023";"02";"040110";"AREQUIPA";"AREQUIPA";"MIRAFLORES";"GOBIERNO REGIONAL";"I-3";"00001306";"CENTRO DE SALUD PORVENIR-MIRAFLORES";"NE_0001";"";"NE_0001";"NE_0001";"NE_0001";"NE_0001";"NE_0001";"NE_0001";"NE_0001"
"2023";"02";"061001";"CAJAMARCA";"SAN MARCOS";"PEDRO GALVEZ";"GOBIERNO REGIONAL";"I-1";"00004504";"EDELMIRA";"NE_0001";"";"NE_0001";"NE_0001";"NE_0001";"NE_0001";"NE_0001";"NE_0001";"NE_0001"
"2023";"02";"061004";"CAJAMARCA";"SAN MARCOS";"GREGORIO PITA";"GOBIERNO REGIONAL";"I-1";"00004506";"PUESTO DE SALUD MANZANILLA";"NE_0001";"";"NE_0001";"NE_0001";"NE_0001";"NE_0001";"NE_0001";"NE_0001";"NE_0001"
"2023";"02";"061004";"CAJAMARCA";"SAN MARCOS";"GREGORIO PITA";"GOBIERNO REGIONAL";"I-2";"00004507";"RIO SECO";"NE_0001";"";"NE_0001";"NE_0001";"NE_0001";"NE_0001";"NE_0001";"NE_0001";"NE_0001"
"2023";"02";"061001";"CAJAMARCA";"SAN MARCOS";"PEDRO GALVEZ";"GOBIERNO REGIONAL";"I-4";"00004501";"SAN MARCOS";"241400";"HOSPITALIZACIÓN QUIRÚRGICA GINECO - OBSTETRICIA ";"13";"13";"18";"30";"3";"93";"0"
"2023";"02";"061001";"CAJAMARCA";"SAN MARCOS";"PEDRO GALVEZ";"GOBIERNO REGIONAL";"I-4";"00004501";"SAN MARCOS";"241600";"HOSPITALIZACIÓN QUIRÚRGICA OBSTETRICIA   ";"16";"17";"27";"44";"9";"279";"0"
"2023";"02";"061001";"CAJAMARCA";"SAN MARCOS";"PEDRO GALVEZ";"GOBIERNO REGIONAL";"I-4";"00004501";"SAN MARCOS";"241800";"HOSPITALIZACIÓN DE MEDICINA MEDICINA GENERAL ";"11";"11";"35";"45";"3";"93";"0"
"2023";"02";"061004";"CAJAMARCA";"SAN MARCOS";"GREGORIO PITA";"GOBIERNO REGIONAL";"I-1";"00004502";"PUESTO DE SALUD MUYOC";"NE_0001";"";"NE_0001";"NE_0001";"NE_0001";"NE_0001";"NE_0001";"NE_0001";"NE_0001"
"2023";"02";"061004";"CAJAMARCA";"SAN MARCOS";"GREGORIO PITA";"GOBIERNO REGIONAL";"I-2";"00004508";"PAUCAMARCA";"NE_0001";"";"NE_0001";"NE_0001";"NE_0001";"NE_0001";"NE_0001";"NE_0001";"NE_0001"
"2023";"02";"061001";"CAJAMARCA";"SAN MARCOS";"PEDRO GALVEZ";"GOBIERNO REGIONAL";"I-1";"00004509";"CONDORMARCA";"NE_0001";"";"NE_0001";"NE_0001";"NE_0001";"NE_0001";"NE_0001";"NE_0001";"NE_0001"
"2023";"02";"061001";"CAJAMARCA";"SAN MARCOS";"PEDRO GALVEZ";"GOBIERNO REGIONAL";"I-1";"00004510";"CHUCO";"NE_0001";"";"NE_0001";"NE_0001";"NE_0001";"NE_0001";"NE_0001";"NE_0001";"NE_0001"
"2023";"02";"120909";"JUNIN";"CHUPACA";"YANACANCHA";"GOBIERNO REGIONAL";"I-2";"00000661";"YANACANCHA";"NE_0001";"";"NE_0001";"NE_0001";"NE_0001";"NE_0001";"NE_0001";"NE_0001";"NE_0001"
"2023";"02";"120907";"JUNIN";"CHUPACA";"SAN JUAN DE JARPA";"GOBIERNO REGIONAL";"I-3";"00000659";"SAN JUAN DE JARPA";"NE_0001";"";"NE_0001";"NE_0001";"NE_0001";"NE_0001";"NE_0001";"NE_0001";"NE_0001"
"2023";"02";"120909";"JUNIN";"CHUPACA";"YANACANCHA";"GOBIERNO REGIONAL";"I-1";"00000662";"SANTO DOMINGO DE CACHI";"NE_0001";"";"NE_0001";"NE_0001";"NE_0001";"NE_0001";"NE_0001";"NE_0001";"NE_0001"
"2023";"02";"120907";"JUNIN";"CHUPACA";"SAN JUAN DE JARPA";"GOBIERNO REGIONAL";"I-1";"00012470";"SHICUY";"NE_0001";"";"NE_0001";"NE_0001";"NE_0001";"NE_0001";"NE_0001";"NE_0001";"NE_0001"
"2023";"02";"210601";"PUNO";"HUANCANE";"HUANCANE";"GOBIERNO REGIONAL";"II-1";"00003068";"HOSPITAL LUCIO ALDAZABAL PAUCA";"240100";"HOSPITALIZACIÓN QUIRÚRGICA CIRUGÍA GENERAL ";"12";"12";"45";"45";"4";"112";"0"
"2023";"02";"210601";"PUNO";"HUANCANE";"HUANCANE";"GOBIERNO REGIONAL";"II-1";"00003068";"HOSPITAL LUCIO ALDAZABAL PAUCA";"241500";"HOSPITALIZACIÓN QUIRÚRGICA GINECOLOGÍA  ";"22";"22";"39";"39";"4";"112";"0"
"2023";"02";"210601";"PUNO";"HUANCANE";"HUANCANE";"GOBIERNO REGIONAL";"II-1";"00003068";"HOSPITAL LUCIO ALDAZABAL PAUCA";"241600";"HOSPITALIZACIÓN QUIRÚRGICA OBSTETRICIA   ";"12";"12";"23";"23";"5";"140";"0"
"2023";"02";"210601";"PUNO";"HUANCANE";"HUANCANE";"GOBIERNO REGIONAL";"II-1";"00003068";"HOSPITAL LUCIO ALDAZABAL PAUCA";"241800";"HOSPITALIZACIÓN DE MEDICINA MEDICINA GENERAL ";"14";"14";"11";"22";"10";"280";"0"
"2023";"02";"210601";"PUNO";"HUANCANE";"HUANCANE";"GOBIERNO REGIONAL";"II-1";"00003068";"HOSPITAL LUCIO ALDAZABAL PAUCA";"243200";"HOSPITALIZACIÓN DE PEDIATRÍA PEDIATRIA NEONATOLOGÍA";"2";"2";"16";"16";"3";"84";"1"
"2023";"02";"210601";"PUNO";"HUANCANE";"HUANCANE";"GOBIERNO REGIONAL";"II-1";"00003068";"HOSPITAL LUCIO ALDAZABAL PAUCA";"241400";"HOSPITALIZACIÓN QUIRÚRGICA GINECO - OBSTETRICIA ";"9";"9";"38";"38";"3";"84";"0"
"2023";"03";"110101";"ICA";"ICA";"ICA";"ESSALUD";"II-1";"00013912";"FELIX TORREALVA GUTIERREZ";"241900";"HOSPITALIZACIÓN DE MEDICINA MEDICINA INTERNA ";"170";"177";"1328";"1165";"50";"1550";"14"
"2023";"03";"110101";"ICA";"ICA";"ICA";"ESSALUD";"II-1";"00013912";"FELIX TORREALVA GUTIERREZ";"241900";"HOSPITALIZACIÓN DE MEDICINA MEDICINA INTERNA ";"13";"7";"59";"163";"9";"279";"3"
"2023";"03";"110101";"ICA";"ICA";"ICA";"ESSALUD";"II-1";"00013912";"FELIX TORREALVA GUTIERREZ";"240100";"HOSPITALIZACIÓN QUIRÚRGICA CIRUGÍA GENERAL ";"138";"141";"361";"337";"16";"496";"0"
"2023";"03";"110101";"ICA";"ICA";"ICA";"ESSALUD";"II-1";"00013912";"FELIX TORREALVA GUTIERREZ";"241500";"HOSPITALIZACIÓN QUIRÚRGICA GINECOLOGÍA  ";"17";"20";"64";"63";"4";"124";"0"
"2023";"03";"110101";"ICA";"ICA";"ICA";"ESSALUD";"II-1";"00013912";"FELIX TORREALVA GUTIERREZ";"241500";"HOSPITALIZACIÓN QUIRÚRGICA GINECOLOGÍA  ";"173";"174";"303";"496";"16";"496";"0"
"2023";"03";"150137";"LIMA";"LIMA";"SANTA ANITA";"MINSA";"III-1";"00005948";"HOSPITAL HERMILIO VALDIZAN";"242202";"HOSPITALIZACIÓN DE MEDICINA PSIQUIATRÍA PSIQUIATRÍA DEL ADULTO Y GERONTE";"42";"40";"1767";"2881";"159";"4929";"0"
"2023";"03";"150120";"LIMA";"LIMA";"MAGDALENA DEL MAR";"PRIVADO";"II-E";"00023022";"CLINICA AVANSALUD";"240000";"HOSPITALIZACIÓN";"58";"55";"102";"52";"4";"341";"0"
"2023";"03";"150113";"LIMA";"LIMA";"JESUS MARIA";"PRIVADO";"II-E";"00020346";"CLINICA SANTA BEATRIZ";"240000";"HOSPITALIZACIÓN";"208";"207";"259";"260";"22";"516";"0"
"2023";"03";"060809";"CAJAMARCA";"JAEN";"SALLIQUE";"GOBIERNO REGIONAL";"I-2";"00004253";"LA UNION";"NE_0001";"";"NE_0001";"NE_0001";"NE_0001";"NE_0001";"NE_0001";"NE_0001";"NE_0001"
"2023";"03";"060809";"CAJAMARCA";"JAEN";"SALLIQUE";"GOBIERNO REGIONAL";"I-1";"00009967";"CHALANMACHE";"NE_0001";"";"NE_0001";"NE_0001";"NE_0001";"NE_0001";"NE_0001";"NE_0001";"NE_0001"
"2023";"03";"060809";"CAJAMARCA";"JAEN";"SALLIQUE";"GOBIERNO REGIONAL";"I-1";"00024940";"EL ESPINO";"NE_0001";"";"NE_0001";"NE_0001";"NE_0001";"NE_0001";"NE_0001";"NE_0001";"NE_0001"
"2023";"03";"060809";"CAJAMARCA";"JAEN";"SALLIQUE";"GOBIERNO REGIONAL";"I-1";"00025537";"TAILIN";"NE_0001";"";"NE_0001";"NE_0001";"NE_0001";"NE_0001";"NE_0001";"NE_0001";"NE_0001"
"2023";"03";"060809";"CAJAMARCA";"JAEN";"SALLIQUE";"GOBIERNO REGIONAL";"I-3";"00004250";"SALLIQUE";"NE_0001";"";"NE_0001";"NE_0001";"NE_0001";"NE_0001";"NE_0001";"NE_0001";"NE_0001"
"2023";"03";"060809";"CAJAMARCA";"JAEN";"SALLIQUE";"GOBIERNO REGIONAL";"I-1";"00004251";"MAZIN";"NE_0001";"";"NE_0001";"NE_0001";"NE_0001";"NE_0001";"NE_0001";"NE_0001";"NE_0001"
"2023";"01";"150122";"LIMA";"LIMA";"MIRAFLORES";"OTRO";"II-2";"00010827";"HOGAR DE LA MADRE CLINICA-HOSPITAL";"241500";"HOSPITALIZACIÓN QUIRÚRGICA GINECOLOGÍA  ";"134";"126";"378";"402";"25";"415";"0"
"2023";"01";"200101";"PIURA";"PIURA";"PIURA";"PRIVADO";"II-1";"00025208";"GRUPO CARITA FELIZ S.A.";"242300";"HOSPITALIZACIÓN DE PEDIATRÍA  PEDIATRÍA  GENERAL ";"23";"23";"61";"57";"2";"62";"0"
"2023";"01";"200101";"PIURA";"PIURA";"PIURA";"PRIVADO";"II-1";"00025208";"GRUPO CARITA FELIZ S.A.";"241900";"HOSPITALIZACIÓN DE MEDICINA MEDICINA INTERNA ";"27";"24";"125";"151";"5";"155";"0"
"2023";"01";"200101";"PIURA";"PIURA";"PIURA";"PRIVADO";"II-1";"00025208";"GRUPO CARITA FELIZ S.A.";"240100";"HOSPITALIZACIÓN QUIRÚRGICA CIRUGÍA GENERAL ";"109";"105";"208";"210";"7";"217";"0"
"2023";"01";"200101";"PIURA";"PIURA";"PIURA";"PRIVADO";"II-1";"00025208";"GRUPO CARITA FELIZ S.A.";"241400";"HOSPITALIZACIÓN QUIRÚRGICA GINECO - OBSTETRICIA ";"58";"54";"84";"120";"6";"186";"0"
"2023";"01";"200101";"PIURA";"PIURA";"PIURA";"PRIVADO";"II-1";"00025208";"GRUPO CARITA FELIZ S.A.";"250100";"UNIDAD DE CUIDADOS CRITICOS UNIDAD  DE CUIDADOS INTENSIVOS GENERALES (UCI) ";"13";"4";"27";"76";"3";"93";"1"
"2023";"01";"200101";"PIURA";"PIURA";"PIURA";"PRIVADO";"II-1";"00025208";"GRUPO CARITA FELIZ S.A.";"250105";"UNIDAD DE CUIDADOS CRITICOS UNIDAD  DE CUIDADOS INTENSIVOS  (UCI) NEONATOLOGÍA";"1";"0";"0";"13";"2";"62";"0"
"2023";"01";"200101";"PIURA";"PIURA";"PIURA";"PRIVADO";"II-1";"00025208";"GRUPO CARITA FELIZ S.A.";"250201";"UNIDAD DE CUIDADOS CRITICOS UNIDAD DE CUIDADOS INTERMEDIOS  (UCIN) NEONATAL";"10";"9";"31";"22";"4";"124";"0"
"2023";"01";"150140";"LIMA";"LIMA";"SANTIAGO DE SURCO";"PRIVADO";"II-E";"00012572";"CLINICA PAULISTA";"240000";"HOSPITALIZACIÓN";"5";"5";"10";"6";"1";"48";"0"
"2023";"01";"100510";"HUANUCO";"HUAMALIES";"SINGA";"GOBIERNO REGIONAL";"I-1";"00019155";"SAN JUAN DE VISCAS";"NE_0001";"";"NE_0001";"NE_0001";"NE_0001";"NE_0001";"NE_0001";"NE_0001";"NE_0001"
"2023";"01";"100510";"HUANUCO";"HUAMALIES";"SINGA";"GOBIERNO REGIONAL";"I-1";"00000902";"BELLAS FLORES";"NE_0001";"";"NE_0001";"NE_0001";"NE_0001";"NE_0001";"NE_0001";"NE_0001";"NE_0001"
"2023";"01";"100510";"HUANUCO";"HUAMALIES";"SINGA";"GOBIERNO REGIONAL";"I-3";"00000900";"SINGA";"NE_0001";"";"NE_0001";"NE_0001";"NE_0001";"NE_0001";"NE_0001";"NE_0001";"NE_0001"
"2023";"01";"100510";"HUANUCO";"HUAMALIES";"SINGA";"GOBIERNO REGIONAL";"I-1";"00017149";"SANTA ROSA DE PAMPAN";"NE_0001";"";"NE_0001";"NE_0001";"NE_0001";"NE_0001";"NE_0001";"NE_0001";"NE_0001"
"2023";"02";"050101";"AYACUCHO";"HUAMANGA";"AYACUCHO";"SANIDAD DE LA POLICIA NACIONAL DEL PERU";"I-3";"00011426";"POLICLINICO POLICIAL DE AYACUCHO";"NE_0001";"";"NE_0001";"NE_0001";"NE_0001";"NE_0001";"NE_0001";"NE_0001";"NE_0001"
"2023";"02";"040101";"AREQUIPA";"AREQUIPA";"AREQUIPA";"PRIVADO";"II-E";"00016486";"CLÍNICA DE OJOS Y LA VISTA FUNDAR E.I.R.L.";"NE_0001";"";"NE_0001";"NE_0001";"NE_0001";"NE_0001";"NE_0001";"NE_0001";"NE_0001"
"2023";"02";"100101";"HUANUCO";"HUANUCO";"HUANUCO";"PRIVADO";"II-E";"00011592";"CLINICA HUANUCO E-I-R-LTDA.";"241400";"HOSPITALIZACIÓN QUIRÚRGICA GINECO - OBSTETRICIA ";"14";"14";"27";"27";"3";"50";"0"
"2023";"02";"100101";"HUANUCO";"HUANUCO";"HUANUCO";"PRIVADO";"II-E";"00011592";"CLINICA HUANUCO E-I-R-LTDA.";"241200";"HOSPITALIZACIÓN QUIRÚRGICA TRAUMATOLOGÍA Y ORTOPEDIA ";"20";"20";"72";"40";"3";"50";"0"
"2023";"02";"100101";"HUANUCO";"HUANUCO";"HUANUCO";"PRIVADO";"II-E";"00011592";"CLINICA HUANUCO E-I-R-LTDA.";"241300";"HOSPITALIZACIÓN QUIRÚRGICA UROLOGÍA  ";"5";"5";"23";"40";"3";"50";"0"
"2023";"02";"100101";"HUANUCO";"HUANUCO";"HUANUCO";"PRIVADO";"II-E";"00011592";"CLINICA HUANUCO E-I-R-LTDA.";"240100";"HOSPITALIZACIÓN QUIRÚRGICA CIRUGÍA GENERAL ";"38";"38";"65";"40";"3";"50";"0"
"2023";"02";"100101";"HUANUCO";"HUANUCO";"HUANUCO";"PRIVADO";"II-E";"00011592";"CLINICA HUANUCO E-I-R-LTDA.";"245400";"HOSPITALIZACIÓN DE MEDICINA GINECOLOGIA ";"1";"1";"2";"27";"3";"50";"0"
"2023";"02";"100101";"HUANUCO";"HUANUCO";"HUANUCO";"PRIVADO";"II-E";"00011592";"CLINICA HUANUCO E-I-R-LTDA.";"241900";"HOSPITALIZACIÓN DE MEDICINA MEDICINA INTERNA ";"8";"8";"34";"40";"3";"50";"0"
"2023";"02";"100101";"HUANUCO";"HUANUCO";"HUANUCO";"PRIVADO";"II-E";"00011592";"CLINICA HUANUCO E-I-R-LTDA.";"242300";"HOSPITALIZACIÓN DE PEDIATRÍA  PEDIATRÍA  GENERAL ";"5";"5";"7";"40";"3";"50";"0"
"2023";"02";"100101";"HUANUCO";"HUANUCO";"HUANUCO";"PRIVADO";"II-E";"00011592";"CLINICA HUANUCO E-I-R-LTDA.";"240900";"HOSPITALIZACIÓN QUIRÚRGICA NEUROCIRUGÍA ";"3";"3";"11";"40";"3";"50";"0"
"2023";"02";"100101";"HUANUCO";"HUANUCO";"HUANUCO";"PRIVADO";"II-E";"00011592";"CLINICA HUANUCO E-I-R-LTDA.";"241100";"HOSPITALIZACIÓN QUIRÚRGICA OTORRINOLARINGOLOGÍA  ";"7";"7";"7";"40";"3";"50";"0"
"2023";"02";"050115";"AYACUCHO";"HUAMANGA";"JESUS NAZARENO";"PRIVADO";"I-3";"00028119";"EL GALENO";"NE_0001";"";"NE_0001";"NE_0001";"NE_0001";"NE_0001";"NE_0001";"NE_0001";"NE_0001"
"2023";"02";"230101";"TACNA";"TACNA";"TACNA";"SANIDAD DE LA POLICIA NACIONAL DEL PERU";"I-3";"00011528";"POLICLINICO POLICIAL TACNA";"NE_0001";"";"NE_0001";"NE_0001";"NE_0001";"NE_0001";"NE_0001";"NE_0001";"NE_0001"
"2023";"02";"150131";"LIMA";"LIMA";"SAN ISIDRO";"PRIVADO";"II-E";"00010739";"CLINICA OFTALMOLOGICA WONG";"NE_0001";"";"NE_0001";"NE_0001";"NE_0001";"NE_0001";"NE_0001";"NE_0001";"NE_0001"
"2023";"02";"110101";"ICA";"ICA";"ICA";"PRIVADO";"I-3";"00019056";"EL GALENO DE ICA";"NE_0001";"";"NE_0001";"NE_0001";"NE_0001";"NE_0001";"NE_0001";"NE_0001";"NE_0001"
"2023";"01";"110101";"ICA";"ICA";"ICA";"GOBIERNO REGIONAL";"II-2";"00003358";"HOSPITAL REGIONAL DE ICA";"240100";"HOSPITALIZACIÓN QUIRÚRGICA CIRUGÍA GENERAL ";"142";"142";"1957";"2067";"63";"2201";"1"
"2023";"01";"110101";"ICA";"ICA";"ICA";"GOBIERNO REGIONAL";"II-2";"00003358";"HOSPITAL REGIONAL DE ICA";"241500";"HOSPITALIZACIÓN QUIRÚRGICA GINECOLOGÍA  ";"48";"48";"196";"229";"15";"234";"0"
"2023";"01";"110101";"ICA";"ICA";"ICA";"GOBIERNO REGIONAL";"II-2";"00003358";"HOSPITAL REGIONAL DE ICA";"241600";"HOSPITALIZACIÓN QUIRÚRGICA OBSTETRICIA   ";"295";"295";"592";"748";"26";"1860";"0"
"2023";"01";"110101";"ICA";"ICA";"ICA";"GOBIERNO REGIONAL";"II-2";"00003358";"HOSPITAL REGIONAL DE ICA";"241900";"HOSPITALIZACIÓN DE MEDICINA MEDICINA INTERNA ";"159";"159";"1304";"1443";"134";"1488";"10"
"2023";"01";"110101";"ICA";"ICA";"ICA";"GOBIERNO REGIONAL";"II-2";"00003358";"HOSPITAL REGIONAL DE ICA";"242500";"HOSPITALIZACIÓN-PEDIATRÍA GENERAL-";"63";"63";"293";"316";"7";"317";"0"
"2023";"01";"110101";"ICA";"ICA";"ICA";"GOBIERNO REGIONAL";"II-2";"00003358";"HOSPITAL REGIONAL DE ICA";"243200";"HOSPITALIZACIÓN DE PEDIATRÍA PEDIATRIA NEONATOLOGÍA";"32";"32";"247";"260";"12";"403";"0"
"2023";"01";"110101";"ICA";"ICA";"ICA";"GOBIERNO REGIONAL";"II-2";"00003358";"HOSPITAL REGIONAL DE ICA";"250103";"UNIDAD DE CUIDADOS CRITICOS UNIDAD  DE CUIDADOS INTENSIVOS GENERALES  (UCI) MEDICINA";"6";"6";"282";"286";"10";"289";"6"
"2023";"01";"110101";"ICA";"ICA";"ICA";"GOBIERNO REGIONAL";"II-2";"00003358";"HOSPITAL REGIONAL DE ICA";"250105";"UNIDAD DE CUIDADOS CRITICOS UNIDAD  DE CUIDADOS INTENSIVOS  (UCI) NEONATOLOGÍA";"2";"2";"2";"2";"7";"186";"1"
"2023";"01";"110101";"ICA";"ICA";"ICA";"GOBIERNO REGIONAL";"II-2";"00003358";"HOSPITAL REGIONAL DE ICA";"250108";"UNIDAD DE CUIDADOS CRITICOS UNIDAD  DE CUIDADOS INTENSIVOS  (UCI) PEDIÁTRICA";"3";"3";"15";"17";"5";"186";"3"
"2023";"02";"221005";"SAN MARTIN";"TOCACHE";"UCHIZA";"SANIDAD DE LA POLICIA NACIONAL DEL PERU";"I-1";"00025272";"PUESTO SANITARIO PNP SANTA LUCIA";"NE_0001";"";"NE_0001";"NE_0001";"NE_0001";"NE_0001";"NE_0001";"NE_0001";"NE_0001"
"2023";"02";"150128";"LIMA";"LIMA";"RIMAC";"SANIDAD DE LA POLICIA NACIONAL DEL PERU";"II-1";"00016094";"HOSPITAL PNP ""AUGUSTO B. LEGUIA""";"240100";"HOSPITALIZACIÓN QUIRÚRGICA CIRUGÍA GENERAL ";"52";"53";"153";"181";"22";"616";"0"
"2023";"02";"150128";"LIMA";"LIMA";"RIMAC";"SANIDAD DE LA POLICIA NACIONAL DEL PERU";"II-1";"00016094";"HOSPITAL PNP ""AUGUSTO B. LEGUIA""";"241400";"HOSPITALIZACIÓN QUIRÚRGICA GINECO - OBSTETRICIA ";"1";"1";"7";"8";"5";"140";"0"
"2023";"02";"150128";"LIMA";"LIMA";"RIMAC";"SANIDAD DE LA POLICIA NACIONAL DEL PERU";"II-1";"00016094";"HOSPITAL PNP ""AUGUSTO B. LEGUIA""";"241800";"HOSPITALIZACIÓN DE MEDICINA MEDICINA GENERAL ";"18";"19";"302";"132";"8";"224";"0"
"2023";"02";"150132";"LIMA";"LIMA";"SAN JUAN DE LURIGANCHO";"PRIVADO";"I-2";"00024750";"ARIE";"NE_0002";"";"NE_0002";"NE_0002";"NE_0002";"NE_0002";"NE_0002";"NE_0002";"NE_0002"
"2023";"02";"110101";"ICA";"ICA";"ICA";"PRIVADO";"I-3";"00028251";"EL GALENO";"NE_0001";"";"NE_0001";"NE_0001";"NE_0001";"NE_0001";"NE_0001";"NE_0001";"NE_0001"
"2023";"02";"150125";"LIMA";"LIMA";"PUENTE PIEDRA";"PRIVADO";"II-E";"00016353";"CLINICA MONTELUZ";"241400";"HOSPITALIZACIÓN QUIRÚRGICA GINECO - OBSTETRICIA ";"97";"99";"172";"170";"12";"336";"0"
"2023";"02";"150125";"LIMA";"LIMA";"PUENTE PIEDRA";"PRIVADO";"II-E";"00016353";"CLINICA MONTELUZ";"240100";"HOSPITALIZACIÓN QUIRÚRGICA CIRUGÍA GENERAL ";"55";"54";"58";"56";"10";"280";"0"
"2023";"02";"040129";"AREQUIPA";"AREQUIPA";"JOSE LUIS BUSTAMANTE Y RIVERO";"GOBIERNO REGIONAL";"I-3";"00001257";"CENTRO DE SALUD VICTOR RAUL HINOJOSA LLERENA";"NE_0001";"";"NE_0001";"NE_0001";"NE_0001";"NE_0001";"NE_0001";"NE_0001";"NE_0001"
"2023";"02";"040129";"AREQUIPA";"AREQUIPA";"JOSE LUIS BUSTAMANTE Y RIVERO";"GOBIERNO REGIONAL";"I-3";"00023488";"CENTRO DE SALUD MENTAL COMUNITARIO SIMON BOLIVAR";"NE_0001";"";"NE_0001";"NE_0001";"NE_0001";"NE_0001";"NE_0001";"NE_0001";"NE_0001"
"2023";"02";"040129";"AREQUIPA";"AREQUIPA";"JOSE LUIS BUSTAMANTE Y RIVERO";"GOBIERNO REGIONAL";"I-2";"00001263";"PUESTO DE SALUD 13 DE ENERO";"NE_0001";"";"NE_0001";"NE_0001";"NE_0001";"NE_0001";"NE_0001";"NE_0001";"NE_0001"
"2023";"02";"040129";"AREQUIPA";"AREQUIPA";"JOSE LUIS BUSTAMANTE Y RIVERO";"GOBIERNO REGIONAL";"I-3";"00001264";"CENTRO DE SALUD LAS ESMERALDAS";"NE_0001";"";"NE_0001";"NE_0001";"NE_0001";"NE_0001";"NE_0001";"NE_0001";"NE_0001"
"2023";"02";"040129";"AREQUIPA";"AREQUIPA";"JOSE LUIS BUSTAMANTE Y RIVERO";"GOBIERNO REGIONAL";"I-2";"00001267";"PUESTO DE SALUD CERRO JULI";"NE_0001";"";"NE_0001";"NE_0001";"NE_0001";"NE_0001";"NE_0001";"NE_0001";"NE_0001"
"2023";"02";"120905";"JUNIN";"CHUPACA";"HUAMANCACA CHICO";"GOBIERNO REGIONAL";"I-2";"00000655";"HUAMANCACA CHICO";"NE_0001";"";"NE_0001";"NE_0001";"NE_0001";"NE_0001";"NE_0001";"NE_0001";"NE_0001"
"2023";"02";"120906";"JUNIN";"CHUPACA";"SAN JUAN DE YSCOS";"GOBIERNO REGIONAL";"I-2";"00000656";"SAN JUAN DE ISCOS";"NE_0001";"";"NE_0001";"NE_0001";"NE_0001";"NE_0001";"NE_0001";"NE_0001";"NE_0001"
"2023";"02";"120908";"JUNIN";"CHUPACA";"TRES DE DICIEMBRE";"GOBIERNO REGIONAL";"I-2";"00000660";"TRES DE DICIEMBRE";"NE_0001";"";"NE_0001";"NE_0001";"NE_0001";"NE_0001";"NE_0001";"NE_0001";"NE_0001"
"2023";"02";"120902";"JUNIN";"CHUPACA";"AHUAC";"GOBIERNO REGIONAL";"I-2";"00000647";"AHUAC";"NE_0001";"";"NE_0001";"NE_0001";"NE_0001";"NE_0001";"NE_0001";"NE_0001";"NE_0001"
"2023";"02";"120903";"JUNIN";"CHUPACA";"CHONGOS BAJO";"GOBIERNO REGIONAL";"I-1";"00000650";"PUMPUNYA";"NE_0001";"";"NE_0001";"NE_0001";"NE_0001";"NE_0001";"NE_0001";"NE_0001";"NE_0001"
"2023";"02";"150135";"LIMA";"LIMA";"SAN MARTIN DE PORRES";"MINSA";"III-2";"00007733";"INSTITUTO NACIONAL DE SALUD MENTAL ""HONORIO DELGADO - HIDEYO NOGUCHI""";"242202";"HOSPITALIZACIÓN DE MEDICINA PSIQUIATRÍA PSIQUIATRÍA DEL ADULTO Y GERONTE";"17";"11";"610";"1308";"49";"1373";"0"
"2023";"02";"150135";"LIMA";"LIMA";"SAN MARTIN DE PORRES";"MINSA";"III-2";"00007733";"INSTITUTO NACIONAL DE SALUD MENTAL ""HONORIO DELGADO - HIDEYO NOGUCHI""";"242203";"HOSPITALIZACIÓN DE MEDICINA PSIQUIATRÍA PSIQUIATRÍA DEL NIÑO Y DEL ADOLESCENTE";"7";"7";"298";"329";"12";"336";"0"
"2023";"02";"150135";"LIMA";"LIMA";"SAN MARTIN DE PORRES";"MINSA";"III-2";"00007733";"INSTITUTO NACIONAL DE SALUD MENTAL ""HONORIO DELGADO - HIDEYO NOGUCHI""";"242205";"HOSPITALIZACIÓN MEDICINA PSIQUIATRÍA PISIQUIATRIA/ SALUD MENTAL Y ADICCIONES";"13";"12";"473";"635";"25";"700";"0"
"2023";"02";"060101";"CAJAMARCA";"CAJAMARCA";"CAJAMARCA";"PRIVADO";"I-3";"00010487";"MARIA BELEN SRL";"NE_0001";"";"NE_0001";"NE_0001";"NE_0001";"NE_0001";"NE_0001";"NE_0001";"NE_0001"
"2023";"02";"021304";"ANCASH";"MARISCAL LUZURIAGA";"FIDEL OLIVAS ESCUDERO";"GOBIERNO REGIONAL";"I-1";"00001793";"PUESTO DE SALUD SANASHGAN";"NE_0002";"";"NE_0002";"NE_0002";"NE_0002";"NE_0002";"NE_0002";"NE_0002";"NE_0002"
"2023";"02";"021303";"ANCASH";"MARISCAL LUZURIAGA";"ELEAZAR GUZMAN BARRON";"GOBIERNO REGIONAL";"I-1";"00001786";"PUESTO DE SALUD PAMPACHACRA";"NE_0002";"";"NE_0002";"NE_0002";"NE_0002";"NE_0002";"NE_0002";"NE_0002";"NE_0002"
"2023";"02";"021303";"ANCASH";"MARISCAL LUZURIAGA";"ELEAZAR GUZMAN BARRON";"GOBIERNO REGIONAL";"I-1";"00001787";"PUESTO DE SALUD PUMPA";"NE_0002";"";"NE_0002";"NE_0002";"NE_0002";"NE_0002";"NE_0002";"NE_0002";"NE_0002"
"2023";"02";"021305";"ANCASH";"MARISCAL LUZURIAGA";"LLAMA";"GOBIERNO REGIONAL";"I-2";"00001788";"PUESTO DE SALUD LLAMA";"NE_0002";"";"NE_0002";"NE_0002";"NE_0002";"NE_0002";"NE_0002";"NE_0002";"NE_0002"
"2023";"02";"021303";"ANCASH";"MARISCAL LUZURIAGA";"ELEAZAR GUZMAN BARRON";"GOBIERNO REGIONAL";"I-1";"00001786";"PUESTO DE SALUD PAMPACHACRA";"NE_0002";"";"NE_0002";"NE_0002";"NE_0002";"NE_0002";"NE_0002";"NE_0002";"NE_0002"
"2023";"02";"021303";"ANCASH";"MARISCAL LUZURIAGA";"ELEAZAR GUZMAN BARRON";"GOBIERNO REGIONAL";"I-1";"00001787";"PUESTO DE SALUD PUMPA";"NE_0002";"";"NE_0002";"NE_0002";"NE_0002";"NE_0002";"NE_0002";"NE_0002";"NE_0002"
"2023";"02";"021305";"ANCASH";"MARISCAL LUZURIAGA";"LLAMA";"GOBIERNO REGIONAL";"I-2";"00001788";"PUESTO DE SALUD LLAMA";"NE_0002";"";"NE_0002";"NE_0002";"NE_0002";"NE_0002";"NE_0002";"NE_0002";"NE_0002"
"2023";"02";"021304";"ANCASH";"MARISCAL LUZURIAGA";"FIDEL OLIVAS ESCUDERO";"GOBIERNO REGIONAL";"I-1";"00001793";"PUESTO DE SALUD SANASHGAN";"NE_0002";"";"NE_0002";"NE_0002";"NE_0002";"NE_0002";"NE_0002";"NE_0002";"NE_0002"
"2023";"02";"060607";"CAJAMARCA";"CUTERVO";"QUEROCOTILLO";"GOBIERNO REGIONAL";"I-1";"00005008";"CHUMBICATE";"NE_0001";"";"NE_0001";"NE_0001";"NE_0001";"NE_0001";"NE_0001";"NE_0001";"NE_0001"
"2023";"02";"060607";"CAJAMARCA";"CUTERVO";"QUEROCOTILLO";"GOBIERNO REGIONAL";"I-1";"00006859";"MOSHOQUEQUE";"NE_0001";"";"NE_0001";"NE_0001";"NE_0001";"NE_0001";"NE_0001";"NE_0001";"NE_0001"
"2023";"02";"060602";"CAJAMARCA";"CUTERVO";"CALLAYUC";"GOBIERNO REGIONAL";"I-3";"00004964";"CHIPLE";"NE_0001";"";"NE_0001";"NE_0001";"NE_0001";"NE_0001";"NE_0001";"NE_0001";"NE_0001"
"2023";"02";"060602";"CAJAMARCA";"CUTERVO";"CALLAYUC";"GOBIERNO REGIONAL";"I-1";"00004965";"QUEROMARCA";"NE_0001";"";"NE_0001";"NE_0001";"NE_0001";"NE_0001";"NE_0001";"NE_0001";"NE_0001"
"2023";"02";"060606";"CAJAMARCA";"CUTERVO";"PIMPINGOS";"GOBIERNO REGIONAL";"I-2";"00005013";"CASA BLANCA";"NE_0001";"";"NE_0001";"NE_0001";"NE_0001";"NE_0001";"NE_0001";"NE_0001";"NE_0001"
"2023";"02";"060611";"CAJAMARCA";"CUTERVO";"SANTA CRUZ";"GOBIERNO REGIONAL";"I-1";"00004978";"CHIPLE LIMON";"NE_0001";"";"NE_0001";"NE_0001";"NE_0001";"NE_0001";"NE_0001";"NE_0001";"NE_0001"
"2023";"02";"060602";"CAJAMARCA";"CUTERVO";"CALLAYUC";"GOBIERNO REGIONAL";"I-2";"00004966";"SANTA TERESA DE QUEROMARCA";"NE_0001";"";"NE_0001";"NE_0001";"NE_0001";"NE_0001";"NE_0001";"NE_0001";"NE_0001"
"2023";"02";"060611";"CAJAMARCA";"CUTERVO";"SANTA CRUZ";"GOBIERNO REGIONAL";"I-1";"00011260";"LA VIÑA";"NE_0001";"";"NE_0001";"NE_0001";"NE_0001";"NE_0001";"NE_0001";"NE_0001";"NE_0001"
"2023";"02";"060607";"CAJAMARCA";"CUTERVO";"QUEROCOTILLO";"GOBIERNO REGIONAL";"I-1";"00004970";"SANTOS";"NE_0001";"";"NE_0001";"NE_0001";"NE_0001";"NE_0001";"NE_0001";"NE_0001";"NE_0001"
"2023";"02";"060602";"CAJAMARCA";"CUTERVO";"CALLAYUC";"GOBIERNO REGIONAL";"I-2";"00004967";"SECTOR EL CAMPO";"NE_0001";"";"NE_0001";"NE_0001";"NE_0001";"NE_0001";"NE_0001";"NE_0001";"NE_0001"
"2023";"02";"060611";"CAJAMARCA";"CUTERVO";"SANTA CRUZ";"GOBIERNO REGIONAL";"I-1";"00007050";"AMBATO";"NE_0001";"";"NE_0001";"NE_0001";"NE_0001";"NE_0001";"NE_0001";"NE_0001";"NE_0001"
"2023";"02";"200104";"PIURA";"PIURA";"CASTILLA";"PRIVADO";"0";"00013494";"AUNA CLINICA MIRAFLORES";"240000";"HOSPITALIZACIÓN";"282";"283";"1177";"1447";"42";"1176";"3"
"2023";"02";"060611";"CAJAMARCA";"CUTERVO";"SANTA CRUZ";"GOBIERNO REGIONAL";"I-1";"00011261";"GRAMALOTILLO";"NE_0001";"";"NE_0001";"NE_0001";"NE_0001";"NE_0001";"NE_0001";"NE_0001";"NE_0001"
"2023";"02";"150137";"LIMA";"LIMA";"SANTA ANITA";"MINSA";"III-1";"00005948";"HOSPITAL HERMILIO VALDIZAN";"242202";"HOSPITALIZACIÓN DE MEDICINA PSIQUIATRÍA PSIQUIATRÍA DEL ADULTO Y GERONTE";"40";"39";"1362";"2716";"159";"4452";"0"
"2023";"02";"110501";"ICA";"PISCO";"PISCO";"PRIVADO";"II-1";"00027173";"FAMISALUD SAC";"241500";"HOSPITALIZACIÓN QUIRÚRGICA GINECOLOGÍA  ";"5";"5";"5";"7";"2";"56";"0"
"2023";"02";"110501";"ICA";"PISCO";"PISCO";"PRIVADO";"II-1";"00027173";"FAMISALUD SAC";"241200";"HOSPITALIZACIÓN QUIRÚRGICA TRAUMATOLOGÍA Y ORTOPEDIA ";"3";"3";"3";"7";"1";"28";"0"
"2023";"02";"110501";"ICA";"PISCO";"PISCO";"PRIVADO";"II-1";"00027173";"FAMISALUD SAC";"240100";"HOSPITALIZACIÓN QUIRÚRGICA CIRUGÍA GENERAL ";"24";"24";"29";"7";"4";"112";"0"
"2023";"02";"110501";"ICA";"PISCO";"PISCO";"PRIVADO";"II-1";"00027173";"FAMISALUD SAC";"241800";"HOSPITALIZACIÓN DE MEDICINA MEDICINA GENERAL ";"4";"4";"10";"7";"1";"28";"0"
"2023";"02";"150114";"LIMA";"LIMA";"LA MOLINA";"PRIVADO";"II-2";"00009153";"CLINICA MONTEFIORI";"240000";"HOSPITALIZACIÓN";"353";"335";"1027";"980";"43";"1419";"0"
"2023";"02";"150113";"LIMA";"LIMA";"JESUS MARIA";"PRIVADO";"II-E";"00026793";"CLINICA BELLAFORMA";"NE_0001";"";"NE_0001";"NE_0001";"NE_0001";"NE_0001";"NE_0001";"NE_0001";"NE_0001"
"2023";"01";"040504";"AREQUIPA";"CAYLLOMA";"CALLALLI";"GOBIERNO REGIONAL";"I-2";"00001437";"PUESTO DE SALUD CHALHUANCA";"NE_0001";"";"NE_0001";"NE_0001";"NE_0001";"NE_0001";"NE_0001";"NE_0001";"NE_0001"
"2023";"01";"040517";"AREQUIPA";"CAYLLOMA";"TISCO";"GOBIERNO REGIONAL";"I-2";"00006891";"PUESTO DE SALUD TARUCAMARCA";"NE_0001";"";"NE_0001";"NE_0001";"NE_0001";"NE_0001";"NE_0001";"NE_0001";"NE_0001"
"2023";"01";"040515";"AREQUIPA";"CAYLLOMA";"SIBAYO";"GOBIERNO REGIONAL";"I-2";"00001435";"PUESTO DE SALUD SANTA ROSA DE SIBAYO";"NE_0001";"";"NE_0001";"NE_0001";"NE_0001";"NE_0001";"NE_0001";"NE_0001";"NE_0001"
"2023";"01";"040518";"AREQUIPA";"CAYLLOMA";"TUTI";"GOBIERNO REGIONAL";"I-2";"00001436";"PUESTO DE SALUD TUTI";"NE_0001";"";"NE_0001";"NE_0001";"NE_0001";"NE_0001";"NE_0001";"NE_0001";"NE_0001"
"2023";"01";"040517";"AREQUIPA";"CAYLLOMA";"TISCO";"GOBIERNO REGIONAL";"I-2";"00001438";"PUESTO DE SALUD TISCO";"NE_0001";"";"NE_0001";"NE_0001";"NE_0001";"NE_0001";"NE_0001";"NE_0001";"NE_0001"
"2023";"01";"040517";"AREQUIPA";"CAYLLOMA";"TISCO";"GOBIERNO REGIONAL";"I-2";"00001431";"PUESTO DE SALUD COTACOTA";"NE_0001";"";"NE_0001";"NE_0001";"NE_0001";"NE_0001";"NE_0001";"NE_0001";"NE_0001"
"2023";"01";"040504";"AREQUIPA";"CAYLLOMA";"CALLALLI";"GOBIERNO REGIONAL";"I-3";"00001421";"CENTRO DE SALUD CALLALLI";"NE_0001";"";"NE_0001";"NE_0001";"NE_0001";"NE_0001";"NE_0001";"NE_0001";"NE_0001"
"2023";"01";"160201";"LORETO";"ALTO AMAZONAS";"YURIMAGUAS";"ESSALUD";"II-1";"00020274";"ESSALUD - HOSPITAL I YURIMAGUAS";"241800";"HOSPITALIZACIÓN DE MEDICINA MEDICINA GENERAL ";"76";"77";"267";"262";"9";"279";"1"
"2023";"01";"160201";"LORETO";"ALTO AMAZONAS";"YURIMAGUAS";"ESSALUD";"II-1";"00020274";"ESSALUD - HOSPITAL I YURIMAGUAS";"241600";"HOSPITALIZACIÓN QUIRÚRGICA OBSTETRICIA   ";"20";"23";"57";"55";"2";"62";"0"
"2023";"01";"220805";"SAN MARTIN";"RIOJA";"PARDO MIGUEL";"GOBIERNO REGIONAL";"I-1";"00006306";"EL MIRADOR";"NE_0001";"";"NE_0001";"NE_0001";"NE_0001";"NE_0001";"NE_0001";"NE_0001";"NE_0001"
"2023";"01";"220805";"SAN MARTIN";"RIOJA";"PARDO MIGUEL";"GOBIERNO REGIONAL";"I-1";"00006309";"TUMBARO";"NE_0001";"";"NE_0001";"NE_0001";"NE_0001";"NE_0001";"NE_0001";"NE_0001";"NE_0001"
"2023";"01";"130101";"LA LIBERTAD";"TRUJILLO";"TRUJILLO";"ESSALUD";"III-1";"00009042";"VICTOR LAZARTE ECHEGARAY";"250200";"UNIDAD DE CUIDADOS CRITICOS UNIDAD DE CUIDADOS INTERMEDIOS GENERAL  (UCIN) ";"17";"12";"102";"872";"33";"1023";"2"
"2023";"01";"130101";"LA LIBERTAD";"TRUJILLO";"TRUJILLO";"ESSALUD";"III-1";"00009042";"VICTOR LAZARTE ECHEGARAY";"241900";"HOSPITALIZACIÓN DE MEDICINA MEDICINA INTERNA ";"139";"117";"1110";"1840";"64";"1984";"18"
"2023";"01";"130101";"LA LIBERTAD";"TRUJILLO";"TRUJILLO";"ESSALUD";"III-1";"00009042";"VICTOR LAZARTE ECHEGARAY";"241300";"HOSPITALIZACIÓN QUIRÚRGICA UROLOGÍA  ";"27";"22";"211";"75";"12";"372";"0"
"2023";"01";"130101";"LA LIBERTAD";"TRUJILLO";"TRUJILLO";"ESSALUD";"III-1";"00009042";"VICTOR LAZARTE ECHEGARAY";"240100";"HOSPITALIZACIÓN QUIRÚRGICA CIRUGÍA GENERAL ";"735";"719";"833";"969";"43";"1333";"2"
"2023";"01";"130101";"LA LIBERTAD";"TRUJILLO";"TRUJILLO";"ESSALUD";"III-1";"00009042";"VICTOR LAZARTE ECHEGARAY";"241200";"HOSPITALIZACIÓN QUIRÚRGICA TRAUMATOLOGÍA Y ORTOPEDIA ";"45";"40";"416";"272";"20";"620";"0"
"2023";"01";"130101";"LA LIBERTAD";"TRUJILLO";"TRUJILLO";"ESSALUD";"III-1";"00009042";"VICTOR LAZARTE ECHEGARAY";"241500";"HOSPITALIZACIÓN QUIRÚRGICA GINECOLOGÍA  ";"47";"47";"115";"11";"5";"155";"0"
"2023";"01";"130101";"LA LIBERTAD";"TRUJILLO";"TRUJILLO";"ESSALUD";"III-1";"00009042";"VICTOR LAZARTE ECHEGARAY";"241600";"HOSPITALIZACIÓN QUIRÚRGICA OBSTETRICIA   ";"356";"352";"853";"859";"35";"1085";"0"
"2023";"01";"130101";"LA LIBERTAD";"TRUJILLO";"TRUJILLO";"ESSALUD";"III-1";"00009042";"VICTOR LAZARTE ECHEGARAY";"242300";"HOSPITALIZACIÓN DE PEDIATRÍA  PEDIATRÍA  GENERAL ";"317";"310";"1144";"282";"18";"558";"4"
"2023";"01";"150141";"LIMA";"LIMA";"SURQUILLO";"PRIVADO";"II-1";"00009645";"INVERSIONES GENERALES SALOMON S.A.";"NE_0001";"";"NE_0001";"NE_0001";"NE_0001";"NE_0001";"NE_0001";"NE_0001";"NE_0001"
"2023";"01";"240301";"TUMBES";"ZARUMILLA";"ZARUMILLA";"ESSALUD";"I-2";"00012271";"POSTA MEDICA ZARUMILLA";"NE_0001";"";"NE_0001";"NE_0001";"NE_0001";"NE_0001";"NE_0001";"NE_0001";"NE_0001"
"2023";"01";"080605";"CUSCO";"CANCHIS";"PITUMARCA";"GOBIERNO REGIONAL";"I-1";"00002393";"PHINAYA";"NE_0001";"";"NE_0001";"NE_0001";"NE_0001";"NE_0001";"NE_0001";"NE_0001";"NE_0001"
"2023";"01";"100102";"HUANUCO";"HUANUCO";"AMARILIS";"GOBIERNO REGIONAL";"I-4";"00000755";"PERU-COREA";"241600";"HOSPITALIZACIÓN QUIRÚRGICA OBSTETRICIA   ";"127";"131";"274";"224";"7";"210";"0"
"2023";"01";"100102";"HUANUCO";"HUANUCO";"AMARILIS";"GOBIERNO REGIONAL";"I-2";"00000763";"PUESTO DE SALUD DE LLICUA";"NE_0001";"";"NE_0001";"NE_0001";"NE_0001";"NE_0001";"NE_0001";"NE_0001";"NE_0001"
"2023";"01";"100102";"HUANUCO";"HUANUCO";"AMARILIS";"GOBIERNO REGIONAL";"I-2";"00000761";"MALCONGA";"NE_0001";"";"NE_0001";"NE_0001";"NE_0001";"NE_0001";"NE_0001";"NE_0001";"NE_0001"
"2023";"01";"100102";"HUANUCO";"HUANUCO";"AMARILIS";"GOBIERNO REGIONAL";"I-2";"00000762";"PAUCAR";"NE_0001";"";"NE_0001";"NE_0001";"NE_0001";"NE_0001";"NE_0001";"NE_0001";"NE_0001"
"2023";"01";"100102";"HUANUCO";"HUANUCO";"AMARILIS";"GOBIERNO REGIONAL";"I-3";"00027051";"CENTRO DE SALUD MENTAL COMUNITARIO PAKKARIN";"NE_0001";"";"NE_0001";"NE_0001";"NE_0001";"NE_0001";"NE_0001";"NE_0001";"NE_0001"
"2023";"01";"100102";"HUANUCO";"HUANUCO";"AMARILIS";"GOBIERNO REGIONAL";"I-2";"00000760";"LA ESPERANZA";"NE_0001";"";"NE_0001";"NE_0001";"NE_0001";"NE_0001";"NE_0001";"NE_0001";"NE_0001"
"2023";"01";"100102";"HUANUCO";"HUANUCO";"AMARILIS";"GOBIERNO REGIONAL";"I-3";"00027821";"CENTRO DE SALUD AMARILIS";"NE_0001";"";"NE_0001";"NE_0001";"NE_0001";"NE_0001";"NE_0001";"NE_0001";"NE_0001"
"2023";"01";"200104";"PIURA";"PIURA";"CASTILLA";"ESSALUD";"II-E";"00016363";"INSTITUTO PERUANO DE OFTALMOLOGIA";"240000";"HOSPITALIZACIÓN";"73";"66";"66";"72";"6";"186";"0"
"2023";"01";"200104";"PIURA";"PIURA";"CASTILLA";"ESSALUD";"III-1";"00015230";"HOSPITAL III JOSE CAYETANO HEREDIA";"241900";"HOSPITALIZACIÓN DE MEDICINA MEDICINA INTERNA ";"282";"191";"1775";"1517";"54";"1674";"21"
"2023";"01";"200104";"PIURA";"PIURA";"CASTILLA";"ESSALUD";"III-1";"00015230";"HOSPITAL III JOSE CAYETANO HEREDIA";"240100";"HOSPITALIZACIÓN QUIRÚRGICA CIRUGÍA GENERAL ";"219";"264";"2299";"1827";"64";"1984";"5"
"2023";"01";"200104";"PIURA";"PIURA";"CASTILLA";"ESSALUD";"III-1";"00015230";"HOSPITAL III JOSE CAYETANO HEREDIA";"241500";"HOSPITALIZACIÓN QUIRÚRGICA GINECOLOGÍA  ";"42";"62";"246";"229";"8";"248";"0"
"2023";"01";"200104";"PIURA";"PIURA";"CASTILLA";"ESSALUD";"III-1";"00015230";"HOSPITAL III JOSE CAYETANO HEREDIA";"241600";"HOSPITALIZACIÓN QUIRÚRGICA OBSTETRICIA   ";"182";"178";"1000";"906";"32";"992";"0"
"2023";"01";"200104";"PIURA";"PIURA";"CASTILLA";"ESSALUD";"III-1";"00015230";"HOSPITAL III JOSE CAYETANO HEREDIA";"242300";"HOSPITALIZACIÓN DE PEDIATRÍA  PEDIATRÍA  GENERAL ";"72";"97";"564";"531";"19";"589";"0"
"2023";"01";"200104";"PIURA";"PIURA";"CASTILLA";"ESSALUD";"III-1";"00015230";"HOSPITAL III JOSE CAYETANO HEREDIA";"250100";"UNIDAD DE CUIDADOS CRITICOS UNIDAD  DE CUIDADOS INTENSIVOS GENERALES (UCI) ";"10";"57";"672";"617";"23";"713";"16"
"2023";"01";"200104";"PIURA";"PIURA";"CASTILLA";"ESSALUD";"III-1";"00015230";"HOSPITAL III JOSE CAYETANO HEREDIA";"250200";"UNIDAD DE CUIDADOS CRITICOS UNIDAD DE CUIDADOS INTERMEDIOS GENERAL  (UCIN) ";"36";"142";"1108";"713";"27";"837";"2"
"2023";"02";"220101";"SAN MARTIN";"MOYOBAMBA";"MOYOBAMBA";"SANIDAD DE LA POLICIA NACIONAL DEL PERU";"I-3";"00018077";"POLICLINICO PNP MOYOBAMBA";"NE_0001";"";"NE_0001";"NE_0001";"NE_0001";"NE_0001";"NE_0001";"NE_0001";"NE_0001"
"2023";"02";"220804";"SAN MARTIN";"RIOJA";"NUEVA CAJAMARCA";"GOBIERNO REGIONAL";"I-1";"00006299";"PERLA DAGUAS";"NE_0002";"";"NE_0002";"NE_0002";"NE_0002";"NE_0002";"NE_0002";"NE_0002";"NE_0002"
"2023";"02";"220804";"SAN MARTIN";"RIOJA";"NUEVA CAJAMARCA";"GOBIERNO REGIONAL";"I-3";"00006300";"SAN JUAN RIO SORITOR";"241800";"HOSPITALIZACIÓN DE MEDICINA MEDICINA GENERAL ";"1";"1";"1";"1";"1";"27";"0"
"2023";"02";"220808";"SAN MARTIN";"RIOJA";"YORONGOS";"GOBIERNO REGIONAL";"I-1";"00006276";"PUESTO DE SALUD NUEVO TABALOSOS";"NE_0002";"";"NE_0002";"NE_0002";"NE_0002";"NE_0002";"NE_0002";"NE_0002";"NE_0002"
"2023";"02";"220801";"SAN MARTIN";"RIOJA";"RIOJA";"GOBIERNO REGIONAL";"I-1";"00006273";"PUESTO DE SALUD TAMBO";"NE_0002";"";"NE_0002";"NE_0002";"NE_0002";"NE_0002";"NE_0002";"NE_0002";"NE_0002"
"2023";"02";"220801";"SAN MARTIN";"RIOJA";"RIOJA";"GOBIERNO REGIONAL";"I-1";"00006708";"PUESTO DE SALUD PERLA DE CASCAYUNGA";"NE_0002";"";"NE_0002";"NE_0002";"NE_0002";"NE_0002";"NE_0002";"NE_0002";"NE_0002"
"2023";"02";"220801";"SAN MARTIN";"RIOJA";"RIOJA";"GOBIERNO REGIONAL";"I-1";"00006280";"PUESTO DE SALUD PORVENIR";"NE_0002";"";"NE_0002";"NE_0002";"NE_0002";"NE_0002";"NE_0002";"NE_0002";"NE_0002"
"2023";"02";"220806";"SAN MARTIN";"RIOJA";"POSIC";"GOBIERNO REGIONAL";"I-1";"00006274";"PUESTO DE SALUD POSIC";"NE_0002";"";"NE_0002";"NE_0002";"NE_0002";"NE_0002";"NE_0002";"NE_0002";"NE_0002"
"2023";"02";"220801";"SAN MARTIN";"RIOJA";"RIOJA";"GOBIERNO REGIONAL";"I-1";"00006271";"PUESTO DE SALUD MASHUYACU";"NE_0002";"";"NE_0002";"NE_0002";"NE_0002";"NE_0002";"NE_0002";"NE_0002";"NE_0002"
"2023";"02";"220808";"SAN MARTIN";"RIOJA";"YORONGOS";"GOBIERNO REGIONAL";"I-3";"00006275";"PUESTO DE SALUD YORONGOS";"NE_0002";"";"NE_0002";"NE_0002";"NE_0002";"NE_0002";"NE_0002";"NE_0002";"NE_0002"
"2023";"02";"021904";"ANCASH";"SIHUAS";"CASHAPAMPA";"GOBIERNO REGIONAL";"I-1";"00001798";"PUESTO DE SALUD PASACANCHA";"NE_0002";"";"NE_0002";"NE_0002";"NE_0002";"NE_0002";"NE_0002";"NE_0002";"NE_0002"
"2023";"02";"021909";"ANCASH";"SIHUAS";"SAN JUAN";"GOBIERNO REGIONAL";"I-2";"00001809";"PUESTO DE SALUD ANDAYMAYO";"NE_0002";"";"NE_0002";"NE_0002";"NE_0002";"NE_0002";"NE_0002";"NE_0002";"NE_0002"
"2023";"02";"021909";"ANCASH";"SIHUAS";"SAN JUAN";"GOBIERNO REGIONAL";"I-2";"00001808";"PUESTO DE SALUD SAN JUAN CHULLIN";"NE_0002";"";"NE_0002";"NE_0002";"NE_0002";"NE_0002";"NE_0002";"NE_0002";"NE_0002"
"2023";"02";"021909";"ANCASH";"SIHUAS";"SAN JUAN";"GOBIERNO REGIONAL";"I-1";"00001810";"PUESTO DE SALUD CHINCHOBAMBA";"NE_0002";"";"NE_0002";"NE_0002";"NE_0002";"NE_0002";"NE_0002";"NE_0002";"NE_0002"
"2023";"02";"021904";"ANCASH";"SIHUAS";"CASHAPAMPA";"GOBIERNO REGIONAL";"I-1";"00001797";"PUESTO DE SALUD CASHAPAMPA";"NE_0002";"";"NE_0002";"NE_0002";"NE_0002";"NE_0002";"NE_0002";"NE_0002";"NE_0002"
"2023";"02";"021906";"ANCASH";"SIHUAS";"HUAYLLABAMBA";"GOBIERNO REGIONAL";"I-1";"00001804";"PUESTO DE SALUD PIRPO";"NE_0002";"";"NE_0002";"NE_0002";"NE_0002";"NE_0002";"NE_0002";"NE_0002";"NE_0002"
"2023";"02";"021906";"ANCASH";"SIHUAS";"HUAYLLABAMBA";"GOBIERNO REGIONAL";"I-2";"00001803";"PUESTO DE SALUD SANTA CLARA";"NE_0002";"";"NE_0002";"NE_0002";"NE_0002";"NE_0002";"NE_0002";"NE_0002";"NE_0002"
"2023";"02";"021909";"ANCASH";"SIHUAS";"SAN JUAN";"GOBIERNO REGIONAL";"I-1";"00007449";"PUESTO DE SALUD PARIASHPAMPA";"NE_0002";"";"NE_0002";"NE_0002";"NE_0002";"NE_0002";"NE_0002";"NE_0002";"NE_0002"
"2023";"02";"021908";"ANCASH";"SIHUAS";"RAGASH";"GOBIERNO REGIONAL";"I-1";"00001796";"PUESTO DE SALUD RAGASH";"NE_0002";"";"NE_0002";"NE_0002";"NE_0002";"NE_0002";"NE_0002";"NE_0002";"NE_0002"
"2023";"02";"021910";"ANCASH";"SIHUAS";"SICSIBAMBA";"GOBIERNO REGIONAL";"I-2";"00001811";"PUESTO DE SALUD SICSIBAMBA";"NE_0002";"";"NE_0002";"NE_0002";"NE_0002";"NE_0002";"NE_0002";"NE_0002";"NE_0002"
"2023";"02";"220803";"SAN MARTIN";"RIOJA";"ELIAS SOPLIN VARGAS";"GOBIERNO REGIONAL";"I-1";"00006279";"PUERTO BAGAZAN";"NE_0002";"";"NE_0002";"NE_0002";"NE_0002";"NE_0002";"NE_0002";"NE_0002";"NE_0002"
"2023";"02";"220803";"SAN MARTIN";"RIOJA";"ELIAS SOPLIN VARGAS";"GOBIERNO REGIONAL";"I-1";"00017707";"LA VICTORIA";"NE_0002";"";"NE_0002";"NE_0002";"NE_0002";"NE_0002";"NE_0002";"NE_0002";"NE_0002"
"2023";"02";"220803";"SAN MARTIN";"RIOJA";"ELIAS SOPLIN VARGAS";"GOBIERNO REGIONAL";"I-1";"00007298";"LA NACIENTE DEL RIO NEGRO";"NE_0002";"";"NE_0002";"NE_0002";"NE_0002";"NE_0002";"NE_0002";"NE_0002";"NE_0002"
"2023";"02";"220803";"SAN MARTIN";"RIOJA";"ELIAS SOPLIN VARGAS";"GOBIERNO REGIONAL";"I-1";"00006903";"SANTA FE";"NE_0002";"";"NE_0002";"NE_0002";"NE_0002";"NE_0002";"NE_0002";"NE_0002";"NE_0002"
"2023";"02";"220803";"SAN MARTIN";"RIOJA";"ELIAS SOPLIN VARGAS";"GOBIERNO REGIONAL";"I-3";"00006277";"SEGUNDA JERUSALEN";"241600";"HOSPITALIZACIÓN QUIRÚRGICA OBSTETRICIA   ";"2";"2";"2";"2";"3";"84";"0"
"2023";"02";"220803";"SAN MARTIN";"RIOJA";"ELIAS SOPLIN VARGAS";"GOBIERNO REGIONAL";"I-3";"00006277";"SEGUNDA JERUSALEN";"241800";"HOSPITALIZACIÓN DE MEDICINA MEDICINA GENERAL ";"11";"11";"11";"11";"7";"196";"0"
"2023";"02";"220803";"SAN MARTIN";"RIOJA";"ELIAS SOPLIN VARGAS";"GOBIERNO REGIONAL";"I-1";"00006278";"VALLE GRANDE";"NE_0002";"";"NE_0002";"NE_0002";"NE_0002";"NE_0002";"NE_0002";"NE_0002";"NE_0002"
"2023";"02";"180201";"MOQUEGUA";"GENERAL SANCHEZ CERRO";"OMATE";"ESSALUD";"I-2";"00026055";"POSTA MEDICA OMATE";"NE_0001";"";"NE_0001";"NE_0001";"NE_0001";"NE_0001";"NE_0001";"NE_0001";"NE_0001"
"2023";"01";"080601";"CUSCO";"CANCHIS";"SICUANI";"GOBIERNO REGIONAL";"I-4";"00002380";"TECHO OBRERO";"NE_0001";"";"NE_0001";"NE_0001";"NE_0001";"NE_0001";"NE_0001";"NE_0001";"NE_0001"
"2023";"01";"080604";"CUSCO";"CANCHIS";"MARANGANI";"GOBIERNO REGIONAL";"I-1";"00002389";"CHECTUYOC";"NE_0001";"";"NE_0001";"NE_0001";"NE_0001";"NE_0001";"NE_0001";"NE_0001";"NE_0001"
"2023";"01";"080504";"CUSCO";"CANAS";"LANGUI";"GOBIERNO REGIONAL";"I-2";"00002369";"LANGUI";"NE_0001";"";"NE_0001";"NE_0001";"NE_0001";"NE_0001";"NE_0001";"NE_0001";"NE_0001"
"2023";"01";"080604";"CUSCO";"CANCHIS";"MARANGANI";"GOBIERNO REGIONAL";"I-1";"00002390";"CCUYO";"NE_0001";"";"NE_0001";"NE_0001";"NE_0001";"NE_0001";"NE_0001";"NE_0001";"NE_0001"
"2023";"01";"080604";"CUSCO";"CANCHIS";"MARANGANI";"GOBIERNO REGIONAL";"I-2";"00002391";"OCCOBAMBA MARANGANI";"NE_0001";"";"NE_0001";"NE_0001";"NE_0001";"NE_0001";"NE_0001";"NE_0001";"NE_0001"
"2023";"01";"080601";"CUSCO";"CANCHIS";"SICUANI";"GOBIERNO REGIONAL";"I-1";"00002379";"HERCCA";"NE_0001";"";"NE_0001";"NE_0001";"NE_0001";"NE_0001";"NE_0001";"NE_0001";"NE_0001"
"2023";"01";"080504";"CUSCO";"CANAS";"LANGUI";"GOBIERNO REGIONAL";"I-1";"00002370";"CONDEVILUYO";"NE_0001";"";"NE_0001";"NE_0001";"NE_0001";"NE_0001";"NE_0001";"NE_0001";"NE_0001"
"2023";"01";"080505";"CUSCO";"CANAS";"LAYO";"GOBIERNO REGIONAL";"I-3";"00002371";"LAYO";"NE_0001";"";"NE_0001";"NE_0001";"NE_0001";"NE_0001";"NE_0001";"NE_0001";"NE_0001"
"2023";"01";"080604";"CUSCO";"CANCHIS";"MARANGANI";"GOBIERNO REGIONAL";"I-3";"00002388";"MARANGANI";"NE_0001";"";"NE_0001";"NE_0001";"NE_0001";"NE_0001";"NE_0001";"NE_0001";"NE_0001"
"2023";"01";"240201";"TUMBES";"CONTRALMIRANTE VILLAR";"ZORRITOS";"ESSALUD";"I-2";"00012273";"POSTA MEDICA ZORRITOS";"NE_0001";"";"NE_0001";"NE_0001";"NE_0001";"NE_0001";"NE_0001";"NE_0001";"NE_0001"
"2023";"01";"061201";"CAJAMARCA";"SAN PABLO";"SAN PABLO";"ESSALUD";"I-1";"00010271";"POSTA MEDICA ESSALUD SAN PABLO";"NE_0001";"";"NE_0001";"NE_0001";"NE_0001";"NE_0001";"NE_0001";"NE_0001";"NE_0001"
"2023";"01";"020801";"ANCASH";"CASMA";"CASMA";"ESSALUD";"I-3";"00009057";"CENTRO MEDICO CASMA";"NE_0001";"";"NE_0001";"NE_0001";"NE_0001";"NE_0001";"NE_0001";"NE_0001";"NE_0001"
"2023";"01";"190201";"PASCO";"DANIEL ALCIDES CARRION";"YANAHUANCA";"ESSALUD";"I-3";"00009760";"CENTRO MEDICO DE YANAHUANCA";"NE_0001";"";"NE_0001";"NE_0001";"NE_0001";"NE_0001";"NE_0001";"NE_0001";"NE_0001"
"2023";"02";"110501";"ICA";"PISCO";"PISCO";"SANIDAD DE LA POLICIA NACIONAL DEL PERU";"I-2";"00011400";"POSTA MEDICA POLICIAL PISCO";"NE_0001";"";"NE_0001";"NE_0001";"NE_0001";"NE_0001";"NE_0001";"NE_0001";"NE_0001"
"2023";"02";"021910";"ANCASH";"SIHUAS";"SICSIBAMBA";"GOBIERNO REGIONAL";"I-1";"00001812";"PUESTO DE SALUD UMBE";"NE_0002";"";"NE_0002";"NE_0002";"NE_0002";"NE_0002";"NE_0002";"NE_0002";"NE_0002"
"2023";"02";"021901";"ANCASH";"SIHUAS";"SIHUAS";"GOBIERNO REGIONAL";"I-1";"00009731";"PUESTO DE SALUD SAURAPA";"NE_0002";"";"NE_0002";"NE_0002";"NE_0002";"NE_0002";"NE_0002";"NE_0002";"NE_0002"
"2023";"02";"021906";"ANCASH";"SIHUAS";"HUAYLLABAMBA";"GOBIERNO REGIONAL";"I-3";"00001802";"CENTRO DE SALUD HUAYLLABAMBA";"NE_0002";"";"NE_0002";"NE_0002";"NE_0002";"NE_0002";"NE_0002";"NE_0002";"NE_0002"
"2023";"02";"021908";"ANCASH";"SIHUAS";"RAGASH";"GOBIERNO REGIONAL";"I-1";"00009734";"PUESTO DE SALUD QUINGAO";"NE_0002";"";"NE_0002";"NE_0002";"NE_0002";"NE_0002";"NE_0002";"NE_0002";"NE_0002"
"2023";"02";"150204";"LIMA";"BARRANCA";"SUPE";"GOBIERNO REGIONAL";"II-1";"00007636";"HOSPITAL DE SUPE LAURA ESTHER RODRIGUEZ DULANTO";"240100";"HOSPITALIZACIÓN QUIRÚRGICA CIRUGÍA GENERAL ";"34";"38";"112";"133";"6";"168";"0"
"2023";"02";"150204";"LIMA";"BARRANCA";"SUPE";"GOBIERNO REGIONAL";"II-1";"00007636";"HOSPITAL DE SUPE LAURA ESTHER RODRIGUEZ DULANTO";"241400";"HOSPITALIZACIÓN QUIRÚRGICA GINECO - OBSTETRICIA ";"65";"65";"135";"159";"13";"364";"0"
"2023";"02";"150204";"LIMA";"BARRANCA";"SUPE";"GOBIERNO REGIONAL";"II-1";"00007636";"HOSPITAL DE SUPE LAURA ESTHER RODRIGUEZ DULANTO";"241500";"HOSPITALIZACIÓN QUIRÚRGICA GINECOLOGÍA  ";"7";"7";"14";"1";"2";"56";"0"
"2023";"02";"150204";"LIMA";"BARRANCA";"SUPE";"GOBIERNO REGIONAL";"II-1";"00007636";"HOSPITAL DE SUPE LAURA ESTHER RODRIGUEZ DULANTO";"241800";"HOSPITALIZACIÓN DE MEDICINA MEDICINA GENERAL ";"12";"18";"94";"115";"8";"224";"3"
"2023";"02";"150204";"LIMA";"BARRANCA";"SUPE";"GOBIERNO REGIONAL";"II-1";"00007636";"HOSPITAL DE SUPE LAURA ESTHER RODRIGUEZ DULANTO";"242200";"HOSPITALIZACIÓN DE MEDICINA PSIQUIATRÍA ";"2";"4";"76";"129";"8";"224";"0"
"2023";"02";"150204";"LIMA";"BARRANCA";"SUPE";"GOBIERNO REGIONAL";"II-1";"00007636";"HOSPITAL DE SUPE LAURA ESTHER RODRIGUEZ DULANTO";"242500";"HOSPITALIZACIÓN-PEDIATRÍA GENERAL-";"24";"27";"65";"77";"8";"224";"0"
"2023";"02";"150204";"LIMA";"BARRANCA";"SUPE";"GOBIERNO REGIONAL";"II-1";"00007636";"HOSPITAL DE SUPE LAURA ESTHER RODRIGUEZ DULANTO";"243200";"HOSPITALIZACIÓN DE PEDIATRÍA PEDIATRIA NEONATOLOGÍA";"30";"31";"47";"21";"5";"140";"0"
"2023";"02";"040108";"AREQUIPA";"AREQUIPA";"LA JOYA";"GOBIERNO REGIONAL";"I-3";"00001322";"LA JOYA";"NE_0001";"";"NE_0001";"NE_0001";"NE_0001";"NE_0001";"NE_0001";"NE_0001";"NE_0001"
"2023";"02";"040108";"AREQUIPA";"AREQUIPA";"LA JOYA";"GOBIERNO REGIONAL";"I-1";"00001327";"PUESTO DE SALUD CERRITO BUENA VISTA";"NE_0001";"";"NE_0001";"NE_0001";"NE_0001";"NE_0001";"NE_0001";"NE_0001";"NE_0001"
"2023";"02";"040108";"AREQUIPA";"AREQUIPA";"LA JOYA";"GOBIERNO REGIONAL";"I-3";"00001330";"CENTRO DE SALUD EL CRUCE - TRIUNFO";"NE_0001";"";"NE_0001";"NE_0001";"NE_0001";"NE_0001";"NE_0001";"NE_0001";"NE_0001"
"2023";"02";"040108";"AREQUIPA";"AREQUIPA";"LA JOYA";"GOBIERNO REGIONAL";"I-1";"00001328";"PUESTO DE SALUD LOS MEDANOS";"NE_0001";"";"NE_0001";"NE_0001";"NE_0001";"NE_0001";"NE_0001";"NE_0001";"NE_0001"
"2023";"02";"040108";"AREQUIPA";"AREQUIPA";"LA JOYA";"GOBIERNO REGIONAL";"I-1";"00001329";"PUESTO DE SALUD BENITO LAZO";"NE_0001";"";"NE_0001";"NE_0001";"NE_0001";"NE_0001";"NE_0001";"NE_0001";"NE_0001"
"2023";"02";"060607";"CAJAMARCA";"CUTERVO";"QUEROCOTILLO";"GOBIERNO REGIONAL";"I-1";"00004969";"EL MOLINO";"NE_0001";"";"NE_0001";"NE_0001";"NE_0001";"NE_0001";"NE_0001";"NE_0001";"NE_0001"
"2023";"02";"060603";"CAJAMARCA";"CUTERVO";"CHOROS";"GOBIERNO REGIONAL";"I-1";"00004973";"EL ROLLO";"NE_0001";"";"NE_0001";"NE_0001";"NE_0001";"NE_0001";"NE_0001";"NE_0001";"NE_0001"
"2023";"02";"060607";"CAJAMARCA";"CUTERVO";"QUEROCOTILLO";"GOBIERNO REGIONAL";"I-1";"00006860";"TECHIN";"NE_0001";"";"NE_0001";"NE_0001";"NE_0001";"NE_0001";"NE_0001";"NE_0001";"NE_0001"
"2023";"02";"060602";"CAJAMARCA";"CUTERVO";"CALLAYUC";"GOBIERNO REGIONAL";"I-1";"00004962";"HUABAL";"NE_0001";"";"NE_0001";"NE_0001";"NE_0001";"NE_0001";"NE_0001";"NE_0001";"NE_0001"
"2023";"02";"130105";"LA LIBERTAD";"TRUJILLO";"LA ESPERANZA";"ESSALUD";"II-1";"00009040";"HOSPITAL I - LA ESPERANZA";"241800";"HOSPITALIZACIÓN DE MEDICINA MEDICINA GENERAL ";"60";"60";"250";"213";"10";"280";"0"
"2023";"02";"120424";"JUNIN";"JAUJA";"PANCAN";"GOBIERNO REGIONAL";"I-1";"00000418";"HUASQUICHA";"NE_0001";"";"NE_0001";"NE_0001";"NE_0001";"NE_0001";"NE_0001";"NE_0001";"NE_0001"
"2023";"02";"120433";"JUNIN";"JAUJA";"YAULI";"GOBIERNO REGIONAL";"I-2";"00000423";"YAULI - JAUJA";"NE_0001";"";"NE_0001";"NE_0001";"NE_0001";"NE_0001";"NE_0001";"NE_0001";"NE_0001"
"2023";"02";"120427";"JUNIN";"JAUJA";"RICRAN";"GOBIERNO REGIONAL";"I-2";"00000419";"RICRAN";"NE_0001";"";"NE_0001";"NE_0001";"NE_0001";"NE_0001";"NE_0001";"NE_0001";"NE_0001"
"2023";"02";"120429";"JUNIN";"JAUJA";"SAN PEDRO DE CHUNAN";"GOBIERNO REGIONAL";"I-1";"00000422";"SAN PEDRO DE CHUNAN";"NE_0001";"";"NE_0001";"NE_0001";"NE_0001";"NE_0001";"NE_0001";"NE_0001";"NE_0001"
"2023";"02";"050206";"AYACUCHO";"CANGALLO";"TOTOS";"GOBIERNO REGIONAL";"I-1";"00003622";"CHUYMAY";"NE_0001";"";"NE_0001";"NE_0001";"NE_0001";"NE_0001";"NE_0001";"NE_0001";"NE_0001"
"2023";"02";"051012";"AYACUCHO";"VICTOR FAJARDO";"VILCANCHOS";"GOBIERNO REGIONAL";"I-2";"00003628";"PUESTO DE SALUD VILCANCHOS";"NE_0001";"";"NE_0001";"NE_0001";"NE_0001";"NE_0001";"NE_0001";"NE_0001";"NE_0001"
"2023";"02";"060101";"CAJAMARCA";"CAJAMARCA";"CAJAMARCA";"ESSALUD";"II-2";"00010272";"HOSPITAL II CAJAMARCA";"241800";"HOSPITALIZACIÓN DE MEDICINA MEDICINA GENERAL ";"52";"52";"483";"442";"17";"476";"3"
"2023";"02";"060101";"CAJAMARCA";"CAJAMARCA";"CAJAMARCA";"ESSALUD";"II-2";"00010272";"HOSPITAL II CAJAMARCA";"240100";"HOSPITALIZACIÓN QUIRÚRGICA CIRUGÍA GENERAL ";"122";"121";"354";"373";"14";"392";"0"
"2023";"02";"060101";"CAJAMARCA";"CAJAMARCA";"CAJAMARCA";"ESSALUD";"II-2";"00010272";"HOSPITAL II CAJAMARCA";"241500";"HOSPITALIZACIÓN QUIRÚRGICA GINECOLOGÍA  ";"33";"31";"92";"93";"4";"93";"0"
"2023";"02";"060101";"CAJAMARCA";"CAJAMARCA";"CAJAMARCA";"ESSALUD";"II-2";"00010272";"HOSPITAL II CAJAMARCA";"241600";"HOSPITALIZACIÓN QUIRÚRGICA OBSTETRICIA   ";"127";"125";"234";"239";"16";"448";"0"
"2023";"02";"060101";"CAJAMARCA";"CAJAMARCA";"CAJAMARCA";"ESSALUD";"II-2";"00010272";"HOSPITAL II CAJAMARCA";"242300";"HOSPITALIZACIÓN DE PEDIATRÍA  PEDIATRÍA  GENERAL ";"20";"21";"82";"83";"7";"196";"0"
"2023";"02";"060101";"CAJAMARCA";"CAJAMARCA";"CAJAMARCA";"ESSALUD";"II-2";"00010272";"HOSPITAL II CAJAMARCA";"243200";"HOSPITALIZACIÓN DE PEDIATRÍA PEDIATRIA NEONATOLOGÍA";"32";"30";"67";"70";"6";"168";"0"
"2023";"02";"060101";"CAJAMARCA";"CAJAMARCA";"CAJAMARCA";"ESSALUD";"II-2";"00010272";"HOSPITAL II CAJAMARCA";"250100";"UNIDAD DE CUIDADOS CRITICOS UNIDAD  DE CUIDADOS INTENSIVOS GENERALES (UCI) ";"1";"0";"16";"164";"6";"168";"0"
"2023";"02";"131201";"LA LIBERTAD";"VIRU";"VIRU";"GOBIERNO REGIONAL";"II-1";"00005251";"HOSPITAL PROVINCIAL DE VIRU";"241600";"HOSPITALIZACIÓN QUIRÚRGICA OBSTETRICIA   ";"38";"38";"77";"77";"7";"196";"0"
"2023";"02";"131201";"LA LIBERTAD";"VIRU";"VIRU";"GOBIERNO REGIONAL";"II-1";"00005251";"HOSPITAL PROVINCIAL DE VIRU";"242500";"HOSPITALIZACIÓN-PEDIATRÍA GENERAL-";"3";"3";"21";"21";"3";"84";"0"
"2023";"02";"131201";"LA LIBERTAD";"VIRU";"VIRU";"GOBIERNO REGIONAL";"II-1";"00005251";"HOSPITAL PROVINCIAL DE VIRU";"241800";"HOSPITALIZACIÓN DE MEDICINA MEDICINA GENERAL ";"10";"9";"22";"31";"6";"168";"0"
"2023";"02";"131201";"LA LIBERTAD";"VIRU";"VIRU";"GOBIERNO REGIONAL";"II-1";"00005251";"HOSPITAL PROVINCIAL DE VIRU";"241500";"HOSPITALIZACIÓN QUIRÚRGICA GINECOLOGÍA  ";"16";"16";"41";"39";"3";"84";"0"
"2023";"02";"080901";"CUSCO";"LA CONVENCION";"SANTA ANA";"GOBIERNO REGIONAL";"I-1";"00002424";"POTRERO";"NE_0001";"";"NE_0001";"NE_0001";"NE_0001";"NE_0001";"NE_0001";"NE_0001";"NE_0001"
"2023";"02";"080902";"CUSCO";"LA CONVENCION";"ECHARATE";"GOBIERNO REGIONAL";"I-1";"00002446";"CHACCO";"NE_0001";"";"NE_0001";"NE_0001";"NE_0001";"NE_0001";"NE_0001";"NE_0001";"NE_0001"
"2023";"02";"080902";"CUSCO";"LA CONVENCION";"ECHARATE";"GOBIERNO REGIONAL";"I-2";"00002425";"ECHARATE";"NE_0001";"";"NE_0001";"NE_0001";"NE_0001";"NE_0001";"NE_0001";"NE_0001";"NE_0001"
"2023";"02";"080901";"CUSCO";"LA CONVENCION";"SANTA ANA";"GOBIERNO REGIONAL";"I-4";"00008910";"SANTA ANA";"NE_0001";"";"NE_0001";"NE_0001";"NE_0001";"NE_0001";"NE_0001";"NE_0001";"NE_0001"
"2023";"02";"080901";"CUSCO";"LA CONVENCION";"SANTA ANA";"GOBIERNO REGIONAL";"I-1";"00002422";"HUAYANAY";"NE_0001";"";"NE_0001";"NE_0001";"NE_0001";"NE_0001";"NE_0001";"NE_0001";"NE_0001"
"2023";"02";"080901";"CUSCO";"LA CONVENCION";"SANTA ANA";"GOBIERNO REGIONAL";"I-1";"00002423";"IDMA";"NE_0001";"";"NE_0001";"NE_0001";"NE_0001";"NE_0001";"NE_0001";"NE_0001";"NE_0001"
"2023";"02";"080902";"CUSCO";"LA CONVENCION";"ECHARATE";"GOBIERNO REGIONAL";"I-2";"00002430";"PAMPA CONCEPCION";"NE_0001";"";"NE_0001";"NE_0001";"NE_0001";"NE_0001";"NE_0001";"NE_0001";"NE_0001"
"2023";"02";"080901";"CUSCO";"LA CONVENCION";"SANTA ANA";"GOBIERNO REGIONAL";"I-3";"00015842";"PAVAYOC";"NE_0001";"";"NE_0001";"NE_0001";"NE_0001";"NE_0001";"NE_0001";"NE_0001";"NE_0001"
"2023";"02";"040104";"AREQUIPA";"AREQUIPA";"CERRO COLORADO";"MUNICIPALIDAD PROVINCIAL";"0";"00021551";"HOSPITAL MUNICIPAL DE AREQUIPA";"NE_0001";"";"NE_0001";"NE_0001";"NE_0001";"NE_0001";"NE_0001";"NE_0001";"NE_0001"
"2023";"03";"130105";"LA LIBERTAD";"TRUJILLO";"LA ESPERANZA";"ESSALUD";"III-E";"00020925";"HOSPITAL DE ALTA COMPLEJIDAD DE LA LIBERTAD VIRGEN DE LA PUERTA";"241900";"HOSPITALIZACIÓN DE MEDICINA MEDICINA INTERNA ";"171";"272";"3708";"2757";"98";"3038";"22"
"2023";"03";"120604";"JUNIN";"SATIPO";"MAZAMARI";"SANIDAD DE LA POLICIA NACIONAL DEL PERU";"I-2";"00012454";"POSTA MEDICA POLICIAL LOS SINCHIS";"NE_0001";"";"NE_0001";"NE_0001";"NE_0001";"NE_0001";"NE_0001";"NE_0001";"NE_0001"
"2023";"03";"230101";"TACNA";"TACNA";"TACNA";"SANIDAD DE LA POLICIA NACIONAL DEL PERU";"I-3";"00011528";"POLICLINICO POLICIAL TACNA";"NE_0001";"";"NE_0001";"NE_0001";"NE_0001";"NE_0001";"NE_0001";"NE_0001";"NE_0001"
"2023";"03";"130105";"LA LIBERTAD";"TRUJILLO";"LA ESPERANZA";"ESSALUD";"III-E";"00020925";"HOSPITAL DE ALTA COMPLEJIDAD DE LA LIBERTAD VIRGEN DE LA PUERTA";"250100";"UNIDAD DE CUIDADOS CRITICOS UNIDAD  DE CUIDADOS INTENSIVOS GENERALES (UCI) ";"44";"15";"297";"455";"16";"496";"3"
"2023";"03";"130105";"LA LIBERTAD";"TRUJILLO";"LA ESPERANZA";"ESSALUD";"III-E";"00020925";"HOSPITAL DE ALTA COMPLEJIDAD DE LA LIBERTAD VIRGEN DE LA PUERTA";"250200";"UNIDAD DE CUIDADOS CRITICOS UNIDAD DE CUIDADOS INTERMEDIOS GENERAL  (UCIN) ";"54";"48";"546";"658";"24";"744";"2"
"2023";"03";"130105";"LA LIBERTAD";"TRUJILLO";"LA ESPERANZA";"ESSALUD";"III-E";"00020925";"HOSPITAL DE ALTA COMPLEJIDAD DE LA LIBERTAD VIRGEN DE LA PUERTA";"240100";"HOSPITALIZACIÓN QUIRÚRGICA CIRUGÍA GENERAL ";"181";"190";"1192";"1079";"37";"1147";"1"
"2023";"03";"130105";"LA LIBERTAD";"TRUJILLO";"LA ESPERANZA";"ESSALUD";"III-E";"00020925";"HOSPITAL DE ALTA COMPLEJIDAD DE LA LIBERTAD VIRGEN DE LA PUERTA";"241500";"HOSPITALIZACIÓN QUIRÚRGICA GINECOLOGÍA  ";"124";"116";"339";"362";"16";"496";"0"
"2023";"03";"130105";"LA LIBERTAD";"TRUJILLO";"LA ESPERANZA";"ESSALUD";"III-E";"00020925";"HOSPITAL DE ALTA COMPLEJIDAD DE LA LIBERTAD VIRGEN DE LA PUERTA";"242300";"HOSPITALIZACIÓN DE PEDIATRÍA  PEDIATRÍA  GENERAL ";"3";"32";"432";"333";"11";"341";"0"
"2023";"03";"240302";"TUMBES";"ZARUMILLA";"AGUAS VERDES";"GOBIERNO REGIONAL";"I-1";"00001887";"POCITOS";"NE_0001";"";"NE_0001";"NE_0001";"NE_0001";"NE_0001";"NE_0001";"NE_0001";"NE_0001"
"2023";"03";"240304";"TUMBES";"ZARUMILLA";"PAPAYAL";"GOBIERNO REGIONAL";"I-2";"00001893";"UÑA DE GATO";"NE_0001";"";"NE_0001";"NE_0001";"NE_0001";"NE_0001";"NE_0001";"NE_0001";"NE_0001"
"2023";"03";"240302";"TUMBES";"ZARUMILLA";"AGUAS VERDES";"GOBIERNO REGIONAL";"I-3";"00001885";"CLAS AGUAS VERDES";"NE_0001";"";"NE_0001";"NE_0001";"NE_0001";"NE_0001";"NE_0001";"NE_0001";"NE_0001"
"2023";"03";"240302";"TUMBES";"ZARUMILLA";"AGUAS VERDES";"GOBIERNO REGIONAL";"I-1";"00001889";"LOMA SAAVEDRA";"NE_0001";"";"NE_0001";"NE_0001";"NE_0001";"NE_0001";"NE_0001";"NE_0001";"NE_0001"
"2023";"03";"240304";"TUMBES";"ZARUMILLA";"PAPAYAL";"GOBIERNO REGIONAL";"I-3";"00001891";"C.S. PAPAYAL";"NE_0001";"";"NE_0001";"NE_0001";"NE_0001";"NE_0001";"NE_0001";"NE_0001";"NE_0001"
"2023";"03";"240301";"TUMBES";"ZARUMILLA";"ZARUMILLA";"GOBIERNO REGIONAL";"0";"00030270";"II HOGAR PROTEGIDO";"NE_0001";"";"NE_0001";"NE_0001";"NE_0001";"NE_0001";"NE_0001";"NE_0001";"NE_0001"
"2023";"03";"240303";"TUMBES";"ZARUMILLA";"MATAPALO";"GOBIERNO REGIONAL";"I-3";"00001890";"C.S MATAPALO";"NE_0001";"";"NE_0001";"NE_0001";"NE_0001";"NE_0001";"NE_0001";"NE_0001";"NE_0001"
"2023";"01";"130101";"LA LIBERTAD";"TRUJILLO";"TRUJILLO";"PRIVADO";"II-1";"00012292";"CLINICA  BELMED";"240800";"HOSPITALIZACIÓN QUIRÚRGICA CIRUGÍA PLÁSTICA/RECONSTRUCTIVA/ REPARADORA ";"23";"23";"23";"5";"4";"5";"0"
"2023";"01";"120302";"JUNIN";"CHANCHAMAYO";"PERENE";"GOBIERNO REGIONAL";"I-1";"00000327";"ALTO PUMPURIANI";"NE_0001";"";"NE_0001";"NE_0001";"NE_0001";"NE_0001";"NE_0001";"NE_0001";"NE_0001"
"2023";"01";"120302";"JUNIN";"CHANCHAMAYO";"PERENE";"GOBIERNO REGIONAL";"I-1";"00000335";"ZONA PATRIA";"NE_0001";"";"NE_0001";"NE_0001";"NE_0001";"NE_0001";"NE_0001";"NE_0001";"NE_0001"
"2023";"01";"120302";"JUNIN";"CHANCHAMAYO";"PERENE";"GOBIERNO REGIONAL";"I-3";"00000320";"PUERTO YURINAKI";"NE_0001";"";"NE_0001";"NE_0001";"NE_0001";"NE_0001";"NE_0001";"NE_0001";"NE_0001"
"2023";"01";"120302";"JUNIN";"CHANCHAMAYO";"PERENE";"GOBIERNO REGIONAL";"I-2";"00000325";"CENTRO POBLADO MENOR LA FLORIDA";"NE_0001";"";"NE_0001";"NE_0001";"NE_0001";"NE_0001";"NE_0001";"NE_0001";"NE_0001"
"2023";"01";"120302";"JUNIN";"CHANCHAMAYO";"PERENE";"GOBIERNO REGIONAL";"I-1";"00000329";"HUACAMAYO";"NE_0001";"";"NE_0001";"NE_0001";"NE_0001";"NE_0001";"NE_0001";"NE_0001";"NE_0001"
"2023";"01";"120304";"JUNIN";"CHANCHAMAYO";"SAN LUIS DE SHUARO";"GOBIERNO REGIONAL";"I-1";"00000336";"ALTO YAPAZ";"NE_0001";"";"NE_0001";"NE_0001";"NE_0001";"NE_0001";"NE_0001";"NE_0001";"NE_0001"
"2023";"01";"120302";"JUNIN";"CHANCHAMAYO";"PERENE";"GOBIERNO REGIONAL";"I-4";"00000318";"VILLA PERENE";"241600";"HOSPITALIZACIÓN QUIRÚRGICA OBSTETRICIA   ";"7";"6";"16";"18";"3";"93";"0"
"2023";"01";"120302";"JUNIN";"CHANCHAMAYO";"PERENE";"GOBIERNO REGIONAL";"I-4";"00000318";"VILLA PERENE";"241800";"HOSPITALIZACIÓN DE MEDICINA MEDICINA GENERAL ";"4";"5";"22";"21";"9";"279";"0"
"2023";"01";"120302";"JUNIN";"CHANCHAMAYO";"PERENE";"GOBIERNO REGIONAL";"I-2";"00000319";"BAJO MARANKIARI";"NE_0001";"";"NE_0001";"NE_0001";"NE_0001";"NE_0001";"NE_0001";"NE_0001";"NE_0001"
"2023";"01";"120302";"JUNIN";"CHANCHAMAYO";"PERENE";"GOBIERNO REGIONAL";"I-1";"00000326";"SANTA ROSA DE RIO AMARILLO";"NE_0001";"";"NE_0001";"NE_0001";"NE_0001";"NE_0001";"NE_0001";"NE_0001";"NE_0001"
"2023";"01";"120302";"JUNIN";"CHANCHAMAYO";"PERENE";"GOBIERNO REGIONAL";"I-1";"00000332";"ALTO SAN JUAN";"NE_0001";"";"NE_0001";"NE_0001";"NE_0001";"NE_0001";"NE_0001";"NE_0001";"NE_0001"
"2023";"01";"120302";"JUNIN";"CHANCHAMAYO";"PERENE";"GOBIERNO REGIONAL";"I-1";"00000333";"CENTRO TOTERANI";"NE_0001";"";"NE_0001";"NE_0001";"NE_0001";"NE_0001";"NE_0001";"NE_0001";"NE_0001"
"2023";"01";"120302";"JUNIN";"CHANCHAMAYO";"PERENE";"GOBIERNO REGIONAL";"I-1";"00007319";"SANTA ROSA TOTERANI";"NE_0001";"";"NE_0001";"NE_0001";"NE_0001";"NE_0001";"NE_0001";"NE_0001";"NE_0001"
"2023";"01";"120302";"JUNIN";"CHANCHAMAYO";"PERENE";"GOBIERNO REGIONAL";"I-2";"00014385";"MARISCAL CACERES";"NE_0001";"";"NE_0001";"NE_0001";"NE_0001";"NE_0001";"NE_0001";"NE_0001";"NE_0001"
"2023";"01";"120302";"JUNIN";"CHANCHAMAYO";"PERENE";"GOBIERNO REGIONAL";"I-1";"00000331";"LOS ANGELES TOTERANI";"NE_0001";"";"NE_0001";"NE_0001";"NE_0001";"NE_0001";"NE_0001";"NE_0001";"NE_0001"
"2023";"01";"120302";"JUNIN";"CHANCHAMAYO";"PERENE";"GOBIERNO REGIONAL";"I-2";"00000321";"ALTO YURINAKI";"NE_0001";"";"NE_0001";"NE_0001";"NE_0001";"NE_0001";"NE_0001";"NE_0001";"NE_0001"
"2023";"01";"120302";"JUNIN";"CHANCHAMAYO";"PERENE";"GOBIERNO REGIONAL";"I-1";"00000328";"CHURINGAVENI";"NE_0001";"";"NE_0001";"NE_0001";"NE_0001";"NE_0001";"NE_0001";"NE_0001";"NE_0001"
"2023";"01";"120302";"JUNIN";"CHANCHAMAYO";"PERENE";"GOBIERNO REGIONAL";"I-3";"00000330";"SAN FERNANDO DE KIVINAKI";"NE_0001";"";"NE_0001";"NE_0001";"NE_0001";"NE_0001";"NE_0001";"NE_0001";"NE_0001"
"2023";"01";"120302";"JUNIN";"CHANCHAMAYO";"PERENE";"GOBIERNO REGIONAL";"I-1";"00006737";"JOSE OLAYA";"NE_0001";"";"NE_0001";"NE_0001";"NE_0001";"NE_0001";"NE_0001";"NE_0001";"NE_0001"
"2023";"01";"120302";"JUNIN";"CHANCHAMAYO";"PERENE";"GOBIERNO REGIONAL";"I-1";"00007362";"UNION PUCUSANI";"NE_0001";"";"NE_0001";"NE_0001";"NE_0001";"NE_0001";"NE_0001";"NE_0001";"NE_0001"
"2023";"01";"120302";"JUNIN";"CHANCHAMAYO";"PERENE";"GOBIERNO REGIONAL";"I-1";"00014384";"JOSE GALVEZ";"NE_0001";"";"NE_0001";"NE_0001";"NE_0001";"NE_0001";"NE_0001";"NE_0001";"NE_0001"
"2023";"01";"120301";"JUNIN";"CHANCHAMAYO";"CHANCHAMAYO";"GOBIERNO REGIONAL";"I-1";"00000310";"VILLA DORADA";"NE_0001";"";"NE_0001";"NE_0001";"NE_0001";"NE_0001";"NE_0001";"NE_0001";"NE_0001"
"2023";"01";"120302";"JUNIN";"CHANCHAMAYO";"PERENE";"GOBIERNO REGIONAL";"I-1";"00000334";"SANTA ROSA DE CAMONASHARI";"NE_0001";"";"NE_0001";"NE_0001";"NE_0001";"NE_0001";"NE_0001";"NE_0001";"NE_0001"
"2023";"01";"040701";"AREQUIPA";"ISLAY";"MOLLENDO";"ESSALUD";"II-1";"00013295";"HOSPITAL II MANUEL DE TORRES MUÑOZ -  MOLLENDO";"241800";"HOSPITALIZACIÓN DE MEDICINA MEDICINA GENERAL ";"31";"29";"181";"181";"14";"434";"9"
"2023";"01";"040701";"AREQUIPA";"ISLAY";"MOLLENDO";"ESSALUD";"II-1";"00013295";"HOSPITAL II MANUEL DE TORRES MUÑOZ -  MOLLENDO";"240100";"HOSPITALIZACIÓN QUIRÚRGICA CIRUGÍA GENERAL ";"32";"31";"126";"132";"5";"155";"0"
"2023";"01";"040701";"AREQUIPA";"ISLAY";"MOLLENDO";"ESSALUD";"II-1";"00013295";"HOSPITAL II MANUEL DE TORRES MUÑOZ -  MOLLENDO";"241500";"HOSPITALIZACIÓN QUIRÚRGICA GINECOLOGÍA  ";"6";"5";"14";"16";"2";"62";"0"
"2023";"01";"040701";"AREQUIPA";"ISLAY";"MOLLENDO";"ESSALUD";"II-1";"00013295";"HOSPITAL II MANUEL DE TORRES MUÑOZ -  MOLLENDO";"241600";"HOSPITALIZACIÓN QUIRÚRGICA OBSTETRICIA   ";"22";"21";"47";"43";"3";"93";"0"
"2023";"01";"040701";"AREQUIPA";"ISLAY";"MOLLENDO";"ESSALUD";"II-1";"00013295";"HOSPITAL II MANUEL DE TORRES MUÑOZ -  MOLLENDO";"242300";"HOSPITALIZACIÓN DE PEDIATRÍA  PEDIATRÍA  GENERAL ";"29";"26";"56";"61";"4";"124";"0"
"2023";"01";"220401";"SAN MARTIN";"HUALLAGA";"SAPOSOA";"GOBIERNO REGIONAL";"I-1";"00006531";"ALMENDRAS";"NE_0001";"";"NE_0001";"NE_0001";"NE_0001";"NE_0001";"NE_0001";"NE_0001";"NE_0001"
"2023";"01";"220401";"SAN MARTIN";"HUALLAGA";"SAPOSOA";"GOBIERNO REGIONAL";"I-3";"00006538";"EL DORADO";"NE_0002";"";"NE_0002";"NE_0002";"NE_0002";"NE_0002";"NE_0002";"NE_0002";"NE_0002"
"2023";"01";"220401";"SAN MARTIN";"HUALLAGA";"SAPOSOA";"GOBIERNO REGIONAL";"I-1";"00006536";"INTIYACU";"NE_0001";"";"NE_0001";"NE_0001";"NE_0001";"NE_0001";"NE_0001";"NE_0001";"NE_0001"
"2023";"01";"220401";"SAN MARTIN";"HUALLAGA";"SAPOSOA";"GOBIERNO REGIONAL";"I-1";"00006537";"CHAMBIRA";"NE_0001";"";"NE_0001";"NE_0001";"NE_0001";"NE_0001";"NE_0001";"NE_0001";"NE_0001"
"2023";"01";"220402";"SAN MARTIN";"HUALLAGA";"ALTO SAPOSOA";"GOBIERNO REGIONAL";"I-2";"00006539";"PASARRAYA";"NE_0001";"";"NE_0001";"NE_0001";"NE_0001";"NE_0001";"NE_0001";"NE_0001";"NE_0001"
"2023";"01";"220401";"SAN MARTIN";"HUALLAGA";"SAPOSOA";"GOBIERNO REGIONAL";"I-1";"00026163";"AGUA AZUL";"NE_0001";"";"NE_0001";"NE_0001";"NE_0001";"NE_0001";"NE_0001";"NE_0001";"NE_0001"
"2023";"01";"150103";"LIMA";"LIMA";"ATE";"ESSALUD";"II-1";"00008353";"HOSPITAL II VITARTE - ESSALUD";"241800";"HOSPITALIZACIÓN DE MEDICINA MEDICINA GENERAL ";"108";"114";"916";"765";"30";"930";"6"
"2023";"01";"150103";"LIMA";"LIMA";"ATE";"ESSALUD";"II-1";"00008353";"HOSPITAL II VITARTE - ESSALUD";"240100";"HOSPITALIZACIÓN QUIRÚRGICA CIRUGÍA GENERAL ";"168";"163";"342";"363";"12";"372";"0"
"2023";"01";"150103";"LIMA";"LIMA";"ATE";"ESSALUD";"II-1";"00008353";"HOSPITAL II VITARTE - ESSALUD";"241300";"HOSPITALIZACIÓN QUIRÚRGICA UROLOGÍA  ";"2";"2";"8";"36";"3";"93";"0"
"2023";"01";"150103";"LIMA";"LIMA";"ATE";"ESSALUD";"II-1";"00008353";"HOSPITAL II VITARTE - ESSALUD";"241200";"HOSPITALIZACIÓN QUIRÚRGICA TRAUMATOLOGÍA Y ORTOPEDIA ";"94";"83";"262";"172";"6";"186";"0"
"2023";"01";"150103";"LIMA";"LIMA";"ATE";"ESSALUD";"II-1";"00008353";"HOSPITAL II VITARTE - ESSALUD";"241500";"HOSPITALIZACIÓN QUIRÚRGICA GINECOLOGÍA  ";"31";"31";"75";"95";"6";"186";"0"
"2023";"01";"150103";"LIMA";"LIMA";"ATE";"ESSALUD";"II-1";"00008353";"HOSPITAL II VITARTE - ESSALUD";"242300";"HOSPITALIZACIÓN DE PEDIATRÍA  PEDIATRÍA  GENERAL ";"61";"57";"166";"173";"9";"279";"0"
"2023";"02";"060401";"CAJAMARCA";"CHOTA";"CHOTA";"SANIDAD DE LA POLICIA NACIONAL DEL PERU";"I-2";"00010929";"POSTA MEDICA POLICIAL CHOTA";"NE_0001";"";"NE_0001";"NE_0001";"NE_0001";"NE_0001";"NE_0001";"NE_0001";"NE_0001"
"2023";"02";"120215";"JUNIN";"CONCEPCION";"SANTA ROSA DE OCOPA";"GOBIERNO REGIONAL";"I-1";"00000692";"HUANCHAR";"NE_0001";"";"NE_0001";"NE_0001";"NE_0001";"NE_0001";"NE_0001";"NE_0001";"NE_0001"
"2023";"02";"120127";"JUNIN";"HUANCAYO";"QUICHUAY";"GOBIERNO REGIONAL";"I-2";"00000665";"QUICHUAY";"NE_0001";"";"NE_0001";"NE_0001";"NE_0001";"NE_0001";"NE_0001";"NE_0001";"NE_0001"
"2023";"02";"120210";"JUNIN";"CONCEPCION";"MATAHUASI";"GOBIERNO REGIONAL";"I-1";"00000688";"MARAVILCA";"NE_0001";"";"NE_0001";"NE_0001";"NE_0001";"NE_0001";"NE_0001";"NE_0001";"NE_0001"
"2023";"02";"120210";"JUNIN";"CONCEPCION";"MATAHUASI";"GOBIERNO REGIONAL";"I-1";"00000689";"YANAMUCLO";"NE_0001";"";"NE_0001";"NE_0001";"NE_0001";"NE_0001";"NE_0001";"NE_0001";"NE_0001"
"2023";"02";"120215";"JUNIN";"CONCEPCION";"SANTA ROSA DE OCOPA";"GOBIERNO REGIONAL";"I-3";"00000691";"SANTA ROSA DE OCOPA";"NE_0001";"";"NE_0001";"NE_0001";"NE_0001";"NE_0001";"NE_0001";"NE_0001";"NE_0001"
"2023";"02";"200105";"PIURA";"PIURA";"CATACAOS";"ESSALUD";"I-3";"00012319";"CENTRO DE ATENCION PRIMARIA-CAP III CATACAOS";"NE_0001";"";"NE_0001";"NE_0001";"NE_0001";"NE_0001";"NE_0001";"NE_0001";"NE_0001"
"2023";"02";"040104";"AREQUIPA";"AREQUIPA";"CERRO COLORADO";"GOBIERNO REGIONAL";"I-4";"00001237";"CENTRO DE SALUD MARITZA CAMPOS DIAZ - ZAMACOLA";"241600";"HOSPITALIZACIÓN QUIRÚRGICA OBSTETRICIA   ";"67";"67";"88";"1";"14";"104";"0"
"2023";"02";"040104";"AREQUIPA";"AREQUIPA";"CERRO COLORADO";"GOBIERNO REGIONAL";"I-3";"00011023";"PUESTO DE SALUD PERUARBO";"NE_0001";"";"NE_0001";"NE_0001";"NE_0001";"NE_0001";"NE_0001";"NE_0001";"NE_0001"
"2023";"02";"040104";"AREQUIPA";"AREQUIPA";"CERRO COLORADO";"GOBIERNO REGIONAL";"I-2";"00001251";"PUESTO DE SALUD NAZARENO";"NE_0001";"";"NE_0001";"NE_0001";"NE_0001";"NE_0001";"NE_0001";"NE_0001";"NE_0001"
"2023";"02";"040104";"AREQUIPA";"AREQUIPA";"CERRO COLORADO";"GOBIERNO REGIONAL";"I-3";"00001247";"CENTRO DE SALUD CIUDAD MUNICIPAL";"NE_0001";"";"NE_0001";"NE_0001";"NE_0001";"NE_0001";"NE_0001";"NE_0001";"NE_0001"
"2023";"02";"021303";"ANCASH";"MARISCAL LUZURIAGA";"ELEAZAR GUZMAN BARRON";"GOBIERNO REGIONAL";"I-1";"00001786";"PUESTO DE SALUD PAMPACHACRA";"NE_0002";"";"NE_0002";"NE_0002";"NE_0002";"NE_0002";"NE_0002";"NE_0002";"NE_0002"
"2023";"02";"130901";"LA LIBERTAD";"SANCHEZ CARRION";"HUAMACHUCO";"GOBIERNO REGIONAL";"I-1";"00018226";"EL CAPULI";"NE_0001";"";"NE_0001";"NE_0001";"NE_0001";"NE_0001";"NE_0001";"NE_0001";"NE_0001"
"2023";"02";"131101";"LA LIBERTAD";"GRAN CHIMU";"CASCAS";"ESSALUD";"I-2";"00012104";"POSTA DE SALUD CASCAS";"NE_0001";"";"NE_0001";"NE_0001";"NE_0001";"NE_0001";"NE_0001";"NE_0001";"NE_0001"
"2023";"02";"220603";"SAN MARTIN";"MARISCAL CACERES";"HUICUNGO";"GOBIERNO REGIONAL";"I-1";"00006555";"SHEPTE";"NE_0001";"";"NE_0001";"NE_0001";"NE_0001";"NE_0001";"NE_0001";"NE_0001";"NE_0001"
"2023";"02";"220603";"SAN MARTIN";"MARISCAL CACERES";"HUICUNGO";"GOBIERNO REGIONAL";"I-1";"00006556";"MIRAFLORES";"NE_0001";"";"NE_0001";"NE_0001";"NE_0001";"NE_0001";"NE_0001";"NE_0001";"NE_0001"
"2023";"02";"220604";"SAN MARTIN";"MARISCAL CACERES";"PACHIZA";"GOBIERNO REGIONAL";"I-1";"00006559";"SAN RAMON";"NE_0001";"";"NE_0001";"NE_0001";"NE_0001";"NE_0001";"NE_0001";"NE_0001";"NE_0001"
"2023";"02";"220601";"SAN MARTIN";"MARISCAL CACERES";"JUANJUI";"GOBIERNO REGIONAL";"I-1";"00006550";"QUINILLA";"NE_0001";"";"NE_0001";"NE_0001";"NE_0001";"NE_0001";"NE_0001";"NE_0001";"NE_0001"
"2023";"02";"220605";"SAN MARTIN";"MARISCAL CACERES";"PAJARILLO";"GOBIERNO REGIONAL";"I-1";"00006560";"ARMAYARI";"NE_0001";"";"NE_0001";"NE_0001";"NE_0001";"NE_0001";"NE_0001";"NE_0001";"NE_0001"
"2023";"02";"220601";"SAN MARTIN";"MARISCAL CACERES";"JUANJUI";"GOBIERNO REGIONAL";"I-1";"00006553";"HUAYABAMBA";"NE_0001";"";"NE_0001";"NE_0001";"NE_0001";"NE_0001";"NE_0001";"NE_0001";"NE_0001"
"2023";"02";"220601";"SAN MARTIN";"MARISCAL CACERES";"JUANJUI";"GOBIERNO REGIONAL";"I-1";"00006551";"CAYENA";"NE_0001";"";"NE_0001";"NE_0001";"NE_0001";"NE_0001";"NE_0001";"NE_0001";"NE_0001"
"2023";"02";"220604";"SAN MARTIN";"MARISCAL CACERES";"PACHIZA";"GOBIERNO REGIONAL";"I-1";"00006557";"BAGAZAN";"NE_0001";"";"NE_0001";"NE_0001";"NE_0001";"NE_0001";"NE_0001";"NE_0001";"NE_0001"
"2023";"02";"220604";"SAN MARTIN";"MARISCAL CACERES";"PACHIZA";"GOBIERNO REGIONAL";"I-1";"00006558";"SAN JUAN DEL CAÑO";"NE_0001";"";"NE_0001";"NE_0001";"NE_0001";"NE_0001";"NE_0001";"NE_0001";"NE_0001"
"2023";"02";"220601";"SAN MARTIN";"MARISCAL CACERES";"JUANJUI";"GOBIERNO REGIONAL";"I-1";"00006549";"LA VICTORIA";"NE_0001";"";"NE_0001";"NE_0001";"NE_0001";"NE_0001";"NE_0001";"NE_0001";"NE_0001"
"2023";"02";"220601";"SAN MARTIN";"MARISCAL CACERES";"JUANJUI";"GOBIERNO REGIONAL";"I-1";"00006552";"HUINGUILLO";"NE_0001";"";"NE_0001";"NE_0001";"NE_0001";"NE_0001";"NE_0001";"NE_0001";"NE_0001"
"2023";"02";"220601";"SAN MARTIN";"MARISCAL CACERES";"JUANJUI";"GOBIERNO REGIONAL";"I-1";"00006554";"VILLA PRADO";"NE_0001";"";"NE_0001";"NE_0001";"NE_0001";"NE_0001";"NE_0001";"NE_0001";"NE_0001"
"2023";"02";"220605";"SAN MARTIN";"MARISCAL CACERES";"PAJARILLO";"GOBIERNO REGIONAL";"I-1";"00006561";"PAJARILLO";"NE_0001";"";"NE_0001";"NE_0001";"NE_0001";"NE_0001";"NE_0001";"NE_0001";"NE_0001"
"2023";"02";"150122";"LIMA";"LIMA";"MIRAFLORES";"PRIVADO";"II-E";"00015182";"OPTIMA VISION S.R.L.";"NE_0001";"";"NE_0001";"NE_0001";"NE_0001";"NE_0001";"NE_0001";"NE_0001";"NE_0001"
"2023";"02";"210101";"PUNO";"PUNO";"PUNO";"PRIVADO";"II-1";"00009685";"CLINICA PUNO";"240100";"HOSPITALIZACIÓN QUIRÚRGICA CIRUGÍA GENERAL ";"21";"21";"45";"45";"3";"84";"0"
"2023";"02";"210101";"PUNO";"PUNO";"PUNO";"PRIVADO";"II-1";"00009685";"CLINICA PUNO";"241200";"HOSPITALIZACIÓN QUIRÚRGICA TRAUMATOLOGÍA Y ORTOPEDIA ";"9";"9";"13";"13";"2";"56";"0"
"2023";"02";"210101";"PUNO";"PUNO";"PUNO";"PRIVADO";"II-1";"00009685";"CLINICA PUNO";"241300";"HOSPITALIZACIÓN QUIRÚRGICA UROLOGÍA  ";"2";"2";"5";"5";"1";"28";"0"
"2023";"02";"210101";"PUNO";"PUNO";"PUNO";"PRIVADO";"II-1";"00009685";"CLINICA PUNO";"241400";"HOSPITALIZACIÓN QUIRÚRGICA GINECO - OBSTETRICIA ";"7";"7";"8";"8";"2";"56";"0"
"2023";"02";"210101";"PUNO";"PUNO";"PUNO";"PRIVADO";"II-1";"00009685";"CLINICA PUNO";"241800";"HOSPITALIZACIÓN DE MEDICINA MEDICINA GENERAL ";"1";"1";"3";"3";"1";"28";"0"
"2023";"02";"150105";"LIMA";"LIMA";"BREÑA";"PRIVADO";"II-E";"00015718";"CLINICA SAN MARCOS";"240000";"HOSPITALIZACIÓN";"106";"109";"184";"184";"23";"713";"0"
"2023";"02";"060301";"CAJAMARCA";"CELENDIN";"CELENDIN";"ESSALUD";"I-3";"00010269";"CENTRO MEDICO ESSALUD CELENDIN";"NE_0001";"";"NE_0001";"NE_0001";"NE_0001";"NE_0001";"NE_0001";"NE_0001";"NE_0001"
"2023";"02";"040112";"AREQUIPA";"AREQUIPA";"PAUCARPATA";"ESSALUD";"I-2";"00012194";"CAP III - PAUCARPATA";"NE_0001";"";"NE_0001";"NE_0001";"NE_0001";"NE_0001";"NE_0001";"NE_0001";"NE_0001"
"2023";"02";"050116";"AYACUCHO";"HUAMANGA";"ANDRES AVELINO CACERES D.";"GOBIERNO REGIONAL";"I-3";"00003603";"CENTRO DE SALUD CONCHOPATA";"241600";"HOSPITALIZACIÓN QUIRÚRGICA OBSTETRICIA   ";"1";"1";"2";"2";"2";"3";"0"
"2023";"02";"050116";"AYACUCHO";"HUAMANGA";"ANDRES AVELINO CACERES D.";"GOBIERNO REGIONAL";"I-1";"00011362";"PUESTO DE SALUD YANAMILLA";"NE_0001";"";"NE_0001";"NE_0001";"NE_0001";"NE_0001";"NE_0001";"NE_0001";"NE_0001"
"2023";"02";"050116";"AYACUCHO";"HUAMANGA";"ANDRES AVELINO CACERES D.";"GOBIERNO REGIONAL";"I-3";"00003602";"CENTRO DE SALUD SANTA ELENA";"241600";"HOSPITALIZACIÓN QUIRÚRGICA OBSTETRICIA   ";"8";"8";"17";"2";"4";"6";"0"
"2023";"02";"050113";"AYACUCHO";"HUAMANGA";"TAMBILLO";"GOBIERNO REGIONAL";"I-1";"00003604";"PUESTO DE SALUD HUAYHUACONDO";"NE_0001";"";"NE_0001";"NE_0001";"NE_0001";"NE_0001";"NE_0001";"NE_0001";"NE_0001"
"2023";"01";"150131";"LIMA";"LIMA";"SAN ISIDRO";"PRIVADO";"II-E";"00017099";"OFTALMOLOGOS CONTRERAS  C.SCRL";"NE_0001";"";"NE_0001";"NE_0001";"NE_0001";"NE_0001";"NE_0001";"NE_0001";"NE_0001"
"2023";"01";"150131";"LIMA";"LIMA";"SAN ISIDRO";"PRIVADO";"II-E";"00016113";"CLINICA ZIEGLER CIRUGIA PLASTICA";"240800";"HOSPITALIZACIÓN QUIRÚRGICA CIRUGÍA PLÁSTICA/RECONSTRUCTIVA/ REPARADORA ";"7";"7";"6";"6";"3";"18";"0"
"2023";"01";"120204";"JUNIN";"CONCEPCION";"CHAMBARA";"GOBIERNO REGIONAL";"I-1";"00000638";"SAN BLAS";"NE_0001";"";"NE_0001";"NE_0001";"NE_0001";"NE_0001";"NE_0001";"NE_0001";"NE_0001"
"2023";"01";"120904";"JUNIN";"CHUPACA";"HUACHAC";"GOBIERNO REGIONAL";"I-1";"00000654";"ANTAPAMPA";"NE_0001";"";"NE_0001";"NE_0001";"NE_0001";"NE_0001";"NE_0001";"NE_0001";"NE_0001"
"2023";"01";"120204";"JUNIN";"CONCEPCION";"CHAMBARA";"GOBIERNO REGIONAL";"I-1";"00000637";"STA. ROSA DE TISTES";"NE_0001";"";"NE_0001";"NE_0001";"NE_0001";"NE_0001";"NE_0001";"NE_0001";"NE_0001"
"2023";"01";"120204";"JUNIN";"CONCEPCION";"CHAMBARA";"GOBIERNO REGIONAL";"I-2";"00000636";"CHAMBARA";"NE_0001";"";"NE_0001";"NE_0001";"NE_0001";"NE_0001";"NE_0001";"NE_0001";"NE_0001"
"2023";"01";"120208";"JUNIN";"CONCEPCION";"MANZANARES";"GOBIERNO REGIONAL";"I-1";"00000640";"MANZANARES";"NE_0001";"";"NE_0001";"NE_0001";"NE_0001";"NE_0001";"NE_0001";"NE_0001";"NE_0001"
"2023";"01";"120204";"JUNIN";"CONCEPCION";"CHAMBARA";"GOBIERNO REGIONAL";"I-1";"00000639";"ANGASMAYO";"NE_0001";"";"NE_0001";"NE_0001";"NE_0001";"NE_0001";"NE_0001";"NE_0001";"NE_0001"
"2023";"01";"120904";"JUNIN";"CHUPACA";"HUACHAC";"GOBIERNO REGIONAL";"I-1";"00000653";"MARCATUNA";"NE_0001";"";"NE_0001";"NE_0001";"NE_0001";"NE_0001";"NE_0001";"NE_0001";"NE_0001"
"2023";"01";"120904";"JUNIN";"CHUPACA";"HUACHAC";"GOBIERNO REGIONAL";"I-3";"00000651";"HUACHAC";"NE_0001";"";"NE_0001";"NE_0001";"NE_0001";"NE_0001";"NE_0001";"NE_0001";"NE_0001"
"2023";"01";"120904";"JUNIN";"CHUPACA";"HUACHAC";"GOBIERNO REGIONAL";"I-1";"00000652";"HUAYAO";"NE_0001";"";"NE_0001";"NE_0001";"NE_0001";"NE_0001";"NE_0001";"NE_0001";"NE_0001"
"2023";"01";"080914";"CUSCO";"LA CONVENCION";"MEGANTONI";"GOBIERNO REGIONAL";"I-2";"00002435";"MIARIA";"NE_0001";"";"NE_0001";"NE_0001";"NE_0001";"NE_0001";"NE_0001";"NE_0001";"NE_0001"
"2023";"01";"080910";"CUSCO";"LA CONVENCION";"PICHARI";"GOBIERNO REGIONAL";"I-1";"00015104";"TAMBO DEL ENE";"NE_0001";"";"NE_0001";"NE_0001";"NE_0001";"NE_0001";"NE_0001";"NE_0001";"NE_0001"
"2023";"01";"080910";"CUSCO";"LA CONVENCION";"PICHARI";"GOBIERNO REGIONAL";"I-3";"00002495";"MANTARO";"NE_0001";"";"NE_0001";"NE_0001";"NE_0001";"NE_0001";"NE_0001";"NE_0001";"NE_0001"
"2023";"01";"080910";"CUSCO";"LA CONVENCION";"PICHARI";"GOBIERNO REGIONAL";"I-1";"00015169";"PITIRINQUINI";"NE_0001";"";"NE_0001";"NE_0001";"NE_0001";"NE_0001";"NE_0001";"NE_0001";"NE_0001"
"2023";"02";"040126";"AREQUIPA";"AREQUIPA";"YANAHUARA";"PRIVADO";"II-1";"00012907";"SISTEMAS DE ADMINISTRACION HOSPITALARIA S.A.C.";"241900";"HOSPITALIZACIÓN DE MEDICINA MEDICINA INTERNA ";"17";"17";"89";"17";"14";"434";"0"
"2023";"02";"040126";"AREQUIPA";"AREQUIPA";"YANAHUARA";"PRIVADO";"II-1";"00012907";"SISTEMAS DE ADMINISTRACION HOSPITALARIA S.A.C.";"240100";"HOSPITALIZACIÓN QUIRÚRGICA CIRUGÍA GENERAL ";"31";"31";"262";"31";"14";"434";"0"
"2023";"02";"040126";"AREQUIPA";"AREQUIPA";"YANAHUARA";"PRIVADO";"II-1";"00012907";"SISTEMAS DE ADMINISTRACION HOSPITALARIA S.A.C.";"242300";"HOSPITALIZACIÓN DE PEDIATRÍA  PEDIATRÍA  GENERAL ";"21";"21";"72";"21";"14";"434";"0"
"2023";"02";"040126";"AREQUIPA";"AREQUIPA";"YANAHUARA";"PRIVADO";"II-1";"00012907";"SISTEMAS DE ADMINISTRACION HOSPITALARIA S.A.C.";"241400";"HOSPITALIZACIÓN QUIRÚRGICA GINECO - OBSTETRICIA ";"43";"43";"267";"43";"14";"434";"0"
"2023";"02";"130101";"LA LIBERTAD";"TRUJILLO";"TRUJILLO";"SANIDAD DE LA POLICIA NACIONAL DEL PERU";"I-3";"00011154";"SANIDAD DE LA PNP - TRUJILLO";"NE_0001";"";"NE_0001";"NE_0001";"NE_0001";"NE_0001";"NE_0001";"NE_0001";"NE_0001"
"2023";"02";"200701";"PIURA";"TALARA";"PARIÑAS";"PRIVADO";"II-1";"00011395";"CLINICA VIGO 2000 S. CIVIL DE R.L.";"NE_0002";"";"NE_0002";"NE_0002";"NE_0002";"NE_0002";"NE_0002";"NE_0002";"NE_0002"
"2023";"02";"220102";"SAN MARTIN";"MOYOBAMBA";"CALZADA";"GOBIERNO REGIONAL";"I-1";"00006331";"SANTA ROSA BAJO TANGUMI";"NE_0002";"";"NE_0002";"NE_0002";"NE_0002";"NE_0002";"NE_0002";"NE_0002";"NE_0002"
"2023";"02";"220101";"SAN MARTIN";"MOYOBAMBA";"MOYOBAMBA";"GOBIERNO REGIONAL";"I-1";"00006330";"SANTA ROSA DE OROMINA";"NE_0002";"";"NE_0002";"NE_0002";"NE_0002";"NE_0002";"NE_0002";"NE_0002";"NE_0002"
"2023";"02";"220102";"SAN MARTIN";"MOYOBAMBA";"CALZADA";"GOBIERNO REGIONAL";"I-3";"00006326";"CALZADA";"NE_0002";"";"NE_0002";"NE_0002";"NE_0002";"NE_0002";"NE_0002";"NE_0002";"NE_0002"
"2023";"02";"220104";"SAN MARTIN";"MOYOBAMBA";"JEPELACIO";"GOBIERNO REGIONAL";"I-1";"00006329";"OCHAME";"NE_0002";"";"NE_0002";"NE_0002";"NE_0002";"NE_0002";"NE_0002";"NE_0002";"NE_0002"
"2023";"02";"120101";"JUNIN";"HUANCAYO";"HUANCAYO";"PRIVADO";"II-1";"00025971";"CLINICA BILBAO";"241500";"HOSPITALIZACIÓN QUIRÚRGICA GINECOLOGÍA  ";"14";"14";"27";"25";"4";"112";"0"
"2023";"02";"120101";"JUNIN";"HUANCAYO";"HUANCAYO";"PRIVADO";"II-1";"00025971";"CLINICA BILBAO";"241400";"HOSPITALIZACIÓN QUIRÚRGICA GINECO - OBSTETRICIA ";"17";"17";"32";"31";"4";"112";"0"
"2023";"02";"120101";"JUNIN";"HUANCAYO";"HUANCAYO";"PRIVADO";"II-1";"00025971";"CLINICA BILBAO";"241200";"HOSPITALIZACIÓN QUIRÚRGICA TRAUMATOLOGÍA Y ORTOPEDIA ";"5";"5";"5";"6";"2";"56";"0"
"2023";"02";"120101";"JUNIN";"HUANCAYO";"HUANCAYO";"PRIVADO";"II-1";"00025971";"CLINICA BILBAO";"240100";"HOSPITALIZACIÓN QUIRÚRGICA CIRUGÍA GENERAL ";"8";"8";"9";"8";"2";"56";"0"
"2023";"02";"120101";"JUNIN";"HUANCAYO";"HUANCAYO";"PRIVADO";"II-1";"00025971";"CLINICA BILBAO";"241300";"HOSPITALIZACIÓN QUIRÚRGICA UROLOGÍA  ";"2";"2";"6";"7";"1";"28";"0"
"2023";"02";"130101";"LA LIBERTAD";"TRUJILLO";"TRUJILLO";"PRIVADO";"II-E";"00016830";"CLINICA CAMINO REAL";"240000";"HOSPITALIZACIÓN";"54";"50";"162";"229";"8";"224";"0"
"2023";"02";"150121";"LIMA";"LIMA";"PUEBLO LIBRE";"PRIVADO";"II-E";"00012492";"CLINICA DE OJOS VISUAL OPHTHALMICS";"NE_0001";"";"NE_0001";"NE_0001";"NE_0001";"NE_0001";"NE_0001";"NE_0001";"NE_0001"
"2023";"02";"050104";"AYACUCHO";"HUAMANGA";"CARMEN ALTO";"GOBIERNO REGIONAL";"I-3";"00003562";"CENTRO DE SALUD VISTA ALEGRE";"NE_0001";"";"NE_0001";"NE_0001";"NE_0001";"NE_0001";"NE_0001";"NE_0001";"NE_0001"
"2023";"02";"010201";"AMAZONAS";"BAGUA";"BAGUA";"ESSALUD";"II-1";"00009068";"HOSPITAL I HEROES DEL CENEPA";"241800";"HOSPITALIZACIÓN DE MEDICINA MEDICINA GENERAL ";"38";"38";"122";"235";"4";"112";"0"
"2023";"02";"010201";"AMAZONAS";"BAGUA";"BAGUA";"ESSALUD";"II-1";"00009068";"HOSPITAL I HEROES DEL CENEPA";"240100";"HOSPITALIZACIÓN QUIRÚRGICA CIRUGÍA GENERAL ";"13";"13";"43";"31";"3";"84";"0"
"2023";"02";"010201";"AMAZONAS";"BAGUA";"BAGUA";"ESSALUD";"II-1";"00009068";"HOSPITAL I HEROES DEL CENEPA";"241500";"HOSPITALIZACIÓN QUIRÚRGICA GINECOLOGÍA  ";"22";"22";"64";"15";"3";"84";"0"
"2023";"02";"010201";"AMAZONAS";"BAGUA";"BAGUA";"ESSALUD";"II-1";"00009068";"HOSPITAL I HEROES DEL CENEPA";"242300";"HOSPITALIZACIÓN DE PEDIATRÍA  PEDIATRÍA  GENERAL ";"29";"29";"83";"3";"3";"84";"0"
"2023";"02";"240101";"TUMBES";"TUMBES";"TUMBES";"GOBIERNO REGIONAL";"II-2";"00017077";"HOSPITAL REGIONAL JOSE ALFREDO MENDOZA OLAVARRIA JAMO II-2";"240100";"HOSPITALIZACIÓN QUIRÚRGICA CIRUGÍA GENERAL ";"145";"160";"579";"456";"30";"840";"1"
"2023";"02";"240101";"TUMBES";"TUMBES";"TUMBES";"GOBIERNO REGIONAL";"II-2";"00017077";"HOSPITAL REGIONAL JOSE ALFREDO MENDOZA OLAVARRIA JAMO II-2";"241800";"HOSPITALIZACIÓN DE MEDICINA MEDICINA GENERAL ";"28";"47";"666";"622";"23";"644";"6"
"2023";"02";"240101";"TUMBES";"TUMBES";"TUMBES";"GOBIERNO REGIONAL";"II-2";"00017077";"HOSPITAL REGIONAL JOSE ALFREDO MENDOZA OLAVARRIA JAMO II-2";"242500";"HOSPITALIZACIÓN-PEDIATRÍA GENERAL-";"35";"43";"220";"181";"17";"476";"0"
"2023";"02";"240101";"TUMBES";"TUMBES";"TUMBES";"GOBIERNO REGIONAL";"II-2";"00017077";"HOSPITAL REGIONAL JOSE ALFREDO MENDOZA OLAVARRIA JAMO II-2";"243200";"HOSPITALIZACIÓN DE PEDIATRÍA PEDIATRIA NEONATOLOGÍA";"13";"20";"180";"160";"6";"168";"0"
"2023";"02";"240101";"TUMBES";"TUMBES";"TUMBES";"GOBIERNO REGIONAL";"II-2";"00017077";"HOSPITAL REGIONAL JOSE ALFREDO MENDOZA OLAVARRIA JAMO II-2";"250103";"UNIDAD DE CUIDADOS CRITICOS UNIDAD  DE CUIDADOS INTENSIVOS GENERALES  (UCI) MEDICINA";"9";"12";"157";"146";"7";"196";"5"
"2023";"02";"240101";"TUMBES";"TUMBES";"TUMBES";"GOBIERNO REGIONAL";"II-2";"00017077";"HOSPITAL REGIONAL JOSE ALFREDO MENDOZA OLAVARRIA JAMO II-2";"250105";"UNIDAD DE CUIDADOS CRITICOS UNIDAD  DE CUIDADOS INTENSIVOS  (UCI) NEONATOLOGÍA";"1";"2";"11";"10";"4";"112";"1"
"2023";"02";"240101";"TUMBES";"TUMBES";"TUMBES";"GOBIERNO REGIONAL";"II-2";"00017077";"HOSPITAL REGIONAL JOSE ALFREDO MENDOZA OLAVARRIA JAMO II-2";"241400";"HOSPITALIZACIÓN QUIRÚRGICA GINECO - OBSTETRICIA ";"259";"287";"801";"611";"32";"896";"0"
"2023";"02";"040112";"AREQUIPA";"AREQUIPA";"PAUCARPATA";"GOBIERNO REGIONAL";"I-2";"00001311";"PUESTO DE SALUD ALTO JESUS";"NE_0001";"";"NE_0001";"NE_0001";"NE_0001";"NE_0001";"NE_0001";"NE_0001";"NE_0001"
"2023";"02";"040112";"AREQUIPA";"AREQUIPA";"PAUCARPATA";"GOBIERNO REGIONAL";"I-3";"00001297";"CENTRO DE SALUD CIUDAD BLANCA";"NE_0001";"";"NE_0001";"NE_0001";"NE_0001";"NE_0001";"NE_0001";"NE_0001";"NE_0001"
"2023";"02";"040112";"AREQUIPA";"AREQUIPA";"PAUCARPATA";"GOBIERNO REGIONAL";"I-2";"00001312";"PUESTO DE SALUD ISRAEL";"NE_0001";"";"NE_0001";"NE_0001";"NE_0001";"NE_0001";"NE_0001";"NE_0001";"NE_0001"
"2023";"02";"040112";"AREQUIPA";"AREQUIPA";"PAUCARPATA";"GOBIERNO REGIONAL";"I-2";"00007744";"PUESTO DE SALUD VILLA JESUS";"NE_0001";"";"NE_0001";"NE_0001";"NE_0001";"NE_0001";"NE_0001";"NE_0001";"NE_0001"
"2023";"02";"040112";"AREQUIPA";"AREQUIPA";"PAUCARPATA";"GOBIERNO REGIONAL";"I-3";"00001314";"SAN JUAN DE CIUDAD BLANCA";"NE_0001";"";"NE_0001";"NE_0001";"NE_0001";"NE_0001";"NE_0001";"NE_0001";"NE_0001"
"2023";"02";"040112";"AREQUIPA";"AREQUIPA";"PAUCARPATA";"GOBIERNO REGIONAL";"I-3";"00025066";"CENTRO DE SALUD MENTAL COMUNITARIO AYELEN";"NE_0001";"";"NE_0001";"NE_0001";"NE_0001";"NE_0001";"NE_0001";"NE_0001";"NE_0001"
"2023";"01";"150141";"LIMA";"LIMA";"SURQUILLO";"ESSALUD";"I-3";"00013091";"CENTRO DE ATENCION PRIMARIA III SURQUILLO";"NE_0001";"";"NE_0001";"NE_0001";"NE_0001";"NE_0001";"NE_0001";"NE_0001";"NE_0001"
"2023";"01";"100604";"HUANUCO";"LEONCIO PRADO";"JOSE CRESPO Y CASTILLO";"ESSALUD";"I-2";"00027083";"POSTA MÉDICA AUCAYACU";"NE_0001";"";"NE_0001";"NE_0001";"NE_0001";"NE_0001";"NE_0001";"NE_0001";"NE_0001"
"2023";"01";"130705";"LA LIBERTAD";"PACASMAYO";"SAN JOSE";"ESSALUD";"I-2";"00012110";"POSTA DE SALUD SAN JOSE";"NE_0001";"";"NE_0001";"NE_0001";"NE_0001";"NE_0001";"NE_0001";"NE_0001";"NE_0001"
"2023";"01";"060804";"CAJAMARCA";"JAEN";"COLASAY";"GOBIERNO REGIONAL";"I-3";"00004236";"COLASAY";"NE_0001";"";"NE_0001";"NE_0001";"NE_0001";"NE_0001";"NE_0001";"NE_0001";"NE_0001"
"2023";"01";"060804";"CAJAMARCA";"JAEN";"COLASAY";"GOBIERNO REGIONAL";"I-2";"00007017";"AHUYACA";"NE_0001";"";"NE_0001";"NE_0001";"NE_0001";"NE_0001";"NE_0001";"NE_0001";"NE_0001"
"2023";"01";"060804";"CAJAMARCA";"JAEN";"COLASAY";"GOBIERNO REGIONAL";"I-1";"00004239";"CEDRO PASTO";"NE_0001";"";"NE_0001";"NE_0001";"NE_0001";"NE_0001";"NE_0001";"NE_0001";"NE_0001"
"2023";"01";"130107";"LA LIBERTAD";"TRUJILLO";"MOCHE";"GOBIERNO REGIONAL";"II-1";"00007152";"HOSPITAL DISTRITAL ALTO MOCHE-WALTER CRUZ VILCA";"241800";"HOSPITALIZACIÓN DE MEDICINA MEDICINA GENERAL ";"20";"20";"20";"12";"12";"360";"0"
"2023";"01";"060801";"CAJAMARCA";"JAEN";"JAEN";"PRIVADO";"II-1";"00015269";"CLINICA SAN FERNANDO E.I.R.L";"241800";"HOSPITALIZACIÓN DE MEDICINA MEDICINA GENERAL ";"3";"2";"16";"5";"18";"24";"0"
"2023";"01";"060801";"CAJAMARCA";"JAEN";"JAEN";"PRIVADO";"II-1";"00015269";"CLINICA SAN FERNANDO E.I.R.L";"241900";"HOSPITALIZACIÓN DE MEDICINA MEDICINA INTERNA ";"4";"2";"12";"6";"18";"24";"0"
"2023";"01";"060801";"CAJAMARCA";"JAEN";"JAEN";"PRIVADO";"II-1";"00015269";"CLINICA SAN FERNANDO E.I.R.L";"241200";"HOSPITALIZACIÓN QUIRÚRGICA TRAUMATOLOGÍA Y ORTOPEDIA ";"5";"4";"1";"12";"18";"24";"0"
"2023";"01";"060801";"CAJAMARCA";"JAEN";"JAEN";"PRIVADO";"II-1";"00015269";"CLINICA SAN FERNANDO E.I.R.L";"241200";"HOSPITALIZACIÓN QUIRÚRGICA TRAUMATOLOGÍA Y ORTOPEDIA ";"6";"4";"14";"10";"18";"24";"0"
"2023";"01";"060801";"CAJAMARCA";"JAEN";"JAEN";"PRIVADO";"II-1";"00015269";"CLINICA SAN FERNANDO E.I.R.L";"241200";"HOSPITALIZACIÓN QUIRÚRGICA TRAUMATOLOGÍA Y ORTOPEDIA ";"6";"4";"14";"10";"18";"24";"0"
"2023";"02";"150140";"LIMA";"LIMA";"SANTIAGO DE SURCO";"PRIVADO";"II-E";"00011113";"CLINICA MONTERRICO";"240000";"HOSPITALIZACIÓN";"29";"27";"59";"83";"5";"150";"0"
"2023";"02";"021301";"ANCASH";"MARISCAL LUZURIAGA";"PISCOBAMBA";"GOBIERNO REGIONAL";"I-1";"00001784";"PUESTO DE SALUD SOCOSBAMBA";"NE_0002";"";"NE_0002";"NE_0002";"NE_0002";"NE_0002";"NE_0002";"NE_0002";"NE_0002"
"2023";"02";"021303";"ANCASH";"MARISCAL LUZURIAGA";"ELEAZAR GUZMAN BARRON";"GOBIERNO REGIONAL";"I-1";"00001786";"PUESTO DE SALUD PAMPACHACRA";"NE_0002";"";"NE_0002";"NE_0002";"NE_0002";"NE_0002";"NE_0002";"NE_0002";"NE_0002"
"2023";"02";"021303";"ANCASH";"MARISCAL LUZURIAGA";"ELEAZAR GUZMAN BARRON";"GOBIERNO REGIONAL";"I-1";"00001787";"PUESTO DE SALUD PUMPA";"NE_0002";"";"NE_0002";"NE_0002";"NE_0002";"NE_0002";"NE_0002";"NE_0002";"NE_0002"
"2023";"02";"021305";"ANCASH";"MARISCAL LUZURIAGA";"LLAMA";"GOBIERNO REGIONAL";"I-2";"00001788";"PUESTO DE SALUD LLAMA";"NE_0002";"";"NE_0002";"NE_0002";"NE_0002";"NE_0002";"NE_0002";"NE_0002";"NE_0002"
"2023";"02";"021304";"ANCASH";"MARISCAL LUZURIAGA";"FIDEL OLIVAS ESCUDERO";"GOBIERNO REGIONAL";"I-1";"00001793";"PUESTO DE SALUD SANASHGAN";"NE_0002";"";"NE_0002";"NE_0002";"NE_0002";"NE_0002";"NE_0002";"NE_0002";"NE_0002"
"2023";"02";"021308";"ANCASH";"MARISCAL LUZURIAGA";"MUSGA";"GOBIERNO REGIONAL";"I-1";"00001792";"PUESTO DE SALUD MUSGA";"NE_0002";"";"NE_0002";"NE_0002";"NE_0002";"NE_0002";"NE_0002";"NE_0002";"NE_0002"
"2023";"02";"021301";"ANCASH";"MARISCAL LUZURIAGA";"PISCOBAMBA";"GOBIERNO REGIONAL";"I-4";"00001783";"CENTRO DE SALUD PISCOBAMBA";"NE_0002";"";"NE_0002";"NE_0002";"NE_0002";"NE_0002";"NE_0002";"NE_0002";"NE_0002"
"2023";"02";"021306";"ANCASH";"MARISCAL LUZURIAGA";"LLUMPA";"GOBIERNO REGIONAL";"I-2";"00001789";"PUESTO DE SALUD LLUMPA";"NE_0002";"";"NE_0002";"NE_0002";"NE_0002";"NE_0002";"NE_0002";"NE_0002";"NE_0002"
"2023";"02";"060812";"CAJAMARCA";"JAEN";"SANTA ROSA";"GOBIERNO REGIONAL";"I-1";"00004263";"PUYAYA";"NE_0001";"";"NE_0001";"NE_0001";"NE_0001";"NE_0001";"NE_0001";"NE_0001";"NE_0001"
"2023";"02";"060812";"CAJAMARCA";"JAEN";"SANTA ROSA";"GOBIERNO REGIONAL";"I-2";"00004264";"MONTANGO";"NE_0001";"";"NE_0001";"NE_0001";"NE_0001";"NE_0001";"NE_0001";"NE_0001";"NE_0001"
"2023";"02";"150122";"LIMA";"LIMA";"MIRAFLORES";"PRIVADO";"II-E";"00011849";"CLINICA MIRAFLORES SAC";"240000";"HOSPITALIZACIÓN";"20";"20";"48";"72";"10";"280";"0"
"2023";"02";"150122";"LIMA";"LIMA";"MIRAFLORES";"PRIVADO";"II-E";"00011849";"CLINICA MIRAFLORES SAC";"250200";"UNIDAD DE CUIDADOS CRITICOS UNIDAD DE CUIDADOS INTERMEDIOS GENERAL  (UCIN) ";"1";"1";"2";"2";"2";"56";"0"
"2023";"02";"150122";"LIMA";"LIMA";"MIRAFLORES";"PRIVADO";"II-E";"00011849";"CLINICA MIRAFLORES SAC";"243200";"HOSPITALIZACIÓN DE PEDIATRÍA PEDIATRIA NEONATOLOGÍA";"11";"10";"28";"41";"6";"168";"0"
"2023";"02";"220405";"SAN MARTIN";"HUALLAGA";"SACANCHE";"GOBIERNO REGIONAL";"I-3";"00006543";"SACANCHE";"NE_0002";"";"NE_0002";"NE_0002";"NE_0002";"NE_0002";"NE_0002";"NE_0002";"NE_0002"
"2023";"02";"220404";"SAN MARTIN";"HUALLAGA";"PISCOYACU";"GOBIERNO REGIONAL";"I-2";"00006545";"NUEVO SACANCHE";"NE_0001";"";"NE_0001";"NE_0001";"NE_0001";"NE_0001";"NE_0001";"NE_0001";"NE_0001"
"2023";"02";"220405";"SAN MARTIN";"HUALLAGA";"SACANCHE";"GOBIERNO REGIONAL";"I-1";"00027002";"LA UNION";"NE_0001";"";"NE_0001";"NE_0001";"NE_0001";"NE_0001";"NE_0001";"NE_0001";"NE_0001"
"2023";"02";"220403";"SAN MARTIN";"HUALLAGA";"EL ESLABON";"GOBIERNO REGIONAL";"I-3";"00006542";"EL ESLABON";"NE_0001";"";"NE_0001";"NE_0001";"NE_0001";"NE_0001";"NE_0001";"NE_0001";"NE_0001"
"2023";"02";"110101";"ICA";"ICA";"ICA";"PRIVADO";"II-E";"00009627";"SAN MARTIN";"NE_0002";"";"NE_0002";"NE_0002";"NE_0002";"NE_0002";"NE_0002";"NE_0002";"NE_0002"
"2023";"02";"120114";"JUNIN";"HUANCAYO";"EL TAMBO";"GOBIERNO REGIONAL";"I-1";"00000712";"AZA";"NE_0002";"";"NE_0002";"NE_0002";"NE_0002";"NE_0002";"NE_0002";"NE_0002";"NE_0002"
"2023";"02";"120114";"JUNIN";"HUANCAYO";"EL TAMBO";"GOBIERNO REGIONAL";"I-4";"00000705";"JUSTICIA PAZ Y VIDA";"NE_0002";"";"NE_0002";"NE_0002";"NE_0002";"NE_0002";"NE_0002";"NE_0002";"NE_0002"
"2023";"02";"150101";"LIMA";"LIMA";"LIMA";"MINSA";"III-2";"00006209";"INSTITUTO NACIONAL DE CIENCIAS NEUROLOGICAS";"244800";"HOSPITALIZACIÓN DE MEDICINA-NEUROLOGIA -NEUROLOGIA DE LA CONDUCTA";"34";"27";"208";"253";"14";"392";"0"
"2023";"02";"150101";"LIMA";"LIMA";"LIMA";"MINSA";"III-2";"00006209";"INSTITUTO NACIONAL DE CIENCIAS NEUROLOGICAS";"245200";"HOSPITALIZACIÓN DE MEDICINA NEUROLOGIA  EPILEPSIA/EPILEPTOLOGIA";"18";"20";"263";"225";"9";"252";"0"
"2023";"02";"150101";"LIMA";"LIMA";"LIMA";"MINSA";"III-2";"00006209";"INSTITUTO NACIONAL DE CIENCIAS NEUROLOGICAS";"243400";"HOSPITALIZACIÓN DE PEDIATRÍA PEDIATRIA NEUROLOGÍA PEDIÁTRICA";"19";"13";"200";"235";"14";"392";"0"
"2023";"02";"150101";"LIMA";"LIMA";"LIMA";"MINSA";"III-2";"00006209";"INSTITUTO NACIONAL DE CIENCIAS NEUROLOGICAS";"245100";"HOSPITALIZACIÓN DE MEDICINA NEUROLOGIA  ENFERMEDADES INFECCIOSAS/TRANSMISIBLES DEL SISTEMA NERVIOSO";"18";"12";"438";"440";"16";"447";"1"
"2023";"02";"150101";"LIMA";"LIMA";"LIMA";"MINSA";"III-2";"00006209";"INSTITUTO NACIONAL DE CIENCIAS NEUROLOGICAS";"245000";"HOSPITALIZACIÓN DE MEDICINA NEUROLOGIA  NEUROVASCULARES Y METABOLICAS";"27";"26";"323";"256";"11";"308";"0"
"2023";"02";"150101";"LIMA";"LIMA";"LIMA";"MINSA";"III-2";"00006209";"INSTITUTO NACIONAL DE CIENCIAS NEUROLOGICAS";"244900";"HOSPITALIZACIÓN DE MEDICINA NEUROLOGIA  NEURODEGENERATIVAS";"24";"15";"347";"444";"20";"560";"1"
"2023";"02";"150101";"LIMA";"LIMA";"LIMA";"MINSA";"III-2";"00006209";"INSTITUTO NACIONAL DE CIENCIAS NEUROLOGICAS";"240900";"HOSPITALIZACIÓN QUIRÚRGICA NEUROCIRUGÍA ";"154";"70";"1086";"825";"33";"919";"2"
"2023";"02";"150101";"LIMA";"LIMA";"LIMA";"MINSA";"III-2";"00006209";"INSTITUTO NACIONAL DE CIENCIAS NEUROLOGICAS";"250106";"UNIDAD DE CUIDADOS CRITICOS UNIDAD  DE CUIDADOS INTENSIVOS  (UCI) NEUROLÓGICA";"27";"5";"24";"178";"7";"196";"5"
"2023";"02";"150101";"LIMA";"LIMA";"LIMA";"MINSA";"III-2";"00006209";"INSTITUTO NACIONAL DE CIENCIAS NEUROLOGICAS";"250200";"UNIDAD DE CUIDADOS CRITICOS UNIDAD DE CUIDADOS INTERMEDIOS GENERAL  (UCIN) ";"6";"2";"13";"131";"6";"168";"2"
"2023";"02";"150601";"LIMA";"HUARAL";"HUARAL";"PRIVADO";"II-E";"00017081";"CLINICA SAN ANDRES";"241200";"HOSPITALIZACIÓN QUIRÚRGICA TRAUMATOLOGÍA Y ORTOPEDIA ";"4";"4";"5";"5";"2";"28";"0"
"2023";"02";"150601";"LIMA";"HUARAL";"HUARAL";"PRIVADO";"II-E";"00017081";"CLINICA SAN ANDRES";"241300";"HOSPITALIZACIÓN QUIRÚRGICA UROLOGÍA  ";"5";"5";"7";"7";"1";"28";"0"
"2023";"02";"150601";"LIMA";"HUARAL";"HUARAL";"PRIVADO";"II-E";"00017081";"CLINICA SAN ANDRES";"241800";"HOSPITALIZACIÓN DE MEDICINA MEDICINA GENERAL ";"2";"2";"4";"4";"2";"28";"0"
"2023";"02";"150601";"LIMA";"HUARAL";"HUARAL";"PRIVADO";"II-E";"00017081";"CLINICA SAN ANDRES";"240100";"HOSPITALIZACIÓN QUIRÚRGICA CIRUGÍA GENERAL ";"13";"13";"15";"15";"1";"28";"0"
"2023";"02";"150601";"LIMA";"HUARAL";"HUARAL";"PRIVADO";"II-E";"00017081";"CLINICA SAN ANDRES";"241500";"HOSPITALIZACIÓN QUIRÚRGICA GINECOLOGÍA  ";"3";"3";"5";"5";"1";"28";"0"
"2023";"02";"150121";"LIMA";"LIMA";"PUEBLO LIBRE";"MINSA";"III-1";"00006211";"HOSPITAL DE APOYO SANTA ROSA";"240100";"HOSPITALIZACIÓN QUIRÚRGICA CIRUGÍA GENERAL ";"142";"135";"644";"644";"22";"616";"0"
"2023";"02";"150121";"LIMA";"LIMA";"PUEBLO LIBRE";"MINSA";"III-1";"00006211";"HOSPITAL DE APOYO SANTA ROSA";"240700";"HOSPITALIZACIÓN QUIRÚRGICA CIRUGÍA PEDIÁTRICA ";"39";"42";"205";"205";"9";"252";"0"
"2023";"02";"150121";"LIMA";"LIMA";"PUEBLO LIBRE";"MINSA";"III-1";"00006211";"HOSPITAL DE APOYO SANTA ROSA";"241500";"HOSPITALIZACIÓN QUIRÚRGICA GINECOLOGÍA  ";"59";"53";"262";"262";"29";"812";"0"
"2023";"02";"150121";"LIMA";"LIMA";"PUEBLO LIBRE";"MINSA";"III-1";"00006211";"HOSPITAL DE APOYO SANTA ROSA";"241600";"HOSPITALIZACIÓN QUIRÚRGICA OBSTETRICIA   ";"155";"143";"919";"919";"33";"924";"6"
"2023";"02";"150121";"LIMA";"LIMA";"PUEBLO LIBRE";"MINSA";"III-1";"00006211";"HOSPITAL DE APOYO SANTA ROSA";"241800";"HOSPITALIZACIÓN DE MEDICINA MEDICINA GENERAL ";"72";"76";"165";"165";"12";"336";"0"
"2023";"02";"150121";"LIMA";"LIMA";"PUEBLO LIBRE";"MINSA";"III-1";"00006211";"HOSPITAL DE APOYO SANTA ROSA";"242100";"HOSPITALIZACIÓN DE MEDICINA ONCOLOGÍA MÉDICA ";"67";"69";"94";"94";"11";"308";"0"
"2023";"02";"150121";"LIMA";"LIMA";"PUEBLO LIBRE";"MINSA";"III-1";"00006211";"HOSPITAL DE APOYO SANTA ROSA";"242500";"HOSPITALIZACIÓN-PEDIATRÍA GENERAL-";"32";"32";"414";"414";"22";"616";"0"
"2023";"02";"150121";"LIMA";"LIMA";"PUEBLO LIBRE";"MINSA";"III-1";"00006211";"HOSPITAL DE APOYO SANTA ROSA";"243200";"HOSPITALIZACIÓN DE PEDIATRÍA PEDIATRIA NEONATOLOGÍA";"30";"23";"344";"344";"16";"448";"1"
"2023";"02";"120114";"JUNIN";"HUANCAYO";"EL TAMBO";"ESSALUD";"I-4";"00008660";"POLICLINICO METROPOLITANO HUANCAYO";"NE_0001";"";"NE_0001";"NE_0001";"NE_0001";"NE_0001";"NE_0001";"NE_0001";"NE_0001"
"2023";"02";"010101";"AMAZONAS";"CHACHAPOYAS";"CHACHAPOYAS";"ESSALUD";"II-1";"00009066";"HOSPITAL HIGOS URCO";"241800";"HOSPITALIZACIÓN DE MEDICINA MEDICINA GENERAL ";"15";"18";"142";"132";"5";"140";"1"
"2023";"02";"010101";"AMAZONAS";"CHACHAPOYAS";"CHACHAPOYAS";"ESSALUD";"II-1";"00009066";"HOSPITAL HIGOS URCO";"240100";"HOSPITALIZACIÓN QUIRÚRGICA CIRUGÍA GENERAL ";"40";"34";"95";"113";"5";"140";"0"
"2023";"02";"010101";"AMAZONAS";"CHACHAPOYAS";"CHACHAPOYAS";"ESSALUD";"II-1";"00009066";"HOSPITAL HIGOS URCO";"245400";"HOSPITALIZACIÓN DE MEDICINA GINECOLOGIA ";"43";"44";"113";"110";"4";"112";"0"
"2023";"02";"010101";"AMAZONAS";"CHACHAPOYAS";"CHACHAPOYAS";"ESSALUD";"II-1";"00009066";"HOSPITAL HIGOS URCO";"242300";"HOSPITALIZACIÓN DE PEDIATRÍA  PEDIATRÍA  GENERAL ";"13";"16";"52";"43";"2";"56";"0"
"2023";"02";"080701";"CUSCO";"CHUMBIVILCAS";"SANTO TOMAS";"GOBIERNO REGIONAL";"II-1";"00002398";"SANTO TOMAS";"240100";"HOSPITALIZACIÓN QUIRÚRGICA CIRUGÍA GENERAL ";"36";"35";"150";"120";"6";"168";"0"
"2023";"02";"080701";"CUSCO";"CHUMBIVILCAS";"SANTO TOMAS";"GOBIERNO REGIONAL";"II-1";"00002398";"SANTO TOMAS";"241400";"HOSPITALIZACIÓN QUIRÚRGICA GINECO - OBSTETRICIA ";"31";"31";"83";"102";"4";"112";"0"
"2023";"02";"080701";"CUSCO";"CHUMBIVILCAS";"SANTO TOMAS";"GOBIERNO REGIONAL";"II-1";"00002398";"SANTO TOMAS";"241600";"HOSPITALIZACIÓN QUIRÚRGICA OBSTETRICIA   ";"37";"36";"71";"125";"7";"196";"0"
"2023";"02";"080701";"CUSCO";"CHUMBIVILCAS";"SANTO TOMAS";"GOBIERNO REGIONAL";"II-1";"00002398";"SANTO TOMAS";"241800";"HOSPITALIZACIÓN DE MEDICINA MEDICINA GENERAL ";"15";"15";"59";"135";"6";"168";"0"
"2023";"02";"080701";"CUSCO";"CHUMBIVILCAS";"SANTO TOMAS";"GOBIERNO REGIONAL";"II-1";"00002398";"SANTO TOMAS";"242500";"HOSPITALIZACIÓN-PEDIATRÍA GENERAL-";"6";"6";"20";"87";"4";"112";"0"
"2023";"02";"080701";"CUSCO";"CHUMBIVILCAS";"SANTO TOMAS";"GOBIERNO REGIONAL";"II-1";"00002398";"SANTO TOMAS";"243200";"HOSPITALIZACIÓN DE PEDIATRÍA PEDIATRIA NEONATOLOGÍA";"11";"10";"19";"61";"3";"84";"0"
"2023";"02";"220901";"SAN MARTIN";"SAN MARTIN";"TARAPOTO";"ESSALUD";"I-2";"00027727";"CENTRO DE ATENCIÓN PRIMARIA METROPOLITANO - ESSALUD";"NE_0001";"";"NE_0001";"NE_0001";"NE_0001";"NE_0001";"NE_0001";"NE_0001";"NE_0001"
"2023";"02";"120427";"JUNIN";"JAUJA";"RICRAN";"GOBIERNO REGIONAL";"I-1";"00000421";"APAYCANCHA";"NE_0001";"";"NE_0001";"NE_0001";"NE_0001";"NE_0001";"NE_0001";"NE_0001";"NE_0001"
"2023";"02";"120424";"JUNIN";"JAUJA";"PANCAN";"GOBIERNO REGIONAL";"I-1";"00000417";"PANCAN";"NE_0001";"";"NE_0001";"NE_0001";"NE_0001";"NE_0001";"NE_0001";"NE_0001";"NE_0001"
"2023";"02";"020601";"ANCASH";"CARHUAZ";"CARHUAZ";"GOBIERNO REGIONAL";"II-1";"00001516";"HOSPITAL DE APOYO CARHUAZ";"240100";"HOSPITALIZACIÓN QUIRÚRGICA CIRUGÍA GENERAL ";"3";"4";"22";"16";"2";"56";"0"
"2023";"02";"020601";"ANCASH";"CARHUAZ";"CARHUAZ";"GOBIERNO REGIONAL";"II-1";"00001516";"HOSPITAL DE APOYO CARHUAZ";"241500";"HOSPITALIZACIÓN QUIRÚRGICA GINECOLOGÍA  ";"17";"20";"39";"38";"3";"84";"0"
"2023";"02";"020601";"ANCASH";"CARHUAZ";"CARHUAZ";"GOBIERNO REGIONAL";"II-1";"00001516";"HOSPITAL DE APOYO CARHUAZ";"241600";"HOSPITALIZACIÓN QUIRÚRGICA OBSTETRICIA   ";"42";"44";"54";"56";"4";"112";"0"
"2023";"02";"020601";"ANCASH";"CARHUAZ";"CARHUAZ";"GOBIERNO REGIONAL";"II-1";"00001516";"HOSPITAL DE APOYO CARHUAZ";"241800";"HOSPITALIZACIÓN DE MEDICINA MEDICINA GENERAL ";"7";"8";"58";"67";"3";"84";"0"
"2023";"02";"020601";"ANCASH";"CARHUAZ";"CARHUAZ";"GOBIERNO REGIONAL";"II-1";"00001516";"HOSPITAL DE APOYO CARHUAZ";"242500";"HOSPITALIZACIÓN-PEDIATRÍA GENERAL-";"2";"2";"2";"2";"5";"140";"0"
"2023";"02";"220901";"SAN MARTIN";"SAN MARTIN";"TARAPOTO";"GOBIERNO REGIONAL";"I-3";"00006370";"PUNTA DEL ESTE";"NE_0001";"";"NE_0001";"NE_0001";"NE_0001";"NE_0001";"NE_0001";"NE_0001";"NE_0001"
"2023";"02";"220901";"SAN MARTIN";"SAN MARTIN";"TARAPOTO";"GOBIERNO REGIONAL";"I-1";"00006363";"ATUMPAMPA";"NE_0001";"";"NE_0001";"NE_0001";"NE_0001";"NE_0001";"NE_0001";"NE_0001";"NE_0001"
"2023";"02";"220901";"SAN MARTIN";"SAN MARTIN";"TARAPOTO";"GOBIERNO REGIONAL";"I-1";"00006373";"SANTA ROSA DE CUMBAZA";"NE_0001";"";"NE_0001";"NE_0001";"NE_0001";"NE_0001";"NE_0001";"NE_0001";"NE_0001"
"2023";"02";"220901";"SAN MARTIN";"SAN MARTIN";"TARAPOTO";"GOBIERNO REGIONAL";"I-2";"00006371";"HUAYCO TARAPOTO";"NE_0001";"";"NE_0001";"NE_0001";"NE_0001";"NE_0001";"NE_0001";"NE_0001";"NE_0001"
"2023";"02";"220901";"SAN MARTIN";"SAN MARTIN";"TARAPOTO";"GOBIERNO REGIONAL";"I-3";"00006362";"CENTRO DE SALUD NUEVE DE ABRIL";"NE_0001";"";"NE_0001";"NE_0001";"NE_0001";"NE_0001";"NE_0001";"NE_0001";"NE_0001"
"2023";"02";"070101";"CALLAO";"CALLAO";"CALLAO";"PRIVADO";"I-3";"00021094";"LIMATAMBO SEDE MINKA II";"NE_0001";"";"NE_0001";"NE_0001";"NE_0001";"NE_0001";"NE_0001";"NE_0001";"NE_0001"
"2023";"02";"150131";"LIMA";"LIMA";"SAN ISIDRO";"PRIVADO";"II-E";"00018667";"CLINICA ARROYO";"NE_0001";"";"NE_0001";"NE_0001";"NE_0001";"NE_0001";"NE_0001";"NE_0001";"NE_0001"
"2023";"02";"070102";"CALLAO";"CALLAO";"BELLAVISTA";"PRIVADO";"II-E";"00018670";"CLINICA G'STAR";"240000";"HOSPITALIZACIÓN";"47";"47";"101";"105";"10";"300";"0"
"2023";"02";"150140";"LIMA";"LIMA";"SANTIAGO DE SURCO";"PRIVADO";"II-E";"00028189";"GLAUCOMA SALUD";"NE_0001";"";"NE_0001";"NE_0001";"NE_0001";"NE_0001";"NE_0001";"NE_0001";"NE_0001"
"2023";"02";"080101";"CUSCO";"CUSCO";"CUSCO";"PRIVADO";"II-E";"00010014";"DR. VICTOR PAREDES";"240000";"HOSPITALIZACIÓN";"104";"106";"146";"140";"19";"532";"0"
"2023";"02";"150120";"LIMA";"LIMA";"MAGDALENA DEL MAR";"MINSA";"III-1";"00006214";"HOSPITAL VICTOR LARCO HERRERA";"242202";"HOSPITALIZACIÓN DE MEDICINA PSIQUIATRÍA PSIQUIATRÍA DEL ADULTO Y GERONTE";"26";"17";"689";"2063";"90";"2552";"0"
"2023";"02";"120605";"JUNIN";"SATIPO";"PAMPA HERMOSA";"GOBIERNO REGIONAL";"I-2";"00000492";"SANTA ROSITA";"NE_0001";"";"NE_0001";"NE_0001";"NE_0001";"NE_0001";"NE_0001";"NE_0001";"NE_0001"
"2023";"02";"120602";"JUNIN";"SATIPO";"COVIRIALI";"GOBIERNO REGIONAL";"I-1";"00007186";"PALMAPAMPA";"NE_0001";"";"NE_0001";"NE_0001";"NE_0001";"NE_0001";"NE_0001";"NE_0001";"NE_0001"
"2023";"02";"150122";"LIMA";"LIMA";"MIRAFLORES";"PRIVADO";"II-2";"00008746";"CLINICA GOOD HOPE";"240000";"HOSPITALIZACIÓN";"711";"821";"2360";"2556";"112";"3332";"6"
"2023";"02";"120101";"JUNIN";"HUANCAYO";"HUANCAYO";"PRIVADO";"II-E";"00024425";"CLÍNICA MEDICA SALAZAR";"241800";"HOSPITALIZACIÓN DE MEDICINA MEDICINA GENERAL ";"49";"44";"90";"455";"18";"504";"0"
"2023";"02";"220101";"SAN MARTIN";"MOYOBAMBA";"MOYOBAMBA";"ESSALUD";"II-1";"00015598";"HOSPITAL I ALTO MAYO";"241800";"HOSPITALIZACIÓN DE MEDICINA MEDICINA GENERAL ";"60";"54";"272";"275";"15";"420";"1"
"2023";"02";"220101";"SAN MARTIN";"MOYOBAMBA";"MOYOBAMBA";"ESSALUD";"II-1";"00015598";"HOSPITAL I ALTO MAYO";"240100";"HOSPITALIZACIÓN QUIRÚRGICA CIRUGÍA GENERAL ";"57";"54";"170";"143";"6";"168";"0"
"2023";"02";"220101";"SAN MARTIN";"MOYOBAMBA";"MOYOBAMBA";"ESSALUD";"II-1";"00015598";"HOSPITAL I ALTO MAYO";"241500";"HOSPITALIZACIÓN QUIRÚRGICA GINECOLOGÍA  ";"22";"22";"87";"61";"3";"84";"0"
"2023";"02";"220101";"SAN MARTIN";"MOYOBAMBA";"MOYOBAMBA";"ESSALUD";"II-1";"00015598";"HOSPITAL I ALTO MAYO";"241600";"HOSPITALIZACIÓN QUIRÚRGICA OBSTETRICIA   ";"50";"54";"161";"103";"9";"252";"0"
"2023";"01";"050114";"AYACUCHO";"HUAMANGA";"VINCHOS";"GOBIERNO REGIONAL";"I-2";"00003570";"PUESTO DE SALUD OCCOLLO";"NE_0001";"";"NE_0001";"NE_0001";"NE_0001";"NE_0001";"NE_0001";"NE_0001";"NE_0001"
"2023";"01";"050114";"AYACUCHO";"HUAMANGA";"VINCHOS";"GOBIERNO REGIONAL";"I-1";"00003629";"PUESTO DE SALUD ÑAUPALLACCTA";"NE_0001";"";"NE_0001";"NE_0001";"NE_0001";"NE_0001";"NE_0001";"NE_0001";"NE_0001"
"2023";"01";"050114";"AYACUCHO";"HUAMANGA";"VINCHOS";"GOBIERNO REGIONAL";"I-2";"00003632";"PUESTO DE SALUD PACCHA";"NE_0001";"";"NE_0001";"NE_0001";"NE_0001";"NE_0001";"NE_0001";"NE_0001";"NE_0001"
"2023";"01";"050114";"AYACUCHO";"HUAMANGA";"VINCHOS";"GOBIERNO REGIONAL";"I-1";"00003634";"PUESTO DE SALUD CCOÑANI";"NE_0001";"";"NE_0001";"NE_0001";"NE_0001";"NE_0001";"NE_0001";"NE_0001";"NE_0001"
"2023";"01";"050205";"AYACUCHO";"CANGALLO";"PARAS";"GOBIERNO REGIONAL";"I-1";"00003571";"PUESTO DE SALUD CCARHUACCPAMPA";"NE_0001";"";"NE_0001";"NE_0001";"NE_0001";"NE_0001";"NE_0001";"NE_0001";"NE_0001"
"2023";"01";"050205";"AYACUCHO";"CANGALLO";"PARAS";"GOBIERNO REGIONAL";"I-1";"00003572";"PUESTO DE SALUD TONSULLA OCCO";"NE_0001";"";"NE_0001";"NE_0001";"NE_0001";"NE_0001";"NE_0001";"NE_0001";"NE_0001"
"2023";"01";"050205";"AYACUCHO";"CANGALLO";"PARAS";"GOBIERNO REGIONAL";"I-1";"00003573";"CCARHUACC LICAPA";"NE_0001";"";"NE_0001";"NE_0001";"NE_0001";"NE_0001";"NE_0001";"NE_0001";"NE_0001"
"2023";"01";"050114";"AYACUCHO";"HUAMANGA";"VINCHOS";"GOBIERNO REGIONAL";"I-2";"00003631";"PUESTO DE SALUD ARIZONA";"NE_0001";"";"NE_0001";"NE_0001";"NE_0001";"NE_0001";"NE_0001";"NE_0001";"NE_0001"
"2023";"01";"050114";"AYACUCHO";"HUAMANGA";"VINCHOS";"GOBIERNO REGIONAL";"I-1";"00003633";"PUESTO DE SALUD SAN JUAN CULLUHUANCCA";"NE_0001";"";"NE_0001";"NE_0001";"NE_0001";"NE_0001";"NE_0001";"NE_0001";"NE_0001"
"2023";"01";"050114";"AYACUCHO";"HUAMANGA";"VINCHOS";"GOBIERNO REGIONAL";"I-3";"00003630";"CENTRO DE SALUD VINCHOS";"NE_0001";"";"NE_0001";"NE_0001";"NE_0001";"NE_0001";"NE_0001";"NE_0001";"NE_0001"
"2023";"02";"120303";"JUNIN";"CHANCHAMAYO";"PICHANAQUI";"GOBIERNO REGIONAL";"I-2";"00000347";"CONDADO PICHIKIARI";"NE_0001";"";"NE_0001";"NE_0001";"NE_0001";"NE_0001";"NE_0001";"NE_0001";"NE_0001"
"2023";"02";"061111";"CAJAMARCA";"SAN MIGUEL";"SAN SILVESTRE DE COCHAN";"GOBIERNO REGIONAL";"I-1";"00004566";"TANTACHUAL BAJO";"NE_0001";"";"NE_0001";"NE_0001";"NE_0001";"NE_0001";"NE_0001";"NE_0001";"NE_0001"
"2023";"02";"061107";"CAJAMARCA";"SAN MIGUEL";"LLAPA";"GOBIERNO REGIONAL";"I-1";"00004565";"SAN ANTONIO DE OJOS";"NE_0001";"";"NE_0001";"NE_0001";"NE_0001";"NE_0001";"NE_0001";"NE_0001";"NE_0001"
"2023";"02";"061111";"CAJAMARCA";"SAN MIGUEL";"SAN SILVESTRE DE COCHAN";"GOBIERNO REGIONAL";"I-1";"00007084";"LUCMILLO";"NE_0001";"";"NE_0001";"NE_0001";"NE_0001";"NE_0001";"NE_0001";"NE_0001";"NE_0001"
"2023";"02";"061107";"CAJAMARCA";"SAN MIGUEL";"LLAPA";"GOBIERNO REGIONAL";"I-1";"00004609";"UCHUQUINUA";"NE_0001";"";"NE_0001";"NE_0001";"NE_0001";"NE_0001";"NE_0001";"NE_0001";"NE_0001"
"2023";"02";"061107";"CAJAMARCA";"SAN MIGUEL";"LLAPA";"GOBIERNO REGIONAL";"I-3";"00004562";"LLAPA";"NE_0001";"";"NE_0001";"NE_0001";"NE_0001";"NE_0001";"NE_0001";"NE_0001";"NE_0001"
"2023";"02";"061107";"CAJAMARCA";"SAN MIGUEL";"LLAPA";"GOBIERNO REGIONAL";"I-1";"00004564";"SABANA";"NE_0001";"";"NE_0001";"NE_0001";"NE_0001";"NE_0001";"NE_0001";"NE_0001";"NE_0001"
"2023";"02";"040413";"AREQUIPA";"CASTILLA";"URACA";"GOBIERNO REGIONAL";"I-2";"00001390";"PUESTO DE SALUD TORAN";"NE_0001";"";"NE_0001";"NE_0001";"NE_0001";"NE_0001";"NE_0001";"NE_0001";"NE_0001"
"2023";"02";"040413";"AREQUIPA";"CASTILLA";"URACA";"GOBIERNO REGIONAL";"I-2";"00001392";"PUESTO DE SALUD ESCALERILLAS";"NE_0001";"";"NE_0001";"NE_0001";"NE_0001";"NE_0001";"NE_0001";"NE_0001";"NE_0001"
"2023";"03";"150510";"LIMA";"CAÑETE";"NUEVO IMPERIAL";"SANIDAD DE LA POLICIA NACIONAL DEL PERU";"I-3";"00017849";"POLICLINICO POLICIAL CAÑETE";"NE_0001";"";"NE_0001";"NE_0001";"NE_0001";"NE_0001";"NE_0001";"NE_0001";"NE_0001"
"2023";"03";"150101";"LIMA";"LIMA";"LIMA";"PRIVADO";"II-2";"00008281";"CLINICA MAISON DE SANTE  DE LIMA";"240000";"HOSPITALIZACIÓN";"48";"45";"163";"282";"20";"620";"0"
"2023";"03";"150101";"LIMA";"LIMA";"LIMA";"PRIVADO";"II-2";"00008281";"CLINICA MAISON DE SANTE  DE LIMA";"250100";"UNIDAD DE CUIDADOS CRITICOS UNIDAD  DE CUIDADOS INTENSIVOS GENERALES (UCI) ";"3";"3";"15";"15";"8";"248";"0"
"2023";"03";"070101";"CALLAO";"CALLAO";"CALLAO";"PRIVADO";"I-2";"00011182";"CONSULTORIOS LIMATAMBO SEDE MINKA";"NE_0001";"";"NE_0001";"NE_0001";"NE_0001";"NE_0001";"NE_0001";"NE_0001";"NE_0001"
"2023";"03";"220605";"SAN MARTIN";"MARISCAL CACERES";"PAJARILLO";"GOBIERNO REGIONAL";"I-1";"00006783";"SOLEDAD";"NE_0001";"";"NE_0001";"NE_0001";"NE_0001";"NE_0001";"NE_0001";"NE_0001";"NE_0001"
"2023";"03";"220605";"SAN MARTIN";"MARISCAL CACERES";"PAJARILLO";"GOBIERNO REGIONAL";"I-1";"00006564";"DOS UNIDOS";"NE_0001";"";"NE_0001";"NE_0001";"NE_0001";"NE_0001";"NE_0001";"NE_0001";"NE_0001"
"2023";"03";"220602";"SAN MARTIN";"MARISCAL CACERES";"CAMPANILLA";"GOBIERNO REGIONAL";"I-1";"00006566";"CUÑUMBUZA";"NE_0001";"";"NE_0001";"NE_0001";"NE_0001";"NE_0001";"NE_0001";"NE_0001";"NE_0001"
"2023";"03";"220202";"SAN MARTIN";"BELLAVISTA";"ALTO BIAVO";"GOBIERNO REGIONAL";"I-1";"00006714";"CENTRO AMERICA";"NE_0001";"";"NE_0001";"NE_0001";"NE_0001";"NE_0001";"NE_0001";"NE_0001";"NE_0001"
"2023";"03";"220605";"SAN MARTIN";"MARISCAL CACERES";"PAJARILLO";"GOBIERNO REGIONAL";"I-1";"00006563";"COSTA RICA";"NE_0001";"";"NE_0001";"NE_0001";"NE_0001";"NE_0001";"NE_0001";"NE_0001";"NE_0001"
"2023";"03";"220204";"SAN MARTIN";"BELLAVISTA";"HUALLAGA";"GOBIERNO REGIONAL";"I-1";"00006565";"AUCARARCA";"NE_0001";"";"NE_0001";"NE_0001";"NE_0001";"NE_0001";"NE_0001";"NE_0001";"NE_0001"
"2023";"03";"150131";"LIMA";"LIMA";"SAN ISIDRO";"PRIVADO";"II-E";"00027320";"CLINICA AUNA GUARDIA CIVIL";"240000";"HOSPITALIZACIÓN";"107";"107";"537";"519";"40";"1240";"4"
"2023";"03";"240302";"TUMBES";"ZARUMILLA";"AGUAS VERDES";"GOBIERNO REGIONAL";"I-2";"00001886";"CUCHARETA BAJA";"NE_0001";"";"NE_0001";"NE_0001";"NE_0001";"NE_0001";"NE_0001";"NE_0001";"NE_0001"
"2023";"03";"060101";"CAJAMARCA";"CAJAMARCA";"CAJAMARCA";"GOBIERNO REGIONAL";"I-1";"00004642";"PATA PATA";"NE_0001";"";"NE_0001";"NE_0001";"NE_0001";"NE_0001";"NE_0001";"NE_0001";"NE_0001"
"2023";"03";"130908";"LA LIBERTAD";"SANCHEZ CARRION";"SARTIMBAMBA";"GOBIERNO REGIONAL";"I-2";"00005363";"SARTIMBAMBA";"NE_0001";"";"NE_0001";"NE_0001";"NE_0001";"NE_0001";"NE_0001";"NE_0001";"NE_0001"
"2023";"03";"130908";"LA LIBERTAD";"SANCHEZ CARRION";"SARTIMBAMBA";"GOBIERNO REGIONAL";"I-2";"00005364";"SAN ALFONSO";"NE_0001";"";"NE_0001";"NE_0001";"NE_0001";"NE_0001";"NE_0001";"NE_0001";"NE_0001"
"2023";"03";"130908";"LA LIBERTAD";"SANCHEZ CARRION";"SARTIMBAMBA";"GOBIERNO REGIONAL";"I-2";"00005365";"MARCABAL GRANDE";"NE_0001";"";"NE_0001";"NE_0001";"NE_0001";"NE_0001";"NE_0001";"NE_0001";"NE_0001"
"2023";"03";"130908";"LA LIBERTAD";"SANCHEZ CARRION";"SARTIMBAMBA";"GOBIERNO REGIONAL";"I-2";"00017925";"LA VICTORIA";"NE_0001";"";"NE_0001";"NE_0001";"NE_0001";"NE_0001";"NE_0001";"NE_0001";"NE_0001"
"2023";"03";"120425";"JUNIN";"JAUJA";"PARCO";"GOBIERNO REGIONAL";"I-2";"00000374";"PARCO";"NE_0001";"";"NE_0001";"NE_0001";"NE_0001";"NE_0001";"NE_0001";"NE_0001";"NE_0001"
"2023";"03";"120405";"JUNIN";"JAUJA";"CANCHAYLLO";"GOBIERNO REGIONAL";"I-2";"00000424";"CANCHAYLLO";"NE_0001";"";"NE_0001";"NE_0001";"NE_0001";"NE_0001";"NE_0001";"NE_0001";"NE_0001"
"2023";"03";"120414";"JUNIN";"JAUJA";"LLOCLLAPAMPA";"GOBIERNO REGIONAL";"I-3";"00000427";"LLOCLLAPAMPA";"NE_0001";"";"NE_0001";"NE_0001";"NE_0001";"NE_0001";"NE_0001";"NE_0001";"NE_0001"
"2023";"03";"220603";"SAN MARTIN";"MARISCAL CACERES";"HUICUNGO";"GOBIERNO REGIONAL";"I-1";"00006555";"SHEPTE";"NE_0001";"";"NE_0001";"NE_0001";"NE_0001";"NE_0001";"NE_0001";"NE_0001";"NE_0001"
"2023";"03";"220603";"SAN MARTIN";"MARISCAL CACERES";"HUICUNGO";"GOBIERNO REGIONAL";"I-1";"00006556";"MIRAFLORES";"NE_0001";"";"NE_0001";"NE_0001";"NE_0001";"NE_0001";"NE_0001";"NE_0001";"NE_0001"
"2023";"03";"220604";"SAN MARTIN";"MARISCAL CACERES";"PACHIZA";"GOBIERNO REGIONAL";"I-1";"00006559";"SAN RAMON";"NE_0001";"";"NE_0001";"NE_0001";"NE_0001";"NE_0001";"NE_0001";"NE_0001";"NE_0001"
"2023";"03";"220601";"SAN MARTIN";"MARISCAL CACERES";"JUANJUI";"GOBIERNO REGIONAL";"I-1";"00006550";"QUINILLA";"NE_0001";"";"NE_0001";"NE_0001";"NE_0001";"NE_0001";"NE_0001";"NE_0001";"NE_0001"
"2023";"03";"220605";"SAN MARTIN";"MARISCAL CACERES";"PAJARILLO";"GOBIERNO REGIONAL";"I-1";"00006560";"ARMAYARI";"NE_0001";"";"NE_0001";"NE_0001";"NE_0001";"NE_0001";"NE_0001";"NE_0001";"NE_0001"
"2023";"03";"220601";"SAN MARTIN";"MARISCAL CACERES";"JUANJUI";"GOBIERNO REGIONAL";"I-1";"00006553";"HUAYABAMBA";"NE_0001";"";"NE_0001";"NE_0001";"NE_0001";"NE_0001";"NE_0001";"NE_0001";"NE_0001"
"2023";"03";"081207";"CUSCO";"QUISPICANCHI";"HUARO";"GOBIERNO REGIONAL";"I-1";"00002533";"URPAY";"NE_0001";"";"NE_0001";"NE_0001";"NE_0001";"NE_0001";"NE_0001";"NE_0001";"NE_0001"
"2023";"03";"081208";"CUSCO";"QUISPICANCHI";"LUCRE";"GOBIERNO REGIONAL";"I-2";"00002534";"LUCRE";"NE_0001";"";"NE_0001";"NE_0001";"NE_0001";"NE_0001";"NE_0001";"NE_0001";"NE_0001"
"2023";"03";"081212";"CUSCO";"QUISPICANCHI";"QUIQUIJANA";"GOBIERNO REGIONAL";"I-1";"00002539";"CCOLCA";"NE_0001";"";"NE_0001";"NE_0001";"NE_0001";"NE_0001";"NE_0001";"NE_0001";"NE_0001"
"2023";"03";"081201";"CUSCO";"QUISPICANCHI";"URCOS";"GOBIERNO REGIONAL";"I-4";"00002523";"URCOS";"NE_0001";"";"NE_0001";"NE_0001";"NE_0001";"NE_0001";"NE_0001";"NE_0001";"NE_0001"
"2023";"03";"081206";"CUSCO";"QUISPICANCHI";"CUSIPATA";"GOBIERNO REGIONAL";"I-3";"00002530";"CUSIPATA";"NE_0001";"";"NE_0001";"NE_0001";"NE_0001";"NE_0001";"NE_0001";"NE_0001";"NE_0001"
"2023";"03";"081211";"CUSCO";"QUISPICANCHI";"OROPESA";"GOBIERNO REGIONAL";"I-3";"00002537";"OROPESA";"NE_0001";"";"NE_0001";"NE_0001";"NE_0001";"NE_0001";"NE_0001";"NE_0001";"NE_0001"
"2023";"03";"081207";"CUSCO";"QUISPICANCHI";"HUARO";"GOBIERNO REGIONAL";"I-2";"00002532";"HUARO";"NE_0001";"";"NE_0001";"NE_0001";"NE_0001";"NE_0001";"NE_0001";"NE_0001";"NE_0001"
"2023";"03";"150117";"LIMA";"LIMA";"LOS OLIVOS";"PRIVADO";"II-E";"00023852";"OFTALMOSALUD";"NE_0001";"";"NE_0001";"NE_0001";"NE_0001";"NE_0001";"NE_0001";"NE_0001";"NE_0001"
"2023";"03";"220101";"SAN MARTIN";"MOYOBAMBA";"MOYOBAMBA";"GOBIERNO REGIONAL";"I-2";"00006291";"ATUMPLAYA";"NE_0001";"";"NE_0001";"NE_0001";"NE_0001";"NE_0001";"NE_0001";"NE_0001";"NE_0001"
"2023";"03";"220807";"SAN MARTIN";"RIOJA";"SAN FERNANDO";"GOBIERNO REGIONAL";"I-3";"00006290";"SAN FERNANDO";"NE_0002";"";"NE_0002";"NE_0002";"NE_0002";"NE_0002";"NE_0002";"NE_0002";"NE_0002"
"2023";"03";"220807";"SAN MARTIN";"RIOJA";"SAN FERNANDO";"GOBIERNO REGIONAL";"I-1";"00006294";"PERLA MAYO";"NE_0001";"";"NE_0001";"NE_0001";"NE_0001";"NE_0001";"NE_0001";"NE_0001";"NE_0001"
"2023";"03";"211101";"PUNO";"SAN ROMAN";"JULIACA";"ESSALUD";"II-2";"00009899";"HOSPITAL BASE III JULIACA - ESSALUD - RED ASISTENCIAL JULIACA";"241900";"HOSPITALIZACIÓN DE MEDICINA MEDICINA INTERNA ";"45";"46";"369";"369";"13";"403";"1"
"2023";"03";"211101";"PUNO";"SAN ROMAN";"JULIACA";"ESSALUD";"II-2";"00009899";"HOSPITAL BASE III JULIACA - ESSALUD - RED ASISTENCIAL JULIACA";"244000";"HOSPITALIZACIÓN DE MEDICINA CARDIOLOGIA ";"1";"2";"6";"6";"2";"62";"1"
"2023";"03";"211101";"PUNO";"SAN ROMAN";"JULIACA";"ESSALUD";"II-2";"00009899";"HOSPITAL BASE III JULIACA - ESSALUD - RED ASISTENCIAL JULIACA";"244300";"HOSPITALIZACIÓN DE MEDICINA GASTROENTEROLOGÍA  ";"24";"26";"124";"124";"4";"124";"0"
"2023";"03";"211101";"PUNO";"SAN ROMAN";"JULIACA";"ESSALUD";"II-2";"00009899";"HOSPITAL BASE III JULIACA - ESSALUD - RED ASISTENCIAL JULIACA";"244700";"HOSPITALIZACIÓN DE MEDICINA NEUROLOGIA  ";"6";"6";"27";"27";"2";"62";"0"
"2023";"03";"211101";"PUNO";"SAN ROMAN";"JULIACA";"ESSALUD";"II-2";"00009899";"HOSPITAL BASE III JULIACA - ESSALUD - RED ASISTENCIAL JULIACA";"244600";"HOSPITALIZACIÓN DE MEDICINA NEFROLOGIA ";"3";"2";"10";"10";"1";"31";"0"
"2023";"03";"211101";"PUNO";"SAN ROMAN";"JULIACA";"ESSALUD";"II-2";"00009899";"HOSPITAL BASE III JULIACA - ESSALUD - RED ASISTENCIAL JULIACA";"245300";"HOSPITALIZACIÓN DE MEDICINA NEUMOLOGÍA  ";"7";"4";"40";"40";"8";"248";"0"
"2023";"03";"211101";"PUNO";"SAN ROMAN";"JULIACA";"ESSALUD";"II-2";"00009899";"HOSPITAL BASE III JULIACA - ESSALUD - RED ASISTENCIAL JULIACA";"245500";"HOSPITALIZACIÓN DE MEDICINA REUMATOLOGÍA    ";"0";"2";"18";"18";"1";"31";"0"
"2023";"03";"211101";"PUNO";"SAN ROMAN";"JULIACA";"ESSALUD";"II-2";"00009899";"HOSPITAL BASE III JULIACA - ESSALUD - RED ASISTENCIAL JULIACA";"244200";"HOSPITALIZACIÓN DE MEDICINA ENDOCRINOLOGIA ";"1";"1";"3";"5";"1";"5";"0"
"2023";"03";"211101";"PUNO";"SAN ROMAN";"JULIACA";"ESSALUD";"II-2";"00009899";"HOSPITAL BASE III JULIACA - ESSALUD - RED ASISTENCIAL JULIACA";"240100";"HOSPITALIZACIÓN QUIRÚRGICA CIRUGÍA GENERAL ";"107";"108";"310";"310";"10";"310";"0"
"2023";"03";"211101";"PUNO";"SAN ROMAN";"JULIACA";"ESSALUD";"II-2";"00009899";"HOSPITAL BASE III JULIACA - ESSALUD - RED ASISTENCIAL JULIACA";"240400";"HOSPITALIZACIÓN QUIRÚRGICA CIRUGÍA DE TÓRAX Y CARDIOVASCULAR ";"6";"6";"24";"24";"4";"124";"0"
"2023";"01";"150202";"LIMA";"BARRANCA";"PARAMONGA";"ESSALUD";"I-3";"00010394";"CENTRO DE ATENCION PRIMARIA II PARAMONGA";"NE_0001";"";"NE_0001";"NE_0001";"NE_0001";"NE_0001";"NE_0001";"NE_0001";"NE_0001"
"2023";"01";"100108";"HUANUCO";"HUANUCO";"SAN PEDRO DE CHAULAN";"GOBIERNO REGIONAL";"I-3";"00000794";"CHAULAN";"NE_0001";"";"NE_0001";"NE_0001";"NE_0001";"NE_0001";"NE_0001";"NE_0001";"NE_0001"
"2023";"01";"100108";"HUANUCO";"HUANUCO";"SAN PEDRO DE CHAULAN";"GOBIERNO REGIONAL";"I-2";"00000789";"SAN JUAN DE LIBERTAD";"NE_0001";"";"NE_0001";"NE_0001";"NE_0001";"NE_0001";"NE_0001";"NE_0001";"NE_0001"
"2023";"01";"021809";"ANCASH";"SANTA";"NUEVO CHIMBOTE";"GOBIERNO REGIONAL";"II-2";"00001703";"ELEAZAR GUZMAN BARRON";"241800";"HOSPITALIZACIÓN DE MEDICINA MEDICINA GENERAL ";"74";"72";"534";"585";"20";"620";"13"
"2023";"01";"021809";"ANCASH";"SANTA";"NUEVO CHIMBOTE";"GOBIERNO REGIONAL";"II-2";"00001703";"ELEAZAR GUZMAN BARRON";"245700";"HOSPITALIZACIÓN QUIRÚRGICA CARDIOLOGIA ";"3";"5";"36";"23";"2";"62";"0"
"2023";"01";"021809";"ANCASH";"SANTA";"NUEVO CHIMBOTE";"GOBIERNO REGIONAL";"II-2";"00001703";"ELEAZAR GUZMAN BARRON";"244300";"HOSPITALIZACIÓN DE MEDICINA GASTROENTEROLOGÍA  ";"1";"2";"15";"13";"1";"31";"0"
"2023";"01";"021809";"ANCASH";"SANTA";"NUEVO CHIMBOTE";"GOBIERNO REGIONAL";"II-2";"00001703";"ELEAZAR GUZMAN BARRON";"245500";"HOSPITALIZACIÓN DE MEDICINA REUMATOLOGÍA    ";"13";"13";"24";"24";"2";"62";"0"
"2023";"01";"021809";"ANCASH";"SANTA";"NUEVO CHIMBOTE";"GOBIERNO REGIONAL";"II-2";"00001703";"ELEAZAR GUZMAN BARRON";"245300";"HOSPITALIZACIÓN DE MEDICINA NEUMOLOGÍA  ";"10";"10";"76";"74";"4";"124";"0"
"2023";"01";"021809";"ANCASH";"SANTA";"NUEVO CHIMBOTE";"GOBIERNO REGIONAL";"II-2";"00001703";"ELEAZAR GUZMAN BARRON";"242200";"HOSPITALIZACIÓN DE MEDICINA PSIQUIATRÍA ";"7";"1";"120";"147";"6";"186";"0"
"2023";"01";"021809";"ANCASH";"SANTA";"NUEVO CHIMBOTE";"GOBIERNO REGIONAL";"II-2";"00001703";"ELEAZAR GUZMAN BARRON";"240100";"HOSPITALIZACIÓN QUIRÚRGICA CIRUGÍA GENERAL ";"47";"49";"171";"170";"12";"372";"0"
"2023";"01";"021809";"ANCASH";"SANTA";"NUEVO CHIMBOTE";"GOBIERNO REGIONAL";"II-2";"00001703";"ELEAZAR GUZMAN BARRON";"241200";"HOSPITALIZACIÓN QUIRÚRGICA TRAUMATOLOGÍA Y ORTOPEDIA ";"31";"33";"291";"291";"12";"372";"0"
"2023";"01";"021809";"ANCASH";"SANTA";"NUEVO CHIMBOTE";"GOBIERNO REGIONAL";"II-2";"00001703";"ELEAZAR GUZMAN BARRON";"241300";"HOSPITALIZACIÓN QUIRÚRGICA UROLOGÍA  ";"1";"1";"7";"7";"2";"62";"0"
"2023";"01";"021809";"ANCASH";"SANTA";"NUEVO CHIMBOTE";"GOBIERNO REGIONAL";"II-2";"00001703";"ELEAZAR GUZMAN BARRON";"242100";"HOSPITALIZACIÓN DE MEDICINA ONCOLOGÍA MÉDICA ";"1";"2";"12";"39";"4";"124";"0"
"2023";"01";"021809";"ANCASH";"SANTA";"NUEVO CHIMBOTE";"GOBIERNO REGIONAL";"II-2";"00001703";"ELEAZAR GUZMAN BARRON";"240900";"HOSPITALIZACIÓN QUIRÚRGICA NEUROCIRUGÍA ";"6";"9";"112";"43";"5";"155";"0"
"2023";"01";"021809";"ANCASH";"SANTA";"NUEVO CHIMBOTE";"GOBIERNO REGIONAL";"II-2";"00001703";"ELEAZAR GUZMAN BARRON";"242300";"HOSPITALIZACIÓN DE PEDIATRÍA  PEDIATRÍA  GENERAL ";"138";"130";"614";"589";"30";"930";"3"
"2023";"01";"021809";"ANCASH";"SANTA";"NUEVO CHIMBOTE";"GOBIERNO REGIONAL";"II-2";"00001703";"ELEAZAR GUZMAN BARRON";"241600";"HOSPITALIZACIÓN QUIRÚRGICA OBSTETRICIA   ";"296";"287";"620";"644";"25";"775";"0"
"2023";"01";"021809";"ANCASH";"SANTA";"NUEVO CHIMBOTE";"GOBIERNO REGIONAL";"II-2";"00001703";"ELEAZAR GUZMAN BARRON";"241500";"HOSPITALIZACIÓN QUIRÚRGICA GINECOLOGÍA  ";"20";"20";"72";"64";"5";"155";"0"
"2023";"01";"021809";"ANCASH";"SANTA";"NUEVO CHIMBOTE";"GOBIERNO REGIONAL";"II-2";"00001703";"ELEAZAR GUZMAN BARRON";"250100";"UNIDAD DE CUIDADOS CRITICOS UNIDAD  DE CUIDADOS INTENSIVOS GENERALES (UCI) ";"19";"6";"419";"372";"14";"434";"6"
"2023";"01";"150122";"LIMA";"LIMA";"MIRAFLORES";"PRIVADO";"II-E";"00011849";"CLINICA MIRAFLORES SAC";"240000";"HOSPITALIZACIÓN";"14";"14";"30";"44";"10";"310";"0"
"2023";"01";"150122";"LIMA";"LIMA";"MIRAFLORES";"PRIVADO";"II-E";"00011849";"CLINICA MIRAFLORES SAC";"243200";"HOSPITALIZACIÓN DE PEDIATRÍA PEDIATRIA NEONATOLOGÍA";"6";"6";"18";"24";"6";"186";"0"
"2023";"01";"220506";"SAN MARTIN";"LAMAS";"PINTO RECODO";"GOBIERNO REGIONAL";"I-1";"00006344";"LA LIBERTAD BAJO MAYO";"NE_0001";"";"NE_0001";"NE_0001";"NE_0001";"NE_0001";"NE_0001";"NE_0001";"NE_0001"
"2023";"01";"220502";"SAN MARTIN";"LAMAS";"ALONSO DE ALVARADO";"GOBIERNO REGIONAL";"I-1";"00006351";"SAN JUAN DE PACAYZAPA";"NE_0001";"";"NE_0001";"NE_0001";"NE_0001";"NE_0001";"NE_0001";"NE_0001";"NE_0001"
"2023";"01";"220506";"SAN MARTIN";"LAMAS";"PINTO RECODO";"GOBIERNO REGIONAL";"I-1";"00006343";"GOSEN";"NE_0001";"";"NE_0001";"NE_0001";"NE_0001";"NE_0001";"NE_0001";"NE_0001";"NE_0001"
"2023";"01";"220506";"SAN MARTIN";"LAMAS";"PINTO RECODO";"GOBIERNO REGIONAL";"I-1";"00006347";"VENCEDOR";"NE_0001";"";"NE_0001";"NE_0001";"NE_0001";"NE_0001";"NE_0001";"NE_0001";"NE_0001"
"2023";"01";"220506";"SAN MARTIN";"LAMAS";"PINTO RECODO";"GOBIERNO REGIONAL";"I-1";"00006345";"MIRAFLORES";"NE_0001";"";"NE_0001";"NE_0001";"NE_0001";"NE_0001";"NE_0001";"NE_0001";"NE_0001"
"2023";"01";"220506";"SAN MARTIN";"LAMAS";"PINTO RECODO";"GOBIERNO REGIONAL";"I-1";"00006342";"BETANIA";"NE_0001";"";"NE_0001";"NE_0001";"NE_0001";"NE_0001";"NE_0001";"NE_0001";"NE_0001"
"2023";"01";"130101";"LA LIBERTAD";"TRUJILLO";"TRUJILLO";"PRIVADO";"II-1";"00013395";"CLÍNICA MATERNO INFANTIL DEL NORTE S.A";"241400";"HOSPITALIZACIÓN QUIRÚRGICA GINECO - OBSTETRICIA ";"88";"88";"226";"88";"11";"341";"0"
"2023";"01";"220504";"SAN MARTIN";"LAMAS";"CAYNARACHI";"GOBIERNO REGIONAL";"I-1";"00006416";"ALFONSO UGARTE";"NE_0001";"";"NE_0001";"NE_0001";"NE_0001";"NE_0001";"NE_0001";"NE_0001";"NE_0001"
"2023";"01";"220504";"SAN MARTIN";"LAMAS";"CAYNARACHI";"GOBIERNO REGIONAL";"I-2";"00006418";"ALIANZA";"NE_0001";"";"NE_0001";"NE_0001";"NE_0001";"NE_0001";"NE_0001";"NE_0001";"NE_0001"
"2023";"01";"220504";"SAN MARTIN";"LAMAS";"CAYNARACHI";"GOBIERNO REGIONAL";"I-1";"00006420";"NUEVO LAMAS";"NE_0001";"";"NE_0001";"NE_0001";"NE_0001";"NE_0001";"NE_0001";"NE_0001";"NE_0001"
"2023";"01";"220504";"SAN MARTIN";"LAMAS";"CAYNARACHI";"GOBIERNO REGIONAL";"I-1";"00006422";"SAN JUAN DE SHANUSI";"NE_0001";"";"NE_0001";"NE_0001";"NE_0001";"NE_0001";"NE_0001";"NE_0001";"NE_0001"
"2023";"01";"220504";"SAN MARTIN";"LAMAS";"CAYNARACHI";"GOBIERNO REGIONAL";"I-1";"00019769";"NUEVO TOCACHE";"NE_0001";"";"NE_0001";"NE_0001";"NE_0001";"NE_0001";"NE_0001";"NE_0001";"NE_0001"
"2023";"01";"220504";"SAN MARTIN";"LAMAS";"CAYNARACHI";"GOBIERNO REGIONAL";"I-4";"00006415";"PONGO DEL CAYNARACHI";"241600";"HOSPITALIZACIÓN QUIRÚRGICA OBSTETRICIA   ";"9";"9";"10";"12";"4";"124";"0"
"2023";"01";"220504";"SAN MARTIN";"LAMAS";"CAYNARACHI";"GOBIERNO REGIONAL";"I-1";"00006417";"SAN MIGUEL DE ACHINAMIZA";"NE_0001";"";"NE_0001";"NE_0001";"NE_0001";"NE_0001";"NE_0001";"NE_0001";"NE_0001"
"2023";"01";"220504";"SAN MARTIN";"LAMAS";"CAYNARACHI";"GOBIERNO REGIONAL";"I-1";"00006419";"BONILLA";"NE_0001";"";"NE_0001";"NE_0001";"NE_0001";"NE_0001";"NE_0001";"NE_0001";"NE_0001"
"2023";"01";"220504";"SAN MARTIN";"LAMAS";"CAYNARACHI";"GOBIERNO REGIONAL";"I-1";"00006421";"YUMBATOS";"NE_0001";"";"NE_0001";"NE_0001";"NE_0001";"NE_0001";"NE_0001";"NE_0001";"NE_0001"
"2023";"01";"150101";"LIMA";"LIMA";"LIMA";"PRIVADO";"II-E";"00022102";"CLINICA SEÑOR DE LOS MILAGROS E.I.R.L.";"NE_0001";"";"NE_0001";"NE_0001";"NE_0001";"NE_0001";"NE_0001";"NE_0001";"NE_0001"
"2023";"01";"130203";"LA LIBERTAD";"ASCOPE";"CHOCOPE";"ESSALUD";"II-2";"00009037";"HOSPITAL II CHOCOPE";"241900";"HOSPITALIZACIÓN DE MEDICINA MEDICINA INTERNA ";"108";"100";"704";"856";"28";"868";"7"
"2023";"01";"130203";"LA LIBERTAD";"ASCOPE";"CHOCOPE";"ESSALUD";"II-2";"00009037";"HOSPITAL II CHOCOPE";"240100";"HOSPITALIZACIÓN QUIRÚRGICA CIRUGÍA GENERAL ";"116";"104";"472";"481";"16";"496";"0"
"2023";"01";"130203";"LA LIBERTAD";"ASCOPE";"CHOCOPE";"ESSALUD";"II-2";"00009037";"HOSPITAL II CHOCOPE";"241500";"HOSPITALIZACIÓN QUIRÚRGICA GINECOLOGÍA  ";"21";"21";"44";"43";"2";"62";"0"
"2023";"01";"130203";"LA LIBERTAD";"ASCOPE";"CHOCOPE";"ESSALUD";"II-2";"00009037";"HOSPITAL II CHOCOPE";"241600";"HOSPITALIZACIÓN QUIRÚRGICA OBSTETRICIA   ";"56";"52";"83";"120";"4";"124";"0"
"2023";"01";"130203";"LA LIBERTAD";"ASCOPE";"CHOCOPE";"ESSALUD";"II-2";"00009037";"HOSPITAL II CHOCOPE";"242300";"HOSPITALIZACIÓN DE PEDIATRÍA  PEDIATRÍA  GENERAL ";"28";"25";"77";"83";"3";"93";"0"
"2023";"02";"150108";"LIMA";"LIMA";"CHORRILLOS";"PRIVADO";"II-2";"00010251";"CLINICA MAISON DE SANTE DEL SUR";"240000";"HOSPITALIZACIÓN";"52";"58";"194";"161";"20";"560";"0"
"2023";"02";"150108";"LIMA";"LIMA";"CHORRILLOS";"PRIVADO";"II-2";"00010251";"CLINICA MAISON DE SANTE DEL SUR";"241400";"HOSPITALIZACIÓN QUIRÚRGICA GINECO - OBSTETRICIA ";"13";"12";"36";"61";"7";"196";"0"
"2023";"02";"150108";"LIMA";"LIMA";"CHORRILLOS";"PRIVADO";"II-2";"00010251";"CLINICA MAISON DE SANTE DEL SUR";"250100";"UNIDAD DE CUIDADOS CRITICOS UNIDAD  DE CUIDADOS INTENSIVOS GENERALES (UCI) ";"4";"4";"44";"46";"6";"168";"0"
"2023";"01";"150604";"LIMA";"HUARAL";"AUCALLAMA";"GOBIERNO REGIONAL";"I-3";"00005726";"AUCALLAMA";"NE_0001";"";"NE_0001";"NE_0001";"NE_0001";"NE_0001";"NE_0001";"NE_0001";"NE_0001"
"2023";"02";"070101";"CALLAO";"CALLAO";"CALLAO";"ESSALUD";"II-2";"00010533";"HOSPITAL II LIMA NORTE CALLAO ""LUIS NEGREIROS VEGA"" ESSALUD";"241900";"HOSPITALIZACIÓN DE MEDICINA MEDICINA INTERNA ";"183";"184";"1446";"1655";"60";"1680";"13"
"2023";"02";"070101";"CALLAO";"CALLAO";"CALLAO";"ESSALUD";"II-2";"00010533";"HOSPITAL II LIMA NORTE CALLAO ""LUIS NEGREIROS VEGA"" ESSALUD";"240100";"HOSPITALIZACIÓN QUIRÚRGICA CIRUGÍA GENERAL ";"361";"353";"562";"629";"34";"952";"0"
"2023";"02";"070101";"CALLAO";"CALLAO";"CALLAO";"ESSALUD";"II-2";"00010533";"HOSPITAL II LIMA NORTE CALLAO ""LUIS NEGREIROS VEGA"" ESSALUD";"241600";"HOSPITALIZACIÓN QUIRÚRGICA OBSTETRICIA   ";"456";"456";"688";"630";"36";"1008";"0"
"2023";"02";"070101";"CALLAO";"CALLAO";"CALLAO";"ESSALUD";"II-2";"00010533";"HOSPITAL II LIMA NORTE CALLAO ""LUIS NEGREIROS VEGA"" ESSALUD";"242300";"HOSPITALIZACIÓN DE PEDIATRÍA  PEDIATRÍA  GENERAL ";"95";"90";"250";"277";"13";"364";"0"
"2023";"02";"210802";"PUNO";"MELGAR";"ANTAUTA";"ESSALUD";"I-2";"00009898";"POSTA MEDICA SAN RAFAEL - ESSALUD - RED ASISTENCIAL JULIACA";"NE_0001";"";"NE_0001";"NE_0001";"NE_0001";"NE_0001";"NE_0001";"NE_0001";"NE_0001"
"2023";"02";"050113";"AYACUCHO";"HUAMANGA";"TAMBILLO";"GOBIERNO REGIONAL";"I-2";"00003549";"TAMBILLO";"NE_0001";"";"NE_0001";"NE_0001";"NE_0001";"NE_0001";"NE_0001";"NE_0001";"NE_0001"
"2023";"02";"100102";"HUANUCO";"HUANUCO";"AMARILIS";"GOBIERNO REGIONAL";"I-4";"00000755";"PERU-COREA";"241600";"HOSPITALIZACIÓN QUIRÚRGICA OBSTETRICIA   ";"118";"132";"171";"196";"6";"168";"0"
"2023";"02";"100102";"HUANUCO";"HUANUCO";"AMARILIS";"GOBIERNO REGIONAL";"I-2";"00000763";"PUESTO DE SALUD DE LLICUA";"NE_0001";"";"NE_0001";"NE_0001";"NE_0001";"NE_0001";"NE_0001";"NE_0001";"NE_0001"
"2023";"02";"100102";"HUANUCO";"HUANUCO";"AMARILIS";"GOBIERNO REGIONAL";"I-2";"00000761";"MALCONGA";"NE_0001";"";"NE_0001";"NE_0001";"NE_0001";"NE_0001";"NE_0001";"NE_0001";"NE_0001"
"2023";"02";"100102";"HUANUCO";"HUANUCO";"AMARILIS";"GOBIERNO REGIONAL";"I-2";"00000762";"PAUCAR";"NE_0001";"";"NE_0001";"NE_0001";"NE_0001";"NE_0001";"NE_0001";"NE_0001";"NE_0001"
"2023";"02";"100102";"HUANUCO";"HUANUCO";"AMARILIS";"GOBIERNO REGIONAL";"I-3";"00027051";"CENTRO DE SALUD MENTAL COMUNITARIO PAKKARIN";"NE_0001";"";"NE_0001";"NE_0001";"NE_0001";"NE_0001";"NE_0001";"NE_0001";"NE_0001"
"2023";"02";"100102";"HUANUCO";"HUANUCO";"AMARILIS";"GOBIERNO REGIONAL";"I-2";"00000760";"LA ESPERANZA";"NE_0001";"";"NE_0001";"NE_0001";"NE_0001";"NE_0001";"NE_0001";"NE_0001";"NE_0001"
"2023";"02";"100102";"HUANUCO";"HUANUCO";"AMARILIS";"GOBIERNO REGIONAL";"I-3";"00027821";"CENTRO DE SALUD AMARILIS";"NE_0001";"";"NE_0001";"NE_0001";"NE_0001";"NE_0001";"NE_0001";"NE_0001";"NE_0001"
"2023";"02";"100509";"HUANUCO";"HUAMALIES";"PUÑOS";"GOBIERNO REGIONAL";"I-3";"00000892";"PUÑOS";"NE_0001";"";"NE_0001";"NE_0001";"NE_0001";"NE_0001";"NE_0001";"NE_0001";"NE_0001"
"2023";"02";"100509";"HUANUCO";"HUAMALIES";"PUÑOS";"GOBIERNO REGIONAL";"I-1";"00000894";"ILLAHUASI";"NE_0001";"";"NE_0001";"NE_0001";"NE_0001";"NE_0001";"NE_0001";"NE_0001";"NE_0001"
"2023";"02";"100509";"HUANUCO";"HUAMALIES";"PUÑOS";"GOBIERNO REGIONAL";"I-2";"00000893";"POQUE";"NE_0001";"";"NE_0001";"NE_0001";"NE_0001";"NE_0001";"NE_0001";"NE_0001";"NE_0001"
"2023";"02";"040701";"AREQUIPA";"ISLAY";"MOLLENDO";"GOBIERNO REGIONAL";"I-2";"00001447";"PUESTO DE SALUD VILLA LOURDES";"NE_0001";"";"NE_0001";"NE_0001";"NE_0001";"NE_0001";"NE_0001";"NE_0001";"NE_0001"
"2023";"02";"040705";"AREQUIPA";"ISLAY";"MEJIA";"GOBIERNO REGIONAL";"I-2";"00001448";"PUESTO DE SALUD MEJIA";"NE_0001";"";"NE_0001";"NE_0001";"NE_0001";"NE_0001";"NE_0001";"NE_0001";"NE_0001"
"2023";"02";"040701";"AREQUIPA";"ISLAY";"MOLLENDO";"GOBIERNO REGIONAL";"I-4";"00001444";"CENTRO DE SALUD ALTO INCLAN";"241600";"HOSPITALIZACIÓN QUIRÚRGICA OBSTETRICIA   ";"6";"6";"6";"1";"5";"150";"0"
"2023";"02";"040701";"AREQUIPA";"ISLAY";"MOLLENDO";"GOBIERNO REGIONAL";"I-4";"00001444";"CENTRO DE SALUD ALTO INCLAN";"241800";"HOSPITALIZACIÓN DE MEDICINA MEDICINA GENERAL ";"2";"2";"2";"1";"11";"330";"0"
"2023";"02";"040704";"AREQUIPA";"ISLAY";"ISLAY";"GOBIERNO REGIONAL";"I-3";"00001443";"CENTRO DE SALUD MATARANI";"NE_0001";"";"NE_0001";"NE_0001";"NE_0001";"NE_0001";"NE_0001";"NE_0001";"NE_0001"
"2023";"02";"060811";"CAJAMARCA";"JAEN";"SAN JOSE DEL ALTO";"GOBIERNO REGIONAL";"I-1";"00018121";"EL PORVENIR";"NE_0001";"";"NE_0001";"NE_0001";"NE_0001";"NE_0001";"NE_0001";"NE_0001";"NE_0001"
"2023";"02";"060811";"CAJAMARCA";"JAEN";"SAN JOSE DEL ALTO";"GOBIERNO REGIONAL";"I-2";"00004260";"PEÑA BLANCA";"NE_0001";"";"NE_0001";"NE_0001";"NE_0001";"NE_0001";"NE_0001";"NE_0001";"NE_0001"
"2023";"02";"060811";"CAJAMARCA";"JAEN";"SAN JOSE DEL ALTO";"GOBIERNO REGIONAL";"I-1";"00013058";"SAN PEDRO";"NE_0001";"";"NE_0001";"NE_0001";"NE_0001";"NE_0001";"NE_0001";"NE_0001";"NE_0001"
"2023";"02";"060811";"CAJAMARCA";"JAEN";"SAN JOSE DEL ALTO";"GOBIERNO REGIONAL";"I-1";"00004259";"HUAHUAYA";"NE_0001";"";"NE_0001";"NE_0001";"NE_0001";"NE_0001";"NE_0001";"NE_0001";"NE_0001"
"2023";"02";"060811";"CAJAMARCA";"JAEN";"SAN JOSE DEL ALTO";"GOBIERNO REGIONAL";"I-1";"00004257";"SAN JOSE DEL ALTO";"NE_0001";"";"NE_0001";"NE_0001";"NE_0001";"NE_0001";"NE_0001";"NE_0001";"NE_0001"
"2023";"02";"060811";"CAJAMARCA";"JAEN";"SAN JOSE DEL ALTO";"GOBIERNO REGIONAL";"I-1";"00009965";"SAN ANTONIO";"NE_0001";"";"NE_0001";"NE_0001";"NE_0001";"NE_0001";"NE_0001";"NE_0001";"NE_0001"
"2023";"02";"060811";"CAJAMARCA";"JAEN";"SAN JOSE DEL ALTO";"GOBIERNO REGIONAL";"I-3";"00004256";"COCHALAN";"NE_0001";"";"NE_0001";"NE_0001";"NE_0001";"NE_0001";"NE_0001";"NE_0001";"NE_0001"
"2023";"02";"060811";"CAJAMARCA";"JAEN";"SAN JOSE DEL ALTO";"GOBIERNO REGIONAL";"I-2";"00004258";"ANGASH";"NE_0001";"";"NE_0001";"NE_0001";"NE_0001";"NE_0001";"NE_0001";"NE_0001";"NE_0001"
"2023";"01";"140301";"LAMBAYEQUE";"LAMBAYEQUE";"LAMBAYEQUE";"GOBIERNO REGIONAL";"II-1";"00004370";"HOSPITAL BELEN - LAMBAYEQUE";"240100";"HOSPITALIZACIÓN QUIRÚRGICA CIRUGÍA GENERAL ";"62";"70";"300";"4";"20";"620";"0"
"2023";"01";"140301";"LAMBAYEQUE";"LAMBAYEQUE";"LAMBAYEQUE";"GOBIERNO REGIONAL";"II-1";"00004370";"HOSPITAL BELEN - LAMBAYEQUE";"240600";"HOSPITALIZACIÓN QUIRÚRGICA CIRUGÍA OFTALMOLÓGICA ";"1";"1";"2";"2";"2";"62";"0"
"2023";"01";"140301";"LAMBAYEQUE";"LAMBAYEQUE";"LAMBAYEQUE";"GOBIERNO REGIONAL";"II-1";"00004370";"HOSPITAL BELEN - LAMBAYEQUE";"241100";"HOSPITALIZACIÓN QUIRÚRGICA OTORRINOLARINGOLOGÍA  ";"12";"12";"35";"3";"2";"62";"0"
"2023";"01";"140301";"LAMBAYEQUE";"LAMBAYEQUE";"LAMBAYEQUE";"GOBIERNO REGIONAL";"II-1";"00004370";"HOSPITAL BELEN - LAMBAYEQUE";"241200";"HOSPITALIZACIÓN QUIRÚRGICA TRAUMATOLOGÍA Y ORTOPEDIA ";"12";"17";"236";"14";"5";"155";"0"
"2023";"01";"140301";"LAMBAYEQUE";"LAMBAYEQUE";"LAMBAYEQUE";"GOBIERNO REGIONAL";"II-1";"00004370";"HOSPITAL BELEN - LAMBAYEQUE";"241300";"HOSPITALIZACIÓN QUIRÚRGICA UROLOGÍA  ";"14";"14";"56";"4";"4";"124";"0"
"2023";"01";"140301";"LAMBAYEQUE";"LAMBAYEQUE";"LAMBAYEQUE";"GOBIERNO REGIONAL";"II-1";"00004370";"HOSPITAL BELEN - LAMBAYEQUE";"241500";"HOSPITALIZACIÓN QUIRÚRGICA GINECOLOGÍA  ";"142";"157";"564";"4";"17";"527";"0"
"2023";"01";"140301";"LAMBAYEQUE";"LAMBAYEQUE";"LAMBAYEQUE";"GOBIERNO REGIONAL";"II-1";"00004370";"HOSPITAL BELEN - LAMBAYEQUE";"241600";"HOSPITALIZACIÓN QUIRÚRGICA OBSTETRICIA   ";"255";"270";"763";"3";"19";"589";"0"
"2023";"01";"140301";"LAMBAYEQUE";"LAMBAYEQUE";"LAMBAYEQUE";"GOBIERNO REGIONAL";"II-1";"00004370";"HOSPITAL BELEN - LAMBAYEQUE";"241800";"HOSPITALIZACIÓN DE MEDICINA MEDICINA GENERAL ";"29";"38";"247";"7";"9";"279";"0"
"2023";"01";"140301";"LAMBAYEQUE";"LAMBAYEQUE";"LAMBAYEQUE";"GOBIERNO REGIONAL";"II-1";"00004370";"HOSPITAL BELEN - LAMBAYEQUE";"242300";"HOSPITALIZACIÓN DE PEDIATRÍA  PEDIATRÍA  GENERAL ";"40";"44";"19614";"446";"16";"496";"0"
"2023";"01";"140301";"LAMBAYEQUE";"LAMBAYEQUE";"LAMBAYEQUE";"GOBIERNO REGIONAL";"II-1";"00004370";"HOSPITAL BELEN - LAMBAYEQUE";"243200";"HOSPITALIZACIÓN DE PEDIATRÍA PEDIATRIA NEONATOLOGÍA";"254";"262";"887";"3";"20";"620";"0"
"2023";"02";"230301";"TACNA";"JORGE BASADRE";"LOCUMBA";"ESSALUD";"I-2";"00018550";"CENTRO DE ATENCION PRIMARIA  I  LOCUMBA";"NE_0001";"";"NE_0001";"NE_0001";"NE_0001";"NE_0001";"NE_0001";"NE_0001";"NE_0001"
"2023";"03";"060401";"CAJAMARCA";"CHOTA";"CHOTA";"SANIDAD DE LA POLICIA NACIONAL DEL PERU";"I-2";"00010929";"POSTA MEDICA POLICIAL CHOTA";"NE_0001";"";"NE_0001";"NE_0001";"NE_0001";"NE_0001";"NE_0001";"NE_0001";"NE_0001"
"2023";"03";"070101";"CALLAO";"CALLAO";"CALLAO";"SANIDAD DE LA POLICIA NACIONAL DEL PERU";"I-2";"00010610";"POSTA MEDICA POLICIAL SEDE DIRAVPOL";"NE_0001";"";"NE_0001";"NE_0001";"NE_0001";"NE_0001";"NE_0001";"NE_0001";"NE_0001"
"2023";"01";"040703";"AREQUIPA";"ISLAY";"DEAN VALDIVIA";"GOBIERNO REGIONAL";"I-3";"00001449";"CENTRO DE SALUD LA CURVA";"NE_0001";"";"NE_0001";"NE_0001";"NE_0001";"NE_0001";"NE_0001";"NE_0001";"NE_0001"
"2023";"01";"040703";"AREQUIPA";"ISLAY";"DEAN VALDIVIA";"GOBIERNO REGIONAL";"I-2";"00001450";"PUESTO DE SALUD ALTO ENSENADA";"NE_0001";"";"NE_0001";"NE_0001";"NE_0001";"NE_0001";"NE_0001";"NE_0001";"NE_0001"
"2023";"01";"040703";"AREQUIPA";"ISLAY";"DEAN VALDIVIA";"GOBIERNO REGIONAL";"I-2";"00001451";"PUESTO DE SALUD EL ARENAL";"NE_0001";"";"NE_0001";"NE_0001";"NE_0001";"NE_0001";"NE_0001";"NE_0001";"NE_0001"
"2023";"01";"040706";"AREQUIPA";"ISLAY";"PUNTA DE BOMBON";"GOBIERNO REGIONAL";"I-3";"00001446";"CENTRO DE SALUD LA PUNTA";"NE_0001";"";"NE_0001";"NE_0001";"NE_0001";"NE_0001";"NE_0001";"NE_0001";"NE_0001"
"2023";"02";"050204";"AYACUCHO";"CANGALLO";"MARIA PARADO DE BELLIDO";"GOBIERNO REGIONAL";"I-1";"00007303";"PUESTO DE SALUD ÑUÑUNHUAYCCO";"NE_0001";"";"NE_0001";"NE_0001";"NE_0001";"NE_0001";"NE_0001";"NE_0001";"NE_0001"
"2023";"02";"050203";"AYACUCHO";"CANGALLO";"LOS MOROCHUCOS";"GOBIERNO REGIONAL";"I-1";"00017085";"PUESTO DE SALUD HUALLCHANCCA";"NE_0001";"";"NE_0001";"NE_0001";"NE_0001";"NE_0001";"NE_0001";"NE_0001";"NE_0001"
"2023";"02";"050201";"AYACUCHO";"CANGALLO";"CANGALLO";"GOBIERNO REGIONAL";"I-1";"00003506";"PUESTO DE SALUD INCARACCAY";"NE_0001";"";"NE_0001";"NE_0001";"NE_0001";"NE_0001";"NE_0001";"NE_0001";"NE_0001"
"2023";"02";"050201";"AYACUCHO";"CANGALLO";"CANGALLO";"GOBIERNO REGIONAL";"I-1";"00006607";"PUESTO DE SALUD CHICHUCANCHA";"NE_0001";"";"NE_0001";"NE_0001";"NE_0001";"NE_0001";"NE_0001";"NE_0001";"NE_0001"
"2023";"02";"050203";"AYACUCHO";"CANGALLO";"LOS MOROCHUCOS";"GOBIERNO REGIONAL";"I-1";"00007302";"PUESTO DE SALUD SATICA";"NE_0001";"";"NE_0001";"NE_0001";"NE_0001";"NE_0001";"NE_0001";"NE_0001";"NE_0001"
"2023";"02";"050201";"AYACUCHO";"CANGALLO";"CANGALLO";"GOBIERNO REGIONAL";"I-1";"00003496";"PUESTO DE SALUD HUANCARUCMA";"NE_0001";"";"NE_0001";"NE_0001";"NE_0001";"NE_0001";"NE_0001";"NE_0001";"NE_0001"
"2023";"02";"050201";"AYACUCHO";"CANGALLO";"CANGALLO";"GOBIERNO REGIONAL";"I-1";"00003497";"PUESTO DE SALUD PUTICA";"NE_0001";"";"NE_0001";"NE_0001";"NE_0001";"NE_0001";"NE_0001";"NE_0001";"NE_0001"
"2023";"02";"050203";"AYACUCHO";"CANGALLO";"LOS MOROCHUCOS";"GOBIERNO REGIONAL";"I-4";"00003507";"CENTRO DE SALUD PAMPA CANGALLO";"240100";"HOSPITALIZACIÓN QUIRÚRGICA CIRUGÍA GENERAL ";"22";"8";"8";"7";"7";"9";"0"
"2023";"02";"050203";"AYACUCHO";"CANGALLO";"LOS MOROCHUCOS";"GOBIERNO REGIONAL";"I-2";"00003508";"PUESTO DE SALUD CHANQUIL";"NE_0001";"";"NE_0001";"NE_0001";"NE_0001";"NE_0001";"NE_0001";"NE_0001";"NE_0001"
"2023";"02";"050201";"AYACUCHO";"CANGALLO";"CANGALLO";"GOBIERNO REGIONAL";"I-1";"00003495";"PUESTO DE SALUD HUAHUAPUQUIO";"NE_0001";"";"NE_0001";"NE_0001";"NE_0001";"NE_0001";"NE_0001";"NE_0001";"NE_0001"
"2023";"02";"130502";"LA LIBERTAD";"JULCAN";"CALAMARCA";"GOBIERNO REGIONAL";"I-2";"00007247";"BARRO NEGRO";"NE_0001";"";"NE_0001";"NE_0001";"NE_0001";"NE_0001";"NE_0001";"NE_0001";"NE_0001"
"2023";"02";"130502";"LA LIBERTAD";"JULCAN";"CALAMARCA";"GOBIERNO REGIONAL";"I-4";"00005308";"CALAMARCA";"NE_0001";"";"NE_0001";"NE_0001";"NE_0001";"NE_0001";"NE_0001";"NE_0001";"NE_0001"
"2023";"02";"130502";"LA LIBERTAD";"JULCAN";"CALAMARCA";"GOBIERNO REGIONAL";"I-1";"00007248";"CHAZKA";"NE_0001";"";"NE_0001";"NE_0001";"NE_0001";"NE_0001";"NE_0001";"NE_0001";"NE_0001"
"2023";"02";"130502";"LA LIBERTAD";"JULCAN";"CALAMARCA";"GOBIERNO REGIONAL";"I-1";"00016424";"HUAGAL";"NE_0001";"";"NE_0001";"NE_0001";"NE_0001";"NE_0001";"NE_0001";"NE_0001";"NE_0001"
"2023";"02";"130502";"LA LIBERTAD";"JULCAN";"CALAMARCA";"GOBIERNO REGIONAL";"I-3";"00005309";"SICCHAL";"NE_0001";"";"NE_0001";"NE_0001";"NE_0001";"NE_0001";"NE_0001";"NE_0001";"NE_0001"
"2023";"02";"150501";"LIMA";"CAÑETE";"SAN VICENTE DE CAÑETE";"ESSALUD";"II-1";"00010536";"HOSPITAL II CAÑETE";"241800";"HOSPITALIZACIÓN DE MEDICINA MEDICINA GENERAL ";"84";"73";"433";"459";"20";"554";"7"
"2023";"02";"150501";"LIMA";"CAÑETE";"SAN VICENTE DE CAÑETE";"ESSALUD";"II-1";"00010536";"HOSPITAL II CAÑETE";"240100";"HOSPITALIZACIÓN QUIRÚRGICA CIRUGÍA GENERAL ";"78";"80";"274";"273";"10";"308";"0"
"2023";"02";"150501";"LIMA";"CAÑETE";"SAN VICENTE DE CAÑETE";"ESSALUD";"II-1";"00010536";"HOSPITAL II CAÑETE";"241600";"HOSPITALIZACIÓN QUIRÚRGICA OBSTETRICIA   ";"76";"80";"167";"154";"8";"223";"0"
"2023";"02";"150501";"LIMA";"CAÑETE";"SAN VICENTE DE CAÑETE";"ESSALUD";"II-1";"00010536";"HOSPITAL II CAÑETE";"241500";"HOSPITALIZACIÓN QUIRÚRGICA GINECOLOGÍA  ";"0";"1";"2";"2";"2";"36";"0"
"2023";"02";"150501";"LIMA";"CAÑETE";"SAN VICENTE DE CAÑETE";"ESSALUD";"II-1";"00010536";"HOSPITAL II CAÑETE";"242500";"HOSPITALIZACIÓN-PEDIATRÍA GENERAL-";"27";"27";"90";"86";"4";"113";"0"
"2023";"02";"040126";"AREQUIPA";"AREQUIPA";"YANAHUARA";"PRIVADO";"II-E";"00018935";"CEFERGIN";"241400";"HOSPITALIZACIÓN QUIRÚRGICA GINECO - OBSTETRICIA ";"5";"5";"5";"5";"2";"51";"0"
"2023";"02";"061112";"CAJAMARCA";"SAN MIGUEL";"TONGOD";"GOBIERNO REGIONAL";"I-1";"00007085";"PISIT";"NE_0001";"";"NE_0001";"NE_0001";"NE_0001";"NE_0001";"NE_0001";"NE_0001";"NE_0001"
"2023";"02";"061112";"CAJAMARCA";"SAN MIGUEL";"TONGOD";"GOBIERNO REGIONAL";"I-1";"00008751";"LA CORONILLA";"NE_0001";"";"NE_0001";"NE_0001";"NE_0001";"NE_0001";"NE_0001";"NE_0001";"NE_0001"
"2023";"02";"061112";"CAJAMARCA";"SAN MIGUEL";"TONGOD";"GOBIERNO REGIONAL";"I-3";"00004607";"TONGOD";"NE_0001";"";"NE_0001";"NE_0001";"NE_0001";"NE_0001";"NE_0001";"NE_0001";"NE_0001"
"2023";"02";"060807";"CAJAMARCA";"JAEN";"POMAHUACA";"GOBIERNO REGIONAL";"I-1";"00016134";"COLAGUAY";"NE_0001";"";"NE_0001";"NE_0001";"NE_0001";"NE_0001";"NE_0001";"NE_0001";"NE_0001"
"2023";"02";"060807";"CAJAMARCA";"JAEN";"POMAHUACA";"GOBIERNO REGIONAL";"I-1";"00027935";"TAYAS";"NE_0001";"";"NE_0001";"NE_0001";"NE_0001";"NE_0001";"NE_0001";"NE_0001";"NE_0001"
"2023";"02";"060807";"CAJAMARCA";"JAEN";"POMAHUACA";"GOBIERNO REGIONAL";"I-3";"00004247";"POMAHUACA";"NE_0001";"";"NE_0001";"NE_0001";"NE_0001";"NE_0001";"NE_0001";"NE_0001";"NE_0001"
"2023";"02";"060807";"CAJAMARCA";"JAEN";"POMAHUACA";"GOBIERNO REGIONAL";"I-1";"00016139";"YAMBOLON";"NE_0001";"";"NE_0001";"NE_0001";"NE_0001";"NE_0001";"NE_0001";"NE_0001";"NE_0001"
"2023";"02";"060807";"CAJAMARCA";"JAEN";"POMAHUACA";"GOBIERNO REGIONAL";"I-1";"00007166";"MANGAYPA";"NE_0001";"";"NE_0001";"NE_0001";"NE_0001";"NE_0001";"NE_0001";"NE_0001";"NE_0001"
"2023";"02";"080601";"CUSCO";"CANCHIS";"SICUANI";"ESSALUD";"II-1";"00010063";"ESSALUD SICUANI";"240100";"HOSPITALIZACIÓN QUIRÚRGICA CIRUGÍA GENERAL ";"21";"27";"83";"83";"4";"112";"0"
"2023";"02";"080601";"CUSCO";"CANCHIS";"SICUANI";"ESSALUD";"II-1";"00010063";"ESSALUD SICUANI";"241500";"HOSPITALIZACIÓN QUIRÚRGICA GINECOLOGÍA  ";"29";"29";"56";"56";"2";"56";"0"
"2023";"02";"080601";"CUSCO";"CANCHIS";"SICUANI";"ESSALUD";"II-1";"00010063";"ESSALUD SICUANI";"241900";"HOSPITALIZACIÓN DE MEDICINA MEDICINA INTERNA ";"32";"33";"103";"102";"8";"224";"0"
"2023";"02";"080601";"CUSCO";"CANCHIS";"SICUANI";"ESSALUD";"II-1";"00010063";"ESSALUD SICUANI";"241600";"HOSPITALIZACIÓN QUIRÚRGICA OBSTETRICIA   ";"2";"4";"5";"5";"2";"56";"0"
"2023";"02";"080601";"CUSCO";"CANCHIS";"SICUANI";"ESSALUD";"II-1";"00010063";"ESSALUD SICUANI";"242300";"HOSPITALIZACIÓN DE PEDIATRÍA  PEDIATRÍA  GENERAL ";"4";"4";"15";"15";"2";"56";"0"
"2023";"02";"040105";"AREQUIPA";"AREQUIPA";"CHARACATO";"GOBIERNO REGIONAL";"I-3";"00001261";"CENTRO DE SALUD DE CHARACATO";"NE_0001";"";"NE_0001";"NE_0001";"NE_0001";"NE_0001";"NE_0001";"NE_0001";"NE_0001"
"2023";"02";"040113";"AREQUIPA";"AREQUIPA";"POCSI";"GOBIERNO REGIONAL";"I-1";"00001289";"PUESTO DE SALUD PIACA";"NE_0001";"";"NE_0001";"NE_0001";"NE_0001";"NE_0001";"NE_0001";"NE_0001";"NE_0001"
"2023";"02";"040111";"AREQUIPA";"AREQUIPA";"MOLLEBAYA";"GOBIERNO REGIONAL";"I-2";"00001285";"PUESTO DE SALUD MOLLEBAYA";"NE_0001";"";"NE_0001";"NE_0001";"NE_0001";"NE_0001";"NE_0001";"NE_0001";"NE_0001"
"2023";"02";"040114";"AREQUIPA";"AREQUIPA";"POLOBAYA";"GOBIERNO REGIONAL";"I-2";"00001262";"PUESTO DE SALUD POLOBAYA";"NE_0001";"";"NE_0001";"NE_0001";"NE_0001";"NE_0001";"NE_0001";"NE_0001";"NE_0001"
"2023";"02";"040116";"AREQUIPA";"AREQUIPA";"SABANDIA";"GOBIERNO REGIONAL";"I-2";"00001284";"PUESTO DE SALUD LEOPOLDO RONDON - SABANDIA";"NE_0001";"";"NE_0001";"NE_0001";"NE_0001";"NE_0001";"NE_0001";"NE_0001";"NE_0001"
"2023";"02";"040111";"AREQUIPA";"AREQUIPA";"MOLLEBAYA";"GOBIERNO REGIONAL";"I-2";"00011677";"PUESTO DE SALUD MACHAHUAYA";"NE_0001";"";"NE_0001";"NE_0001";"NE_0001";"NE_0001";"NE_0001";"NE_0001";"NE_0001"
"2023";"02";"040127";"AREQUIPA";"AREQUIPA";"YARABAMBA";"GOBIERNO REGIONAL";"I-2";"00001287";"PUESTO DE SALUD YARABAMBA";"NE_0001";"";"NE_0001";"NE_0001";"NE_0001";"NE_0001";"NE_0001";"NE_0001";"NE_0001"
"2023";"02";"040113";"AREQUIPA";"AREQUIPA";"POCSI";"GOBIERNO REGIONAL";"I-1";"00001288";"PUESTO DE SALUD POCSI";"NE_0001";"";"NE_0001";"NE_0001";"NE_0001";"NE_0001";"NE_0001";"NE_0001";"NE_0001"
"2023";"02";"040115";"AREQUIPA";"AREQUIPA";"QUEQUEÑA";"GOBIERNO REGIONAL";"I-2";"00001286";"PUESTO DE SALUD QUEQUEÑA";"NE_0001";"";"NE_0001";"NE_0001";"NE_0001";"NE_0001";"NE_0001";"NE_0001";"NE_0001"
"2023";"02";"220909";"SAN MARTIN";"SAN MARTIN";"LA BANDA DE SHILCAYO";"GOBIERNO REGIONAL";"I-1";"00006365";"PUESTO DE SALUD BELLO HORIZONTE";"NE_0001";"";"NE_0001";"NE_0001";"NE_0001";"NE_0001";"NE_0001";"NE_0001";"NE_0001"
"2023";"02";"220909";"SAN MARTIN";"SAN MARTIN";"LA BANDA DE SHILCAYO";"GOBIERNO REGIONAL";"I-1";"00006367";"LA UNION (SANIRARCA)";"NE_0001";"";"NE_0001";"NE_0001";"NE_0001";"NE_0001";"NE_0001";"NE_0001";"NE_0001"
"2023";"02";"220909";"SAN MARTIN";"SAN MARTIN";"LA BANDA DE SHILCAYO";"GOBIERNO REGIONAL";"I-1";"00006366";"LAS PALMAS";"NE_0001";"";"NE_0001";"NE_0001";"NE_0001";"NE_0001";"NE_0001";"NE_0001";"NE_0001"
"2023";"02";"220909";"SAN MARTIN";"SAN MARTIN";"LA BANDA DE SHILCAYO";"GOBIERNO REGIONAL";"I-1";"00006368";"PROGRESO KM.30";"NE_0001";"";"NE_0001";"NE_0001";"NE_0001";"NE_0001";"NE_0001";"NE_0001";"NE_0001"
"2023";"02";"220909";"SAN MARTIN";"SAN MARTIN";"LA BANDA DE SHILCAYO";"GOBIERNO REGIONAL";"I-1";"00006369";"SAN JOSE KM.34";"NE_0001";"";"NE_0001";"NE_0001";"NE_0001";"NE_0001";"NE_0001";"NE_0001";"NE_0001"
"2023";"02";"220909";"SAN MARTIN";"SAN MARTIN";"LA BANDA DE SHILCAYO";"GOBIERNO REGIONAL";"I-3";"00026698";"CENTRO DE SALUD MENTAL COMUNITARIO ""LA BANDA DE SHILCAYO""";"NE_0001";"";"NE_0001";"NE_0001";"NE_0001";"NE_0001";"NE_0001";"NE_0001";"NE_0001"
"2023";"02";"150101";"LIMA";"LIMA";"LIMA";"PRIVADO";"II-E";"00009483";"OCULASER SAC";"NE_0001";"";"NE_0001";"NE_0001";"NE_0001";"NE_0001";"NE_0001";"NE_0001";"NE_0001"
"2023";"02";"060605";"CAJAMARCA";"CUTERVO";"LA RAMADA";"GOBIERNO REGIONAL";"I-1";"00006947";"LAGUNA";"NE_0001";"";"NE_0001";"NE_0001";"NE_0001";"NE_0001";"NE_0001";"NE_0001";"NE_0001"
"2023";"02";"060609";"CAJAMARCA";"CUTERVO";"SAN JUAN DE CUTERVO";"GOBIERNO REGIONAL";"I-1";"00007103";"SANTA ROSA DE SAN JUAN";"NE_0001";"";"NE_0001";"NE_0001";"NE_0001";"NE_0001";"NE_0001";"NE_0001";"NE_0001"
"2023";"02";"060605";"CAJAMARCA";"CUTERVO";"LA RAMADA";"GOBIERNO REGIONAL";"I-3";"00005027";"LA RAMADA";"NE_0001";"";"NE_0001";"NE_0001";"NE_0001";"NE_0001";"NE_0001";"NE_0001";"NE_0001"
"2023";"02";"150142";"LIMA";"LIMA";"VILLA EL SALVADOR";"MINSA";"II-2";"00023159";"HOSPITAL DE EMERGENCIAS VILLA EL SALVADOR";"242205";"HOSPITALIZACIÓN MEDICINA PSIQUIATRÍA PISIQUIATRIA/ SALUD MENTAL Y ADICCIONES";"3";"2";"45";"92";"4";"112";"0"
"2023";"02";"150142";"LIMA";"LIMA";"VILLA EL SALVADOR";"MINSA";"II-2";"00023159";"HOSPITAL DE EMERGENCIAS VILLA EL SALVADOR";"241500";"HOSPITALIZACIÓN QUIRÚRGICA GINECOLOGÍA  ";"44";"14";"62";"69";"3";"84";"1"
"2023";"02";"150142";"LIMA";"LIMA";"VILLA EL SALVADOR";"MINSA";"II-2";"00023159";"HOSPITAL DE EMERGENCIAS VILLA EL SALVADOR";"241800";"HOSPITALIZACIÓN DE MEDICINA MEDICINA GENERAL ";"139";"110";"1345";"1321";"48";"1344";"17"
"2023";"02";"150142";"LIMA";"LIMA";"VILLA EL SALVADOR";"MINSA";"II-2";"00023159";"HOSPITAL DE EMERGENCIAS VILLA EL SALVADOR";"241600";"HOSPITALIZACIÓN QUIRÚRGICA OBSTETRICIA   ";"528";"404";"1039";"927";"42";"1176";"0"
"2023";"02";"150142";"LIMA";"LIMA";"VILLA EL SALVADOR";"MINSA";"II-2";"00023159";"HOSPITAL DE EMERGENCIAS VILLA EL SALVADOR";"242300";"HOSPITALIZACIÓN DE PEDIATRÍA  PEDIATRÍA  GENERAL ";"169";"148";"552";"542";"24";"672";"0"
"2023";"02";"150142";"LIMA";"LIMA";"VILLA EL SALVADOR";"MINSA";"II-2";"00023159";"HOSPITAL DE EMERGENCIAS VILLA EL SALVADOR";"240100";"HOSPITALIZACIÓN QUIRÚRGICA CIRUGÍA GENERAL ";"262";"171";"1321";"1337";"48";"1344";"1"
"2023";"02";"150142";"LIMA";"LIMA";"VILLA EL SALVADOR";"MINSA";"II-2";"00023159";"HOSPITAL DE EMERGENCIAS VILLA EL SALVADOR";"250100";"UNIDAD DE CUIDADOS CRITICOS UNIDAD  DE CUIDADOS INTENSIVOS GENERALES (UCI) ";"175";"54";"731";"711";"31";"868";"17"
"2023";"02";"150142";"LIMA";"LIMA";"VILLA EL SALVADOR";"MINSA";"II-2";"00023159";"HOSPITAL DE EMERGENCIAS VILLA EL SALVADOR";"250108";"UNIDAD DE CUIDADOS CRITICOS UNIDAD  DE CUIDADOS INTENSIVOS  (UCI) PEDIÁTRICA";"11";"0";"64";"123";"6";"168";"0"
"2023";"02";"150142";"LIMA";"LIMA";"VILLA EL SALVADOR";"MINSA";"II-2";"00023159";"HOSPITAL DE EMERGENCIAS VILLA EL SALVADOR";"250105";"UNIDAD DE CUIDADOS CRITICOS UNIDAD  DE CUIDADOS INTENSIVOS  (UCI) NEONATOLOGÍA";"28";"5";"192";"212";"8";"224";"4"
"2023";"02";"150142";"LIMA";"LIMA";"VILLA EL SALVADOR";"MINSA";"II-2";"00023159";"HOSPITAL DE EMERGENCIAS VILLA EL SALVADOR";"250201";"UNIDAD DE CUIDADOS CRITICOS UNIDAD DE CUIDADOS INTERMEDIOS  (UCIN) NEONATAL";"97";"64";"342";"468";"16";"486";"0"
"2023";"02";"150142";"LIMA";"LIMA";"VILLA EL SALVADOR";"MINSA";"II-2";"00023159";"HOSPITAL DE EMERGENCIAS VILLA EL SALVADOR";"241500";"HOSPITALIZACIÓN QUIRÚRGICA GINECOLOGÍA  ";"153";"80";"205";"221";"9";"252";"0"
"2023";"02";"220801";"SAN MARTIN";"RIOJA";"RIOJA";"ESSALUD";"I-4";"00021003";"CENTRO MEDICO RIOJA - ESSALUD";"241800";"HOSPITALIZACIÓN DE MEDICINA MEDICINA GENERAL ";"19";"18";"71";"69";"4";"112";"0"
"2023";"02";"220801";"SAN MARTIN";"RIOJA";"RIOJA";"ESSALUD";"I-4";"00021003";"CENTRO MEDICO RIOJA - ESSALUD";"240100";"HOSPITALIZACIÓN QUIRÚRGICA CIRUGÍA GENERAL ";"4";"4";"12";"12";"1";"28";"0"
"2023";"02";"220801";"SAN MARTIN";"RIOJA";"RIOJA";"ESSALUD";"I-4";"00021003";"CENTRO MEDICO RIOJA - ESSALUD";"241500";"HOSPITALIZACIÓN QUIRÚRGICA GINECOLOGÍA  ";"3";"3";"14";"14";"1";"28";"0"
"2023";"02";"220801";"SAN MARTIN";"RIOJA";"RIOJA";"ESSALUD";"I-4";"00021003";"CENTRO MEDICO RIOJA - ESSALUD";"241600";"HOSPITALIZACIÓN QUIRÚRGICA OBSTETRICIA   ";"7";"7";"15";"15";"2";"56";"0"
"2023";"02";"220801";"SAN MARTIN";"RIOJA";"RIOJA";"ESSALUD";"I-4";"00021003";"CENTRO MEDICO RIOJA - ESSALUD";"242300";"HOSPITALIZACIÓN DE PEDIATRÍA  PEDIATRÍA  GENERAL ";"4";"4";"7";"7";"2";"56";"0"
"2023";"02";"120417";"JUNIN";"JAUJA";"MASMA CHICCHE";"GOBIERNO REGIONAL";"I-1";"00000395";"MASMA CHICCHE";"NE_0001";"";"NE_0001";"NE_0001";"NE_0001";"NE_0001";"NE_0001";"NE_0001";"NE_0001"
"2023";"02";"150117";"LIMA";"LIMA";"LOS OLIVOS";"PRIVADO";"II-E";"00018307";"CLINICA MARIA SRL";"240100";"HOSPITALIZACIÓN QUIRÚRGICA CIRUGÍA GENERAL ";"42";"42";"55";"55";"8";"169";"0"
"2023";"02";"200110";"PIURA";"PIURA";"LA UNION";"ESSALUD";"I-3";"00011733";"CENTRO MEDICO ""LEONCIO AMAYA TUME""";"NE_0001";"";"NE_0001";"NE_0001";"NE_0001";"NE_0001";"NE_0001";"NE_0001";"NE_0001"
"2023";"02";"061110";"CAJAMARCA";"SAN MIGUEL";"SAN GREGORIO";"GOBIERNO REGIONAL";"I-1";"00004535";"EL SAUCE";"NE_0001";"";"NE_0001";"NE_0001";"NE_0001";"NE_0001";"NE_0001";"NE_0001";"NE_0001"
"2023";"02";"061108";"CAJAMARCA";"SAN MIGUEL";"NANCHOC";"GOBIERNO REGIONAL";"I-1";"00004533";"CARAHUASI";"NE_0001";"";"NE_0001";"NE_0001";"NE_0001";"NE_0001";"NE_0001";"NE_0001";"NE_0001"
"2023";"02";"061110";"CAJAMARCA";"SAN MIGUEL";"SAN GREGORIO";"GOBIERNO REGIONAL";"I-1";"00004536";"SAN GREGORIO";"NE_0001";"";"NE_0001";"NE_0001";"NE_0001";"NE_0001";"NE_0001";"NE_0001";"NE_0001"
"2023";"02";"061108";"CAJAMARCA";"SAN MIGUEL";"NANCHOC";"GOBIERNO REGIONAL";"I-3";"00004532";"NANCHOC";"NE_0001";"";"NE_0001";"NE_0001";"NE_0001";"NE_0001";"NE_0001";"NE_0001";"NE_0001"
"2023";"02";"061102";"CAJAMARCA";"SAN MIGUEL";"BOLIVAR";"GOBIERNO REGIONAL";"I-2";"00004534";"BOLIVAR";"NE_0001";"";"NE_0001";"NE_0001";"NE_0001";"NE_0001";"NE_0001";"NE_0001";"NE_0001"
"2023";"02";"061110";"CAJAMARCA";"SAN MIGUEL";"SAN GREGORIO";"GOBIERNO REGIONAL";"I-2";"00004537";"CASA BLANCA";"NE_0001";"";"NE_0001";"NE_0001";"NE_0001";"NE_0001";"NE_0001";"NE_0001";"NE_0001"
"2023";"01";"150121";"LIMA";"LIMA";"PUEBLO LIBRE";"PRIVADO";"II-E";"00011741";"CLÍNICA NORVISION";"NE_0001";"";"NE_0001";"NE_0001";"NE_0001";"NE_0001";"NE_0001";"NE_0001";"NE_0001"
"2023";"01";"090701";"HUANCAVELICA";"TAYACAJA";"PAMPAS";"GOBIERNO REGIONAL";"II-1";"00004074";"HOSPITAL DE PAMPAS";"241800";"HOSPITALIZACIÓN DE MEDICINA MEDICINA GENERAL ";"18";"17";"91";"97";"6";"180";"1"
"2023";"01";"090701";"HUANCAVELICA";"TAYACAJA";"PAMPAS";"GOBIERNO REGIONAL";"II-1";"00004074";"HOSPITAL DE PAMPAS";"240100";"HOSPITALIZACIÓN QUIRÚRGICA CIRUGÍA GENERAL ";"32";"30";"103";"123";"6";"180";"0"
"2023";"01";"090701";"HUANCAVELICA";"TAYACAJA";"PAMPAS";"GOBIERNO REGIONAL";"II-1";"00004074";"HOSPITAL DE PAMPAS";"241400";"HOSPITALIZACIÓN QUIRÚRGICA GINECO - OBSTETRICIA ";"102";"103";"208";"206";"12";"372";"0"
"2023";"01";"090701";"HUANCAVELICA";"TAYACAJA";"PAMPAS";"GOBIERNO REGIONAL";"II-1";"00004074";"HOSPITAL DE PAMPAS";"242500";"HOSPITALIZACIÓN-PEDIATRÍA GENERAL-";"11";"9";"36";"32";"6";"186";"0"
"2023";"01";"090701";"HUANCAVELICA";"TAYACAJA";"PAMPAS";"GOBIERNO REGIONAL";"II-1";"00004074";"HOSPITAL DE PAMPAS";"243200";"HOSPITALIZACIÓN DE PEDIATRÍA PEDIATRIA NEONATOLOGÍA";"16";"15";"45";"52";"6";"180";"0"
"2023";"01";"120410";"JUNIN";"JAUJA";"HUERTAS";"GOBIERNO REGIONAL";"I-1";"00000368";"HUERTAS";"NE_0002";"";"NE_0002";"NE_0002";"NE_0002";"NE_0002";"NE_0002";"NE_0002";"NE_0002"
"2023";"01";"211101";"PUNO";"SAN ROMAN";"JULIACA";"ESSALUD";"II-2";"00009899";"HOSPITAL BASE III JULIACA - ESSALUD - RED ASISTENCIAL JULIACA";"241900";"HOSPITALIZACIÓN DE MEDICINA MEDICINA INTERNA ";"55";"62";"403";"403";"13";"403";"2"
"2023";"01";"211101";"PUNO";"SAN ROMAN";"JULIACA";"ESSALUD";"II-2";"00009899";"HOSPITAL BASE III JULIACA - ESSALUD - RED ASISTENCIAL JULIACA";"244000";"HOSPITALIZACIÓN DE MEDICINA CARDIOLOGIA ";"2";"1";"2";"2";"2";"62";"1"
"2023";"01";"211101";"PUNO";"SAN ROMAN";"JULIACA";"ESSALUD";"II-2";"00009899";"HOSPITAL BASE III JULIACA - ESSALUD - RED ASISTENCIAL JULIACA";"244300";"HOSPITALIZACIÓN DE MEDICINA GASTROENTEROLOGÍA  ";"24";"24";"120";"120";"4";"124";"1"
"2023";"01";"211101";"PUNO";"SAN ROMAN";"JULIACA";"ESSALUD";"II-2";"00009899";"HOSPITAL BASE III JULIACA - ESSALUD - RED ASISTENCIAL JULIACA";"244700";"HOSPITALIZACIÓN DE MEDICINA NEUROLOGIA  ";"3";"5";"30";"30";"2";"62";"0"
"2023";"01";"211101";"PUNO";"SAN ROMAN";"JULIACA";"ESSALUD";"II-2";"00009899";"HOSPITAL BASE III JULIACA - ESSALUD - RED ASISTENCIAL JULIACA";"245300";"HOSPITALIZACIÓN DE MEDICINA NEUMOLOGÍA  ";"1";"5";"92";"92";"8";"248";"2"
"2023";"01";"211101";"PUNO";"SAN ROMAN";"JULIACA";"ESSALUD";"II-2";"00009899";"HOSPITAL BASE III JULIACA - ESSALUD - RED ASISTENCIAL JULIACA";"245500";"HOSPITALIZACIÓN DE MEDICINA REUMATOLOGÍA    ";"2";"1";"5";"5";"1";"31";"0"
"2023";"01";"211101";"PUNO";"SAN ROMAN";"JULIACA";"ESSALUD";"II-2";"00009899";"HOSPITAL BASE III JULIACA - ESSALUD - RED ASISTENCIAL JULIACA";"244200";"HOSPITALIZACIÓN DE MEDICINA ENDOCRINOLOGIA ";"1";"1";"12";"12";"1";"31";"0"
"2023";"01";"211101";"PUNO";"SAN ROMAN";"JULIACA";"ESSALUD";"II-2";"00009899";"HOSPITAL BASE III JULIACA - ESSALUD - RED ASISTENCIAL JULIACA";"240100";"HOSPITALIZACIÓN QUIRÚRGICA CIRUGÍA GENERAL ";"100";"93";"310";"310";"10";"310";"0"
"2023";"01";"211101";"PUNO";"SAN ROMAN";"JULIACA";"ESSALUD";"II-2";"00009899";"HOSPITAL BASE III JULIACA - ESSALUD - RED ASISTENCIAL JULIACA";"240400";"HOSPITALIZACIÓN QUIRÚRGICA CIRUGÍA DE TÓRAX Y CARDIOVASCULAR ";"6";"7";"24";"24";"4";"124";"0"
"2023";"01";"211101";"PUNO";"SAN ROMAN";"JULIACA";"ESSALUD";"II-2";"00009899";"HOSPITAL BASE III JULIACA - ESSALUD - RED ASISTENCIAL JULIACA";"240900";"HOSPITALIZACIÓN QUIRÚRGICA NEUROCIRUGÍA ";"8";"7";"62";"62";"2";"62";"0"
"2023";"01";"211101";"PUNO";"SAN ROMAN";"JULIACA";"ESSALUD";"II-2";"00009899";"HOSPITAL BASE III JULIACA - ESSALUD - RED ASISTENCIAL JULIACA";"241200";"HOSPITALIZACIÓN QUIRÚRGICA TRAUMATOLOGÍA Y ORTOPEDIA ";"27";"27";"124";"124";"4";"124";"0"
"2023";"01";"211101";"PUNO";"SAN ROMAN";"JULIACA";"ESSALUD";"II-2";"00009899";"HOSPITAL BASE III JULIACA - ESSALUD - RED ASISTENCIAL JULIACA";"241100";"HOSPITALIZACIÓN QUIRÚRGICA OTORRINOLARINGOLOGÍA  ";"7";"8";"27";"27";"1";"31";"0"
"2023";"01";"211101";"PUNO";"SAN ROMAN";"JULIACA";"ESSALUD";"II-2";"00009899";"HOSPITAL BASE III JULIACA - ESSALUD - RED ASISTENCIAL JULIACA";"241300";"HOSPITALIZACIÓN QUIRÚRGICA UROLOGÍA  ";"10";"10";"56";"56";"3";"93";"0"
"2023";"01";"211101";"PUNO";"SAN ROMAN";"JULIACA";"ESSALUD";"II-2";"00009899";"HOSPITAL BASE III JULIACA - ESSALUD - RED ASISTENCIAL JULIACA";"241400";"HOSPITALIZACIÓN QUIRÚRGICA GINECO - OBSTETRICIA ";"131";"127";"346";"474";"18";"558";"1"
"2023";"01";"211101";"PUNO";"SAN ROMAN";"JULIACA";"ESSALUD";"II-2";"00009899";"HOSPITAL BASE III JULIACA - ESSALUD - RED ASISTENCIAL JULIACA";"242300";"HOSPITALIZACIÓN DE PEDIATRÍA  PEDIATRÍA  GENERAL ";"38";"34";"119";"467";"16";"496";"0"
"2023";"01";"211101";"PUNO";"SAN ROMAN";"JULIACA";"ESSALUD";"II-2";"00009899";"HOSPITAL BASE III JULIACA - ESSALUD - RED ASISTENCIAL JULIACA";"243200";"HOSPITALIZACIÓN DE PEDIATRÍA PEDIATRIA NEONATOLOGÍA";"75";"84";"279";"279";"9";"279";"0"
"2023";"01";"211101";"PUNO";"SAN ROMAN";"JULIACA";"ESSALUD";"II-2";"00009899";"HOSPITAL BASE III JULIACA - ESSALUD - RED ASISTENCIAL JULIACA";"250100";"UNIDAD DE CUIDADOS CRITICOS UNIDAD  DE CUIDADOS INTENSIVOS GENERALES (UCI) ";"2";"5";"109";"109";"4";"120";"4"
"2023";"01";"021801";"ANCASH";"SANTA";"CHIMBOTE";"PRIVADO";"II-1";"00016552";"CLINICA ROBLES S.A.C.";"240000";"HOSPITALIZACIÓN";"116";"109";"162";"117";"11";"341";"0"
"2023";"01";"080907";"CUSCO";"LA CONVENCION";"KIMBIRI";"GOBIERNO REGIONAL";"II-E";"00002469";"SAN JUAN DE KIMBIRI-VRAEM";"240100";"HOSPITALIZACIÓN QUIRÚRGICA CIRUGÍA GENERAL ";"27";"27";"98";"97";"8";"248";"0"
"2023";"01";"080907";"CUSCO";"LA CONVENCION";"KIMBIRI";"GOBIERNO REGIONAL";"II-E";"00002469";"SAN JUAN DE KIMBIRI-VRAEM";"241400";"HOSPITALIZACIÓN QUIRÚRGICA GINECO - OBSTETRICIA ";"128";"114";"237";"262";"9";"306";"0"
"2023";"01";"080907";"CUSCO";"LA CONVENCION";"KIMBIRI";"GOBIERNO REGIONAL";"II-E";"00002469";"SAN JUAN DE KIMBIRI-VRAEM";"241800";"HOSPITALIZACIÓN DE MEDICINA MEDICINA GENERAL ";"18";"18";"72";"69";"4";"128";"2"
"2023";"01";"080907";"CUSCO";"LA CONVENCION";"KIMBIRI";"GOBIERNO REGIONAL";"II-E";"00002469";"SAN JUAN DE KIMBIRI-VRAEM";"242500";"HOSPITALIZACIÓN-PEDIATRÍA GENERAL-";"44";"42";"137";"142";"12";"372";"0"
"2023";"01";"150122";"LIMA";"LIMA";"MIRAFLORES";"PRIVADO";"II-E";"00011750";"CLINICA LOS ANDES SAC";"240000";"HOSPITALIZACIÓN";"59";"54";"89";"96";"15";"465";"0"
"2023";"01";"210101";"PUNO";"PUNO";"PUNO";"GOBIERNO REGIONAL";"I-4";"00003254";"JOSE ANTONIO ENCINAS";"241600";"HOSPITALIZACIÓN QUIRÚRGICA OBSTETRICIA   ";"17";"17";"27";"29";"5";"186";"0"
"2023";"02";"010401";"AMAZONAS";"CONDORCANQUI";"NIEVA";"GOBIERNO REGIONAL";"II-1";"00005145";"SANTA MARIA DE NIEVA";"240100";"HOSPITALIZACIÓN QUIRÚRGICA CIRUGÍA GENERAL ";"8";"8";"18";"4";"2";"10";"0"
"2023";"02";"010401";"AMAZONAS";"CONDORCANQUI";"NIEVA";"GOBIERNO REGIONAL";"II-1";"00005145";"SANTA MARIA DE NIEVA";"241400";"HOSPITALIZACIÓN QUIRÚRGICA GINECO - OBSTETRICIA ";"39";"42";"97";"8";"12";"20";"0"
"2023";"02";"010401";"AMAZONAS";"CONDORCANQUI";"NIEVA";"GOBIERNO REGIONAL";"II-1";"00005145";"SANTA MARIA DE NIEVA";"241800";"HOSPITALIZACIÓN DE MEDICINA MEDICINA GENERAL ";"46";"47";"114";"12";"8";"32";"0"
"2023";"02";"010401";"AMAZONAS";"CONDORCANQUI";"NIEVA";"GOBIERNO REGIONAL";"II-1";"00005145";"SANTA MARIA DE NIEVA";"242500";"HOSPITALIZACIÓN-PEDIATRÍA GENERAL-";"13";"13";"28";"4";"2";"8";"0"
"2023";"02";"021303";"ANCASH";"MARISCAL LUZURIAGA";"ELEAZAR GUZMAN BARRON";"GOBIERNO REGIONAL";"I-1";"00001787";"PUESTO DE SALUD PUMPA";"NE_0002";"";"NE_0002";"NE_0002";"NE_0002";"NE_0002";"NE_0002";"NE_0002";"NE_0002"
"2023";"02";"021305";"ANCASH";"MARISCAL LUZURIAGA";"LLAMA";"GOBIERNO REGIONAL";"I-2";"00001788";"PUESTO DE SALUD LLAMA";"NE_0002";"";"NE_0002";"NE_0002";"NE_0002";"NE_0002";"NE_0002";"NE_0002";"NE_0002"
"2023";"02";"021304";"ANCASH";"MARISCAL LUZURIAGA";"FIDEL OLIVAS ESCUDERO";"GOBIERNO REGIONAL";"I-1";"00001793";"PUESTO DE SALUD SANASHGAN";"NE_0002";"";"NE_0002";"NE_0002";"NE_0002";"NE_0002";"NE_0002";"NE_0002";"NE_0002"
"2023";"02";"021308";"ANCASH";"MARISCAL LUZURIAGA";"MUSGA";"GOBIERNO REGIONAL";"I-1";"00001792";"PUESTO DE SALUD MUSGA";"NE_0002";"";"NE_0002";"NE_0002";"NE_0002";"NE_0002";"NE_0002";"NE_0002";"NE_0002"
"2023";"02";"021301";"ANCASH";"MARISCAL LUZURIAGA";"PISCOBAMBA";"GOBIERNO REGIONAL";"I-4";"00001783";"CENTRO DE SALUD PISCOBAMBA";"NE_0002";"";"NE_0002";"NE_0002";"NE_0002";"NE_0002";"NE_0002";"NE_0002";"NE_0002"
"2023";"02";"021304";"ANCASH";"MARISCAL LUZURIAGA";"FIDEL OLIVAS ESCUDERO";"GOBIERNO REGIONAL";"I-1";"00001794";"PUESTO DE SALUD PARCO";"NE_0002";"";"NE_0002";"NE_0002";"NE_0002";"NE_0002";"NE_0002";"NE_0002";"NE_0002"
"2023";"02";"021306";"ANCASH";"MARISCAL LUZURIAGA";"LLUMPA";"GOBIERNO REGIONAL";"I-2";"00001789";"PUESTO DE SALUD LLUMPA";"NE_0002";"";"NE_0002";"NE_0002";"NE_0002";"NE_0002";"NE_0002";"NE_0002";"NE_0002"
"2023";"02";"021301";"ANCASH";"MARISCAL LUZURIAGA";"PISCOBAMBA";"GOBIERNO REGIONAL";"I-1";"00001784";"PUESTO DE SALUD SOCOSBAMBA";"NE_0002";"";"NE_0002";"NE_0002";"NE_0002";"NE_0002";"NE_0002";"NE_0002";"NE_0002"
"2023";"02";"021801";"ANCASH";"SANTA";"CHIMBOTE";"PRIVADO";"II-1";"00010987";"INSTITUTO MEDICO ESPECIALIZADO UROGINEC EIRL";"240000";"HOSPITALIZACIÓN";"23";"28";"29";"27";"7";"196";"0"
"2023";"02";"220910";"SAN MARTIN";"SAN MARTIN";"MORALES";"ESSALUD";"I-2";"00027730";"CENTRO DE ATENCIÓN PRIMARIA MORALES - ESSALUD";"NE_0001";"";"NE_0001";"NE_0001";"NE_0001";"NE_0001";"NE_0001";"NE_0001";"NE_0001"
"2023";"02";"110112";"ICA";"ICA";"SUBTANJALLA";"ESSALUD";"I-3";"00011967";"MACACONA";"NE_0001";"";"NE_0001";"NE_0001";"NE_0001";"NE_0001";"NE_0001";"NE_0001";"NE_0001"
"2023";"02";"220101";"SAN MARTIN";"MOYOBAMBA";"MOYOBAMBA";"ESSALUD";"II-1";"00015598";"HOSPITAL I ALTO MAYO";"242300";"HOSPITALIZACIÓN DE PEDIATRÍA  PEDIATRÍA  GENERAL ";"14";"12";"48";"44";"2";"56";"0"
"2023";"02";"220205";"SAN MARTIN";"BELLAVISTA";"SAN PABLO";"GOBIERNO REGIONAL";"I-1";"00006507";"FAUSA SAPINA";"NE_0001";"";"NE_0001";"NE_0001";"NE_0001";"NE_0001";"NE_0001";"NE_0001";"NE_0001"
"2023";"02";"120124";"JUNIN";"HUANCAYO";"PARIAHUANCA";"GOBIERNO REGIONAL";"I-3";"00000736";"PARIAHUANCA";"NE_0001";"";"NE_0001";"NE_0001";"NE_0001";"NE_0001";"NE_0001";"NE_0001";"NE_0001"
"2023";"02";"120124";"JUNIN";"HUANCAYO";"PARIAHUANCA";"GOBIERNO REGIONAL";"I-2";"00000739";"SAN BALVIN";"NE_0001";"";"NE_0001";"NE_0001";"NE_0001";"NE_0001";"NE_0001";"NE_0001";"NE_0001"
"2023";"02";"120124";"JUNIN";"HUANCAYO";"PARIAHUANCA";"GOBIERNO REGIONAL";"I-1";"00000740";"ANTARPA";"NE_0001";"";"NE_0001";"NE_0001";"NE_0001";"NE_0001";"NE_0001";"NE_0001";"NE_0001"
"2023";"02";"120124";"JUNIN";"HUANCAYO";"PARIAHUANCA";"GOBIERNO REGIONAL";"I-1";"00015577";"NUEVO OCCORO";"NE_0001";"";"NE_0001";"NE_0001";"NE_0001";"NE_0001";"NE_0001";"NE_0001";"NE_0001"
"2023";"02";"120101";"JUNIN";"HUANCAYO";"HUANCAYO";"GOBIERNO REGIONAL";"I-2";"00000730";"VILCACOTO";"NE_0001";"";"NE_0001";"NE_0001";"NE_0001";"NE_0001";"NE_0001";"NE_0001";"NE_0001"
"2023";"02";"120101";"JUNIN";"HUANCAYO";"HUANCAYO";"GOBIERNO REGIONAL";"I-2";"00000731";"PALIAN";"NE_0001";"";"NE_0001";"NE_0001";"NE_0001";"NE_0001";"NE_0001";"NE_0001";"NE_0001"
"2023";"02";"120124";"JUNIN";"HUANCAYO";"PARIAHUANCA";"GOBIERNO REGIONAL";"I-2";"00000737";"LAMPA";"NE_0001";"";"NE_0001";"NE_0001";"NE_0001";"NE_0001";"NE_0001";"NE_0001";"NE_0001"
"2023";"02";"120124";"JUNIN";"HUANCAYO";"PARIAHUANCA";"GOBIERNO REGIONAL";"I-1";"00012471";"HUAYCHULA";"NE_0001";"";"NE_0001";"NE_0001";"NE_0001";"NE_0001";"NE_0001";"NE_0001";"NE_0001"
"2023";"02";"150140";"LIMA";"LIMA";"SANTIAGO DE SURCO";"PRIVADO";"III-1";"00009988";"CLINICA SAN PABLO SAC";"240000";"HOSPITALIZACIÓN";"521";"516";"1689";"1953";"101";"2828";"5"
"2023";"02";"150140";"LIMA";"LIMA";"SANTIAGO DE SURCO";"PRIVADO";"III-1";"00009988";"CLINICA SAN PABLO SAC";"250200";"UNIDAD DE CUIDADOS CRITICOS UNIDAD DE CUIDADOS INTERMEDIOS GENERAL  (UCIN) ";"4";"5";"27";"22";"10";"280";"0"
"2023";"02";"150140";"LIMA";"LIMA";"SANTIAGO DE SURCO";"PRIVADO";"III-1";"00009988";"CLINICA SAN PABLO SAC";"250108";"UNIDAD DE CUIDADOS CRITICOS UNIDAD  DE CUIDADOS INTENSIVOS  (UCI) PEDIÁTRICA";"6";"6";"736";"45";"8";"224";"0"
"2023";"02";"150140";"LIMA";"LIMA";"SANTIAGO DE SURCO";"PRIVADO";"III-1";"00009988";"CLINICA SAN PABLO SAC";"250100";"UNIDAD DE CUIDADOS CRITICOS UNIDAD  DE CUIDADOS INTENSIVOS GENERALES (UCI) ";"50";"51";"160";"168";"13";"364";"3"
"2023";"02";"220303";"SAN MARTIN";"EL DORADO";"SAN MARTIN";"GOBIERNO REGIONAL";"I-4";"00006492";"SAN MARTIN DE ALAO";"241600";"HOSPITALIZACIÓN QUIRÚRGICA OBSTETRICIA   ";"10";"10";"10";"10";"3";"84";"0"
"2023";"02";"220303";"SAN MARTIN";"EL DORADO";"SAN MARTIN";"GOBIERNO REGIONAL";"I-1";"00006494";"SINAMI";"NE_0001";"";"NE_0001";"NE_0001";"NE_0001";"NE_0001";"NE_0001";"NE_0001";"NE_0001"
"2023";"02";"220303";"SAN MARTIN";"EL DORADO";"SAN MARTIN";"GOBIERNO REGIONAL";"I-1";"00007391";"CASHNAHUASI";"NE_0001";"";"NE_0001";"NE_0001";"NE_0001";"NE_0001";"NE_0001";"NE_0001";"NE_0001"
"2023";"02";"220303";"SAN MARTIN";"EL DORADO";"SAN MARTIN";"GOBIERNO REGIONAL";"I-1";"00007392";"BUENA VISTA";"NE_0001";"";"NE_0001";"NE_0001";"NE_0001";"NE_0001";"NE_0001";"NE_0001";"NE_0001"
"2023";"02";"220303";"SAN MARTIN";"EL DORADO";"SAN MARTIN";"GOBIERNO REGIONAL";"I-1";"00007644";"PACAYPAMPA";"NE_0001";"";"NE_0001";"NE_0001";"NE_0001";"NE_0001";"NE_0001";"NE_0001";"NE_0001"
"2023";"02";"130203";"LA LIBERTAD";"ASCOPE";"CHOCOPE";"ESSALUD";"II-2";"00009037";"HOSPITAL II CHOCOPE";"241900";"HOSPITALIZACIÓN DE MEDICINA MEDICINA INTERNA ";"104";"101";"646";"646";"27";"756";"13"
"2023";"02";"130203";"LA LIBERTAD";"ASCOPE";"CHOCOPE";"ESSALUD";"II-2";"00009037";"HOSPITAL II CHOCOPE";"240100";"HOSPITALIZACIÓN QUIRÚRGICA CIRUGÍA GENERAL ";"103";"110";"391";"334";"16";"448";"0"
"2023";"02";"130203";"LA LIBERTAD";"ASCOPE";"CHOCOPE";"ESSALUD";"II-2";"00009037";"HOSPITAL II CHOCOPE";"241500";"HOSPITALIZACIÓN QUIRÚRGICA GINECOLOGÍA  ";"26";"27";"51";"50";"2";"56";"0"
"2023";"02";"130203";"LA LIBERTAD";"ASCOPE";"CHOCOPE";"ESSALUD";"II-2";"00009037";"HOSPITAL II CHOCOPE";"241600";"HOSPITALIZACIÓN QUIRÚRGICA OBSTETRICIA   ";"47";"46";"86";"88";"4";"112";"0"
"2023";"02";"130203";"LA LIBERTAD";"ASCOPE";"CHOCOPE";"ESSALUD";"II-2";"00009037";"HOSPITAL II CHOCOPE";"242300";"HOSPITALIZACIÓN DE PEDIATRÍA  PEDIATRÍA  GENERAL ";"30";"33";"82";"70";"3";"84";"0"
"2023";"02";"120608";"JUNIN";"SATIPO";"RIO TAMBO";"GOBIERNO REGIONAL";"I-1";"00000459";"CUSHIRENI";"NE_0001";"";"NE_0001";"NE_0001";"NE_0001";"NE_0001";"NE_0001";"NE_0001";"NE_0001"
"2023";"02";"120608";"JUNIN";"SATIPO";"RIO TAMBO";"GOBIERNO REGIONAL";"I-1";"00000466";"SANTA ROSITA DE SHIRINTIARI";"NE_0001";"";"NE_0001";"NE_0001";"NE_0001";"NE_0001";"NE_0001";"NE_0001";"NE_0001"
"2023";"02";"120608";"JUNIN";"SATIPO";"RIO TAMBO";"GOBIERNO REGIONAL";"I-3";"00000460";"BETANIA";"NE_0001";"";"NE_0001";"NE_0001";"NE_0001";"NE_0001";"NE_0001";"NE_0001";"NE_0001"
"2023";"02";"120608";"JUNIN";"SATIPO";"RIO TAMBO";"GOBIERNO REGIONAL";"I-3";"00000469";"PUERTO OCOPA";"NE_0001";"";"NE_0001";"NE_0001";"NE_0001";"NE_0001";"NE_0001";"NE_0001";"NE_0001"
"2023";"02";"150110";"LIMA";"LIMA";"COMAS";"MINSA";"III-1";"00007634";"HOSPITAL SERGIO E. BERNALES";"241900";"HOSPITALIZACIÓN DE MEDICINA MEDICINA INTERNA ";"95";"76";"768";"843";"48";"1344";"14"
"2023";"02";"150110";"LIMA";"LIMA";"COMAS";"MINSA";"III-1";"00007634";"HOSPITAL SERGIO E. BERNALES";"245300";"HOSPITALIZACIÓN DE MEDICINA NEUMOLOGÍA  ";"25";"20";"199";"217";"30";"840";"1"
"2023";"02";"150110";"LIMA";"LIMA";"COMAS";"MINSA";"III-1";"00007634";"HOSPITAL SERGIO E. BERNALES";"240100";"HOSPITALIZACIÓN QUIRÚRGICA CIRUGÍA GENERAL ";"242";"250";"1257";"1476";"61";"1708";"2"
"2023";"02";"150110";"LIMA";"LIMA";"COMAS";"MINSA";"III-1";"00007634";"HOSPITAL SERGIO E. BERNALES";"241200";"HOSPITALIZACIÓN QUIRÚRGICA TRAUMATOLOGÍA Y ORTOPEDIA ";"52";"51";"659";"659";"22";"659";"1"
"2023";"02";"150110";"LIMA";"LIMA";"COMAS";"MINSA";"III-1";"00007634";"HOSPITAL SERGIO E. BERNALES";"242300";"HOSPITALIZACIÓN DE PEDIATRÍA  PEDIATRÍA  GENERAL ";"92";"91";"234";"294";"28";"784";"1"
"2023";"02";"150110";"LIMA";"LIMA";"COMAS";"MINSA";"III-1";"00007634";"HOSPITAL SERGIO E. BERNALES";"243200";"HOSPITALIZACIÓN DE PEDIATRÍA PEDIATRIA NEONATOLOGÍA";"322";"303";"811";"952";"34";"952";"1"
"2023";"02";"150110";"LIMA";"LIMA";"COMAS";"MINSA";"III-1";"00007634";"HOSPITAL SERGIO E. BERNALES";"241600";"HOSPITALIZACIÓN QUIRÚRGICA OBSTETRICIA   ";"67";"71";"200";"267";"14";"392";"0"
"2023";"02";"150110";"LIMA";"LIMA";"COMAS";"MINSA";"III-1";"00007634";"HOSPITAL SERGIO E. BERNALES";"241500";"HOSPITALIZACIÓN QUIRÚRGICA GINECOLOGÍA  ";"420";"415";"700";"981";"66";"1848";"0"
"2023";"01";"211301";"PUNO";"YUNGUYO";"YUNGUYO";"GOBIERNO REGIONAL";"II-1";"00003349";"YUNGUYO";"240100";"HOSPITALIZACIÓN QUIRÚRGICA CIRUGÍA GENERAL ";"17";"17";"31";"31";"4";"124";"0"
"2023";"01";"211301";"PUNO";"YUNGUYO";"YUNGUYO";"GOBIERNO REGIONAL";"II-1";"00003349";"YUNGUYO";"241400";"HOSPITALIZACIÓN QUIRÚRGICA GINECO - OBSTETRICIA ";"4";"4";"7";"7";"3";"93";"0"
"2023";"01";"211301";"PUNO";"YUNGUYO";"YUNGUYO";"GOBIERNO REGIONAL";"II-1";"00003349";"YUNGUYO";"241600";"HOSPITALIZACIÓN QUIRÚRGICA OBSTETRICIA   ";"26";"26";"44";"44";"7";"217";"0"
"2023";"01";"211301";"PUNO";"YUNGUYO";"YUNGUYO";"GOBIERNO REGIONAL";"II-1";"00003349";"YUNGUYO";"241800";"HOSPITALIZACIÓN DE MEDICINA MEDICINA GENERAL ";"14";"15";"24";"24";"10";"310";"0"
"2023";"01";"211301";"PUNO";"YUNGUYO";"YUNGUYO";"GOBIERNO REGIONAL";"II-1";"00003349";"YUNGUYO";"241900";"HOSPITALIZACIÓN DE MEDICINA MEDICINA INTERNA ";"1";"1";"1";"1";"1";"31";"0"
"2023";"01";"211301";"PUNO";"YUNGUYO";"YUNGUYO";"GOBIERNO REGIONAL";"II-1";"00003349";"YUNGUYO";"242500";"HOSPITALIZACIÓN-PEDIATRÍA GENERAL-";"4";"4";"7";"7";"4";"124";"0"
"2023";"01";"211301";"PUNO";"YUNGUYO";"YUNGUYO";"GOBIERNO REGIONAL";"II-1";"00003349";"YUNGUYO";"244300";"HOSPITALIZACIÓN DE MEDICINA GASTROENTEROLOGÍA  ";"1";"1";"2";"2";"1";"31";"1"
"2023";"01";"150101";"LIMA";"LIMA";"LIMA";"PRIVADO";"II-2";"00015610";"Clínica Internacional - Sede Lima";"240000";"HOSPITALIZACIÓN";"581";"591";"2694";"2018";"83";"2573";"0"
"2023";"02";"180301";"MOQUEGUA";"ILO";"ILO";"SANIDAD DE LA POLICIA NACIONAL DEL PERU";"I-2";"00025870";"POSTA MEDICA POLICIAL ILO";"NE_0001";"";"NE_0001";"NE_0001";"NE_0001";"NE_0001";"NE_0001";"NE_0001";"NE_0001"
"2023";"02";"120407";"JUNIN";"JAUJA";"EL MANTARO";"GOBIERNO REGIONAL";"I-1";"00000414";"EL MANTARO";"NE_0001";"";"NE_0001";"NE_0001";"NE_0001";"NE_0001";"NE_0001";"NE_0001";"NE_0001"
"2023";"02";"160101";"LORETO";"MAYNAS";"IQUITOS";"PRIVADO";"I-3";"00012075";"SARLOR";"NE_0002";"";"NE_0002";"NE_0002";"NE_0002";"NE_0002";"NE_0002";"NE_0002";"NE_0002"
"2023";"02";"040103";"AREQUIPA";"AREQUIPA";"CAYMA";"PRIVADO";"II-1";"00015730";"CLINICA SAN JUAN DE DIOS";"240000";"HOSPITALIZACIÓN";"428";"423";"1463";"1443";"81";"2268";"3"
"2023";"02";"090101";"HUANCAVELICA";"HUANCAVELICA";"HUANCAVELICA";"PRIVADO";"I-3";"00009300";"JUAN PABLO II";"NE_0001";"";"NE_0001";"NE_0001";"NE_0001";"NE_0001";"NE_0001";"NE_0001";"NE_0001"
"2023";"02";"120702";"JUNIN";"TARMA";"ACOBAMBA";"GOBIERNO REGIONAL";"I-1";"00000522";"PICOY";"NE_0001";"";"NE_0001";"NE_0001";"NE_0001";"NE_0001";"NE_0001";"NE_0001";"NE_0001"
"2023";"02";"120702";"JUNIN";"TARMA";"ACOBAMBA";"GOBIERNO REGIONAL";"I-1";"00000526";"COLLPA";"NE_0001";"";"NE_0001";"NE_0001";"NE_0001";"NE_0001";"NE_0001";"NE_0001";"NE_0001"
"2023";"02";"150131";"LIMA";"LIMA";"SAN ISIDRO";"PRIVADO";"II-1";"00009888";"CLINICA UNIPLAST S.A.C.";"240800";"HOSPITALIZACIÓN QUIRÚRGICA CIRUGÍA PLÁSTICA/RECONSTRUCTIVA/ REPARADORA ";"9";"9";"9";"9";"3";"84";"0"
"2023";"03";"110501";"ICA";"PISCO";"PISCO";"ESSALUD";"II-1";"00014147";"ANTONIO SKRABONJA ANTONCICH";"241800";"HOSPITALIZACIÓN DE MEDICINA MEDICINA GENERAL ";"36";"37";"273";"272";"19";"589";"4"
"2023";"03";"110501";"ICA";"PISCO";"PISCO";"ESSALUD";"II-1";"00014147";"ANTONIO SKRABONJA ANTONCICH";"240100";"HOSPITALIZACIÓN QUIRÚRGICA CIRUGÍA GENERAL ";"71";"73";"225";"221";"14";"434";"0"
"2023";"03";"110501";"ICA";"PISCO";"PISCO";"ESSALUD";"II-1";"00014147";"ANTONIO SKRABONJA ANTONCICH";"241500";"HOSPITALIZACIÓN QUIRÚRGICA GINECOLOGÍA  ";"19";"24";"66";"60";"2";"62";"0"
"2023";"03";"110501";"ICA";"PISCO";"PISCO";"ESSALUD";"II-1";"00014147";"ANTONIO SKRABONJA ANTONCICH";"241600";"HOSPITALIZACIÓN QUIRÚRGICA OBSTETRICIA   ";"97";"102";"211";"217";"8";"248";"0"
"2023";"03";"110501";"ICA";"PISCO";"PISCO";"ESSALUD";"II-1";"00014147";"ANTONIO SKRABONJA ANTONCICH";"242300";"HOSPITALIZACIÓN DE PEDIATRÍA  PEDIATRÍA  GENERAL ";"31";"33";"94";"91";"7";"217";"0"
"2023";"03";"110501";"ICA";"PISCO";"PISCO";"ESSALUD";"II-1";"00014147";"ANTONIO SKRABONJA ANTONCICH";"250304";"HOSPIT. EN UNIDAD DE CUID.INTEN.-UNIDAD DE VIGILANCIA INTENSIVA (UVI)-MEDICINA";"27";"27";"90";"88";"4";"124";"5"
"2023";"03";"230101";"TACNA";"TACNA";"TACNA";"PRIVADO";"I-4";"00011466";"CLINICA ISABEL";"240000";"HOSPITALIZACIÓN";"1";"1";"2";"1";"1";"31";"0"
"2023";"03";"230101";"TACNA";"TACNA";"TACNA";"PRIVADO";"I-4";"00011466";"CLINICA ISABEL";"240000";"HOSPITALIZACIÓN";"2";"2";"4";"1";"1";"31";"0"
"2023";"03";"230101";"TACNA";"TACNA";"TACNA";"PRIVADO";"I-4";"00011466";"CLINICA ISABEL";"240000";"HOSPITALIZACIÓN";"1";"1";"2";"1";"1";"31";"0"
"2023";"03";"230101";"TACNA";"TACNA";"TACNA";"PRIVADO";"I-4";"00011466";"CLINICA ISABEL";"240000";"HOSPITALIZACIÓN";"1";"1";"1";"1";"1";"31";"0"
"2023";"03";"230101";"TACNA";"TACNA";"TACNA";"PRIVADO";"I-4";"00011466";"CLINICA ISABEL";"240000";"HOSPITALIZACIÓN";"1";"1";"1";"1";"1";"31";"0"
"2023";"03";"230101";"TACNA";"TACNA";"TACNA";"PRIVADO";"I-4";"00011466";"CLINICA ISABEL";"240000";"HOSPITALIZACIÓN";"1";"1";"1";"1";"1";"31";"0"
"2023";"03";"230101";"TACNA";"TACNA";"TACNA";"PRIVADO";"I-4";"00011466";"CLINICA ISABEL";"240000";"HOSPITALIZACIÓN";"1";"1";"1";"1";"1";"31";"0"
"2023";"03";"230101";"TACNA";"TACNA";"TACNA";"PRIVADO";"I-4";"00011466";"CLINICA ISABEL";"240000";"HOSPITALIZACIÓN";"1";"1";"2";"1";"1";"31";"0"
"2023";"03";"230101";"TACNA";"TACNA";"TACNA";"PRIVADO";"I-4";"00011466";"CLINICA ISABEL";"240000";"HOSPITALIZACIÓN";"1";"1";"2";"1";"1";"31";"0"
"2023";"03";"230101";"TACNA";"TACNA";"TACNA";"PRIVADO";"I-4";"00011466";"CLINICA ISABEL";"240000";"HOSPITALIZACIÓN";"1";"1";"1";"1";"1";"31";"0"
"2023";"03";"021001";"ANCASH";"HUARI";"HUARI";"GOBIERNO REGIONAL";"II-1";"00001813";"HOSPITAL DE APOYO HUARI";"241600";"HOSPITALIZACIÓN QUIRÚRGICA OBSTETRICIA   ";"57";"62";"125";"136";"12";"372";"0"
"2023";"03";"021001";"ANCASH";"HUARI";"HUARI";"GOBIERNO REGIONAL";"II-1";"00001813";"HOSPITAL DE APOYO HUARI";"241800";"HOSPITALIZACIÓN DE MEDICINA MEDICINA GENERAL ";"9";"13";"39";"40";"12";"372";"0"
"2023";"03";"021001";"ANCASH";"HUARI";"HUARI";"GOBIERNO REGIONAL";"II-1";"00001813";"HOSPITAL DE APOYO HUARI";"242500";"HOSPITALIZACIÓN-PEDIATRÍA GENERAL-";"6";"6";"11";"15";"5";"155";"0"
"2023";"03";"211101";"PUNO";"SAN ROMAN";"JULIACA";"ESSALUD";"II-2";"00009899";"HOSPITAL BASE III JULIACA - ESSALUD - RED ASISTENCIAL JULIACA";"240900";"HOSPITALIZACIÓN QUIRÚRGICA NEUROCIRUGÍA ";"8";"9";"102";"55";"2";"62";"0"
"2023";"03";"211101";"PUNO";"SAN ROMAN";"JULIACA";"ESSALUD";"II-2";"00009899";"HOSPITAL BASE III JULIACA - ESSALUD - RED ASISTENCIAL JULIACA";"241200";"HOSPITALIZACIÓN QUIRÚRGICA TRAUMATOLOGÍA Y ORTOPEDIA ";"30";"29";"124";"124";"4";"124";"0"
"2023";"03";"211101";"PUNO";"SAN ROMAN";"JULIACA";"ESSALUD";"II-2";"00009899";"HOSPITAL BASE III JULIACA - ESSALUD - RED ASISTENCIAL JULIACA";"241100";"HOSPITALIZACIÓN QUIRÚRGICA OTORRINOLARINGOLOGÍA  ";"11";"13";"31";"31";"1";"31";"0"
"2023";"03";"211101";"PUNO";"SAN ROMAN";"JULIACA";"ESSALUD";"II-2";"00009899";"HOSPITAL BASE III JULIACA - ESSALUD - RED ASISTENCIAL JULIACA";"241300";"HOSPITALIZACIÓN QUIRÚRGICA UROLOGÍA  ";"13";"16";"43";"43";"3";"93";"0"
"2023";"03";"211101";"PUNO";"SAN ROMAN";"JULIACA";"ESSALUD";"II-2";"00009899";"HOSPITAL BASE III JULIACA - ESSALUD - RED ASISTENCIAL JULIACA";"241400";"HOSPITALIZACIÓN QUIRÚRGICA GINECO - OBSTETRICIA ";"173";"173";"558";"558";"18";"558";"0"
"2023";"03";"211101";"PUNO";"SAN ROMAN";"JULIACA";"ESSALUD";"II-2";"00009899";"HOSPITAL BASE III JULIACA - ESSALUD - RED ASISTENCIAL JULIACA";"242300";"HOSPITALIZACIÓN DE PEDIATRÍA  PEDIATRÍA  GENERAL ";"48";"43";"188";"188";"16";"496";"0"
"2023";"03";"211101";"PUNO";"SAN ROMAN";"JULIACA";"ESSALUD";"II-2";"00009899";"HOSPITAL BASE III JULIACA - ESSALUD - RED ASISTENCIAL JULIACA";"243200";"HOSPITALIZACIÓN DE PEDIATRÍA PEDIATRIA NEONATOLOGÍA";"103";"100";"279";"279";"9";"279";"0"
"2023";"03";"211101";"PUNO";"SAN ROMAN";"JULIACA";"ESSALUD";"II-2";"00009899";"HOSPITAL BASE III JULIACA - ESSALUD - RED ASISTENCIAL JULIACA";"250100";"UNIDAD DE CUIDADOS CRITICOS UNIDAD  DE CUIDADOS INTENSIVOS GENERALES (UCI) ";"7";"2";"36";"36";"3";"90";"2"
"2023";"03";"220101";"SAN MARTIN";"MOYOBAMBA";"MOYOBAMBA";"GOBIERNO REGIONAL";"I-1";"00006323";"MORROYACU";"NE_0001";"";"NE_0001";"NE_0001";"NE_0001";"NE_0001";"NE_0001";"NE_0001";"NE_0001"
"2023";"03";"220101";"SAN MARTIN";"MOYOBAMBA";"MOYOBAMBA";"GOBIERNO REGIONAL";"I-1";"00006323";"MORROYACU";"NE_0001";"";"NE_0001";"NE_0001";"NE_0001";"NE_0001";"NE_0001";"NE_0001";"NE_0001"
"2023";"03";"220101";"SAN MARTIN";"MOYOBAMBA";"MOYOBAMBA";"GOBIERNO REGIONAL";"I-3";"00006322";"PUEBLO LIBRE";"241400";"HOSPITALIZACIÓN QUIRÚRGICA GINECO - OBSTETRICIA ";"8";"8";"8";"8";"8";"9";"0"
"2023";"03";"220101";"SAN MARTIN";"MOYOBAMBA";"MOYOBAMBA";"GOBIERNO REGIONAL";"I-1";"00006324";"SHIMPIYACU";"NE_0001";"";"NE_0001";"NE_0001";"NE_0001";"NE_0001";"NE_0001";"NE_0001";"NE_0001"
"2023";"03";"220101";"SAN MARTIN";"MOYOBAMBA";"MOYOBAMBA";"GOBIERNO REGIONAL";"I-1";"00006325";"NUEVA HUANCABAMBA";"NE_0001";"";"NE_0001";"NE_0001";"NE_0001";"NE_0001";"NE_0001";"NE_0001";"NE_0001"
"2023";"03";"150113";"LIMA";"LIMA";"JESUS MARIA";"PRIVADO";"II-E";"00017173";"CLINICA PORVENIR";"240000";"HOSPITALIZACIÓN";"177";"170";"223";"177";"13";"403";"0"
"2023";"03";"050701";"AYACUCHO";"PARINACOCHAS";"CORACORA";"ESSALUD";"I-2";"00011443";"CORACORA";"NE_0001";"";"NE_0001";"NE_0001";"NE_0001";"NE_0001";"NE_0001";"NE_0001";"NE_0001"
"2023";"03";"020105";"ANCASH";"HUARAZ";"INDEPENDENCIA";"PRIVADO";"II-1";"00012671";"CLINICA SAN PABLO SEDE HUARAZ";"250100";"UNIDAD DE CUIDADOS CRITICOS UNIDAD  DE CUIDADOS INTENSIVOS GENERALES (UCI) ";"7";"7";"14";"19";"5";"155";"0"
"2023";"03";"020105";"ANCASH";"HUARAZ";"INDEPENDENCIA";"PRIVADO";"II-1";"00012671";"CLINICA SAN PABLO SEDE HUARAZ";"240000";"HOSPITALIZACIÓN";"158";"154";"393";"544";"24";"744";"1"
"2023";"03";"130901";"LA LIBERTAD";"SANCHEZ CARRION";"HUAMACHUCO";"GOBIERNO REGIONAL";"II-1";"00005349";"HOSPITAL DE APOYO LEONCIO PRADO";"240100";"HOSPITALIZACIÓN QUIRÚRGICA CIRUGÍA GENERAL ";"17";"18";"51";"55";"7";"217";"0"
"2023";"03";"130901";"LA LIBERTAD";"SANCHEZ CARRION";"HUAMACHUCO";"GOBIERNO REGIONAL";"II-1";"00005349";"HOSPITAL DE APOYO LEONCIO PRADO";"241500";"HOSPITALIZACIÓN QUIRÚRGICA GINECOLOGÍA  ";"6";"7";"18";"17";"2";"62";"0"
"2023";"03";"130901";"LA LIBERTAD";"SANCHEZ CARRION";"HUAMACHUCO";"GOBIERNO REGIONAL";"II-1";"00005349";"HOSPITAL DE APOYO LEONCIO PRADO";"241600";"HOSPITALIZACIÓN QUIRÚRGICA OBSTETRICIA   ";"174";"187";"320";"303";"17";"527";"0"
"2023";"03";"130901";"LA LIBERTAD";"SANCHEZ CARRION";"HUAMACHUCO";"GOBIERNO REGIONAL";"II-1";"00005349";"HOSPITAL DE APOYO LEONCIO PRADO";"241800";"HOSPITALIZACIÓN DE MEDICINA MEDICINA GENERAL ";"31";"34";"138";"133";"6";"186";"0"
"2023";"03";"130901";"LA LIBERTAD";"SANCHEZ CARRION";"HUAMACHUCO";"GOBIERNO REGIONAL";"II-1";"00005349";"HOSPITAL DE APOYO LEONCIO PRADO";"242500";"HOSPITALIZACIÓN-PEDIATRÍA GENERAL-";"34";"39";"126";"129";"11";"341";"1"
"2023";"03";"221005";"SAN MARTIN";"TOCACHE";"UCHIZA";"ESSALUD";"I-2";"00010702";"POSTA MEDICA SANTA LUCIA";"NE_0001";"";"NE_0001";"NE_0001";"NE_0001";"NE_0001";"NE_0001";"NE_0001";"NE_0001"
"2023";"03";"110304";"ICA";"NAZCA";"MARCONA";"ESSALUD";"I-4";"00013911";"MARIA REICHE NEUMAN";"241800";"HOSPITALIZACIÓN DE MEDICINA MEDICINA GENERAL ";"28";"25";"141";"116";"5";"155";"0"
"2023";"03";"110304";"ICA";"NAZCA";"MARCONA";"ESSALUD";"I-4";"00013911";"MARIA REICHE NEUMAN";"240100";"HOSPITALIZACIÓN QUIRÚRGICA CIRUGÍA GENERAL ";"6";"5";"22";"17";"2";"62";"0"
"2023";"03";"110304";"ICA";"NAZCA";"MARCONA";"ESSALUD";"I-4";"00013911";"MARIA REICHE NEUMAN";"241500";"HOSPITALIZACIÓN QUIRÚRGICA GINECOLOGÍA  ";"16";"16";"54";"38";"2";"62";"0"
"2023";"03";"110304";"ICA";"NAZCA";"MARCONA";"ESSALUD";"I-4";"00013911";"MARIA REICHE NEUMAN";"242300";"HOSPITALIZACIÓN DE PEDIATRÍA  PEDIATRÍA  GENERAL ";"12";"9";"23";"14";"2";"62";"0"
"2023";"03";"060803";"CAJAMARCA";"JAEN";"CHONTALI";"GOBIERNO REGIONAL";"I-3";"00004232";"CHONTALI";"NE_0001";"";"NE_0001";"NE_0001";"NE_0001";"NE_0001";"NE_0001";"NE_0001";"NE_0001"
"2023";"03";"220801";"SAN MARTIN";"RIOJA";"RIOJA";"ESSALUD";"I-4";"00021003";"CENTRO MEDICO RIOJA - ESSALUD";"241800";"HOSPITALIZACIÓN DE MEDICINA MEDICINA GENERAL ";"33";"32";"102";"96";"4";"116";"1"
"2023";"03";"220801";"SAN MARTIN";"RIOJA";"RIOJA";"ESSALUD";"I-4";"00021003";"CENTRO MEDICO RIOJA - ESSALUD";"240100";"HOSPITALIZACIÓN QUIRÚRGICA CIRUGÍA GENERAL ";"32";"2";"3";"3";"1";"31";"0"
"2023";"03";"220801";"SAN MARTIN";"RIOJA";"RIOJA";"ESSALUD";"I-4";"00021003";"CENTRO MEDICO RIOJA - ESSALUD";"241600";"HOSPITALIZACIÓN QUIRÚRGICA OBSTETRICIA   ";"14";"12";"25";"25";"1";"31";"0"
"2023";"03";"220801";"SAN MARTIN";"RIOJA";"RIOJA";"ESSALUD";"I-4";"00021003";"CENTRO MEDICO RIOJA - ESSALUD";"242300";"HOSPITALIZACIÓN DE PEDIATRÍA  PEDIATRÍA  GENERAL ";"7";"6";"18";"18";"2";"62";"0"
"2023";"03";"080105";"CUSCO";"CUSCO";"SAN SEBASTIAN";"GOBIERNO REGIONAL";"II-E";"00025210";"TUPAC AMARU";"245400";"HOSPITALIZACIÓN DE MEDICINA GINECOLOGIA ";"104";"110";"278";"270";"15";"465";"0"
"2023";"03";"200101";"PIURA";"PIURA";"PIURA";"PRIVADO";"II-1";"00018310";"SANNA - CLINICA BELEN";"240000";"HOSPITALIZACIÓN";"330";"319";"852";"886";"36";"1116";"2"
"2023";"03";"200101";"PIURA";"PIURA";"PIURA";"PRIVADO";"II-1";"00018310";"SANNA - CLINICA BELEN";"250100";"UNIDAD DE CUIDADOS CRITICOS UNIDAD  DE CUIDADOS INTENSIVOS GENERALES (UCI) ";"11";"7";"143";"115";"5";"155";"2"
"2023";"03";"150137";"LIMA";"LIMA";"SANTA ANITA";"ESSALUD";"II-E";"00010434";"ESSALUD - HOSPITAL IIE SAN ISIDRO LABRADOR";"241900";"HOSPITALIZACIÓN DE MEDICINA MEDICINA INTERNA ";"221";"212";"4032";"4537";"180";"5580";"31"
"2023";"03";"150137";"LIMA";"LIMA";"SANTA ANITA";"ESSALUD";"II-E";"00010434";"ESSALUD - HOSPITAL IIE SAN ISIDRO LABRADOR";"250200";"UNIDAD DE CUIDADOS CRITICOS UNIDAD DE CUIDADOS INTERMEDIOS GENERAL  (UCIN) ";"5";"12";"242";"197";"12";"372";"12"
"2023";"03";"150137";"LIMA";"LIMA";"SANTA ANITA";"ESSALUD";"II-E";"00010434";"ESSALUD - HOSPITAL IIE SAN ISIDRO LABRADOR";"250103";"UNIDAD DE CUIDADOS CRITICOS UNIDAD  DE CUIDADOS INTENSIVOS GENERALES  (UCI) MEDICINA";"3";"4";"83";"147";"8";"248";"4"
"2023";"03";"060801";"CAJAMARCA";"JAEN";"JAEN";"PRIVADO";"I-3";"00030976";"CENTRO MEDICO SALUD & VIAL JAEN";"NE_0001";"";"NE_0001";"NE_0001";"NE_0001";"NE_0001";"NE_0001";"NE_0001";"NE_0001"
"2023";"03";"150101";"LIMA";"LIMA";"LIMA";"PRIVADO";"II-1";"00011087";"CLINICA LA LUZ S.A.C.";"240000";"HOSPITALIZACIÓN";"93";"93";"100";"143";"9";"350";"0"
"2023";"03";"040101";"AREQUIPA";"AREQUIPA";"AREQUIPA";"PRIVADO";"II-E";"00024208";"PRAXIS MEDICAL S.A.C.";"240800";"HOSPITALIZACIÓN QUIRÚRGICA CIRUGÍA PLÁSTICA/RECONSTRUCTIVA/ REPARADORA ";"6";"5";"9";"9";"12";"372";"0"
"2023";"03";"150140";"LIMA";"LIMA";"SANTIAGO DE SURCO";"PRIVADO";"II-E";"00011110";"CLINICA CAMPBELL";"240800";"HOSPITALIZACIÓN QUIRÚRGICA CIRUGÍA PLÁSTICA/RECONSTRUCTIVA/ REPARADORA ";"13";"13";"13";"13";"2";"60";"0"
"2023";"03";"120606";"JUNIN";"SATIPO";"PANGOA";"GOBIERNO REGIONAL";"I-2";"00000447";"VILLA MARIA";"NE_0001";"";"NE_0001";"NE_0001";"NE_0001";"NE_0001";"NE_0001";"NE_0001";"NE_0001"
"2023";"03";"120606";"JUNIN";"SATIPO";"PANGOA";"GOBIERNO REGIONAL";"I-3";"00000443";"SAN RAMON DE PANGOA";"NE_0001";"";"NE_0001";"NE_0001";"NE_0001";"NE_0001";"NE_0001";"NE_0001";"NE_0001"
"2023";"03";"120606";"JUNIN";"SATIPO";"PANGOA";"GOBIERNO REGIONAL";"I-1";"00000456";"SANTA ROSA ALTO KIATARI";"NE_0001";"";"NE_0001";"NE_0001";"NE_0001";"NE_0001";"NE_0001";"NE_0001";"NE_0001"
"2023";"03";"120606";"JUNIN";"SATIPO";"PANGOA";"GOBIERNO REGIONAL";"I-2";"00000444";"CHAVINI";"NE_0001";"";"NE_0001";"NE_0001";"NE_0001";"NE_0001";"NE_0001";"NE_0001";"NE_0001"
"2023";"03";"120606";"JUNIN";"SATIPO";"PANGOA";"GOBIERNO REGIONAL";"I-1";"00000450";"ALTO KIATARI";"NE_0001";"";"NE_0001";"NE_0001";"NE_0001";"NE_0001";"NE_0001";"NE_0001";"NE_0001"
"2023";"03";"120606";"JUNIN";"SATIPO";"PANGOA";"GOBIERNO REGIONAL";"I-1";"00000453";"UNION CHAVINI";"NE_0001";"";"NE_0001";"NE_0001";"NE_0001";"NE_0001";"NE_0001";"NE_0001";"NE_0001"
"2023";"03";"120606";"JUNIN";"SATIPO";"PANGOA";"GOBIERNO REGIONAL";"I-1";"00000440";"SAN JOSE DE MIRAFLORES";"NE_0001";"";"NE_0001";"NE_0001";"NE_0001";"NE_0001";"NE_0001";"NE_0001";"NE_0001"
"2023";"03";"120606";"JUNIN";"SATIPO";"PANGOA";"GOBIERNO REGIONAL";"I-1";"00000458";"VILCABAMBA";"NE_0001";"";"NE_0001";"NE_0001";"NE_0001";"NE_0001";"NE_0001";"NE_0001";"NE_0001"
"2023";"03";"220803";"SAN MARTIN";"RIOJA";"ELIAS SOPLIN VARGAS";"GOBIERNO REGIONAL";"I-1";"00006279";"PUERTO BAGAZAN";"NE_0002";"";"NE_0002";"NE_0002";"NE_0002";"NE_0002";"NE_0002";"NE_0002";"NE_0002"
"2023";"01";"200101";"PIURA";"PIURA";"PIURA";"ESSALUD";"II-1";"00010244";"HOSPITAL II JORGE REATEGUI DELGADO";"241900";"HOSPITALIZACIÓN DE MEDICINA MEDICINA INTERNA ";"51";"41";"311";"548";"18";"558";"4"
"2023";"01";"200101";"PIURA";"PIURA";"PIURA";"ESSALUD";"II-1";"00010244";"HOSPITAL II JORGE REATEGUI DELGADO";"240100";"HOSPITALIZACIÓN QUIRÚRGICA CIRUGÍA GENERAL ";"119";"113";"297";"358";"18";"558";"0"
"2023";"01";"200101";"PIURA";"PIURA";"PIURA";"ESSALUD";"II-1";"00010244";"HOSPITAL II JORGE REATEGUI DELGADO";"241400";"HOSPITALIZACIÓN QUIRÚRGICA GINECO - OBSTETRICIA ";"257";"251";"552";"631";"29";"899";"0"
"2023";"01";"200101";"PIURA";"PIURA";"PIURA";"ESSALUD";"II-1";"00010244";"HOSPITAL II JORGE REATEGUI DELGADO";"242300";"HOSPITALIZACIÓN DE PEDIATRÍA  PEDIATRÍA  GENERAL ";"57";"52";"177";"219";"11";"341";"0"
"2023";"01";"200101";"PIURA";"PIURA";"PIURA";"ESSALUD";"II-1";"00010244";"HOSPITAL II JORGE REATEGUI DELGADO";"243200";"HOSPITALIZACIÓN DE PEDIATRÍA PEDIATRIA NEONATOLOGÍA";"131";"129";"203";"155";"5";"155";"0"
"2023";"01";"250102";"UCAYALI";"CORONEL PORTILLO";"CAMPOVERDE";"ESSALUD";"I-2";"00009604";"POSTA MEDICA CAMPO VERDE";"NE_0001";"";"NE_0001";"NE_0001";"NE_0001";"NE_0001";"NE_0001";"NE_0001";"NE_0001"
"2023";"02";"060601";"CAJAMARCA";"CUTERVO";"CUTERVO";"GOBIERNO REGIONAL";"I-3";"00004992";"SINCHIMACHE";"NE_0001";"";"NE_0001";"NE_0001";"NE_0001";"NE_0001";"NE_0001";"NE_0001";"NE_0001"
"2023";"02";"040401";"AREQUIPA";"CASTILLA";"APLAO";"GOBIERNO REGIONAL";"II-1";"00001382";"HOSPITAL APLAO";"240100";"HOSPITALIZACIÓN QUIRÚRGICA CIRUGÍA GENERAL ";"28";"32";"106";"138";"10";"280";"0"
"2023";"02";"040401";"AREQUIPA";"CASTILLA";"APLAO";"GOBIERNO REGIONAL";"II-1";"00001382";"HOSPITAL APLAO";"241200";"HOSPITALIZACIÓN QUIRÚRGICA TRAUMATOLOGÍA Y ORTOPEDIA ";"9";"9";"26";"35";"4";"112";"0"
"2023";"02";"040401";"AREQUIPA";"CASTILLA";"APLAO";"GOBIERNO REGIONAL";"II-1";"00001382";"HOSPITAL APLAO";"241500";"HOSPITALIZACIÓN QUIRÚRGICA GINECOLOGÍA  ";"24";"27";"65";"92";"7";"196";"0"
"2023";"02";"040401";"AREQUIPA";"CASTILLA";"APLAO";"GOBIERNO REGIONAL";"II-1";"00001382";"HOSPITAL APLAO";"241800";"HOSPITALIZACIÓN DE MEDICINA MEDICINA GENERAL ";"13";"17";"96";"113";"14";"392";"0"
"2023";"02";"040401";"AREQUIPA";"CASTILLA";"APLAO";"GOBIERNO REGIONAL";"II-1";"00001382";"HOSPITAL APLAO";"242500";"HOSPITALIZACIÓN-PEDIATRÍA GENERAL-";"7";"7";"8";"15";"15";"420";"0"
"2023";"02";"060607";"CAJAMARCA";"CUTERVO";"QUEROCOTILLO";"GOBIERNO REGIONAL";"I-1";"00007101";"EL GUAYO";"NE_0001";"";"NE_0001";"NE_0001";"NE_0001";"NE_0001";"NE_0001";"NE_0001";"NE_0001"
"2023";"02";"060601";"CAJAMARCA";"CUTERVO";"CUTERVO";"GOBIERNO REGIONAL";"I-3";"00004993";"NARANJITO DE CAMSE";"NE_0001";"";"NE_0001";"NE_0001";"NE_0001";"NE_0001";"NE_0001";"NE_0001";"NE_0001"
"2023";"02";"060601";"CAJAMARCA";"CUTERVO";"CUTERVO";"GOBIERNO REGIONAL";"I-2";"00004994";"PAYAC";"NE_0001";"";"NE_0001";"NE_0001";"NE_0001";"NE_0001";"NE_0001";"NE_0001";"NE_0001"
"2023";"02";"110101";"ICA";"ICA";"ICA";"PRIVADO";"II-1";"00013386";"LAS CONDES SAC";"240000";"HOSPITALIZACIÓN";"44";"43";"44";"44";"8";"16";"0"
"2023";"02";"060601";"CAJAMARCA";"CUTERVO";"CUTERVO";"GOBIERNO REGIONAL";"I-1";"00008922";"LA CASCARILLA";"NE_0001";"";"NE_0001";"NE_0001";"NE_0001";"NE_0001";"NE_0001";"NE_0001";"NE_0001"
"2023";"02";"040112";"AREQUIPA";"AREQUIPA";"PAUCARPATA";"GOBIERNO REGIONAL";"I-3";"00001310";"CENTRO DE SALUD MANUEL PRADO";"NE_0001";"";"NE_0001";"NE_0001";"NE_0001";"NE_0001";"NE_0001";"NE_0001";"NE_0001"
"2023";"02";"070102";"CALLAO";"CALLAO";"BELLAVISTA";"GOBIERNO REGIONAL";"III-1";"00006218";"NAC. DANIEL A. CARRION";"241900";"HOSPITALIZACIÓN DE MEDICINA MEDICINA INTERNA ";"224";"243";"4177";"3905";"140";"4064";"20"
"2023";"02";"070102";"CALLAO";"CALLAO";"BELLAVISTA";"GOBIERNO REGIONAL";"III-1";"00006218";"NAC. DANIEL A. CARRION";"245300";"HOSPITALIZACIÓN DE MEDICINA NEUMOLOGÍA  ";"9";"10";"152";"377";"14";"392";"3"
"2023";"02";"070102";"CALLAO";"CALLAO";"BELLAVISTA";"GOBIERNO REGIONAL";"III-1";"00006218";"NAC. DANIEL A. CARRION";"240100";"HOSPITALIZACIÓN QUIRÚRGICA CIRUGÍA GENERAL ";"301";"251";"1509";"1775";"85";"2454";"6"
"2023";"02";"070102";"CALLAO";"CALLAO";"BELLAVISTA";"GOBIERNO REGIONAL";"III-1";"00006218";"NAC. DANIEL A. CARRION";"241200";"HOSPITALIZACIÓN QUIRÚRGICA TRAUMATOLOGÍA Y ORTOPEDIA ";"27";"38";"736";"830";"31";"896";"0"
"2023";"02";"070102";"CALLAO";"CALLAO";"BELLAVISTA";"GOBIERNO REGIONAL";"III-1";"00006218";"NAC. DANIEL A. CARRION";"240900";"HOSPITALIZACIÓN QUIRÚRGICA NEUROCIRUGÍA ";"61";"50";"581";"747";"31";"896";"2"
"2023";"02";"070102";"CALLAO";"CALLAO";"BELLAVISTA";"GOBIERNO REGIONAL";"III-1";"00006218";"NAC. DANIEL A. CARRION";"240700";"HOSPITALIZACIÓN QUIRÚRGICA CIRUGÍA PEDIÁTRICA ";"63";"65";"331";"406";"16";"476";"0"
"2023";"02";"070102";"CALLAO";"CALLAO";"BELLAVISTA";"GOBIERNO REGIONAL";"III-1";"00006218";"NAC. DANIEL A. CARRION";"250105";"UNIDAD DE CUIDADOS CRITICOS UNIDAD  DE CUIDADOS INTENSIVOS  (UCI) NEONATOLOGÍA";"30";"88";"1231";"802";"36";"1036";"6"
"2023";"02";"070102";"CALLAO";"CALLAO";"BELLAVISTA";"GOBIERNO REGIONAL";"III-1";"00006218";"NAC. DANIEL A. CARRION";"242300";"HOSPITALIZACIÓN DE PEDIATRÍA  PEDIATRÍA  GENERAL ";"97";"87";"338";"435";"19";"560";"0"
"2023";"02";"070102";"CALLAO";"CALLAO";"BELLAVISTA";"GOBIERNO REGIONAL";"III-1";"00006218";"NAC. DANIEL A. CARRION";"241500";"HOSPITALIZACIÓN QUIRÚRGICA GINECOLOGÍA  ";"95";"128";"507";"605";"23";"672";"0"
"2023";"02";"070102";"CALLAO";"CALLAO";"BELLAVISTA";"GOBIERNO REGIONAL";"III-1";"00006218";"NAC. DANIEL A. CARRION";"241600";"HOSPITALIZACIÓN QUIRÚRGICA OBSTETRICIA   ";"15";"138";"369";"418";"14";"418";"0"
"2023";"02";"070102";"CALLAO";"CALLAO";"BELLAVISTA";"GOBIERNO REGIONAL";"III-1";"00006218";"NAC. DANIEL A. CARRION";"241400";"HOSPITALIZACIÓN QUIRÚRGICA GINECO - OBSTETRICIA ";"141";"54";"135";"113";"14";"392";"0"
"2023";"02";"070102";"CALLAO";"CALLAO";"BELLAVISTA";"GOBIERNO REGIONAL";"III-1";"00006218";"NAC. DANIEL A. CARRION";"250100";"UNIDAD DE CUIDADOS CRITICOS UNIDAD  DE CUIDADOS INTENSIVOS GENERALES (UCI) ";"6";"3";"38";"168";"6";"168";"2"
"2023";"02";"070102";"CALLAO";"CALLAO";"BELLAVISTA";"GOBIERNO REGIONAL";"III-1";"00006218";"NAC. DANIEL A. CARRION";"250200";"UNIDAD DE CUIDADOS CRITICOS UNIDAD DE CUIDADOS INTERMEDIOS GENERAL  (UCIN) ";"7";"4";"125";"224";"8";"224";"3"
"2023";"02";"070102";"CALLAO";"CALLAO";"BELLAVISTA";"GOBIERNO REGIONAL";"III-1";"00006218";"NAC. DANIEL A. CARRION";"242100";"HOSPITALIZACIÓN DE MEDICINA ONCOLOGÍA MÉDICA ";"40";"43";"373";"463";"18";"520";"3"
"2023";"02";"070102";"CALLAO";"CALLAO";"BELLAVISTA";"GOBIERNO REGIONAL";"III-1";"00006218";"NAC. DANIEL A. CARRION";"250108";"UNIDAD DE CUIDADOS CRITICOS UNIDAD  DE CUIDADOS INTENSIVOS  (UCI) PEDIÁTRICA";"4";"1";"1";"129";"6";"168";"1"
"2023";"02";"150122";"LIMA";"LIMA";"MIRAFLORES";"ESSALUD";"II-2";"00008489";"ESSALUD - HOSPITAL III SUÁREZ ANGAMOS";"250100";"UNIDAD DE CUIDADOS CRITICOS UNIDAD  DE CUIDADOS INTENSIVOS GENERALES (UCI) ";"8";"8";"34";"144";"7";"196";"2"
"2023";"02";"150122";"LIMA";"LIMA";"MIRAFLORES";"ESSALUD";"II-2";"00008489";"ESSALUD - HOSPITAL III SUÁREZ ANGAMOS";"250200";"UNIDAD DE CUIDADOS CRITICOS UNIDAD DE CUIDADOS INTERMEDIOS GENERAL  (UCIN) ";"2";"3";"3";"105";"6";"168";"0"
"2023";"02";"150122";"LIMA";"LIMA";"MIRAFLORES";"ESSALUD";"II-2";"00008489";"ESSALUD - HOSPITAL III SUÁREZ ANGAMOS";"241800";"HOSPITALIZACIÓN DE MEDICINA MEDICINA GENERAL ";"98";"94";"710";"657";"24";"672";"3"
"2023";"02";"150122";"LIMA";"LIMA";"MIRAFLORES";"ESSALUD";"II-2";"00008489";"ESSALUD - HOSPITAL III SUÁREZ ANGAMOS";"240100";"HOSPITALIZACIÓN QUIRÚRGICA CIRUGÍA GENERAL ";"177";"171";"446";"481";"20";"555";"1"
"2023";"02";"150122";"LIMA";"LIMA";"MIRAFLORES";"ESSALUD";"II-2";"00008489";"ESSALUD - HOSPITAL III SUÁREZ ANGAMOS";"241400";"HOSPITALIZACIÓN QUIRÚRGICA GINECO - OBSTETRICIA ";"36";"34";"59";"70";"3";"96";"0"
"2023";"02";"150122";"LIMA";"LIMA";"MIRAFLORES";"ESSALUD";"II-2";"00008489";"ESSALUD - HOSPITAL III SUÁREZ ANGAMOS";"241600";"HOSPITALIZACIÓN QUIRÚRGICA OBSTETRICIA   ";"230";"217";"386";"371";"14";"394";"0"
"2023";"02";"150122";"LIMA";"LIMA";"MIRAFLORES";"ESSALUD";"II-2";"00008489";"ESSALUD - HOSPITAL III SUÁREZ ANGAMOS";"242300";"HOSPITALIZACIÓN DE PEDIATRÍA  PEDIATRÍA  GENERAL ";"59";"51";"151";"148";"8";"221";"0"
"2023";"02";"150122";"LIMA";"LIMA";"MIRAFLORES";"ESSALUD";"II-2";"00008489";"ESSALUD - HOSPITAL III SUÁREZ ANGAMOS";"243200";"HOSPITALIZACIÓN DE PEDIATRÍA PEDIATRIA NEONATOLOGÍA";"23";"23";"63";"59";"4";"106";"0"
"2023";"02";"120701";"JUNIN";"TARMA";"TARMA";"GOBIERNO REGIONAL";"I-1";"00000584";"TARMATAMBO";"NE_0001";"";"NE_0001";"NE_0001";"NE_0001";"NE_0001";"NE_0001";"NE_0001";"NE_0001"
"2023";"02";"120701";"JUNIN";"TARMA";"TARMA";"GOBIERNO REGIONAL";"I-1";"00000586";"MUYLO";"NE_0001";"";"NE_0001";"NE_0001";"NE_0001";"NE_0001";"NE_0001";"NE_0001";"NE_0001"
"2023";"02";"120701";"JUNIN";"TARMA";"TARMA";"GOBIERNO REGIONAL";"I-2";"00000587";"POMACHACA";"NE_0001";"";"NE_0001";"NE_0001";"NE_0001";"NE_0001";"NE_0001";"NE_0001";"NE_0001"
"2023";"02";"230302";"TACNA";"JORGE BASADRE";"ILABAYA";"PRIVADO";"I-4";"00018230";"HOSPITAL TOQUEPALA";"240100";"HOSPITALIZACIÓN QUIRÚRGICA CIRUGÍA GENERAL ";"6";"7";"29";"140";"12";"336";"0"
"2023";"02";"230302";"TACNA";"JORGE BASADRE";"ILABAYA";"PRIVADO";"I-4";"00018230";"HOSPITAL TOQUEPALA";"241800";"HOSPITALIZACIÓN DE MEDICINA MEDICINA GENERAL ";"2";"1";"6";"102";"14";"392";"0"
"2023";"02";"230302";"TACNA";"JORGE BASADRE";"ILABAYA";"PRIVADO";"I-4";"00018230";"HOSPITAL TOQUEPALA";"242500";"HOSPITALIZACIÓN-PEDIATRÍA GENERAL-";"1";"1";"3";"4";"3";"84";"0"
"2023";"02";"120707";"JUNIN";"TARMA";"PALCAMAYO";"GOBIERNO REGIONAL";"I-1";"00000530";"RICRICAN CAUQUIRAN";"NE_0001";"";"NE_0001";"NE_0001";"NE_0001";"NE_0001";"NE_0001";"NE_0001";"NE_0001"
"2023";"02";"120707";"JUNIN";"TARMA";"PALCAMAYO";"GOBIERNO REGIONAL";"I-1";"00000528";"YANAPUQUIO";"NE_0001";"";"NE_0001";"NE_0001";"NE_0001";"NE_0001";"NE_0001";"NE_0001";"NE_0001"
"2023";"02";"120707";"JUNIN";"TARMA";"PALCAMAYO";"GOBIERNO REGIONAL";"I-3";"00000527";"PALCAMAYO";"NE_0001";"";"NE_0001";"NE_0001";"NE_0001";"NE_0001";"NE_0001";"NE_0001";"NE_0001"
"2023";"02";"120707";"JUNIN";"TARMA";"PALCAMAYO";"GOBIERNO REGIONAL";"I-1";"00000533";"CALCA";"NE_0001";"";"NE_0001";"NE_0001";"NE_0001";"NE_0001";"NE_0001";"NE_0001";"NE_0001"
"2023";"02";"120701";"JUNIN";"TARMA";"TARMA";"GOBIERNO REGIONAL";"I-1";"00000588";"MULLUCRO";"NE_0001";"";"NE_0001";"NE_0001";"NE_0001";"NE_0001";"NE_0001";"NE_0001";"NE_0001"
"2023";"02";"120701";"JUNIN";"TARMA";"TARMA";"GOBIERNO REGIONAL";"I-1";"00000590";"MISARURASHA";"NE_0001";"";"NE_0001";"NE_0001";"NE_0001";"NE_0001";"NE_0001";"NE_0001";"NE_0001"
"2023";"02";"040101";"AREQUIPA";"AREQUIPA";"AREQUIPA";"PRIVADO";"II-1";"00016744";"CLÍNICAS AUNA SEDE VALLESUR";"240000";"HOSPITALIZACIÓN";"385";"377";"1155";"1176";"42";"1176";"5"
"2023";"02";"120701";"JUNIN";"TARMA";"TARMA";"GOBIERNO REGIONAL";"I-1";"00000591";"CARHUACATAC";"NE_0001";"";"NE_0001";"NE_0001";"NE_0001";"NE_0001";"NE_0001";"NE_0001";"NE_0001"
"2023";"02";"120701";"JUNIN";"TARMA";"TARMA";"GOBIERNO REGIONAL";"I-1";"00000585";"COCHAS";"NE_0001";"";"NE_0001";"NE_0001";"NE_0001";"NE_0001";"NE_0001";"NE_0001";"NE_0001"
"2023";"02";"120701";"JUNIN";"TARMA";"TARMA";"GOBIERNO REGIONAL";"I-1";"00000592";"PALCAPACCHA";"NE_0001";"";"NE_0001";"NE_0001";"NE_0001";"NE_0001";"NE_0001";"NE_0001";"NE_0001"
"2023";"02";"080108";"CUSCO";"CUSCO";"WANCHAQ";"PRIVADO";"II-E";"00011338";"PARDO";"240100";"HOSPITALIZACIÓN QUIRÚRGICA CIRUGÍA GENERAL ";"105";"99";"735";"55";"24";"720";"0"
"2023";"02";"080108";"CUSCO";"CUSCO";"WANCHAQ";"PRIVADO";"II-E";"00011338";"PARDO";"241700";"HOSPITALIZACIÓN QUIRÚRGICA GINECOLOGÍA   GINECOLOGIA ONCOLOGiCA";"22";"20";"87";"30";"24";"720";"0"
"2023";"02";"080108";"CUSCO";"CUSCO";"WANCHAQ";"PRIVADO";"II-E";"00011338";"PARDO";"240400";"HOSPITALIZACIÓN QUIRÚRGICA CIRUGÍA DE TÓRAX Y CARDIOVASCULAR ";"10";"7";"65";"18";"24";"720";"0"
"2023";"02";"080108";"CUSCO";"CUSCO";"WANCHAQ";"PRIVADO";"II-E";"00011338";"PARDO";"241200";"HOSPITALIZACIÓN QUIRÚRGICA TRAUMATOLOGÍA Y ORTOPEDIA ";"8";"6";"43";"13";"24";"720";"0"
"2023";"02";"080108";"CUSCO";"CUSCO";"WANCHAQ";"PRIVADO";"II-E";"00011338";"PARDO";"241300";"HOSPITALIZACIÓN QUIRÚRGICA UROLOGÍA  ";"3";"2";"35";"12";"24";"720";"0"
"2023";"02";"200104";"PIURA";"PIURA";"CASTILLA";"ESSALUD";"I-3";"00010243";"CAP III CASTILLA";"NE_0001";"";"NE_0001";"NE_0001";"NE_0001";"NE_0001";"NE_0001";"NE_0001";"NE_0001"
"2023";"03";"220801";"SAN MARTIN";"RIOJA";"RIOJA";"PRIVADO";"II-E";"00028254";"CLINICA SINAI";"241400";"HOSPITALIZACIÓN QUIRÚRGICA GINECO - OBSTETRICIA ";"1";"1";"2";"1";"2";"8";"0"
"2023";"03";"220801";"SAN MARTIN";"RIOJA";"RIOJA";"PRIVADO";"II-E";"00028254";"CLINICA SINAI";"241400";"HOSPITALIZACIÓN QUIRÚRGICA GINECO - OBSTETRICIA ";"1";"1";"2";"1";"3";"8";"0"
"2023";"03";"220801";"SAN MARTIN";"RIOJA";"RIOJA";"PRIVADO";"II-E";"00028254";"CLINICA SINAI";"241400";"HOSPITALIZACIÓN QUIRÚRGICA GINECO - OBSTETRICIA ";"1";"1";"3";"1";"3";"9";"0"
"2023";"03";"220801";"SAN MARTIN";"RIOJA";"RIOJA";"PRIVADO";"II-E";"00028254";"CLINICA SINAI";"241400";"HOSPITALIZACIÓN QUIRÚRGICA GINECO - OBSTETRICIA ";"1";"1";"2";"2";"3";"7";"0"
"2023";"03";"220801";"SAN MARTIN";"RIOJA";"RIOJA";"PRIVADO";"II-E";"00028254";"CLINICA SINAI";"241400";"HOSPITALIZACIÓN QUIRÚRGICA GINECO - OBSTETRICIA ";"1";"1";"3";"2";"4";"8";"0"
"2023";"03";"220801";"SAN MARTIN";"RIOJA";"RIOJA";"PRIVADO";"II-E";"00028254";"CLINICA SINAI";"241400";"HOSPITALIZACIÓN QUIRÚRGICA GINECO - OBSTETRICIA ";"1";"1";"2";"1";"3";"9";"0"
"2023";"03";"220801";"SAN MARTIN";"RIOJA";"RIOJA";"PRIVADO";"II-E";"00028254";"CLINICA SINAI";"241400";"HOSPITALIZACIÓN QUIRÚRGICA GINECO - OBSTETRICIA ";"1";"1";"3";"2";"2";"8";"0"
"2023";"03";"220801";"SAN MARTIN";"RIOJA";"RIOJA";"PRIVADO";"II-E";"00028254";"CLINICA SINAI";"241400";"HOSPITALIZACIÓN QUIRÚRGICA GINECO - OBSTETRICIA ";"1";"1";"2";"1";"2";"9";"0"
"2023";"03";"220801";"SAN MARTIN";"RIOJA";"RIOJA";"PRIVADO";"II-E";"00028254";"CLINICA SINAI";"241400";"HOSPITALIZACIÓN QUIRÚRGICA GINECO - OBSTETRICIA ";"1";"1";"3";"2";"2";"8";"0"
"2023";"03";"220801";"SAN MARTIN";"RIOJA";"RIOJA";"PRIVADO";"II-E";"00028254";"CLINICA SINAI";"241400";"HOSPITALIZACIÓN QUIRÚRGICA GINECO - OBSTETRICIA ";"1";"1";"4";"1";"2";"8";"0"
"2023";"03";"220801";"SAN MARTIN";"RIOJA";"RIOJA";"PRIVADO";"II-E";"00028254";"CLINICA SINAI";"240100";"HOSPITALIZACIÓN QUIRÚRGICA CIRUGÍA GENERAL ";"1";"1";"2";"2";"3";"6";"0"
"2023";"03";"220801";"SAN MARTIN";"RIOJA";"RIOJA";"PRIVADO";"II-E";"00028254";"CLINICA SINAI";"240100";"HOSPITALIZACIÓN QUIRÚRGICA CIRUGÍA GENERAL ";"1";"1";"3";"1";"3";"9";"0"
"2023";"03";"220801";"SAN MARTIN";"RIOJA";"RIOJA";"PRIVADO";"II-E";"00028254";"CLINICA SINAI";"240100";"HOSPITALIZACIÓN QUIRÚRGICA CIRUGÍA GENERAL ";"1";"1";"4";"2";"3";"7";"0"
"2023";"03";"220801";"SAN MARTIN";"RIOJA";"RIOJA";"PRIVADO";"II-E";"00028254";"CLINICA SINAI";"240100";"HOSPITALIZACIÓN QUIRÚRGICA CIRUGÍA GENERAL ";"1";"1";"3";"1";"2";"9";"0"
"2023";"03";"220801";"SAN MARTIN";"RIOJA";"RIOJA";"PRIVADO";"II-E";"00028254";"CLINICA SINAI";"240100";"HOSPITALIZACIÓN QUIRÚRGICA CIRUGÍA GENERAL ";"1";"1";"2";"1";"3";"8";"0"
"2023";"03";"240101";"TUMBES";"TUMBES";"TUMBES";"GOBIERNO REGIONAL";"I-3";"00028923";"CENTRO DE SALUD MENTAL COMUNITARIO ""VIRGEN DEL CISNE""";"NE_0001";"";"NE_0001";"NE_0001";"NE_0001";"NE_0001";"NE_0001";"NE_0001";"NE_0001"
"2023";"03";"240104";"TUMBES";"TUMBES";"PAMPAS DE HOSPITAL";"GOBIERNO REGIONAL";"I-1";"00001877";"CRUZ BLANCA.";"NE_0001";"";"NE_0001";"NE_0001";"NE_0001";"NE_0001";"NE_0001";"NE_0001";"NE_0001"
"2023";"03";"240106";"TUMBES";"TUMBES";"SAN JUAN DE LA VIRGEN";"GOBIERNO REGIONAL";"I-1";"00001880";"CERRO BLANCO";"NE_0001";"";"NE_0001";"NE_0001";"NE_0001";"NE_0001";"NE_0001";"NE_0001";"NE_0001"
"2023";"03";"240101";"TUMBES";"TUMBES";"TUMBES";"GOBIERNO REGIONAL";"I-2";"00001883";"PUERTO PIZARRO";"NE_0001";"";"NE_0001";"NE_0001";"NE_0001";"NE_0001";"NE_0001";"NE_0001";"NE_0001"
"2023";"03";"240101";"TUMBES";"TUMBES";"TUMBES";"GOBIERNO REGIONAL";"I-3";"00001884";"CLAS ANDRES ARAUJO MORAN";"NE_0001";"";"NE_0001";"NE_0001";"NE_0001";"NE_0001";"NE_0001";"NE_0001";"NE_0001"
"2023";"03";"240101";"TUMBES";"TUMBES";"TUMBES";"GOBIERNO REGIONAL";"0";"00013886";"LABORATORIO DE REFERENCIA REGIONAL DE SALUD PUBLICA";"NE_0001";"";"NE_0001";"NE_0001";"NE_0001";"NE_0001";"NE_0001";"NE_0001";"NE_0001"
"2023";"03";"240104";"TUMBES";"TUMBES";"PAMPAS DE HOSPITAL";"GOBIERNO REGIONAL";"I-2";"00001876";"CABUYAL";"NE_0001";"";"NE_0001";"NE_0001";"NE_0001";"NE_0001";"NE_0001";"NE_0001";"NE_0001"
"2023";"03";"240106";"TUMBES";"TUMBES";"SAN JUAN DE LA VIRGEN";"GOBIERNO REGIONAL";"I-1";"00001881";"GARBANZAL";"NE_0001";"";"NE_0001";"NE_0001";"NE_0001";"NE_0001";"NE_0001";"NE_0001";"NE_0001"
"2023";"03";"240101";"TUMBES";"TUMBES";"TUMBES";"GOBIERNO REGIONAL";"0";"00027613";"SAMU -TUMBES";"NE_0001";"";"NE_0001";"NE_0001";"NE_0001";"NE_0001";"NE_0001";"NE_0001";"NE_0001"
"2023";"03";"240104";"TUMBES";"TUMBES";"PAMPAS DE HOSPITAL";"GOBIERNO REGIONAL";"I-3";"00001875";"PAMPAS DE HOSPITAL";"NE_0001";"";"NE_0001";"NE_0001";"NE_0001";"NE_0001";"NE_0001";"NE_0001";"NE_0001"
"2023";"03";"240104";"TUMBES";"TUMBES";"PAMPAS DE HOSPITAL";"GOBIERNO REGIONAL";"I-1";"00001878";"EL LIMON";"NE_0001";"";"NE_0001";"NE_0001";"NE_0001";"NE_0001";"NE_0001";"NE_0001";"NE_0001"
"2023";"03";"240106";"TUMBES";"TUMBES";"SAN JUAN DE LA VIRGEN";"GOBIERNO REGIONAL";"I-3";"00001879";"CLAS SAN JUAN DE LA VIRGEN";"NE_0001";"";"NE_0001";"NE_0001";"NE_0001";"NE_0001";"NE_0001";"NE_0001";"NE_0001"
"2023";"03";"240101";"TUMBES";"TUMBES";"TUMBES";"GOBIERNO REGIONAL";"I-4";"00001882";"PAMPA GRANDE";"241800";"HOSPITALIZACIÓN DE MEDICINA MEDICINA GENERAL ";"27";"27";"30";"28";"1";"31";"0"
"2023";"03";"240101";"TUMBES";"TUMBES";"TUMBES";"GOBIERNO REGIONAL";"I-4";"00001882";"PAMPA GRANDE";"241600";"HOSPITALIZACIÓN QUIRÚRGICA OBSTETRICIA   ";"4";"4";"4";"4";"1";"31";"0"
"2023";"03";"240101";"TUMBES";"TUMBES";"TUMBES";"GOBIERNO REGIONAL";"I-2";"00023014";"GERARDO GONZALES VILLEGAS";"NE_0001";"";"NE_0001";"NE_0001";"NE_0001";"NE_0001";"NE_0001";"NE_0001";"NE_0001"
"2023";"01";"160101";"LORETO";"MAYNAS";"IQUITOS";"PRIVADO";"II-1";"00012170";"SERVICIOS MEDICOS CLINICA SANTA ANITA SRL";"NE_0002";"";"NE_0002";"NE_0002";"NE_0002";"NE_0002";"NE_0002";"NE_0002";"NE_0002"
"2023";"02";"230101";"TACNA";"TACNA";"TACNA";"ESSALUD";"I-2";"00010228";"CENTRO DE ATENCION PRIMARIA II  OSCAR FERNANDEZ DAVILA VÉLEZ";"NE_0001";"";"NE_0001";"NE_0001";"NE_0001";"NE_0001";"NE_0001";"NE_0001";"NE_0001"
"2023";"02";"050203";"AYACUCHO";"CANGALLO";"LOS MOROCHUCOS";"GOBIERNO REGIONAL";"I-1";"00017084";"PUESTO DE SALUD JUSCAYMARCA";"NE_0001";"";"NE_0001";"NE_0001";"NE_0001";"NE_0001";"NE_0001";"NE_0001";"NE_0001"
"2023";"02";"051002";"AYACUCHO";"VICTOR FAJARDO";"ALCAMENCA";"GOBIERNO REGIONAL";"I-1";"00003498";"PUESTO DE SALUD ALCAMENCA";"NE_0001";"";"NE_0001";"NE_0001";"NE_0001";"NE_0001";"NE_0001";"NE_0001";"NE_0001"
"2023";"02";"150133";"LIMA";"LIMA";"SAN JUAN DE MIRAFLORES";"PRIVADO";"II-E";"00017676";"OFTALMOSALUD";"NE_0001";"";"NE_0001";"NE_0001";"NE_0001";"NE_0001";"NE_0001";"NE_0001";"NE_0001"
"2023";"02";"220101";"SAN MARTIN";"MOYOBAMBA";"MOYOBAMBA";"GOBIERNO REGIONAL";"I-1";"00006316";"TAHUISHCO";"NE_0001";"";"NE_0001";"NE_0001";"NE_0001";"NE_0001";"NE_0001";"NE_0001";"NE_0001"
"2023";"02";"220101";"SAN MARTIN";"MOYOBAMBA";"MOYOBAMBA";"GOBIERNO REGIONAL";"I-1";"00006313";"MARONA";"NE_0001";"";"NE_0001";"NE_0001";"NE_0001";"NE_0001";"NE_0001";"NE_0001";"NE_0001"
"2023";"02";"220104";"SAN MARTIN";"MOYOBAMBA";"JEPELACIO";"GOBIERNO REGIONAL";"I-1";"00006317";"SAN MATEO";"NE_0001";"";"NE_0001";"NE_0001";"NE_0001";"NE_0001";"NE_0001";"NE_0001";"NE_0001"
"2023";"02";"220101";"SAN MARTIN";"MOYOBAMBA";"MOYOBAMBA";"GOBIERNO REGIONAL";"I-1";"00010110";"LA FLOR DE LA PRIMAVERA";"NE_0001";"";"NE_0001";"NE_0001";"NE_0001";"NE_0001";"NE_0001";"NE_0001";"NE_0001"
"2023";"02";"220101";"SAN MARTIN";"MOYOBAMBA";"MOYOBAMBA";"GOBIERNO REGIONAL";"I-1";"00006707";"CORDILLERA ANDINA";"NE_0001";"";"NE_0001";"NE_0001";"NE_0001";"NE_0001";"NE_0001";"NE_0001";"NE_0001"
"2023";"02";"220101";"SAN MARTIN";"MOYOBAMBA";"MOYOBAMBA";"GOBIERNO REGIONAL";"I-2";"00031276";"LA PRIMAVERA";"NE_0001";"";"NE_0001";"NE_0001";"NE_0001";"NE_0001";"NE_0001";"NE_0001";"NE_0001"
"2023";"02";"220101";"SAN MARTIN";"MOYOBAMBA";"MOYOBAMBA";"GOBIERNO REGIONAL";"I-3";"00006312";"LLUYLLUCUCHA";"NE_0001";"";"NE_0001";"NE_0001";"NE_0001";"NE_0001";"NE_0001";"NE_0001";"NE_0001"
"2023";"02";"220101";"SAN MARTIN";"MOYOBAMBA";"MOYOBAMBA";"GOBIERNO REGIONAL";"I-1";"00006314";"QUILLOALLPA";"NE_0001";"";"NE_0001";"NE_0001";"NE_0001";"NE_0001";"NE_0001";"NE_0001";"NE_0001"
"2023";"02";"220101";"SAN MARTIN";"MOYOBAMBA";"MOYOBAMBA";"GOBIERNO REGIONAL";"I-2";"00006315";"SUGLLAQUIRO";"NE_0001";"";"NE_0001";"NE_0001";"NE_0001";"NE_0001";"NE_0001";"NE_0001";"NE_0001"
"2023";"02";"220101";"SAN MARTIN";"MOYOBAMBA";"MOYOBAMBA";"GOBIERNO REGIONAL";"I-1";"00027097";"EL CONDOR";"NE_0001";"";"NE_0001";"NE_0001";"NE_0001";"NE_0001";"NE_0001";"NE_0001";"NE_0001"
"2023";"02";"081205";"CUSCO";"QUISPICANCHI";"CCATCA";"GOBIERNO REGIONAL";"I-1";"00012931";"CHICHINA";"NE_0002";"";"NE_0002";"NE_0002";"NE_0002";"NE_0002";"NE_0002";"NE_0002";"NE_0002"
"2023";"02";"081205";"CUSCO";"QUISPICANCHI";"CCATCA";"GOBIERNO REGIONAL";"I-1";"00016335";"CCAPANA";"NE_0002";"";"NE_0002";"NE_0002";"NE_0002";"NE_0002";"NE_0002";"NE_0002";"NE_0002"
"2023";"02";"081205";"CUSCO";"QUISPICANCHI";"CCATCA";"GOBIERNO REGIONAL";"I-2";"00002524";"PAMPACAMARA";"NE_0002";"";"NE_0002";"NE_0002";"NE_0002";"NE_0002";"NE_0002";"NE_0002";"NE_0002"
"2023";"02";"081209";"CUSCO";"QUISPICANCHI";"MARCAPATA";"GOBIERNO REGIONAL";"I-2";"00002535";"MARCAPATA";"NE_0002";"";"NE_0002";"NE_0002";"NE_0002";"NE_0002";"NE_0002";"NE_0002";"NE_0002"
"2023";"02";"081203";"CUSCO";"QUISPICANCHI";"CAMANTI";"GOBIERNO REGIONAL";"I-3";"00002526";"QUINCE MIL";"NE_0002";"";"NE_0002";"NE_0002";"NE_0002";"NE_0002";"NE_0002";"NE_0002";"NE_0002"
"2023";"02";"081205";"CUSCO";"QUISPICANCHI";"CCATCA";"GOBIERNO REGIONAL";"I-4";"00002528";"CCATCCA";"NE_0002";"";"NE_0002";"NE_0002";"NE_0002";"NE_0002";"NE_0002";"NE_0002";"NE_0002"
"2023";"02";"081210";"CUSCO";"QUISPICANCHI";"OCONGATE";"GOBIERNO REGIONAL";"I-4";"00002536";"OCONGATE";"NE_0002";"";"NE_0002";"NE_0002";"NE_0002";"NE_0002";"NE_0002";"NE_0002";"NE_0002"
"2023";"02";"130201";"LA LIBERTAD";"ASCOPE";"ASCOPE";"GOBIERNO REGIONAL";"II-1";"00005263";"HOSPITAL PROVINCIAL ASCOPE ""ROSA SANCHEZ DE SANTILLAN""";"241400";"HOSPITALIZACIÓN QUIRÚRGICA GINECO - OBSTETRICIA ";"21";"21";"45";"21";"1";"28";"0"
"2023";"02";"130201";"LA LIBERTAD";"ASCOPE";"ASCOPE";"GOBIERNO REGIONAL";"II-1";"00005263";"HOSPITAL PROVINCIAL ASCOPE ""ROSA SANCHEZ DE SANTILLAN""";"241500";"HOSPITALIZACIÓN QUIRÚRGICA GINECOLOGÍA  ";"1";"1";"1";"1";"1";"28";"0"
"2023";"02";"130201";"LA LIBERTAD";"ASCOPE";"ASCOPE";"GOBIERNO REGIONAL";"II-1";"00005263";"HOSPITAL PROVINCIAL ASCOPE ""ROSA SANCHEZ DE SANTILLAN""";"241600";"HOSPITALIZACIÓN QUIRÚRGICA OBSTETRICIA   ";"15";"15";"17";"15";"3";"84";"0"
"2023";"02";"130201";"LA LIBERTAD";"ASCOPE";"ASCOPE";"GOBIERNO REGIONAL";"II-1";"00005263";"HOSPITAL PROVINCIAL ASCOPE ""ROSA SANCHEZ DE SANTILLAN""";"241800";"HOSPITALIZACIÓN DE MEDICINA MEDICINA GENERAL ";"7";"8";"26";"8";"15";"420";"0"
"2023";"02";"120117";"JUNIN";"HUANCAYO";"HUALHUAS";"GOBIERNO REGIONAL";"I-2";"00000718";"HUALHUAS";"NE_0002";"";"NE_0002";"NE_0002";"NE_0002";"NE_0002";"NE_0002";"NE_0002";"NE_0002"
"2023";"02";"120114";"JUNIN";"HUANCAYO";"EL TAMBO";"GOBIERNO REGIONAL";"I-2";"00000715";"RAMIRO PRIALE";"NE_0002";"";"NE_0002";"NE_0002";"NE_0002";"NE_0002";"NE_0002";"NE_0002";"NE_0002"
"2023";"02";"120114";"JUNIN";"HUANCAYO";"EL TAMBO";"GOBIERNO REGIONAL";"I-1";"00000717";"LA VICTORIA";"NE_0002";"";"NE_0002";"NE_0002";"NE_0002";"NE_0002";"NE_0002";"NE_0002";"NE_0002"
"2023";"02";"120129";"JUNIN";"HUANCAYO";"SAN AGUSTIN";"GOBIERNO REGIONAL";"I-3";"00000722";"SAN AGUSTIN DE CAJAS";"NE_0002";"";"NE_0002";"NE_0002";"NE_0002";"NE_0002";"NE_0002";"NE_0002";"NE_0002"
"2023";"02";"120129";"JUNIN";"HUANCAYO";"SAN AGUSTIN";"GOBIERNO REGIONAL";"I-1";"00000723";"COILLOR";"NE_0002";"";"NE_0002";"NE_0002";"NE_0002";"NE_0002";"NE_0002";"NE_0002";"NE_0002"
"2023";"02";"120132";"JUNIN";"HUANCAYO";"SAÑO";"GOBIERNO REGIONAL";"I-2";"00000725";"SAN PEDRO DE SAÑO";"NE_0002";"";"NE_0002";"NE_0002";"NE_0002";"NE_0002";"NE_0002";"NE_0002";"NE_0002"
"2023";"02";"120130";"JUNIN";"HUANCAYO";"SAN JERONIMO DE TUNAN";"GOBIERNO REGIONAL";"I-3";"00000724";"SAN JERONIMO";"NE_0002";"";"NE_0002";"NE_0002";"NE_0002";"NE_0002";"NE_0002";"NE_0002";"NE_0002"
"2023";"02";"120114";"JUNIN";"HUANCAYO";"EL TAMBO";"GOBIERNO REGIONAL";"I-1";"00018190";"1RO DE MAYO";"NE_0002";"";"NE_0002";"NE_0002";"NE_0002";"NE_0002";"NE_0002";"NE_0002";"NE_0002"
"2023";"02";"120114";"JUNIN";"HUANCAYO";"EL TAMBO";"GOBIERNO REGIONAL";"I-1";"00000711";"SAÑOS CHICO";"NE_0002";"";"NE_0002";"NE_0002";"NE_0002";"NE_0002";"NE_0002";"NE_0002";"NE_0002"
"2023";"02";"120128";"JUNIN";"HUANCAYO";"QUILCAS";"GOBIERNO REGIONAL";"I-2";"00000720";"QUILCAS";"NE_0002";"";"NE_0002";"NE_0002";"NE_0002";"NE_0002";"NE_0002";"NE_0002";"NE_0002"
"2023";"02";"120114";"JUNIN";"HUANCAYO";"EL TAMBO";"GOBIERNO REGIONAL";"I-2";"00000735";"COCHAS CHICO";"NE_0002";"";"NE_0002";"NE_0002";"NE_0002";"NE_0002";"NE_0002";"NE_0002";"NE_0002"
"2023";"02";"120114";"JUNIN";"HUANCAYO";"EL TAMBO";"GOBIERNO REGIONAL";"I-1";"00000706";"SAÑOS GRANDE";"NE_0002";"";"NE_0002";"NE_0002";"NE_0002";"NE_0002";"NE_0002";"NE_0002";"NE_0002"
"2023";"02";"120114";"JUNIN";"HUANCAYO";"EL TAMBO";"GOBIERNO REGIONAL";"I-1";"00000708";"PACCHA";"NE_0002";"";"NE_0002";"NE_0002";"NE_0002";"NE_0002";"NE_0002";"NE_0002";"NE_0002"
"2023";"02";"120114";"JUNIN";"HUANCAYO";"EL TAMBO";"GOBIERNO REGIONAL";"I-1";"00000716";"HUALAHOYO";"NE_0002";"";"NE_0002";"NE_0002";"NE_0002";"NE_0002";"NE_0002";"NE_0002";"NE_0002"
"2023";"02";"120125";"JUNIN";"HUANCAYO";"PILCOMAYO";"GOBIERNO REGIONAL";"I-3";"00000719";"PILCOMAYO";"NE_0002";"";"NE_0002";"NE_0002";"NE_0002";"NE_0002";"NE_0002";"NE_0002";"NE_0002"
"2023";"02";"150113";"LIMA";"LIMA";"JESUS MARIA";"ESSALUD";"I-3";"00008711";"POLICLINICO PABLO BERMUDEZ";"NE_0001";"";"NE_0001";"NE_0001";"NE_0001";"NE_0001";"NE_0001";"NE_0001";"NE_0001"
"2023";"02";"060601";"CAJAMARCA";"CUTERVO";"CUTERVO";"GOBIERNO REGIONAL";"I-1";"00006851";"HUICHUD";"NE_0001";"";"NE_0001";"NE_0001";"NE_0001";"NE_0001";"NE_0001";"NE_0001";"NE_0001"
"2023";"02";"060601";"CAJAMARCA";"CUTERVO";"CUTERVO";"GOBIERNO REGIONAL";"I-1";"00007102";"SANICULLO ALTO";"NE_0001";"";"NE_0001";"NE_0001";"NE_0001";"NE_0001";"NE_0001";"NE_0001";"NE_0001"
"2023";"02";"060607";"CAJAMARCA";"CUTERVO";"QUEROCOTILLO";"GOBIERNO REGIONAL";"I-1";"00007746";"LAGUNAS";"NE_0001";"";"NE_0001";"NE_0001";"NE_0001";"NE_0001";"NE_0001";"NE_0001";"NE_0001"
"2023";"02";"060607";"CAJAMARCA";"CUTERVO";"QUEROCOTILLO";"GOBIERNO REGIONAL";"I-1";"00007747";"PAJURILLO";"NE_0001";"";"NE_0001";"NE_0001";"NE_0001";"NE_0001";"NE_0001";"NE_0001";"NE_0001"
"2023";"02";"060601";"CAJAMARCA";"CUTERVO";"CUTERVO";"GOBIERNO REGIONAL";"I-1";"00007752";"SANTA CLARA DE CAMSE";"NE_0001";"";"NE_0001";"NE_0001";"NE_0001";"NE_0001";"NE_0001";"NE_0001";"NE_0001"
"2023";"02";"211101";"PUNO";"SAN ROMAN";"JULIACA";"PRIVADO";"II-1";"00010815";"CLINICA ADVENTISTA AMERICANA DE JULIACA";"240000";"HOSPITALIZACIÓN";"137";"134";"486";"508";"40";"1109";"4"
"2023";"02";"120602";"JUNIN";"SATIPO";"COVIRIALI";"GOBIERNO REGIONAL";"I-1";"00000487";"SANTA MARIA";"NE_0001";"";"NE_0001";"NE_0001";"NE_0001";"NE_0001";"NE_0001";"NE_0001";"NE_0001"
"2023";"02";"120605";"JUNIN";"SATIPO";"PAMPA HERMOSA";"GOBIERNO REGIONAL";"I-2";"00017678";"HUANCAMACHAY";"NE_0001";"";"NE_0001";"NE_0001";"NE_0001";"NE_0001";"NE_0001";"NE_0001";"NE_0001"
"2023";"02";"120602";"JUNIN";"SATIPO";"COVIRIALI";"GOBIERNO REGIONAL";"I-1";"00000489";"BUENOS AIRES";"NE_0001";"";"NE_0001";"NE_0001";"NE_0001";"NE_0001";"NE_0001";"NE_0001";"NE_0001"
"2023";"02";"061102";"CAJAMARCA";"SAN MIGUEL";"BOLIVAR";"GOBIERNO REGIONAL";"I-1";"00007405";"SAN JOSE";"NE_0001";"";"NE_0001";"NE_0001";"NE_0001";"NE_0001";"NE_0001";"NE_0001";"NE_0001"
"2023";"02";"090301";"HUANCAVELICA";"ANGARAES";"LIRCAY";"GOBIERNO REGIONAL";"I-1";"00007373";"SOCCLLABAMBA";"NE_0001";"";"NE_0001";"NE_0001";"NE_0001";"NE_0001";"NE_0001";"NE_0001";"NE_0001"
"2023";"02";"090302";"HUANCAVELICA";"ANGARAES";"ANCHONGA";"GOBIERNO REGIONAL";"I-2";"00003961";"SAN PABLO DE OCCO";"NE_0001";"";"NE_0001";"NE_0001";"NE_0001";"NE_0001";"NE_0001";"NE_0001";"NE_0001"
"2023";"02";"090306";"HUANCAVELICA";"ANGARAES";"CONGALLA";"GOBIERNO REGIONAL";"I-1";"00003973";"YUNYACCASA";"NE_0001";"";"NE_0001";"NE_0001";"NE_0001";"NE_0001";"NE_0001";"NE_0001";"NE_0001"
"2023";"02";"090306";"HUANCAVELICA";"ANGARAES";"CONGALLA";"GOBIERNO REGIONAL";"I-1";"00003974";"CARCOSI";"NE_0001";"";"NE_0001";"NE_0001";"NE_0001";"NE_0001";"NE_0001";"NE_0001";"NE_0001"
"2023";"02";"090306";"HUANCAVELICA";"ANGARAES";"CONGALLA";"GOBIERNO REGIONAL";"I-1";"00003975";"LIRCAYCCASA";"NE_0001";"";"NE_0001";"NE_0001";"NE_0001";"NE_0001";"NE_0001";"NE_0001";"NE_0001"
"2023";"02";"090307";"HUANCAVELICA";"ANGARAES";"HUANCA-HUANCA";"GOBIERNO REGIONAL";"I-1";"00011200";"CCARAPA";"NE_0001";"";"NE_0001";"NE_0001";"NE_0001";"NE_0001";"NE_0001";"NE_0001";"NE_0001"
"2023";"02";"090301";"HUANCAVELICA";"ANGARAES";"LIRCAY";"GOBIERNO REGIONAL";"I-1";"00011201";"CIENEGUILLA";"NE_0001";"";"NE_0001";"NE_0001";"NE_0001";"NE_0001";"NE_0001";"NE_0001";"NE_0001"
"2023";"02";"090304";"HUANCAVELICA";"ANGARAES";"CCOCHACCASA";"GOBIERNO REGIONAL";"I-1";"00011204";"VELASCO PUCAPAMPA";"NE_0001";"";"NE_0001";"NE_0001";"NE_0001";"NE_0001";"NE_0001";"NE_0001";"NE_0001"
"2023";"02";"090301";"HUANCAVELICA";"ANGARAES";"LIRCAY";"GOBIERNO REGIONAL";"I-1";"00003948";"UCHCUPAMPA";"NE_0001";"";"NE_0001";"NE_0001";"NE_0001";"NE_0001";"NE_0001";"NE_0001";"NE_0001"
"2023";"02";"090310";"HUANCAVELICA";"ANGARAES";"SAN ANTONIO DE ANTAPARCO";"GOBIERNO REGIONAL";"I-1";"00003966";"MAICENA";"NE_0001";"";"NE_0001";"NE_0001";"NE_0001";"NE_0001";"NE_0001";"NE_0001";"NE_0001"
"2023";"02";"090311";"HUANCAVELICA";"ANGARAES";"SANTO TOMAS DE PATA";"GOBIERNO REGIONAL";"I-1";"00003967";"SANTO TOMAS DE PATA";"NE_0001";"";"NE_0001";"NE_0001";"NE_0001";"NE_0001";"NE_0001";"NE_0001";"NE_0001"
"2023";"02";"090311";"HUANCAVELICA";"ANGARAES";"SANTO TOMAS DE PATA";"GOBIERNO REGIONAL";"I-1";"00003968";"CHUPACC";"NE_0001";"";"NE_0001";"NE_0001";"NE_0001";"NE_0001";"NE_0001";"NE_0001";"NE_0001"
"2023";"02";"090301";"HUANCAVELICA";"ANGARAES";"LIRCAY";"GOBIERNO REGIONAL";"I-1";"00011202";"PAMPAHUASI";"NE_0001";"";"NE_0001";"NE_0001";"NE_0001";"NE_0001";"NE_0001";"NE_0001";"NE_0001"
"2023";"02";"090301";"HUANCAVELICA";"ANGARAES";"LIRCAY";"GOBIERNO REGIONAL";"I-1";"00011205";"UNION PROGRESO PATAHUASI";"NE_0001";"";"NE_0001";"NE_0001";"NE_0001";"NE_0001";"NE_0001";"NE_0001";"NE_0001"
"2023";"02";"090302";"HUANCAVELICA";"ANGARAES";"ANCHONGA";"GOBIERNO REGIONAL";"I-1";"00028780";"LLANCAPUQUIO";"NE_0001";"";"NE_0001";"NE_0001";"NE_0001";"NE_0001";"NE_0001";"NE_0001";"NE_0001"
"2023";"02";"090301";"HUANCAVELICA";"ANGARAES";"LIRCAY";"GOBIERNO REGIONAL";"I-1";"00003944";"BUENA VISTA";"NE_0001";"";"NE_0001";"NE_0001";"NE_0001";"NE_0001";"NE_0001";"NE_0001";"NE_0001"
"2023";"02";"090301";"HUANCAVELICA";"ANGARAES";"LIRCAY";"GOBIERNO REGIONAL";"I-1";"00003947";"CONSTANCIA";"NE_0001";"";"NE_0001";"NE_0001";"NE_0001";"NE_0001";"NE_0001";"NE_0001";"NE_0001"
"2023";"02";"090301";"HUANCAVELICA";"ANGARAES";"LIRCAY";"GOBIERNO REGIONAL";"I-1";"00003950";"CHALLHUAPUQUIO";"NE_0001";"";"NE_0001";"NE_0001";"NE_0001";"NE_0001";"NE_0001";"NE_0001";"NE_0001"
"2023";"02";"090307";"HUANCAVELICA";"ANGARAES";"HUANCA-HUANCA";"GOBIERNO REGIONAL";"I-2";"00003953";"HUANCA HUANCA";"NE_0001";"";"NE_0001";"NE_0001";"NE_0001";"NE_0001";"NE_0001";"NE_0001";"NE_0001"
"2023";"02";"090312";"HUANCAVELICA";"ANGARAES";"SECCLLA";"GOBIERNO REGIONAL";"I-1";"00003970";"QUISPICANCHA";"NE_0001";"";"NE_0001";"NE_0001";"NE_0001";"NE_0001";"NE_0001";"NE_0001";"NE_0001"
"2023";"02";"090301";"HUANCAVELICA";"ANGARAES";"LIRCAY";"GOBIERNO REGIONAL";"I-1";"00011769";"YANAUTUTO";"NE_0001";"";"NE_0001";"NE_0001";"NE_0001";"NE_0001";"NE_0001";"NE_0001";"NE_0001"
"2023";"02";"090303";"HUANCAVELICA";"ANGARAES";"CALLANMARCA";"GOBIERNO REGIONAL";"I-1";"00003952";"CALLANMARCA";"NE_0001";"";"NE_0001";"NE_0001";"NE_0001";"NE_0001";"NE_0001";"NE_0001";"NE_0001"
"2023";"01";"220401";"SAN MARTIN";"HUALLAGA";"SAPOSOA";"ESSALUD";"I-2";"00016483";"POSTA MEDICA SAPOSOA - ESSALUD";"NE_0001";"";"NE_0001";"NE_0001";"NE_0001";"NE_0001";"NE_0001";"NE_0001";"NE_0001"
"2023";"01";"120114";"JUNIN";"HUANCAYO";"EL TAMBO";"GOBIERNO REGIONAL";"I-2";"00000715";"RAMIRO PRIALE";"NE_0002";"";"NE_0002";"NE_0002";"NE_0002";"NE_0002";"NE_0002";"NE_0002";"NE_0002"
"2023";"01";"120114";"JUNIN";"HUANCAYO";"EL TAMBO";"GOBIERNO REGIONAL";"I-1";"00000717";"LA VICTORIA";"NE_0002";"";"NE_0002";"NE_0002";"NE_0002";"NE_0002";"NE_0002";"NE_0002";"NE_0002"
"2023";"01";"120129";"JUNIN";"HUANCAYO";"SAN AGUSTIN";"GOBIERNO REGIONAL";"I-3";"00000722";"SAN AGUSTIN DE CAJAS";"NE_0002";"";"NE_0002";"NE_0002";"NE_0002";"NE_0002";"NE_0002";"NE_0002";"NE_0002"
"2023";"01";"120114";"JUNIN";"HUANCAYO";"EL TAMBO";"GOBIERNO REGIONAL";"I-1";"00018190";"1RO DE MAYO";"NE_0002";"";"NE_0002";"NE_0002";"NE_0002";"NE_0002";"NE_0002";"NE_0002";"NE_0002"
"2023";"01";"120114";"JUNIN";"HUANCAYO";"EL TAMBO";"GOBIERNO REGIONAL";"I-1";"00000711";"SAÑOS CHICO";"NE_0002";"";"NE_0002";"NE_0002";"NE_0002";"NE_0002";"NE_0002";"NE_0002";"NE_0002"
"2023";"01";"120128";"JUNIN";"HUANCAYO";"QUILCAS";"GOBIERNO REGIONAL";"I-2";"00000720";"QUILCAS";"NE_0002";"";"NE_0002";"NE_0002";"NE_0002";"NE_0002";"NE_0002";"NE_0002";"NE_0002"
"2023";"01";"120114";"JUNIN";"HUANCAYO";"EL TAMBO";"GOBIERNO REGIONAL";"I-2";"00000735";"COCHAS CHICO";"NE_0002";"";"NE_0002";"NE_0002";"NE_0002";"NE_0002";"NE_0002";"NE_0002";"NE_0002"
"2023";"01";"120114";"JUNIN";"HUANCAYO";"EL TAMBO";"GOBIERNO REGIONAL";"I-1";"00000708";"PACCHA";"NE_0002";"";"NE_0002";"NE_0002";"NE_0002";"NE_0002";"NE_0002";"NE_0002";"NE_0002"
"2023";"01";"250107";"UCAYALI";"CORONEL PORTILLO";"MANANTAY";"ESSALUD";"I-2";"00013874";"POSTA MEDICA DE MANANTAY";"NE_0001";"";"NE_0001";"NE_0001";"NE_0001";"NE_0001";"NE_0001";"NE_0001";"NE_0001"
"2023";"02";"220105";"SAN MARTIN";"MOYOBAMBA";"SORITOR";"GOBIERNO REGIONAL";"I-1";"00006333";"ALTO PERU";"NE_0001";"";"NE_0001";"NE_0001";"NE_0001";"NE_0001";"NE_0001";"NE_0001";"NE_0001"
"2023";"02";"220105";"SAN MARTIN";"MOYOBAMBA";"SORITOR";"GOBIERNO REGIONAL";"I-1";"00006335";"JERICOB";"NE_0001";"";"NE_0001";"NE_0001";"NE_0001";"NE_0001";"NE_0001";"NE_0001";"NE_0001"
"2023";"02";"220105";"SAN MARTIN";"MOYOBAMBA";"SORITOR";"GOBIERNO REGIONAL";"I-1";"00006334";"ALTO SAN MARTIN";"NE_0001";"";"NE_0001";"NE_0001";"NE_0001";"NE_0001";"NE_0001";"NE_0001";"NE_0001"
"2023";"02";"220105";"SAN MARTIN";"MOYOBAMBA";"SORITOR";"GOBIERNO REGIONAL";"I-2";"00006336";"SAN MARCOS";"NE_0001";"";"NE_0001";"NE_0001";"NE_0001";"NE_0001";"NE_0001";"NE_0001";"NE_0001"
"2023";"02";"220105";"SAN MARTIN";"MOYOBAMBA";"SORITOR";"GOBIERNO REGIONAL";"I-4";"00006332";"SORITOR";"241600";"HOSPITALIZACIÓN QUIRÚRGICA OBSTETRICIA   ";"14";"14";"25";"14";"6";"168";"0"
"2023";"02";"220105";"SAN MARTIN";"MOYOBAMBA";"SORITOR";"GOBIERNO REGIONAL";"I-4";"00006332";"SORITOR";"241800";"HOSPITALIZACIÓN DE MEDICINA MEDICINA GENERAL ";"26";"27";"68";"27";"6";"168";"0"
"2023";"02";"220103";"SAN MARTIN";"MOYOBAMBA";"HABANA";"GOBIERNO REGIONAL";"I-3";"00006327";"CENTRO DE SALUD HABANA";"NE_0001";"";"NE_0001";"NE_0001";"NE_0001";"NE_0001";"NE_0001";"NE_0001";"NE_0001"
"2023";"02";"131101";"LA LIBERTAD";"GRAN CHIMU";"CASCAS";"GOBIERNO REGIONAL";"II-1";"00005277";"HOSPITAL PROVINCIAL DE CASCAS";"241600";"HOSPITALIZACIÓN QUIRÚRGICA OBSTETRICIA   ";"29";"26";"55";"5";"10";"369";"0"
"2023";"02";"131101";"LA LIBERTAD";"GRAN CHIMU";"CASCAS";"GOBIERNO REGIONAL";"II-1";"00005277";"HOSPITAL PROVINCIAL DE CASCAS";"241800";"HOSPITALIZACIÓN DE MEDICINA MEDICINA GENERAL ";"25";"22";"38";"8";"6";"62";"0"
"2023";"02";"120214";"JUNIN";"CONCEPCION";"SAN JOSE DE QUERO";"GOBIERNO REGIONAL";"I-3";"00000641";"SAN JOSE DE QUERO";"NE_0001";"";"NE_0001";"NE_0001";"NE_0001";"NE_0001";"NE_0001";"NE_0001";"NE_0001"
"2023";"02";"120214";"JUNIN";"CONCEPCION";"SAN JOSE DE QUERO";"GOBIERNO REGIONAL";"I-1";"00000644";"SANTA ROSA DE HUARMITA";"NE_0001";"";"NE_0001";"NE_0001";"NE_0001";"NE_0001";"NE_0001";"NE_0001";"NE_0001"
"2023";"02";"120214";"JUNIN";"CONCEPCION";"SAN JOSE DE QUERO";"GOBIERNO REGIONAL";"I-1";"00006738";"SULCAN";"NE_0001";"";"NE_0001";"NE_0001";"NE_0001";"NE_0001";"NE_0001";"NE_0001";"NE_0001"
"2023";"02";"120214";"JUNIN";"CONCEPCION";"SAN JOSE DE QUERO";"GOBIERNO REGIONAL";"I-2";"00000645";"USIBAMBA";"NE_0001";"";"NE_0001";"NE_0001";"NE_0001";"NE_0001";"NE_0001";"NE_0001";"NE_0001"
"2023";"02";"120214";"JUNIN";"CONCEPCION";"SAN JOSE DE QUERO";"GOBIERNO REGIONAL";"I-2";"00000642";"CHAQUICOCHA";"NE_0001";"";"NE_0001";"NE_0001";"NE_0001";"NE_0001";"NE_0001";"NE_0001";"NE_0001"
"2023";"02";"080503";"CUSCO";"CANAS";"KUNTURKANKI";"GOBIERNO REGIONAL";"I-4";"00007700";"EL DESCANSO";"NE_0001";"";"NE_0001";"NE_0001";"NE_0001";"NE_0001";"NE_0001";"NE_0001";"NE_0001"
"2023";"02";"080502";"CUSCO";"CANAS";"CHECCA";"GOBIERNO REGIONAL";"I-1";"00002367";"CHITIBAMBA";"NE_0001";"";"NE_0001";"NE_0001";"NE_0001";"NE_0001";"NE_0001";"NE_0001";"NE_0001"
"2023";"02";"080502";"CUSCO";"CANAS";"CHECCA";"GOBIERNO REGIONAL";"I-2";"00002366";"CHECCA";"NE_0001";"";"NE_0001";"NE_0001";"NE_0001";"NE_0001";"NE_0001";"NE_0001";"NE_0001"
"2023";"02";"200104";"PIURA";"PIURA";"CASTILLA";"ESSALUD";"II-E";"00016363";"INSTITUTO PERUANO DE OFTALMOLOGIA";"240000";"HOSPITALIZACIÓN";"64";"65";"73";"72";"6";"168";"0"
"2023";"02";"090301";"HUANCAVELICA";"ANGARAES";"LIRCAY";"GOBIERNO REGIONAL";"II-1";"00003943";"HOSPITAL DE LIRCAY";"240100";"HOSPITALIZACIÓN QUIRÚRGICA CIRUGÍA GENERAL ";"11";"11";"24";"11";"6";"168";"0"
"2023";"02";"090301";"HUANCAVELICA";"ANGARAES";"LIRCAY";"GOBIERNO REGIONAL";"II-1";"00003943";"HOSPITAL DE LIRCAY";"242500";"HOSPITALIZACIÓN-PEDIATRÍA GENERAL-";"13";"13";"35";"13";"3";"84";"0"
"2023";"02";"090301";"HUANCAVELICA";"ANGARAES";"LIRCAY";"GOBIERNO REGIONAL";"II-1";"00003943";"HOSPITAL DE LIRCAY";"241400";"HOSPITALIZACIÓN QUIRÚRGICA GINECO - OBSTETRICIA ";"59";"61";"124";"59";"9";"252";"0"
"2023";"02";"090301";"HUANCAVELICA";"ANGARAES";"LIRCAY";"GOBIERNO REGIONAL";"II-1";"00003943";"HOSPITAL DE LIRCAY";"241900";"HOSPITALIZACIÓN DE MEDICINA MEDICINA INTERNA ";"6";"7";"26";"6";"26";"728";"0"
"2023";"02";"100801";"HUANUCO";"PACHITEA";"PANAO";"ESSALUD";"I-2";"00009958";"POSTA MEDICA PANAO";"NE_0001";"";"NE_0001";"NE_0001";"NE_0001";"NE_0001";"NE_0001";"NE_0001";"NE_0001"
"2023";"02";"100504";"HUANUCO";"HUAMALIES";"JACAS GRANDE";"GOBIERNO REGIONAL";"I-2";"00000906";"CARHUAPATA";"NE_0001";"";"NE_0001";"NE_0001";"NE_0001";"NE_0001";"NE_0001";"NE_0001";"NE_0001"
"2023";"02";"100504";"HUANUCO";"HUAMALIES";"JACAS GRANDE";"GOBIERNO REGIONAL";"I-2";"00000897";"JACAS GRANDE";"NE_0001";"";"NE_0001";"NE_0001";"NE_0001";"NE_0001";"NE_0001";"NE_0001";"NE_0001"
"2023";"02";"100504";"HUANUCO";"HUAMALIES";"JACAS GRANDE";"GOBIERNO REGIONAL";"I-2";"00006888";"CASCANGA";"NE_0001";"";"NE_0001";"NE_0001";"NE_0001";"NE_0001";"NE_0001";"NE_0001";"NE_0001"
"2023";"02";"100504";"HUANUCO";"HUAMALIES";"JACAS GRANDE";"GOBIERNO REGIONAL";"I-2";"00000898";"ANDAS";"NE_0001";"";"NE_0001";"NE_0001";"NE_0001";"NE_0001";"NE_0001";"NE_0001";"NE_0001"
"2023";"02";"100504";"HUANUCO";"HUAMALIES";"JACAS GRANDE";"GOBIERNO REGIONAL";"I-1";"00006674";"NUEVAS FLORES";"NE_0001";"";"NE_0001";"NE_0001";"NE_0001";"NE_0001";"NE_0001";"NE_0001";"NE_0001"
"2023";"02";"120416";"JUNIN";"JAUJA";"MASMA";"GOBIERNO REGIONAL";"I-1";"00000361";"UCHUBAMBA";"NE_0001";"";"NE_0001";"NE_0001";"NE_0001";"NE_0001";"NE_0001";"NE_0001";"NE_0001"
"2023";"02";"120419";"JUNIN";"JAUJA";"MONOBAMBA";"GOBIERNO REGIONAL";"I-1";"00000363";"CHACAYBAMBA";"NE_0001";"";"NE_0001";"NE_0001";"NE_0001";"NE_0001";"NE_0001";"NE_0001";"NE_0001"
"2023";"03";"070101";"CALLAO";"CALLAO";"CALLAO";"SANIDAD DE LA POLICIA NACIONAL DEL PERU";"I-2";"00010451";"POSTA MÉDICA POLICIAL VIPOL";"NE_0001";"";"NE_0001";"NE_0001";"NE_0001";"NE_0001";"NE_0001";"NE_0001";"NE_0001"
"2023";"03";"240102";"TUMBES";"TUMBES";"CORRALES";"GOBIERNO REGIONAL";"I-2";"00001868";"MALVAL";"NE_0001";"";"NE_0001";"NE_0001";"NE_0001";"NE_0001";"NE_0001";"NE_0001";"NE_0001"
"2023";"03";"240102";"TUMBES";"TUMBES";"CORRALES";"GOBIERNO REGIONAL";"I-2";"00001867";"SAN ISIDRO";"NE_0001";"";"NE_0001";"NE_0001";"NE_0001";"NE_0001";"NE_0001";"NE_0001";"NE_0001"
"2023";"03";"240105";"TUMBES";"TUMBES";"SAN JACINTO";"GOBIERNO REGIONAL";"I-2";"00001873";"CASA BLANQUEADA";"NE_0001";"";"NE_0001";"NE_0001";"NE_0001";"NE_0001";"NE_0001";"NE_0001";"NE_0001"
"2023";"03";"240105";"TUMBES";"TUMBES";"SAN JACINTO";"GOBIERNO REGIONAL";"I-1";"00001871";"RICA PLAYA";"NE_0001";"";"NE_0001";"NE_0001";"NE_0001";"NE_0001";"NE_0001";"NE_0001";"NE_0001"
"2023";"03";"240105";"TUMBES";"TUMBES";"SAN JACINTO";"GOBIERNO REGIONAL";"I-2";"00001872";"VAQUERIA";"NE_0001";"";"NE_0001";"NE_0001";"NE_0001";"NE_0001";"NE_0001";"NE_0001";"NE_0001"
"2023";"03";"240102";"TUMBES";"TUMBES";"CORRALES";"GOBIERNO REGIONAL";"I-4";"00001866";"CLAS CORRALES";"241800";"HOSPITALIZACIÓN DE MEDICINA MEDICINA GENERAL ";"7";"9";"18";"13";"1";"31";"0"
"2023";"03";"240102";"TUMBES";"TUMBES";"CORRALES";"GOBIERNO REGIONAL";"I-4";"00001866";"CLAS CORRALES";"241600";"HOSPITALIZACIÓN QUIRÚRGICA OBSTETRICIA   ";"5";"5";"5";"5";"1";"31";"0"
"2023";"03";"240105";"TUMBES";"TUMBES";"SAN JACINTO";"GOBIERNO REGIONAL";"I-1";"00001874";"OIDOR.";"NE_0001";"";"NE_0001";"NE_0001";"NE_0001";"NE_0001";"NE_0001";"NE_0001";"NE_0001"
"2023";"03";"240103";"TUMBES";"TUMBES";"LA CRUZ";"GOBIERNO REGIONAL";"I-3";"00001869";"CLAS LA CRUZ";"NE_0001";"";"NE_0001";"NE_0001";"NE_0001";"NE_0001";"NE_0001";"NE_0001";"NE_0001"
"2023";"03";"240105";"TUMBES";"TUMBES";"SAN JACINTO";"GOBIERNO REGIONAL";"I-3";"00001870";"SAN JACINTO";"NE_0001";"";"NE_0001";"NE_0001";"NE_0001";"NE_0001";"NE_0001";"NE_0001";"NE_0001"
"2023";"03";"150116";"LIMA";"LIMA";"LINCE";"PRIVADO";"II-E";"00015927";"CLINICA DE OJOS D´OPELUCE";"NE_0001";"";"NE_0001";"NE_0001";"NE_0001";"NE_0001";"NE_0001";"NE_0001";"NE_0001"
"2023";"03";"200701";"PIURA";"TALARA";"PARIÑAS";"PRIVADO";"II-1";"00011395";"CLINICA VIGO 2000 S. CIVIL DE R.L.";"NE_0002";"";"NE_0002";"NE_0002";"NE_0002";"NE_0002";"NE_0002";"NE_0002";"NE_0002"
"2023";"03";"130503";"LA LIBERTAD";"JULCAN";"CARABAMBA";"GOBIERNO REGIONAL";"I-2";"00006773";"VILLA MARIA";"NE_0001";"";"NE_0001";"NE_0001";"NE_0001";"NE_0001";"NE_0001";"NE_0001";"NE_0001"
"2023";"03";"130503";"LA LIBERTAD";"JULCAN";"CARABAMBA";"GOBIERNO REGIONAL";"I-3";"00005310";"CARABAMBA";"NE_0001";"";"NE_0001";"NE_0001";"NE_0001";"NE_0001";"NE_0001";"NE_0001";"NE_0001"
"2023";"03";"130503";"LA LIBERTAD";"JULCAN";"CARABAMBA";"GOBIERNO REGIONAL";"I-2";"00005311";"SAN JOSE DE SALO BAJO";"NE_0001";"";"NE_0001";"NE_0001";"NE_0001";"NE_0001";"NE_0001";"NE_0001";"NE_0001"
"2023";"03";"150143";"LIMA";"LIMA";"VILLA MARIA DEL TRIUNFO";"PRIVADO";"I-4";"00010229";"CENTRO MEDICO ESPECIALIZADO VIRGEN DE LAS MERCEDES E.I.R.L";"NE_0002";"";"NE_0002";"NE_0002";"NE_0002";"NE_0002";"NE_0002";"NE_0002";"NE_0002"
"2023";"03";"190113";"PASCO";"PASCO";"YANACANCHA";"SANIDAD DE LA POLICIA NACIONAL DEL PERU";"I-2";"00011773";"POSTA MEDICA PNP CERRO DE PASCO";"NE_0001";"";"NE_0001";"NE_0001";"NE_0001";"NE_0001";"NE_0001";"NE_0001";"NE_0001"
"2023";"03";"160101";"LORETO";"MAYNAS";"IQUITOS";"PRIVADO";"II-1";"00011737";"CLINICA SAN JUAN";"240100";"HOSPITALIZACIÓN QUIRÚRGICA CIRUGÍA GENERAL ";"14";"14";"19";"7";"9";"13";"0"
"2023";"03";"160101";"LORETO";"MAYNAS";"IQUITOS";"PRIVADO";"II-1";"00011737";"CLINICA SAN JUAN";"241200";"HOSPITALIZACIÓN QUIRÚRGICA TRAUMATOLOGÍA Y ORTOPEDIA ";"15";"15";"24";"6";"9";"11";"0"
"2023";"03";"160101";"LORETO";"MAYNAS";"IQUITOS";"PRIVADO";"II-1";"00011737";"CLINICA SAN JUAN";"241400";"HOSPITALIZACIÓN QUIRÚRGICA GINECO - OBSTETRICIA ";"11";"11";"19";"6";"9";"10";"0"
"2023";"03";"160101";"LORETO";"MAYNAS";"IQUITOS";"PRIVADO";"II-1";"00011737";"CLINICA SAN JUAN";"241800";"HOSPITALIZACIÓN DE MEDICINA MEDICINA GENERAL ";"1";"1";"1";"1";"9";"10";"0"
"2023";"03";"160101";"LORETO";"MAYNAS";"IQUITOS";"PRIVADO";"II-1";"00011737";"CLINICA SAN JUAN";"243700";"HOSPITALIZACIÓN DE PEDIATRÍA PEDIATRIA OTORRINOLARINGOLOGÍA PEDIÁTRICA ";"4";"4";"6";"3";"9";"11";"0"
"2023";"03";"160101";"LORETO";"MAYNAS";"IQUITOS";"PRIVADO";"II-1";"00011737";"CLINICA SAN JUAN";"244300";"HOSPITALIZACIÓN DE MEDICINA GASTROENTEROLOGÍA  ";"1";"1";"1";"1";"9";"11";"0"
"2023";"03";"160101";"LORETO";"MAYNAS";"IQUITOS";"PRIVADO";"II-1";"00011737";"CLINICA SAN JUAN";"244700";"HOSPITALIZACIÓN DE MEDICINA NEUROLOGIA  ";"1";"1";"1";"1";"9";"12";"0"
"2023";"03";"150142";"LIMA";"LIMA";"VILLA EL SALVADOR";"PRIVADO";"I-2";"00013687";"ARIE";"NE_0002";"";"NE_0002";"NE_0002";"NE_0002";"NE_0002";"NE_0002";"NE_0002";"NE_0002"
"2023";"03";"180301";"MOQUEGUA";"ILO";"ILO";"ESSALUD";"II-1";"00016153";"HOSPITAL II ILO";"241800";"HOSPITALIZACIÓN DE MEDICINA MEDICINA GENERAL ";"22";"19";"94";"114";"4";"124";"3"
"2023";"03";"180301";"MOQUEGUA";"ILO";"ILO";"ESSALUD";"II-1";"00016153";"HOSPITAL II ILO";"240100";"HOSPITALIZACIÓN QUIRÚRGICA CIRUGÍA GENERAL ";"59";"68";"238";"214";"8";"248";"0"
"2023";"03";"180301";"MOQUEGUA";"ILO";"ILO";"ESSALUD";"II-1";"00016153";"HOSPITAL II ILO";"241500";"HOSPITALIZACIÓN QUIRÚRGICA GINECOLOGÍA  ";"15";"14";"56";"64";"3";"93";"0"
"2023";"03";"180301";"MOQUEGUA";"ILO";"ILO";"ESSALUD";"II-1";"00016153";"HOSPITAL II ILO";"241600";"HOSPITALIZACIÓN QUIRÚRGICA OBSTETRICIA   ";"35";"36";"80";"75";"3";"93";"0"
"2023";"03";"180301";"MOQUEGUA";"ILO";"ILO";"ESSALUD";"II-1";"00016153";"HOSPITAL II ILO";"242300";"HOSPITALIZACIÓN DE PEDIATRÍA  PEDIATRÍA  GENERAL ";"23";"22";"90";"90";"3";"93";"0"
"2023";"03";"180301";"MOQUEGUA";"ILO";"ILO";"ESSALUD";"II-1";"00016153";"HOSPITAL II ILO";"250304";"HOSPIT. EN UNIDAD DE CUID.INTEN.-UNIDAD DE VIGILANCIA INTENSIVA (UVI)-MEDICINA";"7";"7";"9";"10";"1";"31";"0"
"2023";"03";"100601";"HUANUCO";"LEONCIO PRADO";"RUPA-RUPA";"ESSALUD";"II-1";"00009180";"HOSPITAL I TINGO MARIA";"241800";"HOSPITALIZACIÓN DE MEDICINA MEDICINA GENERAL ";"31";"31";"33";"137";"7";"217";"2"
"2023";"03";"100601";"HUANUCO";"LEONCIO PRADO";"RUPA-RUPA";"ESSALUD";"II-1";"00009180";"HOSPITAL I TINGO MARIA";"240100";"HOSPITALIZACIÓN QUIRÚRGICA CIRUGÍA GENERAL ";"44";"42";"87";"183";"5";"183";"0"
"2023";"03";"100601";"HUANUCO";"LEONCIO PRADO";"RUPA-RUPA";"ESSALUD";"II-1";"00009180";"HOSPITAL I TINGO MARIA";"241500";"HOSPITALIZACIÓN QUIRÚRGICA GINECOLOGÍA  ";"25";"29";"116";"92";"4";"124";"0"
"2023";"03";"100601";"HUANUCO";"LEONCIO PRADO";"RUPA-RUPA";"ESSALUD";"II-1";"00009180";"HOSPITAL I TINGO MARIA";"241600";"HOSPITALIZACIÓN QUIRÚRGICA OBSTETRICIA   ";"21";"15";"90";"28";"3";"93";"0"
"2023";"03";"100601";"HUANUCO";"LEONCIO PRADO";"RUPA-RUPA";"ESSALUD";"II-1";"00009180";"HOSPITAL I TINGO MARIA";"242300";"HOSPITALIZACIÓN DE PEDIATRÍA  PEDIATRÍA  GENERAL ";"44";"43";"215";"127";"4";"127";"0"
"2023";"03";"200104";"PIURA";"PIURA";"CASTILLA";"ESSALUD";"II-E";"00016363";"INSTITUTO PERUANO DE OFTALMOLOGIA";"240000";"HOSPITALIZACIÓN";"75";"75";"104";"75";"6";"186";"0"
"2023";"03";"101002";"HUANUCO";"LAURICOCHA";"BAÑOS";"ESSALUD";"I-2";"00027081";"POSTA MÉDICA BAÑOS";"NE_0001";"";"NE_0001";"NE_0001";"NE_0001";"NE_0001";"NE_0001";"NE_0001";"NE_0001"
"2023";"03";"130501";"LA LIBERTAD";"JULCAN";"JULCAN";"GOBIERNO REGIONAL";"I-3";"00006775";"AYANGAY";"NE_0002";"";"NE_0002";"NE_0002";"NE_0002";"NE_0002";"NE_0002";"NE_0002";"NE_0002"
"2023";"03";"130501";"LA LIBERTAD";"JULCAN";"JULCAN";"GOBIERNO REGIONAL";"I-2";"00016423";"SAN ANTONIO";"NE_0002";"";"NE_0002";"NE_0002";"NE_0002";"NE_0002";"NE_0002";"NE_0002";"NE_0002"
"2023";"03";"130501";"LA LIBERTAD";"JULCAN";"JULCAN";"GOBIERNO REGIONAL";"I-2";"00006963";"CHUGURPAMPA";"NE_0002";"";"NE_0002";"NE_0002";"NE_0002";"NE_0002";"NE_0002";"NE_0002";"NE_0002"
"2023";"02";"150510";"LIMA";"CAÑETE";"NUEVO IMPERIAL";"SANIDAD DE LA POLICIA NACIONAL DEL PERU";"I-3";"00017849";"POLICLINICO POLICIAL CAÑETE";"NE_0001";"";"NE_0001";"NE_0001";"NE_0001";"NE_0001";"NE_0001";"NE_0001";"NE_0001"
"2023";"02";"150135";"LIMA";"LIMA";"SAN MARTIN DE PORRES";"SANIDAD DE LA POLICIA NACIONAL DEL PERU";"I-3";"00011876";"POLICLINICO PNP SAN MARTIN DE PORRES";"NE_0001";"";"NE_0001";"NE_0001";"NE_0001";"NE_0001";"NE_0001";"NE_0001";"NE_0001"
"2023";"02";"040201";"AREQUIPA";"CAMANA";"CAMANA";"SANIDAD DE LA POLICIA NACIONAL DEL PERU";"I-2";"00011661";"POSTA MEDICA POLICIAL CAMANA";"NE_0001";"";"NE_0001";"NE_0001";"NE_0001";"NE_0001";"NE_0001";"NE_0001";"NE_0001"
"2023";"02";"021806";"ANCASH";"SANTA";"NEPEÑA";"ESSALUD";"I-3";"00009921";"CENTRO DE ATENCION PRIMARIA II SAN JACINTO";"NE_0001";"";"NE_0001";"NE_0001";"NE_0001";"NE_0001";"NE_0001";"NE_0001";"NE_0001"
"2023";"02";"100604";"HUANUCO";"LEONCIO PRADO";"JOSE CRESPO Y CASTILLO";"ESSALUD";"I-2";"00027083";"POSTA MÉDICA AUCAYACU";"NE_0001";"";"NE_0001";"NE_0001";"NE_0001";"NE_0001";"NE_0001";"NE_0001";"NE_0001"
"2023";"02";"120706";"JUNIN";"TARMA";"PALCA";"GOBIERNO REGIONAL";"I-1";"00000572";"LLACSACACA";"NE_0001";"";"NE_0001";"NE_0001";"NE_0001";"NE_0001";"NE_0001";"NE_0001";"NE_0001"
"2023";"02";"120706";"JUNIN";"TARMA";"PALCA";"GOBIERNO REGIONAL";"I-1";"00000573";"CHIPOCAYO";"NE_0001";"";"NE_0001";"NE_0001";"NE_0001";"NE_0001";"NE_0001";"NE_0001";"NE_0001"
"2023";"02";"120706";"JUNIN";"TARMA";"PALCA";"GOBIERNO REGIONAL";"I-3";"00000569";"PALCA";"NE_0001";"";"NE_0001";"NE_0001";"NE_0001";"NE_0001";"NE_0001";"NE_0001";"NE_0001"
"2023";"02";"120706";"JUNIN";"TARMA";"PALCA";"GOBIERNO REGIONAL";"I-1";"00000574";"YAROCA";"NE_0001";"";"NE_0001";"NE_0001";"NE_0001";"NE_0001";"NE_0001";"NE_0001";"NE_0001"
"2023";"02";"120706";"JUNIN";"TARMA";"PALCA";"GOBIERNO REGIONAL";"I-1";"00000575";"HUARIPAMPA";"NE_0001";"";"NE_0001";"NE_0001";"NE_0001";"NE_0001";"NE_0001";"NE_0001";"NE_0001"
"2023";"02";"120706";"JUNIN";"TARMA";"PALCA";"GOBIERNO REGIONAL";"I-1";"00000576";"PATAY";"NE_0001";"";"NE_0001";"NE_0001";"NE_0001";"NE_0001";"NE_0001";"NE_0001";"NE_0001"
"2023";"02";"080907";"CUSCO";"LA CONVENCION";"KIMBIRI";"GOBIERNO REGIONAL";"II-E";"00002469";"SAN JUAN DE KIMBIRI-VRAEM";"240100";"HOSPITALIZACIÓN QUIRÚRGICA CIRUGÍA GENERAL ";"22";"27";"103";"84";"8";"224";"1"
"2023";"02";"080907";"CUSCO";"LA CONVENCION";"KIMBIRI";"GOBIERNO REGIONAL";"II-E";"00002469";"SAN JUAN DE KIMBIRI-VRAEM";"241400";"HOSPITALIZACIÓN QUIRÚRGICA GINECO - OBSTETRICIA ";"129";"132";"282";"313";"9";"325";"0"
"2023";"02";"080907";"CUSCO";"LA CONVENCION";"KIMBIRI";"GOBIERNO REGIONAL";"II-E";"00002469";"SAN JUAN DE KIMBIRI-VRAEM";"241800";"HOSPITALIZACIÓN DE MEDICINA MEDICINA GENERAL ";"34";"28";"115";"103";"4";"131";"0"
"2023";"02";"080907";"CUSCO";"LA CONVENCION";"KIMBIRI";"GOBIERNO REGIONAL";"II-E";"00002469";"SAN JUAN DE KIMBIRI-VRAEM";"242500";"HOSPITALIZACIÓN-PEDIATRÍA GENERAL-";"39";"43";"157";"150";"12";"336";"0"
"2023";"02";"080108";"CUSCO";"CUSCO";"WANCHAQ";"ESSALUD";"III-1";"00010041";"ADOLFO GUEVARA VELASCO";"241900";"HOSPITALIZACIÓN DE MEDICINA MEDICINA INTERNA ";"7";"7";"46";"46";"2";"56";"0"
"2023";"02";"080108";"CUSCO";"CUSCO";"WANCHAQ";"ESSALUD";"III-1";"00010041";"ADOLFO GUEVARA VELASCO";"241900";"HOSPITALIZACIÓN DE MEDICINA MEDICINA INTERNA ";"43";"39";"325";"349";"13";"364";"0"
"2023";"02";"080108";"CUSCO";"CUSCO";"WANCHAQ";"ESSALUD";"III-1";"00010041";"ADOLFO GUEVARA VELASCO";"241900";"HOSPITALIZACIÓN DE MEDICINA MEDICINA INTERNA ";"11";"10";"93";"159";"6";"168";"0"
"2023";"02";"080108";"CUSCO";"CUSCO";"WANCHAQ";"ESSALUD";"III-1";"00010041";"ADOLFO GUEVARA VELASCO";"241900";"HOSPITALIZACIÓN DE MEDICINA MEDICINA INTERNA ";"2";"29";"462";"355";"13";"364";"0"
"2023";"02";"080108";"CUSCO";"CUSCO";"WANCHAQ";"ESSALUD";"III-1";"00010041";"ADOLFO GUEVARA VELASCO";"241900";"HOSPITALIZACIÓN DE MEDICINA MEDICINA INTERNA ";"1";"4";"98";"34";"2";"56";"0"
"2023";"02";"080108";"CUSCO";"CUSCO";"WANCHAQ";"ESSALUD";"III-1";"00010041";"ADOLFO GUEVARA VELASCO";"241900";"HOSPITALIZACIÓN DE MEDICINA MEDICINA INTERNA ";"5";"4";"13";"8";"2";"56";"2"
"2023";"02";"080108";"CUSCO";"CUSCO";"WANCHAQ";"ESSALUD";"III-1";"00010041";"ADOLFO GUEVARA VELASCO";"241900";"HOSPITALIZACIÓN DE MEDICINA MEDICINA INTERNA ";"6";"5";"46";"61";"3";"84";"0"
"2023";"02";"080108";"CUSCO";"CUSCO";"WANCHAQ";"ESSALUD";"III-1";"00010041";"ADOLFO GUEVARA VELASCO";"241900";"HOSPITALIZACIÓN DE MEDICINA MEDICINA INTERNA ";"115";"95";"1270";"1219";"44";"1232";"16"
"2023";"02";"080108";"CUSCO";"CUSCO";"WANCHAQ";"ESSALUD";"III-1";"00010041";"ADOLFO GUEVARA VELASCO";"241900";"HOSPITALIZACIÓN DE MEDICINA MEDICINA INTERNA ";"37";"40";"585";"408";"16";"448";"2"
"2023";"02";"080108";"CUSCO";"CUSCO";"WANCHAQ";"ESSALUD";"III-1";"00010041";"ADOLFO GUEVARA VELASCO";"241900";"HOSPITALIZACIÓN DE MEDICINA MEDICINA INTERNA ";"19";"25";"147";"130";"7";"196";"0"
"2023";"02";"080108";"CUSCO";"CUSCO";"WANCHAQ";"ESSALUD";"III-1";"00010041";"ADOLFO GUEVARA VELASCO";"242100";"HOSPITALIZACIÓN DE MEDICINA ONCOLOGÍA MÉDICA ";"89";"91";"509";"521";"19";"532";"2"
"2023";"02";"080108";"CUSCO";"CUSCO";"WANCHAQ";"ESSALUD";"III-1";"00010041";"ADOLFO GUEVARA VELASCO";"240200";"HOSPITALIZACIÓN QUIRÚRGICA CIRUGÍA DE CABEZA Y CUELLO / MÁXILO FACIAL ";"17";"14";"110";"178";"7";"196";"0"
"2023";"02";"080108";"CUSCO";"CUSCO";"WANCHAQ";"ESSALUD";"III-1";"00010041";"ADOLFO GUEVARA VELASCO";"240400";"HOSPITALIZACIÓN QUIRÚRGICA CIRUGÍA DE TÓRAX Y CARDIOVASCULAR ";"23";"23";"124";"150";"6";"168";"0"
"2023";"02";"080108";"CUSCO";"CUSCO";"WANCHAQ";"ESSALUD";"III-1";"00010041";"ADOLFO GUEVARA VELASCO";"241000";"HOSPITALIZACIÓN QUIRÚRGICA ONCOLOGÍA QUIRÚRGICA  ";"37";"38";"149";"148";"6";"168";"0"
"2023";"02";"080108";"CUSCO";"CUSCO";"WANCHAQ";"ESSALUD";"III-1";"00010041";"ADOLFO GUEVARA VELASCO";"240100";"HOSPITALIZACIÓN QUIRÚRGICA CIRUGÍA GENERAL ";"197";"201";"645";"570";"22";"616";"0"
"2023";"02";"080108";"CUSCO";"CUSCO";"WANCHAQ";"ESSALUD";"III-1";"00010041";"ADOLFO GUEVARA VELASCO";"240800";"HOSPITALIZACIÓN QUIRÚRGICA CIRUGÍA PLÁSTICA/RECONSTRUCTIVA/ REPARADORA ";"1";"2";"15";"15";"1";"28";"0"
"2023";"02";"080108";"CUSCO";"CUSCO";"WANCHAQ";"ESSALUD";"III-1";"00010041";"ADOLFO GUEVARA VELASCO";"240900";"HOSPITALIZACIÓN QUIRÚRGICA NEUROCIRUGÍA ";"22";"26";"246";"280";"11";"308";"0"
"2023";"02";"080108";"CUSCO";"CUSCO";"WANCHAQ";"ESSALUD";"III-1";"00010041";"ADOLFO GUEVARA VELASCO";"241200";"HOSPITALIZACIÓN QUIRÚRGICA TRAUMATOLOGÍA Y ORTOPEDIA ";"84";"83";"631";"655";"25";"700";"0"
"2023";"02";"080108";"CUSCO";"CUSCO";"WANCHAQ";"ESSALUD";"III-1";"00010041";"ADOLFO GUEVARA VELASCO";"241100";"HOSPITALIZACIÓN QUIRÚRGICA OTORRINOLARINGOLOGÍA  ";"42";"41";"187";"191";"8";"224";"0"
"2023";"02";"080108";"CUSCO";"CUSCO";"WANCHAQ";"ESSALUD";"III-1";"00010041";"ADOLFO GUEVARA VELASCO";"241300";"HOSPITALIZACIÓN QUIRÚRGICA UROLOGÍA  ";"60";"67";"382";"385";"15";"420";"0"
"2023";"02";"080108";"CUSCO";"CUSCO";"WANCHAQ";"ESSALUD";"III-1";"00010041";"ADOLFO GUEVARA VELASCO";"241500";"HOSPITALIZACIÓN QUIRÚRGICA GINECOLOGÍA  ";"108";"105";"281";"257";"16";"448";"0"
"2023";"02";"080108";"CUSCO";"CUSCO";"WANCHAQ";"ESSALUD";"III-1";"00010041";"ADOLFO GUEVARA VELASCO";"241600";"HOSPITALIZACIÓN QUIRÚRGICA OBSTETRICIA   ";"271";"276";"720";"714";"30";"840";"0"
"2023";"02";"080108";"CUSCO";"CUSCO";"WANCHAQ";"ESSALUD";"III-1";"00010041";"ADOLFO GUEVARA VELASCO";"242300";"HOSPITALIZACIÓN DE PEDIATRÍA  PEDIATRÍA  GENERAL ";"41";"37";"259";"276";"11";"308";"0"
"2023";"02";"080108";"CUSCO";"CUSCO";"WANCHAQ";"ESSALUD";"III-1";"00010041";"ADOLFO GUEVARA VELASCO";"240700";"HOSPITALIZACIÓN QUIRÚRGICA CIRUGÍA PEDIÁTRICA ";"15";"14";"59";"60";"10";"280";"0"
"2023";"02";"080108";"CUSCO";"CUSCO";"WANCHAQ";"ESSALUD";"III-1";"00010041";"ADOLFO GUEVARA VELASCO";"250100";"UNIDAD DE CUIDADOS CRITICOS UNIDAD  DE CUIDADOS INTENSIVOS GENERALES (UCI) ";"20";"3";"69";"178";"12";"336";"3"
"2023";"02";"080108";"CUSCO";"CUSCO";"WANCHAQ";"ESSALUD";"III-1";"00010041";"ADOLFO GUEVARA VELASCO";"250108";"UNIDAD DE CUIDADOS CRITICOS UNIDAD  DE CUIDADOS INTENSIVOS  (UCI) PEDIÁTRICA";"6";"0";"0";"41";"3";"84";"0"
"2023";"02";"080108";"CUSCO";"CUSCO";"WANCHAQ";"ESSALUD";"III-1";"00010041";"ADOLFO GUEVARA VELASCO";"250105";"UNIDAD DE CUIDADOS CRITICOS UNIDAD  DE CUIDADOS INTENSIVOS  (UCI) NEONATOLOGÍA";"6";"1";"3";"76";"10";"280";"3"
"2023";"02";"080108";"CUSCO";"CUSCO";"WANCHAQ";"ESSALUD";"III-1";"00010041";"ADOLFO GUEVARA VELASCO";"250200";"UNIDAD DE CUIDADOS CRITICOS UNIDAD DE CUIDADOS INTERMEDIOS GENERAL  (UCIN) ";"2";"0";"0";"161";"8";"224";"0"
"2023";"02";"080108";"CUSCO";"CUSCO";"WANCHAQ";"ESSALUD";"III-1";"00010041";"ADOLFO GUEVARA VELASCO";"250105";"UNIDAD DE CUIDADOS CRITICOS UNIDAD  DE CUIDADOS INTENSIVOS  (UCI) NEONATOLOGÍA";"11";"16";"149";"260";"10";"280";"0"
"2023";"02";"080108";"CUSCO";"CUSCO";"WANCHAQ";"ESSALUD";"III-1";"00010041";"ADOLFO GUEVARA VELASCO";"250105";"UNIDAD DE CUIDADOS CRITICOS UNIDAD  DE CUIDADOS INTENSIVOS  (UCI) NEONATOLOGÍA";"16";"23";"394";"342";"13";"364";"0"
"2023";"02";"080108";"CUSCO";"CUSCO";"WANCHAQ";"ESSALUD";"III-1";"00010041";"ADOLFO GUEVARA VELASCO";"250105";"UNIDAD DE CUIDADOS CRITICOS UNIDAD  DE CUIDADOS INTENSIVOS  (UCI) NEONATOLOGÍA";"2";"32";"212";"224";"8";"224";"0"
"2023";"02";"050206";"AYACUCHO";"CANGALLO";"TOTOS";"GOBIERNO REGIONAL";"I-1";"00003625";"QUIÑASI";"NE_0001";"";"NE_0001";"NE_0001";"NE_0001";"NE_0001";"NE_0001";"NE_0001";"NE_0001"
"2023";"02";"051012";"AYACUCHO";"VICTOR FAJARDO";"VILCANCHOS";"GOBIERNO REGIONAL";"I-1";"00003627";"COCAS";"NE_0001";"";"NE_0001";"NE_0001";"NE_0001";"NE_0001";"NE_0001";"NE_0001";"NE_0001"
"2023";"02";"050206";"AYACUCHO";"CANGALLO";"TOTOS";"GOBIERNO REGIONAL";"I-1";"00003622";"CHUYMAY";"NE_0001";"";"NE_0001";"NE_0001";"NE_0001";"NE_0001";"NE_0001";"NE_0001";"NE_0001"
"2023";"02";"050206";"AYACUCHO";"CANGALLO";"TOTOS";"GOBIERNO REGIONAL";"I-3";"00003623";"CENTRO DE SALUD TOTOS";"241400";"HOSPITALIZACIÓN QUIRÚRGICA GINECO - OBSTETRICIA ";"1";"6";"9";"1";"1";"2";"0"
"2023";"02";"051012";"AYACUCHO";"VICTOR FAJARDO";"VILCANCHOS";"GOBIERNO REGIONAL";"I-2";"00003628";"PUESTO DE SALUD VILCANCHOS";"NE_0001";"";"NE_0001";"NE_0001";"NE_0001";"NE_0001";"NE_0001";"NE_0001";"NE_0001"
"2023";"02";"080902";"CUSCO";"LA CONVENCION";"ECHARATE";"GOBIERNO REGIONAL";"I-2";"00002440";"PANGOA";"NE_0001";"";"NE_0001";"NE_0001";"NE_0001";"NE_0001";"NE_0001";"NE_0001";"NE_0001"
"2023";"02";"080902";"CUSCO";"LA CONVENCION";"ECHARATE";"GOBIERNO REGIONAL";"I-2";"00002431";"IVOCHOTE";"NE_0001";"";"NE_0001";"NE_0001";"NE_0001";"NE_0001";"NE_0001";"NE_0001";"NE_0001"
"2023";"02";"080902";"CUSCO";"LA CONVENCION";"ECHARATE";"GOBIERNO REGIONAL";"I-3";"00002432";"KEPASHIATO";"NE_0001";"";"NE_0001";"NE_0001";"NE_0001";"NE_0001";"NE_0001";"NE_0001";"NE_0001"
"2023";"02";"080909";"CUSCO";"LA CONVENCION";"VILCABAMBA";"GOBIERNO REGIONAL";"I-1";"00002493";"SELVA ALEGRE";"NE_0001";"";"NE_0001";"NE_0001";"NE_0001";"NE_0001";"NE_0001";"NE_0001";"NE_0001"
"2023";"02";"080902";"CUSCO";"LA CONVENCION";"ECHARATE";"GOBIERNO REGIONAL";"I-4";"00002427";"KITENI";"NE_0001";"";"NE_0001";"NE_0001";"NE_0001";"NE_0001";"NE_0001";"NE_0001";"NE_0001"
"2023";"02";"080902";"CUSCO";"LA CONVENCION";"ECHARATE";"GOBIERNO REGIONAL";"I-1";"00002443";"SANIRIATO";"NE_0001";"";"NE_0001";"NE_0001";"NE_0001";"NE_0001";"NE_0001";"NE_0001";"NE_0001"
"2023";"02";"080909";"CUSCO";"LA CONVENCION";"VILCABAMBA";"GOBIERNO REGIONAL";"I-2";"00002489";"YUVENI";"NE_0001";"";"NE_0001";"NE_0001";"NE_0001";"NE_0001";"NE_0001";"NE_0001";"NE_0001"
"2023";"02";"080902";"CUSCO";"LA CONVENCION";"ECHARATE";"GOBIERNO REGIONAL";"I-1";"00013068";"TRIO RIO";"NE_0001";"";"NE_0001";"NE_0001";"NE_0001";"NE_0001";"NE_0001";"NE_0001";"NE_0001"
"2023";"02";"080902";"CUSCO";"LA CONVENCION";"ECHARATE";"GOBIERNO REGIONAL";"I-2";"00002434";"MATERIATO";"NE_0001";"";"NE_0001";"NE_0001";"NE_0001";"NE_0001";"NE_0001";"NE_0001";"NE_0001"
"2023";"02";"080902";"CUSCO";"LA CONVENCION";"ECHARATE";"GOBIERNO REGIONAL";"I-1";"00002438";"PACHIRI";"NE_0001";"";"NE_0001";"NE_0001";"NE_0001";"NE_0001";"NE_0001";"NE_0001";"NE_0001"
"2023";"02";"080909";"CUSCO";"LA CONVENCION";"VILCABAMBA";"GOBIERNO REGIONAL";"I-1";"00006976";"CHONTABAMBA";"NE_0001";"";"NE_0001";"NE_0001";"NE_0001";"NE_0001";"NE_0001";"NE_0001";"NE_0001"
"2023";"02";"080902";"CUSCO";"LA CONVENCION";"ECHARATE";"GOBIERNO REGIONAL";"I-2";"00002447";"KAMANQUIRIATO";"NE_0001";"";"NE_0001";"NE_0001";"NE_0001";"NE_0001";"NE_0001";"NE_0001";"NE_0001"
"2023";"02";"080902";"CUSCO";"LA CONVENCION";"ECHARATE";"GOBIERNO REGIONAL";"I-1";"00013069";"PUGUIENTIMARI";"NE_0001";"";"NE_0001";"NE_0001";"NE_0001";"NE_0001";"NE_0001";"NE_0001";"NE_0001"
"2023";"03";"050101";"AYACUCHO";"HUAMANGA";"AYACUCHO";"SANIDAD DE LA POLICIA NACIONAL DEL PERU";"I-3";"00011426";"POLICLINICO POLICIAL DE AYACUCHO";"NE_0001";"";"NE_0001";"NE_0001";"NE_0001";"NE_0001";"NE_0001";"NE_0001";"NE_0001"
"2023";"02";"240201";"TUMBES";"CONTRALMIRANTE VILLAR";"ZORRITOS";"ESSALUD";"I-2";"00012273";"POSTA MEDICA ZORRITOS";"NE_0001";"";"NE_0001";"NE_0001";"NE_0001";"NE_0001";"NE_0001";"NE_0001";"NE_0001"
"2023";"03";"050104";"AYACUCHO";"HUAMANGA";"CARMEN ALTO";"SANIDAD DE LA POLICIA NACIONAL DEL PERU";"I-2";"00027415";"POSTA MEDICA POLICIAL EESTP PNP AYACUCHO";"NE_0001";"";"NE_0001";"NE_0001";"NE_0001";"NE_0001";"NE_0001";"NE_0001";"NE_0001"
"2023";"03";"080707";"CUSCO";"CHUMBIVILCAS";"QUIÑOTA";"GOBIERNO REGIONAL";"I-1";"00006984";"CCOLLANA";"NE_0001";"";"NE_0001";"NE_0001";"NE_0001";"NE_0001";"NE_0001";"NE_0001";"NE_0001"
"2023";"03";"080706";"CUSCO";"CHUMBIVILCAS";"LLUSCO";"GOBIERNO REGIONAL";"I-1";"00027008";"ANTUYO";"NE_0001";"";"NE_0001";"NE_0001";"NE_0001";"NE_0001";"NE_0001";"NE_0001";"NE_0001"
"2023";"03";"080707";"CUSCO";"CHUMBIVILCAS";"QUIÑOTA";"GOBIERNO REGIONAL";"I-1";"00025369";"PUMALLACTA";"NE_0001";"";"NE_0001";"NE_0001";"NE_0001";"NE_0001";"NE_0001";"NE_0001";"NE_0001"
"2023";"03";"080706";"CUSCO";"CHUMBIVILCAS";"LLUSCO";"GOBIERNO REGIONAL";"I-2";"00006747";"LUTTO";"NE_0001";"";"NE_0001";"NE_0001";"NE_0001";"NE_0001";"NE_0001";"NE_0001";"NE_0001"
"2023";"03";"080706";"CUSCO";"CHUMBIVILCAS";"LLUSCO";"GOBIERNO REGIONAL";"I-2";"00002407";"LLUSCO";"NE_0001";"";"NE_0001";"NE_0001";"NE_0001";"NE_0001";"NE_0001";"NE_0001";"NE_0001"
"2023";"03";"080707";"CUSCO";"CHUMBIVILCAS";"QUIÑOTA";"GOBIERNO REGIONAL";"I-2";"00002408";"QUIÑOTA";"NE_0001";"";"NE_0001";"NE_0001";"NE_0001";"NE_0001";"NE_0001";"NE_0001";"NE_0001"
"2023";"03";"040108";"AREQUIPA";"AREQUIPA";"LA JOYA";"GOBIERNO REGIONAL";"I-3";"00001322";"LA JOYA";"NE_0001";"";"NE_0001";"NE_0001";"NE_0001";"NE_0001";"NE_0001";"NE_0001";"NE_0001"
"2023";"03";"040108";"AREQUIPA";"AREQUIPA";"LA JOYA";"GOBIERNO REGIONAL";"I-1";"00001327";"PUESTO DE SALUD CERRITO BUENA VISTA";"NE_0001";"";"NE_0001";"NE_0001";"NE_0001";"NE_0001";"NE_0001";"NE_0001";"NE_0001"
"2023";"03";"040108";"AREQUIPA";"AREQUIPA";"LA JOYA";"GOBIERNO REGIONAL";"I-3";"00001330";"CENTRO DE SALUD EL CRUCE - TRIUNFO";"NE_0001";"";"NE_0001";"NE_0001";"NE_0001";"NE_0001";"NE_0001";"NE_0001";"NE_0001"
"2023";"03";"040108";"AREQUIPA";"AREQUIPA";"LA JOYA";"GOBIERNO REGIONAL";"I-1";"00001328";"PUESTO DE SALUD LOS MEDANOS";"NE_0001";"";"NE_0001";"NE_0001";"NE_0001";"NE_0001";"NE_0001";"NE_0001";"NE_0001"
"2023";"03";"040108";"AREQUIPA";"AREQUIPA";"LA JOYA";"GOBIERNO REGIONAL";"I-1";"00001329";"PUESTO DE SALUD BENITO LAZO";"NE_0001";"";"NE_0001";"NE_0001";"NE_0001";"NE_0001";"NE_0001";"NE_0001";"NE_0001"
"2023";"03";"220803";"SAN MARTIN";"RIOJA";"ELIAS SOPLIN VARGAS";"GOBIERNO REGIONAL";"I-1";"00017707";"LA VICTORIA";"NE_0002";"";"NE_0002";"NE_0002";"NE_0002";"NE_0002";"NE_0002";"NE_0002";"NE_0002"
"2023";"03";"220803";"SAN MARTIN";"RIOJA";"ELIAS SOPLIN VARGAS";"GOBIERNO REGIONAL";"I-1";"00007298";"LA NACIENTE DEL RIO NEGRO";"NE_0002";"";"NE_0002";"NE_0002";"NE_0002";"NE_0002";"NE_0002";"NE_0002";"NE_0002"
"2023";"03";"220803";"SAN MARTIN";"RIOJA";"ELIAS SOPLIN VARGAS";"GOBIERNO REGIONAL";"I-1";"00006903";"SANTA FE";"NE_0002";"";"NE_0002";"NE_0002";"NE_0002";"NE_0002";"NE_0002";"NE_0002";"NE_0002"
"2023";"03";"220803";"SAN MARTIN";"RIOJA";"ELIAS SOPLIN VARGAS";"GOBIERNO REGIONAL";"I-3";"00006277";"SEGUNDA JERUSALEN";"241600";"HOSPITALIZACIÓN QUIRÚRGICA OBSTETRICIA   ";"2";"2";"2";"2";"3";"93";"0"
"2023";"03";"220803";"SAN MARTIN";"RIOJA";"ELIAS SOPLIN VARGAS";"GOBIERNO REGIONAL";"I-3";"00006277";"SEGUNDA JERUSALEN";"241800";"HOSPITALIZACIÓN DE MEDICINA MEDICINA GENERAL ";"7";"7";"7";"7";"7";"217";"0"
"2023";"03";"220803";"SAN MARTIN";"RIOJA";"ELIAS SOPLIN VARGAS";"GOBIERNO REGIONAL";"I-1";"00006278";"VALLE GRANDE";"NE_0002";"";"NE_0002";"NE_0002";"NE_0002";"NE_0002";"NE_0002";"NE_0002";"NE_0002"
"2023";"03";"120601";"JUNIN";"SATIPO";"SATIPO";"GOBIERNO REGIONAL";"II-1";"00000432";"DE APOYO MANUEL HIGA ARAKAKI";"241900";"HOSPITALIZACIÓN DE MEDICINA MEDICINA INTERNA ";"16";"20";"100";"117";"7";"217";"1"
"2023";"03";"120601";"JUNIN";"SATIPO";"SATIPO";"GOBIERNO REGIONAL";"II-1";"00000432";"DE APOYO MANUEL HIGA ARAKAKI";"241500";"HOSPITALIZACIÓN QUIRÚRGICA GINECOLOGÍA  ";"48";"52";"123";"136";"6";"186";"0"
"2023";"01";"070102";"CALLAO";"CALLAO";"BELLAVISTA";"PRIVADO";"II-1";"00009250";"CLINICAS AUNA - SEDE BELLAVISTA";"240000";"HOSPITALIZACIÓN";"131";"119";"270";"288";"18";"558";"0"
"2023";"01";"150132";"LIMA";"LIMA";"SAN JUAN DE LURIGANCHO";"PRIVADO";"II-1";"00009090";"CLINICA "" LIMATAMBO""";"240000";"HOSPITALIZACIÓN";"105";"99";"234";"297";"30";"930";"0"
"2023";"01";"040112";"AREQUIPA";"AREQUIPA";"PAUCARPATA";"GOBIERNO REGIONAL";"I-4";"00001296";"CENTRO DE SALUD  AMPLIACIÓN PAUCARPATA";"NE_0001";"";"NE_0001";"NE_0001";"NE_0001";"NE_0001";"NE_0001";"NE_0001";"NE_0001"
"2023";"02";"220101";"SAN MARTIN";"MOYOBAMBA";"MOYOBAMBA";"GOBIERNO REGIONAL";"I-3";"00031275";"CENTRO DE SALUD MENTAL COMUNITARIO MOYOBAMBA";"NE_0002";"";"NE_0002";"NE_0002";"NE_0002";"NE_0002";"NE_0002";"NE_0002";"NE_0002"
"2023";"02";"040112";"AREQUIPA";"AREQUIPA";"PAUCARPATA";"GOBIERNO REGIONAL";"I-2";"00001317";"CENTRO DE SALUD MIGUEL GRAU  B";"NE_0001";"";"NE_0001";"NE_0001";"NE_0001";"NE_0001";"NE_0001";"NE_0001";"NE_0001"
"2023";"02";"040112";"AREQUIPA";"AREQUIPA";"PAUCARPATA";"GOBIERNO REGIONAL";"I-2";"00001318";"PUESTO DE SALUD MIGUEL GRAU  MODULO C-D";"NE_0001";"";"NE_0001";"NE_0001";"NE_0001";"NE_0001";"NE_0001";"NE_0001";"NE_0001"
"2023";"02";"040112";"AREQUIPA";"AREQUIPA";"PAUCARPATA";"GOBIERNO REGIONAL";"I-3";"00001298";"CENTRO DE SALUD 15 DE AGOSTO";"NE_0001";"";"NE_0001";"NE_0001";"NE_0001";"NE_0001";"NE_0001";"NE_0001";"NE_0001"
"2023";"02";"040112";"AREQUIPA";"AREQUIPA";"PAUCARPATA";"GOBIERNO REGIONAL";"I-2";"00001316";"PUESTO DE SALUD MIGUEL GRAU  MODULO A";"NE_0001";"";"NE_0001";"NE_0001";"NE_0001";"NE_0001";"NE_0001";"NE_0001";"NE_0001"
"2023";"02";"021801";"ANCASH";"SANTA";"CHIMBOTE";"GOBIERNO REGIONAL";"II-2";"00001652";"HOSPITAL LA CALETA";"241800";"HOSPITALIZACIÓN DE MEDICINA MEDICINA GENERAL ";"16";"15";"125";"139";"5";"140";"8"
"2023";"02";"021801";"ANCASH";"SANTA";"CHIMBOTE";"GOBIERNO REGIONAL";"II-2";"00001652";"HOSPITAL LA CALETA";"244000";"HOSPITALIZACIÓN DE MEDICINA CARDIOLOGIA ";"2";"2";"14";"14";"1";"28";"0"
"2023";"02";"021801";"ANCASH";"SANTA";"CHIMBOTE";"GOBIERNO REGIONAL";"II-2";"00001652";"HOSPITAL LA CALETA";"244700";"HOSPITALIZACIÓN DE MEDICINA NEUROLOGIA  ";"4";"5";"110";"92";"4";"112";"0"
"2023";"02";"021801";"ANCASH";"SANTA";"CHIMBOTE";"GOBIERNO REGIONAL";"II-2";"00001652";"HOSPITAL LA CALETA";"244300";"HOSPITALIZACIÓN DE MEDICINA GASTROENTEROLOGÍA  ";"5";"6";"47";"44";"2";"56";"0"
"2023";"02";"021801";"ANCASH";"SANTA";"CHIMBOTE";"GOBIERNO REGIONAL";"II-2";"00001652";"HOSPITAL LA CALETA";"245300";"HOSPITALIZACIÓN DE MEDICINA NEUMOLOGÍA  ";"13";"12";"97";"118";"5";"140";"0"
"2023";"02";"021801";"ANCASH";"SANTA";"CHIMBOTE";"GOBIERNO REGIONAL";"II-2";"00001652";"HOSPITAL LA CALETA";"242200";"HOSPITALIZACIÓN DE MEDICINA PSIQUIATRÍA ";"5";"2";"131";"181";"7";"196";"0"
"2023";"02";"021801";"ANCASH";"SANTA";"CHIMBOTE";"GOBIERNO REGIONAL";"II-2";"00001652";"HOSPITAL LA CALETA";"244600";"HOSPITALIZACIÓN DE MEDICINA NEFROLOGIA ";"4";"5";"59";"52";"2";"56";"0"
"2023";"02";"021801";"ANCASH";"SANTA";"CHIMBOTE";"GOBIERNO REGIONAL";"II-2";"00001652";"HOSPITAL LA CALETA";"240100";"HOSPITALIZACIÓN QUIRÚRGICA CIRUGÍA GENERAL ";"65";"58";"181";"290";"11";"308";"0"
"2023";"02";"021801";"ANCASH";"SANTA";"CHIMBOTE";"GOBIERNO REGIONAL";"II-2";"00001652";"HOSPITAL LA CALETA";"241200";"HOSPITALIZACIÓN QUIRÚRGICA TRAUMATOLOGÍA Y ORTOPEDIA ";"22";"18";"69";"110";"4";"112";"0"
"2023";"02";"021801";"ANCASH";"SANTA";"CHIMBOTE";"GOBIERNO REGIONAL";"II-2";"00001652";"HOSPITAL LA CALETA";"241300";"HOSPITALIZACIÓN QUIRÚRGICA UROLOGÍA  ";"8";"8";"32";"32";"2";"56";"0"
"2023";"02";"021801";"ANCASH";"SANTA";"CHIMBOTE";"GOBIERNO REGIONAL";"II-2";"00001652";"HOSPITAL LA CALETA";"240200";"HOSPITALIZACIÓN QUIRÚRGICA CIRUGÍA DE CABEZA Y CUELLO / MÁXILO FACIAL ";"1";"1";"5";"5";"1";"28";"0"
"2023";"02";"021801";"ANCASH";"SANTA";"CHIMBOTE";"GOBIERNO REGIONAL";"II-2";"00001652";"HOSPITAL LA CALETA";"240800";"HOSPITALIZACIÓN QUIRÚRGICA CIRUGÍA PLÁSTICA/RECONSTRUCTIVA/ REPARADORA ";"1";"1";"1";"1";"1";"28";"0"
"2023";"02";"021801";"ANCASH";"SANTA";"CHIMBOTE";"GOBIERNO REGIONAL";"II-2";"00001652";"HOSPITAL LA CALETA";"242500";"HOSPITALIZACIÓN-PEDIATRÍA GENERAL-";"158";"158";"635";"637";"23";"644";"2"
"2023";"02";"021801";"ANCASH";"SANTA";"CHIMBOTE";"GOBIERNO REGIONAL";"II-2";"00001652";"HOSPITAL LA CALETA";"241600";"HOSPITALIZACIÓN QUIRÚRGICA OBSTETRICIA   ";"213";"212";"500";"534";"20";"560";"0"
"2023";"02";"021801";"ANCASH";"SANTA";"CHIMBOTE";"GOBIERNO REGIONAL";"II-2";"00001652";"HOSPITAL LA CALETA";"241500";"HOSPITALIZACIÓN QUIRÚRGICA GINECOLOGÍA  ";"11";"12";"45";"34";"2";"56";"0"
"2023";"02";"060601";"CAJAMARCA";"CUTERVO";"CUTERVO";"GOBIERNO REGIONAL";"I-1";"00004996";"RAMBRAN";"NE_0001";"";"NE_0001";"NE_0001";"NE_0001";"NE_0001";"NE_0001";"NE_0001";"NE_0001"
"2023";"02";"060601";"CAJAMARCA";"CUTERVO";"CUTERVO";"GOBIERNO REGIONAL";"I-1";"00006832";"LA CONGONA";"NE_0001";"";"NE_0001";"NE_0001";"NE_0001";"NE_0001";"NE_0001";"NE_0001";"NE_0001"
"2023";"01";"061112";"CAJAMARCA";"SAN MIGUEL";"TONGOD";"GOBIERNO REGIONAL";"I-3";"00004607";"TONGOD";"NE_0001";"";"NE_0001";"NE_0001";"NE_0001";"NE_0001";"NE_0001";"NE_0001";"NE_0001"
"2023";"02";"220901";"SAN MARTIN";"SAN MARTIN";"TARAPOTO";"ESSALUD";"II-1";"00027733";"HOSPITAL II TARAPOTO";"241800";"HOSPITALIZACIÓN DE MEDICINA MEDICINA GENERAL ";"118";"114";"892";"677";"28";"784";"4"
"2023";"02";"220901";"SAN MARTIN";"SAN MARTIN";"TARAPOTO";"ESSALUD";"II-1";"00027733";"HOSPITAL II TARAPOTO";"250304";"HOSPIT. EN UNIDAD DE CUID.INTEN.-UNIDAD DE VIGILANCIA INTENSIVA (UVI)-MEDICINA";"7";"6";"66";"62";"8";"224";"3"
"2023";"02";"220901";"SAN MARTIN";"SAN MARTIN";"TARAPOTO";"ESSALUD";"II-1";"00027733";"HOSPITAL II TARAPOTO";"240100";"HOSPITALIZACIÓN QUIRÚRGICA CIRUGÍA GENERAL ";"171";"171";"611";"417";"19";"532";"1"
"2023";"02";"220901";"SAN MARTIN";"SAN MARTIN";"TARAPOTO";"ESSALUD";"II-1";"00027733";"HOSPITAL II TARAPOTO";"241400";"HOSPITALIZACIÓN QUIRÚRGICA GINECO - OBSTETRICIA ";"173";"172";"623";"438";"16";"448";"0"
"2023";"02";"220901";"SAN MARTIN";"SAN MARTIN";"TARAPOTO";"ESSALUD";"II-1";"00027733";"HOSPITAL II TARAPOTO";"242300";"HOSPITALIZACIÓN DE PEDIATRÍA  PEDIATRÍA  GENERAL ";"93";"93";"466";"342";"13";"364";"0"
"2023";"02";"120303";"JUNIN";"CHANCHAMAYO";"PICHANAQUI";"GOBIERNO REGIONAL";"I-1";"00006712";"BARINETTI REAL";"NE_0001";"";"NE_0001";"NE_0001";"NE_0001";"NE_0001";"NE_0001";"NE_0001";"NE_0001"
"2023";"02";"021701";"ANCASH";"RECUAY";"RECUAY";"GOBIERNO REGIONAL";"II-1";"00001472";"HOSPITAL DE APOYO RECUAY";"241500";"HOSPITALIZACIÓN QUIRÚRGICA GINECOLOGÍA  ";"2";"2";"6";"6";"2";"58";"0"
"2023";"02";"021701";"ANCASH";"RECUAY";"RECUAY";"GOBIERNO REGIONAL";"II-1";"00001472";"HOSPITAL DE APOYO RECUAY";"241600";"HOSPITALIZACIÓN QUIRÚRGICA OBSTETRICIA   ";"10";"10";"15";"15";"1";"29";"0"
"2023";"02";"021701";"ANCASH";"RECUAY";"RECUAY";"GOBIERNO REGIONAL";"II-1";"00001472";"HOSPITAL DE APOYO RECUAY";"241800";"HOSPITALIZACIÓN DE MEDICINA MEDICINA GENERAL ";"7";"7";"25";"25";"1";"55";"0"
"2023";"02";"021701";"ANCASH";"RECUAY";"RECUAY";"GOBIERNO REGIONAL";"II-1";"00001472";"HOSPITAL DE APOYO RECUAY";"242500";"HOSPITALIZACIÓN-PEDIATRÍA GENERAL-";"15";"15";"21";"5";"7";"59";"0"
"2023";"02";"040603";"AREQUIPA";"CONDESUYOS";"CAYARANI";"GOBIERNO REGIONAL";"I-3";"00001440";"CENTRO DE SALUD CAYARANI";"NE_0001";"";"NE_0001";"NE_0001";"NE_0001";"NE_0001";"NE_0001";"NE_0001";"NE_0001"
"2023";"02";"040404";"AREQUIPA";"CASTILLA";"CHACHAS";"GOBIERNO REGIONAL";"I-2";"00001442";"PUESTO DE SALUD TOLCONI";"NE_0001";"";"NE_0001";"NE_0001";"NE_0001";"NE_0001";"NE_0001";"NE_0001";"NE_0001"
"2023";"02";"040505";"AREQUIPA";"CAYLLOMA";"CAYLLOMA";"GOBIERNO REGIONAL";"I-3";"00001422";"CENTRO DE SALUD CAYLLOMA";"NE_0001";"";"NE_0001";"NE_0001";"NE_0001";"NE_0001";"NE_0001";"NE_0001";"NE_0001"
"2023";"02";"040603";"AREQUIPA";"CONDESUYOS";"CAYARANI";"GOBIERNO REGIONAL";"I-2";"00007407";"PUESTO DE SALUD ARCATA";"NE_0001";"";"NE_0001";"NE_0001";"NE_0001";"NE_0001";"NE_0001";"NE_0001";"NE_0001"
"2023";"02";"040505";"AREQUIPA";"CAYLLOMA";"CAYLLOMA";"GOBIERNO REGIONAL";"I-2";"00001418";"PUESTO DE SALUD JACHAÑA";"NE_0001";"";"NE_0001";"NE_0001";"NE_0001";"NE_0001";"NE_0001";"NE_0001";"NE_0001"
"2023";"02";"110101";"ICA";"ICA";"ICA";"GOBIERNO REGIONAL";"II-1";"00003359";"SANTA MARIA DEL SOCORRO";"240100";"HOSPITALIZACIÓN QUIRÚRGICA CIRUGÍA GENERAL ";"49";"64";"423";"495";"13";"364";"1"
"2023";"02";"110101";"ICA";"ICA";"ICA";"GOBIERNO REGIONAL";"II-1";"00003359";"SANTA MARIA DEL SOCORRO";"241400";"HOSPITALIZACIÓN QUIRÚRGICA GINECO - OBSTETRICIA ";"171";"192";"517";"762";"31";"868";"0"
"2023";"02";"110101";"ICA";"ICA";"ICA";"GOBIERNO REGIONAL";"II-1";"00003359";"SANTA MARIA DEL SOCORRO";"241500";"HOSPITALIZACIÓN QUIRÚRGICA GINECOLOGÍA  ";"37";"39";"126";"152";"12";"336";"0"
"2023";"02";"110101";"ICA";"ICA";"ICA";"GOBIERNO REGIONAL";"II-1";"00003359";"SANTA MARIA DEL SOCORRO";"241900";"HOSPITALIZACIÓN DE MEDICINA MEDICINA INTERNA ";"30";"35";"250";"309";"14";"392";"2"
"2023";"02";"110101";"ICA";"ICA";"ICA";"GOBIERNO REGIONAL";"II-1";"00003359";"SANTA MARIA DEL SOCORRO";"242500";"HOSPITALIZACIÓN-PEDIATRÍA GENERAL-";"41";"46";"202";"415";"18";"504";"0"
"2023";"02";"110101";"ICA";"ICA";"ICA";"GOBIERNO REGIONAL";"II-1";"00003359";"SANTA MARIA DEL SOCORRO";"243200";"HOSPITALIZACIÓN DE PEDIATRÍA PEDIATRIA NEONATOLOGÍA";"9";"10";"67";"148";"7";"196";"0"
"2023";"02";"110101";"ICA";"ICA";"ICA";"GOBIERNO REGIONAL";"II-1";"00003359";"SANTA MARIA DEL SOCORRO";"250103";"UNIDAD DE CUIDADOS CRITICOS UNIDAD  DE CUIDADOS INTENSIVOS GENERALES  (UCI) MEDICINA";"3";"4";"64";"44";"3";"84";"1"
"2023";"02";"080501";"CUSCO";"CANAS";"YANAOCA";"GOBIERNO REGIONAL";"I-2";"00018241";"HAMPATURA";"NE_0001";"";"NE_0001";"NE_0001";"NE_0001";"NE_0001";"NE_0001";"NE_0001";"NE_0001"
"2023";"02";"080506";"CUSCO";"CANAS";"PAMPAMARCA";"GOBIERNO REGIONAL";"I-2";"00002372";"PAMPAMARCA";"NE_0001";"";"NE_0001";"NE_0001";"NE_0001";"NE_0001";"NE_0001";"NE_0001";"NE_0001"
"2023";"02";"080508";"CUSCO";"CANAS";"TUPAC AMARU";"GOBIERNO REGIONAL";"I-1";"00002375";"SURIMANA";"NE_0001";"";"NE_0001";"NE_0001";"NE_0001";"NE_0001";"NE_0001";"NE_0001";"NE_0001"
"2023";"02";"080507";"CUSCO";"CANAS";"QUEHUE";"GOBIERNO REGIONAL";"I-2";"00002373";"QUEHUE";"NE_0001";"";"NE_0001";"NE_0001";"NE_0001";"NE_0001";"NE_0001";"NE_0001";"NE_0001"
"2023";"02";"080501";"CUSCO";"CANAS";"YANAOCA";"GOBIERNO REGIONAL";"I-4";"00002364";"YANAOCA";"NE_0001";"";"NE_0001";"NE_0001";"NE_0001";"NE_0001";"NE_0001";"NE_0001";"NE_0001"
"2023";"02";"080508";"CUSCO";"CANAS";"TUPAC AMARU";"GOBIERNO REGIONAL";"I-2";"00002376";"TUNGASUCA";"NE_0001";"";"NE_0001";"NE_0001";"NE_0001";"NE_0001";"NE_0001";"NE_0001";"NE_0001"
"2023";"02";"080501";"CUSCO";"CANAS";"YANAOCA";"GOBIERNO REGIONAL";"I-2";"00002365";"PONGOÑA";"NE_0001";"";"NE_0001";"NE_0001";"NE_0001";"NE_0001";"NE_0001";"NE_0001";"NE_0001"
"2023";"02";"080507";"CUSCO";"CANAS";"QUEHUE";"GOBIERNO REGIONAL";"I-2";"00002374";"HUINCHIRI";"NE_0001";"";"NE_0001";"NE_0001";"NE_0001";"NE_0001";"NE_0001";"NE_0001";"NE_0001"
"2023";"02";"080508";"CUSCO";"CANAS";"TUPAC AMARU";"GOBIERNO REGIONAL";"I-1";"00002377";"TOCCOCCORI";"NE_0001";"";"NE_0001";"NE_0001";"NE_0001";"NE_0001";"NE_0001";"NE_0001";"NE_0001"
"2023";"03";"060801";"CAJAMARCA";"JAEN";"JAEN";"GOBIERNO REGIONAL";"I-2";"00010007";"GRANADILLAS";"NE_0001";"";"NE_0001";"NE_0001";"NE_0001";"NE_0001";"NE_0001";"NE_0001";"NE_0001"
"2023";"03";"060801";"CAJAMARCA";"JAEN";"JAEN";"GOBIERNO REGIONAL";"I-1";"00004218";"VISTA ALEGRE  DE ZONANGA";"NE_0001";"";"NE_0001";"NE_0001";"NE_0001";"NE_0001";"NE_0001";"NE_0001";"NE_0001"
"2023";"03";"060801";"CAJAMARCA";"JAEN";"JAEN";"GOBIERNO REGIONAL";"I-1";"00004217";"TABACAL";"NE_0001";"";"NE_0001";"NE_0001";"NE_0001";"NE_0001";"NE_0001";"NE_0001";"NE_0001"
"2023";"03";"060801";"CAJAMARCA";"JAEN";"JAEN";"GOBIERNO REGIONAL";"I-3";"00004219";"CHAMBAMONTERA";"NE_0001";"";"NE_0001";"NE_0001";"NE_0001";"NE_0001";"NE_0001";"NE_0001";"NE_0001"
"2023";"03";"170101";"MADRE DE DIOS";"TAMBOPATA";"TAMBOPATA";"SANIDAD DE LA POLICIA NACIONAL DEL PERU";"I-2";"00009320";"POSTA MEDICA DE LA PNP";"NE_0001";"";"NE_0001";"NE_0001";"NE_0001";"NE_0001";"NE_0001";"NE_0001";"NE_0001"
"2023";"03";"211101";"PUNO";"SAN ROMAN";"JULIACA";"SANIDAD DE LA POLICIA NACIONAL DEL PERU";"I-2";"00010236";"POSTA MEDICA DE SALUD PNP - JULIACA";"NE_0001";"";"NE_0001";"NE_0001";"NE_0001";"NE_0001";"NE_0001";"NE_0001";"NE_0001"
"2023";"03";"180104";"MOQUEGUA";"MARISCAL NIETO";"SAMEGUA";"SANIDAD DE LA POLICIA NACIONAL DEL PERU";"I-2";"00015236";"POSTA MEDICA POLICIAL MOQUEGUA";"NE_0001";"";"NE_0001";"NE_0001";"NE_0001";"NE_0001";"NE_0001";"NE_0001";"NE_0001"
"2023";"03";"130101";"LA LIBERTAD";"TRUJILLO";"TRUJILLO";"PRIVADO";"II-1";"00012292";"CLINICA  BELMED";"240800";"HOSPITALIZACIÓN QUIRÚRGICA CIRUGÍA PLÁSTICA/RECONSTRUCTIVA/ REPARADORA ";"14";"14";"14";"5";"4";"5";"0"
"2023";"03";"040103";"AREQUIPA";"AREQUIPA";"CAYMA";"SANIDAD DE LA POLICIA NACIONAL DEL PERU";"II-1";"00011794";"HOSPITAL REGIONAL PNP AREQUIPA";"240100";"HOSPITALIZACIÓN QUIRÚRGICA CIRUGÍA GENERAL ";"40";"41";"218";"218";"10";"310";"0"
"2023";"03";"040103";"AREQUIPA";"AREQUIPA";"CAYMA";"SANIDAD DE LA POLICIA NACIONAL DEL PERU";"II-1";"00011794";"HOSPITAL REGIONAL PNP AREQUIPA";"241400";"HOSPITALIZACIÓN QUIRÚRGICA GINECO - OBSTETRICIA ";"13";"17";"43";"43";"3";"93";"0"
"2023";"03";"040103";"AREQUIPA";"AREQUIPA";"CAYMA";"SANIDAD DE LA POLICIA NACIONAL DEL PERU";"II-1";"00011794";"HOSPITAL REGIONAL PNP AREQUIPA";"241800";"HOSPITALIZACIÓN DE MEDICINA MEDICINA GENERAL ";"24";"25";"226";"226";"10";"310";"1"
"2023";"03";"040103";"AREQUIPA";"AREQUIPA";"CAYMA";"SANIDAD DE LA POLICIA NACIONAL DEL PERU";"II-1";"00011794";"HOSPITAL REGIONAL PNP AREQUIPA";"242300";"HOSPITALIZACIÓN DE PEDIATRÍA  PEDIATRÍA  GENERAL ";"9";"8";"14";"14";"6";"186";"0"
"2023";"03";"040103";"AREQUIPA";"AREQUIPA";"CAYMA";"SANIDAD DE LA POLICIA NACIONAL DEL PERU";"II-1";"00011794";"HOSPITAL REGIONAL PNP AREQUIPA";"243200";"HOSPITALIZACIÓN DE PEDIATRÍA PEDIATRIA NEONATOLOGÍA";"3";"3";"6";"6";"6";"186";"0"
"2023";"03";"040103";"AREQUIPA";"AREQUIPA";"CAYMA";"SANIDAD DE LA POLICIA NACIONAL DEL PERU";"II-1";"00011794";"HOSPITAL REGIONAL PNP AREQUIPA";"245400";"HOSPITALIZACIÓN DE MEDICINA GINECOLOGIA ";"0";"4";"44";"44";"4";"112";"0"
"2023";"03";"150204";"LIMA";"BARRANCA";"SUPE";"GOBIERNO REGIONAL";"II-1";"00007636";"HOSPITAL DE SUPE LAURA ESTHER RODRIGUEZ DULANTO";"240100";"HOSPITALIZACIÓN QUIRÚRGICA CIRUGÍA GENERAL ";"15";"18";"76";"85";"6";"186";"0"
"2023";"03";"150204";"LIMA";"BARRANCA";"SUPE";"GOBIERNO REGIONAL";"II-1";"00007636";"HOSPITAL DE SUPE LAURA ESTHER RODRIGUEZ DULANTO";"241400";"HOSPITALIZACIÓN QUIRÚRGICA GINECO - OBSTETRICIA ";"2";"6";"10";"20";"13";"403";"0"
"2023";"03";"150204";"LIMA";"BARRANCA";"SUPE";"GOBIERNO REGIONAL";"II-1";"00007636";"HOSPITAL DE SUPE LAURA ESTHER RODRIGUEZ DULANTO";"241500";"HOSPITALIZACIÓN QUIRÚRGICA GINECOLOGÍA  ";"19";"22";"94";"38";"2";"62";"0"
"2023";"03";"150204";"LIMA";"BARRANCA";"SUPE";"GOBIERNO REGIONAL";"II-1";"00007636";"HOSPITAL DE SUPE LAURA ESTHER RODRIGUEZ DULANTO";"241600";"HOSPITALIZACIÓN QUIRÚRGICA OBSTETRICIA   ";"34";"35";"60";"109";"13";"403";"0"
"2023";"03";"150204";"LIMA";"BARRANCA";"SUPE";"GOBIERNO REGIONAL";"II-1";"00007636";"HOSPITAL DE SUPE LAURA ESTHER RODRIGUEZ DULANTO";"241800";"HOSPITALIZACIÓN DE MEDICINA MEDICINA GENERAL ";"16";"17";"111";"121";"8";"248";"0"
"2023";"03";"150204";"LIMA";"BARRANCA";"SUPE";"GOBIERNO REGIONAL";"II-1";"00007636";"HOSPITAL DE SUPE LAURA ESTHER RODRIGUEZ DULANTO";"242200";"HOSPITALIZACIÓN DE MEDICINA PSIQUIATRÍA ";"2";"8";"136";"146";"8";"248";"0"
"2023";"03";"150204";"LIMA";"BARRANCA";"SUPE";"GOBIERNO REGIONAL";"II-1";"00007636";"HOSPITAL DE SUPE LAURA ESTHER RODRIGUEZ DULANTO";"242500";"HOSPITALIZACIÓN-PEDIATRÍA GENERAL-";"35";"42";"122";"131";"8";"248";"0"
"2023";"03";"150204";"LIMA";"BARRANCA";"SUPE";"GOBIERNO REGIONAL";"II-1";"00007636";"HOSPITAL DE SUPE LAURA ESTHER RODRIGUEZ DULANTO";"243200";"HOSPITALIZACIÓN DE PEDIATRÍA PEDIATRIA NEONATOLOGÍA";"14";"18";"24";"20";"5";"155";"0"
"2023";"03";"150114";"LIMA";"LIMA";"LA MOLINA";"PRIVADO";"II-2";"00009153";"CLINICA MONTEFIORI";"240000";"HOSPITALIZACIÓN";"373";"383";"1214";"1081";"43";"1419";"2"
"2023";"03";"150114";"LIMA";"LIMA";"LA MOLINA";"PRIVADO";"II-2";"00009153";"CLINICA MONTEFIORI";"250100";"UNIDAD DE CUIDADOS CRITICOS UNIDAD  DE CUIDADOS INTENSIVOS GENERALES (UCI) ";"7";"5";"27";"27";"3";"86";"1"
"2023";"03";"070102";"CALLAO";"CALLAO";"BELLAVISTA";"SANIDAD DE LA MARINA DE GUERRA DEL PERU";"III-1";"00008266";"HOSPITAL NAVAL";"241300";"HOSPITALIZACIÓN QUIRÚRGICA UROLOGÍA  ";"52";"52";"516";"561";"21";"651";"0"
"2023";"03";"070102";"CALLAO";"CALLAO";"BELLAVISTA";"SANIDAD DE LA MARINA DE GUERRA DEL PERU";"III-1";"00008266";"HOSPITAL NAVAL";"242200";"HOSPITALIZACIÓN DE MEDICINA PSIQUIATRÍA ";"13";"11";"261";"298";"28";"868";"0"
"2023";"03";"070102";"CALLAO";"CALLAO";"BELLAVISTA";"SANIDAD DE LA MARINA DE GUERRA DEL PERU";"III-1";"00008266";"HOSPITAL NAVAL";"242000";"HOSPITALIZACIÓN DE MEDICINA MEDICINA TROPICAL E INFECCIOSAS ";"18";"17";"173";"317";"19";"589";"0"
"2023";"03";"070102";"CALLAO";"CALLAO";"BELLAVISTA";"SANIDAD DE LA MARINA DE GUERRA DEL PERU";"III-1";"00008266";"HOSPITAL NAVAL";"242300";"HOSPITALIZACIÓN DE PEDIATRÍA  PEDIATRÍA  GENERAL ";"48";"45";"153";"233";"18";"558";"0"
"2023";"03";"070102";"CALLAO";"CALLAO";"BELLAVISTA";"SANIDAD DE LA MARINA DE GUERRA DEL PERU";"III-1";"00008266";"HOSPITAL NAVAL";"241200";"HOSPITALIZACIÓN QUIRÚRGICA TRAUMATOLOGÍA Y ORTOPEDIA ";"39";"26";"197";"381";"15";"465";"0"
"2023";"03";"070102";"CALLAO";"CALLAO";"BELLAVISTA";"SANIDAD DE LA MARINA DE GUERRA DEL PERU";"III-1";"00008266";"HOSPITAL NAVAL";"241400";"HOSPITALIZACIÓN QUIRÚRGICA GINECO - OBSTETRICIA ";"62";"60";"304";"213";"18";"558";"0"
"2023";"03";"070102";"CALLAO";"CALLAO";"BELLAVISTA";"SANIDAD DE LA MARINA DE GUERRA DEL PERU";"III-1";"00008266";"HOSPITAL NAVAL";"243200";"HOSPITALIZACIÓN DE PEDIATRÍA PEDIATRIA NEONATOLOGÍA";"30";"31";"106";"162";"12";"372";"1"
"2023";"03";"070102";"CALLAO";"CALLAO";"BELLAVISTA";"SANIDAD DE LA MARINA DE GUERRA DEL PERU";"III-1";"00008266";"HOSPITAL NAVAL";"244400";"HOSPITALIZACIÓN DE MEDICINA GERIATRIA ";"30";"19";"160";"345";"14";"434";"7"
"2023";"03";"070102";"CALLAO";"CALLAO";"BELLAVISTA";"SANIDAD DE LA MARINA DE GUERRA DEL PERU";"III-1";"00008266";"HOSPITAL NAVAL";"240100";"HOSPITALIZACIÓN QUIRÚRGICA CIRUGÍA GENERAL ";"141";"127";"957";"1319";"57";"1767";"0"
"2023";"03";"070102";"CALLAO";"CALLAO";"BELLAVISTA";"SANIDAD DE LA MARINA DE GUERRA DEL PERU";"III-1";"00008266";"HOSPITAL NAVAL";"241800";"HOSPITALIZACIÓN DE MEDICINA MEDICINA GENERAL ";"45";"43";"561";"512";"20";"620";"2"
"2023";"03";"070102";"CALLAO";"CALLAO";"BELLAVISTA";"SANIDAD DE LA MARINA DE GUERRA DEL PERU";"III-1";"00008266";"HOSPITAL NAVAL";"240000";"HOSPITALIZACIÓN";"134";"142";"1339";"1576";"78";"2418";"6"
"2023";"03";"150140";"LIMA";"LIMA";"SANTIAGO DE SURCO";"PRIVADO";"II-E";"00011113";"CLINICA MONTERRICO";"240000";"HOSPITALIZACIÓN";"34";"35";"60";"80";"5";"150";"0"
"2023";"03";"150121";"LIMA";"LIMA";"PUEBLO LIBRE";"PRIVADO";"II-E";"00020230";"CLINICA DE OJOS GLOBAL LASER";"NE_0001";"";"NE_0001";"NE_0001";"NE_0001";"NE_0001";"NE_0001";"NE_0001";"NE_0001"
"2023";"03";"150142";"LIMA";"LIMA";"VILLA EL SALVADOR";"ESSALUD";"II-1";"00008741";"ULDARICO ROCCA FERNANDEZ";"241800";"HOSPITALIZACIÓN DE MEDICINA MEDICINA GENERAL ";"70";"65";"388";"373";"14";"434";"6"
"2023";"01";"150110";"LIMA";"LIMA";"COMAS";"PRIVADO";"II-E";"00025598";"CLINICA MATER PURISSIMA";"241400";"HOSPITALIZACIÓN QUIRÚRGICA GINECO - OBSTETRICIA ";"20";"21";"37";"37";"8";"248";"0"
"2023";"01";"230103";"TACNA";"TACNA";"CALANA";"ESSALUD";"II-2";"00010185";"Hospital III Daniel Alcides Carrión EsSalud Red de Tacna";"241900";"HOSPITALIZACIÓN DE MEDICINA MEDICINA INTERNA ";"144";"132";"1591";"1297";"45";"1379";"12"
"2023";"01";"230103";"TACNA";"TACNA";"CALANA";"ESSALUD";"II-2";"00010185";"Hospital III Daniel Alcides Carrión EsSalud Red de Tacna";"240100";"HOSPITALIZACIÓN QUIRÚRGICA CIRUGÍA GENERAL ";"174";"152";"718";"838";"28";"876";"1"
"2023";"01";"230103";"TACNA";"TACNA";"CALANA";"ESSALUD";"II-2";"00010185";"Hospital III Daniel Alcides Carrión EsSalud Red de Tacna";"241400";"HOSPITALIZACIÓN QUIRÚRGICA GINECO - OBSTETRICIA ";"118";"109";"309";"302";"12";"361";"0"
"2023";"01";"230103";"TACNA";"TACNA";"CALANA";"ESSALUD";"II-2";"00010185";"Hospital III Daniel Alcides Carrión EsSalud Red de Tacna";"242300";"HOSPITALIZACIÓN DE PEDIATRÍA  PEDIATRÍA  GENERAL ";"13";"13";"45";"45";"4";"136";"0"
"2023";"01";"230103";"TACNA";"TACNA";"CALANA";"ESSALUD";"II-2";"00010185";"Hospital III Daniel Alcides Carrión EsSalud Red de Tacna";"243200";"HOSPITALIZACIÓN DE PEDIATRÍA PEDIATRIA NEONATOLOGÍA";"27";"27";"91";"65";"5";"126";"0"
"2023";"01";"040503";"AREQUIPA";"CAYLLOMA";"CABANACONDE";"GOBIERNO REGIONAL";"I-2";"00001432";"PUESTO DE SALUD PINCHOLLO";"NE_0001";"";"NE_0001";"NE_0001";"NE_0001";"NE_0001";"NE_0001";"NE_0001";"NE_0001"
"2023";"02";"150113";"LIMA";"LIMA";"JESUS MARIA";"PRIVADO";"II-E";"00020346";"CLINICA SANTA BEATRIZ";"240000";"HOSPITALIZACIÓN";"181";"179";"235";"279";"22";"421";"0"
"2023";"02";"040112";"AREQUIPA";"AREQUIPA";"PAUCARPATA";"GOBIERNO REGIONAL";"I-4";"00001296";"CENTRO DE SALUD  AMPLIACIÓN PAUCARPATA";"NE_0001";"";"NE_0001";"NE_0001";"NE_0001";"NE_0001";"NE_0001";"NE_0001";"NE_0001"
"2023";"02";"090304";"HUANCAVELICA";"ANGARAES";"CCOCHACCASA";"GOBIERNO REGIONAL";"I-1";"00003957";"CCASCCABAMBA";"NE_0001";"";"NE_0001";"NE_0001";"NE_0001";"NE_0001";"NE_0001";"NE_0001";"NE_0001"
"2023";"02";"090302";"HUANCAVELICA";"ANGARAES";"ANCHONGA";"GOBIERNO REGIONAL";"I-3";"00003959";"PARCO ALTO";"NE_0002";"";"NE_0002";"NE_0002";"NE_0002";"NE_0002";"NE_0002";"NE_0002";"NE_0002"
"2023";"02";"090306";"HUANCAVELICA";"ANGARAES";"CONGALLA";"GOBIERNO REGIONAL";"I-2";"00003972";"CONGALLA";"NE_0001";"";"NE_0001";"NE_0001";"NE_0001";"NE_0001";"NE_0001";"NE_0001";"NE_0001"
"2023";"02";"090301";"HUANCAVELICA";"ANGARAES";"LIRCAY";"GOBIERNO REGIONAL";"I-1";"00007384";"SAN JUAN DE AHUAY";"NE_0001";"";"NE_0001";"NE_0001";"NE_0001";"NE_0001";"NE_0001";"NE_0001";"NE_0001"
"2023";"02";"090301";"HUANCAVELICA";"ANGARAES";"LIRCAY";"GOBIERNO REGIONAL";"I-2";"00007385";"SAN JUAN DE DIOS DE CCOLLPAPAMPA";"NE_0001";"";"NE_0001";"NE_0001";"NE_0001";"NE_0001";"NE_0001";"NE_0001";"NE_0001"
"2023";"02";"090311";"HUANCAVELICA";"ANGARAES";"SANTO TOMAS DE PATA";"GOBIERNO REGIONAL";"I-1";"00011768";"CUTICSA";"NE_0001";"";"NE_0001";"NE_0001";"NE_0001";"NE_0001";"NE_0001";"NE_0001";"NE_0001"
"2023";"02";"090302";"HUANCAVELICA";"ANGARAES";"ANCHONGA";"GOBIERNO REGIONAL";"I-2";"00003960";"TUCO";"NE_0001";"";"NE_0001";"NE_0001";"NE_0001";"NE_0001";"NE_0001";"NE_0001";"NE_0001"
"2023";"02";"090309";"HUANCAVELICA";"ANGARAES";"JULCAMARCA";"GOBIERNO REGIONAL";"I-3";"00003962";"JULCAMARCA";"NE_0002";"";"NE_0002";"NE_0002";"NE_0002";"NE_0002";"NE_0002";"NE_0002";"NE_0002"
"2023";"02";"090310";"HUANCAVELICA";"ANGARAES";"SAN ANTONIO DE ANTAPARCO";"GOBIERNO REGIONAL";"I-1";"00003965";"SAN ANTONIO DE ANTAPARCO";"NE_0001";"";"NE_0001";"NE_0001";"NE_0001";"NE_0001";"NE_0001";"NE_0001";"NE_0001"
"2023";"02";"090312";"HUANCAVELICA";"ANGARAES";"SECCLLA";"GOBIERNO REGIONAL";"I-3";"00003969";"SECCLLA";"240000";"HOSPITALIZACIÓN";"5";"5";"10";"5";"4";"15";"0"
"2023";"02";"090312";"HUANCAVELICA";"ANGARAES";"SECCLLA";"GOBIERNO REGIONAL";"I-1";"00003971";"TRANCA";"NE_0001";"";"NE_0001";"NE_0001";"NE_0001";"NE_0001";"NE_0001";"NE_0001";"NE_0001"
"2023";"02";"090302";"HUANCAVELICA";"ANGARAES";"ANCHONGA";"GOBIERNO REGIONAL";"I-3";"00006901";"BUENOS AIRES DE PARCO CHACAPUNCU";"NE_0001";"";"NE_0001";"NE_0001";"NE_0001";"NE_0001";"NE_0001";"NE_0001";"NE_0001"
"2023";"02";"090304";"HUANCAVELICA";"ANGARAES";"CCOCHACCASA";"GOBIERNO REGIONAL";"I-1";"00003956";"SAN PEDRO DE MIMOSA";"NE_0001";"";"NE_0001";"NE_0001";"NE_0001";"NE_0001";"NE_0001";"NE_0001";"NE_0001"
"2023";"02";"090301";"HUANCAVELICA";"ANGARAES";"LIRCAY";"GOBIERNO REGIONAL";"I-1";"00007290";"PERCAPAMPA";"NE_0001";"";"NE_0001";"NE_0001";"NE_0001";"NE_0001";"NE_0001";"NE_0001";"NE_0001"
"2023";"02";"090305";"HUANCAVELICA";"ANGARAES";"CHINCHO";"GOBIERNO REGIONAL";"I-1";"00011787";"LLAMOCCTACHI";"NE_0001";"";"NE_0001";"NE_0001";"NE_0001";"NE_0001";"NE_0001";"NE_0001";"NE_0001"
"2023";"02";"090301";"HUANCAVELICA";"ANGARAES";"LIRCAY";"GOBIERNO REGIONAL";"I-3";"00028484";"CENTRO DE SALUD MENTAL COMUNITARIO ANGARAES";"NE_0002";"";"NE_0002";"NE_0002";"NE_0002";"NE_0002";"NE_0002";"NE_0002";"NE_0002"
"2023";"02";"090301";"HUANCAVELICA";"ANGARAES";"LIRCAY";"GOBIERNO REGIONAL";"I-2";"00003945";"CARHUAPATA";"NE_0001";"";"NE_0001";"NE_0001";"NE_0001";"NE_0001";"NE_0001";"NE_0001";"NE_0001"
"2023";"02";"090301";"HUANCAVELICA";"ANGARAES";"LIRCAY";"GOBIERNO REGIONAL";"I-1";"00003946";"PIRCAPAHUANA";"NE_0001";"";"NE_0001";"NE_0001";"NE_0001";"NE_0001";"NE_0001";"NE_0001";"NE_0001"
"2023";"02";"090301";"HUANCAVELICA";"ANGARAES";"LIRCAY";"GOBIERNO REGIONAL";"I-2";"00003949";"CHAHUARMA";"NE_0001";"";"NE_0001";"NE_0001";"NE_0001";"NE_0001";"NE_0001";"NE_0001";"NE_0001"
"2023";"02";"090301";"HUANCAVELICA";"ANGARAES";"LIRCAY";"GOBIERNO REGIONAL";"I-1";"00003951";"TUCSIPAMPA";"NE_0001";"";"NE_0001";"NE_0001";"NE_0001";"NE_0001";"NE_0001";"NE_0001";"NE_0001"
"2023";"02";"090308";"HUANCAVELICA";"ANGARAES";"HUALLAY-GRANDE";"GOBIERNO REGIONAL";"I-2";"00003954";"HUAYLLAY GRANDE";"NE_0001";"";"NE_0001";"NE_0001";"NE_0001";"NE_0001";"NE_0001";"NE_0001";"NE_0001"
"2023";"02";"090304";"HUANCAVELICA";"ANGARAES";"CCOCHACCASA";"GOBIERNO REGIONAL";"I-3";"00003955";"CCOCHACCASA";"NE_0002";"";"NE_0002";"NE_0002";"NE_0002";"NE_0002";"NE_0002";"NE_0002";"NE_0002"
"2023";"02";"090302";"HUANCAVELICA";"ANGARAES";"ANCHONGA";"GOBIERNO REGIONAL";"I-1";"00003958";"ANCHONGA";"NE_0001";"";"NE_0001";"NE_0001";"NE_0001";"NE_0001";"NE_0001";"NE_0001";"NE_0001"
"2023";"02";"090305";"HUANCAVELICA";"ANGARAES";"CHINCHO";"GOBIERNO REGIONAL";"I-1";"00003963";"CHINCHO";"NE_0001";"";"NE_0001";"NE_0001";"NE_0001";"NE_0001";"NE_0001";"NE_0001";"NE_0001"
"2023";"02";"090306";"HUANCAVELICA";"ANGARAES";"CONGALLA";"GOBIERNO REGIONAL";"I-1";"00011199";"CHAYNABAMBA";"NE_0001";"";"NE_0001";"NE_0001";"NE_0001";"NE_0001";"NE_0001";"NE_0001";"NE_0001"
"2023";"02";"090302";"HUANCAVELICA";"ANGARAES";"ANCHONGA";"GOBIERNO REGIONAL";"I-1";"00011454";"ALTO MARAYNIYOCC";"NE_0001";"";"NE_0001";"NE_0001";"NE_0001";"NE_0001";"NE_0001";"NE_0001";"NE_0001"
"2023";"02";"090302";"HUANCAVELICA";"ANGARAES";"ANCHONGA";"GOBIERNO REGIONAL";"I-1";"00006930";"HUARIRUMI - CHONTACANCHA";"NE_0001";"";"NE_0001";"NE_0001";"NE_0001";"NE_0001";"NE_0001";"NE_0001";"NE_0001"
"2023";"02";"090301";"HUANCAVELICA";"ANGARAES";"LIRCAY";"GOBIERNO REGIONAL";"I-1";"00007373";"SOCCLLABAMBA";"NE_0001";"";"NE_0001";"NE_0001";"NE_0001";"NE_0001";"NE_0001";"NE_0001";"NE_0001"
"2023";"02";"090302";"HUANCAVELICA";"ANGARAES";"ANCHONGA";"GOBIERNO REGIONAL";"I-2";"00003961";"SAN PABLO DE OCCO";"NE_0001";"";"NE_0001";"NE_0001";"NE_0001";"NE_0001";"NE_0001";"NE_0001";"NE_0001"
"2023";"02";"090306";"HUANCAVELICA";"ANGARAES";"CONGALLA";"GOBIERNO REGIONAL";"I-1";"00003973";"YUNYACCASA";"NE_0001";"";"NE_0001";"NE_0001";"NE_0001";"NE_0001";"NE_0001";"NE_0001";"NE_0001"
"2023";"02";"090306";"HUANCAVELICA";"ANGARAES";"CONGALLA";"GOBIERNO REGIONAL";"I-1";"00003974";"CARCOSI";"NE_0001";"";"NE_0001";"NE_0001";"NE_0001";"NE_0001";"NE_0001";"NE_0001";"NE_0001"
"2023";"02";"090306";"HUANCAVELICA";"ANGARAES";"CONGALLA";"GOBIERNO REGIONAL";"I-1";"00003975";"LIRCAYCCASA";"NE_0001";"";"NE_0001";"NE_0001";"NE_0001";"NE_0001";"NE_0001";"NE_0001";"NE_0001"
"2023";"02";"090307";"HUANCAVELICA";"ANGARAES";"HUANCA-HUANCA";"GOBIERNO REGIONAL";"I-1";"00011200";"CCARAPA";"NE_0001";"";"NE_0001";"NE_0001";"NE_0001";"NE_0001";"NE_0001";"NE_0001";"NE_0001"
"2023";"02";"090301";"HUANCAVELICA";"ANGARAES";"LIRCAY";"GOBIERNO REGIONAL";"I-1";"00011201";"CIENEGUILLA";"NE_0001";"";"NE_0001";"NE_0001";"NE_0001";"NE_0001";"NE_0001";"NE_0001";"NE_0001"
"2023";"02";"090304";"HUANCAVELICA";"ANGARAES";"CCOCHACCASA";"GOBIERNO REGIONAL";"I-1";"00011204";"VELASCO PUCAPAMPA";"NE_0001";"";"NE_0001";"NE_0001";"NE_0001";"NE_0001";"NE_0001";"NE_0001";"NE_0001"
"2023";"02";"090301";"HUANCAVELICA";"ANGARAES";"LIRCAY";"GOBIERNO REGIONAL";"I-1";"00003948";"UCHCUPAMPA";"NE_0001";"";"NE_0001";"NE_0001";"NE_0001";"NE_0001";"NE_0001";"NE_0001";"NE_0001"
"2023";"02";"090310";"HUANCAVELICA";"ANGARAES";"SAN ANTONIO DE ANTAPARCO";"GOBIERNO REGIONAL";"I-1";"00003966";"MAICENA";"NE_0001";"";"NE_0001";"NE_0001";"NE_0001";"NE_0001";"NE_0001";"NE_0001";"NE_0001"
"2023";"02";"090311";"HUANCAVELICA";"ANGARAES";"SANTO TOMAS DE PATA";"GOBIERNO REGIONAL";"I-1";"00003967";"SANTO TOMAS DE PATA";"NE_0001";"";"NE_0001";"NE_0001";"NE_0001";"NE_0001";"NE_0001";"NE_0001";"NE_0001"
"2023";"02";"090311";"HUANCAVELICA";"ANGARAES";"SANTO TOMAS DE PATA";"GOBIERNO REGIONAL";"I-1";"00003968";"CHUPACC";"NE_0001";"";"NE_0001";"NE_0001";"NE_0001";"NE_0001";"NE_0001";"NE_0001";"NE_0001"
"2023";"02";"090301";"HUANCAVELICA";"ANGARAES";"LIRCAY";"GOBIERNO REGIONAL";"I-1";"00011202";"PAMPAHUASI";"NE_0001";"";"NE_0001";"NE_0001";"NE_0001";"NE_0001";"NE_0001";"NE_0001";"NE_0001"
"2023";"02";"090301";"HUANCAVELICA";"ANGARAES";"LIRCAY";"GOBIERNO REGIONAL";"I-1";"00011205";"UNION PROGRESO PATAHUASI";"NE_0001";"";"NE_0001";"NE_0001";"NE_0001";"NE_0001";"NE_0001";"NE_0001";"NE_0001"
"2023";"02";"090302";"HUANCAVELICA";"ANGARAES";"ANCHONGA";"GOBIERNO REGIONAL";"I-1";"00028780";"LLANCAPUQUIO";"NE_0001";"";"NE_0001";"NE_0001";"NE_0001";"NE_0001";"NE_0001";"NE_0001";"NE_0001"
"2023";"02";"060610";"CAJAMARCA";"CUTERVO";"SAN LUIS DE LUCMA";"GOBIERNO REGIONAL";"I-3";"00005038";"SAN LUIS DE LA LUCMA";"NE_0001";"";"NE_0001";"NE_0001";"NE_0001";"NE_0001";"NE_0001";"NE_0001";"NE_0001"
"2023";"02";"060610";"CAJAMARCA";"CUTERVO";"SAN LUIS DE LUCMA";"GOBIERNO REGIONAL";"I-1";"00006870";"SANTA ROSA DEL TINGO";"NE_0001";"";"NE_0001";"NE_0001";"NE_0001";"NE_0001";"NE_0001";"NE_0001";"NE_0001"
"2023";"02";"060614";"CAJAMARCA";"CUTERVO";"SOCOTA";"GOBIERNO REGIONAL";"I-1";"00006937";"MINAS DE SOCOTA";"NE_0001";"";"NE_0001";"NE_0001";"NE_0001";"NE_0001";"NE_0001";"NE_0001";"NE_0001"
"2023";"02";"060610";"CAJAMARCA";"CUTERVO";"SAN LUIS DE LUCMA";"GOBIERNO REGIONAL";"I-1";"00006853";"SAIREPAMPA";"NE_0001";"";"NE_0001";"NE_0001";"NE_0001";"NE_0001";"NE_0001";"NE_0001";"NE_0001"
"2023";"02";"060614";"CAJAMARCA";"CUTERVO";"SOCOTA";"GOBIERNO REGIONAL";"I-1";"00011258";"RINCONADA MIRAFLORES";"NE_0001";"";"NE_0001";"NE_0001";"NE_0001";"NE_0001";"NE_0001";"NE_0001";"NE_0001"
"2023";"02";"060614";"CAJAMARCA";"CUTERVO";"SOCOTA";"GOBIERNO REGIONAL";"I-1";"00011262";"PUQUIO DE SOCOTA";"NE_0001";"";"NE_0001";"NE_0001";"NE_0001";"NE_0001";"NE_0001";"NE_0001";"NE_0001"
"2023";"02";"060614";"CAJAMARCA";"CUTERVO";"SOCOTA";"GOBIERNO REGIONAL";"I-1";"00005032";"PAMPA LA RIOJA";"NE_0001";"";"NE_0001";"NE_0001";"NE_0001";"NE_0001";"NE_0001";"NE_0001";"NE_0001"
"2023";"02";"060614";"CAJAMARCA";"CUTERVO";"SOCOTA";"GOBIERNO REGIONAL";"I-3";"00005040";" VIRGEN DE LA CANDELARIA ";"NE_0001";"";"NE_0001";"NE_0001";"NE_0001";"NE_0001";"NE_0001";"NE_0001";"NE_0001"
"2023";"02";"060614";"CAJAMARCA";"CUTERVO";"SOCOTA";"GOBIERNO REGIONAL";"I-1";"00005037";"CHISIGLE";"NE_0001";"";"NE_0001";"NE_0001";"NE_0001";"NE_0001";"NE_0001";"NE_0001";"NE_0001"
"2023";"02";"060614";"CAJAMARCA";"CUTERVO";"SOCOTA";"GOBIERNO REGIONAL";"I-1";"00005042";"SAN ANTONIO";"NE_0001";"";"NE_0001";"NE_0001";"NE_0001";"NE_0001";"NE_0001";"NE_0001";"NE_0001"
"2023";"02";"060614";"CAJAMARCA";"CUTERVO";"SOCOTA";"GOBIERNO REGIONAL";"I-1";"00005043";"LAGUNA SHITA";"NE_0001";"";"NE_0001";"NE_0001";"NE_0001";"NE_0001";"NE_0001";"NE_0001";"NE_0001"
"2023";"02";"060614";"CAJAMARCA";"CUTERVO";"SOCOTA";"GOBIERNO REGIONAL";"I-1";"00007749";"CHURUMAYO";"NE_0001";"";"NE_0001";"NE_0001";"NE_0001";"NE_0001";"NE_0001";"NE_0001";"NE_0001"
"2023";"02";"060614";"CAJAMARCA";"CUTERVO";"SOCOTA";"GOBIERNO REGIONAL";"I-1";"00011061";"NUEVO ORIENTE DE SOCOTA";"NE_0001";"";"NE_0001";"NE_0001";"NE_0001";"NE_0001";"NE_0001";"NE_0001";"NE_0001"
"2023";"02";"060614";"CAJAMARCA";"CUTERVO";"SOCOTA";"GOBIERNO REGIONAL";"I-1";"00011063";"LIBERTAD LA PALMA";"NE_0001";"";"NE_0001";"NE_0001";"NE_0001";"NE_0001";"NE_0001";"NE_0001";"NE_0001"
"2023";"02";"060610";"CAJAMARCA";"CUTERVO";"SAN LUIS DE LUCMA";"GOBIERNO REGIONAL";"I-1";"00005039";"SANTO DOMINGO DE LA LUCMA";"NE_0001";"";"NE_0001";"NE_0001";"NE_0001";"NE_0001";"NE_0001";"NE_0001";"NE_0001"
"2023";"02";"060614";"CAJAMARCA";"CUTERVO";"SOCOTA";"GOBIERNO REGIONAL";"I-1";"00005041";"MOCHADIN";"NE_0001";"";"NE_0001";"NE_0001";"NE_0001";"NE_0001";"NE_0001";"NE_0001";"NE_0001"
"2023";"02";"060614";"CAJAMARCA";"CUTERVO";"SOCOTA";"GOBIERNO REGIONAL";"I-1";"00006866";"CUÑANQUE";"NE_0001";"";"NE_0001";"NE_0001";"NE_0001";"NE_0001";"NE_0001";"NE_0001";"NE_0001"
"2023";"02";"060614";"CAJAMARCA";"CUTERVO";"SOCOTA";"GOBIERNO REGIONAL";"I-1";"00006948";"SANTA ELENA";"NE_0001";"";"NE_0001";"NE_0001";"NE_0001";"NE_0001";"NE_0001";"NE_0001";"NE_0001"
"2023";"02";"060610";"CAJAMARCA";"CUTERVO";"SAN LUIS DE LUCMA";"GOBIERNO REGIONAL";"I-1";"00007048";"SEXESHITA";"NE_0001";"";"NE_0001";"NE_0001";"NE_0001";"NE_0001";"NE_0001";"NE_0001";"NE_0001"
"2023";"02";"190107";"PASCO";"PASCO";"PAUCARTAMBO";"ESSALUD";"I-2";"00009762";"POSTA MEDICA DE PAUCARTAMBO";"NE_0001";"";"NE_0001";"NE_0001";"NE_0001";"NE_0001";"NE_0001";"NE_0001";"NE_0001"
"2023";"02";"230302";"TACNA";"JORGE BASADRE";"ILABAYA";"ESSALUD";"I-2";"00010191";"CENTRO DE ATENCION PRIMARIA I   ILABAYA";"NE_0001";"";"NE_0001";"NE_0001";"NE_0001";"NE_0001";"NE_0001";"NE_0001";"NE_0001"
"2023";"02";"130103";"LA LIBERTAD";"TRUJILLO";"FLORENCIA DE MORA";"ESSALUD";"II-E";"00009278";"FLORENCIA DE MORA";"241800";"HOSPITALIZACIÓN DE MEDICINA MEDICINA GENERAL ";"3";"3";"25";"19";"3";"84";"0"
"2023";"02";"130103";"LA LIBERTAD";"TRUJILLO";"FLORENCIA DE MORA";"ESSALUD";"II-E";"00009278";"FLORENCIA DE MORA";"240100";"HOSPITALIZACIÓN QUIRÚRGICA CIRUGÍA GENERAL ";"55";"54";"117";"117";"5";"140";"0"
"2023";"02";"130103";"LA LIBERTAD";"TRUJILLO";"FLORENCIA DE MORA";"ESSALUD";"II-E";"00009278";"FLORENCIA DE MORA";"241500";"HOSPITALIZACIÓN QUIRÚRGICA GINECOLOGÍA  ";"20";"18";"49";"49";"3";"84";"0"
"2023";"02";"130103";"LA LIBERTAD";"TRUJILLO";"FLORENCIA DE MORA";"ESSALUD";"II-E";"00009278";"FLORENCIA DE MORA";"241600";"HOSPITALIZACIÓN QUIRÚRGICA OBSTETRICIA   ";"22";"24";"64";"64";"4";"112";"0"
"2023";"01";"120709";"JUNIN";"TARMA";"TAPO";"GOBIERNO REGIONAL";"I-1";"00000581";"QUETA";"NE_0001";"";"NE_0001";"NE_0001";"NE_0001";"NE_0001";"NE_0001";"NE_0001";"NE_0001"
"2023";"01";"120709";"JUNIN";"TARMA";"TAPO";"GOBIERNO REGIONAL";"I-1";"00000578";"YURACMAYO";"NE_0001";"";"NE_0001";"NE_0001";"NE_0001";"NE_0001";"NE_0001";"NE_0001";"NE_0001"
"2023";"01";"120709";"JUNIN";"TARMA";"TAPO";"GOBIERNO REGIONAL";"I-1";"00000580";"CASACOTO - SAN ANTONIO";"NE_0001";"";"NE_0001";"NE_0001";"NE_0001";"NE_0001";"NE_0001";"NE_0001";"NE_0001"
"2023";"01";"220205";"SAN MARTIN";"BELLAVISTA";"SAN PABLO";"GOBIERNO REGIONAL";"I-1";"00006507";"FAUSA SAPINA";"NE_0001";"";"NE_0001";"NE_0001";"NE_0001";"NE_0001";"NE_0001";"NE_0001";"NE_0001"
"2023";"01";"220205";"SAN MARTIN";"BELLAVISTA";"SAN PABLO";"GOBIERNO REGIONAL";"I-1";"00006508";"SAN PABLO";"NE_0001";"";"NE_0001";"NE_0001";"NE_0001";"NE_0001";"NE_0001";"NE_0001";"NE_0001"
"2023";"01";"220205";"SAN MARTIN";"BELLAVISTA";"SAN PABLO";"GOBIERNO REGIONAL";"I-2";"00006499";"FAUSA LAMISTA";"NE_0001";"";"NE_0001";"NE_0001";"NE_0001";"NE_0001";"NE_0001";"NE_0001";"NE_0001"
"2023";"01";"060810";"CAJAMARCA";"JAEN";"SAN FELIPE";"GOBIERNO REGIONAL";"I-3";"00004254";"SAN FELIPE";"NE_0001";"";"NE_0001";"NE_0001";"NE_0001";"NE_0001";"NE_0001";"NE_0001";"NE_0001"
"2023";"01";"120907";"JUNIN";"CHUPACA";"SAN JUAN DE JARPA";"GOBIERNO REGIONAL";"I-3";"00000659";"SAN JUAN DE JARPA";"NE_0001";"";"NE_0001";"NE_0001";"NE_0001";"NE_0001";"NE_0001";"NE_0001";"NE_0001"
"2023";"01";"120909";"JUNIN";"CHUPACA";"YANACANCHA";"GOBIERNO REGIONAL";"I-1";"00000662";"SANTO DOMINGO DE CACHI";"NE_0001";"";"NE_0001";"NE_0001";"NE_0001";"NE_0001";"NE_0001";"NE_0001";"NE_0001"
"2023";"01";"120907";"JUNIN";"CHUPACA";"SAN JUAN DE JARPA";"GOBIERNO REGIONAL";"I-1";"00012470";"SHICUY";"NE_0001";"";"NE_0001";"NE_0001";"NE_0001";"NE_0001";"NE_0001";"NE_0001";"NE_0001"
"2023";"01";"220510";"SAN MARTIN";"LAMAS";"TABALOSOS";"GOBIERNO REGIONAL";"I-1";"00006413";"SAN MIGUEL DEL RIO MAYO";"NE_0001";"";"NE_0001";"NE_0001";"NE_0001";"NE_0001";"NE_0001";"NE_0001";"NE_0001"
"2023";"01";"120909";"JUNIN";"CHUPACA";"YANACANCHA";"GOBIERNO REGIONAL";"I-2";"00000661";"YANACANCHA";"NE_0001";"";"NE_0001";"NE_0001";"NE_0001";"NE_0001";"NE_0001";"NE_0001";"NE_0001"
"2023";"01";"080108";"CUSCO";"CUSCO";"WANCHAQ";"ESSALUD";"III-1";"00010041";"ADOLFO GUEVARA VELASCO";"241900";"HOSPITALIZACIÓN DE MEDICINA MEDICINA INTERNA ";"4";"9";"66";"58";"4";"124";"0"
"2023";"01";"080108";"CUSCO";"CUSCO";"WANCHAQ";"ESSALUD";"III-1";"00010041";"ADOLFO GUEVARA VELASCO";"241900";"HOSPITALIZACIÓN DE MEDICINA MEDICINA INTERNA ";"49";"40";"277";"314";"11";"341";"0"
"2023";"01";"080108";"CUSCO";"CUSCO";"WANCHAQ";"ESSALUD";"III-1";"00010041";"ADOLFO GUEVARA VELASCO";"241900";"HOSPITALIZACIÓN DE MEDICINA MEDICINA INTERNA ";"14";"13";"132";"134";"5";"155";"0"
"2023";"01";"080108";"CUSCO";"CUSCO";"WANCHAQ";"ESSALUD";"III-1";"00010041";"ADOLFO GUEVARA VELASCO";"241900";"HOSPITALIZACIÓN DE MEDICINA MEDICINA INTERNA ";"0";"34";"555";"473";"16";"496";"0"
"2023";"01";"080108";"CUSCO";"CUSCO";"WANCHAQ";"ESSALUD";"III-1";"00010041";"ADOLFO GUEVARA VELASCO";"241900";"HOSPITALIZACIÓN DE MEDICINA MEDICINA INTERNA ";"0";"0";"0";"62";"2";"62";"0"
"2023";"01";"080108";"CUSCO";"CUSCO";"WANCHAQ";"ESSALUD";"III-1";"00010041";"ADOLFO GUEVARA VELASCO";"241900";"HOSPITALIZACIÓN DE MEDICINA MEDICINA INTERNA ";"12";"2";"9";"14";"5";"155";"0"
"2023";"01";"080108";"CUSCO";"CUSCO";"WANCHAQ";"ESSALUD";"III-1";"00010041";"ADOLFO GUEVARA VELASCO";"241900";"HOSPITALIZACIÓN DE MEDICINA MEDICINA INTERNA ";"114";"86";"1217";"1234";"40";"1240";"8"
"2023";"01";"080108";"CUSCO";"CUSCO";"WANCHAQ";"ESSALUD";"III-1";"00010041";"ADOLFO GUEVARA VELASCO";"241900";"HOSPITALIZACIÓN DE MEDICINA MEDICINA INTERNA ";"37";"41";"497";"428";"14";"434";"3"
"2023";"01";"080108";"CUSCO";"CUSCO";"WANCHAQ";"ESSALUD";"III-1";"00010041";"ADOLFO GUEVARA VELASCO";"241900";"HOSPITALIZACIÓN DE MEDICINA MEDICINA INTERNA ";"15";"15";"180";"136";"7";"217";"0"
"2023";"01";"080108";"CUSCO";"CUSCO";"WANCHAQ";"ESSALUD";"III-1";"00010041";"ADOLFO GUEVARA VELASCO";"242100";"HOSPITALIZACIÓN DE MEDICINA ONCOLOGÍA MÉDICA ";"105";"101";"555";"557";"22";"682";"10"
"2023";"01";"080108";"CUSCO";"CUSCO";"WANCHAQ";"ESSALUD";"III-1";"00010041";"ADOLFO GUEVARA VELASCO";"240200";"HOSPITALIZACIÓN QUIRÚRGICA CIRUGÍA DE CABEZA Y CUELLO / MÁXILO FACIAL ";"14";"11";"78";"104";"4";"124";"0"
"2023";"01";"080108";"CUSCO";"CUSCO";"WANCHAQ";"ESSALUD";"III-1";"00010041";"ADOLFO GUEVARA VELASCO";"240400";"HOSPITALIZACIÓN QUIRÚRGICA CIRUGÍA DE TÓRAX Y CARDIOVASCULAR ";"22";"18";"110";"129";"5";"155";"0"
"2023";"01";"080108";"CUSCO";"CUSCO";"WANCHAQ";"ESSALUD";"III-1";"00010041";"ADOLFO GUEVARA VELASCO";"241000";"HOSPITALIZACIÓN QUIRÚRGICA ONCOLOGÍA QUIRÚRGICA  ";"40";"40";"216";"212";"7";"217";"0"
"2023";"01";"080108";"CUSCO";"CUSCO";"WANCHAQ";"ESSALUD";"III-1";"00010041";"ADOLFO GUEVARA VELASCO";"240100";"HOSPITALIZACIÓN QUIRÚRGICA CIRUGÍA GENERAL ";"235";"236";"676";"577";"19";"589";"0"
"2023";"01";"080108";"CUSCO";"CUSCO";"WANCHAQ";"ESSALUD";"III-1";"00010041";"ADOLFO GUEVARA VELASCO";"240800";"HOSPITALIZACIÓN QUIRÚRGICA CIRUGÍA PLÁSTICA/RECONSTRUCTIVA/ REPARADORA ";"0";"1";"3";"2";"1";"31";"0"
"2023";"01";"080108";"CUSCO";"CUSCO";"WANCHAQ";"ESSALUD";"III-1";"00010041";"ADOLFO GUEVARA VELASCO";"240900";"HOSPITALIZACIÓN QUIRÚRGICA NEUROCIRUGÍA ";"1";"1";"1";"1";"1";"31";"0"
"2023";"01";"080108";"CUSCO";"CUSCO";"WANCHAQ";"ESSALUD";"III-1";"00010041";"ADOLFO GUEVARA VELASCO";"240900";"HOSPITALIZACIÓN QUIRÚRGICA NEUROCIRUGÍA ";"35";"30";"185";"211";"7";"217";"0"
"2023";"01";"080108";"CUSCO";"CUSCO";"WANCHAQ";"ESSALUD";"III-1";"00010041";"ADOLFO GUEVARA VELASCO";"240600";"HOSPITALIZACIÓN QUIRÚRGICA CIRUGÍA OFTALMOLÓGICA ";"1";"1";"4";"4";"1";"31";"0"
"2023";"01";"080108";"CUSCO";"CUSCO";"WANCHAQ";"ESSALUD";"III-1";"00010041";"ADOLFO GUEVARA VELASCO";"241200";"HOSPITALIZACIÓN QUIRÚRGICA TRAUMATOLOGÍA Y ORTOPEDIA ";"101";"105";"742";"765";"25";"775";"0"
"2023";"01";"080108";"CUSCO";"CUSCO";"WANCHAQ";"ESSALUD";"III-1";"00010041";"ADOLFO GUEVARA VELASCO";"241100";"HOSPITALIZACIÓN QUIRÚRGICA OTORRINOLARINGOLOGÍA  ";"0";"1";"6";"6";"1";"31";"0"
"2023";"01";"080108";"CUSCO";"CUSCO";"WANCHAQ";"ESSALUD";"III-1";"00010041";"ADOLFO GUEVARA VELASCO";"241100";"HOSPITALIZACIÓN QUIRÚRGICA OTORRINOLARINGOLOGÍA  ";"30";"21";"121";"149";"5";"155";"0"
"2023";"01";"080108";"CUSCO";"CUSCO";"WANCHAQ";"ESSALUD";"III-1";"00010041";"ADOLFO GUEVARA VELASCO";"241300";"HOSPITALIZACIÓN QUIRÚRGICA UROLOGÍA  ";"66";"65";"389";"363";"14";"434";"0"
"2023";"01";"080108";"CUSCO";"CUSCO";"WANCHAQ";"ESSALUD";"III-1";"00010041";"ADOLFO GUEVARA VELASCO";"241500";"HOSPITALIZACIÓN QUIRÚRGICA GINECOLOGÍA  ";"1";"1";"1";"41";"2";"62";"0"
"2023";"01";"080108";"CUSCO";"CUSCO";"WANCHAQ";"ESSALUD";"III-1";"00010041";"ADOLFO GUEVARA VELASCO";"241500";"HOSPITALIZACIÓN QUIRÚRGICA GINECOLOGÍA  ";"152";"148";"405";"383";"14";"434";"0"
"2023";"01";"080108";"CUSCO";"CUSCO";"WANCHAQ";"ESSALUD";"III-1";"00010041";"ADOLFO GUEVARA VELASCO";"241600";"HOSPITALIZACIÓN QUIRÚRGICA OBSTETRICIA   ";"7";"3";"9";"9";"1";"31";"0"
"2023";"01";"080108";"CUSCO";"CUSCO";"WANCHAQ";"ESSALUD";"III-1";"00010041";"ADOLFO GUEVARA VELASCO";"241600";"HOSPITALIZACIÓN QUIRÚRGICA OBSTETRICIA   ";"303";"310";"817";"836";"29";"899";"0"
"2023";"01";"080108";"CUSCO";"CUSCO";"WANCHAQ";"ESSALUD";"III-1";"00010041";"ADOLFO GUEVARA VELASCO";"242300";"HOSPITALIZACIÓN DE PEDIATRÍA  PEDIATRÍA  GENERAL ";"0";"1";"11";"82";"3";"93";"0"
"2023";"01";"080108";"CUSCO";"CUSCO";"WANCHAQ";"ESSALUD";"III-1";"00010041";"ADOLFO GUEVARA VELASCO";"242300";"HOSPITALIZACIÓN DE PEDIATRÍA  PEDIATRÍA  GENERAL ";"36";"34";"233";"190";"12";"372";"0"
"2023";"01";"080108";"CUSCO";"CUSCO";"WANCHAQ";"ESSALUD";"III-1";"00010041";"ADOLFO GUEVARA VELASCO";"240700";"HOSPITALIZACIÓN QUIRÚRGICA CIRUGÍA PEDIÁTRICA ";"17";"19";"128";"123";"10";"310";"0"
"2023";"01";"080108";"CUSCO";"CUSCO";"WANCHAQ";"ESSALUD";"III-1";"00010041";"ADOLFO GUEVARA VELASCO";"250100";"UNIDAD DE CUIDADOS CRITICOS UNIDAD  DE CUIDADOS INTENSIVOS GENERALES (UCI) ";"20";"6";"115";"226";"12";"372";"7"
"2023";"01";"080108";"CUSCO";"CUSCO";"WANCHAQ";"ESSALUD";"III-1";"00010041";"ADOLFO GUEVARA VELASCO";"250108";"UNIDAD DE CUIDADOS CRITICOS UNIDAD  DE CUIDADOS INTENSIVOS  (UCI) PEDIÁTRICA";"6";"4";"69";"34";"3";"93";"0"
"2023";"01";"080108";"CUSCO";"CUSCO";"WANCHAQ";"ESSALUD";"III-1";"00010041";"ADOLFO GUEVARA VELASCO";"250105";"UNIDAD DE CUIDADOS CRITICOS UNIDAD  DE CUIDADOS INTENSIVOS  (UCI) NEONATOLOGÍA";"11";"3";"12";"103";"6";"186";"0"
"2023";"01";"080108";"CUSCO";"CUSCO";"WANCHAQ";"ESSALUD";"III-1";"00010041";"ADOLFO GUEVARA VELASCO";"250200";"UNIDAD DE CUIDADOS CRITICOS UNIDAD DE CUIDADOS INTERMEDIOS GENERAL  (UCIN) ";"2";"2";"88";"218";"8";"248";"0"
"2023";"01";"080108";"CUSCO";"CUSCO";"WANCHAQ";"ESSALUD";"III-1";"00010041";"ADOLFO GUEVARA VELASCO";"250105";"UNIDAD DE CUIDADOS CRITICOS UNIDAD  DE CUIDADOS INTENSIVOS  (UCI) NEONATOLOGÍA";"6";"3";"8";"9";"1";"31";"0"
"2023";"01";"080108";"CUSCO";"CUSCO";"WANCHAQ";"ESSALUD";"III-1";"00010041";"ADOLFO GUEVARA VELASCO";"250105";"UNIDAD DE CUIDADOS CRITICOS UNIDAD  DE CUIDADOS INTENSIVOS  (UCI) NEONATOLOGÍA";"34";"2";"33";"100";"4";"124";"6"
"2023";"01";"080108";"CUSCO";"CUSCO";"WANCHAQ";"ESSALUD";"III-1";"00010041";"ADOLFO GUEVARA VELASCO";"250105";"UNIDAD DE CUIDADOS CRITICOS UNIDAD  DE CUIDADOS INTENSIVOS  (UCI) NEONATOLOGÍA";"11";"32";"244";"248";"8";"248";"0"
"2023";"01";"080108";"CUSCO";"CUSCO";"WANCHAQ";"ESSALUD";"III-1";"00010041";"ADOLFO GUEVARA VELASCO";"250105";"UNIDAD DE CUIDADOS CRITICOS UNIDAD  DE CUIDADOS INTENSIVOS  (UCI) NEONATOLOGÍA";"3";"41";"359";"318";"11";"341";"0"
"2023";"01";"180303";"MOQUEGUA";"ILO";"PACOCHA";"PRIVADO";"II-1";"00017563";"HOSPITAL SPCC - ILO";"240100";"HOSPITALIZACIÓN QUIRÚRGICA CIRUGÍA GENERAL ";"11";"9";"29";"42";"13";"403";"0"
"2023";"01";"180303";"MOQUEGUA";"ILO";"PACOCHA";"PRIVADO";"II-1";"00017563";"HOSPITAL SPCC - ILO";"241400";"HOSPITALIZACIÓN QUIRÚRGICA GINECO - OBSTETRICIA ";"1";"1";"3";"4";"4";"124";"0"
"2023";"01";"180303";"MOQUEGUA";"ILO";"PACOCHA";"PRIVADO";"II-1";"00017563";"HOSPITAL SPCC - ILO";"241800";"HOSPITALIZACIÓN DE MEDICINA MEDICINA GENERAL ";"6";"5";"18";"28";"13";"403";"0"
"2023";"01";"180303";"MOQUEGUA";"ILO";"PACOCHA";"PRIVADO";"II-1";"00017563";"HOSPITAL SPCC - ILO";"242500";"HOSPITALIZACIÓN-PEDIATRÍA GENERAL-";"3";"2";"7";"11";"7";"217";"0"
"2023";"02";"021303";"ANCASH";"MARISCAL LUZURIAGA";"ELEAZAR GUZMAN BARRON";"GOBIERNO REGIONAL";"I-1";"00001787";"PUESTO DE SALUD PUMPA";"NE_0002";"";"NE_0002";"NE_0002";"NE_0002";"NE_0002";"NE_0002";"NE_0002";"NE_0002"
"2023";"02";"021305";"ANCASH";"MARISCAL LUZURIAGA";"LLAMA";"GOBIERNO REGIONAL";"I-2";"00001788";"PUESTO DE SALUD LLAMA";"NE_0002";"";"NE_0002";"NE_0002";"NE_0002";"NE_0002";"NE_0002";"NE_0002";"NE_0002"
"2023";"02";"021304";"ANCASH";"MARISCAL LUZURIAGA";"FIDEL OLIVAS ESCUDERO";"GOBIERNO REGIONAL";"I-1";"00001793";"PUESTO DE SALUD SANASHGAN";"NE_0002";"";"NE_0002";"NE_0002";"NE_0002";"NE_0002";"NE_0002";"NE_0002";"NE_0002"
"2023";"02";"220205";"SAN MARTIN";"BELLAVISTA";"SAN PABLO";"GOBIERNO REGIONAL";"I-1";"00006508";"SAN PABLO";"NE_0001";"";"NE_0001";"NE_0001";"NE_0001";"NE_0001";"NE_0001";"NE_0001";"NE_0001"
"2023";"02";"220205";"SAN MARTIN";"BELLAVISTA";"SAN PABLO";"GOBIERNO REGIONAL";"I-2";"00006499";"FAUSA LAMISTA";"NE_0001";"";"NE_0001";"NE_0001";"NE_0001";"NE_0001";"NE_0001";"NE_0001";"NE_0001"
"2023";"02";"220205";"SAN MARTIN";"BELLAVISTA";"SAN PABLO";"GOBIERNO REGIONAL";"I-1";"00006509";"DOS DE MAYO";"NE_0001";"";"NE_0001";"NE_0001";"NE_0001";"NE_0001";"NE_0001";"NE_0001";"NE_0001"
"2023";"02";"220205";"SAN MARTIN";"BELLAVISTA";"SAN PABLO";"GOBIERNO REGIONAL";"I-1";"00029371";"CENTRO AMERICA - SAN PABLO";"NE_0001";"";"NE_0001";"NE_0001";"NE_0001";"NE_0001";"NE_0001";"NE_0001";"NE_0001"
"2023";"02";"220205";"SAN MARTIN";"BELLAVISTA";"SAN PABLO";"GOBIERNO REGIONAL";"I-3";"00006506";"CONSUELO";"NE_0001";"";"NE_0001";"NE_0001";"NE_0001";"NE_0001";"NE_0001";"NE_0001";"NE_0001"
"2023";"02";"110113";"ICA";"ICA";"TATE";"GOBIERNO REGIONAL";"I-3";"00003371";"TATE";"NE_0001";"";"NE_0001";"NE_0001";"NE_0001";"NE_0001";"NE_0001";"NE_0001";"NE_0001"
"2023";"02";"110107";"ICA";"ICA";"PUEBLO NUEVO";"GOBIERNO REGIONAL";"I-1";"00003403";"CALLEJON LOS ESPINOS";"NE_0001";"";"NE_0001";"NE_0001";"NE_0001";"NE_0001";"NE_0001";"NE_0001";"NE_0001"
"2023";"02";"110113";"ICA";"ICA";"TATE";"GOBIERNO REGIONAL";"I-1";"00003404";"LUJARAJA";"NE_0001";"";"NE_0001";"NE_0001";"NE_0001";"NE_0001";"NE_0001";"NE_0001";"NE_0001"
"2023";"02";"110113";"ICA";"ICA";"TATE";"GOBIERNO REGIONAL";"I-1";"00003406";"LOS CALDERONES";"NE_0001";"";"NE_0001";"NE_0001";"NE_0001";"NE_0001";"NE_0001";"NE_0001";"NE_0001"
"2023";"02";"110105";"ICA";"ICA";"PACHACUTEC";"GOBIERNO REGIONAL";"I-2";"00003407";"EL PALTO";"NE_0001";"";"NE_0001";"NE_0001";"NE_0001";"NE_0001";"NE_0001";"NE_0001";"NE_0001"
"2023";"02";"110107";"ICA";"ICA";"PUEBLO NUEVO";"GOBIERNO REGIONAL";"I-1";"00003402";"PARIÑA GRANDE";"NE_0001";"";"NE_0001";"NE_0001";"NE_0001";"NE_0001";"NE_0001";"NE_0001";"NE_0001"
"2023";"02";"110113";"ICA";"ICA";"TATE";"GOBIERNO REGIONAL";"I-1";"00003405";"PUNO";"NE_0001";"";"NE_0001";"NE_0001";"NE_0001";"NE_0001";"NE_0001";"NE_0001";"NE_0001"
"2023";"02";"110105";"ICA";"ICA";"PACHACUTEC";"MINSA";"I-2";"00003372";"PACHACUTEC";"NE_0001";"";"NE_0001";"NE_0001";"NE_0001";"NE_0001";"NE_0001";"NE_0001";"NE_0001"
"2023";"02";"150131";"LIMA";"LIMA";"SAN ISIDRO";"PRIVADO";"I-2";"00025076";"CONSULTORIOS EXTERNOS ANGLO AMERICANA";"NE_0001";"";"NE_0001";"NE_0001";"NE_0001";"NE_0001";"NE_0001";"NE_0001";"NE_0001"
"2023";"02";"120601";"JUNIN";"SATIPO";"SATIPO";"GOBIERNO REGIONAL";"I-1";"00000480";"BAJO CAPIRO";"NE_0001";"";"NE_0001";"NE_0001";"NE_0001";"NE_0001";"NE_0001";"NE_0001";"NE_0001"
"2023";"02";"120607";"JUNIN";"SATIPO";"RIO NEGRO";"GOBIERNO REGIONAL";"I-2";"00000502";"CUSHIVIANI";"NE_0001";"";"NE_0001";"NE_0001";"NE_0001";"NE_0001";"NE_0001";"NE_0001";"NE_0001"
"2023";"02";"120601";"JUNIN";"SATIPO";"SATIPO";"GOBIERNO REGIONAL";"I-1";"00029375";"COMUNIDAD NATIVA SHANQUI";"NE_0001";"";"NE_0001";"NE_0001";"NE_0001";"NE_0001";"NE_0001";"NE_0001";"NE_0001"
"2023";"02";"120601";"JUNIN";"SATIPO";"SATIPO";"GOBIERNO REGIONAL";"I-1";"00000484";"ALTO PAURELI";"NE_0001";"";"NE_0001";"NE_0001";"NE_0001";"NE_0001";"NE_0001";"NE_0001";"NE_0001"
"2023";"02";"120607";"JUNIN";"SATIPO";"RIO NEGRO";"GOBIERNO REGIONAL";"I-2";"00000505";"SAN JUAN DE CHENI";"NE_0001";"";"NE_0001";"NE_0001";"NE_0001";"NE_0001";"NE_0001";"NE_0001";"NE_0001"
"2023";"02";"130401";"LA LIBERTAD";"CHEPEN";"CHEPEN";"GOBIERNO REGIONAL";"II-1";"00005299";"HOSPITAL DE APOYO CHEPEN";"240100";"HOSPITALIZACIÓN QUIRÚRGICA CIRUGÍA GENERAL ";"48";"36";"132";"225";"16";"448";"0"
"2023";"02";"130401";"LA LIBERTAD";"CHEPEN";"CHEPEN";"GOBIERNO REGIONAL";"II-1";"00005299";"HOSPITAL DE APOYO CHEPEN";"241400";"HOSPITALIZACIÓN QUIRÚRGICA GINECO - OBSTETRICIA ";"132";"131";"271";"336";"24";"672";"0"
"2023";"02";"130401";"LA LIBERTAD";"CHEPEN";"CHEPEN";"GOBIERNO REGIONAL";"II-1";"00005299";"HOSPITAL DE APOYO CHEPEN";"241800";"HOSPITALIZACIÓN DE MEDICINA MEDICINA GENERAL ";"44";"38";"170";"322";"20";"560";"2"
"2023";"02";"130401";"LA LIBERTAD";"CHEPEN";"CHEPEN";"GOBIERNO REGIONAL";"II-1";"00005299";"HOSPITAL DE APOYO CHEPEN";"242500";"HOSPITALIZACIÓN-PEDIATRÍA GENERAL-";"32";"29";"91";"112";"24";"672";"0"
"2023";"02";"221005";"SAN MARTIN";"TOCACHE";"UCHIZA";"ESSALUD";"I-2";"00010702";"POSTA MEDICA SANTA LUCIA";"NE_0001";"";"NE_0001";"NE_0001";"NE_0001";"NE_0001";"NE_0001";"NE_0001";"NE_0001"
"2023";"02";"150140";"LIMA";"LIMA";"SANTIAGO DE SURCO";"PRIVADO";"II-E";"00012572";"CLINICA PAULISTA";"240000";"HOSPITALIZACIÓN";"4";"4";"8";"5";"1";"48";"0"
"2023";"02";"040101";"AREQUIPA";"AREQUIPA";"AREQUIPA";"GOBIERNO REGIONAL";"III-1";"00001232";"HOSPITAL GOYENECHE";"241900";"HOSPITALIZACIÓN DE MEDICINA MEDICINA INTERNA ";"97";"104";"1234";"1250";"53";"1484";"15"
"2023";"02";"040101";"AREQUIPA";"AREQUIPA";"AREQUIPA";"GOBIERNO REGIONAL";"III-1";"00001232";"HOSPITAL GOYENECHE";"240100";"HOSPITALIZACIÓN QUIRÚRGICA CIRUGÍA GENERAL ";"141";"140";"993";"972";"48";"1344";"1"
"2023";"02";"040101";"AREQUIPA";"AREQUIPA";"AREQUIPA";"GOBIERNO REGIONAL";"III-1";"00001232";"HOSPITAL GOYENECHE";"240000";"HOSPITALIZACIÓN";"58";"59";"804";"729";"30";"840";"0"
"2023";"02";"040101";"AREQUIPA";"AREQUIPA";"AREQUIPA";"GOBIERNO REGIONAL";"III-1";"00001232";"HOSPITAL GOYENECHE";"242100";"HOSPITALIZACIÓN DE MEDICINA ONCOLOGÍA MÉDICA ";"52";"62";"334";"270";"22";"616";"6"
"2023";"02";"040101";"AREQUIPA";"AREQUIPA";"AREQUIPA";"GOBIERNO REGIONAL";"III-1";"00001232";"HOSPITAL GOYENECHE";"242500";"HOSPITALIZACIÓN-PEDIATRÍA GENERAL-";"60";"58";"226";"223";"26";"728";"0"
"2023";"02";"040101";"AREQUIPA";"AREQUIPA";"AREQUIPA";"GOBIERNO REGIONAL";"III-1";"00001232";"HOSPITAL GOYENECHE";"240700";"HOSPITALIZACIÓN QUIRÚRGICA CIRUGÍA PEDIÁTRICA ";"41";"40";"219";"230";"9";"252";"0"
"2023";"02";"040101";"AREQUIPA";"AREQUIPA";"AREQUIPA";"GOBIERNO REGIONAL";"III-1";"00001232";"HOSPITAL GOYENECHE";"243200";"HOSPITALIZACIÓN DE PEDIATRÍA PEDIATRIA NEONATOLOGÍA";"113";"126";"570";"460";"17";"476";"0"
"2023";"02";"040101";"AREQUIPA";"AREQUIPA";"AREQUIPA";"GOBIERNO REGIONAL";"III-1";"00001232";"HOSPITAL GOYENECHE";"241500";"HOSPITALIZACIÓN QUIRÚRGICA GINECOLOGÍA  ";"176";"177";"476";"466";"20";"560";"0"
"2023";"02";"040101";"AREQUIPA";"AREQUIPA";"AREQUIPA";"GOBIERNO REGIONAL";"III-1";"00001232";"HOSPITAL GOYENECHE";"241600";"HOSPITALIZACIÓN QUIRÚRGICA OBSTETRICIA   ";"230";"227";"730";"657";"36";"1008";"0"
"2023";"02";"040101";"AREQUIPA";"AREQUIPA";"AREQUIPA";"GOBIERNO REGIONAL";"III-1";"00001232";"HOSPITAL GOYENECHE";"250100";"UNIDAD DE CUIDADOS CRITICOS UNIDAD  DE CUIDADOS INTENSIVOS GENERALES (UCI) ";"3";"0";"0";"155";"6";"168";"0"
"2023";"02";"040101";"AREQUIPA";"AREQUIPA";"AREQUIPA";"GOBIERNO REGIONAL";"III-1";"00001232";"HOSPITAL GOYENECHE";"250105";"UNIDAD DE CUIDADOS CRITICOS UNIDAD  DE CUIDADOS INTENSIVOS  (UCI) NEONATOLOGÍA";"10";"1";"39";"140";"6";"168";"1"
"2023";"02";"040101";"AREQUIPA";"AREQUIPA";"AREQUIPA";"GOBIERNO REGIONAL";"III-1";"00001232";"HOSPITAL GOYENECHE";"250000";"UNIDAD DE CUIDADOS CRITICOS  ";"18";"25";"291";"180";"13";"364";"2"
"2023";"01";"150132";"LIMA";"LIMA";"SAN JUAN DE LURIGANCHO";"PRIVADO";"II-2";"00009104";"CLINICA SAN MIGUEL ARCANGEL S.A.C.";"241800";"HOSPITALIZACIÓN DE MEDICINA MEDICINA GENERAL ";"7";"8";"28";"26";"2";"62";"0"
"2023";"01";"150132";"LIMA";"LIMA";"SAN JUAN DE LURIGANCHO";"PRIVADO";"II-2";"00009104";"CLINICA SAN MIGUEL ARCANGEL S.A.C.";"240100";"HOSPITALIZACIÓN QUIRÚRGICA CIRUGÍA GENERAL ";"6";"6";"11";"11";"3";"93";"0"
"2023";"01";"150132";"LIMA";"LIMA";"SAN JUAN DE LURIGANCHO";"PRIVADO";"II-2";"00009104";"CLINICA SAN MIGUEL ARCANGEL S.A.C.";"241400";"HOSPITALIZACIÓN QUIRÚRGICA GINECO - OBSTETRICIA ";"12";"13";"27";"25";"3";"93";"0"
"2023";"01";"150132";"LIMA";"LIMA";"SAN JUAN DE LURIGANCHO";"PRIVADO";"II-2";"00009104";"CLINICA SAN MIGUEL ARCANGEL S.A.C.";"241600";"HOSPITALIZACIÓN QUIRÚRGICA OBSTETRICIA   ";"4";"4";"4";"4";"2";"62";"0"
"2023";"01";"150105";"LIMA";"LIMA";"BREÑA";"PRIVADO";"II-E";"00015718";"CLINICA SAN MARCOS";"240000";"HOSPITALIZACIÓN";"106";"109";"184";"184";"23";"713";"0"
"2023";"01";"040126";"AREQUIPA";"AREQUIPA";"YANAHUARA";"PRIVADO";"II-E";"00021966";"CLINICA ALIVIARI";"NE_0001";"";"NE_0001";"NE_0001";"NE_0001";"NE_0001";"NE_0001";"NE_0001";"NE_0001"
"2023";"01";"160113";"LORETO";"MAYNAS";"SAN JUAN BAUTISTA";"ESSALUD";"I-3";"00011386";"CAP II SAN JUAN BAUTISTA";"NE_0001";"";"NE_0001";"NE_0001";"NE_0001";"NE_0001";"NE_0001";"NE_0001";"NE_0001"
"2023";"01";"080913";"CUSCO";"LA CONVENCION";"VILLA KINTIARINA";"GOBIERNO REGIONAL";"I-3";"00002488";"VILLA KINTIARINA";"NE_0001";"";"NE_0001";"NE_0001";"NE_0001";"NE_0001";"NE_0001";"NE_0001";"NE_0001"
"2023";"01";"080907";"CUSCO";"LA CONVENCION";"KIMBIRI";"GOBIERNO REGIONAL";"I-2";"00002472";"MAPITUNARI";"NE_0001";"";"NE_0001";"NE_0001";"NE_0001";"NE_0001";"NE_0001";"NE_0001";"NE_0001"
"2023";"01";"080907";"CUSCO";"LA CONVENCION";"KIMBIRI";"GOBIERNO REGIONAL";"I-2";"00002475";"KIMBIRI ALTO";"NE_0001";"";"NE_0001";"NE_0001";"NE_0001";"NE_0001";"NE_0001";"NE_0001";"NE_0001"
"2023";"01";"080912";"CUSCO";"LA CONVENCION";"VILLA VIRGEN";"GOBIERNO REGIONAL";"I-2";"00002479";"VILLA VIRGEN";"NE_0001";"";"NE_0001";"NE_0001";"NE_0001";"NE_0001";"NE_0001";"NE_0001";"NE_0001"
"2023";"01";"080907";"CUSCO";"LA CONVENCION";"KIMBIRI";"GOBIERNO REGIONAL";"I-1";"00002473";"UNION ROSALES";"NE_0001";"";"NE_0001";"NE_0001";"NE_0001";"NE_0001";"NE_0001";"NE_0001";"NE_0001"
"2023";"01";"080907";"CUSCO";"LA CONVENCION";"KIMBIRI";"GOBIERNO REGIONAL";"I-2";"00002474";"SAMANIATO";"NE_0001";"";"NE_0001";"NE_0001";"NE_0001";"NE_0001";"NE_0001";"NE_0001";"NE_0001"
"2023";"01";"080907";"CUSCO";"LA CONVENCION";"KIMBIRI";"GOBIERNO REGIONAL";"I-1";"00008284";"MANITEA ALTA";"NE_0001";"";"NE_0001";"NE_0001";"NE_0001";"NE_0001";"NE_0001";"NE_0001";"NE_0001"
"2023";"01";"080907";"CUSCO";"LA CONVENCION";"KIMBIRI";"GOBIERNO REGIONAL";"I-2";"00008285";"ANGELES";"NE_0001";"";"NE_0001";"NE_0001";"NE_0001";"NE_0001";"NE_0001";"NE_0001";"NE_0001"
"2023";"01";"021809";"ANCASH";"SANTA";"NUEVO CHIMBOTE";"ESSALUD";"I-4";"00009054";"HOSPITAL I CONO SUR";"241800";"HOSPITALIZACIÓN DE MEDICINA MEDICINA GENERAL ";"25";"25";"77";"67";"3";"79";"0"
"2023";"01";"100105";"HUANUCO";"HUANUCO";"MARGOS";"GOBIERNO REGIONAL";"I-3";"00000797";"MARGOS";"NE_0001";"";"NE_0001";"NE_0001";"NE_0001";"NE_0001";"NE_0001";"NE_0001";"NE_0001"
"2023";"01";"100105";"HUANUCO";"HUANUCO";"MARGOS";"GOBIERNO REGIONAL";"I-1";"00000798";"JESUS DE NAZARETH DE COCHAS";"NE_0001";"";"NE_0001";"NE_0001";"NE_0001";"NE_0001";"NE_0001";"NE_0001";"NE_0001"
"2023";"01";"100105";"HUANUCO";"HUANUCO";"MARGOS";"GOBIERNO REGIONAL";"I-1";"00000799";"SAN FRANCISCO DE LLAMAPASHILLUM";"NE_0001";"";"NE_0001";"NE_0001";"NE_0001";"NE_0001";"NE_0001";"NE_0001";"NE_0001"
"2023";"01";"100105";"HUANUCO";"HUANUCO";"MARGOS";"GOBIERNO REGIONAL";"I-1";"00000800";"PACAYHUA";"NE_0001";"";"NE_0001";"NE_0001";"NE_0001";"NE_0001";"NE_0001";"NE_0001";"NE_0001"
"2023";"01";"100503";"HUANUCO";"HUAMALIES";"CHAVIN DE PARIARCA";"GOBIERNO REGIONAL";"I-1";"00000899";"SAN JUAN DE PAMPAS";"NE_0001";"";"NE_0001";"NE_0001";"NE_0001";"NE_0001";"NE_0001";"NE_0001";"NE_0001"
"2023";"01";"100503";"HUANUCO";"HUAMALIES";"CHAVIN DE PARIARCA";"GOBIERNO REGIONAL";"I-1";"00007720";"QUIPRAN";"NE_0001";"";"NE_0001";"NE_0001";"NE_0001";"NE_0001";"NE_0001";"NE_0001";"NE_0001"
"2023";"01";"100503";"HUANUCO";"HUAMALIES";"CHAVIN DE PARIARCA";"GOBIERNO REGIONAL";"I-3";"00000896";"CHAVIN DE PARIARCA";"NE_0001";"";"NE_0001";"NE_0001";"NE_0001";"NE_0001";"NE_0001";"NE_0001";"NE_0001"
"2023";"01";"100403";"HUANUCO";"HUACAYBAMBA";"COCHABAMBA";"GOBIERNO REGIONAL";"I-1";"00000882";"SANTA ANA PIRUSHTO";"NE_0001";"";"NE_0001";"NE_0001";"NE_0001";"NE_0001";"NE_0001";"NE_0001";"NE_0001"
"2023";"01";"100403";"HUANUCO";"HUACAYBAMBA";"COCHABAMBA";"GOBIERNO REGIONAL";"I-1";"00000879";"COCHABAMBA";"NE_0001";"";"NE_0001";"NE_0001";"NE_0001";"NE_0001";"NE_0001";"NE_0001";"NE_0001"
"2023";"01";"060811";"CAJAMARCA";"JAEN";"SAN JOSE DEL ALTO";"GOBIERNO REGIONAL";"I-1";"00018121";"EL PORVENIR";"NE_0001";"";"NE_0001";"NE_0001";"NE_0001";"NE_0001";"NE_0001";"NE_0001";"NE_0001"
"2023";"01";"060811";"CAJAMARCA";"JAEN";"SAN JOSE DEL ALTO";"GOBIERNO REGIONAL";"I-2";"00004260";"PEÑA BLANCA";"NE_0001";"";"NE_0001";"NE_0001";"NE_0001";"NE_0001";"NE_0001";"NE_0001";"NE_0001"
"2023";"01";"060811";"CAJAMARCA";"JAEN";"SAN JOSE DEL ALTO";"GOBIERNO REGIONAL";"I-1";"00013058";"SAN PEDRO";"NE_0001";"";"NE_0001";"NE_0001";"NE_0001";"NE_0001";"NE_0001";"NE_0001";"NE_0001"
"2023";"01";"060811";"CAJAMARCA";"JAEN";"SAN JOSE DEL ALTO";"GOBIERNO REGIONAL";"I-1";"00004259";"HUAHUAYA";"NE_0001";"";"NE_0001";"NE_0001";"NE_0001";"NE_0001";"NE_0001";"NE_0001";"NE_0001"
"2023";"01";"060811";"CAJAMARCA";"JAEN";"SAN JOSE DEL ALTO";"GOBIERNO REGIONAL";"I-1";"00004257";"SAN JOSE DEL ALTO";"NE_0001";"";"NE_0001";"NE_0001";"NE_0001";"NE_0001";"NE_0001";"NE_0001";"NE_0001"
"2023";"01";"060811";"CAJAMARCA";"JAEN";"SAN JOSE DEL ALTO";"GOBIERNO REGIONAL";"I-1";"00009965";"SAN ANTONIO";"NE_0001";"";"NE_0001";"NE_0001";"NE_0001";"NE_0001";"NE_0001";"NE_0001";"NE_0001"
"2023";"01";"060811";"CAJAMARCA";"JAEN";"SAN JOSE DEL ALTO";"GOBIERNO REGIONAL";"I-3";"00004256";"COCHALAN";"NE_0001";"";"NE_0001";"NE_0001";"NE_0001";"NE_0001";"NE_0001";"NE_0001";"NE_0001"
"2023";"01";"060811";"CAJAMARCA";"JAEN";"SAN JOSE DEL ALTO";"GOBIERNO REGIONAL";"I-2";"00004258";"ANGASH";"NE_0001";"";"NE_0001";"NE_0001";"NE_0001";"NE_0001";"NE_0001";"NE_0001";"NE_0001"
"2023";"01";"160108";"LORETO";"MAYNAS";"PUNCHANA";"GOBIERNO REGIONAL";"III-1";"00000003";"HOSPITAL REGIONAL DE LORETO ""FELIPE SANTIAGO ARRIOLA IGLESIAS""";"240100";"HOSPITALIZACIÓN QUIRÚRGICA CIRUGÍA GENERAL ";"78";"76";"686";"365";"24";"744";"1"
"2023";"01";"160108";"LORETO";"MAYNAS";"PUNCHANA";"GOBIERNO REGIONAL";"III-1";"00000003";"HOSPITAL REGIONAL DE LORETO ""FELIPE SANTIAGO ARRIOLA IGLESIAS""";"241500";"HOSPITALIZACIÓN QUIRÚRGICA GINECOLOGÍA  ";"28";"20";"97";"172";"15";"465";"0"
"2023";"01";"160108";"LORETO";"MAYNAS";"PUNCHANA";"GOBIERNO REGIONAL";"III-1";"00000003";"HOSPITAL REGIONAL DE LORETO ""FELIPE SANTIAGO ARRIOLA IGLESIAS""";"241900";"HOSPITALIZACIÓN DE MEDICINA MEDICINA INTERNA ";"59";"74";"660";"796";"50";"1550";"9"
"2023";"01";"160108";"LORETO";"MAYNAS";"PUNCHANA";"GOBIERNO REGIONAL";"III-1";"00000003";"HOSPITAL REGIONAL DE LORETO ""FELIPE SANTIAGO ARRIOLA IGLESIAS""";"242000";"HOSPITALIZACIÓN DE MEDICINA MEDICINA TROPICAL E INFECCIOSAS ";"111";"108";"846";"900";"36";"1116";"22"
"2023";"01";"160108";"LORETO";"MAYNAS";"PUNCHANA";"GOBIERNO REGIONAL";"III-1";"00000003";"HOSPITAL REGIONAL DE LORETO ""FELIPE SANTIAGO ARRIOLA IGLESIAS""";"241400";"HOSPITALIZACIÓN QUIRÚRGICA GINECO - OBSTETRICIA ";"332";"331";"818";"814";"49";"1519";"0"
"2023";"01";"160108";"LORETO";"MAYNAS";"PUNCHANA";"GOBIERNO REGIONAL";"III-1";"00000003";"HOSPITAL REGIONAL DE LORETO ""FELIPE SANTIAGO ARRIOLA IGLESIAS""";"242300";"HOSPITALIZACIÓN DE PEDIATRÍA  PEDIATRÍA  GENERAL ";"51";"47";"472";"378";"24";"744";"0"
"2023";"01";"160108";"LORETO";"MAYNAS";"PUNCHANA";"GOBIERNO REGIONAL";"III-1";"00000003";"HOSPITAL REGIONAL DE LORETO ""FELIPE SANTIAGO ARRIOLA IGLESIAS""";"250103";"UNIDAD DE CUIDADOS CRITICOS UNIDAD  DE CUIDADOS INTENSIVOS GENERALES  (UCI) MEDICINA";"21";"6";"20";"62";"7";"217";"6"
"2023";"01";"160108";"LORETO";"MAYNAS";"PUNCHANA";"GOBIERNO REGIONAL";"III-1";"00000003";"HOSPITAL REGIONAL DE LORETO ""FELIPE SANTIAGO ARRIOLA IGLESIAS""";"250108";"UNIDAD DE CUIDADOS CRITICOS UNIDAD  DE CUIDADOS INTENSIVOS  (UCI) PEDIÁTRICA";"9";"8";"92";"160";"6";"186";"6"
"2023";"01";"160108";"LORETO";"MAYNAS";"PUNCHANA";"GOBIERNO REGIONAL";"III-1";"00000003";"HOSPITAL REGIONAL DE LORETO ""FELIPE SANTIAGO ARRIOLA IGLESIAS""";"250109";"UNIDAD DE CUIDADOS CRITICOS UNIDAD  DE CUIDADOS INTENSIVOS  (UCI) QUIRÚRGICA";"5";"4";"24";"38";"8";"248";"1"
"2023";"01";"160108";"LORETO";"MAYNAS";"PUNCHANA";"GOBIERNO REGIONAL";"III-1";"00000003";"HOSPITAL REGIONAL DE LORETO ""FELIPE SANTIAGO ARRIOLA IGLESIAS""";"250400";"UNIDAD DE CUIDADOS CRITICOS UNIDAD DE QUEMADOS (GRAN QUEMADO) ";"2";"4";"153";"117";"5";"155";"0"
"2023";"01";"160108";"LORETO";"MAYNAS";"PUNCHANA";"GOBIERNO REGIONAL";"III-1";"00000003";"HOSPITAL REGIONAL DE LORETO ""FELIPE SANTIAGO ARRIOLA IGLESIAS""";"250105";"UNIDAD DE CUIDADOS CRITICOS UNIDAD  DE CUIDADOS INTENSIVOS  (UCI) NEONATOLOGÍA";"1";"5";"47";"190";"7";"217";"5"
"2023";"01";"160108";"LORETO";"MAYNAS";"PUNCHANA";"GOBIERNO REGIONAL";"III-1";"00000003";"HOSPITAL REGIONAL DE LORETO ""FELIPE SANTIAGO ARRIOLA IGLESIAS""";"250201";"UNIDAD DE CUIDADOS CRITICOS UNIDAD DE CUIDADOS INTERMEDIOS  (UCIN) NEONATAL";"22";"28";"361";"454";"15";"465";"0"
"2023";"01";"160108";"LORETO";"MAYNAS";"PUNCHANA";"GOBIERNO REGIONAL";"III-1";"00000003";"HOSPITAL REGIONAL DE LORETO ""FELIPE SANTIAGO ARRIOLA IGLESIAS""";"242100";"HOSPITALIZACIÓN DE MEDICINA ONCOLOGÍA MÉDICA ";"3";"2";"23";"2";"4";"124";"1"
"2023";"01";"160108";"LORETO";"MAYNAS";"PUNCHANA";"GOBIERNO REGIONAL";"III-1";"00000003";"HOSPITAL REGIONAL DE LORETO ""FELIPE SANTIAGO ARRIOLA IGLESIAS""";"242205";"HOSPITALIZACIÓN MEDICINA PSIQUIATRÍA PISIQUIATRIA/ SALUD MENTAL Y ADICCIONES";"1";"2";"1136";"247";"11";"330";"0"
"2023";"02";"150140";"LIMA";"LIMA";"SANTIAGO DE SURCO";"PRIVADO";"II-E";"00013900";"OFTALMOSALUD";"NE_0001";"";"NE_0001";"NE_0001";"NE_0001";"NE_0001";"NE_0001";"NE_0001";"NE_0001"
"2023";"02";"220101";"SAN MARTIN";"MOYOBAMBA";"MOYOBAMBA";"GOBIERNO REGIONAL";"I-2";"00006291";"ATUMPLAYA";"NE_0001";"";"NE_0001";"NE_0001";"NE_0001";"NE_0001";"NE_0001";"NE_0001";"NE_0001"
"2023";"02";"220807";"SAN MARTIN";"RIOJA";"SAN FERNANDO";"GOBIERNO REGIONAL";"I-3";"00006290";"SAN FERNANDO";"NE_0002";"";"NE_0002";"NE_0002";"NE_0002";"NE_0002";"NE_0002";"NE_0002";"NE_0002"
"2023";"02";"220807";"SAN MARTIN";"RIOJA";"SAN FERNANDO";"GOBIERNO REGIONAL";"I-1";"00006294";"PERLA MAYO";"NE_0001";"";"NE_0001";"NE_0001";"NE_0001";"NE_0001";"NE_0001";"NE_0001";"NE_0001"
"2023";"02";"130105";"LA LIBERTAD";"TRUJILLO";"LA ESPERANZA";"GOBIERNO REGIONAL";"II-1";"00005226";"HOSPITAL DISTRITAL JERUSALEN";"241400";"HOSPITALIZACIÓN QUIRÚRGICA GINECO - OBSTETRICIA ";"16";"16";"28";"34";"6";"186";"0"
"2023";"02";"130105";"LA LIBERTAD";"TRUJILLO";"LA ESPERANZA";"GOBIERNO REGIONAL";"II-1";"00005226";"HOSPITAL DISTRITAL JERUSALEN";"241600";"HOSPITALIZACIÓN QUIRÚRGICA OBSTETRICIA   ";"37";"37";"46";"56";"6";"186";"0"
"2023";"02";"080906";"CUSCO";"LA CONVENCION";"QUELLOUNO";"GOBIERNO REGIONAL";"I-2";"00002466";"HUILLCAPAMPA";"NE_0001";"";"NE_0001";"NE_0001";"NE_0001";"NE_0001";"NE_0001";"NE_0001";"NE_0001"
"2023";"02";"080408";"CUSCO";"CALCA";"YANATILE";"GOBIERNO REGIONAL";"I-1";"00002363";"TUPAC AMARU QUELLOUNO";"NE_0001";"";"NE_0001";"NE_0001";"NE_0001";"NE_0001";"NE_0001";"NE_0001";"NE_0001"
"2023";"02";"080905";"CUSCO";"LA CONVENCION";"OCOBAMBA";"GOBIERNO REGIONAL";"I-1";"00002463";"CHINGANILLA";"NE_0001";"";"NE_0001";"NE_0001";"NE_0001";"NE_0001";"NE_0001";"NE_0001";"NE_0001"
"2023";"02";"080906";"CUSCO";"LA CONVENCION";"QUELLOUNO";"GOBIERNO REGIONAL";"I-1";"00008907";"MATORIATO";"NE_0001";"";"NE_0001";"NE_0001";"NE_0001";"NE_0001";"NE_0001";"NE_0001";"NE_0001"
"2023";"02";"080906";"CUSCO";"LA CONVENCION";"QUELLOUNO";"GOBIERNO REGIONAL";"I-2";"00008909";"CHAPO BOYERO";"NE_0001";"";"NE_0001";"NE_0001";"NE_0001";"NE_0001";"NE_0001";"NE_0001";"NE_0001"
"2023";"02";"080905";"CUSCO";"LA CONVENCION";"OCOBAMBA";"GOBIERNO REGIONAL";"I-3";"00002462";"OCCOBAMBA LACONVENCION";"NE_0001";"";"NE_0001";"NE_0001";"NE_0001";"NE_0001";"NE_0001";"NE_0001";"NE_0001"
"2023";"02";"080906";"CUSCO";"LA CONVENCION";"QUELLOUNO";"GOBIERNO REGIONAL";"I-1";"00008906";"ESTRELLA";"NE_0001";"";"NE_0001";"NE_0001";"NE_0001";"NE_0001";"NE_0001";"NE_0001";"NE_0001"
"2023";"02";"080906";"CUSCO";"LA CONVENCION";"QUELLOUNO";"GOBIERNO REGIONAL";"I-4";"00002465";"QUELLOUNO";"NE_0001";"";"NE_0001";"NE_0001";"NE_0001";"NE_0001";"NE_0001";"NE_0001";"NE_0001"
"2023";"02";"080906";"CUSCO";"LA CONVENCION";"QUELLOUNO";"GOBIERNO REGIONAL";"I-2";"00002468";"SAN MARTIN";"NE_0001";"";"NE_0001";"NE_0001";"NE_0001";"NE_0001";"NE_0001";"NE_0001";"NE_0001"
"2023";"02";"080906";"CUSCO";"LA CONVENCION";"QUELLOUNO";"GOBIERNO REGIONAL";"I-1";"00008908";"CHIRUMBIA";"NE_0001";"";"NE_0001";"NE_0001";"NE_0001";"NE_0001";"NE_0001";"NE_0001";"NE_0001"
"2023";"03";"150122";"LIMA";"LIMA";"MIRAFLORES";"ESSALUD";"I-3";"00009298";"POLICLINICO CENTRAL DE PREVENCION LARCO";"NE_0001";"";"NE_0001";"NE_0001";"NE_0001";"NE_0001";"NE_0001";"NE_0001";"NE_0001"
"2023";"03";"120601";"JUNIN";"SATIPO";"SATIPO";"GOBIERNO REGIONAL";"II-1";"00000432";"DE APOYO MANUEL HIGA ARAKAKI";"240100";"HOSPITALIZACIÓN QUIRÚRGICA CIRUGÍA GENERAL ";"49";"54";"210";"239";"8";"248";"0"
"2023";"03";"120601";"JUNIN";"SATIPO";"SATIPO";"GOBIERNO REGIONAL";"II-1";"00000432";"DE APOYO MANUEL HIGA ARAKAKI";"241600";"HOSPITALIZACIÓN QUIRÚRGICA OBSTETRICIA   ";"134";"142";"380";"397";"13";"403";"0"
"2023";"03";"120601";"JUNIN";"SATIPO";"SATIPO";"GOBIERNO REGIONAL";"II-1";"00000432";"DE APOYO MANUEL HIGA ARAKAKI";"241200";"HOSPITALIZACIÓN QUIRÚRGICA TRAUMATOLOGÍA Y ORTOPEDIA ";"15";"15";"62";"76";"5";"155";"0"
"2023";"03";"120601";"JUNIN";"SATIPO";"SATIPO";"GOBIERNO REGIONAL";"II-1";"00000432";"DE APOYO MANUEL HIGA ARAKAKI";"242500";"HOSPITALIZACIÓN-PEDIATRÍA GENERAL-";"16";"17";"78";"88";"5";"155";"0"
"2023";"03";"120601";"JUNIN";"SATIPO";"SATIPO";"GOBIERNO REGIONAL";"II-1";"00000432";"DE APOYO MANUEL HIGA ARAKAKI";"243200";"HOSPITALIZACIÓN DE PEDIATRÍA PEDIATRIA NEONATOLOGÍA";"16";"19";"65";"96";"4";"124";"0"
"2023";"03";"021601";"ANCASH";"POMABAMBA";"POMABAMBA";"GOBIERNO REGIONAL";"I-1";"00001770";"PUESTO DE SALUD JANCAPAMPA";"NE_0001";"";"NE_0001";"NE_0001";"NE_0001";"NE_0001";"NE_0001";"NE_0001";"NE_0001"
"2023";"03";"021307";"ANCASH";"MARISCAL LUZURIAGA";"LUCMA";"GOBIERNO REGIONAL";"0";"00017687";"P. S. MASQUI";"NE_0001";"";"NE_0001";"NE_0001";"NE_0001";"NE_0001";"NE_0001";"NE_0001";"NE_0001"
"2023";"03";"150130";"LIMA";"LIMA";"SAN BORJA";"PRIVADO";"III-1";"00009886";"CLINICA SAN BORJA";"240000";"HOSPITALIZACIÓN";"426";"465";"2034";"66";"83";"2573";"4"
"2023";"03";"150130";"LIMA";"LIMA";"SAN BORJA";"PRIVADO";"III-1";"00009886";"CLINICA SAN BORJA";"240500";"HOSPITALIZACIÓN QUIRÚRGICA CIRUGÍA DE TRANSPLANTES ";"5";"3";"43";"1";"4";"124";"0"
"2023";"03";"150130";"LIMA";"LIMA";"SAN BORJA";"PRIVADO";"III-1";"00009886";"CLINICA SAN BORJA";"250105";"UNIDAD DE CUIDADOS CRITICOS UNIDAD  DE CUIDADOS INTENSIVOS  (UCI) NEONATOLOGÍA";"4";"8";"92";"3";"4";"124";"0"
"2023";"03";"150130";"LIMA";"LIMA";"SAN BORJA";"PRIVADO";"III-1";"00009886";"CLINICA SAN BORJA";"250306";"HOSPIT. EN UNIDAD DE CUID.INTEN.-UNIDAD DE VIGILANCIA INTENSIVA (UVI)-PEDIATRÍA";"2";"0";"95";"3";"4";"124";"0"
"2023";"03";"150130";"LIMA";"LIMA";"SAN BORJA";"PRIVADO";"III-1";"00009886";"CLINICA SAN BORJA";"250100";"UNIDAD DE CUIDADOS CRITICOS UNIDAD  DE CUIDADOS INTENSIVOS GENERALES (UCI) ";"65";"24";"359";"12";"19";"589";"7"
"2023";"03";"060801";"CAJAMARCA";"JAEN";"JAEN";"PRIVADO";"II-1";"00015266";"CLINICA Y BOTICA SAN JUAN";"240000";"HOSPITALIZACIÓN";"70";"70";"103";"73";"12";"336";"0"
"2023";"03";"200701";"PIURA";"TALARA";"PARIÑAS";"PRIVADO";"II-1";"00011498";"CLINICA TORRES S.A.";"240000";"HOSPITALIZACIÓN";"4";"3";"9";"8";"16";"488";"1"
"2023";"02";"060303";"CAJAMARCA";"CELENDIN";"CORTEGANA";"GOBIERNO REGIONAL";"I-1";"00006757";"CANDEN";"NE_0001";"";"NE_0001";"NE_0001";"NE_0001";"NE_0001";"NE_0001";"NE_0001";"NE_0001"
"2023";"01";"130901";"LA LIBERTAD";"SANCHEZ CARRION";"HUAMACHUCO";"GOBIERNO REGIONAL";"II-1";"00005349";"HOSPITAL DE APOYO LEONCIO PRADO";"240100";"HOSPITALIZACIÓN QUIRÚRGICA CIRUGÍA GENERAL ";"19";"21";"62";"71";"7";"217";"0"
"2023";"01";"220904";"SAN MARTIN";"SAN MARTIN";"CHAZUTA";"GOBIERNO REGIONAL";"I-1";"00006428";"SHILCAYO";"NE_0001";"";"NE_0001";"NE_0001";"NE_0001";"NE_0001";"NE_0001";"NE_0001";"NE_0001"
"2023";"02";"060303";"CAJAMARCA";"CELENDIN";"CORTEGANA";"GOBIERNO REGIONAL";"I-1";"00004474";"YAGEN";"NE_0001";"";"NE_0001";"NE_0001";"NE_0001";"NE_0001";"NE_0001";"NE_0001";"NE_0001"
"2023";"02";"060303";"CAJAMARCA";"CELENDIN";"CORTEGANA";"GOBIERNO REGIONAL";"I-1";"00006758";"MUSADEN";"NE_0001";"";"NE_0001";"NE_0001";"NE_0001";"NE_0001";"NE_0001";"NE_0001";"NE_0001"
"2023";"02";"060303";"CAJAMARCA";"CELENDIN";"CORTEGANA";"GOBIERNO REGIONAL";"I-1";"00004475";"ANDAMACHAY";"NE_0001";"";"NE_0001";"NE_0001";"NE_0001";"NE_0001";"NE_0001";"NE_0001";"NE_0001"
"2023";"02";"060303";"CAJAMARCA";"CELENDIN";"CORTEGANA";"GOBIERNO REGIONAL";"I-3";"00004477";"CORTEGANA";"NE_0001";"";"NE_0001";"NE_0001";"NE_0001";"NE_0001";"NE_0001";"NE_0001";"NE_0001"
"2023";"02";"060303";"CAJAMARCA";"CELENDIN";"CORTEGANA";"GOBIERNO REGIONAL";"I-1";"00004476";"VILLANUEVA";"NE_0001";"";"NE_0001";"NE_0001";"NE_0001";"NE_0001";"NE_0001";"NE_0001";"NE_0001"
"2023";"02";"050104";"AYACUCHO";"HUAMANGA";"CARMEN ALTO";"SANIDAD DE LA POLICIA NACIONAL DEL PERU";"I-2";"00027415";"POSTA MEDICA POLICIAL EESTP PNP AYACUCHO";"NE_0001";"";"NE_0001";"NE_0001";"NE_0001";"NE_0001";"NE_0001";"NE_0001";"NE_0001"
"2023";"02";"180104";"MOQUEGUA";"MARISCAL NIETO";"SAMEGUA";"SANIDAD DE LA POLICIA NACIONAL DEL PERU";"I-2";"00015236";"POSTA MEDICA POLICIAL MOQUEGUA";"NE_0001";"";"NE_0001";"NE_0001";"NE_0001";"NE_0001";"NE_0001";"NE_0001";"NE_0001"
"2023";"02";"150202";"LIMA";"BARRANCA";"PARAMONGA";"ESSALUD";"I-3";"00010394";"CENTRO DE ATENCION PRIMARIA II PARAMONGA";"NE_0001";"";"NE_0001";"NE_0001";"NE_0001";"NE_0001";"NE_0001";"NE_0001";"NE_0001"
"2023";"02";"010701";"AMAZONAS";"UTCUBAMBA";"BAGUA GRANDE";"SANIDAD DE LA POLICIA NACIONAL DEL PERU";"I-3";"00018106";"POLICLINICO POLICIAL BAGUA GRANDE";"NE_0001";"";"NE_0001";"NE_0001";"NE_0001";"NE_0001";"NE_0001";"NE_0001";"NE_0001"
"2023";"02";"021601";"ANCASH";"POMABAMBA";"POMABAMBA";"GOBIERNO REGIONAL";"I-1";"00001771";"PUESTO DE SALUD CHOGO";"NE_0002";"";"NE_0002";"NE_0002";"NE_0002";"NE_0002";"NE_0002";"NE_0002";"NE_0002"
"2023";"02";"021603";"ANCASH";"POMABAMBA";"PAROBAMBA";"GOBIERNO REGIONAL";"I-1";"00001776";"PUESTO DE SALUD PAROBAMBA NUEVO";"NE_0002";"";"NE_0002";"NE_0002";"NE_0002";"NE_0002";"NE_0002";"NE_0002";"NE_0002"
"2023";"02";"021603";"ANCASH";"POMABAMBA";"PAROBAMBA";"GOBIERNO REGIONAL";"I-2";"00001780";"PUESTO DE SALUD CHANGA";"NE_0002";"";"NE_0002";"NE_0002";"NE_0002";"NE_0002";"NE_0002";"NE_0002";"NE_0002"
"2023";"02";"021604";"ANCASH";"POMABAMBA";"QUINUABAMBA";"GOBIERNO REGIONAL";"I-1";"00001782";"YAMIAN";"NE_0002";"";"NE_0002";"NE_0002";"NE_0002";"NE_0002";"NE_0002";"NE_0002";"NE_0002"
"2023";"02";"021603";"ANCASH";"POMABAMBA";"PAROBAMBA";"GOBIERNO REGIONAL";"I-4";"00001775";"CENTRO DE SALUD PAROBAMBA VIEJO";"NE_0002";"";"NE_0002";"NE_0002";"NE_0002";"NE_0002";"NE_0002";"NE_0002";"NE_0002"
"2023";"02";"021603";"ANCASH";"POMABAMBA";"PAROBAMBA";"GOBIERNO REGIONAL";"I-1";"00001778";"PUESTO DE SALUD SHUMPILLAN";"NE_0002";"";"NE_0002";"NE_0002";"NE_0002";"NE_0002";"NE_0002";"NE_0002";"NE_0002"
"2023";"02";"021603";"ANCASH";"POMABAMBA";"PAROBAMBA";"GOBIERNO REGIONAL";"I-1";"00001779";"PUESTO DE SALUD CAJAS";"NE_0002";"";"NE_0002";"NE_0002";"NE_0002";"NE_0002";"NE_0002";"NE_0002";"NE_0002"
"2023";"02";"021603";"ANCASH";"POMABAMBA";"PAROBAMBA";"GOBIERNO REGIONAL";"I-2";"00001777";"PUESTO DE SALUD HUANCHAYLLO";"NE_0002";"";"NE_0002";"NE_0002";"NE_0002";"NE_0002";"NE_0002";"NE_0002";"NE_0002"
"2023";"02";"021604";"ANCASH";"POMABAMBA";"QUINUABAMBA";"GOBIERNO REGIONAL";"I-2";"00001781";"PUESTO DE SALUD QUINUABAMBA";"NE_0002";"";"NE_0002";"NE_0002";"NE_0002";"NE_0002";"NE_0002";"NE_0002";"NE_0002"
"2023";"02";"040504";"AREQUIPA";"CAYLLOMA";"CALLALLI";"GOBIERNO REGIONAL";"I-2";"00001437";"PUESTO DE SALUD CHALHUANCA";"NE_0001";"";"NE_0001";"NE_0001";"NE_0001";"NE_0001";"NE_0001";"NE_0001";"NE_0001"
"2023";"02";"040517";"AREQUIPA";"CAYLLOMA";"TISCO";"GOBIERNO REGIONAL";"I-2";"00006891";"PUESTO DE SALUD TARUCAMARCA";"NE_0001";"";"NE_0001";"NE_0001";"NE_0001";"NE_0001";"NE_0001";"NE_0001";"NE_0001"
"2023";"02";"040515";"AREQUIPA";"CAYLLOMA";"SIBAYO";"GOBIERNO REGIONAL";"I-2";"00001435";"PUESTO DE SALUD SANTA ROSA DE SIBAYO";"NE_0001";"";"NE_0001";"NE_0001";"NE_0001";"NE_0001";"NE_0001";"NE_0001";"NE_0001"
"2023";"02";"040518";"AREQUIPA";"CAYLLOMA";"TUTI";"GOBIERNO REGIONAL";"I-2";"00001436";"PUESTO DE SALUD TUTI";"NE_0001";"";"NE_0001";"NE_0001";"NE_0001";"NE_0001";"NE_0001";"NE_0001";"NE_0001"
"2023";"02";"040517";"AREQUIPA";"CAYLLOMA";"TISCO";"GOBIERNO REGIONAL";"I-2";"00001438";"PUESTO DE SALUD TISCO";"NE_0001";"";"NE_0001";"NE_0001";"NE_0001";"NE_0001";"NE_0001";"NE_0001";"NE_0001"
"2023";"02";"040517";"AREQUIPA";"CAYLLOMA";"TISCO";"GOBIERNO REGIONAL";"I-2";"00001431";"PUESTO DE SALUD COTACOTA";"NE_0001";"";"NE_0001";"NE_0001";"NE_0001";"NE_0001";"NE_0001";"NE_0001";"NE_0001"
"2023";"02";"040504";"AREQUIPA";"CAYLLOMA";"CALLALLI";"GOBIERNO REGIONAL";"I-3";"00001421";"CENTRO DE SALUD CALLALLI";"NE_0001";"";"NE_0001";"NE_0001";"NE_0001";"NE_0001";"NE_0001";"NE_0001";"NE_0001"
"2023";"02";"130207";"LA LIBERTAD";"ASCOPE";"SANTIAGO DE CAO";"ESSALUD";"I-2";"00012114";"POSTA DE SALUD SANTIAGO DE CAO";"NE_0001";"";"NE_0001";"NE_0001";"NE_0001";"NE_0001";"NE_0001";"NE_0001";"NE_0001"
"2023";"02";"150105";"LIMA";"LIMA";"BREÑA";"PRIVADO";"0";"00022016";"CLINICA LA LUZ OFTALMOLOGIA";"NE_0002";"";"NE_0002";"NE_0002";"NE_0002";"NE_0002";"NE_0002";"NE_0002";"NE_0002"
"2023";"02";"050110";"AYACUCHO";"HUAMANGA";"SAN JUAN BAUTISTA";"ESSALUD";"II-1";"00011775";"HOSPITAL II HUAMANGA";"240100";"HOSPITALIZACIÓN QUIRÚRGICA CIRUGÍA GENERAL ";"98";"97";"359";"359";"17";"476";"1"
"2023";"02";"050110";"AYACUCHO";"HUAMANGA";"SAN JUAN BAUTISTA";"ESSALUD";"II-1";"00011775";"HOSPITAL II HUAMANGA";"241200";"HOSPITALIZACIÓN QUIRÚRGICA TRAUMATOLOGÍA Y ORTOPEDIA ";"24";"23";"154";"154";"6";"168";"0"
"2023";"02";"050110";"AYACUCHO";"HUAMANGA";"SAN JUAN BAUTISTA";"ESSALUD";"II-1";"00011775";"HOSPITAL II HUAMANGA";"241500";"HOSPITALIZACIÓN QUIRÚRGICA GINECOLOGÍA  ";"144";"144";"324";"324";"16";"448";"0"
"2023";"02";"050110";"AYACUCHO";"HUAMANGA";"SAN JUAN BAUTISTA";"ESSALUD";"II-1";"00011775";"HOSPITAL II HUAMANGA";"241400";"HOSPITALIZACIÓN QUIRÚRGICA GINECO - OBSTETRICIA ";"16";"16";"44";"44";"3";"84";"0"
"2023";"02";"050110";"AYACUCHO";"HUAMANGA";"SAN JUAN BAUTISTA";"ESSALUD";"II-1";"00011775";"HOSPITAL II HUAMANGA";"241800";"HOSPITALIZACIÓN DE MEDICINA MEDICINA GENERAL ";"61";"62";"492";"492";"25";"700";"1"
"2023";"02";"050110";"AYACUCHO";"HUAMANGA";"SAN JUAN BAUTISTA";"ESSALUD";"II-1";"00011775";"HOSPITAL II HUAMANGA";"250100";"UNIDAD DE CUIDADOS CRITICOS UNIDAD  DE CUIDADOS INTENSIVOS GENERALES (UCI) ";"3";"3";"44";"44";"8";"224";"3"
"2023";"02";"050110";"AYACUCHO";"HUAMANGA";"SAN JUAN BAUTISTA";"ESSALUD";"II-1";"00011775";"HOSPITAL II HUAMANGA";"250200";"UNIDAD DE CUIDADOS CRITICOS UNIDAD DE CUIDADOS INTERMEDIOS GENERAL  (UCIN) ";"18";"18";"103";"103";"8";"224";"5"
"2023";"02";"050110";"AYACUCHO";"HUAMANGA";"SAN JUAN BAUTISTA";"ESSALUD";"II-1";"00011775";"HOSPITAL II HUAMANGA";"243200";"HOSPITALIZACIÓN DE PEDIATRÍA PEDIATRIA NEONATOLOGÍA";"54";"54";"133";"133";"5";"140";"0"
"2023";"02";"050110";"AYACUCHO";"HUAMANGA";"SAN JUAN BAUTISTA";"ESSALUD";"II-1";"00011775";"HOSPITAL II HUAMANGA";"242300";"HOSPITALIZACIÓN DE PEDIATRÍA  PEDIATRÍA  GENERAL ";"55";"55";"172";"150";"11";"308";"0"
"2023";"03";"220905";"SAN MARTIN";"SAN MARTIN";"CHIPURANA";"GOBIERNO REGIONAL";"I-1";"00006438";"NAVARRO";"NE_0002";"";"NE_0002";"NE_0002";"NE_0002";"NE_0002";"NE_0002";"NE_0002";"NE_0002"
"2023";"03";"150142";"LIMA";"LIMA";"VILLA EL SALVADOR";"ESSALUD";"II-1";"00008741";"ULDARICO ROCCA FERNANDEZ";"240100";"HOSPITALIZACIÓN QUIRÚRGICA CIRUGÍA GENERAL ";"133";"129";"259";"275";"12";"372";"0"
"2023";"03";"150142";"LIMA";"LIMA";"VILLA EL SALVADOR";"ESSALUD";"II-1";"00008741";"ULDARICO ROCCA FERNANDEZ";"241500";"HOSPITALIZACIÓN QUIRÚRGICA GINECOLOGÍA  ";"21";"20";"86";"93";"3";"93";"0"
"2023";"03";"150142";"LIMA";"LIMA";"VILLA EL SALVADOR";"ESSALUD";"II-1";"00008741";"ULDARICO ROCCA FERNANDEZ";"241600";"HOSPITALIZACIÓN QUIRÚRGICA OBSTETRICIA   ";"186";"186";"323";"320";"15";"465";"0"
"2023";"03";"150142";"LIMA";"LIMA";"VILLA EL SALVADOR";"ESSALUD";"II-1";"00008741";"ULDARICO ROCCA FERNANDEZ";"242300";"HOSPITALIZACIÓN DE PEDIATRÍA  PEDIATRÍA  GENERAL ";"79";"77";"240";"186";"6";"186";"0"
"2023";"03";"150142";"LIMA";"LIMA";"VILLA EL SALVADOR";"ESSALUD";"II-1";"00008741";"ULDARICO ROCCA FERNANDEZ";"250100";"UNIDAD DE CUIDADOS CRITICOS UNIDAD  DE CUIDADOS INTENSIVOS GENERALES (UCI) ";"10";"11";"136";"117";"4";"124";"3"
"2023";"03";"040109";"AREQUIPA";"AREQUIPA";"MARIANO MELGAR";"GOBIERNO REGIONAL";"I-4";"00001294";"CENTRO DE SALUD MARIANO MELGAR";"241400";"HOSPITALIZACIÓN QUIRÚRGICA GINECO - OBSTETRICIA ";"18";"18";"23";"18";"3";"502";"0"
"2023";"03";"100201";"HUANUCO";"AMBO";"AMBO";"ESSALUD";"I-3";"00009957";"CENTRO MEDICO LEONCIO PRADO - AMBO";"NE_0001";"";"NE_0001";"NE_0001";"NE_0001";"NE_0001";"NE_0001";"NE_0001";"NE_0001"
"2023";"03";"210801";"PUNO";"MELGAR";"AYAVIRI";"GOBIERNO REGIONAL";"II-1";"00003156";"SAN JUAN DE DIOS (AYAVIRI)";"240100";"HOSPITALIZACIÓN QUIRÚRGICA CIRUGÍA GENERAL ";"59";"67";"268";"356";"19";"589";"0"
"2023";"03";"210801";"PUNO";"MELGAR";"AYAVIRI";"GOBIERNO REGIONAL";"II-1";"00003156";"SAN JUAN DE DIOS (AYAVIRI)";"241500";"HOSPITALIZACIÓN QUIRÚRGICA GINECOLOGÍA  ";"47";"52";"115";"115";"6";"186";"0"
"2023";"03";"210801";"PUNO";"MELGAR";"AYAVIRI";"GOBIERNO REGIONAL";"II-1";"00003156";"SAN JUAN DE DIOS (AYAVIRI)";"241600";"HOSPITALIZACIÓN QUIRÚRGICA OBSTETRICIA   ";"52";"53";"87";"136";"7";"217";"0"
"2023";"03";"210801";"PUNO";"MELGAR";"AYAVIRI";"GOBIERNO REGIONAL";"II-1";"00003156";"SAN JUAN DE DIOS (AYAVIRI)";"241800";"HOSPITALIZACIÓN DE MEDICINA MEDICINA GENERAL ";"14";"17";"112";"112";"14";"434";"0"
"2023";"03";"210801";"PUNO";"MELGAR";"AYAVIRI";"GOBIERNO REGIONAL";"II-1";"00003156";"SAN JUAN DE DIOS (AYAVIRI)";"242500";"HOSPITALIZACIÓN-PEDIATRÍA GENERAL-";"19";"24";"90";"94";"7";"217";"0"
"2023";"03";"210801";"PUNO";"MELGAR";"AYAVIRI";"GOBIERNO REGIONAL";"II-1";"00003156";"SAN JUAN DE DIOS (AYAVIRI)";"243200";"HOSPITALIZACIÓN DE PEDIATRÍA PEDIATRIA NEONATOLOGÍA";"18";"23";"82";"93";"3";"108";"0"
"2023";"03";"021302";"ANCASH";"MARISCAL LUZURIAGA";"CASCA";"GOBIERNO REGIONAL";"I-2";"00001785";"PUESTO DE SALUD CASCA";"NE_0001";"";"NE_0001";"NE_0001";"NE_0001";"NE_0001";"NE_0001";"NE_0001";"NE_0001"
"2023";"03";"060601";"CAJAMARCA";"CUTERVO";"CUTERVO";"GOBIERNO REGIONAL";"I-3";"00004987";"SUMIDERO";"NE_0001";"";"NE_0001";"NE_0001";"NE_0001";"NE_0001";"NE_0001";"NE_0001";"NE_0001"
"2023";"03";"060601";"CAJAMARCA";"CUTERVO";"CUTERVO";"GOBIERNO REGIONAL";"I-1";"00006852";"LLIPA";"NE_0001";"";"NE_0001";"NE_0001";"NE_0001";"NE_0001";"NE_0001";"NE_0001";"NE_0001"
"2023";"03";"060601";"CAJAMARCA";"CUTERVO";"CUTERVO";"GOBIERNO REGIONAL";"I-1";"00006854";"CARAMARCA CHICA";"NE_0001";"";"NE_0001";"NE_0001";"NE_0001";"NE_0001";"NE_0001";"NE_0001";"NE_0001"
"2023";"03";"060601";"CAJAMARCA";"CUTERVO";"CUTERVO";"GOBIERNO REGIONAL";"I-3";"00006857";"NUEVO ORIENTE";"NE_0001";"";"NE_0001";"NE_0001";"NE_0001";"NE_0001";"NE_0001";"NE_0001";"NE_0001"
"2023";"03";"060601";"CAJAMARCA";"CUTERVO";"CUTERVO";"GOBIERNO REGIONAL";"I-1";"00006936";"CORRALES";"NE_0001";"";"NE_0001";"NE_0001";"NE_0001";"NE_0001";"NE_0001";"NE_0001";"NE_0001"
"2023";"03";"060601";"CAJAMARCA";"CUTERVO";"CUTERVO";"GOBIERNO REGIONAL";"I-1";"00007701";"EL VERDE";"NE_0001";"";"NE_0001";"NE_0001";"NE_0001";"NE_0001";"NE_0001";"NE_0001";"NE_0001"
"2023";"03";"060601";"CAJAMARCA";"CUTERVO";"CUTERVO";"GOBIERNO REGIONAL";"I-1";"00011066";"VISTA ALEGRE DE LA SOLA";"NE_0001";"";"NE_0001";"NE_0001";"NE_0001";"NE_0001";"NE_0001";"NE_0001";"NE_0001"
"2023";"03";"060601";"CAJAMARCA";"CUTERVO";"CUTERVO";"GOBIERNO REGIONAL";"I-1";"00004995";"PALMAS DE HUICHUD";"NE_0001";"";"NE_0001";"NE_0001";"NE_0001";"NE_0001";"NE_0001";"NE_0001";"NE_0001"
"2023";"03";"060601";"CAJAMARCA";"CUTERVO";"CUTERVO";"GOBIERNO REGIONAL";"I-1";"00006788";"YANGACHIS";"NE_0001";"";"NE_0001";"NE_0001";"NE_0001";"NE_0001";"NE_0001";"NE_0001";"NE_0001"
"2023";"03";"060601";"CAJAMARCA";"CUTERVO";"CUTERVO";"GOBIERNO REGIONAL";"I-1";"00004985";"REJOPAMPA";"NE_0001";"";"NE_0001";"NE_0001";"NE_0001";"NE_0001";"NE_0001";"NE_0001";"NE_0001"
"2023";"03";"060601";"CAJAMARCA";"CUTERVO";"CUTERVO";"GOBIERNO REGIONAL";"I-1";"00004986";"EL ARENAL DE CUTERVO";"NE_0001";"";"NE_0001";"NE_0001";"NE_0001";"NE_0001";"NE_0001";"NE_0001";"NE_0001"
"2023";"03";"060601";"CAJAMARCA";"CUTERVO";"CUTERVO";"GOBIERNO REGIONAL";"I-2";"00004989";"AMBULCO GRANDE";"NE_0001";"";"NE_0001";"NE_0001";"NE_0001";"NE_0001";"NE_0001";"NE_0001";"NE_0001"
"2023";"03";"060601";"CAJAMARCA";"CUTERVO";"CUTERVO";"GOBIERNO REGIONAL";"I-1";"00007748";"CULLANMAYO";"NE_0001";"";"NE_0001";"NE_0001";"NE_0001";"NE_0001";"NE_0001";"NE_0001";"NE_0001"
"2023";"03";"060601";"CAJAMARCA";"CUTERVO";"CUTERVO";"GOBIERNO REGIONAL";"I-1";"00004990";"YATUN";"NE_0001";"";"NE_0001";"NE_0001";"NE_0001";"NE_0001";"NE_0001";"NE_0001";"NE_0001"
"2023";"03";"060601";"CAJAMARCA";"CUTERVO";"CUTERVO";"GOBIERNO REGIONAL";"I-1";"00007697";"CHUGUR";"NE_0001";"";"NE_0001";"NE_0001";"NE_0001";"NE_0001";"NE_0001";"NE_0001";"NE_0001"
"2023";"03";"060601";"CAJAMARCA";"CUTERVO";"CUTERVO";"GOBIERNO REGIONAL";"I-1";"00006831";"LA SUCCHA DE CUTERVO";"NE_0001";"";"NE_0001";"NE_0001";"NE_0001";"NE_0001";"NE_0001";"NE_0001";"NE_0001"
"2023";"03";"060601";"CAJAMARCA";"CUTERVO";"CUTERVO";"GOBIERNO REGIONAL";"I-1";"00004988";"LA COLCA";"NE_0001";"";"NE_0001";"NE_0001";"NE_0001";"NE_0001";"NE_0001";"NE_0001";"NE_0001"
"2023";"03";"060601";"CAJAMARCA";"CUTERVO";"CUTERVO";"GOBIERNO REGIONAL";"I-1";"00006787";"SANTA ROSA DE TAPO";"NE_0001";"";"NE_0001";"NE_0001";"NE_0001";"NE_0001";"NE_0001";"NE_0001";"NE_0001"
"2023";"03";"060601";"CAJAMARCA";"CUTERVO";"CUTERVO";"GOBIERNO REGIONAL";"I-1";"00006837";"SAN CRISTOBAL DE NUDILLO";"NE_0001";"";"NE_0001";"NE_0001";"NE_0001";"NE_0001";"NE_0001";"NE_0001";"NE_0001"
"2023";"03";"060601";"CAJAMARCA";"CUTERVO";"CUTERVO";"GOBIERNO REGIONAL";"I-1";"00007109";"CHIPULUC";"NE_0001";"";"NE_0001";"NE_0001";"NE_0001";"NE_0001";"NE_0001";"NE_0001";"NE_0001"
"2023";"03";"060601";"CAJAMARCA";"CUTERVO";"CUTERVO";"GOBIERNO REGIONAL";"I-1";"00011064";"SAN LORENZO";"NE_0001";"";"NE_0001";"NE_0001";"NE_0001";"NE_0001";"NE_0001";"NE_0001";"NE_0001"
"2023";"03";"040112";"AREQUIPA";"AREQUIPA";"PAUCARPATA";"ESSALUD";"I-2";"00012194";"CAP III - PAUCARPATA";"NE_0001";"";"NE_0001";"NE_0001";"NE_0001";"NE_0001";"NE_0001";"NE_0001";"NE_0001"
"2023";"03";"060101";"CAJAMARCA";"CAJAMARCA";"CAJAMARCA";"GOBIERNO REGIONAL";"II-E";"00004655";"SIMON BOLIVAR";"241400";"HOSPITALIZACIÓN QUIRÚRGICA GINECO - OBSTETRICIA ";"329";"332";"599";"563";"21";"651";"0"
"2023";"03";"060101";"CAJAMARCA";"CAJAMARCA";"CAJAMARCA";"GOBIERNO REGIONAL";"II-E";"00004655";"SIMON BOLIVAR";"240100";"HOSPITALIZACIÓN QUIRÚRGICA CIRUGÍA GENERAL ";"41";"44";"117";"405";"15";"465";"0"
"2023";"03";"060101";"CAJAMARCA";"CAJAMARCA";"CAJAMARCA";"GOBIERNO REGIONAL";"II-E";"00004655";"SIMON BOLIVAR";"241800";"HOSPITALIZACIÓN DE MEDICINA MEDICINA GENERAL ";"50";"46";"223";"271";"10";"310";"0"
"2023";"03";"060101";"CAJAMARCA";"CAJAMARCA";"CAJAMARCA";"GOBIERNO REGIONAL";"II-E";"00004655";"SIMON BOLIVAR";"242300";"HOSPITALIZACIÓN DE PEDIATRÍA  PEDIATRÍA  GENERAL ";"230";"236";"484";"129";"5";"155";"0"
"2023";"03";"090201";"HUANCAVELICA";"ACOBAMBA";"ACOBAMBA";"GOBIERNO REGIONAL";"II-1";"00003917";"HOSPITAL PROVINCIAL DE ACOBAMBA";"240100";"HOSPITALIZACIÓN QUIRÚRGICA CIRUGÍA GENERAL ";"21";"21";"73";"94";"4";"124";"0"
"2023";"03";"090201";"HUANCAVELICA";"ACOBAMBA";"ACOBAMBA";"GOBIERNO REGIONAL";"II-1";"00003917";"HOSPITAL PROVINCIAL DE ACOBAMBA";"241400";"HOSPITALIZACIÓN QUIRÚRGICA GINECO - OBSTETRICIA ";"39";"39";"85";"124";"8";"248";"0"
"2023";"02";"110501";"ICA";"PISCO";"PISCO";"ESSALUD";"II-1";"00014147";"ANTONIO SKRABONJA ANTONCICH";"241800";"HOSPITALIZACIÓN DE MEDICINA MEDICINA GENERAL ";"31";"31";"220";"274";"19";"532";"3"
"2023";"02";"110501";"ICA";"PISCO";"PISCO";"ESSALUD";"II-1";"00014147";"ANTONIO SKRABONJA ANTONCICH";"240100";"HOSPITALIZACIÓN QUIRÚRGICA CIRUGÍA GENERAL ";"59";"55";"167";"176";"14";"392";"0"
"2023";"02";"110501";"ICA";"PISCO";"PISCO";"ESSALUD";"II-1";"00014147";"ANTONIO SKRABONJA ANTONCICH";"241500";"HOSPITALIZACIÓN QUIRÚRGICA GINECOLOGÍA  ";"22";"20";"72";"55";"2";"56";"0"
"2023";"02";"110501";"ICA";"PISCO";"PISCO";"ESSALUD";"II-1";"00014147";"ANTONIO SKRABONJA ANTONCICH";"241600";"HOSPITALIZACIÓN QUIRÚRGICA OBSTETRICIA   ";"89";"85";"188";"196";"8";"224";"0"
"2023";"02";"110501";"ICA";"PISCO";"PISCO";"ESSALUD";"II-1";"00014147";"ANTONIO SKRABONJA ANTONCICH";"242300";"HOSPITALIZACIÓN DE PEDIATRÍA  PEDIATRÍA  GENERAL ";"32";"28";"73";"83";"7";"196";"0"
"2023";"02";"110501";"ICA";"PISCO";"PISCO";"ESSALUD";"II-1";"00014147";"ANTONIO SKRABONJA ANTONCICH";"250304";"HOSPIT. EN UNIDAD DE CUID.INTEN.-UNIDAD DE VIGILANCIA INTENSIVA (UVI)-MEDICINA";"25";"25";"95";"93";"4";"112";"11"
"2023";"02";"061111";"CAJAMARCA";"SAN MIGUEL";"SAN SILVESTRE DE COCHAN";"GOBIERNO REGIONAL";"I-2";"00004568";"SAN SILVESTRE DE COCHAN";"NE_0001";"";"NE_0001";"NE_0001";"NE_0001";"NE_0001";"NE_0001";"NE_0001";"NE_0001"
"2023";"02";"061111";"CAJAMARCA";"SAN MIGUEL";"SAN SILVESTRE DE COCHAN";"GOBIERNO REGIONAL";"I-1";"00004563";"EL TAMBO";"NE_0001";"";"NE_0001";"NE_0001";"NE_0001";"NE_0001";"NE_0001";"NE_0001";"NE_0001"
"2023";"02";"061107";"CAJAMARCA";"SAN MIGUEL";"LLAPA";"GOBIERNO REGIONAL";"I-1";"00004567";"PAMPA CUYOC";"NE_0001";"";"NE_0001";"NE_0001";"NE_0001";"NE_0001";"NE_0001";"NE_0001";"NE_0001"
"2023";"02";"140101";"LAMBAYEQUE";"CHICLAYO";"CHICLAYO";"PRIVADO";"II-E";"00008151";"CLÍNICA METROPOLITANA";"240000";"HOSPITALIZACIÓN";"201";"206";"197";"466";"24";"744";"2"
"2023";"02";"220503";"SAN MARTIN";"LAMAS";"BARRANQUITA";"GOBIERNO REGIONAL";"I-1";"00006435";"SANTA CLARA";"NE_0001";"";"NE_0001";"NE_0001";"NE_0001";"NE_0001";"NE_0001";"NE_0001";"NE_0001"
"2023";"02";"220503";"SAN MARTIN";"LAMAS";"BARRANQUITA";"GOBIERNO REGIONAL";"I-1";"00006433";"PUERTO PIZARRO";"NE_0001";"";"NE_0001";"NE_0001";"NE_0001";"NE_0001";"NE_0001";"NE_0001";"NE_0001"
"2023";"02";"220503";"SAN MARTIN";"LAMAS";"BARRANQUITA";"GOBIERNO REGIONAL";"I-1";"00007401";"SANANGO";"NE_0001";"";"NE_0001";"NE_0001";"NE_0001";"NE_0001";"NE_0001";"NE_0001";"NE_0001"
"2023";"02";"220503";"SAN MARTIN";"LAMAS";"BARRANQUITA";"GOBIERNO REGIONAL";"I-3";"00006432";"BARRANQUITA CAYNARACHI";"NE_0001";"";"NE_0001";"NE_0001";"NE_0001";"NE_0001";"NE_0001";"NE_0001";"NE_0001"
"2023";"02";"220503";"SAN MARTIN";"LAMAS";"BARRANQUITA";"GOBIERNO REGIONAL";"I-1";"00006434";"SANTIAGO DE BORJA";"NE_0001";"";"NE_0001";"NE_0001";"NE_0001";"NE_0001";"NE_0001";"NE_0001";"NE_0001"
"2023";"02";"220503";"SAN MARTIN";"LAMAS";"BARRANQUITA";"GOBIERNO REGIONAL";"I-1";"00006450";"SANTA ELENA";"NE_0001";"";"NE_0001";"NE_0001";"NE_0001";"NE_0001";"NE_0001";"NE_0001";"NE_0001"
"2023";"02";"220503";"SAN MARTIN";"LAMAS";"BARRANQUITA";"GOBIERNO REGIONAL";"I-1";"00006436";"EL PIÑAL";"NE_0001";"";"NE_0001";"NE_0001";"NE_0001";"NE_0001";"NE_0001";"NE_0001";"NE_0001"
"2023";"02";"040103";"AREQUIPA";"AREQUIPA";"CAYMA";"GOBIERNO REGIONAL";"I-2";"00001244";"PUESTO DE SALUD LA TOMILLA";"NE_0001";"";"NE_0001";"NE_0001";"NE_0001";"NE_0001";"NE_0001";"NE_0001";"NE_0001"
"2023";"02";"040103";"AREQUIPA";"AREQUIPA";"CAYMA";"GOBIERNO REGIONAL";"I-3";"00001234";"CENTRO DE SALUD FRANCISCO BOLOGNESI";"NE_0001";"";"NE_0001";"NE_0001";"NE_0001";"NE_0001";"NE_0001";"NE_0001";"NE_0001"
"2023";"02";"150103";"LIMA";"LIMA";"ATE";"MINSA";"II-1";"00005883";"HOSPITAL DE HUAYCAN";"241800";"HOSPITALIZACIÓN DE MEDICINA MEDICINA GENERAL ";"18";"20";"164";"136";"21";"651";"1"
"2023";"02";"150103";"LIMA";"LIMA";"ATE";"MINSA";"II-1";"00005883";"HOSPITAL DE HUAYCAN";"240100";"HOSPITALIZACIÓN QUIRÚRGICA CIRUGÍA GENERAL ";"50";"50";"151";"157";"11";"341";"0"
"2023";"02";"150103";"LIMA";"LIMA";"ATE";"MINSA";"II-1";"00005883";"HOSPITAL DE HUAYCAN";"241200";"HOSPITALIZACIÓN QUIRÚRGICA TRAUMATOLOGÍA Y ORTOPEDIA ";"17";"17";"55";"53";"4";"124";"0"
"2023";"02";"150103";"LIMA";"LIMA";"ATE";"MINSA";"II-1";"00005883";"HOSPITAL DE HUAYCAN";"242500";"HOSPITALIZACIÓN-PEDIATRÍA GENERAL-";"25";"27";"62";"62";"10";"310";"0"
"2023";"02";"150103";"LIMA";"LIMA";"ATE";"MINSA";"II-1";"00005883";"HOSPITAL DE HUAYCAN";"241600";"HOSPITALIZACIÓN QUIRÚRGICA OBSTETRICIA   ";"112";"116";"199";"196";"16";"496";"0"
"2023";"02";"150103";"LIMA";"LIMA";"ATE";"MINSA";"II-1";"00005883";"HOSPITAL DE HUAYCAN";"241500";"HOSPITALIZACIÓN QUIRÚRGICA GINECOLOGÍA  ";"1";"1";"4";"4";"1";"31";"0"
"2023";"02";"150101";"LIMA";"LIMA";"LIMA";"MINSA";"III-1";"00006207";"HOSPITAL NACIONAL ARZOBISPO LOAYZA";"241900";"HOSPITALIZACIÓN DE MEDICINA MEDICINA INTERNA ";"475";"425";"4509";"5470";"214";"5992";"29"
"2023";"02";"150101";"LIMA";"LIMA";"LIMA";"MINSA";"III-1";"00006207";"HOSPITAL NACIONAL ARZOBISPO LOAYZA";"240100";"HOSPITALIZACIÓN QUIRÚRGICA CIRUGÍA GENERAL ";"405";"439";"3727";"3658";"150";"4200";"3"
"2023";"02";"150101";"LIMA";"LIMA";"LIMA";"MINSA";"III-1";"00006207";"HOSPITAL NACIONAL ARZOBISPO LOAYZA";"241500";"HOSPITALIZACIÓN QUIRÚRGICA GINECOLOGÍA  ";"89";"98";"797";"701";"26";"728";"0"
"2023";"02";"150101";"LIMA";"LIMA";"LIMA";"MINSA";"III-1";"00006207";"HOSPITAL NACIONAL ARZOBISPO LOAYZA";"241600";"HOSPITALIZACIÓN QUIRÚRGICA OBSTETRICIA   ";"200";"160";"581";"1248";"50";"1400";"0"
"2023";"02";"150101";"LIMA";"LIMA";"LIMA";"MINSA";"III-1";"00006207";"HOSPITAL NACIONAL ARZOBISPO LOAYZA";"242300";"HOSPITALIZACIÓN DE PEDIATRÍA  PEDIATRÍA  GENERAL ";"83";"83";"392";"469";"29";"812";"0"
"2023";"02";"150101";"LIMA";"LIMA";"LIMA";"MINSA";"III-1";"00006207";"HOSPITAL NACIONAL ARZOBISPO LOAYZA";"250100";"UNIDAD DE CUIDADOS CRITICOS UNIDAD  DE CUIDADOS INTENSIVOS GENERALES (UCI) ";"36";"28";"797";"1050";"44";"1232";"23"
"2023";"02";"150101";"LIMA";"LIMA";"LIMA";"MINSA";"III-1";"00006207";"HOSPITAL NACIONAL ARZOBISPO LOAYZA";"250200";"UNIDAD DE CUIDADOS CRITICOS UNIDAD DE CUIDADOS INTERMEDIOS GENERAL  (UCIN) ";"1";"2";"214";"162";"6";"168";"2"
"2023";"02";"150101";"LIMA";"LIMA";"LIMA";"MINSA";"III-1";"00006207";"HOSPITAL NACIONAL ARZOBISPO LOAYZA";"240801";"HOSPITALIZACIÓN QUIRÚRGICA CIRUGÍA PLÁSTICA/RECONSTRUCTIVA/ REPARADORA QUEMADOS";"24";"22";"514";"517";"22";"616";"0"
"2023";"02";"150101";"LIMA";"LIMA";"LIMA";"MINSA";"III-1";"00006207";"HOSPITAL NACIONAL ARZOBISPO LOAYZA";"250105";"UNIDAD DE CUIDADOS CRITICOS UNIDAD  DE CUIDADOS INTENSIVOS  (UCI) NEONATOLOGÍA";"6";"23";"334";"353";"15";"420";"1"
"2023";"02";"150101";"LIMA";"LIMA";"LIMA";"MINSA";"III-1";"00006207";"HOSPITAL NACIONAL ARZOBISPO LOAYZA";"250101";"UNIDAD DE CUIDADOS CRITICOS UNIDAD  DE CUIDADOS INTENSIVOS GENERALES (UCI) CARDIOLOGIA";"12";"13";"69";"114";"6";"168";"1"
"2023";"02";"150101";"LIMA";"LIMA";"LIMA";"MINSA";"III-1";"00006207";"HOSPITAL NACIONAL ARZOBISPO LOAYZA";"241200";"HOSPITALIZACIÓN QUIRÚRGICA TRAUMATOLOGÍA Y ORTOPEDIA ";"36";"36";"438";"530";"20";"560";"0"
"2023";"02";"150101";"LIMA";"LIMA";"LIMA";"MINSA";"III-1";"00006207";"HOSPITAL NACIONAL ARZOBISPO LOAYZA";"245300";"HOSPITALIZACIÓN DE MEDICINA NEUMOLOGÍA  ";"5";"4";"75";"100";"4";"112";"0"
"2023";"02";"120701";"JUNIN";"TARMA";"TARMA";"GOBIERNO REGIONAL";"I-1";"00000589";"VICORA CONGAS";"NE_0001";"";"NE_0001";"NE_0001";"NE_0001";"NE_0001";"NE_0001";"NE_0001";"NE_0001"
"2023";"02";"120707";"JUNIN";"TARMA";"PALCAMAYO";"GOBIERNO REGIONAL";"I-1";"00000529";"OCHONGA";"NE_0001";"";"NE_0001";"NE_0001";"NE_0001";"NE_0001";"NE_0001";"NE_0001";"NE_0001"
"2023";"02";"120707";"JUNIN";"TARMA";"PALCAMAYO";"GOBIERNO REGIONAL";"I-1";"00000531";"INCACHACA YANAMACHAY";"NE_0001";"";"NE_0001";"NE_0001";"NE_0001";"NE_0001";"NE_0001";"NE_0001";"NE_0001"
"2023";"02";"120707";"JUNIN";"TARMA";"PALCAMAYO";"GOBIERNO REGIONAL";"I-1";"00000532";"HUAMANIA";"NE_0001";"";"NE_0001";"NE_0001";"NE_0001";"NE_0001";"NE_0001";"NE_0001";"NE_0001"
"2023";"02";"120701";"JUNIN";"TARMA";"TARMA";"GOBIERNO REGIONAL";"I-1";"00000589";"VICORA CONGAS";"NE_0001";"";"NE_0001";"NE_0001";"NE_0001";"NE_0001";"NE_0001";"NE_0001";"NE_0001"
"2023";"02";"090201";"HUANCAVELICA";"ACOBAMBA";"ACOBAMBA";"GOBIERNO REGIONAL";"I-3";"00022075";"CENTRO DE SALUD MENTAL COMUNITARIO ACOBAMBA";"NE_0001";"";"NE_0001";"NE_0001";"NE_0001";"NE_0001";"NE_0001";"NE_0001";"NE_0001"
"2023";"02";"120808";"JUNIN";"YAULI";"SANTA ROSA DE SACCO";"ESSALUD";"II-1";"00008653";"HOSPITAL II ALBERTO HURTADO ABADIA";"241800";"HOSPITALIZACIÓN DE MEDICINA MEDICINA GENERAL ";"39";"37";"187";"201";"18";"504";"1"
"2023";"02";"120808";"JUNIN";"YAULI";"SANTA ROSA DE SACCO";"ESSALUD";"II-1";"00008653";"HOSPITAL II ALBERTO HURTADO ABADIA";"240100";"HOSPITALIZACIÓN QUIRÚRGICA CIRUGÍA GENERAL ";"34";"34";"137";"140";"8";"224";"0"
"2023";"02";"120808";"JUNIN";"YAULI";"SANTA ROSA DE SACCO";"ESSALUD";"II-1";"00008653";"HOSPITAL II ALBERTO HURTADO ABADIA";"241200";"HOSPITALIZACIÓN QUIRÚRGICA TRAUMATOLOGÍA Y ORTOPEDIA ";"23";"20";"99";"105";"8";"224";"0"
"2023";"02";"120808";"JUNIN";"YAULI";"SANTA ROSA DE SACCO";"ESSALUD";"II-1";"00008653";"HOSPITAL II ALBERTO HURTADO ABADIA";"241500";"HOSPITALIZACIÓN QUIRÚRGICA GINECOLOGÍA  ";"9";"8";"31";"55";"3";"84";"0"
"2023";"02";"120808";"JUNIN";"YAULI";"SANTA ROSA DE SACCO";"ESSALUD";"II-1";"00008653";"HOSPITAL II ALBERTO HURTADO ABADIA";"241600";"HOSPITALIZACIÓN QUIRÚRGICA OBSTETRICIA   ";"21";"20";"59";"63";"5";"140";"0"
"2023";"02";"120808";"JUNIN";"YAULI";"SANTA ROSA DE SACCO";"ESSALUD";"II-1";"00008653";"HOSPITAL II ALBERTO HURTADO ABADIA";"242300";"HOSPITALIZACIÓN DE PEDIATRÍA  PEDIATRÍA  GENERAL ";"29";"25";"61";"68";"3";"84";"0"
"2023";"02";"120808";"JUNIN";"YAULI";"SANTA ROSA DE SACCO";"ESSALUD";"II-1";"00008653";"HOSPITAL II ALBERTO HURTADO ABADIA";"250304";"HOSPIT. EN UNIDAD DE CUID.INTEN.-UNIDAD DE VIGILANCIA INTENSIVA (UVI)-MEDICINA";"9";"10";"45";"52";"3";"84";"2"
"2023";"02";"080101";"CUSCO";"CUSCO";"CUSCO";"PRIVADO";"II-E";"00016758";"HERMANA JOSEFINA SERRANO";"240000";"HOSPITALIZACIÓN";"16";"13";"54";"19";"43";"1204";"0"
"2023";"01";"200101";"PIURA";"PIURA";"PIURA";"PRIVADO";"II-E";"00012918";"OFTALMOLOGOS ASOCIADOS VER SAC";"NE_0001";"";"NE_0001";"NE_0001";"NE_0001";"NE_0001";"NE_0001";"NE_0001";"NE_0001"
"2023";"02";"240102";"TUMBES";"TUMBES";"CORRALES";"GOBIERNO REGIONAL";"I-2";"00001868";"MALVAL";"NE_0001";"";"NE_0001";"NE_0001";"NE_0001";"NE_0001";"NE_0001";"NE_0001";"NE_0001"
"2023";"02";"240102";"TUMBES";"TUMBES";"CORRALES";"GOBIERNO REGIONAL";"I-2";"00001867";"SAN ISIDRO";"NE_0001";"";"NE_0001";"NE_0001";"NE_0001";"NE_0001";"NE_0001";"NE_0001";"NE_0001"
"2023";"02";"240105";"TUMBES";"TUMBES";"SAN JACINTO";"GOBIERNO REGIONAL";"I-2";"00001873";"CASA BLANQUEADA";"NE_0001";"";"NE_0001";"NE_0001";"NE_0001";"NE_0001";"NE_0001";"NE_0001";"NE_0001"
"2023";"02";"240105";"TUMBES";"TUMBES";"SAN JACINTO";"GOBIERNO REGIONAL";"I-1";"00001871";"RICA PLAYA";"NE_0001";"";"NE_0001";"NE_0001";"NE_0001";"NE_0001";"NE_0001";"NE_0001";"NE_0001"
"2023";"02";"240105";"TUMBES";"TUMBES";"SAN JACINTO";"GOBIERNO REGIONAL";"I-2";"00001872";"VAQUERIA";"NE_0001";"";"NE_0001";"NE_0001";"NE_0001";"NE_0001";"NE_0001";"NE_0001";"NE_0001"
"2023";"02";"240102";"TUMBES";"TUMBES";"CORRALES";"GOBIERNO REGIONAL";"I-4";"00001866";"CLAS CORRALES";"241600";"HOSPITALIZACIÓN QUIRÚRGICA OBSTETRICIA   ";"3";"3";"3";"3";"1";"28";"0"
"2023";"02";"240105";"TUMBES";"TUMBES";"SAN JACINTO";"GOBIERNO REGIONAL";"I-1";"00001874";"OIDOR.";"NE_0001";"";"NE_0001";"NE_0001";"NE_0001";"NE_0001";"NE_0001";"NE_0001";"NE_0001"
"2023";"02";"240103";"TUMBES";"TUMBES";"LA CRUZ";"GOBIERNO REGIONAL";"I-3";"00001869";"CLAS LA CRUZ";"NE_0001";"";"NE_0001";"NE_0001";"NE_0001";"NE_0001";"NE_0001";"NE_0001";"NE_0001"
"2023";"02";"240105";"TUMBES";"TUMBES";"SAN JACINTO";"GOBIERNO REGIONAL";"I-3";"00001870";"SAN JACINTO";"NE_0001";"";"NE_0001";"NE_0001";"NE_0001";"NE_0001";"NE_0001";"NE_0001";"NE_0001"
"2023";"02";"210701";"PUNO";"LAMPA";"LAMPA";"ESSALUD";"II-1";"00009900";"HOSPITAL I LAMPA - ESSALUD - RED ASISTENCIAL JULIACA";"242200";"HOSPITALIZACIÓN DE MEDICINA PSIQUIATRÍA ";"14";"15";"70";"77";"10";"255";"0"
"2023";"02";"240101";"TUMBES";"TUMBES";"TUMBES";"GOBIERNO REGIONAL";"I-3";"00028923";"CENTRO DE SALUD MENTAL COMUNITARIO ""VIRGEN DEL CISNE""";"NE_0001";"";"NE_0001";"NE_0001";"NE_0001";"NE_0001";"NE_0001";"NE_0001";"NE_0001"
"2023";"02";"240101";"TUMBES";"TUMBES";"TUMBES";"GOBIERNO REGIONAL";"0";"00029717";"I HOGAR PROTEGIDO TUMBES";"NE_0001";"";"NE_0001";"NE_0001";"NE_0001";"NE_0001";"NE_0001";"NE_0001";"NE_0001"
"2023";"02";"240104";"TUMBES";"TUMBES";"PAMPAS DE HOSPITAL";"GOBIERNO REGIONAL";"I-1";"00001877";"CRUZ BLANCA.";"NE_0001";"";"NE_0001";"NE_0001";"NE_0001";"NE_0001";"NE_0001";"NE_0001";"NE_0001"
"2023";"02";"240106";"TUMBES";"TUMBES";"SAN JUAN DE LA VIRGEN";"GOBIERNO REGIONAL";"I-1";"00001880";"CERRO BLANCO";"NE_0001";"";"NE_0001";"NE_0001";"NE_0001";"NE_0001";"NE_0001";"NE_0001";"NE_0001"
"2023";"02";"240101";"TUMBES";"TUMBES";"TUMBES";"GOBIERNO REGIONAL";"I-2";"00001883";"PUERTO PIZARRO";"NE_0001";"";"NE_0001";"NE_0001";"NE_0001";"NE_0001";"NE_0001";"NE_0001";"NE_0001"
"2023";"02";"240101";"TUMBES";"TUMBES";"TUMBES";"GOBIERNO REGIONAL";"I-3";"00001884";"CLAS ANDRES ARAUJO MORAN";"NE_0001";"";"NE_0001";"NE_0001";"NE_0001";"NE_0001";"NE_0001";"NE_0001";"NE_0001"
"2023";"02";"240101";"TUMBES";"TUMBES";"TUMBES";"GOBIERNO REGIONAL";"0";"00013886";"LABORATORIO DE REFERENCIA REGIONAL DE SALUD PUBLICA";"NE_0001";"";"NE_0001";"NE_0001";"NE_0001";"NE_0001";"NE_0001";"NE_0001";"NE_0001"
"2023";"02";"240104";"TUMBES";"TUMBES";"PAMPAS DE HOSPITAL";"GOBIERNO REGIONAL";"I-2";"00001876";"CABUYAL";"NE_0001";"";"NE_0001";"NE_0001";"NE_0001";"NE_0001";"NE_0001";"NE_0001";"NE_0001"
"2023";"02";"240106";"TUMBES";"TUMBES";"SAN JUAN DE LA VIRGEN";"GOBIERNO REGIONAL";"I-1";"00001881";"GARBANZAL";"NE_0001";"";"NE_0001";"NE_0001";"NE_0001";"NE_0001";"NE_0001";"NE_0001";"NE_0001"
"2023";"02";"240101";"TUMBES";"TUMBES";"TUMBES";"GOBIERNO REGIONAL";"0";"00027613";"SAMU -TUMBES";"NE_0001";"";"NE_0001";"NE_0001";"NE_0001";"NE_0001";"NE_0001";"NE_0001";"NE_0001"
"2023";"02";"240104";"TUMBES";"TUMBES";"PAMPAS DE HOSPITAL";"GOBIERNO REGIONAL";"I-3";"00001875";"PAMPAS DE HOSPITAL";"NE_0001";"";"NE_0001";"NE_0001";"NE_0001";"NE_0001";"NE_0001";"NE_0001";"NE_0001"
"2023";"02";"240104";"TUMBES";"TUMBES";"PAMPAS DE HOSPITAL";"GOBIERNO REGIONAL";"I-1";"00001878";"EL LIMON";"NE_0001";"";"NE_0001";"NE_0001";"NE_0001";"NE_0001";"NE_0001";"NE_0001";"NE_0001"
"2023";"02";"240106";"TUMBES";"TUMBES";"SAN JUAN DE LA VIRGEN";"GOBIERNO REGIONAL";"I-3";"00001879";"CLAS SAN JUAN DE LA VIRGEN";"NE_0001";"";"NE_0001";"NE_0001";"NE_0001";"NE_0001";"NE_0001";"NE_0001";"NE_0001"
"2023";"02";"240101";"TUMBES";"TUMBES";"TUMBES";"GOBIERNO REGIONAL";"I-4";"00001882";"PAMPA GRANDE";"241800";"HOSPITALIZACIÓN DE MEDICINA MEDICINA GENERAL ";"15";"15";"17";"16";"1";"28";"0"
"2023";"02";"240101";"TUMBES";"TUMBES";"TUMBES";"GOBIERNO REGIONAL";"I-4";"00001882";"PAMPA GRANDE";"241600";"HOSPITALIZACIÓN QUIRÚRGICA OBSTETRICIA   ";"0";"1";"1";"1";"1";"28";"0"
"2023";"02";"240101";"TUMBES";"TUMBES";"TUMBES";"GOBIERNO REGIONAL";"I-2";"00023014";"GERARDO GONZALES VILLEGAS";"NE_0001";"";"NE_0001";"NE_0001";"NE_0001";"NE_0001";"NE_0001";"NE_0001";"NE_0001"
"2023";"02";"200101";"PIURA";"PIURA";"PIURA";"PRIVADO";"II-E";"00012918";"OFTALMOLOGOS ASOCIADOS VER SAC";"NE_0001";"";"NE_0001";"NE_0001";"NE_0001";"NE_0001";"NE_0001";"NE_0001";"NE_0001"
"2023";"02";"110101";"ICA";"ICA";"ICA";"GOBIERNO REGIONAL";"I-2";"00003375";"SENOR DE LUREN";"NE_0001";"";"NE_0001";"NE_0001";"NE_0001";"NE_0001";"NE_0001";"NE_0001";"NE_0001"
"2023";"02";"110101";"ICA";"ICA";"ICA";"GOBIERNO REGIONAL";"I-3";"00003360";"SAN JOAQUIN";"NE_0001";"";"NE_0001";"NE_0001";"NE_0001";"NE_0001";"NE_0001";"NE_0001";"NE_0001"
"2023";"01";"220510";"SAN MARTIN";"LAMAS";"TABALOSOS";"GOBIERNO REGIONAL";"I-4";"00006408";"TABALOSOS";"241600";"HOSPITALIZACIÓN QUIRÚRGICA OBSTETRICIA   ";"12";"12";"12";"12";"7";"217";"0"
"2023";"01";"220506";"SAN MARTIN";"LAMAS";"PINTO RECODO";"GOBIERNO REGIONAL";"I-1";"00006411";"MISHQUIYACU PINTO RECODO";"NE_0001";"";"NE_0001";"NE_0001";"NE_0001";"NE_0001";"NE_0001";"NE_0001";"NE_0001"
"2023";"01";"220510";"SAN MARTIN";"LAMAS";"TABALOSOS";"GOBIERNO REGIONAL";"I-1";"00006414";"PUCAYACU PANJUI";"NE_0001";"";"NE_0001";"NE_0001";"NE_0001";"NE_0001";"NE_0001";"NE_0001";"NE_0001"
"2023";"01";"220510";"SAN MARTIN";"LAMAS";"TABALOSOS";"GOBIERNO REGIONAL";"I-1";"00015377";"HUNGURAHUI PAMPA";"NE_0001";"";"NE_0001";"NE_0001";"NE_0001";"NE_0001";"NE_0001";"NE_0001";"NE_0001"
"2023";"01";"220506";"SAN MARTIN";"LAMAS";"PINTO RECODO";"GOBIERNO REGIONAL";"I-1";"00006410";"CHURUZAPA PINTO RECODO";"NE_0001";"";"NE_0001";"NE_0001";"NE_0001";"NE_0001";"NE_0001";"NE_0001";"NE_0001"
"2023";"01";"220506";"SAN MARTIN";"LAMAS";"PINTO RECODO";"GOBIERNO REGIONAL";"I-1";"00006409";"PINTO RECODO";"NE_0001";"";"NE_0001";"NE_0001";"NE_0001";"NE_0001";"NE_0001";"NE_0001";"NE_0001"
"2023";"01";"220509";"SAN MARTIN";"LAMAS";"SHANAO";"GOBIERNO REGIONAL";"I-1";"00006412";"SHANAO";"NE_0001";"";"NE_0001";"NE_0001";"NE_0001";"NE_0001";"NE_0001";"NE_0001";"NE_0001"
"2023";"01";"040516";"AREQUIPA";"CAYLLOMA";"TAPAY";"GOBIERNO REGIONAL";"I-2";"00001434";"PUESTO DE SALUD TAPAY";"NE_0001";"";"NE_0001";"NE_0001";"NE_0001";"NE_0001";"NE_0001";"NE_0001";"NE_0001"
"2023";"01";"040507";"AREQUIPA";"CAYLLOMA";"HUAMBO";"GOBIERNO REGIONAL";"I-2";"00001433";"PUESTO DE SALUD HUAMBO";"NE_0001";"";"NE_0001";"NE_0001";"NE_0001";"NE_0001";"NE_0001";"NE_0001";"NE_0001"
"2023";"01";"040406";"AREQUIPA";"CASTILLA";"CHOCO";"GOBIERNO REGIONAL";"I-2";"00001441";"PUESTO DE SALUD CHOCO";"NE_0001";"";"NE_0001";"NE_0001";"NE_0001";"NE_0001";"NE_0001";"NE_0001";"NE_0001"
"2023";"01";"040503";"AREQUIPA";"CAYLLOMA";"CABANACONDE";"GOBIERNO REGIONAL";"I-3";"00001420";"CENTRO DE SALUD CABANACONDE";"NE_0001";"";"NE_0001";"NE_0001";"NE_0001";"NE_0001";"NE_0001";"NE_0001";"NE_0001"
"2023";"02";"150108";"LIMA";"LIMA";"CHORRILLOS";"PRIVADO";"II-E";"00012220";"CLINICA REAL LOS LAURELES";"NE_0002";"";"NE_0002";"NE_0002";"NE_0002";"NE_0002";"NE_0002";"NE_0002";"NE_0002"
"2023";"02";"150120";"LIMA";"LIMA";"MAGDALENA DEL MAR";"PRIVADO";"II-E";"00017703";"OPRECE";"NE_0001";"";"NE_0001";"NE_0001";"NE_0001";"NE_0001";"NE_0001";"NE_0001";"NE_0001"
"2023";"02";"021901";"ANCASH";"SIHUAS";"SIHUAS";"ESSALUD";"I-3";"00009203";"CENTRO MEDICO SIHUAS";"NE_0001";"";"NE_0001";"NE_0001";"NE_0001";"NE_0001";"NE_0001";"NE_0001";"NE_0001"
"2023";"02";"150113";"LIMA";"LIMA";"JESUS MARIA";"PRIVADO";"II-E";"00014181";"CLINICA SERVISALUD";"240000";"HOSPITALIZACIÓN";"120";"122";"161";"161";"9";"252";"0"
"2023";"02";"030501";"APURIMAC";"COTABAMBAS";"TAMBOBAMBA";"GOBIERNO REGIONAL";"II-1";"00002625";"TAMBOBAMBA";"241400";"HOSPITALIZACIÓN QUIRÚRGICA GINECO - OBSTETRICIA ";"40";"40";"100";"40";"4";"48";"0"
"2023";"02";"030501";"APURIMAC";"COTABAMBAS";"TAMBOBAMBA";"GOBIERNO REGIONAL";"II-1";"00002625";"TAMBOBAMBA";"242300";"HOSPITALIZACIÓN DE PEDIATRÍA  PEDIATRÍA  GENERAL ";"1";"1";"4";"1";"4";"5";"0"
"2023";"02";"030501";"APURIMAC";"COTABAMBAS";"TAMBOBAMBA";"GOBIERNO REGIONAL";"II-1";"00002625";"TAMBOBAMBA";"241600";"HOSPITALIZACIÓN QUIRÚRGICA OBSTETRICIA   ";"2";"2";"4";"2";"2";"4";"0"
"2023";"02";"030501";"APURIMAC";"COTABAMBAS";"TAMBOBAMBA";"GOBIERNO REGIONAL";"II-1";"00002625";"TAMBOBAMBA";"241800";"HOSPITALIZACIÓN DE MEDICINA MEDICINA GENERAL ";"20";"20";"35";"20";"8";"100";"0"
"2023";"02";"021306";"ANCASH";"MARISCAL LUZURIAGA";"LLUMPA";"GOBIERNO REGIONAL";"I-2";"00001789";"PUESTO DE SALUD LLUMPA";"NE_0002";"";"NE_0002";"NE_0002";"NE_0002";"NE_0002";"NE_0002";"NE_0002";"NE_0002"
"2023";"03";"150141";"LIMA";"LIMA";"SURQUILLO";"SANIDAD DE LA POLICIA NACIONAL DEL PERU";"I-3";"00012885";"POLICLINICO PNP WALTER ROSALES LEON";"NE_0001";"";"NE_0001";"NE_0001";"NE_0001";"NE_0001";"NE_0001";"NE_0001";"NE_0001"
"2023";"03";"130501";"LA LIBERTAD";"JULCAN";"JULCAN";"GOBIERNO REGIONAL";"I-2";"00007249";"SAN AGUSTIN";"NE_0002";"";"NE_0002";"NE_0002";"NE_0002";"NE_0002";"NE_0002";"NE_0002";"NE_0002"
"2023";"03";"130501";"LA LIBERTAD";"JULCAN";"JULCAN";"GOBIERNO REGIONAL";"I-2";"00005307";"SANTA TERESA";"NE_0002";"";"NE_0002";"NE_0002";"NE_0002";"NE_0002";"NE_0002";"NE_0002";"NE_0002"
"2023";"03";"130501";"LA LIBERTAD";"JULCAN";"JULCAN";"GOBIERNO REGIONAL";"I-2";"00006774";"PARUQUE BAJO";"NE_0002";"";"NE_0002";"NE_0002";"NE_0002";"NE_0002";"NE_0002";"NE_0002";"NE_0002"
"2023";"03";"150114";"LIMA";"LIMA";"LA MOLINA";"PRIVADO";"I-2";"00009093";"ARIE";"NE_0002";"";"NE_0002";"NE_0002";"NE_0002";"NE_0002";"NE_0002";"NE_0002";"NE_0002"
"2023";"03";"110101";"ICA";"ICA";"ICA";"PRIVADO";"II-1";"00012765";"SAN VICENTE";"240000";"HOSPITALIZACIÓN";"29";"27";"35";"30";"8";"248";"0"
"2023";"03";"200104";"PIURA";"PIURA";"CASTILLA";"PRIVADO";"0";"00013494";"AUNA CLINICA MIRAFLORES";"240000";"HOSPITALIZACIÓN";"327";"303";"1203";"1412";"42";"1302";"2"
"2023";"03";"170101";"MADRE DE DIOS";"TAMBOPATA";"TAMBOPATA";"GOBIERNO REGIONAL";"II-1";"00002698";"HOSPITAL SANTA ROSA";"241600";"HOSPITALIZACIÓN QUIRÚRGICA OBSTETRICIA   ";"383";"380";"931";"383";"37";"1147";"0"
"2023";"03";"170101";"MADRE DE DIOS";"TAMBOPATA";"TAMBOPATA";"GOBIERNO REGIONAL";"II-1";"00002698";"HOSPITAL SANTA ROSA";"241200";"HOSPITALIZACIÓN QUIRÚRGICA TRAUMATOLOGÍA Y ORTOPEDIA ";"52";"31";"241";"52";"28";"868";"0"
"2023";"03";"170101";"MADRE DE DIOS";"TAMBOPATA";"TAMBOPATA";"GOBIERNO REGIONAL";"II-1";"00002698";"HOSPITAL SANTA ROSA";"243200";"HOSPITALIZACIÓN DE PEDIATRÍA PEDIATRIA NEONATOLOGÍA";"273";"272";"507";"273";"18";"558";"0"
"2023";"03";"170101";"MADRE DE DIOS";"TAMBOPATA";"TAMBOPATA";"GOBIERNO REGIONAL";"II-1";"00002698";"HOSPITAL SANTA ROSA";"240100";"HOSPITALIZACIÓN QUIRÚRGICA CIRUGÍA GENERAL ";"106";"98";"477";"106";"23";"713";"0"
"2023";"03";"170101";"MADRE DE DIOS";"TAMBOPATA";"TAMBOPATA";"GOBIERNO REGIONAL";"II-1";"00002698";"HOSPITAL SANTA ROSA";"242300";"HOSPITALIZACIÓN DE PEDIATRÍA  PEDIATRÍA  GENERAL ";"125";"124";"412";"125";"18";"558";"0"
"2023";"03";"170101";"MADRE DE DIOS";"TAMBOPATA";"TAMBOPATA";"GOBIERNO REGIONAL";"II-1";"00002698";"HOSPITAL SANTA ROSA";"241800";"HOSPITALIZACIÓN DE MEDICINA MEDICINA GENERAL ";"194";"166";"900";"194";"39";"1209";"0"
"2023";"03";"170101";"MADRE DE DIOS";"TAMBOPATA";"TAMBOPATA";"GOBIERNO REGIONAL";"II-1";"00002698";"HOSPITAL SANTA ROSA";"241500";"HOSPITALIZACIÓN QUIRÚRGICA GINECOLOGÍA  ";"9";"9";"36";"9";"6";"186";"0"
"2023";"03";"170101";"MADRE DE DIOS";"TAMBOPATA";"TAMBOPATA";"GOBIERNO REGIONAL";"II-1";"00002698";"HOSPITAL SANTA ROSA";"250105";"UNIDAD DE CUIDADOS CRITICOS UNIDAD  DE CUIDADOS INTENSIVOS  (UCI) NEONATOLOGÍA";"5";"4";"18";"5";"5";"155";"0"
"2023";"03";"170101";"MADRE DE DIOS";"TAMBOPATA";"TAMBOPATA";"GOBIERNO REGIONAL";"II-1";"00002698";"HOSPITAL SANTA ROSA";"250100";"UNIDAD DE CUIDADOS CRITICOS UNIDAD  DE CUIDADOS INTENSIVOS GENERALES (UCI) ";"8";"6";"34";"8";"6";"186";"0"
"2023";"03";"150125";"LIMA";"LIMA";"PUENTE PIEDRA";"PRIVADO";"II-E";"00016353";"CLINICA MONTELUZ";"241400";"HOSPITALIZACIÓN QUIRÚRGICA GINECO - OBSTETRICIA ";"117";"122";"214";"208";"12";"372";"0"
"2023";"03";"150125";"LIMA";"LIMA";"PUENTE PIEDRA";"PRIVADO";"II-E";"00016353";"CLINICA MONTELUZ";"240100";"HOSPITALIZACIÓN QUIRÚRGICA CIRUGÍA GENERAL ";"71";"74";"94";"92";"10";"310";"0"
"2023";"03";"240101";"TUMBES";"TUMBES";"TUMBES";"GOBIERNO REGIONAL";"0";"00029717";"I HOGAR PROTEGIDO TUMBES";"NE_0001";"";"NE_0001";"NE_0001";"NE_0001";"NE_0001";"NE_0001";"NE_0001";"NE_0001"
"2023";"03";"060807";"CAJAMARCA";"JAEN";"POMAHUACA";"GOBIERNO REGIONAL";"I-1";"00016134";"COLAGUAY";"NE_0001";"";"NE_0001";"NE_0001";"NE_0001";"NE_0001";"NE_0001";"NE_0001";"NE_0001"
"2023";"03";"060807";"CAJAMARCA";"JAEN";"POMAHUACA";"GOBIERNO REGIONAL";"I-1";"00027935";"TAYAS";"NE_0001";"";"NE_0001";"NE_0001";"NE_0001";"NE_0001";"NE_0001";"NE_0001";"NE_0001"
"2023";"03";"060807";"CAJAMARCA";"JAEN";"POMAHUACA";"GOBIERNO REGIONAL";"I-3";"00004247";"POMAHUACA";"NE_0001";"";"NE_0001";"NE_0001";"NE_0001";"NE_0001";"NE_0001";"NE_0001";"NE_0001"
"2023";"03";"060807";"CAJAMARCA";"JAEN";"POMAHUACA";"GOBIERNO REGIONAL";"I-1";"00016139";"YAMBOLON";"NE_0001";"";"NE_0001";"NE_0001";"NE_0001";"NE_0001";"NE_0001";"NE_0001";"NE_0001"
"2023";"03";"060807";"CAJAMARCA";"JAEN";"POMAHUACA";"GOBIERNO REGIONAL";"I-1";"00007166";"MANGAYPA";"NE_0001";"";"NE_0001";"NE_0001";"NE_0001";"NE_0001";"NE_0001";"NE_0001";"NE_0001"
"2023";"03";"021902";"ANCASH";"SIHUAS";"ACOBAMBA";"GOBIERNO REGIONAL";"I-1";"00001799";"PUESTO DE SALUD ACOBAMBA";"241400";"HOSPITALIZACIÓN QUIRÚRGICA GINECO - OBSTETRICIA ";"2";"2";"2";"2";"2";"3";"0"
"2023";"03";"021905";"ANCASH";"SIHUAS";"CHINGALPO";"GOBIERNO REGIONAL";"I-1";"00001800";"PUESTO DE SALUD CHINGALPO";"241400";"HOSPITALIZACIÓN QUIRÚRGICA GINECO - OBSTETRICIA ";"1";"1";"1";"1";"1";"2";"0"
"2023";"03";"021905";"ANCASH";"SIHUAS";"CHINGALPO";"GOBIERNO REGIONAL";"I-1";"00001754";"PUESTO DE SALUD SAN MIGUEL";"NE_0002";"";"NE_0002";"NE_0002";"NE_0002";"NE_0002";"NE_0002";"NE_0002";"NE_0002"
"2023";"03";"021903";"ANCASH";"SIHUAS";"ALFONSO UGARTE";"GOBIERNO REGIONAL";"I-1";"00001805";"PUESTO DE SALUD ULLOLLUCO";"NE_0002";"";"NE_0002";"NE_0002";"NE_0002";"NE_0002";"NE_0002";"NE_0002";"NE_0002"
"2023";"03";"021907";"ANCASH";"SIHUAS";"QUICHES";"GOBIERNO REGIONAL";"I-1";"00001807";"PUESTO DE SALUD JOCOSBAMBA";"NE_0002";"";"NE_0002";"NE_0002";"NE_0002";"NE_0002";"NE_0002";"NE_0002";"NE_0002"
"2023";"03";"021907";"ANCASH";"SIHUAS";"QUICHES";"GOBIERNO REGIONAL";"I-3";"00001806";"CENTRO DE SALUD QUICHES";"NE_0002";"";"NE_0002";"NE_0002";"NE_0002";"NE_0002";"NE_0002";"NE_0002";"NE_0002"
"2023";"03";"150108";"LIMA";"LIMA";"CHORRILLOS";"MINSA";"III-E";"00007734";"INSTITUTO NACIONAL DE REHABILITACION DRA. ADRIANA REBAZA FLORES - AMISTAD PERU-JAPON";"240000";"HOSPITALIZACIÓN";"11";"9";"490";"654";"24";"744";"0"
"2023";"03";"220801";"SAN MARTIN";"RIOJA";"RIOJA";"GOBIERNO REGIONAL";"II-1";"00006732";"HOSPITAL DE RIOJA";"240100";"HOSPITALIZACIÓN QUIRÚRGICA CIRUGÍA GENERAL ";"64";"69";"226";"226";"9";"279";"0"
"2023";"03";"220801";"SAN MARTIN";"RIOJA";"RIOJA";"GOBIERNO REGIONAL";"II-1";"00006732";"HOSPITAL DE RIOJA";"241200";"HOSPITALIZACIÓN QUIRÚRGICA TRAUMATOLOGÍA Y ORTOPEDIA ";"24";"26";"134";"134";"7";"217";"0"
"2023";"03";"220801";"SAN MARTIN";"RIOJA";"RIOJA";"GOBIERNO REGIONAL";"II-1";"00006732";"HOSPITAL DE RIOJA";"241300";"HOSPITALIZACIÓN QUIRÚRGICA UROLOGÍA  ";"3";"3";"7";"7";"1";"31";"0"
"2023";"03";"220801";"SAN MARTIN";"RIOJA";"RIOJA";"GOBIERNO REGIONAL";"II-1";"00006732";"HOSPITAL DE RIOJA";"241500";"HOSPITALIZACIÓN QUIRÚRGICA GINECOLOGÍA  ";"126";"136";"300";"300";"11";"341";"0"
"2023";"03";"220801";"SAN MARTIN";"RIOJA";"RIOJA";"GOBIERNO REGIONAL";"II-1";"00006732";"HOSPITAL DE RIOJA";"241600";"HOSPITALIZACIÓN QUIRÚRGICA OBSTETRICIA   ";"43";"43";"78";"78";"14";"434";"1"
"2023";"03";"220801";"SAN MARTIN";"RIOJA";"RIOJA";"GOBIERNO REGIONAL";"II-1";"00006732";"HOSPITAL DE RIOJA";"241800";"HOSPITALIZACIÓN DE MEDICINA MEDICINA GENERAL ";"41";"51";"341";"341";"11";"341";"4"
"2023";"03";"220801";"SAN MARTIN";"RIOJA";"RIOJA";"GOBIERNO REGIONAL";"II-1";"00006732";"HOSPITAL DE RIOJA";"242500";"HOSPITALIZACIÓN-PEDIATRÍA GENERAL-";"34";"42";"171";"171";"10";"310";"0"
"2023";"03";"220801";"SAN MARTIN";"RIOJA";"RIOJA";"GOBIERNO REGIONAL";"II-1";"00006732";"HOSPITAL DE RIOJA";"243200";"HOSPITALIZACIÓN DE PEDIATRÍA PEDIATRIA NEONATOLOGÍA";"28";"32";"122";"122";"7";"217";"0"
"2023";"03";"040108";"AREQUIPA";"AREQUIPA";"LA JOYA";"GOBIERNO REGIONAL";"I-3";"00001323";"CENTRO DE SALUD SAN ISIDRO";"NE_0001";"";"NE_0001";"NE_0001";"NE_0001";"NE_0001";"NE_0001";"NE_0001";"NE_0001"
"2023";"03";"040108";"AREQUIPA";"AREQUIPA";"LA JOYA";"GOBIERNO REGIONAL";"I-2";"00001333";"PUESTO DE SALUD SAN JOSE";"NE_0001";"";"NE_0001";"NE_0001";"NE_0001";"NE_0001";"NE_0001";"NE_0001";"NE_0001"
"2023";"03";"040108";"AREQUIPA";"AREQUIPA";"LA JOYA";"GOBIERNO REGIONAL";"I-2";"00001331";"PUESTO DE SALUD LA CANO";"NE_0001";"";"NE_0001";"NE_0001";"NE_0001";"NE_0001";"NE_0001";"NE_0001";"NE_0001"
"2023";"03";"040702";"AREQUIPA";"ISLAY";"COCACHACRA";"GOBIERNO REGIONAL";"I-2";"00001343";"PUESTO DE SALUD SAN CAMILO 7";"NE_0001";"";"NE_0001";"NE_0001";"NE_0001";"NE_0001";"NE_0001";"NE_0001";"NE_0001"
"2023";"03";"040108";"AREQUIPA";"AREQUIPA";"LA JOYA";"GOBIERNO REGIONAL";"I-2";"00001332";"PUESTO DE SALUD SAN CAMILO 6";"NE_0001";"";"NE_0001";"NE_0001";"NE_0001";"NE_0001";"NE_0001";"NE_0001";"NE_0001"
"2023";"03";"190109";"PASCO";"PASCO";"SIMON BOLIVAR";"ESSALUD";"II-2";"00009747";"HOSPITAL II PASCO";"241800";"HOSPITALIZACIÓN DE MEDICINA MEDICINA GENERAL ";"67";"67";"318";"278";"12";"372";"1"
"2023";"03";"190109";"PASCO";"PASCO";"SIMON BOLIVAR";"ESSALUD";"II-2";"00009747";"HOSPITAL II PASCO";"250100";"UNIDAD DE CUIDADOS CRITICOS UNIDAD  DE CUIDADOS INTENSIVOS GENERALES (UCI) ";"5";"5";"30";"36";"3";"93";"3"
"2023";"03";"190109";"PASCO";"PASCO";"SIMON BOLIVAR";"ESSALUD";"II-2";"00009747";"HOSPITAL II PASCO";"240100";"HOSPITALIZACIÓN QUIRÚRGICA CIRUGÍA GENERAL ";"65";"65";"380";"344";"13";"403";"0"
"2023";"03";"190109";"PASCO";"PASCO";"SIMON BOLIVAR";"ESSALUD";"II-2";"00009747";"HOSPITAL II PASCO";"241400";"HOSPITALIZACIÓN QUIRÚRGICA GINECO - OBSTETRICIA ";"97";"97";"200";"202";"8";"248";"0"
"2023";"03";"190109";"PASCO";"PASCO";"SIMON BOLIVAR";"ESSALUD";"II-2";"00009747";"HOSPITAL II PASCO";"242300";"HOSPITALIZACIÓN DE PEDIATRÍA  PEDIATRÍA  GENERAL ";"85";"85";"192";"187";"7";"217";"0"
"2023";"03";"190109";"PASCO";"PASCO";"SIMON BOLIVAR";"ESSALUD";"II-2";"00009747";"HOSPITAL II PASCO";"243200";"HOSPITALIZACIÓN DE PEDIATRÍA PEDIATRIA NEONATOLOGÍA";"80";"80";"202";"208";"12";"372";"1"
"2023";"03";"060802";"CAJAMARCA";"JAEN";"BELLAVISTA";"GOBIERNO REGIONAL";"I-3";"00004224";"CRUCE SHUMBA";"NE_0001";"";"NE_0001";"NE_0001";"NE_0001";"NE_0001";"NE_0001";"NE_0001";"NE_0001"
"2023";"03";"060804";"CAJAMARCA";"JAEN";"COLASAY";"GOBIERNO REGIONAL";"I-3";"00004236";"COLASAY";"NE_0001";"";"NE_0001";"NE_0001";"NE_0001";"NE_0001";"NE_0001";"NE_0001";"NE_0001"
"2023";"03";"060804";"CAJAMARCA";"JAEN";"COLASAY";"GOBIERNO REGIONAL";"I-2";"00007017";"AHUYACA";"NE_0001";"";"NE_0001";"NE_0001";"NE_0001";"NE_0001";"NE_0001";"NE_0001";"NE_0001"
"2023";"03";"060804";"CAJAMARCA";"JAEN";"COLASAY";"GOBIERNO REGIONAL";"I-1";"00004239";"CEDRO PASTO";"NE_0001";"";"NE_0001";"NE_0001";"NE_0001";"NE_0001";"NE_0001";"NE_0001";"NE_0001"
"2023";"03";"150130";"LIMA";"LIMA";"SAN BORJA";"PRIVADO";"II-E";"00018626";"OFTALMICA S.A";"NE_0001";"";"NE_0001";"NE_0001";"NE_0001";"NE_0001";"NE_0001";"NE_0001";"NE_0001"
"2023";"03";"070101";"CALLAO";"CALLAO";"CALLAO";"PRIVADO";"I-3";"00021094";"LIMATAMBO SEDE MINKA II";"NE_0001";"";"NE_0001";"NE_0001";"NE_0001";"NE_0001";"NE_0001";"NE_0001";"NE_0001"
"2023";"03";"150131";"LIMA";"LIMA";"SAN ISIDRO";"PRIVADO";"II-E";"00016113";"CLINICA ZIEGLER CIRUGIA PLASTICA";"240800";"HOSPITALIZACIÓN QUIRÚRGICA CIRUGÍA PLÁSTICA/RECONSTRUCTIVA/ REPARADORA ";"6";"6";"3";"3";"3";"18";"0"
"2023";"03";"130705";"LA LIBERTAD";"PACASMAYO";"SAN JOSE";"ESSALUD";"I-2";"00012110";"POSTA DE SALUD SAN JOSE";"NE_0001";"";"NE_0001";"NE_0001";"NE_0001";"NE_0001";"NE_0001";"NE_0001";"NE_0001"
"2023";"03";"130702";"LA LIBERTAD";"PACASMAYO";"GUADALUPE";"ESSALUD";"I-2";"00009486";"POSTA DE SALUD LIMONCARRO";"NE_0001";"";"NE_0001";"NE_0001";"NE_0001";"NE_0001";"NE_0001";"NE_0001";"NE_0001"
"2023";"03";"130702";"LA LIBERTAD";"PACASMAYO";"GUADALUPE";"ESSALUD";"I-2";"00012101";"POSTA DE SALUD GUADALUPE";"NE_0001";"";"NE_0001";"NE_0001";"NE_0001";"NE_0001";"NE_0001";"NE_0001";"NE_0001"
"2023";"03";"220201";"SAN MARTIN";"BELLAVISTA";"BELLAVISTA";"ESSALUD";"I-2";"00016482";"POSTA MEDICA BELLAVISTA - ESSALUD";"NE_0001";"";"NE_0001";"NE_0001";"NE_0001";"NE_0001";"NE_0001";"NE_0001";"NE_0001"
"2023";"03";"150115";"LIMA";"LIMA";"LA VICTORIA";"ESSALUD";"III-2";"00009251";"HOSPITAL NACIONAL GUILLERMO ALMENARA IRIGOYEN";"241900";"HOSPITALIZACIÓN DE MEDICINA MEDICINA INTERNA ";"76";"60";"869";"975";"32";"992";"6"
"2023";"03";"150115";"LIMA";"LIMA";"LA VICTORIA";"ESSALUD";"III-2";"00009251";"HOSPITAL NACIONAL GUILLERMO ALMENARA IRIGOYEN";"244600";"HOSPITALIZACIÓN DE MEDICINA NEFROLOGIA ";"78";"89";"1017";"897";"29";"899";"2"
"2023";"03";"150115";"LIMA";"LIMA";"LA VICTORIA";"ESSALUD";"III-2";"00009251";"HOSPITAL NACIONAL GUILLERMO ALMENARA IRIGOYEN";"245300";"HOSPITALIZACIÓN DE MEDICINA NEUMOLOGÍA  ";"43";"38";"520";"592";"20";"620";"0"
"2023";"03";"150115";"LIMA";"LIMA";"LA VICTORIA";"ESSALUD";"III-2";"00009251";"HOSPITAL NACIONAL GUILLERMO ALMENARA IRIGOYEN";"244700";"HOSPITALIZACIÓN DE MEDICINA NEUROLOGIA  ";"32";"38";"715";"566";"19";"589";"0"
"2023";"03";"150115";"LIMA";"LIMA";"LA VICTORIA";"ESSALUD";"III-2";"00009251";"HOSPITAL NACIONAL GUILLERMO ALMENARA IRIGOYEN";"242100";"HOSPITALIZACIÓN DE MEDICINA ONCOLOGÍA MÉDICA ";"135";"142";"1341";"882";"29";"899";"1"
"2023";"02";"021308";"ANCASH";"MARISCAL LUZURIAGA";"MUSGA";"GOBIERNO REGIONAL";"I-1";"00001792";"PUESTO DE SALUD MUSGA";"NE_0002";"";"NE_0002";"NE_0002";"NE_0002";"NE_0002";"NE_0002";"NE_0002";"NE_0002"
"2023";"02";"120608";"JUNIN";"SATIPO";"RIO TAMBO";"GOBIERNO REGIONAL";"I-1";"00000518";"SAN CARLOS ALTO ENE";"NE_0001";"";"NE_0001";"NE_0001";"NE_0001";"NE_0001";"NE_0001";"NE_0001";"NE_0001"
"2023";"02";"120609";"JUNIN";"SATIPO";"VIZCATAN DEL ENE";"GOBIERNO REGIONAL";"I-1";"00000510";"FLORIDA";"NE_0001";"";"NE_0001";"NE_0001";"NE_0001";"NE_0001";"NE_0001";"NE_0001";"NE_0001"
"2023";"02";"120608";"JUNIN";"SATIPO";"RIO TAMBO";"GOBIERNO REGIONAL";"I-1";"00015914";"SELVA DE ORO";"NE_0001";"";"NE_0001";"NE_0001";"NE_0001";"NE_0001";"NE_0001";"NE_0001";"NE_0001"
"2023";"02";"160201";"LORETO";"ALTO AMAZONAS";"YURIMAGUAS";"ESSALUD";"II-1";"00020274";"ESSALUD - HOSPITAL I YURIMAGUAS";"241800";"HOSPITALIZACIÓN DE MEDICINA MEDICINA GENERAL ";"76";"86";"379";"331";"12";"336";"1"
"2023";"02";"160201";"LORETO";"ALTO AMAZONAS";"YURIMAGUAS";"ESSALUD";"II-1";"00020274";"ESSALUD - HOSPITAL I YURIMAGUAS";"241600";"HOSPITALIZACIÓN QUIRÚRGICA OBSTETRICIA   ";"24";"26";"67";"64";"3";"84";"0"
"2023";"03";"220304";"SAN MARTIN";"EL DORADO";"SANTA ROSA";"GOBIERNO REGIONAL";"I-1";"00006501";"SANTA ELENA";"NE_0001";"";"NE_0001";"NE_0001";"NE_0001";"NE_0001";"NE_0001";"NE_0001";"NE_0001"
"2023";"03";"220302";"SAN MARTIN";"EL DORADO";"AGUA BLANCA";"GOBIERNO REGIONAL";"I-1";"00006498";"PACASMAYO";"NE_0001";"";"NE_0001";"NE_0001";"NE_0001";"NE_0001";"NE_0001";"NE_0001";"NE_0001"
"2023";"03";"220302";"SAN MARTIN";"EL DORADO";"AGUA BLANCA";"GOBIERNO REGIONAL";"I-2";"00006496";"AGUA BLANCA";"NE_0001";"";"NE_0001";"NE_0001";"NE_0001";"NE_0001";"NE_0001";"NE_0001";"NE_0001"
"2023";"03";"220304";"SAN MARTIN";"EL DORADO";"SANTA ROSA";"GOBIERNO REGIONAL";"I-1";"00006500";"BARRANQUITA RIO SISA";"NE_0001";"";"NE_0001";"NE_0001";"NE_0001";"NE_0001";"NE_0001";"NE_0001";"NE_0001"
"2023";"03";"220304";"SAN MARTIN";"EL DORADO";"SANTA ROSA";"GOBIERNO REGIONAL";"I-1";"00006488";"SANTA MARTHA";"NE_0001";"";"NE_0001";"NE_0001";"NE_0001";"NE_0001";"NE_0001";"NE_0001";"NE_0001"
"2023";"02";"150135";"LIMA";"LIMA";"SAN MARTIN DE PORRES";"PRIVADO";"II-1";"00011241";"CLINICA SAN VICENTE S.A.";"240000";"HOSPITALIZACIÓN";"9";"12";"36";"40";"22";"616";"0"
"2023";"02";"150141";"LIMA";"LIMA";"SURQUILLO";"PRIVADO";"II-E";"00012206";"DETECTA CLINICA";"240000";"HOSPITALIZACIÓN";"163";"46";"68";"149";"11";"330";"2"
"2023";"02";"120114";"JUNIN";"HUANCAYO";"EL TAMBO";"PRIVADO";"II-E";"00025383";"CLINICA MEDICO QUIRURGICO HUANCAYO E.I.R.L.";"241200";"HOSPITALIZACIÓN QUIRÚRGICA TRAUMATOLOGÍA Y ORTOPEDIA ";"3";"3";"6";"12";"15";"18";"0"
"2023";"02";"120701";"JUNIN";"TARMA";"TARMA";"GOBIERNO REGIONAL";"I-1";"00000590";"MISARURASHA";"NE_0001";"";"NE_0001";"NE_0001";"NE_0001";"NE_0001";"NE_0001";"NE_0001";"NE_0001"
"2023";"02";"120701";"JUNIN";"TARMA";"TARMA";"GOBIERNO REGIONAL";"I-1";"00000591";"CARHUACATAC";"NE_0001";"";"NE_0001";"NE_0001";"NE_0001";"NE_0001";"NE_0001";"NE_0001";"NE_0001"
"2023";"02";"150130";"LIMA";"LIMA";"SAN BORJA";"PRIVADO";"III-1";"00009886";"CLINICA SAN BORJA";"240000";"HOSPITALIZACIÓN";"390";"418";"1717";"61";"83";"2324";"2"
"2023";"02";"150130";"LIMA";"LIMA";"SAN BORJA";"PRIVADO";"III-1";"00009886";"CLINICA SAN BORJA";"240500";"HOSPITALIZACIÓN QUIRÚRGICA CIRUGÍA DE TRANSPLANTES ";"2";"0";"22";"1";"4";"112";"0"
"2023";"02";"150130";"LIMA";"LIMA";"SAN BORJA";"PRIVADO";"III-1";"00009886";"CLINICA SAN BORJA";"250105";"UNIDAD DE CUIDADOS CRITICOS UNIDAD  DE CUIDADOS INTENSIVOS  (UCI) NEONATOLOGÍA";"2";"6";"101";"4";"4";"112";"0"
"2023";"02";"150130";"LIMA";"LIMA";"SAN BORJA";"PRIVADO";"III-1";"00009886";"CLINICA SAN BORJA";"250306";"HOSPIT. EN UNIDAD DE CUID.INTEN.-UNIDAD DE VIGILANCIA INTENSIVA (UVI)-PEDIATRÍA";"7";"1";"71";"3";"4";"112";"0"
"2023";"02";"150130";"LIMA";"LIMA";"SAN BORJA";"PRIVADO";"III-1";"00009886";"CLINICA SAN BORJA";"250100";"UNIDAD DE CUIDADOS CRITICOS UNIDAD  DE CUIDADOS INTENSIVOS GENERALES (UCI) ";"57";"13";"306";"11";"19";"532";"1"
"2023";"02";"120705";"JUNIN";"TARMA";"LA UNION";"GOBIERNO REGIONAL";"I-2";"00000597";"LA UNION LETICIA";"NE_0001";"";"NE_0001";"NE_0001";"NE_0001";"NE_0001";"NE_0001";"NE_0001";"NE_0001"
"2023";"02";"120705";"JUNIN";"TARMA";"LA UNION";"GOBIERNO REGIONAL";"I-1";"00000598";"CUYRUHUASI";"NE_0001";"";"NE_0001";"NE_0001";"NE_0001";"NE_0001";"NE_0001";"NE_0001";"NE_0001"
"2023";"02";"120705";"JUNIN";"TARMA";"LA UNION";"GOBIERNO REGIONAL";"I-1";"00000599";"CONDORCOCHA";"NE_0001";"";"NE_0001";"NE_0001";"NE_0001";"NE_0001";"NE_0001";"NE_0001";"NE_0001"
"2023";"02";"110101";"ICA";"ICA";"ICA";"PRIVADO";"I-4";"00009660";"SEÑOR DE LUREN DE ICA";"240000";"HOSPITALIZACIÓN";"103";"102";"169";"182";"14";"392";"17"
"2023";"02";"120301";"JUNIN";"CHANCHAMAYO";"CHANCHAMAYO";"GOBIERNO REGIONAL";"II-2";"00000308";"HOSPITAL REGIONAL DOCENTE DE MEDICINA TROPICAL DR. JULIO CESAR DEMARINI CARO";"241800";"HOSPITALIZACIÓN DE MEDICINA MEDICINA GENERAL ";"66";"65";"395";"362";"22";"616";"2"
"2023";"02";"120301";"JUNIN";"CHANCHAMAYO";"CHANCHAMAYO";"GOBIERNO REGIONAL";"II-2";"00000308";"HOSPITAL REGIONAL DOCENTE DE MEDICINA TROPICAL DR. JULIO CESAR DEMARINI CARO";"242500";"HOSPITALIZACIÓN-PEDIATRÍA GENERAL-";"37";"38";"197";"185";"16";"448";"2"
"2023";"02";"120301";"JUNIN";"CHANCHAMAYO";"CHANCHAMAYO";"GOBIERNO REGIONAL";"II-2";"00000308";"HOSPITAL REGIONAL DOCENTE DE MEDICINA TROPICAL DR. JULIO CESAR DEMARINI CARO";"240100";"HOSPITALIZACIÓN QUIRÚRGICA CIRUGÍA GENERAL ";"111";"117";"406";"342";"25";"700";"1"
"2023";"02";"120301";"JUNIN";"CHANCHAMAYO";"CHANCHAMAYO";"GOBIERNO REGIONAL";"II-2";"00000308";"HOSPITAL REGIONAL DOCENTE DE MEDICINA TROPICAL DR. JULIO CESAR DEMARINI CARO";"241200";"HOSPITALIZACIÓN QUIRÚRGICA TRAUMATOLOGÍA Y ORTOPEDIA ";"37";"34";"143";"153";"8";"224";"0"
"2023";"02";"120301";"JUNIN";"CHANCHAMAYO";"CHANCHAMAYO";"GOBIERNO REGIONAL";"II-2";"00000308";"HOSPITAL REGIONAL DOCENTE DE MEDICINA TROPICAL DR. JULIO CESAR DEMARINI CARO";"241500";"HOSPITALIZACIÓN QUIRÚRGICA GINECOLOGÍA  ";"18";"17";"53";"62";"3";"84";"0"
"2023";"02";"120301";"JUNIN";"CHANCHAMAYO";"CHANCHAMAYO";"GOBIERNO REGIONAL";"II-2";"00000308";"HOSPITAL REGIONAL DOCENTE DE MEDICINA TROPICAL DR. JULIO CESAR DEMARINI CARO";"241600";"HOSPITALIZACIÓN QUIRÚRGICA OBSTETRICIA   ";"106";"100";"204";"197";"13";"364";"0"
"2023";"02";"120301";"JUNIN";"CHANCHAMAYO";"CHANCHAMAYO";"GOBIERNO REGIONAL";"II-2";"00000308";"HOSPITAL REGIONAL DOCENTE DE MEDICINA TROPICAL DR. JULIO CESAR DEMARINI CARO";"241400";"HOSPITALIZACIÓN QUIRÚRGICA GINECO - OBSTETRICIA ";"38";"37";"110";"69";"7";"196";"0"
"2023";"02";"120301";"JUNIN";"CHANCHAMAYO";"CHANCHAMAYO";"GOBIERNO REGIONAL";"II-2";"00000308";"HOSPITAL REGIONAL DOCENTE DE MEDICINA TROPICAL DR. JULIO CESAR DEMARINI CARO";"242200";"HOSPITALIZACIÓN DE MEDICINA PSIQUIATRÍA ";"3";"3";"119";"215";"8";"224";"0"
"2023";"02";"120301";"JUNIN";"CHANCHAMAYO";"CHANCHAMAYO";"GOBIERNO REGIONAL";"II-2";"00000308";"HOSPITAL REGIONAL DOCENTE DE MEDICINA TROPICAL DR. JULIO CESAR DEMARINI CARO";"250103";"UNIDAD DE CUIDADOS CRITICOS UNIDAD  DE CUIDADOS INTENSIVOS GENERALES  (UCI) MEDICINA";"13";"5";"50";"70";"6";"168";"5"
"2023";"02";"050202";"AYACUCHO";"CANGALLO";"CHUSCHI";"GOBIERNO REGIONAL";"I-1";"00003593";"PUESTO DE SALUD PUNKUPATA";"NE_0002";"";"NE_0002";"NE_0002";"NE_0002";"NE_0002";"NE_0002";"NE_0002";"NE_0002"
"2023";"02";"050202";"AYACUCHO";"CANGALLO";"CHUSCHI";"GOBIERNO REGIONAL";"I-2";"00003592";"PUESTO DE SALUD CATALINAYOC";"NE_0002";"";"NE_0002";"NE_0002";"NE_0002";"NE_0002";"NE_0002";"NE_0002";"NE_0002"
"2023";"02";"050114";"AYACUCHO";"HUAMANGA";"VINCHOS";"GOBIERNO REGIONAL";"I-3";"00003590";"CENTRO DE  SALUD PUTACCA";"NE_0002";"";"NE_0002";"NE_0002";"NE_0002";"NE_0002";"NE_0002";"NE_0002";"NE_0002"
"2023";"02";"050114";"AYACUCHO";"HUAMANGA";"VINCHOS";"GOBIERNO REGIONAL";"I-1";"00003591";"ROSASPATA";"NE_0002";"";"NE_0002";"NE_0002";"NE_0002";"NE_0002";"NE_0002";"NE_0002";"NE_0002"
"2023";"02";"060615";"CAJAMARCA";"CUTERVO";"TORIBIO CASANOVA";"GOBIERNO REGIONAL";"I-3";"00005019";"LA SACILIA";"NE_0001";"";"NE_0001";"NE_0001";"NE_0001";"NE_0001";"NE_0001";"NE_0001";"NE_0001"
"2023";"02";"060604";"CAJAMARCA";"CUTERVO";"CUJILLO";"GOBIERNO REGIONAL";"I-3";"00004974";"CUJILLO";"NE_0001";"";"NE_0001";"NE_0001";"NE_0001";"NE_0001";"NE_0001";"NE_0001";"NE_0001"
"2023";"02";"060604";"CAJAMARCA";"CUTERVO";"CUJILLO";"GOBIERNO REGIONAL";"I-1";"00006959";"CUNUAT";"NE_0001";"";"NE_0001";"NE_0001";"NE_0001";"NE_0001";"NE_0001";"NE_0001";"NE_0001"
"2023";"02";"060603";"CAJAMARCA";"CUTERVO";"CHOROS";"GOBIERNO REGIONAL";"I-1";"00007698";"SAN PEDRO DE CHOROS";"NE_0001";"";"NE_0001";"NE_0001";"NE_0001";"NE_0001";"NE_0001";"NE_0001";"NE_0001"
"2023";"02";"060603";"CAJAMARCA";"CUTERVO";"CHOROS";"GOBIERNO REGIONAL";"I-1";"00004972";"MESARRUME";"NE_0001";"";"NE_0001";"NE_0001";"NE_0001";"NE_0001";"NE_0001";"NE_0001";"NE_0001"
"2023";"02";"060603";"CAJAMARCA";"CUTERVO";"CHOROS";"GOBIERNO REGIONAL";"I-3";"00004971";"CHOROS";"NE_0001";"";"NE_0001";"NE_0001";"NE_0001";"NE_0001";"NE_0001";"NE_0001";"NE_0001"
"2023";"02";"060604";"CAJAMARCA";"CUTERVO";"CUJILLO";"GOBIERNO REGIONAL";"I-1";"00004975";"YUNCHACO";"NE_0001";"";"NE_0001";"NE_0001";"NE_0001";"NE_0001";"NE_0001";"NE_0001";"NE_0001"
"2023";"02";"060613";"CAJAMARCA";"CUTERVO";"SANTO TOMAS";"GOBIERNO REGIONAL";"I-1";"00004976";"MALLETA";"NE_0001";"";"NE_0001";"NE_0001";"NE_0001";"NE_0001";"NE_0001";"NE_0001";"NE_0001"
"2023";"02";"140101";"LAMBAYEQUE";"CHICLAYO";"CHICLAYO";"PRIVADO";"II-E";"00008730";"BM CLINICA";"240000";"HOSPITALIZACIÓN";"33";"33";"50";"33";"10";"310";"0"
"2023";"02";"140101";"LAMBAYEQUE";"CHICLAYO";"CHICLAYO";"PRIVADO";"II-E";"00008730";"BM CLINICA";"250000";"UNIDAD DE CUIDADOS CRITICOS  ";"2";"2";"14";"2";"6";"186";"1"
"2023";"03";"220304";"SAN MARTIN";"EL DORADO";"SANTA ROSA";"GOBIERNO REGIONAL";"I-1";"00006407";"SAN JUAN DE TALLIQUIHUI";"NE_0001";"";"NE_0001";"NE_0001";"NE_0001";"NE_0001";"NE_0001";"NE_0001";"NE_0001"
"2023";"03";"220304";"SAN MARTIN";"EL DORADO";"SANTA ROSA";"GOBIERNO REGIONAL";"I-1";"00006497";"SANTA ROSA";"NE_0001";"";"NE_0001";"NE_0001";"NE_0001";"NE_0001";"NE_0001";"NE_0001";"NE_0001"
"2023";"03";"081205";"CUSCO";"QUISPICANCHI";"CCATCA";"GOBIERNO REGIONAL";"I-1";"00008911";"HUARA HUARA";"NE_0001";"";"NE_0001";"NE_0001";"NE_0001";"NE_0001";"NE_0001";"NE_0001";"NE_0001"
"2023";"03";"081202";"CUSCO";"QUISPICANCHI";"ANDAHUAYLILLAS";"GOBIERNO REGIONAL";"I-2";"00002525";"ANDAHUAYLILLAS";"NE_0001";"";"NE_0001";"NE_0001";"NE_0001";"NE_0001";"NE_0001";"NE_0001";"NE_0001"
"2023";"03";"081212";"CUSCO";"QUISPICANCHI";"QUIQUIJANA";"GOBIERNO REGIONAL";"I-4";"00002538";"QUIQUIJANA";"NE_0001";"";"NE_0001";"NE_0001";"NE_0001";"NE_0001";"NE_0001";"NE_0001";"NE_0001"
"2023";"03";"081206";"CUSCO";"QUISPICANCHI";"CUSIPATA";"GOBIERNO REGIONAL";"I-1";"00006980";"CHILLIHUANI";"NE_0001";"";"NE_0001";"NE_0001";"NE_0001";"NE_0001";"NE_0001";"NE_0001";"NE_0001"
"2023";"03";"040104";"AREQUIPA";"AREQUIPA";"CERRO COLORADO";"PRIVADO";"II-1";"00027214";"CLINICA SAN PABLO AREQUIPA";"240000";"HOSPITALIZACIÓN";"230";"228";"676";"909";"60";"1860";"0"
"2023";"03";"150142";"LIMA";"LIMA";"VILLA EL SALVADOR";"PRIVADO";"II-E";"00024178";"CLINIC NOVASALUD";"240000";"HOSPITALIZACIÓN";"22";"22";"18";"22";"7";"13";"0"
"2023";"03";"021801";"ANCASH";"SANTA";"CHIMBOTE";"PRIVADO";"II-1";"00010987";"INSTITUTO MEDICO ESPECIALIZADO UROGINEC EIRL";"240000";"HOSPITALIZACIÓN";"31";"28";"34";"30";"7";"217";"0"
"2023";"03";"150141";"LIMA";"LIMA";"SURQUILLO";"PRIVADO";"II-1";"00009645";"INVERSIONES GENERALES SALOMON S.A.";"NE_0001";"";"NE_0001";"NE_0001";"NE_0001";"NE_0001";"NE_0001";"NE_0001";"NE_0001"
"2023";"03";"040119";"AREQUIPA";"AREQUIPA";"SAN JUAN DE TARUCANI";"GOBIERNO REGIONAL";"I-2";"00001319";"PUESTO DE SALUD SAN JUAN DE TARUCANI";"NE_0001";"";"NE_0001";"NE_0001";"NE_0001";"NE_0001";"NE_0001";"NE_0001";"NE_0001"
"2023";"03";"040106";"AREQUIPA";"AREQUIPA";"CHIGUATA";"GOBIERNO REGIONAL";"I-3";"00001299";"CENTRO DE SALUD CHIGUATA";"NE_0001";"";"NE_0001";"NE_0001";"NE_0001";"NE_0001";"NE_0001";"NE_0001";"NE_0001"
"2023";"03";"040119";"AREQUIPA";"AREQUIPA";"SAN JUAN DE TARUCANI";"GOBIERNO REGIONAL";"I-2";"00001321";"PUESTO DE SALUD SALINAS HUITO";"NE_0001";"";"NE_0001";"NE_0001";"NE_0001";"NE_0001";"NE_0001";"NE_0001";"NE_0001"
"2023";"03";"040106";"AREQUIPA";"AREQUIPA";"CHIGUATA";"GOBIERNO REGIONAL";"I-2";"00001320";"PUESTO DE SALUD ARENALES";"NE_0001";"";"NE_0001";"NE_0001";"NE_0001";"NE_0001";"NE_0001";"NE_0001";"NE_0001"
"2023";"03";"060101";"CAJAMARCA";"CAJAMARCA";"CAJAMARCA";"GOBIERNO REGIONAL";"I-3";"00027069";"CENTRO DE SALUD MENTAL COMUNITARIO ""ESPERANZA DE VIDA""";"NE_0001";"";"NE_0001";"NE_0001";"NE_0001";"NE_0001";"NE_0001";"NE_0001";"NE_0001"
"2023";"03";"060201";"CAJAMARCA";"CAJABAMBA";"CAJABAMBA";"GOBIERNO REGIONAL";"II-1";"00004511";"DE APOYO CAJABAMBA";"240100";"HOSPITALIZACIÓN QUIRÚRGICA CIRUGÍA GENERAL ";"17";"17";"76";"97";"5";"155";"0"
"2023";"03";"060201";"CAJAMARCA";"CAJABAMBA";"CAJABAMBA";"GOBIERNO REGIONAL";"II-1";"00004511";"DE APOYO CAJABAMBA";"241400";"HOSPITALIZACIÓN QUIRÚRGICA GINECO - OBSTETRICIA ";"128";"134";"269";"218";"14";"434";"0"
"2023";"03";"060201";"CAJAMARCA";"CAJABAMBA";"CAJABAMBA";"GOBIERNO REGIONAL";"II-1";"00004511";"DE APOYO CAJABAMBA";"241800";"HOSPITALIZACIÓN DE MEDICINA MEDICINA GENERAL ";"28";"31";"115";"100";"6";"186";"4"
"2023";"03";"060201";"CAJAMARCA";"CAJABAMBA";"CAJABAMBA";"GOBIERNO REGIONAL";"II-1";"00004511";"DE APOYO CAJABAMBA";"242500";"HOSPITALIZACIÓN-PEDIATRÍA GENERAL-";"8";"8";"18";"4";"5";"155";"0"
"2023";"03";"220503";"SAN MARTIN";"LAMAS";"BARRANQUITA";"GOBIERNO REGIONAL";"I-1";"00006435";"SANTA CLARA";"NE_0001";"";"NE_0001";"NE_0001";"NE_0001";"NE_0001";"NE_0001";"NE_0001";"NE_0001"
"2023";"03";"220503";"SAN MARTIN";"LAMAS";"BARRANQUITA";"GOBIERNO REGIONAL";"I-1";"00006433";"PUERTO PIZARRO";"NE_0001";"";"NE_0001";"NE_0001";"NE_0001";"NE_0001";"NE_0001";"NE_0001";"NE_0001"
"2023";"03";"220503";"SAN MARTIN";"LAMAS";"BARRANQUITA";"GOBIERNO REGIONAL";"I-1";"00007401";"SANANGO";"NE_0001";"";"NE_0001";"NE_0001";"NE_0001";"NE_0001";"NE_0001";"NE_0001";"NE_0001"
"2023";"03";"220503";"SAN MARTIN";"LAMAS";"BARRANQUITA";"GOBIERNO REGIONAL";"I-3";"00006432";"BARRANQUITA CAYNARACHI";"NE_0001";"";"NE_0001";"NE_0001";"NE_0001";"NE_0001";"NE_0001";"NE_0001";"NE_0001"
"2023";"03";"220503";"SAN MARTIN";"LAMAS";"BARRANQUITA";"GOBIERNO REGIONAL";"I-1";"00006434";"SANTIAGO DE BORJA";"NE_0001";"";"NE_0001";"NE_0001";"NE_0001";"NE_0001";"NE_0001";"NE_0001";"NE_0001"
"2023";"03";"220503";"SAN MARTIN";"LAMAS";"BARRANQUITA";"GOBIERNO REGIONAL";"I-1";"00006450";"SANTA ELENA";"NE_0001";"";"NE_0001";"NE_0001";"NE_0001";"NE_0001";"NE_0001";"NE_0001";"NE_0001"
"2023";"03";"220503";"SAN MARTIN";"LAMAS";"BARRANQUITA";"GOBIERNO REGIONAL";"I-1";"00006436";"EL PIÑAL";"NE_0001";"";"NE_0001";"NE_0001";"NE_0001";"NE_0001";"NE_0001";"NE_0001";"NE_0001"
"2023";"03";"081207";"CUSCO";"QUISPICANCHI";"HUARO";"GOBIERNO REGIONAL";"I-2";"00030708";"MENTAL COMUNITARIO HUARO";"NE_0001";"";"NE_0001";"NE_0001";"NE_0001";"NE_0001";"NE_0001";"NE_0001";"NE_0001"
"2023";"03";"250105";"UCAYALI";"CORONEL PORTILLO";"YARINACOCHA";"ESSALUD";"I-3";"00009598";"CENTRO DE ATENCION INTEGRAL ESSALUD ALAMEDAS";"NE_0001";"";"NE_0001";"NE_0001";"NE_0001";"NE_0001";"NE_0001";"NE_0001";"NE_0001"
"2023";"03";"150136";"LIMA";"LIMA";"SAN MIGUEL";"ESSALUD";"II-1";"00008564";"HOSPITAL I OCTAVIO MONGRUT MUÑOZ";"241900";"HOSPITALIZACIÓN DE MEDICINA MEDICINA INTERNA ";"57";"58";"437";"475";"21";"643";"2"
"2023";"03";"150136";"LIMA";"LIMA";"SAN MIGUEL";"ESSALUD";"II-1";"00008564";"HOSPITAL I OCTAVIO MONGRUT MUÑOZ";"240100";"HOSPITALIZACIÓN QUIRÚRGICA CIRUGÍA GENERAL ";"37";"32";"50";"54";"5";"151";"0"
"2023";"03";"150136";"LIMA";"LIMA";"SAN MIGUEL";"ESSALUD";"II-1";"00008564";"HOSPITAL I OCTAVIO MONGRUT MUÑOZ";"241500";"HOSPITALIZACIÓN QUIRÚRGICA GINECOLOGÍA  ";"47";"37";"96";"94";"4";"129";"0"
"2023";"03";"150136";"LIMA";"LIMA";"SAN MIGUEL";"ESSALUD";"II-1";"00008564";"HOSPITAL I OCTAVIO MONGRUT MUÑOZ";"241600";"HOSPITALIZACIÓN QUIRÚRGICA OBSTETRICIA   ";"49";"50";"97";"106";"10";"305";"0"
"2023";"03";"150136";"LIMA";"LIMA";"SAN MIGUEL";"ESSALUD";"II-1";"00008564";"HOSPITAL I OCTAVIO MONGRUT MUÑOZ";"242300";"HOSPITALIZACIÓN DE PEDIATRÍA  PEDIATRÍA  GENERAL ";"42";"35";"88";"100";"6";"109";"0"
"2023";"03";"250201";"UCAYALI";"ATALAYA";"RAIMONDI";"ESSALUD";"I-3";"00009592";"CENTRO DE SALUD  ATALAYA";"NE_0001";"";"NE_0001";"NE_0001";"NE_0001";"NE_0001";"NE_0001";"NE_0001";"NE_0001"
"2023";"03";"160108";"LORETO";"MAYNAS";"PUNCHANA";"ESSALUD";"I-3";"00011397";"CENTRO DE ATENCION PRIMARIA III PUNCHANA";"NE_0001";"";"NE_0001";"NE_0001";"NE_0001";"NE_0001";"NE_0001";"NE_0001";"NE_0001"
"2023";"03";"150140";"LIMA";"LIMA";"SANTIAGO DE SURCO";"PRIVADO";"III-1";"00009988";"CLINICA SAN PABLO SAC";"240000";"HOSPITALIZACIÓN";"633";"624";"2056";"2363";"101";"3131";"6"
"2023";"03";"150140";"LIMA";"LIMA";"SANTIAGO DE SURCO";"PRIVADO";"III-1";"00009988";"CLINICA SAN PABLO SAC";"250200";"UNIDAD DE CUIDADOS CRITICOS UNIDAD DE CUIDADOS INTERMEDIOS GENERAL  (UCIN) ";"2";"0";"0";"24";"10";"310";"0"
"2023";"01";"220909";"SAN MARTIN";"SAN MARTIN";"LA BANDA DE SHILCAYO";"GOBIERNO REGIONAL";"II-E";"00006359";"BANDA SHILCAYO";"241400";"HOSPITALIZACIÓN QUIRÚRGICA GINECO - OBSTETRICIA ";"125";"132";"253";"244";"17";"527";"0"
"2023";"01";"220909";"SAN MARTIN";"SAN MARTIN";"LA BANDA DE SHILCAYO";"GOBIERNO REGIONAL";"II-E";"00006359";"BANDA SHILCAYO";"241800";"HOSPITALIZACIÓN DE MEDICINA MEDICINA GENERAL ";"42";"48";"160";"169";"23";"713";"1"
"2023";"01";"220909";"SAN MARTIN";"SAN MARTIN";"LA BANDA DE SHILCAYO";"GOBIERNO REGIONAL";"II-E";"00006359";"BANDA SHILCAYO";"242500";"HOSPITALIZACIÓN-PEDIATRÍA GENERAL-";"20";"24";"87";"79";"7";"217";"0"
"2023";"01";"030201";"APURIMAC";"ANDAHUAYLAS";"ANDAHUAYLAS";"ESSALUD";"II-1";"00011214";"HOSPITAL I SANTA MARGARITA";"241800";"HOSPITALIZACIÓN DE MEDICINA MEDICINA GENERAL ";"18";"17";"66";"65";"6";"176";"0"
"2023";"01";"030201";"APURIMAC";"ANDAHUAYLAS";"ANDAHUAYLAS";"ESSALUD";"II-1";"00011214";"HOSPITAL I SANTA MARGARITA";"240100";"HOSPITALIZACIÓN QUIRÚRGICA CIRUGÍA GENERAL ";"29";"26";"130";"128";"4";"128";"0"
"2023";"01";"030201";"APURIMAC";"ANDAHUAYLAS";"ANDAHUAYLAS";"ESSALUD";"II-1";"00011214";"HOSPITAL I SANTA MARGARITA";"241400";"HOSPITALIZACIÓN QUIRÚRGICA GINECO - OBSTETRICIA ";"12";"7";"23";"23";"1";"31";"0"
"2023";"01";"030201";"APURIMAC";"ANDAHUAYLAS";"ANDAHUAYLAS";"ESSALUD";"II-1";"00011214";"HOSPITAL I SANTA MARGARITA";"241600";"HOSPITALIZACIÓN QUIRÚRGICA OBSTETRICIA   ";"40";"43";"99";"99";"3";"99";"0"
"2023";"01";"030201";"APURIMAC";"ANDAHUAYLAS";"ANDAHUAYLAS";"ESSALUD";"II-1";"00011214";"HOSPITAL I SANTA MARGARITA";"242300";"HOSPITALIZACIÓN DE PEDIATRÍA  PEDIATRÍA  GENERAL ";"3";"2";"15";"15";"2";"62";"0"
"2023";"01";"060101";"CAJAMARCA";"CAJAMARCA";"CAJAMARCA";"PRIVADO";"II-1";"00012761";"CLINICA SAN LORENZO S.R.L.";"240100";"HOSPITALIZACIÓN QUIRÚRGICA CIRUGÍA GENERAL ";"10";"10";"13";"23";"16";"496";"0"
"2023";"01";"060101";"CAJAMARCA";"CAJAMARCA";"CAJAMARCA";"PRIVADO";"II-1";"00012761";"CLINICA SAN LORENZO S.R.L.";"240300";"HOSPITALIZACIÓN QUIRÚRGICA CIRUGÍA DIGESTIVA ";"9";"9";"14";"23";"16";"496";"0"
"2023";"01";"060101";"CAJAMARCA";"CAJAMARCA";"CAJAMARCA";"PRIVADO";"II-1";"00012761";"CLINICA SAN LORENZO S.R.L.";"240801";"HOSPITALIZACIÓN QUIRÚRGICA CIRUGÍA PLÁSTICA/RECONSTRUCTIVA/ REPARADORA QUEMADOS";"3";"3";"4";"7";"16";"496";"0"
"2023";"01";"060101";"CAJAMARCA";"CAJAMARCA";"CAJAMARCA";"PRIVADO";"II-1";"00012761";"CLINICA SAN LORENZO S.R.L.";"241000";"HOSPITALIZACIÓN QUIRÚRGICA ONCOLOGÍA QUIRÚRGICA  ";"5";"5";"11";"16";"16";"496";"0"
"2023";"01";"060101";"CAJAMARCA";"CAJAMARCA";"CAJAMARCA";"PRIVADO";"II-1";"00012761";"CLINICA SAN LORENZO S.R.L.";"241100";"HOSPITALIZACIÓN QUIRÚRGICA OTORRINOLARINGOLOGÍA  ";"1";"1";"1";"2";"16";"496";"0"
"2023";"01";"060101";"CAJAMARCA";"CAJAMARCA";"CAJAMARCA";"PRIVADO";"II-1";"00012761";"CLINICA SAN LORENZO S.R.L.";"241200";"HOSPITALIZACIÓN QUIRÚRGICA TRAUMATOLOGÍA Y ORTOPEDIA ";"23";"23";"40";"63";"16";"496";"0"
"2023";"01";"060101";"CAJAMARCA";"CAJAMARCA";"CAJAMARCA";"PRIVADO";"II-1";"00012761";"CLINICA SAN LORENZO S.R.L.";"241300";"HOSPITALIZACIÓN QUIRÚRGICA UROLOGÍA  ";"11";"11";"31";"42";"16";"496";"0"
"2023";"01";"060101";"CAJAMARCA";"CAJAMARCA";"CAJAMARCA";"PRIVADO";"II-1";"00012761";"CLINICA SAN LORENZO S.R.L.";"241500";"HOSPITALIZACIÓN QUIRÚRGICA GINECOLOGÍA  ";"13";"13";"18";"31";"16";"496";"0"
"2023";"01";"060101";"CAJAMARCA";"CAJAMARCA";"CAJAMARCA";"PRIVADO";"II-1";"00012761";"CLINICA SAN LORENZO S.R.L.";"241800";"HOSPITALIZACIÓN DE MEDICINA MEDICINA GENERAL ";"1";"1";"1";"2";"16";"496";"0"
"2023";"01";"060101";"CAJAMARCA";"CAJAMARCA";"CAJAMARCA";"PRIVADO";"II-1";"00012761";"CLINICA SAN LORENZO S.R.L.";"241900";"HOSPITALIZACIÓN DE MEDICINA MEDICINA INTERNA ";"2";"2";"10";"12";"16";"496";"0"
"2023";"01";"060101";"CAJAMARCA";"CAJAMARCA";"CAJAMARCA";"PRIVADO";"II-1";"00012761";"CLINICA SAN LORENZO S.R.L.";"242100";"HOSPITALIZACIÓN DE MEDICINA ONCOLOGÍA MÉDICA ";"1";"1";"1";"2";"16";"496";"0"
"2023";"01";"060101";"CAJAMARCA";"CAJAMARCA";"CAJAMARCA";"PRIVADO";"II-1";"00012761";"CLINICA SAN LORENZO S.R.L.";"244300";"HOSPITALIZACIÓN DE MEDICINA GASTROENTEROLOGÍA  ";"1";"1";"1";"2";"16";"496";"0"
"2023";"01";"130105";"LA LIBERTAD";"TRUJILLO";"LA ESPERANZA";"ESSALUD";"III-E";"00020925";"HOSPITAL DE ALTA COMPLEJIDAD DE LA LIBERTAD VIRGEN DE LA PUERTA";"241900";"HOSPITALIZACIÓN DE MEDICINA MEDICINA INTERNA ";"297";"330";"3473";"3459";"131";"4061";"30"
"2023";"01";"130105";"LA LIBERTAD";"TRUJILLO";"LA ESPERANZA";"ESSALUD";"III-E";"00020925";"HOSPITAL DE ALTA COMPLEJIDAD DE LA LIBERTAD VIRGEN DE LA PUERTA";"250100";"UNIDAD DE CUIDADOS CRITICOS UNIDAD  DE CUIDADOS INTENSIVOS GENERALES (UCI) ";"30";"12";"218";"407";"14";"434";"4"
"2023";"01";"130105";"LA LIBERTAD";"TRUJILLO";"LA ESPERANZA";"ESSALUD";"III-E";"00020925";"HOSPITAL DE ALTA COMPLEJIDAD DE LA LIBERTAD VIRGEN DE LA PUERTA";"250200";"UNIDAD DE CUIDADOS CRITICOS UNIDAD DE CUIDADOS INTERMEDIOS GENERAL  (UCIN) ";"68";"54";"426";"683";"24";"744";"8"
"2023";"01";"130105";"LA LIBERTAD";"TRUJILLO";"LA ESPERANZA";"ESSALUD";"III-E";"00020925";"HOSPITAL DE ALTA COMPLEJIDAD DE LA LIBERTAD VIRGEN DE LA PUERTA";"240100";"HOSPITALIZACIÓN QUIRÚRGICA CIRUGÍA GENERAL ";"216";"211";"1129";"882";"34";"1054";"0"
"2023";"01";"130105";"LA LIBERTAD";"TRUJILLO";"LA ESPERANZA";"ESSALUD";"III-E";"00020925";"HOSPITAL DE ALTA COMPLEJIDAD DE LA LIBERTAD VIRGEN DE LA PUERTA";"241500";"HOSPITALIZACIÓN QUIRÚRGICA GINECOLOGÍA  ";"120";"120";"351";"373";"14";"434";"0"
"2023";"01";"130105";"LA LIBERTAD";"TRUJILLO";"LA ESPERANZA";"ESSALUD";"III-E";"00020925";"HOSPITAL DE ALTA COMPLEJIDAD DE LA LIBERTAD VIRGEN DE LA PUERTA";"242300";"HOSPITALIZACIÓN DE PEDIATRÍA  PEDIATRÍA  GENERAL ";"31";"33";"279";"308";"14";"434";"2"
"2023";"01";"230101";"TACNA";"TACNA";"TACNA";"GOBIERNO REGIONAL";"II-2";"00002864";"HOSPITAL HIPOLITO UNANUE DE TACNA";"240100";"HOSPITALIZACIÓN QUIRÚRGICA CIRUGÍA GENERAL ";"166";"155";"1334";"1243";"55";"1705";"5"
"2023";"01";"230101";"TACNA";"TACNA";"TACNA";"GOBIERNO REGIONAL";"II-2";"00002864";"HOSPITAL HIPOLITO UNANUE DE TACNA";"241500";"HOSPITALIZACIÓN QUIRÚRGICA GINECOLOGÍA  ";"86";"80";"193";"236";"8";"248";"0"
"2023";"01";"230101";"TACNA";"TACNA";"TACNA";"GOBIERNO REGIONAL";"II-2";"00002864";"HOSPITAL HIPOLITO UNANUE DE TACNA";"241900";"HOSPITALIZACIÓN DE MEDICINA MEDICINA INTERNA ";"157";"142";"1044";"1212";"40";"1240";"31"
"2023";"01";"230101";"TACNA";"TACNA";"TACNA";"GOBIERNO REGIONAL";"II-2";"00002864";"HOSPITAL HIPOLITO UNANUE DE TACNA";"243200";"HOSPITALIZACIÓN DE PEDIATRÍA PEDIATRIA NEONATOLOGÍA";"85";"74";"381";"426";"15";"465";"1"
"2023";"01";"230101";"TACNA";"TACNA";"TACNA";"GOBIERNO REGIONAL";"II-2";"00002864";"HOSPITAL HIPOLITO UNANUE DE TACNA";"245300";"HOSPITALIZACIÓN DE MEDICINA NEUMOLOGÍA  ";"14";"16";"149";"157";"17";"527";"4"
"2023";"01";"230101";"TACNA";"TACNA";"TACNA";"GOBIERNO REGIONAL";"II-2";"00002864";"HOSPITAL HIPOLITO UNANUE DE TACNA";"241400";"HOSPITALIZACIÓN QUIRÚRGICA GINECO - OBSTETRICIA ";"281";"262";"602";"713";"50";"1550";"0"
"2023";"01";"230101";"TACNA";"TACNA";"TACNA";"GOBIERNO REGIONAL";"II-2";"00002864";"HOSPITAL HIPOLITO UNANUE DE TACNA";"242300";"HOSPITALIZACIÓN DE PEDIATRÍA  PEDIATRÍA  GENERAL ";"35";"32";"161";"172";"15";"465";"0"
"2023";"01";"230101";"TACNA";"TACNA";"TACNA";"GOBIERNO REGIONAL";"II-2";"00002864";"HOSPITAL HIPOLITO UNANUE DE TACNA";"242200";"HOSPITALIZACIÓN DE MEDICINA PSIQUIATRÍA ";"13";"11";"267";"323";"17";"527";"0"
"2023";"01";"230101";"TACNA";"TACNA";"TACNA";"GOBIERNO REGIONAL";"II-2";"00002864";"HOSPITAL HIPOLITO UNANUE DE TACNA";"240700";"HOSPITALIZACIÓN QUIRÚRGICA CIRUGÍA PEDIÁTRICA ";"36";"37";"193";"236";"8";"248";"1"
"2023";"01";"230101";"TACNA";"TACNA";"TACNA";"GOBIERNO REGIONAL";"II-2";"00002864";"HOSPITAL HIPOLITO UNANUE DE TACNA";"250400";"UNIDAD DE CUIDADOS CRITICOS UNIDAD DE QUEMADOS (GRAN QUEMADO) ";"10";"4";"69";"117";"4";"124";"0"
"2023";"01";"230101";"TACNA";"TACNA";"TACNA";"GOBIERNO REGIONAL";"II-2";"00002864";"HOSPITAL HIPOLITO UNANUE DE TACNA";"250100";"UNIDAD DE CUIDADOS CRITICOS UNIDAD  DE CUIDADOS INTENSIVOS GENERALES (UCI) ";"5";"4";"11";"108";"6";"186";"4"
"2023";"01";"230101";"TACNA";"TACNA";"TACNA";"GOBIERNO REGIONAL";"II-2";"00002864";"HOSPITAL HIPOLITO UNANUE DE TACNA";"242000";"HOSPITALIZACIÓN DE MEDICINA MEDICINA TROPICAL E INFECCIOSAS ";"4";"5";"49";"86";"34";"1054";"2"
"2023";"01";"080602";"CUSCO";"CANCHIS";"CHECACUPE";"GOBIERNO REGIONAL";"I-2";"00002385";"CHECACUPE";"NE_0001";"";"NE_0001";"NE_0001";"NE_0001";"NE_0001";"NE_0001";"NE_0001";"NE_0001"
"2023";"01";"080608";"CUSCO";"CANCHIS";"TINTA";"GOBIERNO REGIONAL";"I-3";"00002397";"TINTA";"NE_0001";"";"NE_0001";"NE_0001";"NE_0001";"NE_0001";"NE_0001";"NE_0001";"NE_0001"
"2023";"01";"080204";"CUSCO";"ACOMAYO";"MOSOC LLACTA";"GOBIERNO REGIONAL";"I-2";"00002320";"MOSOCLLACTA";"NE_0001";"";"NE_0001";"NE_0001";"NE_0001";"NE_0001";"NE_0001";"NE_0001";"NE_0001"
"2023";"01";"080605";"CUSCO";"CANCHIS";"PITUMARCA";"GOBIERNO REGIONAL";"I-3";"00002392";"PITUMARCA";"NE_0001";"";"NE_0001";"NE_0001";"NE_0001";"NE_0001";"NE_0001";"NE_0001";"NE_0001"
"2023";"01";"080603";"CUSCO";"CANCHIS";"COMBAPATA";"GOBIERNO REGIONAL";"I-4";"00002386";"COMBAPATA CANCHIS";"NE_0001";"";"NE_0001";"NE_0001";"NE_0001";"NE_0001";"NE_0001";"NE_0001";"NE_0001"
"2023";"01";"080603";"CUSCO";"CANCHIS";"COMBAPATA";"GOBIERNO REGIONAL";"I-2";"00002387";"CHIARA";"NE_0001";"";"NE_0001";"NE_0001";"NE_0001";"NE_0001";"NE_0001";"NE_0001";"NE_0001"
"2023";"01";"050101";"AYACUCHO";"HUAMANGA";"AYACUCHO";"GOBIERNO REGIONAL";"I-3";"00006898";"CENTRO DE  SALUD MOLLEPATA";"NE_0001";"";"NE_0001";"NE_0001";"NE_0001";"NE_0001";"NE_0001";"NE_0001";"NE_0001"
"2023";"01";"050101";"AYACUCHO";"HUAMANGA";"AYACUCHO";"GOBIERNO REGIONAL";"I-4";"00003576";"CENTRO DE SALUD LOS LICENCIADOS";"241600";"HOSPITALIZACIÓN QUIRÚRGICA OBSTETRICIA   ";"25";"25";"26";"3";"7";"10";"0"
"2023";"01";"050115";"AYACUCHO";"HUAMANGA";"JESUS NAZARENO";"GOBIERNO REGIONAL";"I-2";"00011365";"PUESTO DE SALUD VILLA SAN CRISTOBAL";"NE_0001";"";"NE_0001";"NE_0001";"NE_0001";"NE_0001";"NE_0001";"NE_0001";"NE_0001"
"2023";"02";"210102";"PUNO";"PUNO";"ACORA";"ESSALUD";"I-3";"00009220";"CENTRO DE ATENCIÓN PRIMARIA II ACORA - RED ASISTENCIAL PUNO";"NE_0001";"";"NE_0001";"NE_0001";"NE_0001";"NE_0001";"NE_0001";"NE_0001";"NE_0001"
"2023";"02";"250102";"UCAYALI";"CORONEL PORTILLO";"CAMPOVERDE";"ESSALUD";"I-2";"00009604";"POSTA MEDICA CAMPO VERDE";"NE_0001";"";"NE_0001";"NE_0001";"NE_0001";"NE_0001";"NE_0001";"NE_0001";"NE_0001"
"2023";"02";"021901";"ANCASH";"SIHUAS";"SIHUAS";"GOBIERNO REGIONAL";"II-1";"00001795";"HOSPITAL DE APOYO SIHUAS";"241800";"HOSPITALIZACIÓN DE MEDICINA MEDICINA GENERAL ";"16";"16";"34";"32";"11";"308";"0"
"2023";"02";"021901";"ANCASH";"SIHUAS";"SIHUAS";"GOBIERNO REGIONAL";"II-1";"00001795";"HOSPITAL DE APOYO SIHUAS";"240100";"HOSPITALIZACIÓN QUIRÚRGICA CIRUGÍA GENERAL ";"7";"7";"18";"24";"4";"112";"0"
"2023";"02";"021901";"ANCASH";"SIHUAS";"SIHUAS";"GOBIERNO REGIONAL";"II-1";"00001795";"HOSPITAL DE APOYO SIHUAS";"241500";"HOSPITALIZACIÓN QUIRÚRGICA GINECOLOGÍA  ";"12";"12";"19";"20";"4";"112";"0"
"2023";"02";"021901";"ANCASH";"SIHUAS";"SIHUAS";"GOBIERNO REGIONAL";"II-1";"00001795";"HOSPITAL DE APOYO SIHUAS";"241600";"HOSPITALIZACIÓN QUIRÚRGICA OBSTETRICIA   ";"17";"16";"32";"47";"4";"112";"0"
"2023";"02";"080708";"CUSCO";"CHUMBIVILCAS";"VELILLE";"GOBIERNO REGIONAL";"I-1";"00027011";"AYACCASI";"NE_0001";"";"NE_0001";"NE_0001";"NE_0001";"NE_0001";"NE_0001";"NE_0001";"NE_0001"
"2023";"02";"080708";"CUSCO";"CHUMBIVILCAS";"VELILLE";"GOBIERNO REGIONAL";"I-3";"00002409";"VELILLE";"NE_0001";"";"NE_0001";"NE_0001";"NE_0001";"NE_0001";"NE_0001";"NE_0001";"NE_0001"
"2023";"02";"080701";"CUSCO";"CHUMBIVILCAS";"SANTO TOMAS";"GOBIERNO REGIONAL";"I-1";"00030940";"ARCANGEL SAN MIGUEL DE ESQUINA CONGUNYA";"NE_0001";"";"NE_0001";"NE_0001";"NE_0001";"NE_0001";"NE_0001";"NE_0001";"NE_0001"
"2023";"02";"080708";"CUSCO";"CHUMBIVILCAS";"VELILLE";"GOBIERNO REGIONAL";"I-1";"00025371";"TUNTUMA";"NE_0001";"";"NE_0001";"NE_0001";"NE_0001";"NE_0001";"NE_0001";"NE_0001";"NE_0001"
"2023";"02";"080701";"CUSCO";"CHUMBIVILCAS";"SANTO TOMAS";"GOBIERNO REGIONAL";"I-2";"00002399";"PULPERA";"NE_0001";"";"NE_0001";"NE_0001";"NE_0001";"NE_0001";"NE_0001";"NE_0001";"NE_0001"
"2023";"02";"080708";"CUSCO";"CHUMBIVILCAS";"VELILLE";"GOBIERNO REGIONAL";"I-1";"00008912";"ALCCA VICTORIA";"NE_0001";"";"NE_0001";"NE_0001";"NE_0001";"NE_0001";"NE_0001";"NE_0001";"NE_0001"
"2023";"02";"080708";"CUSCO";"CHUMBIVILCAS";"VELILLE";"GOBIERNO REGIONAL";"I-1";"00027016";"HUAYCUÑUTA - URCURUTA";"NE_0001";"";"NE_0001";"NE_0001";"NE_0001";"NE_0001";"NE_0001";"NE_0001";"NE_0001"
"2023";"02";"110101";"ICA";"ICA";"ICA";"ESSALUD";"II-2";"00016374";"HOSPITAL IV AUGUSTO HERNANDEZ MENDOZA";"241900";"HOSPITALIZACIÓN DE MEDICINA MEDICINA INTERNA ";"42";"57";"532";"539";"19";"532";"11"
"2023";"02";"110101";"ICA";"ICA";"ICA";"ESSALUD";"II-2";"00016374";"HOSPITAL IV AUGUSTO HERNANDEZ MENDOZA";"244600";"HOSPITALIZACIÓN DE MEDICINA NEFROLOGIA ";"9";"6";"80";"84";"3";"84";"0"
"2023";"02";"110101";"ICA";"ICA";"ICA";"ESSALUD";"II-2";"00016374";"HOSPITAL IV AUGUSTO HERNANDEZ MENDOZA";"244200";"HOSPITALIZACIÓN DE MEDICINA ENDOCRINOLOGIA ";"6";"4";"56";"56";"2";"56";"0"
"2023";"02";"110101";"ICA";"ICA";"ICA";"ESSALUD";"II-2";"00016374";"HOSPITAL IV AUGUSTO HERNANDEZ MENDOZA";"245300";"HOSPITALIZACIÓN DE MEDICINA NEUMOLOGÍA  ";"6";"1";"25";"28";"1";"28";"0"
"2023";"02";"110101";"ICA";"ICA";"ICA";"ESSALUD";"II-2";"00016374";"HOSPITAL IV AUGUSTO HERNANDEZ MENDOZA";"244700";"HOSPITALIZACIÓN DE MEDICINA NEUROLOGIA  ";"5";"1";"25";"28";"1";"28";"0"
"2023";"02";"110101";"ICA";"ICA";"ICA";"ESSALUD";"II-2";"00016374";"HOSPITAL IV AUGUSTO HERNANDEZ MENDOZA";"242100";"HOSPITALIZACIÓN DE MEDICINA ONCOLOGÍA MÉDICA ";"9";"11";"28";"28";"1";"28";"0"
"2023";"02";"110101";"ICA";"ICA";"ICA";"ESSALUD";"II-2";"00016374";"HOSPITAL IV AUGUSTO HERNANDEZ MENDOZA";"244000";"HOSPITALIZACIÓN DE MEDICINA CARDIOLOGIA ";"4";"4";"23";"28";"1";"28";"0"
"2023";"02";"110101";"ICA";"ICA";"ICA";"ESSALUD";"II-2";"00016374";"HOSPITAL IV AUGUSTO HERNANDEZ MENDOZA";"245500";"HOSPITALIZACIÓN DE MEDICINA REUMATOLOGÍA    ";"1";"4";"61";"28";"1";"28";"0"
"2023";"02";"110101";"ICA";"ICA";"ICA";"ESSALUD";"II-2";"00016374";"HOSPITAL IV AUGUSTO HERNANDEZ MENDOZA";"240100";"HOSPITALIZACIÓN QUIRÚRGICA CIRUGÍA GENERAL ";"122";"105";"437";"445";"20";"560";"1"
"2023";"02";"110101";"ICA";"ICA";"ICA";"ESSALUD";"II-2";"00016374";"HOSPITAL IV AUGUSTO HERNANDEZ MENDOZA";"241200";"HOSPITALIZACIÓN QUIRÚRGICA TRAUMATOLOGÍA Y ORTOPEDIA ";"40";"83";"504";"504";"18";"504";"1"
"2023";"02";"110101";"ICA";"ICA";"ICA";"ESSALUD";"II-2";"00016374";"HOSPITAL IV AUGUSTO HERNANDEZ MENDOZA";"241300";"HOSPITALIZACIÓN QUIRÚRGICA UROLOGÍA  ";"31";"27";"96";"90";"6";"168";"0"
"2023";"02";"110101";"ICA";"ICA";"ICA";"ESSALUD";"II-2";"00016374";"HOSPITAL IV AUGUSTO HERNANDEZ MENDOZA";"240900";"HOSPITALIZACIÓN QUIRÚRGICA NEUROCIRUGÍA ";"3";"10";"142";"56";"2";"56";"0"
"2023";"02";"110101";"ICA";"ICA";"ICA";"ESSALUD";"II-2";"00016374";"HOSPITAL IV AUGUSTO HERNANDEZ MENDOZA";"240801";"HOSPITALIZACIÓN QUIRÚRGICA CIRUGÍA PLÁSTICA/RECONSTRUCTIVA/ REPARADORA QUEMADOS";"13";"13";"21";"22";"1";"28";"0"
"2023";"02";"110101";"ICA";"ICA";"ICA";"ESSALUD";"II-2";"00016374";"HOSPITAL IV AUGUSTO HERNANDEZ MENDOZA";"241100";"HOSPITALIZACIÓN QUIRÚRGICA OTORRINOLARINGOLOGÍA  ";"9";"8";"17";"19";"1";"28";"0"
"2023";"02";"110101";"ICA";"ICA";"ICA";"ESSALUD";"II-2";"00016374";"HOSPITAL IV AUGUSTO HERNANDEZ MENDOZA";"241500";"HOSPITALIZACIÓN QUIRÚRGICA GINECOLOGÍA  ";"36";"41";"152";"150";"6";"168";"0"
"2023";"02";"110101";"ICA";"ICA";"ICA";"ESSALUD";"II-2";"00016374";"HOSPITAL IV AUGUSTO HERNANDEZ MENDOZA";"241600";"HOSPITALIZACIÓN QUIRÚRGICA OBSTETRICIA   ";"126";"116";"376";"379";"22";"616";"0"
"2023";"02";"110101";"ICA";"ICA";"ICA";"ESSALUD";"II-2";"00016374";"HOSPITAL IV AUGUSTO HERNANDEZ MENDOZA";"242300";"HOSPITALIZACIÓN DE PEDIATRÍA  PEDIATRÍA  GENERAL ";"43";"26";"236";"196";"7";"196";"1"
"2023";"02";"110101";"ICA";"ICA";"ICA";"ESSALUD";"II-2";"00016374";"HOSPITAL IV AUGUSTO HERNANDEZ MENDOZA";"250100";"UNIDAD DE CUIDADOS CRITICOS UNIDAD  DE CUIDADOS INTENSIVOS GENERALES (UCI) ";"17";"12";"193";"208";"19";"532";"11"
"2023";"02";"110101";"ICA";"ICA";"ICA";"ESSALUD";"II-2";"00016374";"HOSPITAL IV AUGUSTO HERNANDEZ MENDOZA";"250200";"UNIDAD DE CUIDADOS CRITICOS UNIDAD DE CUIDADOS INTERMEDIOS GENERAL  (UCIN) ";"17";"20";"170";"182";"8";"224";"0"
"2023";"02";"160101";"LORETO";"MAYNAS";"IQUITOS";"MINSA";"II-2";"00000001";"HOSPITAL IQUITOS ""CESAR GARAYAR GARCÍA""";"241800";"HOSPITALIZACIÓN DE MEDICINA MEDICINA GENERAL ";"67";"67";"259";"243";"17";"476";"3"
"2023";"02";"160101";"LORETO";"MAYNAS";"IQUITOS";"MINSA";"II-2";"00000001";"HOSPITAL IQUITOS ""CESAR GARAYAR GARCÍA""";"240100";"HOSPITALIZACIÓN QUIRÚRGICA CIRUGÍA GENERAL ";"113";"113";"497";"480";"21";"588";"0"
"2023";"02";"160101";"LORETO";"MAYNAS";"IQUITOS";"MINSA";"II-2";"00000001";"HOSPITAL IQUITOS ""CESAR GARAYAR GARCÍA""";"242300";"HOSPITALIZACIÓN DE PEDIATRÍA  PEDIATRÍA  GENERAL ";"44";"44";"210";"207";"12";"336";"2"
"2023";"02";"160101";"LORETO";"MAYNAS";"IQUITOS";"MINSA";"II-2";"00000001";"HOSPITAL IQUITOS ""CESAR GARAYAR GARCÍA""";"241500";"HOSPITALIZACIÓN QUIRÚRGICA GINECOLOGÍA  ";"94";"94";"150";"101";"5";"140";"0"
"2023";"02";"160101";"LORETO";"MAYNAS";"IQUITOS";"MINSA";"II-2";"00000001";"HOSPITAL IQUITOS ""CESAR GARAYAR GARCÍA""";"241600";"HOSPITALIZACIÓN QUIRÚRGICA OBSTETRICIA   ";"270";"270";"656";"409";"26";"728";"0"
"2023";"02";"160101";"LORETO";"MAYNAS";"IQUITOS";"MINSA";"II-2";"00000001";"HOSPITAL IQUITOS ""CESAR GARAYAR GARCÍA""";"243200";"HOSPITALIZACIÓN DE PEDIATRÍA PEDIATRIA NEONATOLOGÍA";"54";"54";"331";"370";"18";"504";"2"
"2023";"02";"220101";"SAN MARTIN";"MOYOBAMBA";"MOYOBAMBA";"GOBIERNO REGIONAL";"I-1";"00006323";"MORROYACU";"NE_0001";"";"NE_0001";"NE_0001";"NE_0001";"NE_0001";"NE_0001";"NE_0001";"NE_0001"
"2023";"02";"220101";"SAN MARTIN";"MOYOBAMBA";"MOYOBAMBA";"GOBIERNO REGIONAL";"I-3";"00006322";"PUEBLO LIBRE";"241400";"HOSPITALIZACIÓN QUIRÚRGICA GINECO - OBSTETRICIA ";"6";"6";"6";"6";"6";"7";"0"
"2023";"02";"220101";"SAN MARTIN";"MOYOBAMBA";"MOYOBAMBA";"GOBIERNO REGIONAL";"I-1";"00006324";"SHIMPIYACU";"NE_0001";"";"NE_0001";"NE_0001";"NE_0001";"NE_0001";"NE_0001";"NE_0001";"NE_0001"
"2023";"02";"220101";"SAN MARTIN";"MOYOBAMBA";"MOYOBAMBA";"GOBIERNO REGIONAL";"I-1";"00006325";"NUEVA HUANCABAMBA";"NE_0001";"";"NE_0001";"NE_0001";"NE_0001";"NE_0001";"NE_0001";"NE_0001";"NE_0001"
"2023";"02";"220909";"SAN MARTIN";"SAN MARTIN";"LA BANDA DE SHILCAYO";"PRIVADO";"II-E";"00015835";"CLINICA OFTALMOLOGICA DE LA SELVA";"NE_0001";"";"NE_0001";"NE_0001";"NE_0001";"NE_0001";"NE_0001";"NE_0001";"NE_0001"
"2023";"02";"190104";"PASCO";"PASCO";"HUAYLLAY";"ESSALUD";"I-3";"00009751";"CENTRO MEDICO  HUAYLLAY";"NE_0001";"";"NE_0001";"NE_0001";"NE_0001";"NE_0001";"NE_0001";"NE_0001";"NE_0001"
"2023";"02";"150601";"LIMA";"HUARAL";"HUARAL";"ESSALUD";"I-4";"00010333";"CENTRO DE ATENCION PRIMARIA III HUARAL";"NE_0001";"";"NE_0001";"NE_0001";"NE_0001";"NE_0001";"NE_0001";"NE_0001";"NE_0001"
"2023";"03";"090201";"HUANCAVELICA";"ACOBAMBA";"ACOBAMBA";"GOBIERNO REGIONAL";"II-1";"00003917";"HOSPITAL PROVINCIAL DE ACOBAMBA";"242500";"HOSPITALIZACIÓN-PEDIATRÍA GENERAL-";"8";"8";"20";"28";"4";"124";"1"
"2023";"03";"090201";"HUANCAVELICA";"ACOBAMBA";"ACOBAMBA";"GOBIERNO REGIONAL";"II-1";"00003917";"HOSPITAL PROVINCIAL DE ACOBAMBA";"241800";"HOSPITALIZACIÓN DE MEDICINA MEDICINA GENERAL ";"12";"12";"47";"59";"6";"186";"2"
"2023";"03";"150101";"LIMA";"LIMA";"LIMA";"ESSALUD";"II-1";"00009188";"HOSPITAL II RAMON CASTILLA";"241800";"HOSPITALIZACIÓN DE MEDICINA MEDICINA GENERAL ";"49";"48";"265";"284";"10";"310";"1"
"2023";"03";"150101";"LIMA";"LIMA";"LIMA";"ESSALUD";"II-1";"00009188";"HOSPITAL II RAMON CASTILLA";"250103";"UNIDAD DE CUIDADOS CRITICOS UNIDAD  DE CUIDADOS INTENSIVOS GENERALES  (UCI) MEDICINA";"9";"10";"70";"146";"6";"186";"2"
"2023";"03";"150101";"LIMA";"LIMA";"LIMA";"ESSALUD";"II-1";"00009188";"HOSPITAL II RAMON CASTILLA";"240100";"HOSPITALIZACIÓN QUIRÚRGICA CIRUGÍA GENERAL ";"149";"148";"448";"457";"18";"558";"0"
"2023";"03";"150101";"LIMA";"LIMA";"LIMA";"ESSALUD";"II-1";"00009188";"HOSPITAL II RAMON CASTILLA";"241400";"HOSPITALIZACIÓN QUIRÚRGICA GINECO - OBSTETRICIA ";"26";"24";"74";"76";"3";"93";"0"
"2023";"01";"060101";"CAJAMARCA";"CAJAMARCA";"CAJAMARCA";"ESSALUD";"II-2";"00010272";"HOSPITAL II CAJAMARCA";"241800";"HOSPITALIZACIÓN DE MEDICINA MEDICINA GENERAL ";"41";"44";"494";"502";"17";"527";"4"
"2023";"01";"060101";"CAJAMARCA";"CAJAMARCA";"CAJAMARCA";"ESSALUD";"II-2";"00010272";"HOSPITAL II CAJAMARCA";"240100";"HOSPITALIZACIÓN QUIRÚRGICA CIRUGÍA GENERAL ";"157";"151";"496";"498";"17";"527";"0"
"2023";"01";"060101";"CAJAMARCA";"CAJAMARCA";"CAJAMARCA";"ESSALUD";"II-2";"00010272";"HOSPITAL II CAJAMARCA";"241500";"HOSPITALIZACIÓN QUIRÚRGICA GINECOLOGÍA  ";"38";"37";"77";"82";"3";"93";"0"
"2023";"01";"060101";"CAJAMARCA";"CAJAMARCA";"CAJAMARCA";"ESSALUD";"II-2";"00010272";"HOSPITAL II CAJAMARCA";"241600";"HOSPITALIZACIÓN QUIRÚRGICA OBSTETRICIA   ";"166";"163";"363";"354";"16";"496";"0"
"2023";"01";"060101";"CAJAMARCA";"CAJAMARCA";"CAJAMARCA";"ESSALUD";"II-2";"00010272";"HOSPITAL II CAJAMARCA";"242300";"HOSPITALIZACIÓN DE PEDIATRÍA  PEDIATRÍA  GENERAL ";"27";"25";"60";"65";"5";"155";"0"
"2023";"01";"060101";"CAJAMARCA";"CAJAMARCA";"CAJAMARCA";"ESSALUD";"II-2";"00010272";"HOSPITAL II CAJAMARCA";"243200";"HOSPITALIZACIÓN DE PEDIATRÍA PEDIATRIA NEONATOLOGÍA";"27";"30";"92";"81";"6";"186";"0"
"2023";"01";"060101";"CAJAMARCA";"CAJAMARCA";"CAJAMARCA";"ESSALUD";"II-2";"00010272";"HOSPITAL II CAJAMARCA";"250100";"UNIDAD DE CUIDADOS CRITICOS UNIDAD  DE CUIDADOS INTENSIVOS GENERALES (UCI) ";"1";"1";"60";"167";"6";"186";"0"
"2023";"02";"220909";"SAN MARTIN";"SAN MARTIN";"LA BANDA DE SHILCAYO";"GOBIERNO REGIONAL";"II-E";"00006359";"BANDA SHILCAYO";"241400";"HOSPITALIZACIÓN QUIRÚRGICA GINECO - OBSTETRICIA ";"110";"115";"211";"201";"17";"476";"0"
"2023";"02";"220909";"SAN MARTIN";"SAN MARTIN";"LA BANDA DE SHILCAYO";"GOBIERNO REGIONAL";"II-E";"00006359";"BANDA SHILCAYO";"241800";"HOSPITALIZACIÓN DE MEDICINA MEDICINA GENERAL ";"41";"49";"168";"164";"23";"644";"0"
"2023";"02";"220909";"SAN MARTIN";"SAN MARTIN";"LA BANDA DE SHILCAYO";"GOBIERNO REGIONAL";"II-E";"00006359";"BANDA SHILCAYO";"242500";"HOSPITALIZACIÓN-PEDIATRÍA GENERAL-";"14";"15";"41";"48";"7";"196";"0"
"2023";"02";"060701";"CAJAMARCA";"HUALGAYOC";"BAMBAMARCA";"GOBIERNO REGIONAL";"II-1";"00004782";"BAMBAMARCA - TITO VILLAR CABEZAS";"241400";"HOSPITALIZACIÓN QUIRÚRGICA GINECO - OBSTETRICIA ";"58";"60";"94";"130";"8";"224";"0"
"2023";"02";"060701";"CAJAMARCA";"HUALGAYOC";"BAMBAMARCA";"GOBIERNO REGIONAL";"II-1";"00004782";"BAMBAMARCA - TITO VILLAR CABEZAS";"241800";"HOSPITALIZACIÓN DE MEDICINA MEDICINA GENERAL ";"16";"16";"50";"48";"5";"140";"1"
"2023";"02";"060701";"CAJAMARCA";"HUALGAYOC";"BAMBAMARCA";"GOBIERNO REGIONAL";"II-1";"00004782";"BAMBAMARCA - TITO VILLAR CABEZAS";"240100";"HOSPITALIZACIÓN QUIRÚRGICA CIRUGÍA GENERAL ";"23";"23";"44";"38";"3";"84";"0"
"2023";"02";"060701";"CAJAMARCA";"HUALGAYOC";"BAMBAMARCA";"GOBIERNO REGIONAL";"II-1";"00004782";"BAMBAMARCA - TITO VILLAR CABEZAS";"242500";"HOSPITALIZACIÓN-PEDIATRÍA GENERAL-";"4";"4";"10";"11";"2";"56";"0"
"2023";"02";"220912";"SAN MARTIN";"SAN MARTIN";"SAN ANTONIO";"GOBIERNO REGIONAL";"I-3";"00006384";"SAN ANTONIO DE CUMBAZA";"NE_0001";"";"NE_0001";"NE_0001";"NE_0001";"NE_0001";"NE_0001";"NE_0001";"NE_0001"
"2023";"02";"220903";"SAN MARTIN";"SAN MARTIN";"CACATACHI";"GOBIERNO REGIONAL";"I-3";"00006395";"CACATACHI";"NE_0001";"";"NE_0001";"NE_0001";"NE_0001";"NE_0001";"NE_0001";"NE_0001";"NE_0001"
"2023";"02";"220912";"SAN MARTIN";"SAN MARTIN";"SAN ANTONIO";"GOBIERNO REGIONAL";"I-1";"00006385";"SAN PEDRO DE CUMBAZA";"NE_0001";"";"NE_0001";"NE_0001";"NE_0001";"NE_0001";"NE_0001";"NE_0001";"NE_0001"
"2023";"02";"220605";"SAN MARTIN";"MARISCAL CACERES";"PAJARILLO";"GOBIERNO REGIONAL";"I-1";"00006564";"DOS UNIDOS";"NE_0001";"";"NE_0001";"NE_0001";"NE_0001";"NE_0001";"NE_0001";"NE_0001";"NE_0001"
"2023";"02";"220602";"SAN MARTIN";"MARISCAL CACERES";"CAMPANILLA";"GOBIERNO REGIONAL";"I-1";"00006566";"CUÑUMBUZA";"NE_0001";"";"NE_0001";"NE_0001";"NE_0001";"NE_0001";"NE_0001";"NE_0001";"NE_0001"
"2023";"02";"220202";"SAN MARTIN";"BELLAVISTA";"ALTO BIAVO";"GOBIERNO REGIONAL";"I-1";"00006714";"CENTRO AMERICA";"NE_0001";"";"NE_0001";"NE_0001";"NE_0001";"NE_0001";"NE_0001";"NE_0001";"NE_0001"
"2023";"02";"150113";"LIMA";"LIMA";"JESUS MARIA";"PRIVADO";"II-E";"00017173";"CLINICA PORVENIR";"240000";"HOSPITALIZACIÓN";"216";"209";"255";"216";"13";"364";"0"
"2023";"02";"110101";"ICA";"ICA";"ICA";"ESSALUD";"II-1";"00013912";"FELIX TORREALVA GUTIERREZ";"241900";"HOSPITALIZACIÓN DE MEDICINA MEDICINA INTERNA ";"148";"127";"936";"976";"50";"1400";"12"
"2023";"02";"110101";"ICA";"ICA";"ICA";"ESSALUD";"II-1";"00013912";"FELIX TORREALVA GUTIERREZ";"241900";"HOSPITALIZACIÓN DE MEDICINA MEDICINA INTERNA ";"5";"7";"141";"19";"9";"252";"0"
"2023";"02";"110101";"ICA";"ICA";"ICA";"ESSALUD";"II-1";"00013912";"FELIX TORREALVA GUTIERREZ";"240100";"HOSPITALIZACIÓN QUIRÚRGICA CIRUGÍA GENERAL ";"109";"109";"324";"292";"16";"448";"0"
"2023";"02";"110101";"ICA";"ICA";"ICA";"ESSALUD";"II-1";"00013912";"FELIX TORREALVA GUTIERREZ";"241500";"HOSPITALIZACIÓN QUIRÚRGICA GINECOLOGÍA  ";"15";"14";"40";"42";"4";"112";"0"
"2023";"02";"110101";"ICA";"ICA";"ICA";"ESSALUD";"II-1";"00013912";"FELIX TORREALVA GUTIERREZ";"241500";"HOSPITALIZACIÓN QUIRÚRGICA GINECOLOGÍA  ";"137";"134";"243";"230";"16";"448";"0"
"2023";"02";"110101";"ICA";"ICA";"ICA";"ESSALUD";"II-1";"00013912";"FELIX TORREALVA GUTIERREZ";"242300";"HOSPITALIZACIÓN DE PEDIATRÍA  PEDIATRÍA  GENERAL ";"1";"1";"0";"1";"4";"112";"0"
"2023";"02";"210101";"PUNO";"PUNO";"PUNO";"PRIVADO";"II-E";"00009683";"CLINICA PROSALUD";"240000";"HOSPITALIZACIÓN";"19";"19";"48";"48";"5";"140";"0"
"2023";"02";"060801";"CAJAMARCA";"JAEN";"JAEN";"PRIVADO";"II-1";"00015266";"CLINICA Y BOTICA SAN JUAN";"240000";"HOSPITALIZACIÓN";"74";"69";"122";"73";"12";"336";"0"
"2023";"02";"110101";"ICA";"ICA";"ICA";"GOBIERNO REGIONAL";"I-2";"00003376";"CACHICHE";"NE_0001";"";"NE_0001";"NE_0001";"NE_0001";"NE_0001";"NE_0001";"NE_0001";"NE_0001"
"2023";"02";"110101";"ICA";"ICA";"ICA";"GOBIERNO REGIONAL";"I-3";"00003361";"LA PALMA GRANDE";"NE_0002";"";"NE_0002";"NE_0002";"NE_0002";"NE_0002";"NE_0002";"NE_0002";"NE_0002"
"2023";"02";"110101";"ICA";"ICA";"ICA";"MINSA";"I-2";"00003377";"EL HUARANGO";"NE_0001";"";"NE_0001";"NE_0001";"NE_0001";"NE_0001";"NE_0001";"NE_0001";"NE_0001"
"2023";"02";"040520";"AREQUIPA";"CAYLLOMA";"MAJES";"ESSALUD";"I-2";"00013304";"CENTRO DE ATENCION PRIMARIA I EL PEDREGAL ESSALUD";"NE_0001";"";"NE_0001";"NE_0001";"NE_0001";"NE_0001";"NE_0001";"NE_0001";"NE_0001"
"2023";"02";"080909";"CUSCO";"LA CONVENCION";"VILCABAMBA";"GOBIERNO REGIONAL";"I-4";"00002480";"PUCYURA";"NE_0001";"";"NE_0001";"NE_0001";"NE_0001";"NE_0001";"NE_0001";"NE_0001";"NE_0001"
"2023";"02";"080911";"CUSCO";"LA CONVENCION";"INKAWASI";"GOBIERNO REGIONAL";"I-1";"00002481";"CCARCCO";"NE_0001";"";"NE_0001";"NE_0001";"NE_0001";"NE_0001";"NE_0001";"NE_0001";"NE_0001"
"2023";"02";"080909";"CUSCO";"LA CONVENCION";"VILCABAMBA";"GOBIERNO REGIONAL";"I-1";"00002486";"PAMPACONAS";"NE_0001";"";"NE_0001";"NE_0001";"NE_0001";"NE_0001";"NE_0001";"NE_0001";"NE_0001"
"2023";"02";"080909";"CUSCO";"LA CONVENCION";"VILCABAMBA";"GOBIERNO REGIONAL";"I-2";"00002484";"OYARA";"NE_0001";"";"NE_0001";"NE_0001";"NE_0001";"NE_0001";"NE_0001";"NE_0001";"NE_0001"
"2023";"02";"080909";"CUSCO";"LA CONVENCION";"VILCABAMBA";"GOBIERNO REGIONAL";"I-1";"00002490";"ARMA";"NE_0001";"";"NE_0001";"NE_0001";"NE_0001";"NE_0001";"NE_0001";"NE_0001";"NE_0001"
"2023";"02";"080912";"CUSCO";"LA CONVENCION";"VILLA VIRGEN";"GOBIERNO REGIONAL";"I-1";"00013070";"CHANCAVINE";"NE_0001";"";"NE_0001";"NE_0001";"NE_0001";"NE_0001";"NE_0001";"NE_0001";"NE_0001"
"2023";"02";"080911";"CUSCO";"LA CONVENCION";"INKAWASI";"GOBIERNO REGIONAL";"I-1";"00002485";"PACCAYBAMBA";"NE_0001";"";"NE_0001";"NE_0001";"NE_0001";"NE_0001";"NE_0001";"NE_0001";"NE_0001"
"2023";"02";"080911";"CUSCO";"LA CONVENCION";"INKAWASI";"GOBIERNO REGIONAL";"I-1";"00002491";"LUCMAHUAYCO";"NE_0001";"";"NE_0001";"NE_0001";"NE_0001";"NE_0001";"NE_0001";"NE_0001";"NE_0001"
"2023";"02";"080909";"CUSCO";"LA CONVENCION";"VILCABAMBA";"GOBIERNO REGIONAL";"I-1";"00002492";"PALTAYBAMBA";"NE_0001";"";"NE_0001";"NE_0001";"NE_0001";"NE_0001";"NE_0001";"NE_0001";"NE_0001"
"2023";"02";"080911";"CUSCO";"LA CONVENCION";"INKAWASI";"GOBIERNO REGIONAL";"I-3";"00002482";"INCAHUASI";"NE_0001";"";"NE_0001";"NE_0001";"NE_0001";"NE_0001";"NE_0001";"NE_0001";"NE_0001"
"2023";"02";"080911";"CUSCO";"LA CONVENCION";"INKAWASI";"GOBIERNO REGIONAL";"I-1";"00002487";"CHOQUETIRA";"NE_0001";"";"NE_0001";"NE_0001";"NE_0001";"NE_0001";"NE_0001";"NE_0001";"NE_0001"
"2023";"03";"090208";"HUANCAVELICA";"ACOBAMBA";"ROSARIO";"GOBIERNO REGIONAL";"I-3";"00003938";"CENTRO DE SALUD PUCA CRUZ";"NE_0001";"";"NE_0001";"NE_0001";"NE_0001";"NE_0001";"NE_0001";"NE_0001";"NE_0001"
"2023";"03";"090208";"HUANCAVELICA";"ACOBAMBA";"ROSARIO";"GOBIERNO REGIONAL";"I-2";"00003942";"PUESTO DE SALUD CHANQUIL";"NE_0001";"";"NE_0001";"NE_0001";"NE_0001";"NE_0001";"NE_0001";"NE_0001";"NE_0001"
"2023";"03";"090208";"HUANCAVELICA";"ACOBAMBA";"ROSARIO";"GOBIERNO REGIONAL";"I-1";"00007418";"PUESTO DE SALUD DE LECCLESPAMPA";"NE_0001";"";"NE_0001";"NE_0001";"NE_0001";"NE_0001";"NE_0001";"NE_0001";"NE_0001"
"2023";"03";"090208";"HUANCAVELICA";"ACOBAMBA";"ROSARIO";"GOBIERNO REGIONAL";"I-1";"00009693";"PUESTO DE SALUD DE PUNCHAYPAMPA";"NE_0001";"";"NE_0001";"NE_0001";"NE_0001";"NE_0001";"NE_0001";"NE_0001";"NE_0001"
"2023";"03";"090208";"HUANCAVELICA";"ACOBAMBA";"ROSARIO";"GOBIERNO REGIONAL";"I-1";"00009706";"PUESTO DE SALUD TORORUMI";"NE_0001";"";"NE_0001";"NE_0001";"NE_0001";"NE_0001";"NE_0001";"NE_0001";"NE_0001"
"2023";"03";"090208";"HUANCAVELICA";"ACOBAMBA";"ROSARIO";"GOBIERNO REGIONAL";"I-1";"00011231";"PUESTO DE SALUD  SANTA ROSA DE ACCOMACHAY";"NE_0001";"";"NE_0001";"NE_0001";"NE_0001";"NE_0001";"NE_0001";"NE_0001";"NE_0001"
"2023";"03";"090208";"HUANCAVELICA";"ACOBAMBA";"ROSARIO";"GOBIERNO REGIONAL";"I-1";"00009503";"PUESTO DE SALUD DE VILLA MANTARO";"NE_0001";"";"NE_0001";"NE_0001";"NE_0001";"NE_0001";"NE_0001";"NE_0001";"NE_0001"
"2023";"03";"090208";"HUANCAVELICA";"ACOBAMBA";"ROSARIO";"GOBIERNO REGIONAL";"I-1";"00007372";"PUESTO DE SALUD LLIPLLINA";"NE_0001";"";"NE_0001";"NE_0001";"NE_0001";"NE_0001";"NE_0001";"NE_0001";"NE_0001"
"2023";"03";"090208";"HUANCAVELICA";"ACOBAMBA";"ROSARIO";"GOBIERNO REGIONAL";"I-2";"00003937";"PUESTO DE SALUD ROSARIO";"NE_0001";"";"NE_0001";"NE_0001";"NE_0001";"NE_0001";"NE_0001";"NE_0001";"NE_0001"
"2023";"03";"090208";"HUANCAVELICA";"ACOBAMBA";"ROSARIO";"GOBIERNO REGIONAL";"I-1";"00009710";"PUESTO  DE SALUD ICHUPAMPA";"NE_0001";"";"NE_0001";"NE_0001";"NE_0001";"NE_0001";"NE_0001";"NE_0001";"NE_0001"
"2023";"03";"110111";"ICA";"ICA";"SANTIAGO";"ESSALUD";"I-3";"00011968";"SANTA MARGARITA";"NE_0001";"";"NE_0001";"NE_0001";"NE_0001";"NE_0001";"NE_0001";"NE_0001";"NE_0001"
"2023";"03";"150140";"LIMA";"LIMA";"SANTIAGO DE SURCO";"PRIVADO";"I-2";"00010498";"ILA";"NE_0002";"";"NE_0002";"NE_0002";"NE_0002";"NE_0002";"NE_0002";"NE_0002";"NE_0002"
"2023";"03";"150108";"LIMA";"LIMA";"CHORRILLOS";"SANIDAD DE LA POLICIA NACIONAL DEL PERU";"I-3";"00018660";"POLICLINICO POLICIAL SEDE ESCUELA DE OFICIALES";"NE_0001";"";"NE_0001";"NE_0001";"NE_0001";"NE_0001";"NE_0001";"NE_0001";"NE_0001"
"2023";"03";"150128";"LIMA";"LIMA";"RIMAC";"SANIDAD DE LA POLICIA NACIONAL DEL PERU";"II-1";"00016094";"HOSPITAL PNP ""AUGUSTO B. LEGUIA""";"240100";"HOSPITALIZACIÓN QUIRÚRGICA CIRUGÍA GENERAL ";"71";"70";"185";"259";"22";"682";"0"
"2023";"03";"150128";"LIMA";"LIMA";"RIMAC";"SANIDAD DE LA POLICIA NACIONAL DEL PERU";"II-1";"00016094";"HOSPITAL PNP ""AUGUSTO B. LEGUIA""";"241800";"HOSPITALIZACIÓN DE MEDICINA MEDICINA GENERAL ";"27";"28";"253";"253";"39";"1209";"0"
"2023";"03";"150117";"LIMA";"LIMA";"LOS OLIVOS";"PRIVADO";"II-E";"00026936";"CLINICA AVIVA SEDE LOS OLIVOS";"240000";"HOSPITALIZACIÓN";"330";"302";"696";"330";"22";"682";"2"
"2023";"03";"100101";"HUANUCO";"HUANUCO";"HUANUCO";"PRIVADO";"II-E";"00018769";"CLINICA DE CORTA ESTANCIA  ROCA E.I.R.L.";"240100";"HOSPITALIZACIÓN QUIRÚRGICA CIRUGÍA GENERAL ";"6";"6";"10";"6";"21";"31";"0"
"2023";"03";"100101";"HUANUCO";"HUANUCO";"HUANUCO";"PRIVADO";"II-E";"00018769";"CLINICA DE CORTA ESTANCIA  ROCA E.I.R.L.";"241400";"HOSPITALIZACIÓN QUIRÚRGICA GINECO - OBSTETRICIA ";"3";"3";"5";"3";"26";"31";"0"
"2023";"03";"100101";"HUANUCO";"HUANUCO";"HUANUCO";"PRIVADO";"II-E";"00018769";"CLINICA DE CORTA ESTANCIA  ROCA E.I.R.L.";"241500";"HOSPITALIZACIÓN QUIRÚRGICA GINECOLOGÍA  ";"3";"3";"5";"3";"26";"31";"0"
"2023";"03";"100101";"HUANUCO";"HUANUCO";"HUANUCO";"PRIVADO";"II-E";"00018769";"CLINICA DE CORTA ESTANCIA  ROCA E.I.R.L.";"241300";"HOSPITALIZACIÓN QUIRÚRGICA UROLOGÍA  ";"2";"2";"5";"2";"26";"31";"0"
"2023";"03";"100101";"HUANUCO";"HUANUCO";"HUANUCO";"PRIVADO";"II-E";"00018769";"CLINICA DE CORTA ESTANCIA  ROCA E.I.R.L.";"241200";"HOSPITALIZACIÓN QUIRÚRGICA TRAUMATOLOGÍA Y ORTOPEDIA ";"1";"1";"1";"1";"30";"31";"0"
"2023";"03";"100101";"HUANUCO";"HUANUCO";"HUANUCO";"PRIVADO";"II-E";"00018769";"CLINICA DE CORTA ESTANCIA  ROCA E.I.R.L.";"241200";"HOSPITALIZACIÓN QUIRÚRGICA TRAUMATOLOGÍA Y ORTOPEDIA ";"3";"3";"3";"3";"28";"31";"0"
"2023";"03";"020105";"ANCASH";"HUARAZ";"INDEPENDENCIA";"GOBIERNO REGIONAL";"I-3";"00028701";"CENTRO DE SALUD MENTAL COMUNITARIO ""ALLY WARAQ""";"NE_0001";"";"NE_0001";"NE_0001";"NE_0001";"NE_0001";"NE_0001";"NE_0001";"NE_0001"
"2023";"03";"130102";"LA LIBERTAD";"TRUJILLO";"EL PORVENIR";"ESSALUD";"I-4";"00009041";"CENTRO DE SALUD CON INTERNAMIENTO EL PORVENIR";"241800";"HOSPITALIZACIÓN DE MEDICINA MEDICINA GENERAL ";"27";"27";"142";"144";"5";"155";"0"
"2023";"03";"130102";"LA LIBERTAD";"TRUJILLO";"EL PORVENIR";"ESSALUD";"I-4";"00009041";"CENTRO DE SALUD CON INTERNAMIENTO EL PORVENIR";"240100";"HOSPITALIZACIÓN QUIRÚRGICA CIRUGÍA GENERAL ";"3";"2";"23";"27";"1";"31";"0"
"2023";"03";"130102";"LA LIBERTAD";"TRUJILLO";"EL PORVENIR";"ESSALUD";"I-4";"00009041";"CENTRO DE SALUD CON INTERNAMIENTO EL PORVENIR";"241400";"HOSPITALIZACIÓN QUIRÚRGICA GINECO - OBSTETRICIA ";"1";"2";"9";"7";"1";"31";"0"
"2023";"03";"060806";"CAJAMARCA";"JAEN";"LAS PIRIAS";"GOBIERNO REGIONAL";"I-3";"00004245";"LAS PIRIAS DE JAEN";"NE_0001";"";"NE_0001";"NE_0001";"NE_0001";"NE_0001";"NE_0001";"NE_0001";"NE_0001"
"2023";"03";"040506";"AREQUIPA";"CAYLLOMA";"COPORAQUE";"GOBIERNO REGIONAL";"I-2";"00001424";"PUESTO DE SALUD COPORAQUE";"NE_0001";"";"NE_0001";"NE_0001";"NE_0001";"NE_0001";"NE_0001";"NE_0001";"NE_0001"
"2023";"03";"060806";"CAJAMARCA";"JAEN";"LAS PIRIAS";"GOBIERNO REGIONAL";"I-1";"00004246";"RUMIBAMBA";"NE_0001";"";"NE_0001";"NE_0001";"NE_0001";"NE_0001";"NE_0001";"NE_0001";"NE_0001"
"2023";"03";"040510";"AREQUIPA";"CAYLLOMA";"LARI";"GOBIERNO REGIONAL";"I-2";"00001426";"PUESTO DE SALUD LARI";"NE_0001";"";"NE_0001";"NE_0001";"NE_0001";"NE_0001";"NE_0001";"NE_0001";"NE_0001"
"2023";"01";"220901";"SAN MARTIN";"SAN MARTIN";"TARAPOTO";"ESSALUD";"II-1";"00027733";"HOSPITAL II TARAPOTO";"241800";"HOSPITALIZACIÓN DE MEDICINA MEDICINA GENERAL ";"111";"106";"871";"886";"30";"930";"3"
"2023";"01";"220901";"SAN MARTIN";"SAN MARTIN";"TARAPOTO";"ESSALUD";"II-1";"00027733";"HOSPITAL II TARAPOTO";"250304";"HOSPIT. EN UNIDAD DE CUID.INTEN.-UNIDAD DE VIGILANCIA INTENSIVA (UVI)-MEDICINA";"6";"5";"97";"74";"8";"248";"4"
"2023";"01";"220901";"SAN MARTIN";"SAN MARTIN";"TARAPOTO";"ESSALUD";"II-1";"00027733";"HOSPITAL II TARAPOTO";"240100";"HOSPITALIZACIÓN QUIRÚRGICA CIRUGÍA GENERAL ";"142";"141";"681";"524";"19";"589";"0"
"2023";"01";"220901";"SAN MARTIN";"SAN MARTIN";"TARAPOTO";"ESSALUD";"II-1";"00027733";"HOSPITAL II TARAPOTO";"241400";"HOSPITALIZACIÓN QUIRÚRGICA GINECO - OBSTETRICIA ";"197";"197";"635";"464";"16";"496";"0"
"2023";"01";"220901";"SAN MARTIN";"SAN MARTIN";"TARAPOTO";"ESSALUD";"II-1";"00027733";"HOSPITAL II TARAPOTO";"242300";"HOSPITALIZACIÓN DE PEDIATRÍA  PEDIATRÍA  GENERAL ";"90";"90";"395";"397";"13";"403";"0"
"2023";"01";"110201";"ICA";"CHINCHA";"CHINCHA ALTA";"PRIVADO";"II-1";"00018704";"FAMISALUD";"240100";"HOSPITALIZACIÓN QUIRÚRGICA CIRUGÍA GENERAL ";"33";"33";"43";"7";"7";"210";"0"
"2023";"01";"110201";"ICA";"CHINCHA";"CHINCHA ALTA";"PRIVADO";"II-1";"00018704";"FAMISALUD";"241400";"HOSPITALIZACIÓN QUIRÚRGICA GINECO - OBSTETRICIA ";"1";"1";"3";"7";"7";"210";"0"
"2023";"01";"060801";"CAJAMARCA";"JAEN";"JAEN";"GOBIERNO REGIONAL";"II-2";"00004210";"HOSPITAL GENERAL DE JAEN";"241800";"HOSPITALIZACIÓN DE MEDICINA MEDICINA GENERAL ";"77";"88";"792";"100";"48";"1488";"4"
"2023";"01";"060801";"CAJAMARCA";"JAEN";"JAEN";"GOBIERNO REGIONAL";"II-2";"00004210";"HOSPITAL GENERAL DE JAEN";"240100";"HOSPITALIZACIÓN QUIRÚRGICA CIRUGÍA GENERAL ";"178";"164";"866";"190";"34";"1054";"0"
"2023";"01";"060801";"CAJAMARCA";"JAEN";"JAEN";"GOBIERNO REGIONAL";"II-2";"00004210";"HOSPITAL GENERAL DE JAEN";"241600";"HOSPITALIZACIÓN QUIRÚRGICA OBSTETRICIA   ";"276";"279";"938";"294";"25";"775";"0"
"2023";"01";"060801";"CAJAMARCA";"JAEN";"JAEN";"GOBIERNO REGIONAL";"II-2";"00004210";"HOSPITAL GENERAL DE JAEN";"242500";"HOSPITALIZACIÓN-PEDIATRÍA GENERAL-";"71";"67";"360";"79";"25";"775";"0"
"2023";"01";"060801";"CAJAMARCA";"JAEN";"JAEN";"GOBIERNO REGIONAL";"II-2";"00004210";"HOSPITAL GENERAL DE JAEN";"243200";"HOSPITALIZACIÓN DE PEDIATRÍA PEDIATRIA NEONATOLOGÍA";"41";"42";"326";"59";"10";"310";"0"
"2023";"01";"120404";"JUNIN";"JAUJA";"ATAURA";"GOBIERNO REGIONAL";"I-1";"00000367";"ATAURA";"NE_0002";"";"NE_0002";"NE_0002";"NE_0002";"NE_0002";"NE_0002";"NE_0002";"NE_0002"
"2023";"01";"120423";"JUNIN";"JAUJA";"PACCHA";"GOBIERNO REGIONAL";"I-1";"00000372";"MASAJCANCHA";"NE_0002";"";"NE_0002";"NE_0002";"NE_0002";"NE_0002";"NE_0002";"NE_0002";"NE_0002"
"2023";"01";"120430";"JUNIN";"JAUJA";"SAUSA";"GOBIERNO REGIONAL";"I-1";"00000376";"SAUSA";"NE_0002";"";"NE_0002";"NE_0002";"NE_0002";"NE_0002";"NE_0002";"NE_0002";"NE_0002"
"2023";"01";"120434";"JUNIN";"JAUJA";"YAUYOS";"GOBIERNO REGIONAL";"I-3";"00000377";"YAUYOS";"NE_0002";"";"NE_0002";"NE_0002";"NE_0002";"NE_0002";"NE_0002";"NE_0002";"NE_0002"
"2023";"01";"120423";"JUNIN";"JAUJA";"PACCHA";"GOBIERNO REGIONAL";"I-1";"00000371";"PACCHA MIRAFLORES";"NE_0002";"";"NE_0002";"NE_0002";"NE_0002";"NE_0002";"NE_0002";"NE_0002";"NE_0002"
"2023";"01";"120423";"JUNIN";"JAUJA";"PACCHA";"GOBIERNO REGIONAL";"I-1";"00000370";"CANCHAPUNCO";"NE_0002";"";"NE_0002";"NE_0002";"NE_0002";"NE_0002";"NE_0002";"NE_0002";"NE_0002"
"2023";"01";"120422";"JUNIN";"JAUJA";"PACA";"GOBIERNO REGIONAL";"I-2";"00000369";"PACA";"NE_0002";"";"NE_0002";"NE_0002";"NE_0002";"NE_0002";"NE_0002";"NE_0002";"NE_0002"
"2023";"01";"120423";"JUNIN";"JAUJA";"PACCHA";"GOBIERNO REGIONAL";"I-1";"00000373";"PATACANCHA";"NE_0002";"";"NE_0002";"NE_0002";"NE_0002";"NE_0002";"NE_0002";"NE_0002";"NE_0002"
"2023";"01";"120434";"JUNIN";"JAUJA";"YAUYOS";"GOBIERNO REGIONAL";"I-1";"00000378";"HUANCAS";"NE_0002";"";"NE_0002";"NE_0002";"NE_0002";"NE_0002";"NE_0002";"NE_0002";"NE_0002"
"2023";"01";"070102";"CALLAO";"CALLAO";"BELLAVISTA";"GOBIERNO REGIONAL";"II-E";"00017883";"HOSPITAL DE REHABILITACION DEL CALLAO";"NE_0001";"";"NE_0001";"NE_0001";"NE_0001";"NE_0001";"NE_0001";"NE_0001";"NE_0001"
"2023";"01";"100201";"HUANUCO";"AMBO";"AMBO";"ESSALUD";"I-3";"00009957";"CENTRO MEDICO LEONCIO PRADO - AMBO";"NE_0001";"";"NE_0001";"NE_0001";"NE_0001";"NE_0001";"NE_0001";"NE_0001";"NE_0001"
"2023";"01";"120114";"JUNIN";"HUANCAYO";"EL TAMBO";"PRIVADO";"II-1";"00008024";"CLINICA CAYETANO HEREDIA";"240000";"HOSPITALIZACIÓN";"138";"139";"328";"315";"37";"1147";"0"
"2023";"01";"120114";"JUNIN";"HUANCAYO";"EL TAMBO";"PRIVADO";"II-1";"00008024";"CLINICA CAYETANO HEREDIA";"241400";"HOSPITALIZACIÓN QUIRÚRGICA GINECO - OBSTETRICIA ";"57";"55";"144";"226";"8";"310";"0"
"2023";"01";"040410";"AREQUIPA";"CASTILLA";"PAMPACOLCA";"GOBIERNO REGIONAL";"I-3";"00001385";"CENTRO DE SALUD PAMPACOLCA";"NE_0001";"";"NE_0001";"NE_0001";"NE_0001";"NE_0001";"NE_0001";"NE_0001";"NE_0001"
"2023";"01";"040410";"AREQUIPA";"CASTILLA";"PAMPACOLCA";"GOBIERNO REGIONAL";"I-2";"00001398";"PUESTO DE SALUD SAN ANTONIO";"NE_0001";"";"NE_0001";"NE_0001";"NE_0001";"NE_0001";"NE_0001";"NE_0001";"NE_0001"
"2023";"01";"040410";"AREQUIPA";"CASTILLA";"PAMPACOLCA";"GOBIERNO REGIONAL";"I-1";"00001399";"PUESTO DE SALUD PISCOPAMPA";"NE_0001";"";"NE_0001";"NE_0001";"NE_0001";"NE_0001";"NE_0001";"NE_0001";"NE_0001"
"2023";"02";"150131";"LIMA";"LIMA";"SAN ISIDRO";"PRIVADO";"II-E";"00009505";"OFTALMOSALUD";"NE_0001";"";"NE_0001";"NE_0001";"NE_0001";"NE_0001";"NE_0001";"NE_0001";"NE_0001"
"2023";"02";"220405";"SAN MARTIN";"HUALLAGA";"SACANCHE";"GOBIERNO REGIONAL";"I-3";"00006543";"SACANCHE";"NE_0002";"";"NE_0002";"NE_0002";"NE_0002";"NE_0002";"NE_0002";"NE_0002";"NE_0002"
"2023";"02";"220404";"SAN MARTIN";"HUALLAGA";"PISCOYACU";"GOBIERNO REGIONAL";"I-2";"00006545";"NUEVO SACANCHE";"NE_0001";"";"NE_0001";"NE_0001";"NE_0001";"NE_0001";"NE_0001";"NE_0001";"NE_0001"
"2023";"02";"220403";"SAN MARTIN";"HUALLAGA";"EL ESLABON";"GOBIERNO REGIONAL";"I-3";"00006542";"EL ESLABON";"NE_0001";"";"NE_0001";"NE_0001";"NE_0001";"NE_0001";"NE_0001";"NE_0001";"NE_0001"
"2023";"02";"220403";"SAN MARTIN";"HUALLAGA";"EL ESLABON";"GOBIERNO REGIONAL";"I-1";"00006544";"COLLPA";"NE_0001";"";"NE_0001";"NE_0001";"NE_0001";"NE_0001";"NE_0001";"NE_0001";"NE_0001"
"2023";"02";"220403";"SAN MARTIN";"HUALLAGA";"EL ESLABON";"GOBIERNO REGIONAL";"I-1";"00006544";"COLLPA";"NE_0001";"";"NE_0001";"NE_0001";"NE_0001";"NE_0001";"NE_0001";"NE_0001";"NE_0001"
"2023";"02";"020801";"ANCASH";"CASMA";"CASMA";"GOBIERNO REGIONAL";"II-1";"00001719";"HOSPITAL DE APOYO CASMA";"241800";"HOSPITALIZACIÓN DE MEDICINA MEDICINA GENERAL ";"24";"26";"154";"135";"5";"140";"3"
"2023";"02";"020801";"ANCASH";"CASMA";"CASMA";"GOBIERNO REGIONAL";"II-1";"00001719";"HOSPITAL DE APOYO CASMA";"240100";"HOSPITALIZACIÓN QUIRÚRGICA CIRUGÍA GENERAL ";"13";"17";"93";"76";"5";"140";"0"
"2023";"02";"020801";"ANCASH";"CASMA";"CASMA";"GOBIERNO REGIONAL";"II-1";"00001719";"HOSPITAL DE APOYO CASMA";"242300";"HOSPITALIZACIÓN DE PEDIATRÍA  PEDIATRÍA  GENERAL ";"9";"8";"26";"30";"10";"280";"0"
"2023";"02";"020801";"ANCASH";"CASMA";"CASMA";"GOBIERNO REGIONAL";"II-1";"00001719";"HOSPITAL DE APOYO CASMA";"241600";"HOSPITALIZACIÓN QUIRÚRGICA OBSTETRICIA   ";"25";"29";"51";"46";"9";"252";"0"
"2023";"02";"020801";"ANCASH";"CASMA";"CASMA";"GOBIERNO REGIONAL";"II-1";"00001719";"HOSPITAL DE APOYO CASMA";"241500";"HOSPITALIZACIÓN QUIRÚRGICA GINECOLOGÍA  ";"44";"43";"94";"98";"6";"168";"0"
"2023";"02";"120410";"JUNIN";"JAUJA";"HUERTAS";"GOBIERNO REGIONAL";"I-1";"00000368";"HUERTAS";"NE_0002";"";"NE_0002";"NE_0002";"NE_0002";"NE_0002";"NE_0002";"NE_0002";"NE_0002"
"2023";"02";"120422";"JUNIN";"JAUJA";"PACA";"GOBIERNO REGIONAL";"I-2";"00000369";"PACA";"NE_0002";"";"NE_0002";"NE_0002";"NE_0002";"NE_0002";"NE_0002";"NE_0002";"NE_0002"
"2023";"02";"120423";"JUNIN";"JAUJA";"PACCHA";"GOBIERNO REGIONAL";"I-1";"00000373";"PATACANCHA";"NE_0002";"";"NE_0002";"NE_0002";"NE_0002";"NE_0002";"NE_0002";"NE_0002";"NE_0002"
"2023";"02";"220804";"SAN MARTIN";"RIOJA";"NUEVA CAJAMARCA";"GOBIERNO REGIONAL";"I-1";"00006288";"UCRANIA";"NE_0001";"";"NE_0001";"NE_0001";"NE_0001";"NE_0001";"NE_0001";"NE_0001";"NE_0001"
"2023";"03";"150108";"LIMA";"LIMA";"CHORRILLOS";"SANIDAD DE LA POLICIA NACIONAL DEL PERU";"I-3";"00020382";"POLICLINICO POLICIAL CHORRILLOS";"NE_0001";"";"NE_0001";"NE_0001";"NE_0001";"NE_0001";"NE_0001";"NE_0001";"NE_0001"
"2023";"03";"120101";"JUNIN";"HUANCAYO";"HUANCAYO";"ESSALUD";"I-3";"00012190";"CAP III MANTARO";"NE_0001";"";"NE_0001";"NE_0001";"NE_0001";"NE_0001";"NE_0001";"NE_0001";"NE_0001"
"2023";"03";"220101";"SAN MARTIN";"MOYOBAMBA";"MOYOBAMBA";"GOBIERNO REGIONAL";"I-1";"00006295";"DORADA";"NE_0001";"";"NE_0001";"NE_0001";"NE_0001";"NE_0001";"NE_0001";"NE_0001";"NE_0001"
"2023";"03";"220101";"SAN MARTIN";"MOYOBAMBA";"MOYOBAMBA";"GOBIERNO REGIONAL";"I-1";"00006293";"RAFAEL BELAUNDE";"NE_0001";"";"NE_0001";"NE_0001";"NE_0001";"NE_0001";"NE_0001";"NE_0001";"NE_0001"
"2023";"03";"220802";"SAN MARTIN";"RIOJA";"AWAJUN";"GOBIERNO REGIONAL";"I-3";"00006297";"BAJO NARANJILLO";"241600";"HOSPITALIZACIÓN QUIRÚRGICA OBSTETRICIA   ";"13";"13";"13";"13";"3";"93";"0"
"2023";"03";"220101";"SAN MARTIN";"MOYOBAMBA";"MOYOBAMBA";"GOBIERNO REGIONAL";"I-1";"00006292";"IMPERIO DE CACHIYACU";"NE_0001";"";"NE_0001";"NE_0001";"NE_0001";"NE_0001";"NE_0001";"NE_0001";"NE_0001"
"2023";"03";"220802";"SAN MARTIN";"RIOJA";"AWAJUN";"GOBIERNO REGIONAL";"I-1";"00006298";"SAN FRANCISCO ALTO MAYO";"NE_0001";"";"NE_0001";"NE_0001";"NE_0001";"NE_0001";"NE_0001";"NE_0001";"NE_0001"
"2023";"03";"220804";"SAN MARTIN";"RIOJA";"NUEVA CAJAMARCA";"GOBIERNO REGIONAL";"I-1";"00006302";"TUPAC AMARU";"NE_0001";"";"NE_0001";"NE_0001";"NE_0001";"NE_0001";"NE_0001";"NE_0001";"NE_0001"
"2023";"03";"220802";"SAN MARTIN";"RIOJA";"AWAJUN";"GOBIERNO REGIONAL";"I-1";"00007464";"SAN CARLOS";"NE_0001";"";"NE_0001";"NE_0001";"NE_0001";"NE_0001";"NE_0001";"NE_0001";"NE_0001"
"2023";"03";"220804";"SAN MARTIN";"RIOJA";"NUEVA CAJAMARCA";"GOBIERNO REGIONAL";"I-2";"00006301";"NARANJILLO";"NE_0001";"";"NE_0001";"NE_0001";"NE_0001";"NE_0001";"NE_0001";"NE_0001";"NE_0001"
"2023";"03";"220802";"SAN MARTIN";"RIOJA";"AWAJUN";"GOBIERNO REGIONAL";"I-1";"00009075";"NUEVA SANTA CRUZ";"NE_0001";"";"NE_0001";"NE_0001";"NE_0001";"NE_0001";"NE_0001";"NE_0001";"NE_0001"
"2023";"03";"110112";"ICA";"ICA";"SUBTANJALLA";"ESSALUD";"I-3";"00011967";"MACACONA";"NE_0001";"";"NE_0001";"NE_0001";"NE_0001";"NE_0001";"NE_0001";"NE_0001";"NE_0001"
"2023";"01";"250106";"UCAYALI";"CORONEL PORTILLO";"NUEVA REQUENA";"GOBIERNO REGIONAL";"I-1";"00005450";"NARANJAL";"NE_0001";"";"NE_0001";"NE_0001";"NE_0001";"NE_0001";"NE_0001";"NE_0001";"NE_0001"
"2023";"01";"250106";"UCAYALI";"CORONEL PORTILLO";"NUEVA REQUENA";"GOBIERNO REGIONAL";"I-1";"00005449";"SHAMBO PORVENIR";"NE_0001";"";"NE_0001";"NE_0001";"NE_0001";"NE_0001";"NE_0001";"NE_0001";"NE_0001"
"2023";"01";"250106";"UCAYALI";"CORONEL PORTILLO";"NUEVA REQUENA";"GOBIERNO REGIONAL";"I-1";"00005446";"NUEVO PIURA";"NE_0001";"";"NE_0001";"NE_0001";"NE_0001";"NE_0001";"NE_0001";"NE_0001";"NE_0001"
"2023";"01";"250102";"UCAYALI";"CORONEL PORTILLO";"CAMPOVERDE";"GOBIERNO REGIONAL";"I-1";"00005444";"SARITA COLONIA";"NE_0001";"";"NE_0001";"NE_0001";"NE_0001";"NE_0001";"NE_0001";"NE_0001";"NE_0001"
"2023";"01";"250106";"UCAYALI";"CORONEL PORTILLO";"NUEVA REQUENA";"GOBIERNO REGIONAL";"I-3";"00005443";"NUEVA REQUENA";"NE_0001";"";"NE_0001";"NE_0001";"NE_0001";"NE_0001";"NE_0001";"NE_0001";"NE_0001"
"2023";"03";"211301";"PUNO";"YUNGUYO";"YUNGUYO";"ESSALUD";"I-3";"00009219";"YUNGUYO";"NE_0001";"";"NE_0001";"NE_0001";"NE_0001";"NE_0001";"NE_0001";"NE_0001";"NE_0001"
"2023";"03";"210501";"PUNO";"EL COLLAO";"ILAVE";"ESSALUD";"I-3";"00009218";"POLICLINICO ILAVE -  RED ASISTENCIAL PUNO";"NE_0001";"";"NE_0001";"NE_0001";"NE_0001";"NE_0001";"NE_0001";"NE_0001";"NE_0001"
"2023";"03";"150115";"LIMA";"LIMA";"LA VICTORIA";"ESSALUD";"III-2";"00009251";"HOSPITAL NACIONAL GUILLERMO ALMENARA IRIGOYEN";"242202";"HOSPITALIZACIÓN DE MEDICINA PSIQUIATRÍA PSIQUIATRÍA DEL ADULTO Y GERONTE";"29";"28";"534";"540";"18";"558";"0"
"2023";"03";"150115";"LIMA";"LIMA";"LA VICTORIA";"ESSALUD";"III-2";"00009251";"HOSPITAL NACIONAL GUILLERMO ALMENARA IRIGOYEN";"242203";"HOSPITALIZACIÓN DE MEDICINA PSIQUIATRÍA PSIQUIATRÍA DEL NIÑO Y DEL ADOLESCENTE";"16";"14";"158";"212";"7";"217";"0"
"2023";"03";"150115";"LIMA";"LIMA";"LA VICTORIA";"ESSALUD";"III-2";"00009251";"HOSPITAL NACIONAL GUILLERMO ALMENARA IRIGOYEN";"245500";"HOSPITALIZACIÓN DE MEDICINA REUMATOLOGÍA    ";"23";"20";"357";"308";"10";"310";"0"
"2023";"03";"150115";"LIMA";"LIMA";"LA VICTORIA";"ESSALUD";"III-2";"00009251";"HOSPITAL NACIONAL GUILLERMO ALMENARA IRIGOYEN";"240200";"HOSPITALIZACIÓN QUIRÚRGICA CIRUGÍA DE CABEZA Y CUELLO / MÁXILO FACIAL ";"51";"49";"448";"355";"12";"372";"0"
"2023";"03";"150115";"LIMA";"LIMA";"LA VICTORIA";"ESSALUD";"III-2";"00009251";"HOSPITAL NACIONAL GUILLERMO ALMENARA IRIGOYEN";"240400";"HOSPITALIZACIÓN QUIRÚRGICA CIRUGÍA DE TÓRAX Y CARDIOVASCULAR ";"17";"5";"20";"94";"4";"124";"0"
"2023";"03";"150115";"LIMA";"LIMA";"LA VICTORIA";"ESSALUD";"III-2";"00009251";"HOSPITAL NACIONAL GUILLERMO ALMENARA IRIGOYEN";"241200";"HOSPITALIZACIÓN QUIRÚRGICA TRAUMATOLOGÍA Y ORTOPEDIA ";"47";"51";"350";"289";"10";"310";"0"
"2023";"03";"150115";"LIMA";"LIMA";"LA VICTORIA";"ESSALUD";"III-2";"00009251";"HOSPITAL NACIONAL GUILLERMO ALMENARA IRIGOYEN";"240400";"HOSPITALIZACIÓN QUIRÚRGICA CIRUGÍA DE TÓRAX Y CARDIOVASCULAR ";"24";"30";"319";"355";"12";"372";"0"
"2023";"03";"150115";"LIMA";"LIMA";"LA VICTORIA";"ESSALUD";"III-2";"00009251";"HOSPITAL NACIONAL GUILLERMO ALMENARA IRIGOYEN";"240801";"HOSPITALIZACIÓN QUIRÚRGICA CIRUGÍA PLÁSTICA/RECONSTRUCTIVA/ REPARADORA QUEMADOS";"9";"14";"176";"147";"5";"155";"0"
"2023";"03";"150115";"LIMA";"LIMA";"LA VICTORIA";"ESSALUD";"III-2";"00009251";"HOSPITAL NACIONAL GUILLERMO ALMENARA IRIGOYEN";"240300";"HOSPITALIZACIÓN QUIRÚRGICA CIRUGÍA DIGESTIVA ";"26";"43";"629";"321";"11";"341";"0"
"2023";"03";"150115";"LIMA";"LIMA";"LA VICTORIA";"ESSALUD";"III-2";"00009251";"HOSPITAL NACIONAL GUILLERMO ALMENARA IRIGOYEN";"240300";"HOSPITALIZACIÓN QUIRÚRGICA CIRUGÍA DIGESTIVA ";"34";"47";"584";"400";"13";"403";"0"
"2023";"03";"150115";"LIMA";"LIMA";"LA VICTORIA";"ESSALUD";"III-2";"00009251";"HOSPITAL NACIONAL GUILLERMO ALMENARA IRIGOYEN";"240300";"HOSPITALIZACIÓN QUIRÚRGICA CIRUGÍA DIGESTIVA ";"31";"39";"748";"586";"19";"589";"0"
"2023";"03";"150115";"LIMA";"LIMA";"LA VICTORIA";"ESSALUD";"III-2";"00009251";"HOSPITAL NACIONAL GUILLERMO ALMENARA IRIGOYEN";"240300";"HOSPITALIZACIÓN QUIRÚRGICA CIRUGÍA DIGESTIVA ";"27";"30";"500";"414";"14";"434";"0"
"2023";"03";"150115";"LIMA";"LIMA";"LA VICTORIA";"ESSALUD";"III-2";"00009251";"HOSPITAL NACIONAL GUILLERMO ALMENARA IRIGOYEN";"240300";"HOSPITALIZACIÓN QUIRÚRGICA CIRUGÍA DIGESTIVA ";"93";"111";"1875";"724";"24";"744";"4"
"2023";"03";"150115";"LIMA";"LIMA";"LA VICTORIA";"ESSALUD";"III-2";"00009251";"HOSPITAL NACIONAL GUILLERMO ALMENARA IRIGOYEN";"241500";"HOSPITALIZACIÓN QUIRÚRGICA GINECOLOGÍA  ";"40";"40";"185";"220";"8";"248";"0"
"2023";"03";"150115";"LIMA";"LIMA";"LA VICTORIA";"ESSALUD";"III-2";"00009251";"HOSPITAL NACIONAL GUILLERMO ALMENARA IRIGOYEN";"240900";"HOSPITALIZACIÓN QUIRÚRGICA NEUROCIRUGÍA ";"29";"33";"583";"309";"10";"310";"0"
"2023";"03";"150115";"LIMA";"LIMA";"LA VICTORIA";"ESSALUD";"III-2";"00009251";"HOSPITAL NACIONAL GUILLERMO ALMENARA IRIGOYEN";"240900";"HOSPITALIZACIÓN QUIRÚRGICA NEUROCIRUGÍA ";"29";"18";"124";"109";"4";"124";"0"
"2023";"03";"150115";"LIMA";"LIMA";"LA VICTORIA";"ESSALUD";"III-2";"00009251";"HOSPITAL NACIONAL GUILLERMO ALMENARA IRIGOYEN";"240900";"HOSPITALIZACIÓN QUIRÚRGICA NEUROCIRUGÍA ";"38";"34";"481";"262";"9";"279";"0"
"2023";"03";"150115";"LIMA";"LIMA";"LA VICTORIA";"ESSALUD";"III-2";"00009251";"HOSPITAL NACIONAL GUILLERMO ALMENARA IRIGOYEN";"240600";"HOSPITALIZACIÓN QUIRÚRGICA CIRUGÍA OFTALMOLÓGICA ";"5";"4";"9";"10";"2";"62";"0"
"2023";"03";"061105";"CAJAMARCA";"SAN MIGUEL";"EL PRADO";"GOBIERNO REGIONAL";"I-1";"00008995";"LAS PENCAS";"NE_0001";"";"NE_0001";"NE_0001";"NE_0001";"NE_0001";"NE_0001";"NE_0001";"NE_0001"
"2023";"03";"150501";"LIMA";"CAÑETE";"SAN VICENTE DE CAÑETE";"ESSALUD";"II-1";"00010536";"HOSPITAL II CAÑETE";"241800";"HOSPITALIZACIÓN DE MEDICINA MEDICINA GENERAL ";"96";"95";"572";"537";"20";"626";"10"
"2023";"02";"100101";"HUANUCO";"HUANUCO";"HUANUCO";"PRIVADO";"II-E";"00018769";"CLINICA DE CORTA ESTANCIA  ROCA E.I.R.L.";"240100";"HOSPITALIZACIÓN QUIRÚRGICA CIRUGÍA GENERAL ";"2";"2";"2";"2";"26";"28";"0"
"2023";"02";"100101";"HUANUCO";"HUANUCO";"HUANUCO";"PRIVADO";"II-E";"00018769";"CLINICA DE CORTA ESTANCIA  ROCA E.I.R.L.";"241400";"HOSPITALIZACIÓN QUIRÚRGICA GINECO - OBSTETRICIA ";"6";"6";"12";"6";"16";"28";"0"
"2023";"02";"100101";"HUANUCO";"HUANUCO";"HUANUCO";"PRIVADO";"II-E";"00018769";"CLINICA DE CORTA ESTANCIA  ROCA E.I.R.L.";"241500";"HOSPITALIZACIÓN QUIRÚRGICA GINECOLOGÍA  ";"2";"2";"4";"2";"24";"28";"0"
"2023";"02";"100101";"HUANUCO";"HUANUCO";"HUANUCO";"PRIVADO";"II-E";"00018769";"CLINICA DE CORTA ESTANCIA  ROCA E.I.R.L.";"241300";"HOSPITALIZACIÓN QUIRÚRGICA UROLOGÍA  ";"2";"2";"5";"2";"23";"28";"0"
"2023";"02";"100101";"HUANUCO";"HUANUCO";"HUANUCO";"PRIVADO";"II-E";"00018769";"CLINICA DE CORTA ESTANCIA  ROCA E.I.R.L.";"241200";"HOSPITALIZACIÓN QUIRÚRGICA TRAUMATOLOGÍA Y ORTOPEDIA ";"2";"2";"3";"2";"25";"28";"0"
"2023";"02";"150810";"LIMA";"HUAURA";"SANTA MARIA";"SANIDAD DE LA POLICIA NACIONAL DEL PERU";"I-2";"00010834";"POSTA MEDICA POLICIAL HUACHO";"NE_0001";"";"NE_0001";"NE_0001";"NE_0001";"NE_0001";"NE_0001";"NE_0001";"NE_0001"
"2023";"02";"220508";"SAN MARTIN";"LAMAS";"SAN ROQUE DE CUMBAZA";"GOBIERNO REGIONAL";"I-1";"00006357";"ALTO SHAMBOYACU";"NE_0001";"";"NE_0001";"NE_0001";"NE_0001";"NE_0001";"NE_0001";"NE_0001";"NE_0001"
"2023";"02";"220501";"SAN MARTIN";"LAMAS";"LAMAS";"GOBIERNO REGIONAL";"I-1";"00006353";"HUAYCO LAMAS";"NE_0001";"";"NE_0001";"NE_0001";"NE_0001";"NE_0001";"NE_0001";"NE_0001";"NE_0001"
"2023";"02";"220507";"SAN MARTIN";"LAMAS";"RUMISAPA";"GOBIERNO REGIONAL";"I-1";"00006392";"MACEDA";"NE_0001";"";"NE_0001";"NE_0001";"NE_0001";"NE_0001";"NE_0001";"NE_0001";"NE_0001"
"2023";"02";"220511";"SAN MARTIN";"LAMAS";"ZAPATERO";"GOBIERNO REGIONAL";"I-1";"00006394";"SANTA ANA DEL RIO MAYO";"NE_0001";"";"NE_0001";"NE_0001";"NE_0001";"NE_0001";"NE_0001";"NE_0001";"NE_0001"
"2023";"02";"220507";"SAN MARTIN";"LAMAS";"RUMISAPA";"GOBIERNO REGIONAL";"I-1";"00006354";"CHIRAPA LA LIBERTAD";"NE_0001";"";"NE_0001";"NE_0001";"NE_0001";"NE_0001";"NE_0001";"NE_0001";"NE_0001"
"2023";"02";"220508";"SAN MARTIN";"LAMAS";"SAN ROQUE DE CUMBAZA";"GOBIERNO REGIONAL";"I-1";"00006355";"CHIRICYACU";"NE_0001";"";"NE_0001";"NE_0001";"NE_0001";"NE_0001";"NE_0001";"NE_0001";"NE_0001"
"2023";"02";"220508";"SAN MARTIN";"LAMAS";"SAN ROQUE DE CUMBAZA";"GOBIERNO REGIONAL";"I-2";"00006356";"PAMASHTO";"NE_0001";"";"NE_0001";"NE_0001";"NE_0001";"NE_0001";"NE_0001";"NE_0001";"NE_0001"
"2023";"02";"220912";"SAN MARTIN";"SAN MARTIN";"SAN ANTONIO";"GOBIERNO REGIONAL";"I-1";"00006387";"AUCALOMA";"NE_0001";"";"NE_0001";"NE_0001";"NE_0001";"NE_0001";"NE_0001";"NE_0001";"NE_0001"
"2023";"02";"220507";"SAN MARTIN";"LAMAS";"RUMISAPA";"GOBIERNO REGIONAL";"I-1";"00006391";"RUMIZAPA";"NE_0001";"";"NE_0001";"NE_0001";"NE_0001";"NE_0001";"NE_0001";"NE_0001";"NE_0001"
"2023";"02";"220508";"SAN MARTIN";"LAMAS";"SAN ROQUE DE CUMBAZA";"GOBIERNO REGIONAL";"I-1";"00006358";"YURILAMAS";"NE_0001";"";"NE_0001";"NE_0001";"NE_0001";"NE_0001";"NE_0001";"NE_0001";"NE_0001"
"2023";"02";"220507";"SAN MARTIN";"LAMAS";"RUMISAPA";"GOBIERNO REGIONAL";"I-1";"00006389";"CHURUZAPA";"NE_0001";"";"NE_0001";"NE_0001";"NE_0001";"NE_0001";"NE_0001";"NE_0001";"NE_0001"
"2023";"02";"220501";"SAN MARTIN";"LAMAS";"LAMAS";"GOBIERNO REGIONAL";"I-1";"00006390";"LAS FLORES DEL RIO MAYO";"NE_0001";"";"NE_0001";"NE_0001";"NE_0001";"NE_0001";"NE_0001";"NE_0001";"NE_0001"
"2023";"02";"220501";"SAN MARTIN";"LAMAS";"LAMAS";"GOBIERNO REGIONAL";"I-1";"00006388";"SAN ANTONIO RIO MAYO";"NE_0001";"";"NE_0001";"NE_0001";"NE_0001";"NE_0001";"NE_0001";"NE_0001";"NE_0001"
"2023";"02";"220508";"SAN MARTIN";"LAMAS";"SAN ROQUE DE CUMBAZA";"GOBIERNO REGIONAL";"I-1";"00006386";"SAN ROQUE DE CUMBAZA";"NE_0001";"";"NE_0001";"NE_0001";"NE_0001";"NE_0001";"NE_0001";"NE_0001";"NE_0001"
"2023";"02";"220507";"SAN MARTIN";"LAMAS";"RUMISAPA";"GOBIERNO REGIONAL";"I-1";"00006393";"PACCHILLA";"NE_0001";"";"NE_0001";"NE_0001";"NE_0001";"NE_0001";"NE_0001";"NE_0001";"NE_0001"
"2023";"02";"150122";"LIMA";"LIMA";"MIRAFLORES";"PRIVADO";"II-E";"00016121";"CENTRO MEDICO AVENDAÑO S.A.C.";"240100";"HOSPITALIZACIÓN QUIRÚRGICA CIRUGÍA GENERAL ";"64";"63";"66";"64";"5";"140";"0"
"2023";"02";"130906";"LA LIBERTAD";"SANCHEZ CARRION";"SANAGORAN";"GOBIERNO REGIONAL";"I-2";"00005359";"SANAGORAN";"NE_0001";"";"NE_0001";"NE_0001";"NE_0001";"NE_0001";"NE_0001";"NE_0001";"NE_0001"
"2023";"02";"130906";"LA LIBERTAD";"SANCHEZ CARRION";"SANAGORAN";"GOBIERNO REGIONAL";"I-2";"00007240";"HUALASGOSDAY";"NE_0001";"";"NE_0001";"NE_0001";"NE_0001";"NE_0001";"NE_0001";"NE_0001";"NE_0001"
"2023";"02";"130906";"LA LIBERTAD";"SANCHEZ CARRION";"SANAGORAN";"GOBIERNO REGIONAL";"I-2";"00007241";"CORRAL GRANDE";"NE_0001";"";"NE_0001";"NE_0001";"NE_0001";"NE_0001";"NE_0001";"NE_0001";"NE_0001"
"2023";"02";"110304";"ICA";"NAZCA";"MARCONA";"ESSALUD";"I-4";"00013911";"MARIA REICHE NEUMAN";"241800";"HOSPITALIZACIÓN DE MEDICINA MEDICINA GENERAL ";"19";"20";"99";"79";"5";"140";"0"
"2023";"02";"110304";"ICA";"NAZCA";"MARCONA";"ESSALUD";"I-4";"00013911";"MARIA REICHE NEUMAN";"240100";"HOSPITALIZACIÓN QUIRÚRGICA CIRUGÍA GENERAL ";"4";"4";"21";"17";"2";"56";"0"
"2023";"02";"110304";"ICA";"NAZCA";"MARCONA";"ESSALUD";"I-4";"00013911";"MARIA REICHE NEUMAN";"241500";"HOSPITALIZACIÓN QUIRÚRGICA GINECOLOGÍA  ";"11";"11";"31";"20";"2";"56";"0"
"2023";"02";"110304";"ICA";"NAZCA";"MARCONA";"ESSALUD";"I-4";"00013911";"MARIA REICHE NEUMAN";"242300";"HOSPITALIZACIÓN DE PEDIATRÍA  PEDIATRÍA  GENERAL ";"10";"11";"34";"23";"2";"56";"0"
"2023";"02";"120502";"JUNIN";"JUNIN";"CARHUAMAYO";"GOBIERNO REGIONAL";"I-3";"00000537";"CARHUAMAYO";"NE_0001";"";"NE_0001";"NE_0001";"NE_0001";"NE_0001";"NE_0001";"NE_0001";"NE_0001"
"2023";"02";"120504";"JUNIN";"JUNIN";"ULCUMAYO";"GOBIERNO REGIONAL";"I-1";"00000538";"LLAUPI";"NE_0001";"";"NE_0001";"NE_0001";"NE_0001";"NE_0001";"NE_0001";"NE_0001";"NE_0001"
"2023";"02";"120504";"JUNIN";"JUNIN";"ULCUMAYO";"GOBIERNO REGIONAL";"I-1";"00000540";"JACHAHUANCA";"NE_0001";"";"NE_0001";"NE_0001";"NE_0001";"NE_0001";"NE_0001";"NE_0001";"NE_0001"
"2023";"02";"120501";"JUNIN";"JUNIN";"JUNIN";"GOBIERNO REGIONAL";"I-1";"00000536";"HUAYRE";"NE_0001";"";"NE_0001";"NE_0001";"NE_0001";"NE_0001";"NE_0001";"NE_0001";"NE_0001"
"2023";"02";"120504";"JUNIN";"JUNIN";"ULCUMAYO";"GOBIERNO REGIONAL";"I-1";"00000539";"PUYAY";"NE_0001";"";"NE_0001";"NE_0001";"NE_0001";"NE_0001";"NE_0001";"NE_0001";"NE_0001"
"2023";"02";"120504";"JUNIN";"JUNIN";"ULCUMAYO";"GOBIERNO REGIONAL";"I-1";"00000541";"CARAPACHO";"NE_0001";"";"NE_0001";"NE_0001";"NE_0001";"NE_0001";"NE_0001";"NE_0001";"NE_0001"
"2023";"02";"061201";"CAJAMARCA";"SAN PABLO";"SAN PABLO";"ESSALUD";"I-1";"00010271";"POSTA MEDICA ESSALUD SAN PABLO";"NE_0001";"";"NE_0001";"NE_0001";"NE_0001";"NE_0001";"NE_0001";"NE_0001";"NE_0001"
"2023";"02";"220203";"SAN MARTIN";"BELLAVISTA";"BAJO BIAVO";"GOBIERNO REGIONAL";"I-1";"00006521";"DOS UNIDOS";"NE_0002";"";"NE_0002";"NE_0002";"NE_0002";"NE_0002";"NE_0002";"NE_0002";"NE_0002"
"2023";"02";"220203";"SAN MARTIN";"BELLAVISTA";"BAJO BIAVO";"GOBIERNO REGIONAL";"I-1";"00011343";"YANAYACU";"NE_0002";"";"NE_0002";"NE_0002";"NE_0002";"NE_0002";"NE_0002";"NE_0002";"NE_0002"
"2023";"02";"220602";"SAN MARTIN";"MARISCAL CACERES";"CAMPANILLA";"GOBIERNO REGIONAL";"I-3";"00006575";"CAMPANILLA";"NE_0001";"";"NE_0001";"NE_0001";"NE_0001";"NE_0001";"NE_0001";"NE_0001";"NE_0001"
"2023";"02";"220602";"SAN MARTIN";"MARISCAL CACERES";"CAMPANILLA";"GOBIERNO REGIONAL";"I-1";"00006579";"NUEVO JAEN";"NE_0001";"";"NE_0001";"NE_0001";"NE_0001";"NE_0001";"NE_0001";"NE_0001";"NE_0001"
"2023";"02";"220602";"SAN MARTIN";"MARISCAL CACERES";"CAMPANILLA";"GOBIERNO REGIONAL";"I-1";"00006577";"SHUMANZA";"NE_0001";"";"NE_0001";"NE_0001";"NE_0001";"NE_0001";"NE_0001";"NE_0001";"NE_0001"
"2023";"02";"220602";"SAN MARTIN";"MARISCAL CACERES";"CAMPANILLA";"GOBIERNO REGIONAL";"I-1";"00006578";"SION";"NE_0001";"";"NE_0001";"NE_0001";"NE_0001";"NE_0001";"NE_0001";"NE_0001";"NE_0001"
"2023";"02";"220602";"SAN MARTIN";"MARISCAL CACERES";"CAMPANILLA";"GOBIERNO REGIONAL";"I-1";"00006576";"BALZAYACU";"NE_0001";"";"NE_0001";"NE_0001";"NE_0001";"NE_0001";"NE_0001";"NE_0001";"NE_0001"
"2023";"02";"220602";"SAN MARTIN";"MARISCAL CACERES";"CAMPANILLA";"GOBIERNO REGIONAL";"I-1";"00006715";"PERLAMAYO";"NE_0001";"";"NE_0001";"NE_0001";"NE_0001";"NE_0001";"NE_0001";"NE_0001";"NE_0001"
"2023";"02";"120201";"JUNIN";"CONCEPCION";"CONCEPCION";"GOBIERNO REGIONAL";"II-E";"00027857";"INSTITUTO REGIONAL DE ENFERMEDADES NEOPLÁSICAS DEL CENTRO - IREN CENTRO";"242100";"HOSPITALIZACIÓN DE MEDICINA ONCOLOGÍA MÉDICA ";"115";"111";"660";"645";"25";"700";"3"
"2023";"02";"120201";"JUNIN";"CONCEPCION";"CONCEPCION";"GOBIERNO REGIONAL";"II-E";"00027857";"INSTITUTO REGIONAL DE ENFERMEDADES NEOPLÁSICAS DEL CENTRO - IREN CENTRO";"241000";"HOSPITALIZACIÓN QUIRÚRGICA ONCOLOGÍA QUIRÚRGICA  ";"101";"99";"428";"500";"20";"560";"0"
"2023";"02";"120201";"JUNIN";"CONCEPCION";"CONCEPCION";"GOBIERNO REGIONAL";"II-E";"00027857";"INSTITUTO REGIONAL DE ENFERMEDADES NEOPLÁSICAS DEL CENTRO - IREN CENTRO";"250100";"UNIDAD DE CUIDADOS CRITICOS UNIDAD  DE CUIDADOS INTENSIVOS GENERALES (UCI) ";"10";"10";"38";"61";"6";"168";"0"
"2023";"02";"120201";"JUNIN";"CONCEPCION";"CONCEPCION";"GOBIERNO REGIONAL";"II-E";"00027857";"INSTITUTO REGIONAL DE ENFERMEDADES NEOPLÁSICAS DEL CENTRO - IREN CENTRO";"250200";"UNIDAD DE CUIDADOS CRITICOS UNIDAD DE CUIDADOS INTERMEDIOS GENERAL  (UCIN) ";"10";"13";"96";"79";"4";"112";"0"
"2023";"02";"010201";"AMAZONAS";"BAGUA";"BAGUA";"GOBIERNO REGIONAL";"II-1";"00005044";"GUSTAVO LANATTA LUJAN";"240100";"HOSPITALIZACIÓN QUIRÚRGICA CIRUGÍA GENERAL ";"71";"71";"222";"222";"10";"280";"0"
"2023";"02";"010201";"AMAZONAS";"BAGUA";"BAGUA";"GOBIERNO REGIONAL";"II-1";"00005044";"GUSTAVO LANATTA LUJAN";"241400";"HOSPITALIZACIÓN QUIRÚRGICA GINECO - OBSTETRICIA ";"163";"163";"319";"319";"19";"532";"0"
"2023";"02";"010201";"AMAZONAS";"BAGUA";"BAGUA";"GOBIERNO REGIONAL";"II-1";"00005044";"GUSTAVO LANATTA LUJAN";"241800";"HOSPITALIZACIÓN DE MEDICINA MEDICINA GENERAL ";"74";"74";"252";"252";"29";"812";"3"
"2023";"02";"010201";"AMAZONAS";"BAGUA";"BAGUA";"GOBIERNO REGIONAL";"II-1";"00005044";"GUSTAVO LANATTA LUJAN";"242500";"HOSPITALIZACIÓN-PEDIATRÍA GENERAL-";"32";"32";"117";"117";"10";"280";"0"
"2023";"02";"010201";"AMAZONAS";"BAGUA";"BAGUA";"GOBIERNO REGIONAL";"II-1";"00005044";"GUSTAVO LANATTA LUJAN";"243200";"HOSPITALIZACIÓN DE PEDIATRÍA PEDIATRIA NEONATOLOGÍA";"17";"17";"54";"54";"9";"252";"1"
"2023";"02";"010201";"AMAZONAS";"BAGUA";"BAGUA";"GOBIERNO REGIONAL";"II-1";"00005044";"GUSTAVO LANATTA LUJAN";"250103";"UNIDAD DE CUIDADOS CRITICOS UNIDAD  DE CUIDADOS INTENSIVOS GENERALES  (UCI) MEDICINA";"10";"10";"60";"60";"7";"196";"2"
"2023";"02";"120603";"JUNIN";"SATIPO";"LLAYLLA";"GOBIERNO REGIONAL";"I-1";"00000433";"BELEN";"NE_0001";"";"NE_0001";"NE_0001";"NE_0001";"NE_0001";"NE_0001";"NE_0001";"NE_0001"
"2023";"02";"120604";"JUNIN";"SATIPO";"MAZAMARI";"GOBIERNO REGIONAL";"I-2";"00000436";"PUEBLO LIBRE DE PAURIALI";"NE_0001";"";"NE_0001";"NE_0001";"NE_0001";"NE_0001";"NE_0001";"NE_0001";"NE_0001"
"2023";"02";"120604";"JUNIN";"SATIPO";"MAZAMARI";"GOBIERNO REGIONAL";"I-1";"00016911";"BUENOS AIRES";"NE_0001";"";"NE_0001";"NE_0001";"NE_0001";"NE_0001";"NE_0001";"NE_0001";"NE_0001"
"2023";"02";"120603";"JUNIN";"SATIPO";"LLAYLLA";"GOBIERNO REGIONAL";"I-3";"00000490";"LLAYLLA";"NE_0001";"";"NE_0001";"NE_0001";"NE_0001";"NE_0001";"NE_0001";"NE_0001";"NE_0001"
"2023";"02";"120603";"JUNIN";"SATIPO";"LLAYLLA";"GOBIERNO REGIONAL";"I-2";"00000491";"HERMOSA PAMPA";"NE_0001";"";"NE_0001";"NE_0001";"NE_0001";"NE_0001";"NE_0001";"NE_0001";"NE_0001"
"2023";"02";"120606";"JUNIN";"SATIPO";"PANGOA";"GOBIERNO REGIONAL";"I-1";"00000439";"SAN CRISTOBAL";"NE_0001";"";"NE_0001";"NE_0001";"NE_0001";"NE_0001";"NE_0001";"NE_0001";"NE_0001"
"2023";"02";"120604";"JUNIN";"SATIPO";"MAZAMARI";"GOBIERNO REGIONAL";"I-1";"00016909";"TEORIA";"NE_0001";"";"NE_0001";"NE_0001";"NE_0001";"NE_0001";"NE_0001";"NE_0001";"NE_0001"
"2023";"02";"080106";"CUSCO";"CUSCO";"SANTIAGO";"PRIVADO";"II-E";"00024173";"OXIGEN MEDICAL NETWORK";"240100";"HOSPITALIZACIÓN QUIRÚRGICA CIRUGÍA GENERAL ";"47";"49";"148";"50";"13";"364";"0"
"2023";"02";"080106";"CUSCO";"CUSCO";"SANTIAGO";"PRIVADO";"II-E";"00024173";"OXIGEN MEDICAL NETWORK";"241800";"HOSPITALIZACIÓN DE MEDICINA MEDICINA GENERAL ";"56";"56";"195";"64";"12";"336";"0"
"2023";"02";"080106";"CUSCO";"CUSCO";"SANTIAGO";"PRIVADO";"II-E";"00024173";"OXIGEN MEDICAL NETWORK";"250100";"UNIDAD DE CUIDADOS CRITICOS UNIDAD  DE CUIDADOS INTENSIVOS GENERALES (UCI) ";"2";"2";"25";"2";"10";"280";"1"
"2023";"03";"220101";"SAN MARTIN";"MOYOBAMBA";"MOYOBAMBA";"SANIDAD DE LA POLICIA NACIONAL DEL PERU";"I-3";"00018077";"POLICLINICO PNP MOYOBAMBA";"NE_0001";"";"NE_0001";"NE_0001";"NE_0001";"NE_0001";"NE_0001";"NE_0001";"NE_0001"
"2023";"03";"021904";"ANCASH";"SIHUAS";"CASHAPAMPA";"GOBIERNO REGIONAL";"I-1";"00001798";"PUESTO DE SALUD PASACANCHA";"NE_0002";"";"NE_0002";"NE_0002";"NE_0002";"NE_0002";"NE_0002";"NE_0002";"NE_0002"
"2023";"03";"021909";"ANCASH";"SIHUAS";"SAN JUAN";"GOBIERNO REGIONAL";"I-2";"00001809";"PUESTO DE SALUD ANDAYMAYO";"NE_0002";"";"NE_0002";"NE_0002";"NE_0002";"NE_0002";"NE_0002";"NE_0002";"NE_0002"
"2023";"03";"021909";"ANCASH";"SIHUAS";"SAN JUAN";"GOBIERNO REGIONAL";"I-2";"00001808";"PUESTO DE SALUD SAN JUAN CHULLIN";"NE_0002";"";"NE_0002";"NE_0002";"NE_0002";"NE_0002";"NE_0002";"NE_0002";"NE_0002"
"2023";"03";"021909";"ANCASH";"SIHUAS";"SAN JUAN";"GOBIERNO REGIONAL";"I-1";"00001810";"PUESTO DE SALUD CHINCHOBAMBA";"NE_0002";"";"NE_0002";"NE_0002";"NE_0002";"NE_0002";"NE_0002";"NE_0002";"NE_0002"
"2023";"03";"021904";"ANCASH";"SIHUAS";"CASHAPAMPA";"GOBIERNO REGIONAL";"I-1";"00001797";"PUESTO DE SALUD CASHAPAMPA";"NE_0002";"";"NE_0002";"NE_0002";"NE_0002";"NE_0002";"NE_0002";"NE_0002";"NE_0002"
"2023";"03";"021906";"ANCASH";"SIHUAS";"HUAYLLABAMBA";"GOBIERNO REGIONAL";"I-1";"00001804";"PUESTO DE SALUD PIRPO";"NE_0002";"";"NE_0002";"NE_0002";"NE_0002";"NE_0002";"NE_0002";"NE_0002";"NE_0002"
"2023";"03";"021906";"ANCASH";"SIHUAS";"HUAYLLABAMBA";"GOBIERNO REGIONAL";"I-2";"00001803";"PUESTO DE SALUD SANTA CLARA";"NE_0002";"";"NE_0002";"NE_0002";"NE_0002";"NE_0002";"NE_0002";"NE_0002";"NE_0002"
"2023";"03";"021909";"ANCASH";"SIHUAS";"SAN JUAN";"GOBIERNO REGIONAL";"I-1";"00007449";"PUESTO DE SALUD PARIASHPAMPA";"NE_0002";"";"NE_0002";"NE_0002";"NE_0002";"NE_0002";"NE_0002";"NE_0002";"NE_0002"
"2023";"03";"021908";"ANCASH";"SIHUAS";"RAGASH";"GOBIERNO REGIONAL";"I-1";"00001796";"PUESTO DE SALUD RAGASH";"NE_0002";"";"NE_0002";"NE_0002";"NE_0002";"NE_0002";"NE_0002";"NE_0002";"NE_0002"
"2023";"03";"021910";"ANCASH";"SIHUAS";"SICSIBAMBA";"GOBIERNO REGIONAL";"I-2";"00001811";"PUESTO DE SALUD SICSIBAMBA";"NE_0002";"";"NE_0002";"NE_0002";"NE_0002";"NE_0002";"NE_0002";"NE_0002";"NE_0002"
"2023";"03";"021910";"ANCASH";"SIHUAS";"SICSIBAMBA";"GOBIERNO REGIONAL";"I-1";"00001812";"PUESTO DE SALUD UMBE";"NE_0002";"";"NE_0002";"NE_0002";"NE_0002";"NE_0002";"NE_0002";"NE_0002";"NE_0002"
"2023";"03";"021901";"ANCASH";"SIHUAS";"SIHUAS";"GOBIERNO REGIONAL";"I-1";"00009731";"PUESTO DE SALUD SAURAPA";"NE_0002";"";"NE_0002";"NE_0002";"NE_0002";"NE_0002";"NE_0002";"NE_0002";"NE_0002"
"2023";"03";"021906";"ANCASH";"SIHUAS";"HUAYLLABAMBA";"GOBIERNO REGIONAL";"I-3";"00001802";"CENTRO DE SALUD HUAYLLABAMBA";"NE_0002";"";"NE_0002";"NE_0002";"NE_0002";"NE_0002";"NE_0002";"NE_0002";"NE_0002"
"2023";"03";"021908";"ANCASH";"SIHUAS";"RAGASH";"GOBIERNO REGIONAL";"I-1";"00009734";"PUESTO DE SALUD QUINGAO";"NE_0002";"";"NE_0002";"NE_0002";"NE_0002";"NE_0002";"NE_0002";"NE_0002";"NE_0002"
"2023";"03";"150141";"LIMA";"LIMA";"SURQUILLO";"SANIDAD DE LA POLICIA NACIONAL DEL PERU";"I-3";"00012822";"CENTRO ODONTOLOGICO PNP ANGAMOS";"NE_0001";"";"NE_0001";"NE_0001";"NE_0001";"NE_0001";"NE_0001";"NE_0001";"NE_0001"
"2023";"03";"150122";"LIMA";"LIMA";"MIRAFLORES";"PRIVADO";"II-E";"00019671";"CLINICA RENACER";"NE_0002";"";"NE_0002";"NE_0002";"NE_0002";"NE_0002";"NE_0002";"NE_0002";"NE_0002"
"2023";"01";"250101";"UCAYALI";"CORONEL PORTILLO";"CALLERIA";"PRIVADO";"II-E";"00027312";"Clínica Especializada Amazónica SAC";"240100";"HOSPITALIZACIÓN QUIRÚRGICA CIRUGÍA GENERAL ";"38";"38";"38";"38";"2";"62";"0"
"2023";"01";"061001";"CAJAMARCA";"SAN MARCOS";"PEDRO GALVEZ";"GOBIERNO REGIONAL";"I-1";"00004505";"HUAYOBAMBA";"NE_0001";"";"NE_0001";"NE_0001";"NE_0001";"NE_0001";"NE_0001";"NE_0001";"NE_0001"
"2023";"01";"061004";"CAJAMARCA";"SAN MARCOS";"GREGORIO PITA";"GOBIERNO REGIONAL";"I-1";"00004503";"PUESTO DE SALUD ULLILLIN";"NE_0001";"";"NE_0001";"NE_0001";"NE_0001";"NE_0001";"NE_0001";"NE_0001";"NE_0001"
"2023";"01";"061001";"CAJAMARCA";"SAN MARCOS";"PEDRO GALVEZ";"GOBIERNO REGIONAL";"I-1";"00004504";"EDELMIRA";"NE_0001";"";"NE_0001";"NE_0001";"NE_0001";"NE_0001";"NE_0001";"NE_0001";"NE_0001"
"2023";"01";"061004";"CAJAMARCA";"SAN MARCOS";"GREGORIO PITA";"GOBIERNO REGIONAL";"I-1";"00004506";"PUESTO DE SALUD MANZANILLA";"NE_0001";"";"NE_0001";"NE_0001";"NE_0001";"NE_0001";"NE_0001";"NE_0001";"NE_0001"
"2023";"01";"061004";"CAJAMARCA";"SAN MARCOS";"GREGORIO PITA";"GOBIERNO REGIONAL";"I-2";"00004507";"RIO SECO";"NE_0001";"";"NE_0001";"NE_0001";"NE_0001";"NE_0001";"NE_0001";"NE_0001";"NE_0001"
"2023";"01";"061001";"CAJAMARCA";"SAN MARCOS";"PEDRO GALVEZ";"GOBIERNO REGIONAL";"I-4";"00004501";"SAN MARCOS";"241600";"HOSPITALIZACIÓN QUIRÚRGICA OBSTETRICIA   ";"18";"19";"28";"53";"9";"279";"0"
"2023";"01";"061001";"CAJAMARCA";"SAN MARCOS";"PEDRO GALVEZ";"GOBIERNO REGIONAL";"I-4";"00004501";"SAN MARCOS";"241800";"HOSPITALIZACIÓN DE MEDICINA MEDICINA GENERAL ";"11";"11";"34";"41";"3";"93";"0"
"2023";"01";"061004";"CAJAMARCA";"SAN MARCOS";"GREGORIO PITA";"GOBIERNO REGIONAL";"I-1";"00004502";"PUESTO DE SALUD MUYOC";"NE_0001";"";"NE_0001";"NE_0001";"NE_0001";"NE_0001";"NE_0001";"NE_0001";"NE_0001"
"2023";"01";"061004";"CAJAMARCA";"SAN MARCOS";"GREGORIO PITA";"GOBIERNO REGIONAL";"I-2";"00004508";"PAUCAMARCA";"NE_0001";"";"NE_0001";"NE_0001";"NE_0001";"NE_0001";"NE_0001";"NE_0001";"NE_0001"
"2023";"01";"061001";"CAJAMARCA";"SAN MARCOS";"PEDRO GALVEZ";"GOBIERNO REGIONAL";"I-1";"00004509";"CONDORMARCA";"NE_0001";"";"NE_0001";"NE_0001";"NE_0001";"NE_0001";"NE_0001";"NE_0001";"NE_0001"
"2023";"01";"061001";"CAJAMARCA";"SAN MARCOS";"PEDRO GALVEZ";"GOBIERNO REGIONAL";"I-1";"00004510";"CHUCO";"NE_0001";"";"NE_0001";"NE_0001";"NE_0001";"NE_0001";"NE_0001";"NE_0001";"NE_0001"
"2023";"02";"130504";"LA LIBERTAD";"JULCAN";"HUASO";"GOBIERNO REGIONAL";"I-2";"00006770";"CHINCHINVARA";"NE_0001";"";"NE_0001";"NE_0001";"NE_0001";"NE_0001";"NE_0001";"NE_0001";"NE_0001"
"2023";"02";"130504";"LA LIBERTAD";"JULCAN";"HUASO";"GOBIERNO REGIONAL";"I-4";"00005312";"HUASO";"NE_0001";"";"NE_0001";"NE_0001";"NE_0001";"NE_0001";"NE_0001";"NE_0001";"NE_0001"
"2023";"02";"130504";"LA LIBERTAD";"JULCAN";"HUASO";"GOBIERNO REGIONAL";"I-2";"00006772";"LA VEGA";"NE_0001";"";"NE_0001";"NE_0001";"NE_0001";"NE_0001";"NE_0001";"NE_0001";"NE_0001"
"2023";"02";"130504";"LA LIBERTAD";"JULCAN";"HUASO";"GOBIERNO REGIONAL";"I-1";"00016422";"LA UNION";"NE_0001";"";"NE_0001";"NE_0001";"NE_0001";"NE_0001";"NE_0001";"NE_0001";"NE_0001"
"2023";"02";"130504";"LA LIBERTAD";"JULCAN";"HUASO";"GOBIERNO REGIONAL";"I-2";"00005313";"PARASIVE";"NE_0002";"";"NE_0002";"NE_0002";"NE_0002";"NE_0002";"NE_0002";"NE_0002";"NE_0002"
"2023";"02";"130504";"LA LIBERTAD";"JULCAN";"HUASO";"GOBIERNO REGIONAL";"I-2";"00005335";"UNINGAMBAL";"NE_0001";"";"NE_0001";"NE_0001";"NE_0001";"NE_0001";"NE_0001";"NE_0001";"NE_0001"
"2023";"02";"130504";"LA LIBERTAD";"JULCAN";"HUASO";"GOBIERNO REGIONAL";"I-3";"00006771";"CANRAZ";"NE_0001";"";"NE_0001";"NE_0001";"NE_0001";"NE_0001";"NE_0001";"NE_0001";"NE_0001"
"2023";"02";"220506";"SAN MARTIN";"LAMAS";"PINTO RECODO";"GOBIERNO REGIONAL";"I-1";"00006343";"GOSEN";"NE_0001";"";"NE_0001";"NE_0001";"NE_0001";"NE_0001";"NE_0001";"NE_0001";"NE_0001"
"2023";"02";"220506";"SAN MARTIN";"LAMAS";"PINTO RECODO";"GOBIERNO REGIONAL";"I-1";"00006344";"LA LIBERTAD BAJO MAYO";"NE_0001";"";"NE_0001";"NE_0001";"NE_0001";"NE_0001";"NE_0001";"NE_0001";"NE_0001"
"2023";"02";"220506";"SAN MARTIN";"LAMAS";"PINTO RECODO";"GOBIERNO REGIONAL";"I-1";"00006347";"VENCEDOR";"NE_0001";"";"NE_0001";"NE_0001";"NE_0001";"NE_0001";"NE_0001";"NE_0001";"NE_0001"
"2023";"02";"220502";"SAN MARTIN";"LAMAS";"ALONSO DE ALVARADO";"GOBIERNO REGIONAL";"I-3";"00006350";"PACAYZAPA";"241600";"HOSPITALIZACIÓN QUIRÚRGICA OBSTETRICIA   ";"1";"1";"1";"1";"1";"56";"0"
"2023";"02";"220506";"SAN MARTIN";"LAMAS";"PINTO RECODO";"GOBIERNO REGIONAL";"I-1";"00006342";"BETANIA";"NE_0001";"";"NE_0001";"NE_0001";"NE_0001";"NE_0001";"NE_0001";"NE_0001";"NE_0001"
"2023";"02";"220502";"SAN MARTIN";"LAMAS";"ALONSO DE ALVARADO";"GOBIERNO REGIONAL";"I-1";"00006351";"SAN JUAN DE PACAYZAPA";"NE_0001";"";"NE_0001";"NE_0001";"NE_0001";"NE_0001";"NE_0001";"NE_0001";"NE_0001"
"2023";"02";"220506";"SAN MARTIN";"LAMAS";"PINTO RECODO";"GOBIERNO REGIONAL";"I-1";"00006345";"MIRAFLORES";"NE_0001";"";"NE_0001";"NE_0001";"NE_0001";"NE_0001";"NE_0001";"NE_0001";"NE_0001"
"2023";"02";"050501";"AYACUCHO";"LA MAR";"SAN MIGUEL";"GOBIERNO REGIONAL";"II-E";"00003792";"HOSPITAL DE APOYO  SAN MIGUEL";"240100";"HOSPITALIZACIÓN QUIRÚRGICA CIRUGÍA GENERAL ";"9";"9";"21";"5";"5";"150";"1"
"2023";"02";"050501";"AYACUCHO";"LA MAR";"SAN MIGUEL";"GOBIERNO REGIONAL";"II-E";"00003792";"HOSPITAL DE APOYO  SAN MIGUEL";"241500";"HOSPITALIZACIÓN QUIRÚRGICA GINECOLOGÍA  ";"7";"7";"18";"3";"5";"150";"0"
"2023";"02";"050501";"AYACUCHO";"LA MAR";"SAN MIGUEL";"GOBIERNO REGIONAL";"II-E";"00003792";"HOSPITAL DE APOYO  SAN MIGUEL";"241600";"HOSPITALIZACIÓN QUIRÚRGICA OBSTETRICIA   ";"23";"23";"45";"8";"5";"150";"0"
"2023";"02";"050501";"AYACUCHO";"LA MAR";"SAN MIGUEL";"GOBIERNO REGIONAL";"II-E";"00003792";"HOSPITAL DE APOYO  SAN MIGUEL";"241800";"HOSPITALIZACIÓN DE MEDICINA MEDICINA GENERAL ";"8";"11";"60";"9";"5";"150";"1"
"2023";"02";"050501";"AYACUCHO";"LA MAR";"SAN MIGUEL";"GOBIERNO REGIONAL";"II-E";"00003792";"HOSPITAL DE APOYO  SAN MIGUEL";"242500";"HOSPITALIZACIÓN-PEDIATRÍA GENERAL-";"1";"1";"1";"1";"5";"150";"0"
"2023";"02";"130906";"LA LIBERTAD";"SANCHEZ CARRION";"SANAGORAN";"GOBIERNO REGIONAL";"I-2";"00005360";"VENTANAS";"NE_0001";"";"NE_0001";"NE_0001";"NE_0001";"NE_0001";"NE_0001";"NE_0001";"NE_0001"
"2023";"02";"130906";"LA LIBERTAD";"SANCHEZ CARRION";"SANAGORAN";"GOBIERNO REGIONAL";"I-1";"00019765";"24 DE JUNIO";"NE_0001";"";"NE_0001";"NE_0001";"NE_0001";"NE_0001";"NE_0001";"NE_0001";"NE_0001"
"2023";"02";"080106";"CUSCO";"CUSCO";"SANTIAGO";"PRIVADO";"II-E";"00023570";"MIR SALUD";"240000";"HOSPITALIZACIÓN";"26";"22";"40";"130";"9";"252";"0"
"2023";"02";"130105";"LA LIBERTAD";"TRUJILLO";"LA ESPERANZA";"PRIVADO";"II-1";"00021412";"CLÍNICA MADRE DE CRISTO";"241400";"HOSPITALIZACIÓN QUIRÚRGICA GINECO - OBSTETRICIA ";"9";"9";"12";"9";"4";"12";"0"
"2023";"02";"130105";"LA LIBERTAD";"TRUJILLO";"LA ESPERANZA";"PRIVADO";"II-1";"00021412";"CLÍNICA MADRE DE CRISTO";"240100";"HOSPITALIZACIÓN QUIRÚRGICA CIRUGÍA GENERAL ";"30";"30";"35";"30";"8";"35";"0"
"2023";"03";"030201";"APURIMAC";"ANDAHUAYLAS";"ANDAHUAYLAS";"GOBIERNO REGIONAL";"II-2";"00004131";"HOSPITAL SUBREGIONAL DE ANDAHUAYLAS";"240100";"HOSPITALIZACIÓN QUIRÚRGICA CIRUGÍA GENERAL ";"56";"55";"371";"298";"12";"346";"0"
"2023";"03";"030201";"APURIMAC";"ANDAHUAYLAS";"ANDAHUAYLAS";"GOBIERNO REGIONAL";"II-2";"00004131";"HOSPITAL SUBREGIONAL DE ANDAHUAYLAS";"240700";"HOSPITALIZACIÓN QUIRÚRGICA CIRUGÍA PEDIÁTRICA ";"20";"22";"109";"92";"4";"104";"0"
"2023";"03";"030201";"APURIMAC";"ANDAHUAYLAS";"ANDAHUAYLAS";"GOBIERNO REGIONAL";"II-2";"00004131";"HOSPITAL SUBREGIONAL DE ANDAHUAYLAS";"241200";"HOSPITALIZACIÓN QUIRÚRGICA TRAUMATOLOGÍA Y ORTOPEDIA ";"7";"12";"161";"138";"7";"206";"0"
"2023";"03";"030201";"APURIMAC";"ANDAHUAYLAS";"ANDAHUAYLAS";"GOBIERNO REGIONAL";"II-2";"00004131";"HOSPITAL SUBREGIONAL DE ANDAHUAYLAS";"241500";"HOSPITALIZACIÓN QUIRÚRGICA GINECOLOGÍA  ";"40";"42";"88";"70";"5";"134";"0"
"2023";"03";"030201";"APURIMAC";"ANDAHUAYLAS";"ANDAHUAYLAS";"GOBIERNO REGIONAL";"II-2";"00004131";"HOSPITAL SUBREGIONAL DE ANDAHUAYLAS";"241600";"HOSPITALIZACIÓN QUIRÚRGICA OBSTETRICIA   ";"156";"153";"373";"352";"18";"431";"0"
"2023";"03";"030201";"APURIMAC";"ANDAHUAYLAS";"ANDAHUAYLAS";"GOBIERNO REGIONAL";"II-2";"00004131";"HOSPITAL SUBREGIONAL DE ANDAHUAYLAS";"241800";"HOSPITALIZACIÓN DE MEDICINA MEDICINA GENERAL ";"78";"67";"524";"459";"18";"478";"9"
"2023";"03";"030201";"APURIMAC";"ANDAHUAYLAS";"ANDAHUAYLAS";"GOBIERNO REGIONAL";"II-2";"00004131";"HOSPITAL SUBREGIONAL DE ANDAHUAYLAS";"242200";"HOSPITALIZACIÓN DE MEDICINA PSIQUIATRÍA ";"5";"7";"116";"171";"6";"186";"0"
"2023";"03";"030201";"APURIMAC";"ANDAHUAYLAS";"ANDAHUAYLAS";"GOBIERNO REGIONAL";"II-2";"00004131";"HOSPITAL SUBREGIONAL DE ANDAHUAYLAS";"242500";"HOSPITALIZACIÓN-PEDIATRÍA GENERAL-";"31";"30";"127";"123";"6";"168";"0"
"2023";"03";"030201";"APURIMAC";"ANDAHUAYLAS";"ANDAHUAYLAS";"GOBIERNO REGIONAL";"II-2";"00004131";"HOSPITAL SUBREGIONAL DE ANDAHUAYLAS";"243200";"HOSPITALIZACIÓN DE PEDIATRÍA PEDIATRIA NEONATOLOGÍA";"42";"40";"376";"203";"10";"274";"0"
"2023";"03";"030201";"APURIMAC";"ANDAHUAYLAS";"ANDAHUAYLAS";"GOBIERNO REGIONAL";"II-2";"00004131";"HOSPITAL SUBREGIONAL DE ANDAHUAYLAS";"250100";"UNIDAD DE CUIDADOS CRITICOS UNIDAD  DE CUIDADOS INTENSIVOS GENERALES (UCI) ";"7";"8";"57";"77";"3";"90";"4"
"2023";"03";"030201";"APURIMAC";"ANDAHUAYLAS";"ANDAHUAYLAS";"GOBIERNO REGIONAL";"II-2";"00004131";"HOSPITAL SUBREGIONAL DE ANDAHUAYLAS";"250108";"UNIDAD DE CUIDADOS CRITICOS UNIDAD  DE CUIDADOS INTENSIVOS  (UCI) PEDIÁTRICA";"6";"4";"12";"33";"2";"61";"1"
"2023";"03";"150101";"LIMA";"LIMA";"LIMA";"ESSALUD";"II-1";"00009188";"HOSPITAL II RAMON CASTILLA";"241600";"HOSPITALIZACIÓN QUIRÚRGICA OBSTETRICIA   ";"98";"103";"258";"253";"12";"372";"0"
"2023";"03";"150101";"LIMA";"LIMA";"LIMA";"ESSALUD";"II-1";"00009188";"HOSPITAL II RAMON CASTILLA";"242300";"HOSPITALIZACIÓN DE PEDIATRÍA  PEDIATRÍA  GENERAL ";"44";"45";"165";"166";"6";"186";"0"
"2023";"03";"150101";"LIMA";"LIMA";"LIMA";"ESSALUD";"II-1";"00009188";"HOSPITAL II RAMON CASTILLA";"243200";"HOSPITALIZACIÓN DE PEDIATRÍA PEDIATRIA NEONATOLOGÍA";"11";"13";"36";"31";"1";"31";"0"
"2023";"03";"130107";"LA LIBERTAD";"TRUJILLO";"MOCHE";"ESSALUD";"I-4";"00009038";"CENTRO DE SALUD CON INTERNAMIENTO MOCHE";"241800";"HOSPITALIZACIÓN DE MEDICINA MEDICINA GENERAL ";"41";"42";"178";"177";"7";"217";"1"
"2023";"03";"110207";"ICA";"CHINCHA";"PUEBLO NUEVO";"ESSALUD";"I-3";"00012277";"PUEBLO NUEVO";"NE_0001";"";"NE_0001";"NE_0001";"NE_0001";"NE_0001";"NE_0001";"NE_0001";"NE_0001"
"2023";"03";"160601";"LORETO";"UCAYALI";"CONTAMANA";"ESSALUD";"I-3";"00010843";"POSTA MEDICA ESSALUD CONTAMANA";"NE_0001";"";"NE_0001";"NE_0001";"NE_0001";"NE_0001";"NE_0001";"NE_0001";"NE_0001"
"2023";"03";"120114";"JUNIN";"HUANCAYO";"EL TAMBO";"PRIVADO";"II-E";"00025383";"CLINICA MEDICO QUIRURGICO HUANCAYO E.I.R.L.";"241200";"HOSPITALIZACIÓN QUIRÚRGICA TRAUMATOLOGÍA Y ORTOPEDIA ";"1";"1";"5";"10";"12";"15";"0"
"2023";"03";"220504";"SAN MARTIN";"LAMAS";"CAYNARACHI";"GOBIERNO REGIONAL";"I-4";"00006415";"PONGO DEL CAYNARACHI";"241600";"HOSPITALIZACIÓN QUIRÚRGICA OBSTETRICIA   ";"6";"6";"6";"8";"4";"124";"0"
"2023";"03";"220504";"SAN MARTIN";"LAMAS";"CAYNARACHI";"GOBIERNO REGIONAL";"I-1";"00006417";"SAN MIGUEL DE ACHINAMIZA";"NE_0001";"";"NE_0001";"NE_0001";"NE_0001";"NE_0001";"NE_0001";"NE_0001";"NE_0001"
"2023";"03";"220504";"SAN MARTIN";"LAMAS";"CAYNARACHI";"GOBIERNO REGIONAL";"I-2";"00006418";"ALIANZA";"NE_0001";"";"NE_0001";"NE_0001";"NE_0001";"NE_0001";"NE_0001";"NE_0001";"NE_0001"
"2023";"03";"220504";"SAN MARTIN";"LAMAS";"CAYNARACHI";"GOBIERNO REGIONAL";"I-1";"00006419";"BONILLA";"NE_0001";"";"NE_0001";"NE_0001";"NE_0001";"NE_0001";"NE_0001";"NE_0001";"NE_0001"
"2023";"03";"220504";"SAN MARTIN";"LAMAS";"CAYNARACHI";"GOBIERNO REGIONAL";"I-1";"00006421";"YUMBATOS";"NE_0001";"";"NE_0001";"NE_0001";"NE_0001";"NE_0001";"NE_0001";"NE_0001";"NE_0001"
"2023";"03";"220504";"SAN MARTIN";"LAMAS";"CAYNARACHI";"GOBIERNO REGIONAL";"I-1";"00006422";"SAN JUAN DE SHANUSI";"NE_0001";"";"NE_0001";"NE_0001";"NE_0001";"NE_0001";"NE_0001";"NE_0001";"NE_0001"
"2023";"03";"220504";"SAN MARTIN";"LAMAS";"CAYNARACHI";"GOBIERNO REGIONAL";"I-1";"00019769";"NUEVO TOCACHE";"NE_0001";"";"NE_0001";"NE_0001";"NE_0001";"NE_0001";"NE_0001";"NE_0001";"NE_0001"
"2023";"03";"220504";"SAN MARTIN";"LAMAS";"CAYNARACHI";"GOBIERNO REGIONAL";"I-1";"00006416";"ALFONSO UGARTE";"NE_0001";"";"NE_0001";"NE_0001";"NE_0001";"NE_0001";"NE_0001";"NE_0001";"NE_0001"
"2023";"03";"220504";"SAN MARTIN";"LAMAS";"CAYNARACHI";"GOBIERNO REGIONAL";"I-1";"00006420";"NUEVO LAMAS";"NE_0001";"";"NE_0001";"NE_0001";"NE_0001";"NE_0001";"NE_0001";"NE_0001";"NE_0001"
"2023";"03";"080801";"CUSCO";"ESPINAR";"ESPINAR";"GOBIERNO REGIONAL";"II-1";"00007135";"ESPINAR";"240100";"HOSPITALIZACIÓN QUIRÚRGICA CIRUGÍA GENERAL ";"46";"46";"147";"144";"8";"248";"0"
"2023";"03";"080801";"CUSCO";"ESPINAR";"ESPINAR";"GOBIERNO REGIONAL";"II-1";"00007135";"ESPINAR";"241600";"HOSPITALIZACIÓN QUIRÚRGICA OBSTETRICIA   ";"59";"60";"150";"142";"13";"403";"0"
"2023";"03";"080801";"CUSCO";"ESPINAR";"ESPINAR";"GOBIERNO REGIONAL";"II-1";"00007135";"ESPINAR";"241800";"HOSPITALIZACIÓN DE MEDICINA MEDICINA GENERAL ";"15";"16";"76";"72";"8";"248";"0"
"2023";"03";"080801";"CUSCO";"ESPINAR";"ESPINAR";"GOBIERNO REGIONAL";"II-1";"00007135";"ESPINAR";"242500";"HOSPITALIZACIÓN-PEDIATRÍA GENERAL-";"4";"2";"7";"7";"5";"155";"0"
"2023";"03";"080801";"CUSCO";"ESPINAR";"ESPINAR";"GOBIERNO REGIONAL";"II-1";"00007135";"ESPINAR";"243200";"HOSPITALIZACIÓN DE PEDIATRÍA PEDIATRIA NEONATOLOGÍA";"5";"5";"11";"11";"1";"31";"0"
"2023";"03";"080801";"CUSCO";"ESPINAR";"ESPINAR";"GOBIERNO REGIONAL";"II-1";"00007135";"ESPINAR";"241500";"HOSPITALIZACIÓN QUIRÚRGICA GINECOLOGÍA  ";"18";"20";"53";"50";"7";"217";"0"
"2023";"03";"160107";"LORETO";"MAYNAS";"NAPO";"GOBIERNO REGIONAL";"II-1";"00000066";"HOSPITAL II-1 SANTA CLOTILDE";"241800";"HOSPITALIZACIÓN DE MEDICINA MEDICINA GENERAL ";"14";"17";"63";"79";"16";"496";"0"
"2023";"03";"160107";"LORETO";"MAYNAS";"NAPO";"GOBIERNO REGIONAL";"II-1";"00000066";"HOSPITAL II-1 SANTA CLOTILDE";"242300";"HOSPITALIZACIÓN DE PEDIATRÍA  PEDIATRÍA  GENERAL ";"9";"11";"47";"57";"7";"217";"0"
"2023";"03";"160107";"LORETO";"MAYNAS";"NAPO";"GOBIERNO REGIONAL";"II-1";"00000066";"HOSPITAL II-1 SANTA CLOTILDE";"241600";"HOSPITALIZACIÓN QUIRÚRGICA OBSTETRICIA   ";"7";"8";"15";"22";"6";"186";"0"
"2023";"03";"160107";"LORETO";"MAYNAS";"NAPO";"GOBIERNO REGIONAL";"II-1";"00000066";"HOSPITAL II-1 SANTA CLOTILDE";"242000";"HOSPITALIZACIÓN DE MEDICINA MEDICINA TROPICAL E INFECCIOSAS ";"2";"2";"9";"10";"3";"93";"0"
"2023";"03";"220205";"SAN MARTIN";"BELLAVISTA";"SAN PABLO";"GOBIERNO REGIONAL";"I-2";"00006499";"FAUSA LAMISTA";"NE_0001";"";"NE_0001";"NE_0001";"NE_0001";"NE_0001";"NE_0001";"NE_0001";"NE_0001"
"2023";"03";"220205";"SAN MARTIN";"BELLAVISTA";"SAN PABLO";"GOBIERNO REGIONAL";"I-1";"00006509";"DOS DE MAYO";"NE_0001";"";"NE_0001";"NE_0001";"NE_0001";"NE_0001";"NE_0001";"NE_0001";"NE_0001"
"2023";"03";"220205";"SAN MARTIN";"BELLAVISTA";"SAN PABLO";"GOBIERNO REGIONAL";"I-1";"00029371";"CENTRO AMERICA - SAN PABLO";"NE_0001";"";"NE_0001";"NE_0001";"NE_0001";"NE_0001";"NE_0001";"NE_0001";"NE_0001"
"2023";"03";"220205";"SAN MARTIN";"BELLAVISTA";"SAN PABLO";"GOBIERNO REGIONAL";"I-3";"00006506";"CONSUELO";"NE_0001";"";"NE_0001";"NE_0001";"NE_0001";"NE_0001";"NE_0001";"NE_0001";"NE_0001"
"2023";"03";"150116";"LIMA";"LIMA";"LINCE";"PRIVADO";"II-E";"00009145";"HOGAR CLINICA MONTE SINAI";"240100";"HOSPITALIZACIÓN QUIRÚRGICA CIRUGÍA GENERAL ";"34";"34";"34";"34";"6";"180";"0"
"2023";"03";"150116";"LIMA";"LIMA";"LINCE";"PRIVADO";"II-E";"00009145";"HOGAR CLINICA MONTE SINAI";"240400";"HOSPITALIZACIÓN QUIRÚRGICA CIRUGÍA DE TÓRAX Y CARDIOVASCULAR ";"6";"6";"6";"6";"2";"60";"0"
"2023";"03";"150116";"LIMA";"LIMA";"LINCE";"PRIVADO";"II-E";"00009145";"HOGAR CLINICA MONTE SINAI";"240800";"HOSPITALIZACIÓN QUIRÚRGICA CIRUGÍA PLÁSTICA/RECONSTRUCTIVA/ REPARADORA ";"28";"28";"28";"28";"2";"60";"0"
"2023";"03";"150116";"LIMA";"LIMA";"LINCE";"PRIVADO";"II-E";"00009145";"HOGAR CLINICA MONTE SINAI";"241000";"HOSPITALIZACIÓN QUIRÚRGICA ONCOLOGÍA QUIRÚRGICA  ";"1";"1";"1";"1";"2";"60";"0"
"2023";"03";"150116";"LIMA";"LIMA";"LINCE";"PRIVADO";"II-E";"00009145";"HOGAR CLINICA MONTE SINAI";"241100";"HOSPITALIZACIÓN QUIRÚRGICA OTORRINOLARINGOLOGÍA  ";"9";"9";"9";"9";"1";"30";"0"
"2023";"03";"150116";"LIMA";"LIMA";"LINCE";"PRIVADO";"II-E";"00009145";"HOGAR CLINICA MONTE SINAI";"241300";"HOSPITALIZACIÓN QUIRÚRGICA UROLOGÍA  ";"2";"2";"2";"2";"1";"30";"0"
"2023";"03";"150120";"LIMA";"LIMA";"MAGDALENA DEL MAR";"PRIVADO";"II-E";"00011803";"CLINICA VIRGEN DEL ROSARIO SRL";"240000";"HOSPITALIZACIÓN";"194";"191";"317";"202";"24";"690";"0"
"2023";"03";"150130";"LIMA";"LIMA";"SAN BORJA";"PRIVADO";"II-1";"00008258";"REJUVENECIMIENTO Y ESTETICA CABANI SRL";"240800";"HOSPITALIZACIÓN QUIRÚRGICA CIRUGÍA PLÁSTICA/RECONSTRUCTIVA/ REPARADORA ";"51";"51";"44";"91";"6";"186";"0"
"2023";"03";"021801";"ANCASH";"SANTA";"CHIMBOTE";"PRIVADO";"II-1";"00016552";"CLINICA ROBLES S.A.C.";"240000";"HOSPITALIZACIÓN";"149";"151";"231";"160";"11";"341";"0"
"2023";"03";"060809";"CAJAMARCA";"JAEN";"SALLIQUE";"GOBIERNO REGIONAL";"I-2";"00007053";"PALAMBE";"NE_0001";"";"NE_0001";"NE_0001";"NE_0001";"NE_0001";"NE_0001";"NE_0001";"NE_0001"
"2023";"03";"060809";"CAJAMARCA";"JAEN";"SALLIQUE";"GOBIERNO REGIONAL";"I-1";"00004252";"SAULACA";"NE_0001";"";"NE_0001";"NE_0001";"NE_0001";"NE_0001";"NE_0001";"NE_0001";"NE_0001"
"2023";"03";"040101";"AREQUIPA";"AREQUIPA";"AREQUIPA";"PRIVADO";"I-4";"00014765";"CENTRO MEDICO MONTE CARMELO";"240000";"HOSPITALIZACIÓN";"8";"7";"33";"36";"10";"310";"0"
"2023";"03";"200601";"PIURA";"SULLANA";"SULLANA";"PRIVADO";"II-1";"00016148";"CLINICA OLGUIN";"240100";"HOSPITALIZACIÓN QUIRÚRGICA CIRUGÍA GENERAL ";"180";"192";"250";"294";"14";"432";"0"
"2023";"03";"200601";"PIURA";"SULLANA";"SULLANA";"PRIVADO";"II-1";"00016148";"CLINICA OLGUIN";"241400";"HOSPITALIZACIÓN QUIRÚRGICA GINECO - OBSTETRICIA ";"259";"263";"335";"320";"14";"440";"0"
"2023";"03";"190113";"PASCO";"PASCO";"YANACANCHA";"MINSA";"II-2";"00000979";"HOSPITAL REGIONAL DR. DANIEL ALCIDES CARRION GARCIA";"240100";"HOSPITALIZACIÓN QUIRÚRGICA CIRUGÍA GENERAL ";"73";"76";"644";"641";"21";"651";"1"
"2023";"02";"220901";"SAN MARTIN";"SAN MARTIN";"TARAPOTO";"SANIDAD DE LA POLICIA NACIONAL DEL PERU";"I-3";"00020827";"POLICLINICO  PNP TARAPOTO";"NE_0001";"";"NE_0001";"NE_0001";"NE_0001";"NE_0001";"NE_0001";"NE_0001";"NE_0001"
"2023";"01";"130702";"LA LIBERTAD";"PACASMAYO";"GUADALUPE";"GOBIERNO REGIONAL";"II-1";"00005292";"HOSPITAL DE APOYO TOMAS LAFORA";"241800";"HOSPITALIZACIÓN DE MEDICINA MEDICINA GENERAL ";"31";"31";"82";"74";"14";"434";"0"
"2023";"01";"130702";"LA LIBERTAD";"PACASMAYO";"GUADALUPE";"GOBIERNO REGIONAL";"II-1";"00005292";"HOSPITAL DE APOYO TOMAS LAFORA";"240100";"HOSPITALIZACIÓN QUIRÚRGICA CIRUGÍA GENERAL ";"20";"20";"71";"67";"12";"372";"1"
"2023";"01";"130702";"LA LIBERTAD";"PACASMAYO";"GUADALUPE";"GOBIERNO REGIONAL";"II-1";"00005292";"HOSPITAL DE APOYO TOMAS LAFORA";"242300";"HOSPITALIZACIÓN DE PEDIATRÍA  PEDIATRÍA  GENERAL ";"1";"1";"4";"4";"1";"31";"0"
"2023";"01";"130702";"LA LIBERTAD";"PACASMAYO";"GUADALUPE";"GOBIERNO REGIONAL";"II-1";"00005292";"HOSPITAL DE APOYO TOMAS LAFORA";"243200";"HOSPITALIZACIÓN DE PEDIATRÍA PEDIATRIA NEONATOLOGÍA";"4";"5";"25";"24";"4";"124";"0"
"2023";"01";"130702";"LA LIBERTAD";"PACASMAYO";"GUADALUPE";"GOBIERNO REGIONAL";"II-1";"00005292";"HOSPITAL DE APOYO TOMAS LAFORA";"241600";"HOSPITALIZACIÓN QUIRÚRGICA OBSTETRICIA   ";"66";"66";"111";"112";"14";"434";"0"
"2023";"01";"130702";"LA LIBERTAD";"PACASMAYO";"GUADALUPE";"GOBIERNO REGIONAL";"II-1";"00005292";"HOSPITAL DE APOYO TOMAS LAFORA";"241500";"HOSPITALIZACIÓN QUIRÚRGICA GINECOLOGÍA  ";"18";"19";"21";"21";"3";"93";"0"
"2023";"02";"220501";"SAN MARTIN";"LAMAS";"LAMAS";"ESSALUD";"I-2";"00016484";"POSTA MEDICA LAMAS - ESSALUD";"NE_0001";"";"NE_0001";"NE_0001";"NE_0001";"NE_0001";"NE_0001";"NE_0001";"NE_0001"
"2023";"02";"040501";"AREQUIPA";"CAYLLOMA";"CHIVAY";"GOBIERNO REGIONAL";"I-1";"00001423";"PUESTO DE SALUD CANOCOTA";"NE_0001";"";"NE_0001";"NE_0001";"NE_0001";"NE_0001";"NE_0001";"NE_0001";"NE_0001"
"2023";"02";"040513";"AREQUIPA";"CAYLLOMA";"MADRIGAL";"GOBIERNO REGIONAL";"I-2";"00001427";"PUESTO DE SALUD MADRIGAL";"NE_0001";"";"NE_0001";"NE_0001";"NE_0001";"NE_0001";"NE_0001";"NE_0001";"NE_0001"
"2023";"02";"040509";"AREQUIPA";"CAYLLOMA";"ICHUPAMPA";"GOBIERNO REGIONAL";"I-2";"00001425";"PUESTO DE SALUD ICHUPAMPA";"NE_0001";"";"NE_0001";"NE_0001";"NE_0001";"NE_0001";"NE_0001";"NE_0001";"NE_0001"
"2023";"02";"040519";"AREQUIPA";"CAYLLOMA";"YANQUE";"GOBIERNO REGIONAL";"I-2";"00001428";"PUESTO DE SALUD YANQUE";"NE_0001";"";"NE_0001";"NE_0001";"NE_0001";"NE_0001";"NE_0001";"NE_0001";"NE_0001"
"2023";"02";"040506";"AREQUIPA";"CAYLLOMA";"COPORAQUE";"GOBIERNO REGIONAL";"I-2";"00001424";"PUESTO DE SALUD COPORAQUE";"NE_0001";"";"NE_0001";"NE_0001";"NE_0001";"NE_0001";"NE_0001";"NE_0001";"NE_0001"
"2023";"02";"040510";"AREQUIPA";"CAYLLOMA";"LARI";"GOBIERNO REGIONAL";"I-2";"00001426";"PUESTO DE SALUD LARI";"NE_0001";"";"NE_0001";"NE_0001";"NE_0001";"NE_0001";"NE_0001";"NE_0001";"NE_0001"
"2023";"02";"040502";"AREQUIPA";"CAYLLOMA";"ACHOMA";"GOBIERNO REGIONAL";"I-2";"00001429";"PUESTO DE SALUD ACHOMA";"NE_0001";"";"NE_0001";"NE_0001";"NE_0001";"NE_0001";"NE_0001";"NE_0001";"NE_0001"
"2023";"02";"040512";"AREQUIPA";"CAYLLOMA";"MACA";"GOBIERNO REGIONAL";"I-2";"00001430";"PUESTO DE SALUD MACA";"NE_0001";"";"NE_0001";"NE_0001";"NE_0001";"NE_0001";"NE_0001";"NE_0001";"NE_0001"
"2023";"02";"220804";"SAN MARTIN";"RIOJA";"NUEVA CAJAMARCA";"GOBIERNO REGIONAL";"I-1";"00006284";"LA FLORIDA";"NE_0001";"";"NE_0001";"NE_0001";"NE_0001";"NE_0001";"NE_0001";"NE_0001";"NE_0001"
"2023";"02";"220804";"SAN MARTIN";"RIOJA";"NUEVA CAJAMARCA";"GOBIERNO REGIONAL";"I-1";"00006285";"LA UNION";"NE_0001";"";"NE_0001";"NE_0001";"NE_0001";"NE_0001";"NE_0001";"NE_0001";"NE_0001"
"2023";"02";"220804";"SAN MARTIN";"RIOJA";"NUEVA CAJAMARCA";"GOBIERNO REGIONAL";"I-1";"00006286";"PALESTINA";"NE_0001";"";"NE_0001";"NE_0001";"NE_0001";"NE_0001";"NE_0001";"NE_0001";"NE_0001"
"2023";"02";"030201";"APURIMAC";"ANDAHUAYLAS";"ANDAHUAYLAS";"PRIVADO";"II-E";"00014017";"CLINICA PERUANA DE LOS ANDES";"240000";"HOSPITALIZACIÓN";"5";"5";"9";"5";"6";"168";"0"
"2023";"02";"060801";"CAJAMARCA";"JAEN";"JAEN";"GOBIERNO REGIONAL";"I-3";"00004213";"FILA ALTA";"NE_0001";"";"NE_0001";"NE_0001";"NE_0001";"NE_0001";"NE_0001";"NE_0001";"NE_0001"
"2023";"02";"060801";"CAJAMARCA";"JAEN";"JAEN";"GOBIERNO REGIONAL";"I-1";"00010804";"PUENTE ZONANGA";"NE_0001";"";"NE_0001";"NE_0001";"NE_0001";"NE_0001";"NE_0001";"NE_0001";"NE_0001"
"2023";"02";"030201";"APURIMAC";"ANDAHUAYLAS";"ANDAHUAYLAS";"GOBIERNO REGIONAL";"II-2";"00004131";"HOSPITAL SUBREGIONAL DE ANDAHUAYLAS";"240100";"HOSPITALIZACIÓN QUIRÚRGICA CIRUGÍA GENERAL ";"74";"71";"323";"329";"12";"332";"0"
"2023";"02";"030201";"APURIMAC";"ANDAHUAYLAS";"ANDAHUAYLAS";"GOBIERNO REGIONAL";"II-2";"00004131";"HOSPITAL SUBREGIONAL DE ANDAHUAYLAS";"240700";"HOSPITALIZACIÓN QUIRÚRGICA CIRUGÍA PEDIÁTRICA ";"17";"14";"56";"71";"4";"105";"0"
"2023";"02";"030201";"APURIMAC";"ANDAHUAYLAS";"ANDAHUAYLAS";"GOBIERNO REGIONAL";"II-2";"00004131";"HOSPITAL SUBREGIONAL DE ANDAHUAYLAS";"241200";"HOSPITALIZACIÓN QUIRÚRGICA TRAUMATOLOGÍA Y ORTOPEDIA ";"15";"14";"135";"141";"7";"183";"0"
"2023";"02";"030201";"APURIMAC";"ANDAHUAYLAS";"ANDAHUAYLAS";"GOBIERNO REGIONAL";"II-2";"00004131";"HOSPITAL SUBREGIONAL DE ANDAHUAYLAS";"241500";"HOSPITALIZACIÓN QUIRÚRGICA GINECOLOGÍA  ";"52";"46";"81";"86";"5";"118";"0"
"2023";"02";"030201";"APURIMAC";"ANDAHUAYLAS";"ANDAHUAYLAS";"GOBIERNO REGIONAL";"II-2";"00004131";"HOSPITAL SUBREGIONAL DE ANDAHUAYLAS";"241600";"HOSPITALIZACIÓN QUIRÚRGICA OBSTETRICIA   ";"149";"141";"334";"357";"18";"387";"0"
"2023";"02";"030201";"APURIMAC";"ANDAHUAYLAS";"ANDAHUAYLAS";"GOBIERNO REGIONAL";"II-2";"00004131";"HOSPITAL SUBREGIONAL DE ANDAHUAYLAS";"241800";"HOSPITALIZACIÓN DE MEDICINA MEDICINA GENERAL ";"55";"57";"514";"518";"20";"534";"8"
"2023";"02";"030201";"APURIMAC";"ANDAHUAYLAS";"ANDAHUAYLAS";"GOBIERNO REGIONAL";"II-2";"00004131";"HOSPITAL SUBREGIONAL DE ANDAHUAYLAS";"242200";"HOSPITALIZACIÓN DE MEDICINA PSIQUIATRÍA ";"11";"10";"188";"181";"7";"192";"0"
"2023";"02";"030201";"APURIMAC";"ANDAHUAYLAS";"ANDAHUAYLAS";"GOBIERNO REGIONAL";"II-2";"00004131";"HOSPITAL SUBREGIONAL DE ANDAHUAYLAS";"242500";"HOSPITALIZACIÓN-PEDIATRÍA GENERAL-";"24";"21";"111";"83";"6";"148";"0"
"2023";"02";"030201";"APURIMAC";"ANDAHUAYLAS";"ANDAHUAYLAS";"GOBIERNO REGIONAL";"II-2";"00004131";"HOSPITAL SUBREGIONAL DE ANDAHUAYLAS";"243200";"HOSPITALIZACIÓN DE PEDIATRÍA PEDIATRIA NEONATOLOGÍA";"33";"36";"358";"211";"10";"262";"0"
"2023";"02";"030201";"APURIMAC";"ANDAHUAYLAS";"ANDAHUAYLAS";"GOBIERNO REGIONAL";"II-2";"00004131";"HOSPITAL SUBREGIONAL DE ANDAHUAYLAS";"250100";"UNIDAD DE CUIDADOS CRITICOS UNIDAD  DE CUIDADOS INTENSIVOS GENERALES (UCI) ";"13";"13";"108";"82";"3";"84";"4"
"2023";"02";"030201";"APURIMAC";"ANDAHUAYLAS";"ANDAHUAYLAS";"GOBIERNO REGIONAL";"II-2";"00004131";"HOSPITAL SUBREGIONAL DE ANDAHUAYLAS";"250105";"UNIDAD DE CUIDADOS CRITICOS UNIDAD  DE CUIDADOS INTENSIVOS  (UCI) NEONATOLOGÍA";"9";"2";"10";"67";"3";"97";"1"
"2023";"02";"030201";"APURIMAC";"ANDAHUAYLAS";"ANDAHUAYLAS";"GOBIERNO REGIONAL";"II-2";"00004131";"HOSPITAL SUBREGIONAL DE ANDAHUAYLAS";"250108";"UNIDAD DE CUIDADOS CRITICOS UNIDAD  DE CUIDADOS INTENSIVOS  (UCI) PEDIÁTRICA";"6";"1";"3";"37";"2";"60";"1"
"2023";"02";"210101";"PUNO";"PUNO";"PUNO";"ESSALUD";"II-2";"00009215";"HOSPITAL III BASE  (PUNO) - RED ASISTENCIAL PUNO";"240000";"HOSPITALIZACIÓN";"84";"116";"921";"667";"32";"896";"2"
"2023";"02";"210101";"PUNO";"PUNO";"PUNO";"ESSALUD";"II-2";"00009215";"HOSPITAL III BASE  (PUNO) - RED ASISTENCIAL PUNO";"241900";"HOSPITALIZACIÓN DE MEDICINA MEDICINA INTERNA ";"37";"18";"114";"218";"14";"392";"0"
"2023";"02";"210101";"PUNO";"PUNO";"PUNO";"ESSALUD";"II-2";"00009215";"HOSPITAL III BASE  (PUNO) - RED ASISTENCIAL PUNO";"240100";"HOSPITALIZACIÓN QUIRÚRGICA CIRUGÍA GENERAL ";"85";"80";"164";"180";"7";"196";"0"
"2023";"02";"210101";"PUNO";"PUNO";"PUNO";"ESSALUD";"II-2";"00009215";"HOSPITAL III BASE  (PUNO) - RED ASISTENCIAL PUNO";"241500";"HOSPITALIZACIÓN QUIRÚRGICA GINECOLOGÍA  ";"35";"33";"95";"81";"8";"224";"0"
"2023";"02";"210101";"PUNO";"PUNO";"PUNO";"ESSALUD";"II-2";"00009215";"HOSPITAL III BASE  (PUNO) - RED ASISTENCIAL PUNO";"241600";"HOSPITALIZACIÓN QUIRÚRGICA OBSTETRICIA   ";"49";"55";"135";"127";"12";"336";"0"
"2023";"02";"210101";"PUNO";"PUNO";"PUNO";"ESSALUD";"II-2";"00009215";"HOSPITAL III BASE  (PUNO) - RED ASISTENCIAL PUNO";"242300";"HOSPITALIZACIÓN DE PEDIATRÍA  PEDIATRÍA  GENERAL ";"66";"72";"171";"154";"9";"252";"0"
"2023";"02";"210101";"PUNO";"PUNO";"PUNO";"ESSALUD";"II-2";"00009215";"HOSPITAL III BASE  (PUNO) - RED ASISTENCIAL PUNO";"250100";"UNIDAD DE CUIDADOS CRITICOS UNIDAD  DE CUIDADOS INTENSIVOS GENERALES (UCI) ";"2";"3";"29";"45";"9";"252";"2"
"2023";"02";"210101";"PUNO";"PUNO";"PUNO";"ESSALUD";"II-2";"00009215";"HOSPITAL III BASE  (PUNO) - RED ASISTENCIAL PUNO";"250200";"UNIDAD DE CUIDADOS CRITICOS UNIDAD DE CUIDADOS INTERMEDIOS GENERAL  (UCIN) ";"5";"2";"20";"70";"4";"112";"1"
"2023";"02";"150122";"LIMA";"LIMA";"MIRAFLORES";"ESSALUD";"I-3";"00009148";"POLICLINICO SANTA CRUZ";"NE_0001";"";"NE_0001";"NE_0001";"NE_0001";"NE_0001";"NE_0001";"NE_0001";"NE_0001"
"2023";"03";"040502";"AREQUIPA";"CAYLLOMA";"ACHOMA";"GOBIERNO REGIONAL";"I-2";"00001429";"PUESTO DE SALUD ACHOMA";"NE_0001";"";"NE_0001";"NE_0001";"NE_0001";"NE_0001";"NE_0001";"NE_0001";"NE_0001"
"2023";"03";"040512";"AREQUIPA";"CAYLLOMA";"MACA";"GOBIERNO REGIONAL";"I-2";"00001430";"PUESTO DE SALUD MACA";"NE_0001";"";"NE_0001";"NE_0001";"NE_0001";"NE_0001";"NE_0001";"NE_0001";"NE_0001"
"2023";"03";"040513";"AREQUIPA";"CAYLLOMA";"MADRIGAL";"GOBIERNO REGIONAL";"I-2";"00001427";"PUESTO DE SALUD MADRIGAL";"NE_0001";"";"NE_0001";"NE_0001";"NE_0001";"NE_0001";"NE_0001";"NE_0001";"NE_0001"
"2023";"03";"150116";"LIMA";"LIMA";"LINCE";"ESSALUD";"I-3";"00017695";"CENTRO DE ATENCION PRIMARIA III ALFREDO PIAZZA ROBERTS-GSPN I Y II-RPA-ESSALUD";"NE_0001";"";"NE_0001";"NE_0001";"NE_0001";"NE_0001";"NE_0001";"NE_0001";"NE_0001"
"2023";"03";"120708";"JUNIN";"TARMA";"SAN PEDRO DE CAJAS";"GOBIERNO REGIONAL";"I-1";"00010344";"PURHUARACRA";"NE_0001";"";"NE_0001";"NE_0001";"NE_0001";"NE_0001";"NE_0001";"NE_0001";"NE_0001"
"2023";"03";"120708";"JUNIN";"TARMA";"SAN PEDRO DE CAJAS";"GOBIERNO REGIONAL";"I-3";"00000534";"SAN PEDRO DE CAJAS";"NE_0001";"";"NE_0001";"NE_0001";"NE_0001";"NE_0001";"NE_0001";"NE_0001";"NE_0001"
"2023";"03";"060801";"CAJAMARCA";"JAEN";"JAEN";"GOBIERNO REGIONAL";"I-3";"00025207";"CENTRO DE SALUD MENTAL COMUNITARIO JAEN";"NE_0001";"";"NE_0001";"NE_0001";"NE_0001";"NE_0001";"NE_0001";"NE_0001";"NE_0001"
"2023";"03";"120417";"JUNIN";"JAUJA";"MASMA CHICCHE";"GOBIERNO REGIONAL";"I-1";"00000395";"MASMA CHICCHE";"NE_0001";"";"NE_0001";"NE_0001";"NE_0001";"NE_0001";"NE_0001";"NE_0001";"NE_0001"
"2023";"03";"120418";"JUNIN";"JAUJA";"MOLINOS";"GOBIERNO REGIONAL";"I-2";"00000397";"MOLINOS";"NE_0001";"";"NE_0001";"NE_0001";"NE_0001";"NE_0001";"NE_0001";"NE_0001";"NE_0001"
"2023";"03";"120412";"JUNIN";"JAUJA";"JULCAN";"GOBIERNO REGIONAL";"I-2";"00000393";"JULCAN";"NE_0001";"";"NE_0001";"NE_0001";"NE_0001";"NE_0001";"NE_0001";"NE_0001";"NE_0001"
"2023";"03";"120418";"JUNIN";"JAUJA";"MOLINOS";"GOBIERNO REGIONAL";"I-1";"00000398";"QUERO";"NE_0001";"";"NE_0001";"NE_0001";"NE_0001";"NE_0001";"NE_0001";"NE_0001";"NE_0001"
"2023";"03";"120418";"JUNIN";"JAUJA";"MOLINOS";"GOBIERNO REGIONAL";"I-2";"00000399";"CURIMARCA";"NE_0001";"";"NE_0001";"NE_0001";"NE_0001";"NE_0001";"NE_0001";"NE_0001";"NE_0001"
"2023";"03";"120416";"JUNIN";"JAUJA";"MASMA";"GOBIERNO REGIONAL";"I-3";"00000394";"MASMA";"NE_0001";"";"NE_0001";"NE_0001";"NE_0001";"NE_0001";"NE_0001";"NE_0001";"NE_0001"
"2023";"03";"150130";"LIMA";"LIMA";"SAN BORJA";"PRIVADO";"II-E";"00015143";"CLINICA ASTOCONDOR";"240800";"HOSPITALIZACIÓN QUIRÚRGICA CIRUGÍA PLÁSTICA/RECONSTRUCTIVA/ REPARADORA ";"2";"2";"2";"2";"3";"45";"0"
"2023";"03";"200105";"PIURA";"PIURA";"CATACAOS";"ESSALUD";"I-3";"00012319";"CENTRO DE ATENCION PRIMARIA-CAP III CATACAOS";"NE_0001";"";"NE_0001";"NE_0001";"NE_0001";"NE_0001";"NE_0001";"NE_0001";"NE_0001"
"2023";"03";"150113";"LIMA";"LIMA";"JESUS MARIA";"ESSALUD";"0";"00016488";"CENTRO NACIONAL DE SALUD RENAL - ESSALUD";"NE_0001";"";"NE_0001";"NE_0001";"NE_0001";"NE_0001";"NE_0001";"NE_0001";"NE_0001"
"2023";"03";"230101";"TACNA";"TACNA";"TACNA";"PRIVADO";"I-4";"00015875";"PROMEDIC";"NE_0002";"";"NE_0002";"NE_0002";"NE_0002";"NE_0002";"NE_0002";"NE_0002";"NE_0002"
"2023";"03";"060607";"CAJAMARCA";"CUTERVO";"QUEROCOTILLO";"GOBIERNO REGIONAL";"I-3";"00004968";"SILLANGATE";"NE_0001";"";"NE_0001";"NE_0001";"NE_0001";"NE_0001";"NE_0001";"NE_0001";"NE_0001"
"2023";"03";"060607";"CAJAMARCA";"CUTERVO";"QUEROCOTILLO";"GOBIERNO REGIONAL";"I-1";"00005011";"PARIC";"NE_0001";"";"NE_0001";"NE_0001";"NE_0001";"NE_0001";"NE_0001";"NE_0001";"NE_0001"
"2023";"03";"060607";"CAJAMARCA";"CUTERVO";"QUEROCOTILLO";"GOBIERNO REGIONAL";"I-1";"00006943";"BALCONCILLO";"NE_0001";"";"NE_0001";"NE_0001";"NE_0001";"NE_0001";"NE_0001";"NE_0001";"NE_0001"
"2023";"03";"060607";"CAJAMARCA";"CUTERVO";"QUEROCOTILLO";"GOBIERNO REGIONAL";"I-2";"00005007";"SANTA ROSA DE QUEROCOTILLO";"NE_0001";"";"NE_0001";"NE_0001";"NE_0001";"NE_0001";"NE_0001";"NE_0001";"NE_0001"
"2023";"03";"060607";"CAJAMARCA";"CUTERVO";"QUEROCOTILLO";"GOBIERNO REGIONAL";"I-1";"00006869";"LAS DELICIAS";"NE_0001";"";"NE_0001";"NE_0001";"NE_0001";"NE_0001";"NE_0001";"NE_0001";"NE_0001"
"2023";"03";"060607";"CAJAMARCA";"CUTERVO";"QUEROCOTILLO";"GOBIERNO REGIONAL";"I-1";"00007753";"BARBASCO";"NE_0001";"";"NE_0001";"NE_0001";"NE_0001";"NE_0001";"NE_0001";"NE_0001";"NE_0001"
"2023";"03";"060607";"CAJAMARCA";"CUTERVO";"QUEROCOTILLO";"GOBIERNO REGIONAL";"I-3";"00005006";"QUEROCOTILLO";"NE_0001";"";"NE_0001";"NE_0001";"NE_0001";"NE_0001";"NE_0001";"NE_0001";"NE_0001"
"2023";"03";"060607";"CAJAMARCA";"CUTERVO";"QUEROCOTILLO";"GOBIERNO REGIONAL";"I-2";"00005010";"INGUER";"NE_0001";"";"NE_0001";"NE_0001";"NE_0001";"NE_0001";"NE_0001";"NE_0001";"NE_0001"
"2023";"03";"060607";"CAJAMARCA";"CUTERVO";"QUEROCOTILLO";"GOBIERNO REGIONAL";"I-1";"00006942";"LA SUCCHA ALTA";"NE_0001";"";"NE_0001";"NE_0001";"NE_0001";"NE_0001";"NE_0001";"NE_0001";"NE_0001"
"2023";"03";"060607";"CAJAMARCA";"CUTERVO";"QUEROCOTILLO";"GOBIERNO REGIONAL";"I-1";"00007366";"EL CORRAL";"NE_0001";"";"NE_0001";"NE_0001";"NE_0001";"NE_0001";"NE_0001";"NE_0001";"NE_0001"
"2023";"03";"090203";"HUANCAVELICA";"ACOBAMBA";"ANTA";"GOBIERNO REGIONAL";"I-3";"00003939";"CENTRO DE SALUD ANTA";"NE_0001";"";"NE_0001";"NE_0001";"NE_0001";"NE_0001";"NE_0001";"NE_0001";"NE_0001"
"2023";"03";"150110";"LIMA";"LIMA";"COMAS";"PRIVADO";"I-2";"00013834";"ARIE";"NE_0002";"";"NE_0002";"NE_0002";"NE_0002";"NE_0002";"NE_0002";"NE_0002";"NE_0002"
"2023";"03";"090203";"HUANCAVELICA";"ACOBAMBA";"ANTA";"GOBIERNO REGIONAL";"I-1";"00009697";"PUESTO DE SALUD DE CASACANCHA";"NE_0001";"";"NE_0001";"NE_0001";"NE_0001";"NE_0001";"NE_0001";"NE_0001";"NE_0001"
"2023";"03";"090203";"HUANCAVELICA";"ACOBAMBA";"ANTA";"GOBIERNO REGIONAL";"I-1";"00009469";"PUESTO DE SALUD VISTA ALEGRE DE ANTA";"NE_0001";"";"NE_0001";"NE_0001";"NE_0001";"NE_0001";"NE_0001";"NE_0001";"NE_0001"
"2023";"03";"060701";"CAJAMARCA";"HUALGAYOC";"BAMBAMARCA";"GOBIERNO REGIONAL";"II-1";"00004782";"BAMBAMARCA - TITO VILLAR CABEZAS";"241400";"HOSPITALIZACIÓN QUIRÚRGICA GINECO - OBSTETRICIA ";"70";"70";"101";"125";"8";"248";"0"
"2023";"03";"060701";"CAJAMARCA";"HUALGAYOC";"BAMBAMARCA";"GOBIERNO REGIONAL";"II-1";"00004782";"BAMBAMARCA - TITO VILLAR CABEZAS";"241800";"HOSPITALIZACIÓN DE MEDICINA MEDICINA GENERAL ";"16";"16";"47";"67";"5";"155";"1"
"2023";"03";"060701";"CAJAMARCA";"HUALGAYOC";"BAMBAMARCA";"GOBIERNO REGIONAL";"II-1";"00004782";"BAMBAMARCA - TITO VILLAR CABEZAS";"240100";"HOSPITALIZACIÓN QUIRÚRGICA CIRUGÍA GENERAL ";"16";"16";"31";"23";"3";"93";"0"
"2023";"03";"060701";"CAJAMARCA";"HUALGAYOC";"BAMBAMARCA";"GOBIERNO REGIONAL";"II-1";"00004782";"BAMBAMARCA - TITO VILLAR CABEZAS";"242500";"HOSPITALIZACIÓN-PEDIATRÍA GENERAL-";"6";"7";"18";"21";"2";"62";"0"
"2023";"03";"060701";"CAJAMARCA";"HUALGAYOC";"BAMBAMARCA";"GOBIERNO REGIONAL";"II-1";"00004782";"BAMBAMARCA - TITO VILLAR CABEZAS";"243200";"HOSPITALIZACIÓN DE PEDIATRÍA PEDIATRIA NEONATOLOGÍA";"2";"2";"4";"4";"1";"31";"0"
"2023";"03";"061007";"CAJAMARCA";"SAN MARCOS";"JOSE SABOGAL";"GOBIERNO REGIONAL";"I-1";"00004496";"TINYAYOC";"NE_0001";"";"NE_0001";"NE_0001";"NE_0001";"NE_0001";"NE_0001";"NE_0001";"NE_0001"
"2023";"02";"120135";"JUNIN";"HUANCAYO";"SANTO DOMINGO DE ACOBAMBA";"GOBIERNO REGIONAL";"I-1";"00024780";"ROSASPAMPA";"NE_0001";"";"NE_0001";"NE_0001";"NE_0001";"NE_0001";"NE_0001";"NE_0001";"NE_0001"
"2023";"02";"070102";"CALLAO";"CALLAO";"BELLAVISTA";"GOBIERNO REGIONAL";"II-E";"00017883";"HOSPITAL DE REHABILITACION DEL CALLAO";"NE_0001";"";"NE_0001";"NE_0001";"NE_0001";"NE_0001";"NE_0001";"NE_0001";"NE_0001"
"2023";"02";"110101";"ICA";"ICA";"ICA";"GOBIERNO REGIONAL";"II-2";"00003358";"HOSPITAL REGIONAL DE ICA";"240100";"HOSPITALIZACIÓN QUIRÚRGICA CIRUGÍA GENERAL ";"159";"159";"2060";"2175";"63";"1764";"3"
"2023";"02";"110101";"ICA";"ICA";"ICA";"GOBIERNO REGIONAL";"II-2";"00003358";"HOSPITAL REGIONAL DE ICA";"241500";"HOSPITALIZACIÓN QUIRÚRGICA GINECOLOGÍA  ";"54";"54";"172";"196";"15";"420";"0"
"2023";"02";"110101";"ICA";"ICA";"ICA";"GOBIERNO REGIONAL";"II-2";"00003358";"HOSPITAL REGIONAL DE ICA";"241600";"HOSPITALIZACIÓN QUIRÚRGICA OBSTETRICIA   ";"262";"262";"561";"704";"26";"728";"0"
"2023";"02";"110101";"ICA";"ICA";"ICA";"GOBIERNO REGIONAL";"II-2";"00003358";"HOSPITAL REGIONAL DE ICA";"241900";"HOSPITALIZACIÓN DE MEDICINA MEDICINA INTERNA ";"153";"153";"1977";"2113";"134";"3752";"14"
"2023";"02";"110101";"ICA";"ICA";"ICA";"GOBIERNO REGIONAL";"II-2";"00003358";"HOSPITAL REGIONAL DE ICA";"242500";"HOSPITALIZACIÓN-PEDIATRÍA GENERAL-";"71";"71";"283";"326";"7";"396";"0"
"2023";"02";"110101";"ICA";"ICA";"ICA";"GOBIERNO REGIONAL";"II-2";"00003358";"HOSPITAL REGIONAL DE ICA";"243200";"HOSPITALIZACIÓN DE PEDIATRÍA PEDIATRIA NEONATOLOGÍA";"54";"54";"309";"336";"12";"336";"0"
"2023";"02";"110101";"ICA";"ICA";"ICA";"GOBIERNO REGIONAL";"II-2";"00003358";"HOSPITAL REGIONAL DE ICA";"250103";"UNIDAD DE CUIDADOS CRITICOS UNIDAD  DE CUIDADOS INTENSIVOS GENERALES  (UCI) MEDICINA";"6";"6";"68";"73";"10";"280";"6"
"2023";"02";"110101";"ICA";"ICA";"ICA";"GOBIERNO REGIONAL";"II-2";"00003358";"HOSPITAL REGIONAL DE ICA";"250108";"UNIDAD DE CUIDADOS CRITICOS UNIDAD  DE CUIDADOS INTENSIVOS  (UCI) PEDIÁTRICA";"5";"5";"23";"25";"5";"140";"1"
"2023";"02";"160108";"LORETO";"MAYNAS";"PUNCHANA";"ESSALUD";"I-3";"00011397";"CENTRO DE ATENCION PRIMARIA III PUNCHANA";"NE_0001";"";"NE_0001";"NE_0001";"NE_0001";"NE_0001";"NE_0001";"NE_0001";"NE_0001"
"2023";"02";"211301";"PUNO";"YUNGUYO";"YUNGUYO";"GOBIERNO REGIONAL";"II-1";"00003349";"YUNGUYO";"240100";"HOSPITALIZACIÓN QUIRÚRGICA CIRUGÍA GENERAL ";"15";"15";"41";"41";"4";"112";"0"
"2023";"02";"211301";"PUNO";"YUNGUYO";"YUNGUYO";"GOBIERNO REGIONAL";"II-1";"00003349";"YUNGUYO";"241400";"HOSPITALIZACIÓN QUIRÚRGICA GINECO - OBSTETRICIA ";"13";"13";"42";"42";"3";"84";"0"
"2023";"02";"211301";"PUNO";"YUNGUYO";"YUNGUYO";"GOBIERNO REGIONAL";"II-1";"00003349";"YUNGUYO";"241600";"HOSPITALIZACIÓN QUIRÚRGICA OBSTETRICIA   ";"17";"17";"28";"28";"7";"196";"0"
"2023";"02";"211301";"PUNO";"YUNGUYO";"YUNGUYO";"GOBIERNO REGIONAL";"II-1";"00003349";"YUNGUYO";"241800";"HOSPITALIZACIÓN DE MEDICINA MEDICINA GENERAL ";"16";"16";"63";"63";"10";"280";"1"
"2023";"02";"211301";"PUNO";"YUNGUYO";"YUNGUYO";"GOBIERNO REGIONAL";"II-1";"00003349";"YUNGUYO";"242500";"HOSPITALIZACIÓN-PEDIATRÍA GENERAL-";"1";"1";"4";"4";"4";"112";"0"
"2023";"02";"130101";"LA LIBERTAD";"TRUJILLO";"TRUJILLO";"GOBIERNO REGIONAL";"III-1";"00005195";"HOSPITAL BELEN DE TRUJILLO";"240800";"HOSPITALIZACIÓN QUIRÚRGICA CIRUGÍA PLÁSTICA/RECONSTRUCTIVA/ REPARADORA ";"8";"17";"220";"161";"6";"168";"0"
"2023";"02";"130101";"LA LIBERTAD";"TRUJILLO";"TRUJILLO";"GOBIERNO REGIONAL";"III-1";"00005195";"HOSPITAL BELEN DE TRUJILLO";"240400";"HOSPITALIZACIÓN QUIRÚRGICA CIRUGÍA DE TÓRAX Y CARDIOVASCULAR ";"9";"15";"171";"126";"6";"168";"0"
"2023";"02";"130101";"LA LIBERTAD";"TRUJILLO";"TRUJILLO";"GOBIERNO REGIONAL";"III-1";"00005195";"HOSPITAL BELEN DE TRUJILLO";"240100";"HOSPITALIZACIÓN QUIRÚRGICA CIRUGÍA GENERAL ";"160";"138";"967";"748";"34";"952";"1"
"2023";"02";"130101";"LA LIBERTAD";"TRUJILLO";"TRUJILLO";"GOBIERNO REGIONAL";"III-1";"00005195";"HOSPITAL BELEN DE TRUJILLO";"241000";"HOSPITALIZACIÓN QUIRÚRGICA ONCOLOGÍA QUIRÚRGICA  ";"0";"1";"28";"28";"1";"28";"1"
"2023";"02";"130101";"LA LIBERTAD";"TRUJILLO";"TRUJILLO";"GOBIERNO REGIONAL";"III-1";"00005195";"HOSPITAL BELEN DE TRUJILLO";"240700";"HOSPITALIZACIÓN QUIRÚRGICA CIRUGÍA PEDIÁTRICA ";"5";"29";"140";"147";"7";"196";"0"
"2023";"02";"130101";"LA LIBERTAD";"TRUJILLO";"TRUJILLO";"GOBIERNO REGIONAL";"III-1";"00005195";"HOSPITAL BELEN DE TRUJILLO";"240900";"HOSPITALIZACIÓN QUIRÚRGICA NEUROCIRUGÍA ";"12";"20";"318";"199";"8";"224";"1"
"2023";"02";"130101";"LA LIBERTAD";"TRUJILLO";"TRUJILLO";"GOBIERNO REGIONAL";"III-1";"00005195";"HOSPITAL BELEN DE TRUJILLO";"241100";"HOSPITALIZACIÓN QUIRÚRGICA OTORRINOLARINGOLOGÍA  ";"0";"1";"6";"7";"1";"28";"0"
"2023";"02";"130101";"LA LIBERTAD";"TRUJILLO";"TRUJILLO";"GOBIERNO REGIONAL";"III-1";"00005195";"HOSPITAL BELEN DE TRUJILLO";"241200";"HOSPITALIZACIÓN QUIRÚRGICA TRAUMATOLOGÍA Y ORTOPEDIA ";"41";"43";"354";"374";"16";"448";"2"
"2023";"02";"130101";"LA LIBERTAD";"TRUJILLO";"TRUJILLO";"GOBIERNO REGIONAL";"III-1";"00005195";"HOSPITAL BELEN DE TRUJILLO";"241300";"HOSPITALIZACIÓN QUIRÚRGICA UROLOGÍA  ";"10";"14";"114";"101";"4";"112";"0"
"2023";"02";"130101";"LA LIBERTAD";"TRUJILLO";"TRUJILLO";"GOBIERNO REGIONAL";"III-1";"00005195";"HOSPITAL BELEN DE TRUJILLO";"244000";"HOSPITALIZACIÓN DE MEDICINA CARDIOLOGIA ";"3";"10";"139";"146";"6";"168";"0"
"2023";"02";"130101";"LA LIBERTAD";"TRUJILLO";"TRUJILLO";"GOBIERNO REGIONAL";"III-1";"00005195";"HOSPITAL BELEN DE TRUJILLO";"244300";"HOSPITALIZACIÓN DE MEDICINA GASTROENTEROLOGÍA  ";"18";"32";"246";"267";"10";"280";"4"
"2023";"02";"130101";"LA LIBERTAD";"TRUJILLO";"TRUJILLO";"GOBIERNO REGIONAL";"III-1";"00005195";"HOSPITAL BELEN DE TRUJILLO";"241900";"HOSPITALIZACIÓN DE MEDICINA MEDICINA INTERNA ";"74";"73";"1075";"762";"28";"784";"14"
"2023";"02";"130101";"LA LIBERTAD";"TRUJILLO";"TRUJILLO";"GOBIERNO REGIONAL";"III-1";"00005195";"HOSPITAL BELEN DE TRUJILLO";"245300";"HOSPITALIZACIÓN DE MEDICINA NEUMOLOGÍA  ";"9";"14";"207";"215";"14";"392";"1"
"2023";"02";"130101";"LA LIBERTAD";"TRUJILLO";"TRUJILLO";"GOBIERNO REGIONAL";"III-1";"00005195";"HOSPITAL BELEN DE TRUJILLO";"244700";"HOSPITALIZACIÓN DE MEDICINA NEUROLOGIA  ";"9";"24";"376";"233";"9";"252";"4"
"2023";"02";"130101";"LA LIBERTAD";"TRUJILLO";"TRUJILLO";"GOBIERNO REGIONAL";"III-1";"00005195";"HOSPITAL BELEN DE TRUJILLO";"242100";"HOSPITALIZACIÓN DE MEDICINA ONCOLOGÍA MÉDICA ";"0";"2";"40";"41";"4";"112";"0"
"2023";"02";"130101";"LA LIBERTAD";"TRUJILLO";"TRUJILLO";"GOBIERNO REGIONAL";"III-1";"00005195";"HOSPITAL BELEN DE TRUJILLO";"243200";"HOSPITALIZACIÓN DE PEDIATRÍA PEDIATRIA NEONATOLOGÍA";"230";"99";"1200";"768";"30";"840";"4"
"2023";"02";"130101";"LA LIBERTAD";"TRUJILLO";"TRUJILLO";"GOBIERNO REGIONAL";"III-1";"00005195";"HOSPITAL BELEN DE TRUJILLO";"250105";"UNIDAD DE CUIDADOS CRITICOS UNIDAD  DE CUIDADOS INTENSIVOS  (UCI) NEONATOLOGÍA";"4";"8";"100";"332";"12";"336";"8"
"2023";"02";"130101";"LA LIBERTAD";"TRUJILLO";"TRUJILLO";"GOBIERNO REGIONAL";"III-1";"00005195";"HOSPITAL BELEN DE TRUJILLO";"242300";"HOSPITALIZACIÓN DE PEDIATRÍA  PEDIATRÍA  GENERAL ";"41";"39";"326";"299";"20";"560";"0"
"2023";"02";"130101";"LA LIBERTAD";"TRUJILLO";"TRUJILLO";"GOBIERNO REGIONAL";"III-1";"00005195";"HOSPITAL BELEN DE TRUJILLO";"250108";"UNIDAD DE CUIDADOS CRITICOS UNIDAD  DE CUIDADOS INTENSIVOS  (UCI) PEDIÁTRICA";"5";"0";"0";"78";"5";"140";"0"
"2023";"02";"130101";"LA LIBERTAD";"TRUJILLO";"TRUJILLO";"GOBIERNO REGIONAL";"III-1";"00005195";"HOSPITAL BELEN DE TRUJILLO";"241500";"HOSPITALIZACIÓN QUIRÚRGICA GINECOLOGÍA  ";"46";"49";"196";"207";"10";"280";"0"
"2023";"02";"130101";"LA LIBERTAD";"TRUJILLO";"TRUJILLO";"GOBIERNO REGIONAL";"III-1";"00005195";"HOSPITAL BELEN DE TRUJILLO";"241600";"HOSPITALIZACIÓN QUIRÚRGICA OBSTETRICIA   ";"252";"249";"706";"772";"44";"1232";"0"
"2023";"02";"130101";"LA LIBERTAD";"TRUJILLO";"TRUJILLO";"GOBIERNO REGIONAL";"III-1";"00005195";"HOSPITAL BELEN DE TRUJILLO";"250100";"UNIDAD DE CUIDADOS CRITICOS UNIDAD  DE CUIDADOS INTENSIVOS GENERALES (UCI) ";"2";"7";"357";"262";"10";"280";"7"
"2023";"02";"220506";"SAN MARTIN";"LAMAS";"PINTO RECODO";"GOBIERNO REGIONAL";"I-1";"00006410";"CHURUZAPA PINTO RECODO";"NE_0001";"";"NE_0001";"NE_0001";"NE_0001";"NE_0001";"NE_0001";"NE_0001";"NE_0001"
"2023";"02";"150114";"LIMA";"LIMA";"LA MOLINA";"PRIVADO";"I-3";"00010464";"CLINICA ANGLO AMERICANA";"NE_0001";"";"NE_0001";"NE_0001";"NE_0001";"NE_0001";"NE_0001";"NE_0001";"NE_0001"
"2023";"02";"220206";"SAN MARTIN";"BELLAVISTA";"SAN RAFAEL";"GOBIERNO REGIONAL";"I-2";"00006516";"LA LIBERTAD";"NE_0002";"";"NE_0002";"NE_0002";"NE_0002";"NE_0002";"NE_0002";"NE_0002";"NE_0002"
"2023";"02";"220406";"SAN MARTIN";"HUALLAGA";"TINGO DE SAPOSOA";"GOBIERNO REGIONAL";"I-1";"00006546";"TINGO DE SAPOSOA";"NE_0001";"";"NE_0001";"NE_0001";"NE_0001";"NE_0001";"NE_0001";"NE_0001";"NE_0001"
"2023";"02";"140101";"LAMBAYEQUE";"CHICLAYO";"CHICLAYO";"ESSALUD";"III-1";"00008577";"HOSPITAL NACIONAL ALMANZOR AGUINAGA ASENJO";"244000";"HOSPITALIZACIÓN DE MEDICINA CARDIOLOGIA ";"79";"60";"419";"532";"17";"599";"2"
"2023";"02";"140101";"LAMBAYEQUE";"CHICLAYO";"CHICLAYO";"ESSALUD";"III-1";"00008577";"HOSPITAL NACIONAL ALMANZOR AGUINAGA ASENJO";"240200";"HOSPITALIZACIÓN QUIRÚRGICA CIRUGÍA DE CABEZA Y CUELLO / MÁXILO FACIAL ";"25";"19";"179";"131";"5";"155";"0"
"2023";"02";"140101";"LAMBAYEQUE";"CHICLAYO";"CHICLAYO";"ESSALUD";"III-1";"00008577";"HOSPITAL NACIONAL ALMANZOR AGUINAGA ASENJO";"240400";"HOSPITALIZACIÓN QUIRÚRGICA CIRUGÍA DE TÓRAX Y CARDIOVASCULAR ";"26";"13";"95";"74";"10";"152";"0"
"2023";"02";"140101";"LAMBAYEQUE";"CHICLAYO";"CHICLAYO";"ESSALUD";"III-1";"00008577";"HOSPITAL NACIONAL ALMANZOR AGUINAGA ASENJO";"240100";"HOSPITALIZACIÓN QUIRÚRGICA CIRUGÍA GENERAL ";"99";"90";"781";"683";"30";"767";"1"
"2023";"02";"140101";"LAMBAYEQUE";"CHICLAYO";"CHICLAYO";"ESSALUD";"III-1";"00008577";"HOSPITAL NACIONAL ALMANZOR AGUINAGA ASENJO";"240700";"HOSPITALIZACIÓN QUIRÚRGICA CIRUGÍA PEDIÁTRICA ";"37";"32";"118";"115";"8";"219";"0"
"2023";"02";"140101";"LAMBAYEQUE";"CHICLAYO";"CHICLAYO";"ESSALUD";"III-1";"00008577";"HOSPITAL NACIONAL ALMANZOR AGUINAGA ASENJO";"240801";"HOSPITALIZACIÓN QUIRÚRGICA CIRUGÍA PLÁSTICA/RECONSTRUCTIVA/ REPARADORA QUEMADOS";"22";"9";"562";"97";"4";"119";"0"
"2023";"02";"140101";"LAMBAYEQUE";"CHICLAYO";"CHICLAYO";"ESSALUD";"III-1";"00008577";"HOSPITAL NACIONAL ALMANZOR AGUINAGA ASENJO";"244200";"HOSPITALIZACIÓN DE MEDICINA ENDOCRINOLOGIA ";"4";"3";"21";"18";"3";"21";"0"
"2023";"02";"140101";"LAMBAYEQUE";"CHICLAYO";"CHICLAYO";"ESSALUD";"III-1";"00008577";"HOSPITAL NACIONAL ALMANZOR AGUINAGA ASENJO";"244300";"HOSPITALIZACIÓN DE MEDICINA GASTROENTEROLOGÍA  ";"47";"36";"276";"433";"17";"446";"1"
"2023";"02";"140101";"LAMBAYEQUE";"CHICLAYO";"CHICLAYO";"ESSALUD";"III-1";"00008577";"HOSPITAL NACIONAL ALMANZOR AGUINAGA ASENJO";"244400";"HOSPITALIZACIÓN DE MEDICINA GERIATRIA ";"48";"36";"659";"550";"20";"572";"7"
"2023";"02";"140101";"LAMBAYEQUE";"CHICLAYO";"CHICLAYO";"ESSALUD";"III-1";"00008577";"HOSPITAL NACIONAL ALMANZOR AGUINAGA ASENJO";"241500";"HOSPITALIZACIÓN QUIRÚRGICA GINECOLOGÍA  ";"127";"162";"907";"344";"12";"365";"0"
"2023";"02";"140101";"LAMBAYEQUE";"CHICLAYO";"CHICLAYO";"ESSALUD";"III-1";"00008577";"HOSPITAL NACIONAL ALMANZOR AGUINAGA ASENJO";"244500";"HOSPITALIZACIÓN DE MEDICINA HEMATOLOGÍA ";"33";"16";"433";"509";"19";"567";"0"
"2023";"02";"140101";"LAMBAYEQUE";"CHICLAYO";"CHICLAYO";"ESSALUD";"III-1";"00008577";"HOSPITAL NACIONAL ALMANZOR AGUINAGA ASENJO";"241900";"HOSPITALIZACIÓN DE MEDICINA MEDICINA INTERNA ";"76";"46";"710";"732";"29";"751";"4"
"2023";"02";"140101";"LAMBAYEQUE";"CHICLAYO";"CHICLAYO";"ESSALUD";"III-1";"00008577";"HOSPITAL NACIONAL ALMANZOR AGUINAGA ASENJO";"244600";"HOSPITALIZACIÓN DE MEDICINA NEFROLOGIA ";"24";"22";"179";"217";"10";"249";"0"
"2023";"02";"140101";"LAMBAYEQUE";"CHICLAYO";"CHICLAYO";"ESSALUD";"III-1";"00008577";"HOSPITAL NACIONAL ALMANZOR AGUINAGA ASENJO";"243200";"HOSPITALIZACIÓN DE PEDIATRÍA PEDIATRIA NEONATOLOGÍA";"165";"51";"277";"508";"18";"508";"1"
"2023";"02";"140101";"LAMBAYEQUE";"CHICLAYO";"CHICLAYO";"ESSALUD";"III-1";"00008577";"HOSPITAL NACIONAL ALMANZOR AGUINAGA ASENJO";"245300";"HOSPITALIZACIÓN DE MEDICINA NEUMOLOGÍA  ";"3";"15";"112";"200";"10";"306";"0"
"2023";"02";"140101";"LAMBAYEQUE";"CHICLAYO";"CHICLAYO";"ESSALUD";"III-1";"00008577";"HOSPITAL NACIONAL ALMANZOR AGUINAGA ASENJO";"240900";"HOSPITALIZACIÓN QUIRÚRGICA NEUROCIRUGÍA ";"40";"27";"524";"434";"17";"434";"0"
"2023";"02";"140101";"LAMBAYEQUE";"CHICLAYO";"CHICLAYO";"ESSALUD";"III-1";"00008577";"HOSPITAL NACIONAL ALMANZOR AGUINAGA ASENJO";"244700";"HOSPITALIZACIÓN DE MEDICINA NEUROLOGIA  ";"36";"33";"449";"359";"14";"386";"0"
"2023";"02";"140101";"LAMBAYEQUE";"CHICLAYO";"CHICLAYO";"ESSALUD";"III-1";"00008577";"HOSPITAL NACIONAL ALMANZOR AGUINAGA ASENJO";"241600";"HOSPITALIZACIÓN QUIRÚRGICA OBSTETRICIA   ";"218";"212";"948";"839";"25";"839";"0"
"2023";"02";"140101";"LAMBAYEQUE";"CHICLAYO";"CHICLAYO";"ESSALUD";"III-1";"00008577";"HOSPITAL NACIONAL ALMANZOR AGUINAGA ASENJO";"240600";"HOSPITALIZACIÓN QUIRÚRGICA CIRUGÍA OFTALMOLÓGICA ";"0";"4";"25";"18";"2";"18";"0"
"2023";"02";"140101";"LAMBAYEQUE";"CHICLAYO";"CHICLAYO";"ESSALUD";"III-1";"00008577";"HOSPITAL NACIONAL ALMANZOR AGUINAGA ASENJO";"242100";"HOSPITALIZACIÓN DE MEDICINA ONCOLOGÍA MÉDICA ";"139";"111";"501";"434";"15";"457";"2"
"2023";"02";"140101";"LAMBAYEQUE";"CHICLAYO";"CHICLAYO";"ESSALUD";"III-1";"00008577";"HOSPITAL NACIONAL ALMANZOR AGUINAGA ASENJO";"241200";"HOSPITALIZACIÓN QUIRÚRGICA TRAUMATOLOGÍA Y ORTOPEDIA ";"130";"95";"2162";"839";"30";"866";"0"
"2023";"02";"140101";"LAMBAYEQUE";"CHICLAYO";"CHICLAYO";"ESSALUD";"III-1";"00008577";"HOSPITAL NACIONAL ALMANZOR AGUINAGA ASENJO";"241100";"HOSPITALIZACIÓN QUIRÚRGICA OTORRINOLARINGOLOGÍA  ";"18";"15";"54";"49";"5";"100";"0"
"2023";"02";"140101";"LAMBAYEQUE";"CHICLAYO";"CHICLAYO";"ESSALUD";"III-1";"00008577";"HOSPITAL NACIONAL ALMANZOR AGUINAGA ASENJO";"242300";"HOSPITALIZACIÓN DE PEDIATRÍA  PEDIATRÍA  GENERAL ";"56";"42";"349";"370";"20";"550";"0"
"2023";"02";"140101";"LAMBAYEQUE";"CHICLAYO";"CHICLAYO";"ESSALUD";"III-1";"00008577";"HOSPITAL NACIONAL ALMANZOR AGUINAGA ASENJO";"242200";"HOSPITALIZACIÓN DE MEDICINA PSIQUIATRÍA ";"10";"16";"274";"278";"16";"448";"0"
"2023";"02";"140101";"LAMBAYEQUE";"CHICLAYO";"CHICLAYO";"ESSALUD";"III-1";"00008577";"HOSPITAL NACIONAL ALMANZOR AGUINAGA ASENJO";"241300";"HOSPITALIZACIÓN QUIRÚRGICA UROLOGÍA  ";"29";"34";"247";"216";"16";"294";"0"
"2023";"02";"140101";"LAMBAYEQUE";"CHICLAYO";"CHICLAYO";"ESSALUD";"III-1";"00008577";"HOSPITAL NACIONAL ALMANZOR AGUINAGA ASENJO";"250100";"UNIDAD DE CUIDADOS CRITICOS UNIDAD  DE CUIDADOS INTENSIVOS GENERALES (UCI) ";"38";"12";"150";"427";"38";"588";"10"
"2023";"02";"140101";"LAMBAYEQUE";"CHICLAYO";"CHICLAYO";"ESSALUD";"III-1";"00008577";"HOSPITAL NACIONAL ALMANZOR AGUINAGA ASENJO";"250200";"UNIDAD DE CUIDADOS CRITICOS UNIDAD DE CUIDADOS INTERMEDIOS GENERAL  (UCIN) ";"14";"6";"204";"344";"13";"364";"6"
"2023";"03";"060801";"CAJAMARCA";"JAEN";"JAEN";"SANIDAD DE LA POLICIA NACIONAL DEL PERU";"I-3";"00018950";"POLICLINICO POLICIAL JAEN";"NE_0001";"";"NE_0001";"NE_0001";"NE_0001";"NE_0001";"NE_0001";"NE_0001";"NE_0001"
"2023";"03";"030201";"APURIMAC";"ANDAHUAYLAS";"ANDAHUAYLAS";"PRIVADO";"II-E";"00014017";"CLINICA PERUANA DE LOS ANDES";"240000";"HOSPITALIZACIÓN";"13";"12";"13";"13";"6";"186";"0"
"2023";"03";"040104";"AREQUIPA";"AREQUIPA";"CERRO COLORADO";"GOBIERNO REGIONAL";"I-3";"00001236";"CENTRO DE SALUD CERRO COLORADO";"NE_0001";"";"NE_0001";"NE_0001";"NE_0001";"NE_0001";"NE_0001";"NE_0001";"NE_0001"
"2023";"03";"040104";"AREQUIPA";"AREQUIPA";"CERRO COLORADO";"GOBIERNO REGIONAL";"I-3";"00027843";"CENTRO DE SALUD MENTAL COMUNITARIO SAN MARTIN DE PORRES";"NE_0001";"";"NE_0001";"NE_0001";"NE_0001";"NE_0001";"NE_0001";"NE_0001";"NE_0001"
"2023";"03";"040104";"AREQUIPA";"AREQUIPA";"CERRO COLORADO";"GOBIERNO REGIONAL";"I-3";"00001248";"CENTRO DE SALUD ALTO LIBERTAD";"NE_0001";"";"NE_0001";"NE_0001";"NE_0001";"NE_0001";"NE_0001";"NE_0001";"NE_0001"
"2023";"03";"150108";"LIMA";"LIMA";"CHORRILLOS";"SANIDAD DEL EJERCITO DEL PERU";"I-4";"00018171";"POLICLINICO MILITAR CHORRILLOS";"NE_0001";"";"NE_0001";"NE_0001";"NE_0001";"NE_0001";"NE_0001";"NE_0001";"NE_0001"
"2023";"03";"070102";"CALLAO";"CALLAO";"BELLAVISTA";"ESSALUD";"III-1";"00008265";"HOSPITAL NACIONAL ALBERTO SABOGAL SOLOGUREN DE LA RED ASISTENCIAL SABOGAL";"250200";"UNIDAD DE CUIDADOS CRITICOS UNIDAD DE CUIDADOS INTERMEDIOS GENERAL  (UCIN) ";"32";"56";"1169";"511";"17";"527";"7"
"2023";"03";"070102";"CALLAO";"CALLAO";"BELLAVISTA";"ESSALUD";"III-1";"00008265";"HOSPITAL NACIONAL ALBERTO SABOGAL SOLOGUREN DE LA RED ASISTENCIAL SABOGAL";"241900";"HOSPITALIZACIÓN DE MEDICINA MEDICINA INTERNA ";"487";"481";"6142";"5862";"202";"6252";"42"
"2023";"03";"070102";"CALLAO";"CALLAO";"BELLAVISTA";"ESSALUD";"III-1";"00008265";"HOSPITAL NACIONAL ALBERTO SABOGAL SOLOGUREN DE LA RED ASISTENCIAL SABOGAL";"240100";"HOSPITALIZACIÓN QUIRÚRGICA CIRUGÍA GENERAL ";"165";"155";"1056";"1039";"36";"1116";"0"
"2023";"03";"070102";"CALLAO";"CALLAO";"BELLAVISTA";"ESSALUD";"III-1";"00008265";"HOSPITAL NACIONAL ALBERTO SABOGAL SOLOGUREN DE LA RED ASISTENCIAL SABOGAL";"240200";"HOSPITALIZACIÓN QUIRÚRGICA CIRUGÍA DE CABEZA Y CUELLO / MÁXILO FACIAL ";"57";"52";"196";"204";"7";"217";"0"
"2023";"03";"070102";"CALLAO";"CALLAO";"BELLAVISTA";"ESSALUD";"III-1";"00008265";"HOSPITAL NACIONAL ALBERTO SABOGAL SOLOGUREN DE LA RED ASISTENCIAL SABOGAL";"240400";"HOSPITALIZACIÓN QUIRÚRGICA CIRUGÍA DE TÓRAX Y CARDIOVASCULAR ";"17";"14";"68";"93";"3";"93";"0"
"2023";"03";"070102";"CALLAO";"CALLAO";"BELLAVISTA";"ESSALUD";"III-1";"00008265";"HOSPITAL NACIONAL ALBERTO SABOGAL SOLOGUREN DE LA RED ASISTENCIAL SABOGAL";"240800";"HOSPITALIZACIÓN QUIRÚRGICA CIRUGÍA PLÁSTICA/RECONSTRUCTIVA/ REPARADORA ";"10";"7";"69";"58";"2";"62";"0"
"2023";"03";"070102";"CALLAO";"CALLAO";"BELLAVISTA";"ESSALUD";"III-1";"00008265";"HOSPITAL NACIONAL ALBERTO SABOGAL SOLOGUREN DE LA RED ASISTENCIAL SABOGAL";"241700";"HOSPITALIZACIÓN QUIRÚRGICA GINECOLOGÍA   GINECOLOGIA ONCOLOGiCA";"78";"78";"189";"184";"6";"186";"0"
"2023";"03";"070102";"CALLAO";"CALLAO";"BELLAVISTA";"ESSALUD";"III-1";"00008265";"HOSPITAL NACIONAL ALBERTO SABOGAL SOLOGUREN DE LA RED ASISTENCIAL SABOGAL";"241900";"HOSPITALIZACIÓN DE MEDICINA MEDICINA INTERNA ";"16";"17";"177";"153";"5";"160";"0"
"2023";"02";"130503";"LA LIBERTAD";"JULCAN";"CARABAMBA";"GOBIERNO REGIONAL";"I-2";"00006773";"VILLA MARIA";"NE_0001";"";"NE_0001";"NE_0001";"NE_0001";"NE_0001";"NE_0001";"NE_0001";"NE_0001"
"2023";"02";"130503";"LA LIBERTAD";"JULCAN";"CARABAMBA";"GOBIERNO REGIONAL";"I-3";"00005310";"CARABAMBA";"NE_0001";"";"NE_0001";"NE_0001";"NE_0001";"NE_0001";"NE_0001";"NE_0001";"NE_0001"
"2023";"02";"130503";"LA LIBERTAD";"JULCAN";"CARABAMBA";"GOBIERNO REGIONAL";"I-2";"00005311";"SAN JOSE DE SALO BAJO";"NE_0001";"";"NE_0001";"NE_0001";"NE_0001";"NE_0001";"NE_0001";"NE_0001";"NE_0001"
"2023";"02";"010101";"AMAZONAS";"CHACHAPOYAS";"CHACHAPOYAS";"GOBIERNO REGIONAL";"II-2";"00004838";"HOSPITAL REGIONAL VIRGEN DE FATIMA";"240100";"HOSPITALIZACIÓN QUIRÚRGICA CIRUGÍA GENERAL ";"76";"91";"428";"440";"23";"644";"0"
"2023";"02";"010101";"AMAZONAS";"CHACHAPOYAS";"CHACHAPOYAS";"GOBIERNO REGIONAL";"II-2";"00004838";"HOSPITAL REGIONAL VIRGEN DE FATIMA";"241200";"HOSPITALIZACIÓN QUIRÚRGICA TRAUMATOLOGÍA Y ORTOPEDIA ";"20";"21";"111";"126";"9";"252";"0"
"2023";"02";"010101";"AMAZONAS";"CHACHAPOYAS";"CHACHAPOYAS";"GOBIERNO REGIONAL";"II-2";"00004838";"HOSPITAL REGIONAL VIRGEN DE FATIMA";"241500";"HOSPITALIZACIÓN QUIRÚRGICA GINECOLOGÍA  ";"23";"24";"93";"110";"6";"168";"0"
"2023";"02";"010101";"AMAZONAS";"CHACHAPOYAS";"CHACHAPOYAS";"GOBIERNO REGIONAL";"II-2";"00004838";"HOSPITAL REGIONAL VIRGEN DE FATIMA";"241600";"HOSPITALIZACIÓN QUIRÚRGICA OBSTETRICIA   ";"153";"162";"307";"457";"31";"868";"0"
"2023";"02";"010101";"AMAZONAS";"CHACHAPOYAS";"CHACHAPOYAS";"GOBIERNO REGIONAL";"II-2";"00004838";"HOSPITAL REGIONAL VIRGEN DE FATIMA";"241900";"HOSPITALIZACIÓN DE MEDICINA MEDICINA INTERNA ";"58";"65";"394";"380";"23";"644";"2"
"2023";"02";"010101";"AMAZONAS";"CHACHAPOYAS";"CHACHAPOYAS";"GOBIERNO REGIONAL";"II-2";"00004838";"HOSPITAL REGIONAL VIRGEN DE FATIMA";"242500";"HOSPITALIZACIÓN-PEDIATRÍA GENERAL-";"15";"21";"112";"106";"14";"392";"0"
"2023";"02";"010101";"AMAZONAS";"CHACHAPOYAS";"CHACHAPOYAS";"GOBIERNO REGIONAL";"II-2";"00004838";"HOSPITAL REGIONAL VIRGEN DE FATIMA";"243200";"HOSPITALIZACIÓN DE PEDIATRÍA PEDIATRIA NEONATOLOGÍA";"112";"120";"283";"366";"15";"420";"0"
"2023";"02";"010101";"AMAZONAS";"CHACHAPOYAS";"CHACHAPOYAS";"GOBIERNO REGIONAL";"II-2";"00004838";"HOSPITAL REGIONAL VIRGEN DE FATIMA";"250103";"UNIDAD DE CUIDADOS CRITICOS UNIDAD  DE CUIDADOS INTENSIVOS GENERALES  (UCI) MEDICINA";"13";"18";"127";"99";"13";"364";"4"
"2023";"02";"010101";"AMAZONAS";"CHACHAPOYAS";"CHACHAPOYAS";"GOBIERNO REGIONAL";"II-2";"00004838";"HOSPITAL REGIONAL VIRGEN DE FATIMA";"250105";"UNIDAD DE CUIDADOS CRITICOS UNIDAD  DE CUIDADOS INTENSIVOS  (UCI) NEONATOLOGÍA";"5";"5";"30";"38";"6";"168";"1"
"2023";"01";"160101";"LORETO";"MAYNAS";"IQUITOS";"PRIVADO";"II-1";"00011737";"CLINICA SAN JUAN";"240100";"HOSPITALIZACIÓN QUIRÚRGICA CIRUGÍA GENERAL ";"30";"30";"52";"15";"9";"15";"0"
"2023";"01";"160101";"LORETO";"MAYNAS";"IQUITOS";"PRIVADO";"II-1";"00011737";"CLINICA SAN JUAN";"241200";"HOSPITALIZACIÓN QUIRÚRGICA TRAUMATOLOGÍA Y ORTOPEDIA ";"18";"18";"20";"10";"9";"10";"0"
"2023";"01";"160101";"LORETO";"MAYNAS";"IQUITOS";"PRIVADO";"II-1";"00011737";"CLINICA SAN JUAN";"241400";"HOSPITALIZACIÓN QUIRÚRGICA GINECO - OBSTETRICIA ";"10";"10";"15";"11";"9";"11";"0"
"2023";"01";"160101";"LORETO";"MAYNAS";"IQUITOS";"PRIVADO";"II-1";"00011737";"CLINICA SAN JUAN";"241800";"HOSPITALIZACIÓN DE MEDICINA MEDICINA GENERAL ";"2";"2";"2";"2";"9";"10";"0"
"2023";"01";"160101";"LORETO";"MAYNAS";"IQUITOS";"PRIVADO";"II-1";"00011737";"CLINICA SAN JUAN";"241900";"HOSPITALIZACIÓN DE MEDICINA MEDICINA INTERNA ";"1";"1";"2";"2";"9";"10";"0"
"2023";"01";"160101";"LORETO";"MAYNAS";"IQUITOS";"PRIVADO";"II-1";"00011737";"CLINICA SAN JUAN";"243700";"HOSPITALIZACIÓN DE PEDIATRÍA PEDIATRIA OTORRINOLARINGOLOGÍA PEDIÁTRICA ";"5";"5";"5";"3";"9";"11";"0"
"2023";"01";"160101";"LORETO";"MAYNAS";"IQUITOS";"PRIVADO";"II-1";"00011737";"CLINICA SAN JUAN";"244300";"HOSPITALIZACIÓN DE MEDICINA GASTROENTEROLOGÍA  ";"1";"1";"1";"2";"9";"10";"0"
"2023";"02";"220104";"SAN MARTIN";"MOYOBAMBA";"JEPELACIO";"GOBIERNO REGIONAL";"I-3";"00006341";"JERILLO";"241600";"HOSPITALIZACIÓN QUIRÚRGICA OBSTETRICIA   ";"5";"5";"5";"1";"1";"28";"0"
"2023";"02";"220104";"SAN MARTIN";"MOYOBAMBA";"JEPELACIO";"GOBIERNO REGIONAL";"I-1";"00006346";"RAMIREZ";"NE_0001";"";"NE_0001";"NE_0001";"NE_0001";"NE_0001";"NE_0001";"NE_0001";"NE_0001"
"2023";"02";"220104";"SAN MARTIN";"MOYOBAMBA";"JEPELACIO";"GOBIERNO REGIONAL";"I-3";"00006349";"LA HUARPIA";"NE_0001";"";"NE_0001";"NE_0001";"NE_0001";"NE_0001";"NE_0001";"NE_0001";"NE_0001"
"2023";"02";"080701";"CUSCO";"CHUMBIVILCAS";"SANTO TOMAS";"GOBIERNO REGIONAL";"I-1";"00006981";"CCOYO";"NE_0001";"";"NE_0001";"NE_0001";"NE_0001";"NE_0001";"NE_0001";"NE_0001";"NE_0001"
"2023";"02";"080701";"CUSCO";"CHUMBIVILCAS";"SANTO TOMAS";"GOBIERNO REGIONAL";"I-1";"00006982";"MELLOTOTORA";"NE_0001";"";"NE_0001";"NE_0001";"NE_0001";"NE_0001";"NE_0001";"NE_0001";"NE_0001"
"2023";"02";"080706";"CUSCO";"CHUMBIVILCAS";"LLUSCO";"GOBIERNO REGIONAL";"I-2";"00006748";"COLLPA";"NE_0001";"";"NE_0001";"NE_0001";"NE_0001";"NE_0001";"NE_0001";"NE_0001";"NE_0001"
"2023";"02";"080701";"CUSCO";"CHUMBIVILCAS";"SANTO TOMAS";"GOBIERNO REGIONAL";"I-2";"00006746";"LLIQUE";"NE_0001";"";"NE_0001";"NE_0001";"NE_0001";"NE_0001";"NE_0001";"NE_0001";"NE_0001"
"2023";"02";"061107";"CAJAMARCA";"SAN MIGUEL";"LLAPA";"GOBIERNO REGIONAL";"I-1";"00007083";"PABELLON CHICO";"NE_0001";"";"NE_0001";"NE_0001";"NE_0001";"NE_0001";"NE_0001";"NE_0001";"NE_0001"
"2023";"02";"150117";"LIMA";"LIMA";"LOS OLIVOS";"PRIVADO";"II-E";"00026936";"CLINICA AVIVA SEDE LOS OLIVOS";"240000";"HOSPITALIZACIÓN";"314";"291";"621";"314";"22";"616";"1"
"2023";"02";"130202";"LA LIBERTAD";"ASCOPE";"CHICAMA";"ESSALUD";"I-2";"00009277";"POSTA DE SALUD CHICAMA";"NE_0001";"";"NE_0001";"NE_0001";"NE_0001";"NE_0001";"NE_0001";"NE_0001";"NE_0001"
"2023";"02";"020801";"ANCASH";"CASMA";"CASMA";"ESSALUD";"I-3";"00009057";"CENTRO MEDICO CASMA";"NE_0001";"";"NE_0001";"NE_0001";"NE_0001";"NE_0001";"NE_0001";"NE_0001";"NE_0001"
"2023";"02";"080910";"CUSCO";"LA CONVENCION";"PICHARI";"GOBIERNO REGIONAL";"I-2";"00007114";"QUISTO CENTRAL";"NE_0001";"";"NE_0001";"NE_0001";"NE_0001";"NE_0001";"NE_0001";"NE_0001";"NE_0001"
"2023";"02";"080910";"CUSCO";"LA CONVENCION";"PICHARI";"GOBIERNO REGIONAL";"I-1";"00015170";"PICHARI BAJA";"NE_0001";"";"NE_0001";"NE_0001";"NE_0001";"NE_0001";"NE_0001";"NE_0001";"NE_0001"
"2023";"02";"080910";"CUSCO";"LA CONVENCION";"PICHARI";"GOBIERNO REGIONAL";"I-2";"00002496";"OMAYA";"NE_0001";"";"NE_0001";"NE_0001";"NE_0001";"NE_0001";"NE_0001";"NE_0001";"NE_0001"
"2023";"03";"050904";"AYACUCHO";"SUCRE";"CHILCAYOC";"GOBIERNO REGIONAL";"I-2";"00003805";"PUESTO DE SALUD CHILCAYOCC";"NE_0001";"";"NE_0001";"NE_0001";"NE_0001";"NE_0001";"NE_0001";"NE_0001";"NE_0001"
"2023";"03";"050909";"AYACUCHO";"SUCRE";"SAN SALVADOR DE QUIJE";"GOBIERNO REGIONAL";"I-1";"00003806";"PUESTO DE SALUD SAN SALVADOR DE QUIJE";"NE_0001";"";"NE_0001";"NE_0001";"NE_0001";"NE_0001";"NE_0001";"NE_0001";"NE_0001"
"2023";"03";"050907";"AYACUCHO";"SUCRE";"PAICO";"GOBIERNO REGIONAL";"I-1";"00003813";"PUESTO DE SALUD PAICO";"NE_0001";"";"NE_0001";"NE_0001";"NE_0001";"NE_0001";"NE_0001";"NE_0001";"NE_0001"
"2023";"03";"050905";"AYACUCHO";"SUCRE";"HUACAÑA";"GOBIERNO REGIONAL";"I-1";"00003719";"PUESTO DE SALUD HUACAÑA";"NE_0001";"";"NE_0001";"NE_0001";"NE_0001";"NE_0001";"NE_0001";"NE_0001";"NE_0001"
"2023";"03";"050901";"AYACUCHO";"SUCRE";"QUEROBAMBA";"GOBIERNO REGIONAL";"I-1";"00003802";"PUESTO DE SALUD POTONGO";"NE_0001";"";"NE_0001";"NE_0001";"NE_0001";"NE_0001";"NE_0001";"NE_0001";"NE_0001"
"2023";"03";"050910";"AYACUCHO";"SUCRE";"SANTIAGO DE PAUCARAY";"GOBIERNO REGIONAL";"I-1";"00007096";"PUESTO DE SALUD AUTAMA";"NE_0001";"";"NE_0001";"NE_0001";"NE_0001";"NE_0001";"NE_0001";"NE_0001";"NE_0001"
"2023";"03";"050906";"AYACUCHO";"SUCRE";"MORCOLLA";"GOBIERNO REGIONAL";"I-1";"00003812";"PUESTO DE SALUD HUACO";"NE_0001";"";"NE_0001";"NE_0001";"NE_0001";"NE_0001";"NE_0001";"NE_0001";"NE_0001"
"2023";"03";"050901";"AYACUCHO";"SUCRE";"QUEROBAMBA";"GOBIERNO REGIONAL";"I-1";"00003809";"PUESTO DE SALUD CHONTA";"NE_0001";"";"NE_0001";"NE_0001";"NE_0001";"NE_0001";"NE_0001";"NE_0001";"NE_0001"
"2023";"03";"050906";"AYACUCHO";"SUCRE";"MORCOLLA";"GOBIERNO REGIONAL";"I-1";"00003810";"PUESTO DE SALUD MORCOLLA";"NE_0001";"";"NE_0001";"NE_0001";"NE_0001";"NE_0001";"NE_0001";"NE_0001";"NE_0001"
"2023";"03";"050906";"AYACUCHO";"SUCRE";"MORCOLLA";"GOBIERNO REGIONAL";"I-1";"00003811";"PUESTO DE SALUD TINTAY";"NE_0001";"";"NE_0001";"NE_0001";"NE_0001";"NE_0001";"NE_0001";"NE_0001";"NE_0001"
"2023";"03";"050907";"AYACUCHO";"SUCRE";"PAICO";"GOBIERNO REGIONAL";"I-1";"00003814";"PUESTO DE SALUD SIHUE";"NE_0001";"";"NE_0001";"NE_0001";"NE_0001";"NE_0001";"NE_0001";"NE_0001";"NE_0001"
"2023";"03";"050910";"AYACUCHO";"SUCRE";"SANTIAGO DE PAUCARAY";"GOBIERNO REGIONAL";"I-1";"00003816";"PUESTO DE SALUD SANTIAGO DE PAUCARAY";"NE_0001";"";"NE_0001";"NE_0001";"NE_0001";"NE_0001";"NE_0001";"NE_0001";"NE_0001"
"2023";"03";"050902";"AYACUCHO";"SUCRE";"BELEN";"GOBIERNO REGIONAL";"I-1";"00003803";"PUESTO DE SALUD BELEN";"NE_0001";"";"NE_0001";"NE_0001";"NE_0001";"NE_0001";"NE_0001";"NE_0001";"NE_0001"
"2023";"03";"050909";"AYACUCHO";"SUCRE";"SAN SALVADOR DE QUIJE";"GOBIERNO REGIONAL";"I-1";"00003807";"PUESTO DE SALUD SANTIAGO DE PALLCCA";"NE_0001";"";"NE_0001";"NE_0001";"NE_0001";"NE_0001";"NE_0001";"NE_0001";"NE_0001"
"2023";"03";"050903";"AYACUCHO";"SUCRE";"CHALCOS";"GOBIERNO REGIONAL";"I-1";"00003804";"PUESTO DE SALUD CHALCOS";"NE_0001";"";"NE_0001";"NE_0001";"NE_0001";"NE_0001";"NE_0001";"NE_0001";"NE_0001"
"2023";"03";"050908";"AYACUCHO";"SUCRE";"SAN PEDRO DE LARCAY";"GOBIERNO REGIONAL";"I-2";"00003815";"SAN PEDRO DE LARCAY";"NE_0001";"";"NE_0001";"NE_0001";"NE_0001";"NE_0001";"NE_0001";"NE_0001";"NE_0001"
"2023";"03";"050910";"AYACUCHO";"SUCRE";"SANTIAGO DE PAUCARAY";"GOBIERNO REGIONAL";"I-1";"00003817";"PUESTO DE SALUD ATIHUARA";"NE_0001";"";"NE_0001";"NE_0001";"NE_0001";"NE_0001";"NE_0001";"NE_0001";"NE_0001"
"2023";"03";"050909";"AYACUCHO";"SUCRE";"SAN SALVADOR DE QUIJE";"GOBIERNO REGIONAL";"I-1";"00006900";"PUESTO DE SALUD VISTA ALEGRE - SUCRE";"NE_0001";"";"NE_0001";"NE_0001";"NE_0001";"NE_0001";"NE_0001";"NE_0001";"NE_0001"
"2023";"03";"050904";"AYACUCHO";"SUCRE";"CHILCAYOC";"GOBIERNO REGIONAL";"I-2";"00003805";"PUESTO DE SALUD CHILCAYOCC";"NE_0001";"";"NE_0001";"NE_0001";"NE_0001";"NE_0001";"NE_0001";"NE_0001";"NE_0001"
"2023";"03";"050909";"AYACUCHO";"SUCRE";"SAN SALVADOR DE QUIJE";"GOBIERNO REGIONAL";"I-1";"00003806";"PUESTO DE SALUD SAN SALVADOR DE QUIJE";"NE_0001";"";"NE_0001";"NE_0001";"NE_0001";"NE_0001";"NE_0001";"NE_0001";"NE_0001"
"2023";"03";"050907";"AYACUCHO";"SUCRE";"PAICO";"GOBIERNO REGIONAL";"I-1";"00003813";"PUESTO DE SALUD PAICO";"NE_0001";"";"NE_0001";"NE_0001";"NE_0001";"NE_0001";"NE_0001";"NE_0001";"NE_0001"
"2023";"03";"050905";"AYACUCHO";"SUCRE";"HUACAÑA";"GOBIERNO REGIONAL";"I-1";"00003719";"PUESTO DE SALUD HUACAÑA";"NE_0001";"";"NE_0001";"NE_0001";"NE_0001";"NE_0001";"NE_0001";"NE_0001";"NE_0001"
"2023";"03";"050901";"AYACUCHO";"SUCRE";"QUEROBAMBA";"GOBIERNO REGIONAL";"I-1";"00003802";"PUESTO DE SALUD POTONGO";"NE_0001";"";"NE_0001";"NE_0001";"NE_0001";"NE_0001";"NE_0001";"NE_0001";"NE_0001"
"2023";"03";"050910";"AYACUCHO";"SUCRE";"SANTIAGO DE PAUCARAY";"GOBIERNO REGIONAL";"I-1";"00007096";"PUESTO DE SALUD AUTAMA";"NE_0001";"";"NE_0001";"NE_0001";"NE_0001";"NE_0001";"NE_0001";"NE_0001";"NE_0001"
"2023";"03";"050906";"AYACUCHO";"SUCRE";"MORCOLLA";"GOBIERNO REGIONAL";"I-1";"00003812";"PUESTO DE SALUD HUACO";"NE_0001";"";"NE_0001";"NE_0001";"NE_0001";"NE_0001";"NE_0001";"NE_0001";"NE_0001"
"2023";"03";"050901";"AYACUCHO";"SUCRE";"QUEROBAMBA";"GOBIERNO REGIONAL";"I-1";"00003809";"PUESTO DE SALUD CHONTA";"NE_0001";"";"NE_0001";"NE_0001";"NE_0001";"NE_0001";"NE_0001";"NE_0001";"NE_0001"
"2023";"03";"050906";"AYACUCHO";"SUCRE";"MORCOLLA";"GOBIERNO REGIONAL";"I-1";"00003810";"PUESTO DE SALUD MORCOLLA";"NE_0001";"";"NE_0001";"NE_0001";"NE_0001";"NE_0001";"NE_0001";"NE_0001";"NE_0001"
"2023";"03";"050906";"AYACUCHO";"SUCRE";"MORCOLLA";"GOBIERNO REGIONAL";"I-1";"00003811";"PUESTO DE SALUD TINTAY";"NE_0001";"";"NE_0001";"NE_0001";"NE_0001";"NE_0001";"NE_0001";"NE_0001";"NE_0001"
"2023";"03";"050907";"AYACUCHO";"SUCRE";"PAICO";"GOBIERNO REGIONAL";"I-1";"00003814";"PUESTO DE SALUD SIHUE";"NE_0001";"";"NE_0001";"NE_0001";"NE_0001";"NE_0001";"NE_0001";"NE_0001";"NE_0001"
"2023";"03";"050910";"AYACUCHO";"SUCRE";"SANTIAGO DE PAUCARAY";"GOBIERNO REGIONAL";"I-1";"00003816";"PUESTO DE SALUD SANTIAGO DE PAUCARAY";"NE_0001";"";"NE_0001";"NE_0001";"NE_0001";"NE_0001";"NE_0001";"NE_0001";"NE_0001"
"2023";"03";"050902";"AYACUCHO";"SUCRE";"BELEN";"GOBIERNO REGIONAL";"I-1";"00003803";"PUESTO DE SALUD BELEN";"NE_0001";"";"NE_0001";"NE_0001";"NE_0001";"NE_0001";"NE_0001";"NE_0001";"NE_0001"
"2023";"03";"050909";"AYACUCHO";"SUCRE";"SAN SALVADOR DE QUIJE";"GOBIERNO REGIONAL";"I-1";"00003807";"PUESTO DE SALUD SANTIAGO DE PALLCCA";"NE_0001";"";"NE_0001";"NE_0001";"NE_0001";"NE_0001";"NE_0001";"NE_0001";"NE_0001"
"2023";"03";"050903";"AYACUCHO";"SUCRE";"CHALCOS";"GOBIERNO REGIONAL";"I-1";"00003804";"PUESTO DE SALUD CHALCOS";"NE_0001";"";"NE_0001";"NE_0001";"NE_0001";"NE_0001";"NE_0001";"NE_0001";"NE_0001"
"2023";"03";"050908";"AYACUCHO";"SUCRE";"SAN PEDRO DE LARCAY";"GOBIERNO REGIONAL";"I-2";"00003815";"SAN PEDRO DE LARCAY";"NE_0001";"";"NE_0001";"NE_0001";"NE_0001";"NE_0001";"NE_0001";"NE_0001";"NE_0001"
"2023";"03";"050910";"AYACUCHO";"SUCRE";"SANTIAGO DE PAUCARAY";"GOBIERNO REGIONAL";"I-1";"00003817";"PUESTO DE SALUD ATIHUARA";"NE_0001";"";"NE_0001";"NE_0001";"NE_0001";"NE_0001";"NE_0001";"NE_0001";"NE_0001"
"2023";"03";"050909";"AYACUCHO";"SUCRE";"SAN SALVADOR DE QUIJE";"GOBIERNO REGIONAL";"I-1";"00006900";"PUESTO DE SALUD VISTA ALEGRE - SUCRE";"NE_0001";"";"NE_0001";"NE_0001";"NE_0001";"NE_0001";"NE_0001";"NE_0001";"NE_0001"
"2023";"03";"050904";"AYACUCHO";"SUCRE";"CHILCAYOC";"GOBIERNO REGIONAL";"I-2";"00003805";"PUESTO DE SALUD CHILCAYOCC";"NE_0001";"";"NE_0001";"NE_0001";"NE_0001";"NE_0001";"NE_0001";"NE_0001";"NE_0001"
"2023";"03";"050909";"AYACUCHO";"SUCRE";"SAN SALVADOR DE QUIJE";"GOBIERNO REGIONAL";"I-1";"00003806";"PUESTO DE SALUD SAN SALVADOR DE QUIJE";"NE_0001";"";"NE_0001";"NE_0001";"NE_0001";"NE_0001";"NE_0001";"NE_0001";"NE_0001"
"2023";"03";"050901";"AYACUCHO";"SUCRE";"QUEROBAMBA";"GOBIERNO REGIONAL";"I-4";"00003808";"CENTRO DE SALUD QUEROBAMBA";"241600";"HOSPITALIZACIÓN QUIRÚRGICA OBSTETRICIA   ";"9";"9";"16";"1";"10";"11";"0"
"2023";"03";"050907";"AYACUCHO";"SUCRE";"PAICO";"GOBIERNO REGIONAL";"I-1";"00003813";"PUESTO DE SALUD PAICO";"NE_0001";"";"NE_0001";"NE_0001";"NE_0001";"NE_0001";"NE_0001";"NE_0001";"NE_0001"
"2023";"03";"050905";"AYACUCHO";"SUCRE";"HUACAÑA";"GOBIERNO REGIONAL";"I-1";"00003719";"PUESTO DE SALUD HUACAÑA";"NE_0001";"";"NE_0001";"NE_0001";"NE_0001";"NE_0001";"NE_0001";"NE_0001";"NE_0001"
"2023";"03";"050901";"AYACUCHO";"SUCRE";"QUEROBAMBA";"GOBIERNO REGIONAL";"I-1";"00003802";"PUESTO DE SALUD POTONGO";"NE_0001";"";"NE_0001";"NE_0001";"NE_0001";"NE_0001";"NE_0001";"NE_0001";"NE_0001"
"2023";"03";"050910";"AYACUCHO";"SUCRE";"SANTIAGO DE PAUCARAY";"GOBIERNO REGIONAL";"I-1";"00007096";"PUESTO DE SALUD AUTAMA";"NE_0001";"";"NE_0001";"NE_0001";"NE_0001";"NE_0001";"NE_0001";"NE_0001";"NE_0001"
"2023";"03";"050906";"AYACUCHO";"SUCRE";"MORCOLLA";"GOBIERNO REGIONAL";"I-1";"00003812";"PUESTO DE SALUD HUACO";"NE_0001";"";"NE_0001";"NE_0001";"NE_0001";"NE_0001";"NE_0001";"NE_0001";"NE_0001"
"2023";"03";"050901";"AYACUCHO";"SUCRE";"QUEROBAMBA";"GOBIERNO REGIONAL";"I-1";"00003809";"PUESTO DE SALUD CHONTA";"NE_0001";"";"NE_0001";"NE_0001";"NE_0001";"NE_0001";"NE_0001";"NE_0001";"NE_0001"
"2023";"03";"050906";"AYACUCHO";"SUCRE";"MORCOLLA";"GOBIERNO REGIONAL";"I-1";"00003810";"PUESTO DE SALUD MORCOLLA";"NE_0001";"";"NE_0001";"NE_0001";"NE_0001";"NE_0001";"NE_0001";"NE_0001";"NE_0001"
"2023";"01";"150140";"LIMA";"LIMA";"SANTIAGO DE SURCO";"PRIVADO";"II-E";"00015461";"VISTASALUD CENTRO OFTALMOLOGICO";"NE_0001";"";"NE_0001";"NE_0001";"NE_0001";"NE_0001";"NE_0001";"NE_0001";"NE_0001"
"2023";"01";"150132";"LIMA";"LIMA";"SAN JUAN DE LURIGANCHO";"ESSALUD";"II-1";"00008317";"HOSPITAL AURELIO DIAZ UFANO Y PERAL";"240100";"HOSPITALIZACIÓN QUIRÚRGICA CIRUGÍA GENERAL ";"95";"88";"165";"168";"7";"222";"0"
"2023";"01";"150132";"LIMA";"LIMA";"SAN JUAN DE LURIGANCHO";"ESSALUD";"II-1";"00008317";"HOSPITAL AURELIO DIAZ UFANO Y PERAL";"241400";"HOSPITALIZACIÓN QUIRÚRGICA GINECO - OBSTETRICIA ";"30";"27";"67";"74";"3";"82";"0"
"2023";"01";"150132";"LIMA";"LIMA";"SAN JUAN DE LURIGANCHO";"ESSALUD";"II-1";"00008317";"HOSPITAL AURELIO DIAZ UFANO Y PERAL";"241600";"HOSPITALIZACIÓN QUIRÚRGICA OBSTETRICIA   ";"171";"181";"344";"317";"13";"406";"0"
"2023";"01";"150132";"LIMA";"LIMA";"SAN JUAN DE LURIGANCHO";"ESSALUD";"II-1";"00008317";"HOSPITAL AURELIO DIAZ UFANO Y PERAL";"241900";"HOSPITALIZACIÓN DE MEDICINA MEDICINA INTERNA ";"71";"70";"259";"259";"10";"302";"3"
"2023";"01";"150132";"LIMA";"LIMA";"SAN JUAN DE LURIGANCHO";"ESSALUD";"II-1";"00008317";"HOSPITAL AURELIO DIAZ UFANO Y PERAL";"242300";"HOSPITALIZACIÓN DE PEDIATRÍA  PEDIATRÍA  GENERAL ";"57";"54";"116";"118";"7";"228";"0"
"2023";"01";"150132";"LIMA";"LIMA";"SAN JUAN DE LURIGANCHO";"ESSALUD";"II-1";"00008317";"HOSPITAL AURELIO DIAZ UFANO Y PERAL";"243200";"HOSPITALIZACIÓN DE PEDIATRÍA PEDIATRIA NEONATOLOGÍA";"12";"12";"26";"26";"3";"93";"0"
"2023";"01";"110101";"ICA";"ICA";"ICA";"PRIVADO";"II-1";"00015963";"LA CLINICA DE ICA DR. JULIO TATAJE BARRIGA SRL";"NE_0002";"";"NE_0002";"NE_0002";"NE_0002";"NE_0002";"NE_0002";"NE_0002";"NE_0002"
"2023";"01";"150120";"LIMA";"LIMA";"MAGDALENA DEL MAR";"MINSA";"III-1";"00006214";"HOSPITAL VICTOR LARCO HERRERA";"242202";"HOSPITALIZACIÓN DE MEDICINA PSIQUIATRÍA PSIQUIATRÍA DEL ADULTO Y GERONTE";"31";"9";"327";"881";"90";"1240";"0"
"2023";"01";"120101";"JUNIN";"HUANCAYO";"HUANCAYO";"PRIVADO";"II-E";"00008475";"CLINICA OFTALMOLOGICA REGIONAL";"NE_0002";"";"NE_0002";"NE_0002";"NE_0002";"NE_0002";"NE_0002";"NE_0002";"NE_0002"
"2023";"01";"150120";"LIMA";"LIMA";"MAGDALENA DEL MAR";"PRIVADO";"II-E";"00015349";"MEDICAL PLASTIC";"240800";"HOSPITALIZACIÓN QUIRÚRGICA CIRUGÍA PLÁSTICA/RECONSTRUCTIVA/ REPARADORA ";"4";"4";"4";"4";"4";"124";"0"
"2023";"01";"240201";"TUMBES";"CONTRALMIRANTE VILLAR";"ZORRITOS";"GOBIERNO REGIONAL";"I-1";"00001904";"BOCAPAN.";"NE_0001";"";"NE_0001";"NE_0001";"NE_0001";"NE_0001";"NE_0001";"NE_0001";"NE_0001"
"2023";"01";"240201";"TUMBES";"CONTRALMIRANTE VILLAR";"ZORRITOS";"GOBIERNO REGIONAL";"I-1";"00001901";"GRAU";"NE_0001";"";"NE_0001";"NE_0001";"NE_0001";"NE_0001";"NE_0001";"NE_0001";"NE_0001"
"2023";"01";"240201";"TUMBES";"CONTRALMIRANTE VILLAR";"ZORRITOS";"GOBIERNO REGIONAL";"I-2";"00001903";"ACAPULCO.";"NE_0001";"";"NE_0001";"NE_0001";"NE_0001";"NE_0001";"NE_0001";"NE_0001";"NE_0001"
"2023";"01";"240105";"TUMBES";"TUMBES";"SAN JACINTO";"GOBIERNO REGIONAL";"I-1";"00001907";"CAPITAN HOYLE  *";"NE_0001";"";"NE_0001";"NE_0001";"NE_0001";"NE_0001";"NE_0001";"NE_0001";"NE_0001"
"2023";"01";"240202";"TUMBES";"CONTRALMIRANTE VILLAR";"CASITAS";"GOBIERNO REGIONAL";"I-3";"00001897";"CAÑAVERAL";"NE_0001";"";"NE_0001";"NE_0001";"NE_0001";"NE_0001";"NE_0001";"NE_0001";"NE_0001"
"2023";"01";"240202";"TUMBES";"CONTRALMIRANTE VILLAR";"CASITAS";"GOBIERNO REGIONAL";"I-1";"00001898";"TRIGAL";"NE_0001";"";"NE_0001";"NE_0001";"NE_0001";"NE_0001";"NE_0001";"NE_0001";"NE_0001"
"2023";"01";"240202";"TUMBES";"CONTRALMIRANTE VILLAR";"CASITAS";"GOBIERNO REGIONAL";"I-2";"00001899";"LA CHOZA";"NE_0001";"";"NE_0001";"NE_0001";"NE_0001";"NE_0001";"NE_0001";"NE_0001";"NE_0001"
"2023";"01";"240203";"TUMBES";"CONTRALMIRANTE VILLAR";"CANOAS DE PUNTA SAL";"GOBIERNO REGIONAL";"I-1";"00001905";"BARRANCOS.";"NE_0001";"";"NE_0001";"NE_0001";"NE_0001";"NE_0001";"NE_0001";"NE_0001";"NE_0001"
"2023";"01";"240203";"TUMBES";"CONTRALMIRANTE VILLAR";"CANOAS DE PUNTA SAL";"GOBIERNO REGIONAL";"I-1";"00001906";"PAJARITOS";"NE_0001";"";"NE_0001";"NE_0001";"NE_0001";"NE_0001";"NE_0001";"NE_0001";"NE_0001"
"2023";"01";"240201";"TUMBES";"CONTRALMIRANTE VILLAR";"ZORRITOS";"GOBIERNO REGIONAL";"I-4";"00001900";"ZORRITOS";"241800";"HOSPITALIZACIÓN DE MEDICINA MEDICINA GENERAL ";"6";"6";"9";"6";"1";"31";"0"
"2023";"01";"240201";"TUMBES";"CONTRALMIRANTE VILLAR";"ZORRITOS";"GOBIERNO REGIONAL";"I-4";"00001900";"ZORRITOS";"241600";"HOSPITALIZACIÓN QUIRÚRGICA OBSTETRICIA   ";"5";"5";"9";"6";"1";"31";"0"
"2023";"01";"240203";"TUMBES";"CONTRALMIRANTE VILLAR";"CANOAS DE PUNTA SAL";"GOBIERNO REGIONAL";"I-3";"00001902";"CANCAS";"NE_0001";"";"NE_0001";"NE_0001";"NE_0001";"NE_0001";"NE_0001";"NE_0001";"NE_0001"
"2023";"01";"080907";"CUSCO";"LA CONVENCION";"KIMBIRI";"GOBIERNO REGIONAL";"I-2";"00002470";"CHIRUMPIARI";"NE_0001";"";"NE_0001";"NE_0001";"NE_0001";"NE_0001";"NE_0001";"NE_0001";"NE_0001"
"2023";"01";"080913";"CUSCO";"LA CONVENCION";"VILLA KINTIARINA";"GOBIERNO REGIONAL";"I-2";"00008283";"PUEBLO LIBRE";"NE_0001";"";"NE_0001";"NE_0001";"NE_0001";"NE_0001";"NE_0001";"NE_0001";"NE_0001"
"2023";"01";"080907";"CUSCO";"LA CONVENCION";"KIMBIRI";"GOBIERNO REGIONAL";"I-3";"00002471";"LOBO TAHUANTINSUYO";"NE_0001";"";"NE_0001";"NE_0001";"NE_0001";"NE_0001";"NE_0001";"NE_0001";"NE_0001"
"2023";"01";"150136";"LIMA";"LIMA";"SAN MIGUEL";"PRIVADO";"I-3";"00017540";"MEPSO";"NE_0001";"";"NE_0001";"NE_0001";"NE_0001";"NE_0001";"NE_0001";"NE_0001";"NE_0001"
"2023";"02";"200104";"PIURA";"PIURA";"CASTILLA";"PRIVADO";"II-E";"00013165";"CENTRO DE REPOSO SAN JUAN DE DIOS";"242202";"HOSPITALIZACIÓN DE MEDICINA PSIQUIATRÍA PSIQUIATRÍA DEL ADULTO Y GERONTE";"39";"33";"787";"664";"46";"1288";"0"
"2023";"02";"010101";"AMAZONAS";"CHACHAPOYAS";"CHACHAPOYAS";"SANIDAD DE LA POLICIA NACIONAL DEL PERU";"I-3";"00026723";"POLICLINICO POLICIAL CHACHAPOYAS";"NE_0001";"";"NE_0001";"NE_0001";"NE_0001";"NE_0001";"NE_0001";"NE_0001";"NE_0001"
"2023";"02";"120604";"JUNIN";"SATIPO";"MAZAMARI";"SANIDAD DE LA POLICIA NACIONAL DEL PERU";"I-2";"00012454";"POSTA MEDICA POLICIAL LOS SINCHIS";"NE_0001";"";"NE_0001";"NE_0001";"NE_0001";"NE_0001";"NE_0001";"NE_0001";"NE_0001"
"2023";"02";"150133";"LIMA";"LIMA";"SAN JUAN DE MIRAFLORES";"SANIDAD DEL EJERCITO DEL PERU";"I-3";"00010385";"CENTRO DE SALUD MILITAR ""SAN JUAN""";"NE_0001";"";"NE_0001";"NE_0001";"NE_0001";"NE_0001";"NE_0001";"NE_0001";"NE_0001"
"2023";"02";"021801";"ANCASH";"SANTA";"CHIMBOTE";"SANIDAD DE LA POLICIA NACIONAL DEL PERU";"I-3";"00017690";"POLICLINICO PNP CHIMBOTE";"NE_0001";"";"NE_0001";"NE_0001";"NE_0001";"NE_0001";"NE_0001";"NE_0001";"NE_0001"
"2023";"02";"150113";"LIMA";"LIMA";"JESUS MARIA";"PRIVADO";"II-E";"00010669";"CLÍNICA PERUANA DE LA VISION";"NE_0001";"";"NE_0001";"NE_0001";"NE_0001";"NE_0001";"NE_0001";"NE_0001";"NE_0001"
"2023";"02";"120404";"JUNIN";"JAUJA";"ATAURA";"GOBIERNO REGIONAL";"I-1";"00000367";"ATAURA";"NE_0002";"";"NE_0002";"NE_0002";"NE_0002";"NE_0002";"NE_0002";"NE_0002";"NE_0002"
"2023";"02";"120423";"JUNIN";"JAUJA";"PACCHA";"GOBIERNO REGIONAL";"I-1";"00000372";"MASAJCANCHA";"NE_0002";"";"NE_0002";"NE_0002";"NE_0002";"NE_0002";"NE_0002";"NE_0002";"NE_0002"
"2023";"02";"120430";"JUNIN";"JAUJA";"SAUSA";"GOBIERNO REGIONAL";"I-1";"00000376";"SAUSA";"NE_0002";"";"NE_0002";"NE_0002";"NE_0002";"NE_0002";"NE_0002";"NE_0002";"NE_0002"
"2023";"02";"120434";"JUNIN";"JAUJA";"YAUYOS";"GOBIERNO REGIONAL";"I-3";"00000377";"YAUYOS";"NE_0002";"";"NE_0002";"NE_0002";"NE_0002";"NE_0002";"NE_0002";"NE_0002";"NE_0002"
"2023";"02";"120423";"JUNIN";"JAUJA";"PACCHA";"GOBIERNO REGIONAL";"I-1";"00000371";"PACCHA MIRAFLORES";"NE_0002";"";"NE_0002";"NE_0002";"NE_0002";"NE_0002";"NE_0002";"NE_0002";"NE_0002"
"2023";"02";"120423";"JUNIN";"JAUJA";"PACCHA";"GOBIERNO REGIONAL";"I-1";"00000370";"CANCHAPUNCO";"NE_0002";"";"NE_0002";"NE_0002";"NE_0002";"NE_0002";"NE_0002";"NE_0002";"NE_0002"
"2023";"02";"120434";"JUNIN";"JAUJA";"YAUYOS";"GOBIERNO REGIONAL";"I-1";"00000378";"HUANCAS";"NE_0002";"";"NE_0002";"NE_0002";"NE_0002";"NE_0002";"NE_0002";"NE_0002";"NE_0002"
"2023";"02";"060806";"CAJAMARCA";"JAEN";"LAS PIRIAS";"GOBIERNO REGIONAL";"I-1";"00004246";"RUMIBAMBA";"NE_0001";"";"NE_0001";"NE_0001";"NE_0001";"NE_0001";"NE_0001";"NE_0001";"NE_0001"
"2023";"02";"140101";"LAMBAYEQUE";"CHICLAYO";"CHICLAYO";"PRIVADO";"II-E";"00026706";"CLINICA UNION SAC.";"241400";"HOSPITALIZACIÓN QUIRÚRGICA GINECO - OBSTETRICIA ";"72";"69";"142";"150";"6";"160";"0"
"2023";"02";"140101";"LAMBAYEQUE";"CHICLAYO";"CHICLAYO";"PRIVADO";"II-E";"00026706";"CLINICA UNION SAC.";"240100";"HOSPITALIZACIÓN QUIRÚRGICA CIRUGÍA GENERAL ";"105";"98";"180";"175";"3";"176";"0"
"2023";"02";"140101";"LAMBAYEQUE";"CHICLAYO";"CHICLAYO";"PRIVADO";"II-E";"00026706";"CLINICA UNION SAC.";"241300";"HOSPITALIZACIÓN QUIRÚRGICA UROLOGÍA  ";"28";"27";"59";"60";"2";"96";"0"
"2023";"02";"140101";"LAMBAYEQUE";"CHICLAYO";"CHICLAYO";"PRIVADO";"II-E";"00026706";"CLINICA UNION SAC.";"240200";"HOSPITALIZACIÓN QUIRÚRGICA CIRUGÍA DE CABEZA Y CUELLO / MÁXILO FACIAL ";"11";"9";"35";"65";"1";"72";"0"
"2023";"02";"140101";"LAMBAYEQUE";"CHICLAYO";"CHICLAYO";"PRIVADO";"II-E";"00026706";"CLINICA UNION SAC.";"241200";"HOSPITALIZACIÓN QUIRÚRGICA TRAUMATOLOGÍA Y ORTOPEDIA ";"5";"4";"8";"18";"1";"24";"0"
"2023";"02";"140101";"LAMBAYEQUE";"CHICLAYO";"CHICLAYO";"PRIVADO";"II-E";"00026706";"CLINICA UNION SAC.";"240800";"HOSPITALIZACIÓN QUIRÚRGICA CIRUGÍA PLÁSTICA/RECONSTRUCTIVA/ REPARADORA ";"4";"4";"15";"25";"1";"30";"0"
"2023";"02";"140101";"LAMBAYEQUE";"CHICLAYO";"CHICLAYO";"PRIVADO";"II-E";"00026706";"CLINICA UNION SAC.";"240400";"HOSPITALIZACIÓN QUIRÚRGICA CIRUGÍA DE TÓRAX Y CARDIOVASCULAR ";"3";"3";"10";"40";"1";"45";"0"
"2023";"02";"140101";"LAMBAYEQUE";"CHICLAYO";"CHICLAYO";"PRIVADO";"II-E";"00026706";"CLINICA UNION SAC.";"240900";"HOSPITALIZACIÓN QUIRÚRGICA NEUROCIRUGÍA ";"1";"1";"3";"3";"1";"30";"0"
"2023";"02";"140101";"LAMBAYEQUE";"CHICLAYO";"CHICLAYO";"PRIVADO";"II-E";"00026706";"CLINICA UNION SAC.";"241900";"HOSPITALIZACIÓN DE MEDICINA MEDICINA INTERNA ";"2";"2";"4";"4";"1";"45";"0"
"2023";"02";"140101";"LAMBAYEQUE";"CHICLAYO";"CHICLAYO";"PRIVADO";"II-E";"00011129";"MAX SALUD AVISAL S.A.";"243500";"HOSPITALIZACIÓN DE PEDIATRÍA PEDIATRIA OFTALMOLOGÍA PEDIÁTRICA";"5";"5";"22";"20";"4";"112";"0"
"2023";"02";"140101";"LAMBAYEQUE";"CHICLAYO";"CHICLAYO";"PRIVADO";"II-E";"00011129";"MAX SALUD AVISAL S.A.";"242800";"HOSPITALIZACIÓN DE PEDIATRÍA PEDIATRIA ENDOCRINOLOGÍA PEDIÁTRICA";"1";"1";"2";"2";"1";"28";"0"
"2023";"02";"140101";"LAMBAYEQUE";"CHICLAYO";"CHICLAYO";"PRIVADO";"II-E";"00011129";"MAX SALUD AVISAL S.A.";"241500";"HOSPITALIZACIÓN QUIRÚRGICA GINECOLOGÍA  ";"21";"19";"35";"24";"7";"217";"0"
"2023";"02";"140101";"LAMBAYEQUE";"CHICLAYO";"CHICLAYO";"PRIVADO";"II-E";"00011129";"MAX SALUD AVISAL S.A.";"241400";"HOSPITALIZACIÓN QUIRÚRGICA GINECO - OBSTETRICIA ";"9";"10";"23";"17";"8";"248";"0"
"2023";"02";"140101";"LAMBAYEQUE";"CHICLAYO";"CHICLAYO";"PRIVADO";"II-E";"00011129";"MAX SALUD AVISAL S.A.";"241300";"HOSPITALIZACIÓN QUIRÚRGICA UROLOGÍA  ";"4";"4";"7";"4";"3";"84";"0"
"2023";"02";"140101";"LAMBAYEQUE";"CHICLAYO";"CHICLAYO";"PRIVADO";"II-E";"00011129";"MAX SALUD AVISAL S.A.";"240100";"HOSPITALIZACIÓN QUIRÚRGICA CIRUGÍA GENERAL ";"27";"30";"57";"35";"12";"372";"0"
"2023";"02";"120302";"JUNIN";"CHANCHAMAYO";"PERENE";"GOBIERNO REGIONAL";"I-3";"00006716";"CIUDAD SATELITE";"NE_0001";"";"NE_0001";"NE_0001";"NE_0001";"NE_0001";"NE_0001";"NE_0001";"NE_0001"
"2023";"02";"120302";"JUNIN";"CHANCHAMAYO";"PERENE";"GOBIERNO REGIONAL";"I-1";"00000339";"SAN ANTONIO ALTO PICHANAKI";"NE_0001";"";"NE_0001";"NE_0001";"NE_0001";"NE_0001";"NE_0001";"NE_0001";"NE_0001"
"2023";"02";"200601";"PIURA";"SULLANA";"SULLANA";"PRIVADO";"II-1";"00012261";"CLINICA INMACULADA";"240000";"HOSPITALIZACIÓN";"128";"127";"162";"158";"30";"900";"0"
"2023";"02";"060508";"CAJAMARCA";"CONTUMAZA";"YONAN";"GOBIERNO REGIONAL";"I-1";"00004589";"CAFETAL";"NE_0002";"";"NE_0002";"NE_0002";"NE_0002";"NE_0002";"NE_0002";"NE_0002";"NE_0002"
"2023";"02";"060508";"CAJAMARCA";"CONTUMAZA";"YONAN";"GOBIERNO REGIONAL";"I-1";"00004588";"VENTANILLA";"NE_0002";"";"NE_0002";"NE_0002";"NE_0002";"NE_0002";"NE_0002";"NE_0002";"NE_0002"
"2023";"02";"060503";"CAJAMARCA";"CONTUMAZA";"CUPISNIQUE";"GOBIERNO REGIONAL";"I-1";"00004590";"TRINIDAD";"NE_0002";"";"NE_0002";"NE_0002";"NE_0002";"NE_0002";"NE_0002";"NE_0002";"NE_0002"
"2023";"02";"060503";"CAJAMARCA";"CONTUMAZA";"CUPISNIQUE";"GOBIERNO REGIONAL";"I-1";"00004591";"SANTA CATALINA";"NE_0002";"";"NE_0002";"NE_0002";"NE_0002";"NE_0002";"NE_0002";"NE_0002";"NE_0002"
"2023";"02";"060508";"CAJAMARCA";"CONTUMAZA";"YONAN";"GOBIERNO REGIONAL";"I-4";"00004587";"TEMBLADERA";"241600";"HOSPITALIZACIÓN QUIRÚRGICA OBSTETRICIA   ";"5";"4";"8";"45";"5";"140";"0"
"2023";"02";"060508";"CAJAMARCA";"CONTUMAZA";"YONAN";"GOBIERNO REGIONAL";"I-4";"00004587";"TEMBLADERA";"241800";"HOSPITALIZACIÓN DE MEDICINA MEDICINA GENERAL ";"34";"34";"70";"150";"12";"336";"0"
"2023";"02";"060508";"CAJAMARCA";"CONTUMAZA";"YONAN";"GOBIERNO REGIONAL";"I-1";"00004592";"PAY PAY";"NE_0002";"";"NE_0002";"NE_0002";"NE_0002";"NE_0002";"NE_0002";"NE_0002";"NE_0002"
"2023";"02";"080913";"CUSCO";"LA CONVENCION";"VILLA KINTIARINA";"GOBIERNO REGIONAL";"I-3";"00002488";"VILLA KINTIARINA";"NE_0001";"";"NE_0001";"NE_0001";"NE_0001";"NE_0001";"NE_0001";"NE_0001";"NE_0001"
"2023";"02";"080907";"CUSCO";"LA CONVENCION";"KIMBIRI";"GOBIERNO REGIONAL";"I-2";"00002472";"MAPITUNARI";"NE_0001";"";"NE_0001";"NE_0001";"NE_0001";"NE_0001";"NE_0001";"NE_0001";"NE_0001"
"2023";"02";"080907";"CUSCO";"LA CONVENCION";"KIMBIRI";"GOBIERNO REGIONAL";"I-2";"00002475";"KIMBIRI ALTO";"NE_0001";"";"NE_0001";"NE_0001";"NE_0001";"NE_0001";"NE_0001";"NE_0001";"NE_0001"
"2023";"02";"080912";"CUSCO";"LA CONVENCION";"VILLA VIRGEN";"GOBIERNO REGIONAL";"I-2";"00002479";"VILLA VIRGEN";"NE_0001";"";"NE_0001";"NE_0001";"NE_0001";"NE_0001";"NE_0001";"NE_0001";"NE_0001"
"2023";"02";"080907";"CUSCO";"LA CONVENCION";"KIMBIRI";"GOBIERNO REGIONAL";"I-1";"00002473";"UNION ROSALES";"NE_0001";"";"NE_0001";"NE_0001";"NE_0001";"NE_0001";"NE_0001";"NE_0001";"NE_0001"
"2023";"02";"080907";"CUSCO";"LA CONVENCION";"KIMBIRI";"GOBIERNO REGIONAL";"I-2";"00002474";"SAMANIATO";"NE_0001";"";"NE_0001";"NE_0001";"NE_0001";"NE_0001";"NE_0001";"NE_0001";"NE_0001"
"2023";"02";"080907";"CUSCO";"LA CONVENCION";"KIMBIRI";"GOBIERNO REGIONAL";"I-1";"00008284";"MANITEA ALTA";"NE_0001";"";"NE_0001";"NE_0001";"NE_0001";"NE_0001";"NE_0001";"NE_0001";"NE_0001"
"2023";"02";"080907";"CUSCO";"LA CONVENCION";"KIMBIRI";"GOBIERNO REGIONAL";"I-2";"00008285";"ANGELES";"NE_0001";"";"NE_0001";"NE_0001";"NE_0001";"NE_0001";"NE_0001";"NE_0001";"NE_0001"
"2023";"03";"040126";"AREQUIPA";"AREQUIPA";"YANAHUARA";"PRIVADO";"II-E";"00018935";"CEFERGIN";"241400";"HOSPITALIZACIÓN QUIRÚRGICA GINECO - OBSTETRICIA ";"13";"13";"13";"13";"2";"49";"0"
"2023";"03";"110305";"ICA";"NAZCA";"VISTA ALEGRE";"ESSALUD";"I-3";"00010429";"NASCA";"NE_0001";"";"NE_0001";"NE_0001";"NE_0001";"NE_0001";"NE_0001";"NE_0001";"NE_0001"
"2023";"03";"140101";"LAMBAYEQUE";"CHICLAYO";"CHICLAYO";"PRIVADO";"II-E";"00026707";"CLÍNICA OFTALMOLÓGICA VIDAVAS SAC";"NE_0001";"";"NE_0001";"NE_0001";"NE_0001";"NE_0001";"NE_0001";"NE_0001";"NE_0001"
"2023";"03";"150134";"LIMA";"LIMA";"SAN LUIS";"ESSALUD";"I-3";"00008289";"POLICLÍNICO DE COMPLEJIDAD CRECIENTE SAN LUIS";"NE_0001";"";"NE_0001";"NE_0001";"NE_0001";"NE_0001";"NE_0001";"NE_0001";"NE_0001"
"2023";"01";"250304";"UCAYALI";"PADRE ABAD";"NESHUYA";"GOBIERNO REGIONAL";"I-1";"00005419";"LA UNION";"NE_0001";"";"NE_0001";"NE_0001";"NE_0001";"NE_0001";"NE_0001";"NE_0001";"NE_0001"
"2023";"01";"250304";"UCAYALI";"PADRE ABAD";"NESHUYA";"GOBIERNO REGIONAL";"I-1";"00005417";"SAN JUAN KM. 71";"NE_0001";"";"NE_0001";"NE_0001";"NE_0001";"NE_0001";"NE_0001";"NE_0001";"NE_0001"
"2023";"01";"250305";"UCAYALI";"PADRE ABAD";"ALEXANDER VON HUMBOLDT";"GOBIERNO REGIONAL";"I-2";"00005416";"VON HUMBOLTD";"NE_0001";"";"NE_0001";"NE_0001";"NE_0001";"NE_0001";"NE_0001";"NE_0001";"NE_0001"
"2023";"03";"150122";"LIMA";"LIMA";"MIRAFLORES";"PRIVADO";"III-1";"00019049";"AUNA CLÍNICA DELGADO";"240000";"HOSPITALIZACIÓN";"975";"969";"4555";"4394";"144";"4464";"11"
"2023";"03";"150120";"LIMA";"LIMA";"MAGDALENA DEL MAR";"MINSA";"III-1";"00006214";"HOSPITAL VICTOR LARCO HERRERA";"242202";"HOSPITALIZACIÓN DE MEDICINA PSIQUIATRÍA PSIQUIATRÍA DEL ADULTO Y GERONTE";"25";"17";"670";"1779";"88";"2728";"0"
"2023";"03";"050601";"AYACUCHO";"LUCANAS";"PUQUIO";"ESSALUD";"I-3";"00011438";"CENTRO DE ATENCION PRIMARIA II PUQUIO";"NE_0001";"";"NE_0001";"NE_0001";"NE_0001";"NE_0001";"NE_0001";"NE_0001";"NE_0001"
"2023";"01";"250101";"UCAYALI";"CORONEL PORTILLO";"CALLERIA";"GOBIERNO REGIONAL";"II-2";"00005576";"HOSPITAL REGIONAL DE PUCALLPA";"241900";"HOSPITALIZACIÓN DE MEDICINA MEDICINA INTERNA ";"33";"29";"257";"185";"10";"310";"2"
"2023";"01";"250101";"UCAYALI";"CORONEL PORTILLO";"CALLERIA";"GOBIERNO REGIONAL";"II-2";"00005576";"HOSPITAL REGIONAL DE PUCALLPA";"245300";"HOSPITALIZACIÓN DE MEDICINA NEUMOLOGÍA  ";"2";"2";"23";"23";"2";"62";"0"
"2023";"01";"250101";"UCAYALI";"CORONEL PORTILLO";"CALLERIA";"GOBIERNO REGIONAL";"II-2";"00005576";"HOSPITAL REGIONAL DE PUCALLPA";"244000";"HOSPITALIZACIÓN DE MEDICINA CARDIOLOGIA ";"3";"3";"7";"6";"2";"62";"1"
"2023";"01";"250101";"UCAYALI";"CORONEL PORTILLO";"CALLERIA";"GOBIERNO REGIONAL";"II-2";"00005576";"HOSPITAL REGIONAL DE PUCALLPA";"244700";"HOSPITALIZACIÓN DE MEDICINA NEUROLOGIA  ";"8";"6";"61";"88";"4";"124";"0"
"2023";"01";"250101";"UCAYALI";"CORONEL PORTILLO";"CALLERIA";"GOBIERNO REGIONAL";"II-2";"00005576";"HOSPITAL REGIONAL DE PUCALLPA";"242000";"HOSPITALIZACIÓN DE MEDICINA MEDICINA TROPICAL E INFECCIOSAS ";"42";"37";"157";"178";"10";"310";"0"
"2023";"01";"250101";"UCAYALI";"CORONEL PORTILLO";"CALLERIA";"GOBIERNO REGIONAL";"II-2";"00005576";"HOSPITAL REGIONAL DE PUCALLPA";"244400";"HOSPITALIZACIÓN DE MEDICINA GERIATRIA ";"11";"8";"81";"77";"4";"124";"2"
"2023";"01";"250101";"UCAYALI";"CORONEL PORTILLO";"CALLERIA";"GOBIERNO REGIONAL";"II-2";"00005576";"HOSPITAL REGIONAL DE PUCALLPA";"250100";"UNIDAD DE CUIDADOS CRITICOS UNIDAD  DE CUIDADOS INTENSIVOS GENERALES (UCI) ";"14";"8";"28";"149";"6";"186";"8"
"2023";"01";"250101";"UCAYALI";"CORONEL PORTILLO";"CALLERIA";"GOBIERNO REGIONAL";"II-2";"00005576";"HOSPITAL REGIONAL DE PUCALLPA";"250200";"UNIDAD DE CUIDADOS CRITICOS UNIDAD DE CUIDADOS INTERMEDIOS GENERAL  (UCIN) ";"7";"2";"14";"90";"4";"124";"0"
"2023";"01";"250101";"UCAYALI";"CORONEL PORTILLO";"CALLERIA";"GOBIERNO REGIONAL";"II-2";"00005576";"HOSPITAL REGIONAL DE PUCALLPA";"240100";"HOSPITALIZACIÓN QUIRÚRGICA CIRUGÍA GENERAL ";"53";"42";"260";"226";"9";"279";"1"
"2023";"01";"250101";"UCAYALI";"CORONEL PORTILLO";"CALLERIA";"GOBIERNO REGIONAL";"II-2";"00005576";"HOSPITAL REGIONAL DE PUCALLPA";"241200";"HOSPITALIZACIÓN QUIRÚRGICA TRAUMATOLOGÍA Y ORTOPEDIA ";"43";"35";"433";"333";"11";"341";"0"
"2023";"01";"250101";"UCAYALI";"CORONEL PORTILLO";"CALLERIA";"GOBIERNO REGIONAL";"II-2";"00005576";"HOSPITAL REGIONAL DE PUCALLPA";"240200";"HOSPITALIZACIÓN QUIRÚRGICA CIRUGÍA DE CABEZA Y CUELLO / MÁXILO FACIAL ";"1";"1";"7";"6";"1";"31";"0"
"2023";"01";"250101";"UCAYALI";"CORONEL PORTILLO";"CALLERIA";"GOBIERNO REGIONAL";"II-2";"00005576";"HOSPITAL REGIONAL DE PUCALLPA";"241300";"HOSPITALIZACIÓN QUIRÚRGICA UROLOGÍA  ";"5";"3";"14";"29";"2";"62";"0"
"2023";"01";"250101";"UCAYALI";"CORONEL PORTILLO";"CALLERIA";"GOBIERNO REGIONAL";"II-2";"00005576";"HOSPITAL REGIONAL DE PUCALLPA";"240900";"HOSPITALIZACIÓN QUIRÚRGICA NEUROCIRUGÍA ";"9";"8";"150";"71";"4";"124";"0"
"2023";"01";"250101";"UCAYALI";"CORONEL PORTILLO";"CALLERIA";"GOBIERNO REGIONAL";"II-2";"00005576";"HOSPITAL REGIONAL DE PUCALLPA";"240700";"HOSPITALIZACIÓN QUIRÚRGICA CIRUGÍA PEDIÁTRICA ";"17";"14";"117";"92";"4";"124";"0"
"2023";"01";"250101";"UCAYALI";"CORONEL PORTILLO";"CALLERIA";"GOBIERNO REGIONAL";"II-2";"00005576";"HOSPITAL REGIONAL DE PUCALLPA";"240800";"HOSPITALIZACIÓN QUIRÚRGICA CIRUGÍA PLÁSTICA/RECONSTRUCTIVA/ REPARADORA ";"11";"8";"82";"93";"10";"310";"0"
"2023";"01";"250101";"UCAYALI";"CORONEL PORTILLO";"CALLERIA";"GOBIERNO REGIONAL";"II-2";"00005576";"HOSPITAL REGIONAL DE PUCALLPA";"242300";"HOSPITALIZACIÓN DE PEDIATRÍA  PEDIATRÍA  GENERAL ";"91";"73";"277";"357";"30";"930";"0"
"2023";"01";"250101";"UCAYALI";"CORONEL PORTILLO";"CALLERIA";"GOBIERNO REGIONAL";"II-2";"00005576";"HOSPITAL REGIONAL DE PUCALLPA";"241600";"HOSPITALIZACIÓN QUIRÚRGICA OBSTETRICIA   ";"333";"311";"736";"704";"38";"1178";"0"
"2023";"01";"250101";"UCAYALI";"CORONEL PORTILLO";"CALLERIA";"GOBIERNO REGIONAL";"II-2";"00005576";"HOSPITAL REGIONAL DE PUCALLPA";"241500";"HOSPITALIZACIÓN QUIRÚRGICA GINECOLOGÍA  ";"21";"20";"66";"66";"4";"124";"0"
"2023";"01";"250101";"UCAYALI";"CORONEL PORTILLO";"CALLERIA";"GOBIERNO REGIONAL";"II-2";"00005576";"HOSPITAL REGIONAL DE PUCALLPA";"250105";"UNIDAD DE CUIDADOS CRITICOS UNIDAD  DE CUIDADOS INTENSIVOS  (UCI) NEONATOLOGÍA";"60";"37";"486";"626";"20";"626";"4"
"2023";"01";"080503";"CUSCO";"CANAS";"KUNTURKANKI";"GOBIERNO REGIONAL";"I-4";"00007700";"EL DESCANSO";"NE_0001";"";"NE_0001";"NE_0001";"NE_0001";"NE_0001";"NE_0001";"NE_0001";"NE_0001"
"2023";"01";"080502";"CUSCO";"CANAS";"CHECCA";"GOBIERNO REGIONAL";"I-1";"00002367";"CHITIBAMBA";"NE_0001";"";"NE_0001";"NE_0001";"NE_0001";"NE_0001";"NE_0001";"NE_0001";"NE_0001"
"2023";"01";"080502";"CUSCO";"CANAS";"CHECCA";"GOBIERNO REGIONAL";"I-2";"00002366";"CHECCA";"NE_0001";"";"NE_0001";"NE_0001";"NE_0001";"NE_0001";"NE_0001";"NE_0001";"NE_0001"
"2023";"02";"120708";"JUNIN";"TARMA";"SAN PEDRO DE CAJAS";"GOBIERNO REGIONAL";"I-1";"00000535";"SAN JOSE DE CAYASH";"NE_0001";"";"NE_0001";"NE_0001";"NE_0001";"NE_0001";"NE_0001";"NE_0001";"NE_0001"
"2023";"02";"120708";"JUNIN";"TARMA";"SAN PEDRO DE CAJAS";"GOBIERNO REGIONAL";"I-1";"00010344";"PURHUARACRA";"NE_0001";"";"NE_0001";"NE_0001";"NE_0001";"NE_0001";"NE_0001";"NE_0001";"NE_0001"
"2023";"02";"120708";"JUNIN";"TARMA";"SAN PEDRO DE CAJAS";"GOBIERNO REGIONAL";"I-3";"00000534";"SAN PEDRO DE CAJAS";"NE_0001";"";"NE_0001";"NE_0001";"NE_0001";"NE_0001";"NE_0001";"NE_0001";"NE_0001"
"2023";"02";"150121";"LIMA";"LIMA";"PUEBLO LIBRE";"PRIVADO";"II-2";"00010743";"CLINICA STELLA MARIS";"241400";"HOSPITALIZACIÓN QUIRÚRGICA GINECO - OBSTETRICIA ";"34";"32";"88";"83";"16";"448";"0"
"2023";"02";"150121";"LIMA";"LIMA";"PUEBLO LIBRE";"PRIVADO";"II-2";"00010743";"CLINICA STELLA MARIS";"240000";"HOSPITALIZACIÓN";"383";"331";"1213";"1144";"53";"1484";"4"
"2023";"02";"150121";"LIMA";"LIMA";"PUEBLO LIBRE";"PRIVADO";"II-2";"00010743";"CLINICA STELLA MARIS";"243200";"HOSPITALIZACIÓN DE PEDIATRÍA PEDIATRIA NEONATOLOGÍA";"2";"2";"8";"8";"2";"56";"0"
"2023";"02";"150121";"LIMA";"LIMA";"PUEBLO LIBRE";"PRIVADO";"II-2";"00010743";"CLINICA STELLA MARIS";"250100";"UNIDAD DE CUIDADOS CRITICOS UNIDAD  DE CUIDADOS INTENSIVOS GENERALES (UCI) ";"6";"5";"60";"31";"10";"280";"3"
"2023";"02";"150121";"LIMA";"LIMA";"PUEBLO LIBRE";"PRIVADO";"II-2";"00010743";"CLINICA STELLA MARIS";"250200";"UNIDAD DE CUIDADOS CRITICOS UNIDAD DE CUIDADOS INTERMEDIOS GENERAL  (UCIN) ";"31";"23";"114";"132";"5";"140";"0"
"2023";"02";"150140";"LIMA";"LIMA";"SANTIAGO DE SURCO";"PRIVADO";"II-E";"00012219";"CLINICA MONTESUR";"241800";"HOSPITALIZACIÓN DE MEDICINA MEDICINA GENERAL ";"281";"279";"268";"264";"34";"140";"0"
"2023";"02";"150140";"LIMA";"LIMA";"SANTIAGO DE SURCO";"PRIVADO";"II-E";"00012219";"CLINICA MONTESUR";"243200";"HOSPITALIZACIÓN DE PEDIATRÍA PEDIATRIA NEONATOLOGÍA";"38";"36";"88";"34";"5";"884";"0"
"2023";"02";"120303";"JUNIN";"CHANCHAMAYO";"PICHANAQUI";"GOBIERNO REGIONAL";"I-2";"00006711";"SAN FRANCISCO CENTRO KUVIRIANI";"NE_0001";"";"NE_0001";"NE_0001";"NE_0001";"NE_0001";"NE_0001";"NE_0001";"NE_0001"
"2023";"02";"120303";"JUNIN";"CHANCHAMAYO";"PICHANAQUI";"GOBIERNO REGIONAL";"I-3";"00000351";"HUACHIRIKI";"NE_0001";"";"NE_0001";"NE_0001";"NE_0001";"NE_0001";"NE_0001";"NE_0001";"NE_0001"
"2023";"02";"120303";"JUNIN";"CHANCHAMAYO";"PICHANAQUI";"GOBIERNO REGIONAL";"I-2";"00007371";"28 DE JULIO";"NE_0001";"";"NE_0001";"NE_0001";"NE_0001";"NE_0001";"NE_0001";"NE_0001";"NE_0001"
"2023";"02";"120303";"JUNIN";"CHANCHAMAYO";"PICHANAQUI";"GOBIERNO REGIONAL";"I-2";"00000346";"HUANTININI";"NE_0001";"";"NE_0001";"NE_0001";"NE_0001";"NE_0001";"NE_0001";"NE_0001";"NE_0001"
"2023";"02";"120303";"JUNIN";"CHANCHAMAYO";"PICHANAQUI";"GOBIERNO REGIONAL";"I-2";"00000348";"SAN JUAN CENTRO AUTIKI";"NE_0001";"";"NE_0001";"NE_0001";"NE_0001";"NE_0001";"NE_0001";"NE_0001";"NE_0001"
"2023";"02";"211101";"PUNO";"SAN ROMAN";"JULIACA";"PRIVADO";"II-E";"00028340";"SERVICIOS MEDICOS ASISTENCIALES  VIDA E.I.R.L.";"NE_0001";"";"NE_0001";"NE_0001";"NE_0001";"NE_0001";"NE_0001";"NE_0001";"NE_0001"
"2023";"03";"230303";"TACNA";"JORGE BASADRE";"ITE";"ESSALUD";"I-2";"00027545";"CENTRO DE ATENCION PRIMARIA I ITE";"NE_0001";"";"NE_0001";"NE_0001";"NE_0001";"NE_0001";"NE_0001";"NE_0001";"NE_0001"
"2023";"03";"061007";"CAJAMARCA";"SAN MARCOS";"JOSE SABOGAL";"GOBIERNO REGIONAL";"I-2";"00004497";"MALAT";"NE_0001";"";"NE_0001";"NE_0001";"NE_0001";"NE_0001";"NE_0001";"NE_0001";"NE_0001"
"2023";"03";"061007";"CAJAMARCA";"SAN MARCOS";"JOSE SABOGAL";"GOBIERNO REGIONAL";"I-1";"00004499";"MATIBAMBA";"NE_0001";"";"NE_0001";"NE_0001";"NE_0001";"NE_0001";"NE_0001";"NE_0001";"NE_0001"
"2023";"03";"061007";"CAJAMARCA";"SAN MARCOS";"JOSE SABOGAL";"GOBIERNO REGIONAL";"I-1";"00004495";"HUAGAL";"NE_0001";"";"NE_0001";"NE_0001";"NE_0001";"NE_0001";"NE_0001";"NE_0001";"NE_0001"
"2023";"03";"061007";"CAJAMARCA";"SAN MARCOS";"JOSE SABOGAL";"GOBIERNO REGIONAL";"I-2";"00004498";"LICLICONGA";"NE_0001";"";"NE_0001";"NE_0001";"NE_0001";"NE_0001";"NE_0001";"NE_0001";"NE_0001"
"2023";"03";"061007";"CAJAMARCA";"SAN MARCOS";"JOSE SABOGAL";"GOBIERNO REGIONAL";"I-3";"00004500";"JOSE SABOGAL";"NE_0001";"";"NE_0001";"NE_0001";"NE_0001";"NE_0001";"NE_0001";"NE_0001";"NE_0001"
"2023";"03";"040101";"AREQUIPA";"AREQUIPA";"AREQUIPA";"ESSALUD";"III-1";"00013290";"HOSPITAL NACIONAL III-1 CARLOS ALBERTO SEGUÍN ESCOBEDO";"241900";"HOSPITALIZACIÓN DE MEDICINA MEDICINA INTERNA ";"391";"343";"4637";"4417";"156";"4836";"17"
"2023";"03";"040101";"AREQUIPA";"AREQUIPA";"AREQUIPA";"ESSALUD";"III-1";"00013290";"HOSPITAL NACIONAL III-1 CARLOS ALBERTO SEGUÍN ESCOBEDO";"240200";"HOSPITALIZACIÓN QUIRÚRGICA CIRUGÍA DE CABEZA Y CUELLO / MÁXILO FACIAL ";"38";"37";"188";"189";"7";"217";"0"
"2023";"03";"040101";"AREQUIPA";"AREQUIPA";"AREQUIPA";"ESSALUD";"III-1";"00013290";"HOSPITAL NACIONAL III-1 CARLOS ALBERTO SEGUÍN ESCOBEDO";"240400";"HOSPITALIZACIÓN QUIRÚRGICA CIRUGÍA DE TÓRAX Y CARDIOVASCULAR ";"32";"22";"427";"344";"12";"372";"0"
"2023";"03";"040101";"AREQUIPA";"AREQUIPA";"AREQUIPA";"ESSALUD";"III-1";"00013290";"HOSPITAL NACIONAL III-1 CARLOS ALBERTO SEGUÍN ESCOBEDO";"241000";"HOSPITALIZACIÓN QUIRÚRGICA ONCOLOGÍA QUIRÚRGICA  ";"19";"18";"224";"252";"9";"279";"0"
"2023";"03";"040101";"AREQUIPA";"AREQUIPA";"AREQUIPA";"ESSALUD";"III-1";"00013290";"HOSPITAL NACIONAL III-1 CARLOS ALBERTO SEGUÍN ESCOBEDO";"240800";"HOSPITALIZACIÓN QUIRÚRGICA CIRUGÍA PLÁSTICA/RECONSTRUCTIVA/ REPARADORA ";"16";"21";"280";"257";"9";"279";"0"
"2023";"03";"040101";"AREQUIPA";"AREQUIPA";"AREQUIPA";"ESSALUD";"III-1";"00013290";"HOSPITAL NACIONAL III-1 CARLOS ALBERTO SEGUÍN ESCOBEDO";"240900";"HOSPITALIZACIÓN QUIRÚRGICA NEUROCIRUGÍA ";"44";"42";"505";"362";"14";"434";"2"
"2023";"03";"040101";"AREQUIPA";"AREQUIPA";"AREQUIPA";"ESSALUD";"III-1";"00013290";"HOSPITAL NACIONAL III-1 CARLOS ALBERTO SEGUÍN ESCOBEDO";"240100";"HOSPITALIZACIÓN QUIRÚRGICA CIRUGÍA GENERAL ";"77";"79";"535";"356";"12";"372";"2"
"2023";"03";"040101";"AREQUIPA";"AREQUIPA";"AREQUIPA";"ESSALUD";"III-1";"00013290";"HOSPITAL NACIONAL III-1 CARLOS ALBERTO SEGUÍN ESCOBEDO";"241100";"HOSPITALIZACIÓN QUIRÚRGICA OTORRINOLARINGOLOGÍA  ";"37";"37";"140";"137";"5";"155";"0"
"2023";"03";"040101";"AREQUIPA";"AREQUIPA";"AREQUIPA";"ESSALUD";"III-1";"00013290";"HOSPITAL NACIONAL III-1 CARLOS ALBERTO SEGUÍN ESCOBEDO";"242202";"HOSPITALIZACIÓN DE MEDICINA PSIQUIATRÍA PSIQUIATRÍA DEL ADULTO Y GERONTE";"36";"36";"611";"595";"24";"744";"0"
"2023";"03";"040101";"AREQUIPA";"AREQUIPA";"AREQUIPA";"ESSALUD";"III-1";"00013290";"HOSPITAL NACIONAL III-1 CARLOS ALBERTO SEGUÍN ESCOBEDO";"241200";"HOSPITALIZACIÓN QUIRÚRGICA TRAUMATOLOGÍA Y ORTOPEDIA ";"106";"105";"843";"829";"27";"837";"4"
"2023";"03";"040101";"AREQUIPA";"AREQUIPA";"AREQUIPA";"ESSALUD";"III-1";"00013290";"HOSPITAL NACIONAL III-1 CARLOS ALBERTO SEGUÍN ESCOBEDO";"241300";"HOSPITALIZACIÓN QUIRÚRGICA UROLOGÍA  ";"31";"31";"240";"208";"7";"217";"0"
"2023";"03";"040101";"AREQUIPA";"AREQUIPA";"AREQUIPA";"ESSALUD";"III-1";"00013290";"HOSPITAL NACIONAL III-1 CARLOS ALBERTO SEGUÍN ESCOBEDO";"240100";"HOSPITALIZACIÓN QUIRÚRGICA CIRUGÍA GENERAL ";"142";"146";"1073";"890";"29";"899";"2"
"2023";"03";"040101";"AREQUIPA";"AREQUIPA";"AREQUIPA";"ESSALUD";"III-1";"00013290";"HOSPITAL NACIONAL III-1 CARLOS ALBERTO SEGUÍN ESCOBEDO";"241500";"HOSPITALIZACIÓN QUIRÚRGICA GINECOLOGÍA  ";"42";"47";"178";"164";"6";"186";"0"
"2023";"03";"040101";"AREQUIPA";"AREQUIPA";"AREQUIPA";"ESSALUD";"III-1";"00013290";"HOSPITAL NACIONAL III-1 CARLOS ALBERTO SEGUÍN ESCOBEDO";"242300";"HOSPITALIZACIÓN DE PEDIATRÍA  PEDIATRÍA  GENERAL ";"17";"15";"224";"228";"10";"310";"0"
"2023";"03";"040101";"AREQUIPA";"AREQUIPA";"AREQUIPA";"ESSALUD";"III-1";"00013290";"HOSPITAL NACIONAL III-1 CARLOS ALBERTO SEGUÍN ESCOBEDO";"243200";"HOSPITALIZACIÓN DE PEDIATRÍA PEDIATRIA NEONATOLOGÍA";"78";"67";"531";"209";"9";"279";"1"
"2023";"03";"040101";"AREQUIPA";"AREQUIPA";"AREQUIPA";"ESSALUD";"III-1";"00013290";"HOSPITAL NACIONAL III-1 CARLOS ALBERTO SEGUÍN ESCOBEDO";"241600";"HOSPITALIZACIÓN QUIRÚRGICA OBSTETRICIA   ";"111";"108";"372";"400";"16";"496";"0"
"2023";"03";"040101";"AREQUIPA";"AREQUIPA";"AREQUIPA";"ESSALUD";"III-1";"00013290";"HOSPITAL NACIONAL III-1 CARLOS ALBERTO SEGUÍN ESCOBEDO";"241700";"HOSPITALIZACIÓN QUIRÚRGICA GINECOLOGÍA   GINECOLOGIA ONCOLOGiCA";"30";"30";"100";"98";"5";"155";"0"
"2023";"03";"040101";"AREQUIPA";"AREQUIPA";"AREQUIPA";"ESSALUD";"III-1";"00013290";"HOSPITAL NACIONAL III-1 CARLOS ALBERTO SEGUÍN ESCOBEDO";"242300";"HOSPITALIZACIÓN DE PEDIATRÍA  PEDIATRÍA  GENERAL ";"35";"25";"354";"381";"14";"434";"2"
"2023";"03";"040101";"AREQUIPA";"AREQUIPA";"AREQUIPA";"ESSALUD";"III-1";"00013290";"HOSPITAL NACIONAL III-1 CARLOS ALBERTO SEGUÍN ESCOBEDO";"250100";"UNIDAD DE CUIDADOS CRITICOS UNIDAD  DE CUIDADOS INTENSIVOS GENERALES (UCI) ";"113";"110";"1130";"1421";"51";"1581";"13"
"2023";"03";"040101";"AREQUIPA";"AREQUIPA";"AREQUIPA";"ESSALUD";"III-1";"00013290";"HOSPITAL NACIONAL III-1 CARLOS ALBERTO SEGUÍN ESCOBEDO";"250200";"UNIDAD DE CUIDADOS CRITICOS UNIDAD DE CUIDADOS INTERMEDIOS GENERAL  (UCIN) ";"50";"50";"338";"296";"11";"341";"3"
"2023";"02";"040601";"AREQUIPA";"CONDESUYOS";"CHUQUIBAMBA";"ESSALUD";"I-2";"00013310";"POSTA  MEDICA  DE CHUQUIBAMBA";"NE_0001";"";"NE_0001";"NE_0001";"NE_0001";"NE_0001";"NE_0001";"NE_0001";"NE_0001"
"2023";"03";"150119";"LIMA";"LIMA";"LURIN";"ESSALUD";"I-3";"00009979";"CENTRO DE ATENCION PRIMARIA II LURIN";"NE_0001";"";"NE_0001";"NE_0001";"NE_0001";"NE_0001";"NE_0001";"NE_0001";"NE_0001"
"2023";"03";"150143";"LIMA";"LIMA";"VILLA MARIA DEL TRIUNFO";"PRIVADO";"II-2";"00018580";"GUILLERMO KAELIN DE LA FUENTE";"240100";"HOSPITALIZACIÓN QUIRÚRGICA CIRUGÍA GENERAL ";"104";"215";"1299";"1106";"37";"1147";"16"
"2023";"03";"150143";"LIMA";"LIMA";"VILLA MARIA DEL TRIUNFO";"PRIVADO";"II-2";"00018580";"GUILLERMO KAELIN DE LA FUENTE";"241500";"HOSPITALIZACIÓN QUIRÚRGICA GINECOLOGÍA  ";"81";"295";"864";"787";"42";"1320";"5"
"2023";"03";"150143";"LIMA";"LIMA";"VILLA MARIA DEL TRIUNFO";"PRIVADO";"II-2";"00018580";"GUILLERMO KAELIN DE LA FUENTE";"241800";"HOSPITALIZACIÓN DE MEDICINA MEDICINA GENERAL ";"175";"198";"1589";"1536";"50";"1550";"31"
"2023";"03";"150143";"LIMA";"LIMA";"VILLA MARIA DEL TRIUNFO";"PRIVADO";"II-2";"00018580";"GUILLERMO KAELIN DE LA FUENTE";"242300";"HOSPITALIZACIÓN DE PEDIATRÍA  PEDIATRÍA  GENERAL ";"68";"93";"367";"365";"35";"1073";"1"
"2023";"03";"150143";"LIMA";"LIMA";"VILLA MARIA DEL TRIUNFO";"PRIVADO";"II-2";"00018580";"GUILLERMO KAELIN DE LA FUENTE";"250100";"UNIDAD DE CUIDADOS CRITICOS UNIDAD  DE CUIDADOS INTENSIVOS GENERALES (UCI) ";"21";"14";"93";"246";"14";"440";"8"
"2023";"03";"150143";"LIMA";"LIMA";"VILLA MARIA DEL TRIUNFO";"PRIVADO";"II-2";"00018580";"GUILLERMO KAELIN DE LA FUENTE";"250200";"UNIDAD DE CUIDADOS CRITICOS UNIDAD DE CUIDADOS INTERMEDIOS GENERAL  (UCIN) ";"16";"22";"148";"188";"18";"558";"2"
"2023";"03";"060307";"CAJAMARCA";"CELENDIN";"MIGUEL IGLESIAS";"GOBIERNO REGIONAL";"I-3";"00004478";"MIGUEL IGLESIAS";"NE_0001";"";"NE_0001";"NE_0001";"NE_0001";"NE_0001";"NE_0001";"NE_0001";"NE_0001"
"2023";"03";"060307";"CAJAMARCA";"CELENDIN";"MIGUEL IGLESIAS";"GOBIERNO REGIONAL";"I-1";"00009085";"MUYOC GRANDE";"NE_0001";"";"NE_0001";"NE_0001";"NE_0001";"NE_0001";"NE_0001";"NE_0001";"NE_0001"
"2023";"03";"060302";"CAJAMARCA";"CELENDIN";"CHUMUCH";"GOBIERNO REGIONAL";"I-1";"00004479";"CHUMUCH";"NE_0001";"";"NE_0001";"NE_0001";"NE_0001";"NE_0001";"NE_0001";"NE_0001";"NE_0001"
"2023";"03";"060312";"CAJAMARCA";"CELENDIN";"LA LIBERTAD DE PALLAN";"GOBIERNO REGIONAL";"I-2";"00004481";"LA LIBERTAD DE PALLAN";"NE_0001";"";"NE_0001";"NE_0001";"NE_0001";"NE_0001";"NE_0001";"NE_0001";"NE_0001"
"2023";"03";"060312";"CAJAMARCA";"CELENDIN";"LA LIBERTAD DE PALLAN";"GOBIERNO REGIONAL";"I-1";"00004480";"NUEVA ESPERANZA";"NE_0001";"";"NE_0001";"NE_0001";"NE_0001";"NE_0001";"NE_0001";"NE_0001";"NE_0001"
"2023";"03";"060312";"CAJAMARCA";"CELENDIN";"LA LIBERTAD DE PALLAN";"GOBIERNO REGIONAL";"I-1";"00006756";"RAMOSCUCHO";"NE_0001";"";"NE_0001";"NE_0001";"NE_0001";"NE_0001";"NE_0001";"NE_0001";"NE_0001"
"2023";"03";"060307";"CAJAMARCA";"CELENDIN";"MIGUEL IGLESIAS";"GOBIERNO REGIONAL";"I-1";"00009088";"PIZON";"NE_0001";"";"NE_0001";"NE_0001";"NE_0001";"NE_0001";"NE_0001";"NE_0001";"NE_0001"
"2023";"03";"060307";"CAJAMARCA";"CELENDIN";"MIGUEL IGLESIAS";"GOBIERNO REGIONAL";"I-1";"00011156";"MUYOC CHICO";"NE_0001";"";"NE_0001";"NE_0001";"NE_0001";"NE_0001";"NE_0001";"NE_0001";"NE_0001"
"2023";"03";"060302";"CAJAMARCA";"CELENDIN";"CHUMUCH";"GOBIERNO REGIONAL";"I-1";"00006759";"RAMBRAN";"NE_0001";"";"NE_0001";"NE_0001";"NE_0001";"NE_0001";"NE_0001";"NE_0001";"NE_0001"
"2023";"03";"060307";"CAJAMARCA";"CELENDIN";"MIGUEL IGLESIAS";"GOBIERNO REGIONAL";"I-1";"00025042";"JORGE CHAVEZ DE MIGUEL IGLESIAS";"NE_0001";"";"NE_0001";"NE_0001";"NE_0001";"NE_0001";"NE_0001";"NE_0001";"NE_0001"
"2023";"03";"060101";"CAJAMARCA";"CAJAMARCA";"CAJAMARCA";"PRIVADO";"II-1";"00009599";"CLINICA SAN FRANCISCO DE ASIS S.A.";"240100";"HOSPITALIZACIÓN QUIRÚRGICA CIRUGÍA GENERAL ";"11";"11";"37";"11";"2";"62";"0"
"2023";"03";"060101";"CAJAMARCA";"CAJAMARCA";"CAJAMARCA";"PRIVADO";"II-1";"00009599";"CLINICA SAN FRANCISCO DE ASIS S.A.";"240200";"HOSPITALIZACIÓN QUIRÚRGICA CIRUGÍA DE CABEZA Y CUELLO / MÁXILO FACIAL ";"1";"1";"1";"1";"2";"62";"0"
"2023";"03";"060101";"CAJAMARCA";"CAJAMARCA";"CAJAMARCA";"PRIVADO";"II-1";"00009599";"CLINICA SAN FRANCISCO DE ASIS S.A.";"241200";"HOSPITALIZACIÓN QUIRÚRGICA TRAUMATOLOGÍA Y ORTOPEDIA ";"8";"8";"12";"8";"2";"62";"0"
"2023";"03";"060101";"CAJAMARCA";"CAJAMARCA";"CAJAMARCA";"PRIVADO";"II-1";"00009599";"CLINICA SAN FRANCISCO DE ASIS S.A.";"241400";"HOSPITALIZACIÓN QUIRÚRGICA GINECO - OBSTETRICIA ";"4";"4";"35";"4";"2";"62";"0"
"2023";"03";"060101";"CAJAMARCA";"CAJAMARCA";"CAJAMARCA";"PRIVADO";"II-1";"00009599";"CLINICA SAN FRANCISCO DE ASIS S.A.";"241500";"HOSPITALIZACIÓN QUIRÚRGICA GINECOLOGÍA  ";"3";"3";"4";"3";"2";"62";"0"
"2023";"03";"060101";"CAJAMARCA";"CAJAMARCA";"CAJAMARCA";"PRIVADO";"II-1";"00009599";"CLINICA SAN FRANCISCO DE ASIS S.A.";"241900";"HOSPITALIZACIÓN DE MEDICINA MEDICINA INTERNA ";"2";"2";"6";"2";"2";"62";"0"
"2023";"03";"060805";"CAJAMARCA";"JAEN";"HUABAL";"GOBIERNO REGIONAL";"I-1";"00013849";"SANTA ROSA DE HUABAL";"NE_0001";"";"NE_0001";"NE_0001";"NE_0001";"NE_0001";"NE_0001";"NE_0001";"NE_0001"
"2023";"03";"060805";"CAJAMARCA";"JAEN";"HUABAL";"GOBIERNO REGIONAL";"I-1";"00004243";"LA ESPERANZA";"NE_0001";"";"NE_0001";"NE_0001";"NE_0001";"NE_0001";"NE_0001";"NE_0001";"NE_0001"
"2023";"01";"221005";"SAN MARTIN";"TOCACHE";"UCHIZA";"ESSALUD";"I-2";"00010702";"POSTA MEDICA SANTA LUCIA";"NE_0001";"";"NE_0001";"NE_0001";"NE_0001";"NE_0001";"NE_0001";"NE_0001";"NE_0001"
"2023";"01";"220102";"SAN MARTIN";"MOYOBAMBA";"CALZADA";"GOBIERNO REGIONAL";"I-1";"00006331";"SANTA ROSA BAJO TANGUMI";"NE_0002";"";"NE_0002";"NE_0002";"NE_0002";"NE_0002";"NE_0002";"NE_0002";"NE_0002"
"2023";"01";"150117";"LIMA";"LIMA";"LOS OLIVOS";"PRIVADO";"II-E";"00013044";"MEGASALUD NARANJAL S.A.C.";"240000";"HOSPITALIZACIÓN";"12";"12";"29";"25";"3";"90";"0"
"2023";"02";"150136";"LIMA";"LIMA";"SAN MIGUEL";"PRIVADO";"II-E";"00020976";"VISUAL CENTER CLINICA DE OJOS";"NE_0001";"";"NE_0001";"NE_0001";"NE_0001";"NE_0001";"NE_0001";"NE_0001";"NE_0001"
"2023";"02";"030101";"APURIMAC";"ABANCAY";"ABANCAY";"SANIDAD DE LA POLICIA NACIONAL DEL PERU";"I-3";"00008036";"POLICLINICO POLICIAL ABANCAY";"NE_0001";"";"NE_0001";"NE_0001";"NE_0001";"NE_0001";"NE_0001";"NE_0001";"NE_0001"
"2023";"01";"060101";"CAJAMARCA";"CAJAMARCA";"CAJAMARCA";"PRIVADO";"I-3";"00018140";"MEDITRAN PERU E.I.R.L.";"NE_0001";"";"NE_0001";"NE_0001";"NE_0001";"NE_0001";"NE_0001";"NE_0001";"NE_0001"
"2023";"02";"060601";"CAJAMARCA";"CUTERVO";"CUTERVO";"GOBIERNO REGIONAL";"I-3";"00004987";"SUMIDERO";"NE_0001";"";"NE_0001";"NE_0001";"NE_0001";"NE_0001";"NE_0001";"NE_0001";"NE_0001"
"2023";"02";"060601";"CAJAMARCA";"CUTERVO";"CUTERVO";"GOBIERNO REGIONAL";"I-1";"00006852";"LLIPA";"NE_0001";"";"NE_0001";"NE_0001";"NE_0001";"NE_0001";"NE_0001";"NE_0001";"NE_0001"
"2023";"02";"060601";"CAJAMARCA";"CUTERVO";"CUTERVO";"GOBIERNO REGIONAL";"I-1";"00006854";"CARAMARCA CHICA";"NE_0001";"";"NE_0001";"NE_0001";"NE_0001";"NE_0001";"NE_0001";"NE_0001";"NE_0001"
"2023";"02";"060601";"CAJAMARCA";"CUTERVO";"CUTERVO";"GOBIERNO REGIONAL";"I-3";"00006857";"NUEVO ORIENTE";"NE_0001";"";"NE_0001";"NE_0001";"NE_0001";"NE_0001";"NE_0001";"NE_0001";"NE_0001"
"2023";"02";"060601";"CAJAMARCA";"CUTERVO";"CUTERVO";"GOBIERNO REGIONAL";"I-1";"00006936";"CORRALES";"NE_0001";"";"NE_0001";"NE_0001";"NE_0001";"NE_0001";"NE_0001";"NE_0001";"NE_0001"
"2023";"02";"060601";"CAJAMARCA";"CUTERVO";"CUTERVO";"GOBIERNO REGIONAL";"I-1";"00007701";"EL VERDE";"NE_0001";"";"NE_0001";"NE_0001";"NE_0001";"NE_0001";"NE_0001";"NE_0001";"NE_0001"
"2023";"02";"060601";"CAJAMARCA";"CUTERVO";"CUTERVO";"GOBIERNO REGIONAL";"I-1";"00011066";"VISTA ALEGRE DE LA SOLA";"NE_0001";"";"NE_0001";"NE_0001";"NE_0001";"NE_0001";"NE_0001";"NE_0001";"NE_0001"
"2023";"02";"060601";"CAJAMARCA";"CUTERVO";"CUTERVO";"GOBIERNO REGIONAL";"I-1";"00004995";"PALMAS DE HUICHUD";"NE_0001";"";"NE_0001";"NE_0001";"NE_0001";"NE_0001";"NE_0001";"NE_0001";"NE_0001"
"2023";"02";"060601";"CAJAMARCA";"CUTERVO";"CUTERVO";"GOBIERNO REGIONAL";"I-1";"00006788";"YANGACHIS";"NE_0001";"";"NE_0001";"NE_0001";"NE_0001";"NE_0001";"NE_0001";"NE_0001";"NE_0001"
"2023";"02";"060601";"CAJAMARCA";"CUTERVO";"CUTERVO";"GOBIERNO REGIONAL";"I-1";"00004985";"REJOPAMPA";"NE_0001";"";"NE_0001";"NE_0001";"NE_0001";"NE_0001";"NE_0001";"NE_0001";"NE_0001"
"2023";"02";"060601";"CAJAMARCA";"CUTERVO";"CUTERVO";"GOBIERNO REGIONAL";"I-1";"00004986";"EL ARENAL DE CUTERVO";"NE_0001";"";"NE_0001";"NE_0001";"NE_0001";"NE_0001";"NE_0001";"NE_0001";"NE_0001"
"2023";"02";"060601";"CAJAMARCA";"CUTERVO";"CUTERVO";"GOBIERNO REGIONAL";"I-2";"00004989";"AMBULCO GRANDE";"NE_0001";"";"NE_0001";"NE_0001";"NE_0001";"NE_0001";"NE_0001";"NE_0001";"NE_0001"
"2023";"02";"060601";"CAJAMARCA";"CUTERVO";"CUTERVO";"GOBIERNO REGIONAL";"I-1";"00007748";"CULLANMAYO";"NE_0001";"";"NE_0001";"NE_0001";"NE_0001";"NE_0001";"NE_0001";"NE_0001";"NE_0001"
"2023";"02";"060601";"CAJAMARCA";"CUTERVO";"CUTERVO";"GOBIERNO REGIONAL";"I-1";"00004990";"YATUN";"NE_0001";"";"NE_0001";"NE_0001";"NE_0001";"NE_0001";"NE_0001";"NE_0001";"NE_0001"
"2023";"02";"060601";"CAJAMARCA";"CUTERVO";"CUTERVO";"GOBIERNO REGIONAL";"I-1";"00007697";"CHUGUR";"NE_0001";"";"NE_0001";"NE_0001";"NE_0001";"NE_0001";"NE_0001";"NE_0001";"NE_0001"
"2023";"02";"060601";"CAJAMARCA";"CUTERVO";"CUTERVO";"GOBIERNO REGIONAL";"I-1";"00006831";"LA SUCCHA DE CUTERVO";"NE_0001";"";"NE_0001";"NE_0001";"NE_0001";"NE_0001";"NE_0001";"NE_0001";"NE_0001"
"2023";"02";"060601";"CAJAMARCA";"CUTERVO";"CUTERVO";"GOBIERNO REGIONAL";"I-1";"00004988";"LA COLCA";"NE_0001";"";"NE_0001";"NE_0001";"NE_0001";"NE_0001";"NE_0001";"NE_0001";"NE_0001"
"2023";"02";"060601";"CAJAMARCA";"CUTERVO";"CUTERVO";"GOBIERNO REGIONAL";"I-1";"00006787";"SANTA ROSA DE TAPO";"NE_0001";"";"NE_0001";"NE_0001";"NE_0001";"NE_0001";"NE_0001";"NE_0001";"NE_0001"
"2023";"02";"060601";"CAJAMARCA";"CUTERVO";"CUTERVO";"GOBIERNO REGIONAL";"I-1";"00006837";"SAN CRISTOBAL DE NUDILLO";"NE_0001";"";"NE_0001";"NE_0001";"NE_0001";"NE_0001";"NE_0001";"NE_0001";"NE_0001"
"2023";"02";"060601";"CAJAMARCA";"CUTERVO";"CUTERVO";"GOBIERNO REGIONAL";"I-1";"00007109";"CHIPULUC";"NE_0001";"";"NE_0001";"NE_0001";"NE_0001";"NE_0001";"NE_0001";"NE_0001";"NE_0001"
"2023";"02";"060601";"CAJAMARCA";"CUTERVO";"CUTERVO";"GOBIERNO REGIONAL";"I-1";"00011064";"SAN LORENZO";"NE_0001";"";"NE_0001";"NE_0001";"NE_0001";"NE_0001";"NE_0001";"NE_0001";"NE_0001"
"2023";"02";"210101";"PUNO";"PUNO";"PUNO";"SANIDAD DE LA POLICIA NACIONAL DEL PERU";"I-3";"00010235";"UNIDAD EJECUTORA 020-1067 SANIDAD DE LA PNP";"NE_0001";"";"NE_0001";"NE_0001";"NE_0001";"NE_0001";"NE_0001";"NE_0001";"NE_0001"
"2023";"02";"080910";"CUSCO";"LA CONVENCION";"PICHARI";"SANIDAD DE LA POLICIA NACIONAL DEL PERU";"I-2";"00027230";"MEDICA POLICIAL PICHARI";"NE_0001";"";"NE_0001";"NE_0001";"NE_0001";"NE_0001";"NE_0001";"NE_0001";"NE_0001"
"2023";"02";"110201";"ICA";"CHINCHA";"CHINCHA ALTA";"PRIVADO";"I-3";"00011272";"DANIEL A. CARRION EIRL";"NE_0001";"";"NE_0001";"NE_0001";"NE_0001";"NE_0001";"NE_0001";"NE_0001";"NE_0001"
"2023";"02";"050509";"AYACUCHO";"LA MAR";"SAMUGARI";"SANIDAD DE LA POLICIA NACIONAL DEL PERU";"I-2";"00027203";"PUESTO DE SALUD PNP PALMAPAMPA";"NE_0002";"";"NE_0002";"NE_0002";"NE_0002";"NE_0002";"NE_0002";"NE_0002";"NE_0002"
"2023";"02";"051011";"AYACUCHO";"VICTOR FAJARDO";"SARHUA";"GOBIERNO REGIONAL";"I-1";"00003505";"TOMANGA";"NE_0001";"";"NE_0001";"NE_0001";"NE_0001";"NE_0001";"NE_0001";"NE_0001";"NE_0001"
"2023";"02";"051011";"AYACUCHO";"VICTOR FAJARDO";"SARHUA";"GOBIERNO REGIONAL";"I-1";"00003500";"PUESTO DE SALUD CHUQUI HUARCAYA";"NE_0001";"";"NE_0001";"NE_0001";"NE_0001";"NE_0001";"NE_0001";"NE_0001";"NE_0001"
"2023";"02";"050202";"AYACUCHO";"CANGALLO";"CHUSCHI";"GOBIERNO REGIONAL";"I-3";"00003502";"CENTRO DE SALUD CHUSCHI";"241400";"HOSPITALIZACIÓN QUIRÚRGICA GINECO - OBSTETRICIA ";"3";"3";"8";"1";"2";"4";"0"
"2023";"02";"050202";"AYACUCHO";"CANGALLO";"CHUSCHI";"GOBIERNO REGIONAL";"I-1";"00003504";"PUESTO DE SALUD CANCHA CANCHA";"NE_0001";"";"NE_0001";"NE_0001";"NE_0001";"NE_0001";"NE_0001";"NE_0001";"NE_0001"
"2023";"02";"050204";"AYACUCHO";"CANGALLO";"MARIA PARADO DE BELLIDO";"GOBIERNO REGIONAL";"I-3";"00003509";"CENTRO DE SALUD POMABAMBA";"240100";"HOSPITALIZACIÓN QUIRÚRGICA CIRUGÍA GENERAL ";"2";"2";"2";"1";"3";"5";"0"
"2023";"02";"050204";"AYACUCHO";"CANGALLO";"MARIA PARADO DE BELLIDO";"GOBIERNO REGIONAL";"I-3";"00003509";"CENTRO DE SALUD POMABAMBA";"241400";"HOSPITALIZACIÓN QUIRÚRGICA GINECO - OBSTETRICIA ";"5";"5";"11";"2";"4";"5";"0"
"2023";"02";"051011";"AYACUCHO";"VICTOR FAJARDO";"SARHUA";"GOBIERNO REGIONAL";"I-3";"00003512";"PUESTO DE SALUD SARHUA";"NE_0002";"";"NE_0002";"NE_0002";"NE_0002";"NE_0002";"NE_0002";"NE_0002";"NE_0002"
"2023";"02";"050202";"AYACUCHO";"CANGALLO";"CHUSCHI";"GOBIERNO REGIONAL";"I-1";"00003503";"PUESTO DE SALUD CHACOLLA";"NE_0001";"";"NE_0001";"NE_0001";"NE_0001";"NE_0001";"NE_0001";"NE_0001";"NE_0001"
"2023";"02";"051008";"AYACUCHO";"VICTOR FAJARDO";"HUAMANQUIQUIA";"GOBIERNO REGIONAL";"I-1";"00003832";"PUESTO DE SALUD PATARA";"NE_0001";"";"NE_0001";"NE_0001";"NE_0001";"NE_0001";"NE_0001";"NE_0001";"NE_0001"
"2023";"02";"051002";"AYACUCHO";"VICTOR FAJARDO";"ALCAMENCA";"GOBIERNO REGIONAL";"I-1";"00003510";"PUESTO DE SALUD CARAMPA";"NE_0001";"";"NE_0001";"NE_0001";"NE_0001";"NE_0001";"NE_0001";"NE_0001";"NE_0001"
"2023";"02";"051011";"AYACUCHO";"VICTOR FAJARDO";"SARHUA";"GOBIERNO REGIONAL";"I-1";"00003511";"PUESTO DE SALUD AUQUILLA";"NE_0001";"";"NE_0001";"NE_0001";"NE_0001";"NE_0001";"NE_0001";"NE_0001";"NE_0001"
"2023";"02";"150110";"LIMA";"LIMA";"COMAS";"PRIVADO";"I-3";"00025575";"CENTRO CLÍNICO SAN NICOLAS";"NE_0001";"";"NE_0001";"NE_0001";"NE_0001";"NE_0001";"NE_0001";"NE_0001";"NE_0001"
"2023";"02";"150121";"LIMA";"LIMA";"PUEBLO LIBRE";"PRIVADO";"II-E";"00020230";"CLINICA DE OJOS GLOBAL LASER";"NE_0001";"";"NE_0001";"NE_0001";"NE_0001";"NE_0001";"NE_0001";"NE_0001";"NE_0001"
"2023";"02";"250201";"UCAYALI";"ATALAYA";"RAIMONDI";"ESSALUD";"I-3";"00009592";"CENTRO DE SALUD  ATALAYA";"NE_0001";"";"NE_0001";"NE_0001";"NE_0001";"NE_0001";"NE_0001";"NE_0001";"NE_0001"
"2023";"02";"040126";"AREQUIPA";"AREQUIPA";"YANAHUARA";"ESSALUD";"II-1";"00013291";"HOSPITAL III YANAHUARA";"241900";"HOSPITALIZACIÓN DE MEDICINA MEDICINA INTERNA ";"84";"68";"917";"846";"33";"924";"4"
"2023";"02";"040126";"AREQUIPA";"AREQUIPA";"YANAHUARA";"ESSALUD";"II-1";"00013291";"HOSPITAL III YANAHUARA";"240100";"HOSPITALIZACIÓN QUIRÚRGICA CIRUGÍA GENERAL ";"283";"287";"1065";"1251";"47";"1316";"0"
"2023";"02";"040126";"AREQUIPA";"AREQUIPA";"YANAHUARA";"ESSALUD";"II-1";"00013291";"HOSPITAL III YANAHUARA";"241600";"HOSPITALIZACIÓN QUIRÚRGICA OBSTETRICIA   ";"295";"272";"582";"628";"24";"672";"0"
"2023";"02";"040126";"AREQUIPA";"AREQUIPA";"YANAHUARA";"ESSALUD";"II-1";"00013291";"HOSPITAL III YANAHUARA";"241400";"HOSPITALIZACIÓN QUIRÚRGICA GINECO - OBSTETRICIA ";"141";"147";"415";"308";"12";"336";"0"
"2023";"02";"040126";"AREQUIPA";"AREQUIPA";"YANAHUARA";"ESSALUD";"II-1";"00013291";"HOSPITAL III YANAHUARA";"242300";"HOSPITALIZACIÓN DE PEDIATRÍA  PEDIATRÍA  GENERAL ";"38";"37";"377";"155";"6";"168";"0"
"2023";"02";"040126";"AREQUIPA";"AREQUIPA";"YANAHUARA";"ESSALUD";"II-1";"00013291";"HOSPITAL III YANAHUARA";"243200";"HOSPITALIZACIÓN DE PEDIATRÍA PEDIATRIA NEONATOLOGÍA";"228";"227";"581";"606";"28";"784";"1"
"2023";"02";"040126";"AREQUIPA";"AREQUIPA";"YANAHUARA";"ESSALUD";"II-1";"00013291";"HOSPITAL III YANAHUARA";"250100";"UNIDAD DE CUIDADOS CRITICOS UNIDAD  DE CUIDADOS INTENSIVOS GENERALES (UCI) ";"19";"5";"55";"183";"10";"280";"5"
"2023";"02";"150135";"LIMA";"LIMA";"SAN MARTIN DE PORRES";"PRIVADO";"II-E";"00025573";"CREO Clínica Renal y Oncológica";"NE_0001";"";"NE_0001";"NE_0001";"NE_0001";"NE_0001";"NE_0001";"NE_0001";"NE_0001"
"2023";"02";"220201";"SAN MARTIN";"BELLAVISTA";"BELLAVISTA";"GOBIERNO REGIONAL";"I-1";"00006785";"PERUATE";"NE_0002";"";"NE_0002";"NE_0002";"NE_0002";"NE_0002";"NE_0002";"NE_0002";"NE_0002"
"2023";"02";"220206";"SAN MARTIN";"BELLAVISTA";"SAN RAFAEL";"GOBIERNO REGIONAL";"I-3";"00006515";"SAN RAFAEL";"NE_0002";"";"NE_0002";"NE_0002";"NE_0002";"NE_0002";"NE_0002";"NE_0002";"NE_0002"
"2023";"02";"220201";"SAN MARTIN";"BELLAVISTA";"BELLAVISTA";"GOBIERNO REGIONAL";"I-1";"00006512";"NUEVA FLORIDA";"NE_0001";"";"NE_0001";"NE_0001";"NE_0001";"NE_0001";"NE_0001";"NE_0001";"NE_0001"
"2023";"02";"220201";"SAN MARTIN";"BELLAVISTA";"BELLAVISTA";"GOBIERNO REGIONAL";"I-1";"00006513";"HUACHO";"NE_0001";"";"NE_0001";"NE_0001";"NE_0001";"NE_0001";"NE_0001";"NE_0001";"NE_0001"
"2023";"02";"150115";"LIMA";"LIMA";"LA VICTORIA";"MINSA";"III-E";"00006212";"HOSPITAL DE EMERGENCIAS PEDIATRICAS";"240700";"HOSPITALIZACIÓN QUIRÚRGICA CIRUGÍA PEDIÁTRICA ";"48";"45";"308";"279";"11";"308";"0"
"2023";"02";"150115";"LIMA";"LIMA";"LA VICTORIA";"MINSA";"III-E";"00006212";"HOSPITAL DE EMERGENCIAS PEDIATRICAS";"250105";"UNIDAD DE CUIDADOS CRITICOS UNIDAD  DE CUIDADOS INTENSIVOS  (UCI) NEONATOLOGÍA";"2";"2";"31";"87";"4";"112";"0"
"2023";"02";"150115";"LIMA";"LIMA";"LA VICTORIA";"MINSA";"III-E";"00006212";"HOSPITAL DE EMERGENCIAS PEDIATRICAS";"250108";"UNIDAD DE CUIDADOS CRITICOS UNIDAD  DE CUIDADOS INTENSIVOS  (UCI) PEDIÁTRICA";"21";"18";"29";"186";"8";"224";"1"
"2023";"02";"150115";"LIMA";"LIMA";"LA VICTORIA";"MINSA";"III-E";"00006212";"HOSPITAL DE EMERGENCIAS PEDIATRICAS";"240900";"HOSPITALIZACIÓN QUIRÚRGICA NEUROCIRUGÍA ";"10";"7";"59";"132";"5";"140";"0"
"2023";"02";"150115";"LIMA";"LIMA";"LA VICTORIA";"MINSA";"III-E";"00006212";"HOSPITAL DE EMERGENCIAS PEDIATRICAS";"241200";"HOSPITALIZACIÓN QUIRÚRGICA TRAUMATOLOGÍA Y ORTOPEDIA ";"38";"35";"126";"127";"5";"140";"0"
"2023";"02";"150115";"LIMA";"LIMA";"LA VICTORIA";"MINSA";"III-E";"00006212";"HOSPITAL DE EMERGENCIAS PEDIATRICAS";"242300";"HOSPITALIZACIÓN DE PEDIATRÍA  PEDIATRÍA  GENERAL ";"46";"38";"329";"362";"14";"392";"0"
"2023";"02";"150115";"LIMA";"LIMA";"LA VICTORIA";"MINSA";"III-E";"00006212";"HOSPITAL DE EMERGENCIAS PEDIATRICAS";"242500";"HOSPITALIZACIÓN-PEDIATRÍA GENERAL-";"40";"16";"39";"114";"7";"155";"0"
"2023";"02";"220201";"SAN MARTIN";"BELLAVISTA";"BELLAVISTA";"GOBIERNO REGIONAL";"I-1";"00006505";"LIMON";"NE_0001";"";"NE_0001";"NE_0001";"NE_0001";"NE_0001";"NE_0001";"NE_0001";"NE_0001"
"2023";"02";"150117";"LIMA";"LIMA";"LOS OLIVOS";"PRIVADO";"II-E";"00013044";"MEGASALUD NARANJAL S.A.C.";"240000";"HOSPITALIZACIÓN";"18";"18";"44";"37";"3";"90";"0"
"2023";"02";"150130";"LIMA";"LIMA";"SAN BORJA";"PRIVADO";"II-E";"00015179";"CLINICA KIRSCHBAUM";"240800";"HOSPITALIZACIÓN QUIRÚRGICA CIRUGÍA PLÁSTICA/RECONSTRUCTIVA/ REPARADORA ";"34";"34";"47";"34";"10";"280";"0"
"2023";"02";"150141";"LIMA";"LIMA";"SURQUILLO";"PRIVADO";"II-1";"00009645";"INVERSIONES GENERALES SALOMON S.A.";"NE_0001";"";"NE_0001";"NE_0001";"NE_0001";"NE_0001";"NE_0001";"NE_0001";"NE_0001"
"2023";"02";"070102";"CALLAO";"CALLAO";"BELLAVISTA";"PRIVADO";"II-1";"00009250";"CLINICAS AUNA - SEDE BELLAVISTA";"240000";"HOSPITALIZACIÓN";"146";"145";"408";"426";"18";"558";"0"
"2023";"02";"040401";"AREQUIPA";"CASTILLA";"APLAO";"GOBIERNO REGIONAL";"I-3";"00024409";"CENTRO DE SALUD MENTAL COMUNITARIO LA REAL C.C.U.";"NE_0002";"";"NE_0002";"NE_0002";"NE_0002";"NE_0002";"NE_0002";"NE_0002";"NE_0002"
"2023";"02";"150143";"LIMA";"LIMA";"VILLA MARIA DEL TRIUNFO";"PRIVADO";"II-1";"00017824";"CLINICA MARIA HUARHUA E.I.R.L";"NE_0002";"";"NE_0002";"NE_0002";"NE_0002";"NE_0002";"NE_0002";"NE_0002";"NE_0002"
"2023";"03";"070102";"CALLAO";"CALLAO";"BELLAVISTA";"ESSALUD";"III-1";"00008265";"HOSPITAL NACIONAL ALBERTO SABOGAL SOLOGUREN DE LA RED ASISTENCIAL SABOGAL";"242000";"HOSPITALIZACIÓN DE MEDICINA MEDICINA TROPICAL E INFECCIOSAS ";"24";"29";"444";"334";"11";"346";"2"
"2023";"03";"070102";"CALLAO";"CALLAO";"BELLAVISTA";"ESSALUD";"III-1";"00008265";"HOSPITAL NACIONAL ALBERTO SABOGAL SOLOGUREN DE LA RED ASISTENCIAL SABOGAL";"242100";"HOSPITALIZACIÓN DE MEDICINA ONCOLOGÍA MÉDICA ";"115";"124";"509";"421";"15";"465";"2"
"2023";"03";"070102";"CALLAO";"CALLAO";"BELLAVISTA";"ESSALUD";"III-1";"00008265";"HOSPITAL NACIONAL ALBERTO SABOGAL SOLOGUREN DE LA RED ASISTENCIAL SABOGAL";"240700";"HOSPITALIZACIÓN QUIRÚRGICA CIRUGÍA PEDIÁTRICA ";"58";"68";"482";"368";"13";"403";"0"
"2023";"03";"070102";"CALLAO";"CALLAO";"BELLAVISTA";"ESSALUD";"III-1";"00008265";"HOSPITAL NACIONAL ALBERTO SABOGAL SOLOGUREN DE LA RED ASISTENCIAL SABOGAL";"240900";"HOSPITALIZACIÓN QUIRÚRGICA NEUROCIRUGÍA ";"42";"47";"318";"375";"13";"403";"0"
"2023";"03";"070102";"CALLAO";"CALLAO";"BELLAVISTA";"ESSALUD";"III-1";"00008265";"HOSPITAL NACIONAL ALBERTO SABOGAL SOLOGUREN DE LA RED ASISTENCIAL SABOGAL";"241100";"HOSPITALIZACIÓN QUIRÚRGICA OTORRINOLARINGOLOGÍA  ";"47";"46";"146";"121";"4";"124";"0"
"2023";"03";"070102";"CALLAO";"CALLAO";"BELLAVISTA";"ESSALUD";"III-1";"00008265";"HOSPITAL NACIONAL ALBERTO SABOGAL SOLOGUREN DE LA RED ASISTENCIAL SABOGAL";"241200";"HOSPITALIZACIÓN QUIRÚRGICA TRAUMATOLOGÍA Y ORTOPEDIA ";"108";"102";"1148";"1315";"44";"1364";"1"
"2023";"03";"070102";"CALLAO";"CALLAO";"BELLAVISTA";"ESSALUD";"III-1";"00008265";"HOSPITAL NACIONAL ALBERTO SABOGAL SOLOGUREN DE LA RED ASISTENCIAL SABOGAL";"241300";"HOSPITALIZACIÓN QUIRÚRGICA UROLOGÍA  ";"94";"97";"563";"454";"15";"465";"0"
"2023";"03";"070102";"CALLAO";"CALLAO";"BELLAVISTA";"ESSALUD";"III-1";"00008265";"HOSPITAL NACIONAL ALBERTO SABOGAL SOLOGUREN DE LA RED ASISTENCIAL SABOGAL";"241500";"HOSPITALIZACIÓN QUIRÚRGICA GINECOLOGÍA  ";"92";"89";"278";"271";"10";"310";"0"
"2023";"03";"070102";"CALLAO";"CALLAO";"BELLAVISTA";"ESSALUD";"III-1";"00008265";"HOSPITAL NACIONAL ALBERTO SABOGAL SOLOGUREN DE LA RED ASISTENCIAL SABOGAL";"241600";"HOSPITALIZACIÓN QUIRÚRGICA OBSTETRICIA   ";"275";"248";"1048";"1140";"45";"1395";"0"
"2023";"03";"070102";"CALLAO";"CALLAO";"BELLAVISTA";"ESSALUD";"III-1";"00008265";"HOSPITAL NACIONAL ALBERTO SABOGAL SOLOGUREN DE LA RED ASISTENCIAL SABOGAL";"242300";"HOSPITALIZACIÓN DE PEDIATRÍA  PEDIATRÍA  GENERAL ";"57";"78";"1167";"1010";"33";"1023";"1"
"2023";"01";"040201";"AREQUIPA";"CAMANA";"CAMANA";"GOBIERNO REGIONAL";"II-1";"00001344";"HOSPITAL DE CAMANA";"240100";"HOSPITALIZACIÓN QUIRÚRGICA CIRUGÍA GENERAL ";"21";"23";"111";"173";"10";"250";"0"
"2023";"01";"040201";"AREQUIPA";"CAMANA";"CAMANA";"GOBIERNO REGIONAL";"II-1";"00001344";"HOSPITAL DE CAMANA";"241200";"HOSPITALIZACIÓN QUIRÚRGICA TRAUMATOLOGÍA Y ORTOPEDIA ";"10";"12";"128";"147";"3";"265";"0"
"2023";"01";"040201";"AREQUIPA";"CAMANA";"CAMANA";"GOBIERNO REGIONAL";"II-1";"00001344";"HOSPITAL DE CAMANA";"241500";"HOSPITALIZACIÓN QUIRÚRGICA GINECOLOGÍA  ";"101";"104";"205";"267";"13";"403";"0"
"2023";"01";"040201";"AREQUIPA";"CAMANA";"CAMANA";"GOBIERNO REGIONAL";"II-1";"00001344";"HOSPITAL DE CAMANA";"241800";"HOSPITALIZACIÓN DE MEDICINA MEDICINA GENERAL ";"10";"16";"138";"200";"18";"305";"1"
"2023";"01";"040201";"AREQUIPA";"CAMANA";"CAMANA";"GOBIERNO REGIONAL";"II-1";"00001344";"HOSPITAL DE CAMANA";"241900";"HOSPITALIZACIÓN DE MEDICINA MEDICINA INTERNA ";"15";"18";"111";"173";"16";"254";"1"
"2023";"01";"040201";"AREQUIPA";"CAMANA";"CAMANA";"GOBIERNO REGIONAL";"II-1";"00001344";"HOSPITAL DE CAMANA";"242500";"HOSPITALIZACIÓN-PEDIATRÍA GENERAL-";"6";"7";"23";"85";"16";"146";"0"
"2023";"01";"040201";"AREQUIPA";"CAMANA";"CAMANA";"GOBIERNO REGIONAL";"II-1";"00001344";"HOSPITAL DE CAMANA";"243200";"HOSPITALIZACIÓN DE PEDIATRÍA PEDIATRIA NEONATOLOGÍA";"23";"23";"49";"111";"8";"204";"0"
"2023";"01";"030201";"APURIMAC";"ANDAHUAYLAS";"ANDAHUAYLAS";"GOBIERNO REGIONAL";"II-2";"00004131";"HOSPITAL SUBREGIONAL DE ANDAHUAYLAS";"240100";"HOSPITALIZACIÓN QUIRÚRGICA CIRUGÍA GENERAL ";"62";"58";"350";"343";"12";"358";"0"
"2023";"01";"030201";"APURIMAC";"ANDAHUAYLAS";"ANDAHUAYLAS";"GOBIERNO REGIONAL";"II-2";"00004131";"HOSPITAL SUBREGIONAL DE ANDAHUAYLAS";"240700";"HOSPITALIZACIÓN QUIRÚRGICA CIRUGÍA PEDIÁTRICA ";"12";"12";"41";"39";"4";"112";"0"
"2023";"01";"030201";"APURIMAC";"ANDAHUAYLAS";"ANDAHUAYLAS";"GOBIERNO REGIONAL";"II-2";"00004131";"HOSPITAL SUBREGIONAL DE ANDAHUAYLAS";"241200";"HOSPITALIZACIÓN QUIRÚRGICA TRAUMATOLOGÍA Y ORTOPEDIA ";"21";"18";"101";"124";"7";"199";"0"
"2023";"01";"030201";"APURIMAC";"ANDAHUAYLAS";"ANDAHUAYLAS";"GOBIERNO REGIONAL";"II-2";"00004131";"HOSPITAL SUBREGIONAL DE ANDAHUAYLAS";"241500";"HOSPITALIZACIÓN QUIRÚRGICA GINECOLOGÍA  ";"38";"39";"71";"57";"5";"118";"0"
"2023";"01";"030201";"APURIMAC";"ANDAHUAYLAS";"ANDAHUAYLAS";"GOBIERNO REGIONAL";"II-2";"00004131";"HOSPITAL SUBREGIONAL DE ANDAHUAYLAS";"241600";"HOSPITALIZACIÓN QUIRÚRGICA OBSTETRICIA   ";"152";"154";"357";"333";"18";"411";"0"
"2023";"01";"030201";"APURIMAC";"ANDAHUAYLAS";"ANDAHUAYLAS";"GOBIERNO REGIONAL";"II-2";"00004131";"HOSPITAL SUBREGIONAL DE ANDAHUAYLAS";"241800";"HOSPITALIZACIÓN DE MEDICINA MEDICINA GENERAL ";"62";"53";"308";"433";"17";"521";"12"
"2023";"01";"030201";"APURIMAC";"ANDAHUAYLAS";"ANDAHUAYLAS";"GOBIERNO REGIONAL";"II-2";"00004131";"HOSPITAL SUBREGIONAL DE ANDAHUAYLAS";"242200";"HOSPITALIZACIÓN DE MEDICINA PSIQUIATRÍA ";"7";"7";"112";"135";"5";"151";"0"
"2023";"01";"030201";"APURIMAC";"ANDAHUAYLAS";"ANDAHUAYLAS";"GOBIERNO REGIONAL";"II-2";"00004131";"HOSPITAL SUBREGIONAL DE ANDAHUAYLAS";"242500";"HOSPITALIZACIÓN-PEDIATRÍA GENERAL-";"13";"11";"82";"90";"6";"175";"0"
"2023";"01";"030201";"APURIMAC";"ANDAHUAYLAS";"ANDAHUAYLAS";"GOBIERNO REGIONAL";"II-2";"00004131";"HOSPITAL SUBREGIONAL DE ANDAHUAYLAS";"243200";"HOSPITALIZACIÓN DE PEDIATRÍA PEDIATRIA NEONATOLOGÍA";"35";"34";"171";"223";"9";"250";"0"
"2023";"01";"030201";"APURIMAC";"ANDAHUAYLAS";"ANDAHUAYLAS";"GOBIERNO REGIONAL";"II-2";"00004131";"HOSPITAL SUBREGIONAL DE ANDAHUAYLAS";"250100";"UNIDAD DE CUIDADOS CRITICOS UNIDAD  DE CUIDADOS INTENSIVOS GENERALES (UCI) ";"10";"3";"12";"79";"3";"101";"1"
"2023";"01";"030201";"APURIMAC";"ANDAHUAYLAS";"ANDAHUAYLAS";"GOBIERNO REGIONAL";"II-2";"00004131";"HOSPITAL SUBREGIONAL DE ANDAHUAYLAS";"250200";"UNIDAD DE CUIDADOS CRITICOS UNIDAD DE CUIDADOS INTERMEDIOS GENERAL  (UCIN) ";"7";"6";"46";"53";"3";"87";"1"
"2023";"02";"100108";"HUANUCO";"HUANUCO";"SAN PEDRO DE CHAULAN";"GOBIERNO REGIONAL";"I-1";"00000796";"SAN JOSE DE COZO TINGO";"NE_0001";"";"NE_0001";"NE_0001";"NE_0001";"NE_0001";"NE_0001";"NE_0001";"NE_0001"
"2023";"02";"100108";"HUANUCO";"HUANUCO";"SAN PEDRO DE CHAULAN";"GOBIERNO REGIONAL";"I-3";"00000794";"CHAULAN";"NE_0001";"";"NE_0001";"NE_0001";"NE_0001";"NE_0001";"NE_0001";"NE_0001";"NE_0001"
"2023";"02";"100108";"HUANUCO";"HUANUCO";"SAN PEDRO DE CHAULAN";"GOBIERNO REGIONAL";"I-2";"00000789";"SAN JUAN DE LIBERTAD";"NE_0001";"";"NE_0001";"NE_0001";"NE_0001";"NE_0001";"NE_0001";"NE_0001";"NE_0001"
"2023";"02";"060101";"CAJAMARCA";"CAJAMARCA";"CAJAMARCA";"PRIVADO";"I-3";"00029378";"SALUD OCUPACIONAL  EL GALENO";"NE_0001";"";"NE_0001";"NE_0001";"NE_0001";"NE_0001";"NE_0001";"NE_0001";"NE_0001"
"2023";"02";"110101";"ICA";"ICA";"ICA";"PRIVADO";"II-1";"00012765";"SAN VICENTE";"240000";"HOSPITALIZACIÓN";"31";"30";"37";"31";"8";"16";"0"
"2023";"02";"051002";"AYACUCHO";"VICTOR FAJARDO";"ALCAMENCA";"GOBIERNO REGIONAL";"I-1";"00003499";"PUESTO DE SALUD HUAMBO";"NE_0001";"";"NE_0001";"NE_0001";"NE_0001";"NE_0001";"NE_0001";"NE_0001";"NE_0001"
"2023";"02";"200101";"PIURA";"PIURA";"PIURA";"PRIVADO";"II-1";"00013042";"CLÍNICA LOS COCOS";"240100";"HOSPITALIZACIÓN QUIRÚRGICA CIRUGÍA GENERAL ";"91";"98";"149";"152";"12";"336";"0"
"2023";"02";"200101";"PIURA";"PIURA";"PIURA";"PRIVADO";"II-1";"00013042";"CLÍNICA LOS COCOS";"241400";"HOSPITALIZACIÓN QUIRÚRGICA GINECO - OBSTETRICIA ";"174";"179";"229";"233";"16";"448";"0"
"2023";"02";"200101";"PIURA";"PIURA";"PIURA";"PRIVADO";"II-1";"00013042";"CLÍNICA LOS COCOS";"241800";"HOSPITALIZACIÓN DE MEDICINA MEDICINA GENERAL ";"10";"13";"23";"24";"7";"196";"0"
"2023";"02";"060601";"CAJAMARCA";"CUTERVO";"CUTERVO";"GOBIERNO REGIONAL";"I-1";"00006850";"CONDAY";"NE_0001";"";"NE_0001";"NE_0001";"NE_0001";"NE_0001";"NE_0001";"NE_0001";"NE_0001"
"2023";"02";"060601";"CAJAMARCA";"CUTERVO";"CUTERVO";"GOBIERNO REGIONAL";"I-1";"00007178";"RAYME";"NE_0001";"";"NE_0001";"NE_0001";"NE_0001";"NE_0001";"NE_0001";"NE_0001";"NE_0001"
"2023";"02";"060601";"CAJAMARCA";"CUTERVO";"CUTERVO";"GOBIERNO REGIONAL";"I-1";"00004999";"LAS PALMAS DE TINYAYOC";"NE_0001";"";"NE_0001";"NE_0001";"NE_0001";"NE_0001";"NE_0001";"NE_0001";"NE_0001"
"2023";"02";"060601";"CAJAMARCA";"CUTERVO";"CUTERVO";"GOBIERNO REGIONAL";"I-1";"00006856";"CHACAF";"NE_0001";"";"NE_0001";"NE_0001";"NE_0001";"NE_0001";"NE_0001";"NE_0001";"NE_0001"
"2023";"02";"060601";"CAJAMARCA";"CUTERVO";"CUTERVO";"GOBIERNO REGIONAL";"I-1";"00007431";"CONGA DE ALLANGA";"NE_0001";"";"NE_0001";"NE_0001";"NE_0001";"NE_0001";"NE_0001";"NE_0001";"NE_0001"
"2023";"02";"060601";"CAJAMARCA";"CUTERVO";"CUTERVO";"GOBIERNO REGIONAL";"I-1";"00004997";"TRIGOPAMPA";"NE_0001";"";"NE_0001";"NE_0001";"NE_0001";"NE_0001";"NE_0001";"NE_0001";"NE_0001"
"2023";"02";"060601";"CAJAMARCA";"CUTERVO";"CUTERVO";"GOBIERNO REGIONAL";"I-1";"00004998";"EL CARDON";"NE_0001";"";"NE_0001";"NE_0001";"NE_0001";"NE_0001";"NE_0001";"NE_0001";"NE_0001"
"2023";"02";"060601";"CAJAMARCA";"CUTERVO";"CUTERVO";"GOBIERNO REGIONAL";"I-1";"00006855";"AULLAN";"NE_0001";"";"NE_0001";"NE_0001";"NE_0001";"NE_0001";"NE_0001";"NE_0001";"NE_0001"
"2023";"02";"060601";"CAJAMARCA";"CUTERVO";"CUTERVO";"GOBIERNO REGIONAL";"I-1";"00007097";"AÑALCATE";"NE_0001";"";"NE_0001";"NE_0001";"NE_0001";"NE_0001";"NE_0001";"NE_0001";"NE_0001"
"2023";"02";"060601";"CAJAMARCA";"CUTERVO";"CUTERVO";"GOBIERNO REGIONAL";"I-2";"00007745";"URCURUME";"NE_0001";"";"NE_0001";"NE_0001";"NE_0001";"NE_0001";"NE_0001";"NE_0001";"NE_0001"
"2023";"02";"060601";"CAJAMARCA";"CUTERVO";"CUTERVO";"GOBIERNO REGIONAL";"I-1";"00008925";"LA LLICA";"NE_0001";"";"NE_0001";"NE_0001";"NE_0001";"NE_0001";"NE_0001";"NE_0001";"NE_0001"
"2023";"02";"060601";"CAJAMARCA";"CUTERVO";"CUTERVO";"GOBIERNO REGIONAL";"I-3";"00006858";"SALOMON VILCHEZ MURGA";"NE_0001";"";"NE_0001";"NE_0001";"NE_0001";"NE_0001";"NE_0001";"NE_0001";"NE_0001"
"2023";"02";"060601";"CAJAMARCA";"CUTERVO";"CUTERVO";"GOBIERNO REGIONAL";"I-2";"00007696";"MAMABAMBA";"NE_0001";"";"NE_0001";"NE_0001";"NE_0001";"NE_0001";"NE_0001";"NE_0001";"NE_0001"
"2023";"02";"060601";"CAJAMARCA";"CUTERVO";"CUTERVO";"GOBIERNO REGIONAL";"I-2";"00004982";"SALABAMBA";"NE_0001";"";"NE_0001";"NE_0001";"NE_0001";"NE_0001";"NE_0001";"NE_0001";"NE_0001"
"2023";"02";"060601";"CAJAMARCA";"CUTERVO";"CUTERVO";"GOBIERNO REGIONAL";"I-1";"00005000";"MUÑUNO";"NE_0001";"";"NE_0001";"NE_0001";"NE_0001";"NE_0001";"NE_0001";"NE_0001";"NE_0001"
"2023";"02";"060601";"CAJAMARCA";"CUTERVO";"CUTERVO";"GOBIERNO REGIONAL";"I-1";"00006834";"LUZPAMPA";"NE_0001";"";"NE_0001";"NE_0001";"NE_0001";"NE_0001";"NE_0001";"NE_0001";"NE_0001"
"2023";"02";"060601";"CAJAMARCA";"CUTERVO";"CUTERVO";"GOBIERNO REGIONAL";"I-1";"00006865";"ADCUÑAC";"NE_0001";"";"NE_0001";"NE_0001";"NE_0001";"NE_0001";"NE_0001";"NE_0001";"NE_0001"
"2023";"02";"060601";"CAJAMARCA";"CUTERVO";"CUTERVO";"GOBIERNO REGIONAL";"I-2";"00006938";"CACHACARA";"NE_0001";"";"NE_0001";"NE_0001";"NE_0001";"NE_0001";"NE_0001";"NE_0001";"NE_0001"
"2023";"02";"060601";"CAJAMARCA";"CUTERVO";"CUTERVO";"GOBIERNO REGIONAL";"I-2";"00004983";"CRUZ ROJA";"NE_0001";"";"NE_0001";"NE_0001";"NE_0001";"NE_0001";"NE_0001";"NE_0001";"NE_0001"
"2023";"02";"060601";"CAJAMARCA";"CUTERVO";"CUTERVO";"GOBIERNO REGIONAL";"I-1";"00007098";"YACANCATE";"NE_0001";"";"NE_0001";"NE_0001";"NE_0001";"NE_0001";"NE_0001";"NE_0001";"NE_0001"
"2023";"02";"060601";"CAJAMARCA";"CUTERVO";"CUTERVO";"GOBIERNO REGIONAL";"I-2";"00004984";"VALLE CALLACATE";"NE_0001";"";"NE_0001";"NE_0001";"NE_0001";"NE_0001";"NE_0001";"NE_0001";"NE_0001"
"2023";"02";"060601";"CAJAMARCA";"CUTERVO";"CUTERVO";"GOBIERNO REGIONAL";"I-2";"00004991";"LANCHE";"NE_0001";"";"NE_0001";"NE_0001";"NE_0001";"NE_0001";"NE_0001";"NE_0001";"NE_0001"
"2023";"02";"060601";"CAJAMARCA";"CUTERVO";"CUTERVO";"GOBIERNO REGIONAL";"I-1";"00005001";"PATAHUAZ";"NE_0001";"";"NE_0001";"NE_0001";"NE_0001";"NE_0001";"NE_0001";"NE_0001";"NE_0001"
"2023";"02";"060601";"CAJAMARCA";"CUTERVO";"CUTERVO";"GOBIERNO REGIONAL";"I-1";"00006833";"LA JAYUA";"NE_0001";"";"NE_0001";"NE_0001";"NE_0001";"NE_0001";"NE_0001";"NE_0001";"NE_0001"
"2023";"02";"130101";"LA LIBERTAD";"TRUJILLO";"TRUJILLO";"GOBIERNO REGIONAL";"II-1";"00005204";"HOSPITAL DE ESPECIALIDADES BASICAS LA NORIA";"243200";"HOSPITALIZACIÓN DE PEDIATRÍA PEDIATRIA NEONATOLOGÍA";"2";"2";"5";"5";"4";"112";"0"
"2023";"02";"130101";"LA LIBERTAD";"TRUJILLO";"TRUJILLO";"GOBIERNO REGIONAL";"II-1";"00005204";"HOSPITAL DE ESPECIALIDADES BASICAS LA NORIA";"241400";"HOSPITALIZACIÓN QUIRÚRGICA GINECO - OBSTETRICIA ";"28";"28";"50";"50";"8";"224";"0"
"2023";"02";"130101";"LA LIBERTAD";"TRUJILLO";"TRUJILLO";"GOBIERNO REGIONAL";"II-1";"00005204";"HOSPITAL DE ESPECIALIDADES BASICAS LA NORIA";"241600";"HOSPITALIZACIÓN QUIRÚRGICA OBSTETRICIA   ";"12";"12";"14";"14";"8";"224";"0"
"2023";"02";"130101";"LA LIBERTAD";"TRUJILLO";"TRUJILLO";"GOBIERNO REGIONAL";"II-1";"00005204";"HOSPITAL DE ESPECIALIDADES BASICAS LA NORIA";"240100";"HOSPITALIZACIÓN QUIRÚRGICA CIRUGÍA GENERAL ";"3";"3";"6";"6";"4";"112";"0"
"2023";"02";"120608";"JUNIN";"SATIPO";"RIO TAMBO";"GOBIERNO REGIONAL";"I-2";"00000516";"PUERTO ROCA";"NE_0001";"";"NE_0001";"NE_0001";"NE_0001";"NE_0001";"NE_0001";"NE_0001";"NE_0001"
"2023";"02";"120101";"JUNIN";"HUANCAYO";"HUANCAYO";"GOBIERNO REGIONAL";"III-E";"00000753";"HOSPITAL REGIONAL DOCENTE CLINICO QUIRURGICO DANIEL ALCIDES CARRION";"241900";"HOSPITALIZACIÓN DE MEDICINA MEDICINA INTERNA ";"91";"95";"1116";"1153";"42";"1176";"17"
"2023";"02";"120101";"JUNIN";"HUANCAYO";"HUANCAYO";"GOBIERNO REGIONAL";"III-E";"00000753";"HOSPITAL REGIONAL DOCENTE CLINICO QUIRURGICO DANIEL ALCIDES CARRION";"242000";"HOSPITALIZACIÓN DE MEDICINA MEDICINA TROPICAL E INFECCIOSAS ";"28";"22";"289";"348";"13";"364";"4"
"2023";"02";"120101";"JUNIN";"HUANCAYO";"HUANCAYO";"GOBIERNO REGIONAL";"III-E";"00000753";"HOSPITAL REGIONAL DOCENTE CLINICO QUIRURGICO DANIEL ALCIDES CARRION";"244000";"HOSPITALIZACIÓN DE MEDICINA CARDIOLOGIA ";"37";"38";"164";"216";"8";"224";"2"
"2023";"02";"120101";"JUNIN";"HUANCAYO";"HUANCAYO";"GOBIERNO REGIONAL";"III-E";"00000753";"HOSPITAL REGIONAL DOCENTE CLINICO QUIRURGICO DANIEL ALCIDES CARRION";"244200";"HOSPITALIZACIÓN DE MEDICINA ENDOCRINOLOGIA ";"15";"15";"121";"86";"4";"112";"0"
"2023";"02";"120101";"JUNIN";"HUANCAYO";"HUANCAYO";"GOBIERNO REGIONAL";"III-E";"00000753";"HOSPITAL REGIONAL DOCENTE CLINICO QUIRURGICO DANIEL ALCIDES CARRION";"244300";"HOSPITALIZACIÓN DE MEDICINA GASTROENTEROLOGÍA  ";"31";"32";"273";"182";"7";"196";"0"
"2023";"02";"120101";"JUNIN";"HUANCAYO";"HUANCAYO";"GOBIERNO REGIONAL";"III-E";"00000753";"HOSPITAL REGIONAL DOCENTE CLINICO QUIRURGICO DANIEL ALCIDES CARRION";"244400";"HOSPITALIZACIÓN DE MEDICINA GERIATRIA ";"17";"17";"200";"97";"4";"112";"4"
"2023";"02";"120101";"JUNIN";"HUANCAYO";"HUANCAYO";"GOBIERNO REGIONAL";"III-E";"00000753";"HOSPITAL REGIONAL DOCENTE CLINICO QUIRURGICO DANIEL ALCIDES CARRION";"245300";"HOSPITALIZACIÓN DE MEDICINA NEUMOLOGÍA  ";"17";"21";"226";"357";"13";"364";"5"
"2023";"02";"120101";"JUNIN";"HUANCAYO";"HUANCAYO";"GOBIERNO REGIONAL";"III-E";"00000753";"HOSPITAL REGIONAL DOCENTE CLINICO QUIRURGICO DANIEL ALCIDES CARRION";"240100";"HOSPITALIZACIÓN QUIRÚRGICA CIRUGÍA GENERAL ";"197";"195";"988";"994";"36";"1008";"7"
"2023";"02";"120101";"JUNIN";"HUANCAYO";"HUANCAYO";"GOBIERNO REGIONAL";"III-E";"00000753";"HOSPITAL REGIONAL DOCENTE CLINICO QUIRURGICO DANIEL ALCIDES CARRION";"240200";"HOSPITALIZACIÓN QUIRÚRGICA CIRUGÍA DE CABEZA Y CUELLO / MÁXILO FACIAL ";"10";"12";"77";"125";"5";"140";"0"
"2023";"02";"120101";"JUNIN";"HUANCAYO";"HUANCAYO";"GOBIERNO REGIONAL";"III-E";"00000753";"HOSPITAL REGIONAL DOCENTE CLINICO QUIRURGICO DANIEL ALCIDES CARRION";"240600";"HOSPITALIZACIÓN QUIRÚRGICA CIRUGÍA OFTALMOLÓGICA ";"1";"1";"1";"10";"1";"28";"0"
"2023";"02";"120101";"JUNIN";"HUANCAYO";"HUANCAYO";"GOBIERNO REGIONAL";"III-E";"00000753";"HOSPITAL REGIONAL DOCENTE CLINICO QUIRURGICO DANIEL ALCIDES CARRION";"240800";"HOSPITALIZACIÓN QUIRÚRGICA CIRUGÍA PLÁSTICA/RECONSTRUCTIVA/ REPARADORA ";"4";"7";"101";"73";"3";"84";"1"
"2023";"02";"120101";"JUNIN";"HUANCAYO";"HUANCAYO";"GOBIERNO REGIONAL";"III-E";"00000753";"HOSPITAL REGIONAL DOCENTE CLINICO QUIRURGICO DANIEL ALCIDES CARRION";"240900";"HOSPITALIZACIÓN QUIRÚRGICA NEUROCIRUGÍA ";"51";"48";"525";"500";"19";"532";"5"
"2023";"02";"120101";"JUNIN";"HUANCAYO";"HUANCAYO";"GOBIERNO REGIONAL";"III-E";"00000753";"HOSPITAL REGIONAL DOCENTE CLINICO QUIRURGICO DANIEL ALCIDES CARRION";"241100";"HOSPITALIZACIÓN QUIRÚRGICA OTORRINOLARINGOLOGÍA  ";"3";"3";"8";"31";"2";"56";"0"
"2023";"02";"120101";"JUNIN";"HUANCAYO";"HUANCAYO";"GOBIERNO REGIONAL";"III-E";"00000753";"HOSPITAL REGIONAL DOCENTE CLINICO QUIRURGICO DANIEL ALCIDES CARRION";"241200";"HOSPITALIZACIÓN QUIRÚRGICA TRAUMATOLOGÍA Y ORTOPEDIA ";"61";"56";"691";"812";"30";"840";"1"
"2023";"02";"120101";"JUNIN";"HUANCAYO";"HUANCAYO";"GOBIERNO REGIONAL";"III-E";"00000753";"HOSPITAL REGIONAL DOCENTE CLINICO QUIRURGICO DANIEL ALCIDES CARRION";"241300";"HOSPITALIZACIÓN QUIRÚRGICA UROLOGÍA  ";"21";"13";"92";"136";"5";"140";"0"
"2023";"02";"190301";"PASCO";"OXAPAMPA";"OXAPAMPA";"ESSALUD";"II-1";"00009748";"HOSPITAL I OXAPAMPA";"241800";"HOSPITALIZACIÓN DE MEDICINA MEDICINA GENERAL ";"40";"41";"121";"165";"6";"168";"1"
"2023";"02";"190301";"PASCO";"OXAPAMPA";"OXAPAMPA";"ESSALUD";"II-1";"00009748";"HOSPITAL I OXAPAMPA";"240100";"HOSPITALIZACIÓN QUIRÚRGICA CIRUGÍA GENERAL ";"25";"24";"65";"88";"4";"112";"0"
"2023";"02";"190301";"PASCO";"OXAPAMPA";"OXAPAMPA";"ESSALUD";"II-1";"00009748";"HOSPITAL I OXAPAMPA";"241400";"HOSPITALIZACIÓN QUIRÚRGICA GINECO - OBSTETRICIA ";"15";"14";"35";"50";"3";"84";"0"
"2023";"02";"190301";"PASCO";"OXAPAMPA";"OXAPAMPA";"ESSALUD";"II-1";"00009748";"HOSPITAL I OXAPAMPA";"242300";"HOSPITALIZACIÓN DE PEDIATRÍA  PEDIATRÍA  GENERAL ";"11";"11";"23";"33";"2";"56";"0"
"2023";"03";"050906";"AYACUCHO";"SUCRE";"MORCOLLA";"GOBIERNO REGIONAL";"I-1";"00003811";"PUESTO DE SALUD TINTAY";"NE_0001";"";"NE_0001";"NE_0001";"NE_0001";"NE_0001";"NE_0001";"NE_0001";"NE_0001"
"2023";"03";"050907";"AYACUCHO";"SUCRE";"PAICO";"GOBIERNO REGIONAL";"I-1";"00003814";"PUESTO DE SALUD SIHUE";"NE_0001";"";"NE_0001";"NE_0001";"NE_0001";"NE_0001";"NE_0001";"NE_0001";"NE_0001"
"2023";"03";"050910";"AYACUCHO";"SUCRE";"SANTIAGO DE PAUCARAY";"GOBIERNO REGIONAL";"I-1";"00003816";"PUESTO DE SALUD SANTIAGO DE PAUCARAY";"NE_0001";"";"NE_0001";"NE_0001";"NE_0001";"NE_0001";"NE_0001";"NE_0001";"NE_0001"
"2023";"03";"050911";"AYACUCHO";"SUCRE";"SORAS";"GOBIERNO REGIONAL";"I-3";"00003818";"CENTRO DE SALUD SORAS";"241600";"HOSPITALIZACIÓN QUIRÚRGICA OBSTETRICIA   ";"1";"1";"1";"1";"2";"3";"0"
"2023";"03";"050902";"AYACUCHO";"SUCRE";"BELEN";"GOBIERNO REGIONAL";"I-1";"00003803";"PUESTO DE SALUD BELEN";"NE_0001";"";"NE_0001";"NE_0001";"NE_0001";"NE_0001";"NE_0001";"NE_0001";"NE_0001"
"2023";"03";"050909";"AYACUCHO";"SUCRE";"SAN SALVADOR DE QUIJE";"GOBIERNO REGIONAL";"I-1";"00003807";"PUESTO DE SALUD SANTIAGO DE PALLCCA";"NE_0001";"";"NE_0001";"NE_0001";"NE_0001";"NE_0001";"NE_0001";"NE_0001";"NE_0001"
"2023";"03";"050903";"AYACUCHO";"SUCRE";"CHALCOS";"GOBIERNO REGIONAL";"I-1";"00003804";"PUESTO DE SALUD CHALCOS";"NE_0001";"";"NE_0001";"NE_0001";"NE_0001";"NE_0001";"NE_0001";"NE_0001";"NE_0001"
"2023";"03";"050908";"AYACUCHO";"SUCRE";"SAN PEDRO DE LARCAY";"GOBIERNO REGIONAL";"I-2";"00003815";"SAN PEDRO DE LARCAY";"NE_0001";"";"NE_0001";"NE_0001";"NE_0001";"NE_0001";"NE_0001";"NE_0001";"NE_0001"
"2023";"03";"050910";"AYACUCHO";"SUCRE";"SANTIAGO DE PAUCARAY";"GOBIERNO REGIONAL";"I-1";"00003817";"PUESTO DE SALUD ATIHUARA";"NE_0001";"";"NE_0001";"NE_0001";"NE_0001";"NE_0001";"NE_0001";"NE_0001";"NE_0001"
"2023";"03";"050909";"AYACUCHO";"SUCRE";"SAN SALVADOR DE QUIJE";"GOBIERNO REGIONAL";"I-1";"00006900";"PUESTO DE SALUD VISTA ALEGRE - SUCRE";"NE_0001";"";"NE_0001";"NE_0001";"NE_0001";"NE_0001";"NE_0001";"NE_0001";"NE_0001"
"2023";"03";"150122";"LIMA";"LIMA";"MIRAFLORES";"PRIVADO";"III-2";"00008956";"CLINICA DEL INCA";"240000";"HOSPITALIZACIÓN";"1";"2";"6";"3";"14";"434";"0"
"2023";"03";"150122";"LIMA";"LIMA";"MIRAFLORES";"PRIVADO";"III-2";"00008956";"CLINICA DEL INCA";"250100";"UNIDAD DE CUIDADOS CRITICOS UNIDAD  DE CUIDADOS INTENSIVOS GENERALES (UCI) ";"1";"0";"0";"28";"5";"155";"0"
"2023";"03";"140101";"LAMBAYEQUE";"CHICLAYO";"CHICLAYO";"SANIDAD DE LA POLICIA NACIONAL DEL PERU";"I-4";"00011833";"HOSPITAL REGIONAL POLICIAL CHICLAYO";"241600";"HOSPITALIZACIÓN QUIRÚRGICA OBSTETRICIA   ";"8";"8";"11";"12";"3";"93";"0"
"2023";"03";"140101";"LAMBAYEQUE";"CHICLAYO";"CHICLAYO";"SANIDAD DE LA POLICIA NACIONAL DEL PERU";"I-4";"00011833";"HOSPITAL REGIONAL POLICIAL CHICLAYO";"241800";"HOSPITALIZACIÓN DE MEDICINA MEDICINA GENERAL ";"50";"53";"237";"208";"16";"496";"8"
"2023";"03";"250101";"UCAYALI";"CORONEL PORTILLO";"CALLERIA";"SANIDAD DE LA POLICIA NACIONAL DEL PERU";"I-3";"00010148";"POLICLINICO POLICIAL PUCALLPA";"NE_0001";"";"NE_0001";"NE_0001";"NE_0001";"NE_0001";"NE_0001";"NE_0001";"NE_0001"
"2023";"01";"060101";"CAJAMARCA";"CAJAMARCA";"CAJAMARCA";"PRIVADO";"I-3";"00010487";"MARIA BELEN SRL";"NE_0001";"";"NE_0001";"NE_0001";"NE_0001";"NE_0001";"NE_0001";"NE_0001";"NE_0001"
"2023";"01";"120706";"JUNIN";"TARMA";"PALCA";"GOBIERNO REGIONAL";"I-1";"00000572";"LLACSACACA";"NE_0001";"";"NE_0001";"NE_0001";"NE_0001";"NE_0001";"NE_0001";"NE_0001";"NE_0001"
"2023";"01";"120706";"JUNIN";"TARMA";"PALCA";"GOBIERNO REGIONAL";"I-1";"00000573";"CHIPOCAYO";"NE_0001";"";"NE_0001";"NE_0001";"NE_0001";"NE_0001";"NE_0001";"NE_0001";"NE_0001"
"2023";"01";"120706";"JUNIN";"TARMA";"PALCA";"GOBIERNO REGIONAL";"I-3";"00000569";"PALCA";"NE_0001";"";"NE_0001";"NE_0001";"NE_0001";"NE_0001";"NE_0001";"NE_0001";"NE_0001"
"2023";"01";"120706";"JUNIN";"TARMA";"PALCA";"GOBIERNO REGIONAL";"I-1";"00000574";"YAROCA";"NE_0001";"";"NE_0001";"NE_0001";"NE_0001";"NE_0001";"NE_0001";"NE_0001";"NE_0001"
"2023";"01";"010401";"AMAZONAS";"CONDORCANQUI";"NIEVA";"GOBIERNO REGIONAL";"II-1";"00005145";"SANTA MARIA DE NIEVA";"240100";"HOSPITALIZACIÓN QUIRÚRGICA CIRUGÍA GENERAL ";"13";"13";"40";"4";"2";"10";"0"
"2023";"01";"010401";"AMAZONAS";"CONDORCANQUI";"NIEVA";"GOBIERNO REGIONAL";"II-1";"00005145";"SANTA MARIA DE NIEVA";"241400";"HOSPITALIZACIÓN QUIRÚRGICA GINECO - OBSTETRICIA ";"36";"37";"95";"8";"12";"20";"0"
"2023";"01";"010401";"AMAZONAS";"CONDORCANQUI";"NIEVA";"GOBIERNO REGIONAL";"II-1";"00005145";"SANTA MARIA DE NIEVA";"241800";"HOSPITALIZACIÓN DE MEDICINA MEDICINA GENERAL ";"37";"41";"137";"9";"8";"30";"0"
"2023";"01";"010401";"AMAZONAS";"CONDORCANQUI";"NIEVA";"GOBIERNO REGIONAL";"II-1";"00005145";"SANTA MARIA DE NIEVA";"242500";"HOSPITALIZACIÓN-PEDIATRÍA GENERAL-";"20";"20";"61";"4";"2";"10";"0"
"2023";"01";"070103";"CALLAO";"CALLAO";"CARMEN DE LA LEGUA-REYNOSO";"GOBIERNO REGIONAL";"II-2";"00006219";"HOSPITAL SAN JOSE";"241800";"HOSPITALIZACIÓN DE MEDICINA MEDICINA GENERAL ";"78";"78";"522";"455";"25";"775";"2"
"2023";"01";"070103";"CALLAO";"CALLAO";"CARMEN DE LA LEGUA-REYNOSO";"GOBIERNO REGIONAL";"II-2";"00006219";"HOSPITAL SAN JOSE";"241600";"HOSPITALIZACIÓN QUIRÚRGICA OBSTETRICIA   ";"164";"159";"418";"417";"17";"527";"0"
"2023";"01";"070103";"CALLAO";"CALLAO";"CARMEN DE LA LEGUA-REYNOSO";"GOBIERNO REGIONAL";"II-2";"00006219";"HOSPITAL SAN JOSE";"240100";"HOSPITALIZACIÓN QUIRÚRGICA CIRUGÍA GENERAL ";"105";"98";"309";"305";"11";"341";"0"
"2023";"01";"070103";"CALLAO";"CALLAO";"CARMEN DE LA LEGUA-REYNOSO";"GOBIERNO REGIONAL";"II-2";"00006219";"HOSPITAL SAN JOSE";"242500";"HOSPITALIZACIÓN-PEDIATRÍA GENERAL-";"12";"13";"89";"83";"4";"124";"0"
"2023";"01";"070103";"CALLAO";"CALLAO";"CARMEN DE LA LEGUA-REYNOSO";"GOBIERNO REGIONAL";"II-2";"00006219";"HOSPITAL SAN JOSE";"243200";"HOSPITALIZACIÓN DE PEDIATRÍA PEDIATRIA NEONATOLOGÍA";"13";"18";"84";"75";"9";"279";"0"
"2023";"01";"070103";"CALLAO";"CALLAO";"CARMEN DE LA LEGUA-REYNOSO";"GOBIERNO REGIONAL";"II-2";"00006219";"HOSPITAL SAN JOSE";"241500";"HOSPITALIZACIÓN QUIRÚRGICA GINECOLOGÍA  ";"39";"38";"156";"148";"6";"186";"0"
"2023";"01";"150113";"LIMA";"LIMA";"JESUS MARIA";"PRIVADO";"II-E";"00014181";"CLINICA SERVISALUD";"240000";"HOSPITALIZACIÓN";"129";"126";"174";"173";"9";"279";"0"
"2023";"01";"120708";"JUNIN";"TARMA";"SAN PEDRO DE CAJAS";"GOBIERNO REGIONAL";"I-1";"00000535";"SAN JOSE DE CAYASH";"NE_0001";"";"NE_0001";"NE_0001";"NE_0001";"NE_0001";"NE_0001";"NE_0001";"NE_0001"
"2023";"01";"120708";"JUNIN";"TARMA";"SAN PEDRO DE CAJAS";"GOBIERNO REGIONAL";"I-1";"00010344";"PURHUARACRA";"NE_0001";"";"NE_0001";"NE_0001";"NE_0001";"NE_0001";"NE_0001";"NE_0001";"NE_0001"
"2023";"01";"120708";"JUNIN";"TARMA";"SAN PEDRO DE CAJAS";"GOBIERNO REGIONAL";"I-3";"00000534";"SAN PEDRO DE CAJAS";"NE_0001";"";"NE_0001";"NE_0001";"NE_0001";"NE_0001";"NE_0001";"NE_0001";"NE_0001"
"2023";"01";"221001";"SAN MARTIN";"TOCACHE";"TOCACHE";"GOBIERNO REGIONAL";"II-1";"00006580";"HOSPITAL II-1 ""DR. JOSE PEÑA PORTUGUEZ "" - TOCACHE";"240100";"HOSPITALIZACIÓN QUIRÚRGICA CIRUGÍA GENERAL ";"55";"58";"144";"144";"10";"310";"0"
"2023";"01";"221001";"SAN MARTIN";"TOCACHE";"TOCACHE";"GOBIERNO REGIONAL";"II-1";"00006580";"HOSPITAL II-1 ""DR. JOSE PEÑA PORTUGUEZ "" - TOCACHE";"241400";"HOSPITALIZACIÓN QUIRÚRGICA GINECO - OBSTETRICIA ";"70";"74";"165";"165";"7";"217";"1"
"2023";"01";"221001";"SAN MARTIN";"TOCACHE";"TOCACHE";"GOBIERNO REGIONAL";"II-1";"00006580";"HOSPITAL II-1 ""DR. JOSE PEÑA PORTUGUEZ "" - TOCACHE";"241600";"HOSPITALIZACIÓN QUIRÚRGICA OBSTETRICIA   ";"80";"81";"117";"147";"11";"341";"0"
"2023";"01";"221001";"SAN MARTIN";"TOCACHE";"TOCACHE";"GOBIERNO REGIONAL";"II-1";"00006580";"HOSPITAL II-1 ""DR. JOSE PEÑA PORTUGUEZ "" - TOCACHE";"241800";"HOSPITALIZACIÓN DE MEDICINA MEDICINA GENERAL ";"41";"48";"320";"320";"12";"372";"4"
"2023";"01";"221001";"SAN MARTIN";"TOCACHE";"TOCACHE";"GOBIERNO REGIONAL";"II-1";"00006580";"HOSPITAL II-1 ""DR. JOSE PEÑA PORTUGUEZ "" - TOCACHE";"242500";"HOSPITALIZACIÓN-PEDIATRÍA GENERAL-";"11";"14";"50";"50";"5";"155";"0"
"2023";"01";"221001";"SAN MARTIN";"TOCACHE";"TOCACHE";"GOBIERNO REGIONAL";"II-1";"00006580";"HOSPITAL II-1 ""DR. JOSE PEÑA PORTUGUEZ "" - TOCACHE";"243200";"HOSPITALIZACIÓN DE PEDIATRÍA PEDIATRIA NEONATOLOGÍA";"29";"30";"56";"154";"15";"465";"1"
"2023";"01";"120114";"JUNIN";"HUANCAYO";"EL TAMBO";"PRIVADO";"II-E";"00010250";"CLINICA OFTALMOLOGICA DEL CENTRO DEL PERU";"NE_0002";"";"NE_0002";"NE_0002";"NE_0002";"NE_0002";"NE_0002";"NE_0002";"NE_0002"
"2023";"01";"040103";"AREQUIPA";"AREQUIPA";"CAYMA";"GOBIERNO REGIONAL";"I-2";"00001244";"PUESTO DE SALUD LA TOMILLA";"NE_0001";"";"NE_0001";"NE_0001";"NE_0001";"NE_0001";"NE_0001";"NE_0001";"NE_0001"
"2023";"01";"040103";"AREQUIPA";"AREQUIPA";"CAYMA";"GOBIERNO REGIONAL";"I-3";"00001234";"CENTRO DE SALUD FRANCISCO BOLOGNESI";"NE_0001";"";"NE_0001";"NE_0001";"NE_0001";"NE_0001";"NE_0001";"NE_0001";"NE_0001"
"2023";"01";"040103";"AREQUIPA";"AREQUIPA";"CAYMA";"GOBIERNO REGIONAL";"I-3";"00006890";"PUESTO DE SALUD RAFAEL BELAUNDE";"NE_0001";"";"NE_0001";"NE_0001";"NE_0001";"NE_0001";"NE_0001";"NE_0001";"NE_0001"
"2023";"01";"040103";"AREQUIPA";"AREQUIPA";"CAYMA";"GOBIERNO REGIONAL";"I-3";"00027464";"CENTRO DE SALUD MENTAL COMUNITARIO CAYMA";"NE_0001";"";"NE_0001";"NE_0001";"NE_0001";"NE_0001";"NE_0001";"NE_0001";"NE_0001"
"2023";"01";"080902";"CUSCO";"LA CONVENCION";"ECHARATE";"GOBIERNO REGIONAL";"I-2";"00002440";"PANGOA";"NE_0001";"";"NE_0001";"NE_0001";"NE_0001";"NE_0001";"NE_0001";"NE_0001";"NE_0001"
"2023";"01";"080902";"CUSCO";"LA CONVENCION";"ECHARATE";"GOBIERNO REGIONAL";"I-2";"00002431";"IVOCHOTE";"NE_0001";"";"NE_0001";"NE_0001";"NE_0001";"NE_0001";"NE_0001";"NE_0001";"NE_0001"
"2023";"01";"080902";"CUSCO";"LA CONVENCION";"ECHARATE";"GOBIERNO REGIONAL";"I-3";"00002432";"KEPASHIATO";"NE_0001";"";"NE_0001";"NE_0001";"NE_0001";"NE_0001";"NE_0001";"NE_0001";"NE_0001"
"2023";"01";"080909";"CUSCO";"LA CONVENCION";"VILCABAMBA";"GOBIERNO REGIONAL";"I-1";"00002493";"SELVA ALEGRE";"NE_0001";"";"NE_0001";"NE_0001";"NE_0001";"NE_0001";"NE_0001";"NE_0001";"NE_0001"
"2023";"01";"080902";"CUSCO";"LA CONVENCION";"ECHARATE";"GOBIERNO REGIONAL";"I-4";"00002427";"KITENI";"NE_0001";"";"NE_0001";"NE_0001";"NE_0001";"NE_0001";"NE_0001";"NE_0001";"NE_0001"
"2023";"01";"080902";"CUSCO";"LA CONVENCION";"ECHARATE";"GOBIERNO REGIONAL";"I-1";"00002443";"SANIRIATO";"NE_0001";"";"NE_0001";"NE_0001";"NE_0001";"NE_0001";"NE_0001";"NE_0001";"NE_0001"
"2023";"01";"080909";"CUSCO";"LA CONVENCION";"VILCABAMBA";"GOBIERNO REGIONAL";"I-2";"00002489";"YUVENI";"NE_0001";"";"NE_0001";"NE_0001";"NE_0001";"NE_0001";"NE_0001";"NE_0001";"NE_0001"
"2023";"01";"080902";"CUSCO";"LA CONVENCION";"ECHARATE";"GOBIERNO REGIONAL";"I-1";"00013068";"TRIO RIO";"NE_0001";"";"NE_0001";"NE_0001";"NE_0001";"NE_0001";"NE_0001";"NE_0001";"NE_0001"
"2023";"01";"080902";"CUSCO";"LA CONVENCION";"ECHARATE";"GOBIERNO REGIONAL";"I-2";"00002434";"MATERIATO";"NE_0001";"";"NE_0001";"NE_0001";"NE_0001";"NE_0001";"NE_0001";"NE_0001";"NE_0001"
"2023";"01";"080902";"CUSCO";"LA CONVENCION";"ECHARATE";"GOBIERNO REGIONAL";"I-1";"00002438";"PACHIRI";"NE_0001";"";"NE_0001";"NE_0001";"NE_0001";"NE_0001";"NE_0001";"NE_0001";"NE_0001"
"2023";"01";"080909";"CUSCO";"LA CONVENCION";"VILCABAMBA";"GOBIERNO REGIONAL";"I-1";"00006976";"CHONTABAMBA";"NE_0001";"";"NE_0001";"NE_0001";"NE_0001";"NE_0001";"NE_0001";"NE_0001";"NE_0001"
"2023";"01";"080902";"CUSCO";"LA CONVENCION";"ECHARATE";"GOBIERNO REGIONAL";"I-2";"00002447";"KAMANQUIRIATO";"NE_0001";"";"NE_0001";"NE_0001";"NE_0001";"NE_0001";"NE_0001";"NE_0001";"NE_0001"
"2023";"01";"080902";"CUSCO";"LA CONVENCION";"ECHARATE";"GOBIERNO REGIONAL";"I-1";"00013069";"PUGUIENTIMARI";"NE_0001";"";"NE_0001";"NE_0001";"NE_0001";"NE_0001";"NE_0001";"NE_0001";"NE_0001"
"2023";"01";"080910";"CUSCO";"LA CONVENCION";"PICHARI";"GOBIERNO REGIONAL";"I-2";"00007113";"NATIVIDAD";"NE_0001";"";"NE_0001";"NE_0001";"NE_0001";"NE_0001";"NE_0001";"NE_0001";"NE_0001"
"2023";"01";"080910";"CUSCO";"LA CONVENCION";"PICHARI";"GOBIERNO REGIONAL";"I-2";"00002498";"PUERTO MAYO";"NE_0001";"";"NE_0001";"NE_0001";"NE_0001";"NE_0001";"NE_0001";"NE_0001";"NE_0001"
"2023";"01";"080910";"CUSCO";"LA CONVENCION";"PICHARI";"GOBIERNO REGIONAL";"I-4";"00002494";"PICHARI";"NE_0001";"";"NE_0001";"NE_0001";"NE_0001";"NE_0001";"NE_0001";"NE_0001";"NE_0001"
"2023";"01";"070106";"CALLAO";"CALLAO";"VENTANILLA";"GOBIERNO REGIONAL";"II-1";"00007126";"HOSPITAL DE VENTANILLA";"241800";"HOSPITALIZACIÓN DE MEDICINA MEDICINA GENERAL ";"55";"51";"251";"270";"25";"775";"1"
"2023";"01";"070106";"CALLAO";"CALLAO";"VENTANILLA";"GOBIERNO REGIONAL";"II-1";"00007126";"HOSPITAL DE VENTANILLA";"242500";"HOSPITALIZACIÓN-PEDIATRÍA GENERAL-";"52";"49";"137";"148";"9";"279";"0"
"2023";"01";"070106";"CALLAO";"CALLAO";"VENTANILLA";"GOBIERNO REGIONAL";"II-1";"00007126";"HOSPITAL DE VENTANILLA";"240100";"HOSPITALIZACIÓN QUIRÚRGICA CIRUGÍA GENERAL ";"120";"111";"216";"367";"17";"527";"0"
"2023";"01";"070106";"CALLAO";"CALLAO";"VENTANILLA";"GOBIERNO REGIONAL";"II-1";"00007126";"HOSPITAL DE VENTANILLA";"241600";"HOSPITALIZACIÓN QUIRÚRGICA OBSTETRICIA   ";"175";"171";"233";"246";"21";"651";"0"
"2023";"01";"070106";"CALLAO";"CALLAO";"VENTANILLA";"GOBIERNO REGIONAL";"II-1";"00007126";"HOSPITAL DE VENTANILLA";"241500";"HOSPITALIZACIÓN QUIRÚRGICA GINECOLOGÍA  ";"79";"74";"79";"138";"6";"186";"0"
"2023";"01";"070106";"CALLAO";"CALLAO";"VENTANILLA";"GOBIERNO REGIONAL";"II-1";"00007126";"HOSPITAL DE VENTANILLA";"243200";"HOSPITALIZACIÓN DE PEDIATRÍA PEDIATRIA NEONATOLOGÍA";"27";"23";"60";"65";"12";"372";"0"
"2023";"02";"220501";"SAN MARTIN";"LAMAS";"LAMAS";"GOBIERNO REGIONAL";"II-E";"00006352";"HOSPITAL II-E LAMAS";"241600";"HOSPITALIZACIÓN QUIRÚRGICA OBSTETRICIA   ";"11";"13";"16";"16";"6";"168";"0"
"2023";"02";"220501";"SAN MARTIN";"LAMAS";"LAMAS";"GOBIERNO REGIONAL";"II-E";"00006352";"HOSPITAL II-E LAMAS";"241800";"HOSPITALIZACIÓN DE MEDICINA MEDICINA GENERAL ";"38";"41";"149";"149";"14";"448";"2"
"2023";"02";"070106";"CALLAO";"CALLAO";"VENTANILLA";"SANIDAD DE LA POLICIA NACIONAL DEL PERU";"I-2";"00010573";"POSTA MEDICA POLICIAL VENTANILLA";"NE_0001";"";"NE_0001";"NE_0001";"NE_0001";"NE_0001";"NE_0001";"NE_0001";"NE_0001"
"2023";"02";"080901";"CUSCO";"LA CONVENCION";"SANTA ANA";"SANIDAD DE LA POLICIA NACIONAL DEL PERU";"I-2";"00011744";"POSTA MEDICO POLICIAL LA CONVENCION - QUILLABAMBA";"NE_0001";"";"NE_0001";"NE_0001";"NE_0001";"NE_0001";"NE_0001";"NE_0001";"NE_0001"
"2023";"02";"150114";"LIMA";"LIMA";"LA MOLINA";"PRIVADO";"I-2";"00009093";"ARIE";"NE_0002";"";"NE_0002";"NE_0002";"NE_0002";"NE_0002";"NE_0002";"NE_0002";"NE_0002"
"2023";"02";"080105";"CUSCO";"CUSCO";"SAN SEBASTIAN";"SANIDAD DE LA POLICIA NACIONAL DEL PERU";"I-3";"00011743";"POLICIAL ""SANTA ROSA""  CUSCO";"NE_0001";"";"NE_0001";"NE_0001";"NE_0001";"NE_0001";"NE_0001";"NE_0001";"NE_0001"
"2023";"02";"040704";"AREQUIPA";"ISLAY";"ISLAY";"ESSALUD";"I-2";"00012192";"POSTA MEDICA MATARANI";"NE_0002";"";"NE_0002";"NE_0002";"NE_0002";"NE_0002";"NE_0002";"NE_0002";"NE_0002"
"2023";"02";"081207";"CUSCO";"QUISPICANCHI";"HUARO";"SANIDAD DE LA POLICIA NACIONAL DEL PERU";"I-2";"00011747";"POSTA MEDICA POLICIAL PUCUTO";"NE_0001";"";"NE_0001";"NE_0001";"NE_0001";"NE_0001";"NE_0001";"NE_0001";"NE_0001"
"2023";"02";"120101";"JUNIN";"HUANCAYO";"HUANCAYO";"GOBIERNO REGIONAL";"I-2";"00000732";"SAN FRANCISCO";"NE_0001";"";"NE_0001";"NE_0001";"NE_0001";"NE_0001";"NE_0001";"NE_0001";"NE_0001"
"2023";"02";"120101";"JUNIN";"HUANCAYO";"HUANCAYO";"GOBIERNO REGIONAL";"I-4";"00000727";"LA LIBERTAD";"241400";"HOSPITALIZACIÓN QUIRÚRGICA GINECO - OBSTETRICIA ";"27";"29";"35";"2";"6";"13";"0"
"2023";"02";"090312";"HUANCAVELICA";"ANGARAES";"SECCLLA";"GOBIERNO REGIONAL";"I-1";"00003970";"QUISPICANCHA";"NE_0001";"";"NE_0001";"NE_0001";"NE_0001";"NE_0001";"NE_0001";"NE_0001";"NE_0001"
"2023";"02";"090301";"HUANCAVELICA";"ANGARAES";"LIRCAY";"GOBIERNO REGIONAL";"I-1";"00011769";"YANAUTUTO";"NE_0001";"";"NE_0001";"NE_0001";"NE_0001";"NE_0001";"NE_0001";"NE_0001";"NE_0001"
"2023";"02";"090303";"HUANCAVELICA";"ANGARAES";"CALLANMARCA";"GOBIERNO REGIONAL";"I-1";"00003952";"CALLANMARCA";"NE_0001";"";"NE_0001";"NE_0001";"NE_0001";"NE_0001";"NE_0001";"NE_0001";"NE_0001"
"2023";"02";"090304";"HUANCAVELICA";"ANGARAES";"CCOCHACCASA";"GOBIERNO REGIONAL";"I-1";"00003957";"CCASCCABAMBA";"NE_0001";"";"NE_0001";"NE_0001";"NE_0001";"NE_0001";"NE_0001";"NE_0001";"NE_0001"
"2023";"02";"090302";"HUANCAVELICA";"ANGARAES";"ANCHONGA";"GOBIERNO REGIONAL";"I-3";"00003959";"PARCO ALTO";"NE_0002";"";"NE_0002";"NE_0002";"NE_0002";"NE_0002";"NE_0002";"NE_0002";"NE_0002"
"2023";"02";"090306";"HUANCAVELICA";"ANGARAES";"CONGALLA";"GOBIERNO REGIONAL";"I-2";"00003972";"CONGALLA";"NE_0001";"";"NE_0001";"NE_0001";"NE_0001";"NE_0001";"NE_0001";"NE_0001";"NE_0001"
"2023";"02";"090301";"HUANCAVELICA";"ANGARAES";"LIRCAY";"GOBIERNO REGIONAL";"I-1";"00007384";"SAN JUAN DE AHUAY";"NE_0001";"";"NE_0001";"NE_0001";"NE_0001";"NE_0001";"NE_0001";"NE_0001";"NE_0001"
"2023";"02";"090301";"HUANCAVELICA";"ANGARAES";"LIRCAY";"GOBIERNO REGIONAL";"I-2";"00007385";"SAN JUAN DE DIOS DE CCOLLPAPAMPA";"NE_0001";"";"NE_0001";"NE_0001";"NE_0001";"NE_0001";"NE_0001";"NE_0001";"NE_0001"
"2023";"02";"090311";"HUANCAVELICA";"ANGARAES";"SANTO TOMAS DE PATA";"GOBIERNO REGIONAL";"I-1";"00011768";"CUTICSA";"NE_0001";"";"NE_0001";"NE_0001";"NE_0001";"NE_0001";"NE_0001";"NE_0001";"NE_0001"
"2023";"02";"090302";"HUANCAVELICA";"ANGARAES";"ANCHONGA";"GOBIERNO REGIONAL";"I-2";"00003960";"TUCO";"NE_0001";"";"NE_0001";"NE_0001";"NE_0001";"NE_0001";"NE_0001";"NE_0001";"NE_0001"
"2023";"02";"090309";"HUANCAVELICA";"ANGARAES";"JULCAMARCA";"GOBIERNO REGIONAL";"I-3";"00003962";"JULCAMARCA";"NE_0002";"";"NE_0002";"NE_0002";"NE_0002";"NE_0002";"NE_0002";"NE_0002";"NE_0002"
"2023";"02";"090310";"HUANCAVELICA";"ANGARAES";"SAN ANTONIO DE ANTAPARCO";"GOBIERNO REGIONAL";"I-1";"00003965";"SAN ANTONIO DE ANTAPARCO";"NE_0001";"";"NE_0001";"NE_0001";"NE_0001";"NE_0001";"NE_0001";"NE_0001";"NE_0001"
"2023";"02";"090312";"HUANCAVELICA";"ANGARAES";"SECCLLA";"GOBIERNO REGIONAL";"I-1";"00003971";"TRANCA";"NE_0001";"";"NE_0001";"NE_0001";"NE_0001";"NE_0001";"NE_0001";"NE_0001";"NE_0001"
"2023";"02";"090302";"HUANCAVELICA";"ANGARAES";"ANCHONGA";"GOBIERNO REGIONAL";"I-3";"00006901";"BUENOS AIRES DE PARCO CHACAPUNCU";"NE_0001";"";"NE_0001";"NE_0001";"NE_0001";"NE_0001";"NE_0001";"NE_0001";"NE_0001"
"2023";"02";"090304";"HUANCAVELICA";"ANGARAES";"CCOCHACCASA";"GOBIERNO REGIONAL";"I-1";"00003956";"SAN PEDRO DE MIMOSA";"NE_0001";"";"NE_0001";"NE_0001";"NE_0001";"NE_0001";"NE_0001";"NE_0001";"NE_0001"
"2023";"02";"090301";"HUANCAVELICA";"ANGARAES";"LIRCAY";"GOBIERNO REGIONAL";"I-1";"00007290";"PERCAPAMPA";"NE_0001";"";"NE_0001";"NE_0001";"NE_0001";"NE_0001";"NE_0001";"NE_0001";"NE_0001"
"2023";"02";"090305";"HUANCAVELICA";"ANGARAES";"CHINCHO";"GOBIERNO REGIONAL";"I-1";"00011787";"LLAMOCCTACHI";"NE_0001";"";"NE_0001";"NE_0001";"NE_0001";"NE_0001";"NE_0001";"NE_0001";"NE_0001"
"2023";"02";"090301";"HUANCAVELICA";"ANGARAES";"LIRCAY";"GOBIERNO REGIONAL";"I-3";"00028484";"CENTRO DE SALUD MENTAL COMUNITARIO ANGARAES";"NE_0002";"";"NE_0002";"NE_0002";"NE_0002";"NE_0002";"NE_0002";"NE_0002";"NE_0002"
"2023";"02";"090301";"HUANCAVELICA";"ANGARAES";"LIRCAY";"GOBIERNO REGIONAL";"I-2";"00003945";"CARHUAPATA";"NE_0001";"";"NE_0001";"NE_0001";"NE_0001";"NE_0001";"NE_0001";"NE_0001";"NE_0001"
"2023";"01";"100101";"HUANUCO";"HUANUCO";"HUANUCO";"GOBIERNO REGIONAL";"II-2";"00000754";"HOSPITAL REGIONAL HERMILIO VALDIZAN";"242500";"HOSPITALIZACIÓN-PEDIATRÍA GENERAL-";"42";"73";"456";"73";"60";"120";"0"
"2023";"01";"100101";"HUANUCO";"HUANUCO";"HUANUCO";"GOBIERNO REGIONAL";"II-2";"00000754";"HOSPITAL REGIONAL HERMILIO VALDIZAN";"241900";"HOSPITALIZACIÓN DE MEDICINA MEDICINA INTERNA ";"80";"137";"30";"20";"40";"140";"4"
"2023";"01";"100101";"HUANUCO";"HUANUCO";"HUANUCO";"GOBIERNO REGIONAL";"II-2";"00000754";"HOSPITAL REGIONAL HERMILIO VALDIZAN";"240100";"HOSPITALIZACIÓN QUIRÚRGICA CIRUGÍA GENERAL ";"60";"117";"45";"30";"30";"110";"0"
"2023";"01";"100101";"HUANUCO";"HUANUCO";"HUANUCO";"GOBIERNO REGIONAL";"II-2";"00000754";"HOSPITAL REGIONAL HERMILIO VALDIZAN";"250100";"UNIDAD DE CUIDADOS CRITICOS UNIDAD  DE CUIDADOS INTENSIVOS GENERALES (UCI) ";"5";"10";"89";"10";"4";"93";"1"
"2023";"01";"100101";"HUANUCO";"HUANUCO";"HUANUCO";"GOBIERNO REGIONAL";"II-2";"00000754";"HOSPITAL REGIONAL HERMILIO VALDIZAN";"241400";"HOSPITALIZACIÓN QUIRÚRGICA GINECO - OBSTETRICIA ";"105";"143";"60";"63";"20";"145";"0"
"2023";"01";"100101";"HUANUCO";"HUANUCO";"HUANUCO";"GOBIERNO REGIONAL";"II-2";"00000754";"HOSPITAL REGIONAL HERMILIO VALDIZAN";"243200";"HOSPITALIZACIÓN DE PEDIATRÍA PEDIATRIA NEONATOLOGÍA";"55";"85";"60";"35";"23";"90";"0"
"2023";"01";"100101";"HUANUCO";"HUANUCO";"HUANUCO";"GOBIERNO REGIONAL";"II-2";"00000754";"HOSPITAL REGIONAL HERMILIO VALDIZAN";"241500";"HOSPITALIZACIÓN QUIRÚRGICA GINECOLOGÍA  ";"6";"12";"20";"12";"8";"92";"0"
"2023";"01";"150141";"LIMA";"LIMA";"SURQUILLO";"MINSA";"III-2";"00006210";"INSTITUTO NACIONAL DE ENFERMEDADES NEOPLASICAS";"241000";"HOSPITALIZACIÓN QUIRÚRGICA ONCOLOGÍA QUIRÚRGICA  ";"303";"330";"3080";"3080";"189";"5549";"1"
"2023";"01";"150141";"LIMA";"LIMA";"SURQUILLO";"MINSA";"III-2";"00006210";"INSTITUTO NACIONAL DE ENFERMEDADES NEOPLASICAS";"241700";"HOSPITALIZACIÓN QUIRÚRGICA GINECOLOGÍA   GINECOLOGIA ONCOLOGiCA";"37";"41";"326";"326";"19";"620";"1"
"2023";"01";"150141";"LIMA";"LIMA";"SURQUILLO";"MINSA";"III-2";"00006210";"INSTITUTO NACIONAL DE ENFERMEDADES NEOPLASICAS";"250000";"UNIDAD DE CUIDADOS CRITICOS  ";"0";"10";"287";"287";"9";"1178";"10"
"2023";"01";"150141";"LIMA";"LIMA";"SURQUILLO";"MINSA";"III-2";"00006210";"INSTITUTO NACIONAL DE ENFERMEDADES NEOPLASICAS";"242100";"HOSPITALIZACIÓN DE MEDICINA ONCOLOGÍA MÉDICA ";"207";"247";"3337";"3337";"163";"5673";"6"
"2023";"01";"150141";"LIMA";"LIMA";"SURQUILLO";"MINSA";"III-2";"00006210";"INSTITUTO NACIONAL DE ENFERMEDADES NEOPLASICAS";"243600";"HOSPITALIZACIÓN DE PEDIATRÍA PEDIATRIA ONCOLOGÍA PEDIÁTRICA";"7";"44";"2006";"2006";"43";"2953";"0"
"2023";"02";"090208";"HUANCAVELICA";"ACOBAMBA";"ROSARIO";"GOBIERNO REGIONAL";"I-3";"00003938";"CENTRO DE SALUD PUCA CRUZ";"NE_0001";"";"NE_0001";"NE_0001";"NE_0001";"NE_0001";"NE_0001";"NE_0001";"NE_0001"
"2023";"02";"090208";"HUANCAVELICA";"ACOBAMBA";"ROSARIO";"GOBIERNO REGIONAL";"I-2";"00003942";"PUESTO DE SALUD CHANQUIL";"NE_0001";"";"NE_0001";"NE_0001";"NE_0001";"NE_0001";"NE_0001";"NE_0001";"NE_0001"
"2023";"02";"090208";"HUANCAVELICA";"ACOBAMBA";"ROSARIO";"GOBIERNO REGIONAL";"I-1";"00007418";"PUESTO DE SALUD DE LECCLESPAMPA";"NE_0001";"";"NE_0001";"NE_0001";"NE_0001";"NE_0001";"NE_0001";"NE_0001";"NE_0001"
"2023";"02";"090208";"HUANCAVELICA";"ACOBAMBA";"ROSARIO";"GOBIERNO REGIONAL";"I-1";"00009693";"PUESTO DE SALUD DE PUNCHAYPAMPA";"NE_0001";"";"NE_0001";"NE_0001";"NE_0001";"NE_0001";"NE_0001";"NE_0001";"NE_0001"
"2023";"02";"090208";"HUANCAVELICA";"ACOBAMBA";"ROSARIO";"GOBIERNO REGIONAL";"I-1";"00009706";"PUESTO DE SALUD TORORUMI";"NE_0001";"";"NE_0001";"NE_0001";"NE_0001";"NE_0001";"NE_0001";"NE_0001";"NE_0001"
"2023";"02";"090208";"HUANCAVELICA";"ACOBAMBA";"ROSARIO";"GOBIERNO REGIONAL";"I-1";"00011231";"PUESTO DE SALUD  SANTA ROSA DE ACCOMACHAY";"NE_0001";"";"NE_0001";"NE_0001";"NE_0001";"NE_0001";"NE_0001";"NE_0001";"NE_0001"
"2023";"02";"090208";"HUANCAVELICA";"ACOBAMBA";"ROSARIO";"GOBIERNO REGIONAL";"I-1";"00009503";"PUESTO DE SALUD DE VILLA MANTARO";"NE_0001";"";"NE_0001";"NE_0001";"NE_0001";"NE_0001";"NE_0001";"NE_0001";"NE_0001"
"2023";"02";"090208";"HUANCAVELICA";"ACOBAMBA";"ROSARIO";"GOBIERNO REGIONAL";"I-1";"00007372";"PUESTO DE SALUD LLIPLLINA";"NE_0001";"";"NE_0001";"NE_0001";"NE_0001";"NE_0001";"NE_0001";"NE_0001";"NE_0001"
"2023";"02";"090208";"HUANCAVELICA";"ACOBAMBA";"ROSARIO";"GOBIERNO REGIONAL";"I-2";"00003937";"PUESTO DE SALUD ROSARIO";"NE_0001";"";"NE_0001";"NE_0001";"NE_0001";"NE_0001";"NE_0001";"NE_0001";"NE_0001"
"2023";"02";"090208";"HUANCAVELICA";"ACOBAMBA";"ROSARIO";"GOBIERNO REGIONAL";"I-1";"00009710";"PUESTO  DE SALUD ICHUPAMPA";"NE_0001";"";"NE_0001";"NE_0001";"NE_0001";"NE_0001";"NE_0001";"NE_0001";"NE_0001"
"2023";"02";"060101";"CAJAMARCA";"CAJAMARCA";"CAJAMARCA";"PRIVADO";"II-1";"00009599";"CLINICA SAN FRANCISCO DE ASIS S.A.";"240100";"HOSPITALIZACIÓN QUIRÚRGICA CIRUGÍA GENERAL ";"5";"5";"6";"5";"2";"56";"0"
"2023";"02";"060101";"CAJAMARCA";"CAJAMARCA";"CAJAMARCA";"PRIVADO";"II-1";"00009599";"CLINICA SAN FRANCISCO DE ASIS S.A.";"241200";"HOSPITALIZACIÓN QUIRÚRGICA TRAUMATOLOGÍA Y ORTOPEDIA ";"7";"7";"13";"7";"2";"56";"0"
"2023";"02";"060101";"CAJAMARCA";"CAJAMARCA";"CAJAMARCA";"PRIVADO";"II-1";"00009599";"CLINICA SAN FRANCISCO DE ASIS S.A.";"241400";"HOSPITALIZACIÓN QUIRÚRGICA GINECO - OBSTETRICIA ";"6";"6";"6";"6";"2";"56";"0"
"2023";"02";"060101";"CAJAMARCA";"CAJAMARCA";"CAJAMARCA";"PRIVADO";"II-1";"00009599";"CLINICA SAN FRANCISCO DE ASIS S.A.";"244300";"HOSPITALIZACIÓN DE MEDICINA GASTROENTEROLOGÍA  ";"1";"1";"1";"1";"2";"56";"0"
"2023";"02";"060101";"CAJAMARCA";"CAJAMARCA";"CAJAMARCA";"PRIVADO";"II-1";"00009599";"CLINICA SAN FRANCISCO DE ASIS S.A.";"244400";"HOSPITALIZACIÓN DE MEDICINA GERIATRIA ";"1";"1";"2";"1";"2";"56";"0"
"2023";"02";"060101";"CAJAMARCA";"CAJAMARCA";"CAJAMARCA";"PRIVADO";"II-1";"00009599";"CLINICA SAN FRANCISCO DE ASIS S.A.";"244700";"HOSPITALIZACIÓN DE MEDICINA NEUROLOGIA  ";"1";"1";"4";"1";"2";"56";"0"
"2023";"02";"040122";"AREQUIPA";"AREQUIPA";"SOCABAYA";"ESSALUD";"I-3";"00013298";"CAP III MELITON SALAS TEJADA";"NE_0001";"";"NE_0001";"NE_0001";"NE_0001";"NE_0001";"NE_0001";"NE_0001";"NE_0001"
"2023";"02";"051005";"AYACUCHO";"VICTOR FAJARDO";"CANARIA";"GOBIERNO REGIONAL";"I-1";"00003825";"PUESTO DE SALUD RACCAYA";"NE_0001";"";"NE_0001";"NE_0001";"NE_0001";"NE_0001";"NE_0001";"NE_0001";"NE_0001"
"2023";"02";"051005";"AYACUCHO";"VICTOR FAJARDO";"CANARIA";"GOBIERNO REGIONAL";"I-1";"00003827";"PUESTO DE SALUD UMASI";"NE_0001";"";"NE_0001";"NE_0001";"NE_0001";"NE_0001";"NE_0001";"NE_0001";"NE_0001"
"2023";"02";"051009";"AYACUCHO";"VICTOR FAJARDO";"HUANCARAYLLA";"GOBIERNO REGIONAL";"I-1";"00003837";"PUESTO DE SALUD CIRCAMARCA";"NE_0001";"";"NE_0001";"NE_0001";"NE_0001";"NE_0001";"NE_0001";"NE_0001";"NE_0001"
"2023";"02";"051010";"AYACUCHO";"VICTOR FAJARDO";"HUALLA";"GOBIERNO REGIONAL";"I-3";"00003829";"CENTRO DE SALUD HUALLA";"241600";"HOSPITALIZACIÓN QUIRÚRGICA OBSTETRICIA   ";"2";"2";"2";"2";"2";"4";"0"
"2023";"02";"051010";"AYACUCHO";"VICTOR FAJARDO";"HUALLA";"GOBIERNO REGIONAL";"I-1";"00003830";"PUESTO DE SALUD TIQUIHUA";"NE_0001";"";"NE_0001";"NE_0001";"NE_0001";"NE_0001";"NE_0001";"NE_0001";"NE_0001"
"2023";"02";"051009";"AYACUCHO";"VICTOR FAJARDO";"HUANCARAYLLA";"GOBIERNO REGIONAL";"I-2";"00003838";"PUESTO DE SALUD HUANCARAYLLA";"NE_0001";"";"NE_0001";"NE_0001";"NE_0001";"NE_0001";"NE_0001";"NE_0001";"NE_0001"
"2023";"02";"051003";"AYACUCHO";"VICTOR FAJARDO";"APONGO";"GOBIERNO REGIONAL";"I-1";"00003819";"APONGO";"NE_0001";"";"NE_0001";"NE_0001";"NE_0001";"NE_0001";"NE_0001";"NE_0001";"NE_0001"
"2023";"02";"051005";"AYACUCHO";"VICTOR FAJARDO";"CANARIA";"GOBIERNO REGIONAL";"I-2";"00003826";"PUESTO DE SALUD TACA";"NE_0001";"";"NE_0001";"NE_0001";"NE_0001";"NE_0001";"NE_0001";"NE_0001";"NE_0001"
"2023";"02";"051008";"AYACUCHO";"VICTOR FAJARDO";"HUAMANQUIQUIA";"GOBIERNO REGIONAL";"I-2";"00003831";"PUESTO DE SALUD HUAMANQUIQUIA";"NE_0001";"";"NE_0001";"NE_0001";"NE_0001";"NE_0001";"NE_0001";"NE_0001";"NE_0001"
"2023";"02";"051108";"AYACUCHO";"VILCAS HUAMAN";"VISCHONGO";"GOBIERNO REGIONAL";"I-1";"00003840";"PUESTO DE SALUD UMARO";"NE_0001";"";"NE_0001";"NE_0001";"NE_0001";"NE_0001";"NE_0001";"NE_0001";"NE_0001"
"2023";"02";"051004";"AYACUCHO";"VICTOR FAJARDO";"ASQUIPATA";"GOBIERNO REGIONAL";"I-1";"00003821";"PUESTO DE SALUD ASQUIPATA";"NE_0001";"";"NE_0001";"NE_0001";"NE_0001";"NE_0001";"NE_0001";"NE_0001";"NE_0001"
"2023";"02";"051008";"AYACUCHO";"VICTOR FAJARDO";"HUAMANQUIQUIA";"GOBIERNO REGIONAL";"I-1";"00003833";"PUESTO DE SALUD TINCA";"NE_0001";"";"NE_0001";"NE_0001";"NE_0001";"NE_0001";"NE_0001";"NE_0001";"NE_0001"
"2023";"02";"051007";"AYACUCHO";"VICTOR FAJARDO";"COLCA";"GOBIERNO REGIONAL";"I-1";"00003836";"PUESTO DE SALUD QUILLA";"NE_0001";"";"NE_0001";"NE_0001";"NE_0001";"NE_0001";"NE_0001";"NE_0001";"NE_0001"
"2023";"02";"051001";"AYACUCHO";"VICTOR FAJARDO";"HUANCAPI";"GOBIERNO REGIONAL";"I-4";"00003834";"CENTRO DE SALUD HUANCAPI";"240100";"HOSPITALIZACIÓN QUIRÚRGICA CIRUGÍA GENERAL ";"1";"1";"1";"1";"1";"8";"0"
"2023";"02";"051001";"AYACUCHO";"VICTOR FAJARDO";"HUANCAPI";"GOBIERNO REGIONAL";"I-4";"00003834";"CENTRO DE SALUD HUANCAPI";"241600";"HOSPITALIZACIÓN QUIRÚRGICA OBSTETRICIA   ";"6";"6";"15";"1";"1";"8";"0"
"2023";"02";"051001";"AYACUCHO";"VICTOR FAJARDO";"HUANCAPI";"GOBIERNO REGIONAL";"I-4";"00003834";"CENTRO DE SALUD HUANCAPI";"241800";"HOSPITALIZACIÓN DE MEDICINA MEDICINA GENERAL ";"1";"1";"3";"1";"1";"8";"0"
"2023";"02";"051009";"AYACUCHO";"VICTOR FAJARDO";"HUANCARAYLLA";"GOBIERNO REGIONAL";"I-1";"00003839";"PUESTO DE SALUD LLUSITA";"NE_0001";"";"NE_0001";"NE_0001";"NE_0001";"NE_0001";"NE_0001";"NE_0001";"NE_0001"
"2023";"02";"051005";"AYACUCHO";"VICTOR FAJARDO";"CANARIA";"GOBIERNO REGIONAL";"I-3";"00003824";"CENTRO DE SALUD CANARIA";"NE_0002";"";"NE_0002";"NE_0002";"NE_0002";"NE_0002";"NE_0002";"NE_0002";"NE_0002"
"2023";"02";"130101";"LA LIBERTAD";"TRUJILLO";"TRUJILLO";"PRIVADO";"II-E";"00029518";"OFTALMOLOGICA CACEDA";"NE_0001";"";"NE_0001";"NE_0001";"NE_0001";"NE_0001";"NE_0001";"NE_0001";"NE_0001"
"2023";"02";"150131";"LIMA";"LIMA";"SAN ISIDRO";"PRIVADO";"II-2";"00009437";"CLINICA LIMATAMBO";"240000";"HOSPITALIZACIÓN";"124";"125";"387";"295";"38";"1178";"4"
"2023";"02";"040307";"AREQUIPA";"CARAVELI";"CHALA";"ESSALUD";"I-2";"00012198";"POSTA MEDICA CHALA";"NE_0001";"";"NE_0001";"NE_0001";"NE_0001";"NE_0001";"NE_0001";"NE_0001";"NE_0001"
"2023";"02";"120601";"JUNIN";"SATIPO";"SATIPO";"GOBIERNO REGIONAL";"I-3";"00027078";"CENTRO DE SALUD MENTAL COMUNITARIO SATIPO";"NE_0001";"";"NE_0001";"NE_0001";"NE_0001";"NE_0001";"NE_0001";"NE_0001";"NE_0001"
"2023";"02";"110107";"ICA";"ICA";"PUEBLO NUEVO";"MINSA";"I-3";"00003370";"CENTRO DE SALUD PUEBLO NUEVO";"NE_0001";"";"NE_0001";"NE_0001";"NE_0001";"NE_0001";"NE_0001";"NE_0001";"NE_0001"
"2023";"02";"110107";"ICA";"ICA";"PUEBLO NUEVO";"GOBIERNO REGIONAL";"I-1";"00003401";"SAN RAFAEL";"NE_0001";"";"NE_0001";"NE_0001";"NE_0001";"NE_0001";"NE_0001";"NE_0001";"NE_0001"
"2023";"02";"060308";"CAJAMARCA";"CELENDIN";"OXAMARCA";"GOBIERNO REGIONAL";"I-1";"00009049";"LA QUINUA";"NE_0001";"";"NE_0001";"NE_0001";"NE_0001";"NE_0001";"NE_0001";"NE_0001";"NE_0001"
"2023";"02";"060310";"CAJAMARCA";"CELENDIN";"SUCRE";"GOBIERNO REGIONAL";"I-1";"00025043";"CRUZCONGA";"NE_0001";"";"NE_0001";"NE_0001";"NE_0001";"NE_0001";"NE_0001";"NE_0001";"NE_0001"
"2023";"02";"040119";"AREQUIPA";"AREQUIPA";"SAN JUAN DE TARUCANI";"GOBIERNO REGIONAL";"I-2";"00001321";"PUESTO DE SALUD SALINAS HUITO";"NE_0001";"";"NE_0001";"NE_0001";"NE_0001";"NE_0001";"NE_0001";"NE_0001";"NE_0001"
"2023";"02";"150121";"LIMA";"LIMA";"PUEBLO LIBRE";"PRIVADO";"II-E";"00021096";"CLINICA ESPECIALIZADA EN CIRUGÍA PLÁSTICA SAN AGUSTIN";"NE_0001";"";"NE_0001";"NE_0001";"NE_0001";"NE_0001";"NE_0001";"NE_0001";"NE_0001"
"2023";"02";"090701";"HUANCAVELICA";"TAYACAJA";"PAMPAS";"GOBIERNO REGIONAL";"II-1";"00004074";"HOSPITAL DE PAMPAS";"241800";"HOSPITALIZACIÓN DE MEDICINA MEDICINA GENERAL ";"11";"10";"48";"52";"6";"180";"0"
"2023";"02";"090701";"HUANCAVELICA";"TAYACAJA";"PAMPAS";"GOBIERNO REGIONAL";"II-1";"00004074";"HOSPITAL DE PAMPAS";"240100";"HOSPITALIZACIÓN QUIRÚRGICA CIRUGÍA GENERAL ";"24";"19";"63";"105";"6";"180";"0"
"2023";"02";"090701";"HUANCAVELICA";"TAYACAJA";"PAMPAS";"GOBIERNO REGIONAL";"II-1";"00004074";"HOSPITAL DE PAMPAS";"241400";"HOSPITALIZACIÓN QUIRÚRGICA GINECO - OBSTETRICIA ";"75";"80";"287";"170";"12";"336";"0"
"2023";"02";"090701";"HUANCAVELICA";"TAYACAJA";"PAMPAS";"GOBIERNO REGIONAL";"II-1";"00004074";"HOSPITAL DE PAMPAS";"242500";"HOSPITALIZACIÓN-PEDIATRÍA GENERAL-";"9";"9";"46";"30";"6";"168";"0"
"2023";"02";"090701";"HUANCAVELICA";"TAYACAJA";"PAMPAS";"GOBIERNO REGIONAL";"II-1";"00004074";"HOSPITAL DE PAMPAS";"243200";"HOSPITALIZACIÓN DE PEDIATRÍA PEDIATRIA NEONATOLOGÍA";"12";"12";"53";"48";"6";"168";"0"
"2023";"02";"120302";"JUNIN";"CHANCHAMAYO";"PERENE";"GOBIERNO REGIONAL";"I-2";"00000337";"MIRICHARO";"NE_0001";"";"NE_0001";"NE_0001";"NE_0001";"NE_0001";"NE_0001";"NE_0001";"NE_0001"
"2023";"02";"220203";"SAN MARTIN";"BELLAVISTA";"BAJO BIAVO";"GOBIERNO REGIONAL";"I-1";"00006520";"NUEVO TARAPOTO";"NE_0002";"";"NE_0002";"NE_0002";"NE_0002";"NE_0002";"NE_0002";"NE_0002";"NE_0002"
"2023";"02";"220203";"SAN MARTIN";"BELLAVISTA";"BAJO BIAVO";"GOBIERNO REGIONAL";"I-1";"00006523";"SANTA ELENA";"NE_0002";"";"NE_0002";"NE_0002";"NE_0002";"NE_0002";"NE_0002";"NE_0002";"NE_0002"
"2023";"02";"120302";"JUNIN";"CHANCHAMAYO";"PERENE";"GOBIERNO REGIONAL";"I-1";"00000338";"SAN CRISTOBAL";"NE_0001";"";"NE_0001";"NE_0001";"NE_0001";"NE_0001";"NE_0001";"NE_0001";"NE_0001"
"2023";"02";"220203";"SAN MARTIN";"BELLAVISTA";"BAJO BIAVO";"GOBIERNO REGIONAL";"I-4";"00006519";"NUEVO LIMA";"241600";"HOSPITALIZACIÓN QUIRÚRGICA OBSTETRICIA   ";"3";"3";"3";"3";"3";"4";"0"
"2023";"02";"220203";"SAN MARTIN";"BELLAVISTA";"BAJO BIAVO";"GOBIERNO REGIONAL";"I-1";"00006522";"LA UNION";"NE_0002";"";"NE_0002";"NE_0002";"NE_0002";"NE_0002";"NE_0002";"NE_0002";"NE_0002"
"2023";"02";"080108";"CUSCO";"CUSCO";"WANCHAQ";"PRIVADO";"II-E";"00011339";"SAN JOSE";"240100";"HOSPITALIZACIÓN QUIRÚRGICA CIRUGÍA GENERAL ";"105";"99";"735";"55";"24";"720";"0"
"2023";"02";"080108";"CUSCO";"CUSCO";"WANCHAQ";"PRIVADO";"II-E";"00011339";"SAN JOSE";"241700";"HOSPITALIZACIÓN QUIRÚRGICA GINECOLOGÍA   GINECOLOGIA ONCOLOGiCA";"22";"20";"87";"30";"24";"720";"0"
"2023";"02";"080108";"CUSCO";"CUSCO";"WANCHAQ";"PRIVADO";"II-E";"00011339";"SAN JOSE";"240400";"HOSPITALIZACIÓN QUIRÚRGICA CIRUGÍA DE TÓRAX Y CARDIOVASCULAR ";"10";"7";"65";"18";"24";"720";"0"
"2023";"02";"080108";"CUSCO";"CUSCO";"WANCHAQ";"PRIVADO";"II-E";"00011339";"SAN JOSE";"241200";"HOSPITALIZACIÓN QUIRÚRGICA TRAUMATOLOGÍA Y ORTOPEDIA ";"8";"6";"43";"13";"24";"720";"0"
"2023";"02";"080108";"CUSCO";"CUSCO";"WANCHAQ";"PRIVADO";"II-E";"00011339";"SAN JOSE";"241300";"HOSPITALIZACIÓN QUIRÚRGICA UROLOGÍA  ";"3";"2";"35";"12";"24";"720";"0"
"2023";"03";"150131";"LIMA";"LIMA";"SAN ISIDRO";"PRIVADO";"II-E";"00018581";"CLINICA PETRAS";"240800";"HOSPITALIZACIÓN QUIRÚRGICA CIRUGÍA PLÁSTICA/RECONSTRUCTIVA/ REPARADORA ";"4";"4";"4";"3";"2,00";"62";"0"
"2023";"03";"060805";"CAJAMARCA";"JAEN";"HUABAL";"GOBIERNO REGIONAL";"I-1";"00016136";"CAJONES";"NE_0001";"";"NE_0001";"NE_0001";"NE_0001";"NE_0001";"NE_0001";"NE_0001";"NE_0001"
"2023";"03";"060805";"CAJAMARCA";"JAEN";"HUABAL";"GOBIERNO REGIONAL";"I-1";"00004242";"SAN FRANCISCO DE ASIS";"NE_0001";"";"NE_0001";"NE_0001";"NE_0001";"NE_0001";"NE_0001";"NE_0001";"NE_0001"
"2023";"03";"060805";"CAJAMARCA";"JAEN";"HUABAL";"GOBIERNO REGIONAL";"I-1";"00007124";"CORAZON DE JESUS";"NE_0001";"";"NE_0001";"NE_0001";"NE_0001";"NE_0001";"NE_0001";"NE_0001";"NE_0001"
"2023";"03";"060805";"CAJAMARCA";"JAEN";"HUABAL";"GOBIERNO REGIONAL";"I-2";"00007687";"HUACO";"NE_0001";"";"NE_0001";"NE_0001";"NE_0001";"NE_0001";"NE_0001";"NE_0001";"NE_0001"
"2023";"03";"060805";"CAJAMARCA";"JAEN";"HUABAL";"GOBIERNO REGIONAL";"I-3";"00004241";"HUABAL";"NE_0001";"";"NE_0001";"NE_0001";"NE_0001";"NE_0001";"NE_0001";"NE_0001";"NE_0001"
"2023";"03";"060801";"CAJAMARCA";"JAEN";"JAEN";"GOBIERNO REGIONAL";"I-3";"00004213";"FILA ALTA";"NE_0001";"";"NE_0001";"NE_0001";"NE_0001";"NE_0001";"NE_0001";"NE_0001";"NE_0001"
"2023";"03";"090101";"HUANCAVELICA";"HUANCAVELICA";"HUANCAVELICA";"GOBIERNO REGIONAL";"II-2";"00003853";"HOSPITAL DEPARTAMENTAL DE HUANCAVELICA";"240100";"HOSPITALIZACIÓN QUIRÚRGICA CIRUGÍA GENERAL ";"98";"98";"366";"330";"20";"600";"0"
"2023";"03";"090101";"HUANCAVELICA";"HUANCAVELICA";"HUANCAVELICA";"GOBIERNO REGIONAL";"II-2";"00003853";"HOSPITAL DEPARTAMENTAL DE HUANCAVELICA";"241200";"HOSPITALIZACIÓN QUIRÚRGICA TRAUMATOLOGÍA Y ORTOPEDIA ";"41";"41";"179";"270";"9";"270";"1"
"2023";"03";"090101";"HUANCAVELICA";"HUANCAVELICA";"HUANCAVELICA";"GOBIERNO REGIONAL";"II-2";"00003853";"HOSPITAL DEPARTAMENTAL DE HUANCAVELICA";"241400";"HOSPITALIZACIÓN QUIRÚRGICA GINECO - OBSTETRICIA ";"92";"92";"258";"360";"18";"540";"0"
"2023";"03";"090101";"HUANCAVELICA";"HUANCAVELICA";"HUANCAVELICA";"GOBIERNO REGIONAL";"II-2";"00003853";"HOSPITAL DEPARTAMENTAL DE HUANCAVELICA";"241500";"HOSPITALIZACIÓN QUIRÚRGICA GINECOLOGÍA  ";"57";"57";"154";"270";"18";"540";"0"
"2023";"03";"090101";"HUANCAVELICA";"HUANCAVELICA";"HUANCAVELICA";"GOBIERNO REGIONAL";"II-2";"00003853";"HOSPITAL DEPARTAMENTAL DE HUANCAVELICA";"241600";"HOSPITALIZACIÓN QUIRÚRGICA OBSTETRICIA   ";"90";"90";"368";"180";"20";"600";"0"
"2023";"03";"090101";"HUANCAVELICA";"HUANCAVELICA";"HUANCAVELICA";"GOBIERNO REGIONAL";"II-2";"00003853";"HOSPITAL DEPARTAMENTAL DE HUANCAVELICA";"241800";"HOSPITALIZACIÓN DE MEDICINA MEDICINA GENERAL ";"37";"37";"197";"240";"11";"330";"1"
"2023";"03";"090101";"HUANCAVELICA";"HUANCAVELICA";"HUANCAVELICA";"GOBIERNO REGIONAL";"II-2";"00003853";"HOSPITAL DEPARTAMENTAL DE HUANCAVELICA";"242300";"HOSPITALIZACIÓN DE PEDIATRÍA  PEDIATRÍA  GENERAL ";"41";"41";"188";"330";"16";"480";"0"
"2023";"01";"150101";"LIMA";"LIMA";"LIMA";"ESSALUD";"II-1";"00009188";"HOSPITAL II RAMON CASTILLA";"241800";"HOSPITALIZACIÓN DE MEDICINA MEDICINA GENERAL ";"47";"44";"254";"301";"10";"310";"2"
"2023";"01";"150101";"LIMA";"LIMA";"LIMA";"ESSALUD";"II-1";"00009188";"HOSPITAL II RAMON CASTILLA";"250103";"UNIDAD DE CUIDADOS CRITICOS UNIDAD  DE CUIDADOS INTENSIVOS GENERALES  (UCI) MEDICINA";"12";"13";"123";"106";"6";"186";"0"
"2023";"01";"150101";"LIMA";"LIMA";"LIMA";"ESSALUD";"II-1";"00009188";"HOSPITAL II RAMON CASTILLA";"240100";"HOSPITALIZACIÓN QUIRÚRGICA CIRUGÍA GENERAL ";"150";"142";"434";"470";"18";"558";"0"
"2023";"01";"150101";"LIMA";"LIMA";"LIMA";"ESSALUD";"II-1";"00009188";"HOSPITAL II RAMON CASTILLA";"241400";"HOSPITALIZACIÓN QUIRÚRGICA GINECO - OBSTETRICIA ";"20";"16";"65";"69";"3";"93";"0"
"2023";"01";"150101";"LIMA";"LIMA";"LIMA";"ESSALUD";"II-1";"00009188";"HOSPITAL II RAMON CASTILLA";"241600";"HOSPITALIZACIÓN QUIRÚRGICA OBSTETRICIA   ";"80";"78";"189";"200";"12";"372";"0"
"2023";"01";"150101";"LIMA";"LIMA";"LIMA";"ESSALUD";"II-1";"00009188";"HOSPITAL II RAMON CASTILLA";"242300";"HOSPITALIZACIÓN DE PEDIATRÍA  PEDIATRÍA  GENERAL ";"46";"44";"165";"159";"6";"186";"0"
"2023";"01";"150101";"LIMA";"LIMA";"LIMA";"ESSALUD";"II-1";"00009188";"HOSPITAL II RAMON CASTILLA";"243200";"HOSPITALIZACIÓN DE PEDIATRÍA PEDIATRIA NEONATOLOGÍA";"15";"14";"31";"31";"1";"31";"0"
"2023";"01";"220801";"SAN MARTIN";"RIOJA";"RIOJA";"GOBIERNO REGIONAL";"II-1";"00006732";"HOSPITAL DE RIOJA";"240100";"HOSPITALIZACIÓN QUIRÚRGICA CIRUGÍA GENERAL ";"71";"71";"248";"248";"9";"279";"2"
"2023";"01";"220801";"SAN MARTIN";"RIOJA";"RIOJA";"GOBIERNO REGIONAL";"II-1";"00006732";"HOSPITAL DE RIOJA";"241200";"HOSPITALIZACIÓN QUIRÚRGICA TRAUMATOLOGÍA Y ORTOPEDIA ";"41";"41";"155";"155";"7";"217";"0"
"2023";"01";"220801";"SAN MARTIN";"RIOJA";"RIOJA";"GOBIERNO REGIONAL";"II-1";"00006732";"HOSPITAL DE RIOJA";"241300";"HOSPITALIZACIÓN QUIRÚRGICA UROLOGÍA  ";"10";"10";"22";"22";"1";"31";"0"
"2023";"01";"220801";"SAN MARTIN";"RIOJA";"RIOJA";"GOBIERNO REGIONAL";"II-1";"00006732";"HOSPITAL DE RIOJA";"241500";"HOSPITALIZACIÓN QUIRÚRGICA GINECOLOGÍA  ";"102";"103";"230";"230";"11";"341";"0"
"2023";"01";"220801";"SAN MARTIN";"RIOJA";"RIOJA";"GOBIERNO REGIONAL";"II-1";"00006732";"HOSPITAL DE RIOJA";"241600";"HOSPITALIZACIÓN QUIRÚRGICA OBSTETRICIA   ";"42";"44";"77";"77";"14";"434";"0"
"2023";"01";"220801";"SAN MARTIN";"RIOJA";"RIOJA";"GOBIERNO REGIONAL";"II-1";"00006732";"HOSPITAL DE RIOJA";"241800";"HOSPITALIZACIÓN DE MEDICINA MEDICINA GENERAL ";"37";"37";"171";"171";"11";"341";"2"
"2023";"01";"220801";"SAN MARTIN";"RIOJA";"RIOJA";"GOBIERNO REGIONAL";"II-1";"00006732";"HOSPITAL DE RIOJA";"242500";"HOSPITALIZACIÓN-PEDIATRÍA GENERAL-";"44";"45";"222";"222";"10";"310";"0"
"2023";"01";"220801";"SAN MARTIN";"RIOJA";"RIOJA";"GOBIERNO REGIONAL";"II-1";"00006732";"HOSPITAL DE RIOJA";"243200";"HOSPITALIZACIÓN DE PEDIATRÍA PEDIATRIA NEONATOLOGÍA";"19";"19";"106";"106";"7";"217";"0"
"2023";"01";"150113";"LIMA";"LIMA";"JESUS MARIA";"ESSALUD";"0";"00016488";"CENTRO NACIONAL DE SALUD RENAL - ESSALUD";"NE_0001";"";"NE_0001";"NE_0001";"NE_0001";"NE_0001";"NE_0001";"NE_0001";"NE_0001"
"2023";"01";"150801";"LIMA";"HUAURA";"HUACHO";"PRIVADO";"II-1";"00010883";"CLINICA SAN PEDRO";"240100";"HOSPITALIZACIÓN QUIRÚRGICA CIRUGÍA GENERAL ";"29";"28";"39";"29";"2";"60";"0"
"2023";"01";"150801";"LIMA";"HUAURA";"HUACHO";"PRIVADO";"II-1";"00010883";"CLINICA SAN PEDRO";"240300";"HOSPITALIZACIÓN QUIRÚRGICA CIRUGÍA DIGESTIVA ";"1";"1";"1";"1";"1";"30";"0"
"2023";"01";"150801";"LIMA";"HUAURA";"HUACHO";"PRIVADO";"II-1";"00010883";"CLINICA SAN PEDRO";"241500";"HOSPITALIZACIÓN QUIRÚRGICA GINECOLOGÍA  ";"24";"24";"29";"24";"4";"120";"0"
"2023";"01";"150801";"LIMA";"HUAURA";"HUACHO";"PRIVADO";"II-1";"00010883";"CLINICA SAN PEDRO";"241900";"HOSPITALIZACIÓN DE MEDICINA MEDICINA INTERNA ";"2";"2";"12";"2";"5";"150";"0"
"2023";"01";"150801";"LIMA";"HUAURA";"HUACHO";"PRIVADO";"II-1";"00010883";"CLINICA SAN PEDRO";"241200";"HOSPITALIZACIÓN QUIRÚRGICA TRAUMATOLOGÍA Y ORTOPEDIA ";"50";"50";"36";"33";"2";"60";"0"
"2023";"01";"150801";"LIMA";"HUAURA";"HUACHO";"PRIVADO";"II-1";"00010883";"CLINICA SAN PEDRO";"241300";"HOSPITALIZACIÓN QUIRÚRGICA UROLOGÍA  ";"2";"1";"1";"2";"1";"30";"0"
"2023";"01";"150801";"LIMA";"HUAURA";"HUACHO";"PRIVADO";"II-1";"00010883";"CLINICA SAN PEDRO";"242500";"HOSPITALIZACIÓN-PEDIATRÍA GENERAL-";"3";"3";"12";"2";"1";"30";"0"
"2023";"02";"150131";"LIMA";"LIMA";"SAN ISIDRO";"PRIVADO";"II-E";"00018581";"CLINICA PETRAS";"240800";"HOSPITALIZACIÓN QUIRÚRGICA CIRUGÍA PLÁSTICA/RECONSTRUCTIVA/ REPARADORA ";"7";"7";"7";"5";"2,00";"56";"0"
"2023";"02";"160113";"LORETO";"MAYNAS";"SAN JUAN BAUTISTA";"SANIDAD DE LA POLICIA NACIONAL DEL PERU";"I-3";"00011369";"POLICLINICO POLICIAL IQUITOS";"NE_0001";"";"NE_0001";"NE_0001";"NE_0001";"NE_0001";"NE_0001";"NE_0001";"NE_0001"
"2023";"02";"070101";"CALLAO";"CALLAO";"CALLAO";"SANIDAD DE LA POLICIA NACIONAL DEL PERU";"I-2";"00010610";"POSTA MEDICA POLICIAL SEDE DIRAVPOL";"NE_0001";"";"NE_0001";"NE_0001";"NE_0001";"NE_0001";"NE_0001";"NE_0001";"NE_0001"
"2023";"02";"140101";"LAMBAYEQUE";"CHICLAYO";"CHICLAYO";"GOBIERNO REGIONAL";"III-1";"00011470";"HOSPITAL REGIONAL LAMBAYEQUE";"240000";"HOSPITALIZACIÓN";"506";"392";"1475";"2355";"102";"2856";"11"
"2023";"02";"140101";"LAMBAYEQUE";"CHICLAYO";"CHICLAYO";"GOBIERNO REGIONAL";"III-1";"00011470";"HOSPITAL REGIONAL LAMBAYEQUE";"242300";"HOSPITALIZACIÓN DE PEDIATRÍA  PEDIATRÍA  GENERAL ";"92";"75";"332";"512";"32";"896";"0"
"2023";"02";"140101";"LAMBAYEQUE";"CHICLAYO";"CHICLAYO";"GOBIERNO REGIONAL";"III-1";"00011470";"HOSPITAL REGIONAL LAMBAYEQUE";"243200";"HOSPITALIZACIÓN DE PEDIATRÍA PEDIATRIA NEONATOLOGÍA";"54";"12";"76";"471";"17";"476";"1"
"2023";"02";"140101";"LAMBAYEQUE";"CHICLAYO";"CHICLAYO";"GOBIERNO REGIONAL";"III-1";"00011470";"HOSPITAL REGIONAL LAMBAYEQUE";"250100";"UNIDAD DE CUIDADOS CRITICOS UNIDAD  DE CUIDADOS INTENSIVOS GENERALES (UCI) ";"16";"5";"66";"211";"8";"224";"5"
"2023";"02";"140101";"LAMBAYEQUE";"CHICLAYO";"CHICLAYO";"GOBIERNO REGIONAL";"III-1";"00011470";"HOSPITAL REGIONAL LAMBAYEQUE";"250200";"UNIDAD DE CUIDADOS CRITICOS UNIDAD DE CUIDADOS INTERMEDIOS GENERAL  (UCIN) ";"19";"3";"20";"264";"12";"336";"3"
"2023";"02";"140101";"LAMBAYEQUE";"CHICLAYO";"CHICLAYO";"GOBIERNO REGIONAL";"III-1";"00011470";"HOSPITAL REGIONAL LAMBAYEQUE";"250105";"UNIDAD DE CUIDADOS CRITICOS UNIDAD  DE CUIDADOS INTENSIVOS  (UCI) NEONATOLOGÍA";"12";"2";"4";"160";"7";"196";"2"
"2023";"02";"140101";"LAMBAYEQUE";"CHICLAYO";"CHICLAYO";"GOBIERNO REGIONAL";"III-1";"00011470";"HOSPITAL REGIONAL LAMBAYEQUE";"250108";"UNIDAD DE CUIDADOS CRITICOS UNIDAD  DE CUIDADOS INTENSIVOS  (UCI) PEDIÁTRICA";"10";"2";"20";"103";"4";"112";"2"
"2023";"02";"010201";"AMAZONAS";"BAGUA";"BAGUA";"SANIDAD DE LA POLICIA NACIONAL DEL PERU";"I-2";"00012954";"POSTA MEDICA  POLICIAL  BAGUA";"NE_0001";"";"NE_0001";"NE_0001";"NE_0001";"NE_0001";"NE_0001";"NE_0001";"NE_0001"
"2023";"02";"150141";"LIMA";"LIMA";"SURQUILLO";"SANIDAD DE LA POLICIA NACIONAL DEL PERU";"I-3";"00012885";"POLICLINICO PNP WALTER ROSALES LEON";"NE_0001";"";"NE_0001";"NE_0001";"NE_0001";"NE_0001";"NE_0001";"NE_0001";"NE_0001"
"2023";"02";"021601";"ANCASH";"POMABAMBA";"POMABAMBA";"GOBIERNO REGIONAL";"II-1";"00001765";"HOSPITAL DE APOYO DE POMABAMBA ""ANTONIO CALDAS DOMINGUEZ""";"240100";"HOSPITALIZACIÓN QUIRÚRGICA CIRUGÍA GENERAL ";"12";"12";"33";"33";"4";"112";"0"
"2023";"02";"021601";"ANCASH";"POMABAMBA";"POMABAMBA";"GOBIERNO REGIONAL";"II-1";"00001765";"HOSPITAL DE APOYO DE POMABAMBA ""ANTONIO CALDAS DOMINGUEZ""";"241500";"HOSPITALIZACIÓN QUIRÚRGICA GINECOLOGÍA  ";"4";"4";"4";"4";"2";"56";"0"
"2023";"02";"021601";"ANCASH";"POMABAMBA";"POMABAMBA";"GOBIERNO REGIONAL";"II-1";"00001765";"HOSPITAL DE APOYO DE POMABAMBA ""ANTONIO CALDAS DOMINGUEZ""";"241600";"HOSPITALIZACIÓN QUIRÚRGICA OBSTETRICIA   ";"29";"29";"87";"87";"4";"112";"0"
"2023";"02";"021601";"ANCASH";"POMABAMBA";"POMABAMBA";"GOBIERNO REGIONAL";"II-1";"00001765";"HOSPITAL DE APOYO DE POMABAMBA ""ANTONIO CALDAS DOMINGUEZ""";"241800";"HOSPITALIZACIÓN DE MEDICINA MEDICINA GENERAL ";"7";"7";"23";"23";"13";"364";"1"
"2023";"02";"021601";"ANCASH";"POMABAMBA";"POMABAMBA";"GOBIERNO REGIONAL";"II-1";"00001765";"HOSPITAL DE APOYO DE POMABAMBA ""ANTONIO CALDAS DOMINGUEZ""";"242500";"HOSPITALIZACIÓN-PEDIATRÍA GENERAL-";"3";"3";"15";"15";"7";"196";"0"
"2023";"02";"150140";"LIMA";"LIMA";"SANTIAGO DE SURCO";"PRIVADO";"II-2";"00015118";"CLINICA MAISON DE SANTE DEL ESTE";"240000";"HOSPITALIZACIÓN";"96";"87";"512";"453";"29";"660";"5"
"2023";"02";"150140";"LIMA";"LIMA";"SANTIAGO DE SURCO";"PRIVADO";"II-2";"00015118";"CLINICA MAISON DE SANTE DEL ESTE";"241400";"HOSPITALIZACIÓN QUIRÚRGICA GINECO - OBSTETRICIA ";"22";"19";"42";"43";"4";"112";"0"
"2023";"02";"150140";"LIMA";"LIMA";"SANTIAGO DE SURCO";"PRIVADO";"II-2";"00015118";"CLINICA MAISON DE SANTE DEL ESTE";"250100";"UNIDAD DE CUIDADOS CRITICOS UNIDAD  DE CUIDADOS INTENSIVOS GENERALES (UCI) ";"13";"11";"46";"42";"4";"112";"0"
"2023";"02";"150140";"LIMA";"LIMA";"SANTIAGO DE SURCO";"PRIVADO";"II-2";"00015118";"CLINICA MAISON DE SANTE DEL ESTE";"250105";"UNIDAD DE CUIDADOS CRITICOS UNIDAD  DE CUIDADOS INTENSIVOS  (UCI) NEONATOLOGÍA";"5";"5";"15";"14";"4";"112";"0"
"2023";"02";"120302";"JUNIN";"CHANCHAMAYO";"PERENE";"GOBIERNO REGIONAL";"I-1";"00000322";"LIBERTAD TOTERANI";"NE_0001";"";"NE_0001";"NE_0001";"NE_0001";"NE_0001";"NE_0001";"NE_0001";"NE_0001"
"2023";"02";"120302";"JUNIN";"CHANCHAMAYO";"PERENE";"GOBIERNO REGIONAL";"I-1";"00000323";"INCHATINGARI";"NE_0001";"";"NE_0001";"NE_0001";"NE_0001";"NE_0001";"NE_0001";"NE_0001";"NE_0001"
"2023";"02";"120302";"JUNIN";"CHANCHAMAYO";"PERENE";"GOBIERNO REGIONAL";"I-2";"00000324";"LOS ANGELES DE UBIRIKI";"NE_0001";"";"NE_0001";"NE_0001";"NE_0001";"NE_0001";"NE_0001";"NE_0001";"NE_0001"
"2023";"02";"120302";"JUNIN";"CHANCHAMAYO";"PERENE";"GOBIERNO REGIONAL";"I-1";"00000327";"ALTO PUMPURIANI";"NE_0001";"";"NE_0001";"NE_0001";"NE_0001";"NE_0001";"NE_0001";"NE_0001";"NE_0001"
"2023";"02";"120302";"JUNIN";"CHANCHAMAYO";"PERENE";"GOBIERNO REGIONAL";"I-1";"00000335";"ZONA PATRIA";"NE_0001";"";"NE_0001";"NE_0001";"NE_0001";"NE_0001";"NE_0001";"NE_0001";"NE_0001"
"2023";"02";"120302";"JUNIN";"CHANCHAMAYO";"PERENE";"GOBIERNO REGIONAL";"I-3";"00000320";"PUERTO YURINAKI";"NE_0001";"";"NE_0001";"NE_0001";"NE_0001";"NE_0001";"NE_0001";"NE_0001";"NE_0001"
"2023";"02";"120302";"JUNIN";"CHANCHAMAYO";"PERENE";"GOBIERNO REGIONAL";"I-2";"00000325";"CENTRO POBLADO MENOR LA FLORIDA";"NE_0001";"";"NE_0001";"NE_0001";"NE_0001";"NE_0001";"NE_0001";"NE_0001";"NE_0001"
"2023";"02";"120302";"JUNIN";"CHANCHAMAYO";"PERENE";"GOBIERNO REGIONAL";"I-1";"00000329";"HUACAMAYO";"NE_0001";"";"NE_0001";"NE_0001";"NE_0001";"NE_0001";"NE_0001";"NE_0001";"NE_0001"
"2023";"02";"120304";"JUNIN";"CHANCHAMAYO";"SAN LUIS DE SHUARO";"GOBIERNO REGIONAL";"I-1";"00000336";"ALTO YAPAZ";"NE_0001";"";"NE_0001";"NE_0001";"NE_0001";"NE_0001";"NE_0001";"NE_0001";"NE_0001"
"2023";"02";"120302";"JUNIN";"CHANCHAMAYO";"PERENE";"GOBIERNO REGIONAL";"I-4";"00000318";"VILLA PERENE";"241800";"HOSPITALIZACIÓN DE MEDICINA MEDICINA GENERAL ";"7";"6";"10";"20";"9";"279";"0"
"2023";"02";"120302";"JUNIN";"CHANCHAMAYO";"PERENE";"GOBIERNO REGIONAL";"I-4";"00000318";"VILLA PERENE";"241600";"HOSPITALIZACIÓN QUIRÚRGICA OBSTETRICIA   ";"6";"6";"11";"15";"3";"93";"0"
"2023";"02";"120302";"JUNIN";"CHANCHAMAYO";"PERENE";"GOBIERNO REGIONAL";"I-2";"00000319";"BAJO MARANKIARI";"NE_0001";"";"NE_0001";"NE_0001";"NE_0001";"NE_0001";"NE_0001";"NE_0001";"NE_0001"
"2023";"02";"120302";"JUNIN";"CHANCHAMAYO";"PERENE";"GOBIERNO REGIONAL";"I-1";"00000326";"SANTA ROSA DE RIO AMARILLO";"NE_0001";"";"NE_0001";"NE_0001";"NE_0001";"NE_0001";"NE_0001";"NE_0001";"NE_0001"
"2023";"02";"120302";"JUNIN";"CHANCHAMAYO";"PERENE";"GOBIERNO REGIONAL";"I-1";"00000332";"ALTO SAN JUAN";"NE_0001";"";"NE_0001";"NE_0001";"NE_0001";"NE_0001";"NE_0001";"NE_0001";"NE_0001"
"2023";"02";"120302";"JUNIN";"CHANCHAMAYO";"PERENE";"GOBIERNO REGIONAL";"I-1";"00000333";"CENTRO TOTERANI";"NE_0001";"";"NE_0001";"NE_0001";"NE_0001";"NE_0001";"NE_0001";"NE_0001";"NE_0001"
"2023";"02";"120302";"JUNIN";"CHANCHAMAYO";"PERENE";"GOBIERNO REGIONAL";"I-1";"00007319";"SANTA ROSA TOTERANI";"NE_0001";"";"NE_0001";"NE_0001";"NE_0001";"NE_0001";"NE_0001";"NE_0001";"NE_0001"
"2023";"02";"120302";"JUNIN";"CHANCHAMAYO";"PERENE";"GOBIERNO REGIONAL";"I-2";"00014385";"MARISCAL CACERES";"NE_0001";"";"NE_0001";"NE_0001";"NE_0001";"NE_0001";"NE_0001";"NE_0001";"NE_0001"
"2023";"02";"120302";"JUNIN";"CHANCHAMAYO";"PERENE";"GOBIERNO REGIONAL";"I-1";"00000331";"LOS ANGELES TOTERANI";"NE_0001";"";"NE_0001";"NE_0001";"NE_0001";"NE_0001";"NE_0001";"NE_0001";"NE_0001"
"2023";"02";"120302";"JUNIN";"CHANCHAMAYO";"PERENE";"GOBIERNO REGIONAL";"I-2";"00000321";"ALTO YURINAKI";"NE_0001";"";"NE_0001";"NE_0001";"NE_0001";"NE_0001";"NE_0001";"NE_0001";"NE_0001"
"2023";"02";"120302";"JUNIN";"CHANCHAMAYO";"PERENE";"GOBIERNO REGIONAL";"I-1";"00000328";"CHURINGAVENI";"NE_0001";"";"NE_0001";"NE_0001";"NE_0001";"NE_0001";"NE_0001";"NE_0001";"NE_0001"
"2023";"02";"120302";"JUNIN";"CHANCHAMAYO";"PERENE";"GOBIERNO REGIONAL";"I-3";"00000330";"SAN FERNANDO DE KIVINAKI";"NE_0001";"";"NE_0001";"NE_0001";"NE_0001";"NE_0001";"NE_0001";"NE_0001";"NE_0001"
"2023";"02";"120302";"JUNIN";"CHANCHAMAYO";"PERENE";"GOBIERNO REGIONAL";"I-1";"00006737";"JOSE OLAYA";"NE_0001";"";"NE_0001";"NE_0001";"NE_0001";"NE_0001";"NE_0001";"NE_0001";"NE_0001"
"2023";"02";"120302";"JUNIN";"CHANCHAMAYO";"PERENE";"GOBIERNO REGIONAL";"I-1";"00007362";"UNION PUCUSANI";"NE_0001";"";"NE_0001";"NE_0001";"NE_0001";"NE_0001";"NE_0001";"NE_0001";"NE_0001"
"2023";"02";"120302";"JUNIN";"CHANCHAMAYO";"PERENE";"GOBIERNO REGIONAL";"I-1";"00014384";"JOSE GALVEZ";"NE_0001";"";"NE_0001";"NE_0001";"NE_0001";"NE_0001";"NE_0001";"NE_0001";"NE_0001"
"2023";"02";"120301";"JUNIN";"CHANCHAMAYO";"CHANCHAMAYO";"GOBIERNO REGIONAL";"I-1";"00000310";"VILLA DORADA";"NE_0001";"";"NE_0001";"NE_0001";"NE_0001";"NE_0001";"NE_0001";"NE_0001";"NE_0001"
"2023";"02";"120302";"JUNIN";"CHANCHAMAYO";"PERENE";"GOBIERNO REGIONAL";"I-1";"00000334";"SANTA ROSA DE CAMONASHARI";"NE_0001";"";"NE_0001";"NE_0001";"NE_0001";"NE_0001";"NE_0001";"NE_0001";"NE_0001"
"2023";"02";"050101";"AYACUCHO";"HUAMANGA";"AYACUCHO";"PRIVADO";"II-1";"00008154";"CLINICA EL NAZARENO";"241400";"HOSPITALIZACIÓN QUIRÚRGICA GINECO - OBSTETRICIA ";"3";"3";"4";"4";"1";"106";"0"
"2023";"02";"050101";"AYACUCHO";"HUAMANGA";"AYACUCHO";"PRIVADO";"II-1";"00008154";"CLINICA EL NAZARENO";"241300";"HOSPITALIZACIÓN QUIRÚRGICA UROLOGÍA  ";"2";"2";"3";"3";"1";"127";"0"
"2023";"02";"050101";"AYACUCHO";"HUAMANGA";"AYACUCHO";"PRIVADO";"II-1";"00008154";"CLINICA EL NAZARENO";"243200";"HOSPITALIZACIÓN DE PEDIATRÍA PEDIATRIA NEONATOLOGÍA";"2";"2";"2";"2";"1";"156";"0"
"2023";"02";"150130";"LIMA";"LIMA";"SAN BORJA";"PRIVADO";"0";"00012366";"MISION MEDICA SAC";"NE_0001";"";"NE_0001";"NE_0001";"NE_0001";"NE_0001";"NE_0001";"NE_0001";"NE_0001"
"2023";"02";"220504";"SAN MARTIN";"LAMAS";"CAYNARACHI";"GOBIERNO REGIONAL";"I-4";"00006415";"PONGO DEL CAYNARACHI";"241600";"HOSPITALIZACIÓN QUIRÚRGICA OBSTETRICIA   ";"6";"6";"8";"6";"4";"112";"0"
"2023";"02";"220504";"SAN MARTIN";"LAMAS";"CAYNARACHI";"GOBIERNO REGIONAL";"I-1";"00006417";"SAN MIGUEL DE ACHINAMIZA";"NE_0001";"";"NE_0001";"NE_0001";"NE_0001";"NE_0001";"NE_0001";"NE_0001";"NE_0001"
"2023";"02";"220504";"SAN MARTIN";"LAMAS";"CAYNARACHI";"GOBIERNO REGIONAL";"I-2";"00006418";"ALIANZA";"NE_0001";"";"NE_0001";"NE_0001";"NE_0001";"NE_0001";"NE_0001";"NE_0001";"NE_0001"
"2023";"02";"220504";"SAN MARTIN";"LAMAS";"CAYNARACHI";"GOBIERNO REGIONAL";"I-1";"00006419";"BONILLA";"NE_0001";"";"NE_0001";"NE_0001";"NE_0001";"NE_0001";"NE_0001";"NE_0001";"NE_0001"
"2023";"02";"220504";"SAN MARTIN";"LAMAS";"CAYNARACHI";"GOBIERNO REGIONAL";"I-1";"00006421";"YUMBATOS";"NE_0001";"";"NE_0001";"NE_0001";"NE_0001";"NE_0001";"NE_0001";"NE_0001";"NE_0001"
"2023";"02";"220504";"SAN MARTIN";"LAMAS";"CAYNARACHI";"GOBIERNO REGIONAL";"I-1";"00006422";"SAN JUAN DE SHANUSI";"NE_0001";"";"NE_0001";"NE_0001";"NE_0001";"NE_0001";"NE_0001";"NE_0001";"NE_0001"
"2023";"02";"220504";"SAN MARTIN";"LAMAS";"CAYNARACHI";"GOBIERNO REGIONAL";"I-1";"00019769";"NUEVO TOCACHE";"NE_0001";"";"NE_0001";"NE_0001";"NE_0001";"NE_0001";"NE_0001";"NE_0001";"NE_0001"
"2023";"02";"220504";"SAN MARTIN";"LAMAS";"CAYNARACHI";"GOBIERNO REGIONAL";"I-1";"00006416";"ALFONSO UGARTE";"NE_0001";"";"NE_0001";"NE_0001";"NE_0001";"NE_0001";"NE_0001";"NE_0001";"NE_0001"
"2023";"01";"080108";"CUSCO";"CUSCO";"WANCHAQ";"PRIVADO";"II-E";"00011338";"PARDO";"240100";"HOSPITALIZACIÓN QUIRÚRGICA CIRUGÍA GENERAL ";"112";"11";"735";"55";"24";"720";"0"
"2023";"01";"080108";"CUSCO";"CUSCO";"WANCHAQ";"PRIVADO";"II-E";"00011338";"PARDO";"241700";"HOSPITALIZACIÓN QUIRÚRGICA GINECOLOGÍA   GINECOLOGIA ONCOLOGiCA";"20";"1";"87";"5";"24";"720";"0"
"2023";"01";"080108";"CUSCO";"CUSCO";"WANCHAQ";"PRIVADO";"II-E";"00011338";"PARDO";"240400";"HOSPITALIZACIÓN QUIRÚRGICA CIRUGÍA DE TÓRAX Y CARDIOVASCULAR ";"12";"2";"105";"14";"24";"720";"0"
"2023";"01";"080108";"CUSCO";"CUSCO";"WANCHAQ";"PRIVADO";"II-E";"00011338";"PARDO";"241200";"HOSPITALIZACIÓN QUIRÚRGICA TRAUMATOLOGÍA Y ORTOPEDIA ";"6";"4";"43";"23";"24";"720";"0"
"2023";"01";"080108";"CUSCO";"CUSCO";"WANCHAQ";"PRIVADO";"II-E";"00011338";"PARDO";"241300";"HOSPITALIZACIÓN QUIRÚRGICA UROLOGÍA  ";"4";"2";"35";"14";"24";"720";"0"
"2023";"01";"060101";"CAJAMARCA";"CAJAMARCA";"CAJAMARCA";"PRIVADO";"II-1";"00009234";"CLINICA LOS FRESNOS";"240100";"HOSPITALIZACIÓN QUIRÚRGICA CIRUGÍA GENERAL ";"7";"7";"15";"7";"7";"8";"0"
"2023";"01";"060101";"CAJAMARCA";"CAJAMARCA";"CAJAMARCA";"PRIVADO";"II-1";"00009234";"CLINICA LOS FRESNOS";"244300";"HOSPITALIZACIÓN DE MEDICINA GASTROENTEROLOGÍA  ";"3";"3";"3";"3";"3";"4";"0"
"2023";"01";"060101";"CAJAMARCA";"CAJAMARCA";"CAJAMARCA";"PRIVADO";"II-1";"00009234";"CLINICA LOS FRESNOS";"241400";"HOSPITALIZACIÓN QUIRÚRGICA GINECO - OBSTETRICIA ";"16";"16";"51";"16";"16";"17";"0"
"2023";"01";"060101";"CAJAMARCA";"CAJAMARCA";"CAJAMARCA";"PRIVADO";"II-1";"00009234";"CLINICA LOS FRESNOS";"241800";"HOSPITALIZACIÓN DE MEDICINA MEDICINA GENERAL ";"1";"1";"0";"1";"1";"2";"0"
"2023";"01";"060101";"CAJAMARCA";"CAJAMARCA";"CAJAMARCA";"PRIVADO";"II-1";"00009234";"CLINICA LOS FRESNOS";"241900";"HOSPITALIZACIÓN DE MEDICINA MEDICINA INTERNA ";"8";"8";"29";"8";"8";"9";"0"
"2023";"01";"060101";"CAJAMARCA";"CAJAMARCA";"CAJAMARCA";"PRIVADO";"II-1";"00009234";"CLINICA LOS FRESNOS";"241200";"HOSPITALIZACIÓN QUIRÚRGICA TRAUMATOLOGÍA Y ORTOPEDIA ";"10";"10";"17";"10";"10";"11";"0"
"2023";"01";"060101";"CAJAMARCA";"CAJAMARCA";"CAJAMARCA";"PRIVADO";"II-1";"00009234";"CLINICA LOS FRESNOS";"241100";"HOSPITALIZACIÓN QUIRÚRGICA OTORRINOLARINGOLOGÍA  ";"2";"2";"2";"2";"2";"3";"0"
"2023";"01";"060101";"CAJAMARCA";"CAJAMARCA";"CAJAMARCA";"PRIVADO";"II-1";"00009234";"CLINICA LOS FRESNOS";"242300";"HOSPITALIZACIÓN DE PEDIATRÍA  PEDIATRÍA  GENERAL ";"4";"4";"5";"4";"4";"5";"0"
"2023";"01";"060101";"CAJAMARCA";"CAJAMARCA";"CAJAMARCA";"PRIVADO";"II-1";"00009234";"CLINICA LOS FRESNOS";"241300";"HOSPITALIZACIÓN QUIRÚRGICA UROLOGÍA  ";"2";"2";"6";"2";"2";"3";"0"
"2023";"03";"040515";"AREQUIPA";"CAYLLOMA";"SIBAYO";"GOBIERNO REGIONAL";"I-2";"00001435";"PUESTO DE SALUD SANTA ROSA DE SIBAYO";"NE_0001";"";"NE_0001";"NE_0001";"NE_0001";"NE_0001";"NE_0001";"NE_0001";"NE_0001"
"2023";"03";"040518";"AREQUIPA";"CAYLLOMA";"TUTI";"GOBIERNO REGIONAL";"I-2";"00001436";"PUESTO DE SALUD TUTI";"NE_0001";"";"NE_0001";"NE_0001";"NE_0001";"NE_0001";"NE_0001";"NE_0001";"NE_0001"
"2023";"03";"040517";"AREQUIPA";"CAYLLOMA";"TISCO";"GOBIERNO REGIONAL";"I-2";"00001438";"PUESTO DE SALUD TISCO";"NE_0001";"";"NE_0001";"NE_0001";"NE_0001";"NE_0001";"NE_0001";"NE_0001";"NE_0001"
"2023";"03";"040517";"AREQUIPA";"CAYLLOMA";"TISCO";"GOBIERNO REGIONAL";"I-2";"00001431";"PUESTO DE SALUD COTACOTA";"NE_0001";"";"NE_0001";"NE_0001";"NE_0001";"NE_0001";"NE_0001";"NE_0001";"NE_0001"
"2023";"03";"040504";"AREQUIPA";"CAYLLOMA";"CALLALLI";"GOBIERNO REGIONAL";"I-3";"00001421";"CENTRO DE SALUD CALLALLI";"NE_0001";"";"NE_0001";"NE_0001";"NE_0001";"NE_0001";"NE_0001";"NE_0001";"NE_0001"
"2023";"03";"110101";"ICA";"ICA";"ICA";"PRIVADO";"II-1";"00018450";"CLÍNICA S. MORALES S.R.L";"241200";"HOSPITALIZACIÓN QUIRÚRGICA TRAUMATOLOGÍA Y ORTOPEDIA ";"20";"20";"23";"20";"6";"186";"0"
"2023";"03";"150136";"LIMA";"LIMA";"SAN MIGUEL";"SANIDAD DE LA POLICIA NACIONAL DEL PERU";"II-E";"00014718";"HOSPITAL GERIATRICO PNP SAN JOSE";"244400";"HOSPITALIZACIÓN DE MEDICINA GERIATRIA ";"34";"39";"480";"489";"21";"746";"6"
"2023";"03";"130502";"LA LIBERTAD";"JULCAN";"CALAMARCA";"GOBIERNO REGIONAL";"I-2";"00007247";"BARRO NEGRO";"NE_0001";"";"NE_0001";"NE_0001";"NE_0001";"NE_0001";"NE_0001";"NE_0001";"NE_0001"
"2023";"02";"021303";"ANCASH";"MARISCAL LUZURIAGA";"ELEAZAR GUZMAN BARRON";"GOBIERNO REGIONAL";"I-1";"00001786";"PUESTO DE SALUD PAMPACHACRA";"NE_0002";"";"NE_0002";"NE_0002";"NE_0002";"NE_0002";"NE_0002";"NE_0002";"NE_0002"
"2023";"02";"050101";"AYACUCHO";"HUAMANGA";"AYACUCHO";"GOBIERNO REGIONAL";"II-2";"00003543";"HOSPITAL REGIONAL DE AYACUCHO ""MIGUEL ANGEL MARISCAL LLERENA""";"241800";"HOSPITALIZACIÓN DE MEDICINA MEDICINA GENERAL ";"172";"122";"898";"1041";"49";"1372";"5"
"2023";"02";"050101";"AYACUCHO";"HUAMANGA";"AYACUCHO";"GOBIERNO REGIONAL";"II-2";"00003543";"HOSPITAL REGIONAL DE AYACUCHO ""MIGUEL ANGEL MARISCAL LLERENA""";"242200";"HOSPITALIZACIÓN DE MEDICINA PSIQUIATRÍA ";"8";"3";"112";"119";"4";"119";"0"
"2023";"02";"050101";"AYACUCHO";"HUAMANGA";"AYACUCHO";"GOBIERNO REGIONAL";"II-2";"00003543";"HOSPITAL REGIONAL DE AYACUCHO ""MIGUEL ANGEL MARISCAL LLERENA""";"250304";"HOSPIT. EN UNIDAD DE CUID.INTEN.-UNIDAD DE VIGILANCIA INTENSIVA (UVI)-MEDICINA";"35";"10";"160";"189";"9";"252";"8"
"2023";"02";"050101";"AYACUCHO";"HUAMANGA";"AYACUCHO";"GOBIERNO REGIONAL";"II-2";"00003543";"HOSPITAL REGIONAL DE AYACUCHO ""MIGUEL ANGEL MARISCAL LLERENA""";"240100";"HOSPITALIZACIÓN QUIRÚRGICA CIRUGÍA GENERAL ";"172";"150";"615";"766";"26";"766";"1"
"2023";"02";"050101";"AYACUCHO";"HUAMANGA";"AYACUCHO";"GOBIERNO REGIONAL";"II-2";"00003543";"HOSPITAL REGIONAL DE AYACUCHO ""MIGUEL ANGEL MARISCAL LLERENA""";"241200";"HOSPITALIZACIÓN QUIRÚRGICA TRAUMATOLOGÍA Y ORTOPEDIA ";"129";"103";"588";"696";"24";"696";"0"
"2023";"02";"050101";"AYACUCHO";"HUAMANGA";"AYACUCHO";"GOBIERNO REGIONAL";"II-2";"00003543";"HOSPITAL REGIONAL DE AYACUCHO ""MIGUEL ANGEL MARISCAL LLERENA""";"242500";"HOSPITALIZACIÓN-PEDIATRÍA GENERAL-";"105";"94";"389";"478";"27";"756";"0"
"2023";"02";"050101";"AYACUCHO";"HUAMANGA";"AYACUCHO";"GOBIERNO REGIONAL";"II-2";"00003543";"HOSPITAL REGIONAL DE AYACUCHO ""MIGUEL ANGEL MARISCAL LLERENA""";"240700";"HOSPITALIZACIÓN QUIRÚRGICA CIRUGÍA PEDIÁTRICA ";"52";"45";"134";"183";"8";"224";"0"
"2023";"02";"050101";"AYACUCHO";"HUAMANGA";"AYACUCHO";"GOBIERNO REGIONAL";"II-2";"00003543";"HOSPITAL REGIONAL DE AYACUCHO ""MIGUEL ANGEL MARISCAL LLERENA""";"250108";"UNIDAD DE CUIDADOS CRITICOS UNIDAD  DE CUIDADOS INTENSIVOS  (UCI) PEDIÁTRICA";"28";"2";"83";"107";"8";"224";"1"
"2023";"02";"050101";"AYACUCHO";"HUAMANGA";"AYACUCHO";"GOBIERNO REGIONAL";"II-2";"00003543";"HOSPITAL REGIONAL DE AYACUCHO ""MIGUEL ANGEL MARISCAL LLERENA""";"250105";"UNIDAD DE CUIDADOS CRITICOS UNIDAD  DE CUIDADOS INTENSIVOS  (UCI) NEONATOLOGÍA";"72";"7";"562";"610";"24";"731";"5"
"2023";"02";"050101";"AYACUCHO";"HUAMANGA";"AYACUCHO";"GOBIERNO REGIONAL";"II-2";"00003543";"HOSPITAL REGIONAL DE AYACUCHO ""MIGUEL ANGEL MARISCAL LLERENA""";"250305";"HOSPIT. EN UNIDAD DE CUID.INTEN.-UNIDAD DE VIGILANCIA INTENSIVA (UVI)-NEONATOLOGÍA";"57";"40";"244";"291";"20";"560";"0"
"2023";"02";"050101";"AYACUCHO";"HUAMANGA";"AYACUCHO";"GOBIERNO REGIONAL";"II-2";"00003543";"HOSPITAL REGIONAL DE AYACUCHO ""MIGUEL ANGEL MARISCAL LLERENA""";"243200";"HOSPITALIZACIÓN DE PEDIATRÍA PEDIATRIA NEONATOLOGÍA";"25";"19";"150";"172";"7";"196";"0"
"2023";"02";"050101";"AYACUCHO";"HUAMANGA";"AYACUCHO";"GOBIERNO REGIONAL";"II-2";"00003543";"HOSPITAL REGIONAL DE AYACUCHO ""MIGUEL ANGEL MARISCAL LLERENA""";"241400";"HOSPITALIZACIÓN QUIRÚRGICA GINECO - OBSTETRICIA ";"522";"374";"1066";"1558";"54";"1558";"0"
"2023";"02";"050101";"AYACUCHO";"HUAMANGA";"AYACUCHO";"GOBIERNO REGIONAL";"II-2";"00003543";"HOSPITAL REGIONAL DE AYACUCHO ""MIGUEL ANGEL MARISCAL LLERENA""";"250302";"HOSPIT. EN UNIDAD DE CUID.INTEN.-UNIDAD DE VIGILANCIA INTENSIVA (UVI)-GINECO-OBSTETRICIA";"30";"2";"58";"87";"4";"112";"0"
"2023";"02";"050101";"AYACUCHO";"HUAMANGA";"AYACUCHO";"GOBIERNO REGIONAL";"II-2";"00003543";"HOSPITAL REGIONAL DE AYACUCHO ""MIGUEL ANGEL MARISCAL LLERENA""";"250100";"UNIDAD DE CUIDADOS CRITICOS UNIDAD  DE CUIDADOS INTENSIVOS GENERALES (UCI) ";"40";"3";"320";"348";"15";"427";"2"
"2023";"02";"220913";"SAN MARTIN";"SAN MARTIN";"SAUCE";"GOBIERNO REGIONAL";"I-1";"00006381";"DOS DE MAYO";"NE_0002";"";"NE_0002";"NE_0002";"NE_0002";"NE_0002";"NE_0002";"NE_0002";"NE_0002"
"2023";"02";"220913";"SAN MARTIN";"SAN MARTIN";"SAUCE";"GOBIERNO REGIONAL";"I-3";"00006380";"SAUCE";"241600";"HOSPITALIZACIÓN QUIRÚRGICA OBSTETRICIA   ";"11";"11";"11";"11";"02";"56";"0"
"2023";"02";"210201";"PUNO";"AZANGARO";"AZANGARO";"GOBIERNO REGIONAL";"II-1";"00002941";"CARLOS CORNEJO ROSELLO";"240100";"HOSPITALIZACIÓN QUIRÚRGICA CIRUGÍA GENERAL ";"10";"10";"49";"59";"6";"168";"0"
"2023";"02";"210201";"PUNO";"AZANGARO";"AZANGARO";"GOBIERNO REGIONAL";"II-1";"00002941";"CARLOS CORNEJO ROSELLO";"241500";"HOSPITALIZACIÓN QUIRÚRGICA GINECOLOGÍA  ";"55";"56";"136";"190";"8";"224";"0"
"2023";"02";"210201";"PUNO";"AZANGARO";"AZANGARO";"GOBIERNO REGIONAL";"II-1";"00002941";"CARLOS CORNEJO ROSELLO";"241600";"HOSPITALIZACIÓN QUIRÚRGICA OBSTETRICIA   ";"31";"32";"46";"78";"6";"168";"0"
"2023";"02";"210201";"PUNO";"AZANGARO";"AZANGARO";"GOBIERNO REGIONAL";"II-1";"00002941";"CARLOS CORNEJO ROSELLO";"241800";"HOSPITALIZACIÓN DE MEDICINA MEDICINA GENERAL ";"12";"15";"63";"78";"12";"336";"0"
"2023";"02";"210201";"PUNO";"AZANGARO";"AZANGARO";"GOBIERNO REGIONAL";"II-1";"00002941";"CARLOS CORNEJO ROSELLO";"242500";"HOSPITALIZACIÓN-PEDIATRÍA GENERAL-";"19";"20";"62";"82";"9";"252";"0"
"2023";"02";"210201";"PUNO";"AZANGARO";"AZANGARO";"GOBIERNO REGIONAL";"II-1";"00002941";"CARLOS CORNEJO ROSELLO";"243200";"HOSPITALIZACIÓN DE PEDIATRÍA PEDIATRIA NEONATOLOGÍA";"20";"20";"46";"66";"4";"112";"0"
"2023";"02";"120606";"JUNIN";"SATIPO";"PANGOA";"GOBIERNO REGIONAL";"I-1";"00021797";"SAN JERONIMO";"NE_0001";"";"NE_0001";"NE_0001";"NE_0001";"NE_0001";"NE_0001";"NE_0001";"NE_0001"
"2023";"02";"120606";"JUNIN";"SATIPO";"PANGOA";"GOBIERNO REGIONAL";"I-1";"00021800";"LOS ÁNGELES DE EDEN";"NE_0001";"";"NE_0001";"NE_0001";"NE_0001";"NE_0001";"NE_0001";"NE_0001";"NE_0001"
"2023";"02";"120606";"JUNIN";"SATIPO";"PANGOA";"GOBIERNO REGIONAL";"I-1";"00021814";"CENTRO SAURENI";"NE_0001";"";"NE_0001";"NE_0001";"NE_0001";"NE_0001";"NE_0001";"NE_0001";"NE_0001"
"2023";"02";"120606";"JUNIN";"SATIPO";"PANGOA";"GOBIERNO REGIONAL";"I-3";"00000445";"SAN ANTONIO DE SONOMORO";"NE_0001";"";"NE_0001";"NE_0001";"NE_0001";"NE_0001";"NE_0001";"NE_0001";"NE_0001"
"2023";"02";"120606";"JUNIN";"SATIPO";"PANGOA";"GOBIERNO REGIONAL";"I-2";"00000448";"NAYLAM DE SONOMORO";"NE_0001";"";"NE_0001";"NE_0001";"NE_0001";"NE_0001";"NE_0001";"NE_0001";"NE_0001"
"2023";"02";"120606";"JUNIN";"SATIPO";"PANGOA";"GOBIERNO REGIONAL";"I-1";"00011138";"SANTA ELENA";"NE_0001";"";"NE_0001";"NE_0001";"NE_0001";"NE_0001";"NE_0001";"NE_0001";"NE_0001"
"2023";"02";"120606";"JUNIN";"SATIPO";"PANGOA";"GOBIERNO REGIONAL";"I-1";"00021803";"LOS MANANTIALES";"NE_0001";"";"NE_0001";"NE_0001";"NE_0001";"NE_0001";"NE_0001";"NE_0001";"NE_0001"
"2023";"02";"120606";"JUNIN";"SATIPO";"PANGOA";"GOBIERNO REGIONAL";"I-2";"00006880";"CIUDAD DE DIOS";"NE_0001";"";"NE_0001";"NE_0001";"NE_0001";"NE_0001";"NE_0001";"NE_0001";"NE_0001"
"2023";"03";"130401";"LA LIBERTAD";"CHEPEN";"CHEPEN";"SANIDAD DE LA POLICIA NACIONAL DEL PERU";"I-1";"00025659";"Puesto de Salud de la Sanidad PNP. Chepén  I - 1";"NE_0001";"";"NE_0001";"NE_0001";"NE_0001";"NE_0001";"NE_0001";"NE_0001";"NE_0001"
"2023";"03";"040504";"AREQUIPA";"CAYLLOMA";"CALLALLI";"GOBIERNO REGIONAL";"I-2";"00001437";"PUESTO DE SALUD CHALHUANCA";"NE_0001";"";"NE_0001";"NE_0001";"NE_0001";"NE_0001";"NE_0001";"NE_0001";"NE_0001"
"2023";"03";"040517";"AREQUIPA";"CAYLLOMA";"TISCO";"GOBIERNO REGIONAL";"I-2";"00006891";"PUESTO DE SALUD TARUCAMARCA";"NE_0001";"";"NE_0001";"NE_0001";"NE_0001";"NE_0001";"NE_0001";"NE_0001";"NE_0001"
"2023";"03";"130502";"LA LIBERTAD";"JULCAN";"CALAMARCA";"GOBIERNO REGIONAL";"I-4";"00005308";"CALAMARCA";"NE_0001";"";"NE_0001";"NE_0001";"NE_0001";"NE_0001";"NE_0001";"NE_0001";"NE_0001"
"2023";"03";"130502";"LA LIBERTAD";"JULCAN";"CALAMARCA";"GOBIERNO REGIONAL";"I-1";"00007248";"CHAZKA";"NE_0001";"";"NE_0001";"NE_0001";"NE_0001";"NE_0001";"NE_0001";"NE_0001";"NE_0001"
"2023";"03";"130502";"LA LIBERTAD";"JULCAN";"CALAMARCA";"GOBIERNO REGIONAL";"I-1";"00016424";"HUAGAL";"NE_0001";"";"NE_0001";"NE_0001";"NE_0001";"NE_0001";"NE_0001";"NE_0001";"NE_0001"
"2023";"03";"130502";"LA LIBERTAD";"JULCAN";"CALAMARCA";"GOBIERNO REGIONAL";"I-3";"00005309";"SICCHAL";"NE_0001";"";"NE_0001";"NE_0001";"NE_0001";"NE_0001";"NE_0001";"NE_0001";"NE_0001"
"2023";"03";"160101";"LORETO";"MAYNAS";"IQUITOS";"PRIVADO";"I-3";"00012075";"SARLOR";"NE_0002";"";"NE_0002";"NE_0002";"NE_0002";"NE_0002";"NE_0002";"NE_0002";"NE_0002"
"2023";"03";"150122";"LIMA";"LIMA";"MIRAFLORES";"PRIVADO";"II-E";"00019748";"CLINICA HIGUERETA";"240000";"HOSPITALIZACIÓN";"146";"131";"500";"369";"17";"527";"0"
"2023";"03";"120302";"JUNIN";"CHANCHAMAYO";"PERENE";"GOBIERNO REGIONAL";"I-1";"00014384";"JOSE GALVEZ";"NE_0001";"";"NE_0001";"NE_0001";"NE_0001";"NE_0001";"NE_0001";"NE_0001";"NE_0001"
"2023";"03";"150121";"LIMA";"LIMA";"PUEBLO LIBRE";"PRIVADO";"II-E";"00008351";"CLINICAS SAN BERNARDO S.A.";"240000";"HOSPITALIZACIÓN";"115";"106";"293";"245";"22";"682";"0"
"2023";"03";"130111";"LA LIBERTAD";"TRUJILLO";"VICTOR LARCO HERRERA";"GOBIERNO REGIONAL";"II-1";"00005243";"HOSPITAL DISTRITAL VISTA ALEGRE";"241400";"HOSPITALIZACIÓN QUIRÚRGICA GINECO - OBSTETRICIA ";"36";"38";"67";"67";"8";"248";"0"
"2023";"03";"200601";"PIURA";"SULLANA";"SULLANA";"ESSALUD";"I-4";"00010267";"HOSPITAL I ESSALUD-SULLANA";"241800";"HOSPITALIZACIÓN DE MEDICINA MEDICINA GENERAL ";"70";"61";"259";"209";"7";"217";"6"
"2023";"03";"200601";"PIURA";"SULLANA";"SULLANA";"ESSALUD";"I-4";"00010267";"HOSPITAL I ESSALUD-SULLANA";"241500";"HOSPITALIZACIÓN QUIRÚRGICA GINECOLOGÍA  ";"4";"2";"11";"8";"1";"31";"0"
"2023";"01";"050104";"AYACUCHO";"HUAMANGA";"CARMEN ALTO";"GOBIERNO REGIONAL";"I-1";"00011354";"PUESTO DE SALUD YANAMA";"NE_0001";"";"NE_0001";"NE_0001";"NE_0001";"NE_0001";"NE_0001";"NE_0001";"NE_0001"
"2023";"01";"050104";"AYACUCHO";"HUAMANGA";"CARMEN ALTO";"GOBIERNO REGIONAL";"I-3";"00003560";"CENTRO DE SALUD CARMEN ALTO";"NE_0001";"";"NE_0001";"NE_0001";"NE_0001";"NE_0001";"NE_0001";"NE_0001";"NE_0001"
"2023";"01";"050104";"AYACUCHO";"HUAMANGA";"CARMEN ALTO";"GOBIERNO REGIONAL";"I-3";"00003562";"CENTRO DE SALUD VISTA ALEGRE";"NE_0001";"";"NE_0001";"NE_0001";"NE_0001";"NE_0001";"NE_0001";"NE_0001";"NE_0001"
"2023";"01";"050104";"AYACUCHO";"HUAMANGA";"CARMEN ALTO";"GOBIERNO REGIONAL";"I-1";"00003561";"POKRAS";"NE_0001";"";"NE_0001";"NE_0001";"NE_0001";"NE_0001";"NE_0001";"NE_0001";"NE_0001"
"2023";"01";"120107";"JUNIN";"HUANCAYO";"CHILCA";"ESSALUD";"I-3";"00012188";"CAP II CHILCA";"NE_0001";"";"NE_0001";"NE_0001";"NE_0001";"NE_0001";"NE_0001";"NE_0001";"NE_0001"
"2023";"01";"170101";"MADRE DE DIOS";"TAMBOPATA";"TAMBOPATA";"ESSALUD";"II-1";"00009319";"HOSPITAL I VICTOR ALFREDO LAZO PERALTA";"241800";"HOSPITALIZACIÓN DE MEDICINA MEDICINA GENERAL ";"79";"81";"475";"480";"63";"1953";"0"
"2023";"01";"170101";"MADRE DE DIOS";"TAMBOPATA";"TAMBOPATA";"ESSALUD";"II-1";"00009319";"HOSPITAL I VICTOR ALFREDO LAZO PERALTA";"240100";"HOSPITALIZACIÓN QUIRÚRGICA CIRUGÍA GENERAL ";"58";"59";"183";"190";"10";"310";"0"
"2023";"01";"170101";"MADRE DE DIOS";"TAMBOPATA";"TAMBOPATA";"ESSALUD";"II-1";"00009319";"HOSPITAL I VICTOR ALFREDO LAZO PERALTA";"241400";"HOSPITALIZACIÓN QUIRÚRGICA GINECO - OBSTETRICIA ";"81";"82";"221";"230";"10";"310";"0"
"2023";"01";"170101";"MADRE DE DIOS";"TAMBOPATA";"TAMBOPATA";"ESSALUD";"II-1";"00009319";"HOSPITAL I VICTOR ALFREDO LAZO PERALTA";"242300";"HOSPITALIZACIÓN DE PEDIATRÍA  PEDIATRÍA  GENERAL ";"59";"61";"122";"122";"4";"124";"0"
"2023";"01";"170101";"MADRE DE DIOS";"TAMBOPATA";"TAMBOPATA";"ESSALUD";"II-1";"00009319";"HOSPITAL I VICTOR ALFREDO LAZO PERALTA";"250300";"UNIDAD DE CUIDADOS CRITICOS UNIDAD DE VIGILANCIA INTENSIVA  CLINICA (UVIC) ";"8";"11";"42";"50";"8";"248";"0"
"2023";"01";"130207";"LA LIBERTAD";"ASCOPE";"SANTIAGO DE CAO";"ESSALUD";"I-2";"00012114";"POSTA DE SALUD SANTIAGO DE CAO";"NE_0001";"";"NE_0001";"NE_0001";"NE_0001";"NE_0001";"NE_0001";"NE_0001";"NE_0001"
"2023";"01";"150113";"LIMA";"LIMA";"JESUS MARIA";"SANIDAD DEL EJERCITO DEL PERU";"III-1";"00017024";"HOSPITAL  MILITAR LUIS ARIAS SCHEREIBER";"240100";"HOSPITALIZACIÓN QUIRÚRGICA CIRUGÍA GENERAL ";"78";"48";"233";"2097";"102";"3162";"1"
"2023";"01";"150113";"LIMA";"LIMA";"JESUS MARIA";"SANIDAD DEL EJERCITO DEL PERU";"III-1";"00017024";"HOSPITAL  MILITAR LUIS ARIAS SCHEREIBER";"240800";"HOSPITALIZACIÓN QUIRÚRGICA CIRUGÍA PLÁSTICA/RECONSTRUCTIVA/ REPARADORA ";"19";"11";"60";"180";"14";"434";"0"
"2023";"01";"150113";"LIMA";"LIMA";"JESUS MARIA";"SANIDAD DEL EJERCITO DEL PERU";"III-1";"00017024";"HOSPITAL  MILITAR LUIS ARIAS SCHEREIBER";"240900";"HOSPITALIZACIÓN QUIRÚRGICA NEUROCIRUGÍA ";"7";"0";"27";"189";"27";"837";"0"
"2023";"01";"150113";"LIMA";"LIMA";"JESUS MARIA";"SANIDAD DEL EJERCITO DEL PERU";"III-1";"00017024";"HOSPITAL  MILITAR LUIS ARIAS SCHEREIBER";"241200";"HOSPITALIZACIÓN QUIRÚRGICA TRAUMATOLOGÍA Y ORTOPEDIA ";"38";"3";"44";"1540";"97";"3007";"0"
"2023";"01";"150113";"LIMA";"LIMA";"JESUS MARIA";"SANIDAD DEL EJERCITO DEL PERU";"III-1";"00017024";"HOSPITAL  MILITAR LUIS ARIAS SCHEREIBER";"241300";"HOSPITALIZACIÓN QUIRÚRGICA UROLOGÍA  ";"1";"0";"3";"9";"12";"372";"0"
"2023";"01";"150113";"LIMA";"LIMA";"JESUS MARIA";"SANIDAD DEL EJERCITO DEL PERU";"III-1";"00017024";"HOSPITAL  MILITAR LUIS ARIAS SCHEREIBER";"241400";"HOSPITALIZACIÓN QUIRÚRGICA GINECO - OBSTETRICIA ";"42";"28";"114";"228";"19";"589";"0"
"2023";"01";"150113";"LIMA";"LIMA";"JESUS MARIA";"SANIDAD DEL EJERCITO DEL PERU";"III-1";"00017024";"HOSPITAL  MILITAR LUIS ARIAS SCHEREIBER";"241900";"HOSPITALIZACIÓN DE MEDICINA MEDICINA INTERNA ";"83";"17";"162";"1296";"240";"7440";"8"
"2023";"01";"150113";"LIMA";"LIMA";"JESUS MARIA";"SANIDAD DEL EJERCITO DEL PERU";"III-1";"00017024";"HOSPITAL  MILITAR LUIS ARIAS SCHEREIBER";"242100";"HOSPITALIZACIÓN DE MEDICINA ONCOLOGÍA MÉDICA ";"4";"0";"18";"162";"13";"403";"2"
"2023";"01";"150113";"LIMA";"LIMA";"JESUS MARIA";"SANIDAD DEL EJERCITO DEL PERU";"III-1";"00017024";"HOSPITAL  MILITAR LUIS ARIAS SCHEREIBER";"242200";"HOSPITALIZACIÓN DE MEDICINA PSIQUIATRÍA ";"15";"4";"54";"486";"24";"744";"0"
"2023";"01";"150113";"LIMA";"LIMA";"JESUS MARIA";"SANIDAD DEL EJERCITO DEL PERU";"III-1";"00017024";"HOSPITAL  MILITAR LUIS ARIAS SCHEREIBER";"242300";"HOSPITALIZACIÓN DE PEDIATRÍA  PEDIATRÍA  GENERAL ";"7";"2";"6";"120";"14";"434";"0"
"2023";"01";"150113";"LIMA";"LIMA";"JESUS MARIA";"SANIDAD DEL EJERCITO DEL PERU";"III-1";"00017024";"HOSPITAL  MILITAR LUIS ARIAS SCHEREIBER";"243200";"HOSPITALIZACIÓN DE PEDIATRÍA PEDIATRIA NEONATOLOGÍA";"16";"13";"91";"182";"15";"465";"0"
"2023";"01";"150113";"LIMA";"LIMA";"JESUS MARIA";"SANIDAD DEL EJERCITO DEL PERU";"III-1";"00017024";"HOSPITAL  MILITAR LUIS ARIAS SCHEREIBER";"244300";"HOSPITALIZACIÓN DE MEDICINA GASTROENTEROLOGÍA  ";"26";"2";"23";"345";"30";"930";"0"
"2023";"01";"150113";"LIMA";"LIMA";"JESUS MARIA";"SANIDAD DEL EJERCITO DEL PERU";"III-1";"00017024";"HOSPITAL  MILITAR LUIS ARIAS SCHEREIBER";"244700";"HOSPITALIZACIÓN DE MEDICINA NEUROLOGIA  ";"13";"3";"24";"216";"17";"527";"0"
"2023";"01";"150113";"LIMA";"LIMA";"JESUS MARIA";"SANIDAD DEL EJERCITO DEL PERU";"III-1";"00017024";"HOSPITAL  MILITAR LUIS ARIAS SCHEREIBER";"245300";"HOSPITALIZACIÓN DE MEDICINA NEUMOLOGÍA  ";"10";"2";"21";"168";"42";"1302";"1"
"2023";"01";"150113";"LIMA";"LIMA";"JESUS MARIA";"SANIDAD DEL EJERCITO DEL PERU";"III-1";"00017024";"HOSPITAL  MILITAR LUIS ARIAS SCHEREIBER";"250101";"UNIDAD DE CUIDADOS CRITICOS UNIDAD  DE CUIDADOS INTENSIVOS GENERALES (UCI) CARDIOLOGIA";"17";"3";"17";"136";"6";"186";"0"
"2023";"01";"150113";"LIMA";"LIMA";"JESUS MARIA";"SANIDAD DEL EJERCITO DEL PERU";"III-1";"00017024";"HOSPITAL  MILITAR LUIS ARIAS SCHEREIBER";"250103";"UNIDAD DE CUIDADOS CRITICOS UNIDAD  DE CUIDADOS INTENSIVOS GENERALES  (UCI) MEDICINA";"4";"1";"12";"84";"8";"248";"5"
"2023";"01";"040514";"AREQUIPA";"CAYLLOMA";"SAN ANTONIO DE CHUCA";"GOBIERNO REGIONAL";"I-2";"00001242";"PUESTO DE SALUD IMATA";"NE_0002";"";"NE_0002";"NE_0002";"NE_0002";"NE_0002";"NE_0002";"NE_0002";"NE_0002"
"2023";"01";"040128";"AREQUIPA";"AREQUIPA";"YURA";"GOBIERNO REGIONAL";"I-3";"00001253";"CENTRO DE SALUD CIUDAD DE DIOS";"NE_0002";"";"NE_0002";"NE_0002";"NE_0002";"NE_0002";"NE_0002";"NE_0002";"NE_0002"
"2023";"01";"040511";"AREQUIPA";"CAYLLOMA";"LLUTA";"GOBIERNO REGIONAL";"I-2";"00001255";"PUESTO DE SALUD LLUTA";"NE_0002";"";"NE_0002";"NE_0002";"NE_0002";"NE_0002";"NE_0002";"NE_0002";"NE_0002"
"2023";"01";"040511";"AREQUIPA";"CAYLLOMA";"LLUTA";"GOBIERNO REGIONAL";"I-2";"00001256";"PUESTO DE SALUD TAYA";"NE_0002";"";"NE_0002";"NE_0002";"NE_0002";"NE_0002";"NE_0002";"NE_0002";"NE_0002"
"2023";"01";"040126";"AREQUIPA";"AREQUIPA";"YANAHUARA";"GOBIERNO REGIONAL";"I-1";"00001241";"PUESTO DE SALUD SUMBAY - CHASQUIPAMPA";"NE_0002";"";"NE_0002";"NE_0002";"NE_0002";"NE_0002";"NE_0002";"NE_0002";"NE_0002"
"2023";"01";"040514";"AREQUIPA";"CAYLLOMA";"SAN ANTONIO DE CHUCA";"GOBIERNO REGIONAL";"I-1";"00001243";"PUESTO DE SALUD PILLONES";"NE_0002";"";"NE_0002";"NE_0002";"NE_0002";"NE_0002";"NE_0002";"NE_0002";"NE_0002"
"2023";"01";"040128";"AREQUIPA";"AREQUIPA";"YURA";"GOBIERNO REGIONAL";"I-2";"00001254";"PUESTO DE SALUD YURA";"NE_0002";"";"NE_0002";"NE_0002";"NE_0002";"NE_0002";"NE_0002";"NE_0002";"NE_0002"
"2023";"01";"040508";"AREQUIPA";"CAYLLOMA";"HUANCA";"GOBIERNO REGIONAL";"I-2";"00001239";"PUESTO DE SALUD HUANCA";"NE_0002";"";"NE_0002";"NE_0002";"NE_0002";"NE_0002";"NE_0002";"NE_0002";"NE_0002"
"2023";"01";"060609";"CAJAMARCA";"CUTERVO";"SAN JUAN DE CUTERVO";"GOBIERNO REGIONAL";"I-1";"00005031";"SANTA CRUZ DE LA SUCCHA";"NE_0001";"";"NE_0001";"NE_0001";"NE_0001";"NE_0001";"NE_0001";"NE_0001";"NE_0001"
"2023";"01";"150140";"LIMA";"LIMA";"SANTIAGO DE SURCO";"PRIVADO";"II-E";"00012219";"CLINICA MONTESUR";"241800";"HOSPITALIZACIÓN DE MEDICINA MEDICINA GENERAL ";"255";"252";"262";"234";"34";"155";"0"
"2023";"01";"150140";"LIMA";"LIMA";"SANTIAGO DE SURCO";"PRIVADO";"II-E";"00012219";"CLINICA MONTESUR";"243200";"HOSPITALIZACIÓN DE PEDIATRÍA PEDIATRIA NEONATOLOGÍA";"38";"40";"86";"36";"5";"986";"0"
"2023";"01";"120101";"JUNIN";"HUANCAYO";"HUANCAYO";"PRIVADO";"II-1";"00008516";"CLINICA SANTO DOMINGO";"240100";"HOSPITALIZACIÓN QUIRÚRGICA CIRUGÍA GENERAL ";"14";"14";"26";"26";"2";"31";"0"
"2023";"01";"120101";"JUNIN";"HUANCAYO";"HUANCAYO";"PRIVADO";"II-1";"00008516";"CLINICA SANTO DOMINGO";"245300";"HOSPITALIZACIÓN DE MEDICINA NEUMOLOGÍA  ";"1";"1";"3";"3";"1";"31";"0"
"2023";"01";"120101";"JUNIN";"HUANCAYO";"HUANCAYO";"PRIVADO";"II-1";"00008516";"CLINICA SANTO DOMINGO";"241200";"HOSPITALIZACIÓN QUIRÚRGICA TRAUMATOLOGÍA Y ORTOPEDIA ";"6";"6";"9";"9";"1";"31";"0"
"2023";"01";"120101";"JUNIN";"HUANCAYO";"HUANCAYO";"PRIVADO";"II-1";"00008516";"CLINICA SANTO DOMINGO";"241500";"HOSPITALIZACIÓN QUIRÚRGICA GINECOLOGÍA  ";"12";"12";"21";"21";"2";"30";"0"
"2023";"01";"120101";"JUNIN";"HUANCAYO";"HUANCAYO";"PRIVADO";"II-1";"00008516";"CLINICA SANTO DOMINGO";"244200";"HOSPITALIZACIÓN DE MEDICINA ENDOCRINOLOGIA ";"2";"2";"2";"2";"1";"20";"0"
"2023";"01";"120101";"JUNIN";"HUANCAYO";"HUANCAYO";"PRIVADO";"II-1";"00008516";"CLINICA SANTO DOMINGO";"245400";"HOSPITALIZACIÓN DE MEDICINA GINECOLOGIA ";"2";"2";"3";"3";"1";"20";"0"
"2023";"01";"120101";"JUNIN";"HUANCAYO";"HUANCAYO";"PRIVADO";"II-1";"00008516";"CLINICA SANTO DOMINGO";"241300";"HOSPITALIZACIÓN QUIRÚRGICA UROLOGÍA  ";"3";"3";"3";"3";"1";"20";"0"
"2023";"01";"160201";"LORETO";"ALTO AMAZONAS";"YURIMAGUAS";"GOBIERNO REGIONAL";"II-2";"00000210";"HOSPITAL II-2 SANTA GEMA DE YURIMAGUAS";"240100";"HOSPITALIZACIÓN QUIRÚRGICA CIRUGÍA GENERAL ";"62";"66";"207";"207";"7";"217";"0"
"2023";"01";"160201";"LORETO";"ALTO AMAZONAS";"YURIMAGUAS";"GOBIERNO REGIONAL";"II-2";"00000210";"HOSPITAL II-2 SANTA GEMA DE YURIMAGUAS";"240700";"HOSPITALIZACIÓN QUIRÚRGICA CIRUGÍA PEDIÁTRICA ";"6";"6";"20";"20";"1";"31";"0"
"2023";"01";"160201";"LORETO";"ALTO AMAZONAS";"YURIMAGUAS";"GOBIERNO REGIONAL";"II-2";"00000210";"HOSPITAL II-2 SANTA GEMA DE YURIMAGUAS";"241200";"HOSPITALIZACIÓN QUIRÚRGICA TRAUMATOLOGÍA Y ORTOPEDIA ";"19";"22";"104";"104";"7";"217";"0"
"2023";"01";"160201";"LORETO";"ALTO AMAZONAS";"YURIMAGUAS";"GOBIERNO REGIONAL";"II-2";"00000210";"HOSPITAL II-2 SANTA GEMA DE YURIMAGUAS";"241300";"HOSPITALIZACIÓN QUIRÚRGICA UROLOGÍA  ";"1";"1";"10";"10";"1";"31";"0"
"2023";"01";"160201";"LORETO";"ALTO AMAZONAS";"YURIMAGUAS";"GOBIERNO REGIONAL";"II-2";"00000210";"HOSPITAL II-2 SANTA GEMA DE YURIMAGUAS";"241500";"HOSPITALIZACIÓN QUIRÚRGICA GINECOLOGÍA  ";"49";"52";"114";"114";"8";"248";"0"
"2023";"01";"160201";"LORETO";"ALTO AMAZONAS";"YURIMAGUAS";"GOBIERNO REGIONAL";"II-2";"00000210";"HOSPITAL II-2 SANTA GEMA DE YURIMAGUAS";"241600";"HOSPITALIZACIÓN QUIRÚRGICA OBSTETRICIA   ";"230";"246";"468";"468";"25";"775";"0"
"2023";"01";"160201";"LORETO";"ALTO AMAZONAS";"YURIMAGUAS";"GOBIERNO REGIONAL";"II-2";"00000210";"HOSPITAL II-2 SANTA GEMA DE YURIMAGUAS";"241900";"HOSPITALIZACIÓN DE MEDICINA MEDICINA INTERNA ";"94";"103";"346";"346";"19";"589";"4"
"2023";"01";"160201";"LORETO";"ALTO AMAZONAS";"YURIMAGUAS";"GOBIERNO REGIONAL";"II-2";"00000210";"HOSPITAL II-2 SANTA GEMA DE YURIMAGUAS";"242500";"HOSPITALIZACIÓN-PEDIATRÍA GENERAL-";"45";"47";"172";"172";"8";"248";"0"
"2023";"01";"160201";"LORETO";"ALTO AMAZONAS";"YURIMAGUAS";"GOBIERNO REGIONAL";"II-2";"00000210";"HOSPITAL II-2 SANTA GEMA DE YURIMAGUAS";"243200";"HOSPITALIZACIÓN DE PEDIATRÍA PEDIATRIA NEONATOLOGÍA";"18";"20";"129";"129";"8";"248";"3"
"2023";"01";"160201";"LORETO";"ALTO AMAZONAS";"YURIMAGUAS";"GOBIERNO REGIONAL";"II-2";"00000210";"HOSPITAL II-2 SANTA GEMA DE YURIMAGUAS";"250304";"HOSPIT. EN UNIDAD DE CUID.INTEN.-UNIDAD DE VIGILANCIA INTENSIVA (UVI)-MEDICINA";"6";"10";"149";"149";"7";"217";"1"
"2023";"01";"060601";"CAJAMARCA";"CUTERVO";"CUTERVO";"GOBIERNO REGIONAL";"I-3";"00028745";"CENTRO DE SALUD MENTAL COMUNITARIO PLENITUD";"NE_0001";"";"NE_0001";"NE_0001";"NE_0001";"NE_0001";"NE_0001";"NE_0001";"NE_0001"
"2023";"02";"200601";"PIURA";"SULLANA";"SULLANA";"SANIDAD DE LA POLICIA NACIONAL DEL PERU";"I-2";"00010688";"POSTA  MEDICA  POLICIAL  SULLANA";"NE_0001";"";"NE_0001";"NE_0001";"NE_0001";"NE_0001";"NE_0001";"NE_0001";"NE_0001"
"2023";"02";"240101";"TUMBES";"TUMBES";"TUMBES";"GOBIERNO REGIONAL";"II-1";"00001908";"SAÚL GARRIDO ROSILLO";"NE_0002";"";"NE_0002";"NE_0002";"NE_0002";"NE_0002";"NE_0002";"NE_0002";"NE_0002"
"2023";"02";"040109";"AREQUIPA";"AREQUIPA";"MARIANO MELGAR";"PRIVADO";"II-E";"00019481";"CLINICA J. PRADO SANTA MARIA E.I.R.L.";"240000";"HOSPITALIZACIÓN";"227";"228";"303";"338";"35";"1085";"0"
"2023";"02";"080701";"CUSCO";"CHUMBIVILCAS";"SANTO TOMAS";"GOBIERNO REGIONAL";"I-2";"00008915";"PFULLPURI CONDEPAMPA";"NE_0001";"";"NE_0001";"NE_0001";"NE_0001";"NE_0001";"NE_0001";"NE_0001";"NE_0001"
"2023";"02";"080701";"CUSCO";"CHUMBIVILCAS";"SANTO TOMAS";"GOBIERNO REGIONAL";"I-1";"00006983";"ORCCOMA";"NE_0001";"";"NE_0001";"NE_0001";"NE_0001";"NE_0001";"NE_0001";"NE_0001";"NE_0001"
"2023";"02";"080707";"CUSCO";"CHUMBIVILCAS";"QUIÑOTA";"GOBIERNO REGIONAL";"I-1";"00007112";"YORENCCA";"NE_0001";"";"NE_0001";"NE_0001";"NE_0001";"NE_0001";"NE_0001";"NE_0001";"NE_0001"
"2023";"02";"150111";"LIMA";"LIMA";"EL AGUSTINO";"MINSA";"III-1";"00005946";"HOSPITAL NACIONAL HIPOLITO UNANUE";"241600";"HOSPITALIZACIÓN QUIRÚRGICA OBSTETRICIA   ";"366";"442";"1185";"743";"45";"1260";"0"
"2023";"02";"150111";"LIMA";"LIMA";"EL AGUSTINO";"MINSA";"III-1";"00005946";"HOSPITAL NACIONAL HIPOLITO UNANUE";"243200";"HOSPITALIZACIÓN DE PEDIATRÍA PEDIATRIA NEONATOLOGÍA";"84";"58";"709";"889";"50";"1400";"1"
"2023";"02";"150111";"LIMA";"LIMA";"EL AGUSTINO";"MINSA";"III-1";"00005946";"HOSPITAL NACIONAL HIPOLITO UNANUE";"242500";"HOSPITALIZACIÓN-PEDIATRÍA GENERAL-";"69";"59";"302";"340";"34";"952";"1"
"2023";"02";"150111";"LIMA";"LIMA";"EL AGUSTINO";"MINSA";"III-1";"00005946";"HOSPITAL NACIONAL HIPOLITO UNANUE";"240100";"HOSPITALIZACIÓN QUIRÚRGICA CIRUGÍA GENERAL ";"233";"202";"1374";"1434";"65";"1820";"2"
"2023";"02";"150111";"LIMA";"LIMA";"EL AGUSTINO";"MINSA";"III-1";"00005946";"HOSPITAL NACIONAL HIPOLITO UNANUE";"241100";"HOSPITALIZACIÓN QUIRÚRGICA OTORRINOLARINGOLOGÍA  ";"27";"30";"104";"99";"4";"112";"0"
"2023";"02";"150111";"LIMA";"LIMA";"EL AGUSTINO";"MINSA";"III-1";"00005946";"HOSPITAL NACIONAL HIPOLITO UNANUE";"240700";"HOSPITALIZACIÓN QUIRÚRGICA CIRUGÍA PEDIÁTRICA ";"32";"35";"214";"243";"10";"280";"0"
"2023";"02";"150111";"LIMA";"LIMA";"EL AGUSTINO";"MINSA";"III-1";"00005946";"HOSPITAL NACIONAL HIPOLITO UNANUE";"241200";"HOSPITALIZACIÓN QUIRÚRGICA TRAUMATOLOGÍA Y ORTOPEDIA ";"0";"51";"760";"832";"33";"924";"0"
"2023";"02";"150111";"LIMA";"LIMA";"EL AGUSTINO";"MINSA";"III-1";"00005946";"HOSPITAL NACIONAL HIPOLITO UNANUE";"241800";"HOSPITALIZACIÓN DE MEDICINA MEDICINA GENERAL ";"200";"225";"2716";"2152";"80";"2240";"30"
"2023";"02";"150111";"LIMA";"LIMA";"EL AGUSTINO";"MINSA";"III-1";"00005946";"HOSPITAL NACIONAL HIPOLITO UNANUE";"241300";"HOSPITALIZACIÓN QUIRÚRGICA UROLOGÍA  ";"26";"26";"293";"266";"10";"280";"0"
"2023";"02";"150111";"LIMA";"LIMA";"EL AGUSTINO";"MINSA";"III-1";"00005946";"HOSPITAL NACIONAL HIPOLITO UNANUE";"240900";"HOSPITALIZACIÓN QUIRÚRGICA NEUROCIRUGÍA ";"12";"22";"407";"357";"14";"392";"3"
"2023";"02";"150111";"LIMA";"LIMA";"EL AGUSTINO";"MINSA";"III-1";"00005946";"HOSPITAL NACIONAL HIPOLITO UNANUE";"240300";"HOSPITALIZACIÓN QUIRÚRGICA CIRUGÍA DIGESTIVA ";"58";"59";"590";"682";"26";"728";"3"
"2023";"02";"150111";"LIMA";"LIMA";"EL AGUSTINO";"MINSA";"III-1";"00005946";"HOSPITAL NACIONAL HIPOLITO UNANUE";"240400";"HOSPITALIZACIÓN QUIRÚRGICA CIRUGÍA DE TÓRAX Y CARDIOVASCULAR ";"155";"130";"2066";"2307";"120";"3360";"10"
"2023";"02";"150111";"LIMA";"LIMA";"EL AGUSTINO";"MINSA";"III-1";"00005946";"HOSPITAL NACIONAL HIPOLITO UNANUE";"240800";"HOSPITALIZACIÓN QUIRÚRGICA CIRUGÍA PLÁSTICA/RECONSTRUCTIVA/ REPARADORA ";"10";"16";"288";"357";"13";"364";"0"
"2023";"02";"150111";"LIMA";"LIMA";"EL AGUSTINO";"MINSA";"III-1";"00005946";"HOSPITAL NACIONAL HIPOLITO UNANUE";"240200";"HOSPITALIZACIÓN QUIRÚRGICA CIRUGÍA DE CABEZA Y CUELLO / MÁXILO FACIAL ";"29";"25";"285";"266";"11";"308";"0"
"2023";"02";"150111";"LIMA";"LIMA";"EL AGUSTINO";"MINSA";"III-1";"00005946";"HOSPITAL NACIONAL HIPOLITO UNANUE";"250100";"UNIDAD DE CUIDADOS CRITICOS UNIDAD  DE CUIDADOS INTENSIVOS GENERALES (UCI) ";"11";"6";"203";"428";"16";"448";"5"
"2023";"02";"150111";"LIMA";"LIMA";"EL AGUSTINO";"MINSA";"III-1";"00005946";"HOSPITAL NACIONAL HIPOLITO UNANUE";"241500";"HOSPITALIZACIÓN QUIRÚRGICA GINECOLOGÍA  ";"167";"90";"331";"700";"46";"1288";"0"
"2023";"02";"150111";"LIMA";"LIMA";"EL AGUSTINO";"MINSA";"III-1";"00005946";"HOSPITAL NACIONAL HIPOLITO UNANUE";"240600";"HOSPITALIZACIÓN QUIRÚRGICA CIRUGÍA OFTALMOLÓGICA ";"5";"4";"10";"42";"2";"56";"0"
"2023";"02";"150111";"LIMA";"LIMA";"EL AGUSTINO";"MINSA";"III-1";"00005946";"HOSPITAL NACIONAL HIPOLITO UNANUE";"242200";"HOSPITALIZACIÓN DE MEDICINA PSIQUIATRÍA ";"2";"3";"6";"6";"4";"112";"0"
"2023";"02";"150111";"LIMA";"LIMA";"EL AGUSTINO";"MINSA";"III-1";"00005946";"HOSPITAL NACIONAL HIPOLITO UNANUE";"242000";"HOSPITALIZACIÓN DE MEDICINA MEDICINA TROPICAL E INFECCIOSAS ";"11";"13";"261";"336";"12";"336";"3"
"2023";"02";"090301";"HUANCAVELICA";"ANGARAES";"LIRCAY";"GOBIERNO REGIONAL";"I-1";"00003946";"PIRCAPAHUANA";"NE_0001";"";"NE_0001";"NE_0001";"NE_0001";"NE_0001";"NE_0001";"NE_0001";"NE_0001"
"2023";"02";"090301";"HUANCAVELICA";"ANGARAES";"LIRCAY";"GOBIERNO REGIONAL";"I-2";"00003949";"CHAHUARMA";"NE_0001";"";"NE_0001";"NE_0001";"NE_0001";"NE_0001";"NE_0001";"NE_0001";"NE_0001"
"2023";"01";"040101";"AREQUIPA";"AREQUIPA";"AREQUIPA";"PRIVADO";"II-E";"00017588";"MELO CLINICA DE FERTILIDAD, GINECOLOGIA Y OBSTETRICIA";"241400";"HOSPITALIZACIÓN QUIRÚRGICA GINECO - OBSTETRICIA ";"31";"31";"31";"31";"4";"120";"0"
"2023";"01";"150140";"LIMA";"LIMA";"SANTIAGO DE SURCO";"PRIVADO";"I-3";"00024299";"CLINICA INTERNACIONAL - SEDE SURCO";"NE_0001";"";"NE_0001";"NE_0001";"NE_0001";"NE_0001";"NE_0001";"NE_0001";"NE_0001"
"2023";"01";"230101";"TACNA";"TACNA";"TACNA";"PRIVADO";"II-1";"00027462";"CLINICA LA LUZ";"240100";"HOSPITALIZACIÓN QUIRÚRGICA CIRUGÍA GENERAL ";"39";"35";"31";"42";"3";"126";"0"
"2023";"01";"230101";"TACNA";"TACNA";"TACNA";"PRIVADO";"II-1";"00027462";"CLINICA LA LUZ";"241300";"HOSPITALIZACIÓN QUIRÚRGICA UROLOGÍA  ";"16";"14";"12";"19";"4";"76";"0"
"2023";"01";"230101";"TACNA";"TACNA";"TACNA";"PRIVADO";"II-1";"00027462";"CLINICA LA LUZ";"240800";"HOSPITALIZACIÓN QUIRÚRGICA CIRUGÍA PLÁSTICA/RECONSTRUCTIVA/ REPARADORA ";"25";"25";"23";"31";"3";"93";"0"
"2023";"01";"230101";"TACNA";"TACNA";"TACNA";"PRIVADO";"II-1";"00027462";"CLINICA LA LUZ";"241200";"HOSPITALIZACIÓN QUIRÚRGICA TRAUMATOLOGÍA Y ORTOPEDIA ";"4";"4";"3";"4";"2";"8";"0"
"2023";"01";"230101";"TACNA";"TACNA";"TACNA";"PRIVADO";"II-1";"00027462";"CLINICA LA LUZ";"241500";"HOSPITALIZACIÓN QUIRÚRGICA GINECOLOGÍA  ";"12";"11";"10";"12";"2";"24";"0"
"2023";"01";"230101";"TACNA";"TACNA";"TACNA";"PRIVADO";"II-1";"00027462";"CLINICA LA LUZ";"243200";"HOSPITALIZACIÓN DE PEDIATRÍA PEDIATRIA NEONATOLOGÍA";"9";"8";"7";"9";"4";"36";"0"
"2023";"01";"230101";"TACNA";"TACNA";"TACNA";"PRIVADO";"II-1";"00027462";"CLINICA LA LUZ";"244700";"HOSPITALIZACIÓN DE MEDICINA NEUROLOGIA  ";"2";"1";"1";"8";"2";"16";"0"
"2023";"01";"230101";"TACNA";"TACNA";"TACNA";"PRIVADO";"II-1";"00027462";"CLINICA LA LUZ";"241000";"HOSPITALIZACIÓN QUIRÚRGICA ONCOLOGÍA QUIRÚRGICA  ";"1";"1";"1";"1";"3";"4";"0"
"2023";"01";"230101";"TACNA";"TACNA";"TACNA";"PRIVADO";"II-1";"00027462";"CLINICA LA LUZ";"242300";"HOSPITALIZACIÓN DE PEDIATRÍA  PEDIATRÍA  GENERAL ";"2";"2";"1";"2";"2";"4";"0"
"2023";"01";"230101";"TACNA";"TACNA";"TACNA";"PRIVADO";"II-1";"00027462";"CLINICA LA LUZ";"240900";"HOSPITALIZACIÓN QUIRÚRGICA NEUROCIRUGÍA ";"1";"1";"1";"1";"4";"5";"0"
"2023";"01";"230101";"TACNA";"TACNA";"TACNA";"PRIVADO";"II-1";"00027462";"CLINICA LA LUZ";"241800";"HOSPITALIZACIÓN DE MEDICINA MEDICINA GENERAL ";"1";"1";"1";"1";"3";"4";"1"
"2023";"01";"040126";"AREQUIPA";"AREQUIPA";"YANAHUARA";"PRIVADO";"II-1";"00012907";"SISTEMAS DE ADMINISTRACION HOSPITALARIA S.A.C.";"241900";"HOSPITALIZACIÓN DE MEDICINA MEDICINA INTERNA ";"7";"7";"41";"7";"14";"434";"0"
"2023";"01";"040126";"AREQUIPA";"AREQUIPA";"YANAHUARA";"PRIVADO";"II-1";"00012907";"SISTEMAS DE ADMINISTRACION HOSPITALARIA S.A.C.";"242100";"HOSPITALIZACIÓN DE MEDICINA ONCOLOGÍA MÉDICA ";"4";"4";"68";"3";"14";"434";"0"
"2023";"01";"040126";"AREQUIPA";"AREQUIPA";"YANAHUARA";"PRIVADO";"II-1";"00012907";"SISTEMAS DE ADMINISTRACION HOSPITALARIA S.A.C.";"240100";"HOSPITALIZACIÓN QUIRÚRGICA CIRUGÍA GENERAL ";"49";"49";"303";"49";"14";"434";"0"
"2023";"01";"040126";"AREQUIPA";"AREQUIPA";"YANAHUARA";"PRIVADO";"II-1";"00012907";"SISTEMAS DE ADMINISTRACION HOSPITALARIA S.A.C.";"241100";"HOSPITALIZACIÓN QUIRÚRGICA OTORRINOLARINGOLOGÍA  ";"5";"5";"4";"5";"14";"434";"0"
"2023";"01";"040126";"AREQUIPA";"AREQUIPA";"YANAHUARA";"PRIVADO";"II-1";"00012907";"SISTEMAS DE ADMINISTRACION HOSPITALARIA S.A.C.";"242300";"HOSPITALIZACIÓN DE PEDIATRÍA  PEDIATRÍA  GENERAL ";"11";"11";"53";"11";"14";"434";"0"
"2023";"01";"040126";"AREQUIPA";"AREQUIPA";"YANAHUARA";"PRIVADO";"II-1";"00012907";"SISTEMAS DE ADMINISTRACION HOSPITALARIA S.A.C.";"241200";"HOSPITALIZACIÓN QUIRÚRGICA TRAUMATOLOGÍA Y ORTOPEDIA ";"9";"9";"11";"9";"14";"434";"0"
"2023";"01";"040126";"AREQUIPA";"AREQUIPA";"YANAHUARA";"PRIVADO";"II-1";"00012907";"SISTEMAS DE ADMINISTRACION HOSPITALARIA S.A.C.";"241400";"HOSPITALIZACIÓN QUIRÚRGICA GINECO - OBSTETRICIA ";"46";"46";"312";"46";"14";"434";"0"
"2023";"01";"090301";"HUANCAVELICA";"ANGARAES";"LIRCAY";"GOBIERNO REGIONAL";"II-1";"00003943";"HOSPITAL DE LIRCAY";"240100";"HOSPITALIZACIÓN QUIRÚRGICA CIRUGÍA GENERAL ";"19";"19";"60";"19";"6";"186";"0"
"2023";"01";"090301";"HUANCAVELICA";"ANGARAES";"LIRCAY";"GOBIERNO REGIONAL";"II-1";"00003943";"HOSPITAL DE LIRCAY";"245400";"HOSPITALIZACIÓN DE MEDICINA GINECOLOGIA ";"74";"82";"147";"74";"9";"279";"0"
"2023";"01";"090301";"HUANCAVELICA";"ANGARAES";"LIRCAY";"GOBIERNO REGIONAL";"II-1";"00003943";"HOSPITAL DE LIRCAY";"241900";"HOSPITALIZACIÓN DE MEDICINA MEDICINA INTERNA ";"7";"10";"61";"7";"26";"806";"1"
"2023";"01";"090301";"HUANCAVELICA";"ANGARAES";"LIRCAY";"GOBIERNO REGIONAL";"II-1";"00003943";"HOSPITAL DE LIRCAY";"242300";"HOSPITALIZACIÓN DE PEDIATRÍA  PEDIATRÍA  GENERAL ";"8";"8";"38";"8";"3";"93";"0"
"2023";"02";"130101";"LA LIBERTAD";"TRUJILLO";"TRUJILLO";"PRIVADO";"I-3";"00027028";"EL GALENO DE ICA";"NE_0001";"";"NE_0001";"NE_0001";"NE_0001";"NE_0001";"NE_0001";"NE_0001";"NE_0001"
"2023";"02";"040101";"AREQUIPA";"AREQUIPA";"AREQUIPA";"ESSALUD";"III-1";"00013290";"HOSPITAL NACIONAL III-1 CARLOS ALBERTO SEGUÍN ESCOBEDO";"241900";"HOSPITALIZACIÓN DE MEDICINA MEDICINA INTERNA ";"345";"277";"4110";"4240";"158";"4424";"22"
"2023";"02";"040101";"AREQUIPA";"AREQUIPA";"AREQUIPA";"ESSALUD";"III-1";"00013290";"HOSPITAL NACIONAL III-1 CARLOS ALBERTO SEGUÍN ESCOBEDO";"240200";"HOSPITALIZACIÓN QUIRÚRGICA CIRUGÍA DE CABEZA Y CUELLO / MÁXILO FACIAL ";"30";"32";"164";"121";"6";"168";"0"
"2023";"02";"040101";"AREQUIPA";"AREQUIPA";"AREQUIPA";"ESSALUD";"III-1";"00013290";"HOSPITAL NACIONAL III-1 CARLOS ALBERTO SEGUÍN ESCOBEDO";"240400";"HOSPITALIZACIÓN QUIRÚRGICA CIRUGÍA DE TÓRAX Y CARDIOVASCULAR ";"30";"22";"470";"326";"12";"336";"0"
"2023";"02";"040101";"AREQUIPA";"AREQUIPA";"AREQUIPA";"ESSALUD";"III-1";"00013290";"HOSPITAL NACIONAL III-1 CARLOS ALBERTO SEGUÍN ESCOBEDO";"241000";"HOSPITALIZACIÓN QUIRÚRGICA ONCOLOGÍA QUIRÚRGICA  ";"11";"7";"161";"167";"6";"168";"0"
"2023";"02";"040101";"AREQUIPA";"AREQUIPA";"AREQUIPA";"ESSALUD";"III-1";"00013290";"HOSPITAL NACIONAL III-1 CARLOS ALBERTO SEGUÍN ESCOBEDO";"240800";"HOSPITALIZACIÓN QUIRÚRGICA CIRUGÍA PLÁSTICA/RECONSTRUCTIVA/ REPARADORA ";"20";"19";"249";"237";"10";"280";"0"
"2023";"02";"040101";"AREQUIPA";"AREQUIPA";"AREQUIPA";"ESSALUD";"III-1";"00013290";"HOSPITAL NACIONAL III-1 CARLOS ALBERTO SEGUÍN ESCOBEDO";"240900";"HOSPITALIZACIÓN QUIRÚRGICA NEUROCIRUGÍA ";"31";"29";"488";"360";"14";"392";"2"
"2023";"02";"040101";"AREQUIPA";"AREQUIPA";"AREQUIPA";"ESSALUD";"III-1";"00013290";"HOSPITAL NACIONAL III-1 CARLOS ALBERTO SEGUÍN ESCOBEDO";"240100";"HOSPITALIZACIÓN QUIRÚRGICA CIRUGÍA GENERAL ";"80";"79";"466";"321";"12";"336";"1"
"2023";"02";"040101";"AREQUIPA";"AREQUIPA";"AREQUIPA";"ESSALUD";"III-1";"00013290";"HOSPITAL NACIONAL III-1 CARLOS ALBERTO SEGUÍN ESCOBEDO";"241100";"HOSPITALIZACIÓN QUIRÚRGICA OTORRINOLARINGOLOGÍA  ";"36";"32";"108";"137";"5";"140";"0"
"2023";"02";"040101";"AREQUIPA";"AREQUIPA";"AREQUIPA";"ESSALUD";"III-1";"00013290";"HOSPITAL NACIONAL III-1 CARLOS ALBERTO SEGUÍN ESCOBEDO";"242202";"HOSPITALIZACIÓN DE MEDICINA PSIQUIATRÍA PSIQUIATRÍA DEL ADULTO Y GERONTE";"18";"18";"559";"520";"24";"672";"0"
"2023";"02";"040101";"AREQUIPA";"AREQUIPA";"AREQUIPA";"ESSALUD";"III-1";"00013290";"HOSPITAL NACIONAL III-1 CARLOS ALBERTO SEGUÍN ESCOBEDO";"241200";"HOSPITALIZACIÓN QUIRÚRGICA TRAUMATOLOGÍA Y ORTOPEDIA ";"97";"93";"791";"715";"26";"728";"3"
"2023";"02";"040101";"AREQUIPA";"AREQUIPA";"AREQUIPA";"ESSALUD";"III-1";"00013290";"HOSPITAL NACIONAL III-1 CARLOS ALBERTO SEGUÍN ESCOBEDO";"241300";"HOSPITALIZACIÓN QUIRÚRGICA UROLOGÍA  ";"29";"25";"199";"204";"8";"224";"0"
"2023";"02";"040101";"AREQUIPA";"AREQUIPA";"AREQUIPA";"ESSALUD";"III-1";"00013290";"HOSPITAL NACIONAL III-1 CARLOS ALBERTO SEGUÍN ESCOBEDO";"240100";"HOSPITALIZACIÓN QUIRÚRGICA CIRUGÍA GENERAL ";"102";"98";"750";"779";"29";"812";"2"
"2023";"02";"040101";"AREQUIPA";"AREQUIPA";"AREQUIPA";"ESSALUD";"III-1";"00013290";"HOSPITAL NACIONAL III-1 CARLOS ALBERTO SEGUÍN ESCOBEDO";"240700";"HOSPITALIZACIÓN QUIRÚRGICA CIRUGÍA PEDIÁTRICA ";"1";"1";"20";"20";"1";"28";"0"
"2023";"02";"040101";"AREQUIPA";"AREQUIPA";"AREQUIPA";"ESSALUD";"III-1";"00013290";"HOSPITAL NACIONAL III-1 CARLOS ALBERTO SEGUÍN ESCOBEDO";"241500";"HOSPITALIZACIÓN QUIRÚRGICA GINECOLOGÍA  ";"40";"36";"107";"111";"4";"112";"0"
"2023";"02";"040101";"AREQUIPA";"AREQUIPA";"AREQUIPA";"ESSALUD";"III-1";"00013290";"HOSPITAL NACIONAL III-1 CARLOS ALBERTO SEGUÍN ESCOBEDO";"242300";"HOSPITALIZACIÓN DE PEDIATRÍA  PEDIATRÍA  GENERAL ";"12";"14";"227";"215";"10";"280";"0"
"2023";"02";"040101";"AREQUIPA";"AREQUIPA";"AREQUIPA";"ESSALUD";"III-1";"00013290";"HOSPITAL NACIONAL III-1 CARLOS ALBERTO SEGUÍN ESCOBEDO";"243200";"HOSPITALIZACIÓN DE PEDIATRÍA PEDIATRIA NEONATOLOGÍA";"67";"58";"402";"184";"9";"252";"0"
"2023";"02";"040101";"AREQUIPA";"AREQUIPA";"AREQUIPA";"ESSALUD";"III-1";"00013290";"HOSPITAL NACIONAL III-1 CARLOS ALBERTO SEGUÍN ESCOBEDO";"241600";"HOSPITALIZACIÓN QUIRÚRGICA OBSTETRICIA   ";"105";"107";"358";"351";"16";"448";"0"
"2023";"02";"040101";"AREQUIPA";"AREQUIPA";"AREQUIPA";"ESSALUD";"III-1";"00013290";"HOSPITAL NACIONAL III-1 CARLOS ALBERTO SEGUÍN ESCOBEDO";"241700";"HOSPITALIZACIÓN QUIRÚRGICA GINECOLOGÍA   GINECOLOGIA ONCOLOGiCA";"45";"45";"170";"169";"7";"196";"0"
"2023";"02";"040101";"AREQUIPA";"AREQUIPA";"AREQUIPA";"ESSALUD";"III-1";"00013290";"HOSPITAL NACIONAL III-1 CARLOS ALBERTO SEGUÍN ESCOBEDO";"242300";"HOSPITALIZACIÓN DE PEDIATRÍA  PEDIATRÍA  GENERAL ";"28";"25";"1118";"309";"14";"392";"1"
"2023";"02";"040101";"AREQUIPA";"AREQUIPA";"AREQUIPA";"ESSALUD";"III-1";"00013290";"HOSPITAL NACIONAL III-1 CARLOS ALBERTO SEGUÍN ESCOBEDO";"250100";"UNIDAD DE CUIDADOS CRITICOS UNIDAD  DE CUIDADOS INTENSIVOS GENERALES (UCI) ";"92";"87";"1290";"1324";"53";"1484";"7"
"2023";"02";"040101";"AREQUIPA";"AREQUIPA";"AREQUIPA";"ESSALUD";"III-1";"00013290";"HOSPITAL NACIONAL III-1 CARLOS ALBERTO SEGUÍN ESCOBEDO";"250200";"UNIDAD DE CUIDADOS CRITICOS UNIDAD DE CUIDADOS INTERMEDIOS GENERAL  (UCIN) ";"41";"39";"230";"294";"12";"336";"0"
"2023";"02";"140101";"LAMBAYEQUE";"CHICLAYO";"CHICLAYO";"PRIVADO";"II-E";"00030057";"CLINICAS AUNAS SEDE CHICLAYO";"240000";"HOSPITALIZACIÓN";"193";"200";"991";"920";"42";"1176";"2"
"2023";"02";"250105";"UCAYALI";"CORONEL PORTILLO";"YARINACOCHA";"ESSALUD";"I-3";"00009598";"CENTRO DE ATENCION INTEGRAL ESSALUD ALAMEDAS";"NE_0001";"";"NE_0001";"NE_0001";"NE_0001";"NE_0001";"NE_0001";"NE_0001";"NE_0001"
"2023";"02";"081003";"CUSCO";"PARURO";"CCAPI";"GOBIERNO REGIONAL";"I-2";"00002501";"CCAPI";"NE_0002";"";"NE_0002";"NE_0002";"NE_0002";"NE_0002";"NE_0002";"NE_0002";"NE_0002"
"2023";"02";"081003";"CUSCO";"PARURO";"CCAPI";"GOBIERNO REGIONAL";"I-2";"00002502";"CCOYABAMBA";"NE_0002";"";"NE_0002";"NE_0002";"NE_0002";"NE_0002";"NE_0002";"NE_0002";"NE_0002"
"2023";"02";"081005";"CUSCO";"PARURO";"HUANOQUITE";"GOBIERNO REGIONAL";"I-2";"00002504";"HUANOQUITE";"NE_0002";"";"NE_0002";"NE_0002";"NE_0002";"NE_0002";"NE_0002";"NE_0002";"NE_0002"
"2023";"02";"081004";"CUSCO";"PARURO";"COLCHA";"GOBIERNO REGIONAL";"I-1";"00006978";"CCOCHIRIHUAY";"NE_0002";"";"NE_0002";"NE_0002";"NE_0002";"NE_0002";"NE_0002";"NE_0002";"NE_0002"
"2023";"02";"081006";"CUSCO";"PARURO";"OMACHA";"GOBIERNO REGIONAL";"I-2";"00002506";"ANTAPALLPA";"NE_0002";"";"NE_0002";"NE_0002";"NE_0002";"NE_0002";"NE_0002";"NE_0002";"NE_0002"
"2023";"02";"081007";"CUSCO";"PARURO";"PACCARITAMBO";"GOBIERNO REGIONAL";"I-2";"00002507";"PACCARECTAMBO";"NE_0002";"";"NE_0002";"NE_0002";"NE_0002";"NE_0002";"NE_0002";"NE_0002";"NE_0002"
"2023";"02";"081006";"CUSCO";"PARURO";"OMACHA";"GOBIERNO REGIONAL";"I-1";"00012924";"SAHUA SAHUA";"NE_0002";"";"NE_0002";"NE_0002";"NE_0002";"NE_0002";"NE_0002";"NE_0002";"NE_0002"
"2023";"02";"081006";"CUSCO";"PARURO";"OMACHA";"GOBIERNO REGIONAL";"I-2";"00002505";"OMACHA";"NE_0002";"";"NE_0002";"NE_0002";"NE_0002";"NE_0002";"NE_0002";"NE_0002";"NE_0002"
"2023";"02";"081009";"CUSCO";"PARURO";"YAURISQUE";"GOBIERNO REGIONAL";"I-3";"00002509";"YAURISQUE";"NE_0002";"";"NE_0002";"NE_0002";"NE_0002";"NE_0002";"NE_0002";"NE_0002";"NE_0002"
"2023";"02";"081002";"CUSCO";"PARURO";"ACCHA";"GOBIERNO REGIONAL";"I-3";"00002500";"ACCHA";"NE_0002";"";"NE_0002";"NE_0002";"NE_0002";"NE_0002";"NE_0002";"NE_0002";"NE_0002"
"2023";"02";"081004";"CUSCO";"PARURO";"COLCHA";"GOBIERNO REGIONAL";"I-1";"00002503";"COLCHA";"NE_0002";"";"NE_0002";"NE_0002";"NE_0002";"NE_0002";"NE_0002";"NE_0002";"NE_0002"
"2023";"02";"081006";"CUSCO";"PARURO";"OMACHA";"GOBIERNO REGIONAL";"I-2";"00007147";"PUESTO DE SALUD DE HUASQUILLAY";"NE_0002";"";"NE_0002";"NE_0002";"NE_0002";"NE_0002";"NE_0002";"NE_0002";"NE_0002"
"2023";"02";"081001";"CUSCO";"PARURO";"PARURO";"GOBIERNO REGIONAL";"I-4";"00002499";"PARURO";"NE_0002";"";"NE_0002";"NE_0002";"NE_0002";"NE_0002";"NE_0002";"NE_0002";"NE_0002"
"2023";"02";"100601";"HUANUCO";"LEONCIO PRADO";"RUPA-RUPA";"ESSALUD";"II-1";"00009180";"HOSPITAL I TINGO MARIA";"241800";"HOSPITALIZACIÓN DE MEDICINA MEDICINA GENERAL ";"35";"34";"48";"129";"7";"196";"0"
"2023";"02";"100601";"HUANUCO";"LEONCIO PRADO";"RUPA-RUPA";"ESSALUD";"II-1";"00009180";"HOSPITAL I TINGO MARIA";"240100";"HOSPITALIZACIÓN QUIRÚRGICA CIRUGÍA GENERAL ";"32";"30";"64";"103";"5";"140";"0"
"2023";"02";"100601";"HUANUCO";"LEONCIO PRADO";"RUPA-RUPA";"ESSALUD";"II-1";"00009180";"HOSPITAL I TINGO MARIA";"241500";"HOSPITALIZACIÓN QUIRÚRGICA GINECOLOGÍA  ";"26";"31";"108";"108";"4";"112";"0"
"2023";"02";"100601";"HUANUCO";"LEONCIO PRADO";"RUPA-RUPA";"ESSALUD";"II-1";"00009180";"HOSPITAL I TINGO MARIA";"241600";"HOSPITALIZACIÓN QUIRÚRGICA OBSTETRICIA   ";"22";"23";"133";"49";"3";"84";"0"
"2023";"02";"100601";"HUANUCO";"LEONCIO PRADO";"RUPA-RUPA";"ESSALUD";"II-1";"00009180";"HOSPITAL I TINGO MARIA";"242300";"HOSPITALIZACIÓN DE PEDIATRÍA  PEDIATRÍA  GENERAL ";"43";"43";"197";"122";"4";"122";"0"
"2023";"02";"100105";"HUANUCO";"HUANUCO";"MARGOS";"GOBIERNO REGIONAL";"I-3";"00000797";"MARGOS";"NE_0001";"";"NE_0001";"NE_0001";"NE_0001";"NE_0001";"NE_0001";"NE_0001";"NE_0001"
"2023";"02";"150140";"LIMA";"LIMA";"SANTIAGO DE SURCO";"ESSALUD";"I-3";"00008378";"POLICLINICO PROCERES";"NE_0001";"";"NE_0001";"NE_0001";"NE_0001";"NE_0001";"NE_0001";"NE_0001";"NE_0001"
"2023";"02";"160601";"LORETO";"UCAYALI";"CONTAMANA";"GOBIERNO REGIONAL";"II-1";"00000162";"HOSPITAL II-I  CONTAMANA";"242800";"HOSPITALIZACIÓN DE PEDIATRÍA PEDIATRIA ENDOCRINOLOGÍA PEDIÁTRICA";"110";"100";"305";"285";"15";"315";"0"
"2023";"02";"160601";"LORETO";"UCAYALI";"CONTAMANA";"GOBIERNO REGIONAL";"II-1";"00000162";"HOSPITAL II-I  CONTAMANA";"242900";"HOSPITALIZACIÓN DE PEDIATRÍA PEDIATRIA GASTROENTEROLOGÍA PEDIÁTRICA";"80";"71";"298";"352";"12";"372";"1"
"2023";"02";"160601";"LORETO";"UCAYALI";"CONTAMANA";"GOBIERNO REGIONAL";"II-1";"00000162";"HOSPITAL II-I  CONTAMANA";"243000";"HOSPITALIZACIÓN DE PEDIATRÍA PEDIATRIA GINECOLOGÍA PEDIÁTRICA";"75";"36";"683";"864";"30";"930";"25"
"2023";"02";"160601";"LORETO";"UCAYALI";"CONTAMANA";"GOBIERNO REGIONAL";"II-1";"00000162";"HOSPITAL II-I  CONTAMANA";"243100";"HOSPITALIZACIÓN DE PEDIATRÍA PEDIATRIA NEFROLOGÍA PEDIÁTRICA";"65";"43";"243";"253";"9";"279";"1"
"2023";"02";"160601";"LORETO";"UCAYALI";"CONTAMANA";"GOBIERNO REGIONAL";"II-1";"00000162";"HOSPITAL II-I  CONTAMANA";"243200";"HOSPITALIZACIÓN DE PEDIATRÍA PEDIATRIA NEONATOLOGÍA";"63";"47";"266";"277";"10";"310";"1"
"2023";"02";"160601";"LORETO";"UCAYALI";"CONTAMANA";"GOBIERNO REGIONAL";"II-1";"00000162";"HOSPITAL II-I  CONTAMANA";"243300";"HOSPITALIZACIÓN DE PEDIATRÍA PEDIATRIA NEUMOLOGÍA PEDIÁTRICA";"60";"25";"194";"50";"8";"190";"1"
"2023";"02";"160601";"LORETO";"UCAYALI";"CONTAMANA";"GOBIERNO REGIONAL";"II-1";"00000162";"HOSPITAL II-I  CONTAMANA";"243400";"HOSPITALIZACIÓN DE PEDIATRÍA PEDIATRIA NEUROLOGÍA PEDIÁTRICA";"35";"38";"160";"161";"7";"217";"1"
"2023";"02";"160601";"LORETO";"UCAYALI";"CONTAMANA";"GOBIERNO REGIONAL";"II-1";"00000162";"HOSPITAL II-I  CONTAMANA";"243500";"HOSPITALIZACIÓN DE PEDIATRÍA PEDIATRIA OFTALMOLOGÍA PEDIÁTRICA";"30";"27";"241";"321";"11";"341";"1"
"2023";"02";"160601";"LORETO";"UCAYALI";"CONTAMANA";"GOBIERNO REGIONAL";"II-1";"00000162";"HOSPITAL II-I  CONTAMANA";"243600";"HOSPITALIZACIÓN DE PEDIATRÍA PEDIATRIA ONCOLOGÍA PEDIÁTRICA";"18";"28";"188";"43";"8";"248";"1"
"2023";"02";"160601";"LORETO";"UCAYALI";"CONTAMANA";"GOBIERNO REGIONAL";"II-1";"00000162";"HOSPITAL II-I  CONTAMANA";"241800";"HOSPITALIZACIÓN DE MEDICINA MEDICINA GENERAL ";"18";"27";"117";"154";"7";"217";"1"
"2023";"02";"160601";"LORETO";"UCAYALI";"CONTAMANA";"GOBIERNO REGIONAL";"II-1";"00000162";"HOSPITAL II-I  CONTAMANA";"241900";"HOSPITALIZACIÓN DE MEDICINA MEDICINA INTERNA ";"60";"25";"377";"40";"16";"496";"12"
"2023";"02";"160601";"LORETO";"UCAYALI";"CONTAMANA";"GOBIERNO REGIONAL";"II-1";"00000162";"HOSPITAL II-I  CONTAMANA";"242000";"HOSPITALIZACIÓN DE MEDICINA MEDICINA TROPICAL E INFECCIOSAS ";"55";"35";"460";"486";"18";"528";"6"
"2023";"02";"160601";"LORETO";"UCAYALI";"CONTAMANA";"GOBIERNO REGIONAL";"II-1";"00000162";"HOSPITAL II-I  CONTAMANA";"242100";"HOSPITALIZACIÓN DE MEDICINA ONCOLOGÍA MÉDICA ";"39";"45";"395";"28";"18";"498";"5"
"2023";"02";"160601";"LORETO";"UCAYALI";"CONTAMANA";"GOBIERNO REGIONAL";"II-1";"00000162";"HOSPITAL II-I  CONTAMANA";"242201";"HOSPITALIZACIÓN DE MEDICINA PSIQUIATRÍA PSIQUIATRÍA - HOSPITALIZACIÓN DE DÍA";"38";"35";"225";"320";"15";"345";"2"
"2023";"02";"160601";"LORETO";"UCAYALI";"CONTAMANA";"GOBIERNO REGIONAL";"II-1";"00000162";"HOSPITAL II-I  CONTAMANA";"242202";"HOSPITALIZACIÓN DE MEDICINA PSIQUIATRÍA PSIQUIATRÍA DEL ADULTO Y GERONTE";"37";"37";"520";"525";"20";"530";"4"
"2023";"02";"130101";"LA LIBERTAD";"TRUJILLO";"TRUJILLO";"PRIVADO";"II-2";"00018404";"CLINICA SAN PABLO TRUJILLO";"240000";"HOSPITALIZACIÓN";"243";"250";"768";"977";"64";"1792";"1"
"2023";"02";"220304";"SAN MARTIN";"EL DORADO";"SANTA ROSA";"GOBIERNO REGIONAL";"I-1";"00006497";"SANTA ROSA";"NE_0001";"";"NE_0001";"NE_0001";"NE_0001";"NE_0001";"NE_0001";"NE_0001";"NE_0001"
"2023";"02";"220304";"SAN MARTIN";"EL DORADO";"SANTA ROSA";"GOBIERNO REGIONAL";"I-1";"00006500";"BARRANQUITA RIO SISA";"NE_0001";"";"NE_0001";"NE_0001";"NE_0001";"NE_0001";"NE_0001";"NE_0001";"NE_0001"
"2023";"02";"120702";"JUNIN";"TARMA";"ACOBAMBA";"GOBIERNO REGIONAL";"I-4";"00000521";"ACOBAMBA";"241600";"HOSPITALIZACIÓN QUIRÚRGICA OBSTETRICIA   ";"3";"4";"8";"6";"3";"84";"0"
"2023";"02";"120702";"JUNIN";"TARMA";"ACOBAMBA";"GOBIERNO REGIONAL";"I-1";"00000525";"HUAYLAHUICHAN";"NE_0001";"";"NE_0001";"NE_0001";"NE_0001";"NE_0001";"NE_0001";"NE_0001";"NE_0001"
"2023";"02";"120702";"JUNIN";"TARMA";"ACOBAMBA";"GOBIERNO REGIONAL";"I-1";"00000523";"HUARACAYO";"NE_0001";"";"NE_0001";"NE_0001";"NE_0001";"NE_0001";"NE_0001";"NE_0001";"NE_0001"
"2023";"02";"120702";"JUNIN";"TARMA";"ACOBAMBA";"GOBIERNO REGIONAL";"I-1";"00000524";"TUPIN";"NE_0001";"";"NE_0001";"NE_0001";"NE_0001";"NE_0001";"NE_0001";"NE_0001";"NE_0001"
"2023";"02";"150120";"LIMA";"LIMA";"MAGDALENA DEL MAR";"PRIVADO";"I-2";"00021289";"CLINICA DR AUGUSTO CACERES CABELLO-PIEL Y MEDICINA ESTETICA";"NE_0001";"";"NE_0001";"NE_0001";"NE_0001";"NE_0001";"NE_0001";"NE_0001";"NE_0001"
"2023";"02";"040126";"AREQUIPA";"AREQUIPA";"YANAHUARA";"PRIVADO";"II-E";"00021966";"CLINICA ALIVIARI";"NE_0001";"";"NE_0001";"NE_0001";"NE_0001";"NE_0001";"NE_0001";"NE_0001";"NE_0001"
"2023";"02";"200401";"PIURA";"MORROPON";"CHULUCANAS";"GOBIERNO REGIONAL";"II-1";"00002161";"E.S  II-1  HOSPITAL  CHULUCANAS";"240100";"HOSPITALIZACIÓN QUIRÚRGICA CIRUGÍA GENERAL ";"20";"20";"92";"113";"10";"280";"0"
"2023";"02";"200401";"PIURA";"MORROPON";"CHULUCANAS";"GOBIERNO REGIONAL";"II-1";"00002161";"E.S  II-1  HOSPITAL  CHULUCANAS";"241400";"HOSPITALIZACIÓN QUIRÚRGICA GINECO - OBSTETRICIA ";"189";"183";"391";"547";"22";"616";"0"
"2023";"02";"200401";"PIURA";"MORROPON";"CHULUCANAS";"GOBIERNO REGIONAL";"II-1";"00002161";"E.S  II-1  HOSPITAL  CHULUCANAS";"241800";"HOSPITALIZACIÓN DE MEDICINA MEDICINA GENERAL ";"42";"47";"94";"119";"14";"392";"1"
"2023";"02";"200401";"PIURA";"MORROPON";"CHULUCANAS";"GOBIERNO REGIONAL";"II-1";"00002161";"E.S  II-1  HOSPITAL  CHULUCANAS";"242500";"HOSPITALIZACIÓN-PEDIATRÍA GENERAL-";"20";"20";"28";"35";"6";"168";"0"
"2023";"02";"200401";"PIURA";"MORROPON";"CHULUCANAS";"GOBIERNO REGIONAL";"II-1";"00002161";"E.S  II-1  HOSPITAL  CHULUCANAS";"243200";"HOSPITALIZACIÓN DE PEDIATRÍA PEDIATRIA NEONATOLOGÍA";"9";"8";"78";"106";"8";"224";"0"
"2023";"01";"140101";"LAMBAYEQUE";"CHICLAYO";"CHICLAYO";"PRIVADO";"I-3";"00008229";"SERVIMEDICOS S.A.C.";"NE_0001";"";"NE_0001";"NE_0001";"NE_0001";"NE_0001";"NE_0001";"NE_0001";"NE_0001"
"2023";"01";"130904";"LA LIBERTAD";"SANCHEZ CARRION";"CURGOS";"GOBIERNO REGIONAL";"I-1";"00021651";"HUAYLLAGUAL";"NE_0001";"";"NE_0001";"NE_0001";"NE_0001";"NE_0001";"NE_0001";"NE_0001";"NE_0001"
"2023";"01";"130111";"LA LIBERTAD";"TRUJILLO";"VICTOR LARCO HERRERA";"GOBIERNO REGIONAL";"II-1";"00005243";"HOSPITAL DISTRITAL VISTA ALEGRE";"241400";"HOSPITALIZACIÓN QUIRÚRGICA GINECO - OBSTETRICIA ";"38";"35";"61";"61";"8";"248";"0"
"2023";"01";"140106";"LAMBAYEQUE";"CHICLAYO";"LA VICTORIA";"PRIVADO";"II-E";"00010972";"HOSPITAL PRIVADO JUAN PABLO II SAC";"240000";"HOSPITALIZACIÓN";"123";"238";"629";"756";"38";"1178";"2"
"2023";"01";"130904";"LA LIBERTAD";"SANCHEZ CARRION";"CURGOS";"GOBIERNO REGIONAL";"I-1";"00021652";"EL CALVARIO";"NE_0001";"";"NE_0001";"NE_0001";"NE_0001";"NE_0001";"NE_0001";"NE_0001";"NE_0001"
"2023";"01";"130904";"LA LIBERTAD";"SANCHEZ CARRION";"CURGOS";"GOBIERNO REGIONAL";"I-2";"00005357";"CURGOS-WALTER JUNIOR VELARDE ARTEAGA";"NE_0001";"";"NE_0001";"NE_0001";"NE_0001";"NE_0001";"NE_0001";"NE_0001";"NE_0001"
"2023";"02";"020101";"ANCASH";"HUARAZ";"HUARAZ";"SANIDAD DE LA POLICIA NACIONAL DEL PERU";"I-3";"00010205";"POLICLINICO PNP HUARAZ";"NE_0001";"";"NE_0001";"NE_0001";"NE_0001";"NE_0001";"NE_0001";"NE_0001";"NE_0001"
"2023";"02";"150132";"LIMA";"LIMA";"SAN JUAN DE LURIGANCHO";"SANIDAD DE LA POLICIA NACIONAL DEL PERU";"I-3";"00030839";"POLICLINICO POLICIAL ZARATE";"NE_0001";"";"NE_0001";"NE_0001";"NE_0001";"NE_0001";"NE_0001";"NE_0001";"NE_0001"
"2023";"02";"150112";"LIMA";"LIMA";"INDEPENDENCIA";"SANIDAD DE LA POLICIA NACIONAL DEL PERU";"I-2";"00012741";"POSTA MEDICA POLICIAL INDEPENDENCIA";"NE_0001";"";"NE_0001";"NE_0001";"NE_0001";"NE_0001";"NE_0001";"NE_0001";"NE_0001"
"2023";"02";"061105";"CAJAMARCA";"SAN MIGUEL";"EL PRADO";"GOBIERNO REGIONAL";"I-1";"00004540";"EL GUAYO";"NE_0001";"";"NE_0001";"NE_0001";"NE_0001";"NE_0001";"NE_0001";"NE_0001";"NE_0001"
"2023";"02";"061113";"CAJAMARCA";"SAN MIGUEL";"UNION AGUA BLANCA";"GOBIERNO REGIONAL";"I-1";"00004543";"LIVES";"NE_0001";"";"NE_0001";"NE_0001";"NE_0001";"NE_0001";"NE_0001";"NE_0001";"NE_0001"
"2023";"02";"061101";"CAJAMARCA";"SAN MIGUEL";"SAN MIGUEL";"GOBIERNO REGIONAL";"I-1";"00004541";"TANON CAMPO ALEGRE";"NE_0001";"";"NE_0001";"NE_0001";"NE_0001";"NE_0001";"NE_0001";"NE_0001";"NE_0001"
"2023";"02";"061105";"CAJAMARCA";"SAN MIGUEL";"EL PRADO";"GOBIERNO REGIONAL";"I-1";"00004542";"QUINDEN BAJO";"NE_0001";"";"NE_0001";"NE_0001";"NE_0001";"NE_0001";"NE_0001";"NE_0001";"NE_0001"
"2023";"02";"150103";"LIMA";"LIMA";"ATE";"MINSA";"II-1";"00005945";"HOSPITAL VITARTE";"241900";"HOSPITALIZACIÓN DE MEDICINA MEDICINA INTERNA ";"131";"130";"955";"964";"40";"1120";"7"
"2023";"02";"150103";"LIMA";"LIMA";"ATE";"MINSA";"II-1";"00005945";"HOSPITAL VITARTE";"242300";"HOSPITALIZACIÓN DE PEDIATRÍA  PEDIATRÍA  GENERAL ";"111";"120";"533";"500";"22";"616";"0"
"2023";"02";"150103";"LIMA";"LIMA";"ATE";"MINSA";"II-1";"00005945";"HOSPITAL VITARTE";"243200";"HOSPITALIZACIÓN DE PEDIATRÍA PEDIATRIA NEONATOLOGÍA";"63";"64";"243";"238";"10";"280";"0"
"2023";"02";"150103";"LIMA";"LIMA";"ATE";"MINSA";"II-1";"00005945";"HOSPITAL VITARTE";"241500";"HOSPITALIZACIÓN QUIRÚRGICA GINECOLOGÍA  ";"39";"42";"160";"142";"7";"196";"0"
"2023";"02";"150103";"LIMA";"LIMA";"ATE";"MINSA";"II-1";"00005945";"HOSPITAL VITARTE";"241400";"HOSPITALIZACIÓN QUIRÚRGICA GINECO - OBSTETRICIA ";"444";"429";"763";"805";"33";"924";"0"
"2023";"02";"150103";"LIMA";"LIMA";"ATE";"MINSA";"II-1";"00005945";"HOSPITAL VITARTE";"240100";"HOSPITALIZACIÓN QUIRÚRGICA CIRUGÍA GENERAL ";"249";"243";"596";"744";"26";"812";"0"
"2023";"02";"150103";"LIMA";"LIMA";"ATE";"MINSA";"II-1";"00005945";"HOSPITAL VITARTE";"241200";"HOSPITALIZACIÓN QUIRÚRGICA TRAUMATOLOGÍA Y ORTOPEDIA ";"56";"56";"196";"287";"11";"308";"0"
"2023";"02";"150103";"LIMA";"LIMA";"ATE";"MINSA";"II-1";"00005945";"HOSPITAL VITARTE";"241100";"HOSPITALIZACIÓN QUIRÚRGICA OTORRINOLARINGOLOGÍA  ";"12";"12";"12";"12";"1";"28";"0"
"2023";"02";"150103";"LIMA";"LIMA";"ATE";"MINSA";"II-1";"00005945";"HOSPITAL VITARTE";"241300";"HOSPITALIZACIÓN QUIRÚRGICA UROLOGÍA  ";"16";"16";"21";"21";"1";"28";"0"
"2023";"02";"150103";"LIMA";"LIMA";"ATE";"MINSA";"II-1";"00005945";"HOSPITAL VITARTE";"240600";"HOSPITALIZACIÓN QUIRÚRGICA CIRUGÍA OFTALMOLÓGICA ";"13";"13";"13";"13";"1";"28";"0"
"2023";"02";"021101";"ANCASH";"HUARMEY";"HUARMEY";"ESSALUD";"I-3";"00009059";"CENTRO MEDICO HUARMEY";"NE_0001";"";"NE_0001";"NE_0001";"NE_0001";"NE_0001";"NE_0001";"NE_0001";"NE_0001"
"2023";"02";"220504";"SAN MARTIN";"LAMAS";"CAYNARACHI";"GOBIERNO REGIONAL";"I-1";"00006420";"NUEVO LAMAS";"NE_0001";"";"NE_0001";"NE_0001";"NE_0001";"NE_0001";"NE_0001";"NE_0001";"NE_0001"
"2023";"02";"021801";"ANCASH";"SANTA";"CHIMBOTE";"PRIVADO";"II-1";"00016551";"CLINICA JUAN PABLO II";"240000";"HOSPITALIZACIÓN";"139";"137";"274";"146";"19";"532";"0"
"2023";"02";"150132";"LIMA";"LIMA";"SAN JUAN DE LURIGANCHO";"PRIVADO";"II-E";"00014509";"CLINICA SAN MARTIN";"240000";"HOSPITALIZACIÓN";"95";"95";"220";"244";"12";"360";"0"
"2023";"02";"150131";"LIMA";"LIMA";"SAN ISIDRO";"PRIVADO";"II-E";"00010402";"LASER VISION CENTER & ASOCIADOS S.A.C.";"NE_0001";"";"NE_0001";"NE_0001";"NE_0001";"NE_0001";"NE_0001";"NE_0001";"NE_0001"
"2023";"02";"130903";"LA LIBERTAD";"SANCHEZ CARRION";"COCHORCO";"GOBIERNO REGIONAL";"I-2";"00013810";"ARAGOSTAY";"NE_0001";"";"NE_0001";"NE_0001";"NE_0001";"NE_0001";"NE_0001";"NE_0001";"NE_0001"
"2023";"02";"130903";"LA LIBERTAD";"SANCHEZ CARRION";"COCHORCO";"GOBIERNO REGIONAL";"I-2";"00005356";"ARICAPAMPA";"NE_0001";"";"NE_0001";"NE_0001";"NE_0001";"NE_0001";"NE_0001";"NE_0001";"NE_0001"
"2023";"02";"130903";"LA LIBERTAD";"SANCHEZ CARRION";"COCHORCO";"GOBIERNO REGIONAL";"I-1";"00013808";"MOLINO VIEJO";"NE_0001";"";"NE_0001";"NE_0001";"NE_0001";"NE_0001";"NE_0001";"NE_0001";"NE_0001"
"2023";"02";"130903";"LA LIBERTAD";"SANCHEZ CARRION";"COCHORCO";"GOBIERNO REGIONAL";"I-2";"00013802";"SUCCHAMARCA";"NE_0001";"";"NE_0001";"NE_0001";"NE_0001";"NE_0001";"NE_0001";"NE_0001";"NE_0001"
"2023";"02";"130903";"LA LIBERTAD";"SANCHEZ CARRION";"COCHORCO";"GOBIERNO REGIONAL";"I-2";"00013800";"SUCCHACENTRO";"NE_0001";"";"NE_0001";"NE_0001";"NE_0001";"NE_0001";"NE_0001";"NE_0001";"NE_0001"
"2023";"02";"150140";"LIMA";"LIMA";"SANTIAGO DE SURCO";"PRIVADO";"II-2";"00009989";"CLINICA PADRE LUIS TEZZA";"240000";"HOSPITALIZACIÓN";"282";"272";"1124";"1239";"89";"2492";"4"
"2023";"02";"180106";"MOQUEGUA";"MARISCAL NIETO";"TORATA";"PRIVADO";"II-1";"00017393";"HOSPITAL CUAJONE DE LA SOUTHERN PERU";"240100";"HOSPITALIZACIÓN QUIRÚRGICA CIRUGÍA GENERAL ";"10";"10";"33";"43";"14";"392";"0"
"2023";"02";"180106";"MOQUEGUA";"MARISCAL NIETO";"TORATA";"PRIVADO";"II-1";"00017393";"HOSPITAL CUAJONE DE LA SOUTHERN PERU";"241400";"HOSPITALIZACIÓN QUIRÚRGICA GINECO - OBSTETRICIA ";"1";"1";"3";"3";"3";"84";"0"
"2023";"02";"180106";"MOQUEGUA";"MARISCAL NIETO";"TORATA";"PRIVADO";"II-1";"00017393";"HOSPITAL CUAJONE DE LA SOUTHERN PERU";"241800";"HOSPITALIZACIÓN DE MEDICINA MEDICINA GENERAL ";"21";"20";"49";"69";"16";"448";"0"
"2023";"02";"180106";"MOQUEGUA";"MARISCAL NIETO";"TORATA";"PRIVADO";"II-1";"00017393";"HOSPITAL CUAJONE DE LA SOUTHERN PERU";"242500";"HOSPITALIZACIÓN-PEDIATRÍA GENERAL-";"2";"2";"6";"2";"17";"476";"0"
"2023";"02";"060810";"CAJAMARCA";"JAEN";"SAN FELIPE";"GOBIERNO REGIONAL";"I-2";"00004255";"PIQUIJACA";"NE_0001";"";"NE_0001";"NE_0001";"NE_0001";"NE_0001";"NE_0001";"NE_0001";"NE_0001"
"2023";"02";"060810";"CAJAMARCA";"JAEN";"SAN FELIPE";"GOBIERNO REGIONAL";"I-3";"00004254";"SAN FELIPE";"NE_0001";"";"NE_0001";"NE_0001";"NE_0001";"NE_0001";"NE_0001";"NE_0001";"NE_0001"
"2023";"02";"080910";"CUSCO";"LA CONVENCION";"PICHARI";"GOBIERNO REGIONAL";"I-2";"00007113";"NATIVIDAD";"NE_0001";"";"NE_0001";"NE_0001";"NE_0001";"NE_0001";"NE_0001";"NE_0001";"NE_0001"
"2023";"02";"080910";"CUSCO";"LA CONVENCION";"PICHARI";"GOBIERNO REGIONAL";"I-2";"00002498";"PUERTO MAYO";"NE_0001";"";"NE_0001";"NE_0001";"NE_0001";"NE_0001";"NE_0001";"NE_0001";"NE_0001"
"2023";"02";"080910";"CUSCO";"LA CONVENCION";"PICHARI";"GOBIERNO REGIONAL";"I-4";"00002494";"PICHARI";"NE_0001";"";"NE_0001";"NE_0001";"NE_0001";"NE_0001";"NE_0001";"NE_0001";"NE_0001"
"2023";"02";"080910";"CUSCO";"LA CONVENCION";"PICHARI";"GOBIERNO REGIONAL";"I-1";"00002497";"OTARI";"NE_0001";"";"NE_0001";"NE_0001";"NE_0001";"NE_0001";"NE_0001";"NE_0001";"NE_0001"
"2023";"01";"060801";"CAJAMARCA";"JAEN";"JAEN";"PRIVADO";"I-3";"00030976";"CENTRO MEDICO SALUD & VIAL JAEN";"NE_0001";"";"NE_0001";"NE_0001";"NE_0001";"NE_0001";"NE_0001";"NE_0001";"NE_0001"
"2023";"02";"040126";"AREQUIPA";"AREQUIPA";"YANAHUARA";"PRIVADO";"II-1";"00028448";"CLINICA EMMEL";"240200";"HOSPITALIZACIÓN QUIRÚRGICA CIRUGÍA DE CABEZA Y CUELLO / MÁXILO FACIAL ";"8";"8";"27";"27";"3";"84";"0"
"2023";"02";"040126";"AREQUIPA";"AREQUIPA";"YANAHUARA";"PRIVADO";"II-1";"00028448";"CLINICA EMMEL";"240400";"HOSPITALIZACIÓN QUIRÚRGICA CIRUGÍA DE TÓRAX Y CARDIOVASCULAR ";"1";"1";"1";"1";"2";"56";"0"
"2023";"02";"040126";"AREQUIPA";"AREQUIPA";"YANAHUARA";"PRIVADO";"II-1";"00028448";"CLINICA EMMEL";"240100";"HOSPITALIZACIÓN QUIRÚRGICA CIRUGÍA GENERAL ";"128";"130";"230";"204";"9";"240";"0"
"2023";"02";"040126";"AREQUIPA";"AREQUIPA";"YANAHUARA";"PRIVADO";"II-1";"00028448";"CLINICA EMMEL";"241000";"HOSPITALIZACIÓN QUIRÚRGICA ONCOLOGÍA QUIRÚRGICA  ";"4";"4";"6";"6";"2";"56";"0"
"2023";"02";"040126";"AREQUIPA";"AREQUIPA";"YANAHUARA";"PRIVADO";"II-1";"00028448";"CLINICA EMMEL";"241200";"HOSPITALIZACIÓN QUIRÚRGICA TRAUMATOLOGÍA Y ORTOPEDIA ";"21";"21";"37";"37";"3";"84";"0"
"2023";"02";"040126";"AREQUIPA";"AREQUIPA";"YANAHUARA";"PRIVADO";"II-1";"00028448";"CLINICA EMMEL";"241300";"HOSPITALIZACIÓN QUIRÚRGICA UROLOGÍA  ";"2";"2";"9";"9";"2";"56";"0"
"2023";"02";"040126";"AREQUIPA";"AREQUIPA";"YANAHUARA";"PRIVADO";"II-1";"00028448";"CLINICA EMMEL";"240300";"HOSPITALIZACIÓN QUIRÚRGICA CIRUGÍA DIGESTIVA ";"5";"5";"7";"7";"1";"28";"0"
"2023";"02";"040126";"AREQUIPA";"AREQUIPA";"YANAHUARA";"PRIVADO";"II-1";"00028448";"CLINICA EMMEL";"240800";"HOSPITALIZACIÓN QUIRÚRGICA CIRUGÍA PLÁSTICA/RECONSTRUCTIVA/ REPARADORA ";"3";"3";"7";"7";"1";"28";"0"
"2023";"02";"040126";"AREQUIPA";"AREQUIPA";"YANAHUARA";"PRIVADO";"II-1";"00028448";"CLINICA EMMEL";"241400";"HOSPITALIZACIÓN QUIRÚRGICA GINECO - OBSTETRICIA ";"7";"7";"9";"9";"2";"56";"0"
"2023";"02";"040126";"AREQUIPA";"AREQUIPA";"YANAHUARA";"PRIVADO";"II-1";"00028448";"CLINICA EMMEL";"240000";"HOSPITALIZACIÓN";"4";"4";"17";"17";"2";"56";"0"
"2023";"02";"040126";"AREQUIPA";"AREQUIPA";"YANAHUARA";"PRIVADO";"II-1";"00028448";"CLINICA EMMEL";"240900";"HOSPITALIZACIÓN QUIRÚRGICA NEUROCIRUGÍA ";"3";"2";"4";"2";"1";"28";"0"
"2023";"02";"021809";"ANCASH";"SANTA";"NUEVO CHIMBOTE";"GOBIERNO REGIONAL";"I-3";"00027144";"CENTRO DE SALUD MENTAL COMUNITARIO NUEVO PUERTO";"NE_0002";"";"NE_0002";"NE_0002";"NE_0002";"NE_0002";"NE_0002";"NE_0002";"NE_0002"
"2023";"02";"190201";"PASCO";"DANIEL ALCIDES CARRION";"YANAHUANCA";"ESSALUD";"I-3";"00009760";"CENTRO MEDICO DE YANAHUANCA";"NE_0001";"";"NE_0001";"NE_0001";"NE_0001";"NE_0001";"NE_0001";"NE_0001";"NE_0001"
"2023";"03";"150107";"LIMA";"LIMA";"CHACLACAYO";"SANIDAD DE LA POLICIA NACIONAL DEL PERU";"I-2";"00011227";"POSTA MEDICA POLICIAL CHACLACAYO";"NE_0001";"";"NE_0001";"NE_0001";"NE_0001";"NE_0001";"NE_0001";"NE_0001";"NE_0001"
"2023";"03";"060101";"CAJAMARCA";"CAJAMARCA";"CAJAMARCA";"SANIDAD DE LA POLICIA NACIONAL DEL PERU";"I-3";"00009296";"POLICLINICO PNP CAJAMARCA";"NE_0002";"";"NE_0002";"NE_0002";"NE_0002";"NE_0002";"NE_0002";"NE_0002";"NE_0002"
"2023";"03";"080601";"CUSCO";"CANCHIS";"SICUANI";"SANIDAD DE LA POLICIA NACIONAL DEL PERU";"I-2";"00024663";"SANIDAD PNP  SICUANI";"NE_0001";"";"NE_0001";"NE_0001";"NE_0001";"NE_0001";"NE_0001";"NE_0001";"NE_0001"
"2023";"03";"030201";"APURIMAC";"ANDAHUAYLAS";"ANDAHUAYLAS";"SANIDAD DE LA POLICIA NACIONAL DEL PERU";"I-2";"00011892";"POSTA MEDICA POLICIAL DE ANDAHUAYLAS";"NE_0001";"";"NE_0001";"NE_0001";"NE_0001";"NE_0001";"NE_0001";"NE_0001";"NE_0001"
"2023";"03";"040123";"AREQUIPA";"AREQUIPA";"TIABAYA";"GOBIERNO REGIONAL";"I-3";"00001260";"CENTRO DE SALUD TIABAYA";"NE_0001";"";"NE_0001";"NE_0001";"NE_0001";"NE_0001";"NE_0001";"NE_0001";"NE_0001"
"2023";"03";"040124";"AREQUIPA";"AREQUIPA";"UCHUMAYO";"GOBIERNO REGIONAL";"I-2";"00001290";"PUESTO DE SALUD UCHUMAYO";"NE_0001";"";"NE_0001";"NE_0001";"NE_0001";"NE_0001";"NE_0001";"NE_0001";"NE_0001"
"2023";"03";"040124";"AREQUIPA";"AREQUIPA";"UCHUMAYO";"GOBIERNO REGIONAL";"I-3";"00001281";"CENTRO DE SALUD CONGATA";"NE_0001";"";"NE_0001";"NE_0001";"NE_0001";"NE_0001";"NE_0001";"NE_0001";"NE_0001"
"2023";"03";"040124";"AREQUIPA";"AREQUIPA";"UCHUMAYO";"GOBIERNO REGIONAL";"I-3";"00001280";"CENTRO DE SALUD CERRO VERDE";"NE_0001";"";"NE_0001";"NE_0001";"NE_0001";"NE_0001";"NE_0001";"NE_0001";"NE_0001"
"2023";"03";"150122";"LIMA";"LIMA";"MIRAFLORES";"PRIVADO";"II-E";"00014361";"INSTITUTO DEL CEREBRO Y LA COLUMNA VERTEBRAL";"240000";"HOSPITALIZACIÓN";"34";"34";"72";"34";"8";"248";"0"
"2023";"03";"010101";"AMAZONAS";"CHACHAPOYAS";"CHACHAPOYAS";"SANIDAD DE LA POLICIA NACIONAL DEL PERU";"I-3";"00026723";"POLICLINICO POLICIAL CHACHAPOYAS";"NE_0001";"";"NE_0001";"NE_0001";"NE_0001";"NE_0001";"NE_0001";"NE_0001";"NE_0001"
"2023";"03";"220908";"SAN MARTIN";"SAN MARTIN";"JUAN GUERRA";"GOBIERNO REGIONAL";"I-1";"00006379";"YACUCATINA";"NE_0002";"";"NE_0002";"NE_0002";"NE_0002";"NE_0002";"NE_0002";"NE_0002";"NE_0002"
"2023";"03";"220902";"SAN MARTIN";"SAN MARTIN";"ALBERTO LEVEAU";"GOBIERNO REGIONAL";"I-1";"00006383";"MACHUNGO";"NE_0002";"";"NE_0002";"NE_0002";"NE_0002";"NE_0002";"NE_0002";"NE_0002";"NE_0002"
"2023";"03";"090101";"HUANCAVELICA";"HUANCAVELICA";"HUANCAVELICA";"SANIDAD DE LA POLICIA NACIONAL DEL PERU";"I-2";"00009476";"POSTA  MEDICA  POLICIAL- HUANCAVELICA";"NE_0001";"";"NE_0001";"NE_0001";"NE_0001";"NE_0001";"NE_0001";"NE_0001";"NE_0001"
"2023";"03";"200101";"PIURA";"PIURA";"PIURA";"PRIVADO";"II-E";"00012918";"OFTALMOLOGOS ASOCIADOS VER SAC";"NE_0001";"";"NE_0001";"NE_0001";"NE_0001";"NE_0001";"NE_0001";"NE_0001";"NE_0001"
"2023";"03";"200601";"PIURA";"SULLANA";"SULLANA";"SANIDAD DE LA POLICIA NACIONAL DEL PERU";"I-2";"00010688";"POSTA  MEDICA  POLICIAL  SULLANA";"NE_0001";"";"NE_0001";"NE_0001";"NE_0001";"NE_0001";"NE_0001";"NE_0001";"NE_0001"
"2023";"03";"220914";"SAN MARTIN";"SAN MARTIN";"SHAPAJA";"GOBIERNO REGIONAL";"I-2";"00006375";"SHAPAJA";"NE_0002";"";"NE_0002";"NE_0002";"NE_0002";"NE_0002";"NE_0002";"NE_0002";"NE_0002"
"2023";"03";"220908";"SAN MARTIN";"SAN MARTIN";"JUAN GUERRA";"GOBIERNO REGIONAL";"I-3";"00006374";"JUAN GUERRA";"NE_0002";"";"NE_0002";"NE_0002";"NE_0002";"NE_0002";"NE_0002";"NE_0002";"NE_0002"
"2023";"03";"220902";"SAN MARTIN";"SAN MARTIN";"ALBERTO LEVEAU";"GOBIERNO REGIONAL";"I-1";"00006382";"UTCURARCA";"NE_0002";"";"NE_0002";"NE_0002";"NE_0002";"NE_0002";"NE_0002";"NE_0002";"NE_0002"
"2023";"03";"160113";"LORETO";"MAYNAS";"SAN JUAN BAUTISTA";"PRIVADO";"II-E";"00024041";"CLÍNICA ESPECIALIZADA EMANUEL";"NE_0001";"";"NE_0001";"NE_0001";"NE_0001";"NE_0001";"NE_0001";"NE_0001";"NE_0001"
"2023";"01";"060601";"CAJAMARCA";"CUTERVO";"CUTERVO";"GOBIERNO REGIONAL";"I-1";"00006850";"CONDAY";"NE_0001";"";"NE_0001";"NE_0001";"NE_0001";"NE_0001";"NE_0001";"NE_0001";"NE_0001"
"2023";"01";"060601";"CAJAMARCA";"CUTERVO";"CUTERVO";"GOBIERNO REGIONAL";"I-1";"00007178";"RAYME";"NE_0001";"";"NE_0001";"NE_0001";"NE_0001";"NE_0001";"NE_0001";"NE_0001";"NE_0001"
"2023";"01";"060601";"CAJAMARCA";"CUTERVO";"CUTERVO";"GOBIERNO REGIONAL";"I-1";"00004996";"RAMBRAN";"NE_0001";"";"NE_0001";"NE_0001";"NE_0001";"NE_0001";"NE_0001";"NE_0001";"NE_0001"
"2023";"01";"060601";"CAJAMARCA";"CUTERVO";"CUTERVO";"GOBIERNO REGIONAL";"I-1";"00004999";"LAS PALMAS DE TINYAYOC";"NE_0001";"";"NE_0001";"NE_0001";"NE_0001";"NE_0001";"NE_0001";"NE_0001";"NE_0001"
"2023";"01";"060601";"CAJAMARCA";"CUTERVO";"CUTERVO";"GOBIERNO REGIONAL";"I-1";"00006856";"CHACAF";"NE_0001";"";"NE_0001";"NE_0001";"NE_0001";"NE_0001";"NE_0001";"NE_0001";"NE_0001"
"2023";"01";"060601";"CAJAMARCA";"CUTERVO";"CUTERVO";"GOBIERNO REGIONAL";"I-1";"00007431";"CONGA DE ALLANGA";"NE_0001";"";"NE_0001";"NE_0001";"NE_0001";"NE_0001";"NE_0001";"NE_0001";"NE_0001"
"2023";"01";"060601";"CAJAMARCA";"CUTERVO";"CUTERVO";"GOBIERNO REGIONAL";"I-1";"00004997";"TRIGOPAMPA";"NE_0001";"";"NE_0001";"NE_0001";"NE_0001";"NE_0001";"NE_0001";"NE_0001";"NE_0001"
"2023";"01";"060601";"CAJAMARCA";"CUTERVO";"CUTERVO";"GOBIERNO REGIONAL";"I-1";"00004998";"EL CARDON";"NE_0001";"";"NE_0001";"NE_0001";"NE_0001";"NE_0001";"NE_0001";"NE_0001";"NE_0001"
"2023";"01";"060601";"CAJAMARCA";"CUTERVO";"CUTERVO";"GOBIERNO REGIONAL";"I-1";"00006855";"AULLAN";"NE_0001";"";"NE_0001";"NE_0001";"NE_0001";"NE_0001";"NE_0001";"NE_0001";"NE_0001"
"2023";"01";"060601";"CAJAMARCA";"CUTERVO";"CUTERVO";"GOBIERNO REGIONAL";"I-1";"00007097";"AÑALCATE";"NE_0001";"";"NE_0001";"NE_0001";"NE_0001";"NE_0001";"NE_0001";"NE_0001";"NE_0001"
"2023";"01";"060601";"CAJAMARCA";"CUTERVO";"CUTERVO";"GOBIERNO REGIONAL";"I-2";"00007745";"URCURUME";"NE_0001";"";"NE_0001";"NE_0001";"NE_0001";"NE_0001";"NE_0001";"NE_0001";"NE_0001"
"2023";"01";"060601";"CAJAMARCA";"CUTERVO";"CUTERVO";"GOBIERNO REGIONAL";"I-1";"00008925";"LA LLICA";"NE_0001";"";"NE_0001";"NE_0001";"NE_0001";"NE_0001";"NE_0001";"NE_0001";"NE_0001"
"2023";"01";"060601";"CAJAMARCA";"CUTERVO";"CUTERVO";"GOBIERNO REGIONAL";"I-3";"00006858";"SALOMON VILCHEZ MURGA";"NE_0001";"";"NE_0001";"NE_0001";"NE_0001";"NE_0001";"NE_0001";"NE_0001";"NE_0001"
"2023";"01";"060601";"CAJAMARCA";"CUTERVO";"CUTERVO";"GOBIERNO REGIONAL";"I-2";"00007696";"MAMABAMBA";"NE_0001";"";"NE_0001";"NE_0001";"NE_0001";"NE_0001";"NE_0001";"NE_0001";"NE_0001"
"2023";"01";"060601";"CAJAMARCA";"CUTERVO";"CUTERVO";"GOBIERNO REGIONAL";"I-2";"00004982";"SALABAMBA";"NE_0001";"";"NE_0001";"NE_0001";"NE_0001";"NE_0001";"NE_0001";"NE_0001";"NE_0001"
"2023";"01";"060601";"CAJAMARCA";"CUTERVO";"CUTERVO";"GOBIERNO REGIONAL";"I-1";"00005000";"MUÑUNO";"NE_0001";"";"NE_0001";"NE_0001";"NE_0001";"NE_0001";"NE_0001";"NE_0001";"NE_0001"
"2023";"01";"060601";"CAJAMARCA";"CUTERVO";"CUTERVO";"GOBIERNO REGIONAL";"I-1";"00006834";"LUZPAMPA";"NE_0001";"";"NE_0001";"NE_0001";"NE_0001";"NE_0001";"NE_0001";"NE_0001";"NE_0001"
"2023";"01";"060601";"CAJAMARCA";"CUTERVO";"CUTERVO";"GOBIERNO REGIONAL";"I-1";"00006865";"ADCUÑAC";"NE_0001";"";"NE_0001";"NE_0001";"NE_0001";"NE_0001";"NE_0001";"NE_0001";"NE_0001"
"2023";"01";"060601";"CAJAMARCA";"CUTERVO";"CUTERVO";"GOBIERNO REGIONAL";"I-2";"00006938";"CACHACARA";"NE_0001";"";"NE_0001";"NE_0001";"NE_0001";"NE_0001";"NE_0001";"NE_0001";"NE_0001"
"2023";"01";"060601";"CAJAMARCA";"CUTERVO";"CUTERVO";"GOBIERNO REGIONAL";"I-2";"00004983";"CRUZ ROJA";"NE_0001";"";"NE_0001";"NE_0001";"NE_0001";"NE_0001";"NE_0001";"NE_0001";"NE_0001"
"2023";"01";"060601";"CAJAMARCA";"CUTERVO";"CUTERVO";"GOBIERNO REGIONAL";"I-1";"00007098";"YACANCATE";"NE_0001";"";"NE_0001";"NE_0001";"NE_0001";"NE_0001";"NE_0001";"NE_0001";"NE_0001"
"2023";"01";"060601";"CAJAMARCA";"CUTERVO";"CUTERVO";"GOBIERNO REGIONAL";"I-2";"00004984";"VALLE CALLACATE";"NE_0001";"";"NE_0001";"NE_0001";"NE_0001";"NE_0001";"NE_0001";"NE_0001";"NE_0001"
"2023";"01";"060601";"CAJAMARCA";"CUTERVO";"CUTERVO";"GOBIERNO REGIONAL";"I-2";"00004991";"LANCHE";"NE_0001";"";"NE_0001";"NE_0001";"NE_0001";"NE_0001";"NE_0001";"NE_0001";"NE_0001"
"2023";"01";"060601";"CAJAMARCA";"CUTERVO";"CUTERVO";"GOBIERNO REGIONAL";"I-1";"00005001";"PATAHUAZ";"NE_0001";"";"NE_0001";"NE_0001";"NE_0001";"NE_0001";"NE_0001";"NE_0001";"NE_0001"
"2023";"01";"060601";"CAJAMARCA";"CUTERVO";"CUTERVO";"GOBIERNO REGIONAL";"I-1";"00006832";"LA CONGONA";"NE_0001";"";"NE_0001";"NE_0001";"NE_0001";"NE_0001";"NE_0001";"NE_0001";"NE_0001"
"2023";"01";"060601";"CAJAMARCA";"CUTERVO";"CUTERVO";"GOBIERNO REGIONAL";"I-1";"00006833";"LA JAYUA";"NE_0001";"";"NE_0001";"NE_0001";"NE_0001";"NE_0001";"NE_0001";"NE_0001";"NE_0001"
"2023";"01";"150101";"LIMA";"LIMA";"LIMA";"PRIVADO";"II-E";"00023833";"INSTITUTO OFTALMOLOGICO LA LUZ SOCIEDAD ANONIMA CERRADA - INSTITUTO OFTALMOLOGICO LA LUZ S.A.C.";"NE_0001";"";"NE_0001";"NE_0001";"NE_0001";"NE_0001";"NE_0001";"NE_0001";"NE_0001"
"2023";"02";"021304";"ANCASH";"MARISCAL LUZURIAGA";"FIDEL OLIVAS ESCUDERO";"GOBIERNO REGIONAL";"I-1";"00001794";"PUESTO DE SALUD PARCO";"NE_0002";"";"NE_0002";"NE_0002";"NE_0002";"NE_0002";"NE_0002";"NE_0002";"NE_0002"
"2023";"02";"021306";"ANCASH";"MARISCAL LUZURIAGA";"LLUMPA";"GOBIERNO REGIONAL";"I-2";"00001789";"PUESTO DE SALUD LLUMPA";"NE_0002";"";"NE_0002";"NE_0002";"NE_0002";"NE_0002";"NE_0002";"NE_0002";"NE_0002"
"2023";"02";"021303";"ANCASH";"MARISCAL LUZURIAGA";"ELEAZAR GUZMAN BARRON";"GOBIERNO REGIONAL";"I-1";"00001786";"PUESTO DE SALUD PAMPACHACRA";"NE_0002";"";"NE_0002";"NE_0002";"NE_0002";"NE_0002";"NE_0002";"NE_0002";"NE_0002"
"2023";"02";"021303";"ANCASH";"MARISCAL LUZURIAGA";"ELEAZAR GUZMAN BARRON";"GOBIERNO REGIONAL";"I-1";"00001787";"PUESTO DE SALUD PUMPA";"NE_0002";"";"NE_0002";"NE_0002";"NE_0002";"NE_0002";"NE_0002";"NE_0002";"NE_0002"
"2023";"02";"021305";"ANCASH";"MARISCAL LUZURIAGA";"LLAMA";"GOBIERNO REGIONAL";"I-2";"00001788";"PUESTO DE SALUD LLAMA";"NE_0002";"";"NE_0002";"NE_0002";"NE_0002";"NE_0002";"NE_0002";"NE_0002";"NE_0002"
"2023";"02";"021304";"ANCASH";"MARISCAL LUZURIAGA";"FIDEL OLIVAS ESCUDERO";"GOBIERNO REGIONAL";"I-1";"00001793";"PUESTO DE SALUD SANASHGAN";"NE_0002";"";"NE_0002";"NE_0002";"NE_0002";"NE_0002";"NE_0002";"NE_0002";"NE_0002"
"2023";"02";"021308";"ANCASH";"MARISCAL LUZURIAGA";"MUSGA";"GOBIERNO REGIONAL";"I-1";"00001792";"PUESTO DE SALUD MUSGA";"NE_0002";"";"NE_0002";"NE_0002";"NE_0002";"NE_0002";"NE_0002";"NE_0002";"NE_0002"
"2023";"02";"021301";"ANCASH";"MARISCAL LUZURIAGA";"PISCOBAMBA";"GOBIERNO REGIONAL";"I-4";"00001783";"CENTRO DE SALUD PISCOBAMBA";"NE_0002";"";"NE_0002";"NE_0002";"NE_0002";"NE_0002";"NE_0002";"NE_0002";"NE_0002"
"2023";"02";"021304";"ANCASH";"MARISCAL LUZURIAGA";"FIDEL OLIVAS ESCUDERO";"GOBIERNO REGIONAL";"I-1";"00001794";"PUESTO DE SALUD PARCO";"NE_0002";"";"NE_0002";"NE_0002";"NE_0002";"NE_0002";"NE_0002";"NE_0002";"NE_0002"
"2023";"02";"021306";"ANCASH";"MARISCAL LUZURIAGA";"LLUMPA";"GOBIERNO REGIONAL";"I-2";"00001789";"PUESTO DE SALUD LLUMPA";"NE_0002";"";"NE_0002";"NE_0002";"NE_0002";"NE_0002";"NE_0002";"NE_0002";"NE_0002"
"2023";"02";"021303";"ANCASH";"MARISCAL LUZURIAGA";"ELEAZAR GUZMAN BARRON";"GOBIERNO REGIONAL";"I-1";"00001786";"PUESTO DE SALUD PAMPACHACRA";"NE_0002";"";"NE_0002";"NE_0002";"NE_0002";"NE_0002";"NE_0002";"NE_0002";"NE_0002"
"2023";"02";"021303";"ANCASH";"MARISCAL LUZURIAGA";"ELEAZAR GUZMAN BARRON";"GOBIERNO REGIONAL";"I-1";"00001787";"PUESTO DE SALUD PUMPA";"NE_0002";"";"NE_0002";"NE_0002";"NE_0002";"NE_0002";"NE_0002";"NE_0002";"NE_0002"
"2023";"02";"021305";"ANCASH";"MARISCAL LUZURIAGA";"LLAMA";"GOBIERNO REGIONAL";"I-2";"00001788";"PUESTO DE SALUD LLAMA";"NE_0002";"";"NE_0002";"NE_0002";"NE_0002";"NE_0002";"NE_0002";"NE_0002";"NE_0002"
"2023";"02";"021304";"ANCASH";"MARISCAL LUZURIAGA";"FIDEL OLIVAS ESCUDERO";"GOBIERNO REGIONAL";"I-1";"00001793";"PUESTO DE SALUD SANASHGAN";"NE_0002";"";"NE_0002";"NE_0002";"NE_0002";"NE_0002";"NE_0002";"NE_0002";"NE_0002"
"2023";"02";"021308";"ANCASH";"MARISCAL LUZURIAGA";"MUSGA";"GOBIERNO REGIONAL";"I-1";"00001792";"PUESTO DE SALUD MUSGA";"NE_0002";"";"NE_0002";"NE_0002";"NE_0002";"NE_0002";"NE_0002";"NE_0002";"NE_0002"
"2023";"02";"021301";"ANCASH";"MARISCAL LUZURIAGA";"PISCOBAMBA";"GOBIERNO REGIONAL";"I-4";"00001783";"CENTRO DE SALUD PISCOBAMBA";"NE_0002";"";"NE_0002";"NE_0002";"NE_0002";"NE_0002";"NE_0002";"NE_0002";"NE_0002"
"2023";"02";"021304";"ANCASH";"MARISCAL LUZURIAGA";"FIDEL OLIVAS ESCUDERO";"GOBIERNO REGIONAL";"I-1";"00001794";"PUESTO DE SALUD PARCO";"NE_0002";"";"NE_0002";"NE_0002";"NE_0002";"NE_0002";"NE_0002";"NE_0002";"NE_0002"
"2023";"02";"021306";"ANCASH";"MARISCAL LUZURIAGA";"LLUMPA";"GOBIERNO REGIONAL";"I-2";"00001789";"PUESTO DE SALUD LLUMPA";"NE_0002";"";"NE_0002";"NE_0002";"NE_0002";"NE_0002";"NE_0002";"NE_0002";"NE_0002"
"2023";"02";"220601";"SAN MARTIN";"MARISCAL CACERES";"JUANJUI";"ESSALUD";"I-4";"00016481";"HOSPITAL I JUANJUI - ESSALUD";"241800";"HOSPITALIZACIÓN DE MEDICINA MEDICINA GENERAL ";"69";"68";"281";"192";"8";"224";"1"
"2023";"02";"130905";"LA LIBERTAD";"SANCHEZ CARRION";"MARCABAL";"GOBIERNO REGIONAL";"I-2";"00013552";"AGOCAS";"NE_0001";"";"NE_0001";"NE_0001";"NE_0001";"NE_0001";"NE_0001";"NE_0001";"NE_0001"
"2023";"02";"130905";"LA LIBERTAD";"SANCHEZ CARRION";"MARCABAL";"GOBIERNO REGIONAL";"I-1";"00013827";"NARANJOPAMPA";"NE_0001";"";"NE_0001";"NE_0001";"NE_0001";"NE_0001";"NE_0001";"NE_0001";"NE_0001"
"2023";"02";"130905";"LA LIBERTAD";"SANCHEZ CARRION";"MARCABAL";"GOBIERNO REGIONAL";"I-2";"00013550";"SHITA";"NE_0001";"";"NE_0001";"NE_0001";"NE_0001";"NE_0001";"NE_0001";"NE_0001";"NE_0001"
"2023";"01";"220301";"SAN MARTIN";"EL DORADO";"SAN JOSE DE SISA";"GOBIERNO REGIONAL";"I-4";"00006485";"HOSPITAL RURAL SAN JOSE DE SISA";"241600";"HOSPITALIZACIÓN QUIRÚRGICA OBSTETRICIA   ";"10";"11";"18";"1";"9";"10";"0"
"2023";"01";"220301";"SAN MARTIN";"EL DORADO";"SAN JOSE DE SISA";"GOBIERNO REGIONAL";"I-4";"00006485";"HOSPITAL RURAL SAN JOSE DE SISA";"241800";"HOSPITALIZACIÓN DE MEDICINA MEDICINA GENERAL ";"15";"15";"41";"1";"6";"15";"0"
"2023";"01";"220301";"SAN MARTIN";"EL DORADO";"SAN JOSE DE SISA";"GOBIERNO REGIONAL";"I-1";"00006486";"NAUTA";"NE_0001";"";"NE_0001";"NE_0001";"NE_0001";"NE_0001";"NE_0001";"NE_0001";"NE_0001"
"2023";"01";"220305";"SAN MARTIN";"EL DORADO";"SHATOJA";"GOBIERNO REGIONAL";"I-1";"00006491";"AMINIO";"NE_0001";"";"NE_0001";"NE_0001";"NE_0001";"NE_0001";"NE_0001";"NE_0001";"NE_0001"
"2023";"01";"220301";"SAN MARTIN";"EL DORADO";"SAN JOSE DE SISA";"GOBIERNO REGIONAL";"I-1";"00006489";"SAN JUAN DE MIRAFLORES";"NE_0001";"";"NE_0001";"NE_0001";"NE_0001";"NE_0001";"NE_0001";"NE_0001";"NE_0001"
"2023";"01";"220301";"SAN MARTIN";"EL DORADO";"SAN JOSE DE SISA";"GOBIERNO REGIONAL";"I-1";"00006487";"SANTA CRUZ";"NE_0001";"";"NE_0001";"NE_0001";"NE_0001";"NE_0001";"NE_0001";"NE_0001";"NE_0001"
"2023";"01";"220301";"SAN MARTIN";"EL DORADO";"SAN JOSE DE SISA";"GOBIERNO REGIONAL";"I-1";"00006490";"HUAJA";"NE_0001";"";"NE_0001";"NE_0001";"NE_0001";"NE_0001";"NE_0001";"NE_0001";"NE_0001"
"2023";"01";"060812";"CAJAMARCA";"JAEN";"SANTA ROSA";"GOBIERNO REGIONAL";"I-3";"00004262";"PUENTECILLOS";"NE_0001";"";"NE_0001";"NE_0001";"NE_0001";"NE_0001";"NE_0001";"NE_0001";"NE_0001"
"2023";"01";"021601";"ANCASH";"POMABAMBA";"POMABAMBA";"GOBIERNO REGIONAL";"I-1";"00001771";"PUESTO DE SALUD CHOGO";"NE_0002";"";"NE_0002";"NE_0002";"NE_0002";"NE_0002";"NE_0002";"NE_0002";"NE_0002"
"2023";"01";"021603";"ANCASH";"POMABAMBA";"PAROBAMBA";"GOBIERNO REGIONAL";"I-1";"00001776";"PUESTO DE SALUD PAROBAMBA NUEVO";"NE_0002";"";"NE_0002";"NE_0002";"NE_0002";"NE_0002";"NE_0002";"NE_0002";"NE_0002"
"2023";"01";"021603";"ANCASH";"POMABAMBA";"PAROBAMBA";"GOBIERNO REGIONAL";"I-2";"00001780";"PUESTO DE SALUD CHANGA";"NE_0002";"";"NE_0002";"NE_0002";"NE_0002";"NE_0002";"NE_0002";"NE_0002";"NE_0002"
"2023";"01";"021604";"ANCASH";"POMABAMBA";"QUINUABAMBA";"GOBIERNO REGIONAL";"I-1";"00001782";"YAMIAN";"NE_0002";"";"NE_0002";"NE_0002";"NE_0002";"NE_0002";"NE_0002";"NE_0002";"NE_0002"
"2023";"01";"021603";"ANCASH";"POMABAMBA";"PAROBAMBA";"GOBIERNO REGIONAL";"I-4";"00001775";"CENTRO DE SALUD PAROBAMBA VIEJO";"NE_0002";"";"NE_0002";"NE_0002";"NE_0002";"NE_0002";"NE_0002";"NE_0002";"NE_0002"
"2023";"01";"021603";"ANCASH";"POMABAMBA";"PAROBAMBA";"GOBIERNO REGIONAL";"I-1";"00001778";"PUESTO DE SALUD SHUMPILLAN";"NE_0002";"";"NE_0002";"NE_0002";"NE_0002";"NE_0002";"NE_0002";"NE_0002";"NE_0002"
"2023";"01";"021603";"ANCASH";"POMABAMBA";"PAROBAMBA";"GOBIERNO REGIONAL";"I-1";"00001779";"PUESTO DE SALUD CAJAS";"NE_0002";"";"NE_0002";"NE_0002";"NE_0002";"NE_0002";"NE_0002";"NE_0002";"NE_0002"
"2023";"01";"021603";"ANCASH";"POMABAMBA";"PAROBAMBA";"GOBIERNO REGIONAL";"I-2";"00001777";"PUESTO DE SALUD HUANCHAYLLO";"NE_0002";"";"NE_0002";"NE_0002";"NE_0002";"NE_0002";"NE_0002";"NE_0002";"NE_0002"
"2023";"01";"021604";"ANCASH";"POMABAMBA";"QUINUABAMBA";"GOBIERNO REGIONAL";"I-2";"00001781";"PUESTO DE SALUD QUINUABAMBA";"NE_0002";"";"NE_0002";"NE_0002";"NE_0002";"NE_0002";"NE_0002";"NE_0002";"NE_0002"
"2023";"01";"150130";"LIMA";"LIMA";"SAN BORJA";"PRIVADO";"II-E";"00015143";"CLINICA ASTOCONDOR";"240800";"HOSPITALIZACIÓN QUIRÚRGICA CIRUGÍA PLÁSTICA/RECONSTRUCTIVA/ REPARADORA ";"2";"2";"2";"2";"3";"45";"0"
"2023";"01";"040101";"AREQUIPA";"AREQUIPA";"AREQUIPA";"PRIVADO";"I-4";"00014765";"CENTRO MEDICO MONTE CARMELO";"240000";"HOSPITALIZACIÓN";"6";"7";"29";"28";"10";"310";"0"
"2023";"01";"150113";"LIMA";"LIMA";"JESUS MARIA";"PRIVADO";"II-E";"00020346";"CLINICA SANTA BEATRIZ";"240000";"HOSPITALIZACIÓN";"166";"164";"224";"245";"22";"521";"1"
"2023";"01";"040119";"AREQUIPA";"AREQUIPA";"SAN JUAN DE TARUCANI";"GOBIERNO REGIONAL";"I-2";"00001319";"PUESTO DE SALUD SAN JUAN DE TARUCANI";"NE_0001";"";"NE_0001";"NE_0001";"NE_0001";"NE_0001";"NE_0001";"NE_0001";"NE_0001"
"2023";"01";"040106";"AREQUIPA";"AREQUIPA";"CHIGUATA";"GOBIERNO REGIONAL";"I-2";"00001320";"PUESTO DE SALUD ARENALES";"NE_0001";"";"NE_0001";"NE_0001";"NE_0001";"NE_0001";"NE_0001";"NE_0001";"NE_0001"
"2023";"01";"040119";"AREQUIPA";"AREQUIPA";"SAN JUAN DE TARUCANI";"GOBIERNO REGIONAL";"I-2";"00001321";"PUESTO DE SALUD SALINAS HUITO";"NE_0001";"";"NE_0001";"NE_0001";"NE_0001";"NE_0001";"NE_0001";"NE_0001";"NE_0001"
"2023";"01";"040106";"AREQUIPA";"AREQUIPA";"CHIGUATA";"GOBIERNO REGIONAL";"I-3";"00001299";"CENTRO DE SALUD CHIGUATA";"NE_0001";"";"NE_0001";"NE_0001";"NE_0001";"NE_0001";"NE_0001";"NE_0001";"NE_0001"
"2023";"01";"040108";"AREQUIPA";"AREQUIPA";"LA JOYA";"GOBIERNO REGIONAL";"I-3";"00001322";"LA JOYA";"NE_0001";"";"NE_0001";"NE_0001";"NE_0001";"NE_0001";"NE_0001";"NE_0001";"NE_0001"
"2023";"01";"040108";"AREQUIPA";"AREQUIPA";"LA JOYA";"GOBIERNO REGIONAL";"I-1";"00001327";"PUESTO DE SALUD CERRITO BUENA VISTA";"NE_0001";"";"NE_0001";"NE_0001";"NE_0001";"NE_0001";"NE_0001";"NE_0001";"NE_0001"
"2023";"01";"040108";"AREQUIPA";"AREQUIPA";"LA JOYA";"GOBIERNO REGIONAL";"I-3";"00001330";"CENTRO DE SALUD EL CRUCE - TRIUNFO";"NE_0001";"";"NE_0001";"NE_0001";"NE_0001";"NE_0001";"NE_0001";"NE_0001";"NE_0001"
"2023";"01";"040108";"AREQUIPA";"AREQUIPA";"LA JOYA";"GOBIERNO REGIONAL";"I-1";"00001328";"PUESTO DE SALUD LOS MEDANOS";"NE_0001";"";"NE_0001";"NE_0001";"NE_0001";"NE_0001";"NE_0001";"NE_0001";"NE_0001"
"2023";"01";"040108";"AREQUIPA";"AREQUIPA";"LA JOYA";"GOBIERNO REGIONAL";"I-1";"00001329";"PUESTO DE SALUD BENITO LAZO";"NE_0001";"";"NE_0001";"NE_0001";"NE_0001";"NE_0001";"NE_0001";"NE_0001";"NE_0001"
"2023";"01";"150509";"LIMA";"CAÑETE";"MALA";"ESSALUD";"I-3";"00010569";"CENTRO MEDICO MALA";"NE_0001";"";"NE_0001";"NE_0001";"NE_0001";"NE_0001";"NE_0001";"NE_0001";"NE_0001"
"2023";"01";"110301";"ICA";"NAZCA";"NAZCA";"GOBIERNO REGIONAL";"II-1";"00003443";"RICARDO CRUZADO RIVAROLA DE NASCA";"240100";"HOSPITALIZACIÓN QUIRÚRGICA CIRUGÍA GENERAL ";"38";"32";"119";"363";"11";"341";"0"
"2023";"01";"110301";"ICA";"NAZCA";"NAZCA";"GOBIERNO REGIONAL";"II-1";"00003443";"RICARDO CRUZADO RIVAROLA DE NASCA";"241500";"HOSPITALIZACIÓN QUIRÚRGICA GINECOLOGÍA  ";"34";"31";"73";"124";"4";"124";"0"
"2023";"01";"110301";"ICA";"NAZCA";"NAZCA";"GOBIERNO REGIONAL";"II-1";"00003443";"RICARDO CRUZADO RIVAROLA DE NASCA";"241600";"HOSPITALIZACIÓN QUIRÚRGICA OBSTETRICIA   ";"139";"140";"285";"431";"14";"434";"0"
"2023";"01";"110301";"ICA";"NAZCA";"NAZCA";"GOBIERNO REGIONAL";"II-1";"00003443";"RICARDO CRUZADO RIVAROLA DE NASCA";"241800";"HOSPITALIZACIÓN DE MEDICINA MEDICINA GENERAL ";"63";"63";"249";"542";"19";"589";"7"
"2023";"01";"110301";"ICA";"NAZCA";"NAZCA";"GOBIERNO REGIONAL";"II-1";"00003443";"RICARDO CRUZADO RIVAROLA DE NASCA";"242500";"HOSPITALIZACIÓN-PEDIATRÍA GENERAL-";"46";"41";"95";"258";"15";"465";"0"
"2023";"01";"150121";"LIMA";"LIMA";"PUEBLO LIBRE";"PRIVADO";"II-2";"00010743";"CLINICA STELLA MARIS";"241400";"HOSPITALIZACIÓN QUIRÚRGICA GINECO - OBSTETRICIA ";"34";"30";"99";"106";"16";"496";"0"
"2023";"01";"150121";"LIMA";"LIMA";"PUEBLO LIBRE";"PRIVADO";"II-2";"00010743";"CLINICA STELLA MARIS";"240000";"HOSPITALIZACIÓN";"373";"312";"1161";"1125";"53";"1643";"5"
"2023";"01";"150121";"LIMA";"LIMA";"PUEBLO LIBRE";"PRIVADO";"II-2";"00010743";"CLINICA STELLA MARIS";"243200";"HOSPITALIZACIÓN DE PEDIATRÍA PEDIATRIA NEONATOLOGÍA";"2";"2";"2";"2";"2";"62";"0"
"2023";"01";"150121";"LIMA";"LIMA";"PUEBLO LIBRE";"PRIVADO";"II-2";"00010743";"CLINICA STELLA MARIS";"250100";"UNIDAD DE CUIDADOS CRITICOS UNIDAD  DE CUIDADOS INTENSIVOS GENERALES (UCI) ";"4";"1";"1";"13";"10";"310";"0"
"2023";"01";"150121";"LIMA";"LIMA";"PUEBLO LIBRE";"PRIVADO";"II-2";"00010743";"CLINICA STELLA MARIS";"250200";"UNIDAD DE CUIDADOS CRITICOS UNIDAD DE CUIDADOS INTERMEDIOS GENERAL  (UCIN) ";"28";"22";"141";"146";"5";"155";"1"
"2023";"01";"040101";"AREQUIPA";"AREQUIPA";"AREQUIPA";"PRIVADO";"II-E";"00024208";"PRAXIS MEDICAL S.A.C.";"240800";"HOSPITALIZACIÓN QUIRÚRGICA CIRUGÍA PLÁSTICA/RECONSTRUCTIVA/ REPARADORA ";"8";"8";"20";"20";"12";"372";"0"
"2023";"01";"150130";"LIMA";"LIMA";"SAN BORJA";"PRIVADO";"II-E";"00015078";"NOVO Q";"NE_0001";"";"NE_0001";"NE_0001";"NE_0001";"NE_0001";"NE_0001";"NE_0001";"NE_0001"
"2023";"01";"080910";"CUSCO";"LA CONVENCION";"PICHARI";"GOBIERNO REGIONAL";"I-1";"00002497";"OTARI";"NE_0001";"";"NE_0001";"NE_0001";"NE_0001";"NE_0001";"NE_0001";"NE_0001";"NE_0001"
"2023";"02";"150107";"LIMA";"LIMA";"CHACLACAYO";"SANIDAD DE LA POLICIA NACIONAL DEL PERU";"I-2";"00011227";"POSTA MEDICA POLICIAL CHACLACAYO";"NE_0001";"";"NE_0001";"NE_0001";"NE_0001";"NE_0001";"NE_0001";"NE_0001";"NE_0001"
"2023";"02";"250101";"UCAYALI";"CORONEL PORTILLO";"CALLERIA";"SANIDAD DE LA POLICIA NACIONAL DEL PERU";"I-3";"00010148";"POLICLINICO POLICIAL PUCALLPA";"NE_0001";"";"NE_0001";"NE_0001";"NE_0001";"NE_0001";"NE_0001";"NE_0001";"NE_0001"
"2023";"02";"090207";"HUANCAVELICA";"ACOBAMBA";"POMACOCHA";"GOBIERNO REGIONAL";"I-2";"00003923";"PUESTO DE SALUD POMACOCHA";"NE_0001";"";"NE_0001";"NE_0001";"NE_0001";"NE_0001";"NE_0001";"NE_0001";"NE_0001"
"2023";"02";"090207";"HUANCAVELICA";"ACOBAMBA";"POMACOCHA";"GOBIERNO REGIONAL";"I-1";"00009698";"PUESTO DE SALUD INCAPACCHAN";"NE_0001";"";"NE_0001";"NE_0001";"NE_0001";"NE_0001";"NE_0001";"NE_0001";"NE_0001"
"2023";"02";"090201";"HUANCAVELICA";"ACOBAMBA";"ACOBAMBA";"GOBIERNO REGIONAL";"I-1";"00003922";"PUESTO DE SALUD CCARABAMBA";"NE_0001";"";"NE_0001";"NE_0001";"NE_0001";"NE_0001";"NE_0001";"NE_0001";"NE_0001"
"2023";"02";"090201";"HUANCAVELICA";"ACOBAMBA";"ACOBAMBA";"GOBIERNO REGIONAL";"I-1";"00009502";"PUESTO DE SALUD TRES DE OCTUBRE";"NE_0001";"";"NE_0001";"NE_0001";"NE_0001";"NE_0001";"NE_0001";"NE_0001";"NE_0001"
"2023";"02";"090207";"HUANCAVELICA";"ACOBAMBA";"POMACOCHA";"GOBIERNO REGIONAL";"I-1";"00009707";"PUESTO DE SALUD AYAHUASAN";"NE_0001";"";"NE_0001";"NE_0001";"NE_0001";"NE_0001";"NE_0001";"NE_0001";"NE_0001"
"2023";"02";"090201";"HUANCAVELICA";"ACOBAMBA";"ACOBAMBA";"GOBIERNO REGIONAL";"I-1";"00003920";"PUESTO DE SALUD DE CCARHUACC";"NE_0001";"";"NE_0001";"NE_0001";"NE_0001";"NE_0001";"NE_0001";"NE_0001";"NE_0001"
"2023";"02";"090207";"HUANCAVELICA";"ACOBAMBA";"POMACOCHA";"GOBIERNO REGIONAL";"I-3";"00003924";"CENTRO DE SALUD CHOCLOCOCHA";"NE_0001";"";"NE_0001";"NE_0001";"NE_0001";"NE_0001";"NE_0001";"NE_0001";"NE_0001"
"2023";"02";"090201";"HUANCAVELICA";"ACOBAMBA";"ACOBAMBA";"GOBIERNO REGIONAL";"I-1";"00003921";"PUESTO DE SALUD DE VILLA RICA";"NE_0001";"";"NE_0001";"NE_0001";"NE_0001";"NE_0001";"NE_0001";"NE_0001";"NE_0001"
"2023";"02";"090201";"HUANCAVELICA";"ACOBAMBA";"ACOBAMBA";"GOBIERNO REGIONAL";"I-2";"00003918";"PUESTO DE SALUD CURIMARAY";"NE_0001";"";"NE_0001";"NE_0001";"NE_0001";"NE_0001";"NE_0001";"NE_0001";"NE_0001"
"2023";"02";"090207";"HUANCAVELICA";"ACOBAMBA";"POMACOCHA";"GOBIERNO REGIONAL";"I-1";"00003925";"PUESTO DE SALUD YANACCOCHA";"NE_0001";"";"NE_0001";"NE_0001";"NE_0001";"NE_0001";"NE_0001";"NE_0001";"NE_0001"
"2023";"02";"090201";"HUANCAVELICA";"ACOBAMBA";"ACOBAMBA";"GOBIERNO REGIONAL";"I-1";"00003919";"PUESTO DE SALUD POMAVILCA";"NE_0001";"";"NE_0001";"NE_0001";"NE_0001";"NE_0001";"NE_0001";"NE_0001";"NE_0001"
"2023";"02";"120202";"JUNIN";"CONCEPCION";"ACO";"GOBIERNO REGIONAL";"I-1";"00000746";"QUICHA CHICO";"NE_0001";"";"NE_0001";"NE_0001";"NE_0001";"NE_0001";"NE_0001";"NE_0001";"NE_0001"
"2023";"02";"120211";"JUNIN";"CONCEPCION";"MITO";"GOBIERNO REGIONAL";"I-1";"00000748";"MITO";"NE_0001";"";"NE_0001";"NE_0001";"NE_0001";"NE_0001";"NE_0001";"NE_0001";"NE_0001"
"2023";"02";"120213";"JUNIN";"CONCEPCION";"ORCOTUNA";"GOBIERNO REGIONAL";"I-3";"00000751";"ORCOTUNA";"NE_0001";"";"NE_0001";"NE_0001";"NE_0001";"NE_0001";"NE_0001";"NE_0001";"NE_0001"
"2023";"02";"120122";"JUNIN";"HUANCAYO";"INGENIO";"GOBIERNO REGIONAL";"I-2";"00000663";"INGENIO";"NE_0001";"";"NE_0001";"NE_0001";"NE_0001";"NE_0001";"NE_0001";"NE_0001";"NE_0001"
"2023";"02";"120212";"JUNIN";"CONCEPCION";"NUEVE DE JULIO";"GOBIERNO REGIONAL";"I-1";"00000690";"NUEVE DE JULIO";"NE_0001";"";"NE_0001";"NE_0001";"NE_0001";"NE_0001";"NE_0001";"NE_0001";"NE_0001"
"2023";"02";"120202";"JUNIN";"CONCEPCION";"ACO";"GOBIERNO REGIONAL";"I-2";"00000745";"ACO";"NE_0001";"";"NE_0001";"NE_0001";"NE_0001";"NE_0001";"NE_0001";"NE_0001";"NE_0001"
"2023";"02";"120211";"JUNIN";"CONCEPCION";"MITO";"GOBIERNO REGIONAL";"I-1";"00000749";"SAN LUIS YAICO";"NE_0001";"";"NE_0001";"NE_0001";"NE_0001";"NE_0001";"NE_0001";"NE_0001";"NE_0001"
"2023";"02";"120122";"JUNIN";"HUANCAYO";"INGENIO";"GOBIERNO REGIONAL";"I-1";"00000664";"CASACANCHA";"NE_0001";"";"NE_0001";"NE_0001";"NE_0001";"NE_0001";"NE_0001";"NE_0001";"NE_0001"
"2023";"02";"120201";"JUNIN";"CONCEPCION";"CONCEPCION";"GOBIERNO REGIONAL";"I-4";"00000671";"DAVID GUERRERO DUARTE";"NE_0001";"";"NE_0001";"NE_0001";"NE_0001";"NE_0001";"NE_0001";"NE_0001";"NE_0001"
"2023";"02";"120210";"JUNIN";"CONCEPCION";"MATAHUASI";"GOBIERNO REGIONAL";"I-3";"00000687";"MATAHUASI";"NE_0001";"";"NE_0001";"NE_0001";"NE_0001";"NE_0001";"NE_0001";"NE_0001";"NE_0001"
"2023";"02";"120211";"JUNIN";"CONCEPCION";"MITO";"GOBIERNO REGIONAL";"I-1";"00000750";"MATAHULO";"NE_0001";"";"NE_0001";"NE_0001";"NE_0001";"NE_0001";"NE_0001";"NE_0001";"NE_0001"
"2023";"02";"120202";"JUNIN";"CONCEPCION";"ACO";"GOBIERNO REGIONAL";"I-1";"00000747";"QUICHA GRANDE";"NE_0001";"";"NE_0001";"NE_0001";"NE_0001";"NE_0001";"NE_0001";"NE_0001";"NE_0001"
"2023";"02";"120213";"JUNIN";"CONCEPCION";"ORCOTUNA";"GOBIERNO REGIONAL";"I-1";"00000752";"VICSO";"NE_0001";"";"NE_0001";"NE_0001";"NE_0001";"NE_0001";"NE_0001";"NE_0001";"NE_0001"
"2023";"02";"150132";"LIMA";"LIMA";"SAN JUAN DE LURIGANCHO";"PRIVADO";"II-2";"00008271";"CLINICA SAN JUAN BAUTISTA";"240000";"HOSPITALIZACIÓN";"179";"178";"364";"542";"40";"1120";"0"
"2023";"02";"150132";"LIMA";"LIMA";"SAN JUAN DE LURIGANCHO";"PRIVADO";"II-2";"00008271";"CLINICA SAN JUAN BAUTISTA";"250100";"UNIDAD DE CUIDADOS CRITICOS UNIDAD  DE CUIDADOS INTENSIVOS GENERALES (UCI) ";"22";"21";"45";"71";"7";"196";"0"
"2023";"02";"090301";"HUANCAVELICA";"ANGARAES";"LIRCAY";"GOBIERNO REGIONAL";"I-1";"00003951";"TUCSIPAMPA";"NE_0001";"";"NE_0001";"NE_0001";"NE_0001";"NE_0001";"NE_0001";"NE_0001";"NE_0001"
"2023";"02";"090308";"HUANCAVELICA";"ANGARAES";"HUALLAY-GRANDE";"GOBIERNO REGIONAL";"I-2";"00003954";"HUAYLLAY GRANDE";"NE_0001";"";"NE_0001";"NE_0001";"NE_0001";"NE_0001";"NE_0001";"NE_0001";"NE_0001"
"2023";"02";"090304";"HUANCAVELICA";"ANGARAES";"CCOCHACCASA";"GOBIERNO REGIONAL";"I-3";"00003955";"CCOCHACCASA";"NE_0002";"";"NE_0002";"NE_0002";"NE_0002";"NE_0002";"NE_0002";"NE_0002";"NE_0002"
"2023";"02";"090302";"HUANCAVELICA";"ANGARAES";"ANCHONGA";"GOBIERNO REGIONAL";"I-1";"00003958";"ANCHONGA";"NE_0001";"";"NE_0001";"NE_0001";"NE_0001";"NE_0001";"NE_0001";"NE_0001";"NE_0001"
"2023";"02";"090305";"HUANCAVELICA";"ANGARAES";"CHINCHO";"GOBIERNO REGIONAL";"I-1";"00003963";"CHINCHO";"NE_0001";"";"NE_0001";"NE_0001";"NE_0001";"NE_0001";"NE_0001";"NE_0001";"NE_0001"
"2023";"02";"090306";"HUANCAVELICA";"ANGARAES";"CONGALLA";"GOBIERNO REGIONAL";"I-1";"00011199";"CHAYNABAMBA";"NE_0001";"";"NE_0001";"NE_0001";"NE_0001";"NE_0001";"NE_0001";"NE_0001";"NE_0001"
"2023";"02";"090302";"HUANCAVELICA";"ANGARAES";"ANCHONGA";"GOBIERNO REGIONAL";"I-1";"00011454";"ALTO MARAYNIYOCC";"NE_0001";"";"NE_0001";"NE_0001";"NE_0001";"NE_0001";"NE_0001";"NE_0001";"NE_0001"
"2023";"02";"090302";"HUANCAVELICA";"ANGARAES";"ANCHONGA";"GOBIERNO REGIONAL";"I-1";"00006930";"HUARIRUMI - CHONTACANCHA";"NE_0001";"";"NE_0001";"NE_0001";"NE_0001";"NE_0001";"NE_0001";"NE_0001";"NE_0001"
"2023";"02";"150108";"LIMA";"LIMA";"CHORRILLOS";"MINSA";"III-E";"00007734";"INSTITUTO NACIONAL DE REHABILITACION DRA. ADRIANA REBAZA FLORES - AMISTAD PERU-JAPON";"240000";"HOSPITALIZACIÓN";"3";"2";"108";"573";"24";"672";"0"
"2023";"02";"100101";"HUANUCO";"HUANUCO";"HUANUCO";"PRIVADO";"II-E";"00021062";"CLINICA SAN JUAN BOSCO E.I.R.L.";"240000";"HOSPITALIZACIÓN";"10";"10";"11";"11";"11";"330";"0"
"2023";"02";"150108";"LIMA";"LIMA";"CHORRILLOS";"SANIDAD DEL EJERCITO DEL PERU";"I-4";"00018171";"POLICLINICO MILITAR CHORRILLOS";"NE_0001";"";"NE_0001";"NE_0001";"NE_0001";"NE_0001";"NE_0001";"NE_0001";"NE_0001"
"2023";"02";"150116";"LIMA";"LIMA";"LINCE";"PRIVADO";"I-3";"00017909";"POLICLINICO RISSO";"NE_0001";"";"NE_0001";"NE_0001";"NE_0001";"NE_0001";"NE_0001";"NE_0001";"NE_0001"
"2023";"02";"130901";"LA LIBERTAD";"SANCHEZ CARRION";"HUAMACHUCO";"GOBIERNO REGIONAL";"I-1";"00018123";"EL OLIVO";"NE_0001";"";"NE_0001";"NE_0001";"NE_0001";"NE_0001";"NE_0001";"NE_0001";"NE_0001"
"2023";"02";"060801";"CAJAMARCA";"JAEN";"JAEN";"GOBIERNO REGIONAL";"II-2";"00004210";"HOSPITAL GENERAL DE JAEN";"241800";"HOSPITALIZACIÓN DE MEDICINA MEDICINA GENERAL ";"69";"86";"727";"92";"48";"1344";"8"
"2023";"02";"060801";"CAJAMARCA";"JAEN";"JAEN";"GOBIERNO REGIONAL";"II-2";"00004210";"HOSPITAL GENERAL DE JAEN";"240100";"HOSPITALIZACIÓN QUIRÚRGICA CIRUGÍA GENERAL ";"140";"164";"733";"171";"34";"952";"0"
"2023";"02";"060801";"CAJAMARCA";"JAEN";"JAEN";"GOBIERNO REGIONAL";"II-2";"00004210";"HOSPITAL GENERAL DE JAEN";"241600";"HOSPITALIZACIÓN QUIRÚRGICA OBSTETRICIA   ";"276";"279";"622";"309";"25";"700";"0"
"2023";"02";"060801";"CAJAMARCA";"JAEN";"JAEN";"GOBIERNO REGIONAL";"II-2";"00004210";"HOSPITAL GENERAL DE JAEN";"242500";"HOSPITALIZACIÓN-PEDIATRÍA GENERAL-";"71";"67";"318";"75";"25";"700";"0"
"2023";"02";"060801";"CAJAMARCA";"JAEN";"JAEN";"GOBIERNO REGIONAL";"II-2";"00004210";"HOSPITAL GENERAL DE JAEN";"243200";"HOSPITALIZACIÓN DE PEDIATRÍA PEDIATRIA NEONATOLOGÍA";"41";"42";"245";"42";"10";"280";"4"
"2023";"02";"060807";"CAJAMARCA";"JAEN";"POMAHUACA";"GOBIERNO REGIONAL";"I-2";"00004248";"PALO BLANCO";"NE_0002";"";"NE_0002";"NE_0002";"NE_0002";"NE_0002";"NE_0002";"NE_0002";"NE_0002"
"2023";"02";"060804";"CAJAMARCA";"JAEN";"COLASAY";"GOBIERNO REGIONAL";"I-1";"00031333";"CHUNCHUCA";"NE_0002";"";"NE_0002";"NE_0002";"NE_0002";"NE_0002";"NE_0002";"NE_0002";"NE_0002"
"2023";"02";"060804";"CAJAMARCA";"JAEN";"COLASAY";"GOBIERNO REGIONAL";"I-1";"00007171";"LOS CEDROS DE COLASAY";"NE_0002";"";"NE_0002";"NE_0002";"NE_0002";"NE_0002";"NE_0002";"NE_0002";"NE_0002"
"2023";"02";"210701";"PUNO";"LAMPA";"LAMPA";"GOBIERNO REGIONAL";"I-4";"00003128";"ANTONIO BARRIONUEVO (LAMPA)";"240100";"HOSPITALIZACIÓN QUIRÚRGICA CIRUGÍA GENERAL ";"9";"9";"35";"1";"3";"84";"1"
"2023";"02";"210701";"PUNO";"LAMPA";"LAMPA";"GOBIERNO REGIONAL";"I-4";"00003128";"ANTONIO BARRIONUEVO (LAMPA)";"241400";"HOSPITALIZACIÓN QUIRÚRGICA GINECO - OBSTETRICIA ";"4";"4";"6";"1";"1";"28";"0"
"2023";"02";"210701";"PUNO";"LAMPA";"LAMPA";"GOBIERNO REGIONAL";"I-4";"00003128";"ANTONIO BARRIONUEVO (LAMPA)";"241500";"HOSPITALIZACIÓN QUIRÚRGICA GINECOLOGÍA  ";"10";"10";"22";"1";"2";"56";"0"
"2023";"02";"210701";"PUNO";"LAMPA";"LAMPA";"GOBIERNO REGIONAL";"I-4";"00003128";"ANTONIO BARRIONUEVO (LAMPA)";"241600";"HOSPITALIZACIÓN QUIRÚRGICA OBSTETRICIA   ";"13";"13";"24";"1";"3";"84";"0"
"2023";"02";"210701";"PUNO";"LAMPA";"LAMPA";"GOBIERNO REGIONAL";"I-4";"00003128";"ANTONIO BARRIONUEVO (LAMPA)";"241800";"HOSPITALIZACIÓN DE MEDICINA MEDICINA GENERAL ";"8";"8";"38";"1";"4";"112";"0"
"2023";"02";"210701";"PUNO";"LAMPA";"LAMPA";"GOBIERNO REGIONAL";"I-4";"00003128";"ANTONIO BARRIONUEVO (LAMPA)";"243200";"HOSPITALIZACIÓN DE PEDIATRÍA PEDIATRIA NEONATOLOGÍA";"1";"1";"1";"1";"1";"28";"0"
"2023";"02";"060804";"CAJAMARCA";"JAEN";"COLASAY";"GOBIERNO REGIONAL";"I-3";"00004237";"CHUNCHUQUILLO";"NE_0001";"";"NE_0001";"NE_0001";"NE_0001";"NE_0001";"NE_0001";"NE_0001";"NE_0001"
"2023";"02";"060804";"CAJAMARCA";"JAEN";"COLASAY";"GOBIERNO REGIONAL";"I-2";"00004238";"SAN LORENZO DE BARBASCO";"NE_0001";"";"NE_0001";"NE_0001";"NE_0001";"NE_0001";"NE_0001";"NE_0001";"NE_0001"
"2023";"02";"060807";"CAJAMARCA";"JAEN";"POMAHUACA";"GOBIERNO REGIONAL";"I-1";"00007122";"TAMBILLO";"NE_0002";"";"NE_0002";"NE_0002";"NE_0002";"NE_0002";"NE_0002";"NE_0002";"NE_0002"
"2023";"02";"120205";"JUNIN";"CONCEPCION";"COCHAS";"GOBIERNO REGIONAL";"I-2";"00000676";"COCHAS";"NE_0001";"";"NE_0001";"NE_0001";"NE_0001";"NE_0001";"NE_0001";"NE_0001";"NE_0001"
"2023";"02";"120203";"JUNIN";"CONCEPCION";"ANDAMARCA";"GOBIERNO REGIONAL";"I-1";"00019790";"PUNCO";"NE_0001";"";"NE_0001";"NE_0001";"NE_0001";"NE_0001";"NE_0001";"NE_0001";"NE_0001"
"2023";"02";"120135";"JUNIN";"HUANCAYO";"SANTO DOMINGO DE ACOBAMBA";"GOBIERNO REGIONAL";"I-1";"00024428";"POTRERO";"NE_0001";"";"NE_0001";"NE_0001";"NE_0001";"NE_0001";"NE_0001";"NE_0001";"NE_0001"
"2023";"02";"120206";"JUNIN";"CONCEPCION";"COMAS";"GOBIERNO REGIONAL";"I-3";"00000678";"COMAS";"NE_0001";"";"NE_0001";"NE_0001";"NE_0001";"NE_0001";"NE_0001";"NE_0001";"NE_0001"
"2023";"02";"120206";"JUNIN";"CONCEPCION";"COMAS";"GOBIERNO REGIONAL";"I-1";"00000682";"TALHUIS";"NE_0001";"";"NE_0001";"NE_0001";"NE_0001";"NE_0001";"NE_0001";"NE_0001";"NE_0001"
"2023";"02";"120203";"JUNIN";"CONCEPCION";"ANDAMARCA";"GOBIERNO REGIONAL";"I-2";"00000673";"PUCACOCHA";"NE_0001";"";"NE_0001";"NE_0001";"NE_0001";"NE_0001";"NE_0001";"NE_0001";"NE_0001"
"2023";"02";"250101";"UCAYALI";"CORONEL PORTILLO";"CALLERIA";"PRIVADO";"II-E";"00027312";"Clínica Especializada Amazónica SAC";"240100";"HOSPITALIZACIÓN QUIRÚRGICA CIRUGÍA GENERAL ";"44";"44";"44";"44";"2";"56";"0"
"2023";"02";"021903";"ANCASH";"SIHUAS";"ALFONSO UGARTE";"GOBIERNO REGIONAL";"I-1";"00001805";"PUESTO DE SALUD ULLOLLUCO";"NE_0002";"";"NE_0002";"NE_0002";"NE_0002";"NE_0002";"NE_0002";"NE_0002";"NE_0002"
"2023";"02";"021907";"ANCASH";"SIHUAS";"QUICHES";"GOBIERNO REGIONAL";"I-1";"00001807";"PUESTO DE SALUD JOCOSBAMBA";"NE_0002";"";"NE_0002";"NE_0002";"NE_0002";"NE_0002";"NE_0002";"NE_0002";"NE_0002"
"2023";"02";"021907";"ANCASH";"SIHUAS";"QUICHES";"GOBIERNO REGIONAL";"I-3";"00001806";"CENTRO DE SALUD QUICHES";"NE_0002";"";"NE_0002";"NE_0002";"NE_0002";"NE_0002";"NE_0002";"NE_0002";"NE_0002"
"2023";"02";"021905";"ANCASH";"SIHUAS";"CHINGALPO";"GOBIERNO REGIONAL";"I-1";"00001800";"PUESTO DE SALUD CHINGALPO";"NE_0002";"";"NE_0002";"NE_0002";"NE_0002";"NE_0002";"NE_0002";"NE_0002";"NE_0002"
"2023";"02";"021905";"ANCASH";"SIHUAS";"CHINGALPO";"GOBIERNO REGIONAL";"I-1";"00001754";"PUESTO DE SALUD SAN MIGUEL";"NE_0002";"";"NE_0002";"NE_0002";"NE_0002";"NE_0002";"NE_0002";"NE_0002";"NE_0002"
"2023";"02";"021903";"ANCASH";"SIHUAS";"ALFONSO UGARTE";"GOBIERNO REGIONAL";"I-1";"00001805";"PUESTO DE SALUD ULLOLLUCO";"NE_0002";"";"NE_0002";"NE_0002";"NE_0002";"NE_0002";"NE_0002";"NE_0002";"NE_0002"
"2023";"02";"021907";"ANCASH";"SIHUAS";"QUICHES";"GOBIERNO REGIONAL";"I-1";"00001807";"PUESTO DE SALUD JOCOSBAMBA";"NE_0002";"";"NE_0002";"NE_0002";"NE_0002";"NE_0002";"NE_0002";"NE_0002";"NE_0002"
"2023";"02";"021907";"ANCASH";"SIHUAS";"QUICHES";"GOBIERNO REGIONAL";"I-3";"00001806";"CENTRO DE SALUD QUICHES";"NE_0002";"";"NE_0002";"NE_0002";"NE_0002";"NE_0002";"NE_0002";"NE_0002";"NE_0002"
"2023";"02";"021902";"ANCASH";"SIHUAS";"ACOBAMBA";"GOBIERNO REGIONAL";"I-1";"00001799";"PUESTO DE SALUD ACOBAMBA";"241400";"HOSPITALIZACIÓN QUIRÚRGICA GINECO - OBSTETRICIA ";"2";"2";"2";"2";"2";"3";"0"
"2023";"02";"021905";"ANCASH";"SIHUAS";"CHINGALPO";"GOBIERNO REGIONAL";"I-1";"00001800";"PUESTO DE SALUD CHINGALPO";"NE_0002";"";"NE_0002";"NE_0002";"NE_0002";"NE_0002";"NE_0002";"NE_0002";"NE_0002"
"2023";"02";"021905";"ANCASH";"SIHUAS";"CHINGALPO";"GOBIERNO REGIONAL";"I-1";"00001754";"PUESTO DE SALUD SAN MIGUEL";"NE_0002";"";"NE_0002";"NE_0002";"NE_0002";"NE_0002";"NE_0002";"NE_0002";"NE_0002"
"2023";"02";"021903";"ANCASH";"SIHUAS";"ALFONSO UGARTE";"GOBIERNO REGIONAL";"I-1";"00001805";"PUESTO DE SALUD ULLOLLUCO";"NE_0002";"";"NE_0002";"NE_0002";"NE_0002";"NE_0002";"NE_0002";"NE_0002";"NE_0002"
"2023";"02";"021907";"ANCASH";"SIHUAS";"QUICHES";"GOBIERNO REGIONAL";"I-1";"00001807";"PUESTO DE SALUD JOCOSBAMBA";"NE_0002";"";"NE_0002";"NE_0002";"NE_0002";"NE_0002";"NE_0002";"NE_0002";"NE_0002"
"2023";"02";"021907";"ANCASH";"SIHUAS";"QUICHES";"GOBIERNO REGIONAL";"I-3";"00001806";"CENTRO DE SALUD QUICHES";"NE_0002";"";"NE_0002";"NE_0002";"NE_0002";"NE_0002";"NE_0002";"NE_0002";"NE_0002"
"2023";"02";"120204";"JUNIN";"CONCEPCION";"CHAMBARA";"GOBIERNO REGIONAL";"I-1";"00000638";"SAN BLAS";"NE_0001";"";"NE_0001";"NE_0001";"NE_0001";"NE_0001";"NE_0001";"NE_0001";"NE_0001"
"2023";"02";"120904";"JUNIN";"CHUPACA";"HUACHAC";"GOBIERNO REGIONAL";"I-1";"00000654";"ANTAPAMPA";"NE_0001";"";"NE_0001";"NE_0001";"NE_0001";"NE_0001";"NE_0001";"NE_0001";"NE_0001"
"2023";"02";"021509";"ANCASH";"PALLASCA";"PAMPAS";"ESSALUD";"I-2";"00009202";"POSTA MEDICA PAMPAS";"NE_0001";"";"NE_0001";"NE_0001";"NE_0001";"NE_0001";"NE_0001";"NE_0001";"NE_0001"
"2023";"03";"110401";"ICA";"PALPA";"PALPA";"ESSALUD";"I-3";"00010483";"PALPA";"NE_0001";"";"NE_0001";"NE_0001";"NE_0001";"NE_0001";"NE_0001";"NE_0001";"NE_0001"
"2023";"03";"090101";"HUANCAVELICA";"HUANCAVELICA";"HUANCAVELICA";"GOBIERNO REGIONAL";"II-2";"00003853";"HOSPITAL DEPARTAMENTAL DE HUANCAVELICA";"242600";"HOSPITALIZACIÓN DE PEDIATRÍA PEDIATRIA CARDIOLOGÍA PEDIÁTRICA";"2";"2";"21";"240";"20";"600";"0"
"2023";"03";"090101";"HUANCAVELICA";"HUANCAVELICA";"HUANCAVELICA";"GOBIERNO REGIONAL";"II-2";"00003853";"HOSPITAL DEPARTAMENTAL DE HUANCAVELICA";"243200";"HOSPITALIZACIÓN DE PEDIATRÍA PEDIATRIA NEONATOLOGÍA";"15";"15";"102";"240";"20";"600";"0"
"2023";"03";"090101";"HUANCAVELICA";"HUANCAVELICA";"HUANCAVELICA";"GOBIERNO REGIONAL";"II-2";"00003853";"HOSPITAL DEPARTAMENTAL DE HUANCAVELICA";"250103";"UNIDAD DE CUIDADOS CRITICOS UNIDAD  DE CUIDADOS INTENSIVOS GENERALES  (UCI) MEDICINA";"1";"1";"15";"240";"16";"480";"5"
"2023";"03";"090101";"HUANCAVELICA";"HUANCAVELICA";"HUANCAVELICA";"GOBIERNO REGIONAL";"II-2";"00003853";"HOSPITAL DEPARTAMENTAL DE HUANCAVELICA";"250105";"UNIDAD DE CUIDADOS CRITICOS UNIDAD  DE CUIDADOS INTENSIVOS  (UCI) NEONATOLOGÍA";"2";"2";"41";"240";"11";"330";"0"
"2023";"03";"090101";"HUANCAVELICA";"HUANCAVELICA";"HUANCAVELICA";"GOBIERNO REGIONAL";"II-2";"00003853";"HOSPITAL DEPARTAMENTAL DE HUANCAVELICA";"250108";"UNIDAD DE CUIDADOS CRITICOS UNIDAD  DE CUIDADOS INTENSIVOS  (UCI) PEDIÁTRICA";"2";"2";"73";"240";"11";"330";"1"
"2023";"03";"130704";"LA LIBERTAD";"PACASMAYO";"PACASMAYO";"ESSALUD";"I-4";"00008514";"HOSPITAL I PACASMAYO";"241900";"HOSPITALIZACIÓN DE MEDICINA MEDICINA INTERNA ";"58";"50";"255";"302";"12";"372";"3"
"2023";"03";"060101";"CAJAMARCA";"CAJAMARCA";"CAJAMARCA";"PRIVADO";"0";"00018126";"LABORATORIO LLONTOP S.R.L.";"NE_0001";"";"NE_0001";"NE_0001";"NE_0001";"NE_0001";"NE_0001";"NE_0001";"NE_0001"
"2023";"01";"250106";"UCAYALI";"CORONEL PORTILLO";"NUEVA REQUENA";"GOBIERNO REGIONAL";"I-1";"00013174";"SAN PABLO DE JUANTIA";"NE_0001";"";"NE_0001";"NE_0001";"NE_0001";"NE_0001";"NE_0001";"NE_0001";"NE_0001"
"2023";"01";"250106";"UCAYALI";"CORONEL PORTILLO";"NUEVA REQUENA";"GOBIERNO REGIONAL";"I-1";"00005448";"MIRAFLORES";"NE_0001";"";"NE_0001";"NE_0001";"NE_0001";"NE_0001";"NE_0001";"NE_0001";"NE_0001"
"2023";"01";"250106";"UCAYALI";"CORONEL PORTILLO";"NUEVA REQUENA";"GOBIERNO REGIONAL";"I-1";"00005447";"ESPERANZA  DE AGUAYTIA";"NE_0001";"";"NE_0001";"NE_0001";"NE_0001";"NE_0001";"NE_0001";"NE_0001";"NE_0001"
"2023";"01";"250106";"UCAYALI";"CORONEL PORTILLO";"NUEVA REQUENA";"GOBIERNO REGIONAL";"I-1";"00005445";"JUVENTUD";"NE_0001";"";"NE_0001";"NE_0001";"NE_0001";"NE_0001";"NE_0001";"NE_0001";"NE_0001"
"2023";"03";"130701";"LA LIBERTAD";"PACASMAYO";"SAN PEDRO DE LLOC";"ESSALUD";"I-2";"00012097";"POSTA DE SALUD SAN PEDRO DE LLOC";"NE_0001";"";"NE_0001";"NE_0001";"NE_0001";"NE_0001";"NE_0001";"NE_0001";"NE_0001"
"2023";"03";"120114";"JUNIN";"HUANCAYO";"EL TAMBO";"GOBIERNO REGIONAL";"I-2";"00000713";"BATANYACU";"NE_0002";"";"NE_0002";"NE_0002";"NE_0002";"NE_0002";"NE_0002";"NE_0002";"NE_0002"
"2023";"03";"120117";"JUNIN";"HUANCAYO";"HUALHUAS";"GOBIERNO REGIONAL";"I-2";"00000718";"HUALHUAS";"NE_0002";"";"NE_0002";"NE_0002";"NE_0002";"NE_0002";"NE_0002";"NE_0002";"NE_0002"
"2023";"03";"120114";"JUNIN";"HUANCAYO";"EL TAMBO";"GOBIERNO REGIONAL";"I-2";"00000715";"RAMIRO PRIALE";"NE_0002";"";"NE_0002";"NE_0002";"NE_0002";"NE_0002";"NE_0002";"NE_0002";"NE_0002"
"2023";"03";"120114";"JUNIN";"HUANCAYO";"EL TAMBO";"GOBIERNO REGIONAL";"I-1";"00000717";"LA VICTORIA";"NE_0002";"";"NE_0002";"NE_0002";"NE_0002";"NE_0002";"NE_0002";"NE_0002";"NE_0002"
"2023";"03";"120129";"JUNIN";"HUANCAYO";"SAN AGUSTIN";"GOBIERNO REGIONAL";"I-3";"00000722";"SAN AGUSTIN DE CAJAS";"NE_0002";"";"NE_0002";"NE_0002";"NE_0002";"NE_0002";"NE_0002";"NE_0002";"NE_0002"
"2023";"03";"120129";"JUNIN";"HUANCAYO";"SAN AGUSTIN";"GOBIERNO REGIONAL";"I-1";"00000723";"COILLOR";"NE_0002";"";"NE_0002";"NE_0002";"NE_0002";"NE_0002";"NE_0002";"NE_0002";"NE_0002"
"2023";"03";"120132";"JUNIN";"HUANCAYO";"SAÑO";"GOBIERNO REGIONAL";"I-2";"00000725";"SAN PEDRO DE SAÑO";"NE_0002";"";"NE_0002";"NE_0002";"NE_0002";"NE_0002";"NE_0002";"NE_0002";"NE_0002"
"2023";"03";"120130";"JUNIN";"HUANCAYO";"SAN JERONIMO DE TUNAN";"GOBIERNO REGIONAL";"I-3";"00000724";"SAN JERONIMO";"NE_0002";"";"NE_0002";"NE_0002";"NE_0002";"NE_0002";"NE_0002";"NE_0002";"NE_0002"
"2023";"03";"120114";"JUNIN";"HUANCAYO";"EL TAMBO";"GOBIERNO REGIONAL";"I-1";"00018190";"1RO DE MAYO";"NE_0002";"";"NE_0002";"NE_0002";"NE_0002";"NE_0002";"NE_0002";"NE_0002";"NE_0002"
"2023";"03";"120114";"JUNIN";"HUANCAYO";"EL TAMBO";"GOBIERNO REGIONAL";"I-1";"00000711";"SAÑOS CHICO";"NE_0002";"";"NE_0002";"NE_0002";"NE_0002";"NE_0002";"NE_0002";"NE_0002";"NE_0002"
"2023";"03";"120128";"JUNIN";"HUANCAYO";"QUILCAS";"GOBIERNO REGIONAL";"I-2";"00000720";"QUILCAS";"NE_0002";"";"NE_0002";"NE_0002";"NE_0002";"NE_0002";"NE_0002";"NE_0002";"NE_0002"
"2023";"02";"200301";"PIURA";"HUANCABAMBA";"HUANCABAMBA";"SANIDAD DE LA POLICIA NACIONAL DEL PERU";"I-1";"00010680";"PUESTO SANITARIO PNP HUANCABAMBA";"NE_0002";"";"NE_0002";"NE_0002";"NE_0002";"NE_0002";"NE_0002";"NE_0002";"NE_0002"
"2023";"02";"150129";"LIMA";"LIMA";"SAN BARTOLO";"SANIDAD DE LA POLICIA NACIONAL DEL PERU";"I-2";"00019390";"POSTA MEDICA ETS. PNP. SAN BARTOLO";"NE_0001";"";"NE_0001";"NE_0001";"NE_0001";"NE_0001";"NE_0001";"NE_0001";"NE_0001"
"2023";"02";"220101";"SAN MARTIN";"MOYOBAMBA";"MOYOBAMBA";"GOBIERNO REGIONAL";"I-1";"00006321";"LOS ANGELES";"NE_0001";"";"NE_0001";"NE_0001";"NE_0001";"NE_0001";"NE_0001";"NE_0001";"NE_0001"
"2023";"02";"220101";"SAN MARTIN";"MOYOBAMBA";"MOYOBAMBA";"GOBIERNO REGIONAL";"I-1";"00006320";"CAÑABRAVA";"NE_0001";"";"NE_0001";"NE_0001";"NE_0001";"NE_0001";"NE_0001";"NE_0001";"NE_0001"
"2023";"02";"220101";"SAN MARTIN";"MOYOBAMBA";"MOYOBAMBA";"GOBIERNO REGIONAL";"I-1";"00006319";"BUENOS AIRES";"NE_0001";"";"NE_0001";"NE_0001";"NE_0001";"NE_0001";"NE_0001";"NE_0001";"NE_0001"
"2023";"02";"040128";"AREQUIPA";"AREQUIPA";"YURA";"GOBIERNO REGIONAL";"I-3";"00001253";"CENTRO DE SALUD CIUDAD DE DIOS";"NE_0002";"";"NE_0002";"NE_0002";"NE_0002";"NE_0002";"NE_0002";"NE_0002";"NE_0002"
"2023";"02";"040511";"AREQUIPA";"CAYLLOMA";"LLUTA";"GOBIERNO REGIONAL";"I-2";"00001255";"PUESTO DE SALUD LLUTA";"NE_0002";"";"NE_0002";"NE_0002";"NE_0002";"NE_0002";"NE_0002";"NE_0002";"NE_0002"
"2023";"02";"040511";"AREQUIPA";"CAYLLOMA";"LLUTA";"GOBIERNO REGIONAL";"I-2";"00001256";"PUESTO DE SALUD TAYA";"NE_0002";"";"NE_0002";"NE_0002";"NE_0002";"NE_0002";"NE_0002";"NE_0002";"NE_0002"
"2023";"02";"040126";"AREQUIPA";"AREQUIPA";"YANAHUARA";"GOBIERNO REGIONAL";"I-1";"00001241";"PUESTO DE SALUD SUMBAY - CHASQUIPAMPA";"NE_0002";"";"NE_0002";"NE_0002";"NE_0002";"NE_0002";"NE_0002";"NE_0002";"NE_0002"
"2023";"02";"040514";"AREQUIPA";"CAYLLOMA";"SAN ANTONIO DE CHUCA";"GOBIERNO REGIONAL";"I-1";"00001243";"PUESTO DE SALUD PILLONES";"NE_0002";"";"NE_0002";"NE_0002";"NE_0002";"NE_0002";"NE_0002";"NE_0002";"NE_0002"
"2023";"02";"040128";"AREQUIPA";"AREQUIPA";"YURA";"GOBIERNO REGIONAL";"I-2";"00001254";"PUESTO DE SALUD YURA";"NE_0002";"";"NE_0002";"NE_0002";"NE_0002";"NE_0002";"NE_0002";"NE_0002";"NE_0002"
"2023";"02";"021809";"ANCASH";"SANTA";"NUEVO CHIMBOTE";"GOBIERNO REGIONAL";"II-2";"00001703";"ELEAZAR GUZMAN BARRON";"241800";"HOSPITALIZACIÓN DE MEDICINA MEDICINA GENERAL ";"81";"78";"578";"544";"20";"620";"11"
"2023";"02";"021809";"ANCASH";"SANTA";"NUEVO CHIMBOTE";"GOBIERNO REGIONAL";"II-2";"00001703";"ELEAZAR GUZMAN BARRON";"245700";"HOSPITALIZACIÓN QUIRÚRGICA CARDIOLOGIA ";"1";"1";"4";"4";"1";"31";"0"
"2023";"02";"021809";"ANCASH";"SANTA";"NUEVO CHIMBOTE";"GOBIERNO REGIONAL";"II-2";"00001703";"ELEAZAR GUZMAN BARRON";"244300";"HOSPITALIZACIÓN DE MEDICINA GASTROENTEROLOGÍA  ";"1";"1";"5";"5";"1";"31";"0"
"2023";"02";"021809";"ANCASH";"SANTA";"NUEVO CHIMBOTE";"GOBIERNO REGIONAL";"II-2";"00001703";"ELEAZAR GUZMAN BARRON";"245500";"HOSPITALIZACIÓN DE MEDICINA REUMATOLOGÍA    ";"7";"4";"4";"10";"1";"31";"0"
"2023";"02";"021809";"ANCASH";"SANTA";"NUEVO CHIMBOTE";"GOBIERNO REGIONAL";"II-2";"00001703";"ELEAZAR GUZMAN BARRON";"245300";"HOSPITALIZACIÓN DE MEDICINA NEUMOLOGÍA  ";"7";"10";"160";"97";"4";"124";"0"
"2023";"02";"021809";"ANCASH";"SANTA";"NUEVO CHIMBOTE";"GOBIERNO REGIONAL";"II-2";"00001703";"ELEAZAR GUZMAN BARRON";"242200";"HOSPITALIZACIÓN DE MEDICINA PSIQUIATRÍA ";"5";"10";"303";"171";"7";"217";"0"
"2023";"02";"021809";"ANCASH";"SANTA";"NUEVO CHIMBOTE";"GOBIERNO REGIONAL";"II-2";"00001703";"ELEAZAR GUZMAN BARRON";"240100";"HOSPITALIZACIÓN QUIRÚRGICA CIRUGÍA GENERAL ";"72";"68";"232";"355";"13";"403";"1"
"2023";"02";"021809";"ANCASH";"SANTA";"NUEVO CHIMBOTE";"GOBIERNO REGIONAL";"II-2";"00001703";"ELEAZAR GUZMAN BARRON";"241200";"HOSPITALIZACIÓN QUIRÚRGICA TRAUMATOLOGÍA Y ORTOPEDIA ";"27";"23";"246";"212";"8";"248";"0"
"2023";"02";"021809";"ANCASH";"SANTA";"NUEVO CHIMBOTE";"GOBIERNO REGIONAL";"II-2";"00001703";"ELEAZAR GUZMAN BARRON";"241100";"HOSPITALIZACIÓN QUIRÚRGICA OTORRINOLARINGOLOGÍA  ";"1";"1";"2";"2";"1";"31";"0"
"2023";"02";"021809";"ANCASH";"SANTA";"NUEVO CHIMBOTE";"GOBIERNO REGIONAL";"II-2";"00001703";"ELEAZAR GUZMAN BARRON";"241300";"HOSPITALIZACIÓN QUIRÚRGICA UROLOGÍA  ";"8";"6";"28";"30";"2";"62";"0"
"2023";"02";"021809";"ANCASH";"SANTA";"NUEVO CHIMBOTE";"GOBIERNO REGIONAL";"II-2";"00001703";"ELEAZAR GUZMAN BARRON";"242100";"HOSPITALIZACIÓN DE MEDICINA ONCOLOGÍA MÉDICA ";"3";"3";"25";"19";"1";"31";"0"
"2023";"02";"021809";"ANCASH";"SANTA";"NUEVO CHIMBOTE";"GOBIERNO REGIONAL";"II-2";"00001703";"ELEAZAR GUZMAN BARRON";"240900";"HOSPITALIZACIÓN QUIRÚRGICA NEUROCIRUGÍA ";"10";"9";"125";"59";"3";"93";"0"
"2023";"02";"021809";"ANCASH";"SANTA";"NUEVO CHIMBOTE";"GOBIERNO REGIONAL";"II-2";"00001703";"ELEAZAR GUZMAN BARRON";"240801";"HOSPITALIZACIÓN QUIRÚRGICA CIRUGÍA PLÁSTICA/RECONSTRUCTIVA/ REPARADORA QUEMADOS";"2";"1";"10";"14";"1";"31";"0"
"2023";"02";"021809";"ANCASH";"SANTA";"NUEVO CHIMBOTE";"GOBIERNO REGIONAL";"II-2";"00001703";"ELEAZAR GUZMAN BARRON";"242300";"HOSPITALIZACIÓN DE PEDIATRÍA  PEDIATRÍA  GENERAL ";"127";"128";"629";"630";"25";"775";"3"
"2023";"02";"021809";"ANCASH";"SANTA";"NUEVO CHIMBOTE";"GOBIERNO REGIONAL";"II-2";"00001703";"ELEAZAR GUZMAN BARRON";"241600";"HOSPITALIZACIÓN QUIRÚRGICA OBSTETRICIA   ";"236";"241";"548";"565";"24";"744";"0"
"2023";"02";"021809";"ANCASH";"SANTA";"NUEVO CHIMBOTE";"GOBIERNO REGIONAL";"II-2";"00001703";"ELEAZAR GUZMAN BARRON";"241500";"HOSPITALIZACIÓN QUIRÚRGICA GINECOLOGÍA  ";"42";"38";"141";"147";"6";"186";"0"
"2023";"02";"021809";"ANCASH";"SANTA";"NUEVO CHIMBOTE";"GOBIERNO REGIONAL";"II-2";"00001703";"ELEAZAR GUZMAN BARRON";"250100";"UNIDAD DE CUIDADOS CRITICOS UNIDAD  DE CUIDADOS INTENSIVOS GENERALES (UCI) ";"15";"4";"70";"347";"16";"496";"4"
"2023";"02";"110201";"ICA";"CHINCHA";"CHINCHA ALTA";"PRIVADO";"II-1";"00010559";"CLINICA DANIEL A. CARRION S.A.C.";"240100";"HOSPITALIZACIÓN QUIRÚRGICA CIRUGÍA GENERAL ";"17";"17";"26";"26";"4";"112";"0"
"2023";"02";"110201";"ICA";"CHINCHA";"CHINCHA ALTA";"PRIVADO";"II-1";"00010559";"CLINICA DANIEL A. CARRION S.A.C.";"241400";"HOSPITALIZACIÓN QUIRÚRGICA GINECO - OBSTETRICIA ";"20";"19";"27";"28";"4";"112";"0"
"2023";"02";"110201";"ICA";"CHINCHA";"CHINCHA ALTA";"PRIVADO";"II-1";"00010559";"CLINICA DANIEL A. CARRION S.A.C.";"241800";"HOSPITALIZACIÓN DE MEDICINA MEDICINA GENERAL ";"1";"1";"5";"5";"1";"28";"0"
"2023";"02";"110201";"ICA";"CHINCHA";"CHINCHA ALTA";"PRIVADO";"II-1";"00010559";"CLINICA DANIEL A. CARRION S.A.C.";"242300";"HOSPITALIZACIÓN DE PEDIATRÍA  PEDIATRÍA  GENERAL ";"1";"1";"2";"2";"1";"28";"0"
"2023";"02";"060601";"CAJAMARCA";"CUTERVO";"CUTERVO";"GOBIERNO REGIONAL";"I-3";"00028745";"CENTRO DE SALUD MENTAL COMUNITARIO PLENITUD";"NE_0001";"";"NE_0001";"NE_0001";"NE_0001";"NE_0001";"NE_0001";"NE_0001";"NE_0001"
"2023";"02";"150122";"LIMA";"LIMA";"MIRAFLORES";"PRIVADO";"II-E";"00011750";"CLINICA LOS ANDES SAC";"240000";"HOSPITALIZACIÓN";"56";"55";"103";"107";"15";"420";"0"
"2023";"02";"120204";"JUNIN";"CONCEPCION";"CHAMBARA";"GOBIERNO REGIONAL";"I-1";"00000637";"STA. ROSA DE TISTES";"NE_0001";"";"NE_0001";"NE_0001";"NE_0001";"NE_0001";"NE_0001";"NE_0001";"NE_0001"
"2023";"02";"120204";"JUNIN";"CONCEPCION";"CHAMBARA";"GOBIERNO REGIONAL";"I-2";"00000636";"CHAMBARA";"NE_0001";"";"NE_0001";"NE_0001";"NE_0001";"NE_0001";"NE_0001";"NE_0001";"NE_0001"
"2023";"02";"120208";"JUNIN";"CONCEPCION";"MANZANARES";"GOBIERNO REGIONAL";"I-1";"00000640";"MANZANARES";"NE_0001";"";"NE_0001";"NE_0001";"NE_0001";"NE_0001";"NE_0001";"NE_0001";"NE_0001"
"2023";"02";"120204";"JUNIN";"CONCEPCION";"CHAMBARA";"GOBIERNO REGIONAL";"I-1";"00000639";"ANGASMAYO";"NE_0001";"";"NE_0001";"NE_0001";"NE_0001";"NE_0001";"NE_0001";"NE_0001";"NE_0001"
"2023";"02";"120904";"JUNIN";"CHUPACA";"HUACHAC";"GOBIERNO REGIONAL";"I-1";"00000653";"MARCATUNA";"NE_0001";"";"NE_0001";"NE_0001";"NE_0001";"NE_0001";"NE_0001";"NE_0001";"NE_0001"
"2023";"02";"120904";"JUNIN";"CHUPACA";"HUACHAC";"GOBIERNO REGIONAL";"I-3";"00000651";"HUACHAC";"NE_0001";"";"NE_0001";"NE_0001";"NE_0001";"NE_0001";"NE_0001";"NE_0001";"NE_0001"
"2023";"02";"120904";"JUNIN";"CHUPACA";"HUACHAC";"GOBIERNO REGIONAL";"I-1";"00000652";"HUAYAO";"NE_0001";"";"NE_0001";"NE_0001";"NE_0001";"NE_0001";"NE_0001";"NE_0001";"NE_0001"
"2023";"03";"150132";"LIMA";"LIMA";"SAN JUAN DE LURIGANCHO";"ESSALUD";"II-1";"00008317";"HOSPITAL AURELIO DIAZ UFANO Y PERAL";"240100";"HOSPITALIZACIÓN QUIRÚRGICA CIRUGÍA GENERAL ";"97";"95";"192";"191";"7";"222";"0"
"2023";"03";"150132";"LIMA";"LIMA";"SAN JUAN DE LURIGANCHO";"ESSALUD";"II-1";"00008317";"HOSPITAL AURELIO DIAZ UFANO Y PERAL";"241400";"HOSPITALIZACIÓN QUIRÚRGICA GINECO - OBSTETRICIA ";"27";"24";"58";"62";"2";"76";"0"
"2023";"03";"150132";"LIMA";"LIMA";"SAN JUAN DE LURIGANCHO";"ESSALUD";"II-1";"00008317";"HOSPITAL AURELIO DIAZ UFANO Y PERAL";"241600";"HOSPITALIZACIÓN QUIRÚRGICA OBSTETRICIA   ";"157";"159";"299";"299";"13";"398";"0"
"2023";"03";"150132";"LIMA";"LIMA";"SAN JUAN DE LURIGANCHO";"ESSALUD";"II-1";"00008317";"HOSPITAL AURELIO DIAZ UFANO Y PERAL";"241900";"HOSPITALIZACIÓN DE MEDICINA MEDICINA INTERNA ";"74";"76";"289";"272";"10";"296";"12"
"2023";"03";"150132";"LIMA";"LIMA";"SAN JUAN DE LURIGANCHO";"ESSALUD";"II-1";"00008317";"HOSPITAL AURELIO DIAZ UFANO Y PERAL";"242300";"HOSPITALIZACIÓN DE PEDIATRÍA  PEDIATRÍA  GENERAL ";"73";"72";"293";"197";"8";"248";"0"
"2023";"03";"150132";"LIMA";"LIMA";"SAN JUAN DE LURIGANCHO";"ESSALUD";"II-1";"00008317";"HOSPITAL AURELIO DIAZ UFANO Y PERAL";"243200";"HOSPITALIZACIÓN DE PEDIATRÍA PEDIATRIA NEONATOLOGÍA";"14";"12";"20";"22";"3";"93";"0"
"2023";"03";"220303";"SAN MARTIN";"EL DORADO";"SAN MARTIN";"GOBIERNO REGIONAL";"I-1";"00006494";"SINAMI";"NE_0001";"";"NE_0001";"NE_0001";"NE_0001";"NE_0001";"NE_0001";"NE_0001";"NE_0001"
"2023";"03";"220303";"SAN MARTIN";"EL DORADO";"SAN MARTIN";"GOBIERNO REGIONAL";"I-1";"00007391";"CASHNAHUASI";"NE_0001";"";"NE_0001";"NE_0001";"NE_0001";"NE_0001";"NE_0001";"NE_0001";"NE_0001"
"2023";"03";"220303";"SAN MARTIN";"EL DORADO";"SAN MARTIN";"GOBIERNO REGIONAL";"I-1";"00007392";"BUENA VISTA";"NE_0001";"";"NE_0001";"NE_0001";"NE_0001";"NE_0001";"NE_0001";"NE_0001";"NE_0001"
"2023";"03";"220303";"SAN MARTIN";"EL DORADO";"SAN MARTIN";"GOBIERNO REGIONAL";"I-1";"00007644";"PACAYPAMPA";"NE_0001";"";"NE_0001";"NE_0001";"NE_0001";"NE_0001";"NE_0001";"NE_0001";"NE_0001"
"2023";"03";"220305";"SAN MARTIN";"EL DORADO";"SHATOJA";"GOBIERNO REGIONAL";"I-1";"00006493";"SHATOJA";"NE_0001";"";"NE_0001";"NE_0001";"NE_0001";"NE_0001";"NE_0001";"NE_0001";"NE_0001"
"2023";"03";"070102";"CALLAO";"CALLAO";"BELLAVISTA";"ESSALUD";"III-1";"00008265";"HOSPITAL NACIONAL ALBERTO SABOGAL SOLOGUREN DE LA RED ASISTENCIAL SABOGAL";"250100";"UNIDAD DE CUIDADOS CRITICOS UNIDAD  DE CUIDADOS INTENSIVOS GENERALES (UCI) ";"24";"34";"323";"225";"8";"248";"11"
"2023";"03";"110211";"ICA";"CHINCHA";"TAMBO DE MORA";"ESSALUD";"I-2";"00012023";"TAMBO DE MORA";"NE_0001";"";"NE_0001";"NE_0001";"NE_0001";"NE_0001";"NE_0001";"NE_0001";"NE_0001"
"2023";"03";"220901";"SAN MARTIN";"SAN MARTIN";"TARAPOTO";"ESSALUD";"I-2";"00027727";"CENTRO DE ATENCIÓN PRIMARIA METROPOLITANO - ESSALUD";"NE_0001";"";"NE_0001";"NE_0001";"NE_0001";"NE_0001";"NE_0001";"NE_0001";"NE_0001"
"2023";"03";"060701";"CAJAMARCA";"HUALGAYOC";"BAMBAMARCA";"ESSALUD";"I-2";"00010277";"POSTA MEDICA ESSALUD BAMBAMARCA";"NE_0001";"";"NE_0001";"NE_0001";"NE_0001";"NE_0001";"NE_0001";"NE_0001";"NE_0001"
"2023";"03";"150501";"LIMA";"CAÑETE";"SAN VICENTE DE CAÑETE";"ESSALUD";"II-1";"00010536";"HOSPITAL II CAÑETE";"240100";"HOSPITALIZACIÓN QUIRÚRGICA CIRUGÍA GENERAL ";"71";"73";"281";"291";"10";"314";"0"
"2023";"03";"150501";"LIMA";"CAÑETE";"SAN VICENTE DE CAÑETE";"ESSALUD";"II-1";"00010536";"HOSPITAL II CAÑETE";"241600";"HOSPITALIZACIÓN QUIRÚRGICA OBSTETRICIA   ";"102";"97";"216";"218";"8";"267";"0"
"2023";"03";"150501";"LIMA";"CAÑETE";"SAN VICENTE DE CAÑETE";"ESSALUD";"II-1";"00010536";"HOSPITAL II CAÑETE";"241500";"HOSPITALIZACIÓN QUIRÚRGICA GINECOLOGÍA  ";"1";"2";"7";"7";"2";"27";"0"
"2023";"03";"150501";"LIMA";"CAÑETE";"SAN VICENTE DE CAÑETE";"ESSALUD";"II-1";"00010536";"HOSPITAL II CAÑETE";"242500";"HOSPITALIZACIÓN-PEDIATRÍA GENERAL-";"29";"30";"101";"97";"4";"133";"0"
"2023";"03";"050101";"AYACUCHO";"HUAMANGA";"AYACUCHO";"GOBIERNO REGIONAL";"II-2";"00003543";"HOSPITAL REGIONAL DE AYACUCHO ""MIGUEL ANGEL MARISCAL LLERENA""";"241800";"HOSPITALIZACIÓN DE MEDICINA MEDICINA GENERAL ";"169";"122";"1050";"1185";"49";"1519";"7"
"2023";"03";"050101";"AYACUCHO";"HUAMANGA";"AYACUCHO";"GOBIERNO REGIONAL";"II-2";"00003543";"HOSPITAL REGIONAL DE AYACUCHO ""MIGUEL ANGEL MARISCAL LLERENA""";"242200";"HOSPITALIZACIÓN DE MEDICINA PSIQUIATRÍA ";"14";"8";"166";"175";"4";"175";"0"
"2023";"03";"050101";"AYACUCHO";"HUAMANGA";"AYACUCHO";"GOBIERNO REGIONAL";"II-2";"00003543";"HOSPITAL REGIONAL DE AYACUCHO ""MIGUEL ANGEL MARISCAL LLERENA""";"250304";"HOSPIT. EN UNIDAD DE CUID.INTEN.-UNIDAD DE VIGILANCIA INTENSIVA (UVI)-MEDICINA";"32";"6";"178";"204";"9";"279";"5"
"2023";"03";"050101";"AYACUCHO";"HUAMANGA";"AYACUCHO";"GOBIERNO REGIONAL";"II-2";"00003543";"HOSPITAL REGIONAL DE AYACUCHO ""MIGUEL ANGEL MARISCAL LLERENA""";"240100";"HOSPITALIZACIÓN QUIRÚRGICA CIRUGÍA GENERAL ";"162";"139";"645";"787";"26";"869";"0"
"2023";"03";"050101";"AYACUCHO";"HUAMANGA";"AYACUCHO";"GOBIERNO REGIONAL";"II-2";"00003543";"HOSPITAL REGIONAL DE AYACUCHO ""MIGUEL ANGEL MARISCAL LLERENA""";"241200";"HOSPITALIZACIÓN QUIRÚRGICA TRAUMATOLOGÍA Y ORTOPEDIA ";"149";"128";"690";"815";"24";"874";"0"
"2023";"03";"050101";"AYACUCHO";"HUAMANGA";"AYACUCHO";"GOBIERNO REGIONAL";"II-2";"00003543";"HOSPITAL REGIONAL DE AYACUCHO ""MIGUEL ANGEL MARISCAL LLERENA""";"242500";"HOSPITALIZACIÓN-PEDIATRÍA GENERAL-";"124";"105";"424";"538";"27";"837";"0"
"2023";"03";"050101";"AYACUCHO";"HUAMANGA";"AYACUCHO";"GOBIERNO REGIONAL";"II-2";"00003543";"HOSPITAL REGIONAL DE AYACUCHO ""MIGUEL ANGEL MARISCAL LLERENA""";"240700";"HOSPITALIZACIÓN QUIRÚRGICA CIRUGÍA PEDIÁTRICA ";"60";"52";"212";"266";"8";"266";"0"
"2023";"03";"050101";"AYACUCHO";"HUAMANGA";"AYACUCHO";"GOBIERNO REGIONAL";"II-2";"00003543";"HOSPITAL REGIONAL DE AYACUCHO ""MIGUEL ANGEL MARISCAL LLERENA""";"250108";"UNIDAD DE CUIDADOS CRITICOS UNIDAD  DE CUIDADOS INTENSIVOS  (UCI) PEDIÁTRICA";"45";"8";"107";"149";"8";"248";"1"
"2023";"03";"050101";"AYACUCHO";"HUAMANGA";"AYACUCHO";"GOBIERNO REGIONAL";"II-2";"00003543";"HOSPITAL REGIONAL DE AYACUCHO ""MIGUEL ANGEL MARISCAL LLERENA""";"250105";"UNIDAD DE CUIDADOS CRITICOS UNIDAD  DE CUIDADOS INTENSIVOS  (UCI) NEONATOLOGÍA";"82";"3";"561";"627";"24";"793";"3"
"2023";"03";"050101";"AYACUCHO";"HUAMANGA";"AYACUCHO";"GOBIERNO REGIONAL";"II-2";"00003543";"HOSPITAL REGIONAL DE AYACUCHO ""MIGUEL ANGEL MARISCAL LLERENA""";"250305";"HOSPIT. EN UNIDAD DE CUID.INTEN.-UNIDAD DE VIGILANCIA INTENSIVA (UVI)-NEONATOLOGÍA";"68";"49";"343";"401";"20";"620";"0"
"2023";"03";"050101";"AYACUCHO";"HUAMANGA";"AYACUCHO";"GOBIERNO REGIONAL";"II-2";"00003543";"HOSPITAL REGIONAL DE AYACUCHO ""MIGUEL ANGEL MARISCAL LLERENA""";"243200";"HOSPITALIZACIÓN DE PEDIATRÍA PEDIATRIA NEONATOLOGÍA";"31";"23";"212";"237";"7";"237";"0"
"2023";"03";"050101";"AYACUCHO";"HUAMANGA";"AYACUCHO";"GOBIERNO REGIONAL";"II-2";"00003543";"HOSPITAL REGIONAL DE AYACUCHO ""MIGUEL ANGEL MARISCAL LLERENA""";"241400";"HOSPITALIZACIÓN QUIRÚRGICA GINECO - OBSTETRICIA ";"524";"376";"1024";"1518";"54";"1674";"0"
"2023";"03";"050101";"AYACUCHO";"HUAMANGA";"AYACUCHO";"GOBIERNO REGIONAL";"II-2";"00003543";"HOSPITAL REGIONAL DE AYACUCHO ""MIGUEL ANGEL MARISCAL LLERENA""";"250302";"HOSPIT. EN UNIDAD DE CUID.INTEN.-UNIDAD DE VIGILANCIA INTENSIVA (UVI)-GINECO-OBSTETRICIA";"38";"2";"76";"110";"4";"124";"0"
"2023";"03";"050101";"AYACUCHO";"HUAMANGA";"AYACUCHO";"GOBIERNO REGIONAL";"II-2";"00003543";"HOSPITAL REGIONAL DE AYACUCHO ""MIGUEL ANGEL MARISCAL LLERENA""";"250100";"UNIDAD DE CUIDADOS CRITICOS UNIDAD  DE CUIDADOS INTENSIVOS GENERALES (UCI) ";"36";"6";"363";"389";"15";"482";"6"
"2023";"03";"040401";"AREQUIPA";"CASTILLA";"APLAO";"ESSALUD";"I-3";"00013299";"CENTRO MEDICO APLAO";"NE_0001";"";"NE_0001";"NE_0001";"NE_0001";"NE_0001";"NE_0001";"NE_0001";"NE_0001"
"2023";"03";"080601";"CUSCO";"CANCHIS";"SICUANI";"ESSALUD";"II-1";"00010063";"ESSALUD SICUANI";"240100";"HOSPITALIZACIÓN QUIRÚRGICA CIRUGÍA GENERAL ";"16";"18";"67";"67";"4";"124";"0"
"2023";"03";"080601";"CUSCO";"CANCHIS";"SICUANI";"ESSALUD";"II-1";"00010063";"ESSALUD SICUANI";"241500";"HOSPITALIZACIÓN QUIRÚRGICA GINECOLOGÍA  ";"27";"23";"55";"55";"2";"62";"0"
"2023";"03";"080601";"CUSCO";"CANCHIS";"SICUANI";"ESSALUD";"II-1";"00010063";"ESSALUD SICUANI";"241900";"HOSPITALIZACIÓN DE MEDICINA MEDICINA INTERNA ";"43";"40";"145";"145";"8";"248";"0"
"2023";"03";"080601";"CUSCO";"CANCHIS";"SICUANI";"ESSALUD";"II-1";"00010063";"ESSALUD SICUANI";"241600";"HOSPITALIZACIÓN QUIRÚRGICA OBSTETRICIA   ";"12";"16";"33";"33";"2";"62";"0"
"2023";"03";"080601";"CUSCO";"CANCHIS";"SICUANI";"ESSALUD";"II-1";"00010063";"ESSALUD SICUANI";"242300";"HOSPITALIZACIÓN DE PEDIATRÍA  PEDIATRÍA  GENERAL ";"4";"3";"5";"5";"2";"62";"0"
"2023";"03";"190103";"PASCO";"PASCO";"HUARIACA";"ESSALUD";"II-E";"00009749";"HOSPITAL II - E HUARIACA";"241800";"HOSPITALIZACIÓN DE MEDICINA MEDICINA GENERAL ";"36";"32";"136";"187";"8";"248";"0"
"2023";"03";"190103";"PASCO";"PASCO";"HUARIACA";"ESSALUD";"II-E";"00009749";"HOSPITAL II - E HUARIACA";"242100";"HOSPITALIZACIÓN DE MEDICINA ONCOLOGÍA MÉDICA ";"61";"51";"144";"186";"10";"310";"0"
"2023";"03";"190103";"PASCO";"PASCO";"HUARIACA";"ESSALUD";"II-E";"00009749";"HOSPITAL II - E HUARIACA";"242200";"HOSPITALIZACIÓN DE MEDICINA PSIQUIATRÍA ";"10";"14";"424";"1216";"70";"2170";"0"
"2023";"03";"190103";"PASCO";"PASCO";"HUARIACA";"ESSALUD";"II-E";"00009749";"HOSPITAL II - E HUARIACA";"240100";"HOSPITALIZACIÓN QUIRÚRGICA CIRUGÍA GENERAL ";"24";"26";"93";"92";"4";"124";"0"
"2023";"03";"190103";"PASCO";"PASCO";"HUARIACA";"ESSALUD";"II-E";"00009749";"HOSPITAL II - E HUARIACA";"241400";"HOSPITALIZACIÓN QUIRÚRGICA GINECO - OBSTETRICIA ";"15";"15";"47";"34";"2";"62";"0"
"2023";"03";"150134";"LIMA";"LIMA";"SAN LUIS";"PRIVADO";"II-1";"00008786";"CLINICA SAN JUAN DE DIOS";"240000";"HOSPITALIZACIÓN";"67";"65";"154";"161";"25";"775";"1"
"2023";"01";"150114";"LIMA";"LIMA";"LA MOLINA";"PRIVADO";"II-E";"00022113";"CLINICA SANTA JULIA  S.A.C.";"NE_0001";"";"NE_0001";"NE_0001";"NE_0001";"NE_0001";"NE_0001";"NE_0001";"NE_0001"
"2023";"02";"230101";"TACNA";"TACNA";"TACNA";"PRIVADO";"I-4";"00015875";"PROMEDIC";"NE_0002";"";"NE_0002";"NE_0002";"NE_0002";"NE_0002";"NE_0002";"NE_0002";"NE_0002"
"2023";"02";"150101";"LIMA";"LIMA";"LIMA";"OTRO";"III-2";"00027929";"INSTITUTO DE MEDICINA LEGAL DEL PERÚ";"NE_0001";"";"NE_0001";"NE_0001";"NE_0001";"NE_0001";"NE_0001";"NE_0001";"NE_0001"
"2023";"02";"150133";"LIMA";"LIMA";"SAN JUAN DE MIRAFLORES";"PRIVADO";"II-E";"00028244";"CLINICA SAGRADA FAMILIA DEL SUR";"240000";"HOSPITALIZACIÓN";"9";"9";"15";"13";"6";"38";"0"
"2023";"02";"150136";"LIMA";"LIMA";"SAN MIGUEL";"PRIVADO";"II-2";"00011401";"CLINICA SAN JUDAS TADEO";"240000";"HOSPITALIZACIÓN";"317";"280";"889";"1002";"54";"1512";"2"
"2023";"02";"060101";"CAJAMARCA";"CAJAMARCA";"CAJAMARCA";"PRIVADO";"II-1";"00009591";"CLINICA LIMATAMBO CAJAMARCA S.A.C.";"240000";"HOSPITALIZACIÓN";"142";"137";"524";"489";"33";"672";"1"
"2023";"02";"120101";"JUNIN";"HUANCAYO";"HUANCAYO";"PRIVADO";"II-2";"00008858";"CLINICA ORTEGA";"240100";"HOSPITALIZACIÓN QUIRÚRGICA CIRUGÍA GENERAL ";"46";"46";"139";"139";"7";"196";"1"
"2023";"02";"120101";"JUNIN";"HUANCAYO";"HUANCAYO";"PRIVADO";"II-2";"00008858";"CLINICA ORTEGA";"240200";"HOSPITALIZACIÓN QUIRÚRGICA CIRUGÍA DE CABEZA Y CUELLO / MÁXILO FACIAL ";"3";"3";"9";"9";"3";"84";"0"
"2023";"02";"120101";"JUNIN";"HUANCAYO";"HUANCAYO";"PRIVADO";"II-2";"00008858";"CLINICA ORTEGA";"240700";"HOSPITALIZACIÓN QUIRÚRGICA CIRUGÍA PEDIÁTRICA ";"2";"2";"2";"2";"3";"84";"0"
"2023";"02";"120101";"JUNIN";"HUANCAYO";"HUANCAYO";"PRIVADO";"II-2";"00008858";"CLINICA ORTEGA";"240900";"HOSPITALIZACIÓN QUIRÚRGICA NEUROCIRUGÍA ";"14";"14";"100";"100";"6";"168";"0"
"2023";"02";"120101";"JUNIN";"HUANCAYO";"HUANCAYO";"PRIVADO";"II-2";"00008858";"CLINICA ORTEGA";"241000";"HOSPITALIZACIÓN QUIRÚRGICA ONCOLOGÍA QUIRÚRGICA  ";"5";"5";"23";"23";"3";"84";"0"
"2023";"02";"120101";"JUNIN";"HUANCAYO";"HUANCAYO";"PRIVADO";"II-2";"00008858";"CLINICA ORTEGA";"241100";"HOSPITALIZACIÓN QUIRÚRGICA OTORRINOLARINGOLOGÍA  ";"14";"14";"25";"25";"3";"84";"0"
"2023";"02";"120101";"JUNIN";"HUANCAYO";"HUANCAYO";"PRIVADO";"II-2";"00008858";"CLINICA ORTEGA";"241200";"HOSPITALIZACIÓN QUIRÚRGICA TRAUMATOLOGÍA Y ORTOPEDIA ";"62";"62";"181";"181";"9";"252";"0"
"2023";"02";"120101";"JUNIN";"HUANCAYO";"HUANCAYO";"PRIVADO";"II-2";"00008858";"CLINICA ORTEGA";"241300";"HOSPITALIZACIÓN QUIRÚRGICA UROLOGÍA  ";"18";"18";"49";"49";"4";"112";"0"
"2023";"02";"120101";"JUNIN";"HUANCAYO";"HUANCAYO";"PRIVADO";"II-2";"00008858";"CLINICA ORTEGA";"241400";"HOSPITALIZACIÓN QUIRÚRGICA GINECO - OBSTETRICIA ";"24";"24";"64";"64";"5";"140";"0"
"2023";"02";"120101";"JUNIN";"HUANCAYO";"HUANCAYO";"PRIVADO";"II-2";"00008858";"CLINICA ORTEGA";"241800";"HOSPITALIZACIÓN DE MEDICINA MEDICINA GENERAL ";"6";"6";"21";"21";"3";"84";"0"
"2023";"02";"120101";"JUNIN";"HUANCAYO";"HUANCAYO";"PRIVADO";"II-2";"00008858";"CLINICA ORTEGA";"241900";"HOSPITALIZACIÓN DE MEDICINA MEDICINA INTERNA ";"22";"22";"91";"91";"6";"168";"0"
"2023";"02";"120101";"JUNIN";"HUANCAYO";"HUANCAYO";"PRIVADO";"II-2";"00008858";"CLINICA ORTEGA";"242100";"HOSPITALIZACIÓN DE MEDICINA ONCOLOGÍA MÉDICA ";"1";"1";"4";"4";"3";"84";"0"
"2023";"02";"120101";"JUNIN";"HUANCAYO";"HUANCAYO";"PRIVADO";"II-2";"00008858";"CLINICA ORTEGA";"242300";"HOSPITALIZACIÓN DE PEDIATRÍA  PEDIATRÍA  GENERAL ";"3";"3";"8";"8";"3";"84";"0"
"2023";"02";"120101";"JUNIN";"HUANCAYO";"HUANCAYO";"PRIVADO";"II-2";"00008858";"CLINICA ORTEGA";"250100";"UNIDAD DE CUIDADOS CRITICOS UNIDAD  DE CUIDADOS INTENSIVOS GENERALES (UCI) ";"1";"1";"7";"7";"3";"84";"0"
"2023";"02";"130106";"LA LIBERTAD";"TRUJILLO";"LAREDO";"GOBIERNO REGIONAL";"II-1";"00005231";"HOSPITAL DISTRITAL LAREDO";"241400";"HOSPITALIZACIÓN QUIRÚRGICA GINECO - OBSTETRICIA ";"55";"55";"102";"157";"6";"168";"0"
"2023";"02";"130106";"LA LIBERTAD";"TRUJILLO";"LAREDO";"GOBIERNO REGIONAL";"II-1";"00005231";"HOSPITAL DISTRITAL LAREDO";"241800";"HOSPITALIZACIÓN DE MEDICINA MEDICINA GENERAL ";"7";"7";"52";"59";"12";"336";"0"
"2023";"02";"130106";"LA LIBERTAD";"TRUJILLO";"LAREDO";"GOBIERNO REGIONAL";"II-1";"00005231";"HOSPITAL DISTRITAL LAREDO";"242500";"HOSPITALIZACIÓN-PEDIATRÍA GENERAL-";"7";"7";"20";"27";"3";"84";"0"
"2023";"02";"040125";"AREQUIPA";"AREQUIPA";"VITOR";"GOBIERNO REGIONAL";"I-3";"00001324";"CENTRO DE SALUD VITOR";"NE_0001";"";"NE_0001";"NE_0001";"NE_0001";"NE_0001";"NE_0001";"NE_0001";"NE_0001"
"2023";"02";"040121";"AREQUIPA";"AREQUIPA";"SANTA RITA DE SIHUAS";"GOBIERNO REGIONAL";"I-3";"00001335";"CENTRO  DE SALUD SANTA RITA DE SIGUAS";"NE_0001";"";"NE_0001";"NE_0001";"NE_0001";"NE_0001";"NE_0001";"NE_0001";"NE_0001"
"2023";"02";"040125";"AREQUIPA";"AREQUIPA";"VITOR";"GOBIERNO REGIONAL";"I-2";"00001334";"PUESTO DE SALUD YURAMAYO";"NE_0001";"";"NE_0001";"NE_0001";"NE_0001";"NE_0001";"NE_0001";"NE_0001";"NE_0001"
"2023";"02";"150115";"LIMA";"LIMA";"LA VICTORIA";"PRIVADO";"II-E";"00009431";"CLÍNICA SANTA CATALINA";"NE_0002";"";"NE_0002";"NE_0002";"NE_0002";"NE_0002";"NE_0002";"NE_0002";"NE_0002"
"2023";"02";"060101";"CAJAMARCA";"CAJAMARCA";"CAJAMARCA";"PRIVADO";"0";"00018126";"LABORATORIO LLONTOP S.R.L.";"NE_0001";"";"NE_0001";"NE_0001";"NE_0001";"NE_0001";"NE_0001";"NE_0001";"NE_0001"
"2023";"02";"220104";"SAN MARTIN";"MOYOBAMBA";"JEPELACIO";"GOBIERNO REGIONAL";"I-1";"00007238";"PACAYPITE";"NE_0001";"";"NE_0001";"NE_0001";"NE_0001";"NE_0001";"NE_0001";"NE_0001";"NE_0001"
"2023";"02";"220104";"SAN MARTIN";"MOYOBAMBA";"JEPELACIO";"GOBIERNO REGIONAL";"I-4";"00006337";"JEPELACIO";"241400";"HOSPITALIZACIÓN QUIRÚRGICA GINECO - OBSTETRICIA ";"1";"1";"1";"1";"1";"56";"0"
"2023";"02";"220104";"SAN MARTIN";"MOYOBAMBA";"JEPELACIO";"GOBIERNO REGIONAL";"I-2";"00006339";"SHUCSHUYACU";"NE_0001";"";"NE_0001";"NE_0001";"NE_0001";"NE_0001";"NE_0001";"NE_0001";"NE_0001"
"2023";"02";"220104";"SAN MARTIN";"MOYOBAMBA";"JEPELACIO";"GOBIERNO REGIONAL";"I-2";"00006340";"NUEVO SAN MIGUEL";"NE_0001";"";"NE_0001";"NE_0001";"NE_0001";"NE_0001";"NE_0001";"NE_0001";"NE_0001"
"2023";"02";"220104";"SAN MARTIN";"MOYOBAMBA";"JEPELACIO";"GOBIERNO REGIONAL";"I-1";"00006338";"CARRIZAL";"NE_0001";"";"NE_0001";"NE_0001";"NE_0001";"NE_0001";"NE_0001";"NE_0001";"NE_0001"
"2023";"02";"050206";"AYACUCHO";"CANGALLO";"TOTOS";"GOBIERNO REGIONAL";"I-1";"00003625";"QUIÑASI";"NE_0001";"";"NE_0001";"NE_0001";"NE_0001";"NE_0001";"NE_0001";"NE_0001";"NE_0001"
"2023";"02";"051012";"AYACUCHO";"VICTOR FAJARDO";"VILCANCHOS";"GOBIERNO REGIONAL";"I-1";"00003627";"COCAS";"NE_0001";"";"NE_0001";"NE_0001";"NE_0001";"NE_0001";"NE_0001";"NE_0001";"NE_0001"
"2023";"02";"130905";"LA LIBERTAD";"SANCHEZ CARRION";"MARCABAL";"GOBIERNO REGIONAL";"I-2";"00013825";"CHAQUILBAMBA";"NE_0001";"";"NE_0001";"NE_0001";"NE_0001";"NE_0001";"NE_0001";"NE_0001";"NE_0001"
"2023";"02";"130905";"LA LIBERTAD";"SANCHEZ CARRION";"MARCABAL";"GOBIERNO REGIONAL";"I-2";"00005358";"MARCABALITO";"NE_0001";"";"NE_0001";"NE_0001";"NE_0001";"NE_0001";"NE_0001";"NE_0001";"NE_0001"
"2023";"02";"130905";"LA LIBERTAD";"SANCHEZ CARRION";"MARCABAL";"GOBIERNO REGIONAL";"I-2";"00013794";"LLUCHUBAMBA";"NE_0001";"";"NE_0001";"NE_0001";"NE_0001";"NE_0001";"NE_0001";"NE_0001";"NE_0001"
"2023";"02";"120114";"JUNIN";"HUANCAYO";"EL TAMBO";"PRIVADO";"II-E";"00028966";"CLÍNICA ESPECIALIZADA MIRANDA";"241200";"HOSPITALIZACIÓN QUIRÚRGICA TRAUMATOLOGÍA Y ORTOPEDIA ";"14";"14";"14";"28";"9";"28";"0"
"2023";"02";"120114";"JUNIN";"HUANCAYO";"EL TAMBO";"PRIVADO";"II-E";"00028966";"CLÍNICA ESPECIALIZADA MIRANDA";"245400";"HOSPITALIZACIÓN DE MEDICINA GINECOLOGIA ";"5";"5";"5";"10";"9";"10";"0"
"2023";"02";"120114";"JUNIN";"HUANCAYO";"EL TAMBO";"PRIVADO";"II-E";"00028966";"CLÍNICA ESPECIALIZADA MIRANDA";"240100";"HOSPITALIZACIÓN QUIRÚRGICA CIRUGÍA GENERAL ";"16";"16";"16";"32";"9";"32";"0"
"2023";"02";"120114";"JUNIN";"HUANCAYO";"EL TAMBO";"PRIVADO";"II-E";"00028966";"CLÍNICA ESPECIALIZADA MIRANDA";"241300";"HOSPITALIZACIÓN QUIRÚRGICA UROLOGÍA  ";"4";"4";"4";"8";"9";"11";"0"
"2023";"03";"040302";"AREQUIPA";"CARAVELI";"ACARI";"ESSALUD";"I-2";"00012195";"POSTA MEDICA ACARI";"NE_0001";"";"NE_0001";"NE_0001";"NE_0001";"NE_0001";"NE_0001";"NE_0001";"NE_0001"
"2023";"03";"120201";"JUNIN";"CONCEPCION";"CONCEPCION";"ESSALUD";"I-3";"00008668";"CENTRO MEDICO CONCEPCION";"NE_0001";"";"NE_0001";"NE_0001";"NE_0001";"NE_0001";"NE_0001";"NE_0001";"NE_0001"
"2023";"03";"150121";"LIMA";"LIMA";"PUEBLO LIBRE";"PRIVADO";"II-E";"00011741";"CLÍNICA NORVISION";"NE_0001";"";"NE_0001";"NE_0001";"NE_0001";"NE_0001";"NE_0001";"NE_0001";"NE_0001"
"2023";"01";"250102";"UCAYALI";"CORONEL PORTILLO";"CAMPOVERDE";"GOBIERNO REGIONAL";"I-1";"00007080";"YERBAS BUENAS";"NE_0001";"";"NE_0001";"NE_0001";"NE_0001";"NE_0001";"NE_0001";"NE_0001";"NE_0001"
"2023";"01";"250102";"UCAYALI";"CORONEL PORTILLO";"CAMPOVERDE";"GOBIERNO REGIONAL";"I-1";"00005441";"SEÑOR DE LOS MILAGROS KM 24";"NE_0001";"";"NE_0001";"NE_0001";"NE_0001";"NE_0001";"NE_0001";"NE_0001";"NE_0001"
"2023";"01";"250102";"UCAYALI";"CORONEL PORTILLO";"CAMPOVERDE";"GOBIERNO REGIONAL";"I-1";"00005440";"LOS PINOS";"NE_0001";"";"NE_0001";"NE_0001";"NE_0001";"NE_0001";"NE_0001";"NE_0001";"NE_0001"
"2023";"01";"250102";"UCAYALI";"CORONEL PORTILLO";"CAMPOVERDE";"GOBIERNO REGIONAL";"I-1";"00005431";"SANTA ROSA KM. 50 CFB";"NE_0001";"";"NE_0001";"NE_0001";"NE_0001";"NE_0001";"NE_0001";"NE_0001";"NE_0001"
"2023";"01";"250102";"UCAYALI";"CORONEL PORTILLO";"CAMPOVERDE";"GOBIERNO REGIONAL";"I-1";"00005428";"SAN MARTIN DE MOJARAL";"NE_0001";"";"NE_0001";"NE_0001";"NE_0001";"NE_0001";"NE_0001";"NE_0001";"NE_0001"
"2023";"01";"250102";"UCAYALI";"CORONEL PORTILLO";"CAMPOVERDE";"GOBIERNO REGIONAL";"I-1";"00005427";"PUEBLO LIBRE";"NE_0001";"";"NE_0001";"NE_0001";"NE_0001";"NE_0001";"NE_0001";"NE_0001";"NE_0001"
"2023";"01";"250102";"UCAYALI";"CORONEL PORTILLO";"CAMPOVERDE";"GOBIERNO REGIONAL";"I-3";"00005426";"CAMPO VERDE";"NE_0001";"";"NE_0001";"NE_0001";"NE_0001";"NE_0001";"NE_0001";"NE_0001";"NE_0001"
"2023";"03";"180201";"MOQUEGUA";"GENERAL SANCHEZ CERRO";"OMATE";"ESSALUD";"I-2";"00026055";"POSTA MEDICA OMATE";"NE_0001";"";"NE_0001";"NE_0001";"NE_0001";"NE_0001";"NE_0001";"NE_0001";"NE_0001"
"2023";"03";"150130";"LIMA";"LIMA";"SAN BORJA";"MINSA";"III-2";"00016918";"INSTITUTO NACIONAL DE SALUD NIÑO SAN BORJA";"242100";"HOSPITALIZACIÓN DE MEDICINA ONCOLOGÍA MÉDICA ";"15";"13";"290";"470";"17";"527";"0"
"2023";"03";"150130";"LIMA";"LIMA";"SAN BORJA";"MINSA";"III-2";"00016918";"INSTITUTO NACIONAL DE SALUD NIÑO SAN BORJA";"244500";"HOSPITALIZACIÓN DE MEDICINA HEMATOLOGÍA ";"25";"28";"623";"619";"21";"644";"3"
"2023";"03";"150130";"LIMA";"LIMA";"SAN BORJA";"MINSA";"III-2";"00016918";"INSTITUTO NACIONAL DE SALUD NIÑO SAN BORJA";"240400";"HOSPITALIZACIÓN QUIRÚRGICA CIRUGÍA DE TÓRAX Y CARDIOVASCULAR ";"40";"50";"1283";"1051";"35";"1082";"0"
"2023";"03";"150130";"LIMA";"LIMA";"SAN BORJA";"MINSA";"III-2";"00016918";"INSTITUTO NACIONAL DE SALUD NIÑO SAN BORJA";"240700";"HOSPITALIZACIÓN QUIRÚRGICA CIRUGÍA PEDIÁTRICA ";"60";"61";"897";"948";"33";"1015";"2"
"2023";"03";"150130";"LIMA";"LIMA";"SAN BORJA";"MINSA";"III-2";"00016918";"INSTITUTO NACIONAL DE SALUD NIÑO SAN BORJA";"240900";"HOSPITALIZACIÓN QUIRÚRGICA NEUROCIRUGÍA ";"61";"59";"1086";"1012";"34";"1065";"0"
"2023";"03";"150130";"LIMA";"LIMA";"SAN BORJA";"MINSA";"III-2";"00016918";"INSTITUTO NACIONAL DE SALUD NIÑO SAN BORJA";"240100";"HOSPITALIZACIÓN QUIRÚRGICA CIRUGÍA GENERAL ";"145";"144";"970";"987";"34";"1042";"0"
"2023";"03";"150130";"LIMA";"LIMA";"SAN BORJA";"MINSA";"III-2";"00016918";"INSTITUTO NACIONAL DE SALUD NIÑO SAN BORJA";"242300";"HOSPITALIZACIÓN DE PEDIATRÍA  PEDIATRÍA  GENERAL ";"52";"47";"770";"882";"30";"931";"2"
"2023";"03";"150130";"LIMA";"LIMA";"SAN BORJA";"MINSA";"III-2";"00016918";"INSTITUTO NACIONAL DE SALUD NIÑO SAN BORJA";"240801";"HOSPITALIZACIÓN QUIRÚRGICA CIRUGÍA PLÁSTICA/RECONSTRUCTIVA/ REPARADORA QUEMADOS";"47";"47";"588";"520";"18";"558";"0"
"2023";"03";"150130";"LIMA";"LIMA";"SAN BORJA";"MINSA";"III-2";"00016918";"INSTITUTO NACIONAL DE SALUD NIÑO SAN BORJA";"250201";"UNIDAD DE CUIDADOS CRITICOS UNIDAD DE CUIDADOS INTERMEDIOS  (UCIN) NEONATAL";"10";"6";"117";"169";"6";"186";"0"
"2023";"03";"150130";"LIMA";"LIMA";"SAN BORJA";"MINSA";"III-2";"00016918";"INSTITUTO NACIONAL DE SALUD NIÑO SAN BORJA";"250101";"UNIDAD DE CUIDADOS CRITICOS UNIDAD  DE CUIDADOS INTENSIVOS GENERALES (UCI) CARDIOLOGIA";"5";"2";"12";"229";"7";"229";"2"
"2023";"03";"150130";"LIMA";"LIMA";"SAN BORJA";"MINSA";"III-2";"00016918";"INSTITUTO NACIONAL DE SALUD NIÑO SAN BORJA";"250111";"UNIDAD DE CUIDADOS CRITICOS UNIDAD  DE CUIDADOS INTENSIVOS  (UCI) CARDIOVASCULAR";"4";"0";"0";"401";"13";"416";"0"
"2023";"03";"150130";"LIMA";"LIMA";"SAN BORJA";"MINSA";"III-2";"00016918";"INSTITUTO NACIONAL DE SALUD NIÑO SAN BORJA";"250105";"UNIDAD DE CUIDADOS CRITICOS UNIDAD  DE CUIDADOS INTENSIVOS  (UCI) NEONATOLOGÍA";"5";"2";"14";"226";"8";"248";"2"
"2023";"03";"150130";"LIMA";"LIMA";"SAN BORJA";"MINSA";"III-2";"00016918";"INSTITUTO NACIONAL DE SALUD NIÑO SAN BORJA";"250107";"UNIDAD DE CUIDADOS CRITICOS UNIDAD  DE CUIDADOS INTENSIVOS  (UCI) NEUROQUIRÚRGICA";"5";"2";"5";"304";"10";"310";"2"
"2023";"03";"150130";"LIMA";"LIMA";"SAN BORJA";"MINSA";"III-2";"00016918";"INSTITUTO NACIONAL DE SALUD NIÑO SAN BORJA";"250400";"UNIDAD DE CUIDADOS CRITICOS UNIDAD DE QUEMADOS (GRAN QUEMADO) ";"3";"1";"117";"176";"6";"186";"1"
"2023";"03";"150130";"LIMA";"LIMA";"SAN BORJA";"MINSA";"III-2";"00016918";"INSTITUTO NACIONAL DE SALUD NIÑO SAN BORJA";"240500";"HOSPITALIZACIÓN QUIRÚRGICA CIRUGÍA DE TRANSPLANTES ";"6";"7";"107";"113";"6";"176";"0"
"2023";"03";"150130";"LIMA";"LIMA";"SAN BORJA";"MINSA";"III-2";"00016918";"INSTITUTO NACIONAL DE SALUD NIÑO SAN BORJA";"243600";"HOSPITALIZACIÓN DE PEDIATRÍA PEDIATRIA ONCOLOGÍA PEDIÁTRICA";"7";"9";"71";"77";"3";"93";"0"
"2023";"03";"150130";"LIMA";"LIMA";"SAN BORJA";"MINSA";"III-2";"00016918";"INSTITUTO NACIONAL DE SALUD NIÑO SAN BORJA";"250108";"UNIDAD DE CUIDADOS CRITICOS UNIDAD  DE CUIDADOS INTENSIVOS  (UCI) PEDIÁTRICA";"5";"5";"116";"339";"12";"372";"5"
"2023";"03";"200601";"PIURA";"SULLANA";"SULLANA";"ESSALUD";"I-4";"00010267";"HOSPITAL I ESSALUD-SULLANA";"242300";"HOSPITALIZACIÓN DE PEDIATRÍA  PEDIATRÍA  GENERAL ";"37";"36";"49";"56";"1";"62";"0"
"2023";"03";"200601";"PIURA";"SULLANA";"SULLANA";"ESSALUD";"I-4";"00010267";"HOSPITAL I ESSALUD-SULLANA";"241600";"HOSPITALIZACIÓN QUIRÚRGICA OBSTETRICIA   ";"3";"3";"17";"11";"1";"31";"0"
"2023";"03";"200601";"PIURA";"SULLANA";"SULLANA";"ESSALUD";"I-4";"00010267";"HOSPITAL I ESSALUD-SULLANA";"240100";"HOSPITALIZACIÓN QUIRÚRGICA CIRUGÍA GENERAL ";"21";"21";"49";"43";"1";"62";"0"
"2023";"03";"120125";"JUNIN";"HUANCAYO";"PILCOMAYO";"GOBIERNO REGIONAL";"I-3";"00000719";"PILCOMAYO";"NE_0002";"";"NE_0002";"NE_0002";"NE_0002";"NE_0002";"NE_0002";"NE_0002";"NE_0002"
"2023";"03";"120134";"JUNIN";"HUANCAYO";"SICAYA";"GOBIERNO REGIONAL";"I-3";"00000726";"SICAYA";"NE_0002";"";"NE_0002";"NE_0002";"NE_0002";"NE_0002";"NE_0002";"NE_0002";"NE_0002"
"2023";"03";"120114";"JUNIN";"HUANCAYO";"EL TAMBO";"GOBIERNO REGIONAL";"I-1";"00000733";"CULLPA";"NE_0002";"";"NE_0002";"NE_0002";"NE_0002";"NE_0002";"NE_0002";"NE_0002";"NE_0002"
"2023";"03";"120114";"JUNIN";"HUANCAYO";"EL TAMBO";"GOBIERNO REGIONAL";"I-1";"00000712";"AZA";"NE_0002";"";"NE_0002";"NE_0002";"NE_0002";"NE_0002";"NE_0002";"NE_0002";"NE_0002"
"2023";"03";"120114";"JUNIN";"HUANCAYO";"EL TAMBO";"GOBIERNO REGIONAL";"I-1";"00000734";"COCHAS GRANDE";"NE_0002";"";"NE_0002";"NE_0002";"NE_0002";"NE_0002";"NE_0002";"NE_0002";"NE_0002"
"2023";"03";"120114";"JUNIN";"HUANCAYO";"EL TAMBO";"GOBIERNO REGIONAL";"I-4";"00000705";"JUSTICIA PAZ Y VIDA";"NE_0002";"";"NE_0002";"NE_0002";"NE_0002";"NE_0002";"NE_0002";"NE_0002";"NE_0002"
"2023";"03";"120114";"JUNIN";"HUANCAYO";"EL TAMBO";"GOBIERNO REGIONAL";"I-3";"00000707";"SAN MARTIN";"NE_0002";"";"NE_0002";"NE_0002";"NE_0002";"NE_0002";"NE_0002";"NE_0002";"NE_0002"
"2023";"03";"120114";"JUNIN";"HUANCAYO";"EL TAMBO";"GOBIERNO REGIONAL";"I-1";"00000709";"UMUTO";"NE_0002";"";"NE_0002";"NE_0002";"NE_0002";"NE_0002";"NE_0002";"NE_0002";"NE_0002"
"2023";"03";"120114";"JUNIN";"HUANCAYO";"EL TAMBO";"GOBIERNO REGIONAL";"I-1";"00000710";"INCHO";"NE_0002";"";"NE_0002";"NE_0002";"NE_0002";"NE_0002";"NE_0002";"NE_0002";"NE_0002"
"2023";"03";"150113";"LIMA";"LIMA";"JESUS MARIA";"ESSALUD";"III-2";"00008720";"HOSPITAL NACIONAL EDGARDO REBAGLIATI MARTINS";"240000";"HOSPITALIZACIÓN";"702";"710";"9255";"9227";"311";"9635";"27"
"2023";"03";"150113";"LIMA";"LIMA";"JESUS MARIA";"ESSALUD";"III-2";"00008720";"HOSPITAL NACIONAL EDGARDO REBAGLIATI MARTINS";"240100";"HOSPITALIZACIÓN QUIRÚRGICA CIRUGÍA GENERAL ";"274";"310";"4228";"3601";"120";"3720";"4"
"2023";"03";"150113";"LIMA";"LIMA";"JESUS MARIA";"ESSALUD";"III-2";"00008720";"HOSPITAL NACIONAL EDGARDO REBAGLIATI MARTINS";"240200";"HOSPITALIZACIÓN QUIRÚRGICA CIRUGÍA DE CABEZA Y CUELLO / MÁXILO FACIAL ";"49";"59";"618";"425";"14";"434";"0"
"2023";"03";"150113";"LIMA";"LIMA";"JESUS MARIA";"ESSALUD";"III-2";"00008720";"HOSPITAL NACIONAL EDGARDO REBAGLIATI MARTINS";"240400";"HOSPITALIZACIÓN QUIRÚRGICA CIRUGÍA DE TÓRAX Y CARDIOVASCULAR ";"38";"50";"982";"869";"30";"930";"0"
"2023";"03";"150113";"LIMA";"LIMA";"JESUS MARIA";"ESSALUD";"III-2";"00008720";"HOSPITAL NACIONAL EDGARDO REBAGLIATI MARTINS";"240600";"HOSPITALIZACIÓN QUIRÚRGICA CIRUGÍA OFTALMOLÓGICA ";"18";"19";"133";"122";"4";"124";"0"
"2023";"03";"150113";"LIMA";"LIMA";"JESUS MARIA";"ESSALUD";"III-2";"00008720";"HOSPITAL NACIONAL EDGARDO REBAGLIATI MARTINS";"240700";"HOSPITALIZACIÓN QUIRÚRGICA CIRUGÍA PEDIÁTRICA ";"145";"155";"1182";"971";"39";"1209";"0"
"2023";"03";"150113";"LIMA";"LIMA";"JESUS MARIA";"ESSALUD";"III-2";"00008720";"HOSPITAL NACIONAL EDGARDO REBAGLIATI MARTINS";"240800";"HOSPITALIZACIÓN QUIRÚRGICA CIRUGÍA PLÁSTICA/RECONSTRUCTIVA/ REPARADORA ";"33";"35";"616";"482";"16";"496";"0"
"2023";"03";"150113";"LIMA";"LIMA";"JESUS MARIA";"ESSALUD";"III-2";"00008720";"HOSPITAL NACIONAL EDGARDO REBAGLIATI MARTINS";"240900";"HOSPITALIZACIÓN QUIRÚRGICA NEUROCIRUGÍA ";"164";"125";"1325";"1589";"57";"1767";"8"
"2023";"03";"150113";"LIMA";"LIMA";"JESUS MARIA";"ESSALUD";"III-2";"00008720";"HOSPITAL NACIONAL EDGARDO REBAGLIATI MARTINS";"241100";"HOSPITALIZACIÓN QUIRÚRGICA OTORRINOLARINGOLOGÍA  ";"48";"42";"355";"367";"12";"372";"0"
"2023";"01";"040107";"AREQUIPA";"AREQUIPA";"JACOBO HUNTER";"GOBIERNO REGIONAL";"I-2";"00001273";"PUESTO DE SALUD DANIEL ALCIDES CARRION";"NE_0001";"";"NE_0001";"NE_0001";"NE_0001";"NE_0001";"NE_0001";"NE_0001";"NE_0001"
"2023";"01";"040107";"AREQUIPA";"AREQUIPA";"JACOBO HUNTER";"GOBIERNO REGIONAL";"I-4";"00001259";"CENTRO DE SALUD JAVIER LLOSA GARCIA -  HUNTER";"241600";"HOSPITALIZACIÓN QUIRÚRGICA OBSTETRICIA   ";"17";"17";"17";"1";"15";"16";"0"
"2023";"01";"040107";"AREQUIPA";"AREQUIPA";"JACOBO HUNTER";"GOBIERNO REGIONAL";"I-2";"00001276";"PUESTO DE SALUD CAMINOS DEL INCA";"NE_0001";"";"NE_0001";"NE_0001";"NE_0001";"NE_0001";"NE_0001";"NE_0001";"NE_0001"
"2023";"01";"040107";"AREQUIPA";"AREQUIPA";"JACOBO HUNTER";"GOBIERNO REGIONAL";"I-2";"00001274";"PUESTO DE SALUD AMPLIACION PAMPAS DEL CUZCO";"NE_0001";"";"NE_0001";"NE_0001";"NE_0001";"NE_0001";"NE_0001";"NE_0001";"NE_0001"
"2023";"01";"040107";"AREQUIPA";"AREQUIPA";"JACOBO HUNTER";"GOBIERNO REGIONAL";"I-2";"00001277";"PUESTO DE SALUD ALTO ALIANZA";"NE_0001";"";"NE_0001";"NE_0001";"NE_0001";"NE_0001";"NE_0001";"NE_0001";"NE_0001"
"2023";"01";"040107";"AREQUIPA";"AREQUIPA";"JACOBO HUNTER";"GOBIERNO REGIONAL";"I-3";"00001279";"PUESTO DE SALUD UPIS PAISAJISTA";"NE_0001";"";"NE_0001";"NE_0001";"NE_0001";"NE_0001";"NE_0001";"NE_0001";"NE_0001"
"2023";"01";"040107";"AREQUIPA";"AREQUIPA";"JACOBO HUNTER";"GOBIERNO REGIONAL";"I-2";"00001275";"PUESTO DE SALUD CHILPINILLA";"NE_0001";"";"NE_0001";"NE_0001";"NE_0001";"NE_0001";"NE_0001";"NE_0001";"NE_0001"
"2023";"01";"150130";"LIMA";"LIMA";"SAN BORJA";"PRIVADO";"II-E";"00018626";"OFTALMICA S.A";"NE_0001";"";"NE_0001";"NE_0001";"NE_0001";"NE_0001";"NE_0001";"NE_0001";"NE_0001"
"2023";"01";"120303";"JUNIN";"CHANCHAMAYO";"PICHANAQUI";"GOBIERNO REGIONAL";"I-2";"00000347";"CONDADO PICHIKIARI";"NE_0001";"";"NE_0001";"NE_0001";"NE_0001";"NE_0001";"NE_0001";"NE_0001";"NE_0001"
"2023";"01";"120303";"JUNIN";"CHANCHAMAYO";"PICHANAQUI";"GOBIERNO REGIONAL";"I-1";"00000353";"ANDRES AVELINO CACERES";"NE_0001";"";"NE_0001";"NE_0001";"NE_0001";"NE_0001";"NE_0001";"NE_0001";"NE_0001"
"2023";"01";"120303";"JUNIN";"CHANCHAMAYO";"PICHANAQUI";"GOBIERNO REGIONAL";"I-1";"00006712";"BARINETTI REAL";"NE_0001";"";"NE_0001";"NE_0001";"NE_0001";"NE_0001";"NE_0001";"NE_0001";"NE_0001"
"2023";"01";"180101";"MOQUEGUA";"MARISCAL NIETO";"MOQUEGUA";"ESSALUD";"II-1";"00016157";"HOSPITAL II MOQUEGUA";"241800";"HOSPITALIZACIÓN DE MEDICINA MEDICINA GENERAL ";"32";"30";"250";"210";"7";"217";"2"
"2023";"01";"180101";"MOQUEGUA";"MARISCAL NIETO";"MOQUEGUA";"ESSALUD";"II-1";"00016157";"HOSPITAL II MOQUEGUA";"240100";"HOSPITALIZACIÓN QUIRÚRGICA CIRUGÍA GENERAL ";"61";"50";"290";"498";"17";"527";"0"
"2023";"01";"180101";"MOQUEGUA";"MARISCAL NIETO";"MOQUEGUA";"ESSALUD";"II-1";"00016157";"HOSPITAL II MOQUEGUA";"241500";"HOSPITALIZACIÓN QUIRÚRGICA GINECOLOGÍA  ";"11";"11";"34";"33";"2";"62";"0"
"2023";"01";"180101";"MOQUEGUA";"MARISCAL NIETO";"MOQUEGUA";"ESSALUD";"II-1";"00016157";"HOSPITAL II MOQUEGUA";"241600";"HOSPITALIZACIÓN QUIRÚRGICA OBSTETRICIA   ";"50";"47";"100";"101";"6";"186";"0"
"2023";"01";"180101";"MOQUEGUA";"MARISCAL NIETO";"MOQUEGUA";"ESSALUD";"II-1";"00016157";"HOSPITAL II MOQUEGUA";"242300";"HOSPITALIZACIÓN DE PEDIATRÍA  PEDIATRÍA  GENERAL ";"39";"36";"73";"77";"5";"155";"0"
"2023";"01";"150137";"LIMA";"LIMA";"SANTA ANITA";"MINSA";"III-1";"00005948";"HOSPITAL HERMILIO VALDIZAN";"242202";"HOSPITALIZACIÓN DE MEDICINA PSIQUIATRÍA PSIQUIATRÍA DEL ADULTO Y GERONTE";"54";"40";"3388";"2820";"159";"3565";"0"
"2023";"01";"150135";"LIMA";"LIMA";"SAN MARTIN DE PORRES";"PRIVADO";"II-2";"00010603";"CLÍNICA MÉDICA CAYETANO HEREDIA";"240000";"HOSPITALIZACIÓN";"304";"295";"905";"1087";"50";"1550";"2"
"2023";"01";"150135";"LIMA";"LIMA";"SAN MARTIN DE PORRES";"PRIVADO";"II-2";"00010603";"CLÍNICA MÉDICA CAYETANO HEREDIA";"250100";"UNIDAD DE CUIDADOS CRITICOS UNIDAD  DE CUIDADOS INTENSIVOS GENERALES (UCI) ";"6";"8";"21";"40";"9";"279";"1"
"2023";"01";"150135";"LIMA";"LIMA";"SAN MARTIN DE PORRES";"PRIVADO";"II-2";"00010603";"CLÍNICA MÉDICA CAYETANO HEREDIA";"250105";"UNIDAD DE CUIDADOS CRITICOS UNIDAD  DE CUIDADOS INTENSIVOS  (UCI) NEONATOLOGÍA";"2";"1";"5";"30";"4";"124";"0"
"2023";"01";"150135";"LIMA";"LIMA";"SAN MARTIN DE PORRES";"PRIVADO";"II-2";"00010603";"CLÍNICA MÉDICA CAYETANO HEREDIA";"250108";"UNIDAD DE CUIDADOS CRITICOS UNIDAD  DE CUIDADOS INTENSIVOS  (UCI) PEDIÁTRICA";"12";"11";"39";"41";"5";"155";"1"
"2023";"01";"150130";"LIMA";"LIMA";"SAN BORJA";"PRIVADO";"II-E";"00011547";"CLINICA CONTINENTAL";"NE_0002";"";"NE_0002";"NE_0002";"NE_0002";"NE_0002";"NE_0002";"NE_0002";"NE_0002"
"2023";"01";"050202";"AYACUCHO";"CANGALLO";"CHUSCHI";"GOBIERNO REGIONAL";"I-1";"00003593";"PUESTO DE SALUD PUNKUPATA";"NE_0002";"";"NE_0002";"NE_0002";"NE_0002";"NE_0002";"NE_0002";"NE_0002";"NE_0002"
"2023";"01";"050202";"AYACUCHO";"CANGALLO";"CHUSCHI";"GOBIERNO REGIONAL";"I-2";"00003592";"PUESTO DE SALUD CATALINAYOC";"NE_0002";"";"NE_0002";"NE_0002";"NE_0002";"NE_0002";"NE_0002";"NE_0002";"NE_0002"
"2023";"01";"150135";"LIMA";"LIMA";"SAN MARTIN DE PORRES";"PRIVADO";"II-E";"00025573";"CREO Clínica Renal y Oncológica";"NE_0001";"";"NE_0001";"NE_0001";"NE_0001";"NE_0001";"NE_0001";"NE_0001";"NE_0001"
"2023";"01";"200105";"PIURA";"PIURA";"CATACAOS";"ESSALUD";"I-3";"00012319";"CENTRO DE ATENCION PRIMARIA-CAP III CATACAOS";"NE_0001";"";"NE_0001";"NE_0001";"NE_0001";"NE_0001";"NE_0001";"NE_0001";"NE_0001"
"2023";"02";"040118";"AREQUIPA";"AREQUIPA";"SAN JUAN DE SIGUAS";"GOBIERNO REGIONAL";"I-1";"00001339";"PUESTO DE SALUD SAN JUAN DE SIGUAS - TAMBILLO";"NE_0001";"";"NE_0001";"NE_0001";"NE_0001";"NE_0001";"NE_0001";"NE_0001";"NE_0001"
"2023";"02";"040520";"AREQUIPA";"CAYLLOMA";"MAJES";"GOBIERNO REGIONAL";"I-3";"00023969";"CENTRO DE SALUD MENTAL COMUNITARIO MAJES";"NE_0001";"";"NE_0001";"NE_0001";"NE_0001";"NE_0001";"NE_0001";"NE_0001";"NE_0001"
"2023";"02";"040520";"AREQUIPA";"CAYLLOMA";"MAJES";"GOBIERNO REGIONAL";"I-2";"00001341";"ASENTAMIENTO B-1";"NE_0001";"";"NE_0001";"NE_0001";"NE_0001";"NE_0001";"NE_0001";"NE_0001";"NE_0001"
"2023";"02";"040520";"AREQUIPA";"CAYLLOMA";"MAJES";"GOBIERNO REGIONAL";"I-4";"00001325";"CENTRO DE SALUD  SANDRITA PEREZ EL PEDREGAL";"241600";"HOSPITALIZACIÓN QUIRÚRGICA OBSTETRICIA   ";"11";"11";"11";"11";"6";"17";"0"
"2023";"02";"040120";"AREQUIPA";"AREQUIPA";"SANTA ISABEL DE SIGUAS";"GOBIERNO REGIONAL";"I-2";"00001378";"PUESTO DE SALUD SONDOR";"NE_0001";"";"NE_0001";"NE_0001";"NE_0001";"NE_0001";"NE_0001";"NE_0001";"NE_0001"
"2023";"02";"040520";"AREQUIPA";"CAYLLOMA";"MAJES";"GOBIERNO REGIONAL";"I-2";"00001342";"PUESTO DE SALUD  B-2";"NE_0001";"";"NE_0001";"NE_0001";"NE_0001";"NE_0001";"NE_0001";"NE_0001";"NE_0001"
"2023";"02";"040120";"AREQUIPA";"AREQUIPA";"SANTA ISABEL DE SIGUAS";"GOBIERNO REGIONAL";"I-2";"00001336";"SANTA ISABEL DE SIGUAS";"NE_0001";"";"NE_0001";"NE_0001";"NE_0001";"NE_0001";"NE_0001";"NE_0001";"NE_0001"
"2023";"02";"040120";"AREQUIPA";"AREQUIPA";"SANTA ISABEL DE SIGUAS";"GOBIERNO REGIONAL";"I-1";"00001337";"PUESTO DE SALUD PITAY";"NE_0001";"";"NE_0001";"NE_0001";"NE_0001";"NE_0001";"NE_0001";"NE_0001";"NE_0001"
"2023";"02";"040520";"AREQUIPA";"CAYLLOMA";"MAJES";"GOBIERNO REGIONAL";"I-3";"00001326";"CENTRO DE SALUD LA COLINA";"NE_0001";"";"NE_0001";"NE_0001";"NE_0001";"NE_0001";"NE_0001";"NE_0001";"NE_0001"
"2023";"02";"040511";"AREQUIPA";"CAYLLOMA";"LLUTA";"GOBIERNO REGIONAL";"I-2";"00001340";"PUESTO DE SALUD QUERQUE";"NE_0001";"";"NE_0001";"NE_0001";"NE_0001";"NE_0001";"NE_0001";"NE_0001";"NE_0001"
"2023";"02";"021301";"ANCASH";"MARISCAL LUZURIAGA";"PISCOBAMBA";"GOBIERNO REGIONAL";"I-1";"00001784";"PUESTO DE SALUD SOCOSBAMBA";"NE_0002";"";"NE_0002";"NE_0002";"NE_0002";"NE_0002";"NE_0002";"NE_0002";"NE_0002"
"2023";"02";"200601";"PIURA";"SULLANA";"SULLANA";"PRIVADO";"II-1";"00016148";"CLINICA OLGUIN";"240100";"HOSPITALIZACIÓN QUIRÚRGICA CIRUGÍA GENERAL ";"182";"188";"233";"348";"14";"410";"0"
"2023";"02";"200601";"PIURA";"SULLANA";"SULLANA";"PRIVADO";"II-1";"00016148";"CLINICA OLGUIN";"241400";"HOSPITALIZACIÓN QUIRÚRGICA GINECO - OBSTETRICIA ";"189";"198";"244";"245";"14";"379";"0"
"2023";"02";"090301";"HUANCAVELICA";"ANGARAES";"LIRCAY";"GOBIERNO REGIONAL";"I-1";"00007373";"SOCCLLABAMBA";"NE_0001";"";"NE_0001";"NE_0001";"NE_0001";"NE_0001";"NE_0001";"NE_0001";"NE_0001"
"2023";"02";"090302";"HUANCAVELICA";"ANGARAES";"ANCHONGA";"GOBIERNO REGIONAL";"I-2";"00003961";"SAN PABLO DE OCCO";"NE_0001";"";"NE_0001";"NE_0001";"NE_0001";"NE_0001";"NE_0001";"NE_0001";"NE_0001"
"2023";"02";"090306";"HUANCAVELICA";"ANGARAES";"CONGALLA";"GOBIERNO REGIONAL";"I-1";"00003973";"YUNYACCASA";"NE_0001";"";"NE_0001";"NE_0001";"NE_0001";"NE_0001";"NE_0001";"NE_0001";"NE_0001"
"2023";"02";"090306";"HUANCAVELICA";"ANGARAES";"CONGALLA";"GOBIERNO REGIONAL";"I-1";"00003974";"CARCOSI";"NE_0001";"";"NE_0001";"NE_0001";"NE_0001";"NE_0001";"NE_0001";"NE_0001";"NE_0001"
"2023";"02";"090306";"HUANCAVELICA";"ANGARAES";"CONGALLA";"GOBIERNO REGIONAL";"I-1";"00003975";"LIRCAYCCASA";"NE_0001";"";"NE_0001";"NE_0001";"NE_0001";"NE_0001";"NE_0001";"NE_0001";"NE_0001"
"2023";"02";"090307";"HUANCAVELICA";"ANGARAES";"HUANCA-HUANCA";"GOBIERNO REGIONAL";"I-1";"00011200";"CCARAPA";"NE_0001";"";"NE_0001";"NE_0001";"NE_0001";"NE_0001";"NE_0001";"NE_0001";"NE_0001"
"2023";"02";"090301";"HUANCAVELICA";"ANGARAES";"LIRCAY";"GOBIERNO REGIONAL";"I-1";"00011201";"CIENEGUILLA";"NE_0001";"";"NE_0001";"NE_0001";"NE_0001";"NE_0001";"NE_0001";"NE_0001";"NE_0001"
"2023";"02";"090311";"HUANCAVELICA";"ANGARAES";"SANTO TOMAS DE PATA";"GOBIERNO REGIONAL";"I-1";"00011768";"CUTICSA";"NE_0001";"";"NE_0001";"NE_0001";"NE_0001";"NE_0001";"NE_0001";"NE_0001";"NE_0001"
"2023";"02";"090302";"HUANCAVELICA";"ANGARAES";"ANCHONGA";"GOBIERNO REGIONAL";"I-2";"00003960";"TUCO";"NE_0001";"";"NE_0001";"NE_0001";"NE_0001";"NE_0001";"NE_0001";"NE_0001";"NE_0001"
"2023";"02";"090309";"HUANCAVELICA";"ANGARAES";"JULCAMARCA";"GOBIERNO REGIONAL";"I-3";"00003962";"JULCAMARCA";"NE_0002";"";"NE_0002";"NE_0002";"NE_0002";"NE_0002";"NE_0002";"NE_0002";"NE_0002"
"2023";"02";"090310";"HUANCAVELICA";"ANGARAES";"SAN ANTONIO DE ANTAPARCO";"GOBIERNO REGIONAL";"I-1";"00003965";"SAN ANTONIO DE ANTAPARCO";"NE_0001";"";"NE_0001";"NE_0001";"NE_0001";"NE_0001";"NE_0001";"NE_0001";"NE_0001"
"2023";"02";"090312";"HUANCAVELICA";"ANGARAES";"SECCLLA";"GOBIERNO REGIONAL";"I-1";"00003971";"TRANCA";"NE_0001";"";"NE_0001";"NE_0001";"NE_0001";"NE_0001";"NE_0001";"NE_0001";"NE_0001"
"2023";"02";"090302";"HUANCAVELICA";"ANGARAES";"ANCHONGA";"GOBIERNO REGIONAL";"I-3";"00006901";"BUENOS AIRES DE PARCO CHACAPUNCU";"NE_0001";"";"NE_0001";"NE_0001";"NE_0001";"NE_0001";"NE_0001";"NE_0001";"NE_0001"
"2023";"02";"090304";"HUANCAVELICA";"ANGARAES";"CCOCHACCASA";"GOBIERNO REGIONAL";"I-1";"00003956";"SAN PEDRO DE MIMOSA";"NE_0001";"";"NE_0001";"NE_0001";"NE_0001";"NE_0001";"NE_0001";"NE_0001";"NE_0001"
"2023";"02";"090301";"HUANCAVELICA";"ANGARAES";"LIRCAY";"GOBIERNO REGIONAL";"I-1";"00007290";"PERCAPAMPA";"NE_0001";"";"NE_0001";"NE_0001";"NE_0001";"NE_0001";"NE_0001";"NE_0001";"NE_0001"
"2023";"02";"090305";"HUANCAVELICA";"ANGARAES";"CHINCHO";"GOBIERNO REGIONAL";"I-1";"00011787";"LLAMOCCTACHI";"NE_0001";"";"NE_0001";"NE_0001";"NE_0001";"NE_0001";"NE_0001";"NE_0001";"NE_0001"
"2023";"02";"090301";"HUANCAVELICA";"ANGARAES";"LIRCAY";"GOBIERNO REGIONAL";"I-3";"00028484";"CENTRO DE SALUD MENTAL COMUNITARIO ANGARAES";"NE_0002";"";"NE_0002";"NE_0002";"NE_0002";"NE_0002";"NE_0002";"NE_0002";"NE_0002"
"2023";"02";"090301";"HUANCAVELICA";"ANGARAES";"LIRCAY";"GOBIERNO REGIONAL";"I-2";"00003945";"CARHUAPATA";"NE_0001";"";"NE_0001";"NE_0001";"NE_0001";"NE_0001";"NE_0001";"NE_0001";"NE_0001"
"2023";"02";"090301";"HUANCAVELICA";"ANGARAES";"LIRCAY";"GOBIERNO REGIONAL";"I-1";"00003946";"PIRCAPAHUANA";"NE_0001";"";"NE_0001";"NE_0001";"NE_0001";"NE_0001";"NE_0001";"NE_0001";"NE_0001"
"2023";"02";"090301";"HUANCAVELICA";"ANGARAES";"LIRCAY";"GOBIERNO REGIONAL";"I-2";"00003949";"CHAHUARMA";"NE_0001";"";"NE_0001";"NE_0001";"NE_0001";"NE_0001";"NE_0001";"NE_0001";"NE_0001"
"2023";"02";"090301";"HUANCAVELICA";"ANGARAES";"LIRCAY";"GOBIERNO REGIONAL";"I-1";"00003951";"TUCSIPAMPA";"NE_0001";"";"NE_0001";"NE_0001";"NE_0001";"NE_0001";"NE_0001";"NE_0001";"NE_0001"
"2023";"02";"090308";"HUANCAVELICA";"ANGARAES";"HUALLAY-GRANDE";"GOBIERNO REGIONAL";"I-2";"00003954";"HUAYLLAY GRANDE";"NE_0001";"";"NE_0001";"NE_0001";"NE_0001";"NE_0001";"NE_0001";"NE_0001";"NE_0001"
"2023";"02";"090304";"HUANCAVELICA";"ANGARAES";"CCOCHACCASA";"GOBIERNO REGIONAL";"I-3";"00003955";"CCOCHACCASA";"NE_0002";"";"NE_0002";"NE_0002";"NE_0002";"NE_0002";"NE_0002";"NE_0002";"NE_0002"
"2023";"02";"090302";"HUANCAVELICA";"ANGARAES";"ANCHONGA";"GOBIERNO REGIONAL";"I-1";"00003958";"ANCHONGA";"NE_0001";"";"NE_0001";"NE_0001";"NE_0001";"NE_0001";"NE_0001";"NE_0001";"NE_0001"
"2023";"02";"090305";"HUANCAVELICA";"ANGARAES";"CHINCHO";"GOBIERNO REGIONAL";"I-1";"00003963";"CHINCHO";"NE_0001";"";"NE_0001";"NE_0001";"NE_0001";"NE_0001";"NE_0001";"NE_0001";"NE_0001"
"2023";"02";"090306";"HUANCAVELICA";"ANGARAES";"CONGALLA";"GOBIERNO REGIONAL";"I-1";"00011199";"CHAYNABAMBA";"NE_0001";"";"NE_0001";"NE_0001";"NE_0001";"NE_0001";"NE_0001";"NE_0001";"NE_0001"
"2023";"02";"090302";"HUANCAVELICA";"ANGARAES";"ANCHONGA";"GOBIERNO REGIONAL";"I-1";"00011454";"ALTO MARAYNIYOCC";"NE_0001";"";"NE_0001";"NE_0001";"NE_0001";"NE_0001";"NE_0001";"NE_0001";"NE_0001"
"2023";"02";"090302";"HUANCAVELICA";"ANGARAES";"ANCHONGA";"GOBIERNO REGIONAL";"I-1";"00006930";"HUARIRUMI - CHONTACANCHA";"NE_0001";"";"NE_0001";"NE_0001";"NE_0001";"NE_0001";"NE_0001";"NE_0001";"NE_0001"
"2023";"02";"090301";"HUANCAVELICA";"ANGARAES";"LIRCAY";"GOBIERNO REGIONAL";"I-1";"00007373";"SOCCLLABAMBA";"NE_0001";"";"NE_0001";"NE_0001";"NE_0001";"NE_0001";"NE_0001";"NE_0001";"NE_0001"
"2023";"02";"090302";"HUANCAVELICA";"ANGARAES";"ANCHONGA";"GOBIERNO REGIONAL";"I-2";"00003961";"SAN PABLO DE OCCO";"NE_0001";"";"NE_0001";"NE_0001";"NE_0001";"NE_0001";"NE_0001";"NE_0001";"NE_0001"
"2023";"02";"090306";"HUANCAVELICA";"ANGARAES";"CONGALLA";"GOBIERNO REGIONAL";"I-1";"00003973";"YUNYACCASA";"NE_0001";"";"NE_0001";"NE_0001";"NE_0001";"NE_0001";"NE_0001";"NE_0001";"NE_0001"
"2023";"02";"090306";"HUANCAVELICA";"ANGARAES";"CONGALLA";"GOBIERNO REGIONAL";"I-1";"00003974";"CARCOSI";"NE_0001";"";"NE_0001";"NE_0001";"NE_0001";"NE_0001";"NE_0001";"NE_0001";"NE_0001"
"2023";"02";"090306";"HUANCAVELICA";"ANGARAES";"CONGALLA";"GOBIERNO REGIONAL";"I-1";"00003975";"LIRCAYCCASA";"NE_0001";"";"NE_0001";"NE_0001";"NE_0001";"NE_0001";"NE_0001";"NE_0001";"NE_0001"
"2023";"02";"090307";"HUANCAVELICA";"ANGARAES";"HUANCA-HUANCA";"GOBIERNO REGIONAL";"I-1";"00011200";"CCARAPA";"NE_0001";"";"NE_0001";"NE_0001";"NE_0001";"NE_0001";"NE_0001";"NE_0001";"NE_0001"
"2023";"02";"090301";"HUANCAVELICA";"ANGARAES";"LIRCAY";"GOBIERNO REGIONAL";"I-1";"00011201";"CIENEGUILLA";"NE_0001";"";"NE_0001";"NE_0001";"NE_0001";"NE_0001";"NE_0001";"NE_0001";"NE_0001"
"2023";"02";"090304";"HUANCAVELICA";"ANGARAES";"CCOCHACCASA";"GOBIERNO REGIONAL";"I-1";"00011204";"VELASCO PUCAPAMPA";"NE_0001";"";"NE_0001";"NE_0001";"NE_0001";"NE_0001";"NE_0001";"NE_0001";"NE_0001"
"2023";"02";"090301";"HUANCAVELICA";"ANGARAES";"LIRCAY";"GOBIERNO REGIONAL";"I-1";"00003948";"UCHCUPAMPA";"NE_0001";"";"NE_0001";"NE_0001";"NE_0001";"NE_0001";"NE_0001";"NE_0001";"NE_0001"
"2023";"02";"110111";"ICA";"ICA";"SANTIAGO";"ESSALUD";"I-3";"00011968";"SANTA MARGARITA";"NE_0001";"";"NE_0001";"NE_0001";"NE_0001";"NE_0001";"NE_0001";"NE_0001";"NE_0001"
"2023";"02";"081102";"CUSCO";"PAUCARTAMBO";"CAICAY";"GOBIERNO REGIONAL";"I-1";"00002512";"CAICAY";"NE_0002";"";"NE_0002";"NE_0002";"NE_0002";"NE_0002";"NE_0002";"NE_0002";"NE_0002"
"2023";"02";"081104";"CUSCO";"PAUCARTAMBO";"COLQUEPATA";"GOBIERNO REGIONAL";"I-1";"00006979";"TOCRA";"NE_0002";"";"NE_0002";"NE_0002";"NE_0002";"NE_0002";"NE_0002";"NE_0002";"NE_0002"
"2023";"02";"081101";"CUSCO";"PAUCARTAMBO";"PAUCARTAMBO";"GOBIERNO REGIONAL";"I-4";"00002510";"PAUCARTAMBO";"NE_0002";"";"NE_0002";"NE_0002";"NE_0002";"NE_0002";"NE_0002";"NE_0002";"NE_0002"
"2023";"02";"081104";"CUSCO";"PAUCARTAMBO";"COLQUEPATA";"GOBIERNO REGIONAL";"I-1";"00002517";"PICHIHUA COLQUEPATA";"NE_0002";"";"NE_0002";"NE_0002";"NE_0002";"NE_0002";"NE_0002";"NE_0002";"NE_0002"
"2023";"02";"081104";"CUSCO";"PAUCARTAMBO";"COLQUEPATA";"GOBIERNO REGIONAL";"I-2";"00002518";"VIZCOCHONI";"NE_0002";"";"NE_0002";"NE_0002";"NE_0002";"NE_0002";"NE_0002";"NE_0002";"NE_0002"
"2023";"02";"150131";"LIMA";"LIMA";"SAN ISIDRO";"PRIVADO";"III-1";"00009409";"CLINICA RICARDO PALMA";"240000";"HOSPITALIZACIÓN";"785";"618";"93115";"3242";"149";"3450";"21"
"2023";"02";"150131";"LIMA";"LIMA";"SAN ISIDRO";"PRIVADO";"III-1";"00009409";"CLINICA RICARDO PALMA";"242300";"HOSPITALIZACIÓN DE PEDIATRÍA  PEDIATRÍA  GENERAL ";"108";"103";"350";"459";"18";"522";"0"
"2023";"02";"150131";"LIMA";"LIMA";"SAN ISIDRO";"PRIVADO";"III-1";"00009409";"CLINICA RICARDO PALMA";"241400";"HOSPITALIZACIÓN QUIRÚRGICA GINECO - OBSTETRICIA ";"67";"59";"169";"187";"8";"232";"0"
"2023";"02";"150131";"LIMA";"LIMA";"SAN ISIDRO";"PRIVADO";"III-1";"00009409";"CLINICA RICARDO PALMA";"250105";"UNIDAD DE CUIDADOS CRITICOS UNIDAD  DE CUIDADOS INTENSIVOS  (UCI) NEONATOLOGÍA";"3";"1";"3";"31";"4";"116";"0"
"2023";"02";"021201";"ANCASH";"HUAYLAS";"CARAZ";"GOBIERNO REGIONAL";"II-1";"00001587";"HOSPITAL DE APOYO CARAZ";"241800";"HOSPITALIZACIÓN DE MEDICINA MEDICINA GENERAL ";"17";"22";"84";"72";"16";"448";"0"
"2023";"02";"021201";"ANCASH";"HUAYLAS";"CARAZ";"GOBIERNO REGIONAL";"II-1";"00001587";"HOSPITAL DE APOYO CARAZ";"240100";"HOSPITALIZACIÓN QUIRÚRGICA CIRUGÍA GENERAL ";"12";"13";"78";"86";"6";"168";"0"
"2023";"02";"021201";"ANCASH";"HUAYLAS";"CARAZ";"GOBIERNO REGIONAL";"II-1";"00001587";"HOSPITAL DE APOYO CARAZ";"242500";"HOSPITALIZACIÓN-PEDIATRÍA GENERAL-";"9";"9";"32";"30";"9";"252";"1"
"2023";"02";"021201";"ANCASH";"HUAYLAS";"CARAZ";"GOBIERNO REGIONAL";"II-1";"00001587";"HOSPITAL DE APOYO CARAZ";"241600";"HOSPITALIZACIÓN QUIRÚRGICA OBSTETRICIA   ";"43";"40";"69";"74";"6";"168";"0"
"2023";"02";"021201";"ANCASH";"HUAYLAS";"CARAZ";"GOBIERNO REGIONAL";"II-1";"00001587";"HOSPITAL DE APOYO CARAZ";"241500";"HOSPITALIZACIÓN QUIRÚRGICA GINECOLOGÍA  ";"53";"52";"127";"127";"6";"168";"0"
"2023";"03";"120114";"JUNIN";"HUANCAYO";"EL TAMBO";"GOBIERNO REGIONAL";"I-2";"00000735";"COCHAS CHICO";"NE_0002";"";"NE_0002";"NE_0002";"NE_0002";"NE_0002";"NE_0002";"NE_0002";"NE_0002"
"2023";"03";"120114";"JUNIN";"HUANCAYO";"EL TAMBO";"GOBIERNO REGIONAL";"I-1";"00000706";"SAÑOS GRANDE";"NE_0002";"";"NE_0002";"NE_0002";"NE_0002";"NE_0002";"NE_0002";"NE_0002";"NE_0002"
"2023";"03";"120114";"JUNIN";"HUANCAYO";"EL TAMBO";"GOBIERNO REGIONAL";"I-1";"00000708";"PACCHA";"NE_0002";"";"NE_0002";"NE_0002";"NE_0002";"NE_0002";"NE_0002";"NE_0002";"NE_0002"
"2023";"03";"120114";"JUNIN";"HUANCAYO";"EL TAMBO";"GOBIERNO REGIONAL";"I-1";"00000716";"HUALAHOYO";"NE_0002";"";"NE_0002";"NE_0002";"NE_0002";"NE_0002";"NE_0002";"NE_0002";"NE_0002"
"2023";"03";"150137";"LIMA";"LIMA";"SANTA ANITA";"ESSALUD";"II-1";"00008318";"ESSALUD - HOSPITAL I JORGE VOTO BERNALES CORPANCHO";"241800";"HOSPITALIZACIÓN DE MEDICINA MEDICINA GENERAL ";"28";"28";"120";"134";"4";"124";"0"
"2023";"03";"150137";"LIMA";"LIMA";"SANTA ANITA";"ESSALUD";"II-1";"00008318";"ESSALUD - HOSPITAL I JORGE VOTO BERNALES CORPANCHO";"243200";"HOSPITALIZACIÓN DE PEDIATRÍA PEDIATRIA NEONATOLOGÍA";"3";"3";"30";"65";"4";"124";"0"
"2023";"03";"150137";"LIMA";"LIMA";"SANTA ANITA";"ESSALUD";"II-1";"00008318";"ESSALUD - HOSPITAL I JORGE VOTO BERNALES CORPANCHO";"240100";"HOSPITALIZACIÓN QUIRÚRGICA CIRUGÍA GENERAL ";"97";"94";"352";"319";"11";"341";"0"
"2023";"03";"150137";"LIMA";"LIMA";"SANTA ANITA";"ESSALUD";"II-1";"00008318";"ESSALUD - HOSPITAL I JORGE VOTO BERNALES CORPANCHO";"241400";"HOSPITALIZACIÓN QUIRÚRGICA GINECO - OBSTETRICIA ";"15";"19";"63";"48";"4";"124";"0"
"2023";"03";"150137";"LIMA";"LIMA";"SANTA ANITA";"ESSALUD";"II-1";"00008318";"ESSALUD - HOSPITAL I JORGE VOTO BERNALES CORPANCHO";"242300";"HOSPITALIZACIÓN DE PEDIATRÍA  PEDIATRÍA  GENERAL ";"9";"15";"79";"50";"3";"93";"0"
"2023";"03";"150137";"LIMA";"LIMA";"SANTA ANITA";"ESSALUD";"II-1";"00008318";"ESSALUD - HOSPITAL I JORGE VOTO BERNALES CORPANCHO";"250100";"UNIDAD DE CUIDADOS CRITICOS UNIDAD  DE CUIDADOS INTENSIVOS GENERALES (UCI) ";"45";"46";"121";"57";"4";"124";"0"
"2023";"03";"150137";"LIMA";"LIMA";"SANTA ANITA";"ESSALUD";"II-1";"00008318";"ESSALUD - HOSPITAL I JORGE VOTO BERNALES CORPANCHO";"241500";"HOSPITALIZACIÓN QUIRÚRGICA GINECOLOGÍA  ";"246";"219";"468";"520";"17";"527";"0"
"2023";"03";"220603";"SAN MARTIN";"MARISCAL CACERES";"HUICUNGO";"GOBIERNO REGIONAL";"I-3";"00006567";"HUICUNGO";"NE_0002";"";"NE_0002";"NE_0002";"NE_0002";"NE_0002";"NE_0002";"NE_0002";"NE_0002"
"2023";"03";"220603";"SAN MARTIN";"MARISCAL CACERES";"HUICUNGO";"GOBIERNO REGIONAL";"I-1";"00006569";"SANTA INES";"NE_0001";"";"NE_0001";"NE_0001";"NE_0001";"NE_0001";"NE_0001";"NE_0001";"NE_0001"
"2023";"03";"220603";"SAN MARTIN";"MARISCAL CACERES";"HUICUNGO";"GOBIERNO REGIONAL";"I-1";"00006571";"PIZARRO";"NE_0001";"";"NE_0001";"NE_0001";"NE_0001";"NE_0001";"NE_0001";"NE_0001";"NE_0001"
"2023";"03";"220604";"SAN MARTIN";"MARISCAL CACERES";"PACHIZA";"GOBIERNO REGIONAL";"I-1";"00006572";"PACHIZA";"NE_0001";"";"NE_0001";"NE_0001";"NE_0001";"NE_0001";"NE_0001";"NE_0001";"NE_0001"
"2023";"03";"220604";"SAN MARTIN";"MARISCAL CACERES";"PACHIZA";"GOBIERNO REGIONAL";"I-1";"00006573";"ALTO EL SOL";"NE_0001";"";"NE_0001";"NE_0001";"NE_0001";"NE_0001";"NE_0001";"NE_0001";"NE_0001"
"2023";"03";"220604";"SAN MARTIN";"MARISCAL CACERES";"PACHIZA";"GOBIERNO REGIONAL";"I-1";"00006574";"NUEVO CHIMBOTE";"NE_0001";"";"NE_0001";"NE_0001";"NE_0001";"NE_0001";"NE_0001";"NE_0001";"NE_0001"
"2023";"03";"220603";"SAN MARTIN";"MARISCAL CACERES";"HUICUNGO";"GOBIERNO REGIONAL";"I-1";"00006568";"DOS DE MAYO";"NE_0001";"";"NE_0001";"NE_0001";"NE_0001";"NE_0001";"NE_0001";"NE_0001";"NE_0001"
"2023";"03";"220603";"SAN MARTIN";"MARISCAL CACERES";"HUICUNGO";"GOBIERNO REGIONAL";"I-1";"00006570";"NUEVA ESPERANZA";"NE_0001";"";"NE_0001";"NE_0001";"NE_0001";"NE_0001";"NE_0001";"NE_0001";"NE_0001"
"2023";"03";"230401";"TACNA";"TARATA";"TARATA";"ESSALUD";"I-2";"00010192";"CENTRO DE ATENCION PRIMARIA I TARATA";"NE_0001";"";"NE_0001";"NE_0001";"NE_0001";"NE_0001";"NE_0001";"NE_0001";"NE_0001"
"2023";"03";"130101";"LA LIBERTAD";"TRUJILLO";"TRUJILLO";"PRIVADO";"II-E";"00025536";"OFTALMONORTE";"NE_0001";"";"NE_0001";"NE_0001";"NE_0001";"NE_0001";"NE_0001";"NE_0001";"NE_0001"
"2023";"03";"220808";"SAN MARTIN";"RIOJA";"YORONGOS";"GOBIERNO REGIONAL";"I-3";"00006275";"PUESTO DE SALUD YORONGOS";"NE_0002";"";"NE_0002";"NE_0002";"NE_0002";"NE_0002";"NE_0002";"NE_0002";"NE_0002"
"2023";"03";"220808";"SAN MARTIN";"RIOJA";"YORONGOS";"GOBIERNO REGIONAL";"I-1";"00006276";"PUESTO DE SALUD NUEVO TABALOSOS";"NE_0002";"";"NE_0002";"NE_0002";"NE_0002";"NE_0002";"NE_0002";"NE_0002";"NE_0002"
"2023";"03";"150130";"LIMA";"LIMA";"SAN BORJA";"PRIVADO";"II-1";"00010515";"CLINICA SANTA LUCIA S.A.C.";"240100";"HOSPITALIZACIÓN QUIRÚRGICA CIRUGÍA GENERAL ";"15";"15";"15";"15";"5";"155";"0"
"2023";"03";"150130";"LIMA";"LIMA";"SAN BORJA";"PRIVADO";"II-1";"00010515";"CLINICA SANTA LUCIA S.A.C.";"240800";"HOSPITALIZACIÓN QUIRÚRGICA CIRUGÍA PLÁSTICA/RECONSTRUCTIVA/ REPARADORA ";"3";"3";"3";"3";"5";"155";"0"
"2023";"03";"150130";"LIMA";"LIMA";"SAN BORJA";"PRIVADO";"II-1";"00010515";"CLINICA SANTA LUCIA S.A.C.";"241200";"HOSPITALIZACIÓN QUIRÚRGICA TRAUMATOLOGÍA Y ORTOPEDIA ";"7";"7";"7";"7";"5";"155";"0"
"2023";"03";"150130";"LIMA";"LIMA";"SAN BORJA";"PRIVADO";"II-1";"00010515";"CLINICA SANTA LUCIA S.A.C.";"241300";"HOSPITALIZACIÓN QUIRÚRGICA UROLOGÍA  ";"32";"32";"32";"32";"10";"310";"0"
"2023";"03";"150130";"LIMA";"LIMA";"SAN BORJA";"PRIVADO";"II-1";"00010515";"CLINICA SANTA LUCIA S.A.C.";"241500";"HOSPITALIZACIÓN QUIRÚRGICA GINECOLOGÍA  ";"6";"6";"6";"6";"5";"155";"0"
"2023";"03";"210402";"PUNO";"CHUCUITO";"DESAGUADERO";"ESSALUD";"I-3";"00009221";"CENTRO DE ATENCION PRIMARIA I DESAGUADERO";"NE_0001";"";"NE_0001";"NE_0001";"NE_0001";"NE_0001";"NE_0001";"NE_0001";"NE_0001"
"2023";"03";"210111";"PUNO";"PUNO";"PICHACANI";"ESSALUD";"I-3";"00025342";"CAP I LARAQUERI";"NE_0001";"";"NE_0001";"NE_0001";"NE_0001";"NE_0001";"NE_0001";"NE_0001";"NE_0001"
"2023";"03";"210102";"PUNO";"PUNO";"ACORA";"ESSALUD";"I-3";"00009220";"CENTRO DE ATENCIÓN PRIMARIA II ACORA - RED ASISTENCIAL PUNO";"NE_0001";"";"NE_0001";"NE_0001";"NE_0001";"NE_0001";"NE_0001";"NE_0001";"NE_0001"
"2023";"03";"210101";"PUNO";"PUNO";"PUNO";"ESSALUD";"I-3";"00009217";"CENTRO DE ATENCION PRIMARIA III METROPOLITANO DE PUNO";"NE_0001";"";"NE_0001";"NE_0001";"NE_0001";"NE_0001";"NE_0001";"NE_0001";"NE_0001"
"2023";"03";"120606";"JUNIN";"SATIPO";"PANGOA";"GOBIERNO REGIONAL";"I-2";"00000451";"MATERENI";"NE_0001";"";"NE_0001";"NE_0001";"NE_0001";"NE_0001";"NE_0001";"NE_0001";"NE_0001"
"2023";"03";"120606";"JUNIN";"SATIPO";"PANGOA";"GOBIERNO REGIONAL";"I-1";"00021802";"SAN JUAN DE PUEBLO LIBRE";"NE_0001";"";"NE_0001";"NE_0001";"NE_0001";"NE_0001";"NE_0001";"NE_0001";"NE_0001"
"2023";"03";"120606";"JUNIN";"SATIPO";"PANGOA";"GOBIERNO REGIONAL";"I-3";"00000446";"CUBANTIA";"NE_0001";"";"NE_0001";"NE_0001";"NE_0001";"NE_0001";"NE_0001";"NE_0001";"NE_0001"
"2023";"03";"120606";"JUNIN";"SATIPO";"PANGOA";"GOBIERNO REGIONAL";"I-1";"00000449";"MAZARONQUIARI";"NE_0001";"";"NE_0001";"NE_0001";"NE_0001";"NE_0001";"NE_0001";"NE_0001";"NE_0001"
"2023";"03";"120606";"JUNIN";"SATIPO";"PANGOA";"GOBIERNO REGIONAL";"I-1";"00000452";"FORTALEZA";"NE_0001";"";"NE_0001";"NE_0001";"NE_0001";"NE_0001";"NE_0001";"NE_0001";"NE_0001"
"2023";"03";"120606";"JUNIN";"SATIPO";"PANGOA";"GOBIERNO REGIONAL";"I-1";"00021804";"ALTO CHICHIRENI";"NE_0001";"";"NE_0001";"NE_0001";"NE_0001";"NE_0001";"NE_0001";"NE_0001";"NE_0001"
"2023";"03";"120606";"JUNIN";"SATIPO";"PANGOA";"GOBIERNO REGIONAL";"I-1";"00000457";"BOCA KIATARI";"NE_0001";"";"NE_0001";"NE_0001";"NE_0001";"NE_0001";"NE_0001";"NE_0001";"NE_0001"
"2023";"03";"120606";"JUNIN";"SATIPO";"PANGOA";"GOBIERNO REGIONAL";"I-1";"00021801";"SANTA CRUZ DE ANAPATI";"NE_0001";"";"NE_0001";"NE_0001";"NE_0001";"NE_0001";"NE_0001";"NE_0001";"NE_0001"
"2023";"03";"120606";"JUNIN";"SATIPO";"PANGOA";"GOBIERNO REGIONAL";"I-1";"00027800";"MAVENI";"NE_0001";"";"NE_0001";"NE_0001";"NE_0001";"NE_0001";"NE_0001";"NE_0001";"NE_0001"
"2023";"03";"120606";"JUNIN";"SATIPO";"PANGOA";"GOBIERNO REGIONAL";"I-1";"00000454";"CAMPIRUSHARI";"NE_0001";"";"NE_0001";"NE_0001";"NE_0001";"NE_0001";"NE_0001";"NE_0001";"NE_0001"
"2023";"03";"120606";"JUNIN";"SATIPO";"PANGOA";"GOBIERNO REGIONAL";"I-1";"00021805";"SAN JUAN DE SANGARENI";"NE_0001";"";"NE_0001";"NE_0001";"NE_0001";"NE_0001";"NE_0001";"NE_0001";"NE_0001"
"2023";"03";"120606";"JUNIN";"SATIPO";"PANGOA";"GOBIERNO REGIONAL";"I-1";"00021806";"LIBERTAD DE ANAPATI";"NE_0001";"";"NE_0001";"NE_0001";"NE_0001";"NE_0001";"NE_0001";"NE_0001";"NE_0001"
"2023";"03";"120606";"JUNIN";"SATIPO";"PANGOA";"GOBIERNO REGIONAL";"I-1";"00024571";"PUERTO PORVENIR";"NE_0001";"";"NE_0001";"NE_0001";"NE_0001";"NE_0001";"NE_0001";"NE_0001";"NE_0001"
"2023";"03";"120606";"JUNIN";"SATIPO";"PANGOA";"GOBIERNO REGIONAL";"I-1";"00000455";"JERUSALEN DE MIÑARO DE NOMESTSIGUENGA";"NE_0001";"";"NE_0001";"NE_0001";"NE_0001";"NE_0001";"NE_0001";"NE_0001";"NE_0001"
"2023";"03";"120606";"JUNIN";"SATIPO";"PANGOA";"GOBIERNO REGIONAL";"I-1";"00027801";"PUERTO ANAPATI";"NE_0001";"";"NE_0001";"NE_0001";"NE_0001";"NE_0001";"NE_0001";"NE_0001";"NE_0001"
"2023";"03";"080101";"CUSCO";"CUSCO";"CUSCO";"PRIVADO";"II-E";"00016541";"HOGAR CLINICA SAN JUAN DE DIOS-CUSCO";"240000";"HOSPITALIZACIÓN";"49";"48";"465";"5";"15";"465";"0"
"2023";"03";"060101";"CAJAMARCA";"CAJAMARCA";"CAJAMARCA";"ESSALUD";"II-2";"00010272";"HOSPITAL II CAJAMARCA";"241800";"HOSPITALIZACIÓN DE MEDICINA MEDICINA GENERAL ";"38";"37";"305";"511";"17";"527";"3"
"2023";"03";"060101";"CAJAMARCA";"CAJAMARCA";"CAJAMARCA";"ESSALUD";"II-2";"00010272";"HOSPITAL II CAJAMARCA";"240100";"HOSPITALIZACIÓN QUIRÚRGICA CIRUGÍA GENERAL ";"127";"133";"389";"384";"14";"434";"0"
"2023";"03";"060101";"CAJAMARCA";"CAJAMARCA";"CAJAMARCA";"ESSALUD";"II-2";"00010272";"HOSPITAL II CAJAMARCA";"241500";"HOSPITALIZACIÓN QUIRÚRGICA GINECOLOGÍA  ";"43";"41";"109";"111";"4";"124";"0"
"2023";"03";"060101";"CAJAMARCA";"CAJAMARCA";"CAJAMARCA";"ESSALUD";"II-2";"00010272";"HOSPITAL II CAJAMARCA";"241600";"HOSPITALIZACIÓN QUIRÚRGICA OBSTETRICIA   ";"142";"148";"323";"305";"16";"496";"0"
"2023";"03";"060101";"CAJAMARCA";"CAJAMARCA";"CAJAMARCA";"ESSALUD";"II-2";"00010272";"HOSPITAL II CAJAMARCA";"242300";"HOSPITALIZACIÓN DE PEDIATRÍA  PEDIATRÍA  GENERAL ";"30";"30";"91";"80";"7";"217";"0"
"2023";"03";"060101";"CAJAMARCA";"CAJAMARCA";"CAJAMARCA";"ESSALUD";"II-2";"00010272";"HOSPITAL II CAJAMARCA";"243200";"HOSPITALIZACIÓN DE PEDIATRÍA PEDIATRIA NEONATOLOGÍA";"21";"21";"72";"70";"6";"186";"0"
"2023";"03";"060101";"CAJAMARCA";"CAJAMARCA";"CAJAMARCA";"ESSALUD";"II-2";"00010272";"HOSPITAL II CAJAMARCA";"250100";"UNIDAD DE CUIDADOS CRITICOS UNIDAD  DE CUIDADOS INTENSIVOS GENERALES (UCI) ";"2";"2";"289";"177";"6";"186";"1"
"2023";"03";"051012";"AYACUCHO";"VICTOR FAJARDO";"VILCANCHOS";"GOBIERNO REGIONAL";"I-1";"00003627";"COCAS";"NE_0001";"";"NE_0001";"NE_0001";"NE_0001";"NE_0001";"NE_0001";"NE_0001";"NE_0001"
"2023";"03";"050206";"AYACUCHO";"CANGALLO";"TOTOS";"GOBIERNO REGIONAL";"I-1";"00003622";"CHUYMAY";"NE_0001";"";"NE_0001";"NE_0001";"NE_0001";"NE_0001";"NE_0001";"NE_0001";"NE_0001"
"2023";"03";"220804";"SAN MARTIN";"RIOJA";"NUEVA CAJAMARCA";"GOBIERNO REGIONAL";"I-4";"00006283";"HOSPITAL RURAL NUEVA CAJAMARCA";"241600";"HOSPITALIZACIÓN QUIRÚRGICA OBSTETRICIA   ";"43";"44";"60";"60";"8";"248";"0"
"2023";"03";"220804";"SAN MARTIN";"RIOJA";"NUEVA CAJAMARCA";"GOBIERNO REGIONAL";"I-4";"00006283";"HOSPITAL RURAL NUEVA CAJAMARCA";"241800";"HOSPITALIZACIÓN DE MEDICINA MEDICINA GENERAL ";"39";"43";"91";"91";"8";"248";"0"
"2023";"03";"220804";"SAN MARTIN";"RIOJA";"NUEVA CAJAMARCA";"GOBIERNO REGIONAL";"I-4";"00006283";"HOSPITAL RURAL NUEVA CAJAMARCA";"242500";"HOSPITALIZACIÓN-PEDIATRÍA GENERAL-";"4";"6";"15";"15";"5";"155";"0"
"2023";"03";"150115";"LIMA";"LIMA";"LA VICTORIA";"ESSALUD";"III-2";"00009251";"HOSPITAL NACIONAL GUILLERMO ALMENARA IRIGOYEN";"241200";"HOSPITALIZACIÓN QUIRÚRGICA TRAUMATOLOGÍA Y ORTOPEDIA ";"65";"80";"942";"813";"27";"837";"3"
"2023";"03";"150115";"LIMA";"LIMA";"LA VICTORIA";"ESSALUD";"III-2";"00009251";"HOSPITAL NACIONAL GUILLERMO ALMENARA IRIGOYEN";"250200";"UNIDAD DE CUIDADOS CRITICOS UNIDAD DE CUIDADOS INTERMEDIOS GENERAL  (UCIN) ";"8";"12";"210";"174";"6";"186";"2"
"2023";"03";"150115";"LIMA";"LIMA";"LA VICTORIA";"ESSALUD";"III-2";"00009251";"HOSPITAL NACIONAL GUILLERMO ALMENARA IRIGOYEN";"241200";"HOSPITALIZACIÓN QUIRÚRGICA TRAUMATOLOGÍA Y ORTOPEDIA ";"105";"109";"846";"731";"24";"744";"0"
"2023";"03";"150115";"LIMA";"LIMA";"LA VICTORIA";"ESSALUD";"III-2";"00009251";"HOSPITAL NACIONAL GUILLERMO ALMENARA IRIGOYEN";"241100";"HOSPITALIZACIÓN QUIRÚRGICA OTORRINOLARINGOLOGÍA  ";"46";"47";"381";"371";"12";"372";"0"
"2023";"03";"150115";"LIMA";"LIMA";"LA VICTORIA";"ESSALUD";"III-2";"00009251";"HOSPITAL NACIONAL GUILLERMO ALMENARA IRIGOYEN";"240500";"HOSPITALIZACIÓN QUIRÚRGICA CIRUGÍA DE TRANSPLANTES ";"15";"18";"192";"230";"8";"248";"0"
"2023";"03";"150115";"LIMA";"LIMA";"LA VICTORIA";"ESSALUD";"III-2";"00009251";"HOSPITAL NACIONAL GUILLERMO ALMENARA IRIGOYEN";"240500";"HOSPITALIZACIÓN QUIRÚRGICA CIRUGÍA DE TRANSPLANTES ";"33";"35";"399";"364";"12";"372";"0"
"2023";"03";"150115";"LIMA";"LIMA";"LA VICTORIA";"ESSALUD";"III-2";"00009251";"HOSPITAL NACIONAL GUILLERMO ALMENARA IRIGOYEN";"241300";"HOSPITALIZACIÓN QUIRÚRGICA UROLOGÍA  ";"82";"83";"1009";"1222";"40";"1240";"1"
"2023";"03";"150115";"LIMA";"LIMA";"LA VICTORIA";"ESSALUD";"III-2";"00009251";"HOSPITAL NACIONAL GUILLERMO ALMENARA IRIGOYEN";"241500";"HOSPITALIZACIÓN QUIRÚRGICA GINECOLOGÍA  ";"90";"97";"763";"614";"20";"620";"0"
"2023";"03";"150115";"LIMA";"LIMA";"LA VICTORIA";"ESSALUD";"III-2";"00009251";"HOSPITAL NACIONAL GUILLERMO ALMENARA IRIGOYEN";"241600";"HOSPITALIZACIÓN QUIRÚRGICA OBSTETRICIA   ";"185";"231";"1392";"1117";"37";"1147";"0"
"2023";"03";"150115";"LIMA";"LIMA";"LA VICTORIA";"ESSALUD";"III-2";"00009251";"HOSPITAL NACIONAL GUILLERMO ALMENARA IRIGOYEN";"240700";"HOSPITALIZACIÓN QUIRÚRGICA CIRUGÍA PEDIÁTRICA ";"102";"100";"388";"267";"9";"279";"0"
"2023";"03";"150115";"LIMA";"LIMA";"LA VICTORIA";"ESSALUD";"III-2";"00009251";"HOSPITAL NACIONAL GUILLERMO ALMENARA IRIGOYEN";"242300";"HOSPITALIZACIÓN DE PEDIATRÍA  PEDIATRÍA  GENERAL ";"13";"21";"739";"324";"11";"341";"0"
"2023";"03";"150115";"LIMA";"LIMA";"LA VICTORIA";"ESSALUD";"III-2";"00009251";"HOSPITAL NACIONAL GUILLERMO ALMENARA IRIGOYEN";"243200";"HOSPITALIZACIÓN DE PEDIATRÍA PEDIATRIA NEONATOLOGÍA";"15";"36";"253";"232";"8";"248";"3"
"2023";"03";"150115";"LIMA";"LIMA";"LA VICTORIA";"ESSALUD";"III-2";"00009251";"HOSPITAL NACIONAL GUILLERMO ALMENARA IRIGOYEN";"250101";"UNIDAD DE CUIDADOS CRITICOS UNIDAD  DE CUIDADOS INTENSIVOS GENERALES (UCI) CARDIOLOGIA";"30";"12";"154";"197";"7";"217";"4"
"2023";"01";"040702";"AREQUIPA";"ISLAY";"COCACHACRA";"ESSALUD";"I-2";"00026367";"POSTA MEDICA CHUCARAPI";"NE_0001";"";"NE_0001";"NE_0001";"NE_0001";"NE_0001";"NE_0001";"NE_0001";"NE_0001"
"2023";"01";"220904";"SAN MARTIN";"SAN MARTIN";"CHAZUTA";"GOBIERNO REGIONAL";"I-1";"00006427";"TUNUNTUNUMBA";"NE_0001";"";"NE_0001";"NE_0001";"NE_0001";"NE_0001";"NE_0001";"NE_0001";"NE_0001"
"2023";"01";"220904";"SAN MARTIN";"SAN MARTIN";"CHAZUTA";"GOBIERNO REGIONAL";"I-1";"00006426";"CALLANAYACU";"NE_0001";"";"NE_0001";"NE_0001";"NE_0001";"NE_0001";"NE_0001";"NE_0001";"NE_0001"
"2023";"01";"220206";"SAN MARTIN";"BELLAVISTA";"SAN RAFAEL";"GOBIERNO REGIONAL";"I-3";"00006515";"SAN RAFAEL";"NE_0002";"";"NE_0002";"NE_0002";"NE_0002";"NE_0002";"NE_0002";"NE_0002";"NE_0002"
"2023";"01";"220206";"SAN MARTIN";"BELLAVISTA";"SAN RAFAEL";"GOBIERNO REGIONAL";"I-2";"00006516";"LA LIBERTAD";"NE_0002";"";"NE_0002";"NE_0002";"NE_0002";"NE_0002";"NE_0002";"NE_0002";"NE_0002"
"2023";"01";"220406";"SAN MARTIN";"HUALLAGA";"TINGO DE SAPOSOA";"GOBIERNO REGIONAL";"I-1";"00006546";"TINGO DE SAPOSOA";"NE_0001";"";"NE_0001";"NE_0001";"NE_0001";"NE_0001";"NE_0001";"NE_0001";"NE_0001"
"2023";"01";"220201";"SAN MARTIN";"BELLAVISTA";"BELLAVISTA";"GOBIERNO REGIONAL";"I-1";"00006512";"NUEVA FLORIDA";"NE_0001";"";"NE_0001";"NE_0001";"NE_0001";"NE_0001";"NE_0001";"NE_0001";"NE_0001"
"2023";"01";"220201";"SAN MARTIN";"BELLAVISTA";"BELLAVISTA";"GOBIERNO REGIONAL";"I-1";"00006513";"HUACHO";"NE_0001";"";"NE_0001";"NE_0001";"NE_0001";"NE_0001";"NE_0001";"NE_0001";"NE_0001"
"2023";"01";"220201";"SAN MARTIN";"BELLAVISTA";"BELLAVISTA";"GOBIERNO REGIONAL";"I-1";"00006505";"LIMON";"NE_0001";"";"NE_0001";"NE_0001";"NE_0001";"NE_0001";"NE_0001";"NE_0001";"NE_0001"
"2023";"01";"150131";"LIMA";"LIMA";"SAN ISIDRO";"PRIVADO";"II-2";"00009123";"CLINICA ANGLOAMERICANA";"240000";"HOSPITALIZACIÓN";"433";"417";"1836";"1836";"93";"2681";"8"
"2023";"01";"150130";"LIMA";"LIMA";"SAN BORJA";"PRIVADO";"II-1";"00012975";"CL ESPECIALIDADES MEDICAS";"240000";"HOSPITALIZACIÓN";"32";"26";"57";"83";"13";"403";"0"
"2023";"01";"120114";"JUNIN";"HUANCAYO";"EL TAMBO";"PRIVADO";"II-E";"00025383";"CLINICA MEDICO QUIRURGICO HUANCAYO E.I.R.L.";"241200";"HOSPITALIZACIÓN QUIRÚRGICA TRAUMATOLOGÍA Y ORTOPEDIA ";"1";"2";"10";"12";"15";"20";"0"
"2023";"01";"120702";"JUNIN";"TARMA";"ACOBAMBA";"GOBIERNO REGIONAL";"I-1";"00000522";"PICOY";"NE_0001";"";"NE_0001";"NE_0001";"NE_0001";"NE_0001";"NE_0001";"NE_0001";"NE_0001"
"2023";"01";"120702";"JUNIN";"TARMA";"ACOBAMBA";"GOBIERNO REGIONAL";"I-1";"00000526";"COLLPA";"NE_0001";"";"NE_0001";"NE_0001";"NE_0001";"NE_0001";"NE_0001";"NE_0001";"NE_0001"
"2023";"01";"120702";"JUNIN";"TARMA";"ACOBAMBA";"GOBIERNO REGIONAL";"I-4";"00000521";"ACOBAMBA";"241600";"HOSPITALIZACIÓN QUIRÚRGICA OBSTETRICIA   ";"8";"7";"14";"11";"3";"93";"0"
"2023";"01";"120702";"JUNIN";"TARMA";"ACOBAMBA";"GOBIERNO REGIONAL";"I-1";"00000525";"HUAYLAHUICHAN";"NE_0001";"";"NE_0001";"NE_0001";"NE_0001";"NE_0001";"NE_0001";"NE_0001";"NE_0001"
"2023";"01";"120702";"JUNIN";"TARMA";"ACOBAMBA";"GOBIERNO REGIONAL";"I-1";"00000523";"HUARACAYO";"NE_0001";"";"NE_0001";"NE_0001";"NE_0001";"NE_0001";"NE_0001";"NE_0001";"NE_0001"
"2023";"01";"120702";"JUNIN";"TARMA";"ACOBAMBA";"GOBIERNO REGIONAL";"I-1";"00000524";"TUPIN";"NE_0001";"";"NE_0001";"NE_0001";"NE_0001";"NE_0001";"NE_0001";"NE_0001";"NE_0001"
"2023";"01";"060612";"CAJAMARCA";"CUTERVO";"SANTO DOMINGO DE LA CAPILLA";"GOBIERNO REGIONAL";"I-1";"00006861";"CHAUPECRUZ";"NE_0001";"";"NE_0001";"NE_0001";"NE_0001";"NE_0001";"NE_0001";"NE_0001";"NE_0001"
"2023";"01";"060602";"CAJAMARCA";"CUTERVO";"CALLAYUC";"GOBIERNO REGIONAL";"I-1";"00004963";"SANTA CLARA";"NE_0001";"";"NE_0001";"NE_0001";"NE_0001";"NE_0001";"NE_0001";"NE_0001";"NE_0001"
"2023";"01";"060612";"CAJAMARCA";"CUTERVO";"SANTO DOMINGO DE LA CAPILLA";"GOBIERNO REGIONAL";"I-1";"00005004";"SAN PEDRO DE LA CAPILLA";"NE_0001";"";"NE_0001";"NE_0001";"NE_0001";"NE_0001";"NE_0001";"NE_0001";"NE_0001"
"2023";"01";"060612";"CAJAMARCA";"CUTERVO";"SANTO DOMINGO DE LA CAPILLA";"GOBIERNO REGIONAL";"I-1";"00006960";"PAN DE AZUCAR";"NE_0001";"";"NE_0001";"NE_0001";"NE_0001";"NE_0001";"NE_0001";"NE_0001";"NE_0001"
"2023";"01";"060612";"CAJAMARCA";"CUTERVO";"SANTO DOMINGO DE LA CAPILLA";"GOBIERNO REGIONAL";"I-1";"00007370";"CEDROPAMPA";"NE_0001";"";"NE_0001";"NE_0001";"NE_0001";"NE_0001";"NE_0001";"NE_0001";"NE_0001"
"2023";"01";"060612";"CAJAMARCA";"CUTERVO";"SANTO DOMINGO DE LA CAPILLA";"GOBIERNO REGIONAL";"I-1";"00005005";"SANTA ROSA DE LA CAPILLA";"NE_0001";"";"NE_0001";"NE_0001";"NE_0001";"NE_0001";"NE_0001";"NE_0001";"NE_0001"
"2023";"01";"060612";"CAJAMARCA";"CUTERVO";"SANTO DOMINGO DE LA CAPILLA";"GOBIERNO REGIONAL";"I-1";"00006862";"PALO QUEMADO";"NE_0001";"";"NE_0001";"NE_0001";"NE_0001";"NE_0001";"NE_0001";"NE_0001";"NE_0001"
"2023";"01";"060612";"CAJAMARCA";"CUTERVO";"SANTO DOMINGO DE LA CAPILLA";"GOBIERNO REGIONAL";"I-1";"00006958";"PLAYA HERMOZA";"NE_0001";"";"NE_0001";"NE_0001";"NE_0001";"NE_0001";"NE_0001";"NE_0001";"NE_0001"
"2023";"01";"060612";"CAJAMARCA";"CUTERVO";"SANTO DOMINGO DE LA CAPILLA";"GOBIERNO REGIONAL";"I-3";"00005002";"STO. DOMINGO DE LA CAPILLA";"NE_0001";"";"NE_0001";"NE_0001";"NE_0001";"NE_0001";"NE_0001";"NE_0001";"NE_0001"
"2023";"01";"210201";"PUNO";"AZANGARO";"AZANGARO";"GOBIERNO REGIONAL";"II-1";"00002941";"CARLOS CORNEJO ROSELLO";"240100";"HOSPITALIZACIÓN QUIRÚRGICA CIRUGÍA GENERAL ";"18";"18";"55";"75";"6";"186";"0"
"2023";"01";"210201";"PUNO";"AZANGARO";"AZANGARO";"GOBIERNO REGIONAL";"II-1";"00002941";"CARLOS CORNEJO ROSELLO";"241500";"HOSPITALIZACIÓN QUIRÚRGICA GINECOLOGÍA  ";"50";"50";"111";"157";"7";"217";"0"
"2023";"01";"210201";"PUNO";"AZANGARO";"AZANGARO";"GOBIERNO REGIONAL";"II-1";"00002941";"CARLOS CORNEJO ROSELLO";"241600";"HOSPITALIZACIÓN QUIRÚRGICA OBSTETRICIA   ";"44";"50";"77";"127";"7";"217";"0"
"2023";"01";"210201";"PUNO";"AZANGARO";"AZANGARO";"GOBIERNO REGIONAL";"II-1";"00002941";"CARLOS CORNEJO ROSELLO";"241800";"HOSPITALIZACIÓN DE MEDICINA MEDICINA GENERAL ";"27";"27";"84";"111";"12";"372";"1"
"2023";"01";"210201";"PUNO";"AZANGARO";"AZANGARO";"GOBIERNO REGIONAL";"II-1";"00002941";"CARLOS CORNEJO ROSELLO";"242500";"HOSPITALIZACIÓN-PEDIATRÍA GENERAL-";"13";"14";"48";"62";"9";"279";"0"
"2023";"01";"210201";"PUNO";"AZANGARO";"AZANGARO";"GOBIERNO REGIONAL";"II-1";"00002941";"CARLOS CORNEJO ROSELLO";"243200";"HOSPITALIZACIÓN DE PEDIATRÍA PEDIATRIA NEONATOLOGÍA";"10";"10";"21";"31";"4";"124";"0"
"2023";"01";"120501";"JUNIN";"JUNIN";"JUNIN";"GOBIERNO REGIONAL";"II-1";"00000519";"DE APOYO JUNIN";"241800";"HOSPITALIZACIÓN DE MEDICINA MEDICINA GENERAL ";"11";"11";"49";"49";"14";"434";"1"
"2023";"01";"120501";"JUNIN";"JUNIN";"JUNIN";"GOBIERNO REGIONAL";"II-1";"00000519";"DE APOYO JUNIN";"243200";"HOSPITALIZACIÓN DE PEDIATRÍA PEDIATRIA NEONATOLOGÍA";"1";"1";"6";"6";"4";"124";"0"
"2023";"01";"120501";"JUNIN";"JUNIN";"JUNIN";"GOBIERNO REGIONAL";"II-1";"00000519";"DE APOYO JUNIN";"242500";"HOSPITALIZACIÓN-PEDIATRÍA GENERAL-";"6";"6";"20";"20";"6";"186";"0"
"2023";"01";"120501";"JUNIN";"JUNIN";"JUNIN";"GOBIERNO REGIONAL";"II-1";"00000519";"DE APOYO JUNIN";"240100";"HOSPITALIZACIÓN QUIRÚRGICA CIRUGÍA GENERAL ";"2";"2";"3";"3";"12";"372";"0"
"2023";"01";"120501";"JUNIN";"JUNIN";"JUNIN";"GOBIERNO REGIONAL";"II-1";"00000519";"DE APOYO JUNIN";"241500";"HOSPITALIZACIÓN QUIRÚRGICA GINECOLOGÍA  ";"10";"10";"35";"36";"5";"155";"0"
"2023";"01";"120501";"JUNIN";"JUNIN";"JUNIN";"GOBIERNO REGIONAL";"II-1";"00000519";"DE APOYO JUNIN";"241600";"HOSPITALIZACIÓN QUIRÚRGICA OBSTETRICIA   ";"13";"14";"23";"23";"5";"155";"0"
"2023";"01";"190104";"PASCO";"PASCO";"HUAYLLAY";"ESSALUD";"I-3";"00009751";"CENTRO MEDICO  HUAYLLAY";"NE_0001";"";"NE_0001";"NE_0001";"NE_0001";"NE_0001";"NE_0001";"NE_0001";"NE_0001"
"2023";"02";"150135";"LIMA";"LIMA";"SAN MARTIN DE PORRES";"SANIDAD DE LA POLICIA NACIONAL DEL PERU";"I-2";"00012739";"POLICLINICO POLICIAL SAN DIEGO";"NE_0001";"";"NE_0001";"NE_0001";"NE_0001";"NE_0001";"NE_0001";"NE_0001";"NE_0001"
"2023";"02";"200104";"PIURA";"PIURA";"CASTILLA";"SANIDAD DE LA POLICIA NACIONAL DEL PERU";"I-3";"00010679";"POLICLINICO PNP ""ALMIRANTE MIGUEL GRAU""";"241800";"HOSPITALIZACIÓN DE MEDICINA MEDICINA GENERAL ";"2";"2";"2";"2";"13";"362";"0"
"2023";"02";"170101";"MADRE DE DIOS";"TAMBOPATA";"TAMBOPATA";"SANIDAD DE LA POLICIA NACIONAL DEL PERU";"I-2";"00009320";"POSTA MEDICA DE LA PNP";"NE_0001";"";"NE_0001";"NE_0001";"NE_0001";"NE_0001";"NE_0001";"NE_0001";"NE_0001"
"2023";"02";"050401";"AYACUCHO";"HUANTA";"HUANTA";"SANIDAD DE LA POLICIA NACIONAL DEL PERU";"I-2";"00011437";"POSTA MEDICA PNP HUANTA";"NE_0001";"";"NE_0001";"NE_0001";"NE_0001";"NE_0001";"NE_0001";"NE_0001";"NE_0001"
"2023";"02";"150103";"LIMA";"LIMA";"ATE";"SANIDAD DE LA POLICIA NACIONAL DEL PERU";"I-3";"00012275";"POLICLINICO PNP DINOES";"NE_0001";"";"NE_0001";"NE_0001";"NE_0001";"NE_0001";"NE_0001";"NE_0001";"NE_0001"
"2023";"02";"150101";"LIMA";"LIMA";"LIMA";"SANIDAD DE LA POLICIA NACIONAL DEL PERU";"I-3";"00017391";"POLICLINICO COIP";"NE_0001";"";"NE_0001";"NE_0001";"NE_0001";"NE_0001";"NE_0001";"NE_0001";"NE_0001"
"2023";"02";"120301";"JUNIN";"CHANCHAMAYO";"CHANCHAMAYO";"SANIDAD DE LA POLICIA NACIONAL DEL PERU";"I-2";"00011913";"POSTA MEDICA POLICIAL LA MERCED";"NE_0001";"";"NE_0001";"NE_0001";"NE_0001";"NE_0001";"NE_0001";"NE_0001";"NE_0001"
"2023";"02";"060703";"CAJAMARCA";"HUALGAYOC";"HUALGAYOC";"ESSALUD";"I-2";"00010270";"POSTA MEDICA DE HUALGAYOC";"NE_0001";"";"NE_0001";"NE_0001";"NE_0001";"NE_0001";"NE_0001";"NE_0001";"NE_0001"
"2023";"02";"060801";"CAJAMARCA";"JAEN";"JAEN";"GOBIERNO REGIONAL";"I-1";"00004215";"CHAMAYA";"NE_0001";"";"NE_0001";"NE_0001";"NE_0001";"NE_0001";"NE_0001";"NE_0001";"NE_0001"
"2023";"02";"060801";"CAJAMARCA";"JAEN";"JAEN";"GOBIERNO REGIONAL";"I-2";"00007168";"MONTEGRANDE";"NE_0001";"";"NE_0001";"NE_0001";"NE_0001";"NE_0001";"NE_0001";"NE_0001";"NE_0001"
"2023";"02";"060801";"CAJAMARCA";"JAEN";"JAEN";"GOBIERNO REGIONAL";"I-1";"00004220";"PALMA CENTRAL";"NE_0001";"";"NE_0001";"NE_0001";"NE_0001";"NE_0001";"NE_0001";"NE_0001";"NE_0001"
"2023";"02";"060801";"CAJAMARCA";"JAEN";"JAEN";"GOBIERNO REGIONAL";"I-4";"00004211";"MORRO SOLAR";"241800";"HOSPITALIZACIÓN DE MEDICINA MEDICINA GENERAL ";"44";"44";"44";"69";"8";"196";"0"
"2023";"02";"060801";"CAJAMARCA";"JAEN";"JAEN";"GOBIERNO REGIONAL";"0";"00031497";"HOGAR PROTEGIDO SEÑOR DE HUAMANTANGA";"NE_0001";"";"NE_0001";"NE_0001";"NE_0001";"NE_0001";"NE_0001";"NE_0001";"NE_0001"
"2023";"02";"060801";"CAJAMARCA";"JAEN";"JAEN";"GOBIERNO REGIONAL";"I-1";"00004214";"LAS NARANJAS";"NE_0001";"";"NE_0001";"NE_0001";"NE_0001";"NE_0001";"NE_0001";"NE_0001";"NE_0001"
"2023";"02";"060801";"CAJAMARCA";"JAEN";"JAEN";"GOBIERNO REGIONAL";"I-1";"00007024";"SAN MARTIN DE PORRES";"NE_0001";"";"NE_0001";"NE_0001";"NE_0001";"NE_0001";"NE_0001";"NE_0001";"NE_0001"
"2023";"02";"060801";"CAJAMARCA";"JAEN";"JAEN";"GOBIERNO REGIONAL";"I-1";"00004221";"VALILLO";"NE_0001";"";"NE_0001";"NE_0001";"NE_0001";"NE_0001";"NE_0001";"NE_0001";"NE_0001"
"2023";"02";"060801";"CAJAMARCA";"JAEN";"JAEN";"GOBIERNO REGIONAL";"I-2";"00025858";"NUEVO HORIZONTE";"NE_0001";"";"NE_0001";"NE_0001";"NE_0001";"NE_0001";"NE_0001";"NE_0001";"NE_0001"
"2023";"02";"021303";"ANCASH";"MARISCAL LUZURIAGA";"ELEAZAR GUZMAN BARRON";"GOBIERNO REGIONAL";"I-1";"00001787";"PUESTO DE SALUD PUMPA";"NE_0002";"";"NE_0002";"NE_0002";"NE_0002";"NE_0002";"NE_0002";"NE_0002";"NE_0002"
"2023";"02";"021305";"ANCASH";"MARISCAL LUZURIAGA";"LLAMA";"GOBIERNO REGIONAL";"I-2";"00001788";"PUESTO DE SALUD LLAMA";"NE_0002";"";"NE_0002";"NE_0002";"NE_0002";"NE_0002";"NE_0002";"NE_0002";"NE_0002"
"2023";"02";"021304";"ANCASH";"MARISCAL LUZURIAGA";"FIDEL OLIVAS ESCUDERO";"GOBIERNO REGIONAL";"I-1";"00001793";"PUESTO DE SALUD SANASHGAN";"NE_0002";"";"NE_0002";"NE_0002";"NE_0002";"NE_0002";"NE_0002";"NE_0002";"NE_0002"
"2023";"02";"021308";"ANCASH";"MARISCAL LUZURIAGA";"MUSGA";"GOBIERNO REGIONAL";"I-1";"00001792";"PUESTO DE SALUD MUSGA";"NE_0002";"";"NE_0002";"NE_0002";"NE_0002";"NE_0002";"NE_0002";"NE_0002";"NE_0002"
"2023";"02";"021301";"ANCASH";"MARISCAL LUZURIAGA";"PISCOBAMBA";"GOBIERNO REGIONAL";"I-4";"00001783";"CENTRO DE SALUD PISCOBAMBA";"NE_0002";"";"NE_0002";"NE_0002";"NE_0002";"NE_0002";"NE_0002";"NE_0002";"NE_0002"
"2023";"02";"021306";"ANCASH";"MARISCAL LUZURIAGA";"LLUMPA";"GOBIERNO REGIONAL";"I-2";"00001789";"PUESTO DE SALUD LLUMPA";"NE_0002";"";"NE_0002";"NE_0002";"NE_0002";"NE_0002";"NE_0002";"NE_0002";"NE_0002"
"2023";"02";"100605";"HUANUCO";"LEONCIO PRADO";"LUYANDO";"GOBIERNO REGIONAL";"II-1";"00000932";"HOSPITAL DE TINGO MARIA (HOSPITAL DE CONTINGENCIA)";"241800";"HOSPITALIZACIÓN DE MEDICINA MEDICINA GENERAL ";"86";"88";"638";"558";"10";"558";"6"
"2023";"02";"100605";"HUANUCO";"LEONCIO PRADO";"LUYANDO";"GOBIERNO REGIONAL";"II-1";"00000932";"HOSPITAL DE TINGO MARIA (HOSPITAL DE CONTINGENCIA)";"240100";"HOSPITALIZACIÓN QUIRÚRGICA CIRUGÍA GENERAL ";"76";"72";"322";"333";"16";"449";"0"
"2023";"02";"100605";"HUANUCO";"LEONCIO PRADO";"LUYANDO";"GOBIERNO REGIONAL";"II-1";"00000932";"HOSPITAL DE TINGO MARIA (HOSPITAL DE CONTINGENCIA)";"243200";"HOSPITALIZACIÓN DE PEDIATRÍA PEDIATRIA NEONATOLOGÍA";"29";"26";"231";"198";"10";"280";"3"
"2023";"02";"100605";"HUANUCO";"LEONCIO PRADO";"LUYANDO";"GOBIERNO REGIONAL";"II-1";"00000932";"HOSPITAL DE TINGO MARIA (HOSPITAL DE CONTINGENCIA)";"242500";"HOSPITALIZACIÓN-PEDIATRÍA GENERAL-";"32";"35";"134";"123";"8";"249";"0"
"2023";"02";"100605";"HUANUCO";"LEONCIO PRADO";"LUYANDO";"GOBIERNO REGIONAL";"II-1";"00000932";"HOSPITAL DE TINGO MARIA (HOSPITAL DE CONTINGENCIA)";"241400";"HOSPITALIZACIÓN QUIRÚRGICA GINECO - OBSTETRICIA ";"284";"230";"538";"537";"25";"712";"0"
"2023";"02";"100605";"HUANUCO";"LEONCIO PRADO";"LUYANDO";"GOBIERNO REGIONAL";"II-1";"00000932";"HOSPITAL DE TINGO MARIA (HOSPITAL DE CONTINGENCIA)";"250200";"UNIDAD DE CUIDADOS CRITICOS UNIDAD DE CUIDADOS INTERMEDIOS GENERAL  (UCIN) ";"3";"1";"2";"20";"9";"252";"1"
"2023";"02";"100605";"HUANUCO";"LEONCIO PRADO";"LUYANDO";"GOBIERNO REGIONAL";"II-1";"00000932";"HOSPITAL DE TINGO MARIA (HOSPITAL DE CONTINGENCIA)";"250304";"HOSPIT. EN UNIDAD DE CUID.INTEN.-UNIDAD DE VIGILANCIA INTENSIVA (UVI)-MEDICINA";"7";"3";"17";"94";"6";"168";"3"
"2023";"02";"100605";"HUANUCO";"LEONCIO PRADO";"LUYANDO";"GOBIERNO REGIONAL";"II-1";"00000932";"HOSPITAL DE TINGO MARIA (HOSPITAL DE CONTINGENCIA)";"242205";"HOSPITALIZACIÓN MEDICINA PSIQUIATRÍA PISIQUIATRIA/ SALUD MENTAL Y ADICCIONES";"12";"6";"54";"270";"10";"300";"0"
"2023";"02";"150101";"LIMA";"LIMA";"LIMA";"MINSA";"III-2";"00006208";"INSTITUTO NACIONAL MATERNO PERINATAL";"241400";"HOSPITALIZACIÓN QUIRÚRGICA GINECO - OBSTETRICIA ";"1195";"1134";"4019";"4690";"202";"5656";"0"
"2023";"02";"150101";"LIMA";"LIMA";"LIMA";"MINSA";"III-2";"00006208";"INSTITUTO NACIONAL MATERNO PERINATAL";"241500";"HOSPITALIZACIÓN QUIRÚRGICA GINECOLOGÍA  ";"96";"90";"302";"364";"16";"448";"0"
"2023";"02";"150101";"LIMA";"LIMA";"LIMA";"MINSA";"III-2";"00006208";"INSTITUTO NACIONAL MATERNO PERINATAL";"250102";"UNIDAD DE CUIDADOS CRITICOS UNIDAD  DE CUIDADOS INTENSIVOS GENERALES (UCI) GINECO-OBSTETRICIA";"38";"35";"132";"136";"9";"252";"0"
"2023";"02";"150101";"LIMA";"LIMA";"LIMA";"MINSA";"III-2";"00006208";"INSTITUTO NACIONAL MATERNO PERINATAL";"250105";"UNIDAD DE CUIDADOS CRITICOS UNIDAD  DE CUIDADOS INTENSIVOS  (UCI) NEONATOLOGÍA";"50";"48";"731";"830";"30";"840";"10"
"2023";"02";"150101";"LIMA";"LIMA";"LIMA";"MINSA";"III-2";"00006208";"INSTITUTO NACIONAL MATERNO PERINATAL";"243200";"HOSPITALIZACIÓN DE PEDIATRÍA PEDIATRIA NEONATOLOGÍA";"189";"177";"2401";"2499";"90";"2520";"5"
"2023";"02";"150136";"LIMA";"LIMA";"SAN MIGUEL";"PRIVADO";"II-2";"00014501";"CLINICA SAN GABRIEL S.A.C.";"250105";"UNIDAD DE CUIDADOS CRITICOS UNIDAD  DE CUIDADOS INTENSIVOS  (UCI) NEONATOLOGÍA";"9";"11";"57";"60";"6";"168";"0"
"2023";"02";"150136";"LIMA";"LIMA";"SAN MIGUEL";"PRIVADO";"II-2";"00014501";"CLINICA SAN GABRIEL S.A.C.";"250100";"UNIDAD DE CUIDADOS CRITICOS UNIDAD  DE CUIDADOS INTENSIVOS GENERALES (UCI) ";"55";"51";"137";"180";"12";"336";"7"
"2023";"02";"150136";"LIMA";"LIMA";"SAN MIGUEL";"PRIVADO";"II-2";"00014501";"CLINICA SAN GABRIEL S.A.C.";"240000";"HOSPITALIZACIÓN";"683";"689";"1992";"2625";"99";"2772";"3"
"2023";"02";"130801";"LA LIBERTAD";"PATAZ";"TAYABAMBA";"GOBIERNO REGIONAL";"II-1";"00005375";"HOSPITAL PROVINCIAL DE TAYABAMBA";"241800";"HOSPITALIZACIÓN DE MEDICINA MEDICINA GENERAL ";"8";"8";"12";"13";"11";"308";"0"
"2023";"02";"130801";"LA LIBERTAD";"PATAZ";"TAYABAMBA";"GOBIERNO REGIONAL";"II-1";"00005375";"HOSPITAL PROVINCIAL DE TAYABAMBA";"241600";"HOSPITALIZACIÓN QUIRÚRGICA OBSTETRICIA   ";"16";"15";"22";"22";"5";"140";"0"
"2023";"02";"230103";"TACNA";"TACNA";"CALANA";"ESSALUD";"II-2";"00010185";"Hospital III Daniel Alcides Carrión EsSalud Red de Tacna";"250100";"UNIDAD DE CUIDADOS CRITICOS UNIDAD  DE CUIDADOS INTENSIVOS GENERALES (UCI) ";"11";"11";"185";"131";"5";"136";"2"
"2023";"02";"230103";"TACNA";"TACNA";"CALANA";"ESSALUD";"II-2";"00010185";"Hospital III Daniel Alcides Carrión EsSalud Red de Tacna";"250200";"UNIDAD DE CUIDADOS CRITICOS UNIDAD DE CUIDADOS INTERMEDIOS GENERAL  (UCIN) ";"33";"34";"338";"314";"12";"331";"3"
"2023";"02";"230103";"TACNA";"TACNA";"CALANA";"ESSALUD";"II-2";"00010185";"Hospital III Daniel Alcides Carrión EsSalud Red de Tacna";"241900";"HOSPITALIZACIÓN DE MEDICINA MEDICINA INTERNA ";"133";"137";"1389";"1220";"47";"1306";"12"
"2023";"02";"230103";"TACNA";"TACNA";"CALANA";"ESSALUD";"II-2";"00010185";"Hospital III Daniel Alcides Carrión EsSalud Red de Tacna";"240100";"HOSPITALIZACIÓN QUIRÚRGICA CIRUGÍA GENERAL ";"145";"149";"798";"849";"31";"863";"1"
"2023";"02";"230103";"TACNA";"TACNA";"CALANA";"ESSALUD";"II-2";"00010185";"Hospital III Daniel Alcides Carrión EsSalud Red de Tacna";"241400";"HOSPITALIZACIÓN QUIRÚRGICA GINECO - OBSTETRICIA ";"128";"132";"318";"294";"12";"338";"0"
"2023";"02";"230103";"TACNA";"TACNA";"CALANA";"ESSALUD";"II-2";"00010185";"Hospital III Daniel Alcides Carrión EsSalud Red de Tacna";"242300";"HOSPITALIZACIÓN DE PEDIATRÍA  PEDIATRÍA  GENERAL ";"23";"21";"71";"72";"6";"175";"0"
"2023";"02";"040108";"AREQUIPA";"AREQUIPA";"LA JOYA";"ESSALUD";"I-2";"00013305";"POSTA MEDICA LA JOYA";"NE_0001";"";"NE_0001";"NE_0001";"NE_0001";"NE_0001";"NE_0001";"NE_0001";"NE_0001"
"2023";"02";"090206";"HUANCAVELICA";"ACOBAMBA";"PAUCARA";"GOBIERNO REGIONAL";"I-1";"00009696";"PUESTO DE SALUD LIBERTADORES DE CHOPCCA";"NE_0001";"";"NE_0001";"NE_0001";"NE_0001";"NE_0001";"NE_0001";"NE_0001";"NE_0001"
"2023";"02";"090206";"HUANCAVELICA";"ACOBAMBA";"PAUCARA";"GOBIERNO REGIONAL";"I-3";"00003931";"TINQUERCCASA";"NE_0001";"";"NE_0001";"NE_0001";"NE_0001";"NE_0001";"NE_0001";"NE_0001";"NE_0001"
"2023";"02";"090206";"HUANCAVELICA";"ACOBAMBA";"PAUCARA";"GOBIERNO REGIONAL";"I-1";"00003932";"PUESTO DE SALUD HUACHHUA";"NE_0001";"";"NE_0001";"NE_0001";"NE_0001";"NE_0001";"NE_0001";"NE_0001";"NE_0001"
"2023";"02";"090206";"HUANCAVELICA";"ACOBAMBA";"PAUCARA";"GOBIERNO REGIONAL";"I-2";"00006823";"PUESTO DE SALUD CHOPCCAPAMPA";"NE_0001";"";"NE_0001";"NE_0001";"NE_0001";"NE_0001";"NE_0001";"NE_0001";"NE_0001"
"2023";"02";"200101";"PIURA";"PIURA";"PIURA";"PRIVADO";"I-3";"00024833";"MEDITRAN PERU EIRL";"NE_0001";"";"NE_0001";"NE_0001";"NE_0001";"NE_0001";"NE_0001";"NE_0001";"NE_0001"
"2023";"03";"110101";"ICA";"ICA";"ICA";"PRIVADO";"I-4";"00009606";"VIRGEN DEL ROSARIO SA";"240000";"HOSPITALIZACIÓN";"108";"110";"170";"163";"16";"496";"0"
"2023";"03";"060801";"CAJAMARCA";"JAEN";"JAEN";"GOBIERNO REGIONAL";"I-2";"00004216";"LA CASCARILLA";"NE_0001";"";"NE_0001";"NE_0001";"NE_0001";"NE_0001";"NE_0001";"NE_0001";"NE_0001"
"2023";"03";"060801";"CAJAMARCA";"JAEN";"JAEN";"GOBIERNO REGIONAL";"I-1";"00024719";"LA VIRGINIA";"NE_0001";"";"NE_0001";"NE_0001";"NE_0001";"NE_0001";"NE_0001";"NE_0001";"NE_0001"
"2023";"03";"060801";"CAJAMARCA";"JAEN";"JAEN";"GOBIERNO REGIONAL";"I-1";"00004222";"ALTO VISTA ALEGRE";"NE_0001";"";"NE_0001";"NE_0001";"NE_0001";"NE_0001";"NE_0001";"NE_0001";"NE_0001"
"2023";"03";"060801";"CAJAMARCA";"JAEN";"JAEN";"GOBIERNO REGIONAL";"I-1";"00006994";"LOMA SANTA";"NE_0001";"";"NE_0001";"NE_0001";"NE_0001";"NE_0001";"NE_0001";"NE_0001";"NE_0001"
"2023";"03";"060801";"CAJAMARCA";"JAEN";"JAEN";"GOBIERNO REGIONAL";"I-3";"00025526";"LOS SAUCES";"NE_0001";"";"NE_0001";"NE_0001";"NE_0001";"NE_0001";"NE_0001";"NE_0001";"NE_0001"
"2023";"03";"060801";"CAJAMARCA";"JAEN";"JAEN";"GOBIERNO REGIONAL";"I-3";"00004212";"MAGLLANAL";"NE_0001";"";"NE_0001";"NE_0001";"NE_0001";"NE_0001";"NE_0001";"NE_0001";"NE_0001"
"2023";"03";"060801";"CAJAMARCA";"JAEN";"JAEN";"GOBIERNO REGIONAL";"I-1";"00016137";"RINCONADA LAJEÑA";"NE_0001";"";"NE_0001";"NE_0001";"NE_0001";"NE_0001";"NE_0001";"NE_0001";"NE_0001"
"2023";"03";"060801";"CAJAMARCA";"JAEN";"JAEN";"GOBIERNO REGIONAL";"I-1";"00015392";"SAN JOSE DE LA ALIANZA";"NE_0001";"";"NE_0001";"NE_0001";"NE_0001";"NE_0001";"NE_0001";"NE_0001";"NE_0001"
"2023";"03";"040102";"AREQUIPA";"AREQUIPA";"ALTO SELVA ALEGRE";"GOBIERNO REGIONAL";"I-2";"00001304";"PUESTO DE SALUD HEROES DEL CENEPA";"NE_0001";"";"NE_0001";"NE_0001";"NE_0001";"NE_0001";"NE_0001";"NE_0001";"NE_0001"
"2023";"03";"040102";"AREQUIPA";"AREQUIPA";"ALTO SELVA ALEGRE";"GOBIERNO REGIONAL";"I-3";"00001302";"CENTRO DE SALUD INDEPENDENCIA";"NE_0001";"";"NE_0001";"NE_0001";"NE_0001";"NE_0001";"NE_0001";"NE_0001";"NE_0001"
"2023";"03";"040102";"AREQUIPA";"AREQUIPA";"ALTO SELVA ALEGRE";"GOBIERNO REGIONAL";"I-2";"00001303";"PUESTO DE SALUD SAN JUAN BAUTISTA";"NE_0001";"";"NE_0001";"NE_0001";"NE_0001";"NE_0001";"NE_0001";"NE_0001";"NE_0001"
"2023";"03";"040102";"AREQUIPA";"AREQUIPA";"ALTO SELVA ALEGRE";"GOBIERNO REGIONAL";"I-3";"00001300";"CENTRO DE SALUD APURIMAC";"NE_0001";"";"NE_0001";"NE_0001";"NE_0001";"NE_0001";"NE_0001";"NE_0001";"NE_0001"
"2023";"03";"040102";"AREQUIPA";"AREQUIPA";"ALTO SELVA ALEGRE";"GOBIERNO REGIONAL";"I-3";"00001291";"CENTRO DE SALUD ALTO SELVA ALEGRE";"NE_0001";"";"NE_0001";"NE_0001";"NE_0001";"NE_0001";"NE_0001";"NE_0001";"NE_0001"
"2023";"03";"040102";"AREQUIPA";"AREQUIPA";"ALTO SELVA ALEGRE";"GOBIERNO REGIONAL";"I-2";"00001301";"PUESTO DE SALUD LEONES DEL MISTI";"NE_0001";"";"NE_0001";"NE_0001";"NE_0001";"NE_0001";"NE_0001";"NE_0001";"NE_0001"
"2023";"03";"130101";"LA LIBERTAD";"TRUJILLO";"TRUJILLO";"PRIVADO";"II-E";"00021009";"CLINICA SAN LUIS ASISTENCIAL DOCENTE S.R.L.";"240100";"HOSPITALIZACIÓN QUIRÚRGICA CIRUGÍA GENERAL ";"205";"227";"240";"255";"24";"720";"0"
"2023";"03";"130101";"LA LIBERTAD";"TRUJILLO";"TRUJILLO";"PRIVADO";"II-E";"00021009";"CLINICA SAN LUIS ASISTENCIAL DOCENTE S.R.L.";"241400";"HOSPITALIZACIÓN QUIRÚRGICA GINECO - OBSTETRICIA ";"56";"56";"70";"79";"24";"720";"0"
"2023";"03";"150113";"LIMA";"LIMA";"JESUS MARIA";"ESSALUD";"III-2";"00008720";"HOSPITAL NACIONAL EDGARDO REBAGLIATI MARTINS";"241200";"HOSPITALIZACIÓN QUIRÚRGICA TRAUMATOLOGÍA Y ORTOPEDIA ";"282";"298";"3539";"3525";"118";"3658";"1"
"2023";"03";"150113";"LIMA";"LIMA";"JESUS MARIA";"ESSALUD";"III-2";"00008720";"HOSPITAL NACIONAL EDGARDO REBAGLIATI MARTINS";"241300";"HOSPITALIZACIÓN QUIRÚRGICA UROLOGÍA  ";"185";"198";"1572";"1453";"48";"1488";"0"
"2023";"03";"150113";"LIMA";"LIMA";"JESUS MARIA";"ESSALUD";"III-2";"00008720";"HOSPITAL NACIONAL EDGARDO REBAGLIATI MARTINS";"241500";"HOSPITALIZACIÓN QUIRÚRGICA GINECOLOGÍA  ";"123";"125";"731";"719";"24";"744";"0"
"2023";"03";"150113";"LIMA";"LIMA";"JESUS MARIA";"ESSALUD";"III-2";"00008720";"HOSPITAL NACIONAL EDGARDO REBAGLIATI MARTINS";"241600";"HOSPITALIZACIÓN QUIRÚRGICA OBSTETRICIA   ";"363";"462";"2620";"2755";"109";"3379";"0"
"2023";"03";"150113";"LIMA";"LIMA";"JESUS MARIA";"ESSALUD";"III-2";"00008720";"HOSPITAL NACIONAL EDGARDO REBAGLIATI MARTINS";"241700";"HOSPITALIZACIÓN QUIRÚRGICA GINECOLOGÍA   GINECOLOGIA ONCOLOGiCA";"114";"119";"874";"744";"24";"744";"0"
"2023";"03";"150113";"LIMA";"LIMA";"JESUS MARIA";"ESSALUD";"III-2";"00008720";"HOSPITAL NACIONAL EDGARDO REBAGLIATI MARTINS";"241900";"HOSPITALIZACIÓN DE MEDICINA MEDICINA INTERNA ";"541";"503";"8472";"7953";"268";"8308";"89"
"2023";"03";"150113";"LIMA";"LIMA";"JESUS MARIA";"ESSALUD";"III-2";"00008720";"HOSPITAL NACIONAL EDGARDO REBAGLIATI MARTINS";"242100";"HOSPITALIZACIÓN DE MEDICINA ONCOLOGÍA MÉDICA ";"136";"134";"1174";"1022";"33";"1023";"1"
"2023";"03";"150113";"LIMA";"LIMA";"JESUS MARIA";"ESSALUD";"III-2";"00008720";"HOSPITAL NACIONAL EDGARDO REBAGLIATI MARTINS";"242200";"HOSPITALIZACIÓN DE MEDICINA PSIQUIATRÍA ";"94";"93";"1584";"1628";"56";"1736";"0"
"2023";"03";"150113";"LIMA";"LIMA";"JESUS MARIA";"ESSALUD";"III-2";"00008720";"HOSPITAL NACIONAL EDGARDO REBAGLIATI MARTINS";"242300";"HOSPITALIZACIÓN DE PEDIATRÍA  PEDIATRÍA  GENERAL ";"75";"80";"1077";"723";"24";"744";"1"
"2023";"03";"150113";"LIMA";"LIMA";"JESUS MARIA";"ESSALUD";"III-2";"00008720";"HOSPITAL NACIONAL EDGARDO REBAGLIATI MARTINS";"242500";"HOSPITALIZACIÓN-PEDIATRÍA GENERAL-";"71";"60";"744";"1185";"41";"1271";"1"
"2023";"03";"150113";"LIMA";"LIMA";"JESUS MARIA";"ESSALUD";"III-2";"00008720";"HOSPITAL NACIONAL EDGARDO REBAGLIATI MARTINS";"243200";"HOSPITALIZACIÓN DE PEDIATRÍA PEDIATRIA NEONATOLOGÍA";"37";"10";"135";"744";"24";"744";"8"
"2023";"03";"150113";"LIMA";"LIMA";"JESUS MARIA";"ESSALUD";"III-2";"00008720";"HOSPITAL NACIONAL EDGARDO REBAGLIATI MARTINS";"243600";"HOSPITALIZACIÓN DE PEDIATRÍA PEDIATRIA ONCOLOGÍA PEDIÁTRICA";"71";"69";"494";"476";"16";"496";"0"
"2023";"03";"150113";"LIMA";"LIMA";"JESUS MARIA";"ESSALUD";"III-2";"00008720";"HOSPITAL NACIONAL EDGARDO REBAGLIATI MARTINS";"250100";"UNIDAD DE CUIDADOS CRITICOS UNIDAD  DE CUIDADOS INTENSIVOS GENERALES (UCI) ";"84";"35";"963";"1848";"61";"1891";"35"
"2023";"03";"150113";"LIMA";"LIMA";"JESUS MARIA";"ESSALUD";"III-2";"00008720";"HOSPITAL NACIONAL EDGARDO REBAGLIATI MARTINS";"250101";"UNIDAD DE CUIDADOS CRITICOS UNIDAD  DE CUIDADOS INTENSIVOS GENERALES (UCI) CARDIOLOGIA";"63";"36";"237";"465";"15";"465";"3"
"2023";"03";"150113";"LIMA";"LIMA";"JESUS MARIA";"ESSALUD";"III-2";"00008720";"HOSPITAL NACIONAL EDGARDO REBAGLIATI MARTINS";"250105";"UNIDAD DE CUIDADOS CRITICOS UNIDAD  DE CUIDADOS INTENSIVOS  (UCI) NEONATOLOGÍA";"12";"40";"1012";"961";"31";"961";"3"
"2023";"03";"150113";"LIMA";"LIMA";"JESUS MARIA";"ESSALUD";"III-2";"00008720";"HOSPITAL NACIONAL EDGARDO REBAGLIATI MARTINS";"250108";"UNIDAD DE CUIDADOS CRITICOS UNIDAD  DE CUIDADOS INTENSIVOS  (UCI) PEDIÁTRICA";"21";"4";"104";"316";"13";"403";"4"
"2023";"03";"150113";"LIMA";"LIMA";"JESUS MARIA";"ESSALUD";"III-2";"00008720";"HOSPITAL NACIONAL EDGARDO REBAGLIATI MARTINS";"250200";"UNIDAD DE CUIDADOS CRITICOS UNIDAD DE CUIDADOS INTERMEDIOS GENERAL  (UCIN) ";"1";"6";"344";"741";"24";"744";"6"
"2023";"03";"120114";"JUNIN";"HUANCAYO";"EL TAMBO";"GOBIERNO REGIONAL";"I-3";"00000714";"JUAN PARRA DEL RIEGO";"NE_0002";"";"NE_0002";"NE_0002";"NE_0002";"NE_0002";"NE_0002";"NE_0002";"NE_0002"
"2023";"03";"120128";"JUNIN";"HUANCAYO";"QUILCAS";"GOBIERNO REGIONAL";"I-1";"00000721";"COLPAR";"NE_0002";"";"NE_0002";"NE_0002";"NE_0002";"NE_0002";"NE_0002";"NE_0002";"NE_0002"
"2023";"03";"220303";"SAN MARTIN";"EL DORADO";"SAN MARTIN";"GOBIERNO REGIONAL";"I-4";"00006492";"SAN MARTIN DE ALAO";"241600";"HOSPITALIZACIÓN QUIRÚRGICA OBSTETRICIA   ";"9";"10";"10";"10";"3";"93";"0"
"2023";"03";"220303";"SAN MARTIN";"EL DORADO";"SAN MARTIN";"GOBIERNO REGIONAL";"I-4";"00006492";"SAN MARTIN DE ALAO";"241800";"HOSPITALIZACIÓN DE MEDICINA MEDICINA GENERAL ";"2";"2";"2";"2";"4";"124";"0"
"2023";"03";"220901";"SAN MARTIN";"SAN MARTIN";"TARAPOTO";"ESSALUD";"II-1";"00027733";"HOSPITAL II TARAPOTO";"241800";"HOSPITALIZACIÓN DE MEDICINA MEDICINA GENERAL ";"135";"130";"536";"478";"29";"899";"6"
"2023";"03";"220901";"SAN MARTIN";"SAN MARTIN";"TARAPOTO";"ESSALUD";"II-1";"00027733";"HOSPITAL II TARAPOTO";"250304";"HOSPIT. EN UNIDAD DE CUID.INTEN.-UNIDAD DE VIGILANCIA INTENSIVA (UVI)-MEDICINA";"9";"8";"102";"120";"8";"248";"4"
"2023";"03";"220901";"SAN MARTIN";"SAN MARTIN";"TARAPOTO";"ESSALUD";"II-1";"00027733";"HOSPITAL II TARAPOTO";"240100";"HOSPITALIZACIÓN QUIRÚRGICA CIRUGÍA GENERAL ";"159";"157";"587";"478";"19";"589";"0"
"2023";"03";"220901";"SAN MARTIN";"SAN MARTIN";"TARAPOTO";"ESSALUD";"II-1";"00027733";"HOSPITAL II TARAPOTO";"241400";"HOSPITALIZACIÓN QUIRÚRGICA GINECO - OBSTETRICIA ";"224";"224";"698";"479";"17";"527";"0"
"2023";"03";"220901";"SAN MARTIN";"SAN MARTIN";"TARAPOTO";"ESSALUD";"II-1";"00027733";"HOSPITAL II TARAPOTO";"242300";"HOSPITALIZACIÓN DE PEDIATRÍA  PEDIATRÍA  GENERAL ";"92";"92";"397";"328";"13";"403";"0"
"2023";"03";"140101";"LAMBAYEQUE";"CHICLAYO";"CHICLAYO";"PRIVADO";"II-E";"00011129";"MAX SALUD AVISAL S.A.";"244700";"HOSPITALIZACIÓN DE MEDICINA NEUROLOGIA  ";"1";"1";"5";"4";"1";"31";"0"
"2023";"03";"140101";"LAMBAYEQUE";"CHICLAYO";"CHICLAYO";"PRIVADO";"II-E";"00011129";"MAX SALUD AVISAL S.A.";"243500";"HOSPITALIZACIÓN DE PEDIATRÍA PEDIATRIA OFTALMOLOGÍA PEDIÁTRICA";"5";"6";"40";"36";"4";"120";"0"
"2023";"03";"140101";"LAMBAYEQUE";"CHICLAYO";"CHICLAYO";"PRIVADO";"II-E";"00011129";"MAX SALUD AVISAL S.A.";"242800";"HOSPITALIZACIÓN DE PEDIATRÍA PEDIATRIA ENDOCRINOLOGÍA PEDIÁTRICA";"3";"2";"5";"4";"3";"93";"0"
"2023";"03";"140101";"LAMBAYEQUE";"CHICLAYO";"CHICLAYO";"PRIVADO";"II-E";"00011129";"MAX SALUD AVISAL S.A.";"242400";"HOSPITALIZACIÓN DE PEDIATRÍA ADOLESCENTES ";"8";"8";"24";"21";"6";"180";"0"
"2023";"03";"140101";"LAMBAYEQUE";"CHICLAYO";"CHICLAYO";"PRIVADO";"II-E";"00011129";"MAX SALUD AVISAL S.A.";"241600";"HOSPITALIZACIÓN QUIRÚRGICA OBSTETRICIA   ";"1";"1";"2";"2";"1";"31";"0"
"2023";"03";"140101";"LAMBAYEQUE";"CHICLAYO";"CHICLAYO";"PRIVADO";"II-E";"00011129";"MAX SALUD AVISAL S.A.";"241500";"HOSPITALIZACIÓN QUIRÚRGICA GINECOLOGÍA  ";"18";"16";"29";"16";"8";"240";"0"
"2023";"03";"140101";"LAMBAYEQUE";"CHICLAYO";"CHICLAYO";"PRIVADO";"II-E";"00011129";"MAX SALUD AVISAL S.A.";"241400";"HOSPITALIZACIÓN QUIRÚRGICA GINECO - OBSTETRICIA ";"6";"5";"13";"9";"1";"30";"0"
"2023";"03";"140101";"LAMBAYEQUE";"CHICLAYO";"CHICLAYO";"PRIVADO";"II-E";"00011129";"MAX SALUD AVISAL S.A.";"241300";"HOSPITALIZACIÓN QUIRÚRGICA UROLOGÍA  ";"4";"5";"8";"5";"4";"124";"0"
"2023";"03";"140101";"LAMBAYEQUE";"CHICLAYO";"CHICLAYO";"PRIVADO";"II-E";"00011129";"MAX SALUD AVISAL S.A.";"240100";"HOSPITALIZACIÓN QUIRÚRGICA CIRUGÍA GENERAL ";"23";"23";"52";"37";"12";"360";"0"
"2023";"03";"120301";"JUNIN";"CHANCHAMAYO";"CHANCHAMAYO";"GOBIERNO REGIONAL";"II-2";"00000308";"HOSPITAL REGIONAL DOCENTE DE MEDICINA TROPICAL DR. JULIO CESAR DEMARINI CARO";"241800";"HOSPITALIZACIÓN DE MEDICINA MEDICINA GENERAL ";"83";"69";"406";"442";"22";"682";"1"
"2023";"03";"120301";"JUNIN";"CHANCHAMAYO";"CHANCHAMAYO";"GOBIERNO REGIONAL";"II-2";"00000308";"HOSPITAL REGIONAL DOCENTE DE MEDICINA TROPICAL DR. JULIO CESAR DEMARINI CARO";"242500";"HOSPITALIZACIÓN-PEDIATRÍA GENERAL-";"36";"37";"212";"216";"16";"496";"3"
"2023";"03";"120301";"JUNIN";"CHANCHAMAYO";"CHANCHAMAYO";"GOBIERNO REGIONAL";"II-2";"00000308";"HOSPITAL REGIONAL DOCENTE DE MEDICINA TROPICAL DR. JULIO CESAR DEMARINI CARO";"240100";"HOSPITALIZACIÓN QUIRÚRGICA CIRUGÍA GENERAL ";"102";"95";"327";"385";"25";"775";"0"
"2023";"03";"120301";"JUNIN";"CHANCHAMAYO";"CHANCHAMAYO";"GOBIERNO REGIONAL";"II-2";"00000308";"HOSPITAL REGIONAL DOCENTE DE MEDICINA TROPICAL DR. JULIO CESAR DEMARINI CARO";"241200";"HOSPITALIZACIÓN QUIRÚRGICA TRAUMATOLOGÍA Y ORTOPEDIA ";"33";"33";"132";"138";"8";"248";"1"
"2023";"03";"120301";"JUNIN";"CHANCHAMAYO";"CHANCHAMAYO";"GOBIERNO REGIONAL";"II-2";"00000308";"HOSPITAL REGIONAL DOCENTE DE MEDICINA TROPICAL DR. JULIO CESAR DEMARINI CARO";"241500";"HOSPITALIZACIÓN QUIRÚRGICA GINECOLOGÍA  ";"13";"7";"18";"33";"2";"62";"0"
"2023";"03";"120301";"JUNIN";"CHANCHAMAYO";"CHANCHAMAYO";"GOBIERNO REGIONAL";"II-2";"00000308";"HOSPITAL REGIONAL DOCENTE DE MEDICINA TROPICAL DR. JULIO CESAR DEMARINI CARO";"241600";"HOSPITALIZACIÓN QUIRÚRGICA OBSTETRICIA   ";"108";"112";"222";"213";"13";"403";"0"
"2023";"03";"120301";"JUNIN";"CHANCHAMAYO";"CHANCHAMAYO";"GOBIERNO REGIONAL";"II-2";"00000308";"HOSPITAL REGIONAL DOCENTE DE MEDICINA TROPICAL DR. JULIO CESAR DEMARINI CARO";"241400";"HOSPITALIZACIÓN QUIRÚRGICA GINECO - OBSTETRICIA ";"27";"31";"71";"55";"8";"248";"0"
"2023";"03";"120301";"JUNIN";"CHANCHAMAYO";"CHANCHAMAYO";"GOBIERNO REGIONAL";"II-2";"00000308";"HOSPITAL REGIONAL DOCENTE DE MEDICINA TROPICAL DR. JULIO CESAR DEMARINI CARO";"242200";"HOSPITALIZACIÓN DE MEDICINA PSIQUIATRÍA ";"4";"5";"227";"211";"8";"248";"0"
"2023";"03";"120301";"JUNIN";"CHANCHAMAYO";"CHANCHAMAYO";"GOBIERNO REGIONAL";"II-2";"00000308";"HOSPITAL REGIONAL DOCENTE DE MEDICINA TROPICAL DR. JULIO CESAR DEMARINI CARO";"250103";"UNIDAD DE CUIDADOS CRITICOS UNIDAD  DE CUIDADOS INTENSIVOS GENERALES  (UCI) MEDICINA";"12";"3";"32";"85";"6";"186";"2"
"2023";"03";"150141";"LIMA";"LIMA";"SURQUILLO";"MINSA";"III-2";"00006210";"INSTITUTO NACIONAL DE ENFERMEDADES NEOPLASICAS";"243600";"HOSPITALIZACIÓN DE PEDIATRÍA PEDIATRIA ONCOLOGÍA PEDIÁTRICA";"14";"47";"1805";"1805";"43";"1798";"4"
"2023";"03";"150141";"LIMA";"LIMA";"SURQUILLO";"MINSA";"III-2";"00006210";"INSTITUTO NACIONAL DE ENFERMEDADES NEOPLASICAS";"242100";"HOSPITALIZACIÓN DE MEDICINA ONCOLOGÍA MÉDICA ";"198";"267";"3798";"3798";"154";"5084";"6"
"2023";"03";"150141";"LIMA";"LIMA";"SURQUILLO";"MINSA";"III-2";"00006210";"INSTITUTO NACIONAL DE ENFERMEDADES NEOPLASICAS";"241000";"HOSPITALIZACIÓN QUIRÚRGICA ONCOLOGÍA QUIRÚRGICA  ";"303";"345";"3078";"3078";"118";"3503";"2"
"2023";"03";"150141";"LIMA";"LIMA";"SURQUILLO";"MINSA";"III-2";"00006210";"INSTITUTO NACIONAL DE ENFERMEDADES NEOPLASICAS";"241700";"HOSPITALIZACIÓN QUIRÚRGICA GINECOLOGÍA   GINECOLOGIA ONCOLOGiCA";"56";"61";"395";"395";"13";"403";"2"
"2023";"03";"150141";"LIMA";"LIMA";"SURQUILLO";"MINSA";"III-2";"00006210";"INSTITUTO NACIONAL DE ENFERMEDADES NEOPLASICAS";"250000";"UNIDAD DE CUIDADOS CRITICOS  ";"0";"13";"345";"345";"12";"1209";"13"
"2023";"03";"150101";"LIMA";"LIMA";"LIMA";"OTRO";"III-2";"00027929";"INSTITUTO DE MEDICINA LEGAL DEL PERÚ";"NE_0001";"";"NE_0001";"NE_0001";"NE_0001";"NE_0001";"NE_0001";"NE_0001";"NE_0001"
"2023";"03";"150501";"LIMA";"CAÑETE";"SAN VICENTE DE CAÑETE";"PRIVADO";"II-1";"00026070";"CLINICA CORAZON DE JESUS";"240100";"HOSPITALIZACIÓN QUIRÚRGICA CIRUGÍA GENERAL ";"31";"32";"85";"76";"8";"248";"0"
"2023";"03";"150501";"LIMA";"CAÑETE";"SAN VICENTE DE CAÑETE";"PRIVADO";"II-1";"00026070";"CLINICA CORAZON DE JESUS";"241400";"HOSPITALIZACIÓN QUIRÚRGICA GINECO - OBSTETRICIA ";"12";"15";"31";"29";"3";"93";"0"
"2023";"03";"120603";"JUNIN";"SATIPO";"LLAYLLA";"GOBIERNO REGIONAL";"I-1";"00000433";"BELEN";"NE_0001";"";"NE_0001";"NE_0001";"NE_0001";"NE_0001";"NE_0001";"NE_0001";"NE_0001"
"2023";"03";"120604";"JUNIN";"SATIPO";"MAZAMARI";"GOBIERNO REGIONAL";"I-2";"00000436";"PUEBLO LIBRE DE PAURIALI";"NE_0001";"";"NE_0001";"NE_0001";"NE_0001";"NE_0001";"NE_0001";"NE_0001";"NE_0001"
"2023";"03";"120604";"JUNIN";"SATIPO";"MAZAMARI";"GOBIERNO REGIONAL";"I-1";"00016911";"BUENOS AIRES";"NE_0001";"";"NE_0001";"NE_0001";"NE_0001";"NE_0001";"NE_0001";"NE_0001";"NE_0001"
"2023";"03";"120603";"JUNIN";"SATIPO";"LLAYLLA";"GOBIERNO REGIONAL";"I-3";"00000490";"LLAYLLA";"NE_0001";"";"NE_0001";"NE_0001";"NE_0001";"NE_0001";"NE_0001";"NE_0001";"NE_0001"
"2023";"03";"120603";"JUNIN";"SATIPO";"LLAYLLA";"GOBIERNO REGIONAL";"I-2";"00000491";"HERMOSA PAMPA";"NE_0001";"";"NE_0001";"NE_0001";"NE_0001";"NE_0001";"NE_0001";"NE_0001";"NE_0001"
"2023";"03";"120606";"JUNIN";"SATIPO";"PANGOA";"GOBIERNO REGIONAL";"I-1";"00000439";"SAN CRISTOBAL";"NE_0001";"";"NE_0001";"NE_0001";"NE_0001";"NE_0001";"NE_0001";"NE_0001";"NE_0001"
"2023";"03";"120604";"JUNIN";"SATIPO";"MAZAMARI";"GOBIERNO REGIONAL";"I-1";"00016909";"TEORIA";"NE_0001";"";"NE_0001";"NE_0001";"NE_0001";"NE_0001";"NE_0001";"NE_0001";"NE_0001"
"2023";"03";"120604";"JUNIN";"SATIPO";"MAZAMARI";"GOBIERNO REGIONAL";"I-4";"00000434";"MAZAMARI";"241600";"HOSPITALIZACIÓN QUIRÚRGICA OBSTETRICIA   ";"51";"55";"95";"95";"6";"186";"0"
"2023";"03";"120604";"JUNIN";"SATIPO";"MAZAMARI";"GOBIERNO REGIONAL";"I-4";"00000434";"MAZAMARI";"241800";"HOSPITALIZACIÓN DE MEDICINA MEDICINA GENERAL ";"18";"19";"51";"51";"8";"248";"1"
"2023";"03";"120604";"JUNIN";"SATIPO";"MAZAMARI";"GOBIERNO REGIONAL";"I-4";"00000434";"MAZAMARI";"242500";"HOSPITALIZACIÓN-PEDIATRÍA GENERAL-";"4";"5";"31";"31";"6";"186";"0"
"2023";"03";"120604";"JUNIN";"SATIPO";"MAZAMARI";"GOBIERNO REGIONAL";"I-2";"00000437";"PANGA";"NE_0001";"";"NE_0001";"NE_0001";"NE_0001";"NE_0001";"NE_0001";"NE_0001";"NE_0001"
"2023";"03";"120606";"JUNIN";"SATIPO";"PANGOA";"GOBIERNO REGIONAL";"I-3";"00000438";"TZIRIARI";"NE_0001";"";"NE_0001";"NE_0001";"NE_0001";"NE_0001";"NE_0001";"NE_0001";"NE_0001"
"2023";"01";"200501";"PIURA";"PAITA";"PAITA";"ESSALUD";"I-4";"00011763";"HOSPITAL I MIGUEL CRUZADO VERA - PAITA";"241800";"HOSPITALIZACIÓN DE MEDICINA MEDICINA GENERAL ";"29";"37";"114";"83";"6";"180";"1"
"2023";"01";"200501";"PIURA";"PAITA";"PAITA";"ESSALUD";"I-4";"00011763";"HOSPITAL I MIGUEL CRUZADO VERA - PAITA";"240100";"HOSPITALIZACIÓN QUIRÚRGICA CIRUGÍA GENERAL ";"4";"8";"23";"9";"1";"30";"0"
"2023";"01";"200501";"PIURA";"PAITA";"PAITA";"ESSALUD";"I-4";"00011763";"HOSPITAL I MIGUEL CRUZADO VERA - PAITA";"241500";"HOSPITALIZACIÓN QUIRÚRGICA GINECOLOGÍA  ";"11";"3";"30";"43";"2";"60";"0"
"2023";"01";"200501";"PIURA";"PAITA";"PAITA";"ESSALUD";"I-4";"00011763";"HOSPITAL I MIGUEL CRUZADO VERA - PAITA";"241400";"HOSPITALIZACIÓN QUIRÚRGICA GINECO - OBSTETRICIA ";"11";"15";"20";"20";"1";"30";"0"
"2023";"01";"200501";"PIURA";"PAITA";"PAITA";"ESSALUD";"I-4";"00011763";"HOSPITAL I MIGUEL CRUZADO VERA - PAITA";"242300";"HOSPITALIZACIÓN DE PEDIATRÍA  PEDIATRÍA  GENERAL ";"14";"19";"31";"28";"2";"60";"0"
"2023";"01";"130903";"LA LIBERTAD";"SANCHEZ CARRION";"COCHORCO";"GOBIERNO REGIONAL";"I-2";"00013810";"ARAGOSTAY";"NE_0001";"";"NE_0001";"NE_0001";"NE_0001";"NE_0001";"NE_0001";"NE_0001";"NE_0001"
"2023";"01";"130903";"LA LIBERTAD";"SANCHEZ CARRION";"COCHORCO";"GOBIERNO REGIONAL";"I-2";"00005356";"ARICAPAMPA";"NE_0001";"";"NE_0001";"NE_0001";"NE_0001";"NE_0001";"NE_0001";"NE_0001";"NE_0001"
"2023";"01";"130903";"LA LIBERTAD";"SANCHEZ CARRION";"COCHORCO";"GOBIERNO REGIONAL";"I-1";"00013808";"MOLINO VIEJO";"NE_0001";"";"NE_0001";"NE_0001";"NE_0001";"NE_0001";"NE_0001";"NE_0001";"NE_0001"
"2023";"01";"130903";"LA LIBERTAD";"SANCHEZ CARRION";"COCHORCO";"GOBIERNO REGIONAL";"I-2";"00013802";"SUCCHAMARCA";"NE_0001";"";"NE_0001";"NE_0001";"NE_0001";"NE_0001";"NE_0001";"NE_0001";"NE_0001"
"2023";"01";"130903";"LA LIBERTAD";"SANCHEZ CARRION";"COCHORCO";"GOBIERNO REGIONAL";"I-2";"00013800";"SUCCHACENTRO";"NE_0001";"";"NE_0001";"NE_0001";"NE_0001";"NE_0001";"NE_0001";"NE_0001";"NE_0001"
"2023";"02";"061103";"CAJAMARCA";"SAN MIGUEL";"CALQUIS";"GOBIERNO REGIONAL";"I-1";"00004570";"TAULIS";"NE_0001";"";"NE_0001";"NE_0001";"NE_0001";"NE_0001";"NE_0001";"NE_0001";"NE_0001"
"2023";"02";"061101";"CAJAMARCA";"SAN MIGUEL";"SAN MIGUEL";"GOBIERNO REGIONAL";"I-1";"00004572";"SANTA ROSA";"NE_0001";"";"NE_0001";"NE_0001";"NE_0001";"NE_0001";"NE_0001";"NE_0001";"NE_0001"
"2023";"02";"061101";"CAJAMARCA";"SAN MIGUEL";"SAN MIGUEL";"GOBIERNO REGIONAL";"I-1";"00004574";"TAYAPAMPA";"NE_0001";"";"NE_0001";"NE_0001";"NE_0001";"NE_0001";"NE_0001";"NE_0001";"NE_0001"
"2023";"02";"061105";"CAJAMARCA";"SAN MIGUEL";"EL PRADO";"GOBIERNO REGIONAL";"I-1";"00008995";"LAS PENCAS";"NE_0001";"";"NE_0001";"NE_0001";"NE_0001";"NE_0001";"NE_0001";"NE_0001";"NE_0001"
"2023";"02";"221005";"SAN MARTIN";"TOCACHE";"UCHIZA";"ESSALUD";"I-2";"00010704";"POSTA MEDICA UCHIZA";"NE_0001";"";"NE_0001";"NE_0001";"NE_0001";"NE_0001";"NE_0001";"NE_0001";"NE_0001"
"2023";"01";"200601";"PIURA";"SULLANA";"SULLANA";"PRIVADO";"II-1";"00010777";"CLINICA VIRGEN DEL PILAR SCRL";"240100";"HOSPITALIZACIÓN QUIRÚRGICA CIRUGÍA GENERAL ";"21";"21";"260";"255";"24";"480";"0"
"2023";"01";"200601";"PIURA";"SULLANA";"SULLANA";"PRIVADO";"II-1";"00010777";"CLINICA VIRGEN DEL PILAR SCRL";"241900";"HOSPITALIZACIÓN DE MEDICINA MEDICINA INTERNA ";"10";"10";"100";"98";"24";"280";"0"
"2023";"01";"200601";"PIURA";"SULLANA";"SULLANA";"PRIVADO";"II-1";"00010777";"CLINICA VIRGEN DEL PILAR SCRL";"241500";"HOSPITALIZACIÓN QUIRÚRGICA GINECOLOGÍA  ";"15";"15";"235";"225";"24";"280";"0"
"2023";"03";"130105";"LA LIBERTAD";"TRUJILLO";"LA ESPERANZA";"ESSALUD";"II-1";"00009040";"HOSPITAL I - LA ESPERANZA";"241800";"HOSPITALIZACIÓN DE MEDICINA MEDICINA GENERAL ";"55";"60";"228";"201";"10";"310";"0"
"2023";"03";"010701";"AMAZONAS";"UTCUBAMBA";"BAGUA GRANDE";"SANIDAD DE LA POLICIA NACIONAL DEL PERU";"I-3";"00018106";"POLICLINICO POLICIAL BAGUA GRANDE";"NE_0001";"";"NE_0001";"NE_0001";"NE_0001";"NE_0001";"NE_0001";"NE_0001";"NE_0001"
"2023";"03";"020101";"ANCASH";"HUARAZ";"HUARAZ";"GOBIERNO REGIONAL";"II-2";"00001543";"HOSPITAL ""VICTOR RAMOS GUARDIA"" - HUARAZ";"244000";"HOSPITALIZACIÓN DE MEDICINA CARDIOLOGIA ";"3";"6";"38";"20";"1";"31";"0"
"2023";"03";"020101";"ANCASH";"HUARAZ";"HUARAZ";"GOBIERNO REGIONAL";"II-2";"00001543";"HOSPITAL ""VICTOR RAMOS GUARDIA"" - HUARAZ";"244300";"HOSPITALIZACIÓN DE MEDICINA GASTROENTEROLOGÍA  ";"20";"23";"126";"111";"4";"124";"2"
"2023";"03";"020101";"ANCASH";"HUARAZ";"HUARAZ";"GOBIERNO REGIONAL";"II-2";"00001543";"HOSPITAL ""VICTOR RAMOS GUARDIA"" - HUARAZ";"241800";"HOSPITALIZACIÓN DE MEDICINA MEDICINA GENERAL ";"38";"55";"375";"283";"16";"496";"3"
"2023";"03";"020101";"ANCASH";"HUARAZ";"HUARAZ";"GOBIERNO REGIONAL";"II-2";"00001543";"HOSPITAL ""VICTOR RAMOS GUARDIA"" - HUARAZ";"245300";"HOSPITALIZACIÓN DE MEDICINA NEUMOLOGÍA  ";"26";"29";"202";"202";"8";"248";"4"
"2023";"03";"020101";"ANCASH";"HUARAZ";"HUARAZ";"GOBIERNO REGIONAL";"II-2";"00001543";"HOSPITAL ""VICTOR RAMOS GUARDIA"" - HUARAZ";"244700";"HOSPITALIZACIÓN DE MEDICINA NEUROLOGIA  ";"10";"10";"51";"53";"2";"62";"3"
"2023";"03";"020101";"ANCASH";"HUARAZ";"HUARAZ";"GOBIERNO REGIONAL";"II-2";"00001543";"HOSPITAL ""VICTOR RAMOS GUARDIA"" - HUARAZ";"242200";"HOSPITALIZACIÓN DE MEDICINA PSIQUIATRÍA ";"0";"3";"206";"154";"5";"155";"0"
"2023";"03";"020101";"ANCASH";"HUARAZ";"HUARAZ";"GOBIERNO REGIONAL";"II-2";"00001543";"HOSPITAL ""VICTOR RAMOS GUARDIA"" - HUARAZ";"240100";"HOSPITALIZACIÓN QUIRÚRGICA CIRUGÍA GENERAL ";"120";"135";"574";"564";"20";"620";"0"
"2023";"03";"020101";"ANCASH";"HUARAZ";"HUARAZ";"GOBIERNO REGIONAL";"II-2";"00001543";"HOSPITAL ""VICTOR RAMOS GUARDIA"" - HUARAZ";"241200";"HOSPITALIZACIÓN QUIRÚRGICA TRAUMATOLOGÍA Y ORTOPEDIA ";"43";"69";"709";"562";"20";"620";"0"
"2023";"03";"020101";"ANCASH";"HUARAZ";"HUARAZ";"GOBIERNO REGIONAL";"II-2";"00001543";"HOSPITAL ""VICTOR RAMOS GUARDIA"" - HUARAZ";"241300";"HOSPITALIZACIÓN QUIRÚRGICA UROLOGÍA  ";"10";"12";"51";"52";"3";"93";"0"
"2023";"03";"020101";"ANCASH";"HUARAZ";"HUARAZ";"GOBIERNO REGIONAL";"II-2";"00001543";"HOSPITAL ""VICTOR RAMOS GUARDIA"" - HUARAZ";"241100";"HOSPITALIZACIÓN QUIRÚRGICA OTORRINOLARINGOLOGÍA  ";"1";"1";"1";"1";"1";"31";"0"
"2023";"03";"020101";"ANCASH";"HUARAZ";"HUARAZ";"GOBIERNO REGIONAL";"II-2";"00001543";"HOSPITAL ""VICTOR RAMOS GUARDIA"" - HUARAZ";"241500";"HOSPITALIZACIÓN QUIRÚRGICA GINECOLOGÍA  ";"17";"23";"85";"82";"4";"124";"0"
"2023";"03";"020101";"ANCASH";"HUARAZ";"HUARAZ";"GOBIERNO REGIONAL";"II-2";"00001543";"HOSPITAL ""VICTOR RAMOS GUARDIA"" - HUARAZ";"241600";"HOSPITALIZACIÓN QUIRÚRGICA OBSTETRICIA   ";"276";"295";"662";"668";"22";"682";"0"
"2023";"03";"020101";"ANCASH";"HUARAZ";"HUARAZ";"GOBIERNO REGIONAL";"II-2";"00001543";"HOSPITAL ""VICTOR RAMOS GUARDIA"" - HUARAZ";"242500";"HOSPITALIZACIÓN-PEDIATRÍA GENERAL-";"50";"64";"516";"243";"12";"372";"0"
"2023";"03";"020101";"ANCASH";"HUARAZ";"HUARAZ";"GOBIERNO REGIONAL";"II-2";"00001543";"HOSPITAL ""VICTOR RAMOS GUARDIA"" - HUARAZ";"243200";"HOSPITALIZACIÓN DE PEDIATRÍA PEDIATRIA NEONATOLOGÍA";"30";"40";"302";"361";"16";"496";"1"
"2023";"03";"020101";"ANCASH";"HUARAZ";"HUARAZ";"GOBIERNO REGIONAL";"II-2";"00001543";"HOSPITAL ""VICTOR RAMOS GUARDIA"" - HUARAZ";"250000";"UNIDAD DE CUIDADOS CRITICOS  ";"4";"6";"461";"207";"7";"217";"5"
"2023";"03";"060802";"CAJAMARCA";"JAEN";"BELLAVISTA";"GOBIERNO REGIONAL";"I-3";"00004225";"AMBATO TAMBORAPA";"NE_0001";"";"NE_0001";"NE_0001";"NE_0001";"NE_0001";"NE_0001";"NE_0001";"NE_0001"
"2023";"03";"081209";"CUSCO";"QUISPICANCHI";"MARCAPATA";"GOBIERNO REGIONAL";"I-2";"00002535";"MARCAPATA";"NE_0002";"";"NE_0002";"NE_0002";"NE_0002";"NE_0002";"NE_0002";"NE_0002";"NE_0002"
"2023";"03";"081203";"CUSCO";"QUISPICANCHI";"CAMANTI";"GOBIERNO REGIONAL";"I-3";"00002526";"QUINCE MIL";"NE_0002";"";"NE_0002";"NE_0002";"NE_0002";"NE_0002";"NE_0002";"NE_0002";"NE_0002"
"2023";"03";"081205";"CUSCO";"QUISPICANCHI";"CCATCA";"GOBIERNO REGIONAL";"I-4";"00002528";"CCATCCA";"NE_0002";"";"NE_0002";"NE_0002";"NE_0002";"NE_0002";"NE_0002";"NE_0002";"NE_0002"
"2023";"03";"081210";"CUSCO";"QUISPICANCHI";"OCONGATE";"GOBIERNO REGIONAL";"I-4";"00002536";"OCONGATE";"NE_0002";"";"NE_0002";"NE_0002";"NE_0002";"NE_0002";"NE_0002";"NE_0002";"NE_0002"
"2023";"03";"040112";"AREQUIPA";"AREQUIPA";"PAUCARPATA";"ESSALUD";"II-1";"00013296";"HOSPITAL I EDMUNDO ESCOMEL";"241800";"HOSPITALIZACIÓN DE MEDICINA MEDICINA GENERAL ";"46";"47";"260";"238";"8";"248";"0"
"2023";"03";"040112";"AREQUIPA";"AREQUIPA";"PAUCARPATA";"ESSALUD";"II-1";"00013296";"HOSPITAL I EDMUNDO ESCOMEL";"240100";"HOSPITALIZACIÓN QUIRÚRGICA CIRUGÍA GENERAL ";"173";"176";"415";"416";"14";"434";"0"
"2023";"03";"040112";"AREQUIPA";"AREQUIPA";"PAUCARPATA";"ESSALUD";"II-1";"00013296";"HOSPITAL I EDMUNDO ESCOMEL";"241200";"HOSPITALIZACIÓN QUIRÚRGICA TRAUMATOLOGÍA Y ORTOPEDIA ";"35";"31";"149";"169";"6";"186";"0"
"2023";"03";"040112";"AREQUIPA";"AREQUIPA";"PAUCARPATA";"ESSALUD";"II-1";"00013296";"HOSPITAL I EDMUNDO ESCOMEL";"241500";"HOSPITALIZACIÓN QUIRÚRGICA GINECOLOGÍA  ";"36";"32";"116";"118";"4";"124";"0"
"2023";"03";"040112";"AREQUIPA";"AREQUIPA";"PAUCARPATA";"ESSALUD";"II-1";"00013296";"HOSPITAL I EDMUNDO ESCOMEL";"241600";"HOSPITALIZACIÓN QUIRÚRGICA OBSTETRICIA   ";"195";"194";"408";"412";"14";"434";"0"
"2023";"03";"040112";"AREQUIPA";"AREQUIPA";"PAUCARPATA";"ESSALUD";"II-1";"00013296";"HOSPITAL I EDMUNDO ESCOMEL";"242300";"HOSPITALIZACIÓN DE PEDIATRÍA  PEDIATRÍA  GENERAL ";"132";"131";"345";"347";"12";"372";"0"
"2023";"03";"021301";"ANCASH";"MARISCAL LUZURIAGA";"PISCOBAMBA";"GOBIERNO REGIONAL";"I-1";"00001784";"PUESTO DE SALUD SOCOSBAMBA";"NE_0001";"";"NE_0001";"NE_0001";"NE_0001";"NE_0001";"NE_0001";"NE_0001";"NE_0001"
"2023";"03";"150133";"LIMA";"LIMA";"SAN JUAN DE MIRAFLORES";"PRIVADO";"II-E";"00017676";"OFTALMOSALUD";"NE_0001";"";"NE_0001";"NE_0001";"NE_0001";"NE_0001";"NE_0001";"NE_0001";"NE_0001"
"2023";"03";"220601";"SAN MARTIN";"MARISCAL CACERES";"JUANJUI";"GOBIERNO REGIONAL";"I-1";"00006551";"CAYENA";"NE_0001";"";"NE_0001";"NE_0001";"NE_0001";"NE_0001";"NE_0001";"NE_0001";"NE_0001"
"2023";"03";"220604";"SAN MARTIN";"MARISCAL CACERES";"PACHIZA";"GOBIERNO REGIONAL";"I-1";"00006557";"BAGAZAN";"NE_0001";"";"NE_0001";"NE_0001";"NE_0001";"NE_0001";"NE_0001";"NE_0001";"NE_0001"
"2023";"03";"220604";"SAN MARTIN";"MARISCAL CACERES";"PACHIZA";"GOBIERNO REGIONAL";"I-1";"00006558";"SAN JUAN DEL CAÑO";"NE_0001";"";"NE_0001";"NE_0001";"NE_0001";"NE_0001";"NE_0001";"NE_0001";"NE_0001"
"2023";"03";"220601";"SAN MARTIN";"MARISCAL CACERES";"JUANJUI";"GOBIERNO REGIONAL";"I-1";"00006549";"LA VICTORIA";"NE_0001";"";"NE_0001";"NE_0001";"NE_0001";"NE_0001";"NE_0001";"NE_0001";"NE_0001"
"2023";"03";"220601";"SAN MARTIN";"MARISCAL CACERES";"JUANJUI";"GOBIERNO REGIONAL";"I-1";"00006552";"HUINGUILLO";"NE_0001";"";"NE_0001";"NE_0001";"NE_0001";"NE_0001";"NE_0001";"NE_0001";"NE_0001"
"2023";"03";"220601";"SAN MARTIN";"MARISCAL CACERES";"JUANJUI";"GOBIERNO REGIONAL";"I-1";"00006554";"VILLA PRADO";"NE_0001";"";"NE_0001";"NE_0001";"NE_0001";"NE_0001";"NE_0001";"NE_0001";"NE_0001"
"2023";"03";"220605";"SAN MARTIN";"MARISCAL CACERES";"PAJARILLO";"GOBIERNO REGIONAL";"I-1";"00006561";"PAJARILLO";"NE_0001";"";"NE_0001";"NE_0001";"NE_0001";"NE_0001";"NE_0001";"NE_0001";"NE_0001"
"2023";"03";"150131";"LIMA";"LIMA";"SAN ISIDRO";"PRIVADO";"II-E";"00009505";"OFTALMOSALUD";"NE_0001";"";"NE_0001";"NE_0001";"NE_0001";"NE_0001";"NE_0001";"NE_0001";"NE_0001"
"2023";"03";"130906";"LA LIBERTAD";"SANCHEZ CARRION";"SANAGORAN";"GOBIERNO REGIONAL";"I-2";"00007240";"HUALASGOSDAY";"NE_0001";"";"NE_0001";"NE_0001";"NE_0001";"NE_0001";"NE_0001";"NE_0001";"NE_0001"
"2023";"03";"130906";"LA LIBERTAD";"SANCHEZ CARRION";"SANAGORAN";"GOBIERNO REGIONAL";"I-2";"00007241";"CORRAL GRANDE";"NE_0001";"";"NE_0001";"NE_0001";"NE_0001";"NE_0001";"NE_0001";"NE_0001";"NE_0001"
"2023";"03";"120409";"JUNIN";"JAUJA";"HUARIPAMPA";"GOBIERNO REGIONAL";"I-1";"00000400";"HUARIPAMPA";"NE_0001";"";"NE_0001";"NE_0001";"NE_0001";"NE_0001";"NE_0001";"NE_0001";"NE_0001"
"2023";"03";"120420";"JUNIN";"JAUJA";"MUQUI";"GOBIERNO REGIONAL";"I-1";"00000402";"MUQUI";"NE_0001";"";"NE_0001";"NE_0001";"NE_0001";"NE_0001";"NE_0001";"NE_0001";"NE_0001"
"2023";"03";"120431";"JUNIN";"JAUJA";"SINCOS";"GOBIERNO REGIONAL";"I-1";"00000407";"SALLAHUACHAC";"NE_0001";"";"NE_0001";"NE_0001";"NE_0001";"NE_0001";"NE_0001";"NE_0001";"NE_0001"
"2023";"03";"120431";"JUNIN";"JAUJA";"SINCOS";"GOBIERNO REGIONAL";"I-3";"00000404";"SINCOS";"NE_0001";"";"NE_0001";"NE_0001";"NE_0001";"NE_0001";"NE_0001";"NE_0001";"NE_0001"
"2023";"03";"120431";"JUNIN";"JAUJA";"SINCOS";"GOBIERNO REGIONAL";"I-1";"00000405";"LLACUARIPAMPA";"NE_0001";"";"NE_0001";"NE_0001";"NE_0001";"NE_0001";"NE_0001";"NE_0001";"NE_0001"
"2023";"03";"120413";"JUNIN";"JAUJA";"LEONOR ORDOÑEZ";"GOBIERNO REGIONAL";"I-1";"00000401";"HUANCANI";"NE_0001";"";"NE_0001";"NE_0001";"NE_0001";"NE_0001";"NE_0001";"NE_0001";"NE_0001"
"2023";"03";"120431";"JUNIN";"JAUJA";"SINCOS";"GOBIERNO REGIONAL";"I-2";"00000406";"ARAMACHAY";"NE_0001";"";"NE_0001";"NE_0001";"NE_0001";"NE_0001";"NE_0001";"NE_0001";"NE_0001"
"2023";"03";"120431";"JUNIN";"JAUJA";"SINCOS";"GOBIERNO REGIONAL";"I-1";"00000408";"CHALHUAS";"NE_0001";"";"NE_0001";"NE_0001";"NE_0001";"NE_0001";"NE_0001";"NE_0001";"NE_0001"
"2023";"03";"120421";"JUNIN";"JAUJA";"MUQUIYAUYO";"GOBIERNO REGIONAL";"I-2";"00000403";"MUQUIYAUYO";"NE_0001";"";"NE_0001";"NE_0001";"NE_0001";"NE_0001";"NE_0001";"NE_0001";"NE_0001"
"2023";"03";"220104";"SAN MARTIN";"MOYOBAMBA";"JEPELACIO";"GOBIERNO REGIONAL";"I-3";"00006341";"JERILLO";"241600";"HOSPITALIZACIÓN QUIRÚRGICA OBSTETRICIA   ";"10";"10";"12";"1";"1";"30";"0"
"2023";"03";"220104";"SAN MARTIN";"MOYOBAMBA";"JEPELACIO";"GOBIERNO REGIONAL";"I-1";"00006346";"RAMIREZ";"NE_0001";"";"NE_0001";"NE_0001";"NE_0001";"NE_0001";"NE_0001";"NE_0001";"NE_0001"
"2023";"03";"220104";"SAN MARTIN";"MOYOBAMBA";"JEPELACIO";"GOBIERNO REGIONAL";"I-3";"00006349";"LA HUARPIA";"NE_0001";"";"NE_0001";"NE_0001";"NE_0001";"NE_0001";"NE_0001";"NE_0001";"NE_0001"
"2023";"03";"150131";"LIMA";"LIMA";"SAN ISIDRO";"PRIVADO";"II-E";"00017099";"OFTALMOLOGOS CONTRERAS  C.SCRL";"NE_0001";"";"NE_0001";"NE_0001";"NE_0001";"NE_0001";"NE_0001";"NE_0001";"NE_0001"
"2023";"03";"080105";"CUSCO";"CUSCO";"SAN SEBASTIAN";"GOBIERNO REGIONAL";"I-2";"00026181";"MENTAL SAN SEBASTIAN";"NE_0001";"";"NE_0001";"NE_0001";"NE_0001";"NE_0001";"NE_0001";"NE_0001";"NE_0001"
"2023";"03";"140101";"LAMBAYEQUE";"CHICLAYO";"CHICLAYO";"GOBIERNO REGIONAL";"II-2";"00004317";"HOSPITAL REGIONAL DOCENTE LAS MERCEDES";"243200";"HOSPITALIZACIÓN DE PEDIATRÍA PEDIATRIA NEONATOLOGÍA";"73";"103";"356";"8";"20";"620";"0"
"2023";"03";"140101";"LAMBAYEQUE";"CHICLAYO";"CHICLAYO";"GOBIERNO REGIONAL";"II-2";"00004317";"HOSPITAL REGIONAL DOCENTE LAS MERCEDES";"240100";"HOSPITALIZACIÓN QUIRÚRGICA CIRUGÍA GENERAL ";"69";"91";"317";"7";"30";"930";"0"
"2023";"03";"140101";"LAMBAYEQUE";"CHICLAYO";"CHICLAYO";"GOBIERNO REGIONAL";"II-2";"00004317";"HOSPITAL REGIONAL DOCENTE LAS MERCEDES";"241600";"HOSPITALIZACIÓN QUIRÚRGICA OBSTETRICIA   ";"128";"155";"369";"11";"43";"1333";"0"
"2023";"03";"140101";"LAMBAYEQUE";"CHICLAYO";"CHICLAYO";"GOBIERNO REGIONAL";"II-2";"00004317";"HOSPITAL REGIONAL DOCENTE LAS MERCEDES";"241800";"HOSPITALIZACIÓN DE MEDICINA MEDICINA GENERAL ";"83";"119";"683";"16";"57";"1767";"19"
"2023";"03";"140101";"LAMBAYEQUE";"CHICLAYO";"CHICLAYO";"GOBIERNO REGIONAL";"II-2";"00004317";"HOSPITAL REGIONAL DOCENTE LAS MERCEDES";"242300";"HOSPITALIZACIÓN DE PEDIATRÍA  PEDIATRÍA  GENERAL ";"40";"54";"327";"7";"29";"899";"1"
"2023";"03";"140101";"LAMBAYEQUE";"CHICLAYO";"CHICLAYO";"GOBIERNO REGIONAL";"II-2";"00004317";"HOSPITAL REGIONAL DOCENTE LAS MERCEDES";"241200";"HOSPITALIZACIÓN QUIRÚRGICA TRAUMATOLOGÍA Y ORTOPEDIA ";"9";"19";"145";"4";"14";"434";"0"
"2023";"03";"140101";"LAMBAYEQUE";"CHICLAYO";"CHICLAYO";"GOBIERNO REGIONAL";"II-2";"00004317";"HOSPITAL REGIONAL DOCENTE LAS MERCEDES";"240801";"HOSPITALIZACIÓN QUIRÚRGICA CIRUGÍA PLÁSTICA/RECONSTRUCTIVA/ REPARADORA QUEMADOS";"3";"5";"77";"1";"13";"403";"0"
"2023";"03";"140101";"LAMBAYEQUE";"CHICLAYO";"CHICLAYO";"GOBIERNO REGIONAL";"II-2";"00004317";"HOSPITAL REGIONAL DOCENTE LAS MERCEDES";"241500";"HOSPITALIZACIÓN QUIRÚRGICA GINECOLOGÍA  ";"8";"8";"15";"1";"14";"434";"0"
"2023";"03";"140101";"LAMBAYEQUE";"CHICLAYO";"CHICLAYO";"GOBIERNO REGIONAL";"II-2";"00004317";"HOSPITAL REGIONAL DOCENTE LAS MERCEDES";"250100";"UNIDAD DE CUIDADOS CRITICOS UNIDAD  DE CUIDADOS INTENSIVOS GENERALES (UCI) ";"1";"1";"3";"1";"6";"186";"0"
"2023";"03";"021801";"ANCASH";"SANTA";"CHIMBOTE";"GOBIERNO REGIONAL";"II-2";"00001652";"HOSPITAL LA CALETA";"241800";"HOSPITALIZACIÓN DE MEDICINA MEDICINA GENERAL ";"10";"8";"77";"129";"5";"155";"13"
"2023";"03";"021801";"ANCASH";"SANTA";"CHIMBOTE";"GOBIERNO REGIONAL";"II-2";"00001652";"HOSPITAL LA CALETA";"244000";"HOSPITALIZACIÓN DE MEDICINA CARDIOLOGIA ";"2";"2";"14";"14";"1";"31";"0"
"2023";"03";"021801";"ANCASH";"SANTA";"CHIMBOTE";"GOBIERNO REGIONAL";"II-2";"00001652";"HOSPITAL LA CALETA";"244700";"HOSPITALIZACIÓN DE MEDICINA NEUROLOGIA  ";"1";"2";"24";"51";"2";"62";"0"
"2023";"03";"021801";"ANCASH";"SANTA";"CHIMBOTE";"GOBIERNO REGIONAL";"II-2";"00001652";"HOSPITAL LA CALETA";"244300";"HOSPITALIZACIÓN DE MEDICINA GASTROENTEROLOGÍA  ";"8";"7";"66";"71";"3";"93";"0"
"2023";"03";"021801";"ANCASH";"SANTA";"CHIMBOTE";"GOBIERNO REGIONAL";"II-2";"00001652";"HOSPITAL LA CALETA";"245300";"HOSPITALIZACIÓN DE MEDICINA NEUMOLOGÍA  ";"20";"20";"142";"162";"6";"186";"0"
"2023";"03";"021801";"ANCASH";"SANTA";"CHIMBOTE";"GOBIERNO REGIONAL";"II-2";"00001652";"HOSPITAL LA CALETA";"242200";"HOSPITALIZACIÓN DE MEDICINA PSIQUIATRÍA ";"6";"8";"178";"182";"7";"217";"0"
"2023";"03";"021801";"ANCASH";"SANTA";"CHIMBOTE";"GOBIERNO REGIONAL";"II-2";"00001652";"HOSPITAL LA CALETA";"244600";"HOSPITALIZACIÓN DE MEDICINA NEFROLOGIA ";"4";"6";"82";"73";"3";"93";"0"
"2023";"03";"021801";"ANCASH";"SANTA";"CHIMBOTE";"GOBIERNO REGIONAL";"II-2";"00001652";"HOSPITAL LA CALETA";"240100";"HOSPITALIZACIÓN QUIRÚRGICA CIRUGÍA GENERAL ";"68";"76";"333";"193";"7";"217";"1"
"2023";"03";"021801";"ANCASH";"SANTA";"CHIMBOTE";"GOBIERNO REGIONAL";"II-2";"00001652";"HOSPITAL LA CALETA";"241200";"HOSPITALIZACIÓN QUIRÚRGICA TRAUMATOLOGÍA Y ORTOPEDIA ";"15";"16";"88";"143";"5";"155";"0"
"2023";"01";"250105";"UCAYALI";"CORONEL PORTILLO";"YARINACOCHA";"ESSALUD";"I-3";"00009598";"CENTRO DE ATENCION INTEGRAL ESSALUD ALAMEDAS";"NE_0001";"";"NE_0001";"NE_0001";"NE_0001";"NE_0001";"NE_0001";"NE_0001";"NE_0001"
"2023";"01";"150801";"LIMA";"HUAURA";"HUACHO";"ESSALUD";"II-2";"00011337";"HOSPITAL II GUSTAVO LANATTA LUJAN - ESSALUD";"241800";"HOSPITALIZACIÓN DE MEDICINA MEDICINA GENERAL ";"101";"95";"962";"932";"36";"1116";"30"
"2023";"01";"150801";"LIMA";"HUAURA";"HUACHO";"ESSALUD";"II-2";"00011337";"HOSPITAL II GUSTAVO LANATTA LUJAN - ESSALUD";"240100";"HOSPITALIZACIÓN QUIRÚRGICA CIRUGÍA GENERAL ";"127";"125";"591";"592";"27";"837";"0"
"2023";"01";"150801";"LIMA";"HUAURA";"HUACHO";"ESSALUD";"II-2";"00011337";"HOSPITAL II GUSTAVO LANATTA LUJAN - ESSALUD";"241200";"HOSPITALIZACIÓN QUIRÚRGICA TRAUMATOLOGÍA Y ORTOPEDIA ";"41";"34";"161";"190";"7";"217";"1"
"2023";"01";"150801";"LIMA";"HUAURA";"HUACHO";"ESSALUD";"II-2";"00011337";"HOSPITAL II GUSTAVO LANATTA LUJAN - ESSALUD";"241500";"HOSPITALIZACIÓN QUIRÚRGICA GINECOLOGÍA  ";"35";"33";"78";"75";"6";"186";"0"
"2023";"01";"150801";"LIMA";"HUAURA";"HUACHO";"ESSALUD";"II-2";"00011337";"HOSPITAL II GUSTAVO LANATTA LUJAN - ESSALUD";"241600";"HOSPITALIZACIÓN QUIRÚRGICA OBSTETRICIA   ";"209";"207";"405";"403";"21";"651";"0"
"2023";"01";"150801";"LIMA";"HUAURA";"HUACHO";"ESSALUD";"II-2";"00011337";"HOSPITAL II GUSTAVO LANATTA LUJAN - ESSALUD";"242300";"HOSPITALIZACIÓN DE PEDIATRÍA  PEDIATRÍA  GENERAL ";"37";"38";"120";"131";"12";"372";"0"
"2023";"01";"150801";"LIMA";"HUAURA";"HUACHO";"ESSALUD";"II-2";"00011337";"HOSPITAL II GUSTAVO LANATTA LUJAN - ESSALUD";"243200";"HOSPITALIZACIÓN DE PEDIATRÍA PEDIATRIA NEONATOLOGÍA";"50";"50";"100";"95";"5";"155";"0"
"2023";"01";"150801";"LIMA";"HUAURA";"HUACHO";"ESSALUD";"II-2";"00011337";"HOSPITAL II GUSTAVO LANATTA LUJAN - ESSALUD";"250100";"UNIDAD DE CUIDADOS CRITICOS UNIDAD  DE CUIDADOS INTENSIVOS GENERALES (UCI) ";"15";"18";"84";"88";"4";"124";"4"
"2023";"01";"140101";"LAMBAYEQUE";"CHICLAYO";"CHICLAYO";"PRIVADO";"II-E";"00008151";"CLÍNICA METROPOLITANA";"240000";"HOSPITALIZACIÓN";"247";"244";"197";"466";"24";"672";"0"
"2023";"01";"220201";"SAN MARTIN";"BELLAVISTA";"BELLAVISTA";"ESSALUD";"I-2";"00016482";"POSTA MEDICA BELLAVISTA - ESSALUD";"NE_0001";"";"NE_0001";"NE_0001";"NE_0001";"NE_0001";"NE_0001";"NE_0001";"NE_0001"
"2023";"01";"070102";"CALLAO";"CALLAO";"BELLAVISTA";"PRIVADO";"I-3";"00017862";"SMA SERVICIOS MEDICOS AMBULATORIOS SA";"NE_0001";"";"NE_0001";"NE_0001";"NE_0001";"NE_0001";"NE_0001";"NE_0001";"NE_0001"
"2023";"02";"021301";"ANCASH";"MARISCAL LUZURIAGA";"PISCOBAMBA";"GOBIERNO REGIONAL";"I-4";"00001783";"CENTRO DE SALUD PISCOBAMBA";"NE_0002";"";"NE_0002";"NE_0002";"NE_0002";"NE_0002";"NE_0002";"NE_0002";"NE_0002"
"2023";"02";"040412";"AREQUIPA";"CASTILLA";"UÑON";"GOBIERNO REGIONAL";"I-2";"00001403";"PUESTO DE SALUD UÑON";"NE_0001";"";"NE_0001";"NE_0001";"NE_0001";"NE_0001";"NE_0001";"NE_0001";"NE_0001"
"2023";"02";"040408";"AREQUIPA";"CASTILLA";"MACHAGUAY";"GOBIERNO REGIONAL";"I-2";"00001402";"PUESTO DE SALUD MACHAGUAY";"NE_0001";"";"NE_0001";"NE_0001";"NE_0001";"NE_0001";"NE_0001";"NE_0001";"NE_0001"
"2023";"02";"040411";"AREQUIPA";"CASTILLA";"TIPAN";"GOBIERNO REGIONAL";"I-1";"00001401";"PUESTO DE SALUD TAGRE";"NE_0001";"";"NE_0001";"NE_0001";"NE_0001";"NE_0001";"NE_0001";"NE_0001";"NE_0001"
"2023";"02";"150113";"LIMA";"LIMA";"JESUS MARIA";"PRIVADO";"II-E";"00009982";"CLINICA REPROMEDIC";"240000";"HOSPITALIZACIÓN";"81";"81";"182";"174";"10";"320";"0"
"2023";"02";"150113";"LIMA";"LIMA";"JESUS MARIA";"SANIDAD DEL EJERCITO DEL PERU";"III-1";"00017024";"HOSPITAL  MILITAR LUIS ARIAS SCHEREIBER";"240100";"HOSPITALIZACIÓN QUIRÚRGICA CIRUGÍA GENERAL ";"49";"48";"491";"1473";"66";"1820";"0"
"2023";"02";"150113";"LIMA";"LIMA";"JESUS MARIA";"SANIDAD DEL EJERCITO DEL PERU";"III-1";"00017024";"HOSPITAL  MILITAR LUIS ARIAS SCHEREIBER";"240800";"HOSPITALIZACIÓN QUIRÚRGICA CIRUGÍA PLÁSTICA/RECONSTRUCTIVA/ REPARADORA ";"16";"19";"220";"189";"9";"252";"0"
"2023";"02";"150113";"LIMA";"LIMA";"JESUS MARIA";"SANIDAD DEL EJERCITO DEL PERU";"III-1";"00017024";"HOSPITAL  MILITAR LUIS ARIAS SCHEREIBER";"240900";"HOSPITALIZACIÓN QUIRÚRGICA NEUROCIRUGÍA ";"11";"13";"1214";"320";"15";"420";"0"
"2023";"02";"150113";"LIMA";"LIMA";"JESUS MARIA";"SANIDAD DEL EJERCITO DEL PERU";"III-1";"00017024";"HOSPITAL  MILITAR LUIS ARIAS SCHEREIBER";"241200";"HOSPITALIZACIÓN QUIRÚRGICA TRAUMATOLOGÍA Y ORTOPEDIA ";"47";"52";"970";"830";"63";"1764";"0"
"2023";"02";"150113";"LIMA";"LIMA";"JESUS MARIA";"SANIDAD DEL EJERCITO DEL PERU";"III-1";"00017024";"HOSPITAL  MILITAR LUIS ARIAS SCHEREIBER";"241300";"HOSPITALIZACIÓN QUIRÚRGICA UROLOGÍA  ";"23";"23";"210";"151";"8";"224";"0"
"2023";"02";"150113";"LIMA";"LIMA";"JESUS MARIA";"SANIDAD DEL EJERCITO DEL PERU";"III-1";"00017024";"HOSPITAL  MILITAR LUIS ARIAS SCHEREIBER";"241400";"HOSPITALIZACIÓN QUIRÚRGICA GINECO - OBSTETRICIA ";"32";"32";"120";"156";"11";"308";"0"
"2023";"02";"150113";"LIMA";"LIMA";"JESUS MARIA";"SANIDAD DEL EJERCITO DEL PERU";"III-1";"00017024";"HOSPITAL  MILITAR LUIS ARIAS SCHEREIBER";"241900";"HOSPITALIZACIÓN DE MEDICINA MEDICINA INTERNA ";"108";"99";"1449";"1357";"80";"2156";"11"
"2023";"02";"150113";"LIMA";"LIMA";"JESUS MARIA";"SANIDAD DEL EJERCITO DEL PERU";"III-1";"00017024";"HOSPITAL  MILITAR LUIS ARIAS SCHEREIBER";"242100";"HOSPITALIZACIÓN DE MEDICINA ONCOLOGÍA MÉDICA ";"8";"7";"104";"208";"9";"252";"2"
"2023";"01";"130105";"LA LIBERTAD";"TRUJILLO";"LA ESPERANZA";"GOBIERNO REGIONAL";"II-1";"00005226";"HOSPITAL DISTRITAL JERUSALEN";"241400";"HOSPITALIZACIÓN QUIRÚRGICA GINECO - OBSTETRICIA ";"17";"17";"28";"34";"6";"186";"0"
"2023";"01";"130105";"LA LIBERTAD";"TRUJILLO";"LA ESPERANZA";"GOBIERNO REGIONAL";"II-1";"00005226";"HOSPITAL DISTRITAL JERUSALEN";"241600";"HOSPITALIZACIÓN QUIRÚRGICA OBSTETRICIA   ";"38";"38";"46";"56";"6";"186";"0"
"2023";"02";"150113";"LIMA";"LIMA";"JESUS MARIA";"SANIDAD DEL EJERCITO DEL PERU";"III-1";"00017024";"HOSPITAL  MILITAR LUIS ARIAS SCHEREIBER";"242200";"HOSPITALIZACIÓN DE MEDICINA PSIQUIATRÍA ";"8";"9";"137";"411";"18";"504";"0"
"2023";"02";"150113";"LIMA";"LIMA";"JESUS MARIA";"SANIDAD DEL EJERCITO DEL PERU";"III-1";"00017024";"HOSPITAL  MILITAR LUIS ARIAS SCHEREIBER";"242300";"HOSPITALIZACIÓN DE PEDIATRÍA  PEDIATRÍA  GENERAL ";"18";"17";"52";"260";"13";"364";"0"
"2023";"02";"150113";"LIMA";"LIMA";"JESUS MARIA";"SANIDAD DEL EJERCITO DEL PERU";"III-1";"00017024";"HOSPITAL  MILITAR LUIS ARIAS SCHEREIBER";"243200";"HOSPITALIZACIÓN DE PEDIATRÍA PEDIATRIA NEONATOLOGÍA";"14";"15";"48";"96";"15";"420";"0"
"2023";"02";"150113";"LIMA";"LIMA";"JESUS MARIA";"SANIDAD DEL EJERCITO DEL PERU";"III-1";"00017024";"HOSPITAL  MILITAR LUIS ARIAS SCHEREIBER";"244300";"HOSPITALIZACIÓN DE MEDICINA GASTROENTEROLOGÍA  ";"18";"18";"308";"282";"14";"392";"1"
"2023";"02";"150113";"LIMA";"LIMA";"JESUS MARIA";"SANIDAD DEL EJERCITO DEL PERU";"III-1";"00017024";"HOSPITAL  MILITAR LUIS ARIAS SCHEREIBER";"244700";"HOSPITALIZACIÓN DE MEDICINA NEUROLOGIA  ";"10";"12";"416";"208";"13";"364";"0"
"2023";"02";"150113";"LIMA";"LIMA";"JESUS MARIA";"SANIDAD DEL EJERCITO DEL PERU";"III-1";"00017024";"HOSPITAL  MILITAR LUIS ARIAS SCHEREIBER";"245300";"HOSPITALIZACIÓN DE MEDICINA NEUMOLOGÍA  ";"17";"11";"181";"362";"29";"812";"1"
"2023";"02";"150113";"LIMA";"LIMA";"JESUS MARIA";"SANIDAD DEL EJERCITO DEL PERU";"III-1";"00017024";"HOSPITAL  MILITAR LUIS ARIAS SCHEREIBER";"250101";"UNIDAD DE CUIDADOS CRITICOS UNIDAD  DE CUIDADOS INTENSIVOS GENERALES (UCI) CARDIOLOGIA";"17";"16";"75";"150";"6";"168";"1"
"2023";"02";"150113";"LIMA";"LIMA";"JESUS MARIA";"SANIDAD DEL EJERCITO DEL PERU";"III-1";"00017024";"HOSPITAL  MILITAR LUIS ARIAS SCHEREIBER";"250103";"UNIDAD DE CUIDADOS CRITICOS UNIDAD  DE CUIDADOS INTENSIVOS GENERALES  (UCI) MEDICINA";"6";"6";"127";"111";"7";"196";"6"
"2023";"01";"150101";"LIMA";"LIMA";"LIMA";"MINSA";"III-1";"00006206";"NACIONAL  DOS DE MAYO";"241800";"HOSPITALIZACIÓN DE MEDICINA MEDICINA GENERAL ";"426";"495";"7432";"7575";"268";"8308";"41"
"2023";"01";"150101";"LIMA";"LIMA";"LIMA";"MINSA";"III-1";"00006206";"NACIONAL  DOS DE MAYO";"240100";"HOSPITALIZACIÓN QUIRÚRGICA CIRUGÍA GENERAL ";"209";"244";"2149";"1514";"81";"2511";"3"
"2023";"01";"150101";"LIMA";"LIMA";"LIMA";"MINSA";"III-1";"00006206";"NACIONAL  DOS DE MAYO";"241200";"HOSPITALIZACIÓN QUIRÚRGICA TRAUMATOLOGÍA Y ORTOPEDIA ";"54";"58";"915";"372";"12";"372";"0"
"2023";"01";"150101";"LIMA";"LIMA";"LIMA";"MINSA";"III-1";"00006206";"NACIONAL  DOS DE MAYO";"241300";"HOSPITALIZACIÓN QUIRÚRGICA UROLOGÍA  ";"49";"61";"491";"435";"30";"930";"0"
"2023";"01";"150101";"LIMA";"LIMA";"LIMA";"MINSA";"III-1";"00006206";"NACIONAL  DOS DE MAYO";"240900";"HOSPITALIZACIÓN QUIRÚRGICA NEUROCIRUGÍA ";"31";"34";"557";"552";"22";"682";"1"
"2023";"01";"150101";"LIMA";"LIMA";"LIMA";"MINSA";"III-1";"00006206";"NACIONAL  DOS DE MAYO";"241100";"HOSPITALIZACIÓN QUIRÚRGICA OTORRINOLARINGOLOGÍA  ";"5";"5";"23";"31";"3";"93";"0"
"2023";"01";"150101";"LIMA";"LIMA";"LIMA";"MINSA";"III-1";"00006206";"NACIONAL  DOS DE MAYO";"240700";"HOSPITALIZACIÓN QUIRÚRGICA CIRUGÍA PEDIÁTRICA ";"78";"81";"200";"155";"5";"155";"0"
"2023";"01";"150101";"LIMA";"LIMA";"LIMA";"MINSA";"III-1";"00006206";"NACIONAL  DOS DE MAYO";"240200";"HOSPITALIZACIÓN QUIRÚRGICA CIRUGÍA DE CABEZA Y CUELLO / MÁXILO FACIAL ";"6";"7";"48";"93";"3";"93";"0"
"2023";"01";"150101";"LIMA";"LIMA";"LIMA";"MINSA";"III-1";"00006206";"NACIONAL  DOS DE MAYO";"240800";"HOSPITALIZACIÓN QUIRÚRGICA CIRUGÍA PLÁSTICA/RECONSTRUCTIVA/ REPARADORA ";"2";"2";"75";"31";"1";"31";"0"
"2023";"01";"150101";"LIMA";"LIMA";"LIMA";"MINSA";"III-1";"00006206";"NACIONAL  DOS DE MAYO";"241400";"HOSPITALIZACIÓN QUIRÚRGICA GINECO - OBSTETRICIA ";"420";"424";"1584";"877";"44";"1364";"0"
"2023";"01";"150101";"LIMA";"LIMA";"LIMA";"MINSA";"III-1";"00006206";"NACIONAL  DOS DE MAYO";"243200";"HOSPITALIZACIÓN DE PEDIATRÍA PEDIATRIA NEONATOLOGÍA";"144";"142";"717";"501";"19";"589";"1"
"2023";"01";"150101";"LIMA";"LIMA";"LIMA";"MINSA";"III-1";"00006206";"NACIONAL  DOS DE MAYO";"242300";"HOSPITALIZACIÓN DE PEDIATRÍA  PEDIATRÍA  GENERAL ";"60";"58";"322";"650";"24";"744";"0"
"2023";"01";"150101";"LIMA";"LIMA";"LIMA";"MINSA";"III-1";"00006206";"NACIONAL  DOS DE MAYO";"250100";"UNIDAD DE CUIDADOS CRITICOS UNIDAD  DE CUIDADOS INTENSIVOS GENERALES (UCI) ";"12";"17";"1732";"1241";"59";"1829";"9"
"2023";"02";"070106";"CALLAO";"CALLAO";"VENTANILLA";"GOBIERNO REGIONAL";"II-1";"00007126";"HOSPITAL DE VENTANILLA";"241800";"HOSPITALIZACIÓN DE MEDICINA MEDICINA GENERAL ";"51";"46";"277";"306";"25";"700";"1"
"2023";"02";"070106";"CALLAO";"CALLAO";"VENTANILLA";"GOBIERNO REGIONAL";"II-1";"00007126";"HOSPITAL DE VENTANILLA";"242500";"HOSPITALIZACIÓN-PEDIATRÍA GENERAL-";"57";"52";"159";"174";"9";"252";"0"
"2023";"02";"070106";"CALLAO";"CALLAO";"VENTANILLA";"GOBIERNO REGIONAL";"II-1";"00007126";"HOSPITAL DE VENTANILLA";"240100";"HOSPITALIZACIÓN QUIRÚRGICA CIRUGÍA GENERAL ";"116";"105";"307";"336";"17";"476";"0"
"2023";"02";"070106";"CALLAO";"CALLAO";"VENTANILLA";"GOBIERNO REGIONAL";"II-1";"00007126";"HOSPITAL DE VENTANILLA";"241600";"HOSPITALIZACIÓN QUIRÚRGICA OBSTETRICIA   ";"165";"159";"211";"237";"21";"588";"0"
"2023";"02";"070106";"CALLAO";"CALLAO";"VENTANILLA";"GOBIERNO REGIONAL";"II-1";"00007126";"HOSPITAL DE VENTANILLA";"241500";"HOSPITALIZACIÓN QUIRÚRGICA GINECOLOGÍA  ";"52";"49";"71";"80";"6";"168";"0"
"2023";"02";"070106";"CALLAO";"CALLAO";"VENTANILLA";"GOBIERNO REGIONAL";"II-1";"00007126";"HOSPITAL DE VENTANILLA";"243200";"HOSPITALIZACIÓN DE PEDIATRÍA PEDIATRIA NEONATOLOGÍA";"23";"19";"42";"53";"12";"336";"0"
"2023";"03";"220104";"SAN MARTIN";"MOYOBAMBA";"JEPELACIO";"GOBIERNO REGIONAL";"I-1";"00007238";"PACAYPITE";"NE_0001";"";"NE_0001";"NE_0001";"NE_0001";"NE_0001";"NE_0001";"NE_0001";"NE_0001"
"2023";"03";"220104";"SAN MARTIN";"MOYOBAMBA";"JEPELACIO";"GOBIERNO REGIONAL";"I-4";"00006337";"JEPELACIO";"241400";"HOSPITALIZACIÓN QUIRÚRGICA GINECO - OBSTETRICIA ";"7";"7";"7";"7";"7";"62";"0"
"2023";"03";"220104";"SAN MARTIN";"MOYOBAMBA";"JEPELACIO";"GOBIERNO REGIONAL";"I-2";"00006339";"SHUCSHUYACU";"NE_0001";"";"NE_0001";"NE_0001";"NE_0001";"NE_0001";"NE_0001";"NE_0001";"NE_0001"
"2023";"03";"220104";"SAN MARTIN";"MOYOBAMBA";"JEPELACIO";"GOBIERNO REGIONAL";"I-2";"00006340";"NUEVO SAN MIGUEL";"NE_0001";"";"NE_0001";"NE_0001";"NE_0001";"NE_0001";"NE_0001";"NE_0001";"NE_0001"
"2023";"03";"220104";"SAN MARTIN";"MOYOBAMBA";"JEPELACIO";"GOBIERNO REGIONAL";"I-1";"00006338";"CARRIZAL";"NE_0001";"";"NE_0001";"NE_0001";"NE_0001";"NE_0001";"NE_0001";"NE_0001";"NE_0001"
"2023";"03";"220805";"SAN MARTIN";"RIOJA";"PARDO MIGUEL";"GOBIERNO REGIONAL";"I-1";"00006306";"EL MIRADOR";"NE_0001";"";"NE_0001";"NE_0001";"NE_0001";"NE_0001";"NE_0001";"NE_0001";"NE_0001"
"2023";"03";"220805";"SAN MARTIN";"RIOJA";"PARDO MIGUEL";"GOBIERNO REGIONAL";"I-1";"00006309";"TUMBARO";"NE_0001";"";"NE_0001";"NE_0001";"NE_0001";"NE_0001";"NE_0001";"NE_0001";"NE_0001"
"2023";"03";"220805";"SAN MARTIN";"RIOJA";"PARDO MIGUEL";"GOBIERNO REGIONAL";"I-2";"00006304";"AGUAS CLARAS";"NE_0001";"";"NE_0001";"NE_0001";"NE_0001";"NE_0001";"NE_0001";"NE_0001";"NE_0001"
"2023";"03";"220805";"SAN MARTIN";"RIOJA";"PARDO MIGUEL";"GOBIERNO REGIONAL";"I-1";"00006308";"SAN AGUSTIN";"NE_0001";"";"NE_0001";"NE_0001";"NE_0001";"NE_0001";"NE_0001";"NE_0001";"NE_0001"
"2023";"03";"220805";"SAN MARTIN";"RIOJA";"PARDO MIGUEL";"GOBIERNO REGIONAL";"I-2";"00006305";"AGUAS VERDES";"NE_0001";"";"NE_0001";"NE_0001";"NE_0001";"NE_0001";"NE_0001";"NE_0001";"NE_0001"
"2023";"03";"220805";"SAN MARTIN";"RIOJA";"PARDO MIGUEL";"GOBIERNO REGIONAL";"I-1";"00006310";"PERLA DEL MAYO";"NE_0001";"";"NE_0001";"NE_0001";"NE_0001";"NE_0001";"NE_0001";"NE_0001";"NE_0001"
"2023";"03";"220805";"SAN MARTIN";"RIOJA";"PARDO MIGUEL";"GOBIERNO REGIONAL";"I-1";"00006307";"PIONEROS BAJO (SAN JUAN DEL MAYO)";"NE_0001";"";"NE_0001";"NE_0001";"NE_0001";"NE_0001";"NE_0001";"NE_0001";"NE_0001"
"2023";"03";"220805";"SAN MARTIN";"RIOJA";"PARDO MIGUEL";"GOBIERNO REGIONAL";"I-4";"00006303";"CENTRO DE NARANJOS";"241600";"HOSPITALIZACIÓN QUIRÚRGICA OBSTETRICIA   ";"10";"11";"13";"22";"06";"167";"0"
"2023";"03";"220805";"SAN MARTIN";"RIOJA";"PARDO MIGUEL";"GOBIERNO REGIONAL";"I-4";"00006303";"CENTRO DE NARANJOS";"241800";"HOSPITALIZACIÓN DE MEDICINA MEDICINA GENERAL ";"23";"23";"61";"46";"06";"119";"0"
"2023";"03";"140101";"LAMBAYEQUE";"CHICLAYO";"CHICLAYO";"ESSALUD";"III-1";"00008577";"HOSPITAL NACIONAL ALMANZOR AGUINAGA ASENJO";"244000";"HOSPITALIZACIÓN DE MEDICINA CARDIOLOGIA ";"121";"70";"727";"687";"17";"718";"0"
"2023";"03";"140101";"LAMBAYEQUE";"CHICLAYO";"CHICLAYO";"ESSALUD";"III-1";"00008577";"HOSPITAL NACIONAL ALMANZOR AGUINAGA ASENJO";"240200";"HOSPITALIZACIÓN QUIRÚRGICA CIRUGÍA DE CABEZA Y CUELLO / MÁXILO FACIAL ";"40";"22";"153";"164";"5";"179";"1"
"2023";"03";"140101";"LAMBAYEQUE";"CHICLAYO";"CHICLAYO";"ESSALUD";"III-1";"00008577";"HOSPITAL NACIONAL ALMANZOR AGUINAGA ASENJO";"240400";"HOSPITALIZACIÓN QUIRÚRGICA CIRUGÍA DE TÓRAX Y CARDIOVASCULAR ";"26";"14";"106";"155";"10";"168";"0"
"2023";"03";"140101";"LAMBAYEQUE";"CHICLAYO";"CHICLAYO";"ESSALUD";"III-1";"00008577";"HOSPITAL NACIONAL ALMANZOR AGUINAGA ASENJO";"240100";"HOSPITALIZACIÓN QUIRÚRGICA CIRUGÍA GENERAL ";"288";"101";"1137";"906";"30";"950";"3"
"2023";"03";"140101";"LAMBAYEQUE";"CHICLAYO";"CHICLAYO";"ESSALUD";"III-1";"00008577";"HOSPITAL NACIONAL ALMANZOR AGUINAGA ASENJO";"240700";"HOSPITALIZACIÓN QUIRÚRGICA CIRUGÍA PEDIÁTRICA ";"78";"33";"189";"220";"8";"256";"0"
"2023";"03";"140101";"LAMBAYEQUE";"CHICLAYO";"CHICLAYO";"ESSALUD";"III-1";"00008577";"HOSPITAL NACIONAL ALMANZOR AGUINAGA ASENJO";"240801";"HOSPITALIZACIÓN QUIRÚRGICA CIRUGÍA PLÁSTICA/RECONSTRUCTIVA/ REPARADORA QUEMADOS";"20";"5";"98";"104";"4";"112";"0"
"2023";"03";"140101";"LAMBAYEQUE";"CHICLAYO";"CHICLAYO";"ESSALUD";"III-1";"00008577";"HOSPITAL NACIONAL ALMANZOR AGUINAGA ASENJO";"244200";"HOSPITALIZACIÓN DE MEDICINA ENDOCRINOLOGIA ";"1";"0";"0";"20";"3";"23";"0"
"2023";"03";"140101";"LAMBAYEQUE";"CHICLAYO";"CHICLAYO";"ESSALUD";"III-1";"00008577";"HOSPITAL NACIONAL ALMANZOR AGUINAGA ASENJO";"244300";"HOSPITALIZACIÓN DE MEDICINA GASTROENTEROLOGÍA  ";"66";"48";"274";"480";"17";"492";"1"
"2023";"03";"140101";"LAMBAYEQUE";"CHICLAYO";"CHICLAYO";"ESSALUD";"III-1";"00008577";"HOSPITAL NACIONAL ALMANZOR AGUINAGA ASENJO";"244400";"HOSPITALIZACIÓN DE MEDICINA GERIATRIA ";"69";"47";"863";"610";"20";"624";"21"
"2023";"03";"140101";"LAMBAYEQUE";"CHICLAYO";"CHICLAYO";"ESSALUD";"III-1";"00008577";"HOSPITAL NACIONAL ALMANZOR AGUINAGA ASENJO";"241500";"HOSPITALIZACIÓN QUIRÚRGICA GINECOLOGÍA  ";"277";"132";"513";"335";"12";"375";"0"
"2023";"03";"140101";"LAMBAYEQUE";"CHICLAYO";"CHICLAYO";"ESSALUD";"III-1";"00008577";"HOSPITAL NACIONAL ALMANZOR AGUINAGA ASENJO";"244500";"HOSPITALIZACIÓN DE MEDICINA HEMATOLOGÍA ";"31";"25";"636";"578";"19";"619";"2"
"2023";"03";"140101";"LAMBAYEQUE";"CHICLAYO";"CHICLAYO";"ESSALUD";"III-1";"00008577";"HOSPITAL NACIONAL ALMANZOR AGUINAGA ASENJO";"241900";"HOSPITALIZACIÓN DE MEDICINA MEDICINA INTERNA ";"55";"40";"709";"867";"29";"867";"6"
"2023";"03";"140101";"LAMBAYEQUE";"CHICLAYO";"CHICLAYO";"ESSALUD";"III-1";"00008577";"HOSPITAL NACIONAL ALMANZOR AGUINAGA ASENJO";"244600";"HOSPITALIZACIÓN DE MEDICINA NEFROLOGIA ";"28";"31";"280";"275";"10";"275";"0"
"2023";"03";"140101";"LAMBAYEQUE";"CHICLAYO";"CHICLAYO";"ESSALUD";"III-1";"00008577";"HOSPITAL NACIONAL ALMANZOR AGUINAGA ASENJO";"243200";"HOSPITALIZACIÓN DE PEDIATRÍA PEDIATRIA NEONATOLOGÍA";"176";"49";"388";"558";"18";"558";"6"
"2023";"03";"140101";"LAMBAYEQUE";"CHICLAYO";"CHICLAYO";"ESSALUD";"III-1";"00008577";"HOSPITAL NACIONAL ALMANZOR AGUINAGA ASENJO";"245300";"HOSPITALIZACIÓN DE MEDICINA NEUMOLOGÍA  ";"19";"16";"185";"245";"10";"308";"2"
"2023";"03";"140101";"LAMBAYEQUE";"CHICLAYO";"CHICLAYO";"ESSALUD";"III-1";"00008577";"HOSPITAL NACIONAL ALMANZOR AGUINAGA ASENJO";"240900";"HOSPITALIZACIÓN QUIRÚRGICA NEUROCIRUGÍA ";"55";"24";"1098";"449";"17";"449";"0"
"2023";"03";"140101";"LAMBAYEQUE";"CHICLAYO";"CHICLAYO";"ESSALUD";"III-1";"00008577";"HOSPITAL NACIONAL ALMANZOR AGUINAGA ASENJO";"244700";"HOSPITALIZACIÓN DE MEDICINA NEUROLOGIA  ";"52";"38";"435";"409";"14";"428";"1"
"2023";"03";"140101";"LAMBAYEQUE";"CHICLAYO";"CHICLAYO";"ESSALUD";"III-1";"00008577";"HOSPITAL NACIONAL ALMANZOR AGUINAGA ASENJO";"241600";"HOSPITALIZACIÓN QUIRÚRGICA OBSTETRICIA   ";"346";"257";"988";"923";"25";"923";"0"
"2023";"03";"140101";"LAMBAYEQUE";"CHICLAYO";"CHICLAYO";"ESSALUD";"III-1";"00008577";"HOSPITAL NACIONAL ALMANZOR AGUINAGA ASENJO";"240600";"HOSPITALIZACIÓN QUIRÚRGICA CIRUGÍA OFTALMOLÓGICA ";"1";"1";"4";"5";"2";"5";"0"
"2023";"03";"140101";"LAMBAYEQUE";"CHICLAYO";"CHICLAYO";"ESSALUD";"III-1";"00008577";"HOSPITAL NACIONAL ALMANZOR AGUINAGA ASENJO";"242100";"HOSPITALIZACIÓN DE MEDICINA ONCOLOGÍA MÉDICA ";"109";"119";"462";"449";"15";"472";"2"
"2023";"03";"140101";"LAMBAYEQUE";"CHICLAYO";"CHICLAYO";"ESSALUD";"III-1";"00008577";"HOSPITAL NACIONAL ALMANZOR AGUINAGA ASENJO";"241200";"HOSPITALIZACIÓN QUIRÚRGICA TRAUMATOLOGÍA Y ORTOPEDIA ";"264";"109";"1009";"944";"30";"945";"0"
"2023";"03";"140101";"LAMBAYEQUE";"CHICLAYO";"CHICLAYO";"ESSALUD";"III-1";"00008577";"HOSPITAL NACIONAL ALMANZOR AGUINAGA ASENJO";"241100";"HOSPITALIZACIÓN QUIRÚRGICA OTORRINOLARINGOLOGÍA  ";"31";"22";"60";"67";"5";"75";"0"
"2023";"03";"140101";"LAMBAYEQUE";"CHICLAYO";"CHICLAYO";"ESSALUD";"III-1";"00008577";"HOSPITAL NACIONAL ALMANZOR AGUINAGA ASENJO";"242300";"HOSPITALIZACIÓN DE PEDIATRÍA  PEDIATRÍA  GENERAL ";"62";"42";"449";"489";"20";"603";"3"
"2023";"02";"010701";"AMAZONAS";"UTCUBAMBA";"BAGUA GRANDE";"ESSALUD";"II-1";"00009067";"HOSPITAL EL BUEN SAMARITANO";"241800";"HOSPITALIZACIÓN DE MEDICINA MEDICINA GENERAL ";"32";"31";"157";"158";"6";"168";"0"
"2023";"02";"010701";"AMAZONAS";"UTCUBAMBA";"BAGUA GRANDE";"ESSALUD";"II-1";"00009067";"HOSPITAL EL BUEN SAMARITANO";"240100";"HOSPITALIZACIÓN QUIRÚRGICA CIRUGÍA GENERAL ";"15";"16";"46";"46";"2";"56";"0"
"2023";"02";"010701";"AMAZONAS";"UTCUBAMBA";"BAGUA GRANDE";"ESSALUD";"II-1";"00009067";"HOSPITAL EL BUEN SAMARITANO";"241500";"HOSPITALIZACIÓN QUIRÚRGICA GINECOLOGÍA  ";"24";"23";"56";"57";"3";"84";"0"
"2023";"02";"010701";"AMAZONAS";"UTCUBAMBA";"BAGUA GRANDE";"ESSALUD";"II-1";"00009067";"HOSPITAL EL BUEN SAMARITANO";"242300";"HOSPITALIZACIÓN DE PEDIATRÍA  PEDIATRÍA  GENERAL ";"19";"18";"47";"48";"2";"56";"0"
"2023";"02";"150117";"LIMA";"LIMA";"LOS OLIVOS";"PRIVADO";"II-E";"00017847";"CLINICA DEL NORTE";"241400";"HOSPITALIZACIÓN QUIRÚRGICA GINECO - OBSTETRICIA ";"12";"18";"22";"14";"5";"115";"0"
"2023";"02";"100101";"HUANUCO";"HUANUCO";"HUANUCO";"GOBIERNO REGIONAL";"II-2";"00000754";"HOSPITAL REGIONAL HERMILIO VALDIZAN";"242500";"HOSPITALIZACIÓN-PEDIATRÍA GENERAL-";"43";"73";"456";"73";"60";"110";"0"
"2023";"02";"100101";"HUANUCO";"HUANUCO";"HUANUCO";"GOBIERNO REGIONAL";"II-2";"00000754";"HOSPITAL REGIONAL HERMILIO VALDIZAN";"241900";"HOSPITALIZACIÓN DE MEDICINA MEDICINA INTERNA ";"81";"137";"30";"20";"40";"136";"6"
"2023";"02";"100101";"HUANUCO";"HUANUCO";"HUANUCO";"GOBIERNO REGIONAL";"II-2";"00000754";"HOSPITAL REGIONAL HERMILIO VALDIZAN";"240100";"HOSPITALIZACIÓN QUIRÚRGICA CIRUGÍA GENERAL ";"50";"117";"45";"30";"30";"110";"0"
"2023";"02";"100101";"HUANUCO";"HUANUCO";"HUANUCO";"GOBIERNO REGIONAL";"II-2";"00000754";"HOSPITAL REGIONAL HERMILIO VALDIZAN";"250100";"UNIDAD DE CUIDADOS CRITICOS UNIDAD  DE CUIDADOS INTENSIVOS GENERALES (UCI) ";"8";"10";"89";"10";"4";"93";"2"
"2023";"02";"100101";"HUANUCO";"HUANUCO";"HUANUCO";"GOBIERNO REGIONAL";"II-2";"00000754";"HOSPITAL REGIONAL HERMILIO VALDIZAN";"241400";"HOSPITALIZACIÓN QUIRÚRGICA GINECO - OBSTETRICIA ";"102";"143";"60";"63";"20";"125";"0"
"2023";"02";"100101";"HUANUCO";"HUANUCO";"HUANUCO";"GOBIERNO REGIONAL";"II-2";"00000754";"HOSPITAL REGIONAL HERMILIO VALDIZAN";"243200";"HOSPITALIZACIÓN DE PEDIATRÍA PEDIATRIA NEONATOLOGÍA";"51";"85";"60";"35";"23";"80";"0"
"2023";"02";"100101";"HUANUCO";"HUANUCO";"HUANUCO";"GOBIERNO REGIONAL";"II-2";"00000754";"HOSPITAL REGIONAL HERMILIO VALDIZAN";"241500";"HOSPITALIZACIÓN QUIRÚRGICA GINECOLOGÍA  ";"6";"12";"20";"12";"8";"82";"0"
"2023";"02";"140112";"LAMBAYEQUE";"CHICLAYO";"PIMENTEL";"ESSALUD";"II-1";"00011020";"HOSPITAL II LUIS HEYSEN INCHAUSTEGUI";"250300";"UNIDAD DE CUIDADOS CRITICOS UNIDAD DE VIGILANCIA INTENSIVA  CLINICA (UVIC) ";"6";"4";"37";"130";"6";"168";"4"
"2023";"02";"140112";"LAMBAYEQUE";"CHICLAYO";"PIMENTEL";"ESSALUD";"II-1";"00011020";"HOSPITAL II LUIS HEYSEN INCHAUSTEGUI";"241900";"HOSPITALIZACIÓN DE MEDICINA MEDICINA INTERNA ";"85";"74";"626";"885";"34";"952";"9"
"2023";"02";"140112";"LAMBAYEQUE";"CHICLAYO";"PIMENTEL";"ESSALUD";"II-1";"00011020";"HOSPITAL II LUIS HEYSEN INCHAUSTEGUI";"240100";"HOSPITALIZACIÓN QUIRÚRGICA CIRUGÍA GENERAL ";"294";"290";"1215";"1099";"47";"1311";"1"
"2023";"02";"140112";"LAMBAYEQUE";"CHICLAYO";"PIMENTEL";"ESSALUD";"II-1";"00011020";"HOSPITAL II LUIS HEYSEN INCHAUSTEGUI";"241400";"HOSPITALIZACIÓN QUIRÚRGICA GINECO - OBSTETRICIA ";"378";"363";"834";"873";"39";"1097";"0"
"2023";"02";"140112";"LAMBAYEQUE";"CHICLAYO";"PIMENTEL";"ESSALUD";"II-1";"00011020";"HOSPITAL II LUIS HEYSEN INCHAUSTEGUI";"242300";"HOSPITALIZACIÓN DE PEDIATRÍA  PEDIATRÍA  GENERAL ";"6";"25";"111";"182";"10";"280";"0"
"2023";"01";"120301";"JUNIN";"CHANCHAMAYO";"CHANCHAMAYO";"ESSALUD";"II-1";"00008656";"HOSPITAL  SELVA CENTRAL Y ENFERMEDADES TROPICALES LA MERCED";"241800";"HOSPITALIZACIÓN DE MEDICINA MEDICINA GENERAL ";"36";"33";"139";"137";"12";"372";"2"
"2023";"01";"120301";"JUNIN";"CHANCHAMAYO";"CHANCHAMAYO";"ESSALUD";"II-1";"00008656";"HOSPITAL  SELVA CENTRAL Y ENFERMEDADES TROPICALES LA MERCED";"240100";"HOSPITALIZACIÓN QUIRÚRGICA CIRUGÍA GENERAL ";"47";"47";"144";"129";"10";"310";"0"
"2023";"01";"120301";"JUNIN";"CHANCHAMAYO";"CHANCHAMAYO";"ESSALUD";"II-1";"00008656";"HOSPITAL  SELVA CENTRAL Y ENFERMEDADES TROPICALES LA MERCED";"241500";"HOSPITALIZACIÓN QUIRÚRGICA GINECOLOGÍA  ";"59";"55";"129";"62";"2";"62";"0"
"2023";"01";"120301";"JUNIN";"CHANCHAMAYO";"CHANCHAMAYO";"ESSALUD";"II-1";"00008656";"HOSPITAL  SELVA CENTRAL Y ENFERMEDADES TROPICALES LA MERCED";"242300";"HOSPITALIZACIÓN DE PEDIATRÍA  PEDIATRÍA  GENERAL ";"54";"51";"108";"105";"7";"217";"0"
"2023";"02";"090301";"HUANCAVELICA";"ANGARAES";"LIRCAY";"GOBIERNO REGIONAL";"I-1";"00003944";"BUENA VISTA";"NE_0001";"";"NE_0001";"NE_0001";"NE_0001";"NE_0001";"NE_0001";"NE_0001";"NE_0001"
"2023";"02";"090301";"HUANCAVELICA";"ANGARAES";"LIRCAY";"GOBIERNO REGIONAL";"I-1";"00003947";"CONSTANCIA";"NE_0001";"";"NE_0001";"NE_0001";"NE_0001";"NE_0001";"NE_0001";"NE_0001";"NE_0001"
"2023";"02";"090301";"HUANCAVELICA";"ANGARAES";"LIRCAY";"GOBIERNO REGIONAL";"I-1";"00003950";"CHALLHUAPUQUIO";"NE_0001";"";"NE_0001";"NE_0001";"NE_0001";"NE_0001";"NE_0001";"NE_0001";"NE_0001"
"2023";"02";"090307";"HUANCAVELICA";"ANGARAES";"HUANCA-HUANCA";"GOBIERNO REGIONAL";"I-2";"00003953";"HUANCA HUANCA";"NE_0001";"";"NE_0001";"NE_0001";"NE_0001";"NE_0001";"NE_0001";"NE_0001";"NE_0001"
"2023";"02";"090312";"HUANCAVELICA";"ANGARAES";"SECCLLA";"GOBIERNO REGIONAL";"I-1";"00003970";"QUISPICANCHA";"NE_0001";"";"NE_0001";"NE_0001";"NE_0001";"NE_0001";"NE_0001";"NE_0001";"NE_0001"
"2023";"02";"090301";"HUANCAVELICA";"ANGARAES";"LIRCAY";"GOBIERNO REGIONAL";"I-1";"00011769";"YANAUTUTO";"NE_0001";"";"NE_0001";"NE_0001";"NE_0001";"NE_0001";"NE_0001";"NE_0001";"NE_0001"
"2023";"02";"090303";"HUANCAVELICA";"ANGARAES";"CALLANMARCA";"GOBIERNO REGIONAL";"I-1";"00003952";"CALLANMARCA";"NE_0001";"";"NE_0001";"NE_0001";"NE_0001";"NE_0001";"NE_0001";"NE_0001";"NE_0001"
"2023";"02";"090304";"HUANCAVELICA";"ANGARAES";"CCOCHACCASA";"GOBIERNO REGIONAL";"I-1";"00003957";"CCASCCABAMBA";"NE_0001";"";"NE_0001";"NE_0001";"NE_0001";"NE_0001";"NE_0001";"NE_0001";"NE_0001"
"2023";"02";"090302";"HUANCAVELICA";"ANGARAES";"ANCHONGA";"GOBIERNO REGIONAL";"I-3";"00003959";"PARCO ALTO";"NE_0002";"";"NE_0002";"NE_0002";"NE_0002";"NE_0002";"NE_0002";"NE_0002";"NE_0002"
"2023";"02";"090306";"HUANCAVELICA";"ANGARAES";"CONGALLA";"GOBIERNO REGIONAL";"I-2";"00003972";"CONGALLA";"NE_0001";"";"NE_0001";"NE_0001";"NE_0001";"NE_0001";"NE_0001";"NE_0001";"NE_0001"
"2023";"02";"090301";"HUANCAVELICA";"ANGARAES";"LIRCAY";"GOBIERNO REGIONAL";"I-1";"00007384";"SAN JUAN DE AHUAY";"NE_0001";"";"NE_0001";"NE_0001";"NE_0001";"NE_0001";"NE_0001";"NE_0001";"NE_0001"
"2023";"02";"090301";"HUANCAVELICA";"ANGARAES";"LIRCAY";"GOBIERNO REGIONAL";"I-2";"00007385";"SAN JUAN DE DIOS DE CCOLLPAPAMPA";"NE_0001";"";"NE_0001";"NE_0001";"NE_0001";"NE_0001";"NE_0001";"NE_0001";"NE_0001"
"2023";"02";"040104";"AREQUIPA";"AREQUIPA";"CERRO COLORADO";"GOBIERNO REGIONAL";"I-3";"00001238";"CENTRO DE SALUD MARISCAL CASTILLA";"NE_0001";"";"NE_0001";"NE_0001";"NE_0001";"NE_0001";"NE_0001";"NE_0001";"NE_0001"
"2023";"02";"040104";"AREQUIPA";"AREQUIPA";"CERRO COLORADO";"GOBIERNO REGIONAL";"I-3";"00001249";"CENTRO DE SALUD SEMI RURAL PACHACUTEC";"NE_0001";"";"NE_0001";"NE_0001";"NE_0001";"NE_0001";"NE_0001";"NE_0001";"NE_0001"
"2023";"02";"040104";"AREQUIPA";"AREQUIPA";"CERRO COLORADO";"GOBIERNO REGIONAL";"I-2";"00001250";"PUESTO DE SALUD JOSE SANTOS ATAHUALPA";"NE_0001";"";"NE_0001";"NE_0001";"NE_0001";"NE_0001";"NE_0001";"NE_0001";"NE_0001"
"2023";"02";"040104";"AREQUIPA";"AREQUIPA";"CERRO COLORADO";"GOBIERNO REGIONAL";"I-1";"00001252";"PUESTO DE SALUD EL CURAL";"NE_0001";"";"NE_0001";"NE_0001";"NE_0001";"NE_0001";"NE_0001";"NE_0001";"NE_0001"
"2023";"02";"150116";"LIMA";"LIMA";"LINCE";"PRIVADO";"II-E";"00009145";"HOGAR CLINICA MONTE SINAI";"240100";"HOSPITALIZACIÓN QUIRÚRGICA CIRUGÍA GENERAL ";"30";"30";"30";"30";"2";"60";"0"
"2023";"02";"150116";"LIMA";"LIMA";"LINCE";"PRIVADO";"II-E";"00009145";"HOGAR CLINICA MONTE SINAI";"240400";"HOSPITALIZACIÓN QUIRÚRGICA CIRUGÍA DE TÓRAX Y CARDIOVASCULAR ";"1";"1";"1";"1";"1";"30";"0"
"2023";"02";"150116";"LIMA";"LIMA";"LINCE";"PRIVADO";"II-E";"00009145";"HOGAR CLINICA MONTE SINAI";"240800";"HOSPITALIZACIÓN QUIRÚRGICA CIRUGÍA PLÁSTICA/RECONSTRUCTIVA/ REPARADORA ";"47";"47";"47";"47";"5";"150";"0"
"2023";"02";"150116";"LIMA";"LIMA";"LINCE";"PRIVADO";"II-E";"00009145";"HOGAR CLINICA MONTE SINAI";"241100";"HOSPITALIZACIÓN QUIRÚRGICA OTORRINOLARINGOLOGÍA  ";"4";"4";"4";"4";"1";"30";"0"
"2023";"02";"150116";"LIMA";"LIMA";"LINCE";"PRIVADO";"II-E";"00009145";"HOGAR CLINICA MONTE SINAI";"241200";"HOSPITALIZACIÓN QUIRÚRGICA TRAUMATOLOGÍA Y ORTOPEDIA ";"22";"22";"22";"22";"2";"60";"0"
"2023";"02";"150116";"LIMA";"LIMA";"LINCE";"PRIVADO";"II-E";"00009145";"HOGAR CLINICA MONTE SINAI";"241300";"HOSPITALIZACIÓN QUIRÚRGICA UROLOGÍA  ";"6";"6";"6";"6";"1";"30";"0"
"2023";"02";"150116";"LIMA";"LIMA";"LINCE";"PRIVADO";"II-E";"00009145";"HOGAR CLINICA MONTE SINAI";"241500";"HOSPITALIZACIÓN QUIRÚRGICA GINECOLOGÍA  ";"1";"1";"1";"1";"2";"60";"0"
"2023";"03";"150136";"LIMA";"LIMA";"SAN MIGUEL";"PRIVADO";"II-E";"00020976";"VISUAL CENTER CLINICA DE OJOS";"NE_0001";"";"NE_0001";"NE_0001";"NE_0001";"NE_0001";"NE_0001";"NE_0001";"NE_0001"
"2023";"03";"090207";"HUANCAVELICA";"ACOBAMBA";"POMACOCHA";"GOBIERNO REGIONAL";"I-2";"00003923";"PUESTO DE SALUD POMACOCHA";"NE_0001";"";"NE_0001";"NE_0001";"NE_0001";"NE_0001";"NE_0001";"NE_0001";"NE_0001"
"2023";"03";"090207";"HUANCAVELICA";"ACOBAMBA";"POMACOCHA";"GOBIERNO REGIONAL";"I-1";"00009698";"PUESTO DE SALUD INCAPACCHAN";"NE_0001";"";"NE_0001";"NE_0001";"NE_0001";"NE_0001";"NE_0001";"NE_0001";"NE_0001"
"2023";"03";"090201";"HUANCAVELICA";"ACOBAMBA";"ACOBAMBA";"GOBIERNO REGIONAL";"I-1";"00003922";"PUESTO DE SALUD CCARABAMBA";"NE_0001";"";"NE_0001";"NE_0001";"NE_0001";"NE_0001";"NE_0001";"NE_0001";"NE_0001"
"2023";"03";"090201";"HUANCAVELICA";"ACOBAMBA";"ACOBAMBA";"GOBIERNO REGIONAL";"I-1";"00009502";"PUESTO DE SALUD TRES DE OCTUBRE";"NE_0001";"";"NE_0001";"NE_0001";"NE_0001";"NE_0001";"NE_0001";"NE_0001";"NE_0001"
"2023";"03";"090207";"HUANCAVELICA";"ACOBAMBA";"POMACOCHA";"GOBIERNO REGIONAL";"I-1";"00009707";"PUESTO DE SALUD AYAHUASAN";"NE_0001";"";"NE_0001";"NE_0001";"NE_0001";"NE_0001";"NE_0001";"NE_0001";"NE_0001"
"2023";"03";"090201";"HUANCAVELICA";"ACOBAMBA";"ACOBAMBA";"GOBIERNO REGIONAL";"I-1";"00003920";"PUESTO DE SALUD DE CCARHUACC";"NE_0001";"";"NE_0001";"NE_0001";"NE_0001";"NE_0001";"NE_0001";"NE_0001";"NE_0001"
"2023";"03";"090207";"HUANCAVELICA";"ACOBAMBA";"POMACOCHA";"GOBIERNO REGIONAL";"I-3";"00003924";"CENTRO DE SALUD CHOCLOCOCHA";"NE_0001";"";"NE_0001";"NE_0001";"NE_0001";"NE_0001";"NE_0001";"NE_0001";"NE_0001"
"2023";"03";"090201";"HUANCAVELICA";"ACOBAMBA";"ACOBAMBA";"GOBIERNO REGIONAL";"I-1";"00003921";"PUESTO DE SALUD DE VILLA RICA";"NE_0001";"";"NE_0001";"NE_0001";"NE_0001";"NE_0001";"NE_0001";"NE_0001";"NE_0001"
"2023";"03";"090201";"HUANCAVELICA";"ACOBAMBA";"ACOBAMBA";"GOBIERNO REGIONAL";"I-2";"00003918";"PUESTO DE SALUD CURIMARAY";"NE_0001";"";"NE_0001";"NE_0001";"NE_0001";"NE_0001";"NE_0001";"NE_0001";"NE_0001"
"2023";"03";"090207";"HUANCAVELICA";"ACOBAMBA";"POMACOCHA";"GOBIERNO REGIONAL";"I-1";"00003925";"PUESTO DE SALUD YANACCOCHA";"NE_0001";"";"NE_0001";"NE_0001";"NE_0001";"NE_0001";"NE_0001";"NE_0001";"NE_0001"
"2023";"03";"090201";"HUANCAVELICA";"ACOBAMBA";"ACOBAMBA";"GOBIERNO REGIONAL";"I-1";"00003919";"PUESTO DE SALUD POMAVILCA";"NE_0001";"";"NE_0001";"NE_0001";"NE_0001";"NE_0001";"NE_0001";"NE_0001";"NE_0001"
"2023";"03";"150113";"LIMA";"LIMA";"JESUS MARIA";"PRIVADO";"II-E";"00010669";"CLÍNICA PERUANA DE LA VISION";"NE_0001";"";"NE_0001";"NE_0001";"NE_0001";"NE_0001";"NE_0001";"NE_0001";"NE_0001"
"2023";"03";"040122";"AREQUIPA";"AREQUIPA";"SOCABAYA";"ESSALUD";"I-3";"00013298";"CAP III MELITON SALAS TEJADA";"NE_0001";"";"NE_0001";"NE_0001";"NE_0001";"NE_0001";"NE_0001";"NE_0001";"NE_0001"
"2023";"03";"150108";"LIMA";"LIMA";"CHORRILLOS";"ESSALUD";"I-3";"00008438";"POLICLINICO JUAN JOSE RODRIGUEZ LAZO";"NE_0001";"";"NE_0001";"NE_0001";"NE_0001";"NE_0001";"NE_0001";"NE_0001";"NE_0001"
"2023";"03";"190104";"PASCO";"PASCO";"HUAYLLAY";"ESSALUD";"I-3";"00009751";"CENTRO MEDICO  HUAYLLAY";"NE_0001";"";"NE_0001";"NE_0001";"NE_0001";"NE_0001";"NE_0001";"NE_0001";"NE_0001"
"2023";"03";"030101";"APURIMAC";"ABANCAY";"ABANCAY";"SANIDAD DE LA POLICIA NACIONAL DEL PERU";"I-3";"00008036";"POLICLINICO POLICIAL ABANCAY";"NE_0001";"";"NE_0001";"NE_0001";"NE_0001";"NE_0001";"NE_0001";"NE_0001";"NE_0001"
"2023";"03";"140101";"LAMBAYEQUE";"CHICLAYO";"CHICLAYO";"PRIVADO";"II-E";"00008750";"CLINICA DEL PACIFICO S.A";"240000";"HOSPITALIZACIÓN";"404";"401";"1082";"954";"51";"1530";"3"
"2023";"03";"140101";"LAMBAYEQUE";"CHICLAYO";"CHICLAYO";"PRIVADO";"II-E";"00008750";"CLINICA DEL PACIFICO S.A";"250100";"UNIDAD DE CUIDADOS CRITICOS UNIDAD  DE CUIDADOS INTENSIVOS GENERALES (UCI) ";"6";"5";"37";"20";"4";"120";"3"
"2023";"03";"150131";"LIMA";"LIMA";"SAN ISIDRO";"SANIDAD DE LA POLICIA NACIONAL DEL PERU";"I-3";"00012740";"POLICLINICO POLICIAL MININTER";"NE_0001";"";"NE_0001";"NE_0001";"NE_0001";"NE_0001";"NE_0001";"NE_0001";"NE_0001"
"2023";"03";"120601";"JUNIN";"SATIPO";"SATIPO";"SANIDAD DE LA POLICIA NACIONAL DEL PERU";"I-2";"00011485";"POSTA MEDICA POLICIAL SATIPO";"NE_0001";"";"NE_0001";"NE_0001";"NE_0001";"NE_0001";"NE_0001";"NE_0001";"NE_0001"
"2023";"03";"140101";"LAMBAYEQUE";"CHICLAYO";"CHICLAYO";"PRIVADO";"II-E";"00012457";"CLINICA PROVIDA";"240800";"HOSPITALIZACIÓN QUIRÚRGICA CIRUGÍA PLÁSTICA/RECONSTRUCTIVA/ REPARADORA ";"23";"23";"10";"23";"1";"31";"0"
"2023";"03";"140101";"LAMBAYEQUE";"CHICLAYO";"CHICLAYO";"PRIVADO";"II-E";"00012457";"CLINICA PROVIDA";"240200";"HOSPITALIZACIÓN QUIRÚRGICA CIRUGÍA DE CABEZA Y CUELLO / MÁXILO FACIAL ";"1";"1";"3";"1";"1";"31";"0"
"2023";"03";"140101";"LAMBAYEQUE";"CHICLAYO";"CHICLAYO";"PRIVADO";"II-E";"00012457";"CLINICA PROVIDA";"240400";"HOSPITALIZACIÓN QUIRÚRGICA CIRUGÍA DE TÓRAX Y CARDIOVASCULAR ";"3";"3";"4";"3";"1";"31";"0"
"2023";"03";"140101";"LAMBAYEQUE";"CHICLAYO";"CHICLAYO";"PRIVADO";"II-E";"00012457";"CLINICA PROVIDA";"240100";"HOSPITALIZACIÓN QUIRÚRGICA CIRUGÍA GENERAL ";"48";"48";"77";"48";"2";"62";"0"
"2023";"03";"040108";"AREQUIPA";"AREQUIPA";"LA JOYA";"ESSALUD";"I-2";"00013305";"POSTA MEDICA LA JOYA";"NE_0001";"";"NE_0001";"NE_0001";"NE_0001";"NE_0001";"NE_0001";"NE_0001";"NE_0001"
"2023";"03";"140101";"LAMBAYEQUE";"CHICLAYO";"CHICLAYO";"PRIVADO";"II-E";"00012457";"CLINICA PROVIDA";"241200";"HOSPITALIZACIÓN QUIRÚRGICA TRAUMATOLOGÍA Y ORTOPEDIA ";"51";"50";"89";"51";"3";"93";"0"
"2023";"03";"140101";"LAMBAYEQUE";"CHICLAYO";"CHICLAYO";"PRIVADO";"II-E";"00012457";"CLINICA PROVIDA";"241400";"HOSPITALIZACIÓN QUIRÚRGICA GINECO - OBSTETRICIA ";"40";"40";"42";"40";"2";"62";"0"
"2023";"03";"140101";"LAMBAYEQUE";"CHICLAYO";"CHICLAYO";"PRIVADO";"II-E";"00012457";"CLINICA PROVIDA";"242100";"HOSPITALIZACIÓN DE MEDICINA ONCOLOGÍA MÉDICA ";"1";"1";"1";"1";"1";"31";"0"
"2023";"03";"140101";"LAMBAYEQUE";"CHICLAYO";"CHICLAYO";"PRIVADO";"II-E";"00012457";"CLINICA PROVIDA";"241300";"HOSPITALIZACIÓN QUIRÚRGICA UROLOGÍA  ";"13";"13";"21";"13";"1";"31";"0"
"2023";"03";"140101";"LAMBAYEQUE";"CHICLAYO";"CHICLAYO";"PRIVADO";"II-E";"00012457";"CLINICA PROVIDA";"241900";"HOSPITALIZACIÓN DE MEDICINA MEDICINA INTERNA ";"10";"10";"32";"10";"1";"31";"0"
"2023";"03";"140101";"LAMBAYEQUE";"CHICLAYO";"CHICLAYO";"PRIVADO";"II-E";"00012457";"CLINICA PROVIDA";"244300";"HOSPITALIZACIÓN DE MEDICINA GASTROENTEROLOGÍA  ";"2";"2";"5";"2";"1";"31";"0"
"2023";"03";"140101";"LAMBAYEQUE";"CHICLAYO";"CHICLAYO";"PRIVADO";"II-E";"00012457";"CLINICA PROVIDA";"241800";"HOSPITALIZACIÓN DE MEDICINA MEDICINA GENERAL ";"1";"1";"1";"1";"1";"31";"0"
"2023";"03";"140101";"LAMBAYEQUE";"CHICLAYO";"CHICLAYO";"PRIVADO";"II-E";"00012457";"CLINICA PROVIDA";"244600";"HOSPITALIZACIÓN DE MEDICINA NEFROLOGIA ";"1";"1";"4";"1";"1";"31";"0"
"2023";"03";"140101";"LAMBAYEQUE";"CHICLAYO";"CHICLAYO";"PRIVADO";"II-E";"00012457";"CLINICA PROVIDA";"241500";"HOSPITALIZACIÓN QUIRÚRGICA GINECOLOGÍA  ";"1";"1";"1";"1";"1";"31";"0"
"2023";"03";"150106";"LIMA";"LIMA";"CARABAYLLO";"SANIDAD DE LA POLICIA NACIONAL DEL PERU";"I-3";"00012664";"POLICLÌNICO  DE LA  POLICÍA  NACIONAL DEL PERÙ CARABAYLLO - DEFENSORES DE LA DEMOCRACIA ";"NE_0001";"";"NE_0001";"NE_0001";"NE_0001";"NE_0001";"NE_0001";"NE_0001";"NE_0001"
"2023";"03";"150122";"LIMA";"LIMA";"MIRAFLORES";"PRIVADO";"0";"00023901";"INSTITUTO DE GAMMA KNIFE DEL PACIFICO SAC";"NE_0001";"";"NE_0001";"NE_0001";"NE_0001";"NE_0001";"NE_0001";"NE_0001";"NE_0001"
"2023";"03";"030601";"APURIMAC";"CHINCHEROS";"CHINCHEROS";"SANIDAD DE LA POLICIA NACIONAL DEL PERU";"I-2";"00011894";"POSTA MÉDICA SANIDAD CHINCHEROS";"NE_0001";"";"NE_0001";"NE_0001";"NE_0001";"NE_0001";"NE_0001";"NE_0001";"NE_0001"
"2023";"03";"150129";"LIMA";"LIMA";"SAN BARTOLO";"SANIDAD DE LA POLICIA NACIONAL DEL PERU";"I-2";"00019390";"POSTA MEDICA ETS. PNP. SAN BARTOLO";"NE_0001";"";"NE_0001";"NE_0001";"NE_0001";"NE_0001";"NE_0001";"NE_0001";"NE_0001"
"2023";"03";"040112";"AREQUIPA";"AREQUIPA";"PAUCARPATA";"SANIDAD DE LA POLICIA NACIONAL DEL PERU";"I-2";"00011664";"POSTA MEDICA POLICIAL ""SAN MARTIN DE PORRES""  AREQUIPA";"NE_0001";"";"NE_0001";"NE_0001";"NE_0001";"NE_0001";"NE_0001";"NE_0001";"NE_0001"
"2023";"03";"061101";"CAJAMARCA";"SAN MIGUEL";"SAN MIGUEL";"ESSALUD";"I-2";"00010273";"POSTA MEDICA ESSALUD SAN MIGUEL";"NE_0001";"";"NE_0001";"NE_0001";"NE_0001";"NE_0001";"NE_0001";"NE_0001";"NE_0001"
"2023";"03";"240101";"TUMBES";"TUMBES";"TUMBES";"PRIVADO";"II-E";"00007874";"CLINICA FEIJOO EIRL";"240100";"HOSPITALIZACIÓN QUIRÚRGICA CIRUGÍA GENERAL ";"9";"9";"10";"9";"3";"93";"0"
"2023";"03";"240101";"TUMBES";"TUMBES";"TUMBES";"PRIVADO";"II-E";"00007874";"CLINICA FEIJOO EIRL";"241400";"HOSPITALIZACIÓN QUIRÚRGICA GINECO - OBSTETRICIA ";"6";"6";"9";"6";"3";"93";"0"
"2023";"02";"150141";"LIMA";"LIMA";"SURQUILLO";"SANIDAD DE LA POLICIA NACIONAL DEL PERU";"I-3";"00012822";"CENTRO ODONTOLOGICO PNP ANGAMOS";"NE_0001";"";"NE_0001";"NE_0001";"NE_0001";"NE_0001";"NE_0001";"NE_0001";"NE_0001"
"2023";"02";"140201";"LAMBAYEQUE";"FERREÑAFE";"FERREÑAFE";"GOBIERNO REGIONAL";"II-1";"00004440";"HOSPITAL PROVINCIA DE FERREÑAFE (HP_F)";"241600";"HOSPITALIZACIÓN QUIRÚRGICA OBSTETRICIA   ";"49";"51";"61";"112";"11";"308";"0"
"2023";"02";"140201";"LAMBAYEQUE";"FERREÑAFE";"FERREÑAFE";"GOBIERNO REGIONAL";"II-1";"00004440";"HOSPITAL PROVINCIA DE FERREÑAFE (HP_F)";"240000";"HOSPITALIZACIÓN";"68";"75";"198";"170";"17";"476";"2"
"2023";"02";"160108";"LORETO";"MAYNAS";"PUNCHANA";"ESSALUD";"III-1";"00011409";"HOSPITAL III IQUITOS";"241900";"HOSPITALIZACIÓN DE MEDICINA MEDICINA INTERNA ";"102";"93";"839";"783";"29";"812";"5"
"2023";"02";"160108";"LORETO";"MAYNAS";"PUNCHANA";"ESSALUD";"III-1";"00011409";"HOSPITAL III IQUITOS";"240100";"HOSPITALIZACIÓN QUIRÚRGICA CIRUGÍA GENERAL ";"186";"175";"707";"740";"27";"756";"0"
"2023";"02";"160108";"LORETO";"MAYNAS";"PUNCHANA";"ESSALUD";"III-1";"00011409";"HOSPITAL III IQUITOS";"241400";"HOSPITALIZACIÓN QUIRÚRGICA GINECO - OBSTETRICIA ";"32";"30";"95";"106";"4";"112";"0"
"2023";"02";"160108";"LORETO";"MAYNAS";"PUNCHANA";"ESSALUD";"III-1";"00011409";"HOSPITAL III IQUITOS";"241600";"HOSPITALIZACIÓN QUIRÚRGICA OBSTETRICIA   ";"172";"161";"327";"331";"18";"504";"0"
"2023";"02";"160108";"LORETO";"MAYNAS";"PUNCHANA";"ESSALUD";"III-1";"00011409";"HOSPITAL III IQUITOS";"242300";"HOSPITALIZACIÓN DE PEDIATRÍA  PEDIATRÍA  GENERAL ";"80";"76";"295";"349";"14";"392";"1"
"2023";"02";"160108";"LORETO";"MAYNAS";"PUNCHANA";"ESSALUD";"III-1";"00011409";"HOSPITAL III IQUITOS";"250100";"UNIDAD DE CUIDADOS CRITICOS UNIDAD  DE CUIDADOS INTENSIVOS GENERALES (UCI) ";"28";"29";"277";"227";"10";"280";"8"
"2023";"02";"160108";"LORETO";"MAYNAS";"PUNCHANA";"ESSALUD";"III-1";"00011409";"HOSPITAL III IQUITOS";"250200";"UNIDAD DE CUIDADOS CRITICOS UNIDAD DE CUIDADOS INTERMEDIOS GENERAL  (UCIN) ";"63";"70";"282";"280";"11";"308";"0"
"2023";"02";"150110";"LIMA";"LIMA";"COMAS";"PRIVADO";"II-E";"00030606";"VISANA CLINICA  ESPECIALIZADA OFTALMOLOGICA";"NE_0001";"";"NE_0001";"NE_0001";"NE_0001";"NE_0001";"NE_0001";"NE_0001";"NE_0001"
"2023";"02";"080910";"CUSCO";"LA CONVENCION";"PICHARI";"GOBIERNO REGIONAL";"I-1";"00015104";"TAMBO DEL ENE";"NE_0001";"";"NE_0001";"NE_0001";"NE_0001";"NE_0001";"NE_0001";"NE_0001";"NE_0001"
"2023";"02";"080910";"CUSCO";"LA CONVENCION";"PICHARI";"GOBIERNO REGIONAL";"I-3";"00002495";"MANTARO";"NE_0001";"";"NE_0001";"NE_0001";"NE_0001";"NE_0001";"NE_0001";"NE_0001";"NE_0001"
"2023";"02";"080910";"CUSCO";"LA CONVENCION";"PICHARI";"GOBIERNO REGIONAL";"I-1";"00015169";"PITIRINQUINI";"NE_0001";"";"NE_0001";"NE_0001";"NE_0001";"NE_0001";"NE_0001";"NE_0001";"NE_0001"
"2023";"02";"100110";"HUANUCO";"HUANUCO";"YARUMAYO";"GOBIERNO REGIONAL";"I-1";"00000795";"CHULLAY";"NE_0001";"";"NE_0001";"NE_0001";"NE_0001";"NE_0001";"NE_0001";"NE_0001";"NE_0001"
"2023";"02";"100110";"HUANUCO";"HUANUCO";"YARUMAYO";"GOBIERNO REGIONAL";"I-3";"00000793";"YARUMAYO";"NE_0001";"";"NE_0001";"NE_0001";"NE_0001";"NE_0001";"NE_0001";"NE_0001";"NE_0001"
"2023";"02";"100110";"HUANUCO";"HUANUCO";"YARUMAYO";"GOBIERNO REGIONAL";"I-2";"00006906";"TRES DE MAYO DE ANDAS CHICO";"NE_0001";"";"NE_0001";"NE_0001";"NE_0001";"NE_0001";"NE_0001";"NE_0001";"NE_0001"
"2023";"02";"080914";"CUSCO";"LA CONVENCION";"MEGANTONI";"GOBIERNO REGIONAL";"I-2";"00002435";"MIARIA";"NE_0001";"";"NE_0001";"NE_0001";"NE_0001";"NE_0001";"NE_0001";"NE_0001";"NE_0001"
"2023";"02";"080914";"CUSCO";"LA CONVENCION";"MEGANTONI";"GOBIERNO REGIONAL";"I-2";"00002445";"TIMPIA";"NE_0001";"";"NE_0001";"NE_0001";"NE_0001";"NE_0001";"NE_0001";"NE_0001";"NE_0001"
"2023";"02";"080914";"CUSCO";"LA CONVENCION";"MEGANTONI";"GOBIERNO REGIONAL";"I-1";"00013067";"TANGOSHIARI";"NE_0001";"";"NE_0001";"NE_0001";"NE_0001";"NE_0001";"NE_0001";"NE_0001";"NE_0001"
"2023";"02";"080914";"CUSCO";"LA CONVENCION";"MEGANTONI";"GOBIERNO REGIONAL";"I-1";"00015235";"NUEVA VIDA";"NE_0001";"";"NE_0001";"NE_0001";"NE_0001";"NE_0001";"NE_0001";"NE_0001";"NE_0001"
"2023";"02";"080914";"CUSCO";"LA CONVENCION";"MEGANTONI";"GOBIERNO REGIONAL";"I-1";"00002436";"NUEVA LUZ";"NE_0001";"";"NE_0001";"NE_0001";"NE_0001";"NE_0001";"NE_0001";"NE_0001";"NE_0001"
"2023";"02";"080914";"CUSCO";"LA CONVENCION";"MEGANTONI";"GOBIERNO REGIONAL";"I-1";"00013066";"MONTETONI";"NE_0001";"";"NE_0001";"NE_0001";"NE_0001";"NE_0001";"NE_0001";"NE_0001";"NE_0001"
"2023";"02";"080914";"CUSCO";"LA CONVENCION";"MEGANTONI";"GOBIERNO REGIONAL";"I-1";"00015843";"CASHIRIARI";"NE_0001";"";"NE_0001";"NE_0001";"NE_0001";"NE_0001";"NE_0001";"NE_0001";"NE_0001"
"2023";"02";"080914";"CUSCO";"LA CONVENCION";"MEGANTONI";"GOBIERNO REGIONAL";"I-1";"00015844";"CAMANA";"NE_0001";"";"NE_0001";"NE_0001";"NE_0001";"NE_0001";"NE_0001";"NE_0001";"NE_0001"
"2023";"02";"080914";"CUSCO";"LA CONVENCION";"MEGANTONI";"GOBIERNO REGIONAL";"I-2";"00002437";"NUEVO MUNDO";"NE_0001";"";"NE_0001";"NE_0001";"NE_0001";"NE_0001";"NE_0001";"NE_0001";"NE_0001"
"2023";"02";"080914";"CUSCO";"LA CONVENCION";"MEGANTONI";"GOBIERNO REGIONAL";"I-1";"00002428";"CHOCORIARI";"NE_0001";"";"NE_0001";"NE_0001";"NE_0001";"NE_0001";"NE_0001";"NE_0001";"NE_0001"
"2023";"02";"080914";"CUSCO";"LA CONVENCION";"MEGANTONI";"GOBIERNO REGIONAL";"I-1";"00002441";"PUERTO HUALLANA";"NE_0001";"";"NE_0001";"NE_0001";"NE_0001";"NE_0001";"NE_0001";"NE_0001";"NE_0001"
"2023";"02";"080914";"CUSCO";"LA CONVENCION";"MEGANTONI";"GOBIERNO REGIONAL";"I-1";"00002442";"PUERTO RICO";"NE_0001";"";"NE_0001";"NE_0001";"NE_0001";"NE_0001";"NE_0001";"NE_0001";"NE_0001"
"2023";"02";"080914";"CUSCO";"LA CONVENCION";"MEGANTONI";"GOBIERNO REGIONAL";"I-2";"00002452";"SHIVANKORENI";"NE_0001";"";"NE_0001";"NE_0001";"NE_0001";"NE_0001";"NE_0001";"NE_0001";"NE_0001"
"2023";"02";"080914";"CUSCO";"LA CONVENCION";"MEGANTONI";"GOBIERNO REGIONAL";"I-3";"00002426";"KIRIGUETI";"NE_0001";"";"NE_0001";"NE_0001";"NE_0001";"NE_0001";"NE_0001";"NE_0001";"NE_0001"
"2023";"02";"080914";"CUSCO";"LA CONVENCION";"MEGANTONI";"GOBIERNO REGIONAL";"I-1";"00002444";"SENSA";"NE_0001";"";"NE_0001";"NE_0001";"NE_0001";"NE_0001";"NE_0001";"NE_0001";"NE_0001"
"2023";"02";"080914";"CUSCO";"LA CONVENCION";"MEGANTONI";"GOBIERNO REGIONAL";"I-4";"00002448";"KAMISEA";"NE_0001";"";"NE_0001";"NE_0001";"NE_0001";"NE_0001";"NE_0001";"NE_0001";"NE_0001"
"2023";"01";"250301";"UCAYALI";"PADRE ABAD";"PADRE ABAD";"GOBIERNO REGIONAL";"I-2";"00006802";"SHAMBILLO";"NE_0001";"";"NE_0001";"NE_0001";"NE_0001";"NE_0001";"NE_0001";"NE_0001";"NE_0001"
"2023";"01";"250301";"UCAYALI";"PADRE ABAD";"PADRE ABAD";"GOBIERNO REGIONAL";"I-2";"00005411";"SANTA ROSA DE AGUAYTIA";"NE_0001";"";"NE_0001";"NE_0001";"NE_0001";"NE_0001";"NE_0001";"NE_0001";"NE_0001"
"2023";"01";"250301";"UCAYALI";"PADRE ABAD";"PADRE ABAD";"GOBIERNO REGIONAL";"I-1";"00005410";"SANTA ANA";"NE_0001";"";"NE_0001";"NE_0001";"NE_0001";"NE_0001";"NE_0001";"NE_0001";"NE_0001"
"2023";"01";"250301";"UCAYALI";"PADRE ABAD";"PADRE ABAD";"GOBIERNO REGIONAL";"I-2";"00005407";"COMUNIDAD NATIVA DE PUERTO AZUL";"NE_0001";"";"NE_0001";"NE_0001";"NE_0001";"NE_0001";"NE_0001";"NE_0001";"NE_0001"
"2023";"01";"250301";"UCAYALI";"PADRE ABAD";"PADRE ABAD";"GOBIERNO REGIONAL";"I-2";"00005406";"PREVISTO";"NE_0001";"";"NE_0001";"NE_0001";"NE_0001";"NE_0001";"NE_0001";"NE_0001";"NE_0001"
"2023";"01";"250301";"UCAYALI";"PADRE ABAD";"PADRE ABAD";"GOBIERNO REGIONAL";"I-1";"00005403";"MIGUEL GRAU SEMINARIO";"NE_0001";"";"NE_0001";"NE_0001";"NE_0001";"NE_0001";"NE_0001";"NE_0001";"NE_0001"
"2023";"01";"250301";"UCAYALI";"PADRE ABAD";"PADRE ABAD";"GOBIERNO REGIONAL";"I-1";"00005402";"MARISCAL CACERES.";"NE_0001";"";"NE_0001";"NE_0001";"NE_0001";"NE_0001";"NE_0001";"NE_0001";"NE_0001"
"2023";"01";"250301";"UCAYALI";"PADRE ABAD";"PADRE ABAD";"GOBIERNO REGIONAL";"I-1";"00005401";"LA DIVISORIA";"NE_0001";"";"NE_0001";"NE_0001";"NE_0001";"NE_0001";"NE_0001";"NE_0001";"NE_0001"
"2023";"01";"250301";"UCAYALI";"PADRE ABAD";"PADRE ABAD";"GOBIERNO REGIONAL";"I-2";"00005400";"HUIPOCA";"NE_0001";"";"NE_0001";"NE_0001";"NE_0001";"NE_0001";"NE_0001";"NE_0001";"NE_0001"
"2023";"01";"250301";"UCAYALI";"PADRE ABAD";"PADRE ABAD";"GOBIERNO REGIONAL";"I-2";"00005399";"BOQUERON";"NE_0001";"";"NE_0001";"NE_0001";"NE_0001";"NE_0001";"NE_0001";"NE_0001";"NE_0001"
"2023";"01";"250301";"UCAYALI";"PADRE ABAD";"PADRE ABAD";"GOBIERNO REGIONAL";"I-1";"00005398";"ALTO AGUAYTIA.";"NE_0001";"";"NE_0001";"NE_0001";"NE_0001";"NE_0001";"NE_0001";"NE_0001";"NE_0001"
"2023";"01";"250301";"UCAYALI";"PADRE ABAD";"PADRE ABAD";"GOBIERNO REGIONAL";"I-1";"00005397";"3 DE OCTUBRE";"NE_0001";"";"NE_0001";"NE_0001";"NE_0001";"NE_0001";"NE_0001";"NE_0001";"NE_0001"
"2023";"01";"250301";"UCAYALI";"PADRE ABAD";"PADRE ABAD";"GOBIERNO REGIONAL";"I-4";"00005395";"AGUAYTIA";"NE_0002";"";"NE_0002";"NE_0002";"NE_0002";"NE_0002";"NE_0002";"NE_0002";"NE_0002"
"2023";"03";"110101";"ICA";"ICA";"ICA";"ESSALUD";"II-2";"00016374";"HOSPITAL IV AUGUSTO HERNANDEZ MENDOZA";"241900";"HOSPITALIZACIÓN DE MEDICINA MEDICINA INTERNA ";"40";"59";"649";"739";"19";"589";"11"
"2023";"03";"110101";"ICA";"ICA";"ICA";"ESSALUD";"II-2";"00016374";"HOSPITAL IV AUGUSTO HERNANDEZ MENDOZA";"244600";"HOSPITALIZACIÓN DE MEDICINA NEFROLOGIA ";"8";"7";"78";"79";"3";"93";"0"
"2023";"03";"110101";"ICA";"ICA";"ICA";"ESSALUD";"II-2";"00016374";"HOSPITAL IV AUGUSTO HERNANDEZ MENDOZA";"244200";"HOSPITALIZACIÓN DE MEDICINA ENDOCRINOLOGIA ";"5";"6";"79";"62";"2";"62";"0"
"2023";"03";"110101";"ICA";"ICA";"ICA";"ESSALUD";"II-2";"00016374";"HOSPITAL IV AUGUSTO HERNANDEZ MENDOZA";"245300";"HOSPITALIZACIÓN DE MEDICINA NEUMOLOGÍA  ";"1";"1";"151";"30";"1";"31";"0"
"2023";"03";"110101";"ICA";"ICA";"ICA";"ESSALUD";"II-2";"00016374";"HOSPITAL IV AUGUSTO HERNANDEZ MENDOZA";"244700";"HOSPITALIZACIÓN DE MEDICINA NEUROLOGIA  ";"3";"3";"15";"30";"1";"31";"0"
"2023";"03";"110101";"ICA";"ICA";"ICA";"ESSALUD";"II-2";"00016374";"HOSPITAL IV AUGUSTO HERNANDEZ MENDOZA";"242100";"HOSPITALIZACIÓN DE MEDICINA ONCOLOGÍA MÉDICA ";"4";"15";"55";"30";"1";"31";"0"
"2023";"03";"110101";"ICA";"ICA";"ICA";"ESSALUD";"II-2";"00016374";"HOSPITAL IV AUGUSTO HERNANDEZ MENDOZA";"244000";"HOSPITALIZACIÓN DE MEDICINA CARDIOLOGIA ";"5";"4";"16";"30";"1";"31";"0"
"2023";"03";"110101";"ICA";"ICA";"ICA";"ESSALUD";"II-2";"00016374";"HOSPITAL IV AUGUSTO HERNANDEZ MENDOZA";"245500";"HOSPITALIZACIÓN DE MEDICINA REUMATOLOGÍA    ";"2";"1";"8";"30";"1";"31";"0"
"2023";"03";"110101";"ICA";"ICA";"ICA";"ESSALUD";"II-2";"00016374";"HOSPITAL IV AUGUSTO HERNANDEZ MENDOZA";"240100";"HOSPITALIZACIÓN QUIRÚRGICA CIRUGÍA GENERAL ";"133";"119";"472";"408";"20";"620";"0"
"2023";"03";"110101";"ICA";"ICA";"ICA";"ESSALUD";"II-2";"00016374";"HOSPITAL IV AUGUSTO HERNANDEZ MENDOZA";"241200";"HOSPITALIZACIÓN QUIRÚRGICA TRAUMATOLOGÍA Y ORTOPEDIA ";"41";"111";"666";"558";"18";"558";"2"
"2023";"03";"110101";"ICA";"ICA";"ICA";"ESSALUD";"II-2";"00016374";"HOSPITAL IV AUGUSTO HERNANDEZ MENDOZA";"241300";"HOSPITALIZACIÓN QUIRÚRGICA UROLOGÍA  ";"34";"29";"137";"186";"6";"186";"0"
"2023";"03";"110101";"ICA";"ICA";"ICA";"ESSALUD";"II-2";"00016374";"HOSPITAL IV AUGUSTO HERNANDEZ MENDOZA";"240900";"HOSPITALIZACIÓN QUIRÚRGICA NEUROCIRUGÍA ";"4";"6";"89";"62";"2";"62";"0"
"2023";"03";"110101";"ICA";"ICA";"ICA";"ESSALUD";"II-2";"00016374";"HOSPITAL IV AUGUSTO HERNANDEZ MENDOZA";"240801";"HOSPITALIZACIÓN QUIRÚRGICA CIRUGÍA PLÁSTICA/RECONSTRUCTIVA/ REPARADORA QUEMADOS";"10";"9";"11";"30";"1";"31";"0"
"2023";"03";"110101";"ICA";"ICA";"ICA";"ESSALUD";"II-2";"00016374";"HOSPITAL IV AUGUSTO HERNANDEZ MENDOZA";"241100";"HOSPITALIZACIÓN QUIRÚRGICA OTORRINOLARINGOLOGÍA  ";"12";"10";"16";"30";"1";"31";"0"
"2023";"03";"110101";"ICA";"ICA";"ICA";"ESSALUD";"II-2";"00016374";"HOSPITAL IV AUGUSTO HERNANDEZ MENDOZA";"241500";"HOSPITALIZACIÓN QUIRÚRGICA GINECOLOGÍA  ";"46";"42";"188";"137";"6";"186";"0"
"2023";"03";"110101";"ICA";"ICA";"ICA";"ESSALUD";"II-2";"00016374";"HOSPITAL IV AUGUSTO HERNANDEZ MENDOZA";"241600";"HOSPITALIZACIÓN QUIRÚRGICA OBSTETRICIA   ";"135";"115";"410";"376";"22";"682";"0"
"2023";"03";"110101";"ICA";"ICA";"ICA";"ESSALUD";"II-2";"00016374";"HOSPITAL IV AUGUSTO HERNANDEZ MENDOZA";"242300";"HOSPITALIZACIÓN DE PEDIATRÍA  PEDIATRÍA  GENERAL ";"38";"21";"115";"130";"7";"217";"1"
"2023";"03";"110101";"ICA";"ICA";"ICA";"ESSALUD";"II-2";"00016374";"HOSPITAL IV AUGUSTO HERNANDEZ MENDOZA";"250100";"UNIDAD DE CUIDADOS CRITICOS UNIDAD  DE CUIDADOS INTENSIVOS GENERALES (UCI) ";"15";"15";"307";"305";"19";"589";"10"
"2023";"03";"110101";"ICA";"ICA";"ICA";"ESSALUD";"II-2";"00016374";"HOSPITAL IV AUGUSTO HERNANDEZ MENDOZA";"250200";"UNIDAD DE CUIDADOS CRITICOS UNIDAD DE CUIDADOS INTERMEDIOS GENERAL  (UCIN) ";"20";"21";"147";"167";"8";"248";"0"
"2023";"03";"150131";"LIMA";"LIMA";"SAN ISIDRO";"PRIVADO";"II-2";"00008398";"CLINICA EL GOLF";"240000";"HOSPITALIZACIÓN";"198";"210";"1291";"349";"54";"1674";"6"
"2023";"03";"150131";"LIMA";"LIMA";"SAN ISIDRO";"PRIVADO";"II-2";"00008398";"CLINICA EL GOLF";"250103";"UNIDAD DE CUIDADOS CRITICOS UNIDAD  DE CUIDADOS INTENSIVOS GENERALES  (UCI) MEDICINA";"17";"4";"95";"30";"6";"186";"3"
"2023";"03";"130401";"LA LIBERTAD";"CHEPEN";"CHEPEN";"ESSALUD";"II-1";"00009954";"HOSPITAL I CHEPEN ESSALUD";"241900";"HOSPITALIZACIÓN DE MEDICINA MEDICINA INTERNA ";"43";"43";"222";"185";"6";"186";"6"
"2023";"03";"130401";"LA LIBERTAD";"CHEPEN";"CHEPEN";"ESSALUD";"II-1";"00009954";"HOSPITAL I CHEPEN ESSALUD";"240100";"HOSPITALIZACIÓN QUIRÚRGICA CIRUGÍA GENERAL ";"18";"19";"33";"62";"2";"62";"0"
"2023";"03";"130401";"LA LIBERTAD";"CHEPEN";"CHEPEN";"ESSALUD";"II-1";"00009954";"HOSPITAL I CHEPEN ESSALUD";"241500";"HOSPITALIZACIÓN QUIRÚRGICA GINECOLOGÍA  ";"13";"12";"56";"62";"2";"62";"0"
"2023";"03";"130401";"LA LIBERTAD";"CHEPEN";"CHEPEN";"ESSALUD";"II-1";"00009954";"HOSPITAL I CHEPEN ESSALUD";"242300";"HOSPITALIZACIÓN DE PEDIATRÍA  PEDIATRÍA  GENERAL ";"11";"11";"45";"62";"2";"62";"0"
"2023";"03";"150106";"LIMA";"LIMA";"CARABAYLLO";"PRIVADO";"I-3";"00017468";"POLICLINICO NIÑO DE LA ESPINA SAC";"NE_0001";"";"NE_0001";"NE_0001";"NE_0001";"NE_0001";"NE_0001";"NE_0001";"NE_0001"
"2023";"03";"110107";"ICA";"ICA";"PUEBLO NUEVO";"MINSA";"I-3";"00003370";"CENTRO DE SALUD PUEBLO NUEVO";"NE_0001";"";"NE_0001";"NE_0001";"NE_0001";"NE_0001";"NE_0001";"NE_0001";"NE_0001"
"2023";"03";"110113";"ICA";"ICA";"TATE";"GOBIERNO REGIONAL";"I-3";"00003371";"TATE";"NE_0001";"";"NE_0001";"NE_0001";"NE_0001";"NE_0001";"NE_0001";"NE_0001";"NE_0001"
"2023";"03";"110107";"ICA";"ICA";"PUEBLO NUEVO";"GOBIERNO REGIONAL";"I-1";"00003403";"CALLEJON LOS ESPINOS";"NE_0001";"";"NE_0001";"NE_0001";"NE_0001";"NE_0001";"NE_0001";"NE_0001";"NE_0001"
"2023";"03";"110113";"ICA";"ICA";"TATE";"GOBIERNO REGIONAL";"I-1";"00003404";"LUJARAJA";"NE_0001";"";"NE_0001";"NE_0001";"NE_0001";"NE_0001";"NE_0001";"NE_0001";"NE_0001"
"2023";"03";"110113";"ICA";"ICA";"TATE";"GOBIERNO REGIONAL";"I-1";"00003406";"LOS CALDERONES";"NE_0001";"";"NE_0001";"NE_0001";"NE_0001";"NE_0001";"NE_0001";"NE_0001";"NE_0001"
"2023";"03";"110105";"ICA";"ICA";"PACHACUTEC";"GOBIERNO REGIONAL";"I-2";"00003407";"EL PALTO";"NE_0001";"";"NE_0001";"NE_0001";"NE_0001";"NE_0001";"NE_0001";"NE_0001";"NE_0001"
"2023";"03";"110105";"ICA";"ICA";"PACHACUTEC";"MINSA";"I-2";"00003372";"PACHACUTEC";"NE_0001";"";"NE_0001";"NE_0001";"NE_0001";"NE_0001";"NE_0001";"NE_0001";"NE_0001"
"2023";"01";"250101";"UCAYALI";"CORONEL PORTILLO";"CALLERIA";"GOBIERNO REGIONAL";"0";"00027157";"SISTEMA DE ATENCIÓN MÓVIL DE URGENCIAS (SAMU)";"NE_0001";"";"NE_0001";"NE_0001";"NE_0001";"NE_0001";"NE_0001";"NE_0001";"NE_0001"
"2023";"01";"250303";"UCAYALI";"PADRE ABAD";"CURIMANA";"GOBIERNO REGIONAL";"I-1";"00025049";"PUESTO DE SALUD MERIBA";"NE_0001";"";"NE_0001";"NE_0001";"NE_0001";"NE_0001";"NE_0001";"NE_0001";"NE_0001"
"2023";"01";"250105";"UCAYALI";"CORONEL PORTILLO";"YARINACOCHA";"GOBIERNO REGIONAL";"0";"00014314";"LABORATORIO DE REFERENCIA REGIONAL EN SALUD PUBLICA UCAYALI";"NE_0001";"";"NE_0001";"NE_0001";"NE_0001";"NE_0001";"NE_0001";"NE_0001";"NE_0001"
"2023";"01";"250105";"UCAYALI";"CORONEL PORTILLO";"YARINACOCHA";"GOBIERNO REGIONAL";"I-1";"00007237";"NUEVA UNION";"NE_0001";"";"NE_0001";"NE_0001";"NE_0001";"NE_0001";"NE_0001";"NE_0001";"NE_0001"
"2023";"01";"250303";"UCAYALI";"PADRE ABAD";"CURIMANA";"GOBIERNO REGIONAL";"I-1";"00006950";"PUEBLO LIBRE CURIMANA";"NE_0001";"";"NE_0001";"NE_0001";"NE_0001";"NE_0001";"NE_0001";"NE_0001";"NE_0001"
"2023";"02";"100105";"HUANUCO";"HUANUCO";"MARGOS";"GOBIERNO REGIONAL";"I-1";"00000798";"JESUS DE NAZARETH DE COCHAS";"NE_0001";"";"NE_0001";"NE_0001";"NE_0001";"NE_0001";"NE_0001";"NE_0001";"NE_0001"
"2023";"02";"100105";"HUANUCO";"HUANUCO";"MARGOS";"GOBIERNO REGIONAL";"I-1";"00000799";"SAN FRANCISCO DE LLAMAPASHILLUM";"NE_0001";"";"NE_0001";"NE_0001";"NE_0001";"NE_0001";"NE_0001";"NE_0001";"NE_0001"
"2023";"02";"100105";"HUANUCO";"HUANUCO";"MARGOS";"GOBIERNO REGIONAL";"I-1";"00000800";"PACAYHUA";"NE_0001";"";"NE_0001";"NE_0001";"NE_0001";"NE_0001";"NE_0001";"NE_0001";"NE_0001"
"2023";"02";"150122";"LIMA";"LIMA";"MIRAFLORES";"OTRO";"II-2";"00010827";"HOGAR DE LA MADRE CLINICA-HOSPITAL";"241500";"HOSPITALIZACIÓN QUIRÚRGICA GINECOLOGÍA  ";"134";"126";"378";"402";"25";"415";"0"
"2023";"02";"030101";"APURIMAC";"ABANCAY";"ABANCAY";"ESSALUD";"II-2";"00011213";"HOSPITAL II ESSALUD ABANCAY";"241900";"HOSPITALIZACIÓN DE MEDICINA MEDICINA INTERNA ";"54";"54";"375";"359";"13";"364";"3"
"2023";"02";"030101";"APURIMAC";"ABANCAY";"ABANCAY";"ESSALUD";"II-2";"00011213";"HOSPITAL II ESSALUD ABANCAY";"250100";"UNIDAD DE CUIDADOS CRITICOS UNIDAD  DE CUIDADOS INTENSIVOS GENERALES (UCI) ";"6";"6";"43";"107";"5";"140";"4"
"2023";"02";"030101";"APURIMAC";"ABANCAY";"ABANCAY";"ESSALUD";"II-2";"00011213";"HOSPITAL II ESSALUD ABANCAY";"240100";"HOSPITALIZACIÓN QUIRÚRGICA CIRUGÍA GENERAL ";"95";"95";"419";"420";"15";"420";"1"
"2023";"02";"030101";"APURIMAC";"ABANCAY";"ABANCAY";"ESSALUD";"II-2";"00011213";"HOSPITAL II ESSALUD ABANCAY";"241400";"HOSPITALIZACIÓN QUIRÚRGICA GINECO - OBSTETRICIA ";"29";"29";"67";"75";"3";"84";"0"
"2023";"02";"030101";"APURIMAC";"ABANCAY";"ABANCAY";"ESSALUD";"II-2";"00011213";"HOSPITAL II ESSALUD ABANCAY";"241600";"HOSPITALIZACIÓN QUIRÚRGICA OBSTETRICIA   ";"64";"64";"152";"133";"5";"140";"0"
"2023";"02";"030101";"APURIMAC";"ABANCAY";"ABANCAY";"ESSALUD";"II-2";"00011213";"HOSPITAL II ESSALUD ABANCAY";"242300";"HOSPITALIZACIÓN DE PEDIATRÍA  PEDIATRÍA  GENERAL ";"36";"36";"154";"127";"5";"140";"0"
"2023";"02";"120214";"JUNIN";"CONCEPCION";"SAN JOSE DE QUERO";"GOBIERNO REGIONAL";"I-1";"00000643";"SAN ROQUE DE HUARMITA";"NE_0001";"";"NE_0001";"NE_0001";"NE_0001";"NE_0001";"NE_0001";"NE_0001";"NE_0001"
"2023";"03";"200101";"PIURA";"PIURA";"PIURA";"PRIVADO";"II-1";"00013042";"CLÍNICA LOS COCOS";"240100";"HOSPITALIZACIÓN QUIRÚRGICA CIRUGÍA GENERAL ";"114";"102";"222";"228";"12";"372";"0"
"2023";"03";"200101";"PIURA";"PIURA";"PIURA";"PRIVADO";"II-1";"00013042";"CLÍNICA LOS COCOS";"241400";"HOSPITALIZACIÓN QUIRÚRGICA GINECO - OBSTETRICIA ";"213";"211";"289";"298";"16";"496";"0"
"2023";"03";"200101";"PIURA";"PIURA";"PIURA";"PRIVADO";"II-1";"00013042";"CLÍNICA LOS COCOS";"241800";"HOSPITALIZACIÓN DE MEDICINA MEDICINA GENERAL ";"15";"20";"34";"34";"7";"217";"0"
"2023";"03";"040112";"AREQUIPA";"AREQUIPA";"PAUCARPATA";"GOBIERNO REGIONAL";"I-2";"00001311";"PUESTO DE SALUD ALTO JESUS";"NE_0001";"";"NE_0001";"NE_0001";"NE_0001";"NE_0001";"NE_0001";"NE_0001";"NE_0001"
"2023";"03";"040112";"AREQUIPA";"AREQUIPA";"PAUCARPATA";"GOBIERNO REGIONAL";"I-3";"00001297";"CENTRO DE SALUD CIUDAD BLANCA";"NE_0001";"";"NE_0001";"NE_0001";"NE_0001";"NE_0001";"NE_0001";"NE_0001";"NE_0001"
"2023";"03";"040112";"AREQUIPA";"AREQUIPA";"PAUCARPATA";"GOBIERNO REGIONAL";"I-2";"00001312";"PUESTO DE SALUD ISRAEL";"NE_0001";"";"NE_0001";"NE_0001";"NE_0001";"NE_0001";"NE_0001";"NE_0001";"NE_0001"
"2023";"03";"040112";"AREQUIPA";"AREQUIPA";"PAUCARPATA";"GOBIERNO REGIONAL";"I-2";"00007744";"PUESTO DE SALUD VILLA JESUS";"NE_0001";"";"NE_0001";"NE_0001";"NE_0001";"NE_0001";"NE_0001";"NE_0001";"NE_0001"
"2023";"03";"040112";"AREQUIPA";"AREQUIPA";"PAUCARPATA";"GOBIERNO REGIONAL";"I-3";"00001314";"SAN JUAN DE CIUDAD BLANCA";"NE_0001";"";"NE_0001";"NE_0001";"NE_0001";"NE_0001";"NE_0001";"NE_0001";"NE_0001"
"2023";"03";"040112";"AREQUIPA";"AREQUIPA";"PAUCARPATA";"GOBIERNO REGIONAL";"I-3";"00025066";"CENTRO DE SALUD MENTAL COMUNITARIO AYELEN";"NE_0001";"";"NE_0001";"NE_0001";"NE_0001";"NE_0001";"NE_0001";"NE_0001";"NE_0001"
"2023";"03";"021806";"ANCASH";"SANTA";"NEPEÑA";"ESSALUD";"I-3";"00009921";"CENTRO DE ATENCION PRIMARIA II SAN JACINTO";"NE_0001";"";"NE_0001";"NE_0001";"NE_0001";"NE_0001";"NE_0001";"NE_0001";"NE_0001"
"2023";"03";"130101";"LA LIBERTAD";"TRUJILLO";"TRUJILLO";"PRIVADO";"II-E";"00016830";"CLINICA CAMINO REAL";"240000";"HOSPITALIZACIÓN";"54";"50";"162";"229";"8";"224";"0"
"2023";"03";"061001";"CAJAMARCA";"SAN MARCOS";"PEDRO GALVEZ";"ESSALUD";"I-2";"00010275";"POSTA MEDICA DE SAN MARCOS";"NE_0001";"";"NE_0001";"NE_0001";"NE_0001";"NE_0001";"NE_0001";"NE_0001";"NE_0001"
"2023";"03";"150130";"LIMA";"LIMA";"SAN BORJA";"PRIVADO";"II-E";"00011056";"OFTALMIC SERVICE SAC";"NE_0001";"";"NE_0001";"NE_0001";"NE_0001";"NE_0001";"NE_0001";"NE_0001";"NE_0001"
"2023";"03";"211301";"PUNO";"YUNGUYO";"YUNGUYO";"GOBIERNO REGIONAL";"II-1";"00003349";"YUNGUYO";"240100";"HOSPITALIZACIÓN QUIRÚRGICA CIRUGÍA GENERAL ";"20";"21";"50";"50";"4";"124";"0"
"2023";"03";"211301";"PUNO";"YUNGUYO";"YUNGUYO";"GOBIERNO REGIONAL";"II-1";"00003349";"YUNGUYO";"241400";"HOSPITALIZACIÓN QUIRÚRGICA GINECO - OBSTETRICIA ";"18";"18";"38";"38";"3";"93";"0"
"2023";"03";"211301";"PUNO";"YUNGUYO";"YUNGUYO";"GOBIERNO REGIONAL";"II-1";"00003349";"YUNGUYO";"241600";"HOSPITALIZACIÓN QUIRÚRGICA OBSTETRICIA   ";"24";"24";"41";"41";"7";"217";"0"
"2023";"03";"211301";"PUNO";"YUNGUYO";"YUNGUYO";"GOBIERNO REGIONAL";"II-1";"00003349";"YUNGUYO";"241800";"HOSPITALIZACIÓN DE MEDICINA MEDICINA GENERAL ";"19";"21";"80";"80";"10";"310";"0"
"2023";"03";"211301";"PUNO";"YUNGUYO";"YUNGUYO";"GOBIERNO REGIONAL";"II-1";"00003349";"YUNGUYO";"242500";"HOSPITALIZACIÓN-PEDIATRÍA GENERAL-";"2";"2";"5";"5";"4";"124";"0"
"2023";"03";"021801";"ANCASH";"SANTA";"CHIMBOTE";"GOBIERNO REGIONAL";"II-2";"00001652";"HOSPITAL LA CALETA";"241300";"HOSPITALIZACIÓN QUIRÚRGICA UROLOGÍA  ";"12";"9";"31";"38";"2";"62";"0"
"2023";"03";"021801";"ANCASH";"SANTA";"CHIMBOTE";"GOBIERNO REGIONAL";"II-2";"00001652";"HOSPITAL LA CALETA";"240200";"HOSPITALIZACIÓN QUIRÚRGICA CIRUGÍA DE CABEZA Y CUELLO / MÁXILO FACIAL ";"4";"3";"8";"11";"1";"31";"0"
"2023";"03";"021801";"ANCASH";"SANTA";"CHIMBOTE";"GOBIERNO REGIONAL";"II-2";"00001652";"HOSPITAL LA CALETA";"240800";"HOSPITALIZACIÓN QUIRÚRGICA CIRUGÍA PLÁSTICA/RECONSTRUCTIVA/ REPARADORA ";"2";"2";"7";"7";"1";"31";"0"
"2023";"03";"021801";"ANCASH";"SANTA";"CHIMBOTE";"GOBIERNO REGIONAL";"II-2";"00001652";"HOSPITAL LA CALETA";"242500";"HOSPITALIZACIÓN-PEDIATRÍA GENERAL-";"170";"176";"534";"616";"23";"713";"2"
"2023";"03";"021801";"ANCASH";"SANTA";"CHIMBOTE";"GOBIERNO REGIONAL";"II-2";"00001652";"HOSPITAL LA CALETA";"241600";"HOSPITALIZACIÓN QUIRÚRGICA OBSTETRICIA   ";"239";"247";"541";"529";"20";"620";"0"
"2023";"03";"021801";"ANCASH";"SANTA";"CHIMBOTE";"GOBIERNO REGIONAL";"II-2";"00001652";"HOSPITAL LA CALETA";"241500";"HOSPITALIZACIÓN QUIRÚRGICA GINECOLOGÍA  ";"22";"17";"64";"76";"3";"93";"0"
"2023";"03";"130902";"LA LIBERTAD";"SANCHEZ CARRION";"CHUGAY";"GOBIERNO REGIONAL";"I-2";"00005353";"UCHUBAMBA";"NE_0001";"";"NE_0001";"NE_0001";"NE_0001";"NE_0001";"NE_0001";"NE_0001";"NE_0001"
"2023";"03";"130902";"LA LIBERTAD";"SANCHEZ CARRION";"CHUGAY";"GOBIERNO REGIONAL";"I-2";"00005354";"COCHABAMBA";"NE_0001";"";"NE_0001";"NE_0001";"NE_0001";"NE_0001";"NE_0001";"NE_0001";"NE_0001"
"2023";"03";"130902";"LA LIBERTAD";"SANCHEZ CARRION";"CHUGAY";"GOBIERNO REGIONAL";"I-2";"00017924";"UCHUY";"NE_0001";"";"NE_0001";"NE_0001";"NE_0001";"NE_0001";"NE_0001";"NE_0001";"NE_0001"
"2023";"03";"130902";"LA LIBERTAD";"SANCHEZ CARRION";"CHUGAY";"GOBIERNO REGIONAL";"I-2";"00005352";"CHUGAY";"NE_0001";"";"NE_0001";"NE_0001";"NE_0001";"NE_0001";"NE_0001";"NE_0001";"NE_0001"
"2023";"03";"130902";"LA LIBERTAD";"SANCHEZ CARRION";"CHUGAY";"GOBIERNO REGIONAL";"I-1";"00018297";"HUAGUIL";"NE_0001";"";"NE_0001";"NE_0001";"NE_0001";"NE_0001";"NE_0001";"NE_0001";"NE_0001"
"2023";"03";"130902";"LA LIBERTAD";"SANCHEZ CARRION";"CHUGAY";"GOBIERNO REGIONAL";"I-1";"00029509";"PUESTO DE SALUD AHIJADERO";"NE_0001";"";"NE_0001";"NE_0001";"NE_0001";"NE_0001";"NE_0001";"NE_0001";"NE_0001"
"2023";"03";"130902";"LA LIBERTAD";"SANCHEZ CARRION";"CHUGAY";"GOBIERNO REGIONAL";"I-1";"00024527";"NUEVO HUAYCHO";"NE_0001";"";"NE_0001";"NE_0001";"NE_0001";"NE_0001";"NE_0001";"NE_0001";"NE_0001"
"2023";"03";"130902";"LA LIBERTAD";"SANCHEZ CARRION";"CHUGAY";"GOBIERNO REGIONAL";"I-2";"00018225";"CANUCUBAMBA";"NE_0001";"";"NE_0001";"NE_0001";"NE_0001";"NE_0001";"NE_0001";"NE_0001";"NE_0001"
"2023";"03";"130902";"LA LIBERTAD";"SANCHEZ CARRION";"CHUGAY";"GOBIERNO REGIONAL";"I-1";"00031804";"PUESTO DE SALUD PAJA BLANCA";"NE_0001";"";"NE_0001";"NE_0001";"NE_0001";"NE_0001";"NE_0001";"NE_0001";"NE_0001"
"2023";"03";"080907";"CUSCO";"LA CONVENCION";"KIMBIRI";"GOBIERNO REGIONAL";"II-E";"00002469";"SAN JUAN DE KIMBIRI-VRAEM";"240100";"HOSPITALIZACIÓN QUIRÚRGICA CIRUGÍA GENERAL ";"14";"14";"82";"84";"13";"248";"0"
"2023";"03";"080907";"CUSCO";"LA CONVENCION";"KIMBIRI";"GOBIERNO REGIONAL";"II-E";"00002469";"SAN JUAN DE KIMBIRI-VRAEM";"241400";"HOSPITALIZACIÓN QUIRÚRGICA GINECO - OBSTETRICIA ";"139";"136";"292";"383";"10";"392";"0"
"2023";"03";"080907";"CUSCO";"LA CONVENCION";"KIMBIRI";"GOBIERNO REGIONAL";"II-E";"00002469";"SAN JUAN DE KIMBIRI-VRAEM";"241800";"HOSPITALIZACIÓN DE MEDICINA MEDICINA GENERAL ";"46";"52";"230";"160";"5";"177";"1"
"2023";"03";"080907";"CUSCO";"LA CONVENCION";"KIMBIRI";"GOBIERNO REGIONAL";"II-E";"00002469";"SAN JUAN DE KIMBIRI-VRAEM";"242500";"HOSPITALIZACIÓN-PEDIATRÍA GENERAL-";"49";"42";"136";"149";"15";"372";"0"
"2023";"03";"220101";"SAN MARTIN";"MOYOBAMBA";"MOYOBAMBA";"GOBIERNO REGIONAL";"I-1";"00006321";"LOS ANGELES";"NE_0001";"";"NE_0001";"NE_0001";"NE_0001";"NE_0001";"NE_0001";"NE_0001";"NE_0001"
"2023";"03";"220101";"SAN MARTIN";"MOYOBAMBA";"MOYOBAMBA";"GOBIERNO REGIONAL";"I-1";"00006320";"CAÑABRAVA";"NE_0001";"";"NE_0001";"NE_0001";"NE_0001";"NE_0001";"NE_0001";"NE_0001";"NE_0001"
"2023";"03";"220101";"SAN MARTIN";"MOYOBAMBA";"MOYOBAMBA";"GOBIERNO REGIONAL";"I-1";"00006319";"BUENOS AIRES";"NE_0001";"";"NE_0001";"NE_0001";"NE_0001";"NE_0001";"NE_0001";"NE_0001";"NE_0001"
"2023";"03";"220106";"SAN MARTIN";"MOYOBAMBA";"YANTALO";"GOBIERNO REGIONAL";"I-3";"00006318";"YANTALO";"241600";"HOSPITALIZACIÓN QUIRÚRGICA OBSTETRICIA   ";"1";"1";"1";"1";"1";"2";"0"
"2023";"03";"061110";"CAJAMARCA";"SAN MIGUEL";"SAN GREGORIO";"GOBIERNO REGIONAL";"I-1";"00004535";"EL SAUCE";"NE_0001";"";"NE_0001";"NE_0001";"NE_0001";"NE_0001";"NE_0001";"NE_0001";"NE_0001"
"2023";"03";"061108";"CAJAMARCA";"SAN MIGUEL";"NANCHOC";"GOBIERNO REGIONAL";"I-1";"00004533";"CARAHUASI";"NE_0001";"";"NE_0001";"NE_0001";"NE_0001";"NE_0001";"NE_0001";"NE_0001";"NE_0001"
"2023";"03";"061110";"CAJAMARCA";"SAN MIGUEL";"SAN GREGORIO";"GOBIERNO REGIONAL";"I-1";"00004536";"SAN GREGORIO";"NE_0001";"";"NE_0001";"NE_0001";"NE_0001";"NE_0001";"NE_0001";"NE_0001";"NE_0001"
"2023";"03";"061108";"CAJAMARCA";"SAN MIGUEL";"NANCHOC";"GOBIERNO REGIONAL";"I-3";"00004532";"NANCHOC";"NE_0001";"";"NE_0001";"NE_0001";"NE_0001";"NE_0001";"NE_0001";"NE_0001";"NE_0001"
"2023";"03";"061102";"CAJAMARCA";"SAN MIGUEL";"BOLIVAR";"GOBIERNO REGIONAL";"I-2";"00004534";"BOLIVAR";"NE_0001";"";"NE_0001";"NE_0001";"NE_0001";"NE_0001";"NE_0001";"NE_0001";"NE_0001"
"2023";"03";"061110";"CAJAMARCA";"SAN MIGUEL";"SAN GREGORIO";"GOBIERNO REGIONAL";"I-2";"00004537";"CASA BLANCA";"NE_0001";"";"NE_0001";"NE_0001";"NE_0001";"NE_0001";"NE_0001";"NE_0001";"NE_0001"
"2023";"03";"061102";"CAJAMARCA";"SAN MIGUEL";"BOLIVAR";"GOBIERNO REGIONAL";"I-1";"00007405";"SAN JOSE";"NE_0001";"";"NE_0001";"NE_0001";"NE_0001";"NE_0001";"NE_0001";"NE_0001";"NE_0001"
"2023";"03";"040104";"AREQUIPA";"AREQUIPA";"CERRO COLORADO";"SANIDAD DE LA FUERZA AEREA DEL PERU";"II-E";"00011448";"HOSPITAL REGIONAL DEL SUR";"240000";"HOSPITALIZACIÓN";"14";"14";"87";"90";"20";"470";"0"
"2023";"02";"040203";"AREQUIPA";"CAMANA";"MARIANO NICOLAS VALCARCEL";"GOBIERNO REGIONAL";"I-2";"00001366";"LA EUGENIA";"NE_0001";"";"NE_0001";"NE_0001";"NE_0001";"NE_0001";"NE_0001";"NE_0001";"NE_0001"
"2023";"02";"040206";"AREQUIPA";"CAMANA";"OCOÑA";"GOBIERNO REGIONAL";"I-1";"00001364";"PESCADORES";"NE_0001";"";"NE_0001";"NE_0001";"NE_0001";"NE_0001";"NE_0001";"NE_0001";"NE_0001"
"2023";"02";"040206";"AREQUIPA";"CAMANA";"OCOÑA";"GOBIERNO REGIONAL";"I-2";"00001363";"LA PLANCHADA";"NE_0001";"";"NE_0001";"NE_0001";"NE_0001";"NE_0001";"NE_0001";"NE_0001";"NE_0001"
"2023";"02";"040206";"AREQUIPA";"CAMANA";"OCOÑA";"GOBIERNO REGIONAL";"I-3";"00001348";"CENTRO DE SALUD OCOÑA";"NE_0001";"";"NE_0001";"NE_0001";"NE_0001";"NE_0001";"NE_0001";"NE_0001";"NE_0001"
"2023";"03";"150101";"LIMA";"LIMA";"LIMA";"ESSALUD";"II-2";"00008502";"HOSPITAL DE EMERGENCIAS GRAU";"241900";"HOSPITALIZACIÓN DE MEDICINA MEDICINA INTERNA ";"205";"207";"1805";"1583";"53";"1643";"17"
"2023";"03";"150101";"LIMA";"LIMA";"LIMA";"ESSALUD";"II-2";"00008502";"HOSPITAL DE EMERGENCIAS GRAU";"242000";"HOSPITALIZACIÓN DE MEDICINA MEDICINA TROPICAL E INFECCIOSAS ";"25";"24";"214";"180";"8";"248";"2"
"2023";"03";"150101";"LIMA";"LIMA";"LIMA";"ESSALUD";"II-2";"00008502";"HOSPITAL DE EMERGENCIAS GRAU";"240100";"HOSPITALIZACIÓN QUIRÚRGICA CIRUGÍA GENERAL ";"282";"279";"826";"709";"27";"837";"0"
"2023";"03";"150101";"LIMA";"LIMA";"LIMA";"ESSALUD";"II-2";"00008502";"HOSPITAL DE EMERGENCIAS GRAU";"241200";"HOSPITALIZACIÓN QUIRÚRGICA TRAUMATOLOGÍA Y ORTOPEDIA ";"73";"72";"335";"381";"15";"465";"0"
"2023";"03";"150101";"LIMA";"LIMA";"LIMA";"ESSALUD";"II-2";"00008502";"HOSPITAL DE EMERGENCIAS GRAU";"241300";"HOSPITALIZACIÓN QUIRÚRGICA UROLOGÍA  ";"72";"71";"330";"319";"11";"341";"0"
"2023";"03";"150101";"LIMA";"LIMA";"LIMA";"ESSALUD";"II-2";"00008502";"HOSPITAL DE EMERGENCIAS GRAU";"241400";"HOSPITALIZACIÓN QUIRÚRGICA GINECO - OBSTETRICIA ";"387";"382";"846";"782";"31";"961";"0"
"2023";"03";"150101";"LIMA";"LIMA";"LIMA";"ESSALUD";"II-2";"00008502";"HOSPITAL DE EMERGENCIAS GRAU";"242500";"HOSPITALIZACIÓN-PEDIATRÍA GENERAL-";"92";"89";"288";"300";"11";"341";"0"
"2023";"03";"150101";"LIMA";"LIMA";"LIMA";"ESSALUD";"II-2";"00008502";"HOSPITAL DE EMERGENCIAS GRAU";"243200";"HOSPITALIZACIÓN DE PEDIATRÍA PEDIATRIA NEONATOLOGÍA";"181";"178";"284";"210";"10";"310";"0"
"2023";"03";"150101";"LIMA";"LIMA";"LIMA";"ESSALUD";"II-2";"00008502";"HOSPITAL DE EMERGENCIAS GRAU";"250200";"UNIDAD DE CUIDADOS CRITICOS UNIDAD DE CUIDADOS INTERMEDIOS GENERAL  (UCIN) ";"18";"2";"41";"143";"5";"155";"0"
"2023";"03";"150101";"LIMA";"LIMA";"LIMA";"ESSALUD";"II-2";"00008502";"HOSPITAL DE EMERGENCIAS GRAU";"250100";"UNIDAD DE CUIDADOS CRITICOS UNIDAD  DE CUIDADOS INTENSIVOS GENERALES (UCI) ";"23";"8";"52";"231";"8";"248";"6"
"2023";"03";"130101";"LA LIBERTAD";"TRUJILLO";"TRUJILLO";"PRIVADO";"II-E";"00029518";"OFTALMOLOGICA CACEDA";"NE_0001";"";"NE_0001";"NE_0001";"NE_0001";"NE_0001";"NE_0001";"NE_0001";"NE_0001"
"2023";"03";"021801";"ANCASH";"SANTA";"CHIMBOTE";"ESSALUD";"0";"00009047";"HOSPITAL III CHIMBOTE";"241900";"HOSPITALIZACIÓN DE MEDICINA MEDICINA INTERNA ";"222";"203";"877";"1718";"66";"2048";"40"
"2023";"03";"021801";"ANCASH";"SANTA";"CHIMBOTE";"ESSALUD";"0";"00009047";"HOSPITAL III CHIMBOTE";"240100";"HOSPITALIZACIÓN QUIRÚRGICA CIRUGÍA GENERAL ";"148";"123";"407";"356";"15";"470";"1"
"2023";"03";"021801";"ANCASH";"SANTA";"CHIMBOTE";"ESSALUD";"0";"00009047";"HOSPITAL III CHIMBOTE";"241200";"HOSPITALIZACIÓN QUIRÚRGICA TRAUMATOLOGÍA Y ORTOPEDIA ";"60";"60";"542";"738";"26";"806";"0"
"2023";"03";"021801";"ANCASH";"SANTA";"CHIMBOTE";"ESSALUD";"0";"00009047";"HOSPITAL III CHIMBOTE";"241300";"HOSPITALIZACIÓN QUIRÚRGICA UROLOGÍA  ";"14";"14";"51";"54";"3";"93";"0"
"2023";"03";"021801";"ANCASH";"SANTA";"CHIMBOTE";"ESSALUD";"0";"00009047";"HOSPITAL III CHIMBOTE";"241500";"HOSPITALIZACIÓN QUIRÚRGICA GINECOLOGÍA  ";"71";"71";"188";"179";"7";"213";"0"
"2023";"03";"021801";"ANCASH";"SANTA";"CHIMBOTE";"ESSALUD";"0";"00009047";"HOSPITAL III CHIMBOTE";"241600";"HOSPITALIZACIÓN QUIRÚRGICA OBSTETRICIA   ";"176";"151";"302";"315";"13";"390";"0"
"2023";"03";"021801";"ANCASH";"SANTA";"CHIMBOTE";"ESSALUD";"0";"00009047";"HOSPITAL III CHIMBOTE";"242300";"HOSPITALIZACIÓN DE PEDIATRÍA  PEDIATRÍA  GENERAL ";"53";"53";"238";"207";"8";"248";"0"
"2023";"03";"021801";"ANCASH";"SANTA";"CHIMBOTE";"ESSALUD";"0";"00009047";"HOSPITAL III CHIMBOTE";"240700";"HOSPITALIZACIÓN QUIRÚRGICA CIRUGÍA PEDIÁTRICA ";"27";"27";"57";"52";"2";"62";"0"
"2023";"03";"021801";"ANCASH";"SANTA";"CHIMBOTE";"ESSALUD";"0";"00009047";"HOSPITAL III CHIMBOTE";"243200";"HOSPITALIZACIÓN DE PEDIATRÍA PEDIATRIA NEONATOLOGÍA";"111";"108";"422";"301";"11";"338";"2"
"2023";"03";"021801";"ANCASH";"SANTA";"CHIMBOTE";"ESSALUD";"0";"00009047";"HOSPITAL III CHIMBOTE";"240100";"HOSPITALIZACIÓN QUIRÚRGICA CIRUGÍA GENERAL ";"15";"13";"208";"169";"9";"279";"7"
"2023";"01";"150131";"LIMA";"LIMA";"SAN ISIDRO";"PRIVADO";"III-1";"00009409";"CLINICA RICARDO PALMA";"240000";"HOSPITALIZACIÓN";"856";"610";"47693";"3271";"149";"3402";"23"
"2023";"01";"150131";"LIMA";"LIMA";"SAN ISIDRO";"PRIVADO";"III-1";"00009409";"CLINICA RICARDO PALMA";"242300";"HOSPITALIZACIÓN DE PEDIATRÍA  PEDIATRÍA  GENERAL ";"146";"126";"569";"517";"18";"575";"0"
"2023";"01";"150131";"LIMA";"LIMA";"SAN ISIDRO";"PRIVADO";"III-1";"00009409";"CLINICA RICARDO PALMA";"241400";"HOSPITALIZACIÓN QUIRÚRGICA GINECO - OBSTETRICIA ";"79";"63";"189";"217";"8";"252";"0"
"2023";"01";"150131";"LIMA";"LIMA";"SAN ISIDRO";"PRIVADO";"III-1";"00009409";"CLINICA RICARDO PALMA";"250105";"UNIDAD DE CUIDADOS CRITICOS UNIDAD  DE CUIDADOS INTENSIVOS  (UCI) NEONATOLOGÍA";"0";"0";"0";"51";"4";"128";"0"
"2023";"01";"150117";"LIMA";"LIMA";"LOS OLIVOS";"PRIVADO";"II-E";"00017847";"CLINICA DEL NORTE";"241400";"HOSPITALIZACIÓN QUIRÚRGICA GINECO - OBSTETRICIA ";"12";"15";"22";"14";"5";"115";"0"
"2023";"02";"150122";"LIMA";"LIMA";"MIRAFLORES";"PRIVADO";"II-E";"00019671";"CLINICA RENACER";"NE_0002";"";"NE_0002";"NE_0002";"NE_0002";"NE_0002";"NE_0002";"NE_0002";"NE_0002"
"2023";"02";"110101";"ICA";"ICA";"ICA";"PRIVADO";"I-3";"00009648";"TATAJE  DI FLORIO SAC";"NE_0002";"";"NE_0002";"NE_0002";"NE_0002";"NE_0002";"NE_0002";"NE_0002";"NE_0002"
"2023";"02";"040126";"AREQUIPA";"AREQUIPA";"YANAHUARA";"PRIVADO";"II-E";"00025732";"NOVA CLINICA QUIRURGICA";"240800";"HOSPITALIZACIÓN QUIRÚRGICA CIRUGÍA PLÁSTICA/RECONSTRUCTIVA/ REPARADORA ";"8";"8";"8";"8";"3";"62";"0"
"2023";"02";"220603";"SAN MARTIN";"MARISCAL CACERES";"HUICUNGO";"GOBIERNO REGIONAL";"I-3";"00006567";"HUICUNGO";"NE_0002";"";"NE_0002";"NE_0002";"NE_0002";"NE_0002";"NE_0002";"NE_0002";"NE_0002"
"2023";"02";"220603";"SAN MARTIN";"MARISCAL CACERES";"HUICUNGO";"GOBIERNO REGIONAL";"I-1";"00006569";"SANTA INES";"NE_0001";"";"NE_0001";"NE_0001";"NE_0001";"NE_0001";"NE_0001";"NE_0001";"NE_0001"
"2023";"02";"220603";"SAN MARTIN";"MARISCAL CACERES";"HUICUNGO";"GOBIERNO REGIONAL";"I-1";"00006571";"PIZARRO";"NE_0001";"";"NE_0001";"NE_0001";"NE_0001";"NE_0001";"NE_0001";"NE_0001";"NE_0001"
"2023";"02";"220604";"SAN MARTIN";"MARISCAL CACERES";"PACHIZA";"GOBIERNO REGIONAL";"I-1";"00006572";"PACHIZA";"NE_0001";"";"NE_0001";"NE_0001";"NE_0001";"NE_0001";"NE_0001";"NE_0001";"NE_0001"
"2023";"02";"220604";"SAN MARTIN";"MARISCAL CACERES";"PACHIZA";"GOBIERNO REGIONAL";"I-1";"00006573";"ALTO EL SOL";"NE_0001";"";"NE_0001";"NE_0001";"NE_0001";"NE_0001";"NE_0001";"NE_0001";"NE_0001"
"2023";"02";"220604";"SAN MARTIN";"MARISCAL CACERES";"PACHIZA";"GOBIERNO REGIONAL";"I-1";"00006574";"NUEVO CHIMBOTE";"NE_0001";"";"NE_0001";"NE_0001";"NE_0001";"NE_0001";"NE_0001";"NE_0001";"NE_0001"
"2023";"02";"220603";"SAN MARTIN";"MARISCAL CACERES";"HUICUNGO";"GOBIERNO REGIONAL";"I-1";"00006568";"DOS DE MAYO";"NE_0001";"";"NE_0001";"NE_0001";"NE_0001";"NE_0001";"NE_0001";"NE_0001";"NE_0001"
"2023";"02";"220603";"SAN MARTIN";"MARISCAL CACERES";"HUICUNGO";"GOBIERNO REGIONAL";"I-1";"00006570";"NUEVA ESPERANZA";"NE_0001";"";"NE_0001";"NE_0001";"NE_0001";"NE_0001";"NE_0001";"NE_0001";"NE_0001"
"2023";"02";"060801";"CAJAMARCA";"JAEN";"JAEN";"SANIDAD DE LA POLICIA NACIONAL DEL PERU";"I-3";"00018950";"POLICLINICO POLICIAL JAEN";"NE_0001";"";"NE_0001";"NE_0001";"NE_0001";"NE_0001";"NE_0001";"NE_0001";"NE_0001"
"2023";"02";"120101";"JUNIN";"HUANCAYO";"HUANCAYO";"PRIVADO";"II-E";"00025973";"CLINICA ZARATE";"241800";"HOSPITALIZACIÓN DE MEDICINA MEDICINA GENERAL ";"79";"80";"25";"158";"12";"176";"1"
"2023";"02";"080703";"CUSCO";"CHUMBIVILCAS";"CHAMACA";"GOBIERNO REGIONAL";"I-2";"00002402";"CHAMACA";"NE_0001";"";"NE_0001";"NE_0001";"NE_0001";"NE_0001";"NE_0001";"NE_0001";"NE_0001"
"2023";"02";"080703";"CUSCO";"CHUMBIVILCAS";"CHAMACA";"GOBIERNO REGIONAL";"I-2";"00002403";"AÑAHUICHI";"NE_0001";"";"NE_0001";"NE_0001";"NE_0001";"NE_0001";"NE_0001";"NE_0001";"NE_0001"
"2023";"02";"080703";"CUSCO";"CHUMBIVILCAS";"CHAMACA";"GOBIERNO REGIONAL";"I-1";"00016328";"UCCHUCCARCCO";"NE_0001";"";"NE_0001";"NE_0001";"NE_0001";"NE_0001";"NE_0001";"NE_0001";"NE_0001"
"2023";"02";"080703";"CUSCO";"CHUMBIVILCAS";"CHAMACA";"GOBIERNO REGIONAL";"I-1";"00016330";"CCONCHACCOLLO";"NE_0001";"";"NE_0001";"NE_0001";"NE_0001";"NE_0001";"NE_0001";"NE_0001";"NE_0001"
"2023";"02";"080705";"CUSCO";"CHUMBIVILCAS";"LIVITACA";"GOBIERNO REGIONAL";"I-1";"00016325";"CHILLOROYA - LIVITACA";"NE_0001";"";"NE_0001";"NE_0001";"NE_0001";"NE_0001";"NE_0001";"NE_0001";"NE_0001"
"2023";"02";"080705";"CUSCO";"CHUMBIVILCAS";"LIVITACA";"GOBIERNO REGIONAL";"I-1";"00016327";"AUSANTA";"NE_0001";"";"NE_0001";"NE_0001";"NE_0001";"NE_0001";"NE_0001";"NE_0001";"NE_0001"
"2023";"02";"080705";"CUSCO";"CHUMBIVILCAS";"LIVITACA";"GOBIERNO REGIONAL";"I-1";"00016334";"KISIO";"NE_0001";"";"NE_0001";"NE_0001";"NE_0001";"NE_0001";"NE_0001";"NE_0001";"NE_0001"
"2023";"02";"080705";"CUSCO";"CHUMBIVILCAS";"LIVITACA";"GOBIERNO REGIONAL";"I-4";"00002406";"LIVITACA";"NE_0001";"";"NE_0001";"NE_0001";"NE_0001";"NE_0001";"NE_0001";"NE_0001";"NE_0001"
"2023";"02";"080705";"CUSCO";"CHUMBIVILCAS";"LIVITACA";"GOBIERNO REGIONAL";"I-1";"00025739";"PISQUICOCHA";"NE_0001";"";"NE_0001";"NE_0001";"NE_0001";"NE_0001";"NE_0001";"NE_0001";"NE_0001"
"2023";"02";"080705";"CUSCO";"CHUMBIVILCAS";"LIVITACA";"GOBIERNO REGIONAL";"I-1";"00025740";"TOTORA - REYNA DE LOS ANGELES";"NE_0001";"";"NE_0001";"NE_0001";"NE_0001";"NE_0001";"NE_0001";"NE_0001";"NE_0001"
"2023";"02";"080703";"CUSCO";"CHUMBIVILCAS";"CHAMACA";"GOBIERNO REGIONAL";"I-1";"00016329";"INGATA";"NE_0001";"";"NE_0001";"NE_0001";"NE_0001";"NE_0001";"NE_0001";"NE_0001";"NE_0001"
"2023";"02";"080705";"CUSCO";"CHUMBIVILCAS";"LIVITACA";"GOBIERNO REGIONAL";"I-2";"00016332";"PATAQUEÑA - LIVITACA";"NE_0001";"";"NE_0001";"NE_0001";"NE_0001";"NE_0001";"NE_0001";"NE_0001";"NE_0001"
"2023";"02";"120701";"JUNIN";"TARMA";"TARMA";"GOBIERNO REGIONAL";"II-2";"00000520";"DE APOYO FELIX MAYORCA SOTO";"241800";"HOSPITALIZACIÓN DE MEDICINA MEDICINA GENERAL ";"38";"37";"235";"197";"11";"308";"2"
"2023";"02";"120701";"JUNIN";"TARMA";"TARMA";"GOBIERNO REGIONAL";"II-2";"00000520";"DE APOYO FELIX MAYORCA SOTO";"250103";"UNIDAD DE CUIDADOS CRITICOS UNIDAD  DE CUIDADOS INTENSIVOS GENERALES  (UCI) MEDICINA";"2";"1";"6";"1";"2";"56";"1"
"2023";"02";"120701";"JUNIN";"TARMA";"TARMA";"GOBIERNO REGIONAL";"II-2";"00000520";"DE APOYO FELIX MAYORCA SOTO";"240100";"HOSPITALIZACIÓN QUIRÚRGICA CIRUGÍA GENERAL ";"58";"59";"234";"247";"12";"336";"0"
"2023";"02";"120701";"JUNIN";"TARMA";"TARMA";"GOBIERNO REGIONAL";"II-2";"00000520";"DE APOYO FELIX MAYORCA SOTO";"241200";"HOSPITALIZACIÓN QUIRÚRGICA TRAUMATOLOGÍA Y ORTOPEDIA ";"30";"35";"197";"231";"10";"280";"0"
"2023";"02";"120701";"JUNIN";"TARMA";"TARMA";"GOBIERNO REGIONAL";"II-2";"00000520";"DE APOYO FELIX MAYORCA SOTO";"250105";"UNIDAD DE CUIDADOS CRITICOS UNIDAD  DE CUIDADOS INTENSIVOS  (UCI) NEONATOLOGÍA";"19";"24";"114";"109";"7";"196";"0"
"2023";"02";"120701";"JUNIN";"TARMA";"TARMA";"GOBIERNO REGIONAL";"II-2";"00000520";"DE APOYO FELIX MAYORCA SOTO";"242500";"HOSPITALIZACIÓN-PEDIATRÍA GENERAL-";"17";"16";"64";"73";"5";"140";"0"
"2023";"02";"120701";"JUNIN";"TARMA";"TARMA";"GOBIERNO REGIONAL";"II-2";"00000520";"DE APOYO FELIX MAYORCA SOTO";"241400";"HOSPITALIZACIÓN QUIRÚRGICA GINECO - OBSTETRICIA ";"148";"156";"389";"407";"21";"588";"0"
"2023";"02";"130107";"LA LIBERTAD";"TRUJILLO";"MOCHE";"ESSALUD";"I-4";"00009038";"CENTRO DE SALUD CON INTERNAMIENTO MOCHE";"241800";"HOSPITALIZACIÓN DE MEDICINA MEDICINA GENERAL ";"20";"16";"104";"115";"7";"196";"0"
"2023";"02";"211101";"PUNO";"SAN ROMAN";"JULIACA";"SANIDAD DE LA POLICIA NACIONAL DEL PERU";"I-2";"00010236";"POSTA MEDICA DE SALUD PNP - JULIACA";"NE_0001";"";"NE_0001";"NE_0001";"NE_0001";"NE_0001";"NE_0001";"NE_0001";"NE_0001"
"2023";"02";"150116";"LIMA";"LIMA";"LINCE";"ESSALUD";"I-3";"00017695";"CENTRO DE ATENCION PRIMARIA III ALFREDO PIAZZA ROBERTS-GSPN I Y II-RPA-ESSALUD";"NE_0001";"";"NE_0001";"NE_0001";"NE_0001";"NE_0001";"NE_0001";"NE_0001";"NE_0001"
"2023";"02";"130702";"LA LIBERTAD";"PACASMAYO";"GUADALUPE";"ESSALUD";"I-2";"00012101";"POSTA DE SALUD GUADALUPE";"NE_0001";"";"NE_0001";"NE_0001";"NE_0001";"NE_0001";"NE_0001";"NE_0001";"NE_0001"
"2023";"02";"120601";"JUNIN";"SATIPO";"SATIPO";"GOBIERNO REGIONAL";"II-1";"00000432";"DE APOYO MANUEL HIGA ARAKAKI";"241200";"HOSPITALIZACIÓN QUIRÚRGICA TRAUMATOLOGÍA Y ORTOPEDIA ";"6";"7";"35";"35";"5";"140";"0"
"2023";"02";"120601";"JUNIN";"SATIPO";"SATIPO";"GOBIERNO REGIONAL";"II-1";"00000432";"DE APOYO MANUEL HIGA ARAKAKI";"240100";"HOSPITALIZACIÓN QUIRÚRGICA CIRUGÍA GENERAL ";"25";"29";"141";"163";"6";"168";"0"
"2023";"02";"120601";"JUNIN";"SATIPO";"SATIPO";"GOBIERNO REGIONAL";"II-1";"00000432";"DE APOYO MANUEL HIGA ARAKAKI";"241500";"HOSPITALIZACIÓN QUIRÚRGICA GINECOLOGÍA  ";"41";"48";"112";"116";"6";"168";"0"
"2023";"02";"120601";"JUNIN";"SATIPO";"SATIPO";"GOBIERNO REGIONAL";"II-1";"00000432";"DE APOYO MANUEL HIGA ARAKAKI";"242500";"HOSPITALIZACIÓN-PEDIATRÍA GENERAL-";"6";"6";"16";"24";"6";"168";"0"
"2023";"02";"120601";"JUNIN";"SATIPO";"SATIPO";"GOBIERNO REGIONAL";"II-1";"00000432";"DE APOYO MANUEL HIGA ARAKAKI";"241900";"HOSPITALIZACIÓN DE MEDICINA MEDICINA INTERNA ";"13";"24";"222";"242";"10";"280";"5"
"2023";"02";"120601";"JUNIN";"SATIPO";"SATIPO";"GOBIERNO REGIONAL";"II-1";"00000432";"DE APOYO MANUEL HIGA ARAKAKI";"241600";"HOSPITALIZACIÓN QUIRÚRGICA OBSTETRICIA   ";"99";"110";"262";"287";"12";"336";"0"
"2023";"02";"120601";"JUNIN";"SATIPO";"SATIPO";"GOBIERNO REGIONAL";"II-1";"00000432";"DE APOYO MANUEL HIGA ARAKAKI";"243200";"HOSPITALIZACIÓN DE PEDIATRÍA PEDIATRIA NEONATOLOGÍA";"9";"11";"43";"52";"3";"84";"0"
"2023";"02";"110201";"ICA";"CHINCHA";"CHINCHA ALTA";"ESSALUD";"II-1";"00013910";"RENE TOCHE GROPPO";"241800";"HOSPITALIZACIÓN DE MEDICINA MEDICINA GENERAL ";"90";"102";"448";"459";"18";"504";"8"
"2023";"02";"110201";"ICA";"CHINCHA";"CHINCHA ALTA";"ESSALUD";"II-1";"00013910";"RENE TOCHE GROPPO";"240100";"HOSPITALIZACIÓN QUIRÚRGICA CIRUGÍA GENERAL ";"144";"152";"728";"614";"23";"644";"0"
"2023";"02";"110201";"ICA";"CHINCHA";"CHINCHA ALTA";"ESSALUD";"II-1";"00013910";"RENE TOCHE GROPPO";"241500";"HOSPITALIZACIÓN QUIRÚRGICA GINECOLOGÍA  ";"29";"20";"83";"93";"4";"112";"0"
"2023";"02";"110201";"ICA";"CHINCHA";"CHINCHA ALTA";"ESSALUD";"II-1";"00013910";"RENE TOCHE GROPPO";"241600";"HOSPITALIZACIÓN QUIRÚRGICA OBSTETRICIA   ";"107";"135";"339";"334";"13";"364";"0"
"2023";"02";"110201";"ICA";"CHINCHA";"CHINCHA ALTA";"ESSALUD";"II-1";"00013910";"RENE TOCHE GROPPO";"242300";"HOSPITALIZACIÓN DE PEDIATRÍA  PEDIATRÍA  GENERAL ";"56";"53";"119";"118";"8";"192";"0"
"2023";"02";"110201";"ICA";"CHINCHA";"CHINCHA ALTA";"ESSALUD";"II-1";"00013910";"RENE TOCHE GROPPO";"243200";"HOSPITALIZACIÓN DE PEDIATRÍA PEDIATRIA NEONATOLOGÍA";"89";"91";"163";"193";"10";"280";"0"
"2023";"02";"110201";"ICA";"CHINCHA";"CHINCHA ALTA";"ESSALUD";"II-1";"00013910";"RENE TOCHE GROPPO";"250304";"HOSPIT. EN UNIDAD DE CUID.INTEN.-UNIDAD DE VIGILANCIA INTENSIVA (UVI)-MEDICINA";"21";"9";"30";"68";"4";"112";"4"
"2023";"02";"110201";"ICA";"CHINCHA";"CHINCHA ALTA";"ESSALUD";"II-1";"00013910";"RENE TOCHE GROPPO";"242204";"HOSPITALIZACIÓN DE MEDICINA PSIQUIATRÍA REHABILITACIÓN PSIQUIÁTRICA / REINSERCIÓN ";"0";"0";"0";"196";"8";"224";"0"
"2023";"02";"130101";"LA LIBERTAD";"TRUJILLO";"TRUJILLO";"PRIVADO";"II-E";"00021354";"CLINICA LUZ Y VIDA";"NE_0001";"";"NE_0001";"NE_0001";"NE_0001";"NE_0001";"NE_0001";"NE_0001";"NE_0001"
"2023";"01";"040208";"AREQUIPA";"CAMANA";"SAMUEL PASTOR";"ESSALUD";"I-4";"00011009";"HOSPITAL I SAMUEL PASTOR DE CAMANA ESSALUD";"241800";"HOSPITALIZACIÓN DE MEDICINA MEDICINA GENERAL ";"16";"17";"103";"93";"3";"93";"0"
"2023";"01";"040208";"AREQUIPA";"CAMANA";"SAMUEL PASTOR";"ESSALUD";"I-4";"00011009";"HOSPITAL I SAMUEL PASTOR DE CAMANA ESSALUD";"240100";"HOSPITALIZACIÓN QUIRÚRGICA CIRUGÍA GENERAL ";"1";"2";"12";"9";"1";"31";"0"
"2023";"01";"040208";"AREQUIPA";"CAMANA";"SAMUEL PASTOR";"ESSALUD";"I-4";"00011009";"HOSPITAL I SAMUEL PASTOR DE CAMANA ESSALUD";"241500";"HOSPITALIZACIÓN QUIRÚRGICA GINECOLOGÍA  ";"2";"2";"4";"4";"1";"31";"0"
"2023";"01";"040208";"AREQUIPA";"CAMANA";"SAMUEL PASTOR";"ESSALUD";"I-4";"00011009";"HOSPITAL I SAMUEL PASTOR DE CAMANA ESSALUD";"241600";"HOSPITALIZACIÓN QUIRÚRGICA OBSTETRICIA   ";"2";"2";"4";"4";"1";"31";"0"
"2023";"02";"040208";"AREQUIPA";"CAMANA";"SAMUEL PASTOR";"ESSALUD";"I-4";"00011009";"HOSPITAL I SAMUEL PASTOR DE CAMANA ESSALUD";"241800";"HOSPITALIZACIÓN DE MEDICINA MEDICINA GENERAL ";"18";"19";"87";"80";"3";"84";"0"
"2023";"02";"040208";"AREQUIPA";"CAMANA";"SAMUEL PASTOR";"ESSALUD";"I-4";"00011009";"HOSPITAL I SAMUEL PASTOR DE CAMANA ESSALUD";"240100";"HOSPITALIZACIÓN QUIRÚRGICA CIRUGÍA GENERAL ";"23";"23";"43";"44";"2";"56";"0"
"2023";"02";"040208";"AREQUIPA";"CAMANA";"SAMUEL PASTOR";"ESSALUD";"I-4";"00011009";"HOSPITAL I SAMUEL PASTOR DE CAMANA ESSALUD";"241500";"HOSPITALIZACIÓN QUIRÚRGICA GINECOLOGÍA  ";"3";"3";"5";"5";"1";"28";"0"
"2023";"02";"160113";"LORETO";"MAYNAS";"SAN JUAN BAUTISTA";"ESSALUD";"I-3";"00011386";"CAP II SAN JUAN BAUTISTA";"NE_0001";"";"NE_0001";"NE_0001";"NE_0001";"NE_0001";"NE_0001";"NE_0001";"NE_0001"
"2023";"02";"130705";"LA LIBERTAD";"PACASMAYO";"SAN JOSE";"GOBIERNO REGIONAL";"I-3";"00005297";"SAN JOSE";"NE_0001";"";"NE_0001";"NE_0001";"NE_0001";"NE_0001";"NE_0001";"NE_0001";"NE_0001"
"2023";"03";"150131";"LIMA";"LIMA";"SAN ISIDRO";"PRIVADO";"II-E";"00011358";"CONFÍA INSTITUTO OFTALMOLÓGICO";"NE_0001";"";"NE_0001";"NE_0001";"NE_0001";"NE_0001";"NE_0001";"NE_0001";"NE_0001"
"2023";"03";"150140";"LIMA";"LIMA";"SANTIAGO DE SURCO";"PRIVADO";"II-E";"00024304";"CLINICA BINOMIUM";"NE_0002";"";"NE_0002";"NE_0002";"NE_0002";"NE_0002";"NE_0002";"NE_0002";"NE_0002"
"2023";"03";"140101";"LAMBAYEQUE";"CHICLAYO";"CHICLAYO";"ESSALUD";"III-1";"00008577";"HOSPITAL NACIONAL ALMANZOR AGUINAGA ASENJO";"242200";"HOSPITALIZACIÓN DE MEDICINA PSIQUIATRÍA ";"31";"17";"293";"358";"16";"496";"0"
"2023";"03";"140101";"LAMBAYEQUE";"CHICLAYO";"CHICLAYO";"ESSALUD";"III-1";"00008577";"HOSPITAL NACIONAL ALMANZOR AGUINAGA ASENJO";"241300";"HOSPITALIZACIÓN QUIRÚRGICA UROLOGÍA  ";"46";"38";"242";"192";"16";"289";"0"
"2023";"03";"140101";"LAMBAYEQUE";"CHICLAYO";"CHICLAYO";"ESSALUD";"III-1";"00008577";"HOSPITAL NACIONAL ALMANZOR AGUINAGA ASENJO";"250100";"UNIDAD DE CUIDADOS CRITICOS UNIDAD  DE CUIDADOS INTENSIVOS GENERALES (UCI) ";"113";"21";"854";"482";"38";"651";"17"
"2023";"03";"140101";"LAMBAYEQUE";"CHICLAYO";"CHICLAYO";"ESSALUD";"III-1";"00008577";"HOSPITAL NACIONAL ALMANZOR AGUINAGA ASENJO";"250200";"UNIDAD DE CUIDADOS CRITICOS UNIDAD DE CUIDADOS INTERMEDIOS GENERAL  (UCIN) ";"24";"7";"231";"394";"13";"403";"7"
"2023";"03";"050206";"AYACUCHO";"CANGALLO";"TOTOS";"GOBIERNO REGIONAL";"I-1";"00003625";"QUIÑASI";"NE_0001";"";"NE_0001";"NE_0001";"NE_0001";"NE_0001";"NE_0001";"NE_0001";"NE_0001"
"2023";"03";"050206";"AYACUCHO";"CANGALLO";"TOTOS";"GOBIERNO REGIONAL";"I-3";"00003623";"CENTRO DE SALUD TOTOS";"241400";"HOSPITALIZACIÓN QUIRÚRGICA GINECO - OBSTETRICIA ";"0";"6";"9";"3";"1";"3";"0"
"2023";"03";"051012";"AYACUCHO";"VICTOR FAJARDO";"VILCANCHOS";"GOBIERNO REGIONAL";"I-2";"00003628";"PUESTO DE SALUD VILCANCHOS";"NE_0001";"";"NE_0001";"NE_0001";"NE_0001";"NE_0001";"NE_0001";"NE_0001";"NE_0001"
"2023";"03";"250101";"UCAYALI";"CORONEL PORTILLO";"CALLERIA";"ESSALUD";"II-2";"00009600";"HOSPITAL II PUCALLPA- ESSALUD";"241800";"HOSPITALIZACIÓN DE MEDICINA MEDICINA GENERAL ";"150";"121";"1163";"1046";"50";"1550";"4"
"2023";"03";"250101";"UCAYALI";"CORONEL PORTILLO";"CALLERIA";"ESSALUD";"II-2";"00009600";"HOSPITAL II PUCALLPA- ESSALUD";"250300";"UNIDAD DE CUIDADOS CRITICOS UNIDAD DE VIGILANCIA INTENSIVA  CLINICA (UVIC) ";"17";"18";"187";"120";"7";"217";"4"
"2023";"03";"250101";"UCAYALI";"CORONEL PORTILLO";"CALLERIA";"ESSALUD";"II-2";"00009600";"HOSPITAL II PUCALLPA- ESSALUD";"240100";"HOSPITALIZACIÓN QUIRÚRGICA CIRUGÍA GENERAL ";"294";"265";"929";"893";"48";"1488";"0"
"2023";"03";"250101";"UCAYALI";"CORONEL PORTILLO";"CALLERIA";"ESSALUD";"II-2";"00009600";"HOSPITAL II PUCALLPA- ESSALUD";"241600";"HOSPITALIZACIÓN QUIRÚRGICA OBSTETRICIA   ";"207";"192";"445";"209";"20";"620";"0"
"2023";"03";"250101";"UCAYALI";"CORONEL PORTILLO";"CALLERIA";"ESSALUD";"II-2";"00009600";"HOSPITAL II PUCALLPA- ESSALUD";"241500";"HOSPITALIZACIÓN QUIRÚRGICA GINECOLOGÍA  ";"69";"66";"244";"180";"12";"372";"0"
"2023";"03";"250101";"UCAYALI";"CORONEL PORTILLO";"CALLERIA";"ESSALUD";"II-2";"00009600";"HOSPITAL II PUCALLPA- ESSALUD";"242300";"HOSPITALIZACIÓN DE PEDIATRÍA  PEDIATRÍA  GENERAL ";"53";"52";"233";"168";"15";"465";"0"
"2023";"03";"250101";"UCAYALI";"CORONEL PORTILLO";"CALLERIA";"ESSALUD";"II-2";"00009600";"HOSPITAL II PUCALLPA- ESSALUD";"243200";"HOSPITALIZACIÓN DE PEDIATRÍA PEDIATRIA NEONATOLOGÍA";"20";"21";"47";"77";"5";"155";"1"
"2023";"03";"220301";"SAN MARTIN";"EL DORADO";"SAN JOSE DE SISA";"GOBIERNO REGIONAL";"I-1";"00006490";"HUAJA";"NE_0001";"";"NE_0001";"NE_0001";"NE_0001";"NE_0001";"NE_0001";"NE_0001";"NE_0001"
"2023";"03";"220305";"SAN MARTIN";"EL DORADO";"SHATOJA";"GOBIERNO REGIONAL";"I-1";"00006491";"AMINIO";"NE_0001";"";"NE_0001";"NE_0001";"NE_0001";"NE_0001";"NE_0001";"NE_0001";"NE_0001"
"2023";"03";"220301";"SAN MARTIN";"EL DORADO";"SAN JOSE DE SISA";"GOBIERNO REGIONAL";"I-1";"00006487";"SANTA CRUZ";"NE_0001";"";"NE_0001";"NE_0001";"NE_0001";"NE_0001";"NE_0001";"NE_0001";"NE_0001"
"2023";"03";"220301";"SAN MARTIN";"EL DORADO";"SAN JOSE DE SISA";"GOBIERNO REGIONAL";"I-1";"00006489";"SAN JUAN DE MIRAFLORES";"NE_0001";"";"NE_0001";"NE_0001";"NE_0001";"NE_0001";"NE_0001";"NE_0001";"NE_0001"
"2023";"03";"220301";"SAN MARTIN";"EL DORADO";"SAN JOSE DE SISA";"GOBIERNO REGIONAL";"I-1";"00006486";"NAUTA";"NE_0001";"";"NE_0001";"NE_0001";"NE_0001";"NE_0001";"NE_0001";"NE_0001";"NE_0001"
"2023";"03";"220301";"SAN MARTIN";"EL DORADO";"SAN JOSE DE SISA";"GOBIERNO REGIONAL";"I-4";"00006485";"HOSPITAL RURAL SAN JOSE DE SISA";"241800";"HOSPITALIZACIÓN DE MEDICINA MEDICINA GENERAL ";"12";"15";"7369";"17";"6";"186";"0"
"2023";"03";"220301";"SAN MARTIN";"EL DORADO";"SAN JOSE DE SISA";"GOBIERNO REGIONAL";"I-4";"00006485";"HOSPITAL RURAL SAN JOSE DE SISA";"241600";"HOSPITALIZACIÓN QUIRÚRGICA OBSTETRICIA   ";"30";"27";"39";"30";"9";"279";"0"
"2023";"01";"080914";"CUSCO";"LA CONVENCION";"MEGANTONI";"GOBIERNO REGIONAL";"I-2";"00002445";"TIMPIA";"NE_0001";"";"NE_0001";"NE_0001";"NE_0001";"NE_0001";"NE_0001";"NE_0001";"NE_0001"
"2023";"01";"080914";"CUSCO";"LA CONVENCION";"MEGANTONI";"GOBIERNO REGIONAL";"I-1";"00013067";"TANGOSHIARI";"NE_0001";"";"NE_0001";"NE_0001";"NE_0001";"NE_0001";"NE_0001";"NE_0001";"NE_0001"
"2023";"01";"080914";"CUSCO";"LA CONVENCION";"MEGANTONI";"GOBIERNO REGIONAL";"I-1";"00015235";"NUEVA VIDA";"NE_0001";"";"NE_0001";"NE_0001";"NE_0001";"NE_0001";"NE_0001";"NE_0001";"NE_0001"
"2023";"01";"080914";"CUSCO";"LA CONVENCION";"MEGANTONI";"GOBIERNO REGIONAL";"I-1";"00002436";"NUEVA LUZ";"NE_0001";"";"NE_0001";"NE_0001";"NE_0001";"NE_0001";"NE_0001";"NE_0001";"NE_0001"
"2023";"01";"080914";"CUSCO";"LA CONVENCION";"MEGANTONI";"GOBIERNO REGIONAL";"I-1";"00013066";"MONTETONI";"NE_0001";"";"NE_0001";"NE_0001";"NE_0001";"NE_0001";"NE_0001";"NE_0001";"NE_0001"
"2023";"01";"080914";"CUSCO";"LA CONVENCION";"MEGANTONI";"GOBIERNO REGIONAL";"I-1";"00015843";"CASHIRIARI";"NE_0001";"";"NE_0001";"NE_0001";"NE_0001";"NE_0001";"NE_0001";"NE_0001";"NE_0001"
"2023";"01";"080914";"CUSCO";"LA CONVENCION";"MEGANTONI";"GOBIERNO REGIONAL";"I-1";"00015844";"CAMANA";"NE_0001";"";"NE_0001";"NE_0001";"NE_0001";"NE_0001";"NE_0001";"NE_0001";"NE_0001"
"2023";"01";"080914";"CUSCO";"LA CONVENCION";"MEGANTONI";"GOBIERNO REGIONAL";"I-2";"00002437";"NUEVO MUNDO";"NE_0001";"";"NE_0001";"NE_0001";"NE_0001";"NE_0001";"NE_0001";"NE_0001";"NE_0001"
"2023";"01";"080914";"CUSCO";"LA CONVENCION";"MEGANTONI";"GOBIERNO REGIONAL";"I-1";"00002428";"CHOCORIARI";"NE_0001";"";"NE_0001";"NE_0001";"NE_0001";"NE_0001";"NE_0001";"NE_0001";"NE_0001"
"2023";"01";"080914";"CUSCO";"LA CONVENCION";"MEGANTONI";"GOBIERNO REGIONAL";"I-1";"00002441";"PUERTO HUALLANA";"NE_0001";"";"NE_0001";"NE_0001";"NE_0001";"NE_0001";"NE_0001";"NE_0001";"NE_0001"
"2023";"01";"080914";"CUSCO";"LA CONVENCION";"MEGANTONI";"GOBIERNO REGIONAL";"I-1";"00002442";"PUERTO RICO";"NE_0001";"";"NE_0001";"NE_0001";"NE_0001";"NE_0001";"NE_0001";"NE_0001";"NE_0001"
"2023";"01";"080914";"CUSCO";"LA CONVENCION";"MEGANTONI";"GOBIERNO REGIONAL";"I-2";"00002452";"SHIVANKORENI";"NE_0001";"";"NE_0001";"NE_0001";"NE_0001";"NE_0001";"NE_0001";"NE_0001";"NE_0001"
"2023";"01";"080914";"CUSCO";"LA CONVENCION";"MEGANTONI";"GOBIERNO REGIONAL";"I-3";"00002426";"KIRIGUETI";"NE_0001";"";"NE_0001";"NE_0001";"NE_0001";"NE_0001";"NE_0001";"NE_0001";"NE_0001"
"2023";"01";"080914";"CUSCO";"LA CONVENCION";"MEGANTONI";"GOBIERNO REGIONAL";"I-1";"00002444";"SENSA";"NE_0001";"";"NE_0001";"NE_0001";"NE_0001";"NE_0001";"NE_0001";"NE_0001";"NE_0001"
"2023";"01";"080914";"CUSCO";"LA CONVENCION";"MEGANTONI";"GOBIERNO REGIONAL";"I-4";"00002448";"KAMISEA";"NE_0001";"";"NE_0001";"NE_0001";"NE_0001";"NE_0001";"NE_0001";"NE_0001";"NE_0001"
"2023";"02";"050906";"AYACUCHO";"SUCRE";"MORCOLLA";"GOBIERNO REGIONAL";"I-1";"00003811";"PUESTO DE SALUD TINTAY";"NE_0001";"";"NE_0001";"NE_0001";"NE_0001";"NE_0001";"NE_0001";"NE_0001";"NE_0001"
"2023";"02";"050907";"AYACUCHO";"SUCRE";"PAICO";"GOBIERNO REGIONAL";"I-1";"00003814";"PUESTO DE SALUD SIHUE";"NE_0001";"";"NE_0001";"NE_0001";"NE_0001";"NE_0001";"NE_0001";"NE_0001";"NE_0001"
"2023";"02";"050910";"AYACUCHO";"SUCRE";"SANTIAGO DE PAUCARAY";"GOBIERNO REGIONAL";"I-1";"00003816";"PUESTO DE SALUD SANTIAGO DE PAUCARAY";"NE_0001";"";"NE_0001";"NE_0001";"NE_0001";"NE_0001";"NE_0001";"NE_0001";"NE_0001"
"2023";"02";"050911";"AYACUCHO";"SUCRE";"SORAS";"GOBIERNO REGIONAL";"I-3";"00003818";"CENTRO DE SALUD SORAS";"NE_0002";"";"NE_0002";"NE_0002";"NE_0002";"NE_0002";"NE_0002";"NE_0002";"NE_0002"
"2023";"02";"050902";"AYACUCHO";"SUCRE";"BELEN";"GOBIERNO REGIONAL";"I-1";"00003803";"PUESTO DE SALUD BELEN";"NE_0001";"";"NE_0001";"NE_0001";"NE_0001";"NE_0001";"NE_0001";"NE_0001";"NE_0001"
"2023";"02";"050909";"AYACUCHO";"SUCRE";"SAN SALVADOR DE QUIJE";"GOBIERNO REGIONAL";"I-1";"00003807";"PUESTO DE SALUD SANTIAGO DE PALLCCA";"NE_0001";"";"NE_0001";"NE_0001";"NE_0001";"NE_0001";"NE_0001";"NE_0001";"NE_0001"
"2023";"02";"050903";"AYACUCHO";"SUCRE";"CHALCOS";"GOBIERNO REGIONAL";"I-1";"00003804";"PUESTO DE SALUD CHALCOS";"NE_0001";"";"NE_0001";"NE_0001";"NE_0001";"NE_0001";"NE_0001";"NE_0001";"NE_0001"
"2023";"02";"050908";"AYACUCHO";"SUCRE";"SAN PEDRO DE LARCAY";"GOBIERNO REGIONAL";"I-2";"00003815";"SAN PEDRO DE LARCAY";"NE_0001";"";"NE_0001";"NE_0001";"NE_0001";"NE_0001";"NE_0001";"NE_0001";"NE_0001"
"2023";"02";"050910";"AYACUCHO";"SUCRE";"SANTIAGO DE PAUCARAY";"GOBIERNO REGIONAL";"I-1";"00003817";"PUESTO DE SALUD ATIHUARA";"NE_0001";"";"NE_0001";"NE_0001";"NE_0001";"NE_0001";"NE_0001";"NE_0001";"NE_0001"
"2023";"02";"050909";"AYACUCHO";"SUCRE";"SAN SALVADOR DE QUIJE";"GOBIERNO REGIONAL";"I-1";"00006900";"PUESTO DE SALUD VISTA ALEGRE - SUCRE";"NE_0001";"";"NE_0001";"NE_0001";"NE_0001";"NE_0001";"NE_0001";"NE_0001";"NE_0001"
"2023";"02";"050904";"AYACUCHO";"SUCRE";"CHILCAYOC";"GOBIERNO REGIONAL";"I-2";"00003805";"PUESTO DE SALUD CHILCAYOCC";"NE_0001";"";"NE_0001";"NE_0001";"NE_0001";"NE_0001";"NE_0001";"NE_0001";"NE_0001"
"2023";"02";"050909";"AYACUCHO";"SUCRE";"SAN SALVADOR DE QUIJE";"GOBIERNO REGIONAL";"I-1";"00003806";"PUESTO DE SALUD SAN SALVADOR DE QUIJE";"NE_0001";"";"NE_0001";"NE_0001";"NE_0001";"NE_0001";"NE_0001";"NE_0001";"NE_0001"
"2023";"02";"050901";"AYACUCHO";"SUCRE";"QUEROBAMBA";"GOBIERNO REGIONAL";"I-4";"00003808";"CENTRO DE SALUD QUEROBAMBA";"241600";"HOSPITALIZACIÓN QUIRÚRGICA OBSTETRICIA   ";"4";"4";"6";"1";"10";"11";"0"
"2023";"02";"050907";"AYACUCHO";"SUCRE";"PAICO";"GOBIERNO REGIONAL";"I-1";"00003813";"PUESTO DE SALUD PAICO";"NE_0001";"";"NE_0001";"NE_0001";"NE_0001";"NE_0001";"NE_0001";"NE_0001";"NE_0001"
"2023";"02";"050905";"AYACUCHO";"SUCRE";"HUACAÑA";"GOBIERNO REGIONAL";"I-1";"00003719";"PUESTO DE SALUD HUACAÑA";"NE_0001";"";"NE_0001";"NE_0001";"NE_0001";"NE_0001";"NE_0001";"NE_0001";"NE_0001"
"2023";"02";"050901";"AYACUCHO";"SUCRE";"QUEROBAMBA";"GOBIERNO REGIONAL";"I-1";"00003802";"PUESTO DE SALUD POTONGO";"NE_0001";"";"NE_0001";"NE_0001";"NE_0001";"NE_0001";"NE_0001";"NE_0001";"NE_0001"
"2023";"02";"050910";"AYACUCHO";"SUCRE";"SANTIAGO DE PAUCARAY";"GOBIERNO REGIONAL";"I-1";"00007096";"PUESTO DE SALUD AUTAMA";"NE_0001";"";"NE_0001";"NE_0001";"NE_0001";"NE_0001";"NE_0001";"NE_0001";"NE_0001"
"2023";"02";"050906";"AYACUCHO";"SUCRE";"MORCOLLA";"GOBIERNO REGIONAL";"I-1";"00003812";"PUESTO DE SALUD HUACO";"NE_0001";"";"NE_0001";"NE_0001";"NE_0001";"NE_0001";"NE_0001";"NE_0001";"NE_0001"
"2023";"02";"050901";"AYACUCHO";"SUCRE";"QUEROBAMBA";"GOBIERNO REGIONAL";"I-1";"00003809";"PUESTO DE SALUD CHONTA";"NE_0001";"";"NE_0001";"NE_0001";"NE_0001";"NE_0001";"NE_0001";"NE_0001";"NE_0001"
"2023";"02";"050906";"AYACUCHO";"SUCRE";"MORCOLLA";"GOBIERNO REGIONAL";"I-1";"00003810";"PUESTO DE SALUD MORCOLLA";"NE_0001";"";"NE_0001";"NE_0001";"NE_0001";"NE_0001";"NE_0001";"NE_0001";"NE_0001"
"2023";"02";"050906";"AYACUCHO";"SUCRE";"MORCOLLA";"GOBIERNO REGIONAL";"I-1";"00003811";"PUESTO DE SALUD TINTAY";"NE_0001";"";"NE_0001";"NE_0001";"NE_0001";"NE_0001";"NE_0001";"NE_0001";"NE_0001"
"2023";"02";"050907";"AYACUCHO";"SUCRE";"PAICO";"GOBIERNO REGIONAL";"I-1";"00003814";"PUESTO DE SALUD SIHUE";"NE_0001";"";"NE_0001";"NE_0001";"NE_0001";"NE_0001";"NE_0001";"NE_0001";"NE_0001"
"2023";"02";"050910";"AYACUCHO";"SUCRE";"SANTIAGO DE PAUCARAY";"GOBIERNO REGIONAL";"I-1";"00003816";"PUESTO DE SALUD SANTIAGO DE PAUCARAY";"NE_0001";"";"NE_0001";"NE_0001";"NE_0001";"NE_0001";"NE_0001";"NE_0001";"NE_0001"
"2023";"02";"050911";"AYACUCHO";"SUCRE";"SORAS";"GOBIERNO REGIONAL";"I-3";"00003818";"CENTRO DE SALUD SORAS";"NE_0002";"";"NE_0002";"NE_0002";"NE_0002";"NE_0002";"NE_0002";"NE_0002";"NE_0002"
"2023";"02";"050902";"AYACUCHO";"SUCRE";"BELEN";"GOBIERNO REGIONAL";"I-1";"00003803";"PUESTO DE SALUD BELEN";"NE_0001";"";"NE_0001";"NE_0001";"NE_0001";"NE_0001";"NE_0001";"NE_0001";"NE_0001"
"2023";"02";"050909";"AYACUCHO";"SUCRE";"SAN SALVADOR DE QUIJE";"GOBIERNO REGIONAL";"I-1";"00003807";"PUESTO DE SALUD SANTIAGO DE PALLCCA";"NE_0001";"";"NE_0001";"NE_0001";"NE_0001";"NE_0001";"NE_0001";"NE_0001";"NE_0001"
"2023";"02";"050903";"AYACUCHO";"SUCRE";"CHALCOS";"GOBIERNO REGIONAL";"I-1";"00003804";"PUESTO DE SALUD CHALCOS";"NE_0001";"";"NE_0001";"NE_0001";"NE_0001";"NE_0001";"NE_0001";"NE_0001";"NE_0001"
"2023";"02";"050908";"AYACUCHO";"SUCRE";"SAN PEDRO DE LARCAY";"GOBIERNO REGIONAL";"I-2";"00003815";"SAN PEDRO DE LARCAY";"NE_0001";"";"NE_0001";"NE_0001";"NE_0001";"NE_0001";"NE_0001";"NE_0001";"NE_0001"
"2023";"02";"050910";"AYACUCHO";"SUCRE";"SANTIAGO DE PAUCARAY";"GOBIERNO REGIONAL";"I-1";"00003817";"PUESTO DE SALUD ATIHUARA";"NE_0001";"";"NE_0001";"NE_0001";"NE_0001";"NE_0001";"NE_0001";"NE_0001";"NE_0001"
"2023";"02";"050909";"AYACUCHO";"SUCRE";"SAN SALVADOR DE QUIJE";"GOBIERNO REGIONAL";"I-1";"00006900";"PUESTO DE SALUD VISTA ALEGRE - SUCRE";"NE_0001";"";"NE_0001";"NE_0001";"NE_0001";"NE_0001";"NE_0001";"NE_0001";"NE_0001"
"2023";"02";"021801";"ANCASH";"SANTA";"CHIMBOTE";"ESSALUD";"I-3";"00010013";"POLICLÍNICO DE COMPLEJIDAD CRECIENTE ""VICTOR PANTA RODRIGUEZ""";"NE_0001";"";"NE_0001";"NE_0001";"NE_0001";"NE_0001";"NE_0001";"NE_0001";"NE_0001"
"2023";"02";"220101";"SAN MARTIN";"MOYOBAMBA";"MOYOBAMBA";"GOBIERNO REGIONAL";"I-1";"00006295";"DORADA";"NE_0001";"";"NE_0001";"NE_0001";"NE_0001";"NE_0001";"NE_0001";"NE_0001";"NE_0001"
"2023";"02";"220101";"SAN MARTIN";"MOYOBAMBA";"MOYOBAMBA";"GOBIERNO REGIONAL";"I-1";"00006293";"RAFAEL BELAUNDE";"NE_0001";"";"NE_0001";"NE_0001";"NE_0001";"NE_0001";"NE_0001";"NE_0001";"NE_0001"
"2023";"02";"220802";"SAN MARTIN";"RIOJA";"AWAJUN";"GOBIERNO REGIONAL";"I-3";"00006297";"BAJO NARANJILLO";"241600";"HOSPITALIZACIÓN QUIRÚRGICA OBSTETRICIA   ";"1";"1";"1";"1";"3";"84";"0"
"2023";"02";"220101";"SAN MARTIN";"MOYOBAMBA";"MOYOBAMBA";"GOBIERNO REGIONAL";"I-1";"00006292";"IMPERIO DE CACHIYACU";"NE_0001";"";"NE_0001";"NE_0001";"NE_0001";"NE_0001";"NE_0001";"NE_0001";"NE_0001"
"2023";"02";"220101";"SAN MARTIN";"MOYOBAMBA";"MOYOBAMBA";"GOBIERNO REGIONAL";"I-1";"00006296";"SAN JOSE DE ALTO MAYO";"NE_0001";"";"NE_0001";"NE_0001";"NE_0001";"NE_0001";"NE_0001";"NE_0001";"NE_0001"
"2023";"02";"220802";"SAN MARTIN";"RIOJA";"AWAJUN";"GOBIERNO REGIONAL";"I-1";"00006298";"SAN FRANCISCO ALTO MAYO";"NE_0001";"";"NE_0001";"NE_0001";"NE_0001";"NE_0001";"NE_0001";"NE_0001";"NE_0001"
"2023";"02";"220804";"SAN MARTIN";"RIOJA";"NUEVA CAJAMARCA";"GOBIERNO REGIONAL";"I-1";"00006302";"TUPAC AMARU";"NE_0001";"";"NE_0001";"NE_0001";"NE_0001";"NE_0001";"NE_0001";"NE_0001";"NE_0001"
"2023";"02";"220802";"SAN MARTIN";"RIOJA";"AWAJUN";"GOBIERNO REGIONAL";"I-1";"00007464";"SAN CARLOS";"NE_0001";"";"NE_0001";"NE_0001";"NE_0001";"NE_0001";"NE_0001";"NE_0001";"NE_0001"
"2023";"02";"220804";"SAN MARTIN";"RIOJA";"NUEVA CAJAMARCA";"GOBIERNO REGIONAL";"I-2";"00006301";"NARANJILLO";"NE_0001";"";"NE_0001";"NE_0001";"NE_0001";"NE_0001";"NE_0001";"NE_0001";"NE_0001"
"2023";"02";"220802";"SAN MARTIN";"RIOJA";"AWAJUN";"GOBIERNO REGIONAL";"I-1";"00009075";"NUEVA SANTA CRUZ";"NE_0001";"";"NE_0001";"NE_0001";"NE_0001";"NE_0001";"NE_0001";"NE_0001";"NE_0001"
"2023";"02";"100301";"HUANUCO";"DOS DE MAYO";"LA UNION";"ESSALUD";"I-3";"00027084";"POSTA MEDICA LA UNION";"NE_0001";"";"NE_0001";"NE_0001";"NE_0001";"NE_0001";"NE_0001";"NE_0001";"NE_0001"
"2023";"02";"220605";"SAN MARTIN";"MARISCAL CACERES";"PAJARILLO";"GOBIERNO REGIONAL";"I-1";"00006563";"COSTA RICA";"NE_0001";"";"NE_0001";"NE_0001";"NE_0001";"NE_0001";"NE_0001";"NE_0001";"NE_0001"
"2023";"02";"220204";"SAN MARTIN";"BELLAVISTA";"HUALLAGA";"GOBIERNO REGIONAL";"I-1";"00006565";"AUCARARCA";"NE_0001";"";"NE_0001";"NE_0001";"NE_0001";"NE_0001";"NE_0001";"NE_0001";"NE_0001"
"2023";"02";"080108";"CUSCO";"CUSCO";"WANCHAQ";"PRIVADO";"II-E";"00010023";"CORNEJO";"NE_0002";"";"NE_0002";"NE_0002";"NE_0002";"NE_0002";"NE_0002";"NE_0002";"NE_0002"
"2023";"02";"130105";"LA LIBERTAD";"TRUJILLO";"LA ESPERANZA";"ESSALUD";"III-E";"00020925";"HOSPITAL DE ALTA COMPLEJIDAD DE LA LIBERTAD VIRGEN DE LA PUERTA";"241900";"HOSPITALIZACIÓN DE MEDICINA MEDICINA INTERNA ";"157";"220";"2366";"2601";"96";"2688";"11"
"2023";"02";"130105";"LA LIBERTAD";"TRUJILLO";"LA ESPERANZA";"ESSALUD";"III-E";"00020925";"HOSPITAL DE ALTA COMPLEJIDAD DE LA LIBERTAD VIRGEN DE LA PUERTA";"250100";"UNIDAD DE CUIDADOS CRITICOS UNIDAD  DE CUIDADOS INTENSIVOS GENERALES (UCI) ";"27";"7";"159";"371";"14";"392";"3"
"2023";"02";"130105";"LA LIBERTAD";"TRUJILLO";"LA ESPERANZA";"ESSALUD";"III-E";"00020925";"HOSPITAL DE ALTA COMPLEJIDAD DE LA LIBERTAD VIRGEN DE LA PUERTA";"250200";"UNIDAD DE CUIDADOS CRITICOS UNIDAD DE CUIDADOS INTERMEDIOS GENERAL  (UCIN) ";"61";"51";"381";"669";"25";"700";"8"
"2023";"02";"130105";"LA LIBERTAD";"TRUJILLO";"LA ESPERANZA";"ESSALUD";"III-E";"00020925";"HOSPITAL DE ALTA COMPLEJIDAD DE LA LIBERTAD VIRGEN DE LA PUERTA";"240100";"HOSPITALIZACIÓN QUIRÚRGICA CIRUGÍA GENERAL ";"165";"171";"1026";"863";"34";"952";"0"
"2023";"02";"130105";"LA LIBERTAD";"TRUJILLO";"LA ESPERANZA";"ESSALUD";"III-E";"00020925";"HOSPITAL DE ALTA COMPLEJIDAD DE LA LIBERTAD VIRGEN DE LA PUERTA";"241500";"HOSPITALIZACIÓN QUIRÚRGICA GINECOLOGÍA  ";"114";"112";"322";"349";"14";"392";"0"
"2023";"02";"130105";"LA LIBERTAD";"TRUJILLO";"LA ESPERANZA";"ESSALUD";"III-E";"00020925";"HOSPITAL DE ALTA COMPLEJIDAD DE LA LIBERTAD VIRGEN DE LA PUERTA";"242300";"HOSPITALIZACIÓN DE PEDIATRÍA  PEDIATRÍA  GENERAL ";"23";"26";"290";"290";"14";"392";"2"
"2023";"02";"150140";"LIMA";"LIMA";"SANTIAGO DE SURCO";"PRIVADO";"I-3";"00024299";"CLINICA INTERNACIONAL - SEDE SURCO";"NE_0001";"";"NE_0001";"NE_0001";"NE_0001";"NE_0001";"NE_0001";"NE_0001";"NE_0001"
"2023";"03";"150132";"LIMA";"LIMA";"SAN JUAN DE LURIGANCHO";"PRIVADO";"I-2";"00024750";"ARIE";"NE_0002";"";"NE_0002";"NE_0002";"NE_0002";"NE_0002";"NE_0002";"NE_0002";"NE_0002"
"2023";"03";"090701";"HUANCAVELICA";"TAYACAJA";"PAMPAS";"SANIDAD DE LA POLICIA NACIONAL DEL PERU";"I-2";"00010153";"POSTA MEDICA POLICIAL PAMPAS";"NE_0001";"";"NE_0001";"NE_0001";"NE_0001";"NE_0001";"NE_0001";"NE_0001";"NE_0001"
"2023";"03";"221005";"SAN MARTIN";"TOCACHE";"UCHIZA";"SANIDAD DE LA POLICIA NACIONAL DEL PERU";"I-1";"00025272";"PUESTO SANITARIO PNP SANTA LUCIA";"NE_0001";"";"NE_0001";"NE_0001";"NE_0001";"NE_0001";"NE_0001";"NE_0001";"NE_0001"
"2023";"03";"050509";"AYACUCHO";"LA MAR";"SAMUGARI";"SANIDAD DE LA POLICIA NACIONAL DEL PERU";"I-2";"00027203";"PUESTO DE SALUD PNP PALMAPAMPA";"NE_0002";"";"NE_0002";"NE_0002";"NE_0002";"NE_0002";"NE_0002";"NE_0002";"NE_0002"
"2023";"03";"150101";"LIMA";"LIMA";"LIMA";"SANIDAD DE LA POLICIA NACIONAL DEL PERU";"I-3";"00017391";"POLICLINICO COIP";"NE_0001";"";"NE_0001";"NE_0001";"NE_0001";"NE_0001";"NE_0001";"NE_0001";"NE_0001"
"2023";"03";"220101";"SAN MARTIN";"MOYOBAMBA";"MOYOBAMBA";"GOBIERNO REGIONAL";"II-1";"00006733";"HOSPITAL II-1 MOYOBAMBA - DR. SEGUNDO RODOLFO PÉREZ NIETO";"240100";"HOSPITALIZACIÓN QUIRÚRGICA CIRUGÍA GENERAL ";"84";"93";"289";"289";"12";"372";"0"
"2023";"03";"220101";"SAN MARTIN";"MOYOBAMBA";"MOYOBAMBA";"GOBIERNO REGIONAL";"II-1";"00006733";"HOSPITAL II-1 MOYOBAMBA - DR. SEGUNDO RODOLFO PÉREZ NIETO";"240600";"HOSPITALIZACIÓN QUIRÚRGICA CIRUGÍA OFTALMOLÓGICA ";"29";"29";"29";"29";"1";"31";"0"
"2023";"03";"220101";"SAN MARTIN";"MOYOBAMBA";"MOYOBAMBA";"GOBIERNO REGIONAL";"II-1";"00006733";"HOSPITAL II-1 MOYOBAMBA - DR. SEGUNDO RODOLFO PÉREZ NIETO";"240700";"HOSPITALIZACIÓN QUIRÚRGICA CIRUGÍA PEDIÁTRICA ";"13";"13";"22";"22";"1";"31";"0"
"2023";"03";"220101";"SAN MARTIN";"MOYOBAMBA";"MOYOBAMBA";"GOBIERNO REGIONAL";"II-1";"00006733";"HOSPITAL II-1 MOYOBAMBA - DR. SEGUNDO RODOLFO PÉREZ NIETO";"240900";"HOSPITALIZACIÓN QUIRÚRGICA NEUROCIRUGÍA ";"7";"8";"55";"55";"2";"62";"0"
"2023";"03";"220101";"SAN MARTIN";"MOYOBAMBA";"MOYOBAMBA";"GOBIERNO REGIONAL";"II-1";"00006733";"HOSPITAL II-1 MOYOBAMBA - DR. SEGUNDO RODOLFO PÉREZ NIETO";"241100";"HOSPITALIZACIÓN QUIRÚRGICA OTORRINOLARINGOLOGÍA  ";"9";"11";"19";"19";"1";"31";"0"
"2023";"01";"250201";"UCAYALI";"ATALAYA";"RAIMONDI";"ESSALUD";"I-3";"00009592";"CENTRO DE SALUD  ATALAYA";"NE_0001";"";"NE_0001";"NE_0001";"NE_0001";"NE_0001";"NE_0001";"NE_0001";"NE_0001"
"2023";"01";"220104";"SAN MARTIN";"MOYOBAMBA";"JEPELACIO";"GOBIERNO REGIONAL";"I-1";"00007238";"PACAYPITE";"NE_0001";"";"NE_0001";"NE_0001";"NE_0001";"NE_0001";"NE_0001";"NE_0001";"NE_0001"
"2023";"01";"220104";"SAN MARTIN";"MOYOBAMBA";"JEPELACIO";"GOBIERNO REGIONAL";"I-4";"00006337";"JEPELACIO";"241400";"HOSPITALIZACIÓN QUIRÚRGICA GINECO - OBSTETRICIA ";"6";"6";"6";"6";"6";"31";"0"
"2023";"01";"220104";"SAN MARTIN";"MOYOBAMBA";"JEPELACIO";"GOBIERNO REGIONAL";"I-2";"00006339";"SHUCSHUYACU";"NE_0001";"";"NE_0001";"NE_0001";"NE_0001";"NE_0001";"NE_0001";"NE_0001";"NE_0001"
"2023";"01";"220104";"SAN MARTIN";"MOYOBAMBA";"JEPELACIO";"GOBIERNO REGIONAL";"I-2";"00006340";"NUEVO SAN MIGUEL";"NE_0001";"";"NE_0001";"NE_0001";"NE_0001";"NE_0001";"NE_0001";"NE_0001";"NE_0001"
"2023";"01";"220104";"SAN MARTIN";"MOYOBAMBA";"JEPELACIO";"GOBIERNO REGIONAL";"I-1";"00006338";"CARRIZAL";"NE_0001";"";"NE_0001";"NE_0001";"NE_0001";"NE_0001";"NE_0001";"NE_0001";"NE_0001"
"2023";"01";"150136";"LIMA";"LIMA";"SAN MIGUEL";"ESSALUD";"II-1";"00008564";"HOSPITAL I OCTAVIO MONGRUT MUÑOZ";"241900";"HOSPITALIZACIÓN DE MEDICINA MEDICINA INTERNA ";"143";"118";"600";"655";"30";"930";"1"
"2023";"01";"130703";"LA LIBERTAD";"PACASMAYO";"JEQUETEPEQUE";"ESSALUD";"I-2";"00009646";"POSTA DE SALUD JEQUETEPEQUE";"NE_0001";"";"NE_0001";"NE_0001";"NE_0001";"NE_0001";"NE_0001";"NE_0001";"NE_0001"
"2023";"01";"220503";"SAN MARTIN";"LAMAS";"BARRANQUITA";"GOBIERNO REGIONAL";"I-1";"00006436";"EL PIÑAL";"NE_0001";"";"NE_0001";"NE_0001";"NE_0001";"NE_0001";"NE_0001";"NE_0001";"NE_0001"
"2023";"01";"220503";"SAN MARTIN";"LAMAS";"BARRANQUITA";"GOBIERNO REGIONAL";"I-1";"00006450";"SANTA ELENA";"NE_0001";"";"NE_0001";"NE_0001";"NE_0001";"NE_0001";"NE_0001";"NE_0001";"NE_0001"
"2023";"01";"220503";"SAN MARTIN";"LAMAS";"BARRANQUITA";"GOBIERNO REGIONAL";"I-1";"00006435";"SANTA CLARA";"NE_0001";"";"NE_0001";"NE_0001";"NE_0001";"NE_0001";"NE_0001";"NE_0001";"NE_0001"
"2023";"01";"040501";"AREQUIPA";"CAYLLOMA";"CHIVAY";"ESSALUD";"I-2";"00013292";"POSTA MEDICA CHIVAY";"NE_0001";"";"NE_0001";"NE_0001";"NE_0001";"NE_0001";"NE_0001";"NE_0001";"NE_0001"
"2023";"01";"060806";"CAJAMARCA";"JAEN";"LAS PIRIAS";"GOBIERNO REGIONAL";"I-3";"00004245";"LAS PIRIAS DE JAEN";"NE_0001";"";"NE_0001";"NE_0001";"NE_0001";"NE_0001";"NE_0001";"NE_0001";"NE_0001"
"2023";"01";"060806";"CAJAMARCA";"JAEN";"LAS PIRIAS";"GOBIERNO REGIONAL";"I-1";"00004246";"RUMIBAMBA";"NE_0001";"";"NE_0001";"NE_0001";"NE_0001";"NE_0001";"NE_0001";"NE_0001";"NE_0001"
"2023";"01";"040307";"AREQUIPA";"CARAVELI";"CHALA";"ESSALUD";"I-2";"00012198";"POSTA MEDICA CHALA";"NE_0001";"";"NE_0001";"NE_0001";"NE_0001";"NE_0001";"NE_0001";"NE_0001";"NE_0001"
"2023";"01";"040104";"AREQUIPA";"AREQUIPA";"CERRO COLORADO";"GOBIERNO REGIONAL";"I-4";"00001237";"CENTRO DE SALUD MARITZA CAMPOS DIAZ - ZAMACOLA";"241600";"HOSPITALIZACIÓN QUIRÚRGICA OBSTETRICIA   ";"86";"86";"104";"1";"14";"128";"0"
"2023";"01";"040104";"AREQUIPA";"AREQUIPA";"CERRO COLORADO";"GOBIERNO REGIONAL";"I-3";"00011023";"PUESTO DE SALUD PERUARBO";"NE_0001";"";"NE_0001";"NE_0001";"NE_0001";"NE_0001";"NE_0001";"NE_0001";"NE_0001"
"2023";"01";"040104";"AREQUIPA";"AREQUIPA";"CERRO COLORADO";"GOBIERNO REGIONAL";"I-2";"00001251";"PUESTO DE SALUD NAZARENO";"NE_0001";"";"NE_0001";"NE_0001";"NE_0001";"NE_0001";"NE_0001";"NE_0001";"NE_0001"
"2023";"01";"040104";"AREQUIPA";"AREQUIPA";"CERRO COLORADO";"GOBIERNO REGIONAL";"I-3";"00001247";"CENTRO DE SALUD CIUDAD MUNICIPAL";"NE_0001";"";"NE_0001";"NE_0001";"NE_0001";"NE_0001";"NE_0001";"NE_0001";"NE_0001"
"2023";"01";"040110";"AREQUIPA";"AREQUIPA";"MIRAFLORES";"GOBIERNO REGIONAL";"I-2";"00001305";"CENTRO DE SALUD TOMASA T. COMDEMAYTA";"NE_0001";"";"NE_0001";"NE_0001";"NE_0001";"NE_0001";"NE_0001";"NE_0001";"NE_0001"
"2023";"01";"040110";"AREQUIPA";"AREQUIPA";"MIRAFLORES";"GOBIERNO REGIONAL";"I-4";"00001292";"CENTRO DE SALUD EDIFICADORES MISTI";"241600";"HOSPITALIZACIÓN QUIRÚRGICA OBSTETRICIA   ";"16";"16";"16";"16";"16";"31";"0"
"2023";"01";"040110";"AREQUIPA";"AREQUIPA";"MIRAFLORES";"GOBIERNO REGIONAL";"I-3";"00001293";"CENTRO DE SALUD MIRAFLORES";"NE_0001";"";"NE_0001";"NE_0001";"NE_0001";"NE_0001";"NE_0001";"NE_0001";"NE_0001"
"2023";"01";"040110";"AREQUIPA";"AREQUIPA";"MIRAFLORES";"GOBIERNO REGIONAL";"I-3";"00001307";"CENTRO DE SALUD MATEO PUMACAHUA";"NE_0001";"";"NE_0001";"NE_0001";"NE_0001";"NE_0001";"NE_0001";"NE_0001";"NE_0001"
"2023";"01";"040110";"AREQUIPA";"AREQUIPA";"MIRAFLORES";"GOBIERNO REGIONAL";"I-3";"00001306";"CENTRO DE SALUD PORVENIR-MIRAFLORES";"NE_0001";"";"NE_0001";"NE_0001";"NE_0001";"NE_0001";"NE_0001";"NE_0001";"NE_0001"
"2023";"01";"040101";"AREQUIPA";"AREQUIPA";"AREQUIPA";"GOBIERNO REGIONAL";"III-2";"00007397";"INSTITUTO REGIONAL DE ENFERMEDADES NEOPLASICAS DEL SUR";"240000";"HOSPITALIZACIÓN";"152";"122";"683";"933";"37";"1147";"6"
"2023";"01";"040101";"AREQUIPA";"AREQUIPA";"AREQUIPA";"GOBIERNO REGIONAL";"III-2";"00007397";"INSTITUTO REGIONAL DE ENFERMEDADES NEOPLASICAS DEL SUR";"250100";"UNIDAD DE CUIDADOS CRITICOS UNIDAD  DE CUIDADOS INTENSIVOS GENERALES (UCI) ";"10";"10";"28";"27";"2";"62";"2"
"2023";"01";"150122";"LIMA";"LIMA";"MIRAFLORES";"PRIVADO";"II-E";"00019748";"CLINICA HIGUERETA";"240000";"HOSPITALIZACIÓN";"157";"153";"547";"394";"17";"527";"0"
"2023";"01";"150122";"LIMA";"LIMA";"MIRAFLORES";"PRIVADO";"II-E";"00019748";"CLINICA HIGUERETA";"250100";"UNIDAD DE CUIDADOS CRITICOS UNIDAD  DE CUIDADOS INTENSIVOS GENERALES (UCI) ";"1";"0";"6";"6";"2";"62";"0"
"2023";"01";"070101";"CALLAO";"CALLAO";"CALLAO";"PRIVADO";"I-2";"00011182";"CONSULTORIOS LIMATAMBO SEDE MINKA";"NE_0001";"";"NE_0001";"NE_0001";"NE_0001";"NE_0001";"NE_0001";"NE_0001";"NE_0001"
"2023";"01";"150140";"LIMA";"LIMA";"SANTIAGO DE SURCO";"PRIVADO";"II-E";"00023741";"CLINICA OFTALMO VISSUM";"NE_0001";"";"NE_0001";"NE_0001";"NE_0001";"NE_0001";"NE_0001";"NE_0001";"NE_0001"
"2023";"01";"110101";"ICA";"ICA";"ICA";"PRIVADO";"I-4";"00009660";"SEÑOR DE LUREN DE ICA";"240000";"HOSPITALIZACIÓN";"93";"93";"173";"148";"14";"434";"17"
"2023";"01";"150114";"LIMA";"LIMA";"LA MOLINA";"PRIVADO";"II-E";"00009010";"CLINICA DE LA FAMILIA";"240000";"HOSPITALIZACIÓN";"235";"235";"115";"115";"12";"257";"0"
"2023";"01";"150101";"LIMA";"LIMA";"LIMA";"PRIVADO";"II-E";"00009483";"OCULASER SAC";"NE_0001";"";"NE_0001";"NE_0001";"NE_0001";"NE_0001";"NE_0001";"NE_0001";"NE_0001"
"2023";"01";"190113";"PASCO";"PASCO";"YANACANCHA";"MINSA";"II-2";"00000979";"HOSPITAL REGIONAL DR. DANIEL ALCIDES CARRION GARCIA";"240100";"HOSPITALIZACIÓN QUIRÚRGICA CIRUGÍA GENERAL ";"54";"59";"256";"251";"21";"651";"0"
"2023";"01";"190113";"PASCO";"PASCO";"YANACANCHA";"MINSA";"II-2";"00000979";"HOSPITAL REGIONAL DR. DANIEL ALCIDES CARRION GARCIA";"240700";"HOSPITALIZACIÓN QUIRÚRGICA CIRUGÍA PEDIÁTRICA ";"1";"1";"1";"1";"1";"31";"0"
"2023";"01";"190113";"PASCO";"PASCO";"YANACANCHA";"MINSA";"II-2";"00000979";"HOSPITAL REGIONAL DR. DANIEL ALCIDES CARRION GARCIA";"241400";"HOSPITALIZACIÓN QUIRÚRGICA GINECO - OBSTETRICIA ";"121";"123";"244";"242";"16";"496";"0"
"2023";"01";"190113";"PASCO";"PASCO";"YANACANCHA";"MINSA";"II-2";"00000979";"HOSPITAL REGIONAL DR. DANIEL ALCIDES CARRION GARCIA";"241800";"HOSPITALIZACIÓN DE MEDICINA MEDICINA GENERAL ";"28";"32";"220";"216";"18";"558";"2"
"2023";"01";"190113";"PASCO";"PASCO";"YANACANCHA";"MINSA";"II-2";"00000979";"HOSPITAL REGIONAL DR. DANIEL ALCIDES CARRION GARCIA";"243200";"HOSPITALIZACIÓN DE PEDIATRÍA PEDIATRIA NEONATOLOGÍA";"11";"13";"50";"48";"16";"496";"0"
"2023";"01";"190113";"PASCO";"PASCO";"YANACANCHA";"MINSA";"II-2";"00000979";"HOSPITAL REGIONAL DR. DANIEL ALCIDES CARRION GARCIA";"241100";"HOSPITALIZACIÓN QUIRÚRGICA OTORRINOLARINGOLOGÍA  ";"1";"1";"5";"5";"2";"62";"0"
"2023";"01";"190113";"PASCO";"PASCO";"YANACANCHA";"MINSA";"II-2";"00000979";"HOSPITAL REGIONAL DR. DANIEL ALCIDES CARRION GARCIA";"242500";"HOSPITALIZACIÓN-PEDIATRÍA GENERAL-";"47";"48";"129";"128";"6";"186";"0"
"2023";"01";"190113";"PASCO";"PASCO";"YANACANCHA";"MINSA";"II-2";"00000979";"HOSPITAL REGIONAL DR. DANIEL ALCIDES CARRION GARCIA";"242200";"HOSPITALIZACIÓN DE MEDICINA PSIQUIATRÍA ";"9";"12";"106";"103";"8";"248";"0"
"2023";"01";"190113";"PASCO";"PASCO";"YANACANCHA";"MINSA";"II-2";"00000979";"HOSPITAL REGIONAL DR. DANIEL ALCIDES CARRION GARCIA";"241200";"HOSPITALIZACIÓN QUIRÚRGICA TRAUMATOLOGÍA Y ORTOPEDIA ";"8";"9";"35";"34";"4";"124";"0"
"2023";"01";"190113";"PASCO";"PASCO";"YANACANCHA";"MINSA";"II-2";"00000979";"HOSPITAL REGIONAL DR. DANIEL ALCIDES CARRION GARCIA";"250103";"UNIDAD DE CUIDADOS CRITICOS UNIDAD  DE CUIDADOS INTENSIVOS GENERALES  (UCI) MEDICINA";"3";"4";"7";"6";"4";"124";"3"
"2023";"01";"150131";"LIMA";"LIMA";"SAN ISIDRO";"PRIVADO";"II-E";"00010402";"LASER VISION CENTER & ASOCIADOS S.A.C.";"NE_0001";"";"NE_0001";"NE_0001";"NE_0001";"NE_0001";"NE_0001";"NE_0001";"NE_0001"
"2023";"01";"220913";"SAN MARTIN";"SAN MARTIN";"SAUCE";"GOBIERNO REGIONAL";"I-3";"00006380";"SAUCE";"241600";"HOSPITALIZACIÓN QUIRÚRGICA OBSTETRICIA   ";"2";"2";"2";"2";"2";"62";"0"
"2023";"01";"220913";"SAN MARTIN";"SAN MARTIN";"SAUCE";"GOBIERNO REGIONAL";"I-1";"00006381";"DOS DE MAYO";"NE_0001";"";"NE_0001";"NE_0001";"NE_0001";"NE_0001";"NE_0001";"NE_0001";"NE_0001"
"2023";"01";"040101";"AREQUIPA";"AREQUIPA";"AREQUIPA";"GOBIERNO REGIONAL";"III-1";"00001231";"HOSPITAL REGIONAL HONORIO DELGADO ESPINOZA";"241800";"HOSPITALIZACIÓN DE MEDICINA MEDICINA GENERAL ";"313";"281";"2813";"3408";"179";"5549";"39"
"2023";"01";"040101";"AREQUIPA";"AREQUIPA";"AREQUIPA";"GOBIERNO REGIONAL";"III-1";"00001231";"HOSPITAL REGIONAL HONORIO DELGADO ESPINOZA";"245300";"HOSPITALIZACIÓN DE MEDICINA NEUMOLOGÍA  ";"28";"43";"733";"604";"42";"1302";"1"
"2023";"01";"040101";"AREQUIPA";"AREQUIPA";"AREQUIPA";"GOBIERNO REGIONAL";"III-1";"00001231";"HOSPITAL REGIONAL HONORIO DELGADO ESPINOZA";"244000";"HOSPITALIZACIÓN DE MEDICINA CARDIOLOGIA ";"17";"17";"149";"92";"4";"124";"0"
"2023";"01";"040101";"AREQUIPA";"AREQUIPA";"AREQUIPA";"GOBIERNO REGIONAL";"III-1";"00001231";"HOSPITAL REGIONAL HONORIO DELGADO ESPINOZA";"242200";"HOSPITALIZACIÓN DE MEDICINA PSIQUIATRÍA ";"28";"20";"350";"675";"32";"992";"0"
"2023";"01";"040101";"AREQUIPA";"AREQUIPA";"AREQUIPA";"GOBIERNO REGIONAL";"III-1";"00001231";"HOSPITAL REGIONAL HONORIO DELGADO ESPINOZA";"240100";"HOSPITALIZACIÓN QUIRÚRGICA CIRUGÍA GENERAL ";"348";"328";"3530";"3487";"135";"4185";"4"
"2023";"01";"040101";"AREQUIPA";"AREQUIPA";"AREQUIPA";"GOBIERNO REGIONAL";"III-1";"00001231";"HOSPITAL REGIONAL HONORIO DELGADO ESPINOZA";"240900";"HOSPITALIZACIÓN QUIRÚRGICA NEUROCIRUGÍA ";"22";"33";"647";"395";"22";"682";"0"
"2023";"01";"040101";"AREQUIPA";"AREQUIPA";"AREQUIPA";"GOBIERNO REGIONAL";"III-1";"00001231";"HOSPITAL REGIONAL HONORIO DELGADO ESPINOZA";"240800";"HOSPITALIZACIÓN QUIRÚRGICA CIRUGÍA PLÁSTICA/RECONSTRUCTIVA/ REPARADORA ";"7";"12";"379";"211";"10";"310";"0"
"2023";"01";"040101";"AREQUIPA";"AREQUIPA";"AREQUIPA";"GOBIERNO REGIONAL";"III-1";"00001231";"HOSPITAL REGIONAL HONORIO DELGADO ESPINOZA";"250100";"UNIDAD DE CUIDADOS CRITICOS UNIDAD  DE CUIDADOS INTENSIVOS GENERALES (UCI) ";"6";"11";"311";"495";"26";"820";"24"
"2023";"01";"040101";"AREQUIPA";"AREQUIPA";"AREQUIPA";"GOBIERNO REGIONAL";"III-1";"00001231";"HOSPITAL REGIONAL HONORIO DELGADO ESPINOZA";"250108";"UNIDAD DE CUIDADOS CRITICOS UNIDAD  DE CUIDADOS INTENSIVOS  (UCI) PEDIÁTRICA";"5";"2";"39";"129";"6";"186";"0"
"2023";"01";"040101";"AREQUIPA";"AREQUIPA";"AREQUIPA";"GOBIERNO REGIONAL";"III-1";"00001231";"HOSPITAL REGIONAL HONORIO DELGADO ESPINOZA";"242300";"HOSPITALIZACIÓN DE PEDIATRÍA  PEDIATRÍA  GENERAL ";"107";"109";"851";"1077";"53";"1643";"1"
"2023";"01";"040101";"AREQUIPA";"AREQUIPA";"AREQUIPA";"GOBIERNO REGIONAL";"III-1";"00001231";"HOSPITAL REGIONAL HONORIO DELGADO ESPINOZA";"243200";"HOSPITALIZACIÓN DE PEDIATRÍA PEDIATRIA NEONATOLOGÍA";"114";"127";"783";"551";"36";"1116";"3"
"2023";"01";"040101";"AREQUIPA";"AREQUIPA";"AREQUIPA";"GOBIERNO REGIONAL";"III-1";"00001231";"HOSPITAL REGIONAL HONORIO DELGADO ESPINOZA";"250105";"UNIDAD DE CUIDADOS CRITICOS UNIDAD  DE CUIDADOS INTENSIVOS  (UCI) NEONATOLOGÍA";"11";"3";"68";"186";"6";"191";"4"
"2023";"01";"040101";"AREQUIPA";"AREQUIPA";"AREQUIPA";"GOBIERNO REGIONAL";"III-1";"00001231";"HOSPITAL REGIONAL HONORIO DELGADO ESPINOZA";"241600";"HOSPITALIZACIÓN QUIRÚRGICA OBSTETRICIA   ";"597";"571";"1726";"1562";"86";"2666";"0"
"2023";"01";"040101";"AREQUIPA";"AREQUIPA";"AREQUIPA";"GOBIERNO REGIONAL";"III-1";"00001231";"HOSPITAL REGIONAL HONORIO DELGADO ESPINOZA";"241500";"HOSPITALIZACIÓN QUIRÚRGICA GINECOLOGÍA  ";"71";"62";"311";"394";"27";"837";"0"
"2023";"01";"140101";"LAMBAYEQUE";"CHICLAYO";"CHICLAYO";"PRIVADO";"II-E";"00012457";"CLINICA PROVIDA";"240800";"HOSPITALIZACIÓN QUIRÚRGICA CIRUGÍA PLÁSTICA/RECONSTRUCTIVA/ REPARADORA ";"54";"54";"16";"54";"2";"62";"0"
"2023";"01";"140101";"LAMBAYEQUE";"CHICLAYO";"CHICLAYO";"PRIVADO";"II-E";"00012457";"CLINICA PROVIDA";"240200";"HOSPITALIZACIÓN QUIRÚRGICA CIRUGÍA DE CABEZA Y CUELLO / MÁXILO FACIAL ";"1";"1";"3";"1";"1";"31";"0"
"2023";"01";"140101";"LAMBAYEQUE";"CHICLAYO";"CHICLAYO";"PRIVADO";"II-E";"00012457";"CLINICA PROVIDA";"240400";"HOSPITALIZACIÓN QUIRÚRGICA CIRUGÍA DE TÓRAX Y CARDIOVASCULAR ";"2";"2";"9";"2";"1";"31";"0"
"2023";"01";"140101";"LAMBAYEQUE";"CHICLAYO";"CHICLAYO";"PRIVADO";"II-E";"00012457";"CLINICA PROVIDA";"240100";"HOSPITALIZACIÓN QUIRÚRGICA CIRUGÍA GENERAL ";"48";"48";"66";"48";"2";"62";"0"
"2023";"01";"140101";"LAMBAYEQUE";"CHICLAYO";"CHICLAYO";"PRIVADO";"II-E";"00012457";"CLINICA PROVIDA";"241200";"HOSPITALIZACIÓN QUIRÚRGICA TRAUMATOLOGÍA Y ORTOPEDIA ";"53";"53";"263";"53";"2";"62";"0"
"2023";"01";"140101";"LAMBAYEQUE";"CHICLAYO";"CHICLAYO";"PRIVADO";"II-E";"00012457";"CLINICA PROVIDA";"241400";"HOSPITALIZACIÓN QUIRÚRGICA GINECO - OBSTETRICIA ";"59";"59";"40";"59";"2";"62";"0"
"2023";"01";"140101";"LAMBAYEQUE";"CHICLAYO";"CHICLAYO";"PRIVADO";"II-E";"00012457";"CLINICA PROVIDA";"242100";"HOSPITALIZACIÓN DE MEDICINA ONCOLOGÍA MÉDICA ";"2";"1";"2";"2";"1";"31";"0"
"2023";"01";"140101";"LAMBAYEQUE";"CHICLAYO";"CHICLAYO";"PRIVADO";"II-E";"00012457";"CLINICA PROVIDA";"240700";"HOSPITALIZACIÓN QUIRÚRGICA CIRUGÍA PEDIÁTRICA ";"2";"2";"3";"2";"1";"31";"0"
"2023";"01";"140101";"LAMBAYEQUE";"CHICLAYO";"CHICLAYO";"PRIVADO";"II-E";"00012457";"CLINICA PROVIDA";"241300";"HOSPITALIZACIÓN QUIRÚRGICA UROLOGÍA  ";"20";"20";"20";"20";"1";"31";"0"
"2023";"01";"140101";"LAMBAYEQUE";"CHICLAYO";"CHICLAYO";"PRIVADO";"II-E";"00012457";"CLINICA PROVIDA";"241900";"HOSPITALIZACIÓN DE MEDICINA MEDICINA INTERNA ";"4";"4";"16";"4";"1";"31";"0"
"2023";"01";"140101";"LAMBAYEQUE";"CHICLAYO";"CHICLAYO";"PRIVADO";"II-E";"00012457";"CLINICA PROVIDA";"244300";"HOSPITALIZACIÓN DE MEDICINA GASTROENTEROLOGÍA  ";"1";"1";"1";"1";"1";"31";"0"
"2023";"01";"140101";"LAMBAYEQUE";"CHICLAYO";"CHICLAYO";"PRIVADO";"II-E";"00012457";"CLINICA PROVIDA";"244700";"HOSPITALIZACIÓN DE MEDICINA NEUROLOGIA  ";"1";"1";"10";"1";"1";"31";"0"
"2023";"01";"140101";"LAMBAYEQUE";"CHICLAYO";"CHICLAYO";"PRIVADO";"II-E";"00012457";"CLINICA PROVIDA";"241800";"HOSPITALIZACIÓN DE MEDICINA MEDICINA GENERAL ";"3";"3";"8";"3";"1";"31";"1"
"2023";"01";"021101";"ANCASH";"HUARMEY";"HUARMEY";"ESSALUD";"I-3";"00009059";"CENTRO MEDICO HUARMEY";"NE_0001";"";"NE_0001";"NE_0001";"NE_0001";"NE_0001";"NE_0001";"NE_0001";"NE_0001"
"2023";"01";"100101";"HUANUCO";"HUANUCO";"HUANUCO";"ESSALUD";"I-3";"00018081";"CENTRO DE ATENCIÓN PRIMARIA III - METROPOLITANO";"NE_0001";"";"NE_0001";"NE_0001";"NE_0001";"NE_0001";"NE_0001";"NE_0001";"NE_0001"
"2023";"01";"150601";"LIMA";"HUARAL";"HUARAL";"ESSALUD";"I-4";"00010333";"CENTRO DE ATENCION PRIMARIA III HUARAL";"NE_0001";"";"NE_0001";"NE_0001";"NE_0001";"NE_0001";"NE_0001";"NE_0001";"NE_0001"
"2023";"01";"040702";"AREQUIPA";"ISLAY";"COCACHACRA";"GOBIERNO REGIONAL";"I-3";"00001445";"CENTRO DE SALUD COCACHACRA";"NE_0001";"";"NE_0001";"NE_0001";"NE_0001";"NE_0001";"NE_0001";"NE_0001";"NE_0001"
"2023";"01";"040702";"AREQUIPA";"ISLAY";"COCACHACRA";"GOBIERNO REGIONAL";"I-1";"00001453";"PUESTO DE SALUD EL TORO";"NE_0001";"";"NE_0001";"NE_0001";"NE_0001";"NE_0001";"NE_0001";"NE_0001";"NE_0001"
"2023";"01";"040702";"AREQUIPA";"ISLAY";"COCACHACRA";"GOBIERNO REGIONAL";"I-2";"00001454";"PUESTO DE SALUD LA PASCANA";"NE_0001";"";"NE_0001";"NE_0001";"NE_0001";"NE_0001";"NE_0001";"NE_0001";"NE_0001"
"2023";"01";"040702";"AREQUIPA";"ISLAY";"COCACHACRA";"GOBIERNO REGIONAL";"I-2";"00001452";"PUESTO DE SALUD EL FISCAL";"NE_0001";"";"NE_0001";"NE_0001";"NE_0001";"NE_0001";"NE_0001";"NE_0001";"NE_0001"
"2023";"01";"120305";"JUNIN";"CHANCHAMAYO";"SAN RAMON";"GOBIERNO REGIONAL";"I-4";"00000354";"SAN RAMON";"241600";"HOSPITALIZACIÓN QUIRÚRGICA OBSTETRICIA   ";"12";"12";"25";"25";"5";"150";"0"
"2023";"01";"120305";"JUNIN";"CHANCHAMAYO";"SAN RAMON";"GOBIERNO REGIONAL";"I-4";"00000354";"SAN RAMON";"241800";"HOSPITALIZACIÓN DE MEDICINA MEDICINA GENERAL ";"8";"8";"16";"16";"3";"90";"0"
"2023";"01";"120306";"JUNIN";"CHANCHAMAYO";"VITOC";"GOBIERNO REGIONAL";"I-1";"00000359";"VISCATAN";"NE_0001";"";"NE_0001";"NE_0001";"NE_0001";"NE_0001";"NE_0001";"NE_0001";"NE_0001"
"2023";"01";"120416";"JUNIN";"JAUJA";"MASMA";"GOBIERNO REGIONAL";"I-1";"00000361";"UCHUBAMBA";"NE_0001";"";"NE_0001";"NE_0001";"NE_0001";"NE_0001";"NE_0001";"NE_0001";"NE_0001"
"2023";"01";"120305";"JUNIN";"CHANCHAMAYO";"SAN RAMON";"GOBIERNO REGIONAL";"I-2";"00000356";"LA ESPERANZA";"NE_0001";"";"NE_0001";"NE_0001";"NE_0001";"NE_0001";"NE_0001";"NE_0001";"NE_0001"
"2023";"01";"120419";"JUNIN";"JAUJA";"MONOBAMBA";"GOBIERNO REGIONAL";"I-1";"00000363";"CHACAYBAMBA";"NE_0001";"";"NE_0001";"NE_0001";"NE_0001";"NE_0001";"NE_0001";"NE_0001";"NE_0001"
"2023";"01";"120419";"JUNIN";"JAUJA";"MONOBAMBA";"GOBIERNO REGIONAL";"I-2";"00000362";"MONOBAMBA";"NE_0001";"";"NE_0001";"NE_0001";"NE_0001";"NE_0001";"NE_0001";"NE_0001";"NE_0001"
"2023";"01";"120306";"JUNIN";"CHANCHAMAYO";"VITOC";"GOBIERNO REGIONAL";"I-2";"00000358";"VITOC";"NE_0001";"";"NE_0001";"NE_0001";"NE_0001";"NE_0001";"NE_0001";"NE_0001";"NE_0001"
"2023";"01";"120306";"JUNIN";"CHANCHAMAYO";"VITOC";"GOBIERNO REGIONAL";"I-1";"00000360";"UTCUYACU";"NE_0001";"";"NE_0001";"NE_0001";"NE_0001";"NE_0001";"NE_0001";"NE_0001";"NE_0001"
"2023";"01";"120305";"JUNIN";"CHANCHAMAYO";"SAN RAMON";"GOBIERNO REGIONAL";"I-2";"00000355";"NARANJAL";"NE_0001";"";"NE_0001";"NE_0001";"NE_0001";"NE_0001";"NE_0001";"NE_0001";"NE_0001"
"2023";"01";"220909";"SAN MARTIN";"SAN MARTIN";"LA BANDA DE SHILCAYO";"GOBIERNO REGIONAL";"I-1";"00006366";"LAS PALMAS";"NE_0001";"";"NE_0001";"NE_0001";"NE_0001";"NE_0001";"NE_0001";"NE_0001";"NE_0001"
"2023";"01";"220909";"SAN MARTIN";"SAN MARTIN";"LA BANDA DE SHILCAYO";"GOBIERNO REGIONAL";"I-3";"00026698";"CENTRO DE SALUD MENTAL COMUNITARIO ""LA BANDA DE SHILCAYO""";"NE_0001";"";"NE_0001";"NE_0001";"NE_0001";"NE_0001";"NE_0001";"NE_0001";"NE_0001"
"2023";"01";"220909";"SAN MARTIN";"SAN MARTIN";"LA BANDA DE SHILCAYO";"GOBIERNO REGIONAL";"I-1";"00006367";"LA UNION (SANIRARCA)";"NE_0001";"";"NE_0001";"NE_0001";"NE_0001";"NE_0001";"NE_0001";"NE_0001";"NE_0001"
"2023";"01";"220909";"SAN MARTIN";"SAN MARTIN";"LA BANDA DE SHILCAYO";"GOBIERNO REGIONAL";"I-1";"00006365";"PUESTO DE SALUD BELLO HORIZONTE";"NE_0001";"";"NE_0001";"NE_0001";"NE_0001";"NE_0001";"NE_0001";"NE_0001";"NE_0001"
"2023";"01";"220909";"SAN MARTIN";"SAN MARTIN";"LA BANDA DE SHILCAYO";"GOBIERNO REGIONAL";"I-1";"00006368";"PROGRESO KM.30";"NE_0001";"";"NE_0001";"NE_0001";"NE_0001";"NE_0001";"NE_0001";"NE_0001";"NE_0001"
"2023";"01";"220909";"SAN MARTIN";"SAN MARTIN";"LA BANDA DE SHILCAYO";"GOBIERNO REGIONAL";"I-1";"00006369";"SAN JOSE KM.34";"NE_0001";"";"NE_0001";"NE_0001";"NE_0001";"NE_0001";"NE_0001";"NE_0001";"NE_0001"
"2023";"01";"220101";"SAN MARTIN";"MOYOBAMBA";"MOYOBAMBA";"GOBIERNO REGIONAL";"I-1";"00006316";"TAHUISHCO";"NE_0001";"";"NE_0001";"NE_0001";"NE_0001";"NE_0001";"NE_0001";"NE_0001";"NE_0001"
"2023";"01";"220101";"SAN MARTIN";"MOYOBAMBA";"MOYOBAMBA";"GOBIERNO REGIONAL";"I-1";"00006313";"MARONA";"NE_0001";"";"NE_0001";"NE_0001";"NE_0001";"NE_0001";"NE_0001";"NE_0001";"NE_0001"
"2023";"01";"220104";"SAN MARTIN";"MOYOBAMBA";"JEPELACIO";"GOBIERNO REGIONAL";"I-1";"00006317";"SAN MATEO";"NE_0001";"";"NE_0001";"NE_0001";"NE_0001";"NE_0001";"NE_0001";"NE_0001";"NE_0001"
"2023";"01";"220101";"SAN MARTIN";"MOYOBAMBA";"MOYOBAMBA";"GOBIERNO REGIONAL";"I-1";"00010110";"LA FLOR DE LA PRIMAVERA";"NE_0001";"";"NE_0001";"NE_0001";"NE_0001";"NE_0001";"NE_0001";"NE_0001";"NE_0001"
"2023";"01";"220101";"SAN MARTIN";"MOYOBAMBA";"MOYOBAMBA";"GOBIERNO REGIONAL";"I-1";"00006707";"CORDILLERA ANDINA";"NE_0001";"";"NE_0001";"NE_0001";"NE_0001";"NE_0001";"NE_0001";"NE_0001";"NE_0001"
"2023";"01";"220101";"SAN MARTIN";"MOYOBAMBA";"MOYOBAMBA";"GOBIERNO REGIONAL";"I-2";"00031276";"LA PRIMAVERA";"NE_0001";"";"NE_0001";"NE_0001";"NE_0001";"NE_0001";"NE_0001";"NE_0001";"NE_0001"
"2023";"01";"220101";"SAN MARTIN";"MOYOBAMBA";"MOYOBAMBA";"GOBIERNO REGIONAL";"I-3";"00006312";"LLUYLLUCUCHA";"NE_0001";"";"NE_0001";"NE_0001";"NE_0001";"NE_0001";"NE_0001";"NE_0001";"NE_0001"
"2023";"01";"220101";"SAN MARTIN";"MOYOBAMBA";"MOYOBAMBA";"GOBIERNO REGIONAL";"I-1";"00006314";"QUILLOALLPA";"NE_0001";"";"NE_0001";"NE_0001";"NE_0001";"NE_0001";"NE_0001";"NE_0001";"NE_0001"
"2023";"01";"220101";"SAN MARTIN";"MOYOBAMBA";"MOYOBAMBA";"GOBIERNO REGIONAL";"I-2";"00006315";"SUGLLAQUIRO";"NE_0001";"";"NE_0001";"NE_0001";"NE_0001";"NE_0001";"NE_0001";"NE_0001";"NE_0001"
"2023";"01";"220101";"SAN MARTIN";"MOYOBAMBA";"MOYOBAMBA";"GOBIERNO REGIONAL";"I-1";"00027097";"EL CONDOR";"NE_0001";"";"NE_0001";"NE_0001";"NE_0001";"NE_0001";"NE_0001";"NE_0001";"NE_0001"
"2023";"01";"080904";"CUSCO";"LA CONVENCION";"MARANURA";"GOBIERNO REGIONAL";"I-2";"00002460";"SANTA MARIA";"NE_0001";"";"NE_0001";"NE_0001";"NE_0001";"NE_0001";"NE_0001";"NE_0001";"NE_0001"
"2023";"01";"080908";"CUSCO";"LA CONVENCION";"SANTA TERESA";"GOBIERNO REGIONAL";"I-4";"00002476";"SANTA TERESA";"NE_0001";"";"NE_0001";"NE_0001";"NE_0001";"NE_0001";"NE_0001";"NE_0001";"NE_0001"
"2023";"01";"080903";"CUSCO";"LA CONVENCION";"HUAYOPATA";"GOBIERNO REGIONAL";"I-3";"00002453";"HUYRO";"NE_0001";"";"NE_0001";"NE_0001";"NE_0001";"NE_0001";"NE_0001";"NE_0001";"NE_0001"
"2023";"01";"080908";"CUSCO";"LA CONVENCION";"SANTA TERESA";"GOBIERNO REGIONAL";"I-1";"00002478";"TOTORA";"NE_0001";"";"NE_0001";"NE_0001";"NE_0001";"NE_0001";"NE_0001";"NE_0001";"NE_0001"
"2023";"01";"080903";"CUSCO";"LA CONVENCION";"HUAYOPATA";"GOBIERNO REGIONAL";"I-1";"00002454";"ALFAMAYO";"NE_0001";"";"NE_0001";"NE_0001";"NE_0001";"NE_0001";"NE_0001";"NE_0001";"NE_0001"
"2023";"01";"080903";"CUSCO";"LA CONVENCION";"HUAYOPATA";"GOBIERNO REGIONAL";"I-2";"00002456";"AMAYBAMBA";"NE_0001";"";"NE_0001";"NE_0001";"NE_0001";"NE_0001";"NE_0001";"NE_0001";"NE_0001"
"2023";"01";"080904";"CUSCO";"LA CONVENCION";"MARANURA";"GOBIERNO REGIONAL";"I-1";"00002461";"UCHUMAYO";"NE_0001";"";"NE_0001";"NE_0001";"NE_0001";"NE_0001";"NE_0001";"NE_0001";"NE_0001"
"2023";"01";"080903";"CUSCO";"LA CONVENCION";"HUAYOPATA";"GOBIERNO REGIONAL";"I-1";"00002455";"HUAYOPATA";"NE_0001";"";"NE_0001";"NE_0001";"NE_0001";"NE_0001";"NE_0001";"NE_0001";"NE_0001"
"2023";"01";"080908";"CUSCO";"LA CONVENCION";"SANTA TERESA";"GOBIERNO REGIONAL";"I-2";"00002477";"SULLUCUYOC";"NE_0001";"";"NE_0001";"NE_0001";"NE_0001";"NE_0001";"NE_0001";"NE_0001";"NE_0001"
"2023";"01";"080903";"CUSCO";"LA CONVENCION";"HUAYOPATA";"GOBIERNO REGIONAL";"I-1";"00002457";"SAN PABLO HUAYOPATA";"NE_0001";"";"NE_0001";"NE_0001";"NE_0001";"NE_0001";"NE_0001";"NE_0001";"NE_0001"
"2023";"01";"080904";"CUSCO";"LA CONVENCION";"MARANURA";"GOBIERNO REGIONAL";"I-4";"00002458";"MARANURA";"NE_0001";"";"NE_0001";"NE_0001";"NE_0001";"NE_0001";"NE_0001";"NE_0001";"NE_0001"
"2023";"01";"080909";"CUSCO";"LA CONVENCION";"VILCABAMBA";"GOBIERNO REGIONAL";"I-4";"00002480";"PUCYURA";"NE_0001";"";"NE_0001";"NE_0001";"NE_0001";"NE_0001";"NE_0001";"NE_0001";"NE_0001"
"2023";"01";"080911";"CUSCO";"LA CONVENCION";"INKAWASI";"GOBIERNO REGIONAL";"I-1";"00002481";"CCARCCO";"NE_0001";"";"NE_0001";"NE_0001";"NE_0001";"NE_0001";"NE_0001";"NE_0001";"NE_0001"
"2023";"01";"080909";"CUSCO";"LA CONVENCION";"VILCABAMBA";"GOBIERNO REGIONAL";"I-1";"00002486";"PAMPACONAS";"NE_0001";"";"NE_0001";"NE_0001";"NE_0001";"NE_0001";"NE_0001";"NE_0001";"NE_0001"
"2023";"01";"080909";"CUSCO";"LA CONVENCION";"VILCABAMBA";"GOBIERNO REGIONAL";"I-2";"00002484";"OYARA";"NE_0001";"";"NE_0001";"NE_0001";"NE_0001";"NE_0001";"NE_0001";"NE_0001";"NE_0001"
"2023";"01";"080909";"CUSCO";"LA CONVENCION";"VILCABAMBA";"GOBIERNO REGIONAL";"I-1";"00002490";"ARMA";"NE_0001";"";"NE_0001";"NE_0001";"NE_0001";"NE_0001";"NE_0001";"NE_0001";"NE_0001"
"2023";"01";"080912";"CUSCO";"LA CONVENCION";"VILLA VIRGEN";"GOBIERNO REGIONAL";"I-1";"00013070";"CHANCAVINE";"NE_0001";"";"NE_0001";"NE_0001";"NE_0001";"NE_0001";"NE_0001";"NE_0001";"NE_0001"
"2023";"01";"080911";"CUSCO";"LA CONVENCION";"INKAWASI";"GOBIERNO REGIONAL";"I-1";"00002485";"PACCAYBAMBA";"NE_0001";"";"NE_0001";"NE_0001";"NE_0001";"NE_0001";"NE_0001";"NE_0001";"NE_0001"
"2023";"01";"080911";"CUSCO";"LA CONVENCION";"INKAWASI";"GOBIERNO REGIONAL";"I-1";"00002491";"LUCMAHUAYCO";"NE_0001";"";"NE_0001";"NE_0001";"NE_0001";"NE_0001";"NE_0001";"NE_0001";"NE_0001"
"2023";"01";"080909";"CUSCO";"LA CONVENCION";"VILCABAMBA";"GOBIERNO REGIONAL";"I-1";"00002492";"PALTAYBAMBA";"NE_0001";"";"NE_0001";"NE_0001";"NE_0001";"NE_0001";"NE_0001";"NE_0001";"NE_0001"
"2023";"01";"080911";"CUSCO";"LA CONVENCION";"INKAWASI";"GOBIERNO REGIONAL";"I-3";"00002482";"INCAHUASI";"NE_0001";"";"NE_0001";"NE_0001";"NE_0001";"NE_0001";"NE_0001";"NE_0001";"NE_0001"
"2023";"01";"080911";"CUSCO";"LA CONVENCION";"INKAWASI";"GOBIERNO REGIONAL";"I-1";"00002487";"CHOQUETIRA";"NE_0001";"";"NE_0001";"NE_0001";"NE_0001";"NE_0001";"NE_0001";"NE_0001";"NE_0001"
"2023";"01";"040608";"AREQUIPA";"CONDESUYOS";"YANAQUIHUA";"GOBIERNO REGIONAL";"I-2";"00001414";"PUESTO DE SALUD ISPACAS";"NE_0001";"";"NE_0001";"NE_0001";"NE_0001";"NE_0001";"NE_0001";"NE_0001";"NE_0001"
"2023";"01";"040605";"AREQUIPA";"CONDESUYOS";"IRAY";"GOBIERNO REGIONAL";"I-2";"00001409";"IRAY";"NE_0001";"";"NE_0001";"NE_0001";"NE_0001";"NE_0001";"NE_0001";"NE_0001";"NE_0001"
"2023";"01";"040607";"AREQUIPA";"CONDESUYOS";"SALAMANCA";"GOBIERNO REGIONAL";"I-1";"00001413";"PUESTO DE SALUD PUCUNCHO";"NE_0001";"";"NE_0001";"NE_0001";"NE_0001";"NE_0001";"NE_0001";"NE_0001";"NE_0001"
"2023";"01";"040604";"AREQUIPA";"CONDESUYOS";"CHICHAS";"GOBIERNO REGIONAL";"I-2";"00001410";"PUESTO DE SALUD CHICHAS";"NE_0001";"";"NE_0001";"NE_0001";"NE_0001";"NE_0001";"NE_0001";"NE_0001";"NE_0001"
"2023";"01";"040604";"AREQUIPA";"CONDESUYOS";"CHICHAS";"GOBIERNO REGIONAL";"I-2";"00001411";"PUESTO DE SALUD YACHANGUILLO";"NE_0001";"";"NE_0001";"NE_0001";"NE_0001";"NE_0001";"NE_0001";"NE_0001";"NE_0001"
"2023";"01";"040604";"AREQUIPA";"CONDESUYOS";"CHICHAS";"GOBIERNO REGIONAL";"I-1";"00001416";"YANQUE";"NE_0001";"";"NE_0001";"NE_0001";"NE_0001";"NE_0001";"NE_0001";"NE_0001";"NE_0001"
"2023";"01";"040607";"AREQUIPA";"CONDESUYOS";"SALAMANCA";"GOBIERNO REGIONAL";"I-2";"00001412";"PUESTO DE SALUD SALAMANCA";"NE_0001";"";"NE_0001";"NE_0001";"NE_0001";"NE_0001";"NE_0001";"NE_0001";"NE_0001"
"2023";"01";"040601";"AREQUIPA";"CONDESUYOS";"CHUQUIBAMBA";"GOBIERNO REGIONAL";"I-4";"00001388";"CENTRO DE SALUD CHUQUIBAMBA";"241600";"HOSPITALIZACIÓN QUIRÚRGICA OBSTETRICIA   ";"2";"2";"2";"3";"3";"90";"0"
"2023";"01";"040608";"AREQUIPA";"CONDESUYOS";"YANAQUIHUA";"GOBIERNO REGIONAL";"I-3";"00001389";"CENTRO DE SALUD YANAQUIHUA";"NE_0001";"";"NE_0001";"NE_0001";"NE_0001";"NE_0001";"NE_0001";"NE_0001";"NE_0001"
"2023";"01";"040602";"AREQUIPA";"CONDESUYOS";"ANDARAY";"GOBIERNO REGIONAL";"I-2";"00001415";"PUESTO DE SALUD ANDARAY";"NE_0001";"";"NE_0001";"NE_0001";"NE_0001";"NE_0001";"NE_0001";"NE_0001";"NE_0001"
"2023";"01";"150201";"LIMA";"BARRANCA";"BARRANCA";"GOBIERNO REGIONAL";"II-2";"00007635";"HOSPITAL DE BARRANCA";"240100";"HOSPITALIZACIÓN QUIRÚRGICA CIRUGÍA GENERAL ";"98";"103";"289";"432";"12";"372";"1"
"2023";"01";"150201";"LIMA";"BARRANCA";"BARRANCA";"GOBIERNO REGIONAL";"II-2";"00007635";"HOSPITAL DE BARRANCA";"241200";"HOSPITALIZACIÓN QUIRÚRGICA TRAUMATOLOGÍA Y ORTOPEDIA ";"20";"26";"239";"120";"8";"248";"0"
"2023";"01";"150201";"LIMA";"BARRANCA";"BARRANCA";"GOBIERNO REGIONAL";"II-2";"00007635";"HOSPITAL DE BARRANCA";"241300";"HOSPITALIZACIÓN QUIRÚRGICA UROLOGÍA  ";"3";"3";"4";"50";"3";"93";"0"
"2023";"01";"150201";"LIMA";"BARRANCA";"BARRANCA";"GOBIERNO REGIONAL";"II-2";"00007635";"HOSPITAL DE BARRANCA";"241500";"HOSPITALIZACIÓN QUIRÚRGICA GINECOLOGÍA  ";"103";"108";"237";"165";"16";"496";"0"
"2023";"01";"150201";"LIMA";"BARRANCA";"BARRANCA";"GOBIERNO REGIONAL";"II-2";"00007635";"HOSPITAL DE BARRANCA";"241600";"HOSPITALIZACIÓN QUIRÚRGICA OBSTETRICIA   ";"60";"62";"79";"164";"15";"465";"0"
"2023";"01";"150201";"LIMA";"BARRANCA";"BARRANCA";"GOBIERNO REGIONAL";"II-2";"00007635";"HOSPITAL DE BARRANCA";"241800";"HOSPITALIZACIÓN DE MEDICINA MEDICINA GENERAL ";"65";"91";"529";"443";"25";"775";"5"
"2023";"01";"150201";"LIMA";"BARRANCA";"BARRANCA";"GOBIERNO REGIONAL";"II-2";"00007635";"HOSPITAL DE BARRANCA";"242500";"HOSPITALIZACIÓN-PEDIATRÍA GENERAL-";"45";"54";"263";"243";"20";"620";"0"
"2023";"01";"150201";"LIMA";"BARRANCA";"BARRANCA";"GOBIERNO REGIONAL";"II-2";"00007635";"HOSPITAL DE BARRANCA";"243200";"HOSPITALIZACIÓN DE PEDIATRÍA PEDIATRIA NEONATOLOGÍA";"106";"108";"175";"179";"22";"682";"0"
"2023";"01";"150201";"LIMA";"BARRANCA";"BARRANCA";"GOBIERNO REGIONAL";"II-2";"00007635";"HOSPITAL DE BARRANCA";"250108";"UNIDAD DE CUIDADOS CRITICOS UNIDAD  DE CUIDADOS INTENSIVOS  (UCI) PEDIÁTRICA";"2";"2";"3";"62";"7";"217";"0"
"2023";"01";"150142";"LIMA";"LIMA";"VILLA EL SALVADOR";"PRIVADO";"II-E";"00024178";"CLINIC NOVASALUD";"241400";"HOSPITALIZACIÓN QUIRÚRGICA GINECO - OBSTETRICIA ";"9";"18";"10";"30";"3";"90";"0"
"2023";"01";"150142";"LIMA";"LIMA";"VILLA EL SALVADOR";"PRIVADO";"II-E";"00024178";"CLINIC NOVASALUD";"240300";"HOSPITALIZACIÓN QUIRÚRGICA CIRUGÍA DIGESTIVA ";"3";"3";"3";"1";"1";"30";"0"
"2023";"01";"150142";"LIMA";"LIMA";"VILLA EL SALVADOR";"PRIVADO";"II-E";"00024178";"CLINIC NOVASALUD";"241500";"HOSPITALIZACIÓN QUIRÚRGICA GINECOLOGÍA  ";"8";"8";"8";"1";"1";"30";"0"
"2023";"01";"060101";"CAJAMARCA";"CAJAMARCA";"CAJAMARCA";"PRIVADO";"II-1";"00019315";"CLINICA SANTA ANA";"241400";"HOSPITALIZACIÓN QUIRÚRGICA GINECO - OBSTETRICIA ";"18";"19";"19";"7";"6";"38";"0"
"2023";"01";"060101";"CAJAMARCA";"CAJAMARCA";"CAJAMARCA";"PRIVADO";"II-1";"00019315";"CLINICA SANTA ANA";"240100";"HOSPITALIZACIÓN QUIRÚRGICA CIRUGÍA GENERAL ";"12";"13";"13";"19";"4";"124";"0"
"2023";"01";"060101";"CAJAMARCA";"CAJAMARCA";"CAJAMARCA";"PRIVADO";"II-1";"00019315";"CLINICA SANTA ANA";"241900";"HOSPITALIZACIÓN DE MEDICINA MEDICINA INTERNA ";"1";"1";"1";"1";"2";"3";"0"
"2023";"01";"060101";"CAJAMARCA";"CAJAMARCA";"CAJAMARCA";"PRIVADO";"II-1";"00019315";"CLINICA SANTA ANA";"242300";"HOSPITALIZACIÓN DE PEDIATRÍA  PEDIATRÍA  GENERAL ";"1";"1";"2";"1";"1";"62";"0"
"2023";"02";"240103";"TUMBES";"TUMBES";"LA CRUZ";"ESSALUD";"I-2";"00012274";"POSTA MEDICA LA CRUZ";"NE_0001";"";"NE_0001";"NE_0001";"NE_0001";"NE_0001";"NE_0001";"NE_0001";"NE_0001"
"2023";"02";"150130";"LIMA";"LIMA";"SAN BORJA";"PRIVADO";"II-1";"00012975";"CL ESPECIALIDADES MEDICAS";"240000";"HOSPITALIZACIÓN";"24";"29";"82";"81";"13";"364";"0"
"2023";"03";"040104";"AREQUIPA";"AREQUIPA";"CERRO COLORADO";"GOBIERNO REGIONAL";"I-4";"00001237";"CENTRO DE SALUD MARITZA CAMPOS DIAZ - ZAMACOLA";"241600";"HOSPITALIZACIÓN QUIRÚRGICA OBSTETRICIA   ";"68";"68";"89";"1";"14";"106";"0"
"2023";"03";"040104";"AREQUIPA";"AREQUIPA";"CERRO COLORADO";"GOBIERNO REGIONAL";"I-3";"00011023";"PUESTO DE SALUD PERUARBO";"NE_0001";"";"NE_0001";"NE_0001";"NE_0001";"NE_0001";"NE_0001";"NE_0001";"NE_0001"
"2023";"03";"040104";"AREQUIPA";"AREQUIPA";"CERRO COLORADO";"GOBIERNO REGIONAL";"I-2";"00001251";"PUESTO DE SALUD NAZARENO";"NE_0001";"";"NE_0001";"NE_0001";"NE_0001";"NE_0001";"NE_0001";"NE_0001";"NE_0001"
"2023";"03";"040104";"AREQUIPA";"AREQUIPA";"CERRO COLORADO";"GOBIERNO REGIONAL";"I-3";"00001247";"CENTRO DE SALUD CIUDAD MUNICIPAL";"NE_0001";"";"NE_0001";"NE_0001";"NE_0001";"NE_0001";"NE_0001";"NE_0001";"NE_0001"
"2023";"01";"200701";"PIURA";"TALARA";"PARIÑAS";"ESSALUD";"II-1";"00012243";"HOSPITAL II TALARA";"240100";"HOSPITALIZACIÓN QUIRÚRGICA CIRUGÍA GENERAL ";"70";"63";"236";"223";"10";"310";"0"
"2023";"01";"200701";"PIURA";"TALARA";"PARIÑAS";"ESSALUD";"II-1";"00012243";"HOSPITAL II TALARA";"241400";"HOSPITALIZACIÓN QUIRÚRGICA GINECO - OBSTETRICIA ";"68";"72";"167";"145";"8";"248";"0"
"2023";"01";"200701";"PIURA";"TALARA";"PARIÑAS";"ESSALUD";"II-1";"00012243";"HOSPITAL II TALARA";"241900";"HOSPITALIZACIÓN DE MEDICINA MEDICINA INTERNA ";"69";"62";"376";"300";"12";"372";"6"
"2023";"01";"200701";"PIURA";"TALARA";"PARIÑAS";"ESSALUD";"II-1";"00012243";"HOSPITAL II TALARA";"242300";"HOSPITALIZACIÓN DE PEDIATRÍA  PEDIATRÍA  GENERAL ";"69";"72";"151";"92";"9";"279";"0"
"2023";"01";"150101";"LIMA";"LIMA";"LIMA";"MINSA";"III-2";"00006217";"INO DR. FRANCISCO CONTRERAS C.";"240600";"HOSPITALIZACIÓN QUIRÚRGICA CIRUGÍA OFTALMOLÓGICA ";"3";"3";"9";"3";"7";"217";"0"
"2023";"01";"130401";"LA LIBERTAD";"CHEPEN";"CHEPEN";"GOBIERNO REGIONAL";"II-1";"00005299";"HOSPITAL DE APOYO CHEPEN";"240100";"HOSPITALIZACIÓN QUIRÚRGICA CIRUGÍA GENERAL ";"48";"43";"160";"225";"10";"310";"0"
"2023";"01";"130401";"LA LIBERTAD";"CHEPEN";"CHEPEN";"GOBIERNO REGIONAL";"II-1";"00005299";"HOSPITAL DE APOYO CHEPEN";"241400";"HOSPITALIZACIÓN QUIRÚRGICA GINECO - OBSTETRICIA ";"131";"131";"273";"296";"26";"806";"0"
"2023";"01";"130401";"LA LIBERTAD";"CHEPEN";"CHEPEN";"GOBIERNO REGIONAL";"II-1";"00005299";"HOSPITAL DE APOYO CHEPEN";"241800";"HOSPITALIZACIÓN DE MEDICINA MEDICINA GENERAL ";"43";"36";"138";"225";"15";"465";"2"
"2023";"01";"130401";"LA LIBERTAD";"CHEPEN";"CHEPEN";"GOBIERNO REGIONAL";"II-1";"00005299";"HOSPITAL DE APOYO CHEPEN";"242500";"HOSPITALIZACIÓN-PEDIATRÍA GENERAL-";"23";"25";"67";"68";"23";"713";"0"
"2023";"01";"150131";"LIMA";"LIMA";"SAN ISIDRO";"PRIVADO";"II-E";"00010739";"CLINICA OFTALMOLOGICA WONG";"NE_0001";"";"NE_0001";"NE_0001";"NE_0001";"NE_0001";"NE_0001";"NE_0001";"NE_0001"
"2023";"01";"160301";"LORETO";"LORETO";"NAUTA";"ESSALUD";"I-3";"00011403";"CENTRO DE ATENCION PRIMARIA II NAUTA";"NE_0001";"";"NE_0001";"NE_0001";"NE_0001";"NE_0001";"NE_0001";"NE_0001";"NE_0001"
"2023";"01";"220101";"SAN MARTIN";"MOYOBAMBA";"MOYOBAMBA";"GOBIERNO REGIONAL";"I-1";"00006323";"MORROYACU";"NE_0001";"";"NE_0001";"NE_0001";"NE_0001";"NE_0001";"NE_0001";"NE_0001";"NE_0001"
"2023";"01";"220101";"SAN MARTIN";"MOYOBAMBA";"MOYOBAMBA";"GOBIERNO REGIONAL";"I-1";"00006324";"SHIMPIYACU";"NE_0001";"";"NE_0001";"NE_0001";"NE_0001";"NE_0001";"NE_0001";"NE_0001";"NE_0001"
"2023";"01";"220101";"SAN MARTIN";"MOYOBAMBA";"MOYOBAMBA";"GOBIERNO REGIONAL";"I-1";"00006325";"NUEVA HUANCABAMBA";"NE_0001";"";"NE_0001";"NE_0001";"NE_0001";"NE_0001";"NE_0001";"NE_0001";"NE_0001"
"2023";"01";"220101";"SAN MARTIN";"MOYOBAMBA";"MOYOBAMBA";"GOBIERNO REGIONAL";"I-1";"00006323";"MORROYACU";"NE_0001";"";"NE_0001";"NE_0001";"NE_0001";"NE_0001";"NE_0001";"NE_0001";"NE_0001"
"2023";"01";"220101";"SAN MARTIN";"MOYOBAMBA";"MOYOBAMBA";"GOBIERNO REGIONAL";"I-3";"00006322";"PUEBLO LIBRE";"241400";"HOSPITALIZACIÓN QUIRÚRGICA GINECO - OBSTETRICIA ";"11";"11";"11";"11";"11";"12";"0"
"2023";"01";"220101";"SAN MARTIN";"MOYOBAMBA";"MOYOBAMBA";"GOBIERNO REGIONAL";"I-1";"00006324";"SHIMPIYACU";"NE_0001";"";"NE_0001";"NE_0001";"NE_0001";"NE_0001";"NE_0001";"NE_0001";"NE_0001"
"2023";"01";"220101";"SAN MARTIN";"MOYOBAMBA";"MOYOBAMBA";"GOBIERNO REGIONAL";"I-1";"00006325";"NUEVA HUANCABAMBA";"NE_0001";"";"NE_0001";"NE_0001";"NE_0001";"NE_0001";"NE_0001";"NE_0001";"NE_0001"
"2023";"02";"200501";"PIURA";"PAITA";"PAITA";"ESSALUD";"I-4";"00011763";"HOSPITAL I MIGUEL CRUZADO VERA - PAITA";"241800";"HOSPITALIZACIÓN DE MEDICINA MEDICINA GENERAL ";"36";"35";"209";"186";"8";"224";"3"
"2023";"02";"200501";"PIURA";"PAITA";"PAITA";"ESSALUD";"I-4";"00011763";"HOSPITAL I MIGUEL CRUZADO VERA - PAITA";"240100";"HOSPITALIZACIÓN QUIRÚRGICA CIRUGÍA GENERAL ";"9";"9";"9";"12";"1";"28";"0"
"2023";"02";"200501";"PIURA";"PAITA";"PAITA";"ESSALUD";"I-4";"00011763";"HOSPITAL I MIGUEL CRUZADO VERA - PAITA";"241500";"HOSPITALIZACIÓN QUIRÚRGICA GINECOLOGÍA  ";"5";"4";"12";"11";"1";"28";"0"
"2023";"02";"200501";"PIURA";"PAITA";"PAITA";"ESSALUD";"I-4";"00011763";"HOSPITAL I MIGUEL CRUZADO VERA - PAITA";"241400";"HOSPITALIZACIÓN QUIRÚRGICA GINECO - OBSTETRICIA ";"18";"18";"25";"33";"2";"56";"0"
"2023";"02";"200501";"PIURA";"PAITA";"PAITA";"ESSALUD";"I-4";"00011763";"HOSPITAL I MIGUEL CRUZADO VERA - PAITA";"242300";"HOSPITALIZACIÓN DE PEDIATRÍA  PEDIATRÍA  GENERAL ";"17";"17";"27";"28";"2";"56";"0"
"2023";"02";"040103";"AREQUIPA";"AREQUIPA";"CAYMA";"GOBIERNO REGIONAL";"I-3";"00001235";"BUENOS AIRES DE CAYMA";"NE_0001";"";"NE_0001";"NE_0001";"NE_0001";"NE_0001";"NE_0001";"NE_0001";"NE_0001"
"2023";"02";"040103";"AREQUIPA";"AREQUIPA";"CAYMA";"GOBIERNO REGIONAL";"I-2";"00001245";"SAN JOSE";"NE_0001";"";"NE_0001";"NE_0001";"NE_0001";"NE_0001";"NE_0001";"NE_0001";"NE_0001"
"2023";"02";"040103";"AREQUIPA";"AREQUIPA";"CAYMA";"GOBIERNO REGIONAL";"I-2";"00001246";"DEAN VALDIVIA";"NE_0001";"";"NE_0001";"NE_0001";"NE_0001";"NE_0001";"NE_0001";"NE_0001";"NE_0001"
"2023";"02";"061103";"CAJAMARCA";"SAN MIGUEL";"CALQUIS";"GOBIERNO REGIONAL";"I-1";"00019286";"GORDILLOS";"NE_0001";"";"NE_0001";"NE_0001";"NE_0001";"NE_0001";"NE_0001";"NE_0001";"NE_0001"
"2023";"02";"061103";"CAJAMARCA";"SAN MIGUEL";"CALQUIS";"GOBIERNO REGIONAL";"I-2";"00004576";"CALQUIS";"NE_0001";"";"NE_0001";"NE_0001";"NE_0001";"NE_0001";"NE_0001";"NE_0001";"NE_0001"
"2023";"02";"061107";"CAJAMARCA";"SAN MIGUEL";"LLAPA";"GOBIERNO REGIONAL";"I-1";"00006809";"PAMPA LA CALZADA";"NE_0001";"";"NE_0001";"NE_0001";"NE_0001";"NE_0001";"NE_0001";"NE_0001";"NE_0001"
"2023";"02";"061101";"CAJAMARCA";"SAN MIGUEL";"SAN MIGUEL";"GOBIERNO REGIONAL";"I-4";"00004561";"SAN MIGUEL";"241800";"HOSPITALIZACIÓN DE MEDICINA MEDICINA GENERAL ";"35";"36";"74";"62";"6";"168";"01"
"2023";"02";"061101";"CAJAMARCA";"SAN MIGUEL";"SAN MIGUEL";"GOBIERNO REGIONAL";"I-4";"00004561";"SAN MIGUEL";"241600";"HOSPITALIZACIÓN QUIRÚRGICA OBSTETRICIA   ";"NE_0002";"NE_0002";"NE_0002";"NE_0002";"4";"120";"NE_0002"
"2023";"02";"061101";"CAJAMARCA";"SAN MIGUEL";"SAN MIGUEL";"GOBIERNO REGIONAL";"I-4";"00004561";"SAN MIGUEL";"241500";"HOSPITALIZACIÓN QUIRÚRGICA GINECOLOGÍA  ";"3";"3";"7";"45";"4";"112";"NE_0002"
"2023";"02";"061101";"CAJAMARCA";"SAN MIGUEL";"SAN MIGUEL";"GOBIERNO REGIONAL";"I-1";"00008996";"CHUAD";"NE_0001";"";"NE_0001";"NE_0001";"NE_0001";"NE_0001";"NE_0001";"NE_0001";"NE_0001"
"2023";"02";"061113";"CAJAMARCA";"SAN MIGUEL";"UNION AGUA BLANCA";"GOBIERNO REGIONAL";"I-2";"00004546";"UNION AGUA BLANCA";"NE_0001";"";"NE_0001";"NE_0001";"NE_0001";"NE_0001";"NE_0001";"NE_0001";"NE_0001"
"2023";"02";"061101";"CAJAMARCA";"SAN MIGUEL";"SAN MIGUEL";"GOBIERNO REGIONAL";"I-1";"00004571";"NITISUYO ALTO";"NE_0001";"";"NE_0001";"NE_0001";"NE_0001";"NE_0001";"NE_0001";"NE_0001";"NE_0001"
"2023";"02";"061105";"CAJAMARCA";"SAN MIGUEL";"EL PRADO";"GOBIERNO REGIONAL";"I-2";"00004575";"EL PRADO";"NE_0001";"";"NE_0001";"NE_0001";"NE_0001";"NE_0001";"NE_0001";"NE_0001";"NE_0001"
"2023";"02";"061101";"CAJAMARCA";"SAN MIGUEL";"SAN MIGUEL";"GOBIERNO REGIONAL";"I-1";"00019285";"CHIAPON";"NE_0001";"";"NE_0001";"NE_0001";"NE_0001";"NE_0001";"NE_0001";"NE_0001";"NE_0001"
"2023";"02";"061105";"CAJAMARCA";"SAN MIGUEL";"EL PRADO";"GOBIERNO REGIONAL";"I-2";"00004573";"LAMASPAMPA";"NE_0001";"";"NE_0001";"NE_0001";"NE_0001";"NE_0001";"NE_0001";"NE_0001";"NE_0001"
"2023";"02";"050701";"AYACUCHO";"PARINACOCHAS";"CORACORA";"ESSALUD";"I-2";"00011443";"CORACORA";"NE_0001";"";"NE_0001";"NE_0001";"NE_0001";"NE_0001";"NE_0001";"NE_0001";"NE_0001"
"2023";"02";"060106";"CAJAMARCA";"CAJAMARCA";"JESUS";"GOBIERNO REGIONAL";"I-1";"00004637";"YANAMARCA";"NE_0001";"";"NE_0001";"NE_0001";"NE_0001";"NE_0001";"NE_0001";"NE_0001";"NE_0001"
"2023";"02";"060101";"CAJAMARCA";"CAJAMARCA";"CAJAMARCA";"GOBIERNO REGIONAL";"I-3";"00004645";"MAGNA VALLEJO";"NE_0001";"";"NE_0001";"NE_0001";"NE_0001";"NE_0001";"NE_0001";"NE_0001";"NE_0001"
"2023";"02";"060101";"CAJAMARCA";"CAJAMARCA";"CAJAMARCA";"GOBIERNO REGIONAL";"I-1";"00012831";"AYLAMBO";"NE_0001";"";"NE_0001";"NE_0001";"NE_0001";"NE_0001";"NE_0001";"NE_0001";"NE_0001"
"2023";"02";"060101";"CAJAMARCA";"CAJAMARCA";"CAJAMARCA";"GOBIERNO REGIONAL";"I-1";"00004642";"PATA PATA";"NE_0001";"";"NE_0001";"NE_0001";"NE_0001";"NE_0001";"NE_0001";"NE_0001";"NE_0001"
"2023";"02";"060101";"CAJAMARCA";"CAJAMARCA";"CAJAMARCA";"GOBIERNO REGIONAL";"I-1";"00004644";"PARIAMARCA";"NE_0001";"";"NE_0001";"NE_0001";"NE_0001";"NE_0001";"NE_0001";"NE_0001";"NE_0001"
"2023";"02";"060101";"CAJAMARCA";"CAJAMARCA";"CAJAMARCA";"GOBIERNO REGIONAL";"I-2";"00004641";"MICAELA BASTIDAS";"NE_0001";"";"NE_0001";"NE_0001";"NE_0001";"NE_0001";"NE_0001";"NE_0001";"NE_0001"
"2023";"02";"060101";"CAJAMARCA";"CAJAMARCA";"CAJAMARCA";"GOBIERNO REGIONAL";"I-3";"00004640";"LA TULPUNA";"NE_0001";"";"NE_0001";"NE_0001";"NE_0001";"NE_0001";"NE_0001";"NE_0001";"NE_0001"
"2023";"02";"060101";"CAJAMARCA";"CAJAMARCA";"CAJAMARCA";"GOBIERNO REGIONAL";"I-1";"00004643";"AGOCUCHO";"NE_0001";"";"NE_0001";"NE_0001";"NE_0001";"NE_0001";"NE_0001";"NE_0001";"NE_0001"
"2023";"02";"040126";"AREQUIPA";"AREQUIPA";"YANAHUARA";"PRIVADO";"I-3";"00032181";"POLICLINICO MISTI";"NE_0001";"";"NE_0001";"NE_0001";"NE_0001";"NE_0001";"NE_0001";"NE_0001";"NE_0001"
"2023";"03";"040501";"AREQUIPA";"CAYLLOMA";"CHIVAY";"GOBIERNO REGIONAL";"I-4";"00001419";"CENTRO DE SALUD CHIVAY";"241600";"HOSPITALIZACIÓN QUIRÚRGICA OBSTETRICIA   ";"7";"7";"14";"14";"7";"248";"0"
"2023";"03";"040501";"AREQUIPA";"CAYLLOMA";"CHIVAY";"GOBIERNO REGIONAL";"I-1";"00001423";"PUESTO DE SALUD CANOCOTA";"NE_0001";"";"NE_0001";"NE_0001";"NE_0001";"NE_0001";"NE_0001";"NE_0001";"NE_0001"
"2023";"03";"130207";"LA LIBERTAD";"ASCOPE";"SANTIAGO DE CAO";"ESSALUD";"I-2";"00012114";"POSTA DE SALUD SANTIAGO DE CAO";"NE_0001";"";"NE_0001";"NE_0001";"NE_0001";"NE_0001";"NE_0001";"NE_0001";"NE_0001"
"2023";"03";"040509";"AREQUIPA";"CAYLLOMA";"ICHUPAMPA";"GOBIERNO REGIONAL";"I-2";"00001425";"PUESTO DE SALUD ICHUPAMPA";"NE_0001";"";"NE_0001";"NE_0001";"NE_0001";"NE_0001";"NE_0001";"NE_0001";"NE_0001"
"2023";"03";"040519";"AREQUIPA";"CAYLLOMA";"YANQUE";"GOBIERNO REGIONAL";"I-2";"00001428";"PUESTO DE SALUD YANQUE";"NE_0001";"";"NE_0001";"NE_0001";"NE_0001";"NE_0001";"NE_0001";"NE_0001";"NE_0001"
"2023";"03";"040506";"AREQUIPA";"CAYLLOMA";"COPORAQUE";"GOBIERNO REGIONAL";"I-2";"00001424";"PUESTO DE SALUD COPORAQUE";"NE_0001";"";"NE_0001";"NE_0001";"NE_0001";"NE_0001";"NE_0001";"NE_0001";"NE_0001"
"2023";"03";"040510";"AREQUIPA";"CAYLLOMA";"LARI";"GOBIERNO REGIONAL";"I-2";"00001426";"PUESTO DE SALUD LARI";"NE_0001";"";"NE_0001";"NE_0001";"NE_0001";"NE_0001";"NE_0001";"NE_0001";"NE_0001"
"2023";"03";"040502";"AREQUIPA";"CAYLLOMA";"ACHOMA";"GOBIERNO REGIONAL";"I-2";"00001429";"PUESTO DE SALUD ACHOMA";"NE_0001";"";"NE_0001";"NE_0001";"NE_0001";"NE_0001";"NE_0001";"NE_0001";"NE_0001"
"2023";"03";"050110";"AYACUCHO";"HUAMANGA";"SAN JUAN BAUTISTA";"GOBIERNO REGIONAL";"I-4";"00003598";"CENTRO DE SALUD DE SAN JUAN BAUTISTA";"NE_0001";"";"NE_0001";"NE_0001";"NE_0001";"NE_0001";"NE_0001";"NE_0001";"NE_0001"
"2023";"03";"050110";"AYACUCHO";"HUAMANGA";"SAN JUAN BAUTISTA";"GOBIERNO REGIONAL";"I-3";"00003600";"CENTRO DE SALUD MIRAFLORES";"NE_0001";"";"NE_0001";"NE_0001";"NE_0001";"NE_0001";"NE_0001";"NE_0001";"NE_0001"
"2023";"03";"050110";"AYACUCHO";"HUAMANGA";"SAN JUAN BAUTISTA";"GOBIERNO REGIONAL";"I-3";"00006882";"LOS OLIVOS";"NE_0001";"";"NE_0001";"NE_0001";"NE_0001";"NE_0001";"NE_0001";"NE_0001";"NE_0001"
"2023";"03";"050110";"AYACUCHO";"HUAMANGA";"SAN JUAN BAUTISTA";"GOBIERNO REGIONAL";"I-2";"00003599";"PUESTO DE SALUD ÑAHUINPUQUIO";"NE_0001";"";"NE_0001";"NE_0001";"NE_0001";"NE_0001";"NE_0001";"NE_0001";"NE_0001"
"2023";"03";"120805";"JUNIN";"YAULI";"MOROCOCHA";"GOBIERNO REGIONAL";"I-3";"00000563";"MOROCOCHA";"NE_0001";"";"NE_0001";"NE_0001";"NE_0001";"NE_0001";"NE_0001";"NE_0001";"NE_0001"
"2023";"03";"120805";"JUNIN";"YAULI";"MOROCOCHA";"GOBIERNO REGIONAL";"I-1";"00021450";"SAN FRANCISCO DE ASIS DE PUCARA";"NE_0001";"";"NE_0001";"NE_0001";"NE_0001";"NE_0001";"NE_0001";"NE_0001";"NE_0001"
"2023";"03";"120803";"JUNIN";"YAULI";"HUAY HUAY";"GOBIERNO REGIONAL";"I-2";"00000430";"HUAYHUAY";"NE_0001";"";"NE_0001";"NE_0001";"NE_0001";"NE_0001";"NE_0001";"NE_0001";"NE_0001"
"2023";"03";"120804";"JUNIN";"YAULI";"MARCAPOMACOCHA";"GOBIERNO REGIONAL";"I-2";"00000561";"MARCAPOMACOCHA";"NE_0001";"";"NE_0001";"NE_0001";"NE_0001";"NE_0001";"NE_0001";"NE_0001";"NE_0001"
"2023";"03";"120810";"JUNIN";"YAULI";"YAULI";"GOBIERNO REGIONAL";"I-2";"00000567";"YAULI - LA OROYA";"NE_0001";"";"NE_0001";"NE_0001";"NE_0001";"NE_0001";"NE_0001";"NE_0001";"NE_0001"
"2023";"03";"120801";"JUNIN";"YAULI";"LA OROYA";"GOBIERNO REGIONAL";"I-1";"00021481";"HUARI";"NE_0001";"";"NE_0001";"NE_0001";"NE_0001";"NE_0001";"NE_0001";"NE_0001";"NE_0001"
"2023";"03";"120809";"JUNIN";"YAULI";"SUITUCANCHA";"GOBIERNO REGIONAL";"I-2";"00000431";"SUITUCANCHA";"NE_0001";"";"NE_0001";"NE_0001";"NE_0001";"NE_0001";"NE_0001";"NE_0001";"NE_0001"
"2023";"03";"120808";"JUNIN";"YAULI";"SANTA ROSA DE SACCO";"GOBIERNO REGIONAL";"I-3";"00000566";"SANTA ROSA DE SACCO";"NE_0001";"";"NE_0001";"NE_0001";"NE_0001";"NE_0001";"NE_0001";"NE_0001";"NE_0001"
"2023";"03";"120801";"JUNIN";"YAULI";"LA OROYA";"GOBIERNO REGIONAL";"I-4";"00000559";"LA OROYA";"NE_0001";"";"NE_0001";"NE_0001";"NE_0001";"NE_0001";"NE_0001";"NE_0001";"NE_0001"
"2023";"03";"120801";"JUNIN";"YAULI";"LA OROYA";"GOBIERNO REGIONAL";"I-2";"00000560";"HUAYNACANCHA";"NE_0001";"";"NE_0001";"NE_0001";"NE_0001";"NE_0001";"NE_0001";"NE_0001";"NE_0001"
"2023";"03";"150135";"LIMA";"LIMA";"SAN MARTIN DE PORRES";"MINSA";"III-2";"00007733";"INSTITUTO NACIONAL DE SALUD MENTAL ""HONORIO DELGADO - HIDEYO NOGUCHI""";"242202";"HOSPITALIZACIÓN DE MEDICINA PSIQUIATRÍA PSIQUIATRÍA DEL ADULTO Y GERONTE";"19";"20";"1120";"1441";"49";"1521";"0"
"2023";"03";"150135";"LIMA";"LIMA";"SAN MARTIN DE PORRES";"MINSA";"III-2";"00007733";"INSTITUTO NACIONAL DE SALUD MENTAL ""HONORIO DELGADO - HIDEYO NOGUCHI""";"242203";"HOSPITALIZACIÓN DE MEDICINA PSIQUIATRÍA PSIQUIATRÍA DEL NIÑO Y DEL ADOLESCENTE";"11";"10";"356";"358";"12";"372";"0"
"2023";"03";"150135";"LIMA";"LIMA";"SAN MARTIN DE PORRES";"MINSA";"III-2";"00007733";"INSTITUTO NACIONAL DE SALUD MENTAL ""HONORIO DELGADO - HIDEYO NOGUCHI""";"242205";"HOSPITALIZACIÓN MEDICINA PSIQUIATRÍA PISIQUIATRIA/ SALUD MENTAL Y ADICCIONES";"17";"15";"679";"706";"27";"839";"0"
"2023";"03";"130111";"LA LIBERTAD";"TRUJILLO";"VICTOR LARCO HERRERA";"PRIVADO";"II-1";"00026935";"CLÍNICA FÁTIMA";"240100";"HOSPITALIZACIÓN QUIRÚRGICA CIRUGÍA GENERAL ";"43";"42";"14";"30";"9";"290";"0"
"2023";"03";"130111";"LA LIBERTAD";"TRUJILLO";"VICTOR LARCO HERRERA";"PRIVADO";"II-1";"00026935";"CLÍNICA FÁTIMA";"241400";"HOSPITALIZACIÓN QUIRÚRGICA GINECO - OBSTETRICIA ";"14";"14";"15";"15";"9";"279";"0"
"2023";"03";"150130";"LIMA";"LIMA";"SAN BORJA";"PRIVADO";"II-E";"00010467";"CLINICA FLEMING";"240000";"HOSPITALIZACIÓN";"1";"1";"6";"3";"8";"248";"0"
"2023";"03";"081102";"CUSCO";"PAUCARTAMBO";"CAICAY";"GOBIERNO REGIONAL";"I-1";"00002512";"CAICAY";"NE_0002";"";"NE_0002";"NE_0002";"NE_0002";"NE_0002";"NE_0002";"NE_0002";"NE_0002"
"2023";"03";"081104";"CUSCO";"PAUCARTAMBO";"COLQUEPATA";"GOBIERNO REGIONAL";"I-1";"00006979";"TOCRA";"NE_0002";"";"NE_0002";"NE_0002";"NE_0002";"NE_0002";"NE_0002";"NE_0002";"NE_0002"
"2023";"03";"081101";"CUSCO";"PAUCARTAMBO";"PAUCARTAMBO";"GOBIERNO REGIONAL";"I-4";"00002510";"PAUCARTAMBO";"NE_0002";"";"NE_0002";"NE_0002";"NE_0002";"NE_0002";"NE_0002";"NE_0002";"NE_0002"
"2023";"03";"081104";"CUSCO";"PAUCARTAMBO";"COLQUEPATA";"GOBIERNO REGIONAL";"I-1";"00002517";"PICHIHUA COLQUEPATA";"NE_0002";"";"NE_0002";"NE_0002";"NE_0002";"NE_0002";"NE_0002";"NE_0002";"NE_0002"
"2023";"03";"081106";"CUSCO";"PAUCARTAMBO";"KOSÑIPATA";"GOBIERNO REGIONAL";"I-3";"00002521";"PILCOPATA";"NE_0002";"";"NE_0002";"NE_0002";"NE_0002";"NE_0002";"NE_0002";"NE_0002";"NE_0002"
"2023";"03";"081104";"CUSCO";"PAUCARTAMBO";"COLQUEPATA";"GOBIERNO REGIONAL";"I-2";"00002518";"VIZCOCHONI";"NE_0002";"";"NE_0002";"NE_0002";"NE_0002";"NE_0002";"NE_0002";"NE_0002";"NE_0002"
"2023";"03";"081105";"CUSCO";"PAUCARTAMBO";"HUANCARANI";"GOBIERNO REGIONAL";"I-4";"00002520";"HUANCARANI";"NE_0002";"";"NE_0002";"NE_0002";"NE_0002";"NE_0002";"NE_0002";"NE_0002";"NE_0002"
"2023";"03";"081106";"CUSCO";"PAUCARTAMBO";"KOSÑIPATA";"GOBIERNO REGIONAL";"I-2";"00002522";"PATRIA";"NE_0002";"";"NE_0002";"NE_0002";"NE_0002";"NE_0002";"NE_0002";"NE_0002";"NE_0002"
"2023";"01";"200115";"PIURA";"PIURA";"VEINTISEIS DE OCTUBRE";"PRIVADO";"II-1";"00027260";"CLÍNICA BELLO HORIZONTE S.A.";"240000";"HOSPITALIZACIÓN";"98";"90";"203";"355";"16";"496";"0"
"2023";"01";"200115";"PIURA";"PIURA";"VEINTISEIS DE OCTUBRE";"PRIVADO";"II-1";"00027260";"CLÍNICA BELLO HORIZONTE S.A.";"250100";"UNIDAD DE CUIDADOS CRITICOS UNIDAD  DE CUIDADOS INTENSIVOS GENERALES (UCI) ";"2";"3";"45";"49";"4";"124";"3"
"2023";"01";"120606";"JUNIN";"SATIPO";"PANGOA";"GOBIERNO REGIONAL";"II-1";"00000442";"SAN MARTIN DE PANGOA";"241800";"HOSPITALIZACIÓN DE MEDICINA MEDICINA GENERAL ";"28";"32";"102";"60";"6";"186";"0"
"2023";"01";"120606";"JUNIN";"SATIPO";"PANGOA";"GOBIERNO REGIONAL";"II-1";"00000442";"SAN MARTIN DE PANGOA";"242500";"HOSPITALIZACIÓN-PEDIATRÍA GENERAL-";"14";"15";"56";"63";"8";"248";"0"
"2023";"01";"120606";"JUNIN";"SATIPO";"PANGOA";"GOBIERNO REGIONAL";"II-1";"00000442";"SAN MARTIN DE PANGOA";"240100";"HOSPITALIZACIÓN QUIRÚRGICA CIRUGÍA GENERAL ";"29";"30";"98";"110";"4";"124";"1"
"2023";"01";"120606";"JUNIN";"SATIPO";"PANGOA";"GOBIERNO REGIONAL";"II-1";"00000442";"SAN MARTIN DE PANGOA";"241500";"HOSPITALIZACIÓN QUIRÚRGICA GINECOLOGÍA  ";"60";"61";"138";"67";"8";"248";"0"
"2023";"01";"120606";"JUNIN";"SATIPO";"PANGOA";"GOBIERNO REGIONAL";"II-1";"00000442";"SAN MARTIN DE PANGOA";"241400";"HOSPITALIZACIÓN QUIRÚRGICA GINECO - OBSTETRICIA ";"67";"70";"142";"171";"8";"248";"0"
"2023";"01";"120606";"JUNIN";"SATIPO";"PANGOA";"GOBIERNO REGIONAL";"II-1";"00000442";"SAN MARTIN DE PANGOA";"243200";"HOSPITALIZACIÓN DE PEDIATRÍA PEDIATRIA NEONATOLOGÍA";"5";"5";"20";"11";"6";"186";"0"
"2023";"01";"120114";"JUNIN";"HUANCAYO";"EL TAMBO";"PRIVADO";"II-E";"00027694";"CHENET CLINICA ESPECIALIZADA";"240100";"HOSPITALIZACIÓN QUIRÚRGICA CIRUGÍA GENERAL ";"14";"14";"26";"26";"2";"31";"0"
"2023";"01";"120114";"JUNIN";"HUANCAYO";"EL TAMBO";"PRIVADO";"II-E";"00027694";"CHENET CLINICA ESPECIALIZADA";"241200";"HOSPITALIZACIÓN QUIRÚRGICA TRAUMATOLOGÍA Y ORTOPEDIA ";"6";"6";"9";"9";"1";"31";"0"
"2023";"01";"120114";"JUNIN";"HUANCAYO";"EL TAMBO";"PRIVADO";"II-E";"00027694";"CHENET CLINICA ESPECIALIZADA";"241300";"HOSPITALIZACIÓN QUIRÚRGICA UROLOGÍA  ";"3";"3";"3";"3";"1";"20";"0"
"2023";"01";"120114";"JUNIN";"HUANCAYO";"EL TAMBO";"PRIVADO";"II-E";"00027694";"CHENET CLINICA ESPECIALIZADA";"241500";"HOSPITALIZACIÓN QUIRÚRGICA GINECOLOGÍA  ";"12";"12";"21";"21";"2";"30";"0"
"2023";"01";"120114";"JUNIN";"HUANCAYO";"EL TAMBO";"PRIVADO";"II-E";"00027694";"CHENET CLINICA ESPECIALIZADA";"244200";"HOSPITALIZACIÓN DE MEDICINA ENDOCRINOLOGIA ";"2";"2";"2";"2";"1";"20";"0"
"2023";"01";"120114";"JUNIN";"HUANCAYO";"EL TAMBO";"PRIVADO";"II-E";"00027694";"CHENET CLINICA ESPECIALIZADA";"245300";"HOSPITALIZACIÓN DE MEDICINA NEUMOLOGÍA  ";"1";"1";"3";"3";"1";"31";"0"
"2023";"01";"200115";"PIURA";"PIURA";"VEINTISEIS DE OCTUBRE";"GOBIERNO REGIONAL";"II-2";"00002084";"HOSPITAL DE LA AMISTAD PERU - COREA SANTA ROSA II-2";"240100";"HOSPITALIZACIÓN QUIRÚRGICA CIRUGÍA GENERAL ";"102";"102";"618";"550";"12";"360";"2"
"2023";"01";"200115";"PIURA";"PIURA";"VEINTISEIS DE OCTUBRE";"GOBIERNO REGIONAL";"II-2";"00002084";"HOSPITAL DE LA AMISTAD PERU - COREA SANTA ROSA II-2";"241500";"HOSPITALIZACIÓN QUIRÚRGICA GINECOLOGÍA  ";"136";"136";"370";"310";"1";"360";"0"
"2023";"01";"200115";"PIURA";"PIURA";"VEINTISEIS DE OCTUBRE";"GOBIERNO REGIONAL";"II-2";"00002084";"HOSPITAL DE LA AMISTAD PERU - COREA SANTA ROSA II-2";"241600";"HOSPITALIZACIÓN QUIRÚRGICA OBSTETRICIA   ";"164";"164";"294";"455";"20";"600";"0"
"2023";"01";"200115";"PIURA";"PIURA";"VEINTISEIS DE OCTUBRE";"GOBIERNO REGIONAL";"II-2";"00002084";"HOSPITAL DE LA AMISTAD PERU - COREA SANTA ROSA II-2";"241800";"HOSPITALIZACIÓN DE MEDICINA MEDICINA GENERAL ";"188";"188";"1495";"1109";"50";"1500";"12"
"2023";"01";"200115";"PIURA";"PIURA";"VEINTISEIS DE OCTUBRE";"GOBIERNO REGIONAL";"II-2";"00002084";"HOSPITAL DE LA AMISTAD PERU - COREA SANTA ROSA II-2";"242500";"HOSPITALIZACIÓN-PEDIATRÍA GENERAL-";"22";"22";"323";"278";"12";"420";"0"
"2023";"01";"200115";"PIURA";"PIURA";"VEINTISEIS DE OCTUBRE";"GOBIERNO REGIONAL";"II-2";"00002084";"HOSPITAL DE LA AMISTAD PERU - COREA SANTA ROSA II-2";"243200";"HOSPITALIZACIÓN DE PEDIATRÍA PEDIATRIA NEONATOLOGÍA";"47";"47";"638";"330";"17";"510";"1"
"2023";"01";"150122";"LIMA";"LIMA";"MIRAFLORES";"MINSA";"III-E";"00006213";"HOSPITAL DE EMERGENCIAS JOSE CASIMIRO ULLOA";"240100";"HOSPITALIZACIÓN QUIRÚRGICA CIRUGÍA GENERAL ";"147";"167";"879";"628";"26";"806";"4"
"2023";"01";"150122";"LIMA";"LIMA";"MIRAFLORES";"MINSA";"III-E";"00006213";"HOSPITAL DE EMERGENCIAS JOSE CASIMIRO ULLOA";"241800";"HOSPITALIZACIÓN DE MEDICINA MEDICINA GENERAL ";"85";"112";"1007";"564";"20";"620";"14"
"2023";"01";"150122";"LIMA";"LIMA";"MIRAFLORES";"MINSA";"III-E";"00006213";"HOSPITAL DE EMERGENCIAS JOSE CASIMIRO ULLOA";"240900";"HOSPITALIZACIÓN QUIRÚRGICA NEUROCIRUGÍA ";"8";"12";"126";"202";"11";"341";"0"
"2023";"01";"150122";"LIMA";"LIMA";"MIRAFLORES";"MINSA";"III-E";"00006213";"HOSPITAL DE EMERGENCIAS JOSE CASIMIRO ULLOA";"241200";"HOSPITALIZACIÓN QUIRÚRGICA TRAUMATOLOGÍA Y ORTOPEDIA ";"47";"53";"338";"279";"14";"434";"0"
"2023";"01";"150122";"LIMA";"LIMA";"MIRAFLORES";"MINSA";"III-E";"00006213";"HOSPITAL DE EMERGENCIAS JOSE CASIMIRO ULLOA";"250000";"UNIDAD DE CUIDADOS CRITICOS  ";"21";"17";"124";"299";"10";"310";"0"
"2023";"01";"150122";"LIMA";"LIMA";"MIRAFLORES";"MINSA";"III-E";"00006213";"HOSPITAL DE EMERGENCIAS JOSE CASIMIRO ULLOA";"250103";"UNIDAD DE CUIDADOS CRITICOS UNIDAD  DE CUIDADOS INTENSIVOS GENERALES  (UCI) MEDICINA";"17";"11";"64";"177";"11";"186";"0"
"2023";"01";"150122";"LIMA";"LIMA";"MIRAFLORES";"MINSA";"III-E";"00006213";"HOSPITAL DE EMERGENCIAS JOSE CASIMIRO ULLOA";"250500";"HOSPIT. EN UNIDAD DE CUID.INTEN.-UNIDAD DE TRAUMA SHOCK-";"5";"5";"22";"30";"4";"124";"0"
"2023";"01";"120114";"JUNIN";"HUANCAYO";"EL TAMBO";"PRIVADO";"II-E";"00027694";"CHENET CLINICA ESPECIALIZADA";"245400";"HOSPITALIZACIÓN DE MEDICINA GINECOLOGIA ";"3";"3";"34";"3";"1";"20";"0"
"2023";"01";"060615";"CAJAMARCA";"CUTERVO";"TORIBIO CASANOVA";"GOBIERNO REGIONAL";"I-1";"00005017";"PERLAMAYO";"NE_0001";"";"NE_0001";"NE_0001";"NE_0001";"NE_0001";"NE_0001";"NE_0001";"NE_0001"
"2023";"01";"060615";"CAJAMARCA";"CUTERVO";"TORIBIO CASANOVA";"GOBIERNO REGIONAL";"I-3";"00005019";"LA SACILIA";"NE_0001";"";"NE_0001";"NE_0001";"NE_0001";"NE_0001";"NE_0001";"NE_0001";"NE_0001"
"2023";"01";"060604";"CAJAMARCA";"CUTERVO";"CUJILLO";"GOBIERNO REGIONAL";"I-3";"00004974";"CUJILLO";"NE_0001";"";"NE_0001";"NE_0001";"NE_0001";"NE_0001";"NE_0001";"NE_0001";"NE_0001"
"2023";"01";"060604";"CAJAMARCA";"CUTERVO";"CUJILLO";"GOBIERNO REGIONAL";"I-1";"00006959";"CUNUAT";"NE_0001";"";"NE_0001";"NE_0001";"NE_0001";"NE_0001";"NE_0001";"NE_0001";"NE_0001"
"2023";"01";"060603";"CAJAMARCA";"CUTERVO";"CHOROS";"GOBIERNO REGIONAL";"I-1";"00007698";"SAN PEDRO DE CHOROS";"NE_0001";"";"NE_0001";"NE_0001";"NE_0001";"NE_0001";"NE_0001";"NE_0001";"NE_0001"
"2023";"01";"060603";"CAJAMARCA";"CUTERVO";"CHOROS";"GOBIERNO REGIONAL";"I-1";"00004972";"MESARRUME";"NE_0001";"";"NE_0001";"NE_0001";"NE_0001";"NE_0001";"NE_0001";"NE_0001";"NE_0001"
"2023";"01";"060603";"CAJAMARCA";"CUTERVO";"CHOROS";"GOBIERNO REGIONAL";"I-3";"00004971";"CHOROS";"NE_0001";"";"NE_0001";"NE_0001";"NE_0001";"NE_0001";"NE_0001";"NE_0001";"NE_0001"
"2023";"01";"060604";"CAJAMARCA";"CUTERVO";"CUJILLO";"GOBIERNO REGIONAL";"I-1";"00004975";"YUNCHACO";"NE_0001";"";"NE_0001";"NE_0001";"NE_0001";"NE_0001";"NE_0001";"NE_0001";"NE_0001"
"2023";"01";"060613";"CAJAMARCA";"CUTERVO";"SANTO TOMAS";"GOBIERNO REGIONAL";"I-1";"00004976";"MALLETA";"NE_0001";"";"NE_0001";"NE_0001";"NE_0001";"NE_0001";"NE_0001";"NE_0001";"NE_0001"
"2023";"02";"080602";"CUSCO";"CANCHIS";"CHECACUPE";"GOBIERNO REGIONAL";"I-2";"00002385";"CHECACUPE";"NE_0001";"";"NE_0001";"NE_0001";"NE_0001";"NE_0001";"NE_0001";"NE_0001";"NE_0001"
"2023";"02";"080608";"CUSCO";"CANCHIS";"TINTA";"GOBIERNO REGIONAL";"I-3";"00002397";"TINTA";"NE_0001";"";"NE_0001";"NE_0001";"NE_0001";"NE_0001";"NE_0001";"NE_0001";"NE_0001"
"2023";"02";"080204";"CUSCO";"ACOMAYO";"MOSOC LLACTA";"GOBIERNO REGIONAL";"I-2";"00002320";"MOSOCLLACTA";"NE_0001";"";"NE_0001";"NE_0001";"NE_0001";"NE_0001";"NE_0001";"NE_0001";"NE_0001"
"2023";"02";"080605";"CUSCO";"CANCHIS";"PITUMARCA";"GOBIERNO REGIONAL";"I-3";"00002392";"PITUMARCA";"NE_0001";"";"NE_0001";"NE_0001";"NE_0001";"NE_0001";"NE_0001";"NE_0001";"NE_0001"
"2023";"02";"080603";"CUSCO";"CANCHIS";"COMBAPATA";"GOBIERNO REGIONAL";"I-4";"00002386";"COMBAPATA CANCHIS";"NE_0001";"";"NE_0001";"NE_0001";"NE_0001";"NE_0001";"NE_0001";"NE_0001";"NE_0001"
"2023";"02";"080603";"CUSCO";"CANCHIS";"COMBAPATA";"GOBIERNO REGIONAL";"I-2";"00002387";"CHIARA";"NE_0001";"";"NE_0001";"NE_0001";"NE_0001";"NE_0001";"NE_0001";"NE_0001";"NE_0001"
"2023";"02";"080601";"CUSCO";"CANCHIS";"SICUANI";"GOBIERNO REGIONAL";"I-4";"00002380";"TECHO OBRERO";"NE_0001";"";"NE_0001";"NE_0001";"NE_0001";"NE_0001";"NE_0001";"NE_0001";"NE_0001"
"2023";"02";"080604";"CUSCO";"CANCHIS";"MARANGANI";"GOBIERNO REGIONAL";"I-1";"00002389";"CHECTUYOC";"NE_0001";"";"NE_0001";"NE_0001";"NE_0001";"NE_0001";"NE_0001";"NE_0001";"NE_0001"
"2023";"02";"080504";"CUSCO";"CANAS";"LANGUI";"GOBIERNO REGIONAL";"I-2";"00002369";"LANGUI";"NE_0001";"";"NE_0001";"NE_0001";"NE_0001";"NE_0001";"NE_0001";"NE_0001";"NE_0001"
"2023";"02";"080604";"CUSCO";"CANCHIS";"MARANGANI";"GOBIERNO REGIONAL";"I-1";"00002390";"CCUYO";"NE_0001";"";"NE_0001";"NE_0001";"NE_0001";"NE_0001";"NE_0001";"NE_0001";"NE_0001"
"2023";"02";"080604";"CUSCO";"CANCHIS";"MARANGANI";"GOBIERNO REGIONAL";"I-2";"00002391";"OCCOBAMBA MARANGANI";"NE_0001";"";"NE_0001";"NE_0001";"NE_0001";"NE_0001";"NE_0001";"NE_0001";"NE_0001"
"2023";"02";"080601";"CUSCO";"CANCHIS";"SICUANI";"GOBIERNO REGIONAL";"I-1";"00002379";"HERCCA";"NE_0001";"";"NE_0001";"NE_0001";"NE_0001";"NE_0001";"NE_0001";"NE_0001";"NE_0001"
"2023";"02";"080504";"CUSCO";"CANAS";"LANGUI";"GOBIERNO REGIONAL";"I-1";"00002370";"CONDEVILUYO";"NE_0001";"";"NE_0001";"NE_0001";"NE_0001";"NE_0001";"NE_0001";"NE_0001";"NE_0001"
"2023";"02";"080505";"CUSCO";"CANAS";"LAYO";"GOBIERNO REGIONAL";"I-3";"00002371";"LAYO";"NE_0001";"";"NE_0001";"NE_0001";"NE_0001";"NE_0001";"NE_0001";"NE_0001";"NE_0001"
"2023";"02";"080604";"CUSCO";"CANCHIS";"MARANGANI";"GOBIERNO REGIONAL";"I-3";"00002388";"MARANGANI";"NE_0001";"";"NE_0001";"NE_0001";"NE_0001";"NE_0001";"NE_0001";"NE_0001";"NE_0001"
"2023";"02";"150140";"LIMA";"LIMA";"SANTIAGO DE SURCO";"PRIVADO";"II-E";"00020674";"SAN MARTIN PLASTICA & ESTETICA";"NE_0002";"";"NE_0002";"NE_0002";"NE_0002";"NE_0002";"NE_0002";"NE_0002";"NE_0002"
"2023";"02";"100502";"HUANUCO";"HUAMALIES";"ARANCAY";"GOBIERNO REGIONAL";"I-2";"00000905";"ARANCAY";"NE_0001";"";"NE_0001";"NE_0001";"NE_0001";"NE_0001";"NE_0001";"NE_0001";"NE_0001"
"2023";"02";"100502";"HUANUCO";"HUAMALIES";"ARANCAY";"GOBIERNO REGIONAL";"0";"00025485";"AISPED TAZO CHICO -  ARANCAY";"NE_0001";"";"NE_0001";"NE_0001";"NE_0001";"NE_0001";"NE_0001";"NE_0001";"NE_0001"
"2023";"02";"100503";"HUANUCO";"HUAMALIES";"CHAVIN DE PARIARCA";"GOBIERNO REGIONAL";"I-1";"00000899";"SAN JUAN DE PAMPAS";"NE_0001";"";"NE_0001";"NE_0001";"NE_0001";"NE_0001";"NE_0001";"NE_0001";"NE_0001"
"2023";"02";"100503";"HUANUCO";"HUAMALIES";"CHAVIN DE PARIARCA";"GOBIERNO REGIONAL";"I-1";"00007720";"QUIPRAN";"NE_0001";"";"NE_0001";"NE_0001";"NE_0001";"NE_0001";"NE_0001";"NE_0001";"NE_0001"
"2023";"02";"100503";"HUANUCO";"HUAMALIES";"CHAVIN DE PARIARCA";"GOBIERNO REGIONAL";"I-3";"00000896";"CHAVIN DE PARIARCA";"NE_0001";"";"NE_0001";"NE_0001";"NE_0001";"NE_0001";"NE_0001";"NE_0001";"NE_0001"
"2023";"02";"100403";"HUANUCO";"HUACAYBAMBA";"COCHABAMBA";"GOBIERNO REGIONAL";"I-1";"00000882";"SANTA ANA PIRUSHTO";"NE_0001";"";"NE_0001";"NE_0001";"NE_0001";"NE_0001";"NE_0001";"NE_0001";"NE_0001"
"2023";"02";"100403";"HUANUCO";"HUACAYBAMBA";"COCHABAMBA";"GOBIERNO REGIONAL";"I-1";"00000879";"COCHABAMBA";"NE_0001";"";"NE_0001";"NE_0001";"NE_0001";"NE_0001";"NE_0001";"NE_0001";"NE_0001"
"2023";"02";"100401";"HUANUCO";"HUACAYBAMBA";"HUACAYBAMBA";"GOBIERNO REGIONAL";"I-1";"00000881";"PUESTO DE SALUD DE RONDOBAMBA";"NE_0001";"";"NE_0001";"NE_0001";"NE_0001";"NE_0001";"NE_0001";"NE_0001";"NE_0001"
"2023";"02";"160108";"LORETO";"MAYNAS";"PUNCHANA";"GOBIERNO REGIONAL";"III-1";"00000003";"HOSPITAL REGIONAL DE LORETO ""FELIPE SANTIAGO ARRIOLA IGLESIAS""";"240100";"HOSPITALIZACIÓN QUIRÚRGICA CIRUGÍA GENERAL ";"97";"120";"848";"606";"28";"784";"0"
"2023";"02";"160108";"LORETO";"MAYNAS";"PUNCHANA";"GOBIERNO REGIONAL";"III-1";"00000003";"HOSPITAL REGIONAL DE LORETO ""FELIPE SANTIAGO ARRIOLA IGLESIAS""";"241500";"HOSPITALIZACIÓN QUIRÚRGICA GINECOLOGÍA  ";"18";"20";"95";"108";"15";"420";"0"
"2023";"02";"160108";"LORETO";"MAYNAS";"PUNCHANA";"GOBIERNO REGIONAL";"III-1";"00000003";"HOSPITAL REGIONAL DE LORETO ""FELIPE SANTIAGO ARRIOLA IGLESIAS""";"241900";"HOSPITALIZACIÓN DE MEDICINA MEDICINA INTERNA ";"48";"73";"806";"726";"29";"812";"11"
"2023";"02";"160108";"LORETO";"MAYNAS";"PUNCHANA";"GOBIERNO REGIONAL";"III-1";"00000003";"HOSPITAL REGIONAL DE LORETO ""FELIPE SANTIAGO ARRIOLA IGLESIAS""";"242000";"HOSPITALIZACIÓN DE MEDICINA MEDICINA TROPICAL E INFECCIOSAS ";"43";"62";"494";"430";"36";"1008";"9"
"2023";"02";"160108";"LORETO";"MAYNAS";"PUNCHANA";"GOBIERNO REGIONAL";"III-1";"00000003";"HOSPITAL REGIONAL DE LORETO ""FELIPE SANTIAGO ARRIOLA IGLESIAS""";"243200";"HOSPITALIZACIÓN DE PEDIATRÍA PEDIATRIA NEONATOLOGÍA";"2";"5";"89";"150";"6";"168";"5"
"2023";"02";"160108";"LORETO";"MAYNAS";"PUNCHANA";"GOBIERNO REGIONAL";"III-1";"00000003";"HOSPITAL REGIONAL DE LORETO ""FELIPE SANTIAGO ARRIOLA IGLESIAS""";"241400";"HOSPITALIZACIÓN QUIRÚRGICA GINECO - OBSTETRICIA ";"253";"280";"750";"513";"49";"1372";"0"
"2023";"02";"160108";"LORETO";"MAYNAS";"PUNCHANA";"GOBIERNO REGIONAL";"III-1";"00000003";"HOSPITAL REGIONAL DE LORETO ""FELIPE SANTIAGO ARRIOLA IGLESIAS""";"242300";"HOSPITALIZACIÓN DE PEDIATRÍA  PEDIATRÍA  GENERAL ";"36";"48";"346";"451";"24";"672";"0"
"2023";"02";"160108";"LORETO";"MAYNAS";"PUNCHANA";"GOBIERNO REGIONAL";"III-1";"00000003";"HOSPITAL REGIONAL DE LORETO ""FELIPE SANTIAGO ARRIOLA IGLESIAS""";"250103";"UNIDAD DE CUIDADOS CRITICOS UNIDAD  DE CUIDADOS INTENSIVOS GENERALES  (UCI) MEDICINA";"5";"9";"118";"105";"7";"196";"9"
"2023";"02";"160108";"LORETO";"MAYNAS";"PUNCHANA";"GOBIERNO REGIONAL";"III-1";"00000003";"HOSPITAL REGIONAL DE LORETO ""FELIPE SANTIAGO ARRIOLA IGLESIAS""";"250108";"UNIDAD DE CUIDADOS CRITICOS UNIDAD  DE CUIDADOS INTENSIVOS  (UCI) PEDIÁTRICA";"3";"4";"44";"93";"6";"168";"4"
"2023";"02";"160108";"LORETO";"MAYNAS";"PUNCHANA";"GOBIERNO REGIONAL";"III-1";"00000003";"HOSPITAL REGIONAL DE LORETO ""FELIPE SANTIAGO ARRIOLA IGLESIAS""";"250109";"UNIDAD DE CUIDADOS CRITICOS UNIDAD  DE CUIDADOS INTENSIVOS  (UCI) QUIRÚRGICA";"4";"5";"37";"129";"8";"224";"0"
"2023";"02";"160108";"LORETO";"MAYNAS";"PUNCHANA";"GOBIERNO REGIONAL";"III-1";"00000003";"HOSPITAL REGIONAL DE LORETO ""FELIPE SANTIAGO ARRIOLA IGLESIAS""";"250400";"UNIDAD DE CUIDADOS CRITICOS UNIDAD DE QUEMADOS (GRAN QUEMADO) ";"2";"5";"78";"112";"5";"140";"0"
"2023";"02";"160108";"LORETO";"MAYNAS";"PUNCHANA";"GOBIERNO REGIONAL";"III-1";"00000003";"HOSPITAL REGIONAL DE LORETO ""FELIPE SANTIAGO ARRIOLA IGLESIAS""";"250105";"UNIDAD DE CUIDADOS CRITICOS UNIDAD  DE CUIDADOS INTENSIVOS  (UCI) NEONATOLOGÍA";"12";"22";"213";"316";"12";"336";"0"
"2023";"02";"160108";"LORETO";"MAYNAS";"PUNCHANA";"GOBIERNO REGIONAL";"III-1";"00000003";"HOSPITAL REGIONAL DE LORETO ""FELIPE SANTIAGO ARRIOLA IGLESIAS""";"242205";"HOSPITALIZACIÓN MEDICINA PSIQUIATRÍA PISIQUIATRIA/ SALUD MENTAL Y ADICCIONES";"1";"3";"233";"275";"11";"308";"0"
"2023";"02";"160108";"LORETO";"MAYNAS";"PUNCHANA";"GOBIERNO REGIONAL";"III-1";"00000003";"HOSPITAL REGIONAL DE LORETO ""FELIPE SANTIAGO ARRIOLA IGLESIAS""";"242100";"HOSPITALIZACIÓN DE MEDICINA ONCOLOGÍA MÉDICA ";"14";"16";"68";"56";"4";"112";"0"
"2023";"03";"131101";"LA LIBERTAD";"GRAN CHIMU";"CASCAS";"ESSALUD";"I-2";"00012104";"POSTA DE SALUD CASCAS";"NE_0001";"";"NE_0001";"NE_0001";"NE_0001";"NE_0001";"NE_0001";"NE_0001";"NE_0001"
"2023";"03";"100101";"HUANUCO";"HUANUCO";"HUANUCO";"SANIDAD DE LA POLICIA NACIONAL DEL PERU";"I-3";"00011421";"POLICLINICO POLICIAL HUÀNUCO";"NE_0001";"";"NE_0001";"NE_0001";"NE_0001";"NE_0001";"NE_0001";"NE_0001";"NE_0001"
"2023";"03";"180301";"MOQUEGUA";"ILO";"ILO";"SANIDAD DE LA POLICIA NACIONAL DEL PERU";"I-2";"00025870";"POSTA MEDICA POLICIAL ILO";"NE_0001";"";"NE_0001";"NE_0001";"NE_0001";"NE_0001";"NE_0001";"NE_0001";"NE_0001"
"2023";"02";"160201";"LORETO";"ALTO AMAZONAS";"YURIMAGUAS";"GOBIERNO REGIONAL";"II-2";"00000210";"HOSPITAL II-2 SANTA GEMA DE YURIMAGUAS";"240100";"HOSPITALIZACIÓN QUIRÚRGICA CIRUGÍA GENERAL ";"83";"92";"250";"250";"7";"196";"0"
"2023";"02";"160201";"LORETO";"ALTO AMAZONAS";"YURIMAGUAS";"GOBIERNO REGIONAL";"II-2";"00000210";"HOSPITAL II-2 SANTA GEMA DE YURIMAGUAS";"240700";"HOSPITALIZACIÓN QUIRÚRGICA CIRUGÍA PEDIÁTRICA ";"11";"12";"27";"27";"1";"28";"0"
"2023";"02";"160201";"LORETO";"ALTO AMAZONAS";"YURIMAGUAS";"GOBIERNO REGIONAL";"II-2";"00000210";"HOSPITAL II-2 SANTA GEMA DE YURIMAGUAS";"241200";"HOSPITALIZACIÓN QUIRÚRGICA TRAUMATOLOGÍA Y ORTOPEDIA ";"14";"19";"107";"107";"7";"196";"0"
"2023";"02";"160201";"LORETO";"ALTO AMAZONAS";"YURIMAGUAS";"GOBIERNO REGIONAL";"II-2";"00000210";"HOSPITAL II-2 SANTA GEMA DE YURIMAGUAS";"241500";"HOSPITALIZACIÓN QUIRÚRGICA GINECOLOGÍA  ";"54";"58";"126";"126";"8";"224";"1"
"2023";"02";"160201";"LORETO";"ALTO AMAZONAS";"YURIMAGUAS";"GOBIERNO REGIONAL";"II-2";"00000210";"HOSPITAL II-2 SANTA GEMA DE YURIMAGUAS";"241600";"HOSPITALIZACIÓN QUIRÚRGICA OBSTETRICIA   ";"176";"191";"374";"374";"25";"700";"0"
"2023";"01";"150110";"LIMA";"LIMA";"COMAS";"PRIVADO";"I-3";"00025575";"CENTRO CLÍNICO SAN NICOLAS";"NE_0001";"";"NE_0001";"NE_0001";"NE_0001";"NE_0001";"NE_0001";"NE_0001";"NE_0001"
"2023";"01";"120305";"JUNIN";"CHANCHAMAYO";"SAN RAMON";"GOBIERNO REGIONAL";"I-1";"00000357";"PEDREGAL";"NE_0001";"";"NE_0001";"NE_0001";"NE_0001";"NE_0001";"NE_0001";"NE_0001";"NE_0001"
"2023";"01";"080910";"CUSCO";"LA CONVENCION";"PICHARI";"GOBIERNO REGIONAL";"I-2";"00007114";"QUISTO CENTRAL";"NE_0001";"";"NE_0001";"NE_0001";"NE_0001";"NE_0001";"NE_0001";"NE_0001";"NE_0001"
"2023";"01";"080910";"CUSCO";"LA CONVENCION";"PICHARI";"GOBIERNO REGIONAL";"I-1";"00015170";"PICHARI BAJA";"NE_0001";"";"NE_0001";"NE_0001";"NE_0001";"NE_0001";"NE_0001";"NE_0001";"NE_0001"
"2023";"01";"080910";"CUSCO";"LA CONVENCION";"PICHARI";"GOBIERNO REGIONAL";"I-2";"00002496";"OMAYA";"NE_0001";"";"NE_0001";"NE_0001";"NE_0001";"NE_0001";"NE_0001";"NE_0001";"NE_0001"
"2023";"01";"221005";"SAN MARTIN";"TOCACHE";"UCHIZA";"ESSALUD";"I-2";"00010704";"POSTA MEDICA UCHIZA";"NE_0001";"";"NE_0001";"NE_0001";"NE_0001";"NE_0001";"NE_0001";"NE_0001";"NE_0001"
"2023";"02";"240101";"TUMBES";"TUMBES";"TUMBES";"SANIDAD DE LA POLICIA NACIONAL DEL PERU";"I-3";"00012088";"POLICLINICO POLICIAL ""LA CRUZ"" TUMBES";"NE_0001";"";"NE_0001";"NE_0001";"NE_0001";"NE_0001";"NE_0001";"NE_0001";"NE_0001"
"2023";"02";"150131";"LIMA";"LIMA";"SAN ISIDRO";"SANIDAD DE LA POLICIA NACIONAL DEL PERU";"I-3";"00012740";"POLICLINICO POLICIAL MININTER";"NE_0001";"";"NE_0001";"NE_0001";"NE_0001";"NE_0001";"NE_0001";"NE_0001";"NE_0001"
"2023";"02";"040112";"AREQUIPA";"AREQUIPA";"PAUCARPATA";"GOBIERNO REGIONAL";"I-3";"00001313";"CENTRO DE SALUD NUEVA ALBORADA";"NE_0001";"";"NE_0001";"NE_0001";"NE_0001";"NE_0001";"NE_0001";"NE_0001";"NE_0001"
"2023";"02";"220301";"SAN MARTIN";"EL DORADO";"SAN JOSE DE SISA";"GOBIERNO REGIONAL";"I-4";"00006485";"HOSPITAL RURAL SAN JOSE DE SISA";"241600";"HOSPITALIZACIÓN QUIRÚRGICA OBSTETRICIA   ";"14";"15";"21";"30";"9";"252";"0"
"2023";"02";"220301";"SAN MARTIN";"EL DORADO";"SAN JOSE DE SISA";"GOBIERNO REGIONAL";"I-4";"00006485";"HOSPITAL RURAL SAN JOSE DE SISA";"241800";"HOSPITALIZACIÓN DE MEDICINA MEDICINA GENERAL ";"12";"13";"47";"26";"6";"168";"0"
"2023";"02";"220206";"SAN MARTIN";"BELLAVISTA";"SAN RAFAEL";"GOBIERNO REGIONAL";"I-1";"00006518";"CRISTINO GARCIA CARHUAPOMA";"NE_0002";"";"NE_0002";"NE_0002";"NE_0002";"NE_0002";"NE_0002";"NE_0002";"NE_0002"
"2023";"02";"220206";"SAN MARTIN";"BELLAVISTA";"SAN RAFAEL";"GOBIERNO REGIONAL";"I-1";"00006504";"PALESTINA";"NE_0002";"";"NE_0002";"NE_0002";"NE_0002";"NE_0002";"NE_0002";"NE_0002";"NE_0002"
"2023";"02";"220205";"SAN MARTIN";"BELLAVISTA";"SAN PABLO";"GOBIERNO REGIONAL";"I-1";"00006514";"HUINGOYACU";"NE_0002";"";"NE_0002";"NE_0002";"NE_0002";"NE_0002";"NE_0002";"NE_0002";"NE_0002"
"2023";"02";"220204";"SAN MARTIN";"BELLAVISTA";"HUALLAGA";"GOBIERNO REGIONAL";"I-1";"00006562";"LEDOY";"NE_0001";"";"NE_0001";"NE_0001";"NE_0001";"NE_0001";"NE_0001";"NE_0001";"NE_0001"
"2023";"02";"220201";"SAN MARTIN";"BELLAVISTA";"BELLAVISTA";"GOBIERNO REGIONAL";"I-2";"00006511";"LAS  MERCEDES";"NE_0001";"";"NE_0001";"NE_0001";"NE_0001";"NE_0001";"NE_0001";"NE_0001";"NE_0001"
"2023";"02";"220206";"SAN MARTIN";"BELLAVISTA";"SAN RAFAEL";"GOBIERNO REGIONAL";"I-1";"00006517";"PANAMA";"NE_0002";"";"NE_0002";"NE_0002";"NE_0002";"NE_0002";"NE_0002";"NE_0002";"NE_0002"
"2023";"02";"220201";"SAN MARTIN";"BELLAVISTA";"BELLAVISTA";"GOBIERNO REGIONAL";"I-1";"00006503";"BUENOS AIRES";"NE_0001";"";"NE_0001";"NE_0001";"NE_0001";"NE_0001";"NE_0001";"NE_0001";"NE_0001"
"2023";"02";"150108";"LIMA";"LIMA";"CHORRILLOS";"PRIVADO";"II-1";"00016005";"CLINICA PARROQUIAL SAN FRANCISCO DE ASIS";"240100";"HOSPITALIZACIÓN QUIRÚRGICA CIRUGÍA GENERAL ";"23";"23";"23";"23";"12";"360";"0"
"2023";"02";"150108";"LIMA";"LIMA";"CHORRILLOS";"PRIVADO";"II-1";"00016005";"CLINICA PARROQUIAL SAN FRANCISCO DE ASIS";"240100";"HOSPITALIZACIÓN QUIRÚRGICA CIRUGÍA GENERAL ";"7";"7";"7";"7";"12";"360";"0"
"2023";"02";"150108";"LIMA";"LIMA";"CHORRILLOS";"PRIVADO";"II-1";"00016005";"CLINICA PARROQUIAL SAN FRANCISCO DE ASIS";"240100";"HOSPITALIZACIÓN QUIRÚRGICA CIRUGÍA GENERAL ";"3";"3";"3";"3";"12";"360";"0"
"2023";"02";"150108";"LIMA";"LIMA";"CHORRILLOS";"PRIVADO";"II-1";"00016005";"CLINICA PARROQUIAL SAN FRANCISCO DE ASIS";"240100";"HOSPITALIZACIÓN QUIRÚRGICA CIRUGÍA GENERAL ";"3";"3";"3";"3";"12";"360";"0"
"2023";"02";"150108";"LIMA";"LIMA";"CHORRILLOS";"PRIVADO";"II-1";"00016005";"CLINICA PARROQUIAL SAN FRANCISCO DE ASIS";"240100";"HOSPITALIZACIÓN QUIRÚRGICA CIRUGÍA GENERAL ";"1";"1";"1";"1";"12";"360";"0"
"2023";"02";"150108";"LIMA";"LIMA";"CHORRILLOS";"PRIVADO";"II-1";"00016005";"CLINICA PARROQUIAL SAN FRANCISCO DE ASIS";"240100";"HOSPITALIZACIÓN QUIRÚRGICA CIRUGÍA GENERAL ";"1";"1";"1";"1";"12";"360";"0"
"2023";"02";"150108";"LIMA";"LIMA";"CHORRILLOS";"PRIVADO";"II-1";"00016005";"CLINICA PARROQUIAL SAN FRANCISCO DE ASIS";"240100";"HOSPITALIZACIÓN QUIRÚRGICA CIRUGÍA GENERAL ";"1";"1";"1";"1";"12";"360";"0"
"2023";"02";"150108";"LIMA";"LIMA";"CHORRILLOS";"PRIVADO";"II-1";"00016005";"CLINICA PARROQUIAL SAN FRANCISCO DE ASIS";"241400";"HOSPITALIZACIÓN QUIRÚRGICA GINECO - OBSTETRICIA ";"1";"1";"2";"1";"12";"360";"0"
"2023";"02";"150108";"LIMA";"LIMA";"CHORRILLOS";"PRIVADO";"II-1";"00016005";"CLINICA PARROQUIAL SAN FRANCISCO DE ASIS";"241400";"HOSPITALIZACIÓN QUIRÚRGICA GINECO - OBSTETRICIA ";"1";"1";"2";"1";"12";"360";"0"
"2023";"02";"150108";"LIMA";"LIMA";"CHORRILLOS";"PRIVADO";"II-1";"00016005";"CLINICA PARROQUIAL SAN FRANCISCO DE ASIS";"241400";"HOSPITALIZACIÓN QUIRÚRGICA GINECO - OBSTETRICIA ";"1";"1";"2";"1";"12";"360";"0"
"2023";"02";"060802";"CAJAMARCA";"JAEN";"BELLAVISTA";"GOBIERNO REGIONAL";"I-3";"00004225";"AMBATO TAMBORAPA";"NE_0001";"";"NE_0001";"NE_0001";"NE_0001";"NE_0001";"NE_0001";"NE_0001";"NE_0001"
"2023";"02";"120604";"JUNIN";"SATIPO";"MAZAMARI";"GOBIERNO REGIONAL";"I-4";"00000434";"MAZAMARI";"241600";"HOSPITALIZACIÓN QUIRÚRGICA OBSTETRICIA   ";"41";"43";"75";"75";"6";"168";"0"
"2023";"02";"120604";"JUNIN";"SATIPO";"MAZAMARI";"GOBIERNO REGIONAL";"I-4";"00000434";"MAZAMARI";"241800";"HOSPITALIZACIÓN DE MEDICINA MEDICINA GENERAL ";"15";"18";"62";"62";"8";"224";"0"
"2023";"02";"120604";"JUNIN";"SATIPO";"MAZAMARI";"GOBIERNO REGIONAL";"I-4";"00000434";"MAZAMARI";"242500";"HOSPITALIZACIÓN-PEDIATRÍA GENERAL-";"9";"11";"26";"26";"6";"168";"0"
"2023";"02";"120604";"JUNIN";"SATIPO";"MAZAMARI";"GOBIERNO REGIONAL";"I-2";"00000437";"PANGA";"NE_0001";"";"NE_0001";"NE_0001";"NE_0001";"NE_0001";"NE_0001";"NE_0001";"NE_0001"
"2023";"02";"120606";"JUNIN";"SATIPO";"PANGOA";"GOBIERNO REGIONAL";"I-3";"00000438";"TZIRIARI";"NE_0001";"";"NE_0001";"NE_0001";"NE_0001";"NE_0001";"NE_0001";"NE_0001";"NE_0001"
"2023";"02";"120604";"JUNIN";"SATIPO";"MAZAMARI";"GOBIERNO REGIONAL";"I-2";"00000435";"CAPIRUSHARI";"NE_0001";"";"NE_0001";"NE_0001";"NE_0001";"NE_0001";"NE_0001";"NE_0001";"NE_0001"
"2023";"02";"120604";"JUNIN";"SATIPO";"MAZAMARI";"GOBIERNO REGIONAL";"I-1";"00016908";"GLORIABAMBA";"NE_0001";"";"NE_0001";"NE_0001";"NE_0001";"NE_0001";"NE_0001";"NE_0001";"NE_0001"
"2023";"02";"120604";"JUNIN";"SATIPO";"MAZAMARI";"GOBIERNO REGIONAL";"I-1";"00016912";"VILLA PROGRESO DE EDEN";"NE_0001";"";"NE_0001";"NE_0001";"NE_0001";"NE_0001";"NE_0001";"NE_0001";"NE_0001"
"2023";"02";"120701";"JUNIN";"TARMA";"TARMA";"GOBIERNO REGIONAL";"I-1";"00000584";"TARMATAMBO";"NE_0001";"";"NE_0001";"NE_0001";"NE_0001";"NE_0001";"NE_0001";"NE_0001";"NE_0001"
"2023";"02";"120701";"JUNIN";"TARMA";"TARMA";"GOBIERNO REGIONAL";"I-1";"00000586";"MUYLO";"NE_0001";"";"NE_0001";"NE_0001";"NE_0001";"NE_0001";"NE_0001";"NE_0001";"NE_0001"
"2023";"02";"150133";"LIMA";"LIMA";"SAN JUAN DE MIRAFLORES";"PRIVADO";"II-2";"00018985";"CLINICA SANTA MARTHA DEL SUR";"240000";"HOSPITALIZACIÓN";"144";"150";"400";"897";"82";"2296";"1"
"2023";"02";"150133";"LIMA";"LIMA";"SAN JUAN DE MIRAFLORES";"PRIVADO";"II-2";"00018985";"CLINICA SANTA MARTHA DEL SUR";"250100";"UNIDAD DE CUIDADOS CRITICOS UNIDAD  DE CUIDADOS INTENSIVOS GENERALES (UCI) ";"20";"19";"76";"64";"6";"168";"3"
"2023";"02";"130101";"LA LIBERTAD";"TRUJILLO";"TRUJILLO";"PRIVADO";"II-E";"00024168";"NORLASER";"NE_0001";"";"NE_0001";"NE_0001";"NE_0001";"NE_0001";"NE_0001";"NE_0001";"NE_0001"
"2023";"02";"150141";"LIMA";"LIMA";"SURQUILLO";"PRIVADO";"II-E";"00012947";"CLINICA SANTA MARIA";"240000";"HOSPITALIZACIÓN";"192";"190";"297";"288";"20";"560";"0"
"2023";"02";"120703";"JUNIN";"TARMA";"HUARICOLCA";"GOBIERNO REGIONAL";"I-2";"00000595";"HUARICOLCA";"NE_0001";"";"NE_0001";"NE_0001";"NE_0001";"NE_0001";"NE_0001";"NE_0001";"NE_0001"
"2023";"02";"120703";"JUNIN";"TARMA";"HUARICOLCA";"GOBIERNO REGIONAL";"I-1";"00000596";"APAYCANCHILLA";"NE_0001";"";"NE_0001";"NE_0001";"NE_0001";"NE_0001";"NE_0001";"NE_0001";"NE_0001"
"2023";"02";"120701";"JUNIN";"TARMA";"TARMA";"GOBIERNO REGIONAL";"I-1";"00000584";"TARMATAMBO";"NE_0001";"";"NE_0001";"NE_0001";"NE_0001";"NE_0001";"NE_0001";"NE_0001";"NE_0001"
"2023";"02";"120701";"JUNIN";"TARMA";"TARMA";"GOBIERNO REGIONAL";"I-1";"00000590";"MISARURASHA";"NE_0001";"";"NE_0001";"NE_0001";"NE_0001";"NE_0001";"NE_0001";"NE_0001";"NE_0001"
"2023";"02";"120701";"JUNIN";"TARMA";"TARMA";"GOBIERNO REGIONAL";"I-1";"00000591";"CARHUACATAC";"NE_0001";"";"NE_0001";"NE_0001";"NE_0001";"NE_0001";"NE_0001";"NE_0001";"NE_0001"
"2023";"02";"120701";"JUNIN";"TARMA";"TARMA";"GOBIERNO REGIONAL";"I-1";"00000585";"COCHAS";"NE_0001";"";"NE_0001";"NE_0001";"NE_0001";"NE_0001";"NE_0001";"NE_0001";"NE_0001"
"2023";"02";"120701";"JUNIN";"TARMA";"TARMA";"GOBIERNO REGIONAL";"I-1";"00000592";"PALCAPACCHA";"NE_0001";"";"NE_0001";"NE_0001";"NE_0001";"NE_0001";"NE_0001";"NE_0001";"NE_0001"
"2023";"02";"120701";"JUNIN";"TARMA";"TARMA";"GOBIERNO REGIONAL";"I-1";"00000589";"VICORA CONGAS";"NE_0001";"";"NE_0001";"NE_0001";"NE_0001";"NE_0001";"NE_0001";"NE_0001";"NE_0001"
"2023";"02";"021809";"ANCASH";"SANTA";"NUEVO CHIMBOTE";"PRIVADO";"II-1";"00016536";"CLINICA BAHIA S.A.C.";"240000";"HOSPITALIZACIÓN";"9";"9";"13";"10";"8";"224";"0"
"2023";"02";"080106";"CUSCO";"CUSCO";"SANTIAGO";"GOBIERNO REGIONAL";"III-1";"00002305";"ANTONIO LORENA DEL CUSCO";"250100";"UNIDAD DE CUIDADOS CRITICOS UNIDAD  DE CUIDADOS INTENSIVOS GENERALES (UCI) ";"22";"17";"130";"146";"9";"252";"3"
"2023";"02";"080106";"CUSCO";"CUSCO";"SANTIAGO";"GOBIERNO REGIONAL";"III-1";"00002305";"ANTONIO LORENA DEL CUSCO";"240100";"HOSPITALIZACIÓN QUIRÚRGICA CIRUGÍA GENERAL ";"168";"142";"724";"757";"32";"896";"1"
"2023";"02";"080106";"CUSCO";"CUSCO";"SANTIAGO";"GOBIERNO REGIONAL";"III-1";"00002305";"ANTONIO LORENA DEL CUSCO";"240900";"HOSPITALIZACIÓN QUIRÚRGICA NEUROCIRUGÍA ";"33";"25";"153";"201";"10";"280";"0"
"2023";"02";"080106";"CUSCO";"CUSCO";"SANTIAGO";"GOBIERNO REGIONAL";"III-1";"00002305";"ANTONIO LORENA DEL CUSCO";"241200";"HOSPITALIZACIÓN QUIRÚRGICA TRAUMATOLOGÍA Y ORTOPEDIA ";"43";"37";"228";"212";"10";"280";"0"
"2023";"02";"080106";"CUSCO";"CUSCO";"SANTIAGO";"GOBIERNO REGIONAL";"III-1";"00002305";"ANTONIO LORENA DEL CUSCO";"244000";"HOSPITALIZACIÓN DE MEDICINA CARDIOLOGIA ";"23";"16";"144";"169";"10";"280";"1"
"2023";"02";"080106";"CUSCO";"CUSCO";"SANTIAGO";"GOBIERNO REGIONAL";"III-1";"00002305";"ANTONIO LORENA DEL CUSCO";"241900";"HOSPITALIZACIÓN DE MEDICINA MEDICINA INTERNA ";"75";"55";"468";"558";"26";"728";"3"
"2023";"02";"080106";"CUSCO";"CUSCO";"SANTIAGO";"GOBIERNO REGIONAL";"III-1";"00002305";"ANTONIO LORENA DEL CUSCO";"245300";"HOSPITALIZACIÓN DE MEDICINA NEUMOLOGÍA  ";"33";"26";"148";"159";"9";"252";"2"
"2023";"02";"080106";"CUSCO";"CUSCO";"SANTIAGO";"GOBIERNO REGIONAL";"III-1";"00002305";"ANTONIO LORENA DEL CUSCO";"242204";"HOSPITALIZACIÓN DE MEDICINA PSIQUIATRÍA REHABILITACIÓN PSIQUIÁTRICA / REINSERCIÓN ";"21";"12";"271";"269";"10";"280";"0"
"2023";"02";"080106";"CUSCO";"CUSCO";"SANTIAGO";"GOBIERNO REGIONAL";"III-1";"00002305";"ANTONIO LORENA DEL CUSCO";"242000";"HOSPITALIZACIÓN DE MEDICINA MEDICINA TROPICAL E INFECCIOSAS ";"13";"8";"151";"140";"8";"224";"0"
"2023";"02";"080106";"CUSCO";"CUSCO";"SANTIAGO";"GOBIERNO REGIONAL";"III-1";"00002305";"ANTONIO LORENA DEL CUSCO";"241000";"HOSPITALIZACIÓN QUIRÚRGICA ONCOLOGÍA QUIRÚRGICA  ";"29";"22";"116";"158";"7";"196";"1"
"2023";"02";"080106";"CUSCO";"CUSCO";"SANTIAGO";"GOBIERNO REGIONAL";"III-1";"00002305";"ANTONIO LORENA DEL CUSCO";"241500";"HOSPITALIZACIÓN QUIRÚRGICA GINECOLOGÍA  ";"102";"92";"251";"229";"10";"280";"0"
"2023";"02";"080106";"CUSCO";"CUSCO";"SANTIAGO";"GOBIERNO REGIONAL";"III-1";"00002305";"ANTONIO LORENA DEL CUSCO";"241400";"HOSPITALIZACIÓN QUIRÚRGICA GINECO - OBSTETRICIA ";"187";"173";"466";"468";"22";"616";"0"
"2023";"02";"080106";"CUSCO";"CUSCO";"SANTIAGO";"GOBIERNO REGIONAL";"III-1";"00002305";"ANTONIO LORENA DEL CUSCO";"242300";"HOSPITALIZACIÓN DE PEDIATRÍA  PEDIATRÍA  GENERAL ";"31";"27";"229";"155";"14";"392";"0"
"2023";"02";"080106";"CUSCO";"CUSCO";"SANTIAGO";"GOBIERNO REGIONAL";"III-1";"00002305";"ANTONIO LORENA DEL CUSCO";"243200";"HOSPITALIZACIÓN DE PEDIATRÍA PEDIATRIA NEONATOLOGÍA";"70";"59";"533";"373";"17";"476";"0"
"2023";"02";"080106";"CUSCO";"CUSCO";"SANTIAGO";"GOBIERNO REGIONAL";"III-1";"00002305";"ANTONIO LORENA DEL CUSCO";"250105";"UNIDAD DE CUIDADOS CRITICOS UNIDAD  DE CUIDADOS INTENSIVOS  (UCI) NEONATOLOGÍA";"26";"21";"251";"147";"8";"224";"2"
"2023";"02";"080106";"CUSCO";"CUSCO";"SANTIAGO";"GOBIERNO REGIONAL";"III-1";"00002305";"ANTONIO LORENA DEL CUSCO";"243600";"HOSPITALIZACIÓN DE PEDIATRÍA PEDIATRIA ONCOLOGÍA PEDIÁTRICA";"13";"10";"157";"119";"9";"252";"0"
"2023";"02";"080106";"CUSCO";"CUSCO";"SANTIAGO";"GOBIERNO REGIONAL";"III-1";"00002305";"ANTONIO LORENA DEL CUSCO";"250200";"UNIDAD DE CUIDADOS CRITICOS UNIDAD DE CUIDADOS INTERMEDIOS GENERAL  (UCIN) ";"26";"18";"147";"211";"10";"280";"1"
"2023";"02";"120705";"JUNIN";"TARMA";"LA UNION";"GOBIERNO REGIONAL";"I-1";"00000600";"UCHURACRA";"NE_0001";"";"NE_0001";"NE_0001";"NE_0001";"NE_0001";"NE_0001";"NE_0001";"NE_0001"
"2023";"02";"180101";"MOQUEGUA";"MARISCAL NIETO";"MOQUEGUA";"GOBIERNO REGIONAL";"II-2";"00007732";"HOSPITAL REGIONAL DE MOQUEGUA";"241400";"HOSPITALIZACIÓN QUIRÚRGICA GINECO - OBSTETRICIA ";"116";"115";"294";"295";"28";"784";"0"
"2023";"02";"180101";"MOQUEGUA";"MARISCAL NIETO";"MOQUEGUA";"GOBIERNO REGIONAL";"II-2";"00007732";"HOSPITAL REGIONAL DE MOQUEGUA";"241200";"HOSPITALIZACIÓN QUIRÚRGICA TRAUMATOLOGÍA Y ORTOPEDIA ";"38";"39";"415";"387";"12";"396";"0"
"2023";"02";"180101";"MOQUEGUA";"MARISCAL NIETO";"MOQUEGUA";"GOBIERNO REGIONAL";"II-2";"00007732";"HOSPITAL REGIONAL DE MOQUEGUA";"240100";"HOSPITALIZACIÓN QUIRÚRGICA CIRUGÍA GENERAL ";"58";"56";"218";"284";"9";"296";"0"
"2023";"02";"180101";"MOQUEGUA";"MARISCAL NIETO";"MOQUEGUA";"GOBIERNO REGIONAL";"II-2";"00007732";"HOSPITAL REGIONAL DE MOQUEGUA";"242500";"HOSPITALIZACIÓN-PEDIATRÍA GENERAL-";"23";"23";"79";"102";"10";"280";"0"
"2023";"02";"180101";"MOQUEGUA";"MARISCAL NIETO";"MOQUEGUA";"GOBIERNO REGIONAL";"II-2";"00007732";"HOSPITAL REGIONAL DE MOQUEGUA";"243200";"HOSPITALIZACIÓN DE PEDIATRÍA PEDIATRIA NEONATOLOGÍA";"26";"27";"89";"94";"8";"224";"0"
"2023";"02";"180101";"MOQUEGUA";"MARISCAL NIETO";"MOQUEGUA";"GOBIERNO REGIONAL";"II-2";"00007732";"HOSPITAL REGIONAL DE MOQUEGUA";"241800";"HOSPITALIZACIÓN DE MEDICINA MEDICINA GENERAL ";"39";"34";"293";"321";"16";"448";"3"
"2023";"02";"180101";"MOQUEGUA";"MARISCAL NIETO";"MOQUEGUA";"GOBIERNO REGIONAL";"II-2";"00007732";"HOSPITAL REGIONAL DE MOQUEGUA";"250200";"UNIDAD DE CUIDADOS CRITICOS UNIDAD DE CUIDADOS INTERMEDIOS GENERAL  (UCIN) ";"14";"11";"173";"185";"7";"224";"1"
"2023";"02";"180101";"MOQUEGUA";"MARISCAL NIETO";"MOQUEGUA";"GOBIERNO REGIONAL";"II-2";"00007732";"HOSPITAL REGIONAL DE MOQUEGUA";"242200";"HOSPITALIZACIÓN DE MEDICINA PSIQUIATRÍA ";"13";"10";"95";"167";"5";"196";"0"
"2023";"02";"061001";"CAJAMARCA";"SAN MARCOS";"PEDRO GALVEZ";"GOBIERNO REGIONAL";"I-1";"00004505";"HUAYOBAMBA";"NE_0001";"";"NE_0001";"NE_0001";"NE_0001";"NE_0001";"NE_0001";"NE_0001";"NE_0001"
"2023";"02";"061004";"CAJAMARCA";"SAN MARCOS";"GREGORIO PITA";"GOBIERNO REGIONAL";"I-1";"00004503";"PUESTO DE SALUD ULLILLIN";"NE_0001";"";"NE_0001";"NE_0001";"NE_0001";"NE_0001";"NE_0001";"NE_0001";"NE_0001"
"2023";"01";"110304";"ICA";"NAZCA";"MARCONA";"ESSALUD";"I-4";"00013911";"MARIA REICHE NEUMAN";"241800";"HOSPITALIZACIÓN DE MEDICINA MEDICINA GENERAL ";"31";"31";"130";"99";"12";"372";"0"
"2023";"01";"110304";"ICA";"NAZCA";"MARCONA";"ESSALUD";"I-4";"00013911";"MARIA REICHE NEUMAN";"240100";"HOSPITALIZACIÓN QUIRÚRGICA CIRUGÍA GENERAL ";"5";"5";"24";"19";"2";"62";"0"
"2023";"01";"110304";"ICA";"NAZCA";"MARCONA";"ESSALUD";"I-4";"00013911";"MARIA REICHE NEUMAN";"241500";"HOSPITALIZACIÓN QUIRÚRGICA GINECOLOGÍA  ";"4";"4";"17";"13";"1";"31";"0"
"2023";"01";"110304";"ICA";"NAZCA";"MARCONA";"ESSALUD";"I-4";"00013911";"MARIA REICHE NEUMAN";"242300";"HOSPITALIZACIÓN DE PEDIATRÍA  PEDIATRÍA  GENERAL ";"10";"9";"35";"26";"3";"93";"0"
"2023";"01";"211101";"PUNO";"SAN ROMAN";"JULIACA";"PRIVADO";"II-E";"00028340";"SERVICIOS MEDICOS ASISTENCIALES  VIDA E.I.R.L.";"NE_0001";"";"NE_0001";"NE_0001";"NE_0001";"NE_0001";"NE_0001";"NE_0001";"NE_0001"
"2023";"01";"080108";"CUSCO";"CUSCO";"WANCHAQ";"PRIVADO";"II-E";"00011339";"SAN JOSE";"240100";"HOSPITALIZACIÓN QUIRÚRGICA CIRUGÍA GENERAL ";"112";"11";"735";"55";"24";"720";"0"
"2023";"01";"080108";"CUSCO";"CUSCO";"WANCHAQ";"PRIVADO";"II-E";"00011339";"SAN JOSE";"241700";"HOSPITALIZACIÓN QUIRÚRGICA GINECOLOGÍA   GINECOLOGIA ONCOLOGiCA";"20";"1";"87";"5";"24";"720";"0"
"2023";"01";"080108";"CUSCO";"CUSCO";"WANCHAQ";"PRIVADO";"II-E";"00011339";"SAN JOSE";"240400";"HOSPITALIZACIÓN QUIRÚRGICA CIRUGÍA DE TÓRAX Y CARDIOVASCULAR ";"12";"2";"105";"14";"24";"720";"0"
"2023";"01";"080108";"CUSCO";"CUSCO";"WANCHAQ";"PRIVADO";"II-E";"00011339";"SAN JOSE";"241200";"HOSPITALIZACIÓN QUIRÚRGICA TRAUMATOLOGÍA Y ORTOPEDIA ";"6";"4";"43";"23";"24";"720";"0"
"2023";"01";"080108";"CUSCO";"CUSCO";"WANCHAQ";"PRIVADO";"II-E";"00011339";"SAN JOSE";"241300";"HOSPITALIZACIÓN QUIRÚRGICA UROLOGÍA  ";"4";"2";"35";"14";"24";"720";"0"
"2023";"01";"120101";"JUNIN";"HUANCAYO";"HUANCAYO";"GOBIERNO REGIONAL";"I-2";"00000732";"SAN FRANCISCO";"NE_0001";"";"NE_0001";"NE_0001";"NE_0001";"NE_0001";"NE_0001";"NE_0001";"NE_0001"
"2023";"01";"120101";"JUNIN";"HUANCAYO";"HUANCAYO";"GOBIERNO REGIONAL";"I-4";"00000727";"LA LIBERTAD";"241400";"HOSPITALIZACIÓN QUIRÚRGICA GINECO - OBSTETRICIA ";"35";"35";"43";"2";"6";"12";"0"
"2023";"01";"120124";"JUNIN";"HUANCAYO";"PARIAHUANCA";"GOBIERNO REGIONAL";"I-3";"00000736";"PARIAHUANCA";"NE_0001";"";"NE_0001";"NE_0001";"NE_0001";"NE_0001";"NE_0001";"NE_0001";"NE_0001"
"2023";"01";"120124";"JUNIN";"HUANCAYO";"PARIAHUANCA";"GOBIERNO REGIONAL";"I-1";"00000741";"CEDRUYO";"NE_0001";"";"NE_0001";"NE_0001";"NE_0001";"NE_0001";"NE_0001";"NE_0001";"NE_0001"
"2023";"01";"120124";"JUNIN";"HUANCAYO";"PARIAHUANCA";"GOBIERNO REGIONAL";"I-1";"00000740";"ANTARPA";"NE_0001";"";"NE_0001";"NE_0001";"NE_0001";"NE_0001";"NE_0001";"NE_0001";"NE_0001"
"2023";"01";"120124";"JUNIN";"HUANCAYO";"PARIAHUANCA";"GOBIERNO REGIONAL";"I-1";"00015577";"NUEVO OCCORO";"NE_0001";"";"NE_0001";"NE_0001";"NE_0001";"NE_0001";"NE_0001";"NE_0001";"NE_0001"
"2023";"01";"120101";"JUNIN";"HUANCAYO";"HUANCAYO";"GOBIERNO REGIONAL";"I-2";"00000730";"VILCACOTO";"NE_0001";"";"NE_0001";"NE_0001";"NE_0001";"NE_0001";"NE_0001";"NE_0001";"NE_0001"
"2023";"01";"120101";"JUNIN";"HUANCAYO";"HUANCAYO";"GOBIERNO REGIONAL";"I-2";"00000731";"PALIAN";"NE_0001";"";"NE_0001";"NE_0001";"NE_0001";"NE_0001";"NE_0001";"NE_0001";"NE_0001"
"2023";"01";"120124";"JUNIN";"HUANCAYO";"PARIAHUANCA";"GOBIERNO REGIONAL";"I-1";"00000738";"PANTY";"NE_0001";"";"NE_0001";"NE_0001";"NE_0001";"NE_0001";"NE_0001";"NE_0001";"NE_0001"
"2023";"01";"120101";"JUNIN";"HUANCAYO";"HUANCAYO";"GOBIERNO REGIONAL";"I-3";"00000728";"OCOPILLA";"NE_0001";"";"NE_0001";"NE_0001";"NE_0001";"NE_0001";"NE_0001";"NE_0001";"NE_0001"
"2023";"01";"120124";"JUNIN";"HUANCAYO";"PARIAHUANCA";"GOBIERNO REGIONAL";"I-2";"00000737";"LAMPA";"NE_0001";"";"NE_0001";"NE_0001";"NE_0001";"NE_0001";"NE_0001";"NE_0001";"NE_0001"
"2023";"01";"120124";"JUNIN";"HUANCAYO";"PARIAHUANCA";"GOBIERNO REGIONAL";"I-1";"00012471";"HUAYCHULA";"NE_0001";"";"NE_0001";"NE_0001";"NE_0001";"NE_0001";"NE_0001";"NE_0001";"NE_0001"
"2023";"01";"120101";"JUNIN";"HUANCAYO";"HUANCAYO";"GOBIERNO REGIONAL";"I-2";"00000729";"PUESTO DE SALUD UÑAS";"NE_0001";"";"NE_0001";"NE_0001";"NE_0001";"NE_0001";"NE_0001";"NE_0001";"NE_0001"
"2023";"01";"120124";"JUNIN";"HUANCAYO";"PARIAHUANCA";"GOBIERNO REGIONAL";"I-2";"00000742";"LLACSAPIRCA";"NE_0001";"";"NE_0001";"NE_0001";"NE_0001";"NE_0001";"NE_0001";"NE_0001";"NE_0001"
"2023";"01";"120124";"JUNIN";"HUANCAYO";"PARIAHUANCA";"GOBIERNO REGIONAL";"I-1";"00000743";"ROCCHAC";"NE_0001";"";"NE_0001";"NE_0001";"NE_0001";"NE_0001";"NE_0001";"NE_0001";"NE_0001"
"2023";"01";"120101";"JUNIN";"HUANCAYO";"HUANCAYO";"GOBIERNO REGIONAL";"I-1";"00015905";"ACOPALCA";"NE_0001";"";"NE_0001";"NE_0001";"NE_0001";"NE_0001";"NE_0001";"NE_0001";"NE_0001"
"2023";"01";"010701";"AMAZONAS";"UTCUBAMBA";"BAGUA GRANDE";"GOBIERNO REGIONAL";"II-1";"00005125";"HOSPITAL  SANTIAGO APOSTOL DE UTCUBAMBA";"240100";"HOSPITALIZACIÓN QUIRÚRGICA CIRUGÍA GENERAL ";"51";"51";"156";"142";"7";"217";"0"
"2023";"01";"010701";"AMAZONAS";"UTCUBAMBA";"BAGUA GRANDE";"GOBIERNO REGIONAL";"II-1";"00005125";"HOSPITAL  SANTIAGO APOSTOL DE UTCUBAMBA";"241200";"HOSPITALIZACIÓN QUIRÚRGICA TRAUMATOLOGÍA Y ORTOPEDIA ";"10";"10";"34";"32";"4";"124";"0"
"2023";"01";"010701";"AMAZONAS";"UTCUBAMBA";"BAGUA GRANDE";"GOBIERNO REGIONAL";"II-1";"00005125";"HOSPITAL  SANTIAGO APOSTOL DE UTCUBAMBA";"241400";"HOSPITALIZACIÓN QUIRÚRGICA GINECO - OBSTETRICIA ";"21";"21";"28";"27";"2";"62";"0"
"2023";"01";"010701";"AMAZONAS";"UTCUBAMBA";"BAGUA GRANDE";"GOBIERNO REGIONAL";"II-1";"00005125";"HOSPITAL  SANTIAGO APOSTOL DE UTCUBAMBA";"241600";"HOSPITALIZACIÓN QUIRÚRGICA OBSTETRICIA   ";"122";"122";"202";"205";"17";"527";"0"
"2023";"01";"010701";"AMAZONAS";"UTCUBAMBA";"BAGUA GRANDE";"GOBIERNO REGIONAL";"II-1";"00005125";"HOSPITAL  SANTIAGO APOSTOL DE UTCUBAMBA";"241800";"HOSPITALIZACIÓN DE MEDICINA MEDICINA GENERAL ";"31";"31";"107";"120";"9";"279";"0"
"2023";"01";"010701";"AMAZONAS";"UTCUBAMBA";"BAGUA GRANDE";"GOBIERNO REGIONAL";"II-1";"00005125";"HOSPITAL  SANTIAGO APOSTOL DE UTCUBAMBA";"242500";"HOSPITALIZACIÓN-PEDIATRÍA GENERAL-";"39";"39";"101";"102";"5";"155";"0"
"2023";"01";"010701";"AMAZONAS";"UTCUBAMBA";"BAGUA GRANDE";"GOBIERNO REGIONAL";"II-1";"00005125";"HOSPITAL  SANTIAGO APOSTOL DE UTCUBAMBA";"243200";"HOSPITALIZACIÓN DE PEDIATRÍA PEDIATRIA NEONATOLOGÍA";"11";"11";"26";"24";"6";"186";"0"
"2023";"01";"010701";"AMAZONAS";"UTCUBAMBA";"BAGUA GRANDE";"GOBIERNO REGIONAL";"II-1";"00005125";"HOSPITAL  SANTIAGO APOSTOL DE UTCUBAMBA";"250304";"HOSPIT. EN UNIDAD DE CUID.INTEN.-UNIDAD DE VIGILANCIA INTENSIVA (UVI)-MEDICINA";"17";"17";"63";"50";"3";"93";"5"
"2023";"01";"021301";"ANCASH";"MARISCAL LUZURIAGA";"PISCOBAMBA";"GOBIERNO REGIONAL";"I-1";"00001784";"PUESTO DE SALUD SOCOSBAMBA";"NE_0002";"";"NE_0002";"NE_0002";"NE_0002";"NE_0002";"NE_0002";"NE_0002";"NE_0002"
"2023";"01";"021303";"ANCASH";"MARISCAL LUZURIAGA";"ELEAZAR GUZMAN BARRON";"GOBIERNO REGIONAL";"I-1";"00001786";"PUESTO DE SALUD PAMPACHACRA";"NE_0002";"";"NE_0002";"NE_0002";"NE_0002";"NE_0002";"NE_0002";"NE_0002";"NE_0002"
"2023";"01";"021303";"ANCASH";"MARISCAL LUZURIAGA";"ELEAZAR GUZMAN BARRON";"GOBIERNO REGIONAL";"I-1";"00001787";"PUESTO DE SALUD PUMPA";"NE_0002";"";"NE_0002";"NE_0002";"NE_0002";"NE_0002";"NE_0002";"NE_0002";"NE_0002"
"2023";"01";"021305";"ANCASH";"MARISCAL LUZURIAGA";"LLAMA";"GOBIERNO REGIONAL";"I-2";"00001788";"PUESTO DE SALUD LLAMA";"NE_0002";"";"NE_0002";"NE_0002";"NE_0002";"NE_0002";"NE_0002";"NE_0002";"NE_0002"
"2023";"01";"021304";"ANCASH";"MARISCAL LUZURIAGA";"FIDEL OLIVAS ESCUDERO";"GOBIERNO REGIONAL";"I-1";"00001793";"PUESTO DE SALUD SANASHGAN";"NE_0002";"";"NE_0002";"NE_0002";"NE_0002";"NE_0002";"NE_0002";"NE_0002";"NE_0002"
"2023";"01";"021308";"ANCASH";"MARISCAL LUZURIAGA";"MUSGA";"GOBIERNO REGIONAL";"I-1";"00001792";"PUESTO DE SALUD MUSGA";"NE_0002";"";"NE_0002";"NE_0002";"NE_0002";"NE_0002";"NE_0002";"NE_0002";"NE_0002"
"2023";"01";"021301";"ANCASH";"MARISCAL LUZURIAGA";"PISCOBAMBA";"GOBIERNO REGIONAL";"I-4";"00001783";"CENTRO DE SALUD PISCOBAMBA";"241600";"HOSPITALIZACIÓN QUIRÚRGICA OBSTETRICIA   ";"3";"3";"8";"8";"3";"85";"0"
"2023";"01";"021301";"ANCASH";"MARISCAL LUZURIAGA";"PISCOBAMBA";"GOBIERNO REGIONAL";"I-4";"00001783";"CENTRO DE SALUD PISCOBAMBA";"241800";"HOSPITALIZACIÓN DE MEDICINA MEDICINA GENERAL ";"6";"6";"38";"38";"15";"427";"0"
"2023";"01";"021304";"ANCASH";"MARISCAL LUZURIAGA";"FIDEL OLIVAS ESCUDERO";"GOBIERNO REGIONAL";"I-1";"00001794";"PUESTO DE SALUD PARCO";"NE_0002";"";"NE_0002";"NE_0002";"NE_0002";"NE_0002";"NE_0002";"NE_0002";"NE_0002"
"2023";"01";"021306";"ANCASH";"MARISCAL LUZURIAGA";"LLUMPA";"GOBIERNO REGIONAL";"I-2";"00001789";"PUESTO DE SALUD LLUMPA";"NE_0002";"";"NE_0002";"NE_0002";"NE_0002";"NE_0002";"NE_0002";"NE_0002";"NE_0002"
"2023";"01";"060610";"CAJAMARCA";"CUTERVO";"SAN LUIS DE LUCMA";"GOBIERNO REGIONAL";"I-3";"00005038";"SAN LUIS DE LA LUCMA";"NE_0001";"";"NE_0001";"NE_0001";"NE_0001";"NE_0001";"NE_0001";"NE_0001";"NE_0001"
"2023";"01";"060610";"CAJAMARCA";"CUTERVO";"SAN LUIS DE LUCMA";"GOBIERNO REGIONAL";"I-1";"00006870";"SANTA ROSA DEL TINGO";"NE_0001";"";"NE_0001";"NE_0001";"NE_0001";"NE_0001";"NE_0001";"NE_0001";"NE_0001"
"2023";"02";"120125";"JUNIN";"HUANCAYO";"PILCOMAYO";"SANIDAD DE LA POLICIA NACIONAL DEL PERU";"I-2";"00025776";"POSTA MEDICA POLICIAL EESTP - HYO";"NE_0001";"";"NE_0001";"NE_0001";"NE_0001";"NE_0001";"NE_0001";"NE_0001";"NE_0001"
"2023";"02";"110401";"ICA";"PALPA";"PALPA";"ESSALUD";"I-3";"00010483";"PALPA";"NE_0001";"";"NE_0001";"NE_0001";"NE_0001";"NE_0001";"NE_0001";"NE_0001";"NE_0001"
"2023";"02";"040112";"AREQUIPA";"AREQUIPA";"PAUCARPATA";"SANIDAD DE LA POLICIA NACIONAL DEL PERU";"I-2";"00011664";"POSTA MEDICA POLICIAL ""SAN MARTIN DE PORRES""  AREQUIPA";"NE_0001";"";"NE_0001";"NE_0001";"NE_0001";"NE_0001";"NE_0001";"NE_0001";"NE_0001"
"2023";"02";"030201";"APURIMAC";"ANDAHUAYLAS";"ANDAHUAYLAS";"SANIDAD DE LA POLICIA NACIONAL DEL PERU";"I-2";"00011892";"POSTA MEDICA POLICIAL DE ANDAHUAYLAS";"NE_0001";"";"NE_0001";"NE_0001";"NE_0001";"NE_0001";"NE_0001";"NE_0001";"NE_0001"
"2023";"02";"110207";"ICA";"CHINCHA";"PUEBLO NUEVO";"SANIDAD DE LA POLICIA NACIONAL DEL PERU";"I-3";"00011398";"POLICLINICO POLICIAL CHINCHA";"NE_0001";"";"NE_0001";"NE_0001";"NE_0001";"NE_0001";"NE_0001";"NE_0001";"NE_0001"
"2023";"02";"150130";"LIMA";"LIMA";"SAN BORJA";"PRIVADO";"II-E";"00017634";"CLINICA ONCOSALUD";"240000";"HOSPITALIZACIÓN";"267";"268";"1850";"2035";"69";"1932";"10"
"2023";"02";"120201";"JUNIN";"CONCEPCION";"CONCEPCION";"ESSALUD";"I-3";"00008668";"CENTRO MEDICO CONCEPCION";"NE_0001";"";"NE_0001";"NE_0001";"NE_0001";"NE_0001";"NE_0001";"NE_0001";"NE_0001"
"2023";"02";"140101";"LAMBAYEQUE";"CHICLAYO";"CHICLAYO";"PRIVADO";"II-E";"00008750";"CLINICA DEL PACIFICO S.A";"240000";"HOSPITALIZACIÓN";"350";"345";"818";"811";"51";"1581";"2"
"2023";"02";"140101";"LAMBAYEQUE";"CHICLAYO";"CHICLAYO";"PRIVADO";"II-E";"00008750";"CLINICA DEL PACIFICO S.A";"250100";"UNIDAD DE CUIDADOS CRITICOS UNIDAD  DE CUIDADOS INTENSIVOS GENERALES (UCI) ";"3";"4";"48";"45";"4";"124";"2"
"2023";"02";"050904";"AYACUCHO";"SUCRE";"CHILCAYOC";"GOBIERNO REGIONAL";"I-2";"00003805";"PUESTO DE SALUD CHILCAYOCC";"NE_0001";"";"NE_0001";"NE_0001";"NE_0001";"NE_0001";"NE_0001";"NE_0001";"NE_0001"
"2023";"02";"050909";"AYACUCHO";"SUCRE";"SAN SALVADOR DE QUIJE";"GOBIERNO REGIONAL";"I-1";"00003806";"PUESTO DE SALUD SAN SALVADOR DE QUIJE";"NE_0001";"";"NE_0001";"NE_0001";"NE_0001";"NE_0001";"NE_0001";"NE_0001";"NE_0001"
"2023";"02";"050907";"AYACUCHO";"SUCRE";"PAICO";"GOBIERNO REGIONAL";"I-1";"00003813";"PUESTO DE SALUD PAICO";"NE_0001";"";"NE_0001";"NE_0001";"NE_0001";"NE_0001";"NE_0001";"NE_0001";"NE_0001"
"2023";"02";"050905";"AYACUCHO";"SUCRE";"HUACAÑA";"GOBIERNO REGIONAL";"I-1";"00003719";"PUESTO DE SALUD HUACAÑA";"NE_0001";"";"NE_0001";"NE_0001";"NE_0001";"NE_0001";"NE_0001";"NE_0001";"NE_0001"
"2023";"02";"050901";"AYACUCHO";"SUCRE";"QUEROBAMBA";"GOBIERNO REGIONAL";"I-1";"00003802";"PUESTO DE SALUD POTONGO";"NE_0001";"";"NE_0001";"NE_0001";"NE_0001";"NE_0001";"NE_0001";"NE_0001";"NE_0001"
"2023";"02";"050910";"AYACUCHO";"SUCRE";"SANTIAGO DE PAUCARAY";"GOBIERNO REGIONAL";"I-1";"00007096";"PUESTO DE SALUD AUTAMA";"NE_0001";"";"NE_0001";"NE_0001";"NE_0001";"NE_0001";"NE_0001";"NE_0001";"NE_0001"
"2023";"02";"050906";"AYACUCHO";"SUCRE";"MORCOLLA";"GOBIERNO REGIONAL";"I-1";"00003812";"PUESTO DE SALUD HUACO";"NE_0001";"";"NE_0001";"NE_0001";"NE_0001";"NE_0001";"NE_0001";"NE_0001";"NE_0001"
"2023";"02";"050901";"AYACUCHO";"SUCRE";"QUEROBAMBA";"GOBIERNO REGIONAL";"I-1";"00003809";"PUESTO DE SALUD CHONTA";"NE_0001";"";"NE_0001";"NE_0001";"NE_0001";"NE_0001";"NE_0001";"NE_0001";"NE_0001"
"2023";"02";"050906";"AYACUCHO";"SUCRE";"MORCOLLA";"GOBIERNO REGIONAL";"I-1";"00003810";"PUESTO DE SALUD MORCOLLA";"NE_0001";"";"NE_0001";"NE_0001";"NE_0001";"NE_0001";"NE_0001";"NE_0001";"NE_0001"
"2023";"02";"100102";"HUANUCO";"HUANUCO";"AMARILIS";"ESSALUD";"II-2";"00010571";"HOSPITAL II HUANUCO";"241800";"HOSPITALIZACIÓN DE MEDICINA MEDICINA GENERAL ";"77";"78";"604";"548";"21";"588";"6"
"2023";"02";"100102";"HUANUCO";"HUANUCO";"AMARILIS";"ESSALUD";"II-2";"00010571";"HOSPITAL II HUANUCO";"241300";"HOSPITALIZACIÓN QUIRÚRGICA UROLOGÍA  ";"16";"17";"85";"65";"3";"84";"0"
"2023";"02";"100102";"HUANUCO";"HUANUCO";"AMARILIS";"ESSALUD";"II-2";"00010571";"HOSPITAL II HUANUCO";"240100";"HOSPITALIZACIÓN QUIRÚRGICA CIRUGÍA GENERAL ";"88";"87";"328";"389";"14";"392";"0"
"2023";"02";"100102";"HUANUCO";"HUANUCO";"AMARILIS";"ESSALUD";"II-2";"00010571";"HOSPITAL II HUANUCO";"241200";"HOSPITALIZACIÓN QUIRÚRGICA TRAUMATOLOGÍA Y ORTOPEDIA ";"26";"29";"265";"195";"7";"196";"0"
"2023";"02";"100102";"HUANUCO";"HUANUCO";"AMARILIS";"ESSALUD";"II-2";"00010571";"HOSPITAL II HUANUCO";"241100";"HOSPITALIZACIÓN QUIRÚRGICA OTORRINOLARINGOLOGÍA  ";"0";"1";"3";"2";"2";"56";"0"
"2023";"02";"100102";"HUANUCO";"HUANUCO";"AMARILIS";"ESSALUD";"II-2";"00010571";"HOSPITAL II HUANUCO";"241500";"HOSPITALIZACIÓN QUIRÚRGICA GINECOLOGÍA  ";"19";"20";"72";"58";"4";"112";"0"
"2023";"02";"100102";"HUANUCO";"HUANUCO";"AMARILIS";"ESSALUD";"II-2";"00010571";"HOSPITAL II HUANUCO";"241600";"HOSPITALIZACIÓN QUIRÚRGICA OBSTETRICIA   ";"128";"163";"324";"364";"18";"504";"0"
"2023";"02";"100102";"HUANUCO";"HUANUCO";"AMARILIS";"ESSALUD";"II-2";"00010571";"HOSPITAL II HUANUCO";"242300";"HOSPITALIZACIÓN DE PEDIATRÍA  PEDIATRÍA  GENERAL ";"25";"23";"76";"90";"9";"252";"0"
"2023";"02";"100102";"HUANUCO";"HUANUCO";"AMARILIS";"ESSALUD";"II-2";"00010571";"HOSPITAL II HUANUCO";"243200";"HOSPITALIZACIÓN DE PEDIATRÍA PEDIATRIA NEONATOLOGÍA";"130";"113";"177";"204";"10";"280";"0"
"2023";"02";"100102";"HUANUCO";"HUANUCO";"AMARILIS";"ESSALUD";"II-2";"00010571";"HOSPITAL II HUANUCO";"250100";"UNIDAD DE CUIDADOS CRITICOS UNIDAD  DE CUIDADOS INTENSIVOS GENERALES (UCI) ";"24";"8";"67";"211";"14";"392";"2"
"2023";"02";"100102";"HUANUCO";"HUANUCO";"AMARILIS";"ESSALUD";"II-2";"00010571";"HOSPITAL II HUANUCO";"250200";"UNIDAD DE CUIDADOS CRITICOS UNIDAD DE CUIDADOS INTERMEDIOS GENERAL  (UCIN) ";"10";"4";"299";"96";"4";"112";"4"
"2023";"02";"100102";"HUANUCO";"HUANUCO";"AMARILIS";"ESSALUD";"II-2";"00010571";"HOSPITAL II HUANUCO";"250201";"UNIDAD DE CUIDADOS CRITICOS UNIDAD DE CUIDADOS INTERMEDIOS  (UCIN) NEONATAL";"12";"6";"24";"73";"6";"168";"0"
"2023";"02";"220202";"SAN MARTIN";"BELLAVISTA";"ALTO BIAVO";"GOBIERNO REGIONAL";"I-1";"00006525";"CUZCO";"NE_0002";"";"NE_0002";"NE_0002";"NE_0002";"NE_0002";"NE_0002";"NE_0002";"NE_0002"
"2023";"02";"220202";"SAN MARTIN";"BELLAVISTA";"ALTO BIAVO";"GOBIERNO REGIONAL";"I-2";"00006524";"BARRANCA";"NE_0002";"";"NE_0002";"NE_0002";"NE_0002";"NE_0002";"NE_0002";"NE_0002";"NE_0002"
"2023";"02";"220202";"SAN MARTIN";"BELLAVISTA";"ALTO BIAVO";"GOBIERNO REGIONAL";"I-1";"00006526";"INCAICO";"NE_0002";"";"NE_0002";"NE_0002";"NE_0002";"NE_0002";"NE_0002";"NE_0002";"NE_0002"
"2023";"02";"220202";"SAN MARTIN";"BELLAVISTA";"ALTO BIAVO";"GOBIERNO REGIONAL";"I-1";"00006527";"JOSE OLAYA";"NE_0002";"";"NE_0002";"NE_0002";"NE_0002";"NE_0002";"NE_0002";"NE_0002";"NE_0002"
"2023";"02";"120418";"JUNIN";"JAUJA";"MOLINOS";"GOBIERNO REGIONAL";"I-2";"00000397";"MOLINOS";"NE_0001";"";"NE_0001";"NE_0001";"NE_0001";"NE_0001";"NE_0001";"NE_0001";"NE_0001"
"2023";"02";"120412";"JUNIN";"JAUJA";"JULCAN";"GOBIERNO REGIONAL";"I-2";"00000393";"JULCAN";"NE_0001";"";"NE_0001";"NE_0001";"NE_0001";"NE_0001";"NE_0001";"NE_0001";"NE_0001"
"2023";"02";"120418";"JUNIN";"JAUJA";"MOLINOS";"GOBIERNO REGIONAL";"I-1";"00000398";"QUERO";"NE_0001";"";"NE_0001";"NE_0001";"NE_0001";"NE_0001";"NE_0001";"NE_0001";"NE_0001"
"2023";"02";"120418";"JUNIN";"JAUJA";"MOLINOS";"GOBIERNO REGIONAL";"I-2";"00000399";"CURIMARCA";"NE_0001";"";"NE_0001";"NE_0001";"NE_0001";"NE_0001";"NE_0001";"NE_0001";"NE_0001"
"2023";"02";"120416";"JUNIN";"JAUJA";"MASMA";"GOBIERNO REGIONAL";"I-3";"00000394";"MASMA";"NE_0001";"";"NE_0001";"NE_0001";"NE_0001";"NE_0001";"NE_0001";"NE_0001";"NE_0001"
"2023";"01";"130106";"LA LIBERTAD";"TRUJILLO";"LAREDO";"GOBIERNO REGIONAL";"II-1";"00005231";"HOSPITAL DISTRITAL LAREDO";"241400";"HOSPITALIZACIÓN QUIRÚRGICA GINECO - OBSTETRICIA ";"35";"35";"78";"105";"6";"186";"0"
"2023";"01";"130106";"LA LIBERTAD";"TRUJILLO";"LAREDO";"GOBIERNO REGIONAL";"II-1";"00005231";"HOSPITAL DISTRITAL LAREDO";"241800";"HOSPITALIZACIÓN DE MEDICINA MEDICINA GENERAL ";"11";"11";"89";"100";"12";"372";"0"
"2023";"01";"130106";"LA LIBERTAD";"TRUJILLO";"LAREDO";"GOBIERNO REGIONAL";"II-1";"00005231";"HOSPITAL DISTRITAL LAREDO";"242500";"HOSPITALIZACIÓN-PEDIATRÍA GENERAL-";"7";"7";"19";"26";"3";"93";"0"
"2023";"01";"180106";"MOQUEGUA";"MARISCAL NIETO";"TORATA";"ESSALUD";"I-3";"00016151";"CENTRO DE ATENCION PRIMARIA II TORATA";"NE_0001";"";"NE_0001";"NE_0001";"NE_0001";"NE_0001";"NE_0001";"NE_0001";"NE_0001"
"2023";"01";"130101";"LA LIBERTAD";"TRUJILLO";"TRUJILLO";"PRIVADO";"II-E";"00024168";"NORLASER";"NE_0001";"";"NE_0001";"NE_0001";"NE_0001";"NE_0001";"NE_0001";"NE_0001";"NE_0001"
"2023";"01";"100508";"HUANUCO";"HUAMALIES";"PUNCHAO";"GOBIERNO REGIONAL";"I-2";"00000901";"PUNCHAO";"NE_0001";"";"NE_0001";"NE_0001";"NE_0001";"NE_0001";"NE_0001";"NE_0001";"NE_0001"
"2023";"02";"230101";"TACNA";"TACNA";"TACNA";"PRIVADO";"I-4";"00011466";"CLINICA ISABEL";"240000";"HOSPITALIZACIÓN";"1";"1";"2";"1";"1";"28";"0"
"2023";"02";"230101";"TACNA";"TACNA";"TACNA";"PRIVADO";"I-4";"00011466";"CLINICA ISABEL";"240000";"HOSPITALIZACIÓN";"1";"1";"2";"1";"1";"28";"0"
"2023";"02";"230101";"TACNA";"TACNA";"TACNA";"PRIVADO";"I-4";"00011466";"CLINICA ISABEL";"240000";"HOSPITALIZACIÓN";"1";"1";"2";"1";"1";"28";"0"
"2023";"02";"230101";"TACNA";"TACNA";"TACNA";"PRIVADO";"I-4";"00011466";"CLINICA ISABEL";"240000";"HOSPITALIZACIÓN";"1";"1";"1";"1";"1";"28";"0"
"2023";"02";"230101";"TACNA";"TACNA";"TACNA";"PRIVADO";"I-4";"00011466";"CLINICA ISABEL";"240000";"HOSPITALIZACIÓN";"1";"1";"1";"1";"1";"28";"0"
"2023";"02";"230101";"TACNA";"TACNA";"TACNA";"PRIVADO";"I-4";"00011466";"CLINICA ISABEL";"240000";"HOSPITALIZACIÓN";"2";"2";"4";"1";"1";"28";"0"
"2023";"02";"230101";"TACNA";"TACNA";"TACNA";"PRIVADO";"I-4";"00011466";"CLINICA ISABEL";"240000";"HOSPITALIZACIÓN";"2";"2";"4";"1";"1";"28";"0"
"2023";"02";"230101";"TACNA";"TACNA";"TACNA";"PRIVADO";"I-4";"00011466";"CLINICA ISABEL";"240000";"HOSPITALIZACIÓN";"1";"1";"1";"1";"1";"28";"0"
"2023";"02";"230101";"TACNA";"TACNA";"TACNA";"PRIVADO";"I-4";"00011466";"CLINICA ISABEL";"240000";"HOSPITALIZACIÓN";"1";"1";"1";"1";"1";"28";"0"
"2023";"02";"230101";"TACNA";"TACNA";"TACNA";"PRIVADO";"I-4";"00011466";"CLINICA ISABEL";"240000";"HOSPITALIZACIÓN";"1";"1";"2";"1";"1";"28";"0"
"2023";"02";"150136";"LIMA";"LIMA";"SAN MIGUEL";"PRIVADO";"II-2";"00012666";"CLINICA PROVIDENCIA";"240000";"HOSPITALIZACIÓN";"259";"236";"699";"26";"58";"60";"0"
"2023";"02";"150136";"LIMA";"LIMA";"SAN MIGUEL";"PRIVADO";"II-2";"00012666";"CLINICA PROVIDENCIA";"250100";"UNIDAD DE CUIDADOS CRITICOS UNIDAD  DE CUIDADOS INTENSIVOS GENERALES (UCI) ";"10";"10";"57";"5";"19";"20";"1"
"2023";"02";"150136";"LIMA";"LIMA";"SAN MIGUEL";"PRIVADO";"II-2";"00012666";"CLINICA PROVIDENCIA";"250108";"UNIDAD DE CUIDADOS CRITICOS UNIDAD  DE CUIDADOS INTENSIVOS  (UCI) PEDIÁTRICA";"5";"3";"35";"2";"14";"15";"0"
"2023";"02";"220905";"SAN MARTIN";"SAN MARTIN";"CHIPURANA";"GOBIERNO REGIONAL";"I-1";"00006438";"NAVARRO";"NE_0001";"";"NE_0001";"NE_0001";"NE_0001";"NE_0001";"NE_0001";"NE_0001";"NE_0001"
"2023";"02";"220905";"SAN MARTIN";"SAN MARTIN";"CHIPURANA";"GOBIERNO REGIONAL";"I-3";"00006439";"YARINA";"NE_0001";"";"NE_0001";"NE_0001";"NE_0001";"NE_0001";"NE_0001";"NE_0001";"NE_0001"
"2023";"02";"220907";"SAN MARTIN";"SAN MARTIN";"HUIMBAYOC";"GOBIERNO REGIONAL";"I-1";"00006446";"SAN JOSE DE YANAYACU";"NE_0001";"";"NE_0001";"NE_0001";"NE_0001";"NE_0001";"NE_0001";"NE_0001";"NE_0001"
"2023";"02";"220907";"SAN MARTIN";"SAN MARTIN";"HUIMBAYOC";"GOBIERNO REGIONAL";"I-1";"00006431";"PONGO ISLA";"NE_0001";"";"NE_0001";"NE_0001";"NE_0001";"NE_0001";"NE_0001";"NE_0001";"NE_0001"
"2023";"02";"220907";"SAN MARTIN";"SAN MARTIN";"HUIMBAYOC";"GOBIERNO REGIONAL";"I-1";"00006442";"SAN JOSE 2 DE MAYO";"NE_0001";"";"NE_0001";"NE_0001";"NE_0001";"NE_0001";"NE_0001";"NE_0001";"NE_0001"
"2023";"02";"220907";"SAN MARTIN";"SAN MARTIN";"HUIMBAYOC";"GOBIERNO REGIONAL";"I-1";"00006444";"SANTA ROSILLO CHIPURANA";"NE_0001";"";"NE_0001";"NE_0001";"NE_0001";"NE_0001";"NE_0001";"NE_0001";"NE_0001"
"2023";"02";"220907";"SAN MARTIN";"SAN MARTIN";"HUIMBAYOC";"GOBIERNO REGIONAL";"I-1";"00006445";"SANTA MARTHA";"NE_0001";"";"NE_0001";"NE_0001";"NE_0001";"NE_0001";"NE_0001";"NE_0001";"NE_0001"
"2023";"02";"220905";"SAN MARTIN";"SAN MARTIN";"CHIPURANA";"GOBIERNO REGIONAL";"I-1";"00006440";"TIPISHCA";"NE_0001";"";"NE_0001";"NE_0001";"NE_0001";"NE_0001";"NE_0001";"NE_0001";"NE_0001"
"2023";"02";"220907";"SAN MARTIN";"SAN MARTIN";"HUIMBAYOC";"GOBIERNO REGIONAL";"I-1";"00006443";"LECHE";"NE_0001";"";"NE_0001";"NE_0001";"NE_0001";"NE_0001";"NE_0001";"NE_0001";"NE_0001"
"2023";"02";"220907";"SAN MARTIN";"SAN MARTIN";"HUIMBAYOC";"GOBIERNO REGIONAL";"I-1";"00006441";"MIRAFLORES";"NE_0001";"";"NE_0001";"NE_0001";"NE_0001";"NE_0001";"NE_0001";"NE_0001";"NE_0001"
"2023";"02";"220907";"SAN MARTIN";"SAN MARTIN";"HUIMBAYOC";"GOBIERNO REGIONAL";"I-1";"00006447";"PUCALLPA";"NE_0001";"";"NE_0001";"NE_0001";"NE_0001";"NE_0001";"NE_0001";"NE_0001";"NE_0001"
"2023";"02";"220907";"SAN MARTIN";"SAN MARTIN";"HUIMBAYOC";"GOBIERNO REGIONAL";"I-3";"00006437";"HUIMBAYOC";"241800";"HOSPITALIZACIÓN DE MEDICINA MEDICINA GENERAL ";"2";"2";"2";"2";"2";"56";"0"
"2023";"02";"150141";"LIMA";"LIMA";"SURQUILLO";"MINSA";"III-2";"00006210";"INSTITUTO NACIONAL DE ENFERMEDADES NEOPLASICAS";"241000";"HOSPITALIZACIÓN QUIRÚRGICA ONCOLOGÍA QUIRÚRGICA  ";"306";"320";"2983";"2983";"167";"4340";"0"
"2023";"02";"150141";"LIMA";"LIMA";"SURQUILLO";"MINSA";"III-2";"00006210";"INSTITUTO NACIONAL DE ENFERMEDADES NEOPLASICAS";"250000";"UNIDAD DE CUIDADOS CRITICOS  ";"0";"16";"419";"419";"14";"952";"16"
"2023";"02";"150141";"LIMA";"LIMA";"SURQUILLO";"MINSA";"III-2";"00006210";"INSTITUTO NACIONAL DE ENFERMEDADES NEOPLASICAS";"241700";"HOSPITALIZACIÓN QUIRÚRGICA GINECOLOGÍA   GINECOLOGIA ONCOLOGiCA";"38";"39";"302";"302";"19";"504";"0"
"2023";"02";"150141";"LIMA";"LIMA";"SURQUILLO";"MINSA";"III-2";"00006210";"INSTITUTO NACIONAL DE ENFERMEDADES NEOPLASICAS";"243600";"HOSPITALIZACIÓN DE PEDIATRÍA PEDIATRIA ONCOLOGÍA PEDIÁTRICA";"11";"39";"1487";"1487";"36";"1680";"1"
"2023";"02";"150141";"LIMA";"LIMA";"SURQUILLO";"MINSA";"III-2";"00006210";"INSTITUTO NACIONAL DE ENFERMEDADES NEOPLASICAS";"242100";"HOSPITALIZACIÓN DE MEDICINA ONCOLOGÍA MÉDICA ";"184";"248";"3853";"3853";"142";"4452";"5"
"2023";"02";"150130";"LIMA";"LIMA";"SAN BORJA";"PRIVADO";"II-E";"00011372";"FUTURO VISION";"NE_0001";"";"NE_0001";"NE_0001";"NE_0001";"NE_0001";"NE_0001";"NE_0001";"NE_0001"
"2023";"02";"120114";"JUNIN";"HUANCAYO";"EL TAMBO";"PRIVADO";"II-E";"00010250";"CLINICA OFTALMOLOGICA DEL CENTRO DEL PERU";"NE_0002";"";"NE_0002";"NE_0002";"NE_0002";"NE_0002";"NE_0002";"NE_0002";"NE_0002"
"2023";"03";"120101";"JUNIN";"HUANCAYO";"HUANCAYO";"SANIDAD DE LA POLICIA NACIONAL DEL PERU";"I-3";"00010710";"POLICLINICO POLICIAL HUANCAYO ENRIQUE TORRES GONZALES";"NE_0001";"";"NE_0001";"NE_0001";"NE_0001";"NE_0001";"NE_0001";"NE_0001";"NE_0001"
"2023";"03";"010201";"AMAZONAS";"BAGUA";"BAGUA";"ESSALUD";"II-1";"00009068";"HOSPITAL I HEROES DEL CENEPA";"241800";"HOSPITALIZACIÓN DE MEDICINA MEDICINA GENERAL ";"41";"41";"133";"252";"4";"124";"0"
"2023";"03";"010201";"AMAZONAS";"BAGUA";"BAGUA";"ESSALUD";"II-1";"00009068";"HOSPITAL I HEROES DEL CENEPA";"240100";"HOSPITALIZACIÓN QUIRÚRGICA CIRUGÍA GENERAL ";"10";"10";"36";"26";"3";"93";"0"
"2023";"03";"010201";"AMAZONAS";"BAGUA";"BAGUA";"ESSALUD";"II-1";"00009068";"HOSPITAL I HEROES DEL CENEPA";"241500";"HOSPITALIZACIÓN QUIRÚRGICA GINECOLOGÍA  ";"24";"24";"73";"20";"3";"93";"0"
"2023";"03";"010201";"AMAZONAS";"BAGUA";"BAGUA";"ESSALUD";"II-1";"00009068";"HOSPITAL I HEROES DEL CENEPA";"242300";"HOSPITALIZACIÓN DE PEDIATRÍA  PEDIATRÍA  GENERAL ";"32";"32";"71";"13";"3";"93";"0"
"2023";"03";"020601";"ANCASH";"CARHUAZ";"CARHUAZ";"GOBIERNO REGIONAL";"II-1";"00001516";"HOSPITAL DE APOYO CARHUAZ";"240100";"HOSPITALIZACIÓN QUIRÚRGICA CIRUGÍA GENERAL ";"2";"2";"6";"11";"2";"62";"0"
"2023";"03";"020601";"ANCASH";"CARHUAZ";"CARHUAZ";"GOBIERNO REGIONAL";"II-1";"00001516";"HOSPITAL DE APOYO CARHUAZ";"241500";"HOSPITALIZACIÓN QUIRÚRGICA GINECOLOGÍA  ";"23";"24";"36";"36";"3";"93";"0"
"2023";"03";"020601";"ANCASH";"CARHUAZ";"CARHUAZ";"GOBIERNO REGIONAL";"II-1";"00001516";"HOSPITAL DE APOYO CARHUAZ";"241600";"HOSPITALIZACIÓN QUIRÚRGICA OBSTETRICIA   ";"28";"30";"41";"40";"4";"124";"0"
"2023";"03";"020601";"ANCASH";"CARHUAZ";"CARHUAZ";"GOBIERNO REGIONAL";"II-1";"00001516";"HOSPITAL DE APOYO CARHUAZ";"241800";"HOSPITALIZACIÓN DE MEDICINA MEDICINA GENERAL ";"15";"18";"74";"66";"3";"93";"0"
"2023";"03";"020601";"ANCASH";"CARHUAZ";"CARHUAZ";"GOBIERNO REGIONAL";"II-1";"00001516";"HOSPITAL DE APOYO CARHUAZ";"242500";"HOSPITALIZACIÓN-PEDIATRÍA GENERAL-";"1";"1";"5";"5";"5";"155";"0"
"2023";"03";"220401";"SAN MARTIN";"HUALLAGA";"SAPOSOA";"GOBIERNO REGIONAL";"I-1";"00006532";"PALTAICO";"NE_0001";"";"NE_0001";"NE_0001";"NE_0001";"NE_0001";"NE_0001";"NE_0001";"NE_0001"
"2023";"03";"081101";"CUSCO";"PAUCARTAMBO";"PAUCARTAMBO";"GOBIERNO REGIONAL";"I-2";"00002511";"MOLLOMARCA";"NE_0002";"";"NE_0002";"NE_0002";"NE_0002";"NE_0002";"NE_0002";"NE_0002";"NE_0002"
"2023";"03";"081103";"CUSCO";"PAUCARTAMBO";"CHALLABAMBA";"GOBIERNO REGIONAL";"I-3";"00002514";"CHALLABAMBA";"NE_0002";"";"NE_0002";"NE_0002";"NE_0002";"NE_0002";"NE_0002";"NE_0002";"NE_0002"
"2023";"03";"081104";"CUSCO";"PAUCARTAMBO";"COLQUEPATA";"GOBIERNO REGIONAL";"I-2";"00002516";"COLQUEPATA";"NE_0002";"";"NE_0002";"NE_0002";"NE_0002";"NE_0002";"NE_0002";"NE_0002";"NE_0002"
"2023";"03";"081104";"CUSCO";"PAUCARTAMBO";"COLQUEPATA";"GOBIERNO REGIONAL";"I-1";"00002519";"AYRE";"NE_0002";"";"NE_0002";"NE_0002";"NE_0002";"NE_0002";"NE_0002";"NE_0002";"NE_0002"
"2023";"03";"081102";"CUSCO";"PAUCARTAMBO";"CAICAY";"GOBIERNO REGIONAL";"I-1";"00002513";"HUASAC";"NE_0002";"";"NE_0002";"NE_0002";"NE_0002";"NE_0002";"NE_0002";"NE_0002";"NE_0002"
"2023";"03";"040101";"AREQUIPA";"AREQUIPA";"AREQUIPA";"GOBIERNO REGIONAL";"III-2";"00007397";"INSTITUTO REGIONAL DE ENFERMEDADES NEOPLASICAS DEL SUR";"240000";"HOSPITALIZACIÓN";"137";"135";"943";"1058";"36";"1116";"10"
"2023";"03";"040101";"AREQUIPA";"AREQUIPA";"AREQUIPA";"GOBIERNO REGIONAL";"III-2";"00007397";"INSTITUTO REGIONAL DE ENFERMEDADES NEOPLASICAS DEL SUR";"250100";"UNIDAD DE CUIDADOS CRITICOS UNIDAD  DE CUIDADOS INTENSIVOS GENERALES (UCI) ";"4";"4";"23";"26";"2";"62";"3"
"2023";"03";"021303";"ANCASH";"MARISCAL LUZURIAGA";"ELEAZAR GUZMAN BARRON";"GOBIERNO REGIONAL";"I-1";"00001786";"PUESTO DE SALUD PAMPACHACRA";"NE_0001";"";"NE_0001";"NE_0001";"NE_0001";"NE_0001";"NE_0001";"NE_0001";"NE_0001"
"2023";"03";"021303";"ANCASH";"MARISCAL LUZURIAGA";"ELEAZAR GUZMAN BARRON";"GOBIERNO REGIONAL";"I-1";"00001787";"PUESTO DE SALUD PUMPA";"NE_0001";"";"NE_0001";"NE_0001";"NE_0001";"NE_0001";"NE_0001";"NE_0001";"NE_0001"
"2023";"03";"021305";"ANCASH";"MARISCAL LUZURIAGA";"LLAMA";"GOBIERNO REGIONAL";"I-2";"00001788";"PUESTO DE SALUD LLAMA";"NE_0001";"";"NE_0001";"NE_0001";"NE_0001";"NE_0001";"NE_0001";"NE_0001";"NE_0001"
"2023";"03";"021304";"ANCASH";"MARISCAL LUZURIAGA";"FIDEL OLIVAS ESCUDERO";"GOBIERNO REGIONAL";"I-1";"00001793";"PUESTO DE SALUD SANASHGAN";"NE_0001";"";"NE_0001";"NE_0001";"NE_0001";"NE_0001";"NE_0001";"NE_0001";"NE_0001"
"2023";"03";"021308";"ANCASH";"MARISCAL LUZURIAGA";"MUSGA";"GOBIERNO REGIONAL";"I-1";"00001792";"PUESTO DE SALUD MUSGA";"NE_0001";"";"NE_0001";"NE_0001";"NE_0001";"NE_0001";"NE_0001";"NE_0001";"NE_0001"
"2023";"03";"021301";"ANCASH";"MARISCAL LUZURIAGA";"PISCOBAMBA";"GOBIERNO REGIONAL";"I-4";"00001783";"CENTRO DE SALUD PISCOBAMBA";"NE_0002";"";"NE_0002";"NE_0002";"NE_0002";"NE_0002";"NE_0002";"NE_0002";"NE_0002"
"2023";"03";"021304";"ANCASH";"MARISCAL LUZURIAGA";"FIDEL OLIVAS ESCUDERO";"GOBIERNO REGIONAL";"I-1";"00001794";"PUESTO DE SALUD PARCO";"NE_0001";"";"NE_0001";"NE_0001";"NE_0001";"NE_0001";"NE_0001";"NE_0001";"NE_0001"
"2023";"03";"021306";"ANCASH";"MARISCAL LUZURIAGA";"LLUMPA";"GOBIERNO REGIONAL";"I-2";"00001789";"PUESTO DE SALUD LLUMPA";"NE_0001";"";"NE_0001";"NE_0001";"NE_0001";"NE_0001";"NE_0001";"NE_0001";"NE_0001"
"2023";"03";"080107";"CUSCO";"CUSCO";"SAYLLA";"GOBIERNO REGIONAL";"I-2";"00002314";"SAYLLA";"NE_0002";"";"NE_0002";"NE_0002";"NE_0002";"NE_0002";"NE_0002";"NE_0002";"NE_0002"
"2023";"03";"080104";"CUSCO";"CUSCO";"SAN JERONIMO";"GOBIERNO REGIONAL";"I-4";"00002300";"SAN JERONIMO";"NE_0002";"";"NE_0002";"NE_0002";"NE_0002";"NE_0002";"NE_0002";"NE_0002";"NE_0002"
"2023";"03";"080206";"CUSCO";"ACOMAYO";"RONDOCAN";"GOBIERNO REGIONAL";"I-3";"00002323";"RONDOCAN";"NE_0002";"";"NE_0002";"NE_0002";"NE_0002";"NE_0002";"NE_0002";"NE_0002";"NE_0002"
"2023";"03";"080105";"CUSCO";"CUSCO";"SAN SEBASTIAN";"GOBIERNO REGIONAL";"I-3";"00002301";"SAN SEBASTIAN";"NE_0002";"";"NE_0002";"NE_0002";"NE_0002";"NE_0002";"NE_0002";"NE_0002";"NE_0002"
"2023";"03";"080104";"CUSCO";"CUSCO";"SAN JERONIMO";"GOBIERNO REGIONAL";"I-1";"00007699";"CONCHACALLE";"NE_0002";"";"NE_0002";"NE_0002";"NE_0002";"NE_0002";"NE_0002";"NE_0002";"NE_0002"
"2023";"03";"080105";"CUSCO";"CUSCO";"SAN SEBASTIAN";"GOBIERNO REGIONAL";"I-3";"00002303";"SANTA ROSA";"NE_0002";"";"NE_0002";"NE_0002";"NE_0002";"NE_0002";"NE_0002";"NE_0002";"NE_0002"
"2023";"03";"211101";"PUNO";"SAN ROMAN";"JULIACA";"GOBIERNO REGIONAL";"II-2";"00003299";"CARLOS MONJE MEDRANO";"240100";"HOSPITALIZACIÓN QUIRÚRGICA CIRUGÍA GENERAL ";"53";"72";"606";"72";"27";"837";"4"
"2023";"03";"211101";"PUNO";"SAN ROMAN";"JULIACA";"GOBIERNO REGIONAL";"II-2";"00003299";"CARLOS MONJE MEDRANO";"244300";"HOSPITALIZACIÓN DE MEDICINA GASTROENTEROLOGÍA  ";"22";"25";"128";"25";"6";"186";"1"
"2023";"03";"211101";"PUNO";"SAN ROMAN";"JULIACA";"GOBIERNO REGIONAL";"II-2";"00003299";"CARLOS MONJE MEDRANO";"241500";"HOSPITALIZACIÓN QUIRÚRGICA GINECOLOGÍA  ";"56";"60";"220";"60";"6";"186";"0"
"2023";"03";"211101";"PUNO";"SAN ROMAN";"JULIACA";"GOBIERNO REGIONAL";"II-2";"00003299";"CARLOS MONJE MEDRANO";"241800";"HOSPITALIZACIÓN DE MEDICINA MEDICINA GENERAL ";"43";"58";"520";"58";"9";"279";"9"
"2023";"03";"211101";"PUNO";"SAN ROMAN";"JULIACA";"GOBIERNO REGIONAL";"II-2";"00003299";"CARLOS MONJE MEDRANO";"243200";"HOSPITALIZACIÓN DE PEDIATRÍA PEDIATRIA NEONATOLOGÍA";"153";"177";"696";"177";"39";"1209";"1"
"2023";"03";"211101";"PUNO";"SAN ROMAN";"JULIACA";"GOBIERNO REGIONAL";"II-2";"00003299";"CARLOS MONJE MEDRANO";"245300";"HOSPITALIZACIÓN DE MEDICINA NEUMOLOGÍA  ";"6";"8";"170";"8";"6";"186";"2"
"2023";"03";"211101";"PUNO";"SAN ROMAN";"JULIACA";"GOBIERNO REGIONAL";"II-2";"00003299";"CARLOS MONJE MEDRANO";"240900";"HOSPITALIZACIÓN QUIRÚRGICA NEUROCIRUGÍA ";"9";"15";"122";"15";"12";"372";"1"
"2023";"03";"211101";"PUNO";"SAN ROMAN";"JULIACA";"GOBIERNO REGIONAL";"II-2";"00003299";"CARLOS MONJE MEDRANO";"241600";"HOSPITALIZACIÓN QUIRÚRGICA OBSTETRICIA   ";"252";"266";"841";"266";"27";"837";"0"
"2023";"03";"211101";"PUNO";"SAN ROMAN";"JULIACA";"GOBIERNO REGIONAL";"II-2";"00003299";"CARLOS MONJE MEDRANO";"242500";"HOSPITALIZACIÓN-PEDIATRÍA GENERAL-";"30";"36";"186";"36";"29";"899";"0"
"2023";"03";"211101";"PUNO";"SAN ROMAN";"JULIACA";"GOBIERNO REGIONAL";"II-2";"00003299";"CARLOS MONJE MEDRANO";"242200";"HOSPITALIZACIÓN DE MEDICINA PSIQUIATRÍA ";"2";"5";"109";"5";"3";"93";"0"
"2023";"03";"211101";"PUNO";"SAN ROMAN";"JULIACA";"GOBIERNO REGIONAL";"II-2";"00003299";"CARLOS MONJE MEDRANO";"241200";"HOSPITALIZACIÓN QUIRÚRGICA TRAUMATOLOGÍA Y ORTOPEDIA ";"21";"25";"177";"25";"12";"372";"0"
"2023";"03";"211101";"PUNO";"SAN ROMAN";"JULIACA";"GOBIERNO REGIONAL";"II-2";"00003299";"CARLOS MONJE MEDRANO";"250100";"UNIDAD DE CUIDADOS CRITICOS UNIDAD  DE CUIDADOS INTENSIVOS GENERALES (UCI) ";"3";"3";"53";"3";"6";"186";"1"
"2023";"03";"211101";"PUNO";"SAN ROMAN";"JULIACA";"GOBIERNO REGIONAL";"II-2";"00003299";"CARLOS MONJE MEDRANO";"250105";"UNIDAD DE CUIDADOS CRITICOS UNIDAD  DE CUIDADOS INTENSIVOS  (UCI) NEONATOLOGÍA";"2";"2";"10";"2";"6";"186";"1"
"2023";"03";"211101";"PUNO";"SAN ROMAN";"JULIACA";"GOBIERNO REGIONAL";"II-2";"00003299";"CARLOS MONJE MEDRANO";"250108";"UNIDAD DE CUIDADOS CRITICOS UNIDAD  DE CUIDADOS INTENSIVOS  (UCI) PEDIÁTRICA";"1";"1";"4";"1";"6";"186";"0"
"2023";"03";"211101";"PUNO";"SAN ROMAN";"JULIACA";"GOBIERNO REGIONAL";"II-2";"00003299";"CARLOS MONJE MEDRANO";"250200";"UNIDAD DE CUIDADOS CRITICOS UNIDAD DE CUIDADOS INTERMEDIOS GENERAL  (UCIN) ";"5";"5";"60";"5";"6";"186";"0"
"2023";"03";"211101";"PUNO";"SAN ROMAN";"JULIACA";"GOBIERNO REGIONAL";"II-2";"00003299";"CARLOS MONJE MEDRANO";"241300";"HOSPITALIZACIÓN QUIRÚRGICA UROLOGÍA  ";"4";"4";"40";"4";"3";"93";"0"
"2023";"03";"210501";"PUNO";"EL COLLAO";"ILAVE";"GOBIERNO REGIONAL";"II-1";"00003032";"ILAVE";"240100";"HOSPITALIZACIÓN QUIRÚRGICA CIRUGÍA GENERAL ";"3";"4";"13";"16";"5";"155";"0"
"2023";"03";"210501";"PUNO";"EL COLLAO";"ILAVE";"GOBIERNO REGIONAL";"II-1";"00003032";"ILAVE";"241600";"HOSPITALIZACIÓN QUIRÚRGICA OBSTETRICIA   ";"69";"71";"126";"195";"13";"403";"0"
"2023";"03";"210501";"PUNO";"EL COLLAO";"ILAVE";"GOBIERNO REGIONAL";"II-1";"00003032";"ILAVE";"241800";"HOSPITALIZACIÓN DE MEDICINA MEDICINA GENERAL ";"23";"25";"98";"121";"16";"496";"1"
"2023";"03";"210501";"PUNO";"EL COLLAO";"ILAVE";"GOBIERNO REGIONAL";"II-1";"00003032";"ILAVE";"242500";"HOSPITALIZACIÓN-PEDIATRÍA GENERAL-";"4";"5";"16";"20";"3";"93";"0"
"2023";"03";"210501";"PUNO";"EL COLLAO";"ILAVE";"GOBIERNO REGIONAL";"II-1";"00003032";"ILAVE";"243200";"HOSPITALIZACIÓN DE PEDIATRÍA PEDIATRIA NEONATOLOGÍA";"3";"3";"9";"12";"2";"62";"0"
"2023";"03";"150111";"LIMA";"LIMA";"EL AGUSTINO";"MINSA";"III-1";"00005946";"HOSPITAL NACIONAL HIPOLITO UNANUE";"240400";"HOSPITALIZACIÓN QUIRÚRGICA CIRUGÍA DE TÓRAX Y CARDIOVASCULAR ";"144";"141";"2117";"2751";"118";"3658";"13"
"2023";"03";"150111";"LIMA";"LIMA";"EL AGUSTINO";"MINSA";"III-1";"00005946";"HOSPITAL NACIONAL HIPOLITO UNANUE";"241200";"HOSPITALIZACIÓN QUIRÚRGICA TRAUMATOLOGÍA Y ORTOPEDIA ";"86";"81";"986";"846";"30";"930";"0"
"2023";"01";"150131";"LIMA";"LIMA";"SAN ISIDRO";"PRIVADO";"I-2";"00008215";"MEDICENTRO SAN ISIDRO";"NE_0001";"";"NE_0001";"NE_0001";"NE_0001";"NE_0001";"NE_0001";"NE_0001";"NE_0001"
"2023";"01";"250101";"UCAYALI";"CORONEL PORTILLO";"CALLERIA";"PRIVADO";"II-1";"00012118";"CLÍNICA MONTE HOREB S.A.";"240000";"HOSPITALIZACIÓN";"1";"1";"2";"2";"1";"2";"0"
"2023";"01";"250101";"UCAYALI";"CORONEL PORTILLO";"CALLERIA";"PRIVADO";"II-1";"00012118";"CLÍNICA MONTE HOREB S.A.";"240100";"HOSPITALIZACIÓN QUIRÚRGICA CIRUGÍA GENERAL ";"10";"10";"15";"15";"1";"20";"0"
"2023";"01";"250101";"UCAYALI";"CORONEL PORTILLO";"CALLERIA";"PRIVADO";"II-1";"00012118";"CLÍNICA MONTE HOREB S.A.";"241200";"HOSPITALIZACIÓN QUIRÚRGICA TRAUMATOLOGÍA Y ORTOPEDIA ";"8";"8";"20";"20";"1";"22";"0"
"2023";"01";"250101";"UCAYALI";"CORONEL PORTILLO";"CALLERIA";"PRIVADO";"II-1";"00012118";"CLÍNICA MONTE HOREB S.A.";"241300";"HOSPITALIZACIÓN QUIRÚRGICA UROLOGÍA  ";"2";"2";"10";"10";"1";"20";"0"
"2023";"01";"250101";"UCAYALI";"CORONEL PORTILLO";"CALLERIA";"PRIVADO";"II-1";"00012118";"CLÍNICA MONTE HOREB S.A.";"241400";"HOSPITALIZACIÓN QUIRÚRGICA GINECO - OBSTETRICIA ";"4";"4";"9";"9";"1";"28";"0"
"2023";"01";"250101";"UCAYALI";"CORONEL PORTILLO";"CALLERIA";"PRIVADO";"II-1";"00012118";"CLÍNICA MONTE HOREB S.A.";"244000";"HOSPITALIZACIÓN DE MEDICINA CARDIOLOGIA ";"1";"1";"2";"2";"1";"4";"0"
"2023";"01";"120808";"JUNIN";"YAULI";"SANTA ROSA DE SACCO";"ESSALUD";"II-1";"00008653";"HOSPITAL II ALBERTO HURTADO ABADIA";"241800";"HOSPITALIZACIÓN DE MEDICINA MEDICINA GENERAL ";"36";"36";"212";"209";"18";"535";"1"
"2023";"01";"120808";"JUNIN";"YAULI";"SANTA ROSA DE SACCO";"ESSALUD";"II-1";"00008653";"HOSPITAL II ALBERTO HURTADO ABADIA";"240100";"HOSPITALIZACIÓN QUIRÚRGICA CIRUGÍA GENERAL ";"36";"32";"180";"211";"8";"248";"1"
"2023";"01";"120808";"JUNIN";"YAULI";"SANTA ROSA DE SACCO";"ESSALUD";"II-1";"00008653";"HOSPITAL II ALBERTO HURTADO ABADIA";"241200";"HOSPITALIZACIÓN QUIRÚRGICA TRAUMATOLOGÍA Y ORTOPEDIA ";"27";"22";"101";"132";"8";"248";"0"
"2023";"01";"120808";"JUNIN";"YAULI";"SANTA ROSA DE SACCO";"ESSALUD";"II-1";"00008653";"HOSPITAL II ALBERTO HURTADO ABADIA";"241500";"HOSPITALIZACIÓN QUIRÚRGICA GINECOLOGÍA  ";"11";"8";"25";"32";"3";"93";"0"
"2023";"01";"120808";"JUNIN";"YAULI";"SANTA ROSA DE SACCO";"ESSALUD";"II-1";"00008653";"HOSPITAL II ALBERTO HURTADO ABADIA";"241600";"HOSPITALIZACIÓN QUIRÚRGICA OBSTETRICIA   ";"39";"38";"84";"67";"5";"155";"0"
"2023";"01";"120808";"JUNIN";"YAULI";"SANTA ROSA DE SACCO";"ESSALUD";"II-1";"00008653";"HOSPITAL II ALBERTO HURTADO ABADIA";"242300";"HOSPITALIZACIÓN DE PEDIATRÍA  PEDIATRÍA  GENERAL ";"36";"33";"79";"108";"3";"116";"0"
"2023";"01";"120808";"JUNIN";"YAULI";"SANTA ROSA DE SACCO";"ESSALUD";"II-1";"00008653";"HOSPITAL II ALBERTO HURTADO ABADIA";"250304";"HOSPIT. EN UNIDAD DE CUID.INTEN.-UNIDAD DE VIGILANCIA INTENSIVA (UVI)-MEDICINA";"10";"10";"52";"48";"3";"93";"2"
"2023";"01";"080106";"CUSCO";"CUSCO";"SANTIAGO";"PRIVADO";"II-E";"00024173";"OXIGEN MEDICAL NETWORK";"240100";"HOSPITALIZACIÓN QUIRÚRGICA CIRUGÍA GENERAL ";"59";"58";"167";"61";"13";"403";"0"
"2023";"01";"080106";"CUSCO";"CUSCO";"SANTIAGO";"PRIVADO";"II-E";"00024173";"OXIGEN MEDICAL NETWORK";"241800";"HOSPITALIZACIÓN DE MEDICINA MEDICINA GENERAL ";"77";"72";"261";"80";"12";"372";"0"
"2023";"01";"080106";"CUSCO";"CUSCO";"SANTIAGO";"PRIVADO";"II-E";"00024173";"OXIGEN MEDICAL NETWORK";"250100";"UNIDAD DE CUIDADOS CRITICOS UNIDAD  DE CUIDADOS INTENSIVOS GENERALES (UCI) ";"1";"1";"15";"2";"10";"310";"1"
"2023";"01";"080106";"CUSCO";"CUSCO";"SANTIAGO";"PRIVADO";"II-E";"00024173";"OXIGEN MEDICAL NETWORK";"250200";"UNIDAD DE CUIDADOS CRITICOS UNIDAD DE CUIDADOS INTERMEDIOS GENERAL  (UCIN) ";"1";"1";"3";"1";"10";"310";"0"
"2023";"02";"200601";"PIURA";"SULLANA";"SULLANA";"ESSALUD";"I-4";"00010267";"HOSPITAL I ESSALUD-SULLANA";"241800";"HOSPITALIZACIÓN DE MEDICINA MEDICINA GENERAL ";"67";"60";"224";"230";"7";"196";"0"
"2023";"02";"200601";"PIURA";"SULLANA";"SULLANA";"ESSALUD";"I-4";"00010267";"HOSPITAL I ESSALUD-SULLANA";"241500";"HOSPITALIZACIÓN QUIRÚRGICA GINECOLOGÍA  ";"1";"1";"4";"4";"1";"28";"0"
"2023";"02";"200601";"PIURA";"SULLANA";"SULLANA";"ESSALUD";"I-4";"00010267";"HOSPITAL I ESSALUD-SULLANA";"242300";"HOSPITALIZACIÓN DE PEDIATRÍA  PEDIATRÍA  GENERAL ";"37";"36";"51";"49";"2";"56";"0"
"2023";"02";"200601";"PIURA";"SULLANA";"SULLANA";"ESSALUD";"I-4";"00010267";"HOSPITAL I ESSALUD-SULLANA";"241600";"HOSPITALIZACIÓN QUIRÚRGICA OBSTETRICIA   ";"10";"9";"26";"13";"1";"28";"0"
"2023";"02";"200601";"PIURA";"SULLANA";"SULLANA";"ESSALUD";"I-4";"00010267";"HOSPITAL I ESSALUD-SULLANA";"240100";"HOSPITALIZACIÓN QUIRÚRGICA CIRUGÍA GENERAL ";"14";"12";"40";"32";"2";"56";"0"
"2023";"02";"120709";"JUNIN";"TARMA";"TAPO";"GOBIERNO REGIONAL";"I-1";"00000581";"QUETA";"NE_0001";"";"NE_0001";"NE_0001";"NE_0001";"NE_0001";"NE_0001";"NE_0001";"NE_0001"
"2023";"02";"120709";"JUNIN";"TARMA";"TAPO";"GOBIERNO REGIONAL";"I-1";"00000578";"YURACMAYO";"NE_0001";"";"NE_0001";"NE_0001";"NE_0001";"NE_0001";"NE_0001";"NE_0001";"NE_0001"
"2023";"02";"120709";"JUNIN";"TARMA";"TAPO";"GOBIERNO REGIONAL";"I-1";"00000579";"MACO";"NE_0001";"";"NE_0001";"NE_0001";"NE_0001";"NE_0001";"NE_0001";"NE_0001";"NE_0001"
"2023";"02";"120709";"JUNIN";"TARMA";"TAPO";"GOBIERNO REGIONAL";"I-2";"00000577";"TAPO";"NE_0001";"";"NE_0001";"NE_0001";"NE_0001";"NE_0001";"NE_0001";"NE_0001";"NE_0001"
"2023";"02";"120709";"JUNIN";"TARMA";"TAPO";"GOBIERNO REGIONAL";"I-1";"00000580";"CASACOTO - SAN ANTONIO";"NE_0001";"";"NE_0001";"NE_0001";"NE_0001";"NE_0001";"NE_0001";"NE_0001";"NE_0001"
"2023";"02";"120709";"JUNIN";"TARMA";"TAPO";"GOBIERNO REGIONAL";"I-1";"00000582";"PACCHAC";"NE_0001";"";"NE_0001";"NE_0001";"NE_0001";"NE_0001";"NE_0001";"NE_0001";"NE_0001"
"2023";"02";"250101";"UCAYALI";"CORONEL PORTILLO";"CALLERIA";"ESSALUD";"II-2";"00009600";"HOSPITAL II PUCALLPA- ESSALUD";"241800";"HOSPITALIZACIÓN DE MEDICINA MEDICINA GENERAL ";"187";"178";"1317";"1027";"50";"1400";"12"
"2023";"02";"250101";"UCAYALI";"CORONEL PORTILLO";"CALLERIA";"ESSALUD";"II-2";"00009600";"HOSPITAL II PUCALLPA- ESSALUD";"250300";"UNIDAD DE CUIDADOS CRITICOS UNIDAD DE VIGILANCIA INTENSIVA  CLINICA (UVIC) ";"21";"18";"132";"87";"7";"196";"5"
"2023";"02";"250101";"UCAYALI";"CORONEL PORTILLO";"CALLERIA";"ESSALUD";"II-2";"00009600";"HOSPITAL II PUCALLPA- ESSALUD";"240100";"HOSPITALIZACIÓN QUIRÚRGICA CIRUGÍA GENERAL ";"245";"251";"1010";"959";"45";"1260";"0"
"2023";"02";"250101";"UCAYALI";"CORONEL PORTILLO";"CALLERIA";"ESSALUD";"II-2";"00009600";"HOSPITAL II PUCALLPA- ESSALUD";"241600";"HOSPITALIZACIÓN QUIRÚRGICA OBSTETRICIA   ";"165";"170";"409";"312";"21";"588";"0"
"2023";"02";"250101";"UCAYALI";"CORONEL PORTILLO";"CALLERIA";"ESSALUD";"II-2";"00009600";"HOSPITAL II PUCALLPA- ESSALUD";"241500";"HOSPITALIZACIÓN QUIRÚRGICA GINECOLOGÍA  ";"50";"52";"222";"207";"15";"420";"0"
"2023";"02";"250101";"UCAYALI";"CORONEL PORTILLO";"CALLERIA";"ESSALUD";"II-2";"00009600";"HOSPITAL II PUCALLPA- ESSALUD";"242300";"HOSPITALIZACIÓN DE PEDIATRÍA  PEDIATRÍA  GENERAL ";"83";"75";"301";"266";"15";"420";"0"
"2023";"02";"250101";"UCAYALI";"CORONEL PORTILLO";"CALLERIA";"ESSALUD";"II-2";"00009600";"HOSPITAL II PUCALLPA- ESSALUD";"243200";"HOSPITALIZACIÓN DE PEDIATRÍA PEDIATRIA NEONATOLOGÍA";"25";"24";"69";"61";"5";"140";"0"
"2023";"02";"250301";"UCAYALI";"PADRE ABAD";"PADRE ABAD";"ESSALUD";"I-2";"00009597";"POSTA MEDICA ESSALUD AGUAYTIA";"NE_0001";"";"NE_0001";"NE_0001";"NE_0001";"NE_0001";"NE_0001";"NE_0001";"NE_0001"
"2023";"02";"110501";"ICA";"PISCO";"PISCO";"PRIVADO";"0";"00024336";"CENTRO DE MEDICINA FISICA Y REHABILITACION";"NE_0001";"";"NE_0001";"NE_0001";"NE_0001";"NE_0001";"NE_0001";"NE_0001";"NE_0001"
"2023";"02";"200101";"PIURA";"PIURA";"PIURA";"ESSALUD";"I-3";"00012235";"CENTRO DE ATENCIÓN PRIMARIA CAP III METROPOLITANO- ESSALUD";"NE_0001";"";"NE_0001";"NE_0001";"NE_0001";"NE_0001";"NE_0001";"NE_0001";"NE_0001"
"2023";"02";"120502";"JUNIN";"JUNIN";"CARHUAMAYO";"GOBIERNO REGIONAL";"I-3";"00030166";"CENTRO DE SALUD MENTAL COMUNITARIO CARHUAMAYO";"NE_0001";"";"NE_0001";"NE_0001";"NE_0001";"NE_0001";"NE_0001";"NE_0001";"NE_0001"
"2023";"02";"110201";"ICA";"CHINCHA";"CHINCHA ALTA";"PRIVADO";"II-1";"00018704";"FAMISALUD";"241500";"HOSPITALIZACIÓN QUIRÚRGICA GINECOLOGÍA  ";"5";"5";"5";"7";"2";"56";"0"
"2023";"02";"110201";"ICA";"CHINCHA";"CHINCHA ALTA";"PRIVADO";"II-1";"00018704";"FAMISALUD";"241200";"HOSPITALIZACIÓN QUIRÚRGICA TRAUMATOLOGÍA Y ORTOPEDIA ";"3";"3";"3";"7";"1";"28";"0"
"2023";"02";"110201";"ICA";"CHINCHA";"CHINCHA ALTA";"PRIVADO";"II-1";"00018704";"FAMISALUD";"240100";"HOSPITALIZACIÓN QUIRÚRGICA CIRUGÍA GENERAL ";"24";"24";"29";"7";"4";"112";"0"
"2023";"02";"110201";"ICA";"CHINCHA";"CHINCHA ALTA";"PRIVADO";"II-1";"00018704";"FAMISALUD";"241800";"HOSPITALIZACIÓN DE MEDICINA MEDICINA GENERAL ";"4";"4";"10";"7";"1";"28";"0"
"2023";"02";"250101";"UCAYALI";"CORONEL PORTILLO";"CALLERIA";"PRIVADO";"II-1";"00012118";"CLÍNICA MONTE HOREB S.A.";"240000";"HOSPITALIZACIÓN";"1";"1";"2";"2";"1";"2";"0"
"2023";"02";"250101";"UCAYALI";"CORONEL PORTILLO";"CALLERIA";"PRIVADO";"II-1";"00012118";"CLÍNICA MONTE HOREB S.A.";"240100";"HOSPITALIZACIÓN QUIRÚRGICA CIRUGÍA GENERAL ";"13";"10";"15";"15";"1";"20";"0"
"2023";"02";"250101";"UCAYALI";"CORONEL PORTILLO";"CALLERIA";"PRIVADO";"II-1";"00012118";"CLÍNICA MONTE HOREB S.A.";"241200";"HOSPITALIZACIÓN QUIRÚRGICA TRAUMATOLOGÍA Y ORTOPEDIA ";"7";"8";"20";"20";"1";"22";"0"
"2023";"02";"250101";"UCAYALI";"CORONEL PORTILLO";"CALLERIA";"PRIVADO";"II-1";"00012118";"CLÍNICA MONTE HOREB S.A.";"241300";"HOSPITALIZACIÓN QUIRÚRGICA UROLOGÍA  ";"3";"2";"10";"10";"1";"20";"0"
"2023";"02";"250101";"UCAYALI";"CORONEL PORTILLO";"CALLERIA";"PRIVADO";"II-1";"00012118";"CLÍNICA MONTE HOREB S.A.";"241400";"HOSPITALIZACIÓN QUIRÚRGICA GINECO - OBSTETRICIA ";"4";"4";"9";"9";"1";"28";"0"
"2023";"02";"250101";"UCAYALI";"CORONEL PORTILLO";"CALLERIA";"PRIVADO";"II-1";"00012118";"CLÍNICA MONTE HOREB S.A.";"244000";"HOSPITALIZACIÓN DE MEDICINA CARDIOLOGIA ";"1";"1";"2";"2";"1";"4";"0"
"2023";"02";"210301";"PUNO";"CARABAYA";"MACUSANI";"GOBIERNO REGIONAL";"I-3";"00002974";"METROPOLITANO MACUSANI";"240100";"HOSPITALIZACIÓN QUIRÚRGICA CIRUGÍA GENERAL ";"53";"59";"200";"259";"10";"280";"0"
"2023";"02";"210301";"PUNO";"CARABAYA";"MACUSANI";"GOBIERNO REGIONAL";"I-3";"00002974";"METROPOLITANO MACUSANI";"241500";"HOSPITALIZACIÓN QUIRÚRGICA GINECOLOGÍA  ";"18";"19";"42";"61";"4";"112";"0"
"2023";"02";"210301";"PUNO";"CARABAYA";"MACUSANI";"GOBIERNO REGIONAL";"I-3";"00002974";"METROPOLITANO MACUSANI";"241600";"HOSPITALIZACIÓN QUIRÚRGICA OBSTETRICIA   ";"38";"45";"138";"183";"11";"308";"0"
"2023";"02";"210301";"PUNO";"CARABAYA";"MACUSANI";"GOBIERNO REGIONAL";"I-3";"00002974";"METROPOLITANO MACUSANI";"241900";"HOSPITALIZACIÓN DE MEDICINA MEDICINA INTERNA ";"30";"31";"117";"148";"9";"252";"1"
"2023";"02";"210301";"PUNO";"CARABAYA";"MACUSANI";"GOBIERNO REGIONAL";"I-3";"00002974";"METROPOLITANO MACUSANI";"242500";"HOSPITALIZACIÓN-PEDIATRÍA GENERAL-";"6";"7";"24";"31";"4";"112";"0"
"2023";"02";"210301";"PUNO";"CARABAYA";"MACUSANI";"GOBIERNO REGIONAL";"I-3";"00002974";"METROPOLITANO MACUSANI";"243200";"HOSPITALIZACIÓN DE PEDIATRÍA PEDIATRIA NEONATOLOGÍA";"10";"10";"44";"54";"4";"112";"0"
"2023";"02";"130101";"LA LIBERTAD";"TRUJILLO";"TRUJILLO";"PRIVADO";"II-1";"00013395";"CLÍNICA MATERNO INFANTIL DEL NORTE S.A";"241400";"HOSPITALIZACIÓN QUIRÚRGICA GINECO - OBSTETRICIA ";"94";"90";"215";"94";"13";"364";"0"
"2023";"02";"130101";"LA LIBERTAD";"TRUJILLO";"TRUJILLO";"PRIVADO";"II-1";"00013395";"CLÍNICA MATERNO INFANTIL DEL NORTE S.A";"241800";"HOSPITALIZACIÓN DE MEDICINA MEDICINA GENERAL ";"1";"0";"3";"1";"13";"364";"0"
"2023";"02";"130101";"LA LIBERTAD";"TRUJILLO";"TRUJILLO";"PRIVADO";"II-1";"00013395";"CLÍNICA MATERNO INFANTIL DEL NORTE S.A";"242300";"HOSPITALIZACIÓN DE PEDIATRÍA  PEDIATRÍA  GENERAL ";"1";"1";"3";"1";"13";"364";"0"
"2023";"02";"130601";"LA LIBERTAD";"OTUZCO";"OTUZCO";"GOBIERNO REGIONAL";"II-1";"00005314";"HOSPITAL DE APOYO OTUZCO ELPIDIO BEROVIDES PEREZ";"240100";"HOSPITALIZACIÓN QUIRÚRGICA CIRUGÍA GENERAL ";"21";"23";"66";"58";"3";"90";"0"
"2023";"02";"130601";"LA LIBERTAD";"OTUZCO";"OTUZCO";"GOBIERNO REGIONAL";"II-1";"00005314";"HOSPITAL DE APOYO OTUZCO ELPIDIO BEROVIDES PEREZ";"241800";"HOSPITALIZACIÓN DE MEDICINA MEDICINA GENERAL ";"21";"18";"63";"88";"5";"134";"0"
"2023";"02";"130601";"LA LIBERTAD";"OTUZCO";"OTUZCO";"GOBIERNO REGIONAL";"II-1";"00005314";"HOSPITAL DE APOYO OTUZCO ELPIDIO BEROVIDES PEREZ";"243200";"HOSPITALIZACIÓN DE PEDIATRÍA PEDIATRIA NEONATOLOGÍA";"3";"3";"12";"20";"3";"84";"0"
"2023";"02";"130601";"LA LIBERTAD";"OTUZCO";"OTUZCO";"GOBIERNO REGIONAL";"II-1";"00005314";"HOSPITAL DE APOYO OTUZCO ELPIDIO BEROVIDES PEREZ";"242300";"HOSPITALIZACIÓN DE PEDIATRÍA  PEDIATRÍA  GENERAL ";"3";"3";"12";"12";"4";"112";"0"
"2023";"02";"130601";"LA LIBERTAD";"OTUZCO";"OTUZCO";"GOBIERNO REGIONAL";"II-1";"00005314";"HOSPITAL DE APOYO OTUZCO ELPIDIO BEROVIDES PEREZ";"241400";"HOSPITALIZACIÓN QUIRÚRGICA GINECO - OBSTETRICIA ";"15";"16";"34";"32";"3";"83";"0"
"2023";"02";"130601";"LA LIBERTAD";"OTUZCO";"OTUZCO";"GOBIERNO REGIONAL";"II-1";"00005314";"HOSPITAL DE APOYO OTUZCO ELPIDIO BEROVIDES PEREZ";"241500";"HOSPITALIZACIÓN QUIRÚRGICA GINECOLOGÍA  ";"21";"18";"28";"38";"3";"84";"0"
"2023";"02";"130601";"LA LIBERTAD";"OTUZCO";"OTUZCO";"GOBIERNO REGIONAL";"II-1";"00005314";"HOSPITAL DE APOYO OTUZCO ELPIDIO BEROVIDES PEREZ";"241600";"HOSPITALIZACIÓN QUIRÚRGICA OBSTETRICIA   ";"32";"32";"44";"42";"3";"85";"0"
"2023";"02";"220502";"SAN MARTIN";"LAMAS";"ALONSO DE ALVARADO";"GOBIERNO REGIONAL";"I-1";"00010516";"PORVENIR DEL NORTE";"NE_0001";"";"NE_0001";"NE_0001";"NE_0001";"NE_0001";"NE_0001";"NE_0001";"NE_0001"
"2023";"02";"220502";"SAN MARTIN";"LAMAS";"ALONSO DE ALVARADO";"GOBIERNO REGIONAL";"I-1";"00007297";"ALAN GARCIA";"NE_0001";"";"NE_0001";"NE_0001";"NE_0001";"NE_0001";"NE_0001";"NE_0001";"NE_0001"
"2023";"02";"230101";"TACNA";"TACNA";"TACNA";"GOBIERNO REGIONAL";"II-2";"00002864";"HOSPITAL HIPOLITO UNANUE DE TACNA";"240100";"HOSPITALIZACIÓN QUIRÚRGICA CIRUGÍA GENERAL ";"157";"148";"1151";"1178";"60";"1680";"5"
"2023";"02";"230101";"TACNA";"TACNA";"TACNA";"GOBIERNO REGIONAL";"II-2";"00002864";"HOSPITAL HIPOLITO UNANUE DE TACNA";"241500";"HOSPITALIZACIÓN QUIRÚRGICA GINECOLOGÍA  ";"36";"30";"112";"158";"8";"224";"1"
"2023";"02";"230101";"TACNA";"TACNA";"TACNA";"GOBIERNO REGIONAL";"II-2";"00002864";"HOSPITAL HIPOLITO UNANUE DE TACNA";"241900";"HOSPITALIZACIÓN DE MEDICINA MEDICINA INTERNA ";"141";"138";"1614";"1632";"60";"1680";"26"
"2023";"02";"230101";"TACNA";"TACNA";"TACNA";"GOBIERNO REGIONAL";"II-2";"00002864";"HOSPITAL HIPOLITO UNANUE DE TACNA";"243200";"HOSPITALIZACIÓN DE PEDIATRÍA PEDIATRIA NEONATOLOGÍA";"14";"8";"32";"398";"15";"420";"1"
"2023";"02";"230101";"TACNA";"TACNA";"TACNA";"GOBIERNO REGIONAL";"II-2";"00002864";"HOSPITAL HIPOLITO UNANUE DE TACNA";"245300";"HOSPITALIZACIÓN DE MEDICINA NEUMOLOGÍA  ";"18";"15";"111";"168";"13";"364";"3"
"2023";"02";"230101";"TACNA";"TACNA";"TACNA";"GOBIERNO REGIONAL";"II-2";"00002864";"HOSPITAL HIPOLITO UNANUE DE TACNA";"241400";"HOSPITALIZACIÓN QUIRÚRGICA GINECO - OBSTETRICIA ";"323";"329";"779";"858";"46";"1288";"0"
"2023";"02";"230101";"TACNA";"TACNA";"TACNA";"GOBIERNO REGIONAL";"II-2";"00002864";"HOSPITAL HIPOLITO UNANUE DE TACNA";"242300";"HOSPITALIZACIÓN DE PEDIATRÍA  PEDIATRÍA  GENERAL ";"44";"36";"196";"290";"15";"420";"0"
"2023";"02";"230101";"TACNA";"TACNA";"TACNA";"GOBIERNO REGIONAL";"II-2";"00002864";"HOSPITAL HIPOLITO UNANUE DE TACNA";"242200";"HOSPITALIZACIÓN DE MEDICINA PSIQUIATRÍA ";"10";"11";"267";"277";"16";"448";"0"
"2023";"02";"230101";"TACNA";"TACNA";"TACNA";"GOBIERNO REGIONAL";"II-2";"00002864";"HOSPITAL HIPOLITO UNANUE DE TACNA";"240700";"HOSPITALIZACIÓN QUIRÚRGICA CIRUGÍA PEDIÁTRICA ";"23";"21";"143";"147";"10";"280";"0"
"2023";"02";"230101";"TACNA";"TACNA";"TACNA";"GOBIERNO REGIONAL";"II-2";"00002864";"HOSPITAL HIPOLITO UNANUE DE TACNA";"250400";"UNIDAD DE CUIDADOS CRITICOS UNIDAD DE QUEMADOS (GRAN QUEMADO) ";"13";"12";"115";"116";"5";"140";"0"
"2023";"02";"230101";"TACNA";"TACNA";"TACNA";"GOBIERNO REGIONAL";"II-2";"00002864";"HOSPITAL HIPOLITO UNANUE DE TACNA";"250100";"UNIDAD DE CUIDADOS CRITICOS UNIDAD  DE CUIDADOS INTENSIVOS GENERALES (UCI) ";"4";"4";"67";"98";"6";"168";"0"
"2023";"02";"060801";"CAJAMARCA";"JAEN";"JAEN";"PRIVADO";"I-3";"00030976";"CENTRO MEDICO SALUD & VIAL JAEN";"NE_0001";"";"NE_0001";"NE_0001";"NE_0001";"NE_0001";"NE_0001";"NE_0001";"NE_0001"
"2023";"02";"080805";"CUSCO";"ESPINAR";"PALLPATA";"GOBIERNO REGIONAL";"I-3";"00002416";"PALLPATA";"NE_0001";"";"NE_0001";"NE_0001";"NE_0001";"NE_0001";"NE_0001";"NE_0001";"NE_0001"
"2023";"02";"080803";"CUSCO";"ESPINAR";"COPORAQUE";"GOBIERNO REGIONAL";"I-2";"00002412";"COPORAQUE";"NE_0001";"";"NE_0001";"NE_0001";"NE_0001";"NE_0001";"NE_0001";"NE_0001";"NE_0001"
"2023";"02";"080808";"CUSCO";"ESPINAR";"ALTO PICHIGUA";"GOBIERNO REGIONAL";"I-2";"00002420";"ACCOCUNCA";"NE_0001";"";"NE_0001";"NE_0001";"NE_0001";"NE_0001";"NE_0001";"NE_0001";"NE_0001"
"2023";"02";"080801";"CUSCO";"ESPINAR";"ESPINAR";"GOBIERNO REGIONAL";"I-1";"00006745";"TINTAYA MARQUIRI";"NE_0001";"";"NE_0001";"NE_0001";"NE_0001";"NE_0001";"NE_0001";"NE_0001";"NE_0001"
"2023";"02";"080801";"CUSCO";"ESPINAR";"ESPINAR";"GOBIERNO REGIONAL";"I-4";"00002410";"YAURI";"NE_0001";"";"NE_0001";"NE_0001";"NE_0001";"NE_0001";"NE_0001";"NE_0001";"NE_0001"
"2023";"02";"080806";"CUSCO";"ESPINAR";"PICHIGUA";"GOBIERNO REGIONAL";"I-1";"00002418";"SAN MIGUEL";"NE_0001";"";"NE_0001";"NE_0001";"NE_0001";"NE_0001";"NE_0001";"NE_0001";"NE_0001"
"2023";"01";"130701";"LA LIBERTAD";"PACASMAYO";"SAN PEDRO DE LLOC";"ESSALUD";"I-2";"00012097";"POSTA DE SALUD SAN PEDRO DE LLOC";"NE_0001";"";"NE_0001";"NE_0001";"NE_0001";"NE_0001";"NE_0001";"NE_0001";"NE_0001"
"2023";"01";"220503";"SAN MARTIN";"LAMAS";"BARRANQUITA";"GOBIERNO REGIONAL";"I-1";"00007401";"SANANGO";"NE_0001";"";"NE_0001";"NE_0001";"NE_0001";"NE_0001";"NE_0001";"NE_0001";"NE_0001"
"2023";"01";"220503";"SAN MARTIN";"LAMAS";"BARRANQUITA";"GOBIERNO REGIONAL";"I-1";"00006433";"PUERTO PIZARRO";"NE_0001";"";"NE_0001";"NE_0001";"NE_0001";"NE_0001";"NE_0001";"NE_0001";"NE_0001"
"2023";"01";"220503";"SAN MARTIN";"LAMAS";"BARRANQUITA";"GOBIERNO REGIONAL";"I-3";"00006432";"BARRANQUITA CAYNARACHI";"NE_0001";"";"NE_0001";"NE_0001";"NE_0001";"NE_0001";"NE_0001";"NE_0001";"NE_0001"
"2023";"01";"220503";"SAN MARTIN";"LAMAS";"BARRANQUITA";"GOBIERNO REGIONAL";"I-1";"00006434";"SANTIAGO DE BORJA";"NE_0001";"";"NE_0001";"NE_0001";"NE_0001";"NE_0001";"NE_0001";"NE_0001";"NE_0001"
"2023";"01";"120114";"JUNIN";"HUANCAYO";"EL TAMBO";"ESSALUD";"I-4";"00008660";"POLICLINICO METROPOLITANO HUANCAYO";"NE_0001";"";"NE_0001";"NE_0001";"NE_0001";"NE_0001";"NE_0001";"NE_0001";"NE_0001"
"2023";"01";"150103";"LIMA";"LIMA";"ATE";"MINSA";"II-1";"00005883";"HOSPITAL DE HUAYCAN";"241800";"HOSPITALIZACIÓN DE MEDICINA MEDICINA GENERAL ";"22";"21";"158";"180";"21";"651";"0"
"2023";"01";"150103";"LIMA";"LIMA";"ATE";"MINSA";"II-1";"00005883";"HOSPITAL DE HUAYCAN";"240100";"HOSPITALIZACIÓN QUIRÚRGICA CIRUGÍA GENERAL ";"37";"37";"137";"142";"11";"341";"0"
"2023";"01";"150103";"LIMA";"LIMA";"ATE";"MINSA";"II-1";"00005883";"HOSPITAL DE HUAYCAN";"241200";"HOSPITALIZACIÓN QUIRÚRGICA TRAUMATOLOGÍA Y ORTOPEDIA ";"21";"20";"75";"78";"4";"124";"0"
"2023";"01";"150103";"LIMA";"LIMA";"ATE";"MINSA";"II-1";"00005883";"HOSPITAL DE HUAYCAN";"242500";"HOSPITALIZACIÓN-PEDIATRÍA GENERAL-";"31";"30";"80";"76";"8";"248";"0"
"2023";"01";"150103";"LIMA";"LIMA";"ATE";"MINSA";"II-1";"00005883";"HOSPITAL DE HUAYCAN";"241600";"HOSPITALIZACIÓN QUIRÚRGICA OBSTETRICIA   ";"141";"139";"241";"245";"16";"496";"0"
"2023";"01";"150103";"LIMA";"LIMA";"ATE";"MINSA";"II-1";"00005883";"HOSPITAL DE HUAYCAN";"241500";"HOSPITALIZACIÓN QUIRÚRGICA GINECOLOGÍA  ";"5";"5";"14";"14";"1";"31";"0"
"2023";"01";"120701";"JUNIN";"TARMA";"TARMA";"GOBIERNO REGIONAL";"I-1";"00000584";"TARMATAMBO";"NE_0001";"";"NE_0001";"NE_0001";"NE_0001";"NE_0001";"NE_0001";"NE_0001";"NE_0001"
"2023";"01";"120701";"JUNIN";"TARMA";"TARMA";"GOBIERNO REGIONAL";"I-1";"00000586";"MUYLO";"NE_0001";"";"NE_0001";"NE_0001";"NE_0001";"NE_0001";"NE_0001";"NE_0001";"NE_0001"
"2023";"01";"120701";"JUNIN";"TARMA";"TARMA";"GOBIERNO REGIONAL";"I-2";"00000587";"POMACHACA";"NE_0001";"";"NE_0001";"NE_0001";"NE_0001";"NE_0001";"NE_0001";"NE_0001";"NE_0001"
"2023";"01";"120701";"JUNIN";"TARMA";"TARMA";"GOBIERNO REGIONAL";"I-1";"00000593";"SANYACANCHA";"NE_0001";"";"NE_0001";"NE_0001";"NE_0001";"NE_0001";"NE_0001";"NE_0001";"NE_0001"
"2023";"01";"120701";"JUNIN";"TARMA";"TARMA";"GOBIERNO REGIONAL";"I-1";"00000588";"MULLUCRO";"NE_0001";"";"NE_0001";"NE_0001";"NE_0001";"NE_0001";"NE_0001";"NE_0001";"NE_0001"
"2023";"01";"120701";"JUNIN";"TARMA";"TARMA";"GOBIERNO REGIONAL";"I-1";"00000590";"MISARURASHA";"NE_0001";"";"NE_0001";"NE_0001";"NE_0001";"NE_0001";"NE_0001";"NE_0001";"NE_0001"
"2023";"01";"120701";"JUNIN";"TARMA";"TARMA";"GOBIERNO REGIONAL";"I-1";"00000591";"CARHUACATAC";"NE_0001";"";"NE_0001";"NE_0001";"NE_0001";"NE_0001";"NE_0001";"NE_0001";"NE_0001"
"2023";"01";"120701";"JUNIN";"TARMA";"TARMA";"GOBIERNO REGIONAL";"I-1";"00000585";"COCHAS";"NE_0001";"";"NE_0001";"NE_0001";"NE_0001";"NE_0001";"NE_0001";"NE_0001";"NE_0001"
"2023";"01";"120701";"JUNIN";"TARMA";"TARMA";"GOBIERNO REGIONAL";"I-1";"00000592";"PALCAPACCHA";"NE_0001";"";"NE_0001";"NE_0001";"NE_0001";"NE_0001";"NE_0001";"NE_0001";"NE_0001"
"2023";"01";"120701";"JUNIN";"TARMA";"TARMA";"GOBIERNO REGIONAL";"I-1";"00000589";"VICORA CONGAS";"NE_0001";"";"NE_0001";"NE_0001";"NE_0001";"NE_0001";"NE_0001";"NE_0001";"NE_0001"
"2023";"01";"240101";"TUMBES";"TUMBES";"TUMBES";"GOBIERNO REGIONAL";"I-3";"00028923";"CENTRO DE SALUD MENTAL COMUNITARIO ""VIRGEN DEL CISNE""";"NE_0001";"";"NE_0001";"NE_0001";"NE_0001";"NE_0001";"NE_0001";"NE_0001";"NE_0001"
"2023";"01";"240101";"TUMBES";"TUMBES";"TUMBES";"GOBIERNO REGIONAL";"0";"00029717";"I HOGAR PROTEGIDO TUMBES";"NE_0001";"";"NE_0001";"NE_0001";"NE_0001";"NE_0001";"NE_0001";"NE_0001";"NE_0001"
"2023";"01";"240104";"TUMBES";"TUMBES";"PAMPAS DE HOSPITAL";"GOBIERNO REGIONAL";"I-1";"00001877";"CRUZ BLANCA.";"NE_0001";"";"NE_0001";"NE_0001";"NE_0001";"NE_0001";"NE_0001";"NE_0001";"NE_0001"
"2023";"01";"240106";"TUMBES";"TUMBES";"SAN JUAN DE LA VIRGEN";"GOBIERNO REGIONAL";"I-1";"00001880";"CERRO BLANCO";"NE_0001";"";"NE_0001";"NE_0001";"NE_0001";"NE_0001";"NE_0001";"NE_0001";"NE_0001"
"2023";"01";"240101";"TUMBES";"TUMBES";"TUMBES";"GOBIERNO REGIONAL";"I-2";"00001883";"PUERTO PIZARRO";"NE_0001";"";"NE_0001";"NE_0001";"NE_0001";"NE_0001";"NE_0001";"NE_0001";"NE_0001"
"2023";"01";"240101";"TUMBES";"TUMBES";"TUMBES";"GOBIERNO REGIONAL";"I-3";"00001884";"CLAS ANDRES ARAUJO MORAN";"NE_0001";"";"NE_0001";"NE_0001";"NE_0001";"NE_0001";"NE_0001";"NE_0001";"NE_0001"
"2023";"01";"240101";"TUMBES";"TUMBES";"TUMBES";"GOBIERNO REGIONAL";"0";"00013886";"LABORATORIO DE REFERENCIA REGIONAL DE SALUD PUBLICA";"NE_0001";"";"NE_0001";"NE_0001";"NE_0001";"NE_0001";"NE_0001";"NE_0001";"NE_0001"
"2023";"01";"240104";"TUMBES";"TUMBES";"PAMPAS DE HOSPITAL";"GOBIERNO REGIONAL";"I-2";"00001876";"CABUYAL";"NE_0001";"";"NE_0001";"NE_0001";"NE_0001";"NE_0001";"NE_0001";"NE_0001";"NE_0001"
"2023";"01";"240106";"TUMBES";"TUMBES";"SAN JUAN DE LA VIRGEN";"GOBIERNO REGIONAL";"I-1";"00001881";"GARBANZAL";"NE_0001";"";"NE_0001";"NE_0001";"NE_0001";"NE_0001";"NE_0001";"NE_0001";"NE_0001"
"2023";"01";"240101";"TUMBES";"TUMBES";"TUMBES";"GOBIERNO REGIONAL";"0";"00027613";"SAMU -TUMBES";"NE_0001";"";"NE_0001";"NE_0001";"NE_0001";"NE_0001";"NE_0001";"NE_0001";"NE_0001"
"2023";"01";"240104";"TUMBES";"TUMBES";"PAMPAS DE HOSPITAL";"GOBIERNO REGIONAL";"I-3";"00001875";"PAMPAS DE HOSPITAL";"NE_0001";"";"NE_0001";"NE_0001";"NE_0001";"NE_0001";"NE_0001";"NE_0001";"NE_0001"
"2023";"01";"240104";"TUMBES";"TUMBES";"PAMPAS DE HOSPITAL";"GOBIERNO REGIONAL";"I-1";"00001878";"EL LIMON";"NE_0001";"";"NE_0001";"NE_0001";"NE_0001";"NE_0001";"NE_0001";"NE_0001";"NE_0001"
"2023";"01";"240106";"TUMBES";"TUMBES";"SAN JUAN DE LA VIRGEN";"GOBIERNO REGIONAL";"I-3";"00001879";"CLAS SAN JUAN DE LA VIRGEN";"NE_0001";"";"NE_0001";"NE_0001";"NE_0001";"NE_0001";"NE_0001";"NE_0001";"NE_0001"
"2023";"01";"240101";"TUMBES";"TUMBES";"TUMBES";"GOBIERNO REGIONAL";"I-4";"00001882";"PAMPA GRANDE";"241800";"HOSPITALIZACIÓN DE MEDICINA MEDICINA GENERAL ";"13";"13";"14";"13";"1";"31";"0"
"2023";"01";"240101";"TUMBES";"TUMBES";"TUMBES";"GOBIERNO REGIONAL";"I-2";"00023014";"GERARDO GONZALES VILLEGAS";"NE_0001";"";"NE_0001";"NE_0001";"NE_0001";"NE_0001";"NE_0001";"NE_0001";"NE_0001"
"2023";"02";"150108";"LIMA";"LIMA";"CHORRILLOS";"ESSALUD";"I-3";"00008438";"POLICLINICO JUAN JOSE RODRIGUEZ LAZO";"NE_0001";"";"NE_0001";"NE_0001";"NE_0001";"NE_0001";"NE_0001";"NE_0001";"NE_0001"
"2023";"02";"130101";"LA LIBERTAD";"TRUJILLO";"TRUJILLO";"PRIVADO";"II-E";"00025536";"OFTALMONORTE";"NE_0001";"";"NE_0001";"NE_0001";"NE_0001";"NE_0001";"NE_0001";"NE_0001";"NE_0001"
"2023";"02";"150141";"LIMA";"LIMA";"SURQUILLO";"PRIVADO";"II-E";"00013952";"HOSPITAL DE LA MUJER.";"NE_0002";"";"NE_0002";"NE_0002";"NE_0002";"NE_0002";"NE_0002";"NE_0002";"NE_0002"
"2023";"02";"230401";"TACNA";"TARATA";"TARATA";"ESSALUD";"I-2";"00010192";"CENTRO DE ATENCION PRIMARIA I TARATA";"NE_0001";"";"NE_0001";"NE_0001";"NE_0001";"NE_0001";"NE_0001";"NE_0001";"NE_0001"
"2023";"02";"130101";"LA LIBERTAD";"TRUJILLO";"TRUJILLO";"PRIVADO";"II-E";"00021475";"DE LA BELLEZA";"NE_0001";"";"NE_0001";"NE_0001";"NE_0001";"NE_0001";"NE_0001";"NE_0001";"NE_0001"
"2023";"02";"220201";"SAN MARTIN";"BELLAVISTA";"BELLAVISTA";"GOBIERNO REGIONAL";"II-E";"00006502";"HOSPITAL BELLAVISTA";"242500";"HOSPITALIZACIÓN-PEDIATRÍA GENERAL-";"10";"11";"53";"53";"2";"168";"0"
"2023";"02";"220201";"SAN MARTIN";"BELLAVISTA";"BELLAVISTA";"GOBIERNO REGIONAL";"II-E";"00006502";"HOSPITAL BELLAVISTA";"243200";"HOSPITALIZACIÓN DE PEDIATRÍA PEDIATRIA NEONATOLOGÍA";"11";"14";"48";"48";"6";"56";"1"
"2023";"02";"220201";"SAN MARTIN";"BELLAVISTA";"BELLAVISTA";"GOBIERNO REGIONAL";"II-E";"00006502";"HOSPITAL BELLAVISTA";"241500";"HOSPITALIZACIÓN QUIRÚRGICA GINECOLOGÍA  ";"22";"22";"50";"50";"2";"56";"0"
"2023";"02";"220201";"SAN MARTIN";"BELLAVISTA";"BELLAVISTA";"GOBIERNO REGIONAL";"II-E";"00006502";"HOSPITAL BELLAVISTA";"240100";"HOSPITALIZACIÓN QUIRÚRGICA CIRUGÍA GENERAL ";"21";"23";"96";"96";"8";"224";"0"
"2023";"02";"220201";"SAN MARTIN";"BELLAVISTA";"BELLAVISTA";"GOBIERNO REGIONAL";"II-E";"00006502";"HOSPITAL BELLAVISTA";"241900";"HOSPITALIZACIÓN DE MEDICINA MEDICINA INTERNA ";"49";"55";"188";"188";"10";"280";"2"
"2023";"02";"110501";"ICA";"PISCO";"PISCO";"MINSA";"II-1";"00003472";"SAN JUAN DE DIOS";"240100";"HOSPITALIZACIÓN QUIRÚRGICA CIRUGÍA GENERAL ";"66";"83";"439";"396";"22";"616";"1"
"2023";"02";"110501";"ICA";"PISCO";"PISCO";"MINSA";"II-1";"00003472";"SAN JUAN DE DIOS";"241400";"HOSPITALIZACIÓN QUIRÚRGICA GINECO - OBSTETRICIA ";"229";"250";"652";"642";"34";"952";"0"
"2023";"02";"110501";"ICA";"PISCO";"PISCO";"MINSA";"II-1";"00003472";"SAN JUAN DE DIOS";"241800";"HOSPITALIZACIÓN DE MEDICINA MEDICINA GENERAL ";"48";"69";"470";"410";"24";"672";"8"
"2023";"02";"110501";"ICA";"PISCO";"PISCO";"MINSA";"II-1";"00003472";"SAN JUAN DE DIOS";"242300";"HOSPITALIZACIÓN DE PEDIATRÍA  PEDIATRÍA  GENERAL ";"51";"58";"237";"210";"12";"336";"4"
"2023";"02";"150509";"LIMA";"CAÑETE";"MALA";"ESSALUD";"I-3";"00010569";"CENTRO MEDICO MALA";"NE_0001";"";"NE_0001";"NE_0001";"NE_0001";"NE_0001";"NE_0001";"NE_0001";"NE_0001"
"2023";"02";"080101";"CUSCO";"CUSCO";"CUSCO";"PRIVADO";"II-E";"00016541";"HOGAR CLINICA SAN JUAN DE DIOS-CUSCO";"240000";"HOSPITALIZACIÓN";"62";"58";"420";"3";"15";"420";"0"
"2023";"02";"090203";"HUANCAVELICA";"ACOBAMBA";"ANTA";"GOBIERNO REGIONAL";"I-1";"00003941";"PUESTO DE SALUD MANYACC";"NE_0001";"";"NE_0001";"NE_0001";"NE_0001";"NE_0001";"NE_0001";"NE_0001";"NE_0001"
"2023";"02";"090203";"HUANCAVELICA";"ACOBAMBA";"ANTA";"GOBIERNO REGIONAL";"I-1";"00011230";"PUESTO DE SALUD RAYANNIYOCC";"NE_0001";"";"NE_0001";"NE_0001";"NE_0001";"NE_0001";"NE_0001";"NE_0001";"NE_0001"
"2023";"02";"090203";"HUANCAVELICA";"ACOBAMBA";"ANTA";"GOBIERNO REGIONAL";"I-3";"00003939";"CENTRO DE SALUD ANTA";"NE_0001";"";"NE_0001";"NE_0001";"NE_0001";"NE_0001";"NE_0001";"NE_0001";"NE_0001"
"2023";"02";"090203";"HUANCAVELICA";"ACOBAMBA";"ANTA";"GOBIERNO REGIONAL";"I-1";"00009697";"PUESTO DE SALUD DE CASACANCHA";"NE_0001";"";"NE_0001";"NE_0001";"NE_0001";"NE_0001";"NE_0001";"NE_0001";"NE_0001"
"2023";"02";"090203";"HUANCAVELICA";"ACOBAMBA";"ANTA";"GOBIERNO REGIONAL";"I-1";"00009469";"PUESTO DE SALUD VISTA ALEGRE DE ANTA";"NE_0001";"";"NE_0001";"NE_0001";"NE_0001";"NE_0001";"NE_0001";"NE_0001";"NE_0001"
"2023";"02";"060101";"CAJAMARCA";"CAJAMARCA";"CAJAMARCA";"PRIVADO";"II-1";"00009234";"CLINICA LOS FRESNOS";"240100";"HOSPITALIZACIÓN QUIRÚRGICA CIRUGÍA GENERAL ";"5";"5";"10";"5";"5";"6";"0"
"2023";"02";"060101";"CAJAMARCA";"CAJAMARCA";"CAJAMARCA";"PRIVADO";"II-1";"00009234";"CLINICA LOS FRESNOS";"244200";"HOSPITALIZACIÓN DE MEDICINA ENDOCRINOLOGIA ";"1";"1";"0";"1";"1";"2";"0"
"2023";"02";"060101";"CAJAMARCA";"CAJAMARCA";"CAJAMARCA";"PRIVADO";"II-1";"00009234";"CLINICA LOS FRESNOS";"244300";"HOSPITALIZACIÓN DE MEDICINA GASTROENTEROLOGÍA  ";"2";"2";"3";"2";"2";"3";"0"
"2023";"02";"060101";"CAJAMARCA";"CAJAMARCA";"CAJAMARCA";"PRIVADO";"II-1";"00009234";"CLINICA LOS FRESNOS";"241400";"HOSPITALIZACIÓN QUIRÚRGICA GINECO - OBSTETRICIA ";"15";"15";"50";"15";"15";"16";"0"
"2023";"02";"060101";"CAJAMARCA";"CAJAMARCA";"CAJAMARCA";"PRIVADO";"II-1";"00009234";"CLINICA LOS FRESNOS";"241900";"HOSPITALIZACIÓN DE MEDICINA MEDICINA INTERNA ";"3";"3";"6";"3";"3";"4";"0"
"2023";"02";"060101";"CAJAMARCA";"CAJAMARCA";"CAJAMARCA";"PRIVADO";"II-1";"00009234";"CLINICA LOS FRESNOS";"241200";"HOSPITALIZACIÓN QUIRÚRGICA TRAUMATOLOGÍA Y ORTOPEDIA ";"3";"3";"5";"3";"3";"4";"0"
"2023";"02";"060101";"CAJAMARCA";"CAJAMARCA";"CAJAMARCA";"PRIVADO";"II-1";"00009234";"CLINICA LOS FRESNOS";"241100";"HOSPITALIZACIÓN QUIRÚRGICA OTORRINOLARINGOLOGÍA  ";"1";"1";"2";"1";"1";"2";"0"
"2023";"02";"060101";"CAJAMARCA";"CAJAMARCA";"CAJAMARCA";"PRIVADO";"II-1";"00009234";"CLINICA LOS FRESNOS";"242300";"HOSPITALIZACIÓN DE PEDIATRÍA  PEDIATRÍA  GENERAL ";"9";"9";"23";"9";"9";"10";"0"
"2023";"02";"150117";"LIMA";"LIMA";"LOS OLIVOS";"PRIVADO";"II-E";"00009641";"CLINICA MUNDO SALUD SAC";"240000";"HOSPITALIZACIÓN";"79";"54";"160";"156";"15";"294";"0"
"2023";"02";"110201";"ICA";"CHINCHA";"CHINCHA ALTA";"PRIVADO";"II-E";"00025160";"CLIN. DANIEL A. CARRION";"NE_0001";"";"NE_0001";"NE_0001";"NE_0001";"NE_0001";"NE_0001";"NE_0001";"NE_0001"
"2023";"01";"150130";"LIMA";"LIMA";"SAN BORJA";"PRIVADO";"II-2";"00009682";"CLÍNICA INTERNACIONAL";"240000";"HOSPITALIZACIÓN";"533";"615";"2694";"2627";"102";"3162";"0"
"2023";"01";"120704";"JUNIN";"TARMA";"HUASAHUASI";"GOBIERNO REGIONAL";"I-1";"00000545";"HUACUAS";"NE_0001";"";"NE_0001";"NE_0001";"NE_0001";"NE_0001";"NE_0001";"NE_0001";"NE_0001"
"2023";"01";"120704";"JUNIN";"TARMA";"HUASAHUASI";"GOBIERNO REGIONAL";"I-1";"00000548";"TIAMBRA";"NE_0001";"";"NE_0001";"NE_0001";"NE_0001";"NE_0001";"NE_0001";"NE_0001";"NE_0001"
"2023";"01";"220508";"SAN MARTIN";"LAMAS";"SAN ROQUE DE CUMBAZA";"GOBIERNO REGIONAL";"I-2";"00006356";"PAMASHTO";"NE_0001";"";"NE_0001";"NE_0001";"NE_0001";"NE_0001";"NE_0001";"NE_0001";"NE_0001"
"2023";"01";"220507";"SAN MARTIN";"LAMAS";"RUMISAPA";"GOBIERNO REGIONAL";"I-1";"00006391";"RUMIZAPA";"NE_0001";"";"NE_0001";"NE_0001";"NE_0001";"NE_0001";"NE_0001";"NE_0001";"NE_0001"
"2023";"01";"220511";"SAN MARTIN";"LAMAS";"ZAPATERO";"GOBIERNO REGIONAL";"I-1";"00006394";"SANTA ANA DEL RIO MAYO";"NE_0001";"";"NE_0001";"NE_0001";"NE_0001";"NE_0001";"NE_0001";"NE_0001";"NE_0001"
"2023";"01";"220508";"SAN MARTIN";"LAMAS";"SAN ROQUE DE CUMBAZA";"GOBIERNO REGIONAL";"I-1";"00006358";"YURILAMAS";"NE_0002";"";"NE_0002";"NE_0002";"NE_0002";"NE_0002";"NE_0002";"NE_0002";"NE_0002"
"2023";"01";"220507";"SAN MARTIN";"LAMAS";"RUMISAPA";"GOBIERNO REGIONAL";"I-1";"00006393";"PACCHILLA";"NE_0001";"";"NE_0001";"NE_0001";"NE_0001";"NE_0001";"NE_0001";"NE_0001";"NE_0001"
"2023";"01";"220508";"SAN MARTIN";"LAMAS";"SAN ROQUE DE CUMBAZA";"GOBIERNO REGIONAL";"I-1";"00006355";"CHIRICYACU";"NE_0001";"";"NE_0001";"NE_0001";"NE_0001";"NE_0001";"NE_0001";"NE_0001";"NE_0001"
"2023";"01";"220501";"SAN MARTIN";"LAMAS";"LAMAS";"GOBIERNO REGIONAL";"I-1";"00006390";"LAS FLORES DEL RIO MAYO";"NE_0001";"";"NE_0001";"NE_0001";"NE_0001";"NE_0001";"NE_0001";"NE_0001";"NE_0001"
"2023";"01";"220507";"SAN MARTIN";"LAMAS";"RUMISAPA";"GOBIERNO REGIONAL";"I-1";"00006392";"MACEDA";"NE_0001";"";"NE_0001";"NE_0001";"NE_0001";"NE_0001";"NE_0001";"NE_0001";"NE_0001"
"2023";"01";"220501";"SAN MARTIN";"LAMAS";"LAMAS";"GOBIERNO REGIONAL";"I-1";"00006388";"SAN ANTONIO RIO MAYO";"NE_0001";"";"NE_0001";"NE_0001";"NE_0001";"NE_0001";"NE_0001";"NE_0001";"NE_0001"
"2023";"01";"220508";"SAN MARTIN";"LAMAS";"SAN ROQUE DE CUMBAZA";"GOBIERNO REGIONAL";"I-1";"00006386";"SAN ROQUE DE CUMBAZA";"NE_0001";"";"NE_0001";"NE_0001";"NE_0001";"NE_0001";"NE_0001";"NE_0001";"NE_0001"
"2023";"01";"211101";"PUNO";"SAN ROMAN";"JULIACA";"PRIVADO";"II-E";"00020181";"CLINICA INTERNACIONAL NACER";"241600";"HOSPITALIZACIÓN QUIRÚRGICA OBSTETRICIA   ";"38";"38";"60";"38";"10";"240";"0"
"2023";"01";"210601";"PUNO";"HUANCANE";"HUANCANE";"GOBIERNO REGIONAL";"II-1";"00003068";"HOSPITAL LUCIO ALDAZABAL PAUCA";"240100";"HOSPITALIZACIÓN QUIRÚRGICA CIRUGÍA GENERAL ";"7";"7";"27";"27";"4";"124";"0"
"2023";"01";"210601";"PUNO";"HUANCANE";"HUANCANE";"GOBIERNO REGIONAL";"II-1";"00003068";"HOSPITAL LUCIO ALDAZABAL PAUCA";"241500";"HOSPITALIZACIÓN QUIRÚRGICA GINECOLOGÍA  ";"36";"36";"78";"78";"4";"124";"0"
"2023";"01";"210601";"PUNO";"HUANCANE";"HUANCANE";"GOBIERNO REGIONAL";"II-1";"00003068";"HOSPITAL LUCIO ALDAZABAL PAUCA";"241600";"HOSPITALIZACIÓN QUIRÚRGICA OBSTETRICIA   ";"20";"20";"47";"47";"5";"155";"0"
"2023";"01";"210601";"PUNO";"HUANCANE";"HUANCANE";"GOBIERNO REGIONAL";"II-1";"00003068";"HOSPITAL LUCIO ALDAZABAL PAUCA";"241800";"HOSPITALIZACIÓN DE MEDICINA MEDICINA GENERAL ";"18";"18";"11";"22";"10";"310";"1"
"2023";"01";"210601";"PUNO";"HUANCANE";"HUANCANE";"GOBIERNO REGIONAL";"II-1";"00003068";"HOSPITAL LUCIO ALDAZABAL PAUCA";"242500";"HOSPITALIZACIÓN-PEDIATRÍA GENERAL-";"2";"2";"6";"6";"5";"155";"0"
"2023";"01";"210601";"PUNO";"HUANCANE";"HUANCANE";"GOBIERNO REGIONAL";"II-1";"00003068";"HOSPITAL LUCIO ALDAZABAL PAUCA";"243200";"HOSPITALIZACIÓN DE PEDIATRÍA PEDIATRIA NEONATOLOGÍA";"2";"2";"3";"3";"3";"93";"0"
"2023";"01";"200110";"PIURA";"PIURA";"LA UNION";"ESSALUD";"I-3";"00011733";"CENTRO MEDICO ""LEONCIO AMAYA TUME""";"NE_0001";"";"NE_0001";"NE_0001";"NE_0001";"NE_0001";"NE_0001";"NE_0001";"NE_0001"
"2023";"01";"140101";"LAMBAYEQUE";"CHICLAYO";"CHICLAYO";"PRIVADO";"II-E";"00008730";"BM CLINICA";"240000";"HOSPITALIZACIÓN";"24";"24";"48";"24";"10";"310";"0"
"2023";"01";"040603";"AREQUIPA";"CONDESUYOS";"CAYARANI";"GOBIERNO REGIONAL";"I-3";"00001440";"CENTRO DE SALUD CAYARANI";"NE_0001";"";"NE_0001";"NE_0001";"NE_0001";"NE_0001";"NE_0001";"NE_0001";"NE_0001"
"2023";"01";"040404";"AREQUIPA";"CASTILLA";"CHACHAS";"GOBIERNO REGIONAL";"I-2";"00001442";"PUESTO DE SALUD TOLCONI";"NE_0001";"";"NE_0001";"NE_0001";"NE_0001";"NE_0001";"NE_0001";"NE_0001";"NE_0001"
"2023";"01";"040505";"AREQUIPA";"CAYLLOMA";"CAYLLOMA";"GOBIERNO REGIONAL";"I-3";"00001422";"CENTRO DE SALUD CAYLLOMA";"NE_0001";"";"NE_0001";"NE_0001";"NE_0001";"NE_0001";"NE_0001";"NE_0001";"NE_0001"
"2023";"01";"040603";"AREQUIPA";"CONDESUYOS";"CAYARANI";"GOBIERNO REGIONAL";"I-2";"00007407";"PUESTO DE SALUD ARCATA";"NE_0001";"";"NE_0001";"NE_0001";"NE_0001";"NE_0001";"NE_0001";"NE_0001";"NE_0001"
"2023";"01";"040505";"AREQUIPA";"CAYLLOMA";"CAYLLOMA";"GOBIERNO REGIONAL";"I-2";"00001418";"PUESTO DE SALUD JACHAÑA";"NE_0001";"";"NE_0001";"NE_0001";"NE_0001";"NE_0001";"NE_0001";"NE_0001";"NE_0001"
"2023";"02";"061101";"CAJAMARCA";"SAN MIGUEL";"SAN MIGUEL";"ESSALUD";"I-2";"00010273";"POSTA MEDICA ESSALUD SAN MIGUEL";"NE_0001";"";"NE_0001";"NE_0001";"NE_0001";"NE_0001";"NE_0001";"NE_0001";"NE_0001"
"2023";"02";"160113";"LORETO";"MAYNAS";"SAN JUAN BAUTISTA";"PRIVADO";"II-E";"00024041";"CLÍNICA ESPECIALIZADA EMANUEL";"NE_0001";"";"NE_0001";"NE_0001";"NE_0001";"NE_0001";"NE_0001";"NE_0001";"NE_0001"
"2023";"02";"200701";"PIURA";"TALARA";"PARIÑAS";"PRIVADO";"II-1";"00011396";"ADMINISTRADORA CLINICA TRESA";"241900";"HOSPITALIZACIÓN DE MEDICINA MEDICINA INTERNA ";"11";"10";"37";"152";"6";"168";"0"
"2023";"02";"200701";"PIURA";"TALARA";"PARIÑAS";"PRIVADO";"II-1";"00011396";"ADMINISTRADORA CLINICA TRESA";"240100";"HOSPITALIZACIÓN QUIRÚRGICA CIRUGÍA GENERAL ";"10";"10";"24";"75";"3";"84";"0"
"2023";"02";"200701";"PIURA";"TALARA";"PARIÑAS";"PRIVADO";"II-1";"00011396";"ADMINISTRADORA CLINICA TRESA";"241200";"HOSPITALIZACIÓN QUIRÚRGICA TRAUMATOLOGÍA Y ORTOPEDIA ";"4";"4";"16";"25";"1";"28";"0"
"2023";"02";"200701";"PIURA";"TALARA";"PARIÑAS";"PRIVADO";"II-1";"00011396";"ADMINISTRADORA CLINICA TRESA";"241500";"HOSPITALIZACIÓN QUIRÚRGICA GINECOLOGÍA  ";"7";"6";"15";"50";"2";"56";"0"
"2023";"02";"200701";"PIURA";"TALARA";"PARIÑAS";"PRIVADO";"II-1";"00011396";"ADMINISTRADORA CLINICA TRESA";"242300";"HOSPITALIZACIÓN DE PEDIATRÍA  PEDIATRÍA  GENERAL ";"16";"15";"36";"151";"6";"168";"0"
"2023";"02";"150118";"LIMA";"LIMA";"LURIGANCHO";"MINSA";"II-2";"00005947";"HOSPITAL DE MEDIANA COMPLEJIDAD JOSE AGURTO TELLO";"241900";"HOSPITALIZACIÓN DE MEDICINA MEDICINA INTERNA ";"61";"52";"279";"288";"12";"336";"2"
"2023";"02";"150118";"LIMA";"LIMA";"LURIGANCHO";"MINSA";"II-2";"00005947";"HOSPITAL DE MEDIANA COMPLEJIDAD JOSE AGURTO TELLO";"240100";"HOSPITALIZACIÓN QUIRÚRGICA CIRUGÍA GENERAL ";"133";"122";"275";"298";"16";"448";"0"
"2023";"02";"150118";"LIMA";"LIMA";"LURIGANCHO";"MINSA";"II-2";"00005947";"HOSPITAL DE MEDIANA COMPLEJIDAD JOSE AGURTO TELLO";"241200";"HOSPITALIZACIÓN QUIRÚRGICA TRAUMATOLOGÍA Y ORTOPEDIA ";"21";"21";"67";"67";"5";"140";"0"
"2023";"02";"150118";"LIMA";"LIMA";"LURIGANCHO";"MINSA";"II-2";"00005947";"HOSPITAL DE MEDIANA COMPLEJIDAD JOSE AGURTO TELLO";"240600";"HOSPITALIZACIÓN QUIRÚRGICA CIRUGÍA OFTALMOLÓGICA ";"3";"3";"3";"3";"1";"28";"0"
"2023";"02";"150118";"LIMA";"LIMA";"LURIGANCHO";"MINSA";"II-2";"00005947";"HOSPITAL DE MEDIANA COMPLEJIDAD JOSE AGURTO TELLO";"243200";"HOSPITALIZACIÓN DE PEDIATRÍA PEDIATRIA NEONATOLOGÍA";"19";"19";"83";"71";"5";"140";"0"
"2023";"02";"150118";"LIMA";"LIMA";"LURIGANCHO";"MINSA";"II-2";"00005947";"HOSPITAL DE MEDIANA COMPLEJIDAD JOSE AGURTO TELLO";"242500";"HOSPITALIZACIÓN-PEDIATRÍA GENERAL-";"15";"10";"50";"48";"7";"196";"0"
"2023";"02";"150118";"LIMA";"LIMA";"LURIGANCHO";"MINSA";"II-2";"00005947";"HOSPITAL DE MEDIANA COMPLEJIDAD JOSE AGURTO TELLO";"241500";"HOSPITALIZACIÓN QUIRÚRGICA GINECOLOGÍA  ";"24";"20";"76";"81";"5";"140";"0"
"2023";"02";"150118";"LIMA";"LIMA";"LURIGANCHO";"MINSA";"II-2";"00005947";"HOSPITAL DE MEDIANA COMPLEJIDAD JOSE AGURTO TELLO";"241600";"HOSPITALIZACIÓN QUIRÚRGICA OBSTETRICIA   ";"134";"126";"276";"272";"16";"448";"0"
"2023";"02";"150101";"LIMA";"LIMA";"LIMA";"MINSA";"III-2";"00006217";"INO DR. FRANCISCO CONTRERAS C.";"240600";"HOSPITALIZACIÓN QUIRÚRGICA CIRUGÍA OFTALMOLÓGICA ";"13";"7";"15";"7";"7";"196";"0"
"2023";"02";"150131";"LIMA";"LIMA";"SAN ISIDRO";"PRIVADO";"II-E";"00017099";"OFTALMOLOGOS CONTRERAS  C.SCRL";"NE_0001";"";"NE_0001";"NE_0001";"NE_0001";"NE_0001";"NE_0001";"NE_0001";"NE_0001"
"2023";"02";"060101";"CAJAMARCA";"CAJAMARCA";"CAJAMARCA";"PRIVADO";"II-1";"00012761";"CLINICA SAN LORENZO S.R.L.";"240100";"HOSPITALIZACIÓN QUIRÚRGICA CIRUGÍA GENERAL ";"4";"4";"5";"9";"16";"448";"0"
"2023";"02";"060101";"CAJAMARCA";"CAJAMARCA";"CAJAMARCA";"PRIVADO";"II-1";"00012761";"CLINICA SAN LORENZO S.R.L.";"240300";"HOSPITALIZACIÓN QUIRÚRGICA CIRUGÍA DIGESTIVA ";"20";"20";"29";"49";"16";"448";"0"
"2023";"02";"060101";"CAJAMARCA";"CAJAMARCA";"CAJAMARCA";"PRIVADO";"II-1";"00012761";"CLINICA SAN LORENZO S.R.L.";"240801";"HOSPITALIZACIÓN QUIRÚRGICA CIRUGÍA PLÁSTICA/RECONSTRUCTIVA/ REPARADORA QUEMADOS";"3";"3";"3";"6";"16";"448";"0"
"2023";"02";"060101";"CAJAMARCA";"CAJAMARCA";"CAJAMARCA";"PRIVADO";"II-1";"00012761";"CLINICA SAN LORENZO S.R.L.";"241000";"HOSPITALIZACIÓN QUIRÚRGICA ONCOLOGÍA QUIRÚRGICA  ";"3";"3";"7";"10";"16";"448";"0"
"2023";"02";"060101";"CAJAMARCA";"CAJAMARCA";"CAJAMARCA";"PRIVADO";"II-1";"00012761";"CLINICA SAN LORENZO S.R.L.";"241100";"HOSPITALIZACIÓN QUIRÚRGICA OTORRINOLARINGOLOGÍA  ";"1";"1";"1";"2";"16";"448";"0"
"2023";"02";"060101";"CAJAMARCA";"CAJAMARCA";"CAJAMARCA";"PRIVADO";"II-1";"00012761";"CLINICA SAN LORENZO S.R.L.";"241200";"HOSPITALIZACIÓN QUIRÚRGICA TRAUMATOLOGÍA Y ORTOPEDIA ";"3";"3";"3";"6";"16";"448";"0"
"2023";"02";"060101";"CAJAMARCA";"CAJAMARCA";"CAJAMARCA";"PRIVADO";"II-1";"00012761";"CLINICA SAN LORENZO S.R.L.";"241300";"HOSPITALIZACIÓN QUIRÚRGICA UROLOGÍA  ";"9";"9";"24";"35";"16";"448";"0"
"2023";"02";"060101";"CAJAMARCA";"CAJAMARCA";"CAJAMARCA";"PRIVADO";"II-1";"00012761";"CLINICA SAN LORENZO S.R.L.";"241500";"HOSPITALIZACIÓN QUIRÚRGICA GINECOLOGÍA  ";"5";"5";"9";"14";"16";"448";"0"
"2023";"02";"040201";"AREQUIPA";"CAMANA";"CAMANA";"GOBIERNO REGIONAL";"II-1";"00001344";"HOSPITAL DE CAMANA";"240100";"HOSPITALIZACIÓN QUIRÚRGICA CIRUGÍA GENERAL ";"27";"30";"172";"234";"10";"280";"0"
"2023";"02";"040201";"AREQUIPA";"CAMANA";"CAMANA";"GOBIERNO REGIONAL";"II-1";"00001344";"HOSPITAL DE CAMANA";"241200";"HOSPITALIZACIÓN QUIRÚRGICA TRAUMATOLOGÍA Y ORTOPEDIA ";"10";"19";"252";"271";"3";"285";"0"
"2023";"02";"040201";"AREQUIPA";"CAMANA";"CAMANA";"GOBIERNO REGIONAL";"II-1";"00001344";"HOSPITAL DE CAMANA";"241500";"HOSPITALIZACIÓN QUIRÚRGICA GINECOLOGÍA  ";"94";"106";"226";"288";"13";"364";"0"
"2023";"02";"040201";"AREQUIPA";"CAMANA";"CAMANA";"GOBIERNO REGIONAL";"II-1";"00001344";"HOSPITAL DE CAMANA";"241800";"HOSPITALIZACIÓN DE MEDICINA MEDICINA GENERAL ";"0";"1";"20";"82";"18";"178";"0"
"2023";"02";"040201";"AREQUIPA";"CAMANA";"CAMANA";"GOBIERNO REGIONAL";"II-1";"00001344";"HOSPITAL DE CAMANA";"241900";"HOSPITALIZACIÓN DE MEDICINA MEDICINA INTERNA ";"19";"25";"168";"230";"16";"320";"1"
"2023";"02";"040201";"AREQUIPA";"CAMANA";"CAMANA";"GOBIERNO REGIONAL";"II-1";"00001344";"HOSPITAL DE CAMANA";"242500";"HOSPITALIZACIÓN-PEDIATRÍA GENERAL-";"7";"7";"27";"89";"16";"96";"0"
"2023";"02";"040201";"AREQUIPA";"CAMANA";"CAMANA";"GOBIERNO REGIONAL";"II-1";"00001344";"HOSPITAL DE CAMANA";"243200";"HOSPITALIZACIÓN DE PEDIATRÍA PEDIATRIA NEONATOLOGÍA";"31";"37";"128";"190";"8";"224";"0"
"2023";"02";"130101";"LA LIBERTAD";"TRUJILLO";"TRUJILLO";"PRIVADO";"II-E";"00008044";"OFTALMOVISION";"NE_0001";"";"NE_0001";"NE_0001";"NE_0001";"NE_0001";"NE_0001";"NE_0001";"NE_0001"
"2023";"02";"120703";"JUNIN";"TARMA";"HUARICOLCA";"GOBIERNO REGIONAL";"I-1";"00000568";"CONGAS ANTACUCHO";"NE_0001";"";"NE_0001";"NE_0001";"NE_0001";"NE_0001";"NE_0001";"NE_0001";"NE_0001"
"2023";"02";"040110";"AREQUIPA";"AREQUIPA";"MIRAFLORES";"GOBIERNO REGIONAL";"I-3";"00001307";"CENTRO DE SALUD MATEO PUMACAHUA";"NE_0001";"";"NE_0001";"NE_0001";"NE_0001";"NE_0001";"NE_0001";"NE_0001";"NE_0001"
"2023";"02";"150108";"LIMA";"LIMA";"CHORRILLOS";"SANIDAD DEL EJERCITO DEL PERU";"II-E";"00010098";"HOSPITAL MILITAR GERIATRICO";"240000";"HOSPITALIZACIÓN";"37";"25";"240";"290";"15";"420";"1"
"2023";"02";"120101";"JUNIN";"HUANCAYO";"HUANCAYO";"PRIVADO";"II-1";"00008516";"CLINICA SANTO DOMINGO";"240100";"HOSPITALIZACIÓN QUIRÚRGICA CIRUGÍA GENERAL ";"14";"14";"26";"26";"2";"31";"0"
"2023";"02";"120101";"JUNIN";"HUANCAYO";"HUANCAYO";"PRIVADO";"II-1";"00008516";"CLINICA SANTO DOMINGO";"245300";"HOSPITALIZACIÓN DE MEDICINA NEUMOLOGÍA  ";"1";"1";"3";"3";"1";"31";"0"
"2023";"02";"120101";"JUNIN";"HUANCAYO";"HUANCAYO";"PRIVADO";"II-1";"00008516";"CLINICA SANTO DOMINGO";"241200";"HOSPITALIZACIÓN QUIRÚRGICA TRAUMATOLOGÍA Y ORTOPEDIA ";"6";"6";"9";"9";"1";"31";"0"
"2023";"02";"120101";"JUNIN";"HUANCAYO";"HUANCAYO";"PRIVADO";"II-1";"00008516";"CLINICA SANTO DOMINGO";"241500";"HOSPITALIZACIÓN QUIRÚRGICA GINECOLOGÍA  ";"12";"12";"21";"21";"2";"30";"0"
"2023";"02";"120101";"JUNIN";"HUANCAYO";"HUANCAYO";"PRIVADO";"II-1";"00008516";"CLINICA SANTO DOMINGO";"244200";"HOSPITALIZACIÓN DE MEDICINA ENDOCRINOLOGIA ";"2";"2";"2";"2";"1";"20";"0"
"2023";"02";"120101";"JUNIN";"HUANCAYO";"HUANCAYO";"PRIVADO";"II-1";"00008516";"CLINICA SANTO DOMINGO";"245400";"HOSPITALIZACIÓN DE MEDICINA GINECOLOGIA ";"2";"2";"3";"3";"1";"20";"0"
"2023";"02";"120101";"JUNIN";"HUANCAYO";"HUANCAYO";"PRIVADO";"II-1";"00008516";"CLINICA SANTO DOMINGO";"241300";"HOSPITALIZACIÓN QUIRÚRGICA UROLOGÍA  ";"3";"3";"3";"3";"1";"20";"0"
"2023";"02";"060608";"CAJAMARCA";"CUTERVO";"SAN ANDRES DE CUTERVO";"GOBIERNO REGIONAL";"I-1";"00006868";"ILLUGAN";"NE_0001";"";"NE_0001";"NE_0001";"NE_0001";"NE_0001";"NE_0001";"NE_0001";"NE_0001"
"2023";"02";"060608";"CAJAMARCA";"CUTERVO";"SAN ANDRES DE CUTERVO";"GOBIERNO REGIONAL";"I-1";"00005036";"QUILLUGAY";"NE_0001";"";"NE_0001";"NE_0001";"NE_0001";"NE_0001";"NE_0001";"NE_0001";"NE_0001"
"2023";"02";"060608";"CAJAMARCA";"CUTERVO";"SAN ANDRES DE CUTERVO";"GOBIERNO REGIONAL";"I-1";"00006940";"PAJONAL";"NE_0001";"";"NE_0001";"NE_0001";"NE_0001";"NE_0001";"NE_0001";"NE_0001";"NE_0001"
"2023";"02";"060608";"CAJAMARCA";"CUTERVO";"SAN ANDRES DE CUTERVO";"GOBIERNO REGIONAL";"I-3";"00005034";"SAN ANDRES";"NE_0001";"";"NE_0001";"NE_0001";"NE_0001";"NE_0001";"NE_0001";"NE_0001";"NE_0001"
"2023";"02";"060608";"CAJAMARCA";"CUTERVO";"SAN ANDRES DE CUTERVO";"GOBIERNO REGIONAL";"I-1";"00005035";"LA FLOR";"NE_0001";"";"NE_0001";"NE_0001";"NE_0001";"NE_0001";"NE_0001";"NE_0001";"NE_0001"
"2023";"02";"240201";"TUMBES";"CONTRALMIRANTE VILLAR";"ZORRITOS";"GOBIERNO REGIONAL";"I-1";"00001904";"BOCAPAN.";"NE_0001";"";"NE_0001";"NE_0001";"NE_0001";"NE_0001";"NE_0001";"NE_0001";"NE_0001"
"2023";"02";"240201";"TUMBES";"CONTRALMIRANTE VILLAR";"ZORRITOS";"GOBIERNO REGIONAL";"I-1";"00001901";"GRAU";"NE_0001";"";"NE_0001";"NE_0001";"NE_0001";"NE_0001";"NE_0001";"NE_0001";"NE_0001"
"2023";"02";"240201";"TUMBES";"CONTRALMIRANTE VILLAR";"ZORRITOS";"GOBIERNO REGIONAL";"I-2";"00001903";"ACAPULCO.";"NE_0001";"";"NE_0001";"NE_0001";"NE_0001";"NE_0001";"NE_0001";"NE_0001";"NE_0001"
"2023";"02";"240105";"TUMBES";"TUMBES";"SAN JACINTO";"GOBIERNO REGIONAL";"I-1";"00001907";"CAPITAN HOYLE  *";"NE_0001";"";"NE_0001";"NE_0001";"NE_0001";"NE_0001";"NE_0001";"NE_0001";"NE_0001"
"2023";"02";"240202";"TUMBES";"CONTRALMIRANTE VILLAR";"CASITAS";"GOBIERNO REGIONAL";"I-3";"00001897";"CAÑAVERAL";"NE_0001";"";"NE_0001";"NE_0001";"NE_0001";"NE_0001";"NE_0001";"NE_0001";"NE_0001"
"2023";"02";"240202";"TUMBES";"CONTRALMIRANTE VILLAR";"CASITAS";"GOBIERNO REGIONAL";"I-1";"00001898";"TRIGAL";"NE_0001";"";"NE_0001";"NE_0001";"NE_0001";"NE_0001";"NE_0001";"NE_0001";"NE_0001"
"2023";"02";"240202";"TUMBES";"CONTRALMIRANTE VILLAR";"CASITAS";"GOBIERNO REGIONAL";"I-2";"00001899";"LA CHOZA";"NE_0001";"";"NE_0001";"NE_0001";"NE_0001";"NE_0001";"NE_0001";"NE_0001";"NE_0001"
"2023";"02";"240203";"TUMBES";"CONTRALMIRANTE VILLAR";"CANOAS DE PUNTA SAL";"GOBIERNO REGIONAL";"I-1";"00001905";"BARRANCOS.";"NE_0001";"";"NE_0001";"NE_0001";"NE_0001";"NE_0001";"NE_0001";"NE_0001";"NE_0001"
"2023";"01";"080101";"CUSCO";"CUSCO";"CUSCO";"PRIVADO";"II-E";"00016541";"HOGAR CLINICA SAN JUAN DE DIOS-CUSCO";"240000";"HOSPITALIZACIÓN";"44";"52";"465";"3";"15";"465";"0"
"2023";"01";"090206";"HUANCAVELICA";"ACOBAMBA";"PAUCARA";"GOBIERNO REGIONAL";"I-4";"00003930";"CENTRO DE SALUD PAUCARA";"241600";"HOSPITALIZACIÓN QUIRÚRGICA OBSTETRICIA   ";"13";"13";"51";"13";"24";"744";"0"
"2023";"01";"120302";"JUNIN";"CHANCHAMAYO";"PERENE";"GOBIERNO REGIONAL";"I-1";"00000338";"SAN CRISTOBAL";"NE_0001";"";"NE_0001";"NE_0001";"NE_0001";"NE_0001";"NE_0001";"NE_0001";"NE_0001"
"2023";"01";"150135";"LIMA";"LIMA";"SAN MARTIN DE PORRES";"PRIVADO";"II-1";"00011241";"CLINICA SAN VICENTE S.A.";"240000";"HOSPITALIZACIÓN";"10";"10";"30";"28";"22";"682";"0"
"2023";"01";"150605";"LIMA";"HUARAL";"CHANCAY";"GOBIERNO REGIONAL";"II-2";"00007638";"HOSPITAL DE CHANCAY Y SBS Dr. HIDALGO ATOCHE L¿PEZ";"240100";"HOSPITALIZACIÓN QUIRÚRGICA CIRUGÍA GENERAL ";"54";"55";"163";"163";"8";"248";"0"
"2023";"01";"150605";"LIMA";"HUARAL";"CHANCAY";"GOBIERNO REGIONAL";"II-2";"00007638";"HOSPITAL DE CHANCAY Y SBS Dr. HIDALGO ATOCHE L¿PEZ";"241200";"HOSPITALIZACIÓN QUIRÚRGICA TRAUMATOLOGÍA Y ORTOPEDIA ";"21";"28";"172";"172";"5";"172";"0"
"2023";"01";"150605";"LIMA";"HUARAL";"CHANCAY";"GOBIERNO REGIONAL";"II-2";"00007638";"HOSPITAL DE CHANCAY Y SBS Dr. HIDALGO ATOCHE L¿PEZ";"241500";"HOSPITALIZACIÓN QUIRÚRGICA GINECOLOGÍA  ";"10";"10";"30";"30";"8";"248";"0"
"2023";"01";"150605";"LIMA";"HUARAL";"CHANCAY";"GOBIERNO REGIONAL";"II-2";"00007638";"HOSPITAL DE CHANCAY Y SBS Dr. HIDALGO ATOCHE L¿PEZ";"241600";"HOSPITALIZACIÓN QUIRÚRGICA OBSTETRICIA   ";"120";"127";"253";"253";"13";"403";"0"
"2023";"01";"150605";"LIMA";"HUARAL";"CHANCAY";"GOBIERNO REGIONAL";"II-2";"00007638";"HOSPITAL DE CHANCAY Y SBS Dr. HIDALGO ATOCHE L¿PEZ";"241800";"HOSPITALIZACIÓN DE MEDICINA MEDICINA GENERAL ";"36";"51";"343";"343";"22";"682";"3"
"2023";"01";"150605";"LIMA";"HUARAL";"CHANCAY";"GOBIERNO REGIONAL";"II-2";"00007638";"HOSPITAL DE CHANCAY Y SBS Dr. HIDALGO ATOCHE L¿PEZ";"242500";"HOSPITALIZACIÓN-PEDIATRÍA GENERAL-";"24";"25";"83";"83";"7";"217";"0"
"2023";"01";"150605";"LIMA";"HUARAL";"CHANCAY";"GOBIERNO REGIONAL";"II-2";"00007638";"HOSPITAL DE CHANCAY Y SBS Dr. HIDALGO ATOCHE L¿PEZ";"243200";"HOSPITALIZACIÓN DE PEDIATRÍA PEDIATRIA NEONATOLOGÍA";"7";"10";"64";"64";"5";"155";"0"
"2023";"01";"150605";"LIMA";"HUARAL";"CHANCAY";"GOBIERNO REGIONAL";"II-2";"00007638";"HOSPITAL DE CHANCAY Y SBS Dr. HIDALGO ATOCHE L¿PEZ";"250103";"UNIDAD DE CUIDADOS CRITICOS UNIDAD  DE CUIDADOS INTENSIVOS GENERALES  (UCI) MEDICINA";"3";"5";"54";"54";"4";"124";"2"
"2023";"01";"220904";"SAN MARTIN";"SAN MARTIN";"CHAZUTA";"GOBIERNO REGIONAL";"I-1";"00006425";"AGUANO MUYUNA";"NE_0001";"";"NE_0001";"NE_0001";"NE_0001";"NE_0001";"NE_0001";"NE_0001";"NE_0001"
"2023";"01";"220904";"SAN MARTIN";"SAN MARTIN";"CHAZUTA";"GOBIERNO REGIONAL";"I-4";"00006423";"CHAZUTA";"241600";"HOSPITALIZACIÓN QUIRÚRGICA OBSTETRICIA   ";"10";"10";"10";"10";"5";"155";"0"
"2023";"01";"220904";"SAN MARTIN";"SAN MARTIN";"CHAZUTA";"GOBIERNO REGIONAL";"I-4";"00006423";"CHAZUTA";"241800";"HOSPITALIZACIÓN DE MEDICINA MEDICINA GENERAL ";"3";"3";"6";"6";"5";"155";"0"
"2023";"02";"220801";"SAN MARTIN";"RIOJA";"RIOJA";"PRIVADO";"II-E";"00028254";"CLINICA SINAI";"241400";"HOSPITALIZACIÓN QUIRÚRGICA GINECO - OBSTETRICIA ";"1";"1";"2";"1";"2";"8";"0"
"2023";"02";"220801";"SAN MARTIN";"RIOJA";"RIOJA";"PRIVADO";"II-E";"00028254";"CLINICA SINAI";"241400";"HOSPITALIZACIÓN QUIRÚRGICA GINECO - OBSTETRICIA ";"1";"1";"2";"1";"3";"8";"0"
"2023";"02";"220801";"SAN MARTIN";"RIOJA";"RIOJA";"PRIVADO";"II-E";"00028254";"CLINICA SINAI";"241400";"HOSPITALIZACIÓN QUIRÚRGICA GINECO - OBSTETRICIA ";"1";"1";"3";"1";"3";"9";"0"
"2023";"02";"220801";"SAN MARTIN";"RIOJA";"RIOJA";"PRIVADO";"II-E";"00028254";"CLINICA SINAI";"241400";"HOSPITALIZACIÓN QUIRÚRGICA GINECO - OBSTETRICIA ";"1";"1";"2";"2";"3";"7";"0"
"2023";"02";"220801";"SAN MARTIN";"RIOJA";"RIOJA";"PRIVADO";"II-E";"00028254";"CLINICA SINAI";"241400";"HOSPITALIZACIÓN QUIRÚRGICA GINECO - OBSTETRICIA ";"1";"1";"3";"2";"4";"8";"0"
"2023";"02";"220801";"SAN MARTIN";"RIOJA";"RIOJA";"PRIVADO";"II-E";"00028254";"CLINICA SINAI";"241400";"HOSPITALIZACIÓN QUIRÚRGICA GINECO - OBSTETRICIA ";"1";"1";"2";"1";"3";"9";"0"
"2023";"02";"220801";"SAN MARTIN";"RIOJA";"RIOJA";"PRIVADO";"II-E";"00028254";"CLINICA SINAI";"241400";"HOSPITALIZACIÓN QUIRÚRGICA GINECO - OBSTETRICIA ";"1";"1";"3";"2";"2";"8";"0"
"2023";"02";"220801";"SAN MARTIN";"RIOJA";"RIOJA";"PRIVADO";"II-E";"00028254";"CLINICA SINAI";"241400";"HOSPITALIZACIÓN QUIRÚRGICA GINECO - OBSTETRICIA ";"1";"1";"2";"1";"2";"9";"0"
"2023";"02";"220801";"SAN MARTIN";"RIOJA";"RIOJA";"PRIVADO";"II-E";"00028254";"CLINICA SINAI";"241400";"HOSPITALIZACIÓN QUIRÚRGICA GINECO - OBSTETRICIA ";"1";"1";"3";"2";"2";"8";"0"
"2023";"02";"220801";"SAN MARTIN";"RIOJA";"RIOJA";"PRIVADO";"II-E";"00028254";"CLINICA SINAI";"241400";"HOSPITALIZACIÓN QUIRÚRGICA GINECO - OBSTETRICIA ";"1";"1";"4";"1";"2";"8";"0"
"2023";"02";"220801";"SAN MARTIN";"RIOJA";"RIOJA";"PRIVADO";"II-E";"00028254";"CLINICA SINAI";"240100";"HOSPITALIZACIÓN QUIRÚRGICA CIRUGÍA GENERAL ";"1";"1";"2";"2";"3";"6";"0"
"2023";"02";"220801";"SAN MARTIN";"RIOJA";"RIOJA";"PRIVADO";"II-E";"00028254";"CLINICA SINAI";"240100";"HOSPITALIZACIÓN QUIRÚRGICA CIRUGÍA GENERAL ";"1";"1";"3";"1";"3";"9";"0"
"2023";"02";"220801";"SAN MARTIN";"RIOJA";"RIOJA";"PRIVADO";"II-E";"00028254";"CLINICA SINAI";"240100";"HOSPITALIZACIÓN QUIRÚRGICA CIRUGÍA GENERAL ";"1";"1";"4";"2";"3";"7";"0"
"2023";"02";"220801";"SAN MARTIN";"RIOJA";"RIOJA";"PRIVADO";"II-E";"00028254";"CLINICA SINAI";"240100";"HOSPITALIZACIÓN QUIRÚRGICA CIRUGÍA GENERAL ";"1";"1";"3";"1";"2";"9";"0"
"2023";"02";"220801";"SAN MARTIN";"RIOJA";"RIOJA";"PRIVADO";"II-E";"00028254";"CLINICA SINAI";"240100";"HOSPITALIZACIÓN QUIRÚRGICA CIRUGÍA GENERAL ";"1";"1";"2";"1";"3";"8";"0"
"2023";"02";"220801";"SAN MARTIN";"RIOJA";"RIOJA";"PRIVADO";"II-E";"00028254";"CLINICA SINAI";"240100";"HOSPITALIZACIÓN QUIRÚRGICA CIRUGÍA GENERAL ";"1";"1";"3";"1";"1";"6";"0"
"2023";"02";"220801";"SAN MARTIN";"RIOJA";"RIOJA";"PRIVADO";"II-E";"00028254";"CLINICA SINAI";"240100";"HOSPITALIZACIÓN QUIRÚRGICA CIRUGÍA GENERAL ";"1";"1";"3";"1";"1";"8";"0"
"2023";"02";"220101";"SAN MARTIN";"MOYOBAMBA";"MOYOBAMBA";"GOBIERNO REGIONAL";"I-1";"00006321";"LOS ANGELES";"NE_0001";"";"NE_0001";"NE_0001";"NE_0001";"NE_0001";"NE_0001";"NE_0001";"NE_0001"
"2023";"02";"220101";"SAN MARTIN";"MOYOBAMBA";"MOYOBAMBA";"GOBIERNO REGIONAL";"I-1";"00006320";"CAÑABRAVA";"NE_0001";"";"NE_0001";"NE_0001";"NE_0001";"NE_0001";"NE_0001";"NE_0001";"NE_0001"
"2023";"02";"220101";"SAN MARTIN";"MOYOBAMBA";"MOYOBAMBA";"GOBIERNO REGIONAL";"I-1";"00006319";"BUENOS AIRES";"NE_0001";"";"NE_0001";"NE_0001";"NE_0001";"NE_0001";"NE_0001";"NE_0001";"NE_0001"
"2023";"02";"220106";"SAN MARTIN";"MOYOBAMBA";"YANTALO";"GOBIERNO REGIONAL";"I-3";"00006318";"YANTALO";"241600";"HOSPITALIZACIÓN QUIRÚRGICA OBSTETRICIA   ";"1";"1";"1";"1";"1";"2";"0"
"2023";"02";"040101";"AREQUIPA";"AREQUIPA";"AREQUIPA";"PRIVADO";"I-4";"00014765";"CENTRO MEDICO MONTE CARMELO";"240000";"HOSPITALIZACIÓN";"5";"5";"22";"22";"10";"280";"0"
"2023";"02";"150140";"LIMA";"LIMA";"SANTIAGO DE SURCO";"PRIVADO";"II-E";"00023741";"CLINICA OFTALMO VISSUM";"NE_0001";"";"NE_0001";"NE_0001";"NE_0001";"NE_0001";"NE_0001";"NE_0001";"NE_0001"
"2023";"02";"040608";"AREQUIPA";"CONDESUYOS";"YANAQUIHUA";"GOBIERNO REGIONAL";"I-2";"00001414";"PUESTO DE SALUD ISPACAS";"NE_0001";"";"NE_0001";"NE_0001";"NE_0001";"NE_0001";"NE_0001";"NE_0001";"NE_0001"
"2023";"02";"040605";"AREQUIPA";"CONDESUYOS";"IRAY";"GOBIERNO REGIONAL";"I-2";"00001409";"IRAY";"NE_0001";"";"NE_0001";"NE_0001";"NE_0001";"NE_0001";"NE_0001";"NE_0001";"NE_0001"
"2023";"02";"040607";"AREQUIPA";"CONDESUYOS";"SALAMANCA";"GOBIERNO REGIONAL";"I-1";"00001413";"PUESTO DE SALUD PUCUNCHO";"NE_0001";"";"NE_0001";"NE_0001";"NE_0001";"NE_0001";"NE_0001";"NE_0001";"NE_0001"
"2023";"02";"040604";"AREQUIPA";"CONDESUYOS";"CHICHAS";"GOBIERNO REGIONAL";"I-2";"00001410";"PUESTO DE SALUD CHICHAS";"NE_0001";"";"NE_0001";"NE_0001";"NE_0001";"NE_0001";"NE_0001";"NE_0001";"NE_0001"
"2023";"02";"040604";"AREQUIPA";"CONDESUYOS";"CHICHAS";"GOBIERNO REGIONAL";"I-2";"00001411";"PUESTO DE SALUD YACHANGUILLO";"NE_0001";"";"NE_0001";"NE_0001";"NE_0001";"NE_0001";"NE_0001";"NE_0001";"NE_0001"
"2023";"02";"040604";"AREQUIPA";"CONDESUYOS";"CHICHAS";"GOBIERNO REGIONAL";"I-1";"00001416";"YANQUE";"NE_0001";"";"NE_0001";"NE_0001";"NE_0001";"NE_0001";"NE_0001";"NE_0001";"NE_0001"
"2023";"02";"040607";"AREQUIPA";"CONDESUYOS";"SALAMANCA";"GOBIERNO REGIONAL";"I-2";"00001412";"PUESTO DE SALUD SALAMANCA";"NE_0001";"";"NE_0001";"NE_0001";"NE_0001";"NE_0001";"NE_0001";"NE_0001";"NE_0001"
"2023";"02";"040601";"AREQUIPA";"CONDESUYOS";"CHUQUIBAMBA";"GOBIERNO REGIONAL";"I-4";"00001388";"CENTRO DE SALUD CHUQUIBAMBA";"241600";"HOSPITALIZACIÓN QUIRÚRGICA OBSTETRICIA   ";"2";"2";"2";"3";"3";"81";"0"
"2023";"02";"040608";"AREQUIPA";"CONDESUYOS";"YANAQUIHUA";"GOBIERNO REGIONAL";"I-3";"00001389";"CENTRO DE SALUD YANAQUIHUA";"NE_0001";"";"NE_0001";"NE_0001";"NE_0001";"NE_0001";"NE_0001";"NE_0001";"NE_0001"
"2023";"02";"040602";"AREQUIPA";"CONDESUYOS";"ANDARAY";"GOBIERNO REGIONAL";"I-2";"00001415";"PUESTO DE SALUD ANDARAY";"NE_0001";"";"NE_0001";"NE_0001";"NE_0001";"NE_0001";"NE_0001";"NE_0001";"NE_0001"
"2023";"03";"060807";"CAJAMARCA";"JAEN";"POMAHUACA";"GOBIERNO REGIONAL";"I-2";"00004248";"PALO BLANCO";"NE_0002";"";"NE_0002";"NE_0002";"NE_0002";"NE_0002";"NE_0002";"NE_0002";"NE_0002"
"2023";"03";"060804";"CAJAMARCA";"JAEN";"COLASAY";"GOBIERNO REGIONAL";"I-1";"00031333";"CHUNCHUCA";"NE_0002";"";"NE_0002";"NE_0002";"NE_0002";"NE_0002";"NE_0002";"NE_0002";"NE_0002"
"2023";"03";"060804";"CAJAMARCA";"JAEN";"COLASAY";"GOBIERNO REGIONAL";"I-1";"00007171";"LOS CEDROS DE COLASAY";"NE_0002";"";"NE_0002";"NE_0002";"NE_0002";"NE_0002";"NE_0002";"NE_0002";"NE_0002"
"2023";"03";"060804";"CAJAMARCA";"JAEN";"COLASAY";"GOBIERNO REGIONAL";"I-3";"00004237";"CHUNCHUQUILLO";"NE_0001";"";"NE_0001";"NE_0001";"NE_0001";"NE_0001";"NE_0001";"NE_0001";"NE_0001"
"2023";"03";"060804";"CAJAMARCA";"JAEN";"COLASAY";"GOBIERNO REGIONAL";"I-2";"00004238";"SAN LORENZO DE BARBASCO";"NE_0001";"";"NE_0001";"NE_0001";"NE_0001";"NE_0001";"NE_0001";"NE_0001";"NE_0001"
"2023";"03";"060807";"CAJAMARCA";"JAEN";"POMAHUACA";"GOBIERNO REGIONAL";"I-1";"00007122";"TAMBILLO";"NE_0002";"";"NE_0002";"NE_0002";"NE_0002";"NE_0002";"NE_0002";"NE_0002";"NE_0002"
"2023";"03";"150111";"LIMA";"LIMA";"EL AGUSTINO";"MINSA";"III-1";"00005946";"HOSPITAL NACIONAL HIPOLITO UNANUE";"240100";"HOSPITALIZACIÓN QUIRÚRGICA CIRUGÍA GENERAL ";"246";"221";"1808";"1719";"65";"2015";"4"
"2023";"03";"150111";"LIMA";"LIMA";"EL AGUSTINO";"MINSA";"III-1";"00005946";"HOSPITAL NACIONAL HIPOLITO UNANUE";"241800";"HOSPITALIZACIÓN DE MEDICINA MEDICINA GENERAL ";"165";"232";"2525";"2374";"80";"2480";"43"
"2023";"03";"150111";"LIMA";"LIMA";"EL AGUSTINO";"MINSA";"III-1";"00005946";"HOSPITAL NACIONAL HIPOLITO UNANUE";"240300";"HOSPITALIZACIÓN QUIRÚRGICA CIRUGÍA DIGESTIVA ";"93";"56";"397";"645";"25";"775";"2"
"2023";"03";"150111";"LIMA";"LIMA";"EL AGUSTINO";"MINSA";"III-1";"00005946";"HOSPITAL NACIONAL HIPOLITO UNANUE";"240700";"HOSPITALIZACIÓN QUIRÚRGICA CIRUGÍA PEDIÁTRICA ";"32";"34";"131";"143";"10";"310";"0"
"2023";"03";"150111";"LIMA";"LIMA";"EL AGUSTINO";"MINSA";"III-1";"00005946";"HOSPITAL NACIONAL HIPOLITO UNANUE";"241600";"HOSPITALIZACIÓN QUIRÚRGICA OBSTETRICIA   ";"393";"470";"1117";"581";"47";"1457";"0"
"2023";"03";"150111";"LIMA";"LIMA";"EL AGUSTINO";"MINSA";"III-1";"00005946";"HOSPITAL NACIONAL HIPOLITO UNANUE";"241100";"HOSPITALIZACIÓN QUIRÚRGICA OTORRINOLARINGOLOGÍA  ";"29";"24";"91";"93";"3";"93";"0"
"2023";"03";"150111";"LIMA";"LIMA";"EL AGUSTINO";"MINSA";"III-1";"00005946";"HOSPITAL NACIONAL HIPOLITO UNANUE";"240800";"HOSPITALIZACIÓN QUIRÚRGICA CIRUGÍA PLÁSTICA/RECONSTRUCTIVA/ REPARADORA ";"16";"20";"425";"364";"13";"403";"0"
"2023";"03";"150111";"LIMA";"LIMA";"EL AGUSTINO";"MINSA";"III-1";"00005946";"HOSPITAL NACIONAL HIPOLITO UNANUE";"240200";"HOSPITALIZACIÓN QUIRÚRGICA CIRUGÍA DE CABEZA Y CUELLO / MÁXILO FACIAL ";"31";"25";"244";"376";"13";"403";"0"
"2023";"03";"150111";"LIMA";"LIMA";"EL AGUSTINO";"MINSA";"III-1";"00005946";"HOSPITAL NACIONAL HIPOLITO UNANUE";"241500";"HOSPITALIZACIÓN QUIRÚRGICA GINECOLOGÍA  ";"162";"85";"398";"624";"44";"1364";"0"
"2023";"03";"150111";"LIMA";"LIMA";"EL AGUSTINO";"MINSA";"III-1";"00005946";"HOSPITAL NACIONAL HIPOLITO UNANUE";"242500";"HOSPITALIZACIÓN-PEDIATRÍA GENERAL-";"72";"63";"426";"407";"34";"1054";"0"
"2023";"03";"150111";"LIMA";"LIMA";"EL AGUSTINO";"MINSA";"III-1";"00005946";"HOSPITAL NACIONAL HIPOLITO UNANUE";"242200";"HOSPITALIZACIÓN DE MEDICINA PSIQUIATRÍA ";"7";"6";"29";"25";"2";"62";"0"
"2023";"03";"150111";"LIMA";"LIMA";"EL AGUSTINO";"MINSA";"III-1";"00005946";"HOSPITAL NACIONAL HIPOLITO UNANUE";"241300";"HOSPITALIZACIÓN QUIRÚRGICA UROLOGÍA  ";"26";"27";"357";"365";"12";"372";"0"
"2023";"03";"150111";"LIMA";"LIMA";"EL AGUSTINO";"MINSA";"III-1";"00005946";"HOSPITAL NACIONAL HIPOLITO UNANUE";"243200";"HOSPITALIZACIÓN DE PEDIATRÍA PEDIATRIA NEONATOLOGÍA";"127";"93";"1013";"1187";"50";"1550";"4"
"2023";"03";"150111";"LIMA";"LIMA";"EL AGUSTINO";"MINSA";"III-1";"00005946";"HOSPITAL NACIONAL HIPOLITO UNANUE";"242000";"HOSPITALIZACIÓN DE MEDICINA MEDICINA TROPICAL E INFECCIOSAS ";"15";"14";"249";"384";"13";"403";"2"
"2023";"03";"150111";"LIMA";"LIMA";"EL AGUSTINO";"MINSA";"III-1";"00005946";"HOSPITAL NACIONAL HIPOLITO UNANUE";"250100";"UNIDAD DE CUIDADOS CRITICOS UNIDAD  DE CUIDADOS INTENSIVOS GENERALES (UCI) ";"18";"10";"236";"478";"16";"496";"10"
"2023";"03";"150111";"LIMA";"LIMA";"EL AGUSTINO";"MINSA";"III-1";"00005946";"HOSPITAL NACIONAL HIPOLITO UNANUE";"240600";"HOSPITALIZACIÓN QUIRÚRGICA CIRUGÍA OFTALMOLÓGICA ";"6";"4";"24";"27";"1";"31";"0"
"2023";"03";"150111";"LIMA";"LIMA";"EL AGUSTINO";"MINSA";"III-1";"00005946";"HOSPITAL NACIONAL HIPOLITO UNANUE";"240900";"HOSPITALIZACIÓN QUIRÚRGICA NEUROCIRUGÍA ";"9";"22";"568";"453";"16";"496";"1"
"2023";"03";"080104";"CUSCO";"CUSCO";"SAN JERONIMO";"GOBIERNO REGIONAL";"0";"00030727";"PATRÓN SAN SEBASTIAN";"NE_0001";"";"NE_0001";"NE_0001";"NE_0001";"NE_0001";"NE_0001";"NE_0001";"NE_0001"
"2023";"03";"220101";"SAN MARTIN";"MOYOBAMBA";"MOYOBAMBA";"GOBIERNO REGIONAL";"I-1";"00006324";"SHIMPIYACU";"NE_0001";"";"NE_0001";"NE_0001";"NE_0001";"NE_0001";"NE_0001";"NE_0001";"NE_0001"
"2023";"03";"220101";"SAN MARTIN";"MOYOBAMBA";"MOYOBAMBA";"GOBIERNO REGIONAL";"I-1";"00006325";"NUEVA HUANCABAMBA";"NE_0001";"";"NE_0001";"NE_0001";"NE_0001";"NE_0001";"NE_0001";"NE_0001";"NE_0001"
"2023";"03";"220909";"SAN MARTIN";"SAN MARTIN";"LA BANDA DE SHILCAYO";"GOBIERNO REGIONAL";"I-1";"00006365";"PUESTO DE SALUD BELLO HORIZONTE";"NE_0001";"";"NE_0001";"NE_0001";"NE_0001";"NE_0001";"NE_0001";"NE_0001";"NE_0001"
"2023";"03";"220909";"SAN MARTIN";"SAN MARTIN";"LA BANDA DE SHILCAYO";"GOBIERNO REGIONAL";"I-1";"00006367";"LA UNION (SANIRARCA)";"NE_0001";"";"NE_0001";"NE_0001";"NE_0001";"NE_0001";"NE_0001";"NE_0001";"NE_0001"
"2023";"03";"220909";"SAN MARTIN";"SAN MARTIN";"LA BANDA DE SHILCAYO";"GOBIERNO REGIONAL";"I-1";"00006368";"PROGRESO KM.30";"NE_0001";"";"NE_0001";"NE_0001";"NE_0001";"NE_0001";"NE_0001";"NE_0001";"NE_0001"
"2023";"03";"220909";"SAN MARTIN";"SAN MARTIN";"LA BANDA DE SHILCAYO";"GOBIERNO REGIONAL";"I-1";"00006369";"SAN JOSE KM.34";"NE_0001";"";"NE_0001";"NE_0001";"NE_0001";"NE_0001";"NE_0001";"NE_0001";"NE_0001"
"2023";"03";"220909";"SAN MARTIN";"SAN MARTIN";"LA BANDA DE SHILCAYO";"GOBIERNO REGIONAL";"I-3";"00026698";"CENTRO DE SALUD MENTAL COMUNITARIO ""LA BANDA DE SHILCAYO""";"NE_0001";"";"NE_0001";"NE_0001";"NE_0001";"NE_0001";"NE_0001";"NE_0001";"NE_0001"
"2023";"03";"220912";"SAN MARTIN";"SAN MARTIN";"SAN ANTONIO";"GOBIERNO REGIONAL";"I-3";"00006384";"SAN ANTONIO DE CUMBAZA";"NE_0001";"";"NE_0001";"NE_0001";"NE_0001";"NE_0001";"NE_0001";"NE_0001";"NE_0001"
"2023";"03";"220903";"SAN MARTIN";"SAN MARTIN";"CACATACHI";"GOBIERNO REGIONAL";"I-3";"00006395";"CACATACHI";"NE_0001";"";"NE_0001";"NE_0001";"NE_0001";"NE_0001";"NE_0001";"NE_0001";"NE_0001"
"2023";"03";"220912";"SAN MARTIN";"SAN MARTIN";"SAN ANTONIO";"GOBIERNO REGIONAL";"I-1";"00006385";"SAN PEDRO DE CUMBAZA";"NE_0001";"";"NE_0001";"NE_0001";"NE_0001";"NE_0001";"NE_0001";"NE_0001";"NE_0001"
"2023";"03";"040704";"AREQUIPA";"ISLAY";"ISLAY";"ESSALUD";"I-2";"00012192";"POSTA MEDICA MATARANI";"NE_0002";"";"NE_0002";"NE_0002";"NE_0002";"NE_0002";"NE_0002";"NE_0002";"NE_0002"
"2023";"03";"220912";"SAN MARTIN";"SAN MARTIN";"SAN ANTONIO";"GOBIERNO REGIONAL";"I-3";"00006384";"SAN ANTONIO DE CUMBAZA";"NE_0001";"";"NE_0001";"NE_0001";"NE_0001";"NE_0001";"NE_0001";"NE_0001";"NE_0001"
"2023";"03";"220903";"SAN MARTIN";"SAN MARTIN";"CACATACHI";"GOBIERNO REGIONAL";"I-3";"00006395";"CACATACHI";"NE_0001";"";"NE_0001";"NE_0001";"NE_0001";"NE_0001";"NE_0001";"NE_0001";"NE_0001"
"2023";"03";"220910";"SAN MARTIN";"SAN MARTIN";"MORALES";"GOBIERNO REGIONAL";"I-4";"00006361";"MORALES";"241400";"HOSPITALIZACIÓN QUIRÚRGICA GINECO - OBSTETRICIA ";"38";"38";"38";"38";"12";"372";"0"
"2023";"03";"040401";"AREQUIPA";"CASTILLA";"APLAO";"GOBIERNO REGIONAL";"I-3";"00024409";"CENTRO DE SALUD MENTAL COMUNITARIO LA REAL C.C.U.";"NE_0001";"";"NE_0001";"NE_0001";"NE_0001";"NE_0001";"NE_0001";"NE_0001";"NE_0001"
"2023";"03";"060601";"CAJAMARCA";"CUTERVO";"CUTERVO";"GOBIERNO REGIONAL";"I-1";"00006850";"CONDAY";"NE_0001";"";"NE_0001";"NE_0001";"NE_0001";"NE_0001";"NE_0001";"NE_0001";"NE_0001"
"2023";"03";"060601";"CAJAMARCA";"CUTERVO";"CUTERVO";"GOBIERNO REGIONAL";"I-1";"00007178";"RAYME";"NE_0001";"";"NE_0001";"NE_0001";"NE_0001";"NE_0001";"NE_0001";"NE_0001";"NE_0001"
"2023";"03";"060601";"CAJAMARCA";"CUTERVO";"CUTERVO";"GOBIERNO REGIONAL";"I-1";"00004996";"RAMBRAN";"NE_0001";"";"NE_0001";"NE_0001";"NE_0001";"NE_0001";"NE_0001";"NE_0001";"NE_0001"
"2023";"03";"060601";"CAJAMARCA";"CUTERVO";"CUTERVO";"GOBIERNO REGIONAL";"I-1";"00006856";"CHACAF";"NE_0001";"";"NE_0001";"NE_0001";"NE_0001";"NE_0001";"NE_0001";"NE_0001";"NE_0001"
"2023";"02";"060607";"CAJAMARCA";"CUTERVO";"QUEROCOTILLO";"GOBIERNO REGIONAL";"I-1";"00007099";"AGUA BLANCA";"NE_0001";"";"NE_0001";"NE_0001";"NE_0001";"NE_0001";"NE_0001";"NE_0001";"NE_0001"
"2023";"02";"060607";"CAJAMARCA";"CUTERVO";"QUEROCOTILLO";"GOBIERNO REGIONAL";"I-1";"00007365";"MINAS DE QUEROCOTILLO";"NE_0001";"";"NE_0001";"NE_0001";"NE_0001";"NE_0001";"NE_0001";"NE_0001";"NE_0001"
"2023";"02";"150101";"LIMA";"LIMA";"LIMA";"PRIVADO";"I-2";"00018921";"ARIE";"NE_0002";"";"NE_0002";"NE_0002";"NE_0002";"NE_0002";"NE_0002";"NE_0002";"NE_0002"
"2023";"02";"050202";"AYACUCHO";"CANGALLO";"CHUSCHI";"GOBIERNO REGIONAL";"I-1";"00006753";"PUESTO DE SALUD CUCHUQUESERA";"NE_0002";"";"NE_0002";"NE_0002";"NE_0002";"NE_0002";"NE_0002";"NE_0002";"NE_0002"
"2023";"02";"050114";"AYACUCHO";"HUAMANGA";"VINCHOS";"GOBIERNO REGIONAL";"I-1";"00003589";"PUESTO DE SALUD MILLPO";"NE_0002";"";"NE_0002";"NE_0002";"NE_0002";"NE_0002";"NE_0002";"NE_0002";"NE_0002"
"2023";"02";"080804";"CUSCO";"ESPINAR";"OCORURO";"GOBIERNO REGIONAL";"I-2";"00002415";"OCCORURO";"NE_0001";"";"NE_0001";"NE_0001";"NE_0001";"NE_0001";"NE_0001";"NE_0001";"NE_0001"
"2023";"02";"080806";"CUSCO";"ESPINAR";"PICHIGUA";"GOBIERNO REGIONAL";"I-2";"00002417";"PICHIGUA ESPINAR";"NE_0001";"";"NE_0001";"NE_0001";"NE_0001";"NE_0001";"NE_0001";"NE_0001";"NE_0001"
"2023";"02";"080802";"CUSCO";"ESPINAR";"CONDOROMA";"GOBIERNO REGIONAL";"I-1";"00002411";"CONDOROMA";"NE_0001";"";"NE_0001";"NE_0001";"NE_0001";"NE_0001";"NE_0001";"NE_0001";"NE_0001"
"2023";"02";"080807";"CUSCO";"ESPINAR";"SUYCKUTAMBO";"GOBIERNO REGIONAL";"I-2";"00002419";"SUYKUTAMBO";"NE_0001";"";"NE_0001";"NE_0001";"NE_0001";"NE_0001";"NE_0001";"NE_0001";"NE_0001"
"2023";"02";"080803";"CUSCO";"ESPINAR";"COPORAQUE";"GOBIERNO REGIONAL";"I-2";"00002413";"URINSAYA";"NE_0001";"";"NE_0001";"NE_0001";"NE_0001";"NE_0001";"NE_0001";"NE_0001";"NE_0001"
"2023";"02";"080803";"CUSCO";"ESPINAR";"COPORAQUE";"GOBIERNO REGIONAL";"I-2";"00002414";"HUAYHUAHUASI";"NE_0001";"";"NE_0001";"NE_0001";"NE_0001";"NE_0001";"NE_0001";"NE_0001";"NE_0001"
"2023";"02";"160201";"LORETO";"ALTO AMAZONAS";"YURIMAGUAS";"GOBIERNO REGIONAL";"II-2";"00000210";"HOSPITAL II-2 SANTA GEMA DE YURIMAGUAS";"241900";"HOSPITALIZACIÓN DE MEDICINA MEDICINA INTERNA ";"74";"84";"363";"363";"19";"532";"4"
"2023";"02";"160201";"LORETO";"ALTO AMAZONAS";"YURIMAGUAS";"GOBIERNO REGIONAL";"II-2";"00000210";"HOSPITAL II-2 SANTA GEMA DE YURIMAGUAS";"242500";"HOSPITALIZACIÓN-PEDIATRÍA GENERAL-";"56";"63";"223";"223";"8";"224";"1"
"2023";"02";"160201";"LORETO";"ALTO AMAZONAS";"YURIMAGUAS";"GOBIERNO REGIONAL";"II-2";"00000210";"HOSPITAL II-2 SANTA GEMA DE YURIMAGUAS";"243200";"HOSPITALIZACIÓN DE PEDIATRÍA PEDIATRIA NEONATOLOGÍA";"11";"14";"68";"68";"8";"224";"0"
"2023";"02";"160201";"LORETO";"ALTO AMAZONAS";"YURIMAGUAS";"GOBIERNO REGIONAL";"II-2";"00000210";"HOSPITAL II-2 SANTA GEMA DE YURIMAGUAS";"250304";"HOSPIT. EN UNIDAD DE CUID.INTEN.-UNIDAD DE VIGILANCIA INTENSIVA (UVI)-MEDICINA";"2";"4";"39";"39";"7";"196";"0"
"2023";"03";"220901";"SAN MARTIN";"SAN MARTIN";"TARAPOTO";"SANIDAD DE LA POLICIA NACIONAL DEL PERU";"I-3";"00020827";"POLICLINICO  PNP TARAPOTO";"NE_0001";"";"NE_0001";"NE_0001";"NE_0001";"NE_0001";"NE_0001";"NE_0001";"NE_0001"
"2023";"03";"150120";"LIMA";"LIMA";"MAGDALENA DEL MAR";"PRIVADO";"II-E";"00017703";"OPRECE";"NE_0001";"";"NE_0001";"NE_0001";"NE_0001";"NE_0001";"NE_0001";"NE_0001";"NE_0001"
"2023";"03";"120202";"JUNIN";"CONCEPCION";"ACO";"GOBIERNO REGIONAL";"I-1";"00000746";"QUICHA CHICO";"NE_0001";"";"NE_0001";"NE_0001";"NE_0001";"NE_0001";"NE_0001";"NE_0001";"NE_0001"
"2023";"03";"120211";"JUNIN";"CONCEPCION";"MITO";"GOBIERNO REGIONAL";"I-1";"00000748";"MITO";"NE_0001";"";"NE_0001";"NE_0001";"NE_0001";"NE_0001";"NE_0001";"NE_0001";"NE_0001"
"2023";"03";"120213";"JUNIN";"CONCEPCION";"ORCOTUNA";"GOBIERNO REGIONAL";"I-3";"00000751";"ORCOTUNA";"NE_0001";"";"NE_0001";"NE_0001";"NE_0001";"NE_0001";"NE_0001";"NE_0001";"NE_0001"
"2023";"03";"120122";"JUNIN";"HUANCAYO";"INGENIO";"GOBIERNO REGIONAL";"I-2";"00000663";"INGENIO";"NE_0001";"";"NE_0001";"NE_0001";"NE_0001";"NE_0001";"NE_0001";"NE_0001";"NE_0001"
"2023";"03";"120212";"JUNIN";"CONCEPCION";"NUEVE DE JULIO";"GOBIERNO REGIONAL";"I-1";"00000690";"NUEVE DE JULIO";"NE_0001";"";"NE_0001";"NE_0001";"NE_0001";"NE_0001";"NE_0001";"NE_0001";"NE_0001"
"2023";"03";"120202";"JUNIN";"CONCEPCION";"ACO";"GOBIERNO REGIONAL";"I-2";"00000745";"ACO";"NE_0001";"";"NE_0001";"NE_0001";"NE_0001";"NE_0001";"NE_0001";"NE_0001";"NE_0001"
"2023";"03";"120211";"JUNIN";"CONCEPCION";"MITO";"GOBIERNO REGIONAL";"I-1";"00000749";"SAN LUIS YAICO";"NE_0001";"";"NE_0001";"NE_0001";"NE_0001";"NE_0001";"NE_0001";"NE_0001";"NE_0001"
"2023";"03";"120122";"JUNIN";"HUANCAYO";"INGENIO";"GOBIERNO REGIONAL";"I-1";"00000664";"CASACANCHA";"NE_0001";"";"NE_0001";"NE_0001";"NE_0001";"NE_0001";"NE_0001";"NE_0001";"NE_0001"
"2023";"03";"120201";"JUNIN";"CONCEPCION";"CONCEPCION";"GOBIERNO REGIONAL";"I-4";"00000671";"DAVID GUERRERO DUARTE";"NE_0001";"";"NE_0001";"NE_0001";"NE_0001";"NE_0001";"NE_0001";"NE_0001";"NE_0001"
"2023";"03";"120210";"JUNIN";"CONCEPCION";"MATAHUASI";"GOBIERNO REGIONAL";"I-3";"00000687";"MATAHUASI";"NE_0001";"";"NE_0001";"NE_0001";"NE_0001";"NE_0001";"NE_0001";"NE_0001";"NE_0001"
"2023";"03";"120211";"JUNIN";"CONCEPCION";"MITO";"GOBIERNO REGIONAL";"I-1";"00000750";"MATAHULO";"NE_0001";"";"NE_0001";"NE_0001";"NE_0001";"NE_0001";"NE_0001";"NE_0001";"NE_0001"
"2023";"03";"120202";"JUNIN";"CONCEPCION";"ACO";"GOBIERNO REGIONAL";"I-1";"00000747";"QUICHA GRANDE";"NE_0001";"";"NE_0001";"NE_0001";"NE_0001";"NE_0001";"NE_0001";"NE_0001";"NE_0001"
"2023";"03";"120213";"JUNIN";"CONCEPCION";"ORCOTUNA";"GOBIERNO REGIONAL";"I-1";"00000752";"VICSO";"NE_0001";"";"NE_0001";"NE_0001";"NE_0001";"NE_0001";"NE_0001";"NE_0001";"NE_0001"
"2023";"03";"120207";"JUNIN";"CONCEPCION";"HEROINAS TOLEDO";"GOBIERNO REGIONAL";"I-1";"00000685";"HEROINAS TOLEDO";"NE_0001";"";"NE_0001";"NE_0001";"NE_0001";"NE_0001";"NE_0001";"NE_0001";"NE_0001"
"2023";"03";"120215";"JUNIN";"CONCEPCION";"SANTA ROSA DE OCOPA";"GOBIERNO REGIONAL";"I-1";"00000692";"HUANCHAR";"NE_0001";"";"NE_0001";"NE_0001";"NE_0001";"NE_0001";"NE_0001";"NE_0001";"NE_0001"
"2023";"03";"120127";"JUNIN";"HUANCAYO";"QUICHUAY";"GOBIERNO REGIONAL";"I-2";"00000665";"QUICHUAY";"NE_0001";"";"NE_0001";"NE_0001";"NE_0001";"NE_0001";"NE_0001";"NE_0001";"NE_0001"
"2023";"03";"120210";"JUNIN";"CONCEPCION";"MATAHUASI";"GOBIERNO REGIONAL";"I-1";"00000688";"MARAVILCA";"NE_0001";"";"NE_0001";"NE_0001";"NE_0001";"NE_0001";"NE_0001";"NE_0001";"NE_0001"
"2023";"03";"120210";"JUNIN";"CONCEPCION";"MATAHUASI";"GOBIERNO REGIONAL";"I-1";"00000689";"YANAMUCLO";"NE_0001";"";"NE_0001";"NE_0001";"NE_0001";"NE_0001";"NE_0001";"NE_0001";"NE_0001"
"2023";"03";"120215";"JUNIN";"CONCEPCION";"SANTA ROSA DE OCOPA";"GOBIERNO REGIONAL";"I-3";"00000691";"SANTA ROSA DE OCOPA";"NE_0001";"";"NE_0001";"NE_0001";"NE_0001";"NE_0001";"NE_0001";"NE_0001";"NE_0001"
"2023";"03";"040112";"AREQUIPA";"AREQUIPA";"PAUCARPATA";"PRIVADO";"II-E";"00016064";"CLINICA PAZ HOLANDESA";"240000";"HOSPITALIZACIÓN";"198";"259";"241";"219";"33";"990";"0"
"2023";"03";"240201";"TUMBES";"CONTRALMIRANTE VILLAR";"ZORRITOS";"GOBIERNO REGIONAL";"I-1";"00001904";"BOCAPAN.";"NE_0001";"";"NE_0001";"NE_0001";"NE_0001";"NE_0001";"NE_0001";"NE_0001";"NE_0001"
"2023";"03";"240201";"TUMBES";"CONTRALMIRANTE VILLAR";"ZORRITOS";"GOBIERNO REGIONAL";"I-1";"00001901";"GRAU";"NE_0001";"";"NE_0001";"NE_0001";"NE_0001";"NE_0001";"NE_0001";"NE_0001";"NE_0001"
"2023";"03";"240201";"TUMBES";"CONTRALMIRANTE VILLAR";"ZORRITOS";"GOBIERNO REGIONAL";"I-2";"00001903";"ACAPULCO.";"NE_0001";"";"NE_0001";"NE_0001";"NE_0001";"NE_0001";"NE_0001";"NE_0001";"NE_0001"
"2023";"03";"240105";"TUMBES";"TUMBES";"SAN JACINTO";"GOBIERNO REGIONAL";"I-1";"00001907";"CAPITAN HOYLE  *";"NE_0001";"";"NE_0001";"NE_0001";"NE_0001";"NE_0001";"NE_0001";"NE_0001";"NE_0001"
"2023";"03";"240202";"TUMBES";"CONTRALMIRANTE VILLAR";"CASITAS";"GOBIERNO REGIONAL";"I-3";"00001897";"CAÑAVERAL";"NE_0001";"";"NE_0001";"NE_0001";"NE_0001";"NE_0001";"NE_0001";"NE_0001";"NE_0001"
"2023";"03";"240202";"TUMBES";"CONTRALMIRANTE VILLAR";"CASITAS";"GOBIERNO REGIONAL";"I-1";"00001898";"TRIGAL";"NE_0001";"";"NE_0001";"NE_0001";"NE_0001";"NE_0001";"NE_0001";"NE_0001";"NE_0001"
"2023";"03";"240202";"TUMBES";"CONTRALMIRANTE VILLAR";"CASITAS";"GOBIERNO REGIONAL";"I-2";"00001899";"LA CHOZA";"NE_0001";"";"NE_0001";"NE_0001";"NE_0001";"NE_0001";"NE_0001";"NE_0001";"NE_0001"
"2023";"03";"240203";"TUMBES";"CONTRALMIRANTE VILLAR";"CANOAS DE PUNTA SAL";"GOBIERNO REGIONAL";"I-1";"00001905";"BARRANCOS.";"NE_0001";"";"NE_0001";"NE_0001";"NE_0001";"NE_0001";"NE_0001";"NE_0001";"NE_0001"
"2023";"03";"240203";"TUMBES";"CONTRALMIRANTE VILLAR";"CANOAS DE PUNTA SAL";"GOBIERNO REGIONAL";"I-1";"00001906";"PAJARITOS";"NE_0001";"";"NE_0001";"NE_0001";"NE_0001";"NE_0001";"NE_0001";"NE_0001";"NE_0001"
"2023";"03";"240201";"TUMBES";"CONTRALMIRANTE VILLAR";"ZORRITOS";"GOBIERNO REGIONAL";"I-4";"00001900";"ZORRITOS";"241800";"HOSPITALIZACIÓN DE MEDICINA MEDICINA GENERAL ";"2";"2";"5";"4";"1";"31";"0"
"2023";"03";"240201";"TUMBES";"CONTRALMIRANTE VILLAR";"ZORRITOS";"GOBIERNO REGIONAL";"I-4";"00001900";"ZORRITOS";"241600";"HOSPITALIZACIÓN QUIRÚRGICA OBSTETRICIA   ";"9";"9";"12";"9";"1";"31";"0"
"2023";"03";"240203";"TUMBES";"CONTRALMIRANTE VILLAR";"CANOAS DE PUNTA SAL";"GOBIERNO REGIONAL";"I-3";"00001902";"CANCAS";"NE_0001";"";"NE_0001";"NE_0001";"NE_0001";"NE_0001";"NE_0001";"NE_0001";"NE_0001"
"2023";"03";"230110";"TACNA";"TACNA";"CORONEL GREGORIO ALBARRACIN L.";"ESSALUD";"I-3";"00010222";"CENTRO  DE ATENCION PRIMARIA II ""LUIS PALZA LEVANO""";"NE_0001";"";"NE_0001";"NE_0001";"NE_0001";"NE_0001";"NE_0001";"NE_0001";"NE_0001"
"2023";"03";"220101";"SAN MARTIN";"MOYOBAMBA";"MOYOBAMBA";"GOBIERNO REGIONAL";"II-1";"00006733";"HOSPITAL II-1 MOYOBAMBA - DR. SEGUNDO RODOLFO PÉREZ NIETO";"241200";"HOSPITALIZACIÓN QUIRÚRGICA TRAUMATOLOGÍA Y ORTOPEDIA ";"32";"35";"107";"107";"4";"124";"0"
"2023";"03";"220101";"SAN MARTIN";"MOYOBAMBA";"MOYOBAMBA";"GOBIERNO REGIONAL";"II-1";"00006733";"HOSPITAL II-1 MOYOBAMBA - DR. SEGUNDO RODOLFO PÉREZ NIETO";"241300";"HOSPITALIZACIÓN QUIRÚRGICA UROLOGÍA  ";"4";"6";"26";"26";"1";"31";"0"
"2023";"03";"220101";"SAN MARTIN";"MOYOBAMBA";"MOYOBAMBA";"GOBIERNO REGIONAL";"II-1";"00006733";"HOSPITAL II-1 MOYOBAMBA - DR. SEGUNDO RODOLFO PÉREZ NIETO";"241500";"HOSPITALIZACIÓN QUIRÚRGICA GINECOLOGÍA  ";"48";"52";"103";"103";"7";"217";"0"
"2023";"03";"220101";"SAN MARTIN";"MOYOBAMBA";"MOYOBAMBA";"GOBIERNO REGIONAL";"II-1";"00006733";"HOSPITAL II-1 MOYOBAMBA - DR. SEGUNDO RODOLFO PÉREZ NIETO";"241600";"HOSPITALIZACIÓN QUIRÚRGICA OBSTETRICIA   ";"188";"197";"516";"516";"19";"589";"0"
"2023";"03";"220101";"SAN MARTIN";"MOYOBAMBA";"MOYOBAMBA";"GOBIERNO REGIONAL";"II-1";"00006733";"HOSPITAL II-1 MOYOBAMBA - DR. SEGUNDO RODOLFO PÉREZ NIETO";"241700";"HOSPITALIZACIÓN QUIRÚRGICA GINECOLOGÍA   GINECOLOGIA ONCOLOGiCA";"11";"11";"58";"58";"2";"62";"2"
"2023";"03";"220101";"SAN MARTIN";"MOYOBAMBA";"MOYOBAMBA";"GOBIERNO REGIONAL";"II-1";"00006733";"HOSPITAL II-1 MOYOBAMBA - DR. SEGUNDO RODOLFO PÉREZ NIETO";"241900";"HOSPITALIZACIÓN DE MEDICINA MEDICINA INTERNA ";"80";"91";"489";"489";"16";"496";"9"
"2023";"03";"220101";"SAN MARTIN";"MOYOBAMBA";"MOYOBAMBA";"GOBIERNO REGIONAL";"II-1";"00006733";"HOSPITAL II-1 MOYOBAMBA - DR. SEGUNDO RODOLFO PÉREZ NIETO";"242500";"HOSPITALIZACIÓN-PEDIATRÍA GENERAL-";"48";"53";"159";"159";"10";"310";"0"
"2023";"03";"220101";"SAN MARTIN";"MOYOBAMBA";"MOYOBAMBA";"GOBIERNO REGIONAL";"II-1";"00006733";"HOSPITAL II-1 MOYOBAMBA - DR. SEGUNDO RODOLFO PÉREZ NIETO";"243200";"HOSPITALIZACIÓN DE PEDIATRÍA PEDIATRIA NEONATOLOGÍA";"35";"40";"153";"153";"10";"310";"0"
"2023";"03";"220101";"SAN MARTIN";"MOYOBAMBA";"MOYOBAMBA";"GOBIERNO REGIONAL";"II-1";"00006733";"HOSPITAL II-1 MOYOBAMBA - DR. SEGUNDO RODOLFO PÉREZ NIETO";"250103";"UNIDAD DE CUIDADOS CRITICOS UNIDAD  DE CUIDADOS INTENSIVOS GENERALES  (UCI) MEDICINA";"6";"8";"72";"72";"6";"186";"2"
"2023";"03";"220101";"SAN MARTIN";"MOYOBAMBA";"MOYOBAMBA";"GOBIERNO REGIONAL";"II-1";"00006733";"HOSPITAL II-1 MOYOBAMBA - DR. SEGUNDO RODOLFO PÉREZ NIETO";"250105";"UNIDAD DE CUIDADOS CRITICOS UNIDAD  DE CUIDADOS INTENSIVOS  (UCI) NEONATOLOGÍA";"4";"6";"48";"48";"3";"93";"2"
"2023";"03";"220101";"SAN MARTIN";"MOYOBAMBA";"MOYOBAMBA";"GOBIERNO REGIONAL";"II-1";"00006733";"HOSPITAL II-1 MOYOBAMBA - DR. SEGUNDO RODOLFO PÉREZ NIETO";"250106";"UNIDAD DE CUIDADOS CRITICOS UNIDAD  DE CUIDADOS INTENSIVOS  (UCI) NEUROLÓGICA";"1";"3";"41";"41";"3";"93";"1"
"2023";"03";"220101";"SAN MARTIN";"MOYOBAMBA";"MOYOBAMBA";"GOBIERNO REGIONAL";"II-1";"00006733";"HOSPITAL II-1 MOYOBAMBA - DR. SEGUNDO RODOLFO PÉREZ NIETO";"250108";"UNIDAD DE CUIDADOS CRITICOS UNIDAD  DE CUIDADOS INTENSIVOS  (UCI) PEDIÁTRICA";"4";"6";"27";"27";"1";"31";"0"
"2023";"03";"150118";"LIMA";"LIMA";"LURIGANCHO";"MINSA";"II-2";"00005947";"HOSPITAL DE MEDIANA COMPLEJIDAD JOSE AGURTO TELLO";"241900";"HOSPITALIZACIÓN DE MEDICINA MEDICINA INTERNA ";"59";"48";"385";"349";"12";"372";"2"
"2023";"03";"150118";"LIMA";"LIMA";"LURIGANCHO";"MINSA";"II-2";"00005947";"HOSPITAL DE MEDIANA COMPLEJIDAD JOSE AGURTO TELLO";"240100";"HOSPITALIZACIÓN QUIRÚRGICA CIRUGÍA GENERAL ";"115";"110";"263";"238";"16";"496";"0"
"2023";"03";"150118";"LIMA";"LIMA";"LURIGANCHO";"MINSA";"II-2";"00005947";"HOSPITAL DE MEDIANA COMPLEJIDAD JOSE AGURTO TELLO";"241200";"HOSPITALIZACIÓN QUIRÚRGICA TRAUMATOLOGÍA Y ORTOPEDIA ";"22";"19";"61";"73";"5";"155";"0"
"2023";"03";"150118";"LIMA";"LIMA";"LURIGANCHO";"MINSA";"II-2";"00005947";"HOSPITAL DE MEDIANA COMPLEJIDAD JOSE AGURTO TELLO";"243200";"HOSPITALIZACIÓN DE PEDIATRÍA PEDIATRIA NEONATOLOGÍA";"18";"16";"42";"59";"5";"155";"0"
"2023";"03";"150118";"LIMA";"LIMA";"LURIGANCHO";"MINSA";"II-2";"00005947";"HOSPITAL DE MEDIANA COMPLEJIDAD JOSE AGURTO TELLO";"242500";"HOSPITALIZACIÓN-PEDIATRÍA GENERAL-";"21";"16";"78";"84";"7";"217";"0"
"2023";"03";"150118";"LIMA";"LIMA";"LURIGANCHO";"MINSA";"II-2";"00005947";"HOSPITAL DE MEDIANA COMPLEJIDAD JOSE AGURTO TELLO";"241500";"HOSPITALIZACIÓN QUIRÚRGICA GINECOLOGÍA  ";"20";"18";"78";"74";"5";"155";"0"
"2023";"03";"150118";"LIMA";"LIMA";"LURIGANCHO";"MINSA";"II-2";"00005947";"HOSPITAL DE MEDIANA COMPLEJIDAD JOSE AGURTO TELLO";"241600";"HOSPITALIZACIÓN QUIRÚRGICA OBSTETRICIA   ";"141";"135";"310";"307";"16";"496";"0"
"2023";"03";"040501";"AREQUIPA";"CAYLLOMA";"CHIVAY";"GOBIERNO REGIONAL";"I-1";"00001423";"PUESTO DE SALUD CANOCOTA";"NE_0001";"";"NE_0001";"NE_0001";"NE_0001";"NE_0001";"NE_0001";"NE_0001";"NE_0001"
"2023";"03";"130103";"LA LIBERTAD";"TRUJILLO";"FLORENCIA DE MORA";"GOBIERNO REGIONAL";"II-1";"00005217";"HOSPITAL DISTRITAL EL ESFUERZO DE FLORENCIA DE MORA";"241600";"HOSPITALIZACIÓN QUIRÚRGICA OBSTETRICIA   ";"17";"17";"21";"21";"7";"217";"0"
"2023";"03";"130103";"LA LIBERTAD";"TRUJILLO";"FLORENCIA DE MORA";"GOBIERNO REGIONAL";"II-1";"00005217";"HOSPITAL DISTRITAL EL ESFUERZO DE FLORENCIA DE MORA";"241400";"HOSPITALIZACIÓN QUIRÚRGICA GINECO - OBSTETRICIA ";"5";"5";"20";"20";"3";"93";"0"
"2023";"03";"130103";"LA LIBERTAD";"TRUJILLO";"FLORENCIA DE MORA";"ESSALUD";"II-E";"00009278";"FLORENCIA DE MORA";"241800";"HOSPITALIZACIÓN DE MEDICINA MEDICINA GENERAL ";"4";"2";"8";"19";"3";"93";"0"
"2023";"03";"130103";"LA LIBERTAD";"TRUJILLO";"FLORENCIA DE MORA";"ESSALUD";"II-E";"00009278";"FLORENCIA DE MORA";"240100";"HOSPITALIZACIÓN QUIRÚRGICA CIRUGÍA GENERAL ";"45";"51";"118";"101";"5";"155";"0"
"2023";"03";"130103";"LA LIBERTAD";"TRUJILLO";"FLORENCIA DE MORA";"ESSALUD";"II-E";"00009278";"FLORENCIA DE MORA";"241500";"HOSPITALIZACIÓN QUIRÚRGICA GINECOLOGÍA  ";"27";"27";"91";"87";"3";"93";"0"
"2023";"03";"130103";"LA LIBERTAD";"TRUJILLO";"FLORENCIA DE MORA";"ESSALUD";"II-E";"00009278";"FLORENCIA DE MORA";"241600";"HOSPITALIZACIÓN QUIRÚRGICA OBSTETRICIA   ";"28";"27";"67";"67";"4";"124";"0"
"2023";"01";"080901";"CUSCO";"LA CONVENCION";"SANTA ANA";"GOBIERNO REGIONAL";"II-1";"00002421";"QUILLABAMBA";"240100";"HOSPITALIZACIÓN QUIRÚRGICA CIRUGÍA GENERAL ";"81";"72";"365";"429";"22";"682";"1"
"2023";"01";"080901";"CUSCO";"LA CONVENCION";"SANTA ANA";"GOBIERNO REGIONAL";"II-1";"00002421";"QUILLABAMBA";"241400";"HOSPITALIZACIÓN QUIRÚRGICA GINECO - OBSTETRICIA ";"135";"143";"318";"245";"31";"961";"0"
"2023";"01";"080901";"CUSCO";"LA CONVENCION";"SANTA ANA";"GOBIERNO REGIONAL";"II-1";"00002421";"QUILLABAMBA";"241800";"HOSPITALIZACIÓN DE MEDICINA MEDICINA GENERAL ";"86";"101";"374";"395";"32";"992";"13"
"2023";"01";"080901";"CUSCO";"LA CONVENCION";"SANTA ANA";"GOBIERNO REGIONAL";"II-1";"00002421";"QUILLABAMBA";"242500";"HOSPITALIZACIÓN-PEDIATRÍA GENERAL-";"27";"27";"74";"62";"25";"775";"0"
"2023";"01";"080901";"CUSCO";"LA CONVENCION";"SANTA ANA";"GOBIERNO REGIONAL";"II-1";"00002421";"QUILLABAMBA";"242200";"HOSPITALIZACIÓN DE MEDICINA PSIQUIATRÍA ";"7";"4";"91";"155";"10";"310";"0"
"2023";"01";"120703";"JUNIN";"TARMA";"HUARICOLCA";"GOBIERNO REGIONAL";"I-2";"00000595";"HUARICOLCA";"NE_0001";"";"NE_0001";"NE_0001";"NE_0001";"NE_0001";"NE_0001";"NE_0001";"NE_0001"
"2023";"01";"120703";"JUNIN";"TARMA";"HUARICOLCA";"GOBIERNO REGIONAL";"I-1";"00000596";"APAYCANCHILLA";"NE_0001";"";"NE_0001";"NE_0001";"NE_0001";"NE_0001";"NE_0001";"NE_0001";"NE_0001"
"2023";"01";"120703";"JUNIN";"TARMA";"HUARICOLCA";"GOBIERNO REGIONAL";"I-1";"00000568";"CONGAS ANTACUCHO";"NE_0001";"";"NE_0001";"NE_0001";"NE_0001";"NE_0001";"NE_0001";"NE_0001";"NE_0001"
"2023";"01";"080706";"CUSCO";"CHUMBIVILCAS";"LLUSCO";"GOBIERNO REGIONAL";"I-2";"00002407";"LLUSCO";"NE_0001";"";"NE_0001";"NE_0001";"NE_0001";"NE_0001";"NE_0001";"NE_0001";"NE_0001"
"2023";"02";"150122";"LIMA";"LIMA";"MIRAFLORES";"ESSALUD";"I-3";"00009298";"POLICLINICO CENTRAL DE PREVENCION LARCO";"NE_0001";"";"NE_0001";"NE_0001";"NE_0001";"NE_0001";"NE_0001";"NE_0001";"NE_0001"
"2023";"02";"060802";"CAJAMARCA";"JAEN";"BELLAVISTA";"GOBIERNO REGIONAL";"I-3";"00004224";"CRUCE SHUMBA";"NE_0001";"";"NE_0001";"NE_0001";"NE_0001";"NE_0001";"NE_0001";"NE_0001";"NE_0001"
"2023";"02";"130702";"LA LIBERTAD";"PACASMAYO";"GUADALUPE";"ESSALUD";"I-2";"00009486";"POSTA DE SALUD LIMONCARRO";"NE_0001";"";"NE_0001";"NE_0001";"NE_0001";"NE_0001";"NE_0001";"NE_0001";"NE_0001"
"2023";"02";"021801";"ANCASH";"SANTA";"CHIMBOTE";"ESSALUD";"0";"00009047";"HOSPITAL III CHIMBOTE";"241900";"HOSPITALIZACIÓN DE MEDICINA MEDICINA INTERNA ";"140";"147";"1183";"1193";"54";"1512";"17"
"2023";"02";"021801";"ANCASH";"SANTA";"CHIMBOTE";"ESSALUD";"0";"00009047";"HOSPITAL III CHIMBOTE";"240100";"HOSPITALIZACIÓN QUIRÚRGICA CIRUGÍA GENERAL ";"150";"142";"570";"487";"18";"504";"1"
"2023";"02";"021801";"ANCASH";"SANTA";"CHIMBOTE";"ESSALUD";"0";"00009047";"HOSPITAL III CHIMBOTE";"241200";"HOSPITALIZACIÓN QUIRÚRGICA TRAUMATOLOGÍA Y ORTOPEDIA ";"46";"53";"617";"572";"24";"672";"0"
"2023";"02";"021801";"ANCASH";"SANTA";"CHIMBOTE";"ESSALUD";"0";"00009047";"HOSPITAL III CHIMBOTE";"241300";"HOSPITALIZACIÓN QUIRÚRGICA UROLOGÍA  ";"10";"10";"57";"38";"2";"56";"0"
"2023";"02";"021801";"ANCASH";"SANTA";"CHIMBOTE";"ESSALUD";"0";"00009047";"HOSPITAL III CHIMBOTE";"241500";"HOSPITALIZACIÓN QUIRÚRGICA GINECOLOGÍA  ";"56";"61";"179";"176";"7";"194";"0"
"2023";"02";"021801";"ANCASH";"SANTA";"CHIMBOTE";"ESSALUD";"0";"00009047";"HOSPITAL III CHIMBOTE";"241600";"HOSPITALIZACIÓN QUIRÚRGICA OBSTETRICIA   ";"140";"139";"297";"276";"12";"342";"0"
"2023";"02";"021801";"ANCASH";"SANTA";"CHIMBOTE";"ESSALUD";"0";"00009047";"HOSPITAL III CHIMBOTE";"242300";"HOSPITALIZACIÓN DE PEDIATRÍA  PEDIATRÍA  GENERAL ";"39";"39";"153";"158";"7";"181";"1"
"2023";"02";"021801";"ANCASH";"SANTA";"CHIMBOTE";"ESSALUD";"0";"00009047";"HOSPITAL III CHIMBOTE";"240700";"HOSPITALIZACIÓN QUIRÚRGICA CIRUGÍA PEDIÁTRICA ";"26";"26";"118";"95";"4";"112";"0"
"2023";"02";"021801";"ANCASH";"SANTA";"CHIMBOTE";"ESSALUD";"0";"00009047";"HOSPITAL III CHIMBOTE";"243200";"HOSPITALIZACIÓN DE PEDIATRÍA PEDIATRIA NEONATOLOGÍA";"99";"94";"174";"191";"10";"288";"0"
"2023";"02";"021801";"ANCASH";"SANTA";"CHIMBOTE";"ESSALUD";"0";"00009047";"HOSPITAL III CHIMBOTE";"240100";"HOSPITALIZACIÓN QUIRÚRGICA CIRUGÍA GENERAL ";"6";"8";"164";"131";"9";"252";"2"
"2023";"02";"021801";"ANCASH";"SANTA";"CHIMBOTE";"ESSALUD";"0";"00009047";"HOSPITAL III CHIMBOTE";"250200";"UNIDAD DE CUIDADOS CRITICOS UNIDAD DE CUIDADOS INTERMEDIOS GENERAL  (UCIN) ";"8";"8";"122";"192";"8";"224";"1"
"2023";"02";"060801";"CAJAMARCA";"JAEN";"JAEN";"GOBIERNO REGIONAL";"I-3";"00025207";"CENTRO DE SALUD MENTAL COMUNITARIO JAEN";"NE_0001";"";"NE_0001";"NE_0001";"NE_0001";"NE_0001";"NE_0001";"NE_0001";"NE_0001"
"2023";"02";"021307";"ANCASH";"MARISCAL LUZURIAGA";"LUCMA";"GOBIERNO REGIONAL";"I-2";"00001790";"PUESTO DE SALUD LUCMA";"NE_0002";"";"NE_0002";"NE_0002";"NE_0002";"NE_0002";"NE_0002";"NE_0002";"NE_0002"
"2023";"02";"021307";"ANCASH";"MARISCAL LUZURIAGA";"LUCMA";"GOBIERNO REGIONAL";"I-1";"00001791";"PUESTO DE SALUD SECCHA";"NE_0002";"";"NE_0002";"NE_0002";"NE_0002";"NE_0002";"NE_0002";"NE_0002";"NE_0002"
"2023";"02";"021601";"ANCASH";"POMABAMBA";"POMABAMBA";"GOBIERNO REGIONAL";"I-2";"00001768";"PUESTO DE SALUD VILCABAMBA";"NE_0002";"";"NE_0002";"NE_0002";"NE_0002";"NE_0002";"NE_0002";"NE_0002";"NE_0002"
"2023";"02";"021601";"ANCASH";"POMABAMBA";"POMABAMBA";"GOBIERNO REGIONAL";"I-1";"00001766";"PUESTO DE SALUD SOCSI";"NE_0002";"";"NE_0002";"NE_0002";"NE_0002";"NE_0002";"NE_0002";"NE_0002";"NE_0002"
"2023";"02";"021601";"ANCASH";"POMABAMBA";"POMABAMBA";"GOBIERNO REGIONAL";"I-1";"00001767";"PUESTO DE SALUD CHUYAS";"NE_0002";"";"NE_0002";"NE_0002";"NE_0002";"NE_0002";"NE_0002";"NE_0002";"NE_0002"
"2023";"02";"130401";"LA LIBERTAD";"CHEPEN";"CHEPEN";"ESSALUD";"II-1";"00009954";"HOSPITAL I CHEPEN ESSALUD";"241900";"HOSPITALIZACIÓN DE MEDICINA MEDICINA INTERNA ";"44";"44";"107";"126";"6";"168";"0"
"2023";"02";"130401";"LA LIBERTAD";"CHEPEN";"CHEPEN";"ESSALUD";"II-1";"00009954";"HOSPITAL I CHEPEN ESSALUD";"240100";"HOSPITALIZACIÓN QUIRÚRGICA CIRUGÍA GENERAL ";"19";"18";"38";"45";"2";"56";"0"
"2023";"02";"130401";"LA LIBERTAD";"CHEPEN";"CHEPEN";"ESSALUD";"II-1";"00009954";"HOSPITAL I CHEPEN ESSALUD";"241500";"HOSPITALIZACIÓN QUIRÚRGICA GINECOLOGÍA  ";"9";"9";"23";"34";"2";"56";"0"
"2023";"02";"130401";"LA LIBERTAD";"CHEPEN";"CHEPEN";"ESSALUD";"II-1";"00009954";"HOSPITAL I CHEPEN ESSALUD";"242300";"HOSPITALIZACIÓN DE PEDIATRÍA  PEDIATRÍA  GENERAL ";"3";"2";"3";"4";"2";"56";"0"
"2023";"02";"010701";"AMAZONAS";"UTCUBAMBA";"BAGUA GRANDE";"GOBIERNO REGIONAL";"II-1";"00005125";"HOSPITAL  SANTIAGO APOSTOL DE UTCUBAMBA";"240100";"HOSPITALIZACIÓN QUIRÚRGICA CIRUGÍA GENERAL ";"32";"26";"157";"143";"7";"217";"0"
"2023";"02";"010701";"AMAZONAS";"UTCUBAMBA";"BAGUA GRANDE";"GOBIERNO REGIONAL";"II-1";"00005125";"HOSPITAL  SANTIAGO APOSTOL DE UTCUBAMBA";"241200";"HOSPITALIZACIÓN QUIRÚRGICA TRAUMATOLOGÍA Y ORTOPEDIA ";"5";"10";"18";"16";"2";"62";"0"
"2023";"02";"010701";"AMAZONAS";"UTCUBAMBA";"BAGUA GRANDE";"GOBIERNO REGIONAL";"II-1";"00005125";"HOSPITAL  SANTIAGO APOSTOL DE UTCUBAMBA";"241400";"HOSPITALIZACIÓN QUIRÚRGICA GINECO - OBSTETRICIA ";"31";"29";"28";"28";"2";"62";"0"
"2023";"02";"010701";"AMAZONAS";"UTCUBAMBA";"BAGUA GRANDE";"GOBIERNO REGIONAL";"II-1";"00005125";"HOSPITAL  SANTIAGO APOSTOL DE UTCUBAMBA";"241600";"HOSPITALIZACIÓN QUIRÚRGICA OBSTETRICIA   ";"125";"127";"195";"188";"17";"527";"0"
"2023";"02";"010701";"AMAZONAS";"UTCUBAMBA";"BAGUA GRANDE";"GOBIERNO REGIONAL";"II-1";"00005125";"HOSPITAL  SANTIAGO APOSTOL DE UTCUBAMBA";"241800";"HOSPITALIZACIÓN DE MEDICINA MEDICINA GENERAL ";"39";"41";"103";"93";"11";"341";"1"
"2023";"02";"010701";"AMAZONAS";"UTCUBAMBA";"BAGUA GRANDE";"GOBIERNO REGIONAL";"II-1";"00005125";"HOSPITAL  SANTIAGO APOSTOL DE UTCUBAMBA";"242500";"HOSPITALIZACIÓN-PEDIATRÍA GENERAL-";"29";"32";"90";"90";"5";"155";"0"
"2023";"02";"010701";"AMAZONAS";"UTCUBAMBA";"BAGUA GRANDE";"GOBIERNO REGIONAL";"II-1";"00005125";"HOSPITAL  SANTIAGO APOSTOL DE UTCUBAMBA";"243200";"HOSPITALIZACIÓN DE PEDIATRÍA PEDIATRIA NEONATOLOGÍA";"19";"18";"52";"50";"6";"186";"1"
"2023";"02";"010701";"AMAZONAS";"UTCUBAMBA";"BAGUA GRANDE";"GOBIERNO REGIONAL";"II-1";"00005125";"HOSPITAL  SANTIAGO APOSTOL DE UTCUBAMBA";"250304";"HOSPIT. EN UNIDAD DE CUID.INTEN.-UNIDAD DE VIGILANCIA INTENSIVA (UVI)-MEDICINA";"11";"58";"58";"48";"3";"93";"5"
"2023";"02";"040101";"AREQUIPA";"AREQUIPA";"AREQUIPA";"PRIVADO";"II-E";"00024208";"PRAXIS MEDICAL S.A.C.";"240800";"HOSPITALIZACIÓN QUIRÚRGICA CIRUGÍA PLÁSTICA/RECONSTRUCTIVA/ REPARADORA ";"2";"2";"3";"3";"12";"336";"0"
"2023";"02";"021602";"ANCASH";"POMABAMBA";"HUAYLLAN";"GOBIERNO REGIONAL";"I-1";"00001774";"PUESTO DE SALUD HUAYCHO";"NE_0002";"";"NE_0002";"NE_0002";"NE_0002";"NE_0002";"NE_0002";"NE_0002";"NE_0002"
"2023";"02";"021602";"ANCASH";"POMABAMBA";"HUAYLLAN";"GOBIERNO REGIONAL";"I-1";"00001772";"PUESTO DE SALUD HUAYLLAN";"NE_0002";"";"NE_0002";"NE_0002";"NE_0002";"NE_0002";"NE_0002";"NE_0002";"NE_0002"
"2023";"02";"021602";"ANCASH";"POMABAMBA";"HUAYLLAN";"GOBIERNO REGIONAL";"I-1";"00001773";"PUESTO DE SALUD ACOBAMBA";"NE_0002";"";"NE_0002";"NE_0002";"NE_0002";"NE_0002";"NE_0002";"NE_0002";"NE_0002"
"2023";"02";"021601";"ANCASH";"POMABAMBA";"POMABAMBA";"GOBIERNO REGIONAL";"I-2";"00001769";"PUESTO DE SALUD CONOPA";"NE_0002";"";"NE_0002";"NE_0002";"NE_0002";"NE_0002";"NE_0002";"NE_0002";"NE_0002"
"2023";"02";"021601";"ANCASH";"POMABAMBA";"POMABAMBA";"GOBIERNO REGIONAL";"I-1";"00001770";"PUESTO DE SALUD JANCAPAMPA";"NE_0002";"";"NE_0002";"NE_0002";"NE_0002";"NE_0002";"NE_0002";"NE_0002";"NE_0002"
"2023";"02";"021302";"ANCASH";"MARISCAL LUZURIAGA";"CASCA";"GOBIERNO REGIONAL";"I-2";"00001785";"PUESTO DE SALUD CASCA";"NE_0002";"";"NE_0002";"NE_0002";"NE_0002";"NE_0002";"NE_0002";"NE_0002";"NE_0002"
"2023";"02";"021307";"ANCASH";"MARISCAL LUZURIAGA";"LUCMA";"GOBIERNO REGIONAL";"0";"00017687";"P. S. MASQUI";"NE_0002";"";"NE_0002";"NE_0002";"NE_0002";"NE_0002";"NE_0002";"NE_0002";"NE_0002"
"2023";"01";"120504";"JUNIN";"JUNIN";"ULCUMAYO";"GOBIERNO REGIONAL";"I-1";"00000607";"PISCURRURAY";"NE_0001";"";"NE_0001";"NE_0001";"NE_0001";"NE_0001";"NE_0001";"NE_0001";"NE_0001"
"2023";"01";"120504";"JUNIN";"JUNIN";"ULCUMAYO";"GOBIERNO REGIONAL";"I-1";"00000606";"QUIPACANCHA";"NE_0001";"";"NE_0001";"NE_0001";"NE_0001";"NE_0001";"NE_0001";"NE_0001";"NE_0001"
"2023";"01";"120504";"JUNIN";"JUNIN";"ULCUMAYO";"GOBIERNO REGIONAL";"I-1";"00000605";"SHOGUE";"NE_0001";"";"NE_0001";"NE_0001";"NE_0001";"NE_0001";"NE_0001";"NE_0001";"NE_0001"
"2023";"01";"120504";"JUNIN";"JUNIN";"ULCUMAYO";"GOBIERNO REGIONAL";"I-2";"00000604";"TAMBOS";"NE_0001";"";"NE_0001";"NE_0001";"NE_0001";"NE_0001";"NE_0001";"NE_0001";"NE_0001"
"2023";"01";"120504";"JUNIN";"JUNIN";"ULCUMAYO";"GOBIERNO REGIONAL";"I-1";"00000603";"YAPACMARCA";"NE_0001";"";"NE_0001";"NE_0001";"NE_0001";"NE_0001";"NE_0001";"NE_0001";"NE_0001"
"2023";"01";"120504";"JUNIN";"JUNIN";"ULCUMAYO";"GOBIERNO REGIONAL";"I-2";"00000602";"QUILCATACTA";"NE_0001";"";"NE_0001";"NE_0001";"NE_0001";"NE_0001";"NE_0001";"NE_0001";"NE_0001"
"2023";"01";"120504";"JUNIN";"JUNIN";"ULCUMAYO";"GOBIERNO REGIONAL";"I-3";"00000601";"ULCUMAYO";"NE_0001";"";"NE_0001";"NE_0001";"NE_0001";"NE_0001";"NE_0001";"NE_0001";"NE_0001"
"2023";"02";"040104";"AREQUIPA";"AREQUIPA";"CERRO COLORADO";"GOBIERNO REGIONAL";"I-3";"00001236";"CENTRO DE SALUD CERRO COLORADO";"NE_0001";"";"NE_0001";"NE_0001";"NE_0001";"NE_0001";"NE_0001";"NE_0001";"NE_0001"
"2023";"02";"040104";"AREQUIPA";"AREQUIPA";"CERRO COLORADO";"GOBIERNO REGIONAL";"I-3";"00027843";"CENTRO DE SALUD MENTAL COMUNITARIO SAN MARTIN DE PORRES";"NE_0001";"";"NE_0001";"NE_0001";"NE_0001";"NE_0001";"NE_0001";"NE_0001";"NE_0001"
"2023";"02";"040104";"AREQUIPA";"AREQUIPA";"CERRO COLORADO";"GOBIERNO REGIONAL";"I-3";"00001248";"CENTRO DE SALUD ALTO LIBERTAD";"NE_0001";"";"NE_0001";"NE_0001";"NE_0001";"NE_0001";"NE_0001";"NE_0001";"NE_0001"
"2023";"02";"040501";"AREQUIPA";"CAYLLOMA";"CHIVAY";"GOBIERNO REGIONAL";"I-4";"00001419";"CENTRO DE SALUD CHIVAY";"241600";"HOSPITALIZACIÓN QUIRÚRGICA OBSTETRICIA   ";"7";"7";"14";"14";"7";"224";"0"
"2023";"02";"040501";"AREQUIPA";"CAYLLOMA";"CHIVAY";"GOBIERNO REGIONAL";"I-1";"00001423";"PUESTO DE SALUD CANOCOTA";"NE_0001";"";"NE_0001";"NE_0001";"NE_0001";"NE_0001";"NE_0001";"NE_0001";"NE_0001"
"2023";"02";"040513";"AREQUIPA";"CAYLLOMA";"MADRIGAL";"GOBIERNO REGIONAL";"I-2";"00001427";"PUESTO DE SALUD MADRIGAL";"NE_0001";"";"NE_0001";"NE_0001";"NE_0001";"NE_0001";"NE_0001";"NE_0001";"NE_0001"
"2023";"02";"040509";"AREQUIPA";"CAYLLOMA";"ICHUPAMPA";"GOBIERNO REGIONAL";"I-2";"00001425";"PUESTO DE SALUD ICHUPAMPA";"NE_0001";"";"NE_0001";"NE_0001";"NE_0001";"NE_0001";"NE_0001";"NE_0001";"NE_0001"
"2023";"02";"040519";"AREQUIPA";"CAYLLOMA";"YANQUE";"GOBIERNO REGIONAL";"I-2";"00001428";"PUESTO DE SALUD YANQUE";"NE_0001";"";"NE_0001";"NE_0001";"NE_0001";"NE_0001";"NE_0001";"NE_0001";"NE_0001"
"2023";"02";"040506";"AREQUIPA";"CAYLLOMA";"COPORAQUE";"GOBIERNO REGIONAL";"I-2";"00001424";"PUESTO DE SALUD COPORAQUE";"NE_0001";"";"NE_0001";"NE_0001";"NE_0001";"NE_0001";"NE_0001";"NE_0001";"NE_0001"
"2023";"02";"040510";"AREQUIPA";"CAYLLOMA";"LARI";"GOBIERNO REGIONAL";"I-2";"00001426";"PUESTO DE SALUD LARI";"NE_0001";"";"NE_0001";"NE_0001";"NE_0001";"NE_0001";"NE_0001";"NE_0001";"NE_0001"
"2023";"02";"040502";"AREQUIPA";"CAYLLOMA";"ACHOMA";"GOBIERNO REGIONAL";"I-2";"00001429";"PUESTO DE SALUD ACHOMA";"NE_0001";"";"NE_0001";"NE_0001";"NE_0001";"NE_0001";"NE_0001";"NE_0001";"NE_0001"
"2023";"02";"040512";"AREQUIPA";"CAYLLOMA";"MACA";"GOBIERNO REGIONAL";"I-2";"00001430";"PUESTO DE SALUD MACA";"NE_0001";"";"NE_0001";"NE_0001";"NE_0001";"NE_0001";"NE_0001";"NE_0001";"NE_0001"
"2023";"02";"210401";"PUNO";"CHUCUITO";"JULI";"GOBIERNO REGIONAL";"II-1";"00002990";"JULI";"240100";"HOSPITALIZACIÓN QUIRÚRGICA CIRUGÍA GENERAL ";"2";"2";"3";"6";"5";"140";"0"
"2023";"02";"210401";"PUNO";"CHUCUITO";"JULI";"GOBIERNO REGIONAL";"II-1";"00002990";"JULI";"241600";"HOSPITALIZACIÓN QUIRÚRGICA OBSTETRICIA   ";"43";"43";"97";"110";"9";"261";"0"
"2023";"02";"210401";"PUNO";"CHUCUITO";"JULI";"GOBIERNO REGIONAL";"II-1";"00002990";"JULI";"241800";"HOSPITALIZACIÓN DE MEDICINA MEDICINA GENERAL ";"4";"4";"18";"15";"6";"168";"0"
"2023";"02";"210401";"PUNO";"CHUCUITO";"JULI";"GOBIERNO REGIONAL";"II-1";"00002990";"JULI";"242500";"HOSPITALIZACIÓN-PEDIATRÍA GENERAL-";"1";"1";"5";"5";"6";"168";"0"
"2023";"02";"210401";"PUNO";"CHUCUITO";"JULI";"GOBIERNO REGIONAL";"II-1";"00002990";"JULI";"243200";"HOSPITALIZACIÓN DE PEDIATRÍA PEDIATRIA NEONATOLOGÍA";"1";"1";"1";"2";"4";"112";"0"
"2023";"02";"021809";"ANCASH";"SANTA";"NUEVO CHIMBOTE";"PRIVADO";"II-E";"00010475";"CENTRO MEDICO ESPECIALIZADO CLINICA DE LA MUJER Y EL NIÑO EIRL";"241400";"HOSPITALIZACIÓN QUIRÚRGICA GINECO - OBSTETRICIA ";"16";"15";"27";"31";"3";"84";"0"
"2023";"02";"021809";"ANCASH";"SANTA";"NUEVO CHIMBOTE";"PRIVADO";"II-E";"00010475";"CENTRO MEDICO ESPECIALIZADO CLINICA DE LA MUJER Y EL NIÑO EIRL";"240100";"HOSPITALIZACIÓN QUIRÚRGICA CIRUGÍA GENERAL ";"2";"2";"2";"4";"2";"56";"0"
"2023";"02";"040102";"AREQUIPA";"AREQUIPA";"ALTO SELVA ALEGRE";"GOBIERNO REGIONAL";"I-2";"00001304";"PUESTO DE SALUD HEROES DEL CENEPA";"NE_0001";"";"NE_0001";"NE_0001";"NE_0001";"NE_0001";"NE_0001";"NE_0001";"NE_0001"
"2023";"02";"040102";"AREQUIPA";"AREQUIPA";"ALTO SELVA ALEGRE";"GOBIERNO REGIONAL";"I-3";"00001302";"CENTRO DE SALUD INDEPENDENCIA";"NE_0001";"";"NE_0001";"NE_0001";"NE_0001";"NE_0001";"NE_0001";"NE_0001";"NE_0001"
"2023";"02";"040102";"AREQUIPA";"AREQUIPA";"ALTO SELVA ALEGRE";"GOBIERNO REGIONAL";"I-2";"00001303";"PUESTO DE SALUD SAN JUAN BAUTISTA";"NE_0001";"";"NE_0001";"NE_0001";"NE_0001";"NE_0001";"NE_0001";"NE_0001";"NE_0001"
"2023";"02";"040102";"AREQUIPA";"AREQUIPA";"ALTO SELVA ALEGRE";"GOBIERNO REGIONAL";"I-3";"00001300";"CENTRO DE SALUD APURIMAC";"NE_0001";"";"NE_0001";"NE_0001";"NE_0001";"NE_0001";"NE_0001";"NE_0001";"NE_0001"
"2023";"02";"040102";"AREQUIPA";"AREQUIPA";"ALTO SELVA ALEGRE";"GOBIERNO REGIONAL";"I-3";"00001291";"CENTRO DE SALUD ALTO SELVA ALEGRE";"NE_0001";"";"NE_0001";"NE_0001";"NE_0001";"NE_0001";"NE_0001";"NE_0001";"NE_0001"
"2023";"02";"040102";"AREQUIPA";"AREQUIPA";"ALTO SELVA ALEGRE";"GOBIERNO REGIONAL";"I-2";"00001301";"PUESTO DE SALUD LEONES DEL MISTI";"NE_0001";"";"NE_0001";"NE_0001";"NE_0001";"NE_0001";"NE_0001";"NE_0001";"NE_0001"
"2023";"02";"230110";"TACNA";"TACNA";"CORONEL GREGORIO ALBARRACIN L.";"ESSALUD";"I-3";"00010222";"CENTRO  DE ATENCION PRIMARIA II ""LUIS PALZA LEVANO""";"NE_0001";"";"NE_0001";"NE_0001";"NE_0001";"NE_0001";"NE_0001";"NE_0001";"NE_0001"
"2023";"02";"180106";"MOQUEGUA";"MARISCAL NIETO";"TORATA";"ESSALUD";"I-3";"00016151";"CENTRO DE ATENCION PRIMARIA II TORATA";"NE_0001";"";"NE_0001";"NE_0001";"NE_0001";"NE_0001";"NE_0001";"NE_0001";"NE_0001"
"2023";"02";"040411";"AREQUIPA";"CASTILLA";"TIPAN";"GOBIERNO REGIONAL";"I-1";"00001400";"PUESTO DE SALUD TIPAN";"NE_0001";"";"NE_0001";"NE_0001";"NE_0001";"NE_0001";"NE_0001";"NE_0001";"NE_0001"
"2023";"02";"150133";"LIMA";"LIMA";"SAN JUAN DE MIRAFLORES";"PRIVADO";"II-E";"00027478";"CLINICA BUENAVENTURA";"241000";"HOSPITALIZACIÓN QUIRÚRGICA ONCOLOGÍA QUIRÚRGICA  ";"1";"1";"0";"2";"24";"672";"0"
"2023";"02";"150133";"LIMA";"LIMA";"SAN JUAN DE MIRAFLORES";"PRIVADO";"II-E";"00027478";"CLINICA BUENAVENTURA";"240100";"HOSPITALIZACIÓN QUIRÚRGICA CIRUGÍA GENERAL ";"1";"0";"1";"1";"24";"672";"0"
"2023";"01";"021801";"ANCASH";"SANTA";"CHIMBOTE";"ESSALUD";"I-3";"00010013";"POLICLÍNICO DE COMPLEJIDAD CRECIENTE ""VICTOR PANTA RODRIGUEZ""";"NE_0001";"";"NE_0001";"NE_0001";"NE_0001";"NE_0001";"NE_0001";"NE_0001";"NE_0001"
"2023";"02";"130102";"LA LIBERTAD";"TRUJILLO";"EL PORVENIR";"ESSALUD";"I-4";"00009041";"CENTRO DE SALUD CON INTERNAMIENTO EL PORVENIR";"241800";"HOSPITALIZACIÓN DE MEDICINA MEDICINA GENERAL ";"24";"19";"104";"126";"4";"112";"0"
"2023";"02";"130102";"LA LIBERTAD";"TRUJILLO";"EL PORVENIR";"ESSALUD";"I-4";"00009041";"CENTRO DE SALUD CON INTERNAMIENTO EL PORVENIR";"240100";"HOSPITALIZACIÓN QUIRÚRGICA CIRUGÍA GENERAL ";"2";"3";"24";"10";"1";"31";"0"
"2023";"02";"130102";"LA LIBERTAD";"TRUJILLO";"EL PORVENIR";"ESSALUD";"I-4";"00009041";"CENTRO DE SALUD CON INTERNAMIENTO EL PORVENIR";"241400";"HOSPITALIZACIÓN QUIRÚRGICA GINECO - OBSTETRICIA ";"3";"2";"12";"42";"2";"56";"0"
"2023";"02";"051106";"AYACUCHO";"VILCAS HUAMAN";"INDEPENDENCIA";"GOBIERNO REGIONAL";"I-1";"00021259";"PUESTO DE SALUD OCCO";"NE_0001";"";"NE_0001";"NE_0001";"NE_0001";"NE_0001";"NE_0001";"NE_0001";"NE_0001"
"2023";"02";"220908";"SAN MARTIN";"SAN MARTIN";"JUAN GUERRA";"GOBIERNO REGIONAL";"I-3";"00006374";"JUAN GUERRA";"NE_0002";"";"NE_0002";"NE_0002";"NE_0002";"NE_0002";"NE_0002";"NE_0002";"NE_0002"
"2023";"02";"210401";"PUNO";"CHUCUITO";"JULI";"ESSALUD";"I-3";"00009222";"ESSALUD JULI";"NE_0001";"";"NE_0001";"NE_0001";"NE_0001";"NE_0001";"NE_0001";"NE_0001";"NE_0001"
"2023";"02";"150130";"LIMA";"LIMA";"SAN BORJA";"PRIVADO";"II-E";"00011056";"OFTALMIC SERVICE SAC";"NE_0001";"";"NE_0001";"NE_0001";"NE_0001";"NE_0001";"NE_0001";"NE_0001";"NE_0001"
"2023";"02";"130901";"LA LIBERTAD";"SANCHEZ CARRION";"HUAMACHUCO";"GOBIERNO REGIONAL";"I-3";"00026446";"CENTRO DE SALUD MENTAL COMUNITARIO SEMBRANDO ESPERANZA DE HUAMACHUCO";"NE_0001";"";"NE_0001";"NE_0001";"NE_0001";"NE_0001";"NE_0001";"NE_0001";"NE_0001"
"2023";"02";"150801";"LIMA";"HUAURA";"HUACHO";"ESSALUD";"II-2";"00011337";"HOSPITAL II GUSTAVO LANATTA LUJAN - ESSALUD";"241800";"HOSPITALIZACIÓN DE MEDICINA MEDICINA GENERAL ";"91";"99";"889";"896";"36";"1008";"25"
"2023";"02";"150801";"LIMA";"HUAURA";"HUACHO";"ESSALUD";"II-2";"00011337";"HOSPITAL II GUSTAVO LANATTA LUJAN - ESSALUD";"240100";"HOSPITALIZACIÓN QUIRÚRGICA CIRUGÍA GENERAL ";"121";"118";"551";"526";"27";"756";"0"
"2023";"02";"150801";"LIMA";"HUAURA";"HUACHO";"ESSALUD";"II-2";"00011337";"HOSPITAL II GUSTAVO LANATTA LUJAN - ESSALUD";"241200";"HOSPITALIZACIÓN QUIRÚRGICA TRAUMATOLOGÍA Y ORTOPEDIA ";"24";"29";"117";"92";"7";"196";"0"
"2023";"02";"150801";"LIMA";"HUAURA";"HUACHO";"ESSALUD";"II-2";"00011337";"HOSPITAL II GUSTAVO LANATTA LUJAN - ESSALUD";"241500";"HOSPITALIZACIÓN QUIRÚRGICA GINECOLOGÍA  ";"31";"26";"61";"66";"6";"168";"0"
"2023";"02";"150801";"LIMA";"HUAURA";"HUACHO";"ESSALUD";"II-2";"00011337";"HOSPITAL II GUSTAVO LANATTA LUJAN - ESSALUD";"241600";"HOSPITALIZACIÓN QUIRÚRGICA OBSTETRICIA   ";"163";"160";"313";"320";"21";"588";"0"
"2023";"02";"150801";"LIMA";"HUAURA";"HUACHO";"ESSALUD";"II-2";"00011337";"HOSPITAL II GUSTAVO LANATTA LUJAN - ESSALUD";"242300";"HOSPITALIZACIÓN DE PEDIATRÍA  PEDIATRÍA  GENERAL ";"39";"35";"111";"122";"12";"336";"0"
"2023";"02";"150801";"LIMA";"HUAURA";"HUACHO";"ESSALUD";"II-2";"00011337";"HOSPITAL II GUSTAVO LANATTA LUJAN - ESSALUD";"243200";"HOSPITALIZACIÓN DE PEDIATRÍA PEDIATRIA NEONATOLOGÍA";"31";"32";"63";"67";"5";"140";"0"
"2023";"02";"150801";"LIMA";"HUAURA";"HUACHO";"ESSALUD";"II-2";"00011337";"HOSPITAL II GUSTAVO LANATTA LUJAN - ESSALUD";"250100";"UNIDAD DE CUIDADOS CRITICOS UNIDAD  DE CUIDADOS INTENSIVOS GENERALES (UCI) ";"16";"18";"63";"77";"4";"112";"4"
"2023";"02";"211301";"PUNO";"YUNGUYO";"YUNGUYO";"ESSALUD";"I-3";"00009219";"YUNGUYO";"NE_0001";"";"NE_0001";"NE_0001";"NE_0001";"NE_0001";"NE_0001";"NE_0001";"NE_0001"
"2023";"02";"120706";"JUNIN";"TARMA";"PALCA";"GOBIERNO REGIONAL";"I-1";"00000570";"ÑAHUIN";"NE_0001";"";"NE_0001";"NE_0001";"NE_0001";"NE_0001";"NE_0001";"NE_0001";"NE_0001"
"2023";"02";"120706";"JUNIN";"TARMA";"PALCA";"GOBIERNO REGIONAL";"I-1";"00000571";"CARPAPATA";"NE_0001";"";"NE_0001";"NE_0001";"NE_0001";"NE_0001";"NE_0001";"NE_0001";"NE_0001"
"2023";"02";"150130";"LIMA";"LIMA";"SAN BORJA";"PRIVADO";"II-E";"00013383";"CLINICA SANTA ISABEL";"241400";"HOSPITALIZACIÓN QUIRÚRGICA GINECO - OBSTETRICIA ";"170";"166";"471";"538";"27";"756";"0"
"2023";"02";"130907";"LA LIBERTAD";"SANCHEZ CARRION";"SARIN";"GOBIERNO REGIONAL";"I-2";"00011624";"MUNMALCA";"NE_0001";"";"NE_0001";"NE_0001";"NE_0001";"NE_0001";"NE_0001";"NE_0001";"NE_0001"
"2023";"02";"130907";"LA LIBERTAD";"SANCHEZ CARRION";"SARIN";"GOBIERNO REGIONAL";"I-2";"00005362";"OROGOLDAY";"NE_0001";"";"NE_0001";"NE_0001";"NE_0001";"NE_0001";"NE_0001";"NE_0001";"NE_0001"
"2023";"02";"250105";"UCAYALI";"CORONEL PORTILLO";"YARINACOCHA";"GOBIERNO REGIONAL";"II-2";"00005577";"HOSPITAL AMAZONICO - YARINACOCHA";"241400";"HOSPITALIZACIÓN QUIRÚRGICA GINECO - OBSTETRICIA ";"345";"370";"831";"1040";"65";"1820";"0"
"2023";"02";"250105";"UCAYALI";"CORONEL PORTILLO";"YARINACOCHA";"GOBIERNO REGIONAL";"II-2";"00005577";"HOSPITAL AMAZONICO - YARINACOCHA";"242500";"HOSPITALIZACIÓN-PEDIATRÍA GENERAL-";"43";"47";"257";"264";"21";"588";"0"
"2023";"02";"250105";"UCAYALI";"CORONEL PORTILLO";"YARINACOCHA";"GOBIERNO REGIONAL";"II-2";"00005577";"HOSPITAL AMAZONICO - YARINACOCHA";"250105";"UNIDAD DE CUIDADOS CRITICOS UNIDAD  DE CUIDADOS INTENSIVOS  (UCI) NEONATOLOGÍA";"7";"10";"128";"134";"6";"168";"6"
"2023";"02";"250105";"UCAYALI";"CORONEL PORTILLO";"YARINACOCHA";"GOBIERNO REGIONAL";"II-2";"00005577";"HOSPITAL AMAZONICO - YARINACOCHA";"240100";"HOSPITALIZACIÓN QUIRÚRGICA CIRUGÍA GENERAL ";"100";"123";"705";"723";"26";"728";"0"
"2023";"02";"250105";"UCAYALI";"CORONEL PORTILLO";"YARINACOCHA";"GOBIERNO REGIONAL";"II-2";"00005577";"HOSPITAL AMAZONICO - YARINACOCHA";"241800";"HOSPITALIZACIÓN DE MEDICINA MEDICINA GENERAL ";"94";"119";"719";"766";"50";"1400";"12"
"2023";"02";"250105";"UCAYALI";"CORONEL PORTILLO";"YARINACOCHA";"GOBIERNO REGIONAL";"II-2";"00005577";"HOSPITAL AMAZONICO - YARINACOCHA";"242200";"HOSPITALIZACIÓN DE MEDICINA PSIQUIATRÍA ";"4";"9";"115";"119";"9";"252";"0"
"2023";"02";"250105";"UCAYALI";"CORONEL PORTILLO";"YARINACOCHA";"GOBIERNO REGIONAL";"II-2";"00005577";"HOSPITAL AMAZONICO - YARINACOCHA";"243200";"HOSPITALIZACIÓN DE PEDIATRÍA PEDIATRIA NEONATOLOGÍA";"25";"32";"244";"258";"12";"336";"0"
"2023";"02";"250105";"UCAYALI";"CORONEL PORTILLO";"YARINACOCHA";"GOBIERNO REGIONAL";"II-2";"00005577";"HOSPITAL AMAZONICO - YARINACOCHA";"250103";"UNIDAD DE CUIDADOS CRITICOS UNIDAD  DE CUIDADOS INTENSIVOS GENERALES  (UCI) MEDICINA";"5";"7";"63";"67";"9";"252";"7"
"2023";"02";"130101";"LA LIBERTAD";"TRUJILLO";"TRUJILLO";"ESSALUD";"II-1";"00008685";"HOSPITAL I ALBRECHT";"241800";"HOSPITALIZACIÓN DE MEDICINA MEDICINA GENERAL ";"21";"21";"151";"167";"6";"167";"0"
"2023";"02";"130101";"LA LIBERTAD";"TRUJILLO";"TRUJILLO";"ESSALUD";"II-1";"00008685";"HOSPITAL I ALBRECHT";"240100";"HOSPITALIZACIÓN QUIRÚRGICA CIRUGÍA GENERAL ";"39";"34";"92";"103";"4";"114";"0"
"2023";"02";"130101";"LA LIBERTAD";"TRUJILLO";"TRUJILLO";"ESSALUD";"II-1";"00008685";"HOSPITAL I ALBRECHT";"241500";"HOSPITALIZACIÓN QUIRÚRGICA GINECOLOGÍA  ";"73";"73";"94";"94";"4";"105";"0"
"2023";"02";"130101";"LA LIBERTAD";"TRUJILLO";"TRUJILLO";"ESSALUD";"II-1";"00008685";"HOSPITAL I ALBRECHT";"241600";"HOSPITALIZACIÓN QUIRÚRGICA OBSTETRICIA   ";"33";"32";"70";"71";"3";"91";"0"
"2023";"02";"130101";"LA LIBERTAD";"TRUJILLO";"TRUJILLO";"ESSALUD";"II-1";"00008685";"HOSPITAL I ALBRECHT";"242300";"HOSPITALIZACIÓN DE PEDIATRÍA  PEDIATRÍA  GENERAL ";"36";"34";"63";"60";"3";"96";"0"
"2023";"02";"110211";"ICA";"CHINCHA";"TAMBO DE MORA";"ESSALUD";"I-2";"00012023";"TAMBO DE MORA";"NE_0001";"";"NE_0001";"NE_0001";"NE_0001";"NE_0001";"NE_0001";"NE_0001";"NE_0001"
"2023";"02";"120601";"JUNIN";"SATIPO";"SATIPO";"GOBIERNO REGIONAL";"I-2";"00000482";"HUANTASHIRI";"NE_0001";"";"NE_0001";"NE_0001";"NE_0001";"NE_0001";"NE_0001";"NE_0001";"NE_0001"
"2023";"02";"120607";"JUNIN";"SATIPO";"RIO NEGRO";"GOBIERNO REGIONAL";"I-2";"00000496";"VILLA CAPIRI";"NE_0001";"";"NE_0001";"NE_0001";"NE_0001";"NE_0001";"NE_0001";"NE_0001";"NE_0001"
"2023";"02";"120607";"JUNIN";"SATIPO";"RIO NEGRO";"GOBIERNO REGIONAL";"I-1";"00013862";"MIGUEL GRAU";"NE_0001";"";"NE_0001";"NE_0001";"NE_0001";"NE_0001";"NE_0001";"NE_0001";"NE_0001"
"2023";"02";"120607";"JUNIN";"SATIPO";"RIO NEGRO";"GOBIERNO REGIONAL";"I-1";"00013863";"ALTO VILLA VICTORIA";"NE_0001";"";"NE_0001";"NE_0001";"NE_0001";"NE_0001";"NE_0001";"NE_0001";"NE_0001"
"2023";"02";"120607";"JUNIN";"SATIPO";"RIO NEGRO";"GOBIERNO REGIONAL";"I-2";"00000499";"PUENTE IPOKI";"NE_0001";"";"NE_0001";"NE_0001";"NE_0001";"NE_0001";"NE_0001";"NE_0001";"NE_0001"
"2023";"02";"120601";"JUNIN";"SATIPO";"SATIPO";"GOBIERNO REGIONAL";"I-2";"00000481";"PARATUSHALI";"NE_0001";"";"NE_0001";"NE_0001";"NE_0001";"NE_0001";"NE_0001";"NE_0001";"NE_0001"
"2023";"02";"120607";"JUNIN";"SATIPO";"RIO NEGRO";"GOBIERNO REGIONAL";"I-2";"00000497";"RIO CHARI ALTO";"NE_0001";"";"NE_0001";"NE_0001";"NE_0001";"NE_0001";"NE_0001";"NE_0001";"NE_0001"
"2023";"02";"120608";"JUNIN";"SATIPO";"RIO TAMBO";"GOBIERNO REGIONAL";"I-2";"00000500";"AOTI";"NE_0001";"";"NE_0001";"NE_0001";"NE_0001";"NE_0001";"NE_0001";"NE_0001";"NE_0001"
"2023";"02";"120607";"JUNIN";"SATIPO";"RIO NEGRO";"GOBIERNO REGIONAL";"I-2";"00000501";"ALTO PITOCUNA";"NE_0001";"";"NE_0001";"NE_0001";"NE_0001";"NE_0001";"NE_0001";"NE_0001";"NE_0001"
"2023";"02";"120601";"JUNIN";"SATIPO";"SATIPO";"GOBIERNO REGIONAL";"I-1";"00010502";"BELLA ESPERANZA";"NE_0001";"";"NE_0001";"NE_0001";"NE_0001";"NE_0001";"NE_0001";"NE_0001";"NE_0001"
"2023";"02";"120607";"JUNIN";"SATIPO";"RIO NEGRO";"GOBIERNO REGIONAL";"I-2";"00000498";"PITOCUNA";"NE_0001";"";"NE_0001";"NE_0001";"NE_0001";"NE_0001";"NE_0001";"NE_0001";"NE_0001"
"2023";"02";"120608";"JUNIN";"SATIPO";"RIO TAMBO";"GOBIERNO REGIONAL";"I-1";"00006877";"CHONTAKIARI";"NE_0001";"";"NE_0001";"NE_0001";"NE_0001";"NE_0001";"NE_0001";"NE_0001";"NE_0001"
"2023";"02";"120607";"JUNIN";"SATIPO";"RIO NEGRO";"GOBIERNO REGIONAL";"I-2";"00000503";"UNION CUVIRIAKI";"NE_0001";"";"NE_0001";"NE_0001";"NE_0001";"NE_0001";"NE_0001";"NE_0001";"NE_0001"
"2023";"02";"120607";"JUNIN";"SATIPO";"RIO NEGRO";"GOBIERNO REGIONAL";"I-1";"00000504";"SHABASHIPANGO";"NE_0001";"";"NE_0001";"NE_0001";"NE_0001";"NE_0001";"NE_0001";"NE_0001";"NE_0001"
"2023";"02";"120601";"JUNIN";"SATIPO";"SATIPO";"GOBIERNO REGIONAL";"I-1";"00013864";"CANAAN DEL NORTE";"NE_0001";"";"NE_0001";"NE_0001";"NE_0001";"NE_0001";"NE_0001";"NE_0001";"NE_0001"
"2023";"02";"120601";"JUNIN";"SATIPO";"SATIPO";"GOBIERNO REGIONAL";"I-2";"00000478";"RIO VENADO";"NE_0001";"";"NE_0001";"NE_0001";"NE_0001";"NE_0001";"NE_0001";"NE_0001";"NE_0001"
"2023";"02";"120607";"JUNIN";"SATIPO";"RIO NEGRO";"GOBIERNO REGIONAL";"I-3";"00000506";"UNION CAPIRI";"NE_0001";"";"NE_0001";"NE_0001";"NE_0001";"NE_0001";"NE_0001";"NE_0001";"NE_0001"
"2023";"02";"120601";"JUNIN";"SATIPO";"SATIPO";"GOBIERNO REGIONAL";"I-2";"00000483";"SANIBENI";"NE_0001";"";"NE_0001";"NE_0001";"NE_0001";"NE_0001";"NE_0001";"NE_0001";"NE_0001"
"2023";"02";"120607";"JUNIN";"SATIPO";"RIO NEGRO";"GOBIERNO REGIONAL";"I-2";"00000477";"HUAHUARI";"NE_0001";"";"NE_0001";"NE_0001";"NE_0001";"NE_0001";"NE_0001";"NE_0001";"NE_0001"
"2023";"02";"120601";"JUNIN";"SATIPO";"SATIPO";"GOBIERNO REGIONAL";"I-2";"00000479";"SANTO DOMINGO DE MARANKIARI";"NE_0001";"";"NE_0001";"NE_0001";"NE_0001";"NE_0001";"NE_0001";"NE_0001";"NE_0001"
"2023";"02";"120607";"JUNIN";"SATIPO";"RIO NEGRO";"GOBIERNO REGIONAL";"I-3";"00000495";"RIO NEGRO";"NE_0001";"";"NE_0001";"NE_0001";"NE_0001";"NE_0001";"NE_0001";"NE_0001";"NE_0001"
"2023";"02";"150130";"LIMA";"LIMA";"SAN BORJA";"PRIVADO";"II-2";"00009682";"CLÍNICA INTERNACIONAL";"240000";"HOSPITALIZACIÓN";"533";"615";"2694";"2627";"102";"3162";"0"
"2023";"02";"130101";"LA LIBERTAD";"TRUJILLO";"TRUJILLO";"PRIVADO";"II-E";"00021508";"SMQ QUIRUMEDIC SAC";"240000";"HOSPITALIZACIÓN";"318";"308";"298";"298";"15";"636";"0"
"2023";"02";"210101";"PUNO";"PUNO";"PUNO";"GOBIERNO REGIONAL";"I-4";"00003254";"JOSE ANTONIO ENCINAS";"241600";"HOSPITALIZACIÓN QUIRÚRGICA OBSTETRICIA   ";"13";"13";"25";"350";"6";"217";"0"
"2023";"02";"150114";"LIMA";"LIMA";"LA MOLINA";"PRIVADO";"II-E";"00022113";"CLINICA SANTA JULIA  S.A.C.";"NE_0001";"";"NE_0001";"NE_0001";"NE_0001";"NE_0001";"NE_0001";"NE_0001";"NE_0001"
"2023";"02";"080101";"CUSCO";"CUSCO";"CUSCO";"GOBIERNO REGIONAL";"III-1";"00002289";"HOSPITAL DE APOYO DEPARTAMENTAL CUSCO";"240100";"HOSPITALIZACIÓN QUIRÚRGICA CIRUGÍA GENERAL ";"154";"157";"743";"689";"34";"952";"4"
"2023";"02";"080101";"CUSCO";"CUSCO";"CUSCO";"GOBIERNO REGIONAL";"III-1";"00002289";"HOSPITAL DE APOYO DEPARTAMENTAL CUSCO";"240100";"HOSPITALIZACIÓN QUIRÚRGICA CIRUGÍA GENERAL ";"67";"61";"451";"507";"21";"588";"0"
"2023";"02";"080101";"CUSCO";"CUSCO";"CUSCO";"GOBIERNO REGIONAL";"III-1";"00002289";"HOSPITAL DE APOYO DEPARTAMENTAL CUSCO";"241800";"HOSPITALIZACIÓN DE MEDICINA MEDICINA GENERAL ";"14";"17";"198";"231";"24";"672";"1"
"2023";"02";"080101";"CUSCO";"CUSCO";"CUSCO";"GOBIERNO REGIONAL";"III-1";"00002289";"HOSPITAL DE APOYO DEPARTAMENTAL CUSCO";"241500";"HOSPITALIZACIÓN QUIRÚRGICA GINECOLOGÍA  ";"143";"134";"313";"303";"12";"336";"0"
"2023";"02";"080101";"CUSCO";"CUSCO";"CUSCO";"GOBIERNO REGIONAL";"III-1";"00002289";"HOSPITAL DE APOYO DEPARTAMENTAL CUSCO";"241400";"HOSPITALIZACIÓN QUIRÚRGICA GINECO - OBSTETRICIA ";"233";"228";"514";"382";"19";"532";"0"
"2023";"02";"080101";"CUSCO";"CUSCO";"CUSCO";"GOBIERNO REGIONAL";"III-1";"00002289";"HOSPITAL DE APOYO DEPARTAMENTAL CUSCO";"241800";"HOSPITALIZACIÓN DE MEDICINA MEDICINA GENERAL ";"39";"24";"285";"242";"9";"252";"7"
"2023";"02";"080101";"CUSCO";"CUSCO";"CUSCO";"GOBIERNO REGIONAL";"III-1";"00002289";"HOSPITAL DE APOYO DEPARTAMENTAL CUSCO";"241800";"HOSPITALIZACIÓN DE MEDICINA MEDICINA GENERAL ";"34";"32";"583";"516";"19";"532";"4"
"2023";"02";"080101";"CUSCO";"CUSCO";"CUSCO";"GOBIERNO REGIONAL";"III-1";"00002289";"HOSPITAL DE APOYO DEPARTAMENTAL CUSCO";"241900";"HOSPITALIZACIÓN DE MEDICINA MEDICINA INTERNA ";"32";"35";"659";"450";"22";"616";"4"
"2023";"02";"080101";"CUSCO";"CUSCO";"CUSCO";"GOBIERNO REGIONAL";"III-1";"00002289";"HOSPITAL DE APOYO DEPARTAMENTAL CUSCO";"240900";"HOSPITALIZACIÓN QUIRÚRGICA NEUROCIRUGÍA ";"43";"33";"314";"382";"14";"392";"0"
"2023";"02";"080101";"CUSCO";"CUSCO";"CUSCO";"GOBIERNO REGIONAL";"III-1";"00002289";"HOSPITAL DE APOYO DEPARTAMENTAL CUSCO";"242100";"HOSPITALIZACIÓN DE MEDICINA ONCOLOGÍA MÉDICA ";"23";"20";"126";"125";"9";"252";"1"
"2023";"02";"080101";"CUSCO";"CUSCO";"CUSCO";"GOBIERNO REGIONAL";"III-1";"00002289";"HOSPITAL DE APOYO DEPARTAMENTAL CUSCO";"242300";"HOSPITALIZACIÓN DE PEDIATRÍA  PEDIATRÍA  GENERAL ";"19";"19";"111";"154";"9";"252";"0"
"2023";"02";"080101";"CUSCO";"CUSCO";"CUSCO";"GOBIERNO REGIONAL";"III-1";"00002289";"HOSPITAL DE APOYO DEPARTAMENTAL CUSCO";"243200";"HOSPITALIZACIÓN DE PEDIATRÍA PEDIATRIA NEONATOLOGÍA";"63";"56";"525";"585";"22";"616";"0"
"2023";"02";"080101";"CUSCO";"CUSCO";"CUSCO";"GOBIERNO REGIONAL";"III-1";"00002289";"HOSPITAL DE APOYO DEPARTAMENTAL CUSCO";"242204";"HOSPITALIZACIÓN DE MEDICINA PSIQUIATRÍA REHABILITACIÓN PSIQUIÁTRICA / REINSERCIÓN ";"7";"7";"151";"173";"7";"196";"0"
"2023";"02";"080101";"CUSCO";"CUSCO";"CUSCO";"GOBIERNO REGIONAL";"III-1";"00002289";"HOSPITAL DE APOYO DEPARTAMENTAL CUSCO";"241200";"HOSPITALIZACIÓN QUIRÚRGICA TRAUMATOLOGÍA Y ORTOPEDIA ";"53";"47";"531";"536";"21";"588";"0"
"2023";"02";"080101";"CUSCO";"CUSCO";"CUSCO";"GOBIERNO REGIONAL";"III-1";"00002289";"HOSPITAL DE APOYO DEPARTAMENTAL CUSCO";"240801";"HOSPITALIZACIÓN QUIRÚRGICA CIRUGÍA PLÁSTICA/RECONSTRUCTIVA/ REPARADORA QUEMADOS";"13";"11";"115";"244";"18";"504";"1"
"2023";"02";"080101";"CUSCO";"CUSCO";"CUSCO";"GOBIERNO REGIONAL";"III-1";"00002289";"HOSPITAL DE APOYO DEPARTAMENTAL CUSCO";"250100";"UNIDAD DE CUIDADOS CRITICOS UNIDAD  DE CUIDADOS INTENSIVOS GENERALES (UCI) ";"21";"20";"226";"231";"12";"336";"7"
"2023";"02";"110207";"ICA";"CHINCHA";"PUEBLO NUEVO";"ESSALUD";"I-3";"00012277";"PUEBLO NUEVO";"NE_0001";"";"NE_0001";"NE_0001";"NE_0001";"NE_0001";"NE_0001";"NE_0001";"NE_0001"
"2023";"02";"240203";"TUMBES";"CONTRALMIRANTE VILLAR";"CANOAS DE PUNTA SAL";"GOBIERNO REGIONAL";"I-1";"00001906";"PAJARITOS";"NE_0001";"";"NE_0001";"NE_0001";"NE_0001";"NE_0001";"NE_0001";"NE_0001";"NE_0001"
"2023";"02";"240201";"TUMBES";"CONTRALMIRANTE VILLAR";"ZORRITOS";"GOBIERNO REGIONAL";"I-4";"00001900";"ZORRITOS";"241800";"HOSPITALIZACIÓN DE MEDICINA MEDICINA GENERAL ";"1";"1";"1";"1";"1";"28";"0"
"2023";"02";"240203";"TUMBES";"CONTRALMIRANTE VILLAR";"CANOAS DE PUNTA SAL";"GOBIERNO REGIONAL";"I-3";"00001902";"CANCAS";"NE_0001";"";"NE_0001";"NE_0001";"NE_0001";"NE_0001";"NE_0001";"NE_0001";"NE_0001"
"2023";"02";"090301";"HUANCAVELICA";"ANGARAES";"LIRCAY";"GOBIERNO REGIONAL";"I-1";"00003944";"BUENA VISTA";"NE_0001";"";"NE_0001";"NE_0001";"NE_0001";"NE_0001";"NE_0001";"NE_0001";"NE_0001"
"2023";"02";"090301";"HUANCAVELICA";"ANGARAES";"LIRCAY";"GOBIERNO REGIONAL";"I-1";"00003947";"CONSTANCIA";"NE_0001";"";"NE_0001";"NE_0001";"NE_0001";"NE_0001";"NE_0001";"NE_0001";"NE_0001"
"2023";"02";"090301";"HUANCAVELICA";"ANGARAES";"LIRCAY";"GOBIERNO REGIONAL";"I-1";"00003950";"CHALLHUAPUQUIO";"NE_0001";"";"NE_0001";"NE_0001";"NE_0001";"NE_0001";"NE_0001";"NE_0001";"NE_0001"
"2023";"02";"090307";"HUANCAVELICA";"ANGARAES";"HUANCA-HUANCA";"GOBIERNO REGIONAL";"I-2";"00003953";"HUANCA HUANCA";"NE_0001";"";"NE_0001";"NE_0001";"NE_0001";"NE_0001";"NE_0001";"NE_0001";"NE_0001"
"2023";"02";"090304";"HUANCAVELICA";"ANGARAES";"CCOCHACCASA";"GOBIERNO REGIONAL";"I-1";"00011204";"VELASCO PUCAPAMPA";"NE_0001";"";"NE_0001";"NE_0001";"NE_0001";"NE_0001";"NE_0001";"NE_0001";"NE_0001"
"2023";"02";"090301";"HUANCAVELICA";"ANGARAES";"LIRCAY";"GOBIERNO REGIONAL";"I-1";"00003948";"UCHCUPAMPA";"NE_0001";"";"NE_0001";"NE_0001";"NE_0001";"NE_0001";"NE_0001";"NE_0001";"NE_0001"
"2023";"01";"130107";"LA LIBERTAD";"TRUJILLO";"MOCHE";"ESSALUD";"I-4";"00009038";"CENTRO DE SALUD CON INTERNAMIENTO MOCHE";"241800";"HOSPITALIZACIÓN DE MEDICINA MEDICINA GENERAL ";"25";"24";"105";"113";"7";"127";"0"
"2023";"01";"070102";"CALLAO";"CALLAO";"BELLAVISTA";"GOBIERNO REGIONAL";"III-1";"00006218";"NAC. DANIEL A. CARRION";"241900";"HOSPITALIZACIÓN DE MEDICINA MEDICINA INTERNA ";"238";"256";"3668";"4202";"145";"4485";"34"
"2023";"01";"070102";"CALLAO";"CALLAO";"BELLAVISTA";"GOBIERNO REGIONAL";"III-1";"00006218";"NAC. DANIEL A. CARRION";"245300";"HOSPITALIZACIÓN DE MEDICINA NEUMOLOGÍA  ";"12";"10";"429";"261";"14";"430";"10"
"2023";"01";"070102";"CALLAO";"CALLAO";"BELLAVISTA";"GOBIERNO REGIONAL";"III-1";"00006218";"NAC. DANIEL A. CARRION";"240100";"HOSPITALIZACIÓN QUIRÚRGICA CIRUGÍA GENERAL ";"240";"210";"2258";"1487";"73";"2237";"1"
"2023";"01";"070102";"CALLAO";"CALLAO";"BELLAVISTA";"GOBIERNO REGIONAL";"III-1";"00006218";"NAC. DANIEL A. CARRION";"241200";"HOSPITALIZACIÓN QUIRÚRGICA TRAUMATOLOGÍA Y ORTOPEDIA ";"41";"36";"749";"988";"32";"988";"0"
"2023";"01";"070102";"CALLAO";"CALLAO";"BELLAVISTA";"GOBIERNO REGIONAL";"III-1";"00006218";"NAC. DANIEL A. CARRION";"240900";"HOSPITALIZACIÓN QUIRÚRGICA NEUROCIRUGÍA ";"73";"61";"672";"890";"32";"991";"3"
"2023";"01";"070102";"CALLAO";"CALLAO";"BELLAVISTA";"GOBIERNO REGIONAL";"III-1";"00006218";"NAC. DANIEL A. CARRION";"240700";"HOSPITALIZACIÓN QUIRÚRGICA CIRUGÍA PEDIÁTRICA ";"65";"59";"238";"298";"17";"521";"0"
"2023";"01";"070102";"CALLAO";"CALLAO";"BELLAVISTA";"GOBIERNO REGIONAL";"III-1";"00006218";"NAC. DANIEL A. CARRION";"250105";"UNIDAD DE CUIDADOS CRITICOS UNIDAD  DE CUIDADOS INTENSIVOS  (UCI) NEONATOLOGÍA";"19";"66";"623";"826";"37";"1144";"1"
"2023";"01";"070102";"CALLAO";"CALLAO";"BELLAVISTA";"GOBIERNO REGIONAL";"III-1";"00006218";"NAC. DANIEL A. CARRION";"242300";"HOSPITALIZACIÓN DE PEDIATRÍA  PEDIATRÍA  GENERAL ";"70";"75";"448";"417";"20";"612";"0"
"2023";"01";"070102";"CALLAO";"CALLAO";"BELLAVISTA";"GOBIERNO REGIONAL";"III-1";"00006218";"NAC. DANIEL A. CARRION";"241500";"HOSPITALIZACIÓN QUIRÚRGICA GINECOLOGÍA  ";"110";"152";"714";"499";"24";"737";"0"
"2023";"01";"070102";"CALLAO";"CALLAO";"BELLAVISTA";"GOBIERNO REGIONAL";"III-1";"00006218";"NAC. DANIEL A. CARRION";"241600";"HOSPITALIZACIÓN QUIRÚRGICA OBSTETRICIA   ";"17";"151";"409";"289";"15";"457";"0"
"2023";"01";"070102";"CALLAO";"CALLAO";"BELLAVISTA";"GOBIERNO REGIONAL";"III-1";"00006218";"NAC. DANIEL A. CARRION";"241400";"HOSPITALIZACIÓN QUIRÚRGICA GINECO - OBSTETRICIA ";"136";"47";"134";"244";"14";"439";"0"
"2023";"01";"070102";"CALLAO";"CALLAO";"BELLAVISTA";"GOBIERNO REGIONAL";"III-1";"00006218";"NAC. DANIEL A. CARRION";"250100";"UNIDAD DE CUIDADOS CRITICOS UNIDAD  DE CUIDADOS INTENSIVOS GENERALES (UCI) ";"9";"2";"19";"176";"6";"186";"1"
"2023";"01";"070102";"CALLAO";"CALLAO";"BELLAVISTA";"GOBIERNO REGIONAL";"III-1";"00006218";"NAC. DANIEL A. CARRION";"250200";"UNIDAD DE CUIDADOS CRITICOS UNIDAD DE CUIDADOS INTERMEDIOS GENERAL  (UCIN) ";"6";"3";"128";"247";"8";"248";"2"
"2023";"01";"070102";"CALLAO";"CALLAO";"BELLAVISTA";"GOBIERNO REGIONAL";"III-1";"00006218";"NAC. DANIEL A. CARRION";"242100";"HOSPITALIZACIÓN DE MEDICINA ONCOLOGÍA MÉDICA ";"45";"42";"393";"414";"16";"495";"3"
"2023";"01";"070102";"CALLAO";"CALLAO";"BELLAVISTA";"GOBIERNO REGIONAL";"III-1";"00006218";"NAC. DANIEL A. CARRION";"250108";"UNIDAD DE CUIDADOS CRITICOS UNIDAD  DE CUIDADOS INTENSIVOS  (UCI) PEDIÁTRICA";"5";"4";"48";"120";"6";"186";"2"
"2023";"01";"150117";"LIMA";"LIMA";"LOS OLIVOS";"MUNICIPALIDAD DISTRITAL";"II-1";"00019787";"HOSPITAL MUNICIPAL LOS OLIVOS";"241800";"HOSPITALIZACIÓN DE MEDICINA MEDICINA GENERAL ";"16";"17";"87";"103";"25";"750";"0"
"2023";"01";"150117";"LIMA";"LIMA";"LOS OLIVOS";"MUNICIPALIDAD DISTRITAL";"II-1";"00019787";"HOSPITAL MUNICIPAL LOS OLIVOS";"240100";"HOSPITALIZACIÓN QUIRÚRGICA CIRUGÍA GENERAL ";"18";"18";"32";"50";"25";"750";"0"
"2023";"01";"150117";"LIMA";"LIMA";"LOS OLIVOS";"MUNICIPALIDAD DISTRITAL";"II-1";"00019787";"HOSPITAL MUNICIPAL LOS OLIVOS";"241300";"HOSPITALIZACIÓN QUIRÚRGICA UROLOGÍA  ";"4";"4";"18";"22";"25";"750";"0"
"2023";"01";"150117";"LIMA";"LIMA";"LOS OLIVOS";"MUNICIPALIDAD DISTRITAL";"II-1";"00019787";"HOSPITAL MUNICIPAL LOS OLIVOS";"241200";"HOSPITALIZACIÓN QUIRÚRGICA TRAUMATOLOGÍA Y ORTOPEDIA ";"3";"3";"19";"33";"25";"750";"0"
"2023";"01";"150117";"LIMA";"LIMA";"LOS OLIVOS";"MUNICIPALIDAD DISTRITAL";"II-1";"00019787";"HOSPITAL MUNICIPAL LOS OLIVOS";"241500";"HOSPITALIZACIÓN QUIRÚRGICA GINECOLOGÍA  ";"25";"22";"44";"25";"16";"496";"0"
"2023";"01";"110507";"ICA";"PISCO";"SAN CLEMENTE";"ESSALUD";"I-3";"00027769";"CAP I SAN CLEMENTE";"NE_0001";"";"NE_0001";"NE_0001";"NE_0001";"NE_0001";"NE_0001";"NE_0001";"NE_0001"
"2023";"01";"150131";"LIMA";"LIMA";"SAN ISIDRO";"ESSALUD";"I-3";"00015471";"CENTRO DE ATENCION PRIMARIA-CAP III SAN ISIDRO-ESSALUD";"NE_0001";"";"NE_0001";"NE_0001";"NE_0001";"NE_0001";"NE_0001";"NE_0001";"NE_0001"
"2023";"01";"220909";"SAN MARTIN";"SAN MARTIN";"LA BANDA DE SHILCAYO";"PRIVADO";"II-E";"00015835";"CLINICA OFTALMOLOGICA DE LA SELVA";"NE_0001";"";"NE_0001";"NE_0001";"NE_0001";"NE_0001";"NE_0001";"NE_0001";"NE_0001"
"2023";"01";"090301";"HUANCAVELICA";"ANGARAES";"LIRCAY";"GOBIERNO REGIONAL";"I-1";"00003944";"BUENA VISTA";"NE_0001";"";"NE_0001";"NE_0001";"NE_0001";"NE_0001";"NE_0001";"NE_0001";"NE_0001"
"2023";"01";"090301";"HUANCAVELICA";"ANGARAES";"LIRCAY";"GOBIERNO REGIONAL";"I-1";"00003947";"CONSTANCIA";"NE_0001";"";"NE_0001";"NE_0001";"NE_0001";"NE_0001";"NE_0001";"NE_0001";"NE_0001"
"2023";"01";"090301";"HUANCAVELICA";"ANGARAES";"LIRCAY";"GOBIERNO REGIONAL";"I-1";"00003950";"CHALLHUAPUQUIO";"NE_0001";"";"NE_0001";"NE_0001";"NE_0001";"NE_0001";"NE_0001";"NE_0001";"NE_0001"
"2023";"01";"090307";"HUANCAVELICA";"ANGARAES";"HUANCA-HUANCA";"GOBIERNO REGIONAL";"I-2";"00003953";"HUANCA HUANCA";"NE_0001";"";"NE_0001";"NE_0001";"NE_0001";"NE_0001";"NE_0001";"NE_0001";"NE_0001"
"2023";"01";"090312";"HUANCAVELICA";"ANGARAES";"SECCLLA";"GOBIERNO REGIONAL";"I-1";"00003970";"QUISPICANCHA";"NE_0001";"";"NE_0001";"NE_0001";"NE_0001";"NE_0001";"NE_0001";"NE_0001";"NE_0001"
"2023";"01";"090301";"HUANCAVELICA";"ANGARAES";"LIRCAY";"GOBIERNO REGIONAL";"I-1";"00011769";"YANAUTUTO";"NE_0001";"";"NE_0001";"NE_0001";"NE_0001";"NE_0001";"NE_0001";"NE_0001";"NE_0001"
"2023";"01";"090303";"HUANCAVELICA";"ANGARAES";"CALLANMARCA";"GOBIERNO REGIONAL";"I-1";"00003952";"CALLANMARCA";"NE_0001";"";"NE_0001";"NE_0001";"NE_0001";"NE_0001";"NE_0001";"NE_0001";"NE_0001"
"2023";"01";"090304";"HUANCAVELICA";"ANGARAES";"CCOCHACCASA";"GOBIERNO REGIONAL";"I-1";"00003957";"CCASCCABAMBA";"NE_0001";"";"NE_0001";"NE_0001";"NE_0001";"NE_0001";"NE_0001";"NE_0001";"NE_0001"
"2023";"01";"090302";"HUANCAVELICA";"ANGARAES";"ANCHONGA";"GOBIERNO REGIONAL";"I-3";"00003959";"PARCO ALTO";"NE_0002";"";"NE_0002";"NE_0002";"NE_0002";"NE_0002";"NE_0002";"NE_0002";"NE_0002"
"2023";"01";"090306";"HUANCAVELICA";"ANGARAES";"CONGALLA";"GOBIERNO REGIONAL";"I-2";"00003972";"CONGALLA";"NE_0001";"";"NE_0001";"NE_0001";"NE_0001";"NE_0001";"NE_0001";"NE_0001";"NE_0001"
"2023";"01";"090301";"HUANCAVELICA";"ANGARAES";"LIRCAY";"GOBIERNO REGIONAL";"I-1";"00007384";"SAN JUAN DE AHUAY";"NE_0001";"";"NE_0001";"NE_0001";"NE_0001";"NE_0001";"NE_0001";"NE_0001";"NE_0001"
"2023";"01";"090301";"HUANCAVELICA";"ANGARAES";"LIRCAY";"GOBIERNO REGIONAL";"I-2";"00007385";"SAN JUAN DE DIOS DE CCOLLPAPAMPA";"NE_0001";"";"NE_0001";"NE_0001";"NE_0001";"NE_0001";"NE_0001";"NE_0001";"NE_0001"
"2023";"01";"090311";"HUANCAVELICA";"ANGARAES";"SANTO TOMAS DE PATA";"GOBIERNO REGIONAL";"I-1";"00011768";"CUTICSA";"NE_0001";"";"NE_0001";"NE_0001";"NE_0001";"NE_0001";"NE_0001";"NE_0001";"NE_0001"
"2023";"01";"090302";"HUANCAVELICA";"ANGARAES";"ANCHONGA";"GOBIERNO REGIONAL";"I-2";"00003960";"TUCO";"NE_0001";"";"NE_0001";"NE_0001";"NE_0001";"NE_0001";"NE_0001";"NE_0001";"NE_0001"
"2023";"01";"090309";"HUANCAVELICA";"ANGARAES";"JULCAMARCA";"GOBIERNO REGIONAL";"I-3";"00003962";"JULCAMARCA";"NE_0002";"";"NE_0002";"NE_0002";"NE_0002";"NE_0002";"NE_0002";"NE_0002";"NE_0002"
"2023";"01";"090310";"HUANCAVELICA";"ANGARAES";"SAN ANTONIO DE ANTAPARCO";"GOBIERNO REGIONAL";"I-1";"00003965";"SAN ANTONIO DE ANTAPARCO";"NE_0001";"";"NE_0001";"NE_0001";"NE_0001";"NE_0001";"NE_0001";"NE_0001";"NE_0001"
"2023";"01";"090312";"HUANCAVELICA";"ANGARAES";"SECCLLA";"GOBIERNO REGIONAL";"I-3";"00003969";"SECCLLA";"240000";"HOSPITALIZACIÓN";"2";"2";"4";"2";"3";"4";"0"
"2023";"01";"090312";"HUANCAVELICA";"ANGARAES";"SECCLLA";"GOBIERNO REGIONAL";"I-1";"00003971";"TRANCA";"NE_0001";"";"NE_0001";"NE_0001";"NE_0001";"NE_0001";"NE_0001";"NE_0001";"NE_0001"
"2023";"01";"090302";"HUANCAVELICA";"ANGARAES";"ANCHONGA";"GOBIERNO REGIONAL";"I-3";"00006901";"BUENOS AIRES DE PARCO CHACAPUNCU";"NE_0001";"";"NE_0001";"NE_0001";"NE_0001";"NE_0001";"NE_0001";"NE_0001";"NE_0001"
"2023";"01";"090304";"HUANCAVELICA";"ANGARAES";"CCOCHACCASA";"GOBIERNO REGIONAL";"I-1";"00003956";"SAN PEDRO DE MIMOSA";"NE_0001";"";"NE_0001";"NE_0001";"NE_0001";"NE_0001";"NE_0001";"NE_0001";"NE_0001"
"2023";"01";"090301";"HUANCAVELICA";"ANGARAES";"LIRCAY";"GOBIERNO REGIONAL";"I-1";"00007290";"PERCAPAMPA";"NE_0001";"";"NE_0001";"NE_0001";"NE_0001";"NE_0001";"NE_0001";"NE_0001";"NE_0001"
"2023";"01";"090305";"HUANCAVELICA";"ANGARAES";"CHINCHO";"GOBIERNO REGIONAL";"I-1";"00011787";"LLAMOCCTACHI";"NE_0001";"";"NE_0001";"NE_0001";"NE_0001";"NE_0001";"NE_0001";"NE_0001";"NE_0001"
"2023";"01";"090301";"HUANCAVELICA";"ANGARAES";"LIRCAY";"GOBIERNO REGIONAL";"I-3";"00028484";"CENTRO DE SALUD MENTAL COMUNITARIO ANGARAES";"NE_0002";"";"NE_0002";"NE_0002";"NE_0002";"NE_0002";"NE_0002";"NE_0002";"NE_0002"
"2023";"01";"090301";"HUANCAVELICA";"ANGARAES";"LIRCAY";"GOBIERNO REGIONAL";"I-2";"00003945";"CARHUAPATA";"NE_0001";"";"NE_0001";"NE_0001";"NE_0001";"NE_0001";"NE_0001";"NE_0001";"NE_0001"
"2023";"01";"090301";"HUANCAVELICA";"ANGARAES";"LIRCAY";"GOBIERNO REGIONAL";"I-1";"00003946";"PIRCAPAHUANA";"NE_0001";"";"NE_0001";"NE_0001";"NE_0001";"NE_0001";"NE_0001";"NE_0001";"NE_0001"
"2023";"01";"090301";"HUANCAVELICA";"ANGARAES";"LIRCAY";"GOBIERNO REGIONAL";"I-2";"00003949";"CHAHUARMA";"NE_0001";"";"NE_0001";"NE_0001";"NE_0001";"NE_0001";"NE_0001";"NE_0001";"NE_0001"
"2023";"01";"090301";"HUANCAVELICA";"ANGARAES";"LIRCAY";"GOBIERNO REGIONAL";"I-1";"00003951";"TUCSIPAMPA";"NE_0001";"";"NE_0001";"NE_0001";"NE_0001";"NE_0001";"NE_0001";"NE_0001";"NE_0001"
"2023";"01";"090308";"HUANCAVELICA";"ANGARAES";"HUALLAY-GRANDE";"GOBIERNO REGIONAL";"I-2";"00003954";"HUAYLLAY GRANDE";"NE_0001";"";"NE_0001";"NE_0001";"NE_0001";"NE_0001";"NE_0001";"NE_0001";"NE_0001"
"2023";"01";"090304";"HUANCAVELICA";"ANGARAES";"CCOCHACCASA";"GOBIERNO REGIONAL";"I-3";"00003955";"CCOCHACCASA";"NE_0002";"";"NE_0002";"NE_0002";"NE_0002";"NE_0002";"NE_0002";"NE_0002";"NE_0002"
"2023";"01";"090302";"HUANCAVELICA";"ANGARAES";"ANCHONGA";"GOBIERNO REGIONAL";"I-1";"00003958";"ANCHONGA";"NE_0001";"";"NE_0001";"NE_0001";"NE_0001";"NE_0001";"NE_0001";"NE_0001";"NE_0001"
"2023";"01";"090305";"HUANCAVELICA";"ANGARAES";"CHINCHO";"GOBIERNO REGIONAL";"I-1";"00003963";"CHINCHO";"NE_0001";"";"NE_0001";"NE_0001";"NE_0001";"NE_0001";"NE_0001";"NE_0001";"NE_0001"
"2023";"01";"090306";"HUANCAVELICA";"ANGARAES";"CONGALLA";"GOBIERNO REGIONAL";"I-1";"00011199";"CHAYNABAMBA";"NE_0001";"";"NE_0001";"NE_0001";"NE_0001";"NE_0001";"NE_0001";"NE_0001";"NE_0001"
"2023";"01";"090302";"HUANCAVELICA";"ANGARAES";"ANCHONGA";"GOBIERNO REGIONAL";"I-1";"00011454";"ALTO MARAYNIYOCC";"NE_0001";"";"NE_0001";"NE_0001";"NE_0001";"NE_0001";"NE_0001";"NE_0001";"NE_0001"
"2023";"01";"090302";"HUANCAVELICA";"ANGARAES";"ANCHONGA";"GOBIERNO REGIONAL";"I-1";"00006930";"HUARIRUMI - CHONTACANCHA";"NE_0001";"";"NE_0001";"NE_0001";"NE_0001";"NE_0001";"NE_0001";"NE_0001";"NE_0001"
"2023";"01";"090301";"HUANCAVELICA";"ANGARAES";"LIRCAY";"GOBIERNO REGIONAL";"I-1";"00007373";"SOCCLLABAMBA";"NE_0001";"";"NE_0001";"NE_0001";"NE_0001";"NE_0001";"NE_0001";"NE_0001";"NE_0001"
"2023";"01";"090302";"HUANCAVELICA";"ANGARAES";"ANCHONGA";"GOBIERNO REGIONAL";"I-2";"00003961";"SAN PABLO DE OCCO";"NE_0001";"";"NE_0001";"NE_0001";"NE_0001";"NE_0001";"NE_0001";"NE_0001";"NE_0001"
"2023";"01";"090306";"HUANCAVELICA";"ANGARAES";"CONGALLA";"GOBIERNO REGIONAL";"I-1";"00003973";"YUNYACCASA";"NE_0001";"";"NE_0001";"NE_0001";"NE_0001";"NE_0001";"NE_0001";"NE_0001";"NE_0001"
"2023";"01";"090306";"HUANCAVELICA";"ANGARAES";"CONGALLA";"GOBIERNO REGIONAL";"I-1";"00003974";"CARCOSI";"NE_0001";"";"NE_0001";"NE_0001";"NE_0001";"NE_0001";"NE_0001";"NE_0001";"NE_0001"
"2023";"01";"090306";"HUANCAVELICA";"ANGARAES";"CONGALLA";"GOBIERNO REGIONAL";"I-1";"00003975";"LIRCAYCCASA";"NE_0001";"";"NE_0001";"NE_0001";"NE_0001";"NE_0001";"NE_0001";"NE_0001";"NE_0001"
"2023";"01";"090307";"HUANCAVELICA";"ANGARAES";"HUANCA-HUANCA";"GOBIERNO REGIONAL";"I-1";"00011200";"CCARAPA";"NE_0001";"";"NE_0001";"NE_0001";"NE_0001";"NE_0001";"NE_0001";"NE_0001";"NE_0001"
"2023";"01";"090301";"HUANCAVELICA";"ANGARAES";"LIRCAY";"GOBIERNO REGIONAL";"I-1";"00011201";"CIENEGUILLA";"NE_0001";"";"NE_0001";"NE_0001";"NE_0001";"NE_0001";"NE_0001";"NE_0001";"NE_0001"
"2023";"01";"090304";"HUANCAVELICA";"ANGARAES";"CCOCHACCASA";"GOBIERNO REGIONAL";"I-1";"00011204";"VELASCO PUCAPAMPA";"NE_0001";"";"NE_0001";"NE_0001";"NE_0001";"NE_0001";"NE_0001";"NE_0001";"NE_0001"
"2023";"01";"090301";"HUANCAVELICA";"ANGARAES";"LIRCAY";"GOBIERNO REGIONAL";"I-1";"00003948";"UCHCUPAMPA";"NE_0001";"";"NE_0001";"NE_0001";"NE_0001";"NE_0001";"NE_0001";"NE_0001";"NE_0001"
"2023";"01";"090310";"HUANCAVELICA";"ANGARAES";"SAN ANTONIO DE ANTAPARCO";"GOBIERNO REGIONAL";"I-1";"00003966";"MAICENA";"NE_0001";"";"NE_0001";"NE_0001";"NE_0001";"NE_0001";"NE_0001";"NE_0001";"NE_0001"
"2023";"01";"090311";"HUANCAVELICA";"ANGARAES";"SANTO TOMAS DE PATA";"GOBIERNO REGIONAL";"I-1";"00003967";"SANTO TOMAS DE PATA";"NE_0001";"";"NE_0001";"NE_0001";"NE_0001";"NE_0001";"NE_0001";"NE_0001";"NE_0001"
"2023";"01";"090311";"HUANCAVELICA";"ANGARAES";"SANTO TOMAS DE PATA";"GOBIERNO REGIONAL";"I-1";"00003968";"CHUPACC";"NE_0001";"";"NE_0001";"NE_0001";"NE_0001";"NE_0001";"NE_0001";"NE_0001";"NE_0001"
"2023";"01";"090301";"HUANCAVELICA";"ANGARAES";"LIRCAY";"GOBIERNO REGIONAL";"I-1";"00011202";"PAMPAHUASI";"NE_0001";"";"NE_0001";"NE_0001";"NE_0001";"NE_0001";"NE_0001";"NE_0001";"NE_0001"
"2023";"01";"090301";"HUANCAVELICA";"ANGARAES";"LIRCAY";"GOBIERNO REGIONAL";"I-1";"00011205";"UNION PROGRESO PATAHUASI";"NE_0001";"";"NE_0001";"NE_0001";"NE_0001";"NE_0001";"NE_0001";"NE_0001";"NE_0001"
"2023";"01";"090302";"HUANCAVELICA";"ANGARAES";"ANCHONGA";"GOBIERNO REGIONAL";"I-1";"00028780";"LLANCAPUQUIO";"NE_0001";"";"NE_0001";"NE_0001";"NE_0001";"NE_0001";"NE_0001";"NE_0001";"NE_0001"
"2023";"01";"080105";"CUSCO";"CUSCO";"SAN SEBASTIAN";"PRIVADO";"II-E";"00024584";"VIRGEN GUADALUPE CUSCO";"240100";"HOSPITALIZACIÓN QUIRÚRGICA CIRUGÍA GENERAL ";"65";"65";"65";"65";"65";"67";"0"
"2023";"01";"080105";"CUSCO";"CUSCO";"SAN SEBASTIAN";"PRIVADO";"II-E";"00024584";"VIRGEN GUADALUPE CUSCO";"241800";"HOSPITALIZACIÓN DE MEDICINA MEDICINA GENERAL ";"3";"3";"3";"3";"3";"6";"0"
"2023";"01";"090203";"HUANCAVELICA";"ACOBAMBA";"ANTA";"GOBIERNO REGIONAL";"I-1";"00003941";"PUESTO DE SALUD MANYACC";"NE_0001";"";"NE_0001";"NE_0001";"NE_0001";"NE_0001";"NE_0001";"NE_0001";"NE_0001"
"2023";"01";"090203";"HUANCAVELICA";"ACOBAMBA";"ANTA";"GOBIERNO REGIONAL";"I-1";"00011230";"PUESTO DE SALUD RAYANNIYOCC";"NE_0001";"";"NE_0001";"NE_0001";"NE_0001";"NE_0001";"NE_0001";"NE_0001";"NE_0001"
"2023";"01";"090203";"HUANCAVELICA";"ACOBAMBA";"ANTA";"GOBIERNO REGIONAL";"I-3";"00003939";"CENTRO DE SALUD ANTA";"NE_0001";"";"NE_0001";"NE_0001";"NE_0001";"NE_0001";"NE_0001";"NE_0001";"NE_0001"
"2023";"01";"090203";"HUANCAVELICA";"ACOBAMBA";"ANTA";"GOBIERNO REGIONAL";"I-1";"00009697";"PUESTO DE SALUD DE CASACANCHA";"NE_0001";"";"NE_0001";"NE_0001";"NE_0001";"NE_0001";"NE_0001";"NE_0001";"NE_0001"
"2023";"01";"090203";"HUANCAVELICA";"ACOBAMBA";"ANTA";"GOBIERNO REGIONAL";"I-1";"00009469";"PUESTO DE SALUD VISTA ALEGRE DE ANTA";"NE_0001";"";"NE_0001";"NE_0001";"NE_0001";"NE_0001";"NE_0001";"NE_0001";"NE_0001"
"2023";"01";"100109";"HUANUCO";"HUANUCO";"SANTA MARIA DEL VALLE";"GOBIERNO REGIONAL";"I-3";"00000772";"SAN SEBASTIAN DE QUERA";"NE_0001";"";"NE_0001";"NE_0001";"NE_0001";"NE_0001";"NE_0001";"NE_0001";"NE_0001"
"2023";"02";"060101";"CAJAMARCA";"CAJAMARCA";"CAJAMARCA";"PRIVADO";"I-3";"00018140";"MEDITRAN PERU E.I.R.L.";"NE_0001";"";"NE_0001";"NE_0001";"NE_0001";"NE_0001";"NE_0001";"NE_0001";"NE_0001"
"2023";"02";"150122";"LIMA";"LIMA";"MIRAFLORES";"PRIVADO";"II-E";"00019748";"CLINICA HIGUERETA";"240000";"HOSPITALIZACIÓN";"142";"128";"484";"356";"17";"527";"0"
"2023";"02";"150122";"LIMA";"LIMA";"MIRAFLORES";"PRIVADO";"II-E";"00019748";"CLINICA HIGUERETA";"250100";"UNIDAD DE CUIDADOS CRITICOS UNIDAD  DE CUIDADOS INTENSIVOS GENERALES (UCI) ";"0";"1";"7";"6";"2";"62";"1"
"2023";"02";"021001";"ANCASH";"HUARI";"HUARI";"GOBIERNO REGIONAL";"II-1";"00001813";"HOSPITAL DE APOYO HUARI";"241600";"HOSPITALIZACIÓN QUIRÚRGICA OBSTETRICIA   ";"53";"56";"100";"105";"12";"336";"0"
"2023";"02";"021001";"ANCASH";"HUARI";"HUARI";"GOBIERNO REGIONAL";"II-1";"00001813";"HOSPITAL DE APOYO HUARI";"241800";"HOSPITALIZACIÓN DE MEDICINA MEDICINA GENERAL ";"34";"35";"149";"161";"12";"336";"0"
"2023";"02";"021001";"ANCASH";"HUARI";"HUARI";"GOBIERNO REGIONAL";"II-1";"00001813";"HOSPITAL DE APOYO HUARI";"242500";"HOSPITALIZACIÓN-PEDIATRÍA GENERAL-";"3";"3";"6";"6";"5";"140";"0"
"2023";"02";"060809";"CAJAMARCA";"JAEN";"SALLIQUE";"GOBIERNO REGIONAL";"I-2";"00004253";"LA UNION";"NE_0001";"";"NE_0001";"NE_0001";"NE_0001";"NE_0001";"NE_0001";"NE_0001";"NE_0001"
"2023";"02";"060809";"CAJAMARCA";"JAEN";"SALLIQUE";"GOBIERNO REGIONAL";"I-1";"00009967";"CHALANMACHE";"NE_0001";"";"NE_0001";"NE_0001";"NE_0001";"NE_0001";"NE_0001";"NE_0001";"NE_0001"
"2023";"02";"060809";"CAJAMARCA";"JAEN";"SALLIQUE";"GOBIERNO REGIONAL";"I-1";"00024940";"EL ESPINO";"NE_0001";"";"NE_0001";"NE_0001";"NE_0001";"NE_0001";"NE_0001";"NE_0001";"NE_0001"
"2023";"02";"060809";"CAJAMARCA";"JAEN";"SALLIQUE";"GOBIERNO REGIONAL";"I-1";"00025537";"TAILIN";"NE_0001";"";"NE_0001";"NE_0001";"NE_0001";"NE_0001";"NE_0001";"NE_0001";"NE_0001"
"2023";"02";"060809";"CAJAMARCA";"JAEN";"SALLIQUE";"GOBIERNO REGIONAL";"I-3";"00004250";"SALLIQUE";"NE_0001";"";"NE_0001";"NE_0001";"NE_0001";"NE_0001";"NE_0001";"NE_0001";"NE_0001"
"2023";"02";"060809";"CAJAMARCA";"JAEN";"SALLIQUE";"GOBIERNO REGIONAL";"I-1";"00004251";"MAZIN";"NE_0001";"";"NE_0001";"NE_0001";"NE_0001";"NE_0001";"NE_0001";"NE_0001";"NE_0001"
"2023";"02";"060809";"CAJAMARCA";"JAEN";"SALLIQUE";"GOBIERNO REGIONAL";"I-2";"00007053";"PALAMBE";"NE_0001";"";"NE_0001";"NE_0001";"NE_0001";"NE_0001";"NE_0001";"NE_0001";"NE_0001"
"2023";"02";"060809";"CAJAMARCA";"JAEN";"SALLIQUE";"GOBIERNO REGIONAL";"I-1";"00004252";"SAULACA";"NE_0001";"";"NE_0001";"NE_0001";"NE_0001";"NE_0001";"NE_0001";"NE_0001";"NE_0001"
"2023";"02";"050601";"AYACUCHO";"LUCANAS";"PUQUIO";"ESSALUD";"I-3";"00011438";"CENTRO DE ATENCION PRIMARIA II PUQUIO";"NE_0001";"";"NE_0001";"NE_0001";"NE_0001";"NE_0001";"NE_0001";"NE_0001";"NE_0001"
"2023";"02";"130101";"LA LIBERTAD";"TRUJILLO";"TRUJILLO";"PRIVADO";"II-1";"00012301";"CLINICA SAN ANTONIO";"240000";"HOSPITALIZACIÓN";"7";"9";"30";"21";"20";"24";"0"
"2023";"02";"130101";"LA LIBERTAD";"TRUJILLO";"TRUJILLO";"PRIVADO";"II-1";"00012301";"CLINICA SAN ANTONIO";"240100";"HOSPITALIZACIÓN QUIRÚRGICA CIRUGÍA GENERAL ";"2";"1";"4";"8";"20";"24";"0"
"2023";"02";"130101";"LA LIBERTAD";"TRUJILLO";"TRUJILLO";"PRIVADO";"II-1";"00012301";"CLINICA SAN ANTONIO";"240000";"HOSPITALIZACIÓN";"43";"33";"10";"23";"20";"24";"1"
"2023";"02";"130101";"LA LIBERTAD";"TRUJILLO";"TRUJILLO";"PRIVADO";"II-1";"00012301";"CLINICA SAN ANTONIO";"240900";"HOSPITALIZACIÓN QUIRÚRGICA NEUROCIRUGÍA ";"4";"2";"22";"18";"20";"24";"0"
"2023";"02";"130101";"LA LIBERTAD";"TRUJILLO";"TRUJILLO";"PRIVADO";"II-1";"00012301";"CLINICA SAN ANTONIO";"240000";"HOSPITALIZACIÓN";"1";"1";"1";"1";"20";"24";"0"
"2023";"02";"130101";"LA LIBERTAD";"TRUJILLO";"TRUJILLO";"PRIVADO";"II-1";"00012301";"CLINICA SAN ANTONIO";"241200";"HOSPITALIZACIÓN QUIRÚRGICA TRAUMATOLOGÍA Y ORTOPEDIA ";"8";"6";"44";"20";"20";"24";"0"
"2023";"02";"130101";"LA LIBERTAD";"TRUJILLO";"TRUJILLO";"PRIVADO";"II-1";"00012301";"CLINICA SAN ANTONIO";"244300";"HOSPITALIZACIÓN DE MEDICINA GASTROENTEROLOGÍA  ";"7";"6";"8";"21";"20";"24";"0"
"2023";"02";"130101";"LA LIBERTAD";"TRUJILLO";"TRUJILLO";"PRIVADO";"II-1";"00012301";"CLINICA SAN ANTONIO";"245400";"HOSPITALIZACIÓN DE MEDICINA GINECOLOGIA ";"1";"1";"6";"6";"20";"24";"0"
"2023";"02";"120303";"JUNIN";"CHANCHAMAYO";"PICHANAQUI";"GOBIERNO REGIONAL";"I-2";"00000352";"UNION SHIMASHIRO";"NE_0001";"";"NE_0001";"NE_0001";"NE_0001";"NE_0001";"NE_0001";"NE_0001";"NE_0001"
"2023";"02";"120303";"JUNIN";"CHANCHAMAYO";"PICHANAQUI";"GOBIERNO REGIONAL";"I-2";"00000342";"PRIMAVERA";"NE_0001";"";"NE_0001";"NE_0001";"NE_0001";"NE_0001";"NE_0001";"NE_0001";"NE_0001"
"2023";"02";"010101";"AMAZONAS";"CHACHAPOYAS";"CHACHAPOYAS";"PRIVADO";"I-3";"00026399";"CENTRO MEDICO AMAZONAS EIRL";"NE_0001";"";"NE_0001";"NE_0001";"NE_0001";"NE_0001";"NE_0001";"NE_0001";"NE_0001"
"2023";"02";"100508";"HUANUCO";"HUAMALIES";"PUNCHAO";"GOBIERNO REGIONAL";"I-2";"00000901";"PUNCHAO";"NE_0001";"";"NE_0001";"NE_0001";"NE_0001";"NE_0001";"NE_0001";"NE_0001";"NE_0001"
"2023";"02";"100510";"HUANUCO";"HUAMALIES";"SINGA";"GOBIERNO REGIONAL";"I-1";"00019155";"SAN JUAN DE VISCAS";"NE_0001";"";"NE_0001";"NE_0001";"NE_0001";"NE_0001";"NE_0001";"NE_0001";"NE_0001"
"2023";"02";"120303";"JUNIN";"CHANCHAMAYO";"PICHANAQUI";"GOBIERNO REGIONAL";"I-2";"00000341";"IMPITATO CASCADA";"NE_0001";"";"NE_0001";"NE_0001";"NE_0001";"NE_0001";"NE_0001";"NE_0001";"NE_0001"
"2023";"02";"120303";"JUNIN";"CHANCHAMAYO";"PICHANAQUI";"GOBIERNO REGIONAL";"I-2";"00000345";"PAMPA CAMONA";"NE_0001";"";"NE_0001";"NE_0001";"NE_0001";"NE_0001";"NE_0001";"NE_0001";"NE_0001"
"2023";"02";"100510";"HUANUCO";"HUAMALIES";"SINGA";"GOBIERNO REGIONAL";"I-1";"00000902";"BELLAS FLORES";"NE_0001";"";"NE_0001";"NE_0001";"NE_0001";"NE_0001";"NE_0001";"NE_0001";"NE_0001"
"2023";"02";"100510";"HUANUCO";"HUAMALIES";"SINGA";"GOBIERNO REGIONAL";"I-3";"00000900";"SINGA";"NE_0001";"";"NE_0001";"NE_0001";"NE_0001";"NE_0001";"NE_0001";"NE_0001";"NE_0001"
"2023";"02";"100510";"HUANUCO";"HUAMALIES";"SINGA";"GOBIERNO REGIONAL";"I-1";"00017149";"SANTA ROSA DE PAMPAN";"NE_0001";"";"NE_0001";"NE_0001";"NE_0001";"NE_0001";"NE_0001";"NE_0001";"NE_0001"
"2023";"02";"110101";"ICA";"ICA";"ICA";"GOBIERNO REGIONAL";"I-2";"00003385";"SAN MARTIN DE PORRAS";"NE_0001";"";"NE_0001";"NE_0001";"NE_0001";"NE_0001";"NE_0001";"NE_0001";"NE_0001"
"2023";"02";"110110";"ICA";"ICA";"SAN JUAN BAUTISTA";"MINSA";"I-2";"00003387";"CAMINO DE REYES";"NE_0001";"";"NE_0001";"NE_0001";"NE_0001";"NE_0001";"NE_0001";"NE_0001";"NE_0001"
"2023";"02";"110110";"ICA";"ICA";"SAN JUAN BAUTISTA";"GOBIERNO REGIONAL";"I-3";"00003364";"SAN JUAN BAUTISTA";"NE_0001";"";"NE_0001";"NE_0001";"NE_0001";"NE_0001";"NE_0001";"NE_0001";"NE_0001"
"2023";"02";"110112";"ICA";"ICA";"SUBTANJALLA";"MINSA";"I-3";"00003381";"FONAVI IV";"NE_0001";"";"NE_0001";"NE_0001";"NE_0001";"NE_0001";"NE_0001";"NE_0001";"NE_0001"
"2023";"02";"110110";"ICA";"ICA";"SAN JUAN BAUTISTA";"GOBIERNO REGIONAL";"I-3";"00003386";"EL CARMEN-OLIVO";"NE_0001";"";"NE_0001";"NE_0001";"NE_0001";"NE_0001";"NE_0001";"NE_0001";"NE_0001"
"2023";"02";"120305";"JUNIN";"CHANCHAMAYO";"SAN RAMON";"GOBIERNO REGIONAL";"I-4";"00000354";"SAN RAMON";"241600";"HOSPITALIZACIÓN QUIRÚRGICA OBSTETRICIA   ";"4";"4";"8";"8";"5";"150";"0"
"2023";"02";"120305";"JUNIN";"CHANCHAMAYO";"SAN RAMON";"GOBIERNO REGIONAL";"I-4";"00000354";"SAN RAMON";"241800";"HOSPITALIZACIÓN DE MEDICINA MEDICINA GENERAL ";"16";"15";"37";"37";"3";"90";"0"
"2023";"02";"120306";"JUNIN";"CHANCHAMAYO";"VITOC";"GOBIERNO REGIONAL";"I-1";"00000359";"VISCATAN";"NE_0001";"";"NE_0001";"NE_0001";"NE_0001";"NE_0001";"NE_0001";"NE_0001";"NE_0001"
"2023";"02";"120305";"JUNIN";"CHANCHAMAYO";"SAN RAMON";"GOBIERNO REGIONAL";"I-2";"00000356";"LA ESPERANZA";"NE_0001";"";"NE_0001";"NE_0001";"NE_0001";"NE_0001";"NE_0001";"NE_0001";"NE_0001"
"2023";"02";"120419";"JUNIN";"JAUJA";"MONOBAMBA";"GOBIERNO REGIONAL";"I-2";"00000362";"MONOBAMBA";"NE_0001";"";"NE_0001";"NE_0001";"NE_0001";"NE_0001";"NE_0001";"NE_0001";"NE_0001"
"2023";"02";"120306";"JUNIN";"CHANCHAMAYO";"VITOC";"GOBIERNO REGIONAL";"I-2";"00000358";"VITOC";"NE_0001";"";"NE_0001";"NE_0001";"NE_0001";"NE_0001";"NE_0001";"NE_0001";"NE_0001"
"2023";"02";"120306";"JUNIN";"CHANCHAMAYO";"VITOC";"GOBIERNO REGIONAL";"I-1";"00000360";"UTCUYACU";"NE_0001";"";"NE_0001";"NE_0001";"NE_0001";"NE_0001";"NE_0001";"NE_0001";"NE_0001"
"2023";"02";"120305";"JUNIN";"CHANCHAMAYO";"SAN RAMON";"GOBIERNO REGIONAL";"I-2";"00000355";"NARANJAL";"NE_0001";"";"NE_0001";"NE_0001";"NE_0001";"NE_0001";"NE_0001";"NE_0001";"NE_0001"
"2023";"02";"120305";"JUNIN";"CHANCHAMAYO";"SAN RAMON";"GOBIERNO REGIONAL";"I-1";"00000357";"PEDREGAL";"NE_0001";"";"NE_0001";"NE_0001";"NE_0001";"NE_0001";"NE_0001";"NE_0001";"NE_0001"
"2023";"03";"040129";"AREQUIPA";"AREQUIPA";"JOSE LUIS BUSTAMANTE Y RIVERO";"GOBIERNO REGIONAL";"I-3";"00001257";"CENTRO DE SALUD VICTOR RAUL HINOJOSA LLERENA";"NE_0001";"";"NE_0001";"NE_0001";"NE_0001";"NE_0001";"NE_0001";"NE_0001";"NE_0001"
"2023";"03";"040129";"AREQUIPA";"AREQUIPA";"JOSE LUIS BUSTAMANTE Y RIVERO";"GOBIERNO REGIONAL";"I-3";"00023488";"CENTRO DE SALUD MENTAL COMUNITARIO SIMON BOLIVAR";"NE_0001";"";"NE_0001";"NE_0001";"NE_0001";"NE_0001";"NE_0001";"NE_0001";"NE_0001"
"2023";"03";"040129";"AREQUIPA";"AREQUIPA";"JOSE LUIS BUSTAMANTE Y RIVERO";"GOBIERNO REGIONAL";"I-2";"00001263";"PUESTO DE SALUD 13 DE ENERO";"NE_0001";"";"NE_0001";"NE_0001";"NE_0001";"NE_0001";"NE_0001";"NE_0001";"NE_0001"
"2023";"03";"040129";"AREQUIPA";"AREQUIPA";"JOSE LUIS BUSTAMANTE Y RIVERO";"GOBIERNO REGIONAL";"I-3";"00001264";"CENTRO DE SALUD LAS ESMERALDAS";"NE_0001";"";"NE_0001";"NE_0001";"NE_0001";"NE_0001";"NE_0001";"NE_0001";"NE_0001"
"2023";"03";"040129";"AREQUIPA";"AREQUIPA";"JOSE LUIS BUSTAMANTE Y RIVERO";"GOBIERNO REGIONAL";"I-2";"00001267";"PUESTO DE SALUD CERRO JULI";"NE_0001";"";"NE_0001";"NE_0001";"NE_0001";"NE_0001";"NE_0001";"NE_0001";"NE_0001"
"2023";"03";"220201";"SAN MARTIN";"BELLAVISTA";"BELLAVISTA";"GOBIERNO REGIONAL";"II-E";"00006502";"HOSPITAL BELLAVISTA";"240100";"HOSPITALIZACIÓN QUIRÚRGICA CIRUGÍA GENERAL ";"13";"16";"64";"64";"8";"248";"0"
"2023";"03";"220201";"SAN MARTIN";"BELLAVISTA";"BELLAVISTA";"GOBIERNO REGIONAL";"II-E";"00006502";"HOSPITAL BELLAVISTA";"241500";"HOSPITALIZACIÓN QUIRÚRGICA GINECOLOGÍA  ";"30";"34";"99";"99";"6";"155";"0"
"2023";"03";"220201";"SAN MARTIN";"BELLAVISTA";"BELLAVISTA";"GOBIERNO REGIONAL";"II-E";"00006502";"HOSPITAL BELLAVISTA";"241900";"HOSPITALIZACIÓN DE MEDICINA MEDICINA INTERNA ";"50";"53";"195";"223";"10";"310";"1"
"2023";"03";"220201";"SAN MARTIN";"BELLAVISTA";"BELLAVISTA";"GOBIERNO REGIONAL";"II-E";"00006502";"HOSPITAL BELLAVISTA";"242500";"HOSPITALIZACIÓN-PEDIATRÍA GENERAL-";"12";"13";"51";"51";"6";"186";"0"
"2023";"03";"220201";"SAN MARTIN";"BELLAVISTA";"BELLAVISTA";"GOBIERNO REGIONAL";"II-E";"00006502";"HOSPITAL BELLAVISTA";"243200";"HOSPITALIZACIÓN DE PEDIATRÍA PEDIATRIA NEONATOLOGÍA";"15";"18";"55";"55";"2";"62";"0"
"2023";"01";"250102";"UCAYALI";"CORONEL PORTILLO";"CAMPOVERDE";"GOBIERNO REGIONAL";"I-1";"00025879";"PUESTO DE SALUD AMAKELLA";"NE_0001";"";"NE_0001";"NE_0001";"NE_0001";"NE_0001";"NE_0001";"NE_0001";"NE_0001"
"2023";"01";"250102";"UCAYALI";"CORONEL PORTILLO";"CAMPOVERDE";"GOBIERNO REGIONAL";"I-1";"00021550";"ALTO 9 DE FEBRERO";"NE_0001";"";"NE_0001";"NE_0001";"NE_0001";"NE_0001";"NE_0001";"NE_0001";"NE_0001"
"2023";"01";"250102";"UCAYALI";"CORONEL PORTILLO";"CAMPOVERDE";"GOBIERNO REGIONAL";"I-1";"00012260";"TIERRA BUENA";"NE_0001";"";"NE_0001";"NE_0001";"NE_0001";"NE_0001";"NE_0001";"NE_0001";"NE_0001"
"2023";"01";"250102";"UCAYALI";"CORONEL PORTILLO";"CAMPOVERDE";"GOBIERNO REGIONAL";"I-1";"00011909";"NUEVA TUNUYA";"NE_0001";"";"NE_0001";"NE_0001";"NE_0001";"NE_0001";"NE_0001";"NE_0001";"NE_0001"
"2023";"03";"150605";"LIMA";"HUARAL";"CHANCAY";"GOBIERNO REGIONAL";"II-2";"00007638";"HOSPITAL DE CHANCAY Y SBS Dr. HIDALGO ATOCHE L¿PEZ";"240100";"HOSPITALIZACIÓN QUIRÚRGICA CIRUGÍA GENERAL ";"57";"66";"193";"193";"8";"248";"0"
"2023";"03";"150605";"LIMA";"HUARAL";"CHANCAY";"GOBIERNO REGIONAL";"II-2";"00007638";"HOSPITAL DE CHANCAY Y SBS Dr. HIDALGO ATOCHE L¿PEZ";"241200";"HOSPITALIZACIÓN QUIRÚRGICA TRAUMATOLOGÍA Y ORTOPEDIA ";"21";"26";"103";"103";"5";"155";"0"
"2023";"03";"150605";"LIMA";"HUARAL";"CHANCAY";"GOBIERNO REGIONAL";"II-2";"00007638";"HOSPITAL DE CHANCAY Y SBS Dr. HIDALGO ATOCHE L¿PEZ";"241300";"HOSPITALIZACIÓN QUIRÚRGICA UROLOGÍA  ";"2";"2";"3";"3";"1";"31";"0"
"2023";"03";"150605";"LIMA";"HUARAL";"CHANCAY";"GOBIERNO REGIONAL";"II-2";"00007638";"HOSPITAL DE CHANCAY Y SBS Dr. HIDALGO ATOCHE L¿PEZ";"241500";"HOSPITALIZACIÓN QUIRÚRGICA GINECOLOGÍA  ";"20";"22";"57";"57";"8";"248";"0"
"2023";"03";"150605";"LIMA";"HUARAL";"CHANCAY";"GOBIERNO REGIONAL";"II-2";"00007638";"HOSPITAL DE CHANCAY Y SBS Dr. HIDALGO ATOCHE L¿PEZ";"241600";"HOSPITALIZACIÓN QUIRÚRGICA OBSTETRICIA   ";"96";"107";"252";"252";"13";"403";"0"
"2023";"03";"150605";"LIMA";"HUARAL";"CHANCAY";"GOBIERNO REGIONAL";"II-2";"00007638";"HOSPITAL DE CHANCAY Y SBS Dr. HIDALGO ATOCHE L¿PEZ";"241800";"HOSPITALIZACIÓN DE MEDICINA MEDICINA GENERAL ";"48";"59";"393";"393";"16";"496";"3"
"2023";"03";"150605";"LIMA";"HUARAL";"CHANCAY";"GOBIERNO REGIONAL";"II-2";"00007638";"HOSPITAL DE CHANCAY Y SBS Dr. HIDALGO ATOCHE L¿PEZ";"242500";"HOSPITALIZACIÓN-PEDIATRÍA GENERAL-";"26";"30";"92";"92";"14";"434";"0"
"2023";"03";"150605";"LIMA";"HUARAL";"CHANCAY";"GOBIERNO REGIONAL";"II-2";"00007638";"HOSPITAL DE CHANCAY Y SBS Dr. HIDALGO ATOCHE L¿PEZ";"243200";"HOSPITALIZACIÓN DE PEDIATRÍA PEDIATRIA NEONATOLOGÍA";"11";"15";"72";"72";"6";"186";"0"
"2023";"03";"150605";"LIMA";"HUARAL";"CHANCAY";"GOBIERNO REGIONAL";"II-2";"00007638";"HOSPITAL DE CHANCAY Y SBS Dr. HIDALGO ATOCHE L¿PEZ";"250103";"UNIDAD DE CUIDADOS CRITICOS UNIDAD  DE CUIDADOS INTENSIVOS GENERALES  (UCI) MEDICINA";"2";"4";"37";"37";"4";"124";"1"
"2023";"01";"250102";"UCAYALI";"CORONEL PORTILLO";"CAMPOVERDE";"GOBIERNO REGIONAL";"I-1";"00011626";"NUEVA ESPERANZA";"NE_0001";"";"NE_0001";"NE_0001";"NE_0001";"NE_0001";"NE_0001";"NE_0001";"NE_0001"
"2023";"01";"250102";"UCAYALI";"CORONEL PORTILLO";"CAMPOVERDE";"GOBIERNO REGIONAL";"I-2";"00007081";"LA MERCED DE NESHUYA";"NE_0001";"";"NE_0001";"NE_0001";"NE_0001";"NE_0001";"NE_0001";"NE_0001";"NE_0001"
"2023";"01";"250102";"UCAYALI";"CORONEL PORTILLO";"CAMPOVERDE";"GOBIERNO REGIONAL";"I-1";"00005439";"SAN PEDRO KM 47";"NE_0001";"";"NE_0001";"NE_0001";"NE_0001";"NE_0001";"NE_0001";"NE_0001";"NE_0001"
"2023";"03";"080207";"CUSCO";"ACOMAYO";"SANGARARA";"GOBIERNO REGIONAL";"I-2";"00002325";"PUESTO DE SALUD MARCACONGA";"NE_0002";"";"NE_0002";"NE_0002";"NE_0002";"NE_0002";"NE_0002";"NE_0002";"NE_0002"
"2023";"01";"250102";"UCAYALI";"CORONEL PORTILLO";"CAMPOVERDE";"GOBIERNO REGIONAL";"I-1";"00005437";"ANTONIO RAYMONDI";"NE_0001";"";"NE_0001";"NE_0001";"NE_0001";"NE_0001";"NE_0001";"NE_0001";"NE_0001"
"2023";"03";"080201";"CUSCO";"ACOMAYO";"ACOMAYO";"GOBIERNO REGIONAL";"I-4";"00002317";"ACOMAYO";"NE_0002";"";"NE_0002";"NE_0002";"NE_0002";"NE_0002";"NE_0002";"NE_0002";"NE_0002"
"2023";"01";"250102";"UCAYALI";"CORONEL PORTILLO";"CAMPOVERDE";"GOBIERNO REGIONAL";"I-1";"00005436";"LA VICTORIA";"NE_0001";"";"NE_0001";"NE_0001";"NE_0001";"NE_0001";"NE_0001";"NE_0001";"NE_0001"
"2023";"03";"080202";"CUSCO";"ACOMAYO";"ACOPIA";"GOBIERNO REGIONAL";"I-1";"00002318";"ACOPIA";"NE_0002";"";"NE_0002";"NE_0002";"NE_0002";"NE_0002";"NE_0002";"NE_0002";"NE_0002"
"2023";"01";"250102";"UCAYALI";"CORONEL PORTILLO";"CAMPOVERDE";"GOBIERNO REGIONAL";"I-1";"00005435";"EL PORVENIR KM 25";"NE_0001";"";"NE_0001";"NE_0001";"NE_0001";"NE_0001";"NE_0001";"NE_0001";"NE_0001"
"2023";"03";"080205";"CUSCO";"ACOMAYO";"POMACANCHI";"GOBIERNO REGIONAL";"I-4";"00002321";"POMACANCHI";"NE_0002";"";"NE_0002";"NE_0002";"NE_0002";"NE_0002";"NE_0002";"NE_0002";"NE_0002"
"2023";"01";"250102";"UCAYALI";"CORONEL PORTILLO";"CAMPOVERDE";"GOBIERNO REGIONAL";"I-1";"00005434";"PUESTO DE SALUD  ALTO MANANTAY";"NE_0001";"";"NE_0001";"NE_0001";"NE_0001";"NE_0001";"NE_0001";"NE_0001";"NE_0001"
"2023";"03";"080205";"CUSCO";"ACOMAYO";"POMACANCHI";"GOBIERNO REGIONAL";"I-1";"00002322";"SAN JUAN DE POMACANCHI";"NE_0002";"";"NE_0002";"NE_0002";"NE_0002";"NE_0002";"NE_0002";"NE_0002";"NE_0002"
"2023";"01";"250102";"UCAYALI";"CORONEL PORTILLO";"CAMPOVERDE";"GOBIERNO REGIONAL";"I-1";"00005433";"P.S  LAS MERCEDES KM. 42";"NE_0001";"";"NE_0001";"NE_0001";"NE_0001";"NE_0001";"NE_0001";"NE_0001";"NE_0001"
"2023";"01";"120707";"JUNIN";"TARMA";"PALCAMAYO";"GOBIERNO REGIONAL";"I-3";"00000527";"PALCAMAYO";"NE_0001";"";"NE_0001";"NE_0001";"NE_0001";"NE_0001";"NE_0001";"NE_0001";"NE_0001"
"2023";"01";"120707";"JUNIN";"TARMA";"PALCAMAYO";"GOBIERNO REGIONAL";"I-1";"00000529";"OCHONGA";"NE_0001";"";"NE_0001";"NE_0001";"NE_0001";"NE_0001";"NE_0001";"NE_0001";"NE_0001"
"2023";"01";"120707";"JUNIN";"TARMA";"PALCAMAYO";"GOBIERNO REGIONAL";"I-1";"00000533";"CALCA";"NE_0001";"";"NE_0001";"NE_0001";"NE_0001";"NE_0001";"NE_0001";"NE_0001";"NE_0001"
"2023";"01";"120707";"JUNIN";"TARMA";"PALCAMAYO";"GOBIERNO REGIONAL";"I-1";"00000531";"INCACHACA YANAMACHAY";"NE_0001";"";"NE_0001";"NE_0001";"NE_0001";"NE_0001";"NE_0001";"NE_0001";"NE_0001"
"2023";"01";"120707";"JUNIN";"TARMA";"PALCAMAYO";"GOBIERNO REGIONAL";"I-1";"00000532";"HUAMANIA";"NE_0001";"";"NE_0001";"NE_0001";"NE_0001";"NE_0001";"NE_0001";"NE_0001";"NE_0001"
"2023";"01";"160108";"LORETO";"MAYNAS";"PUNCHANA";"ESSALUD";"I-3";"00011397";"CENTRO DE ATENCION PRIMARIA III PUNCHANA";"NE_0001";"";"NE_0001";"NE_0001";"NE_0001";"NE_0001";"NE_0001";"NE_0001";"NE_0001"
"2023";"01";"060310";"CAJAMARCA";"CELENDIN";"SUCRE";"GOBIERNO REGIONAL";"I-3";"00004482";"SUCRE";"NE_0001";"";"NE_0001";"NE_0001";"NE_0001";"NE_0001";"NE_0001";"NE_0001";"NE_0001"
"2023";"01";"060310";"CAJAMARCA";"CELENDIN";"SUCRE";"GOBIERNO REGIONAL";"I-1";"00009084";"VIGASPAMPA";"NE_0001";"";"NE_0001";"NE_0001";"NE_0001";"NE_0001";"NE_0001";"NE_0001";"NE_0001"
"2023";"01";"060310";"CAJAMARCA";"CELENDIN";"SUCRE";"GOBIERNO REGIONAL";"I-1";"00004485";"CALCONGA";"NE_0001";"";"NE_0001";"NE_0001";"NE_0001";"NE_0001";"NE_0001";"NE_0001";"NE_0001"
"2023";"01";"060305";"CAJAMARCA";"CELENDIN";"JORGE CHAVEZ";"GOBIERNO REGIONAL";"I-1";"00004487";"JORGE CHAVEZ";"NE_0001";"";"NE_0001";"NE_0001";"NE_0001";"NE_0001";"NE_0001";"NE_0001";"NE_0001"
"2023";"01";"060308";"CAJAMARCA";"CELENDIN";"OXAMARCA";"GOBIERNO REGIONAL";"I-1";"00009046";"MINASCONGA";"NE_0001";"";"NE_0001";"NE_0001";"NE_0001";"NE_0001";"NE_0001";"NE_0001";"NE_0001"
"2023";"01";"060310";"CAJAMARCA";"CELENDIN";"SUCRE";"GOBIERNO REGIONAL";"I-1";"00025043";"CRUZCONGA";"NE_0001";"";"NE_0001";"NE_0001";"NE_0001";"NE_0001";"NE_0001";"NE_0001";"NE_0001"
"2023";"01";"150131";"LIMA";"LIMA";"SAN ISIDRO";"PRIVADO";"II-2";"00012633";"CLINICA JAVIER PRADO";"240100";"HOSPITALIZACIÓN QUIRÚRGICA CIRUGÍA GENERAL ";"161";"149";"367";"511";"56";"1736";"1"
"2023";"01";"150131";"LIMA";"LIMA";"SAN ISIDRO";"PRIVADO";"II-2";"00012633";"CLINICA JAVIER PRADO";"241400";"HOSPITALIZACIÓN QUIRÚRGICA GINECO - OBSTETRICIA ";"67";"66";"150";"238";"20";"620";"0"
"2023";"01";"150131";"LIMA";"LIMA";"SAN ISIDRO";"PRIVADO";"II-2";"00012633";"CLINICA JAVIER PRADO";"241900";"HOSPITALIZACIÓN DE MEDICINA MEDICINA INTERNA ";"143";"129";"372";"526";"53";"1643";"1"
"2023";"01";"150131";"LIMA";"LIMA";"SAN ISIDRO";"PRIVADO";"II-2";"00012633";"CLINICA JAVIER PRADO";"242300";"HOSPITALIZACIÓN DE PEDIATRÍA  PEDIATRÍA  GENERAL ";"32";"32";"79";"103";"22";"682";"0"
"2023";"01";"150122";"LIMA";"LIMA";"MIRAFLORES";"PRIVADO";"II-E";"00015182";"OPTIMA VISION S.R.L.";"NE_0001";"";"NE_0001";"NE_0001";"NE_0001";"NE_0001";"NE_0001";"NE_0001";"NE_0001"
"2023";"01";"080101";"CUSCO";"CUSCO";"CUSCO";"PRIVADO";"II-E";"00016758";"HERMANA JOSEFINA SERRANO";"240000";"HOSPITALIZACIÓN";"9";"6";"554";"17";"42";"1176";"1"
"2023";"01";"021809";"ANCASH";"SANTA";"NUEVO CHIMBOTE";"PRIVADO";"II-1";"00016536";"CLINICA BAHIA S.A.C.";"240000";"HOSPITALIZACIÓN";"9";"8";"9";"9";"8";"248";"0"
"2023";"02";"130501";"LA LIBERTAD";"JULCAN";"JULCAN";"GOBIERNO REGIONAL";"I-3";"00006775";"AYANGAY";"NE_0002";"";"NE_0002";"NE_0002";"NE_0002";"NE_0002";"NE_0002";"NE_0002";"NE_0002"
"2023";"02";"130501";"LA LIBERTAD";"JULCAN";"JULCAN";"GOBIERNO REGIONAL";"I-2";"00016423";"SAN ANTONIO";"NE_0002";"";"NE_0002";"NE_0002";"NE_0002";"NE_0002";"NE_0002";"NE_0002";"NE_0002"
"2023";"02";"130501";"LA LIBERTAD";"JULCAN";"JULCAN";"GOBIERNO REGIONAL";"I-2";"00006963";"CHUGURPAMPA";"NE_0002";"";"NE_0002";"NE_0002";"NE_0002";"NE_0002";"NE_0002";"NE_0002";"NE_0002"
"2023";"02";"130501";"LA LIBERTAD";"JULCAN";"JULCAN";"GOBIERNO REGIONAL";"I-2";"00007249";"SAN AGUSTIN";"NE_0002";"";"NE_0002";"NE_0002";"NE_0002";"NE_0002";"NE_0002";"NE_0002";"NE_0002"
"2023";"02";"130501";"LA LIBERTAD";"JULCAN";"JULCAN";"GOBIERNO REGIONAL";"I-2";"00005307";"SANTA TERESA";"NE_0002";"";"NE_0002";"NE_0002";"NE_0002";"NE_0002";"NE_0002";"NE_0002";"NE_0002"
"2023";"02";"130501";"LA LIBERTAD";"JULCAN";"JULCAN";"GOBIERNO REGIONAL";"I-2";"00006774";"PARUQUE BAJO";"NE_0002";"";"NE_0002";"NE_0002";"NE_0002";"NE_0002";"NE_0002";"NE_0002";"NE_0002"
"2023";"02";"080901";"CUSCO";"LA CONVENCION";"SANTA ANA";"GOBIERNO REGIONAL";"II-1";"00002421";"QUILLABAMBA";"240100";"HOSPITALIZACIÓN QUIRÚRGICA CIRUGÍA GENERAL ";"81";"84";"548";"561";"22";"616";"0"
"2023";"02";"080901";"CUSCO";"LA CONVENCION";"SANTA ANA";"GOBIERNO REGIONAL";"II-1";"00002421";"QUILLABAMBA";"241400";"HOSPITALIZACIÓN QUIRÚRGICA GINECO - OBSTETRICIA ";"122";"121";"244";"285";"31";"868";"0"
"2023";"02";"080901";"CUSCO";"LA CONVENCION";"SANTA ANA";"GOBIERNO REGIONAL";"II-1";"00002421";"QUILLABAMBA";"241800";"HOSPITALIZACIÓN DE MEDICINA MEDICINA GENERAL ";"82";"74";"365";"568";"32";"896";"5"
"2023";"02";"080901";"CUSCO";"LA CONVENCION";"SANTA ANA";"GOBIERNO REGIONAL";"II-1";"00002421";"QUILLABAMBA";"242500";"HOSPITALIZACIÓN-PEDIATRÍA GENERAL-";"22";"24";"116";"50";"25";"700";"0"
"2023";"02";"080901";"CUSCO";"LA CONVENCION";"SANTA ANA";"GOBIERNO REGIONAL";"II-1";"00002421";"QUILLABAMBA";"242200";"HOSPITALIZACIÓN DE MEDICINA PSIQUIATRÍA ";"8";"7";"200";"202";"10";"280";"0"
"2023";"02";"080605";"CUSCO";"CANCHIS";"PITUMARCA";"GOBIERNO REGIONAL";"I-1";"00002393";"PHINAYA";"NE_0001";"";"NE_0001";"NE_0001";"NE_0001";"NE_0001";"NE_0001";"NE_0001";"NE_0001"
"2023";"02";"080601";"CUSCO";"CANCHIS";"SICUANI";"GOBIERNO REGIONAL";"I-2";"00002381";"QUEHUAR";"NE_0001";"";"NE_0001";"NE_0001";"NE_0001";"NE_0001";"NE_0001";"NE_0001";"NE_0001"
"2023";"02";"080606";"CUSCO";"CANCHIS";"SAN PABLO";"GOBIERNO REGIONAL";"I-2";"00002394";"SAN PABLO CANCHIS";"NE_0001";"";"NE_0001";"NE_0001";"NE_0001";"NE_0001";"NE_0001";"NE_0001";"NE_0001"
"2023";"02";"211101";"PUNO";"SAN ROMAN";"JULIACA";"ESSALUD";"II-2";"00009899";"HOSPITAL BASE III JULIACA - ESSALUD - RED ASISTENCIAL JULIACA";"241900";"HOSPITALIZACIÓN DE MEDICINA MEDICINA INTERNA ";"49";"43";"314";"314";"13";"403";"3"
"2023";"02";"211101";"PUNO";"SAN ROMAN";"JULIACA";"ESSALUD";"II-2";"00009899";"HOSPITAL BASE III JULIACA - ESSALUD - RED ASISTENCIAL JULIACA";"244000";"HOSPITALIZACIÓN DE MEDICINA CARDIOLOGIA ";"3";"5";"36";"36";"2";"62";"1"
"2023";"02";"211101";"PUNO";"SAN ROMAN";"JULIACA";"ESSALUD";"II-2";"00009899";"HOSPITAL BASE III JULIACA - ESSALUD - RED ASISTENCIAL JULIACA";"244300";"HOSPITALIZACIÓN DE MEDICINA GASTROENTEROLOGÍA  ";"17";"17";"124";"124";"4";"124";"1"
"2023";"02";"211101";"PUNO";"SAN ROMAN";"JULIACA";"ESSALUD";"II-2";"00009899";"HOSPITAL BASE III JULIACA - ESSALUD - RED ASISTENCIAL JULIACA";"244700";"HOSPITALIZACIÓN DE MEDICINA NEUROLOGIA  ";"2";"4";"32";"32";"2";"62";"0"
"2023";"02";"211101";"PUNO";"SAN ROMAN";"JULIACA";"ESSALUD";"II-2";"00009899";"HOSPITAL BASE III JULIACA - ESSALUD - RED ASISTENCIAL JULIACA";"244600";"HOSPITALIZACIÓN DE MEDICINA NEFROLOGIA ";"3";"2";"7";"7";"1";"31";"2"
"2023";"02";"211101";"PUNO";"SAN ROMAN";"JULIACA";"ESSALUD";"II-2";"00009899";"HOSPITAL BASE III JULIACA - ESSALUD - RED ASISTENCIAL JULIACA";"245300";"HOSPITALIZACIÓN DE MEDICINA NEUMOLOGÍA  ";"9";"11";"110";"110";"8";"248";"0"
"2023";"02";"211101";"PUNO";"SAN ROMAN";"JULIACA";"ESSALUD";"II-2";"00009899";"HOSPITAL BASE III JULIACA - ESSALUD - RED ASISTENCIAL JULIACA";"245500";"HOSPITALIZACIÓN DE MEDICINA REUMATOLOGÍA    ";"1";"2";"25";"25";"1";"31";"0"
"2023";"02";"211101";"PUNO";"SAN ROMAN";"JULIACA";"ESSALUD";"II-2";"00009899";"HOSPITAL BASE III JULIACA - ESSALUD - RED ASISTENCIAL JULIACA";"244200";"HOSPITALIZACIÓN DE MEDICINA ENDOCRINOLOGIA ";"1";"1";"3";"3";"1";"31";"0"
"2023";"02";"211101";"PUNO";"SAN ROMAN";"JULIACA";"ESSALUD";"II-2";"00009899";"HOSPITAL BASE III JULIACA - ESSALUD - RED ASISTENCIAL JULIACA";"240100";"HOSPITALIZACIÓN QUIRÚRGICA CIRUGÍA GENERAL ";"91";"94";"310";"310";"10";"310";"0"
"2023";"02";"211101";"PUNO";"SAN ROMAN";"JULIACA";"ESSALUD";"II-2";"00009899";"HOSPITAL BASE III JULIACA - ESSALUD - RED ASISTENCIAL JULIACA";"240900";"HOSPITALIZACIÓN QUIRÚRGICA NEUROCIRUGÍA ";"8";"7";"55";"55";"2";"62";"0"
"2023";"02";"211101";"PUNO";"SAN ROMAN";"JULIACA";"ESSALUD";"II-2";"00009899";"HOSPITAL BASE III JULIACA - ESSALUD - RED ASISTENCIAL JULIACA";"241200";"HOSPITALIZACIÓN QUIRÚRGICA TRAUMATOLOGÍA Y ORTOPEDIA ";"34";"30";"120";"120";"4";"124";"0"
"2023";"02";"211101";"PUNO";"SAN ROMAN";"JULIACA";"ESSALUD";"II-2";"00009899";"HOSPITAL BASE III JULIACA - ESSALUD - RED ASISTENCIAL JULIACA";"241100";"HOSPITALIZACIÓN QUIRÚRGICA OTORRINOLARINGOLOGÍA  ";"4";"2";"3";"3";"1";"31";"0"
"2023";"02";"211101";"PUNO";"SAN ROMAN";"JULIACA";"ESSALUD";"II-2";"00009899";"HOSPITAL BASE III JULIACA - ESSALUD - RED ASISTENCIAL JULIACA";"241300";"HOSPITALIZACIÓN QUIRÚRGICA UROLOGÍA  ";"9";"6";"39";"39";"3";"93";"0"
"2023";"02";"211101";"PUNO";"SAN ROMAN";"JULIACA";"ESSALUD";"II-2";"00009899";"HOSPITAL BASE III JULIACA - ESSALUD - RED ASISTENCIAL JULIACA";"241400";"HOSPITALIZACIÓN QUIRÚRGICA GINECO - OBSTETRICIA ";"176";"164";"470";"470";"18";"558";"0"
"2023";"02";"211101";"PUNO";"SAN ROMAN";"JULIACA";"ESSALUD";"II-2";"00009899";"HOSPITAL BASE III JULIACA - ESSALUD - RED ASISTENCIAL JULIACA";"242300";"HOSPITALIZACIÓN DE PEDIATRÍA  PEDIATRÍA  GENERAL ";"30";"35";"135";"135";"16";"496";"0"
"2023";"02";"211101";"PUNO";"SAN ROMAN";"JULIACA";"ESSALUD";"II-2";"00009899";"HOSPITAL BASE III JULIACA - ESSALUD - RED ASISTENCIAL JULIACA";"243200";"HOSPITALIZACIÓN DE PEDIATRÍA PEDIATRIA NEONATOLOGÍA";"90";"78";"208";"208";"9";"279";"0"
"2023";"02";"211101";"PUNO";"SAN ROMAN";"JULIACA";"ESSALUD";"II-2";"00009899";"HOSPITAL BASE III JULIACA - ESSALUD - RED ASISTENCIAL JULIACA";"250100";"UNIDAD DE CUIDADOS CRITICOS UNIDAD  DE CUIDADOS INTENSIVOS GENERALES (UCI) ";"10";"3";"36";"36";"3";"90";"3"
"2023";"02";"080606";"CUSCO";"CANCHIS";"SAN PABLO";"GOBIERNO REGIONAL";"I-2";"00002395";"SANTA BARBARA";"NE_0001";"";"NE_0001";"NE_0001";"NE_0001";"NE_0001";"NE_0001";"NE_0001";"NE_0001"
"2023";"02";"080601";"CUSCO";"CANCHIS";"SICUANI";"GOBIERNO REGIONAL";"I-1";"00002382";"UZCUPATA";"NE_0001";"";"NE_0001";"NE_0001";"NE_0001";"NE_0001";"NE_0001";"NE_0001";"NE_0001"
"2023";"02";"080601";"CUSCO";"CANCHIS";"SICUANI";"GOBIERNO REGIONAL";"I-3";"00002384";"PAMPAPHALLA";"NE_0001";"";"NE_0001";"NE_0001";"NE_0001";"NE_0001";"NE_0001";"NE_0001";"NE_0001"
"2023";"02";"080601";"CUSCO";"CANCHIS";"SICUANI";"GOBIERNO REGIONAL";"I-2";"00026387";"MENTAL COMUNITARIO SICUANI";"NE_0001";"";"NE_0001";"NE_0001";"NE_0001";"NE_0001";"NE_0001";"NE_0001";"NE_0001"
"2023";"02";"080601";"CUSCO";"CANCHIS";"SICUANI";"GOBIERNO REGIONAL";"I-2";"00002383";"LA FLORIDA";"NE_0001";"";"NE_0001";"NE_0001";"NE_0001";"NE_0001";"NE_0001";"NE_0001";"NE_0001"
"2023";"02";"080607";"CUSCO";"CANCHIS";"SAN PEDRO";"GOBIERNO REGIONAL";"I-2";"00002396";"SAN PEDRO CANCHIS";"NE_0001";"";"NE_0001";"NE_0001";"NE_0001";"NE_0001";"NE_0001";"NE_0001";"NE_0001"
"2023";"02";"100402";"HUANUCO";"HUACAYBAMBA";"CANCHABAMBA";"GOBIERNO REGIONAL";"I-3";"00000878";"CANCHABAMBA";"NE_0001";"";"NE_0001";"NE_0001";"NE_0001";"NE_0001";"NE_0001";"NE_0001";"NE_0001"
"2023";"02";"100402";"HUANUCO";"HUACAYBAMBA";"CANCHABAMBA";"GOBIERNO REGIONAL";"I-1";"00000886";"VILLA FLORES DE RAJIN";"NE_0001";"";"NE_0001";"NE_0001";"NE_0001";"NE_0001";"NE_0001";"NE_0001";"NE_0001"
"2023";"02";"120304";"JUNIN";"CHANCHAMAYO";"SAN LUIS DE SHUARO";"GOBIERNO REGIONAL";"I-1";"00000316";"SANTA HERMINIA BAJA";"NE_0001";"";"NE_0001";"NE_0001";"NE_0001";"NE_0001";"NE_0001";"NE_0001";"NE_0001"
"2023";"02";"120304";"JUNIN";"CHANCHAMAYO";"SAN LUIS DE SHUARO";"GOBIERNO REGIONAL";"I-3";"00000314";"SAN LUIS DE SHUARO";"NE_0001";"";"NE_0001";"NE_0001";"NE_0001";"NE_0001";"NE_0001";"NE_0001";"NE_0001"
"2023";"02";"120304";"JUNIN";"CHANCHAMAYO";"SAN LUIS DE SHUARO";"GOBIERNO REGIONAL";"I-3";"00000315";"SANCHIRIO PALOMAR";"NE_0001";"";"NE_0001";"NE_0001";"NE_0001";"NE_0001";"NE_0001";"NE_0001";"NE_0001"
"2023";"02";"120504";"JUNIN";"JUNIN";"ULCUMAYO";"GOBIERNO REGIONAL";"I-1";"00000317";"RAYMONDI";"NE_0001";"";"NE_0001";"NE_0001";"NE_0001";"NE_0001";"NE_0001";"NE_0001";"NE_0001"
"2023";"02";"120301";"JUNIN";"CHANCHAMAYO";"CHANCHAMAYO";"GOBIERNO REGIONAL";"I-2";"00000311";"VILLA PROGRESO";"NE_0001";"";"NE_0001";"NE_0001";"NE_0001";"NE_0001";"NE_0001";"NE_0001";"NE_0001"
"2023";"02";"120301";"JUNIN";"CHANCHAMAYO";"CHANCHAMAYO";"GOBIERNO REGIONAL";"I-1";"00000312";"PUEBLO PARDO";"NE_0001";"";"NE_0001";"NE_0001";"NE_0001";"NE_0001";"NE_0001";"NE_0001";"NE_0001"
"2023";"02";"080902";"CUSCO";"LA CONVENCION";"ECHARATE";"GOBIERNO REGIONAL";"I-1";"00002451";"CHAHUARES";"NE_0001";"";"NE_0001";"NE_0001";"NE_0001";"NE_0001";"NE_0001";"NE_0001";"NE_0001"
"2023";"01";"150120";"LIMA";"LIMA";"MAGDALENA DEL MAR";"PRIVADO";"I-2";"00021289";"CLINICA DR AUGUSTO CACERES CABELLO-PIEL Y MEDICINA ESTETICA";"NE_0001";"";"NE_0001";"NE_0001";"NE_0001";"NE_0001";"NE_0001";"NE_0001";"NE_0001"
"2023";"01";"150114";"LIMA";"LIMA";"LA MOLINA";"PRIVADO";"I-3";"00010464";"CLINICA ANGLO AMERICANA";"NE_0001";"";"NE_0001";"NE_0001";"NE_0001";"NE_0001";"NE_0001";"NE_0001";"NE_0001"
"2023";"01";"150131";"LIMA";"LIMA";"SAN ISIDRO";"PRIVADO";"I-2";"00025076";"CONSULTORIOS EXTERNOS ANGLO AMERICANA";"NE_0001";"";"NE_0001";"NE_0001";"NE_0001";"NE_0001";"NE_0001";"NE_0001";"NE_0001"
"2023";"01";"220101";"SAN MARTIN";"MOYOBAMBA";"MOYOBAMBA";"GOBIERNO REGIONAL";"I-1";"00006323";"MORROYACU";"NE_0001";"";"NE_0001";"NE_0001";"NE_0001";"NE_0001";"NE_0001";"NE_0001";"NE_0001"
"2023";"01";"220101";"SAN MARTIN";"MOYOBAMBA";"MOYOBAMBA";"GOBIERNO REGIONAL";"I-1";"00006324";"SHIMPIYACU";"NE_0001";"";"NE_0001";"NE_0001";"NE_0001";"NE_0001";"NE_0001";"NE_0001";"NE_0001"
"2023";"01";"220101";"SAN MARTIN";"MOYOBAMBA";"MOYOBAMBA";"GOBIERNO REGIONAL";"I-1";"00006325";"NUEVA HUANCABAMBA";"NE_0001";"";"NE_0001";"NE_0001";"NE_0001";"NE_0001";"NE_0001";"NE_0001";"NE_0001"
"2023";"01";"150101";"LIMA";"LIMA";"LIMA";"PRIVADO";"II-E";"00025804";"OPERO SCRL";"NE_0001";"";"NE_0001";"NE_0001";"NE_0001";"NE_0001";"NE_0001";"NE_0001";"NE_0001"
"2023";"01";"240302";"TUMBES";"ZARUMILLA";"AGUAS VERDES";"GOBIERNO REGIONAL";"I-1";"00001887";"POCITOS";"NE_0001";"";"NE_0001";"NE_0001";"NE_0001";"NE_0001";"NE_0001";"NE_0001";"NE_0001"
"2023";"01";"240304";"TUMBES";"ZARUMILLA";"PAPAYAL";"GOBIERNO REGIONAL";"I-2";"00001893";"UÑA DE GATO";"NE_0001";"";"NE_0001";"NE_0001";"NE_0001";"NE_0001";"NE_0001";"NE_0001";"NE_0001"
"2023";"01";"240301";"TUMBES";"ZARUMILLA";"ZARUMILLA";"GOBIERNO REGIONAL";"I-3";"00026856";"Centro de Salud Mental Comunitario  ""LIC. ENF. SILVIA VIOLETA CONDE SOSA""";"NE_0001";"";"NE_0001";"NE_0001";"NE_0001";"NE_0001";"NE_0001";"NE_0001";"NE_0001"
"2023";"01";"240304";"TUMBES";"ZARUMILLA";"PAPAYAL";"GOBIERNO REGIONAL";"I-2";"00001892";"LA PALMA";"NE_0001";"";"NE_0001";"NE_0001";"NE_0001";"NE_0001";"NE_0001";"NE_0001";"NE_0001"
"2023";"01";"240304";"TUMBES";"ZARUMILLA";"PAPAYAL";"GOBIERNO REGIONAL";"I-1";"00001894";"EL PORVENIR.";"NE_0001";"";"NE_0001";"NE_0001";"NE_0001";"NE_0001";"NE_0001";"NE_0001";"NE_0001"
"2023";"01";"240304";"TUMBES";"ZARUMILLA";"PAPAYAL";"GOBIERNO REGIONAL";"I-1";"00001895";"LECHUGAL";"NE_0001";"";"NE_0001";"NE_0001";"NE_0001";"NE_0001";"NE_0001";"NE_0001";"NE_0001"
"2023";"01";"240301";"TUMBES";"ZARUMILLA";"ZARUMILLA";"GOBIERNO REGIONAL";"I-4";"00001896";"CENTRO DE SALUD ZARUMILLA";"241600";"HOSPITALIZACIÓN QUIRÚRGICA OBSTETRICIA   ";"36";"36";"36";"36";"1";"31";"0"
"2023";"02";"150140";"LIMA";"LIMA";"SANTIAGO DE SURCO";"PRIVADO";"I-2";"00010498";"ILA";"NE_0002";"";"NE_0002";"NE_0002";"NE_0002";"NE_0002";"NE_0002";"NE_0002";"NE_0002"
"2023";"02";"130301";"LA LIBERTAD";"BOLIVAR";"BOLIVAR";"GOBIERNO REGIONAL";"II-1";"00005366";"HOSPITAL PROVINCIAL DE BOLIVAR";"241600";"HOSPITALIZACIÓN QUIRÚRGICA OBSTETRICIA   ";"5";"5";"8";"8";"4";"112";"0"
"2023";"02";"130301";"LA LIBERTAD";"BOLIVAR";"BOLIVAR";"GOBIERNO REGIONAL";"II-1";"00005366";"HOSPITAL PROVINCIAL DE BOLIVAR";"241800";"HOSPITALIZACIÓN DE MEDICINA MEDICINA GENERAL ";"2";"1";"3";"8";"4";"112";"0"
"2023";"02";"150113";"LIMA";"LIMA";"JESUS MARIA";"ESSALUD";"III-E";"00018011";"INSTITUTO NACIONAL CARDIOVASCULAR CARLOS ALBERTO PESCHIERA CARRILLO – INCOR –ESSALUD";"244000";"HOSPITALIZACIÓN DE MEDICINA CARDIOLOGIA ";"87";"63";"490";"703";"28";"778";"2"
"2023";"02";"150113";"LIMA";"LIMA";"JESUS MARIA";"ESSALUD";"III-E";"00018011";"INSTITUTO NACIONAL CARDIOVASCULAR CARLOS ALBERTO PESCHIERA CARRILLO – INCOR –ESSALUD";"244000";"HOSPITALIZACIÓN DE MEDICINA CARDIOLOGIA ";"169";"159";"210";"112";"10";"200";"0"
"2023";"02";"150113";"LIMA";"LIMA";"JESUS MARIA";"ESSALUD";"III-E";"00018011";"INSTITUTO NACIONAL CARDIOVASCULAR CARLOS ALBERTO PESCHIERA CARRILLO – INCOR –ESSALUD";"242600";"HOSPITALIZACIÓN DE PEDIATRÍA PEDIATRIA CARDIOLOGÍA PEDIÁTRICA";"105";"109";"877";"850";"34";"952";"5"
"2023";"02";"150113";"LIMA";"LIMA";"JESUS MARIA";"ESSALUD";"III-E";"00018011";"INSTITUTO NACIONAL CARDIOVASCULAR CARLOS ALBERTO PESCHIERA CARRILLO – INCOR –ESSALUD";"240400";"HOSPITALIZACIÓN QUIRÚRGICA CIRUGÍA DE TÓRAX Y CARDIOVASCULAR ";"33";"51";"982";"964";"38";"1064";"0"
"2023";"02";"120303";"JUNIN";"CHANCHAMAYO";"PICHANAQUI";"GOBIERNO REGIONAL";"II-1";"00000340";"HOSPITAL DE APOYO PICHANAKI";"241800";"HOSPITALIZACIÓN DE MEDICINA MEDICINA GENERAL ";"35";"34";"167";"167";"10";"280";"5"
"2023";"02";"120303";"JUNIN";"CHANCHAMAYO";"PICHANAQUI";"GOBIERNO REGIONAL";"II-1";"00000340";"HOSPITAL DE APOYO PICHANAKI";"240100";"HOSPITALIZACIÓN QUIRÚRGICA CIRUGÍA GENERAL ";"16";"14";"65";"65";"6";"168";"0"
"2023";"02";"120303";"JUNIN";"CHANCHAMAYO";"PICHANAQUI";"GOBIERNO REGIONAL";"II-1";"00000340";"HOSPITAL DE APOYO PICHANAKI";"241200";"HOSPITALIZACIÓN QUIRÚRGICA TRAUMATOLOGÍA Y ORTOPEDIA ";"1";"1";"3";"3";"2";"56";"0"
"2023";"02";"120303";"JUNIN";"CHANCHAMAYO";"PICHANAQUI";"GOBIERNO REGIONAL";"II-1";"00000340";"HOSPITAL DE APOYO PICHANAKI";"242500";"HOSPITALIZACIÓN-PEDIATRÍA GENERAL-";"19";"22";"90";"90";"8";"224";"0"
"2023";"02";"120303";"JUNIN";"CHANCHAMAYO";"PICHANAQUI";"GOBIERNO REGIONAL";"II-1";"00000340";"HOSPITAL DE APOYO PICHANAKI";"241600";"HOSPITALIZACIÓN QUIRÚRGICA OBSTETRICIA   ";"107";"107";"209";"209";"9";"252";"0"
"2023";"02";"120303";"JUNIN";"CHANCHAMAYO";"PICHANAQUI";"GOBIERNO REGIONAL";"II-1";"00000340";"HOSPITAL DE APOYO PICHANAKI";"241400";"HOSPITALIZACIÓN QUIRÚRGICA GINECO - OBSTETRICIA ";"35";"35";"67";"67";"3";"84";"0"
"2023";"02";"120401";"JUNIN";"JAUJA";"JAUJA";"GOBIERNO REGIONAL";"II-1";"00000365";"HOSPITAL DOMINGO OLAVEGOYA";"240100";"HOSPITALIZACIÓN QUIRÚRGICA CIRUGÍA GENERAL ";"64";"81";"349";"338";"24";"672";"0"
"2023";"02";"120401";"JUNIN";"JAUJA";"JAUJA";"GOBIERNO REGIONAL";"II-1";"00000365";"HOSPITAL DOMINGO OLAVEGOYA";"241400";"HOSPITALIZACIÓN QUIRÚRGICA GINECO - OBSTETRICIA ";"100";"103";"255";"260";"16";"448";"0"
"2023";"02";"120401";"JUNIN";"JAUJA";"JAUJA";"GOBIERNO REGIONAL";"II-1";"00000365";"HOSPITAL DOMINGO OLAVEGOYA";"241500";"HOSPITALIZACIÓN QUIRÚRGICA GINECOLOGÍA  ";"16";"16";"55";"67";"10";"280";"0"
"2023";"02";"120401";"JUNIN";"JAUJA";"JAUJA";"GOBIERNO REGIONAL";"II-1";"00000365";"HOSPITAL DOMINGO OLAVEGOYA";"241800";"HOSPITALIZACIÓN DE MEDICINA MEDICINA GENERAL ";"34";"47";"375";"408";"21";"588";"6"
"2023";"02";"120401";"JUNIN";"JAUJA";"JAUJA";"GOBIERNO REGIONAL";"II-1";"00000365";"HOSPITAL DOMINGO OLAVEGOYA";"242300";"HOSPITALIZACIÓN DE PEDIATRÍA  PEDIATRÍA  GENERAL ";"47";"48";"129";"163";"26";"728";"0"
"2023";"02";"150131";"LIMA";"LIMA";"SAN ISIDRO";"PRIVADO";"II-2";"00012633";"CLINICA JAVIER PRADO";"240100";"HOSPITALIZACIÓN QUIRÚRGICA CIRUGÍA GENERAL ";"154";"157";"383";"533";"58";"1624";"0"
"2023";"02";"150131";"LIMA";"LIMA";"SAN ISIDRO";"PRIVADO";"II-2";"00012633";"CLINICA JAVIER PRADO";"241400";"HOSPITALIZACIÓN QUIRÚRGICA GINECO - OBSTETRICIA ";"59";"56";"141";"213";"17";"476";"0"
"2023";"02";"150131";"LIMA";"LIMA";"SAN ISIDRO";"PRIVADO";"II-2";"00012633";"CLINICA JAVIER PRADO";"241900";"HOSPITALIZACIÓN DE MEDICINA MEDICINA INTERNA ";"150";"144";"480";"609";"54";"1512";"1"
"2023";"02";"150131";"LIMA";"LIMA";"SAN ISIDRO";"PRIVADO";"II-2";"00012633";"CLINICA JAVIER PRADO";"242300";"HOSPITALIZACIÓN DE PEDIATRÍA  PEDIATRÍA  GENERAL ";"40";"42";"105";"140";"27";"756";"0"
"2023";"02";"150133";"LIMA";"LIMA";"SAN JUAN DE MIRAFLORES";"PRIVADO";"II-E";"00016794";"CLINICA DIVINO NIÑO JESUS - ORDEN DE MALTA";"240000";"HOSPITALIZACIÓN";"60";"53";"168";"375";"15";"420";"0"
"2023";"02";"120114";"JUNIN";"HUANCAYO";"EL TAMBO";"PRIVADO";"II-1";"00025970";"CLINICA REBAGLIATI";"240100";"HOSPITALIZACIÓN QUIRÚRGICA CIRUGÍA GENERAL ";"84";"84";"84";"100";"9";"105";"0"
"2023";"02";"120114";"JUNIN";"HUANCAYO";"EL TAMBO";"PRIVADO";"II-1";"00025970";"CLINICA REBAGLIATI";"240200";"HOSPITALIZACIÓN QUIRÚRGICA CIRUGÍA DE CABEZA Y CUELLO / MÁXILO FACIAL ";"4";"4";"4";"4";"3";"9";"0"
"2023";"02";"120114";"JUNIN";"HUANCAYO";"EL TAMBO";"PRIVADO";"II-1";"00025970";"CLINICA REBAGLIATI";"240400";"HOSPITALIZACIÓN QUIRÚRGICA CIRUGÍA DE TÓRAX Y CARDIOVASCULAR ";"1";"1";"1";"2";"2";"3";"0"
"2023";"02";"120114";"JUNIN";"HUANCAYO";"EL TAMBO";"PRIVADO";"II-1";"00025970";"CLINICA REBAGLIATI";"240800";"HOSPITALIZACIÓN QUIRÚRGICA CIRUGÍA PLÁSTICA/RECONSTRUCTIVA/ REPARADORA ";"2";"2";"2";"3";"3";"6";"0"
"2023";"02";"120114";"JUNIN";"HUANCAYO";"EL TAMBO";"PRIVADO";"II-1";"00025970";"CLINICA REBAGLIATI";"240900";"HOSPITALIZACIÓN QUIRÚRGICA NEUROCIRUGÍA ";"1";"1";"1";"2";"1";"2";"0"
"2023";"02";"120114";"JUNIN";"HUANCAYO";"EL TAMBO";"PRIVADO";"II-1";"00025970";"CLINICA REBAGLIATI";"241100";"HOSPITALIZACIÓN QUIRÚRGICA OTORRINOLARINGOLOGÍA  ";"20";"20";"20";"22";"23";"26";"0"
"2023";"02";"120114";"JUNIN";"HUANCAYO";"EL TAMBO";"PRIVADO";"II-1";"00025970";"CLINICA REBAGLIATI";"241200";"HOSPITALIZACIÓN QUIRÚRGICA TRAUMATOLOGÍA Y ORTOPEDIA ";"2";"2";"2";"2";"3";"4";"0"
"2023";"02";"120114";"JUNIN";"HUANCAYO";"EL TAMBO";"PRIVADO";"II-1";"00025970";"CLINICA REBAGLIATI";"241300";"HOSPITALIZACIÓN QUIRÚRGICA UROLOGÍA  ";"11";"11";"11";"12";"10";"13";"0"
"2023";"02";"120114";"JUNIN";"HUANCAYO";"EL TAMBO";"PRIVADO";"II-1";"00025970";"CLINICA REBAGLIATI";"241400";"HOSPITALIZACIÓN QUIRÚRGICA GINECO - OBSTETRICIA ";"13";"13";"13";"15";"16";"17";"0"
"2023";"02";"120114";"JUNIN";"HUANCAYO";"EL TAMBO";"PRIVADO";"II-1";"00025970";"CLINICA REBAGLIATI";"241700";"HOSPITALIZACIÓN QUIRÚRGICA GINECOLOGÍA   GINECOLOGIA ONCOLOGiCA";"17";"17";"17";"17";"18";"20";"0"
"2023";"02";"120114";"JUNIN";"HUANCAYO";"EL TAMBO";"PRIVADO";"II-1";"00025970";"CLINICA REBAGLIATI";"241900";"HOSPITALIZACIÓN DE MEDICINA MEDICINA INTERNA ";"3";"3";"3";"3";"3";"4";"0"
"2023";"02";"120114";"JUNIN";"HUANCAYO";"EL TAMBO";"PRIVADO";"II-1";"00025970";"CLINICA REBAGLIATI";"244700";"HOSPITALIZACIÓN DE MEDICINA NEUROLOGIA  ";"3";"3";"3";"4";"4";"5";"0"
"2023";"02";"090310";"HUANCAVELICA";"ANGARAES";"SAN ANTONIO DE ANTAPARCO";"GOBIERNO REGIONAL";"I-1";"00003966";"MAICENA";"NE_0001";"";"NE_0001";"NE_0001";"NE_0001";"NE_0001";"NE_0001";"NE_0001";"NE_0001"
"2023";"02";"090311";"HUANCAVELICA";"ANGARAES";"SANTO TOMAS DE PATA";"GOBIERNO REGIONAL";"I-1";"00003967";"SANTO TOMAS DE PATA";"NE_0001";"";"NE_0001";"NE_0001";"NE_0001";"NE_0001";"NE_0001";"NE_0001";"NE_0001"
"2023";"02";"090311";"HUANCAVELICA";"ANGARAES";"SANTO TOMAS DE PATA";"GOBIERNO REGIONAL";"I-1";"00003968";"CHUPACC";"NE_0001";"";"NE_0001";"NE_0001";"NE_0001";"NE_0001";"NE_0001";"NE_0001";"NE_0001"
"2023";"02";"090301";"HUANCAVELICA";"ANGARAES";"LIRCAY";"GOBIERNO REGIONAL";"I-1";"00011202";"PAMPAHUASI";"NE_0001";"";"NE_0001";"NE_0001";"NE_0001";"NE_0001";"NE_0001";"NE_0001";"NE_0001"
"2023";"02";"090301";"HUANCAVELICA";"ANGARAES";"LIRCAY";"GOBIERNO REGIONAL";"I-1";"00011205";"UNION PROGRESO PATAHUASI";"NE_0001";"";"NE_0001";"NE_0001";"NE_0001";"NE_0001";"NE_0001";"NE_0001";"NE_0001"
"2023";"02";"090302";"HUANCAVELICA";"ANGARAES";"ANCHONGA";"GOBIERNO REGIONAL";"I-1";"00028780";"LLANCAPUQUIO";"NE_0001";"";"NE_0001";"NE_0001";"NE_0001";"NE_0001";"NE_0001";"NE_0001";"NE_0001"
"2023";"02";"240302";"TUMBES";"ZARUMILLA";"AGUAS VERDES";"GOBIERNO REGIONAL";"I-1";"00001887";"POCITOS";"NE_0001";"";"NE_0001";"NE_0001";"NE_0001";"NE_0001";"NE_0001";"NE_0001";"NE_0001"
"2023";"02";"240304";"TUMBES";"ZARUMILLA";"PAPAYAL";"GOBIERNO REGIONAL";"I-2";"00001893";"UÑA DE GATO";"NE_0001";"";"NE_0001";"NE_0001";"NE_0001";"NE_0001";"NE_0001";"NE_0001";"NE_0001"
"2023";"02";"240301";"TUMBES";"ZARUMILLA";"ZARUMILLA";"GOBIERNO REGIONAL";"I-3";"00026856";"Centro de Salud Mental Comunitario  ""LIC. ENF. SILVIA VIOLETA CONDE SOSA""";"NE_0001";"";"NE_0001";"NE_0001";"NE_0001";"NE_0001";"NE_0001";"NE_0001";"NE_0001"
"2023";"02";"240304";"TUMBES";"ZARUMILLA";"PAPAYAL";"GOBIERNO REGIONAL";"I-2";"00001892";"LA PALMA";"NE_0001";"";"NE_0001";"NE_0001";"NE_0001";"NE_0001";"NE_0001";"NE_0001";"NE_0001"
"2023";"02";"240304";"TUMBES";"ZARUMILLA";"PAPAYAL";"GOBIERNO REGIONAL";"I-1";"00001894";"EL PORVENIR.";"NE_0001";"";"NE_0001";"NE_0001";"NE_0001";"NE_0001";"NE_0001";"NE_0001";"NE_0001"
"2023";"02";"240304";"TUMBES";"ZARUMILLA";"PAPAYAL";"GOBIERNO REGIONAL";"I-1";"00001895";"LECHUGAL";"NE_0001";"";"NE_0001";"NE_0001";"NE_0001";"NE_0001";"NE_0001";"NE_0001";"NE_0001"
"2023";"02";"240301";"TUMBES";"ZARUMILLA";"ZARUMILLA";"GOBIERNO REGIONAL";"I-4";"00001896";"CENTRO DE SALUD ZARUMILLA";"241600";"HOSPITALIZACIÓN QUIRÚRGICA OBSTETRICIA   ";"27";"27";"27";"27";"1";"28";"0"
"2023";"02";"240302";"TUMBES";"ZARUMILLA";"AGUAS VERDES";"GOBIERNO REGIONAL";"I-3";"00001885";"CLAS AGUAS VERDES";"NE_0001";"";"NE_0001";"NE_0001";"NE_0001";"NE_0001";"NE_0001";"NE_0001";"NE_0001"
"2023";"02";"240302";"TUMBES";"ZARUMILLA";"AGUAS VERDES";"GOBIERNO REGIONAL";"I-1";"00001889";"LOMA SAAVEDRA";"NE_0001";"";"NE_0001";"NE_0001";"NE_0001";"NE_0001";"NE_0001";"NE_0001";"NE_0001"
"2023";"02";"240304";"TUMBES";"ZARUMILLA";"PAPAYAL";"GOBIERNO REGIONAL";"I-3";"00001891";"C.S. PAPAYAL";"NE_0001";"";"NE_0001";"NE_0001";"NE_0001";"NE_0001";"NE_0001";"NE_0001";"NE_0001"
"2023";"02";"240301";"TUMBES";"ZARUMILLA";"ZARUMILLA";"GOBIERNO REGIONAL";"0";"00030270";"II HOGAR PROTEGIDO";"NE_0001";"";"NE_0001";"NE_0001";"NE_0001";"NE_0001";"NE_0001";"NE_0001";"NE_0001"
"2023";"02";"240303";"TUMBES";"ZARUMILLA";"MATAPALO";"GOBIERNO REGIONAL";"I-3";"00001890";"C.S MATAPALO";"NE_0001";"";"NE_0001";"NE_0001";"NE_0001";"NE_0001";"NE_0001";"NE_0001";"NE_0001"
"2023";"02";"240302";"TUMBES";"ZARUMILLA";"AGUAS VERDES";"GOBIERNO REGIONAL";"I-2";"00001886";"CUCHARETA BAJA";"NE_0001";"";"NE_0001";"NE_0001";"NE_0001";"NE_0001";"NE_0001";"NE_0001";"NE_0001"
"2023";"02";"080902";"CUSCO";"LA CONVENCION";"ECHARATE";"GOBIERNO REGIONAL";"I-1";"00002450";"SAN ANTONIO";"NE_0001";"";"NE_0001";"NE_0001";"NE_0001";"NE_0001";"NE_0001";"NE_0001";"NE_0001"
"2023";"02";"080902";"CUSCO";"LA CONVENCION";"ECHARATE";"GOBIERNO REGIONAL";"I-2";"00002429";"CIRIALO";"NE_0001";"";"NE_0001";"NE_0001";"NE_0001";"NE_0001";"NE_0001";"NE_0001";"NE_0001"
"2023";"02";"080902";"CUSCO";"LA CONVENCION";"ECHARATE";"GOBIERNO REGIONAL";"I-2";"00002433";"KORIBENI";"NE_0001";"";"NE_0001";"NE_0001";"NE_0001";"NE_0001";"NE_0001";"NE_0001";"NE_0001"
"2023";"02";"080902";"CUSCO";"LA CONVENCION";"ECHARATE";"GOBIERNO REGIONAL";"I-4";"00002439";"PALMA REAL";"NE_0001";"";"NE_0001";"NE_0001";"NE_0001";"NE_0001";"NE_0001";"NE_0001";"NE_0001"
"2023";"02";"080902";"CUSCO";"LA CONVENCION";"ECHARATE";"GOBIERNO REGIONAL";"I-1";"00002449";"ICHIQUIATO";"NE_0001";"";"NE_0001";"NE_0001";"NE_0001";"NE_0001";"NE_0001";"NE_0001";"NE_0001"
"2023";"03";"070104";"CALLAO";"CALLAO";"LA PERLA";"SANIDAD DE LA POLICIA NACIONAL DEL PERU";"I-3";"00010557";"POLICLINICO  POLICIAL CALLAO";"NE_0001";"";"NE_0001";"NE_0001";"NE_0001";"NE_0001";"NE_0001";"NE_0001";"NE_0001"
"2023";"01";"100109";"HUANUCO";"HUANUCO";"SANTA MARIA DEL VALLE";"GOBIERNO REGIONAL";"I-2";"00000768";"TAMBO DE SAN JOSE";"NE_0001";"";"NE_0001";"NE_0001";"NE_0001";"NE_0001";"NE_0001";"NE_0001";"NE_0001"
"2023";"01";"100109";"HUANUCO";"HUANUCO";"SANTA MARIA DEL VALLE";"GOBIERNO REGIONAL";"I-2";"00000769";"POMACUCHO";"NE_0001";"";"NE_0001";"NE_0001";"NE_0001";"NE_0001";"NE_0001";"NE_0001";"NE_0001"
"2023";"01";"100109";"HUANUCO";"HUANUCO";"SANTA MARIA DEL VALLE";"GOBIERNO REGIONAL";"I-2";"00000770";"SANTIAGO DE LLACON";"NE_0001";"";"NE_0001";"NE_0001";"NE_0001";"NE_0001";"NE_0001";"NE_0001";"NE_0001"
"2023";"01";"100109";"HUANUCO";"HUANUCO";"SANTA MARIA DEL VALLE";"GOBIERNO REGIONAL";"I-2";"00000773";"SANTA ROSA DE SIRABAMBA";"NE_0001";"";"NE_0001";"NE_0001";"NE_0001";"NE_0001";"NE_0001";"NE_0001";"NE_0001"
"2023";"01";"100109";"HUANUCO";"HUANUCO";"SANTA MARIA DEL VALLE";"GOBIERNO REGIONAL";"I-2";"00007079";"SAN MIGUEL DE MITOQUERA";"NE_0001";"";"NE_0001";"NE_0001";"NE_0001";"NE_0001";"NE_0001";"NE_0001";"NE_0001"
"2023";"01";"100109";"HUANUCO";"HUANUCO";"SANTA MARIA DEL VALLE";"GOBIERNO REGIONAL";"I-1";"00013848";"INGENIO BAJO";"NE_0001";"";"NE_0001";"NE_0001";"NE_0001";"NE_0001";"NE_0001";"NE_0001";"NE_0001"
"2023";"01";"100109";"HUANUCO";"HUANUCO";"SANTA MARIA DEL VALLE";"GOBIERNO REGIONAL";"I-3";"00027635";"SANTA MARIA DEL VALLE";"NE_0001";"";"NE_0001";"NE_0001";"NE_0001";"NE_0001";"NE_0001";"NE_0001";"NE_0001"
"2023";"01";"100109";"HUANUCO";"HUANUCO";"SANTA MARIA DEL VALLE";"GOBIERNO REGIONAL";"I-2";"00000774";"SANTA CRUZ DE RATACOCHA";"NE_0001";"";"NE_0001";"NE_0001";"NE_0001";"NE_0001";"NE_0001";"NE_0001";"NE_0001"
"2023";"01";"100109";"HUANUCO";"HUANUCO";"SANTA MARIA DEL VALLE";"GOBIERNO REGIONAL";"I-2";"00000771";"PUESTO DE SALUD DE PACHABAMBA";"NE_0001";"";"NE_0001";"NE_0001";"NE_0001";"NE_0001";"NE_0001";"NE_0001";"NE_0001"
"2023";"01";"100109";"HUANUCO";"HUANUCO";"SANTA MARIA DEL VALLE";"GOBIERNO REGIONAL";"I-2";"00007044";"LLACSA";"NE_0001";"";"NE_0001";"NE_0001";"NE_0001";"NE_0001";"NE_0001";"NE_0001";"NE_0001"
"2023";"01";"100109";"HUANUCO";"HUANUCO";"SANTA MARIA DEL VALLE";"GOBIERNO REGIONAL";"I-1";"00027658";"SAN PEDRO DE CHOQUECANCHA";"NE_0001";"";"NE_0001";"NE_0001";"NE_0001";"NE_0001";"NE_0001";"NE_0001";"NE_0001"
"2023";"01";"240302";"TUMBES";"ZARUMILLA";"AGUAS VERDES";"GOBIERNO REGIONAL";"I-3";"00001885";"CLAS AGUAS VERDES";"NE_0001";"";"NE_0001";"NE_0001";"NE_0001";"NE_0001";"NE_0001";"NE_0001";"NE_0001"
"2023";"01";"240302";"TUMBES";"ZARUMILLA";"AGUAS VERDES";"GOBIERNO REGIONAL";"I-1";"00001889";"LOMA SAAVEDRA";"NE_0001";"";"NE_0001";"NE_0001";"NE_0001";"NE_0001";"NE_0001";"NE_0001";"NE_0001"
"2023";"01";"240304";"TUMBES";"ZARUMILLA";"PAPAYAL";"GOBIERNO REGIONAL";"I-3";"00001891";"C.S. PAPAYAL";"NE_0001";"";"NE_0001";"NE_0001";"NE_0001";"NE_0001";"NE_0001";"NE_0001";"NE_0001"
"2023";"01";"240301";"TUMBES";"ZARUMILLA";"ZARUMILLA";"GOBIERNO REGIONAL";"0";"00030270";"II HOGAR PROTEGIDO";"NE_0001";"";"NE_0001";"NE_0001";"NE_0001";"NE_0001";"NE_0001";"NE_0001";"NE_0001"
"2023";"01";"240303";"TUMBES";"ZARUMILLA";"MATAPALO";"GOBIERNO REGIONAL";"I-3";"00001890";"C.S MATAPALO";"NE_0001";"";"NE_0001";"NE_0001";"NE_0001";"NE_0001";"NE_0001";"NE_0001";"NE_0001"
"2023";"01";"240302";"TUMBES";"ZARUMILLA";"AGUAS VERDES";"GOBIERNO REGIONAL";"I-2";"00001886";"CUCHARETA BAJA";"NE_0001";"";"NE_0001";"NE_0001";"NE_0001";"NE_0001";"NE_0001";"NE_0001";"NE_0001"
"2023";"02";"150108";"LIMA";"LIMA";"CHORRILLOS";"SANIDAD DE LA POLICIA NACIONAL DEL PERU";"I-3";"00020382";"POLICLINICO POLICIAL CHORRILLOS";"NE_0001";"";"NE_0001";"NE_0001";"NE_0001";"NE_0001";"NE_0001";"NE_0001";"NE_0001"
"2023";"02";"150122";"LIMA";"LIMA";"MIRAFLORES";"PRIVADO";"III-1";"00019049";"AUNA CLÍNICA DELGADO";"240000";"HOSPITALIZACIÓN";"828";"811";"3399";"3676";"144";"4032";"8"
"2023";"02";"090204";"HUANCAVELICA";"ACOBAMBA";"CAJA";"GOBIERNO REGIONAL";"I-1";"00011225";"PUESTO DE SALUD HUANCCALLACO";"NE_0001";"";"NE_0001";"NE_0001";"NE_0001";"NE_0001";"NE_0001";"NE_0001";"NE_0001"
"2023";"02";"090205";"HUANCAVELICA";"ACOBAMBA";"MARCAS";"GOBIERNO REGIONAL";"I-1";"00011232";"PUESTO DE SALUD PALOMA";"NE_0001";"";"NE_0001";"NE_0001";"NE_0001";"NE_0001";"NE_0001";"NE_0001";"NE_0001"
"2023";"02";"090204";"HUANCAVELICA";"ACOBAMBA";"CAJA";"GOBIERNO REGIONAL";"I-3";"00003926";"CENTRO DE SALUD CAJA ESPIRITU";"NE_0001";"";"NE_0001";"NE_0001";"NE_0001";"NE_0001";"NE_0001";"NE_0001";"NE_0001"
"2023";"02";"090204";"HUANCAVELICA";"ACOBAMBA";"CAJA";"GOBIERNO REGIONAL";"I-1";"00003927";"PUESTO DE SALUD POMACANCHA";"NE_0001";"";"NE_0001";"NE_0001";"NE_0001";"NE_0001";"NE_0001";"NE_0001";"NE_0001"
"2023";"02";"090205";"HUANCAVELICA";"ACOBAMBA";"MARCAS";"GOBIERNO REGIONAL";"I-1";"00011220";"PUESTO DE SALUD HUARPA";"NE_0001";"";"NE_0001";"NE_0001";"NE_0001";"NE_0001";"NE_0001";"NE_0001";"NE_0001"
"2023";"02";"090205";"HUANCAVELICA";"ACOBAMBA";"MARCAS";"GOBIERNO REGIONAL";"I-2";"00003928";"PUESTO DE SALUD MARCAS";"NE_0001";"";"NE_0001";"NE_0001";"NE_0001";"NE_0001";"NE_0001";"NE_0001";"NE_0001"
"2023";"02";"090205";"HUANCAVELICA";"ACOBAMBA";"MARCAS";"GOBIERNO REGIONAL";"I-1";"00003929";"PUESTO DE SALUD CUÑI";"NE_0001";"";"NE_0001";"NE_0001";"NE_0001";"NE_0001";"NE_0001";"NE_0001";"NE_0001"
"2023";"02";"090204";"HUANCAVELICA";"ACOBAMBA";"CAJA";"GOBIERNO REGIONAL";"I-1";"00007389";"PUESTO DE SALUD RURUNMARCA";"NE_0001";"";"NE_0001";"NE_0001";"NE_0001";"NE_0001";"NE_0001";"NE_0001";"NE_0001"
"2023";"02";"140101";"LAMBAYEQUE";"CHICLAYO";"CHICLAYO";"PRIVADO";"I-3";"00008229";"SERVIMEDICOS S.A.C.";"NE_0001";"";"NE_0001";"NE_0001";"NE_0001";"NE_0001";"NE_0001";"NE_0001";"NE_0001"
"2023";"02";"150122";"LIMA";"LIMA";"MIRAFLORES";"PRIVADO";"II-E";"00028941";"Instituto de Glaucoma y Catarata";"NE_0001";"";"NE_0001";"NE_0001";"NE_0001";"NE_0001";"NE_0001";"NE_0001";"NE_0001"
"2023";"02";"040109";"AREQUIPA";"AREQUIPA";"MARIANO MELGAR";"SANIDAD DEL EJERCITO DEL PERU";"II-1";"00018659";"HOSPITAL MILITAR DIVISIONARIO III DE AREQUIPA";"240000";"HOSPITALIZACIÓN";"18";"2";"220";"213";"27";"513";"0"
"2023";"02";"040109";"AREQUIPA";"AREQUIPA";"MARIANO MELGAR";"SANIDAD DEL EJERCITO DEL PERU";"II-1";"00018659";"HOSPITAL MILITAR DIVISIONARIO III DE AREQUIPA";"240000";"HOSPITALIZACIÓN";"17";"15";"49";"53";"8";"173";"0"
"2023";"02";"040104";"AREQUIPA";"AREQUIPA";"CERRO COLORADO";"SANIDAD DE LA FUERZA AEREA DEL PERU";"II-E";"00011448";"HOSPITAL REGIONAL DEL SUR";"240000";"HOSPITALIZACIÓN";"4";"4";"23";"31";"20";"312";"0"
"2023";"02";"150131";"LIMA";"LIMA";"SAN ISIDRO";"PRIVADO";"II-2";"00008398";"CLINICA EL GOLF";"240000";"HOSPITALIZACIÓN";"309";"297";"1054";"335";"54";"1512";"2"
"2023";"02";"150131";"LIMA";"LIMA";"SAN ISIDRO";"PRIVADO";"II-2";"00008398";"CLINICA EL GOLF";"250103";"UNIDAD DE CUIDADOS CRITICOS UNIDAD  DE CUIDADOS INTENSIVOS GENERALES  (UCI) MEDICINA";"8";"2";"46";"115";"6";"168";"0"
"2023";"02";"150140";"LIMA";"LIMA";"SANTIAGO DE SURCO";"PRIVADO";"II-E";"00015461";"VISTASALUD CENTRO OFTALMOLOGICO";"NE_0001";"";"NE_0001";"NE_0001";"NE_0001";"NE_0001";"NE_0001";"NE_0001";"NE_0001"
"2023";"02";"150113";"LIMA";"LIMA";"JESUS MARIA";"ESSALUD";"0";"00016488";"CENTRO NACIONAL DE SALUD RENAL - ESSALUD";"NE_0001";"";"NE_0001";"NE_0001";"NE_0001";"NE_0001";"NE_0001";"NE_0001";"NE_0001"
"2023";"02";"120906";"JUNIN";"CHUPACA";"SAN JUAN DE YSCOS";"GOBIERNO REGIONAL";"I-1";"00000658";"TINYARI GRANDE";"NE_0001";"";"NE_0001";"NE_0001";"NE_0001";"NE_0001";"NE_0001";"NE_0001";"NE_0001"
"2023";"02";"120901";"JUNIN";"CHUPACA";"CHUPACA";"GOBIERNO REGIONAL";"I-4";"00000646";"PEDRO SANCHEZ MEZA";"NE_0001";"";"NE_0001";"NE_0001";"NE_0001";"NE_0001";"NE_0001";"NE_0001";"NE_0001"
"2023";"02";"120902";"JUNIN";"CHUPACA";"AHUAC";"GOBIERNO REGIONAL";"I-1";"00000648";"HUARISCA";"NE_0001";"";"NE_0001";"NE_0001";"NE_0001";"NE_0001";"NE_0001";"NE_0001";"NE_0001"
"2023";"02";"120903";"JUNIN";"CHUPACA";"CHONGOS BAJO";"GOBIERNO REGIONAL";"I-3";"00000649";"CHONGOS BAJO";"NE_0001";"";"NE_0001";"NE_0001";"NE_0001";"NE_0001";"NE_0001";"NE_0001";"NE_0001"
"2023";"02";"120906";"JUNIN";"CHUPACA";"SAN JUAN DE YSCOS";"GOBIERNO REGIONAL";"I-1";"00000657";"TINYARI CHICO";"NE_0001";"";"NE_0001";"NE_0001";"NE_0001";"NE_0001";"NE_0001";"NE_0001";"NE_0001"
"2023";"02";"150141";"LIMA";"LIMA";"SURQUILLO";"ESSALUD";"I-3";"00013091";"CENTRO DE ATENCION PRIMARIA III SURQUILLO";"NE_0001";"";"NE_0001";"NE_0001";"NE_0001";"NE_0001";"NE_0001";"NE_0001";"NE_0001"
"2023";"02";"021303";"ANCASH";"MARISCAL LUZURIAGA";"ELEAZAR GUZMAN BARRON";"GOBIERNO REGIONAL";"I-1";"00001786";"PUESTO DE SALUD PAMPACHACRA";"NE_0002";"";"NE_0002";"NE_0002";"NE_0002";"NE_0002";"NE_0002";"NE_0002";"NE_0002"
"2023";"02";"021303";"ANCASH";"MARISCAL LUZURIAGA";"ELEAZAR GUZMAN BARRON";"GOBIERNO REGIONAL";"I-1";"00001787";"PUESTO DE SALUD PUMPA";"NE_0002";"";"NE_0002";"NE_0002";"NE_0002";"NE_0002";"NE_0002";"NE_0002";"NE_0002"
"2023";"02";"021305";"ANCASH";"MARISCAL LUZURIAGA";"LLAMA";"GOBIERNO REGIONAL";"I-2";"00001788";"PUESTO DE SALUD LLAMA";"NE_0002";"";"NE_0002";"NE_0002";"NE_0002";"NE_0002";"NE_0002";"NE_0002";"NE_0002"
"2023";"02";"021304";"ANCASH";"MARISCAL LUZURIAGA";"FIDEL OLIVAS ESCUDERO";"GOBIERNO REGIONAL";"I-1";"00001793";"PUESTO DE SALUD SANASHGAN";"NE_0002";"";"NE_0002";"NE_0002";"NE_0002";"NE_0002";"NE_0002";"NE_0002";"NE_0002"
"2023";"02";"021308";"ANCASH";"MARISCAL LUZURIAGA";"MUSGA";"GOBIERNO REGIONAL";"I-1";"00001792";"PUESTO DE SALUD MUSGA";"NE_0002";"";"NE_0002";"NE_0002";"NE_0002";"NE_0002";"NE_0002";"NE_0002";"NE_0002"
"2023";"02";"021301";"ANCASH";"MARISCAL LUZURIAGA";"PISCOBAMBA";"GOBIERNO REGIONAL";"I-4";"00001783";"CENTRO DE SALUD PISCOBAMBA";"NE_0002";"";"NE_0002";"NE_0002";"NE_0002";"NE_0002";"NE_0002";"NE_0002";"NE_0002"
"2023";"02";"021304";"ANCASH";"MARISCAL LUZURIAGA";"FIDEL OLIVAS ESCUDERO";"GOBIERNO REGIONAL";"I-1";"00001794";"PUESTO DE SALUD PARCO";"NE_0002";"";"NE_0002";"NE_0002";"NE_0002";"NE_0002";"NE_0002";"NE_0002";"NE_0002"
"2023";"02";"021306";"ANCASH";"MARISCAL LUZURIAGA";"LLUMPA";"GOBIERNO REGIONAL";"I-2";"00001789";"PUESTO DE SALUD LLUMPA";"NE_0002";"";"NE_0002";"NE_0002";"NE_0002";"NE_0002";"NE_0002";"NE_0002";"NE_0002"
"2023";"02";"150201";"LIMA";"BARRANCA";"BARRANCA";"GOBIERNO REGIONAL";"II-2";"00007635";"HOSPITAL DE BARRANCA";"240100";"HOSPITALIZACIÓN QUIRÚRGICA CIRUGÍA GENERAL ";"70";"86";"312";"490";"12";"336";"0"
"2023";"02";"150201";"LIMA";"BARRANCA";"BARRANCA";"GOBIERNO REGIONAL";"II-2";"00007635";"HOSPITAL DE BARRANCA";"241500";"HOSPITALIZACIÓN QUIRÚRGICA GINECOLOGÍA  ";"99";"109";"259";"158";"16";"448";"0"
"2023";"02";"150201";"LIMA";"BARRANCA";"BARRANCA";"GOBIERNO REGIONAL";"II-2";"00007635";"HOSPITAL DE BARRANCA";"241600";"HOSPITALIZACIÓN QUIRÚRGICA OBSTETRICIA   ";"50";"58";"78";"157";"15";"420";"0"
"2023";"02";"150201";"LIMA";"BARRANCA";"BARRANCA";"GOBIERNO REGIONAL";"II-2";"00007635";"HOSPITAL DE BARRANCA";"241800";"HOSPITALIZACIÓN DE MEDICINA MEDICINA GENERAL ";"46";"66";"442";"332";"25";"700";"5"
"2023";"02";"150201";"LIMA";"BARRANCA";"BARRANCA";"GOBIERNO REGIONAL";"II-2";"00007635";"HOSPITAL DE BARRANCA";"242500";"HOSPITALIZACIÓN-PEDIATRÍA GENERAL-";"39";"52";"217";"179";"20";"560";"0"
"2023";"02";"150201";"LIMA";"BARRANCA";"BARRANCA";"GOBIERNO REGIONAL";"II-2";"00007635";"HOSPITAL DE BARRANCA";"243200";"HOSPITALIZACIÓN DE PEDIATRÍA PEDIATRIA NEONATOLOGÍA";"77";"86";"121";"138";"22";"616";"0"
"2023";"02";"150201";"LIMA";"BARRANCA";"BARRANCA";"GOBIERNO REGIONAL";"II-2";"00007635";"HOSPITAL DE BARRANCA";"250103";"UNIDAD DE CUIDADOS CRITICOS UNIDAD  DE CUIDADOS INTENSIVOS GENERALES  (UCI) MEDICINA";"2";"2";"13";"90";"4";"112";"2"
"2023";"02";"150201";"LIMA";"BARRANCA";"BARRANCA";"GOBIERNO REGIONAL";"II-2";"00007635";"HOSPITAL DE BARRANCA";"250108";"UNIDAD DE CUIDADOS CRITICOS UNIDAD  DE CUIDADOS INTENSIVOS  (UCI) PEDIÁTRICA";"1";"1";"7";"36";"7";"196";"0"
"2023";"02";"160101";"LORETO";"MAYNAS";"IQUITOS";"SANIDAD DE LA FUERZA AEREA DEL PERU";"I-4";"00010605";"HOSPITAL REGIONAL DEL ORIENTE - FAP";"241800";"HOSPITALIZACIÓN DE MEDICINA MEDICINA GENERAL ";"4";"5";"23";"55";"20";"280";"0"
"2023";"02";"081207";"CUSCO";"QUISPICANCHI";"HUARO";"GOBIERNO REGIONAL";"I-2";"00030708";"MENTAL COMUNITARIO HUARO";"NE_0001";"";"NE_0001";"NE_0001";"NE_0001";"NE_0001";"NE_0001";"NE_0001";"NE_0001"
"2023";"02";"130101";"LA LIBERTAD";"TRUJILLO";"TRUJILLO";"PRIVADO";"II-1";"00013373";"CLINICA PERUANO AMERICANA S. A.";"241800";"HOSPITALIZACIÓN DE MEDICINA MEDICINA GENERAL ";"61";"52";"219";"205";"11";"308";"0"
"2023";"02";"130101";"LA LIBERTAD";"TRUJILLO";"TRUJILLO";"PRIVADO";"II-1";"00013373";"CLINICA PERUANO AMERICANA S. A.";"240100";"HOSPITALIZACIÓN QUIRÚRGICA CIRUGÍA GENERAL ";"120";"91";"281";"432";"25";"700";"0"
"2023";"02";"130101";"LA LIBERTAD";"TRUJILLO";"TRUJILLO";"PRIVADO";"II-1";"00013373";"CLINICA PERUANO AMERICANA S. A.";"242300";"HOSPITALIZACIÓN DE PEDIATRÍA  PEDIATRÍA  GENERAL ";"5";"5";"13";"13";"2";"56";"0"
"2023";"02";"130101";"LA LIBERTAD";"TRUJILLO";"TRUJILLO";"PRIVADO";"II-1";"00013373";"CLINICA PERUANO AMERICANA S. A.";"241400";"HOSPITALIZACIÓN QUIRÚRGICA GINECO - OBSTETRICIA ";"10";"8";"15";"19";"2";"56";"0"
"2023";"02";"160107";"LORETO";"MAYNAS";"NAPO";"GOBIERNO REGIONAL";"II-1";"00000066";"HOSPITAL II-1 SANTA CLOTILDE";"241800";"HOSPITALIZACIÓN DE MEDICINA MEDICINA GENERAL ";"11";"15";"57";"72";"16";"448";"0"
"2023";"02";"160107";"LORETO";"MAYNAS";"NAPO";"GOBIERNO REGIONAL";"II-1";"00000066";"HOSPITAL II-1 SANTA CLOTILDE";"242300";"HOSPITALIZACIÓN DE PEDIATRÍA  PEDIATRÍA  GENERAL ";"11";"12";"74";"86";"7";"196";"0"
"2023";"02";"160107";"LORETO";"MAYNAS";"NAPO";"GOBIERNO REGIONAL";"II-1";"00000066";"HOSPITAL II-1 SANTA CLOTILDE";"241600";"HOSPITALIZACIÓN QUIRÚRGICA OBSTETRICIA   ";"8";"7";"17";"26";"6";"108";"0"
"2023";"02";"150137";"LIMA";"LIMA";"SANTA ANITA";"ESSALUD";"II-1";"00008318";"ESSALUD - HOSPITAL I JORGE VOTO BERNALES CORPANCHO";"241800";"HOSPITALIZACIÓN DE MEDICINA MEDICINA GENERAL ";"20";"23";"121";"114";"5";"140";"0"
"2023";"02";"150137";"LIMA";"LIMA";"SANTA ANITA";"ESSALUD";"II-1";"00008318";"ESSALUD - HOSPITAL I JORGE VOTO BERNALES CORPANCHO";"243200";"HOSPITALIZACIÓN DE PEDIATRÍA PEDIATRIA NEONATOLOGÍA";"7";"3";"89";"22";"4";"112";"0"
"2023";"02";"150137";"LIMA";"LIMA";"SANTA ANITA";"ESSALUD";"II-1";"00008318";"ESSALUD - HOSPITAL I JORGE VOTO BERNALES CORPANCHO";"240100";"HOSPITALIZACIÓN QUIRÚRGICA CIRUGÍA GENERAL ";"80";"81";"320";"280";"11";"308";"0"
"2023";"02";"150137";"LIMA";"LIMA";"SANTA ANITA";"ESSALUD";"II-1";"00008318";"ESSALUD - HOSPITAL I JORGE VOTO BERNALES CORPANCHO";"241400";"HOSPITALIZACIÓN QUIRÚRGICA GINECO - OBSTETRICIA ";"17";"17";"52";"83";"5";"140";"0"
"2023";"02";"150137";"LIMA";"LIMA";"SANTA ANITA";"ESSALUD";"II-1";"00008318";"ESSALUD - HOSPITAL I JORGE VOTO BERNALES CORPANCHO";"242300";"HOSPITALIZACIÓN DE PEDIATRÍA  PEDIATRÍA  GENERAL ";"7";"4";"16";"37";"2";"56";"0"
"2023";"02";"150137";"LIMA";"LIMA";"SANTA ANITA";"ESSALUD";"II-1";"00008318";"ESSALUD - HOSPITAL I JORGE VOTO BERNALES CORPANCHO";"250100";"UNIDAD DE CUIDADOS CRITICOS UNIDAD  DE CUIDADOS INTENSIVOS GENERALES (UCI) ";"57";"55";"132";"100";"4";"124";"0"
"2023";"02";"150137";"LIMA";"LIMA";"SANTA ANITA";"ESSALUD";"II-1";"00008318";"ESSALUD - HOSPITAL I JORGE VOTO BERNALES CORPANCHO";"241500";"HOSPITALIZACIÓN QUIRÚRGICA GINECOLOGÍA  ";"339";"227";"505";"520";"17";"527";"0"
"2023";"02";"051004";"AYACUCHO";"VICTOR FAJARDO";"ASQUIPATA";"GOBIERNO REGIONAL";"I-1";"00003822";"PUESTO DE SALUD CHIHUIRE";"NE_0001";"";"NE_0001";"NE_0001";"NE_0001";"NE_0001";"NE_0001";"NE_0001";"NE_0001"
"2023";"02";"051004";"AYACUCHO";"VICTOR FAJARDO";"ASQUIPATA";"GOBIERNO REGIONAL";"I-1";"00003823";"PUESTO DE SALUD MORCOLLA CHICO";"NE_0001";"";"NE_0001";"NE_0001";"NE_0001";"NE_0001";"NE_0001";"NE_0001";"NE_0001"
"2023";"02";"051006";"AYACUCHO";"VICTOR FAJARDO";"CAYARA";"GOBIERNO REGIONAL";"I-2";"00003828";"PUESTO DE SALUD CAYARA";"NE_0001";"";"NE_0001";"NE_0001";"NE_0001";"NE_0001";"NE_0001";"NE_0001";"NE_0001"
"2023";"02";"051007";"AYACUCHO";"VICTOR FAJARDO";"COLCA";"GOBIERNO REGIONAL";"I-1";"00003835";"PUESTO DE SALUD COLCA";"NE_0001";"";"NE_0001";"NE_0001";"NE_0001";"NE_0001";"NE_0001";"NE_0001";"NE_0001"
"2023";"02";"150601";"LIMA";"HUARAL";"HUARAL";"GOBIERNO REGIONAL";"II-2";"00007637";"HOSPITAL SAN JUAN BAUTISTA HUARAL";"240100";"HOSPITALIZACIÓN QUIRÚRGICA CIRUGÍA GENERAL ";"75";"84";"204";"76";"11";"308";"0"
"2023";"02";"150601";"LIMA";"HUARAL";"HUARAL";"GOBIERNO REGIONAL";"II-2";"00007637";"HOSPITAL SAN JUAN BAUTISTA HUARAL";"241200";"HOSPITALIZACIÓN QUIRÚRGICA TRAUMATOLOGÍA Y ORTOPEDIA ";"8";"11";"94";"9";"8";"224";"0"
"2023";"02";"150601";"LIMA";"HUARAL";"HUARAL";"GOBIERNO REGIONAL";"II-2";"00007637";"HOSPITAL SAN JUAN BAUTISTA HUARAL";"241400";"HOSPITALIZACIÓN QUIRÚRGICA GINECO - OBSTETRICIA ";"125";"137";"319";"123";"26";"728";"0"
"2023";"02";"150601";"LIMA";"HUARAL";"HUARAL";"GOBIERNO REGIONAL";"II-2";"00007637";"HOSPITAL SAN JUAN BAUTISTA HUARAL";"241500";"HOSPITALIZACIÓN QUIRÚRGICA GINECOLOGÍA  ";"18";"20";"62";"16";"2";"56";"0"
"2023";"02";"150601";"LIMA";"HUARAL";"HUARAL";"GOBIERNO REGIONAL";"II-2";"00007637";"HOSPITAL SAN JUAN BAUTISTA HUARAL";"241800";"HOSPITALIZACIÓN DE MEDICINA MEDICINA GENERAL ";"56";"76";"472";"47";"16";"448";"9"
"2023";"02";"150601";"LIMA";"HUARAL";"HUARAL";"GOBIERNO REGIONAL";"II-2";"00007637";"HOSPITAL SAN JUAN BAUTISTA HUARAL";"242500";"HOSPITALIZACIÓN-PEDIATRÍA GENERAL-";"11";"13";"45";"19";"5";"140";"0"
"2023";"02";"150601";"LIMA";"HUARAL";"HUARAL";"GOBIERNO REGIONAL";"II-2";"00007637";"HOSPITAL SAN JUAN BAUTISTA HUARAL";"243200";"HOSPITALIZACIÓN DE PEDIATRÍA PEDIATRIA NEONATOLOGÍA";"10";"11";"40";"14";"5";"140";"0"
"2023";"01";"220206";"SAN MARTIN";"BELLAVISTA";"SAN RAFAEL";"GOBIERNO REGIONAL";"I-1";"00006518";"CRISTINO GARCIA CARHUAPOMA";"NE_0002";"";"NE_0002";"NE_0002";"NE_0002";"NE_0002";"NE_0002";"NE_0002";"NE_0002"
"2023";"01";"220206";"SAN MARTIN";"BELLAVISTA";"SAN RAFAEL";"GOBIERNO REGIONAL";"I-1";"00006504";"PALESTINA";"NE_0002";"";"NE_0002";"NE_0002";"NE_0002";"NE_0002";"NE_0002";"NE_0002";"NE_0002"
"2023";"01";"220205";"SAN MARTIN";"BELLAVISTA";"SAN PABLO";"GOBIERNO REGIONAL";"I-1";"00006514";"HUINGOYACU";"NE_0001";"";"NE_0001";"NE_0001";"NE_0001";"NE_0001";"NE_0001";"NE_0001";"NE_0001"
"2023";"01";"220204";"SAN MARTIN";"BELLAVISTA";"HUALLAGA";"GOBIERNO REGIONAL";"I-1";"00006562";"LEDOY";"NE_0001";"";"NE_0001";"NE_0001";"NE_0001";"NE_0001";"NE_0001";"NE_0001";"NE_0001"
"2023";"01";"220201";"SAN MARTIN";"BELLAVISTA";"BELLAVISTA";"GOBIERNO REGIONAL";"I-2";"00006511";"LAS  MERCEDES";"NE_0001";"";"NE_0001";"NE_0001";"NE_0001";"NE_0001";"NE_0001";"NE_0001";"NE_0001"
"2023";"01";"220206";"SAN MARTIN";"BELLAVISTA";"SAN RAFAEL";"GOBIERNO REGIONAL";"I-1";"00006517";"PANAMA";"NE_0002";"";"NE_0002";"NE_0002";"NE_0002";"NE_0002";"NE_0002";"NE_0002";"NE_0002"
"2023";"01";"220201";"SAN MARTIN";"BELLAVISTA";"BELLAVISTA";"GOBIERNO REGIONAL";"I-1";"00006503";"BUENOS AIRES";"NE_0001";"";"NE_0001";"NE_0001";"NE_0001";"NE_0001";"NE_0001";"NE_0001";"NE_0001"
"2023";"01";"220201";"SAN MARTIN";"BELLAVISTA";"BELLAVISTA";"GOBIERNO REGIONAL";"I-1";"00006785";"PERUATE";"NE_0001";"";"NE_0001";"NE_0001";"NE_0001";"NE_0001";"NE_0001";"NE_0001";"NE_0001"
"2023";"02";"150122";"LIMA";"LIMA";"MIRAFLORES";"PRIVADO";"II-E";"00014361";"INSTITUTO DEL CEREBRO Y LA COLUMNA VERTEBRAL";"240000";"HOSPITALIZACIÓN";"41";"41";"61";"41";"8";"224";"0"
"2023";"02";"150116";"LIMA";"LIMA";"LINCE";"PRIVADO";"II-E";"00015927";"CLINICA DE OJOS D´OPELUCE";"NE_0001";"";"NE_0001";"NE_0001";"NE_0001";"NE_0001";"NE_0001";"NE_0001";"NE_0001"
"2023";"02";"040702";"AREQUIPA";"ISLAY";"COCACHACRA";"ESSALUD";"I-2";"00026367";"POSTA MEDICA CHUCARAPI";"NE_0001";"";"NE_0001";"NE_0001";"NE_0001";"NE_0001";"NE_0001";"NE_0001";"NE_0001"
"2023";"02";"040702";"AREQUIPA";"ISLAY";"COCACHACRA";"GOBIERNO REGIONAL";"I-3";"00001445";"CENTRO DE SALUD COCACHACRA";"NE_0001";"";"NE_0001";"NE_0001";"NE_0001";"NE_0001";"NE_0001";"NE_0001";"NE_0001"
"2023";"02";"040702";"AREQUIPA";"ISLAY";"COCACHACRA";"GOBIERNO REGIONAL";"I-1";"00001453";"PUESTO DE SALUD EL TORO";"NE_0001";"";"NE_0001";"NE_0001";"NE_0001";"NE_0001";"NE_0001";"NE_0001";"NE_0001"
"2023";"02";"040702";"AREQUIPA";"ISLAY";"COCACHACRA";"GOBIERNO REGIONAL";"I-2";"00001454";"PUESTO DE SALUD LA PASCANA";"NE_0001";"";"NE_0001";"NE_0001";"NE_0001";"NE_0001";"NE_0001";"NE_0001";"NE_0001"
"2023";"02";"040702";"AREQUIPA";"ISLAY";"COCACHACRA";"GOBIERNO REGIONAL";"I-2";"00001452";"PUESTO DE SALUD EL FISCAL";"NE_0001";"";"NE_0001";"NE_0001";"NE_0001";"NE_0001";"NE_0001";"NE_0001";"NE_0001"
"2023";"03";"080203";"CUSCO";"ACOMAYO";"ACOS";"GOBIERNO REGIONAL";"I-1";"00002319";"ACOS";"NE_0002";"";"NE_0002";"NE_0002";"NE_0002";"NE_0002";"NE_0002";"NE_0002";"NE_0002"
"2023";"01";"250102";"UCAYALI";"CORONEL PORTILLO";"CAMPOVERDE";"GOBIERNO REGIONAL";"I-2";"00005432";"PIMENTAL";"NE_0001";"";"NE_0001";"NE_0001";"NE_0001";"NE_0001";"NE_0001";"NE_0001";"NE_0001"
"2023";"03";"080205";"CUSCO";"ACOMAYO";"POMACANCHI";"GOBIERNO REGIONAL";"I-1";"00012926";"SANTA LUCIA";"NE_0002";"";"NE_0002";"NE_0002";"NE_0002";"NE_0002";"NE_0002";"NE_0002";"NE_0002"
"2023";"03";"080207";"CUSCO";"ACOMAYO";"SANGARARA";"GOBIERNO REGIONAL";"I-1";"00002324";"PUESTO DE SALUD SANGARARA";"NE_0002";"";"NE_0002";"NE_0002";"NE_0002";"NE_0002";"NE_0002";"NE_0002";"NE_0002"
"2023";"01";"250102";"UCAYALI";"CORONEL PORTILLO";"CAMPOVERDE";"GOBIERNO REGIONAL";"I-1";"00005430";"SAN JOSE KM 26";"NE_0001";"";"NE_0001";"NE_0001";"NE_0001";"NE_0001";"NE_0001";"NE_0001";"NE_0001"
"2023";"03";"081008";"CUSCO";"PARURO";"PILLPINTO";"GOBIERNO REGIONAL";"I-1";"00002508";"PILLPINTO";"NE_0002";"";"NE_0002";"NE_0002";"NE_0002";"NE_0002";"NE_0002";"NE_0002";"NE_0002"
"2023";"01";"250102";"UCAYALI";"CORONEL PORTILLO";"CAMPOVERDE";"GOBIERNO REGIONAL";"I-1";"00005429";"AGUA BLANCA";"NE_0001";"";"NE_0001";"NE_0001";"NE_0001";"NE_0001";"NE_0001";"NE_0001";"NE_0001"
"2023";"01";"250304";"UCAYALI";"PADRE ABAD";"NESHUYA";"GOBIERNO REGIONAL";"I-2";"00005418";"MONTE DE LOS OLIVOS";"NE_0001";"";"NE_0001";"NE_0001";"NE_0001";"NE_0001";"NE_0001";"NE_0001";"NE_0001"
"2023";"01";"250304";"UCAYALI";"PADRE ABAD";"NESHUYA";"GOBIERNO REGIONAL";"I-3";"00005415";"MONTE ALEGRE-NESHUYA";"NE_0001";"";"NE_0001";"NE_0001";"NE_0001";"NE_0001";"NE_0001";"NE_0001";"NE_0001"
"2023";"03";"040520";"AREQUIPA";"CAYLLOMA";"MAJES";"GOBIERNO REGIONAL";"II-1";"00016721";"HOSPITAL CENTRAL DE MAJES ING. ANGEL GABRIEL CHURA GALLEGOS";"240100";"HOSPITALIZACIÓN QUIRÚRGICA CIRUGÍA GENERAL ";"43";"41";"152";"193";"6";"186";"0"
"2023";"03";"040520";"AREQUIPA";"CAYLLOMA";"MAJES";"GOBIERNO REGIONAL";"II-1";"00016721";"HOSPITAL CENTRAL DE MAJES ING. ANGEL GABRIEL CHURA GALLEGOS";"241500";"HOSPITALIZACIÓN QUIRÚRGICA GINECOLOGÍA  ";"36";"40";"82";"119";"8";"248";"0"
"2023";"03";"040520";"AREQUIPA";"CAYLLOMA";"MAJES";"GOBIERNO REGIONAL";"II-1";"00016721";"HOSPITAL CENTRAL DE MAJES ING. ANGEL GABRIEL CHURA GALLEGOS";"241800";"HOSPITALIZACIÓN DE MEDICINA MEDICINA GENERAL ";"28";"25";"103";"128";"12";"434";"2"
"2023";"03";"040520";"AREQUIPA";"CAYLLOMA";"MAJES";"GOBIERNO REGIONAL";"II-1";"00016721";"HOSPITAL CENTRAL DE MAJES ING. ANGEL GABRIEL CHURA GALLEGOS";"241600";"HOSPITALIZACIÓN QUIRÚRGICA OBSTETRICIA   ";"116";"106";"206";"311";"11";"341";"0"
"2023";"03";"040520";"AREQUIPA";"CAYLLOMA";"MAJES";"GOBIERNO REGIONAL";"II-1";"00016721";"HOSPITAL CENTRAL DE MAJES ING. ANGEL GABRIEL CHURA GALLEGOS";"242500";"HOSPITALIZACIÓN-PEDIATRÍA GENERAL-";"11";"14";"50";"63";"8";"248";"0"
"2023";"03";"040520";"AREQUIPA";"CAYLLOMA";"MAJES";"GOBIERNO REGIONAL";"II-1";"00016721";"HOSPITAL CENTRAL DE MAJES ING. ANGEL GABRIEL CHURA GALLEGOS";"241200";"HOSPITALIZACIÓN QUIRÚRGICA TRAUMATOLOGÍA Y ORTOPEDIA ";"12";"11";"30";"41";"6";"186";"0"
"2023";"03";"150130";"LIMA";"LIMA";"SAN BORJA";"PRIVADO";"II-E";"00017634";"CLINICA ONCOSALUD";"240000";"HOSPITALIZACIÓN";"342";"325";"1923";"2400";"69";"2139";"17"
"2023";"03";"110107";"ICA";"ICA";"PUEBLO NUEVO";"GOBIERNO REGIONAL";"I-1";"00003402";"PARIÑA GRANDE";"NE_0001";"";"NE_0001";"NE_0001";"NE_0001";"NE_0001";"NE_0001";"NE_0001";"NE_0001"
"2023";"03";"110113";"ICA";"ICA";"TATE";"GOBIERNO REGIONAL";"I-1";"00003405";"PUNO";"NE_0001";"";"NE_0001";"NE_0001";"NE_0001";"NE_0001";"NE_0001";"NE_0001";"NE_0001"
"2023";"03";"110107";"ICA";"ICA";"PUEBLO NUEVO";"GOBIERNO REGIONAL";"I-1";"00003401";"SAN RAFAEL";"NE_0001";"";"NE_0001";"NE_0001";"NE_0001";"NE_0001";"NE_0001";"NE_0001";"NE_0001"
"2023";"03";"070101";"CALLAO";"CALLAO";"CALLAO";"PRIVADO";"I-2";"00018306";"CENTRO DE ATENCIÓN PRIMARIA ALBERTO LEONARDO BARTON THOMPSON";"NE_0001";"";"NE_0001";"NE_0001";"NE_0001";"NE_0001";"NE_0001";"NE_0001";"NE_0001"
"2023";"01";"250105";"UCAYALI";"CORONEL PORTILLO";"YARINACOCHA";"GOBIERNO REGIONAL";"I-2";"00005535";"CLAS SAN PABLO DE TUSHMO.";"NE_0001";"";"NE_0001";"NE_0001";"NE_0001";"NE_0001";"NE_0001";"NE_0001";"NE_0001"
"2023";"01";"250105";"UCAYALI";"CORONEL PORTILLO";"YARINACOCHA";"GOBIERNO REGIONAL";"I-3";"00005534";"SAN JOSE DE YARINACOCHA";"NE_0001";"";"NE_0001";"NE_0001";"NE_0001";"NE_0001";"NE_0001";"NE_0001";"NE_0001"
"2023";"01";"250303";"UCAYALI";"PADRE ABAD";"CURIMANA";"GOBIERNO REGIONAL";"I-1";"00005425";"ZORRILLOS";"NE_0001";"";"NE_0001";"NE_0001";"NE_0001";"NE_0001";"NE_0001";"NE_0001";"NE_0001"
"2023";"01";"250303";"UCAYALI";"PADRE ABAD";"CURIMANA";"GOBIERNO REGIONAL";"I-1";"00005424";"BELLO HORIZONTE";"NE_0001";"";"NE_0001";"NE_0001";"NE_0001";"NE_0001";"NE_0001";"NE_0001";"NE_0001"
"2023";"01";"250303";"UCAYALI";"PADRE ABAD";"CURIMANA";"GOBIERNO REGIONAL";"I-1";"00005423";"LAS MALVINAS.";"NE_0001";"";"NE_0001";"NE_0001";"NE_0001";"NE_0001";"NE_0001";"NE_0001";"NE_0001"
"2023";"01";"250303";"UCAYALI";"PADRE ABAD";"CURIMANA";"GOBIERNO REGIONAL";"I-3";"00005422";"CURIMANA";"NE_0001";"";"NE_0001";"NE_0001";"NE_0001";"NE_0001";"NE_0001";"NE_0001";"NE_0001"
"2023";"03";"060101";"CAJAMARCA";"CAJAMARCA";"CAJAMARCA";"PRIVADO";"II-1";"00012761";"CLINICA SAN LORENZO S.R.L.";"240100";"HOSPITALIZACIÓN QUIRÚRGICA CIRUGÍA GENERAL ";"1";"1";"7";"8";"16";"496";"0"
"2023";"03";"060101";"CAJAMARCA";"CAJAMARCA";"CAJAMARCA";"PRIVADO";"II-1";"00012761";"CLINICA SAN LORENZO S.R.L.";"240300";"HOSPITALIZACIÓN QUIRÚRGICA CIRUGÍA DIGESTIVA ";"15";"15";"20";"35";"16";"496";"0"
"2023";"03";"060101";"CAJAMARCA";"CAJAMARCA";"CAJAMARCA";"PRIVADO";"II-1";"00012761";"CLINICA SAN LORENZO S.R.L.";"240400";"HOSPITALIZACIÓN QUIRÚRGICA CIRUGÍA DE TÓRAX Y CARDIOVASCULAR ";"2";"2";"6";"8";"16";"496";"0"
"2023";"03";"060101";"CAJAMARCA";"CAJAMARCA";"CAJAMARCA";"PRIVADO";"II-1";"00012761";"CLINICA SAN LORENZO S.R.L.";"240801";"HOSPITALIZACIÓN QUIRÚRGICA CIRUGÍA PLÁSTICA/RECONSTRUCTIVA/ REPARADORA QUEMADOS";"1";"1";"1";"2";"16";"496";"0"
"2023";"03";"060101";"CAJAMARCA";"CAJAMARCA";"CAJAMARCA";"PRIVADO";"II-1";"00012761";"CLINICA SAN LORENZO S.R.L.";"241000";"HOSPITALIZACIÓN QUIRÚRGICA ONCOLOGÍA QUIRÚRGICA  ";"6";"6";"20";"26";"16";"496";"0"
"2023";"03";"060101";"CAJAMARCA";"CAJAMARCA";"CAJAMARCA";"PRIVADO";"II-1";"00012761";"CLINICA SAN LORENZO S.R.L.";"241200";"HOSPITALIZACIÓN QUIRÚRGICA TRAUMATOLOGÍA Y ORTOPEDIA ";"9";"9";"16";"25";"16";"496";"0"
"2023";"03";"060101";"CAJAMARCA";"CAJAMARCA";"CAJAMARCA";"PRIVADO";"II-1";"00012761";"CLINICA SAN LORENZO S.R.L.";"241300";"HOSPITALIZACIÓN QUIRÚRGICA UROLOGÍA  ";"13";"13";"36";"49";"16";"496";"0"
"2023";"03";"060101";"CAJAMARCA";"CAJAMARCA";"CAJAMARCA";"PRIVADO";"II-1";"00012761";"CLINICA SAN LORENZO S.R.L.";"241500";"HOSPITALIZACIÓN QUIRÚRGICA GINECOLOGÍA  ";"9";"9";"13";"22";"16";"496";"0"
"2023";"03";"060101";"CAJAMARCA";"CAJAMARCA";"CAJAMARCA";"PRIVADO";"II-1";"00012761";"CLINICA SAN LORENZO S.R.L.";"241900";"HOSPITALIZACIÓN DE MEDICINA MEDICINA INTERNA ";"1";"1";"6";"7";"16";"496";"0"
"2023";"03";"060101";"CAJAMARCA";"CAJAMARCA";"CAJAMARCA";"PRIVADO";"II-1";"00012761";"CLINICA SAN LORENZO S.R.L.";"244000";"HOSPITALIZACIÓN DE MEDICINA CARDIOLOGIA ";"1";"1";"4";"5";"16";"496";"0"
"2023";"03";"070101";"CALLAO";"CALLAO";"CALLAO";"PRIVADO";"II-2";"00018319";"HOSPITAL ALBERTO LEONARDO BARTON THOMPSON";"240100";"HOSPITALIZACIÓN QUIRÚRGICA CIRUGÍA GENERAL ";"19";"187";"910";"777";"26";"806";"3"
"2023";"03";"070101";"CALLAO";"CALLAO";"CALLAO";"PRIVADO";"II-2";"00018319";"HOSPITAL ALBERTO LEONARDO BARTON THOMPSON";"241500";"HOSPITALIZACIÓN QUIRÚRGICA GINECOLOGÍA  ";"73";"217";"824";"824";"30";"929";"5"
"2023";"03";"070101";"CALLAO";"CALLAO";"CALLAO";"PRIVADO";"II-2";"00018319";"HOSPITAL ALBERTO LEONARDO BARTON THOMPSON";"241800";"HOSPITALIZACIÓN DE MEDICINA MEDICINA GENERAL ";"223";"249";"2179";"2343";"79";"2433";"42"
"2023";"03";"070101";"CALLAO";"CALLAO";"CALLAO";"PRIVADO";"II-2";"00018319";"HOSPITAL ALBERTO LEONARDO BARTON THOMPSON";"242300";"HOSPITALIZACIÓN DE PEDIATRÍA  PEDIATRÍA  GENERAL ";"106";"127";"387";"412";"33";"1021";"0"
"2023";"02";"150101";"LIMA";"LIMA";"LIMA";"PRIVADO";"II-1";"00016291";"HOSPITAL MEGASALUD UNIVERSAL";"240000";"HOSPITALIZACIÓN";"116";"61";"192";"180";"22";"616";"0"
"2023";"02";"150120";"LIMA";"LIMA";"MAGDALENA DEL MAR";"PRIVADO";"II-E";"00015349";"MEDICAL PLASTIC";"240800";"HOSPITALIZACIÓN QUIRÚRGICA CIRUGÍA PLÁSTICA/RECONSTRUCTIVA/ REPARADORA ";"4";"4";"4";"4";"4";"112";"0"
"2023";"02";"120606";"JUNIN";"SATIPO";"PANGOA";"GOBIERNO REGIONAL";"I-2";"00000447";"VILLA MARIA";"NE_0001";"";"NE_0001";"NE_0001";"NE_0001";"NE_0001";"NE_0001";"NE_0001";"NE_0001"
"2023";"02";"120606";"JUNIN";"SATIPO";"PANGOA";"GOBIERNO REGIONAL";"I-3";"00000443";"SAN RAMON DE PANGOA";"NE_0001";"";"NE_0001";"NE_0001";"NE_0001";"NE_0001";"NE_0001";"NE_0001";"NE_0001"
"2023";"02";"120606";"JUNIN";"SATIPO";"PANGOA";"GOBIERNO REGIONAL";"I-1";"00000456";"SANTA ROSA ALTO KIATARI";"NE_0001";"";"NE_0001";"NE_0001";"NE_0001";"NE_0001";"NE_0001";"NE_0001";"NE_0001"
"2023";"02";"120606";"JUNIN";"SATIPO";"PANGOA";"GOBIERNO REGIONAL";"I-2";"00000444";"CHAVINI";"NE_0001";"";"NE_0001";"NE_0001";"NE_0001";"NE_0001";"NE_0001";"NE_0001";"NE_0001"
"2023";"02";"120606";"JUNIN";"SATIPO";"PANGOA";"GOBIERNO REGIONAL";"I-1";"00000450";"ALTO KIATARI";"NE_0001";"";"NE_0001";"NE_0001";"NE_0001";"NE_0001";"NE_0001";"NE_0001";"NE_0001"
"2023";"02";"120606";"JUNIN";"SATIPO";"PANGOA";"GOBIERNO REGIONAL";"I-1";"00000453";"UNION CHAVINI";"NE_0001";"";"NE_0001";"NE_0001";"NE_0001";"NE_0001";"NE_0001";"NE_0001";"NE_0001"
"2023";"02";"120606";"JUNIN";"SATIPO";"PANGOA";"GOBIERNO REGIONAL";"I-1";"00000440";"SAN JOSE DE MIRAFLORES";"NE_0001";"";"NE_0001";"NE_0001";"NE_0001";"NE_0001";"NE_0001";"NE_0001";"NE_0001"
"2023";"02";"120606";"JUNIN";"SATIPO";"PANGOA";"GOBIERNO REGIONAL";"I-1";"00000458";"VILCABAMBA";"NE_0001";"";"NE_0001";"NE_0001";"NE_0001";"NE_0001";"NE_0001";"NE_0001";"NE_0001"
"2023";"02";"200701";"PIURA";"TALARA";"PARIÑAS";"PRIVADO";"II-1";"00011498";"CLINICA TORRES S.A.";"240000";"HOSPITALIZACIÓN";"4";"4";"7";"7";"16";"489";"0"
"2023";"02";"150132";"LIMA";"LIMA";"SAN JUAN DE LURIGANCHO";"PRIVADO";"II-1";"00009090";"CLINICA "" LIMATAMBO""";"240000";"HOSPITALIZACIÓN";"105";"99";"234";"297";"30";"930";"0"
"2023";"02";"070101";"CALLAO";"CALLAO";"CALLAO";"PRIVADO";"I-2";"00011182";"CONSULTORIOS LIMATAMBO SEDE MINKA";"NE_0001";"";"NE_0001";"NE_0001";"NE_0001";"NE_0001";"NE_0001";"NE_0001";"NE_0001"
"2023";"02";"040103";"AREQUIPA";"AREQUIPA";"CAYMA";"GOBIERNO REGIONAL";"I-3";"00006890";"PUESTO DE SALUD RAFAEL BELAUNDE";"NE_0001";"";"NE_0001";"NE_0001";"NE_0001";"NE_0001";"NE_0001";"NE_0001";"NE_0001"
"2023";"02";"040103";"AREQUIPA";"AREQUIPA";"CAYMA";"GOBIERNO REGIONAL";"I-3";"00027464";"CENTRO DE SALUD MENTAL COMUNITARIO CAYMA";"NE_0001";"";"NE_0001";"NE_0001";"NE_0001";"NE_0001";"NE_0001";"NE_0001";"NE_0001"
"2023";"02";"040516";"AREQUIPA";"CAYLLOMA";"TAPAY";"GOBIERNO REGIONAL";"I-2";"00001434";"PUESTO DE SALUD TAPAY";"NE_0001";"";"NE_0001";"NE_0001";"NE_0001";"NE_0001";"NE_0001";"NE_0001";"NE_0001"
"2023";"02";"040507";"AREQUIPA";"CAYLLOMA";"HUAMBO";"GOBIERNO REGIONAL";"I-2";"00001433";"PUESTO DE SALUD HUAMBO";"NE_0001";"";"NE_0001";"NE_0001";"NE_0001";"NE_0001";"NE_0001";"NE_0001";"NE_0001"
"2023";"02";"040503";"AREQUIPA";"CAYLLOMA";"CABANACONDE";"GOBIERNO REGIONAL";"I-3";"00001420";"CENTRO DE SALUD CABANACONDE";"NE_0001";"";"NE_0001";"NE_0001";"NE_0001";"NE_0001";"NE_0001";"NE_0001";"NE_0001"
"2023";"02";"040406";"AREQUIPA";"CASTILLA";"CHOCO";"GOBIERNO REGIONAL";"I-2";"00001441";"PUESTO DE SALUD CHOCO";"NE_0001";"";"NE_0001";"NE_0001";"NE_0001";"NE_0001";"NE_0001";"NE_0001";"NE_0001"
"2023";"02";"040503";"AREQUIPA";"CAYLLOMA";"CABANACONDE";"GOBIERNO REGIONAL";"I-2";"00001432";"PUESTO DE SALUD PINCHOLLO";"NE_0001";"";"NE_0001";"NE_0001";"NE_0001";"NE_0001";"NE_0001";"NE_0001";"NE_0001"
"2023";"03";"150132";"LIMA";"LIMA";"SAN JUAN DE LURIGANCHO";"SANIDAD DE LA POLICIA NACIONAL DEL PERU";"I-3";"00030839";"POLICLINICO POLICIAL ZARATE";"NE_0001";"";"NE_0001";"NE_0001";"NE_0001";"NE_0001";"NE_0001";"NE_0001";"NE_0001"
"2023";"03";"150121";"LIMA";"LIMA";"PUEBLO LIBRE";"PRIVADO";"II-1";"00010831";"centro Especializado en Odontoestomatología";"NE_0001";"";"NE_0001";"NE_0001";"NE_0001";"NE_0001";"NE_0001";"NE_0001";"NE_0001"
"2023";"03";"040101";"AREQUIPA";"AREQUIPA";"AREQUIPA";"PRIVADO";"II-E";"00011995";"CLINICA ALMONTE SAC";"240800";"HOSPITALIZACIÓN QUIRÚRGICA CIRUGÍA PLÁSTICA/RECONSTRUCTIVA/ REPARADORA ";"8";"8";"8";"8";"3";"62";"0"
"2023";"03";"150112";"LIMA";"LIMA";"INDEPENDENCIA";"SANIDAD DE LA POLICIA NACIONAL DEL PERU";"I-2";"00012741";"POSTA MEDICA POLICIAL INDEPENDENCIA";"NE_0001";"";"NE_0001";"NE_0001";"NE_0001";"NE_0001";"NE_0001";"NE_0001";"NE_0001"
"2023";"03";"120401";"JUNIN";"JAUJA";"JAUJA";"SANIDAD DE LA POLICIA NACIONAL DEL PERU";"I-2";"00011874";"POSTA MEDICA POLICIAL JAUJA";"NE_0001";"";"NE_0001";"NE_0001";"NE_0001";"NE_0001";"NE_0001";"NE_0001";"NE_0001"
"2023";"03";"240101";"TUMBES";"TUMBES";"TUMBES";"SANIDAD DE LA POLICIA NACIONAL DEL PERU";"I-3";"00012088";"POLICLINICO POLICIAL ""LA CRUZ"" TUMBES";"NE_0001";"";"NE_0001";"NE_0001";"NE_0001";"NE_0001";"NE_0001";"NE_0001";"NE_0001"
"2023";"03";"240103";"TUMBES";"TUMBES";"LA CRUZ";"ESSALUD";"I-2";"00012274";"POSTA MEDICA LA CRUZ";"NE_0001";"";"NE_0001";"NE_0001";"NE_0001";"NE_0001";"NE_0001";"NE_0001";"NE_0001"
"2023";"03";"230101";"TACNA";"TACNA";"TACNA";"ESSALUD";"I-2";"00010228";"CENTRO DE ATENCION PRIMARIA II  OSCAR FERNANDEZ DAVILA VÉLEZ";"NE_0001";"";"NE_0001";"NE_0001";"NE_0001";"NE_0001";"NE_0001";"NE_0001";"NE_0001"
"2023";"03";"020101";"ANCASH";"HUARAZ";"HUARAZ";"SANIDAD DE LA POLICIA NACIONAL DEL PERU";"I-3";"00010205";"POLICLINICO PNP HUARAZ";"NE_0001";"";"NE_0001";"NE_0001";"NE_0001";"NE_0001";"NE_0001";"NE_0001";"NE_0001"
"2023";"03";"051011";"AYACUCHO";"VICTOR FAJARDO";"SARHUA";"GOBIERNO REGIONAL";"I-1";"00003505";"TOMANGA";"NE_0001";"";"NE_0001";"NE_0001";"NE_0001";"NE_0001";"NE_0001";"NE_0001";"NE_0001"
"2023";"03";"051011";"AYACUCHO";"VICTOR FAJARDO";"SARHUA";"GOBIERNO REGIONAL";"I-1";"00003500";"PUESTO DE SALUD CHUQUI HUARCAYA";"NE_0001";"";"NE_0001";"NE_0001";"NE_0001";"NE_0001";"NE_0001";"NE_0001";"NE_0001"
"2023";"03";"050202";"AYACUCHO";"CANGALLO";"CHUSCHI";"GOBIERNO REGIONAL";"I-3";"00003502";"CENTRO DE SALUD CHUSCHI";"241700";"HOSPITALIZACIÓN QUIRÚRGICA GINECOLOGÍA   GINECOLOGIA ONCOLOGiCA";"1";"1";"2";"3";"4";"6";"0"
"2023";"03";"050202";"AYACUCHO";"CANGALLO";"CHUSCHI";"GOBIERNO REGIONAL";"I-1";"00003504";"PUESTO DE SALUD CANCHA CANCHA";"NE_0001";"";"NE_0001";"NE_0001";"NE_0001";"NE_0001";"NE_0001";"NE_0001";"NE_0001"
"2023";"03";"050204";"AYACUCHO";"CANGALLO";"MARIA PARADO DE BELLIDO";"GOBIERNO REGIONAL";"I-3";"00003509";"CENTRO DE SALUD POMABAMBA";"240100";"HOSPITALIZACIÓN QUIRÚRGICA CIRUGÍA GENERAL ";"7";"7";"21";"1";"3";"6";"0"
"2023";"03";"050204";"AYACUCHO";"CANGALLO";"MARIA PARADO DE BELLIDO";"GOBIERNO REGIONAL";"I-3";"00003509";"CENTRO DE SALUD POMABAMBA";"241400";"HOSPITALIZACIÓN QUIRÚRGICA GINECO - OBSTETRICIA ";"4";"4";"8";"3";"4";"6";"0"
"2023";"03";"051011";"AYACUCHO";"VICTOR FAJARDO";"SARHUA";"GOBIERNO REGIONAL";"I-3";"00003512";"PUESTO DE SALUD SARHUA";"NE_0002";"";"NE_0002";"NE_0002";"NE_0002";"NE_0002";"NE_0002";"NE_0002";"NE_0002"
"2023";"03";"050202";"AYACUCHO";"CANGALLO";"CHUSCHI";"GOBIERNO REGIONAL";"I-1";"00003503";"PUESTO DE SALUD CHACOLLA";"NE_0001";"";"NE_0001";"NE_0001";"NE_0001";"NE_0001";"NE_0001";"NE_0001";"NE_0001"
"2023";"03";"051008";"AYACUCHO";"VICTOR FAJARDO";"HUAMANQUIQUIA";"GOBIERNO REGIONAL";"I-1";"00003832";"PUESTO DE SALUD PATARA";"NE_0001";"";"NE_0001";"NE_0001";"NE_0001";"NE_0001";"NE_0001";"NE_0001";"NE_0001"
"2023";"03";"051002";"AYACUCHO";"VICTOR FAJARDO";"ALCAMENCA";"GOBIERNO REGIONAL";"I-1";"00003510";"PUESTO DE SALUD CARAMPA";"NE_0001";"";"NE_0001";"NE_0001";"NE_0001";"NE_0001";"NE_0001";"NE_0001";"NE_0001"
"2023";"03";"051011";"AYACUCHO";"VICTOR FAJARDO";"SARHUA";"GOBIERNO REGIONAL";"I-1";"00003511";"PUESTO DE SALUD AUQUILLA";"NE_0001";"";"NE_0001";"NE_0001";"NE_0001";"NE_0001";"NE_0001";"NE_0001";"NE_0001"
"2023";"03";"150133";"LIMA";"LIMA";"SAN JUAN DE MIRAFLORES";"SANIDAD DEL EJERCITO DEL PERU";"I-3";"00010385";"CENTRO DE SALUD MILITAR ""SAN JUAN""";"NE_0001";"";"NE_0001";"NE_0001";"NE_0001";"NE_0001";"NE_0001";"NE_0001";"NE_0001"
"2023";"03";"150141";"LIMA";"LIMA";"SURQUILLO";"PRIVADO";"II-E";"00012020";"CLINICA OFTALMOLOGICA ESPECIALIZADA ÑAHUI";"NE_0001";"";"NE_0001";"NE_0001";"NE_0001";"NE_0001";"NE_0001";"NE_0001";"NE_0001"
"2023";"03";"160101";"LORETO";"MAYNAS";"IQUITOS";"ESSALUD";"I-3";"00011408";"CAP III IQUITOS";"NE_0001";"";"NE_0001";"NE_0001";"NE_0001";"NE_0001";"NE_0001";"NE_0001";"NE_0001"
"2023";"03";"220101";"SAN MARTIN";"MOYOBAMBA";"MOYOBAMBA";"GOBIERNO REGIONAL";"I-3";"00031275";"CENTRO DE SALUD MENTAL COMUNITARIO MOYOBAMBA";"NE_0002";"";"NE_0002";"NE_0002";"NE_0002";"NE_0002";"NE_0002";"NE_0002";"NE_0002"
"2023";"03";"040601";"AREQUIPA";"CONDESUYOS";"CHUQUIBAMBA";"ESSALUD";"I-2";"00013310";"POSTA  MEDICA  DE CHUQUIBAMBA";"NE_0001";"";"NE_0001";"NE_0001";"NE_0001";"NE_0001";"NE_0001";"NE_0001";"NE_0001"
"2023";"03";"150101";"LIMA";"LIMA";"LIMA";"ESSALUD";"I-3";"00008539";"POLICLINICO CHINCHA";"NE_0001";"";"NE_0001";"NE_0001";"NE_0001";"NE_0001";"NE_0001";"NE_0001";"NE_0001"
"2023";"03";"150110";"LIMA";"LIMA";"COMAS";"PRIVADO";"II-E";"00030606";"VISANA CLINICA  ESPECIALIZADA OFTALMOLOGICA";"NE_0001";"";"NE_0001";"NE_0001";"NE_0001";"NE_0001";"NE_0001";"NE_0001";"NE_0001"
"2023";"03";"050601";"AYACUCHO";"LUCANAS";"PUQUIO";"GOBIERNO REGIONAL";"II-1";"00003727";"HOSPITAL DE APOYO DE PUQUIO ""FELIPE HUAMÁN POMA DE AYALA""";"240100";"HOSPITALIZACIÓN QUIRÚRGICA CIRUGÍA GENERAL ";"4";"6";"38";"4";"8";"248";"0"
"2023";"03";"050601";"AYACUCHO";"LUCANAS";"PUQUIO";"GOBIERNO REGIONAL";"II-1";"00003727";"HOSPITAL DE APOYO DE PUQUIO ""FELIPE HUAMÁN POMA DE AYALA""";"241400";"HOSPITALIZACIÓN QUIRÚRGICA GINECO - OBSTETRICIA ";"4";"6";"16";"4";"2";"62";"0"
"2023";"03";"050601";"AYACUCHO";"LUCANAS";"PUQUIO";"GOBIERNO REGIONAL";"II-1";"00003727";"HOSPITAL DE APOYO DE PUQUIO ""FELIPE HUAMÁN POMA DE AYALA""";"241500";"HOSPITALIZACIÓN QUIRÚRGICA GINECOLOGÍA  ";"13";"16";"27";"13";"2";"62";"0"
"2023";"03";"050601";"AYACUCHO";"LUCANAS";"PUQUIO";"GOBIERNO REGIONAL";"II-1";"00003727";"HOSPITAL DE APOYO DE PUQUIO ""FELIPE HUAMÁN POMA DE AYALA""";"241600";"HOSPITALIZACIÓN QUIRÚRGICA OBSTETRICIA   ";"19";"19";"39";"19";"8";"248";"0"
"2023";"03";"050601";"AYACUCHO";"LUCANAS";"PUQUIO";"GOBIERNO REGIONAL";"II-1";"00003727";"HOSPITAL DE APOYO DE PUQUIO ""FELIPE HUAMÁN POMA DE AYALA""";"241800";"HOSPITALIZACIÓN DE MEDICINA MEDICINA GENERAL ";"17";"19";"100";"17";"10";"310";"0"
"2023";"03";"050601";"AYACUCHO";"LUCANAS";"PUQUIO";"GOBIERNO REGIONAL";"II-1";"00003727";"HOSPITAL DE APOYO DE PUQUIO ""FELIPE HUAMÁN POMA DE AYALA""";"242200";"HOSPITALIZACIÓN DE MEDICINA PSIQUIATRÍA ";"2";"2";"4";"2";"1";"31";"0"
"2023";"03";"050601";"AYACUCHO";"LUCANAS";"PUQUIO";"GOBIERNO REGIONAL";"II-1";"00003727";"HOSPITAL DE APOYO DE PUQUIO ""FELIPE HUAMÁN POMA DE AYALA""";"242500";"HOSPITALIZACIÓN-PEDIATRÍA GENERAL-";"9";"11";"25";"9";"11";"341";"0"
"2023";"03";"050601";"AYACUCHO";"LUCANAS";"PUQUIO";"GOBIERNO REGIONAL";"II-1";"00003727";"HOSPITAL DE APOYO DE PUQUIO ""FELIPE HUAMÁN POMA DE AYALA""";"243200";"HOSPITALIZACIÓN DE PEDIATRÍA PEDIATRIA NEONATOLOGÍA";"4";"4";"6";"4";"7";"217";"0"
"2023";"03";"050601";"AYACUCHO";"LUCANAS";"PUQUIO";"GOBIERNO REGIONAL";"II-1";"00003727";"HOSPITAL DE APOYO DE PUQUIO ""FELIPE HUAMÁN POMA DE AYALA""";"250105";"UNIDAD DE CUIDADOS CRITICOS UNIDAD  DE CUIDADOS INTENSIVOS  (UCI) NEONATOLOGÍA";"1";"3";"14";"1";"1";"31";"0"
"2023";"01";"250303";"UCAYALI";"PADRE ABAD";"CURIMANA";"GOBIERNO REGIONAL";"I-1";"00006885";"SAN JUAN DE TAHUAPOA";"NE_0001";"";"NE_0001";"NE_0001";"NE_0001";"NE_0001";"NE_0001";"NE_0001";"NE_0001"
"2023";"01";"250105";"UCAYALI";"CORONEL PORTILLO";"YARINACOCHA";"GOBIERNO REGIONAL";"I-1";"00005549";"SANTA ROSA";"NE_0001";"";"NE_0001";"NE_0001";"NE_0001";"NE_0001";"NE_0001";"NE_0001";"NE_0001"
"2023";"01";"250105";"UCAYALI";"CORONEL PORTILLO";"YARINACOCHA";"GOBIERNO REGIONAL";"I-1";"00005548";"CASHIVOCOCHA";"NE_0001";"";"NE_0001";"NE_0001";"NE_0001";"NE_0001";"NE_0001";"NE_0001";"NE_0001"
"2023";"01";"250105";"UCAYALI";"CORONEL PORTILLO";"YARINACOCHA";"GOBIERNO REGIONAL";"I-1";"00005546";"MARISCAL SUCRE";"NE_0001";"";"NE_0001";"NE_0001";"NE_0001";"NE_0001";"NE_0001";"NE_0001";"NE_0001"
"2023";"01";"250105";"UCAYALI";"CORONEL PORTILLO";"YARINACOCHA";"GOBIERNO REGIONAL";"I-1";"00005545";"NUEVA ALEJANDRIA";"NE_0001";"";"NE_0001";"NE_0001";"NE_0001";"NE_0001";"NE_0001";"NE_0001";"NE_0001"
"2023";"01";"250105";"UCAYALI";"CORONEL PORTILLO";"YARINACOCHA";"GOBIERNO REGIONAL";"I-1";"00005544";"CLAS UNION ZAPOTILLO";"NE_0001";"";"NE_0001";"NE_0001";"NE_0001";"NE_0001";"NE_0001";"NE_0001";"NE_0001"
"2023";"01";"250105";"UCAYALI";"CORONEL PORTILLO";"YARINACOCHA";"GOBIERNO REGIONAL";"I-1";"00005543";"NUEVA LUZ DE FATIMA";"NE_0001";"";"NE_0001";"NE_0001";"NE_0001";"NE_0001";"NE_0001";"NE_0001";"NE_0001"
"2023";"01";"250105";"UCAYALI";"CORONEL PORTILLO";"YARINACOCHA";"GOBIERNO REGIONAL";"I-1";"00005542";"CLAS  DE SAN JUAN YARINACOCHA .";"NE_0001";"";"NE_0001";"NE_0001";"NE_0001";"NE_0001";"NE_0001";"NE_0001";"NE_0001"
"2023";"01";"250105";"UCAYALI";"CORONEL PORTILLO";"YARINACOCHA";"GOBIERNO REGIONAL";"I-1";"00005541";"PUESTO DE SALUD LEONCIO PRADO";"NE_0001";"";"NE_0001";"NE_0001";"NE_0001";"NE_0001";"NE_0001";"NE_0001";"NE_0001"
"2023";"01";"250105";"UCAYALI";"CORONEL PORTILLO";"YARINACOCHA";"GOBIERNO REGIONAL";"I-1";"00005540";"HUITOCOCHA";"NE_0001";"";"NE_0001";"NE_0001";"NE_0001";"NE_0001";"NE_0001";"NE_0001";"NE_0001"
"2023";"01";"250105";"UCAYALI";"CORONEL PORTILLO";"YARINACOCHA";"GOBIERNO REGIONAL";"I-2";"00005538";"SAN FRANCISCO DE YARINACOCHA";"NE_0001";"";"NE_0001";"NE_0001";"NE_0001";"NE_0001";"NE_0001";"NE_0001";"NE_0001"
"2023";"01";"250105";"UCAYALI";"CORONEL PORTILLO";"YARINACOCHA";"GOBIERNO REGIONAL";"I-2";"00005537";"CLAS   BELLAVISTA DE YARINACOCHA";"NE_0001";"";"NE_0001";"NE_0001";"NE_0001";"NE_0001";"NE_0001";"NE_0001";"NE_0001"
"2023";"01";"250105";"UCAYALI";"CORONEL PORTILLO";"YARINACOCHA";"GOBIERNO REGIONAL";"I-2";"00005536";"ESPERANZA DE PANAILLO";"NE_0001";"";"NE_0001";"NE_0001";"NE_0001";"NE_0001";"NE_0001";"NE_0001";"NE_0001"
"2023";"03";"220911";"SAN MARTIN";"SAN MARTIN";"PAPAPLAYA";"GOBIERNO REGIONAL";"I-3";"00006449";"HOSPITAL RURAL DE PAPAPLAYA";"241800";"HOSPITALIZACIÓN DE MEDICINA MEDICINA GENERAL ";"8";"10";"10";"10";"4";"124";"0"
"2023";"03";"220911";"SAN MARTIN";"SAN MARTIN";"PAPAPLAYA";"GOBIERNO REGIONAL";"I-1";"00006448";"REFORMA";"NE_0001";"";"NE_0001";"NE_0001";"NE_0001";"NE_0001";"NE_0001";"NE_0001";"NE_0001"
"2023";"03";"150130";"LIMA";"LIMA";"SAN BORJA";"PRIVADO";"II-E";"00013383";"CLINICA SANTA ISABEL";"241400";"HOSPITALIZACIÓN QUIRÚRGICA GINECO - OBSTETRICIA ";"199";"196";"562";"623";"26";"806";"0"
"2023";"03";"120602";"JUNIN";"SATIPO";"COVIRIALI";"GOBIERNO REGIONAL";"I-1";"00000488";"SAN ANDRES";"NE_0001";"";"NE_0001";"NE_0001";"NE_0001";"NE_0001";"NE_0001";"NE_0001";"NE_0001"
"2023";"03";"120605";"JUNIN";"SATIPO";"PAMPA HERMOSA";"GOBIERNO REGIONAL";"I-1";"00007185";"PAMPA MANDARINA";"NE_0001";"";"NE_0001";"NE_0001";"NE_0001";"NE_0001";"NE_0001";"NE_0001";"NE_0001"
"2023";"03";"120602";"JUNIN";"SATIPO";"COVIRIALI";"GOBIERNO REGIONAL";"I-2";"00000486";"SAN PEDRO";"NE_0001";"";"NE_0001";"NE_0001";"NE_0001";"NE_0001";"NE_0001";"NE_0001";"NE_0001"
"2023";"03";"120605";"JUNIN";"SATIPO";"PAMPA HERMOSA";"GOBIERNO REGIONAL";"I-2";"00000493";"MARIPOSA";"NE_0001";"";"NE_0001";"NE_0001";"NE_0001";"NE_0001";"NE_0001";"NE_0001";"NE_0001"
"2023";"03";"120602";"JUNIN";"SATIPO";"COVIRIALI";"GOBIERNO REGIONAL";"I-3";"00000485";"COVIRIALI";"NE_0001";"";"NE_0001";"NE_0001";"NE_0001";"NE_0001";"NE_0001";"NE_0001";"NE_0001"
"2023";"03";"120605";"JUNIN";"SATIPO";"PAMPA HERMOSA";"GOBIERNO REGIONAL";"I-2";"00006876";"TOLDOPAMPA";"NE_0001";"";"NE_0001";"NE_0001";"NE_0001";"NE_0001";"NE_0001";"NE_0001";"NE_0001"
"2023";"03";"120602";"JUNIN";"SATIPO";"COVIRIALI";"GOBIERNO REGIONAL";"I-1";"00000487";"SANTA MARIA";"NE_0001";"";"NE_0001";"NE_0001";"NE_0001";"NE_0001";"NE_0001";"NE_0001";"NE_0001"
"2023";"01";"200601";"PIURA";"SULLANA";"SULLANA";"PRIVADO";"II-1";"00012261";"CLINICA INMACULADA";"240000";"HOSPITALIZACIÓN";"151";"150";"201";"155";"30";"900";"0"
"2023";"01";"230301";"TACNA";"JORGE BASADRE";"LOCUMBA";"ESSALUD";"I-2";"00018550";"CENTRO DE ATENCION PRIMARIA  I  LOCUMBA";"NE_0001";"";"NE_0001";"NE_0001";"NE_0001";"NE_0001";"NE_0001";"NE_0001";"NE_0001"
"2023";"01";"240102";"TUMBES";"TUMBES";"CORRALES";"GOBIERNO REGIONAL";"I-2";"00001868";"MALVAL";"NE_0001";"";"NE_0001";"NE_0001";"NE_0001";"NE_0001";"NE_0001";"NE_0001";"NE_0001"
"2023";"01";"240102";"TUMBES";"TUMBES";"CORRALES";"GOBIERNO REGIONAL";"I-2";"00001867";"SAN ISIDRO";"NE_0001";"";"NE_0001";"NE_0001";"NE_0001";"NE_0001";"NE_0001";"NE_0001";"NE_0001"
"2023";"01";"240105";"TUMBES";"TUMBES";"SAN JACINTO";"GOBIERNO REGIONAL";"I-2";"00001873";"CASA BLANQUEADA";"NE_0001";"";"NE_0001";"NE_0001";"NE_0001";"NE_0001";"NE_0001";"NE_0001";"NE_0001"
"2023";"01";"240105";"TUMBES";"TUMBES";"SAN JACINTO";"GOBIERNO REGIONAL";"I-1";"00001871";"RICA PLAYA";"NE_0001";"";"NE_0001";"NE_0001";"NE_0001";"NE_0001";"NE_0001";"NE_0001";"NE_0001"
"2023";"01";"240105";"TUMBES";"TUMBES";"SAN JACINTO";"GOBIERNO REGIONAL";"I-2";"00001872";"VAQUERIA";"NE_0001";"";"NE_0001";"NE_0001";"NE_0001";"NE_0001";"NE_0001";"NE_0001";"NE_0001"
"2023";"01";"240102";"TUMBES";"TUMBES";"CORRALES";"GOBIERNO REGIONAL";"I-4";"00001866";"CLAS CORRALES";"NE_0002";"";"NE_0002";"NE_0002";"NE_0002";"NE_0002";"NE_0002";"NE_0002";"NE_0002"
"2023";"01";"240105";"TUMBES";"TUMBES";"SAN JACINTO";"GOBIERNO REGIONAL";"I-1";"00001874";"OIDOR.";"NE_0001";"";"NE_0001";"NE_0001";"NE_0001";"NE_0001";"NE_0001";"NE_0001";"NE_0001"
"2023";"01";"240103";"TUMBES";"TUMBES";"LA CRUZ";"GOBIERNO REGIONAL";"I-3";"00001869";"CLAS LA CRUZ";"NE_0001";"";"NE_0001";"NE_0001";"NE_0001";"NE_0001";"NE_0001";"NE_0001";"NE_0001"
"2023";"01";"240105";"TUMBES";"TUMBES";"SAN JACINTO";"GOBIERNO REGIONAL";"I-3";"00001870";"SAN JACINTO";"NE_0001";"";"NE_0001";"NE_0001";"NE_0001";"NE_0001";"NE_0001";"NE_0001";"NE_0001"
"2023";"01";"150128";"LIMA";"LIMA";"RIMAC";"ESSALUD";"I-3";"00008881";"FRANCISCO PIZARRO";"NE_0001";"";"NE_0001";"NE_0001";"NE_0001";"NE_0001";"NE_0001";"NE_0001";"NE_0001"
"2023";"02";"210402";"PUNO";"CHUCUITO";"DESAGUADERO";"ESSALUD";"I-3";"00009221";"CENTRO DE ATENCION PRIMARIA I DESAGUADERO";"NE_0001";"";"NE_0001";"NE_0001";"NE_0001";"NE_0001";"NE_0001";"NE_0001";"NE_0001"
"2023";"02";"150112";"LIMA";"LIMA";"INDEPENDENCIA";"PRIVADO";"II-2";"00010182";"CLINICA JESUS DEL NORTE";"250100";"UNIDAD DE CUIDADOS CRITICOS UNIDAD  DE CUIDADOS INTENSIVOS GENERALES (UCI) ";"37";"34";"56";"85";"7";"196";"2"
"2023";"02";"150112";"LIMA";"LIMA";"INDEPENDENCIA";"PRIVADO";"II-2";"00010182";"CLINICA JESUS DEL NORTE";"240000";"HOSPITALIZACIÓN";"461";"466";"1227";"1683";"73";"2044";"3"
"2023";"02";"060605";"CAJAMARCA";"CUTERVO";"LA RAMADA";"GOBIERNO REGIONAL";"I-1";"00005028";"LLUSHCAPAMPA";"NE_0001";"";"NE_0001";"NE_0001";"NE_0001";"NE_0001";"NE_0001";"NE_0001";"NE_0001"
"2023";"02";"060609";"CAJAMARCA";"CUTERVO";"SAN JUAN DE CUTERVO";"GOBIERNO REGIONAL";"I-1";"00005030";"MUSUNGATE";"NE_0001";"";"NE_0001";"NE_0001";"NE_0001";"NE_0001";"NE_0001";"NE_0001";"NE_0001"
"2023";"02";"060605";"CAJAMARCA";"CUTERVO";"LA RAMADA";"GOBIERNO REGIONAL";"I-1";"00007179";"CHACRERIAS";"NE_0001";"";"NE_0001";"NE_0001";"NE_0001";"NE_0001";"NE_0001";"NE_0001";"NE_0001"
"2023";"02";"060605";"CAJAMARCA";"CUTERVO";"LA RAMADA";"GOBIERNO REGIONAL";"I-1";"00006949";"LOS PUENTES";"NE_0001";"";"NE_0001";"NE_0001";"NE_0001";"NE_0001";"NE_0001";"NE_0001";"NE_0001"
"2023";"02";"060604";"CAJAMARCA";"CUTERVO";"CUJILLO";"GOBIERNO REGIONAL";"I-1";"00005026";"EL PAGO";"NE_0001";"";"NE_0001";"NE_0001";"NE_0001";"NE_0001";"NE_0001";"NE_0001";"NE_0001"
"2023";"02";"060609";"CAJAMARCA";"CUTERVO";"SAN JUAN DE CUTERVO";"GOBIERNO REGIONAL";"I-3";"00005029";"SAN JUAN DE CUTERVO";"NE_0001";"";"NE_0001";"NE_0001";"NE_0001";"NE_0001";"NE_0001";"NE_0001";"NE_0001"
"2023";"02";"060605";"CAJAMARCA";"CUTERVO";"LA RAMADA";"GOBIERNO REGIONAL";"I-1";"00007049";"SURO CHICO";"NE_0001";"";"NE_0001";"NE_0001";"NE_0001";"NE_0001";"NE_0001";"NE_0001";"NE_0001"
"2023";"02";"060605";"CAJAMARCA";"CUTERVO";"LA RAMADA";"GOBIERNO REGIONAL";"I-1";"00007180";"TAMBILLO DE LA RAMADA";"NE_0001";"";"NE_0001";"NE_0001";"NE_0001";"NE_0001";"NE_0001";"NE_0001";"NE_0001"
"2023";"02";"060609";"CAJAMARCA";"CUTERVO";"SAN JUAN DE CUTERVO";"GOBIERNO REGIONAL";"I-1";"00005031";"SANTA CRUZ DE LA SUCCHA";"NE_0001";"";"NE_0001";"NE_0001";"NE_0001";"NE_0001";"NE_0001";"NE_0001";"NE_0001"
"2023";"02";"060614";"CAJAMARCA";"CUTERVO";"SOCOTA";"GOBIERNO REGIONAL";"I-1";"00005033";"EL PORVENIR";"NE_0001";"";"NE_0001";"NE_0001";"NE_0001";"NE_0001";"NE_0001";"NE_0001";"NE_0001"
"2023";"02";"060614";"CAJAMARCA";"CUTERVO";"SOCOTA";"GOBIERNO REGIONAL";"I-1";"00006939";"QUIJOS";"NE_0001";"";"NE_0001";"NE_0001";"NE_0001";"NE_0001";"NE_0001";"NE_0001";"NE_0001"
"2023";"02";"060614";"CAJAMARCA";"CUTERVO";"SOCOTA";"GOBIERNO REGIONAL";"I-1";"00007751";"CHANGAY";"NE_0001";"";"NE_0001";"NE_0001";"NE_0001";"NE_0001";"NE_0001";"NE_0001";"NE_0001"
"2023";"02";"060605";"CAJAMARCA";"CUTERVO";"LA RAMADA";"GOBIERNO REGIONAL";"I-1";"00008923";"CARHUALLO";"NE_0001";"";"NE_0001";"NE_0001";"NE_0001";"NE_0001";"NE_0001";"NE_0001";"NE_0001"
"2023";"02";"040514";"AREQUIPA";"CAYLLOMA";"SAN ANTONIO DE CHUCA";"GOBIERNO REGIONAL";"I-2";"00001242";"PUESTO DE SALUD IMATA";"NE_0002";"";"NE_0002";"NE_0002";"NE_0002";"NE_0002";"NE_0002";"NE_0002";"NE_0002"
"2023";"02";"040508";"AREQUIPA";"CAYLLOMA";"HUANCA";"GOBIERNO REGIONAL";"I-2";"00001239";"PUESTO DE SALUD HUANCA";"NE_0002";"";"NE_0002";"NE_0002";"NE_0002";"NE_0002";"NE_0002";"NE_0002";"NE_0002"
"2023";"02";"040701";"AREQUIPA";"ISLAY";"MOLLENDO";"ESSALUD";"II-1";"00013295";"HOSPITAL II MANUEL DE TORRES MUÑOZ -  MOLLENDO";"241800";"HOSPITALIZACIÓN DE MEDICINA MEDICINA GENERAL ";"36";"36";"207";"223";"9";"252";"2"
"2023";"02";"040701";"AREQUIPA";"ISLAY";"MOLLENDO";"ESSALUD";"II-1";"00013295";"HOSPITAL II MANUEL DE TORRES MUÑOZ -  MOLLENDO";"240100";"HOSPITALIZACIÓN QUIRÚRGICA CIRUGÍA GENERAL ";"32";"30";"92";"86";"7";"196";"0"
"2023";"02";"040701";"AREQUIPA";"ISLAY";"MOLLENDO";"ESSALUD";"II-1";"00013295";"HOSPITAL II MANUEL DE TORRES MUÑOZ -  MOLLENDO";"241500";"HOSPITALIZACIÓN QUIRÚRGICA GINECOLOGÍA  ";"9";"10";"27";"25";"2";"56";"0"
"2023";"02";"040701";"AREQUIPA";"ISLAY";"MOLLENDO";"ESSALUD";"II-1";"00013295";"HOSPITAL II MANUEL DE TORRES MUÑOZ -  MOLLENDO";"241600";"HOSPITALIZACIÓN QUIRÚRGICA OBSTETRICIA   ";"16";"15";"28";"29";"5";"140";"0"
"2023";"02";"040701";"AREQUIPA";"ISLAY";"MOLLENDO";"ESSALUD";"II-1";"00013295";"HOSPITAL II MANUEL DE TORRES MUÑOZ -  MOLLENDO";"242300";"HOSPITALIZACIÓN DE PEDIATRÍA  PEDIATRÍA  GENERAL ";"19";"22";"41";"36";"4";"112";"0"
"2023";"02";"150133";"LIMA";"LIMA";"SAN JUAN DE MIRAFLORES";"MINSA";"III-1";"00005987";"HOSPITAL MARIA AUXILIADORA";"240100";"HOSPITALIZACIÓN QUIRÚRGICA CIRUGÍA GENERAL ";"290";"317";"2005";"1737";"94";"2633";"0"
"2023";"02";"150133";"LIMA";"LIMA";"SAN JUAN DE MIRAFLORES";"MINSA";"III-1";"00005987";"HOSPITAL MARIA AUXILIADORA";"241400";"HOSPITALIZACIÓN QUIRÚRGICA GINECO - OBSTETRICIA ";"471";"473";"1496";"1471";"68";"2346";"0"
"2023";"02";"150133";"LIMA";"LIMA";"SAN JUAN DE MIRAFLORES";"MINSA";"III-1";"00005987";"HOSPITAL MARIA AUXILIADORA";"241900";"HOSPITALIZACIÓN DE MEDICINA MEDICINA INTERNA ";"228";"245";"2274";"2427";"110";"2801";"14"
"2023";"02";"150133";"LIMA";"LIMA";"SAN JUAN DE MIRAFLORES";"MINSA";"III-1";"00005987";"HOSPITAL MARIA AUXILIADORA";"242100";"HOSPITALIZACIÓN DE MEDICINA ONCOLOGÍA MÉDICA ";"44";"47";"47";"301";"14";"392";"0"
"2023";"02";"150133";"LIMA";"LIMA";"SAN JUAN DE MIRAFLORES";"MINSA";"III-1";"00005987";"HOSPITAL MARIA AUXILIADORA";"242300";"HOSPITALIZACIÓN DE PEDIATRÍA  PEDIATRÍA  GENERAL ";"101";"100";"620";"470";"21";"588";"0"
"2023";"02";"150133";"LIMA";"LIMA";"SAN JUAN DE MIRAFLORES";"MINSA";"III-1";"00005987";"HOSPITAL MARIA AUXILIADORA";"243200";"HOSPITALIZACIÓN DE PEDIATRÍA PEDIATRIA NEONATOLOGÍA";"127";"124";"1443";"979";"52";"1428";"1"
"2023";"02";"150133";"LIMA";"LIMA";"SAN JUAN DE MIRAFLORES";"MINSA";"III-1";"00005987";"HOSPITAL MARIA AUXILIADORA";"250100";"UNIDAD DE CUIDADOS CRITICOS UNIDAD  DE CUIDADOS INTENSIVOS GENERALES (UCI) ";"18";"6";"73";"263";"12";"336";"6"
"2023";"02";"150133";"LIMA";"LIMA";"SAN JUAN DE MIRAFLORES";"MINSA";"III-1";"00005987";"HOSPITAL MARIA AUXILIADORA";"250105";"UNIDAD DE CUIDADOS CRITICOS UNIDAD  DE CUIDADOS INTENSIVOS  (UCI) NEONATOLOGÍA";"16";"5";"131";"238";"9";"252";"5"
"2023";"02";"150133";"LIMA";"LIMA";"SAN JUAN DE MIRAFLORES";"MINSA";"III-1";"00005987";"HOSPITAL MARIA AUXILIADORA";"250108";"UNIDAD DE CUIDADOS CRITICOS UNIDAD  DE CUIDADOS INTENSIVOS  (UCI) PEDIÁTRICA";"2";"0";"0";"120";"6";"168";"0"
"2023";"02";"150133";"LIMA";"LIMA";"SAN JUAN DE MIRAFLORES";"MINSA";"III-1";"00005987";"HOSPITAL MARIA AUXILIADORA";"250200";"UNIDAD DE CUIDADOS CRITICOS UNIDAD DE CUIDADOS INTERMEDIOS GENERAL  (UCIN) ";"7";"1";"19";"168";"8";"224";"0"
"2023";"02";"130101";"LA LIBERTAD";"TRUJILLO";"TRUJILLO";"PRIVADO";"II-1";"00012292";"CLINICA  BELMED";"240800";"HOSPITALIZACIÓN QUIRÚRGICA CIRUGÍA PLÁSTICA/RECONSTRUCTIVA/ REPARADORA ";"21";"21";"21";"17";"4";"5";"0"
"2023";"02";"150121";"LIMA";"LIMA";"PUEBLO LIBRE";"PRIVADO";"II-E";"00008351";"CLINICAS SAN BERNARDO S.A.";"240000";"HOSPITALIZACIÓN";"103";"106";"210";"209";"22";"616";"0"
"2023";"02";"150103";"LIMA";"LIMA";"ATE";"ESSALUD";"II-1";"00008353";"HOSPITAL II VITARTE - ESSALUD";"241800";"HOSPITALIZACIÓN DE MEDICINA MEDICINA GENERAL ";"85";"86";"625";"777";"30";"840";"8"
"2023";"02";"150103";"LIMA";"LIMA";"ATE";"ESSALUD";"II-1";"00008353";"HOSPITAL II VITARTE - ESSALUD";"240100";"HOSPITALIZACIÓN QUIRÚRGICA CIRUGÍA GENERAL ";"181";"180";"350";"335";"12";"336";"0"
"2023";"02";"150103";"LIMA";"LIMA";"ATE";"ESSALUD";"II-1";"00008353";"HOSPITAL II VITARTE - ESSALUD";"241300";"HOSPITALIZACIÓN QUIRÚRGICA UROLOGÍA  ";"4";"3";"15";"18";"3";"84";"0"
"2023";"02";"150103";"LIMA";"LIMA";"ATE";"ESSALUD";"II-1";"00008353";"HOSPITAL II VITARTE - ESSALUD";"241200";"HOSPITALIZACIÓN QUIRÚRGICA TRAUMATOLOGÍA Y ORTOPEDIA ";"63";"68";"247";"167";"6";"168";"0"
"2023";"02";"150103";"LIMA";"LIMA";"ATE";"ESSALUD";"II-1";"00008353";"HOSPITAL II VITARTE - ESSALUD";"241500";"HOSPITALIZACIÓN QUIRÚRGICA GINECOLOGÍA  ";"29";"28";"64";"64";"6";"168";"0"
"2023";"02";"150103";"LIMA";"LIMA";"ATE";"ESSALUD";"II-1";"00008353";"HOSPITAL II VITARTE - ESSALUD";"242300";"HOSPITALIZACIÓN DE PEDIATRÍA  PEDIATRÍA  GENERAL ";"42";"48";"150";"132";"9";"252";"0"
"2023";"02";"150132";"LIMA";"LIMA";"SAN JUAN DE LURIGANCHO";"PRIVADO";"II-2";"00009104";"CLINICA SAN MIGUEL ARCANGEL S.A.C.";"241800";"HOSPITALIZACIÓN DE MEDICINA MEDICINA GENERAL ";"14";"14";"0";"46";"4";"112";"0"
"2023";"02";"150132";"LIMA";"LIMA";"SAN JUAN DE LURIGANCHO";"PRIVADO";"II-2";"00009104";"CLINICA SAN MIGUEL ARCANGEL S.A.C.";"240100";"HOSPITALIZACIÓN QUIRÚRGICA CIRUGÍA GENERAL ";"13";"14";"27";"26";"2";"56";"0"
"2023";"02";"150132";"LIMA";"LIMA";"SAN JUAN DE LURIGANCHO";"PRIVADO";"II-2";"00009104";"CLINICA SAN MIGUEL ARCANGEL S.A.C.";"241400";"HOSPITALIZACIÓN QUIRÚRGICA GINECO - OBSTETRICIA ";"11";"13";"27";"25";"3";"84";"0"
"2023";"02";"150132";"LIMA";"LIMA";"SAN JUAN DE LURIGANCHO";"PRIVADO";"II-2";"00009104";"CLINICA SAN MIGUEL ARCANGEL S.A.C.";"241600";"HOSPITALIZACIÓN QUIRÚRGICA OBSTETRICIA   ";"1";"1";"2";"2";"1";"28";"0"
"2023";"03";"160113";"LORETO";"MAYNAS";"SAN JUAN BAUTISTA";"SANIDAD DE LA POLICIA NACIONAL DEL PERU";"I-3";"00011369";"POLICLINICO POLICIAL IQUITOS";"NE_0001";"";"NE_0001";"NE_0001";"NE_0001";"NE_0001";"NE_0001";"NE_0001";"NE_0001"
"2023";"03";"110101";"ICA";"ICA";"ICA";"PRIVADO";"I-3";"00009648";"TATAJE  DI FLORIO SAC";"NE_0002";"";"NE_0002";"NE_0002";"NE_0002";"NE_0002";"NE_0002";"NE_0002";"NE_0002"
"2023";"03";"150108";"LIMA";"LIMA";"CHORRILLOS";"PRIVADO";"II-2";"00010251";"CLINICA MAISON DE SANTE DEL SUR";"240000";"HOSPITALIZACIÓN";"92";"90";"369";"292";"20";"620";"0"
"2023";"03";"150108";"LIMA";"LIMA";"CHORRILLOS";"PRIVADO";"II-2";"00010251";"CLINICA MAISON DE SANTE DEL SUR";"241400";"HOSPITALIZACIÓN QUIRÚRGICA GINECO - OBSTETRICIA ";"11";"11";"26";"41";"7";"217";"0"
"2023";"03";"150108";"LIMA";"LIMA";"CHORRILLOS";"PRIVADO";"II-2";"00010251";"CLINICA MAISON DE SANTE DEL SUR";"250100";"UNIDAD DE CUIDADOS CRITICOS UNIDAD  DE CUIDADOS INTENSIVOS GENERALES (UCI) ";"4";"3";"48";"48";"6";"186";"1"
"2023";"03";"100601";"HUANUCO";"LEONCIO PRADO";"RUPA-RUPA";"SANIDAD DE LA POLICIA NACIONAL DEL PERU";"I-2";"00015771";"POSTA MEDICA POLICIAL TINGO MARIA";"NE_0001";"";"NE_0001";"NE_0001";"NE_0001";"NE_0001";"NE_0001";"NE_0001";"NE_0001"
"2023";"01";"150501";"LIMA";"CAÑETE";"SAN VICENTE DE CAÑETE";"GOBIERNO REGIONAL";"II-2";"00005986";"HOSPITAL REZOLA";"240100";"HOSPITALIZACIÓN QUIRÚRGICA CIRUGÍA GENERAL ";"129";"141";"494";"430";"20";"620";"1"
"2023";"01";"150501";"LIMA";"CAÑETE";"SAN VICENTE DE CAÑETE";"GOBIERNO REGIONAL";"II-2";"00005986";"HOSPITAL REZOLA";"241400";"HOSPITALIZACIÓN QUIRÚRGICA GINECO - OBSTETRICIA ";"238";"247";"464";"449";"25";"775";"0"
"2023";"01";"150501";"LIMA";"CAÑETE";"SAN VICENTE DE CAÑETE";"GOBIERNO REGIONAL";"II-2";"00005986";"HOSPITAL REZOLA";"241500";"HOSPITALIZACIÓN QUIRÚRGICA GINECOLOGÍA  ";"21";"22";"62";"59";"3";"93";"0"
"2023";"01";"150501";"LIMA";"CAÑETE";"SAN VICENTE DE CAÑETE";"GOBIERNO REGIONAL";"II-2";"00005986";"HOSPITAL REZOLA";"241800";"HOSPITALIZACIÓN DE MEDICINA MEDICINA GENERAL ";"69";"89";"562";"446";"19";"589";"19"
"2023";"01";"150501";"LIMA";"CAÑETE";"SAN VICENTE DE CAÑETE";"GOBIERNO REGIONAL";"II-2";"00005986";"HOSPITAL REZOLA";"242500";"HOSPITALIZACIÓN-PEDIATRÍA GENERAL-";"24";"31";"117";"100";"12";"372";"0"
"2023";"01";"150501";"LIMA";"CAÑETE";"SAN VICENTE DE CAÑETE";"GOBIERNO REGIONAL";"II-2";"00005986";"HOSPITAL REZOLA";"243200";"HOSPITALIZACIÓN DE PEDIATRÍA PEDIATRIA NEONATOLOGÍA";"18";"20";"95";"86";"10";"310";"0"
"2023";"01";"150501";"LIMA";"CAÑETE";"SAN VICENTE DE CAÑETE";"GOBIERNO REGIONAL";"II-2";"00005986";"HOSPITAL REZOLA";"250103";"UNIDAD DE CUIDADOS CRITICOS UNIDAD  DE CUIDADOS INTENSIVOS GENERALES  (UCI) MEDICINA";"2";"2";"21";"21";"4";"124";"1"
"2023";"01";"150501";"LIMA";"CAÑETE";"SAN VICENTE DE CAÑETE";"GOBIERNO REGIONAL";"II-2";"00005986";"HOSPITAL REZOLA";"250105";"UNIDAD DE CUIDADOS CRITICOS UNIDAD  DE CUIDADOS INTENSIVOS  (UCI) NEONATOLOGÍA";"3";"6";"97";"43";"5";"155";"0"
"2023";"02";"040112";"AREQUIPA";"AREQUIPA";"PAUCARPATA";"PRIVADO";"II-E";"00016064";"CLINICA PAZ HOLANDESA";"240000";"HOSPITALIZACIÓN";"179";"212";"261";"248";"33";"990";"0"
"2023";"03";"150131";"LIMA";"LIMA";"SAN ISIDRO";"ESSALUD";"I-3";"00015471";"CENTRO DE ATENCION PRIMARIA-CAP III SAN ISIDRO-ESSALUD";"NE_0001";"";"NE_0001";"NE_0001";"NE_0001";"NE_0001";"NE_0001";"NE_0001";"NE_0001"
"2023";"03";"021601";"ANCASH";"POMABAMBA";"POMABAMBA";"GOBIERNO REGIONAL";"I-1";"00001771";"PUESTO DE SALUD CHOGO";"NE_0002";"";"NE_0002";"NE_0002";"NE_0002";"NE_0002";"NE_0002";"NE_0002";"NE_0002"
"2023";"03";"021603";"ANCASH";"POMABAMBA";"PAROBAMBA";"GOBIERNO REGIONAL";"I-1";"00001776";"PUESTO DE SALUD PAROBAMBA NUEVO";"NE_0002";"";"NE_0002";"NE_0002";"NE_0002";"NE_0002";"NE_0002";"NE_0002";"NE_0002"
"2023";"03";"021603";"ANCASH";"POMABAMBA";"PAROBAMBA";"GOBIERNO REGIONAL";"I-2";"00001780";"PUESTO DE SALUD CHANGA";"NE_0002";"";"NE_0002";"NE_0002";"NE_0002";"NE_0002";"NE_0002";"NE_0002";"NE_0002"
"2023";"03";"021604";"ANCASH";"POMABAMBA";"QUINUABAMBA";"GOBIERNO REGIONAL";"I-1";"00001782";"YAMIAN";"NE_0002";"";"NE_0002";"NE_0002";"NE_0002";"NE_0002";"NE_0002";"NE_0002";"NE_0002"
"2023";"03";"021603";"ANCASH";"POMABAMBA";"PAROBAMBA";"GOBIERNO REGIONAL";"I-4";"00001775";"CENTRO DE SALUD PAROBAMBA VIEJO";"NE_0002";"";"NE_0002";"NE_0002";"NE_0002";"NE_0002";"NE_0002";"NE_0002";"NE_0002"
"2023";"03";"021603";"ANCASH";"POMABAMBA";"PAROBAMBA";"GOBIERNO REGIONAL";"I-1";"00001778";"PUESTO DE SALUD SHUMPILLAN";"NE_0002";"";"NE_0002";"NE_0002";"NE_0002";"NE_0002";"NE_0002";"NE_0002";"NE_0002"
"2023";"03";"021603";"ANCASH";"POMABAMBA";"PAROBAMBA";"GOBIERNO REGIONAL";"I-1";"00001779";"PUESTO DE SALUD CAJAS";"NE_0002";"";"NE_0002";"NE_0002";"NE_0002";"NE_0002";"NE_0002";"NE_0002";"NE_0002"
"2023";"03";"021603";"ANCASH";"POMABAMBA";"PAROBAMBA";"GOBIERNO REGIONAL";"I-2";"00001777";"PUESTO DE SALUD HUANCHAYLLO";"NE_0002";"";"NE_0002";"NE_0002";"NE_0002";"NE_0002";"NE_0002";"NE_0002";"NE_0002"
"2023";"03";"021604";"ANCASH";"POMABAMBA";"QUINUABAMBA";"GOBIERNO REGIONAL";"I-2";"00001781";"PUESTO DE SALUD QUINUABAMBA";"NE_0002";"";"NE_0002";"NE_0002";"NE_0002";"NE_0002";"NE_0002";"NE_0002";"NE_0002"
"2023";"02";"200701";"PIURA";"TALARA";"PARIÑAS";"ESSALUD";"II-1";"00012243";"HOSPITAL II TALARA";"241900";"HOSPITALIZACIÓN DE MEDICINA MEDICINA INTERNA ";"63";"70";"429";"263";"14";"392";"6"
"2023";"02";"200701";"PIURA";"TALARA";"PARIÑAS";"ESSALUD";"II-1";"00012243";"HOSPITAL II TALARA";"240100";"HOSPITALIZACIÓN QUIRÚRGICA CIRUGÍA GENERAL ";"86";"79";"297";"244";"10";"280";"0"
"2023";"02";"200701";"PIURA";"TALARA";"PARIÑAS";"ESSALUD";"II-1";"00012243";"HOSPITAL II TALARA";"241400";"HOSPITALIZACIÓN QUIRÚRGICA GINECO - OBSTETRICIA ";"80";"74";"218";"218";"11";"308";"0"
"2023";"02";"200701";"PIURA";"TALARA";"PARIÑAS";"ESSALUD";"II-1";"00012243";"HOSPITAL II TALARA";"242300";"HOSPITALIZACIÓN DE PEDIATRÍA  PEDIATRÍA  GENERAL ";"82";"88";"224";"104";"9";"252";"0"
"2023";"03";"200701";"PIURA";"TALARA";"PARIÑAS";"ESSALUD";"II-1";"00012243";"HOSPITAL II TALARA";"241900";"HOSPITALIZACIÓN DE MEDICINA MEDICINA INTERNA ";"62";"58";"390";"257";"12";"372";"6"
"2023";"03";"200701";"PIURA";"TALARA";"PARIÑAS";"ESSALUD";"II-1";"00012243";"HOSPITAL II TALARA";"240100";"HOSPITALIZACIÓN QUIRÚRGICA CIRUGÍA GENERAL ";"68";"69";"273";"233";"10";"310";"0"
"2023";"03";"200701";"PIURA";"TALARA";"PARIÑAS";"ESSALUD";"II-1";"00012243";"HOSPITAL II TALARA";"241400";"HOSPITALIZACIÓN QUIRÚRGICA GINECO - OBSTETRICIA ";"70";"69";"211";"170";"10";"310";"0"
"2023";"03";"200701";"PIURA";"TALARA";"PARIÑAS";"ESSALUD";"II-1";"00012243";"HOSPITAL II TALARA";"242300";"HOSPITALIZACIÓN DE PEDIATRÍA  PEDIATRÍA  GENERAL ";"80";"77";"233";"135";"6";"186";"0"
"2023";"01";"021801";"ANCASH";"SANTA";"CHIMBOTE";"GOBIERNO REGIONAL";"II-2";"00001652";"HOSPITAL LA CALETA";"241800";"HOSPITALIZACIÓN DE MEDICINA MEDICINA GENERAL ";"8";"13";"141";"117";"5";"155";"8"
"2023";"01";"021801";"ANCASH";"SANTA";"CHIMBOTE";"GOBIERNO REGIONAL";"II-2";"00001652";"HOSPITAL LA CALETA";"244000";"HOSPITALIZACIÓN DE MEDICINA CARDIOLOGIA ";"3";"3";"13";"13";"1";"31";"0"
"2023";"01";"021801";"ANCASH";"SANTA";"CHIMBOTE";"GOBIERNO REGIONAL";"II-2";"00001652";"HOSPITAL LA CALETA";"244700";"HOSPITALIZACIÓN DE MEDICINA NEUROLOGIA  ";"8";"8";"104";"110";"4";"124";"0"
"2023";"01";"021801";"ANCASH";"SANTA";"CHIMBOTE";"GOBIERNO REGIONAL";"II-2";"00001652";"HOSPITAL LA CALETA";"244300";"HOSPITALIZACIÓN DE MEDICINA GASTROENTEROLOGÍA  ";"6";"5";"17";"20";"2";"62";"0"
"2023";"01";"021801";"ANCASH";"SANTA";"CHIMBOTE";"GOBIERNO REGIONAL";"II-2";"00001652";"HOSPITAL LA CALETA";"245300";"HOSPITALIZACIÓN DE MEDICINA NEUMOLOGÍA  ";"15";"12";"184";"180";"6";"186";"0"
"2023";"01";"021801";"ANCASH";"SANTA";"CHIMBOTE";"GOBIERNO REGIONAL";"II-2";"00001652";"HOSPITAL LA CALETA";"242200";"HOSPITALIZACIÓN DE MEDICINA PSIQUIATRÍA ";"3";"5";"266";"161";"6";"186";"0"
"2023";"01";"021801";"ANCASH";"SANTA";"CHIMBOTE";"GOBIERNO REGIONAL";"II-2";"00001652";"HOSPITAL LA CALETA";"244600";"HOSPITALIZACIÓN DE MEDICINA NEFROLOGIA ";"6";"3";"15";"46";"2";"62";"0"
"2023";"01";"021801";"ANCASH";"SANTA";"CHIMBOTE";"GOBIERNO REGIONAL";"II-2";"00001652";"HOSPITAL LA CALETA";"240100";"HOSPITALIZACIÓN QUIRÚRGICA CIRUGÍA GENERAL ";"53";"51";"207";"237";"8";"248";"0"
"2023";"01";"021801";"ANCASH";"SANTA";"CHIMBOTE";"GOBIERNO REGIONAL";"II-2";"00001652";"HOSPITAL LA CALETA";"241200";"HOSPITALIZACIÓN QUIRÚRGICA TRAUMATOLOGÍA Y ORTOPEDIA ";"11";"9";"35";"48";"2";"62";"0"
"2023";"01";"021801";"ANCASH";"SANTA";"CHIMBOTE";"GOBIERNO REGIONAL";"II-2";"00001652";"HOSPITAL LA CALETA";"241300";"HOSPITALIZACIÓN QUIRÚRGICA UROLOGÍA  ";"2";"2";"13";"13";"1";"31";"0"
"2023";"01";"021801";"ANCASH";"SANTA";"CHIMBOTE";"GOBIERNO REGIONAL";"II-2";"00001652";"HOSPITAL LA CALETA";"240800";"HOSPITALIZACIÓN QUIRÚRGICA CIRUGÍA PLÁSTICA/RECONSTRUCTIVA/ REPARADORA ";"2";"2";"3";"2";"1";"31";"0"
"2023";"01";"021801";"ANCASH";"SANTA";"CHIMBOTE";"GOBIERNO REGIONAL";"II-2";"00001652";"HOSPITAL LA CALETA";"242500";"HOSPITALIZACIÓN-PEDIATRÍA GENERAL-";"177";"167";"565";"606";"20";"620";"0"
"2023";"01";"021801";"ANCASH";"SANTA";"CHIMBOTE";"GOBIERNO REGIONAL";"II-2";"00001652";"HOSPITAL LA CALETA";"241600";"HOSPITALIZACIÓN QUIRÚRGICA OBSTETRICIA   ";"227";"217";"473";"487";"16";"496";"0"
"2023";"01";"021801";"ANCASH";"SANTA";"CHIMBOTE";"GOBIERNO REGIONAL";"II-2";"00001652";"HOSPITAL LA CALETA";"241500";"HOSPITALIZACIÓN QUIRÚRGICA GINECOLOGÍA  ";"6";"5";"20";"30";"2";"62";"0"
"2023";"01";"120606";"JUNIN";"SATIPO";"PANGOA";"GOBIERNO REGIONAL";"I-1";"00021797";"SAN JERONIMO";"NE_0001";"";"NE_0001";"NE_0001";"NE_0001";"NE_0001";"NE_0001";"NE_0001";"NE_0001"
"2023";"01";"120606";"JUNIN";"SATIPO";"PANGOA";"GOBIERNO REGIONAL";"I-1";"00021800";"LOS ÁNGELES DE EDEN";"NE_0001";"";"NE_0001";"NE_0001";"NE_0001";"NE_0001";"NE_0001";"NE_0001";"NE_0001"
"2023";"01";"120606";"JUNIN";"SATIPO";"PANGOA";"GOBIERNO REGIONAL";"I-1";"00021814";"CENTRO SAURENI";"NE_0001";"";"NE_0001";"NE_0001";"NE_0001";"NE_0001";"NE_0001";"NE_0001";"NE_0001"
"2023";"01";"120606";"JUNIN";"SATIPO";"PANGOA";"GOBIERNO REGIONAL";"I-3";"00000445";"SAN ANTONIO DE SONOMORO";"NE_0001";"";"NE_0001";"NE_0001";"NE_0001";"NE_0001";"NE_0001";"NE_0001";"NE_0001"
"2023";"01";"120606";"JUNIN";"SATIPO";"PANGOA";"GOBIERNO REGIONAL";"I-2";"00000448";"NAYLAM DE SONOMORO";"NE_0001";"";"NE_0001";"NE_0001";"NE_0001";"NE_0001";"NE_0001";"NE_0001";"NE_0001"
"2023";"01";"120606";"JUNIN";"SATIPO";"PANGOA";"GOBIERNO REGIONAL";"I-1";"00011138";"SANTA ELENA";"NE_0001";"";"NE_0001";"NE_0001";"NE_0001";"NE_0001";"NE_0001";"NE_0001";"NE_0001"
"2023";"01";"120606";"JUNIN";"SATIPO";"PANGOA";"GOBIERNO REGIONAL";"I-1";"00021803";"LOS MANANTIALES";"NE_0001";"";"NE_0001";"NE_0001";"NE_0001";"NE_0001";"NE_0001";"NE_0001";"NE_0001"
"2023";"01";"120606";"JUNIN";"SATIPO";"PANGOA";"GOBIERNO REGIONAL";"I-2";"00006880";"CIUDAD DE DIOS";"NE_0001";"";"NE_0001";"NE_0001";"NE_0001";"NE_0001";"NE_0001";"NE_0001";"NE_0001"
"2023";"02";"150130";"LIMA";"LIMA";"SAN BORJA";"PRIVADO";"II-E";"00010467";"CLINICA FLEMING";"NE_0002";"";"NE_0002";"NE_0002";"NE_0002";"NE_0002";"NE_0002";"NE_0002";"NE_0002"
"2023";"02";"190113";"PASCO";"PASCO";"YANACANCHA";"SANIDAD DE LA POLICIA NACIONAL DEL PERU";"I-2";"00011773";"POSTA MEDICA PNP CERRO DE PASCO";"NE_0001";"";"NE_0001";"NE_0001";"NE_0001";"NE_0001";"NE_0001";"NE_0001";"NE_0001"
"2023";"02";"200701";"PIURA";"TALARA";"PARIÑAS";"PRIVADO";"I-3";"00012085";"CENTRO MEDICO SAN PABLO-TALARA EIRL";"NE_0001";"";"NE_0001";"NE_0001";"NE_0001";"NE_0001";"NE_0001";"NE_0001";"NE_0001"
"2023";"02";"060502";"CAJAMARCA";"CONTUMAZA";"CHILETE";"GOBIERNO REGIONAL";"I-1";"00004545";"LLALLAN";"NE_0001";"";"NE_0001";"NE_0001";"NE_0001";"NE_0001";"NE_0001";"NE_0001";"NE_0001"
"2023";"02";"060501";"CAJAMARCA";"CONTUMAZA";"CONTUMAZA";"GOBIERNO REGIONAL";"I-1";"00004630";"EL MOTE";"NE_0001";"";"NE_0001";"NE_0001";"NE_0001";"NE_0001";"NE_0001";"NE_0001";"NE_0001"
"2023";"02";"060501";"CAJAMARCA";"CONTUMAZA";"CONTUMAZA";"GOBIERNO REGIONAL";"I-1";"00004632";"CORRALES DE CHANTA";"NE_0001";"";"NE_0001";"NE_0001";"NE_0001";"NE_0001";"NE_0001";"NE_0001";"NE_0001"
"2023";"02";"060502";"CAJAMARCA";"CONTUMAZA";"CHILETE";"GOBIERNO REGIONAL";"I-4";"00004538";"DE APOYO CHILETE";"240000";"HOSPITALIZACIÓN";"28";"32";"72";"61";"9";"219";"0"
"2023";"02";"060507";"CAJAMARCA";"CONTUMAZA";"TANTARICA";"GOBIERNO REGIONAL";"I-2";"00004544";"CATÁN - TANTARICA";"NE_0001";"";"NE_0001";"NE_0001";"NE_0001";"NE_0001";"NE_0001";"NE_0001";"NE_0001"
"2023";"02";"060501";"CAJAMARCA";"CONTUMAZA";"CONTUMAZA";"GOBIERNO REGIONAL";"I-1";"00004622";"CATUDEN";"NE_0001";"";"NE_0001";"NE_0001";"NE_0001";"NE_0001";"NE_0001";"NE_0001";"NE_0001"
"2023";"02";"040103";"AREQUIPA";"AREQUIPA";"CAYMA";"SANIDAD DE LA POLICIA NACIONAL DEL PERU";"II-1";"00011794";"HOSPITAL REGIONAL PNP AREQUIPA";"240100";"HOSPITALIZACIÓN QUIRÚRGICA CIRUGÍA GENERAL ";"37";"30";"100";"100";"10";"280";"0"
"2023";"02";"040103";"AREQUIPA";"AREQUIPA";"CAYMA";"SANIDAD DE LA POLICIA NACIONAL DEL PERU";"II-1";"00011794";"HOSPITAL REGIONAL PNP AREQUIPA";"241400";"HOSPITALIZACIÓN QUIRÚRGICA GINECO - OBSTETRICIA ";"4";"6";"15";"19";"3";"84";"0"
"2023";"02";"040103";"AREQUIPA";"AREQUIPA";"CAYMA";"SANIDAD DE LA POLICIA NACIONAL DEL PERU";"II-1";"00011794";"HOSPITAL REGIONAL PNP AREQUIPA";"241800";"HOSPITALIZACIÓN DE MEDICINA MEDICINA GENERAL ";"18";"21";"201";"201";"10";"280";"3"
"2023";"02";"040103";"AREQUIPA";"AREQUIPA";"CAYMA";"SANIDAD DE LA POLICIA NACIONAL DEL PERU";"II-1";"00011794";"HOSPITAL REGIONAL PNP AREQUIPA";"242300";"HOSPITALIZACIÓN DE PEDIATRÍA  PEDIATRÍA  GENERAL ";"3";"3";"6";"6";"6";"168";"0"
"2023";"02";"040103";"AREQUIPA";"AREQUIPA";"CAYMA";"SANIDAD DE LA POLICIA NACIONAL DEL PERU";"II-1";"00011794";"HOSPITAL REGIONAL PNP AREQUIPA";"243200";"HOSPITALIZACIÓN DE PEDIATRÍA PEDIATRIA NEONATOLOGÍA";"2";"2";"5";"6";"6";"168";"0"
"2023";"02";"040103";"AREQUIPA";"AREQUIPA";"CAYMA";"SANIDAD DE LA POLICIA NACIONAL DEL PERU";"II-1";"00011794";"HOSPITAL REGIONAL PNP AREQUIPA";"245400";"HOSPITALIZACIÓN DE MEDICINA GINECOLOGIA ";"5";"1";"2";"2";"4";"112";"0"
"2023";"02";"150101";"LIMA";"LIMA";"LIMA";"PRIVADO";"II-2";"00008281";"CLINICA MAISON DE SANTE  DE LIMA";"240000";"HOSPITALIZACIÓN";"49";"48";"214";"211";"20";"560";"0"
"2023";"02";"150101";"LIMA";"LIMA";"LIMA";"PRIVADO";"II-2";"00008281";"CLINICA MAISON DE SANTE  DE LIMA";"250100";"UNIDAD DE CUIDADOS CRITICOS UNIDAD  DE CUIDADOS INTENSIVOS GENERALES (UCI) ";"6";"6";"28";"28";"8";"224";"0"
"2023";"02";"021809";"ANCASH";"SANTA";"NUEVO CHIMBOTE";"ESSALUD";"I-4";"00009054";"HOSPITAL I CONO SUR";"241800";"HOSPITALIZACIÓN DE MEDICINA MEDICINA GENERAL ";"23";"22";"37";"36";"2";"56";"0"
"2023";"02";"130705";"LA LIBERTAD";"PACASMAYO";"SAN JOSE";"ESSALUD";"I-2";"00012110";"POSTA DE SALUD SAN JOSE";"NE_0001";"";"NE_0001";"NE_0001";"NE_0001";"NE_0001";"NE_0001";"NE_0001";"NE_0001"
"2023";"02";"150137";"LIMA";"LIMA";"SANTA ANITA";"ESSALUD";"II-E";"00010434";"ESSALUD - HOSPITAL IIE SAN ISIDRO LABRADOR";"241900";"HOSPITALIZACIÓN DE MEDICINA MEDICINA INTERNA ";"202";"162";"3102";"3786";"155";"4340";"26"
"2023";"02";"150137";"LIMA";"LIMA";"SANTA ANITA";"ESSALUD";"II-E";"00010434";"ESSALUD - HOSPITAL IIE SAN ISIDRO LABRADOR";"250200";"UNIDAD DE CUIDADOS CRITICOS UNIDAD DE CUIDADOS INTERMEDIOS GENERAL  (UCIN) ";"7";"8";"103";"152";"12";"336";"6"
"2023";"02";"150137";"LIMA";"LIMA";"SANTA ANITA";"ESSALUD";"II-E";"00010434";"ESSALUD - HOSPITAL IIE SAN ISIDRO LABRADOR";"250103";"UNIDAD DE CUIDADOS CRITICOS UNIDAD  DE CUIDADOS INTENSIVOS GENERALES  (UCI) MEDICINA";"6";"8";"142";"135";"8";"214";"6"
"2023";"02";"080105";"CUSCO";"CUSCO";"SAN SEBASTIAN";"GOBIERNO REGIONAL";"I-2";"00026181";"MENTAL SAN SEBASTIAN";"NE_0001";"";"NE_0001";"NE_0001";"NE_0001";"NE_0001";"NE_0001";"NE_0001";"NE_0001"
"2023";"02";"150601";"LIMA";"HUARAL";"HUARAL";"GOBIERNO REGIONAL";"II-2";"00007637";"HOSPITAL SAN JUAN BAUTISTA HUARAL";"250103";"UNIDAD DE CUIDADOS CRITICOS UNIDAD  DE CUIDADOS INTENSIVOS GENERALES  (UCI) MEDICINA";"5";"7";"96";"13";"9";"252";"1"
"2023";"02";"150601";"LIMA";"HUARAL";"HUARAL";"GOBIERNO REGIONAL";"II-2";"00007637";"HOSPITAL SAN JUAN BAUTISTA HUARAL";"250105";"UNIDAD DE CUIDADOS CRITICOS UNIDAD  DE CUIDADOS INTENSIVOS  (UCI) NEONATOLOGÍA";"2";"2";"8";"4";"2";"56";"0"
"2023";"02";"150117";"LIMA";"LIMA";"LOS OLIVOS";"PRIVADO";"II-E";"00017385";"CLINICA SAN BARTOLOME";"240000";"HOSPITALIZACIÓN";"28";"28";"18";"28";"7";"196";"0"
"2023";"02";"150101";"LIMA";"LIMA";"LIMA";"PRIVADO";"II-E";"00022102";"CLINICA SEÑOR DE LOS MILAGROS E.I.R.L.";"NE_0001";"";"NE_0001";"NE_0001";"NE_0001";"NE_0001";"NE_0001";"NE_0001";"NE_0001"
"2023";"02";"150113";"LIMA";"LIMA";"JESUS MARIA";"ESSALUD";"III-2";"00008720";"HOSPITAL NACIONAL EDGARDO REBAGLIATI MARTINS";"240000";"HOSPITALIZACIÓN";"643";"657";"8181";"8387";"311";"8708";"18"
"2023";"02";"150113";"LIMA";"LIMA";"JESUS MARIA";"ESSALUD";"III-2";"00008720";"HOSPITAL NACIONAL EDGARDO REBAGLIATI MARTINS";"240100";"HOSPITALIZACIÓN QUIRÚRGICA CIRUGÍA GENERAL ";"285";"318";"3767";"3242";"120";"3360";"1"
"2023";"02";"150113";"LIMA";"LIMA";"JESUS MARIA";"ESSALUD";"III-2";"00008720";"HOSPITAL NACIONAL EDGARDO REBAGLIATI MARTINS";"240200";"HOSPITALIZACIÓN QUIRÚRGICA CIRUGÍA DE CABEZA Y CUELLO / MÁXILO FACIAL ";"34";"42";"490";"384";"14";"392";"0"
"2023";"02";"150113";"LIMA";"LIMA";"JESUS MARIA";"ESSALUD";"III-2";"00008720";"HOSPITAL NACIONAL EDGARDO REBAGLIATI MARTINS";"240400";"HOSPITALIZACIÓN QUIRÚRGICA CIRUGÍA DE TÓRAX Y CARDIOVASCULAR ";"28";"31";"666";"784";"30";"840";"1"
"2023";"02";"150113";"LIMA";"LIMA";"JESUS MARIA";"ESSALUD";"III-2";"00008720";"HOSPITAL NACIONAL EDGARDO REBAGLIATI MARTINS";"240600";"HOSPITALIZACIÓN QUIRÚRGICA CIRUGÍA OFTALMOLÓGICA ";"15";"14";"104";"112";"4";"112";"0"
"2023";"02";"150113";"LIMA";"LIMA";"JESUS MARIA";"ESSALUD";"III-2";"00008720";"HOSPITAL NACIONAL EDGARDO REBAGLIATI MARTINS";"240700";"HOSPITALIZACIÓN QUIRÚRGICA CIRUGÍA PEDIÁTRICA ";"130";"133";"800";"811";"39";"1092";"0"
"2023";"02";"150113";"LIMA";"LIMA";"JESUS MARIA";"ESSALUD";"III-2";"00008720";"HOSPITAL NACIONAL EDGARDO REBAGLIATI MARTINS";"240800";"HOSPITALIZACIÓN QUIRÚRGICA CIRUGÍA PLÁSTICA/RECONSTRUCTIVA/ REPARADORA ";"19";"26";"662";"430";"16";"448";"1"
"2023";"02";"150113";"LIMA";"LIMA";"JESUS MARIA";"ESSALUD";"III-2";"00008720";"HOSPITAL NACIONAL EDGARDO REBAGLIATI MARTINS";"240900";"HOSPITALIZACIÓN QUIRÚRGICA NEUROCIRUGÍA ";"126";"98";"1540";"1461";"57";"1596";"4"
"2023";"02";"150113";"LIMA";"LIMA";"JESUS MARIA";"ESSALUD";"III-2";"00008720";"HOSPITAL NACIONAL EDGARDO REBAGLIATI MARTINS";"241100";"HOSPITALIZACIÓN QUIRÚRGICA OTORRINOLARINGOLOGÍA  ";"45";"41";"274";"333";"12";"336";"0"
"2023";"02";"150113";"LIMA";"LIMA";"JESUS MARIA";"ESSALUD";"III-2";"00008720";"HOSPITAL NACIONAL EDGARDO REBAGLIATI MARTINS";"241200";"HOSPITALIZACIÓN QUIRÚRGICA TRAUMATOLOGÍA Y ORTOPEDIA ";"277";"280";"3817";"3171";"118";"3304";"4"
"2023";"02";"150113";"LIMA";"LIMA";"JESUS MARIA";"ESSALUD";"III-2";"00008720";"HOSPITAL NACIONAL EDGARDO REBAGLIATI MARTINS";"241300";"HOSPITALIZACIÓN QUIRÚRGICA UROLOGÍA  ";"153";"157";"1481";"1314";"48";"1344";"1"
"2023";"02";"150113";"LIMA";"LIMA";"JESUS MARIA";"ESSALUD";"III-2";"00008720";"HOSPITAL NACIONAL EDGARDO REBAGLIATI MARTINS";"241500";"HOSPITALIZACIÓN QUIRÚRGICA GINECOLOGÍA  ";"104";"104";"705";"667";"24";"672";"0"
"2023";"02";"150113";"LIMA";"LIMA";"JESUS MARIA";"ESSALUD";"III-2";"00008720";"HOSPITAL NACIONAL EDGARDO REBAGLIATI MARTINS";"241600";"HOSPITALIZACIÓN QUIRÚRGICA OBSTETRICIA   ";"350";"441";"2622";"2693";"109";"3052";"0"
"2023";"02";"150113";"LIMA";"LIMA";"JESUS MARIA";"ESSALUD";"III-2";"00008720";"HOSPITAL NACIONAL EDGARDO REBAGLIATI MARTINS";"241700";"HOSPITALIZACIÓN QUIRÚRGICA GINECOLOGÍA   GINECOLOGIA ONCOLOGiCA";"100";"101";"669";"672";"24";"672";"0"
"2023";"02";"150113";"LIMA";"LIMA";"JESUS MARIA";"ESSALUD";"III-2";"00008720";"HOSPITAL NACIONAL EDGARDO REBAGLIATI MARTINS";"241900";"HOSPITALIZACIÓN DE MEDICINA MEDICINA INTERNA ";"471";"433";"7751";"7292";"268";"7504";"66"
"2023";"02";"150113";"LIMA";"LIMA";"JESUS MARIA";"ESSALUD";"III-2";"00008720";"HOSPITAL NACIONAL EDGARDO REBAGLIATI MARTINS";"242100";"HOSPITALIZACIÓN DE MEDICINA ONCOLOGÍA MÉDICA ";"128";"126";"1211";"923";"33";"924";"3"
"2023";"02";"150113";"LIMA";"LIMA";"JESUS MARIA";"ESSALUD";"III-2";"00008720";"HOSPITAL NACIONAL EDGARDO REBAGLIATI MARTINS";"242200";"HOSPITALIZACIÓN DE MEDICINA PSIQUIATRÍA ";"89";"72";"1041";"1398";"56";"1568";"0"
"2023";"02";"150113";"LIMA";"LIMA";"JESUS MARIA";"ESSALUD";"III-2";"00008720";"HOSPITAL NACIONAL EDGARDO REBAGLIATI MARTINS";"242300";"HOSPITALIZACIÓN DE PEDIATRÍA  PEDIATRÍA  GENERAL ";"67";"78";"1074";"653";"24";"672";"0"
"2023";"02";"150113";"LIMA";"LIMA";"JESUS MARIA";"ESSALUD";"III-2";"00008720";"HOSPITAL NACIONAL EDGARDO REBAGLIATI MARTINS";"242500";"HOSPITALIZACIÓN-PEDIATRÍA GENERAL-";"62";"59";"576";"1066";"41";"1148";"0"
"2023";"02";"150113";"LIMA";"LIMA";"JESUS MARIA";"ESSALUD";"III-2";"00008720";"HOSPITAL NACIONAL EDGARDO REBAGLIATI MARTINS";"243200";"HOSPITALIZACIÓN DE PEDIATRÍA PEDIATRIA NEONATOLOGÍA";"30";"7";"32";"672";"24";"672";"4"
"2023";"02";"150113";"LIMA";"LIMA";"JESUS MARIA";"ESSALUD";"III-2";"00008720";"HOSPITAL NACIONAL EDGARDO REBAGLIATI MARTINS";"243600";"HOSPITALIZACIÓN DE PEDIATRÍA PEDIATRIA ONCOLOGÍA PEDIÁTRICA";"71";"70";"497";"439";"16";"448";"2"
"2023";"02";"150113";"LIMA";"LIMA";"JESUS MARIA";"ESSALUD";"III-2";"00008720";"HOSPITAL NACIONAL EDGARDO REBAGLIATI MARTINS";"250100";"UNIDAD DE CUIDADOS CRITICOS UNIDAD  DE CUIDADOS INTENSIVOS GENERALES (UCI) ";"73";"37";"708";"1674";"61";"1708";"28"
"2023";"02";"150113";"LIMA";"LIMA";"JESUS MARIA";"ESSALUD";"III-2";"00008720";"HOSPITAL NACIONAL EDGARDO REBAGLIATI MARTINS";"250101";"UNIDAD DE CUIDADOS CRITICOS UNIDAD  DE CUIDADOS INTENSIVOS GENERALES (UCI) CARDIOLOGIA";"64";"38";"228";"418";"15";"420";"1"
"2023";"02";"150113";"LIMA";"LIMA";"JESUS MARIA";"ESSALUD";"III-2";"00008720";"HOSPITAL NACIONAL EDGARDO REBAGLIATI MARTINS";"250105";"UNIDAD DE CUIDADOS CRITICOS UNIDAD  DE CUIDADOS INTENSIVOS  (UCI) NEONATOLOGÍA";"10";"40";"1297";"868";"31";"868";"0"
"2023";"02";"150113";"LIMA";"LIMA";"JESUS MARIA";"ESSALUD";"III-2";"00008720";"HOSPITAL NACIONAL EDGARDO REBAGLIATI MARTINS";"250108";"UNIDAD DE CUIDADOS CRITICOS UNIDAD  DE CUIDADOS INTENSIVOS  (UCI) PEDIÁTRICA";"19";"8";"125";"260";"13";"364";"6"
"2023";"02";"150113";"LIMA";"LIMA";"JESUS MARIA";"ESSALUD";"III-2";"00008720";"HOSPITAL NACIONAL EDGARDO REBAGLIATI MARTINS";"250200";"UNIDAD DE CUIDADOS CRITICOS UNIDAD DE CUIDADOS INTERMEDIOS GENERAL  (UCIN) ";"2";"8";"1547";"671";"24";"672";"8"
"2023";"02";"170101";"MADRE DE DIOS";"TAMBOPATA";"TAMBOPATA";"GOBIERNO REGIONAL";"II-1";"00002698";"HOSPITAL SANTA ROSA";"250105";"UNIDAD DE CUIDADOS CRITICOS UNIDAD  DE CUIDADOS INTENSIVOS  (UCI) NEONATOLOGÍA";"4";"3";"23";"4";"5";"140";"0"
"2023";"02";"170101";"MADRE DE DIOS";"TAMBOPATA";"TAMBOPATA";"GOBIERNO REGIONAL";"II-1";"00002698";"HOSPITAL SANTA ROSA";"241800";"HOSPITALIZACIÓN DE MEDICINA MEDICINA GENERAL ";"167";"154";"968";"167";"27";"756";"0"
"2023";"02";"170101";"MADRE DE DIOS";"TAMBOPATA";"TAMBOPATA";"GOBIERNO REGIONAL";"II-1";"00002698";"HOSPITAL SANTA ROSA";"241500";"HOSPITALIZACIÓN QUIRÚRGICA GINECOLOGÍA  ";"9";"9";"42";"9";"6";"168";"0"
"2023";"02";"170101";"MADRE DE DIOS";"TAMBOPATA";"TAMBOPATA";"GOBIERNO REGIONAL";"II-1";"00002698";"HOSPITAL SANTA ROSA";"241600";"HOSPITALIZACIÓN QUIRÚRGICA OBSTETRICIA   ";"344";"343";"911";"344";"37";"1036";"0"
"2023";"02";"170101";"MADRE DE DIOS";"TAMBOPATA";"TAMBOPATA";"GOBIERNO REGIONAL";"II-1";"00002698";"HOSPITAL SANTA ROSA";"241200";"HOSPITALIZACIÓN QUIRÚRGICA TRAUMATOLOGÍA Y ORTOPEDIA ";"67";"44";"302";"67";"18";"504";"0"
"2023";"02";"170101";"MADRE DE DIOS";"TAMBOPATA";"TAMBOPATA";"GOBIERNO REGIONAL";"II-1";"00002698";"HOSPITAL SANTA ROSA";"242300";"HOSPITALIZACIÓN DE PEDIATRÍA  PEDIATRÍA  GENERAL ";"110";"98";"307";"110";"20";"560";"0"
"2023";"02";"170101";"MADRE DE DIOS";"TAMBOPATA";"TAMBOPATA";"GOBIERNO REGIONAL";"II-1";"00002698";"HOSPITAL SANTA ROSA";"240100";"HOSPITALIZACIÓN QUIRÚRGICA CIRUGÍA GENERAL ";"99";"97";"499";"99";"26";"728";"0"
"2023";"02";"170101";"MADRE DE DIOS";"TAMBOPATA";"TAMBOPATA";"GOBIERNO REGIONAL";"II-1";"00002698";"HOSPITAL SANTA ROSA";"243200";"HOSPITALIZACIÓN DE PEDIATRÍA PEDIATRIA NEONATOLOGÍA";"218";"216";"373";"218";"17";"476";"0"
"2023";"02";"170101";"MADRE DE DIOS";"TAMBOPATA";"TAMBOPATA";"GOBIERNO REGIONAL";"II-1";"00002698";"HOSPITAL SANTA ROSA";"250100";"UNIDAD DE CUIDADOS CRITICOS UNIDAD  DE CUIDADOS INTENSIVOS GENERALES (UCI) ";"8";"8";"56";"8";"5";"140";"0"
"2023";"02";"190307";"PASCO";"OXAPAMPA";"VILLA RICA";"GOBIERNO REGIONAL";"II-1";"00000981";"HOSP. ""ROMAN EGOAVIL PANDO"" VILLA RICA";"241400";"HOSPITALIZACIÓN QUIRÚRGICA GINECO - OBSTETRICIA ";"33";"33";"87";"60";"12";"1304";"0"
"2023";"02";"190307";"PASCO";"OXAPAMPA";"VILLA RICA";"GOBIERNO REGIONAL";"II-1";"00000981";"HOSP. ""ROMAN EGOAVIL PANDO"" VILLA RICA";"241800";"HOSPITALIZACIÓN DE MEDICINA MEDICINA GENERAL ";"77";"75";"33";"133";"16";"1231";"0"
"2023";"01";"100504";"HUANUCO";"HUAMALIES";"JACAS GRANDE";"GOBIERNO REGIONAL";"I-2";"00000906";"CARHUAPATA";"NE_0001";"";"NE_0001";"NE_0001";"NE_0001";"NE_0001";"NE_0001";"NE_0001";"NE_0001"
"2023";"01";"100504";"HUANUCO";"HUAMALIES";"JACAS GRANDE";"GOBIERNO REGIONAL";"I-2";"00000897";"JACAS GRANDE";"NE_0001";"";"NE_0001";"NE_0001";"NE_0001";"NE_0001";"NE_0001";"NE_0001";"NE_0001"
"2023";"01";"100504";"HUANUCO";"HUAMALIES";"JACAS GRANDE";"GOBIERNO REGIONAL";"I-2";"00006888";"CASCANGA";"NE_0001";"";"NE_0001";"NE_0001";"NE_0001";"NE_0001";"NE_0001";"NE_0001";"NE_0001"
"2023";"01";"100504";"HUANUCO";"HUAMALIES";"JACAS GRANDE";"GOBIERNO REGIONAL";"I-2";"00000898";"ANDAS";"NE_0001";"";"NE_0001";"NE_0001";"NE_0001";"NE_0001";"NE_0001";"NE_0001";"NE_0001"
"2023";"01";"100504";"HUANUCO";"HUAMALIES";"JACAS GRANDE";"GOBIERNO REGIONAL";"I-1";"00006674";"NUEVAS FLORES";"NE_0001";"";"NE_0001";"NE_0001";"NE_0001";"NE_0001";"NE_0001";"NE_0001";"NE_0001"
"2023";"01";"100506";"HUANUCO";"HUAMALIES";"MIRAFLORES";"GOBIERNO REGIONAL";"I-2";"00000895";"MIRAFLORES";"NE_0001";"";"NE_0001";"NE_0001";"NE_0001";"NE_0001";"NE_0001";"NE_0001";"NE_0001"
"2023";"01";"100511";"HUANUCO";"HUAMALIES";"TANTAMAYO";"GOBIERNO REGIONAL";"I-2";"00000903";"TANTAMAYO";"NE_0001";"";"NE_0001";"NE_0001";"NE_0001";"NE_0001";"NE_0001";"NE_0001";"NE_0001"
"2023";"01";"100511";"HUANUCO";"HUAMALIES";"TANTAMAYO";"GOBIERNO REGIONAL";"I-1";"00022037";"SAN PEDRO DE  PARIARCA";"NE_0001";"";"NE_0001";"NE_0001";"NE_0001";"NE_0001";"NE_0001";"NE_0001";"NE_0001"
"2023";"01";"100511";"HUANUCO";"HUAMALIES";"TANTAMAYO";"GOBIERNO REGIONAL";"I-1";"00011166";"PAMPA FLORIDA";"NE_0001";"";"NE_0001";"NE_0001";"NE_0001";"NE_0001";"NE_0001";"NE_0001";"NE_0001"
"2023";"02";"150115";"LIMA";"LIMA";"LA VICTORIA";"ESSALUD";"III-2";"00009251";"HOSPITAL NACIONAL GUILLERMO ALMENARA IRIGOYEN";"244000";"HOSPITALIZACIÓN DE MEDICINA CARDIOLOGIA ";"15";"12";"101";"216";"8";"224";"0"
"2023";"02";"150115";"LIMA";"LIMA";"LA VICTORIA";"ESSALUD";"III-2";"00009251";"HOSPITAL NACIONAL GUILLERMO ALMENARA IRIGOYEN";"241300";"HOSPITALIZACIÓN QUIRÚRGICA UROLOGÍA  ";"99";"98";"1158";"1093";"40";"1120";"1"
"2023";"02";"150115";"LIMA";"LIMA";"LA VICTORIA";"ESSALUD";"III-2";"00009251";"HOSPITAL NACIONAL GUILLERMO ALMENARA IRIGOYEN";"250101";"UNIDAD DE CUIDADOS CRITICOS UNIDAD  DE CUIDADOS INTENSIVOS GENERALES (UCI) CARDIOLOGIA";"28";"17";"84";"176";"7";"196";"2"
"2023";"02";"150115";"LIMA";"LIMA";"LA VICTORIA";"ESSALUD";"III-2";"00009251";"HOSPITAL NACIONAL GUILLERMO ALMENARA IRIGOYEN";"250200";"UNIDAD DE CUIDADOS CRITICOS UNIDAD DE CUIDADOS INTERMEDIOS GENERAL  (UCIN) ";"18";"30";"169";"256";"10";"280";"0"
"2023";"02";"150115";"LIMA";"LIMA";"LA VICTORIA";"ESSALUD";"III-2";"00009251";"HOSPITAL NACIONAL GUILLERMO ALMENARA IRIGOYEN";"244100";"HOSPITALIZACIÓN DE MEDICINA DERMATOLOGÍA    ";"20";"19";"267";"321";"12";"336";"0"
"2023";"02";"150115";"LIMA";"LIMA";"LA VICTORIA";"ESSALUD";"III-2";"00009251";"HOSPITAL NACIONAL GUILLERMO ALMENARA IRIGOYEN";"244200";"HOSPITALIZACIÓN DE MEDICINA ENDOCRINOLOGIA ";"12";"12";"234";"285";"11";"308";"0"
"2023";"02";"150115";"LIMA";"LIMA";"LA VICTORIA";"ESSALUD";"III-2";"00009251";"HOSPITAL NACIONAL GUILLERMO ALMENARA IRIGOYEN";"244300";"HOSPITALIZACIÓN DE MEDICINA GASTROENTEROLOGÍA  ";"43";"28";"653";"879";"32";"896";"1"
"2023";"02";"150115";"LIMA";"LIMA";"LA VICTORIA";"ESSALUD";"III-2";"00009251";"HOSPITAL NACIONAL GUILLERMO ALMENARA IRIGOYEN";"244400";"HOSPITALIZACIÓN DE MEDICINA GERIATRIA ";"26";"30";"437";"452";"17";"476";"4"
"2023";"02";"150115";"LIMA";"LIMA";"LA VICTORIA";"ESSALUD";"III-2";"00009251";"HOSPITAL NACIONAL GUILLERMO ALMENARA IRIGOYEN";"244500";"HOSPITALIZACIÓN DE MEDICINA HEMATOLOGÍA ";"13";"15";"449";"306";"11";"308";"1"
"2023";"02";"150115";"LIMA";"LIMA";"LA VICTORIA";"ESSALUD";"III-2";"00009251";"HOSPITAL NACIONAL GUILLERMO ALMENARA IRIGOYEN";"244500";"HOSPITALIZACIÓN DE MEDICINA HEMATOLOGÍA ";"13";"13";"280";"280";"10";"280";"0"
"2023";"02";"150115";"LIMA";"LIMA";"LA VICTORIA";"ESSALUD";"III-2";"00009251";"HOSPITAL NACIONAL GUILLERMO ALMENARA IRIGOYEN";"241900";"HOSPITALIZACIÓN DE MEDICINA MEDICINA INTERNA ";"23";"28";"806";"879";"32";"896";"2"
"2023";"02";"150115";"LIMA";"LIMA";"LA VICTORIA";"ESSALUD";"III-2";"00009251";"HOSPITAL NACIONAL GUILLERMO ALMENARA IRIGOYEN";"241900";"HOSPITALIZACIÓN DE MEDICINA MEDICINA INTERNA ";"45";"55";"1326";"1101";"40";"1120";"2"
"2023";"02";"150115";"LIMA";"LIMA";"LA VICTORIA";"ESSALUD";"III-2";"00009251";"HOSPITAL NACIONAL GUILLERMO ALMENARA IRIGOYEN";"241900";"HOSPITALIZACIÓN DE MEDICINA MEDICINA INTERNA ";"62";"49";"1112";"1089";"39";"1092";"5"
"2023";"02";"150115";"LIMA";"LIMA";"LA VICTORIA";"ESSALUD";"III-2";"00009251";"HOSPITAL NACIONAL GUILLERMO ALMENARA IRIGOYEN";"241900";"HOSPITALIZACIÓN DE MEDICINA MEDICINA INTERNA ";"239";"206";"3339";"3889";"139";"3892";"16"
"2023";"02";"150115";"LIMA";"LIMA";"LA VICTORIA";"ESSALUD";"III-2";"00009251";"HOSPITAL NACIONAL GUILLERMO ALMENARA IRIGOYEN";"241900";"HOSPITALIZACIÓN DE MEDICINA MEDICINA INTERNA ";"50";"43";"778";"828";"30";"840";"3"
"2023";"02";"150115";"LIMA";"LIMA";"LA VICTORIA";"ESSALUD";"III-2";"00009251";"HOSPITAL NACIONAL GUILLERMO ALMENARA IRIGOYEN";"244600";"HOSPITALIZACIÓN DE MEDICINA NEFROLOGIA ";"70";"72";"851";"770";"28";"784";"3"
"2023";"02";"150115";"LIMA";"LIMA";"LA VICTORIA";"ESSALUD";"III-2";"00009251";"HOSPITAL NACIONAL GUILLERMO ALMENARA IRIGOYEN";"245300";"HOSPITALIZACIÓN DE MEDICINA NEUMOLOGÍA  ";"33";"29";"484";"523";"19";"532";"1"
"2023";"02";"150115";"LIMA";"LIMA";"LA VICTORIA";"ESSALUD";"III-2";"00009251";"HOSPITAL NACIONAL GUILLERMO ALMENARA IRIGOYEN";"250200";"UNIDAD DE CUIDADOS CRITICOS UNIDAD DE CUIDADOS INTERMEDIOS GENERAL  (UCIN) ";"6";"8";"134";"156";"6";"168";"3"
"2023";"02";"150115";"LIMA";"LIMA";"LA VICTORIA";"ESSALUD";"III-2";"00009251";"HOSPITAL NACIONAL GUILLERMO ALMENARA IRIGOYEN";"244700";"HOSPITALIZACIÓN DE MEDICINA NEUROLOGIA  ";"32";"33";"437";"527";"19";"532";"0"
"2023";"02";"150115";"LIMA";"LIMA";"LA VICTORIA";"ESSALUD";"III-2";"00009251";"HOSPITAL NACIONAL GUILLERMO ALMENARA IRIGOYEN";"242100";"HOSPITALIZACIÓN DE MEDICINA ONCOLOGÍA MÉDICA ";"110";"124";"740";"529";"19";"532";"2"
"2023";"02";"150115";"LIMA";"LIMA";"LA VICTORIA";"ESSALUD";"III-2";"00009251";"HOSPITAL NACIONAL GUILLERMO ALMENARA IRIGOYEN";"243600";"HOSPITALIZACIÓN DE PEDIATRÍA PEDIATRIA ONCOLOGÍA PEDIÁTRICA";"17";"17";"302";"261";"10";"280";"0"
"2023";"02";"150115";"LIMA";"LIMA";"LA VICTORIA";"ESSALUD";"III-2";"00009251";"HOSPITAL NACIONAL GUILLERMO ALMENARA IRIGOYEN";"242202";"HOSPITALIZACIÓN DE MEDICINA PSIQUIATRÍA PSIQUIATRÍA DEL ADULTO Y GERONTE";"24";"22";"462";"486";"18";"504";"0"
"2023";"02";"150115";"LIMA";"LIMA";"LA VICTORIA";"ESSALUD";"III-2";"00009251";"HOSPITAL NACIONAL GUILLERMO ALMENARA IRIGOYEN";"242203";"HOSPITALIZACIÓN DE MEDICINA PSIQUIATRÍA PSIQUIATRÍA DEL NIÑO Y DEL ADOLESCENTE";"16";"16";"215";"194";"7";"196";"0"
"2023";"02";"150115";"LIMA";"LIMA";"LA VICTORIA";"ESSALUD";"III-2";"00009251";"HOSPITAL NACIONAL GUILLERMO ALMENARA IRIGOYEN";"242205";"HOSPITALIZACIÓN MEDICINA PSIQUIATRÍA PISIQUIATRIA/ SALUD MENTAL Y ADICCIONES";"4";"5";"100";"85";"4";"112";"0"
"2023";"02";"150115";"LIMA";"LIMA";"LA VICTORIA";"ESSALUD";"III-2";"00009251";"HOSPITAL NACIONAL GUILLERMO ALMENARA IRIGOYEN";"245500";"HOSPITALIZACIÓN DE MEDICINA REUMATOLOGÍA    ";"17";"18";"278";"292";"11";"308";"0"
"2023";"02";"150115";"LIMA";"LIMA";"LA VICTORIA";"ESSALUD";"III-2";"00009251";"HOSPITAL NACIONAL GUILLERMO ALMENARA IRIGOYEN";"250100";"UNIDAD DE CUIDADOS CRITICOS UNIDAD  DE CUIDADOS INTENSIVOS GENERALES (UCI) ";"10";"8";"129";"330";"12";"336";"8"
"2023";"02";"150115";"LIMA";"LIMA";"LA VICTORIA";"ESSALUD";"III-2";"00009251";"HOSPITAL NACIONAL GUILLERMO ALMENARA IRIGOYEN";"250100";"UNIDAD DE CUIDADOS CRITICOS UNIDAD  DE CUIDADOS INTENSIVOS GENERALES (UCI) ";"11";"1";"60";"176";"8";"188";"1"
"2023";"02";"150115";"LIMA";"LIMA";"LA VICTORIA";"ESSALUD";"III-2";"00009251";"HOSPITAL NACIONAL GUILLERMO ALMENARA IRIGOYEN";"250200";"UNIDAD DE CUIDADOS CRITICOS UNIDAD DE CUIDADOS INTERMEDIOS GENERAL  (UCIN) ";"9";"15";"652";"444";"16";"448";"13"
"2023";"02";"150115";"LIMA";"LIMA";"LA VICTORIA";"ESSALUD";"III-2";"00009251";"HOSPITAL NACIONAL GUILLERMO ALMENARA IRIGOYEN";"240200";"HOSPITALIZACIÓN QUIRÚRGICA CIRUGÍA DE CABEZA Y CUELLO / MÁXILO FACIAL ";"40";"43";"321";"323";"12";"336";"0"
"2023";"02";"150115";"LIMA";"LIMA";"LA VICTORIA";"ESSALUD";"III-2";"00009251";"HOSPITAL NACIONAL GUILLERMO ALMENARA IRIGOYEN";"241200";"HOSPITALIZACIÓN QUIRÚRGICA TRAUMATOLOGÍA Y ORTOPEDIA ";"43";"42";"312";"242";"9";"252";"0"
"2023";"02";"150115";"LIMA";"LIMA";"LA VICTORIA";"ESSALUD";"III-2";"00009251";"HOSPITAL NACIONAL GUILLERMO ALMENARA IRIGOYEN";"240400";"HOSPITALIZACIÓN QUIRÚRGICA CIRUGÍA DE TÓRAX Y CARDIOVASCULAR ";"16";"7";"61";"81";"3";"84";"0"
"2023";"02";"150115";"LIMA";"LIMA";"LA VICTORIA";"ESSALUD";"III-2";"00009251";"HOSPITAL NACIONAL GUILLERMO ALMENARA IRIGOYEN";"250111";"UNIDAD DE CUIDADOS CRITICOS UNIDAD  DE CUIDADOS INTENSIVOS  (UCI) CARDIOVASCULAR";"4";"6";"44";"137";"5";"140";"1"
"2023";"02";"150115";"LIMA";"LIMA";"LA VICTORIA";"ESSALUD";"III-2";"00009251";"HOSPITAL NACIONAL GUILLERMO ALMENARA IRIGOYEN";"250200";"UNIDAD DE CUIDADOS CRITICOS UNIDAD DE CUIDADOS INTERMEDIOS GENERAL  (UCIN) ";"6";"18";"229";"122";"5";"140";"0"
"2023";"02";"150115";"LIMA";"LIMA";"LA VICTORIA";"ESSALUD";"III-2";"00009251";"HOSPITAL NACIONAL GUILLERMO ALMENARA IRIGOYEN";"240400";"HOSPITALIZACIÓN QUIRÚRGICA CIRUGÍA DE TÓRAX Y CARDIOVASCULAR ";"32";"32";"314";"299";"11";"308";"0"
"2023";"02";"150115";"LIMA";"LIMA";"LA VICTORIA";"ESSALUD";"III-2";"00009251";"HOSPITAL NACIONAL GUILLERMO ALMENARA IRIGOYEN";"240300";"HOSPITALIZACIÓN QUIRÚRGICA CIRUGÍA DIGESTIVA ";"17";"33";"762";"287";"11";"308";"0"
"2023";"02";"150115";"LIMA";"LIMA";"LA VICTORIA";"ESSALUD";"III-2";"00009251";"HOSPITAL NACIONAL GUILLERMO ALMENARA IRIGOYEN";"240300";"HOSPITALIZACIÓN QUIRÚRGICA CIRUGÍA DIGESTIVA ";"36";"33";"278";"310";"12";"336";"0"
"2023";"02";"150115";"LIMA";"LIMA";"LA VICTORIA";"ESSALUD";"III-2";"00009251";"HOSPITAL NACIONAL GUILLERMO ALMENARA IRIGOYEN";"240300";"HOSPITALIZACIÓN QUIRÚRGICA CIRUGÍA DIGESTIVA ";"34";"25";"393";"531";"19";"532";"1"
"2023";"02";"150115";"LIMA";"LIMA";"LA VICTORIA";"ESSALUD";"III-2";"00009251";"HOSPITAL NACIONAL GUILLERMO ALMENARA IRIGOYEN";"240300";"HOSPITALIZACIÓN QUIRÚRGICA CIRUGÍA DIGESTIVA ";"25";"26";"347";"276";"10";"280";"1"
"2023";"02";"150115";"LIMA";"LIMA";"LA VICTORIA";"ESSALUD";"III-2";"00009251";"HOSPITAL NACIONAL GUILLERMO ALMENARA IRIGOYEN";"240300";"HOSPITALIZACIÓN QUIRÚRGICA CIRUGÍA DIGESTIVA ";"96";"88";"479";"665";"24";"672";"1"
"2023";"02";"150115";"LIMA";"LIMA";"LA VICTORIA";"ESSALUD";"III-2";"00009251";"HOSPITAL NACIONAL GUILLERMO ALMENARA IRIGOYEN";"240801";"HOSPITALIZACIÓN QUIRÚRGICA CIRUGÍA PLÁSTICA/RECONSTRUCTIVA/ REPARADORA QUEMADOS";"9";"16";"273";"131";"5";"140";"0"
"2023";"02";"150115";"LIMA";"LIMA";"LA VICTORIA";"ESSALUD";"III-2";"00009251";"HOSPITAL NACIONAL GUILLERMO ALMENARA IRIGOYEN";"250400";"UNIDAD DE CUIDADOS CRITICOS UNIDAD DE QUEMADOS (GRAN QUEMADO) ";"0";"1";"87";"54";"2";"56";"0"
"2023";"02";"150115";"LIMA";"LIMA";"LA VICTORIA";"ESSALUD";"III-2";"00009251";"HOSPITAL NACIONAL GUILLERMO ALMENARA IRIGOYEN";"250200";"UNIDAD DE CUIDADOS CRITICOS UNIDAD DE CUIDADOS INTERMEDIOS GENERAL  (UCIN) ";"14";"8";"175";"262";"10";"280";"0"
"2023";"02";"150115";"LIMA";"LIMA";"LA VICTORIA";"ESSALUD";"III-2";"00009251";"HOSPITAL NACIONAL GUILLERMO ALMENARA IRIGOYEN";"240900";"HOSPITALIZACIÓN QUIRÚRGICA NEUROCIRUGÍA ";"18";"18";"251";"227";"9";"252";"0"
"2023";"02";"150115";"LIMA";"LIMA";"LA VICTORIA";"ESSALUD";"III-2";"00009251";"HOSPITAL NACIONAL GUILLERMO ALMENARA IRIGOYEN";"250107";"UNIDAD DE CUIDADOS CRITICOS UNIDAD  DE CUIDADOS INTENSIVOS  (UCI) NEUROQUIRÚRGICA";"1";"2";"50";"54";"2";"56";"0"
"2023";"02";"150115";"LIMA";"LIMA";"LA VICTORIA";"ESSALUD";"III-2";"00009251";"HOSPITAL NACIONAL GUILLERMO ALMENARA IRIGOYEN";"250200";"UNIDAD DE CUIDADOS CRITICOS UNIDAD DE CUIDADOS INTERMEDIOS GENERAL  (UCIN) ";"0";"0";"0";"53";"2";"56";"0"
"2023";"02";"150115";"LIMA";"LIMA";"LA VICTORIA";"ESSALUD";"III-2";"00009251";"HOSPITAL NACIONAL GUILLERMO ALMENARA IRIGOYEN";"240900";"HOSPITALIZACIÓN QUIRÚRGICA NEUROCIRUGÍA ";"29";"27";"641";"256";"10";"280";"0"
"2023";"02";"150115";"LIMA";"LIMA";"LA VICTORIA";"ESSALUD";"III-2";"00009251";"HOSPITAL NACIONAL GUILLERMO ALMENARA IRIGOYEN";"250107";"UNIDAD DE CUIDADOS CRITICOS UNIDAD  DE CUIDADOS INTENSIVOS  (UCI) NEUROQUIRÚRGICA";"0";"0";"0";"139";"5";"140";"0"
"2023";"02";"150115";"LIMA";"LIMA";"LA VICTORIA";"ESSALUD";"III-2";"00009251";"HOSPITAL NACIONAL GUILLERMO ALMENARA IRIGOYEN";"250200";"UNIDAD DE CUIDADOS CRITICOS UNIDAD DE CUIDADOS INTERMEDIOS GENERAL  (UCIN) ";"0";"0";"0";"119";"5";"140";"0"
"2023";"02";"150115";"LIMA";"LIMA";"LA VICTORIA";"ESSALUD";"III-2";"00009251";"HOSPITAL NACIONAL GUILLERMO ALMENARA IRIGOYEN";"240900";"HOSPITALIZACIÓN QUIRÚRGICA NEUROCIRUGÍA ";"29";"26";"146";"119";"5";"140";"0"
"2023";"02";"150115";"LIMA";"LIMA";"LA VICTORIA";"ESSALUD";"III-2";"00009251";"HOSPITAL NACIONAL GUILLERMO ALMENARA IRIGOYEN";"250107";"UNIDAD DE CUIDADOS CRITICOS UNIDAD  DE CUIDADOS INTENSIVOS  (UCI) NEUROQUIRÚRGICA";"0";"2";"17";"28";"1";"28";"0"
"2023";"02";"150115";"LIMA";"LIMA";"LA VICTORIA";"ESSALUD";"III-2";"00009251";"HOSPITAL NACIONAL GUILLERMO ALMENARA IRIGOYEN";"250200";"UNIDAD DE CUIDADOS CRITICOS UNIDAD DE CUIDADOS INTERMEDIOS GENERAL  (UCIN) ";"0";"6";"42";"50";"2";"56";"0"
"2023";"02";"150115";"LIMA";"LIMA";"LA VICTORIA";"ESSALUD";"III-2";"00009251";"HOSPITAL NACIONAL GUILLERMO ALMENARA IRIGOYEN";"240600";"HOSPITALIZACIÓN QUIRÚRGICA CIRUGÍA OFTALMOLÓGICA ";"10";"8";"62";"78";"3";"84";"0"
"2023";"02";"150115";"LIMA";"LIMA";"LA VICTORIA";"ESSALUD";"III-2";"00009251";"HOSPITAL NACIONAL GUILLERMO ALMENARA IRIGOYEN";"240600";"HOSPITALIZACIÓN QUIRÚRGICA CIRUGÍA OFTALMOLÓGICA ";"1";"1";"1";"16";"1";"28";"0"
"2023";"02";"150115";"LIMA";"LIMA";"LA VICTORIA";"ESSALUD";"III-2";"00009251";"HOSPITAL NACIONAL GUILLERMO ALMENARA IRIGOYEN";"241200";"HOSPITALIZACIÓN QUIRÚRGICA TRAUMATOLOGÍA Y ORTOPEDIA ";"71";"58";"493";"753";"27";"756";"1"
"2023";"02";"150115";"LIMA";"LIMA";"LA VICTORIA";"ESSALUD";"III-2";"00009251";"HOSPITAL NACIONAL GUILLERMO ALMENARA IRIGOYEN";"241200";"HOSPITALIZACIÓN QUIRÚRGICA TRAUMATOLOGÍA Y ORTOPEDIA ";"113";"109";"937";"900";"33";"924";"0"
"2023";"02";"150115";"LIMA";"LIMA";"LA VICTORIA";"ESSALUD";"III-2";"00009251";"HOSPITAL NACIONAL GUILLERMO ALMENARA IRIGOYEN";"241100";"HOSPITALIZACIÓN QUIRÚRGICA OTORRINOLARINGOLOGÍA  ";"44";"43";"367";"340";"13";"364";"0"
"2023";"02";"150115";"LIMA";"LIMA";"LA VICTORIA";"ESSALUD";"III-2";"00009251";"HOSPITAL NACIONAL GUILLERMO ALMENARA IRIGOYEN";"241500";"HOSPITALIZACIÓN QUIRÚRGICA GINECOLOGÍA  ";"84";"88";"611";"566";"21";"588";"0"
"2023";"02";"150115";"LIMA";"LIMA";"LA VICTORIA";"ESSALUD";"III-2";"00009251";"HOSPITAL NACIONAL GUILLERMO ALMENARA IRIGOYEN";"241600";"HOSPITALIZACIÓN QUIRÚRGICA OBSTETRICIA   ";"215";"206";"1131";"1094";"40";"1120";"0"
"2023";"02";"150115";"LIMA";"LIMA";"LA VICTORIA";"ESSALUD";"III-2";"00009251";"HOSPITAL NACIONAL GUILLERMO ALMENARA IRIGOYEN";"241500";"HOSPITALIZACIÓN QUIRÚRGICA GINECOLOGÍA  ";"39";"39";"240";"209";"8";"224";"0"
"2023";"02";"150115";"LIMA";"LIMA";"LA VICTORIA";"ESSALUD";"III-2";"00009251";"HOSPITAL NACIONAL GUILLERMO ALMENARA IRIGOYEN";"242300";"HOSPITALIZACIÓN DE PEDIATRÍA  PEDIATRÍA  GENERAL ";"20";"14";"204";"278";"10";"280";"0"
"2023";"02";"150115";"LIMA";"LIMA";"LA VICTORIA";"ESSALUD";"III-2";"00009251";"HOSPITAL NACIONAL GUILLERMO ALMENARA IRIGOYEN";"250108";"UNIDAD DE CUIDADOS CRITICOS UNIDAD  DE CUIDADOS INTENSIVOS  (UCI) PEDIÁTRICA";"6";"1";"14";"224";"8";"224";"0"
"2023";"02";"150115";"LIMA";"LIMA";"LA VICTORIA";"ESSALUD";"III-2";"00009251";"HOSPITAL NACIONAL GUILLERMO ALMENARA IRIGOYEN";"250202";"UNIDAD DE CUIDADOS CRITICOS UNIDAD DE CUIDADOS INTERMEDIOS  (UCIN) PEDIÁTRICOS";"0";"5";"162";"361";"13";"364";"0"
"2023";"02";"150115";"LIMA";"LIMA";"LA VICTORIA";"ESSALUD";"III-2";"00009251";"HOSPITAL NACIONAL GUILLERMO ALMENARA IRIGOYEN";"240700";"HOSPITALIZACIÓN QUIRÚRGICA CIRUGÍA PEDIÁTRICA ";"82";"83";"374";"326";"12";"336";"0"
"2023";"02";"150115";"LIMA";"LIMA";"LA VICTORIA";"ESSALUD";"III-2";"00009251";"HOSPITAL NACIONAL GUILLERMO ALMENARA IRIGOYEN";"250202";"UNIDAD DE CUIDADOS CRITICOS UNIDAD DE CUIDADOS INTERMEDIOS  (UCIN) PEDIÁTRICOS";"8";"10";"54";"134";"5";"140";"0"
"2023";"02";"150115";"LIMA";"LIMA";"LA VICTORIA";"ESSALUD";"III-2";"00009251";"HOSPITAL NACIONAL GUILLERMO ALMENARA IRIGOYEN";"243200";"HOSPITALIZACIÓN DE PEDIATRÍA PEDIATRIA NEONATOLOGÍA";"143";"36";"350";"165";"6";"168";"0"
"2023";"02";"150115";"LIMA";"LIMA";"LA VICTORIA";"ESSALUD";"III-2";"00009251";"HOSPITAL NACIONAL GUILLERMO ALMENARA IRIGOYEN";"250105";"UNIDAD DE CUIDADOS CRITICOS UNIDAD  DE CUIDADOS INTENSIVOS  (UCI) NEONATOLOGÍA";"12";"4";"174";"547";"20";"560";"4"
"2023";"02";"150115";"LIMA";"LIMA";"LA VICTORIA";"ESSALUD";"III-2";"00009251";"HOSPITAL NACIONAL GUILLERMO ALMENARA IRIGOYEN";"250201";"UNIDAD DE CUIDADOS CRITICOS UNIDAD DE CUIDADOS INTERMEDIOS  (UCIN) NEONATAL";"8";"19";"609";"279";"10";"280";"1"
"2023";"02";"150115";"LIMA";"LIMA";"LA VICTORIA";"ESSALUD";"III-2";"00009251";"HOSPITAL NACIONAL GUILLERMO ALMENARA IRIGOYEN";"240500";"HOSPITALIZACIÓN QUIRÚRGICA CIRUGÍA DE TRANSPLANTES ";"35";"31";"323";"326";"12";"336";"0"
"2023";"02";"150115";"LIMA";"LIMA";"LA VICTORIA";"ESSALUD";"III-2";"00009251";"HOSPITAL NACIONAL GUILLERMO ALMENARA IRIGOYEN";"240500";"HOSPITALIZACIÓN QUIRÚRGICA CIRUGÍA DE TRANSPLANTES ";"17";"19";"249";"208";"8";"224";"1"
"2023";"02";"040112";"AREQUIPA";"AREQUIPA";"PAUCARPATA";"GOBIERNO REGIONAL";"I-3";"00001315";"CENTRO DE SALUD CAMPO MARTE";"NE_0001";"";"NE_0001";"NE_0001";"NE_0001";"NE_0001";"NE_0001";"NE_0001";"NE_0001"
"2023";"02";"060802";"CAJAMARCA";"JAEN";"BELLAVISTA";"GOBIERNO REGIONAL";"II-1";"00004223";"SAN JAVIER BELLAVISTA";"242500";"HOSPITALIZACIÓN-PEDIATRÍA GENERAL-";"6";"6";"11";"17";"3";"84";"0"
"2023";"02";"060802";"CAJAMARCA";"JAEN";"BELLAVISTA";"GOBIERNO REGIONAL";"II-1";"00004223";"SAN JAVIER BELLAVISTA";"241800";"HOSPITALIZACIÓN DE MEDICINA MEDICINA GENERAL ";"14";"17";"49";"54";"4";"112";"0"
"2023";"02";"060802";"CAJAMARCA";"JAEN";"BELLAVISTA";"GOBIERNO REGIONAL";"II-1";"00004223";"SAN JAVIER BELLAVISTA";"241400";"HOSPITALIZACIÓN QUIRÚRGICA GINECO - OBSTETRICIA ";"5";"5";"14";"19";"4";"112";"0"
"2023";"02";"060802";"CAJAMARCA";"JAEN";"BELLAVISTA";"GOBIERNO REGIONAL";"II-1";"00004223";"SAN JAVIER BELLAVISTA";"241500";"HOSPITALIZACIÓN QUIRÚRGICA GINECOLOGÍA  ";"NE_0002";"NE_0002";"NE_0002";"NE_0002";"4";"112";"0"
"2023";"02";"060802";"CAJAMARCA";"JAEN";"BELLAVISTA";"GOBIERNO REGIONAL";"II-1";"00004223";"SAN JAVIER BELLAVISTA";"241600";"HOSPITALIZACIÓN QUIRÚRGICA OBSTETRICIA   ";"5";"6";"17";"20";"4";"112";"0"
"2023";"02";"060802";"CAJAMARCA";"JAEN";"BELLAVISTA";"GOBIERNO REGIONAL";"II-1";"00004223";"SAN JAVIER BELLAVISTA";"240100";"HOSPITALIZACIÓN QUIRÚRGICA CIRUGÍA GENERAL ";"NE_0002";"NE_0002";"NE_0002";"NE_0002";"2";"56";"0"
"2023";"02";"200104";"PIURA";"PIURA";"CASTILLA";"ESSALUD";"III-1";"00015230";"HOSPITAL III JOSE CAYETANO HEREDIA";"241900";"HOSPITALIZACIÓN DE MEDICINA MEDICINA INTERNA ";"217";"231";"1676";"1397";"54";"1484";"33"
"2023";"02";"200104";"PIURA";"PIURA";"CASTILLA";"ESSALUD";"III-1";"00015230";"HOSPITAL III JOSE CAYETANO HEREDIA";"240100";"HOSPITALIZACIÓN QUIRÚRGICA CIRUGÍA GENERAL ";"260";"237";"1630";"1558";"64";"1708";"3"
"2023";"02";"200104";"PIURA";"PIURA";"CASTILLA";"ESSALUD";"III-1";"00015230";"HOSPITAL III JOSE CAYETANO HEREDIA";"241500";"HOSPITALIZACIÓN QUIRÚRGICA GINECOLOGÍA  ";"58";"62";"278";"238";"8";"252";"0"
"2023";"02";"200104";"PIURA";"PIURA";"CASTILLA";"ESSALUD";"III-1";"00015230";"HOSPITAL III JOSE CAYETANO HEREDIA";"241600";"HOSPITALIZACIÓN QUIRÚRGICA OBSTETRICIA   ";"192";"177";"1006";"949";"32";"1008";"0"
"2023";"02";"200104";"PIURA";"PIURA";"CASTILLA";"ESSALUD";"III-1";"00015230";"HOSPITAL III JOSE CAYETANO HEREDIA";"242300";"HOSPITALIZACIÓN DE PEDIATRÍA  PEDIATRÍA  GENERAL ";"72";"89";"584";"543";"19";"560";"0"
"2023";"02";"200104";"PIURA";"PIURA";"CASTILLA";"ESSALUD";"III-1";"00015230";"HOSPITAL III JOSE CAYETANO HEREDIA";"250100";"UNIDAD DE CUIDADOS CRITICOS UNIDAD  DE CUIDADOS INTENSIVOS GENERALES (UCI) ";"33";"45";"586";"453";"23";"504";"7"
"2023";"02";"200104";"PIURA";"PIURA";"CASTILLA";"ESSALUD";"III-1";"00015230";"HOSPITAL III JOSE CAYETANO HEREDIA";"250200";"UNIDAD DE CUIDADOS CRITICOS UNIDAD DE CUIDADOS INTERMEDIOS GENERAL  (UCIN) ";"36";"79";"1367";"661";"27";"784";"4"
"2023";"02";"040101";"AREQUIPA";"AREQUIPA";"AREQUIPA";"GOBIERNO REGIONAL";"III-1";"00001231";"HOSPITAL REGIONAL HONORIO DELGADO ESPINOZA";"241800";"HOSPITALIZACIÓN DE MEDICINA MEDICINA GENERAL ";"268";"267";"3380";"3285";"145";"4060";"33"
"2023";"02";"040101";"AREQUIPA";"AREQUIPA";"AREQUIPA";"GOBIERNO REGIONAL";"III-1";"00001231";"HOSPITAL REGIONAL HONORIO DELGADO ESPINOZA";"245300";"HOSPITALIZACIÓN DE MEDICINA NEUMOLOGÍA  ";"37";"45";"707";"574";"30";"840";"2"
"2023";"02";"040101";"AREQUIPA";"AREQUIPA";"AREQUIPA";"GOBIERNO REGIONAL";"III-1";"00001231";"HOSPITAL REGIONAL HONORIO DELGADO ESPINOZA";"244000";"HOSPITALIZACIÓN DE MEDICINA CARDIOLOGIA ";"13";"17";"127";"88";"4";"112";"0"
"2023";"02";"040101";"AREQUIPA";"AREQUIPA";"AREQUIPA";"GOBIERNO REGIONAL";"III-1";"00001231";"HOSPITAL REGIONAL HONORIO DELGADO ESPINOZA";"242200";"HOSPITALIZACIÓN DE MEDICINA PSIQUIATRÍA ";"30";"31";"538";"693";"32";"900";"0"
"2023";"02";"040101";"AREQUIPA";"AREQUIPA";"AREQUIPA";"GOBIERNO REGIONAL";"III-1";"00001231";"HOSPITAL REGIONAL HONORIO DELGADO ESPINOZA";"240100";"HOSPITALIZACIÓN QUIRÚRGICA CIRUGÍA GENERAL ";"332";"336";"3844";"3430";"138";"3876";"5"
"2023";"02";"040101";"AREQUIPA";"AREQUIPA";"AREQUIPA";"GOBIERNO REGIONAL";"III-1";"00001231";"HOSPITAL REGIONAL HONORIO DELGADO ESPINOZA";"240900";"HOSPITALIZACIÓN QUIRÚRGICA NEUROCIRUGÍA ";"26";"9";"430";"449";"22";"616";"0"
"2023";"02";"040101";"AREQUIPA";"AREQUIPA";"AREQUIPA";"GOBIERNO REGIONAL";"III-1";"00001231";"HOSPITAL REGIONAL HONORIO DELGADO ESPINOZA";"240800";"HOSPITALIZACIÓN QUIRÚRGICA CIRUGÍA PLÁSTICA/RECONSTRUCTIVA/ REPARADORA ";"9";"1";"128";"127";"10";"280";"0"
"2023";"02";"040101";"AREQUIPA";"AREQUIPA";"AREQUIPA";"GOBIERNO REGIONAL";"III-1";"00001231";"HOSPITAL REGIONAL HONORIO DELGADO ESPINOZA";"250100";"UNIDAD DE CUIDADOS CRITICOS UNIDAD  DE CUIDADOS INTENSIVOS GENERALES (UCI) ";"28";"38";"89";"448";"22";"616";"13"
"2023";"02";"040101";"AREQUIPA";"AREQUIPA";"AREQUIPA";"GOBIERNO REGIONAL";"III-1";"00001231";"HOSPITAL REGIONAL HONORIO DELGADO ESPINOZA";"250108";"UNIDAD DE CUIDADOS CRITICOS UNIDAD  DE CUIDADOS INTENSIVOS  (UCI) PEDIÁTRICA";"3";"11";"0";"92";"4";"112";"0"
"2023";"02";"040101";"AREQUIPA";"AREQUIPA";"AREQUIPA";"GOBIERNO REGIONAL";"III-1";"00001231";"HOSPITAL REGIONAL HONORIO DELGADO ESPINOZA";"242300";"HOSPITALIZACIÓN DE PEDIATRÍA  PEDIATRÍA  GENERAL ";"98";"92";"709";"795";"53";"1484";"1"
"2023";"02";"040101";"AREQUIPA";"AREQUIPA";"AREQUIPA";"GOBIERNO REGIONAL";"III-1";"00001231";"HOSPITAL REGIONAL HONORIO DELGADO ESPINOZA";"243200";"HOSPITALIZACIÓN DE PEDIATRÍA PEDIATRIA NEONATOLOGÍA";"89";"91";"590";"540";"36";"999";"3"
"2023";"02";"040101";"AREQUIPA";"AREQUIPA";"AREQUIPA";"GOBIERNO REGIONAL";"III-1";"00001231";"HOSPITAL REGIONAL HONORIO DELGADO ESPINOZA";"250105";"UNIDAD DE CUIDADOS CRITICOS UNIDAD  DE CUIDADOS INTENSIVOS  (UCI) NEONATOLOGÍA";"8";"0";"0";"185";"7";"185";"0"
"2023";"02";"040101";"AREQUIPA";"AREQUIPA";"AREQUIPA";"GOBIERNO REGIONAL";"III-1";"00001231";"HOSPITAL REGIONAL HONORIO DELGADO ESPINOZA";"241600";"HOSPITALIZACIÓN QUIRÚRGICA OBSTETRICIA   ";"461";"478";"1263";"1123";"86";"2408";"0"
"2023";"01";"040101";"AREQUIPA";"AREQUIPA";"AREQUIPA";"ESSALUD";"I-3";"00013297";"POLICLINICO METROPOLITANO ESSALUD";"NE_0001";"";"NE_0001";"NE_0001";"NE_0001";"NE_0001";"NE_0001";"NE_0001";"NE_0001"
"2023";"01";"150131";"LIMA";"LIMA";"SAN ISIDRO";"PRIVADO";"II-E";"00009288";"NOVOCLINIC";"NE_0001";"";"NE_0001";"NE_0001";"NE_0001";"NE_0001";"NE_0001";"NE_0001";"NE_0001"
"2023";"01";"070102";"CALLAO";"CALLAO";"BELLAVISTA";"ESSALUD";"III-1";"00008265";"HOSPITAL NACIONAL ALBERTO SABOGAL SOLOGUREN DE LA RED ASISTENCIAL SABOGAL";"241900";"HOSPITALIZACIÓN DE MEDICINA MEDICINA INTERNA ";"465";"473";"5653";"6132";"213";"6613";"25"
"2023";"01";"070102";"CALLAO";"CALLAO";"BELLAVISTA";"ESSALUD";"III-1";"00008265";"HOSPITAL NACIONAL ALBERTO SABOGAL SOLOGUREN DE LA RED ASISTENCIAL SABOGAL";"240100";"HOSPITALIZACIÓN QUIRÚRGICA CIRUGÍA GENERAL ";"139";"139";"1226";"1034";"35";"1100";"3"
"2023";"01";"070102";"CALLAO";"CALLAO";"BELLAVISTA";"ESSALUD";"III-1";"00008265";"HOSPITAL NACIONAL ALBERTO SABOGAL SOLOGUREN DE LA RED ASISTENCIAL SABOGAL";"240200";"HOSPITALIZACIÓN QUIRÚRGICA CIRUGÍA DE CABEZA Y CUELLO / MÁXILO FACIAL ";"48";"39";"180";"169";"6";"186";"0"
"2023";"01";"070102";"CALLAO";"CALLAO";"BELLAVISTA";"ESSALUD";"III-1";"00008265";"HOSPITAL NACIONAL ALBERTO SABOGAL SOLOGUREN DE LA RED ASISTENCIAL SABOGAL";"240400";"HOSPITALIZACIÓN QUIRÚRGICA CIRUGÍA DE TÓRAX Y CARDIOVASCULAR ";"6";"9";"137";"74";"3";"93";"0"
"2023";"01";"070102";"CALLAO";"CALLAO";"BELLAVISTA";"ESSALUD";"III-1";"00008265";"HOSPITAL NACIONAL ALBERTO SABOGAL SOLOGUREN DE LA RED ASISTENCIAL SABOGAL";"240800";"HOSPITALIZACIÓN QUIRÚRGICA CIRUGÍA PLÁSTICA/RECONSTRUCTIVA/ REPARADORA ";"5";"4";"13";"12";"1";"16";"0"
"2023";"01";"070102";"CALLAO";"CALLAO";"BELLAVISTA";"ESSALUD";"III-1";"00008265";"HOSPITAL NACIONAL ALBERTO SABOGAL SOLOGUREN DE LA RED ASISTENCIAL SABOGAL";"241700";"HOSPITALIZACIÓN QUIRÚRGICA GINECOLOGÍA   GINECOLOGIA ONCOLOGiCA";"70";"66";"172";"164";"6";"186";"0"
"2023";"01";"070102";"CALLAO";"CALLAO";"BELLAVISTA";"ESSALUD";"III-1";"00008265";"HOSPITAL NACIONAL ALBERTO SABOGAL SOLOGUREN DE LA RED ASISTENCIAL SABOGAL";"241900";"HOSPITALIZACIÓN DE MEDICINA MEDICINA INTERNA ";"13";"13";"80";"130";"5";"145";"0"
"2023";"01";"070102";"CALLAO";"CALLAO";"BELLAVISTA";"ESSALUD";"III-1";"00008265";"HOSPITAL NACIONAL ALBERTO SABOGAL SOLOGUREN DE LA RED ASISTENCIAL SABOGAL";"242000";"HOSPITALIZACIÓN DE MEDICINA MEDICINA TROPICAL E INFECCIOSAS ";"23";"28";"389";"326";"11";"341";"2"
"2023";"01";"070102";"CALLAO";"CALLAO";"BELLAVISTA";"ESSALUD";"III-1";"00008265";"HOSPITAL NACIONAL ALBERTO SABOGAL SOLOGUREN DE LA RED ASISTENCIAL SABOGAL";"242100";"HOSPITALIZACIÓN DE MEDICINA ONCOLOGÍA MÉDICA ";"109";"108";"486";"399";"14";"434";"3"
"2023";"01";"070102";"CALLAO";"CALLAO";"BELLAVISTA";"ESSALUD";"III-1";"00008265";"HOSPITAL NACIONAL ALBERTO SABOGAL SOLOGUREN DE LA RED ASISTENCIAL SABOGAL";"240700";"HOSPITALIZACIÓN QUIRÚRGICA CIRUGÍA PEDIÁTRICA ";"74";"82";"443";"389";"13";"403";"0"
"2023";"01";"070102";"CALLAO";"CALLAO";"BELLAVISTA";"ESSALUD";"III-1";"00008265";"HOSPITAL NACIONAL ALBERTO SABOGAL SOLOGUREN DE LA RED ASISTENCIAL SABOGAL";"240900";"HOSPITALIZACIÓN QUIRÚRGICA NEUROCIRUGÍA ";"47";"38";"321";"338";"12";"372";"1"
"2023";"01";"070102";"CALLAO";"CALLAO";"BELLAVISTA";"ESSALUD";"III-1";"00008265";"HOSPITAL NACIONAL ALBERTO SABOGAL SOLOGUREN DE LA RED ASISTENCIAL SABOGAL";"241100";"HOSPITALIZACIÓN QUIRÚRGICA OTORRINOLARINGOLOGÍA  ";"45";"44";"117";"102";"4";"124";"0"
"2023";"01";"070102";"CALLAO";"CALLAO";"BELLAVISTA";"ESSALUD";"III-1";"00008265";"HOSPITAL NACIONAL ALBERTO SABOGAL SOLOGUREN DE LA RED ASISTENCIAL SABOGAL";"241200";"HOSPITALIZACIÓN QUIRÚRGICA TRAUMATOLOGÍA Y ORTOPEDIA ";"94";"103";"1391";"1256";"44";"1364";"5"
"2023";"01";"070102";"CALLAO";"CALLAO";"BELLAVISTA";"ESSALUD";"III-1";"00008265";"HOSPITAL NACIONAL ALBERTO SABOGAL SOLOGUREN DE LA RED ASISTENCIAL SABOGAL";"241300";"HOSPITALIZACIÓN QUIRÚRGICA UROLOGÍA  ";"90";"84";"446";"453";"16";"496";"0"
"2023";"01";"070102";"CALLAO";"CALLAO";"BELLAVISTA";"ESSALUD";"III-1";"00008265";"HOSPITAL NACIONAL ALBERTO SABOGAL SOLOGUREN DE LA RED ASISTENCIAL SABOGAL";"241500";"HOSPITALIZACIÓN QUIRÚRGICA GINECOLOGÍA  ";"95";"88";"270";"256";"10";"310";"0"
"2023";"01";"070102";"CALLAO";"CALLAO";"BELLAVISTA";"ESSALUD";"III-1";"00008265";"HOSPITAL NACIONAL ALBERTO SABOGAL SOLOGUREN DE LA RED ASISTENCIAL SABOGAL";"241600";"HOSPITALIZACIÓN QUIRÚRGICA OBSTETRICIA   ";"298";"262";"1066";"1111";"45";"1395";"0"
"2023";"01";"070102";"CALLAO";"CALLAO";"BELLAVISTA";"ESSALUD";"III-1";"00008265";"HOSPITAL NACIONAL ALBERTO SABOGAL SOLOGUREN DE LA RED ASISTENCIAL SABOGAL";"242300";"HOSPITALIZACIÓN DE PEDIATRÍA  PEDIATRÍA  GENERAL ";"59";"62";"991";"609";"22";"682";"2"
"2023";"01";"070102";"CALLAO";"CALLAO";"BELLAVISTA";"ESSALUD";"III-1";"00008265";"HOSPITAL NACIONAL ALBERTO SABOGAL SOLOGUREN DE LA RED ASISTENCIAL SABOGAL";"250100";"UNIDAD DE CUIDADOS CRITICOS UNIDAD  DE CUIDADOS INTENSIVOS GENERALES (UCI) ";"94";"33";"343";"257";"9";"279";"14"
"2023";"01";"070102";"CALLAO";"CALLAO";"BELLAVISTA";"ESSALUD";"III-1";"00008265";"HOSPITAL NACIONAL ALBERTO SABOGAL SOLOGUREN DE LA RED ASISTENCIAL SABOGAL";"250200";"UNIDAD DE CUIDADOS CRITICOS UNIDAD DE CUIDADOS INTERMEDIOS GENERAL  (UCIN) ";"29";"42";"819";"398";"13";"403";"4"
"2023";"01";"150141";"LIMA";"LIMA";"SURQUILLO";"PRIVADO";"I-3";"00023509";"MEDICINA EMPRESARIAL DE PREVENCIÓN EN SALUD OCUPACIONAL SAC";"NE_0001";"";"NE_0001";"NE_0001";"NE_0001";"NE_0001";"NE_0001";"NE_0001";"NE_0001"
"2023";"02";"220904";"SAN MARTIN";"SAN MARTIN";"CHAZUTA";"GOBIERNO REGIONAL";"I-4";"00006423";"CHAZUTA";"241600";"HOSPITALIZACIÓN QUIRÚRGICA OBSTETRICIA   ";"9";"9";"9";"9";"5";"140";"0"
"2023";"02";"220904";"SAN MARTIN";"SAN MARTIN";"CHAZUTA";"GOBIERNO REGIONAL";"I-4";"00006423";"CHAZUTA";"241800";"HOSPITALIZACIÓN DE MEDICINA MEDICINA GENERAL ";"4";"4";"5";"5";"5";"140";"0"
"2023";"02";"150103";"LIMA";"LIMA";"ATE";"PRIVADO";"II-1";"00018584";"CLINICA MARIA DEL SOCORRO";"240000";"HOSPITALIZACIÓN";"159";"155";"235";"259";"20";"560";"0"
"2023";"02";"021301";"ANCASH";"MARISCAL LUZURIAGA";"PISCOBAMBA";"GOBIERNO REGIONAL";"I-4";"00001783";"CENTRO DE SALUD PISCOBAMBA";"NE_0002";"";"NE_0002";"NE_0002";"NE_0002";"NE_0002";"NE_0002";"NE_0002";"NE_0002"
"2023";"02";"021304";"ANCASH";"MARISCAL LUZURIAGA";"FIDEL OLIVAS ESCUDERO";"GOBIERNO REGIONAL";"I-1";"00001794";"PUESTO DE SALUD PARCO";"NE_0002";"";"NE_0002";"NE_0002";"NE_0002";"NE_0002";"NE_0002";"NE_0002";"NE_0002"
"2023";"02";"021306";"ANCASH";"MARISCAL LUZURIAGA";"LLUMPA";"GOBIERNO REGIONAL";"I-2";"00001789";"PUESTO DE SALUD LLUMPA";"NE_0002";"";"NE_0002";"NE_0002";"NE_0002";"NE_0002";"NE_0002";"NE_0002";"NE_0002"
"2023";"02";"120114";"JUNIN";"HUANCAYO";"EL TAMBO";"PRIVADO";"II-E";"00027694";"CHENET CLINICA ESPECIALIZADA";"240100";"HOSPITALIZACIÓN QUIRÚRGICA CIRUGÍA GENERAL ";"16";"14";"26";"28";"2";"32";"0"
"2023";"02";"120114";"JUNIN";"HUANCAYO";"EL TAMBO";"PRIVADO";"II-E";"00027694";"CHENET CLINICA ESPECIALIZADA";"241200";"HOSPITALIZACIÓN QUIRÚRGICA TRAUMATOLOGÍA Y ORTOPEDIA ";"9";"6";"9";"9";"1";"30";"0"
"2023";"02";"120114";"JUNIN";"HUANCAYO";"EL TAMBO";"PRIVADO";"II-E";"00027694";"CHENET CLINICA ESPECIALIZADA";"241300";"HOSPITALIZACIÓN QUIRÚRGICA UROLOGÍA  ";"2";"1";"3";"3";"1";"25";"0"
"2023";"02";"120114";"JUNIN";"HUANCAYO";"EL TAMBO";"PRIVADO";"II-E";"00027694";"CHENET CLINICA ESPECIALIZADA";"241500";"HOSPITALIZACIÓN QUIRÚRGICA GINECOLOGÍA  ";"12";"11";"21";"21";"2";"30";"0"
"2023";"02";"120114";"JUNIN";"HUANCAYO";"EL TAMBO";"PRIVADO";"II-E";"00027694";"CHENET CLINICA ESPECIALIZADA";"244200";"HOSPITALIZACIÓN DE MEDICINA ENDOCRINOLOGIA ";"1";"2";"2";"2";"1";"20";"0"
"2023";"02";"120114";"JUNIN";"HUANCAYO";"EL TAMBO";"PRIVADO";"II-E";"00027694";"CHENET CLINICA ESPECIALIZADA";"245300";"HOSPITALIZACIÓN DE MEDICINA NEUMOLOGÍA  ";"1";"1";"3";"3";"1";"31";"0"
"2023";"02";"120114";"JUNIN";"HUANCAYO";"EL TAMBO";"PRIVADO";"II-E";"00027694";"CHENET CLINICA ESPECIALIZADA";"245400";"HOSPITALIZACIÓN DE MEDICINA GINECOLOGIA ";"3";"3";"34";"3";"1";"20";"0"
"2023";"03";"150810";"LIMA";"HUAURA";"SANTA MARIA";"SANIDAD DE LA POLICIA NACIONAL DEL PERU";"I-2";"00010834";"POSTA MEDICA POLICIAL HUACHO";"NE_0001";"";"NE_0001";"NE_0001";"NE_0001";"NE_0001";"NE_0001";"NE_0001";"NE_0001"
"2023";"03";"050503";"AYACUCHO";"LA MAR";"AYNA";"GOBIERNO REGIONAL";"II-1";"00003754";"HOSPITAL DE APOYO SAN FRANCISCO";"240100";"HOSPITALIZACIÓN QUIRÚRGICA CIRUGÍA GENERAL ";"30";"29";"137";"141";"5";"155";"0"
"2023";"03";"050503";"AYACUCHO";"LA MAR";"AYNA";"GOBIERNO REGIONAL";"II-1";"00003754";"HOSPITAL DE APOYO SAN FRANCISCO";"241400";"HOSPITALIZACIÓN QUIRÚRGICA GINECO - OBSTETRICIA ";"60";"58";"126";"180";"7";"217";"0"
"2023";"03";"050503";"AYACUCHO";"LA MAR";"AYNA";"GOBIERNO REGIONAL";"II-1";"00003754";"HOSPITAL DE APOYO SAN FRANCISCO";"241800";"HOSPITALIZACIÓN DE MEDICINA MEDICINA GENERAL ";"28";"24";"84";"109";"5";"155";"3"
"2023";"03";"050503";"AYACUCHO";"LA MAR";"AYNA";"GOBIERNO REGIONAL";"II-1";"00003754";"HOSPITAL DE APOYO SAN FRANCISCO";"242200";"HOSPITALIZACIÓN DE MEDICINA PSIQUIATRÍA ";"9";"3";"202";"209";"8";"248";"0"
"2023";"03";"050503";"AYACUCHO";"LA MAR";"AYNA";"GOBIERNO REGIONAL";"II-1";"00003754";"HOSPITAL DE APOYO SAN FRANCISCO";"242500";"HOSPITALIZACIÓN-PEDIATRÍA GENERAL-";"26";"26";"83";"72";"5";"155";"0"
"2023";"03";"050503";"AYACUCHO";"LA MAR";"AYNA";"GOBIERNO REGIONAL";"II-1";"00003754";"HOSPITAL DE APOYO SAN FRANCISCO";"243200";"HOSPITALIZACIÓN DE PEDIATRÍA PEDIATRIA NEONATOLOGÍA";"11";"11";"36";"67";"5";"155";"0"
"2023";"03";"120605";"JUNIN";"SATIPO";"PAMPA HERMOSA";"GOBIERNO REGIONAL";"I-2";"00017678";"HUANCAMACHAY";"NE_0001";"";"NE_0001";"NE_0001";"NE_0001";"NE_0001";"NE_0001";"NE_0001";"NE_0001"
"2023";"03";"120602";"JUNIN";"SATIPO";"COVIRIALI";"GOBIERNO REGIONAL";"I-1";"00000489";"BUENOS AIRES";"NE_0001";"";"NE_0001";"NE_0001";"NE_0001";"NE_0001";"NE_0001";"NE_0001";"NE_0001"
"2023";"03";"120605";"JUNIN";"SATIPO";"PAMPA HERMOSA";"GOBIERNO REGIONAL";"I-2";"00000494";"APALLA CALABAZA";"NE_0001";"";"NE_0001";"NE_0001";"NE_0001";"NE_0001";"NE_0001";"NE_0001";"NE_0001"
"2023";"03";"120605";"JUNIN";"SATIPO";"PAMPA HERMOSA";"GOBIERNO REGIONAL";"I-2";"00000492";"SANTA ROSITA";"NE_0001";"";"NE_0001";"NE_0001";"NE_0001";"NE_0001";"NE_0001";"NE_0001";"NE_0001"
"2023";"03";"120602";"JUNIN";"SATIPO";"COVIRIALI";"GOBIERNO REGIONAL";"I-1";"00007186";"PALMAPAMPA";"NE_0001";"";"NE_0001";"NE_0001";"NE_0001";"NE_0001";"NE_0001";"NE_0001";"NE_0001"
"2023";"03";"200501";"PIURA";"PAITA";"PAITA";"ESSALUD";"I-4";"00011763";"HOSPITAL I MIGUEL CRUZADO VERA - PAITA";"241800";"HOSPITALIZACIÓN DE MEDICINA MEDICINA GENERAL ";"30";"31";"195";"145";"8";"248";"2"
"2023";"03";"200501";"PIURA";"PAITA";"PAITA";"ESSALUD";"I-4";"00011763";"HOSPITAL I MIGUEL CRUZADO VERA - PAITA";"240100";"HOSPITALIZACIÓN QUIRÚRGICA CIRUGÍA GENERAL ";"7";"7";"9";"14";"1";"31";"0"
"2023";"03";"200501";"PIURA";"PAITA";"PAITA";"ESSALUD";"I-4";"00011763";"HOSPITAL I MIGUEL CRUZADO VERA - PAITA";"241500";"HOSPITALIZACIÓN QUIRÚRGICA GINECOLOGÍA  ";"8";"7";"27";"14";"1";"31";"0"
"2023";"03";"200501";"PIURA";"PAITA";"PAITA";"ESSALUD";"I-4";"00011763";"HOSPITAL I MIGUEL CRUZADO VERA - PAITA";"241400";"HOSPITALIZACIÓN QUIRÚRGICA GINECO - OBSTETRICIA ";"9";"11";"16";"18";"2";"62";"0"
"2023";"03";"200501";"PIURA";"PAITA";"PAITA";"ESSALUD";"I-4";"00011763";"HOSPITAL I MIGUEL CRUZADO VERA - PAITA";"242300";"HOSPITALIZACIÓN DE PEDIATRÍA  PEDIATRÍA  GENERAL ";"16";"17";"40";"36";"2";"62";"0"
"2023";"03";"220101";"SAN MARTIN";"MOYOBAMBA";"MOYOBAMBA";"GOBIERNO REGIONAL";"I-1";"00006296";"SAN JOSE DE ALTO MAYO";"NE_0001";"";"NE_0001";"NE_0001";"NE_0001";"NE_0001";"NE_0001";"NE_0001";"NE_0001"
"2023";"03";"130703";"LA LIBERTAD";"PACASMAYO";"JEQUETEPEQUE";"ESSALUD";"I-2";"00009646";"POSTA DE SALUD JEQUETEPEQUE";"NE_0001";"";"NE_0001";"NE_0001";"NE_0001";"NE_0001";"NE_0001";"NE_0001";"NE_0001"
"2023";"03";"220601";"SAN MARTIN";"MARISCAL CACERES";"JUANJUI";"ESSALUD";"I-4";"00016481";"HOSPITAL I JUANJUI - ESSALUD";"241800";"HOSPITALIZACIÓN DE MEDICINA MEDICINA GENERAL ";"77";"77";"265";"215";"9";"279";"0"
"2023";"03";"010401";"AMAZONAS";"CONDORCANQUI";"NIEVA";"GOBIERNO REGIONAL";"II-1";"00005145";"SANTA MARIA DE NIEVA";"241400";"HOSPITALIZACIÓN QUIRÚRGICA GINECO - OBSTETRICIA ";"40";"41";"81";"8";"12";"19";"0"
"2023";"03";"010401";"AMAZONAS";"CONDORCANQUI";"NIEVA";"GOBIERNO REGIONAL";"II-1";"00005145";"SANTA MARIA DE NIEVA";"241500";"HOSPITALIZACIÓN QUIRÚRGICA GINECOLOGÍA  ";"3";"3";"9";"2";"3";"8";"0"
"2023";"03";"010401";"AMAZONAS";"CONDORCANQUI";"NIEVA";"GOBIERNO REGIONAL";"II-1";"00005145";"SANTA MARIA DE NIEVA";"241800";"HOSPITALIZACIÓN DE MEDICINA MEDICINA GENERAL ";"49";"51";"153";"14";"8";"34";"1"
"2023";"01";"250203";"UCAYALI";"ATALAYA";"TAHUANIA";"MINSA";"I-1";"00032189";"PUESTO DE SALUD MENCORIARI.";"NE_0001";"";"NE_0001";"NE_0001";"NE_0001";"NE_0001";"NE_0001";"NE_0001";"NE_0001"
"2023";"01";"250203";"UCAYALI";"ATALAYA";"TAHUANIA";"MINSA";"I-1";"00031894";"PUESTO DE SALUD NUEVO PARAISO-TAHUANIA.";"NE_0001";"";"NE_0001";"NE_0001";"NE_0001";"NE_0001";"NE_0001";"NE_0001";"NE_0001"
"2023";"01";"250202";"UCAYALI";"ATALAYA";"SEPAHUA";"GOBIERNO REGIONAL";"I-1";"00019549";"SANTA ROSA DE SERJALI";"NE_0001";"";"NE_0001";"NE_0001";"NE_0001";"NE_0001";"NE_0001";"NE_0001";"NE_0001"
"2023";"01";"250203";"UCAYALI";"ATALAYA";"TAHUANIA";"GOBIERNO REGIONAL";"I-1";"00007106";"TONIROMASHI";"NE_0001";"";"NE_0001";"NE_0001";"NE_0001";"NE_0001";"NE_0001";"NE_0001";"NE_0001"
"2023";"01";"250202";"UCAYALI";"ATALAYA";"SEPAHUA";"GOBIERNO REGIONAL";"I-1";"00005525";"PUIJA";"NE_0001";"";"NE_0001";"NE_0001";"NE_0001";"NE_0001";"NE_0001";"NE_0001";"NE_0001"
"2023";"01";"250202";"UCAYALI";"ATALAYA";"SEPAHUA";"GOBIERNO REGIONAL";"I-1";"00005524";"BUFEO POZO";"NE_0001";"";"NE_0001";"NE_0001";"NE_0001";"NE_0001";"NE_0001";"NE_0001";"NE_0001"
"2023";"01";"250202";"UCAYALI";"ATALAYA";"SEPAHUA";"GOBIERNO REGIONAL";"I-3";"00005523";"SEPAHUA";"NE_0001";"";"NE_0001";"NE_0001";"NE_0001";"NE_0001";"NE_0001";"NE_0001";"NE_0001"
"2023";"01";"250203";"UCAYALI";"ATALAYA";"TAHUANIA";"GOBIERNO REGIONAL";"I-1";"00005522";"TUPAC AMARU";"NE_0001";"";"NE_0001";"NE_0001";"NE_0001";"NE_0001";"NE_0001";"NE_0001";"NE_0001"
"2023";"01";"250203";"UCAYALI";"ATALAYA";"TAHUANIA";"GOBIERNO REGIONAL";"I-2";"00005521";"NUEVA ITALIA";"NE_0001";"";"NE_0001";"NE_0001";"NE_0001";"NE_0001";"NE_0001";"NE_0001";"NE_0001"
"2023";"01";"250203";"UCAYALI";"ATALAYA";"TAHUANIA";"GOBIERNO REGIONAL";"I-1";"00005520";"SHAHUAYA";"NE_0001";"";"NE_0001";"NE_0001";"NE_0001";"NE_0001";"NE_0001";"NE_0001";"NE_0001"
"2023";"01";"250203";"UCAYALI";"ATALAYA";"TAHUANIA";"GOBIERNO REGIONAL";"I-1";"00005519";"SEMPAYA";"NE_0001";"";"NE_0001";"NE_0001";"NE_0001";"NE_0001";"NE_0001";"NE_0001";"NE_0001"
"2023";"01";"250203";"UCAYALI";"ATALAYA";"TAHUANIA";"GOBIERNO REGIONAL";"I-3";"00005518";"BOLOGNESI";"NE_0001";"";"NE_0001";"NE_0001";"NE_0001";"NE_0001";"NE_0001";"NE_0001";"NE_0001"
"2023";"01";"250201";"UCAYALI";"ATALAYA";"RAIMONDI";"GOBIERNO REGIONAL";"I-1";"00005517";"SERJALI";"NE_0001";"";"NE_0001";"NE_0001";"NE_0001";"NE_0001";"NE_0001";"NE_0001";"NE_0001"
"2023";"01";"250201";"UCAYALI";"ATALAYA";"RAIMONDI";"GOBIERNO REGIONAL";"I-1";"00005516";"RIMA";"NE_0001";"";"NE_0001";"NE_0001";"NE_0001";"NE_0001";"NE_0001";"NE_0001";"NE_0001"
"2023";"01";"250201";"UCAYALI";"ATALAYA";"RAIMONDI";"GOBIERNO REGIONAL";"I-1";"00005515";"ALTO CHENCORENI";"NE_0001";"";"NE_0001";"NE_0001";"NE_0001";"NE_0001";"NE_0001";"NE_0001";"NE_0001"
"2023";"01";"250201";"UCAYALI";"ATALAYA";"RAIMONDI";"GOBIERNO REGIONAL";"I-1";"00005514";"CHEQUITAVO";"NE_0001";"";"NE_0001";"NE_0001";"NE_0001";"NE_0001";"NE_0001";"NE_0001";"NE_0001"
"2023";"01";"250201";"UCAYALI";"ATALAYA";"RAIMONDI";"GOBIERNO REGIONAL";"I-1";"00005512";"MAPALCA";"NE_0001";"";"NE_0001";"NE_0001";"NE_0001";"NE_0001";"NE_0001";"NE_0001";"NE_0001"
"2023";"01";"250201";"UCAYALI";"ATALAYA";"RAIMONDI";"GOBIERNO REGIONAL";"I-1";"00005511";"PAOTI";"NE_0001";"";"NE_0001";"NE_0001";"NE_0001";"NE_0001";"NE_0001";"NE_0001";"NE_0001"
"2023";"01";"250201";"UCAYALI";"ATALAYA";"RAIMONDI";"GOBIERNO REGIONAL";"I-1";"00005510";"LA FLORESTA";"NE_0001";"";"NE_0001";"NE_0001";"NE_0001";"NE_0001";"NE_0001";"NE_0001";"NE_0001"
"2023";"01";"250201";"UCAYALI";"ATALAYA";"RAIMONDI";"MINSA";"I-1";"00005509";"CHICOSA";"NE_0001";"";"NE_0001";"NE_0001";"NE_0001";"NE_0001";"NE_0001";"NE_0001";"NE_0001"
"2023";"01";"250201";"UCAYALI";"ATALAYA";"RAIMONDI";"MINSA";"I-1";"00005508";"UNINI";"NE_0001";"";"NE_0001";"NE_0001";"NE_0001";"NE_0001";"NE_0001";"NE_0001";"NE_0001"
"2023";"01";"250201";"UCAYALI";"ATALAYA";"RAIMONDI";"GOBIERNO REGIONAL";"I-1";"00005507";"BOCA PUCANI";"NE_0001";"";"NE_0001";"NE_0001";"NE_0001";"NE_0001";"NE_0001";"NE_0001";"NE_0001"
"2023";"01";"250201";"UCAYALI";"ATALAYA";"RAIMONDI";"MINSA";"I-1";"00005506";"P.S RAMON CASTILLA";"NE_0001";"";"NE_0001";"NE_0001";"NE_0001";"NE_0001";"NE_0001";"NE_0001";"NE_0001"
"2023";"01";"250201";"UCAYALI";"ATALAYA";"RAIMONDI";"GOBIERNO REGIONAL";"I-2";"00005505";"OBENTENI";"NE_0001";"";"NE_0001";"NE_0001";"NE_0001";"NE_0001";"NE_0001";"NE_0001";"NE_0001"
"2023";"01";"250201";"UCAYALI";"ATALAYA";"RAIMONDI";"MINSA";"I-1";"00005504";"COCANI";"NE_0001";"";"NE_0001";"NE_0001";"NE_0001";"NE_0001";"NE_0001";"NE_0001";"NE_0001"
"2023";"01";"250201";"UCAYALI";"ATALAYA";"RAIMONDI";"MINSA";"I-2";"00005503";"MALDONADILLO";"NE_0001";"";"NE_0001";"NE_0001";"NE_0001";"NE_0001";"NE_0001";"NE_0001";"NE_0001"
"2023";"01";"250201";"UCAYALI";"ATALAYA";"RAIMONDI";"GOBIERNO REGIONAL";"I-4";"00005502";"ATALAYA";"NE_0002";"";"NE_0002";"NE_0002";"NE_0002";"NE_0002";"NE_0002";"NE_0002";"NE_0002"
"2023";"03";"060703";"CAJAMARCA";"HUALGAYOC";"HUALGAYOC";"ESSALUD";"I-2";"00010270";"POSTA MEDICA DE HUALGAYOC";"NE_0001";"";"NE_0001";"NE_0001";"NE_0001";"NE_0001";"NE_0001";"NE_0001";"NE_0001"
"2023";"03";"021101";"ANCASH";"HUARMEY";"HUARMEY";"GOBIERNO REGIONAL";"II-1";"00001741";"HOSPITAL DE APOYO HUARMEY";"240100";"HOSPITALIZACIÓN QUIRÚRGICA CIRUGÍA GENERAL ";"9";"9";"27";"27";"3";"93";"0"
"2023";"03";"021101";"ANCASH";"HUARMEY";"HUARMEY";"GOBIERNO REGIONAL";"II-1";"00001741";"HOSPITAL DE APOYO HUARMEY";"241200";"HOSPITALIZACIÓN QUIRÚRGICA TRAUMATOLOGÍA Y ORTOPEDIA ";"3";"3";"9";"9";"2";"62";"0"
"2023";"03";"021101";"ANCASH";"HUARMEY";"HUARMEY";"GOBIERNO REGIONAL";"II-1";"00001741";"HOSPITAL DE APOYO HUARMEY";"241400";"HOSPITALIZACIÓN QUIRÚRGICA GINECO - OBSTETRICIA ";"41";"43";"104";"102";"10";"310";"0"
"2023";"03";"021101";"ANCASH";"HUARMEY";"HUARMEY";"GOBIERNO REGIONAL";"II-1";"00001741";"HOSPITAL DE APOYO HUARMEY";"241800";"HOSPITALIZACIÓN DE MEDICINA MEDICINA GENERAL ";"20";"22";"83";"78";"3";"93";"2"
"2023";"01";"061109";"CAJAMARCA";"SAN MIGUEL";"NIEPOS";"GOBIERNO REGIONAL";"I-1";"00004560";"EL NARANJO";"NE_0001";"";"NE_0001";"NE_0001";"NE_0001";"NE_0001";"NE_0001";"NE_0001";"NE_0001"
"2023";"01";"061109";"CAJAMARCA";"SAN MIGUEL";"NIEPOS";"GOBIERNO REGIONAL";"I-2";"00004557";"NIEPOS";"NE_0001";"";"NE_0001";"NE_0001";"NE_0001";"NE_0001";"NE_0001";"NE_0001";"NE_0001"
"2023";"01";"061109";"CAJAMARCA";"SAN MIGUEL";"NIEPOS";"GOBIERNO REGIONAL";"I-1";"00004558";"LANCHEZ";"NE_0001";"";"NE_0001";"NE_0001";"NE_0001";"NE_0001";"NE_0001";"NE_0001";"NE_0001"
"2023";"01";"061109";"CAJAMARCA";"SAN MIGUEL";"NIEPOS";"GOBIERNO REGIONAL";"I-1";"00004559";"MIRAVALLES";"NE_0001";"";"NE_0001";"NE_0001";"NE_0001";"NE_0001";"NE_0001";"NE_0001";"NE_0001"
"2023";"01";"061106";"CAJAMARCA";"SAN MIGUEL";"LA FLORIDA";"GOBIERNO REGIONAL";"I-3";"00004556";"LA FLORIDA";"NE_0001";"";"NE_0001";"NE_0001";"NE_0001";"NE_0001";"NE_0001";"NE_0001";"NE_0001"
"2023";"02";"220914";"SAN MARTIN";"SAN MARTIN";"SHAPAJA";"GOBIERNO REGIONAL";"I-2";"00006375";"SHAPAJA";"NE_0002";"";"NE_0002";"NE_0002";"NE_0002";"NE_0002";"NE_0002";"NE_0002";"NE_0002"
"2023";"02";"220908";"SAN MARTIN";"SAN MARTIN";"JUAN GUERRA";"GOBIERNO REGIONAL";"I-1";"00006379";"YACUCATINA";"NE_0002";"";"NE_0002";"NE_0002";"NE_0002";"NE_0002";"NE_0002";"NE_0002";"NE_0002"
"2023";"02";"220902";"SAN MARTIN";"SAN MARTIN";"ALBERTO LEVEAU";"GOBIERNO REGIONAL";"I-1";"00006382";"UTCURARCA";"NE_0002";"";"NE_0002";"NE_0002";"NE_0002";"NE_0002";"NE_0002";"NE_0002";"NE_0002"
"2023";"02";"220902";"SAN MARTIN";"SAN MARTIN";"ALBERTO LEVEAU";"GOBIERNO REGIONAL";"I-1";"00006383";"MACHUNGO";"NE_0002";"";"NE_0002";"NE_0002";"NE_0002";"NE_0002";"NE_0002";"NE_0002";"NE_0002"
"2023";"02";"150136";"LIMA";"LIMA";"SAN MIGUEL";"ESSALUD";"II-1";"00008564";"HOSPITAL I OCTAVIO MONGRUT MUÑOZ";"241900";"HOSPITALIZACIÓN DE MEDICINA MEDICINA INTERNA ";"60";"66";"430";"437";"20";"562";"1"
"2023";"02";"150136";"LIMA";"LIMA";"SAN MIGUEL";"ESSALUD";"II-1";"00008564";"HOSPITAL I OCTAVIO MONGRUT MUÑOZ";"240100";"HOSPITALIZACIÓN QUIRÚRGICA CIRUGÍA GENERAL ";"40";"38";"67";"69";"4";"124";"0"
"2023";"02";"150136";"LIMA";"LIMA";"SAN MIGUEL";"ESSALUD";"II-1";"00008564";"HOSPITAL I OCTAVIO MONGRUT MUÑOZ";"241500";"HOSPITALIZACIÓN QUIRÚRGICA GINECOLOGÍA  ";"42";"39";"111";"114";"5";"130";"0"
"2023";"02";"150136";"LIMA";"LIMA";"SAN MIGUEL";"ESSALUD";"II-1";"00008564";"HOSPITAL I OCTAVIO MONGRUT MUÑOZ";"241600";"HOSPITALIZACIÓN QUIRÚRGICA OBSTETRICIA   ";"43";"26";"83";"108";"10";"283";"0"
"2023";"02";"150136";"LIMA";"LIMA";"SAN MIGUEL";"ESSALUD";"II-1";"00008564";"HOSPITAL I OCTAVIO MONGRUT MUÑOZ";"242300";"HOSPITALIZACIÓN DE PEDIATRÍA  PEDIATRÍA  GENERAL ";"17";"11";"32";"33";"5";"134";"0"
"2023";"02";"220804";"SAN MARTIN";"RIOJA";"NUEVA CAJAMARCA";"GOBIERNO REGIONAL";"I-1";"00006289";"MIRAFLORES";"NE_0001";"";"NE_0001";"NE_0001";"NE_0001";"NE_0001";"NE_0001";"NE_0001";"NE_0001"
"2023";"02";"220804";"SAN MARTIN";"RIOJA";"NUEVA CAJAMARCA";"GOBIERNO REGIONAL";"I-4";"00006283";"HOSPITAL RURAL NUEVA CAJAMARCA";"241600";"HOSPITALIZACIÓN QUIRÚRGICA OBSTETRICIA   ";"36";"38";"44";"44";"8";"224";"0"
"2023";"02";"220804";"SAN MARTIN";"RIOJA";"NUEVA CAJAMARCA";"GOBIERNO REGIONAL";"I-4";"00006283";"HOSPITAL RURAL NUEVA CAJAMARCA";"241800";"HOSPITALIZACIÓN DE MEDICINA MEDICINA GENERAL ";"35";"38";"79";"79";"8";"224";"1"
"2023";"02";"220804";"SAN MARTIN";"RIOJA";"NUEVA CAJAMARCA";"GOBIERNO REGIONAL";"I-4";"00006283";"HOSPITAL RURAL NUEVA CAJAMARCA";"242500";"HOSPITALIZACIÓN-PEDIATRÍA GENERAL-";"5";"5";"9";"9";"5";"140";"0"
"2023";"02";"220804";"SAN MARTIN";"RIOJA";"NUEVA CAJAMARCA";"GOBIERNO REGIONAL";"I-1";"00006287";"TAHUANTINSUYO";"NE_0001";"";"NE_0001";"NE_0001";"NE_0001";"NE_0001";"NE_0001";"NE_0001";"NE_0001"
"2023";"02";"050201";"AYACUCHO";"CANGALLO";"CANGALLO";"GOBIERNO REGIONAL";"II-1";"00003494";"HOSPITAL DE APOYO CANGALLO";"240100";"HOSPITALIZACIÓN QUIRÚRGICA CIRUGÍA GENERAL ";"24";"24";"115";"59";"4";"124";"0"
"2023";"02";"050201";"AYACUCHO";"CANGALLO";"CANGALLO";"GOBIERNO REGIONAL";"II-1";"00003494";"HOSPITAL DE APOYO CANGALLO";"241400";"HOSPITALIZACIÓN QUIRÚRGICA GINECO - OBSTETRICIA ";"7";"7";"12";"22";"2";"62";"0"
"2023";"02";"050201";"AYACUCHO";"CANGALLO";"CANGALLO";"GOBIERNO REGIONAL";"II-1";"00003494";"HOSPITAL DE APOYO CANGALLO";"241600";"HOSPITALIZACIÓN QUIRÚRGICA OBSTETRICIA   ";"3";"3";"6";"5";"6";"186";"0"
"2023";"02";"050201";"AYACUCHO";"CANGALLO";"CANGALLO";"GOBIERNO REGIONAL";"II-1";"00003494";"HOSPITAL DE APOYO CANGALLO";"241800";"HOSPITALIZACIÓN DE MEDICINA MEDICINA GENERAL ";"1";"4";"17";"11";"4";"124";"0"
"2023";"02";"050201";"AYACUCHO";"CANGALLO";"CANGALLO";"GOBIERNO REGIONAL";"II-1";"00003494";"HOSPITAL DE APOYO CANGALLO";"242500";"HOSPITALIZACIÓN-PEDIATRÍA GENERAL-";"1";"1";"1";"52";"4";"124";"0"
"2023";"02";"070101";"CALLAO";"CALLAO";"CALLAO";"PRIVADO";"II-E";"00025535";"CLÍNICA  OQUENDO";"240000";"HOSPITALIZACIÓN";"65";"54";"60";"69";"17";"476";"0"
"2023";"03";"110101";"ICA";"ICA";"ICA";"SANIDAD DE LA POLICIA NACIONAL DEL PERU";"I-3";"00010900";"POLICLINICO POLICIAL ICA";"NE_0001";"";"NE_0001";"NE_0001";"NE_0001";"NE_0001";"NE_0001";"NE_0001";"NE_0001"
"2023";"03";"061105";"CAJAMARCA";"SAN MIGUEL";"EL PRADO";"GOBIERNO REGIONAL";"I-1";"00004540";"EL GUAYO";"NE_0001";"";"NE_0001";"NE_0001";"NE_0001";"NE_0001";"NE_0001";"NE_0001";"NE_0001"
"2023";"03";"061113";"CAJAMARCA";"SAN MIGUEL";"UNION AGUA BLANCA";"GOBIERNO REGIONAL";"I-1";"00004543";"LIVES";"NE_0001";"";"NE_0001";"NE_0001";"NE_0001";"NE_0001";"NE_0001";"NE_0001";"NE_0001"
"2023";"03";"061101";"CAJAMARCA";"SAN MIGUEL";"SAN MIGUEL";"GOBIERNO REGIONAL";"I-1";"00004541";"TANON CAMPO ALEGRE";"NE_0001";"";"NE_0001";"NE_0001";"NE_0001";"NE_0001";"NE_0001";"NE_0001";"NE_0001"
"2023";"03";"061105";"CAJAMARCA";"SAN MIGUEL";"EL PRADO";"GOBIERNO REGIONAL";"I-1";"00004542";"QUINDEN BAJO";"NE_0001";"";"NE_0001";"NE_0001";"NE_0001";"NE_0001";"NE_0001";"NE_0001";"NE_0001"
"2023";"03";"130504";"LA LIBERTAD";"JULCAN";"HUASO";"GOBIERNO REGIONAL";"I-2";"00006770";"CHINCHINVARA";"NE_0001";"";"NE_0001";"NE_0001";"NE_0001";"NE_0001";"NE_0001";"NE_0001";"NE_0001"
"2023";"03";"130504";"LA LIBERTAD";"JULCAN";"HUASO";"GOBIERNO REGIONAL";"I-4";"00005312";"HUASO";"NE_0001";"";"NE_0001";"NE_0001";"NE_0001";"NE_0001";"NE_0001";"NE_0001";"NE_0001"
"2023";"03";"130504";"LA LIBERTAD";"JULCAN";"HUASO";"GOBIERNO REGIONAL";"I-2";"00006772";"LA VEGA";"NE_0001";"";"NE_0001";"NE_0001";"NE_0001";"NE_0001";"NE_0001";"NE_0001";"NE_0001"
"2023";"03";"130504";"LA LIBERTAD";"JULCAN";"HUASO";"GOBIERNO REGIONAL";"I-1";"00016422";"LA UNION";"NE_0001";"";"NE_0001";"NE_0001";"NE_0001";"NE_0001";"NE_0001";"NE_0001";"NE_0001"
"2023";"03";"130504";"LA LIBERTAD";"JULCAN";"HUASO";"GOBIERNO REGIONAL";"I-2";"00005313";"PARASIVE";"NE_0002";"";"NE_0002";"NE_0002";"NE_0002";"NE_0002";"NE_0002";"NE_0002";"NE_0002"
"2023";"03";"130504";"LA LIBERTAD";"JULCAN";"HUASO";"GOBIERNO REGIONAL";"I-2";"00005335";"UNINGAMBAL";"NE_0001";"";"NE_0001";"NE_0001";"NE_0001";"NE_0001";"NE_0001";"NE_0001";"NE_0001"
"2023";"03";"130504";"LA LIBERTAD";"JULCAN";"HUASO";"GOBIERNO REGIONAL";"I-3";"00006771";"CANRAZ";"NE_0001";"";"NE_0001";"NE_0001";"NE_0001";"NE_0001";"NE_0001";"NE_0001";"NE_0001"
"2023";"03";"120301";"JUNIN";"CHANCHAMAYO";"CHANCHAMAYO";"ESSALUD";"II-1";"00008656";"HOSPITAL  SELVA CENTRAL Y ENFERMEDADES TROPICALES LA MERCED";"241800";"HOSPITALIZACIÓN DE MEDICINA MEDICINA GENERAL ";"52";"45";"214";"184";"9";"279";"3"
"2023";"03";"120301";"JUNIN";"CHANCHAMAYO";"CHANCHAMAYO";"ESSALUD";"II-1";"00008656";"HOSPITAL  SELVA CENTRAL Y ENFERMEDADES TROPICALES LA MERCED";"240100";"HOSPITALIZACIÓN QUIRÚRGICA CIRUGÍA GENERAL ";"71";"70";"218";"215";"10";"310";"0"
"2023";"03";"120301";"JUNIN";"CHANCHAMAYO";"CHANCHAMAYO";"ESSALUD";"II-1";"00008656";"HOSPITAL  SELVA CENTRAL Y ENFERMEDADES TROPICALES LA MERCED";"241500";"HOSPITALIZACIÓN QUIRÚRGICA GINECOLOGÍA  ";"6";"5";"15";"15";"2";"62";"0"
"2023";"03";"120301";"JUNIN";"CHANCHAMAYO";"CHANCHAMAYO";"ESSALUD";"II-1";"00008656";"HOSPITAL  SELVA CENTRAL Y ENFERMEDADES TROPICALES LA MERCED";"241600";"HOSPITALIZACIÓN QUIRÚRGICA OBSTETRICIA   ";"58";"56";"126";"125";"5";"155";"0"
"2023";"03";"120301";"JUNIN";"CHANCHAMAYO";"CHANCHAMAYO";"ESSALUD";"II-1";"00008656";"HOSPITAL  SELVA CENTRAL Y ENFERMEDADES TROPICALES LA MERCED";"242300";"HOSPITALIZACIÓN DE PEDIATRÍA  PEDIATRÍA  GENERAL ";"21";"18";"51";"48";"5";"155";"0"
"2023";"03";"080108";"CUSCO";"CUSCO";"WANCHAQ";"PRIVADO";"II-E";"00010023";"CORNEJO";"NE_0002";"";"NE_0002";"NE_0002";"NE_0002";"NE_0002";"NE_0002";"NE_0002";"NE_0002"
"2023";"03";"150110";"LIMA";"LIMA";"COMAS";"PRIVADO";"II-1";"00009144";"CLINICA MEDICA ZEGARRA S.A.C.";"242300";"HOSPITALIZACIÓN DE PEDIATRÍA  PEDIATRÍA  GENERAL ";"52";"66";"702";"11";"11";"205";"0"
"2023";"03";"150110";"LIMA";"LIMA";"COMAS";"PRIVADO";"II-1";"00009144";"CLINICA MEDICA ZEGARRA S.A.C.";"241800";"HOSPITALIZACIÓN DE MEDICINA MEDICINA GENERAL ";"37";"48";"216";"8";"8";"19";"0"
"2023";"03";"150110";"LIMA";"LIMA";"COMAS";"PRIVADO";"II-1";"00009144";"CLINICA MEDICA ZEGARRA S.A.C.";"241400";"HOSPITALIZACIÓN QUIRÚRGICA GINECO - OBSTETRICIA ";"16";"11";"96";"9";"11";"146";"0"
"2023";"03";"150110";"LIMA";"LIMA";"COMAS";"PRIVADO";"II-1";"00009144";"CLINICA MEDICA ZEGARRA S.A.C.";"240100";"HOSPITALIZACIÓN QUIRÚRGICA CIRUGÍA GENERAL ";"32";"24";"110";"11";"11";"158";"0"
"2023";"03";"150110";"LIMA";"LIMA";"COMAS";"PRIVADO";"II-1";"00009144";"CLINICA MEDICA ZEGARRA S.A.C.";"241200";"HOSPITALIZACIÓN QUIRÚRGICA TRAUMATOLOGÍA Y ORTOPEDIA ";"28";"24";"57";"15";"15";"65";"0"
"2023";"03";"150125";"LIMA";"LIMA";"PUENTE PIEDRA";"SANIDAD DE LA POLICIA NACIONAL DEL PERU";"I-2";"00012923";"POSTA MEDICA POLICIAL ETS  ESCUELA PUENTE PIEDRA";"NE_0002";"";"NE_0002";"NE_0002";"NE_0002";"NE_0002";"NE_0002";"NE_0002";"NE_0002"
"2023";"03";"150131";"LIMA";"LIMA";"SAN ISIDRO";"PRIVADO";"II-E";"00016397";"CLINICA ESPECIALIZADA EN CIRUGIA PLASTICA - DR. LUIS VIZCARRA / CIRUESTHETIC";"240800";"HOSPITALIZACIÓN QUIRÚRGICA CIRUGÍA PLÁSTICA/RECONSTRUCTIVA/ REPARADORA ";"6";"6";"0";"1";"2";"40";"0"
"2023";"03";"021905";"ANCASH";"SIHUAS";"CHINGALPO";"GOBIERNO REGIONAL";"I-1";"00001754";"PUESTO DE SALUD SAN MIGUEL";"NE_0002";"";"NE_0002";"NE_0002";"NE_0002";"NE_0002";"NE_0002";"NE_0002";"NE_0002"
"2023";"03";"021903";"ANCASH";"SIHUAS";"ALFONSO UGARTE";"GOBIERNO REGIONAL";"I-1";"00001805";"PUESTO DE SALUD ULLOLLUCO";"NE_0002";"";"NE_0002";"NE_0002";"NE_0002";"NE_0002";"NE_0002";"NE_0002";"NE_0002"
"2023";"03";"021907";"ANCASH";"SIHUAS";"QUICHES";"GOBIERNO REGIONAL";"I-1";"00001807";"PUESTO DE SALUD JOCOSBAMBA";"NE_0002";"";"NE_0002";"NE_0002";"NE_0002";"NE_0002";"NE_0002";"NE_0002";"NE_0002"
"2023";"03";"021907";"ANCASH";"SIHUAS";"QUICHES";"GOBIERNO REGIONAL";"I-3";"00001806";"CENTRO DE SALUD QUICHES";"NE_0002";"";"NE_0002";"NE_0002";"NE_0002";"NE_0002";"NE_0002";"NE_0002";"NE_0002"
"2023";"03";"040126";"AREQUIPA";"AREQUIPA";"YANAHUARA";"PRIVADO";"II-E";"00025732";"NOVA CLINICA QUIRURGICA";"240800";"HOSPITALIZACIÓN QUIRÚRGICA CIRUGÍA PLÁSTICA/RECONSTRUCTIVA/ REPARADORA ";"8";"8";"8";"8";"3";"62";"0"
"2023";"03";"150101";"LIMA";"LIMA";"LIMA";"PRIVADO";"I-2";"00018921";"ARIE";"NE_0002";"";"NE_0002";"NE_0002";"NE_0002";"NE_0002";"NE_0002";"NE_0002";"NE_0002"
"2023";"03";"131101";"LA LIBERTAD";"GRAN CHIMU";"CASCAS";"GOBIERNO REGIONAL";"II-1";"00005277";"HOSPITAL PROVINCIAL DE CASCAS";"241600";"HOSPITALIZACIÓN QUIRÚRGICA OBSTETRICIA   ";"15";"16";"51";"81";"10";"328";"0"
"2023";"03";"131101";"LA LIBERTAD";"GRAN CHIMU";"CASCAS";"GOBIERNO REGIONAL";"II-1";"00005277";"HOSPITAL PROVINCIAL DE CASCAS";"241800";"HOSPITALIZACIÓN DE MEDICINA MEDICINA GENERAL ";"9";"9";"35";"8";"6";"62";"0"
"2023";"03";"051005";"AYACUCHO";"VICTOR FAJARDO";"CANARIA";"GOBIERNO REGIONAL";"I-1";"00003825";"PUESTO DE SALUD RACCAYA";"NE_0001";"";"NE_0001";"NE_0001";"NE_0001";"NE_0001";"NE_0001";"NE_0001";"NE_0001"
"2023";"03";"051005";"AYACUCHO";"VICTOR FAJARDO";"CANARIA";"GOBIERNO REGIONAL";"I-1";"00003827";"PUESTO DE SALUD UMASI";"NE_0001";"";"NE_0001";"NE_0001";"NE_0001";"NE_0001";"NE_0001";"NE_0001";"NE_0001"
"2023";"03";"040109";"AREQUIPA";"AREQUIPA";"MARIANO MELGAR";"SANIDAD DEL EJERCITO DEL PERU";"II-1";"00018659";"HOSPITAL MILITAR DIVISIONARIO III DE AREQUIPA";"240000";"HOSPITALIZACIÓN";"13";"15";"250";"239";"26";"235";"0"
"2023";"03";"040109";"AREQUIPA";"AREQUIPA";"MARIANO MELGAR";"SANIDAD DEL EJERCITO DEL PERU";"II-1";"00018659";"HOSPITAL MILITAR DIVISIONARIO III DE AREQUIPA";"240000";"HOSPITALIZACIÓN";"30";"27";"98";"105";"8";"145";"0"
"2023";"03";"120804";"JUNIN";"YAULI";"MARCAPOMACOCHA";"GOBIERNO REGIONAL";"I-1";"00000562";"SAN FRANCISCO DE YANTAC";"NE_0001";"";"NE_0001";"NE_0001";"NE_0001";"NE_0001";"NE_0001";"NE_0001";"NE_0001"
"2023";"03";"120808";"JUNIN";"YAULI";"SANTA ROSA DE SACCO";"GOBIERNO REGIONAL";"I-1";"00021449";"JUAN PABLO II";"NE_0001";"";"NE_0001";"NE_0001";"NE_0001";"NE_0001";"NE_0001";"NE_0001";"NE_0001"
"2023";"03";"120802";"JUNIN";"YAULI";"CHACAPALPA";"GOBIERNO REGIONAL";"I-1";"00000429";"CHACAPALPA";"NE_0001";"";"NE_0001";"NE_0001";"NE_0001";"NE_0001";"NE_0001";"NE_0001";"NE_0001"
"2023";"03";"120806";"JUNIN";"YAULI";"PACCHA";"GOBIERNO REGIONAL";"I-2";"00000564";"PACCHA - LA OROYA";"NE_0001";"";"NE_0001";"NE_0001";"NE_0001";"NE_0001";"NE_0001";"NE_0001";"NE_0001"
"2023";"03";"200104";"PIURA";"PIURA";"CASTILLA";"ESSALUD";"I-3";"00010243";"CAP III CASTILLA";"NE_0001";"";"NE_0001";"NE_0001";"NE_0001";"NE_0001";"NE_0001";"NE_0001";"NE_0001"
"2023";"03";"060812";"CAJAMARCA";"JAEN";"SANTA ROSA";"GOBIERNO REGIONAL";"I-3";"00004261";"SANTA ROSA";"NE_0001";"";"NE_0001";"NE_0001";"NE_0001";"NE_0001";"NE_0001";"NE_0001";"NE_0001"
"2023";"03";"060812";"CAJAMARCA";"JAEN";"SANTA ROSA";"GOBIERNO REGIONAL";"I-1";"00004266";"SHUMBANA";"NE_0001";"";"NE_0001";"NE_0001";"NE_0001";"NE_0001";"NE_0001";"NE_0001";"NE_0001"
"2023";"03";"060812";"CAJAMARCA";"JAEN";"SANTA ROSA";"GOBIERNO REGIONAL";"I-1";"00004263";"PUYAYA";"NE_0001";"";"NE_0001";"NE_0001";"NE_0001";"NE_0001";"NE_0001";"NE_0001";"NE_0001"
"2023";"03";"060812";"CAJAMARCA";"JAEN";"SANTA ROSA";"GOBIERNO REGIONAL";"I-2";"00004264";"MONTANGO";"NE_0001";"";"NE_0001";"NE_0001";"NE_0001";"NE_0001";"NE_0001";"NE_0001";"NE_0001"
"2023";"03";"060607";"CAJAMARCA";"CUTERVO";"QUEROCOTILLO";"GOBIERNO REGIONAL";"I-1";"00007099";"AGUA BLANCA";"NE_0001";"";"NE_0001";"NE_0001";"NE_0001";"NE_0001";"NE_0001";"NE_0001";"NE_0001"
"2023";"03";"060607";"CAJAMARCA";"CUTERVO";"QUEROCOTILLO";"GOBIERNO REGIONAL";"I-1";"00007365";"MINAS DE QUEROCOTILLO";"NE_0001";"";"NE_0001";"NE_0001";"NE_0001";"NE_0001";"NE_0001";"NE_0001";"NE_0001"
"2023";"03";"060607";"CAJAMARCA";"CUTERVO";"QUEROCOTILLO";"GOBIERNO REGIONAL";"I-1";"00005009";"QUIPAYUC";"NE_0001";"";"NE_0001";"NE_0001";"NE_0001";"NE_0001";"NE_0001";"NE_0001";"NE_0001"
"2023";"03";"060607";"CAJAMARCA";"CUTERVO";"QUEROCOTILLO";"GOBIERNO REGIONAL";"I-1";"00006941";"MARAYBAMBA ALTO";"NE_0001";"";"NE_0001";"NE_0001";"NE_0001";"NE_0001";"NE_0001";"NE_0001";"NE_0001"
"2023";"03";"060607";"CAJAMARCA";"CUTERVO";"QUEROCOTILLO";"GOBIERNO REGIONAL";"I-1";"00007226";"LA SUCCHA DE QUEROCOTILLO";"NE_0001";"";"NE_0001";"NE_0001";"NE_0001";"NE_0001";"NE_0001";"NE_0001";"NE_0001"
"2023";"01";"150130";"LIMA";"LIMA";"SAN BORJA";"PRIVADO";"I-2";"00024872";"LINE CONTROL CENTER";"NE_0001";"";"NE_0001";"NE_0001";"NE_0001";"NE_0001";"NE_0001";"NE_0001";"NE_0001"
"2023";"01";"060108";"CAJAMARCA";"CAJAMARCA";"LOS BAÑOS DEL INCA";"ESSALUD";"I-3";"00010821";"CENTRO DE ATENCION PRIMARIA II";"NE_0001";"";"NE_0001";"NE_0001";"NE_0001";"NE_0001";"NE_0001";"NE_0001";"NE_0001"
"2023";"02";"040414";"AREQUIPA";"CASTILLA";"VIRACO";"GOBIERNO REGIONAL";"I-1";"00006766";"PUESTO DE SALUD HUAMI";"NE_0001";"";"NE_0001";"NE_0001";"NE_0001";"NE_0001";"NE_0001";"NE_0001";"NE_0001"
"2023";"02";"040414";"AREQUIPA";"CASTILLA";"VIRACO";"GOBIERNO REGIONAL";"I-3";"00001386";"CENTRO DE SALUD VIRACO";"NE_0001";"";"NE_0001";"NE_0001";"NE_0001";"NE_0001";"NE_0001";"NE_0001";"NE_0001"
"2023";"02";"060612";"CAJAMARCA";"CUTERVO";"SANTO DOMINGO DE LA CAPILLA";"GOBIERNO REGIONAL";"I-1";"00006861";"CHAUPECRUZ";"NE_0001";"";"NE_0001";"NE_0001";"NE_0001";"NE_0001";"NE_0001";"NE_0001";"NE_0001"
"2023";"02";"060602";"CAJAMARCA";"CUTERVO";"CALLAYUC";"GOBIERNO REGIONAL";"I-1";"00004963";"SANTA CLARA";"NE_0001";"";"NE_0001";"NE_0001";"NE_0001";"NE_0001";"NE_0001";"NE_0001";"NE_0001"
"2023";"02";"060612";"CAJAMARCA";"CUTERVO";"SANTO DOMINGO DE LA CAPILLA";"GOBIERNO REGIONAL";"I-1";"00005004";"SAN PEDRO DE LA CAPILLA";"NE_0001";"";"NE_0001";"NE_0001";"NE_0001";"NE_0001";"NE_0001";"NE_0001";"NE_0001"
"2023";"02";"060612";"CAJAMARCA";"CUTERVO";"SANTO DOMINGO DE LA CAPILLA";"GOBIERNO REGIONAL";"I-1";"00006960";"PAN DE AZUCAR";"NE_0001";"";"NE_0001";"NE_0001";"NE_0001";"NE_0001";"NE_0001";"NE_0001";"NE_0001"
"2023";"02";"060612";"CAJAMARCA";"CUTERVO";"SANTO DOMINGO DE LA CAPILLA";"GOBIERNO REGIONAL";"I-1";"00007370";"CEDROPAMPA";"NE_0001";"";"NE_0001";"NE_0001";"NE_0001";"NE_0001";"NE_0001";"NE_0001";"NE_0001"
"2023";"02";"060612";"CAJAMARCA";"CUTERVO";"SANTO DOMINGO DE LA CAPILLA";"GOBIERNO REGIONAL";"I-1";"00005005";"SANTA ROSA DE LA CAPILLA";"NE_0001";"";"NE_0001";"NE_0001";"NE_0001";"NE_0001";"NE_0001";"NE_0001";"NE_0001"
"2023";"02";"060612";"CAJAMARCA";"CUTERVO";"SANTO DOMINGO DE LA CAPILLA";"GOBIERNO REGIONAL";"I-1";"00006862";"PALO QUEMADO";"NE_0001";"";"NE_0001";"NE_0001";"NE_0001";"NE_0001";"NE_0001";"NE_0001";"NE_0001"
"2023";"02";"060612";"CAJAMARCA";"CUTERVO";"SANTO DOMINGO DE LA CAPILLA";"GOBIERNO REGIONAL";"I-1";"00006958";"PLAYA HERMOZA";"NE_0001";"";"NE_0001";"NE_0001";"NE_0001";"NE_0001";"NE_0001";"NE_0001";"NE_0001"
"2023";"02";"060612";"CAJAMARCA";"CUTERVO";"SANTO DOMINGO DE LA CAPILLA";"GOBIERNO REGIONAL";"I-3";"00005002";"STO. DOMINGO DE LA CAPILLA";"NE_0001";"";"NE_0001";"NE_0001";"NE_0001";"NE_0001";"NE_0001";"NE_0001";"NE_0001"
"2023";"02";"060612";"CAJAMARCA";"CUTERVO";"SANTO DOMINGO DE LA CAPILLA";"GOBIERNO REGIONAL";"I-1";"00005003";"MIRAFLORES";"NE_0001";"";"NE_0001";"NE_0001";"NE_0001";"NE_0001";"NE_0001";"NE_0001";"NE_0001"
"2023";"02";"070101";"CALLAO";"CALLAO";"CALLAO";"PRIVADO";"0";"00016115";"DIAGNOCENTRO OLAZ";"NE_0001";"";"NE_0001";"NE_0001";"NE_0001";"NE_0001";"NE_0001";"NE_0001";"NE_0001"
"2023";"02";"180301";"MOQUEGUA";"ILO";"ILO";"GOBIERNO REGIONAL";"II-1";"00002818";"HOSPITAL ILO";"240100";"HOSPITALIZACIÓN QUIRÚRGICA CIRUGÍA GENERAL ";"15";"15";"39";"91";"9";"252";"0"
"2023";"02";"180301";"MOQUEGUA";"ILO";"ILO";"GOBIERNO REGIONAL";"II-1";"00002818";"HOSPITAL ILO";"241800";"HOSPITALIZACIÓN DE MEDICINA MEDICINA GENERAL ";"19";"19";"86";"106";"30";"840";"1"
"2023";"02";"180301";"MOQUEGUA";"ILO";"ILO";"GOBIERNO REGIONAL";"II-1";"00002818";"HOSPITAL ILO";"242500";"HOSPITALIZACIÓN-PEDIATRÍA GENERAL-";"16";"16";"42";"69";"4";"112";"0"
"2023";"02";"180301";"MOQUEGUA";"ILO";"ILO";"GOBIERNO REGIONAL";"II-1";"00002818";"HOSPITAL ILO";"241500";"HOSPITALIZACIÓN QUIRÚRGICA GINECOLOGÍA  ";"8";"8";"34";"62";"3";"84";"0"
"2023";"02";"180301";"MOQUEGUA";"ILO";"ILO";"GOBIERNO REGIONAL";"II-1";"00002818";"HOSPITAL ILO";"243200";"HOSPITALIZACIÓN DE PEDIATRÍA PEDIATRIA NEONATOLOGÍA";"10";"10";"18";"19";"3";"84";"0"
"2023";"02";"180301";"MOQUEGUA";"ILO";"ILO";"GOBIERNO REGIONAL";"II-1";"00002818";"HOSPITAL ILO";"241400";"HOSPITALIZACIÓN QUIRÚRGICA GINECO - OBSTETRICIA ";"26";"26";"72";"122";"7";"196";"0"
"2023";"02";"180301";"MOQUEGUA";"ILO";"ILO";"GOBIERNO REGIONAL";"II-1";"00002818";"HOSPITAL ILO";"241600";"HOSPITALIZACIÓN QUIRÚRGICA OBSTETRICIA   ";"66";"66";"143";"196";"10";"280";"0"
"2023";"02";"060612";"CAJAMARCA";"CUTERVO";"SANTO DOMINGO DE LA CAPILLA";"GOBIERNO REGIONAL";"I-1";"00006863";"NARANJOS";"NE_0001";"";"NE_0001";"NE_0001";"NE_0001";"NE_0001";"NE_0001";"NE_0001";"NE_0001"
"2023";"02";"060612";"CAJAMARCA";"CUTERVO";"SANTO DOMINGO DE LA CAPILLA";"GOBIERNO REGIONAL";"I-1";"00006864";"NARANJOYACU";"NE_0001";"";"NE_0001";"NE_0001";"NE_0001";"NE_0001";"NE_0001";"NE_0001";"NE_0001"
"2023";"02";"060612";"CAJAMARCA";"CUTERVO";"SANTO DOMINGO DE LA CAPILLA";"GOBIERNO REGIONAL";"I-1";"00008924";"NUEVO ORIENTE DE LA CAPILLA";"NE_0001";"";"NE_0001";"NE_0001";"NE_0001";"NE_0001";"NE_0001";"NE_0001";"NE_0001"
"2023";"02";"061001";"CAJAMARCA";"SAN MARCOS";"PEDRO GALVEZ";"ESSALUD";"I-2";"00010275";"POSTA MEDICA DE SAN MARCOS";"NE_0001";"";"NE_0001";"NE_0001";"NE_0001";"NE_0001";"NE_0001";"NE_0001";"NE_0001"
"2023";"02";"060306";"CAJAMARCA";"CELENDIN";"JOSE GALVEZ";"GOBIERNO REGIONAL";"I-1";"00004486";"FRAYLECOCHA";"NE_0001";"";"NE_0001";"NE_0001";"NE_0001";"NE_0001";"NE_0001";"NE_0001";"NE_0001"
"2023";"02";"060308";"CAJAMARCA";"CELENDIN";"OXAMARCA";"GOBIERNO REGIONAL";"I-2";"00004483";"PIOBAMBA";"NE_0001";"";"NE_0001";"NE_0001";"NE_0001";"NE_0001";"NE_0001";"NE_0001";"NE_0001"
"2023";"02";"060308";"CAJAMARCA";"CELENDIN";"OXAMARCA";"GOBIERNO REGIONAL";"I-2";"00004484";"OXAMARCA";"NE_0001";"";"NE_0001";"NE_0001";"NE_0001";"NE_0001";"NE_0001";"NE_0001";"NE_0001"
"2023";"02";"060310";"CAJAMARCA";"CELENDIN";"SUCRE";"GOBIERNO REGIONAL";"I-3";"00004482";"SUCRE";"NE_0001";"";"NE_0001";"NE_0001";"NE_0001";"NE_0001";"NE_0001";"NE_0001";"NE_0001"
"2023";"02";"060310";"CAJAMARCA";"CELENDIN";"SUCRE";"GOBIERNO REGIONAL";"I-1";"00009084";"VIGASPAMPA";"NE_0001";"";"NE_0001";"NE_0001";"NE_0001";"NE_0001";"NE_0001";"NE_0001";"NE_0001"
"2023";"02";"060310";"CAJAMARCA";"CELENDIN";"SUCRE";"GOBIERNO REGIONAL";"I-1";"00004485";"CALCONGA";"NE_0001";"";"NE_0001";"NE_0001";"NE_0001";"NE_0001";"NE_0001";"NE_0001";"NE_0001"
"2023";"02";"060305";"CAJAMARCA";"CELENDIN";"JORGE CHAVEZ";"GOBIERNO REGIONAL";"I-1";"00004487";"JORGE CHAVEZ";"NE_0001";"";"NE_0001";"NE_0001";"NE_0001";"NE_0001";"NE_0001";"NE_0001";"NE_0001"
"2023";"02";"060306";"CAJAMARCA";"CELENDIN";"JOSE GALVEZ";"GOBIERNO REGIONAL";"I-2";"00004488";"JOSE GALVEZ";"NE_0001";"";"NE_0001";"NE_0001";"NE_0001";"NE_0001";"NE_0001";"NE_0001";"NE_0001"
"2023";"02";"060308";"CAJAMARCA";"CELENDIN";"OXAMARCA";"GOBIERNO REGIONAL";"I-1";"00009046";"MINASCONGA";"NE_0001";"";"NE_0001";"NE_0001";"NE_0001";"NE_0001";"NE_0001";"NE_0001";"NE_0001"
"2023";"02";"220506";"SAN MARTIN";"LAMAS";"PINTO RECODO";"GOBIERNO REGIONAL";"I-1";"00006409";"PINTO RECODO";"NE_0001";"";"NE_0001";"NE_0001";"NE_0001";"NE_0001";"NE_0001";"NE_0001";"NE_0001"
"2023";"02";"120113";"JUNIN";"HUANCAYO";"CULLHUAS";"GOBIERNO REGIONAL";"I-2";"00000615";"CULLHUAS";"NE_0001";"";"NE_0001";"NE_0001";"NE_0001";"NE_0001";"NE_0001";"NE_0001";"NE_0001"
"2023";"02";"120133";"JUNIN";"HUANCAYO";"SAPALLANGA";"GOBIERNO REGIONAL";"I-1";"00000632";"MILUCHACA";"NE_0001";"";"NE_0001";"NE_0001";"NE_0001";"NE_0001";"NE_0001";"NE_0001";"NE_0001"
"2023";"02";"120133";"JUNIN";"HUANCAYO";"SAPALLANGA";"GOBIERNO REGIONAL";"I-1";"00000633";"MIRAFLORES";"NE_0001";"";"NE_0001";"NE_0001";"NE_0001";"NE_0001";"NE_0001";"NE_0001";"NE_0001"
"2023";"02";"060615";"CAJAMARCA";"CUTERVO";"TORIBIO CASANOVA";"GOBIERNO REGIONAL";"I-1";"00005017";"PERLAMAYO";"NE_0001";"";"NE_0001";"NE_0001";"NE_0001";"NE_0001";"NE_0001";"NE_0001";"NE_0001"
"2023";"02";"050401";"AYACUCHO";"HUANTA";"HUANTA";"GOBIERNO REGIONAL";"II-1";"00003655";"HOSPITAL DE APOYO DE HUANTA ""DANIEL ALCIDES CARRIÓN""";"241800";"HOSPITALIZACIÓN DE MEDICINA MEDICINA GENERAL ";"31";"24";"106";"114";"30";"367";"1"
"2023";"02";"050401";"AYACUCHO";"HUANTA";"HUANTA";"GOBIERNO REGIONAL";"II-1";"00003655";"HOSPITAL DE APOYO DE HUANTA ""DANIEL ALCIDES CARRIÓN""";"240100";"HOSPITALIZACIÓN QUIRÚRGICA CIRUGÍA GENERAL ";"45";"47";"159";"173";"14";"362";"0"
"2023";"02";"050401";"AYACUCHO";"HUANTA";"HUANTA";"GOBIERNO REGIONAL";"II-1";"00003655";"HOSPITAL DE APOYO DE HUANTA ""DANIEL ALCIDES CARRIÓN""";"242500";"HOSPITALIZACIÓN-PEDIATRÍA GENERAL-";"7";"9";"51";"52";"10";"300";"0"
"2023";"02";"050401";"AYACUCHO";"HUANTA";"HUANTA";"GOBIERNO REGIONAL";"II-1";"00003655";"HOSPITAL DE APOYO DE HUANTA ""DANIEL ALCIDES CARRIÓN""";"241500";"HOSPITALIZACIÓN QUIRÚRGICA GINECOLOGÍA  ";"46";"24";"48";"55";"6";"243";"0"
"2023";"03";"110501";"ICA";"PISCO";"PISCO";"SANIDAD DE LA POLICIA NACIONAL DEL PERU";"I-2";"00011400";"POSTA MEDICA POLICIAL PISCO";"NE_0001";"";"NE_0001";"NE_0001";"NE_0001";"NE_0001";"NE_0001";"NE_0001";"NE_0001"
"2023";"03";"120301";"JUNIN";"CHANCHAMAYO";"CHANCHAMAYO";"SANIDAD DE LA POLICIA NACIONAL DEL PERU";"I-2";"00011913";"POSTA MEDICA POLICIAL LA MERCED";"NE_0001";"";"NE_0001";"NE_0001";"NE_0001";"NE_0001";"NE_0001";"NE_0001";"NE_0001"
"2023";"03";"051104";"AYACUCHO";"VILCAS HUAMAN";"CONCEPCION";"GOBIERNO REGIONAL";"I-1";"00003851";"PUESTO DE SALUD SAN ANTONIO ASTANYA";"NE_0001";"";"NE_0001";"NE_0001";"NE_0001";"NE_0001";"NE_0001";"NE_0001";"NE_0001"
"2023";"03";"051108";"AYACUCHO";"VILCAS HUAMAN";"VISCHONGO";"GOBIERNO REGIONAL";"I-1";"00006614";"PUESTO DE SALUD POMACOCHA";"NE_0001";"";"NE_0001";"NE_0001";"NE_0001";"NE_0001";"NE_0001";"NE_0001";"NE_0001"
"2023";"03";"051108";"AYACUCHO";"VILCAS HUAMAN";"VISCHONGO";"GOBIERNO REGIONAL";"I-1";"00027647";"PUESTO DE SALUD SAN LORENZO DE ÑUÑUNHUAYCCO";"NE_0001";"";"NE_0001";"NE_0001";"NE_0001";"NE_0001";"NE_0001";"NE_0001";"NE_0001"
"2023";"03";"051102";"AYACUCHO";"VILCAS HUAMAN";"ACCOMARCA";"GOBIERNO REGIONAL";"I-2";"00003841";"PUESTO DE SALUD ACCOMARCA";"NE_0001";"";"NE_0001";"NE_0001";"NE_0001";"NE_0001";"NE_0001";"NE_0001";"NE_0001"
"2023";"03";"051102";"AYACUCHO";"VILCAS HUAMAN";"ACCOMARCA";"GOBIERNO REGIONAL";"I-1";"00003842";"PUESTO DE SALUD HUARCAS";"NE_0001";"";"NE_0001";"NE_0001";"NE_0001";"NE_0001";"NE_0001";"NE_0001";"NE_0001"
"2023";"03";"051101";"AYACUCHO";"VILCAS HUAMAN";"VILCAS HUAMAN";"GOBIERNO REGIONAL";"I-4";"00003847";"CENTRO DE SALUD VILCASHUAMAN";"NE_0001";"";"NE_0001";"NE_0001";"NE_0001";"NE_0001";"NE_0001";"NE_0001";"NE_0001"
"2023";"03";"051106";"AYACUCHO";"VILCAS HUAMAN";"INDEPENDENCIA";"GOBIERNO REGIONAL";"I-2";"00003844";"PUESTO DE SALUD PACCHAHUALLHUA";"NE_0001";"";"NE_0001";"NE_0001";"NE_0001";"NE_0001";"NE_0001";"NE_0001";"NE_0001"
"2023";"03";"051101";"AYACUCHO";"VILCAS HUAMAN";"VILCAS HUAMAN";"GOBIERNO REGIONAL";"I-1";"00003849";"POMATAMBO";"NE_0001";"";"NE_0001";"NE_0001";"NE_0001";"NE_0001";"NE_0001";"NE_0001";"NE_0001"
"2023";"03";"051104";"AYACUCHO";"VILCAS HUAMAN";"CONCEPCION";"GOBIERNO REGIONAL";"I-2";"00003852";"PUESTO DE SALUD CONCEPCION";"NE_0001";"";"NE_0001";"NE_0001";"NE_0001";"NE_0001";"NE_0001";"NE_0001";"NE_0001"
"2023";"03";"051105";"AYACUCHO";"VILCAS HUAMAN";"HUAMBALPA";"GOBIERNO REGIONAL";"I-2";"00006605";"PUESTO DE SALUD HUAMBALPA";"NE_0001";"";"NE_0001";"NE_0001";"NE_0001";"NE_0001";"NE_0001";"NE_0001";"NE_0001"
"2023";"03";"051108";"AYACUCHO";"VILCAS HUAMAN";"VISCHONGO";"GOBIERNO REGIONAL";"I-1";"00006611";"PUESTO DE SALUD DE CHIRIBAMBA";"NE_0001";"";"NE_0001";"NE_0001";"NE_0001";"NE_0001";"NE_0001";"NE_0001";"NE_0001"
"2023";"03";"060804";"CAJAMARCA";"JAEN";"COLASAY";"GOBIERNO REGIONAL";"I-1";"00004240";"CUYCA";"NE_0001";"";"NE_0001";"NE_0001";"NE_0001";"NE_0001";"NE_0001";"NE_0001";"NE_0001"
"2023";"03";"060808";"CAJAMARCA";"JAEN";"PUCARA";"GOBIERNO REGIONAL";"I-4";"00004249";"PUCARA";"241800";"HOSPITALIZACIÓN DE MEDICINA MEDICINA GENERAL ";"11";"11";"11";"11";"08";"88";"0"
"2023";"03";"060808";"CAJAMARCA";"JAEN";"PUCARA";"GOBIERNO REGIONAL";"I-4";"00004249";"PUCARA";"241600";"HOSPITALIZACIÓN QUIRÚRGICA OBSTETRICIA   ";"5";"5";"5";"5";"04";"20";"0"
"2023";"03";"150202";"LIMA";"BARRANCA";"PARAMONGA";"ESSALUD";"I-3";"00010394";"CENTRO DE ATENCION PRIMARIA II PARAMONGA";"NE_0001";"";"NE_0001";"NE_0001";"NE_0001";"NE_0001";"NE_0001";"NE_0001";"NE_0001"
"2023";"03";"150122";"LIMA";"LIMA";"MIRAFLORES";"PRIVADO";"II-E";"00028941";"Instituto de Glaucoma y Catarata";"NE_0001";"";"NE_0001";"NE_0001";"NE_0001";"NE_0001";"NE_0001";"NE_0001";"NE_0001"
"2023";"03";"060601";"CAJAMARCA";"CUTERVO";"CUTERVO";"GOBIERNO REGIONAL";"II-1";"00004981";"SANTA MARIA DE CUTERVO";"240100";"HOSPITALIZACIÓN QUIRÚRGICA CIRUGÍA GENERAL ";"48";"56";"188";"171";"7";"217";"0"
"2023";"03";"060601";"CAJAMARCA";"CUTERVO";"CUTERVO";"GOBIERNO REGIONAL";"II-1";"00004981";"SANTA MARIA DE CUTERVO";"241400";"HOSPITALIZACIÓN QUIRÚRGICA GINECO - OBSTETRICIA ";"116";"124";"221";"203";"9";"279";"0"
"2023";"03";"060601";"CAJAMARCA";"CUTERVO";"CUTERVO";"GOBIERNO REGIONAL";"II-1";"00004981";"SANTA MARIA DE CUTERVO";"241800";"HOSPITALIZACIÓN DE MEDICINA MEDICINA GENERAL ";"23";"29";"163";"176";"6";"186";"2"
"2023";"03";"060601";"CAJAMARCA";"CUTERVO";"CUTERVO";"GOBIERNO REGIONAL";"II-1";"00004981";"SANTA MARIA DE CUTERVO";"242500";"HOSPITALIZACIÓN-PEDIATRÍA GENERAL-";"44";"45";"107";"82";"4";"124";"0"
"2023";"03";"150136";"LIMA";"LIMA";"SAN MIGUEL";"PRIVADO";"II-2";"00011401";"CLINICA SAN JUDAS TADEO";"240000";"HOSPITALIZACIÓN";"369";"321";"1001";"1146";"54";"1674";"4"
"2023";"03";"100101";"HUANUCO";"HUANUCO";"HUANUCO";"PRIVADO";"II-E";"00011592";"CLINICA HUANUCO E-I-R-LTDA.";"241400";"HOSPITALIZACIÓN QUIRÚRGICA GINECO - OBSTETRICIA ";"13";"13";"31";"31";"3";"59";"0"
"2023";"03";"100101";"HUANUCO";"HUANUCO";"HUANUCO";"PRIVADO";"II-E";"00011592";"CLINICA HUANUCO E-I-R-LTDA.";"241200";"HOSPITALIZACIÓN QUIRÚRGICA TRAUMATOLOGÍA Y ORTOPEDIA ";"16";"16";"45";"45";"3";"50";"0"
"2023";"03";"100101";"HUANUCO";"HUANUCO";"HUANUCO";"PRIVADO";"II-E";"00011592";"CLINICA HUANUCO E-I-R-LTDA.";"241300";"HOSPITALIZACIÓN QUIRÚRGICA UROLOGÍA  ";"12";"12";"51";"51";"3";"60";"0"
"2023";"03";"100101";"HUANUCO";"HUANUCO";"HUANUCO";"PRIVADO";"II-E";"00011592";"CLINICA HUANUCO E-I-R-LTDA.";"240100";"HOSPITALIZACIÓN QUIRÚRGICA CIRUGÍA GENERAL ";"18";"18";"35";"35";"3";"55";"0"
"2023";"03";"100101";"HUANUCO";"HUANUCO";"HUANUCO";"PRIVADO";"II-E";"00011592";"CLINICA HUANUCO E-I-R-LTDA.";"245400";"HOSPITALIZACIÓN DE MEDICINA GINECOLOGIA ";"3";"3";"9";"9";"2";"51";"0"
"2023";"03";"100101";"HUANUCO";"HUANUCO";"HUANUCO";"PRIVADO";"II-E";"00011592";"CLINICA HUANUCO E-I-R-LTDA.";"241900";"HOSPITALIZACIÓN DE MEDICINA MEDICINA INTERNA ";"9";"9";"30";"30";"2";"60";"0"
"2023";"03";"100101";"HUANUCO";"HUANUCO";"HUANUCO";"PRIVADO";"II-E";"00011592";"CLINICA HUANUCO E-I-R-LTDA.";"242300";"HOSPITALIZACIÓN DE PEDIATRÍA  PEDIATRÍA  GENERAL ";"3";"3";"8";"8";"2";"50";"0"
"2023";"03";"100101";"HUANUCO";"HUANUCO";"HUANUCO";"PRIVADO";"II-E";"00011592";"CLINICA HUANUCO E-I-R-LTDA.";"240700";"HOSPITALIZACIÓN QUIRÚRGICA CIRUGÍA PEDIÁTRICA ";"6";"6";"18";"18";"2";"42";"0"
"2023";"03";"100101";"HUANUCO";"HUANUCO";"HUANUCO";"PRIVADO";"II-E";"00011592";"CLINICA HUANUCO E-I-R-LTDA.";"241100";"HOSPITALIZACIÓN QUIRÚRGICA OTORRINOLARINGOLOGÍA  ";"5";"5";"8";"8";"2";"50";"0"
"2023";"03";"050401";"AYACUCHO";"HUANTA";"HUANTA";"SANIDAD DE LA POLICIA NACIONAL DEL PERU";"I-2";"00011437";"POSTA MEDICA PNP HUANTA";"NE_0001";"";"NE_0001";"NE_0001";"NE_0001";"NE_0001";"NE_0001";"NE_0001";"NE_0001"
"2023";"03";"021801";"ANCASH";"SANTA";"CHIMBOTE";"SANIDAD DE LA POLICIA NACIONAL DEL PERU";"I-3";"00017690";"POLICLINICO PNP CHIMBOTE";"NE_0001";"";"NE_0001";"NE_0001";"NE_0001";"NE_0001";"NE_0001";"NE_0001";"NE_0001"
"2023";"03";"150101";"LIMA";"LIMA";"LIMA";"PRIVADO";"II-1";"00016291";"HOSPITAL MEGASALUD UNIVERSAL";"240000";"HOSPITALIZACIÓN";"106";"64";"231";"212";"22";"682";"1"
"2023";"02";"150101";"LIMA";"LIMA";"LIMA";"MINSA";"III-1";"00006206";"NACIONAL  DOS DE MAYO";"241800";"HOSPITALIZACIÓN DE MEDICINA MEDICINA GENERAL ";"451";"506";"7128";"7261";"300";"8400";"39"
"2023";"02";"150101";"LIMA";"LIMA";"LIMA";"MINSA";"III-1";"00006206";"NACIONAL  DOS DE MAYO";"240100";"HOSPITALIZACIÓN QUIRÚRGICA CIRUGÍA GENERAL ";"215";"249";"2139";"2083";"80";"2240";"1"
"2023";"02";"150101";"LIMA";"LIMA";"LIMA";"MINSA";"III-1";"00006206";"NACIONAL  DOS DE MAYO";"241200";"HOSPITALIZACIÓN QUIRÚRGICA TRAUMATOLOGÍA Y ORTOPEDIA ";"44";"50";"754";"851";"36";"1008";"0"
"2023";"02";"150101";"LIMA";"LIMA";"LIMA";"MINSA";"III-1";"00006206";"NACIONAL  DOS DE MAYO";"241300";"HOSPITALIZACIÓN QUIRÚRGICA UROLOGÍA  ";"46";"55";"465";"427";"34";"952";"0"
"2023";"01";"120603";"JUNIN";"SATIPO";"LLAYLLA";"GOBIERNO REGIONAL";"I-1";"00000433";"BELEN";"NE_0002";"";"NE_0002";"NE_0002";"NE_0002";"NE_0002";"NE_0002";"NE_0002";"NE_0002"
"2023";"01";"120604";"JUNIN";"SATIPO";"MAZAMARI";"GOBIERNO REGIONAL";"I-2";"00000436";"PUEBLO LIBRE DE PAURIALI";"NE_0002";"";"NE_0002";"NE_0002";"NE_0002";"NE_0002";"NE_0002";"NE_0002";"NE_0002"
"2023";"01";"120604";"JUNIN";"SATIPO";"MAZAMARI";"GOBIERNO REGIONAL";"I-1";"00016911";"BUENOS AIRES";"NE_0002";"";"NE_0002";"NE_0002";"NE_0002";"NE_0002";"NE_0002";"NE_0002";"NE_0002"
"2023";"01";"120603";"JUNIN";"SATIPO";"LLAYLLA";"GOBIERNO REGIONAL";"I-3";"00000490";"LLAYLLA";"NE_0002";"";"NE_0002";"NE_0002";"NE_0002";"NE_0002";"NE_0002";"NE_0002";"NE_0002"
"2023";"01";"120603";"JUNIN";"SATIPO";"LLAYLLA";"GOBIERNO REGIONAL";"I-2";"00000491";"HERMOSA PAMPA";"NE_0002";"";"NE_0002";"NE_0002";"NE_0002";"NE_0002";"NE_0002";"NE_0002";"NE_0002"
"2023";"01";"120606";"JUNIN";"SATIPO";"PANGOA";"GOBIERNO REGIONAL";"I-1";"00000439";"SAN CRISTOBAL";"NE_0002";"";"NE_0002";"NE_0002";"NE_0002";"NE_0002";"NE_0002";"NE_0002";"NE_0002"
"2023";"01";"120604";"JUNIN";"SATIPO";"MAZAMARI";"GOBIERNO REGIONAL";"I-1";"00016909";"TEORIA";"NE_0002";"";"NE_0002";"NE_0002";"NE_0002";"NE_0002";"NE_0002";"NE_0002";"NE_0002"
"2023";"01";"120604";"JUNIN";"SATIPO";"MAZAMARI";"GOBIERNO REGIONAL";"I-4";"00000434";"MAZAMARI";"241600";"HOSPITALIZACIÓN QUIRÚRGICA OBSTETRICIA   ";"55";"55";"114";"114";"6";"186";"0"
"2023";"01";"120604";"JUNIN";"SATIPO";"MAZAMARI";"GOBIERNO REGIONAL";"I-4";"00000434";"MAZAMARI";"241800";"HOSPITALIZACIÓN DE MEDICINA MEDICINA GENERAL ";"17";"18";"59";"59";"8";"248";"0"
"2023";"01";"120604";"JUNIN";"SATIPO";"MAZAMARI";"GOBIERNO REGIONAL";"I-4";"00000434";"MAZAMARI";"242500";"HOSPITALIZACIÓN-PEDIATRÍA GENERAL-";"5";"5";"14";"14";"6";"186";"0"
"2023";"01";"120604";"JUNIN";"SATIPO";"MAZAMARI";"GOBIERNO REGIONAL";"I-2";"00000437";"PANGA";"NE_0002";"";"NE_0002";"NE_0002";"NE_0002";"NE_0002";"NE_0002";"NE_0002";"NE_0002"
"2023";"01";"120606";"JUNIN";"SATIPO";"PANGOA";"GOBIERNO REGIONAL";"I-3";"00000438";"TZIRIARI";"NE_0002";"";"NE_0002";"NE_0002";"NE_0002";"NE_0002";"NE_0002";"NE_0002";"NE_0002"
"2023";"01";"120604";"JUNIN";"SATIPO";"MAZAMARI";"GOBIERNO REGIONAL";"I-2";"00000435";"CAPIRUSHARI";"NE_0002";"";"NE_0002";"NE_0002";"NE_0002";"NE_0002";"NE_0002";"NE_0002";"NE_0002"
"2023";"01";"120604";"JUNIN";"SATIPO";"MAZAMARI";"GOBIERNO REGIONAL";"I-1";"00016908";"GLORIABAMBA";"NE_0002";"";"NE_0002";"NE_0002";"NE_0002";"NE_0002";"NE_0002";"NE_0002";"NE_0002"
"2023";"01";"120604";"JUNIN";"SATIPO";"MAZAMARI";"GOBIERNO REGIONAL";"I-1";"00016912";"VILLA PROGRESO DE EDEN";"NE_0002";"";"NE_0002";"NE_0002";"NE_0002";"NE_0002";"NE_0002";"NE_0002";"NE_0002"
"2023";"01";"120606";"JUNIN";"SATIPO";"PANGOA";"GOBIERNO REGIONAL";"I-3";"00000443";"SAN RAMON DE PANGOA";"NE_0001";"";"NE_0001";"NE_0001";"NE_0001";"NE_0001";"NE_0001";"NE_0001";"NE_0001"
"2023";"01";"120606";"JUNIN";"SATIPO";"PANGOA";"GOBIERNO REGIONAL";"I-1";"00000456";"SANTA ROSA ALTO KIATARI";"NE_0001";"";"NE_0001";"NE_0001";"NE_0001";"NE_0001";"NE_0001";"NE_0001";"NE_0001"
"2023";"01";"120606";"JUNIN";"SATIPO";"PANGOA";"GOBIERNO REGIONAL";"I-2";"00000444";"CHAVINI";"NE_0001";"";"NE_0001";"NE_0001";"NE_0001";"NE_0001";"NE_0001";"NE_0001";"NE_0001"
"2023";"01";"120606";"JUNIN";"SATIPO";"PANGOA";"GOBIERNO REGIONAL";"I-1";"00000458";"VILCABAMBA";"NE_0001";"";"NE_0001";"NE_0001";"NE_0001";"NE_0001";"NE_0001";"NE_0001";"NE_0001"
"2023";"01";"131101";"LA LIBERTAD";"GRAN CHIMU";"CASCAS";"GOBIERNO REGIONAL";"II-1";"00005277";"HOSPITAL PROVINCIAL DE CASCAS";"241600";"HOSPITALIZACIÓN QUIRÚRGICA OBSTETRICIA   ";"23";"23";"47";"5";"10";"379";"0"
"2023";"01";"131101";"LA LIBERTAD";"GRAN CHIMU";"CASCAS";"GOBIERNO REGIONAL";"II-1";"00005277";"HOSPITAL PROVINCIAL DE CASCAS";"241800";"HOSPITALIZACIÓN DE MEDICINA MEDICINA GENERAL ";"13";"12";"38";"8";"6";"62";"0"
"2023";"01";"050201";"AYACUCHO";"CANGALLO";"CANGALLO";"GOBIERNO REGIONAL";"II-1";"00003494";"HOSPITAL DE APOYO CANGALLO";"240100";"HOSPITALIZACIÓN QUIRÚRGICA CIRUGÍA GENERAL ";"21";"21";"100";"77";"4";"124";"0"
"2023";"01";"050201";"AYACUCHO";"CANGALLO";"CANGALLO";"GOBIERNO REGIONAL";"II-1";"00003494";"HOSPITAL DE APOYO CANGALLO";"241800";"HOSPITALIZACIÓN DE MEDICINA MEDICINA GENERAL ";"9";"9";"32";"46";"4";"124";"0"
"2023";"01";"050201";"AYACUCHO";"CANGALLO";"CANGALLO";"GOBIERNO REGIONAL";"II-1";"00003494";"HOSPITAL DE APOYO CANGALLO";"242500";"HOSPITALIZACIÓN-PEDIATRÍA GENERAL-";"1";"1";"6";"9";"4";"124";"0"
"2023";"01";"050201";"AYACUCHO";"CANGALLO";"CANGALLO";"GOBIERNO REGIONAL";"II-1";"00003494";"HOSPITAL DE APOYO CANGALLO";"241600";"HOSPITALIZACIÓN QUIRÚRGICA OBSTETRICIA   ";"7";"7";"14";"13";"6";"186";"0"
"2023";"01";"050201";"AYACUCHO";"CANGALLO";"CANGALLO";"GOBIERNO REGIONAL";"II-1";"00003494";"HOSPITAL DE APOYO CANGALLO";"241400";"HOSPITALIZACIÓN QUIRÚRGICA GINECO - OBSTETRICIA ";"13";"13";"26";"17";"2";"62";"0"
"2023";"01";"130101";"LA LIBERTAD";"TRUJILLO";"TRUJILLO";"GOBIERNO REGIONAL";"II-1";"00005204";"HOSPITAL DE ESPECIALIDADES BASICAS LA NORIA";"243200";"HOSPITALIZACIÓN DE PEDIATRÍA PEDIATRIA NEONATOLOGÍA";"4";"4";"9";"9";"4";"124";"0"
"2023";"01";"130101";"LA LIBERTAD";"TRUJILLO";"TRUJILLO";"GOBIERNO REGIONAL";"II-1";"00005204";"HOSPITAL DE ESPECIALIDADES BASICAS LA NORIA";"241400";"HOSPITALIZACIÓN QUIRÚRGICA GINECO - OBSTETRICIA ";"46";"46";"69";"69";"8";"248";"0"
"2023";"01";"130101";"LA LIBERTAD";"TRUJILLO";"TRUJILLO";"GOBIERNO REGIONAL";"II-1";"00005204";"HOSPITAL DE ESPECIALIDADES BASICAS LA NORIA";"241600";"HOSPITALIZACIÓN QUIRÚRGICA OBSTETRICIA   ";"16";"16";"21";"21";"8";"248";"0"
"2023";"01";"130101";"LA LIBERTAD";"TRUJILLO";"TRUJILLO";"GOBIERNO REGIONAL";"II-1";"00005204";"HOSPITAL DE ESPECIALIDADES BASICAS LA NORIA";"240100";"HOSPITALIZACIÓN QUIRÚRGICA CIRUGÍA GENERAL ";"18";"15";"31";"37";"4";"124";"0"
"2023";"01";"150122";"LIMA";"LIMA";"MIRAFLORES";"PRIVADO";"0";"00023901";"INSTITUTO DE GAMMA KNIFE DEL PACIFICO SAC";"NE_0001";"";"NE_0001";"NE_0001";"NE_0001";"NE_0001";"NE_0001";"NE_0001";"NE_0001"
"2023";"01";"120114";"JUNIN";"HUANCAYO";"EL TAMBO";"PRIVADO";"II-E";"00028966";"CLÍNICA ESPECIALIZADA MIRANDA";"241200";"HOSPITALIZACIÓN QUIRÚRGICA TRAUMATOLOGÍA Y ORTOPEDIA ";"12";"12";"12";"24";"8";"24";"0"
"2023";"01";"120114";"JUNIN";"HUANCAYO";"EL TAMBO";"PRIVADO";"II-E";"00028966";"CLÍNICA ESPECIALIZADA MIRANDA";"245400";"HOSPITALIZACIÓN DE MEDICINA GINECOLOGIA ";"4";"4";"4";"8";"8";"10";"0"
"2023";"01";"120114";"JUNIN";"HUANCAYO";"EL TAMBO";"PRIVADO";"II-E";"00028966";"CLÍNICA ESPECIALIZADA MIRANDA";"240100";"HOSPITALIZACIÓN QUIRÚRGICA CIRUGÍA GENERAL ";"11";"11";"11";"22";"8";"22";"0"
"2023";"01";"120114";"JUNIN";"HUANCAYO";"EL TAMBO";"PRIVADO";"II-E";"00028966";"CLÍNICA ESPECIALIZADA MIRANDA";"241300";"HOSPITALIZACIÓN QUIRÚRGICA UROLOGÍA  ";"2";"2";"2";"4";"8";"11";"0"
"2023";"01";"040701";"AREQUIPA";"ISLAY";"MOLLENDO";"GOBIERNO REGIONAL";"I-2";"00001447";"PUESTO DE SALUD VILLA LOURDES";"NE_0001";"";"NE_0001";"NE_0001";"NE_0001";"NE_0001";"NE_0001";"NE_0001";"NE_0001"
"2023";"01";"040705";"AREQUIPA";"ISLAY";"MEJIA";"GOBIERNO REGIONAL";"I-2";"00001448";"PUESTO DE SALUD MEJIA";"NE_0001";"";"NE_0001";"NE_0001";"NE_0001";"NE_0001";"NE_0001";"NE_0001";"NE_0001"
"2023";"01";"040701";"AREQUIPA";"ISLAY";"MOLLENDO";"GOBIERNO REGIONAL";"I-4";"00001444";"CENTRO DE SALUD ALTO INCLAN";"241600";"HOSPITALIZACIÓN QUIRÚRGICA OBSTETRICIA   ";"5";"5";"5";"1";"5";"150";"0"
"2023";"01";"040701";"AREQUIPA";"ISLAY";"MOLLENDO";"GOBIERNO REGIONAL";"I-4";"00001444";"CENTRO DE SALUD ALTO INCLAN";"241800";"HOSPITALIZACIÓN DE MEDICINA MEDICINA GENERAL ";"5";"5";"6";"1";"11";"330";"0"
"2023";"01";"040704";"AREQUIPA";"ISLAY";"ISLAY";"GOBIERNO REGIONAL";"I-3";"00001443";"CENTRO DE SALUD MATARANI";"NE_0001";"";"NE_0001";"NE_0001";"NE_0001";"NE_0001";"NE_0001";"NE_0001";"NE_0001"
"2023";"01";"040104";"AREQUIPA";"AREQUIPA";"CERRO COLORADO";"GOBIERNO REGIONAL";"I-3";"00001238";"CENTRO DE SALUD MARISCAL CASTILLA";"NE_0001";"";"NE_0001";"NE_0001";"NE_0001";"NE_0001";"NE_0001";"NE_0001";"NE_0001"
"2023";"01";"040104";"AREQUIPA";"AREQUIPA";"CERRO COLORADO";"GOBIERNO REGIONAL";"I-3";"00001249";"CENTRO DE SALUD SEMI RURAL PACHACUTEC";"NE_0001";"";"NE_0001";"NE_0001";"NE_0001";"NE_0001";"NE_0001";"NE_0001";"NE_0001"
"2023";"01";"040104";"AREQUIPA";"AREQUIPA";"CERRO COLORADO";"GOBIERNO REGIONAL";"I-2";"00001250";"PUESTO DE SALUD JOSE SANTOS ATAHUALPA";"NE_0001";"";"NE_0001";"NE_0001";"NE_0001";"NE_0001";"NE_0001";"NE_0001";"NE_0001"
"2023";"01";"040104";"AREQUIPA";"AREQUIPA";"CERRO COLORADO";"GOBIERNO REGIONAL";"I-1";"00001252";"PUESTO DE SALUD EL CURAL";"NE_0001";"";"NE_0001";"NE_0001";"NE_0001";"NE_0001";"NE_0001";"NE_0001";"NE_0001"
"2023";"02";"051107";"AYACUCHO";"VILCAS HUAMAN";"SAURAMA";"GOBIERNO REGIONAL";"I-1";"00003846";"PUESTO DE SALUD SAURAMA";"NE_0001";"";"NE_0001";"NE_0001";"NE_0001";"NE_0001";"NE_0001";"NE_0001";"NE_0001"
"2023";"02";"051108";"AYACUCHO";"VILCAS HUAMAN";"VISCHONGO";"GOBIERNO REGIONAL";"I-3";"00006609";"CENTRO DE SALUD VISCHONGO";"NE_0001";"";"NE_0001";"NE_0001";"NE_0001";"NE_0001";"NE_0001";"NE_0001";"NE_0001"
"2023";"02";"051108";"AYACUCHO";"VILCAS HUAMAN";"VISCHONGO";"GOBIERNO REGIONAL";"I-1";"00006612";"PUESTO DE SALUD PALLCCACANCHA";"NE_0001";"";"NE_0001";"NE_0001";"NE_0001";"NE_0001";"NE_0001";"NE_0001";"NE_0001"
"2023";"02";"051103";"AYACUCHO";"VILCAS HUAMAN";"CARHUANCA";"GOBIERNO REGIONAL";"I-2";"00003845";"PUESTO DE SALUD CARHUANCA";"NE_0001";"";"NE_0001";"NE_0001";"NE_0001";"NE_0001";"NE_0001";"NE_0001";"NE_0001"
"2023";"02";"051108";"AYACUCHO";"VILCAS HUAMAN";"VISCHONGO";"GOBIERNO REGIONAL";"I-1";"00006613";"PUESTO DE SALUD PATAHUASI";"NE_0001";"";"NE_0001";"NE_0001";"NE_0001";"NE_0001";"NE_0001";"NE_0001";"NE_0001"
"2023";"02";"051105";"AYACUCHO";"VILCAS HUAMAN";"HUAMBALPA";"GOBIERNO REGIONAL";"I-1";"00006606";"PUESTO DE SALUD SAN ANTONIO DE COCHAS";"NE_0001";"";"NE_0001";"NE_0001";"NE_0001";"NE_0001";"NE_0001";"NE_0001";"NE_0001"
"2023";"02";"051101";"AYACUCHO";"VILCAS HUAMAN";"VILCAS HUAMAN";"GOBIERNO REGIONAL";"I-1";"00011416";"PUESTO DE SALUD COLPAPAMPA";"NE_0001";"";"NE_0001";"NE_0001";"NE_0001";"NE_0001";"NE_0001";"NE_0001";"NE_0001"
"2023";"02";"051101";"AYACUCHO";"VILCAS HUAMAN";"VILCAS HUAMAN";"GOBIERNO REGIONAL";"I-1";"00003848";"PUESTO DE SALUD HUACCAÑA";"NE_0001";"";"NE_0001";"NE_0001";"NE_0001";"NE_0001";"NE_0001";"NE_0001";"NE_0001"
"2023";"02";"051101";"AYACUCHO";"VILCAS HUAMAN";"VILCAS HUAMAN";"GOBIERNO REGIONAL";"I-1";"00003850";"PUESTO DE SALUD SAN FRANCISCO DE PUJAS";"NE_0001";"";"NE_0001";"NE_0001";"NE_0001";"NE_0001";"NE_0001";"NE_0001";"NE_0001"
"2023";"02";"051102";"AYACUCHO";"VILCAS HUAMAN";"ACCOMARCA";"GOBIERNO REGIONAL";"I-1";"00003843";"PUESTO DE SALUD PONGOCOCHA";"NE_0001";"";"NE_0001";"NE_0001";"NE_0001";"NE_0001";"NE_0001";"NE_0001";"NE_0001"
"2023";"02";"051104";"AYACUCHO";"VILCAS HUAMAN";"CONCEPCION";"GOBIERNO REGIONAL";"I-1";"00003851";"PUESTO DE SALUD SAN ANTONIO ASTANYA";"NE_0001";"";"NE_0001";"NE_0001";"NE_0001";"NE_0001";"NE_0001";"NE_0001";"NE_0001"
"2023";"02";"051108";"AYACUCHO";"VILCAS HUAMAN";"VISCHONGO";"GOBIERNO REGIONAL";"I-1";"00006614";"PUESTO DE SALUD POMACOCHA";"NE_0001";"";"NE_0001";"NE_0001";"NE_0001";"NE_0001";"NE_0001";"NE_0001";"NE_0001"
"2023";"02";"051108";"AYACUCHO";"VILCAS HUAMAN";"VISCHONGO";"GOBIERNO REGIONAL";"I-1";"00027647";"PUESTO DE SALUD SAN LORENZO DE ÑUÑUNHUAYCCO";"NE_0001";"";"NE_0001";"NE_0001";"NE_0001";"NE_0001";"NE_0001";"NE_0001";"NE_0001"
"2023";"02";"051102";"AYACUCHO";"VILCAS HUAMAN";"ACCOMARCA";"GOBIERNO REGIONAL";"I-2";"00003841";"PUESTO DE SALUD ACCOMARCA";"NE_0001";"";"NE_0001";"NE_0001";"NE_0001";"NE_0001";"NE_0001";"NE_0001";"NE_0001"
"2023";"02";"051102";"AYACUCHO";"VILCAS HUAMAN";"ACCOMARCA";"GOBIERNO REGIONAL";"I-1";"00003842";"PUESTO DE SALUD HUARCAS";"NE_0001";"";"NE_0001";"NE_0001";"NE_0001";"NE_0001";"NE_0001";"NE_0001";"NE_0001"
"2023";"02";"051101";"AYACUCHO";"VILCAS HUAMAN";"VILCAS HUAMAN";"GOBIERNO REGIONAL";"I-4";"00003847";"CENTRO DE SALUD VILCASHUAMAN";"NE_0001";"";"NE_0001";"NE_0001";"NE_0001";"NE_0001";"NE_0001";"NE_0001";"NE_0001"
"2023";"02";"051106";"AYACUCHO";"VILCAS HUAMAN";"INDEPENDENCIA";"GOBIERNO REGIONAL";"I-2";"00003844";"PUESTO DE SALUD PACCHAHUALLHUA";"NE_0001";"";"NE_0001";"NE_0001";"NE_0001";"NE_0001";"NE_0001";"NE_0001";"NE_0001"
"2023";"02";"051101";"AYACUCHO";"VILCAS HUAMAN";"VILCAS HUAMAN";"GOBIERNO REGIONAL";"I-1";"00003849";"POMATAMBO";"NE_0001";"";"NE_0001";"NE_0001";"NE_0001";"NE_0001";"NE_0001";"NE_0001";"NE_0001"
"2023";"02";"051104";"AYACUCHO";"VILCAS HUAMAN";"CONCEPCION";"GOBIERNO REGIONAL";"I-2";"00003852";"PUESTO DE SALUD CONCEPCION";"NE_0001";"";"NE_0001";"NE_0001";"NE_0001";"NE_0001";"NE_0001";"NE_0001";"NE_0001"
"2023";"02";"051105";"AYACUCHO";"VILCAS HUAMAN";"HUAMBALPA";"GOBIERNO REGIONAL";"I-2";"00006605";"PUESTO DE SALUD HUAMBALPA";"NE_0001";"";"NE_0001";"NE_0001";"NE_0001";"NE_0001";"NE_0001";"NE_0001";"NE_0001"
"2023";"02";"051108";"AYACUCHO";"VILCAS HUAMAN";"VISCHONGO";"GOBIERNO REGIONAL";"I-1";"00006611";"PUESTO DE SALUD DE CHIRIBAMBA";"NE_0001";"";"NE_0001";"NE_0001";"NE_0001";"NE_0001";"NE_0001";"NE_0001";"NE_0001"
"2023";"02";"150110";"LIMA";"LIMA";"COMAS";"ESSALUD";"II-1";"00027565";"Hospital I Marino Molina Scippa - EsSalud";"241800";"HOSPITALIZACIÓN DE MEDICINA MEDICINA GENERAL ";"101";"101";"861";"833";"30";"840";"8"
"2023";"02";"150110";"LIMA";"LIMA";"COMAS";"ESSALUD";"II-1";"00027565";"Hospital I Marino Molina Scippa - EsSalud";"240100";"HOSPITALIZACIÓN QUIRÚRGICA CIRUGÍA GENERAL ";"149";"153";"432";"445";"19";"532";"0"
"2023";"02";"150110";"LIMA";"LIMA";"COMAS";"ESSALUD";"II-1";"00027565";"Hospital I Marino Molina Scippa - EsSalud";"241600";"HOSPITALIZACIÓN QUIRÚRGICA OBSTETRICIA   ";"301";"297";"729";"728";"26";"728";"0"
"2023";"02";"150110";"LIMA";"LIMA";"COMAS";"ESSALUD";"II-1";"00027565";"Hospital I Marino Molina Scippa - EsSalud";"241500";"HOSPITALIZACIÓN QUIRÚRGICA GINECOLOGÍA  ";"18";"18";"78";"77";"3";"84";"0"
"2023";"02";"150110";"LIMA";"LIMA";"COMAS";"ESSALUD";"II-1";"00027565";"Hospital I Marino Molina Scippa - EsSalud";"242300";"HOSPITALIZACIÓN DE PEDIATRÍA  PEDIATRÍA  GENERAL ";"50";"55";"244";"233";"10";"280";"0"
"2023";"02";"150110";"LIMA";"LIMA";"COMAS";"ESSALUD";"II-1";"00027565";"Hospital I Marino Molina Scippa - EsSalud";"243200";"HOSPITALIZACIÓN DE PEDIATRÍA PEDIATRIA NEONATOLOGÍA";"54";"52";"180";"185";"7";"196";"0"
"2023";"02";"060805";"CAJAMARCA";"JAEN";"HUABAL";"GOBIERNO REGIONAL";"I-1";"00013849";"SANTA ROSA DE HUABAL";"NE_0001";"";"NE_0001";"NE_0001";"NE_0001";"NE_0001";"NE_0001";"NE_0001";"NE_0001"
"2023";"02";"060805";"CAJAMARCA";"JAEN";"HUABAL";"GOBIERNO REGIONAL";"I-1";"00004243";"LA ESPERANZA";"NE_0001";"";"NE_0001";"NE_0001";"NE_0001";"NE_0001";"NE_0001";"NE_0001";"NE_0001"
"2023";"02";"060805";"CAJAMARCA";"JAEN";"HUABAL";"GOBIERNO REGIONAL";"I-1";"00016136";"CAJONES";"NE_0001";"";"NE_0001";"NE_0001";"NE_0001";"NE_0001";"NE_0001";"NE_0001";"NE_0001"
"2023";"02";"060805";"CAJAMARCA";"JAEN";"HUABAL";"GOBIERNO REGIONAL";"I-1";"00004242";"SAN FRANCISCO DE ASIS";"NE_0001";"";"NE_0001";"NE_0001";"NE_0001";"NE_0001";"NE_0001";"NE_0001";"NE_0001"
"2023";"02";"060805";"CAJAMARCA";"JAEN";"HUABAL";"GOBIERNO REGIONAL";"I-1";"00007124";"CORAZON DE JESUS";"NE_0001";"";"NE_0001";"NE_0001";"NE_0001";"NE_0001";"NE_0001";"NE_0001";"NE_0001"
"2023";"02";"060805";"CAJAMARCA";"JAEN";"HUABAL";"GOBIERNO REGIONAL";"I-2";"00007687";"HUACO";"NE_0001";"";"NE_0001";"NE_0001";"NE_0001";"NE_0001";"NE_0001";"NE_0001";"NE_0001"
"2023";"02";"060805";"CAJAMARCA";"JAEN";"HUABAL";"GOBIERNO REGIONAL";"I-3";"00004241";"HUABAL";"NE_0001";"";"NE_0001";"NE_0001";"NE_0001";"NE_0001";"NE_0001";"NE_0001";"NE_0001"
"2023";"02";"060805";"CAJAMARCA";"JAEN";"HUABAL";"GOBIERNO REGIONAL";"I-1";"00023956";"LA HUACA";"NE_0001";"";"NE_0001";"NE_0001";"NE_0001";"NE_0001";"NE_0001";"NE_0001";"NE_0001"
"2023";"02";"060805";"CAJAMARCA";"JAEN";"HUABAL";"GOBIERNO REGIONAL";"I-1";"00024938";"SAN PABLO";"NE_0001";"";"NE_0001";"NE_0001";"NE_0001";"NE_0001";"NE_0001";"NE_0001";"NE_0001"
"2023";"02";"150132";"LIMA";"LIMA";"SAN JUAN DE LURIGANCHO";"ESSALUD";"II-1";"00008317";"HOSPITAL AURELIO DIAZ UFANO Y PERAL";"240100";"HOSPITALIZACIÓN QUIRÚRGICA CIRUGÍA GENERAL ";"86";"88";"180";"176";"8";"210";"0"
"2023";"02";"150132";"LIMA";"LIMA";"SAN JUAN DE LURIGANCHO";"ESSALUD";"II-1";"00008317";"HOSPITAL AURELIO DIAZ UFANO Y PERAL";"241400";"HOSPITALIZACIÓN QUIRÚRGICA GINECO - OBSTETRICIA ";"21";"23";"66";"59";"2";"69";"0"
"2023";"02";"150132";"LIMA";"LIMA";"SAN JUAN DE LURIGANCHO";"ESSALUD";"II-1";"00008317";"HOSPITAL AURELIO DIAZ UFANO Y PERAL";"241600";"HOSPITALIZACIÓN QUIRÚRGICA OBSTETRICIA   ";"169";"160";"294";"290";"13";"351";"0"
"2023";"01";"100501";"HUANUCO";"HUAMALIES";"LLATA";"ESSALUD";"I-3";"00027591";"POSTA MEDICA LLATA";"NE_0001";"";"NE_0001";"NE_0001";"NE_0001";"NE_0001";"NE_0001";"NE_0001";"NE_0001"
"2023";"01";"080501";"CUSCO";"CANAS";"YANAOCA";"GOBIERNO REGIONAL";"I-2";"00018241";"HAMPATURA";"NE_0001";"";"NE_0001";"NE_0001";"NE_0001";"NE_0001";"NE_0001";"NE_0001";"NE_0001"
"2023";"01";"080506";"CUSCO";"CANAS";"PAMPAMARCA";"GOBIERNO REGIONAL";"I-2";"00002372";"PAMPAMARCA";"NE_0001";"";"NE_0001";"NE_0001";"NE_0001";"NE_0001";"NE_0001";"NE_0001";"NE_0001"
"2023";"01";"080508";"CUSCO";"CANAS";"TUPAC AMARU";"GOBIERNO REGIONAL";"I-1";"00002375";"SURIMANA";"NE_0001";"";"NE_0001";"NE_0001";"NE_0001";"NE_0001";"NE_0001";"NE_0001";"NE_0001"
"2023";"01";"080507";"CUSCO";"CANAS";"QUEHUE";"GOBIERNO REGIONAL";"I-2";"00002373";"QUEHUE";"NE_0001";"";"NE_0001";"NE_0001";"NE_0001";"NE_0001";"NE_0001";"NE_0001";"NE_0001"
"2023";"01";"080501";"CUSCO";"CANAS";"YANAOCA";"GOBIERNO REGIONAL";"I-4";"00002364";"YANAOCA";"NE_0001";"";"NE_0001";"NE_0001";"NE_0001";"NE_0001";"NE_0001";"NE_0001";"NE_0001"
"2023";"01";"080508";"CUSCO";"CANAS";"TUPAC AMARU";"GOBIERNO REGIONAL";"I-2";"00002376";"TUNGASUCA";"NE_0001";"";"NE_0001";"NE_0001";"NE_0001";"NE_0001";"NE_0001";"NE_0001";"NE_0001"
"2023";"01";"080501";"CUSCO";"CANAS";"YANAOCA";"GOBIERNO REGIONAL";"I-2";"00002365";"PONGOÑA";"NE_0001";"";"NE_0001";"NE_0001";"NE_0001";"NE_0001";"NE_0001";"NE_0001";"NE_0001"
"2023";"01";"080507";"CUSCO";"CANAS";"QUEHUE";"GOBIERNO REGIONAL";"I-2";"00002374";"HUINCHIRI";"NE_0001";"";"NE_0001";"NE_0001";"NE_0001";"NE_0001";"NE_0001";"NE_0001";"NE_0001"
"2023";"01";"080508";"CUSCO";"CANAS";"TUPAC AMARU";"GOBIERNO REGIONAL";"I-1";"00002377";"TOCCOCCORI";"NE_0001";"";"NE_0001";"NE_0001";"NE_0001";"NE_0001";"NE_0001";"NE_0001";"NE_0001"
"2023";"02";"120601";"JUNIN";"SATIPO";"SATIPO";"SANIDAD DE LA POLICIA NACIONAL DEL PERU";"I-2";"00011485";"POSTA MEDICA POLICIAL SATIPO";"NE_0001";"";"NE_0001";"NE_0001";"NE_0001";"NE_0001";"NE_0001";"NE_0001";"NE_0001"
"2023";"02";"150140";"LIMA";"LIMA";"SANTIAGO DE SURCO";"PRIVADO";"II-E";"00011110";"CLINICA CAMPBELL";"240800";"HOSPITALIZACIÓN QUIRÚRGICA CIRUGÍA PLÁSTICA/RECONSTRUCTIVA/ REPARADORA ";"8";"8";"8";"8";"2";"60";"0"
"2023";"02";"060801";"CAJAMARCA";"JAEN";"JAEN";"ESSALUD";"II-1";"00010136";"HOSPITAL II-1 CLINICA JAEN";"241800";"HOSPITALIZACIÓN DE MEDICINA MEDICINA GENERAL ";"51";"50";"179";"179";"11";"315";"0"
"2023";"02";"060801";"CAJAMARCA";"JAEN";"JAEN";"ESSALUD";"II-1";"00010136";"HOSPITAL II-1 CLINICA JAEN";"240100";"HOSPITALIZACIÓN QUIRÚRGICA CIRUGÍA GENERAL ";"51";"48";"162";"157";"9";"218";"0"
"2023";"02";"060801";"CAJAMARCA";"JAEN";"JAEN";"ESSALUD";"II-1";"00010136";"HOSPITAL II-1 CLINICA JAEN";"241400";"HOSPITALIZACIÓN QUIRÚRGICA GINECO - OBSTETRICIA ";"50";"44";"119";"91";"6";"185";"0"
"2023";"02";"060801";"CAJAMARCA";"JAEN";"JAEN";"ESSALUD";"II-1";"00010136";"HOSPITAL II-1 CLINICA JAEN";"242300";"HOSPITALIZACIÓN DE PEDIATRÍA  PEDIATRÍA  GENERAL ";"48";"51";"111";"90";"6";"178";"0"
"2023";"02";"150141";"LIMA";"LIMA";"SURQUILLO";"PRIVADO";"II-E";"00012020";"CLINICA OFTALMOLOGICA ESPECIALIZADA ÑAHUI";"NE_0001";"";"NE_0001";"NE_0001";"NE_0001";"NE_0001";"NE_0001";"NE_0001";"NE_0001"
"2023";"02";"210111";"PUNO";"PUNO";"PICHACANI";"ESSALUD";"I-3";"00025342";"CAP I LARAQUERI";"NE_0001";"";"NE_0001";"NE_0001";"NE_0001";"NE_0001";"NE_0001";"NE_0001";"NE_0001"
"2023";"02";"210101";"PUNO";"PUNO";"PUNO";"ESSALUD";"I-3";"00009217";"CENTRO DE ATENCION PRIMARIA III METROPOLITANO DE PUNO";"NE_0001";"";"NE_0001";"NE_0001";"NE_0001";"NE_0001";"NE_0001";"NE_0001";"NE_0001"
"2023";"02";"130908";"LA LIBERTAD";"SANCHEZ CARRION";"SARTIMBAMBA";"GOBIERNO REGIONAL";"I-2";"00005363";"SARTIMBAMBA";"NE_0001";"";"NE_0001";"NE_0001";"NE_0001";"NE_0001";"NE_0001";"NE_0001";"NE_0001"
"2023";"02";"130908";"LA LIBERTAD";"SANCHEZ CARRION";"SARTIMBAMBA";"GOBIERNO REGIONAL";"I-2";"00005364";"SAN ALFONSO";"NE_0001";"";"NE_0001";"NE_0001";"NE_0001";"NE_0001";"NE_0001";"NE_0001";"NE_0001"
"2023";"02";"130908";"LA LIBERTAD";"SANCHEZ CARRION";"SARTIMBAMBA";"GOBIERNO REGIONAL";"I-2";"00005365";"MARCABAL GRANDE";"NE_0001";"";"NE_0001";"NE_0001";"NE_0001";"NE_0001";"NE_0001";"NE_0001";"NE_0001"
"2023";"02";"130908";"LA LIBERTAD";"SANCHEZ CARRION";"SARTIMBAMBA";"GOBIERNO REGIONAL";"I-2";"00017925";"LA VICTORIA";"NE_0001";"";"NE_0001";"NE_0001";"NE_0001";"NE_0001";"NE_0001";"NE_0001";"NE_0001"
"2023";"02";"021303";"ANCASH";"MARISCAL LUZURIAGA";"ELEAZAR GUZMAN BARRON";"GOBIERNO REGIONAL";"I-1";"00001786";"PUESTO DE SALUD PAMPACHACRA";"NE_0002";"";"NE_0002";"NE_0002";"NE_0002";"NE_0002";"NE_0002";"NE_0002";"NE_0002"
"2023";"02";"021303";"ANCASH";"MARISCAL LUZURIAGA";"ELEAZAR GUZMAN BARRON";"GOBIERNO REGIONAL";"I-1";"00001787";"PUESTO DE SALUD PUMPA";"NE_0002";"";"NE_0002";"NE_0002";"NE_0002";"NE_0002";"NE_0002";"NE_0002";"NE_0002"
"2023";"02";"021305";"ANCASH";"MARISCAL LUZURIAGA";"LLAMA";"GOBIERNO REGIONAL";"I-2";"00001788";"PUESTO DE SALUD LLAMA";"NE_0002";"";"NE_0002";"NE_0002";"NE_0002";"NE_0002";"NE_0002";"NE_0002";"NE_0002"
"2023";"02";"021304";"ANCASH";"MARISCAL LUZURIAGA";"FIDEL OLIVAS ESCUDERO";"GOBIERNO REGIONAL";"I-1";"00001793";"PUESTO DE SALUD SANASHGAN";"NE_0002";"";"NE_0002";"NE_0002";"NE_0002";"NE_0002";"NE_0002";"NE_0002";"NE_0002"
"2023";"02";"120135";"JUNIN";"HUANCAYO";"SANTO DOMINGO DE ACOBAMBA";"GOBIERNO REGIONAL";"I-2";"00000744";"YUNCACHAQUICOCHA";"NE_0001";"";"NE_0001";"NE_0001";"NE_0001";"NE_0001";"NE_0001";"NE_0001";"NE_0001"
"2023";"02";"120135";"JUNIN";"HUANCAYO";"SANTO DOMINGO DE ACOBAMBA";"GOBIERNO REGIONAL";"I-1";"00007082";"HUANCAMAYO";"NE_0001";"";"NE_0001";"NE_0001";"NE_0001";"NE_0001";"NE_0001";"NE_0001";"NE_0001"
"2023";"02";"120135";"JUNIN";"HUANCAYO";"SANTO DOMINGO DE ACOBAMBA";"GOBIERNO REGIONAL";"I-1";"00012468";"LA NUEVA LIBERTAD DE PUNTO";"NE_0001";"";"NE_0001";"NE_0001";"NE_0001";"NE_0001";"NE_0001";"NE_0001";"NE_0001"
"2023";"02";"120203";"JUNIN";"CONCEPCION";"ANDAMARCA";"GOBIERNO REGIONAL";"I-1";"00019793";"HUANUCO";"NE_0001";"";"NE_0001";"NE_0001";"NE_0001";"NE_0001";"NE_0001";"NE_0001";"NE_0001"
"2023";"02";"120135";"JUNIN";"HUANCAYO";"SANTO DOMINGO DE ACOBAMBA";"GOBIERNO REGIONAL";"I-1";"00000668";"PAURAN ATICOCHA";"NE_0001";"";"NE_0001";"NE_0001";"NE_0001";"NE_0001";"NE_0001";"NE_0001";"NE_0001"
"2023";"02";"120135";"JUNIN";"HUANCAYO";"SANTO DOMINGO DE ACOBAMBA";"GOBIERNO REGIONAL";"I-1";"00023381";"YANABAMBA";"NE_0001";"";"NE_0001";"NE_0001";"NE_0001";"NE_0001";"NE_0001";"NE_0001";"NE_0001"
"2023";"02";"120135";"JUNIN";"HUANCAYO";"SANTO DOMINGO DE ACOBAMBA";"GOBIERNO REGIONAL";"I-1";"00024779";"DURAZNO PATA";"NE_0001";"";"NE_0001";"NE_0001";"NE_0001";"NE_0001";"NE_0001";"NE_0001";"NE_0001"
"2023";"02";"150120";"LIMA";"LIMA";"MAGDALENA DEL MAR";"PRIVADO";"II-E";"00023022";"CLINICA AVANSALUD";"240000";"HOSPITALIZACIÓN";"58";"55";"102";"52";"4";"341";"0"
"2023";"02";"150130";"LIMA";"LIMA";"SAN BORJA";"PRIVADO";"II-E";"00018626";"OFTALMICA S.A";"NE_0001";"";"NE_0001";"NE_0001";"NE_0001";"NE_0001";"NE_0001";"NE_0001";"NE_0001"
"2023";"02";"190113";"PASCO";"PASCO";"YANACANCHA";"MINSA";"II-2";"00000979";"HOSPITAL REGIONAL DR. DANIEL ALCIDES CARRION GARCIA";"240100";"HOSPITALIZACIÓN QUIRÚRGICA CIRUGÍA GENERAL ";"67";"75";"300";"292";"21";"588";"0"
"2023";"02";"190113";"PASCO";"PASCO";"YANACANCHA";"MINSA";"II-2";"00000979";"HOSPITAL REGIONAL DR. DANIEL ALCIDES CARRION GARCIA";"241400";"HOSPITALIZACIÓN QUIRÚRGICA GINECO - OBSTETRICIA ";"131";"136";"260";"255";"26";"728";"1"
"2023";"02";"190113";"PASCO";"PASCO";"YANACANCHA";"MINSA";"II-2";"00000979";"HOSPITAL REGIONAL DR. DANIEL ALCIDES CARRION GARCIA";"241800";"HOSPITALIZACIÓN DE MEDICINA MEDICINA GENERAL ";"29";"36";"322";"315";"18";"504";"3"
"2023";"02";"190113";"PASCO";"PASCO";"YANACANCHA";"MINSA";"II-2";"00000979";"HOSPITAL REGIONAL DR. DANIEL ALCIDES CARRION GARCIA";"243200";"HOSPITALIZACIÓN DE PEDIATRÍA PEDIATRIA NEONATOLOGÍA";"43";"45";"102";"100";"13";"364";"2"
"2023";"02";"190113";"PASCO";"PASCO";"YANACANCHA";"MINSA";"II-2";"00000979";"HOSPITAL REGIONAL DR. DANIEL ALCIDES CARRION GARCIA";"242500";"HOSPITALIZACIÓN-PEDIATRÍA GENERAL-";"17";"20";"87";"84";"8";"224";"0"
"2023";"02";"190113";"PASCO";"PASCO";"YANACANCHA";"MINSA";"II-2";"00000979";"HOSPITAL REGIONAL DR. DANIEL ALCIDES CARRION GARCIA";"242200";"HOSPITALIZACIÓN DE MEDICINA PSIQUIATRÍA ";"3";"7";"74";"70";"12";"336";"0"
"2023";"02";"190113";"PASCO";"PASCO";"YANACANCHA";"MINSA";"II-2";"00000979";"HOSPITAL REGIONAL DR. DANIEL ALCIDES CARRION GARCIA";"241200";"HOSPITALIZACIÓN QUIRÚRGICA TRAUMATOLOGÍA Y ORTOPEDIA ";"15";"19";"87";"83";"4";"112";"0"
"2023";"02";"190113";"PASCO";"PASCO";"YANACANCHA";"MINSA";"II-2";"00000979";"HOSPITAL REGIONAL DR. DANIEL ALCIDES CARRION GARCIA";"250103";"UNIDAD DE CUIDADOS CRITICOS UNIDAD  DE CUIDADOS INTENSIVOS GENERALES  (UCI) MEDICINA";"3";"3";"16";"16";"4";"112";"1"
"2023";"02";"220401";"SAN MARTIN";"HUALLAGA";"SAPOSOA";"GOBIERNO REGIONAL";"I-4";"00006529";"RURAL SAPOSOA";"240100";"HOSPITALIZACIÓN QUIRÚRGICA CIRUGÍA GENERAL ";"13";"13";"28";"15";"2";"31";"0"
"2023";"02";"220401";"SAN MARTIN";"HUALLAGA";"SAPOSOA";"GOBIERNO REGIONAL";"I-4";"00006529";"RURAL SAPOSOA";"241400";"HOSPITALIZACIÓN QUIRÚRGICA GINECO - OBSTETRICIA ";"34";"37";"79";"45";"6";"60";"0"
"2023";"02";"220401";"SAN MARTIN";"HUALLAGA";"SAPOSOA";"GOBIERNO REGIONAL";"I-4";"00006529";"RURAL SAPOSOA";"241800";"HOSPITALIZACIÓN DE MEDICINA MEDICINA GENERAL ";"37";"43";"179";"60";"16";"80";"1"
"2023";"02";"120101";"JUNIN";"HUANCAYO";"HUANCAYO";"PRIVADO";"II-E";"00008475";"CLINICA OFTALMOLOGICA REGIONAL";"NE_0002";"";"NE_0002";"NE_0002";"NE_0002";"NE_0002";"NE_0002";"NE_0002";"NE_0002"
"2023";"02";"120301";"JUNIN";"CHANCHAMAYO";"CHANCHAMAYO";"ESSALUD";"II-1";"00008656";"HOSPITAL  SELVA CENTRAL Y ENFERMEDADES TROPICALES LA MERCED";"241800";"HOSPITALIZACIÓN DE MEDICINA MEDICINA GENERAL ";"40";"45";"170";"164";"12";"336";"4"
"2023";"02";"120301";"JUNIN";"CHANCHAMAYO";"CHANCHAMAYO";"ESSALUD";"II-1";"00008656";"HOSPITAL  SELVA CENTRAL Y ENFERMEDADES TROPICALES LA MERCED";"240100";"HOSPITALIZACIÓN QUIRÚRGICA CIRUGÍA GENERAL ";"44";"46";"145";"144";"10";"280";"0"
"2023";"02";"120301";"JUNIN";"CHANCHAMAYO";"CHANCHAMAYO";"ESSALUD";"II-1";"00008656";"HOSPITAL  SELVA CENTRAL Y ENFERMEDADES TROPICALES LA MERCED";"241500";"HOSPITALIZACIÓN QUIRÚRGICA GINECOLOGÍA  ";"47";"51";"107";"56";"2";"56";"0"
"2023";"02";"120301";"JUNIN";"CHANCHAMAYO";"CHANCHAMAYO";"ESSALUD";"II-1";"00008656";"HOSPITAL  SELVA CENTRAL Y ENFERMEDADES TROPICALES LA MERCED";"242300";"HOSPITALIZACIÓN DE PEDIATRÍA  PEDIATRÍA  GENERAL ";"45";"47";"104";"101";"7";"196";"0"
"2023";"03";"210401";"PUNO";"CHUCUITO";"JULI";"GOBIERNO REGIONAL";"II-1";"00002990";"JULI";"240100";"HOSPITALIZACIÓN QUIRÚRGICA CIRUGÍA GENERAL ";"10";"10";"35";"25";"5";"155";"0"
"2023";"03";"210401";"PUNO";"CHUCUITO";"JULI";"GOBIERNO REGIONAL";"II-1";"00002990";"JULI";"241600";"HOSPITALIZACIÓN QUIRÚRGICA OBSTETRICIA   ";"59";"59";"111";"98";"9";"270";"0"
"2023";"03";"210401";"PUNO";"CHUCUITO";"JULI";"GOBIERNO REGIONAL";"II-1";"00002990";"JULI";"241800";"HOSPITALIZACIÓN DE MEDICINA MEDICINA GENERAL ";"5";"5";"15";"13";"6";"186";"0"
"2023";"03";"210401";"PUNO";"CHUCUITO";"JULI";"GOBIERNO REGIONAL";"II-1";"00002990";"JULI";"242500";"HOSPITALIZACIÓN-PEDIATRÍA GENERAL-";"1";"1";"1";"2";"4";"124";"0"
"2023";"03";"210401";"PUNO";"CHUCUITO";"JULI";"GOBIERNO REGIONAL";"II-1";"00002990";"JULI";"243200";"HOSPITALIZACIÓN DE PEDIATRÍA PEDIATRIA NEONATOLOGÍA";"1";"1";"3";"2";"4";"124";"0"
"2023";"03";"021101";"ANCASH";"HUARMEY";"HUARMEY";"GOBIERNO REGIONAL";"II-1";"00001741";"HOSPITAL DE APOYO HUARMEY";"242300";"HOSPITALIZACIÓN DE PEDIATRÍA  PEDIATRÍA  GENERAL ";"2";"2";"5";"5";"3";"93";"0"
"2023";"03";"220801";"SAN MARTIN";"RIOJA";"RIOJA";"GOBIERNO REGIONAL";"I-1";"00006273";"PUESTO DE SALUD TAMBO";"NE_0002";"";"NE_0002";"NE_0002";"NE_0002";"NE_0002";"NE_0002";"NE_0002";"NE_0002"
"2023";"03";"220801";"SAN MARTIN";"RIOJA";"RIOJA";"GOBIERNO REGIONAL";"I-1";"00006708";"PUESTO DE SALUD PERLA DE CASCAYUNGA";"NE_0002";"";"NE_0002";"NE_0002";"NE_0002";"NE_0002";"NE_0002";"NE_0002";"NE_0002"
"2023";"03";"220801";"SAN MARTIN";"RIOJA";"RIOJA";"GOBIERNO REGIONAL";"I-1";"00006280";"PUESTO DE SALUD PORVENIR";"NE_0002";"";"NE_0002";"NE_0002";"NE_0002";"NE_0002";"NE_0002";"NE_0002";"NE_0002"
"2023";"03";"220806";"SAN MARTIN";"RIOJA";"POSIC";"GOBIERNO REGIONAL";"I-1";"00006274";"PUESTO DE SALUD POSIC";"NE_0002";"";"NE_0002";"NE_0002";"NE_0002";"NE_0002";"NE_0002";"NE_0002";"NE_0002"
"2023";"03";"220801";"SAN MARTIN";"RIOJA";"RIOJA";"GOBIERNO REGIONAL";"I-1";"00006271";"PUESTO DE SALUD MASHUYACU";"NE_0002";"";"NE_0002";"NE_0002";"NE_0002";"NE_0002";"NE_0002";"NE_0002";"NE_0002"
"2023";"03";"220801";"SAN MARTIN";"RIOJA";"RIOJA";"GOBIERNO REGIONAL";"I-4";"00006270";"CENTRO DE SALUD NUEVA RIOJA";"241600";"HOSPITALIZACIÓN QUIRÚRGICA OBSTETRICIA   ";"6";"6";"7";"6";"6";"186";"0"
"2023";"03";"220801";"SAN MARTIN";"RIOJA";"RIOJA";"GOBIERNO REGIONAL";"I-4";"00006270";"CENTRO DE SALUD NUEVA RIOJA";"241800";"HOSPITALIZACIÓN DE MEDICINA MEDICINA GENERAL ";"45";"45";"162";"6";"6";"496";"0"
"2023";"03";"220808";"SAN MARTIN";"RIOJA";"YORONGOS";"GOBIERNO REGIONAL";"I-3";"00006275";"PUESTO DE SALUD YORONGOS";"NE_0002";"";"NE_0002";"NE_0002";"NE_0002";"NE_0002";"NE_0002";"NE_0002";"NE_0002"
"2023";"03";"120606";"JUNIN";"SATIPO";"PANGOA";"GOBIERNO REGIONAL";"I-1";"00021800";"LOS ÁNGELES DE EDEN";"NE_0001";"";"NE_0001";"NE_0001";"NE_0001";"NE_0001";"NE_0001";"NE_0001";"NE_0001"
"2023";"03";"210101";"PUNO";"PUNO";"PUNO";"ESSALUD";"II-2";"00009215";"HOSPITAL III BASE  (PUNO) - RED ASISTENCIAL PUNO";"241900";"HOSPITALIZACIÓN DE MEDICINA MEDICINA INTERNA ";"52";"50";"398";"347";"14";"434";"4"
"2023";"03";"210101";"PUNO";"PUNO";"PUNO";"ESSALUD";"II-2";"00009215";"HOSPITAL III BASE  (PUNO) - RED ASISTENCIAL PUNO";"240100";"HOSPITALIZACIÓN QUIRÚRGICA CIRUGÍA GENERAL ";"77";"82";"200";"207";"7";"217";"0"
"2023";"03";"210101";"PUNO";"PUNO";"PUNO";"ESSALUD";"II-2";"00009215";"HOSPITAL III BASE  (PUNO) - RED ASISTENCIAL PUNO";"241500";"HOSPITALIZACIÓN QUIRÚRGICA GINECOLOGÍA  ";"33";"38";"78";"72";"7";"217";"0"
"2023";"03";"210101";"PUNO";"PUNO";"PUNO";"ESSALUD";"II-2";"00009215";"HOSPITAL III BASE  (PUNO) - RED ASISTENCIAL PUNO";"241600";"HOSPITALIZACIÓN QUIRÚRGICA OBSTETRICIA   ";"87";"88";"250";"229";"12";"372";"0"
"2023";"03";"210101";"PUNO";"PUNO";"PUNO";"ESSALUD";"II-2";"00009215";"HOSPITAL III BASE  (PUNO) - RED ASISTENCIAL PUNO";"242300";"HOSPITALIZACIÓN DE PEDIATRÍA  PEDIATRÍA  GENERAL ";"112";"106";"269";"287";"10";"310";"0"
"2023";"03";"210101";"PUNO";"PUNO";"PUNO";"ESSALUD";"II-2";"00009215";"HOSPITAL III BASE  (PUNO) - RED ASISTENCIAL PUNO";"250100";"UNIDAD DE CUIDADOS CRITICOS UNIDAD  DE CUIDADOS INTENSIVOS GENERALES (UCI) ";"5";"1";"2";"24";"9";"279";"0"
"2023";"03";"210101";"PUNO";"PUNO";"PUNO";"ESSALUD";"II-2";"00009215";"HOSPITAL III BASE  (PUNO) - RED ASISTENCIAL PUNO";"250200";"UNIDAD DE CUIDADOS CRITICOS UNIDAD DE CUIDADOS INTERMEDIOS GENERAL  (UCIN) ";"2";"1";"15";"2";"4";"124";"0"
"2023";"03";"210101";"PUNO";"PUNO";"PUNO";"ESSALUD";"II-2";"00009215";"HOSPITAL III BASE  (PUNO) - RED ASISTENCIAL PUNO";"240000";"HOSPITALIZACIÓN";"117";"117";"671";"644";"32";"992";"6"
"2023";"03";"120606";"JUNIN";"SATIPO";"PANGOA";"GOBIERNO REGIONAL";"I-1";"00021797";"SAN JERONIMO";"NE_0001";"";"NE_0001";"NE_0001";"NE_0001";"NE_0001";"NE_0001";"NE_0001";"NE_0001"
"2023";"03";"120606";"JUNIN";"SATIPO";"PANGOA";"GOBIERNO REGIONAL";"I-1";"00021814";"CENTRO SAURENI";"NE_0001";"";"NE_0001";"NE_0001";"NE_0001";"NE_0001";"NE_0001";"NE_0001";"NE_0001"
"2023";"03";"120606";"JUNIN";"SATIPO";"PANGOA";"GOBIERNO REGIONAL";"I-3";"00000445";"SAN ANTONIO DE SONOMORO";"NE_0001";"";"NE_0001";"NE_0001";"NE_0001";"NE_0001";"NE_0001";"NE_0001";"NE_0001"
"2023";"02";"240101";"TUMBES";"TUMBES";"TUMBES";"PRIVADO";"II-E";"00007874";"CLINICA FEIJOO EIRL";"241400";"HOSPITALIZACIÓN QUIRÚRGICA GINECO - OBSTETRICIA ";"3";"3";"4";"3";"3";"84";"0"
"2023";"02";"240101";"TUMBES";"TUMBES";"TUMBES";"PRIVADO";"II-E";"00007874";"CLINICA FEIJOO EIRL";"240100";"HOSPITALIZACIÓN QUIRÚRGICA CIRUGÍA GENERAL ";"2";"2";"2";"2";"3";"84";"0"
"2023";"02";"150110";"LIMA";"LIMA";"COMAS";"PRIVADO";"I-2";"00013834";"ARIE";"NE_0002";"";"NE_0002";"NE_0002";"NE_0002";"NE_0002";"NE_0002";"NE_0002";"NE_0002"
"2023";"02";"150142";"LIMA";"LIMA";"VILLA EL SALVADOR";"ESSALUD";"II-1";"00008741";"ULDARICO ROCCA FERNANDEZ";"241800";"HOSPITALIZACIÓN DE MEDICINA MEDICINA GENERAL ";"60";"64";"317";"339";"14";"392";"4"
"2023";"02";"150142";"LIMA";"LIMA";"VILLA EL SALVADOR";"ESSALUD";"II-1";"00008741";"ULDARICO ROCCA FERNANDEZ";"240100";"HOSPITALIZACIÓN QUIRÚRGICA CIRUGÍA GENERAL ";"107";"105";"233";"229";"12";"336";"0"
"2023";"02";"150142";"LIMA";"LIMA";"VILLA EL SALVADOR";"ESSALUD";"II-1";"00008741";"ULDARICO ROCCA FERNANDEZ";"241500";"HOSPITALIZACIÓN QUIRÚRGICA GINECOLOGÍA  ";"15";"12";"39";"45";"3";"84";"0"
"2023";"02";"150142";"LIMA";"LIMA";"VILLA EL SALVADOR";"ESSALUD";"II-1";"00008741";"ULDARICO ROCCA FERNANDEZ";"241600";"HOSPITALIZACIÓN QUIRÚRGICA OBSTETRICIA   ";"167";"165";"278";"282";"15";"420";"0"
"2023";"02";"150142";"LIMA";"LIMA";"VILLA EL SALVADOR";"ESSALUD";"II-1";"00008741";"ULDARICO ROCCA FERNANDEZ";"242300";"HOSPITALIZACIÓN DE PEDIATRÍA  PEDIATRÍA  GENERAL ";"55";"56";"225";"168";"6";"168";"1"
"2023";"02";"150142";"LIMA";"LIMA";"VILLA EL SALVADOR";"ESSALUD";"II-1";"00008741";"ULDARICO ROCCA FERNANDEZ";"250100";"UNIDAD DE CUIDADOS CRITICOS UNIDAD  DE CUIDADOS INTENSIVOS GENERALES (UCI) ";"12";"12";"132";"97";"4";"112";"2"
"2023";"02";"021308";"ANCASH";"MARISCAL LUZURIAGA";"MUSGA";"GOBIERNO REGIONAL";"I-1";"00001792";"PUESTO DE SALUD MUSGA";"NE_0002";"";"NE_0002";"NE_0002";"NE_0002";"NE_0002";"NE_0002";"NE_0002";"NE_0002"
"2023";"02";"220801";"SAN MARTIN";"RIOJA";"RIOJA";"GOBIERNO REGIONAL";"II-1";"00006732";"HOSPITAL DE RIOJA";"240100";"HOSPITALIZACIÓN QUIRÚRGICA CIRUGÍA GENERAL ";"72";"83";"348";"348";"13";"364";"0"
"2023";"02";"220801";"SAN MARTIN";"RIOJA";"RIOJA";"GOBIERNO REGIONAL";"II-1";"00006732";"HOSPITAL DE RIOJA";"241200";"HOSPITALIZACIÓN QUIRÚRGICA TRAUMATOLOGÍA Y ORTOPEDIA ";"28";"34";"133";"133";"6";"168";"0"
"2023";"02";"220801";"SAN MARTIN";"RIOJA";"RIOJA";"GOBIERNO REGIONAL";"II-1";"00006732";"HOSPITAL DE RIOJA";"241300";"HOSPITALIZACIÓN QUIRÚRGICA UROLOGÍA  ";"1";"2";"20";"20";"1";"28";"0"
"2023";"02";"220801";"SAN MARTIN";"RIOJA";"RIOJA";"GOBIERNO REGIONAL";"II-1";"00006732";"HOSPITAL DE RIOJA";"241500";"HOSPITALIZACIÓN QUIRÚRGICA GINECOLOGÍA  ";"118";"131";"304";"304";"12";"336";"0"
"2023";"02";"220801";"SAN MARTIN";"RIOJA";"RIOJA";"GOBIERNO REGIONAL";"II-1";"00006732";"HOSPITAL DE RIOJA";"241600";"HOSPITALIZACIÓN QUIRÚRGICA OBSTETRICIA   ";"43";"46";"88";"88";"9";"252";"0"
"2023";"02";"220801";"SAN MARTIN";"RIOJA";"RIOJA";"GOBIERNO REGIONAL";"II-1";"00006732";"HOSPITAL DE RIOJA";"241800";"HOSPITALIZACIÓN DE MEDICINA MEDICINA GENERAL ";"30";"41";"312";"312";"12";"336";"0"
"2023";"02";"220801";"SAN MARTIN";"RIOJA";"RIOJA";"GOBIERNO REGIONAL";"II-1";"00006732";"HOSPITAL DE RIOJA";"242500";"HOSPITALIZACIÓN-PEDIATRÍA GENERAL-";"33";"40";"163";"163";"7";"196";"0"
"2023";"02";"220801";"SAN MARTIN";"RIOJA";"RIOJA";"GOBIERNO REGIONAL";"II-1";"00006732";"HOSPITAL DE RIOJA";"243200";"HOSPITALIZACIÓN DE PEDIATRÍA PEDIATRIA NEONATOLOGÍA";"17";"20";"89";"89";"10";"280";"0"
"2023";"02";"150110";"LIMA";"LIMA";"COMAS";"PRIVADO";"II-E";"00025598";"CLINICA MATER PURISSIMA";"241400";"HOSPITALIZACIÓN QUIRÚRGICA GINECO - OBSTETRICIA ";"18";"16";"28";"28";"8";"224";"0"
"2023";"02";"150130";"LIMA";"LIMA";"SAN BORJA";"PRIVADO";"I-2";"00024872";"LINE CONTROL CENTER";"NE_0001";"";"NE_0001";"NE_0001";"NE_0001";"NE_0001";"NE_0001";"NE_0001";"NE_0001"
"2023";"02";"140106";"LAMBAYEQUE";"CHICLAYO";"LA VICTORIA";"PRIVADO";"II-E";"00010972";"HOSPITAL PRIVADO JUAN PABLO II SAC";"240000";"HOSPITALIZACIÓN";"179";"197";"650";"420";"38";"1178";"4"
"2023";"02";"170101";"MADRE DE DIOS";"TAMBOPATA";"TAMBOPATA";"ESSALUD";"II-1";"00009319";"HOSPITAL I VICTOR ALFREDO LAZO PERALTA";"241800";"HOSPITALIZACIÓN DE MEDICINA MEDICINA GENERAL ";"63";"62";"313";"350";"71";"2201";"0"
"2023";"02";"170101";"MADRE DE DIOS";"TAMBOPATA";"TAMBOPATA";"ESSALUD";"II-1";"00009319";"HOSPITAL I VICTOR ALFREDO LAZO PERALTA";"240100";"HOSPITALIZACIÓN QUIRÚRGICA CIRUGÍA GENERAL ";"61";"59";"186";"190";"10";"310";"0"
"2023";"02";"170101";"MADRE DE DIOS";"TAMBOPATA";"TAMBOPATA";"ESSALUD";"II-1";"00009319";"HOSPITAL I VICTOR ALFREDO LAZO PERALTA";"241400";"HOSPITALIZACIÓN QUIRÚRGICA GINECO - OBSTETRICIA ";"74";"76";"199";"230";"10";"310";"0"
"2023";"02";"170101";"MADRE DE DIOS";"TAMBOPATA";"TAMBOPATA";"ESSALUD";"II-1";"00009319";"HOSPITAL I VICTOR ALFREDO LAZO PERALTA";"242300";"HOSPITALIZACIÓN DE PEDIATRÍA  PEDIATRÍA  GENERAL ";"67";"66";"137";"124";"4";"124";"0"
"2023";"02";"220401";"SAN MARTIN";"HUALLAGA";"SAPOSOA";"ESSALUD";"I-2";"00016483";"POSTA MEDICA SAPOSOA - ESSALUD";"NE_0001";"";"NE_0001";"NE_0001";"NE_0001";"NE_0001";"NE_0001";"NE_0001";"NE_0001"
"2023";"03";"061112";"CAJAMARCA";"SAN MIGUEL";"TONGOD";"GOBIERNO REGIONAL";"I-1";"00007085";"PISIT";"NE_0001";"";"NE_0001";"NE_0001";"NE_0001";"NE_0001";"NE_0001";"NE_0001";"NE_0001"
"2023";"03";"061112";"CAJAMARCA";"SAN MIGUEL";"TONGOD";"GOBIERNO REGIONAL";"I-1";"00008751";"LA CORONILLA";"NE_0001";"";"NE_0001";"NE_0001";"NE_0001";"NE_0001";"NE_0001";"NE_0001";"NE_0001"
"2023";"03";"061112";"CAJAMARCA";"SAN MIGUEL";"TONGOD";"GOBIERNO REGIONAL";"I-3";"00004607";"TONGOD";"NE_0001";"";"NE_0001";"NE_0001";"NE_0001";"NE_0001";"NE_0001";"NE_0001";"NE_0001"
"2023";"03";"140101";"LAMBAYEQUE";"CHICLAYO";"CHICLAYO";"GOBIERNO REGIONAL";"III-1";"00011470";"HOSPITAL REGIONAL LAMBAYEQUE";"240000";"HOSPITALIZACIÓN";"545";"466";"1629";"2777";"102";"3162";"16"
"2023";"03";"140101";"LAMBAYEQUE";"CHICLAYO";"CHICLAYO";"GOBIERNO REGIONAL";"III-1";"00011470";"HOSPITAL REGIONAL LAMBAYEQUE";"242300";"HOSPITALIZACIÓN DE PEDIATRÍA  PEDIATRÍA  GENERAL ";"107";"84";"462";"628";"32";"992";"1"
"2023";"03";"140101";"LAMBAYEQUE";"CHICLAYO";"CHICLAYO";"GOBIERNO REGIONAL";"III-1";"00011470";"HOSPITAL REGIONAL LAMBAYEQUE";"243200";"HOSPITALIZACIÓN DE PEDIATRÍA PEDIATRIA NEONATOLOGÍA";"97";"19";"87";"523";"17";"527";"1"
"2023";"03";"140101";"LAMBAYEQUE";"CHICLAYO";"CHICLAYO";"GOBIERNO REGIONAL";"III-1";"00011470";"HOSPITAL REGIONAL LAMBAYEQUE";"250100";"UNIDAD DE CUIDADOS CRITICOS UNIDAD  DE CUIDADOS INTENSIVOS GENERALES (UCI) ";"17";"3";"35";"233";"8";"248";"3"
"2023";"03";"140101";"LAMBAYEQUE";"CHICLAYO";"CHICLAYO";"GOBIERNO REGIONAL";"III-1";"00011470";"HOSPITAL REGIONAL LAMBAYEQUE";"250200";"UNIDAD DE CUIDADOS CRITICOS UNIDAD DE CUIDADOS INTERMEDIOS GENERAL  (UCIN) ";"23";"7";"35";"292";"12";"372";"7"
"2023";"03";"140101";"LAMBAYEQUE";"CHICLAYO";"CHICLAYO";"GOBIERNO REGIONAL";"III-1";"00011470";"HOSPITAL REGIONAL LAMBAYEQUE";"250105";"UNIDAD DE CUIDADOS CRITICOS UNIDAD  DE CUIDADOS INTENSIVOS  (UCI) NEONATOLOGÍA";"21";"6";"24";"182";"7";"217";"4"
"2023";"03";"140101";"LAMBAYEQUE";"CHICLAYO";"CHICLAYO";"GOBIERNO REGIONAL";"III-1";"00011470";"HOSPITAL REGIONAL LAMBAYEQUE";"250108";"UNIDAD DE CUIDADOS CRITICOS UNIDAD  DE CUIDADOS INTENSIVOS  (UCI) PEDIÁTRICA";"13";"5";"58";"115";"4";"124";"4"
"2023";"03";"090203";"HUANCAVELICA";"ACOBAMBA";"ANTA";"GOBIERNO REGIONAL";"I-1";"00003941";"PUESTO DE SALUD MANYACC";"NE_0001";"";"NE_0001";"NE_0001";"NE_0001";"NE_0001";"NE_0001";"NE_0001";"NE_0001"
"2023";"03";"090203";"HUANCAVELICA";"ACOBAMBA";"ANTA";"GOBIERNO REGIONAL";"I-1";"00011230";"PUESTO DE SALUD RAYANNIYOCC";"NE_0001";"";"NE_0001";"NE_0001";"NE_0001";"NE_0001";"NE_0001";"NE_0001";"NE_0001"
"2023";"03";"150110";"LIMA";"LIMA";"COMAS";"ESSALUD";"II-1";"00027565";"Hospital I Marino Molina Scippa - EsSalud";"241800";"HOSPITALIZACIÓN DE MEDICINA MEDICINA GENERAL ";"108";"109";"936";"914";"30";"930";"7"
"2023";"03";"150110";"LIMA";"LIMA";"COMAS";"ESSALUD";"II-1";"00027565";"Hospital I Marino Molina Scippa - EsSalud";"240100";"HOSPITALIZACIÓN QUIRÚRGICA CIRUGÍA GENERAL ";"161";"161";"481";"477";"19";"589";"0"
"2023";"03";"150110";"LIMA";"LIMA";"COMAS";"ESSALUD";"II-1";"00027565";"Hospital I Marino Molina Scippa - EsSalud";"241600";"HOSPITALIZACIÓN QUIRÚRGICA OBSTETRICIA   ";"319";"330";"778";"740";"26";"806";"0"
"2023";"03";"150110";"LIMA";"LIMA";"COMAS";"ESSALUD";"II-1";"00027565";"Hospital I Marino Molina Scippa - EsSalud";"241500";"HOSPITALIZACIÓN QUIRÚRGICA GINECOLOGÍA  ";"22";"22";"91";"92";"3";"93";"0"
"2023";"03";"150110";"LIMA";"LIMA";"COMAS";"ESSALUD";"II-1";"00027565";"Hospital I Marino Molina Scippa - EsSalud";"242300";"HOSPITALIZACIÓN DE PEDIATRÍA  PEDIATRÍA  GENERAL ";"56";"52";"232";"248";"10";"310";"0"
"2023";"03";"150110";"LIMA";"LIMA";"COMAS";"ESSALUD";"II-1";"00027565";"Hospital I Marino Molina Scippa - EsSalud";"243200";"HOSPITALIZACIÓN DE PEDIATRÍA PEDIATRIA NEONATOLOGÍA";"53";"54";"186";"182";"7";"217";"0"
"2023";"03";"150133";"LIMA";"LIMA";"SAN JUAN DE MIRAFLORES";"PRIVADO";"II-E";"00028244";"CLINICA SAGRADA FAMILIA DEL SUR";"240000";"HOSPITALIZACIÓN";"19";"19";"33";"20";"6";"40";"0"
"2023";"03";"120302";"JUNIN";"CHANCHAMAYO";"PERENE";"GOBIERNO REGIONAL";"I-1";"00000322";"LIBERTAD TOTERANI";"NE_0001";"";"NE_0001";"NE_0001";"NE_0001";"NE_0001";"NE_0001";"NE_0001";"NE_0001"
"2023";"03";"120302";"JUNIN";"CHANCHAMAYO";"PERENE";"GOBIERNO REGIONAL";"I-1";"00000323";"INCHATINGARI";"NE_0001";"";"NE_0001";"NE_0001";"NE_0001";"NE_0001";"NE_0001";"NE_0001";"NE_0001"
"2023";"03";"120302";"JUNIN";"CHANCHAMAYO";"PERENE";"GOBIERNO REGIONAL";"I-2";"00000324";"LOS ANGELES DE UBIRIKI";"NE_0001";"";"NE_0001";"NE_0001";"NE_0001";"NE_0001";"NE_0001";"NE_0001";"NE_0001"
"2023";"03";"120302";"JUNIN";"CHANCHAMAYO";"PERENE";"GOBIERNO REGIONAL";"I-1";"00000327";"ALTO PUMPURIANI";"NE_0001";"";"NE_0001";"NE_0001";"NE_0001";"NE_0001";"NE_0001";"NE_0001";"NE_0001"
"2023";"03";"120302";"JUNIN";"CHANCHAMAYO";"PERENE";"GOBIERNO REGIONAL";"I-1";"00000335";"ZONA PATRIA";"NE_0001";"";"NE_0001";"NE_0001";"NE_0001";"NE_0001";"NE_0001";"NE_0001";"NE_0001"
"2023";"03";"120302";"JUNIN";"CHANCHAMAYO";"PERENE";"GOBIERNO REGIONAL";"I-3";"00000320";"PUERTO YURINAKI";"NE_0001";"";"NE_0001";"NE_0001";"NE_0001";"NE_0001";"NE_0001";"NE_0001";"NE_0001"
"2023";"03";"120302";"JUNIN";"CHANCHAMAYO";"PERENE";"GOBIERNO REGIONAL";"I-2";"00000325";"CENTRO POBLADO MENOR LA FLORIDA";"NE_0001";"";"NE_0001";"NE_0001";"NE_0001";"NE_0001";"NE_0001";"NE_0001";"NE_0001"
"2023";"03";"120302";"JUNIN";"CHANCHAMAYO";"PERENE";"GOBIERNO REGIONAL";"I-1";"00000329";"HUACAMAYO";"NE_0001";"";"NE_0001";"NE_0001";"NE_0001";"NE_0001";"NE_0001";"NE_0001";"NE_0001"
"2023";"03";"120304";"JUNIN";"CHANCHAMAYO";"SAN LUIS DE SHUARO";"GOBIERNO REGIONAL";"I-1";"00000336";"ALTO YAPAZ";"NE_0001";"";"NE_0001";"NE_0001";"NE_0001";"NE_0001";"NE_0001";"NE_0001";"NE_0001"
"2023";"03";"120302";"JUNIN";"CHANCHAMAYO";"PERENE";"GOBIERNO REGIONAL";"I-4";"00000318";"VILLA PERENE";"241800";"HOSPITALIZACIÓN DE MEDICINA MEDICINA GENERAL ";"07";"08";"27";"27";"9";"279";"0"
"2023";"03";"120302";"JUNIN";"CHANCHAMAYO";"PERENE";"GOBIERNO REGIONAL";"I-4";"00000318";"VILLA PERENE";"241600";"HOSPITALIZACIÓN QUIRÚRGICA OBSTETRICIA   ";"11";"12";"25";"25";"3";"93";"0"
"2023";"03";"120302";"JUNIN";"CHANCHAMAYO";"PERENE";"GOBIERNO REGIONAL";"I-2";"00000319";"BAJO MARANKIARI";"NE_0001";"";"NE_0001";"NE_0001";"NE_0001";"NE_0001";"NE_0001";"NE_0001";"NE_0001"
"2023";"03";"120302";"JUNIN";"CHANCHAMAYO";"PERENE";"GOBIERNO REGIONAL";"I-1";"00000326";"SANTA ROSA DE RIO AMARILLO";"NE_0001";"";"NE_0001";"NE_0001";"NE_0001";"NE_0001";"NE_0001";"NE_0001";"NE_0001"
"2023";"03";"120302";"JUNIN";"CHANCHAMAYO";"PERENE";"GOBIERNO REGIONAL";"I-1";"00000332";"ALTO SAN JUAN";"NE_0001";"";"NE_0001";"NE_0001";"NE_0001";"NE_0001";"NE_0001";"NE_0001";"NE_0001"
"2023";"03";"120302";"JUNIN";"CHANCHAMAYO";"PERENE";"GOBIERNO REGIONAL";"I-1";"00000333";"CENTRO TOTERANI";"NE_0001";"";"NE_0001";"NE_0001";"NE_0001";"NE_0001";"NE_0001";"NE_0001";"NE_0001"
"2023";"03";"120302";"JUNIN";"CHANCHAMAYO";"PERENE";"GOBIERNO REGIONAL";"I-1";"00007319";"SANTA ROSA TOTERANI";"NE_0001";"";"NE_0001";"NE_0001";"NE_0001";"NE_0001";"NE_0001";"NE_0001";"NE_0001"
"2023";"03";"120302";"JUNIN";"CHANCHAMAYO";"PERENE";"GOBIERNO REGIONAL";"I-2";"00014385";"MARISCAL CACERES";"NE_0001";"";"NE_0001";"NE_0001";"NE_0001";"NE_0001";"NE_0001";"NE_0001";"NE_0001"
"2023";"03";"120302";"JUNIN";"CHANCHAMAYO";"PERENE";"GOBIERNO REGIONAL";"I-1";"00000331";"LOS ANGELES TOTERANI";"NE_0001";"";"NE_0001";"NE_0001";"NE_0001";"NE_0001";"NE_0001";"NE_0001";"NE_0001"
"2023";"03";"120302";"JUNIN";"CHANCHAMAYO";"PERENE";"GOBIERNO REGIONAL";"I-2";"00000321";"ALTO YURINAKI";"NE_0001";"";"NE_0001";"NE_0001";"NE_0001";"NE_0001";"NE_0001";"NE_0001";"NE_0001"
"2023";"03";"120302";"JUNIN";"CHANCHAMAYO";"PERENE";"GOBIERNO REGIONAL";"I-1";"00000328";"CHURINGAVENI";"NE_0001";"";"NE_0001";"NE_0001";"NE_0001";"NE_0001";"NE_0001";"NE_0001";"NE_0001"
"2023";"03";"120302";"JUNIN";"CHANCHAMAYO";"PERENE";"GOBIERNO REGIONAL";"I-3";"00000330";"SAN FERNANDO DE KIVINAKI";"NE_0001";"";"NE_0001";"NE_0001";"NE_0001";"NE_0001";"NE_0001";"NE_0001";"NE_0001"
"2023";"03";"120302";"JUNIN";"CHANCHAMAYO";"PERENE";"GOBIERNO REGIONAL";"I-1";"00006737";"JOSE OLAYA";"NE_0001";"";"NE_0001";"NE_0001";"NE_0001";"NE_0001";"NE_0001";"NE_0001";"NE_0001"
"2023";"03";"120302";"JUNIN";"CHANCHAMAYO";"PERENE";"GOBIERNO REGIONAL";"I-1";"00007362";"UNION PUCUSANI";"NE_0001";"";"NE_0001";"NE_0001";"NE_0001";"NE_0001";"NE_0001";"NE_0001";"NE_0001"
"2023";"03";"120301";"JUNIN";"CHANCHAMAYO";"CHANCHAMAYO";"GOBIERNO REGIONAL";"I-1";"00000310";"VILLA DORADA";"NE_0001";"";"NE_0001";"NE_0001";"NE_0001";"NE_0001";"NE_0001";"NE_0001";"NE_0001"
"2023";"03";"120302";"JUNIN";"CHANCHAMAYO";"PERENE";"GOBIERNO REGIONAL";"I-1";"00000334";"SANTA ROSA DE CAMONASHARI";"NE_0001";"";"NE_0001";"NE_0001";"NE_0001";"NE_0001";"NE_0001";"NE_0001";"NE_0001"
"2023";"03";"150143";"LIMA";"LIMA";"VILLA MARIA DEL TRIUNFO";"PRIVADO";"I-2";"00018825";"GUILLERMO KAELIN DE LA FUENTE";"NE_0001";"";"NE_0001";"NE_0001";"NE_0001";"NE_0001";"NE_0001";"NE_0001";"NE_0001"
"2023";"03";"150801";"LIMA";"HUAURA";"HUACHO";"ESSALUD";"II-2";"00011337";"HOSPITAL II GUSTAVO LANATTA LUJAN - ESSALUD";"241800";"HOSPITALIZACIÓN DE MEDICINA MEDICINA GENERAL ";"99";"97";"894";"863";"30";"930";"18"
"2023";"03";"150801";"LIMA";"HUAURA";"HUACHO";"ESSALUD";"II-2";"00011337";"HOSPITAL II GUSTAVO LANATTA LUJAN - ESSALUD";"240100";"HOSPITALIZACIÓN QUIRÚRGICA CIRUGÍA GENERAL ";"81";"85";"467";"434";"28";"868";"0"
"2023";"03";"150801";"LIMA";"HUAURA";"HUACHO";"ESSALUD";"II-2";"00011337";"HOSPITAL II GUSTAVO LANATTA LUJAN - ESSALUD";"241200";"HOSPITALIZACIÓN QUIRÚRGICA TRAUMATOLOGÍA Y ORTOPEDIA ";"36";"35";"124";"126";"6";"186";"0"
"2023";"03";"150801";"LIMA";"HUAURA";"HUACHO";"ESSALUD";"II-2";"00011337";"HOSPITAL II GUSTAVO LANATTA LUJAN - ESSALUD";"241500";"HOSPITALIZACIÓN QUIRÚRGICA GINECOLOGÍA  ";"28";"34";"74";"68";"6";"186";"0"
"2023";"01";"150140";"LIMA";"LIMA";"SANTIAGO DE SURCO";"PRIVADO";"II-E";"00028189";"GLAUCOMA SALUD";"NE_0001";"";"NE_0001";"NE_0001";"NE_0001";"NE_0001";"NE_0001";"NE_0001";"NE_0001"
"2023";"01";"150131";"LIMA";"LIMA";"SAN ISIDRO";"PRIVADO";"II-E";"00018667";"CLINICA ARROYO";"NE_0001";"";"NE_0001";"NE_0001";"NE_0001";"NE_0001";"NE_0001";"NE_0001";"NE_0001"
"2023";"01";"180301";"MOQUEGUA";"ILO";"ILO";"GOBIERNO REGIONAL";"II-1";"00002818";"HOSPITAL ILO";"240100";"HOSPITALIZACIÓN QUIRÚRGICA CIRUGÍA GENERAL ";"17";"17";"48";"103";"9";"279";"0"
"2023";"01";"180301";"MOQUEGUA";"ILO";"ILO";"GOBIERNO REGIONAL";"II-1";"00002818";"HOSPITAL ILO";"241800";"HOSPITALIZACIÓN DE MEDICINA MEDICINA GENERAL ";"26";"26";"94";"111";"30";"930";"2"
"2023";"01";"180301";"MOQUEGUA";"ILO";"ILO";"GOBIERNO REGIONAL";"II-1";"00002818";"HOSPITAL ILO";"242500";"HOSPITALIZACIÓN-PEDIATRÍA GENERAL-";"16";"16";"49";"78";"4";"124";"0"
"2023";"01";"180301";"MOQUEGUA";"ILO";"ILO";"GOBIERNO REGIONAL";"II-1";"00002818";"HOSPITAL ILO";"241500";"HOSPITALIZACIÓN QUIRÚRGICA GINECOLOGÍA  ";"11";"11";"40";"67";"3";"93";"0"
"2023";"01";"180301";"MOQUEGUA";"ILO";"ILO";"GOBIERNO REGIONAL";"II-1";"00002818";"HOSPITAL ILO";"243200";"HOSPITALIZACIÓN DE PEDIATRÍA PEDIATRIA NEONATOLOGÍA";"13";"13";"26";"16";"3";"93";"0"
"2023";"01";"180301";"MOQUEGUA";"ILO";"ILO";"GOBIERNO REGIONAL";"II-1";"00002818";"HOSPITAL ILO";"241400";"HOSPITALIZACIÓN QUIRÚRGICA GINECO - OBSTETRICIA ";"27";"27";"105";"132";"7";"217";"0"
"2023";"01";"180301";"MOQUEGUA";"ILO";"ILO";"GOBIERNO REGIONAL";"II-1";"00002818";"HOSPITAL ILO";"241600";"HOSPITALIZACIÓN QUIRÚRGICA OBSTETRICIA   ";"84";"84";"181";"185";"10";"310";"0"
"2023";"01";"040101";"AREQUIPA";"AREQUIPA";"AREQUIPA";"PRIVADO";"II-1";"00016744";"CLÍNICAS AUNA SEDE VALLESUR";"240000";"HOSPITALIZACIÓN";"364";"352";"1017";"1124";"42";"1302";"1"
"2023";"01";"150130";"LIMA";"LIMA";"SAN BORJA";"PRIVADO";"II-2";"00009850";"CLÍNICA VESALIO";"240000";"HOSPITALIZACIÓN";"289";"281";"1217";"1398";"55";"1592";"1"
"2023";"02";"040107";"AREQUIPA";"AREQUIPA";"JACOBO HUNTER";"GOBIERNO REGIONAL";"I-2";"00001276";"PUESTO DE SALUD CAMINOS DEL INCA";"NE_0001";"";"NE_0001";"NE_0001";"NE_0001";"NE_0001";"NE_0001";"NE_0001";"NE_0001"
"2023";"02";"040107";"AREQUIPA";"AREQUIPA";"JACOBO HUNTER";"GOBIERNO REGIONAL";"I-2";"00001274";"PUESTO DE SALUD AMPLIACION PAMPAS DEL CUZCO";"NE_0001";"";"NE_0001";"NE_0001";"NE_0001";"NE_0001";"NE_0001";"NE_0001";"NE_0001"
"2023";"02";"040107";"AREQUIPA";"AREQUIPA";"JACOBO HUNTER";"GOBIERNO REGIONAL";"I-2";"00001277";"PUESTO DE SALUD ALTO ALIANZA";"NE_0001";"";"NE_0001";"NE_0001";"NE_0001";"NE_0001";"NE_0001";"NE_0001";"NE_0001"
"2023";"02";"040107";"AREQUIPA";"AREQUIPA";"JACOBO HUNTER";"GOBIERNO REGIONAL";"I-3";"00001279";"PUESTO DE SALUD UPIS PAISAJISTA";"NE_0001";"";"NE_0001";"NE_0001";"NE_0001";"NE_0001";"NE_0001";"NE_0001";"NE_0001"
"2023";"02";"040107";"AREQUIPA";"AREQUIPA";"JACOBO HUNTER";"GOBIERNO REGIONAL";"I-2";"00001275";"PUESTO DE SALUD CHILPINILLA";"NE_0001";"";"NE_0001";"NE_0001";"NE_0001";"NE_0001";"NE_0001";"NE_0001";"NE_0001"
"2023";"02";"040107";"AREQUIPA";"AREQUIPA";"JACOBO HUNTER";"MINSA";"I-3";"00031488";"CENTRO DE SALUD MENTAL COMUNITARIO HUNTER";"NE_0001";"";"NE_0001";"NE_0001";"NE_0001";"NE_0001";"NE_0001";"NE_0001";"NE_0001"
"2023";"02";"160101";"LORETO";"MAYNAS";"IQUITOS";"PRIVADO";"II-1";"00011737";"CLINICA SAN JUAN";"240100";"HOSPITALIZACIÓN QUIRÚRGICA CIRUGÍA GENERAL ";"13";"13";"18";"9";"9";"13";"0"
"2023";"02";"160101";"LORETO";"MAYNAS";"IQUITOS";"PRIVADO";"II-1";"00011737";"CLINICA SAN JUAN";"241200";"HOSPITALIZACIÓN QUIRÚRGICA TRAUMATOLOGÍA Y ORTOPEDIA ";"10";"10";"21";"8";"9";"11";"0"
"2023";"02";"160101";"LORETO";"MAYNAS";"IQUITOS";"PRIVADO";"II-1";"00011737";"CLINICA SAN JUAN";"241400";"HOSPITALIZACIÓN QUIRÚRGICA GINECO - OBSTETRICIA ";"6";"6";"15";"8";"9";"10";"0"
"2023";"02";"160101";"LORETO";"MAYNAS";"IQUITOS";"PRIVADO";"II-1";"00011737";"CLINICA SAN JUAN";"241900";"HOSPITALIZACIÓN DE MEDICINA MEDICINA INTERNA ";"1";"1";"2";"2";"9";"10";"0"
"2023";"02";"160101";"LORETO";"MAYNAS";"IQUITOS";"PRIVADO";"II-1";"00011737";"CLINICA SAN JUAN";"243700";"HOSPITALIZACIÓN DE PEDIATRÍA PEDIATRIA OTORRINOLARINGOLOGÍA PEDIÁTRICA ";"6";"6";"7";"4";"9";"11";"0"
"2023";"02";"160101";"LORETO";"MAYNAS";"IQUITOS";"PRIVADO";"II-1";"00011737";"CLINICA SAN JUAN";"244300";"HOSPITALIZACIÓN DE MEDICINA GASTROENTEROLOGÍA  ";"1";"1";"1";"1";"9";"11";"0"
"2023";"02";"160101";"LORETO";"MAYNAS";"IQUITOS";"PRIVADO";"II-1";"00011737";"CLINICA SAN JUAN";"241300";"HOSPITALIZACIÓN QUIRÚRGICA UROLOGÍA  ";"1";"1";"2";"2";"9";"12";"0"
"2023";"02";"160101";"LORETO";"MAYNAS";"IQUITOS";"PRIVADO";"II-1";"00011737";"CLINICA SAN JUAN";"244700";"HOSPITALIZACIÓN DE MEDICINA NEUROLOGIA  ";"1";"1";"6";"3";"9";"12";"0"
"2023";"02";"061203";"CAJAMARCA";"SAN PABLO";"SAN LUIS";"GOBIERNO REGIONAL";"I-1";"00004584";"PAMPA DE SAN LUIS";"NE_0001";"";"NE_0001";"NE_0001";"NE_0001";"NE_0001";"NE_0001";"NE_0001";"NE_0001"
"2023";"02";"061204";"CAJAMARCA";"SAN PABLO";"TUMBADEN";"GOBIERNO REGIONAL";"I-1";"00004610";"EL REGALADO";"NE_0001";"";"NE_0001";"NE_0001";"NE_0001";"NE_0001";"NE_0001";"NE_0001";"NE_0001"
"2023";"02";"061202";"CAJAMARCA";"SAN PABLO";"SAN BERNARDINO";"GOBIERNO REGIONAL";"I-1";"00004539";"TUÑAD";"NE_0001";"";"NE_0001";"NE_0001";"NE_0001";"NE_0001";"NE_0001";"NE_0001";"NE_0001"
"2023";"02";"061203";"CAJAMARCA";"SAN PABLO";"SAN LUIS";"GOBIERNO REGIONAL";"I-1";"00004585";"SAN LUIS BAJO - GRANDE";"NE_0001";"";"NE_0001";"NE_0001";"NE_0001";"NE_0001";"NE_0001";"NE_0001";"NE_0001"
"2023";"02";"061204";"CAJAMARCA";"SAN PABLO";"TUMBADEN";"GOBIERNO REGIONAL";"I-1";"00004582";"TUMBADEN ALTO";"NE_0001";"";"NE_0001";"NE_0001";"NE_0001";"NE_0001";"NE_0001";"NE_0001";"NE_0001"
"2023";"02";"061202";"CAJAMARCA";"SAN PABLO";"SAN BERNARDINO";"GOBIERNO REGIONAL";"I-2";"00004580";"SAN BERNARDINO";"NE_0001";"";"NE_0001";"NE_0001";"NE_0001";"NE_0001";"NE_0001";"NE_0001";"NE_0001"
"2023";"02";"061201";"CAJAMARCA";"SAN PABLO";"SAN PABLO";"GOBIERNO REGIONAL";"I-1";"00004586";"JANCOS";"NE_0001";"";"NE_0001";"NE_0001";"NE_0001";"NE_0001";"NE_0001";"NE_0001";"NE_0001"
"2023";"02";"061201";"CAJAMARCA";"SAN PABLO";"SAN PABLO";"GOBIERNO REGIONAL";"I-1";"00004611";"EL PATIÑO";"NE_0001";"";"NE_0001";"NE_0001";"NE_0001";"NE_0001";"NE_0001";"NE_0001";"NE_0001"
"2023";"02";"061204";"CAJAMARCA";"SAN PABLO";"TUMBADEN";"GOBIERNO REGIONAL";"I-2";"00004583";"TUMBADEN BAJO";"NE_0001";"";"NE_0001";"NE_0001";"NE_0001";"NE_0001";"NE_0001";"NE_0001";"NE_0001"
"2023";"02";"061201";"CAJAMARCA";"SAN PABLO";"SAN PABLO";"GOBIERNO REGIONAL";"I-2";"00004578";"CALLANCAS";"NE_0001";"";"NE_0001";"NE_0001";"NE_0001";"NE_0001";"NE_0001";"NE_0001";"NE_0001"
"2023";"02";"061201";"CAJAMARCA";"SAN PABLO";"SAN PABLO";"GOBIERNO REGIONAL";"I-4";"00004577";"SAN PABLO";"241800";"HOSPITALIZACIÓN DE MEDICINA MEDICINA GENERAL ";"5";"5";"12";"13";"3";"84";"0"
"2023";"02";"061201";"CAJAMARCA";"SAN PABLO";"SAN PABLO";"GOBIERNO REGIONAL";"I-4";"00004577";"SAN PABLO";"241600";"HOSPITALIZACIÓN QUIRÚRGICA OBSTETRICIA   ";"8";"8";"7";"7";"6";"168";"0"
"2023";"02";"061201";"CAJAMARCA";"SAN PABLO";"SAN PABLO";"GOBIERNO REGIONAL";"I-2";"00004581";"SANTA ROSA DE UNANCA";"NE_0001";"";"NE_0001";"NE_0001";"NE_0001";"NE_0001";"NE_0001";"NE_0001";"NE_0001"
"2023";"02";"061202";"CAJAMARCA";"SAN PABLO";"SAN BERNARDINO";"GOBIERNO REGIONAL";"I-1";"00004579";"POLAN";"NE_0001";"";"NE_0001";"NE_0001";"NE_0001";"NE_0001";"NE_0001";"NE_0001";"NE_0001"
"2023";"01";"140101";"LAMBAYEQUE";"CHICLAYO";"CHICLAYO";"ESSALUD";"III-1";"00008577";"HOSPITAL NACIONAL ALMANZOR AGUINAGA ASENJO";"244000";"HOSPITALIZACIÓN DE MEDICINA CARDIOLOGIA ";"72";"46";"402";"471";"17";"547";"2"
"2023";"01";"140101";"LAMBAYEQUE";"CHICLAYO";"CHICLAYO";"ESSALUD";"III-1";"00008577";"HOSPITAL NACIONAL ALMANZOR AGUINAGA ASENJO";"240200";"HOSPITALIZACIÓN QUIRÚRGICA CIRUGÍA DE CABEZA Y CUELLO / MÁXILO FACIAL ";"37";"23";"152";"154";"5";"181";"0"
"2023";"01";"140101";"LAMBAYEQUE";"CHICLAYO";"CHICLAYO";"ESSALUD";"III-1";"00008577";"HOSPITAL NACIONAL ALMANZOR AGUINAGA ASENJO";"240400";"HOSPITALIZACIÓN QUIRÚRGICA CIRUGÍA DE TÓRAX Y CARDIOVASCULAR ";"21";"15";"109";"136";"10";"220";"0"
"2023";"01";"140101";"LAMBAYEQUE";"CHICLAYO";"CHICLAYO";"ESSALUD";"III-1";"00008577";"HOSPITAL NACIONAL ALMANZOR AGUINAGA ASENJO";"240100";"HOSPITALIZACIÓN QUIRÚRGICA CIRUGÍA GENERAL ";"203";"87";"773";"653";"30";"807";"0"
"2023";"01";"140101";"LAMBAYEQUE";"CHICLAYO";"CHICLAYO";"ESSALUD";"III-1";"00008577";"HOSPITAL NACIONAL ALMANZOR AGUINAGA ASENJO";"240700";"HOSPITALIZACIÓN QUIRÚRGICA CIRUGÍA PEDIÁTRICA ";"60";"34";"155";"146";"8";"256";"0"
"2023";"01";"140101";"LAMBAYEQUE";"CHICLAYO";"CHICLAYO";"ESSALUD";"III-1";"00008577";"HOSPITAL NACIONAL ALMANZOR AGUINAGA ASENJO";"240801";"HOSPITALIZACIÓN QUIRÚRGICA CIRUGÍA PLÁSTICA/RECONSTRUCTIVA/ REPARADORA QUEMADOS";"9";"5";"129";"109";"4";"124";"0"
"2023";"01";"140101";"LAMBAYEQUE";"CHICLAYO";"CHICLAYO";"ESSALUD";"III-1";"00008577";"HOSPITAL NACIONAL ALMANZOR AGUINAGA ASENJO";"244200";"HOSPITALIZACIÓN DE MEDICINA ENDOCRINOLOGIA ";"5";"5";"38";"39";"3";"73";"0"
"2023";"01";"140101";"LAMBAYEQUE";"CHICLAYO";"CHICLAYO";"ESSALUD";"III-1";"00008577";"HOSPITAL NACIONAL ALMANZOR AGUINAGA ASENJO";"244300";"HOSPITALIZACIÓN DE MEDICINA GASTROENTEROLOGÍA  ";"71";"53";"378";"456";"17";"480";"3"
"2023";"01";"140101";"LAMBAYEQUE";"CHICLAYO";"CHICLAYO";"ESSALUD";"III-1";"00008577";"HOSPITAL NACIONAL ALMANZOR AGUINAGA ASENJO";"244400";"HOSPITALIZACIÓN DE MEDICINA GERIATRIA ";"44";"42";"737";"624";"20";"624";"4"
"2023";"01";"140101";"LAMBAYEQUE";"CHICLAYO";"CHICLAYO";"ESSALUD";"III-1";"00008577";"HOSPITAL NACIONAL ALMANZOR AGUINAGA ASENJO";"241500";"HOSPITALIZACIÓN QUIRÚRGICA GINECOLOGÍA  ";"267";"121";"448";"345";"12";"376";"0"
"2023";"01";"140101";"LAMBAYEQUE";"CHICLAYO";"CHICLAYO";"ESSALUD";"III-1";"00008577";"HOSPITAL NACIONAL ALMANZOR AGUINAGA ASENJO";"244500";"HOSPITALIZACIÓN DE MEDICINA HEMATOLOGÍA ";"26";"29";"706";"578";"19";"627";"1"
"2023";"01";"140101";"LAMBAYEQUE";"CHICLAYO";"CHICLAYO";"ESSALUD";"III-1";"00008577";"HOSPITAL NACIONAL ALMANZOR AGUINAGA ASENJO";"241900";"HOSPITALIZACIÓN DE MEDICINA MEDICINA INTERNA ";"46";"42";"855";"827";"29";"828";"5"
"2023";"01";"140101";"LAMBAYEQUE";"CHICLAYO";"CHICLAYO";"ESSALUD";"III-1";"00008577";"HOSPITAL NACIONAL ALMANZOR AGUINAGA ASENJO";"244600";"HOSPITALIZACIÓN DE MEDICINA NEFROLOGIA ";"26";"25";"161";"176";"10";"264";"0"
"2023";"01";"140101";"LAMBAYEQUE";"CHICLAYO";"CHICLAYO";"ESSALUD";"III-1";"00008577";"HOSPITAL NACIONAL ALMANZOR AGUINAGA ASENJO";"243200";"HOSPITALIZACIÓN DE PEDIATRÍA PEDIATRIA NEONATOLOGÍA";"140";"50";"352";"585";"18";"585";"4"
"2023";"01";"140101";"LAMBAYEQUE";"CHICLAYO";"CHICLAYO";"ESSALUD";"III-1";"00008577";"HOSPITAL NACIONAL ALMANZOR AGUINAGA ASENJO";"245300";"HOSPITALIZACIÓN DE MEDICINA NEUMOLOGÍA  ";"12";"5";"40";"114";"2";"114";"1"
"2023";"01";"140101";"LAMBAYEQUE";"CHICLAYO";"CHICLAYO";"ESSALUD";"III-1";"00008577";"HOSPITAL NACIONAL ALMANZOR AGUINAGA ASENJO";"240900";"HOSPITALIZACIÓN QUIRÚRGICA NEUROCIRUGÍA ";"40";"20";"518";"502";"17";"502";"0"
"2023";"01";"140101";"LAMBAYEQUE";"CHICLAYO";"CHICLAYO";"ESSALUD";"III-1";"00008577";"HOSPITAL NACIONAL ALMANZOR AGUINAGA ASENJO";"244700";"HOSPITALIZACIÓN DE MEDICINA NEUROLOGIA  ";"22";"24";"370";"419";"14";"427";"0"
"2023";"01";"140101";"LAMBAYEQUE";"CHICLAYO";"CHICLAYO";"ESSALUD";"III-1";"00008577";"HOSPITAL NACIONAL ALMANZOR AGUINAGA ASENJO";"241600";"HOSPITALIZACIÓN QUIRÚRGICA OBSTETRICIA   ";"306";"205";"738";"915";"24";"915";"0"
"2023";"01";"140101";"LAMBAYEQUE";"CHICLAYO";"CHICLAYO";"ESSALUD";"III-1";"00008577";"HOSPITAL NACIONAL ALMANZOR AGUINAGA ASENJO";"240600";"HOSPITALIZACIÓN QUIRÚRGICA CIRUGÍA OFTALMOLÓGICA ";"3";"2";"12";"20";"2";"20";"0"
"2023";"01";"140101";"LAMBAYEQUE";"CHICLAYO";"CHICLAYO";"ESSALUD";"III-1";"00008577";"HOSPITAL NACIONAL ALMANZOR AGUINAGA ASENJO";"242100";"HOSPITALIZACIÓN DE MEDICINA ONCOLOGÍA MÉDICA ";"82";"86";"388";"427";"15";"453";"0"
"2023";"01";"140101";"LAMBAYEQUE";"CHICLAYO";"CHICLAYO";"ESSALUD";"III-1";"00008577";"HOSPITAL NACIONAL ALMANZOR AGUINAGA ASENJO";"241200";"HOSPITALIZACIÓN QUIRÚRGICA TRAUMATOLOGÍA Y ORTOPEDIA ";"209";"88";"777";"946";"30";"959";"0"
"2023";"01";"140101";"LAMBAYEQUE";"CHICLAYO";"CHICLAYO";"ESSALUD";"III-1";"00008577";"HOSPITAL NACIONAL ALMANZOR AGUINAGA ASENJO";"241100";"HOSPITALIZACIÓN QUIRÚRGICA OTORRINOLARINGOLOGÍA  ";"39";"28";"67";"64";"5";"112";"0"
"2023";"01";"140101";"LAMBAYEQUE";"CHICLAYO";"CHICLAYO";"ESSALUD";"III-1";"00008577";"HOSPITAL NACIONAL ALMANZOR AGUINAGA ASENJO";"242300";"HOSPITALIZACIÓN DE PEDIATRÍA  PEDIATRÍA  GENERAL ";"46";"39";"404";"342";"20";"613";"1"
"2023";"01";"140101";"LAMBAYEQUE";"CHICLAYO";"CHICLAYO";"ESSALUD";"III-1";"00008577";"HOSPITAL NACIONAL ALMANZOR AGUINAGA ASENJO";"242200";"HOSPITALIZACIÓN DE MEDICINA PSIQUIATRÍA ";"8";"9";"481";"265";"16";"496";"0"
"2023";"01";"140101";"LAMBAYEQUE";"CHICLAYO";"CHICLAYO";"ESSALUD";"III-1";"00008577";"HOSPITAL NACIONAL ALMANZOR AGUINAGA ASENJO";"241300";"HOSPITALIZACIÓN QUIRÚRGICA UROLOGÍA  ";"39";"26";"246";"248";"16";"372";"0"
"2023";"01";"140101";"LAMBAYEQUE";"CHICLAYO";"CHICLAYO";"ESSALUD";"III-1";"00008577";"HOSPITAL NACIONAL ALMANZOR AGUINAGA ASENJO";"250100";"UNIDAD DE CUIDADOS CRITICOS UNIDAD  DE CUIDADOS INTENSIVOS GENERALES (UCI) ";"49";"17";"274";"531";"40";"651";"14"
"2023";"01";"140101";"LAMBAYEQUE";"CHICLAYO";"CHICLAYO";"ESSALUD";"III-1";"00008577";"HOSPITAL NACIONAL ALMANZOR AGUINAGA ASENJO";"250200";"UNIDAD DE CUIDADOS CRITICOS UNIDAD DE CUIDADOS INTERMEDIOS GENERAL  (UCIN) ";"23";"8";"179";"383";"13";"403";"6"
"2023";"03";"110501";"ICA";"PISCO";"PISCO";"PRIVADO";"0";"00024336";"CENTRO DE MEDICINA FISICA Y REHABILITACION";"NE_0001";"";"NE_0001";"NE_0001";"NE_0001";"NE_0001";"NE_0001";"NE_0001";"NE_0001"
"2023";"02";"150101";"LIMA";"LIMA";"LIMA";"MINSA";"III-1";"00006206";"NACIONAL  DOS DE MAYO";"240900";"HOSPITALIZACIÓN QUIRÚRGICA NEUROCIRUGÍA ";"28";"31";"478";"364";"13";"364";"0"
"2023";"02";"150101";"LIMA";"LIMA";"LIMA";"MINSA";"III-1";"00006206";"NACIONAL  DOS DE MAYO";"241100";"HOSPITALIZACIÓN QUIRÚRGICA OTORRINOLARINGOLOGÍA  ";"7";"7";"40";"31";"2";"56";"0"
"2023";"02";"150101";"LIMA";"LIMA";"LIMA";"MINSA";"III-1";"00006206";"NACIONAL  DOS DE MAYO";"240700";"HOSPITALIZACIÓN QUIRÚRGICA CIRUGÍA PEDIÁTRICA ";"28";"29";"227";"138";"6";"168";"0"
"2023";"02";"150101";"LIMA";"LIMA";"LIMA";"MINSA";"III-1";"00006206";"NACIONAL  DOS DE MAYO";"240200";"HOSPITALIZACIÓN QUIRÚRGICA CIRUGÍA DE CABEZA Y CUELLO / MÁXILO FACIAL ";"19";"19";"164";"93";"6";"168";"0"
"2023";"02";"150101";"LIMA";"LIMA";"LIMA";"MINSA";"III-1";"00006206";"NACIONAL  DOS DE MAYO";"240800";"HOSPITALIZACIÓN QUIRÚRGICA CIRUGÍA PLÁSTICA/RECONSTRUCTIVA/ REPARADORA ";"7";"7";"109";"31";"4";"112";"0"
"2023";"02";"150101";"LIMA";"LIMA";"LIMA";"MINSA";"III-1";"00006206";"NACIONAL  DOS DE MAYO";"241400";"HOSPITALIZACIÓN QUIRÚRGICA GINECO - OBSTETRICIA ";"388";"376";"1470";"1194";"52";"1456";"0"
"2023";"02";"150101";"LIMA";"LIMA";"LIMA";"MINSA";"III-1";"00006206";"NACIONAL  DOS DE MAYO";"243200";"HOSPITALIZACIÓN DE PEDIATRÍA PEDIATRIA NEONATOLOGÍA";"96";"101";"575";"549";"27";"756";"0"
"2023";"02";"150101";"LIMA";"LIMA";"LIMA";"MINSA";"III-1";"00006206";"NACIONAL  DOS DE MAYO";"242300";"HOSPITALIZACIÓN DE PEDIATRÍA  PEDIATRÍA  GENERAL ";"55";"56";"340";"644";"24";"672";"0"
"2023";"02";"150101";"LIMA";"LIMA";"LIMA";"MINSA";"III-1";"00006206";"NACIONAL  DOS DE MAYO";"250100";"UNIDAD DE CUIDADOS CRITICOS UNIDAD  DE CUIDADOS INTENSIVOS GENERALES (UCI) ";"23";"36";"1565";"1212";"59";"1652";"17"
"2023";"03";"210101";"PUNO";"PUNO";"PUNO";"SANIDAD DE LA POLICIA NACIONAL DEL PERU";"I-3";"00010235";"UNIDAD EJECUTORA 020-1067 SANIDAD DE LA PNP";"NE_0001";"";"NE_0001";"NE_0001";"NE_0001";"NE_0001";"NE_0001";"NE_0001";"NE_0001"
"2023";"03";"200101";"PIURA";"PIURA";"PIURA";"ESSALUD";"II-1";"00010244";"HOSPITAL II JORGE REATEGUI DELGADO";"241900";"HOSPITALIZACIÓN DE MEDICINA MEDICINA INTERNA ";"47";"44";"316";"538";"18";"558";"6"
"2023";"03";"200101";"PIURA";"PIURA";"PIURA";"ESSALUD";"II-1";"00010244";"HOSPITAL II JORGE REATEGUI DELGADO";"240100";"HOSPITALIZACIÓN QUIRÚRGICA CIRUGÍA GENERAL ";"99";"98";"278";"434";"18";"558";"0"
"2023";"03";"200101";"PIURA";"PIURA";"PIURA";"ESSALUD";"II-1";"00010244";"HOSPITAL II JORGE REATEGUI DELGADO";"241400";"HOSPITALIZACIÓN QUIRÚRGICA GINECO - OBSTETRICIA ";"242";"242";"531";"613";"29";"899";"0"
"2023";"03";"200101";"PIURA";"PIURA";"PIURA";"ESSALUD";"II-1";"00010244";"HOSPITAL II JORGE REATEGUI DELGADO";"242300";"HOSPITALIZACIÓN DE PEDIATRÍA  PEDIATRÍA  GENERAL ";"66";"66";"259";"287";"11";"341";"1"
"2023";"03";"200101";"PIURA";"PIURA";"PIURA";"ESSALUD";"II-1";"00010244";"HOSPITAL II JORGE REATEGUI DELGADO";"243200";"HOSPITALIZACIÓN DE PEDIATRÍA PEDIATRIA NEONATOLOGÍA";"178";"178";"318";"101";"5";"155";"0"
"2023";"03";"070102";"CALLAO";"CALLAO";"BELLAVISTA";"PRIVADO";"II-1";"00009250";"CLINICAS AUNA - SEDE BELLAVISTA";"240000";"HOSPITALIZACIÓN";"121";"122";"405";"378";"18";"558";"1"
"2023";"03";"010701";"AMAZONAS";"UTCUBAMBA";"BAGUA GRANDE";"GOBIERNO REGIONAL";"II-1";"00005125";"HOSPITAL  SANTIAGO APOSTOL DE UTCUBAMBA";"240100";"HOSPITALIZACIÓN QUIRÚRGICA CIRUGÍA GENERAL ";"32";"27";"27";"83";"8";"248";"0"
"2023";"03";"010701";"AMAZONAS";"UTCUBAMBA";"BAGUA GRANDE";"GOBIERNO REGIONAL";"II-1";"00005125";"HOSPITAL  SANTIAGO APOSTOL DE UTCUBAMBA";"241200";"HOSPITALIZACIÓN QUIRÚRGICA TRAUMATOLOGÍA Y ORTOPEDIA ";"9";"8";"7";"31";"2";"62";"0"
"2023";"03";"010701";"AMAZONAS";"UTCUBAMBA";"BAGUA GRANDE";"GOBIERNO REGIONAL";"II-1";"00005125";"HOSPITAL  SANTIAGO APOSTOL DE UTCUBAMBA";"241400";"HOSPITALIZACIÓN QUIRÚRGICA GINECO - OBSTETRICIA ";"24";"24";"23";"57";"2";"62";"0"
"2023";"03";"010701";"AMAZONAS";"UTCUBAMBA";"BAGUA GRANDE";"GOBIERNO REGIONAL";"II-1";"00005125";"HOSPITAL  SANTIAGO APOSTOL DE UTCUBAMBA";"241600";"HOSPITALIZACIÓN QUIRÚRGICA OBSTETRICIA   ";"144";"141";"135";"257";"15";"465";"0"
"2023";"03";"010701";"AMAZONAS";"UTCUBAMBA";"BAGUA GRANDE";"GOBIERNO REGIONAL";"II-1";"00005125";"HOSPITAL  SANTIAGO APOSTOL DE UTCUBAMBA";"241800";"HOSPITALIZACIÓN DE MEDICINA MEDICINA GENERAL ";"30";"33";"27";"121";"11";"341";"0"
"2023";"03";"010701";"AMAZONAS";"UTCUBAMBA";"BAGUA GRANDE";"GOBIERNO REGIONAL";"II-1";"00005125";"HOSPITAL  SANTIAGO APOSTOL DE UTCUBAMBA";"242500";"HOSPITALIZACIÓN-PEDIATRÍA GENERAL-";"36";"36";"35";"94";"8";"248";"0"
"2023";"03";"010701";"AMAZONAS";"UTCUBAMBA";"BAGUA GRANDE";"GOBIERNO REGIONAL";"II-1";"00005125";"HOSPITAL  SANTIAGO APOSTOL DE UTCUBAMBA";"243200";"HOSPITALIZACIÓN DE PEDIATRÍA PEDIATRIA NEONATOLOGÍA";"12";"10";"10";"29";"7";"217";"0"
"2023";"03";"010701";"AMAZONAS";"UTCUBAMBA";"BAGUA GRANDE";"GOBIERNO REGIONAL";"II-1";"00005125";"HOSPITAL  SANTIAGO APOSTOL DE UTCUBAMBA";"250304";"HOSPIT. EN UNIDAD DE CUID.INTEN.-UNIDAD DE VIGILANCIA INTENSIVA (UVI)-MEDICINA";"10";"11";"8";"51";"5";"155";"6"
"2023";"01";"100111";"HUANUCO";"HUANUCO";"PILLCO MARCA";"GOBIERNO REGIONAL";"I-3";"00000757";"POTRACANCHA";"NE_0001";"";"NE_0001";"NE_0001";"NE_0001";"NE_0001";"NE_0001";"NE_0001";"NE_0001"
"2023";"01";"080906";"CUSCO";"LA CONVENCION";"QUELLOUNO";"GOBIERNO REGIONAL";"I-2";"00002466";"HUILLCAPAMPA";"NE_0001";"";"NE_0001";"NE_0001";"NE_0001";"NE_0001";"NE_0001";"NE_0001";"NE_0001"
"2023";"01";"080408";"CUSCO";"CALCA";"YANATILE";"GOBIERNO REGIONAL";"I-1";"00002363";"TUPAC AMARU QUELLOUNO";"NE_0001";"";"NE_0001";"NE_0001";"NE_0001";"NE_0001";"NE_0001";"NE_0001";"NE_0001"
"2023";"01";"080905";"CUSCO";"LA CONVENCION";"OCOBAMBA";"GOBIERNO REGIONAL";"I-1";"00002463";"CHINGANILLA";"NE_0001";"";"NE_0001";"NE_0001";"NE_0001";"NE_0001";"NE_0001";"NE_0001";"NE_0001"
"2023";"01";"080906";"CUSCO";"LA CONVENCION";"QUELLOUNO";"GOBIERNO REGIONAL";"I-1";"00008907";"MATORIATO";"NE_0001";"";"NE_0001";"NE_0001";"NE_0001";"NE_0001";"NE_0001";"NE_0001";"NE_0001"
"2023";"01";"080906";"CUSCO";"LA CONVENCION";"QUELLOUNO";"GOBIERNO REGIONAL";"I-2";"00008909";"CHAPO BOYERO";"NE_0001";"";"NE_0001";"NE_0001";"NE_0001";"NE_0001";"NE_0001";"NE_0001";"NE_0001"
"2023";"01";"080905";"CUSCO";"LA CONVENCION";"OCOBAMBA";"GOBIERNO REGIONAL";"I-3";"00002462";"OCCOBAMBA LACONVENCION";"NE_0001";"";"NE_0001";"NE_0001";"NE_0001";"NE_0001";"NE_0001";"NE_0001";"NE_0001"
"2023";"01";"080906";"CUSCO";"LA CONVENCION";"QUELLOUNO";"GOBIERNO REGIONAL";"I-1";"00008906";"ESTRELLA";"NE_0001";"";"NE_0001";"NE_0001";"NE_0001";"NE_0001";"NE_0001";"NE_0001";"NE_0001"
"2023";"01";"080906";"CUSCO";"LA CONVENCION";"QUELLOUNO";"GOBIERNO REGIONAL";"I-4";"00002465";"QUELLOUNO";"NE_0001";"";"NE_0001";"NE_0001";"NE_0001";"NE_0001";"NE_0001";"NE_0001";"NE_0001"
"2023";"01";"080906";"CUSCO";"LA CONVENCION";"QUELLOUNO";"GOBIERNO REGIONAL";"I-2";"00002468";"SAN MARTIN";"NE_0001";"";"NE_0001";"NE_0001";"NE_0001";"NE_0001";"NE_0001";"NE_0001";"NE_0001"
"2023";"01";"080906";"CUSCO";"LA CONVENCION";"QUELLOUNO";"GOBIERNO REGIONAL";"I-1";"00008908";"CHIRUMBIA";"NE_0001";"";"NE_0001";"NE_0001";"NE_0001";"NE_0001";"NE_0001";"NE_0001";"NE_0001"
"2023";"01";"150110";"LIMA";"LIMA";"COMAS";"PRIVADO";"II-E";"00030606";"VISANA CLINICA  ESPECIALIZADA OFTALMOLOGICA";"NE_0001";"";"NE_0001";"NE_0001";"NE_0001";"NE_0001";"NE_0001";"NE_0001";"NE_0001"
"2023";"02";"110301";"ICA";"NAZCA";"NAZCA";"SANIDAD DE LA POLICIA NACIONAL DEL PERU";"I-2";"00011399";"UNIDAD EJECUTORA 020:SANIDAD DE LA PNP";"NE_0001";"";"NE_0001";"NE_0001";"NE_0001";"NE_0001";"NE_0001";"NE_0001";"NE_0001"
"2023";"02";"130401";"LA LIBERTAD";"CHEPEN";"CHEPEN";"SANIDAD DE LA POLICIA NACIONAL DEL PERU";"I-1";"00025659";"Puesto de Salud de la Sanidad PNP. Chepén  I - 1";"NE_0001";"";"NE_0001";"NE_0001";"NE_0001";"NE_0001";"NE_0001";"NE_0001";"NE_0001"
"2023";"02";"220101";"SAN MARTIN";"MOYOBAMBA";"MOYOBAMBA";"GOBIERNO REGIONAL";"I-2";"00006282";"LA CONQUISTA";"NE_0001";"";"NE_0001";"NE_0001";"NE_0001";"NE_0001";"NE_0001";"NE_0001";"NE_0001"
"2023";"02";"220809";"SAN MARTIN";"RIOJA";"YURACYACU";"GOBIERNO REGIONAL";"I-3";"00006281";"YURACYACU";"NE_0002";"";"NE_0002";"NE_0002";"NE_0002";"NE_0002";"NE_0002";"NE_0002";"NE_0002"
"2023";"02";"060101";"CAJAMARCA";"CAJAMARCA";"CAJAMARCA";"GOBIERNO REGIONAL";"II-E";"00004655";"SIMON BOLIVAR";"241400";"HOSPITALIZACIÓN QUIRÚRGICA GINECO - OBSTETRICIA ";"280";"282";"385";"458";"21";"588";"0"
"2023";"02";"060101";"CAJAMARCA";"CAJAMARCA";"CAJAMARCA";"GOBIERNO REGIONAL";"II-E";"00004655";"SIMON BOLIVAR";"240100";"HOSPITALIZACIÓN QUIRÚRGICA CIRUGÍA GENERAL ";"35";"33";"128";"373";"15";"420";"0"
"2023";"02";"060101";"CAJAMARCA";"CAJAMARCA";"CAJAMARCA";"GOBIERNO REGIONAL";"II-E";"00004655";"SIMON BOLIVAR";"241800";"HOSPITALIZACIÓN DE MEDICINA MEDICINA GENERAL ";"41";"50";"193";"249";"10";"280";"0"
"2023";"02";"060101";"CAJAMARCA";"CAJAMARCA";"CAJAMARCA";"GOBIERNO REGIONAL";"II-E";"00004655";"SIMON BOLIVAR";"242300";"HOSPITALIZACIÓN DE PEDIATRÍA  PEDIATRÍA  GENERAL ";"201";"204";"315";"118";"5";"140";"0"
"2023";"02";"150132";"LIMA";"LIMA";"SAN JUAN DE LURIGANCHO";"ESSALUD";"II-1";"00008317";"HOSPITAL AURELIO DIAZ UFANO Y PERAL";"241900";"HOSPITALIZACIÓN DE MEDICINA MEDICINA INTERNA ";"56";"55";"259";"257";"10";"281";"10"
"2023";"02";"150132";"LIMA";"LIMA";"SAN JUAN DE LURIGANCHO";"ESSALUD";"II-1";"00008317";"HOSPITAL AURELIO DIAZ UFANO Y PERAL";"242300";"HOSPITALIZACIÓN DE PEDIATRÍA  PEDIATRÍA  GENERAL ";"46";"44";"128";"139";"7";"209";"0"
"2023";"02";"150132";"LIMA";"LIMA";"SAN JUAN DE LURIGANCHO";"ESSALUD";"II-1";"00008317";"HOSPITAL AURELIO DIAZ UFANO Y PERAL";"243200";"HOSPITALIZACIÓN DE PEDIATRÍA PEDIATRIA NEONATOLOGÍA";"6";"5";"8";"10";"3";"84";"0"
"2023";"02";"110305";"ICA";"NAZCA";"VISTA ALEGRE";"ESSALUD";"I-3";"00010429";"NASCA";"NE_0001";"";"NE_0001";"NE_0001";"NE_0001";"NE_0001";"NE_0001";"NE_0001";"NE_0001"
"2023";"02";"080107";"CUSCO";"CUSCO";"SAYLLA";"GOBIERNO REGIONAL";"I-2";"00002314";"SAYLLA";"NE_0002";"";"NE_0002";"NE_0002";"NE_0002";"NE_0002";"NE_0002";"NE_0002";"NE_0002"
"2023";"02";"080104";"CUSCO";"CUSCO";"SAN JERONIMO";"GOBIERNO REGIONAL";"I-4";"00002300";"SAN JERONIMO";"NE_0002";"";"NE_0002";"NE_0002";"NE_0002";"NE_0002";"NE_0002";"NE_0002";"NE_0002"
"2023";"02";"080206";"CUSCO";"ACOMAYO";"RONDOCAN";"GOBIERNO REGIONAL";"I-3";"00002323";"RONDOCAN";"NE_0002";"";"NE_0002";"NE_0002";"NE_0002";"NE_0002";"NE_0002";"NE_0002";"NE_0002"
"2023";"02";"080105";"CUSCO";"CUSCO";"SAN SEBASTIAN";"GOBIERNO REGIONAL";"I-3";"00002301";"SAN SEBASTIAN";"NE_0002";"";"NE_0002";"NE_0002";"NE_0002";"NE_0002";"NE_0002";"NE_0002";"NE_0002"
"2023";"02";"080104";"CUSCO";"CUSCO";"SAN JERONIMO";"GOBIERNO REGIONAL";"I-1";"00007699";"CONCHACALLE";"NE_0002";"";"NE_0002";"NE_0002";"NE_0002";"NE_0002";"NE_0002";"NE_0002";"NE_0002"
"2023";"02";"080105";"CUSCO";"CUSCO";"SAN SEBASTIAN";"GOBIERNO REGIONAL";"I-3";"00002303";"SANTA ROSA";"NE_0002";"";"NE_0002";"NE_0002";"NE_0002";"NE_0002";"NE_0002";"NE_0002";"NE_0002"
"2023";"02";"150131";"LIMA";"LIMA";"SAN ISIDRO";"PRIVADO";"I-4";"00008389";"IPOR: INSTITUTO PERUANO DE ONCOLOGIA & RADIOTERAPIA";"NE_0001";"";"NE_0001";"NE_0001";"NE_0001";"NE_0001";"NE_0001";"NE_0001";"NE_0001"
"2023";"02";"040101";"AREQUIPA";"AREQUIPA";"AREQUIPA";"GOBIERNO REGIONAL";"III-1";"00001231";"HOSPITAL REGIONAL HONORIO DELGADO ESPINOZA";"241500";"HOSPITALIZACIÓN QUIRÚRGICA GINECOLOGÍA  ";"53";"59";"376";"346";"27";"756";"0"
"2023";"02";"070102";"CALLAO";"CALLAO";"BELLAVISTA";"ESSALUD";"III-1";"00008265";"HOSPITAL NACIONAL ALBERTO SABOGAL SOLOGUREN DE LA RED ASISTENCIAL SABOGAL";"241900";"HOSPITALIZACIÓN DE MEDICINA MEDICINA INTERNA ";"419";"448";"5757";"5260";"201";"5628";"28"
"2023";"02";"070102";"CALLAO";"CALLAO";"BELLAVISTA";"ESSALUD";"III-1";"00008265";"HOSPITAL NACIONAL ALBERTO SABOGAL SOLOGUREN DE LA RED ASISTENCIAL SABOGAL";"240100";"HOSPITALIZACIÓN QUIRÚRGICA CIRUGÍA GENERAL ";"152";"147";"1068";"945";"36";"1008";"2"
"2023";"02";"070102";"CALLAO";"CALLAO";"BELLAVISTA";"ESSALUD";"III-1";"00008265";"HOSPITAL NACIONAL ALBERTO SABOGAL SOLOGUREN DE LA RED ASISTENCIAL SABOGAL";"240200";"HOSPITALIZACIÓN QUIRÚRGICA CIRUGÍA DE CABEZA Y CUELLO / MÁXILO FACIAL ";"49";"49";"250";"226";"9";"244";"0"
"2023";"02";"070102";"CALLAO";"CALLAO";"BELLAVISTA";"ESSALUD";"III-1";"00008265";"HOSPITAL NACIONAL ALBERTO SABOGAL SOLOGUREN DE LA RED ASISTENCIAL SABOGAL";"240400";"HOSPITALIZACIÓN QUIRÚRGICA CIRUGÍA DE TÓRAX Y CARDIOVASCULAR ";"12";"8";"37";"78";"3";"84";"0"
"2023";"02";"070102";"CALLAO";"CALLAO";"BELLAVISTA";"ESSALUD";"III-1";"00008265";"HOSPITAL NACIONAL ALBERTO SABOGAL SOLOGUREN DE LA RED ASISTENCIAL SABOGAL";"240800";"HOSPITALIZACIÓN QUIRÚRGICA CIRUGÍA PLÁSTICA/RECONSTRUCTIVA/ REPARADORA ";"3";"2";"11";"34";"1";"36";"0"
"2023";"02";"070102";"CALLAO";"CALLAO";"BELLAVISTA";"ESSALUD";"III-1";"00008265";"HOSPITAL NACIONAL ALBERTO SABOGAL SOLOGUREN DE LA RED ASISTENCIAL SABOGAL";"241700";"HOSPITALIZACIÓN QUIRÚRGICA GINECOLOGÍA   GINECOLOGIA ONCOLOGiCA";"68";"69";"180";"153";"6";"168";"0"
"2023";"02";"070102";"CALLAO";"CALLAO";"BELLAVISTA";"ESSALUD";"III-1";"00008265";"HOSPITAL NACIONAL ALBERTO SABOGAL SOLOGUREN DE LA RED ASISTENCIAL SABOGAL";"241900";"HOSPITALIZACIÓN DE MEDICINA MEDICINA INTERNA ";"18";"18";"180";"125";"5";"140";"0"
"2023";"02";"070102";"CALLAO";"CALLAO";"BELLAVISTA";"ESSALUD";"III-1";"00008265";"HOSPITAL NACIONAL ALBERTO SABOGAL SOLOGUREN DE LA RED ASISTENCIAL SABOGAL";"242000";"HOSPITALIZACIÓN DE MEDICINA MEDICINA TROPICAL E INFECCIOSAS ";"19";"22";"231";"294";"11";"308";"0"
"2023";"02";"070102";"CALLAO";"CALLAO";"BELLAVISTA";"ESSALUD";"III-1";"00008265";"HOSPITAL NACIONAL ALBERTO SABOGAL SOLOGUREN DE LA RED ASISTENCIAL SABOGAL";"242100";"HOSPITALIZACIÓN DE MEDICINA ONCOLOGÍA MÉDICA ";"95";"94";"409";"401";"15";"420";"2"
"2023";"02";"070102";"CALLAO";"CALLAO";"BELLAVISTA";"ESSALUD";"III-1";"00008265";"HOSPITAL NACIONAL ALBERTO SABOGAL SOLOGUREN DE LA RED ASISTENCIAL SABOGAL";"240700";"HOSPITALIZACIÓN QUIRÚRGICA CIRUGÍA PEDIÁTRICA ";"54";"53";"228";"320";"12";"336";"0"
"2023";"02";"070102";"CALLAO";"CALLAO";"BELLAVISTA";"ESSALUD";"III-1";"00008265";"HOSPITAL NACIONAL ALBERTO SABOGAL SOLOGUREN DE LA RED ASISTENCIAL SABOGAL";"240900";"HOSPITALIZACIÓN QUIRÚRGICA NEUROCIRUGÍA ";"39";"35";"314";"335";"13";"364";"0"
"2023";"02";"070102";"CALLAO";"CALLAO";"BELLAVISTA";"ESSALUD";"III-1";"00008265";"HOSPITAL NACIONAL ALBERTO SABOGAL SOLOGUREN DE LA RED ASISTENCIAL SABOGAL";"241100";"HOSPITALIZACIÓN QUIRÚRGICA OTORRINOLARINGOLOGÍA  ";"38";"37";"106";"135";"5";"140";"0"
"2023";"02";"070102";"CALLAO";"CALLAO";"BELLAVISTA";"ESSALUD";"III-1";"00008265";"HOSPITAL NACIONAL ALBERTO SABOGAL SOLOGUREN DE LA RED ASISTENCIAL SABOGAL";"241200";"HOSPITALIZACIÓN QUIRÚRGICA TRAUMATOLOGÍA Y ORTOPEDIA ";"104";"108";"1128";"1047";"40";"1120";"1"
"2023";"02";"070102";"CALLAO";"CALLAO";"BELLAVISTA";"ESSALUD";"III-1";"00008265";"HOSPITAL NACIONAL ALBERTO SABOGAL SOLOGUREN DE LA RED ASISTENCIAL SABOGAL";"241300";"HOSPITALIZACIÓN QUIRÚRGICA UROLOGÍA  ";"82";"78";"426";"463";"18";"504";"0"
"2023";"02";"070102";"CALLAO";"CALLAO";"BELLAVISTA";"ESSALUD";"III-1";"00008265";"HOSPITAL NACIONAL ALBERTO SABOGAL SOLOGUREN DE LA RED ASISTENCIAL SABOGAL";"241500";"HOSPITALIZACIÓN QUIRÚRGICA GINECOLOGÍA  ";"66";"68";"221";"227";"10";"280";"0"
"2023";"02";"070102";"CALLAO";"CALLAO";"BELLAVISTA";"ESSALUD";"III-1";"00008265";"HOSPITAL NACIONAL ALBERTO SABOGAL SOLOGUREN DE LA RED ASISTENCIAL SABOGAL";"241600";"HOSPITALIZACIÓN QUIRÚRGICA OBSTETRICIA   ";"207";"223";"888";"876";"45";"1260";"0"
"2023";"02";"070102";"CALLAO";"CALLAO";"BELLAVISTA";"ESSALUD";"III-1";"00008265";"HOSPITAL NACIONAL ALBERTO SABOGAL SOLOGUREN DE LA RED ASISTENCIAL SABOGAL";"242300";"HOSPITALIZACIÓN DE PEDIATRÍA  PEDIATRÍA  GENERAL ";"78";"82";"1059";"925";"34";"952";"0"
"2023";"02";"070102";"CALLAO";"CALLAO";"BELLAVISTA";"ESSALUD";"III-1";"00008265";"HOSPITAL NACIONAL ALBERTO SABOGAL SOLOGUREN DE LA RED ASISTENCIAL SABOGAL";"250100";"UNIDAD DE CUIDADOS CRITICOS UNIDAD  DE CUIDADOS INTENSIVOS GENERALES (UCI) ";"20";"33";"256";"172";"7";"196";"14"
"2023";"02";"070102";"CALLAO";"CALLAO";"BELLAVISTA";"ESSALUD";"III-1";"00008265";"HOSPITAL NACIONAL ALBERTO SABOGAL SOLOGUREN DE LA RED ASISTENCIAL SABOGAL";"250200";"UNIDAD DE CUIDADOS CRITICOS UNIDAD DE CUIDADOS INTERMEDIOS GENERAL  (UCIN) ";"14";"33";"574";"243";"9";"252";"2"
"2023";"02";"040703";"AREQUIPA";"ISLAY";"DEAN VALDIVIA";"GOBIERNO REGIONAL";"I-3";"00001449";"CENTRO DE SALUD LA CURVA";"NE_0001";"";"NE_0001";"NE_0001";"NE_0001";"NE_0001";"NE_0001";"NE_0001";"NE_0001"
"2023";"02";"040703";"AREQUIPA";"ISLAY";"DEAN VALDIVIA";"GOBIERNO REGIONAL";"I-2";"00001450";"PUESTO DE SALUD ALTO ENSENADA";"NE_0001";"";"NE_0001";"NE_0001";"NE_0001";"NE_0001";"NE_0001";"NE_0001";"NE_0001"
"2023";"02";"040703";"AREQUIPA";"ISLAY";"DEAN VALDIVIA";"GOBIERNO REGIONAL";"I-2";"00001451";"PUESTO DE SALUD EL ARENAL";"NE_0001";"";"NE_0001";"NE_0001";"NE_0001";"NE_0001";"NE_0001";"NE_0001";"NE_0001"
"2023";"02";"040706";"AREQUIPA";"ISLAY";"PUNTA DE BOMBON";"GOBIERNO REGIONAL";"I-3";"00001446";"CENTRO DE SALUD LA PUNTA";"NE_0001";"";"NE_0001";"NE_0001";"NE_0001";"NE_0001";"NE_0001";"NE_0001";"NE_0001"
"2023";"03";"110207";"ICA";"CHINCHA";"PUEBLO NUEVO";"SANIDAD DE LA POLICIA NACIONAL DEL PERU";"I-3";"00011398";"POLICLINICO POLICIAL CHINCHA";"NE_0001";"";"NE_0001";"NE_0001";"NE_0001";"NE_0001";"NE_0001";"NE_0001";"NE_0001"
"2023";"03";"090206";"HUANCAVELICA";"ACOBAMBA";"PAUCARA";"GOBIERNO REGIONAL";"I-2";"00006823";"PUESTO DE SALUD CHOPCCAPAMPA";"NE_0001";"";"NE_0001";"NE_0001";"NE_0001";"NE_0001";"NE_0001";"NE_0001";"NE_0001"
"2023";"03";"150135";"LIMA";"LIMA";"SAN MARTIN DE PORRES";"SANIDAD DE LA POLICIA NACIONAL DEL PERU";"I-2";"00012739";"POLICLINICO POLICIAL SAN DIEGO";"NE_0001";"";"NE_0001";"NE_0001";"NE_0001";"NE_0001";"NE_0001";"NE_0001";"NE_0001"
"2023";"03";"050202";"AYACUCHO";"CANGALLO";"CHUSCHI";"GOBIERNO REGIONAL";"I-1";"00003593";"PUESTO DE SALUD PUNKUPATA";"NE_0002";"";"NE_0002";"NE_0002";"NE_0002";"NE_0002";"NE_0002";"NE_0002";"NE_0002"
"2023";"03";"050202";"AYACUCHO";"CANGALLO";"CHUSCHI";"GOBIERNO REGIONAL";"I-2";"00003592";"PUESTO DE SALUD CATALINAYOC";"NE_0002";"";"NE_0002";"NE_0002";"NE_0002";"NE_0002";"NE_0002";"NE_0002";"NE_0002"
"2023";"03";"050114";"AYACUCHO";"HUAMANGA";"VINCHOS";"GOBIERNO REGIONAL";"I-3";"00003590";"CENTRO DE  SALUD PUTACCA";"241600";"HOSPITALIZACIÓN QUIRÚRGICA OBSTETRICIA   ";"4";"4";"8";"2";"1";"5";"0"
"2023";"03";"050114";"AYACUCHO";"HUAMANGA";"VINCHOS";"GOBIERNO REGIONAL";"I-1";"00003591";"ROSASPATA";"NE_0002";"";"NE_0002";"NE_0002";"NE_0002";"NE_0002";"NE_0002";"NE_0002";"NE_0002"
"2023";"03";"050202";"AYACUCHO";"CANGALLO";"CHUSCHI";"GOBIERNO REGIONAL";"I-1";"00006753";"PUESTO DE SALUD CUCHUQUESERA";"NE_0002";"";"NE_0002";"NE_0002";"NE_0002";"NE_0002";"NE_0002";"NE_0002";"NE_0002"
"2023";"03";"050114";"AYACUCHO";"HUAMANGA";"VINCHOS";"GOBIERNO REGIONAL";"I-1";"00003589";"PUESTO DE SALUD MILLPO";"NE_0002";"";"NE_0002";"NE_0002";"NE_0002";"NE_0002";"NE_0002";"NE_0002";"NE_0002"
"2023";"03";"080105";"CUSCO";"CUSCO";"SAN SEBASTIAN";"SANIDAD DE LA POLICIA NACIONAL DEL PERU";"I-3";"00011743";"POLICIAL ""SANTA ROSA""  CUSCO";"NE_0001";"";"NE_0001";"NE_0001";"NE_0001";"NE_0001";"NE_0001";"NE_0001";"NE_0001"
"2023";"03";"130101";"LA LIBERTAD";"TRUJILLO";"TRUJILLO";"SANIDAD DE LA POLICIA NACIONAL DEL PERU";"I-3";"00011154";"SANIDAD DE LA PNP - TRUJILLO";"NE_0001";"";"NE_0001";"NE_0001";"NE_0001";"NE_0001";"NE_0001";"NE_0001";"NE_0001"
"2023";"03";"200701";"PIURA";"TALARA";"PARIÑAS";"PRIVADO";"I-2";"00012359";"CENTRO OFTALMOLOGICO DE TALARA SRL";"NE_0001";"";"NE_0001";"NE_0001";"NE_0001";"NE_0001";"NE_0001";"NE_0001";"NE_0001"
"2023";"03";"070101";"CALLAO";"CALLAO";"CALLAO";"PRIVADO";"II-2";"00018319";"HOSPITAL ALBERTO LEONARDO BARTON THOMPSON";"250100";"UNIDAD DE CUIDADOS CRITICOS UNIDAD  DE CUIDADOS INTENSIVOS GENERALES (UCI) ";"18";"10";"154";"388";"14";"458";"9"
"2023";"03";"070101";"CALLAO";"CALLAO";"CALLAO";"PRIVADO";"II-2";"00018319";"HOSPITAL ALBERTO LEONARDO BARTON THOMPSON";"250200";"UNIDAD DE CUIDADOS CRITICOS UNIDAD DE CUIDADOS INTERMEDIOS GENERAL  (UCIN) ";"10";"16";"153";"387";"20";"647";"2"
"2023";"03";"090118";"HUANCAVELICA";"HUANCAVELICA";"ASCENSION";"ESSALUD";"II-1";"00009132";"HOSPITAL II HUANCAVELICA";"241800";"HOSPITALIZACIÓN DE MEDICINA MEDICINA GENERAL ";"52";"53";"259";"302";"9";"302";"1"
"2023";"03";"090118";"HUANCAVELICA";"HUANCAVELICA";"ASCENSION";"ESSALUD";"II-1";"00009132";"HOSPITAL II HUANCAVELICA";"240100";"HOSPITALIZACIÓN QUIRÚRGICA CIRUGÍA GENERAL ";"49";"47";"215";"262";"8";"262";"0"
"2023";"03";"090118";"HUANCAVELICA";"HUANCAVELICA";"ASCENSION";"ESSALUD";"II-1";"00009132";"HOSPITAL II HUANCAVELICA";"241200";"HOSPITALIZACIÓN QUIRÚRGICA TRAUMATOLOGÍA Y ORTOPEDIA ";"5";"7";"30";"21";"4";"87";"0"
"2023";"03";"090118";"HUANCAVELICA";"HUANCAVELICA";"ASCENSION";"ESSALUD";"II-1";"00009132";"HOSPITAL II HUANCAVELICA";"241400";"HOSPITALIZACIÓN QUIRÚRGICA GINECO - OBSTETRICIA ";"9";"9";"29";"29";"3";"93";"0"
"2023";"03";"090118";"HUANCAVELICA";"HUANCAVELICA";"ASCENSION";"ESSALUD";"II-1";"00009132";"HOSPITAL II HUANCAVELICA";"241600";"HOSPITALIZACIÓN QUIRÚRGICA OBSTETRICIA   ";"61";"60";"137";"186";"6";"186";"0"
"2023";"03";"090118";"HUANCAVELICA";"HUANCAVELICA";"ASCENSION";"ESSALUD";"II-1";"00009132";"HOSPITAL II HUANCAVELICA";"242300";"HOSPITALIZACIÓN DE PEDIATRÍA  PEDIATRÍA  GENERAL ";"44";"45";"90";"94";"5";"155";"0"
"2023";"03";"090118";"HUANCAVELICA";"HUANCAVELICA";"ASCENSION";"ESSALUD";"II-1";"00009132";"HOSPITAL II HUANCAVELICA";"250300";"UNIDAD DE CUIDADOS CRITICOS UNIDAD DE VIGILANCIA INTENSIVA  CLINICA (UVIC) ";"21";"21";"29";"33";"2";"62";"5"
"2023";"03";"060607";"CAJAMARCA";"CUTERVO";"QUEROCOTILLO";"GOBIERNO REGIONAL";"I-1";"00004969";"EL MOLINO";"NE_0001";"";"NE_0001";"NE_0001";"NE_0001";"NE_0001";"NE_0001";"NE_0001";"NE_0001"
"2023";"03";"060603";"CAJAMARCA";"CUTERVO";"CHOROS";"GOBIERNO REGIONAL";"I-1";"00004973";"EL ROLLO";"NE_0001";"";"NE_0001";"NE_0001";"NE_0001";"NE_0001";"NE_0001";"NE_0001";"NE_0001"
"2023";"03";"060607";"CAJAMARCA";"CUTERVO";"QUEROCOTILLO";"GOBIERNO REGIONAL";"I-1";"00006860";"TECHIN";"NE_0001";"";"NE_0001";"NE_0001";"NE_0001";"NE_0001";"NE_0001";"NE_0001";"NE_0001"
"2023";"03";"060602";"CAJAMARCA";"CUTERVO";"CALLAYUC";"GOBIERNO REGIONAL";"I-1";"00004962";"HUABAL";"NE_0001";"";"NE_0001";"NE_0001";"NE_0001";"NE_0001";"NE_0001";"NE_0001";"NE_0001"
"2023";"03";"060607";"CAJAMARCA";"CUTERVO";"QUEROCOTILLO";"GOBIERNO REGIONAL";"I-1";"00005008";"CHUMBICATE";"NE_0001";"";"NE_0001";"NE_0001";"NE_0001";"NE_0001";"NE_0001";"NE_0001";"NE_0001"
"2023";"03";"060607";"CAJAMARCA";"CUTERVO";"QUEROCOTILLO";"GOBIERNO REGIONAL";"I-1";"00006859";"MOSHOQUEQUE";"NE_0001";"";"NE_0001";"NE_0001";"NE_0001";"NE_0001";"NE_0001";"NE_0001";"NE_0001"
"2023";"03";"060602";"CAJAMARCA";"CUTERVO";"CALLAYUC";"GOBIERNO REGIONAL";"I-3";"00004964";"CHIPLE";"NE_0001";"";"NE_0001";"NE_0001";"NE_0001";"NE_0001";"NE_0001";"NE_0001";"NE_0001"
"2023";"03";"060602";"CAJAMARCA";"CUTERVO";"CALLAYUC";"GOBIERNO REGIONAL";"I-1";"00004965";"QUEROMARCA";"NE_0001";"";"NE_0001";"NE_0001";"NE_0001";"NE_0001";"NE_0001";"NE_0001";"NE_0001"
"2023";"03";"060606";"CAJAMARCA";"CUTERVO";"PIMPINGOS";"GOBIERNO REGIONAL";"I-2";"00005013";"CASA BLANCA";"NE_0001";"";"NE_0001";"NE_0001";"NE_0001";"NE_0001";"NE_0001";"NE_0001";"NE_0001"
"2023";"02";"150143";"LIMA";"LIMA";"VILLA MARIA DEL TRIUNFO";"PRIVADO";"I-4";"00010229";"CENTRO MEDICO ESPECIALIZADO VIRGEN DE LAS MERCEDES E.I.R.L";"NE_0002";"";"NE_0002";"NE_0002";"NE_0002";"NE_0002";"NE_0002";"NE_0002";"NE_0002"
"2023";"02";"150142";"LIMA";"LIMA";"VILLA EL SALVADOR";"PRIVADO";"I-2";"00013687";"ARIE";"NE_0002";"";"NE_0002";"NE_0002";"NE_0002";"NE_0002";"NE_0002";"NE_0002";"NE_0002"
"2023";"02";"150117";"LIMA";"LIMA";"LOS OLIVOS";"PRIVADO";"I-2";"00012429";"OFTALMOLOGICA WONG";"NE_0001";"";"NE_0001";"NE_0001";"NE_0001";"NE_0001";"NE_0001";"NE_0001";"NE_0001"
"2023";"02";"040302";"AREQUIPA";"CARAVELI";"ACARI";"ESSALUD";"I-2";"00012195";"POSTA MEDICA ACARI";"NE_0001";"";"NE_0001";"NE_0001";"NE_0001";"NE_0001";"NE_0001";"NE_0001";"NE_0001"
"2023";"02";"150116";"LIMA";"LIMA";"LINCE";"PRIVADO";"II-E";"00023918";"CLINICA CIRLAP";"240000";"HOSPITALIZACIÓN";"29";"29";"76";"63";"12";"360";"0"
"2023";"02";"220510";"SAN MARTIN";"LAMAS";"TABALOSOS";"GOBIERNO REGIONAL";"I-1";"00015377";"HUNGURAHUI PAMPA";"NE_0001";"";"NE_0001";"NE_0001";"NE_0001";"NE_0001";"NE_0001";"NE_0001";"NE_0001"
"2023";"02";"220506";"SAN MARTIN";"LAMAS";"PINTO RECODO";"GOBIERNO REGIONAL";"I-1";"00006411";"MISHQUIYACU PINTO RECODO";"NE_0001";"";"NE_0001";"NE_0001";"NE_0001";"NE_0001";"NE_0001";"NE_0001";"NE_0001"
"2023";"02";"220510";"SAN MARTIN";"LAMAS";"TABALOSOS";"GOBIERNO REGIONAL";"I-1";"00006413";"SAN MIGUEL DEL RIO MAYO";"NE_0001";"";"NE_0001";"NE_0001";"NE_0001";"NE_0001";"NE_0001";"NE_0001";"NE_0001"
"2023";"02";"220510";"SAN MARTIN";"LAMAS";"TABALOSOS";"GOBIERNO REGIONAL";"I-4";"00006408";"TABALOSOS";"241600";"HOSPITALIZACIÓN QUIRÚRGICA OBSTETRICIA   ";"10";"10";"10";"2";"8";"224";"0"
"2023";"02";"220510";"SAN MARTIN";"LAMAS";"TABALOSOS";"GOBIERNO REGIONAL";"I-1";"00006414";"PUCAYACU PANJUI";"NE_0001";"";"NE_0001";"NE_0001";"NE_0001";"NE_0001";"NE_0001";"NE_0001";"NE_0001"
"2023";"02";"220509";"SAN MARTIN";"LAMAS";"SHANAO";"GOBIERNO REGIONAL";"I-1";"00006412";"SHANAO";"NE_0001";"";"NE_0001";"NE_0001";"NE_0001";"NE_0001";"NE_0001";"NE_0001";"NE_0001"
"2023";"02";"061109";"CAJAMARCA";"SAN MIGUEL";"NIEPOS";"GOBIERNO REGIONAL";"I-1";"00004560";"EL NARANJO";"NE_0001";"";"NE_0001";"NE_0001";"NE_0001";"NE_0001";"NE_0001";"NE_0001";"NE_0001"
"2023";"02";"061109";"CAJAMARCA";"SAN MIGUEL";"NIEPOS";"GOBIERNO REGIONAL";"I-2";"00004557";"NIEPOS";"NE_0001";"";"NE_0001";"NE_0001";"NE_0001";"NE_0001";"NE_0001";"NE_0001";"NE_0001"
"2023";"02";"061109";"CAJAMARCA";"SAN MIGUEL";"NIEPOS";"GOBIERNO REGIONAL";"I-1";"00004558";"LANCHEZ";"NE_0001";"";"NE_0001";"NE_0001";"NE_0001";"NE_0001";"NE_0001";"NE_0001";"NE_0001"
"2023";"02";"061109";"CAJAMARCA";"SAN MIGUEL";"NIEPOS";"GOBIERNO REGIONAL";"I-1";"00004559";"MIRAVALLES";"NE_0001";"";"NE_0001";"NE_0001";"NE_0001";"NE_0001";"NE_0001";"NE_0001";"NE_0001"
"2023";"02";"061106";"CAJAMARCA";"SAN MIGUEL";"LA FLORIDA";"GOBIERNO REGIONAL";"I-3";"00004556";"LA FLORIDA";"NE_0001";"";"NE_0001";"NE_0001";"NE_0001";"NE_0001";"NE_0001";"NE_0001";"NE_0001"
"2023";"01";"150130";"LIMA";"LIMA";"SAN BORJA";"PRIVADO";"II-1";"00010515";"CLINICA SANTA LUCIA S.A.C.";"240100";"HOSPITALIZACIÓN QUIRÚRGICA CIRUGÍA GENERAL ";"13";"13";"13";"13";"7";"217";"0"
"2023";"01";"150130";"LIMA";"LIMA";"SAN BORJA";"PRIVADO";"II-1";"00010515";"CLINICA SANTA LUCIA S.A.C.";"240800";"HOSPITALIZACIÓN QUIRÚRGICA CIRUGÍA PLÁSTICA/RECONSTRUCTIVA/ REPARADORA ";"10";"10";"10";"10";"5";"155";"0"
"2023";"01";"150130";"LIMA";"LIMA";"SAN BORJA";"PRIVADO";"II-1";"00010515";"CLINICA SANTA LUCIA S.A.C.";"241200";"HOSPITALIZACIÓN QUIRÚRGICA TRAUMATOLOGÍA Y ORTOPEDIA ";"15";"15";"15";"15";"10";"310";"0"
"2023";"01";"150130";"LIMA";"LIMA";"SAN BORJA";"PRIVADO";"II-1";"00010515";"CLINICA SANTA LUCIA S.A.C.";"241300";"HOSPITALIZACIÓN QUIRÚRGICA UROLOGÍA  ";"35";"35";"35";"35";"5";"310";"0"
"2023";"01";"150130";"LIMA";"LIMA";"SAN BORJA";"PRIVADO";"II-1";"00010515";"CLINICA SANTA LUCIA S.A.C.";"241400";"HOSPITALIZACIÓN QUIRÚRGICA GINECO - OBSTETRICIA ";"9";"9";"9";"9";"3";"93";"0"
"2023";"02";"150130";"LIMA";"LIMA";"SAN BORJA";"PRIVADO";"II-1";"00010515";"CLINICA SANTA LUCIA S.A.C.";"240100";"HOSPITALIZACIÓN QUIRÚRGICA CIRUGÍA GENERAL ";"33";"33";"333";"33";"5";"155";"0"
"2023";"02";"150130";"LIMA";"LIMA";"SAN BORJA";"PRIVADO";"II-1";"00010515";"CLINICA SANTA LUCIA S.A.C.";"240800";"HOSPITALIZACIÓN QUIRÚRGICA CIRUGÍA PLÁSTICA/RECONSTRUCTIVA/ REPARADORA ";"4";"4";"4";"4";"5";"155";"0"
"2023";"02";"150130";"LIMA";"LIMA";"SAN BORJA";"PRIVADO";"II-1";"00010515";"CLINICA SANTA LUCIA S.A.C.";"241200";"HOSPITALIZACIÓN QUIRÚRGICA TRAUMATOLOGÍA Y ORTOPEDIA ";"6";"6";"6";"6";"5";"155";"0"
"2023";"02";"150130";"LIMA";"LIMA";"SAN BORJA";"PRIVADO";"II-1";"00010515";"CLINICA SANTA LUCIA S.A.C.";"241300";"HOSPITALIZACIÓN QUIRÚRGICA UROLOGÍA  ";"22";"22";"22";"22";"5";"155";"0"
"2023";"02";"150130";"LIMA";"LIMA";"SAN BORJA";"PRIVADO";"II-1";"00010515";"CLINICA SANTA LUCIA S.A.C.";"241500";"HOSPITALIZACIÓN QUIRÚRGICA GINECOLOGÍA  ";"15";"15";"15";"15";"5";"155";"0"
"2023";"02";"150501";"LIMA";"CAÑETE";"SAN VICENTE DE CAÑETE";"GOBIERNO REGIONAL";"II-2";"00005986";"HOSPITAL REZOLA";"240100";"HOSPITALIZACIÓN QUIRÚRGICA CIRUGÍA GENERAL ";"106";"121";"414";"371";"20";"560";"0"
"2023";"02";"150501";"LIMA";"CAÑETE";"SAN VICENTE DE CAÑETE";"GOBIERNO REGIONAL";"II-2";"00005986";"HOSPITAL REZOLA";"241400";"HOSPITALIZACIÓN QUIRÚRGICA GINECO - OBSTETRICIA ";"204";"222";"467";"446";"25";"700";"0"
"2023";"02";"150501";"LIMA";"CAÑETE";"SAN VICENTE DE CAÑETE";"GOBIERNO REGIONAL";"II-2";"00005986";"HOSPITAL REZOLA";"241500";"HOSPITALIZACIÓN QUIRÚRGICA GINECOLOGÍA  ";"26";"27";"66";"64";"3";"84";"0"
"2023";"02";"150501";"LIMA";"CAÑETE";"SAN VICENTE DE CAÑETE";"GOBIERNO REGIONAL";"II-2";"00005986";"HOSPITAL REZOLA";"241800";"HOSPITALIZACIÓN DE MEDICINA MEDICINA GENERAL ";"51";"68";"476";"396";"19";"532";"3"
"2023";"02";"150501";"LIMA";"CAÑETE";"SAN VICENTE DE CAÑETE";"GOBIERNO REGIONAL";"II-2";"00005986";"HOSPITAL REZOLA";"242500";"HOSPITALIZACIÓN-PEDIATRÍA GENERAL-";"32";"38";"158";"139";"12";"336";"0"
"2023";"02";"150501";"LIMA";"CAÑETE";"SAN VICENTE DE CAÑETE";"GOBIERNO REGIONAL";"II-2";"00005986";"HOSPITAL REZOLA";"243200";"HOSPITALIZACIÓN DE PEDIATRÍA PEDIATRIA NEONATOLOGÍA";"22";"25";"123";"110";"10";"280";"0"
"2023";"02";"150501";"LIMA";"CAÑETE";"SAN VICENTE DE CAÑETE";"GOBIERNO REGIONAL";"II-2";"00005986";"HOSPITAL REZOLA";"250103";"UNIDAD DE CUIDADOS CRITICOS UNIDAD  DE CUIDADOS INTENSIVOS GENERALES  (UCI) MEDICINA";"4";"5";"62";"21";"4";"112";"3"
"2023";"02";"150501";"LIMA";"CAÑETE";"SAN VICENTE DE CAÑETE";"GOBIERNO REGIONAL";"II-2";"00005986";"HOSPITAL REZOLA";"250105";"UNIDAD DE CUIDADOS CRITICOS UNIDAD  DE CUIDADOS INTENSIVOS  (UCI) NEONATOLOGÍA";"4";"7";"54";"28";"5";"140";"1"
"2023";"03";"150140";"LIMA";"LIMA";"SANTIAGO DE SURCO";"PRIVADO";"II-E";"00013064";"CLINICA CEDRON";"240000";"HOSPITALIZACIÓN";"34";"33";"41";"43";"6";"186";"0"
"2023";"03";"150121";"LIMA";"LIMA";"PUEBLO LIBRE";"PRIVADO";"II-E";"00012492";"CLINICA DE OJOS VISUAL OPHTHALMICS";"NE_0001";"";"NE_0001";"NE_0001";"NE_0001";"NE_0001";"NE_0001";"NE_0001";"NE_0001"
"2023";"03";"040109";"AREQUIPA";"AREQUIPA";"MARIANO MELGAR";"PRIVADO";"II-E";"00019481";"CLINICA J. PRADO SANTA MARIA E.I.R.L.";"240000";"HOSPITALIZACIÓN";"256";"265";"359";"348";"35";"1085";"0"
"2023";"03";"220901";"SAN MARTIN";"SAN MARTIN";"TARAPOTO";"GOBIERNO REGIONAL";"II-2";"00006918";"HOSPITAL TARAPOTO";"240100";"HOSPITALIZACIÓN QUIRÚRGICA CIRUGÍA GENERAL ";"214";"217";"1408";"1408";"46";"1426";"0"
"2023";"03";"220901";"SAN MARTIN";"SAN MARTIN";"TARAPOTO";"GOBIERNO REGIONAL";"II-2";"00006918";"HOSPITAL TARAPOTO";"241400";"HOSPITALIZACIÓN QUIRÚRGICA GINECO - OBSTETRICIA ";"280";"282";"708";"708";"28";"868";"0"
"2023";"03";"220901";"SAN MARTIN";"SAN MARTIN";"TARAPOTO";"GOBIERNO REGIONAL";"II-2";"00006918";"HOSPITAL TARAPOTO";"241500";"HOSPITALIZACIÓN QUIRÚRGICA GINECOLOGÍA  ";"30";"29";"96";"96";"7";"217";"0"
"2023";"03";"220901";"SAN MARTIN";"SAN MARTIN";"TARAPOTO";"GOBIERNO REGIONAL";"II-2";"00006918";"HOSPITAL TARAPOTO";"241800";"HOSPITALIZACIÓN DE MEDICINA MEDICINA GENERAL ";"142";"161";"1294";"1294";"42";"1302";"7"
"2023";"03";"220901";"SAN MARTIN";"SAN MARTIN";"TARAPOTO";"GOBIERNO REGIONAL";"II-2";"00006918";"HOSPITAL TARAPOTO";"242500";"HOSPITALIZACIÓN-PEDIATRÍA GENERAL-";"44";"52";"416";"416";"15";"465";"0"
"2023";"03";"120606";"JUNIN";"SATIPO";"PANGOA";"GOBIERNO REGIONAL";"I-2";"00000448";"NAYLAM DE SONOMORO";"NE_0001";"";"NE_0001";"NE_0001";"NE_0001";"NE_0001";"NE_0001";"NE_0001";"NE_0001"
"2023";"03";"120606";"JUNIN";"SATIPO";"PANGOA";"GOBIERNO REGIONAL";"I-1";"00011138";"SANTA ELENA";"NE_0001";"";"NE_0001";"NE_0001";"NE_0001";"NE_0001";"NE_0001";"NE_0001";"NE_0001"
"2023";"03";"120606";"JUNIN";"SATIPO";"PANGOA";"GOBIERNO REGIONAL";"I-1";"00021803";"LOS MANANTIALES";"NE_0001";"";"NE_0001";"NE_0001";"NE_0001";"NE_0001";"NE_0001";"NE_0001";"NE_0001"
"2023";"03";"120606";"JUNIN";"SATIPO";"PANGOA";"GOBIERNO REGIONAL";"I-2";"00006880";"CIUDAD DE DIOS";"NE_0001";"";"NE_0001";"NE_0001";"NE_0001";"NE_0001";"NE_0001";"NE_0001";"NE_0001"
"2023";"03";"150116";"LIMA";"LIMA";"LINCE";"PRIVADO";"I-3";"00017909";"POLICLINICO RISSO";"NE_0001";"";"NE_0001";"NE_0001";"NE_0001";"NE_0001";"NE_0001";"NE_0001";"NE_0001"
"2023";"03";"060812";"CAJAMARCA";"JAEN";"SANTA ROSA";"GOBIERNO REGIONAL";"I-3";"00004262";"PUENTECILLOS";"NE_0001";"";"NE_0001";"NE_0001";"NE_0001";"NE_0001";"NE_0001";"NE_0001";"NE_0001"
"2023";"03";"060101";"CAJAMARCA";"CAJAMARCA";"CAJAMARCA";"PRIVADO";"I-3";"00010487";"MARIA BELEN SRL";"NE_0001";"";"NE_0001";"NE_0001";"NE_0001";"NE_0001";"NE_0001";"NE_0001";"NE_0001"
"2023";"03";"050204";"AYACUCHO";"CANGALLO";"MARIA PARADO DE BELLIDO";"GOBIERNO REGIONAL";"I-1";"00007303";"PUESTO DE SALUD ÑUÑUNHUAYCCO";"NE_0001";"";"NE_0001";"NE_0001";"NE_0001";"NE_0001";"NE_0001";"NE_0001";"NE_0001"
"2023";"03";"050203";"AYACUCHO";"CANGALLO";"LOS MOROCHUCOS";"GOBIERNO REGIONAL";"I-1";"00017085";"PUESTO DE SALUD HUALLCHANCCA";"NE_0001";"";"NE_0001";"NE_0001";"NE_0001";"NE_0001";"NE_0001";"NE_0001";"NE_0001"
"2023";"03";"050201";"AYACUCHO";"CANGALLO";"CANGALLO";"GOBIERNO REGIONAL";"I-1";"00003506";"PUESTO DE SALUD INCARACCAY";"NE_0001";"";"NE_0001";"NE_0001";"NE_0001";"NE_0001";"NE_0001";"NE_0001";"NE_0001"
"2023";"03";"050201";"AYACUCHO";"CANGALLO";"CANGALLO";"GOBIERNO REGIONAL";"I-1";"00006607";"PUESTO DE SALUD CHICHUCANCHA";"NE_0001";"";"NE_0001";"NE_0001";"NE_0001";"NE_0001";"NE_0001";"NE_0001";"NE_0001"
"2023";"03";"050203";"AYACUCHO";"CANGALLO";"LOS MOROCHUCOS";"GOBIERNO REGIONAL";"I-1";"00007302";"PUESTO DE SALUD SATICA";"NE_0001";"";"NE_0001";"NE_0001";"NE_0001";"NE_0001";"NE_0001";"NE_0001";"NE_0001"
"2023";"03";"050201";"AYACUCHO";"CANGALLO";"CANGALLO";"GOBIERNO REGIONAL";"I-1";"00003496";"PUESTO DE SALUD HUANCARUCMA";"NE_0001";"";"NE_0001";"NE_0001";"NE_0001";"NE_0001";"NE_0001";"NE_0001";"NE_0001"
"2023";"03";"050201";"AYACUCHO";"CANGALLO";"CANGALLO";"GOBIERNO REGIONAL";"I-1";"00003497";"PUESTO DE SALUD PUTICA";"NE_0001";"";"NE_0001";"NE_0001";"NE_0001";"NE_0001";"NE_0001";"NE_0001";"NE_0001"
"2023";"03";"050203";"AYACUCHO";"CANGALLO";"LOS MOROCHUCOS";"GOBIERNO REGIONAL";"I-4";"00003507";"CENTRO DE SALUD PAMPA CANGALLO";"240100";"HOSPITALIZACIÓN QUIRÚRGICA CIRUGÍA GENERAL ";"22";"8";"8";"7";"7";"9";"0"
"2023";"03";"050203";"AYACUCHO";"CANGALLO";"LOS MOROCHUCOS";"GOBIERNO REGIONAL";"I-2";"00003508";"PUESTO DE SALUD CHANQUIL";"NE_0001";"";"NE_0001";"NE_0001";"NE_0001";"NE_0001";"NE_0001";"NE_0001";"NE_0001"
"2023";"03";"050201";"AYACUCHO";"CANGALLO";"CANGALLO";"GOBIERNO REGIONAL";"I-1";"00003495";"PUESTO DE SALUD HUAHUAPUQUIO";"NE_0001";"";"NE_0001";"NE_0001";"NE_0001";"NE_0001";"NE_0001";"NE_0001";"NE_0001"
"2023";"03";"051002";"AYACUCHO";"VICTOR FAJARDO";"ALCAMENCA";"GOBIERNO REGIONAL";"I-1";"00003499";"PUESTO DE SALUD HUAMBO";"NE_0001";"";"NE_0001";"NE_0001";"NE_0001";"NE_0001";"NE_0001";"NE_0001";"NE_0001"
"2023";"03";"050203";"AYACUCHO";"CANGALLO";"LOS MOROCHUCOS";"GOBIERNO REGIONAL";"I-1";"00017084";"PUESTO DE SALUD JUSCAYMARCA";"NE_0001";"";"NE_0001";"NE_0001";"NE_0001";"NE_0001";"NE_0001";"NE_0001";"NE_0001"
"2023";"03";"051002";"AYACUCHO";"VICTOR FAJARDO";"ALCAMENCA";"GOBIERNO REGIONAL";"I-1";"00003498";"PUESTO DE SALUD ALCAMENCA";"NE_0001";"";"NE_0001";"NE_0001";"NE_0001";"NE_0001";"NE_0001";"NE_0001";"NE_0001"
"2023";"03";"100102";"HUANUCO";"HUANUCO";"AMARILIS";"PRIVADO";"II-E";"00027693";"CENTRO MEDICO ESPECIALIZADO PRIMAVERA";"NE_0001";"";"NE_0001";"NE_0001";"NE_0001";"NE_0001";"NE_0001";"NE_0001";"NE_0001"
"2023";"03";"140101";"LAMBAYEQUE";"CHICLAYO";"CHICLAYO";"PRIVADO";"I-3";"00008229";"SERVIMEDICOS S.A.C.";"NE_0001";"";"NE_0001";"NE_0001";"NE_0001";"NE_0001";"NE_0001";"NE_0001";"NE_0001"
"2023";"03";"130901";"LA LIBERTAD";"SANCHEZ CARRION";"HUAMACHUCO";"GOBIERNO REGIONAL";"I-3";"00026446";"CENTRO DE SALUD MENTAL COMUNITARIO SEMBRANDO ESPERANZA DE HUAMACHUCO";"NE_0001";"";"NE_0001";"NE_0001";"NE_0001";"NE_0001";"NE_0001";"NE_0001";"NE_0001"
"2023";"03";"150132";"LIMA";"LIMA";"SAN JUAN DE LURIGANCHO";"PRIVADO";"II-2";"00009104";"CLINICA SAN MIGUEL ARCANGEL S.A.C.";"241800";"HOSPITALIZACIÓN DE MEDICINA MEDICINA GENERAL ";"5";"5";"7";"7";"2";"62";"0"
"2023";"03";"150132";"LIMA";"LIMA";"SAN JUAN DE LURIGANCHO";"PRIVADO";"II-2";"00009104";"CLINICA SAN MIGUEL ARCANGEL S.A.C.";"240100";"HOSPITALIZACIÓN QUIRÚRGICA CIRUGÍA GENERAL ";"11";"13";"15";"13";"3";"93";"0"
"2023";"03";"150132";"LIMA";"LIMA";"SAN JUAN DE LURIGANCHO";"PRIVADO";"II-2";"00009104";"CLINICA SAN MIGUEL ARCANGEL S.A.C.";"241400";"HOSPITALIZACIÓN QUIRÚRGICA GINECO - OBSTETRICIA ";"5";"6";"15";"13";"2";"62";"0"
"2023";"03";"150132";"LIMA";"LIMA";"SAN JUAN DE LURIGANCHO";"PRIVADO";"II-2";"00009104";"CLINICA SAN MIGUEL ARCANGEL S.A.C.";"241600";"HOSPITALIZACIÓN QUIRÚRGICA OBSTETRICIA   ";"3";"3";"4";"4";"1";"31";"0"
"2023";"03";"150132";"LIMA";"LIMA";"SAN JUAN DE LURIGANCHO";"PRIVADO";"II-2";"00009104";"CLINICA SAN MIGUEL ARCANGEL S.A.C.";"241300";"HOSPITALIZACIÓN QUIRÚRGICA UROLOGÍA  ";"4";"4";"9";"9";"1";"31";"0"
"2023";"03";"150132";"LIMA";"LIMA";"SAN JUAN DE LURIGANCHO";"PRIVADO";"II-2";"00009104";"CLINICA SAN MIGUEL ARCANGEL S.A.C.";"240900";"HOSPITALIZACIÓN QUIRÚRGICA NEUROCIRUGÍA ";"1";"1";"2";"2";"1";"31";"0"
"2023";"03";"060101";"CAJAMARCA";"CAJAMARCA";"CAJAMARCA";"PRIVADO";"II-1";"00009591";"CLINICA LIMATAMBO CAJAMARCA S.A.C.";"240000";"HOSPITALIZACIÓN";"168";"165";"379";"365";"33";"744";"0"
"2023";"03";"220910";"SAN MARTIN";"SAN MARTIN";"MORALES";"ESSALUD";"I-2";"00027730";"CENTRO DE ATENCIÓN PRIMARIA MORALES - ESSALUD";"NE_0001";"";"NE_0001";"NE_0001";"NE_0001";"NE_0001";"NE_0001";"NE_0001";"NE_0001"
"2023";"03";"080706";"CUSCO";"CHUMBIVILCAS";"LLUSCO";"GOBIERNO REGIONAL";"I-1";"00006985";"TOTORAPALLCA";"NE_0001";"";"NE_0001";"NE_0001";"NE_0001";"NE_0001";"NE_0001";"NE_0001";"NE_0001"
"2023";"03";"150509";"LIMA";"CAÑETE";"MALA";"ESSALUD";"I-3";"00010569";"CENTRO MEDICO MALA";"NE_0001";"";"NE_0001";"NE_0001";"NE_0001";"NE_0001";"NE_0001";"NE_0001";"NE_0001"
"2023";"03";"090201";"HUANCAVELICA";"ACOBAMBA";"ACOBAMBA";"GOBIERNO REGIONAL";"I-3";"00022075";"CENTRO DE SALUD MENTAL COMUNITARIO ACOBAMBA";"NE_0001";"";"NE_0001";"NE_0001";"NE_0001";"NE_0001";"NE_0001";"NE_0001";"NE_0001"
"2023";"03";"220904";"SAN MARTIN";"SAN MARTIN";"CHAZUTA";"GOBIERNO REGIONAL";"I-4";"00006423";"CHAZUTA";"241600";"HOSPITALIZACIÓN QUIRÚRGICA OBSTETRICIA   ";"10";"10";"10";"10";"5";"155";"0"
"2023";"03";"220904";"SAN MARTIN";"SAN MARTIN";"CHAZUTA";"GOBIERNO REGIONAL";"I-4";"00006423";"CHAZUTA";"241800";"HOSPITALIZACIÓN DE MEDICINA MEDICINA GENERAL ";"15";"15";"26";"26";"5";"155";"0"
"2023";"03";"060101";"CAJAMARCA";"CAJAMARCA";"CAJAMARCA";"PRIVADO";"II-1";"00009234";"CLINICA LOS FRESNOS";"240100";"HOSPITALIZACIÓN QUIRÚRGICA CIRUGÍA GENERAL ";"12";"12";"20";"12";"12";"13";"0"
"2023";"03";"060101";"CAJAMARCA";"CAJAMARCA";"CAJAMARCA";"PRIVADO";"II-1";"00009234";"CLINICA LOS FRESNOS";"241400";"HOSPITALIZACIÓN QUIRÚRGICA GINECO - OBSTETRICIA ";"17";"17";"40";"17";"17";"18";"0"
"2023";"03";"060101";"CAJAMARCA";"CAJAMARCA";"CAJAMARCA";"PRIVADO";"II-1";"00009234";"CLINICA LOS FRESNOS";"241900";"HOSPITALIZACIÓN DE MEDICINA MEDICINA INTERNA ";"13";"13";"38";"13";"13";"14";"0"
"2023";"03";"060101";"CAJAMARCA";"CAJAMARCA";"CAJAMARCA";"PRIVADO";"II-1";"00009234";"CLINICA LOS FRESNOS";"241200";"HOSPITALIZACIÓN QUIRÚRGICA TRAUMATOLOGÍA Y ORTOPEDIA ";"9";"9";"20";"9";"9";"10";"0"
"2023";"03";"060101";"CAJAMARCA";"CAJAMARCA";"CAJAMARCA";"PRIVADO";"II-1";"00009234";"CLINICA LOS FRESNOS";"242300";"HOSPITALIZACIÓN DE PEDIATRÍA  PEDIATRÍA  GENERAL ";"13";"13";"27";"13";"13";"14";"0"
"2023";"02";"060801";"CAJAMARCA";"JAEN";"JAEN";"GOBIERNO REGIONAL";"I-2";"00010007";"GRANADILLAS";"NE_0001";"";"NE_0001";"NE_0001";"NE_0001";"NE_0001";"NE_0001";"NE_0001";"NE_0001"
"2023";"02";"060801";"CAJAMARCA";"JAEN";"JAEN";"GOBIERNO REGIONAL";"I-1";"00004218";"VISTA ALEGRE  DE ZONANGA";"NE_0001";"";"NE_0001";"NE_0001";"NE_0001";"NE_0001";"NE_0001";"NE_0001";"NE_0001"
"2023";"02";"060801";"CAJAMARCA";"JAEN";"JAEN";"GOBIERNO REGIONAL";"I-1";"00004217";"TABACAL";"NE_0001";"";"NE_0001";"NE_0001";"NE_0001";"NE_0001";"NE_0001";"NE_0001";"NE_0001"
"2023";"02";"060801";"CAJAMARCA";"JAEN";"JAEN";"GOBIERNO REGIONAL";"I-3";"00004219";"CHAMBAMONTERA";"NE_0001";"";"NE_0001";"NE_0001";"NE_0001";"NE_0001";"NE_0001";"NE_0001";"NE_0001"
"2023";"02";"200101";"PIURA";"PIURA";"PIURA";"PRIVADO";"II-1";"00018310";"SANNA - CLINICA BELEN";"240000";"HOSPITALIZACIÓN";"296";"307";"785";"768";"36";"1008";"1"
"2023";"02";"200101";"PIURA";"PIURA";"PIURA";"PRIVADO";"II-1";"00018310";"SANNA - CLINICA BELEN";"250100";"UNIDAD DE CUIDADOS CRITICOS UNIDAD  DE CUIDADOS INTENSIVOS GENERALES (UCI) ";"11";"11";"126";"100";"5";"140";"4"
"2023";"02";"050101";"AYACUCHO";"HUAMANGA";"AYACUCHO";"GOBIERNO REGIONAL";"I-3";"00006898";"CENTRO DE  SALUD MOLLEPATA";"NE_0001";"";"NE_0001";"NE_0001";"NE_0001";"NE_0001";"NE_0001";"NE_0001";"NE_0001"
"2023";"02";"050101";"AYACUCHO";"HUAMANGA";"AYACUCHO";"GOBIERNO REGIONAL";"I-4";"00003576";"CENTRO DE SALUD LOS LICENCIADOS";"241600";"HOSPITALIZACIÓN QUIRÚRGICA OBSTETRICIA   ";"24";"24";"24";"3";"7";"10";"0"
"2023";"02";"050115";"AYACUCHO";"HUAMANGA";"JESUS NAZARENO";"GOBIERNO REGIONAL";"I-2";"00011365";"PUESTO DE SALUD VILLA SAN CRISTOBAL";"NE_0001";"";"NE_0001";"NE_0001";"NE_0001";"NE_0001";"NE_0001";"NE_0001";"NE_0001"
"2023";"02";"150125";"LIMA";"LIMA";"PUENTE PIEDRA";"SANIDAD DE LA POLICIA NACIONAL DEL PERU";"I-2";"00012923";"POSTA MEDICA POLICIAL ETS  ESCUELA PUENTE PIEDRA";"NE_0002";"";"NE_0002";"NE_0002";"NE_0002";"NE_0002";"NE_0002";"NE_0002";"NE_0002"
"2023";"02";"080601";"CUSCO";"CANCHIS";"SICUANI";"SANIDAD DE LA POLICIA NACIONAL DEL PERU";"I-2";"00024663";"SANIDAD PNP  SICUANI";"NE_0001";"";"NE_0001";"NE_0001";"NE_0001";"NE_0001";"NE_0001";"NE_0001";"NE_0001"
"2023";"02";"010601";"AMAZONAS";"RODRIGUEZ DE MENDOZA";"SAN NICOLAS";"GOBIERNO REGIONAL";"II-1";"00004950";"MARIA AUXILIADORA";"241600";"HOSPITALIZACIÓN QUIRÚRGICA OBSTETRICIA   ";"14";"14";"25";"25";"4";"112";"0"
"2023";"02";"010601";"AMAZONAS";"RODRIGUEZ DE MENDOZA";"SAN NICOLAS";"GOBIERNO REGIONAL";"II-1";"00004950";"MARIA AUXILIADORA";"241800";"HOSPITALIZACIÓN DE MEDICINA MEDICINA GENERAL ";"27";"27";"114";"114";"11";"308";"0"
"2023";"02";"130101";"LA LIBERTAD";"TRUJILLO";"TRUJILLO";"PRIVADO";"II-E";"00021009";"CLINICA SAN LUIS ASISTENCIAL DOCENTE S.R.L.";"240100";"HOSPITALIZACIÓN QUIRÚRGICA CIRUGÍA GENERAL ";"194";"216";"229";"244";"24";"720";"0"
"2023";"02";"130101";"LA LIBERTAD";"TRUJILLO";"TRUJILLO";"PRIVADO";"II-E";"00021009";"CLINICA SAN LUIS ASISTENCIAL DOCENTE S.R.L.";"241400";"HOSPITALIZACIÓN QUIRÚRGICA GINECO - OBSTETRICIA ";"51";"51";"65";"74";"24";"720";"0"
"2023";"02";"040101";"AREQUIPA";"AREQUIPA";"AREQUIPA";"GOBIERNO REGIONAL";"III-2";"00007397";"INSTITUTO REGIONAL DE ENFERMEDADES NEOPLASICAS DEL SUR";"240000";"HOSPITALIZACIÓN";"131";"126";"864";"915";"36";"1008";"9"
"2023";"01";"150140";"LIMA";"LIMA";"SANTIAGO DE SURCO";"PRIVADO";"II-E";"00011110";"CLINICA CAMPBELL";"240800";"HOSPITALIZACIÓN QUIRÚRGICA CIRUGÍA PLÁSTICA/RECONSTRUCTIVA/ REPARADORA ";"13";"13";"13";"13";"2";"60";"0"
"2023";"02";"060108";"CAJAMARCA";"CAJAMARCA";"LOS BAÑOS DEL INCA";"ESSALUD";"I-3";"00010821";"CENTRO DE ATENCION PRIMARIA II";"NE_0001";"";"NE_0001";"NE_0001";"NE_0001";"NE_0001";"NE_0001";"NE_0001";"NE_0001"
"2023";"02";"040101";"AREQUIPA";"AREQUIPA";"AREQUIPA";"GOBIERNO REGIONAL";"III-2";"00007397";"INSTITUTO REGIONAL DE ENFERMEDADES NEOPLASICAS DEL SUR";"250100";"UNIDAD DE CUIDADOS CRITICOS UNIDAD  DE CUIDADOS INTENSIVOS GENERALES (UCI) ";"4";"3";"15";"16";"2";"56";"0"
"2023";"02";"130103";"LA LIBERTAD";"TRUJILLO";"FLORENCIA DE MORA";"GOBIERNO REGIONAL";"II-1";"00005217";"HOSPITAL DISTRITAL EL ESFUERZO DE FLORENCIA DE MORA";"241600";"HOSPITALIZACIÓN QUIRÚRGICA OBSTETRICIA   ";"19";"19";"23";"19";"7";"196";"0"
"2023";"02";"130103";"LA LIBERTAD";"TRUJILLO";"FLORENCIA DE MORA";"GOBIERNO REGIONAL";"II-1";"00005217";"HOSPITAL DISTRITAL EL ESFUERZO DE FLORENCIA DE MORA";"241400";"HOSPITALIZACIÓN QUIRÚRGICA GINECO - OBSTETRICIA ";"5";"5";"20";"5";"3";"84";"0"
"2023";"02";"220805";"SAN MARTIN";"RIOJA";"PARDO MIGUEL";"GOBIERNO REGIONAL";"I-1";"00006306";"EL MIRADOR";"NE_0002";"";"NE_0002";"NE_0002";"NE_0002";"NE_0002";"NE_0002";"NE_0002";"NE_0002"
"2023";"02";"220805";"SAN MARTIN";"RIOJA";"PARDO MIGUEL";"GOBIERNO REGIONAL";"I-1";"00006309";"TUMBARO";"NE_0002";"";"NE_0002";"NE_0002";"NE_0002";"NE_0002";"NE_0002";"NE_0002";"NE_0002"
"2023";"02";"220805";"SAN MARTIN";"RIOJA";"PARDO MIGUEL";"GOBIERNO REGIONAL";"I-2";"00006304";"AGUAS CLARAS";"NE_0002";"";"NE_0002";"NE_0002";"NE_0002";"NE_0002";"NE_0002";"NE_0002";"NE_0002"
"2023";"02";"220805";"SAN MARTIN";"RIOJA";"PARDO MIGUEL";"GOBIERNO REGIONAL";"I-1";"00006308";"SAN AGUSTIN";"NE_0002";"";"NE_0002";"NE_0002";"NE_0002";"NE_0002";"NE_0002";"NE_0002";"NE_0002"
"2023";"02";"220805";"SAN MARTIN";"RIOJA";"PARDO MIGUEL";"GOBIERNO REGIONAL";"I-2";"00006305";"AGUAS VERDES";"NE_0002";"";"NE_0002";"NE_0002";"NE_0002";"NE_0002";"NE_0002";"NE_0002";"NE_0002"
"2023";"02";"220805";"SAN MARTIN";"RIOJA";"PARDO MIGUEL";"GOBIERNO REGIONAL";"I-1";"00006310";"PERLA DEL MAYO";"NE_0002";"";"NE_0002";"NE_0002";"NE_0002";"NE_0002";"NE_0002";"NE_0002";"NE_0002"
"2023";"02";"220805";"SAN MARTIN";"RIOJA";"PARDO MIGUEL";"GOBIERNO REGIONAL";"I-1";"00006307";"PIONEROS BAJO (SAN JUAN DEL MAYO)";"NE_0002";"";"NE_0002";"NE_0002";"NE_0002";"NE_0002";"NE_0002";"NE_0002";"NE_0002"
"2023";"02";"220805";"SAN MARTIN";"RIOJA";"PARDO MIGUEL";"GOBIERNO REGIONAL";"I-4";"00006303";"CENTRO DE NARANJOS";"241600";"HOSPITALIZACIÓN QUIRÚRGICA OBSTETRICIA   ";"8";"8";"10";"16";"6";"164";"0"
"2023";"02";"220805";"SAN MARTIN";"RIOJA";"PARDO MIGUEL";"GOBIERNO REGIONAL";"I-4";"00006303";"CENTRO DE NARANJOS";"241800";"HOSPITALIZACIÓN DE MEDICINA MEDICINA GENERAL ";"15";"15";"33";"30";"3";"60";"0"
"2023";"02";"020101";"ANCASH";"HUARAZ";"HUARAZ";"GOBIERNO REGIONAL";"II-2";"00001543";"HOSPITAL ""VICTOR RAMOS GUARDIA"" - HUARAZ";"244000";"HOSPITALIZACIÓN DE MEDICINA CARDIOLOGIA ";"5";"7";"31";"37";"2";"56";"0"
"2023";"02";"020101";"ANCASH";"HUARAZ";"HUARAZ";"GOBIERNO REGIONAL";"II-2";"00001543";"HOSPITAL ""VICTOR RAMOS GUARDIA"" - HUARAZ";"244300";"HOSPITALIZACIÓN DE MEDICINA GASTROENTEROLOGÍA  ";"9";"12";"127";"75";"4";"112";"1"
"2023";"02";"020101";"ANCASH";"HUARAZ";"HUARAZ";"GOBIERNO REGIONAL";"II-2";"00001543";"HOSPITAL ""VICTOR RAMOS GUARDIA"" - HUARAZ";"241800";"HOSPITALIZACIÓN DE MEDICINA MEDICINA GENERAL ";"37";"48";"336";"338";"18";"504";"5"
"2023";"02";"020101";"ANCASH";"HUARAZ";"HUARAZ";"GOBIERNO REGIONAL";"II-2";"00001543";"HOSPITAL ""VICTOR RAMOS GUARDIA"" - HUARAZ";"245300";"HOSPITALIZACIÓN DE MEDICINA NEUMOLOGÍA  ";"8";"13";"116";"76";"4";"112";"2"
"2023";"02";"020101";"ANCASH";"HUARAZ";"HUARAZ";"GOBIERNO REGIONAL";"II-2";"00001543";"HOSPITAL ""VICTOR RAMOS GUARDIA"" - HUARAZ";"244700";"HOSPITALIZACIÓN DE MEDICINA NEUROLOGIA  ";"9";"10";"64";"54";"3";"84";"2"
"2023";"02";"020101";"ANCASH";"HUARAZ";"HUARAZ";"GOBIERNO REGIONAL";"II-2";"00001543";"HOSPITAL ""VICTOR RAMOS GUARDIA"" - HUARAZ";"242200";"HOSPITALIZACIÓN DE MEDICINA PSIQUIATRÍA ";"0";"1";"45";"121";"5";"140";"0"
"2023";"02";"020101";"ANCASH";"HUARAZ";"HUARAZ";"GOBIERNO REGIONAL";"II-2";"00001543";"HOSPITAL ""VICTOR RAMOS GUARDIA"" - HUARAZ";"240100";"HOSPITALIZACIÓN QUIRÚRGICA CIRUGÍA GENERAL ";"108";"131";"590";"493";"20";"560";"1"
"2023";"02";"020101";"ANCASH";"HUARAZ";"HUARAZ";"GOBIERNO REGIONAL";"II-2";"00001543";"HOSPITAL ""VICTOR RAMOS GUARDIA"" - HUARAZ";"241200";"HOSPITALIZACIÓN QUIRÚRGICA TRAUMATOLOGÍA Y ORTOPEDIA ";"27";"43";"467";"550";"20";"560";"2"
"2023";"02";"020101";"ANCASH";"HUARAZ";"HUARAZ";"GOBIERNO REGIONAL";"II-2";"00001543";"HOSPITAL ""VICTOR RAMOS GUARDIA"" - HUARAZ";"241300";"HOSPITALIZACIÓN QUIRÚRGICA UROLOGÍA  ";"15";"15";"74";"59";"3";"84";"0"
"2023";"02";"020101";"ANCASH";"HUARAZ";"HUARAZ";"GOBIERNO REGIONAL";"II-2";"00001543";"HOSPITAL ""VICTOR RAMOS GUARDIA"" - HUARAZ";"241100";"HOSPITALIZACIÓN QUIRÚRGICA OTORRINOLARINGOLOGÍA  ";"1";"1";"1";"1";"1";"28";"0"
"2023";"02";"020101";"ANCASH";"HUARAZ";"HUARAZ";"GOBIERNO REGIONAL";"II-2";"00001543";"HOSPITAL ""VICTOR RAMOS GUARDIA"" - HUARAZ";"241500";"HOSPITALIZACIÓN QUIRÚRGICA GINECOLOGÍA  ";"10";"14";"34";"35";"4";"112";"0"
"2023";"02";"020101";"ANCASH";"HUARAZ";"HUARAZ";"GOBIERNO REGIONAL";"II-2";"00001543";"HOSPITAL ""VICTOR RAMOS GUARDIA"" - HUARAZ";"241600";"HOSPITALIZACIÓN QUIRÚRGICA OBSTETRICIA   ";"271";"290";"566";"531";"22";"616";"0"
"2023";"02";"020101";"ANCASH";"HUARAZ";"HUARAZ";"GOBIERNO REGIONAL";"II-2";"00001543";"HOSPITAL ""VICTOR RAMOS GUARDIA"" - HUARAZ";"242500";"HOSPITALIZACIÓN-PEDIATRÍA GENERAL-";"47";"56";"255";"246";"12";"336";"0"
"2023";"02";"020101";"ANCASH";"HUARAZ";"HUARAZ";"GOBIERNO REGIONAL";"II-2";"00001543";"HOSPITAL ""VICTOR RAMOS GUARDIA"" - HUARAZ";"243200";"HOSPITALIZACIÓN DE PEDIATRÍA PEDIATRIA NEONATOLOGÍA";"27";"33";"171";"294";"16";"448";"4"
"2023";"02";"020101";"ANCASH";"HUARAZ";"HUARAZ";"GOBIERNO REGIONAL";"II-2";"00001543";"HOSPITAL ""VICTOR RAMOS GUARDIA"" - HUARAZ";"250000";"UNIDAD DE CUIDADOS CRITICOS  ";"3";"8";"157";"186";"7";"196";"4"
"2023";"02";"150101";"LIMA";"LIMA";"LIMA";"ESSALUD";"I-3";"00008539";"POLICLINICO CHINCHA";"NE_0001";"";"NE_0001";"NE_0001";"NE_0001";"NE_0001";"NE_0001";"NE_0001";"NE_0001"
"2023";"02";"080707";"CUSCO";"CHUMBIVILCAS";"QUIÑOTA";"GOBIERNO REGIONAL";"I-1";"00006984";"CCOLLANA";"NE_0001";"";"NE_0001";"NE_0001";"NE_0001";"NE_0001";"NE_0001";"NE_0001";"NE_0001"
"2023";"02";"080706";"CUSCO";"CHUMBIVILCAS";"LLUSCO";"GOBIERNO REGIONAL";"I-1";"00027008";"ANTUYO";"NE_0001";"";"NE_0001";"NE_0001";"NE_0001";"NE_0001";"NE_0001";"NE_0001";"NE_0001"
"2023";"02";"080707";"CUSCO";"CHUMBIVILCAS";"QUIÑOTA";"GOBIERNO REGIONAL";"I-1";"00025369";"PUMALLACTA";"NE_0001";"";"NE_0001";"NE_0001";"NE_0001";"NE_0001";"NE_0001";"NE_0001";"NE_0001"
"2023";"02";"080706";"CUSCO";"CHUMBIVILCAS";"LLUSCO";"GOBIERNO REGIONAL";"I-2";"00006747";"LUTTO";"NE_0001";"";"NE_0001";"NE_0001";"NE_0001";"NE_0001";"NE_0001";"NE_0001";"NE_0001"
"2023";"02";"080706";"CUSCO";"CHUMBIVILCAS";"LLUSCO";"GOBIERNO REGIONAL";"I-2";"00002407";"LLUSCO";"NE_0001";"";"NE_0001";"NE_0001";"NE_0001";"NE_0001";"NE_0001";"NE_0001";"NE_0001"
"2023";"02";"080707";"CUSCO";"CHUMBIVILCAS";"QUIÑOTA";"GOBIERNO REGIONAL";"I-2";"00002408";"QUIÑOTA";"NE_0001";"";"NE_0001";"NE_0001";"NE_0001";"NE_0001";"NE_0001";"NE_0001";"NE_0001"
"2023";"02";"080706";"CUSCO";"CHUMBIVILCAS";"LLUSCO";"GOBIERNO REGIONAL";"I-1";"00006985";"TOTORAPALLCA";"NE_0001";"";"NE_0001";"NE_0001";"NE_0001";"NE_0001";"NE_0001";"NE_0001";"NE_0001"
"2023";"02";"021306";"ANCASH";"MARISCAL LUZURIAGA";"LLUMPA";"GOBIERNO REGIONAL";"I-2";"00001789";"PUESTO DE SALUD LLUMPA";"NE_0002";"";"NE_0002";"NE_0002";"NE_0002";"NE_0002";"NE_0002";"NE_0002";"NE_0002"
"2023";"02";"130904";"LA LIBERTAD";"SANCHEZ CARRION";"CURGOS";"GOBIERNO REGIONAL";"I-1";"00021651";"HUAYLLAGUAL";"NE_0001";"";"NE_0001";"NE_0001";"NE_0001";"NE_0001";"NE_0001";"NE_0001";"NE_0001"
"2023";"02";"130904";"LA LIBERTAD";"SANCHEZ CARRION";"CURGOS";"GOBIERNO REGIONAL";"I-1";"00021652";"EL CALVARIO";"NE_0001";"";"NE_0001";"NE_0001";"NE_0001";"NE_0001";"NE_0001";"NE_0001";"NE_0001"
"2023";"02";"130904";"LA LIBERTAD";"SANCHEZ CARRION";"CURGOS";"GOBIERNO REGIONAL";"I-2";"00005357";"CURGOS-WALTER JUNIOR VELARDE ARTEAGA";"NE_0001";"";"NE_0001";"NE_0001";"NE_0001";"NE_0001";"NE_0001";"NE_0001";"NE_0001"
"2023";"02";"210101";"PUNO";"PUNO";"PUNO";"GOBIERNO REGIONAL";"II-2";"00003251";"HOSPITAL REGIONAL MANUEL NUÑEZ BUTRON";"240100";"HOSPITALIZACIÓN QUIRÚRGICA CIRUGÍA GENERAL ";"62";"71";"352";"427";"34";"952";"1"
"2023";"02";"210101";"PUNO";"PUNO";"PUNO";"GOBIERNO REGIONAL";"II-2";"00003251";"HOSPITAL REGIONAL MANUEL NUÑEZ BUTRON";"240700";"HOSPITALIZACIÓN QUIRÚRGICA CIRUGÍA PEDIÁTRICA ";"2";"4";"19";"23";"3";"84";"0"
"2023";"02";"210101";"PUNO";"PUNO";"PUNO";"GOBIERNO REGIONAL";"II-2";"00003251";"HOSPITAL REGIONAL MANUEL NUÑEZ BUTRON";"240900";"HOSPITALIZACIÓN QUIRÚRGICA NEUROCIRUGÍA ";"7";"14";"278";"292";"12";"336";"3"
"2023";"02";"210101";"PUNO";"PUNO";"PUNO";"GOBIERNO REGIONAL";"II-2";"00003251";"HOSPITAL REGIONAL MANUEL NUÑEZ BUTRON";"241200";"HOSPITALIZACIÓN QUIRÚRGICA TRAUMATOLOGÍA Y ORTOPEDIA ";"19";"22";"90";"112";"14";"392";"2"
"2023";"02";"210101";"PUNO";"PUNO";"PUNO";"GOBIERNO REGIONAL";"II-2";"00003251";"HOSPITAL REGIONAL MANUEL NUÑEZ BUTRON";"241300";"HOSPITALIZACIÓN QUIRÚRGICA UROLOGÍA  ";"4";"4";"12";"16";"2";"56";"0"
"2023";"02";"210101";"PUNO";"PUNO";"PUNO";"GOBIERNO REGIONAL";"II-2";"00003251";"HOSPITAL REGIONAL MANUEL NUÑEZ BUTRON";"241500";"HOSPITALIZACIÓN QUIRÚRGICA GINECOLOGÍA  ";"20";"20";"52";"72";"3";"84";"0"
"2023";"02";"210101";"PUNO";"PUNO";"PUNO";"GOBIERNO REGIONAL";"II-2";"00003251";"HOSPITAL REGIONAL MANUEL NUÑEZ BUTRON";"241600";"HOSPITALIZACIÓN QUIRÚRGICA OBSTETRICIA   ";"160";"166";"280";"440";"19";"532";"0"
"2023";"02";"210101";"PUNO";"PUNO";"PUNO";"GOBIERNO REGIONAL";"II-2";"00003251";"HOSPITAL REGIONAL MANUEL NUÑEZ BUTRON";"241800";"HOSPITALIZACIÓN DE MEDICINA MEDICINA GENERAL ";"59";"74";"411";"481";"28";"784";"8"
"2023";"02";"210101";"PUNO";"PUNO";"PUNO";"GOBIERNO REGIONAL";"II-2";"00003251";"HOSPITAL REGIONAL MANUEL NUÑEZ BUTRON";"241900";"HOSPITALIZACIÓN DE MEDICINA MEDICINA INTERNA ";"32";"37";"199";"231";"22";"616";"5"
"2023";"02";"210101";"PUNO";"PUNO";"PUNO";"GOBIERNO REGIONAL";"II-2";"00003251";"HOSPITAL REGIONAL MANUEL NUÑEZ BUTRON";"242200";"HOSPITALIZACIÓN DE MEDICINA PSIQUIATRÍA ";"1";"1";"1";"1";"1";"28";"0"
"2023";"02";"210101";"PUNO";"PUNO";"PUNO";"GOBIERNO REGIONAL";"II-2";"00003251";"HOSPITAL REGIONAL MANUEL NUÑEZ BUTRON";"242500";"HOSPITALIZACIÓN-PEDIATRÍA GENERAL-";"14";"19";"123";"141";"27";"756";"0"
"2023";"02";"210101";"PUNO";"PUNO";"PUNO";"GOBIERNO REGIONAL";"II-2";"00003251";"HOSPITAL REGIONAL MANUEL NUÑEZ BUTRON";"243200";"HOSPITALIZACIÓN DE PEDIATRÍA PEDIATRIA NEONATOLOGÍA";"49";"58";"371";"425";"28";"784";"1"
"2023";"02";"210101";"PUNO";"PUNO";"PUNO";"GOBIERNO REGIONAL";"II-2";"00003251";"HOSPITAL REGIONAL MANUEL NUÑEZ BUTRON";"250103";"UNIDAD DE CUIDADOS CRITICOS UNIDAD  DE CUIDADOS INTENSIVOS GENERALES  (UCI) MEDICINA";"7";"9";"73";"83";"4";"112";"4"
"2023";"02";"210101";"PUNO";"PUNO";"PUNO";"GOBIERNO REGIONAL";"II-2";"00003251";"HOSPITAL REGIONAL MANUEL NUÑEZ BUTRON";"244000";"HOSPITALIZACIÓN DE MEDICINA CARDIOLOGIA ";"7";"7";"46";"51";"3";"84";"0"
"2023";"02";"210101";"PUNO";"PUNO";"PUNO";"GOBIERNO REGIONAL";"II-2";"00003251";"HOSPITAL REGIONAL MANUEL NUÑEZ BUTRON";"244700";"HOSPITALIZACIÓN DE MEDICINA NEUROLOGIA  ";"0";"3";"40";"43";"3";"84";"0"
"2023";"02";"210101";"PUNO";"PUNO";"PUNO";"GOBIERNO REGIONAL";"II-2";"00003251";"HOSPITAL REGIONAL MANUEL NUÑEZ BUTRON";"244300";"HOSPITALIZACIÓN DE MEDICINA GASTROENTEROLOGÍA  ";"1";"1";"5";"6";"1";"28";"0"
"2023";"02";"210101";"PUNO";"PUNO";"PUNO";"GOBIERNO REGIONAL";"II-2";"00003251";"HOSPITAL REGIONAL MANUEL NUÑEZ BUTRON";"244200";"HOSPITALIZACIÓN DE MEDICINA ENDOCRINOLOGIA ";"2";"4";"11";"15";"3";"84";"0"
"2023";"02";"040413";"AREQUIPA";"CASTILLA";"URACA";"GOBIERNO REGIONAL";"I-3";"00001383";"CENTRO DE SALUD CORIRE";"NE_0001";"";"NE_0001";"NE_0001";"NE_0001";"NE_0001";"NE_0001";"NE_0001";"NE_0001"
"2023";"02";"040413";"AREQUIPA";"CASTILLA";"URACA";"GOBIERNO REGIONAL";"I-2";"00001391";"PUESTO DE SALUD EL PEDREGAL";"NE_0001";"";"NE_0001";"NE_0001";"NE_0001";"NE_0001";"NE_0001";"NE_0001";"NE_0001"
"2023";"02";"080907";"CUSCO";"LA CONVENCION";"KIMBIRI";"GOBIERNO REGIONAL";"I-2";"00002470";"CHIRUMPIARI";"NE_0001";"";"NE_0001";"NE_0001";"NE_0001";"NE_0001";"NE_0001";"NE_0001";"NE_0001"
"2023";"02";"080913";"CUSCO";"LA CONVENCION";"VILLA KINTIARINA";"GOBIERNO REGIONAL";"I-2";"00008283";"PUEBLO LIBRE";"NE_0001";"";"NE_0001";"NE_0001";"NE_0001";"NE_0001";"NE_0001";"NE_0001";"NE_0001"
"2023";"02";"080907";"CUSCO";"LA CONVENCION";"KIMBIRI";"GOBIERNO REGIONAL";"I-3";"00002471";"LOBO TAHUANTINSUYO";"NE_0001";"";"NE_0001";"NE_0001";"NE_0001";"NE_0001";"NE_0001";"NE_0001";"NE_0001"
"2023";"02";"080904";"CUSCO";"LA CONVENCION";"MARANURA";"GOBIERNO REGIONAL";"I-2";"00002460";"SANTA MARIA";"NE_0001";"";"NE_0001";"NE_0001";"NE_0001";"NE_0001";"NE_0001";"NE_0001";"NE_0001"
"2023";"02";"080908";"CUSCO";"LA CONVENCION";"SANTA TERESA";"GOBIERNO REGIONAL";"I-4";"00002476";"SANTA TERESA";"NE_0001";"";"NE_0001";"NE_0001";"NE_0001";"NE_0001";"NE_0001";"NE_0001";"NE_0001"
"2023";"02";"080903";"CUSCO";"LA CONVENCION";"HUAYOPATA";"GOBIERNO REGIONAL";"I-3";"00002453";"HUYRO";"NE_0001";"";"NE_0001";"NE_0001";"NE_0001";"NE_0001";"NE_0001";"NE_0001";"NE_0001"
"2023";"02";"080908";"CUSCO";"LA CONVENCION";"SANTA TERESA";"GOBIERNO REGIONAL";"I-1";"00002478";"TOTORA";"NE_0001";"";"NE_0001";"NE_0001";"NE_0001";"NE_0001";"NE_0001";"NE_0001";"NE_0001"
"2023";"02";"080903";"CUSCO";"LA CONVENCION";"HUAYOPATA";"GOBIERNO REGIONAL";"I-1";"00002454";"ALFAMAYO";"NE_0001";"";"NE_0001";"NE_0001";"NE_0001";"NE_0001";"NE_0001";"NE_0001";"NE_0001"
"2023";"02";"080903";"CUSCO";"LA CONVENCION";"HUAYOPATA";"GOBIERNO REGIONAL";"I-2";"00002456";"AMAYBAMBA";"NE_0001";"";"NE_0001";"NE_0001";"NE_0001";"NE_0001";"NE_0001";"NE_0001";"NE_0001"
"2023";"02";"080904";"CUSCO";"LA CONVENCION";"MARANURA";"GOBIERNO REGIONAL";"I-1";"00002461";"UCHUMAYO";"NE_0001";"";"NE_0001";"NE_0001";"NE_0001";"NE_0001";"NE_0001";"NE_0001";"NE_0001"
"2023";"02";"080903";"CUSCO";"LA CONVENCION";"HUAYOPATA";"GOBIERNO REGIONAL";"I-1";"00002455";"HUAYOPATA";"NE_0001";"";"NE_0001";"NE_0001";"NE_0001";"NE_0001";"NE_0001";"NE_0001";"NE_0001"
"2023";"02";"080908";"CUSCO";"LA CONVENCION";"SANTA TERESA";"GOBIERNO REGIONAL";"I-2";"00002477";"SULLUCUYOC";"NE_0001";"";"NE_0001";"NE_0001";"NE_0001";"NE_0001";"NE_0001";"NE_0001";"NE_0001"
"2023";"01";"220101";"SAN MARTIN";"MOYOBAMBA";"MOYOBAMBA";"GOBIERNO REGIONAL";"I-1";"00006330";"SANTA ROSA DE OROMINA";"NE_0002";"";"NE_0002";"NE_0002";"NE_0002";"NE_0002";"NE_0002";"NE_0002";"NE_0002"
"2023";"01";"220102";"SAN MARTIN";"MOYOBAMBA";"CALZADA";"GOBIERNO REGIONAL";"I-3";"00006326";"CALZADA";"NE_0002";"";"NE_0002";"NE_0002";"NE_0002";"NE_0002";"NE_0002";"NE_0002";"NE_0002"
"2023";"01";"220104";"SAN MARTIN";"MOYOBAMBA";"JEPELACIO";"GOBIERNO REGIONAL";"I-1";"00006329";"OCHAME";"NE_0002";"";"NE_0002";"NE_0002";"NE_0002";"NE_0002";"NE_0002";"NE_0002";"NE_0002"
"2023";"01";"120302";"JUNIN";"CHANCHAMAYO";"PERENE";"GOBIERNO REGIONAL";"I-3";"00006716";"CIUDAD SATELITE";"NE_0001";"";"NE_0001";"NE_0001";"NE_0001";"NE_0001";"NE_0001";"NE_0001";"NE_0001"
"2023";"01";"120302";"JUNIN";"CHANCHAMAYO";"PERENE";"GOBIERNO REGIONAL";"I-1";"00000339";"SAN ANTONIO ALTO PICHANAKI";"NE_0001";"";"NE_0001";"NE_0001";"NE_0001";"NE_0001";"NE_0001";"NE_0001";"NE_0001"
"2023";"01";"070106";"CALLAO";"CALLAO";"VENTANILLA";"PRIVADO";"II-E";"00009917";"CLINICA CARRION";"NE_0002";"";"NE_0002";"NE_0002";"NE_0002";"NE_0002";"NE_0002";"NE_0002";"NE_0002"
"2023";"01";"220405";"SAN MARTIN";"HUALLAGA";"SACANCHE";"GOBIERNO REGIONAL";"I-3";"00006543";"SACANCHE";"NE_0002";"";"NE_0002";"NE_0002";"NE_0002";"NE_0002";"NE_0002";"NE_0002";"NE_0002"
"2023";"01";"220404";"SAN MARTIN";"HUALLAGA";"PISCOYACU";"GOBIERNO REGIONAL";"I-2";"00006545";"NUEVO SACANCHE";"NE_0001";"";"NE_0001";"NE_0001";"NE_0001";"NE_0001";"NE_0001";"NE_0001";"NE_0001"
"2023";"01";"220405";"SAN MARTIN";"HUALLAGA";"SACANCHE";"GOBIERNO REGIONAL";"I-1";"00027002";"LA UNION";"NE_0001";"";"NE_0001";"NE_0001";"NE_0001";"NE_0001";"NE_0001";"NE_0001";"NE_0001"
"2023";"01";"220403";"SAN MARTIN";"HUALLAGA";"EL ESLABON";"GOBIERNO REGIONAL";"I-3";"00006542";"EL ESLABON";"NE_0001";"";"NE_0001";"NE_0001";"NE_0001";"NE_0001";"NE_0001";"NE_0001";"NE_0001"
"2023";"01";"220403";"SAN MARTIN";"HUALLAGA";"EL ESLABON";"GOBIERNO REGIONAL";"I-1";"00006544";"COLLPA";"NE_0001";"";"NE_0001";"NE_0001";"NE_0001";"NE_0001";"NE_0001";"NE_0001";"NE_0001"
"2023";"02";"150117";"LIMA";"LIMA";"LOS OLIVOS";"PRIVADO";"II-E";"00023852";"OFTALMOSALUD";"NE_0001";"";"NE_0001";"NE_0001";"NE_0001";"NE_0001";"NE_0001";"NE_0001";"NE_0001"
"2023";"02";"040401";"AREQUIPA";"CASTILLA";"APLAO";"ESSALUD";"I-3";"00013299";"CENTRO MEDICO APLAO";"NE_0001";"";"NE_0001";"NE_0001";"NE_0001";"NE_0001";"NE_0001";"NE_0001";"NE_0001"
"2023";"02";"150122";"LIMA";"LIMA";"MIRAFLORES";"PRIVADO";"III-2";"00008956";"CLINICA DEL INCA";"240000";"HOSPITALIZACIÓN";"4";"3";"7";"9";"14";"392";"0"
"2023";"02";"150122";"LIMA";"LIMA";"MIRAFLORES";"PRIVADO";"III-2";"00008956";"CLINICA DEL INCA";"250100";"UNIDAD DE CUIDADOS CRITICOS UNIDAD  DE CUIDADOS INTENSIVOS GENERALES (UCI) ";"1";"1";"8";"21";"5";"140";"0"
"2023";"02";"210101";"PUNO";"PUNO";"PUNO";"ESSALUD";"II-E";"00025544";"HOSPITAL I CLINICA UNIVERSITARIA";"240000";"HOSPITALIZACIÓN";"32";"28";"170";"172";"7";"196";"0"
"2023";"02";"210501";"PUNO";"EL COLLAO";"ILAVE";"GOBIERNO REGIONAL";"II-1";"00003032";"ILAVE";"240100";"HOSPITALIZACIÓN QUIRÚRGICA CIRUGÍA GENERAL ";"8";"8";"36";"44";"5";"140";"0"
"2023";"02";"210501";"PUNO";"EL COLLAO";"ILAVE";"GOBIERNO REGIONAL";"II-1";"00003032";"ILAVE";"241600";"HOSPITALIZACIÓN QUIRÚRGICA OBSTETRICIA   ";"61";"61";"105";"166";"13";"364";"0"
"2023";"02";"210501";"PUNO";"EL COLLAO";"ILAVE";"GOBIERNO REGIONAL";"II-1";"00003032";"ILAVE";"241800";"HOSPITALIZACIÓN DE MEDICINA MEDICINA GENERAL ";"29";"29";"88";"117";"16";"448";"1"
"2023";"02";"210501";"PUNO";"EL COLLAO";"ILAVE";"GOBIERNO REGIONAL";"II-1";"00003032";"ILAVE";"242500";"HOSPITALIZACIÓN-PEDIATRÍA GENERAL-";"3";"2";"7";"10";"3";"84";"0"
"2023";"02";"110507";"ICA";"PISCO";"SAN CLEMENTE";"ESSALUD";"I-3";"00027769";"CAP I SAN CLEMENTE";"NE_0001";"";"NE_0001";"NE_0001";"NE_0001";"NE_0001";"NE_0001";"NE_0001";"NE_0001"
"2023";"02";"150117";"LIMA";"LIMA";"LOS OLIVOS";"MUNICIPALIDAD DISTRITAL";"II-1";"00019787";"HOSPITAL MUNICIPAL LOS OLIVOS";"241800";"HOSPITALIZACIÓN DE MEDICINA MEDICINA GENERAL ";"14";"14";"68";"82";"25";"750";"0"
"2023";"02";"150117";"LIMA";"LIMA";"LOS OLIVOS";"MUNICIPALIDAD DISTRITAL";"II-1";"00019787";"HOSPITAL MUNICIPAL LOS OLIVOS";"240100";"HOSPITALIZACIÓN QUIRÚRGICA CIRUGÍA GENERAL ";"28";"29";"50";"78";"25";"750";"0"
"2023";"02";"150117";"LIMA";"LIMA";"LOS OLIVOS";"MUNICIPALIDAD DISTRITAL";"II-1";"00019787";"HOSPITAL MUNICIPAL LOS OLIVOS";"241200";"HOSPITALIZACIÓN QUIRÚRGICA TRAUMATOLOGÍA Y ORTOPEDIA ";"1";"1";"1";"2";"25";"750";"0"
"2023";"02";"150117";"LIMA";"LIMA";"LOS OLIVOS";"MUNICIPALIDAD DISTRITAL";"II-1";"00019787";"HOSPITAL MUNICIPAL LOS OLIVOS";"241300";"HOSPITALIZACIÓN QUIRÚRGICA UROLOGÍA  ";"4";"4";"15";"19";"25";"750";"0"
"2023";"02";"150117";"LIMA";"LIMA";"LOS OLIVOS";"MUNICIPALIDAD DISTRITAL";"II-1";"00019787";"HOSPITAL MUNICIPAL LOS OLIVOS";"241500";"HOSPITALIZACIÓN QUIRÚRGICA GINECOLOGÍA  ";"18";"21";"48";"18";"16";"448";"0"
"2023";"02";"140101";"LAMBAYEQUE";"CHICLAYO";"CHICLAYO";"PRIVADO";"II-E";"00017589";"INSTITUTO OFTALMOLÓGICO LA LUZ SAC";"NE_0001";"";"NE_0001";"NE_0001";"NE_0001";"NE_0001";"NE_0001";"NE_0001";"NE_0001"
"2023";"02";"200105";"PIURA";"PIURA";"CATACAOS";"PRIVADO";"II-1";"00010723";"HOSPITAL PRIVADO DEL PERU";"240000";"HOSPITALIZACIÓN";"122";"113";"215";"412";"32";"992";"1"
"2023";"03";"040101";"AREQUIPA";"AREQUIPA";"AREQUIPA";"PRIVADO";"II-E";"00016486";"CLÍNICA DE OJOS Y LA VISTA FUNDAR E.I.R.L.";"NE_0001";"";"NE_0001";"NE_0001";"NE_0001";"NE_0001";"NE_0001";"NE_0001";"NE_0001"
"2023";"03";"150122";"LIMA";"LIMA";"MIRAFLORES";"PRIVADO";"II-2";"00008746";"CLINICA GOOD HOPE";"240000";"HOSPITALIZACIÓN";"782";"889";"2410";"2602";"112";"3620";"11"
"2023";"03";"060805";"CAJAMARCA";"JAEN";"HUABAL";"GOBIERNO REGIONAL";"I-1";"00023956";"LA HUACA";"NE_0001";"";"NE_0001";"NE_0001";"NE_0001";"NE_0001";"NE_0001";"NE_0001";"NE_0001"
"2023";"03";"060805";"CAJAMARCA";"JAEN";"HUABAL";"GOBIERNO REGIONAL";"I-1";"00024938";"SAN PABLO";"NE_0001";"";"NE_0001";"NE_0001";"NE_0001";"NE_0001";"NE_0001";"NE_0001";"NE_0001"
"2023";"03";"060801";"CAJAMARCA";"JAEN";"JAEN";"GOBIERNO REGIONAL";"I-1";"00010804";"PUENTE ZONANGA";"NE_0001";"";"NE_0001";"NE_0001";"NE_0001";"NE_0001";"NE_0001";"NE_0001";"NE_0001"
"2023";"03";"150140";"LIMA";"LIMA";"SANTIAGO DE SURCO";"PRIVADO";"II-E";"00017823";"OFTALMOLOGICA SANTO TORIBIO";"NE_0001";"";"NE_0001";"NE_0001";"NE_0001";"NE_0001";"NE_0001";"NE_0001";"NE_0001"
"2023";"03";"150120";"LIMA";"LIMA";"MAGDALENA DEL MAR";"PRIVADO";"II-E";"00015349";"MEDICAL PLASTIC";"240800";"HOSPITALIZACIÓN QUIRÚRGICA CIRUGÍA PLÁSTICA/RECONSTRUCTIVA/ REPARADORA ";"4";"4";"4";"4";"4";"124";"0"
"2023";"03";"210101";"PUNO";"PUNO";"PUNO";"ESSALUD";"II-E";"00025544";"HOSPITAL I CLINICA UNIVERSITARIA";"240000";"HOSPITALIZACIÓN";"37";"32";"177";"179";"7";"217";"0"
"2023";"03";"150140";"LIMA";"LIMA";"SANTIAGO DE SURCO";"PRIVADO";"II-E";"00020674";"SAN MARTIN PLASTICA & ESTETICA";"NE_0002";"";"NE_0002";"NE_0002";"NE_0002";"NE_0002";"NE_0002";"NE_0002";"NE_0002"
"2023";"03";"110101";"ICA";"ICA";"ICA";"PRIVADO";"II-1";"00013386";"LAS CONDES SAC";"240000";"HOSPITALIZACIÓN";"43";"43";"44";"44";"8";"240";"0"
"2023";"03";"210401";"PUNO";"CHUCUITO";"JULI";"ESSALUD";"I-3";"00009222";"ESSALUD JULI";"NE_0001";"";"NE_0001";"NE_0001";"NE_0001";"NE_0001";"NE_0001";"NE_0001";"NE_0001"
"2023";"03";"220804";"SAN MARTIN";"RIOJA";"NUEVA CAJAMARCA";"GOBIERNO REGIONAL";"I-1";"00006289";"MIRAFLORES";"NE_0001";"";"NE_0001";"NE_0001";"NE_0001";"NE_0001";"NE_0001";"NE_0001";"NE_0001"
"2023";"03";"220804";"SAN MARTIN";"RIOJA";"NUEVA CAJAMARCA";"GOBIERNO REGIONAL";"I-1";"00006287";"TAHUANTINSUYO";"NE_0001";"";"NE_0001";"NE_0001";"NE_0001";"NE_0001";"NE_0001";"NE_0001";"NE_0001"
"2023";"03";"220804";"SAN MARTIN";"RIOJA";"NUEVA CAJAMARCA";"GOBIERNO REGIONAL";"I-1";"00006284";"LA FLORIDA";"NE_0001";"";"NE_0001";"NE_0001";"NE_0001";"NE_0001";"NE_0001";"NE_0001";"NE_0001"
"2023";"03";"220804";"SAN MARTIN";"RIOJA";"NUEVA CAJAMARCA";"GOBIERNO REGIONAL";"I-1";"00006285";"LA UNION";"NE_0001";"";"NE_0001";"NE_0001";"NE_0001";"NE_0001";"NE_0001";"NE_0001";"NE_0001"
"2023";"03";"220804";"SAN MARTIN";"RIOJA";"NUEVA CAJAMARCA";"GOBIERNO REGIONAL";"I-1";"00006286";"PALESTINA";"NE_0001";"";"NE_0001";"NE_0001";"NE_0001";"NE_0001";"NE_0001";"NE_0001";"NE_0001"
"2023";"03";"220804";"SAN MARTIN";"RIOJA";"NUEVA CAJAMARCA";"GOBIERNO REGIONAL";"I-1";"00006288";"UCRANIA";"NE_0001";"";"NE_0001";"NE_0001";"NE_0001";"NE_0001";"NE_0001";"NE_0001";"NE_0001"
"2023";"03";"150122";"LIMA";"LIMA";"MIRAFLORES";"SANIDAD DE LA FUERZA AEREA DEL PERU";"III-1";"00010751";"HOSPITAL CENTRAL DE LA FUERZA AEREA DEL PERU";"240000";"HOSPITALIZACIÓN";"381";"371";"2729";"2796";"264";"4670";"23"
"2023";"03";"081003";"CUSCO";"PARURO";"CCAPI";"GOBIERNO REGIONAL";"I-2";"00002502";"CCOYABAMBA";"NE_0002";"";"NE_0002";"NE_0002";"NE_0002";"NE_0002";"NE_0002";"NE_0002";"NE_0002"
"2023";"03";"081005";"CUSCO";"PARURO";"HUANOQUITE";"GOBIERNO REGIONAL";"I-2";"00002504";"HUANOQUITE";"NE_0002";"";"NE_0002";"NE_0002";"NE_0002";"NE_0002";"NE_0002";"NE_0002";"NE_0002"
"2023";"03";"081006";"CUSCO";"PARURO";"OMACHA";"GOBIERNO REGIONAL";"I-2";"00002506";"ANTAPALLPA";"NE_0002";"";"NE_0002";"NE_0002";"NE_0002";"NE_0002";"NE_0002";"NE_0002";"NE_0002"
"2023";"03";"081007";"CUSCO";"PARURO";"PACCARITAMBO";"GOBIERNO REGIONAL";"I-2";"00002507";"PACCARECTAMBO";"NE_0002";"";"NE_0002";"NE_0002";"NE_0002";"NE_0002";"NE_0002";"NE_0002";"NE_0002"
"2023";"03";"081006";"CUSCO";"PARURO";"OMACHA";"GOBIERNO REGIONAL";"I-1";"00012924";"SAHUA SAHUA";"NE_0002";"";"NE_0002";"NE_0002";"NE_0002";"NE_0002";"NE_0002";"NE_0002";"NE_0002"
"2023";"03";"081006";"CUSCO";"PARURO";"OMACHA";"GOBIERNO REGIONAL";"I-2";"00002505";"OMACHA";"NE_0002";"";"NE_0002";"NE_0002";"NE_0002";"NE_0002";"NE_0002";"NE_0002";"NE_0002"
"2023";"03";"081009";"CUSCO";"PARURO";"YAURISQUE";"GOBIERNO REGIONAL";"I-3";"00002509";"YAURISQUE";"NE_0002";"";"NE_0002";"NE_0002";"NE_0002";"NE_0002";"NE_0002";"NE_0002";"NE_0002"
"2023";"03";"081002";"CUSCO";"PARURO";"ACCHA";"GOBIERNO REGIONAL";"I-3";"00002500";"ACCHA";"NE_0002";"";"NE_0002";"NE_0002";"NE_0002";"NE_0002";"NE_0002";"NE_0002";"NE_0002"
"2023";"03";"081004";"CUSCO";"PARURO";"COLCHA";"GOBIERNO REGIONAL";"I-1";"00002503";"COLCHA";"NE_0002";"";"NE_0002";"NE_0002";"NE_0002";"NE_0002";"NE_0002";"NE_0002";"NE_0002"
"2023";"03";"081006";"CUSCO";"PARURO";"OMACHA";"GOBIERNO REGIONAL";"I-2";"00007147";"PUESTO DE SALUD DE HUASQUILLAY";"NE_0002";"";"NE_0002";"NE_0002";"NE_0002";"NE_0002";"NE_0002";"NE_0002";"NE_0002"
"2023";"03";"081001";"CUSCO";"PARURO";"PARURO";"GOBIERNO REGIONAL";"I-4";"00002499";"PARURO";"NE_0002";"";"NE_0002";"NE_0002";"NE_0002";"NE_0002";"NE_0002";"NE_0002";"NE_0002"
"2023";"03";"150101";"LIMA";"LIMA";"LIMA";"MINSA";"III-2";"00006217";"INO DR. FRANCISCO CONTRERAS C.";"240600";"HOSPITALIZACIÓN QUIRÚRGICA CIRUGÍA OFTALMOLÓGICA ";"4";"4";"9";"4";"7";"217";"0"
"2023";"03";"220909";"SAN MARTIN";"SAN MARTIN";"LA BANDA DE SHILCAYO";"GOBIERNO REGIONAL";"I-1";"00006366";"LAS PALMAS";"NE_0001";"";"NE_0001";"NE_0001";"NE_0001";"NE_0001";"NE_0001";"NE_0001";"NE_0001"
"2023";"03";"220912";"SAN MARTIN";"SAN MARTIN";"SAN ANTONIO";"GOBIERNO REGIONAL";"I-1";"00006385";"SAN PEDRO DE CUMBAZA";"NE_0001";"";"NE_0001";"NE_0001";"NE_0001";"NE_0001";"NE_0001";"NE_0001";"NE_0001"
"2023";"03";"060601";"CAJAMARCA";"CUTERVO";"CUTERVO";"GOBIERNO REGIONAL";"I-1";"00007431";"CONGA DE ALLANGA";"NE_0001";"";"NE_0001";"NE_0001";"NE_0001";"NE_0001";"NE_0001";"NE_0001";"NE_0001"
"2023";"03";"060601";"CAJAMARCA";"CUTERVO";"CUTERVO";"GOBIERNO REGIONAL";"I-1";"00004997";"TRIGOPAMPA";"NE_0001";"";"NE_0001";"NE_0001";"NE_0001";"NE_0001";"NE_0001";"NE_0001";"NE_0001"
"2023";"03";"060601";"CAJAMARCA";"CUTERVO";"CUTERVO";"GOBIERNO REGIONAL";"I-1";"00004998";"EL CARDON";"NE_0001";"";"NE_0001";"NE_0001";"NE_0001";"NE_0001";"NE_0001";"NE_0001";"NE_0001"
"2023";"03";"060601";"CAJAMARCA";"CUTERVO";"CUTERVO";"GOBIERNO REGIONAL";"I-1";"00006855";"AULLAN";"NE_0001";"";"NE_0001";"NE_0001";"NE_0001";"NE_0001";"NE_0001";"NE_0001";"NE_0001"
"2023";"03";"060601";"CAJAMARCA";"CUTERVO";"CUTERVO";"GOBIERNO REGIONAL";"I-1";"00007097";"AÑALCATE";"NE_0001";"";"NE_0001";"NE_0001";"NE_0001";"NE_0001";"NE_0001";"NE_0001";"NE_0001"
"2023";"03";"060601";"CAJAMARCA";"CUTERVO";"CUTERVO";"GOBIERNO REGIONAL";"I-2";"00007745";"URCURUME";"NE_0001";"";"NE_0001";"NE_0001";"NE_0001";"NE_0001";"NE_0001";"NE_0001";"NE_0001"
"2023";"03";"060601";"CAJAMARCA";"CUTERVO";"CUTERVO";"GOBIERNO REGIONAL";"I-1";"00008925";"LA LLICA";"NE_0001";"";"NE_0001";"NE_0001";"NE_0001";"NE_0001";"NE_0001";"NE_0001";"NE_0001"
"2023";"03";"060601";"CAJAMARCA";"CUTERVO";"CUTERVO";"GOBIERNO REGIONAL";"I-3";"00006858";"SALOMON VILCHEZ MURGA";"NE_0001";"";"NE_0001";"NE_0001";"NE_0001";"NE_0001";"NE_0001";"NE_0001";"NE_0001"
"2023";"03";"060601";"CAJAMARCA";"CUTERVO";"CUTERVO";"GOBIERNO REGIONAL";"I-2";"00007696";"MAMABAMBA";"NE_0001";"";"NE_0001";"NE_0001";"NE_0001";"NE_0001";"NE_0001";"NE_0001";"NE_0001"
"2023";"03";"060601";"CAJAMARCA";"CUTERVO";"CUTERVO";"GOBIERNO REGIONAL";"I-2";"00004982";"SALABAMBA";"NE_0001";"";"NE_0001";"NE_0001";"NE_0001";"NE_0001";"NE_0001";"NE_0001";"NE_0001"
"2023";"03";"060601";"CAJAMARCA";"CUTERVO";"CUTERVO";"GOBIERNO REGIONAL";"I-1";"00005000";"MUÑUNO";"NE_0001";"";"NE_0001";"NE_0001";"NE_0001";"NE_0001";"NE_0001";"NE_0001";"NE_0001"
"2023";"03";"060601";"CAJAMARCA";"CUTERVO";"CUTERVO";"GOBIERNO REGIONAL";"I-1";"00006834";"LUZPAMPA";"NE_0001";"";"NE_0001";"NE_0001";"NE_0001";"NE_0001";"NE_0001";"NE_0001";"NE_0001"
"2023";"01";"060614";"CAJAMARCA";"CUTERVO";"SOCOTA";"GOBIERNO REGIONAL";"I-1";"00006939";"QUIJOS";"NE_0001";"";"NE_0001";"NE_0001";"NE_0001";"NE_0001";"NE_0001";"NE_0001";"NE_0001"
"2023";"01";"060605";"CAJAMARCA";"CUTERVO";"LA RAMADA";"GOBIERNO REGIONAL";"I-1";"00006947";"LAGUNA";"NE_0001";"";"NE_0001";"NE_0001";"NE_0001";"NE_0001";"NE_0001";"NE_0001";"NE_0001"
"2023";"01";"060609";"CAJAMARCA";"CUTERVO";"SAN JUAN DE CUTERVO";"GOBIERNO REGIONAL";"I-1";"00007103";"SANTA ROSA DE SAN JUAN";"NE_0001";"";"NE_0001";"NE_0001";"NE_0001";"NE_0001";"NE_0001";"NE_0001";"NE_0001"
"2023";"01";"060605";"CAJAMARCA";"CUTERVO";"LA RAMADA";"GOBIERNO REGIONAL";"I-3";"00005027";"LA RAMADA";"NE_0001";"";"NE_0001";"NE_0001";"NE_0001";"NE_0001";"NE_0001";"NE_0001";"NE_0001"
"2023";"01";"060605";"CAJAMARCA";"CUTERVO";"LA RAMADA";"GOBIERNO REGIONAL";"I-1";"00005028";"LLUSHCAPAMPA";"NE_0001";"";"NE_0001";"NE_0001";"NE_0001";"NE_0001";"NE_0001";"NE_0001";"NE_0001"
"2023";"01";"060605";"CAJAMARCA";"CUTERVO";"LA RAMADA";"GOBIERNO REGIONAL";"I-1";"00007179";"CHACRERIAS";"NE_0001";"";"NE_0001";"NE_0001";"NE_0001";"NE_0001";"NE_0001";"NE_0001";"NE_0001"
"2023";"01";"060604";"CAJAMARCA";"CUTERVO";"CUJILLO";"GOBIERNO REGIONAL";"I-1";"00005026";"EL PAGO";"NE_0001";"";"NE_0001";"NE_0001";"NE_0001";"NE_0001";"NE_0001";"NE_0001";"NE_0001"
"2023";"01";"060609";"CAJAMARCA";"CUTERVO";"SAN JUAN DE CUTERVO";"GOBIERNO REGIONAL";"I-3";"00005029";"SAN JUAN DE CUTERVO";"NE_0001";"";"NE_0001";"NE_0001";"NE_0001";"NE_0001";"NE_0001";"NE_0001";"NE_0001"
"2023";"01";"060605";"CAJAMARCA";"CUTERVO";"LA RAMADA";"GOBIERNO REGIONAL";"I-1";"00007049";"SURO CHICO";"NE_0001";"";"NE_0001";"NE_0001";"NE_0001";"NE_0001";"NE_0001";"NE_0001";"NE_0001"
"2023";"01";"060605";"CAJAMARCA";"CUTERVO";"LA RAMADA";"GOBIERNO REGIONAL";"I-1";"00007180";"TAMBILLO DE LA RAMADA";"NE_0001";"";"NE_0001";"NE_0001";"NE_0001";"NE_0001";"NE_0001";"NE_0001";"NE_0001"
"2023";"01";"060609";"CAJAMARCA";"CUTERVO";"SAN JUAN DE CUTERVO";"GOBIERNO REGIONAL";"I-1";"00005030";"MUSUNGATE";"NE_0001";"";"NE_0001";"NE_0001";"NE_0001";"NE_0001";"NE_0001";"NE_0001";"NE_0001"
"2023";"01";"060614";"CAJAMARCA";"CUTERVO";"SOCOTA";"GOBIERNO REGIONAL";"I-1";"00005033";"EL PORVENIR";"NE_0001";"";"NE_0001";"NE_0001";"NE_0001";"NE_0001";"NE_0001";"NE_0001";"NE_0001"
"2023";"01";"060605";"CAJAMARCA";"CUTERVO";"LA RAMADA";"GOBIERNO REGIONAL";"I-1";"00006949";"LOS PUENTES";"NE_0001";"";"NE_0001";"NE_0001";"NE_0001";"NE_0001";"NE_0001";"NE_0001";"NE_0001"
"2023";"01";"060614";"CAJAMARCA";"CUTERVO";"SOCOTA";"GOBIERNO REGIONAL";"I-1";"00007751";"CHANGAY";"NE_0001";"";"NE_0001";"NE_0001";"NE_0001";"NE_0001";"NE_0001";"NE_0001";"NE_0001"
"2023";"01";"060605";"CAJAMARCA";"CUTERVO";"LA RAMADA";"GOBIERNO REGIONAL";"I-1";"00008923";"CARHUALLO";"NE_0001";"";"NE_0001";"NE_0001";"NE_0001";"NE_0001";"NE_0001";"NE_0001";"NE_0001"
"2023";"01";"130101";"LA LIBERTAD";"TRUJILLO";"TRUJILLO";"PRIVADO";"II-E";"00008044";"OFTALMOVISION";"NE_0001";"";"NE_0001";"NE_0001";"NE_0001";"NE_0001";"NE_0001";"NE_0001";"NE_0001"
"2023";"01";"150132";"LIMA";"LIMA";"SAN JUAN DE LURIGANCHO";"PRIVADO";"II-2";"00008271";"CLINICA SAN JUAN BAUTISTA";"250100";"UNIDAD DE CUIDADOS CRITICOS UNIDAD  DE CUIDADOS INTENSIVOS GENERALES (UCI) ";"12";"13";"29";"35";"7";"217";"0"
"2023";"01";"150132";"LIMA";"LIMA";"SAN JUAN DE LURIGANCHO";"PRIVADO";"II-2";"00008271";"CLINICA SAN JUAN BAUTISTA";"240000";"HOSPITALIZACIÓN";"171";"160";"359";"541";"40";"1240";"0"
"2023";"01";"140112";"LAMBAYEQUE";"CHICLAYO";"PIMENTEL";"ESSALUD";"II-1";"00011020";"HOSPITAL II LUIS HEYSEN INCHAUSTEGUI";"250300";"UNIDAD DE CUIDADOS CRITICOS UNIDAD DE VIGILANCIA INTENSIVA  CLINICA (UVIC) ";"9";"9";"203";"154";"6";"186";"8"
"2023";"01";"140112";"LAMBAYEQUE";"CHICLAYO";"PIMENTEL";"ESSALUD";"II-1";"00011020";"HOSPITAL II LUIS HEYSEN INCHAUSTEGUI";"250100";"UNIDAD DE CUIDADOS CRITICOS UNIDAD  DE CUIDADOS INTENSIVOS GENERALES (UCI) ";"0";"0";"0";"1";"4";"124";"0"
"2023";"01";"140112";"LAMBAYEQUE";"CHICLAYO";"PIMENTEL";"ESSALUD";"II-1";"00011020";"HOSPITAL II LUIS HEYSEN INCHAUSTEGUI";"241900";"HOSPITALIZACIÓN DE MEDICINA MEDICINA INTERNA ";"79";"80";"1084";"901";"37";"1150";"7"
"2023";"01";"140112";"LAMBAYEQUE";"CHICLAYO";"PIMENTEL";"ESSALUD";"II-1";"00011020";"HOSPITAL II LUIS HEYSEN INCHAUSTEGUI";"240100";"HOSPITALIZACIÓN QUIRÚRGICA CIRUGÍA GENERAL ";"270";"263";"1046";"995";"46";"1436";"0"
"2023";"01";"140112";"LAMBAYEQUE";"CHICLAYO";"PIMENTEL";"ESSALUD";"II-1";"00011020";"HOSPITAL II LUIS HEYSEN INCHAUSTEGUI";"241400";"HOSPITALIZACIÓN QUIRÚRGICA GINECO - OBSTETRICIA ";"374";"364";"685";"659";"36";"1103";"0"
"2023";"01";"140112";"LAMBAYEQUE";"CHICLAYO";"PIMENTEL";"ESSALUD";"II-1";"00011020";"HOSPITAL II LUIS HEYSEN INCHAUSTEGUI";"242300";"HOSPITALIZACIÓN DE PEDIATRÍA  PEDIATRÍA  GENERAL ";"11";"17";"79";"165";"10";"310";"0"
"2023";"01";"021809";"ANCASH";"SANTA";"NUEVO CHIMBOTE";"GOBIERNO REGIONAL";"I-3";"00027144";"CENTRO DE SALUD MENTAL COMUNITARIO NUEVO PUERTO";"NE_0002";"";"NE_0002";"NE_0002";"NE_0002";"NE_0002";"NE_0002";"NE_0002";"NE_0002"
"2023";"01";"100509";"HUANUCO";"HUAMALIES";"PUÑOS";"GOBIERNO REGIONAL";"I-3";"00000892";"PUÑOS";"NE_0001";"";"NE_0001";"NE_0001";"NE_0001";"NE_0001";"NE_0001";"NE_0001";"NE_0001"
"2023";"01";"100509";"HUANUCO";"HUAMALIES";"PUÑOS";"GOBIERNO REGIONAL";"I-1";"00000894";"ILLAHUASI";"NE_0001";"";"NE_0001";"NE_0001";"NE_0001";"NE_0001";"NE_0001";"NE_0001";"NE_0001"
"2023";"01";"100509";"HUANUCO";"HUAMALIES";"PUÑOS";"GOBIERNO REGIONAL";"I-2";"00000893";"POQUE";"NE_0001";"";"NE_0001";"NE_0001";"NE_0001";"NE_0001";"NE_0001";"NE_0001";"NE_0001"
"2023";"02";"110101";"ICA";"ICA";"ICA";"SANIDAD DE LA POLICIA NACIONAL DEL PERU";"I-3";"00010900";"POLICLINICO POLICIAL ICA";"NE_0001";"";"NE_0001";"NE_0001";"NE_0001";"NE_0001";"NE_0001";"NE_0001";"NE_0001"
"2023";"02";"030601";"APURIMAC";"CHINCHEROS";"CHINCHEROS";"SANIDAD DE LA POLICIA NACIONAL DEL PERU";"I-2";"00011894";"POSTA MÉDICA SANIDAD CHINCHEROS";"NE_0001";"";"NE_0001";"NE_0001";"NE_0001";"NE_0001";"NE_0001";"NE_0001";"NE_0001"
"2023";"02";"150106";"LIMA";"LIMA";"CARABAYLLO";"SANIDAD DE LA POLICIA NACIONAL DEL PERU";"I-3";"00012664";"POLICLÌNICO  DE LA  POLICÍA  NACIONAL DEL PERÙ CARABAYLLO - DEFENSORES DE LA DEMOCRACIA ";"NE_0001";"";"NE_0001";"NE_0001";"NE_0001";"NE_0001";"NE_0001";"NE_0001";"NE_0001"
"2023";"02";"020105";"ANCASH";"HUARAZ";"INDEPENDENCIA";"GOBIERNO REGIONAL";"I-3";"00028701";"CENTRO DE SALUD MENTAL COMUNITARIO ""ALLY WARAQ""";"NE_0001";"";"NE_0001";"NE_0001";"NE_0001";"NE_0001";"NE_0001";"NE_0001";"NE_0001"
"2023";"02";"060804";"CAJAMARCA";"JAEN";"COLASAY";"GOBIERNO REGIONAL";"I-1";"00004240";"CUYCA";"NE_0001";"";"NE_0001";"NE_0001";"NE_0001";"NE_0001";"NE_0001";"NE_0001";"NE_0001"
"2023";"02";"060808";"CAJAMARCA";"JAEN";"PUCARA";"GOBIERNO REGIONAL";"I-4";"00004249";"PUCARA";"241800";"HOSPITALIZACIÓN DE MEDICINA MEDICINA GENERAL ";"6";"6";"8";"6";"08";"48";"0"
"2023";"02";"060808";"CAJAMARCA";"JAEN";"PUCARA";"GOBIERNO REGIONAL";"I-4";"00004249";"PUCARA";"241600";"HOSPITALIZACIÓN QUIRÚRGICA OBSTETRICIA   ";"7";"7";"10";"7";"04";"28";"0"
"2023";"02";"120425";"JUNIN";"JAUJA";"PARCO";"GOBIERNO REGIONAL";"I-2";"00000374";"PARCO";"NE_0001";"";"NE_0001";"NE_0001";"NE_0001";"NE_0001";"NE_0001";"NE_0001";"NE_0001"
"2023";"02";"120405";"JUNIN";"JAUJA";"CANCHAYLLO";"GOBIERNO REGIONAL";"I-2";"00000424";"CANCHAYLLO";"NE_0001";"";"NE_0001";"NE_0001";"NE_0001";"NE_0001";"NE_0001";"NE_0001";"NE_0001"
"2023";"02";"120414";"JUNIN";"JAUJA";"LLOCLLAPAMPA";"GOBIERNO REGIONAL";"I-3";"00000427";"LLOCLLAPAMPA";"NE_0001";"";"NE_0001";"NE_0001";"NE_0001";"NE_0001";"NE_0001";"NE_0001";"NE_0001"
"2023";"02";"120411";"JUNIN";"JAUJA";"JANJAILLO";"GOBIERNO REGIONAL";"I-2";"00000426";"JANJAILLO";"NE_0001";"";"NE_0001";"NE_0001";"NE_0001";"NE_0001";"NE_0001";"NE_0001";"NE_0001"
"2023";"02";"120425";"JUNIN";"JAUJA";"PARCO";"GOBIERNO REGIONAL";"I-1";"00000375";"ULLUSCA";"NE_0001";"";"NE_0001";"NE_0001";"NE_0001";"NE_0001";"NE_0001";"NE_0001";"NE_0001"
"2023";"02";"120406";"JUNIN";"JAUJA";"CURICACA";"GOBIERNO REGIONAL";"I-2";"00000425";"EL ROSARIO";"NE_0001";"";"NE_0001";"NE_0001";"NE_0001";"NE_0001";"NE_0001";"NE_0001";"NE_0001"
"2023";"02";"120414";"JUNIN";"JAUJA";"LLOCLLAPAMPA";"GOBIERNO REGIONAL";"I-1";"00000428";"MATACHICO";"NE_0001";"";"NE_0001";"NE_0001";"NE_0001";"NE_0001";"NE_0001";"NE_0001";"NE_0001"
"2023";"02";"120606";"JUNIN";"SATIPO";"PANGOA";"GOBIERNO REGIONAL";"I-1";"00000455";"JERUSALEN DE MIÑARO DE NOMESTSIGUENGA";"NE_0001";"";"NE_0001";"NE_0001";"NE_0001";"NE_0001";"NE_0001";"NE_0001";"NE_0001"
"2023";"02";"100501";"HUANUCO";"HUAMALIES";"LLATA";"ESSALUD";"I-3";"00027591";"POSTA MEDICA LLATA";"NE_0001";"";"NE_0001";"NE_0001";"NE_0001";"NE_0001";"NE_0001";"NE_0001";"NE_0001"
"2023";"02";"150131";"LIMA";"LIMA";"SAN ISIDRO";"PRIVADO";"II-E";"00011358";"CONFÍA INSTITUTO OFTALMOLÓGICO";"NE_0001";"";"NE_0001";"NE_0001";"NE_0001";"NE_0001";"NE_0001";"NE_0001";"NE_0001"
"2023";"02";"200701";"PIURA";"TALARA";"PARIÑAS";"PRIVADO";"I-2";"00012359";"CENTRO OFTALMOLOGICO DE TALARA SRL";"NE_0001";"";"NE_0001";"NE_0001";"NE_0001";"NE_0001";"NE_0001";"NE_0001";"NE_0001"
"2023";"02";"150801";"LIMA";"HUAURA";"HUACHO";"PRIVADO";"II-1";"00010883";"CLINICA SAN PEDRO";"240100";"HOSPITALIZACIÓN QUIRÚRGICA CIRUGÍA GENERAL ";"34";"32";"41";"32";"2";"60";"0"
"2023";"02";"150801";"LIMA";"HUAURA";"HUACHO";"PRIVADO";"II-1";"00010883";"CLINICA SAN PEDRO";"240800";"HOSPITALIZACIÓN QUIRÚRGICA CIRUGÍA PLÁSTICA/RECONSTRUCTIVA/ REPARADORA ";"2";"2";"0";"2";"1";"30";"0"
"2023";"02";"150801";"LIMA";"HUAURA";"HUACHO";"PRIVADO";"II-1";"00010883";"CLINICA SAN PEDRO";"240300";"HOSPITALIZACIÓN QUIRÚRGICA CIRUGÍA DIGESTIVA ";"1";"1";"4";"1";"1";"30";"0"
"2023";"02";"150801";"LIMA";"HUAURA";"HUACHO";"PRIVADO";"II-1";"00010883";"CLINICA SAN PEDRO";"241500";"HOSPITALIZACIÓN QUIRÚRGICA GINECOLOGÍA  ";"15";"13";"17";"15";"4";"120";"0"
"2023";"02";"150801";"LIMA";"HUAURA";"HUACHO";"PRIVADO";"II-1";"00010883";"CLINICA SAN PEDRO";"241900";"HOSPITALIZACIÓN DE MEDICINA MEDICINA INTERNA ";"5";"5";"11";"5";"5";"150";"0"
"2023";"02";"150801";"LIMA";"HUAURA";"HUACHO";"PRIVADO";"II-1";"00010883";"CLINICA SAN PEDRO";"241200";"HOSPITALIZACIÓN QUIRÚRGICA TRAUMATOLOGÍA Y ORTOPEDIA ";"37";"37";"35";"28";"2";"60";"0"
"2023";"02";"150801";"LIMA";"HUAURA";"HUACHO";"PRIVADO";"II-1";"00010883";"CLINICA SAN PEDRO";"241300";"HOSPITALIZACIÓN QUIRÚRGICA UROLOGÍA  ";"4";"4";"3";"4";"1";"30";"0"
"2023";"02";"150801";"LIMA";"HUAURA";"HUACHO";"PRIVADO";"II-1";"00010883";"CLINICA SAN PEDRO";"242500";"HOSPITALIZACIÓN-PEDIATRÍA GENERAL-";"1";"1";"5";"1";"1";"30";"0"
"2023";"02";"030101";"APURIMAC";"ABANCAY";"ABANCAY";"GOBIERNO REGIONAL";"II-2";"00007719";"HOSPITAL REGIONAL GUILLERMO DIAZ DE LA VEGA";"241600";"HOSPITALIZACIÓN QUIRÚRGICA OBSTETRICIA   ";"125";"99";"214";"253";"10";"297";"0"
"2023";"02";"030101";"APURIMAC";"ABANCAY";"ABANCAY";"GOBIERNO REGIONAL";"II-2";"00007719";"HOSPITAL REGIONAL GUILLERMO DIAZ DE LA VEGA";"240100";"HOSPITALIZACIÓN QUIRÚRGICA CIRUGÍA GENERAL ";"135";"132";"408";"155";"10";"296";"0"
"2023";"02";"030101";"APURIMAC";"ABANCAY";"ABANCAY";"GOBIERNO REGIONAL";"II-2";"00007719";"HOSPITAL REGIONAL GUILLERMO DIAZ DE LA VEGA";"241500";"HOSPITALIZACIÓN QUIRÚRGICA GINECOLOGÍA  ";"96";"99";"323";"342";"14";"405";"0"
"2023";"02";"030101";"APURIMAC";"ABANCAY";"ABANCAY";"GOBIERNO REGIONAL";"II-2";"00007719";"HOSPITAL REGIONAL GUILLERMO DIAZ DE LA VEGA";"241900";"HOSPITALIZACIÓN DE MEDICINA MEDICINA INTERNA ";"71";"82";"492";"389";"11";"426";"13"
"2023";"02";"030101";"APURIMAC";"ABANCAY";"ABANCAY";"GOBIERNO REGIONAL";"II-2";"00007719";"HOSPITAL REGIONAL GUILLERMO DIAZ DE LA VEGA";"250201";"UNIDAD DE CUIDADOS CRITICOS UNIDAD DE CUIDADOS INTERMEDIOS  (UCIN) NEONATAL";"34";"27";"219";"245";"4";"245";"0"
"2023";"02";"030101";"APURIMAC";"ABANCAY";"ABANCAY";"GOBIERNO REGIONAL";"II-2";"00007719";"HOSPITAL REGIONAL GUILLERMO DIAZ DE LA VEGA";"242300";"HOSPITALIZACIÓN DE PEDIATRÍA  PEDIATRÍA  GENERAL ";"26";"23";"101";"110";"10";"280";"0"
"2023";"02";"030101";"APURIMAC";"ABANCAY";"ABANCAY";"GOBIERNO REGIONAL";"II-2";"00007719";"HOSPITAL REGIONAL GUILLERMO DIAZ DE LA VEGA";"241200";"HOSPITALIZACIÓN QUIRÚRGICA TRAUMATOLOGÍA Y ORTOPEDIA ";"51";"45";"445";"550";"11";"550";"0"
"2023";"02";"030101";"APURIMAC";"ABANCAY";"ABANCAY";"GOBIERNO REGIONAL";"II-2";"00007719";"HOSPITAL REGIONAL GUILLERMO DIAZ DE LA VEGA";"250103";"UNIDAD DE CUIDADOS CRITICOS UNIDAD  DE CUIDADOS INTENSIVOS GENERALES  (UCI) MEDICINA";"7";"8";"178";"84";"5";"140";"1"
"2023";"02";"030101";"APURIMAC";"ABANCAY";"ABANCAY";"GOBIERNO REGIONAL";"II-2";"00007719";"HOSPITAL REGIONAL GUILLERMO DIAZ DE LA VEGA";"250105";"UNIDAD DE CUIDADOS CRITICOS UNIDAD  DE CUIDADOS INTENSIVOS  (UCI) NEONATOLOGÍA";"6";"8";"137";"121";"4";"125";"0"
"2023";"02";"030101";"APURIMAC";"ABANCAY";"ABANCAY";"GOBIERNO REGIONAL";"II-2";"00007719";"HOSPITAL REGIONAL GUILLERMO DIAZ DE LA VEGA";"250200";"UNIDAD DE CUIDADOS CRITICOS UNIDAD DE CUIDADOS INTERMEDIOS GENERAL  (UCIN) ";"3";"2";"18";"120";"3";"120";"0"
"2023";"02";"200115";"PIURA";"PIURA";"VEINTISEIS DE OCTUBRE";"PRIVADO";"II-1";"00027260";"CLÍNICA BELLO HORIZONTE S.A.";"240000";"HOSPITALIZACIÓN";"82";"81";"235";"301";"16";"448";"1"
"2023";"02";"200115";"PIURA";"PIURA";"VEINTISEIS DE OCTUBRE";"PRIVADO";"II-1";"00027260";"CLÍNICA BELLO HORIZONTE S.A.";"250100";"UNIDAD DE CUIDADOS CRITICOS UNIDAD  DE CUIDADOS INTENSIVOS GENERALES (UCI) ";"1";"2";"6";"7";"4";"112";"1"
"2023";"02";"150110";"LIMA";"LIMA";"COMAS";"PRIVADO";"II-1";"00008519";"CLINICA UNIVERSITARIA";"240000";"HOSPITALIZACIÓN";"235";"218";"352";"118";"25";"6104";"0"
"2023";"02";"150101";"LIMA";"LIMA";"LIMA";"PRIVADO";"II-2";"00015610";"Clínica Internacional - Sede Lima";"240000";"HOSPITALIZACIÓN";"581";"591";"2694";"2018";"83";"2573";"0"
"2023";"02";"040110";"AREQUIPA";"AREQUIPA";"MIRAFLORES";"GOBIERNO REGIONAL";"I-2";"00001305";"CENTRO DE SALUD TOMASA T. COMDEMAYTA";"NE_0001";"";"NE_0001";"NE_0001";"NE_0001";"NE_0001";"NE_0001";"NE_0001";"NE_0001"
"2023";"03";"021809";"ANCASH";"SANTA";"NUEVO CHIMBOTE";"GOBIERNO REGIONAL";"I-2";"00001705";"PUESTO DE SALUD 3 DE OCTUBRE";"NE_0001";"";"NE_0001";"NE_0001";"NE_0001";"NE_0001";"NE_0001";"NE_0001";"NE_0001"
"2023";"03";"021802";"ANCASH";"SANTA";"CACERES DEL PERU";"GOBIERNO REGIONAL";"I-1";"00001709";"PUESTO DE SALUD LAMPANIN";"NE_0001";"";"NE_0001";"NE_0001";"NE_0001";"NE_0001";"NE_0001";"NE_0001";"NE_0001"
"2023";"03";"021805";"ANCASH";"SANTA";"MORO";"GOBIERNO REGIONAL";"I-3";"00001716";"CENTRO DE SALUD MORO";"NE_0001";"";"NE_0001";"NE_0001";"NE_0001";"NE_0001";"NE_0001";"NE_0001";"NE_0001"
"2023";"03";"022005";"ANCASH";"YUNGAY";"QUILLO";"GOBIERNO REGIONAL";"I-1";"00001737";"PUESTO DE SALUD PAMPACANCHA";"NE_0001";"";"NE_0001";"NE_0001";"NE_0001";"NE_0001";"NE_0001";"NE_0001";"NE_0001"
"2023";"03";"020104";"ANCASH";"HUARAZ";"HUANCHAY";"GOBIERNO REGIONAL";"I-2";"00001748";"PUESTO DE SALUD HUANCHAY HZ";"NE_0001";"";"NE_0001";"NE_0001";"NE_0001";"NE_0001";"NE_0001";"NE_0001";"NE_0001"
"2023";"03";"021809";"ANCASH";"SANTA";"NUEVO CHIMBOTE";"GOBIERNO REGIONAL";"I-2";"00007266";"PUESTO DE SALUD NICOLAS DE GARATEA";"NE_0001";"";"NE_0001";"NE_0001";"NE_0001";"NE_0001";"NE_0001";"NE_0001";"NE_0001"
"2023";"03";"020801";"ANCASH";"CASMA";"CASMA";"GOBIERNO REGIONAL";"I-2";"00031617";"PUESTO DE SALUD VILLA HERMOSA";"NE_0001";"";"NE_0001";"NE_0001";"NE_0001";"NE_0001";"NE_0001";"NE_0001";"NE_0001"
"2023";"03";"021809";"ANCASH";"SANTA";"NUEVO CHIMBOTE";"GOBIERNO REGIONAL";"I-4";"00001704";"CENTRO DE SALUD YUGOSLAVIA";"NE_0001";"";"NE_0001";"NE_0001";"NE_0001";"NE_0001";"NE_0001";"NE_0001";"NE_0001"
"2023";"03";"021809";"ANCASH";"SANTA";"NUEVO CHIMBOTE";"GOBIERNO REGIONAL";"I-2";"00001706";"PUESTO DE SALUD VILLA MARIA";"NE_0001";"";"NE_0001";"NE_0001";"NE_0001";"NE_0001";"NE_0001";"NE_0001";"NE_0001"
"2023";"03";"021802";"ANCASH";"SANTA";"CACERES DEL PERU";"GOBIERNO REGIONAL";"I-2";"00001708";"PUESTO DE SALUD JIMBE";"NE_0001";"";"NE_0001";"NE_0001";"NE_0001";"NE_0001";"NE_0001";"NE_0001";"NE_0001"
"2023";"03";"021807";"ANCASH";"SANTA";"SAMANCO";"GOBIERNO REGIONAL";"I-2";"00001711";"PUESTO DE SALUD SAMANCO";"NE_0001";"";"NE_0001";"NE_0001";"NE_0001";"NE_0001";"NE_0001";"NE_0001";"NE_0001"
"2023";"03";"021806";"ANCASH";"SANTA";"NEPEÑA";"GOBIERNO REGIONAL";"I-3";"00001714";"CENTRO DE SALUD NEPEÑA";"NE_0001";"";"NE_0001";"NE_0001";"NE_0001";"NE_0001";"NE_0001";"NE_0001";"NE_0001"
"2023";"03";"021805";"ANCASH";"SANTA";"MORO";"GOBIERNO REGIONAL";"I-1";"00001717";"PUESTO DE SALUD POCOS";"NE_0001";"";"NE_0001";"NE_0001";"NE_0001";"NE_0001";"NE_0001";"NE_0001";"NE_0001"
"2023";"03";"020802";"ANCASH";"CASMA";"BUENA VISTA ALTA";"GOBIERNO REGIONAL";"I-2";"00001724";"PUESTO DE SALUD HUANCHUY";"NE_0001";"";"NE_0001";"NE_0001";"NE_0001";"NE_0001";"NE_0001";"NE_0001";"NE_0001"
"2023";"03";"020804";"ANCASH";"CASMA";"YAUTAN";"GOBIERNO REGIONAL";"I-4";"00001728";"CENTRO DE SALUD YAUTAN";"NE_0001";"";"NE_0001";"NE_0001";"NE_0001";"NE_0001";"NE_0001";"NE_0001";"NE_0001"
"2023";"03";"220501";"SAN MARTIN";"LAMAS";"LAMAS";"ESSALUD";"I-2";"00016484";"POSTA MEDICA LAMAS - ESSALUD";"NE_0001";"";"NE_0001";"NE_0001";"NE_0001";"NE_0001";"NE_0001";"NE_0001";"NE_0001"
"2023";"01";"150113";"LIMA";"LIMA";"JESUS MARIA";"PRIVADO";"II-1";"00010776";"TRAUMATOLOGIA Y ORTOPEDIA AYBAR & AS SAC";"240000";"HOSPITALIZACIÓN";"3";"3";"4";"4";"6";"186";"0"
"2023";"01";"210301";"PUNO";"CARABAYA";"MACUSANI";"GOBIERNO REGIONAL";"I-3";"00002974";"METROPOLITANO MACUSANI";"240100";"HOSPITALIZACIÓN QUIRÚRGICA CIRUGÍA GENERAL ";"51";"54";"179";"233";"8";"248";"0"
"2023";"01";"210301";"PUNO";"CARABAYA";"MACUSANI";"GOBIERNO REGIONAL";"I-3";"00002974";"METROPOLITANO MACUSANI";"241500";"HOSPITALIZACIÓN QUIRÚRGICA GINECOLOGÍA  ";"17";"19";"51";"70";"4";"124";"0"
"2023";"01";"210301";"PUNO";"CARABAYA";"MACUSANI";"GOBIERNO REGIONAL";"I-3";"00002974";"METROPOLITANO MACUSANI";"241600";"HOSPITALIZACIÓN QUIRÚRGICA OBSTETRICIA   ";"62";"65";"183";"248";"11";"341";"0"
"2023";"01";"210301";"PUNO";"CARABAYA";"MACUSANI";"GOBIERNO REGIONAL";"I-3";"00002974";"METROPOLITANO MACUSANI";"241900";"HOSPITALIZACIÓN DE MEDICINA MEDICINA INTERNA ";"28";"31";"132";"163";"11";"341";"1"
"2023";"01";"210301";"PUNO";"CARABAYA";"MACUSANI";"GOBIERNO REGIONAL";"I-3";"00002974";"METROPOLITANO MACUSANI";"242500";"HOSPITALIZACIÓN-PEDIATRÍA GENERAL-";"8";"8";"33";"41";"6";"186";"0"
"2023";"01";"210301";"PUNO";"CARABAYA";"MACUSANI";"GOBIERNO REGIONAL";"I-3";"00002974";"METROPOLITANO MACUSANI";"243200";"HOSPITALIZACIÓN DE PEDIATRÍA PEDIATRIA NEONATOLOGÍA";"10";"12";"74";"86";"3";"93";"1"
"2023";"01";"150117";"LIMA";"LIMA";"LOS OLIVOS";"PRIVADO";"II-E";"00009641";"CLINICA MUNDO SALUD SAC";"240000";"HOSPITALIZACIÓN";"67";"63";"160";"156";"15";"294";"0"
"2023";"02";"120101";"JUNIN";"HUANCAYO";"HUANCAYO";"SANIDAD DE LA POLICIA NACIONAL DEL PERU";"I-3";"00010710";"POLICLINICO POLICIAL HUANCAYO ENRIQUE TORRES GONZALES";"NE_0001";"";"NE_0001";"NE_0001";"NE_0001";"NE_0001";"NE_0001";"NE_0001";"NE_0001"
"2023";"02";"100101";"HUANUCO";"HUANUCO";"HUANUCO";"SANIDAD DE LA POLICIA NACIONAL DEL PERU";"I-3";"00011421";"POLICLINICO POLICIAL HUÀNUCO";"NE_0001";"";"NE_0001";"NE_0001";"NE_0001";"NE_0001";"NE_0001";"NE_0001";"NE_0001"
"2023";"02";"060101";"CAJAMARCA";"CAJAMARCA";"CAJAMARCA";"PRIVADO";"0";"00029780";"LABORATORIO EL INGENIO";"NE_0001";"";"NE_0001";"NE_0001";"NE_0001";"NE_0001";"NE_0001";"NE_0001";"NE_0001"
"2023";"03";"060101";"CAJAMARCA";"CAJAMARCA";"CAJAMARCA";"PRIVADO";"II-1";"00009234";"CLINICA LOS FRESNOS";"241300";"HOSPITALIZACIÓN QUIRÚRGICA UROLOGÍA  ";"1";"1";"4";"1";"1";"2";"0"
"2023";"03";"061103";"CAJAMARCA";"SAN MIGUEL";"CALQUIS";"GOBIERNO REGIONAL";"I-1";"00019286";"GORDILLOS";"NE_0001";"";"NE_0001";"NE_0001";"NE_0001";"NE_0001";"NE_0001";"NE_0001";"NE_0001"
"2023";"03";"061103";"CAJAMARCA";"SAN MIGUEL";"CALQUIS";"GOBIERNO REGIONAL";"I-2";"00004576";"CALQUIS";"NE_0001";"";"NE_0001";"NE_0001";"NE_0001";"NE_0001";"NE_0001";"NE_0001";"NE_0001"
"2023";"03";"061107";"CAJAMARCA";"SAN MIGUEL";"LLAPA";"GOBIERNO REGIONAL";"I-1";"00006809";"PAMPA LA CALZADA";"NE_0001";"";"NE_0001";"NE_0001";"NE_0001";"NE_0001";"NE_0001";"NE_0001";"NE_0001"
"2023";"03";"061101";"CAJAMARCA";"SAN MIGUEL";"SAN MIGUEL";"GOBIERNO REGIONAL";"I-4";"00004561";"SAN MIGUEL";"241800";"HOSPITALIZACIÓN DE MEDICINA MEDICINA GENERAL ";"48";"49";"120";"87";"6";"186";"NE_0002"
"2023";"03";"061101";"CAJAMARCA";"SAN MIGUEL";"SAN MIGUEL";"GOBIERNO REGIONAL";"I-4";"00004561";"SAN MIGUEL";"241600";"HOSPITALIZACIÓN QUIRÚRGICA OBSTETRICIA   ";"NE_0002";"NE_0002";"NE_0002";"NE_0002";"4";"124";"NE_0002"
"2023";"03";"061101";"CAJAMARCA";"SAN MIGUEL";"SAN MIGUEL";"GOBIERNO REGIONAL";"I-4";"00004561";"SAN MIGUEL";"241500";"HOSPITALIZACIÓN QUIRÚRGICA GINECOLOGÍA  ";"5";"7";"8";"46";"4";"124";"NE_0002"
"2023";"03";"061103";"CAJAMARCA";"SAN MIGUEL";"CALQUIS";"GOBIERNO REGIONAL";"I-1";"00004570";"TAULIS";"NE_0001";"";"NE_0001";"NE_0001";"NE_0001";"NE_0001";"NE_0001";"NE_0001";"NE_0001"
"2023";"03";"061101";"CAJAMARCA";"SAN MIGUEL";"SAN MIGUEL";"GOBIERNO REGIONAL";"I-1";"00004572";"SANTA ROSA";"NE_0001";"";"NE_0001";"NE_0001";"NE_0001";"NE_0001";"NE_0001";"NE_0001";"NE_0001"
"2023";"03";"061101";"CAJAMARCA";"SAN MIGUEL";"SAN MIGUEL";"GOBIERNO REGIONAL";"I-1";"00004574";"TAYAPAMPA";"NE_0001";"";"NE_0001";"NE_0001";"NE_0001";"NE_0001";"NE_0001";"NE_0001";"NE_0001"
"2023";"03";"061101";"CAJAMARCA";"SAN MIGUEL";"SAN MIGUEL";"GOBIERNO REGIONAL";"I-1";"00008996";"CHUAD";"NE_0001";"";"NE_0001";"NE_0001";"NE_0001";"NE_0001";"NE_0001";"NE_0001";"NE_0001"
"2023";"03";"061113";"CAJAMARCA";"SAN MIGUEL";"UNION AGUA BLANCA";"GOBIERNO REGIONAL";"I-2";"00004546";"UNION AGUA BLANCA";"NE_0001";"";"NE_0001";"NE_0001";"NE_0001";"NE_0001";"NE_0001";"NE_0001";"NE_0001"
"2023";"03";"061101";"CAJAMARCA";"SAN MIGUEL";"SAN MIGUEL";"GOBIERNO REGIONAL";"I-1";"00004571";"NITISUYO ALTO";"NE_0001";"";"NE_0001";"NE_0001";"NE_0001";"NE_0001";"NE_0001";"NE_0001";"NE_0001"
"2023";"03";"061105";"CAJAMARCA";"SAN MIGUEL";"EL PRADO";"GOBIERNO REGIONAL";"I-2";"00004575";"EL PRADO";"NE_0001";"";"NE_0001";"NE_0001";"NE_0001";"NE_0001";"NE_0001";"NE_0001";"NE_0001"
"2023";"03";"061101";"CAJAMARCA";"SAN MIGUEL";"SAN MIGUEL";"GOBIERNO REGIONAL";"I-1";"00019285";"CHIAPON";"NE_0001";"";"NE_0001";"NE_0001";"NE_0001";"NE_0001";"NE_0001";"NE_0001";"NE_0001"
"2023";"03";"061105";"CAJAMARCA";"SAN MIGUEL";"EL PRADO";"GOBIERNO REGIONAL";"I-2";"00004573";"LAMASPAMPA";"NE_0001";"";"NE_0001";"NE_0001";"NE_0001";"NE_0001";"NE_0001";"NE_0001";"NE_0001"
"2023";"03";"220506";"SAN MARTIN";"LAMAS";"PINTO RECODO";"GOBIERNO REGIONAL";"I-1";"00006343";"GOSEN";"NE_0001";"";"NE_0001";"NE_0001";"NE_0001";"NE_0001";"NE_0001";"NE_0001";"NE_0001"
"2023";"03";"220506";"SAN MARTIN";"LAMAS";"PINTO RECODO";"GOBIERNO REGIONAL";"I-1";"00006344";"LA LIBERTAD BAJO MAYO";"NE_0001";"";"NE_0001";"NE_0001";"NE_0001";"NE_0001";"NE_0001";"NE_0001";"NE_0001"
"2023";"03";"220506";"SAN MARTIN";"LAMAS";"PINTO RECODO";"GOBIERNO REGIONAL";"I-1";"00006347";"VENCEDOR";"NE_0001";"";"NE_0001";"NE_0001";"NE_0001";"NE_0001";"NE_0001";"NE_0001";"NE_0001"
"2023";"03";"220502";"SAN MARTIN";"LAMAS";"ALONSO DE ALVARADO";"GOBIERNO REGIONAL";"I-3";"00006350";"PACAYZAPA";"241600";"HOSPITALIZACIÓN QUIRÚRGICA OBSTETRICIA   ";"1";"1";"1";"1";"2";"62";"0"
"2023";"03";"220506";"SAN MARTIN";"LAMAS";"PINTO RECODO";"GOBIERNO REGIONAL";"I-1";"00006342";"BETANIA";"NE_0001";"";"NE_0001";"NE_0001";"NE_0001";"NE_0001";"NE_0001";"NE_0001";"NE_0001"
"2023";"03";"220502";"SAN MARTIN";"LAMAS";"ALONSO DE ALVARADO";"GOBIERNO REGIONAL";"I-1";"00006351";"SAN JUAN DE PACAYZAPA";"NE_0001";"";"NE_0001";"NE_0001";"NE_0001";"NE_0001";"NE_0001";"NE_0001";"NE_0001"
"2023";"03";"220506";"SAN MARTIN";"LAMAS";"PINTO RECODO";"GOBIERNO REGIONAL";"I-1";"00006345";"MIRAFLORES";"NE_0001";"";"NE_0001";"NE_0001";"NE_0001";"NE_0001";"NE_0001";"NE_0001";"NE_0001"
"2023";"03";"220401";"SAN MARTIN";"HUALLAGA";"SAPOSOA";"GOBIERNO REGIONAL";"I-1";"00006534";"SAN ANDRES";"NE_0001";"";"NE_0001";"NE_0001";"NE_0001";"NE_0001";"NE_0001";"NE_0001";"NE_0001"
"2023";"03";"220401";"SAN MARTIN";"HUALLAGA";"SAPOSOA";"GOBIERNO REGIONAL";"I-1";"00006535";"SAN REGIS";"NE_0001";"";"NE_0001";"NE_0001";"NE_0001";"NE_0001";"NE_0001";"NE_0001";"NE_0001"
"2023";"03";"220401";"SAN MARTIN";"HUALLAGA";"SAPOSOA";"GOBIERNO REGIONAL";"I-3";"00006538";"EL DORADO";"241600";"HOSPITALIZACIÓN QUIRÚRGICA OBSTETRICIA   ";"5";"5";"9";"12";"4";"30";"0"
"2023";"03";"220402";"SAN MARTIN";"HUALLAGA";"ALTO SAPOSOA";"GOBIERNO REGIONAL";"I-1";"00006540";"NUEVA VIDA";"NE_0001";"";"NE_0001";"NE_0001";"NE_0001";"NE_0001";"NE_0001";"NE_0001";"NE_0001"
"2023";"03";"220401";"SAN MARTIN";"HUALLAGA";"SAPOSOA";"GOBIERNO REGIONAL";"I-4";"00006529";"RURAL SAPOSOA";"240100";"HOSPITALIZACIÓN QUIRÚRGICA CIRUGÍA GENERAL ";"12";"12";"20";"28";"2";"30";"0"
"2023";"03";"220401";"SAN MARTIN";"HUALLAGA";"SAPOSOA";"GOBIERNO REGIONAL";"I-4";"00006529";"RURAL SAPOSOA";"241400";"HOSPITALIZACIÓN QUIRÚRGICA GINECO - OBSTETRICIA ";"48";"51";"111";"30";"6";"30";"0"
"2023";"03";"220401";"SAN MARTIN";"HUALLAGA";"SAPOSOA";"GOBIERNO REGIONAL";"I-4";"00006529";"RURAL SAPOSOA";"241800";"HOSPITALIZACIÓN DE MEDICINA MEDICINA GENERAL ";"28";"31";"118";"25";"16";"30";"1"
"2023";"03";"220401";"SAN MARTIN";"HUALLAGA";"SAPOSOA";"GOBIERNO REGIONAL";"I-1";"00006531";"ALMENDRAS";"NE_0001";"";"NE_0001";"NE_0001";"NE_0001";"NE_0001";"NE_0001";"NE_0001";"NE_0001"
"2023";"03";"220404";"SAN MARTIN";"HUALLAGA";"PISCOYACU";"GOBIERNO REGIONAL";"I-1";"00006533";"PISCOYACU";"NE_0001";"";"NE_0001";"NE_0001";"NE_0001";"NE_0001";"NE_0001";"NE_0001";"NE_0001"
"2023";"03";"240301";"TUMBES";"ZARUMILLA";"ZARUMILLA";"GOBIERNO REGIONAL";"I-3";"00026856";"Centro de Salud Mental Comunitario  ""LIC. ENF. SILVIA VIOLETA CONDE SOSA""";"NE_0001";"";"NE_0001";"NE_0001";"NE_0001";"NE_0001";"NE_0001";"NE_0001";"NE_0001"
"2023";"03";"240304";"TUMBES";"ZARUMILLA";"PAPAYAL";"GOBIERNO REGIONAL";"I-2";"00001892";"LA PALMA";"NE_0001";"";"NE_0001";"NE_0001";"NE_0001";"NE_0001";"NE_0001";"NE_0001";"NE_0001"
"2023";"03";"240304";"TUMBES";"ZARUMILLA";"PAPAYAL";"GOBIERNO REGIONAL";"I-1";"00001894";"EL PORVENIR.";"NE_0001";"";"NE_0001";"NE_0001";"NE_0001";"NE_0001";"NE_0001";"NE_0001";"NE_0001"
"2023";"03";"240304";"TUMBES";"ZARUMILLA";"PAPAYAL";"GOBIERNO REGIONAL";"I-1";"00001895";"LECHUGAL";"NE_0001";"";"NE_0001";"NE_0001";"NE_0001";"NE_0001";"NE_0001";"NE_0001";"NE_0001"
"2023";"03";"240301";"TUMBES";"ZARUMILLA";"ZARUMILLA";"GOBIERNO REGIONAL";"I-4";"00001896";"CENTRO DE SALUD ZARUMILLA";"241600";"HOSPITALIZACIÓN QUIRÚRGICA OBSTETRICIA   ";"21";"21";"21";"21";"1";"31";"0"
"2023";"03";"060303";"CAJAMARCA";"CELENDIN";"CORTEGANA";"GOBIERNO REGIONAL";"I-1";"00006757";"CANDEN";"NE_0001";"";"NE_0001";"NE_0001";"NE_0001";"NE_0001";"NE_0001";"NE_0001";"NE_0001"
"2023";"03";"060303";"CAJAMARCA";"CELENDIN";"CORTEGANA";"GOBIERNO REGIONAL";"I-1";"00006758";"MUSADEN";"NE_0001";"";"NE_0001";"NE_0001";"NE_0001";"NE_0001";"NE_0001";"NE_0001";"NE_0001"
"2023";"03";"060303";"CAJAMARCA";"CELENDIN";"CORTEGANA";"GOBIERNO REGIONAL";"I-1";"00004475";"ANDAMACHAY";"NE_0001";"";"NE_0001";"NE_0001";"NE_0001";"NE_0001";"NE_0001";"NE_0001";"NE_0001"
"2023";"03";"060303";"CAJAMARCA";"CELENDIN";"CORTEGANA";"GOBIERNO REGIONAL";"I-3";"00004477";"CORTEGANA";"NE_0001";"";"NE_0001";"NE_0001";"NE_0001";"NE_0001";"NE_0001";"NE_0001";"NE_0001"
"2023";"03";"060303";"CAJAMARCA";"CELENDIN";"CORTEGANA";"GOBIERNO REGIONAL";"I-1";"00004476";"VILLANUEVA";"NE_0001";"";"NE_0001";"NE_0001";"NE_0001";"NE_0001";"NE_0001";"NE_0001";"NE_0001"
"2023";"03";"120101";"JUNIN";"HUANCAYO";"HUANCAYO";"PRIVADO";"II-1";"00025971";"CLINICA BILBAO";"241400";"HOSPITALIZACIÓN QUIRÚRGICA GINECO - OBSTETRICIA ";"19";"19";"35";"35";"2";"62";"0"
"2023";"03";"120101";"JUNIN";"HUANCAYO";"HUANCAYO";"PRIVADO";"II-1";"00025971";"CLINICA BILBAO";"240100";"HOSPITALIZACIÓN QUIRÚRGICA CIRUGÍA GENERAL ";"22";"22";"56";"57";"4";"124";"0"
"2023";"03";"120101";"JUNIN";"HUANCAYO";"HUANCAYO";"PRIVADO";"II-1";"00025971";"CLINICA BILBAO";"241500";"HOSPITALIZACIÓN QUIRÚRGICA GINECOLOGÍA  ";"11";"11";"19";"19";"2";"62";"0"
"2023";"03";"120101";"JUNIN";"HUANCAYO";"HUANCAYO";"PRIVADO";"II-1";"00025971";"CLINICA BILBAO";"241200";"HOSPITALIZACIÓN QUIRÚRGICA TRAUMATOLOGÍA Y ORTOPEDIA ";"9";"9";"14";"16";"1";"31";"0"
"2023";"03";"120101";"JUNIN";"HUANCAYO";"HUANCAYO";"PRIVADO";"II-1";"00025971";"CLINICA BILBAO";"241300";"HOSPITALIZACIÓN QUIRÚRGICA UROLOGÍA  ";"2";"2";"4";"5";"1";"31";"0"
"2023";"03";"120101";"JUNIN";"HUANCAYO";"HUANCAYO";"PRIVADO";"II-1";"00025971";"CLINICA BILBAO";"241800";"HOSPITALIZACIÓN DE MEDICINA MEDICINA GENERAL ";"1";"1";"1";"2";"1";"31";"0"
"2023";"03";"120101";"JUNIN";"HUANCAYO";"HUANCAYO";"PRIVADO";"II-1";"00025971";"CLINICA BILBAO";"240000";"HOSPITALIZACIÓN";"1";"1";"2";"2";"1";"31";"0"
"2023";"03";"120101";"JUNIN";"HUANCAYO";"HUANCAYO";"PRIVADO";"II-1";"00025971";"CLINICA BILBAO";"244100";"HOSPITALIZACIÓN DE MEDICINA DERMATOLOGÍA    ";"1";"1";"3";"3";"1";"31";"0"
"2023";"03";"010101";"AMAZONAS";"CHACHAPOYAS";"CHACHAPOYAS";"PRIVADO";"I-3";"00026399";"CENTRO MEDICO AMAZONAS EIRL";"NE_0001";"";"NE_0001";"NE_0001";"NE_0001";"NE_0001";"NE_0001";"NE_0001";"NE_0001"
"2023";"03";"220502";"SAN MARTIN";"LAMAS";"ALONSO DE ALVARADO";"GOBIERNO REGIONAL";"I-1";"00010516";"PORVENIR DEL NORTE";"NE_0001";"";"NE_0001";"NE_0001";"NE_0001";"NE_0001";"NE_0001";"NE_0001";"NE_0001"
"2023";"03";"220502";"SAN MARTIN";"LAMAS";"ALONSO DE ALVARADO";"GOBIERNO REGIONAL";"I-3";"00006348";"ROQUE";"241600";"HOSPITALIZACIÓN QUIRÚRGICA OBSTETRICIA   ";"3";"3";"3";"31";"5";"31";"0"
"2023";"03";"220502";"SAN MARTIN";"LAMAS";"ALONSO DE ALVARADO";"GOBIERNO REGIONAL";"I-1";"00007297";"ALAN GARCIA";"NE_0002";"";"NE_0002";"NE_0002";"NE_0002";"NE_0002";"NE_0002";"NE_0002";"NE_0002"
"2023";"03";"100102";"HUANUCO";"HUANUCO";"AMARILIS";"ESSALUD";"II-2";"00010571";"HOSPITAL II HUANUCO";"241800";"HOSPITALIZACIÓN DE MEDICINA MEDICINA GENERAL ";"73";"75";"658";"423";"28";"868";"6"
"2023";"03";"100102";"HUANUCO";"HUANUCO";"AMARILIS";"ESSALUD";"II-2";"00010571";"HOSPITAL II HUANUCO";"241300";"HOSPITALIZACIÓN QUIRÚRGICA UROLOGÍA  ";"13";"15";"73";"67";"3";"93";"0"
"2023";"03";"100102";"HUANUCO";"HUANUCO";"AMARILIS";"ESSALUD";"II-2";"00010571";"HOSPITAL II HUANUCO";"240100";"HOSPITALIZACIÓN QUIRÚRGICA CIRUGÍA GENERAL ";"83";"87";"432";"387";"13";"403";"0"
"2023";"03";"100102";"HUANUCO";"HUANUCO";"AMARILIS";"ESSALUD";"II-2";"00010571";"HOSPITAL II HUANUCO";"241200";"HOSPITALIZACIÓN QUIRÚRGICA TRAUMATOLOGÍA Y ORTOPEDIA ";"31";"31";"234";"192";"7";"217";"0"
"2023";"03";"100102";"HUANUCO";"HUANUCO";"AMARILIS";"ESSALUD";"II-2";"00010571";"HOSPITAL II HUANUCO";"241500";"HOSPITALIZACIÓN QUIRÚRGICA GINECOLOGÍA  ";"21";"19";"72";"71";"4";"124";"0"
"2023";"03";"100102";"HUANUCO";"HUANUCO";"AMARILIS";"ESSALUD";"II-2";"00010571";"HOSPITAL II HUANUCO";"241600";"HOSPITALIZACIÓN QUIRÚRGICA OBSTETRICIA   ";"109";"156";"313";"336";"18";"558";"0"
"2023";"03";"100102";"HUANUCO";"HUANUCO";"AMARILIS";"ESSALUD";"II-2";"00010571";"HOSPITAL II HUANUCO";"242300";"HOSPITALIZACIÓN DE PEDIATRÍA  PEDIATRÍA  GENERAL ";"29";"26";"79";"101";"9";"279";"0"
"2023";"03";"100102";"HUANUCO";"HUANUCO";"AMARILIS";"ESSALUD";"II-2";"00010571";"HOSPITAL II HUANUCO";"243200";"HOSPITALIZACIÓN DE PEDIATRÍA PEDIATRIA NEONATOLOGÍA";"124";"99";"166";"188";"10";"310";"0"
"2023";"03";"100102";"HUANUCO";"HUANUCO";"AMARILIS";"ESSALUD";"II-2";"00010571";"HOSPITAL II HUANUCO";"250100";"UNIDAD DE CUIDADOS CRITICOS UNIDAD  DE CUIDADOS INTENSIVOS GENERALES (UCI) ";"28";"8";"68";"249";"9";"279";"2"
"2023";"03";"100102";"HUANUCO";"HUANUCO";"AMARILIS";"ESSALUD";"II-2";"00010571";"HOSPITAL II HUANUCO";"250200";"UNIDAD DE CUIDADOS CRITICOS UNIDAD DE CUIDADOS INTERMEDIOS GENERAL  (UCIN) ";"9";"3";"62";"109";"4";"124";"6"
"2023";"03";"131201";"LA LIBERTAD";"VIRU";"VIRU";"GOBIERNO REGIONAL";"II-1";"00005251";"HOSPITAL PROVINCIAL DE VIRU";"241600";"HOSPITALIZACIÓN QUIRÚRGICA OBSTETRICIA   ";"41";"41";"82";"82";"7";"217";"0"
"2023";"03";"131201";"LA LIBERTAD";"VIRU";"VIRU";"GOBIERNO REGIONAL";"II-1";"00005251";"HOSPITAL PROVINCIAL DE VIRU";"242500";"HOSPITALIZACIÓN-PEDIATRÍA GENERAL-";"9";"9";"38";"38";"3";"93";"0"
"2023";"03";"131201";"LA LIBERTAD";"VIRU";"VIRU";"GOBIERNO REGIONAL";"II-1";"00005251";"HOSPITAL PROVINCIAL DE VIRU";"241800";"HOSPITALIZACIÓN DE MEDICINA MEDICINA GENERAL ";"14";"14";"48";"46";"6";"186";"0"
"2023";"03";"131201";"LA LIBERTAD";"VIRU";"VIRU";"GOBIERNO REGIONAL";"II-1";"00005251";"HOSPITAL PROVINCIAL DE VIRU";"241500";"HOSPITALIZACIÓN QUIRÚRGICA GINECOLOGÍA  ";"21";"21";"56";"56";"3";"93";"0"
"2023";"01";"060612";"CAJAMARCA";"CUTERVO";"SANTO DOMINGO DE LA CAPILLA";"GOBIERNO REGIONAL";"I-1";"00005003";"MIRAFLORES";"NE_0001";"";"NE_0001";"NE_0001";"NE_0001";"NE_0001";"NE_0001";"NE_0001";"NE_0001"
"2023";"01";"060612";"CAJAMARCA";"CUTERVO";"SANTO DOMINGO DE LA CAPILLA";"GOBIERNO REGIONAL";"I-1";"00006863";"NARANJOS";"NE_0001";"";"NE_0001";"NE_0001";"NE_0001";"NE_0001";"NE_0001";"NE_0001";"NE_0001"
"2023";"01";"060612";"CAJAMARCA";"CUTERVO";"SANTO DOMINGO DE LA CAPILLA";"GOBIERNO REGIONAL";"I-1";"00006864";"NARANJOYACU";"NE_0001";"";"NE_0001";"NE_0001";"NE_0001";"NE_0001";"NE_0001";"NE_0001";"NE_0001"
"2023";"01";"060612";"CAJAMARCA";"CUTERVO";"SANTO DOMINGO DE LA CAPILLA";"GOBIERNO REGIONAL";"I-1";"00008924";"NUEVO ORIENTE DE LA CAPILLA";"NE_0001";"";"NE_0001";"NE_0001";"NE_0001";"NE_0001";"NE_0001";"NE_0001";"NE_0001"
"2023";"01";"110101";"ICA";"ICA";"ICA";"GOBIERNO REGIONAL";"I-2";"00003375";"SENOR DE LUREN";"NE_0001";"";"NE_0001";"NE_0001";"NE_0001";"NE_0001";"NE_0001";"NE_0001";"NE_0001"
"2023";"01";"110101";"ICA";"ICA";"ICA";"GOBIERNO REGIONAL";"I-3";"00003360";"SAN JOAQUIN";"NE_0001";"";"NE_0001";"NE_0001";"NE_0001";"NE_0001";"NE_0001";"NE_0001";"NE_0001"
"2023";"01";"110101";"ICA";"ICA";"ICA";"GOBIERNO REGIONAL";"I-2";"00003376";"CACHICHE";"NE_0001";"";"NE_0001";"NE_0001";"NE_0001";"NE_0001";"NE_0001";"NE_0001";"NE_0001"
"2023";"01";"110101";"ICA";"ICA";"ICA";"GOBIERNO REGIONAL";"I-3";"00003361";"LA PALMA GRANDE";"NE_0002";"";"NE_0002";"NE_0002";"NE_0002";"NE_0002";"NE_0002";"NE_0002";"NE_0002"
"2023";"01";"110101";"ICA";"ICA";"ICA";"MINSA";"I-2";"00003377";"EL HUARANGO";"NE_0001";"";"NE_0001";"NE_0001";"NE_0001";"NE_0001";"NE_0001";"NE_0001";"NE_0001"
"2023";"02";"070104";"CALLAO";"CALLAO";"LA PERLA";"SANIDAD DE LA POLICIA NACIONAL DEL PERU";"I-3";"00010557";"POLICLINICO  POLICIAL CALLAO";"NE_0001";"";"NE_0001";"NE_0001";"NE_0001";"NE_0001";"NE_0001";"NE_0001";"NE_0001"
"2023";"01";"120504";"JUNIN";"JUNIN";"ULCUMAYO";"GOBIERNO REGIONAL";"I-1";"00000317";"RAYMONDI";"NE_0001";"";"NE_0001";"NE_0001";"NE_0001";"NE_0001";"NE_0001";"NE_0001";"NE_0001"
"2023";"01";"120304";"JUNIN";"CHANCHAMAYO";"SAN LUIS DE SHUARO";"GOBIERNO REGIONAL";"I-1";"00000316";"SANTA HERMINIA BAJA";"NE_0001";"";"NE_0001";"NE_0001";"NE_0001";"NE_0001";"NE_0001";"NE_0001";"NE_0001"
"2023";"01";"120304";"JUNIN";"CHANCHAMAYO";"SAN LUIS DE SHUARO";"GOBIERNO REGIONAL";"I-3";"00000315";"SANCHIRIO PALOMAR";"NE_0001";"";"NE_0001";"NE_0001";"NE_0001";"NE_0001";"NE_0001";"NE_0001";"NE_0001"
"2023";"01";"120304";"JUNIN";"CHANCHAMAYO";"SAN LUIS DE SHUARO";"GOBIERNO REGIONAL";"I-3";"00000314";"SAN LUIS DE SHUARO";"NE_0001";"";"NE_0001";"NE_0001";"NE_0001";"NE_0001";"NE_0001";"NE_0001";"NE_0001"
"2023";"01";"120301";"JUNIN";"CHANCHAMAYO";"CHANCHAMAYO";"GOBIERNO REGIONAL";"I-1";"00000312";"PUEBLO PARDO";"NE_0001";"";"NE_0001";"NE_0001";"NE_0001";"NE_0001";"NE_0001";"NE_0001";"NE_0001"
"2023";"01";"120301";"JUNIN";"CHANCHAMAYO";"CHANCHAMAYO";"GOBIERNO REGIONAL";"I-2";"00000311";"VILLA PROGRESO";"NE_0001";"";"NE_0001";"NE_0001";"NE_0001";"NE_0001";"NE_0001";"NE_0001";"NE_0001"
"2023";"02";"220511";"SAN MARTIN";"LAMAS";"ZAPATERO";"GOBIERNO REGIONAL";"I-1";"00006403";"CARAÑAYACU";"NE_0002";"";"NE_0002";"NE_0002";"NE_0002";"NE_0002";"NE_0002";"NE_0002";"NE_0002"
"2023";"02";"220505";"SAN MARTIN";"LAMAS";"CUÑUMBUQUI";"GOBIERNO REGIONAL";"I-3";"00006396";"CUÑUMBUQUE";"241600";"HOSPITALIZACIÓN QUIRÚRGICA OBSTETRICIA   ";"4";"4";"4";"4";"2";"56";"0"
"2023";"02";"220511";"SAN MARTIN";"LAMAS";"ZAPATERO";"GOBIERNO REGIONAL";"I-1";"00006399";"ZAPATERO";"NE_0002";"";"NE_0002";"NE_0002";"NE_0002";"NE_0002";"NE_0002";"NE_0002";"NE_0002"
"2023";"02";"080903";"CUSCO";"LA CONVENCION";"HUAYOPATA";"GOBIERNO REGIONAL";"I-1";"00002457";"SAN PABLO HUAYOPATA";"NE_0001";"";"NE_0001";"NE_0001";"NE_0001";"NE_0001";"NE_0001";"NE_0001";"NE_0001"
"2023";"02";"080904";"CUSCO";"LA CONVENCION";"MARANURA";"GOBIERNO REGIONAL";"I-4";"00002458";"MARANURA";"NE_0001";"";"NE_0001";"NE_0001";"NE_0001";"NE_0001";"NE_0001";"NE_0001";"NE_0001"
"2023";"03";"040509";"AREQUIPA";"CAYLLOMA";"ICHUPAMPA";"GOBIERNO REGIONAL";"I-2";"00001425";"PUESTO DE SALUD ICHUPAMPA";"NE_0001";"";"NE_0001";"NE_0001";"NE_0001";"NE_0001";"NE_0001";"NE_0001";"NE_0001"
"2023";"03";"040519";"AREQUIPA";"CAYLLOMA";"YANQUE";"GOBIERNO REGIONAL";"I-2";"00001428";"PUESTO DE SALUD YANQUE";"NE_0001";"";"NE_0001";"NE_0001";"NE_0001";"NE_0001";"NE_0001";"NE_0001";"NE_0001"
"2023";"03";"040512";"AREQUIPA";"CAYLLOMA";"MACA";"GOBIERNO REGIONAL";"I-2";"00001430";"PUESTO DE SALUD MACA";"NE_0001";"";"NE_0001";"NE_0001";"NE_0001";"NE_0001";"NE_0001";"NE_0001";"NE_0001"
"2023";"03";"040513";"AREQUIPA";"CAYLLOMA";"MADRIGAL";"GOBIERNO REGIONAL";"I-2";"00001427";"PUESTO DE SALUD MADRIGAL";"NE_0001";"";"NE_0001";"NE_0001";"NE_0001";"NE_0001";"NE_0001";"NE_0001";"NE_0001"
"2023";"03";"040410";"AREQUIPA";"CASTILLA";"PAMPACOLCA";"GOBIERNO REGIONAL";"I-3";"00001385";"CENTRO DE SALUD PAMPACOLCA";"NE_0001";"";"NE_0001";"NE_0001";"NE_0001";"NE_0001";"NE_0001";"NE_0001";"NE_0001"
"2023";"03";"040410";"AREQUIPA";"CASTILLA";"PAMPACOLCA";"GOBIERNO REGIONAL";"I-2";"00001398";"PUESTO DE SALUD SAN ANTONIO";"NE_0001";"";"NE_0001";"NE_0001";"NE_0001";"NE_0001";"NE_0001";"NE_0001";"NE_0001"
"2023";"03";"040410";"AREQUIPA";"CASTILLA";"PAMPACOLCA";"GOBIERNO REGIONAL";"I-1";"00001399";"PUESTO DE SALUD PISCOPAMPA";"NE_0001";"";"NE_0001";"NE_0001";"NE_0001";"NE_0001";"NE_0001";"NE_0001";"NE_0001"
"2023";"03";"120101";"JUNIN";"HUANCAYO";"HUANCAYO";"PRIVADO";"II-2";"00008858";"CLINICA ORTEGA";"240100";"HOSPITALIZACIÓN QUIRÚRGICA CIRUGÍA GENERAL ";"58";"58";"193";"193";"8";"248";"0"
"2023";"03";"120101";"JUNIN";"HUANCAYO";"HUANCAYO";"PRIVADO";"II-2";"00008858";"CLINICA ORTEGA";"240200";"HOSPITALIZACIÓN QUIRÚRGICA CIRUGÍA DE CABEZA Y CUELLO / MÁXILO FACIAL ";"2";"2";"6";"6";"3";"93";"0"
"2023";"03";"120101";"JUNIN";"HUANCAYO";"HUANCAYO";"PRIVADO";"II-2";"00008858";"CLINICA ORTEGA";"240700";"HOSPITALIZACIÓN QUIRÚRGICA CIRUGÍA PEDIÁTRICA ";"1";"1";"3";"3";"3";"93";"0"
"2023";"03";"120101";"JUNIN";"HUANCAYO";"HUANCAYO";"PRIVADO";"II-2";"00008858";"CLINICA ORTEGA";"240900";"HOSPITALIZACIÓN QUIRÚRGICA NEUROCIRUGÍA ";"5";"5";"25";"25";"3";"93";"0"
"2023";"03";"120101";"JUNIN";"HUANCAYO";"HUANCAYO";"PRIVADO";"II-2";"00008858";"CLINICA ORTEGA";"241000";"HOSPITALIZACIÓN QUIRÚRGICA ONCOLOGÍA QUIRÚRGICA  ";"3";"3";"8";"8";"3";"93";"0"
"2023";"03";"120101";"JUNIN";"HUANCAYO";"HUANCAYO";"PRIVADO";"II-2";"00008858";"CLINICA ORTEGA";"241100";"HOSPITALIZACIÓN QUIRÚRGICA OTORRINOLARINGOLOGÍA  ";"3";"3";"6";"6";"3";"93";"0"
"2023";"03";"120101";"JUNIN";"HUANCAYO";"HUANCAYO";"PRIVADO";"II-2";"00008858";"CLINICA ORTEGA";"241200";"HOSPITALIZACIÓN QUIRÚRGICA TRAUMATOLOGÍA Y ORTOPEDIA ";"54";"54";"165";"165";"8";"248";"0"
"2023";"03";"120101";"JUNIN";"HUANCAYO";"HUANCAYO";"PRIVADO";"II-2";"00008858";"CLINICA ORTEGA";"241300";"HOSPITALIZACIÓN QUIRÚRGICA UROLOGÍA  ";"15";"15";"49";"49";"4";"124";"0"
"2023";"03";"120101";"JUNIN";"HUANCAYO";"HUANCAYO";"PRIVADO";"II-2";"00008858";"CLINICA ORTEGA";"241400";"HOSPITALIZACIÓN QUIRÚRGICA GINECO - OBSTETRICIA ";"38";"38";"102";"102";"6";"186";"0"
"2023";"03";"120101";"JUNIN";"HUANCAYO";"HUANCAYO";"PRIVADO";"II-2";"00008858";"CLINICA ORTEGA";"241800";"HOSPITALIZACIÓN DE MEDICINA MEDICINA GENERAL ";"3";"3";"8";"8";"3";"93";"0"
"2023";"03";"120101";"JUNIN";"HUANCAYO";"HUANCAYO";"PRIVADO";"II-2";"00008858";"CLINICA ORTEGA";"241900";"HOSPITALIZACIÓN DE MEDICINA MEDICINA INTERNA ";"37";"37";"132";"132";"7";"217";"0"
"2023";"03";"120101";"JUNIN";"HUANCAYO";"HUANCAYO";"PRIVADO";"II-2";"00008858";"CLINICA ORTEGA";"242100";"HOSPITALIZACIÓN DE MEDICINA ONCOLOGÍA MÉDICA ";"1";"1";"4";"4";"3";"93";"0"
"2023";"03";"120101";"JUNIN";"HUANCAYO";"HUANCAYO";"PRIVADO";"II-2";"00008858";"CLINICA ORTEGA";"242300";"HOSPITALIZACIÓN DE PEDIATRÍA  PEDIATRÍA  GENERAL ";"4";"4";"21";"21";"3";"93";"0"
"2023";"03";"150132";"LIMA";"LIMA";"SAN JUAN DE LURIGANCHO";"PRIVADO";"II-E";"00014509";"CLINICA SAN MARTIN";"240000";"HOSPITALIZACIÓN";"93";"93";"216";"238";"12";"360";"0"
"2023";"03";"040126";"AREQUIPA";"AREQUIPA";"YANAHUARA";"PRIVADO";"II-1";"00012907";"SISTEMAS DE ADMINISTRACION HOSPITALARIA S.A.C.";"241900";"HOSPITALIZACIÓN DE MEDICINA MEDICINA INTERNA ";"15";"15";"101";"15";"14";"434";"0"
"2023";"03";"040126";"AREQUIPA";"AREQUIPA";"YANAHUARA";"PRIVADO";"II-1";"00012907";"SISTEMAS DE ADMINISTRACION HOSPITALARIA S.A.C.";"242300";"HOSPITALIZACIÓN DE PEDIATRÍA  PEDIATRÍA  GENERAL ";"33";"33";"138";"33";"14";"434";"0"
"2023";"03";"040126";"AREQUIPA";"AREQUIPA";"YANAHUARA";"PRIVADO";"II-1";"00012907";"SISTEMAS DE ADMINISTRACION HOSPITALARIA S.A.C.";"241400";"HOSPITALIZACIÓN QUIRÚRGICA GINECO - OBSTETRICIA ";"49";"49";"294";"49";"14";"434";"0"
"2023";"03";"150140";"LIMA";"LIMA";"SANTIAGO DE SURCO";"PRIVADO";"II-E";"00015461";"VISTASALUD CENTRO OFTALMOLOGICO";"NE_0001";"";"NE_0001";"NE_0001";"NE_0001";"NE_0001";"NE_0001";"NE_0001";"NE_0001"
"2023";"03";"150133";"LIMA";"LIMA";"SAN JUAN DE MIRAFLORES";"ESSALUD";"I-3";"00013012";"CENTRO DE ATENCIÓN PRIMARIA III SAN JUAN DE MIRAFLORES";"NE_0001";"";"NE_0001";"NE_0001";"NE_0001";"NE_0001";"NE_0001";"NE_0001";"NE_0001"
"2023";"03";"120708";"JUNIN";"TARMA";"SAN PEDRO DE CAJAS";"GOBIERNO REGIONAL";"I-1";"00000535";"SAN JOSE DE CAYASH";"NE_0001";"";"NE_0001";"NE_0001";"NE_0001";"NE_0001";"NE_0001";"NE_0001";"NE_0001"
"2023";"03";"150801";"LIMA";"HUAURA";"HUACHO";"ESSALUD";"II-2";"00011337";"HOSPITAL II GUSTAVO LANATTA LUJAN - ESSALUD";"241600";"HOSPITALIZACIÓN QUIRÚRGICA OBSTETRICIA   ";"178";"182";"345";"327";"21";"651";"0"
"2023";"03";"150801";"LIMA";"HUAURA";"HUACHO";"ESSALUD";"II-2";"00011337";"HOSPITAL II GUSTAVO LANATTA LUJAN - ESSALUD";"242300";"HOSPITALIZACIÓN DE PEDIATRÍA  PEDIATRÍA  GENERAL ";"39";"37";"105";"130";"12";"372";"0"
"2023";"03";"150801";"LIMA";"HUAURA";"HUACHO";"ESSALUD";"II-2";"00011337";"HOSPITAL II GUSTAVO LANATTA LUJAN - ESSALUD";"243200";"HOSPITALIZACIÓN DE PEDIATRÍA PEDIATRIA NEONATOLOGÍA";"32";"34";"69";"60";"5";"155";"0"
"2023";"03";"150801";"LIMA";"HUAURA";"HUACHO";"ESSALUD";"II-2";"00011337";"HOSPITAL II GUSTAVO LANATTA LUJAN - ESSALUD";"250100";"UNIDAD DE CUIDADOS CRITICOS UNIDAD  DE CUIDADOS INTENSIVOS GENERALES (UCI) ";"12";"11";"105";"92";"4";"124";"7"
"2023";"03";"120101";"JUNIN";"HUANCAYO";"HUANCAYO";"PRIVADO";"II-E";"00025973";"CLINICA ZARATE";"241800";"HOSPITALIZACIÓN DE MEDICINA MEDICINA GENERAL ";"79";"84";"31";"162";"12";"199";"1"
"2023";"03";"150108";"LIMA";"LIMA";"CHORRILLOS";"PRIVADO";"II-E";"00012220";"CLINICA REAL LOS LAURELES";"NE_0002";"";"NE_0002";"NE_0002";"NE_0002";"NE_0002";"NE_0002";"NE_0002";"NE_0002"
"2023";"03";"040103";"AREQUIPA";"AREQUIPA";"CAYMA";"GOBIERNO REGIONAL";"I-3";"00001235";"BUENOS AIRES DE CAYMA";"NE_0001";"";"NE_0001";"NE_0001";"NE_0001";"NE_0001";"NE_0001";"NE_0001";"NE_0001"
"2023";"03";"040103";"AREQUIPA";"AREQUIPA";"CAYMA";"GOBIERNO REGIONAL";"I-2";"00001245";"SAN JOSE";"NE_0001";"";"NE_0001";"NE_0001";"NE_0001";"NE_0001";"NE_0001";"NE_0001";"NE_0001"
"2023";"03";"040103";"AREQUIPA";"AREQUIPA";"CAYMA";"GOBIERNO REGIONAL";"I-2";"00001246";"DEAN VALDIVIA";"NE_0001";"";"NE_0001";"NE_0001";"NE_0001";"NE_0001";"NE_0001";"NE_0001";"NE_0001"
"2023";"03";"021901";"ANCASH";"SIHUAS";"SIHUAS";"ESSALUD";"I-3";"00009203";"CENTRO MEDICO SIHUAS";"NE_0001";"";"NE_0001";"NE_0001";"NE_0001";"NE_0001";"NE_0001";"NE_0001";"NE_0001"
"2023";"03";"060801";"CAJAMARCA";"JAEN";"JAEN";"ESSALUD";"II-1";"00010136";"HOSPITAL II-1 CLINICA JAEN";"241800";"HOSPITALIZACIÓN DE MEDICINA MEDICINA GENERAL ";"98";"85";"250";"266";"11";"342";"2"
"2023";"03";"060801";"CAJAMARCA";"JAEN";"JAEN";"ESSALUD";"II-1";"00010136";"HOSPITAL II-1 CLINICA JAEN";"240100";"HOSPITALIZACIÓN QUIRÚRGICA CIRUGÍA GENERAL ";"49";"51";"157";"174";"9";"228";"0"
"2023";"03";"060801";"CAJAMARCA";"JAEN";"JAEN";"ESSALUD";"II-1";"00010136";"HOSPITAL II-1 CLINICA JAEN";"241400";"HOSPITALIZACIÓN QUIRÚRGICA GINECO - OBSTETRICIA ";"76";"68";"157";"108";"6";"207";"0"
"2023";"03";"060801";"CAJAMARCA";"JAEN";"JAEN";"ESSALUD";"II-1";"00010136";"HOSPITAL II-1 CLINICA JAEN";"242300";"HOSPITALIZACIÓN DE PEDIATRÍA  PEDIATRÍA  GENERAL ";"81";"95";"245";"189";"6";"215";"0"
"2023";"03";"150103";"LIMA";"LIMA";"ATE";"ESSALUD";"II-1";"00008353";"HOSPITAL II VITARTE - ESSALUD";"241800";"HOSPITALIZACIÓN DE MEDICINA MEDICINA GENERAL ";"86";"101";"1004";"757";"30";"930";"12"
"2023";"03";"150103";"LIMA";"LIMA";"ATE";"ESSALUD";"II-1";"00008353";"HOSPITAL II VITARTE - ESSALUD";"240100";"HOSPITALIZACIÓN QUIRÚRGICA CIRUGÍA GENERAL ";"166";"163";"396";"370";"12";"372";"0"
"2023";"03";"150103";"LIMA";"LIMA";"ATE";"ESSALUD";"II-1";"00008353";"HOSPITAL II VITARTE - ESSALUD";"241300";"HOSPITALIZACIÓN QUIRÚRGICA UROLOGÍA  ";"8";"7";"28";"27";"3";"93";"0"
"2023";"03";"150103";"LIMA";"LIMA";"ATE";"ESSALUD";"II-1";"00008353";"HOSPITAL II VITARTE - ESSALUD";"241200";"HOSPITALIZACIÓN QUIRÚRGICA TRAUMATOLOGÍA Y ORTOPEDIA ";"78";"78";"291";"185";"6";"186";"0"
"2023";"03";"150103";"LIMA";"LIMA";"ATE";"ESSALUD";"II-1";"00008353";"HOSPITAL II VITARTE - ESSALUD";"241500";"HOSPITALIZACIÓN QUIRÚRGICA GINECOLOGÍA  ";"45";"42";"104";"96";"6";"186";"0"
"2023";"03";"150103";"LIMA";"LIMA";"ATE";"ESSALUD";"II-1";"00008353";"HOSPITAL II VITARTE - ESSALUD";"242300";"HOSPITALIZACIÓN DE PEDIATRÍA  PEDIATRÍA  GENERAL ";"49";"45";"190";"183";"9";"279";"0"
"2023";"03";"150103";"LIMA";"LIMA";"ATE";"ESSALUD";"II-1";"00008353";"HOSPITAL II VITARTE - ESSALUD";"250100";"UNIDAD DE CUIDADOS CRITICOS UNIDAD  DE CUIDADOS INTENSIVOS GENERALES (UCI) ";"7";"8";"32";"81";"3";"93";"2"
"2023";"03";"080708";"CUSCO";"CHUMBIVILCAS";"VELILLE";"GOBIERNO REGIONAL";"I-1";"00027011";"AYACCASI";"NE_0001";"";"NE_0001";"NE_0001";"NE_0001";"NE_0001";"NE_0001";"NE_0001";"NE_0001"
"2023";"03";"080708";"CUSCO";"CHUMBIVILCAS";"VELILLE";"GOBIERNO REGIONAL";"I-3";"00002409";"VELILLE";"NE_0001";"";"NE_0001";"NE_0001";"NE_0001";"NE_0001";"NE_0001";"NE_0001";"NE_0001"
"2023";"03";"080701";"CUSCO";"CHUMBIVILCAS";"SANTO TOMAS";"GOBIERNO REGIONAL";"I-1";"00030940";"ARCANGEL SAN MIGUEL DE ESQUINA CONGUNYA";"NE_0001";"";"NE_0001";"NE_0001";"NE_0001";"NE_0001";"NE_0001";"NE_0001";"NE_0001"
"2023";"03";"080708";"CUSCO";"CHUMBIVILCAS";"VELILLE";"GOBIERNO REGIONAL";"I-1";"00025371";"TUNTUMA";"NE_0001";"";"NE_0001";"NE_0001";"NE_0001";"NE_0001";"NE_0001";"NE_0001";"NE_0001"
"2023";"03";"080701";"CUSCO";"CHUMBIVILCAS";"SANTO TOMAS";"GOBIERNO REGIONAL";"I-2";"00002399";"PULPERA";"NE_0001";"";"NE_0001";"NE_0001";"NE_0001";"NE_0001";"NE_0001";"NE_0001";"NE_0001"
"2023";"03";"080708";"CUSCO";"CHUMBIVILCAS";"VELILLE";"GOBIERNO REGIONAL";"I-1";"00008912";"ALCCA VICTORIA";"NE_0001";"";"NE_0001";"NE_0001";"NE_0001";"NE_0001";"NE_0001";"NE_0001";"NE_0001"
"2023";"03";"080708";"CUSCO";"CHUMBIVILCAS";"VELILLE";"GOBIERNO REGIONAL";"I-1";"00027016";"HUAYCUÑUTA - URCURUTA";"NE_0001";"";"NE_0001";"NE_0001";"NE_0001";"NE_0001";"NE_0001";"NE_0001";"NE_0001"
"2023";"03";"060501";"CAJAMARCA";"CONTUMAZA";"CONTUMAZA";"GOBIERNO REGIONAL";"I-1";"00004630";"EL MOTE";"NE_0001";"";"NE_0001";"NE_0001";"NE_0001";"NE_0001";"NE_0001";"NE_0001";"NE_0001"
"2023";"03";"060502";"CAJAMARCA";"CONTUMAZA";"CHILETE";"GOBIERNO REGIONAL";"I-1";"00004545";"LLALLAN";"NE_0001";"";"NE_0001";"NE_0001";"NE_0001";"NE_0001";"NE_0001";"NE_0001";"NE_0001"
"2023";"03";"060501";"CAJAMARCA";"CONTUMAZA";"CONTUMAZA";"GOBIERNO REGIONAL";"I-1";"00004632";"CORRALES DE CHANTA";"NE_0001";"";"NE_0001";"NE_0001";"NE_0001";"NE_0001";"NE_0001";"NE_0001";"NE_0001"
"2023";"03";"060502";"CAJAMARCA";"CONTUMAZA";"CHILETE";"GOBIERNO REGIONAL";"I-4";"00004538";"DE APOYO CHILETE";"240000";"HOSPITALIZACIÓN";"25";"29";"75";"61";"9";"218";"0"
"2023";"03";"060507";"CAJAMARCA";"CONTUMAZA";"TANTARICA";"GOBIERNO REGIONAL";"I-2";"00004544";"CATÁN - TANTARICA";"NE_0001";"";"NE_0001";"NE_0001";"NE_0001";"NE_0001";"NE_0001";"NE_0001";"NE_0001"
"2023";"03";"060501";"CAJAMARCA";"CONTUMAZA";"CONTUMAZA";"GOBIERNO REGIONAL";"I-1";"00004622";"CATUDEN";"NE_0001";"";"NE_0001";"NE_0001";"NE_0001";"NE_0001";"NE_0001";"NE_0001";"NE_0001"
"2023";"03";"060301";"CAJAMARCA";"CELENDIN";"CELENDIN";"ESSALUD";"I-3";"00010269";"CENTRO MEDICO ESSALUD CELENDIN";"NE_0001";"";"NE_0001";"NE_0001";"NE_0001";"NE_0001";"NE_0001";"NE_0001";"NE_0001"
"2023";"03";"010201";"AMAZONAS";"BAGUA";"BAGUA";"GOBIERNO REGIONAL";"II-1";"00005044";"GUSTAVO LANATTA LUJAN";"240100";"HOSPITALIZACIÓN QUIRÚRGICA CIRUGÍA GENERAL ";"68";"68";"212";"212";"10";"310";"0"
"2023";"03";"010201";"AMAZONAS";"BAGUA";"BAGUA";"GOBIERNO REGIONAL";"II-1";"00005044";"GUSTAVO LANATTA LUJAN";"241200";"HOSPITALIZACIÓN QUIRÚRGICA TRAUMATOLOGÍA Y ORTOPEDIA ";"1";"1";"15";"15";"2";"62";"0"
"2023";"01";"050407";"AYACUCHO";"HUANTA";"SIVIA";"GOBIERNO REGIONAL";"II-1";"00003770";"HOSPITAL DE APOYO SIVIA";"240100";"HOSPITALIZACIÓN QUIRÚRGICA CIRUGÍA GENERAL ";"7";"7";"22";"22";"2";"62";"0"
"2023";"01";"050407";"AYACUCHO";"HUANTA";"SIVIA";"GOBIERNO REGIONAL";"II-1";"00003770";"HOSPITAL DE APOYO SIVIA";"241400";"HOSPITALIZACIÓN QUIRÚRGICA GINECO - OBSTETRICIA ";"17";"17";"37";"45";"4";"124";"0"
"2023";"01";"050407";"AYACUCHO";"HUANTA";"SIVIA";"GOBIERNO REGIONAL";"II-1";"00003770";"HOSPITAL DE APOYO SIVIA";"241800";"HOSPITALIZACIÓN DE MEDICINA MEDICINA GENERAL ";"9";"9";"25";"39";"6";"186";"0"
"2023";"01";"050407";"AYACUCHO";"HUANTA";"SIVIA";"GOBIERNO REGIONAL";"II-1";"00003770";"HOSPITAL DE APOYO SIVIA";"242500";"HOSPITALIZACIÓN-PEDIATRÍA GENERAL-";"3";"3";"6";"20";"2";"62";"0"
"2023";"01";"220106";"SAN MARTIN";"MOYOBAMBA";"YANTALO";"GOBIERNO REGIONAL";"I-3";"00006318";"YANTALO";"NE_0002";"";"NE_0002";"NE_0002";"NE_0002";"NE_0002";"NE_0002";"NE_0002";"NE_0002"
"2023";"01";"120401";"JUNIN";"JAUJA";"JAUJA";"GOBIERNO REGIONAL";"II-1";"00000365";"HOSPITAL DOMINGO OLAVEGOYA";"240100";"HOSPITALIZACIÓN QUIRÚRGICA CIRUGÍA GENERAL ";"59";"75";"360";"344";"24";"744";"0"
"2023";"01";"120401";"JUNIN";"JAUJA";"JAUJA";"GOBIERNO REGIONAL";"II-1";"00000365";"HOSPITAL DOMINGO OLAVEGOYA";"241400";"HOSPITALIZACIÓN QUIRÚRGICA GINECO - OBSTETRICIA ";"88";"94";"252";"243";"16";"496";"0"
"2023";"01";"120401";"JUNIN";"JAUJA";"JAUJA";"GOBIERNO REGIONAL";"II-1";"00000365";"HOSPITAL DOMINGO OLAVEGOYA";"241500";"HOSPITALIZACIÓN QUIRÚRGICA GINECOLOGÍA  ";"17";"17";"79";"82";"10";"310";"0"
"2023";"01";"120401";"JUNIN";"JAUJA";"JAUJA";"GOBIERNO REGIONAL";"II-1";"00000365";"HOSPITAL DOMINGO OLAVEGOYA";"241800";"HOSPITALIZACIÓN DE MEDICINA MEDICINA GENERAL ";"33";"45";"312";"343";"17";"527";"5"
"2023";"01";"120401";"JUNIN";"JAUJA";"JAUJA";"GOBIERNO REGIONAL";"II-1";"00000365";"HOSPITAL DOMINGO OLAVEGOYA";"242300";"HOSPITALIZACIÓN DE PEDIATRÍA  PEDIATRÍA  GENERAL ";"41";"44";"140";"139";"26";"806";"1"
"2023";"01";"120401";"JUNIN";"JAUJA";"JAUJA";"GOBIERNO REGIONAL";"II-1";"00000365";"HOSPITAL DOMINGO OLAVEGOYA";"250200";"UNIDAD DE CUIDADOS CRITICOS UNIDAD DE CUIDADOS INTERMEDIOS GENERAL  (UCIN) ";"2";"4";"21";"63";"4";"124";"2"
"2023";"01";"150103";"LIMA";"LIMA";"ATE";"PRIVADO";"II-1";"00018584";"CLINICA MARIA DEL SOCORRO";"240000";"HOSPITALIZACIÓN";"193";"187";"288";"317";"20";"620";"0"
"2023";"01";"200105";"PIURA";"PIURA";"CATACAOS";"PRIVADO";"II-1";"00010723";"HOSPITAL PRIVADO DEL PERU";"240000";"HOSPITALIZACIÓN";"142";"120";"280";"475";"32";"992";"4"
"2023";"01";"211101";"PUNO";"SAN ROMAN";"JULIACA";"GOBIERNO REGIONAL";"II-2";"00003299";"CARLOS MONJE MEDRANO";"240100";"HOSPITALIZACIÓN QUIRÚRGICA CIRUGÍA GENERAL ";"48";"61";"346";"61";"27";"837";"0"
"2023";"01";"211101";"PUNO";"SAN ROMAN";"JULIACA";"GOBIERNO REGIONAL";"II-2";"00003299";"CARLOS MONJE MEDRANO";"244300";"HOSPITALIZACIÓN DE MEDICINA GASTROENTEROLOGÍA  ";"15";"20";"94";"20";"6";"186";"0"
"2023";"01";"211101";"PUNO";"SAN ROMAN";"JULIACA";"GOBIERNO REGIONAL";"II-2";"00003299";"CARLOS MONJE MEDRANO";"241500";"HOSPITALIZACIÓN QUIRÚRGICA GINECOLOGÍA  ";"43";"47";"150";"47";"6";"186";"0"
"2023";"01";"211101";"PUNO";"SAN ROMAN";"JULIACA";"GOBIERNO REGIONAL";"II-2";"00003299";"CARLOS MONJE MEDRANO";"241800";"HOSPITALIZACIÓN DE MEDICINA MEDICINA GENERAL ";"58";"70";"587";"70";"9";"279";"16"
"2023";"01";"211101";"PUNO";"SAN ROMAN";"JULIACA";"GOBIERNO REGIONAL";"II-2";"00003299";"CARLOS MONJE MEDRANO";"243200";"HOSPITALIZACIÓN DE PEDIATRÍA PEDIATRIA NEONATOLOGÍA";"220";"240";"1052";"240";"39";"1209";"3"
"2023";"01";"211101";"PUNO";"SAN ROMAN";"JULIACA";"GOBIERNO REGIONAL";"II-2";"00003299";"CARLOS MONJE MEDRANO";"245300";"HOSPITALIZACIÓN DE MEDICINA NEUMOLOGÍA  ";"7";"8";"107";"8";"6";"186";"2"
"2023";"01";"211101";"PUNO";"SAN ROMAN";"JULIACA";"GOBIERNO REGIONAL";"II-2";"00003299";"CARLOS MONJE MEDRANO";"240900";"HOSPITALIZACIÓN QUIRÚRGICA NEUROCIRUGÍA ";"10";"11";"74";"11";"12";"372";"0"
"2023";"01";"211101";"PUNO";"SAN ROMAN";"JULIACA";"GOBIERNO REGIONAL";"II-2";"00003299";"CARLOS MONJE MEDRANO";"241600";"HOSPITALIZACIÓN QUIRÚRGICA OBSTETRICIA   ";"246";"262";"871";"262";"27";"837";"0"
"2023";"01";"211101";"PUNO";"SAN ROMAN";"JULIACA";"GOBIERNO REGIONAL";"II-2";"00003299";"CARLOS MONJE MEDRANO";"242500";"HOSPITALIZACIÓN-PEDIATRÍA GENERAL-";"36";"50";"316";"50";"29";"899";"1"
"2023";"01";"211101";"PUNO";"SAN ROMAN";"JULIACA";"GOBIERNO REGIONAL";"II-2";"00003299";"CARLOS MONJE MEDRANO";"242200";"HOSPITALIZACIÓN DE MEDICINA PSIQUIATRÍA ";"2";"6";"121";"6";"3";"93";"0"
"2023";"01";"211101";"PUNO";"SAN ROMAN";"JULIACA";"GOBIERNO REGIONAL";"II-2";"00003299";"CARLOS MONJE MEDRANO";"241200";"HOSPITALIZACIÓN QUIRÚRGICA TRAUMATOLOGÍA Y ORTOPEDIA ";"32";"38";"175";"38";"12";"372";"0"
"2023";"01";"211101";"PUNO";"SAN ROMAN";"JULIACA";"GOBIERNO REGIONAL";"II-2";"00003299";"CARLOS MONJE MEDRANO";"250100";"UNIDAD DE CUIDADOS CRITICOS UNIDAD  DE CUIDADOS INTENSIVOS GENERALES (UCI) ";"1";"2";"14";"2";"6";"186";"0"
"2023";"01";"211101";"PUNO";"SAN ROMAN";"JULIACA";"GOBIERNO REGIONAL";"II-2";"00003299";"CARLOS MONJE MEDRANO";"241300";"HOSPITALIZACIÓN QUIRÚRGICA UROLOGÍA  ";"1";"1";"9";"1";"3";"93";"0"
"2023";"01";"040101";"AREQUIPA";"AREQUIPA";"AREQUIPA";"GOBIERNO REGIONAL";"III-1";"00001232";"HOSPITAL GOYENECHE";"241900";"HOSPITALIZACIÓN DE MEDICINA MEDICINA INTERNA ";"122";"107";"1141";"1391";"53";"1643";"13"
"2023";"01";"040101";"AREQUIPA";"AREQUIPA";"AREQUIPA";"GOBIERNO REGIONAL";"III-1";"00001232";"HOSPITAL GOYENECHE";"240100";"HOSPITALIZACIÓN QUIRÚRGICA CIRUGÍA GENERAL ";"142";"140";"1153";"1204";"48";"1488";"1"
"2023";"01";"040101";"AREQUIPA";"AREQUIPA";"AREQUIPA";"GOBIERNO REGIONAL";"III-1";"00001232";"HOSPITAL GOYENECHE";"240000";"HOSPITALIZACIÓN";"65";"62";"889";"811";"30";"930";"1"
"2023";"01";"040101";"AREQUIPA";"AREQUIPA";"AREQUIPA";"GOBIERNO REGIONAL";"III-1";"00001232";"HOSPITAL GOYENECHE";"242100";"HOSPITALIZACIÓN DE MEDICINA ONCOLOGÍA MÉDICA ";"65";"64";"386";"338";"22";"682";"3"
"2023";"01";"040101";"AREQUIPA";"AREQUIPA";"AREQUIPA";"GOBIERNO REGIONAL";"III-1";"00001232";"HOSPITAL GOYENECHE";"242500";"HOSPITALIZACIÓN-PEDIATRÍA GENERAL-";"56";"52";"216";"231";"28";"868";"0"
"2023";"01";"040101";"AREQUIPA";"AREQUIPA";"AREQUIPA";"GOBIERNO REGIONAL";"III-1";"00001232";"HOSPITAL GOYENECHE";"240700";"HOSPITALIZACIÓN QUIRÚRGICA CIRUGÍA PEDIÁTRICA ";"33";"32";"182";"211";"7";"217";"0"
"2023";"01";"040101";"AREQUIPA";"AREQUIPA";"AREQUIPA";"GOBIERNO REGIONAL";"III-1";"00001232";"HOSPITAL GOYENECHE";"243200";"HOSPITALIZACIÓN DE PEDIATRÍA PEDIATRIA NEONATOLOGÍA";"135";"155";"576";"503";"17";"527";"0"
"2023";"01";"040101";"AREQUIPA";"AREQUIPA";"AREQUIPA";"GOBIERNO REGIONAL";"III-1";"00001232";"HOSPITAL GOYENECHE";"241500";"HOSPITALIZACIÓN QUIRÚRGICA GINECOLOGÍA  ";"172";"162";"428";"507";"20";"620";"0"
"2023";"01";"040101";"AREQUIPA";"AREQUIPA";"AREQUIPA";"GOBIERNO REGIONAL";"III-1";"00001232";"HOSPITAL GOYENECHE";"241600";"HOSPITALIZACIÓN QUIRÚRGICA OBSTETRICIA   ";"287";"288";"943";"786";"36";"1116";"0"
"2023";"01";"040101";"AREQUIPA";"AREQUIPA";"AREQUIPA";"GOBIERNO REGIONAL";"III-1";"00001232";"HOSPITAL GOYENECHE";"250100";"UNIDAD DE CUIDADOS CRITICOS UNIDAD  DE CUIDADOS INTENSIVOS GENERALES (UCI) ";"6";"2";"10";"181";"6";"186";"2"
"2023";"01";"040101";"AREQUIPA";"AREQUIPA";"AREQUIPA";"GOBIERNO REGIONAL";"III-1";"00001232";"HOSPITAL GOYENECHE";"250105";"UNIDAD DE CUIDADOS CRITICOS UNIDAD  DE CUIDADOS INTENSIVOS  (UCI) NEONATOLOGÍA";"19";"1";"13";"104";"6";"186";"1"
"2023";"01";"040101";"AREQUIPA";"AREQUIPA";"AREQUIPA";"GOBIERNO REGIONAL";"III-1";"00001232";"HOSPITAL GOYENECHE";"250000";"UNIDAD DE CUIDADOS CRITICOS  ";"20";"21";"338";"257";"13";"403";"5"
"2023";"01";"130601";"LA LIBERTAD";"OTUZCO";"OTUZCO";"GOBIERNO REGIONAL";"II-1";"00005314";"HOSPITAL DE APOYO OTUZCO ELPIDIO BEROVIDES PEREZ";"240100";"HOSPITALIZACIÓN QUIRÚRGICA CIRUGÍA GENERAL ";"20";"17";"42";"62";"3";"97";"0"
"2023";"01";"130601";"LA LIBERTAD";"OTUZCO";"OTUZCO";"GOBIERNO REGIONAL";"II-1";"00005314";"HOSPITAL DE APOYO OTUZCO ELPIDIO BEROVIDES PEREZ";"241800";"HOSPITALIZACIÓN DE MEDICINA MEDICINA GENERAL ";"18";"18";"119";"78";"5";"154";"3"
"2023";"01";"130601";"LA LIBERTAD";"OTUZCO";"OTUZCO";"GOBIERNO REGIONAL";"II-1";"00005314";"HOSPITAL DE APOYO OTUZCO ELPIDIO BEROVIDES PEREZ";"243200";"HOSPITALIZACIÓN DE PEDIATRÍA PEDIATRIA NEONATOLOGÍA";"5";"5";"34";"13";"3";"93";"0"
"2023";"01";"130601";"LA LIBERTAD";"OTUZCO";"OTUZCO";"GOBIERNO REGIONAL";"II-1";"00005314";"HOSPITAL DE APOYO OTUZCO ELPIDIO BEROVIDES PEREZ";"242300";"HOSPITALIZACIÓN DE PEDIATRÍA  PEDIATRÍA  GENERAL ";"3";"4";"16";"13";"4";"124";"1"
"2023";"01";"130601";"LA LIBERTAD";"OTUZCO";"OTUZCO";"GOBIERNO REGIONAL";"II-1";"00005314";"HOSPITAL DE APOYO OTUZCO ELPIDIO BEROVIDES PEREZ";"241400";"HOSPITALIZACIÓN QUIRÚRGICA GINECO - OBSTETRICIA ";"22";"21";"34";"34";"3";"93";"0"
"2023";"01";"130601";"LA LIBERTAD";"OTUZCO";"OTUZCO";"GOBIERNO REGIONAL";"II-1";"00005314";"HOSPITAL DE APOYO OTUZCO ELPIDIO BEROVIDES PEREZ";"241500";"HOSPITALIZACIÓN QUIRÚRGICA GINECOLOGÍA  ";"28";"28";"56";"48";"3";"89";"0"
"2023";"01";"130601";"LA LIBERTAD";"OTUZCO";"OTUZCO";"GOBIERNO REGIONAL";"II-1";"00005314";"HOSPITAL DE APOYO OTUZCO ELPIDIO BEROVIDES PEREZ";"241600";"HOSPITALIZACIÓN QUIRÚRGICA OBSTETRICIA   ";"32";"31";"52";"53";"3";"94";"0"
"2023";"01";"150110";"LIMA";"LIMA";"COMAS";"PRIVADO";"II-1";"00008519";"CLINICA UNIVERSITARIA";"240000";"HOSPITALIZACIÓN";"252";"236";"384";"118";"25";"245";"1"
"2023";"01";"100502";"HUANUCO";"HUAMALIES";"ARANCAY";"GOBIERNO REGIONAL";"I-2";"00000905";"ARANCAY";"NE_0001";"";"NE_0001";"NE_0001";"NE_0001";"NE_0001";"NE_0001";"NE_0001";"NE_0001"
"2023";"01";"100502";"HUANUCO";"HUAMALIES";"ARANCAY";"GOBIERNO REGIONAL";"0";"00025485";"AISPED TAZO CHICO -  ARANCAY";"NE_0001";"";"NE_0001";"NE_0001";"NE_0001";"NE_0001";"NE_0001";"NE_0001";"NE_0001"
"2023";"01";"100402";"HUANUCO";"HUACAYBAMBA";"CANCHABAMBA";"GOBIERNO REGIONAL";"I-3";"00000878";"CANCHABAMBA";"NE_0001";"";"NE_0001";"NE_0001";"NE_0001";"NE_0001";"NE_0001";"NE_0001";"NE_0001"
"2023";"01";"100402";"HUANUCO";"HUACAYBAMBA";"CANCHABAMBA";"GOBIERNO REGIONAL";"I-1";"00000886";"VILLA FLORES DE RAJIN";"NE_0001";"";"NE_0001";"NE_0001";"NE_0001";"NE_0001";"NE_0001";"NE_0001";"NE_0001"
"2023";"01";"110110";"ICA";"ICA";"SAN JUAN BAUTISTA";"MINSA";"I-2";"00003387";"CAMINO DE REYES";"NE_0001";"";"NE_0001";"NE_0001";"NE_0001";"NE_0001";"NE_0001";"NE_0001";"NE_0001"
"2023";"01";"110110";"ICA";"ICA";"SAN JUAN BAUTISTA";"GOBIERNO REGIONAL";"I-3";"00003364";"SAN JUAN BAUTISTA";"NE_0001";"";"NE_0001";"NE_0001";"NE_0001";"NE_0001";"NE_0001";"NE_0001";"NE_0001"
"2023";"01";"110101";"ICA";"ICA";"ICA";"GOBIERNO REGIONAL";"I-2";"00003385";"SAN MARTIN DE PORRAS";"NE_0001";"";"NE_0001";"NE_0001";"NE_0001";"NE_0001";"NE_0001";"NE_0001";"NE_0001"
"2023";"01";"110112";"ICA";"ICA";"SUBTANJALLA";"MINSA";"I-3";"00003381";"FONAVI IV";"NE_0001";"";"NE_0001";"NE_0001";"NE_0001";"NE_0001";"NE_0001";"NE_0001";"NE_0001"
"2023";"01";"110110";"ICA";"ICA";"SAN JUAN BAUTISTA";"GOBIERNO REGIONAL";"I-3";"00003386";"EL CARMEN-OLIVO";"NE_0001";"";"NE_0001";"NE_0001";"NE_0001";"NE_0001";"NE_0001";"NE_0001";"NE_0001"
"2023";"01";"080106";"CUSCO";"CUSCO";"SANTIAGO";"OTRO";"II-E";"00012995";"SAN JUAN PABLO II";"242200";"HOSPITALIZACIÓN DE MEDICINA PSIQUIATRÍA ";"16";"9";"319";"470";"40";"1240";"0"
"2023";"02";"160101";"LORETO";"MAYNAS";"IQUITOS";"ESSALUD";"I-3";"00011408";"CAP III IQUITOS";"NE_0001";"";"NE_0001";"NE_0001";"NE_0001";"NE_0001";"NE_0001";"NE_0001";"NE_0001"
"2023";"02";"070101";"CALLAO";"CALLAO";"CALLAO";"PRIVADO";"I-2";"00018306";"CENTRO DE ATENCIÓN PRIMARIA ALBERTO LEONARDO BARTON THOMPSON";"NE_0001";"";"NE_0001";"NE_0001";"NE_0001";"NE_0001";"NE_0001";"NE_0001";"NE_0001"
"2023";"02";"150134";"LIMA";"LIMA";"SAN LUIS";"ESSALUD";"I-3";"00008289";"POLICLÍNICO DE COMPLEJIDAD CRECIENTE SAN LUIS";"NE_0001";"";"NE_0001";"NE_0001";"NE_0001";"NE_0001";"NE_0001";"NE_0001";"NE_0001"
"2023";"02";"200101";"PIURA";"PIURA";"PIURA";"PRIVADO";"II-E";"00027459";"CLINICA MEDICA SANTA EMILIA";"240800";"HOSPITALIZACIÓN QUIRÚRGICA CIRUGÍA PLÁSTICA/RECONSTRUCTIVA/ REPARADORA ";"6";"6";"6";"6";"7";"204";"0"
"2023";"02";"200101";"PIURA";"PIURA";"PIURA";"PRIVADO";"II-E";"00027459";"CLINICA MEDICA SANTA EMILIA";"240300";"HOSPITALIZACIÓN QUIRÚRGICA CIRUGÍA DIGESTIVA ";"6";"6";"12";"19";"7";"197";"0"
"2023";"02";"200101";"PIURA";"PIURA";"PIURA";"PRIVADO";"II-E";"00027459";"CLINICA MEDICA SANTA EMILIA";"241900";"HOSPITALIZACIÓN DE MEDICINA MEDICINA INTERNA ";"4";"4";"8";"27";"7";"170";"0"
"2023";"02";"230303";"TACNA";"JORGE BASADRE";"ITE";"ESSALUD";"I-2";"00027545";"CENTRO DE ATENCION PRIMARIA I ITE";"NE_0001";"";"NE_0001";"NE_0001";"NE_0001";"NE_0001";"NE_0001";"NE_0001";"NE_0001"
"2023";"02";"150131";"LIMA";"LIMA";"SAN ISIDRO";"PRIVADO";"II-E";"00016113";"CLINICA ZIEGLER CIRUGIA PLASTICA";"240800";"HOSPITALIZACIÓN QUIRÚRGICA CIRUGÍA PLÁSTICA/RECONSTRUCTIVA/ REPARADORA ";"3";"3";"3";"3";"3";"15";"0"
"2023";"02";"060607";"CAJAMARCA";"CUTERVO";"QUEROCOTILLO";"GOBIERNO REGIONAL";"I-3";"00004968";"SILLANGATE";"NE_0001";"";"NE_0001";"NE_0001";"NE_0001";"NE_0001";"NE_0001";"NE_0001";"NE_0001"
"2023";"02";"040123";"AREQUIPA";"AREQUIPA";"TIABAYA";"GOBIERNO REGIONAL";"I-3";"00001260";"CENTRO DE SALUD TIABAYA";"NE_0001";"";"NE_0001";"NE_0001";"NE_0001";"NE_0001";"NE_0001";"NE_0001";"NE_0001"
"2023";"02";"040124";"AREQUIPA";"AREQUIPA";"UCHUMAYO";"GOBIERNO REGIONAL";"I-2";"00001290";"PUESTO DE SALUD UCHUMAYO";"NE_0001";"";"NE_0001";"NE_0001";"NE_0001";"NE_0001";"NE_0001";"NE_0001";"NE_0001"
"2023";"02";"040124";"AREQUIPA";"AREQUIPA";"UCHUMAYO";"GOBIERNO REGIONAL";"I-3";"00001281";"CENTRO DE SALUD CONGATA";"NE_0001";"";"NE_0001";"NE_0001";"NE_0001";"NE_0001";"NE_0001";"NE_0001";"NE_0001"
"2023";"02";"040124";"AREQUIPA";"AREQUIPA";"UCHUMAYO";"GOBIERNO REGIONAL";"I-3";"00001280";"CENTRO DE SALUD CERRO VERDE";"NE_0001";"";"NE_0001";"NE_0001";"NE_0001";"NE_0001";"NE_0001";"NE_0001";"NE_0001"
"2023";"02";"180301";"MOQUEGUA";"ILO";"ILO";"ESSALUD";"II-1";"00016153";"HOSPITAL II ILO";"241800";"HOSPITALIZACIÓN DE MEDICINA MEDICINA GENERAL ";"29";"34";"245";"191";"8";"224";"5"
"2023";"02";"180301";"MOQUEGUA";"ILO";"ILO";"ESSALUD";"II-1";"00016153";"HOSPITAL II ILO";"240100";"HOSPITALIZACIÓN QUIRÚRGICA CIRUGÍA GENERAL ";"64";"62";"224";"227";"9";"252";"0"
"2023";"02";"180301";"MOQUEGUA";"ILO";"ILO";"ESSALUD";"II-1";"00016153";"HOSPITAL II ILO";"241500";"HOSPITALIZACIÓN QUIRÚRGICA GINECOLOGÍA  ";"12";"12";"46";"47";"2";"56";"0"
"2023";"02";"180301";"MOQUEGUA";"ILO";"ILO";"ESSALUD";"II-1";"00016153";"HOSPITAL II ILO";"241600";"HOSPITALIZACIÓN QUIRÚRGICA OBSTETRICIA   ";"39";"38";"83";"83";"3";"84";"0"
"2023";"02";"180301";"MOQUEGUA";"ILO";"ILO";"ESSALUD";"II-1";"00016153";"HOSPITAL II ILO";"242300";"HOSPITALIZACIÓN DE PEDIATRÍA  PEDIATRÍA  GENERAL ";"21";"21";"91";"93";"4";"112";"0"
"2023";"02";"180301";"MOQUEGUA";"ILO";"ILO";"ESSALUD";"II-1";"00016153";"HOSPITAL II ILO";"250304";"HOSPIT. EN UNIDAD DE CUID.INTEN.-UNIDAD DE VIGILANCIA INTENSIVA (UVI)-MEDICINA";"2";"2";"5";"5";"1";"28";"0"
"2023";"02";"150130";"LIMA";"LIMA";"SAN BORJA";"PRIVADO";"II-1";"00008258";"REJUVENECIMIENTO Y ESTETICA CABANI SRL";"240800";"HOSPITALIZACIÓN QUIRÚRGICA CIRUGÍA PLÁSTICA/RECONSTRUCTIVA/ REPARADORA ";"39";"37";"20";"58";"6";"168";"0"
"2023";"02";"150140";"LIMA";"LIMA";"SANTIAGO DE SURCO";"PRIVADO";"II-E";"00024304";"CLINICA BINOMIUM";"NE_0002";"";"NE_0002";"NE_0002";"NE_0002";"NE_0002";"NE_0002";"NE_0002";"NE_0002"
"2023";"02";"120608";"JUNIN";"SATIPO";"RIO TAMBO";"GOBIERNO REGIONAL";"I-1";"00000514";"FE Y ALEGRIA LA PRIMAVERA";"NE_0001";"";"NE_0001";"NE_0001";"NE_0001";"NE_0001";"NE_0001";"NE_0001";"NE_0001"
"2023";"02";"120608";"JUNIN";"SATIPO";"RIO TAMBO";"GOBIERNO REGIONAL";"I-3";"00000517";"VALLE ESMERALDA";"NE_0001";"";"NE_0001";"NE_0001";"NE_0001";"NE_0001";"NE_0001";"NE_0001";"NE_0001"
"2023";"02";"120606";"JUNIN";"SATIPO";"PANGOA";"GOBIERNO REGIONAL";"I-1";"00000468";"MICAELA BASTIDAS MORALES";"NE_0001";"";"NE_0001";"NE_0001";"NE_0001";"NE_0001";"NE_0001";"NE_0001";"NE_0001"
"2023";"02";"120609";"JUNIN";"SATIPO";"VIZCATAN DEL ENE";"GOBIERNO REGIONAL";"I-1";"00000512";"TUNONTUARI RIO ENE";"NE_0001";"";"NE_0001";"NE_0001";"NE_0001";"NE_0001";"NE_0001";"NE_0001";"NE_0001"
"2023";"02";"120609";"JUNIN";"SATIPO";"VIZCATAN DEL ENE";"GOBIERNO REGIONAL";"I-2";"00000507";"BOCA MANTARO";"NE_0001";"";"NE_0001";"NE_0001";"NE_0001";"NE_0001";"NE_0001";"NE_0001";"NE_0001"
"2023";"02";"120609";"JUNIN";"SATIPO";"VIZCATAN DEL ENE";"GOBIERNO REGIONAL";"I-1";"00000511";"SAN JUAN DE MANTARO";"NE_0001";"";"NE_0001";"NE_0001";"NE_0001";"NE_0001";"NE_0001";"NE_0001";"NE_0001"
"2023";"02";"120608";"JUNIN";"SATIPO";"RIO TAMBO";"GOBIERNO REGIONAL";"I-1";"00000513";"QUEMPIRI";"NE_0001";"";"NE_0001";"NE_0001";"NE_0001";"NE_0001";"NE_0001";"NE_0001";"NE_0001"
"2023";"02";"120608";"JUNIN";"SATIPO";"RIO TAMBO";"GOBIERNO REGIONAL";"I-2";"00000471";"CUTIVIRENI";"NE_0001";"";"NE_0001";"NE_0001";"NE_0001";"NE_0001";"NE_0001";"NE_0001";"NE_0001"
"2023";"02";"120609";"JUNIN";"SATIPO";"VIZCATAN DEL ENE";"GOBIERNO REGIONAL";"I-1";"00000509";"SAN MIGUEL DE ENE SHINPINSHARIATO";"NE_0001";"";"NE_0001";"NE_0001";"NE_0001";"NE_0001";"NE_0001";"NE_0001";"NE_0001"
"2023";"02";"120608";"JUNIN";"SATIPO";"RIO TAMBO";"GOBIERNO REGIONAL";"I-2";"00000515";"YAVIRO";"NE_0001";"";"NE_0001";"NE_0001";"NE_0001";"NE_0001";"NE_0001";"NE_0001";"NE_0001"
"2023";"02";"150101";"LIMA";"LIMA";"LIMA";"PRIVADO";"II-E";"00026473";"OBRA DE SAN CAMILO";"240000";"HOSPITALIZACIÓN";"81";"89";"189";"89";"9";"25";"0"
"2023";"02";"150101";"LIMA";"LIMA";"LIMA";"PRIVADO";"II-E";"00025804";"OPERO SCRL";"NE_0001";"";"NE_0001";"NE_0001";"NE_0001";"NE_0001";"NE_0001";"NE_0001";"NE_0001"
"2023";"02";"220901";"SAN MARTIN";"SAN MARTIN";"TARAPOTO";"PRIVADO";"II-E";"00008269";"CLINICA SAN MARTIN";"240100";"HOSPITALIZACIÓN QUIRÚRGICA CIRUGÍA GENERAL ";"19";"19";"37";"24";"18";"48";"0"
"2023";"02";"220901";"SAN MARTIN";"SAN MARTIN";"TARAPOTO";"PRIVADO";"II-E";"00008269";"CLINICA SAN MARTIN";"240900";"HOSPITALIZACIÓN QUIRÚRGICA NEUROCIRUGÍA ";"1";"1";"2";"2";"18";"19";"0"
"2023";"02";"220901";"SAN MARTIN";"SAN MARTIN";"TARAPOTO";"PRIVADO";"II-E";"00008269";"CLINICA SAN MARTIN";"241200";"HOSPITALIZACIÓN QUIRÚRGICA TRAUMATOLOGÍA Y ORTOPEDIA ";"7";"7";"23";"12";"18";"24";"0"
"2023";"02";"220901";"SAN MARTIN";"SAN MARTIN";"TARAPOTO";"PRIVADO";"II-E";"00008269";"CLINICA SAN MARTIN";"241500";"HOSPITALIZACIÓN QUIRÚRGICA GINECOLOGÍA  ";"11";"11";"19";"18";"18";"36";"0"
"2023";"02";"220901";"SAN MARTIN";"SAN MARTIN";"TARAPOTO";"PRIVADO";"II-E";"00008269";"CLINICA SAN MARTIN";"241800";"HOSPITALIZACIÓN DE MEDICINA MEDICINA GENERAL ";"10";"10";"20";"16";"18";"30";"0"
"2023";"02";"220901";"SAN MARTIN";"SAN MARTIN";"TARAPOTO";"PRIVADO";"II-E";"00008269";"CLINICA SAN MARTIN";"241900";"HOSPITALIZACIÓN DE MEDICINA MEDICINA INTERNA ";"1";"1";"4";"2";"18";"20";"0"
"2023";"02";"220901";"SAN MARTIN";"SAN MARTIN";"TARAPOTO";"PRIVADO";"II-E";"00008269";"CLINICA SAN MARTIN";"242300";"HOSPITALIZACIÓN DE PEDIATRÍA  PEDIATRÍA  GENERAL ";"21";"21";"39";"32";"18";"64";"0"
"2023";"02";"220901";"SAN MARTIN";"SAN MARTIN";"TARAPOTO";"PRIVADO";"II-E";"00008269";"CLINICA SAN MARTIN";"242900";"HOSPITALIZACIÓN DE PEDIATRÍA PEDIATRIA GASTROENTEROLOGÍA PEDIÁTRICA";"1";"1";"2";"2";"18";"21";"0"
"2023";"02";"130102";"LA LIBERTAD";"TRUJILLO";"EL PORVENIR";"GOBIERNO REGIONAL";"II-1";"00005209";"HOSPITAL DISTRITAL DE EL PORVENIR SANTA ISABEL";"241800";"HOSPITALIZACIÓN DE MEDICINA MEDICINA GENERAL ";"15";"13";"68";"68";"6";"168";"0"
"2023";"02";"130102";"LA LIBERTAD";"TRUJILLO";"EL PORVENIR";"GOBIERNO REGIONAL";"II-1";"00005209";"HOSPITAL DISTRITAL DE EL PORVENIR SANTA ISABEL";"243200";"HOSPITALIZACIÓN DE PEDIATRÍA PEDIATRIA NEONATOLOGÍA";"14";"13";"40";"40";"8";"224";"0"
"2023";"02";"130102";"LA LIBERTAD";"TRUJILLO";"EL PORVENIR";"GOBIERNO REGIONAL";"II-1";"00005209";"HOSPITAL DISTRITAL DE EL PORVENIR SANTA ISABEL";"242300";"HOSPITALIZACIÓN DE PEDIATRÍA  PEDIATRÍA  GENERAL ";"4";"7";"22";"22";"3";"84";"0"
"2023";"02";"130102";"LA LIBERTAD";"TRUJILLO";"EL PORVENIR";"GOBIERNO REGIONAL";"II-1";"00005209";"HOSPITAL DISTRITAL DE EL PORVENIR SANTA ISABEL";"241400";"HOSPITALIZACIÓN QUIRÚRGICA GINECO - OBSTETRICIA ";"61";"59";"90";"90";"10";"280";"0"
"2023";"02";"130102";"LA LIBERTAD";"TRUJILLO";"EL PORVENIR";"GOBIERNO REGIONAL";"II-1";"00005209";"HOSPITAL DISTRITAL DE EL PORVENIR SANTA ISABEL";"241500";"HOSPITALIZACIÓN QUIRÚRGICA GINECOLOGÍA  ";"9";"11";"34";"34";"2";"56";"0"
"2023";"03";"021103";"ANCASH";"HUARMEY";"CULEBRAS";"GOBIERNO REGIONAL";"I-1";"00001745";"PUESTO DE SALUD MOLINO";"NE_0001";"";"NE_0001";"NE_0001";"NE_0001";"NE_0001";"NE_0001";"NE_0001";"NE_0001"
"2023";"03";"021104";"ANCASH";"HUARMEY";"HUAYAN";"GOBIERNO REGIONAL";"I-2";"00001752";"PUESTO DE SALUD HUAYAN";"NE_0001";"";"NE_0001";"NE_0001";"NE_0001";"NE_0001";"NE_0001";"NE_0001";"NE_0001"
"2023";"03";"020102";"ANCASH";"HUARAZ";"COCHABAMBA";"GOBIERNO REGIONAL";"I-1";"00001731";"PUESTO DE SALUD CHIPRE";"NE_0001";"";"NE_0001";"NE_0001";"NE_0001";"NE_0001";"NE_0001";"NE_0001";"NE_0001"
"2023";"03";"020103";"ANCASH";"HUARAZ";"COLCABAMBA";"GOBIERNO REGIONAL";"I-1";"00001733";"COLCABAMBA";"NE_0001";"";"NE_0001";"NE_0001";"NE_0001";"NE_0001";"NE_0001";"NE_0001";"NE_0001"
"2023";"03";"020802";"ANCASH";"CASMA";"BUENA VISTA ALTA";"GOBIERNO REGIONAL";"I-3";"00001723";"CENTRO DE SALUD BUENAVISTA";"NE_0001";"";"NE_0001";"NE_0001";"NE_0001";"NE_0001";"NE_0001";"NE_0001";"NE_0001"
"2023";"03";"020803";"ANCASH";"CASMA";"COMANDANTE NOEL";"GOBIERNO REGIONAL";"I-1";"00001726";"PUESTO DE SALUD COMANDANTE NOEL";"NE_0001";"";"NE_0001";"NE_0001";"NE_0001";"NE_0001";"NE_0001";"NE_0001";"NE_0001"
"2023";"03";"020110";"ANCASH";"HUARAZ";"PARIACOTO";"GOBIERNO REGIONAL";"I-1";"00001735";"PUESTO DE SALUD FORTALEZA";"NE_0001";"";"NE_0001";"NE_0001";"NE_0001";"NE_0001";"NE_0001";"NE_0001";"NE_0001"
"2023";"03";"021105";"ANCASH";"HUARMEY";"MALVAS";"GOBIERNO REGIONAL";"I-1";"00001801";"PUESTO DE SALUD SAN MIGUEL";"NE_0001";"";"NE_0001";"NE_0001";"NE_0001";"NE_0001";"NE_0001";"NE_0001";"NE_0001"
"2023";"03";"021809";"ANCASH";"SANTA";"NUEVO CHIMBOTE";"GOBIERNO REGIONAL";"I-2";"00001707";"PUESTO DE SALUD SATELITE";"NE_0001";"";"NE_0001";"NE_0001";"NE_0001";"NE_0001";"NE_0001";"NE_0001";"NE_0001"
"2023";"03";"020801";"ANCASH";"CASMA";"CASMA";"GOBIERNO REGIONAL";"I-1";"00001721";"PUESTO DE SALUD LA GRAMITA";"NE_0001";"";"NE_0001";"NE_0001";"NE_0001";"NE_0001";"NE_0001";"NE_0001";"NE_0001"
"2023";"03";"021101";"ANCASH";"HUARMEY";"HUARMEY";"GOBIERNO REGIONAL";"I-2";"00001742";"PUESTO DE SALUD PUERTO HUARMEY";"NE_0001";"";"NE_0001";"NE_0001";"NE_0001";"NE_0001";"NE_0001";"NE_0001";"NE_0001"
"2023";"03";"021105";"ANCASH";"HUARMEY";"MALVAS";"GOBIERNO REGIONAL";"I-1";"00001753";"PUESTO DE SALUD MALVAS";"NE_0001";"";"NE_0001";"NE_0001";"NE_0001";"NE_0001";"NE_0001";"NE_0001";"NE_0001"
"2023";"03";"020801";"ANCASH";"CASMA";"CASMA";"GOBIERNO REGIONAL";"I-1";"00001720";"PUESTO DE SALUD SAN RAFAEL";"NE_0001";"";"NE_0001";"NE_0001";"NE_0001";"NE_0001";"NE_0001";"NE_0001";"NE_0001"
"2023";"03";"020801";"ANCASH";"CASMA";"CASMA";"GOBIERNO REGIONAL";"I-1";"00001722";"PUESTO DE SALUD CASA BLANCA";"NE_0001";"";"NE_0001";"NE_0001";"NE_0001";"NE_0001";"NE_0001";"NE_0001";"NE_0001"
"2023";"03";"020102";"ANCASH";"HUARAZ";"COCHABAMBA";"GOBIERNO REGIONAL";"I-1";"00001732";"PUESTO DE SALUD PUMA PUCLLANAN";"NE_0001";"";"NE_0001";"NE_0001";"NE_0001";"NE_0001";"NE_0001";"NE_0001";"NE_0001"
"2023";"03";"020110";"ANCASH";"HUARAZ";"PARIACOTO";"GOBIERNO REGIONAL";"I-1";"00001736";"PUESTO DE SALUD CHACCHAN";"NE_0001";"";"NE_0001";"NE_0001";"NE_0001";"NE_0001";"NE_0001";"NE_0001";"NE_0001"
"2023";"03";"021807";"ANCASH";"SANTA";"SAMANCO";"GOBIERNO REGIONAL";"I-1";"00001712";"PUESTO DE SALUD LOS CHIMUS";"NE_0001";"";"NE_0001";"NE_0001";"NE_0001";"NE_0001";"NE_0001";"NE_0001";"NE_0001"
"2023";"03";"021806";"ANCASH";"SANTA";"NEPEÑA";"GOBIERNO REGIONAL";"I-3";"00001715";"CENTRO DE SALUD SAN JACINTO";"NE_0001";"";"NE_0001";"NE_0001";"NE_0001";"NE_0001";"NE_0001";"NE_0001";"NE_0001"
"2023";"03";"021805";"ANCASH";"SANTA";"MORO";"GOBIERNO REGIONAL";"I-1";"00001718";"PUESTO DE SALUD CAPTUY";"NE_0001";"";"NE_0001";"NE_0001";"NE_0001";"NE_0001";"NE_0001";"NE_0001";"NE_0001"
"2023";"03";"020110";"ANCASH";"HUARAZ";"PARIACOTO";"GOBIERNO REGIONAL";"I-4";"00001734";"CENTRO DE SALUD PARIACOTO";"NE_0001";"";"NE_0001";"NE_0001";"NE_0001";"NE_0001";"NE_0001";"NE_0001";"NE_0001"
"2023";"03";"022005";"ANCASH";"YUNGAY";"QUILLO";"GOBIERNO REGIONAL";"I-4";"00001738";"CENTRO DE SALUD QUILLO";"NE_0001";"";"NE_0001";"NE_0001";"NE_0001";"NE_0001";"NE_0001";"NE_0001";"NE_0001"
"2023";"03";"021103";"ANCASH";"HUARMEY";"CULEBRAS";"GOBIERNO REGIONAL";"I-2";"00001746";"PUESTO DE SALUD QUIAN";"NE_0001";"";"NE_0001";"NE_0001";"NE_0001";"NE_0001";"NE_0001";"NE_0001";"NE_0001"
"2023";"03";"020104";"ANCASH";"HUARAZ";"HUANCHAY";"GOBIERNO REGIONAL";"I-1";"00001747";"PUESTO DE SALUD RAYPA";"NE_0001";"";"NE_0001";"NE_0001";"NE_0001";"NE_0001";"NE_0001";"NE_0001";"NE_0001"
"2023";"03";"021802";"ANCASH";"SANTA";"CACERES DEL PERU";"GOBIERNO REGIONAL";"I-2";"00001710";"PUESTO DE SALUD COLCAP";"NE_0001";"";"NE_0001";"NE_0001";"NE_0001";"NE_0001";"NE_0001";"NE_0001";"NE_0001"
"2023";"03";"021807";"ANCASH";"SANTA";"SAMANCO";"GOBIERNO REGIONAL";"I-1";"00001713";"PUESTO DE SALUD HUAMBACHO";"NE_0001";"";"NE_0001";"NE_0001";"NE_0001";"NE_0001";"NE_0001";"NE_0001";"NE_0001"
"2023";"03";"020802";"ANCASH";"CASMA";"BUENA VISTA ALTA";"GOBIERNO REGIONAL";"I-2";"00001725";"PUESTO DE SALUD EL OLIVAR";"NE_0001";"";"NE_0001";"NE_0001";"NE_0001";"NE_0001";"NE_0001";"NE_0001";"NE_0001"
"2023";"03";"020803";"ANCASH";"CASMA";"COMANDANTE NOEL";"GOBIERNO REGIONAL";"I-1";"00001727";"PUESTO DE SALUD TORTUGAS";"NE_0001";"";"NE_0001";"NE_0001";"NE_0001";"NE_0001";"NE_0001";"NE_0001";"NE_0001"
"2023";"03";"020804";"ANCASH";"CASMA";"YAUTAN";"GOBIERNO REGIONAL";"I-1";"00001729";"PUESTO DE SALUD CACHIPAMPA";"NE_0001";"";"NE_0001";"NE_0001";"NE_0001";"NE_0001";"NE_0001";"NE_0001";"NE_0001"
"2023";"03";"020102";"ANCASH";"HUARAZ";"COCHABAMBA";"GOBIERNO REGIONAL";"I-2";"00001730";"PUESTO DE SALUD COCHABAMBA";"NE_0001";"";"NE_0001";"NE_0001";"NE_0001";"NE_0001";"NE_0001";"NE_0001";"NE_0001"
"2023";"03";"022005";"ANCASH";"YUNGAY";"QUILLO";"GOBIERNO REGIONAL";"I-2";"00001739";"PUESTO DE SALUD HUACHO";"NE_0001";"";"NE_0001";"NE_0001";"NE_0001";"NE_0001";"NE_0001";"NE_0001";"NE_0001"
"2023";"03";"021103";"ANCASH";"HUARMEY";"CULEBRAS";"GOBIERNO REGIONAL";"I-2";"00001743";"PUESTO DE SALUD CULEBRAS";"NE_0001";"";"NE_0001";"NE_0001";"NE_0001";"NE_0001";"NE_0001";"NE_0001";"NE_0001"
"2023";"03";"021101";"ANCASH";"HUARMEY";"HUARMEY";"GOBIERNO REGIONAL";"I-3";"00001744";"CENTRO DE SALUD LA VICTORIA";"NE_0001";"";"NE_0001";"NE_0001";"NE_0001";"NE_0001";"NE_0001";"NE_0001";"NE_0001"
"2023";"03";"021101";"ANCASH";"HUARMEY";"HUARMEY";"GOBIERNO REGIONAL";"I-1";"00001751";"PUESTO DE SALUD HUAMBA";"NE_0001";"";"NE_0001";"NE_0001";"NE_0001";"NE_0001";"NE_0001";"NE_0001";"NE_0001"
"2023";"03";"060602";"CAJAMARCA";"CUTERVO";"CALLAYUC";"GOBIERNO REGIONAL";"I-1";"00007367";"CONGA";"NE_0001";"";"NE_0001";"NE_0001";"NE_0001";"NE_0001";"NE_0001";"NE_0001";"NE_0001"
"2023";"03";"060611";"CAJAMARCA";"CUTERVO";"SANTA CRUZ";"GOBIERNO REGIONAL";"I-1";"00004978";"CHIPLE LIMON";"NE_0001";"";"NE_0001";"NE_0001";"NE_0001";"NE_0001";"NE_0001";"NE_0001";"NE_0001"
"2023";"03";"060611";"CAJAMARCA";"CUTERVO";"SANTA CRUZ";"GOBIERNO REGIONAL";"I-1";"00004980";"SAN JUAN DE LIMON";"NE_0001";"";"NE_0001";"NE_0001";"NE_0001";"NE_0001";"NE_0001";"NE_0001";"NE_0001"
"2023";"03";"060602";"CAJAMARCA";"CUTERVO";"CALLAYUC";"GOBIERNO REGIONAL";"I-2";"00004966";"SANTA TERESA DE QUEROMARCA";"NE_0001";"";"NE_0001";"NE_0001";"NE_0001";"NE_0001";"NE_0001";"NE_0001";"NE_0001"
"2023";"03";"060602";"CAJAMARCA";"CUTERVO";"CALLAYUC";"GOBIERNO REGIONAL";"I-1";"00006828";"SANTA ROSA DE CALLAYUC";"NE_0001";"";"NE_0001";"NE_0001";"NE_0001";"NE_0001";"NE_0001";"NE_0001";"NE_0001"
"2023";"03";"060611";"CAJAMARCA";"CUTERVO";"SANTA CRUZ";"GOBIERNO REGIONAL";"I-1";"00011260";"LA VIÑA";"NE_0001";"";"NE_0001";"NE_0001";"NE_0001";"NE_0001";"NE_0001";"NE_0001";"NE_0001"
"2023";"03";"060607";"CAJAMARCA";"CUTERVO";"QUEROCOTILLO";"GOBIERNO REGIONAL";"I-1";"00004970";"SANTOS";"NE_0001";"";"NE_0001";"NE_0001";"NE_0001";"NE_0001";"NE_0001";"NE_0001";"NE_0001"
"2023";"03";"060611";"CAJAMARCA";"CUTERVO";"SANTA CRUZ";"GOBIERNO REGIONAL";"I-3";"00004977";"SANTA CRUZ DE CUTERVO";"NE_0001";"";"NE_0001";"NE_0001";"NE_0001";"NE_0001";"NE_0001";"NE_0001";"NE_0001"
"2023";"03";"060611";"CAJAMARCA";"CUTERVO";"SANTA CRUZ";"GOBIERNO REGIONAL";"I-1";"00004979";"CAMPO FLORIDO";"NE_0001";"";"NE_0001";"NE_0001";"NE_0001";"NE_0001";"NE_0001";"NE_0001";"NE_0001"
"2023";"03";"060611";"CAJAMARCA";"CUTERVO";"SANTA CRUZ";"GOBIERNO REGIONAL";"I-1";"00007050";"AMBATO";"NE_0001";"";"NE_0001";"NE_0001";"NE_0001";"NE_0001";"NE_0001";"NE_0001";"NE_0001"
"2023";"01";"150137";"LIMA";"LIMA";"SANTA ANITA";"ESSALUD";"II-1";"00008318";"ESSALUD - HOSPITAL I JORGE VOTO BERNALES CORPANCHO";"241800";"HOSPITALIZACIÓN DE MEDICINA MEDICINA GENERAL ";"27";"23";"103";"131";"5";"155";"0"
"2023";"01";"150137";"LIMA";"LIMA";"SANTA ANITA";"ESSALUD";"II-1";"00008318";"ESSALUD - HOSPITAL I JORGE VOTO BERNALES CORPANCHO";"243200";"HOSPITALIZACIÓN DE PEDIATRÍA PEDIATRIA NEONATOLOGÍA";"4";"3";"29";"46";"4";"124";"0"
"2023";"01";"150137";"LIMA";"LIMA";"SANTA ANITA";"ESSALUD";"II-1";"00008318";"ESSALUD - HOSPITAL I JORGE VOTO BERNALES CORPANCHO";"240100";"HOSPITALIZACIÓN QUIRÚRGICA CIRUGÍA GENERAL ";"87";"81";"240";"266";"11";"341";"0"
"2023";"01";"150137";"LIMA";"LIMA";"SANTA ANITA";"ESSALUD";"II-1";"00008318";"ESSALUD - HOSPITAL I JORGE VOTO BERNALES CORPANCHO";"241400";"HOSPITALIZACIÓN QUIRÚRGICA GINECO - OBSTETRICIA ";"22";"19";"58";"66";"5";"155";"0"
"2023";"01";"150137";"LIMA";"LIMA";"SANTA ANITA";"ESSALUD";"II-1";"00008318";"ESSALUD - HOSPITAL I JORGE VOTO BERNALES CORPANCHO";"242300";"HOSPITALIZACIÓN DE PEDIATRÍA  PEDIATRÍA  GENERAL ";"6";"5";"20";"62";"2";"62";"0"
"2023";"01";"150137";"LIMA";"LIMA";"SANTA ANITA";"ESSALUD";"II-1";"00008318";"ESSALUD - HOSPITAL I JORGE VOTO BERNALES CORPANCHO";"250100";"UNIDAD DE CUIDADOS CRITICOS UNIDAD  DE CUIDADOS INTENSIVOS GENERALES (UCI) ";"58";"58";"124";"100";"4";"124";"0"
"2023";"01";"150137";"LIMA";"LIMA";"SANTA ANITA";"ESSALUD";"II-1";"00008318";"ESSALUD - HOSPITAL I JORGE VOTO BERNALES CORPANCHO";"241500";"HOSPITALIZACIÓN QUIRÚRGICA GINECOLOGÍA  ";"339";"227";"505";"520";"17";"527";"0"
"2023";"01";"060101";"CAJAMARCA";"CAJAMARCA";"CAJAMARCA";"PRIVADO";"0";"00018126";"LABORATORIO LLONTOP S.R.L.";"NE_0001";"";"NE_0001";"NE_0001";"NE_0001";"NE_0001";"NE_0001";"NE_0001";"NE_0001"
"2023";"01";"220910";"SAN MARTIN";"SAN MARTIN";"MORALES";"ESSALUD";"I-2";"00027730";"CENTRO DE ATENCIÓN PRIMARIA MORALES - ESSALUD";"NE_0001";"";"NE_0001";"NE_0001";"NE_0001";"NE_0001";"NE_0001";"NE_0001";"NE_0001"
"2023";"01";"060601";"CAJAMARCA";"CUTERVO";"CUTERVO";"GOBIERNO REGIONAL";"I-1";"00007748";"CULLANMAYO";"NE_0001";"";"NE_0001";"NE_0001";"NE_0001";"NE_0001";"NE_0001";"NE_0001";"NE_0001"
"2023";"02";"080105";"CUSCO";"CUSCO";"SAN SEBASTIAN";"PRIVADO";"II-E";"00024584";"VIRGEN GUADALUPE CUSCO";"240100";"HOSPITALIZACIÓN QUIRÚRGICA CIRUGÍA GENERAL ";"65";"65";"65";"65";"65";"67";"0"
"2023";"02";"080105";"CUSCO";"CUSCO";"SAN SEBASTIAN";"PRIVADO";"II-E";"00024584";"VIRGEN GUADALUPE CUSCO";"241800";"HOSPITALIZACIÓN DE MEDICINA MEDICINA GENERAL ";"3";"3";"3";"3";"3";"6";"0"
"2023";"02";"200601";"PIURA";"SULLANA";"SULLANA";"PRIVADO";"II-1";"00010777";"CLINICA VIRGEN DEL PILAR SCRL";"240100";"HOSPITALIZACIÓN QUIRÚRGICA CIRUGÍA GENERAL ";"14";"14";"200";"186";"24";"480";"0"
"2023";"02";"200601";"PIURA";"SULLANA";"SULLANA";"PRIVADO";"II-1";"00010777";"CLINICA VIRGEN DEL PILAR SCRL";"241900";"HOSPITALIZACIÓN DE MEDICINA MEDICINA INTERNA ";"9";"9";"100";"98";"24";"280";"0"
"2023";"02";"200601";"PIURA";"SULLANA";"SULLANA";"PRIVADO";"II-1";"00010777";"CLINICA VIRGEN DEL PILAR SCRL";"241500";"HOSPITALIZACIÓN QUIRÚRGICA GINECOLOGÍA  ";"10";"10";"220";"205";"24";"280";"0"
"2023";"03";"100604";"HUANUCO";"LEONCIO PRADO";"JOSE CRESPO Y CASTILLO";"ESSALUD";"I-2";"00027083";"POSTA MÉDICA AUCAYACU";"NE_0001";"";"NE_0001";"NE_0001";"NE_0001";"NE_0001";"NE_0001";"NE_0001";"NE_0001"
"2023";"03";"150135";"LIMA";"LIMA";"SAN MARTIN DE PORRES";"SANIDAD DE LA POLICIA NACIONAL DEL PERU";"I-3";"00011876";"POLICLINICO PNP SAN MARTIN DE PORRES";"NE_0001";"";"NE_0001";"NE_0001";"NE_0001";"NE_0001";"NE_0001";"NE_0001";"NE_0001"
"2023";"03";"060801";"CAJAMARCA";"JAEN";"JAEN";"PRIVADO";"II-1";"00015269";"CLINICA SAN FERNANDO E.I.R.L";"241800";"HOSPITALIZACIÓN DE MEDICINA MEDICINA GENERAL ";"3";"2";"16";"5";"18";"24";"0"
"2023";"03";"060801";"CAJAMARCA";"JAEN";"JAEN";"PRIVADO";"II-1";"00015269";"CLINICA SAN FERNANDO E.I.R.L";"241900";"HOSPITALIZACIÓN DE MEDICINA MEDICINA INTERNA ";"4";"2";"12";"6";"18";"24";"0"
"2023";"03";"060801";"CAJAMARCA";"JAEN";"JAEN";"PRIVADO";"II-1";"00015269";"CLINICA SAN FERNANDO E.I.R.L";"241200";"HOSPITALIZACIÓN QUIRÚRGICA TRAUMATOLOGÍA Y ORTOPEDIA ";"5";"4";"1";"12";"18";"24";"0"
"2023";"03";"060801";"CAJAMARCA";"JAEN";"JAEN";"PRIVADO";"II-1";"00015269";"CLINICA SAN FERNANDO E.I.R.L";"241200";"HOSPITALIZACIÓN QUIRÚRGICA TRAUMATOLOGÍA Y ORTOPEDIA ";"6";"4";"14";"10";"18";"24";"0"
"2023";"03";"021601";"ANCASH";"POMABAMBA";"POMABAMBA";"GOBIERNO REGIONAL";"II-1";"00001765";"HOSPITAL DE APOYO DE POMABAMBA ""ANTONIO CALDAS DOMINGUEZ""";"240100";"HOSPITALIZACIÓN QUIRÚRGICA CIRUGÍA GENERAL ";"20";"20";"57";"57";"4";"124";"0"
"2023";"03";"021601";"ANCASH";"POMABAMBA";"POMABAMBA";"GOBIERNO REGIONAL";"II-1";"00001765";"HOSPITAL DE APOYO DE POMABAMBA ""ANTONIO CALDAS DOMINGUEZ""";"241500";"HOSPITALIZACIÓN QUIRÚRGICA GINECOLOGÍA  ";"10";"10";"25";"25";"2";"62";"0"
"2023";"03";"021601";"ANCASH";"POMABAMBA";"POMABAMBA";"GOBIERNO REGIONAL";"II-1";"00001765";"HOSPITAL DE APOYO DE POMABAMBA ""ANTONIO CALDAS DOMINGUEZ""";"241600";"HOSPITALIZACIÓN QUIRÚRGICA OBSTETRICIA   ";"29";"29";"88";"88";"3";"93";"0"
"2023";"03";"021601";"ANCASH";"POMABAMBA";"POMABAMBA";"GOBIERNO REGIONAL";"II-1";"00001765";"HOSPITAL DE APOYO DE POMABAMBA ""ANTONIO CALDAS DOMINGUEZ""";"241800";"HOSPITALIZACIÓN DE MEDICINA MEDICINA GENERAL ";"13";"13";"52";"52";"14";"434";"1"
"2023";"03";"220501";"SAN MARTIN";"LAMAS";"LAMAS";"GOBIERNO REGIONAL";"II-E";"00006352";"HOSPITAL II-E LAMAS";"241600";"HOSPITALIZACIÓN QUIRÚRGICA OBSTETRICIA   ";"8";"8";"10";"10";"6";"186";"0"
"2023";"03";"220501";"SAN MARTIN";"LAMAS";"LAMAS";"GOBIERNO REGIONAL";"II-E";"00006352";"HOSPITAL II-E LAMAS";"241800";"HOSPITALIZACIÓN DE MEDICINA MEDICINA GENERAL ";"35";"39";"149";"149";"14";"434";"0"
"2023";"03";"150110";"LIMA";"LIMA";"COMAS";"PRIVADO";"I-3";"00025575";"CENTRO CLÍNICO SAN NICOLAS";"NE_0001";"";"NE_0001";"NE_0001";"NE_0001";"NE_0001";"NE_0001";"NE_0001";"NE_0001"
"2023";"03";"021601";"ANCASH";"POMABAMBA";"POMABAMBA";"GOBIERNO REGIONAL";"II-1";"00001765";"HOSPITAL DE APOYO DE POMABAMBA ""ANTONIO CALDAS DOMINGUEZ""";"242500";"HOSPITALIZACIÓN-PEDIATRÍA GENERAL-";"7";"7";"27";"27";"7";"217";"0"
"2023";"01";"250302";"UCAYALI";"PADRE ABAD";"IRAZOLA";"GOBIERNO REGIONAL";"I-1";"00030643";"PUESTO DE SALUD NUEVA FLORIDA";"NE_0002";"";"NE_0002";"NE_0002";"NE_0002";"NE_0002";"NE_0002";"NE_0002";"NE_0002"
"2023";"01";"250302";"UCAYALI";"PADRE ABAD";"IRAZOLA";"GOBIERNO REGIONAL";"I-1";"00030642";"PUESTO DE SALUD NUEVA UNIÓN PALOMETA";"NE_0002";"";"NE_0002";"NE_0002";"NE_0002";"NE_0002";"NE_0002";"NE_0002";"NE_0002"
"2023";"01";"250302";"UCAYALI";"PADRE ABAD";"IRAZOLA";"GOBIERNO REGIONAL";"I-1";"00030641";"PUESTO DE SALUD DE SHANANTIA";"NE_0002";"";"NE_0002";"NE_0002";"NE_0002";"NE_0002";"NE_0002";"NE_0002";"NE_0002"
"2023";"01";"250302";"UCAYALI";"PADRE ABAD";"IRAZOLA";"GOBIERNO REGIONAL";"I-1";"00010765";"PUERTO NUEVO";"NE_0001";"";"NE_0001";"NE_0001";"NE_0001";"NE_0001";"NE_0001";"NE_0001";"NE_0001"
"2023";"01";"250302";"UCAYALI";"PADRE ABAD";"IRAZOLA";"MINSA";"I-2";"00006884";"NUEVO UCAYALI KM.98";"NE_0001";"";"NE_0001";"NE_0001";"NE_0001";"NE_0001";"NE_0001";"NE_0001";"NE_0001"
"2023";"01";"250302";"UCAYALI";"PADRE ABAD";"IRAZOLA";"GOBIERNO REGIONAL";"I-1";"00005413";"NUEVO TAHUANTINSUYO";"NE_0001";"";"NE_0001";"NE_0001";"NE_0001";"NE_0001";"NE_0001";"NE_0001";"NE_0001"
"2023";"01";"250302";"UCAYALI";"PADRE ABAD";"IRAZOLA";"GOBIERNO REGIONAL";"I-2";"00005412";"SINCHI ROCA";"NE_0001";"";"NE_0001";"NE_0001";"NE_0001";"NE_0001";"NE_0001";"NE_0001";"NE_0001"
"2023";"01";"250302";"UCAYALI";"PADRE ABAD";"IRAZOLA";"GOBIERNO REGIONAL";"I-2";"00005409";"SAN PEDRO DE CHIO";"NE_0001";"";"NE_0001";"NE_0001";"NE_0001";"NE_0001";"NE_0001";"NE_0001";"NE_0001"
"2023";"01";"250302";"UCAYALI";"PADRE ABAD";"IRAZOLA";"GOBIERNO REGIONAL";"I-2";"00005408";"SAN JUAN KM. 130";"NE_0001";"";"NE_0001";"NE_0001";"NE_0001";"NE_0001";"NE_0001";"NE_0001";"NE_0001"
"2023";"01";"250302";"UCAYALI";"PADRE ABAD";"IRAZOLA";"GOBIERNO REGIONAL";"I-3";"00005396";"SAN ALEJANDRO";"NE_0001";"";"NE_0001";"NE_0001";"NE_0001";"NE_0001";"NE_0001";"NE_0001";"NE_0001"
"2023";"03";"220911";"SAN MARTIN";"SAN MARTIN";"PAPAPLAYA";"GOBIERNO REGIONAL";"I-1";"00006455";"SAN ANTONIO  RIO HUALLAGA";"NE_0001";"";"NE_0001";"NE_0001";"NE_0001";"NE_0001";"NE_0001";"NE_0001";"NE_0001"
"2023";"03";"220906";"SAN MARTIN";"SAN MARTIN";"EL PORVENIR";"GOBIERNO REGIONAL";"I-1";"00006456";"NUEVO SAN JUAN";"NE_0001";"";"NE_0001";"NE_0001";"NE_0001";"NE_0001";"NE_0001";"NE_0001";"NE_0001"
"2023";"03";"220911";"SAN MARTIN";"SAN MARTIN";"PAPAPLAYA";"GOBIERNO REGIONAL";"I-1";"00006454";"SAN JUAN RIO HUALLAGA";"NE_0001";"";"NE_0001";"NE_0001";"NE_0001";"NE_0001";"NE_0001";"NE_0001";"NE_0001"
"2023";"03";"220906";"SAN MARTIN";"SAN MARTIN";"EL PORVENIR";"GOBIERNO REGIONAL";"I-1";"00006451";"PELEJO";"NE_0001";"";"NE_0001";"NE_0001";"NE_0001";"NE_0001";"NE_0001";"NE_0001";"NE_0001"
"2023";"03";"220911";"SAN MARTIN";"SAN MARTIN";"PAPAPLAYA";"GOBIERNO REGIONAL";"I-1";"00006452";"ASUNCION";"NE_0001";"";"NE_0001";"NE_0001";"NE_0001";"NE_0001";"NE_0001";"NE_0001";"NE_0001"
"2023";"03";"220911";"SAN MARTIN";"SAN MARTIN";"PAPAPLAYA";"GOBIERNO REGIONAL";"I-1";"00006453";"PUERTO MERCEDES";"NE_0001";"";"NE_0001";"NE_0001";"NE_0001";"NE_0001";"NE_0001";"NE_0001";"NE_0001"
"2023";"03";"040109";"AREQUIPA";"AREQUIPA";"MARIANO MELGAR";"GOBIERNO REGIONAL";"I-2";"00001308";"PUESTO DE SALUD ATALAYA";"NE_0001";"";"NE_0001";"NE_0001";"NE_0001";"NE_0001";"NE_0001";"NE_0001";"NE_0001"
"2023";"03";"120601";"JUNIN";"SATIPO";"SATIPO";"GOBIERNO REGIONAL";"I-3";"00027078";"CENTRO DE SALUD MENTAL COMUNITARIO SATIPO";"NE_0001";"";"NE_0001";"NE_0001";"NE_0001";"NE_0001";"NE_0001";"NE_0001";"NE_0001"
"2023";"03";"160201";"LORETO";"ALTO AMAZONAS";"YURIMAGUAS";"ESSALUD";"II-1";"00020274";"ESSALUD - HOSPITAL I YURIMAGUAS";"241800";"HOSPITALIZACIÓN DE MEDICINA MEDICINA GENERAL ";"61";"65";"270";"245";"9";"279";"1"
"2023";"03";"160201";"LORETO";"ALTO AMAZONAS";"YURIMAGUAS";"ESSALUD";"II-1";"00020274";"ESSALUD - HOSPITAL I YURIMAGUAS";"241600";"HOSPITALIZACIÓN QUIRÚRGICA OBSTETRICIA   ";"30";"30";"83";"83";"3";"93";"0"
"2023";"03";"220808";"SAN MARTIN";"RIOJA";"YORONGOS";"GOBIERNO REGIONAL";"I-1";"00006276";"PUESTO DE SALUD NUEVO TABALOSOS";"NE_0002";"";"NE_0002";"NE_0002";"NE_0002";"NE_0002";"NE_0002";"NE_0002";"NE_0002"
"2023";"03";"220801";"SAN MARTIN";"RIOJA";"RIOJA";"GOBIERNO REGIONAL";"I-1";"00006273";"PUESTO DE SALUD TAMBO";"NE_0002";"";"NE_0002";"NE_0002";"NE_0002";"NE_0002";"NE_0002";"NE_0002";"NE_0002"
"2023";"03";"220801";"SAN MARTIN";"RIOJA";"RIOJA";"GOBIERNO REGIONAL";"I-1";"00006708";"PUESTO DE SALUD PERLA DE CASCAYUNGA";"NE_0002";"";"NE_0002";"NE_0002";"NE_0002";"NE_0002";"NE_0002";"NE_0002";"NE_0002"
"2023";"03";"220801";"SAN MARTIN";"RIOJA";"RIOJA";"GOBIERNO REGIONAL";"I-1";"00006280";"PUESTO DE SALUD PORVENIR";"NE_0002";"";"NE_0002";"NE_0002";"NE_0002";"NE_0002";"NE_0002";"NE_0002";"NE_0002"
"2023";"03";"220806";"SAN MARTIN";"RIOJA";"POSIC";"GOBIERNO REGIONAL";"I-1";"00006274";"PUESTO DE SALUD POSIC";"NE_0002";"";"NE_0002";"NE_0002";"NE_0002";"NE_0002";"NE_0002";"NE_0002";"NE_0002"
"2023";"03";"220801";"SAN MARTIN";"RIOJA";"RIOJA";"GOBIERNO REGIONAL";"I-1";"00006271";"PUESTO DE SALUD MASHUYACU";"NE_0002";"";"NE_0002";"NE_0002";"NE_0002";"NE_0002";"NE_0002";"NE_0002";"NE_0002"
"2023";"03";"080702";"CUSCO";"CHUMBIVILCAS";"CAPACMARCA";"GOBIERNO REGIONAL";"I-3";"00002401";"CCAPACMARCA";"NE_0001";"";"NE_0001";"NE_0001";"NE_0001";"NE_0001";"NE_0001";"NE_0001";"NE_0001"
"2023";"03";"080704";"CUSCO";"CHUMBIVILCAS";"COLQUEMARCA";"GOBIERNO REGIONAL";"I-1";"00008914";"HUAYLLANI";"NE_0001";"";"NE_0001";"NE_0001";"NE_0001";"NE_0001";"NE_0001";"NE_0001";"NE_0001"
"2023";"03";"080702";"CUSCO";"CHUMBIVILCAS";"CAPACMARCA";"GOBIERNO REGIONAL";"I-1";"00009963";"CANCAHUANI";"NE_0001";"";"NE_0001";"NE_0001";"NE_0001";"NE_0001";"NE_0001";"NE_0001";"NE_0001"
"2023";"03";"080702";"CUSCO";"CHUMBIVILCAS";"CAPACMARCA";"GOBIERNO REGIONAL";"I-1";"00027009";"TAHUAY";"NE_0001";"";"NE_0001";"NE_0001";"NE_0001";"NE_0001";"NE_0001";"NE_0001";"NE_0001"
"2023";"03";"080704";"CUSCO";"CHUMBIVILCAS";"COLQUEMARCA";"GOBIERNO REGIONAL";"I-3";"00002404";"COLQUEMARCA";"NE_0001";"";"NE_0001";"NE_0001";"NE_0001";"NE_0001";"NE_0001";"NE_0001";"NE_0001"
"2023";"03";"080704";"CUSCO";"CHUMBIVILCAS";"COLQUEMARCA";"GOBIERNO REGIONAL";"I-1";"00002405";"CHARAMURAY";"NE_0001";"";"NE_0001";"NE_0001";"NE_0001";"NE_0001";"NE_0001";"NE_0001";"NE_0001"
"2023";"03";"080704";"CUSCO";"CHUMBIVILCAS";"COLQUEMARCA";"GOBIERNO REGIONAL";"I-2";"00012932";"YANQUE";"NE_0001";"";"NE_0001";"NE_0001";"NE_0001";"NE_0001";"NE_0001";"NE_0001";"NE_0001"
"2023";"03";"120114";"JUNIN";"HUANCAYO";"EL TAMBO";"PRIVADO";"II-E";"00010250";"CLINICA OFTALMOLOGICA DEL CENTRO DEL PERU";"NE_0002";"";"NE_0002";"NE_0002";"NE_0002";"NE_0002";"NE_0002";"NE_0002";"NE_0002"
"2023";"03";"120411";"JUNIN";"JAUJA";"JANJAILLO";"GOBIERNO REGIONAL";"I-2";"00000426";"JANJAILLO";"NE_0001";"";"NE_0001";"NE_0001";"NE_0001";"NE_0001";"NE_0001";"NE_0001";"NE_0001"
"2023";"03";"120425";"JUNIN";"JAUJA";"PARCO";"GOBIERNO REGIONAL";"I-1";"00000375";"ULLUSCA";"NE_0001";"";"NE_0001";"NE_0001";"NE_0001";"NE_0001";"NE_0001";"NE_0001";"NE_0001"
"2023";"03";"120406";"JUNIN";"JAUJA";"CURICACA";"GOBIERNO REGIONAL";"I-2";"00000425";"EL ROSARIO";"NE_0001";"";"NE_0001";"NE_0001";"NE_0001";"NE_0001";"NE_0001";"NE_0001";"NE_0001"
"2023";"03";"120414";"JUNIN";"JAUJA";"LLOCLLAPAMPA";"GOBIERNO REGIONAL";"I-1";"00000428";"MATACHICO";"NE_0001";"";"NE_0001";"NE_0001";"NE_0001";"NE_0001";"NE_0001";"NE_0001";"NE_0001"
"2023";"03";"050104";"AYACUCHO";"HUAMANGA";"CARMEN ALTO";"GOBIERNO REGIONAL";"I-1";"00011354";"PUESTO DE SALUD YANAMA";"NE_0001";"";"NE_0001";"NE_0001";"NE_0001";"NE_0001";"NE_0001";"NE_0001";"NE_0001"
"2023";"03";"050104";"AYACUCHO";"HUAMANGA";"CARMEN ALTO";"GOBIERNO REGIONAL";"I-3";"00003560";"CENTRO DE SALUD CARMEN ALTO";"NE_0001";"";"NE_0001";"NE_0001";"NE_0001";"NE_0001";"NE_0001";"NE_0001";"NE_0001"
"2023";"03";"050104";"AYACUCHO";"HUAMANGA";"CARMEN ALTO";"GOBIERNO REGIONAL";"I-3";"00003562";"CENTRO DE SALUD VISTA ALEGRE";"NE_0001";"";"NE_0001";"NE_0001";"NE_0001";"NE_0001";"NE_0001";"NE_0001";"NE_0001"
"2023";"03";"050104";"AYACUCHO";"HUAMANGA";"CARMEN ALTO";"GOBIERNO REGIONAL";"I-1";"00003561";"POKRAS";"NE_0001";"";"NE_0001";"NE_0001";"NE_0001";"NE_0001";"NE_0001";"NE_0001";"NE_0001"
"2023";"03";"220105";"SAN MARTIN";"MOYOBAMBA";"SORITOR";"GOBIERNO REGIONAL";"I-1";"00006333";"ALTO PERU";"NE_0001";"";"NE_0001";"NE_0001";"NE_0001";"NE_0001";"NE_0001";"NE_0001";"NE_0001"
"2023";"03";"220105";"SAN MARTIN";"MOYOBAMBA";"SORITOR";"GOBIERNO REGIONAL";"I-1";"00006335";"JERICOB";"NE_0001";"";"NE_0001";"NE_0001";"NE_0001";"NE_0001";"NE_0001";"NE_0001";"NE_0001"
"2023";"01";"060808";"CAJAMARCA";"JAEN";"PUCARA";"GOBIERNO REGIONAL";"I-4";"00004249";"PUCARA";"241800";"HOSPITALIZACIÓN DE MEDICINA MEDICINA GENERAL ";"5";"5";"6";"5";"08";"40";"0"
"2023";"01";"060808";"CAJAMARCA";"JAEN";"PUCARA";"GOBIERNO REGIONAL";"I-4";"00004249";"PUCARA";"241600";"HOSPITALIZACIÓN QUIRÚRGICA OBSTETRICIA   ";"10";"10";"14";"10";"04";"40";"0"
"2023";"01";"080601";"CUSCO";"CANCHIS";"SICUANI";"GOBIERNO REGIONAL";"II-1";"00002378";"SICUANI";"240100";"HOSPITALIZACIÓN QUIRÚRGICA CIRUGÍA GENERAL ";"83";"91";"414";"393";"19";"589";"0"
"2023";"01";"080601";"CUSCO";"CANCHIS";"SICUANI";"GOBIERNO REGIONAL";"II-1";"00002378";"SICUANI";"241500";"HOSPITALIZACIÓN QUIRÚRGICA GINECOLOGÍA  ";"27";"29";"76";"97";"7";"217";"0"
"2023";"01";"080601";"CUSCO";"CANCHIS";"SICUANI";"GOBIERNO REGIONAL";"II-1";"00002378";"SICUANI";"241600";"HOSPITALIZACIÓN QUIRÚRGICA OBSTETRICIA   ";"82";"85";"206";"233";"17";"527";"0"
"2023";"01";"080601";"CUSCO";"CANCHIS";"SICUANI";"GOBIERNO REGIONAL";"II-1";"00002378";"SICUANI";"241800";"HOSPITALIZACIÓN DE MEDICINA MEDICINA GENERAL ";"45";"52";"278";"259";"17";"527";"7"
"2023";"01";"080601";"CUSCO";"CANCHIS";"SICUANI";"GOBIERNO REGIONAL";"II-1";"00002378";"SICUANI";"242500";"HOSPITALIZACIÓN-PEDIATRÍA GENERAL-";"19";"26";"135";"99";"16";"496";"0"
"2023";"01";"080601";"CUSCO";"CANCHIS";"SICUANI";"GOBIERNO REGIONAL";"II-1";"00002378";"SICUANI";"243200";"HOSPITALIZACIÓN DE PEDIATRÍA PEDIATRIA NEONATOLOGÍA";"15";"19";"78";"66";"7";"217";"0"
"2023";"01";"120124";"JUNIN";"HUANCAYO";"PARIAHUANCA";"GOBIERNO REGIONAL";"I-2";"00000739";"SAN BALVIN";"NE_0001";"";"NE_0001";"NE_0001";"NE_0001";"NE_0001";"NE_0001";"NE_0001";"NE_0001"
"2023";"02";"070101";"CALLAO";"CALLAO";"CALLAO";"SANIDAD DE LA POLICIA NACIONAL DEL PERU";"I-2";"00010451";"POSTA MÉDICA POLICIAL VIPOL";"NE_0001";"";"NE_0001";"NE_0001";"NE_0001";"NE_0001";"NE_0001";"NE_0001";"NE_0001"
"2023";"02";"060804";"CAJAMARCA";"JAEN";"COLASAY";"GOBIERNO REGIONAL";"I-3";"00004236";"COLASAY";"NE_0001";"";"NE_0001";"NE_0001";"NE_0001";"NE_0001";"NE_0001";"NE_0001";"NE_0001"
"2023";"02";"060804";"CAJAMARCA";"JAEN";"COLASAY";"GOBIERNO REGIONAL";"I-2";"00007017";"AHUYACA";"NE_0001";"";"NE_0001";"NE_0001";"NE_0001";"NE_0001";"NE_0001";"NE_0001";"NE_0001"
"2023";"02";"060804";"CAJAMARCA";"JAEN";"COLASAY";"GOBIERNO REGIONAL";"I-1";"00004239";"CEDRO PASTO";"NE_0001";"";"NE_0001";"NE_0001";"NE_0001";"NE_0001";"NE_0001";"NE_0001";"NE_0001"
"2023";"02";"120114";"JUNIN";"HUANCAYO";"EL TAMBO";"PRIVADO";"II-1";"00008024";"CLINICA CAYETANO HEREDIA";"240000";"HOSPITALIZACIÓN";"140";"149";"436";"322";"36";"1071";"1"
"2023";"02";"120114";"JUNIN";"HUANCAYO";"EL TAMBO";"PRIVADO";"II-1";"00008024";"CLINICA CAYETANO HEREDIA";"241400";"HOSPITALIZACIÓN QUIRÚRGICA GINECO - OBSTETRICIA ";"45";"54";"156";"130";"8";"230";"0"
"2023";"02";"150106";"LIMA";"LIMA";"CARABAYLLO";"ESSALUD";"I-3";"00026009";"CAP III CARABAYLLO";"NE_0001";"";"NE_0001";"NE_0001";"NE_0001";"NE_0001";"NE_0001";"NE_0001";"NE_0001"
"2023";"02";"120303";"JUNIN";"CHANCHAMAYO";"PICHANAQUI";"GOBIERNO REGIONAL";"I-2";"00000349";"BELEN DE ANAPIARI";"NE_0001";"";"NE_0001";"NE_0001";"NE_0001";"NE_0001";"NE_0001";"NE_0001";"NE_0001"
"2023";"02";"120303";"JUNIN";"CHANCHAMAYO";"PICHANAQUI";"GOBIERNO REGIONAL";"I-2";"00014383";"SAN JOSE DE ANAPIARI";"NE_0001";"";"NE_0001";"NE_0001";"NE_0001";"NE_0001";"NE_0001";"NE_0001";"NE_0001"
"2023";"02";"150131";"LIMA";"LIMA";"SAN ISIDRO";"PRIVADO";"II-E";"00009933";"CLINICA OFTALMOLOGICA MACULA D&T";"NE_0001";"";"NE_0001";"NE_0001";"NE_0001";"NE_0001";"NE_0001";"NE_0001";"NE_0001"
"2023";"02";"130101";"LA LIBERTAD";"TRUJILLO";"TRUJILLO";"PRIVADO";"II-1";"00027358";"CLÍNICA CRISTO REDENTOR";"240100";"HOSPITALIZACIÓN QUIRÚRGICA CIRUGÍA GENERAL ";"7";"6";"1";"7";"3";"84";"0"
"2023";"02";"130101";"LA LIBERTAD";"TRUJILLO";"TRUJILLO";"PRIVADO";"II-1";"00027358";"CLÍNICA CRISTO REDENTOR";"241900";"HOSPITALIZACIÓN DE MEDICINA MEDICINA INTERNA ";"2";"2";"2";"2";"1";"28";"0"
"2023";"02";"200101";"PIURA";"PIURA";"PIURA";"PRIVADO";"II-E";"00014092";"CLINICA SANTIVAÑEZ";"240800";"HOSPITALIZACIÓN QUIRÚRGICA CIRUGÍA PLÁSTICA/RECONSTRUCTIVA/ REPARADORA ";"25";"25";"25";"25";"3";"84";"0"
"2023";"02";"180303";"MOQUEGUA";"ILO";"PACOCHA";"PRIVADO";"II-1";"00017563";"HOSPITAL SPCC - ILO";"240100";"HOSPITALIZACIÓN QUIRÚRGICA CIRUGÍA GENERAL ";"17";"18";"65";"81";"13";"364";"0"
"2023";"02";"180303";"MOQUEGUA";"ILO";"PACOCHA";"PRIVADO";"II-1";"00017563";"HOSPITAL SPCC - ILO";"241400";"HOSPITALIZACIÓN QUIRÚRGICA GINECO - OBSTETRICIA ";"11";"11";"21";"30";"4";"112";"0"
"2023";"02";"180303";"MOQUEGUA";"ILO";"PACOCHA";"PRIVADO";"II-1";"00017563";"HOSPITAL SPCC - ILO";"241800";"HOSPITALIZACIÓN DE MEDICINA MEDICINA GENERAL ";"7";"8";"29";"32";"13";"364";"0"
"2023";"02";"180303";"MOQUEGUA";"ILO";"PACOCHA";"PRIVADO";"II-1";"00017563";"HOSPITAL SPCC - ILO";"242500";"HOSPITALIZACIÓN-PEDIATRÍA GENERAL-";"1";"2";"14";"14";"7";"196";"0"
"2023";"02";"200115";"PIURA";"PIURA";"VEINTISEIS DE OCTUBRE";"GOBIERNO REGIONAL";"II-2";"00002084";"HOSPITAL DE LA AMISTAD PERU - COREA SANTA ROSA II-2";"240100";"HOSPITALIZACIÓN QUIRÚRGICA CIRUGÍA GENERAL ";"191";"191";"936";"968";"40";"1120";"1"
"2023";"02";"200115";"PIURA";"PIURA";"VEINTISEIS DE OCTUBRE";"GOBIERNO REGIONAL";"II-2";"00002084";"HOSPITAL DE LA AMISTAD PERU - COREA SANTA ROSA II-2";"241500";"HOSPITALIZACIÓN QUIRÚRGICA GINECOLOGÍA  ";"192";"192";"408";"402";"16";"448";"1"
"2023";"02";"200115";"PIURA";"PIURA";"VEINTISEIS DE OCTUBRE";"GOBIERNO REGIONAL";"II-2";"00002084";"HOSPITAL DE LA AMISTAD PERU - COREA SANTA ROSA II-2";"241600";"HOSPITALIZACIÓN QUIRÚRGICA OBSTETRICIA   ";"267";"267";"467";"321";"25";"700";"0"
"2023";"02";"200115";"PIURA";"PIURA";"VEINTISEIS DE OCTUBRE";"GOBIERNO REGIONAL";"II-2";"00002084";"HOSPITAL DE LA AMISTAD PERU - COREA SANTA ROSA II-2";"241800";"HOSPITALIZACIÓN DE MEDICINA MEDICINA GENERAL ";"131";"131";"1178";"1268";"50";"1400";"15"
"2023";"02";"200115";"PIURA";"PIURA";"VEINTISEIS DE OCTUBRE";"GOBIERNO REGIONAL";"II-2";"00002084";"HOSPITAL DE LA AMISTAD PERU - COREA SANTA ROSA II-2";"242500";"HOSPITALIZACIÓN-PEDIATRÍA GENERAL-";"51";"51";"199";"258";"13";"364";"0"
"2023";"02";"200115";"PIURA";"PIURA";"VEINTISEIS DE OCTUBRE";"GOBIERNO REGIONAL";"II-2";"00002084";"HOSPITAL DE LA AMISTAD PERU - COREA SANTA ROSA II-2";"243200";"HOSPITALIZACIÓN DE PEDIATRÍA PEDIATRIA NEONATOLOGÍA";"80";"80";"584";"562";"21";"588";"3"
"2023";"03";"240101";"TUMBES";"TUMBES";"TUMBES";"GOBIERNO REGIONAL";"II-2";"00017077";"HOSPITAL REGIONAL JOSE ALFREDO MENDOZA OLAVARRIA JAMO II-2";"240100";"HOSPITALIZACIÓN QUIRÚRGICA CIRUGÍA GENERAL ";"141";"156";"635";"507";"30";"930";"0"
"2023";"03";"240101";"TUMBES";"TUMBES";"TUMBES";"GOBIERNO REGIONAL";"II-2";"00017077";"HOSPITAL REGIONAL JOSE ALFREDO MENDOZA OLAVARRIA JAMO II-2";"241800";"HOSPITALIZACIÓN DE MEDICINA MEDICINA GENERAL ";"43";"69";"854";"697";"23";"713";"8"
"2023";"03";"240101";"TUMBES";"TUMBES";"TUMBES";"GOBIERNO REGIONAL";"II-2";"00017077";"HOSPITAL REGIONAL JOSE ALFREDO MENDOZA OLAVARRIA JAMO II-2";"242500";"HOSPITALIZACIÓN-PEDIATRÍA GENERAL-";"29";"40";"222";"187";"17";"527";"0"
"2023";"03";"240101";"TUMBES";"TUMBES";"TUMBES";"GOBIERNO REGIONAL";"II-2";"00017077";"HOSPITAL REGIONAL JOSE ALFREDO MENDOZA OLAVARRIA JAMO II-2";"243200";"HOSPITALIZACIÓN DE PEDIATRÍA PEDIATRIA NEONATOLOGÍA";"17";"27";"241";"179";"6";"186";"0"
"2023";"03";"240101";"TUMBES";"TUMBES";"TUMBES";"GOBIERNO REGIONAL";"II-2";"00017077";"HOSPITAL REGIONAL JOSE ALFREDO MENDOZA OLAVARRIA JAMO II-2";"250103";"UNIDAD DE CUIDADOS CRITICOS UNIDAD  DE CUIDADOS INTENSIVOS GENERALES  (UCI) MEDICINA";"6";"12";"226";"180";"6";"186";"8"
"2023";"03";"240101";"TUMBES";"TUMBES";"TUMBES";"GOBIERNO REGIONAL";"II-2";"00017077";"HOSPITAL REGIONAL JOSE ALFREDO MENDOZA OLAVARRIA JAMO II-2";"250105";"UNIDAD DE CUIDADOS CRITICOS UNIDAD  DE CUIDADOS INTENSIVOS  (UCI) NEONATOLOGÍA";"4";"6";"53";"47";"4";"124";"3"
"2023";"03";"240101";"TUMBES";"TUMBES";"TUMBES";"GOBIERNO REGIONAL";"II-2";"00017077";"HOSPITAL REGIONAL JOSE ALFREDO MENDOZA OLAVARRIA JAMO II-2";"241400";"HOSPITALIZACIÓN QUIRÚRGICA GINECO - OBSTETRICIA ";"327";"352";"785";"563";"32";"992";"0"
"2023";"03";"050501";"AYACUCHO";"LA MAR";"SAN MIGUEL";"GOBIERNO REGIONAL";"II-E";"00003792";"HOSPITAL DE APOYO  SAN MIGUEL";"240100";"HOSPITALIZACIÓN QUIRÚRGICA CIRUGÍA GENERAL ";"9";"9";"21";"5";"5";"150";"1"
"2023";"03";"050501";"AYACUCHO";"LA MAR";"SAN MIGUEL";"GOBIERNO REGIONAL";"II-E";"00003792";"HOSPITAL DE APOYO  SAN MIGUEL";"241500";"HOSPITALIZACIÓN QUIRÚRGICA GINECOLOGÍA  ";"7";"7";"18";"3";"5";"150";"0"
"2023";"03";"050501";"AYACUCHO";"LA MAR";"SAN MIGUEL";"GOBIERNO REGIONAL";"II-E";"00003792";"HOSPITAL DE APOYO  SAN MIGUEL";"241600";"HOSPITALIZACIÓN QUIRÚRGICA OBSTETRICIA   ";"23";"23";"45";"8";"5";"150";"0"
"2023";"03";"050501";"AYACUCHO";"LA MAR";"SAN MIGUEL";"GOBIERNO REGIONAL";"II-E";"00003792";"HOSPITAL DE APOYO  SAN MIGUEL";"241800";"HOSPITALIZACIÓN DE MEDICINA MEDICINA GENERAL ";"8";"11";"60";"9";"5";"150";"1"
"2023";"03";"050501";"AYACUCHO";"LA MAR";"SAN MIGUEL";"GOBIERNO REGIONAL";"II-E";"00003792";"HOSPITAL DE APOYO  SAN MIGUEL";"242500";"HOSPITALIZACIÓN-PEDIATRÍA GENERAL-";"1";"1";"1";"1";"5";"150";"0"
"2023";"03";"010201";"AMAZONAS";"BAGUA";"BAGUA";"GOBIERNO REGIONAL";"II-1";"00005044";"GUSTAVO LANATTA LUJAN";"241400";"HOSPITALIZACIÓN QUIRÚRGICA GINECO - OBSTETRICIA ";"169";"169";"402";"402";"19";"589";"0"
"2023";"03";"010201";"AMAZONAS";"BAGUA";"BAGUA";"GOBIERNO REGIONAL";"II-1";"00005044";"GUSTAVO LANATTA LUJAN";"241800";"HOSPITALIZACIÓN DE MEDICINA MEDICINA GENERAL ";"82";"82";"284";"284";"29";"899";"1"
"2023";"03";"010201";"AMAZONAS";"BAGUA";"BAGUA";"GOBIERNO REGIONAL";"II-1";"00005044";"GUSTAVO LANATTA LUJAN";"242500";"HOSPITALIZACIÓN-PEDIATRÍA GENERAL-";"23";"23";"69";"69";"10";"310";"0"
"2023";"03";"010201";"AMAZONAS";"BAGUA";"BAGUA";"GOBIERNO REGIONAL";"II-1";"00005044";"GUSTAVO LANATTA LUJAN";"243200";"HOSPITALIZACIÓN DE PEDIATRÍA PEDIATRIA NEONATOLOGÍA";"17";"17";"70";"70";"9";"279";"0"
"2023";"03";"140112";"LAMBAYEQUE";"CHICLAYO";"PIMENTEL";"ESSALUD";"II-1";"00011020";"HOSPITAL II LUIS HEYSEN INCHAUSTEGUI";"250300";"UNIDAD DE CUIDADOS CRITICOS UNIDAD DE VIGILANCIA INTENSIVA  CLINICA (UVIC) ";"9";"6";"112";"94";"6";"186";"3"
"2023";"03";"140112";"LAMBAYEQUE";"CHICLAYO";"PIMENTEL";"ESSALUD";"II-1";"00011020";"HOSPITAL II LUIS HEYSEN INCHAUSTEGUI";"241900";"HOSPITALIZACIÓN DE MEDICINA MEDICINA INTERNA ";"61";"63";"956";"970";"32";"992";"7"
"2023";"03";"140112";"LAMBAYEQUE";"CHICLAYO";"PIMENTEL";"ESSALUD";"II-1";"00011020";"HOSPITAL II LUIS HEYSEN INCHAUSTEGUI";"240100";"HOSPITALIZACIÓN QUIRÚRGICA CIRUGÍA GENERAL ";"315";"313";"1191";"1159";"42";"1307";"0"
"2023";"03";"140112";"LAMBAYEQUE";"CHICLAYO";"PIMENTEL";"ESSALUD";"II-1";"00011020";"HOSPITAL II LUIS HEYSEN INCHAUSTEGUI";"241400";"HOSPITALIZACIÓN QUIRÚRGICA GINECO - OBSTETRICIA ";"393";"414";"982";"887";"41";"1274";"0"
"2023";"03";"140112";"LAMBAYEQUE";"CHICLAYO";"PIMENTEL";"ESSALUD";"II-1";"00011020";"HOSPITAL II LUIS HEYSEN INCHAUSTEGUI";"242300";"HOSPITALIZACIÓN DE PEDIATRÍA  PEDIATRÍA  GENERAL ";"58";"89";"329";"396";"15";"457";"0"
"2023";"03";"220401";"SAN MARTIN";"HUALLAGA";"SAPOSOA";"GOBIERNO REGIONAL";"I-1";"00021587";"ALTO PACHIZA";"NE_0001";"";"NE_0001";"NE_0001";"NE_0001";"NE_0001";"NE_0001";"NE_0001";"NE_0001"
"2023";"03";"220401";"SAN MARTIN";"HUALLAGA";"SAPOSOA";"GOBIERNO REGIONAL";"I-1";"00006530";"7 DE JUNIO-AHUIHUA";"NE_0001";"";"NE_0001";"NE_0001";"NE_0001";"NE_0001";"NE_0001";"NE_0001";"NE_0001"
"2023";"03";"220402";"SAN MARTIN";"HUALLAGA";"ALTO SAPOSOA";"GOBIERNO REGIONAL";"I-1";"00006541";"YACUSISA";"NE_0001";"";"NE_0001";"NE_0001";"NE_0001";"NE_0001";"NE_0001";"NE_0001";"NE_0001"
"2023";"03";"220401";"SAN MARTIN";"HUALLAGA";"SAPOSOA";"GOBIERNO REGIONAL";"I-1";"00006536";"INTIYACU";"NE_0001";"";"NE_0001";"NE_0001";"NE_0001";"NE_0001";"NE_0001";"NE_0001";"NE_0001"
"2023";"03";"220401";"SAN MARTIN";"HUALLAGA";"SAPOSOA";"GOBIERNO REGIONAL";"I-1";"00006537";"CHAMBIRA";"NE_0001";"";"NE_0001";"NE_0001";"NE_0001";"NE_0001";"NE_0001";"NE_0001";"NE_0001"
"2023";"03";"220402";"SAN MARTIN";"HUALLAGA";"ALTO SAPOSOA";"GOBIERNO REGIONAL";"I-2";"00006539";"PASARRAYA";"NE_0001";"";"NE_0001";"NE_0001";"NE_0001";"NE_0001";"NE_0001";"NE_0001";"NE_0001"
"2023";"03";"220401";"SAN MARTIN";"HUALLAGA";"SAPOSOA";"GOBIERNO REGIONAL";"I-1";"00026163";"AGUA AZUL";"NE_0001";"";"NE_0001";"NE_0001";"NE_0001";"NE_0001";"NE_0001";"NE_0001";"NE_0001"
"2023";"03";"040103";"AREQUIPA";"AREQUIPA";"CAYMA";"GOBIERNO REGIONAL";"I-2";"00001244";"PUESTO DE SALUD LA TOMILLA";"NE_0001";"";"NE_0001";"NE_0001";"NE_0001";"NE_0001";"NE_0001";"NE_0001";"NE_0001"
"2023";"03";"040103";"AREQUIPA";"AREQUIPA";"CAYMA";"GOBIERNO REGIONAL";"I-3";"00001234";"CENTRO DE SALUD FRANCISCO BOLOGNESI";"NE_0001";"";"NE_0001";"NE_0001";"NE_0001";"NE_0001";"NE_0001";"NE_0001";"NE_0001"
"2023";"03";"040103";"AREQUIPA";"AREQUIPA";"CAYMA";"GOBIERNO REGIONAL";"I-3";"00006890";"PUESTO DE SALUD RAFAEL BELAUNDE";"NE_0001";"";"NE_0001";"NE_0001";"NE_0001";"NE_0001";"NE_0001";"NE_0001";"NE_0001"
"2023";"03";"040103";"AREQUIPA";"AREQUIPA";"CAYMA";"GOBIERNO REGIONAL";"I-3";"00027464";"CENTRO DE SALUD MENTAL COMUNITARIO CAYMA";"NE_0001";"";"NE_0001";"NE_0001";"NE_0001";"NE_0001";"NE_0001";"NE_0001";"NE_0001"
"2023";"03";"160108";"LORETO";"MAYNAS";"PUNCHANA";"ESSALUD";"III-1";"00011409";"HOSPITAL III IQUITOS";"241900";"HOSPITALIZACIÓN DE MEDICINA MEDICINA INTERNA ";"109";"173";"1114";"1176";"44";"1364";"6"
"2023";"03";"160108";"LORETO";"MAYNAS";"PUNCHANA";"ESSALUD";"III-1";"00011409";"HOSPITAL III IQUITOS";"240100";"HOSPITALIZACIÓN QUIRÚRGICA CIRUGÍA GENERAL ";"232";"241";"974";"920";"30";"930";"0"
"2023";"03";"160108";"LORETO";"MAYNAS";"PUNCHANA";"ESSALUD";"III-1";"00011409";"HOSPITAL III IQUITOS";"241400";"HOSPITALIZACIÓN QUIRÚRGICA GINECO - OBSTETRICIA ";"41";"40";"142";"144";"5";"155";"0"
"2023";"03";"160108";"LORETO";"MAYNAS";"PUNCHANA";"ESSALUD";"III-1";"00011409";"HOSPITAL III IQUITOS";"241600";"HOSPITALIZACIÓN QUIRÚRGICA OBSTETRICIA   ";"195";"200";"449";"443";"15";"465";"0"
"2023";"03";"160108";"LORETO";"MAYNAS";"PUNCHANA";"ESSALUD";"III-1";"00011409";"HOSPITAL III IQUITOS";"242300";"HOSPITALIZACIÓN DE PEDIATRÍA  PEDIATRÍA  GENERAL ";"92";"92";"313";"331";"14";"434";"0"
"2023";"03";"160108";"LORETO";"MAYNAS";"PUNCHANA";"ESSALUD";"III-1";"00011409";"HOSPITAL III IQUITOS";"250100";"UNIDAD DE CUIDADOS CRITICOS UNIDAD  DE CUIDADOS INTENSIVOS GENERALES (UCI) ";"35";"34";"191";"250";"10";"310";"7"
"2023";"01";"120114";"JUNIN";"HUANCAYO";"EL TAMBO";"PRIVADO";"II-1";"00025970";"CLINICA REBAGLIATI";"240100";"HOSPITALIZACIÓN QUIRÚRGICA CIRUGÍA GENERAL ";"102";"102";"102";"100";"9";"105";"0"
"2023";"01";"120114";"JUNIN";"HUANCAYO";"EL TAMBO";"PRIVADO";"II-1";"00025970";"CLINICA REBAGLIATI";"240200";"HOSPITALIZACIÓN QUIRÚRGICA CIRUGÍA DE CABEZA Y CUELLO / MÁXILO FACIAL ";"4";"4";"4";"4";"3";"9";"0"
"2023";"01";"120114";"JUNIN";"HUANCAYO";"EL TAMBO";"PRIVADO";"II-1";"00025970";"CLINICA REBAGLIATI";"240400";"HOSPITALIZACIÓN QUIRÚRGICA CIRUGÍA DE TÓRAX Y CARDIOVASCULAR ";"2";"2";"2";"3";"3";"5";"0"
"2023";"01";"120114";"JUNIN";"HUANCAYO";"EL TAMBO";"PRIVADO";"II-1";"00025970";"CLINICA REBAGLIATI";"240800";"HOSPITALIZACIÓN QUIRÚRGICA CIRUGÍA PLÁSTICA/RECONSTRUCTIVA/ REPARADORA ";"2";"2";"2";"3";"3";"6";"0"
"2023";"01";"120114";"JUNIN";"HUANCAYO";"EL TAMBO";"PRIVADO";"II-1";"00025970";"CLINICA REBAGLIATI";"240900";"HOSPITALIZACIÓN QUIRÚRGICA NEUROCIRUGÍA ";"1";"1";"1";"2";"1";"2";"0"
"2023";"01";"120114";"JUNIN";"HUANCAYO";"EL TAMBO";"PRIVADO";"II-1";"00025970";"CLINICA REBAGLIATI";"241100";"HOSPITALIZACIÓN QUIRÚRGICA OTORRINOLARINGOLOGÍA  ";"20";"20";"20";"22";"23";"26";"0"
"2023";"01";"120114";"JUNIN";"HUANCAYO";"EL TAMBO";"PRIVADO";"II-1";"00025970";"CLINICA REBAGLIATI";"241200";"HOSPITALIZACIÓN QUIRÚRGICA TRAUMATOLOGÍA Y ORTOPEDIA ";"2";"2";"2";"2";"3";"4";"0"
"2023";"01";"120114";"JUNIN";"HUANCAYO";"EL TAMBO";"PRIVADO";"II-1";"00025970";"CLINICA REBAGLIATI";"241300";"HOSPITALIZACIÓN QUIRÚRGICA UROLOGÍA  ";"11";"11";"11";"12";"10";"13";"0"
"2023";"01";"120114";"JUNIN";"HUANCAYO";"EL TAMBO";"PRIVADO";"II-1";"00025970";"CLINICA REBAGLIATI";"241400";"HOSPITALIZACIÓN QUIRÚRGICA GINECO - OBSTETRICIA ";"14";"14";"14";"15";"16";"17";"0"
"2023";"01";"120114";"JUNIN";"HUANCAYO";"EL TAMBO";"PRIVADO";"II-1";"00025970";"CLINICA REBAGLIATI";"241700";"HOSPITALIZACIÓN QUIRÚRGICA GINECOLOGÍA   GINECOLOGIA ONCOLOGiCA";"14";"14";"14";"14";"15";"17";"0"
"2023";"01";"120114";"JUNIN";"HUANCAYO";"EL TAMBO";"PRIVADO";"II-1";"00025970";"CLINICA REBAGLIATI";"241900";"HOSPITALIZACIÓN DE MEDICINA MEDICINA INTERNA ";"3";"3";"3";"3";"3";"4";"0"
"2023";"01";"120114";"JUNIN";"HUANCAYO";"EL TAMBO";"PRIVADO";"II-1";"00025970";"CLINICA REBAGLIATI";"244700";"HOSPITALIZACIÓN DE MEDICINA NEUROLOGIA  ";"3";"3";"3";"4";"4";"5";"0"
"2023";"01";"120705";"JUNIN";"TARMA";"LA UNION";"GOBIERNO REGIONAL";"I-2";"00000597";"LA UNION LETICIA";"NE_0001";"";"NE_0001";"NE_0001";"NE_0001";"NE_0001";"NE_0001";"NE_0001";"NE_0001"
"2023";"02";"060607";"CAJAMARCA";"CUTERVO";"QUEROCOTILLO";"GOBIERNO REGIONAL";"I-1";"00005011";"PARIC";"NE_0001";"";"NE_0001";"NE_0001";"NE_0001";"NE_0001";"NE_0001";"NE_0001";"NE_0001"
"2023";"02";"060607";"CAJAMARCA";"CUTERVO";"QUEROCOTILLO";"GOBIERNO REGIONAL";"I-1";"00006943";"BALCONCILLO";"NE_0001";"";"NE_0001";"NE_0001";"NE_0001";"NE_0001";"NE_0001";"NE_0001";"NE_0001"
"2023";"02";"060607";"CAJAMARCA";"CUTERVO";"QUEROCOTILLO";"GOBIERNO REGIONAL";"I-2";"00005007";"SANTA ROSA DE QUEROCOTILLO";"NE_0001";"";"NE_0001";"NE_0001";"NE_0001";"NE_0001";"NE_0001";"NE_0001";"NE_0001"
"2023";"02";"060607";"CAJAMARCA";"CUTERVO";"QUEROCOTILLO";"GOBIERNO REGIONAL";"I-1";"00006869";"LAS DELICIAS";"NE_0001";"";"NE_0001";"NE_0001";"NE_0001";"NE_0001";"NE_0001";"NE_0001";"NE_0001"
"2023";"02";"060607";"CAJAMARCA";"CUTERVO";"QUEROCOTILLO";"GOBIERNO REGIONAL";"I-1";"00007753";"BARBASCO";"NE_0001";"";"NE_0001";"NE_0001";"NE_0001";"NE_0001";"NE_0001";"NE_0001";"NE_0001"
"2023";"02";"060607";"CAJAMARCA";"CUTERVO";"QUEROCOTILLO";"GOBIERNO REGIONAL";"I-3";"00005006";"QUEROCOTILLO";"NE_0001";"";"NE_0001";"NE_0001";"NE_0001";"NE_0001";"NE_0001";"NE_0001";"NE_0001"
"2023";"02";"060607";"CAJAMARCA";"CUTERVO";"QUEROCOTILLO";"GOBIERNO REGIONAL";"I-2";"00005010";"INGUER";"NE_0001";"";"NE_0001";"NE_0001";"NE_0001";"NE_0001";"NE_0001";"NE_0001";"NE_0001"
"2023";"02";"060607";"CAJAMARCA";"CUTERVO";"QUEROCOTILLO";"GOBIERNO REGIONAL";"I-1";"00006942";"LA SUCCHA ALTA";"NE_0001";"";"NE_0001";"NE_0001";"NE_0001";"NE_0001";"NE_0001";"NE_0001";"NE_0001"
"2023";"02";"060607";"CAJAMARCA";"CUTERVO";"QUEROCOTILLO";"GOBIERNO REGIONAL";"I-1";"00007366";"EL CORRAL";"NE_0001";"";"NE_0001";"NE_0001";"NE_0001";"NE_0001";"NE_0001";"NE_0001";"NE_0001"
"2023";"02";"060607";"CAJAMARCA";"CUTERVO";"QUEROCOTILLO";"GOBIERNO REGIONAL";"I-1";"00005009";"QUIPAYUC";"NE_0001";"";"NE_0001";"NE_0001";"NE_0001";"NE_0001";"NE_0001";"NE_0001";"NE_0001"
"2023";"02";"060607";"CAJAMARCA";"CUTERVO";"QUEROCOTILLO";"GOBIERNO REGIONAL";"I-1";"00006941";"MARAYBAMBA ALTO";"NE_0001";"";"NE_0001";"NE_0001";"NE_0001";"NE_0001";"NE_0001";"NE_0001";"NE_0001"
"2023";"02";"060607";"CAJAMARCA";"CUTERVO";"QUEROCOTILLO";"GOBIERNO REGIONAL";"I-1";"00007226";"LA SUCCHA DE QUEROCOTILLO";"NE_0001";"";"NE_0001";"NE_0001";"NE_0001";"NE_0001";"NE_0001";"NE_0001";"NE_0001"
"2023";"02";"150134";"LIMA";"LIMA";"SAN LUIS";"PRIVADO";"II-1";"00008786";"CLINICA SAN JUAN DE DIOS";"240000";"HOSPITALIZACIÓN";"73";"68";"189";"219";"25";"700";"0"
"2023";"02";"210501";"PUNO";"EL COLLAO";"ILAVE";"ESSALUD";"I-3";"00009218";"POLICLINICO ILAVE -  RED ASISTENCIAL PUNO";"NE_0001";"";"NE_0001";"NE_0001";"NE_0001";"NE_0001";"NE_0001";"NE_0001";"NE_0001"
"2023";"02";"030201";"APURIMAC";"ANDAHUAYLAS";"ANDAHUAYLAS";"PRIVADO";"I-3";"00021664";"ADMEDICAL CENTRO MEDICO";"NE_0002";"";"NE_0002";"NE_0002";"NE_0002";"NE_0002";"NE_0002";"NE_0002";"NE_0002"
"2023";"02";"150108";"LIMA";"LIMA";"CHORRILLOS";"PRIVADO";"II-E";"00009478";"CLÍNICA SOLIDARIA LA CAMPIÑA";"NE_0002";"";"NE_0002";"NE_0002";"NE_0002";"NE_0002";"NE_0002";"NE_0002";"NE_0002"
"2023";"02";"040410";"AREQUIPA";"CASTILLA";"PAMPACOLCA";"GOBIERNO REGIONAL";"I-1";"00001399";"PUESTO DE SALUD PISCOPAMPA";"NE_0001";"";"NE_0001";"NE_0001";"NE_0001";"NE_0001";"NE_0001";"NE_0001";"NE_0001"
"2023";"02";"040104";"AREQUIPA";"AREQUIPA";"CERRO COLORADO";"PRIVADO";"II-1";"00027214";"CLINICA SAN PABLO AREQUIPA";"250400";"UNIDAD DE CUIDADOS CRITICOS UNIDAD DE QUEMADOS (GRAN QUEMADO) ";"1";"1";"1";"2";"2";"56";"0"
"2023";"02";"040104";"AREQUIPA";"AREQUIPA";"CERRO COLORADO";"PRIVADO";"II-1";"00027214";"CLINICA SAN PABLO AREQUIPA";"240000";"HOSPITALIZACIÓN";"173";"174";"544";"726";"60";"1680";"1"
"2023";"02";"040410";"AREQUIPA";"CASTILLA";"PAMPACOLCA";"GOBIERNO REGIONAL";"I-3";"00001385";"CENTRO DE SALUD PAMPACOLCA";"NE_0001";"";"NE_0001";"NE_0001";"NE_0001";"NE_0001";"NE_0001";"NE_0001";"NE_0001"
"2023";"02";"040410";"AREQUIPA";"CASTILLA";"PAMPACOLCA";"GOBIERNO REGIONAL";"I-2";"00001398";"PUESTO DE SALUD SAN ANTONIO";"NE_0001";"";"NE_0001";"NE_0001";"NE_0001";"NE_0001";"NE_0001";"NE_0001";"NE_0001"
"2023";"03";"080901";"CUSCO";"LA CONVENCION";"SANTA ANA";"SANIDAD DE LA POLICIA NACIONAL DEL PERU";"I-2";"00011744";"POSTA MEDICO POLICIAL LA CONVENCION - QUILLABAMBA";"NE_0001";"";"NE_0001";"NE_0001";"NE_0001";"NE_0001";"NE_0001";"NE_0001";"NE_0001"
"2023";"03";"220804";"SAN MARTIN";"RIOJA";"NUEVA CAJAMARCA";"GOBIERNO REGIONAL";"I-1";"00006299";"PERLA DAGUAS";"NE_0002";"";"NE_0002";"NE_0002";"NE_0002";"NE_0002";"NE_0002";"NE_0002";"NE_0002"
"2023";"03";"220804";"SAN MARTIN";"RIOJA";"NUEVA CAJAMARCA";"GOBIERNO REGIONAL";"I-3";"00006300";"SAN JUAN RIO SORITOR";"241800";"HOSPITALIZACIÓN DE MEDICINA MEDICINA GENERAL ";"1";"1";"1";"1";"1";"30";"0"
"2023";"03";"150132";"LIMA";"LIMA";"SAN JUAN DE LURIGANCHO";"PRIVADO";"II-1";"00009090";"CLINICA "" LIMATAMBO""";"240000";"HOSPITALIZACIÓN";"105";"99";"234";"297";"30";"930";"0"
"2023";"03";"140101";"LAMBAYEQUE";"CHICLAYO";"CHICLAYO";"PRIVADO";"II-E";"00030057";"CLINICAS AUNAS SEDE CHICLAYO";"240000";"HOSPITALIZACIÓN";"272";"266";"1236";"1341";"42";"1302";"1"
"2023";"03";"180101";"MOQUEGUA";"MARISCAL NIETO";"MOQUEGUA";"ESSALUD";"II-1";"00016157";"HOSPITAL II MOQUEGUA";"241800";"HOSPITALIZACIÓN DE MEDICINA MEDICINA GENERAL ";"27";"29";"293";"221";"12";"372";"3"
"2023";"03";"180101";"MOQUEGUA";"MARISCAL NIETO";"MOQUEGUA";"ESSALUD";"II-1";"00016157";"HOSPITAL II MOQUEGUA";"240100";"HOSPITALIZACIÓN QUIRÚRGICA CIRUGÍA GENERAL ";"61";"63";"410";"392";"18";"558";"0"
"2023";"03";"180101";"MOQUEGUA";"MARISCAL NIETO";"MOQUEGUA";"ESSALUD";"II-1";"00016157";"HOSPITAL II MOQUEGUA";"241500";"HOSPITALIZACIÓN QUIRÚRGICA GINECOLOGÍA  ";"16";"16";"43";"41";"2";"62";"0"
"2023";"03";"180101";"MOQUEGUA";"MARISCAL NIETO";"MOQUEGUA";"ESSALUD";"II-1";"00016157";"HOSPITAL II MOQUEGUA";"241600";"HOSPITALIZACIÓN QUIRÚRGICA OBSTETRICIA   ";"61";"61";"129";"128";"6";"186";"0"
"2023";"03";"180101";"MOQUEGUA";"MARISCAL NIETO";"MOQUEGUA";"ESSALUD";"II-1";"00016157";"HOSPITAL II MOQUEGUA";"242300";"HOSPITALIZACIÓN DE PEDIATRÍA  PEDIATRÍA  GENERAL ";"59";"57";"127";"132";"5";"155";"0"
"2023";"03";"180101";"MOQUEGUA";"MARISCAL NIETO";"MOQUEGUA";"ESSALUD";"II-1";"00016157";"HOSPITAL II MOQUEGUA";"250200";"UNIDAD DE CUIDADOS CRITICOS UNIDAD DE CUIDADOS INTERMEDIOS GENERAL  (UCIN) ";"8";"2";"21";"86";"3";"93";"1"
"2023";"03";"150103";"LIMA";"LIMA";"ATE";"MINSA";"II-1";"00005945";"HOSPITAL VITARTE";"241900";"HOSPITALIZACIÓN DE MEDICINA MEDICINA INTERNA ";"135";"142";"964";"958";"36";"1116";"3"
"2023";"03";"150103";"LIMA";"LIMA";"ATE";"MINSA";"II-1";"00005945";"HOSPITAL VITARTE";"242300";"HOSPITALIZACIÓN DE PEDIATRÍA  PEDIATRÍA  GENERAL ";"134";"121";"706";"781";"26";"806";"0"
"2023";"03";"150103";"LIMA";"LIMA";"ATE";"MINSA";"II-1";"00005945";"HOSPITAL VITARTE";"243200";"HOSPITALIZACIÓN DE PEDIATRÍA PEDIATRIA NEONATOLOGÍA";"94";"97";"292";"275";"10";"310";"1"
"2023";"03";"150103";"LIMA";"LIMA";"ATE";"MINSA";"II-1";"00005945";"HOSPITAL VITARTE";"241500";"HOSPITALIZACIÓN QUIRÚRGICA GINECOLOGÍA  ";"56";"53";"159";"171";"7";"217";"0"
"2023";"03";"150103";"LIMA";"LIMA";"ATE";"MINSA";"II-1";"00005945";"HOSPITAL VITARTE";"241400";"HOSPITALIZACIÓN QUIRÚRGICA GINECO - OBSTETRICIA ";"473";"480";"1021";"1009";"33";"1023";"0"
"2023";"03";"150103";"LIMA";"LIMA";"ATE";"MINSA";"II-1";"00005945";"HOSPITAL VITARTE";"240100";"HOSPITALIZACIÓN QUIRÚRGICA CIRUGÍA GENERAL ";"234";"233";"670";"751";"29";"899";"0"
"2023";"03";"150103";"LIMA";"LIMA";"ATE";"MINSA";"II-1";"00005945";"HOSPITAL VITARTE";"241200";"HOSPITALIZACIÓN QUIRÚRGICA TRAUMATOLOGÍA Y ORTOPEDIA ";"38";"46";"218";"151";"8";"248";"0"
"2023";"03";"150103";"LIMA";"LIMA";"ATE";"MINSA";"II-1";"00005945";"HOSPITAL VITARTE";"241100";"HOSPITALIZACIÓN QUIRÚRGICA OTORRINOLARINGOLOGÍA  ";"11";"11";"11";"11";"1";"31";"0"
"2023";"03";"150103";"LIMA";"LIMA";"ATE";"MINSA";"II-1";"00005945";"HOSPITAL VITARTE";"241300";"HOSPITALIZACIÓN QUIRÚRGICA UROLOGÍA  ";"14";"14";"16";"16";"1";"31";"0"
"2023";"03";"150103";"LIMA";"LIMA";"ATE";"MINSA";"II-1";"00005945";"HOSPITAL VITARTE";"240600";"HOSPITALIZACIÓN QUIRÚRGICA CIRUGÍA OFTALMOLÓGICA ";"7";"7";"7";"7";"1";"31";"0"
"2023";"03";"130906";"LA LIBERTAD";"SANCHEZ CARRION";"SANAGORAN";"GOBIERNO REGIONAL";"I-2";"00005360";"VENTANAS";"NE_0001";"";"NE_0001";"NE_0001";"NE_0001";"NE_0001";"NE_0001";"NE_0001";"NE_0001"
"2023";"03";"130906";"LA LIBERTAD";"SANCHEZ CARRION";"SANAGORAN";"GOBIERNO REGIONAL";"I-1";"00019765";"24 DE JUNIO";"NE_0001";"";"NE_0001";"NE_0001";"NE_0001";"NE_0001";"NE_0001";"NE_0001";"NE_0001"
"2023";"03";"130906";"LA LIBERTAD";"SANCHEZ CARRION";"SANAGORAN";"GOBIERNO REGIONAL";"I-2";"00005359";"SANAGORAN";"NE_0001";"";"NE_0001";"NE_0001";"NE_0001";"NE_0001";"NE_0001";"NE_0001";"NE_0001"
"2023";"03";"060601";"CAJAMARCA";"CUTERVO";"CUTERVO";"GOBIERNO REGIONAL";"I-1";"00006865";"ADCUÑAC";"NE_0001";"";"NE_0001";"NE_0001";"NE_0001";"NE_0001";"NE_0001";"NE_0001";"NE_0001"
"2023";"03";"060601";"CAJAMARCA";"CUTERVO";"CUTERVO";"GOBIERNO REGIONAL";"I-2";"00006938";"CACHACARA";"NE_0001";"";"NE_0001";"NE_0001";"NE_0001";"NE_0001";"NE_0001";"NE_0001";"NE_0001"
"2023";"03";"060601";"CAJAMARCA";"CUTERVO";"CUTERVO";"GOBIERNO REGIONAL";"I-2";"00004983";"CRUZ ROJA";"NE_0001";"";"NE_0001";"NE_0001";"NE_0001";"NE_0001";"NE_0001";"NE_0001";"NE_0001"
"2023";"03";"060601";"CAJAMARCA";"CUTERVO";"CUTERVO";"GOBIERNO REGIONAL";"I-1";"00004999";"LAS PALMAS DE TINYAYOC";"NE_0001";"";"NE_0001";"NE_0001";"NE_0001";"NE_0001";"NE_0001";"NE_0001";"NE_0001"
"2023";"03";"060601";"CAJAMARCA";"CUTERVO";"CUTERVO";"GOBIERNO REGIONAL";"I-1";"00007098";"YACANCATE";"NE_0001";"";"NE_0001";"NE_0001";"NE_0001";"NE_0001";"NE_0001";"NE_0001";"NE_0001"
"2023";"03";"060601";"CAJAMARCA";"CUTERVO";"CUTERVO";"GOBIERNO REGIONAL";"I-2";"00004984";"VALLE CALLACATE";"NE_0001";"";"NE_0001";"NE_0001";"NE_0001";"NE_0001";"NE_0001";"NE_0001";"NE_0001"
"2023";"03";"060601";"CAJAMARCA";"CUTERVO";"CUTERVO";"GOBIERNO REGIONAL";"I-2";"00004991";"LANCHE";"NE_0001";"";"NE_0001";"NE_0001";"NE_0001";"NE_0001";"NE_0001";"NE_0001";"NE_0001"
"2023";"03";"060601";"CAJAMARCA";"CUTERVO";"CUTERVO";"GOBIERNO REGIONAL";"I-1";"00005001";"PATAHUAZ";"NE_0001";"";"NE_0001";"NE_0001";"NE_0001";"NE_0001";"NE_0001";"NE_0001";"NE_0001"
"2023";"03";"060601";"CAJAMARCA";"CUTERVO";"CUTERVO";"GOBIERNO REGIONAL";"I-1";"00006832";"LA CONGONA";"NE_0001";"";"NE_0001";"NE_0001";"NE_0001";"NE_0001";"NE_0001";"NE_0001";"NE_0001"
"2023";"03";"060601";"CAJAMARCA";"CUTERVO";"CUTERVO";"GOBIERNO REGIONAL";"I-1";"00006833";"LA JAYUA";"NE_0001";"";"NE_0001";"NE_0001";"NE_0001";"NE_0001";"NE_0001";"NE_0001";"NE_0001"
"2023";"03";"040101";"AREQUIPA";"AREQUIPA";"AREQUIPA";"ESSALUD";"I-3";"00013297";"POLICLINICO METROPOLITANO ESSALUD";"NE_0001";"";"NE_0001";"NE_0001";"NE_0001";"NE_0001";"NE_0001";"NE_0001";"NE_0001"
"2023";"03";"040206";"AREQUIPA";"CAMANA";"OCOÑA";"GOBIERNO REGIONAL";"I-3";"00001348";"CENTRO DE SALUD OCOÑA";"NE_0001";"";"NE_0001";"NE_0001";"NE_0001";"NE_0001";"NE_0001";"NE_0001";"NE_0001"
"2023";"03";"040206";"AREQUIPA";"CAMANA";"OCOÑA";"GOBIERNO REGIONAL";"I-2";"00001363";"LA PLANCHADA";"NE_0001";"";"NE_0001";"NE_0001";"NE_0001";"NE_0001";"NE_0001";"NE_0001";"NE_0001"
"2023";"03";"040206";"AREQUIPA";"CAMANA";"OCOÑA";"GOBIERNO REGIONAL";"I-1";"00001364";"PESCADORES";"NE_0001";"";"NE_0001";"NE_0001";"NE_0001";"NE_0001";"NE_0001";"NE_0001";"NE_0001"
"2023";"03";"040203";"AREQUIPA";"CAMANA";"MARIANO NICOLAS VALCARCEL";"GOBIERNO REGIONAL";"I-2";"00001366";"LA EUGENIA";"NE_0001";"";"NE_0001";"NE_0001";"NE_0001";"NE_0001";"NE_0001";"NE_0001";"NE_0001"
"2023";"03";"021201";"ANCASH";"HUAYLAS";"CARAZ";"GOBIERNO REGIONAL";"II-1";"00001587";"HOSPITAL DE APOYO CARAZ";"241800";"HOSPITALIZACIÓN DE MEDICINA MEDICINA GENERAL ";"20";"17";"97";"130";"16";"496";"1"
"2023";"03";"021201";"ANCASH";"HUAYLAS";"CARAZ";"GOBIERNO REGIONAL";"II-1";"00001587";"HOSPITAL DE APOYO CARAZ";"240100";"HOSPITALIZACIÓN QUIRÚRGICA CIRUGÍA GENERAL ";"14";"13";"59";"74";"6";"186";"0"
"2023";"03";"021201";"ANCASH";"HUAYLAS";"CARAZ";"GOBIERNO REGIONAL";"II-1";"00001587";"HOSPITAL DE APOYO CARAZ";"242500";"HOSPITALIZACIÓN-PEDIATRÍA GENERAL-";"13";"10";"33";"48";"9";"279";"0"
"2023";"03";"021201";"ANCASH";"HUAYLAS";"CARAZ";"GOBIERNO REGIONAL";"II-1";"00001587";"HOSPITAL DE APOYO CARAZ";"241600";"HOSPITALIZACIÓN QUIRÚRGICA OBSTETRICIA   ";"46";"48";"88";"121";"6";"186";"0"
"2023";"03";"021201";"ANCASH";"HUAYLAS";"CARAZ";"GOBIERNO REGIONAL";"II-1";"00001587";"HOSPITAL DE APOYO CARAZ";"241500";"HOSPITALIZACIÓN QUIRÚRGICA GINECOLOGÍA  ";"54";"53";"118";"159";"6";"186";"0"
"2023";"03";"220909";"SAN MARTIN";"SAN MARTIN";"LA BANDA DE SHILCAYO";"GOBIERNO REGIONAL";"II-E";"00006359";"BANDA SHILCAYO";"241400";"HOSPITALIZACIÓN QUIRÚRGICA GINECO - OBSTETRICIA ";"102";"110";"204";"193";"17";"527";"0"
"2023";"03";"220909";"SAN MARTIN";"SAN MARTIN";"LA BANDA DE SHILCAYO";"GOBIERNO REGIONAL";"II-E";"00006359";"BANDA SHILCAYO";"241800";"HOSPITALIZACIÓN DE MEDICINA MEDICINA GENERAL ";"56";"62";"208";"205";"23";"713";"1"
"2023";"03";"220909";"SAN MARTIN";"SAN MARTIN";"LA BANDA DE SHILCAYO";"GOBIERNO REGIONAL";"II-E";"00006359";"BANDA SHILCAYO";"242500";"HOSPITALIZACIÓN-PEDIATRÍA GENERAL-";"33";"36";"101";"99";"7";"217";"0"
"2023";"03";"021801";"ANCASH";"SANTA";"CHIMBOTE";"ESSALUD";"0";"00009047";"HOSPITAL III CHIMBOTE";"250200";"UNIDAD DE CUIDADOS CRITICOS UNIDAD DE CUIDADOS INTERMEDIOS GENERAL  (UCIN) ";"12";"12";"166";"210";"7";"226";"3"
"2023";"03";"110401";"ICA";"PALPA";"PALPA";"MINSA";"II-1";"00003458";"DE APOYO DE PALPA";"240100";"HOSPITALIZACIÓN QUIRÚRGICA CIRUGÍA GENERAL ";"6";"6";"21";"21";"6";"165";"0"
"2023";"03";"110401";"ICA";"PALPA";"PALPA";"MINSA";"II-1";"00003458";"DE APOYO DE PALPA";"241400";"HOSPITALIZACIÓN QUIRÚRGICA GINECO - OBSTETRICIA ";"8";"10";"21";"20";"9";"259";"0"
"2023";"03";"110401";"ICA";"PALPA";"PALPA";"MINSA";"II-1";"00003458";"DE APOYO DE PALPA";"241800";"HOSPITALIZACIÓN DE MEDICINA MEDICINA GENERAL ";"9";"10";"43";"46";"9";"233";"1"
"2023";"03";"110401";"ICA";"PALPA";"PALPA";"MINSA";"II-1";"00003458";"DE APOYO DE PALPA";"242300";"HOSPITALIZACIÓN DE PEDIATRÍA  PEDIATRÍA  GENERAL ";"4";"4";"4";"4";"6";"182";"0"
"2023";"02";"150143";"LIMA";"LIMA";"VILLA MARIA DEL TRIUNFO";"PRIVADO";"I-2";"00018825";"GUILLERMO KAELIN DE LA FUENTE";"NE_0001";"";"NE_0001";"NE_0001";"NE_0001";"NE_0001";"NE_0001";"NE_0001";"NE_0001"
"2023";"01";"150106";"LIMA";"LIMA";"CARABAYLLO";"ESSALUD";"I-3";"00026009";"CAP III CARABAYLLO";"NE_0001";"";"NE_0001";"NE_0001";"NE_0001";"NE_0001";"NE_0001";"NE_0001";"NE_0001"
"2023";"02";"150143";"LIMA";"LIMA";"VILLA MARIA DEL TRIUNFO";"PRIVADO";"II-2";"00018580";"GUILLERMO KAELIN DE LA FUENTE";"240100";"HOSPITALIZACIÓN QUIRÚRGICA CIRUGÍA GENERAL ";"104";"184";"1205";"997";"37";"1036";"4"
"2023";"02";"150143";"LIMA";"LIMA";"VILLA MARIA DEL TRIUNFO";"PRIVADO";"II-2";"00018580";"GUILLERMO KAELIN DE LA FUENTE";"241500";"HOSPITALIZACIÓN QUIRÚRGICA GINECOLOGÍA  ";"81";"263";"847";"727";"43";"1249";"2"
"2023";"02";"150143";"LIMA";"LIMA";"VILLA MARIA DEL TRIUNFO";"PRIVADO";"II-2";"00018580";"GUILLERMO KAELIN DE LA FUENTE";"241800";"HOSPITALIZACIÓN DE MEDICINA MEDICINA GENERAL ";"175";"179";"1470";"1393";"50";"1400";"19"
"2023";"02";"150143";"LIMA";"LIMA";"VILLA MARIA DEL TRIUNFO";"PRIVADO";"II-2";"00018580";"GUILLERMO KAELIN DE LA FUENTE";"242300";"HOSPITALIZACIÓN DE PEDIATRÍA  PEDIATRÍA  GENERAL ";"68";"78";"311";"288";"30";"980";"0"
"2023";"02";"150143";"LIMA";"LIMA";"VILLA MARIA DEL TRIUNFO";"PRIVADO";"II-2";"00018580";"GUILLERMO KAELIN DE LA FUENTE";"250100";"UNIDAD DE CUIDADOS CRITICOS UNIDAD  DE CUIDADOS INTENSIVOS GENERALES (UCI) ";"21";"9";"108";"235";"14";"395";"4"
"2023";"02";"150143";"LIMA";"LIMA";"VILLA MARIA DEL TRIUNFO";"PRIVADO";"II-2";"00018580";"GUILLERMO KAELIN DE LA FUENTE";"250200";"UNIDAD DE CUIDADOS CRITICOS UNIDAD DE CUIDADOS INTERMEDIOS GENERAL  (UCIN) ";"16";"21";"118";"193";"18";"504";"1"
"2023";"02";"021809";"ANCASH";"SANTA";"NUEVO CHIMBOTE";"GOBIERNO REGIONAL";"I-2";"00001705";"PUESTO DE SALUD 3 DE OCTUBRE";"NE_0001";"";"NE_0001";"NE_0001";"NE_0001";"NE_0001";"NE_0001";"NE_0001";"NE_0001"
"2023";"02";"021802";"ANCASH";"SANTA";"CACERES DEL PERU";"GOBIERNO REGIONAL";"I-1";"00001709";"PUESTO DE SALUD LAMPANIN";"NE_0001";"";"NE_0001";"NE_0001";"NE_0001";"NE_0001";"NE_0001";"NE_0001";"NE_0001"
"2023";"02";"021805";"ANCASH";"SANTA";"MORO";"GOBIERNO REGIONAL";"I-3";"00001716";"CENTRO DE SALUD MORO";"NE_0001";"";"NE_0001";"NE_0001";"NE_0001";"NE_0001";"NE_0001";"NE_0001";"NE_0001"
"2023";"02";"022005";"ANCASH";"YUNGAY";"QUILLO";"GOBIERNO REGIONAL";"I-1";"00001737";"PUESTO DE SALUD PAMPACANCHA";"NE_0001";"";"NE_0001";"NE_0001";"NE_0001";"NE_0001";"NE_0001";"NE_0001";"NE_0001"
"2023";"02";"020104";"ANCASH";"HUARAZ";"HUANCHAY";"GOBIERNO REGIONAL";"I-2";"00001748";"PUESTO DE SALUD HUANCHAY HZ";"NE_0001";"";"NE_0001";"NE_0001";"NE_0001";"NE_0001";"NE_0001";"NE_0001";"NE_0001"
"2023";"02";"021809";"ANCASH";"SANTA";"NUEVO CHIMBOTE";"GOBIERNO REGIONAL";"I-2";"00007266";"PUESTO DE SALUD NICOLAS DE GARATEA";"NE_0001";"";"NE_0001";"NE_0001";"NE_0001";"NE_0001";"NE_0001";"NE_0001";"NE_0001"
"2023";"02";"020801";"ANCASH";"CASMA";"CASMA";"GOBIERNO REGIONAL";"I-2";"00031617";"PUESTO DE SALUD VILLA HERMOSA";"NE_0001";"";"NE_0001";"NE_0001";"NE_0001";"NE_0001";"NE_0001";"NE_0001";"NE_0001"
"2023";"02";"021809";"ANCASH";"SANTA";"NUEVO CHIMBOTE";"GOBIERNO REGIONAL";"I-4";"00001704";"CENTRO DE SALUD YUGOSLAVIA";"NE_0001";"";"NE_0001";"NE_0001";"NE_0001";"NE_0001";"NE_0001";"NE_0001";"NE_0001"
"2023";"02";"021809";"ANCASH";"SANTA";"NUEVO CHIMBOTE";"GOBIERNO REGIONAL";"I-2";"00001706";"PUESTO DE SALUD VILLA MARIA";"NE_0001";"";"NE_0001";"NE_0001";"NE_0001";"NE_0001";"NE_0001";"NE_0001";"NE_0001"
"2023";"02";"021802";"ANCASH";"SANTA";"CACERES DEL PERU";"GOBIERNO REGIONAL";"I-2";"00001708";"PUESTO DE SALUD JIMBE";"NE_0001";"";"NE_0001";"NE_0001";"NE_0001";"NE_0001";"NE_0001";"NE_0001";"NE_0001"
"2023";"02";"021807";"ANCASH";"SANTA";"SAMANCO";"GOBIERNO REGIONAL";"I-2";"00001711";"PUESTO DE SALUD SAMANCO";"NE_0001";"";"NE_0001";"NE_0001";"NE_0001";"NE_0001";"NE_0001";"NE_0001";"NE_0001"
"2023";"02";"021806";"ANCASH";"SANTA";"NEPEÑA";"GOBIERNO REGIONAL";"I-3";"00001714";"CENTRO DE SALUD NEPEÑA";"NE_0001";"";"NE_0001";"NE_0001";"NE_0001";"NE_0001";"NE_0001";"NE_0001";"NE_0001"
"2023";"02";"021805";"ANCASH";"SANTA";"MORO";"GOBIERNO REGIONAL";"I-1";"00001717";"PUESTO DE SALUD POCOS";"NE_0001";"";"NE_0001";"NE_0001";"NE_0001";"NE_0001";"NE_0001";"NE_0001";"NE_0001"
"2023";"02";"020802";"ANCASH";"CASMA";"BUENA VISTA ALTA";"GOBIERNO REGIONAL";"I-2";"00001724";"PUESTO DE SALUD HUANCHUY";"NE_0001";"";"NE_0001";"NE_0001";"NE_0001";"NE_0001";"NE_0001";"NE_0001";"NE_0001"
"2023";"02";"020804";"ANCASH";"CASMA";"YAUTAN";"GOBIERNO REGIONAL";"I-4";"00001728";"CENTRO DE SALUD YAUTAN";"NE_0001";"";"NE_0001";"NE_0001";"NE_0001";"NE_0001";"NE_0001";"NE_0001";"NE_0001"
"2023";"02";"021103";"ANCASH";"HUARMEY";"CULEBRAS";"GOBIERNO REGIONAL";"I-1";"00001745";"PUESTO DE SALUD MOLINO";"NE_0001";"";"NE_0001";"NE_0001";"NE_0001";"NE_0001";"NE_0001";"NE_0001";"NE_0001"
"2023";"02";"021104";"ANCASH";"HUARMEY";"HUAYAN";"GOBIERNO REGIONAL";"I-2";"00001752";"PUESTO DE SALUD HUAYAN";"NE_0001";"";"NE_0001";"NE_0001";"NE_0001";"NE_0001";"NE_0001";"NE_0001";"NE_0001"
"2023";"02";"020102";"ANCASH";"HUARAZ";"COCHABAMBA";"GOBIERNO REGIONAL";"I-1";"00001731";"PUESTO DE SALUD CHIPRE";"NE_0001";"";"NE_0001";"NE_0001";"NE_0001";"NE_0001";"NE_0001";"NE_0001";"NE_0001"
"2023";"02";"020103";"ANCASH";"HUARAZ";"COLCABAMBA";"GOBIERNO REGIONAL";"I-1";"00001733";"COLCABAMBA";"NE_0001";"";"NE_0001";"NE_0001";"NE_0001";"NE_0001";"NE_0001";"NE_0001";"NE_0001"
"2023";"02";"020802";"ANCASH";"CASMA";"BUENA VISTA ALTA";"GOBIERNO REGIONAL";"I-3";"00001723";"CENTRO DE SALUD BUENAVISTA";"NE_0001";"";"NE_0001";"NE_0001";"NE_0001";"NE_0001";"NE_0001";"NE_0001";"NE_0001"
"2023";"02";"020803";"ANCASH";"CASMA";"COMANDANTE NOEL";"GOBIERNO REGIONAL";"I-1";"00001726";"PUESTO DE SALUD COMANDANTE NOEL";"NE_0001";"";"NE_0001";"NE_0001";"NE_0001";"NE_0001";"NE_0001";"NE_0001";"NE_0001"
"2023";"02";"020110";"ANCASH";"HUARAZ";"PARIACOTO";"GOBIERNO REGIONAL";"I-1";"00001735";"PUESTO DE SALUD FORTALEZA";"NE_0001";"";"NE_0001";"NE_0001";"NE_0001";"NE_0001";"NE_0001";"NE_0001";"NE_0001"
"2023";"02";"021105";"ANCASH";"HUARMEY";"MALVAS";"GOBIERNO REGIONAL";"I-1";"00001801";"PUESTO DE SALUD SAN MIGUEL";"NE_0001";"";"NE_0001";"NE_0001";"NE_0001";"NE_0001";"NE_0001";"NE_0001";"NE_0001"
"2023";"02";"021809";"ANCASH";"SANTA";"NUEVO CHIMBOTE";"GOBIERNO REGIONAL";"I-2";"00001707";"PUESTO DE SALUD SATELITE";"NE_0001";"";"NE_0001";"NE_0001";"NE_0001";"NE_0001";"NE_0001";"NE_0001";"NE_0001"
"2023";"02";"020801";"ANCASH";"CASMA";"CASMA";"GOBIERNO REGIONAL";"I-1";"00001721";"PUESTO DE SALUD LA GRAMITA";"NE_0001";"";"NE_0001";"NE_0001";"NE_0001";"NE_0001";"NE_0001";"NE_0001";"NE_0001"
"2023";"02";"021101";"ANCASH";"HUARMEY";"HUARMEY";"GOBIERNO REGIONAL";"I-2";"00001742";"PUESTO DE SALUD PUERTO HUARMEY";"NE_0001";"";"NE_0001";"NE_0001";"NE_0001";"NE_0001";"NE_0001";"NE_0001";"NE_0001"
"2023";"02";"021105";"ANCASH";"HUARMEY";"MALVAS";"GOBIERNO REGIONAL";"I-1";"00001753";"PUESTO DE SALUD MALVAS";"NE_0001";"";"NE_0001";"NE_0001";"NE_0001";"NE_0001";"NE_0001";"NE_0001";"NE_0001"
"2023";"02";"020801";"ANCASH";"CASMA";"CASMA";"GOBIERNO REGIONAL";"I-1";"00001720";"PUESTO DE SALUD SAN RAFAEL";"NE_0001";"";"NE_0001";"NE_0001";"NE_0001";"NE_0001";"NE_0001";"NE_0001";"NE_0001"
"2023";"02";"020801";"ANCASH";"CASMA";"CASMA";"GOBIERNO REGIONAL";"I-1";"00001722";"PUESTO DE SALUD CASA BLANCA";"NE_0001";"";"NE_0001";"NE_0001";"NE_0001";"NE_0001";"NE_0001";"NE_0001";"NE_0001"
"2023";"02";"020102";"ANCASH";"HUARAZ";"COCHABAMBA";"GOBIERNO REGIONAL";"I-1";"00001732";"PUESTO DE SALUD PUMA PUCLLANAN";"NE_0001";"";"NE_0001";"NE_0001";"NE_0001";"NE_0001";"NE_0001";"NE_0001";"NE_0001"
"2023";"02";"020110";"ANCASH";"HUARAZ";"PARIACOTO";"GOBIERNO REGIONAL";"I-1";"00001736";"PUESTO DE SALUD CHACCHAN";"NE_0001";"";"NE_0001";"NE_0001";"NE_0001";"NE_0001";"NE_0001";"NE_0001";"NE_0001"
"2023";"02";"021807";"ANCASH";"SANTA";"SAMANCO";"GOBIERNO REGIONAL";"I-1";"00001712";"PUESTO DE SALUD LOS CHIMUS";"NE_0001";"";"NE_0001";"NE_0001";"NE_0001";"NE_0001";"NE_0001";"NE_0001";"NE_0001"
"2023";"02";"021806";"ANCASH";"SANTA";"NEPEÑA";"GOBIERNO REGIONAL";"I-3";"00001715";"CENTRO DE SALUD SAN JACINTO";"NE_0001";"";"NE_0001";"NE_0001";"NE_0001";"NE_0001";"NE_0001";"NE_0001";"NE_0001"
"2023";"02";"021805";"ANCASH";"SANTA";"MORO";"GOBIERNO REGIONAL";"I-1";"00001718";"PUESTO DE SALUD CAPTUY";"NE_0001";"";"NE_0001";"NE_0001";"NE_0001";"NE_0001";"NE_0001";"NE_0001";"NE_0001"
"2023";"02";"020110";"ANCASH";"HUARAZ";"PARIACOTO";"GOBIERNO REGIONAL";"I-4";"00001734";"CENTRO DE SALUD PARIACOTO";"NE_0001";"";"NE_0001";"NE_0001";"NE_0001";"NE_0001";"NE_0001";"NE_0001";"NE_0001"
"2023";"02";"022005";"ANCASH";"YUNGAY";"QUILLO";"GOBIERNO REGIONAL";"I-4";"00001738";"CENTRO DE SALUD QUILLO";"NE_0001";"";"NE_0001";"NE_0001";"NE_0001";"NE_0001";"NE_0001";"NE_0001";"NE_0001"
"2023";"02";"021103";"ANCASH";"HUARMEY";"CULEBRAS";"GOBIERNO REGIONAL";"I-2";"00001746";"PUESTO DE SALUD QUIAN";"NE_0001";"";"NE_0001";"NE_0001";"NE_0001";"NE_0001";"NE_0001";"NE_0001";"NE_0001"
"2023";"02";"020104";"ANCASH";"HUARAZ";"HUANCHAY";"GOBIERNO REGIONAL";"I-1";"00001747";"PUESTO DE SALUD RAYPA";"NE_0001";"";"NE_0001";"NE_0001";"NE_0001";"NE_0001";"NE_0001";"NE_0001";"NE_0001"
"2023";"02";"021802";"ANCASH";"SANTA";"CACERES DEL PERU";"GOBIERNO REGIONAL";"I-2";"00001710";"PUESTO DE SALUD COLCAP";"NE_0001";"";"NE_0001";"NE_0001";"NE_0001";"NE_0001";"NE_0001";"NE_0001";"NE_0001"
"2023";"02";"021807";"ANCASH";"SANTA";"SAMANCO";"GOBIERNO REGIONAL";"I-1";"00001713";"PUESTO DE SALUD HUAMBACHO";"NE_0001";"";"NE_0001";"NE_0001";"NE_0001";"NE_0001";"NE_0001";"NE_0001";"NE_0001"
"2023";"02";"020802";"ANCASH";"CASMA";"BUENA VISTA ALTA";"GOBIERNO REGIONAL";"I-2";"00001725";"PUESTO DE SALUD EL OLIVAR";"NE_0001";"";"NE_0001";"NE_0001";"NE_0001";"NE_0001";"NE_0001";"NE_0001";"NE_0001"
"2023";"02";"020803";"ANCASH";"CASMA";"COMANDANTE NOEL";"GOBIERNO REGIONAL";"I-1";"00001727";"PUESTO DE SALUD TORTUGAS";"NE_0001";"";"NE_0001";"NE_0001";"NE_0001";"NE_0001";"NE_0001";"NE_0001";"NE_0001"
"2023";"02";"020804";"ANCASH";"CASMA";"YAUTAN";"GOBIERNO REGIONAL";"I-1";"00001729";"PUESTO DE SALUD CACHIPAMPA";"NE_0001";"";"NE_0001";"NE_0001";"NE_0001";"NE_0001";"NE_0001";"NE_0001";"NE_0001"
"2023";"02";"020102";"ANCASH";"HUARAZ";"COCHABAMBA";"GOBIERNO REGIONAL";"I-2";"00001730";"PUESTO DE SALUD COCHABAMBA";"NE_0001";"";"NE_0001";"NE_0001";"NE_0001";"NE_0001";"NE_0001";"NE_0001";"NE_0001"
"2023";"02";"022005";"ANCASH";"YUNGAY";"QUILLO";"GOBIERNO REGIONAL";"I-2";"00001739";"PUESTO DE SALUD HUACHO";"NE_0001";"";"NE_0001";"NE_0001";"NE_0001";"NE_0001";"NE_0001";"NE_0001";"NE_0001"
"2023";"02";"021103";"ANCASH";"HUARMEY";"CULEBRAS";"GOBIERNO REGIONAL";"I-2";"00001743";"PUESTO DE SALUD CULEBRAS";"NE_0001";"";"NE_0001";"NE_0001";"NE_0001";"NE_0001";"NE_0001";"NE_0001";"NE_0001"
"2023";"02";"021101";"ANCASH";"HUARMEY";"HUARMEY";"GOBIERNO REGIONAL";"I-3";"00001744";"CENTRO DE SALUD LA VICTORIA";"NE_0001";"";"NE_0001";"NE_0001";"NE_0001";"NE_0001";"NE_0001";"NE_0001";"NE_0001"
"2023";"02";"021101";"ANCASH";"HUARMEY";"HUARMEY";"GOBIERNO REGIONAL";"I-1";"00001751";"PUESTO DE SALUD HUAMBA";"NE_0001";"";"NE_0001";"NE_0001";"NE_0001";"NE_0001";"NE_0001";"NE_0001";"NE_0001"
"2023";"02";"150140";"LIMA";"LIMA";"SANTIAGO DE SURCO";"PRIVADO";"II-E";"00013064";"CLINICA CEDRON";"240000";"HOSPITALIZACIÓN";"39";"39";"45";"45";"6";"168";"0"
"2023";"02";"150801";"LIMA";"HUAURA";"HUACHO";"GOBIERNO REGIONAL";"II-2";"00007639";"HOSPITAL GENERAL DE HUACHO";"240100";"HOSPITALIZACIÓN QUIRÚRGICA CIRUGÍA GENERAL ";"148";"180";"797";"745";"39";"1092";"1"
"2023";"02";"150801";"LIMA";"HUAURA";"HUACHO";"GOBIERNO REGIONAL";"II-2";"00007639";"HOSPITAL GENERAL DE HUACHO";"241500";"HOSPITALIZACIÓN QUIRÚRGICA GINECOLOGÍA  ";"33";"40";"156";"161";"8";"224";"0"
"2023";"02";"150801";"LIMA";"HUAURA";"HUACHO";"GOBIERNO REGIONAL";"II-2";"00007639";"HOSPITAL GENERAL DE HUACHO";"241600";"HOSPITALIZACIÓN QUIRÚRGICA OBSTETRICIA   ";"262";"278";"639";"578";"30";"840";"0"
"2023";"02";"150801";"LIMA";"HUAURA";"HUACHO";"GOBIERNO REGIONAL";"II-2";"00007639";"HOSPITAL GENERAL DE HUACHO";"241800";"HOSPITALIZACIÓN DE MEDICINA MEDICINA GENERAL ";"67";"86";"624";"819";"33";"924";"6"
"2023";"02";"150801";"LIMA";"HUAURA";"HUACHO";"GOBIERNO REGIONAL";"II-2";"00007639";"HOSPITAL GENERAL DE HUACHO";"242500";"HOSPITALIZACIÓN-PEDIATRÍA GENERAL-";"66";"77";"320";"271";"28";"784";"0"
"2023";"02";"150801";"LIMA";"HUAURA";"HUACHO";"GOBIERNO REGIONAL";"II-2";"00007639";"HOSPITAL GENERAL DE HUACHO";"243200";"HOSPITALIZACIÓN DE PEDIATRÍA PEDIATRIA NEONATOLOGÍA";"32";"35";"148";"122";"11";"308";"0"
"2023";"02";"150801";"LIMA";"HUAURA";"HUACHO";"GOBIERNO REGIONAL";"II-2";"00007639";"HOSPITAL GENERAL DE HUACHO";"250103";"UNIDAD DE CUIDADOS CRITICOS UNIDAD  DE CUIDADOS INTENSIVOS GENERALES  (UCI) MEDICINA";"23";"29";"175";"147";"12";"336";"9"
"2023";"02";"150801";"LIMA";"HUAURA";"HUACHO";"GOBIERNO REGIONAL";"II-2";"00007639";"HOSPITAL GENERAL DE HUACHO";"250105";"UNIDAD DE CUIDADOS CRITICOS UNIDAD  DE CUIDADOS INTENSIVOS  (UCI) NEONATOLOGÍA";"7";"9";"74";"35";"4";"112";"0"
"2023";"02";"220101";"SAN MARTIN";"MOYOBAMBA";"MOYOBAMBA";"GOBIERNO REGIONAL";"II-1";"00006733";"HOSPITAL II-1 MOYOBAMBA - DR. SEGUNDO RODOLFO PÉREZ NIETO";"240100";"HOSPITALIZACIÓN QUIRÚRGICA CIRUGÍA GENERAL ";"86";"104";"357";"657";"13";"364";"0"
"2023";"02";"220101";"SAN MARTIN";"MOYOBAMBA";"MOYOBAMBA";"GOBIERNO REGIONAL";"II-1";"00006733";"HOSPITAL II-1 MOYOBAMBA - DR. SEGUNDO RODOLFO PÉREZ NIETO";"240600";"HOSPITALIZACIÓN QUIRÚRGICA CIRUGÍA OFTALMOLÓGICA ";"12";"12";"12";"12";"1";"28";"0"
"2023";"02";"220101";"SAN MARTIN";"MOYOBAMBA";"MOYOBAMBA";"GOBIERNO REGIONAL";"II-1";"00006733";"HOSPITAL II-1 MOYOBAMBA - DR. SEGUNDO RODOLFO PÉREZ NIETO";"240700";"HOSPITALIZACIÓN QUIRÚRGICA CIRUGÍA PEDIÁTRICA ";"9";"9";"15";"15";"1";"28";"0"
"2023";"02";"220101";"SAN MARTIN";"MOYOBAMBA";"MOYOBAMBA";"GOBIERNO REGIONAL";"II-1";"00006733";"HOSPITAL II-1 MOYOBAMBA - DR. SEGUNDO RODOLFO PÉREZ NIETO";"240900";"HOSPITALIZACIÓN QUIRÚRGICA NEUROCIRUGÍA ";"4";"4";"21";"21";"1";"28";"0"
"2023";"02";"220101";"SAN MARTIN";"MOYOBAMBA";"MOYOBAMBA";"GOBIERNO REGIONAL";"II-1";"00006733";"HOSPITAL II-1 MOYOBAMBA - DR. SEGUNDO RODOLFO PÉREZ NIETO";"241100";"HOSPITALIZACIÓN QUIRÚRGICA OTORRINOLARINGOLOGÍA  ";"4";"4";"6";"6";"1";"28";"0"
"2023";"02";"220101";"SAN MARTIN";"MOYOBAMBA";"MOYOBAMBA";"GOBIERNO REGIONAL";"II-1";"00006733";"HOSPITAL II-1 MOYOBAMBA - DR. SEGUNDO RODOLFO PÉREZ NIETO";"241200";"HOSPITALIZACIÓN QUIRÚRGICA TRAUMATOLOGÍA Y ORTOPEDIA ";"23";"24";"98";"98";"4";"112";"0"
"2023";"02";"220101";"SAN MARTIN";"MOYOBAMBA";"MOYOBAMBA";"GOBIERNO REGIONAL";"II-1";"00006733";"HOSPITAL II-1 MOYOBAMBA - DR. SEGUNDO RODOLFO PÉREZ NIETO";"241300";"HOSPITALIZACIÓN QUIRÚRGICA UROLOGÍA  ";"6";"6";"19";"19";"1";"28";"0"
"2023";"02";"220101";"SAN MARTIN";"MOYOBAMBA";"MOYOBAMBA";"GOBIERNO REGIONAL";"II-1";"00006733";"HOSPITAL II-1 MOYOBAMBA - DR. SEGUNDO RODOLFO PÉREZ NIETO";"241500";"HOSPITALIZACIÓN QUIRÚRGICA GINECOLOGÍA  ";"57";"59";"162";"162";"8";"224";"0"
"2023";"02";"220101";"SAN MARTIN";"MOYOBAMBA";"MOYOBAMBA";"GOBIERNO REGIONAL";"II-1";"00006733";"HOSPITAL II-1 MOYOBAMBA - DR. SEGUNDO RODOLFO PÉREZ NIETO";"241600";"HOSPITALIZACIÓN QUIRÚRGICA OBSTETRICIA   ";"141";"149";"378";"378";"19";"532";"0"
"2023";"02";"220101";"SAN MARTIN";"MOYOBAMBA";"MOYOBAMBA";"GOBIERNO REGIONAL";"II-1";"00006733";"HOSPITAL II-1 MOYOBAMBA - DR. SEGUNDO RODOLFO PÉREZ NIETO";"241700";"HOSPITALIZACIÓN QUIRÚRGICA GINECOLOGÍA   GINECOLOGIA ONCOLOGiCA";"7";"7";"17";"17";"1";"28";"0"
"2023";"02";"220101";"SAN MARTIN";"MOYOBAMBA";"MOYOBAMBA";"GOBIERNO REGIONAL";"II-1";"00006733";"HOSPITAL II-1 MOYOBAMBA - DR. SEGUNDO RODOLFO PÉREZ NIETO";"241900";"HOSPITALIZACIÓN DE MEDICINA MEDICINA INTERNA ";"57";"66";"336";"336";"16";"448";"7"
"2023";"02";"220101";"SAN MARTIN";"MOYOBAMBA";"MOYOBAMBA";"GOBIERNO REGIONAL";"II-1";"00006733";"HOSPITAL II-1 MOYOBAMBA - DR. SEGUNDO RODOLFO PÉREZ NIETO";"242500";"HOSPITALIZACIÓN-PEDIATRÍA GENERAL-";"37";"45";"207";"207";"10";"280";"0"
"2023";"02";"220101";"SAN MARTIN";"MOYOBAMBA";"MOYOBAMBA";"GOBIERNO REGIONAL";"II-1";"00006733";"HOSPITAL II-1 MOYOBAMBA - DR. SEGUNDO RODOLFO PÉREZ NIETO";"243200";"HOSPITALIZACIÓN DE PEDIATRÍA PEDIATRIA NEONATOLOGÍA";"86";"88";"268";"268";"10";"280";"0"
"2023";"02";"220101";"SAN MARTIN";"MOYOBAMBA";"MOYOBAMBA";"GOBIERNO REGIONAL";"II-1";"00006733";"HOSPITAL II-1 MOYOBAMBA - DR. SEGUNDO RODOLFO PÉREZ NIETO";"250102";"UNIDAD DE CUIDADOS CRITICOS UNIDAD  DE CUIDADOS INTENSIVOS GENERALES (UCI) GINECO-OBSTETRICIA";"2";"2";"21";"21";"2";"56";"0"
"2023";"02";"220101";"SAN MARTIN";"MOYOBAMBA";"MOYOBAMBA";"GOBIERNO REGIONAL";"II-1";"00006733";"HOSPITAL II-1 MOYOBAMBA - DR. SEGUNDO RODOLFO PÉREZ NIETO";"250103";"UNIDAD DE CUIDADOS CRITICOS UNIDAD  DE CUIDADOS INTENSIVOS GENERALES  (UCI) MEDICINA";"6";"6";"39";"39";"5";"140";"2"
"2023";"02";"220101";"SAN MARTIN";"MOYOBAMBA";"MOYOBAMBA";"GOBIERNO REGIONAL";"II-1";"00006733";"HOSPITAL II-1 MOYOBAMBA - DR. SEGUNDO RODOLFO PÉREZ NIETO";"250105";"UNIDAD DE CUIDADOS CRITICOS UNIDAD  DE CUIDADOS INTENSIVOS  (UCI) NEONATOLOGÍA";"9";"15";"134";"134";"5";"140";"2"
"2023";"02";"220101";"SAN MARTIN";"MOYOBAMBA";"MOYOBAMBA";"GOBIERNO REGIONAL";"II-1";"00006733";"HOSPITAL II-1 MOYOBAMBA - DR. SEGUNDO RODOLFO PÉREZ NIETO";"250108";"UNIDAD DE CUIDADOS CRITICOS UNIDAD  DE CUIDADOS INTENSIVOS  (UCI) PEDIÁTRICA";"3";"3";"5";"5";"1";"28";"1"
"2023";"02";"070102";"CALLAO";"CALLAO";"BELLAVISTA";"SANIDAD DE LA MARINA DE GUERRA DEL PERU";"III-1";"00008266";"HOSPITAL NAVAL";"241300";"HOSPITALIZACIÓN QUIRÚRGICA UROLOGÍA  ";"50";"47";"482";"458";"21";"588";"0"
"2023";"02";"070102";"CALLAO";"CALLAO";"BELLAVISTA";"SANIDAD DE LA MARINA DE GUERRA DEL PERU";"III-1";"00008266";"HOSPITAL NAVAL";"242200";"HOSPITALIZACIÓN DE MEDICINA PSIQUIATRÍA ";"8";"9";"303";"225";"28";"784";"0"
"2023";"02";"070102";"CALLAO";"CALLAO";"BELLAVISTA";"SANIDAD DE LA MARINA DE GUERRA DEL PERU";"III-1";"00008266";"HOSPITAL NAVAL";"242000";"HOSPITALIZACIÓN DE MEDICINA MEDICINA TROPICAL E INFECCIOSAS ";"19";"25";"283";"293";"19";"532";"0"
"2023";"01";"130704";"LA LIBERTAD";"PACASMAYO";"PACASMAYO";"ESSALUD";"I-4";"00008514";"HOSPITAL I PACASMAYO";"241900";"HOSPITALIZACIÓN DE MEDICINA MEDICINA INTERNA ";"48";"44";"200";"242";"12";"372";"1"
"2023";"01";"100102";"HUANUCO";"HUANUCO";"AMARILIS";"ESSALUD";"II-2";"00010571";"HOSPITAL II HUANUCO";"241800";"HOSPITALIZACIÓN DE MEDICINA MEDICINA GENERAL ";"86";"82";"892";"579";"21";"651";"9"
"2023";"01";"100102";"HUANUCO";"HUANUCO";"AMARILIS";"ESSALUD";"II-2";"00010571";"HOSPITAL II HUANUCO";"241300";"HOSPITALIZACIÓN QUIRÚRGICA UROLOGÍA  ";"21";"16";"57";"89";"3";"93";"0"
"2023";"01";"100102";"HUANUCO";"HUANUCO";"AMARILIS";"ESSALUD";"II-2";"00010571";"HOSPITAL II HUANUCO";"240100";"HOSPITALIZACIÓN QUIRÚRGICA CIRUGÍA GENERAL ";"83";"79";"379";"285";"10";"310";"0"
"2023";"01";"100102";"HUANUCO";"HUANUCO";"AMARILIS";"ESSALUD";"II-2";"00010571";"HOSPITAL II HUANUCO";"241200";"HOSPITALIZACIÓN QUIRÚRGICA TRAUMATOLOGÍA Y ORTOPEDIA ";"23";"20";"270";"342";"12";"372";"0"
"2023";"01";"100102";"HUANUCO";"HUANUCO";"AMARILIS";"ESSALUD";"II-2";"00010571";"HOSPITAL II HUANUCO";"241100";"HOSPITALIZACIÓN QUIRÚRGICA OTORRINOLARINGOLOGÍA  ";"2";"1";"2";"3";"2";"62";"0"
"2023";"01";"100102";"HUANUCO";"HUANUCO";"AMARILIS";"ESSALUD";"II-2";"00010571";"HOSPITAL II HUANUCO";"241500";"HOSPITALIZACIÓN QUIRÚRGICA GINECOLOGÍA  ";"14";"11";"47";"59";"4";"124";"0"
"2023";"01";"100102";"HUANUCO";"HUANUCO";"AMARILIS";"ESSALUD";"II-2";"00010571";"HOSPITAL II HUANUCO";"241600";"HOSPITALIZACIÓN QUIRÚRGICA OBSTETRICIA   ";"120";"164";"367";"402";"18";"558";"0"
"2023";"01";"100102";"HUANUCO";"HUANUCO";"AMARILIS";"ESSALUD";"II-2";"00010571";"HOSPITAL II HUANUCO";"242300";"HOSPITALIZACIÓN DE PEDIATRÍA  PEDIATRÍA  GENERAL ";"23";"25";"115";"105";"9";"279";"0"
"2023";"01";"100102";"HUANUCO";"HUANUCO";"AMARILIS";"ESSALUD";"II-2";"00010571";"HOSPITAL II HUANUCO";"243200";"HOSPITALIZACIÓN DE PEDIATRÍA PEDIATRIA NEONATOLOGÍA";"129";"111";"319";"189";"10";"310";"0"
"2023";"01";"100102";"HUANUCO";"HUANUCO";"AMARILIS";"ESSALUD";"II-2";"00010571";"HOSPITAL II HUANUCO";"250100";"UNIDAD DE CUIDADOS CRITICOS UNIDAD  DE CUIDADOS INTENSIVOS GENERALES (UCI) ";"26";"13";"118";"200";"14";"434";"1"
"2023";"01";"100102";"HUANUCO";"HUANUCO";"AMARILIS";"ESSALUD";"II-2";"00010571";"HOSPITAL II HUANUCO";"250200";"UNIDAD DE CUIDADOS CRITICOS UNIDAD DE CUIDADOS INTERMEDIOS GENERAL  (UCIN) ";"7";"2";"41";"114";"4";"124";"10"
"2023";"01";"100102";"HUANUCO";"HUANUCO";"AMARILIS";"ESSALUD";"II-2";"00010571";"HOSPITAL II HUANUCO";"250201";"UNIDAD DE CUIDADOS CRITICOS UNIDAD DE CUIDADOS INTERMEDIOS  (UCIN) NEONATAL";"8";"6";"0";"89";"6";"186";"0"
"2023";"02";"081106";"CUSCO";"PAUCARTAMBO";"KOSÑIPATA";"GOBIERNO REGIONAL";"I-2";"00002522";"PATRIA";"NE_0002";"";"NE_0002";"NE_0002";"NE_0002";"NE_0002";"NE_0002";"NE_0002";"NE_0002"
"2023";"02";"081106";"CUSCO";"PAUCARTAMBO";"KOSÑIPATA";"GOBIERNO REGIONAL";"I-3";"00002521";"PILCOPATA";"NE_0002";"";"NE_0002";"NE_0002";"NE_0002";"NE_0002";"NE_0002";"NE_0002";"NE_0002"
"2023";"02";"081105";"CUSCO";"PAUCARTAMBO";"HUANCARANI";"GOBIERNO REGIONAL";"I-4";"00002520";"HUANCARANI";"NE_0002";"";"NE_0002";"NE_0002";"NE_0002";"NE_0002";"NE_0002";"NE_0002";"NE_0002"
"2023";"02";"081101";"CUSCO";"PAUCARTAMBO";"PAUCARTAMBO";"GOBIERNO REGIONAL";"I-2";"00002511";"MOLLOMARCA";"NE_0002";"";"NE_0002";"NE_0002";"NE_0002";"NE_0002";"NE_0002";"NE_0002";"NE_0002"
"2023";"02";"081103";"CUSCO";"PAUCARTAMBO";"CHALLABAMBA";"GOBIERNO REGIONAL";"I-3";"00002514";"CHALLABAMBA";"NE_0002";"";"NE_0002";"NE_0002";"NE_0002";"NE_0002";"NE_0002";"NE_0002";"NE_0002"
"2023";"02";"081104";"CUSCO";"PAUCARTAMBO";"COLQUEPATA";"GOBIERNO REGIONAL";"I-2";"00002516";"COLQUEPATA";"NE_0002";"";"NE_0002";"NE_0002";"NE_0002";"NE_0002";"NE_0002";"NE_0002";"NE_0002"
"2023";"02";"081104";"CUSCO";"PAUCARTAMBO";"COLQUEPATA";"GOBIERNO REGIONAL";"I-1";"00002519";"AYRE";"NE_0002";"";"NE_0002";"NE_0002";"NE_0002";"NE_0002";"NE_0002";"NE_0002";"NE_0002"
"2023";"02";"081102";"CUSCO";"PAUCARTAMBO";"CAICAY";"GOBIERNO REGIONAL";"I-1";"00002513";"HUASAC";"NE_0002";"";"NE_0002";"NE_0002";"NE_0002";"NE_0002";"NE_0002";"NE_0002";"NE_0002"
"2023";"02";"150501";"LIMA";"CAÑETE";"SAN VICENTE DE CAÑETE";"PRIVADO";"II-1";"00026070";"CLINICA CORAZON DE JESUS";"240100";"HOSPITALIZACIÓN QUIRÚRGICA CIRUGÍA GENERAL ";"37";"36";"83";"82";"8";"248";"0"
"2023";"02";"150501";"LIMA";"CAÑETE";"SAN VICENTE DE CAÑETE";"PRIVADO";"II-1";"00026070";"CLINICA CORAZON DE JESUS";"241400";"HOSPITALIZACIÓN QUIRÚRGICA GINECO - OBSTETRICIA ";"13";"10";"25";"34";"3";"93";"0"
"2023";"02";"180101";"MOQUEGUA";"MARISCAL NIETO";"MOQUEGUA";"ESSALUD";"II-1";"00016157";"HOSPITAL II MOQUEGUA";"241800";"HOSPITALIZACIÓN DE MEDICINA MEDICINA GENERAL ";"25";"23";"333";"203";"8";"224";"3"
"2023";"02";"180101";"MOQUEGUA";"MARISCAL NIETO";"MOQUEGUA";"ESSALUD";"II-1";"00016157";"HOSPITAL II MOQUEGUA";"240100";"HOSPITALIZACIÓN QUIRÚRGICA CIRUGÍA GENERAL ";"63";"69";"659";"388";"14";"392";"0"
"2023";"02";"180101";"MOQUEGUA";"MARISCAL NIETO";"MOQUEGUA";"ESSALUD";"II-1";"00016157";"HOSPITAL II MOQUEGUA";"241500";"HOSPITALIZACIÓN QUIRÚRGICA GINECOLOGÍA  ";"9";"9";"33";"32";"2";"56";"0"
"2023";"02";"180101";"MOQUEGUA";"MARISCAL NIETO";"MOQUEGUA";"ESSALUD";"II-1";"00016157";"HOSPITAL II MOQUEGUA";"241600";"HOSPITALIZACIÓN QUIRÚRGICA OBSTETRICIA   ";"55";"53";"113";"117";"6";"168";"0"
"2023";"02";"180101";"MOQUEGUA";"MARISCAL NIETO";"MOQUEGUA";"ESSALUD";"II-1";"00016157";"HOSPITAL II MOQUEGUA";"242300";"HOSPITALIZACIÓN DE PEDIATRÍA  PEDIATRÍA  GENERAL ";"51";"48";"108";"113";"5";"140";"0"
"2023";"02";"180101";"MOQUEGUA";"MARISCAL NIETO";"MOQUEGUA";"ESSALUD";"II-1";"00016157";"HOSPITAL II MOQUEGUA";"250200";"UNIDAD DE CUIDADOS CRITICOS UNIDAD DE CUIDADOS INTERMEDIOS GENERAL  (UCIN) ";"4";"2";"28";"96";"6";"168";"1"
"2023";"02";"080801";"CUSCO";"ESPINAR";"ESPINAR";"GOBIERNO REGIONAL";"II-1";"00007135";"ESPINAR";"240100";"HOSPITALIZACIÓN QUIRÚRGICA CIRUGÍA GENERAL ";"35";"32";"109";"109";"8";"224";"0"
"2023";"02";"080801";"CUSCO";"ESPINAR";"ESPINAR";"GOBIERNO REGIONAL";"II-1";"00007135";"ESPINAR";"241600";"HOSPITALIZACIÓN QUIRÚRGICA OBSTETRICIA   ";"53";"53";"125";"117";"13";"364";"0"
"2023";"02";"080801";"CUSCO";"ESPINAR";"ESPINAR";"GOBIERNO REGIONAL";"II-1";"00007135";"ESPINAR";"241800";"HOSPITALIZACIÓN DE MEDICINA MEDICINA GENERAL ";"18";"17";"106";"103";"8";"224";"2"
"2023";"02";"080801";"CUSCO";"ESPINAR";"ESPINAR";"GOBIERNO REGIONAL";"II-1";"00007135";"ESPINAR";"242500";"HOSPITALIZACIÓN-PEDIATRÍA GENERAL-";"7";"8";"26";"25";"5";"140";"0"
"2023";"02";"080801";"CUSCO";"ESPINAR";"ESPINAR";"GOBIERNO REGIONAL";"II-1";"00007135";"ESPINAR";"243200";"HOSPITALIZACIÓN DE PEDIATRÍA PEDIATRIA NEONATOLOGÍA";"6";"7";"26";"25";"1";"28";"0"
"2023";"02";"080801";"CUSCO";"ESPINAR";"ESPINAR";"GOBIERNO REGIONAL";"II-1";"00007135";"ESPINAR";"241500";"HOSPITALIZACIÓN QUIRÚRGICA GINECOLOGÍA  ";"30";"28";"70";"69";"7";"196";"0"
"2023";"02";"130111";"LA LIBERTAD";"TRUJILLO";"VICTOR LARCO HERRERA";"PRIVADO";"II-1";"00010581";"SANNA/SANCHEZ FERRER S.A.";"241900";"HOSPITALIZACIÓN DE MEDICINA MEDICINA INTERNA ";"25";"26";"196";"170";"7";"196";"4"
"2023";"02";"130111";"LA LIBERTAD";"TRUJILLO";"VICTOR LARCO HERRERA";"PRIVADO";"II-1";"00010581";"SANNA/SANCHEZ FERRER S.A.";"241400";"HOSPITALIZACIÓN QUIRÚRGICA GINECO - OBSTETRICIA ";"67";"67";"185";"118";"7";"185";"0"
"2023";"02";"130111";"LA LIBERTAD";"TRUJILLO";"VICTOR LARCO HERRERA";"PRIVADO";"II-1";"00010581";"SANNA/SANCHEZ FERRER S.A.";"242300";"HOSPITALIZACIÓN DE PEDIATRÍA  PEDIATRÍA  GENERAL ";"11";"13";"38";"25";"2";"38";"0"
"2023";"02";"130111";"LA LIBERTAD";"TRUJILLO";"VICTOR LARCO HERRERA";"PRIVADO";"II-1";"00010581";"SANNA/SANCHEZ FERRER S.A.";"240100";"HOSPITALIZACIÓN QUIRÚRGICA CIRUGÍA GENERAL ";"73";"77";"157";"80";"6";"157";"0"
"2023";"02";"130111";"LA LIBERTAD";"TRUJILLO";"VICTOR LARCO HERRERA";"PRIVADO";"II-1";"00010581";"SANNA/SANCHEZ FERRER S.A.";"241200";"HOSPITALIZACIÓN QUIRÚRGICA TRAUMATOLOGÍA Y ORTOPEDIA ";"39";"38";"117";"79";"5";"117";"0"
"2023";"02";"130111";"LA LIBERTAD";"TRUJILLO";"VICTOR LARCO HERRERA";"PRIVADO";"II-1";"00010581";"SANNA/SANCHEZ FERRER S.A.";"240900";"HOSPITALIZACIÓN QUIRÚRGICA NEUROCIRUGÍA ";"8";"11";"35";"24";"2";"35";"0"
"2023";"02";"130111";"LA LIBERTAD";"TRUJILLO";"VICTOR LARCO HERRERA";"PRIVADO";"II-1";"00010581";"SANNA/SANCHEZ FERRER S.A.";"244300";"HOSPITALIZACIÓN DE MEDICINA GASTROENTEROLOGÍA  ";"5";"6";"27";"21";"1";"27";"0"
"2023";"02";"130111";"LA LIBERTAD";"TRUJILLO";"VICTOR LARCO HERRERA";"PRIVADO";"II-1";"00010581";"SANNA/SANCHEZ FERRER S.A.";"241300";"HOSPITALIZACIÓN QUIRÚRGICA UROLOGÍA  ";"17";"16";"47";"31";"2";"47";"0"
"2023";"02";"130111";"LA LIBERTAD";"TRUJILLO";"VICTOR LARCO HERRERA";"PRIVADO";"II-1";"00010581";"SANNA/SANCHEZ FERRER S.A.";"240200";"HOSPITALIZACIÓN QUIRÚRGICA CIRUGÍA DE CABEZA Y CUELLO / MÁXILO FACIAL ";"5";"4";"11";"7";"1";"11";"0"
"2023";"02";"130111";"LA LIBERTAD";"TRUJILLO";"VICTOR LARCO HERRERA";"PRIVADO";"II-1";"00010581";"SANNA/SANCHEZ FERRER S.A.";"240400";"HOSPITALIZACIÓN QUIRÚRGICA CIRUGÍA DE TÓRAX Y CARDIOVASCULAR ";"4";"3";"8";"5";"1";"8";"2"
"2023";"02";"130111";"LA LIBERTAD";"TRUJILLO";"VICTOR LARCO HERRERA";"PRIVADO";"II-1";"00010581";"SANNA/SANCHEZ FERRER S.A.";"242100";"HOSPITALIZACIÓN DE MEDICINA ONCOLOGÍA MÉDICA ";"4";"4";"16";"12";"1";"16";"3"
"2023";"02";"130111";"LA LIBERTAD";"TRUJILLO";"VICTOR LARCO HERRERA";"PRIVADO";"II-1";"00010581";"SANNA/SANCHEZ FERRER S.A.";"241100";"HOSPITALIZACIÓN QUIRÚRGICA OTORRINOLARINGOLOGÍA  ";"4";"4";"8";"4";"1";"8";"4"
"2023";"02";"130111";"LA LIBERTAD";"TRUJILLO";"VICTOR LARCO HERRERA";"PRIVADO";"II-1";"00010581";"SANNA/SANCHEZ FERRER S.A.";"244700";"HOSPITALIZACIÓN DE MEDICINA NEUROLOGIA  ";"4";"6";"21";"15";"1";"21";"6"
"2023";"02";"081204";"CUSCO";"QUISPICANCHI";"CCARHUAYO";"GOBIERNO REGIONAL";"I-2";"00002527";"CCARHUAYO";"NE_0002";"";"NE_0002";"NE_0002";"NE_0002";"NE_0002";"NE_0002";"NE_0002";"NE_0002"
"2023";"02";"081205";"CUSCO";"QUISPICANCHI";"CCATCA";"GOBIERNO REGIONAL";"I-2";"00002529";"KCAURY";"NE_0002";"";"NE_0002";"NE_0002";"NE_0002";"NE_0002";"NE_0002";"NE_0002";"NE_0002"
"2023";"02";"081210";"CUSCO";"QUISPICANCHI";"OCONGATE";"GOBIERNO REGIONAL";"I-2";"00006977";"TINKI";"NE_0002";"";"NE_0002";"NE_0002";"NE_0002";"NE_0002";"NE_0002";"NE_0002";"NE_0002"
"2023";"02";"081209";"CUSCO";"QUISPICANCHI";"MARCAPATA";"GOBIERNO REGIONAL";"I-1";"00007110";"INCACANCHA";"NE_0002";"";"NE_0002";"NE_0002";"NE_0002";"NE_0002";"NE_0002";"NE_0002";"NE_0002"
"2023";"02";"100102";"HUANUCO";"HUANUCO";"AMARILIS";"PRIVADO";"II-E";"00027693";"CENTRO MEDICO ESPECIALIZADO PRIMAVERA";"NE_0001";"";"NE_0001";"NE_0001";"NE_0001";"NE_0001";"NE_0001";"NE_0001";"NE_0001"
"2023";"02";"150113";"LIMA";"LIMA";"JESUS MARIA";"PRIVADO";"II-1";"00010776";"TRAUMATOLOGIA Y ORTOPEDIA AYBAR & AS SAC";"240000";"HOSPITALIZACIÓN";"7";"6";"7";"9";"6";"168";"0"
"2023";"02";"220305";"SAN MARTIN";"EL DORADO";"SHATOJA";"GOBIERNO REGIONAL";"I-1";"00006493";"SHATOJA";"NE_0001";"";"NE_0001";"NE_0001";"NE_0001";"NE_0001";"NE_0001";"NE_0001";"NE_0001"
"2023";"01";"130801";"LA LIBERTAD";"PATAZ";"TAYABAMBA";"GOBIERNO REGIONAL";"II-1";"00005375";"HOSPITAL PROVINCIAL DE TAYABAMBA";"241800";"HOSPITALIZACIÓN DE MEDICINA MEDICINA GENERAL ";"11";"14";"36";"39";"11";"308";"0"
"2023";"01";"130801";"LA LIBERTAD";"PATAZ";"TAYABAMBA";"GOBIERNO REGIONAL";"II-1";"00005375";"HOSPITAL PROVINCIAL DE TAYABAMBA";"241600";"HOSPITALIZACIÓN QUIRÚRGICA OBSTETRICIA   ";"25";"25";"42";"42";"5";"140";"0"
"2023";"02";"101002";"HUANUCO";"LAURICOCHA";"BAÑOS";"ESSALUD";"I-2";"00027081";"POSTA MÉDICA BAÑOS";"NE_0001";"";"NE_0001";"NE_0001";"NE_0001";"NE_0001";"NE_0001";"NE_0001";"NE_0001"
"2023";"02";"130301";"LA LIBERTAD";"BOLIVAR";"BOLIVAR";"ESSALUD";"I-2";"00021969";"POSTA DE SALUD BOLIVAR";"NE_0001";"";"NE_0001";"NE_0001";"NE_0001";"NE_0001";"NE_0001";"NE_0001";"NE_0001"
"2023";"02";"100201";"HUANUCO";"AMBO";"AMBO";"ESSALUD";"I-3";"00009957";"CENTRO MEDICO LEONCIO PRADO - AMBO";"NE_0001";"";"NE_0001";"NE_0001";"NE_0001";"NE_0001";"NE_0001";"NE_0001";"NE_0001"
"2023";"02";"040101";"AREQUIPA";"AREQUIPA";"AREQUIPA";"PRIVADO";"II-E";"00017588";"MELO CLINICA DE FERTILIDAD, GINECOLOGIA Y OBSTETRICIA";"241400";"HOSPITALIZACIÓN QUIRÚRGICA GINECO - OBSTETRICIA ";"21";"21";"21";"21";"4";"120";"0"
"2023";"03";"130111";"LA LIBERTAD";"TRUJILLO";"VICTOR LARCO HERRERA";"PRIVADO";"II-1";"00010581";"SANNA/SANCHEZ FERRER S.A.";"241900";"HOSPITALIZACIÓN DE MEDICINA MEDICINA INTERNA ";"62";"68";"411";"504";"14";"572";"1"
"2023";"03";"130111";"LA LIBERTAD";"TRUJILLO";"VICTOR LARCO HERRERA";"PRIVADO";"II-1";"00010581";"SANNA/SANCHEZ FERRER S.A.";"241400";"HOSPITALIZACIÓN QUIRÚRGICA GINECO - OBSTETRICIA ";"65";"61";"154";"98";"5";"159";"0"
"2023";"03";"130111";"LA LIBERTAD";"TRUJILLO";"VICTOR LARCO HERRERA";"PRIVADO";"II-1";"00010581";"SANNA/SANCHEZ FERRER S.A.";"242300";"HOSPITALIZACIÓN DE PEDIATRÍA  PEDIATRÍA  GENERAL ";"22";"19";"87";"68";"3";"87";"0"
"2023";"03";"130111";"LA LIBERTAD";"TRUJILLO";"VICTOR LARCO HERRERA";"PRIVADO";"II-1";"00010581";"SANNA/SANCHEZ FERRER S.A.";"240100";"HOSPITALIZACIÓN QUIRÚRGICA CIRUGÍA GENERAL ";"80";"81";"196";"118";"7";"199";"0"
"2023";"03";"130111";"LA LIBERTAD";"TRUJILLO";"VICTOR LARCO HERRERA";"PRIVADO";"II-1";"00010581";"SANNA/SANCHEZ FERRER S.A.";"241200";"HOSPITALIZACIÓN QUIRÚRGICA TRAUMATOLOGÍA Y ORTOPEDIA ";"41";"40";"119";"88";"4";"128";"0"
"2023";"03";"130111";"LA LIBERTAD";"TRUJILLO";"VICTOR LARCO HERRERA";"PRIVADO";"II-1";"00010581";"SANNA/SANCHEZ FERRER S.A.";"244300";"HOSPITALIZACIÓN DE MEDICINA GASTROENTEROLOGÍA  ";"9";"6";"41";"35";"2";"41";"0"
"2023";"03";"130111";"LA LIBERTAD";"TRUJILLO";"VICTOR LARCO HERRERA";"PRIVADO";"II-1";"00010581";"SANNA/SANCHEZ FERRER S.A.";"241300";"HOSPITALIZACIÓN QUIRÚRGICA UROLOGÍA  ";"18";"20";"49";"32";"2";"52";"0"
"2023";"03";"220105";"SAN MARTIN";"MOYOBAMBA";"SORITOR";"GOBIERNO REGIONAL";"I-2";"00006336";"SAN MARCOS";"NE_0001";"";"NE_0001";"NE_0001";"NE_0001";"NE_0001";"NE_0001";"NE_0001";"NE_0001"
"2023";"03";"220105";"SAN MARTIN";"MOYOBAMBA";"SORITOR";"GOBIERNO REGIONAL";"I-4";"00006332";"SORITOR";"241600";"HOSPITALIZACIÓN QUIRÚRGICA OBSTETRICIA   ";"24";"28";"47";"24";"6";"180";"0"
"2023";"03";"220105";"SAN MARTIN";"MOYOBAMBA";"SORITOR";"GOBIERNO REGIONAL";"I-1";"00006334";"ALTO SAN MARTIN";"NE_0001";"";"NE_0001";"NE_0001";"NE_0001";"NE_0001";"NE_0001";"NE_0001";"NE_0001"
"2023";"03";"220105";"SAN MARTIN";"MOYOBAMBA";"SORITOR";"GOBIERNO REGIONAL";"I-4";"00006332";"SORITOR";"241800";"HOSPITALIZACIÓN DE MEDICINA MEDICINA GENERAL ";"28";"34";"78";"28";"6";"180";"0"
"2023";"03";"220103";"SAN MARTIN";"MOYOBAMBA";"HABANA";"GOBIERNO REGIONAL";"I-3";"00006327";"CENTRO DE SALUD HABANA";"NE_0001";"";"NE_0001";"NE_0001";"NE_0001";"NE_0001";"NE_0001";"NE_0001";"NE_0001"
"2023";"03";"021809";"ANCASH";"SANTA";"NUEVO CHIMBOTE";"PRIVADO";"II-1";"00016536";"CLINICA BAHIA S.A.C.";"240000";"HOSPITALIZACIÓN";"4";"4";"5";"5";"8";"248";"0"
"2023";"03";"040110";"AREQUIPA";"AREQUIPA";"MIRAFLORES";"GOBIERNO REGIONAL";"I-3";"00032056";"CENTRO DE SALUD MENTAL COMUNITARIO MIRAFLORES";"NE_0001";"";"NE_0001";"NE_0001";"NE_0001";"NE_0001";"NE_0001";"NE_0001";"NE_0001"
"2023";"03";"040110";"AREQUIPA";"AREQUIPA";"MIRAFLORES";"GOBIERNO REGIONAL";"I-3";"00001293";"CENTRO DE SALUD MIRAFLORES";"NE_0001";"";"NE_0001";"NE_0001";"NE_0001";"NE_0001";"NE_0001";"NE_0001";"NE_0001"
"2023";"03";"040110";"AREQUIPA";"AREQUIPA";"MIRAFLORES";"GOBIERNO REGIONAL";"I-3";"00001307";"CENTRO DE SALUD MATEO PUMACAHUA";"NE_0001";"";"NE_0001";"NE_0001";"NE_0001";"NE_0001";"NE_0001";"NE_0001";"NE_0001"
"2023";"03";"040110";"AREQUIPA";"AREQUIPA";"MIRAFLORES";"GOBIERNO REGIONAL";"I-3";"00001306";"CENTRO DE SALUD PORVENIR-MIRAFLORES";"NE_0001";"";"NE_0001";"NE_0001";"NE_0001";"NE_0001";"NE_0001";"NE_0001";"NE_0001"
"2023";"03";"040110";"AREQUIPA";"AREQUIPA";"MIRAFLORES";"GOBIERNO REGIONAL";"I-2";"00001305";"CENTRO DE SALUD TOMASA T. COMDEMAYTA";"NE_0001";"";"NE_0001";"NE_0001";"NE_0001";"NE_0001";"NE_0001";"NE_0001";"NE_0001"
"2023";"03";"130101";"LA LIBERTAD";"TRUJILLO";"TRUJILLO";"ESSALUD";"II-1";"00008685";"HOSPITAL I ALBRECHT";"241800";"HOSPITALIZACIÓN DE MEDICINA MEDICINA GENERAL ";"23";"21";"144";"141";"5";"149";"0"
"2023";"03";"130101";"LA LIBERTAD";"TRUJILLO";"TRUJILLO";"ESSALUD";"II-1";"00008685";"HOSPITAL I ALBRECHT";"240100";"HOSPITALIZACIÓN QUIRÚRGICA CIRUGÍA GENERAL ";"40";"45";"115";"105";"4";"125";"0"
"2023";"03";"130101";"LA LIBERTAD";"TRUJILLO";"TRUJILLO";"ESSALUD";"II-1";"00008685";"HOSPITAL I ALBRECHT";"241500";"HOSPITALIZACIÓN QUIRÚRGICA GINECOLOGÍA  ";"72";"66";"84";"93";"4";"107";"0"
"2023";"03";"130101";"LA LIBERTAD";"TRUJILLO";"TRUJILLO";"ESSALUD";"II-1";"00008685";"HOSPITAL I ALBRECHT";"241600";"HOSPITALIZACIÓN QUIRÚRGICA OBSTETRICIA   ";"43";"44";"92";"90";"3";"117";"0"
"2023";"03";"130101";"LA LIBERTAD";"TRUJILLO";"TRUJILLO";"ESSALUD";"II-1";"00008685";"HOSPITAL I ALBRECHT";"242300";"HOSPITALIZACIÓN DE PEDIATRÍA  PEDIATRÍA  GENERAL ";"44";"46";"100";"106";"4";"131";"0"
"2023";"03";"021701";"ANCASH";"RECUAY";"RECUAY";"GOBIERNO REGIONAL";"II-1";"00001472";"HOSPITAL DE APOYO RECUAY";"241500";"HOSPITALIZACIÓN QUIRÚRGICA GINECOLOGÍA  ";"2";"2";"2";"2";"2";"60";"0"
"2023";"03";"021701";"ANCASH";"RECUAY";"RECUAY";"GOBIERNO REGIONAL";"II-1";"00001472";"HOSPITAL DE APOYO RECUAY";"241600";"HOSPITALIZACIÓN QUIRÚRGICA OBSTETRICIA   ";"8";"8";"11";"11";"1";"30";"0"
"2023";"03";"021701";"ANCASH";"RECUAY";"RECUAY";"GOBIERNO REGIONAL";"II-1";"00001472";"HOSPITAL DE APOYO RECUAY";"241800";"HOSPITALIZACIÓN DE MEDICINA MEDICINA GENERAL ";"6";"6";"16";"16";"12";"360";"0"
"2023";"03";"130203";"LA LIBERTAD";"ASCOPE";"CHOCOPE";"ESSALUD";"II-2";"00009037";"HOSPITAL II CHOCOPE";"241900";"HOSPITALIZACIÓN DE MEDICINA MEDICINA INTERNA ";"105";"106";"874";"812";"28";"868";"8"
"2023";"03";"130203";"LA LIBERTAD";"ASCOPE";"CHOCOPE";"ESSALUD";"II-2";"00009037";"HOSPITAL II CHOCOPE";"240100";"HOSPITALIZACIÓN QUIRÚRGICA CIRUGÍA GENERAL ";"110";"115";"343";"359";"13";"403";"0"
"2023";"03";"130203";"LA LIBERTAD";"ASCOPE";"CHOCOPE";"ESSALUD";"II-2";"00009037";"HOSPITAL II CHOCOPE";"241500";"HOSPITALIZACIÓN QUIRÚRGICA GINECOLOGÍA  ";"23";"23";"53";"50";"2";"62";"0"
"2023";"03";"130203";"LA LIBERTAD";"ASCOPE";"CHOCOPE";"ESSALUD";"II-2";"00009037";"HOSPITAL II CHOCOPE";"241600";"HOSPITALIZACIÓN QUIRÚRGICA OBSTETRICIA   ";"59";"60";"115";"100";"4";"124";"0"
"2023";"03";"130203";"LA LIBERTAD";"ASCOPE";"CHOCOPE";"ESSALUD";"II-2";"00009037";"HOSPITAL II CHOCOPE";"242300";"HOSPITALIZACIÓN DE PEDIATRÍA  PEDIATRÍA  GENERAL ";"30";"31";"108";"115";"5";"155";"0"
"2023";"03";"220101";"SAN MARTIN";"MOYOBAMBA";"MOYOBAMBA";"GOBIERNO REGIONAL";"I-1";"00006316";"TAHUISHCO";"NE_0001";"";"NE_0001";"NE_0001";"NE_0001";"NE_0001";"NE_0001";"NE_0001";"NE_0001"
"2023";"03";"220101";"SAN MARTIN";"MOYOBAMBA";"MOYOBAMBA";"GOBIERNO REGIONAL";"I-1";"00006313";"MARONA";"NE_0001";"";"NE_0001";"NE_0001";"NE_0001";"NE_0001";"NE_0001";"NE_0001";"NE_0001"
"2023";"03";"060401";"CAJAMARCA";"CHOTA";"CHOTA";"GOBIERNO REGIONAL";"II-1";"00004659";"HOSPITAL DE APOYO CHOTA - JOSE SOTO CADENILLAS";"240100";"HOSPITALIZACIÓN QUIRÚRGICA CIRUGÍA GENERAL ";"74";"87";"348";"258";"18";"558";"0"
"2023";"03";"060401";"CAJAMARCA";"CHOTA";"CHOTA";"GOBIERNO REGIONAL";"II-1";"00004659";"HOSPITAL DE APOYO CHOTA - JOSE SOTO CADENILLAS";"241400";"HOSPITALIZACIÓN QUIRÚRGICA GINECO - OBSTETRICIA ";"181";"197";"466";"442";"22";"682";"0"
"2023";"03";"060401";"CAJAMARCA";"CHOTA";"CHOTA";"GOBIERNO REGIONAL";"II-1";"00004659";"HOSPITAL DE APOYO CHOTA - JOSE SOTO CADENILLAS";"241800";"HOSPITALIZACIÓN DE MEDICINA MEDICINA GENERAL ";"55";"67";"272";"233";"12";"372";"3"
"2023";"03";"060401";"CAJAMARCA";"CHOTA";"CHOTA";"GOBIERNO REGIONAL";"II-1";"00004659";"HOSPITAL DE APOYO CHOTA - JOSE SOTO CADENILLAS";"242500";"HOSPITALIZACIÓN-PEDIATRÍA GENERAL-";"45";"49";"145";"147";"8";"248";"0"
"2023";"01";"150130";"LIMA";"LIMA";"SAN BORJA";"PRIVADO";"III-1";"00009886";"CLINICA SAN BORJA";"240000";"HOSPITALIZACIÓN";"417";"431";"1883";"61";"83";"2573";"5"
"2023";"01";"150130";"LIMA";"LIMA";"SAN BORJA";"PRIVADO";"III-1";"00009886";"CLINICA SAN BORJA";"250105";"UNIDAD DE CUIDADOS CRITICOS UNIDAD  DE CUIDADOS INTENSIVOS  (UCI) NEONATOLOGÍA";"2";"6";"388";"13";"4";"124";"0"
"2023";"01";"150130";"LIMA";"LIMA";"SAN BORJA";"PRIVADO";"III-1";"00009886";"CLINICA SAN BORJA";"250306";"HOSPIT. EN UNIDAD DE CUID.INTEN.-UNIDAD DE VIGILANCIA INTENSIVA (UVI)-PEDIATRÍA";"3";"2";"74";"2";"4";"124";"0"
"2023";"01";"150130";"LIMA";"LIMA";"SAN BORJA";"PRIVADO";"III-1";"00009886";"CLINICA SAN BORJA";"250100";"UNIDAD DE CUIDADOS CRITICOS UNIDAD  DE CUIDADOS INTENSIVOS GENERALES (UCI) ";"41";"11";"281";"9";"19";"589";"5"
"2023";"01";"090201";"HUANCAVELICA";"ACOBAMBA";"ACOBAMBA";"GOBIERNO REGIONAL";"I-3";"00022075";"CENTRO DE SALUD MENTAL COMUNITARIO ACOBAMBA";"NE_0001";"";"NE_0001";"NE_0001";"NE_0001";"NE_0001";"NE_0001";"NE_0001";"NE_0001"
"2023";"01";"150131";"LIMA";"LIMA";"SAN ISIDRO";"PRIVADO";"I-4";"00008389";"IPOR: INSTITUTO PERUANO DE ONCOLOGIA & RADIOTERAPIA";"NE_0001";"";"NE_0001";"NE_0001";"NE_0001";"NE_0001";"NE_0001";"NE_0001";"NE_0001"
"2023";"01";"080902";"CUSCO";"LA CONVENCION";"ECHARATE";"GOBIERNO REGIONAL";"I-1";"00002451";"CHAHUARES";"NE_0001";"";"NE_0001";"NE_0001";"NE_0001";"NE_0001";"NE_0001";"NE_0001";"NE_0001"
"2023";"01";"080901";"CUSCO";"LA CONVENCION";"SANTA ANA";"GOBIERNO REGIONAL";"I-1";"00002424";"POTRERO";"NE_0001";"";"NE_0001";"NE_0001";"NE_0001";"NE_0001";"NE_0001";"NE_0001";"NE_0001"
"2023";"01";"080902";"CUSCO";"LA CONVENCION";"ECHARATE";"GOBIERNO REGIONAL";"I-1";"00002446";"CHACCO";"NE_0001";"";"NE_0001";"NE_0001";"NE_0001";"NE_0001";"NE_0001";"NE_0001";"NE_0001"
"2023";"01";"080902";"CUSCO";"LA CONVENCION";"ECHARATE";"GOBIERNO REGIONAL";"I-2";"00002425";"ECHARATE";"NE_0001";"";"NE_0001";"NE_0001";"NE_0001";"NE_0001";"NE_0001";"NE_0001";"NE_0001"
"2023";"01";"080901";"CUSCO";"LA CONVENCION";"SANTA ANA";"GOBIERNO REGIONAL";"I-4";"00008910";"SANTA ANA";"NE_0001";"";"NE_0001";"NE_0001";"NE_0001";"NE_0001";"NE_0001";"NE_0001";"NE_0001"
"2023";"01";"080901";"CUSCO";"LA CONVENCION";"SANTA ANA";"GOBIERNO REGIONAL";"I-1";"00002422";"HUAYANAY";"NE_0001";"";"NE_0001";"NE_0001";"NE_0001";"NE_0001";"NE_0001";"NE_0001";"NE_0001"
"2023";"01";"080901";"CUSCO";"LA CONVENCION";"SANTA ANA";"GOBIERNO REGIONAL";"I-1";"00002423";"IDMA";"NE_0001";"";"NE_0001";"NE_0001";"NE_0001";"NE_0001";"NE_0001";"NE_0001";"NE_0001"
"2023";"01";"080902";"CUSCO";"LA CONVENCION";"ECHARATE";"GOBIERNO REGIONAL";"I-2";"00002430";"PAMPA CONCEPCION";"NE_0001";"";"NE_0001";"NE_0001";"NE_0001";"NE_0001";"NE_0001";"NE_0001";"NE_0001"
"2023";"01";"080901";"CUSCO";"LA CONVENCION";"SANTA ANA";"GOBIERNO REGIONAL";"I-3";"00015842";"PAVAYOC";"NE_0001";"";"NE_0001";"NE_0001";"NE_0001";"NE_0001";"NE_0001";"NE_0001";"NE_0001"
"2023";"02";"060101";"CAJAMARCA";"CAJAMARCA";"CAJAMARCA";"SANIDAD DE LA POLICIA NACIONAL DEL PERU";"I-3";"00009296";"POLICLINICO PNP CAJAMARCA";"NE_0002";"";"NE_0002";"NE_0002";"NE_0002";"NE_0002";"NE_0002";"NE_0002";"NE_0002"
"2023";"02";"060602";"CAJAMARCA";"CUTERVO";"CALLAYUC";"GOBIERNO REGIONAL";"I-3";"00004959";"CALLAYUC";"NE_0001";"";"NE_0001";"NE_0001";"NE_0001";"NE_0001";"NE_0001";"NE_0001";"NE_0001"
"2023";"02";"060602";"CAJAMARCA";"CUTERVO";"CALLAYUC";"GOBIERNO REGIONAL";"I-1";"00006835";"CHURAS";"NE_0001";"";"NE_0001";"NE_0001";"NE_0001";"NE_0001";"NE_0001";"NE_0001";"NE_0001"
"2023";"02";"060602";"CAJAMARCA";"CUTERVO";"CALLAYUC";"GOBIERNO REGIONAL";"I-1";"00006944";"VILUCO";"NE_0001";"";"NE_0001";"NE_0001";"NE_0001";"NE_0001";"NE_0001";"NE_0001";"NE_0001"
"2023";"02";"060602";"CAJAMARCA";"CUTERVO";"CALLAYUC";"GOBIERNO REGIONAL";"I-1";"00006829";"PUQUIO DE CALLAYUC";"NE_0001";"";"NE_0001";"NE_0001";"NE_0001";"NE_0001";"NE_0001";"NE_0001";"NE_0001"
"2023";"02";"060602";"CAJAMARCA";"CUTERVO";"CALLAYUC";"GOBIERNO REGIONAL";"I-1";"00007100";"SAN JUAN DE CHORILLOS";"NE_0001";"";"NE_0001";"NE_0001";"NE_0001";"NE_0001";"NE_0001";"NE_0001";"NE_0001"
"2023";"02";"060602";"CAJAMARCA";"CUTERVO";"CALLAYUC";"GOBIERNO REGIONAL";"I-1";"00004961";"SAN JOSE DE LIRIO";"NE_0001";"";"NE_0001";"NE_0001";"NE_0001";"NE_0001";"NE_0001";"NE_0001";"NE_0001"
"2023";"02";"060602";"CAJAMARCA";"CUTERVO";"CALLAYUC";"GOBIERNO REGIONAL";"I-1";"00006830";"FILADELFIA";"NE_0001";"";"NE_0001";"NE_0001";"NE_0001";"NE_0001";"NE_0001";"NE_0001";"NE_0001"
"2023";"02";"060602";"CAJAMARCA";"CUTERVO";"CALLAYUC";"GOBIERNO REGIONAL";"I-2";"00004960";"EL CUMBE";"NE_0001";"";"NE_0001";"NE_0001";"NE_0001";"NE_0001";"NE_0001";"NE_0001";"NE_0001"
"2023";"02";"110101";"ICA";"ICA";"ICA";"PRIVADO";"I-4";"00009606";"VIRGEN DEL ROSARIO SA";"240000";"HOSPITALIZACIÓN";"95";"93";"135";"138";"16";"448";"0"
"2023";"02";"210801";"PUNO";"MELGAR";"AYAVIRI";"GOBIERNO REGIONAL";"II-1";"00003156";"SAN JUAN DE DIOS (AYAVIRI)";"240100";"HOSPITALIZACIÓN QUIRÚRGICA CIRUGÍA GENERAL ";"44";"53";"214";"214";"19";"532";"0"
"2023";"02";"210801";"PUNO";"MELGAR";"AYAVIRI";"GOBIERNO REGIONAL";"II-1";"00003156";"SAN JUAN DE DIOS (AYAVIRI)";"241500";"HOSPITALIZACIÓN QUIRÚRGICA GINECOLOGÍA  ";"33";"35";"93";"232";"6";"364";"0"
"2023";"02";"210801";"PUNO";"MELGAR";"AYAVIRI";"GOBIERNO REGIONAL";"II-1";"00003156";"SAN JUAN DE DIOS (AYAVIRI)";"241600";"HOSPITALIZACIÓN QUIRÚRGICA OBSTETRICIA   ";"52";"54";"98";"139";"7";"196";"0"
"2023";"02";"210801";"PUNO";"MELGAR";"AYAVIRI";"GOBIERNO REGIONAL";"II-1";"00003156";"SAN JUAN DE DIOS (AYAVIRI)";"241800";"HOSPITALIZACIÓN DE MEDICINA MEDICINA GENERAL ";"11";"14";"78";"89";"14";"392";"3"
"2023";"02";"210801";"PUNO";"MELGAR";"AYAVIRI";"GOBIERNO REGIONAL";"II-1";"00003156";"SAN JUAN DE DIOS (AYAVIRI)";"242500";"HOSPITALIZACIÓN-PEDIATRÍA GENERAL-";"13";"17";"68";"76";"7";"196";"0"
"2023";"02";"210801";"PUNO";"MELGAR";"AYAVIRI";"GOBIERNO REGIONAL";"II-1";"00003156";"SAN JUAN DE DIOS (AYAVIRI)";"243200";"HOSPITALIZACIÓN DE PEDIATRÍA PEDIATRIA NEONATOLOGÍA";"21";"26";"103";"84";"3";"105";"0"
"2023";"02";"060803";"CAJAMARCA";"JAEN";"CHONTALI";"GOBIERNO REGIONAL";"I-3";"00004232";"CHONTALI";"NE_0001";"";"NE_0001";"NE_0001";"NE_0001";"NE_0001";"NE_0001";"NE_0001";"NE_0001"
"2023";"02";"120805";"JUNIN";"YAULI";"MOROCOCHA";"GOBIERNO REGIONAL";"I-1";"00021450";"SAN FRANCISCO DE ASIS DE PUCARA";"NE_0001";"";"NE_0001";"NE_0001";"NE_0001";"NE_0001";"NE_0001";"NE_0001";"NE_0001"
"2023";"02";"120806";"JUNIN";"YAULI";"PACCHA";"GOBIERNO REGIONAL";"I-2";"00000564";"PACCHA - LA OROYA";"NE_0001";"";"NE_0001";"NE_0001";"NE_0001";"NE_0001";"NE_0001";"NE_0001";"NE_0001"
"2023";"02";"040101";"AREQUIPA";"AREQUIPA";"AREQUIPA";"ESSALUD";"I-3";"00013297";"POLICLINICO METROPOLITANO ESSALUD";"NE_0001";"";"NE_0001";"NE_0001";"NE_0001";"NE_0001";"NE_0001";"NE_0001";"NE_0001"
"2023";"02";"120303";"JUNIN";"CHANCHAMAYO";"PICHANAQUI";"GOBIERNO REGIONAL";"I-2";"00007361";"COLONIA HUANCA";"NE_0001";"";"NE_0001";"NE_0001";"NE_0001";"NE_0001";"NE_0001";"NE_0001";"NE_0001"
"2023";"02";"130901";"LA LIBERTAD";"SANCHEZ CARRION";"HUAMACHUCO";"GOBIERNO REGIONAL";"II-1";"00005349";"HOSPITAL DE APOYO LEONCIO PRADO";"240100";"HOSPITALIZACIÓN QUIRÚRGICA CIRUGÍA GENERAL ";"19";"22";"69";"58";"7";"196";"0"
"2023";"02";"130901";"LA LIBERTAD";"SANCHEZ CARRION";"HUAMACHUCO";"GOBIERNO REGIONAL";"II-1";"00005349";"HOSPITAL DE APOYO LEONCIO PRADO";"241500";"HOSPITALIZACIÓN QUIRÚRGICA GINECOLOGÍA  ";"4";"4";"9";"121";"11";"308";"0"
"2023";"02";"130901";"LA LIBERTAD";"SANCHEZ CARRION";"HUAMACHUCO";"GOBIERNO REGIONAL";"II-1";"00005349";"HOSPITAL DE APOYO LEONCIO PRADO";"241600";"HOSPITALIZACIÓN QUIRÚRGICA OBSTETRICIA   ";"175";"187";"303";"296";"17";"496";"0"
"2023";"02";"130901";"LA LIBERTAD";"SANCHEZ CARRION";"HUAMACHUCO";"GOBIERNO REGIONAL";"II-1";"00005349";"HOSPITAL DE APOYO LEONCIO PRADO";"241800";"HOSPITALIZACIÓN DE MEDICINA MEDICINA GENERAL ";"28";"29";"97";"10";"2";"56";"0"
"2023";"02";"130901";"LA LIBERTAD";"SANCHEZ CARRION";"HUAMACHUCO";"GOBIERNO REGIONAL";"II-1";"00005349";"HOSPITAL DE APOYO LEONCIO PRADO";"242500";"HOSPITALIZACIÓN-PEDIATRÍA GENERAL-";"30";"35";"120";"102";"6";"168";"1"
"2023";"02";"100102";"HUANUCO";"HUANUCO";"AMARILIS";"GOBIERNO REGIONAL";"II-E";"00000756";"HOSPITAL MATERNO INFANTIL CARLOS SHOWING FERRARI";"241400";"HOSPITALIZACIÓN QUIRÚRGICA GINECO - OBSTETRICIA ";"189";"196";"412";"608";"28";"784";"0"
"2023";"02";"100102";"HUANUCO";"HUANUCO";"AMARILIS";"GOBIERNO REGIONAL";"II-E";"00000756";"HOSPITAL MATERNO INFANTIL CARLOS SHOWING FERRARI";"242500";"HOSPITALIZACIÓN-PEDIATRÍA GENERAL-";"17";"22";"77";"99";"10";"280";"0"
"2023";"02";"100102";"HUANUCO";"HUANUCO";"AMARILIS";"GOBIERNO REGIONAL";"II-E";"00000756";"HOSPITAL MATERNO INFANTIL CARLOS SHOWING FERRARI";"243200";"HOSPITALIZACIÓN DE PEDIATRÍA PEDIATRIA NEONATOLOGÍA";"44";"47";"132";"179";"10";"280";"0"
"2023";"02";"021801";"ANCASH";"SANTA";"CHIMBOTE";"PRIVADO";"II-1";"00016552";"CLINICA ROBLES S.A.C.";"240000";"HOSPITALIZACIÓN";"123";"120";"180";"129";"11";"308";"0"
"2023";"02";"150101";"LIMA";"LIMA";"LIMA";"PRIVADO";"I-3";"00016948";"MEDICENTRO COLMENA DE LA CLÍNICA INTERNACIONAL";"NE_0001";"";"NE_0001";"NE_0001";"NE_0001";"NE_0001";"NE_0001";"NE_0001";"NE_0001"
"2023";"02";"021301";"ANCASH";"MARISCAL LUZURIAGA";"PISCOBAMBA";"GOBIERNO REGIONAL";"I-1";"00001784";"PUESTO DE SALUD SOCOSBAMBA";"NE_0002";"";"NE_0002";"NE_0002";"NE_0002";"NE_0002";"NE_0002";"NE_0002";"NE_0002"
"2023";"02";"021303";"ANCASH";"MARISCAL LUZURIAGA";"ELEAZAR GUZMAN BARRON";"GOBIERNO REGIONAL";"I-1";"00001786";"PUESTO DE SALUD PAMPACHACRA";"NE_0002";"";"NE_0002";"NE_0002";"NE_0002";"NE_0002";"NE_0002";"NE_0002";"NE_0002"
"2023";"02";"021303";"ANCASH";"MARISCAL LUZURIAGA";"ELEAZAR GUZMAN BARRON";"GOBIERNO REGIONAL";"I-1";"00001787";"PUESTO DE SALUD PUMPA";"NE_0002";"";"NE_0002";"NE_0002";"NE_0002";"NE_0002";"NE_0002";"NE_0002";"NE_0002"
"2023";"02";"021305";"ANCASH";"MARISCAL LUZURIAGA";"LLAMA";"GOBIERNO REGIONAL";"I-2";"00001788";"PUESTO DE SALUD LLAMA";"NE_0002";"";"NE_0002";"NE_0002";"NE_0002";"NE_0002";"NE_0002";"NE_0002";"NE_0002"
"2023";"02";"021304";"ANCASH";"MARISCAL LUZURIAGA";"FIDEL OLIVAS ESCUDERO";"GOBIERNO REGIONAL";"I-1";"00001793";"PUESTO DE SALUD SANASHGAN";"NE_0002";"";"NE_0002";"NE_0002";"NE_0002";"NE_0002";"NE_0002";"NE_0002";"NE_0002"
"2023";"02";"021308";"ANCASH";"MARISCAL LUZURIAGA";"MUSGA";"GOBIERNO REGIONAL";"I-1";"00001792";"PUESTO DE SALUD MUSGA";"NE_0002";"";"NE_0002";"NE_0002";"NE_0002";"NE_0002";"NE_0002";"NE_0002";"NE_0002"
"2023";"02";"021301";"ANCASH";"MARISCAL LUZURIAGA";"PISCOBAMBA";"GOBIERNO REGIONAL";"I-4";"00001783";"CENTRO DE SALUD PISCOBAMBA";"NE_0002";"";"NE_0002";"NE_0002";"NE_0002";"NE_0002";"NE_0002";"NE_0002";"NE_0002"
"2023";"02";"021304";"ANCASH";"MARISCAL LUZURIAGA";"FIDEL OLIVAS ESCUDERO";"GOBIERNO REGIONAL";"I-1";"00001794";"PUESTO DE SALUD PARCO";"NE_0002";"";"NE_0002";"NE_0002";"NE_0002";"NE_0002";"NE_0002";"NE_0002";"NE_0002"
"2023";"03";"150131";"LIMA";"LIMA";"SAN ISIDRO";"PRIVADO";"II-2";"00009437";"CLINICA LIMATAMBO";"240000";"HOSPITALIZACIÓN";"124";"125";"387";"295";"38";"1178";"4"
"2023";"03";"160108";"LORETO";"MAYNAS";"PUNCHANA";"ESSALUD";"III-1";"00011409";"HOSPITAL III IQUITOS";"250200";"UNIDAD DE CUIDADOS CRITICOS UNIDAD DE CUIDADOS INTERMEDIOS GENERAL  (UCIN) ";"82";"73";"329";"339";"12";"372";"0"
"2023";"03";"081003";"CUSCO";"PARURO";"CCAPI";"GOBIERNO REGIONAL";"I-2";"00002501";"CCAPI";"NE_0002";"";"NE_0002";"NE_0002";"NE_0002";"NE_0002";"NE_0002";"NE_0002";"NE_0002"
"2023";"03";"081004";"CUSCO";"PARURO";"COLCHA";"GOBIERNO REGIONAL";"I-1";"00006978";"CCOCHIRIHUAY";"NE_0002";"";"NE_0002";"NE_0002";"NE_0002";"NE_0002";"NE_0002";"NE_0002";"NE_0002"
"2023";"03";"120205";"JUNIN";"CONCEPCION";"COCHAS";"GOBIERNO REGIONAL";"I-2";"00000676";"COCHAS";"NE_0001";"";"NE_0001";"NE_0001";"NE_0001";"NE_0001";"NE_0001";"NE_0001";"NE_0001"
"2023";"03";"120206";"JUNIN";"CONCEPCION";"COMAS";"GOBIERNO REGIONAL";"I-1";"00000684";"RUNATULLO";"NE_0001";"";"NE_0001";"NE_0001";"NE_0001";"NE_0001";"NE_0001";"NE_0001";"NE_0001"
"2023";"03";"120203";"JUNIN";"CONCEPCION";"ANDAMARCA";"GOBIERNO REGIONAL";"I-1";"00019790";"PUNCO";"NE_0001";"";"NE_0001";"NE_0001";"NE_0001";"NE_0001";"NE_0001";"NE_0001";"NE_0001"
"2023";"03";"120135";"JUNIN";"HUANCAYO";"SANTO DOMINGO DE ACOBAMBA";"GOBIERNO REGIONAL";"I-1";"00024428";"POTRERO";"NE_0001";"";"NE_0001";"NE_0001";"NE_0001";"NE_0001";"NE_0001";"NE_0001";"NE_0001"
"2023";"03";"120135";"JUNIN";"HUANCAYO";"SANTO DOMINGO DE ACOBAMBA";"GOBIERNO REGIONAL";"I-3";"00000666";"SANTO DOMINGO DE ACOBAMBA";"NE_0001";"";"NE_0001";"NE_0001";"NE_0001";"NE_0001";"NE_0001";"NE_0001";"NE_0001"
"2023";"03";"120205";"JUNIN";"CONCEPCION";"COCHAS";"GOBIERNO REGIONAL";"I-1";"00000677";"PILCOLLAMA";"NE_0001";"";"NE_0001";"NE_0001";"NE_0001";"NE_0001";"NE_0001";"NE_0001";"NE_0001"
"2023";"03";"120206";"JUNIN";"CONCEPCION";"COMAS";"GOBIERNO REGIONAL";"I-3";"00000678";"COMAS";"NE_0001";"";"NE_0001";"NE_0001";"NE_0001";"NE_0001";"NE_0001";"NE_0001";"NE_0001"
"2023";"03";"120206";"JUNIN";"CONCEPCION";"COMAS";"GOBIERNO REGIONAL";"I-1";"00000682";"TALHUIS";"NE_0001";"";"NE_0001";"NE_0001";"NE_0001";"NE_0001";"NE_0001";"NE_0001";"NE_0001"
"2023";"03";"120209";"JUNIN";"CONCEPCION";"MARISCAL CASTILLA";"GOBIERNO REGIONAL";"I-2";"00000686";"MARISCAL CASTILLA";"NE_0001";"";"NE_0001";"NE_0001";"NE_0001";"NE_0001";"NE_0001";"NE_0001";"NE_0001"
"2023";"03";"120135";"JUNIN";"HUANCAYO";"SANTO DOMINGO DE ACOBAMBA";"GOBIERNO REGIONAL";"I-2";"00000667";"MATICHACRA";"NE_0001";"";"NE_0001";"NE_0001";"NE_0001";"NE_0001";"NE_0001";"NE_0001";"NE_0001"
"2023";"03";"120203";"JUNIN";"CONCEPCION";"ANDAMARCA";"GOBIERNO REGIONAL";"I-2";"00000673";"PUCACOCHA";"NE_0001";"";"NE_0001";"NE_0001";"NE_0001";"NE_0001";"NE_0001";"NE_0001";"NE_0001"
"2023";"03";"120135";"JUNIN";"HUANCAYO";"SANTO DOMINGO DE ACOBAMBA";"GOBIERNO REGIONAL";"I-2";"00000744";"YUNCACHAQUICOCHA";"NE_0001";"";"NE_0001";"NE_0001";"NE_0001";"NE_0001";"NE_0001";"NE_0001";"NE_0001"
"2023";"03";"120135";"JUNIN";"HUANCAYO";"SANTO DOMINGO DE ACOBAMBA";"GOBIERNO REGIONAL";"I-1";"00007082";"HUANCAMAYO";"NE_0001";"";"NE_0001";"NE_0001";"NE_0001";"NE_0001";"NE_0001";"NE_0001";"NE_0001"
"2023";"03";"120135";"JUNIN";"HUANCAYO";"SANTO DOMINGO DE ACOBAMBA";"GOBIERNO REGIONAL";"I-1";"00012468";"LA NUEVA LIBERTAD DE PUNTO";"NE_0001";"";"NE_0001";"NE_0001";"NE_0001";"NE_0001";"NE_0001";"NE_0001";"NE_0001"
"2023";"03";"120203";"JUNIN";"CONCEPCION";"ANDAMARCA";"GOBIERNO REGIONAL";"I-1";"00019793";"HUANUCO";"NE_0001";"";"NE_0001";"NE_0001";"NE_0001";"NE_0001";"NE_0001";"NE_0001";"NE_0001"
"2023";"03";"120135";"JUNIN";"HUANCAYO";"SANTO DOMINGO DE ACOBAMBA";"GOBIERNO REGIONAL";"I-1";"00000668";"PAURAN ATICOCHA";"NE_0001";"";"NE_0001";"NE_0001";"NE_0001";"NE_0001";"NE_0001";"NE_0001";"NE_0001"
"2023";"03";"120135";"JUNIN";"HUANCAYO";"SANTO DOMINGO DE ACOBAMBA";"GOBIERNO REGIONAL";"I-1";"00023381";"YANABAMBA";"NE_0001";"";"NE_0001";"NE_0001";"NE_0001";"NE_0001";"NE_0001";"NE_0001";"NE_0001"
"2023";"03";"120135";"JUNIN";"HUANCAYO";"SANTO DOMINGO DE ACOBAMBA";"GOBIERNO REGIONAL";"I-1";"00024779";"DURAZNO PATA";"NE_0001";"";"NE_0001";"NE_0001";"NE_0001";"NE_0001";"NE_0001";"NE_0001";"NE_0001"
"2023";"03";"120135";"JUNIN";"HUANCAYO";"SANTO DOMINGO DE ACOBAMBA";"GOBIERNO REGIONAL";"I-1";"00024780";"ROSASPAMPA";"NE_0001";"";"NE_0001";"NE_0001";"NE_0001";"NE_0001";"NE_0001";"NE_0001";"NE_0001"
"2023";"03";"120135";"JUNIN";"HUANCAYO";"SANTO DOMINGO DE ACOBAMBA";"GOBIERNO REGIONAL";"I-2";"00000669";"PUMABAMBA";"NE_0001";"";"NE_0001";"NE_0001";"NE_0001";"NE_0001";"NE_0001";"NE_0001";"NE_0001"
"2023";"03";"120135";"JUNIN";"HUANCAYO";"SANTO DOMINGO DE ACOBAMBA";"GOBIERNO REGIONAL";"I-1";"00000670";"SANTA ROSA DE ASTILLERIA";"NE_0001";"";"NE_0001";"NE_0001";"NE_0001";"NE_0001";"NE_0001";"NE_0001";"NE_0001"
"2023";"01";"021901";"ANCASH";"SIHUAS";"SIHUAS";"GOBIERNO REGIONAL";"II-1";"00001795";"HOSPITAL DE APOYO SIHUAS";"241800";"HOSPITALIZACIÓN DE MEDICINA MEDICINA GENERAL ";"17";"17";"39";"136";"11";"341";"0"
"2023";"01";"021901";"ANCASH";"SIHUAS";"SIHUAS";"GOBIERNO REGIONAL";"II-1";"00001795";"HOSPITAL DE APOYO SIHUAS";"240100";"HOSPITALIZACIÓN QUIRÚRGICA CIRUGÍA GENERAL ";"4";"4";"10";"8";"4";"124";"0"
"2023";"01";"021901";"ANCASH";"SIHUAS";"SIHUAS";"GOBIERNO REGIONAL";"II-1";"00001795";"HOSPITAL DE APOYO SIHUAS";"241500";"HOSPITALIZACIÓN QUIRÚRGICA GINECOLOGÍA  ";"7";"7";"11";"12";"4";"124";"0"
"2023";"01";"021901";"ANCASH";"SIHUAS";"SIHUAS";"GOBIERNO REGIONAL";"II-1";"00001795";"HOSPITAL DE APOYO SIHUAS";"241600";"HOSPITALIZACIÓN QUIRÚRGICA OBSTETRICIA   ";"13";"13";"30";"27";"4";"124";"0"
"2023";"01";"220802";"SAN MARTIN";"RIOJA";"AWAJUN";"GOBIERNO REGIONAL";"I-1";"00009075";"NUEVA SANTA CRUZ";"NE_0001";"";"NE_0001";"NE_0001";"NE_0001";"NE_0001";"NE_0001";"NE_0001";"NE_0001"
"2023";"01";"220601";"SAN MARTIN";"MARISCAL CACERES";"JUANJUI";"GOBIERNO REGIONAL";"I-1";"00006554";"VILLA PRADO";"NE_0001";"";"NE_0001";"NE_0001";"NE_0001";"NE_0001";"NE_0001";"NE_0001";"NE_0001"
"2023";"01";"220605";"SAN MARTIN";"MARISCAL CACERES";"PAJARILLO";"GOBIERNO REGIONAL";"I-1";"00006561";"PAJARILLO";"NE_0001";"";"NE_0001";"NE_0001";"NE_0001";"NE_0001";"NE_0001";"NE_0001";"NE_0001"
"2023";"01";"060101";"CAJAMARCA";"CAJAMARCA";"CAJAMARCA";"GOBIERNO REGIONAL";"II-E";"00004655";"SIMON BOLIVAR";"241400";"HOSPITALIZACIÓN QUIRÚRGICA GINECO - OBSTETRICIA ";"249";"229";"336";"523";"21";"651";"0"
"2023";"01";"060101";"CAJAMARCA";"CAJAMARCA";"CAJAMARCA";"GOBIERNO REGIONAL";"II-E";"00004655";"SIMON BOLIVAR";"240100";"HOSPITALIZACIÓN QUIRÚRGICA CIRUGÍA GENERAL ";"28";"25";"72";"412";"15";"465";"0"
"2023";"01";"060101";"CAJAMARCA";"CAJAMARCA";"CAJAMARCA";"GOBIERNO REGIONAL";"II-E";"00004655";"SIMON BOLIVAR";"241800";"HOSPITALIZACIÓN DE MEDICINA MEDICINA GENERAL ";"55";"45";"152";"245";"10";"310";"0"
"2023";"01";"060101";"CAJAMARCA";"CAJAMARCA";"CAJAMARCA";"GOBIERNO REGIONAL";"II-E";"00004655";"SIMON BOLIVAR";"242300";"HOSPITALIZACIÓN DE PEDIATRÍA  PEDIATRÍA  GENERAL ";"191";"172";"253";"132";"5";"155";"0"
"2023";"01";"220910";"SAN MARTIN";"SAN MARTIN";"MORALES";"GOBIERNO REGIONAL";"I-4";"00006361";"MORALES";"241400";"HOSPITALIZACIÓN QUIRÚRGICA GINECO - OBSTETRICIA ";"31";"31";"31";"31";"12";"372";"0"
"2023";"01";"220205";"SAN MARTIN";"BELLAVISTA";"SAN PABLO";"GOBIERNO REGIONAL";"I-1";"00006509";"DOS DE MAYO";"NE_0001";"";"NE_0001";"NE_0001";"NE_0001";"NE_0001";"NE_0001";"NE_0001";"NE_0001"
"2023";"01";"220205";"SAN MARTIN";"BELLAVISTA";"SAN PABLO";"GOBIERNO REGIONAL";"I-1";"00029371";"CENTRO AMERICA - SAN PABLO";"NE_0001";"";"NE_0001";"NE_0001";"NE_0001";"NE_0001";"NE_0001";"NE_0001";"NE_0001"
"2023";"01";"220205";"SAN MARTIN";"BELLAVISTA";"SAN PABLO";"GOBIERNO REGIONAL";"I-3";"00006506";"CONSUELO";"NE_0001";"";"NE_0001";"NE_0001";"NE_0001";"NE_0001";"NE_0001";"NE_0001";"NE_0001"
"2023";"01";"130101";"LA LIBERTAD";"TRUJILLO";"TRUJILLO";"PRIVADO";"II-1";"00027358";"CLÍNICA CRISTO REDENTOR";"240100";"HOSPITALIZACIÓN QUIRÚRGICA CIRUGÍA GENERAL ";"12";"4";"7";"8";"3";"93";"0"
"2023";"01";"130101";"LA LIBERTAD";"TRUJILLO";"TRUJILLO";"PRIVADO";"II-1";"00027358";"CLÍNICA CRISTO REDENTOR";"241900";"HOSPITALIZACIÓN DE MEDICINA MEDICINA INTERNA ";"3";"2";"3";"8";"1";"31";"0"
"2023";"01";"150130";"LIMA";"LIMA";"SAN BORJA";"PRIVADO";"II-E";"00015179";"CLINICA KIRSCHBAUM";"240800";"HOSPITALIZACIÓN QUIRÚRGICA CIRUGÍA PLÁSTICA/RECONSTRUCTIVA/ REPARADORA ";"48";"48";"80";"48";"10";"310";"0"
"2023";"01";"030601";"APURIMAC";"CHINCHEROS";"CHINCHEROS";"GOBIERNO REGIONAL";"II-1";"00004140";"HOSPITAL CHINCHEROS";"240100";"HOSPITALIZACIÓN QUIRÚRGICA CIRUGÍA GENERAL ";"5";"5";"14";"14";"7";"217";"0"
"2023";"01";"030601";"APURIMAC";"CHINCHEROS";"CHINCHEROS";"GOBIERNO REGIONAL";"II-1";"00004140";"HOSPITAL CHINCHEROS";"241500";"HOSPITALIZACIÓN QUIRÚRGICA GINECOLOGÍA  ";"3";"3";"4";"4";"4";"124";"0"
"2023";"01";"030601";"APURIMAC";"CHINCHEROS";"CHINCHEROS";"GOBIERNO REGIONAL";"II-1";"00004140";"HOSPITAL CHINCHEROS";"241800";"HOSPITALIZACIÓN DE MEDICINA MEDICINA GENERAL ";"8";"8";"38";"38";"23";"713";"0"
"2023";"01";"030601";"APURIMAC";"CHINCHEROS";"CHINCHEROS";"GOBIERNO REGIONAL";"II-1";"00004140";"HOSPITAL CHINCHEROS";"241600";"HOSPITALIZACIÓN QUIRÚRGICA OBSTETRICIA   ";"18";"19";"55";"55";"8";"248";"0"
"2023";"01";"030601";"APURIMAC";"CHINCHEROS";"CHINCHEROS";"GOBIERNO REGIONAL";"II-1";"00004140";"HOSPITAL CHINCHEROS";"242500";"HOSPITALIZACIÓN-PEDIATRÍA GENERAL-";"2";"2";"6";"6";"3";"93";"0"
"2023";"01";"030601";"APURIMAC";"CHINCHEROS";"CHINCHEROS";"GOBIERNO REGIONAL";"II-1";"00004140";"HOSPITAL CHINCHEROS";"243200";"HOSPITALIZACIÓN DE PEDIATRÍA PEDIATRIA NEONATOLOGÍA";"4";"4";"6";"6";"2";"62";"0"
"2023";"01";"061007";"CAJAMARCA";"SAN MARCOS";"JOSE SABOGAL";"GOBIERNO REGIONAL";"I-1";"00004496";"TINYAYOC";"NE_0001";"";"NE_0001";"NE_0001";"NE_0001";"NE_0001";"NE_0001";"NE_0001";"NE_0001"
"2023";"01";"061007";"CAJAMARCA";"SAN MARCOS";"JOSE SABOGAL";"GOBIERNO REGIONAL";"I-2";"00004497";"MALAT";"NE_0001";"";"NE_0001";"NE_0001";"NE_0001";"NE_0001";"NE_0001";"NE_0001";"NE_0001"
"2023";"01";"061007";"CAJAMARCA";"SAN MARCOS";"JOSE SABOGAL";"GOBIERNO REGIONAL";"I-1";"00004499";"MATIBAMBA";"NE_0001";"";"NE_0001";"NE_0001";"NE_0001";"NE_0001";"NE_0001";"NE_0001";"NE_0001"
"2023";"01";"061007";"CAJAMARCA";"SAN MARCOS";"JOSE SABOGAL";"GOBIERNO REGIONAL";"I-1";"00004495";"HUAGAL";"NE_0001";"";"NE_0001";"NE_0001";"NE_0001";"NE_0001";"NE_0001";"NE_0001";"NE_0001"
"2023";"01";"061007";"CAJAMARCA";"SAN MARCOS";"JOSE SABOGAL";"GOBIERNO REGIONAL";"I-2";"00004498";"LICLICONGA";"NE_0001";"";"NE_0001";"NE_0001";"NE_0001";"NE_0001";"NE_0001";"NE_0001";"NE_0001"
"2023";"01";"061007";"CAJAMARCA";"SAN MARCOS";"JOSE SABOGAL";"GOBIERNO REGIONAL";"I-3";"00004500";"JOSE SABOGAL";"NE_0001";"";"NE_0001";"NE_0001";"NE_0001";"NE_0001";"NE_0001";"NE_0001";"NE_0001"
"2023";"02";"050104";"AYACUCHO";"HUAMANGA";"CARMEN ALTO";"GOBIERNO REGIONAL";"I-3";"00003560";"CENTRO DE SALUD CARMEN ALTO";"NE_0001";"";"NE_0001";"NE_0001";"NE_0001";"NE_0001";"NE_0001";"NE_0001";"NE_0001"
"2023";"02";"050104";"AYACUCHO";"HUAMANGA";"CARMEN ALTO";"GOBIERNO REGIONAL";"I-1";"00003561";"POKRAS";"NE_0001";"";"NE_0001";"NE_0001";"NE_0001";"NE_0001";"NE_0001";"NE_0001";"NE_0001"
"2023";"02";"060101";"CAJAMARCA";"CAJAMARCA";"CAJAMARCA";"GOBIERNO REGIONAL";"II-2";"00007686";"HOSPITAL REGIONAL DOCENTE CAJAMARCA";"240100";"HOSPITALIZACIÓN QUIRÚRGICA CIRUGÍA GENERAL ";"291";"283";"1650";"1582";"72";"2016";"0"
"2023";"02";"060101";"CAJAMARCA";"CAJAMARCA";"CAJAMARCA";"GOBIERNO REGIONAL";"II-2";"00007686";"HOSPITAL REGIONAL DOCENTE CAJAMARCA";"241400";"HOSPITALIZACIÓN QUIRÚRGICA GINECO - OBSTETRICIA ";"339";"336";"820";"827";"35";"980";"0"
"2023";"02";"021101";"ANCASH";"HUARMEY";"HUARMEY";"GOBIERNO REGIONAL";"II-1";"00001741";"HOSPITAL DE APOYO HUARMEY";"240100";"HOSPITALIZACIÓN QUIRÚRGICA CIRUGÍA GENERAL ";"5";"5";"19";"19";"3";"84";"0"
"2023";"02";"021101";"ANCASH";"HUARMEY";"HUARMEY";"GOBIERNO REGIONAL";"II-1";"00001741";"HOSPITAL DE APOYO HUARMEY";"241200";"HOSPITALIZACIÓN QUIRÚRGICA TRAUMATOLOGÍA Y ORTOPEDIA ";"1";"1";"3";"3";"2";"56";"0"
"2023";"02";"021101";"ANCASH";"HUARMEY";"HUARMEY";"GOBIERNO REGIONAL";"II-1";"00001741";"HOSPITAL DE APOYO HUARMEY";"241400";"HOSPITALIZACIÓN QUIRÚRGICA GINECO - OBSTETRICIA ";"44";"47";"105";"101";"10";"280";"0"
"2023";"02";"021101";"ANCASH";"HUARMEY";"HUARMEY";"GOBIERNO REGIONAL";"II-1";"00001741";"HOSPITAL DE APOYO HUARMEY";"241800";"HOSPITALIZACIÓN DE MEDICINA MEDICINA GENERAL ";"11";"14";"83";"55";"3";"84";"1"
"2023";"02";"021101";"ANCASH";"HUARMEY";"HUARMEY";"GOBIERNO REGIONAL";"II-1";"00001741";"HOSPITAL DE APOYO HUARMEY";"242500";"HOSPITALIZACIÓN-PEDIATRÍA GENERAL-";"4";"4";"14";"14";"3";"84";"0"
"2023";"02";"050104";"AYACUCHO";"HUAMANGA";"CARMEN ALTO";"GOBIERNO REGIONAL";"I-1";"00011354";"PUESTO DE SALUD YANAMA";"NE_0001";"";"NE_0001";"NE_0001";"NE_0001";"NE_0001";"NE_0001";"NE_0001";"NE_0001"
"2023";"02";"060101";"CAJAMARCA";"CAJAMARCA";"CAJAMARCA";"GOBIERNO REGIONAL";"II-2";"00007686";"HOSPITAL REGIONAL DOCENTE CAJAMARCA";"241800";"HOSPITALIZACIÓN DE MEDICINA MEDICINA GENERAL ";"170";"169";"833";"859";"32";"896";"8"
"2023";"02";"060101";"CAJAMARCA";"CAJAMARCA";"CAJAMARCA";"GOBIERNO REGIONAL";"II-2";"00007686";"HOSPITAL REGIONAL DOCENTE CAJAMARCA";"243200";"HOSPITALIZACIÓN DE PEDIATRÍA PEDIATRIA NEONATOLOGÍA";"88";"76";"763";"955";"35";"980";"2"
"2023";"02";"060101";"CAJAMARCA";"CAJAMARCA";"CAJAMARCA";"GOBIERNO REGIONAL";"II-2";"00007686";"HOSPITAL REGIONAL DOCENTE CAJAMARCA";"242500";"HOSPITALIZACIÓN-PEDIATRÍA GENERAL-";"43";"39";"208";"236";"17";"476";"0"
"2023";"02";"060101";"CAJAMARCA";"CAJAMARCA";"CAJAMARCA";"GOBIERNO REGIONAL";"II-2";"00007686";"HOSPITAL REGIONAL DOCENTE CAJAMARCA";"250103";"UNIDAD DE CUIDADOS CRITICOS UNIDAD  DE CUIDADOS INTENSIVOS GENERALES  (UCI) MEDICINA";"23";"19";"202";"327";"13";"364";"7"
"2023";"02";"060101";"CAJAMARCA";"CAJAMARCA";"CAJAMARCA";"GOBIERNO REGIONAL";"II-2";"00007686";"HOSPITAL REGIONAL DOCENTE CAJAMARCA";"250200";"UNIDAD DE CUIDADOS CRITICOS UNIDAD DE CUIDADOS INTERMEDIOS GENERAL  (UCIN) ";"24";"22";"193";"146";"6";"168";"4"
"2023";"02";"060101";"CAJAMARCA";"CAJAMARCA";"CAJAMARCA";"GOBIERNO REGIONAL";"II-2";"00007686";"HOSPITAL REGIONAL DOCENTE CAJAMARCA";"250105";"UNIDAD DE CUIDADOS CRITICOS UNIDAD  DE CUIDADOS INTENSIVOS  (UCI) NEONATOLOGÍA";"55";"50";"421";"386";"15";"420";"5"
"2023";"02";"060101";"CAJAMARCA";"CAJAMARCA";"CAJAMARCA";"GOBIERNO REGIONAL";"II-2";"00007686";"HOSPITAL REGIONAL DOCENTE CAJAMARCA";"242200";"HOSPITALIZACIÓN DE MEDICINA PSIQUIATRÍA ";"4";"3";"72";"124";"6";"168";"0"
"2023";"02";"190103";"PASCO";"PASCO";"HUARIACA";"ESSALUD";"II-E";"00009749";"HOSPITAL II - E HUARIACA";"241800";"HOSPITALIZACIÓN DE MEDICINA MEDICINA GENERAL ";"31";"28";"124";"121";"8";"224";"1"
"2023";"02";"190103";"PASCO";"PASCO";"HUARIACA";"ESSALUD";"II-E";"00009749";"HOSPITAL II - E HUARIACA";"242100";"HOSPITALIZACIÓN DE MEDICINA ONCOLOGÍA MÉDICA ";"66";"77";"247";"220";"10";"280";"0"
"2023";"02";"190103";"PASCO";"PASCO";"HUARIACA";"ESSALUD";"II-E";"00009749";"HOSPITAL II - E HUARIACA";"242200";"HOSPITALIZACIÓN DE MEDICINA PSIQUIATRÍA ";"9";"3";"109";"1061";"70";"1960";"0"
"2023";"02";"190103";"PASCO";"PASCO";"HUARIACA";"ESSALUD";"II-E";"00009749";"HOSPITAL II - E HUARIACA";"240100";"HOSPITALIZACIÓN QUIRÚRGICA CIRUGÍA GENERAL ";"26";"26";"107";"104";"4";"112";"0"
"2023";"02";"190103";"PASCO";"PASCO";"HUARIACA";"ESSALUD";"II-E";"00009749";"HOSPITAL II - E HUARIACA";"241400";"HOSPITALIZACIÓN QUIRÚRGICA GINECO - OBSTETRICIA ";"6";"6";"12";"12";"2";"56";"0"
"2023";"02";"220202";"SAN MARTIN";"BELLAVISTA";"ALTO BIAVO";"GOBIERNO REGIONAL";"I-1";"00006528";"NUEVA ARICA";"NE_0002";"";"NE_0002";"NE_0002";"NE_0002";"NE_0002";"NE_0002";"NE_0002";"NE_0002"
"2023";"02";"040112";"AREQUIPA";"AREQUIPA";"PAUCARPATA";"ESSALUD";"II-1";"00013296";"HOSPITAL I EDMUNDO ESCOMEL";"241800";"HOSPITALIZACIÓN DE MEDICINA MEDICINA GENERAL ";"45";"44";"253";"267";"10";"280";"1"
"2023";"02";"040112";"AREQUIPA";"AREQUIPA";"PAUCARPATA";"ESSALUD";"II-1";"00013296";"HOSPITAL I EDMUNDO ESCOMEL";"240100";"HOSPITALIZACIÓN QUIRÚRGICA CIRUGÍA GENERAL ";"165";"161";"341";"354";"13";"364";"1"
"2023";"02";"040112";"AREQUIPA";"AREQUIPA";"PAUCARPATA";"ESSALUD";"II-1";"00013296";"HOSPITAL I EDMUNDO ESCOMEL";"241200";"HOSPITALIZACIÓN QUIRÚRGICA TRAUMATOLOGÍA Y ORTOPEDIA ";"31";"29";"170";"179";"7";"196";"0"
"2023";"02";"040112";"AREQUIPA";"AREQUIPA";"PAUCARPATA";"ESSALUD";"II-1";"00013296";"HOSPITAL I EDMUNDO ESCOMEL";"241500";"HOSPITALIZACIÓN QUIRÚRGICA GINECOLOGÍA  ";"34";"34";"86";"107";"4";"112";"0"
"2023";"02";"040112";"AREQUIPA";"AREQUIPA";"PAUCARPATA";"ESSALUD";"II-1";"00013296";"HOSPITAL I EDMUNDO ESCOMEL";"241600";"HOSPITALIZACIÓN QUIRÚRGICA OBSTETRICIA   ";"163";"165";"361";"342";"13";"364";"0"
"2023";"02";"040112";"AREQUIPA";"AREQUIPA";"PAUCARPATA";"ESSALUD";"II-1";"00013296";"HOSPITAL I EDMUNDO ESCOMEL";"242300";"HOSPITALIZACIÓN DE PEDIATRÍA  PEDIATRÍA  GENERAL ";"109";"97";"211";"238";"11";"308";"0"
"2023";"02";"140101";"LAMBAYEQUE";"CHICLAYO";"CHICLAYO";"GOBIERNO REGIONAL";"II-2";"00004317";"HOSPITAL REGIONAL DOCENTE LAS MERCEDES";"241800";"HOSPITALIZACIÓN DE MEDICINA MEDICINA GENERAL ";"157";"199";"1414";"31";"57";"1653";"17"
"2023";"02";"140101";"LAMBAYEQUE";"CHICLAYO";"CHICLAYO";"GOBIERNO REGIONAL";"II-2";"00004317";"HOSPITAL REGIONAL DOCENTE LAS MERCEDES";"240100";"HOSPITALIZACIÓN QUIRÚRGICA CIRUGÍA GENERAL ";"121";"150";"709";"18";"30";"870";"5"
"2023";"02";"140101";"LAMBAYEQUE";"CHICLAYO";"CHICLAYO";"GOBIERNO REGIONAL";"II-2";"00004317";"HOSPITAL REGIONAL DOCENTE LAS MERCEDES";"241200";"HOSPITALIZACIÓN QUIRÚRGICA TRAUMATOLOGÍA Y ORTOPEDIA ";"18";"27";"223";"5";"14";"406";"0"
"2023";"02";"140101";"LAMBAYEQUE";"CHICLAYO";"CHICLAYO";"GOBIERNO REGIONAL";"II-2";"00004317";"HOSPITAL REGIONAL DOCENTE LAS MERCEDES";"243200";"HOSPITALIZACIÓN DE PEDIATRÍA PEDIATRIA NEONATOLOGÍA";"178";"200";"515";"16";"20";"580";"2"
"2023";"02";"140101";"LAMBAYEQUE";"CHICLAYO";"CHICLAYO";"GOBIERNO REGIONAL";"II-2";"00004317";"HOSPITAL REGIONAL DOCENTE LAS MERCEDES";"241600";"HOSPITALIZACIÓN QUIRÚRGICA OBSTETRICIA   ";"227";"246";"532";"18";"43";"1247";"0"
"2023";"02";"140101";"LAMBAYEQUE";"CHICLAYO";"CHICLAYO";"GOBIERNO REGIONAL";"II-2";"00004317";"HOSPITAL REGIONAL DOCENTE LAS MERCEDES";"242300";"HOSPITALIZACIÓN DE PEDIATRÍA  PEDIATRÍA  GENERAL ";"38";"45";"256";"6";"29";"841";"0"
"2023";"02";"140101";"LAMBAYEQUE";"CHICLAYO";"CHICLAYO";"GOBIERNO REGIONAL";"II-2";"00004317";"HOSPITAL REGIONAL DOCENTE LAS MERCEDES";"250100";"UNIDAD DE CUIDADOS CRITICOS UNIDAD  DE CUIDADOS INTENSIVOS GENERALES (UCI) ";"2";"4";"61";"1";"6";"174";"3"
"2023";"02";"140101";"LAMBAYEQUE";"CHICLAYO";"CHICLAYO";"GOBIERNO REGIONAL";"II-2";"00004317";"HOSPITAL REGIONAL DOCENTE LAS MERCEDES";"241500";"HOSPITALIZACIÓN QUIRÚRGICA GINECOLOGÍA  ";"16";"16";"33";"1";"14";"406";"0"
"2023";"02";"140101";"LAMBAYEQUE";"CHICLAYO";"CHICLAYO";"GOBIERNO REGIONAL";"II-2";"00004317";"HOSPITAL REGIONAL DOCENTE LAS MERCEDES";"240801";"HOSPITALIZACIÓN QUIRÚRGICA CIRUGÍA PLÁSTICA/RECONSTRUCTIVA/ REPARADORA QUEMADOS";"5";"7";"50";"1";"13";"377";"0"
"2023";"02";"140101";"LAMBAYEQUE";"CHICLAYO";"CHICLAYO";"GOBIERNO REGIONAL";"II-2";"00004317";"HOSPITAL REGIONAL DOCENTE LAS MERCEDES";"250105";"UNIDAD DE CUIDADOS CRITICOS UNIDAD  DE CUIDADOS INTENSIVOS  (UCI) NEONATOLOGÍA";"0";"1";"100";"1";"4";"116";"0"
"2023";"02";"120805";"JUNIN";"YAULI";"MOROCOCHA";"GOBIERNO REGIONAL";"I-3";"00000563";"MOROCOCHA";"NE_0001";"";"NE_0001";"NE_0001";"NE_0001";"NE_0001";"NE_0001";"NE_0001";"NE_0001"
"2023";"02";"120803";"JUNIN";"YAULI";"HUAY HUAY";"GOBIERNO REGIONAL";"I-2";"00000430";"HUAYHUAY";"NE_0001";"";"NE_0001";"NE_0001";"NE_0001";"NE_0001";"NE_0001";"NE_0001";"NE_0001"
"2023";"02";"120804";"JUNIN";"YAULI";"MARCAPOMACOCHA";"GOBIERNO REGIONAL";"I-2";"00000561";"MARCAPOMACOCHA";"NE_0001";"";"NE_0001";"NE_0001";"NE_0001";"NE_0001";"NE_0001";"NE_0001";"NE_0001"
"2023";"02";"120810";"JUNIN";"YAULI";"YAULI";"GOBIERNO REGIONAL";"I-2";"00000567";"YAULI - LA OROYA";"NE_0001";"";"NE_0001";"NE_0001";"NE_0001";"NE_0001";"NE_0001";"NE_0001";"NE_0001"
"2023";"02";"120801";"JUNIN";"YAULI";"LA OROYA";"GOBIERNO REGIONAL";"I-1";"00021481";"HUARI";"NE_0001";"";"NE_0001";"NE_0001";"NE_0001";"NE_0001";"NE_0001";"NE_0001";"NE_0001"
"2023";"02";"120809";"JUNIN";"YAULI";"SUITUCANCHA";"GOBIERNO REGIONAL";"I-2";"00000431";"SUITUCANCHA";"NE_0001";"";"NE_0001";"NE_0001";"NE_0001";"NE_0001";"NE_0001";"NE_0001";"NE_0001"
"2023";"02";"120808";"JUNIN";"YAULI";"SANTA ROSA DE SACCO";"GOBIERNO REGIONAL";"I-3";"00000566";"SANTA ROSA DE SACCO";"NE_0001";"";"NE_0001";"NE_0001";"NE_0001";"NE_0001";"NE_0001";"NE_0001";"NE_0001"
"2023";"02";"120801";"JUNIN";"YAULI";"LA OROYA";"GOBIERNO REGIONAL";"I-4";"00000559";"LA OROYA";"NE_0001";"";"NE_0001";"NE_0001";"NE_0001";"NE_0001";"NE_0001";"NE_0001";"NE_0001"
"2023";"02";"120801";"JUNIN";"YAULI";"LA OROYA";"GOBIERNO REGIONAL";"I-2";"00000560";"HUAYNACANCHA";"NE_0001";"";"NE_0001";"NE_0001";"NE_0001";"NE_0001";"NE_0001";"NE_0001";"NE_0001"
"2023";"02";"120804";"JUNIN";"YAULI";"MARCAPOMACOCHA";"GOBIERNO REGIONAL";"I-1";"00000562";"SAN FRANCISCO DE YANTAC";"NE_0001";"";"NE_0001";"NE_0001";"NE_0001";"NE_0001";"NE_0001";"NE_0001";"NE_0001"
"2023";"02";"120808";"JUNIN";"YAULI";"SANTA ROSA DE SACCO";"GOBIERNO REGIONAL";"I-1";"00021449";"JUAN PABLO II";"NE_0001";"";"NE_0001";"NE_0001";"NE_0001";"NE_0001";"NE_0001";"NE_0001";"NE_0001"
"2023";"02";"120802";"JUNIN";"YAULI";"CHACAPALPA";"GOBIERNO REGIONAL";"I-1";"00000429";"CHACAPALPA";"NE_0001";"";"NE_0001";"NE_0001";"NE_0001";"NE_0001";"NE_0001";"NE_0001";"NE_0001"
"2023";"02";"120303";"JUNIN";"CHANCHAMAYO";"PICHANAQUI";"GOBIERNO REGIONAL";"I-3";"00000344";"LAS PALMAS";"NE_0001";"";"NE_0001";"NE_0001";"NE_0001";"NE_0001";"NE_0001";"NE_0001";"NE_0001"
"2023";"02";"150114";"LIMA";"LIMA";"LA MOLINA";"PRIVADO";"II-E";"00009010";"CLINICA DE LA FAMILIA";"240000";"HOSPITALIZACIÓN";"189";"189";"88";"88";"11";"248";"0"
"2023";"02";"030601";"APURIMAC";"CHINCHEROS";"CHINCHEROS";"GOBIERNO REGIONAL";"II-1";"00004140";"HOSPITAL CHINCHEROS";"240100";"HOSPITALIZACIÓN QUIRÚRGICA CIRUGÍA GENERAL ";"9";"10";"30";"30";"7";"196";"1"
"2023";"02";"030601";"APURIMAC";"CHINCHEROS";"CHINCHEROS";"GOBIERNO REGIONAL";"II-1";"00004140";"HOSPITAL CHINCHEROS";"241500";"HOSPITALIZACIÓN QUIRÚRGICA GINECOLOGÍA  ";"8";"8";"18";"18";"4";"112";"0"
"2023";"02";"030601";"APURIMAC";"CHINCHEROS";"CHINCHEROS";"GOBIERNO REGIONAL";"II-1";"00004140";"HOSPITAL CHINCHEROS";"241800";"HOSPITALIZACIÓN DE MEDICINA MEDICINA GENERAL ";"11";"12";"43";"43";"23";"644";"0"
"2023";"02";"030601";"APURIMAC";"CHINCHEROS";"CHINCHEROS";"GOBIERNO REGIONAL";"II-1";"00004140";"HOSPITAL CHINCHEROS";"241600";"HOSPITALIZACIÓN QUIRÚRGICA OBSTETRICIA   ";"18";"19";"56";"56";"8";"224";"0"
"2023";"02";"030601";"APURIMAC";"CHINCHEROS";"CHINCHEROS";"GOBIERNO REGIONAL";"II-1";"00004140";"HOSPITAL CHINCHEROS";"242500";"HOSPITALIZACIÓN-PEDIATRÍA GENERAL-";"3";"3";"8";"8";"3";"84";"0"
"2023";"02";"030601";"APURIMAC";"CHINCHEROS";"CHINCHEROS";"GOBIERNO REGIONAL";"II-1";"00004140";"HOSPITAL CHINCHEROS";"243200";"HOSPITALIZACIÓN DE PEDIATRÍA PEDIATRIA NEONATOLOGÍA";"2";"2";"4";"4";"2";"56";"0"
"2023";"02";"030601";"APURIMAC";"CHINCHEROS";"CHINCHEROS";"GOBIERNO REGIONAL";"II-1";"00004140";"HOSPITAL CHINCHEROS";"242204";"HOSPITALIZACIÓN DE MEDICINA PSIQUIATRÍA REHABILITACIÓN PSIQUIÁTRICA / REINSERCIÓN ";"0";"2";"111";"111";"4";"112";"0"
"2023";"02";"230101";"TACNA";"TACNA";"TACNA";"PRIVADO";"II-1";"00027462";"CLINICA LA LUZ";"240100";"HOSPITALIZACIÓN QUIRÚRGICA CIRUGÍA GENERAL ";"39";"35";"31";"42";"3";"126";"0"
"2023";"02";"230101";"TACNA";"TACNA";"TACNA";"PRIVADO";"II-1";"00027462";"CLINICA LA LUZ";"241300";"HOSPITALIZACIÓN QUIRÚRGICA UROLOGÍA  ";"16";"14";"12";"19";"4";"76";"0"
"2023";"01";"220508";"SAN MARTIN";"LAMAS";"SAN ROQUE DE CUMBAZA";"GOBIERNO REGIONAL";"I-1";"00006357";"ALTO SHAMBOYACU";"NE_0001";"";"NE_0001";"NE_0001";"NE_0001";"NE_0001";"NE_0001";"NE_0001";"NE_0001"
"2023";"01";"220507";"SAN MARTIN";"LAMAS";"RUMISAPA";"GOBIERNO REGIONAL";"I-1";"00006389";"CHURUZAPA";"NE_0001";"";"NE_0001";"NE_0001";"NE_0001";"NE_0001";"NE_0001";"NE_0001";"NE_0001"
"2023";"01";"220501";"SAN MARTIN";"LAMAS";"LAMAS";"GOBIERNO REGIONAL";"I-1";"00006353";"HUAYCO LAMAS";"NE_0001";"";"NE_0001";"NE_0001";"NE_0001";"NE_0001";"NE_0001";"NE_0001";"NE_0001"
"2023";"01";"220912";"SAN MARTIN";"SAN MARTIN";"SAN ANTONIO";"GOBIERNO REGIONAL";"I-1";"00006387";"AUCALOMA";"NE_0001";"";"NE_0001";"NE_0001";"NE_0001";"NE_0001";"NE_0001";"NE_0001";"NE_0001"
"2023";"01";"220507";"SAN MARTIN";"LAMAS";"RUMISAPA";"GOBIERNO REGIONAL";"I-1";"00006354";"CHIRAPA LA LIBERTAD";"NE_0001";"";"NE_0001";"NE_0001";"NE_0001";"NE_0001";"NE_0001";"NE_0001";"NE_0001"
"2023";"01";"200401";"PIURA";"MORROPON";"CHULUCANAS";"GOBIERNO REGIONAL";"II-1";"00002161";"E.S  II-1  HOSPITAL  CHULUCANAS";"240100";"HOSPITALIZACIÓN QUIRÚRGICA CIRUGÍA GENERAL ";"14";"13";"96";"146";"10";"310";"0"
"2023";"01";"200401";"PIURA";"MORROPON";"CHULUCANAS";"GOBIERNO REGIONAL";"II-1";"00002161";"E.S  II-1  HOSPITAL  CHULUCANAS";"241400";"HOSPITALIZACIÓN QUIRÚRGICA GINECO - OBSTETRICIA ";"234";"227";"394";"487";"22";"682";"0"
"2023";"01";"200401";"PIURA";"MORROPON";"CHULUCANAS";"GOBIERNO REGIONAL";"II-1";"00002161";"E.S  II-1  HOSPITAL  CHULUCANAS";"241800";"HOSPITALIZACIÓN DE MEDICINA MEDICINA GENERAL ";"39";"27";"96";"140";"12";"372";"1"
"2023";"01";"200401";"PIURA";"MORROPON";"CHULUCANAS";"GOBIERNO REGIONAL";"II-1";"00002161";"E.S  II-1  HOSPITAL  CHULUCANAS";"242500";"HOSPITALIZACIÓN-PEDIATRÍA GENERAL-";"15";"15";"60";"76";"6";"186";"0"
"2023";"01";"200401";"PIURA";"MORROPON";"CHULUCANAS";"GOBIERNO REGIONAL";"II-1";"00002161";"E.S  II-1  HOSPITAL  CHULUCANAS";"243200";"HOSPITALIZACIÓN DE PEDIATRÍA PEDIATRIA NEONATOLOGÍA";"36";"36";"113";"125";"10";"310";"0"
"2023";"01";"050701";"AYACUCHO";"PARINACOCHAS";"CORACORA";"GOBIERNO REGIONAL";"II-1";"00003523";"HOSPITAL DE APOYO DE CORACORA";"240100";"HOSPITALIZACIÓN QUIRÚRGICA CIRUGÍA GENERAL ";"12";"12";"92";"92";"8";"248";"0"
"2023";"01";"050701";"AYACUCHO";"PARINACOCHAS";"CORACORA";"GOBIERNO REGIONAL";"II-1";"00003523";"HOSPITAL DE APOYO DE CORACORA";"241400";"HOSPITALIZACIÓN QUIRÚRGICA GINECO - OBSTETRICIA ";"13";"13";"29";"29";"5";"155";"0"
"2023";"01";"050701";"AYACUCHO";"PARINACOCHAS";"CORACORA";"GOBIERNO REGIONAL";"II-1";"00003523";"HOSPITAL DE APOYO DE CORACORA";"241500";"HOSPITALIZACIÓN QUIRÚRGICA GINECOLOGÍA  ";"49";"49";"88";"14";"7";"217";"0"
"2023";"01";"050701";"AYACUCHO";"PARINACOCHAS";"CORACORA";"GOBIERNO REGIONAL";"II-1";"00003523";"HOSPITAL DE APOYO DE CORACORA";"241800";"HOSPITALIZACIÓN DE MEDICINA MEDICINA GENERAL ";"18";"20";"108";"108";"16";"496";"3"
"2023";"01";"050701";"AYACUCHO";"PARINACOCHAS";"CORACORA";"GOBIERNO REGIONAL";"II-1";"00003523";"HOSPITAL DE APOYO DE CORACORA";"242500";"HOSPITALIZACIÓN-PEDIATRÍA GENERAL-";"25";"25";"40";"40";"4";"124";"0"
"2023";"01";"080101";"CUSCO";"CUSCO";"CUSCO";"GOBIERNO REGIONAL";"III-1";"00002289";"HOSPITAL DE APOYO DEPARTAMENTAL CUSCO";"240100";"HOSPITALIZACIÓN QUIRÚRGICA CIRUGÍA GENERAL ";"160";"161";"748";"742";"34";"1054";"4"
"2023";"01";"080101";"CUSCO";"CUSCO";"CUSCO";"GOBIERNO REGIONAL";"III-1";"00002289";"HOSPITAL DE APOYO DEPARTAMENTAL CUSCO";"240100";"HOSPITALIZACIÓN QUIRÚRGICA CIRUGÍA GENERAL ";"56";"50";"332";"351";"21";"651";"1"
"2023";"01";"080101";"CUSCO";"CUSCO";"CUSCO";"GOBIERNO REGIONAL";"III-1";"00002289";"HOSPITAL DE APOYO DEPARTAMENTAL CUSCO";"241800";"HOSPITALIZACIÓN DE MEDICINA MEDICINA GENERAL ";"31";"30";"283";"317";"24";"744";"2"
"2023";"01";"080101";"CUSCO";"CUSCO";"CUSCO";"GOBIERNO REGIONAL";"III-1";"00002289";"HOSPITAL DE APOYO DEPARTAMENTAL CUSCO";"241500";"HOSPITALIZACIÓN QUIRÚRGICA GINECOLOGÍA  ";"138";"139";"318";"323";"12";"372";"0"
"2023";"01";"080101";"CUSCO";"CUSCO";"CUSCO";"GOBIERNO REGIONAL";"III-1";"00002289";"HOSPITAL DE APOYO DEPARTAMENTAL CUSCO";"241400";"HOSPITALIZACIÓN QUIRÚRGICA GINECO - OBSTETRICIA ";"227";"226";"510";"308";"19";"589";"1"
"2023";"01";"080101";"CUSCO";"CUSCO";"CUSCO";"GOBIERNO REGIONAL";"III-1";"00002289";"HOSPITAL DE APOYO DEPARTAMENTAL CUSCO";"241800";"HOSPITALIZACIÓN DE MEDICINA MEDICINA GENERAL ";"12";"12";"290";"232";"9";"279";"1"
"2023";"01";"080101";"CUSCO";"CUSCO";"CUSCO";"GOBIERNO REGIONAL";"III-1";"00002289";"HOSPITAL DE APOYO DEPARTAMENTAL CUSCO";"241800";"HOSPITALIZACIÓN DE MEDICINA MEDICINA GENERAL ";"41";"38";"568";"527";"19";"589";"5"
"2023";"01";"080101";"CUSCO";"CUSCO";"CUSCO";"GOBIERNO REGIONAL";"III-1";"00002289";"HOSPITAL DE APOYO DEPARTAMENTAL CUSCO";"241900";"HOSPITALIZACIÓN DE MEDICINA MEDICINA INTERNA ";"29";"31";"757";"601";"22";"682";"6"
"2023";"01";"080101";"CUSCO";"CUSCO";"CUSCO";"GOBIERNO REGIONAL";"III-1";"00002289";"HOSPITAL DE APOYO DEPARTAMENTAL CUSCO";"240900";"HOSPITALIZACIÓN QUIRÚRGICA NEUROCIRUGÍA ";"34";"36";"390";"353";"14";"434";"1"
"2023";"01";"080101";"CUSCO";"CUSCO";"CUSCO";"GOBIERNO REGIONAL";"III-1";"00002289";"HOSPITAL DE APOYO DEPARTAMENTAL CUSCO";"242100";"HOSPITALIZACIÓN DE MEDICINA ONCOLOGÍA MÉDICA ";"18";"17";"176";"143";"9";"279";"3"
"2023";"01";"080101";"CUSCO";"CUSCO";"CUSCO";"GOBIERNO REGIONAL";"III-1";"00002289";"HOSPITAL DE APOYO DEPARTAMENTAL CUSCO";"242300";"HOSPITALIZACIÓN DE PEDIATRÍA  PEDIATRÍA  GENERAL ";"22";"18";"165";"171";"9";"279";"0"
"2023";"01";"080101";"CUSCO";"CUSCO";"CUSCO";"GOBIERNO REGIONAL";"III-1";"00002289";"HOSPITAL DE APOYO DEPARTAMENTAL CUSCO";"243200";"HOSPITALIZACIÓN DE PEDIATRÍA PEDIATRIA NEONATOLOGÍA";"59";"64";"844";"501";"22";"682";"1"
"2023";"01";"080101";"CUSCO";"CUSCO";"CUSCO";"GOBIERNO REGIONAL";"III-1";"00002289";"HOSPITAL DE APOYO DEPARTAMENTAL CUSCO";"242204";"HOSPITALIZACIÓN DE MEDICINA PSIQUIATRÍA REHABILITACIÓN PSIQUIÁTRICA / REINSERCIÓN ";"13";"13";"227";"148";"7";"217";"0"
"2023";"01";"080101";"CUSCO";"CUSCO";"CUSCO";"GOBIERNO REGIONAL";"III-1";"00002289";"HOSPITAL DE APOYO DEPARTAMENTAL CUSCO";"241200";"HOSPITALIZACIÓN QUIRÚRGICA TRAUMATOLOGÍA Y ORTOPEDIA ";"44";"47";"693";"538";"21";"651";"0"
"2023";"01";"080101";"CUSCO";"CUSCO";"CUSCO";"GOBIERNO REGIONAL";"III-1";"00002289";"HOSPITAL DE APOYO DEPARTAMENTAL CUSCO";"250100";"UNIDAD DE CUIDADOS CRITICOS UNIDAD  DE CUIDADOS INTENSIVOS GENERALES (UCI) ";"0";"1";"16";"71";"5";"155";"1"
"2023";"01";"080101";"CUSCO";"CUSCO";"CUSCO";"GOBIERNO REGIONAL";"III-1";"00002289";"HOSPITAL DE APOYO DEPARTAMENTAL CUSCO";"240801";"HOSPITALIZACIÓN QUIRÚRGICA CIRUGÍA PLÁSTICA/RECONSTRUCTIVA/ REPARADORA QUEMADOS";"19";"23";"524";"289";"18";"558";"0"
"2023";"01";"080101";"CUSCO";"CUSCO";"CUSCO";"GOBIERNO REGIONAL";"III-1";"00002289";"HOSPITAL DE APOYO DEPARTAMENTAL CUSCO";"250100";"UNIDAD DE CUIDADOS CRITICOS UNIDAD  DE CUIDADOS INTENSIVOS GENERALES (UCI) ";"26";"27";"358";"252";"12";"372";"6"
"2023";"01";"080601";"CUSCO";"CANCHIS";"SICUANI";"GOBIERNO REGIONAL";"I-2";"00002381";"QUEHUAR";"NE_0001";"";"NE_0001";"NE_0001";"NE_0001";"NE_0001";"NE_0001";"NE_0001";"NE_0001"
"2023";"01";"080606";"CUSCO";"CANCHIS";"SAN PABLO";"GOBIERNO REGIONAL";"I-2";"00002394";"SAN PABLO CANCHIS";"NE_0001";"";"NE_0001";"NE_0001";"NE_0001";"NE_0001";"NE_0001";"NE_0001";"NE_0001"
"2023";"01";"080606";"CUSCO";"CANCHIS";"SAN PABLO";"GOBIERNO REGIONAL";"I-2";"00002395";"SANTA BARBARA";"NE_0001";"";"NE_0001";"NE_0001";"NE_0001";"NE_0001";"NE_0001";"NE_0001";"NE_0001"
"2023";"01";"080601";"CUSCO";"CANCHIS";"SICUANI";"GOBIERNO REGIONAL";"I-1";"00002382";"UZCUPATA";"NE_0001";"";"NE_0001";"NE_0001";"NE_0001";"NE_0001";"NE_0001";"NE_0001";"NE_0001"
"2023";"01";"080601";"CUSCO";"CANCHIS";"SICUANI";"GOBIERNO REGIONAL";"I-3";"00002384";"PAMPAPHALLA";"NE_0001";"";"NE_0001";"NE_0001";"NE_0001";"NE_0001";"NE_0001";"NE_0001";"NE_0001"
"2023";"01";"080601";"CUSCO";"CANCHIS";"SICUANI";"GOBIERNO REGIONAL";"I-2";"00026387";"MENTAL COMUNITARIO SICUANI";"NE_0001";"";"NE_0001";"NE_0001";"NE_0001";"NE_0001";"NE_0001";"NE_0001";"NE_0001"
"2023";"01";"080601";"CUSCO";"CANCHIS";"SICUANI";"GOBIERNO REGIONAL";"I-2";"00002383";"LA FLORIDA";"NE_0001";"";"NE_0001";"NE_0001";"NE_0001";"NE_0001";"NE_0001";"NE_0001";"NE_0001"
"2023";"01";"080607";"CUSCO";"CANCHIS";"SAN PEDRO";"GOBIERNO REGIONAL";"I-2";"00002396";"SAN PEDRO CANCHIS";"NE_0001";"";"NE_0001";"NE_0001";"NE_0001";"NE_0001";"NE_0001";"NE_0001";"NE_0001"
"2023";"02";"070102";"CALLAO";"CALLAO";"BELLAVISTA";"SANIDAD DE LA MARINA DE GUERRA DEL PERU";"III-1";"00008266";"HOSPITAL NAVAL";"242300";"HOSPITALIZACIÓN DE PEDIATRÍA  PEDIATRÍA  GENERAL ";"37";"38";"120";"119";"18";"504";"0"
"2023";"02";"070102";"CALLAO";"CALLAO";"BELLAVISTA";"SANIDAD DE LA MARINA DE GUERRA DEL PERU";"III-1";"00008266";"HOSPITAL NAVAL";"241200";"HOSPITALIZACIÓN QUIRÚRGICA TRAUMATOLOGÍA Y ORTOPEDIA ";"42";"42";"310";"307";"14";"392";"0"
"2023";"02";"070102";"CALLAO";"CALLAO";"BELLAVISTA";"SANIDAD DE LA MARINA DE GUERRA DEL PERU";"III-1";"00008266";"HOSPITAL NAVAL";"241400";"HOSPITALIZACIÓN QUIRÚRGICA GINECO - OBSTETRICIA ";"87";"86";"336";"307";"18";"504";"0"
"2023";"02";"070102";"CALLAO";"CALLAO";"BELLAVISTA";"SANIDAD DE LA MARINA DE GUERRA DEL PERU";"III-1";"00008266";"HOSPITAL NAVAL";"243200";"HOSPITALIZACIÓN DE PEDIATRÍA PEDIATRIA NEONATOLOGÍA";"41";"42";"183";"145";"12";"336";"0"
"2023";"02";"070102";"CALLAO";"CALLAO";"BELLAVISTA";"SANIDAD DE LA MARINA DE GUERRA DEL PERU";"III-1";"00008266";"HOSPITAL NAVAL";"244400";"HOSPITALIZACIÓN DE MEDICINA GERIATRIA ";"27";"23";"160";"310";"14";"392";"4"
"2023";"02";"070102";"CALLAO";"CALLAO";"BELLAVISTA";"SANIDAD DE LA MARINA DE GUERRA DEL PERU";"III-1";"00008266";"HOSPITAL NAVAL";"240100";"HOSPITALIZACIÓN QUIRÚRGICA CIRUGÍA GENERAL ";"143";"159";"1293";"1260";"57";"1596";"3"
"2023";"02";"070102";"CALLAO";"CALLAO";"BELLAVISTA";"SANIDAD DE LA MARINA DE GUERRA DEL PERU";"III-1";"00008266";"HOSPITAL NAVAL";"241800";"HOSPITALIZACIÓN DE MEDICINA MEDICINA GENERAL ";"39";"37";"462";"532";"20";"560";"2"
"2023";"02";"070102";"CALLAO";"CALLAO";"BELLAVISTA";"SANIDAD DE LA MARINA DE GUERRA DEL PERU";"III-1";"00008266";"HOSPITAL NAVAL";"240000";"HOSPITALIZACIÓN";"151";"139";"1098";"1400";"78";"2184";"4"
"2023";"02";"220511";"SAN MARTIN";"LAMAS";"ZAPATERO";"GOBIERNO REGIONAL";"I-1";"00006401";"PROGRESO";"NE_0002";"";"NE_0002";"NE_0002";"NE_0002";"NE_0002";"NE_0002";"NE_0002";"NE_0002"
"2023";"02";"220511";"SAN MARTIN";"LAMAS";"ZAPATERO";"GOBIERNO REGIONAL";"I-1";"00006405";"BAGAZAN";"NE_0002";"";"NE_0002";"NE_0002";"NE_0002";"NE_0002";"NE_0002";"NE_0002";"NE_0002"
"2023";"02";"220511";"SAN MARTIN";"LAMAS";"ZAPATERO";"GOBIERNO REGIONAL";"I-1";"00006404";"SANTA CRUZ DE SHITARIYACU";"NE_0002";"";"NE_0002";"NE_0002";"NE_0002";"NE_0002";"NE_0002";"NE_0002";"NE_0002"
"2023";"02";"220511";"SAN MARTIN";"LAMAS";"ZAPATERO";"GOBIERNO REGIONAL";"I-1";"00006402";"UCHUMULLACA";"NE_0002";"";"NE_0002";"NE_0002";"NE_0002";"NE_0002";"NE_0002";"NE_0002";"NE_0002"
"2023";"02";"220505";"SAN MARTIN";"LAMAS";"CUÑUMBUQUI";"GOBIERNO REGIONAL";"I-1";"00006372";"SAN FRANCISCO DEL RIO MAYO";"NE_0002";"";"NE_0002";"NE_0002";"NE_0002";"NE_0002";"NE_0002";"NE_0002";"NE_0002"
"2023";"02";"220511";"SAN MARTIN";"LAMAS";"ZAPATERO";"GOBIERNO REGIONAL";"I-1";"00006398";"SAN FERNANDO";"NE_0002";"";"NE_0002";"NE_0002";"NE_0002";"NE_0002";"NE_0002";"NE_0002";"NE_0002"
"2023";"02";"220505";"SAN MARTIN";"LAMAS";"CUÑUMBUQUI";"GOBIERNO REGIONAL";"I-1";"00006784";"ALTO ANDINO";"NE_0002";"";"NE_0002";"NE_0002";"NE_0002";"NE_0002";"NE_0002";"NE_0002";"NE_0002"
"2023";"02";"220511";"SAN MARTIN";"LAMAS";"ZAPATERO";"GOBIERNO REGIONAL";"I-1";"00006406";"NUEVO MUNDO";"NE_0002";"";"NE_0002";"NE_0002";"NE_0002";"NE_0002";"NE_0002";"NE_0002";"NE_0002"
"2023";"02";"220511";"SAN MARTIN";"LAMAS";"ZAPATERO";"GOBIERNO REGIONAL";"I-1";"00006810";"VISTOSO GRANDE";"NE_0002";"";"NE_0002";"NE_0002";"NE_0002";"NE_0002";"NE_0002";"NE_0002";"NE_0002"
"2023";"02";"220505";"SAN MARTIN";"LAMAS";"CUÑUMBUQUI";"GOBIERNO REGIONAL";"I-1";"00006378";"MAMONAQUIHUA";"NE_0002";"";"NE_0002";"NE_0002";"NE_0002";"NE_0002";"NE_0002";"NE_0002";"NE_0002"
"2023";"02";"220505";"SAN MARTIN";"LAMAS";"CUÑUMBUQUI";"GOBIERNO REGIONAL";"I-1";"00006397";"SAN RAFAEL DEL RIO MAYO";"NE_0002";"";"NE_0002";"NE_0002";"NE_0002";"NE_0002";"NE_0002";"NE_0002";"NE_0002"
"2023";"02";"220511";"SAN MARTIN";"LAMAS";"ZAPATERO";"GOBIERNO REGIONAL";"I-1";"00006400";"NUEVO CELENDIN";"NE_0002";"";"NE_0002";"NE_0002";"NE_0002";"NE_0002";"NE_0002";"NE_0002";"NE_0002"
"2023";"02";"220505";"SAN MARTIN";"LAMAS";"CUÑUMBUQUI";"GOBIERNO REGIONAL";"I-1";"00006377";"LAS FLORES DE MAMONAQUIHUA";"NE_0002";"";"NE_0002";"NE_0002";"NE_0002";"NE_0002";"NE_0002";"NE_0002";"NE_0002"
"2023";"02";"220901";"SAN MARTIN";"SAN MARTIN";"TARAPOTO";"GOBIERNO REGIONAL";"II-2";"00006918";"HOSPITAL TARAPOTO";"240100";"HOSPITALIZACIÓN QUIRÚRGICA CIRUGÍA GENERAL ";"232";"222";"1180";"1180";"43";"1204";"0"
"2023";"02";"220901";"SAN MARTIN";"SAN MARTIN";"TARAPOTO";"GOBIERNO REGIONAL";"II-2";"00006918";"HOSPITAL TARAPOTO";"241400";"HOSPITALIZACIÓN QUIRÚRGICA GINECO - OBSTETRICIA ";"264";"268";"636";"636";"28";"784";"0"
"2023";"02";"220901";"SAN MARTIN";"SAN MARTIN";"TARAPOTO";"GOBIERNO REGIONAL";"II-2";"00006918";"HOSPITAL TARAPOTO";"241500";"HOSPITALIZACIÓN QUIRÚRGICA GINECOLOGÍA  ";"20";"19";"48";"48";"7";"196";"0"
"2023";"02";"220901";"SAN MARTIN";"SAN MARTIN";"TARAPOTO";"GOBIERNO REGIONAL";"II-2";"00006918";"HOSPITAL TARAPOTO";"241800";"HOSPITALIZACIÓN DE MEDICINA MEDICINA GENERAL ";"162";"162";"1446";"1446";"52";"1456";"7"
"2023";"02";"220901";"SAN MARTIN";"SAN MARTIN";"TARAPOTO";"GOBIERNO REGIONAL";"II-2";"00006918";"HOSPITAL TARAPOTO";"242500";"HOSPITALIZACIÓN-PEDIATRÍA GENERAL-";"56";"56";"461";"461";"17";"476";"1"
"2023";"02";"060307";"CAJAMARCA";"CELENDIN";"MIGUEL IGLESIAS";"GOBIERNO REGIONAL";"I-3";"00004478";"MIGUEL IGLESIAS";"NE_0001";"";"NE_0001";"NE_0001";"NE_0001";"NE_0001";"NE_0001";"NE_0001";"NE_0001"
"2023";"02";"060307";"CAJAMARCA";"CELENDIN";"MIGUEL IGLESIAS";"GOBIERNO REGIONAL";"I-1";"00009085";"MUYOC GRANDE";"NE_0001";"";"NE_0001";"NE_0001";"NE_0001";"NE_0001";"NE_0001";"NE_0001";"NE_0001"
"2023";"02";"060302";"CAJAMARCA";"CELENDIN";"CHUMUCH";"GOBIERNO REGIONAL";"I-1";"00004479";"CHUMUCH";"NE_0001";"";"NE_0001";"NE_0001";"NE_0001";"NE_0001";"NE_0001";"NE_0001";"NE_0001"
"2023";"02";"060312";"CAJAMARCA";"CELENDIN";"LA LIBERTAD DE PALLAN";"GOBIERNO REGIONAL";"I-2";"00004481";"LA LIBERTAD DE PALLAN";"NE_0001";"";"NE_0001";"NE_0001";"NE_0001";"NE_0001";"NE_0001";"NE_0001";"NE_0001"
"2023";"02";"060312";"CAJAMARCA";"CELENDIN";"LA LIBERTAD DE PALLAN";"GOBIERNO REGIONAL";"I-1";"00004480";"NUEVA ESPERANZA";"NE_0001";"";"NE_0001";"NE_0001";"NE_0001";"NE_0001";"NE_0001";"NE_0001";"NE_0001"
"2023";"02";"060312";"CAJAMARCA";"CELENDIN";"LA LIBERTAD DE PALLAN";"GOBIERNO REGIONAL";"I-1";"00006756";"RAMOSCUCHO";"NE_0001";"";"NE_0001";"NE_0001";"NE_0001";"NE_0001";"NE_0001";"NE_0001";"NE_0001"
"2023";"02";"060307";"CAJAMARCA";"CELENDIN";"MIGUEL IGLESIAS";"GOBIERNO REGIONAL";"I-1";"00009088";"PIZON";"NE_0001";"";"NE_0001";"NE_0001";"NE_0001";"NE_0001";"NE_0001";"NE_0001";"NE_0001"
"2023";"02";"060307";"CAJAMARCA";"CELENDIN";"MIGUEL IGLESIAS";"GOBIERNO REGIONAL";"I-1";"00011156";"MUYOC CHICO";"NE_0001";"";"NE_0001";"NE_0001";"NE_0001";"NE_0001";"NE_0001";"NE_0001";"NE_0001"
"2023";"02";"060302";"CAJAMARCA";"CELENDIN";"CHUMUCH";"GOBIERNO REGIONAL";"I-1";"00006759";"RAMBRAN";"NE_0001";"";"NE_0001";"NE_0001";"NE_0001";"NE_0001";"NE_0001";"NE_0001";"NE_0001"
"2023";"02";"060307";"CAJAMARCA";"CELENDIN";"MIGUEL IGLESIAS";"GOBIERNO REGIONAL";"I-1";"00025042";"JORGE CHAVEZ DE MIGUEL IGLESIAS";"NE_0001";"";"NE_0001";"NE_0001";"NE_0001";"NE_0001";"NE_0001";"NE_0001";"NE_0001"
"2023";"02";"150101";"LIMA";"LIMA";"LIMA";"PRIVADO";"II-1";"00011087";"CLINICA LA LUZ S.A.C.";"240000";"HOSPITALIZACIÓN";"93";"93";"100";"143";"9";"350";"0"
"2023";"02";"150121";"LIMA";"LIMA";"PUEBLO LIBRE";"PRIVADO";"II-1";"00010831";"centro Especializado en Odontoestomatología";"NE_0001";"";"NE_0001";"NE_0001";"NE_0001";"NE_0001";"NE_0001";"NE_0001";"NE_0001"
"2023";"02";"120701";"JUNIN";"TARMA";"TARMA";"GOBIERNO REGIONAL";"I-2";"00000587";"POMACHACA";"NE_0001";"";"NE_0001";"NE_0001";"NE_0001";"NE_0001";"NE_0001";"NE_0001";"NE_0001"
"2023";"02";"120701";"JUNIN";"TARMA";"TARMA";"GOBIERNO REGIONAL";"I-1";"00000593";"SANYACANCHA";"NE_0001";"";"NE_0001";"NE_0001";"NE_0001";"NE_0001";"NE_0001";"NE_0001";"NE_0001"
"2023";"02";"120701";"JUNIN";"TARMA";"TARMA";"GOBIERNO REGIONAL";"I-1";"00000588";"MULLUCRO";"NE_0001";"";"NE_0001";"NE_0001";"NE_0001";"NE_0001";"NE_0001";"NE_0001";"NE_0001"
"2023";"01";"081207";"CUSCO";"QUISPICANCHI";"HUARO";"GOBIERNO REGIONAL";"I-2";"00030708";"MENTAL COMUNITARIO HUARO";"NE_0001";"";"NE_0001";"NE_0001";"NE_0001";"NE_0001";"NE_0001";"NE_0001";"NE_0001"
"2023";"01";"060801";"CAJAMARCA";"JAEN";"JAEN";"GOBIERNO REGIONAL";"I-3";"00004213";"FILA ALTA";"NE_0001";"";"NE_0001";"NE_0001";"NE_0001";"NE_0001";"NE_0001";"NE_0001";"NE_0001"
"2023";"01";"060801";"CAJAMARCA";"JAEN";"JAEN";"GOBIERNO REGIONAL";"I-1";"00010804";"PUENTE ZONANGA";"NE_0001";"";"NE_0001";"NE_0001";"NE_0001";"NE_0001";"NE_0001";"NE_0001";"NE_0001"
"2023";"01";"150140";"LIMA";"LIMA";"SANTIAGO DE SURCO";"PRIVADO";"II-E";"00017823";"OFTALMOLOGICA SANTO TORIBIO";"NE_0001";"";"NE_0001";"NE_0001";"NE_0001";"NE_0001";"NE_0001";"NE_0001";"NE_0001"
"2023";"01";"150141";"LIMA";"LIMA";"SURQUILLO";"PRIVADO";"II-E";"00012947";"CLINICA SANTA MARIA";"240000";"HOSPITALIZACIÓN";"191";"184";"263";"291";"20";"620";"0"
"2023";"01";"150116";"LIMA";"LIMA";"LINCE";"PRIVADO";"II-E";"00023918";"CLINICA CIRLAP";"240000";"HOSPITALIZACIÓN";"32";"32";"84";"69";"12";"360";"0"
"2023";"01";"150117";"LIMA";"LIMA";"LOS OLIVOS";"PRIVADO";"II-E";"00018307";"CLINICA MARIA SRL";"240100";"HOSPITALIZACIÓN QUIRÚRGICA CIRUGÍA GENERAL ";"29";"29";"33";"33";"8";"215";"0"
"2023";"01";"050401";"AYACUCHO";"HUANTA";"HUANTA";"GOBIERNO REGIONAL";"II-1";"00003655";"HOSPITAL DE APOYO DE HUANTA ""DANIEL ALCIDES CARRIÓN""";"241800";"HOSPITALIZACIÓN DE MEDICINA MEDICINA GENERAL ";"31";"24";"106";"114";"30";"367";"1"
"2023";"01";"050401";"AYACUCHO";"HUANTA";"HUANTA";"GOBIERNO REGIONAL";"II-1";"00003655";"HOSPITAL DE APOYO DE HUANTA ""DANIEL ALCIDES CARRIÓN""";"240100";"HOSPITALIZACIÓN QUIRÚRGICA CIRUGÍA GENERAL ";"45";"47";"159";"173";"14";"362";"0"
"2023";"01";"050401";"AYACUCHO";"HUANTA";"HUANTA";"GOBIERNO REGIONAL";"II-1";"00003655";"HOSPITAL DE APOYO DE HUANTA ""DANIEL ALCIDES CARRIÓN""";"242500";"HOSPITALIZACIÓN-PEDIATRÍA GENERAL-";"7";"9";"51";"52";"10";"300";"0"
"2023";"01";"050401";"AYACUCHO";"HUANTA";"HUANTA";"GOBIERNO REGIONAL";"II-1";"00003655";"HOSPITAL DE APOYO DE HUANTA ""DANIEL ALCIDES CARRIÓN""";"241500";"HOSPITALIZACIÓN QUIRÚRGICA GINECOLOGÍA  ";"46";"24";"48";"55";"6";"243";"0"
"2023";"01";"060803";"CAJAMARCA";"JAEN";"CHONTALI";"GOBIERNO REGIONAL";"I-3";"00004232";"CHONTALI";"NE_0001";"";"NE_0001";"NE_0001";"NE_0001";"NE_0001";"NE_0001";"NE_0001";"NE_0001"
"2023";"01";"060803";"CAJAMARCA";"JAEN";"CHONTALI";"GOBIERNO REGIONAL";"I-1";"00004235";"TABACAL CHONTALI";"NE_0001";"";"NE_0001";"NE_0001";"NE_0001";"NE_0001";"NE_0001";"NE_0001";"NE_0001"
"2023";"01";"060803";"CAJAMARCA";"JAEN";"CHONTALI";"GOBIERNO REGIONAL";"I-2";"00004234";"HUALATAN";"NE_0001";"";"NE_0001";"NE_0001";"NE_0001";"NE_0001";"NE_0001";"NE_0001";"NE_0001"
"2023";"01";"060803";"CAJAMARCA";"JAEN";"CHONTALI";"GOBIERNO REGIONAL";"I-2";"00004233";"PACHAPIRIANA";"NE_0001";"";"NE_0001";"NE_0001";"NE_0001";"NE_0001";"NE_0001";"NE_0001";"NE_0001"
"2023";"01";"130705";"LA LIBERTAD";"PACASMAYO";"SAN JOSE";"GOBIERNO REGIONAL";"I-3";"00005297";"SAN JOSE";"NE_0001";"";"NE_0001";"NE_0001";"NE_0001";"NE_0001";"NE_0001";"NE_0001";"NE_0001"
"2023";"01";"150143";"LIMA";"LIMA";"VILLA MARIA DEL TRIUNFO";"PRIVADO";"II-1";"00017824";"CLINICA MARIA HUARHUA E.I.R.L";"NE_0002";"";"NE_0002";"NE_0002";"NE_0002";"NE_0002";"NE_0002";"NE_0002";"NE_0002"
"2023";"01";"050116";"AYACUCHO";"HUAMANGA";"ANDRES AVELINO CACERES D.";"GOBIERNO REGIONAL";"I-3";"00003603";"CENTRO DE SALUD CONCHOPATA";"241600";"HOSPITALIZACIÓN QUIRÚRGICA OBSTETRICIA   ";"1";"1";"2";"2";"2";"3";"0"
"2023";"01";"050116";"AYACUCHO";"HUAMANGA";"ANDRES AVELINO CACERES D.";"GOBIERNO REGIONAL";"I-1";"00011362";"PUESTO DE SALUD YANAMILLA";"NE_0001";"";"NE_0001";"NE_0001";"NE_0001";"NE_0001";"NE_0001";"NE_0001";"NE_0001"
"2023";"01";"050116";"AYACUCHO";"HUAMANGA";"ANDRES AVELINO CACERES D.";"GOBIERNO REGIONAL";"I-3";"00003602";"CENTRO DE SALUD SANTA ELENA";"241600";"HOSPITALIZACIÓN QUIRÚRGICA OBSTETRICIA   ";"12";"12";"23";"2";"4";"6";"0"
"2023";"01";"050113";"AYACUCHO";"HUAMANGA";"TAMBILLO";"GOBIERNO REGIONAL";"I-1";"00003604";"PUESTO DE SALUD HUAYHUACONDO";"NE_0001";"";"NE_0001";"NE_0001";"NE_0001";"NE_0001";"NE_0001";"NE_0001";"NE_0001"
"2023";"01";"050113";"AYACUCHO";"HUAMANGA";"TAMBILLO";"GOBIERNO REGIONAL";"I-2";"00003549";"TAMBILLO";"NE_0001";"";"NE_0001";"NE_0001";"NE_0001";"NE_0001";"NE_0001";"NE_0001";"NE_0001"
"2023";"02";"021304";"ANCASH";"MARISCAL LUZURIAGA";"FIDEL OLIVAS ESCUDERO";"GOBIERNO REGIONAL";"I-1";"00001793";"PUESTO DE SALUD SANASHGAN";"NE_0002";"";"NE_0002";"NE_0002";"NE_0002";"NE_0002";"NE_0002";"NE_0002";"NE_0002"
"2023";"02";"021308";"ANCASH";"MARISCAL LUZURIAGA";"MUSGA";"GOBIERNO REGIONAL";"I-1";"00001792";"PUESTO DE SALUD MUSGA";"NE_0002";"";"NE_0002";"NE_0002";"NE_0002";"NE_0002";"NE_0002";"NE_0002";"NE_0002"
"2023";"02";"021301";"ANCASH";"MARISCAL LUZURIAGA";"PISCOBAMBA";"GOBIERNO REGIONAL";"I-4";"00001783";"CENTRO DE SALUD PISCOBAMBA";"NE_0002";"";"NE_0002";"NE_0002";"NE_0002";"NE_0002";"NE_0002";"NE_0002";"NE_0002"
"2023";"02";"021304";"ANCASH";"MARISCAL LUZURIAGA";"FIDEL OLIVAS ESCUDERO";"GOBIERNO REGIONAL";"I-1";"00001794";"PUESTO DE SALUD PARCO";"NE_0002";"";"NE_0002";"NE_0002";"NE_0002";"NE_0002";"NE_0002";"NE_0002";"NE_0002"
"2023";"02";"021306";"ANCASH";"MARISCAL LUZURIAGA";"LLUMPA";"GOBIERNO REGIONAL";"I-2";"00001789";"PUESTO DE SALUD LLUMPA";"NE_0002";"";"NE_0002";"NE_0002";"NE_0002";"NE_0002";"NE_0002";"NE_0002";"NE_0002"
"2023";"02";"040520";"AREQUIPA";"CAYLLOMA";"MAJES";"GOBIERNO REGIONAL";"II-1";"00016721";"HOSPITAL CENTRAL DE MAJES ING. ANGEL GABRIEL CHURA GALLEGOS";"240100";"HOSPITALIZACIÓN QUIRÚRGICA CIRUGÍA GENERAL ";"28";"33";"115";"145";"6";"186";"0"
"2023";"02";"040520";"AREQUIPA";"CAYLLOMA";"MAJES";"GOBIERNO REGIONAL";"II-1";"00016721";"HOSPITAL CENTRAL DE MAJES ING. ANGEL GABRIEL CHURA GALLEGOS";"241500";"HOSPITALIZACIÓN QUIRÚRGICA GINECOLOGÍA  ";"28";"29";"120";"160";"8";"248";"0"
"2023";"02";"040520";"AREQUIPA";"CAYLLOMA";"MAJES";"GOBIERNO REGIONAL";"II-1";"00016721";"HOSPITAL CENTRAL DE MAJES ING. ANGEL GABRIEL CHURA GALLEGOS";"241800";"HOSPITALIZACIÓN DE MEDICINA MEDICINA GENERAL ";"27";"34";"110";"132";"12";"434";"1"
"2023";"02";"040520";"AREQUIPA";"CAYLLOMA";"MAJES";"GOBIERNO REGIONAL";"II-1";"00016721";"HOSPITAL CENTRAL DE MAJES ING. ANGEL GABRIEL CHURA GALLEGOS";"241600";"HOSPITALIZACIÓN QUIRÚRGICA OBSTETRICIA   ";"96";"96";"152";"210";"11";"341";"0"
"2023";"02";"040520";"AREQUIPA";"CAYLLOMA";"MAJES";"GOBIERNO REGIONAL";"II-1";"00016721";"HOSPITAL CENTRAL DE MAJES ING. ANGEL GABRIEL CHURA GALLEGOS";"242500";"HOSPITALIZACIÓN-PEDIATRÍA GENERAL-";"4";"6";"72";"86";"8";"248";"0"
"2023";"02";"040520";"AREQUIPA";"CAYLLOMA";"MAJES";"GOBIERNO REGIONAL";"II-1";"00016721";"HOSPITAL CENTRAL DE MAJES ING. ANGEL GABRIEL CHURA GALLEGOS";"241200";"HOSPITALIZACIÓN QUIRÚRGICA TRAUMATOLOGÍA Y ORTOPEDIA ";"9";"12";"30";"38";"6";"186";"0"
"2023";"02";"120114";"JUNIN";"HUANCAYO";"EL TAMBO";"GOBIERNO REGIONAL";"I-1";"00000710";"INCHO";"NE_0002";"";"NE_0002";"NE_0002";"NE_0002";"NE_0002";"NE_0002";"NE_0002";"NE_0002"
"2023";"02";"120114";"JUNIN";"HUANCAYO";"EL TAMBO";"GOBIERNO REGIONAL";"I-3";"00000714";"JUAN PARRA DEL RIEGO";"NE_0002";"";"NE_0002";"NE_0002";"NE_0002";"NE_0002";"NE_0002";"NE_0002";"NE_0002"
"2023";"02";"120128";"JUNIN";"HUANCAYO";"QUILCAS";"GOBIERNO REGIONAL";"I-1";"00000721";"COLPAR";"NE_0002";"";"NE_0002";"NE_0002";"NE_0002";"NE_0002";"NE_0002";"NE_0002";"NE_0002"
"2023";"02";"040501";"AREQUIPA";"CAYLLOMA";"CHIVAY";"ESSALUD";"I-2";"00013292";"POSTA MEDICA CHIVAY";"NE_0001";"";"NE_0001";"NE_0001";"NE_0001";"NE_0001";"NE_0001";"NE_0001";"NE_0001"
"2023";"02";"140101";"LAMBAYEQUE";"CHICLAYO";"CHICLAYO";"PRIVADO";"II-E";"00012457";"CLINICA PROVIDA";"240800";"HOSPITALIZACIÓN QUIRÚRGICA CIRUGÍA PLÁSTICA/RECONSTRUCTIVA/ REPARADORA ";"42";"42";"26";"42";"2";"56";"0"
"2023";"02";"140101";"LAMBAYEQUE";"CHICLAYO";"CHICLAYO";"PRIVADO";"II-E";"00012457";"CLINICA PROVIDA";"240400";"HOSPITALIZACIÓN QUIRÚRGICA CIRUGÍA DE TÓRAX Y CARDIOVASCULAR ";"3";"3";"8";"3";"1";"28";"0"
"2023";"02";"140101";"LAMBAYEQUE";"CHICLAYO";"CHICLAYO";"PRIVADO";"II-E";"00012457";"CLINICA PROVIDA";"240100";"HOSPITALIZACIÓN QUIRÚRGICA CIRUGÍA GENERAL ";"57";"57";"90";"57";"3";"84";"0"
"2023";"02";"140101";"LAMBAYEQUE";"CHICLAYO";"CHICLAYO";"PRIVADO";"II-E";"00012457";"CLINICA PROVIDA";"241200";"HOSPITALIZACIÓN QUIRÚRGICA TRAUMATOLOGÍA Y ORTOPEDIA ";"39";"39";"81";"39";"2";"56";"0"
"2023";"02";"140101";"LAMBAYEQUE";"CHICLAYO";"CHICLAYO";"PRIVADO";"II-E";"00012457";"CLINICA PROVIDA";"241400";"HOSPITALIZACIÓN QUIRÚRGICA GINECO - OBSTETRICIA ";"56";"56";"53";"56";"2";"56";"0"
"2023";"02";"140101";"LAMBAYEQUE";"CHICLAYO";"CHICLAYO";"PRIVADO";"II-E";"00012457";"CLINICA PROVIDA";"242100";"HOSPITALIZACIÓN DE MEDICINA ONCOLOGÍA MÉDICA ";"3";"3";"29";"3";"1";"28";"0"
"2023";"02";"140101";"LAMBAYEQUE";"CHICLAYO";"CHICLAYO";"PRIVADO";"II-E";"00012457";"CLINICA PROVIDA";"240700";"HOSPITALIZACIÓN QUIRÚRGICA CIRUGÍA PEDIÁTRICA ";"1";"1";"1";"1";"1";"28";"0"
"2023";"02";"140101";"LAMBAYEQUE";"CHICLAYO";"CHICLAYO";"PRIVADO";"II-E";"00012457";"CLINICA PROVIDA";"241300";"HOSPITALIZACIÓN QUIRÚRGICA UROLOGÍA  ";"20";"20";"20";"20";"1";"28";"0"
"2023";"02";"140101";"LAMBAYEQUE";"CHICLAYO";"CHICLAYO";"PRIVADO";"II-E";"00012457";"CLINICA PROVIDA";"241900";"HOSPITALIZACIÓN DE MEDICINA MEDICINA INTERNA ";"6";"6";"25";"6";"1";"28";"0"
"2023";"02";"140101";"LAMBAYEQUE";"CHICLAYO";"CHICLAYO";"PRIVADO";"II-E";"00012457";"CLINICA PROVIDA";"241800";"HOSPITALIZACIÓN DE MEDICINA MEDICINA GENERAL ";"1";"1";"1";"1";"1";"28";"0"
"2023";"02";"150131";"LIMA";"LIMA";"SAN ISIDRO";"PRIVADO";"I-2";"00008215";"MEDICENTRO SAN ISIDRO";"NE_0001";"";"NE_0001";"NE_0001";"NE_0001";"NE_0001";"NE_0001";"NE_0001";"NE_0001"
"2023";"02";"120113";"JUNIN";"HUANCAYO";"CULLHUAS";"GOBIERNO REGIONAL";"I-1";"00000617";"RETAMA BAJA";"NE_0001";"";"NE_0001";"NE_0001";"NE_0001";"NE_0001";"NE_0001";"NE_0001";"NE_0001"
"2023";"02";"120116";"JUNIN";"HUANCAYO";"HUACRAPUQUIO";"GOBIERNO REGIONAL";"I-2";"00000619";"HUACRAPUQUIO";"NE_0001";"";"NE_0001";"NE_0001";"NE_0001";"NE_0001";"NE_0001";"NE_0001";"NE_0001"
"2023";"02";"120121";"JUNIN";"HUANCAYO";"HUAYUCACHI";"GOBIERNO REGIONAL";"I-1";"00000623";"HUMANMARCA";"NE_0001";"";"NE_0001";"NE_0001";"NE_0001";"NE_0001";"NE_0001";"NE_0001";"NE_0001"
"2023";"02";"120133";"JUNIN";"HUANCAYO";"SAPALLANGA";"GOBIERNO REGIONAL";"I-3";"00000629";"SAPALLANGA";"NE_0001";"";"NE_0001";"NE_0001";"NE_0001";"NE_0001";"NE_0001";"NE_0001";"NE_0001"
"2023";"02";"120111";"JUNIN";"HUANCAYO";"CHUPURO";"GOBIERNO REGIONAL";"I-2";"00000612";"CHUPURO";"NE_0001";"";"NE_0001";"NE_0001";"NE_0001";"NE_0001";"NE_0001";"NE_0001";"NE_0001"
"2023";"02";"120126";"JUNIN";"HUANCAYO";"PUCARA";"GOBIERNO REGIONAL";"I-2";"00000625";"MARCAVALLE";"NE_0001";"";"NE_0001";"NE_0001";"NE_0001";"NE_0001";"NE_0001";"NE_0001";"NE_0001"
"2023";"02";"120126";"JUNIN";"HUANCAYO";"PUCARA";"GOBIERNO REGIONAL";"I-1";"00000627";"JATUN SUCLLA";"NE_0001";"";"NE_0001";"NE_0001";"NE_0001";"NE_0001";"NE_0001";"NE_0001";"NE_0001"
"2023";"02";"120119";"JUNIN";"HUANCAYO";"HUANCAN";"GOBIERNO REGIONAL";"I-3";"00000620";"HUANCAN";"NE_0001";"";"NE_0001";"NE_0001";"NE_0001";"NE_0001";"NE_0001";"NE_0001";"NE_0001"
"2023";"02";"120126";"JUNIN";"HUANCAYO";"PUCARA";"GOBIERNO REGIONAL";"I-1";"00000626";"RAQUINA";"NE_0001";"";"NE_0001";"NE_0001";"NE_0001";"NE_0001";"NE_0001";"NE_0001";"NE_0001"
"2023";"02";"120133";"JUNIN";"HUANCAYO";"SAPALLANGA";"GOBIERNO REGIONAL";"I-2";"00000630";"LA PUNTA";"NE_0001";"";"NE_0001";"NE_0001";"NE_0001";"NE_0001";"NE_0001";"NE_0001";"NE_0001"
"2023";"02";"120133";"JUNIN";"HUANCAYO";"SAPALLANGA";"GOBIERNO REGIONAL";"I-1";"00000634";"HUAYLLASPANCA";"NE_0001";"";"NE_0001";"NE_0001";"NE_0001";"NE_0001";"NE_0001";"NE_0001";"NE_0001"
"2023";"02";"120111";"JUNIN";"HUANCAYO";"CHUPURO";"GOBIERNO REGIONAL";"I-1";"00000613";"CARHUAPACCHA";"NE_0001";"";"NE_0001";"NE_0001";"NE_0001";"NE_0001";"NE_0001";"NE_0001";"NE_0001"
"2023";"02";"120121";"JUNIN";"HUANCAYO";"HUAYUCACHI";"GOBIERNO REGIONAL";"I-3";"00000622";"HUAYUCACHI";"NE_0001";"";"NE_0001";"NE_0001";"NE_0001";"NE_0001";"NE_0001";"NE_0001";"NE_0001"
"2023";"02";"150122";"LIMA";"LIMA";"MIRAFLORES";"MINSA";"III-E";"00006213";"HOSPITAL DE EMERGENCIAS JOSE CASIMIRO ULLOA";"240100";"HOSPITALIZACIÓN QUIRÚRGICA CIRUGÍA GENERAL ";"112";"124";"474";"602";"26";"728";"1"
"2023";"02";"150122";"LIMA";"LIMA";"MIRAFLORES";"MINSA";"III-E";"00006213";"HOSPITAL DE EMERGENCIAS JOSE CASIMIRO ULLOA";"241800";"HOSPITALIZACIÓN DE MEDICINA MEDICINA GENERAL ";"100";"135";"1175";"510";"20";"560";"18"
"2023";"02";"150122";"LIMA";"LIMA";"MIRAFLORES";"MINSA";"III-E";"00006213";"HOSPITAL DE EMERGENCIAS JOSE CASIMIRO ULLOA";"240900";"HOSPITALIZACIÓN QUIRÚRGICA NEUROCIRUGÍA ";"9";"17";"195";"210";"11";"308";"1"
"2023";"02";"150122";"LIMA";"LIMA";"MIRAFLORES";"MINSA";"III-E";"00006213";"HOSPITAL DE EMERGENCIAS JOSE CASIMIRO ULLOA";"241200";"HOSPITALIZACIÓN QUIRÚRGICA TRAUMATOLOGÍA Y ORTOPEDIA ";"50";"59";"239";"274";"14";"392";"0"
"2023";"02";"150122";"LIMA";"LIMA";"MIRAFLORES";"MINSA";"III-E";"00006213";"HOSPITAL DE EMERGENCIAS JOSE CASIMIRO ULLOA";"250000";"UNIDAD DE CUIDADOS CRITICOS  ";"16";"12";"173";"265";"10";"280";"0"
"2023";"02";"150122";"LIMA";"LIMA";"MIRAFLORES";"MINSA";"III-E";"00006213";"HOSPITAL DE EMERGENCIAS JOSE CASIMIRO ULLOA";"250103";"UNIDAD DE CUIDADOS CRITICOS UNIDAD  DE CUIDADOS INTENSIVOS GENERALES  (UCI) MEDICINA";"9";"10";"147";"164";"6";"168";"0"
"2023";"02";"150122";"LIMA";"LIMA";"MIRAFLORES";"MINSA";"III-E";"00006213";"HOSPITAL DE EMERGENCIAS JOSE CASIMIRO ULLOA";"250500";"HOSPIT. EN UNIDAD DE CUID.INTEN.-UNIDAD DE TRAUMA SHOCK-";"6";"6";"6";"16";"4";"112";"0"
"2023";"03";"120709";"JUNIN";"TARMA";"TAPO";"GOBIERNO REGIONAL";"I-1";"00000581";"QUETA";"NE_0001";"";"NE_0001";"NE_0001";"NE_0001";"NE_0001";"NE_0001";"NE_0001";"NE_0001"
"2023";"03";"120709";"JUNIN";"TARMA";"TAPO";"GOBIERNO REGIONAL";"I-1";"00000578";"YURACMAYO";"NE_0001";"";"NE_0001";"NE_0001";"NE_0001";"NE_0001";"NE_0001";"NE_0001";"NE_0001"
"2023";"03";"120709";"JUNIN";"TARMA";"TAPO";"GOBIERNO REGIONAL";"I-1";"00000579";"MACO";"NE_0001";"";"NE_0001";"NE_0001";"NE_0001";"NE_0001";"NE_0001";"NE_0001";"NE_0001"
"2023";"03";"120709";"JUNIN";"TARMA";"TAPO";"GOBIERNO REGIONAL";"I-2";"00000577";"TAPO";"NE_0001";"";"NE_0001";"NE_0001";"NE_0001";"NE_0001";"NE_0001";"NE_0001";"NE_0001"
"2023";"03";"120709";"JUNIN";"TARMA";"TAPO";"GOBIERNO REGIONAL";"I-1";"00000580";"CASACOTO - SAN ANTONIO";"NE_0001";"";"NE_0001";"NE_0001";"NE_0001";"NE_0001";"NE_0001";"NE_0001";"NE_0001"
"2023";"03";"120709";"JUNIN";"TARMA";"TAPO";"GOBIERNO REGIONAL";"I-1";"00000582";"PACCHAC";"NE_0001";"";"NE_0001";"NE_0001";"NE_0001";"NE_0001";"NE_0001";"NE_0001";"NE_0001"
"2023";"03";"150122";"LIMA";"LIMA";"MIRAFLORES";"PRIVADO";"II-E";"00024924";"CLÍNICA CORPORACIÓN DE CIRUJANOS PLÁSTICOS";"NE_0002";"";"NE_0002";"NE_0002";"NE_0002";"NE_0002";"NE_0002";"NE_0002";"NE_0002"
"2023";"03";"210701";"PUNO";"LAMPA";"LAMPA";"ESSALUD";"II-1";"00009900";"HOSPITAL I LAMPA - ESSALUD - RED ASISTENCIAL JULIACA";"242200";"HOSPITALIZACIÓN DE MEDICINA PSIQUIATRÍA ";"18";"16";"114";"137";"10";"285";"0"
"2023";"03";"060301";"CAJAMARCA";"CELENDIN";"CELENDIN";"GOBIERNO REGIONAL";"II-1";"00004466";"DE APOYO CELENDIN";"241800";"HOSPITALIZACIÓN DE MEDICINA MEDICINA GENERAL ";"95";"92";"0";"195";"27";"837";"0"
"2023";"03";"060303";"CAJAMARCA";"CELENDIN";"CORTEGANA";"GOBIERNO REGIONAL";"I-1";"00004474";"YAGEN";"NE_0001";"";"NE_0001";"NE_0001";"NE_0001";"NE_0001";"NE_0001";"NE_0001";"NE_0001"
"2023";"03";"180301";"MOQUEGUA";"ILO";"ILO";"GOBIERNO REGIONAL";"II-1";"00002818";"HOSPITAL ILO";"240100";"HOSPITALIZACIÓN QUIRÚRGICA CIRUGÍA GENERAL ";"17";"17";"61";"98";"9";"279";"0"
"2023";"03";"180301";"MOQUEGUA";"ILO";"ILO";"GOBIERNO REGIONAL";"II-1";"00002818";"HOSPITAL ILO";"241800";"HOSPITALIZACIÓN DE MEDICINA MEDICINA GENERAL ";"21";"21";"102";"111";"30";"930";"1"
"2023";"03";"180301";"MOQUEGUA";"ILO";"ILO";"GOBIERNO REGIONAL";"II-1";"00002818";"HOSPITAL ILO";"242500";"HOSPITALIZACIÓN-PEDIATRÍA GENERAL-";"30";"30";"99";"61";"4";"124";"0"
"2023";"03";"180301";"MOQUEGUA";"ILO";"ILO";"GOBIERNO REGIONAL";"II-1";"00002818";"HOSPITAL ILO";"241500";"HOSPITALIZACIÓN QUIRÚRGICA GINECOLOGÍA  ";"7";"7";"30";"59";"3";"93";"0"
"2023";"03";"180301";"MOQUEGUA";"ILO";"ILO";"GOBIERNO REGIONAL";"II-1";"00002818";"HOSPITAL ILO";"243200";"HOSPITALIZACIÓN DE PEDIATRÍA PEDIATRIA NEONATOLOGÍA";"5";"5";"14";"22";"3";"93";"0"
"2023";"03";"180301";"MOQUEGUA";"ILO";"ILO";"GOBIERNO REGIONAL";"II-1";"00002818";"HOSPITAL ILO";"241400";"HOSPITALIZACIÓN QUIRÚRGICA GINECO - OBSTETRICIA ";"23";"23";"80";"131";"7";"217";"0"
"2023";"03";"180301";"MOQUEGUA";"ILO";"ILO";"GOBIERNO REGIONAL";"II-1";"00002818";"HOSPITAL ILO";"241600";"HOSPITALIZACIÓN QUIRÚRGICA OBSTETRICIA   ";"54";"54";"116";"178";"10";"310";"0"
"2023";"03";"040112";"AREQUIPA";"AREQUIPA";"PAUCARPATA";"GOBIERNO REGIONAL";"I-2";"00001317";"CENTRO DE SALUD MIGUEL GRAU  B";"NE_0001";"";"NE_0001";"NE_0001";"NE_0001";"NE_0001";"NE_0001";"NE_0001";"NE_0001"
"2023";"03";"040112";"AREQUIPA";"AREQUIPA";"PAUCARPATA";"GOBIERNO REGIONAL";"I-2";"00001318";"PUESTO DE SALUD MIGUEL GRAU  MODULO C-D";"NE_0001";"";"NE_0001";"NE_0001";"NE_0001";"NE_0001";"NE_0001";"NE_0001";"NE_0001"
"2023";"01";"060614";"CAJAMARCA";"CUTERVO";"SOCOTA";"GOBIERNO REGIONAL";"I-1";"00006937";"MINAS DE SOCOTA";"NE_0001";"";"NE_0001";"NE_0001";"NE_0001";"NE_0001";"NE_0001";"NE_0001";"NE_0001"
"2023";"01";"060610";"CAJAMARCA";"CUTERVO";"SAN LUIS DE LUCMA";"GOBIERNO REGIONAL";"I-1";"00006853";"SAIREPAMPA";"NE_0001";"";"NE_0001";"NE_0001";"NE_0001";"NE_0001";"NE_0001";"NE_0001";"NE_0001"
"2023";"01";"060614";"CAJAMARCA";"CUTERVO";"SOCOTA";"GOBIERNO REGIONAL";"I-1";"00011258";"RINCONADA MIRAFLORES";"NE_0001";"";"NE_0001";"NE_0001";"NE_0001";"NE_0001";"NE_0001";"NE_0001";"NE_0001"
"2023";"01";"060614";"CAJAMARCA";"CUTERVO";"SOCOTA";"GOBIERNO REGIONAL";"I-1";"00011262";"PUQUIO DE SOCOTA";"NE_0001";"";"NE_0001";"NE_0001";"NE_0001";"NE_0001";"NE_0001";"NE_0001";"NE_0001"
"2023";"01";"060614";"CAJAMARCA";"CUTERVO";"SOCOTA";"GOBIERNO REGIONAL";"I-1";"00005032";"PAMPA LA RIOJA";"NE_0001";"";"NE_0001";"NE_0001";"NE_0001";"NE_0001";"NE_0001";"NE_0001";"NE_0001"
"2023";"01";"060614";"CAJAMARCA";"CUTERVO";"SOCOTA";"GOBIERNO REGIONAL";"I-3";"00005040";" VIRGEN DE LA CANDELARIA ";"NE_0001";"";"NE_0001";"NE_0001";"NE_0001";"NE_0001";"NE_0001";"NE_0001";"NE_0001"
"2023";"01";"060614";"CAJAMARCA";"CUTERVO";"SOCOTA";"GOBIERNO REGIONAL";"I-1";"00005037";"CHISIGLE";"NE_0001";"";"NE_0001";"NE_0001";"NE_0001";"NE_0001";"NE_0001";"NE_0001";"NE_0001"
"2023";"01";"060614";"CAJAMARCA";"CUTERVO";"SOCOTA";"GOBIERNO REGIONAL";"I-1";"00005042";"SAN ANTONIO";"NE_0001";"";"NE_0001";"NE_0001";"NE_0001";"NE_0001";"NE_0001";"NE_0001";"NE_0001"
"2023";"01";"060614";"CAJAMARCA";"CUTERVO";"SOCOTA";"GOBIERNO REGIONAL";"I-1";"00005043";"LAGUNA SHITA";"NE_0001";"";"NE_0001";"NE_0001";"NE_0001";"NE_0001";"NE_0001";"NE_0001";"NE_0001"
"2023";"01";"060614";"CAJAMARCA";"CUTERVO";"SOCOTA";"GOBIERNO REGIONAL";"I-1";"00007749";"CHURUMAYO";"NE_0001";"";"NE_0001";"NE_0001";"NE_0001";"NE_0001";"NE_0001";"NE_0001";"NE_0001"
"2023";"01";"060614";"CAJAMARCA";"CUTERVO";"SOCOTA";"GOBIERNO REGIONAL";"I-1";"00011061";"NUEVO ORIENTE DE SOCOTA";"NE_0001";"";"NE_0001";"NE_0001";"NE_0001";"NE_0001";"NE_0001";"NE_0001";"NE_0001"
"2023";"01";"060614";"CAJAMARCA";"CUTERVO";"SOCOTA";"GOBIERNO REGIONAL";"I-1";"00011063";"LIBERTAD LA PALMA";"NE_0001";"";"NE_0001";"NE_0001";"NE_0001";"NE_0001";"NE_0001";"NE_0001";"NE_0001"
"2023";"01";"060610";"CAJAMARCA";"CUTERVO";"SAN LUIS DE LUCMA";"GOBIERNO REGIONAL";"I-1";"00005039";"SANTO DOMINGO DE LA LUCMA";"NE_0001";"";"NE_0001";"NE_0001";"NE_0001";"NE_0001";"NE_0001";"NE_0001";"NE_0001"
"2023";"01";"060614";"CAJAMARCA";"CUTERVO";"SOCOTA";"GOBIERNO REGIONAL";"I-1";"00005041";"MOCHADIN";"NE_0001";"";"NE_0001";"NE_0001";"NE_0001";"NE_0001";"NE_0001";"NE_0001";"NE_0001"
"2023";"01";"060614";"CAJAMARCA";"CUTERVO";"SOCOTA";"GOBIERNO REGIONAL";"I-1";"00006866";"CUÑANQUE";"NE_0001";"";"NE_0001";"NE_0001";"NE_0001";"NE_0001";"NE_0001";"NE_0001";"NE_0001"
"2023";"01";"060614";"CAJAMARCA";"CUTERVO";"SOCOTA";"GOBIERNO REGIONAL";"I-1";"00006948";"SANTA ELENA";"NE_0001";"";"NE_0001";"NE_0001";"NE_0001";"NE_0001";"NE_0001";"NE_0001";"NE_0001"
"2023";"01";"060610";"CAJAMARCA";"CUTERVO";"SAN LUIS DE LUCMA";"GOBIERNO REGIONAL";"I-1";"00007048";"SEXESHITA";"NE_0001";"";"NE_0001";"NE_0001";"NE_0001";"NE_0001";"NE_0001";"NE_0001";"NE_0001"
"2023";"02";"120403";"JUNIN";"JAUJA";"APATA";"GOBIERNO REGIONAL";"I-3";"00000409";"APATA";"NE_0001";"";"NE_0001";"NE_0001";"NE_0001";"NE_0001";"NE_0001";"NE_0001";"NE_0001"
"2023";"02";"120403";"JUNIN";"JAUJA";"APATA";"GOBIERNO REGIONAL";"I-1";"00000413";"PAUCAR APATA";"NE_0001";"";"NE_0001";"NE_0001";"NE_0001";"NE_0001";"NE_0001";"NE_0001";"NE_0001"
"2023";"02";"120403";"JUNIN";"JAUJA";"APATA";"GOBIERNO REGIONAL";"I-1";"00000412";"CHICCHE";"NE_0001";"";"NE_0001";"NE_0001";"NE_0001";"NE_0001";"NE_0001";"NE_0001";"NE_0001"
"2023";"02";"120403";"JUNIN";"JAUJA";"APATA";"GOBIERNO REGIONAL";"I-1";"00000411";"SAN JOSE DE APATA";"NE_0001";"";"NE_0001";"NE_0001";"NE_0001";"NE_0001";"NE_0001";"NE_0001";"NE_0001"
"2023";"02";"120428";"JUNIN";"JAUJA";"SAN LORENZO";"GOBIERNO REGIONAL";"I-1";"00000416";"SAN LORENZO";"NE_0001";"";"NE_0001";"NE_0001";"NE_0001";"NE_0001";"NE_0001";"NE_0001";"NE_0001"
"2023";"02";"120403";"JUNIN";"JAUJA";"APATA";"GOBIERNO REGIONAL";"I-1";"00000410";"NUEVA ESPERANZA";"NE_0001";"";"NE_0001";"NE_0001";"NE_0001";"NE_0001";"NE_0001";"NE_0001";"NE_0001"
"2023";"02";"120408";"JUNIN";"JAUJA";"HUAMALI";"GOBIERNO REGIONAL";"I-2";"00000415";"HUAMALI";"NE_0001";"";"NE_0001";"NE_0001";"NE_0001";"NE_0001";"NE_0001";"NE_0001";"NE_0001"
"2023";"02";"060201";"CAJAMARCA";"CAJABAMBA";"CAJABAMBA";"GOBIERNO REGIONAL";"II-1";"00004511";"DE APOYO CAJABAMBA";"240100";"HOSPITALIZACIÓN QUIRÚRGICA CIRUGÍA GENERAL ";"14";"17";"57";"49";"5";"140";"0"
"2023";"02";"060201";"CAJAMARCA";"CAJABAMBA";"CAJABAMBA";"GOBIERNO REGIONAL";"II-1";"00004511";"DE APOYO CAJABAMBA";"241400";"HOSPITALIZACIÓN QUIRÚRGICA GINECO - OBSTETRICIA ";"127";"135";"256";"216";"14";"392";"0"
"2023";"02";"060201";"CAJAMARCA";"CAJABAMBA";"CAJABAMBA";"GOBIERNO REGIONAL";"II-1";"00004511";"DE APOYO CAJABAMBA";"241800";"HOSPITALIZACIÓN DE MEDICINA MEDICINA GENERAL ";"18";"22";"86";"71";"6";"168";"3"
"2023";"02";"060201";"CAJAMARCA";"CAJABAMBA";"CAJABAMBA";"GOBIERNO REGIONAL";"II-1";"00004511";"DE APOYO CAJABAMBA";"242500";"HOSPITALIZACIÓN-PEDIATRÍA GENERAL-";"8";"9";"29";"26";"5";"140";"0"
"2023";"02";"150114";"LIMA";"LIMA";"LA MOLINA";"ESSALUD";"II-1";"00010135";"HOSPITAL I CARLOS ALCANTARA BUTTERFIELD";"241800";"HOSPITALIZACIÓN DE MEDICINA MEDICINA GENERAL ";"36";"37";"223";"210";"8";"224";"3"
"2023";"02";"150114";"LIMA";"LIMA";"LA MOLINA";"ESSALUD";"II-1";"00010135";"HOSPITAL I CARLOS ALCANTARA BUTTERFIELD";"240100";"HOSPITALIZACIÓN QUIRÚRGICA CIRUGÍA GENERAL ";"178";"170";"424";"442";"18";"504";"0"
"2023";"02";"150114";"LIMA";"LIMA";"LA MOLINA";"ESSALUD";"II-1";"00010135";"HOSPITAL I CARLOS ALCANTARA BUTTERFIELD";"242500";"HOSPITALIZACIÓN-PEDIATRÍA GENERAL-";"21";"21";"98";"90";"4";"112";"0"
"2023";"02";"150114";"LIMA";"LIMA";"LA MOLINA";"ESSALUD";"II-1";"00010135";"HOSPITAL I CARLOS ALCANTARA BUTTERFIELD";"241600";"HOSPITALIZACIÓN QUIRÚRGICA OBSTETRICIA   ";"65";"71";"156";"151";"8";"224";"0"
"2023";"02";"060701";"CAJAMARCA";"HUALGAYOC";"BAMBAMARCA";"ESSALUD";"I-2";"00010277";"POSTA MEDICA ESSALUD BAMBAMARCA";"NE_0001";"";"NE_0001";"NE_0001";"NE_0001";"NE_0001";"NE_0001";"NE_0001";"NE_0001"
"2023";"02";"090118";"HUANCAVELICA";"HUANCAVELICA";"ASCENSION";"ESSALUD";"II-1";"00009132";"HOSPITAL II HUANCAVELICA";"241800";"HOSPITALIZACIÓN DE MEDICINA MEDICINA GENERAL ";"33";"25";"110";"145";"9";"252";"1"
"2023";"02";"090118";"HUANCAVELICA";"HUANCAVELICA";"ASCENSION";"ESSALUD";"II-1";"00009132";"HOSPITAL II HUANCAVELICA";"240100";"HOSPITALIZACIÓN QUIRÚRGICA CIRUGÍA GENERAL ";"51";"35";"139";"186";"9";"252";"0"
"2023";"02";"090118";"HUANCAVELICA";"HUANCAVELICA";"ASCENSION";"ESSALUD";"II-1";"00009132";"HOSPITAL II HUANCAVELICA";"241200";"HOSPITALIZACIÓN QUIRÚRGICA TRAUMATOLOGÍA Y ORTOPEDIA ";"10";"7";"19";"11";"2";"56";"0"
"2023";"02";"090118";"HUANCAVELICA";"HUANCAVELICA";"ASCENSION";"ESSALUD";"II-1";"00009132";"HOSPITAL II HUANCAVELICA";"241400";"HOSPITALIZACIÓN QUIRÚRGICA GINECO - OBSTETRICIA ";"55";"54";"113";"130";"9";"252";"0"
"2023";"02";"090118";"HUANCAVELICA";"HUANCAVELICA";"ASCENSION";"ESSALUD";"II-1";"00009132";"HOSPITAL II HUANCAVELICA";"242300";"HOSPITALIZACIÓN DE PEDIATRÍA  PEDIATRÍA  GENERAL ";"29";"28";"114";"91";"6";"168";"0"
"2023";"02";"090118";"HUANCAVELICA";"HUANCAVELICA";"ASCENSION";"ESSALUD";"II-1";"00009132";"HOSPITAL II HUANCAVELICA";"250300";"UNIDAD DE CUIDADOS CRITICOS UNIDAD DE VIGILANCIA INTENSIVA  CLINICA (UVIC) ";"6";"6";"29";"50";"2";"56";"0"
"2023";"02";"060301";"CAJAMARCA";"CELENDIN";"CELENDIN";"GOBIERNO REGIONAL";"II-1";"00004466";"DE APOYO CELENDIN";"241800";"HOSPITALIZACIÓN DE MEDICINA MEDICINA GENERAL ";"107";"109";"242";"255";"27";"756";"2"
"2023";"02";"120124";"JUNIN";"HUANCAYO";"PARIAHUANCA";"GOBIERNO REGIONAL";"I-1";"00000741";"CEDRUYO";"NE_0001";"";"NE_0001";"NE_0001";"NE_0001";"NE_0001";"NE_0001";"NE_0001";"NE_0001"
"2023";"02";"120124";"JUNIN";"HUANCAYO";"PARIAHUANCA";"GOBIERNO REGIONAL";"I-1";"00000738";"PANTY";"NE_0001";"";"NE_0001";"NE_0001";"NE_0001";"NE_0001";"NE_0001";"NE_0001";"NE_0001"
"2023";"02";"120101";"JUNIN";"HUANCAYO";"HUANCAYO";"GOBIERNO REGIONAL";"I-3";"00000728";"OCOPILLA";"NE_0001";"";"NE_0001";"NE_0001";"NE_0001";"NE_0001";"NE_0001";"NE_0001";"NE_0001"
"2023";"02";"120101";"JUNIN";"HUANCAYO";"HUANCAYO";"GOBIERNO REGIONAL";"I-2";"00000729";"PUESTO DE SALUD UÑAS";"NE_0001";"";"NE_0001";"NE_0001";"NE_0001";"NE_0001";"NE_0001";"NE_0001";"NE_0001"
"2023";"02";"120124";"JUNIN";"HUANCAYO";"PARIAHUANCA";"GOBIERNO REGIONAL";"I-2";"00000742";"LLACSAPIRCA";"NE_0001";"";"NE_0001";"NE_0001";"NE_0001";"NE_0001";"NE_0001";"NE_0001";"NE_0001"
"2023";"02";"120124";"JUNIN";"HUANCAYO";"PARIAHUANCA";"GOBIERNO REGIONAL";"I-1";"00000743";"ROCCHAC";"NE_0001";"";"NE_0001";"NE_0001";"NE_0001";"NE_0001";"NE_0001";"NE_0001";"NE_0001"
"2023";"02";"040119";"AREQUIPA";"AREQUIPA";"SAN JUAN DE TARUCANI";"GOBIERNO REGIONAL";"I-2";"00001319";"PUESTO DE SALUD SAN JUAN DE TARUCANI";"NE_0001";"";"NE_0001";"NE_0001";"NE_0001";"NE_0001";"NE_0001";"NE_0001";"NE_0001"
"2023";"02";"040106";"AREQUIPA";"AREQUIPA";"CHIGUATA";"GOBIERNO REGIONAL";"I-2";"00001320";"PUESTO DE SALUD ARENALES";"NE_0001";"";"NE_0001";"NE_0001";"NE_0001";"NE_0001";"NE_0001";"NE_0001";"NE_0001"
"2023";"02";"120101";"JUNIN";"HUANCAYO";"HUANCAYO";"GOBIERNO REGIONAL";"I-1";"00015905";"ACOPALCA";"NE_0001";"";"NE_0001";"NE_0001";"NE_0001";"NE_0001";"NE_0001";"NE_0001";"NE_0001"
"2023";"02";"040106";"AREQUIPA";"AREQUIPA";"CHIGUATA";"GOBIERNO REGIONAL";"I-3";"00001299";"CENTRO DE SALUD CHIGUATA";"NE_0001";"";"NE_0001";"NE_0001";"NE_0001";"NE_0001";"NE_0001";"NE_0001";"NE_0001"
"2023";"02";"150142";"LIMA";"LIMA";"VILLA EL SALVADOR";"PRIVADO";"II-E";"00024178";"CLINIC NOVASALUD";"241400";"HOSPITALIZACIÓN QUIRÚRGICA GINECO - OBSTETRICIA ";"14";"28";"10";"30";"3";"90";"0"
"2023";"02";"150142";"LIMA";"LIMA";"VILLA EL SALVADOR";"PRIVADO";"II-E";"00024178";"CLINIC NOVASALUD";"240300";"HOSPITALIZACIÓN QUIRÚRGICA CIRUGÍA DIGESTIVA ";"9";"9";"9";"1";"1";"30";"0"
"2023";"02";"150142";"LIMA";"LIMA";"VILLA EL SALVADOR";"PRIVADO";"II-E";"00024178";"CLINIC NOVASALUD";"241500";"HOSPITALIZACIÓN QUIRÚRGICA GINECOLOGÍA  ";"8";"8";"8";"1";"1";"30";"0"
"2023";"02";"150131";"LIMA";"LIMA";"SAN ISIDRO";"PRIVADO";"II-E";"00009288";"NOVOCLINIC";"NE_0001";"";"NE_0001";"NE_0001";"NE_0001";"NE_0001";"NE_0001";"NE_0001";"NE_0001"
"2023";"02";"150130";"LIMA";"LIMA";"SAN BORJA";"PRIVADO";"II-E";"00015078";"NOVO Q";"NE_0001";"";"NE_0001";"NE_0001";"NE_0001";"NE_0001";"NE_0001";"NE_0001";"NE_0001"
"2023";"02";"150605";"LIMA";"HUARAL";"CHANCAY";"GOBIERNO REGIONAL";"I-3";"00005731";"CLAS PEDRO CANEVARO GARAY DE CHANCAYLLO";"NE_0001";"";"NE_0001";"NE_0001";"NE_0001";"NE_0001";"NE_0001";"NE_0001";"NE_0001"
"2023";"02";"110108";"ICA";"ICA";"SALAS";"GOBIERNO REGIONAL";"I-3";"00003363";"GUADALUPE";"241600";"HOSPITALIZACIÓN QUIRÚRGICA OBSTETRICIA   ";"6";"6";"6";"6";"3";"84";"0"
"2023";"02";"110112";"ICA";"ICA";"SUBTANJALLA";"GOBIERNO REGIONAL";"I-3";"00003362";"SUBTANJALLA";"NE_0001";"";"NE_0001";"NE_0001";"NE_0001";"NE_0001";"NE_0001";"NE_0001";"NE_0001"
"2023";"02";"110108";"ICA";"ICA";"SALAS";"GOBIERNO REGIONAL";"I-2";"00003384";"PAMPA DE VILLACURI";"NE_0001";"";"NE_0001";"NE_0001";"NE_0001";"NE_0001";"NE_0001";"NE_0001";"NE_0001"
"2023";"02";"110112";"ICA";"ICA";"SUBTANJALLA";"GOBIERNO REGIONAL";"I-3";"00003378";"LA ANGOSTURA";"NE_0001";"";"NE_0001";"NE_0001";"NE_0001";"NE_0001";"NE_0001";"NE_0001";"NE_0001"
"2023";"02";"110112";"ICA";"ICA";"SUBTANJALLA";"GOBIERNO REGIONAL";"I-2";"00003380";"YANQUIZA";"NE_0001";"";"NE_0001";"NE_0001";"NE_0001";"NE_0001";"NE_0001";"NE_0001";"NE_0001"
"2023";"02";"110108";"ICA";"ICA";"SALAS";"GOBIERNO REGIONAL";"I-2";"00003382";"COLLAZOS";"NE_0001";"";"NE_0001";"NE_0001";"NE_0001";"NE_0001";"NE_0001";"NE_0001";"NE_0001"
"2023";"02";"110112";"ICA";"ICA";"SUBTANJALLA";"GOBIERNO REGIONAL";"I-2";"00003379";"ARRABALES";"NE_0001";"";"NE_0001";"NE_0001";"NE_0001";"NE_0001";"NE_0001";"NE_0001";"NE_0001"
"2023";"02";"110108";"ICA";"ICA";"SALAS";"GOBIERNO REGIONAL";"I-2";"00003383";"CERRO PRIETO";"NE_0001";"";"NE_0001";"NE_0001";"NE_0001";"NE_0001";"NE_0001";"NE_0001";"NE_0001"
"2023";"03";"150103";"LIMA";"LIMA";"ATE";"SANIDAD DE LA POLICIA NACIONAL DEL PERU";"I-3";"00012275";"POLICLINICO PNP DINOES";"NE_0001";"";"NE_0001";"NE_0001";"NE_0001";"NE_0001";"NE_0001";"NE_0001";"NE_0001"
"2023";"03";"081207";"CUSCO";"QUISPICANCHI";"HUARO";"SANIDAD DE LA POLICIA NACIONAL DEL PERU";"I-2";"00011747";"POSTA MEDICA POLICIAL PUCUTO";"NE_0001";"";"NE_0001";"NE_0001";"NE_0001";"NE_0001";"NE_0001";"NE_0001";"NE_0001"
"2023";"03";"040201";"AREQUIPA";"CAMANA";"CAMANA";"SANIDAD DE LA POLICIA NACIONAL DEL PERU";"I-2";"00011661";"POSTA MEDICA POLICIAL CAMANA";"NE_0001";"";"NE_0001";"NE_0001";"NE_0001";"NE_0001";"NE_0001";"NE_0001";"NE_0001"
"2023";"03";"200701";"PIURA";"TALARA";"PARIÑAS";"PRIVADO";"I-3";"00012085";"CENTRO MEDICO SAN PABLO-TALARA EIRL";"NE_0001";"";"NE_0001";"NE_0001";"NE_0001";"NE_0001";"NE_0001";"NE_0001";"NE_0001"
"2023";"03";"010101";"AMAZONAS";"CHACHAPOYAS";"CHACHAPOYAS";"GOBIERNO REGIONAL";"II-2";"00004838";"HOSPITAL REGIONAL VIRGEN DE FATIMA";"240100";"HOSPITALIZACIÓN QUIRÚRGICA CIRUGÍA GENERAL ";"78";"93";"539";"546";"23";"713";"0"
"2023";"03";"010101";"AMAZONAS";"CHACHAPOYAS";"CHACHAPOYAS";"GOBIERNO REGIONAL";"II-2";"00004838";"HOSPITAL REGIONAL VIRGEN DE FATIMA";"241200";"HOSPITALIZACIÓN QUIRÚRGICA TRAUMATOLOGÍA Y ORTOPEDIA ";"19";"27";"268";"226";"9";"279";"0"
"2023";"03";"010101";"AMAZONAS";"CHACHAPOYAS";"CHACHAPOYAS";"GOBIERNO REGIONAL";"II-2";"00004838";"HOSPITAL REGIONAL VIRGEN DE FATIMA";"241500";"HOSPITALIZACIÓN QUIRÚRGICA GINECOLOGÍA  ";"16";"22";"84";"90";"6";"186";"0"
"2023";"03";"010101";"AMAZONAS";"CHACHAPOYAS";"CHACHAPOYAS";"GOBIERNO REGIONAL";"II-2";"00004838";"HOSPITAL REGIONAL VIRGEN DE FATIMA";"241600";"HOSPITALIZACIÓN QUIRÚRGICA OBSTETRICIA   ";"137";"150";"356";"479";"31";"961";"0"
"2023";"03";"010101";"AMAZONAS";"CHACHAPOYAS";"CHACHAPOYAS";"GOBIERNO REGIONAL";"II-2";"00004838";"HOSPITAL REGIONAL VIRGEN DE FATIMA";"241900";"HOSPITALIZACIÓN DE MEDICINA MEDICINA INTERNA ";"64";"83";"444";"411";"23";"713";"2"
"2023";"03";"010101";"AMAZONAS";"CHACHAPOYAS";"CHACHAPOYAS";"GOBIERNO REGIONAL";"II-2";"00004838";"HOSPITAL REGIONAL VIRGEN DE FATIMA";"242500";"HOSPITALIZACIÓN-PEDIATRÍA GENERAL-";"14";"21";"125";"118";"14";"434";"1"
"2023";"03";"010101";"AMAZONAS";"CHACHAPOYAS";"CHACHAPOYAS";"GOBIERNO REGIONAL";"II-2";"00004838";"HOSPITAL REGIONAL VIRGEN DE FATIMA";"243200";"HOSPITALIZACIÓN DE PEDIATRÍA PEDIATRIA NEONATOLOGÍA";"112";"121";"337";"395";"15";"465";"0"
"2023";"03";"010101";"AMAZONAS";"CHACHAPOYAS";"CHACHAPOYAS";"GOBIERNO REGIONAL";"II-2";"00004838";"HOSPITAL REGIONAL VIRGEN DE FATIMA";"250103";"UNIDAD DE CUIDADOS CRITICOS UNIDAD  DE CUIDADOS INTENSIVOS GENERALES  (UCI) MEDICINA";"8";"11";"136";"121";"13";"403";"3"
"2023";"03";"010101";"AMAZONAS";"CHACHAPOYAS";"CHACHAPOYAS";"GOBIERNO REGIONAL";"II-2";"00004838";"HOSPITAL REGIONAL VIRGEN DE FATIMA";"250105";"UNIDAD DE CUIDADOS CRITICOS UNIDAD  DE CUIDADOS INTENSIVOS  (UCI) NEONATOLOGÍA";"4";"6";"93";"56";"6";"186";"1"
"2023";"03";"051107";"AYACUCHO";"VILCAS HUAMAN";"SAURAMA";"GOBIERNO REGIONAL";"I-1";"00003846";"PUESTO DE SALUD SAURAMA";"NE_0001";"";"NE_0001";"NE_0001";"NE_0001";"NE_0001";"NE_0001";"NE_0001";"NE_0001"
"2023";"03";"051108";"AYACUCHO";"VILCAS HUAMAN";"VISCHONGO";"GOBIERNO REGIONAL";"I-3";"00006609";"CENTRO DE SALUD VISCHONGO";"NE_0001";"";"NE_0001";"NE_0001";"NE_0001";"NE_0001";"NE_0001";"NE_0001";"NE_0001"
"2023";"03";"051108";"AYACUCHO";"VILCAS HUAMAN";"VISCHONGO";"GOBIERNO REGIONAL";"I-1";"00006612";"PUESTO DE SALUD PALLCCACANCHA";"NE_0001";"";"NE_0001";"NE_0001";"NE_0001";"NE_0001";"NE_0001";"NE_0001";"NE_0001"
"2023";"03";"051106";"AYACUCHO";"VILCAS HUAMAN";"INDEPENDENCIA";"GOBIERNO REGIONAL";"I-1";"00021259";"PUESTO DE SALUD OCCO";"NE_0001";"";"NE_0001";"NE_0001";"NE_0001";"NE_0001";"NE_0001";"NE_0001";"NE_0001"
"2023";"03";"051103";"AYACUCHO";"VILCAS HUAMAN";"CARHUANCA";"GOBIERNO REGIONAL";"I-2";"00003845";"PUESTO DE SALUD CARHUANCA";"NE_0001";"";"NE_0001";"NE_0001";"NE_0001";"NE_0001";"NE_0001";"NE_0001";"NE_0001"
"2023";"01";"150116";"LIMA";"LIMA";"LINCE";"PRIVADO";"II-E";"00015684";"CLINICA GONZALEZ S.A.";"241600";"HOSPITALIZACIÓN QUIRÚRGICA OBSTETRICIA   ";"3";"3";"3";"3";"10";"300";"0"
"2023";"01";"150116";"LIMA";"LIMA";"LINCE";"PRIVADO";"II-E";"00015684";"CLINICA GONZALEZ S.A.";"240000";"HOSPITALIZACIÓN";"38";"38";"71";"71";"12";"360";"0"
"2023";"01";"150140";"LIMA";"LIMA";"SANTIAGO DE SURCO";"ESSALUD";"I-3";"00008378";"POLICLINICO PROCERES";"NE_0001";"";"NE_0001";"NE_0001";"NE_0001";"NE_0001";"NE_0001";"NE_0001";"NE_0001"
"2023";"01";"220901";"SAN MARTIN";"SAN MARTIN";"TARAPOTO";"ESSALUD";"I-2";"00027727";"CENTRO DE ATENCIÓN PRIMARIA METROPOLITANO - ESSALUD";"NE_0001";"";"NE_0001";"NE_0001";"NE_0001";"NE_0001";"NE_0001";"NE_0001";"NE_0001"
"2023";"01";"070102";"CALLAO";"CALLAO";"BELLAVISTA";"PRIVADO";"II-E";"00018670";"CLINICA G'STAR";"240000";"HOSPITALIZACIÓN";"37";"37";"79";"83";"10";"300";"0"
"2023";"01";"220602";"SAN MARTIN";"MARISCAL CACERES";"CAMPANILLA";"GOBIERNO REGIONAL";"I-3";"00006575";"CAMPANILLA";"NE_0001";"";"NE_0001";"NE_0001";"NE_0001";"NE_0001";"NE_0001";"NE_0001";"NE_0001"
"2023";"01";"220602";"SAN MARTIN";"MARISCAL CACERES";"CAMPANILLA";"GOBIERNO REGIONAL";"I-1";"00006579";"NUEVO JAEN";"NE_0001";"";"NE_0001";"NE_0001";"NE_0001";"NE_0001";"NE_0001";"NE_0001";"NE_0001"
"2023";"01";"220602";"SAN MARTIN";"MARISCAL CACERES";"CAMPANILLA";"GOBIERNO REGIONAL";"I-1";"00006577";"SHUMANZA";"NE_0001";"";"NE_0001";"NE_0001";"NE_0001";"NE_0001";"NE_0001";"NE_0001";"NE_0001"
"2023";"01";"220602";"SAN MARTIN";"MARISCAL CACERES";"CAMPANILLA";"GOBIERNO REGIONAL";"I-1";"00006578";"SION";"NE_0001";"";"NE_0001";"NE_0001";"NE_0001";"NE_0001";"NE_0001";"NE_0001";"NE_0001"
"2023";"01";"220602";"SAN MARTIN";"MARISCAL CACERES";"CAMPANILLA";"GOBIERNO REGIONAL";"I-1";"00006576";"BALZAYACU";"NE_0001";"";"NE_0001";"NE_0001";"NE_0001";"NE_0001";"NE_0001";"NE_0001";"NE_0001"
"2023";"01";"220602";"SAN MARTIN";"MARISCAL CACERES";"CAMPANILLA";"GOBIERNO REGIONAL";"I-1";"00006715";"PERLAMAYO";"NE_0001";"";"NE_0001";"NE_0001";"NE_0001";"NE_0001";"NE_0001";"NE_0001";"NE_0001"
"2023";"01";"021701";"ANCASH";"RECUAY";"RECUAY";"GOBIERNO REGIONAL";"II-1";"00001472";"HOSPITAL DE APOYO RECUAY";"241500";"HOSPITALIZACIÓN QUIRÚRGICA GINECOLOGÍA  ";"2";"2";"6";"6";"2";"58";"0"
"2023";"01";"021701";"ANCASH";"RECUAY";"RECUAY";"GOBIERNO REGIONAL";"II-1";"00001472";"HOSPITAL DE APOYO RECUAY";"241600";"HOSPITALIZACIÓN QUIRÚRGICA OBSTETRICIA   ";"10";"10";"15";"15";"1";"29";"0"
"2023";"01";"021701";"ANCASH";"RECUAY";"RECUAY";"GOBIERNO REGIONAL";"II-1";"00001472";"HOSPITAL DE APOYO RECUAY";"241800";"HOSPITALIZACIÓN DE MEDICINA MEDICINA GENERAL ";"7";"7";"25";"25";"1";"55";"0"
"2023";"01";"021701";"ANCASH";"RECUAY";"RECUAY";"GOBIERNO REGIONAL";"II-1";"00001472";"HOSPITAL DE APOYO RECUAY";"242500";"HOSPITALIZACIÓN-PEDIATRÍA GENERAL-";"15";"15";"21";"5";"7";"59";"0"
"2023";"01";"150101";"LIMA";"LIMA";"LIMA";"PRIVADO";"I-3";"00016948";"MEDICENTRO COLMENA DE LA CLÍNICA INTERNACIONAL";"NE_0001";"";"NE_0001";"NE_0001";"NE_0001";"NE_0001";"NE_0001";"NE_0001";"NE_0001"
"2023";"01";"120608";"JUNIN";"SATIPO";"RIO TAMBO";"GOBIERNO REGIONAL";"I-1";"00000459";"CUSHIRENI";"NE_0001";"";"NE_0001";"NE_0001";"NE_0001";"NE_0001";"NE_0001";"NE_0001";"NE_0001"
"2023";"01";"120608";"JUNIN";"SATIPO";"RIO TAMBO";"GOBIERNO REGIONAL";"I-1";"00000466";"SANTA ROSITA DE SHIRINTIARI";"NE_0001";"";"NE_0001";"NE_0001";"NE_0001";"NE_0001";"NE_0001";"NE_0001";"NE_0001"
"2023";"01";"120606";"JUNIN";"SATIPO";"PANGOA";"GOBIERNO REGIONAL";"I-1";"00006879";"UNION PUERTO ASHANINKA";"NE_0001";"";"NE_0001";"NE_0001";"NE_0001";"NE_0001";"NE_0001";"NE_0001";"NE_0001"
"2023";"01";"120608";"JUNIN";"SATIPO";"RIO TAMBO";"GOBIERNO REGIONAL";"I-2";"00000474";"QUITENI";"NE_0001";"";"NE_0001";"NE_0001";"NE_0001";"NE_0001";"NE_0001";"NE_0001";"NE_0001"
"2023";"01";"120608";"JUNIN";"SATIPO";"RIO TAMBO";"GOBIERNO REGIONAL";"I-1";"00000461";"SHEVOJA";"NE_0001";"";"NE_0001";"NE_0001";"NE_0001";"NE_0001";"NE_0001";"NE_0001";"NE_0001"
"2023";"01";"120608";"JUNIN";"SATIPO";"RIO TAMBO";"GOBIERNO REGIONAL";"I-2";"00000463";"BOCA CHEMBO";"NE_0001";"";"NE_0001";"NE_0001";"NE_0001";"NE_0001";"NE_0001";"NE_0001";"NE_0001"
"2023";"01";"120608";"JUNIN";"SATIPO";"RIO TAMBO";"GOBIERNO REGIONAL";"I-1";"00000464";"IMPANEKIARI";"NE_0001";"";"NE_0001";"NE_0001";"NE_0001";"NE_0001";"NE_0001";"NE_0001";"NE_0001"
"2023";"01";"120606";"JUNIN";"SATIPO";"PANGOA";"GOBIERNO REGIONAL";"I-1";"00006878";"POTSOTENI";"NE_0001";"";"NE_0001";"NE_0001";"NE_0001";"NE_0001";"NE_0001";"NE_0001";"NE_0001"
"2023";"01";"120608";"JUNIN";"SATIPO";"RIO TAMBO";"GOBIERNO REGIONAL";"I-1";"00000475";"CAPERUSIA";"NE_0001";"";"NE_0001";"NE_0001";"NE_0001";"NE_0001";"NE_0001";"NE_0001";"NE_0001"
"2023";"01";"120608";"JUNIN";"SATIPO";"RIO TAMBO";"GOBIERNO REGIONAL";"I-2";"00007187";"VISTA  ALEGRE DEL VALLE DE SANTA CRUZ";"NE_0001";"";"NE_0001";"NE_0001";"NE_0001";"NE_0001";"NE_0001";"NE_0001";"NE_0001"
"2023";"01";"120608";"JUNIN";"SATIPO";"RIO TAMBO";"GOBIERNO REGIONAL";"I-3";"00000460";"BETANIA";"NE_0001";"";"NE_0001";"NE_0001";"NE_0001";"NE_0001";"NE_0001";"NE_0001";"NE_0001"
"2023";"01";"120608";"JUNIN";"SATIPO";"RIO TAMBO";"GOBIERNO REGIONAL";"I-3";"00000469";"PUERTO OCOPA";"NE_0001";"";"NE_0001";"NE_0001";"NE_0001";"NE_0001";"NE_0001";"NE_0001";"NE_0001"
"2023";"01";"120608";"JUNIN";"SATIPO";"RIO TAMBO";"GOBIERNO REGIONAL";"I-2";"00000470";"SAN MIGUEL DE OTICA";"NE_0001";"";"NE_0001";"NE_0001";"NE_0001";"NE_0001";"NE_0001";"NE_0001";"NE_0001"
"2023";"01";"120608";"JUNIN";"SATIPO";"RIO TAMBO";"GOBIERNO REGIONAL";"I-2";"00000472";"OVIRI";"NE_0001";"";"NE_0001";"NE_0001";"NE_0001";"NE_0001";"NE_0001";"NE_0001";"NE_0001"
"2023";"01";"120608";"JUNIN";"SATIPO";"RIO TAMBO";"GOBIERNO REGIONAL";"I-3";"00000462";"POYENI";"NE_0001";"";"NE_0001";"NE_0001";"NE_0001";"NE_0001";"NE_0001";"NE_0001";"NE_0001"
"2023";"01";"120608";"JUNIN";"SATIPO";"RIO TAMBO";"GOBIERNO REGIONAL";"I-2";"00000465";"CAPITIRI";"NE_0001";"";"NE_0001";"NE_0001";"NE_0001";"NE_0001";"NE_0001";"NE_0001";"NE_0001"
"2023";"01";"120608";"JUNIN";"SATIPO";"RIO TAMBO";"GOBIERNO REGIONAL";"I-2";"00000467";"SHIMA";"NE_0001";"";"NE_0001";"NE_0001";"NE_0001";"NE_0001";"NE_0001";"NE_0001";"NE_0001"
"2023";"01";"120608";"JUNIN";"SATIPO";"RIO TAMBO";"GOBIERNO REGIONAL";"I-3";"00000473";"SAN VICENTE DE CANAAN";"NE_0001";"";"NE_0001";"NE_0001";"NE_0001";"NE_0001";"NE_0001";"NE_0001";"NE_0001"
"2023";"01";"060601";"CAJAMARCA";"CUTERVO";"CUTERVO";"GOBIERNO REGIONAL";"I-3";"00004987";"SUMIDERO";"NE_0001";"";"NE_0001";"NE_0001";"NE_0001";"NE_0001";"NE_0001";"NE_0001";"NE_0001"
"2023";"01";"060601";"CAJAMARCA";"CUTERVO";"CUTERVO";"GOBIERNO REGIONAL";"I-1";"00006852";"LLIPA";"NE_0001";"";"NE_0001";"NE_0001";"NE_0001";"NE_0001";"NE_0001";"NE_0001";"NE_0001"
"2023";"01";"060601";"CAJAMARCA";"CUTERVO";"CUTERVO";"GOBIERNO REGIONAL";"I-1";"00006854";"CARAMARCA CHICA";"NE_0001";"";"NE_0001";"NE_0001";"NE_0001";"NE_0001";"NE_0001";"NE_0001";"NE_0001"
"2023";"01";"060601";"CAJAMARCA";"CUTERVO";"CUTERVO";"GOBIERNO REGIONAL";"I-3";"00006857";"NUEVO ORIENTE";"NE_0001";"";"NE_0001";"NE_0001";"NE_0001";"NE_0001";"NE_0001";"NE_0001";"NE_0001"
"2023";"01";"060601";"CAJAMARCA";"CUTERVO";"CUTERVO";"GOBIERNO REGIONAL";"I-1";"00006936";"CORRALES";"NE_0001";"";"NE_0001";"NE_0001";"NE_0001";"NE_0001";"NE_0001";"NE_0001";"NE_0001"
"2023";"01";"060601";"CAJAMARCA";"CUTERVO";"CUTERVO";"GOBIERNO REGIONAL";"I-1";"00007701";"EL VERDE";"NE_0001";"";"NE_0001";"NE_0001";"NE_0001";"NE_0001";"NE_0001";"NE_0001";"NE_0001"
"2023";"01";"060601";"CAJAMARCA";"CUTERVO";"CUTERVO";"GOBIERNO REGIONAL";"I-1";"00011066";"VISTA ALEGRE DE LA SOLA";"NE_0001";"";"NE_0001";"NE_0001";"NE_0001";"NE_0001";"NE_0001";"NE_0001";"NE_0001"
"2023";"01";"060601";"CAJAMARCA";"CUTERVO";"CUTERVO";"GOBIERNO REGIONAL";"I-1";"00004995";"PALMAS DE HUICHUD";"NE_0001";"";"NE_0001";"NE_0001";"NE_0001";"NE_0001";"NE_0001";"NE_0001";"NE_0001"
"2023";"01";"060601";"CAJAMARCA";"CUTERVO";"CUTERVO";"GOBIERNO REGIONAL";"I-1";"00006788";"YANGACHIS";"NE_0001";"";"NE_0001";"NE_0001";"NE_0001";"NE_0001";"NE_0001";"NE_0001";"NE_0001"
"2023";"01";"060601";"CAJAMARCA";"CUTERVO";"CUTERVO";"GOBIERNO REGIONAL";"I-1";"00004985";"REJOPAMPA";"NE_0001";"";"NE_0001";"NE_0001";"NE_0001";"NE_0001";"NE_0001";"NE_0001";"NE_0001"
"2023";"01";"060601";"CAJAMARCA";"CUTERVO";"CUTERVO";"GOBIERNO REGIONAL";"I-1";"00004986";"EL ARENAL DE CUTERVO";"NE_0001";"";"NE_0001";"NE_0001";"NE_0001";"NE_0001";"NE_0001";"NE_0001";"NE_0001"
"2023";"01";"060601";"CAJAMARCA";"CUTERVO";"CUTERVO";"GOBIERNO REGIONAL";"I-2";"00004989";"AMBULCO GRANDE";"NE_0001";"";"NE_0001";"NE_0001";"NE_0001";"NE_0001";"NE_0001";"NE_0001";"NE_0001"
"2023";"01";"060601";"CAJAMARCA";"CUTERVO";"CUTERVO";"GOBIERNO REGIONAL";"I-1";"00004990";"YATUN";"NE_0001";"";"NE_0001";"NE_0001";"NE_0001";"NE_0001";"NE_0001";"NE_0001";"NE_0001"
"2023";"01";"060601";"CAJAMARCA";"CUTERVO";"CUTERVO";"GOBIERNO REGIONAL";"I-1";"00007697";"CHUGUR";"NE_0001";"";"NE_0001";"NE_0001";"NE_0001";"NE_0001";"NE_0001";"NE_0001";"NE_0001"
"2023";"01";"060601";"CAJAMARCA";"CUTERVO";"CUTERVO";"GOBIERNO REGIONAL";"I-1";"00006831";"LA SUCCHA DE CUTERVO";"NE_0001";"";"NE_0001";"NE_0001";"NE_0001";"NE_0001";"NE_0001";"NE_0001";"NE_0001"
"2023";"01";"060601";"CAJAMARCA";"CUTERVO";"CUTERVO";"GOBIERNO REGIONAL";"I-1";"00004988";"LA COLCA";"NE_0001";"";"NE_0001";"NE_0001";"NE_0001";"NE_0001";"NE_0001";"NE_0001";"NE_0001"
"2023";"01";"060601";"CAJAMARCA";"CUTERVO";"CUTERVO";"GOBIERNO REGIONAL";"I-1";"00006787";"SANTA ROSA DE TAPO";"NE_0001";"";"NE_0001";"NE_0001";"NE_0001";"NE_0001";"NE_0001";"NE_0001";"NE_0001"
"2023";"01";"060601";"CAJAMARCA";"CUTERVO";"CUTERVO";"GOBIERNO REGIONAL";"I-1";"00006837";"SAN CRISTOBAL DE NUDILLO";"NE_0001";"";"NE_0001";"NE_0001";"NE_0001";"NE_0001";"NE_0001";"NE_0001";"NE_0001"
"2023";"01";"060601";"CAJAMARCA";"CUTERVO";"CUTERVO";"GOBIERNO REGIONAL";"I-1";"00007109";"CHIPULUC";"NE_0001";"";"NE_0001";"NE_0001";"NE_0001";"NE_0001";"NE_0001";"NE_0001";"NE_0001"
"2023";"01";"060601";"CAJAMARCA";"CUTERVO";"CUTERVO";"GOBIERNO REGIONAL";"I-1";"00011064";"SAN LORENZO";"NE_0001";"";"NE_0001";"NE_0001";"NE_0001";"NE_0001";"NE_0001";"NE_0001";"NE_0001"
"2023";"02";"160601";"LORETO";"UCAYALI";"CONTAMANA";"ESSALUD";"I-3";"00010843";"POSTA MEDICA ESSALUD CONTAMANA";"NE_0001";"";"NE_0001";"NE_0001";"NE_0001";"NE_0001";"NE_0001";"NE_0001";"NE_0001"
"2023";"02";"120107";"JUNIN";"HUANCAYO";"CHILCA";"ESSALUD";"I-3";"00012188";"CAP II CHILCA";"NE_0001";"";"NE_0001";"NE_0001";"NE_0001";"NE_0001";"NE_0001";"NE_0001";"NE_0001"
"2023";"02";"060806";"CAJAMARCA";"JAEN";"LAS PIRIAS";"GOBIERNO REGIONAL";"I-3";"00004245";"LAS PIRIAS DE JAEN";"NE_0001";"";"NE_0001";"NE_0001";"NE_0001";"NE_0001";"NE_0001";"NE_0001";"NE_0001"
"2023";"02";"230101";"TACNA";"TACNA";"TACNA";"PRIVADO";"II-1";"00027462";"CLINICA LA LUZ";"240800";"HOSPITALIZACIÓN QUIRÚRGICA CIRUGÍA PLÁSTICA/RECONSTRUCTIVA/ REPARADORA ";"25";"25";"23";"31";"3";"93";"0"
"2023";"02";"230101";"TACNA";"TACNA";"TACNA";"PRIVADO";"II-1";"00027462";"CLINICA LA LUZ";"241200";"HOSPITALIZACIÓN QUIRÚRGICA TRAUMATOLOGÍA Y ORTOPEDIA ";"4";"4";"3";"4";"2";"8";"0"
"2023";"02";"230101";"TACNA";"TACNA";"TACNA";"PRIVADO";"II-1";"00027462";"CLINICA LA LUZ";"241500";"HOSPITALIZACIÓN QUIRÚRGICA GINECOLOGÍA  ";"12";"11";"10";"12";"2";"24";"0"
"2023";"02";"230101";"TACNA";"TACNA";"TACNA";"PRIVADO";"II-1";"00027462";"CLINICA LA LUZ";"243200";"HOSPITALIZACIÓN DE PEDIATRÍA PEDIATRIA NEONATOLOGÍA";"9";"8";"7";"9";"4";"36";"0"
"2023";"02";"230101";"TACNA";"TACNA";"TACNA";"PRIVADO";"II-1";"00027462";"CLINICA LA LUZ";"244700";"HOSPITALIZACIÓN DE MEDICINA NEUROLOGIA  ";"2";"1";"1";"8";"2";"16";"0"
"2023";"02";"230101";"TACNA";"TACNA";"TACNA";"PRIVADO";"II-1";"00027462";"CLINICA LA LUZ";"241000";"HOSPITALIZACIÓN QUIRÚRGICA ONCOLOGÍA QUIRÚRGICA  ";"1";"1";"1";"1";"3";"4";"0"
"2023";"02";"230101";"TACNA";"TACNA";"TACNA";"PRIVADO";"II-1";"00027462";"CLINICA LA LUZ";"242300";"HOSPITALIZACIÓN DE PEDIATRÍA  PEDIATRÍA  GENERAL ";"2";"2";"1";"2";"2";"4";"0"
"2023";"02";"230101";"TACNA";"TACNA";"TACNA";"PRIVADO";"II-1";"00027462";"CLINICA LA LUZ";"240900";"HOSPITALIZACIÓN QUIRÚRGICA NEUROCIRUGÍA ";"1";"1";"1";"1";"4";"5";"0"
"2023";"02";"230101";"TACNA";"TACNA";"TACNA";"PRIVADO";"II-1";"00027462";"CLINICA LA LUZ";"241800";"HOSPITALIZACIÓN DE MEDICINA MEDICINA GENERAL ";"1";"1";"1";"1";"3";"4";"1"
"2023";"02";"150125";"LIMA";"LIMA";"PUENTE PIEDRA";"MINSA";"II-2";"00007632";"HOSPITAL CARLOS LANFRANCO LA HOZ";"240100";"HOSPITALIZACIÓN QUIRÚRGICA CIRUGÍA GENERAL ";"222";"246";"616";"270";"34";"952";"0"
"2023";"02";"150125";"LIMA";"LIMA";"PUENTE PIEDRA";"MINSA";"II-2";"00007632";"HOSPITAL CARLOS LANFRANCO LA HOZ";"241900";"HOSPITALIZACIÓN DE MEDICINA MEDICINA INTERNA ";"117";"145";"728";"183";"26";"728";"23"
"2023";"02";"150125";"LIMA";"LIMA";"PUENTE PIEDRA";"MINSA";"II-2";"00007632";"HOSPITAL CARLOS LANFRANCO LA HOZ";"241400";"HOSPITALIZACIÓN QUIRÚRGICA GINECO - OBSTETRICIA ";"335";"354";"635";"371";"32";"896";"0"
"2023";"02";"150125";"LIMA";"LIMA";"PUENTE PIEDRA";"MINSA";"II-2";"00007632";"HOSPITAL CARLOS LANFRANCO LA HOZ";"242300";"HOSPITALIZACIÓN DE PEDIATRÍA  PEDIATRÍA  GENERAL ";"34";"39";"151";"45";"11";"308";"0"
"2023";"02";"150125";"LIMA";"LIMA";"PUENTE PIEDRA";"MINSA";"II-2";"00007632";"HOSPITAL CARLOS LANFRANCO LA HOZ";"243200";"HOSPITALIZACIÓN DE PEDIATRÍA PEDIATRIA NEONATOLOGÍA";"4";"5";"32";"5";"5";"140";"0"
"2023";"02";"150121";"LIMA";"LIMA";"PUEBLO LIBRE";"PRIVADO";"II-E";"00015077";"LIGA CONTRA EL CÁNCER";"NE_0001";"";"NE_0001";"NE_0001";"NE_0001";"NE_0001";"NE_0001";"NE_0001";"NE_0001"
"2023";"01";"220303";"SAN MARTIN";"EL DORADO";"SAN MARTIN";"GOBIERNO REGIONAL";"I-1";"00007644";"PACAYPAMPA";"NE_0001";"";"NE_0001";"NE_0001";"NE_0001";"NE_0001";"NE_0001";"NE_0001";"NE_0001"
"2023";"01";"220303";"SAN MARTIN";"EL DORADO";"SAN MARTIN";"GOBIERNO REGIONAL";"I-1";"00007392";"BUENA VISTA";"NE_0001";"";"NE_0001";"NE_0001";"NE_0001";"NE_0001";"NE_0001";"NE_0001";"NE_0001"
"2023";"01";"220303";"SAN MARTIN";"EL DORADO";"SAN MARTIN";"GOBIERNO REGIONAL";"I-1";"00007391";"CASHNAHUASI";"NE_0001";"";"NE_0001";"NE_0001";"NE_0001";"NE_0001";"NE_0001";"NE_0001";"NE_0001"
"2023";"01";"220303";"SAN MARTIN";"EL DORADO";"SAN MARTIN";"GOBIERNO REGIONAL";"I-1";"00006494";"SINAMI";"NE_0001";"";"NE_0001";"NE_0001";"NE_0001";"NE_0001";"NE_0001";"NE_0001";"NE_0001"
"2023";"01";"220305";"SAN MARTIN";"EL DORADO";"SHATOJA";"GOBIERNO REGIONAL";"I-1";"00006493";"SHATOJA";"NE_0001";"";"NE_0001";"NE_0001";"NE_0001";"NE_0001";"NE_0001";"NE_0001";"NE_0001"
"2023";"01";"220303";"SAN MARTIN";"EL DORADO";"SAN MARTIN";"GOBIERNO REGIONAL";"I-4";"00006492";"SAN MARTIN DE ALAO";"241600";"HOSPITALIZACIÓN QUIRÚRGICA OBSTETRICIA   ";"8";"8";"8";"8";"3";"93";"0"
"2023";"01";"220303";"SAN MARTIN";"EL DORADO";"SAN MARTIN";"GOBIERNO REGIONAL";"I-4";"00006492";"SAN MARTIN DE ALAO";"241800";"HOSPITALIZACIÓN DE MEDICINA MEDICINA GENERAL ";"5";"5";"5";"5";"4";"124";"0"
"2023";"02";"150101";"LIMA";"LIMA";"LIMA";"PRIVADO";"II-E";"00023833";"INSTITUTO OFTALMOLOGICO LA LUZ SOCIEDAD ANONIMA CERRADA - INSTITUTO OFTALMOLOGICO LA LUZ S.A.C.";"NE_0001";"";"NE_0001";"NE_0001";"NE_0001";"NE_0001";"NE_0001";"NE_0001";"NE_0001"
"2023";"01";"040126";"AREQUIPA";"AREQUIPA";"YANAHUARA";"PRIVADO";"I-3";"00032181";"POLICLINICO MISTI";"NE_0001";"";"NE_0001";"NE_0001";"NE_0001";"NE_0001";"NE_0001";"NE_0001";"NE_0001"
"2023";"02";"150122";"LIMA";"LIMA";"MIRAFLORES";"PRIVADO";"II-E";"00024924";"CLÍNICA CORPORACIÓN DE CIRUJANOS PLÁSTICOS";"NE_0002";"";"NE_0002";"NE_0002";"NE_0002";"NE_0002";"NE_0002";"NE_0002";"NE_0002"
"2023";"02";"150101";"LIMA";"LIMA";"LIMA";"ESSALUD";"II-1";"00009188";"HOSPITAL II RAMON CASTILLA";"241800";"HOSPITALIZACIÓN DE MEDICINA MEDICINA GENERAL ";"41";"42";"269";"242";"10";"280";"1"
"2023";"02";"150101";"LIMA";"LIMA";"LIMA";"ESSALUD";"II-1";"00009188";"HOSPITAL II RAMON CASTILLA";"250103";"UNIDAD DE CUIDADOS CRITICOS UNIDAD  DE CUIDADOS INTENSIVOS GENERALES  (UCI) MEDICINA";"12";"9";"101";"122";"6";"168";"1"
"2023";"02";"150101";"LIMA";"LIMA";"LIMA";"ESSALUD";"II-1";"00009188";"HOSPITAL II RAMON CASTILLA";"240100";"HOSPITALIZACIÓN QUIRÚRGICA CIRUGÍA GENERAL ";"145";"147";"443";"416";"18";"504";"0"
"2023";"02";"150101";"LIMA";"LIMA";"LIMA";"ESSALUD";"II-1";"00009188";"HOSPITAL II RAMON CASTILLA";"241400";"HOSPITALIZACIÓN QUIRÚRGICA GINECO - OBSTETRICIA ";"18";"20";"92";"82";"3";"84";"0"
"2023";"02";"150101";"LIMA";"LIMA";"LIMA";"ESSALUD";"II-1";"00009188";"HOSPITAL II RAMON CASTILLA";"241600";"HOSPITALIZACIÓN QUIRÚRGICA OBSTETRICIA   ";"80";"75";"191";"222";"12";"336";"0"
"2023";"02";"150101";"LIMA";"LIMA";"LIMA";"ESSALUD";"II-1";"00009188";"HOSPITAL II RAMON CASTILLA";"242300";"HOSPITALIZACIÓN DE PEDIATRÍA  PEDIATRÍA  GENERAL ";"33";"36";"137";"164";"6";"168";"0"
"2023";"02";"150101";"LIMA";"LIMA";"LIMA";"ESSALUD";"II-1";"00009188";"HOSPITAL II RAMON CASTILLA";"243200";"HOSPITALIZACIÓN DE PEDIATRÍA PEDIATRIA NEONATOLOGÍA";"18";"17";"56";"26";"1";"28";"0"
"2023";"02";"110301";"ICA";"NAZCA";"NAZCA";"GOBIERNO REGIONAL";"II-1";"00003443";"RICARDO CRUZADO RIVAROLA DE NASCA";"240100";"HOSPITALIZACIÓN QUIRÚRGICA CIRUGÍA GENERAL ";"38";"39";"176";"356";"11";"308";"0"
"2023";"02";"110301";"ICA";"NAZCA";"NAZCA";"GOBIERNO REGIONAL";"II-1";"00003443";"RICARDO CRUZADO RIVAROLA DE NASCA";"241500";"HOSPITALIZACIÓN QUIRÚRGICA GINECOLOGÍA  ";"32";"30";"57";"414";"4";"420";"0"
"2023";"02";"110301";"ICA";"NAZCA";"NAZCA";"GOBIERNO REGIONAL";"II-1";"00003443";"RICARDO CRUZADO RIVAROLA DE NASCA";"241600";"HOSPITALIZACIÓN QUIRÚRGICA OBSTETRICIA   ";"105";"99";"195";"301";"14";"392";"0"
"2023";"02";"110301";"ICA";"NAZCA";"NAZCA";"GOBIERNO REGIONAL";"II-1";"00003443";"RICARDO CRUZADO RIVAROLA DE NASCA";"241800";"HOSPITALIZACIÓN DE MEDICINA MEDICINA GENERAL ";"97";"91";"276";"531";"19";"532";"8"
"2023";"02";"110301";"ICA";"NAZCA";"NAZCA";"GOBIERNO REGIONAL";"II-1";"00003443";"RICARDO CRUZADO RIVAROLA DE NASCA";"242500";"HOSPITALIZACIÓN-PEDIATRÍA GENERAL-";"40";"40";"90";"233";"15";"420";"0"
"2023";"02";"040101";"AREQUIPA";"AREQUIPA";"AREQUIPA";"PRIVADO";"II-E";"00013722";"CLINICA AREQUIPA S.A.";"240100";"HOSPITALIZACIÓN QUIRÚRGICA CIRUGÍA GENERAL ";"132";"129";"465";"619";"39";"1092";"0"
"2023";"02";"040101";"AREQUIPA";"AREQUIPA";"AREQUIPA";"PRIVADO";"II-E";"00013722";"CLINICA AREQUIPA S.A.";"241400";"HOSPITALIZACIÓN QUIRÚRGICA GINECO - OBSTETRICIA ";"39";"37";"62";"153";"23";"644";"0"
"2023";"02";"040101";"AREQUIPA";"AREQUIPA";"AREQUIPA";"PRIVADO";"II-E";"00013722";"CLINICA AREQUIPA S.A.";"241900";"HOSPITALIZACIÓN DE MEDICINA MEDICINA INTERNA ";"39";"36";"163";"217";"24";"672";"3"
"2023";"02";"110201";"ICA";"CHINCHA";"CHINCHA ALTA";"PRIVADO";"II-1";"00017493";"CLINICA GAXAY";"240000";"HOSPITALIZACIÓN";"38";"37";"49";"36";"7";"196";"0"
"2023";"02";"080108";"CUSCO";"CUSCO";"WANCHAQ";"PRIVADO";"II-2";"00012161";"MACSALUD";"250103";"UNIDAD DE CUIDADOS CRITICOS UNIDAD  DE CUIDADOS INTENSIVOS GENERALES  (UCI) MEDICINA";"15";"8";"50";"71";"6";"180";"3"
"2023";"02";"080108";"CUSCO";"CUSCO";"WANCHAQ";"PRIVADO";"II-2";"00012161";"MACSALUD";"241800";"HOSPITALIZACIÓN DE MEDICINA MEDICINA GENERAL ";"63";"57";"186";"248";"15";"450";"0"
"2023";"02";"080108";"CUSCO";"CUSCO";"WANCHAQ";"PRIVADO";"II-2";"00012161";"MACSALUD";"240100";"HOSPITALIZACIÓN QUIRÚRGICA CIRUGÍA GENERAL ";"136";"126";"241";"290";"15";"450";"0"
"2023";"02";"080108";"CUSCO";"CUSCO";"WANCHAQ";"PRIVADO";"II-2";"00012161";"MACSALUD";"241400";"HOSPITALIZACIÓN QUIRÚRGICA GINECO - OBSTETRICIA ";"89";"85";"129";"189";"8";"240";"0"
"2023";"02";"150135";"LIMA";"LIMA";"SAN MARTIN DE PORRES";"PRIVADO";"II-2";"00010603";"CLÍNICA MÉDICA CAYETANO HEREDIA";"240000";"HOSPITALIZACIÓN";"290";"270";"900";"888";"50";"1400";"0"
"2023";"02";"150135";"LIMA";"LIMA";"SAN MARTIN DE PORRES";"PRIVADO";"II-2";"00010603";"CLÍNICA MÉDICA CAYETANO HEREDIA";"250100";"UNIDAD DE CUIDADOS CRITICOS UNIDAD  DE CUIDADOS INTENSIVOS GENERALES (UCI) ";"13";"14";"13";"15";"9";"252";"2"
"2023";"02";"150135";"LIMA";"LIMA";"SAN MARTIN DE PORRES";"PRIVADO";"II-2";"00010603";"CLÍNICA MÉDICA CAYETANO HEREDIA";"250105";"UNIDAD DE CUIDADOS CRITICOS UNIDAD  DE CUIDADOS INTENSIVOS  (UCI) NEONATOLOGÍA";"11";"11";"34";"28";"4";"112";"0"
"2023";"02";"150135";"LIMA";"LIMA";"SAN MARTIN DE PORRES";"PRIVADO";"II-2";"00010603";"CLÍNICA MÉDICA CAYETANO HEREDIA";"250108";"UNIDAD DE CUIDADOS CRITICOS UNIDAD  DE CUIDADOS INTENSIVOS  (UCI) PEDIÁTRICA";"3";"3";"9";"9";"5";"140";"0"
"2023";"02";"120701";"JUNIN";"TARMA";"TARMA";"GOBIERNO REGIONAL";"I-1";"00000592";"PALCAPACCHA";"NE_0001";"";"NE_0001";"NE_0001";"NE_0001";"NE_0001";"NE_0001";"NE_0001";"NE_0001"
"2023";"02";"150101";"LIMA";"LIMA";"LIMA";"ESSALUD";"II-2";"00008502";"HOSPITAL DE EMERGENCIAS GRAU";"241900";"HOSPITALIZACIÓN DE MEDICINA MEDICINA INTERNA ";"196";"194";"1755";"1308";"56";"1568";"11"
"2023";"02";"150101";"LIMA";"LIMA";"LIMA";"ESSALUD";"II-2";"00008502";"HOSPITAL DE EMERGENCIAS GRAU";"242000";"HOSPITALIZACIÓN DE MEDICINA MEDICINA TROPICAL E INFECCIOSAS ";"18";"21";"154";"143";"9";"252";"0"
"2023";"02";"150101";"LIMA";"LIMA";"LIMA";"ESSALUD";"II-2";"00008502";"HOSPITAL DE EMERGENCIAS GRAU";"240100";"HOSPITALIZACIÓN QUIRÚRGICA CIRUGÍA GENERAL ";"269";"254";"638";"773";"27";"784";"0"
"2023";"02";"150101";"LIMA";"LIMA";"LIMA";"ESSALUD";"II-2";"00008502";"HOSPITAL DE EMERGENCIAS GRAU";"241200";"HOSPITALIZACIÓN QUIRÚRGICA TRAUMATOLOGÍA Y ORTOPEDIA ";"71";"66";"291";"299";"11";"308";"0"
"2023";"02";"150101";"LIMA";"LIMA";"LIMA";"ESSALUD";"II-2";"00008502";"HOSPITAL DE EMERGENCIAS GRAU";"241300";"HOSPITALIZACIÓN QUIRÚRGICA UROLOGÍA  ";"59";"58";"277";"276";"11";"308";"0"
"2023";"02";"150101";"LIMA";"LIMA";"LIMA";"ESSALUD";"II-2";"00008502";"HOSPITAL DE EMERGENCIAS GRAU";"241400";"HOSPITALIZACIÓN QUIRÚRGICA GINECO - OBSTETRICIA ";"355";"350";"747";"732";"31";"868";"0"
"2023";"02";"150101";"LIMA";"LIMA";"LIMA";"ESSALUD";"II-2";"00008502";"HOSPITAL DE EMERGENCIAS GRAU";"242500";"HOSPITALIZACIÓN-PEDIATRÍA GENERAL-";"88";"84";"235";"241";"11";"308";"0"
"2023";"02";"150101";"LIMA";"LIMA";"LIMA";"ESSALUD";"II-2";"00008502";"HOSPITAL DE EMERGENCIAS GRAU";"243200";"HOSPITALIZACIÓN DE PEDIATRÍA PEDIATRIA NEONATOLOGÍA";"162";"167";"244";"165";"10";"280";"0"
"2023";"02";"150101";"LIMA";"LIMA";"LIMA";"ESSALUD";"II-2";"00008502";"HOSPITAL DE EMERGENCIAS GRAU";"250200";"UNIDAD DE CUIDADOS CRITICOS UNIDAD DE CUIDADOS INTERMEDIOS GENERAL  (UCIN) ";"11";"1";"11";"124";"5";"140";"0"
"2023";"02";"150101";"LIMA";"LIMA";"LIMA";"ESSALUD";"II-2";"00008502";"HOSPITAL DE EMERGENCIAS GRAU";"250100";"UNIDAD DE CUIDADOS CRITICOS UNIDAD  DE CUIDADOS INTENSIVOS GENERALES (UCI) ";"21";"7";"130";"213";"8";"224";"6"
"2023";"02";"120701";"JUNIN";"TARMA";"TARMA";"GOBIERNO REGIONAL";"I-1";"00000586";"MUYLO";"NE_0001";"";"NE_0001";"NE_0001";"NE_0001";"NE_0001";"NE_0001";"NE_0001";"NE_0001"
"2023";"02";"120701";"JUNIN";"TARMA";"TARMA";"GOBIERNO REGIONAL";"I-2";"00000587";"POMACHACA";"NE_0001";"";"NE_0001";"NE_0001";"NE_0001";"NE_0001";"NE_0001";"NE_0001";"NE_0001"
"2023";"02";"120701";"JUNIN";"TARMA";"TARMA";"GOBIERNO REGIONAL";"I-1";"00000593";"SANYACANCHA";"NE_0001";"";"NE_0001";"NE_0001";"NE_0001";"NE_0001";"NE_0001";"NE_0001";"NE_0001"
"2023";"02";"120701";"JUNIN";"TARMA";"TARMA";"GOBIERNO REGIONAL";"I-1";"00000588";"MULLUCRO";"NE_0001";"";"NE_0001";"NE_0001";"NE_0001";"NE_0001";"NE_0001";"NE_0001";"NE_0001"
"2023";"02";"221001";"SAN MARTIN";"TOCACHE";"TOCACHE";"GOBIERNO REGIONAL";"II-1";"00006580";"HOSPITAL II-1 ""DR. JOSE PEÑA PORTUGUEZ "" - TOCACHE";"240100";"HOSPITALIZACIÓN QUIRÚRGICA CIRUGÍA GENERAL ";"52";"62";"287";"287";"10";"282";"2"
"2023";"02";"221001";"SAN MARTIN";"TOCACHE";"TOCACHE";"GOBIERNO REGIONAL";"II-1";"00006580";"HOSPITAL II-1 ""DR. JOSE PEÑA PORTUGUEZ "" - TOCACHE";"241400";"HOSPITALIZACIÓN QUIRÚRGICA GINECO - OBSTETRICIA ";"67";"73";"165";"165";"7";"196";"0"
"2023";"02";"221001";"SAN MARTIN";"TOCACHE";"TOCACHE";"GOBIERNO REGIONAL";"II-1";"00006580";"HOSPITAL II-1 ""DR. JOSE PEÑA PORTUGUEZ "" - TOCACHE";"241600";"HOSPITALIZACIÓN QUIRÚRGICA OBSTETRICIA   ";"63";"65";"127";"127";"11";"168";"0"
"2023";"02";"221001";"SAN MARTIN";"TOCACHE";"TOCACHE";"GOBIERNO REGIONAL";"II-1";"00006580";"HOSPITAL II-1 ""DR. JOSE PEÑA PORTUGUEZ "" - TOCACHE";"241800";"HOSPITALIZACIÓN DE MEDICINA MEDICINA GENERAL ";"20";"26";"170";"170";"12";"392";"3"
"2023";"02";"221001";"SAN MARTIN";"TOCACHE";"TOCACHE";"GOBIERNO REGIONAL";"II-1";"00006580";"HOSPITAL II-1 ""DR. JOSE PEÑA PORTUGUEZ "" - TOCACHE";"242500";"HOSPITALIZACIÓN-PEDIATRÍA GENERAL-";"12";"15";"64";"64";"5";"150";"0"
"2023";"02";"221001";"SAN MARTIN";"TOCACHE";"TOCACHE";"GOBIERNO REGIONAL";"II-1";"00006580";"HOSPITAL II-1 ""DR. JOSE PEÑA PORTUGUEZ "" - TOCACHE";"243200";"HOSPITALIZACIÓN DE PEDIATRÍA PEDIATRIA NEONATOLOGÍA";"35";"37";"84";"84";"15";"112";"0"
"2023";"01";"150108";"LIMA";"LIMA";"CHORRILLOS";"PRIVADO";"II-E";"00009478";"CLÍNICA SOLIDARIA LA CAMPIÑA";"NE_0002";"";"NE_0002";"NE_0002";"NE_0002";"NE_0002";"NE_0002";"NE_0002";"NE_0002"
"2023";"02";"220304";"SAN MARTIN";"EL DORADO";"SANTA ROSA";"GOBIERNO REGIONAL";"I-1";"00006407";"SAN JUAN DE TALLIQUIHUI";"NE_0001";"";"NE_0001";"NE_0001";"NE_0001";"NE_0001";"NE_0001";"NE_0001";"NE_0001"
"2023";"02";"220304";"SAN MARTIN";"EL DORADO";"SANTA ROSA";"GOBIERNO REGIONAL";"I-1";"00006501";"SANTA ELENA";"NE_0001";"";"NE_0001";"NE_0001";"NE_0001";"NE_0001";"NE_0001";"NE_0001";"NE_0001"
"2023";"02";"220302";"SAN MARTIN";"EL DORADO";"AGUA BLANCA";"GOBIERNO REGIONAL";"I-1";"00006498";"PACASMAYO";"NE_0001";"";"NE_0001";"NE_0001";"NE_0001";"NE_0001";"NE_0001";"NE_0001";"NE_0001"
"2023";"02";"220302";"SAN MARTIN";"EL DORADO";"AGUA BLANCA";"GOBIERNO REGIONAL";"I-2";"00006496";"AGUA BLANCA";"NE_0001";"";"NE_0001";"NE_0001";"NE_0001";"NE_0001";"NE_0001";"NE_0001";"NE_0001"
"2023";"02";"220304";"SAN MARTIN";"EL DORADO";"SANTA ROSA";"GOBIERNO REGIONAL";"I-1";"00006488";"SANTA MARTHA";"NE_0001";"";"NE_0001";"NE_0001";"NE_0001";"NE_0001";"NE_0001";"NE_0001";"NE_0001"
"2023";"02";"200601";"PIURA";"SULLANA";"SULLANA";"GOBIERNO REGIONAL";"II-2";"00001910";"HOSPITAL DE APOYO II - 2 SULLANA";"241900";"HOSPITALIZACIÓN DE MEDICINA MEDICINA INTERNA ";"58";"59";"654";"664";"24";"669";"8"
"2023";"02";"200601";"PIURA";"SULLANA";"SULLANA";"GOBIERNO REGIONAL";"II-2";"00001910";"HOSPITAL DE APOYO II - 2 SULLANA";"244000";"HOSPITALIZACIÓN DE MEDICINA CARDIOLOGIA ";"11";"10";"129";"130";"6";"135";"1"
"2023";"02";"200601";"PIURA";"SULLANA";"SULLANA";"GOBIERNO REGIONAL";"II-2";"00001910";"HOSPITAL DE APOYO II - 2 SULLANA";"240100";"HOSPITALIZACIÓN QUIRÚRGICA CIRUGÍA GENERAL ";"120";"119";"609";"496";"20";"501";"0"
"2023";"02";"200601";"PIURA";"SULLANA";"SULLANA";"GOBIERNO REGIONAL";"II-2";"00001910";"HOSPITAL DE APOYO II - 2 SULLANA";"240700";"HOSPITALIZACIÓN QUIRÚRGICA CIRUGÍA PEDIÁTRICA ";"23";"24";"96";"89";"3";"98";"1"
"2023";"02";"200601";"PIURA";"SULLANA";"SULLANA";"GOBIERNO REGIONAL";"II-2";"00001910";"HOSPITAL DE APOYO II - 2 SULLANA";"241200";"HOSPITALIZACIÓN QUIRÚRGICA TRAUMATOLOGÍA Y ORTOPEDIA ";"16";"14";"223";"213";"4";"213";"0"
"2023";"02";"200601";"PIURA";"SULLANA";"SULLANA";"GOBIERNO REGIONAL";"II-2";"00001910";"HOSPITAL DE APOYO II - 2 SULLANA";"243200";"HOSPITALIZACIÓN DE PEDIATRÍA PEDIATRIA NEONATOLOGÍA";"39";"36";"688";"499";"20";"556";"4"
"2023";"02";"200601";"PIURA";"SULLANA";"SULLANA";"GOBIERNO REGIONAL";"II-2";"00001910";"HOSPITAL DE APOYO II - 2 SULLANA";"250105";"UNIDAD DE CUIDADOS CRITICOS UNIDAD  DE CUIDADOS INTENSIVOS  (UCI) NEONATOLOGÍA";"7";"9";"64";"107";"4";"113";"9"
"2023";"02";"200601";"PIURA";"SULLANA";"SULLANA";"GOBIERNO REGIONAL";"II-2";"00001910";"HOSPITAL DE APOYO II - 2 SULLANA";"242300";"HOSPITALIZACIÓN DE PEDIATRÍA  PEDIATRÍA  GENERAL ";"41";"40";"180";"159";"8";"210";"2"
"2023";"02";"200601";"PIURA";"SULLANA";"SULLANA";"GOBIERNO REGIONAL";"II-2";"00001910";"HOSPITAL DE APOYO II - 2 SULLANA";"241500";"HOSPITALIZACIÓN QUIRÚRGICA GINECOLOGÍA  ";"15";"19";"86";"62";"6";"163";"0"
"2023";"02";"200601";"PIURA";"SULLANA";"SULLANA";"GOBIERNO REGIONAL";"II-2";"00001910";"HOSPITAL DE APOYO II - 2 SULLANA";"241600";"HOSPITALIZACIÓN QUIRÚRGICA OBSTETRICIA   ";"325";"326";"1087";"842";"38";"1069";"0"
"2023";"02";"200601";"PIURA";"SULLANA";"SULLANA";"GOBIERNO REGIONAL";"II-2";"00001910";"HOSPITAL DE APOYO II - 2 SULLANA";"250100";"UNIDAD DE CUIDADOS CRITICOS UNIDAD  DE CUIDADOS INTENSIVOS GENERALES (UCI) ";"29";"9";"94";"322";"13";"364";"8"
"2023";"02";"100109";"HUANUCO";"HUANUCO";"SANTA MARIA DEL VALLE";"GOBIERNO REGIONAL";"I-3";"00000772";"SAN SEBASTIAN DE QUERA";"NE_0001";"";"NE_0001";"NE_0001";"NE_0001";"NE_0001";"NE_0001";"NE_0001";"NE_0001"
"2023";"02";"100109";"HUANUCO";"HUANUCO";"SANTA MARIA DEL VALLE";"GOBIERNO REGIONAL";"I-2";"00000768";"TAMBO DE SAN JOSE";"NE_0001";"";"NE_0001";"NE_0001";"NE_0001";"NE_0001";"NE_0001";"NE_0001";"NE_0001"
"2023";"02";"100109";"HUANUCO";"HUANUCO";"SANTA MARIA DEL VALLE";"GOBIERNO REGIONAL";"I-2";"00000769";"POMACUCHO";"NE_0001";"";"NE_0001";"NE_0001";"NE_0001";"NE_0001";"NE_0001";"NE_0001";"NE_0001"
"2023";"02";"100109";"HUANUCO";"HUANUCO";"SANTA MARIA DEL VALLE";"GOBIERNO REGIONAL";"I-2";"00000770";"SANTIAGO DE LLACON";"NE_0001";"";"NE_0001";"NE_0001";"NE_0001";"NE_0001";"NE_0001";"NE_0001";"NE_0001"
"2023";"02";"100109";"HUANUCO";"HUANUCO";"SANTA MARIA DEL VALLE";"GOBIERNO REGIONAL";"I-2";"00000773";"SANTA ROSA DE SIRABAMBA";"NE_0001";"";"NE_0001";"NE_0001";"NE_0001";"NE_0001";"NE_0001";"NE_0001";"NE_0001"
"2023";"02";"100109";"HUANUCO";"HUANUCO";"SANTA MARIA DEL VALLE";"GOBIERNO REGIONAL";"I-2";"00007079";"SAN MIGUEL DE MITOQUERA";"NE_0001";"";"NE_0001";"NE_0001";"NE_0001";"NE_0001";"NE_0001";"NE_0001";"NE_0001"
"2023";"02";"100109";"HUANUCO";"HUANUCO";"SANTA MARIA DEL VALLE";"GOBIERNO REGIONAL";"I-1";"00013848";"INGENIO BAJO";"NE_0001";"";"NE_0001";"NE_0001";"NE_0001";"NE_0001";"NE_0001";"NE_0001";"NE_0001"
"2023";"02";"100109";"HUANUCO";"HUANUCO";"SANTA MARIA DEL VALLE";"GOBIERNO REGIONAL";"I-3";"00027635";"SANTA MARIA DEL VALLE";"NE_0001";"";"NE_0001";"NE_0001";"NE_0001";"NE_0001";"NE_0001";"NE_0001";"NE_0001"
"2023";"02";"100109";"HUANUCO";"HUANUCO";"SANTA MARIA DEL VALLE";"GOBIERNO REGIONAL";"I-2";"00000774";"SANTA CRUZ DE RATACOCHA";"NE_0001";"";"NE_0001";"NE_0001";"NE_0001";"NE_0001";"NE_0001";"NE_0001";"NE_0001"
"2023";"02";"100109";"HUANUCO";"HUANUCO";"SANTA MARIA DEL VALLE";"GOBIERNO REGIONAL";"I-2";"00000771";"PUESTO DE SALUD DE PACHABAMBA";"NE_0001";"";"NE_0001";"NE_0001";"NE_0001";"NE_0001";"NE_0001";"NE_0001";"NE_0001"
"2023";"02";"100109";"HUANUCO";"HUANUCO";"SANTA MARIA DEL VALLE";"GOBIERNO REGIONAL";"I-2";"00007044";"LLACSA";"NE_0001";"";"NE_0001";"NE_0001";"NE_0001";"NE_0001";"NE_0001";"NE_0001";"NE_0001"
"2023";"02";"100109";"HUANUCO";"HUANUCO";"SANTA MARIA DEL VALLE";"GOBIERNO REGIONAL";"I-1";"00027658";"SAN PEDRO DE CHOQUECANCHA";"NE_0001";"";"NE_0001";"NE_0001";"NE_0001";"NE_0001";"NE_0001";"NE_0001";"NE_0001"
"2023";"02";"022001";"ANCASH";"YUNGAY";"YUNGAY";"GOBIERNO REGIONAL";"II-1";"00001633";"HOSPITAL DE APOYO YUNGAY";"241800";"HOSPITALIZACIÓN DE MEDICINA MEDICINA GENERAL ";"11";"14";"52";"40";"4";"112";"1"
"2023";"02";"022001";"ANCASH";"YUNGAY";"YUNGAY";"GOBIERNO REGIONAL";"II-1";"00001633";"HOSPITAL DE APOYO YUNGAY";"240100";"HOSPITALIZACIÓN QUIRÚRGICA CIRUGÍA GENERAL ";"1";"2";"5";"4";"2";"56";"0"
"2023";"02";"022001";"ANCASH";"YUNGAY";"YUNGAY";"GOBIERNO REGIONAL";"II-1";"00001633";"HOSPITAL DE APOYO YUNGAY";"242500";"HOSPITALIZACIÓN-PEDIATRÍA GENERAL-";"6";"7";"20";"15";"3";"84";"0"
"2023";"02";"022001";"ANCASH";"YUNGAY";"YUNGAY";"GOBIERNO REGIONAL";"II-1";"00001633";"HOSPITAL DE APOYO YUNGAY";"241600";"HOSPITALIZACIÓN QUIRÚRGICA OBSTETRICIA   ";"36";"40";"76";"69";"4";"112";"0"
"2023";"02";"022001";"ANCASH";"YUNGAY";"YUNGAY";"GOBIERNO REGIONAL";"II-1";"00001633";"HOSPITAL DE APOYO YUNGAY";"241500";"HOSPITALIZACIÓN QUIRÚRGICA GINECOLOGÍA  ";"2";"2";"2";"2";"2";"56";"0"
"2023";"02";"150605";"LIMA";"HUARAL";"CHANCAY";"GOBIERNO REGIONAL";"II-2";"00007638";"HOSPITAL DE CHANCAY Y SBS Dr. HIDALGO ATOCHE L¿PEZ";"240100";"HOSPITALIZACIÓN QUIRÚRGICA CIRUGÍA GENERAL ";"54";"62";"164";"164";"8";"224";"0"
"2023";"02";"150605";"LIMA";"HUARAL";"CHANCAY";"GOBIERNO REGIONAL";"II-2";"00007638";"HOSPITAL DE CHANCAY Y SBS Dr. HIDALGO ATOCHE L¿PEZ";"241200";"HOSPITALIZACIÓN QUIRÚRGICA TRAUMATOLOGÍA Y ORTOPEDIA ";"13";"15";"62";"62";"5";"140";"0"
"2023";"02";"150605";"LIMA";"HUARAL";"CHANCAY";"GOBIERNO REGIONAL";"II-2";"00007638";"HOSPITAL DE CHANCAY Y SBS Dr. HIDALGO ATOCHE L¿PEZ";"241300";"HOSPITALIZACIÓN QUIRÚRGICA UROLOGÍA  ";"0";"1";"7";"7";"1";"28";"0"
"2023";"02";"150605";"LIMA";"HUARAL";"CHANCAY";"GOBIERNO REGIONAL";"II-2";"00007638";"HOSPITAL DE CHANCAY Y SBS Dr. HIDALGO ATOCHE L¿PEZ";"241500";"HOSPITALIZACIÓN QUIRÚRGICA GINECOLOGÍA  ";"15";"15";"51";"51";"8";"224";"0"
"2023";"02";"150605";"LIMA";"HUARAL";"CHANCAY";"GOBIERNO REGIONAL";"II-2";"00007638";"HOSPITAL DE CHANCAY Y SBS Dr. HIDALGO ATOCHE L¿PEZ";"241600";"HOSPITALIZACIÓN QUIRÚRGICA OBSTETRICIA   ";"106";"115";"214";"214";"13";"364";"0"
"2023";"02";"150605";"LIMA";"HUARAL";"CHANCAY";"GOBIERNO REGIONAL";"II-2";"00007638";"HOSPITAL DE CHANCAY Y SBS Dr. HIDALGO ATOCHE L¿PEZ";"241800";"HOSPITALIZACIÓN DE MEDICINA MEDICINA GENERAL ";"31";"43";"330";"330";"16";"448";"5"
"2023";"02";"150605";"LIMA";"HUARAL";"CHANCAY";"GOBIERNO REGIONAL";"II-2";"00007638";"HOSPITAL DE CHANCAY Y SBS Dr. HIDALGO ATOCHE L¿PEZ";"242500";"HOSPITALIZACIÓN-PEDIATRÍA GENERAL-";"25";"30";"97";"97";"14";"392";"0"
"2023";"02";"150605";"LIMA";"HUARAL";"CHANCAY";"GOBIERNO REGIONAL";"II-2";"00007638";"HOSPITAL DE CHANCAY Y SBS Dr. HIDALGO ATOCHE L¿PEZ";"243200";"HOSPITALIZACIÓN DE PEDIATRÍA PEDIATRIA NEONATOLOGÍA";"5";"8";"84";"84";"6";"168";"0"
"2023";"02";"150605";"LIMA";"HUARAL";"CHANCAY";"GOBIERNO REGIONAL";"II-2";"00007638";"HOSPITAL DE CHANCAY Y SBS Dr. HIDALGO ATOCHE L¿PEZ";"250103";"UNIDAD DE CUIDADOS CRITICOS UNIDAD  DE CUIDADOS INTENSIVOS GENERALES  (UCI) MEDICINA";"0";"2";"35";"35";"4";"112";"1"
"2023";"02";"150605";"LIMA";"HUARAL";"CHANCAY";"GOBIERNO REGIONAL";"II-2";"00007638";"HOSPITAL DE CHANCAY Y SBS Dr. HIDALGO ATOCHE L¿PEZ";"250105";"UNIDAD DE CUIDADOS CRITICOS UNIDAD  DE CUIDADOS INTENSIVOS  (UCI) NEONATOLOGÍA";"0";"1";"24";"24";"2";"56";"0"
"2023";"02";"150120";"LIMA";"LIMA";"MAGDALENA DEL MAR";"PRIVADO";"II-E";"00011803";"CLINICA VIRGEN DEL ROSARIO SRL";"240000";"HOSPITALIZACIÓN";"186";"195";"546";"200";"24";"690";"0"
"2023";"03";"110301";"ICA";"NAZCA";"NAZCA";"SANIDAD DE LA POLICIA NACIONAL DEL PERU";"I-2";"00011399";"UNIDAD EJECUTORA 020:SANIDAD DE LA PNP";"NE_0001";"";"NE_0001";"NE_0001";"NE_0001";"NE_0001";"NE_0001";"NE_0001";"NE_0001"
"2023";"01";"150601";"LIMA";"HUARAL";"HUARAL";"GOBIERNO REGIONAL";"II-2";"00007637";"HOSPITAL SAN JUAN BAUTISTA HUARAL";"240100";"HOSPITALIZACIÓN QUIRÚRGICA CIRUGÍA GENERAL ";"77";"80";"201";"74";"11";"341";"0"
"2023";"01";"150601";"LIMA";"HUARAL";"HUARAL";"GOBIERNO REGIONAL";"II-2";"00007637";"HOSPITAL SAN JUAN BAUTISTA HUARAL";"241200";"HOSPITALIZACIÓN QUIRÚRGICA TRAUMATOLOGÍA Y ORTOPEDIA ";"11";"13";"144";"13";"8";"248";"0"
"2023";"01";"150601";"LIMA";"HUARAL";"HUARAL";"GOBIERNO REGIONAL";"II-2";"00007637";"HOSPITAL SAN JUAN BAUTISTA HUARAL";"241400";"HOSPITALIZACIÓN QUIRÚRGICA GINECO - OBSTETRICIA ";"127";"134";"225";"117";"26";"806";"0"
"2023";"01";"150601";"LIMA";"HUARAL";"HUARAL";"GOBIERNO REGIONAL";"II-2";"00007637";"HOSPITAL SAN JUAN BAUTISTA HUARAL";"241500";"HOSPITALIZACIÓN QUIRÚRGICA GINECOLOGÍA  ";"15";"15";"37";"34";"2";"62";"0"
"2023";"01";"150601";"LIMA";"HUARAL";"HUARAL";"GOBIERNO REGIONAL";"II-2";"00007637";"HOSPITAL SAN JUAN BAUTISTA HUARAL";"241800";"HOSPITALIZACIÓN DE MEDICINA MEDICINA GENERAL ";"82";"93";"477";"68";"16";"496";"9"
"2023";"01";"150601";"LIMA";"HUARAL";"HUARAL";"GOBIERNO REGIONAL";"II-2";"00007637";"HOSPITAL SAN JUAN BAUTISTA HUARAL";"242500";"HOSPITALIZACIÓN-PEDIATRÍA GENERAL-";"14";"15";"57";"27";"5";"155";"0"
"2023";"01";"150601";"LIMA";"HUARAL";"HUARAL";"GOBIERNO REGIONAL";"II-2";"00007637";"HOSPITAL SAN JUAN BAUTISTA HUARAL";"243200";"HOSPITALIZACIÓN DE PEDIATRÍA PEDIATRIA NEONATOLOGÍA";"17";"19";"47";"17";"5";"155";"0"
"2023";"01";"150601";"LIMA";"HUARAL";"HUARAL";"GOBIERNO REGIONAL";"II-2";"00007637";"HOSPITAL SAN JUAN BAUTISTA HUARAL";"250103";"UNIDAD DE CUIDADOS CRITICOS UNIDAD  DE CUIDADOS INTENSIVOS GENERALES  (UCI) MEDICINA";"6";"7";"39";"11";"9";"279";"4"
"2023";"01";"150601";"LIMA";"HUARAL";"HUARAL";"GOBIERNO REGIONAL";"II-2";"00007637";"HOSPITAL SAN JUAN BAUTISTA HUARAL";"250105";"UNIDAD DE CUIDADOS CRITICOS UNIDAD  DE CUIDADOS INTENSIVOS  (UCI) NEONATOLOGÍA";"1";"2";"14";"4";"2";"62";"0"
"2023";"01";"150121";"LIMA";"LIMA";"PUEBLO LIBRE";"PRIVADO";"II-1";"00010831";"centro Especializado en Odontoestomatología";"NE_0001";"";"NE_0001";"NE_0001";"NE_0001";"NE_0001";"NE_0001";"NE_0001";"NE_0001"
"2023";"01";"120705";"JUNIN";"TARMA";"LA UNION";"GOBIERNO REGIONAL";"I-1";"00000600";"UCHURACRA";"NE_0001";"";"NE_0001";"NE_0001";"NE_0001";"NE_0001";"NE_0001";"NE_0001";"NE_0001"
"2023";"01";"120705";"JUNIN";"TARMA";"LA UNION";"GOBIERNO REGIONAL";"I-1";"00000598";"CUYRUHUASI";"NE_0001";"";"NE_0001";"NE_0001";"NE_0001";"NE_0001";"NE_0001";"NE_0001";"NE_0001"
"2023";"01";"120705";"JUNIN";"TARMA";"LA UNION";"GOBIERNO REGIONAL";"I-1";"00000599";"CONDORCOCHA";"NE_0001";"";"NE_0001";"NE_0001";"NE_0001";"NE_0001";"NE_0001";"NE_0001";"NE_0001"
"2023";"01";"180101";"MOQUEGUA";"MARISCAL NIETO";"MOQUEGUA";"GOBIERNO REGIONAL";"II-2";"00007732";"HOSPITAL REGIONAL DE MOQUEGUA";"241400";"HOSPITALIZACIÓN QUIRÚRGICA GINECO - OBSTETRICIA ";"130";"136";"351";"386";"28";"868";"0"
"2023";"01";"180101";"MOQUEGUA";"MARISCAL NIETO";"MOQUEGUA";"GOBIERNO REGIONAL";"II-2";"00007732";"HOSPITAL REGIONAL DE MOQUEGUA";"241200";"HOSPITALIZACIÓN QUIRÚRGICA TRAUMATOLOGÍA Y ORTOPEDIA ";"46";"46";"335";"365";"12";"392";"0"
"2023";"01";"180101";"MOQUEGUA";"MARISCAL NIETO";"MOQUEGUA";"GOBIERNO REGIONAL";"II-2";"00007732";"HOSPITAL REGIONAL DE MOQUEGUA";"240100";"HOSPITALIZACIÓN QUIRÚRGICA CIRUGÍA GENERAL ";"60";"59";"282";"296";"9";"313";"0"
"2023";"01";"180101";"MOQUEGUA";"MARISCAL NIETO";"MOQUEGUA";"GOBIERNO REGIONAL";"II-2";"00007732";"HOSPITAL REGIONAL DE MOQUEGUA";"242500";"HOSPITALIZACIÓN-PEDIATRÍA GENERAL-";"27";"29";"188";"159";"10";"310";"0"
"2023";"01";"180101";"MOQUEGUA";"MARISCAL NIETO";"MOQUEGUA";"GOBIERNO REGIONAL";"II-2";"00007732";"HOSPITAL REGIONAL DE MOQUEGUA";"243200";"HOSPITALIZACIÓN DE PEDIATRÍA PEDIATRIA NEONATOLOGÍA";"27";"28";"93";"122";"8";"248";"0"
"2023";"01";"180101";"MOQUEGUA";"MARISCAL NIETO";"MOQUEGUA";"GOBIERNO REGIONAL";"II-2";"00007732";"HOSPITAL REGIONAL DE MOQUEGUA";"241800";"HOSPITALIZACIÓN DE MEDICINA MEDICINA GENERAL ";"35";"36";"315";"340";"16";"496";"4"
"2023";"01";"180101";"MOQUEGUA";"MARISCAL NIETO";"MOQUEGUA";"GOBIERNO REGIONAL";"II-2";"00007732";"HOSPITAL REGIONAL DE MOQUEGUA";"250200";"UNIDAD DE CUIDADOS CRITICOS UNIDAD DE CUIDADOS INTERMEDIOS GENERAL  (UCIN) ";"9";"9";"83";"208";"7";"248";"1"
"2023";"01";"180101";"MOQUEGUA";"MARISCAL NIETO";"MOQUEGUA";"GOBIERNO REGIONAL";"II-2";"00007732";"HOSPITAL REGIONAL DE MOQUEGUA";"242200";"HOSPITALIZACIÓN DE MEDICINA PSIQUIATRÍA ";"9";"11";"202";"130";"5";"217";"0"
"2023";"02";"040126";"AREQUIPA";"AREQUIPA";"YANAHUARA";"GOBIERNO REGIONAL";"I-3";"00001233";"CENTRO DE SALUD YANAHUARA";"NE_0001";"";"NE_0001";"NE_0001";"NE_0001";"NE_0001";"NE_0001";"NE_0001";"NE_0001"
"2023";"02";"040117";"AREQUIPA";"AREQUIPA";"SACHACA";"GOBIERNO REGIONAL";"I-2";"00001283";"PUESTO DE SALUD PAMPA DE CAMARONES";"NE_0001";"";"NE_0001";"NE_0001";"NE_0001";"NE_0001";"NE_0001";"NE_0001";"NE_0001"
"2023";"02";"040109";"AREQUIPA";"AREQUIPA";"MARIANO MELGAR";"GOBIERNO REGIONAL";"I-2";"00001309";"PUESTO DE SALUD JERUSALEN";"NE_0001";"";"NE_0001";"NE_0001";"NE_0001";"NE_0001";"NE_0001";"NE_0001";"NE_0001"
"2023";"02";"040109";"AREQUIPA";"AREQUIPA";"MARIANO MELGAR";"GOBIERNO REGIONAL";"I-2";"00007722";"PUESTO DE SALUD EL MIRADOR";"NE_0001";"";"NE_0001";"NE_0001";"NE_0001";"NE_0001";"NE_0001";"NE_0001";"NE_0001"
"2023";"02";"040109";"AREQUIPA";"AREQUIPA";"MARIANO MELGAR";"GOBIERNO REGIONAL";"I-3";"00001295";"CENTRO DE SALUD GENERALISIMO SAN MARTIN";"NE_0001";"";"NE_0001";"NE_0001";"NE_0001";"NE_0001";"NE_0001";"NE_0001";"NE_0001"
"2023";"02";"150106";"LIMA";"LIMA";"CARABAYLLO";"PRIVADO";"I-3";"00017468";"POLICLINICO NIÑO DE LA ESPINA SAC";"NE_0001";"";"NE_0001";"NE_0001";"NE_0001";"NE_0001";"NE_0001";"NE_0001";"NE_0001"
"2023";"02";"150130";"LIMA";"LIMA";"SAN BORJA";"PRIVADO";"II-E";"00011547";"CLINICA CONTINENTAL";"NE_0002";"";"NE_0002";"NE_0002";"NE_0002";"NE_0002";"NE_0002";"NE_0002";"NE_0002"
"2023";"02";"130902";"LA LIBERTAD";"SANCHEZ CARRION";"CHUGAY";"GOBIERNO REGIONAL";"I-2";"00005353";"UCHUBAMBA";"NE_0001";"";"NE_0001";"NE_0001";"NE_0001";"NE_0001";"NE_0001";"NE_0001";"NE_0001"
"2023";"02";"130902";"LA LIBERTAD";"SANCHEZ CARRION";"CHUGAY";"GOBIERNO REGIONAL";"I-2";"00005354";"COCHABAMBA";"NE_0001";"";"NE_0001";"NE_0001";"NE_0001";"NE_0001";"NE_0001";"NE_0001";"NE_0001"
"2023";"02";"130902";"LA LIBERTAD";"SANCHEZ CARRION";"CHUGAY";"GOBIERNO REGIONAL";"I-2";"00017924";"UCHUY";"NE_0001";"";"NE_0001";"NE_0001";"NE_0001";"NE_0001";"NE_0001";"NE_0001";"NE_0001"
"2023";"02";"130902";"LA LIBERTAD";"SANCHEZ CARRION";"CHUGAY";"GOBIERNO REGIONAL";"I-2";"00005352";"CHUGAY";"NE_0001";"";"NE_0001";"NE_0001";"NE_0001";"NE_0001";"NE_0001";"NE_0001";"NE_0001"
"2023";"02";"130902";"LA LIBERTAD";"SANCHEZ CARRION";"CHUGAY";"GOBIERNO REGIONAL";"I-1";"00018297";"HUAGUIL";"NE_0001";"";"NE_0001";"NE_0001";"NE_0001";"NE_0001";"NE_0001";"NE_0001";"NE_0001"
"2023";"02";"130902";"LA LIBERTAD";"SANCHEZ CARRION";"CHUGAY";"GOBIERNO REGIONAL";"I-1";"00029509";"PUESTO DE SALUD AHIJADERO";"NE_0001";"";"NE_0001";"NE_0001";"NE_0001";"NE_0001";"NE_0001";"NE_0001";"NE_0001"
"2023";"02";"130902";"LA LIBERTAD";"SANCHEZ CARRION";"CHUGAY";"GOBIERNO REGIONAL";"I-1";"00024527";"NUEVO HUAYCHO";"NE_0001";"";"NE_0001";"NE_0001";"NE_0001";"NE_0001";"NE_0001";"NE_0001";"NE_0001"
"2023";"02";"130902";"LA LIBERTAD";"SANCHEZ CARRION";"CHUGAY";"GOBIERNO REGIONAL";"I-2";"00018225";"CANUCUBAMBA";"NE_0001";"";"NE_0001";"NE_0001";"NE_0001";"NE_0001";"NE_0001";"NE_0001";"NE_0001"
"2023";"02";"130902";"LA LIBERTAD";"SANCHEZ CARRION";"CHUGAY";"GOBIERNO REGIONAL";"I-1";"00031804";"PUESTO DE SALUD PAJA BLANCA";"NE_0001";"";"NE_0001";"NE_0001";"NE_0001";"NE_0001";"NE_0001";"NE_0001";"NE_0001"
"2023";"02";"080702";"CUSCO";"CHUMBIVILCAS";"CAPACMARCA";"GOBIERNO REGIONAL";"I-3";"00002401";"CCAPACMARCA";"NE_0001";"";"NE_0001";"NE_0001";"NE_0001";"NE_0001";"NE_0001";"NE_0001";"NE_0001"
"2023";"02";"080704";"CUSCO";"CHUMBIVILCAS";"COLQUEMARCA";"GOBIERNO REGIONAL";"I-1";"00008914";"HUAYLLANI";"NE_0001";"";"NE_0001";"NE_0001";"NE_0001";"NE_0001";"NE_0001";"NE_0001";"NE_0001"
"2023";"02";"080702";"CUSCO";"CHUMBIVILCAS";"CAPACMARCA";"GOBIERNO REGIONAL";"I-1";"00009963";"CANCAHUANI";"NE_0001";"";"NE_0001";"NE_0001";"NE_0001";"NE_0001";"NE_0001";"NE_0001";"NE_0001"
"2023";"02";"080702";"CUSCO";"CHUMBIVILCAS";"CAPACMARCA";"GOBIERNO REGIONAL";"I-1";"00027009";"TAHUAY";"NE_0001";"";"NE_0001";"NE_0001";"NE_0001";"NE_0001";"NE_0001";"NE_0001";"NE_0001"
"2023";"02";"080704";"CUSCO";"CHUMBIVILCAS";"COLQUEMARCA";"GOBIERNO REGIONAL";"I-3";"00002404";"COLQUEMARCA";"NE_0001";"";"NE_0001";"NE_0001";"NE_0001";"NE_0001";"NE_0001";"NE_0001";"NE_0001"
"2023";"02";"080704";"CUSCO";"CHUMBIVILCAS";"COLQUEMARCA";"GOBIERNO REGIONAL";"I-1";"00002405";"CHARAMURAY";"NE_0001";"";"NE_0001";"NE_0001";"NE_0001";"NE_0001";"NE_0001";"NE_0001";"NE_0001"
"2023";"02";"080704";"CUSCO";"CHUMBIVILCAS";"COLQUEMARCA";"GOBIERNO REGIONAL";"I-2";"00012932";"YANQUE";"NE_0001";"";"NE_0001";"NE_0001";"NE_0001";"NE_0001";"NE_0001";"NE_0001";"NE_0001"
"2023";"02";"150130";"LIMA";"LIMA";"SAN BORJA";"PRIVADO";"II-E";"00015143";"CLINICA ASTOCONDOR";"240800";"HOSPITALIZACIÓN QUIRÚRGICA CIRUGÍA PLÁSTICA/RECONSTRUCTIVA/ REPARADORA ";"1";"1";"1";"1";"3";"45";"0"
"2023";"02";"120409";"JUNIN";"JAUJA";"HUARIPAMPA";"GOBIERNO REGIONAL";"I-1";"00000400";"HUARIPAMPA";"NE_0001";"";"NE_0001";"NE_0001";"NE_0001";"NE_0001";"NE_0001";"NE_0001";"NE_0001"
"2023";"02";"120420";"JUNIN";"JAUJA";"MUQUI";"GOBIERNO REGIONAL";"I-1";"00000402";"MUQUI";"NE_0001";"";"NE_0001";"NE_0001";"NE_0001";"NE_0001";"NE_0001";"NE_0001";"NE_0001"
"2023";"02";"120431";"JUNIN";"JAUJA";"SINCOS";"GOBIERNO REGIONAL";"I-1";"00000407";"SALLAHUACHAC";"NE_0001";"";"NE_0001";"NE_0001";"NE_0001";"NE_0001";"NE_0001";"NE_0001";"NE_0001"
"2023";"02";"120431";"JUNIN";"JAUJA";"SINCOS";"GOBIERNO REGIONAL";"I-3";"00000404";"SINCOS";"NE_0001";"";"NE_0001";"NE_0001";"NE_0001";"NE_0001";"NE_0001";"NE_0001";"NE_0001"
"2023";"02";"120431";"JUNIN";"JAUJA";"SINCOS";"GOBIERNO REGIONAL";"I-1";"00000405";"LLACUARIPAMPA";"NE_0001";"";"NE_0001";"NE_0001";"NE_0001";"NE_0001";"NE_0001";"NE_0001";"NE_0001"
"2023";"02";"120413";"JUNIN";"JAUJA";"LEONOR ORDOÑEZ";"GOBIERNO REGIONAL";"I-1";"00000401";"HUANCANI";"NE_0001";"";"NE_0001";"NE_0001";"NE_0001";"NE_0001";"NE_0001";"NE_0001";"NE_0001"
"2023";"02";"120431";"JUNIN";"JAUJA";"SINCOS";"GOBIERNO REGIONAL";"I-2";"00000406";"ARAMACHAY";"NE_0001";"";"NE_0001";"NE_0001";"NE_0001";"NE_0001";"NE_0001";"NE_0001";"NE_0001"
"2023";"02";"120431";"JUNIN";"JAUJA";"SINCOS";"GOBIERNO REGIONAL";"I-1";"00000408";"CHALHUAS";"NE_0001";"";"NE_0001";"NE_0001";"NE_0001";"NE_0001";"NE_0001";"NE_0001";"NE_0001"
"2023";"02";"120421";"JUNIN";"JAUJA";"MUQUIYAUYO";"GOBIERNO REGIONAL";"I-2";"00000403";"MUQUIYAUYO";"NE_0001";"";"NE_0001";"NE_0001";"NE_0001";"NE_0001";"NE_0001";"NE_0001";"NE_0001"
"2023";"02";"060801";"CAJAMARCA";"JAEN";"JAEN";"GOBIERNO REGIONAL";"I-2";"00004216";"LA CASCARILLA";"NE_0001";"";"NE_0001";"NE_0001";"NE_0001";"NE_0001";"NE_0001";"NE_0001";"NE_0001"
"2023";"02";"060801";"CAJAMARCA";"JAEN";"JAEN";"GOBIERNO REGIONAL";"I-1";"00024719";"LA VIRGINIA";"NE_0001";"";"NE_0001";"NE_0001";"NE_0001";"NE_0001";"NE_0001";"NE_0001";"NE_0001"
"2023";"02";"060801";"CAJAMARCA";"JAEN";"JAEN";"GOBIERNO REGIONAL";"I-1";"00004222";"ALTO VISTA ALEGRE";"NE_0001";"";"NE_0001";"NE_0001";"NE_0001";"NE_0001";"NE_0001";"NE_0001";"NE_0001"
"2023";"02";"060801";"CAJAMARCA";"JAEN";"JAEN";"GOBIERNO REGIONAL";"I-1";"00006994";"LOMA SANTA";"NE_0001";"";"NE_0001";"NE_0001";"NE_0001";"NE_0001";"NE_0001";"NE_0001";"NE_0001"
"2023";"02";"060801";"CAJAMARCA";"JAEN";"JAEN";"GOBIERNO REGIONAL";"I-3";"00025526";"LOS SAUCES";"NE_0001";"";"NE_0001";"NE_0001";"NE_0001";"NE_0001";"NE_0001";"NE_0001";"NE_0001"
"2023";"02";"060801";"CAJAMARCA";"JAEN";"JAEN";"GOBIERNO REGIONAL";"I-3";"00004212";"MAGLLANAL";"NE_0001";"";"NE_0001";"NE_0001";"NE_0001";"NE_0001";"NE_0001";"NE_0001";"NE_0001"
"2023";"02";"060801";"CAJAMARCA";"JAEN";"JAEN";"GOBIERNO REGIONAL";"I-1";"00016137";"RINCONADA LAJEÑA";"NE_0001";"";"NE_0001";"NE_0001";"NE_0001";"NE_0001";"NE_0001";"NE_0001";"NE_0001"
"2023";"02";"060801";"CAJAMARCA";"JAEN";"JAEN";"GOBIERNO REGIONAL";"I-1";"00015392";"SAN JOSE DE LA ALIANZA";"NE_0001";"";"NE_0001";"NE_0001";"NE_0001";"NE_0001";"NE_0001";"NE_0001";"NE_0001"
"2023";"02";"021303";"ANCASH";"MARISCAL LUZURIAGA";"ELEAZAR GUZMAN BARRON";"GOBIERNO REGIONAL";"I-1";"00001786";"PUESTO DE SALUD PAMPACHACRA";"NE_0002";"";"NE_0002";"NE_0002";"NE_0002";"NE_0002";"NE_0002";"NE_0002";"NE_0002"
"2023";"02";"021303";"ANCASH";"MARISCAL LUZURIAGA";"ELEAZAR GUZMAN BARRON";"GOBIERNO REGIONAL";"I-1";"00001787";"PUESTO DE SALUD PUMPA";"NE_0002";"";"NE_0002";"NE_0002";"NE_0002";"NE_0002";"NE_0002";"NE_0002";"NE_0002"
"2023";"02";"021305";"ANCASH";"MARISCAL LUZURIAGA";"LLAMA";"GOBIERNO REGIONAL";"I-2";"00001788";"PUESTO DE SALUD LLAMA";"NE_0002";"";"NE_0002";"NE_0002";"NE_0002";"NE_0002";"NE_0002";"NE_0002";"NE_0002"
"2023";"02";"021308";"ANCASH";"MARISCAL LUZURIAGA";"MUSGA";"GOBIERNO REGIONAL";"I-1";"00001792";"PUESTO DE SALUD MUSGA";"NE_0002";"";"NE_0002";"NE_0002";"NE_0002";"NE_0002";"NE_0002";"NE_0002";"NE_0002"
"2023";"02";"021301";"ANCASH";"MARISCAL LUZURIAGA";"PISCOBAMBA";"GOBIERNO REGIONAL";"I-4";"00001783";"CENTRO DE SALUD PISCOBAMBA";"NE_0002";"";"NE_0002";"NE_0002";"NE_0002";"NE_0002";"NE_0002";"NE_0002";"NE_0002"
"2023";"02";"021304";"ANCASH";"MARISCAL LUZURIAGA";"FIDEL OLIVAS ESCUDERO";"GOBIERNO REGIONAL";"I-1";"00001794";"PUESTO DE SALUD PARCO";"NE_0002";"";"NE_0002";"NE_0002";"NE_0002";"NE_0002";"NE_0002";"NE_0002";"NE_0002"
"2023";"02";"021306";"ANCASH";"MARISCAL LUZURIAGA";"LLUMPA";"GOBIERNO REGIONAL";"I-2";"00001789";"PUESTO DE SALUD LLUMPA";"NE_0002";"";"NE_0002";"NE_0002";"NE_0002";"NE_0002";"NE_0002";"NE_0002";"NE_0002"
"2023";"03";"220905";"SAN MARTIN";"SAN MARTIN";"CHIPURANA";"GOBIERNO REGIONAL";"I-3";"00006439";"YARINA";"NE_0002";"";"NE_0002";"NE_0002";"NE_0002";"NE_0002";"NE_0002";"NE_0002";"NE_0002"
"2023";"03";"090206";"HUANCAVELICA";"ACOBAMBA";"PAUCARA";"GOBIERNO REGIONAL";"I-4";"00003930";"CENTRO DE SALUD PAUCARA";"241400";"HOSPITALIZACIÓN QUIRÚRGICA GINECO - OBSTETRICIA ";"16";"16";"35";"16";"24";"744";"0"
"2023";"03";"150101";"LIMA";"LIMA";"LIMA";"PRIVADO";"II-E";"00022102";"CLINICA SEÑOR DE LOS MILAGROS E.I.R.L.";"NE_0001";"";"NE_0001";"NE_0001";"NE_0001";"NE_0001";"NE_0001";"NE_0001";"NE_0001"
"2023";"03";"220907";"SAN MARTIN";"SAN MARTIN";"HUIMBAYOC";"GOBIERNO REGIONAL";"I-1";"00006446";"SAN JOSE DE YANAYACU";"NE_0002";"";"NE_0002";"NE_0002";"NE_0002";"NE_0002";"NE_0002";"NE_0002";"NE_0002"
"2023";"03";"220907";"SAN MARTIN";"SAN MARTIN";"HUIMBAYOC";"GOBIERNO REGIONAL";"I-1";"00006431";"PONGO ISLA";"NE_0002";"";"NE_0002";"NE_0002";"NE_0002";"NE_0002";"NE_0002";"NE_0002";"NE_0002"
"2023";"03";"220907";"SAN MARTIN";"SAN MARTIN";"HUIMBAYOC";"GOBIERNO REGIONAL";"I-1";"00006442";"SAN JOSE 2 DE MAYO";"NE_0002";"";"NE_0002";"NE_0002";"NE_0002";"NE_0002";"NE_0002";"NE_0002";"NE_0002"
"2023";"03";"220907";"SAN MARTIN";"SAN MARTIN";"HUIMBAYOC";"GOBIERNO REGIONAL";"I-1";"00006444";"SANTA ROSILLO CHIPURANA";"NE_0002";"";"NE_0002";"NE_0002";"NE_0002";"NE_0002";"NE_0002";"NE_0002";"NE_0002"
"2023";"03";"220907";"SAN MARTIN";"SAN MARTIN";"HUIMBAYOC";"GOBIERNO REGIONAL";"I-1";"00006445";"SANTA MARTHA";"NE_0002";"";"NE_0002";"NE_0002";"NE_0002";"NE_0002";"NE_0002";"NE_0002";"NE_0002"
"2023";"03";"220905";"SAN MARTIN";"SAN MARTIN";"CHIPURANA";"GOBIERNO REGIONAL";"I-1";"00006440";"TIPISHCA";"NE_0002";"";"NE_0002";"NE_0002";"NE_0002";"NE_0002";"NE_0002";"NE_0002";"NE_0002"
"2023";"03";"220907";"SAN MARTIN";"SAN MARTIN";"HUIMBAYOC";"GOBIERNO REGIONAL";"I-1";"00006443";"LECHE";"NE_0002";"";"NE_0002";"NE_0002";"NE_0002";"NE_0002";"NE_0002";"NE_0002";"NE_0002"
"2023";"02";"211101";"PUNO";"SAN ROMAN";"JULIACA";"PRIVADO";"II-E";"00011978";"CLINICA MONTE SINAI JULIACA E.I.R.L.";"241800";"HOSPITALIZACIÓN DE MEDICINA MEDICINA GENERAL ";"13";"13";"25";"35";"5";"150";"0"
"2023";"02";"211101";"PUNO";"SAN ROMAN";"JULIACA";"PRIVADO";"II-E";"00011978";"CLINICA MONTE SINAI JULIACA E.I.R.L.";"240100";"HOSPITALIZACIÓN QUIRÚRGICA CIRUGÍA GENERAL ";"15";"13";"110";"15";"5";"92";"0"
"2023";"02";"021308";"ANCASH";"MARISCAL LUZURIAGA";"MUSGA";"GOBIERNO REGIONAL";"I-1";"00001792";"PUESTO DE SALUD MUSGA";"NE_0002";"";"NE_0002";"NE_0002";"NE_0002";"NE_0002";"NE_0002";"NE_0002";"NE_0002"
"2023";"02";"021301";"ANCASH";"MARISCAL LUZURIAGA";"PISCOBAMBA";"GOBIERNO REGIONAL";"I-4";"00001783";"CENTRO DE SALUD PISCOBAMBA";"NE_0002";"";"NE_0002";"NE_0002";"NE_0002";"NE_0002";"NE_0002";"NE_0002";"NE_0002"
"2023";"02";"220605";"SAN MARTIN";"MARISCAL CACERES";"PAJARILLO";"GOBIERNO REGIONAL";"I-1";"00006783";"SOLEDAD";"NE_0001";"";"NE_0001";"NE_0001";"NE_0001";"NE_0001";"NE_0001";"NE_0001";"NE_0001"
"2023";"02";"090101";"HUANCAVELICA";"HUANCAVELICA";"HUANCAVELICA";"GOBIERNO REGIONAL";"II-2";"00003853";"HOSPITAL DEPARTAMENTAL DE HUANCAVELICA";"240100";"HOSPITALIZACIÓN QUIRÚRGICA CIRUGÍA GENERAL ";"101";"101";"441";"300";"20";"600";"0"
"2023";"02";"090101";"HUANCAVELICA";"HUANCAVELICA";"HUANCAVELICA";"GOBIERNO REGIONAL";"II-2";"00003853";"HOSPITAL DEPARTAMENTAL DE HUANCAVELICA";"241200";"HOSPITALIZACIÓN QUIRÚRGICA TRAUMATOLOGÍA Y ORTOPEDIA ";"26";"26";"136";"270";"9";"270";"0"
"2023";"02";"090101";"HUANCAVELICA";"HUANCAVELICA";"HUANCAVELICA";"GOBIERNO REGIONAL";"II-2";"00003853";"HOSPITAL DEPARTAMENTAL DE HUANCAVELICA";"241400";"HOSPITALIZACIÓN QUIRÚRGICA GINECO - OBSTETRICIA ";"82";"82";"209";"360";"18";"540";"0"
"2023";"02";"090101";"HUANCAVELICA";"HUANCAVELICA";"HUANCAVELICA";"GOBIERNO REGIONAL";"II-2";"00003853";"HOSPITAL DEPARTAMENTAL DE HUANCAVELICA";"241500";"HOSPITALIZACIÓN QUIRÚRGICA GINECOLOGÍA  ";"53";"53";"120";"270";"18";"540";"0"
"2023";"02";"090101";"HUANCAVELICA";"HUANCAVELICA";"HUANCAVELICA";"GOBIERNO REGIONAL";"II-2";"00003853";"HOSPITAL DEPARTAMENTAL DE HUANCAVELICA";"241600";"HOSPITALIZACIÓN QUIRÚRGICA OBSTETRICIA   ";"1";"1";"2";"180";"18";"540";"0"
"2023";"02";"090101";"HUANCAVELICA";"HUANCAVELICA";"HUANCAVELICA";"GOBIERNO REGIONAL";"II-2";"00003853";"HOSPITAL DEPARTAMENTAL DE HUANCAVELICA";"241800";"HOSPITALIZACIÓN DE MEDICINA MEDICINA GENERAL ";"54";"54";"251";"240";"20";"600";"1"
"2023";"02";"090101";"HUANCAVELICA";"HUANCAVELICA";"HUANCAVELICA";"GOBIERNO REGIONAL";"II-2";"00003853";"HOSPITAL DEPARTAMENTAL DE HUANCAVELICA";"242300";"HOSPITALIZACIÓN DE PEDIATRÍA  PEDIATRÍA  GENERAL ";"32";"32";"101";"330";"11";"330";"0"
"2023";"02";"090101";"HUANCAVELICA";"HUANCAVELICA";"HUANCAVELICA";"GOBIERNO REGIONAL";"II-2";"00003853";"HOSPITAL DEPARTAMENTAL DE HUANCAVELICA";"242600";"HOSPITALIZACIÓN DE PEDIATRÍA PEDIATRIA CARDIOLOGÍA PEDIÁTRICA";"1";"1";"4";"240";"11";"330";"0"
"2023";"02";"090101";"HUANCAVELICA";"HUANCAVELICA";"HUANCAVELICA";"GOBIERNO REGIONAL";"II-2";"00003853";"HOSPITAL DEPARTAMENTAL DE HUANCAVELICA";"243200";"HOSPITALIZACIÓN DE PEDIATRÍA PEDIATRIA NEONATOLOGÍA";"23";"23";"117";"240";"16";"480";"0"
"2023";"02";"090101";"HUANCAVELICA";"HUANCAVELICA";"HUANCAVELICA";"GOBIERNO REGIONAL";"II-2";"00003853";"HOSPITAL DEPARTAMENTAL DE HUANCAVELICA";"250103";"UNIDAD DE CUIDADOS CRITICOS UNIDAD  DE CUIDADOS INTENSIVOS GENERALES  (UCI) MEDICINA";"4";"4";"73";"240";"20";"600";"2"
"2023";"02";"090101";"HUANCAVELICA";"HUANCAVELICA";"HUANCAVELICA";"GOBIERNO REGIONAL";"II-2";"00003853";"HOSPITAL DEPARTAMENTAL DE HUANCAVELICA";"250105";"UNIDAD DE CUIDADOS CRITICOS UNIDAD  DE CUIDADOS INTENSIVOS  (UCI) NEONATOLOGÍA";"3";"3";"39";"240";"16";"480";"0"
"2023";"02";"090101";"HUANCAVELICA";"HUANCAVELICA";"HUANCAVELICA";"GOBIERNO REGIONAL";"II-2";"00003853";"HOSPITAL DEPARTAMENTAL DE HUANCAVELICA";"250108";"UNIDAD DE CUIDADOS CRITICOS UNIDAD  DE CUIDADOS INTENSIVOS  (UCI) PEDIÁTRICA";"2";"2";"73";"240";"11";"330";"0"
"2023";"03";"120125";"JUNIN";"HUANCAYO";"PILCOMAYO";"SANIDAD DE LA POLICIA NACIONAL DEL PERU";"I-2";"00025776";"POSTA MEDICA POLICIAL EESTP - HYO";"NE_0001";"";"NE_0001";"NE_0001";"NE_0001";"NE_0001";"NE_0001";"NE_0001";"NE_0001"
"2023";"03";"051108";"AYACUCHO";"VILCAS HUAMAN";"VISCHONGO";"GOBIERNO REGIONAL";"I-1";"00006613";"PUESTO DE SALUD PATAHUASI";"NE_0001";"";"NE_0001";"NE_0001";"NE_0001";"NE_0001";"NE_0001";"NE_0001";"NE_0001"
"2023";"03";"051105";"AYACUCHO";"VILCAS HUAMAN";"HUAMBALPA";"GOBIERNO REGIONAL";"I-1";"00006606";"PUESTO DE SALUD SAN ANTONIO DE COCHAS";"NE_0001";"";"NE_0001";"NE_0001";"NE_0001";"NE_0001";"NE_0001";"NE_0001";"NE_0001"
"2023";"03";"051101";"AYACUCHO";"VILCAS HUAMAN";"VILCAS HUAMAN";"GOBIERNO REGIONAL";"I-1";"00011416";"PUESTO DE SALUD COLPAPAMPA";"NE_0001";"";"NE_0001";"NE_0001";"NE_0001";"NE_0001";"NE_0001";"NE_0001";"NE_0001"
"2023";"03";"051101";"AYACUCHO";"VILCAS HUAMAN";"VILCAS HUAMAN";"GOBIERNO REGIONAL";"I-1";"00003848";"PUESTO DE SALUD HUACCAÑA";"NE_0001";"";"NE_0001";"NE_0001";"NE_0001";"NE_0001";"NE_0001";"NE_0001";"NE_0001"
"2023";"03";"051101";"AYACUCHO";"VILCAS HUAMAN";"VILCAS HUAMAN";"GOBIERNO REGIONAL";"I-1";"00003850";"PUESTO DE SALUD SAN FRANCISCO DE PUJAS";"NE_0001";"";"NE_0001";"NE_0001";"NE_0001";"NE_0001";"NE_0001";"NE_0001";"NE_0001"
"2023";"03";"051102";"AYACUCHO";"VILCAS HUAMAN";"ACCOMARCA";"GOBIERNO REGIONAL";"I-1";"00003843";"PUESTO DE SALUD PONGOCOCHA";"NE_0001";"";"NE_0001";"NE_0001";"NE_0001";"NE_0001";"NE_0001";"NE_0001";"NE_0001"
"2023";"03";"021905";"ANCASH";"SIHUAS";"CHINGALPO";"GOBIERNO REGIONAL";"I-1";"00001754";"PUESTO DE SALUD SAN MIGUEL";"NE_0002";"";"NE_0002";"NE_0002";"NE_0002";"NE_0002";"NE_0002";"NE_0002";"NE_0002"
"2023";"03";"021903";"ANCASH";"SIHUAS";"ALFONSO UGARTE";"GOBIERNO REGIONAL";"I-1";"00001805";"PUESTO DE SALUD ULLOLLUCO";"NE_0002";"";"NE_0002";"NE_0002";"NE_0002";"NE_0002";"NE_0002";"NE_0002";"NE_0002"
"2023";"03";"021907";"ANCASH";"SIHUAS";"QUICHES";"GOBIERNO REGIONAL";"I-1";"00001807";"PUESTO DE SALUD JOCOSBAMBA";"NE_0002";"";"NE_0002";"NE_0002";"NE_0002";"NE_0002";"NE_0002";"NE_0002";"NE_0002"
"2023";"03";"021907";"ANCASH";"SIHUAS";"QUICHES";"GOBIERNO REGIONAL";"I-3";"00001806";"CENTRO DE SALUD QUICHES";"NE_0002";"";"NE_0002";"NE_0002";"NE_0002";"NE_0002";"NE_0002";"NE_0002";"NE_0002"
"2023";"03";"130301";"LA LIBERTAD";"BOLIVAR";"BOLIVAR";"GOBIERNO REGIONAL";"II-1";"00005366";"HOSPITAL PROVINCIAL DE BOLIVAR";"241600";"HOSPITALIZACIÓN QUIRÚRGICA OBSTETRICIA   ";"4";"4";"7";"7";"4";"124";"0"
"2023";"03";"130301";"LA LIBERTAD";"BOLIVAR";"BOLIVAR";"GOBIERNO REGIONAL";"II-1";"00005366";"HOSPITAL PROVINCIAL DE BOLIVAR";"241800";"HOSPITALIZACIÓN DE MEDICINA MEDICINA GENERAL ";"3";"4";"12";"7";"4";"124";"0"
"2023";"03";"040118";"AREQUIPA";"AREQUIPA";"SAN JUAN DE SIGUAS";"GOBIERNO REGIONAL";"I-1";"00001339";"PUESTO DE SALUD SAN JUAN DE SIGUAS - TAMBILLO";"NE_0001";"";"NE_0001";"NE_0001";"NE_0001";"NE_0001";"NE_0001";"NE_0001";"NE_0001"
"2023";"03";"040520";"AREQUIPA";"CAYLLOMA";"MAJES";"GOBIERNO REGIONAL";"I-3";"00023969";"CENTRO DE SALUD MENTAL COMUNITARIO MAJES";"NE_0002";"";"NE_0002";"NE_0002";"NE_0002";"NE_0002";"NE_0002";"NE_0002";"NE_0002"
"2023";"03";"040520";"AREQUIPA";"CAYLLOMA";"MAJES";"GOBIERNO REGIONAL";"I-2";"00001341";"ASENTAMIENTO B-1";"NE_0001";"";"NE_0001";"NE_0001";"NE_0001";"NE_0001";"NE_0001";"NE_0001";"NE_0001"
"2023";"03";"040520";"AREQUIPA";"CAYLLOMA";"MAJES";"GOBIERNO REGIONAL";"I-4";"00001325";"CENTRO DE SALUD  SANDRITA PEREZ EL PEDREGAL";"241600";"HOSPITALIZACIÓN QUIRÚRGICA OBSTETRICIA   ";"6";"6";"6";"6";"6";"14";"0"
"2023";"03";"040120";"AREQUIPA";"AREQUIPA";"SANTA ISABEL DE SIGUAS";"GOBIERNO REGIONAL";"I-2";"00001378";"PUESTO DE SALUD SONDOR";"NE_0001";"";"NE_0001";"NE_0001";"NE_0001";"NE_0001";"NE_0001";"NE_0001";"NE_0001"
"2023";"03";"040520";"AREQUIPA";"CAYLLOMA";"MAJES";"GOBIERNO REGIONAL";"I-2";"00001342";"PUESTO DE SALUD  B-2";"NE_0001";"";"NE_0001";"NE_0001";"NE_0001";"NE_0001";"NE_0001";"NE_0001";"NE_0001"
"2023";"03";"040120";"AREQUIPA";"AREQUIPA";"SANTA ISABEL DE SIGUAS";"GOBIERNO REGIONAL";"I-2";"00001336";"SANTA ISABEL DE SIGUAS";"NE_0001";"";"NE_0001";"NE_0001";"NE_0001";"NE_0001";"NE_0001";"NE_0001";"NE_0001"
"2023";"03";"040120";"AREQUIPA";"AREQUIPA";"SANTA ISABEL DE SIGUAS";"GOBIERNO REGIONAL";"I-1";"00001337";"PUESTO DE SALUD PITAY";"NE_0001";"";"NE_0001";"NE_0001";"NE_0001";"NE_0001";"NE_0001";"NE_0001";"NE_0001"
"2023";"03";"040520";"AREQUIPA";"CAYLLOMA";"MAJES";"GOBIERNO REGIONAL";"I-3";"00001326";"CENTRO DE SALUD LA COLINA";"NE_0001";"";"NE_0001";"NE_0001";"NE_0001";"NE_0001";"NE_0001";"NE_0001";"NE_0001"
"2023";"03";"040511";"AREQUIPA";"CAYLLOMA";"LLUTA";"GOBIERNO REGIONAL";"I-2";"00001340";"PUESTO DE SALUD QUERQUE";"NE_0001";"";"NE_0001";"NE_0001";"NE_0001";"NE_0001";"NE_0001";"NE_0001";"NE_0001"
"2023";"03";"150121";"LIMA";"LIMA";"PUEBLO LIBRE";"MINSA";"III-1";"00006211";"HOSPITAL DE APOYO SANTA ROSA";"240100";"HOSPITALIZACIÓN QUIRÚRGICA CIRUGÍA GENERAL ";"150";"146";"677";"677";"23";"713";"0"
"2023";"03";"150121";"LIMA";"LIMA";"PUEBLO LIBRE";"MINSA";"III-1";"00006211";"HOSPITAL DE APOYO SANTA ROSA";"240700";"HOSPITALIZACIÓN QUIRÚRGICA CIRUGÍA PEDIÁTRICA ";"42";"40";"196";"196";"10";"310";"0"
"2023";"03";"150121";"LIMA";"LIMA";"PUEBLO LIBRE";"MINSA";"III-1";"00006211";"HOSPITAL DE APOYO SANTA ROSA";"241500";"HOSPITALIZACIÓN QUIRÚRGICA GINECOLOGÍA  ";"63";"72";"372";"372";"26";"806";"0"
"2023";"03";"150121";"LIMA";"LIMA";"PUEBLO LIBRE";"MINSA";"III-1";"00006211";"HOSPITAL DE APOYO SANTA ROSA";"241600";"HOSPITALIZACIÓN QUIRÚRGICA OBSTETRICIA   ";"172";"169";"609";"609";"20";"620";"0"
"2023";"03";"150121";"LIMA";"LIMA";"PUEBLO LIBRE";"MINSA";"III-1";"00006211";"HOSPITAL DE APOYO SANTA ROSA";"241800";"HOSPITALIZACIÓN DE MEDICINA MEDICINA GENERAL ";"86";"93";"844";"844";"30";"930";"8"
"2023";"03";"150121";"LIMA";"LIMA";"PUEBLO LIBRE";"MINSA";"III-1";"00006211";"HOSPITAL DE APOYO SANTA ROSA";"242100";"HOSPITALIZACIÓN DE MEDICINA ONCOLOGÍA MÉDICA ";"86";"85";"403";"403";"15";"465";"0"
"2023";"03";"150121";"LIMA";"LIMA";"PUEBLO LIBRE";"MINSA";"III-1";"00006211";"HOSPITAL DE APOYO SANTA ROSA";"242500";"HOSPITALIZACIÓN-PEDIATRÍA GENERAL-";"53";"50";"262";"262";"14";"434";"0"
"2023";"03";"150121";"LIMA";"LIMA";"PUEBLO LIBRE";"MINSA";"III-1";"00006211";"HOSPITAL DE APOYO SANTA ROSA";"243200";"HOSPITALIZACIÓN DE PEDIATRÍA PEDIATRIA NEONATOLOGÍA";"31";"29";"245";"245";"15";"465";"0"
"2023";"03";"220101";"SAN MARTIN";"MOYOBAMBA";"MOYOBAMBA";"ESSALUD";"II-1";"00015598";"HOSPITAL I ALTO MAYO";"241800";"HOSPITALIZACIÓN DE MEDICINA MEDICINA GENERAL ";"62";"62";"356";"283";"15";"465";"3"
"2023";"03";"220101";"SAN MARTIN";"MOYOBAMBA";"MOYOBAMBA";"ESSALUD";"II-1";"00015598";"HOSPITAL I ALTO MAYO";"240100";"HOSPITALIZACIÓN QUIRÚRGICA CIRUGÍA GENERAL ";"68";"73";"260";"171";"6";"186";"0"
"2023";"03";"220101";"SAN MARTIN";"MOYOBAMBA";"MOYOBAMBA";"ESSALUD";"II-1";"00015598";"HOSPITAL I ALTO MAYO";"241500";"HOSPITALIZACIÓN QUIRÚRGICA GINECOLOGÍA  ";"17";"17";"56";"41";"2";"62";"0"
"2023";"03";"220101";"SAN MARTIN";"MOYOBAMBA";"MOYOBAMBA";"ESSALUD";"II-1";"00015598";"HOSPITAL I ALTO MAYO";"241600";"HOSPITALIZACIÓN QUIRÚRGICA OBSTETRICIA   ";"76";"69";"238";"151";"9";"279";"0"
"2023";"03";"220101";"SAN MARTIN";"MOYOBAMBA";"MOYOBAMBA";"ESSALUD";"II-1";"00015598";"HOSPITAL I ALTO MAYO";"242300";"HOSPITALIZACIÓN DE PEDIATRÍA  PEDIATRÍA  GENERAL ";"14";"15";"64";"44";"2";"62";"0"
"2023";"03";"120205";"JUNIN";"CONCEPCION";"COCHAS";"GOBIERNO REGIONAL";"I-1";"00019792";"ANDAS";"NE_0001";"";"NE_0001";"NE_0001";"NE_0001";"NE_0001";"NE_0001";"NE_0001";"NE_0001"
"2023";"03";"120205";"JUNIN";"CONCEPCION";"COCHAS";"GOBIERNO REGIONAL";"I-1";"00019794";"SAN FRANCISCO DE MACON";"NE_0001";"";"NE_0001";"NE_0001";"NE_0001";"NE_0001";"NE_0001";"NE_0001";"NE_0001"
"2023";"03";"120203";"JUNIN";"CONCEPCION";"ANDAMARCA";"GOBIERNO REGIONAL";"I-2";"00000672";"ANDAMARCA";"NE_0001";"";"NE_0001";"NE_0001";"NE_0001";"NE_0001";"NE_0001";"NE_0001";"NE_0001"
"2023";"03";"120206";"JUNIN";"CONCEPCION";"COMAS";"GOBIERNO REGIONAL";"I-2";"00000679";"CANCHAPALCA";"NE_0001";"";"NE_0001";"NE_0001";"NE_0001";"NE_0001";"NE_0001";"NE_0001";"NE_0001"
"2023";"03";"120206";"JUNIN";"CONCEPCION";"COMAS";"GOBIERNO REGIONAL";"I-2";"00000680";"RACRACALLA";"NE_0001";"";"NE_0001";"NE_0001";"NE_0001";"NE_0001";"NE_0001";"NE_0001";"NE_0001"
"2023";"03";"120206";"JUNIN";"CONCEPCION";"COMAS";"GOBIERNO REGIONAL";"I-1";"00000681";"POMAMANTA";"NE_0001";"";"NE_0001";"NE_0001";"NE_0001";"NE_0001";"NE_0001";"NE_0001";"NE_0001"
"2023";"03";"120206";"JUNIN";"CONCEPCION";"COMAS";"GOBIERNO REGIONAL";"I-1";"00000683";"PUQUIAN";"NE_0001";"";"NE_0001";"NE_0001";"NE_0001";"NE_0001";"NE_0001";"NE_0001";"NE_0001"
"2023";"03";"060106";"CAJAMARCA";"CAJAMARCA";"JESUS";"GOBIERNO REGIONAL";"I-1";"00004637";"YANAMARCA";"NE_0001";"";"NE_0001";"NE_0001";"NE_0001";"NE_0001";"NE_0001";"NE_0001";"NE_0001"
"2023";"03";"060101";"CAJAMARCA";"CAJAMARCA";"CAJAMARCA";"GOBIERNO REGIONAL";"I-3";"00004645";"MAGNA VALLEJO";"NE_0001";"";"NE_0001";"NE_0001";"NE_0001";"NE_0001";"NE_0001";"NE_0001";"NE_0001"
"2023";"03";"060101";"CAJAMARCA";"CAJAMARCA";"CAJAMARCA";"GOBIERNO REGIONAL";"I-1";"00012831";"AYLAMBO";"NE_0001";"";"NE_0001";"NE_0001";"NE_0001";"NE_0001";"NE_0001";"NE_0001";"NE_0001"
"2023";"03";"040307";"AREQUIPA";"CARAVELI";"CHALA";"ESSALUD";"I-2";"00012198";"POSTA MEDICA CHALA";"NE_0001";"";"NE_0001";"NE_0001";"NE_0001";"NE_0001";"NE_0001";"NE_0001";"NE_0001"
"2023";"03";"200101";"PIURA";"PIURA";"PIURA";"PRIVADO";"II-E";"00014092";"CLINICA SANTIVAÑEZ";"240800";"HOSPITALIZACIÓN QUIRÚRGICA CIRUGÍA PLÁSTICA/RECONSTRUCTIVA/ REPARADORA ";"18";"18";"18";"18";"3";"93";"0"
"2023";"03";"150113";"LIMA";"LIMA";"JESUS MARIA";"PRIVADO";"II-E";"00014181";"CLINICA SERVISALUD";"240000";"HOSPITALIZACIÓN";"101";"100";"155";"153";"9";"279";"0"
"2023";"03";"080701";"CUSCO";"CHUMBIVILCAS";"SANTO TOMAS";"GOBIERNO REGIONAL";"I-1";"00006981";"CCOYO";"NE_0001";"";"NE_0001";"NE_0001";"NE_0001";"NE_0001";"NE_0001";"NE_0001";"NE_0001"
"2023";"03";"080701";"CUSCO";"CHUMBIVILCAS";"SANTO TOMAS";"GOBIERNO REGIONAL";"I-1";"00006982";"MELLOTOTORA";"NE_0001";"";"NE_0001";"NE_0001";"NE_0001";"NE_0001";"NE_0001";"NE_0001";"NE_0001"
"2023";"03";"080706";"CUSCO";"CHUMBIVILCAS";"LLUSCO";"GOBIERNO REGIONAL";"I-2";"00006748";"COLLPA";"NE_0001";"";"NE_0001";"NE_0001";"NE_0001";"NE_0001";"NE_0001";"NE_0001";"NE_0001"
"2023";"03";"080701";"CUSCO";"CHUMBIVILCAS";"SANTO TOMAS";"GOBIERNO REGIONAL";"I-2";"00006746";"LLIQUE";"NE_0001";"";"NE_0001";"NE_0001";"NE_0001";"NE_0001";"NE_0001";"NE_0001";"NE_0001"
"2023";"03";"080701";"CUSCO";"CHUMBIVILCAS";"SANTO TOMAS";"GOBIERNO REGIONAL";"I-1";"00007111";"YAVINA";"NE_0001";"";"NE_0001";"NE_0001";"NE_0001";"NE_0001";"NE_0001";"NE_0001";"NE_0001"
"2023";"03";"080701";"CUSCO";"CHUMBIVILCAS";"SANTO TOMAS";"GOBIERNO REGIONAL";"I-2";"00008915";"PFULLPURI CONDEPAMPA";"NE_0001";"";"NE_0001";"NE_0001";"NE_0001";"NE_0001";"NE_0001";"NE_0001";"NE_0001"
"2023";"03";"080701";"CUSCO";"CHUMBIVILCAS";"SANTO TOMAS";"GOBIERNO REGIONAL";"I-1";"00006983";"ORCCOMA";"NE_0001";"";"NE_0001";"NE_0001";"NE_0001";"NE_0001";"NE_0001";"NE_0001";"NE_0001"
"2023";"03";"080707";"CUSCO";"CHUMBIVILCAS";"QUIÑOTA";"GOBIERNO REGIONAL";"I-1";"00007112";"YORENCCA";"NE_0001";"";"NE_0001";"NE_0001";"NE_0001";"NE_0001";"NE_0001";"NE_0001";"NE_0001"
"2023";"03";"080704";"CUSCO";"CHUMBIVILCAS";"COLQUEMARCA";"GOBIERNO REGIONAL";"I-1";"00008913";"HUARACO";"NE_0001";"";"NE_0001";"NE_0001";"NE_0001";"NE_0001";"NE_0001";"NE_0001";"NE_0001"
"2023";"03";"080701";"CUSCO";"CHUMBIVILCAS";"SANTO TOMAS";"GOBIERNO REGIONAL";"I-2";"00002400";"ALHUACCHULLO";"NE_0001";"";"NE_0001";"NE_0001";"NE_0001";"NE_0001";"NE_0001";"NE_0001";"NE_0001"
"2023";"01";"150133";"LIMA";"LIMA";"SAN JUAN DE MIRAFLORES";"PRIVADO";"II-2";"00018985";"CLINICA SANTA MARTHA DEL SUR";"240000";"HOSPITALIZACIÓN";"173";"164";"412";"1367";"82";"2542";"0"
"2023";"01";"150133";"LIMA";"LIMA";"SAN JUAN DE MIRAFLORES";"PRIVADO";"II-2";"00018985";"CLINICA SANTA MARTHA DEL SUR";"250100";"UNIDAD DE CUIDADOS CRITICOS UNIDAD  DE CUIDADOS INTENSIVOS GENERALES (UCI) ";"10";"11";"28";"82";"6";"186";"2"
"2023";"01";"120606";"JUNIN";"SATIPO";"PANGOA";"GOBIERNO REGIONAL";"I-2";"00000447";"VILLA MARIA";"NE_0001";"";"NE_0001";"NE_0001";"NE_0001";"NE_0001";"NE_0001";"NE_0001";"NE_0001"
"2023";"01";"120606";"JUNIN";"SATIPO";"PANGOA";"GOBIERNO REGIONAL";"I-1";"00000450";"ALTO KIATARI";"NE_0001";"";"NE_0001";"NE_0001";"NE_0001";"NE_0001";"NE_0001";"NE_0001";"NE_0001"
"2023";"01";"120606";"JUNIN";"SATIPO";"PANGOA";"GOBIERNO REGIONAL";"I-1";"00000453";"UNION CHAVINI";"NE_0001";"";"NE_0001";"NE_0001";"NE_0001";"NE_0001";"NE_0001";"NE_0001";"NE_0001"
"2023";"01";"120606";"JUNIN";"SATIPO";"PANGOA";"GOBIERNO REGIONAL";"I-1";"00000440";"SAN JOSE DE MIRAFLORES";"NE_0001";"";"NE_0001";"NE_0001";"NE_0001";"NE_0001";"NE_0001";"NE_0001";"NE_0001"
"2023";"01";"040125";"AREQUIPA";"AREQUIPA";"VITOR";"GOBIERNO REGIONAL";"I-3";"00001324";"CENTRO DE SALUD VITOR";"NE_0001";"";"NE_0001";"NE_0001";"NE_0001";"NE_0001";"NE_0001";"NE_0001";"NE_0001"
"2023";"01";"040121";"AREQUIPA";"AREQUIPA";"SANTA RITA DE SIHUAS";"GOBIERNO REGIONAL";"I-3";"00001335";"CENTRO  DE SALUD SANTA RITA DE SIGUAS";"NE_0001";"";"NE_0001";"NE_0001";"NE_0001";"NE_0001";"NE_0001";"NE_0001";"NE_0001"
"2023";"01";"040125";"AREQUIPA";"AREQUIPA";"VITOR";"GOBIERNO REGIONAL";"I-2";"00001334";"PUESTO DE SALUD YURAMAYO";"NE_0001";"";"NE_0001";"NE_0001";"NE_0001";"NE_0001";"NE_0001";"NE_0001";"NE_0001"
"2023";"01";"140101";"LAMBAYEQUE";"CHICLAYO";"CHICLAYO";"PRIVADO";"II-E";"00016192";"CLÍNICA CHICLAYO S.A";"240100";"HOSPITALIZACIÓN QUIRÚRGICA CIRUGÍA GENERAL ";"46";"47";"71";"66";"6";"180";"1"
"2023";"01";"140101";"LAMBAYEQUE";"CHICLAYO";"CHICLAYO";"PRIVADO";"II-E";"00016192";"CLÍNICA CHICLAYO S.A";"241000";"HOSPITALIZACIÓN QUIRÚRGICA ONCOLOGÍA QUIRÚRGICA  ";"11";"11";"27";"22";"3";"91";"1"
"2023";"01";"140101";"LAMBAYEQUE";"CHICLAYO";"CHICLAYO";"PRIVADO";"II-E";"00016192";"CLÍNICA CHICLAYO S.A";"241500";"HOSPITALIZACIÓN QUIRÚRGICA GINECOLOGÍA  ";"21";"21";"28";"18";"3";"87";"0"
"2023";"01";"140101";"LAMBAYEQUE";"CHICLAYO";"CHICLAYO";"PRIVADO";"II-E";"00016192";"CLÍNICA CHICLAYO S.A";"241400";"HOSPITALIZACIÓN QUIRÚRGICA GINECO - OBSTETRICIA ";"13";"13";"15";"15";"2";"61";"0"
"2023";"01";"140101";"LAMBAYEQUE";"CHICLAYO";"CHICLAYO";"PRIVADO";"II-E";"00016192";"CLÍNICA CHICLAYO S.A";"242300";"HOSPITALIZACIÓN DE PEDIATRÍA  PEDIATRÍA  GENERAL ";"13";"13";"15";"15";"2";"61";"0"
"2023";"01";"140101";"LAMBAYEQUE";"CHICLAYO";"CHICLAYO";"PRIVADO";"II-E";"00016192";"CLÍNICA CHICLAYO S.A";"241200";"HOSPITALIZACIÓN QUIRÚRGICA TRAUMATOLOGÍA Y ORTOPEDIA ";"41";"41";"62";"60";"5";"151";"1"
"2023";"01";"140101";"LAMBAYEQUE";"CHICLAYO";"CHICLAYO";"PRIVADO";"II-E";"00016192";"CLÍNICA CHICLAYO S.A";"240800";"HOSPITALIZACIÓN QUIRÚRGICA CIRUGÍA PLÁSTICA/RECONSTRUCTIVA/ REPARADORA ";"9";"9";"13";"13";"1";"32";"0"
"2023";"01";"140101";"LAMBAYEQUE";"CHICLAYO";"CHICLAYO";"PRIVADO";"II-E";"00016192";"CLÍNICA CHICLAYO S.A";"240400";"HOSPITALIZACIÓN QUIRÚRGICA CIRUGÍA DE TÓRAX Y CARDIOVASCULAR ";"1";"1";"2";"2";"1";"30";"0"
"2023";"01";"140101";"LAMBAYEQUE";"CHICLAYO";"CHICLAYO";"PRIVADO";"II-E";"00016192";"CLÍNICA CHICLAYO S.A";"241900";"HOSPITALIZACIÓN DE MEDICINA MEDICINA INTERNA ";"9";"9";"12";"12";"2";"62";"0"
"2023";"01";"140101";"LAMBAYEQUE";"CHICLAYO";"CHICLAYO";"PRIVADO";"II-E";"00016192";"CLÍNICA CHICLAYO S.A";"241300";"HOSPITALIZACIÓN QUIRÚRGICA UROLOGÍA  ";"7";"7";"7";"5";"1";"31";"0"
"2023";"01";"140101";"LAMBAYEQUE";"CHICLAYO";"CHICLAYO";"PRIVADO";"II-E";"00016192";"CLÍNICA CHICLAYO S.A";"240900";"HOSPITALIZACIÓN QUIRÚRGICA NEUROCIRUGÍA ";"1";"1";"4";"4";"1";"31";"0"
"2023";"01";"040126";"AREQUIPA";"AREQUIPA";"YANAHUARA";"PRIVADO";"II-1";"00028448";"CLINICA EMMEL";"240000";"HOSPITALIZACIÓN";"8";"8";"18";"18";"2";"62";"0"
"2023";"01";"040126";"AREQUIPA";"AREQUIPA";"YANAHUARA";"PRIVADO";"II-1";"00028448";"CLINICA EMMEL";"240100";"HOSPITALIZACIÓN QUIRÚRGICA CIRUGÍA GENERAL ";"138";"139";"188";"184";"6";"184";"0"
"2023";"01";"040126";"AREQUIPA";"AREQUIPA";"YANAHUARA";"PRIVADO";"II-1";"00028448";"CLINICA EMMEL";"240200";"HOSPITALIZACIÓN QUIRÚRGICA CIRUGÍA DE CABEZA Y CUELLO / MÁXILO FACIAL ";"3";"3";"6";"6";"1";"31";"0"
"2023";"01";"040126";"AREQUIPA";"AREQUIPA";"YANAHUARA";"PRIVADO";"II-1";"00028448";"CLINICA EMMEL";"240300";"HOSPITALIZACIÓN QUIRÚRGICA CIRUGÍA DIGESTIVA ";"6";"6";"7";"7";"1";"31";"0"
"2023";"01";"040126";"AREQUIPA";"AREQUIPA";"YANAHUARA";"PRIVADO";"II-1";"00028448";"CLINICA EMMEL";"240900";"HOSPITALIZACIÓN QUIRÚRGICA NEUROCIRUGÍA ";"3";"2";"5";"5";"1";"31";"0"
"2023";"01";"040126";"AREQUIPA";"AREQUIPA";"YANAHUARA";"PRIVADO";"II-1";"00028448";"CLINICA EMMEL";"241000";"HOSPITALIZACIÓN QUIRÚRGICA ONCOLOGÍA QUIRÚRGICA  ";"4";"4";"6";"6";"1";"31";"0"
"2023";"01";"040126";"AREQUIPA";"AREQUIPA";"YANAHUARA";"PRIVADO";"II-1";"00028448";"CLINICA EMMEL";"241200";"HOSPITALIZACIÓN QUIRÚRGICA TRAUMATOLOGÍA Y ORTOPEDIA ";"18";"19";"32";"29";"2";"62";"0"
"2023";"01";"040126";"AREQUIPA";"AREQUIPA";"YANAHUARA";"PRIVADO";"II-1";"00028448";"CLINICA EMMEL";"241300";"HOSPITALIZACIÓN QUIRÚRGICA UROLOGÍA  ";"3";"3";"6";"6";"1";"31";"0"
"2023";"01";"040126";"AREQUIPA";"AREQUIPA";"YANAHUARA";"PRIVADO";"II-1";"00028448";"CLINICA EMMEL";"241400";"HOSPITALIZACIÓN QUIRÚRGICA GINECO - OBSTETRICIA ";"10";"10";"12";"12";"2";"62";"0"
"2023";"01";"040126";"AREQUIPA";"AREQUIPA";"YANAHUARA";"PRIVADO";"II-1";"00028448";"CLINICA EMMEL";"245700";"HOSPITALIZACIÓN QUIRÚRGICA CARDIOLOGIA ";"3";"3";"3";"3";"2";"62";"0"
"2023";"02";"140101";"LAMBAYEQUE";"CHICLAYO";"CHICLAYO";"SANIDAD DE LA POLICIA NACIONAL DEL PERU";"I-4";"00011833";"HOSPITAL REGIONAL POLICIAL CHICLAYO";"241600";"HOSPITALIZACIÓN QUIRÚRGICA OBSTETRICIA   ";"2";"2";"2";"3";"3";"84";"0"
"2023";"02";"140101";"LAMBAYEQUE";"CHICLAYO";"CHICLAYO";"SANIDAD DE LA POLICIA NACIONAL DEL PERU";"I-4";"00011833";"HOSPITAL REGIONAL POLICIAL CHICLAYO";"241800";"HOSPITALIZACIÓN DE MEDICINA MEDICINA GENERAL ";"29";"32";"211";"163";"16";"448";"2"
"2023";"02";"220808";"SAN MARTIN";"RIOJA";"YORONGOS";"GOBIERNO REGIONAL";"I-1";"00006276";"PUESTO DE SALUD NUEVO TABALOSOS";"NE_0002";"";"NE_0002";"NE_0002";"NE_0002";"NE_0002";"NE_0002";"NE_0002";"NE_0002"
"2023";"02";"220801";"SAN MARTIN";"RIOJA";"RIOJA";"GOBIERNO REGIONAL";"I-1";"00006273";"PUESTO DE SALUD TAMBO";"NE_0002";"";"NE_0002";"NE_0002";"NE_0002";"NE_0002";"NE_0002";"NE_0002";"NE_0002"
"2023";"02";"220801";"SAN MARTIN";"RIOJA";"RIOJA";"GOBIERNO REGIONAL";"I-1";"00006708";"PUESTO DE SALUD PERLA DE CASCAYUNGA";"NE_0002";"";"NE_0002";"NE_0002";"NE_0002";"NE_0002";"NE_0002";"NE_0002";"NE_0002"
"2023";"02";"220801";"SAN MARTIN";"RIOJA";"RIOJA";"GOBIERNO REGIONAL";"I-1";"00006280";"PUESTO DE SALUD PORVENIR";"NE_0002";"";"NE_0002";"NE_0002";"NE_0002";"NE_0002";"NE_0002";"NE_0002";"NE_0002"
"2023";"02";"220806";"SAN MARTIN";"RIOJA";"POSIC";"GOBIERNO REGIONAL";"I-1";"00006274";"PUESTO DE SALUD POSIC";"NE_0002";"";"NE_0002";"NE_0002";"NE_0002";"NE_0002";"NE_0002";"NE_0002";"NE_0002"
"2023";"02";"220801";"SAN MARTIN";"RIOJA";"RIOJA";"GOBIERNO REGIONAL";"I-1";"00006271";"PUESTO DE SALUD MASHUYACU";"NE_0002";"";"NE_0002";"NE_0002";"NE_0002";"NE_0002";"NE_0002";"NE_0002";"NE_0002"
"2023";"02";"220801";"SAN MARTIN";"RIOJA";"RIOJA";"GOBIERNO REGIONAL";"I-4";"00006270";"CENTRO DE SALUD NUEVA RIOJA";"241600";"HOSPITALIZACIÓN QUIRÚRGICA OBSTETRICIA   ";"14";"14";"21";"9";"9";"128";"0"
"2023";"02";"220801";"SAN MARTIN";"RIOJA";"RIOJA";"GOBIERNO REGIONAL";"I-4";"00006270";"CENTRO DE SALUD NUEVA RIOJA";"241800";"HOSPITALIZACIÓN DE MEDICINA MEDICINA GENERAL ";"37";"37";"131";"9";"9";"448";"0"
"2023";"02";"220808";"SAN MARTIN";"RIOJA";"YORONGOS";"GOBIERNO REGIONAL";"I-3";"00006275";"PUESTO DE SALUD YORONGOS";"NE_0002";"";"NE_0002";"NE_0002";"NE_0002";"NE_0002";"NE_0002";"NE_0002";"NE_0002"
"2023";"02";"080105";"CUSCO";"CUSCO";"SAN SEBASTIAN";"GOBIERNO REGIONAL";"II-E";"00025210";"TUPAC AMARU";"245400";"HOSPITALIZACIÓN DE MEDICINA GINECOLOGIA ";"100";"107";"241";"203";"15";"465";"0"
"2023";"02";"150132";"LIMA";"LIMA";"SAN JUAN DE LURIGANCHO";"PRIVADO";"II-E";"00012267";"CLINICA SAN MARCOS";"240100";"HOSPITALIZACIÓN QUIRÚRGICA CIRUGÍA GENERAL ";"39";"38";"39";"61";"5";"157";"0"
"2023";"02";"150132";"LIMA";"LIMA";"SAN JUAN DE LURIGANCHO";"PRIVADO";"II-E";"00012267";"CLINICA SAN MARCOS";"241200";"HOSPITALIZACIÓN QUIRÚRGICA TRAUMATOLOGÍA Y ORTOPEDIA ";"1";"1";"1";"1";"2";"55";"0"
"2023";"02";"150132";"LIMA";"LIMA";"SAN JUAN DE LURIGANCHO";"PRIVADO";"II-E";"00012267";"CLINICA SAN MARCOS";"241300";"HOSPITALIZACIÓN QUIRÚRGICA UROLOGÍA  ";"5";"5";"57";"7";"3";"64";"0"
"2023";"02";"150132";"LIMA";"LIMA";"SAN JUAN DE LURIGANCHO";"PRIVADO";"II-E";"00012267";"CLINICA SAN MARCOS";"241400";"HOSPITALIZACIÓN QUIRÚRGICA GINECO - OBSTETRICIA ";"21";"19";"19";"26";"2";"63";"0"
"2023";"02";"150132";"LIMA";"LIMA";"SAN JUAN DE LURIGANCHO";"PRIVADO";"II-E";"00012267";"CLINICA SAN MARCOS";"241600";"HOSPITALIZACIÓN QUIRÚRGICA OBSTETRICIA   ";"3";"3";"3";"3";"1";"31";"0"
"2023";"02";"220502";"SAN MARTIN";"LAMAS";"ALONSO DE ALVARADO";"GOBIERNO REGIONAL";"I-1";"00010516";"PORVENIR DEL NORTE";"NE_0001";"";"NE_0001";"NE_0001";"NE_0001";"NE_0001";"NE_0001";"NE_0001";"NE_0001"
"2023";"02";"120606";"JUNIN";"SATIPO";"PANGOA";"GOBIERNO REGIONAL";"I-1";"00006879";"UNION PUERTO ASHANINKA";"NE_0001";"";"NE_0001";"NE_0001";"NE_0001";"NE_0001";"NE_0001";"NE_0001";"NE_0001"
"2023";"02";"120608";"JUNIN";"SATIPO";"RIO TAMBO";"GOBIERNO REGIONAL";"I-2";"00000474";"QUITENI";"NE_0001";"";"NE_0001";"NE_0001";"NE_0001";"NE_0001";"NE_0001";"NE_0001";"NE_0001"
"2023";"02";"120608";"JUNIN";"SATIPO";"RIO TAMBO";"GOBIERNO REGIONAL";"I-1";"00000461";"SHEVOJA";"NE_0001";"";"NE_0001";"NE_0001";"NE_0001";"NE_0001";"NE_0001";"NE_0001";"NE_0001"
"2023";"02";"120608";"JUNIN";"SATIPO";"RIO TAMBO";"GOBIERNO REGIONAL";"I-2";"00000463";"BOCA CHEMBO";"NE_0001";"";"NE_0001";"NE_0001";"NE_0001";"NE_0001";"NE_0001";"NE_0001";"NE_0001"
"2023";"02";"120608";"JUNIN";"SATIPO";"RIO TAMBO";"GOBIERNO REGIONAL";"I-1";"00000464";"IMPANEKIARI";"NE_0001";"";"NE_0001";"NE_0001";"NE_0001";"NE_0001";"NE_0001";"NE_0001";"NE_0001"
"2023";"02";"120606";"JUNIN";"SATIPO";"PANGOA";"GOBIERNO REGIONAL";"I-1";"00006878";"POTSOTENI";"NE_0001";"";"NE_0001";"NE_0001";"NE_0001";"NE_0001";"NE_0001";"NE_0001";"NE_0001"
"2023";"02";"120608";"JUNIN";"SATIPO";"RIO TAMBO";"GOBIERNO REGIONAL";"I-1";"00000475";"CAPERUSIA";"NE_0001";"";"NE_0001";"NE_0001";"NE_0001";"NE_0001";"NE_0001";"NE_0001";"NE_0001"
"2023";"02";"120608";"JUNIN";"SATIPO";"RIO TAMBO";"GOBIERNO REGIONAL";"I-2";"00007187";"VISTA  ALEGRE DEL VALLE DE SANTA CRUZ";"NE_0001";"";"NE_0001";"NE_0001";"NE_0001";"NE_0001";"NE_0001";"NE_0001";"NE_0001"
"2023";"02";"120608";"JUNIN";"SATIPO";"RIO TAMBO";"GOBIERNO REGIONAL";"I-2";"00000470";"SAN MIGUEL DE OTICA";"NE_0001";"";"NE_0001";"NE_0001";"NE_0001";"NE_0001";"NE_0001";"NE_0001";"NE_0001"
"2023";"02";"120608";"JUNIN";"SATIPO";"RIO TAMBO";"GOBIERNO REGIONAL";"I-2";"00000472";"OVIRI";"NE_0001";"";"NE_0001";"NE_0001";"NE_0001";"NE_0001";"NE_0001";"NE_0001";"NE_0001"
"2023";"02";"120608";"JUNIN";"SATIPO";"RIO TAMBO";"GOBIERNO REGIONAL";"I-3";"00000462";"POYENI";"NE_0001";"";"NE_0001";"NE_0001";"NE_0001";"NE_0001";"NE_0001";"NE_0001";"NE_0001"
"2023";"02";"120608";"JUNIN";"SATIPO";"RIO TAMBO";"GOBIERNO REGIONAL";"I-2";"00000465";"CAPITIRI";"NE_0001";"";"NE_0001";"NE_0001";"NE_0001";"NE_0001";"NE_0001";"NE_0001";"NE_0001"
"2023";"02";"120608";"JUNIN";"SATIPO";"RIO TAMBO";"GOBIERNO REGIONAL";"I-2";"00000467";"SHIMA";"NE_0001";"";"NE_0001";"NE_0001";"NE_0001";"NE_0001";"NE_0001";"NE_0001";"NE_0001"
"2023";"02";"120608";"JUNIN";"SATIPO";"RIO TAMBO";"GOBIERNO REGIONAL";"I-3";"00000473";"SAN VICENTE DE CANAAN";"NE_0001";"";"NE_0001";"NE_0001";"NE_0001";"NE_0001";"NE_0001";"NE_0001";"NE_0001"
"2023";"02";"060101";"CAJAMARCA";"CAJAMARCA";"CAJAMARCA";"PRIVADO";"II-1";"00019315";"CLINICA SANTA ANA";"241400";"HOSPITALIZACIÓN QUIRÚRGICA GINECO - OBSTETRICIA ";"16";"16";"16";"25";"6";"186";"0"
"2023";"02";"060101";"CAJAMARCA";"CAJAMARCA";"CAJAMARCA";"PRIVADO";"II-1";"00019315";"CLINICA SANTA ANA";"240100";"HOSPITALIZACIÓN QUIRÚRGICA CIRUGÍA GENERAL ";"31";"32";"32";"43";"4";"124";"0"
"2023";"02";"060101";"CAJAMARCA";"CAJAMARCA";"CAJAMARCA";"PRIVADO";"II-1";"00019315";"CLINICA SANTA ANA";"241900";"HOSPITALIZACIÓN DE MEDICINA MEDICINA INTERNA ";"1";"1";"3";"3";"4";"124";"0"
"2023";"02";"060101";"CAJAMARCA";"CAJAMARCA";"CAJAMARCA";"PRIVADO";"II-1";"00019315";"CLINICA SANTA ANA";"242300";"HOSPITALIZACIÓN DE PEDIATRÍA  PEDIATRÍA  GENERAL ";"1";"1";"1";"1";"2";"62";"0"
"2023";"02";"120606";"JUNIN";"SATIPO";"PANGOA";"GOBIERNO REGIONAL";"II-1";"00000442";"SAN MARTIN DE PANGOA";"241800";"HOSPITALIZACIÓN DE MEDICINA MEDICINA GENERAL ";"20";"22";"65";"64";"6";"168";"0"
"2023";"02";"120606";"JUNIN";"SATIPO";"PANGOA";"GOBIERNO REGIONAL";"II-1";"00000442";"SAN MARTIN DE PANGOA";"242500";"HOSPITALIZACIÓN-PEDIATRÍA GENERAL-";"2";"4";"22";"42";"8";"224";"0"
"2023";"02";"120606";"JUNIN";"SATIPO";"PANGOA";"GOBIERNO REGIONAL";"II-1";"00000442";"SAN MARTIN DE PANGOA";"240100";"HOSPITALIZACIÓN QUIRÚRGICA CIRUGÍA GENERAL ";"38";"39";"126";"111";"4";"112";"0"
"2023";"02";"120606";"JUNIN";"SATIPO";"PANGOA";"GOBIERNO REGIONAL";"II-1";"00000442";"SAN MARTIN DE PANGOA";"241500";"HOSPITALIZACIÓN QUIRÚRGICA GINECOLOGÍA  ";"43";"43";"91";"28";"8";"224";"0"
"2023";"02";"120606";"JUNIN";"SATIPO";"PANGOA";"GOBIERNO REGIONAL";"II-1";"00000442";"SAN MARTIN DE PANGOA";"241400";"HOSPITALIZACIÓN QUIRÚRGICA GINECO - OBSTETRICIA ";"57";"66";"134";"148";"8";"224";"0"
"2023";"02";"120606";"JUNIN";"SATIPO";"PANGOA";"GOBIERNO REGIONAL";"II-1";"00000442";"SAN MARTIN DE PANGOA";"243200";"HOSPITALIZACIÓN DE PEDIATRÍA PEDIATRIA NEONATOLOGÍA";"5";"5";"35";"34";"6";"168";"0"
"2023";"02";"160301";"LORETO";"LORETO";"NAUTA";"ESSALUD";"I-3";"00011403";"CENTRO DE ATENCION PRIMARIA II NAUTA";"NE_0001";"";"NE_0001";"NE_0001";"NE_0001";"NE_0001";"NE_0001";"NE_0001";"NE_0001"
"2023";"02";"100401";"HUANUCO";"HUACAYBAMBA";"HUACAYBAMBA";"GOBIERNO REGIONAL";"I-2";"00000880";"QUICHIRRAGRA";"NE_0001";"";"NE_0001";"NE_0001";"NE_0001";"NE_0001";"NE_0001";"NE_0001";"NE_0001"
"2023";"02";"100401";"HUANUCO";"HUACAYBAMBA";"HUACAYBAMBA";"GOBIERNO REGIONAL";"I-3";"00000877";"CENTRO DE SALUD DE HUACAYBAMBA";"NE_0001";"";"NE_0001";"NE_0001";"NE_0001";"NE_0001";"NE_0001";"NE_0001";"NE_0001"
"2023";"02";"100506";"HUANUCO";"HUAMALIES";"MIRAFLORES";"GOBIERNO REGIONAL";"I-2";"00000895";"MIRAFLORES";"NE_0001";"";"NE_0001";"NE_0001";"NE_0001";"NE_0001";"NE_0001";"NE_0001";"NE_0001"
"2023";"02";"150119";"LIMA";"LIMA";"LURIN";"PRIVADO";"I-3";"00027216";"MEPSO";"NE_0001";"";"NE_0001";"NE_0001";"NE_0001";"NE_0001";"NE_0001";"NE_0001";"NE_0001"
"2023";"02";"150141";"LIMA";"LIMA";"SURQUILLO";"PRIVADO";"I-3";"00023509";"MEDICINA EMPRESARIAL DE PREVENCIÓN EN SALUD OCUPACIONAL SAC";"NE_0001";"";"NE_0001";"NE_0001";"NE_0001";"NE_0001";"NE_0001";"NE_0001";"NE_0001"
"2023";"02";"150136";"LIMA";"LIMA";"SAN MIGUEL";"PRIVADO";"I-3";"00017540";"MEPSO";"NE_0001";"";"NE_0001";"NE_0001";"NE_0001";"NE_0001";"NE_0001";"NE_0001";"NE_0001"
"2023";"02";"120501";"JUNIN";"JUNIN";"JUNIN";"GOBIERNO REGIONAL";"II-1";"00000519";"DE APOYO JUNIN";"241800";"HOSPITALIZACIÓN DE MEDICINA MEDICINA GENERAL ";"5";"5";"23";"49";"14";"406";"1"
"2023";"02";"120501";"JUNIN";"JUNIN";"JUNIN";"GOBIERNO REGIONAL";"II-1";"00000519";"DE APOYO JUNIN";"243200";"HOSPITALIZACIÓN DE PEDIATRÍA PEDIATRIA NEONATOLOGÍA";"0";"0";"0";"6";"4";"116";"0"
"2023";"02";"120501";"JUNIN";"JUNIN";"JUNIN";"GOBIERNO REGIONAL";"II-1";"00000519";"DE APOYO JUNIN";"242500";"HOSPITALIZACIÓN-PEDIATRÍA GENERAL-";"4";"4";"7";"20";"6";"174";"0"
"2023";"02";"120501";"JUNIN";"JUNIN";"JUNIN";"GOBIERNO REGIONAL";"II-1";"00000519";"DE APOYO JUNIN";"240100";"HOSPITALIZACIÓN QUIRÚRGICA CIRUGÍA GENERAL ";"5";"5";"21";"3";"12";"348";"0"
"2023";"02";"120501";"JUNIN";"JUNIN";"JUNIN";"GOBIERNO REGIONAL";"II-1";"00000519";"DE APOYO JUNIN";"241500";"HOSPITALIZACIÓN QUIRÚRGICA GINECOLOGÍA  ";"9";"10";"24";"35";"5";"145";"0"
"2023";"02";"120501";"JUNIN";"JUNIN";"JUNIN";"GOBIERNO REGIONAL";"II-1";"00000519";"DE APOYO JUNIN";"241600";"HOSPITALIZACIÓN QUIRÚRGICA OBSTETRICIA   ";"2";"2";"3";"23";"5";"145";"0"
"2023";"02";"090101";"HUANCAVELICA";"HUANCAVELICA";"HUANCAVELICA";"SANIDAD DE LA POLICIA NACIONAL DEL PERU";"I-2";"00009476";"POSTA  MEDICA  POLICIAL- HUANCAVELICA";"NE_0001";"";"NE_0001";"NE_0001";"NE_0001";"NE_0001";"NE_0001";"NE_0001";"NE_0001"
"2023";"02";"050503";"AYACUCHO";"LA MAR";"AYNA";"GOBIERNO REGIONAL";"II-1";"00003754";"HOSPITAL DE APOYO SAN FRANCISCO";"240100";"HOSPITALIZACIÓN QUIRÚRGICA CIRUGÍA GENERAL ";"19";"18";"83";"115";"5";"140";"0"
"2023";"02";"050503";"AYACUCHO";"LA MAR";"AYNA";"GOBIERNO REGIONAL";"II-1";"00003754";"HOSPITAL DE APOYO SAN FRANCISCO";"241400";"HOSPITALIZACIÓN QUIRÚRGICA GINECO - OBSTETRICIA ";"67";"63";"178";"224";"10";"280";"0"
"2023";"02";"050503";"AYACUCHO";"LA MAR";"AYNA";"GOBIERNO REGIONAL";"II-1";"00003754";"HOSPITAL DE APOYO SAN FRANCISCO";"241800";"HOSPITALIZACIÓN DE MEDICINA MEDICINA GENERAL ";"24";"23";"73";"102";"5";"140";"0"
"2023";"02";"050503";"AYACUCHO";"LA MAR";"AYNA";"GOBIERNO REGIONAL";"II-1";"00003754";"HOSPITAL DE APOYO SAN FRANCISCO";"242500";"HOSPITALIZACIÓN-PEDIATRÍA GENERAL-";"16";"13";"50";"78";"5";"140";"0"
"2023";"02";"050503";"AYACUCHO";"LA MAR";"AYNA";"GOBIERNO REGIONAL";"II-1";"00003754";"HOSPITAL DE APOYO SAN FRANCISCO";"243200";"HOSPITALIZACIÓN DE PEDIATRÍA PEDIATRIA NEONATOLOGÍA";"8";"8";"20";"64";"5";"140";"0"
"2023";"02";"130111";"LA LIBERTAD";"TRUJILLO";"VICTOR LARCO HERRERA";"GOBIERNO REGIONAL";"II-1";"00005243";"HOSPITAL DISTRITAL VISTA ALEGRE";"241400";"HOSPITALIZACIÓN QUIRÚRGICA GINECO - OBSTETRICIA ";"33";"34";"55";"55";"8";"224";"0"
"2023";"02";"220912";"SAN MARTIN";"SAN MARTIN";"SAN ANTONIO";"GOBIERNO REGIONAL";"I-3";"00006384";"SAN ANTONIO DE CUMBAZA";"NE_0001";"";"NE_0001";"NE_0001";"NE_0001";"NE_0001";"NE_0001";"NE_0001";"NE_0001"
"2023";"02";"220903";"SAN MARTIN";"SAN MARTIN";"CACATACHI";"GOBIERNO REGIONAL";"I-3";"00006395";"CACATACHI";"NE_0001";"";"NE_0001";"NE_0001";"NE_0001";"NE_0001";"NE_0001";"NE_0001";"NE_0001"
"2023";"02";"220910";"SAN MARTIN";"SAN MARTIN";"MORALES";"GOBIERNO REGIONAL";"I-4";"00006361";"MORALES";"241400";"HOSPITALIZACIÓN QUIRÚRGICA GINECO - OBSTETRICIA ";"29";"29";"29";"29";"12";"336";"0"
"2023";"02";"220912";"SAN MARTIN";"SAN MARTIN";"SAN ANTONIO";"GOBIERNO REGIONAL";"I-1";"00006385";"SAN PEDRO DE CUMBAZA";"NE_0001";"";"NE_0001";"NE_0001";"NE_0001";"NE_0001";"NE_0001";"NE_0001";"NE_0001"
"2023";"02";"060401";"CAJAMARCA";"CHOTA";"CHOTA";"GOBIERNO REGIONAL";"II-1";"00004659";"HOSPITAL DE APOYO CHOTA - JOSE SOTO CADENILLAS";"240100";"HOSPITALIZACIÓN QUIRÚRGICA CIRUGÍA GENERAL ";"71";"76";"254";"371";"18";"504";"0"
"2023";"02";"060401";"CAJAMARCA";"CHOTA";"CHOTA";"GOBIERNO REGIONAL";"II-1";"00004659";"HOSPITAL DE APOYO CHOTA - JOSE SOTO CADENILLAS";"241400";"HOSPITALIZACIÓN QUIRÚRGICA GINECO - OBSTETRICIA ";"148";"158";"343";"201";"22";"616";"0"
"2023";"02";"060401";"CAJAMARCA";"CHOTA";"CHOTA";"GOBIERNO REGIONAL";"II-1";"00004659";"HOSPITAL DE APOYO CHOTA - JOSE SOTO CADENILLAS";"241800";"HOSPITALIZACIÓN DE MEDICINA MEDICINA GENERAL ";"52";"57";"228";"277";"12";"336";"0"
"2023";"02";"060401";"CAJAMARCA";"CHOTA";"CHOTA";"GOBIERNO REGIONAL";"II-1";"00004659";"HOSPITAL DE APOYO CHOTA - JOSE SOTO CADENILLAS";"242500";"HOSPITALIZACIÓN-PEDIATRÍA GENERAL-";"58";"61";"139";"156";"8";"224";"2"
"2023";"02";"150113";"LIMA";"LIMA";"JESUS MARIA";"PRIVADO";"II-E";"00009089";"ONCOGYN CLINICA INTEGRAL";"241400";"HOSPITALIZACIÓN QUIRÚRGICA GINECO - OBSTETRICIA ";"2";"2";"2";"2";"4";"112";"0"
"2023";"02";"150116";"LIMA";"LIMA";"LINCE";"PRIVADO";"II-E";"00015684";"CLINICA GONZALEZ S.A.";"241600";"HOSPITALIZACIÓN QUIRÚRGICA OBSTETRICIA   ";"7";"7";"16";"16";"10";"300";"0"
"2023";"02";"150116";"LIMA";"LIMA";"LINCE";"PRIVADO";"II-E";"00015684";"CLINICA GONZALEZ S.A.";"240000";"HOSPITALIZACIÓN";"26";"26";"43";"43";"12";"360";"0"
"2023";"02";"130101";"LA LIBERTAD";"TRUJILLO";"TRUJILLO";"GOBIERNO REGIONAL";"III-2";"00005197";"IRO JSU";"NE_0001";"";"NE_0001";"NE_0001";"NE_0001";"NE_0001";"NE_0001";"NE_0001";"NE_0001"
"2023";"02";"130107";"LA LIBERTAD";"TRUJILLO";"MOCHE";"GOBIERNO REGIONAL";"II-1";"00007152";"HOSPITAL DISTRITAL ALTO MOCHE-WALTER CRUZ VILCA";"241400";"HOSPITALIZACIÓN QUIRÚRGICA GINECO - OBSTETRICIA ";"23";"23";"24";"12";"12";"360";"0"
"2023";"02";"211101";"PUNO";"SAN ROMAN";"JULIACA";"PRIVADO";"II-E";"00020181";"CLINICA INTERNACIONAL NACER";"241600";"HOSPITALIZACIÓN QUIRÚRGICA OBSTETRICIA   ";"30";"30";"41";"30";"10";"259";"0"
"2023";"02";"080601";"CUSCO";"CANCHIS";"SICUANI";"GOBIERNO REGIONAL";"II-1";"00002378";"SICUANI";"240100";"HOSPITALIZACIÓN QUIRÚRGICA CIRUGÍA GENERAL ";"73";"84";"353";"368";"19";"532";"1"
"2023";"02";"080601";"CUSCO";"CANCHIS";"SICUANI";"GOBIERNO REGIONAL";"II-1";"00002378";"SICUANI";"241500";"HOSPITALIZACIÓN QUIRÚRGICA GINECOLOGÍA  ";"25";"26";"62";"66";"7";"196";"0"
"2023";"02";"080601";"CUSCO";"CANCHIS";"SICUANI";"GOBIERNO REGIONAL";"II-1";"00002378";"SICUANI";"241600";"HOSPITALIZACIÓN QUIRÚRGICA OBSTETRICIA   ";"89";"94";"227";"236";"17";"476";"0"
"2023";"02";"080601";"CUSCO";"CANCHIS";"SICUANI";"GOBIERNO REGIONAL";"II-1";"00002378";"SICUANI";"241800";"HOSPITALIZACIÓN DE MEDICINA MEDICINA GENERAL ";"27";"37";"227";"248";"17";"476";"3"
"2023";"02";"080601";"CUSCO";"CANCHIS";"SICUANI";"GOBIERNO REGIONAL";"II-1";"00002378";"SICUANI";"242500";"HOSPITALIZACIÓN-PEDIATRÍA GENERAL-";"15";"18";"102";"106";"16";"448";"0"
"2023";"02";"080601";"CUSCO";"CANCHIS";"SICUANI";"GOBIERNO REGIONAL";"II-1";"00002378";"SICUANI";"243200";"HOSPITALIZACIÓN DE PEDIATRÍA PEDIATRIA NEONATOLOGÍA";"17";"18";"55";"63";"7";"196";"0"
"2023";"02";"140101";"LAMBAYEQUE";"CHICLAYO";"CHICLAYO";"PRIVADO";"II-E";"00016192";"CLÍNICA CHICLAYO S.A";"240100";"HOSPITALIZACIÓN QUIRÚRGICA CIRUGÍA GENERAL ";"41";"42";"66";"60";"6";"162";"0"
"2023";"02";"140101";"LAMBAYEQUE";"CHICLAYO";"CHICLAYO";"PRIVADO";"II-E";"00016192";"CLÍNICA CHICLAYO S.A";"241000";"HOSPITALIZACIÓN QUIRÚRGICA ONCOLOGÍA QUIRÚRGICA  ";"11";"11";"27";"22";"3";"84";"0"
"2023";"02";"140101";"LAMBAYEQUE";"CHICLAYO";"CHICLAYO";"PRIVADO";"II-E";"00016192";"CLÍNICA CHICLAYO S.A";"241500";"HOSPITALIZACIÓN QUIRÚRGICA GINECOLOGÍA  ";"20";"20";"25";"16";"3";"78";"0"
"2023";"02";"140101";"LAMBAYEQUE";"CHICLAYO";"CHICLAYO";"PRIVADO";"II-E";"00016192";"CLÍNICA CHICLAYO S.A";"241400";"HOSPITALIZACIÓN QUIRÚRGICA GINECO - OBSTETRICIA ";"8";"8";"9";"9";"2";"56";"0"
"2023";"02";"140101";"LAMBAYEQUE";"CHICLAYO";"CHICLAYO";"PRIVADO";"II-E";"00016192";"CLÍNICA CHICLAYO S.A";"242300";"HOSPITALIZACIÓN DE PEDIATRÍA  PEDIATRÍA  GENERAL ";"8";"8";"9";"9";"2";"56";"0"
"2023";"02";"140101";"LAMBAYEQUE";"CHICLAYO";"CHICLAYO";"PRIVADO";"II-E";"00016192";"CLÍNICA CHICLAYO S.A";"241200";"HOSPITALIZACIÓN QUIRÚRGICA TRAUMATOLOGÍA Y ORTOPEDIA ";"38";"38";"56";"56";"5";"135";"0"
"2023";"02";"140101";"LAMBAYEQUE";"CHICLAYO";"CHICLAYO";"PRIVADO";"II-E";"00016192";"CLÍNICA CHICLAYO S.A";"240800";"HOSPITALIZACIÓN QUIRÚRGICA CIRUGÍA PLÁSTICA/RECONSTRUCTIVA/ REPARADORA ";"7";"7";"10";"10";"1";"29";"0"
"2023";"02";"140101";"LAMBAYEQUE";"CHICLAYO";"CHICLAYO";"PRIVADO";"II-E";"00016192";"CLÍNICA CHICLAYO S.A";"240400";"HOSPITALIZACIÓN QUIRÚRGICA CIRUGÍA DE TÓRAX Y CARDIOVASCULAR ";"1";"1";"2";"2";"1";"27";"0"
"2023";"02";"140101";"LAMBAYEQUE";"CHICLAYO";"CHICLAYO";"PRIVADO";"II-E";"00016192";"CLÍNICA CHICLAYO S.A";"241900";"HOSPITALIZACIÓN DE MEDICINA MEDICINA INTERNA ";"10";"10";"12";"12";"2";"56";"0"
"2023";"02";"140101";"LAMBAYEQUE";"CHICLAYO";"CHICLAYO";"PRIVADO";"II-E";"00016192";"CLÍNICA CHICLAYO S.A";"241300";"HOSPITALIZACIÓN QUIRÚRGICA UROLOGÍA  ";"5";"5";"5";"4";"1";"28";"0"
"2023";"02";"140101";"LAMBAYEQUE";"CHICLAYO";"CHICLAYO";"PRIVADO";"II-E";"00016192";"CLÍNICA CHICLAYO S.A";"240900";"HOSPITALIZACIÓN QUIRÚRGICA NEUROCIRUGÍA ";"1";"1";"3";"3";"1";"28";"0"
"2023";"03";"070106";"CALLAO";"CALLAO";"VENTANILLA";"SANIDAD DE LA POLICIA NACIONAL DEL PERU";"I-2";"00010573";"POSTA MEDICA POLICIAL VENTANILLA";"NE_0001";"";"NE_0001";"NE_0001";"NE_0001";"NE_0001";"NE_0001";"NE_0001";"NE_0001"
"2023";"03";"010201";"AMAZONAS";"BAGUA";"BAGUA";"SANIDAD DE LA POLICIA NACIONAL DEL PERU";"I-2";"00012954";"POSTA MEDICA  POLICIAL  BAGUA";"NE_0001";"";"NE_0001";"NE_0001";"NE_0001";"NE_0001";"NE_0001";"NE_0001";"NE_0001"
"2023";"03";"080910";"CUSCO";"LA CONVENCION";"PICHARI";"SANIDAD DE LA POLICIA NACIONAL DEL PERU";"I-2";"00027230";"MEDICA POLICIAL PICHARI";"NE_0001";"";"NE_0001";"NE_0001";"NE_0001";"NE_0001";"NE_0001";"NE_0001";"NE_0001"
"2023";"03";"040701";"AREQUIPA";"ISLAY";"MOLLENDO";"SANIDAD DE LA POLICIA NACIONAL DEL PERU";"I-2";"00017336";"IX MACRO REGION DE SANIDAD POLICIAL  AREQUIPA / HOSREPOL AREQUIPA/ POSTA MEDICA POLICIAL ISLAY";"NE_0001";"";"NE_0001";"NE_0001";"NE_0001";"NE_0001";"NE_0001";"NE_0001";"NE_0001"
"2023";"03";"040105";"AREQUIPA";"AREQUIPA";"CHARACATO";"GOBIERNO REGIONAL";"I-3";"00001261";"CENTRO DE SALUD DE CHARACATO";"NE_0001";"";"NE_0001";"NE_0001";"NE_0001";"NE_0001";"NE_0001";"NE_0001";"NE_0001"
"2023";"03";"040113";"AREQUIPA";"AREQUIPA";"POCSI";"GOBIERNO REGIONAL";"I-1";"00001289";"PUESTO DE SALUD PIACA";"NE_0001";"";"NE_0001";"NE_0001";"NE_0001";"NE_0001";"NE_0001";"NE_0001";"NE_0001"
"2023";"03";"040111";"AREQUIPA";"AREQUIPA";"MOLLEBAYA";"GOBIERNO REGIONAL";"I-2";"00001285";"PUESTO DE SALUD MOLLEBAYA";"NE_0001";"";"NE_0001";"NE_0001";"NE_0001";"NE_0001";"NE_0001";"NE_0001";"NE_0001"
"2023";"03";"040114";"AREQUIPA";"AREQUIPA";"POLOBAYA";"GOBIERNO REGIONAL";"I-2";"00001262";"PUESTO DE SALUD POLOBAYA";"NE_0001";"";"NE_0001";"NE_0001";"NE_0001";"NE_0001";"NE_0001";"NE_0001";"NE_0001"
"2023";"03";"040116";"AREQUIPA";"AREQUIPA";"SABANDIA";"GOBIERNO REGIONAL";"I-2";"00001284";"PUESTO DE SALUD LEOPOLDO RONDON - SABANDIA";"NE_0001";"";"NE_0001";"NE_0001";"NE_0001";"NE_0001";"NE_0001";"NE_0001";"NE_0001"
"2023";"03";"040111";"AREQUIPA";"AREQUIPA";"MOLLEBAYA";"GOBIERNO REGIONAL";"I-2";"00011677";"PUESTO DE SALUD MACHAHUAYA";"NE_0001";"";"NE_0001";"NE_0001";"NE_0001";"NE_0001";"NE_0001";"NE_0001";"NE_0001"
"2023";"03";"040127";"AREQUIPA";"AREQUIPA";"YARABAMBA";"GOBIERNO REGIONAL";"I-2";"00001287";"PUESTO DE SALUD YARABAMBA";"NE_0001";"";"NE_0001";"NE_0001";"NE_0001";"NE_0001";"NE_0001";"NE_0001";"NE_0001"
"2023";"03";"040113";"AREQUIPA";"AREQUIPA";"POCSI";"GOBIERNO REGIONAL";"I-1";"00001288";"PUESTO DE SALUD POCSI";"NE_0001";"";"NE_0001";"NE_0001";"NE_0001";"NE_0001";"NE_0001";"NE_0001";"NE_0001"
"2023";"03";"040115";"AREQUIPA";"AREQUIPA";"QUEQUEÑA";"GOBIERNO REGIONAL";"I-2";"00001286";"PUESTO DE SALUD QUEQUEÑA";"NE_0001";"";"NE_0001";"NE_0001";"NE_0001";"NE_0001";"NE_0001";"NE_0001";"NE_0001"
"2023";"03";"200104";"PIURA";"PIURA";"CASTILLA";"PRIVADO";"II-E";"00013165";"CENTRO DE REPOSO SAN JUAN DE DIOS";"242202";"HOSPITALIZACIÓN DE MEDICINA PSIQUIATRÍA PSIQUIATRÍA DEL ADULTO Y GERONTE";"40";"38";"1015";"828";"46";"1426";"0"
"2023";"03";"200301";"PIURA";"HUANCABAMBA";"HUANCABAMBA";"SANIDAD DE LA POLICIA NACIONAL DEL PERU";"I-1";"00010680";"PUESTO SANITARIO PNP HUANCABAMBA";"NE_0002";"";"NE_0002";"NE_0002";"NE_0002";"NE_0002";"NE_0002";"NE_0002";"NE_0002"
"2023";"03";"100101";"HUANUCO";"HUANUCO";"HUANUCO";"PRIVADO";"II-E";"00021062";"CLINICA SAN JUAN BOSCO E.I.R.L.";"240000";"HOSPITALIZACIÓN";"7";"8";"8";"8";"11";"330";"0"
"2023";"03";"200104";"PIURA";"PIURA";"CASTILLA";"SANIDAD DE LA POLICIA NACIONAL DEL PERU";"I-3";"00010679";"POLICLINICO PNP ""ALMIRANTE MIGUEL GRAU""";"241800";"HOSPITALIZACIÓN DE MEDICINA MEDICINA GENERAL ";"3";"3";"3";"3";"13";"400";"0"
"2023";"03";"090206";"HUANCAVELICA";"ACOBAMBA";"PAUCARA";"GOBIERNO REGIONAL";"I-1";"00009696";"PUESTO DE SALUD LIBERTADORES DE CHOPCCA";"NE_0001";"";"NE_0001";"NE_0001";"NE_0001";"NE_0001";"NE_0001";"NE_0001";"NE_0001"
"2023";"03";"090206";"HUANCAVELICA";"ACOBAMBA";"PAUCARA";"GOBIERNO REGIONAL";"I-3";"00003931";"TINQUERCCASA";"NE_0001";"";"NE_0001";"NE_0001";"NE_0001";"NE_0001";"NE_0001";"NE_0001";"NE_0001"
"2023";"03";"090206";"HUANCAVELICA";"ACOBAMBA";"PAUCARA";"GOBIERNO REGIONAL";"I-1";"00003932";"PUESTO DE SALUD HUACHHUA";"NE_0001";"";"NE_0001";"NE_0001";"NE_0001";"NE_0001";"NE_0001";"NE_0001";"NE_0001"
"2023";"03";"050101";"AYACUCHO";"HUAMANGA";"AYACUCHO";"PRIVADO";"II-1";"00008154";"CLINICA EL NAZARENO";"240800";"HOSPITALIZACIÓN QUIRÚRGICA CIRUGÍA PLÁSTICA/RECONSTRUCTIVA/ REPARADORA ";"3";"3";"3";"3";"1";"116";"0"
"2023";"03";"050101";"AYACUCHO";"HUAMANGA";"AYACUCHO";"PRIVADO";"II-1";"00008154";"CLINICA EL NAZARENO";"240100";"HOSPITALIZACIÓN QUIRÚRGICA CIRUGÍA GENERAL ";"1";"1";"1";"1";"1";"156";"0"
"2023";"03";"050101";"AYACUCHO";"HUAMANGA";"AYACUCHO";"PRIVADO";"II-1";"00008154";"CLINICA EL NAZARENO";"240900";"HOSPITALIZACIÓN QUIRÚRGICA NEUROCIRUGÍA ";"1";"1";"2";"2";"1";"126";"0"
"2023";"03";"050101";"AYACUCHO";"HUAMANGA";"AYACUCHO";"PRIVADO";"II-1";"00008154";"CLINICA EL NAZARENO";"241400";"HOSPITALIZACIÓN QUIRÚRGICA GINECO - OBSTETRICIA ";"1";"1";"2";"2";"1";"126";"0"
"2023";"03";"050101";"AYACUCHO";"HUAMANGA";"AYACUCHO";"PRIVADO";"II-1";"00008154";"CLINICA EL NAZARENO";"242300";"HOSPITALIZACIÓN DE PEDIATRÍA  PEDIATRÍA  GENERAL ";"1";"1";"2";"2";"1";"126";"0"
"2023";"03";"220102";"SAN MARTIN";"MOYOBAMBA";"CALZADA";"GOBIERNO REGIONAL";"I-1";"00006331";"SANTA ROSA BAJO TANGUMI";"NE_0002";"";"NE_0002";"NE_0002";"NE_0002";"NE_0002";"NE_0002";"NE_0002";"NE_0002"
"2023";"03";"220101";"SAN MARTIN";"MOYOBAMBA";"MOYOBAMBA";"GOBIERNO REGIONAL";"I-1";"00006330";"SANTA ROSA DE OROMINA";"NE_0002";"";"NE_0002";"NE_0002";"NE_0002";"NE_0002";"NE_0002";"NE_0002";"NE_0002"
"2023";"03";"220102";"SAN MARTIN";"MOYOBAMBA";"CALZADA";"GOBIERNO REGIONAL";"I-3";"00006326";"CALZADA";"NE_0002";"";"NE_0002";"NE_0002";"NE_0002";"NE_0002";"NE_0002";"NE_0002";"NE_0002"
"2023";"03";"220104";"SAN MARTIN";"MOYOBAMBA";"JEPELACIO";"GOBIERNO REGIONAL";"I-1";"00006329";"OCHAME";"NE_0002";"";"NE_0002";"NE_0002";"NE_0002";"NE_0002";"NE_0002";"NE_0002";"NE_0002"
"2023";"03";"040126";"AREQUIPA";"AREQUIPA";"YANAHUARA";"PRIVADO";"I-3";"00032181";"POLICLINICO MISTI";"NE_0001";"";"NE_0001";"NE_0001";"NE_0001";"NE_0001";"NE_0001";"NE_0001";"NE_0001"
"2023";"03";"130201";"LA LIBERTAD";"ASCOPE";"ASCOPE";"GOBIERNO REGIONAL";"II-1";"00005263";"HOSPITAL PROVINCIAL ASCOPE ""ROSA SANCHEZ DE SANTILLAN""";"241400";"HOSPITALIZACIÓN QUIRÚRGICA GINECO - OBSTETRICIA ";"24";"26";"56";"26";"1";"31";"0"
"2023";"03";"130201";"LA LIBERTAD";"ASCOPE";"ASCOPE";"GOBIERNO REGIONAL";"II-1";"00005263";"HOSPITAL PROVINCIAL ASCOPE ""ROSA SANCHEZ DE SANTILLAN""";"241500";"HOSPITALIZACIÓN QUIRÚRGICA GINECOLOGÍA  ";"0";"1";"29";"1";"1";"31";"0"
"2023";"03";"130201";"LA LIBERTAD";"ASCOPE";"ASCOPE";"GOBIERNO REGIONAL";"II-1";"00005263";"HOSPITAL PROVINCIAL ASCOPE ""ROSA SANCHEZ DE SANTILLAN""";"241600";"HOSPITALIZACIÓN QUIRÚRGICA OBSTETRICIA   ";"14";"16";"16";"16";"3";"93";"0"
"2023";"03";"130201";"LA LIBERTAD";"ASCOPE";"ASCOPE";"GOBIERNO REGIONAL";"II-1";"00005263";"HOSPITAL PROVINCIAL ASCOPE ""ROSA SANCHEZ DE SANTILLAN""";"241800";"HOSPITALIZACIÓN DE MEDICINA MEDICINA GENERAL ";"4";"9";"38";"9";"15";"465";"1"
"2023";"03";"120101";"JUNIN";"HUANCAYO";"HUANCAYO";"PRIVADO";"II-E";"00008475";"CLINICA OFTALMOLOGICA REGIONAL";"NE_0002";"";"NE_0002";"NE_0002";"NE_0002";"NE_0002";"NE_0002";"NE_0002";"NE_0002"
"2023";"03";"220101";"SAN MARTIN";"MOYOBAMBA";"MOYOBAMBA";"GOBIERNO REGIONAL";"I-2";"00006282";"LA CONQUISTA";"NE_0001";"";"NE_0001";"NE_0001";"NE_0001";"NE_0001";"NE_0001";"NE_0001";"NE_0001"
"2023";"03";"220809";"SAN MARTIN";"RIOJA";"YURACYACU";"GOBIERNO REGIONAL";"I-3";"00006281";"YURACYACU";"241600";"HOSPITALIZACIÓN QUIRÚRGICA OBSTETRICIA   ";"1";"1";"1";"1";"3";"92";"0"
"2023";"03";"150801";"LIMA";"HUAURA";"HUACHO";"GOBIERNO REGIONAL";"II-2";"00007639";"HOSPITAL GENERAL DE HUACHO";"240100";"HOSPITALIZACIÓN QUIRÚRGICA CIRUGÍA GENERAL ";"142";"169";"871";"844";"39";"1209";"0"
"2023";"03";"150801";"LIMA";"HUAURA";"HUACHO";"GOBIERNO REGIONAL";"II-2";"00007639";"HOSPITAL GENERAL DE HUACHO";"241500";"HOSPITALIZACIÓN QUIRÚRGICA GINECOLOGÍA  ";"51";"59";"245";"223";"9";"279";"0"
"2023";"03";"150801";"LIMA";"HUAURA";"HUACHO";"GOBIERNO REGIONAL";"II-2";"00007639";"HOSPITAL GENERAL DE HUACHO";"241600";"HOSPITALIZACIÓN QUIRÚRGICA OBSTETRICIA   ";"319";"338";"668";"595";"29";"899";"0"
"2023";"03";"150801";"LIMA";"HUAURA";"HUACHO";"GOBIERNO REGIONAL";"II-2";"00007639";"HOSPITAL GENERAL DE HUACHO";"241800";"HOSPITALIZACIÓN DE MEDICINA MEDICINA GENERAL ";"87";"115";"955";"915";"35";"1085";"13"
"2023";"03";"150801";"LIMA";"HUAURA";"HUACHO";"GOBIERNO REGIONAL";"II-2";"00007639";"HOSPITAL GENERAL DE HUACHO";"242500";"HOSPITALIZACIÓN-PEDIATRÍA GENERAL-";"56";"62";"229";"268";"28";"868";"0"
"2023";"03";"150801";"LIMA";"HUAURA";"HUACHO";"GOBIERNO REGIONAL";"II-2";"00007639";"HOSPITAL GENERAL DE HUACHO";"243200";"HOSPITALIZACIÓN DE PEDIATRÍA PEDIATRIA NEONATOLOGÍA";"30";"32";"92";"90";"11";"341";"0"
"2023";"03";"150801";"LIMA";"HUAURA";"HUACHO";"GOBIERNO REGIONAL";"II-2";"00007639";"HOSPITAL GENERAL DE HUACHO";"250103";"UNIDAD DE CUIDADOS CRITICOS UNIDAD  DE CUIDADOS INTENSIVOS GENERALES  (UCI) MEDICINA";"22";"30";"190";"200";"12";"372";"6"
"2023";"03";"150801";"LIMA";"HUAURA";"HUACHO";"GOBIERNO REGIONAL";"II-2";"00007639";"HOSPITAL GENERAL DE HUACHO";"250105";"UNIDAD DE CUIDADOS CRITICOS UNIDAD  DE CUIDADOS INTENSIVOS  (UCI) NEONATOLOGÍA";"7";"8";"41";"47";"4";"124";"0"
"2023";"03";"040126";"AREQUIPA";"AREQUIPA";"YANAHUARA";"GOBIERNO REGIONAL";"I-3";"00001233";"CENTRO DE SALUD YANAHUARA";"NE_0001";"";"NE_0001";"NE_0001";"NE_0001";"NE_0001";"NE_0001";"NE_0001";"NE_0001"
"2023";"03";"040117";"AREQUIPA";"AREQUIPA";"SACHACA";"GOBIERNO REGIONAL";"I-2";"00001283";"PUESTO DE SALUD PAMPA DE CAMARONES";"NE_0001";"";"NE_0001";"NE_0001";"NE_0001";"NE_0001";"NE_0001";"NE_0001";"NE_0001"
"2023";"03";"040117";"AREQUIPA";"AREQUIPA";"SACHACA";"GOBIERNO REGIONAL";"I-2";"00001282";"PUESTO DE SALUD SACHACA";"NE_0001";"";"NE_0001";"NE_0001";"NE_0001";"NE_0001";"NE_0001";"NE_0001";"NE_0001"
"2023";"03";"150115";"LIMA";"LIMA";"LA VICTORIA";"PRIVADO";"II-E";"00009431";"CLÍNICA SANTA CATALINA";"NE_0002";"";"NE_0002";"NE_0002";"NE_0002";"NE_0002";"NE_0002";"NE_0002";"NE_0002"
"2023";"01";"250301";"UCAYALI";"PADRE ABAD";"PADRE ABAD";"GOBIERNO REGIONAL";"I-1";"00030640";"PUESTO DE SALUD YAMINO";"NE_0002";"";"NE_0002";"NE_0002";"NE_0002";"NE_0002";"NE_0002";"NE_0002";"NE_0002"
"2023";"01";"250301";"UCAYALI";"PADRE ABAD";"PADRE ABAD";"GOBIERNO REGIONAL";"I-1";"00030639";"PUESTO DE SALUD VALLE DE SION";"NE_0002";"";"NE_0002";"NE_0002";"NE_0002";"NE_0002";"NE_0002";"NE_0002";"NE_0002"
"2023";"01";"250301";"UCAYALI";"PADRE ABAD";"PADRE ABAD";"GOBIERNO REGIONAL";"I-1";"00030638";"PUESTO DE SALUD LOS OLIVOS";"NE_0002";"";"NE_0002";"NE_0002";"NE_0002";"NE_0002";"NE_0002";"NE_0002";"NE_0002"
"2023";"01";"250301";"UCAYALI";"PADRE ABAD";"PADRE ABAD";"GOBIERNO REGIONAL";"I-1";"00019070";"NUEVA CHONTA";"NE_0001";"";"NE_0001";"NE_0001";"NE_0001";"NE_0001";"NE_0001";"NE_0001";"NE_0001"
"2023";"01";"150137";"LIMA";"LIMA";"SANTA ANITA";"ESSALUD";"II-E";"00010434";"ESSALUD - HOSPITAL IIE SAN ISIDRO LABRADOR";"241900";"HOSPITALIZACIÓN DE MEDICINA MEDICINA INTERNA ";"176";"149";"3679";"3111";"145";"4495";"21"
"2023";"01";"150137";"LIMA";"LIMA";"SANTA ANITA";"ESSALUD";"II-E";"00010434";"ESSALUD - HOSPITAL IIE SAN ISIDRO LABRADOR";"250200";"UNIDAD DE CUIDADOS CRITICOS UNIDAD DE CUIDADOS INTERMEDIOS GENERAL  (UCIN) ";"2";"8";"154";"156";"12";"372";"7"
"2023";"01";"150137";"LIMA";"LIMA";"SANTA ANITA";"ESSALUD";"II-E";"00010434";"ESSALUD - HOSPITAL IIE SAN ISIDRO LABRADOR";"250103";"UNIDAD DE CUIDADOS CRITICOS UNIDAD  DE CUIDADOS INTENSIVOS GENERALES  (UCI) MEDICINA";"1";"4";"59";"120";"10";"310";"4"
"2023";"01";"040411";"AREQUIPA";"CASTILLA";"TIPAN";"GOBIERNO REGIONAL";"I-1";"00001400";"PUESTO DE SALUD TIPAN";"NE_0001";"";"NE_0001";"NE_0001";"NE_0001";"NE_0001";"NE_0001";"NE_0001";"NE_0001"
"2023";"01";"040412";"AREQUIPA";"CASTILLA";"UÑON";"GOBIERNO REGIONAL";"I-2";"00001403";"PUESTO DE SALUD UÑON";"NE_0001";"";"NE_0001";"NE_0001";"NE_0001";"NE_0001";"NE_0001";"NE_0001";"NE_0001"
"2023";"01";"040414";"AREQUIPA";"CASTILLA";"VIRACO";"GOBIERNO REGIONAL";"I-1";"00006766";"PUESTO DE SALUD HUAMI";"NE_0001";"";"NE_0001";"NE_0001";"NE_0001";"NE_0001";"NE_0001";"NE_0001";"NE_0001"
"2023";"01";"040408";"AREQUIPA";"CASTILLA";"MACHAGUAY";"GOBIERNO REGIONAL";"I-2";"00001402";"PUESTO DE SALUD MACHAGUAY";"NE_0001";"";"NE_0001";"NE_0001";"NE_0001";"NE_0001";"NE_0001";"NE_0001";"NE_0001"
"2023";"01";"040411";"AREQUIPA";"CASTILLA";"TIPAN";"GOBIERNO REGIONAL";"I-1";"00001401";"PUESTO DE SALUD TAGRE";"NE_0001";"";"NE_0001";"NE_0001";"NE_0001";"NE_0001";"NE_0001";"NE_0001";"NE_0001"
"2023";"01";"040414";"AREQUIPA";"CASTILLA";"VIRACO";"GOBIERNO REGIONAL";"I-3";"00001386";"CENTRO DE SALUD VIRACO";"NE_0001";"";"NE_0001";"NE_0001";"NE_0001";"NE_0001";"NE_0001";"NE_0001";"NE_0001"
"2023";"01";"190107";"PASCO";"PASCO";"PAUCARTAMBO";"ESSALUD";"I-2";"00009762";"POSTA MEDICA DE PAUCARTAMBO";"NE_0001";"";"NE_0001";"NE_0001";"NE_0001";"NE_0001";"NE_0001";"NE_0001";"NE_0001"
"2023";"01";"100102";"HUANUCO";"HUANUCO";"AMARILIS";"GOBIERNO REGIONAL";"II-E";"00000756";"HOSPITAL MATERNO INFANTIL CARLOS SHOWING FERRARI";"241400";"HOSPITALIZACIÓN QUIRÚRGICA GINECO - OBSTETRICIA ";"187";"199";"451";"650";"28";"868";"0"
"2023";"01";"100102";"HUANUCO";"HUANUCO";"AMARILIS";"GOBIERNO REGIONAL";"II-E";"00000756";"HOSPITAL MATERNO INFANTIL CARLOS SHOWING FERRARI";"242500";"HOSPITALIZACIÓN-PEDIATRÍA GENERAL-";"29";"33";"127";"160";"10";"310";"0"
"2023";"01";"100102";"HUANUCO";"HUANUCO";"AMARILIS";"GOBIERNO REGIONAL";"II-E";"00000756";"HOSPITAL MATERNO INFANTIL CARLOS SHOWING FERRARI";"243200";"HOSPITALIZACIÓN DE PEDIATRÍA PEDIATRIA NEONATOLOGÍA";"51";"55";"143";"198";"10";"310";"0"
"2023";"01";"150105";"LIMA";"LIMA";"BREÑA";"PRIVADO";"0";"00022016";"CLINICA LA LUZ OFTALMOLOGIA";"NE_0002";"";"NE_0002";"NE_0002";"NE_0002";"NE_0002";"NE_0002";"NE_0002";"NE_0002"
"2023";"02";"040101";"AREQUIPA";"AREQUIPA";"AREQUIPA";"PRIVADO";"II-E";"00011995";"CLINICA ALMONTE SAC";"240800";"HOSPITALIZACIÓN QUIRÚRGICA CIRUGÍA PLÁSTICA/RECONSTRUCTIVA/ REPARADORA ";"8";"8";"8";"8";"3";"62";"0"
"2023";"02";"120114";"JUNIN";"HUANCAYO";"EL TAMBO";"GOBIERNO REGIONAL";"I-2";"00000713";"BATANYACU";"NE_0002";"";"NE_0002";"NE_0002";"NE_0002";"NE_0002";"NE_0002";"NE_0002";"NE_0002"
"2023";"02";"120134";"JUNIN";"HUANCAYO";"SICAYA";"GOBIERNO REGIONAL";"I-3";"00000726";"SICAYA";"NE_0002";"";"NE_0002";"NE_0002";"NE_0002";"NE_0002";"NE_0002";"NE_0002";"NE_0002"
"2023";"02";"120114";"JUNIN";"HUANCAYO";"EL TAMBO";"GOBIERNO REGIONAL";"I-1";"00000733";"CULLPA";"NE_0002";"";"NE_0002";"NE_0002";"NE_0002";"NE_0002";"NE_0002";"NE_0002";"NE_0002"
"2023";"02";"120114";"JUNIN";"HUANCAYO";"EL TAMBO";"GOBIERNO REGIONAL";"I-1";"00000734";"COCHAS GRANDE";"NE_0002";"";"NE_0002";"NE_0002";"NE_0002";"NE_0002";"NE_0002";"NE_0002";"NE_0002"
"2023";"02";"120114";"JUNIN";"HUANCAYO";"EL TAMBO";"GOBIERNO REGIONAL";"I-3";"00000707";"SAN MARTIN";"NE_0002";"";"NE_0002";"NE_0002";"NE_0002";"NE_0002";"NE_0002";"NE_0002";"NE_0002"
"2023";"02";"120114";"JUNIN";"HUANCAYO";"EL TAMBO";"GOBIERNO REGIONAL";"I-1";"00000709";"UMUTO";"NE_0002";"";"NE_0002";"NE_0002";"NE_0002";"NE_0002";"NE_0002";"NE_0002";"NE_0002"
"2023";"02";"120114";"JUNIN";"HUANCAYO";"EL TAMBO";"ESSALUD";"III-1";"00008652";"HOSPITAL NACIONAL RAMIRO PRIALE PRIALE";"242600";"HOSPITALIZACIÓN DE PEDIATRÍA PEDIATRIA CARDIOLOGÍA PEDIÁTRICA";"10";"10";"103";"86";"3";"98";"0"
"2023";"02";"120114";"JUNIN";"HUANCAYO";"EL TAMBO";"ESSALUD";"III-1";"00008652";"HOSPITAL NACIONAL RAMIRO PRIALE PRIALE";"242900";"HOSPITALIZACIÓN DE PEDIATRÍA PEDIATRIA GASTROENTEROLOGÍA PEDIÁTRICA";"13";"11";"148";"180";"6";"182";"0"
"2023";"02";"120114";"JUNIN";"HUANCAYO";"EL TAMBO";"ESSALUD";"III-1";"00008652";"HOSPITAL NACIONAL RAMIRO PRIALE PRIALE";"242202";"HOSPITALIZACIÓN DE MEDICINA PSIQUIATRÍA PSIQUIATRÍA DEL ADULTO Y GERONTE";"37";"35";"577";"582";"21";"588";"3"
"2023";"02";"120114";"JUNIN";"HUANCAYO";"EL TAMBO";"ESSALUD";"III-1";"00008652";"HOSPITAL NACIONAL RAMIRO PRIALE PRIALE";"241900";"HOSPITALIZACIÓN DE MEDICINA MEDICINA INTERNA ";"11";"11";"137";"164";"6";"168";"0"
"2023";"02";"120114";"JUNIN";"HUANCAYO";"EL TAMBO";"ESSALUD";"III-1";"00008652";"HOSPITAL NACIONAL RAMIRO PRIALE PRIALE";"241900";"HOSPITALIZACIÓN DE MEDICINA MEDICINA INTERNA ";"95";"94";"2538";"1272";"46";"1288";"10"
"2023";"02";"120114";"JUNIN";"HUANCAYO";"EL TAMBO";"ESSALUD";"III-1";"00008652";"HOSPITAL NACIONAL RAMIRO PRIALE PRIALE";"243100";"HOSPITALIZACIÓN DE PEDIATRÍA PEDIATRIA NEFROLOGÍA PEDIÁTRICA";"7";"5";"61";"89";"3";"92";"0"
"2023";"02";"120114";"JUNIN";"HUANCAYO";"EL TAMBO";"ESSALUD";"III-1";"00008652";"HOSPITAL NACIONAL RAMIRO PRIALE PRIALE";"242100";"HOSPITALIZACIÓN DE MEDICINA ONCOLOGÍA MÉDICA ";"42";"48";"463";"422";"15";"440";"13"
"2023";"02";"120114";"JUNIN";"HUANCAYO";"EL TAMBO";"ESSALUD";"III-1";"00008652";"HOSPITAL NACIONAL RAMIRO PRIALE PRIALE";"242200";"HOSPITALIZACIÓN DE MEDICINA PSIQUIATRÍA ";"11";"10";"243";"311";"15";"420";"0"
"2023";"02";"120114";"JUNIN";"HUANCAYO";"EL TAMBO";"ESSALUD";"III-1";"00008652";"HOSPITAL NACIONAL RAMIRO PRIALE PRIALE";"242000";"HOSPITALIZACIÓN DE MEDICINA MEDICINA TROPICAL E INFECCIOSAS ";"7";"5";"73";"126";"5";"140";"0"
"2023";"02";"120114";"JUNIN";"HUANCAYO";"EL TAMBO";"ESSALUD";"III-1";"00008652";"HOSPITAL NACIONAL RAMIRO PRIALE PRIALE";"240400";"HOSPITALIZACIÓN QUIRÚRGICA CIRUGÍA DE TÓRAX Y CARDIOVASCULAR ";"12";"9";"28";"34";"2";"56";"0"
"2023";"02";"120114";"JUNIN";"HUANCAYO";"EL TAMBO";"ESSALUD";"III-1";"00008652";"HOSPITAL NACIONAL RAMIRO PRIALE PRIALE";"240400";"HOSPITALIZACIÓN QUIRÚRGICA CIRUGÍA DE TÓRAX Y CARDIOVASCULAR ";"4";"5";"51";"71";"3";"84";"0"
"2023";"02";"120114";"JUNIN";"HUANCAYO";"EL TAMBO";"ESSALUD";"III-1";"00008652";"HOSPITAL NACIONAL RAMIRO PRIALE PRIALE";"240100";"HOSPITALIZACIÓN QUIRÚRGICA CIRUGÍA GENERAL ";"171";"178";"816";"865";"31";"868";"4"
"2023";"02";"120114";"JUNIN";"HUANCAYO";"EL TAMBO";"ESSALUD";"III-1";"00008652";"HOSPITAL NACIONAL RAMIRO PRIALE PRIALE";"240900";"HOSPITALIZACIÓN QUIRÚRGICA NEUROCIRUGÍA ";"12";"11";"133";"190";"7";"196";"0"
"2023";"02";"120114";"JUNIN";"HUANCAYO";"EL TAMBO";"ESSALUD";"III-1";"00008652";"HOSPITAL NACIONAL RAMIRO PRIALE PRIALE";"241200";"HOSPITALIZACIÓN QUIRÚRGICA TRAUMATOLOGÍA Y ORTOPEDIA ";"79";"78";"515";"576";"21";"612";"0"
"2023";"02";"120114";"JUNIN";"HUANCAYO";"EL TAMBO";"ESSALUD";"III-1";"00008652";"HOSPITAL NACIONAL RAMIRO PRIALE PRIALE";"241100";"HOSPITALIZACIÓN QUIRÚRGICA OTORRINOLARINGOLOGÍA  ";"2";"1";"2";"3";"1";"4";"0"
"2023";"02";"120114";"JUNIN";"HUANCAYO";"EL TAMBO";"ESSALUD";"III-1";"00008652";"HOSPITAL NACIONAL RAMIRO PRIALE PRIALE";"241300";"HOSPITALIZACIÓN QUIRÚRGICA UROLOGÍA  ";"20";"22";"161";"141";"6";"168";"0"
"2023";"02";"120114";"JUNIN";"HUANCAYO";"EL TAMBO";"ESSALUD";"III-1";"00008652";"HOSPITAL NACIONAL RAMIRO PRIALE PRIALE";"241600";"HOSPITALIZACIÓN QUIRÚRGICA OBSTETRICIA   ";"63";"231";"626";"659";"26";"728";"0"
"2023";"02";"120114";"JUNIN";"HUANCAYO";"EL TAMBO";"ESSALUD";"III-1";"00008652";"HOSPITAL NACIONAL RAMIRO PRIALE PRIALE";"241500";"HOSPITALIZACIÓN QUIRÚRGICA GINECOLOGÍA  ";"67";"63";"210";"215";"12";"336";"0"
"2023";"02";"120114";"JUNIN";"HUANCAYO";"EL TAMBO";"ESSALUD";"III-1";"00008652";"HOSPITAL NACIONAL RAMIRO PRIALE PRIALE";"241700";"HOSPITALIZACIÓN QUIRÚRGICA GINECOLOGÍA   GINECOLOGIA ONCOLOGiCA";"12";"12";"45";"45";"2";"56";"0"
"2023";"02";"120114";"JUNIN";"HUANCAYO";"EL TAMBO";"ESSALUD";"III-1";"00008652";"HOSPITAL NACIONAL RAMIRO PRIALE PRIALE";"242300";"HOSPITALIZACIÓN DE PEDIATRÍA  PEDIATRÍA  GENERAL ";"59";"57";"294";"289";"12";"336";"0"
"2023";"02";"120114";"JUNIN";"HUANCAYO";"EL TAMBO";"ESSALUD";"III-1";"00008652";"HOSPITAL NACIONAL RAMIRO PRIALE PRIALE";"240700";"HOSPITALIZACIÓN QUIRÚRGICA CIRUGÍA PEDIÁTRICA ";"18";"15";"121";"133";"5";"140";"0"
"2023";"02";"120114";"JUNIN";"HUANCAYO";"EL TAMBO";"ESSALUD";"III-1";"00008652";"HOSPITAL NACIONAL RAMIRO PRIALE PRIALE";"250100";"UNIDAD DE CUIDADOS CRITICOS UNIDAD  DE CUIDADOS INTENSIVOS GENERALES (UCI) ";"33";"8";"122";"305";"16";"448";"7"
"2023";"02";"120114";"JUNIN";"HUANCAYO";"EL TAMBO";"ESSALUD";"III-1";"00008652";"HOSPITAL NACIONAL RAMIRO PRIALE PRIALE";"250108";"UNIDAD DE CUIDADOS CRITICOS UNIDAD  DE CUIDADOS INTENSIVOS  (UCI) PEDIÁTRICA";"9";"1";"1";"51";"2";"56";"1"
"2023";"02";"120114";"JUNIN";"HUANCAYO";"EL TAMBO";"ESSALUD";"III-1";"00008652";"HOSPITAL NACIONAL RAMIRO PRIALE PRIALE";"250105";"UNIDAD DE CUIDADOS CRITICOS UNIDAD  DE CUIDADOS INTENSIVOS  (UCI) NEONATOLOGÍA";"13";"4";"21";"144";"6";"168";"3"
"2023";"02";"120114";"JUNIN";"HUANCAYO";"EL TAMBO";"ESSALUD";"III-1";"00008652";"HOSPITAL NACIONAL RAMIRO PRIALE PRIALE";"240500";"HOSPITALIZACIÓN QUIRÚRGICA CIRUGÍA DE TRANSPLANTES ";"1";"1";"9";"9";"1";"12";"0"
"2023";"02";"120114";"JUNIN";"HUANCAYO";"EL TAMBO";"ESSALUD";"III-1";"00008652";"HOSPITAL NACIONAL RAMIRO PRIALE PRIALE";"250200";"UNIDAD DE CUIDADOS CRITICOS UNIDAD DE CUIDADOS INTERMEDIOS GENERAL  (UCIN) ";"32";"1";"44";"256";"10";"280";"1"
"2023";"02";"120114";"JUNIN";"HUANCAYO";"EL TAMBO";"ESSALUD";"III-1";"00008652";"HOSPITAL NACIONAL RAMIRO PRIALE PRIALE";"250202";"UNIDAD DE CUIDADOS CRITICOS UNIDAD DE CUIDADOS INTERMEDIOS  (UCIN) PEDIÁTRICOS";"22";"13";"303";"130";"5";"140";"0"
"2023";"02";"120114";"JUNIN";"HUANCAYO";"EL TAMBO";"ESSALUD";"III-1";"00008652";"HOSPITAL NACIONAL RAMIRO PRIALE PRIALE";"250200";"UNIDAD DE CUIDADOS CRITICOS UNIDAD DE CUIDADOS INTERMEDIOS GENERAL  (UCIN) ";"51";"47";"218";"212";"8";"224";"0"
"2023";"02";"080901";"CUSCO";"LA CONVENCION";"SANTA ANA";"PRIVADO";"II-E";"00026080";"SR DE TORRECHAYOC";"241400";"HOSPITALIZACIÓN QUIRÚRGICA GINECO - OBSTETRICIA ";"4";"4";"6";"6";"4";"112";"0"
"2023";"02";"220502";"SAN MARTIN";"LAMAS";"ALONSO DE ALVARADO";"GOBIERNO REGIONAL";"I-3";"00006348";"ROQUE";"241600";"HOSPITALIZACIÓN QUIRÚRGICA OBSTETRICIA   ";"5";"5";"5";"28";"28";"30";"0"
"2023";"02";"220502";"SAN MARTIN";"LAMAS";"ALONSO DE ALVARADO";"GOBIERNO REGIONAL";"I-1";"00007297";"ALAN GARCIA";"NE_0001";"";"NE_0001";"NE_0001";"NE_0001";"NE_0001";"NE_0001";"NE_0001";"NE_0001"
"2023";"03";"240101";"TUMBES";"TUMBES";"TUMBES";"GOBIERNO REGIONAL";"II-1";"00001908";"SAÚL GARRIDO ROSILLO";"NE_0002";"";"NE_0002";"NE_0002";"NE_0002";"NE_0002";"NE_0002";"NE_0002";"NE_0002"
"2023";"03";"220907";"SAN MARTIN";"SAN MARTIN";"HUIMBAYOC";"GOBIERNO REGIONAL";"I-1";"00006441";"MIRAFLORES";"NE_0002";"";"NE_0002";"NE_0002";"NE_0002";"NE_0002";"NE_0002";"NE_0002";"NE_0002"
"2023";"03";"220907";"SAN MARTIN";"SAN MARTIN";"HUIMBAYOC";"GOBIERNO REGIONAL";"I-1";"00006447";"PUCALLPA";"NE_0002";"";"NE_0002";"NE_0002";"NE_0002";"NE_0002";"NE_0002";"NE_0002";"NE_0002"
"2023";"03";"220907";"SAN MARTIN";"SAN MARTIN";"HUIMBAYOC";"GOBIERNO REGIONAL";"I-3";"00006437";"HUIMBAYOC";"241800";"HOSPITALIZACIÓN DE MEDICINA MEDICINA GENERAL ";"2";"2";"2";"2";"2";"62";"0"
"2023";"03";"040125";"AREQUIPA";"AREQUIPA";"VITOR";"GOBIERNO REGIONAL";"I-3";"00001324";"CENTRO DE SALUD VITOR";"NE_0001";"";"NE_0001";"NE_0001";"NE_0001";"NE_0001";"NE_0001";"NE_0001";"NE_0001"
"2023";"03";"040121";"AREQUIPA";"AREQUIPA";"SANTA RITA DE SIHUAS";"GOBIERNO REGIONAL";"I-3";"00001335";"CENTRO  DE SALUD SANTA RITA DE SIGUAS";"NE_0001";"";"NE_0001";"NE_0001";"NE_0001";"NE_0001";"NE_0001";"NE_0001";"NE_0001"
"2023";"03";"040125";"AREQUIPA";"AREQUIPA";"VITOR";"GOBIERNO REGIONAL";"I-2";"00001334";"PUESTO DE SALUD YURAMAYO";"NE_0001";"";"NE_0001";"NE_0001";"NE_0001";"NE_0001";"NE_0001";"NE_0001";"NE_0001"
"2023";"03";"211101";"PUNO";"SAN ROMAN";"JULIACA";"PRIVADO";"II-E";"00011978";"CLINICA MONTE SINAI JULIACA E.I.R.L.";"241800";"HOSPITALIZACIÓN DE MEDICINA MEDICINA GENERAL ";"4";"4";"25";"35";"5";"150";"0"
"2023";"03";"211101";"PUNO";"SAN ROMAN";"JULIACA";"PRIVADO";"II-E";"00011978";"CLINICA MONTE SINAI JULIACA E.I.R.L.";"240100";"HOSPITALIZACIÓN QUIRÚRGICA CIRUGÍA GENERAL ";"30";"3";"110";"15";"5";"92";"0"
"2023";"03";"211101";"PUNO";"SAN ROMAN";"JULIACA";"PRIVADO";"II-E";"00011978";"CLINICA MONTE SINAI JULIACA E.I.R.L.";"242500";"HOSPITALIZACIÓN-PEDIATRÍA GENERAL-";"1";"1";"25";"15";"5";"92";"0"
"2023";"03";"021801";"ANCASH";"SANTA";"CHIMBOTE";"PRIVADO";"II-1";"00016551";"CLINICA JUAN PABLO II";"240000";"HOSPITALIZACIÓN";"142";"146";"198";"154";"19";"589";"0"
"2023";"03";"130907";"LA LIBERTAD";"SANCHEZ CARRION";"SARIN";"GOBIERNO REGIONAL";"I-2";"00011627";"CERPAQUINO";"NE_0001";"";"NE_0001";"NE_0001";"NE_0001";"NE_0001";"NE_0001";"NE_0001";"NE_0001"
"2023";"03";"130907";"LA LIBERTAD";"SANCHEZ CARRION";"SARIN";"GOBIERNO REGIONAL";"I-2";"00005361";"SARIN";"NE_0001";"";"NE_0001";"NE_0001";"NE_0001";"NE_0001";"NE_0001";"NE_0001";"NE_0001"
"2023";"03";"130907";"LA LIBERTAD";"SANCHEZ CARRION";"SARIN";"GOBIERNO REGIONAL";"I-2";"00011624";"MUNMALCA";"NE_0001";"";"NE_0001";"NE_0001";"NE_0001";"NE_0001";"NE_0001";"NE_0001";"NE_0001"
"2023";"03";"130907";"LA LIBERTAD";"SANCHEZ CARRION";"SARIN";"GOBIERNO REGIONAL";"I-2";"00011628";"SHIRACORRAL";"NE_0001";"";"NE_0001";"NE_0001";"NE_0001";"NE_0001";"NE_0001";"NE_0001";"NE_0001"
"2023";"03";"130907";"LA LIBERTAD";"SANCHEZ CARRION";"SARIN";"GOBIERNO REGIONAL";"I-2";"00005362";"OROGOLDAY";"NE_0001";"";"NE_0001";"NE_0001";"NE_0001";"NE_0001";"NE_0001";"NE_0001";"NE_0001"
"2023";"03";"150501";"LIMA";"CAÑETE";"SAN VICENTE DE CAÑETE";"GOBIERNO REGIONAL";"II-2";"00005986";"HOSPITAL REZOLA";"240100";"HOSPITALIZACIÓN QUIRÚRGICA CIRUGÍA GENERAL ";"132";"151";"548";"440";"20";"620";"0"
"2023";"03";"150501";"LIMA";"CAÑETE";"SAN VICENTE DE CAÑETE";"GOBIERNO REGIONAL";"II-2";"00005986";"HOSPITAL REZOLA";"241400";"HOSPITALIZACIÓN QUIRÚRGICA GINECO - OBSTETRICIA ";"231";"242";"487";"476";"25";"775";"0"
"2023";"03";"150501";"LIMA";"CAÑETE";"SAN VICENTE DE CAÑETE";"GOBIERNO REGIONAL";"II-2";"00005986";"HOSPITAL REZOLA";"241500";"HOSPITALIZACIÓN QUIRÚRGICA GINECOLOGÍA  ";"32";"36";"108";"100";"6";"186";"0"
"2023";"03";"150501";"LIMA";"CAÑETE";"SAN VICENTE DE CAÑETE";"GOBIERNO REGIONAL";"II-2";"00005986";"HOSPITAL REZOLA";"241800";"HOSPITALIZACIÓN DE MEDICINA MEDICINA GENERAL ";"92";"108";"657";"526";"19";"589";"25"
"2023";"03";"150501";"LIMA";"CAÑETE";"SAN VICENTE DE CAÑETE";"GOBIERNO REGIONAL";"II-2";"00005986";"HOSPITAL REZOLA";"242500";"HOSPITALIZACIÓN-PEDIATRÍA GENERAL-";"39";"48";"263";"187";"12";"372";"2"
"2023";"03";"150501";"LIMA";"CAÑETE";"SAN VICENTE DE CAÑETE";"GOBIERNO REGIONAL";"II-2";"00005986";"HOSPITAL REZOLA";"243200";"HOSPITALIZACIÓN DE PEDIATRÍA PEDIATRIA NEONATOLOGÍA";"35";"39";"208";"167";"10";"310";"0"
"2023";"03";"150501";"LIMA";"CAÑETE";"SAN VICENTE DE CAÑETE";"GOBIERNO REGIONAL";"II-2";"00005986";"HOSPITAL REZOLA";"250103";"UNIDAD DE CUIDADOS CRITICOS UNIDAD  DE CUIDADOS INTENSIVOS GENERALES  (UCI) MEDICINA";"3";"4";"46";"42";"4";"124";"3"
"2023";"03";"150501";"LIMA";"CAÑETE";"SAN VICENTE DE CAÑETE";"GOBIERNO REGIONAL";"II-2";"00005986";"HOSPITAL REZOLA";"250105";"UNIDAD DE CUIDADOS CRITICOS UNIDAD  DE CUIDADOS INTENSIVOS  (UCI) NEONATOLOGÍA";"7";"11";"71";"54";"5";"155";"0"
"2023";"03";"150113";"LIMA";"LIMA";"JESUS MARIA";"PRIVADO";"II-E";"00026793";"CLINICA BELLAFORMA";"NE_0001";"";"NE_0001";"NE_0001";"NE_0001";"NE_0001";"NE_0001";"NE_0001";"NE_0001"
"2023";"03";"060101";"CAJAMARCA";"CAJAMARCA";"CAJAMARCA";"PRIVADO";"II-1";"00019315";"CLINICA SANTA ANA";"241400";"HOSPITALIZACIÓN QUIRÚRGICA GINECO - OBSTETRICIA ";"22";"20";"3";"5";"6";"38";"1"
"2023";"03";"060101";"CAJAMARCA";"CAJAMARCA";"CAJAMARCA";"PRIVADO";"II-1";"00019315";"CLINICA SANTA ANA";"240100";"HOSPITALIZACIÓN QUIRÚRGICA CIRUGÍA GENERAL ";"33";"33";"15";"21";"4";"124";"0"
"2023";"03";"060101";"CAJAMARCA";"CAJAMARCA";"CAJAMARCA";"PRIVADO";"II-1";"00019315";"CLINICA SANTA ANA";"241900";"HOSPITALIZACIÓN DE MEDICINA MEDICINA INTERNA ";"1";"1";"2";"1";"3";"4";"0"
"2023";"03";"060101";"CAJAMARCA";"CAJAMARCA";"CAJAMARCA";"PRIVADO";"II-1";"00019315";"CLINICA SANTA ANA";"242300";"HOSPITALIZACIÓN DE PEDIATRÍA  PEDIATRÍA  GENERAL ";"1";"2";"2";"1";"1";"62";"0"
"2023";"03";"150122";"LIMA";"LIMA";"MIRAFLORES";"ESSALUD";"I-3";"00009148";"POLICLINICO SANTA CRUZ";"NE_0001";"";"NE_0001";"NE_0001";"NE_0001";"NE_0001";"NE_0001";"NE_0001";"NE_0001"
"2023";"03";"040112";"AREQUIPA";"AREQUIPA";"PAUCARPATA";"GOBIERNO REGIONAL";"I-3";"00001298";"CENTRO DE SALUD 15 DE AGOSTO";"NE_0001";"";"NE_0001";"NE_0001";"NE_0001";"NE_0001";"NE_0001";"NE_0001";"NE_0001"
"2023";"03";"040112";"AREQUIPA";"AREQUIPA";"PAUCARPATA";"GOBIERNO REGIONAL";"I-2";"00001316";"PUESTO DE SALUD MIGUEL GRAU  MODULO A";"NE_0001";"";"NE_0001";"NE_0001";"NE_0001";"NE_0001";"NE_0001";"NE_0001";"NE_0001"
"2023";"03";"081204";"CUSCO";"QUISPICANCHI";"CCARHUAYO";"GOBIERNO REGIONAL";"I-2";"00002527";"CCARHUAYO";"NE_0002";"";"NE_0002";"NE_0002";"NE_0002";"NE_0002";"NE_0002";"NE_0002";"NE_0002"
"2023";"03";"081205";"CUSCO";"QUISPICANCHI";"CCATCA";"GOBIERNO REGIONAL";"I-2";"00002529";"KCAURY";"NE_0002";"";"NE_0002";"NE_0002";"NE_0002";"NE_0002";"NE_0002";"NE_0002";"NE_0002"
"2023";"03";"081210";"CUSCO";"QUISPICANCHI";"OCONGATE";"GOBIERNO REGIONAL";"I-2";"00006977";"TINKI";"NE_0002";"";"NE_0002";"NE_0002";"NE_0002";"NE_0002";"NE_0002";"NE_0002";"NE_0002"
"2023";"03";"081209";"CUSCO";"QUISPICANCHI";"MARCAPATA";"GOBIERNO REGIONAL";"I-1";"00007110";"INCACANCHA";"NE_0002";"";"NE_0002";"NE_0002";"NE_0002";"NE_0002";"NE_0002";"NE_0002";"NE_0002"
"2023";"03";"081205";"CUSCO";"QUISPICANCHI";"CCATCA";"GOBIERNO REGIONAL";"I-1";"00012931";"CHICHINA";"NE_0002";"";"NE_0002";"NE_0002";"NE_0002";"NE_0002";"NE_0002";"NE_0002";"NE_0002"
"2023";"03";"081205";"CUSCO";"QUISPICANCHI";"CCATCA";"GOBIERNO REGIONAL";"I-1";"00016335";"CCAPANA";"NE_0002";"";"NE_0002";"NE_0002";"NE_0002";"NE_0002";"NE_0002";"NE_0002";"NE_0002"
"2023";"03";"081205";"CUSCO";"QUISPICANCHI";"CCATCA";"GOBIERNO REGIONAL";"I-2";"00002524";"PAMPACAMARA";"NE_0002";"";"NE_0002";"NE_0002";"NE_0002";"NE_0002";"NE_0002";"NE_0002";"NE_0002"
"2023";"03";"060101";"CAJAMARCA";"CAJAMARCA";"CAJAMARCA";"PRIVADO";"I-3";"00029378";"SALUD OCUPACIONAL  EL GALENO";"NE_0001";"";"NE_0001";"NE_0001";"NE_0001";"NE_0001";"NE_0001";"NE_0001";"NE_0001"
"2023";"04";"090701";"HUANCAVELICA";"TAYACAJA";"PAMPAS";"SANIDAD DE LA POLICIA NACIONAL DEL PERU";"I-2";"00010153";"POSTA MEDICA POLICIAL PAMPAS";"NE_0001";"";"NE_0001";"NE_0001";"NE_0001";"NE_0001";"NE_0001";"NE_0001";"NE_0001"
"2023";"04";"010101";"AMAZONAS";"CHACHAPOYAS";"CHACHAPOYAS";"PRIVADO";"I-3";"00026399";"CENTRO MEDICO AMAZONAS EIRL";"NE_0001";"";"NE_0001";"NE_0001";"NE_0001";"NE_0001";"NE_0001";"NE_0001";"NE_0001"
"2023";"04";"060801";"CAJAMARCA";"JAEN";"JAEN";"PRIVADO";"II-1";"00015266";"CLINICA Y BOTICA SAN JUAN";"240000";"HOSPITALIZACIÓN";"64";"64";"84";"64";"12";"336";"0"
"2023";"04";"150101";"LIMA";"LIMA";"LIMA";"MINSA";"III-E";"00006215";"HOSPITAL NACIONAL DOCENTE MADRE NIÑO SAN BARTOLOME";"240100";"HOSPITALIZACIÓN QUIRÚRGICA CIRUGÍA GENERAL ";"67";"66";"499";"605";"31";"908";"1"
"2023";"04";"150101";"LIMA";"LIMA";"LIMA";"MINSA";"III-E";"00006215";"HOSPITAL NACIONAL DOCENTE MADRE NIÑO SAN BARTOLOME";"241400";"HOSPITALIZACIÓN QUIRÚRGICA GINECO - OBSTETRICIA ";"96";"1";"1";"179";"6";"180";"0"
"2023";"04";"150101";"LIMA";"LIMA";"LIMA";"MINSA";"III-E";"00006215";"HOSPITAL NACIONAL DOCENTE MADRE NIÑO SAN BARTOLOME";"241500";"HOSPITALIZACIÓN QUIRÚRGICA GINECOLOGÍA  ";"87";"102";"306";"264";"17";"497";"0"
"2023";"04";"150101";"LIMA";"LIMA";"LIMA";"MINSA";"III-E";"00006215";"HOSPITAL NACIONAL DOCENTE MADRE NIÑO SAN BARTOLOME";"241600";"HOSPITALIZACIÓN QUIRÚRGICA OBSTETRICIA   ";"413";"491";"1645";"1603";"65";"1962";"0"
"2023";"04";"150101";"LIMA";"LIMA";"LIMA";"MINSA";"III-E";"00006215";"HOSPITAL NACIONAL DOCENTE MADRE NIÑO SAN BARTOLOME";"242100";"HOSPITALIZACIÓN DE MEDICINA ONCOLOGÍA MÉDICA ";"25";"35";"85";"73";"4";"120";"0"
"2023";"04";"150101";"LIMA";"LIMA";"LIMA";"MINSA";"III-E";"00006215";"HOSPITAL NACIONAL DOCENTE MADRE NIÑO SAN BARTOLOME";"242500";"HOSPITALIZACIÓN-PEDIATRÍA GENERAL-";"53";"62";"815";"627";"28";"841";"0"
"2023";"04";"150101";"LIMA";"LIMA";"LIMA";"MINSA";"III-E";"00006215";"HOSPITAL NACIONAL DOCENTE MADRE NIÑO SAN BARTOLOME";"243200";"HOSPITALIZACIÓN DE PEDIATRÍA PEDIATRIA NEONATOLOGÍA";"91";"86";"919";"1152";"39";"1152";"1"
"2023";"04";"150101";"LIMA";"LIMA";"LIMA";"MINSA";"III-E";"00006215";"HOSPITAL NACIONAL DOCENTE MADRE NIÑO SAN BARTOLOME";"250105";"UNIDAD DE CUIDADOS CRITICOS UNIDAD  DE CUIDADOS INTENSIVOS  (UCI) NEONATOLOGÍA";"10";"3";"27";"351";"12";"361";"3"
"2023";"04";"150101";"LIMA";"LIMA";"LIMA";"MINSA";"III-E";"00006215";"HOSPITAL NACIONAL DOCENTE MADRE NIÑO SAN BARTOLOME";"250108";"UNIDAD DE CUIDADOS CRITICOS UNIDAD  DE CUIDADOS INTENSIVOS  (UCI) PEDIÁTRICA";"7";"4";"214";"187";"7";"200";"3"
"2023";"04";"080701";"CUSCO";"CHUMBIVILCAS";"SANTO TOMAS";"GOBIERNO REGIONAL";"I-1";"00006981";"CCOYO";"NE_0001";"";"NE_0001";"NE_0001";"NE_0001";"NE_0001";"NE_0001";"NE_0001";"NE_0001"
"2023";"04";"080701";"CUSCO";"CHUMBIVILCAS";"SANTO TOMAS";"GOBIERNO REGIONAL";"I-1";"00006982";"MELLOTOTORA";"NE_0001";"";"NE_0001";"NE_0001";"NE_0001";"NE_0001";"NE_0001";"NE_0001";"NE_0001"
"2023";"04";"080706";"CUSCO";"CHUMBIVILCAS";"LLUSCO";"GOBIERNO REGIONAL";"I-2";"00006748";"COLLPA";"NE_0001";"";"NE_0001";"NE_0001";"NE_0001";"NE_0001";"NE_0001";"NE_0001";"NE_0001"
"2023";"04";"080701";"CUSCO";"CHUMBIVILCAS";"SANTO TOMAS";"GOBIERNO REGIONAL";"I-2";"00006746";"LLIQUE";"NE_0001";"";"NE_0001";"NE_0001";"NE_0001";"NE_0001";"NE_0001";"NE_0001";"NE_0001"
"2023";"04";"080701";"CUSCO";"CHUMBIVILCAS";"SANTO TOMAS";"GOBIERNO REGIONAL";"I-1";"00007111";"YAVINA";"NE_0001";"";"NE_0001";"NE_0001";"NE_0001";"NE_0001";"NE_0001";"NE_0001";"NE_0001"
"2023";"04";"080701";"CUSCO";"CHUMBIVILCAS";"SANTO TOMAS";"GOBIERNO REGIONAL";"I-2";"00008915";"PFULLPURI CONDEPAMPA";"NE_0001";"";"NE_0001";"NE_0001";"NE_0001";"NE_0001";"NE_0001";"NE_0001";"NE_0001"
"2023";"04";"080701";"CUSCO";"CHUMBIVILCAS";"SANTO TOMAS";"GOBIERNO REGIONAL";"I-1";"00006983";"ORCCOMA";"NE_0001";"";"NE_0001";"NE_0001";"NE_0001";"NE_0001";"NE_0001";"NE_0001";"NE_0001"
"2023";"04";"080707";"CUSCO";"CHUMBIVILCAS";"QUIÑOTA";"GOBIERNO REGIONAL";"I-1";"00007112";"YORENCCA";"NE_0001";"";"NE_0001";"NE_0001";"NE_0001";"NE_0001";"NE_0001";"NE_0001";"NE_0001"
"2023";"04";"080704";"CUSCO";"CHUMBIVILCAS";"COLQUEMARCA";"GOBIERNO REGIONAL";"I-1";"00008913";"HUARACO";"NE_0001";"";"NE_0001";"NE_0001";"NE_0001";"NE_0001";"NE_0001";"NE_0001";"NE_0001"
"2023";"04";"080701";"CUSCO";"CHUMBIVILCAS";"SANTO TOMAS";"GOBIERNO REGIONAL";"I-2";"00002400";"ALHUACCHULLO";"NE_0001";"";"NE_0001";"NE_0001";"NE_0001";"NE_0001";"NE_0001";"NE_0001";"NE_0001"
"2023";"04";"120214";"JUNIN";"CONCEPCION";"SAN JOSE DE QUERO";"GOBIERNO REGIONAL";"I-3";"00000641";"SAN JOSE DE QUERO";"NE_0001";"";"NE_0001";"NE_0001";"NE_0001";"NE_0001";"NE_0001";"NE_0001";"NE_0001"
"2023";"04";"120214";"JUNIN";"CONCEPCION";"SAN JOSE DE QUERO";"GOBIERNO REGIONAL";"I-1";"00000644";"SANTA ROSA DE HUARMITA";"NE_0001";"";"NE_0001";"NE_0001";"NE_0001";"NE_0001";"NE_0001";"NE_0001";"NE_0001"
"2023";"04";"110101";"ICA";"ICA";"ICA";"GOBIERNO REGIONAL";"II-1";"00003359";"SANTA MARIA DEL SOCORRO";"240100";"HOSPITALIZACIÓN QUIRÚRGICA CIRUGÍA GENERAL ";"66";"79";"458";"415";"23";"690";"0"
"2023";"04";"110101";"ICA";"ICA";"ICA";"GOBIERNO REGIONAL";"II-1";"00003359";"SANTA MARIA DEL SOCORRO";"241400";"HOSPITALIZACIÓN QUIRÚRGICA GINECO - OBSTETRICIA ";"196";"208";"604";"642";"31";"930";"0"
"2023";"04";"110101";"ICA";"ICA";"ICA";"GOBIERNO REGIONAL";"II-1";"00003359";"SANTA MARIA DEL SOCORRO";"241500";"HOSPITALIZACIÓN QUIRÚRGICA GINECOLOGÍA  ";"49";"53";"169";"247";"12";"360";"0"
"2023";"04";"110101";"ICA";"ICA";"ICA";"GOBIERNO REGIONAL";"II-1";"00003359";"SANTA MARIA DEL SOCORRO";"241900";"HOSPITALIZACIÓN DE MEDICINA MEDICINA INTERNA ";"14";"61";"353";"361";"14";"420";"3"
"2023";"04";"110101";"ICA";"ICA";"ICA";"GOBIERNO REGIONAL";"II-1";"00003359";"SANTA MARIA DEL SOCORRO";"242500";"HOSPITALIZACIÓN-PEDIATRÍA GENERAL-";"45";"51";"201";"378";"18";"540";"0"
"2023";"04";"110101";"ICA";"ICA";"ICA";"GOBIERNO REGIONAL";"II-1";"00003359";"SANTA MARIA DEL SOCORRO";"243200";"HOSPITALIZACIÓN DE PEDIATRÍA PEDIATRIA NEONATOLOGÍA";"12";"15";"64";"134";"7";"210";"1"
"2023";"04";"110101";"ICA";"ICA";"ICA";"GOBIERNO REGIONAL";"II-1";"00003359";"SANTA MARIA DEL SOCORRO";"250103";"UNIDAD DE CUIDADOS CRITICOS UNIDAD  DE CUIDADOS INTENSIVOS GENERALES  (UCI) MEDICINA";"2";"2";"15";"42";"3";"90";"1"
"2023";"04";"120214";"JUNIN";"CONCEPCION";"SAN JOSE DE QUERO";"GOBIERNO REGIONAL";"I-1";"00006738";"SULCAN";"NE_0001";"";"NE_0001";"NE_0001";"NE_0001";"NE_0001";"NE_0001";"NE_0001";"NE_0001"
"2023";"04";"120214";"JUNIN";"CONCEPCION";"SAN JOSE DE QUERO";"GOBIERNO REGIONAL";"I-1";"00000643";"SAN ROQUE DE HUARMITA";"NE_0001";"";"NE_0001";"NE_0001";"NE_0001";"NE_0001";"NE_0001";"NE_0001";"NE_0001"
"2023";"04";"120214";"JUNIN";"CONCEPCION";"SAN JOSE DE QUERO";"GOBIERNO REGIONAL";"I-2";"00000645";"USIBAMBA";"NE_0001";"";"NE_0001";"NE_0001";"NE_0001";"NE_0001";"NE_0001";"NE_0001";"NE_0001"
"2023";"04";"120214";"JUNIN";"CONCEPCION";"SAN JOSE DE QUERO";"GOBIERNO REGIONAL";"I-2";"00000642";"CHAQUICOCHA";"NE_0001";"";"NE_0001";"NE_0001";"NE_0001";"NE_0001";"NE_0001";"NE_0001";"NE_0001"
"2023";"04";"120114";"JUNIN";"HUANCAYO";"EL TAMBO";"GOBIERNO REGIONAL";"I-2";"00000713";"BATANYACU";"NE_0002";"";"NE_0002";"NE_0002";"NE_0002";"NE_0002";"NE_0002";"NE_0002";"NE_0002"
"2023";"04";"120117";"JUNIN";"HUANCAYO";"HUALHUAS";"GOBIERNO REGIONAL";"I-2";"00000718";"HUALHUAS";"NE_0002";"";"NE_0002";"NE_0002";"NE_0002";"NE_0002";"NE_0002";"NE_0002";"NE_0002"
"2023";"04";"120114";"JUNIN";"HUANCAYO";"EL TAMBO";"GOBIERNO REGIONAL";"I-2";"00000715";"RAMIRO PRIALE";"NE_0002";"";"NE_0002";"NE_0002";"NE_0002";"NE_0002";"NE_0002";"NE_0002";"NE_0002"
"2023";"04";"120114";"JUNIN";"HUANCAYO";"EL TAMBO";"GOBIERNO REGIONAL";"I-1";"00000717";"LA VICTORIA";"NE_0002";"";"NE_0002";"NE_0002";"NE_0002";"NE_0002";"NE_0002";"NE_0002";"NE_0002"
"2023";"04";"120129";"JUNIN";"HUANCAYO";"SAN AGUSTIN";"GOBIERNO REGIONAL";"I-3";"00000722";"SAN AGUSTIN DE CAJAS";"NE_0002";"";"NE_0002";"NE_0002";"NE_0002";"NE_0002";"NE_0002";"NE_0002";"NE_0002"
"2023";"04";"120129";"JUNIN";"HUANCAYO";"SAN AGUSTIN";"GOBIERNO REGIONAL";"I-1";"00000723";"COILLOR";"NE_0002";"";"NE_0002";"NE_0002";"NE_0002";"NE_0002";"NE_0002";"NE_0002";"NE_0002"
"2023";"04";"120132";"JUNIN";"HUANCAYO";"SAÑO";"GOBIERNO REGIONAL";"I-2";"00000725";"SAN PEDRO DE SAÑO";"NE_0002";"";"NE_0002";"NE_0002";"NE_0002";"NE_0002";"NE_0002";"NE_0002";"NE_0002"
"2023";"04";"120130";"JUNIN";"HUANCAYO";"SAN JERONIMO DE TUNAN";"GOBIERNO REGIONAL";"I-3";"00000724";"SAN JERONIMO";"NE_0002";"";"NE_0002";"NE_0002";"NE_0002";"NE_0002";"NE_0002";"NE_0002";"NE_0002"
"2023";"04";"120114";"JUNIN";"HUANCAYO";"EL TAMBO";"GOBIERNO REGIONAL";"I-1";"00018190";"1RO DE MAYO";"NE_0002";"";"NE_0002";"NE_0002";"NE_0002";"NE_0002";"NE_0002";"NE_0002";"NE_0002"
"2023";"04";"040401";"AREQUIPA";"CASTILLA";"APLAO";"GOBIERNO REGIONAL";"II-1";"00001382";"HOSPITAL APLAO";"240100";"HOSPITALIZACIÓN QUIRÚRGICA CIRUGÍA GENERAL ";"35";"38";"201";"239";"10";"300";"0"
"2023";"04";"040401";"AREQUIPA";"CASTILLA";"APLAO";"GOBIERNO REGIONAL";"II-1";"00001382";"HOSPITAL APLAO";"241200";"HOSPITALIZACIÓN QUIRÚRGICA TRAUMATOLOGÍA Y ORTOPEDIA ";"8";"10";"43";"53";"4";"120";"0"
"2023";"04";"040401";"AREQUIPA";"CASTILLA";"APLAO";"GOBIERNO REGIONAL";"II-1";"00001382";"HOSPITAL APLAO";"241500";"HOSPITALIZACIÓN QUIRÚRGICA GINECOLOGÍA  ";"27";"30";"74";"104";"7";"210";"0"
"2023";"04";"040401";"AREQUIPA";"CASTILLA";"APLAO";"GOBIERNO REGIONAL";"II-1";"00001382";"HOSPITAL APLAO";"241800";"HOSPITALIZACIÓN DE MEDICINA MEDICINA GENERAL ";"10";"17";"163";"180";"13";"390";"2"
"2023";"04";"040401";"AREQUIPA";"CASTILLA";"APLAO";"GOBIERNO REGIONAL";"II-1";"00001382";"HOSPITAL APLAO";"242500";"HOSPITALIZACIÓN-PEDIATRÍA GENERAL-";"12";"13";"26";"39";"15";"450";"0"
"2023";"04";"200104";"PIURA";"PIURA";"CASTILLA";"ESSALUD";"I-3";"00010243";"CAP III CASTILLA";"NE_0001";"";"NE_0001";"NE_0001";"NE_0001";"NE_0001";"NE_0001";"NE_0001";"NE_0001"
"2023";"04";"100110";"HUANUCO";"HUANUCO";"YARUMAYO";"GOBIERNO REGIONAL";"I-1";"00000795";"CHULLAY";"NE_0001";"";"NE_0001";"NE_0001";"NE_0001";"NE_0001";"NE_0001";"NE_0001";"NE_0001"
"2023";"04";"100110";"HUANUCO";"HUANUCO";"YARUMAYO";"GOBIERNO REGIONAL";"I-3";"00000793";"YARUMAYO";"NE_0001";"";"NE_0001";"NE_0001";"NE_0001";"NE_0001";"NE_0001";"NE_0001";"NE_0001"
"2023";"04";"100110";"HUANUCO";"HUANUCO";"YARUMAYO";"GOBIERNO REGIONAL";"I-2";"00006906";"TRES DE MAYO DE ANDAS CHICO";"NE_0001";"";"NE_0001";"NE_0001";"NE_0001";"NE_0001";"NE_0001";"NE_0001";"NE_0001"
"2023";"03";"100110";"HUANUCO";"HUANUCO";"YARUMAYO";"GOBIERNO REGIONAL";"I-2";"00006906";"TRES DE MAYO DE ANDAS CHICO";"NE_0001";"";"NE_0001";"NE_0001";"NE_0001";"NE_0001";"NE_0001";"NE_0001";"NE_0001"
"2023";"03";"100110";"HUANUCO";"HUANUCO";"YARUMAYO";"GOBIERNO REGIONAL";"I-1";"00000795";"CHULLAY";"NE_0001";"";"NE_0001";"NE_0001";"NE_0001";"NE_0001";"NE_0001";"NE_0001";"NE_0001"
"2023";"03";"100110";"HUANUCO";"HUANUCO";"YARUMAYO";"GOBIERNO REGIONAL";"I-3";"00000793";"YARUMAYO";"NE_0001";"";"NE_0001";"NE_0001";"NE_0001";"NE_0001";"NE_0001";"NE_0001";"NE_0001"
"2023";"04";"100509";"HUANUCO";"HUAMALIES";"PUÑOS";"GOBIERNO REGIONAL";"I-3";"00000892";"PUÑOS";"NE_0001";"";"NE_0001";"NE_0001";"NE_0001";"NE_0001";"NE_0001";"NE_0001";"NE_0001"
"2023";"04";"100509";"HUANUCO";"HUAMALIES";"PUÑOS";"GOBIERNO REGIONAL";"I-1";"00000894";"ILLAHUASI";"NE_0001";"";"NE_0001";"NE_0001";"NE_0001";"NE_0001";"NE_0001";"NE_0001";"NE_0001"
"2023";"04";"100509";"HUANUCO";"HUAMALIES";"PUÑOS";"GOBIERNO REGIONAL";"I-2";"00000893";"POQUE";"NE_0001";"";"NE_0001";"NE_0001";"NE_0001";"NE_0001";"NE_0001";"NE_0001";"NE_0001"
"2023";"03";"130702";"LA LIBERTAD";"PACASMAYO";"GUADALUPE";"GOBIERNO REGIONAL";"II-1";"00005292";"HOSPITAL DE APOYO TOMAS LAFORA";"241800";"HOSPITALIZACIÓN DE MEDICINA MEDICINA GENERAL ";"7";"5";"13";"27";"14";"420";"0"
"2023";"03";"130702";"LA LIBERTAD";"PACASMAYO";"GUADALUPE";"GOBIERNO REGIONAL";"II-1";"00005292";"HOSPITAL DE APOYO TOMAS LAFORA";"240100";"HOSPITALIZACIÓN QUIRÚRGICA CIRUGÍA GENERAL ";"6";"7";"35";"35";"12";"360";"0"
"2023";"03";"130702";"LA LIBERTAD";"PACASMAYO";"GUADALUPE";"GOBIERNO REGIONAL";"II-1";"00005292";"HOSPITAL DE APOYO TOMAS LAFORA";"242300";"HOSPITALIZACIÓN DE PEDIATRÍA  PEDIATRÍA  GENERAL ";"1";"2";"12";"8";"4";"120";"0"
"2023";"03";"130702";"LA LIBERTAD";"PACASMAYO";"GUADALUPE";"GOBIERNO REGIONAL";"II-1";"00005292";"HOSPITAL DE APOYO TOMAS LAFORA";"243200";"HOSPITALIZACIÓN DE PEDIATRÍA PEDIATRIA NEONATOLOGÍA";"2";"2";"6";"6";"4";"120";"0"
"2023";"03";"130702";"LA LIBERTAD";"PACASMAYO";"GUADALUPE";"GOBIERNO REGIONAL";"II-1";"00005292";"HOSPITAL DE APOYO TOMAS LAFORA";"241600";"HOSPITALIZACIÓN QUIRÚRGICA OBSTETRICIA   ";"56";"62";"89";"77";"14";"420";"0"
"2023";"03";"130702";"LA LIBERTAD";"PACASMAYO";"GUADALUPE";"GOBIERNO REGIONAL";"II-1";"00005292";"HOSPITAL DE APOYO TOMAS LAFORA";"241500";"HOSPITALIZACIÓN QUIRÚRGICA GINECOLOGÍA  ";"10";"10";"15";"15";"3";"90";"0"
"2023";"05";"040701";"AREQUIPA";"ISLAY";"MOLLENDO";"SANIDAD DE LA POLICIA NACIONAL DEL PERU";"I-2";"00017336";"IX MACRO REGION DE SANIDAD POLICIAL  AREQUIPA / HOSREPOL AREQUIPA/ POSTA MEDICA POLICIAL ISLAY";"NE_0001";"";"NE_0001";"NE_0001";"NE_0001";"NE_0001";"NE_0001";"NE_0001";"NE_0001"
"2023";"05";"130101";"LA LIBERTAD";"TRUJILLO";"TRUJILLO";"PRIVADO";"II-E";"00021354";"CLINICA LUZ Y VIDA";"NE_0001";"";"NE_0001";"NE_0001";"NE_0001";"NE_0001";"NE_0001";"NE_0001";"NE_0001"
"2023";"05";"200501";"PIURA";"PAITA";"PAITA";"ESSALUD";"I-4";"00011763";"HOSPITAL I MIGUEL CRUZADO VERA - PAITA";"241800";"HOSPITALIZACIÓN DE MEDICINA MEDICINA GENERAL ";"56";"63";"241";"235";"8";"248";"4"
"2023";"05";"200501";"PIURA";"PAITA";"PAITA";"ESSALUD";"I-4";"00011763";"HOSPITAL I MIGUEL CRUZADO VERA - PAITA";"240100";"HOSPITALIZACIÓN QUIRÚRGICA CIRUGÍA GENERAL ";"9";"9";"26";"24";"1";"31";"0"
"2023";"05";"200501";"PIURA";"PAITA";"PAITA";"ESSALUD";"I-4";"00011763";"HOSPITAL I MIGUEL CRUZADO VERA - PAITA";"241500";"HOSPITALIZACIÓN QUIRÚRGICA GINECOLOGÍA  ";"4";"4";"4";"4";"1";"31";"0"
"2023";"05";"200501";"PIURA";"PAITA";"PAITA";"ESSALUD";"I-4";"00011763";"HOSPITAL I MIGUEL CRUZADO VERA - PAITA";"241400";"HOSPITALIZACIÓN QUIRÚRGICA GINECO - OBSTETRICIA ";"17";"16";"26";"33";"2";"62";"0"
"2023";"05";"200501";"PIURA";"PAITA";"PAITA";"ESSALUD";"I-4";"00011763";"HOSPITAL I MIGUEL CRUZADO VERA - PAITA";"242300";"HOSPITALIZACIÓN DE PEDIATRÍA  PEDIATRÍA  GENERAL ";"33";"27";"35";"38";"2";"62";"0"
"2023";"05";"150122";"LIMA";"LIMA";"MIRAFLORES";"ESSALUD";"I-3";"00009298";"POLICLINICO CENTRAL DE PREVENCION LARCO";"NE_0001";"";"NE_0001";"NE_0001";"NE_0001";"NE_0001";"NE_0001";"NE_0001";"NE_0001"
"2023";"05";"060812";"CAJAMARCA";"JAEN";"SANTA ROSA";"GOBIERNO REGIONAL";"I-3";"00004262";"PUENTECILLOS";"NE_0001";"";"NE_0001";"NE_0001";"NE_0001";"NE_0001";"NE_0001";"NE_0001";"NE_0001"
"2023";"05";"130103";"LA LIBERTAD";"TRUJILLO";"FLORENCIA DE MORA";"ESSALUD";"II-E";"00009278";"FLORENCIA DE MORA";"241800";"HOSPITALIZACIÓN DE MEDICINA MEDICINA GENERAL ";"1";"1";"7";"12";"3";"93";"0"
"2023";"05";"130103";"LA LIBERTAD";"TRUJILLO";"FLORENCIA DE MORA";"ESSALUD";"II-E";"00009278";"FLORENCIA DE MORA";"240100";"HOSPITALIZACIÓN QUIRÚRGICA CIRUGÍA GENERAL ";"57";"48";"109";"124";"5";"155";"0"
"2023";"05";"130103";"LA LIBERTAD";"TRUJILLO";"FLORENCIA DE MORA";"ESSALUD";"II-E";"00009278";"FLORENCIA DE MORA";"241500";"HOSPITALIZACIÓN QUIRÚRGICA GINECOLOGÍA  ";"16";"12";"39";"51";"3";"93";"0"
"2023";"05";"130103";"LA LIBERTAD";"TRUJILLO";"FLORENCIA DE MORA";"ESSALUD";"II-E";"00009278";"FLORENCIA DE MORA";"241600";"HOSPITALIZACIÓN QUIRÚRGICA OBSTETRICIA   ";"24";"26";"61";"50";"4";"124";"0"
"2023";"05";"240101";"TUMBES";"TUMBES";"TUMBES";"GOBIERNO REGIONAL";"II-2";"00017077";"HOSPITAL REGIONAL JOSE ALFREDO MENDOZA OLAVARRIA JAMO II-2";"240100";"HOSPITALIZACIÓN QUIRÚRGICA CIRUGÍA GENERAL ";"148";"175";"664";"525";"25";"775";"1"
"2023";"05";"240101";"TUMBES";"TUMBES";"TUMBES";"GOBIERNO REGIONAL";"II-2";"00017077";"HOSPITAL REGIONAL JOSE ALFREDO MENDOZA OLAVARRIA JAMO II-2";"241800";"HOSPITALIZACIÓN DE MEDICINA MEDICINA GENERAL ";"55";"81";"902";"829";"27";"837";"11"
"2023";"05";"240101";"TUMBES";"TUMBES";"TUMBES";"GOBIERNO REGIONAL";"II-2";"00017077";"HOSPITAL REGIONAL JOSE ALFREDO MENDOZA OLAVARRIA JAMO II-2";"242500";"HOSPITALIZACIÓN-PEDIATRÍA GENERAL-";"63";"72";"277";"217";"12";"372";"0"
"2023";"05";"240101";"TUMBES";"TUMBES";"TUMBES";"GOBIERNO REGIONAL";"II-2";"00017077";"HOSPITAL REGIONAL JOSE ALFREDO MENDOZA OLAVARRIA JAMO II-2";"243200";"HOSPITALIZACIÓN DE PEDIATRÍA PEDIATRIA NEONATOLOGÍA";"30";"39";"250";"180";"6";"186";"0"
"2023";"05";"240101";"TUMBES";"TUMBES";"TUMBES";"GOBIERNO REGIONAL";"II-2";"00017077";"HOSPITAL REGIONAL JOSE ALFREDO MENDOZA OLAVARRIA JAMO II-2";"250103";"UNIDAD DE CUIDADOS CRITICOS UNIDAD  DE CUIDADOS INTENSIVOS GENERALES  (UCI) MEDICINA";"5";"8";"92";"85";"6";"186";"6"
"2023";"05";"240101";"TUMBES";"TUMBES";"TUMBES";"GOBIERNO REGIONAL";"II-2";"00017077";"HOSPITAL REGIONAL JOSE ALFREDO MENDOZA OLAVARRIA JAMO II-2";"250105";"UNIDAD DE CUIDADOS CRITICOS UNIDAD  DE CUIDADOS INTENSIVOS  (UCI) NEONATOLOGÍA";"2";"4";"67";"63";"3";"93";"0"
"2023";"05";"240101";"TUMBES";"TUMBES";"TUMBES";"GOBIERNO REGIONAL";"II-2";"00017077";"HOSPITAL REGIONAL JOSE ALFREDO MENDOZA OLAVARRIA JAMO II-2";"241400";"HOSPITALIZACIÓN QUIRÚRGICA GINECO - OBSTETRICIA ";"303";"326";"718";"503";"30";"930";"0"
"2023";"05";"220502";"SAN MARTIN";"LAMAS";"ALONSO DE ALVARADO";"GOBIERNO REGIONAL";"I-1";"00010516";"PORVENIR DEL NORTE";"NE_0001";"";"NE_0001";"NE_0001";"NE_0001";"NE_0001";"NE_0001";"NE_0001";"NE_0001"
"2023";"05";"220502";"SAN MARTIN";"LAMAS";"ALONSO DE ALVARADO";"GOBIERNO REGIONAL";"I-3";"00006348";"ROQUE";"241600";"HOSPITALIZACIÓN QUIRÚRGICA OBSTETRICIA   ";"7";"7";"7";"31";"8";"30";"0"
"2023";"03";"130101";"LA LIBERTAD";"TRUJILLO";"TRUJILLO";"GOBIERNO REGIONAL";"II-1";"00005204";"HOSPITAL DE ESPECIALIDADES BASICAS LA NORIA";"243200";"HOSPITALIZACIÓN DE PEDIATRÍA PEDIATRIA NEONATOLOGÍA";"5";"4";"15";"17";"4";"124";"0"
"2023";"03";"130101";"LA LIBERTAD";"TRUJILLO";"TRUJILLO";"GOBIERNO REGIONAL";"II-1";"00005204";"HOSPITAL DE ESPECIALIDADES BASICAS LA NORIA";"241400";"HOSPITALIZACIÓN QUIRÚRGICA GINECO - OBSTETRICIA ";"30";"25";"38";"47";"8";"248";"0"
"2023";"03";"130101";"LA LIBERTAD";"TRUJILLO";"TRUJILLO";"GOBIERNO REGIONAL";"II-1";"00005204";"HOSPITAL DE ESPECIALIDADES BASICAS LA NORIA";"241600";"HOSPITALIZACIÓN QUIRÚRGICA OBSTETRICIA   ";"28";"28";"33";"33";"8";"248";"0"
"2023";"03";"120909";"JUNIN";"CHUPACA";"YANACANCHA";"GOBIERNO REGIONAL";"I-1";"00000662";"SANTO DOMINGO DE CACHI";"NE_0001";"";"NE_0001";"NE_0001";"NE_0001";"NE_0001";"NE_0001";"NE_0001";"NE_0001"
"2023";"03";"120907";"JUNIN";"CHUPACA";"SAN JUAN DE JARPA";"GOBIERNO REGIONAL";"I-1";"00012470";"SHICUY";"NE_0001";"";"NE_0001";"NE_0001";"NE_0001";"NE_0001";"NE_0001";"NE_0001";"NE_0001"
"2023";"03";"230302";"TACNA";"JORGE BASADRE";"ILABAYA";"PRIVADO";"I-4";"00018230";"HOSPITAL TOQUEPALA";"240100";"HOSPITALIZACIÓN QUIRÚRGICA CIRUGÍA GENERAL ";"4";"4";"20";"148";"12";"372";"0"
"2023";"03";"230302";"TACNA";"JORGE BASADRE";"ILABAYA";"PRIVADO";"I-4";"00018230";"HOSPITAL TOQUEPALA";"241800";"HOSPITALIZACIÓN DE MEDICINA MEDICINA GENERAL ";"7";"6";"26";"123";"14";"434";"0"
"2023";"03";"230302";"TACNA";"JORGE BASADRE";"ILABAYA";"PRIVADO";"I-4";"00018230";"HOSPITAL TOQUEPALA";"242500";"HOSPITALIZACIÓN-PEDIATRÍA GENERAL-";"1";"1";"2";"2";"3";"93";"0"
"2023";"03";"211101";"PUNO";"SAN ROMAN";"JULIACA";"PRIVADO";"II-1";"00010815";"CLINICA ADVENTISTA AMERICANA DE JULIACA";"240000";"HOSPITALIZACIÓN";"163";"148";"481";"577";"40";"1233";"2"
"2023";"03";"211101";"PUNO";"SAN ROMAN";"JULIACA";"PRIVADO";"II-E";"00020181";"CLINICA INTERNACIONAL NACER";"241600";"HOSPITALIZACIÓN QUIRÚRGICA OBSTETRICIA   ";"48";"48";"41";"48";"10";"259";"0"
"2023";"03";"150132";"LIMA";"LIMA";"SAN JUAN DE LURIGANCHO";"PRIVADO";"II-E";"00012267";"CLINICA SAN MARCOS";"240100";"HOSPITALIZACIÓN QUIRÚRGICA CIRUGÍA GENERAL ";"45";"45";"45";"56";"5";"157";"0"
"2023";"03";"150132";"LIMA";"LIMA";"SAN JUAN DE LURIGANCHO";"PRIVADO";"II-E";"00012267";"CLINICA SAN MARCOS";"240200";"HOSPITALIZACIÓN QUIRÚRGICA CIRUGÍA DE CABEZA Y CUELLO / MÁXILO FACIAL ";"3";"3";"3";"4";"2";"55";"0"
"2023";"03";"150132";"LIMA";"LIMA";"SAN JUAN DE LURIGANCHO";"PRIVADO";"II-E";"00012267";"CLINICA SAN MARCOS";"241300";"HOSPITALIZACIÓN QUIRÚRGICA UROLOGÍA  ";"5";"5";"5";"2";"3";"64";"0"
"2023";"03";"150132";"LIMA";"LIMA";"SAN JUAN DE LURIGANCHO";"PRIVADO";"II-E";"00012267";"CLINICA SAN MARCOS";"241400";"HOSPITALIZACIÓN QUIRÚRGICA GINECO - OBSTETRICIA ";"29";"29";"29";"36";"2";"63";"0"
"2023";"03";"150132";"LIMA";"LIMA";"SAN JUAN DE LURIGANCHO";"PRIVADO";"II-E";"00012267";"CLINICA SAN MARCOS";"241600";"HOSPITALIZACIÓN QUIRÚRGICA OBSTETRICIA   ";"1";"1";"1";"3";"1";"31";"0"
"2023";"04";"150111";"LIMA";"LIMA";"EL AGUSTINO";"MINSA";"III-1";"00005946";"HOSPITAL NACIONAL HIPOLITO UNANUE";"240100";"HOSPITALIZACIÓN QUIRÚRGICA CIRUGÍA GENERAL ";"196";"181";"1357";"1785";"64";"1920";"3"
"2023";"04";"150111";"LIMA";"LIMA";"EL AGUSTINO";"MINSA";"III-1";"00005946";"HOSPITAL NACIONAL HIPOLITO UNANUE";"240900";"HOSPITALIZACIÓN QUIRÚRGICA NEUROCIRUGÍA ";"12";"19";"276";"374";"16";"480";"2"
"2023";"04";"150111";"LIMA";"LIMA";"EL AGUSTINO";"MINSA";"III-1";"00005946";"HOSPITAL NACIONAL HIPOLITO UNANUE";"240400";"HOSPITALIZACIÓN QUIRÚRGICA CIRUGÍA DE TÓRAX Y CARDIOVASCULAR ";"130";"116";"1792";"2930";"115";"3450";"9"
"2023";"04";"150111";"LIMA";"LIMA";"EL AGUSTINO";"MINSA";"III-1";"00005946";"HOSPITAL NACIONAL HIPOLITO UNANUE";"241800";"HOSPITALIZACIÓN DE MEDICINA MEDICINA GENERAL ";"237";"237";"2563";"2328";"80";"2400";"39"
"2023";"04";"150111";"LIMA";"LIMA";"EL AGUSTINO";"MINSA";"III-1";"00005946";"HOSPITAL NACIONAL HIPOLITO UNANUE";"241600";"HOSPITALIZACIÓN QUIRÚRGICA OBSTETRICIA   ";"360";"437";"983";"820";"47";"1410";"0"
"2023";"04";"150111";"LIMA";"LIMA";"EL AGUSTINO";"MINSA";"III-1";"00005946";"HOSPITAL NACIONAL HIPOLITO UNANUE";"240700";"HOSPITALIZACIÓN QUIRÚRGICA CIRUGÍA PEDIÁTRICA ";"46";"51";"195";"302";"11";"330";"0"
"2023";"04";"150111";"LIMA";"LIMA";"EL AGUSTINO";"MINSA";"III-1";"00005946";"HOSPITAL NACIONAL HIPOLITO UNANUE";"242500";"HOSPITALIZACIÓN-PEDIATRÍA GENERAL-";"76";"64";"441";"586";"34";"1020";"1"
"2023";"04";"150111";"LIMA";"LIMA";"EL AGUSTINO";"MINSA";"III-1";"00005946";"HOSPITAL NACIONAL HIPOLITO UNANUE";"240800";"HOSPITALIZACIÓN QUIRÚRGICA CIRUGÍA PLÁSTICA/RECONSTRUCTIVA/ REPARADORA ";"8";"13";"579";"307";"13";"390";"1"
"2023";"04";"150111";"LIMA";"LIMA";"EL AGUSTINO";"MINSA";"III-1";"00005946";"HOSPITAL NACIONAL HIPOLITO UNANUE";"241500";"HOSPITALIZACIÓN QUIRÚRGICA GINECOLOGÍA  ";"166";"101";"435";"895";"44";"1320";"0"
"2023";"04";"150111";"LIMA";"LIMA";"EL AGUSTINO";"MINSA";"III-1";"00005946";"HOSPITAL NACIONAL HIPOLITO UNANUE";"241300";"HOSPITALIZACIÓN QUIRÚRGICA UROLOGÍA  ";"26";"28";"374";"317";"11";"330";"0"
"2023";"04";"150111";"LIMA";"LIMA";"EL AGUSTINO";"MINSA";"III-1";"00005946";"HOSPITAL NACIONAL HIPOLITO UNANUE";"243200";"HOSPITALIZACIÓN DE PEDIATRÍA PEDIATRIA NEONATOLOGÍA";"106";"105";"1069";"866";"50";"1500";"4"
"2023";"04";"150111";"LIMA";"LIMA";"EL AGUSTINO";"MINSA";"III-1";"00005946";"HOSPITAL NACIONAL HIPOLITO UNANUE";"242200";"HOSPITALIZACIÓN DE MEDICINA PSIQUIATRÍA ";"6";"9";"44";"39";"4";"120";"0"
"2023";"04";"150111";"LIMA";"LIMA";"EL AGUSTINO";"MINSA";"III-1";"00005946";"HOSPITAL NACIONAL HIPOLITO UNANUE";"240300";"HOSPITALIZACIÓN QUIRÚRGICA CIRUGÍA DIGESTIVA ";"74";"55";"486";"644";"26";"780";"2"
"2023";"04";"150111";"LIMA";"LIMA";"EL AGUSTINO";"MINSA";"III-1";"00005946";"HOSPITAL NACIONAL HIPOLITO UNANUE";"250100";"UNIDAD DE CUIDADOS CRITICOS UNIDAD  DE CUIDADOS INTENSIVOS GENERALES (UCI) ";"19";"14";"241";"409";"17";"510";"9"
"2023";"04";"150111";"LIMA";"LIMA";"EL AGUSTINO";"MINSA";"III-1";"00005946";"HOSPITAL NACIONAL HIPOLITO UNANUE";"241200";"HOSPITALIZACIÓN QUIRÚRGICA TRAUMATOLOGÍA Y ORTOPEDIA ";"72";"71";"922";"788";"31";"930";"0"
"2023";"04";"150111";"LIMA";"LIMA";"EL AGUSTINO";"MINSA";"III-1";"00005946";"HOSPITAL NACIONAL HIPOLITO UNANUE";"240200";"HOSPITALIZACIÓN QUIRÚRGICA CIRUGÍA DE CABEZA Y CUELLO / MÁXILO FACIAL ";"26";"29";"404";"324";"11";"330";"0"
"2023";"04";"150111";"LIMA";"LIMA";"EL AGUSTINO";"MINSA";"III-1";"00005946";"HOSPITAL NACIONAL HIPOLITO UNANUE";"241100";"HOSPITALIZACIÓN QUIRÚRGICA OTORRINOLARINGOLOGÍA  ";"15";"17";"61";"156";"6";"180";"0"
"2023";"04";"150111";"LIMA";"LIMA";"EL AGUSTINO";"MINSA";"III-1";"00005946";"HOSPITAL NACIONAL HIPOLITO UNANUE";"242000";"HOSPITALIZACIÓN DE MEDICINA MEDICINA TROPICAL E INFECCIOSAS ";"23";"23";"388";"288";"12";"360";"1"
"2023";"04";"150111";"LIMA";"LIMA";"EL AGUSTINO";"MINSA";"III-1";"00005946";"HOSPITAL NACIONAL HIPOLITO UNANUE";"240600";"HOSPITALIZACIÓN QUIRÚRGICA CIRUGÍA OFTALMOLÓGICA ";"5";"5";"18";"29";"1";"30";"0"
"2023";"04";"150130";"LIMA";"LIMA";"SAN BORJA";"PRIVADO";"II-E";"00017634";"CLINICA ONCOSALUD";"240000";"HOSPITALIZACIÓN";"293";"303";"2032";"2218";"69";"2070";"20"
"2023";"04";"040401";"AREQUIPA";"CASTILLA";"APLAO";"GOBIERNO REGIONAL";"I-3";"00024409";"CENTRO DE SALUD MENTAL COMUNITARIO LA REAL C.C.U.";"NE_0001";"";"NE_0001";"NE_0001";"NE_0001";"NE_0001";"NE_0001";"NE_0001";"NE_0001"
"2023";"04";"120304";"JUNIN";"CHANCHAMAYO";"SAN LUIS DE SHUARO";"GOBIERNO REGIONAL";"I-1";"00000316";"SANTA HERMINIA BAJA";"NE_0001";"";"NE_0001";"NE_0001";"NE_0001";"NE_0001";"NE_0001";"NE_0001";"NE_0001"
"2023";"04";"120304";"JUNIN";"CHANCHAMAYO";"SAN LUIS DE SHUARO";"GOBIERNO REGIONAL";"I-3";"00000314";"SAN LUIS DE SHUARO";"NE_0001";"";"NE_0001";"NE_0001";"NE_0001";"NE_0001";"NE_0001";"NE_0001";"NE_0001"
"2023";"04";"120304";"JUNIN";"CHANCHAMAYO";"SAN LUIS DE SHUARO";"GOBIERNO REGIONAL";"I-3";"00000315";"SANCHIRIO PALOMAR";"NE_0001";"";"NE_0001";"NE_0001";"NE_0001";"NE_0001";"NE_0001";"NE_0001";"NE_0001"
"2023";"04";"120504";"JUNIN";"JUNIN";"ULCUMAYO";"GOBIERNO REGIONAL";"I-1";"00000317";"RAYMONDI";"NE_0001";"";"NE_0001";"NE_0001";"NE_0001";"NE_0001";"NE_0001";"NE_0001";"NE_0001"
"2023";"04";"120301";"JUNIN";"CHANCHAMAYO";"CHANCHAMAYO";"GOBIERNO REGIONAL";"I-1";"00000312";"PUEBLO PARDO";"NE_0001";"";"NE_0001";"NE_0001";"NE_0001";"NE_0001";"NE_0001";"NE_0001";"NE_0001"
"2023";"05";"160113";"LORETO";"MAYNAS";"SAN JUAN BAUTISTA";"SANIDAD DE LA POLICIA NACIONAL DEL PERU";"I-3";"00011369";"POLICLINICO POLICIAL IQUITOS";"NE_0001";"";"NE_0001";"NE_0001";"NE_0001";"NE_0001";"NE_0001";"NE_0001";"NE_0001"
"2023";"05";"030201";"APURIMAC";"ANDAHUAYLAS";"ANDAHUAYLAS";"SANIDAD DE LA POLICIA NACIONAL DEL PERU";"I-2";"00011892";"POSTA MEDICA POLICIAL DE ANDAHUAYLAS";"NE_0001";"";"NE_0001";"NE_0001";"NE_0001";"NE_0001";"NE_0001";"NE_0001";"NE_0001"
"2023";"05";"060703";"CAJAMARCA";"HUALGAYOC";"HUALGAYOC";"ESSALUD";"I-2";"00010270";"POSTA MEDICA DE HUALGAYOC";"NE_0001";"";"NE_0001";"NE_0001";"NE_0001";"NE_0001";"NE_0001";"NE_0001";"NE_0001"
"2023";"05";"200601";"PIURA";"SULLANA";"SULLANA";"SANIDAD DE LA POLICIA NACIONAL DEL PERU";"I-2";"00010688";"POSTA  MEDICA  POLICIAL  SULLANA";"NE_0001";"";"NE_0001";"NE_0001";"NE_0001";"NE_0001";"NE_0001";"NE_0001";"NE_0001"
"2023";"05";"150810";"LIMA";"HUAURA";"SANTA MARIA";"SANIDAD DE LA POLICIA NACIONAL DEL PERU";"I-2";"00010834";"POSTA MEDICA POLICIAL HUACHO";"NE_0001";"";"NE_0001";"NE_0001";"NE_0001";"NE_0001";"NE_0001";"NE_0001";"NE_0001"
"2023";"05";"150113";"LIMA";"LIMA";"JESUS MARIA";"PRIVADO";"II-E";"00015716";"CLÍNICA VISTA";"NE_0001";"";"NE_0001";"NE_0001";"NE_0001";"NE_0001";"NE_0001";"NE_0001";"NE_0001"
"2023";"05";"040112";"AREQUIPA";"AREQUIPA";"PAUCARPATA";"SANIDAD DE LA POLICIA NACIONAL DEL PERU";"I-2";"00011664";"POSTA MEDICA POLICIAL ""SAN MARTIN DE PORRES""  AREQUIPA";"NE_0001";"";"NE_0001";"NE_0001";"NE_0001";"NE_0001";"NE_0001";"NE_0001";"NE_0001"
"2023";"05";"120206";"JUNIN";"CONCEPCION";"COMAS";"GOBIERNO REGIONAL";"I-2";"00000679";"CANCHAPALCA";"NE_0001";"";"NE_0001";"NE_0001";"NE_0001";"NE_0001";"NE_0001";"NE_0001";"NE_0001"
"2023";"05";"120206";"JUNIN";"CONCEPCION";"COMAS";"GOBIERNO REGIONAL";"I-2";"00000680";"RACRACALLA";"NE_0001";"";"NE_0001";"NE_0001";"NE_0001";"NE_0001";"NE_0001";"NE_0001";"NE_0001"
"2023";"05";"120206";"JUNIN";"CONCEPCION";"COMAS";"GOBIERNO REGIONAL";"I-1";"00000681";"POMAMANTA";"NE_0001";"";"NE_0001";"NE_0001";"NE_0001";"NE_0001";"NE_0001";"NE_0001";"NE_0001"
"2023";"05";"120206";"JUNIN";"CONCEPCION";"COMAS";"GOBIERNO REGIONAL";"I-1";"00000683";"PUQUIAN";"NE_0001";"";"NE_0001";"NE_0001";"NE_0001";"NE_0001";"NE_0001";"NE_0001";"NE_0001"
"2023";"05";"130101";"LA LIBERTAD";"TRUJILLO";"TRUJILLO";"PRIVADO";"II-1";"00012301";"CLINICA SAN ANTONIO";"240000";"HOSPITALIZACIÓN";"2";"9";"15";"30";"22";"682";"0"
"2023";"05";"130101";"LA LIBERTAD";"TRUJILLO";"TRUJILLO";"PRIVADO";"II-1";"00012301";"CLINICA SAN ANTONIO";"241200";"HOSPITALIZACIÓN QUIRÚRGICA TRAUMATOLOGÍA Y ORTOPEDIA ";"7";"5";"20";"140";"1";"140";"1"
"2023";"05";"130101";"LA LIBERTAD";"TRUJILLO";"TRUJILLO";"PRIVADO";"II-1";"00012301";"CLINICA SAN ANTONIO";"244300";"HOSPITALIZACIÓN DE MEDICINA GASTROENTEROLOGÍA  ";"5";"4";"25";"125";"1";"125";"0"
"2023";"05";"130101";"LA LIBERTAD";"TRUJILLO";"TRUJILLO";"PRIVADO";"II-1";"00012301";"CLINICA SAN ANTONIO";"244700";"HOSPITALIZACIÓN DE MEDICINA NEUROLOGIA  ";"1";"37";"2";"2";"59";"60";"0"
"2023";"05";"070101";"CALLAO";"CALLAO";"CALLAO";"PRIVADO";"I-3";"00021094";"LIMATAMBO SEDE MINKA II";"NE_0001";"";"NE_0001";"NE_0001";"NE_0001";"NE_0001";"NE_0001";"NE_0001";"NE_0001"
"2023";"05";"120608";"JUNIN";"SATIPO";"RIO TAMBO";"GOBIERNO REGIONAL";"I-2";"00000516";"PUERTO ROCA";"NE_0001";"";"NE_0001";"NE_0001";"NE_0001";"NE_0001";"NE_0001";"NE_0001";"NE_0001"
"2023";"05";"120608";"JUNIN";"SATIPO";"RIO TAMBO";"GOBIERNO REGIONAL";"I-1";"00000518";"SAN CARLOS ALTO ENE";"NE_0001";"";"NE_0001";"NE_0001";"NE_0001";"NE_0001";"NE_0001";"NE_0001";"NE_0001"
"2023";"05";"120609";"JUNIN";"SATIPO";"VIZCATAN DEL ENE";"GOBIERNO REGIONAL";"I-1";"00000510";"FLORIDA";"NE_0001";"";"NE_0001";"NE_0001";"NE_0001";"NE_0001";"NE_0001";"NE_0001";"NE_0001"
"2023";"05";"120608";"JUNIN";"SATIPO";"RIO TAMBO";"GOBIERNO REGIONAL";"I-1";"00000514";"FE Y ALEGRIA LA PRIMAVERA";"NE_0001";"";"NE_0001";"NE_0001";"NE_0001";"NE_0001";"NE_0001";"NE_0001";"NE_0001"
"2023";"05";"120608";"JUNIN";"SATIPO";"RIO TAMBO";"GOBIERNO REGIONAL";"I-3";"00000517";"VALLE ESMERALDA";"NE_0001";"";"NE_0001";"NE_0001";"NE_0001";"NE_0001";"NE_0001";"NE_0001";"NE_0001"
"2023";"05";"120609";"JUNIN";"SATIPO";"VIZCATAN DEL ENE";"GOBIERNO REGIONAL";"I-1";"00000512";"TUNONTUARI RIO ENE";"NE_0001";"";"NE_0001";"NE_0001";"NE_0001";"NE_0001";"NE_0001";"NE_0001";"NE_0001"
"2023";"05";"120609";"JUNIN";"SATIPO";"VIZCATAN DEL ENE";"GOBIERNO REGIONAL";"I-1";"00000509";"SAN MIGUEL DE ENE SHINPINSHARIATO";"NE_0001";"";"NE_0001";"NE_0001";"NE_0001";"NE_0001";"NE_0001";"NE_0001";"NE_0001"
"2023";"05";"220201";"SAN MARTIN";"BELLAVISTA";"BELLAVISTA";"GOBIERNO REGIONAL";"II-E";"00006502";"HOSPITAL BELLAVISTA";"240100";"HOSPITALIZACIÓN QUIRÚRGICA CIRUGÍA GENERAL ";"33";"35";"101";"101";"8";"248";"0"
"2023";"05";"220201";"SAN MARTIN";"BELLAVISTA";"BELLAVISTA";"GOBIERNO REGIONAL";"II-E";"00006502";"HOSPITAL BELLAVISTA";"241500";"HOSPITALIZACIÓN QUIRÚRGICA GINECOLOGÍA  ";"14";"15";"56";"56";"6";"186";"0"
"2023";"05";"220201";"SAN MARTIN";"BELLAVISTA";"BELLAVISTA";"GOBIERNO REGIONAL";"II-E";"00006502";"HOSPITAL BELLAVISTA";"241900";"HOSPITALIZACIÓN DE MEDICINA MEDICINA INTERNA ";"44";"45";"132";"132";"10";"310";"0"
"2023";"05";"220201";"SAN MARTIN";"BELLAVISTA";"BELLAVISTA";"GOBIERNO REGIONAL";"II-E";"00006502";"HOSPITAL BELLAVISTA";"242500";"HOSPITALIZACIÓN-PEDIATRÍA GENERAL-";"15";"18";"56";"56";"6";"186";"0"
"2023";"05";"220201";"SAN MARTIN";"BELLAVISTA";"BELLAVISTA";"GOBIERNO REGIONAL";"II-E";"00006502";"HOSPITAL BELLAVISTA";"243200";"HOSPITALIZACIÓN DE PEDIATRÍA PEDIATRIA NEONATOLOGÍA";"9";"11";"30";"30";"2";"62";"0"
"2023";"05";"150130";"LIMA";"LIMA";"SAN BORJA";"PRIVADO";"II-E";"00015143";"CLINICA ASTOCONDOR";"240800";"HOSPITALIZACIÓN QUIRÚRGICA CIRUGÍA PLÁSTICA/RECONSTRUCTIVA/ REPARADORA ";"3";"3";"3";"3";"3";"54";"0"
"2023";"05";"150140";"LIMA";"LIMA";"SANTIAGO DE SURCO";"PRIVADO";"II-E";"00011113";"CLINICA MONTERRICO";"240000";"HOSPITALIZACIÓN";"36";"36";"61";"109";"5";"150";"0"
"2023";"05";"220901";"SAN MARTIN";"SAN MARTIN";"TARAPOTO";"GOBIERNO REGIONAL";"I-3";"00006370";"PUNTA DEL ESTE";"NE_0001";"";"NE_0001";"NE_0001";"NE_0001";"NE_0001";"NE_0001";"NE_0001";"NE_0001"
"2023";"05";"220901";"SAN MARTIN";"SAN MARTIN";"TARAPOTO";"GOBIERNO REGIONAL";"I-1";"00006363";"ATUMPAMPA";"NE_0001";"";"NE_0001";"NE_0001";"NE_0001";"NE_0001";"NE_0001";"NE_0001";"NE_0001"
"2023";"05";"220901";"SAN MARTIN";"SAN MARTIN";"TARAPOTO";"GOBIERNO REGIONAL";"I-1";"00006373";"SANTA ROSA DE CUMBAZA";"NE_0001";"";"NE_0001";"NE_0001";"NE_0001";"NE_0001";"NE_0001";"NE_0001";"NE_0001"
"2023";"05";"220901";"SAN MARTIN";"SAN MARTIN";"TARAPOTO";"GOBIERNO REGIONAL";"I-2";"00006371";"HUAYCO TARAPOTO";"NE_0001";"";"NE_0001";"NE_0001";"NE_0001";"NE_0001";"NE_0001";"NE_0001";"NE_0001"
"2023";"05";"220901";"SAN MARTIN";"SAN MARTIN";"TARAPOTO";"GOBIERNO REGIONAL";"I-3";"00006362";"CENTRO DE SALUD NUEVE DE ABRIL";"NE_0001";"";"NE_0001";"NE_0001";"NE_0001";"NE_0001";"NE_0001";"NE_0001";"NE_0001"
"2023";"05";"130101";"LA LIBERTAD";"TRUJILLO";"TRUJILLO";"PRIVADO";"II-E";"00029518";"OFTALMOLOGICA CACEDA";"NE_0001";"";"NE_0001";"NE_0001";"NE_0001";"NE_0001";"NE_0001";"NE_0001";"NE_0001"
"2023";"05";"130101";"LA LIBERTAD";"TRUJILLO";"TRUJILLO";"PRIVADO";"II-E";"00021475";"DE LA BELLEZA";"NE_0001";"";"NE_0001";"NE_0001";"NE_0001";"NE_0001";"NE_0001";"NE_0001";"NE_0001"
"2023";"05";"150131";"LIMA";"LIMA";"SAN ISIDRO";"PRIVADO";"I-2";"00008215";"MEDICENTRO SAN ISIDRO";"NE_0001";"";"NE_0001";"NE_0001";"NE_0001";"NE_0001";"NE_0001";"NE_0001";"NE_0001"
"2023";"05";"150131";"LIMA";"LIMA";"SAN ISIDRO";"PRIVADO";"II-E";"00016113";"CLINICA ZIEGLER CIRUGIA PLASTICA";"240800";"HOSPITALIZACIÓN QUIRÚRGICA CIRUGÍA PLÁSTICA/RECONSTRUCTIVA/ REPARADORA ";"4";"4";"4";"4";"3";"12";"0"
"2023";"05";"120604";"JUNIN";"SATIPO";"MAZAMARI";"GOBIERNO REGIONAL";"I-2";"00000436";"PUEBLO LIBRE DE PAURIALI";"NE_0001";"";"NE_0001";"NE_0001";"NE_0001";"NE_0001";"NE_0001";"NE_0001";"NE_0001"
"2023";"05";"120604";"JUNIN";"SATIPO";"MAZAMARI";"GOBIERNO REGIONAL";"I-1";"00016911";"BUENOS AIRES";"NE_0001";"";"NE_0001";"NE_0001";"NE_0001";"NE_0001";"NE_0001";"NE_0001";"NE_0001"
"2023";"05";"120603";"JUNIN";"SATIPO";"LLAYLLA";"GOBIERNO REGIONAL";"I-3";"00000490";"LLAYLLA";"NE_0001";"";"NE_0001";"NE_0001";"NE_0001";"NE_0001";"NE_0001";"NE_0001";"NE_0001"
"2023";"05";"120603";"JUNIN";"SATIPO";"LLAYLLA";"GOBIERNO REGIONAL";"I-2";"00000491";"HERMOSA PAMPA";"NE_0001";"";"NE_0001";"NE_0001";"NE_0001";"NE_0001";"NE_0001";"NE_0001";"NE_0001"
"2023";"05";"090301";"HUANCAVELICA";"ANGARAES";"LIRCAY";"GOBIERNO REGIONAL";"I-1";"00003944";"BUENA VISTA";"NE_0001";"";"NE_0001";"NE_0001";"NE_0001";"NE_0001";"NE_0001";"NE_0001";"NE_0001"
"2023";"05";"090302";"HUANCAVELICA";"ANGARAES";"ANCHONGA";"GOBIERNO REGIONAL";"I-3";"00006901";"BUENOS AIRES DE PARCO CHACAPUNCU";"NE_0001";"";"NE_0001";"NE_0001";"NE_0001";"NE_0001";"NE_0001";"NE_0001";"NE_0001"
"2023";"05";"090301";"HUANCAVELICA";"ANGARAES";"LIRCAY";"GOBIERNO REGIONAL";"I-1";"00007373";"SOCCLLABAMBA";"NE_0001";"";"NE_0001";"NE_0001";"NE_0001";"NE_0001";"NE_0001";"NE_0001";"NE_0001"
"2023";"05";"090305";"HUANCAVELICA";"ANGARAES";"CHINCHO";"GOBIERNO REGIONAL";"I-1";"00011787";"LLAMOCCTACHI";"NE_0001";"";"NE_0001";"NE_0001";"NE_0001";"NE_0001";"NE_0001";"NE_0001";"NE_0001"
"2023";"03";"120303";"JUNIN";"CHANCHAMAYO";"PICHANAQUI";"GOBIERNO REGIONAL";"I-2";"00000341";"IMPITATO CASCADA";"NE_0001";"";"NE_0001";"NE_0001";"NE_0001";"NE_0001";"NE_0001";"NE_0001";"NE_0001"
"2023";"03";"120303";"JUNIN";"CHANCHAMAYO";"PICHANAQUI";"GOBIERNO REGIONAL";"I-2";"00000352";"UNION SHIMASHIRO";"NE_0001";"";"NE_0001";"NE_0001";"NE_0001";"NE_0001";"NE_0001";"NE_0001";"NE_0001"
"2023";"03";"150131";"LIMA";"LIMA";"SAN ISIDRO";"PRIVADO";"II-2";"00012633";"CLINICA JAVIER PRADO";"240100";"HOSPITALIZACIÓN QUIRÚRGICA CIRUGÍA GENERAL ";"174";"172";"522";"604";"58";"1798";"1"
"2023";"03";"150131";"LIMA";"LIMA";"SAN ISIDRO";"PRIVADO";"II-2";"00012633";"CLINICA JAVIER PRADO";"241400";"HOSPITALIZACIÓN QUIRÚRGICA GINECO - OBSTETRICIA ";"46";"46";"107";"172";"13";"403";"0"
"2023";"03";"150131";"LIMA";"LIMA";"SAN ISIDRO";"PRIVADO";"II-2";"00012633";"CLINICA JAVIER PRADO";"241900";"HOSPITALIZACIÓN DE MEDICINA MEDICINA INTERNA ";"156";"152";"532";"627";"55";"1705";"4"
"2023";"03";"150131";"LIMA";"LIMA";"SAN ISIDRO";"PRIVADO";"II-2";"00012633";"CLINICA JAVIER PRADO";"242300";"HOSPITALIZACIÓN DE PEDIATRÍA  PEDIATRÍA  GENERAL ";"58";"53";"104";"153";"35";"1085";"0"
"2023";"03";"120608";"JUNIN";"SATIPO";"RIO TAMBO";"GOBIERNO REGIONAL";"I-1";"00000459";"CUSHIRENI";"NE_0001";"";"NE_0001";"NE_0001";"NE_0001";"NE_0001";"NE_0001";"NE_0001";"NE_0001"
"2023";"03";"120608";"JUNIN";"SATIPO";"RIO TAMBO";"GOBIERNO REGIONAL";"I-1";"00000466";"SANTA ROSITA DE SHIRINTIARI";"NE_0001";"";"NE_0001";"NE_0001";"NE_0001";"NE_0001";"NE_0001";"NE_0001";"NE_0001"
"2023";"03";"120606";"JUNIN";"SATIPO";"PANGOA";"GOBIERNO REGIONAL";"I-1";"00006879";"UNION PUERTO ASHANINKA";"NE_0001";"";"NE_0001";"NE_0001";"NE_0001";"NE_0001";"NE_0001";"NE_0001";"NE_0001"
"2023";"03";"120608";"JUNIN";"SATIPO";"RIO TAMBO";"GOBIERNO REGIONAL";"I-2";"00000474";"QUITENI";"NE_0001";"";"NE_0001";"NE_0001";"NE_0001";"NE_0001";"NE_0001";"NE_0001";"NE_0001"
"2023";"03";"120608";"JUNIN";"SATIPO";"RIO TAMBO";"GOBIERNO REGIONAL";"I-1";"00000461";"SHEVOJA";"NE_0001";"";"NE_0001";"NE_0001";"NE_0001";"NE_0001";"NE_0001";"NE_0001";"NE_0001"
"2023";"03";"120608";"JUNIN";"SATIPO";"RIO TAMBO";"GOBIERNO REGIONAL";"I-2";"00000463";"BOCA CHEMBO";"NE_0001";"";"NE_0001";"NE_0001";"NE_0001";"NE_0001";"NE_0001";"NE_0001";"NE_0001"
"2023";"03";"120608";"JUNIN";"SATIPO";"RIO TAMBO";"GOBIERNO REGIONAL";"I-1";"00000464";"IMPANEKIARI";"NE_0001";"";"NE_0001";"NE_0001";"NE_0001";"NE_0001";"NE_0001";"NE_0001";"NE_0001"
"2023";"03";"120606";"JUNIN";"SATIPO";"PANGOA";"GOBIERNO REGIONAL";"I-1";"00006878";"POTSOTENI";"NE_0001";"";"NE_0001";"NE_0001";"NE_0001";"NE_0001";"NE_0001";"NE_0001";"NE_0001"
"2023";"03";"120608";"JUNIN";"SATIPO";"RIO TAMBO";"GOBIERNO REGIONAL";"I-1";"00000475";"CAPERUSIA";"NE_0001";"";"NE_0001";"NE_0001";"NE_0001";"NE_0001";"NE_0001";"NE_0001";"NE_0001"
"2023";"03";"120608";"JUNIN";"SATIPO";"RIO TAMBO";"GOBIERNO REGIONAL";"I-2";"00007187";"VISTA  ALEGRE DEL VALLE DE SANTA CRUZ";"NE_0001";"";"NE_0001";"NE_0001";"NE_0001";"NE_0001";"NE_0001";"NE_0001";"NE_0001"
"2023";"03";"120608";"JUNIN";"SATIPO";"RIO TAMBO";"GOBIERNO REGIONAL";"I-3";"00000460";"BETANIA";"NE_0001";"";"NE_0001";"NE_0001";"NE_0001";"NE_0001";"NE_0001";"NE_0001";"NE_0001"
"2023";"03";"120608";"JUNIN";"SATIPO";"RIO TAMBO";"GOBIERNO REGIONAL";"I-3";"00000469";"PUERTO OCOPA";"NE_0001";"";"NE_0001";"NE_0001";"NE_0001";"NE_0001";"NE_0001";"NE_0001";"NE_0001"
"2023";"03";"120608";"JUNIN";"SATIPO";"RIO TAMBO";"GOBIERNO REGIONAL";"I-2";"00000470";"SAN MIGUEL DE OTICA";"NE_0001";"";"NE_0001";"NE_0001";"NE_0001";"NE_0001";"NE_0001";"NE_0001";"NE_0001"
"2023";"03";"120608";"JUNIN";"SATIPO";"RIO TAMBO";"GOBIERNO REGIONAL";"I-2";"00000472";"OVIRI";"NE_0001";"";"NE_0001";"NE_0001";"NE_0001";"NE_0001";"NE_0001";"NE_0001";"NE_0001"
"2023";"03";"120608";"JUNIN";"SATIPO";"RIO TAMBO";"GOBIERNO REGIONAL";"I-3";"00000462";"POYENI";"NE_0001";"";"NE_0001";"NE_0001";"NE_0001";"NE_0001";"NE_0001";"NE_0001";"NE_0001"
"2023";"03";"120608";"JUNIN";"SATIPO";"RIO TAMBO";"GOBIERNO REGIONAL";"I-2";"00000465";"CAPITIRI";"NE_0001";"";"NE_0001";"NE_0001";"NE_0001";"NE_0001";"NE_0001";"NE_0001";"NE_0001"
"2023";"03";"120608";"JUNIN";"SATIPO";"RIO TAMBO";"GOBIERNO REGIONAL";"I-2";"00000467";"SHIMA";"NE_0001";"";"NE_0001";"NE_0001";"NE_0001";"NE_0001";"NE_0001";"NE_0001";"NE_0001"
"2023";"03";"120608";"JUNIN";"SATIPO";"RIO TAMBO";"GOBIERNO REGIONAL";"I-3";"00000473";"SAN VICENTE DE CANAAN";"NE_0001";"";"NE_0001";"NE_0001";"NE_0001";"NE_0001";"NE_0001";"NE_0001";"NE_0001"
"2023";"03";"150140";"LIMA";"LIMA";"SANTIAGO DE SURCO";"PRIVADO";"II-E";"00028189";"GLAUCOMA SALUD";"NE_0001";"";"NE_0001";"NE_0001";"NE_0001";"NE_0001";"NE_0001";"NE_0001";"NE_0001"
"2023";"02";"150701";"LIMA";"HUAROCHIRI";"MATUCANA";"GOBIERNO REGIONAL";"II-1";"00005850";"HOSPITAL SAN JUAN DE MATUCANA";"240100";"HOSPITALIZACIÓN QUIRÚRGICA CIRUGÍA GENERAL ";"1";"1";"5";"5";"2";"56";"0"
"2023";"02";"150701";"LIMA";"HUAROCHIRI";"MATUCANA";"GOBIERNO REGIONAL";"II-1";"00005850";"HOSPITAL SAN JUAN DE MATUCANA";"241600";"HOSPITALIZACIÓN QUIRÚRGICA OBSTETRICIA   ";"6";"6";"8";"9";"4";"112";"0"
"2023";"02";"150701";"LIMA";"HUAROCHIRI";"MATUCANA";"GOBIERNO REGIONAL";"II-1";"00005850";"HOSPITAL SAN JUAN DE MATUCANA";"241800";"HOSPITALIZACIÓN DE MEDICINA MEDICINA GENERAL ";"2";"2";"6";"18";"3";"84";"0"
"2023";"05";"040109";"AREQUIPA";"AREQUIPA";"MARIANO MELGAR";"GOBIERNO REGIONAL";"I-4";"00001294";"CENTRO DE SALUD MARIANO MELGAR";"241400";"HOSPITALIZACIÓN QUIRÚRGICA GINECO - OBSTETRICIA ";"14";"14";"16";"14";"4";"224";"0"
"2023";"04";"040704";"AREQUIPA";"ISLAY";"ISLAY";"ESSALUD";"I-2";"00012192";"POSTA MEDICA MATARANI";"NE_0002";"";"NE_0002";"NE_0002";"NE_0002";"NE_0002";"NE_0002";"NE_0002";"NE_0002"
"2023";"04";"150117";"LIMA";"LIMA";"LOS OLIVOS";"PRIVADO";"I-2";"00012429";"OFTALMOLOGICA WONG";"NE_0001";"";"NE_0001";"NE_0001";"NE_0001";"NE_0001";"NE_0001";"NE_0001";"NE_0001"
"2023";"04";"060806";"CAJAMARCA";"JAEN";"LAS PIRIAS";"GOBIERNO REGIONAL";"I-3";"00004245";"LAS PIRIAS DE JAEN";"NE_0001";"";"NE_0001";"NE_0001";"NE_0001";"NE_0001";"NE_0001";"NE_0001";"NE_0001"
"2023";"04";"060806";"CAJAMARCA";"JAEN";"LAS PIRIAS";"GOBIERNO REGIONAL";"I-1";"00004246";"RUMIBAMBA";"NE_0001";"";"NE_0001";"NE_0001";"NE_0001";"NE_0001";"NE_0001";"NE_0001";"NE_0001"
"2023";"04";"060805";"CAJAMARCA";"JAEN";"HUABAL";"GOBIERNO REGIONAL";"I-1";"00013849";"SANTA ROSA DE HUABAL";"NE_0001";"";"NE_0001";"NE_0001";"NE_0001";"NE_0001";"NE_0001";"NE_0001";"NE_0001"
"2023";"04";"060805";"CAJAMARCA";"JAEN";"HUABAL";"GOBIERNO REGIONAL";"I-1";"00004243";"LA ESPERANZA";"NE_0001";"";"NE_0001";"NE_0001";"NE_0001";"NE_0001";"NE_0001";"NE_0001";"NE_0001"
"2023";"04";"060805";"CAJAMARCA";"JAEN";"HUABAL";"GOBIERNO REGIONAL";"I-1";"00016136";"CAJONES";"NE_0001";"";"NE_0001";"NE_0001";"NE_0001";"NE_0001";"NE_0001";"NE_0001";"NE_0001"
"2023";"04";"060805";"CAJAMARCA";"JAEN";"HUABAL";"GOBIERNO REGIONAL";"I-1";"00004242";"SAN FRANCISCO DE ASIS";"NE_0001";"";"NE_0001";"NE_0001";"NE_0001";"NE_0001";"NE_0001";"NE_0001";"NE_0001"
"2023";"04";"060805";"CAJAMARCA";"JAEN";"HUABAL";"GOBIERNO REGIONAL";"I-1";"00007124";"CORAZON DE JESUS";"NE_0001";"";"NE_0001";"NE_0001";"NE_0001";"NE_0001";"NE_0001";"NE_0001";"NE_0001"
"2023";"04";"060805";"CAJAMARCA";"JAEN";"HUABAL";"GOBIERNO REGIONAL";"I-2";"00007687";"HUACO";"NE_0001";"";"NE_0001";"NE_0001";"NE_0001";"NE_0001";"NE_0001";"NE_0001";"NE_0001"
"2023";"04";"060805";"CAJAMARCA";"JAEN";"HUABAL";"GOBIERNO REGIONAL";"I-3";"00004241";"HUABAL";"NE_0001";"";"NE_0001";"NE_0001";"NE_0001";"NE_0001";"NE_0001";"NE_0001";"NE_0001"
"2023";"04";"060805";"CAJAMARCA";"JAEN";"HUABAL";"GOBIERNO REGIONAL";"I-1";"00023956";"LA HUACA";"NE_0001";"";"NE_0001";"NE_0001";"NE_0001";"NE_0001";"NE_0001";"NE_0001";"NE_0001"
"2023";"04";"060805";"CAJAMARCA";"JAEN";"HUABAL";"GOBIERNO REGIONAL";"I-1";"00024938";"SAN PABLO";"NE_0001";"";"NE_0001";"NE_0001";"NE_0001";"NE_0001";"NE_0001";"NE_0001";"NE_0001"
"2023";"04";"081102";"CUSCO";"PAUCARTAMBO";"CAICAY";"GOBIERNO REGIONAL";"I-1";"00002512";"CAICAY";"NE_0002";"";"NE_0002";"NE_0002";"NE_0002";"NE_0002";"NE_0002";"NE_0002";"NE_0002"
"2023";"04";"081104";"CUSCO";"PAUCARTAMBO";"COLQUEPATA";"GOBIERNO REGIONAL";"I-1";"00006979";"TOCRA";"NE_0002";"";"NE_0002";"NE_0002";"NE_0002";"NE_0002";"NE_0002";"NE_0002";"NE_0002"
"2023";"04";"081101";"CUSCO";"PAUCARTAMBO";"PAUCARTAMBO";"GOBIERNO REGIONAL";"I-4";"00002510";"PAUCARTAMBO";"NE_0002";"";"NE_0002";"NE_0002";"NE_0002";"NE_0002";"NE_0002";"NE_0002";"NE_0002"
"2023";"04";"081104";"CUSCO";"PAUCARTAMBO";"COLQUEPATA";"GOBIERNO REGIONAL";"I-1";"00002517";"PICHIHUA COLQUEPATA";"NE_0002";"";"NE_0002";"NE_0002";"NE_0002";"NE_0002";"NE_0002";"NE_0002";"NE_0002"
"2023";"04";"081106";"CUSCO";"PAUCARTAMBO";"KOSÑIPATA";"GOBIERNO REGIONAL";"I-3";"00002521";"PILCOPATA";"NE_0002";"";"NE_0002";"NE_0002";"NE_0002";"NE_0002";"NE_0002";"NE_0002";"NE_0002"
"2023";"04";"081104";"CUSCO";"PAUCARTAMBO";"COLQUEPATA";"GOBIERNO REGIONAL";"I-2";"00002518";"VIZCOCHONI";"NE_0002";"";"NE_0002";"NE_0002";"NE_0002";"NE_0002";"NE_0002";"NE_0002";"NE_0002"
"2023";"04";"081105";"CUSCO";"PAUCARTAMBO";"HUANCARANI";"GOBIERNO REGIONAL";"I-4";"00002520";"HUANCARANI";"NE_0002";"";"NE_0002";"NE_0002";"NE_0002";"NE_0002";"NE_0002";"NE_0002";"NE_0002"
"2023";"04";"081106";"CUSCO";"PAUCARTAMBO";"KOSÑIPATA";"GOBIERNO REGIONAL";"I-2";"00002522";"PATRIA";"NE_0002";"";"NE_0002";"NE_0002";"NE_0002";"NE_0002";"NE_0002";"NE_0002";"NE_0002"
"2023";"04";"081101";"CUSCO";"PAUCARTAMBO";"PAUCARTAMBO";"GOBIERNO REGIONAL";"I-2";"00002511";"MOLLOMARCA";"NE_0002";"";"NE_0002";"NE_0002";"NE_0002";"NE_0002";"NE_0002";"NE_0002";"NE_0002"
"2023";"04";"081103";"CUSCO";"PAUCARTAMBO";"CHALLABAMBA";"GOBIERNO REGIONAL";"I-3";"00002514";"CHALLABAMBA";"NE_0002";"";"NE_0002";"NE_0002";"NE_0002";"NE_0002";"NE_0002";"NE_0002";"NE_0002"
"2023";"04";"081104";"CUSCO";"PAUCARTAMBO";"COLQUEPATA";"GOBIERNO REGIONAL";"I-2";"00002516";"COLQUEPATA";"NE_0002";"";"NE_0002";"NE_0002";"NE_0002";"NE_0002";"NE_0002";"NE_0002";"NE_0002"
"2023";"04";"081104";"CUSCO";"PAUCARTAMBO";"COLQUEPATA";"GOBIERNO REGIONAL";"I-1";"00002519";"AYRE";"NE_0002";"";"NE_0002";"NE_0002";"NE_0002";"NE_0002";"NE_0002";"NE_0002";"NE_0002"
"2023";"04";"081102";"CUSCO";"PAUCARTAMBO";"CAICAY";"GOBIERNO REGIONAL";"I-1";"00002513";"HUASAC";"NE_0002";"";"NE_0002";"NE_0002";"NE_0002";"NE_0002";"NE_0002";"NE_0002";"NE_0002"
"2023";"04";"220102";"SAN MARTIN";"MOYOBAMBA";"CALZADA";"GOBIERNO REGIONAL";"I-1";"00006331";"SANTA ROSA BAJO TANGUMI";"NE_0002";"";"NE_0002";"NE_0002";"NE_0002";"NE_0002";"NE_0002";"NE_0002";"NE_0002"
"2023";"04";"220101";"SAN MARTIN";"MOYOBAMBA";"MOYOBAMBA";"GOBIERNO REGIONAL";"I-1";"00006330";"SANTA ROSA DE OROMINA";"NE_0002";"";"NE_0002";"NE_0002";"NE_0002";"NE_0002";"NE_0002";"NE_0002";"NE_0002"
"2023";"04";"160113";"LORETO";"MAYNAS";"SAN JUAN BAUTISTA";"ESSALUD";"I-3";"00011386";"CAP II SAN JUAN BAUTISTA";"NE_0001";"";"NE_0001";"NE_0001";"NE_0001";"NE_0001";"NE_0001";"NE_0001";"NE_0001"
"2023";"04";"040126";"AREQUIPA";"AREQUIPA";"YANAHUARA";"PRIVADO";"II-E";"00021966";"CLINICA ALIVIARI";"NE_0001";"";"NE_0001";"NE_0001";"NE_0001";"NE_0001";"NE_0001";"NE_0001";"NE_0001"
"2023";"05";"040109";"AREQUIPA";"AREQUIPA";"MARIANO MELGAR";"GOBIERNO REGIONAL";"I-2";"00001308";"PUESTO DE SALUD ATALAYA";"NE_0001";"";"NE_0001";"NE_0001";"NE_0001";"NE_0001";"NE_0001";"NE_0001";"NE_0001"
"2023";"05";"220101";"SAN MARTIN";"MOYOBAMBA";"MOYOBAMBA";"GOBIERNO REGIONAL";"I-1";"00006295";"DORADA";"NE_0001";"";"NE_0001";"NE_0001";"NE_0001";"NE_0001";"NE_0001";"NE_0001";"NE_0001"
"2023";"05";"220101";"SAN MARTIN";"MOYOBAMBA";"MOYOBAMBA";"GOBIERNO REGIONAL";"I-1";"00006293";"RAFAEL BELAUNDE";"NE_0001";"";"NE_0001";"NE_0001";"NE_0001";"NE_0001";"NE_0001";"NE_0001";"NE_0001"
"2023";"05";"220802";"SAN MARTIN";"RIOJA";"AWAJUN";"GOBIERNO REGIONAL";"I-3";"00006297";"BAJO NARANJILLO";"241600";"HOSPITALIZACIÓN QUIRÚRGICA OBSTETRICIA   ";"6";"6";"6";"6";"6";"93";"0"
"2023";"05";"220802";"SAN MARTIN";"RIOJA";"AWAJUN";"GOBIERNO REGIONAL";"I-1";"00006298";"SAN FRANCISCO ALTO MAYO";"NE_0001";"";"NE_0001";"NE_0001";"NE_0001";"NE_0001";"NE_0001";"NE_0001";"NE_0001"
"2023";"05";"220804";"SAN MARTIN";"RIOJA";"NUEVA CAJAMARCA";"GOBIERNO REGIONAL";"I-1";"00006302";"TUPAC AMARU";"NE_0001";"";"NE_0001";"NE_0001";"NE_0001";"NE_0001";"NE_0001";"NE_0001";"NE_0001"
"2023";"05";"220802";"SAN MARTIN";"RIOJA";"AWAJUN";"GOBIERNO REGIONAL";"I-1";"00007464";"SAN CARLOS";"NE_0001";"";"NE_0001";"NE_0001";"NE_0001";"NE_0001";"NE_0001";"NE_0001";"NE_0001"
"2023";"05";"220804";"SAN MARTIN";"RIOJA";"NUEVA CAJAMARCA";"GOBIERNO REGIONAL";"I-2";"00006301";"NARANJILLO";"NE_0001";"";"NE_0001";"NE_0001";"NE_0001";"NE_0001";"NE_0001";"NE_0001";"NE_0001"
"2023";"05";"220802";"SAN MARTIN";"RIOJA";"AWAJUN";"GOBIERNO REGIONAL";"I-1";"00009075";"NUEVA SANTA CRUZ";"NE_0001";"";"NE_0001";"NE_0001";"NE_0001";"NE_0001";"NE_0001";"NE_0001";"NE_0001"
"2023";"05";"060701";"CAJAMARCA";"HUALGAYOC";"BAMBAMARCA";"GOBIERNO REGIONAL";"II-1";"00004782";"BAMBAMARCA - TITO VILLAR CABEZAS";"241400";"HOSPITALIZACIÓN QUIRÚRGICA GINECO - OBSTETRICIA ";"61";"65";"101";"108";"7";"217";"0"
"2023";"05";"060701";"CAJAMARCA";"HUALGAYOC";"BAMBAMARCA";"GOBIERNO REGIONAL";"II-1";"00004782";"BAMBAMARCA - TITO VILLAR CABEZAS";"241800";"HOSPITALIZACIÓN DE MEDICINA MEDICINA GENERAL ";"21";"24";"87";"79";"5";"155";"1"
"2023";"05";"060701";"CAJAMARCA";"HUALGAYOC";"BAMBAMARCA";"GOBIERNO REGIONAL";"II-1";"00004782";"BAMBAMARCA - TITO VILLAR CABEZAS";"240100";"HOSPITALIZACIÓN QUIRÚRGICA CIRUGÍA GENERAL ";"21";"22";"52";"39";"3";"93";"0"
"2023";"05";"060701";"CAJAMARCA";"HUALGAYOC";"BAMBAMARCA";"GOBIERNO REGIONAL";"II-1";"00004782";"BAMBAMARCA - TITO VILLAR CABEZAS";"242500";"HOSPITALIZACIÓN-PEDIATRÍA GENERAL-";"5";"5";"17";"24";"2";"62";"0"
"2023";"05";"060701";"CAJAMARCA";"HUALGAYOC";"BAMBAMARCA";"GOBIERNO REGIONAL";"II-1";"00004782";"BAMBAMARCA - TITO VILLAR CABEZAS";"243200";"HOSPITALIZACIÓN DE PEDIATRÍA PEDIATRIA NEONATOLOGÍA";"1";"1";"3";"3";"1";"31";"0"
"2023";"05";"060701";"CAJAMARCA";"HUALGAYOC";"BAMBAMARCA";"GOBIERNO REGIONAL";"II-1";"00004782";"BAMBAMARCA - TITO VILLAR CABEZAS";"241500";"HOSPITALIZACIÓN QUIRÚRGICA GINECOLOGÍA  ";"1";"1";"4";"4";"1";"31";"0"
"2023";"05";"060801";"CAJAMARCA";"JAEN";"JAEN";"GOBIERNO REGIONAL";"II-2";"00004210";"HOSPITAL GENERAL DE JAEN";"241800";"HOSPITALIZACIÓN DE MEDICINA MEDICINA GENERAL ";"92";"115";"817";"119";"48";"1488";"13"
"2023";"05";"060801";"CAJAMARCA";"JAEN";"JAEN";"GOBIERNO REGIONAL";"II-2";"00004210";"HOSPITAL GENERAL DE JAEN";"240100";"HOSPITALIZACIÓN QUIRÚRGICA CIRUGÍA GENERAL ";"143";"146";"678";"158";"34";"1054";"2"
"2023";"05";"060801";"CAJAMARCA";"JAEN";"JAEN";"GOBIERNO REGIONAL";"II-2";"00004210";"HOSPITAL GENERAL DE JAEN";"241600";"HOSPITALIZACIÓN QUIRÚRGICA OBSTETRICIA   ";"279";"279";"889";"298";"22";"682";"0"
"2023";"05";"060801";"CAJAMARCA";"JAEN";"JAEN";"GOBIERNO REGIONAL";"II-2";"00004210";"HOSPITAL GENERAL DE JAEN";"242500";"HOSPITALIZACIÓN-PEDIATRÍA GENERAL-";"95";"95";"567";"110";"25";"775";"0"
"2023";"05";"060801";"CAJAMARCA";"JAEN";"JAEN";"GOBIERNO REGIONAL";"II-2";"00004210";"HOSPITAL GENERAL DE JAEN";"243200";"HOSPITALIZACIÓN DE PEDIATRÍA PEDIATRIA NEONATOLOGÍA";"35";"43";"290";"48";"10";"310";"2"
"2023";"03";"150131";"LIMA";"LIMA";"SAN ISIDRO";"PRIVADO";"II-E";"00018667";"CLINICA ARROYO";"NE_0001";"";"NE_0001";"NE_0001";"NE_0001";"NE_0001";"NE_0001";"NE_0001";"NE_0001"
"2023";"03";"120808";"JUNIN";"YAULI";"SANTA ROSA DE SACCO";"ESSALUD";"II-1";"00008653";"HOSPITAL II ALBERTO HURTADO ABADIA";"241800";"HOSPITALIZACIÓN DE MEDICINA MEDICINA GENERAL ";"48";"42";"194";"195";"18";"551";"2"
"2023";"03";"120808";"JUNIN";"YAULI";"SANTA ROSA DE SACCO";"ESSALUD";"II-1";"00008653";"HOSPITAL II ALBERTO HURTADO ABADIA";"240100";"HOSPITALIZACIÓN QUIRÚRGICA CIRUGÍA GENERAL ";"32";"33";"133";"127";"8";"238";"0"
"2023";"03";"120808";"JUNIN";"YAULI";"SANTA ROSA DE SACCO";"ESSALUD";"II-1";"00008653";"HOSPITAL II ALBERTO HURTADO ABADIA";"241200";"HOSPITALIZACIÓN QUIRÚRGICA TRAUMATOLOGÍA Y ORTOPEDIA ";"19";"19";"96";"114";"8";"241";"0"
"2023";"03";"120808";"JUNIN";"YAULI";"SANTA ROSA DE SACCO";"ESSALUD";"II-1";"00008653";"HOSPITAL II ALBERTO HURTADO ABADIA";"241500";"HOSPITALIZACIÓN QUIRÚRGICA GINECOLOGÍA  ";"17";"19";"48";"41";"3";"94";"0"
"2023";"03";"120808";"JUNIN";"YAULI";"SANTA ROSA DE SACCO";"ESSALUD";"II-1";"00008653";"HOSPITAL II ALBERTO HURTADO ABADIA";"241600";"HOSPITALIZACIÓN QUIRÚRGICA OBSTETRICIA   ";"26";"25";"74";"75";"5";"155";"0"
"2023";"03";"120808";"JUNIN";"YAULI";"SANTA ROSA DE SACCO";"ESSALUD";"II-1";"00008653";"HOSPITAL II ALBERTO HURTADO ABADIA";"242300";"HOSPITALIZACIÓN DE PEDIATRÍA  PEDIATRÍA  GENERAL ";"39";"40";"109";"101";"3";"116";"0"
"2023";"03";"120808";"JUNIN";"YAULI";"SANTA ROSA DE SACCO";"ESSALUD";"II-1";"00008653";"HOSPITAL II ALBERTO HURTADO ABADIA";"250304";"HOSPIT. EN UNIDAD DE CUID.INTEN.-UNIDAD DE VIGILANCIA INTENSIVA (UVI)-MEDICINA";"16";"14";"79";"74";"3";"93";"0"
"2023";"03";"150135";"LIMA";"LIMA";"SAN MARTIN DE PORRES";"PRIVADO";"II-E";"00025573";"CREO Clínica Renal y Oncológica";"NE_0001";"";"NE_0001";"NE_0001";"NE_0001";"NE_0001";"NE_0001";"NE_0001";"NE_0001"
"2023";"04";"050601";"AYACUCHO";"LUCANAS";"PUQUIO";"GOBIERNO REGIONAL";"II-1";"00003727";"HOSPITAL DE APOYO DE PUQUIO ""FELIPE HUAMÁN POMA DE AYALA""";"240100";"HOSPITALIZACIÓN QUIRÚRGICA CIRUGÍA GENERAL ";"20";"24";"69";"20";"8";"240";"0"
"2023";"04";"050601";"AYACUCHO";"LUCANAS";"PUQUIO";"GOBIERNO REGIONAL";"II-1";"00003727";"HOSPITAL DE APOYO DE PUQUIO ""FELIPE HUAMÁN POMA DE AYALA""";"241400";"HOSPITALIZACIÓN QUIRÚRGICA GINECO - OBSTETRICIA ";"12";"12";"20";"12";"2";"60";"0"
"2023";"04";"050601";"AYACUCHO";"LUCANAS";"PUQUIO";"GOBIERNO REGIONAL";"II-1";"00003727";"HOSPITAL DE APOYO DE PUQUIO ""FELIPE HUAMÁN POMA DE AYALA""";"241500";"HOSPITALIZACIÓN QUIRÚRGICA GINECOLOGÍA  ";"27";"29";"51";"27";"2";"60";"0"
"2023";"04";"050601";"AYACUCHO";"LUCANAS";"PUQUIO";"GOBIERNO REGIONAL";"II-1";"00003727";"HOSPITAL DE APOYO DE PUQUIO ""FELIPE HUAMÁN POMA DE AYALA""";"241600";"HOSPITALIZACIÓN QUIRÚRGICA OBSTETRICIA   ";"2";"4";"6";"2";"8";"240";"0"
"2023";"04";"050601";"AYACUCHO";"LUCANAS";"PUQUIO";"GOBIERNO REGIONAL";"II-1";"00003727";"HOSPITAL DE APOYO DE PUQUIO ""FELIPE HUAMÁN POMA DE AYALA""";"241800";"HOSPITALIZACIÓN DE MEDICINA MEDICINA GENERAL ";"8";"8";"32";"8";"10";"300";"0"
"2023";"04";"050601";"AYACUCHO";"LUCANAS";"PUQUIO";"GOBIERNO REGIONAL";"II-1";"00003727";"HOSPITAL DE APOYO DE PUQUIO ""FELIPE HUAMÁN POMA DE AYALA""";"241900";"HOSPITALIZACIÓN DE MEDICINA MEDICINA INTERNA ";"3";"3";"31";"3";"1";"30";"0"
"2023";"04";"050601";"AYACUCHO";"LUCANAS";"PUQUIO";"GOBIERNO REGIONAL";"II-1";"00003727";"HOSPITAL DE APOYO DE PUQUIO ""FELIPE HUAMÁN POMA DE AYALA""";"242500";"HOSPITALIZACIÓN-PEDIATRÍA GENERAL-";"15";"16";"53";"15";"11";"330";"0"
"2023";"04";"050601";"AYACUCHO";"LUCANAS";"PUQUIO";"GOBIERNO REGIONAL";"II-1";"00003727";"HOSPITAL DE APOYO DE PUQUIO ""FELIPE HUAMÁN POMA DE AYALA""";"243200";"HOSPITALIZACIÓN DE PEDIATRÍA PEDIATRIA NEONATOLOGÍA";"1";"1";"2";"1";"7";"210";"0"
"2023";"04";"050601";"AYACUCHO";"LUCANAS";"PUQUIO";"GOBIERNO REGIONAL";"II-1";"00003727";"HOSPITAL DE APOYO DE PUQUIO ""FELIPE HUAMÁN POMA DE AYALA""";"250106";"UNIDAD DE CUIDADOS CRITICOS UNIDAD  DE CUIDADOS INTENSIVOS  (UCI) NEUROLÓGICA";"1";"1";"1";"1";"1";"30";"0"
"2023";"04";"220101";"SAN MARTIN";"MOYOBAMBA";"MOYOBAMBA";"GOBIERNO REGIONAL";"I-1";"00006323";"MORROYACU";"NE_0001";"";"NE_0001";"NE_0001";"NE_0001";"NE_0001";"NE_0001";"NE_0001";"NE_0001"
"2023";"04";"220101";"SAN MARTIN";"MOYOBAMBA";"MOYOBAMBA";"GOBIERNO REGIONAL";"I-1";"00006324";"SHIMPIYACU";"NE_0001";"";"NE_0001";"NE_0001";"NE_0001";"NE_0001";"NE_0001";"NE_0001";"NE_0001"
"2023";"04";"220101";"SAN MARTIN";"MOYOBAMBA";"MOYOBAMBA";"GOBIERNO REGIONAL";"I-1";"00006325";"NUEVA HUANCABAMBA";"NE_0001";"";"NE_0001";"NE_0001";"NE_0001";"NE_0001";"NE_0001";"NE_0001";"NE_0001"
"2023";"04";"150131";"LIMA";"LIMA";"SAN ISIDRO";"PRIVADO";"II-E";"00016113";"CLINICA ZIEGLER CIRUGIA PLASTICA";"240800";"HOSPITALIZACIÓN QUIRÚRGICA CIRUGÍA PLÁSTICA/RECONSTRUCTIVA/ REPARADORA ";"3";"3";"3";"3";"3";"15";"0"
"2023";"04";"210301";"PUNO";"CARABAYA";"MACUSANI";"GOBIERNO REGIONAL";"II-2";"00031179";"HOSPITAL SAN MARTIN DE PORRES";"240100";"HOSPITALIZACIÓN QUIRÚRGICA CIRUGÍA GENERAL ";"58";"63";"249";"300";"10";"312";"0"
"2023";"04";"210301";"PUNO";"CARABAYA";"MACUSANI";"GOBIERNO REGIONAL";"II-2";"00031179";"HOSPITAL SAN MARTIN DE PORRES";"241500";"HOSPITALIZACIÓN QUIRÚRGICA GINECOLOGÍA  ";"19";"19";"35";"54";"4";"120";"0"
"2023";"04";"210301";"PUNO";"CARABAYA";"MACUSANI";"GOBIERNO REGIONAL";"II-2";"00031179";"HOSPITAL SAN MARTIN DE PORRES";"241600";"HOSPITALIZACIÓN QUIRÚRGICA OBSTETRICIA   ";"60";"69";"195";"264";"11";"330";"0"
"2023";"04";"210301";"PUNO";"CARABAYA";"MACUSANI";"GOBIERNO REGIONAL";"II-2";"00031179";"HOSPITAL SAN MARTIN DE PORRES";"241900";"HOSPITALIZACIÓN DE MEDICINA MEDICINA INTERNA ";"26";"32";"148";"180";"9";"270";"0"
"2023";"04";"210301";"PUNO";"CARABAYA";"MACUSANI";"GOBIERNO REGIONAL";"II-2";"00031179";"HOSPITAL SAN MARTIN DE PORRES";"242500";"HOSPITALIZACIÓN-PEDIATRÍA GENERAL-";"17";"18";"61";"79";"4";"120";"0"
"2023";"04";"210301";"PUNO";"CARABAYA";"MACUSANI";"GOBIERNO REGIONAL";"II-2";"00031179";"HOSPITAL SAN MARTIN DE PORRES";"243200";"HOSPITALIZACIÓN DE PEDIATRÍA PEDIATRIA NEONATOLOGÍA";"7";"11";"64";"75";"4";"120";"0"
"2023";"04";"081207";"CUSCO";"QUISPICANCHI";"HUARO";"GOBIERNO REGIONAL";"I-2";"00030708";"MENTAL COMUNITARIO HUARO";"NE_0001";"";"NE_0001";"NE_0001";"NE_0001";"NE_0001";"NE_0001";"NE_0001";"NE_0001"
"2023";"04";"150137";"LIMA";"LIMA";"SANTA ANITA";"MINSA";"III-1";"00005948";"HOSPITAL HERMILIO VALDIZAN";"242202";"HOSPITALIZACIÓN DE MEDICINA PSIQUIATRÍA PSIQUIATRÍA DEL ADULTO Y GERONTE";"42";"42";"1686";"2986";"159";"4770";"0"
"2023";"04";"050101";"AYACUCHO";"HUAMANGA";"AYACUCHO";"GOBIERNO REGIONAL";"II-2";"00003543";"HOSPITAL REGIONAL DE AYACUCHO ""MIGUEL ANGEL MARISCAL LLERENA""";"241800";"HOSPITALIZACIÓN DE MEDICINA MEDICINA GENERAL ";"108";"76";"555";"647";"29";"870";"4"
"2023";"04";"050101";"AYACUCHO";"HUAMANGA";"AYACUCHO";"GOBIERNO REGIONAL";"II-2";"00003543";"HOSPITAL REGIONAL DE AYACUCHO ""MIGUEL ANGEL MARISCAL LLERENA""";"244700";"HOSPITALIZACIÓN DE MEDICINA NEUROLOGIA  ";"20";"13";"175";"190";"6";"220";"0"
"2023";"04";"050101";"AYACUCHO";"HUAMANGA";"AYACUCHO";"GOBIERNO REGIONAL";"II-2";"00003543";"HOSPITAL REGIONAL DE AYACUCHO ""MIGUEL ANGEL MARISCAL LLERENA""";"244300";"HOSPITALIZACIÓN DE MEDICINA GASTROENTEROLOGÍA  ";"17";"14";"93";"105";"6";"180";"0"
"2023";"04";"050101";"AYACUCHO";"HUAMANGA";"AYACUCHO";"GOBIERNO REGIONAL";"II-2";"00003543";"HOSPITAL REGIONAL DE AYACUCHO ""MIGUEL ANGEL MARISCAL LLERENA""";"245300";"HOSPITALIZACIÓN DE MEDICINA NEUMOLOGÍA  ";"7";"6";"63";"70";"3";"90";"0"
"2023";"04";"050101";"AYACUCHO";"HUAMANGA";"AYACUCHO";"GOBIERNO REGIONAL";"II-2";"00003543";"HOSPITAL REGIONAL DE AYACUCHO ""MIGUEL ANGEL MARISCAL LLERENA""";"244000";"HOSPITALIZACIÓN DE MEDICINA CARDIOLOGIA ";"2";"2";"4";"6";"2";"60";"0"
"2023";"04";"050101";"AYACUCHO";"HUAMANGA";"AYACUCHO";"GOBIERNO REGIONAL";"II-2";"00003543";"HOSPITAL REGIONAL DE AYACUCHO ""MIGUEL ANGEL MARISCAL LLERENA""";"244200";"HOSPITALIZACIÓN DE MEDICINA ENDOCRINOLOGIA ";"2";"1";"17";"19";"1";"30";"0"
"2023";"04";"050101";"AYACUCHO";"HUAMANGA";"AYACUCHO";"GOBIERNO REGIONAL";"II-2";"00003543";"HOSPITAL REGIONAL DE AYACUCHO ""MIGUEL ANGEL MARISCAL LLERENA""";"244600";"HOSPITALIZACIÓN DE MEDICINA NEFROLOGIA ";"1";"1";"23";"23";"1";"30";"0"
"2023";"04";"050101";"AYACUCHO";"HUAMANGA";"AYACUCHO";"GOBIERNO REGIONAL";"II-2";"00003543";"HOSPITAL REGIONAL DE AYACUCHO ""MIGUEL ANGEL MARISCAL LLERENA""";"245500";"HOSPITALIZACIÓN DE MEDICINA REUMATOLOGÍA    ";"6";"5";"30";"34";"1";"34";"0"
"2023";"04";"050101";"AYACUCHO";"HUAMANGA";"AYACUCHO";"GOBIERNO REGIONAL";"II-2";"00003543";"HOSPITAL REGIONAL DE AYACUCHO ""MIGUEL ANGEL MARISCAL LLERENA""";"242200";"HOSPITALIZACIÓN DE MEDICINA PSIQUIATRÍA ";"11";"6";"170";"175";"4";"175";"0"
"2023";"04";"050101";"AYACUCHO";"HUAMANGA";"AYACUCHO";"GOBIERNO REGIONAL";"II-2";"00003543";"HOSPITAL REGIONAL DE AYACUCHO ""MIGUEL ANGEL MARISCAL LLERENA""";"250304";"HOSPIT. EN UNIDAD DE CUID.INTEN.-UNIDAD DE VIGILANCIA INTENSIVA (UVI)-MEDICINA";"38";"8";"172";"205";"9";"270";"5"
"2023";"04";"050101";"AYACUCHO";"HUAMANGA";"AYACUCHO";"GOBIERNO REGIONAL";"II-2";"00003543";"HOSPITAL REGIONAL DE AYACUCHO ""MIGUEL ANGEL MARISCAL LLERENA""";"240100";"HOSPITALIZACIÓN QUIRÚRGICA CIRUGÍA GENERAL ";"152";"128";"555";"690";"26";"859";"0"
"2023";"04";"050101";"AYACUCHO";"HUAMANGA";"AYACUCHO";"GOBIERNO REGIONAL";"II-2";"00003543";"HOSPITAL REGIONAL DE AYACUCHO ""MIGUEL ANGEL MARISCAL LLERENA""";"241200";"HOSPITALIZACIÓN QUIRÚRGICA TRAUMATOLOGÍA Y ORTOPEDIA ";"146";"125";"698";"824";"24";"868";"0"
"2023";"04";"050101";"AYACUCHO";"HUAMANGA";"AYACUCHO";"GOBIERNO REGIONAL";"II-2";"00003543";"HOSPITAL REGIONAL DE AYACUCHO ""MIGUEL ANGEL MARISCAL LLERENA""";"242500";"HOSPITALIZACIÓN-PEDIATRÍA GENERAL-";"132";"105";"566";"684";"27";"810";"0"
"2023";"04";"050101";"AYACUCHO";"HUAMANGA";"AYACUCHO";"GOBIERNO REGIONAL";"II-2";"00003543";"HOSPITAL REGIONAL DE AYACUCHO ""MIGUEL ANGEL MARISCAL LLERENA""";"240700";"HOSPITALIZACIÓN QUIRÚRGICA CIRUGÍA PEDIÁTRICA ";"42";"36";"162";"198";"8";"266";"0"
"2023";"04";"050101";"AYACUCHO";"HUAMANGA";"AYACUCHO";"GOBIERNO REGIONAL";"II-2";"00003543";"HOSPITAL REGIONAL DE AYACUCHO ""MIGUEL ANGEL MARISCAL LLERENA""";"250108";"UNIDAD DE CUIDADOS CRITICOS UNIDAD  DE CUIDADOS INTENSIVOS  (UCI) PEDIÁTRICA";"40";"6";"119";"158";"8";"240";"4"
"2023";"04";"050101";"AYACUCHO";"HUAMANGA";"AYACUCHO";"GOBIERNO REGIONAL";"II-2";"00003543";"HOSPITAL REGIONAL DE AYACUCHO ""MIGUEL ANGEL MARISCAL LLERENA""";"250105";"UNIDAD DE CUIDADOS CRITICOS UNIDAD  DE CUIDADOS INTENSIVOS  (UCI) NEONATOLOGÍA";"83";"4";"499";"565";"24";"779";"1"
"2023";"04";"050101";"AYACUCHO";"HUAMANGA";"AYACUCHO";"GOBIERNO REGIONAL";"II-2";"00003543";"HOSPITAL REGIONAL DE AYACUCHO ""MIGUEL ANGEL MARISCAL LLERENA""";"250305";"HOSPIT. EN UNIDAD DE CUID.INTEN.-UNIDAD DE VIGILANCIA INTENSIVA (UVI)-NEONATOLOGÍA";"67";"55";"310";"366";"20";"600";"0"
"2023";"04";"050101";"AYACUCHO";"HUAMANGA";"AYACUCHO";"GOBIERNO REGIONAL";"II-2";"00003543";"HOSPITAL REGIONAL DE AYACUCHO ""MIGUEL ANGEL MARISCAL LLERENA""";"243200";"HOSPITALIZACIÓN DE PEDIATRÍA PEDIATRIA NEONATOLOGÍA";"37";"27";"99";"127";"7";"237";"0"
"2023";"04";"050101";"AYACUCHO";"HUAMANGA";"AYACUCHO";"GOBIERNO REGIONAL";"II-2";"00003543";"HOSPITAL REGIONAL DE AYACUCHO ""MIGUEL ANGEL MARISCAL LLERENA""";"241400";"HOSPITALIZACIÓN QUIRÚRGICA GINECO - OBSTETRICIA ";"503";"385";"1005";"1471";"54";"1620";"0"
"2023";"04";"050101";"AYACUCHO";"HUAMANGA";"AYACUCHO";"GOBIERNO REGIONAL";"II-2";"00003543";"HOSPITAL REGIONAL DE AYACUCHO ""MIGUEL ANGEL MARISCAL LLERENA""";"250302";"HOSPIT. EN UNIDAD DE CUID.INTEN.-UNIDAD DE VIGILANCIA INTENSIVA (UVI)-GINECO-OBSTETRICIA";"34";"0";"59";"91";"4";"120";"0"
"2023";"04";"050101";"AYACUCHO";"HUAMANGA";"AYACUCHO";"GOBIERNO REGIONAL";"II-2";"00003543";"HOSPITAL REGIONAL DE AYACUCHO ""MIGUEL ANGEL MARISCAL LLERENA""";"250100";"UNIDAD DE CUIDADOS CRITICOS UNIDAD  DE CUIDADOS INTENSIVOS GENERALES (UCI) ";"45";"7";"322";"357";"15";"479";"7"
"2023";"04";"200104";"PIURA";"PIURA";"CASTILLA";"ESSALUD";"III-1";"00015230";"HOSPITAL III JOSE CAYETANO HEREDIA";"241900";"HOSPITALIZACIÓN DE MEDICINA MEDICINA INTERNA ";"232";"228";"1070";"1606";"58";"1740";"27"
"2023";"04";"200104";"PIURA";"PIURA";"CASTILLA";"ESSALUD";"III-1";"00015230";"HOSPITAL III JOSE CAYETANO HEREDIA";"240100";"HOSPITALIZACIÓN QUIRÚRGICA CIRUGÍA GENERAL ";"209";"202";"1534";"1176";"43";"1290";"2"
"2023";"04";"200104";"PIURA";"PIURA";"CASTILLA";"ESSALUD";"III-1";"00015230";"HOSPITAL III JOSE CAYETANO HEREDIA";"241500";"HOSPITALIZACIÓN QUIRÚRGICA GINECOLOGÍA  ";"35";"32";"193";"119";"4";"120";"0"
"2023";"04";"200104";"PIURA";"PIURA";"CASTILLA";"ESSALUD";"III-1";"00015230";"HOSPITAL III JOSE CAYETANO HEREDIA";"241600";"HOSPITALIZACIÓN QUIRÚRGICA OBSTETRICIA   ";"188";"205";"1088";"1041";"39";"1170";"0"
"2023";"04";"200104";"PIURA";"PIURA";"CASTILLA";"ESSALUD";"III-1";"00015230";"HOSPITAL III JOSE CAYETANO HEREDIA";"242300";"HOSPITALIZACIÓN DE PEDIATRÍA  PEDIATRÍA  GENERAL ";"67";"69";"879";"594";"20";"600";"1"
"2023";"04";"200104";"PIURA";"PIURA";"CASTILLA";"ESSALUD";"III-1";"00015230";"HOSPITAL III JOSE CAYETANO HEREDIA";"250100";"UNIDAD DE CUIDADOS CRITICOS UNIDAD  DE CUIDADOS INTENSIVOS GENERALES (UCI) ";"17";"34";"625";"572";"20";"600";"10"
"2023";"04";"200104";"PIURA";"PIURA";"CASTILLA";"ESSALUD";"III-1";"00015230";"HOSPITAL III JOSE CAYETANO HEREDIA";"250200";"UNIDAD DE CUIDADOS CRITICOS UNIDAD DE CUIDADOS INTERMEDIOS GENERAL  (UCIN) ";"47";"68";"961";"505";"18";"540";"3"
"2023";"04";"120301";"JUNIN";"CHANCHAMAYO";"CHANCHAMAYO";"GOBIERNO REGIONAL";"I-2";"00000311";"VILLA PROGRESO";"NE_0001";"";"NE_0001";"NE_0001";"NE_0001";"NE_0001";"NE_0001";"NE_0001";"NE_0001"
"2023";"03";"150140";"LIMA";"LIMA";"SANTIAGO DE SURCO";"PRIVADO";"II-E";"00012572";"CLINICA PAULISTA";"240000";"HOSPITALIZACIÓN";"7";"7";"13";"8";"1";"48";"0"
"2023";"03";"221005";"SAN MARTIN";"TOCACHE";"UCHIZA";"ESSALUD";"I-2";"00010704";"POSTA MEDICA UCHIZA";"NE_0001";"";"NE_0001";"NE_0001";"NE_0001";"NE_0001";"NE_0001";"NE_0001";"NE_0001"
"2023";"03";"021809";"ANCASH";"SANTA";"NUEVO CHIMBOTE";"ESSALUD";"I-4";"00009054";"HOSPITAL I CONO SUR";"241800";"HOSPITALIZACIÓN DE MEDICINA MEDICINA GENERAL ";"20";"17";"51";"48";"2";"54";"0"
"2023";"03";"021809";"ANCASH";"SANTA";"NUEVO CHIMBOTE";"ESSALUD";"I-4";"00009054";"HOSPITAL I CONO SUR";"241500";"HOSPITALIZACIÓN QUIRÚRGICA GINECOLOGÍA  ";"11";"11";"31";"31";"1";"31";"0"
"2023";"05";"150108";"LIMA";"LIMA";"CHORRILLOS";"ESSALUD";"I-3";"00008438";"POLICLINICO JUAN JOSE RODRIGUEZ LAZO";"NE_0001";"";"NE_0001";"NE_0001";"NE_0001";"NE_0001";"NE_0001";"NE_0001";"NE_0001"
"2023";"05";"090701";"HUANCAVELICA";"TAYACAJA";"PAMPAS";"SANIDAD DE LA POLICIA NACIONAL DEL PERU";"I-2";"00010153";"POSTA MEDICA POLICIAL PAMPAS";"NE_0001";"";"NE_0001";"NE_0001";"NE_0001";"NE_0001";"NE_0001";"NE_0001";"NE_0001"
"2023";"05";"130905";"LA LIBERTAD";"SANCHEZ CARRION";"MARCABAL";"GOBIERNO REGIONAL";"I-2";"00013552";"AGOCAS";"NE_0001";"";"NE_0001";"NE_0001";"NE_0001";"NE_0001";"NE_0001";"NE_0001";"NE_0001"
"2023";"05";"130905";"LA LIBERTAD";"SANCHEZ CARRION";"MARCABAL";"GOBIERNO REGIONAL";"I-1";"00013827";"NARANJOPAMPA";"NE_0001";"";"NE_0001";"NE_0001";"NE_0001";"NE_0001";"NE_0001";"NE_0001";"NE_0001"
"2023";"05";"130905";"LA LIBERTAD";"SANCHEZ CARRION";"MARCABAL";"GOBIERNO REGIONAL";"I-2";"00013550";"SHITA";"NE_0001";"";"NE_0001";"NE_0001";"NE_0001";"NE_0001";"NE_0001";"NE_0001";"NE_0001"
"2023";"05";"130905";"LA LIBERTAD";"SANCHEZ CARRION";"MARCABAL";"GOBIERNO REGIONAL";"I-2";"00013825";"CHAQUILBAMBA";"NE_0001";"";"NE_0001";"NE_0001";"NE_0001";"NE_0001";"NE_0001";"NE_0001";"NE_0001"
"2023";"05";"130905";"LA LIBERTAD";"SANCHEZ CARRION";"MARCABAL";"GOBIERNO REGIONAL";"I-2";"00005358";"MARCABALITO";"NE_0001";"";"NE_0001";"NE_0001";"NE_0001";"NE_0001";"NE_0001";"NE_0001";"NE_0001"
"2023";"05";"130905";"LA LIBERTAD";"SANCHEZ CARRION";"MARCABAL";"GOBIERNO REGIONAL";"I-2";"00013794";"LLUCHUBAMBA";"NE_0001";"";"NE_0001";"NE_0001";"NE_0001";"NE_0001";"NE_0001";"NE_0001";"NE_0001"
"2023";"05";"220502";"SAN MARTIN";"LAMAS";"ALONSO DE ALVARADO";"GOBIERNO REGIONAL";"I-1";"00007297";"ALAN GARCIA";"NE_0001";"";"NE_0001";"NE_0001";"NE_0001";"NE_0001";"NE_0001";"NE_0001";"NE_0001"
"2023";"05";"150122";"LIMA";"LIMA";"MIRAFLORES";"PRIVADO";"II-E";"00019748";"CLINICA HIGUERETA";"240000";"HOSPITALIZACIÓN";"97";"97";"460";"363";"17";"527";"0"
"2023";"05";"120114";"JUNIN";"HUANCAYO";"EL TAMBO";"PRIVADO";"II-E";"00010250";"CLINICA OFTALMOLOGICA DEL CENTRO DEL PERU";"NE_0002";"";"NE_0002";"NE_0002";"NE_0002";"NE_0002";"NE_0002";"NE_0002";"NE_0002"
"2023";"05";"030201";"APURIMAC";"ANDAHUAYLAS";"ANDAHUAYLAS";"ESSALUD";"II-1";"00011214";"HOSPITAL I SANTA MARGARITA";"241800";"HOSPITALIZACIÓN DE MEDICINA MEDICINA GENERAL ";"16";"15";"95";"80";"6";"125";"0"
"2023";"05";"030201";"APURIMAC";"ANDAHUAYLAS";"ANDAHUAYLAS";"ESSALUD";"II-1";"00011214";"HOSPITAL I SANTA MARGARITA";"240100";"HOSPITALIZACIÓN QUIRÚRGICA CIRUGÍA GENERAL ";"38";"32";"202";"185";"4";"185";"0"
"2023";"05";"030201";"APURIMAC";"ANDAHUAYLAS";"ANDAHUAYLAS";"ESSALUD";"II-1";"00011214";"HOSPITAL I SANTA MARGARITA";"241400";"HOSPITALIZACIÓN QUIRÚRGICA GINECO - OBSTETRICIA ";"7";"2";"15";"15";"1";"31";"0"
"2023";"05";"030201";"APURIMAC";"ANDAHUAYLAS";"ANDAHUAYLAS";"ESSALUD";"II-1";"00011214";"HOSPITAL I SANTA MARGARITA";"241600";"HOSPITALIZACIÓN QUIRÚRGICA OBSTETRICIA   ";"36";"37";"94";"81";"3";"93";"0"
"2023";"05";"030201";"APURIMAC";"ANDAHUAYLAS";"ANDAHUAYLAS";"ESSALUD";"II-1";"00011214";"HOSPITAL I SANTA MARGARITA";"242300";"HOSPITALIZACIÓN DE PEDIATRÍA  PEDIATRÍA  GENERAL ";"12";"10";"44";"44";"2";"62";"0"
"2023";"05";"140101";"LAMBAYEQUE";"CHICLAYO";"CHICLAYO";"PRIVADO";"II-E";"00008151";"CLÍNICA METROPOLITANA";"240000";"HOSPITALIZACIÓN";"239";"242";"197";"466";"24";"720";"2"
"2023";"05";"080907";"CUSCO";"LA CONVENCION";"KIMBIRI";"GOBIERNO REGIONAL";"II-E";"00002469";"SAN JUAN DE KIMBIRI-VRAEM";"240100";"HOSPITALIZACIÓN QUIRÚRGICA CIRUGÍA GENERAL ";"25";"27";"105";"87";"13";"248";"0"
"2023";"05";"080907";"CUSCO";"LA CONVENCION";"KIMBIRI";"GOBIERNO REGIONAL";"II-E";"00002469";"SAN JUAN DE KIMBIRI-VRAEM";"241400";"HOSPITALIZACIÓN QUIRÚRGICA GINECO - OBSTETRICIA ";"110";"112";"243";"237";"10";"323";"0"
"2023";"05";"080907";"CUSCO";"LA CONVENCION";"KIMBIRI";"GOBIERNO REGIONAL";"II-E";"00002469";"SAN JUAN DE KIMBIRI-VRAEM";"241800";"HOSPITALIZACIÓN DE MEDICINA MEDICINA GENERAL ";"24";"21";"115";"111";"5";"160";"1"
"2023";"05";"080907";"CUSCO";"LA CONVENCION";"KIMBIRI";"GOBIERNO REGIONAL";"II-E";"00002469";"SAN JUAN DE KIMBIRI-VRAEM";"242500";"HOSPITALIZACIÓN-PEDIATRÍA GENERAL-";"61";"63";"226";"214";"15";"465";"1"
"2023";"05";"220909";"SAN MARTIN";"SAN MARTIN";"LA BANDA DE SHILCAYO";"GOBIERNO REGIONAL";"I-1";"00006365";"PUESTO DE SALUD BELLO HORIZONTE";"NE_0001";"";"NE_0001";"NE_0001";"NE_0001";"NE_0001";"NE_0001";"NE_0001";"NE_0001"
"2023";"05";"220909";"SAN MARTIN";"SAN MARTIN";"LA BANDA DE SHILCAYO";"GOBIERNO REGIONAL";"I-1";"00006367";"LA UNION (SANIRARCA)";"NE_0001";"";"NE_0001";"NE_0001";"NE_0001";"NE_0001";"NE_0001";"NE_0001";"NE_0001"
"2023";"05";"050104";"AYACUCHO";"HUAMANGA";"CARMEN ALTO";"SANIDAD DE LA POLICIA NACIONAL DEL PERU";"I-2";"00027415";"POSTA MEDICA POLICIAL EESTP PNP AYACUCHO";"NE_0001";"";"NE_0001";"NE_0001";"NE_0001";"NE_0001";"NE_0001";"NE_0001";"NE_0001"
"2023";"05";"040514";"AREQUIPA";"CAYLLOMA";"SAN ANTONIO DE CHUCA";"GOBIERNO REGIONAL";"I-2";"00001242";"PUESTO DE SALUD IMATA";"NE_0002";"";"NE_0002";"NE_0002";"NE_0002";"NE_0002";"NE_0002";"NE_0002";"NE_0002"
"2023";"05";"040128";"AREQUIPA";"AREQUIPA";"YURA";"GOBIERNO REGIONAL";"I-3";"00001253";"CENTRO DE SALUD CIUDAD DE DIOS";"NE_0002";"";"NE_0002";"NE_0002";"NE_0002";"NE_0002";"NE_0002";"NE_0002";"NE_0002"
"2023";"05";"040511";"AREQUIPA";"CAYLLOMA";"LLUTA";"GOBIERNO REGIONAL";"I-2";"00001255";"PUESTO DE SALUD LLUTA";"NE_0002";"";"NE_0002";"NE_0002";"NE_0002";"NE_0002";"NE_0002";"NE_0002";"NE_0002"
"2023";"05";"040511";"AREQUIPA";"CAYLLOMA";"LLUTA";"GOBIERNO REGIONAL";"I-2";"00001256";"PUESTO DE SALUD TAYA";"NE_0002";"";"NE_0002";"NE_0002";"NE_0002";"NE_0002";"NE_0002";"NE_0002";"NE_0002"
"2023";"05";"040126";"AREQUIPA";"AREQUIPA";"YANAHUARA";"GOBIERNO REGIONAL";"I-1";"00001241";"PUESTO DE SALUD SUMBAY - CHASQUIPAMPA";"NE_0002";"";"NE_0002";"NE_0002";"NE_0002";"NE_0002";"NE_0002";"NE_0002";"NE_0002"
"2023";"05";"040514";"AREQUIPA";"CAYLLOMA";"SAN ANTONIO DE CHUCA";"GOBIERNO REGIONAL";"I-1";"00001243";"PUESTO DE SALUD PILLONES";"NE_0002";"";"NE_0002";"NE_0002";"NE_0002";"NE_0002";"NE_0002";"NE_0002";"NE_0002"
"2023";"05";"040128";"AREQUIPA";"AREQUIPA";"YURA";"GOBIERNO REGIONAL";"I-2";"00001254";"PUESTO DE SALUD YURA";"NE_0002";"";"NE_0002";"NE_0002";"NE_0002";"NE_0002";"NE_0002";"NE_0002";"NE_0002"
"2023";"05";"040508";"AREQUIPA";"CAYLLOMA";"HUANCA";"GOBIERNO REGIONAL";"I-2";"00001239";"PUESTO DE SALUD HUANCA";"NE_0002";"";"NE_0002";"NE_0002";"NE_0002";"NE_0002";"NE_0002";"NE_0002";"NE_0002"
"2023";"05";"150113";"LIMA";"LIMA";"JESUS MARIA";"PRIVADO";"II-E";"00026793";"CLINICA BELLAFORMA";"NE_0001";"";"NE_0001";"NE_0001";"NE_0001";"NE_0001";"NE_0001";"NE_0001";"NE_0001"
"2023";"05";"210601";"PUNO";"HUANCANE";"HUANCANE";"GOBIERNO REGIONAL";"II-1";"00003068";"HOSPITAL LUCIO ALDAZABAL PAUCA";"240100";"HOSPITALIZACIÓN QUIRÚRGICA CIRUGÍA GENERAL ";"23";"23";"78";"78";"4";"124";"0"
"2023";"05";"210601";"PUNO";"HUANCANE";"HUANCANE";"GOBIERNO REGIONAL";"II-1";"00003068";"HOSPITAL LUCIO ALDAZABAL PAUCA";"241500";"HOSPITALIZACIÓN QUIRÚRGICA GINECOLOGÍA  ";"28";"28";"76";"76";"4";"124";"0"
"2023";"05";"210601";"PUNO";"HUANCANE";"HUANCANE";"GOBIERNO REGIONAL";"II-1";"00003068";"HOSPITAL LUCIO ALDAZABAL PAUCA";"241600";"HOSPITALIZACIÓN QUIRÚRGICA OBSTETRICIA   ";"18";"18";"48";"48";"5";"155";"0"
"2023";"05";"210601";"PUNO";"HUANCANE";"HUANCANE";"GOBIERNO REGIONAL";"II-1";"00003068";"HOSPITAL LUCIO ALDAZABAL PAUCA";"241800";"HOSPITALIZACIÓN DE MEDICINA MEDICINA GENERAL ";"24";"24";"11";"22";"10";"310";"2"
"2023";"05";"210601";"PUNO";"HUANCANE";"HUANCANE";"GOBIERNO REGIONAL";"II-1";"00003068";"HOSPITAL LUCIO ALDAZABAL PAUCA";"242500";"HOSPITALIZACIÓN-PEDIATRÍA GENERAL-";"7";"7";"18";"18";"3";"93";"0"
"2023";"05";"210601";"PUNO";"HUANCANE";"HUANCANE";"GOBIERNO REGIONAL";"II-1";"00003068";"HOSPITAL LUCIO ALDAZABAL PAUCA";"241200";"HOSPITALIZACIÓN QUIRÚRGICA TRAUMATOLOGÍA Y ORTOPEDIA ";"3";"3";"5";"5";"3";"93";"0"
"2023";"05";"120608";"JUNIN";"SATIPO";"RIO TAMBO";"GOBIERNO REGIONAL";"I-1";"00000459";"CUSHIRENI";"NE_0001";"";"NE_0001";"NE_0001";"NE_0001";"NE_0001";"NE_0001";"NE_0001";"NE_0001"
"2023";"05";"120608";"JUNIN";"SATIPO";"RIO TAMBO";"GOBIERNO REGIONAL";"I-1";"00000466";"SANTA ROSITA DE SHIRINTIARI";"NE_0001";"";"NE_0001";"NE_0001";"NE_0001";"NE_0001";"NE_0001";"NE_0001";"NE_0001"
"2023";"05";"120606";"JUNIN";"SATIPO";"PANGOA";"GOBIERNO REGIONAL";"I-1";"00006879";"UNION PUERTO ASHANINKA";"NE_0001";"";"NE_0001";"NE_0001";"NE_0001";"NE_0001";"NE_0001";"NE_0001";"NE_0001"
"2023";"05";"120608";"JUNIN";"SATIPO";"RIO TAMBO";"GOBIERNO REGIONAL";"I-2";"00000474";"QUITENI";"NE_0001";"";"NE_0001";"NE_0001";"NE_0001";"NE_0001";"NE_0001";"NE_0001";"NE_0001"
"2023";"05";"120608";"JUNIN";"SATIPO";"RIO TAMBO";"GOBIERNO REGIONAL";"I-1";"00000461";"SHEVOJA";"NE_0001";"";"NE_0001";"NE_0001";"NE_0001";"NE_0001";"NE_0001";"NE_0001";"NE_0001"
"2023";"05";"120608";"JUNIN";"SATIPO";"RIO TAMBO";"GOBIERNO REGIONAL";"I-2";"00000463";"BOCA CHEMBO";"NE_0001";"";"NE_0001";"NE_0001";"NE_0001";"NE_0001";"NE_0001";"NE_0001";"NE_0001"
"2023";"05";"120608";"JUNIN";"SATIPO";"RIO TAMBO";"GOBIERNO REGIONAL";"I-3";"00000462";"POYENI";"NE_0001";"";"NE_0001";"NE_0001";"NE_0001";"NE_0001";"NE_0001";"NE_0001";"NE_0001"
"2023";"05";"120608";"JUNIN";"SATIPO";"RIO TAMBO";"GOBIERNO REGIONAL";"I-2";"00000465";"CAPITIRI";"NE_0001";"";"NE_0001";"NE_0001";"NE_0001";"NE_0001";"NE_0001";"NE_0001";"NE_0001"
"2023";"05";"120608";"JUNIN";"SATIPO";"RIO TAMBO";"GOBIERNO REGIONAL";"I-2";"00000467";"SHIMA";"NE_0001";"";"NE_0001";"NE_0001";"NE_0001";"NE_0001";"NE_0001";"NE_0001";"NE_0001"
"2023";"05";"120608";"JUNIN";"SATIPO";"RIO TAMBO";"GOBIERNO REGIONAL";"I-3";"00000473";"SAN VICENTE DE CANAAN";"NE_0001";"";"NE_0001";"NE_0001";"NE_0001";"NE_0001";"NE_0001";"NE_0001";"NE_0001"
"2023";"05";"120303";"JUNIN";"CHANCHAMAYO";"PICHANAQUI";"GOBIERNO REGIONAL";"I-3";"00000343";"CENTRO CUYANI";"NE_0001";"";"NE_0001";"NE_0001";"NE_0001";"NE_0001";"NE_0001";"NE_0001";"NE_0001"
"2023";"05";"120303";"JUNIN";"CHANCHAMAYO";"PICHANAQUI";"GOBIERNO REGIONAL";"I-2";"00000350";"VALLE HERMOSO";"NE_0001";"";"NE_0001";"NE_0001";"NE_0001";"NE_0001";"NE_0001";"NE_0001";"NE_0001"
"2023";"05";"120303";"JUNIN";"CHANCHAMAYO";"PICHANAQUI";"GOBIERNO REGIONAL";"I-2";"00000347";"CONDADO PICHIKIARI";"NE_0001";"";"NE_0001";"NE_0001";"NE_0001";"NE_0001";"NE_0001";"NE_0001";"NE_0001"
"2023";"05";"120303";"JUNIN";"CHANCHAMAYO";"PICHANAQUI";"GOBIERNO REGIONAL";"I-1";"00000353";"ANDRES AVELINO CACERES";"NE_0001";"";"NE_0001";"NE_0001";"NE_0001";"NE_0001";"NE_0001";"NE_0001";"NE_0001"
"2023";"05";"120303";"JUNIN";"CHANCHAMAYO";"PICHANAQUI";"GOBIERNO REGIONAL";"I-1";"00006712";"BARINETTI REAL";"NE_0001";"";"NE_0001";"NE_0001";"NE_0001";"NE_0001";"NE_0001";"NE_0001";"NE_0001"
"2023";"05";"150101";"LIMA";"LIMA";"LIMA";"MINSA";"III-2";"00006217";"INO DR. FRANCISCO CONTRERAS C.";"240600";"HOSPITALIZACIÓN QUIRÚRGICA CIRUGÍA OFTALMOLÓGICA ";"9";"6";"19";"6";"7";"217";"0"
"2023";"05";"120706";"JUNIN";"TARMA";"PALCA";"GOBIERNO REGIONAL";"I-1";"00000571";"CARPAPATA";"NE_0001";"";"NE_0001";"NE_0001";"NE_0001";"NE_0001";"NE_0001";"NE_0001";"NE_0001"
"2023";"05";"070106";"CALLAO";"CALLAO";"VENTANILLA";"GOBIERNO REGIONAL";"I-2";"00032158";"CENTRO DE SALUD MENTAL COMUNITARIO VENTANILLA NORTE";"NE_0001";"";"NE_0001";"NE_0001";"NE_0001";"NE_0001";"NE_0001";"NE_0001";"NE_0001"
"2023";"05";"070107";"CALLAO";"CALLAO";"MI PERU";"GOBIERNO REGIONAL";"I-2";"00029381";"CENTRO DE SALUD MENTAL COMUNITARIO MI PERU";"NE_0001";"";"NE_0001";"NE_0001";"NE_0001";"NE_0001";"NE_0001";"NE_0001";"NE_0001"
"2023";"05";"070107";"CALLAO";"CALLAO";"MI PERU";"GOBIERNO REGIONAL";"I-4";"00006260";"CENTRO DE SALUD  MI PERU";"241800";"HOSPITALIZACIÓN DE MEDICINA MEDICINA GENERAL ";"18";"18";"18";"540";"6";"180";"0"
"2023";"05";"070106";"CALLAO";"CALLAO";"VENTANILLA";"GOBIERNO REGIONAL";"I-2";"00006261";"PUESTO DE SALUD LUIS FELIPE DE LAS CASAS";"NE_0001";"";"NE_0001";"NE_0001";"NE_0001";"NE_0001";"NE_0001";"NE_0001";"NE_0001"
"2023";"05";"221001";"SAN MARTIN";"TOCACHE";"TOCACHE";"GOBIERNO REGIONAL";"II-1";"00006580";"HOSPITAL II-1 ""DR. JOSE PEÑA PORTUGUEZ "" - TOCACHE";"240100";"HOSPITALIZACIÓN QUIRÚRGICA CIRUGÍA GENERAL ";"44";"55";"208";"208";"10";"310";"0"
"2023";"05";"221001";"SAN MARTIN";"TOCACHE";"TOCACHE";"GOBIERNO REGIONAL";"II-1";"00006580";"HOSPITAL II-1 ""DR. JOSE PEÑA PORTUGUEZ "" - TOCACHE";"241400";"HOSPITALIZACIÓN QUIRÚRGICA GINECO - OBSTETRICIA ";"64";"68";"165";"165";"7";"217";"0"
"2023";"05";"221001";"SAN MARTIN";"TOCACHE";"TOCACHE";"GOBIERNO REGIONAL";"II-1";"00006580";"HOSPITAL II-1 ""DR. JOSE PEÑA PORTUGUEZ "" - TOCACHE";"241600";"HOSPITALIZACIÓN QUIRÚRGICA OBSTETRICIA   ";"60";"64";"103";"103";"11";"341";"0"
"2023";"05";"221001";"SAN MARTIN";"TOCACHE";"TOCACHE";"GOBIERNO REGIONAL";"II-1";"00006580";"HOSPITAL II-1 ""DR. JOSE PEÑA PORTUGUEZ "" - TOCACHE";"241800";"HOSPITALIZACIÓN DE MEDICINA MEDICINA GENERAL ";"41";"47";"297";"297";"12";"372";"4"
"2023";"05";"221001";"SAN MARTIN";"TOCACHE";"TOCACHE";"GOBIERNO REGIONAL";"II-1";"00006580";"HOSPITAL II-1 ""DR. JOSE PEÑA PORTUGUEZ "" - TOCACHE";"242500";"HOSPITALIZACIÓN-PEDIATRÍA GENERAL-";"15";"16";"71";"71";"5";"155";"0"
"2023";"05";"221001";"SAN MARTIN";"TOCACHE";"TOCACHE";"GOBIERNO REGIONAL";"II-1";"00006580";"HOSPITAL II-1 ""DR. JOSE PEÑA PORTUGUEZ "" - TOCACHE";"243200";"HOSPITALIZACIÓN DE PEDIATRÍA PEDIATRIA NEONATOLOGÍA";"28";"28";"54";"54";"15";"465";"1"
"2023";"05";"200401";"PIURA";"MORROPON";"CHULUCANAS";"GOBIERNO REGIONAL";"II-1";"00002161";"E.S  II-1  HOSPITAL  CHULUCANAS";"240100";"HOSPITALIZACIÓN QUIRÚRGICA CIRUGÍA GENERAL ";"20";"23";"128";"116";"13";"403";"0"
"2023";"05";"200401";"PIURA";"MORROPON";"CHULUCANAS";"GOBIERNO REGIONAL";"II-1";"00002161";"E.S  II-1  HOSPITAL  CHULUCANAS";"241400";"HOSPITALIZACIÓN QUIRÚRGICA GINECO - OBSTETRICIA ";"194";"214";"525";"515";"22";"682";"0"
"2023";"05";"200401";"PIURA";"MORROPON";"CHULUCANAS";"GOBIERNO REGIONAL";"II-1";"00002161";"E.S  II-1  HOSPITAL  CHULUCANAS";"241800";"HOSPITALIZACIÓN DE MEDICINA MEDICINA GENERAL ";"23";"35";"285";"224";"10";"310";"2"
"2023";"05";"200401";"PIURA";"MORROPON";"CHULUCANAS";"GOBIERNO REGIONAL";"II-1";"00002161";"E.S  II-1  HOSPITAL  CHULUCANAS";"242500";"HOSPITALIZACIÓN-PEDIATRÍA GENERAL-";"20";"23";"123";"136";"5";"155";"1"
"2023";"05";"200401";"PIURA";"MORROPON";"CHULUCANAS";"GOBIERNO REGIONAL";"II-1";"00002161";"E.S  II-1  HOSPITAL  CHULUCANAS";"243200";"HOSPITALIZACIÓN DE PEDIATRÍA PEDIATRIA NEONATOLOGÍA";"15";"17";"113";"197";"8";"224";"0"
"2023";"04";"140101";"LAMBAYEQUE";"CHICLAYO";"CHICLAYO";"GOBIERNO REGIONAL";"III-1";"00011470";"HOSPITAL REGIONAL LAMBAYEQUE";"240000";"HOSPITALIZACIÓN";"555";"471";"1851";"2631";"102";"3060";"14"
"2023";"04";"140101";"LAMBAYEQUE";"CHICLAYO";"CHICLAYO";"GOBIERNO REGIONAL";"III-1";"00011470";"HOSPITAL REGIONAL LAMBAYEQUE";"242300";"HOSPITALIZACIÓN DE PEDIATRÍA  PEDIATRÍA  GENERAL ";"123";"111";"622";"656";"32";"960";"3"
"2023";"04";"140101";"LAMBAYEQUE";"CHICLAYO";"CHICLAYO";"GOBIERNO REGIONAL";"III-1";"00011470";"HOSPITAL REGIONAL LAMBAYEQUE";"243200";"HOSPITALIZACIÓN DE PEDIATRÍA PEDIATRIA NEONATOLOGÍA";"54";"17";"178";"470";"16";"480";"0"
"2023";"04";"140101";"LAMBAYEQUE";"CHICLAYO";"CHICLAYO";"GOBIERNO REGIONAL";"III-1";"00011470";"HOSPITAL REGIONAL LAMBAYEQUE";"250100";"UNIDAD DE CUIDADOS CRITICOS UNIDAD  DE CUIDADOS INTENSIVOS GENERALES (UCI) ";"16";"3";"77";"238";"8";"240";"3"
"2023";"04";"140101";"LAMBAYEQUE";"CHICLAYO";"CHICLAYO";"GOBIERNO REGIONAL";"III-1";"00011470";"HOSPITAL REGIONAL LAMBAYEQUE";"250200";"UNIDAD DE CUIDADOS CRITICOS UNIDAD DE CUIDADOS INTERMEDIOS GENERAL  (UCIN) ";"17";"2";"17";"292";"12";"360";"2"
"2023";"04";"140101";"LAMBAYEQUE";"CHICLAYO";"CHICLAYO";"GOBIERNO REGIONAL";"III-1";"00011470";"HOSPITAL REGIONAL LAMBAYEQUE";"250105";"UNIDAD DE CUIDADOS CRITICOS UNIDAD  DE CUIDADOS INTENSIVOS  (UCI) NEONATOLOGÍA";"7";"1";"17";"180";"7";"210";"0"
"2023";"04";"140101";"LAMBAYEQUE";"CHICLAYO";"CHICLAYO";"GOBIERNO REGIONAL";"III-1";"00011470";"HOSPITAL REGIONAL LAMBAYEQUE";"250108";"UNIDAD DE CUIDADOS CRITICOS UNIDAD  DE CUIDADOS INTENSIVOS  (UCI) PEDIÁTRICA";"10";"4";"18";"108";"4";"120";"2"
"2023";"04";"140101";"LAMBAYEQUE";"CHICLAYO";"CHICLAYO";"PRIVADO";"II-E";"00026707";"CLÍNICA OFTALMOLÓGICA VIDAVAS SAC";"NE_0001";"";"NE_0001";"NE_0001";"NE_0001";"NE_0001";"NE_0001";"NE_0001";"NE_0001"
"2023";"04";"220401";"SAN MARTIN";"HUALLAGA";"SAPOSOA";"ESSALUD";"I-2";"00031567";"POSTA MEDICA DE SAPOSOA - ESSALUD";"NE_0001";"";"NE_0001";"NE_0001";"NE_0001";"NE_0001";"NE_0001";"NE_0001";"NE_0001"
"2023";"04";"150204";"LIMA";"BARRANCA";"SUPE";"GOBIERNO REGIONAL";"II-1";"00007636";"HOSPITAL DE SUPE LAURA ESTHER RODRIGUEZ DULANTO";"240100";"HOSPITALIZACIÓN QUIRÚRGICA CIRUGÍA GENERAL ";"15";"19";"55";"54";"6";"180";"0"
"2023";"04";"150204";"LIMA";"BARRANCA";"SUPE";"GOBIERNO REGIONAL";"II-1";"00007636";"HOSPITAL DE SUPE LAURA ESTHER RODRIGUEZ DULANTO";"241500";"HOSPITALIZACIÓN QUIRÚRGICA GINECOLOGÍA  ";"26";"27";"65";"17";"3";"90";"0"
"2023";"04";"150204";"LIMA";"BARRANCA";"SUPE";"GOBIERNO REGIONAL";"II-1";"00007636";"HOSPITAL DE SUPE LAURA ESTHER RODRIGUEZ DULANTO";"241600";"HOSPITALIZACIÓN QUIRÚRGICA OBSTETRICIA   ";"47";"50";"103";"151";"12";"360";"0"
"2023";"04";"150204";"LIMA";"BARRANCA";"SUPE";"GOBIERNO REGIONAL";"II-1";"00007636";"HOSPITAL DE SUPE LAURA ESTHER RODRIGUEZ DULANTO";"241800";"HOSPITALIZACIÓN DE MEDICINA MEDICINA GENERAL ";"20";"25";"125";"141";"8";"240";"0"
"2023";"04";"150204";"LIMA";"BARRANCA";"SUPE";"GOBIERNO REGIONAL";"II-1";"00007636";"HOSPITAL DE SUPE LAURA ESTHER RODRIGUEZ DULANTO";"242200";"HOSPITALIZACIÓN DE MEDICINA PSIQUIATRÍA ";"1";"5";"107";"112";"8";"240";"0"
"2023";"04";"150204";"LIMA";"BARRANCA";"SUPE";"GOBIERNO REGIONAL";"II-1";"00007636";"HOSPITAL DE SUPE LAURA ESTHER RODRIGUEZ DULANTO";"242500";"HOSPITALIZACIÓN-PEDIATRÍA GENERAL-";"15";"17";"48";"52";"8";"240";"0"
"2023";"04";"150204";"LIMA";"BARRANCA";"SUPE";"GOBIERNO REGIONAL";"II-1";"00007636";"HOSPITAL DE SUPE LAURA ESTHER RODRIGUEZ DULANTO";"243200";"HOSPITALIZACIÓN DE PEDIATRÍA PEDIATRIA NEONATOLOGÍA";"21";"22";"32";"22";"5";"150";"0"
"2023";"04";"220913";"SAN MARTIN";"SAN MARTIN";"SAUCE";"GOBIERNO REGIONAL";"I-3";"00006380";"SAUCE";"241400";"HOSPITALIZACIÓN QUIRÚRGICA GINECO - OBSTETRICIA ";"4";"4";"4";"4";"2";"60";"0"
"2023";"04";"060101";"CAJAMARCA";"CAJAMARCA";"CAJAMARCA";"GOBIERNO REGIONAL";"II-2";"00007686";"HOSPITAL REGIONAL DOCENTE CAJAMARCA";"240100";"HOSPITALIZACIÓN QUIRÚRGICA CIRUGÍA GENERAL ";"236";"232";"1443";"1621";"72";"2160";"2"
"2023";"04";"060101";"CAJAMARCA";"CAJAMARCA";"CAJAMARCA";"GOBIERNO REGIONAL";"II-2";"00007686";"HOSPITAL REGIONAL DOCENTE CAJAMARCA";"241400";"HOSPITALIZACIÓN QUIRÚRGICA GINECO - OBSTETRICIA ";"282";"300";"801";"647";"35";"1050";"0"
"2023";"04";"060101";"CAJAMARCA";"CAJAMARCA";"CAJAMARCA";"GOBIERNO REGIONAL";"II-2";"00007686";"HOSPITAL REGIONAL DOCENTE CAJAMARCA";"241800";"HOSPITALIZACIÓN DE MEDICINA MEDICINA GENERAL ";"143";"141";"887";"938";"32";"960";"9"
"2023";"04";"060101";"CAJAMARCA";"CAJAMARCA";"CAJAMARCA";"GOBIERNO REGIONAL";"II-2";"00007686";"HOSPITAL REGIONAL DOCENTE CAJAMARCA";"243200";"HOSPITALIZACIÓN DE PEDIATRÍA PEDIATRIA NEONATOLOGÍA";"85";"91";"935";"858";"35";"1050";"1"
"2023";"04";"060101";"CAJAMARCA";"CAJAMARCA";"CAJAMARCA";"GOBIERNO REGIONAL";"II-2";"00007686";"HOSPITAL REGIONAL DOCENTE CAJAMARCA";"242500";"HOSPITALIZACIÓN-PEDIATRÍA GENERAL-";"73";"70";"462";"451";"17";"510";"1"
"2023";"04";"060101";"CAJAMARCA";"CAJAMARCA";"CAJAMARCA";"GOBIERNO REGIONAL";"II-2";"00007686";"HOSPITAL REGIONAL DOCENTE CAJAMARCA";"250103";"UNIDAD DE CUIDADOS CRITICOS UNIDAD  DE CUIDADOS INTENSIVOS GENERALES  (UCI) MEDICINA";"39";"31";"338";"359";"13";"390";"9"
"2023";"04";"060101";"CAJAMARCA";"CAJAMARCA";"CAJAMARCA";"GOBIERNO REGIONAL";"II-2";"00007686";"HOSPITAL REGIONAL DOCENTE CAJAMARCA";"250200";"UNIDAD DE CUIDADOS CRITICOS UNIDAD DE CUIDADOS INTERMEDIOS GENERAL  (UCIN) ";"24";"20";"139";"175";"6";"180";"4"
"2023";"04";"060101";"CAJAMARCA";"CAJAMARCA";"CAJAMARCA";"GOBIERNO REGIONAL";"II-2";"00007686";"HOSPITAL REGIONAL DOCENTE CAJAMARCA";"250105";"UNIDAD DE CUIDADOS CRITICOS UNIDAD  DE CUIDADOS INTENSIVOS  (UCI) NEONATOLOGÍA";"58";"56";"378";"392";"15";"450";"1"
"2023";"04";"060101";"CAJAMARCA";"CAJAMARCA";"CAJAMARCA";"GOBIERNO REGIONAL";"II-2";"00007686";"HOSPITAL REGIONAL DOCENTE CAJAMARCA";"242200";"HOSPITALIZACIÓN DE MEDICINA PSIQUIATRÍA ";"6";"7";"144";"128";"6";"180";"0"
"2023";"05";"080706";"CUSCO";"CHUMBIVILCAS";"LLUSCO";"GOBIERNO REGIONAL";"I-2";"00006747";"LUTTO";"NE_0001";"";"NE_0001";"NE_0001";"NE_0001";"NE_0001";"NE_0001";"NE_0001";"NE_0001"
"2023";"05";"100101";"HUANUCO";"HUANUCO";"HUANUCO";"PRIVADO";"II-E";"00011592";"CLINICA HUANUCO E-I-R-LTDA.";"241400";"HOSPITALIZACIÓN QUIRÚRGICA GINECO - OBSTETRICIA ";"10";"10";"27";"27";"3";"63";"0"
"2023";"05";"100101";"HUANUCO";"HUANUCO";"HUANUCO";"PRIVADO";"II-E";"00011592";"CLINICA HUANUCO E-I-R-LTDA.";"241200";"HOSPITALIZACIÓN QUIRÚRGICA TRAUMATOLOGÍA Y ORTOPEDIA ";"18";"18";"43";"43";"3";"47";"0"
"2023";"05";"100101";"HUANUCO";"HUANUCO";"HUANUCO";"PRIVADO";"II-E";"00011592";"CLINICA HUANUCO E-I-R-LTDA.";"241300";"HOSPITALIZACIÓN QUIRÚRGICA UROLOGÍA  ";"19";"19";"63";"63";"5";"87";"0"
"2023";"05";"100101";"HUANUCO";"HUANUCO";"HUANUCO";"PRIVADO";"II-E";"00011592";"CLINICA HUANUCO E-I-R-LTDA.";"240100";"HOSPITALIZACIÓN QUIRÚRGICA CIRUGÍA GENERAL ";"23";"23";"50";"50";"4";"70";"0"
"2023";"05";"100101";"HUANUCO";"HUANUCO";"HUANUCO";"PRIVADO";"II-E";"00011592";"CLINICA HUANUCO E-I-R-LTDA.";"241900";"HOSPITALIZACIÓN DE MEDICINA MEDICINA INTERNA ";"11";"11";"29";"29";"2";"31";"0"
"2023";"05";"100101";"HUANUCO";"HUANUCO";"HUANUCO";"PRIVADO";"II-E";"00011592";"CLINICA HUANUCO E-I-R-LTDA.";"242300";"HOSPITALIZACIÓN DE PEDIATRÍA  PEDIATRÍA  GENERAL ";"4";"4";"12";"12";"1";"18";"0"
"2023";"05";"100101";"HUANUCO";"HUANUCO";"HUANUCO";"PRIVADO";"II-E";"00011592";"CLINICA HUANUCO E-I-R-LTDA.";"240700";"HOSPITALIZACIÓN QUIRÚRGICA CIRUGÍA PEDIÁTRICA ";"2";"2";"5";"5";"1";"25";"0"
"2023";"05";"100101";"HUANUCO";"HUANUCO";"HUANUCO";"PRIVADO";"II-E";"00011592";"CLINICA HUANUCO E-I-R-LTDA.";"241100";"HOSPITALIZACIÓN QUIRÚRGICA OTORRINOLARINGOLOGÍA  ";"2";"2";"2";"2";"1";"28";"0"
"2023";"05";"110305";"ICA";"NAZCA";"VISTA ALEGRE";"ESSALUD";"I-3";"00010429";"NASCA";"NE_0001";"";"NE_0001";"NE_0001";"NE_0001";"NE_0001";"NE_0001";"NE_0001";"NE_0001"
"2023";"04";"250302";"UCAYALI";"PADRE ABAD";"IRAZOLA";"GOBIERNO REGIONAL";"I-2";"00005412";"SINCHI ROCA";"NE_0001";"";"NE_0001";"NE_0001";"NE_0001";"NE_0001";"NE_0001";"NE_0001";"NE_0001"
"2023";"04";"250302";"UCAYALI";"PADRE ABAD";"IRAZOLA";"GOBIERNO REGIONAL";"I-2";"00005409";"SAN PEDRO DE CHIO";"NE_0001";"";"NE_0001";"NE_0001";"NE_0001";"NE_0001";"NE_0001";"NE_0001";"NE_0001"
"2023";"04";"250302";"UCAYALI";"PADRE ABAD";"IRAZOLA";"GOBIERNO REGIONAL";"I-2";"00005408";"SAN JUAN KM. 130";"NE_0001";"";"NE_0001";"NE_0001";"NE_0001";"NE_0001";"NE_0001";"NE_0001";"NE_0001"
"2023";"05";"060805";"CAJAMARCA";"JAEN";"HUABAL";"GOBIERNO REGIONAL";"I-1";"00004243";"LA ESPERANZA";"NE_0001";"";"NE_0001";"NE_0001";"NE_0001";"NE_0001";"NE_0001";"NE_0001";"NE_0001"
"2023";"05";"060805";"CAJAMARCA";"JAEN";"HUABAL";"GOBIERNO REGIONAL";"I-1";"00016136";"CAJONES";"NE_0001";"";"NE_0001";"NE_0001";"NE_0001";"NE_0001";"NE_0001";"NE_0001";"NE_0001"
"2023";"05";"150113";"LIMA";"LIMA";"JESUS MARIA";"PRIVADO";"II-1";"00010776";"TRAUMATOLOGIA Y ORTOPEDIA AYBAR & AS SAC";"240000";"HOSPITALIZACIÓN";"2";"2";"3";"3";"6";"186";"0"
"2023";"05";"150101";"LIMA";"LIMA";"LIMA";"ESSALUD";"II-2";"00008502";"HOSPITAL DE EMERGENCIAS GRAU";"241900";"HOSPITALIZACIÓN DE MEDICINA MEDICINA INTERNA ";"196";"190";"190";"1564";"54";"1674";"9"
"2023";"05";"150101";"LIMA";"LIMA";"LIMA";"ESSALUD";"II-2";"00008502";"HOSPITAL DE EMERGENCIAS GRAU";"242000";"HOSPITALIZACIÓN DE MEDICINA MEDICINA TROPICAL E INFECCIOSAS ";"49";"47";"47";"298";"12";"372";"4"
"2023";"05";"150101";"LIMA";"LIMA";"LIMA";"ESSALUD";"II-2";"00008502";"HOSPITAL DE EMERGENCIAS GRAU";"240100";"HOSPITALIZACIÓN QUIRÚRGICA CIRUGÍA GENERAL ";"282";"269";"269";"613";"25";"775";"0"
"2023";"05";"150101";"LIMA";"LIMA";"LIMA";"ESSALUD";"II-2";"00008502";"HOSPITAL DE EMERGENCIAS GRAU";"241200";"HOSPITALIZACIÓN QUIRÚRGICA TRAUMATOLOGÍA Y ORTOPEDIA ";"78";"72";"72";"312";"12";"372";"0"
"2023";"05";"150101";"LIMA";"LIMA";"LIMA";"ESSALUD";"II-2";"00008502";"HOSPITAL DE EMERGENCIAS GRAU";"241300";"HOSPITALIZACIÓN QUIRÚRGICA UROLOGÍA  ";"68";"63";"63";"215";"11";"341";"0"
"2023";"05";"150101";"LIMA";"LIMA";"LIMA";"ESSALUD";"II-2";"00008502";"HOSPITAL DE EMERGENCIAS GRAU";"241400";"HOSPITALIZACIÓN QUIRÚRGICA GINECO - OBSTETRICIA ";"403";"389";"389";"790";"31";"961";"0"
"2023";"05";"150101";"LIMA";"LIMA";"LIMA";"ESSALUD";"II-2";"00008502";"HOSPITAL DE EMERGENCIAS GRAU";"242500";"HOSPITALIZACIÓN-PEDIATRÍA GENERAL-";"95";"96";"96";"280";"11";"341";"0"
"2023";"05";"150101";"LIMA";"LIMA";"LIMA";"ESSALUD";"II-2";"00008502";"HOSPITAL DE EMERGENCIAS GRAU";"243200";"HOSPITALIZACIÓN DE PEDIATRÍA PEDIATRIA NEONATOLOGÍA";"198";"201";"201";"195";"10";"310";"0"
"2023";"05";"150101";"LIMA";"LIMA";"LIMA";"ESSALUD";"II-2";"00008502";"HOSPITAL DE EMERGENCIAS GRAU";"250200";"UNIDAD DE CUIDADOS CRITICOS UNIDAD DE CUIDADOS INTERMEDIOS GENERAL  (UCIN) ";"18";"1";"1";"135";"5";"155";"1"
"2023";"05";"150101";"LIMA";"LIMA";"LIMA";"ESSALUD";"II-2";"00008502";"HOSPITAL DE EMERGENCIAS GRAU";"250100";"UNIDAD DE CUIDADOS CRITICOS UNIDAD  DE CUIDADOS INTENSIVOS GENERALES (UCI) ";"26";"6";"6";"236";"8";"248";"6"
"2023";"05";"110304";"ICA";"NAZCA";"MARCONA";"ESSALUD";"I-4";"00013911";"MARIA REICHE NEUMAN";"241800";"HOSPITALIZACIÓN DE MEDICINA MEDICINA GENERAL ";"27";"29";"128";"99";"6";"186";"0"
"2023";"05";"110304";"ICA";"NAZCA";"MARCONA";"ESSALUD";"I-4";"00013911";"MARIA REICHE NEUMAN";"240100";"HOSPITALIZACIÓN QUIRÚRGICA CIRUGÍA GENERAL ";"7";"6";"31";"25";"1";"31";"0"
"2023";"05";"110304";"ICA";"NAZCA";"MARCONA";"ESSALUD";"I-4";"00013911";"MARIA REICHE NEUMAN";"241500";"HOSPITALIZACIÓN QUIRÚRGICA GINECOLOGÍA  ";"18";"18";"49";"31";"2";"62";"0"
"2023";"05";"110304";"ICA";"NAZCA";"MARCONA";"ESSALUD";"I-4";"00013911";"MARIA REICHE NEUMAN";"242300";"HOSPITALIZACIÓN DE PEDIATRÍA  PEDIATRÍA  GENERAL ";"14";"14";"48";"34";"2";"62";"0"
"2023";"05";"090301";"HUANCAVELICA";"ANGARAES";"LIRCAY";"GOBIERNO REGIONAL";"I-2";"00003945";"CARHUAPATA";"NE_0001";"";"NE_0001";"NE_0001";"NE_0001";"NE_0001";"NE_0001";"NE_0001";"NE_0001"
"2023";"05";"090301";"HUANCAVELICA";"ANGARAES";"LIRCAY";"GOBIERNO REGIONAL";"I-1";"00003946";"PIRCAPAHUANA";"NE_0001";"";"NE_0001";"NE_0001";"NE_0001";"NE_0001";"NE_0001";"NE_0001";"NE_0001"
"2023";"05";"090301";"HUANCAVELICA";"ANGARAES";"LIRCAY";"GOBIERNO REGIONAL";"I-2";"00003949";"CHAHUARMA";"NE_0001";"";"NE_0001";"NE_0001";"NE_0001";"NE_0001";"NE_0001";"NE_0001";"NE_0001"
"2023";"05";"090301";"HUANCAVELICA";"ANGARAES";"LIRCAY";"GOBIERNO REGIONAL";"I-1";"00003951";"TUCSIPAMPA";"NE_0001";"";"NE_0001";"NE_0001";"NE_0001";"NE_0001";"NE_0001";"NE_0001";"NE_0001"
"2023";"05";"090304";"HUANCAVELICA";"ANGARAES";"CCOCHACCASA";"GOBIERNO REGIONAL";"I-3";"00003955";"CCOCHACCASA";"NE_0002";"";"NE_0002";"NE_0002";"NE_0002";"NE_0002";"NE_0002";"NE_0002";"NE_0002"
"2023";"05";"090305";"HUANCAVELICA";"ANGARAES";"CHINCHO";"GOBIERNO REGIONAL";"I-1";"00003963";"CHINCHO";"NE_0001";"";"NE_0001";"NE_0001";"NE_0001";"NE_0001";"NE_0001";"NE_0001";"NE_0001"
"2023";"05";"090306";"HUANCAVELICA";"ANGARAES";"CONGALLA";"GOBIERNO REGIONAL";"I-1";"00011199";"CHAYNABAMBA";"NE_0001";"";"NE_0001";"NE_0001";"NE_0001";"NE_0001";"NE_0001";"NE_0001";"NE_0001"
"2023";"05";"090302";"HUANCAVELICA";"ANGARAES";"ANCHONGA";"GOBIERNO REGIONAL";"I-1";"00011454";"ALTO MARAYNIYOCC";"NE_0001";"";"NE_0001";"NE_0001";"NE_0001";"NE_0001";"NE_0001";"NE_0001";"NE_0001"
"2023";"05";"090301";"HUANCAVELICA";"ANGARAES";"LIRCAY";"GOBIERNO REGIONAL";"I-1";"00011205";"UNION PROGRESO PATAHUASI";"NE_0001";"";"NE_0001";"NE_0001";"NE_0001";"NE_0001";"NE_0001";"NE_0001";"NE_0001"
"2023";"05";"090302";"HUANCAVELICA";"ANGARAES";"ANCHONGA";"GOBIERNO REGIONAL";"I-1";"00028780";"LLANCAPUQUIO";"NE_0001";"";"NE_0001";"NE_0001";"NE_0001";"NE_0001";"NE_0001";"NE_0001";"NE_0001"
"2023";"05";"120906";"JUNIN";"CHUPACA";"SAN JUAN DE YSCOS";"GOBIERNO REGIONAL";"I-2";"00000656";"SAN JUAN DE ISCOS";"NE_0001";"";"NE_0001";"NE_0001";"NE_0001";"NE_0001";"NE_0001";"NE_0001";"NE_0001"
"2023";"05";"120908";"JUNIN";"CHUPACA";"TRES DE DICIEMBRE";"GOBIERNO REGIONAL";"I-2";"00000660";"TRES DE DICIEMBRE";"NE_0001";"";"NE_0001";"NE_0001";"NE_0001";"NE_0001";"NE_0001";"NE_0001";"NE_0001"
"2023";"05";"120902";"JUNIN";"CHUPACA";"AHUAC";"GOBIERNO REGIONAL";"I-2";"00000647";"AHUAC";"NE_0001";"";"NE_0001";"NE_0001";"NE_0001";"NE_0001";"NE_0001";"NE_0001";"NE_0001"
"2023";"05";"120903";"JUNIN";"CHUPACA";"CHONGOS BAJO";"GOBIERNO REGIONAL";"I-1";"00000650";"PUMPUNYA";"NE_0001";"";"NE_0001";"NE_0001";"NE_0001";"NE_0001";"NE_0001";"NE_0001";"NE_0001"
"2023";"05";"120901";"JUNIN";"CHUPACA";"CHUPACA";"GOBIERNO REGIONAL";"I-4";"00000646";"PEDRO SANCHEZ MEZA";"NE_0001";"";"NE_0001";"NE_0001";"NE_0001";"NE_0001";"NE_0001";"NE_0001";"NE_0001"
"2023";"05";"120902";"JUNIN";"CHUPACA";"AHUAC";"GOBIERNO REGIONAL";"I-1";"00000648";"HUARISCA";"NE_0001";"";"NE_0001";"NE_0001";"NE_0001";"NE_0001";"NE_0001";"NE_0001";"NE_0001"
"2023";"05";"120903";"JUNIN";"CHUPACA";"CHONGOS BAJO";"GOBIERNO REGIONAL";"I-3";"00000649";"CHONGOS BAJO";"NE_0001";"";"NE_0001";"NE_0001";"NE_0001";"NE_0001";"NE_0001";"NE_0001";"NE_0001"
"2023";"05";"060101";"CAJAMARCA";"CAJAMARCA";"CAJAMARCA";"PRIVADO";"0";"00018126";"LABORATORIO LLONTOP S.R.L.";"NE_0001";"";"NE_0001";"NE_0001";"NE_0001";"NE_0001";"NE_0001";"NE_0001";"NE_0001"
"2023";"05";"080105";"CUSCO";"CUSCO";"SAN SEBASTIAN";"GOBIERNO REGIONAL";"II-E";"00025210";"TUPAC AMARU";"245400";"HOSPITALIZACIÓN DE MEDICINA GINECOLOGIA ";"131";"131";"313";"316";"15";"465";"0"
"2023";"05";"150131";"LIMA";"LIMA";"SAN ISIDRO";"PRIVADO";"II-E";"00027320";"CLINICA AUNA GUARDIA CIVIL";"240000";"HOSPITALIZACIÓN";"93";"97";"364";"337";"25";"775";"1"
"2023";"05";"150131";"LIMA";"LIMA";"SAN ISIDRO";"PRIVADO";"II-E";"00027320";"CLINICA AUNA GUARDIA CIVIL";"250100";"UNIDAD DE CUIDADOS CRITICOS UNIDAD  DE CUIDADOS INTENSIVOS GENERALES (UCI) ";"1";"2";"53";"25";"2";"62";"0"
"2023";"05";"150131";"LIMA";"LIMA";"SAN ISIDRO";"PRIVADO";"III-1";"00009409";"CLINICA RICARDO PALMA";"240000";"HOSPITALIZACIÓN";"893";"703";"3718";"3497";"149";"3777";"20"
"2023";"05";"150131";"LIMA";"LIMA";"SAN ISIDRO";"PRIVADO";"III-1";"00009409";"CLINICA RICARDO PALMA";"242300";"HOSPITALIZACIÓN DE PEDIATRÍA  PEDIATRÍA  GENERAL ";"95";"84";"589";"458";"18";"566";"0"
"2023";"05";"150131";"LIMA";"LIMA";"SAN ISIDRO";"PRIVADO";"III-1";"00009409";"CLINICA RICARDO PALMA";"241400";"HOSPITALIZACIÓN QUIRÚRGICA GINECO - OBSTETRICIA ";"57";"60";"223";"200";"8";"227";"0"
"2023";"05";"150131";"LIMA";"LIMA";"SAN ISIDRO";"PRIVADO";"III-1";"00009409";"CLINICA RICARDO PALMA";"250105";"UNIDAD DE CUIDADOS CRITICOS UNIDAD  DE CUIDADOS INTENSIVOS  (UCI) NEONATOLOGÍA";"2";"2";"22";"76";"4";"124";"0"
"2023";"05";"110501";"ICA";"PISCO";"PISCO";"MINSA";"II-1";"00003472";"SAN JUAN DE DIOS";"240100";"HOSPITALIZACIÓN QUIRÚRGICA CIRUGÍA GENERAL ";"74";"90";"525";"431";"20";"620";"2"
"2023";"05";"110501";"ICA";"PISCO";"PISCO";"MINSA";"II-1";"00003472";"SAN JUAN DE DIOS";"241400";"HOSPITALIZACIÓN QUIRÚRGICA GINECO - OBSTETRICIA ";"228";"246";"625";"588";"28";"868";"0"
"2023";"03";"150113";"LIMA";"LIMA";"JESUS MARIA";"SANIDAD DEL EJERCITO DEL PERU";"III-1";"00017024";"HOSPITAL  MILITAR LUIS ARIAS SCHEREIBER";"240100";"HOSPITALIZACIÓN QUIRÚRGICA CIRUGÍA GENERAL ";"83";"77";"587";"1761";"66";"2046";"1"
"2023";"03";"150113";"LIMA";"LIMA";"JESUS MARIA";"SANIDAD DEL EJERCITO DEL PERU";"III-1";"00017024";"HOSPITAL  MILITAR LUIS ARIAS SCHEREIBER";"240800";"HOSPITALIZACIÓN QUIRÚRGICA CIRUGÍA PLÁSTICA/RECONSTRUCTIVA/ REPARADORA ";"29";"28";"237";"189";"9";"279";"0"
"2023";"03";"150113";"LIMA";"LIMA";"JESUS MARIA";"SANIDAD DEL EJERCITO DEL PERU";"III-1";"00017024";"HOSPITAL  MILITAR LUIS ARIAS SCHEREIBER";"240900";"HOSPITALIZACIÓN QUIRÚRGICA NEUROCIRUGÍA ";"11";"10";"288";"320";"15";"465";"0"
"2023";"03";"150113";"LIMA";"LIMA";"JESUS MARIA";"SANIDAD DEL EJERCITO DEL PERU";"III-1";"00017024";"HOSPITAL  MILITAR LUIS ARIAS SCHEREIBER";"241200";"HOSPITALIZACIÓN QUIRÚRGICA TRAUMATOLOGÍA Y ORTOPEDIA ";"58";"61";"514";"830";"63";"1953";"1"
"2023";"03";"150113";"LIMA";"LIMA";"JESUS MARIA";"SANIDAD DEL EJERCITO DEL PERU";"III-1";"00017024";"HOSPITAL  MILITAR LUIS ARIAS SCHEREIBER";"241300";"HOSPITALIZACIÓN QUIRÚRGICA UROLOGÍA  ";"12";"13";"77";"151";"8";"248";"0"
"2023";"03";"150113";"LIMA";"LIMA";"JESUS MARIA";"SANIDAD DEL EJERCITO DEL PERU";"III-1";"00017024";"HOSPITAL  MILITAR LUIS ARIAS SCHEREIBER";"241400";"HOSPITALIZACIÓN QUIRÚRGICA GINECO - OBSTETRICIA ";"40";"38";"147";"250";"11";"341";"0"
"2023";"03";"150113";"LIMA";"LIMA";"JESUS MARIA";"SANIDAD DEL EJERCITO DEL PERU";"III-1";"00017024";"HOSPITAL  MILITAR LUIS ARIAS SCHEREIBER";"241900";"HOSPITALIZACIÓN DE MEDICINA MEDICINA INTERNA ";"105";"113";"1417";"1357";"80";"2480";"7"
"2023";"03";"150113";"LIMA";"LIMA";"JESUS MARIA";"SANIDAD DEL EJERCITO DEL PERU";"III-1";"00017024";"HOSPITAL  MILITAR LUIS ARIAS SCHEREIBER";"242100";"HOSPITALIZACIÓN DE MEDICINA ONCOLOGÍA MÉDICA ";"10";"13";"365";"249";"9";"279";"1"
"2023";"03";"150113";"LIMA";"LIMA";"JESUS MARIA";"SANIDAD DEL EJERCITO DEL PERU";"III-1";"00017024";"HOSPITAL  MILITAR LUIS ARIAS SCHEREIBER";"242200";"HOSPITALIZACIÓN DE MEDICINA PSIQUIATRÍA ";"12";"13";"242";"369";"18";"558";"0"
"2023";"03";"150113";"LIMA";"LIMA";"JESUS MARIA";"SANIDAD DEL EJERCITO DEL PERU";"III-1";"00017024";"HOSPITAL  MILITAR LUIS ARIAS SCHEREIBER";"242300";"HOSPITALIZACIÓN DE PEDIATRÍA  PEDIATRÍA  GENERAL ";"27";"23";"90";"248";"13";"403";"0"
"2023";"03";"150113";"LIMA";"LIMA";"JESUS MARIA";"SANIDAD DEL EJERCITO DEL PERU";"III-1";"00017024";"HOSPITAL  MILITAR LUIS ARIAS SCHEREIBER";"243200";"HOSPITALIZACIÓN DE PEDIATRÍA PEDIATRIA NEONATOLOGÍA";"16";"14";"44";"88";"15";"465";"0"
"2023";"03";"150113";"LIMA";"LIMA";"JESUS MARIA";"SANIDAD DEL EJERCITO DEL PERU";"III-1";"00017024";"HOSPITAL  MILITAR LUIS ARIAS SCHEREIBER";"244300";"HOSPITALIZACIÓN DE MEDICINA GASTROENTEROLOGÍA  ";"22";"22";"266";"282";"14";"434";"1"
"2023";"03";"150113";"LIMA";"LIMA";"JESUS MARIA";"SANIDAD DEL EJERCITO DEL PERU";"III-1";"00017024";"HOSPITAL  MILITAR LUIS ARIAS SCHEREIBER";"244700";"HOSPITALIZACIÓN DE MEDICINA NEUROLOGIA  ";"11";"14";"188";"94";"13";"403";"1"
"2023";"03";"150113";"LIMA";"LIMA";"JESUS MARIA";"SANIDAD DEL EJERCITO DEL PERU";"III-1";"00017024";"HOSPITAL  MILITAR LUIS ARIAS SCHEREIBER";"245300";"HOSPITALIZACIÓN DE MEDICINA NEUMOLOGÍA  ";"13";"18";"322";"644";"29";"899";"0"
"2023";"03";"150113";"LIMA";"LIMA";"JESUS MARIA";"SANIDAD DEL EJERCITO DEL PERU";"III-1";"00017024";"HOSPITAL  MILITAR LUIS ARIAS SCHEREIBER";"250101";"UNIDAD DE CUIDADOS CRITICOS UNIDAD  DE CUIDADOS INTENSIVOS GENERALES (UCI) CARDIOLOGIA";"5";"7";"67";"134";"6";"186";"1"
"2023";"03";"150113";"LIMA";"LIMA";"JESUS MARIA";"SANIDAD DEL EJERCITO DEL PERU";"III-1";"00017024";"HOSPITAL  MILITAR LUIS ARIAS SCHEREIBER";"250103";"UNIDAD DE CUIDADOS CRITICOS UNIDAD  DE CUIDADOS INTENSIVOS GENERALES  (UCI) MEDICINA";"7";"5";"63";"111";"7";"217";"5"
"2023";"03";"130101";"LA LIBERTAD";"TRUJILLO";"TRUJILLO";"PRIVADO";"II-1";"00013373";"CLINICA PERUANO AMERICANA S. A.";"241800";"HOSPITALIZACIÓN DE MEDICINA MEDICINA GENERAL ";"74";"65";"212";"248";"11";"341";"4"
"2023";"03";"130101";"LA LIBERTAD";"TRUJILLO";"TRUJILLO";"PRIVADO";"II-1";"00013373";"CLINICA PERUANO AMERICANA S. A.";"240100";"HOSPITALIZACIÓN QUIRÚRGICA CIRUGÍA GENERAL ";"129";"110";"380";"568";"25";"775";"0"
"2023";"03";"130101";"LA LIBERTAD";"TRUJILLO";"TRUJILLO";"PRIVADO";"II-1";"00013373";"CLINICA PERUANO AMERICANA S. A.";"242300";"HOSPITALIZACIÓN DE PEDIATRÍA  PEDIATRÍA  GENERAL ";"8";"8";"18";"18";"2";"62";"0"
"2023";"03";"130101";"LA LIBERTAD";"TRUJILLO";"TRUJILLO";"PRIVADO";"II-1";"00013373";"CLINICA PERUANO AMERICANA S. A.";"241400";"HOSPITALIZACIÓN QUIRÚRGICA GINECO - OBSTETRICIA ";"16";"13";"30";"36";"2";"62";"0"
"2023";"04";"060804";"CAJAMARCA";"JAEN";"COLASAY";"GOBIERNO REGIONAL";"I-1";"00031333";"CHUNCHUCA";"NE_0002";"";"NE_0002";"NE_0002";"NE_0002";"NE_0002";"NE_0002";"NE_0002";"NE_0002"
"2023";"04";"060804";"CAJAMARCA";"JAEN";"COLASAY";"GOBIERNO REGIONAL";"I-1";"00007171";"LOS CEDROS DE COLASAY";"NE_0002";"";"NE_0002";"NE_0002";"NE_0002";"NE_0002";"NE_0002";"NE_0002";"NE_0002"
"2023";"04";"060804";"CAJAMARCA";"JAEN";"COLASAY";"GOBIERNO REGIONAL";"I-3";"00004237";"CHUNCHUQUILLO";"NE_0001";"";"NE_0001";"NE_0001";"NE_0001";"NE_0001";"NE_0001";"NE_0001";"NE_0001"
"2023";"04";"060804";"CAJAMARCA";"JAEN";"COLASAY";"GOBIERNO REGIONAL";"I-2";"00004238";"SAN LORENZO DE BARBASCO";"NE_0001";"";"NE_0001";"NE_0001";"NE_0001";"NE_0001";"NE_0001";"NE_0001";"NE_0001"
"2023";"04";"060807";"CAJAMARCA";"JAEN";"POMAHUACA";"GOBIERNO REGIONAL";"I-1";"00007122";"TAMBILLO";"NE_0002";"";"NE_0002";"NE_0002";"NE_0002";"NE_0002";"NE_0002";"NE_0002";"NE_0002"
"2023";"04";"040119";"AREQUIPA";"AREQUIPA";"SAN JUAN DE TARUCANI";"GOBIERNO REGIONAL";"I-2";"00001319";"PUESTO DE SALUD SAN JUAN DE TARUCANI";"NE_0001";"";"NE_0001";"NE_0001";"NE_0001";"NE_0001";"NE_0001";"NE_0001";"NE_0001"
"2023";"04";"040106";"AREQUIPA";"AREQUIPA";"CHIGUATA";"GOBIERNO REGIONAL";"I-3";"00001299";"CENTRO DE SALUD CHIGUATA";"NE_0001";"";"NE_0001";"NE_0001";"NE_0001";"NE_0001";"NE_0001";"NE_0001";"NE_0001"
"2023";"04";"040119";"AREQUIPA";"AREQUIPA";"SAN JUAN DE TARUCANI";"GOBIERNO REGIONAL";"I-2";"00001321";"PUESTO DE SALUD SALINAS HUITO";"NE_0001";"";"NE_0001";"NE_0001";"NE_0001";"NE_0001";"NE_0001";"NE_0001";"NE_0001"
"2023";"04";"040106";"AREQUIPA";"AREQUIPA";"CHIGUATA";"GOBIERNO REGIONAL";"I-2";"00001320";"PUESTO DE SALUD ARENALES";"NE_0001";"";"NE_0001";"NE_0001";"NE_0001";"NE_0001";"NE_0001";"NE_0001";"NE_0001"
"2023";"04";"010201";"AMAZONAS";"BAGUA";"BAGUA";"GOBIERNO REGIONAL";"II-1";"00005044";"GUSTAVO LANATTA LUJAN";"240100";"HOSPITALIZACIÓN QUIRÚRGICA CIRUGÍA GENERAL ";"55";"55";"140";"140";"10";"300";"0"
"2023";"04";"010201";"AMAZONAS";"BAGUA";"BAGUA";"GOBIERNO REGIONAL";"II-1";"00005044";"GUSTAVO LANATTA LUJAN";"241200";"HOSPITALIZACIÓN QUIRÚRGICA TRAUMATOLOGÍA Y ORTOPEDIA ";"2";"2";"7";"7";"2";"60";"0"
"2023";"04";"010201";"AMAZONAS";"BAGUA";"BAGUA";"GOBIERNO REGIONAL";"II-1";"00005044";"GUSTAVO LANATTA LUJAN";"241400";"HOSPITALIZACIÓN QUIRÚRGICA GINECO - OBSTETRICIA ";"156";"156";"355";"355";"19";"570";"0"
"2023";"04";"010201";"AMAZONAS";"BAGUA";"BAGUA";"GOBIERNO REGIONAL";"II-1";"00005044";"GUSTAVO LANATTA LUJAN";"241800";"HOSPITALIZACIÓN DE MEDICINA MEDICINA GENERAL ";"72";"72";"251";"251";"29";"870";"3"
"2023";"04";"010201";"AMAZONAS";"BAGUA";"BAGUA";"GOBIERNO REGIONAL";"II-1";"00005044";"GUSTAVO LANATTA LUJAN";"242500";"HOSPITALIZACIÓN-PEDIATRÍA GENERAL-";"46";"46";"141";"141";"10";"300";"0"
"2023";"04";"010201";"AMAZONAS";"BAGUA";"BAGUA";"GOBIERNO REGIONAL";"II-1";"00005044";"GUSTAVO LANATTA LUJAN";"243200";"HOSPITALIZACIÓN DE PEDIATRÍA PEDIATRIA NEONATOLOGÍA";"17";"17";"48";"48";"9";"270";"0"
"2023";"04";"010201";"AMAZONAS";"BAGUA";"BAGUA";"GOBIERNO REGIONAL";"II-1";"00005044";"GUSTAVO LANATTA LUJAN";"250103";"UNIDAD DE CUIDADOS CRITICOS UNIDAD  DE CUIDADOS INTENSIVOS GENERALES  (UCI) MEDICINA";"16";"16";"113";"113";"7";"210";"4"
"2023";"04";"220105";"SAN MARTIN";"MOYOBAMBA";"SORITOR";"GOBIERNO REGIONAL";"I-1";"00006333";"ALTO PERU";"NE_0001";"";"NE_0001";"NE_0001";"NE_0001";"NE_0001";"NE_0001";"NE_0001";"NE_0001"
"2023";"04";"220105";"SAN MARTIN";"MOYOBAMBA";"SORITOR";"GOBIERNO REGIONAL";"I-1";"00006335";"JERICOB";"NE_0001";"";"NE_0001";"NE_0001";"NE_0001";"NE_0001";"NE_0001";"NE_0001";"NE_0001"
"2023";"04";"220105";"SAN MARTIN";"MOYOBAMBA";"SORITOR";"GOBIERNO REGIONAL";"I-1";"00006334";"ALTO SAN MARTIN";"NE_0001";"";"NE_0001";"NE_0001";"NE_0001";"NE_0001";"NE_0001";"NE_0001";"NE_0001"
"2023";"04";"220105";"SAN MARTIN";"MOYOBAMBA";"SORITOR";"GOBIERNO REGIONAL";"I-2";"00006336";"SAN MARCOS";"NE_0001";"";"NE_0001";"NE_0001";"NE_0001";"NE_0001";"NE_0001";"NE_0001";"NE_0001"
"2023";"04";"220105";"SAN MARTIN";"MOYOBAMBA";"SORITOR";"GOBIERNO REGIONAL";"I-4";"00006332";"SORITOR";"241600";"HOSPITALIZACIÓN QUIRÚRGICA OBSTETRICIA   ";"19";"19";"24";"19";"6";"180";"2"
"2023";"04";"220105";"SAN MARTIN";"MOYOBAMBA";"SORITOR";"GOBIERNO REGIONAL";"I-4";"00006332";"SORITOR";"241800";"HOSPITALIZACIÓN DE MEDICINA MEDICINA GENERAL ";"29";"32";"86";"19";"6";"180";"0"
"2023";"04";"220103";"SAN MARTIN";"MOYOBAMBA";"HABANA";"GOBIERNO REGIONAL";"I-3";"00006327";"CENTRO DE SALUD HABANA";"NE_0001";"";"NE_0001";"NE_0001";"NE_0001";"NE_0001";"NE_0001";"NE_0001";"NE_0001"
"2023";"04";"200110";"PIURA";"PIURA";"LA UNION";"ESSALUD";"I-3";"00011733";"CENTRO MEDICO ""LEONCIO AMAYA TUME""";"NE_0001";"";"NE_0001";"NE_0001";"NE_0001";"NE_0001";"NE_0001";"NE_0001";"NE_0001"
"2023";"05";"130401";"LA LIBERTAD";"CHEPEN";"CHEPEN";"SANIDAD DE LA POLICIA NACIONAL DEL PERU";"I-1";"00025659";"Puesto de Salud de la Sanidad PNP. Chepén  I - 1";"NE_0001";"";"NE_0001";"NE_0001";"NE_0001";"NE_0001";"NE_0001";"NE_0001";"NE_0001"
"2023";"05";"150107";"LIMA";"LIMA";"CHACLACAYO";"SANIDAD DE LA POLICIA NACIONAL DEL PERU";"I-2";"00011227";"POSTA MEDICA POLICIAL CHACLACAYO";"NE_0001";"";"NE_0001";"NE_0001";"NE_0001";"NE_0001";"NE_0001";"NE_0001";"NE_0001"
"2023";"05";"160601";"LORETO";"UCAYALI";"CONTAMANA";"GOBIERNO REGIONAL";"II-1";"00000162";"HOSPITAL II-I  CONTAMANA";"242800";"HOSPITALIZACIÓN DE PEDIATRÍA PEDIATRIA ENDOCRINOLOGÍA PEDIÁTRICA";"110";"100";"305";"285";"15";"315";"0"
"2023";"05";"160601";"LORETO";"UCAYALI";"CONTAMANA";"GOBIERNO REGIONAL";"II-1";"00000162";"HOSPITAL II-I  CONTAMANA";"242900";"HOSPITALIZACIÓN DE PEDIATRÍA PEDIATRIA GASTROENTEROLOGÍA PEDIÁTRICA";"80";"71";"298";"352";"12";"372";"1"
"2023";"05";"160601";"LORETO";"UCAYALI";"CONTAMANA";"GOBIERNO REGIONAL";"II-1";"00000162";"HOSPITAL II-I  CONTAMANA";"243000";"HOSPITALIZACIÓN DE PEDIATRÍA PEDIATRIA GINECOLOGÍA PEDIÁTRICA";"75";"36";"683";"864";"30";"930";"25"
"2023";"05";"160601";"LORETO";"UCAYALI";"CONTAMANA";"GOBIERNO REGIONAL";"II-1";"00000162";"HOSPITAL II-I  CONTAMANA";"243100";"HOSPITALIZACIÓN DE PEDIATRÍA PEDIATRIA NEFROLOGÍA PEDIÁTRICA";"65";"43";"243";"253";"9";"279";"1"
"2023";"05";"160601";"LORETO";"UCAYALI";"CONTAMANA";"GOBIERNO REGIONAL";"II-1";"00000162";"HOSPITAL II-I  CONTAMANA";"243200";"HOSPITALIZACIÓN DE PEDIATRÍA PEDIATRIA NEONATOLOGÍA";"63";"47";"266";"277";"10";"310";"1"
"2023";"05";"160601";"LORETO";"UCAYALI";"CONTAMANA";"GOBIERNO REGIONAL";"II-1";"00000162";"HOSPITAL II-I  CONTAMANA";"243300";"HOSPITALIZACIÓN DE PEDIATRÍA PEDIATRIA NEUMOLOGÍA PEDIÁTRICA";"60";"25";"194";"50";"8";"190";"1"
"2023";"05";"160601";"LORETO";"UCAYALI";"CONTAMANA";"GOBIERNO REGIONAL";"II-1";"00000162";"HOSPITAL II-I  CONTAMANA";"243400";"HOSPITALIZACIÓN DE PEDIATRÍA PEDIATRIA NEUROLOGÍA PEDIÁTRICA";"35";"38";"160";"161";"7";"217";"1"
"2023";"05";"160601";"LORETO";"UCAYALI";"CONTAMANA";"GOBIERNO REGIONAL";"II-1";"00000162";"HOSPITAL II-I  CONTAMANA";"243500";"HOSPITALIZACIÓN DE PEDIATRÍA PEDIATRIA OFTALMOLOGÍA PEDIÁTRICA";"30";"27";"241";"321";"11";"341";"1"
"2023";"05";"160601";"LORETO";"UCAYALI";"CONTAMANA";"GOBIERNO REGIONAL";"II-1";"00000162";"HOSPITAL II-I  CONTAMANA";"243600";"HOSPITALIZACIÓN DE PEDIATRÍA PEDIATRIA ONCOLOGÍA PEDIÁTRICA";"18";"28";"188";"43";"8";"248";"1"
"2023";"05";"160601";"LORETO";"UCAYALI";"CONTAMANA";"GOBIERNO REGIONAL";"II-1";"00000162";"HOSPITAL II-I  CONTAMANA";"241800";"HOSPITALIZACIÓN DE MEDICINA MEDICINA GENERAL ";"18";"27";"117";"154";"7";"217";"1"
"2023";"05";"160601";"LORETO";"UCAYALI";"CONTAMANA";"GOBIERNO REGIONAL";"II-1";"00000162";"HOSPITAL II-I  CONTAMANA";"241900";"HOSPITALIZACIÓN DE MEDICINA MEDICINA INTERNA ";"60";"25";"377";"40";"16";"496";"12"
"2023";"05";"160601";"LORETO";"UCAYALI";"CONTAMANA";"GOBIERNO REGIONAL";"II-1";"00000162";"HOSPITAL II-I  CONTAMANA";"242000";"HOSPITALIZACIÓN DE MEDICINA MEDICINA TROPICAL E INFECCIOSAS ";"55";"35";"460";"486";"18";"528";"6"
"2023";"05";"160601";"LORETO";"UCAYALI";"CONTAMANA";"GOBIERNO REGIONAL";"II-1";"00000162";"HOSPITAL II-I  CONTAMANA";"242100";"HOSPITALIZACIÓN DE MEDICINA ONCOLOGÍA MÉDICA ";"39";"45";"395";"28";"18";"498";"5"
"2023";"05";"160601";"LORETO";"UCAYALI";"CONTAMANA";"GOBIERNO REGIONAL";"II-1";"00000162";"HOSPITAL II-I  CONTAMANA";"242201";"HOSPITALIZACIÓN DE MEDICINA PSIQUIATRÍA PSIQUIATRÍA - HOSPITALIZACIÓN DE DÍA";"38";"35";"225";"320";"15";"345";"2"
"2023";"05";"160601";"LORETO";"UCAYALI";"CONTAMANA";"GOBIERNO REGIONAL";"II-1";"00000162";"HOSPITAL II-I  CONTAMANA";"242202";"HOSPITALIZACIÓN DE MEDICINA PSIQUIATRÍA PSIQUIATRÍA DEL ADULTO Y GERONTE";"37";"37";"520";"525";"20";"530";"4"
"2023";"05";"100101";"HUANUCO";"HUANUCO";"HUANUCO";"PRIVADO";"II-E";"00021062";"CLINICA SAN JUAN BOSCO E.I.R.L.";"240000";"HOSPITALIZACIÓN";"10";"7";"14";"10";"11";"330";"0"
"2023";"05";"150510";"LIMA";"CAÑETE";"NUEVO IMPERIAL";"SANIDAD DE LA POLICIA NACIONAL DEL PERU";"I-3";"00017849";"POLICLINICO POLICIAL CAÑETE";"NE_0001";"";"NE_0001";"NE_0001";"NE_0001";"NE_0001";"NE_0001";"NE_0001";"NE_0001"
"2023";"05";"120125";"JUNIN";"HUANCAYO";"PILCOMAYO";"SANIDAD DE LA POLICIA NACIONAL DEL PERU";"I-2";"00025776";"POSTA MEDICA POLICIAL EESTP - HYO";"NE_0001";"";"NE_0001";"NE_0001";"NE_0001";"NE_0001";"NE_0001";"NE_0001";"NE_0001"
"2023";"05";"100101";"HUANUCO";"HUANUCO";"HUANUCO";"SANIDAD DE LA POLICIA NACIONAL DEL PERU";"I-3";"00011421";"POLICLINICO POLICIAL HUÀNUCO";"NE_0001";"";"NE_0001";"NE_0001";"NE_0001";"NE_0001";"NE_0001";"NE_0001";"NE_0001"
"2023";"05";"211301";"PUNO";"YUNGUYO";"YUNGUYO";"ESSALUD";"I-3";"00009219";"YUNGUYO";"NE_0001";"";"NE_0001";"NE_0001";"NE_0001";"NE_0001";"NE_0001";"NE_0001";"NE_0001"
"2023";"05";"211101";"PUNO";"SAN ROMAN";"JULIACA";"PRIVADO";"II-1";"00010815";"CLINICA ADVENTISTA AMERICANA DE JULIACA";"240000";"HOSPITALIZACIÓN";"199";"200";"716";"731";"40";"1247";"4"
"2023";"05";"150115";"LIMA";"LIMA";"LA VICTORIA";"ESSALUD";"III-2";"00009251";"HOSPITAL NACIONAL GUILLERMO ALMENARA IRIGOYEN";"240100";"HOSPITALIZACIÓN QUIRÚRGICA CIRUGÍA GENERAL ";"35";"44";"572";"311";"11";"341";"0"
"2023";"05";"150115";"LIMA";"LIMA";"LA VICTORIA";"ESSALUD";"III-2";"00009251";"HOSPITAL NACIONAL GUILLERMO ALMENARA IRIGOYEN";"244000";"HOSPITALIZACIÓN DE MEDICINA CARDIOLOGIA ";"33";"42";"379";"243";"9";"279";"1"
"2023";"05";"150115";"LIMA";"LIMA";"LA VICTORIA";"ESSALUD";"III-2";"00009251";"HOSPITAL NACIONAL GUILLERMO ALMENARA IRIGOYEN";"242205";"HOSPITALIZACIÓN MEDICINA PSIQUIATRÍA PISIQUIATRIA/ SALUD MENTAL Y ADICCIONES";"5";"10";"161";"127";"5";"155";"0"
"2023";"05";"150115";"LIMA";"LIMA";"LA VICTORIA";"ESSALUD";"III-2";"00009251";"HOSPITAL NACIONAL GUILLERMO ALMENARA IRIGOYEN";"244100";"HOSPITALIZACIÓN DE MEDICINA DERMATOLOGÍA    ";"26";"27";"368";"340";"11";"341";"0"
"2023";"05";"150115";"LIMA";"LIMA";"LA VICTORIA";"ESSALUD";"III-2";"00009251";"HOSPITAL NACIONAL GUILLERMO ALMENARA IRIGOYEN";"244200";"HOSPITALIZACIÓN DE MEDICINA ENDOCRINOLOGIA ";"21";"17";"313";"337";"13";"403";"0"
"2023";"05";"150115";"LIMA";"LIMA";"LA VICTORIA";"ESSALUD";"III-2";"00009251";"HOSPITAL NACIONAL GUILLERMO ALMENARA IRIGOYEN";"244300";"HOSPITALIZACIÓN DE MEDICINA GASTROENTEROLOGÍA  ";"36";"31";"589";"1024";"35";"1085";"1"
"2023";"05";"150115";"LIMA";"LIMA";"LA VICTORIA";"ESSALUD";"III-2";"00009251";"HOSPITAL NACIONAL GUILLERMO ALMENARA IRIGOYEN";"244400";"HOSPITALIZACIÓN DE MEDICINA GERIATRIA ";"31";"31";"490";"503";"18";"558";"3"
"2023";"05";"150115";"LIMA";"LIMA";"LA VICTORIA";"ESSALUD";"III-2";"00009251";"HOSPITAL NACIONAL GUILLERMO ALMENARA IRIGOYEN";"244500";"HOSPITALIZACIÓN DE MEDICINA HEMATOLOGÍA ";"28";"30";"619";"619";"21";"651";"0"
"2023";"05";"150115";"LIMA";"LIMA";"LA VICTORIA";"ESSALUD";"III-2";"00009251";"HOSPITAL NACIONAL GUILLERMO ALMENARA IRIGOYEN";"241900";"HOSPITALIZACIÓN DE MEDICINA MEDICINA INTERNA ";"54";"50";"967";"961";"35";"1085";"2"
"2023";"05";"150115";"LIMA";"LIMA";"LA VICTORIA";"ESSALUD";"III-2";"00009251";"HOSPITAL NACIONAL GUILLERMO ALMENARA IRIGOYEN";"241900";"HOSPITALIZACIÓN DE MEDICINA MEDICINA INTERNA ";"53";"41";"1053";"1241";"43";"1333";"3"
"2023";"05";"150115";"LIMA";"LIMA";"LA VICTORIA";"ESSALUD";"III-2";"00009251";"HOSPITAL NACIONAL GUILLERMO ALMENARA IRIGOYEN";"241900";"HOSPITALIZACIÓN DE MEDICINA MEDICINA INTERNA ";"360";"346";"5377";"5525";"180";"5580";"21"
"2023";"05";"150115";"LIMA";"LIMA";"LA VICTORIA";"ESSALUD";"III-2";"00009251";"HOSPITAL NACIONAL GUILLERMO ALMENARA IRIGOYEN";"241900";"HOSPITALIZACIÓN DE MEDICINA MEDICINA INTERNA ";"62";"48";"839";"971";"34";"1054";"5"
"2023";"05";"150115";"LIMA";"LIMA";"LA VICTORIA";"ESSALUD";"III-2";"00009251";"HOSPITAL NACIONAL GUILLERMO ALMENARA IRIGOYEN";"244600";"HOSPITALIZACIÓN DE MEDICINA NEFROLOGIA ";"85";"92";"1015";"875";"31";"961";"3"
"2023";"05";"150115";"LIMA";"LIMA";"LA VICTORIA";"ESSALUD";"III-2";"00009251";"HOSPITAL NACIONAL GUILLERMO ALMENARA IRIGOYEN";"245300";"HOSPITALIZACIÓN DE MEDICINA NEUMOLOGÍA  ";"39";"40";"753";"614";"22";"682";"0"
"2023";"05";"150115";"LIMA";"LIMA";"LA VICTORIA";"ESSALUD";"III-2";"00009251";"HOSPITAL NACIONAL GUILLERMO ALMENARA IRIGOYEN";"244700";"HOSPITALIZACIÓN DE MEDICINA NEUROLOGIA  ";"34";"39";"609";"575";"20";"620";"0"
"2023";"05";"150115";"LIMA";"LIMA";"LA VICTORIA";"ESSALUD";"III-2";"00009251";"HOSPITAL NACIONAL GUILLERMO ALMENARA IRIGOYEN";"242100";"HOSPITALIZACIÓN DE MEDICINA ONCOLOGÍA MÉDICA ";"117";"131";"957";"888";"30";"930";"2"
"2023";"05";"150115";"LIMA";"LIMA";"LA VICTORIA";"ESSALUD";"III-2";"00009251";"HOSPITAL NACIONAL GUILLERMO ALMENARA IRIGOYEN";"242202";"HOSPITALIZACIÓN DE MEDICINA PSIQUIATRÍA PSIQUIATRÍA DEL ADULTO Y GERONTE";"35";"27";"480";"501";"17";"527";"0"
"2023";"05";"150115";"LIMA";"LIMA";"LA VICTORIA";"ESSALUD";"III-2";"00009251";"HOSPITAL NACIONAL GUILLERMO ALMENARA IRIGOYEN";"242203";"HOSPITALIZACIÓN DE MEDICINA PSIQUIATRÍA PSIQUIATRÍA DEL NIÑO Y DEL ADOLESCENTE";"15";"18";"268";"234";"8";"248";"0"
"2023";"05";"150115";"LIMA";"LIMA";"LA VICTORIA";"ESSALUD";"III-2";"00009251";"HOSPITAL NACIONAL GUILLERMO ALMENARA IRIGOYEN";"245500";"HOSPITALIZACIÓN DE MEDICINA REUMATOLOGÍA    ";"14";"18";"454";"333";"11";"341";"0"
"2023";"05";"150115";"LIMA";"LIMA";"LA VICTORIA";"ESSALUD";"III-2";"00009251";"HOSPITAL NACIONAL GUILLERMO ALMENARA IRIGOYEN";"240200";"HOSPITALIZACIÓN QUIRÚRGICA CIRUGÍA DE CABEZA Y CUELLO / MÁXILO FACIAL ";"45";"48";"359";"352";"14";"434";"0"
"2023";"05";"150115";"LIMA";"LIMA";"LA VICTORIA";"ESSALUD";"III-2";"00009251";"HOSPITAL NACIONAL GUILLERMO ALMENARA IRIGOYEN";"240400";"HOSPITALIZACIÓN QUIRÚRGICA CIRUGÍA DE TÓRAX Y CARDIOVASCULAR ";"25";"14";"67";"91";"4";"124";"0"
"2023";"05";"150115";"LIMA";"LIMA";"LA VICTORIA";"ESSALUD";"III-2";"00009251";"HOSPITAL NACIONAL GUILLERMO ALMENARA IRIGOYEN";"241200";"HOSPITALIZACIÓN QUIRÚRGICA TRAUMATOLOGÍA Y ORTOPEDIA ";"41";"39";"381";"362";"13";"403";"0"
"2023";"05";"150115";"LIMA";"LIMA";"LA VICTORIA";"ESSALUD";"III-2";"00009251";"HOSPITAL NACIONAL GUILLERMO ALMENARA IRIGOYEN";"240400";"HOSPITALIZACIÓN QUIRÚRGICA CIRUGÍA DE TÓRAX Y CARDIOVASCULAR ";"25";"34";"377";"339";"13";"403";"0"
"2023";"05";"150115";"LIMA";"LIMA";"LA VICTORIA";"ESSALUD";"III-2";"00009251";"HOSPITAL NACIONAL GUILLERMO ALMENARA IRIGOYEN";"240801";"HOSPITALIZACIÓN QUIRÚRGICA CIRUGÍA PLÁSTICA/RECONSTRUCTIVA/ REPARADORA QUEMADOS";"20";"24";"203";"148";"5";"155";"0"
"2023";"05";"150115";"LIMA";"LIMA";"LA VICTORIA";"ESSALUD";"III-2";"00009251";"HOSPITAL NACIONAL GUILLERMO ALMENARA IRIGOYEN";"240100";"HOSPITALIZACIÓN QUIRÚRGICA CIRUGÍA GENERAL ";"15";"23";"589";"361";"13";"403";"0"
"2023";"05";"150115";"LIMA";"LIMA";"LA VICTORIA";"ESSALUD";"III-2";"00009251";"HOSPITAL NACIONAL GUILLERMO ALMENARA IRIGOYEN";"240100";"HOSPITALIZACIÓN QUIRÚRGICA CIRUGÍA GENERAL ";"35";"33";"763";"588";"20";"620";"0"
"2023";"05";"150115";"LIMA";"LIMA";"LA VICTORIA";"ESSALUD";"III-2";"00009251";"HOSPITAL NACIONAL GUILLERMO ALMENARA IRIGOYEN";"240100";"HOSPITALIZACIÓN QUIRÚRGICA CIRUGÍA GENERAL ";"38";"42";"699";"473";"16";"496";"0"
"2023";"05";"150115";"LIMA";"LIMA";"LA VICTORIA";"ESSALUD";"III-2";"00009251";"HOSPITAL NACIONAL GUILLERMO ALMENARA IRIGOYEN";"240100";"HOSPITALIZACIÓN QUIRÚRGICA CIRUGÍA GENERAL ";"100";"115";"960";"639";"22";"682";"2"
"2023";"05";"150115";"LIMA";"LIMA";"LA VICTORIA";"ESSALUD";"III-2";"00009251";"HOSPITAL NACIONAL GUILLERMO ALMENARA IRIGOYEN";"241500";"HOSPITALIZACIÓN QUIRÚRGICA GINECOLOGÍA  ";"45";"45";"246";"238";"8";"248";"0"
"2023";"05";"150115";"LIMA";"LIMA";"LA VICTORIA";"ESSALUD";"III-2";"00009251";"HOSPITAL NACIONAL GUILLERMO ALMENARA IRIGOYEN";"240900";"HOSPITALIZACIÓN QUIRÚRGICA NEUROCIRUGÍA ";"40";"33";"532";"306";"11";"341";"2"
"2023";"05";"150115";"LIMA";"LIMA";"LA VICTORIA";"ESSALUD";"III-2";"00009251";"HOSPITAL NACIONAL GUILLERMO ALMENARA IRIGOYEN";"240900";"HOSPITALIZACIÓN QUIRÚRGICA NEUROCIRUGÍA ";"45";"44";"188";"125";"5";"155";"0"
"2023";"05";"150115";"LIMA";"LIMA";"LA VICTORIA";"ESSALUD";"III-2";"00009251";"HOSPITAL NACIONAL GUILLERMO ALMENARA IRIGOYEN";"240900";"HOSPITALIZACIÓN QUIRÚRGICA NEUROCIRUGÍA ";"29";"30";"285";"264";"10";"310";"0"
"2023";"03";"150142";"LIMA";"LIMA";"VILLA EL SALVADOR";"MINSA";"II-2";"00023159";"HOSPITAL DE EMERGENCIAS VILLA EL SALVADOR";"242205";"HOSPITALIZACIÓN MEDICINA PSIQUIATRÍA PISIQUIATRIA/ SALUD MENTAL Y ADICCIONES";"7";"5";"135";"111";"4";"124";"0"
"2023";"03";"150142";"LIMA";"LIMA";"VILLA EL SALVADOR";"MINSA";"II-2";"00023159";"HOSPITAL DE EMERGENCIAS VILLA EL SALVADOR";"241500";"HOSPITALIZACIÓN QUIRÚRGICA GINECOLOGÍA  ";"54";"18";"82";"86";"3";"95";"0"
"2023";"03";"150142";"LIMA";"LIMA";"VILLA EL SALVADOR";"MINSA";"II-2";"00023159";"HOSPITAL DE EMERGENCIAS VILLA EL SALVADOR";"241800";"HOSPITALIZACIÓN DE MEDICINA MEDICINA GENERAL ";"168";"139";"1433";"1484";"48";"1488";"15"
"2023";"03";"150142";"LIMA";"LIMA";"VILLA EL SALVADOR";"MINSA";"II-2";"00023159";"HOSPITAL DE EMERGENCIAS VILLA EL SALVADOR";"241600";"HOSPITALIZACIÓN QUIRÚRGICA OBSTETRICIA   ";"571";"449";"953";"1010";"42";"1302";"0"
"2023";"03";"150142";"LIMA";"LIMA";"VILLA EL SALVADOR";"MINSA";"II-2";"00023159";"HOSPITAL DE EMERGENCIAS VILLA EL SALVADOR";"242300";"HOSPITALIZACIÓN DE PEDIATRÍA  PEDIATRÍA  GENERAL ";"162";"141";"634";"703";"24";"744";"0"
"2023";"03";"150142";"LIMA";"LIMA";"VILLA EL SALVADOR";"MINSA";"II-2";"00023159";"HOSPITAL DE EMERGENCIAS VILLA EL SALVADOR";"240100";"HOSPITALIZACIÓN QUIRÚRGICA CIRUGÍA GENERAL ";"290";"211";"1524";"1527";"49";"1532";"0"
"2023";"03";"150142";"LIMA";"LIMA";"VILLA EL SALVADOR";"MINSA";"II-2";"00023159";"HOSPITAL DE EMERGENCIAS VILLA EL SALVADOR";"250100";"UNIDAD DE CUIDADOS CRITICOS UNIDAD  DE CUIDADOS INTENSIVOS GENERALES (UCI) ";"180";"51";"866";"877";"31";"961";"24"
"2023";"03";"150142";"LIMA";"LIMA";"VILLA EL SALVADOR";"MINSA";"II-2";"00023159";"HOSPITAL DE EMERGENCIAS VILLA EL SALVADOR";"250108";"UNIDAD DE CUIDADOS CRITICOS UNIDAD  DE CUIDADOS INTENSIVOS  (UCI) PEDIÁTRICA";"15";"3";"216";"144";"6";"186";"1"
"2023";"03";"150142";"LIMA";"LIMA";"VILLA EL SALVADOR";"MINSA";"II-2";"00023159";"HOSPITAL DE EMERGENCIAS VILLA EL SALVADOR";"250105";"UNIDAD DE CUIDADOS CRITICOS UNIDAD  DE CUIDADOS INTENSIVOS  (UCI) NEONATOLOGÍA";"26";"6";"218";"225";"8";"248";"5"
"2023";"03";"150142";"LIMA";"LIMA";"VILLA EL SALVADOR";"MINSA";"II-2";"00023159";"HOSPITAL DE EMERGENCIAS VILLA EL SALVADOR";"250201";"UNIDAD DE CUIDADOS CRITICOS UNIDAD DE CUIDADOS INTERMEDIOS  (UCIN) NEONATAL";"99";"70";"527";"446";"16";"496";"0"
"2023";"03";"150142";"LIMA";"LIMA";"VILLA EL SALVADOR";"MINSA";"II-2";"00023159";"HOSPITAL DE EMERGENCIAS VILLA EL SALVADOR";"241500";"HOSPITALIZACIÓN QUIRÚRGICA GINECOLOGÍA  ";"166";"97";"236";"257";"9";"279";"0"
"2023";"03";"080505";"CUSCO";"CANAS";"LAYO";"GOBIERNO REGIONAL";"I-3";"00002371";"LAYO";"NE_0001";"";"NE_0001";"NE_0001";"NE_0001";"NE_0001";"NE_0001";"NE_0001";"NE_0001"
"2023";"03";"080604";"CUSCO";"CANCHIS";"MARANGANI";"GOBIERNO REGIONAL";"I-3";"00002388";"MARANGANI";"NE_0001";"";"NE_0001";"NE_0001";"NE_0001";"NE_0001";"NE_0001";"NE_0001";"NE_0001"
"2023";"03";"040702";"AREQUIPA";"ISLAY";"COCACHACRA";"ESSALUD";"I-2";"00026367";"POSTA MEDICA CHUCARAPI";"NE_0001";"";"NE_0001";"NE_0001";"NE_0001";"NE_0001";"NE_0001";"NE_0001";"NE_0001"
"2023";"04";"160201";"LORETO";"ALTO AMAZONAS";"YURIMAGUAS";"GOBIERNO REGIONAL";"II-2";"00000210";"HOSPITAL II-2 SANTA GEMA DE YURIMAGUAS";"240100";"HOSPITALIZACIÓN QUIRÚRGICA CIRUGÍA GENERAL ";"43";"47";"184";"206";"16";"210";"0"
"2023";"04";"160201";"LORETO";"ALTO AMAZONAS";"YURIMAGUAS";"GOBIERNO REGIONAL";"II-2";"00000210";"HOSPITAL II-2 SANTA GEMA DE YURIMAGUAS";"240800";"HOSPITALIZACIÓN QUIRÚRGICA CIRUGÍA PLÁSTICA/RECONSTRUCTIVA/ REPARADORA ";"12";"12";"23";"12";"1";"30";"0"
"2023";"04";"160201";"LORETO";"ALTO AMAZONAS";"YURIMAGUAS";"GOBIERNO REGIONAL";"II-2";"00000210";"HOSPITAL II-2 SANTA GEMA DE YURIMAGUAS";"241200";"HOSPITALIZACIÓN QUIRÚRGICA TRAUMATOLOGÍA Y ORTOPEDIA ";"13";"16";"94";"94";"7";"210";"0"
"2023";"04";"160201";"LORETO";"ALTO AMAZONAS";"YURIMAGUAS";"GOBIERNO REGIONAL";"II-2";"00000210";"HOSPITAL II-2 SANTA GEMA DE YURIMAGUAS";"241300";"HOSPITALIZACIÓN QUIRÚRGICA UROLOGÍA  ";"3";"3";"21";"21";"1";"30";"0"
"2023";"04";"160201";"LORETO";"ALTO AMAZONAS";"YURIMAGUAS";"GOBIERNO REGIONAL";"II-2";"00000210";"HOSPITAL II-2 SANTA GEMA DE YURIMAGUAS";"241500";"HOSPITALIZACIÓN QUIRÚRGICA GINECOLOGÍA  ";"62";"68";"135";"135";"8";"240";"0"
"2023";"04";"160201";"LORETO";"ALTO AMAZONAS";"YURIMAGUAS";"GOBIERNO REGIONAL";"II-2";"00000210";"HOSPITAL II-2 SANTA GEMA DE YURIMAGUAS";"241600";"HOSPITALIZACIÓN QUIRÚRGICA OBSTETRICIA   ";"196";"205";"404";"403";"25";"750";"0"
"2023";"04";"160201";"LORETO";"ALTO AMAZONAS";"YURIMAGUAS";"GOBIERNO REGIONAL";"II-2";"00000210";"HOSPITAL II-2 SANTA GEMA DE YURIMAGUAS";"241900";"HOSPITALIZACIÓN DE MEDICINA MEDICINA INTERNA ";"68";"76";"299";"298";"19";"570";"1"
"2023";"04";"160201";"LORETO";"ALTO AMAZONAS";"YURIMAGUAS";"GOBIERNO REGIONAL";"II-2";"00000210";"HOSPITAL II-2 SANTA GEMA DE YURIMAGUAS";"242500";"HOSPITALIZACIÓN-PEDIATRÍA GENERAL-";"50";"50";"178";"237";"8";"240";"0"
"2023";"04";"160201";"LORETO";"ALTO AMAZONAS";"YURIMAGUAS";"GOBIERNO REGIONAL";"II-2";"00000210";"HOSPITAL II-2 SANTA GEMA DE YURIMAGUAS";"243200";"HOSPITALIZACIÓN DE PEDIATRÍA PEDIATRIA NEONATOLOGÍA";"2";"3";"13";"54";"8";"240";"0"
"2023";"04";"160201";"LORETO";"ALTO AMAZONAS";"YURIMAGUAS";"GOBIERNO REGIONAL";"II-2";"00000210";"HOSPITAL II-2 SANTA GEMA DE YURIMAGUAS";"250103";"UNIDAD DE CUIDADOS CRITICOS UNIDAD  DE CUIDADOS INTENSIVOS GENERALES  (UCI) MEDICINA";"4";"6";"63";"7";"1";"30";"0"
"2023";"04";"160201";"LORETO";"ALTO AMAZONAS";"YURIMAGUAS";"GOBIERNO REGIONAL";"II-2";"00000210";"HOSPITAL II-2 SANTA GEMA DE YURIMAGUAS";"250105";"UNIDAD DE CUIDADOS CRITICOS UNIDAD  DE CUIDADOS INTENSIVOS  (UCI) NEONATOLOGÍA";"5";"7";"42";"5";"1";"30";"2"
"2023";"04";"160201";"LORETO";"ALTO AMAZONAS";"YURIMAGUAS";"GOBIERNO REGIONAL";"II-2";"00000210";"HOSPITAL II-2 SANTA GEMA DE YURIMAGUAS";"250304";"HOSPIT. EN UNIDAD DE CUID.INTEN.-UNIDAD DE VIGILANCIA INTENSIVA (UVI)-MEDICINA";"24";"26";"76";"137";"7";"210";"9"
"2023";"04";"160201";"LORETO";"ALTO AMAZONAS";"YURIMAGUAS";"GOBIERNO REGIONAL";"II-2";"00000210";"HOSPITAL II-2 SANTA GEMA DE YURIMAGUAS";"250305";"HOSPIT. EN UNIDAD DE CUID.INTEN.-UNIDAD DE VIGILANCIA INTENSIVA (UVI)-NEONATOLOGÍA";"5";"7";"73";"4";"1";"30";"0"
"2023";"04";"160201";"LORETO";"ALTO AMAZONAS";"YURIMAGUAS";"GOBIERNO REGIONAL";"II-2";"00000210";"HOSPITAL II-2 SANTA GEMA DE YURIMAGUAS";"250306";"HOSPIT. EN UNIDAD DE CUID.INTEN.-UNIDAD DE VIGILANCIA INTENSIVA (UVI)-PEDIATRÍA";"34";"36";"59";"6";"1";"30";"2"
"2023";"04";"150601";"LIMA";"HUARAL";"HUARAL";"ESSALUD";"I-4";"00010333";"CENTRO DE ATENCION PRIMARIA III HUARAL";"NE_0001";"";"NE_0001";"NE_0001";"NE_0001";"NE_0001";"NE_0001";"NE_0001";"NE_0001"
"2023";"04";"080910";"CUSCO";"LA CONVENCION";"PICHARI";"GOBIERNO REGIONAL";"I-2";"00007114";"QUISTO CENTRAL";"NE_0001";"";"NE_0001";"NE_0001";"NE_0001";"NE_0001";"NE_0001";"NE_0001";"NE_0001"
"2023";"04";"080910";"CUSCO";"LA CONVENCION";"PICHARI";"GOBIERNO REGIONAL";"I-1";"00015170";"PICHARI BAJA";"NE_0001";"";"NE_0001";"NE_0001";"NE_0001";"NE_0001";"NE_0001";"NE_0001";"NE_0001"
"2023";"04";"080910";"CUSCO";"LA CONVENCION";"PICHARI";"GOBIERNO REGIONAL";"I-2";"00002496";"OMAYA";"NE_0001";"";"NE_0001";"NE_0001";"NE_0001";"NE_0001";"NE_0001";"NE_0001";"NE_0001"
"2023";"04";"130801";"LA LIBERTAD";"PATAZ";"TAYABAMBA";"GOBIERNO REGIONAL";"II-1";"00005375";"HOSPITAL PROVINCIAL DE TAYABAMBA";"241800";"HOSPITALIZACIÓN DE MEDICINA MEDICINA GENERAL ";"22";"22";"61";"69";"11";"330";"0"
"2023";"04";"130801";"LA LIBERTAD";"PATAZ";"TAYABAMBA";"GOBIERNO REGIONAL";"II-1";"00005375";"HOSPITAL PROVINCIAL DE TAYABAMBA";"241600";"HOSPITALIZACIÓN QUIRÚRGICA OBSTETRICIA   ";"18";"18";"27";"28";"5";"150";"0"
"2023";"04";"230302";"TACNA";"JORGE BASADRE";"ILABAYA";"PRIVADO";"I-4";"00018230";"HOSPITAL TOQUEPALA";"240100";"HOSPITALIZACIÓN QUIRÚRGICA CIRUGÍA GENERAL ";"6";"4";"11";"159";"14";"420";"0"
"2023";"04";"230302";"TACNA";"JORGE BASADRE";"ILABAYA";"PRIVADO";"I-4";"00018230";"HOSPITAL TOQUEPALA";"241400";"HOSPITALIZACIÓN QUIRÚRGICA GINECO - OBSTETRICIA ";"1";"1";"2";"33";"3";"90";"0"
"2023";"04";"230302";"TACNA";"JORGE BASADRE";"ILABAYA";"PRIVADO";"I-4";"00018230";"HOSPITAL TOQUEPALA";"241800";"HOSPITALIZACIÓN DE MEDICINA MEDICINA GENERAL ";"2";"4";"32";"117";"16";"480";"0"
"2023";"04";"230302";"TACNA";"JORGE BASADRE";"ILABAYA";"PRIVADO";"I-4";"00018230";"HOSPITAL TOQUEPALA";"242500";"HOSPITALIZACIÓN-PEDIATRÍA GENERAL-";"2";"3";"15";"16";"17";"510";"0"
"2023";"05";"080105";"CUSCO";"CUSCO";"SAN SEBASTIAN";"SANIDAD DE LA POLICIA NACIONAL DEL PERU";"I-3";"00011743";"POLICIAL ""SANTA ROSA""  CUSCO";"NE_0001";"";"NE_0001";"NE_0001";"NE_0001";"NE_0001";"NE_0001";"NE_0001";"NE_0001"
"2023";"04";"120504";"JUNIN";"JUNIN";"ULCUMAYO";"GOBIERNO REGIONAL";"I-1";"00000607";"PISCURRURAY";"NE_0001";"";"NE_0001";"NE_0001";"NE_0001";"NE_0001";"NE_0001";"NE_0001";"NE_0001"
"2023";"04";"120504";"JUNIN";"JUNIN";"ULCUMAYO";"GOBIERNO REGIONAL";"I-1";"00000606";"QUIPACANCHA";"NE_0001";"";"NE_0001";"NE_0001";"NE_0001";"NE_0001";"NE_0001";"NE_0001";"NE_0001"
"2023";"04";"120504";"JUNIN";"JUNIN";"ULCUMAYO";"GOBIERNO REGIONAL";"I-1";"00000605";"SHOGUE";"NE_0001";"";"NE_0001";"NE_0001";"NE_0001";"NE_0001";"NE_0001";"NE_0001";"NE_0001"
"2023";"04";"120504";"JUNIN";"JUNIN";"ULCUMAYO";"GOBIERNO REGIONAL";"I-2";"00000604";"TAMBOS";"NE_0001";"";"NE_0001";"NE_0001";"NE_0001";"NE_0001";"NE_0001";"NE_0001";"NE_0001"
"2023";"04";"120504";"JUNIN";"JUNIN";"ULCUMAYO";"GOBIERNO REGIONAL";"I-2";"00000602";"QUILCATACTA";"NE_0001";"";"NE_0001";"NE_0001";"NE_0001";"NE_0001";"NE_0001";"NE_0001";"NE_0001"
"2023";"04";"120504";"JUNIN";"JUNIN";"ULCUMAYO";"GOBIERNO REGIONAL";"I-3";"00000601";"ULCUMAYO";"NE_0001";"";"NE_0001";"NE_0001";"NE_0001";"NE_0001";"NE_0001";"NE_0001";"NE_0001"
"2023";"05";"150141";"LIMA";"LIMA";"SURQUILLO";"SANIDAD DE LA POLICIA NACIONAL DEL PERU";"I-3";"00012822";"CENTRO ODONTOLOGICO PNP ANGAMOS";"NE_0001";"";"NE_0001";"NE_0001";"NE_0001";"NE_0001";"NE_0001";"NE_0001";"NE_0001"
"2023";"05";"150140";"LIMA";"LIMA";"SANTIAGO DE SURCO";"PRIVADO";"I-2";"00010498";"ILA";"NE_0002";"";"NE_0002";"NE_0002";"NE_0002";"NE_0002";"NE_0002";"NE_0002";"NE_0002"
"2023";"05";"150134";"LIMA";"LIMA";"SAN LUIS";"ESSALUD";"I-3";"00008289";"POLICLÍNICO DE COMPLEJIDAD CRECIENTE SAN LUIS";"NE_0001";"";"NE_0001";"NE_0001";"NE_0001";"NE_0001";"NE_0001";"NE_0001";"NE_0001"
"2023";"05";"120205";"JUNIN";"CONCEPCION";"COCHAS";"GOBIERNO REGIONAL";"I-2";"00000676";"COCHAS";"NE_0001";"";"NE_0001";"NE_0001";"NE_0001";"NE_0001";"NE_0001";"NE_0001";"NE_0001"
"2023";"05";"120206";"JUNIN";"CONCEPCION";"COMAS";"GOBIERNO REGIONAL";"I-1";"00000684";"RUNATULLO";"NE_0001";"";"NE_0001";"NE_0001";"NE_0001";"NE_0001";"NE_0001";"NE_0001";"NE_0001"
"2023";"05";"120203";"JUNIN";"CONCEPCION";"ANDAMARCA";"GOBIERNO REGIONAL";"I-1";"00019790";"PUNCO";"NE_0001";"";"NE_0001";"NE_0001";"NE_0001";"NE_0001";"NE_0001";"NE_0001";"NE_0001"
"2023";"05";"120135";"JUNIN";"HUANCAYO";"SANTO DOMINGO DE ACOBAMBA";"GOBIERNO REGIONAL";"I-1";"00024428";"POTRERO";"NE_0001";"";"NE_0001";"NE_0001";"NE_0001";"NE_0001";"NE_0001";"NE_0001";"NE_0001"
"2023";"05";"120135";"JUNIN";"HUANCAYO";"SANTO DOMINGO DE ACOBAMBA";"GOBIERNO REGIONAL";"I-3";"00000666";"SANTO DOMINGO DE ACOBAMBA";"NE_0001";"";"NE_0001";"NE_0001";"NE_0001";"NE_0001";"NE_0001";"NE_0001";"NE_0001"
"2023";"05";"120205";"JUNIN";"CONCEPCION";"COCHAS";"GOBIERNO REGIONAL";"I-1";"00000677";"PILCOLLAMA";"NE_0001";"";"NE_0001";"NE_0001";"NE_0001";"NE_0001";"NE_0001";"NE_0001";"NE_0001"
"2023";"05";"120206";"JUNIN";"CONCEPCION";"COMAS";"GOBIERNO REGIONAL";"I-3";"00000678";"COMAS";"NE_0001";"";"NE_0001";"NE_0001";"NE_0001";"NE_0001";"NE_0001";"NE_0001";"NE_0001"
"2023";"05";"120206";"JUNIN";"CONCEPCION";"COMAS";"GOBIERNO REGIONAL";"I-1";"00000682";"TALHUIS";"NE_0001";"";"NE_0001";"NE_0001";"NE_0001";"NE_0001";"NE_0001";"NE_0001";"NE_0001"
"2023";"05";"120209";"JUNIN";"CONCEPCION";"MARISCAL CASTILLA";"GOBIERNO REGIONAL";"I-2";"00000686";"MARISCAL CASTILLA";"NE_0001";"";"NE_0001";"NE_0001";"NE_0001";"NE_0001";"NE_0001";"NE_0001";"NE_0001"
"2023";"05";"120135";"JUNIN";"HUANCAYO";"SANTO DOMINGO DE ACOBAMBA";"GOBIERNO REGIONAL";"I-2";"00000667";"MATICHACRA";"NE_0001";"";"NE_0001";"NE_0001";"NE_0001";"NE_0001";"NE_0001";"NE_0001";"NE_0001"
"2023";"05";"120203";"JUNIN";"CONCEPCION";"ANDAMARCA";"GOBIERNO REGIONAL";"I-2";"00000673";"PUCACOCHA";"NE_0001";"";"NE_0001";"NE_0001";"NE_0001";"NE_0001";"NE_0001";"NE_0001";"NE_0001"
"2023";"05";"120135";"JUNIN";"HUANCAYO";"SANTO DOMINGO DE ACOBAMBA";"GOBIERNO REGIONAL";"I-2";"00000744";"YUNCACHAQUICOCHA";"NE_0001";"";"NE_0001";"NE_0001";"NE_0001";"NE_0001";"NE_0001";"NE_0001";"NE_0001"
"2023";"05";"120135";"JUNIN";"HUANCAYO";"SANTO DOMINGO DE ACOBAMBA";"GOBIERNO REGIONAL";"I-1";"00007082";"HUANCAMAYO";"NE_0001";"";"NE_0001";"NE_0001";"NE_0001";"NE_0001";"NE_0001";"NE_0001";"NE_0001"
"2023";"05";"120135";"JUNIN";"HUANCAYO";"SANTO DOMINGO DE ACOBAMBA";"GOBIERNO REGIONAL";"I-1";"00012468";"LA NUEVA LIBERTAD DE PUNTO";"NE_0001";"";"NE_0001";"NE_0001";"NE_0001";"NE_0001";"NE_0001";"NE_0001";"NE_0001"
"2023";"05";"120203";"JUNIN";"CONCEPCION";"ANDAMARCA";"GOBIERNO REGIONAL";"I-1";"00019793";"HUANUCO";"NE_0001";"";"NE_0001";"NE_0001";"NE_0001";"NE_0001";"NE_0001";"NE_0001";"NE_0001"
"2023";"05";"120135";"JUNIN";"HUANCAYO";"SANTO DOMINGO DE ACOBAMBA";"GOBIERNO REGIONAL";"I-1";"00000668";"PAURAN ATICOCHA";"NE_0001";"";"NE_0001";"NE_0001";"NE_0001";"NE_0001";"NE_0001";"NE_0001";"NE_0001"
"2023";"05";"120135";"JUNIN";"HUANCAYO";"SANTO DOMINGO DE ACOBAMBA";"GOBIERNO REGIONAL";"I-1";"00023381";"YANABAMBA";"NE_0001";"";"NE_0001";"NE_0001";"NE_0001";"NE_0001";"NE_0001";"NE_0001";"NE_0001"
"2023";"05";"120135";"JUNIN";"HUANCAYO";"SANTO DOMINGO DE ACOBAMBA";"GOBIERNO REGIONAL";"I-1";"00024779";"DURAZNO PATA";"NE_0001";"";"NE_0001";"NE_0001";"NE_0001";"NE_0001";"NE_0001";"NE_0001";"NE_0001"
"2023";"05";"120135";"JUNIN";"HUANCAYO";"SANTO DOMINGO DE ACOBAMBA";"GOBIERNO REGIONAL";"I-1";"00024780";"ROSASPAMPA";"NE_0001";"";"NE_0001";"NE_0001";"NE_0001";"NE_0001";"NE_0001";"NE_0001";"NE_0001"
"2023";"05";"120135";"JUNIN";"HUANCAYO";"SANTO DOMINGO DE ACOBAMBA";"GOBIERNO REGIONAL";"I-2";"00000669";"PUMABAMBA";"NE_0001";"";"NE_0001";"NE_0001";"NE_0001";"NE_0001";"NE_0001";"NE_0001";"NE_0001"
"2023";"05";"120135";"JUNIN";"HUANCAYO";"SANTO DOMINGO DE ACOBAMBA";"GOBIERNO REGIONAL";"I-1";"00000670";"SANTA ROSA DE ASTILLERIA";"NE_0001";"";"NE_0001";"NE_0001";"NE_0001";"NE_0001";"NE_0001";"NE_0001";"NE_0001"
"2023";"05";"120205";"JUNIN";"CONCEPCION";"COCHAS";"GOBIERNO REGIONAL";"I-1";"00019792";"ANDAS";"NE_0001";"";"NE_0001";"NE_0001";"NE_0001";"NE_0001";"NE_0001";"NE_0001";"NE_0001"
"2023";"05";"120205";"JUNIN";"CONCEPCION";"COCHAS";"GOBIERNO REGIONAL";"I-1";"00019794";"SAN FRANCISCO DE MACON";"NE_0001";"";"NE_0001";"NE_0001";"NE_0001";"NE_0001";"NE_0001";"NE_0001";"NE_0001"
"2023";"05";"120203";"JUNIN";"CONCEPCION";"ANDAMARCA";"GOBIERNO REGIONAL";"I-2";"00000672";"ANDAMARCA";"NE_0001";"";"NE_0001";"NE_0001";"NE_0001";"NE_0001";"NE_0001";"NE_0001";"NE_0001"
"2023";"05";"150135";"LIMA";"LIMA";"SAN MARTIN DE PORRES";"MINSA";"III-2";"00007733";"INSTITUTO NACIONAL DE SALUD MENTAL ""HONORIO DELGADO - HIDEYO NOGUCHI""";"242202";"HOSPITALIZACIÓN DE MEDICINA PSIQUIATRÍA PSIQUIATRÍA DEL ADULTO Y GERONTE";"9";"13";"1120";"1254";"49";"1521";"0"
"2023";"05";"150135";"LIMA";"LIMA";"SAN MARTIN DE PORRES";"MINSA";"III-2";"00007733";"INSTITUTO NACIONAL DE SALUD MENTAL ""HONORIO DELGADO - HIDEYO NOGUCHI""";"242203";"HOSPITALIZACIÓN DE MEDICINA PSIQUIATRÍA PSIQUIATRÍA DEL NIÑO Y DEL ADOLESCENTE";"9";"9";"383";"359";"12";"372";"0"
"2023";"05";"150135";"LIMA";"LIMA";"SAN MARTIN DE PORRES";"MINSA";"III-2";"00007733";"INSTITUTO NACIONAL DE SALUD MENTAL ""HONORIO DELGADO - HIDEYO NOGUCHI""";"242205";"HOSPITALIZACIÓN MEDICINA PSIQUIATRÍA PISIQUIATRIA/ SALUD MENTAL Y ADICCIONES";"17";"15";"696";"700";"27";"837";"0"
"2023";"05";"020101";"ANCASH";"HUARAZ";"HUARAZ";"GOBIERNO REGIONAL";"II-2";"00001543";"HOSPITAL ""VICTOR RAMOS GUARDIA"" - HUARAZ";"244000";"HOSPITALIZACIÓN DE MEDICINA CARDIOLOGIA ";"9";"10";"70";"59";"2";"62";"1"
"2023";"05";"020101";"ANCASH";"HUARAZ";"HUARAZ";"GOBIERNO REGIONAL";"II-2";"00001543";"HOSPITAL ""VICTOR RAMOS GUARDIA"" - HUARAZ";"244300";"HOSPITALIZACIÓN DE MEDICINA GASTROENTEROLOGÍA  ";"10";"16";"113";"94";"4";"124";"0"
"2023";"05";"020101";"ANCASH";"HUARAZ";"HUARAZ";"GOBIERNO REGIONAL";"II-2";"00001543";"HOSPITAL ""VICTOR RAMOS GUARDIA"" - HUARAZ";"241800";"HOSPITALIZACIÓN DE MEDICINA MEDICINA GENERAL ";"26";"34";"263";"251";"11";"341";"3"
"2023";"05";"020101";"ANCASH";"HUARAZ";"HUARAZ";"GOBIERNO REGIONAL";"II-2";"00001543";"HOSPITAL ""VICTOR RAMOS GUARDIA"" - HUARAZ";"245300";"HOSPITALIZACIÓN DE MEDICINA NEUMOLOGÍA  ";"22";"31";"381";"217";"10";"310";"5"
"2023";"05";"020101";"ANCASH";"HUARAZ";"HUARAZ";"GOBIERNO REGIONAL";"II-2";"00001543";"HOSPITAL ""VICTOR RAMOS GUARDIA"" - HUARAZ";"244700";"HOSPITALIZACIÓN DE MEDICINA NEUROLOGIA  ";"11";"11";"74";"89";"4";"124";"1"
"2023";"05";"020101";"ANCASH";"HUARAZ";"HUARAZ";"GOBIERNO REGIONAL";"II-2";"00001543";"HOSPITAL ""VICTOR RAMOS GUARDIA"" - HUARAZ";"242200";"HOSPITALIZACIÓN DE MEDICINA PSIQUIATRÍA ";"7";"9";"116";"142";"5";"155";"0"
"2023";"03";"120120";"JUNIN";"HUANCAYO";"HUASICANCHA";"GOBIERNO REGIONAL";"I-1";"00000703";"HUASICANCHA";"NE_0002";"";"NE_0002";"NE_0002";"NE_0002";"NE_0002";"NE_0002";"NE_0002";"NE_0002"
"2023";"03";"150140";"LIMA";"LIMA";"SANTIAGO DE SURCO";"PRIVADO";"II-E";"00012219";"CLINICA MONTESUR";"241800";"HOSPITALIZACIÓN DE MEDICINA MEDICINA GENERAL ";"215";"210";"254";"197";"34";"155";"0"
"2023";"03";"150140";"LIMA";"LIMA";"SANTIAGO DE SURCO";"PRIVADO";"II-E";"00012219";"CLINICA MONTESUR";"243200";"HOSPITALIZACIÓN DE PEDIATRÍA PEDIATRIA NEONATOLOGÍA";"30";"27";"65";"28";"5";"983";"0"
"2023";"03";"200115";"PIURA";"PIURA";"VEINTISEIS DE OCTUBRE";"GOBIERNO REGIONAL";"II-2";"00002084";"HOSPITAL DE LA AMISTAD PERU - COREA SANTA ROSA II-2";"240100";"HOSPITALIZACIÓN QUIRÚRGICA CIRUGÍA GENERAL ";"180";"202";"911";"979";"40";"1240";"2"
"2023";"03";"200115";"PIURA";"PIURA";"VEINTISEIS DE OCTUBRE";"GOBIERNO REGIONAL";"II-2";"00002084";"HOSPITAL DE LA AMISTAD PERU - COREA SANTA ROSA II-2";"241500";"HOSPITALIZACIÓN QUIRÚRGICA GINECOLOGÍA  ";"192";"204";"443";"441";"16";"496";"0"
"2023";"03";"200115";"PIURA";"PIURA";"VEINTISEIS DE OCTUBRE";"GOBIERNO REGIONAL";"II-2";"00002084";"HOSPITAL DE LA AMISTAD PERU - COREA SANTA ROSA II-2";"241600";"HOSPITALIZACIÓN QUIRÚRGICA OBSTETRICIA   ";"349";"367";"606";"548";"25";"775";"0"
"2023";"03";"200115";"PIURA";"PIURA";"VEINTISEIS DE OCTUBRE";"GOBIERNO REGIONAL";"II-2";"00002084";"HOSPITAL DE LA AMISTAD PERU - COREA SANTA ROSA II-2";"241800";"HOSPITALIZACIÓN DE MEDICINA MEDICINA GENERAL ";"120";"159";"1394";"1439";"50";"1550";"15"
"2023";"03";"200115";"PIURA";"PIURA";"VEINTISEIS DE OCTUBRE";"GOBIERNO REGIONAL";"II-2";"00002084";"HOSPITAL DE LA AMISTAD PERU - COREA SANTA ROSA II-2";"242500";"HOSPITALIZACIÓN-PEDIATRÍA GENERAL-";"52";"61";"315";"300";"13";"403";"1"
"2023";"03";"200115";"PIURA";"PIURA";"VEINTISEIS DE OCTUBRE";"GOBIERNO REGIONAL";"II-2";"00002084";"HOSPITAL DE LA AMISTAD PERU - COREA SANTA ROSA II-2";"243200";"HOSPITALIZACIÓN DE PEDIATRÍA PEDIATRIA NEONATOLOGÍA";"82";"98";"702";"700";"23";"713";"2"
"2023";"02";"250101";"UCAYALI";"CORONEL PORTILLO";"CALLERIA";"GOBIERNO REGIONAL";"0";"00027157";"SISTEMA DE ATENCIÓN MÓVIL DE URGENCIAS (SAMU)";"NE_0001";"";"NE_0001";"NE_0001";"NE_0001";"NE_0001";"NE_0001";"NE_0001";"NE_0001"
"2023";"02";"250303";"UCAYALI";"PADRE ABAD";"CURIMANA";"GOBIERNO REGIONAL";"I-1";"00025049";"PUESTO DE SALUD MERIBA";"NE_0001";"";"NE_0001";"NE_0001";"NE_0001";"NE_0001";"NE_0001";"NE_0001";"NE_0001"
"2023";"02";"250105";"UCAYALI";"CORONEL PORTILLO";"YARINACOCHA";"GOBIERNO REGIONAL";"0";"00014314";"LABORATORIO DE REFERENCIA REGIONAL EN SALUD PUBLICA UCAYALI";"NE_0001";"";"NE_0001";"NE_0001";"NE_0001";"NE_0001";"NE_0001";"NE_0001";"NE_0001"
"2023";"02";"250105";"UCAYALI";"CORONEL PORTILLO";"YARINACOCHA";"GOBIERNO REGIONAL";"I-1";"00007237";"NUEVA UNION";"NE_0001";"";"NE_0001";"NE_0001";"NE_0001";"NE_0001";"NE_0001";"NE_0001";"NE_0001"
"2023";"02";"250303";"UCAYALI";"PADRE ABAD";"CURIMANA";"GOBIERNO REGIONAL";"I-1";"00006950";"PUEBLO LIBRE CURIMANA";"NE_0001";"";"NE_0001";"NE_0001";"NE_0001";"NE_0001";"NE_0001";"NE_0001";"NE_0001"
"2023";"02";"250303";"UCAYALI";"PADRE ABAD";"CURIMANA";"GOBIERNO REGIONAL";"I-1";"00006885";"SAN JUAN DE TAHUAPOA";"NE_0001";"";"NE_0001";"NE_0001";"NE_0001";"NE_0001";"NE_0001";"NE_0001";"NE_0001"
"2023";"02";"250105";"UCAYALI";"CORONEL PORTILLO";"YARINACOCHA";"GOBIERNO REGIONAL";"I-1";"00005549";"SANTA ROSA";"NE_0001";"";"NE_0001";"NE_0001";"NE_0001";"NE_0001";"NE_0001";"NE_0001";"NE_0001"
"2023";"02";"250105";"UCAYALI";"CORONEL PORTILLO";"YARINACOCHA";"GOBIERNO REGIONAL";"I-1";"00005548";"CASHIVOCOCHA";"NE_0001";"";"NE_0001";"NE_0001";"NE_0001";"NE_0001";"NE_0001";"NE_0001";"NE_0001"
"2023";"02";"250105";"UCAYALI";"CORONEL PORTILLO";"YARINACOCHA";"GOBIERNO REGIONAL";"I-1";"00005546";"MARISCAL SUCRE";"NE_0001";"";"NE_0001";"NE_0001";"NE_0001";"NE_0001";"NE_0001";"NE_0001";"NE_0001"
"2023";"02";"250105";"UCAYALI";"CORONEL PORTILLO";"YARINACOCHA";"GOBIERNO REGIONAL";"I-1";"00005545";"NUEVA ALEJANDRIA";"NE_0001";"";"NE_0001";"NE_0001";"NE_0001";"NE_0001";"NE_0001";"NE_0001";"NE_0001"
"2023";"02";"250105";"UCAYALI";"CORONEL PORTILLO";"YARINACOCHA";"GOBIERNO REGIONAL";"I-1";"00005544";"CLAS UNION ZAPOTILLO";"NE_0001";"";"NE_0001";"NE_0001";"NE_0001";"NE_0001";"NE_0001";"NE_0001";"NE_0001"
"2023";"02";"250105";"UCAYALI";"CORONEL PORTILLO";"YARINACOCHA";"GOBIERNO REGIONAL";"I-1";"00005543";"NUEVA LUZ DE FATIMA";"NE_0001";"";"NE_0001";"NE_0001";"NE_0001";"NE_0001";"NE_0001";"NE_0001";"NE_0001"
"2023";"02";"250105";"UCAYALI";"CORONEL PORTILLO";"YARINACOCHA";"GOBIERNO REGIONAL";"I-1";"00005542";"CLAS  DE SAN JUAN YARINACOCHA .";"NE_0001";"";"NE_0001";"NE_0001";"NE_0001";"NE_0001";"NE_0001";"NE_0001";"NE_0001"
"2023";"02";"250105";"UCAYALI";"CORONEL PORTILLO";"YARINACOCHA";"GOBIERNO REGIONAL";"I-1";"00005541";"PUESTO DE SALUD LEONCIO PRADO";"NE_0001";"";"NE_0001";"NE_0001";"NE_0001";"NE_0001";"NE_0001";"NE_0001";"NE_0001"
"2023";"02";"250105";"UCAYALI";"CORONEL PORTILLO";"YARINACOCHA";"GOBIERNO REGIONAL";"I-1";"00005540";"HUITOCOCHA";"NE_0001";"";"NE_0001";"NE_0001";"NE_0001";"NE_0001";"NE_0001";"NE_0001";"NE_0001"
"2023";"02";"250105";"UCAYALI";"CORONEL PORTILLO";"YARINACOCHA";"GOBIERNO REGIONAL";"I-2";"00005538";"SAN FRANCISCO DE YARINACOCHA";"NE_0001";"";"NE_0001";"NE_0001";"NE_0001";"NE_0001";"NE_0001";"NE_0001";"NE_0001"
"2023";"02";"250105";"UCAYALI";"CORONEL PORTILLO";"YARINACOCHA";"GOBIERNO REGIONAL";"I-2";"00005537";"CLAS   BELLAVISTA DE YARINACOCHA";"NE_0001";"";"NE_0001";"NE_0001";"NE_0001";"NE_0001";"NE_0001";"NE_0001";"NE_0001"
"2023";"02";"250105";"UCAYALI";"CORONEL PORTILLO";"YARINACOCHA";"GOBIERNO REGIONAL";"I-2";"00005536";"ESPERANZA DE PANAILLO";"NE_0001";"";"NE_0001";"NE_0001";"NE_0001";"NE_0001";"NE_0001";"NE_0001";"NE_0001"
"2023";"02";"250105";"UCAYALI";"CORONEL PORTILLO";"YARINACOCHA";"GOBIERNO REGIONAL";"I-2";"00005535";"CLAS SAN PABLO DE TUSHMO.";"NE_0001";"";"NE_0001";"NE_0001";"NE_0001";"NE_0001";"NE_0001";"NE_0001";"NE_0001"
"2023";"02";"250105";"UCAYALI";"CORONEL PORTILLO";"YARINACOCHA";"GOBIERNO REGIONAL";"I-3";"00005534";"SAN JOSE DE YARINACOCHA";"NE_0001";"";"NE_0001";"NE_0001";"NE_0001";"NE_0001";"NE_0001";"NE_0001";"NE_0001"
"2023";"02";"250303";"UCAYALI";"PADRE ABAD";"CURIMANA";"GOBIERNO REGIONAL";"I-1";"00005425";"ZORRILLOS";"NE_0001";"";"NE_0001";"NE_0001";"NE_0001";"NE_0001";"NE_0001";"NE_0001";"NE_0001"
"2023";"02";"250303";"UCAYALI";"PADRE ABAD";"CURIMANA";"GOBIERNO REGIONAL";"I-1";"00005424";"BELLO HORIZONTE";"NE_0001";"";"NE_0001";"NE_0001";"NE_0001";"NE_0001";"NE_0001";"NE_0001";"NE_0001"
"2023";"02";"250303";"UCAYALI";"PADRE ABAD";"CURIMANA";"GOBIERNO REGIONAL";"I-1";"00005423";"LAS MALVINAS.";"NE_0001";"";"NE_0001";"NE_0001";"NE_0001";"NE_0001";"NE_0001";"NE_0001";"NE_0001"
"2023";"02";"250303";"UCAYALI";"PADRE ABAD";"CURIMANA";"GOBIERNO REGIONAL";"I-3";"00005422";"CURIMANA";"NE_0001";"";"NE_0001";"NE_0001";"NE_0001";"NE_0001";"NE_0001";"NE_0001";"NE_0001"
"2023";"04";"230401";"TACNA";"TARATA";"TARATA";"ESSALUD";"I-2";"00010192";"CENTRO DE ATENCION PRIMARIA I TARATA";"NE_0001";"";"NE_0001";"NE_0001";"NE_0001";"NE_0001";"NE_0001";"NE_0001";"NE_0001"
"2023";"04";"150117";"LIMA";"LIMA";"LOS OLIVOS";"PRIVADO";"II-E";"00017385";"CLINICA SAN BARTOLOME";"240000";"HOSPITALIZACIÓN";"30";"31";"18";"32";"7";"210";"0"
"2023";"04";"180303";"MOQUEGUA";"ILO";"PACOCHA";"PRIVADO";"II-1";"00017563";"HOSPITAL SPCC - ILO";"240100";"HOSPITALIZACIÓN QUIRÚRGICA CIRUGÍA GENERAL ";"12";"14";"50";"59";"14";"420";"0"
"2023";"04";"180303";"MOQUEGUA";"ILO";"PACOCHA";"PRIVADO";"II-1";"00017563";"HOSPITAL SPCC - ILO";"241400";"HOSPITALIZACIÓN QUIRÚRGICA GINECO - OBSTETRICIA ";"4";"4";"7";"11";"3";"90";"0"
"2023";"04";"180303";"MOQUEGUA";"ILO";"PACOCHA";"PRIVADO";"II-1";"00017563";"HOSPITAL SPCC - ILO";"241800";"HOSPITALIZACIÓN DE MEDICINA MEDICINA GENERAL ";"10";"10";"96";"78";"16";"480";"0"
"2023";"04";"180303";"MOQUEGUA";"ILO";"PACOCHA";"PRIVADO";"II-1";"00017563";"HOSPITAL SPCC - ILO";"242500";"HOSPITALIZACIÓN-PEDIATRÍA GENERAL-";"2";"3";"11";"12";"17";"510";"0"
"2023";"05";"140101";"LAMBAYEQUE";"CHICLAYO";"CHICLAYO";"PRIVADO";"II-E";"00026707";"CLÍNICA OFTALMOLÓGICA VIDAVAS SAC";"NE_0001";"";"NE_0001";"NE_0001";"NE_0001";"NE_0001";"NE_0001";"NE_0001";"NE_0001"
"2023";"05";"150101";"LIMA";"LIMA";"LIMA";"PRIVADO";"II-1";"00016291";"HOSPITAL MEGASALUD UNIVERSAL";"240000";"HOSPITALIZACIÓN";"57";"44";"231";"218";"22";"682";"2"
"2023";"05";"130207";"LA LIBERTAD";"ASCOPE";"SANTIAGO DE CAO";"ESSALUD";"I-2";"00012114";"POSTA DE SALUD SANTIAGO DE CAO";"NE_0001";"";"NE_0001";"NE_0001";"NE_0001";"NE_0001";"NE_0001";"NE_0001";"NE_0001"
"2023";"04";"250102";"UCAYALI";"CORONEL PORTILLO";"CAMPOVERDE";"GOBIERNO REGIONAL";"I-1";"00011909";"NUEVA TUNUYA";"NE_0001";"";"NE_0001";"NE_0001";"NE_0001";"NE_0001";"NE_0001";"NE_0001";"NE_0001"
"2023";"04";"250102";"UCAYALI";"CORONEL PORTILLO";"CAMPOVERDE";"GOBIERNO REGIONAL";"I-1";"00005435";"EL PORVENIR KM 25";"NE_0001";"";"NE_0001";"NE_0001";"NE_0001";"NE_0001";"NE_0001";"NE_0001";"NE_0001"
"2023";"04";"250106";"UCAYALI";"CORONEL PORTILLO";"NUEVA REQUENA";"GOBIERNO REGIONAL";"I-1";"00005449";"SHAMBO PORVENIR";"NE_0001";"";"NE_0001";"NE_0001";"NE_0001";"NE_0001";"NE_0001";"NE_0001";"NE_0001"
"2023";"04";"250106";"UCAYALI";"CORONEL PORTILLO";"NUEVA REQUENA";"GOBIERNO REGIONAL";"I-1";"00005448";"MIRAFLORES";"NE_0001";"";"NE_0001";"NE_0001";"NE_0001";"NE_0001";"NE_0001";"NE_0001";"NE_0001"
"2023";"04";"250106";"UCAYALI";"CORONEL PORTILLO";"NUEVA REQUENA";"GOBIERNO REGIONAL";"I-1";"00005447";"ESPERANZA  DE AGUAYTIA";"NE_0001";"";"NE_0001";"NE_0001";"NE_0001";"NE_0001";"NE_0001";"NE_0001";"NE_0001"
"2023";"04";"250106";"UCAYALI";"CORONEL PORTILLO";"NUEVA REQUENA";"GOBIERNO REGIONAL";"I-1";"00005446";"NUEVO PIURA";"NE_0001";"";"NE_0001";"NE_0001";"NE_0001";"NE_0001";"NE_0001";"NE_0001";"NE_0001"
"2023";"04";"250106";"UCAYALI";"CORONEL PORTILLO";"NUEVA REQUENA";"GOBIERNO REGIONAL";"I-1";"00005445";"JUVENTUD";"NE_0001";"";"NE_0001";"NE_0001";"NE_0001";"NE_0001";"NE_0001";"NE_0001";"NE_0001"
"2023";"04";"250102";"UCAYALI";"CORONEL PORTILLO";"CAMPOVERDE";"GOBIERNO REGIONAL";"I-1";"00005444";"SARITA COLONIA";"NE_0001";"";"NE_0001";"NE_0001";"NE_0001";"NE_0001";"NE_0001";"NE_0001";"NE_0001"
"2023";"04";"250106";"UCAYALI";"CORONEL PORTILLO";"NUEVA REQUENA";"GOBIERNO REGIONAL";"I-3";"00005443";"NUEVA REQUENA";"NE_0001";"";"NE_0001";"NE_0001";"NE_0001";"NE_0001";"NE_0001";"NE_0001";"NE_0001"
"2023";"05";"120303";"JUNIN";"CHANCHAMAYO";"PICHANAQUI";"GOBIERNO REGIONAL";"I-2";"00000341";"IMPITATO CASCADA";"NE_0001";"";"NE_0001";"NE_0001";"NE_0001";"NE_0001";"NE_0001";"NE_0001";"NE_0001"
"2023";"05";"120303";"JUNIN";"CHANCHAMAYO";"PICHANAQUI";"GOBIERNO REGIONAL";"I-2";"00000345";"PAMPA CAMONA";"NE_0001";"";"NE_0001";"NE_0001";"NE_0001";"NE_0001";"NE_0001";"NE_0001";"NE_0001"
"2023";"05";"120303";"JUNIN";"CHANCHAMAYO";"PICHANAQUI";"GOBIERNO REGIONAL";"I-2";"00000352";"UNION SHIMASHIRO";"NE_0001";"";"NE_0001";"NE_0001";"NE_0001";"NE_0001";"NE_0001";"NE_0001";"NE_0001"
"2023";"05";"120303";"JUNIN";"CHANCHAMAYO";"PICHANAQUI";"GOBIERNO REGIONAL";"I-2";"00000342";"PRIMAVERA";"NE_0001";"";"NE_0001";"NE_0001";"NE_0001";"NE_0001";"NE_0001";"NE_0001";"NE_0001"
"2023";"05";"120303";"JUNIN";"CHANCHAMAYO";"PICHANAQUI";"GOBIERNO REGIONAL";"I-3";"00000344";"LAS PALMAS";"NE_0001";"";"NE_0001";"NE_0001";"NE_0001";"NE_0001";"NE_0001";"NE_0001";"NE_0001"
"2023";"05";"120303";"JUNIN";"CHANCHAMAYO";"PICHANAQUI";"GOBIERNO REGIONAL";"I-2";"00007361";"COLONIA HUANCA";"NE_0001";"";"NE_0001";"NE_0001";"NE_0001";"NE_0001";"NE_0001";"NE_0001";"NE_0001"
"2023";"02";"060501";"CAJAMARCA";"CONTUMAZA";"CONTUMAZA";"ESSALUD";"I-2";"00010276";"POSTA MEDICA ESSALUD CONTUMAZA";"NE_0001";"";"NE_0001";"NE_0001";"NE_0001";"NE_0001";"NE_0001";"NE_0001";"NE_0001"
"2023";"05";"150114";"LIMA";"LIMA";"LA MOLINA";"PRIVADO";"I-3";"00010464";"CLINICA ANGLO AMERICANA";"NE_0001";"";"NE_0001";"NE_0001";"NE_0001";"NE_0001";"NE_0001";"NE_0001";"NE_0001"
"2023";"05";"120703";"JUNIN";"TARMA";"HUARICOLCA";"GOBIERNO REGIONAL";"I-2";"00000595";"HUARICOLCA";"NE_0001";"";"NE_0001";"NE_0001";"NE_0001";"NE_0001";"NE_0001";"NE_0001";"NE_0001"
"2023";"05";"120703";"JUNIN";"TARMA";"HUARICOLCA";"GOBIERNO REGIONAL";"I-1";"00000596";"APAYCANCHILLA";"NE_0001";"";"NE_0001";"NE_0001";"NE_0001";"NE_0001";"NE_0001";"NE_0001";"NE_0001"
"2023";"05";"120703";"JUNIN";"TARMA";"HUARICOLCA";"GOBIERNO REGIONAL";"I-1";"00000568";"CONGAS ANTACUCHO";"NE_0001";"";"NE_0001";"NE_0001";"NE_0001";"NE_0001";"NE_0001";"NE_0001";"NE_0001"
"2023";"05";"100301";"HUANUCO";"DOS DE MAYO";"LA UNION";"ESSALUD";"I-3";"00027084";"POSTA MEDICA LA UNION";"NE_0001";"";"NE_0001";"NE_0001";"NE_0001";"NE_0001";"NE_0001";"NE_0001";"NE_0001"
"2023";"05";"150131";"LIMA";"LIMA";"SAN ISIDRO";"PRIVADO";"I-2";"00025076";"CONSULTORIOS EXTERNOS ANGLO AMERICANA";"NE_0001";"";"NE_0001";"NE_0001";"NE_0001";"NE_0001";"NE_0001";"NE_0001";"NE_0001"
"2023";"05";"150131";"LIMA";"LIMA";"SAN ISIDRO";"PRIVADO";"I-4";"00008389";"IPOR: INSTITUTO PERUANO DE ONCOLOGIA & RADIOTERAPIA";"NE_0001";"";"NE_0001";"NE_0001";"NE_0001";"NE_0001";"NE_0001";"NE_0001";"NE_0001"
"2023";"05";"150135";"LIMA";"LIMA";"SAN MARTIN DE PORRES";"PRIVADO";"II-2";"00010603";"CLÍNICA MÉDICA CAYETANO HEREDIA";"240000";"HOSPITALIZACIÓN";"365";"355";"1058";"1089";"50";"1550";"0"
"2023";"05";"150135";"LIMA";"LIMA";"SAN MARTIN DE PORRES";"PRIVADO";"II-2";"00010603";"CLÍNICA MÉDICA CAYETANO HEREDIA";"250100";"UNIDAD DE CUIDADOS CRITICOS UNIDAD  DE CUIDADOS INTENSIVOS GENERALES (UCI) ";"18";"16";"68";"86";"9";"279";"4"
"2023";"05";"150135";"LIMA";"LIMA";"SAN MARTIN DE PORRES";"PRIVADO";"II-2";"00010603";"CLÍNICA MÉDICA CAYETANO HEREDIA";"250105";"UNIDAD DE CUIDADOS CRITICOS UNIDAD  DE CUIDADOS INTENSIVOS  (UCI) NEONATOLOGÍA";"6";"5";"40";"49";"4";"124";"0"
"2023";"05";"150135";"LIMA";"LIMA";"SAN MARTIN DE PORRES";"PRIVADO";"II-2";"00010603";"CLÍNICA MÉDICA CAYETANO HEREDIA";"250108";"UNIDAD DE CUIDADOS CRITICOS UNIDAD  DE CUIDADOS INTENSIVOS  (UCI) PEDIÁTRICA";"9";"7";"101";"110";"5";"155";"0"
"2023";"05";"070102";"CALLAO";"CALLAO";"BELLAVISTA";"GOBIERNO REGIONAL";"II-E";"00017883";"HOSPITAL DE REHABILITACION DEL CALLAO";"NE_0001";"";"NE_0001";"NE_0001";"NE_0001";"NE_0001";"NE_0001";"NE_0001";"NE_0001"
"2023";"05";"040126";"AREQUIPA";"AREQUIPA";"YANAHUARA";"PRIVADO";"II-E";"00021966";"CLINICA ALIVIARI";"NE_0001";"";"NE_0001";"NE_0001";"NE_0001";"NE_0001";"NE_0001";"NE_0001";"NE_0001"
"2023";"05";"120601";"JUNIN";"SATIPO";"SATIPO";"GOBIERNO REGIONAL";"I-1";"00000484";"ALTO PAURELI";"NE_0001";"";"NE_0001";"NE_0001";"NE_0001";"NE_0001";"NE_0001";"NE_0001";"NE_0001"
"2023";"05";"120607";"JUNIN";"SATIPO";"RIO NEGRO";"GOBIERNO REGIONAL";"I-3";"00000495";"RIO NEGRO";"NE_0001";"";"NE_0001";"NE_0001";"NE_0001";"NE_0001";"NE_0001";"NE_0001";"NE_0001"
"2023";"05";"120607";"JUNIN";"SATIPO";"RIO NEGRO";"GOBIERNO REGIONAL";"I-2";"00000505";"SAN JUAN DE CHENI";"NE_0001";"";"NE_0001";"NE_0001";"NE_0001";"NE_0001";"NE_0001";"NE_0001";"NE_0001"
"2023";"05";"140101";"LAMBAYEQUE";"CHICLAYO";"CHICLAYO";"PRIVADO";"II-E";"00026706";"CLINICA UNION SAC.";"241400";"HOSPITALIZACIÓN QUIRÚRGICA GINECO - OBSTETRICIA ";"83";"78";"122";"150";"6";"160";"0"
"2023";"05";"140101";"LAMBAYEQUE";"CHICLAYO";"CHICLAYO";"PRIVADO";"II-E";"00026706";"CLINICA UNION SAC.";"240100";"HOSPITALIZACIÓN QUIRÚRGICA CIRUGÍA GENERAL ";"72";"58";"107";"115";"3";"120";"0"
"2023";"05";"140101";"LAMBAYEQUE";"CHICLAYO";"CHICLAYO";"PRIVADO";"II-E";"00026706";"CLINICA UNION SAC.";"241300";"HOSPITALIZACIÓN QUIRÚRGICA UROLOGÍA  ";"16";"19";"45";"55";"2";"60";"0"
"2023";"05";"140101";"LAMBAYEQUE";"CHICLAYO";"CHICLAYO";"PRIVADO";"II-E";"00026706";"CLINICA UNION SAC.";"240200";"HOSPITALIZACIÓN QUIRÚRGICA CIRUGÍA DE CABEZA Y CUELLO / MÁXILO FACIAL ";"2";"1";"4";"5";"1";"75";"0"
"2023";"05";"140101";"LAMBAYEQUE";"CHICLAYO";"CHICLAYO";"PRIVADO";"II-E";"00026706";"CLINICA UNION SAC.";"241200";"HOSPITALIZACIÓN QUIRÚRGICA TRAUMATOLOGÍA Y ORTOPEDIA ";"2";"1";"15";"18";"1";"25";"0"
"2023";"05";"140101";"LAMBAYEQUE";"CHICLAYO";"CHICLAYO";"PRIVADO";"II-E";"00026706";"CLINICA UNION SAC.";"240800";"HOSPITALIZACIÓN QUIRÚRGICA CIRUGÍA PLÁSTICA/RECONSTRUCTIVA/ REPARADORA ";"3";"3";"13";"18";"1";"36";"0"
"2023";"05";"140101";"LAMBAYEQUE";"CHICLAYO";"CHICLAYO";"PRIVADO";"II-E";"00026706";"CLINICA UNION SAC.";"240400";"HOSPITALIZACIÓN QUIRÚRGICA CIRUGÍA DE TÓRAX Y CARDIOVASCULAR ";"2";"2";"7";"18";"1";"24";"0"
"2023";"03";"040401";"AREQUIPA";"CASTILLA";"APLAO";"GOBIERNO REGIONAL";"II-1";"00001382";"HOSPITAL APLAO";"240100";"HOSPITALIZACIÓN QUIRÚRGICA CIRUGÍA GENERAL ";"27";"31";"128";"159";"10";"310";"0"
"2023";"03";"040401";"AREQUIPA";"CASTILLA";"APLAO";"GOBIERNO REGIONAL";"II-1";"00001382";"HOSPITAL APLAO";"241200";"HOSPITALIZACIÓN QUIRÚRGICA TRAUMATOLOGÍA Y ORTOPEDIA ";"10";"14";"75";"89";"4";"124";"0"
"2023";"03";"040401";"AREQUIPA";"CASTILLA";"APLAO";"GOBIERNO REGIONAL";"II-1";"00001382";"HOSPITAL APLAO";"241500";"HOSPITALIZACIÓN QUIRÚRGICA GINECOLOGÍA  ";"30";"32";"62";"94";"7";"217";"0"
"2023";"03";"040401";"AREQUIPA";"CASTILLA";"APLAO";"GOBIERNO REGIONAL";"II-1";"00001382";"HOSPITAL APLAO";"241800";"HOSPITALIZACIÓN DE MEDICINA MEDICINA GENERAL ";"13";"14";"69";"83";"14";"434";"1"
"2023";"03";"040401";"AREQUIPA";"CASTILLA";"APLAO";"GOBIERNO REGIONAL";"II-1";"00001382";"HOSPITAL APLAO";"242500";"HOSPITALIZACIÓN-PEDIATRÍA GENERAL-";"8";"8";"17";"25";"10";"310";"0"
"2023";"04";"110201";"ICA";"CHINCHA";"CHINCHA ALTA";"PRIVADO";"II-1";"00010559";"CLINICA DANIEL A. CARRION S.A.C.";"240100";"HOSPITALIZACIÓN QUIRÚRGICA CIRUGÍA GENERAL ";"14";"14";"31";"31";"4";"120";"0"
"2023";"04";"110201";"ICA";"CHINCHA";"CHINCHA ALTA";"PRIVADO";"II-1";"00010559";"CLINICA DANIEL A. CARRION S.A.C.";"241400";"HOSPITALIZACIÓN QUIRÚRGICA GINECO - OBSTETRICIA ";"21";"20";"32";"33";"4";"120";"0"
"2023";"04";"110201";"ICA";"CHINCHA";"CHINCHA ALTA";"PRIVADO";"II-1";"00010559";"CLINICA DANIEL A. CARRION S.A.C.";"241800";"HOSPITALIZACIÓN DE MEDICINA MEDICINA GENERAL ";"1";"1";"2";"2";"1";"30";"0"
"2023";"04";"120105";"JUNIN";"HUANCAYO";"CHACAPAMPA";"GOBIERNO REGIONAL";"I-1";"00000696";"LOS ANGELES";"NE_0002";"";"NE_0002";"NE_0002";"NE_0002";"NE_0002";"NE_0002";"NE_0002";"NE_0002"
"2023";"04";"120112";"JUNIN";"HUANCAYO";"COLCA";"GOBIERNO REGIONAL";"I-2";"00000701";"COLCA";"NE_0002";"";"NE_0002";"NE_0002";"NE_0002";"NE_0002";"NE_0002";"NE_0002";"NE_0002"
"2023";"04";"120105";"JUNIN";"HUANCAYO";"CHACAPAMPA";"GOBIERNO REGIONAL";"I-1";"00000694";"CHACAPAMPA";"NE_0002";"";"NE_0002";"NE_0002";"NE_0002";"NE_0002";"NE_0002";"NE_0002";"NE_0002"
"2023";"04";"120104";"JUNIN";"HUANCAYO";"CARHUACALLANGA";"GOBIERNO REGIONAL";"I-1";"00000693";"CARHUACALLANGA";"NE_0002";"";"NE_0002";"NE_0002";"NE_0002";"NE_0002";"NE_0002";"NE_0002";"NE_0002"
"2023";"04";"120108";"JUNIN";"HUANCAYO";"CHONGOS ALTO";"GOBIERNO REGIONAL";"I-3";"00000700";"CHONGOS ALTO";"NE_0002";"";"NE_0002";"NE_0002";"NE_0002";"NE_0002";"NE_0002";"NE_0002";"NE_0002"
"2023";"04";"120106";"JUNIN";"HUANCAYO";"CHICCHE";"GOBIERNO REGIONAL";"I-1";"00000697";"CHICCHE";"NE_0002";"";"NE_0002";"NE_0002";"NE_0002";"NE_0002";"NE_0002";"NE_0002";"NE_0002"
"2023";"04";"120106";"JUNIN";"HUANCAYO";"CHICCHE";"GOBIERNO REGIONAL";"I-1";"00000699";"YANA YANA";"NE_0002";"";"NE_0002";"NE_0002";"NE_0002";"NE_0002";"NE_0002";"NE_0002";"NE_0002"
"2023";"04";"120120";"JUNIN";"HUANCAYO";"HUASICANCHA";"GOBIERNO REGIONAL";"I-1";"00000703";"HUASICANCHA";"NE_0002";"";"NE_0002";"NE_0002";"NE_0002";"NE_0002";"NE_0002";"NE_0002";"NE_0002"
"2023";"04";"120105";"JUNIN";"HUANCAYO";"CHACAPAMPA";"GOBIERNO REGIONAL";"I-1";"00000695";"HUACAN";"NE_0002";"";"NE_0002";"NE_0002";"NE_0002";"NE_0002";"NE_0002";"NE_0002";"NE_0002"
"2023";"04";"120106";"JUNIN";"HUANCAYO";"CHICCHE";"GOBIERNO REGIONAL";"I-1";"00000698";"VISTA ALEGRE";"NE_0002";"";"NE_0002";"NE_0002";"NE_0002";"NE_0002";"NE_0002";"NE_0002";"NE_0002"
"2023";"04";"140101";"LAMBAYEQUE";"CHICLAYO";"CHICLAYO";"PRIVADO";"II-E";"00016192";"CLÍNICA CHICLAYO S.A";"241200";"HOSPITALIZACIÓN QUIRÚRGICA TRAUMATOLOGÍA Y ORTOPEDIA ";"12";"12";"13";"13";"5";"150";"0"
"2023";"04";"140101";"LAMBAYEQUE";"CHICLAYO";"CHICLAYO";"PRIVADO";"II-E";"00016192";"CLÍNICA CHICLAYO S.A";"241300";"HOSPITALIZACIÓN QUIRÚRGICA UROLOGÍA  ";"10";"10";"11";"11";"4";"120";"0"
"2023";"04";"140101";"LAMBAYEQUE";"CHICLAYO";"CHICLAYO";"PRIVADO";"II-E";"00016192";"CLÍNICA CHICLAYO S.A";"241500";"HOSPITALIZACIÓN QUIRÚRGICA GINECOLOGÍA  ";"12";"12";"13";"12";"5";"150";"0"
"2023";"04";"140101";"LAMBAYEQUE";"CHICLAYO";"CHICLAYO";"PRIVADO";"II-E";"00016192";"CLÍNICA CHICLAYO S.A";"241800";"HOSPITALIZACIÓN DE MEDICINA MEDICINA GENERAL ";"32";"32";"33";"33";"5";"150";"0"
"2023";"04";"140101";"LAMBAYEQUE";"CHICLAYO";"CHICLAYO";"PRIVADO";"II-E";"00016192";"CLÍNICA CHICLAYO S.A";"241900";"HOSPITALIZACIÓN DE MEDICINA MEDICINA INTERNA ";"28";"28";"29";"29";"5";"150";"0"
"2023";"04";"140101";"LAMBAYEQUE";"CHICLAYO";"CHICLAYO";"PRIVADO";"II-E";"00016192";"CLÍNICA CHICLAYO S.A";"244300";"HOSPITALIZACIÓN DE MEDICINA GASTROENTEROLOGÍA  ";"9";"9";"8";"9";"3";"90";"0"
"2023";"04";"140101";"LAMBAYEQUE";"CHICLAYO";"CHICLAYO";"PRIVADO";"II-E";"00016192";"CLÍNICA CHICLAYO S.A";"244700";"HOSPITALIZACIÓN DE MEDICINA NEUROLOGIA  ";"10";"10";"12";"12";"4";"120";"0"
"2023";"04";"220909";"SAN MARTIN";"SAN MARTIN";"LA BANDA DE SHILCAYO";"PRIVADO";"II-E";"00015835";"CLINICA OFTALMOLOGICA DE LA SELVA";"NE_0001";"";"NE_0001";"NE_0001";"NE_0001";"NE_0001";"NE_0001";"NE_0001";"NE_0001"
"2023";"03";"250101";"UCAYALI";"CORONEL PORTILLO";"CALLERIA";"GOBIERNO REGIONAL";"I-3";"00030785";"CENTRO DE SALUD MENTAL COMUNITARIO UNIVERSITARIO MAYUSHIN";"NE_0001";"";"NE_0001";"NE_0001";"NE_0001";"NE_0001";"NE_0001";"NE_0001";"NE_0001"
"2023";"03";"250101";"UCAYALI";"CORONEL PORTILLO";"CALLERIA";"GOBIERNO REGIONAL";"I-3";"00028683";"CENTRO DE SALUD MENTAL COMUNITARIO BENA MANATI";"NE_0001";"";"NE_0001";"NE_0001";"NE_0001";"NE_0001";"NE_0001";"NE_0001";"NE_0001"
"2023";"03";"250105";"UCAYALI";"CORONEL PORTILLO";"YARINACOCHA";"GOBIERNO REGIONAL";"I-1";"00013264";"SANIDAD AEREA";"NE_0001";"";"NE_0001";"NE_0001";"NE_0001";"NE_0001";"NE_0001";"NE_0001";"NE_0001"
"2023";"03";"250101";"UCAYALI";"CORONEL PORTILLO";"CALLERIA";"GOBIERNO REGIONAL";"I-3";"00005569";"CLAS TUPAC AMARU";"NE_0001";"";"NE_0001";"NE_0001";"NE_0001";"NE_0001";"NE_0001";"NE_0001";"NE_0001"
"2023";"03";"250101";"UCAYALI";"CORONEL PORTILLO";"CALLERIA";"GOBIERNO REGIONAL";"I-2";"00005568";"DOS DE MAYO";"NE_0001";"";"NE_0001";"NE_0001";"NE_0001";"NE_0001";"NE_0001";"NE_0001";"NE_0001"
"2023";"03";"250101";"UCAYALI";"CORONEL PORTILLO";"CALLERIA";"GOBIERNO REGIONAL";"I-3";"00005567";"JOSE OLAYA";"NE_0001";"";"NE_0001";"NE_0001";"NE_0001";"NE_0001";"NE_0001";"NE_0001";"NE_0001"
"2023";"03";"250105";"UCAYALI";"CORONEL PORTILLO";"YARINACOCHA";"GOBIERNO REGIONAL";"I-3";"00005566";"HUSARES DEL PERU.";"NE_0001";"";"NE_0001";"NE_0001";"NE_0001";"NE_0001";"NE_0001";"NE_0001";"NE_0001"
"2023";"03";"250101";"UCAYALI";"CORONEL PORTILLO";"CALLERIA";"GOBIERNO REGIONAL";"I-3";"00005565";"NUEVO PARAISO";"NE_0001";"";"NE_0001";"NE_0001";"NE_0001";"NE_0001";"NE_0001";"NE_0001";"NE_0001"
"2023";"03";"250105";"UCAYALI";"CORONEL PORTILLO";"YARINACOCHA";"GOBIERNO REGIONAL";"I-2";"00005559";"SHIRAMBARI.";"NE_0001";"";"NE_0001";"NE_0001";"NE_0001";"NE_0001";"NE_0001";"NE_0001";"NE_0001"
"2023";"03";"250105";"UCAYALI";"CORONEL PORTILLO";"YARINACOCHA";"GOBIERNO REGIONAL";"I-1";"00005547";"SANTA TERESITA";"NE_0001";"";"NE_0001";"NE_0001";"NE_0001";"NE_0001";"NE_0001";"NE_0001";"NE_0001"
"2023";"03";"250105";"UCAYALI";"CORONEL PORTILLO";"YARINACOCHA";"GOBIERNO REGIONAL";"I-3";"00005539";"CENTRO AMERICA";"NE_0001";"";"NE_0001";"NE_0001";"NE_0001";"NE_0001";"NE_0001";"NE_0001";"NE_0001"
"2023";"05";"150117";"LIMA";"LIMA";"LOS OLIVOS";"PRIVADO";"II-E";"00012106";"CLINICA MEDICA PRIMAVERA";"240000";"HOSPITALIZACIÓN";"14";"14";"19";"19";"5";"155";"0"
"2023";"05";"220101";"SAN MARTIN";"MOYOBAMBA";"MOYOBAMBA";"GOBIERNO REGIONAL";"I-1";"00006292";"IMPERIO DE CACHIYACU";"NE_0001";"";"NE_0001";"NE_0001";"NE_0001";"NE_0001";"NE_0001";"NE_0001";"NE_0001"
"2023";"05";"220101";"SAN MARTIN";"MOYOBAMBA";"MOYOBAMBA";"GOBIERNO REGIONAL";"I-1";"00006296";"SAN JOSE DE ALTO MAYO";"NE_0001";"";"NE_0001";"NE_0001";"NE_0001";"NE_0001";"NE_0001";"NE_0001";"NE_0001"
"2023";"05";"120425";"JUNIN";"JAUJA";"PARCO";"GOBIERNO REGIONAL";"I-2";"00000374";"PARCO";"NE_0001";"";"NE_0001";"NE_0001";"NE_0001";"NE_0001";"NE_0001";"NE_0001";"NE_0001"
"2023";"05";"120405";"JUNIN";"JAUJA";"CANCHAYLLO";"GOBIERNO REGIONAL";"I-2";"00000424";"CANCHAYLLO";"NE_0001";"";"NE_0001";"NE_0001";"NE_0001";"NE_0001";"NE_0001";"NE_0001";"NE_0001"
"2023";"05";"120414";"JUNIN";"JAUJA";"LLOCLLAPAMPA";"GOBIERNO REGIONAL";"I-3";"00000427";"LLOCLLAPAMPA";"NE_0001";"";"NE_0001";"NE_0001";"NE_0001";"NE_0001";"NE_0001";"NE_0001";"NE_0001"
"2023";"05";"120411";"JUNIN";"JAUJA";"JANJAILLO";"GOBIERNO REGIONAL";"I-2";"00000426";"JANJAILLO";"NE_0001";"";"NE_0001";"NE_0001";"NE_0001";"NE_0001";"NE_0001";"NE_0001";"NE_0001"
"2023";"05";"120425";"JUNIN";"JAUJA";"PARCO";"GOBIERNO REGIONAL";"I-1";"00000375";"ULLUSCA";"NE_0001";"";"NE_0001";"NE_0001";"NE_0001";"NE_0001";"NE_0001";"NE_0001";"NE_0001"
"2023";"05";"120406";"JUNIN";"JAUJA";"CURICACA";"GOBIERNO REGIONAL";"I-2";"00000425";"EL ROSARIO";"NE_0001";"";"NE_0001";"NE_0001";"NE_0001";"NE_0001";"NE_0001";"NE_0001";"NE_0001"
"2023";"05";"120414";"JUNIN";"JAUJA";"LLOCLLAPAMPA";"GOBIERNO REGIONAL";"I-1";"00000428";"MATACHICO";"NE_0001";"";"NE_0001";"NE_0001";"NE_0001";"NE_0001";"NE_0001";"NE_0001";"NE_0001"
"2023";"05";"220101";"SAN MARTIN";"MOYOBAMBA";"MOYOBAMBA";"GOBIERNO REGIONAL";"I-1";"00006330";"SANTA ROSA DE OROMINA";"NE_0002";"";"NE_0002";"NE_0002";"NE_0002";"NE_0002";"NE_0002";"NE_0002";"NE_0002"
"2023";"05";"220102";"SAN MARTIN";"MOYOBAMBA";"CALZADA";"GOBIERNO REGIONAL";"I-3";"00006326";"CALZADA";"NE_0002";"";"NE_0002";"NE_0002";"NE_0002";"NE_0002";"NE_0002";"NE_0002";"NE_0002"
"2023";"05";"220104";"SAN MARTIN";"MOYOBAMBA";"JEPELACIO";"GOBIERNO REGIONAL";"I-1";"00006329";"OCHAME";"NE_0002";"";"NE_0002";"NE_0002";"NE_0002";"NE_0002";"NE_0002";"NE_0002";"NE_0002"
"2023";"05";"150120";"LIMA";"LIMA";"MAGDALENA DEL MAR";"PRIVADO";"II-E";"00015349";"MEDICAL PLASTIC";"240800";"HOSPITALIZACIÓN QUIRÚRGICA CIRUGÍA PLÁSTICA/RECONSTRUCTIVA/ REPARADORA ";"3";"3";"3";"3";"4";"124";"0"
"2023";"05";"080703";"CUSCO";"CHUMBIVILCAS";"CHAMACA";"GOBIERNO REGIONAL";"I-2";"00002402";"CHAMACA";"NE_0001";"";"NE_0001";"NE_0001";"NE_0001";"NE_0001";"NE_0001";"NE_0001";"NE_0001"
"2023";"05";"080703";"CUSCO";"CHUMBIVILCAS";"CHAMACA";"GOBIERNO REGIONAL";"I-2";"00002403";"AÑAHUICHI";"NE_0001";"";"NE_0001";"NE_0001";"NE_0001";"NE_0001";"NE_0001";"NE_0001";"NE_0001"
"2023";"05";"080703";"CUSCO";"CHUMBIVILCAS";"CHAMACA";"GOBIERNO REGIONAL";"I-1";"00016328";"UCCHUCCARCCO";"NE_0001";"";"NE_0001";"NE_0001";"NE_0001";"NE_0001";"NE_0001";"NE_0001";"NE_0001"
"2023";"05";"080703";"CUSCO";"CHUMBIVILCAS";"CHAMACA";"GOBIERNO REGIONAL";"I-1";"00016330";"CCONCHACCOLLO";"NE_0001";"";"NE_0001";"NE_0001";"NE_0001";"NE_0001";"NE_0001";"NE_0001";"NE_0001"
"2023";"05";"080703";"CUSCO";"CHUMBIVILCAS";"CHAMACA";"GOBIERNO REGIONAL";"I-1";"00016329";"INGATA";"NE_0001";"";"NE_0001";"NE_0001";"NE_0001";"NE_0001";"NE_0001";"NE_0001";"NE_0001"
"2023";"05";"130601";"LA LIBERTAD";"OTUZCO";"OTUZCO";"GOBIERNO REGIONAL";"II-1";"00005314";"HOSPITAL DE APOYO OTUZCO ELPIDIO BEROVIDES PEREZ";"240100";"HOSPITALIZACIÓN QUIRÚRGICA CIRUGÍA GENERAL ";"20";"17";"57";"63";"3";"91";"0"
"2023";"05";"130601";"LA LIBERTAD";"OTUZCO";"OTUZCO";"GOBIERNO REGIONAL";"II-1";"00005314";"HOSPITAL DE APOYO OTUZCO ELPIDIO BEROVIDES PEREZ";"241800";"HOSPITALIZACIÓN DE MEDICINA MEDICINA GENERAL ";"27";"31";"148";"141";"5";"178";"3"
"2023";"05";"130601";"LA LIBERTAD";"OTUZCO";"OTUZCO";"GOBIERNO REGIONAL";"II-1";"00005314";"HOSPITAL DE APOYO OTUZCO ELPIDIO BEROVIDES PEREZ";"243200";"HOSPITALIZACIÓN DE PEDIATRÍA PEDIATRIA NEONATOLOGÍA";"1";"3";"29";"11";"3";"93";"0"
"2023";"05";"130601";"LA LIBERTAD";"OTUZCO";"OTUZCO";"GOBIERNO REGIONAL";"II-1";"00005314";"HOSPITAL DE APOYO OTUZCO ELPIDIO BEROVIDES PEREZ";"242300";"HOSPITALIZACIÓN DE PEDIATRÍA  PEDIATRÍA  GENERAL ";"16";"17";"55";"51";"4";"123";"0"
"2023";"05";"130601";"LA LIBERTAD";"OTUZCO";"OTUZCO";"GOBIERNO REGIONAL";"II-1";"00005314";"HOSPITAL DE APOYO OTUZCO ELPIDIO BEROVIDES PEREZ";"241400";"HOSPITALIZACIÓN QUIRÚRGICA GINECO - OBSTETRICIA ";"24";"21";"43";"46";"3";"92";"0"
"2023";"05";"130601";"LA LIBERTAD";"OTUZCO";"OTUZCO";"GOBIERNO REGIONAL";"II-1";"00005314";"HOSPITAL DE APOYO OTUZCO ELPIDIO BEROVIDES PEREZ";"241500";"HOSPITALIZACIÓN QUIRÚRGICA GINECOLOGÍA  ";"21";"21";"36";"33";"3";"81";"0"
"2023";"05";"130601";"LA LIBERTAD";"OTUZCO";"OTUZCO";"GOBIERNO REGIONAL";"II-1";"00005314";"HOSPITAL DE APOYO OTUZCO ELPIDIO BEROVIDES PEREZ";"241600";"HOSPITALIZACIÓN QUIRÚRGICA OBSTETRICIA   ";"22";"20";"41";"41";"3";"86";"0"
"2023";"05";"120608";"JUNIN";"SATIPO";"RIO TAMBO";"GOBIERNO REGIONAL";"I-1";"00000464";"IMPANEKIARI";"NE_0001";"";"NE_0001";"NE_0001";"NE_0001";"NE_0001";"NE_0001";"NE_0001";"NE_0001"
"2023";"05";"120606";"JUNIN";"SATIPO";"PANGOA";"GOBIERNO REGIONAL";"I-1";"00006878";"POTSOTENI";"NE_0001";"";"NE_0001";"NE_0001";"NE_0001";"NE_0001";"NE_0001";"NE_0001";"NE_0001"
"2023";"05";"120608";"JUNIN";"SATIPO";"RIO TAMBO";"GOBIERNO REGIONAL";"I-1";"00000475";"CAPERUSIA";"NE_0001";"";"NE_0001";"NE_0001";"NE_0001";"NE_0001";"NE_0001";"NE_0001";"NE_0001"
"2023";"05";"120608";"JUNIN";"SATIPO";"RIO TAMBO";"GOBIERNO REGIONAL";"I-2";"00007187";"VISTA  ALEGRE DEL VALLE DE SANTA CRUZ";"NE_0001";"";"NE_0001";"NE_0001";"NE_0001";"NE_0001";"NE_0001";"NE_0001";"NE_0001"
"2023";"05";"120608";"JUNIN";"SATIPO";"RIO TAMBO";"GOBIERNO REGIONAL";"I-3";"00000460";"BETANIA";"NE_0001";"";"NE_0001";"NE_0001";"NE_0001";"NE_0001";"NE_0001";"NE_0001";"NE_0001"
"2023";"05";"120608";"JUNIN";"SATIPO";"RIO TAMBO";"GOBIERNO REGIONAL";"I-3";"00000469";"PUERTO OCOPA";"NE_0001";"";"NE_0001";"NE_0001";"NE_0001";"NE_0001";"NE_0001";"NE_0001";"NE_0001"
"2023";"05";"120608";"JUNIN";"SATIPO";"RIO TAMBO";"GOBIERNO REGIONAL";"I-2";"00000470";"SAN MIGUEL DE OTICA";"NE_0001";"";"NE_0001";"NE_0001";"NE_0001";"NE_0001";"NE_0001";"NE_0001";"NE_0001"
"2023";"05";"120608";"JUNIN";"SATIPO";"RIO TAMBO";"GOBIERNO REGIONAL";"I-2";"00000472";"OVIRI";"NE_0001";"";"NE_0001";"NE_0001";"NE_0001";"NE_0001";"NE_0001";"NE_0001";"NE_0001"
"2023";"05";"150121";"LIMA";"LIMA";"PUEBLO LIBRE";"MINSA";"III-1";"00006211";"HOSPITAL DE APOYO SANTA ROSA";"240100";"HOSPITALIZACIÓN QUIRÚRGICA CIRUGÍA GENERAL ";"158";"151";"577";"744";"27";"837";"0"
"2023";"05";"150121";"LIMA";"LIMA";"PUEBLO LIBRE";"MINSA";"III-1";"00006211";"HOSPITAL DE APOYO SANTA ROSA";"240700";"HOSPITALIZACIÓN QUIRÚRGICA CIRUGÍA PEDIÁTRICA ";"29";"33";"175";"191";"10";"310";"0"
"2023";"05";"150121";"LIMA";"LIMA";"PUEBLO LIBRE";"MINSA";"III-1";"00006211";"HOSPITAL DE APOYO SANTA ROSA";"241500";"HOSPITALIZACIÓN QUIRÚRGICA GINECOLOGÍA  ";"63";"61";"374";"400";"16";"496";"0"
"2023";"05";"150121";"LIMA";"LIMA";"PUEBLO LIBRE";"MINSA";"III-1";"00006211";"HOSPITAL DE APOYO SANTA ROSA";"241600";"HOSPITALIZACIÓN QUIRÚRGICA OBSTETRICIA   ";"139";"142";"482";"613";"30";"930";"0"
"2023";"05";"150121";"LIMA";"LIMA";"PUEBLO LIBRE";"MINSA";"III-1";"00006211";"HOSPITAL DE APOYO SANTA ROSA";"241800";"HOSPITALIZACIÓN DE MEDICINA MEDICINA GENERAL ";"67";"67";"759";"894";"30";"930";"5"
"2023";"05";"150121";"LIMA";"LIMA";"PUEBLO LIBRE";"MINSA";"III-1";"00006211";"HOSPITAL DE APOYO SANTA ROSA";"242100";"HOSPITALIZACIÓN DE MEDICINA ONCOLOGÍA MÉDICA ";"80";"73";"313";"419";"15";"465";"1"
"2023";"05";"150121";"LIMA";"LIMA";"PUEBLO LIBRE";"MINSA";"III-1";"00006211";"HOSPITAL DE APOYO SANTA ROSA";"242500";"HOSPITALIZACIÓN-PEDIATRÍA GENERAL-";"63";"59";"270";"343";"13";"403";"0"
"2023";"05";"150121";"LIMA";"LIMA";"PUEBLO LIBRE";"MINSA";"III-1";"00006211";"HOSPITAL DE APOYO SANTA ROSA";"243200";"HOSPITALIZACIÓN DE PEDIATRÍA PEDIATRIA NEONATOLOGÍA";"36";"31";"172";"200";"12";"372";"0"
"2023";"05";"150103";"LIMA";"LIMA";"ATE";"MINSA";"II-1";"00005883";"HOSPITAL DE HUAYCAN";"241800";"HOSPITALIZACIÓN DE MEDICINA MEDICINA GENERAL ";"19";"22";"150";"111";"7";"217";"1"
"2023";"05";"150103";"LIMA";"LIMA";"ATE";"MINSA";"II-1";"00005883";"HOSPITAL DE HUAYCAN";"240100";"HOSPITALIZACIÓN QUIRÚRGICA CIRUGÍA GENERAL ";"58";"52";"137";"142";"11";"341";"0"
"2023";"05";"150103";"LIMA";"LIMA";"ATE";"MINSA";"II-1";"00005883";"HOSPITAL DE HUAYCAN";"241200";"HOSPITALIZACIÓN QUIRÚRGICA TRAUMATOLOGÍA Y ORTOPEDIA ";"16";"16";"149";"80";"4";"124";"0"
"2023";"05";"150103";"LIMA";"LIMA";"ATE";"MINSA";"II-1";"00005883";"HOSPITAL DE HUAYCAN";"242500";"HOSPITALIZACIÓN-PEDIATRÍA GENERAL-";"50";"49";"160";"151";"11";"341";"0"
"2023";"05";"150103";"LIMA";"LIMA";"ATE";"MINSA";"II-1";"00005883";"HOSPITAL DE HUAYCAN";"241600";"HOSPITALIZACIÓN QUIRÚRGICA OBSTETRICIA   ";"153";"145";"307";"294";"16";"496";"0"
"2023";"05";"150103";"LIMA";"LIMA";"ATE";"MINSA";"II-1";"00005883";"HOSPITAL DE HUAYCAN";"241500";"HOSPITALIZACIÓN QUIRÚRGICA GINECOLOGÍA  ";"3";"3";"7";"7";"1";"31";"0"
"2023";"05";"150110";"LIMA";"LIMA";"COMAS";"MINSA";"III-1";"00007634";"HOSPITAL SERGIO E. BERNALES";"241900";"HOSPITALIZACIÓN DE MEDICINA MEDICINA INTERNA ";"170";"161";"1507";"974";"83";"2573";"11"
"2023";"03";"120706";"JUNIN";"TARMA";"PALCA";"GOBIERNO REGIONAL";"I-1";"00000573";"CHIPOCAYO";"NE_0001";"";"NE_0001";"NE_0001";"NE_0001";"NE_0001";"NE_0001";"NE_0001";"NE_0001"
"2023";"03";"120706";"JUNIN";"TARMA";"PALCA";"GOBIERNO REGIONAL";"I-1";"00000574";"YAROCA";"NE_0001";"";"NE_0001";"NE_0001";"NE_0001";"NE_0001";"NE_0001";"NE_0001";"NE_0001"
"2023";"03";"120706";"JUNIN";"TARMA";"PALCA";"GOBIERNO REGIONAL";"I-1";"00000575";"HUARIPAMPA";"NE_0001";"";"NE_0001";"NE_0001";"NE_0001";"NE_0001";"NE_0001";"NE_0001";"NE_0001"
"2023";"03";"120706";"JUNIN";"TARMA";"PALCA";"GOBIERNO REGIONAL";"I-1";"00000576";"PATAY";"NE_0001";"";"NE_0001";"NE_0001";"NE_0001";"NE_0001";"NE_0001";"NE_0001";"NE_0001"
"2023";"03";"150101";"LIMA";"LIMA";"LIMA";"MINSA";"III-1";"00006206";"NACIONAL  DOS DE MAYO";"241800";"HOSPITALIZACIÓN DE MEDICINA MEDICINA GENERAL ";"490";"546";"7999";"7358";"270";"8370";"36"
"2023";"03";"150101";"LIMA";"LIMA";"LIMA";"MINSA";"III-1";"00006206";"NACIONAL  DOS DE MAYO";"240100";"HOSPITALIZACIÓN QUIRÚRGICA CIRUGÍA GENERAL ";"251";"283";"2506";"2124";"98";"3038";"1"
"2023";"03";"150101";"LIMA";"LIMA";"LIMA";"MINSA";"III-1";"00006206";"NACIONAL  DOS DE MAYO";"241200";"HOSPITALIZACIÓN QUIRÚRGICA TRAUMATOLOGÍA Y ORTOPEDIA ";"51";"54";"864";"372";"12";"372";"0"
"2023";"03";"150101";"LIMA";"LIMA";"LIMA";"MINSA";"III-1";"00006206";"NACIONAL  DOS DE MAYO";"241300";"HOSPITALIZACIÓN QUIRÚRGICA UROLOGÍA  ";"63";"67";"588";"419";"30";"930";"0"
"2023";"03";"150101";"LIMA";"LIMA";"LIMA";"MINSA";"III-1";"00006206";"NACIONAL  DOS DE MAYO";"240900";"HOSPITALIZACIÓN QUIRÚRGICA NEUROCIRUGÍA ";"29";"31";"551";"605";"22";"682";"0"
"2023";"03";"150101";"LIMA";"LIMA";"LIMA";"MINSA";"III-1";"00006206";"NACIONAL  DOS DE MAYO";"241100";"HOSPITALIZACIÓN QUIRÚRGICA OTORRINOLARINGOLOGÍA  ";"11";"11";"60";"30";"2";"62";"0"
"2023";"03";"150101";"LIMA";"LIMA";"LIMA";"MINSA";"III-1";"00006206";"NACIONAL  DOS DE MAYO";"240700";"HOSPITALIZACIÓN QUIRÚRGICA CIRUGÍA PEDIÁTRICA ";"29";"29";"232";"132";"5";"155";"0"
"2023";"03";"150101";"LIMA";"LIMA";"LIMA";"MINSA";"III-1";"00006206";"NACIONAL  DOS DE MAYO";"240200";"HOSPITALIZACIÓN QUIRÚRGICA CIRUGÍA DE CABEZA Y CUELLO / MÁXILO FACIAL ";"22";"22";"158";"87";"3";"93";"0"
"2023";"03";"150101";"LIMA";"LIMA";"LIMA";"MINSA";"III-1";"00006206";"NACIONAL  DOS DE MAYO";"240800";"HOSPITALIZACIÓN QUIRÚRGICA CIRUGÍA PLÁSTICA/RECONSTRUCTIVA/ REPARADORA ";"2";"2";"25";"31";"1";"31";"0"
"2023";"03";"150101";"LIMA";"LIMA";"LIMA";"MINSA";"III-1";"00006206";"NACIONAL  DOS DE MAYO";"241400";"HOSPITALIZACIÓN QUIRÚRGICA GINECO - OBSTETRICIA ";"379";"386";"1600";"1180";"43";"1333";"0"
"2023";"03";"150101";"LIMA";"LIMA";"LIMA";"MINSA";"III-1";"00006206";"NACIONAL  DOS DE MAYO";"243200";"HOSPITALIZACIÓN DE PEDIATRÍA PEDIATRIA NEONATOLOGÍA";"85";"94";"742";"577";"27";"837";"0"
"2023";"03";"150101";"LIMA";"LIMA";"LIMA";"MINSA";"III-1";"00006206";"NACIONAL  DOS DE MAYO";"242300";"HOSPITALIZACIÓN DE PEDIATRÍA  PEDIATRÍA  GENERAL ";"70";"70";"387";"642";"24";"744";"0"
"2023";"03";"150101";"LIMA";"LIMA";"LIMA";"MINSA";"III-1";"00006206";"NACIONAL  DOS DE MAYO";"250100";"UNIDAD DE CUIDADOS CRITICOS UNIDAD  DE CUIDADOS INTENSIVOS GENERALES (UCI) ";"35";"40";"2017";"1266";"59";"1829";"26"
"2023";"03";"150117";"LIMA";"LIMA";"LOS OLIVOS";"PRIVADO";"II-E";"00009641";"CLINICA MUNDO SALUD SAC";"240000";"HOSPITALIZACIÓN";"90";"91";"179";"179";"12";"278";"0"
"2023";"03";"210301";"PUNO";"CARABAYA";"MACUSANI";"GOBIERNO REGIONAL";"II-2";"00031179";"HOSPITAL SAN MARTIN DE PORRES";"240100";"HOSPITALIZACIÓN QUIRÚRGICA CIRUGÍA GENERAL ";"68";"70";"248";"318";"10";"310";"0"
"2023";"03";"210301";"PUNO";"CARABAYA";"MACUSANI";"GOBIERNO REGIONAL";"II-2";"00031179";"HOSPITAL SAN MARTIN DE PORRES";"241500";"HOSPITALIZACIÓN QUIRÚRGICA GINECOLOGÍA  ";"22";"23";"61";"84";"4";"124";"0"
"2023";"03";"210301";"PUNO";"CARABAYA";"MACUSANI";"GOBIERNO REGIONAL";"II-2";"00031179";"HOSPITAL SAN MARTIN DE PORRES";"241600";"HOSPITALIZACIÓN QUIRÚRGICA OBSTETRICIA   ";"62";"67";"167";"234";"11";"341";"0"
"2023";"03";"210301";"PUNO";"CARABAYA";"MACUSANI";"GOBIERNO REGIONAL";"II-2";"00031179";"HOSPITAL SAN MARTIN DE PORRES";"241900";"HOSPITALIZACIÓN DE MEDICINA MEDICINA INTERNA ";"39";"41";"149";"190";"9";"279";"0"
"2023";"03";"210301";"PUNO";"CARABAYA";"MACUSANI";"GOBIERNO REGIONAL";"II-2";"00031179";"HOSPITAL SAN MARTIN DE PORRES";"242500";"HOSPITALIZACIÓN-PEDIATRÍA GENERAL-";"14";"18";"86";"104";"4";"124";"0"
"2023";"03";"210301";"PUNO";"CARABAYA";"MACUSANI";"GOBIERNO REGIONAL";"II-2";"00031179";"HOSPITAL SAN MARTIN DE PORRES";"243200";"HOSPITALIZACIÓN DE PEDIATRÍA PEDIATRIA NEONATOLOGÍA";"14";"16";"56";"72";"4";"124";"0"
"2023";"03";"120705";"JUNIN";"TARMA";"LA UNION";"GOBIERNO REGIONAL";"I-2";"00000597";"LA UNION LETICIA";"NE_0001";"";"NE_0001";"NE_0001";"NE_0001";"NE_0001";"NE_0001";"NE_0001";"NE_0001"
"2023";"03";"120705";"JUNIN";"TARMA";"LA UNION";"GOBIERNO REGIONAL";"I-1";"00000599";"CONDORCOCHA";"NE_0001";"";"NE_0001";"NE_0001";"NE_0001";"NE_0001";"NE_0001";"NE_0001";"NE_0001"
"2023";"03";"211101";"PUNO";"SAN ROMAN";"JULIACA";"PRIVADO";"II-E";"00028340";"SERVICIOS MEDICOS ASISTENCIALES  VIDA E.I.R.L.";"NE_0001";"";"NE_0001";"NE_0001";"NE_0001";"NE_0001";"NE_0001";"NE_0001";"NE_0001"
"2023";"03";"150130";"LIMA";"LIMA";"SAN BORJA";"PRIVADO";"I-2";"00024872";"LINE CONTROL CENTER";"NE_0001";"";"NE_0001";"NE_0001";"NE_0001";"NE_0001";"NE_0001";"NE_0001";"NE_0001"
"2023";"04";"220101";"SAN MARTIN";"MOYOBAMBA";"MOYOBAMBA";"GOBIERNO REGIONAL";"I-2";"00006282";"LA CONQUISTA";"NE_0001";"";"NE_0001";"NE_0001";"NE_0001";"NE_0001";"NE_0001";"NE_0001";"NE_0001"
"2023";"04";"220809";"SAN MARTIN";"RIOJA";"YURACYACU";"GOBIERNO REGIONAL";"I-3";"00006281";"YURACYACU";"241600";"HOSPITALIZACIÓN QUIRÚRGICA OBSTETRICIA   ";"2";"2";"2";"2";"3";"88";"0"
"2023";"04";"100101";"HUANUCO";"HUANUCO";"HUANUCO";"ESSALUD";"I-3";"00018081";"CENTRO DE ATENCIÓN PRIMARIA III - METROPOLITANO";"NE_0001";"";"NE_0001";"NE_0001";"NE_0001";"NE_0001";"NE_0001";"NE_0001";"NE_0001"
"2023";"04";"040520";"AREQUIPA";"CAYLLOMA";"MAJES";"GOBIERNO REGIONAL";"II-1";"00016721";"HOSPITAL CENTRAL DE MAJES ING. ANGEL GABRIEL CHURA GALLEGOS";"240100";"HOSPITALIZACIÓN QUIRÚRGICA CIRUGÍA GENERAL ";"34";"37";"103";"136";"6";"186";"0"
"2023";"04";"040520";"AREQUIPA";"CAYLLOMA";"MAJES";"GOBIERNO REGIONAL";"II-1";"00016721";"HOSPITAL CENTRAL DE MAJES ING. ANGEL GABRIEL CHURA GALLEGOS";"241500";"HOSPITALIZACIÓN QUIRÚRGICA GINECOLOGÍA  ";"28";"29";"105";"138";"8";"248";"0"
"2023";"04";"040520";"AREQUIPA";"CAYLLOMA";"MAJES";"GOBIERNO REGIONAL";"II-1";"00016721";"HOSPITAL CENTRAL DE MAJES ING. ANGEL GABRIEL CHURA GALLEGOS";"241800";"HOSPITALIZACIÓN DE MEDICINA MEDICINA GENERAL ";"25";"26";"116";"140";"12";"434";"2"
"2023";"04";"040520";"AREQUIPA";"CAYLLOMA";"MAJES";"GOBIERNO REGIONAL";"II-1";"00016721";"HOSPITAL CENTRAL DE MAJES ING. ANGEL GABRIEL CHURA GALLEGOS";"241600";"HOSPITALIZACIÓN QUIRÚRGICA OBSTETRICIA   ";"100";"100";"225";"292";"11";"341";"0"
"2023";"04";"040520";"AREQUIPA";"CAYLLOMA";"MAJES";"GOBIERNO REGIONAL";"II-1";"00016721";"HOSPITAL CENTRAL DE MAJES ING. ANGEL GABRIEL CHURA GALLEGOS";"242500";"HOSPITALIZACIÓN-PEDIATRÍA GENERAL-";"17";"14";"62";"79";"8";"248";"0"
"2023";"04";"040520";"AREQUIPA";"CAYLLOMA";"MAJES";"GOBIERNO REGIONAL";"II-1";"00016721";"HOSPITAL CENTRAL DE MAJES ING. ANGEL GABRIEL CHURA GALLEGOS";"241200";"HOSPITALIZACIÓN QUIRÚRGICA TRAUMATOLOGÍA Y ORTOPEDIA ";"19";"20";"69";"84";"6";"186";"0"
"2023";"04";"060101";"CAJAMARCA";"CAJAMARCA";"CAJAMARCA";"PRIVADO";"I-3";"00018140";"MEDITRAN PERU E.I.R.L.";"NE_0001";"";"NE_0001";"NE_0001";"NE_0001";"NE_0001";"NE_0001";"NE_0001";"NE_0001"
"2023";"04";"070101";"CALLAO";"CALLAO";"CALLAO";"PRIVADO";"I-2";"00018306";"CENTRO DE ATENCIÓN PRIMARIA ALBERTO LEONARDO BARTON THOMPSON";"NE_0001";"";"NE_0001";"NE_0001";"NE_0001";"NE_0001";"NE_0001";"NE_0001";"NE_0001"
"2023";"04";"150143";"LIMA";"LIMA";"VILLA MARIA DEL TRIUNFO";"PRIVADO";"I-2";"00018825";"GUILLERMO KAELIN DE LA FUENTE";"NE_0001";"";"NE_0001";"NE_0001";"NE_0001";"NE_0001";"NE_0001";"NE_0001";"NE_0001"
"2023";"04";"150136";"LIMA";"LIMA";"SAN MIGUEL";"ESSALUD";"II-1";"00008564";"HOSPITAL I OCTAVIO MONGRUT MUÑOZ";"241900";"HOSPITALIZACIÓN DE MEDICINA MEDICINA INTERNA ";"55";"51";"511";"442";"21";"630";"3"
"2023";"04";"150136";"LIMA";"LIMA";"SAN MIGUEL";"ESSALUD";"II-1";"00008564";"HOSPITAL I OCTAVIO MONGRUT MUÑOZ";"240100";"HOSPITALIZACIÓN QUIRÚRGICA CIRUGÍA GENERAL ";"35";"35";"74";"64";"5";"147";"0"
"2023";"04";"150136";"LIMA";"LIMA";"SAN MIGUEL";"ESSALUD";"II-1";"00008564";"HOSPITAL I OCTAVIO MONGRUT MUÑOZ";"241500";"HOSPITALIZACIÓN QUIRÚRGICA GINECOLOGÍA  ";"35";"38";"93";"93";"4";"126";"0"
"2023";"04";"150136";"LIMA";"LIMA";"SAN MIGUEL";"ESSALUD";"II-1";"00008564";"HOSPITAL I OCTAVIO MONGRUT MUÑOZ";"241600";"HOSPITALIZACIÓN QUIRÚRGICA OBSTETRICIA   ";"51";"46";"109";"98";"10";"288";"0"
"2023";"04";"150136";"LIMA";"LIMA";"SAN MIGUEL";"ESSALUD";"II-1";"00008564";"HOSPITAL I OCTAVIO MONGRUT MUÑOZ";"242300";"HOSPITALIZACIÓN DE PEDIATRÍA  PEDIATRÍA  GENERAL ";"47";"51";"155";"140";"7";"210";"0"
"2023";"04";"230101";"TACNA";"TACNA";"TACNA";"PRIVADO";"II-1";"00027462";"CLINICA LA LUZ";"240100";"HOSPITALIZACIÓN QUIRÚRGICA CIRUGÍA GENERAL ";"19";"19";"64";"67";"3";"121";"0"
"2023";"04";"230101";"TACNA";"TACNA";"TACNA";"PRIVADO";"II-1";"00027462";"CLINICA LA LUZ";"240300";"HOSPITALIZACIÓN QUIRÚRGICA CIRUGÍA DIGESTIVA ";"14";"14";"19";"28";"4";"46";"0"
"2023";"04";"230101";"TACNA";"TACNA";"TACNA";"PRIVADO";"II-1";"00027462";"CLINICA LA LUZ";"240400";"HOSPITALIZACIÓN QUIRÚRGICA CIRUGÍA DE TÓRAX Y CARDIOVASCULAR ";"1";"1";"1";"2";"3";"4";"0"
"2023";"04";"230101";"TACNA";"TACNA";"TACNA";"PRIVADO";"II-1";"00027462";"CLINICA LA LUZ";"240800";"HOSPITALIZACIÓN QUIRÚRGICA CIRUGÍA PLÁSTICA/RECONSTRUCTIVA/ REPARADORA ";"7";"7";"7";"9";"2";"18";"0"
"2023";"04";"230101";"TACNA";"TACNA";"TACNA";"PRIVADO";"II-1";"00027462";"CLINICA LA LUZ";"240900";"HOSPITALIZACIÓN QUIRÚRGICA NEUROCIRUGÍA ";"1";"1";"1";"2";"3";"4";"0"
"2023";"04";"230101";"TACNA";"TACNA";"TACNA";"PRIVADO";"II-1";"00027462";"CLINICA LA LUZ";"241000";"HOSPITALIZACIÓN QUIRÚRGICA ONCOLOGÍA QUIRÚRGICA  ";"1";"1";"6";"7";"3";"11";"0"
"2023";"04";"230101";"TACNA";"TACNA";"TACNA";"PRIVADO";"II-1";"00027462";"CLINICA LA LUZ";"241200";"HOSPITALIZACIÓN QUIRÚRGICA TRAUMATOLOGÍA Y ORTOPEDIA ";"6";"6";"20";"15";"2";"20";"0"
"2023";"04";"230101";"TACNA";"TACNA";"TACNA";"PRIVADO";"II-1";"00027462";"CLINICA LA LUZ";"241300";"HOSPITALIZACIÓN QUIRÚRGICA UROLOGÍA  ";"15";"15";"24";"19";"2";"28";"0"
"2023";"04";"230101";"TACNA";"TACNA";"TACNA";"PRIVADO";"II-1";"00027462";"CLINICA LA LUZ";"241500";"HOSPITALIZACIÓN QUIRÚRGICA GINECOLOGÍA  ";"13";"13";"77";"56";"4";"152";"0"
"2023";"04";"230101";"TACNA";"TACNA";"TACNA";"PRIVADO";"II-1";"00027462";"CLINICA LA LUZ";"241800";"HOSPITALIZACIÓN DE MEDICINA MEDICINA GENERAL ";"1";"1";"1";"2";"3";"4";"0"
"2023";"04";"230101";"TACNA";"TACNA";"TACNA";"PRIVADO";"II-1";"00027462";"CLINICA LA LUZ";"242900";"HOSPITALIZACIÓN DE PEDIATRÍA PEDIATRIA GASTROENTEROLOGÍA PEDIÁTRICA";"2";"2";"4";"3";"2";"3";"0"
"2023";"04";"230101";"TACNA";"TACNA";"TACNA";"PRIVADO";"II-1";"00027462";"CLINICA LA LUZ";"245300";"HOSPITALIZACIÓN DE MEDICINA NEUMOLOGÍA  ";"2";"2";"4";"4";"3";"4";"0"
"2023";"04";"080101";"CUSCO";"CUSCO";"CUSCO";"GOBIERNO REGIONAL";"III-1";"00002289";"HOSPITAL DE APOYO DEPARTAMENTAL CUSCO";"240100";"HOSPITALIZACIÓN QUIRÚRGICA CIRUGÍA GENERAL ";"157";"167";"799";"897";"34";"1020";"2"
"2023";"04";"080101";"CUSCO";"CUSCO";"CUSCO";"GOBIERNO REGIONAL";"III-1";"00002289";"HOSPITAL DE APOYO DEPARTAMENTAL CUSCO";"240100";"HOSPITALIZACIÓN QUIRÚRGICA CIRUGÍA GENERAL ";"77";"74";"504";"788";"32";"960";"0"
"2023";"04";"080101";"CUSCO";"CUSCO";"CUSCO";"GOBIERNO REGIONAL";"III-1";"00002289";"HOSPITAL DE APOYO DEPARTAMENTAL CUSCO";"241800";"HOSPITALIZACIÓN DE MEDICINA MEDICINA GENERAL ";"13";"14";"270";"204";"24";"720";"4"
"2023";"04";"080101";"CUSCO";"CUSCO";"CUSCO";"GOBIERNO REGIONAL";"III-1";"00002289";"HOSPITAL DE APOYO DEPARTAMENTAL CUSCO";"241500";"HOSPITALIZACIÓN QUIRÚRGICA GINECOLOGÍA  ";"177";"174";"495";"767";"29";"870";"0"
"2023";"04";"080101";"CUSCO";"CUSCO";"CUSCO";"GOBIERNO REGIONAL";"III-1";"00002289";"HOSPITAL DE APOYO DEPARTAMENTAL CUSCO";"241400";"HOSPITALIZACIÓN QUIRÚRGICA GINECO - OBSTETRICIA ";"229";"226";"552";"819";"31";"930";"0"
"2023";"04";"080101";"CUSCO";"CUSCO";"CUSCO";"GOBIERNO REGIONAL";"III-1";"00002289";"HOSPITAL DE APOYO DEPARTAMENTAL CUSCO";"241800";"HOSPITALIZACIÓN DE MEDICINA MEDICINA GENERAL ";"74";"73";"809";"846";"32";"960";"14"
"2023";"04";"080101";"CUSCO";"CUSCO";"CUSCO";"GOBIERNO REGIONAL";"III-1";"00002289";"HOSPITAL DE APOYO DEPARTAMENTAL CUSCO";"241800";"HOSPITALIZACIÓN DE MEDICINA MEDICINA GENERAL ";"31";"30";"630";"542";"21";"630";"6"
"2023";"04";"080101";"CUSCO";"CUSCO";"CUSCO";"GOBIERNO REGIONAL";"III-1";"00002289";"HOSPITAL DE APOYO DEPARTAMENTAL CUSCO";"241900";"HOSPITALIZACIÓN DE MEDICINA MEDICINA INTERNA ";"27";"30";"597";"568";"22";"660";"6"
"2023";"04";"080101";"CUSCO";"CUSCO";"CUSCO";"GOBIERNO REGIONAL";"III-1";"00002289";"HOSPITAL DE APOYO DEPARTAMENTAL CUSCO";"240900";"HOSPITALIZACIÓN QUIRÚRGICA NEUROCIRUGÍA ";"21";"24";"412";"516";"20";"600";"1"
"2023";"04";"080101";"CUSCO";"CUSCO";"CUSCO";"GOBIERNO REGIONAL";"III-1";"00002289";"HOSPITAL DE APOYO DEPARTAMENTAL CUSCO";"242100";"HOSPITALIZACIÓN DE MEDICINA ONCOLOGÍA MÉDICA ";"42";"40";"414";"327";"21";"630";"3"
"2023";"04";"080101";"CUSCO";"CUSCO";"CUSCO";"GOBIERNO REGIONAL";"III-1";"00002289";"HOSPITAL DE APOYO DEPARTAMENTAL CUSCO";"242300";"HOSPITALIZACIÓN DE PEDIATRÍA  PEDIATRÍA  GENERAL ";"66";"61";"481";"497";"28";"840";"0"
"2023";"04";"080101";"CUSCO";"CUSCO";"CUSCO";"GOBIERNO REGIONAL";"III-1";"00002289";"HOSPITAL DE APOYO DEPARTAMENTAL CUSCO";"243200";"HOSPITALIZACIÓN DE PEDIATRÍA PEDIATRIA NEONATOLOGÍA";"54";"60";"842";"682";"25";"750";"1"
"2023";"04";"080101";"CUSCO";"CUSCO";"CUSCO";"GOBIERNO REGIONAL";"III-1";"00002289";"HOSPITAL DE APOYO DEPARTAMENTAL CUSCO";"242204";"HOSPITALIZACIÓN DE MEDICINA PSIQUIATRÍA REHABILITACIÓN PSIQUIÁTRICA / REINSERCIÓN ";"10";"9";"165";"179";"7";"210";"0"
"2023";"04";"080101";"CUSCO";"CUSCO";"CUSCO";"GOBIERNO REGIONAL";"III-1";"00002289";"HOSPITAL DE APOYO DEPARTAMENTAL CUSCO";"241200";"HOSPITALIZACIÓN QUIRÚRGICA TRAUMATOLOGÍA Y ORTOPEDIA ";"62";"60";"788";"824";"30";"900";"0"
"2023";"04";"080101";"CUSCO";"CUSCO";"CUSCO";"GOBIERNO REGIONAL";"III-1";"00002289";"HOSPITAL DE APOYO DEPARTAMENTAL CUSCO";"250100";"UNIDAD DE CUIDADOS CRITICOS UNIDAD  DE CUIDADOS INTENSIVOS GENERALES (UCI) ";"7";"3";"11";"201";"10";"300";"3"
"2023";"04";"080101";"CUSCO";"CUSCO";"CUSCO";"GOBIERNO REGIONAL";"III-1";"00002289";"HOSPITAL DE APOYO DEPARTAMENTAL CUSCO";"240801";"HOSPITALIZACIÓN QUIRÚRGICA CIRUGÍA PLÁSTICA/RECONSTRUCTIVA/ REPARADORA QUEMADOS";"35";"32";"228";"341";"18";"540";"0"
"2023";"04";"080101";"CUSCO";"CUSCO";"CUSCO";"GOBIERNO REGIONAL";"III-1";"00002289";"HOSPITAL DE APOYO DEPARTAMENTAL CUSCO";"250100";"UNIDAD DE CUIDADOS CRITICOS UNIDAD  DE CUIDADOS INTENSIVOS GENERALES (UCI) ";"25";"29";"294";"219";"12";"360";"4"
"2023";"04";"040104";"AREQUIPA";"AREQUIPA";"CERRO COLORADO";"GOBIERNO REGIONAL";"I-3";"00001238";"CENTRO DE SALUD MARISCAL CASTILLA";"NE_0002";"";"NE_0002";"NE_0002";"NE_0002";"NE_0002";"NE_0002";"NE_0002";"NE_0002"
"2023";"04";"040104";"AREQUIPA";"AREQUIPA";"CERRO COLORADO";"GOBIERNO REGIONAL";"I-3";"00001249";"CENTRO DE SALUD SEMI RURAL PACHACUTEC";"NE_0002";"";"NE_0002";"NE_0002";"NE_0002";"NE_0002";"NE_0002";"NE_0002";"NE_0002"
"2023";"04";"040104";"AREQUIPA";"AREQUIPA";"CERRO COLORADO";"GOBIERNO REGIONAL";"I-2";"00001250";"PUESTO DE SALUD JOSE SANTOS ATAHUALPA";"NE_0001";"";"NE_0001";"NE_0001";"NE_0001";"NE_0001";"NE_0001";"NE_0001";"NE_0001"
"2023";"04";"040104";"AREQUIPA";"AREQUIPA";"CERRO COLORADO";"GOBIERNO REGIONAL";"I-1";"00001252";"PUESTO DE SALUD EL CURAL";"NE_0001";"";"NE_0001";"NE_0001";"NE_0001";"NE_0001";"NE_0001";"NE_0001";"NE_0001"
"2023";"04";"040108";"AREQUIPA";"AREQUIPA";"LA JOYA";"GOBIERNO REGIONAL";"I-3";"00001322";"LA JOYA";"NE_0001";"";"NE_0001";"NE_0001";"NE_0001";"NE_0001";"NE_0001";"NE_0001";"NE_0001"
"2023";"04";"040108";"AREQUIPA";"AREQUIPA";"LA JOYA";"GOBIERNO REGIONAL";"I-1";"00001327";"PUESTO DE SALUD CERRITO BUENA VISTA";"NE_0001";"";"NE_0001";"NE_0001";"NE_0001";"NE_0001";"NE_0001";"NE_0001";"NE_0001"
"2023";"04";"040108";"AREQUIPA";"AREQUIPA";"LA JOYA";"GOBIERNO REGIONAL";"I-3";"00001330";"CENTRO DE SALUD EL CRUCE - TRIUNFO";"NE_0001";"";"NE_0001";"NE_0001";"NE_0001";"NE_0001";"NE_0001";"NE_0001";"NE_0001"
"2023";"04";"040108";"AREQUIPA";"AREQUIPA";"LA JOYA";"GOBIERNO REGIONAL";"I-1";"00001328";"PUESTO DE SALUD LOS MEDANOS";"NE_0001";"";"NE_0001";"NE_0001";"NE_0001";"NE_0001";"NE_0001";"NE_0001";"NE_0001"
"2023";"04";"040108";"AREQUIPA";"AREQUIPA";"LA JOYA";"GOBIERNO REGIONAL";"I-1";"00001329";"PUESTO DE SALUD BENITO LAZO";"NE_0001";"";"NE_0001";"NE_0001";"NE_0001";"NE_0001";"NE_0001";"NE_0001";"NE_0001"
"2023";"04";"240301";"TUMBES";"ZARUMILLA";"ZARUMILLA";"ESSALUD";"I-2";"00012271";"POSTA MEDICA ZARUMILLA";"NE_0001";"";"NE_0001";"NE_0001";"NE_0001";"NE_0001";"NE_0001";"NE_0001";"NE_0001"
"2023";"05";"150108";"LIMA";"LIMA";"CHORRILLOS";"MINSA";"III-E";"00007734";"INSTITUTO NACIONAL DE REHABILITACION DRA. ADRIANA REBAZA FLORES - AMISTAD PERU-JAPON";"240000";"HOSPITALIZACIÓN";"10";"9";"620";"686";"24";"744";"0"
"2023";"05";"130501";"LA LIBERTAD";"JULCAN";"JULCAN";"GOBIERNO REGIONAL";"I-3";"00006775";"AYANGAY";"NE_0002";"";"NE_0002";"NE_0002";"NE_0002";"NE_0002";"NE_0002";"NE_0002";"NE_0002"
"2023";"05";"130501";"LA LIBERTAD";"JULCAN";"JULCAN";"GOBIERNO REGIONAL";"I-2";"00016423";"SAN ANTONIO";"NE_0002";"";"NE_0002";"NE_0002";"NE_0002";"NE_0002";"NE_0002";"NE_0002";"NE_0002"
"2023";"05";"130501";"LA LIBERTAD";"JULCAN";"JULCAN";"GOBIERNO REGIONAL";"I-2";"00006963";"CHUGURPAMPA";"NE_0002";"";"NE_0002";"NE_0002";"NE_0002";"NE_0002";"NE_0002";"NE_0002";"NE_0002"
"2023";"05";"130501";"LA LIBERTAD";"JULCAN";"JULCAN";"GOBIERNO REGIONAL";"I-2";"00007249";"SAN AGUSTIN";"NE_0002";"";"NE_0002";"NE_0002";"NE_0002";"NE_0002";"NE_0002";"NE_0002";"NE_0002"
"2023";"05";"130501";"LA LIBERTAD";"JULCAN";"JULCAN";"GOBIERNO REGIONAL";"I-2";"00005307";"SANTA TERESA";"NE_0002";"";"NE_0002";"NE_0002";"NE_0002";"NE_0002";"NE_0002";"NE_0002";"NE_0002"
"2023";"05";"130501";"LA LIBERTAD";"JULCAN";"JULCAN";"GOBIERNO REGIONAL";"I-2";"00006774";"PARUQUE BAJO";"NE_0002";"";"NE_0002";"NE_0002";"NE_0002";"NE_0002";"NE_0002";"NE_0002";"NE_0002"
"2023";"05";"040101";"AREQUIPA";"AREQUIPA";"AREQUIPA";"PRIVADO";"II-E";"00016486";"CLÍNICA DE OJOS Y LA VISTA FUNDAR E.I.R.L.";"NE_0001";"";"NE_0001";"NE_0001";"NE_0001";"NE_0001";"NE_0001";"NE_0001";"NE_0001"
"2023";"05";"150115";"LIMA";"LIMA";"LA VICTORIA";"ESSALUD";"III-2";"00009251";"HOSPITAL NACIONAL GUILLERMO ALMENARA IRIGOYEN";"240600";"HOSPITALIZACIÓN QUIRÚRGICA CIRUGÍA OFTALMOLÓGICA ";"9";"8";"57";"59";"4";"124";"0"
"2023";"03";"060801";"CAJAMARCA";"JAEN";"JAEN";"GOBIERNO REGIONAL";"I-1";"00004215";"CHAMAYA";"NE_0001";"";"NE_0001";"NE_0001";"NE_0001";"NE_0001";"NE_0001";"NE_0001";"NE_0001"
"2023";"03";"060801";"CAJAMARCA";"JAEN";"JAEN";"GOBIERNO REGIONAL";"I-2";"00007168";"MONTEGRANDE";"NE_0001";"";"NE_0001";"NE_0001";"NE_0001";"NE_0001";"NE_0001";"NE_0001";"NE_0001"
"2023";"03";"060801";"CAJAMARCA";"JAEN";"JAEN";"GOBIERNO REGIONAL";"I-1";"00004220";"PALMA CENTRAL";"NE_0001";"";"NE_0001";"NE_0001";"NE_0001";"NE_0001";"NE_0001";"NE_0001";"NE_0001"
"2023";"03";"060801";"CAJAMARCA";"JAEN";"JAEN";"GOBIERNO REGIONAL";"I-4";"00004211";"MORRO SOLAR";"241800";"HOSPITALIZACIÓN DE MEDICINA MEDICINA GENERAL ";"62";"60";"93";"62";"8";"178";"0"
"2023";"03";"060801";"CAJAMARCA";"JAEN";"JAEN";"GOBIERNO REGIONAL";"0";"00031497";"HOGAR PROTEGIDO SEÑOR DE HUAMANTANGA";"241800";"HOSPITALIZACIÓN DE MEDICINA MEDICINA GENERAL ";"0";"0";"31";"5";"8";"240";"0"
"2023";"03";"060801";"CAJAMARCA";"JAEN";"JAEN";"GOBIERNO REGIONAL";"I-1";"00004214";"LAS NARANJAS";"NE_0001";"";"NE_0001";"NE_0001";"NE_0001";"NE_0001";"NE_0001";"NE_0001";"NE_0001"
"2023";"03";"060801";"CAJAMARCA";"JAEN";"JAEN";"GOBIERNO REGIONAL";"I-1";"00007024";"SAN MARTIN DE PORRES";"NE_0001";"";"NE_0001";"NE_0001";"NE_0001";"NE_0001";"NE_0001";"NE_0001";"NE_0001"
"2023";"03";"060801";"CAJAMARCA";"JAEN";"JAEN";"GOBIERNO REGIONAL";"I-1";"00004221";"VALILLO";"NE_0001";"";"NE_0001";"NE_0001";"NE_0001";"NE_0001";"NE_0001";"NE_0001";"NE_0001"
"2023";"03";"060801";"CAJAMARCA";"JAEN";"JAEN";"GOBIERNO REGIONAL";"I-2";"00025858";"NUEVO HORIZONTE";"NE_0001";"";"NE_0001";"NE_0001";"NE_0001";"NE_0001";"NE_0001";"NE_0001";"NE_0001"
"2023";"03";"060810";"CAJAMARCA";"JAEN";"SAN FELIPE";"GOBIERNO REGIONAL";"I-2";"00004255";"PIQUIJACA";"NE_0001";"";"NE_0001";"NE_0001";"NE_0001";"NE_0001";"NE_0001";"NE_0001";"NE_0001"
"2023";"03";"060810";"CAJAMARCA";"JAEN";"SAN FELIPE";"GOBIERNO REGIONAL";"I-3";"00004254";"SAN FELIPE";"NE_0001";"";"NE_0001";"NE_0001";"NE_0001";"NE_0001";"NE_0001";"NE_0001";"NE_0001"
"2023";"04";"150106";"LIMA";"LIMA";"CARABAYLLO";"PRIVADO";"I-3";"00017468";"POLICLINICO NIÑO DE LA ESPINA SAC";"NE_0001";"";"NE_0001";"NE_0001";"NE_0001";"NE_0001";"NE_0001";"NE_0001";"NE_0001"
"2023";"04";"220904";"SAN MARTIN";"SAN MARTIN";"CHAZUTA";"GOBIERNO REGIONAL";"I-1";"00006425";"AGUANO MUYUNA";"NE_0001";"";"NE_0001";"NE_0001";"NE_0001";"NE_0001";"NE_0001";"NE_0001";"NE_0001"
"2023";"04";"220904";"SAN MARTIN";"SAN MARTIN";"CHAZUTA";"GOBIERNO REGIONAL";"I-1";"00006426";"CALLANAYACU";"NE_0001";"";"NE_0001";"NE_0001";"NE_0001";"NE_0001";"NE_0001";"NE_0001";"NE_0001"
"2023";"04";"120603";"JUNIN";"SATIPO";"LLAYLLA";"GOBIERNO REGIONAL";"I-1";"00000433";"BELEN";"NE_0001";"";"NE_0001";"NE_0001";"NE_0001";"NE_0001";"NE_0001";"NE_0001";"NE_0001"
"2023";"04";"120604";"JUNIN";"SATIPO";"MAZAMARI";"GOBIERNO REGIONAL";"I-1";"00016911";"BUENOS AIRES";"NE_0001";"";"NE_0001";"NE_0001";"NE_0001";"NE_0001";"NE_0001";"NE_0001";"NE_0001"
"2023";"04";"120603";"JUNIN";"SATIPO";"LLAYLLA";"GOBIERNO REGIONAL";"I-3";"00000490";"LLAYLLA";"NE_0001";"";"NE_0001";"NE_0001";"NE_0001";"NE_0001";"NE_0001";"NE_0001";"NE_0001"
"2023";"04";"120603";"JUNIN";"SATIPO";"LLAYLLA";"GOBIERNO REGIONAL";"I-2";"00000491";"HERMOSA PAMPA";"NE_0001";"";"NE_0001";"NE_0001";"NE_0001";"NE_0001";"NE_0001";"NE_0001";"NE_0001"
"2023";"04";"120606";"JUNIN";"SATIPO";"PANGOA";"GOBIERNO REGIONAL";"I-1";"00000439";"SAN CRISTOBAL";"NE_0001";"";"NE_0001";"NE_0001";"NE_0001";"NE_0001";"NE_0001";"NE_0001";"NE_0001"
"2023";"04";"120604";"JUNIN";"SATIPO";"MAZAMARI";"GOBIERNO REGIONAL";"I-1";"00016909";"TEORIA";"NE_0001";"";"NE_0001";"NE_0001";"NE_0001";"NE_0001";"NE_0001";"NE_0001";"NE_0001"
"2023";"04";"120604";"JUNIN";"SATIPO";"MAZAMARI";"GOBIERNO REGIONAL";"I-4";"00000434";"MAZAMARI";"241600";"HOSPITALIZACIÓN QUIRÚRGICA OBSTETRICIA   ";"41";"43";"76";"76";"6";"180";"0"
"2023";"04";"120604";"JUNIN";"SATIPO";"MAZAMARI";"GOBIERNO REGIONAL";"I-4";"00000434";"MAZAMARI";"241800";"HOSPITALIZACIÓN DE MEDICINA MEDICINA GENERAL ";"16";"21";"91";"91";"8";"240";"0"
"2023";"04";"120604";"JUNIN";"SATIPO";"MAZAMARI";"GOBIERNO REGIONAL";"I-4";"00000434";"MAZAMARI";"242500";"HOSPITALIZACIÓN-PEDIATRÍA GENERAL-";"8";"8";"24";"24";"6";"180";"0"
"2023";"04";"120604";"JUNIN";"SATIPO";"MAZAMARI";"GOBIERNO REGIONAL";"I-2";"00000437";"PANGA";"NE_0001";"";"NE_0001";"NE_0001";"NE_0001";"NE_0001";"NE_0001";"NE_0001";"NE_0001"
"2023";"04";"120606";"JUNIN";"SATIPO";"PANGOA";"GOBIERNO REGIONAL";"I-3";"00000438";"TZIRIARI";"NE_0001";"";"NE_0001";"NE_0001";"NE_0001";"NE_0001";"NE_0001";"NE_0001";"NE_0001"
"2023";"04";"120604";"JUNIN";"SATIPO";"MAZAMARI";"GOBIERNO REGIONAL";"I-2";"00000435";"CAPIRUSHARI";"NE_0001";"";"NE_0001";"NE_0001";"NE_0001";"NE_0001";"NE_0001";"NE_0001";"NE_0001"
"2023";"04";"120604";"JUNIN";"SATIPO";"MAZAMARI";"GOBIERNO REGIONAL";"I-1";"00016908";"GLORIABAMBA";"NE_0001";"";"NE_0001";"NE_0001";"NE_0001";"NE_0001";"NE_0001";"NE_0001";"NE_0001"
"2023";"04";"120604";"JUNIN";"SATIPO";"MAZAMARI";"GOBIERNO REGIONAL";"I-1";"00016912";"VILLA PROGRESO DE EDEN";"NE_0001";"";"NE_0001";"NE_0001";"NE_0001";"NE_0001";"NE_0001";"NE_0001";"NE_0001"
"2023";"04";"120701";"JUNIN";"TARMA";"TARMA";"GOBIERNO REGIONAL";"I-1";"00000584";"TARMATAMBO";"NE_0001";"";"NE_0001";"NE_0001";"NE_0001";"NE_0001";"NE_0001";"NE_0001";"NE_0001"
"2023";"04";"120701";"JUNIN";"TARMA";"TARMA";"GOBIERNO REGIONAL";"I-1";"00000593";"SANYACANCHA";"NE_0001";"";"NE_0001";"NE_0001";"NE_0001";"NE_0001";"NE_0001";"NE_0001";"NE_0001"
"2023";"04";"120701";"JUNIN";"TARMA";"TARMA";"GOBIERNO REGIONAL";"I-1";"00000590";"MISARURASHA";"NE_0001";"";"NE_0001";"NE_0001";"NE_0001";"NE_0001";"NE_0001";"NE_0001";"NE_0001"
"2023";"04";"120701";"JUNIN";"TARMA";"TARMA";"GOBIERNO REGIONAL";"I-1";"00000591";"CARHUACATAC";"NE_0001";"";"NE_0001";"NE_0001";"NE_0001";"NE_0001";"NE_0001";"NE_0001";"NE_0001"
"2023";"04";"120701";"JUNIN";"TARMA";"TARMA";"GOBIERNO REGIONAL";"I-1";"00000585";"COCHAS";"NE_0001";"";"NE_0001";"NE_0001";"NE_0001";"NE_0001";"NE_0001";"NE_0001";"NE_0001"
"2023";"04";"120701";"JUNIN";"TARMA";"TARMA";"GOBIERNO REGIONAL";"I-1";"00000592";"PALCAPACCHA";"NE_0001";"";"NE_0001";"NE_0001";"NE_0001";"NE_0001";"NE_0001";"NE_0001";"NE_0001"
"2023";"04";"120701";"JUNIN";"TARMA";"TARMA";"GOBIERNO REGIONAL";"I-2";"00000587";"POMACHACA";"NE_0001";"";"NE_0001";"NE_0001";"NE_0001";"NE_0001";"NE_0001";"NE_0001";"NE_0001"
"2023";"04";"120701";"JUNIN";"TARMA";"TARMA";"GOBIERNO REGIONAL";"I-1";"00000588";"MULLUCRO";"NE_0001";"";"NE_0001";"NE_0001";"NE_0001";"NE_0001";"NE_0001";"NE_0001";"NE_0001"
"2023";"05";"050501";"AYACUCHO";"LA MAR";"SAN MIGUEL";"GOBIERNO REGIONAL";"II-E";"00003792";"HOSPITAL DE APOYO  SAN MIGUEL";"240100";"HOSPITALIZACIÓN QUIRÚRGICA CIRUGÍA GENERAL ";"9";"9";"21";"5";"5";"150";"1"
"2023";"05";"050501";"AYACUCHO";"LA MAR";"SAN MIGUEL";"GOBIERNO REGIONAL";"II-E";"00003792";"HOSPITAL DE APOYO  SAN MIGUEL";"241500";"HOSPITALIZACIÓN QUIRÚRGICA GINECOLOGÍA  ";"7";"7";"18";"3";"5";"150";"0"
"2023";"05";"050501";"AYACUCHO";"LA MAR";"SAN MIGUEL";"GOBIERNO REGIONAL";"II-E";"00003792";"HOSPITAL DE APOYO  SAN MIGUEL";"241600";"HOSPITALIZACIÓN QUIRÚRGICA OBSTETRICIA   ";"23";"23";"45";"8";"5";"150";"0"
"2023";"05";"050501";"AYACUCHO";"LA MAR";"SAN MIGUEL";"GOBIERNO REGIONAL";"II-E";"00003792";"HOSPITAL DE APOYO  SAN MIGUEL";"241800";"HOSPITALIZACIÓN DE MEDICINA MEDICINA GENERAL ";"8";"11";"60";"9";"5";"150";"1"
"2023";"05";"050501";"AYACUCHO";"LA MAR";"SAN MIGUEL";"GOBIERNO REGIONAL";"II-E";"00003792";"HOSPITAL DE APOYO  SAN MIGUEL";"242500";"HOSPITALIZACIÓN-PEDIATRÍA GENERAL-";"1";"1";"1";"1";"5";"150";"0"
"2023";"05";"080801";"CUSCO";"ESPINAR";"ESPINAR";"GOBIERNO REGIONAL";"II-1";"00007135";"ESPINAR";"240100";"HOSPITALIZACIÓN QUIRÚRGICA CIRUGÍA GENERAL ";"30";"30";"99";"97";"8";"248";"0"
"2023";"05";"080801";"CUSCO";"ESPINAR";"ESPINAR";"GOBIERNO REGIONAL";"II-1";"00007135";"ESPINAR";"241600";"HOSPITALIZACIÓN QUIRÚRGICA OBSTETRICIA   ";"53";"54";"123";"119";"13";"403";"0"
"2023";"05";"080801";"CUSCO";"ESPINAR";"ESPINAR";"GOBIERNO REGIONAL";"II-1";"00007135";"ESPINAR";"241800";"HOSPITALIZACIÓN DE MEDICINA MEDICINA GENERAL ";"14";"14";"82";"80";"8";"248";"0"
"2023";"05";"080801";"CUSCO";"ESPINAR";"ESPINAR";"GOBIERNO REGIONAL";"II-1";"00007135";"ESPINAR";"242500";"HOSPITALIZACIÓN-PEDIATRÍA GENERAL-";"16";"12";"45";"45";"5";"155";"0"
"2023";"05";"080801";"CUSCO";"ESPINAR";"ESPINAR";"GOBIERNO REGIONAL";"II-1";"00007135";"ESPINAR";"243200";"HOSPITALIZACIÓN DE PEDIATRÍA PEDIATRIA NEONATOLOGÍA";"8";"8";"13";"13";"1";"31";"0"
"2023";"05";"080801";"CUSCO";"ESPINAR";"ESPINAR";"GOBIERNO REGIONAL";"II-1";"00007135";"ESPINAR";"241500";"HOSPITALIZACIÓN QUIRÚRGICA GINECOLOGÍA  ";"13";"13";"33";"31";"7";"217";"0"
"2023";"05";"040129";"AREQUIPA";"AREQUIPA";"JOSE LUIS BUSTAMANTE Y RIVERO";"GOBIERNO REGIONAL";"I-3";"00001257";"CENTRO DE SALUD VICTOR RAUL HINOJOSA LLERENA";"NE_0001";"";"NE_0001";"NE_0001";"NE_0001";"NE_0001";"NE_0001";"NE_0001";"NE_0001"
"2023";"05";"040129";"AREQUIPA";"AREQUIPA";"JOSE LUIS BUSTAMANTE Y RIVERO";"GOBIERNO REGIONAL";"I-3";"00023488";"CENTRO DE SALUD MENTAL COMUNITARIO SIMON BOLIVAR";"NE_0001";"";"NE_0001";"NE_0001";"NE_0001";"NE_0001";"NE_0001";"NE_0001";"NE_0001"
"2023";"05";"040129";"AREQUIPA";"AREQUIPA";"JOSE LUIS BUSTAMANTE Y RIVERO";"GOBIERNO REGIONAL";"I-2";"00001263";"PUESTO DE SALUD 13 DE ENERO";"NE_0001";"";"NE_0001";"NE_0001";"NE_0001";"NE_0001";"NE_0001";"NE_0001";"NE_0001"
"2023";"05";"040129";"AREQUIPA";"AREQUIPA";"JOSE LUIS BUSTAMANTE Y RIVERO";"GOBIERNO REGIONAL";"I-3";"00001264";"CENTRO DE SALUD LAS ESMERALDAS";"NE_0001";"";"NE_0001";"NE_0001";"NE_0001";"NE_0001";"NE_0001";"NE_0001";"NE_0001"
"2023";"05";"040129";"AREQUIPA";"AREQUIPA";"JOSE LUIS BUSTAMANTE Y RIVERO";"GOBIERNO REGIONAL";"I-2";"00001267";"PUESTO DE SALUD CERRO JULI";"NE_0001";"";"NE_0001";"NE_0001";"NE_0001";"NE_0001";"NE_0001";"NE_0001";"NE_0001"
"2023";"05";"020101";"ANCASH";"HUARAZ";"HUARAZ";"GOBIERNO REGIONAL";"II-2";"00001543";"HOSPITAL ""VICTOR RAMOS GUARDIA"" - HUARAZ";"240100";"HOSPITALIZACIÓN QUIRÚRGICA CIRUGÍA GENERAL ";"105";"123";"585";"507";"18";"558";"0"
"2023";"05";"020101";"ANCASH";"HUARAZ";"HUARAZ";"GOBIERNO REGIONAL";"II-2";"00001543";"HOSPITAL ""VICTOR RAMOS GUARDIA"" - HUARAZ";"240900";"HOSPITALIZACIÓN QUIRÚRGICA NEUROCIRUGÍA ";"10";"13";"142";"109";"4";"124";"0"
"2023";"05";"020101";"ANCASH";"HUARAZ";"HUARAZ";"GOBIERNO REGIONAL";"II-2";"00001543";"HOSPITAL ""VICTOR RAMOS GUARDIA"" - HUARAZ";"241200";"HOSPITALIZACIÓN QUIRÚRGICA TRAUMATOLOGÍA Y ORTOPEDIA ";"22";"38";"483";"659";"22";"682";"0"
"2023";"05";"020101";"ANCASH";"HUARAZ";"HUARAZ";"GOBIERNO REGIONAL";"II-2";"00001543";"HOSPITAL ""VICTOR RAMOS GUARDIA"" - HUARAZ";"241300";"HOSPITALIZACIÓN QUIRÚRGICA UROLOGÍA  ";"14";"14";"41";"41";"2";"62";"0"
"2023";"05";"020101";"ANCASH";"HUARAZ";"HUARAZ";"GOBIERNO REGIONAL";"II-2";"00001543";"HOSPITAL ""VICTOR RAMOS GUARDIA"" - HUARAZ";"241100";"HOSPITALIZACIÓN QUIRÚRGICA OTORRINOLARINGOLOGÍA  ";"2";"2";"6";"6";"1";"31";"0"
"2023";"05";"020101";"ANCASH";"HUARAZ";"HUARAZ";"GOBIERNO REGIONAL";"II-2";"00001543";"HOSPITAL ""VICTOR RAMOS GUARDIA"" - HUARAZ";"241500";"HOSPITALIZACIÓN QUIRÚRGICA GINECOLOGÍA  ";"10";"10";"36";"43";"2";"62";"0"
"2023";"05";"020101";"ANCASH";"HUARAZ";"HUARAZ";"GOBIERNO REGIONAL";"II-2";"00001543";"HOSPITAL ""VICTOR RAMOS GUARDIA"" - HUARAZ";"241600";"HOSPITALIZACIÓN QUIRÚRGICA OBSTETRICIA   ";"269";"293";"709";"635";"25";"775";"0"
"2023";"05";"020101";"ANCASH";"HUARAZ";"HUARAZ";"GOBIERNO REGIONAL";"II-2";"00001543";"HOSPITAL ""VICTOR RAMOS GUARDIA"" - HUARAZ";"242500";"HOSPITALIZACIÓN-PEDIATRÍA GENERAL-";"93";"108";"493";"435";"16";"496";"0"
"2023";"05";"020101";"ANCASH";"HUARAZ";"HUARAZ";"GOBIERNO REGIONAL";"II-2";"00001543";"HOSPITAL ""VICTOR RAMOS GUARDIA"" - HUARAZ";"243200";"HOSPITALIZACIÓN DE PEDIATRÍA PEDIATRIA NEONATOLOGÍA";"36";"50";"565";"509";"18";"558";"6"
"2023";"05";"020101";"ANCASH";"HUARAZ";"HUARAZ";"GOBIERNO REGIONAL";"II-2";"00001543";"HOSPITAL ""VICTOR RAMOS GUARDIA"" - HUARAZ";"250000";"UNIDAD DE CUIDADOS CRITICOS  ";"1";"5";"83";"226";"8";"248";"4"
"2023";"05";"130702";"LA LIBERTAD";"PACASMAYO";"GUADALUPE";"ESSALUD";"I-2";"00012101";"POSTA DE SALUD GUADALUPE";"NE_0001";"";"NE_0001";"NE_0001";"NE_0001";"NE_0001";"NE_0001";"NE_0001";"NE_0001"
"2023";"05";"200101";"PIURA";"PIURA";"PIURA";"PRIVADO";"II-1";"00018310";"SANNA - CLINICA BELEN";"240000";"HOSPITALIZACIÓN";"399";"390";"1164";"1203";"40";"1240";"4"
"2023";"05";"200101";"PIURA";"PIURA";"PIURA";"PRIVADO";"II-1";"00018310";"SANNA - CLINICA BELEN";"250100";"UNIDAD DE CUIDADOS CRITICOS UNIDAD  DE CUIDADOS INTENSIVOS GENERALES (UCI) ";"18";"5";"139";"98";"5";"155";"3"
"2023";"05";"150115";"LIMA";"LIMA";"LA VICTORIA";"PRIVADO";"II-E";"00009431";"CLÍNICA SANTA CATALINA";"NE_0002";"";"NE_0002";"NE_0002";"NE_0002";"NE_0002";"NE_0002";"NE_0002";"NE_0002"
"2023";"05";"150132";"LIMA";"LIMA";"SAN JUAN DE LURIGANCHO";"ESSALUD";"II-1";"00008317";"HOSPITAL AURELIO DIAZ UFANO Y PERAL";"240100";"HOSPITALIZACIÓN QUIRÚRGICA CIRUGÍA GENERAL ";"92";"88";"189";"191";"7";"218";"0"
"2023";"05";"150132";"LIMA";"LIMA";"SAN JUAN DE LURIGANCHO";"ESSALUD";"II-1";"00008317";"HOSPITAL AURELIO DIAZ UFANO Y PERAL";"241400";"HOSPITALIZACIÓN QUIRÚRGICA GINECO - OBSTETRICIA ";"25";"23";"54";"58";"2";"73";"0"
"2023";"05";"150132";"LIMA";"LIMA";"SAN JUAN DE LURIGANCHO";"ESSALUD";"II-1";"00008317";"HOSPITAL AURELIO DIAZ UFANO Y PERAL";"241600";"HOSPITALIZACIÓN QUIRÚRGICA OBSTETRICIA   ";"147";"145";"288";"284";"13";"397";"0"
"2023";"05";"150132";"LIMA";"LIMA";"SAN JUAN DE LURIGANCHO";"ESSALUD";"II-1";"00008317";"HOSPITAL AURELIO DIAZ UFANO Y PERAL";"241900";"HOSPITALIZACIÓN DE MEDICINA MEDICINA INTERNA ";"63";"66";"284";"287";"10";"307";"2"
"2023";"05";"150132";"LIMA";"LIMA";"SAN JUAN DE LURIGANCHO";"ESSALUD";"II-1";"00008317";"HOSPITAL AURELIO DIAZ UFANO Y PERAL";"242300";"HOSPITALIZACIÓN DE PEDIATRÍA  PEDIATRÍA  GENERAL ";"69";"67";"174";"182";"8";"245";"0"
"2023";"05";"150132";"LIMA";"LIMA";"SAN JUAN DE LURIGANCHO";"ESSALUD";"II-1";"00008317";"HOSPITAL AURELIO DIAZ UFANO Y PERAL";"243200";"HOSPITALIZACIÓN DE PEDIATRÍA PEDIATRIA NEONATOLOGÍA";"9";"8";"20";"21";"3";"93";"0"
"2023";"05";"220910";"SAN MARTIN";"SAN MARTIN";"MORALES";"ESSALUD";"I-2";"00027730";"CENTRO DE ATENCIÓN PRIMARIA MORALES - ESSALUD";"NE_0001";"";"NE_0001";"NE_0001";"NE_0001";"NE_0001";"NE_0001";"NE_0001";"NE_0001"
"2023";"05";"150110";"LIMA";"LIMA";"COMAS";"PRIVADO";"I-2";"00013834";"ARIE";"NE_0002";"";"NE_0002";"NE_0002";"NE_0002";"NE_0002";"NE_0002";"NE_0002";"NE_0002"
"2023";"05";"220401";"SAN MARTIN";"HUALLAGA";"SAPOSOA";"ESSALUD";"I-2";"00031567";"POSTA MEDICA DE SAPOSOA - ESSALUD";"NE_0001";"";"NE_0001";"NE_0001";"NE_0001";"NE_0001";"NE_0001";"NE_0001";"NE_0001"
"2023";"05";"021601";"ANCASH";"POMABAMBA";"POMABAMBA";"GOBIERNO REGIONAL";"I-1";"00001771";"PUESTO DE SALUD CHOGO";"NE_0002";"";"NE_0002";"NE_0002";"NE_0002";"NE_0002";"NE_0002";"NE_0002";"NE_0002"
"2023";"05";"050110";"AYACUCHO";"HUAMANGA";"SAN JUAN BAUTISTA";"GOBIERNO REGIONAL";"I-3";"00003600";"CENTRO DE SALUD MIRAFLORES";"NE_0001";"";"NE_0001";"NE_0001";"NE_0001";"NE_0001";"NE_0001";"NE_0001";"NE_0001"
"2023";"05";"040516";"AREQUIPA";"CAYLLOMA";"TAPAY";"GOBIERNO REGIONAL";"I-2";"00001434";"PUESTO DE SALUD TAPAY";"NE_0001";"";"NE_0001";"NE_0001";"NE_0001";"NE_0001";"NE_0001";"NE_0001";"NE_0001"
"2023";"05";"040507";"AREQUIPA";"CAYLLOMA";"HUAMBO";"GOBIERNO REGIONAL";"I-2";"00001433";"PUESTO DE SALUD HUAMBO";"NE_0001";"";"NE_0001";"NE_0001";"NE_0001";"NE_0001";"NE_0001";"NE_0001";"NE_0001"
"2023";"05";"040503";"AREQUIPA";"CAYLLOMA";"CABANACONDE";"GOBIERNO REGIONAL";"I-3";"00001420";"CENTRO DE SALUD CABANACONDE";"NE_0001";"";"NE_0001";"NE_0001";"NE_0001";"NE_0001";"NE_0001";"NE_0001";"NE_0001"
"2023";"05";"040406";"AREQUIPA";"CASTILLA";"CHOCO";"GOBIERNO REGIONAL";"I-2";"00001441";"PUESTO DE SALUD CHOCO";"NE_0001";"";"NE_0001";"NE_0001";"NE_0001";"NE_0001";"NE_0001";"NE_0001";"NE_0001"
"2023";"05";"040503";"AREQUIPA";"CAYLLOMA";"CABANACONDE";"GOBIERNO REGIONAL";"I-2";"00001432";"PUESTO DE SALUD PINCHOLLO";"NE_0001";"";"NE_0001";"NE_0001";"NE_0001";"NE_0001";"NE_0001";"NE_0001";"NE_0001"
"2023";"05";"150140";"LIMA";"LIMA";"SANTIAGO DE SURCO";"PRIVADO";"II-E";"00028189";"GLAUCOMA SALUD";"NE_0001";"";"NE_0001";"NE_0001";"NE_0001";"NE_0001";"NE_0001";"NE_0001";"NE_0001"
"2023";"04";"250105";"UCAYALI";"CORONEL PORTILLO";"YARINACOCHA";"GOBIERNO REGIONAL";"I-1";"00005546";"MARISCAL SUCRE";"NE_0001";"";"NE_0001";"NE_0001";"NE_0001";"NE_0001";"NE_0001";"NE_0001";"NE_0001"
"2023";"04";"250105";"UCAYALI";"CORONEL PORTILLO";"YARINACOCHA";"GOBIERNO REGIONAL";"I-1";"00005545";"NUEVA ALEJANDRIA";"NE_0001";"";"NE_0001";"NE_0001";"NE_0001";"NE_0001";"NE_0001";"NE_0001";"NE_0001"
"2023";"03";"130101";"LA LIBERTAD";"TRUJILLO";"TRUJILLO";"GOBIERNO REGIONAL";"III-2";"00007277";"INSTITUTO REGIONAL DE ENFERMEDADES NEOPLASICAS - NORTE - DR. LUIS PINILLOS GANOZA";"241000";"HOSPITALIZACIÓN QUIRÚRGICA ONCOLOGÍA QUIRÚRGICA  ";"63";"69";"359";"323";"13";"385";"2"
"2023";"03";"130101";"LA LIBERTAD";"TRUJILLO";"TRUJILLO";"GOBIERNO REGIONAL";"III-2";"00007277";"INSTITUTO REGIONAL DE ENFERMEDADES NEOPLASICAS - NORTE - DR. LUIS PINILLOS GANOZA";"242100";"HOSPITALIZACIÓN DE MEDICINA ONCOLOGÍA MÉDICA ";"64";"67";"219";"257";"9";"279";"1"
"2023";"03";"110101";"ICA";"ICA";"ICA";"GOBIERNO REGIONAL";"II-2";"00003358";"HOSPITAL REGIONAL DE ICA";"240100";"HOSPITALIZACIÓN QUIRÚRGICA CIRUGÍA GENERAL ";"200";"203";"1941";"2093";"63";"1953";"1"
"2023";"03";"110101";"ICA";"ICA";"ICA";"GOBIERNO REGIONAL";"II-2";"00003358";"HOSPITAL REGIONAL DE ICA";"241500";"HOSPITALIZACIÓN QUIRÚRGICA GINECOLOGÍA  ";"51";"51";"231";"258";"15";"465";"0"
"2023";"03";"110101";"ICA";"ICA";"ICA";"GOBIERNO REGIONAL";"II-2";"00003358";"HOSPITAL REGIONAL DE ICA";"241600";"HOSPITALIZACIÓN QUIRÚRGICA OBSTETRICIA   ";"312";"312";"633";"786";"26";"806";"0"
"2023";"03";"110101";"ICA";"ICA";"ICA";"GOBIERNO REGIONAL";"II-2";"00003358";"HOSPITAL REGIONAL DE ICA";"241900";"HOSPITALIZACIÓN DE MEDICINA MEDICINA INTERNA ";"187";"192";"1867";"2031";"134";"4154";"14"
"2023";"03";"110101";"ICA";"ICA";"ICA";"GOBIERNO REGIONAL";"II-2";"00003358";"HOSPITAL REGIONAL DE ICA";"242500";"HOSPITALIZACIÓN-PEDIATRÍA GENERAL-";"81";"81";"248";"297";"7";"317";"0"
"2023";"03";"110101";"ICA";"ICA";"ICA";"GOBIERNO REGIONAL";"II-2";"00003358";"HOSPITAL REGIONAL DE ICA";"243200";"HOSPITALIZACIÓN DE PEDIATRÍA PEDIATRIA NEONATOLOGÍA";"36";"36";"381";"397";"12";"472";"0"
"2023";"03";"110101";"ICA";"ICA";"ICA";"GOBIERNO REGIONAL";"II-2";"00003358";"HOSPITAL REGIONAL DE ICA";"250103";"UNIDAD DE CUIDADOS CRITICOS UNIDAD  DE CUIDADOS INTENSIVOS GENERALES  (UCI) MEDICINA";"5";"5";"140";"143";"10";"310";"5"
"2023";"03";"110101";"ICA";"ICA";"ICA";"GOBIERNO REGIONAL";"II-2";"00003358";"HOSPITAL REGIONAL DE ICA";"250108";"UNIDAD DE CUIDADOS CRITICOS UNIDAD  DE CUIDADOS INTENSIVOS  (UCI) PEDIÁTRICA";"2";"2";"4";"6";"5";"155";"1"
"2023";"03";"110301";"ICA";"NAZCA";"NAZCA";"GOBIERNO REGIONAL";"II-1";"00003443";"RICARDO CRUZADO RIVAROLA DE NASCA";"240100";"HOSPITALIZACIÓN QUIRÚRGICA CIRUGÍA GENERAL ";"45";"49";"172";"343";"11";"341";"0"
"2023";"03";"110301";"ICA";"NAZCA";"NAZCA";"GOBIERNO REGIONAL";"II-1";"00003443";"RICARDO CRUZADO RIVAROLA DE NASCA";"241500";"HOSPITALIZACIÓN QUIRÚRGICA GINECOLOGÍA  ";"32";"28";"59";"122";"4";"124";"0"
"2023";"03";"110301";"ICA";"NAZCA";"NAZCA";"GOBIERNO REGIONAL";"II-1";"00003443";"RICARDO CRUZADO RIVAROLA DE NASCA";"241600";"HOSPITALIZACIÓN QUIRÚRGICA OBSTETRICIA   ";"134";"141";"295";"433";"14";"434";"0"
"2023";"03";"110301";"ICA";"NAZCA";"NAZCA";"GOBIERNO REGIONAL";"II-1";"00003443";"RICARDO CRUZADO RIVAROLA DE NASCA";"241800";"HOSPITALIZACIÓN DE MEDICINA MEDICINA GENERAL ";"110";"112";"506";"584";"19";"589";"13"
"2023";"03";"110301";"ICA";"NAZCA";"NAZCA";"GOBIERNO REGIONAL";"II-1";"00003443";"RICARDO CRUZADO RIVAROLA DE NASCA";"242500";"HOSPITALIZACIÓN-PEDIATRÍA GENERAL-";"57";"55";"147";"310";"15";"465";"1"
"2023";"03";"060801";"CAJAMARCA";"JAEN";"JAEN";"GOBIERNO REGIONAL";"I-1";"00004215";"CHAMAYA";"NE_0001";"";"NE_0001";"NE_0001";"NE_0001";"NE_0001";"NE_0001";"NE_0001";"NE_0001"
"2023";"03";"060801";"CAJAMARCA";"JAEN";"JAEN";"GOBIERNO REGIONAL";"I-2";"00007168";"MONTEGRANDE";"NE_0001";"";"NE_0001";"NE_0001";"NE_0001";"NE_0001";"NE_0001";"NE_0001";"NE_0001"
"2023";"03";"060801";"CAJAMARCA";"JAEN";"JAEN";"GOBIERNO REGIONAL";"I-1";"00004220";"PALMA CENTRAL";"NE_0001";"";"NE_0001";"NE_0001";"NE_0001";"NE_0001";"NE_0001";"NE_0001";"NE_0001"
"2023";"03";"060801";"CAJAMARCA";"JAEN";"JAEN";"GOBIERNO REGIONAL";"I-4";"00004211";"MORRO SOLAR";"241800";"HOSPITALIZACIÓN DE MEDICINA MEDICINA GENERAL ";"62";"60";"93";"62";"8";"178";"0"
"2023";"03";"060801";"CAJAMARCA";"JAEN";"JAEN";"GOBIERNO REGIONAL";"I-1";"00004214";"LAS NARANJAS";"NE_0001";"";"NE_0001";"NE_0001";"NE_0001";"NE_0001";"NE_0001";"NE_0001";"NE_0001"
"2023";"03";"060801";"CAJAMARCA";"JAEN";"JAEN";"GOBIERNO REGIONAL";"I-1";"00007024";"SAN MARTIN DE PORRES";"NE_0001";"";"NE_0001";"NE_0001";"NE_0001";"NE_0001";"NE_0001";"NE_0001";"NE_0001"
"2023";"03";"060801";"CAJAMARCA";"JAEN";"JAEN";"GOBIERNO REGIONAL";"I-1";"00004221";"VALILLO";"NE_0001";"";"NE_0001";"NE_0001";"NE_0001";"NE_0001";"NE_0001";"NE_0001";"NE_0001"
"2023";"03";"060801";"CAJAMARCA";"JAEN";"JAEN";"GOBIERNO REGIONAL";"I-2";"00025858";"NUEVO HORIZONTE";"NE_0001";"";"NE_0001";"NE_0001";"NE_0001";"NE_0001";"NE_0001";"NE_0001";"NE_0001"
"2023";"03";"110201";"ICA";"CHINCHA";"CHINCHA ALTA";"PRIVADO";"I-3";"00011272";"DANIEL A. CARRION EIRL";"NE_0001";"";"NE_0001";"NE_0001";"NE_0001";"NE_0001";"NE_0001";"NE_0001";"NE_0001"
"2023";"03";"100605";"HUANUCO";"LEONCIO PRADO";"LUYANDO";"GOBIERNO REGIONAL";"II-1";"00000932";"HOSPITAL DE TINGO MARIA (HOSPITAL DE CONTINGENCIA)";"241800";"HOSPITALIZACIÓN DE MEDICINA MEDICINA GENERAL ";"109";"96";"560";"646";"10";"646";"5"
"2023";"03";"100605";"HUANUCO";"LEONCIO PRADO";"LUYANDO";"GOBIERNO REGIONAL";"II-1";"00000932";"HOSPITAL DE TINGO MARIA (HOSPITAL DE CONTINGENCIA)";"240100";"HOSPITALIZACIÓN QUIRÚRGICA CIRUGÍA GENERAL ";"87";"87";"420";"443";"16";"512";"0"
"2023";"03";"100605";"HUANUCO";"LEONCIO PRADO";"LUYANDO";"GOBIERNO REGIONAL";"II-1";"00000932";"HOSPITAL DE TINGO MARIA (HOSPITAL DE CONTINGENCIA)";"243200";"HOSPITALIZACIÓN DE PEDIATRÍA PEDIATRIA NEONATOLOGÍA";"21";"21";"125";"124";"10";"310";"2"
"2023";"03";"100605";"HUANUCO";"LEONCIO PRADO";"LUYANDO";"GOBIERNO REGIONAL";"II-1";"00000932";"HOSPITAL DE TINGO MARIA (HOSPITAL DE CONTINGENCIA)";"242500";"HOSPITALIZACIÓN-PEDIATRÍA GENERAL-";"23";"24";"98";"91";"8";"248";"1"
"2023";"03";"100605";"HUANUCO";"LEONCIO PRADO";"LUYANDO";"GOBIERNO REGIONAL";"II-1";"00000932";"HOSPITAL DE TINGO MARIA (HOSPITAL DE CONTINGENCIA)";"241400";"HOSPITALIZACIÓN QUIRÚRGICA GINECO - OBSTETRICIA ";"344";"266";"614";"587";"25";"792";"0"
"2023";"03";"100605";"HUANUCO";"LEONCIO PRADO";"LUYANDO";"GOBIERNO REGIONAL";"II-1";"00000932";"HOSPITAL DE TINGO MARIA (HOSPITAL DE CONTINGENCIA)";"250200";"UNIDAD DE CUIDADOS CRITICOS UNIDAD DE CUIDADOS INTERMEDIOS GENERAL  (UCIN) ";"0";"1";"2";"3";"9";"252";"0"
"2023";"03";"100605";"HUANUCO";"LEONCIO PRADO";"LUYANDO";"GOBIERNO REGIONAL";"II-1";"00000932";"HOSPITAL DE TINGO MARIA (HOSPITAL DE CONTINGENCIA)";"250304";"HOSPIT. EN UNIDAD DE CUID.INTEN.-UNIDAD DE VIGILANCIA INTENSIVA (UVI)-MEDICINA";"2";"3";"93";"77";"6";"186";"0"
"2023";"03";"100605";"HUANUCO";"LEONCIO PRADO";"LUYANDO";"GOBIERNO REGIONAL";"II-1";"00000932";"HOSPITAL DE TINGO MARIA (HOSPITAL DE CONTINGENCIA)";"242205";"HOSPITALIZACIÓN MEDICINA PSIQUIATRÍA PISIQUIATRIA/ SALUD MENTAL Y ADICCIONES";"6";"10";"370";"231";"10";"300";"0"
"2023";"04";"010201";"AMAZONAS";"BAGUA";"BAGUA";"SANIDAD DE LA POLICIA NACIONAL DEL PERU";"I-2";"00012954";"POSTA MEDICA  POLICIAL  BAGUA";"NE_0001";"";"NE_0001";"NE_0001";"NE_0001";"NE_0001";"NE_0001";"NE_0001";"NE_0001"
"2023";"04";"040101";"AREQUIPA";"AREQUIPA";"AREQUIPA";"ESSALUD";"III-1";"00013290";"HOSPITAL NACIONAL III-1 CARLOS ALBERTO SEGUÍN ESCOBEDO";"241900";"HOSPITALIZACIÓN DE MEDICINA MEDICINA INTERNA ";"372";"330";"4618";"4220";"153";"5640";"21"
"2023";"04";"040101";"AREQUIPA";"AREQUIPA";"AREQUIPA";"ESSALUD";"III-1";"00013290";"HOSPITAL NACIONAL III-1 CARLOS ALBERTO SEGUÍN ESCOBEDO";"240200";"HOSPITALIZACIÓN QUIRÚRGICA CIRUGÍA DE CABEZA Y CUELLO / MÁXILO FACIAL ";"57";"55";"213";"206";"7";"210";"0"
"2023";"04";"040101";"AREQUIPA";"AREQUIPA";"AREQUIPA";"ESSALUD";"III-1";"00013290";"HOSPITAL NACIONAL III-1 CARLOS ALBERTO SEGUÍN ESCOBEDO";"240400";"HOSPITALIZACIÓN QUIRÚRGICA CIRUGÍA DE TÓRAX Y CARDIOVASCULAR ";"21";"20";"382";"334";"12";"360";"0"
"2023";"04";"040101";"AREQUIPA";"AREQUIPA";"AREQUIPA";"ESSALUD";"III-1";"00013290";"HOSPITAL NACIONAL III-1 CARLOS ALBERTO SEGUÍN ESCOBEDO";"241000";"HOSPITALIZACIÓN QUIRÚRGICA ONCOLOGÍA QUIRÚRGICA  ";"29";"25";"302";"218";"9";"270";"0"
"2023";"04";"040101";"AREQUIPA";"AREQUIPA";"AREQUIPA";"ESSALUD";"III-1";"00013290";"HOSPITAL NACIONAL III-1 CARLOS ALBERTO SEGUÍN ESCOBEDO";"240800";"HOSPITALIZACIÓN QUIRÚRGICA CIRUGÍA PLÁSTICA/RECONSTRUCTIVA/ REPARADORA ";"16";"15";"214";"222";"10";"300";"0"
"2023";"04";"040101";"AREQUIPA";"AREQUIPA";"AREQUIPA";"ESSALUD";"III-1";"00013290";"HOSPITAL NACIONAL III-1 CARLOS ALBERTO SEGUÍN ESCOBEDO";"240900";"HOSPITALIZACIÓN QUIRÚRGICA NEUROCIRUGÍA ";"44";"30";"433";"383";"14";"420";"1"
"2023";"04";"040101";"AREQUIPA";"AREQUIPA";"AREQUIPA";"ESSALUD";"III-1";"00013290";"HOSPITAL NACIONAL III-1 CARLOS ALBERTO SEGUÍN ESCOBEDO";"240100";"HOSPITALIZACIÓN QUIRÚRGICA CIRUGÍA GENERAL ";"69";"67";"399";"313";"11";"330";"0"
"2023";"04";"040101";"AREQUIPA";"AREQUIPA";"AREQUIPA";"ESSALUD";"III-1";"00013290";"HOSPITAL NACIONAL III-1 CARLOS ALBERTO SEGUÍN ESCOBEDO";"241100";"HOSPITALIZACIÓN QUIRÚRGICA OTORRINOLARINGOLOGÍA  ";"35";"37";"145";"140";"5";"150";"0"
"2023";"04";"040101";"AREQUIPA";"AREQUIPA";"AREQUIPA";"ESSALUD";"III-1";"00013290";"HOSPITAL NACIONAL III-1 CARLOS ALBERTO SEGUÍN ESCOBEDO";"242202";"HOSPITALIZACIÓN DE MEDICINA PSIQUIATRÍA PSIQUIATRÍA DEL ADULTO Y GERONTE";"27";"27";"484";"588";"24";"720";"0"
"2023";"04";"040101";"AREQUIPA";"AREQUIPA";"AREQUIPA";"ESSALUD";"III-1";"00013290";"HOSPITAL NACIONAL III-1 CARLOS ALBERTO SEGUÍN ESCOBEDO";"241200";"HOSPITALIZACIÓN QUIRÚRGICA TRAUMATOLOGÍA Y ORTOPEDIA ";"88";"85";"733";"797";"28";"840";"0"
"2023";"04";"040101";"AREQUIPA";"AREQUIPA";"AREQUIPA";"ESSALUD";"III-1";"00013290";"HOSPITAL NACIONAL III-1 CARLOS ALBERTO SEGUÍN ESCOBEDO";"241300";"HOSPITALIZACIÓN QUIRÚRGICA UROLOGÍA  ";"37";"34";"181";"226";"9";"270";"0"
"2023";"04";"040101";"AREQUIPA";"AREQUIPA";"AREQUIPA";"ESSALUD";"III-1";"00013290";"HOSPITAL NACIONAL III-1 CARLOS ALBERTO SEGUÍN ESCOBEDO";"240100";"HOSPITALIZACIÓN QUIRÚRGICA CIRUGÍA GENERAL ";"127";"120";"996";"813";"29";"870";"1"
"2023";"04";"040101";"AREQUIPA";"AREQUIPA";"AREQUIPA";"ESSALUD";"III-1";"00013290";"HOSPITAL NACIONAL III-1 CARLOS ALBERTO SEGUÍN ESCOBEDO";"241500";"HOSPITALIZACIÓN QUIRÚRGICA GINECOLOGÍA  ";"33";"31";"103";"106";"4";"120";"0"
"2023";"04";"040101";"AREQUIPA";"AREQUIPA";"AREQUIPA";"ESSALUD";"III-1";"00013290";"HOSPITAL NACIONAL III-1 CARLOS ALBERTO SEGUÍN ESCOBEDO";"242300";"HOSPITALIZACIÓN DE PEDIATRÍA  PEDIATRÍA  GENERAL ";"15";"17";"216";"210";"10";"300";"1"
"2023";"04";"040101";"AREQUIPA";"AREQUIPA";"AREQUIPA";"ESSALUD";"III-1";"00013290";"HOSPITAL NACIONAL III-1 CARLOS ALBERTO SEGUÍN ESCOBEDO";"243200";"HOSPITALIZACIÓN DE PEDIATRÍA PEDIATRIA NEONATOLOGÍA";"74";"64";"395";"200";"9";"270";"5"
"2023";"04";"040101";"AREQUIPA";"AREQUIPA";"AREQUIPA";"ESSALUD";"III-1";"00013290";"HOSPITAL NACIONAL III-1 CARLOS ALBERTO SEGUÍN ESCOBEDO";"241600";"HOSPITALIZACIÓN QUIRÚRGICA OBSTETRICIA   ";"104";"99";"381";"387";"16";"480";"0"
"2023";"04";"040101";"AREQUIPA";"AREQUIPA";"AREQUIPA";"ESSALUD";"III-1";"00013290";"HOSPITAL NACIONAL III-1 CARLOS ALBERTO SEGUÍN ESCOBEDO";"241700";"HOSPITALIZACIÓN QUIRÚRGICA GINECOLOGÍA   GINECOLOGIA ONCOLOGiCA";"29";"29";"112";"114";"7";"210";"0"
"2023";"04";"040101";"AREQUIPA";"AREQUIPA";"AREQUIPA";"ESSALUD";"III-1";"00013290";"HOSPITAL NACIONAL III-1 CARLOS ALBERTO SEGUÍN ESCOBEDO";"242300";"HOSPITALIZACIÓN DE PEDIATRÍA  PEDIATRÍA  GENERAL ";"40";"37";"694";"372";"14";"420";"3"
"2023";"04";"040101";"AREQUIPA";"AREQUIPA";"AREQUIPA";"ESSALUD";"III-1";"00013290";"HOSPITAL NACIONAL III-1 CARLOS ALBERTO SEGUÍN ESCOBEDO";"250100";"UNIDAD DE CUIDADOS CRITICOS UNIDAD  DE CUIDADOS INTENSIVOS GENERALES (UCI) ";"96";"100";"1547";"1413";"50";"1500";"6"
"2023";"04";"040101";"AREQUIPA";"AREQUIPA";"AREQUIPA";"ESSALUD";"III-1";"00013290";"HOSPITAL NACIONAL III-1 CARLOS ALBERTO SEGUÍN ESCOBEDO";"250200";"UNIDAD DE CUIDADOS CRITICOS UNIDAD DE CUIDADOS INTERMEDIOS GENERAL  (UCIN) ";"56";"55";"255";"308";"11";"330";"0"
"2023";"04";"021901";"ANCASH";"SIHUAS";"SIHUAS";"GOBIERNO REGIONAL";"II-1";"00001795";"HOSPITAL DE APOYO SIHUAS";"241800";"HOSPITALIZACIÓN DE MEDICINA MEDICINA GENERAL ";"23";"22";"58";"8";"11";"330";"0"
"2023";"04";"021901";"ANCASH";"SIHUAS";"SIHUAS";"GOBIERNO REGIONAL";"II-1";"00001795";"HOSPITAL DE APOYO SIHUAS";"240100";"HOSPITALIZACIÓN QUIRÚRGICA CIRUGÍA GENERAL ";"3";"4";"8";"5";"4";"120";"0"
"2023";"04";"021901";"ANCASH";"SIHUAS";"SIHUAS";"GOBIERNO REGIONAL";"II-1";"00001795";"HOSPITAL DE APOYO SIHUAS";"241500";"HOSPITALIZACIÓN QUIRÚRGICA GINECOLOGÍA  ";"23";"22";"54";"52";"4";"120";"0"
"2023";"04";"021901";"ANCASH";"SIHUAS";"SIHUAS";"GOBIERNO REGIONAL";"II-1";"00001795";"HOSPITAL DE APOYO SIHUAS";"241600";"HOSPITALIZACIÓN QUIRÚRGICA OBSTETRICIA   ";"14";"12";"36";"34";"4";"120";"0"
"2023";"04";"220601";"SAN MARTIN";"MARISCAL CACERES";"JUANJUI";"GOBIERNO REGIONAL";"II-E";"00006919";"HOSPITAL II-E JUANJUI - MC LUIS IZQUIERDO VÁSQUEZ";"240100";"HOSPITALIZACIÓN QUIRÚRGICA CIRUGÍA GENERAL ";"23";"24";"54";"54";"5";"150";"0"
"2023";"04";"220601";"SAN MARTIN";"MARISCAL CACERES";"JUANJUI";"GOBIERNO REGIONAL";"II-E";"00006919";"HOSPITAL II-E JUANJUI - MC LUIS IZQUIERDO VÁSQUEZ";"241500";"HOSPITALIZACIÓN QUIRÚRGICA GINECOLOGÍA  ";"90";"105";"231";"231";"8";"240";"0"
"2023";"04";"220601";"SAN MARTIN";"MARISCAL CACERES";"JUANJUI";"GOBIERNO REGIONAL";"II-E";"00006919";"HOSPITAL II-E JUANJUI - MC LUIS IZQUIERDO VÁSQUEZ";"241600";"HOSPITALIZACIÓN QUIRÚRGICA OBSTETRICIA   ";"42";"44";"61";"61";"8";"240";"0"
"2023";"04";"220601";"SAN MARTIN";"MARISCAL CACERES";"JUANJUI";"GOBIERNO REGIONAL";"II-E";"00006919";"HOSPITAL II-E JUANJUI - MC LUIS IZQUIERDO VÁSQUEZ";"241800";"HOSPITALIZACIÓN DE MEDICINA MEDICINA GENERAL ";"59";"66";"174";"174";"16";"480";"0"
"2023";"04";"220601";"SAN MARTIN";"MARISCAL CACERES";"JUANJUI";"GOBIERNO REGIONAL";"II-E";"00006919";"HOSPITAL II-E JUANJUI - MC LUIS IZQUIERDO VÁSQUEZ";"242500";"HOSPITALIZACIÓN-PEDIATRÍA GENERAL-";"42";"46";"110";"110";"6";"180";"0"
"2023";"04";"160101";"LORETO";"MAYNAS";"IQUITOS";"SANIDAD DE LA FUERZA AEREA DEL PERU";"I-4";"00010605";"HOSPITAL REGIONAL DEL ORIENTE - FAP";"241800";"HOSPITALIZACIÓN DE MEDICINA MEDICINA GENERAL ";"4";"5";"31";"81";"20";"300";"0"
"2023";"04";"080105";"CUSCO";"CUSCO";"SAN SEBASTIAN";"PRIVADO";"II-E";"00024584";"VIRGEN GUADALUPE CUSCO";"240100";"HOSPITALIZACIÓN QUIRÚRGICA CIRUGÍA GENERAL ";"65";"65";"65";"65";"65";"67";"0"
"2023";"04";"080105";"CUSCO";"CUSCO";"SAN SEBASTIAN";"PRIVADO";"II-E";"00024584";"VIRGEN GUADALUPE CUSCO";"241800";"HOSPITALIZACIÓN DE MEDICINA MEDICINA GENERAL ";"3";"3";"3";"3";"3";"6";"0"
"2023";"04";"130902";"LA LIBERTAD";"SANCHEZ CARRION";"CHUGAY";"GOBIERNO REGIONAL";"I-2";"00005353";"UCHUBAMBA";"NE_0001";"";"NE_0001";"NE_0001";"NE_0001";"NE_0001";"NE_0001";"NE_0001";"NE_0001"
"2023";"04";"130902";"LA LIBERTAD";"SANCHEZ CARRION";"CHUGAY";"GOBIERNO REGIONAL";"I-2";"00005354";"COCHABAMBA";"NE_0001";"";"NE_0001";"NE_0001";"NE_0001";"NE_0001";"NE_0001";"NE_0001";"NE_0001"
"2023";"04";"130902";"LA LIBERTAD";"SANCHEZ CARRION";"CHUGAY";"GOBIERNO REGIONAL";"I-2";"00017924";"UCHUY";"NE_0001";"";"NE_0001";"NE_0001";"NE_0001";"NE_0001";"NE_0001";"NE_0001";"NE_0001"
"2023";"04";"130902";"LA LIBERTAD";"SANCHEZ CARRION";"CHUGAY";"GOBIERNO REGIONAL";"I-2";"00005352";"CHUGAY";"NE_0001";"";"NE_0001";"NE_0001";"NE_0001";"NE_0001";"NE_0001";"NE_0001";"NE_0001"
"2023";"04";"130902";"LA LIBERTAD";"SANCHEZ CARRION";"CHUGAY";"GOBIERNO REGIONAL";"I-1";"00018297";"HUAGUIL";"NE_0001";"";"NE_0001";"NE_0001";"NE_0001";"NE_0001";"NE_0001";"NE_0001";"NE_0001"
"2023";"04";"130902";"LA LIBERTAD";"SANCHEZ CARRION";"CHUGAY";"GOBIERNO REGIONAL";"I-1";"00029509";"PUESTO DE SALUD AHIJADERO";"NE_0001";"";"NE_0001";"NE_0001";"NE_0001";"NE_0001";"NE_0001";"NE_0001";"NE_0001"
"2023";"04";"130902";"LA LIBERTAD";"SANCHEZ CARRION";"CHUGAY";"GOBIERNO REGIONAL";"I-1";"00024527";"NUEVO HUAYCHO";"NE_0001";"";"NE_0001";"NE_0001";"NE_0001";"NE_0001";"NE_0001";"NE_0001";"NE_0001"
"2023";"04";"130902";"LA LIBERTAD";"SANCHEZ CARRION";"CHUGAY";"GOBIERNO REGIONAL";"I-2";"00018225";"CANUCUBAMBA";"NE_0001";"";"NE_0001";"NE_0001";"NE_0001";"NE_0001";"NE_0001";"NE_0001";"NE_0001"
"2023";"04";"130902";"LA LIBERTAD";"SANCHEZ CARRION";"CHUGAY";"GOBIERNO REGIONAL";"I-1";"00031804";"PUESTO DE SALUD PAJA BLANCA";"NE_0001";"";"NE_0001";"NE_0001";"NE_0001";"NE_0001";"NE_0001";"NE_0001";"NE_0001"
"2023";"04";"120906";"JUNIN";"CHUPACA";"SAN JUAN DE YSCOS";"GOBIERNO REGIONAL";"I-1";"00000658";"TINYARI GRANDE";"NE_0001";"";"NE_0001";"NE_0001";"NE_0001";"NE_0001";"NE_0001";"NE_0001";"NE_0001"
"2023";"04";"120905";"JUNIN";"CHUPACA";"HUAMANCACA CHICO";"GOBIERNO REGIONAL";"I-2";"00000655";"HUAMANCACA CHICO";"NE_0001";"";"NE_0001";"NE_0001";"NE_0001";"NE_0001";"NE_0001";"NE_0001";"NE_0001"
"2023";"04";"120906";"JUNIN";"CHUPACA";"SAN JUAN DE YSCOS";"GOBIERNO REGIONAL";"I-2";"00000656";"SAN JUAN DE ISCOS";"NE_0001";"";"NE_0001";"NE_0001";"NE_0001";"NE_0001";"NE_0001";"NE_0001";"NE_0001"
"2023";"04";"120908";"JUNIN";"CHUPACA";"TRES DE DICIEMBRE";"GOBIERNO REGIONAL";"I-2";"00000660";"TRES DE DICIEMBRE";"NE_0001";"";"NE_0001";"NE_0001";"NE_0001";"NE_0001";"NE_0001";"NE_0001";"NE_0001"
"2023";"04";"120902";"JUNIN";"CHUPACA";"AHUAC";"GOBIERNO REGIONAL";"I-2";"00000647";"AHUAC";"NE_0001";"";"NE_0001";"NE_0001";"NE_0001";"NE_0001";"NE_0001";"NE_0001";"NE_0001"
"2023";"04";"120903";"JUNIN";"CHUPACA";"CHONGOS BAJO";"GOBIERNO REGIONAL";"I-1";"00000650";"PUMPUNYA";"NE_0001";"";"NE_0001";"NE_0001";"NE_0001";"NE_0001";"NE_0001";"NE_0001";"NE_0001"
"2023";"04";"120901";"JUNIN";"CHUPACA";"CHUPACA";"GOBIERNO REGIONAL";"I-4";"00000646";"PEDRO SANCHEZ MEZA";"NE_0001";"";"NE_0001";"NE_0001";"NE_0001";"NE_0001";"NE_0001";"NE_0001";"NE_0001"
"2023";"04";"120902";"JUNIN";"CHUPACA";"AHUAC";"GOBIERNO REGIONAL";"I-1";"00000648";"HUARISCA";"NE_0001";"";"NE_0001";"NE_0001";"NE_0001";"NE_0001";"NE_0001";"NE_0001";"NE_0001"
"2023";"04";"120903";"JUNIN";"CHUPACA";"CHONGOS BAJO";"GOBIERNO REGIONAL";"I-3";"00000649";"CHONGOS BAJO";"NE_0001";"";"NE_0001";"NE_0001";"NE_0001";"NE_0001";"NE_0001";"NE_0001";"NE_0001"
"2023";"04";"120906";"JUNIN";"CHUPACA";"SAN JUAN DE YSCOS";"GOBIERNO REGIONAL";"I-1";"00000657";"TINYARI CHICO";"NE_0001";"";"NE_0001";"NE_0001";"NE_0001";"NE_0001";"NE_0001";"NE_0001";"NE_0001"
"2023";"04";"150141";"LIMA";"LIMA";"SURQUILLO";"PRIVADO";"II-1";"00009645";"INVERSIONES GENERALES SALOMON S.A.";"NE_0001";"";"NE_0001";"NE_0001";"NE_0001";"NE_0001";"NE_0001";"NE_0001";"NE_0001"
"2023";"04";"150130";"LIMA";"LIMA";"SAN BORJA";"PRIVADO";"II-2";"00009850";"CLÍNICA VESALIO";"240000";"HOSPITALIZACIÓN";"316";"316";"1456";"1512";"54";"1612";"0"
"2023";"04";"150130";"LIMA";"LIMA";"SAN BORJA";"PRIVADO";"II-2";"00009850";"CLÍNICA VESALIO";"240000";"HOSPITALIZACIÓN";"316";"316";"1456";"1512";"54";"1612";"0"
"2023";"04";"150130";"LIMA";"LIMA";"SAN BORJA";"PRIVADO";"II-2";"00009850";"CLÍNICA VESALIO";"240000";"HOSPITALIZACIÓN";"316";"316";"1456";"1512";"54";"1612";"0"
"2023";"04";"150130";"LIMA";"LIMA";"SAN BORJA";"PRIVADO";"II-2";"00009850";"CLÍNICA VESALIO";"240000";"HOSPITALIZACIÓN";"316";"316";"1456";"1482";"58";"1636";"0"
"2023";"04";"150201";"LIMA";"BARRANCA";"BARRANCA";"GOBIERNO REGIONAL";"II-2";"00007635";"HOSPITAL DE BARRANCA";"240100";"HOSPITALIZACIÓN QUIRÚRGICA CIRUGÍA GENERAL ";"70";"83";"281";"471";"7";"210";"1"
"2023";"04";"150201";"LIMA";"BARRANCA";"BARRANCA";"GOBIERNO REGIONAL";"II-2";"00007635";"HOSPITAL DE BARRANCA";"241100";"HOSPITALIZACIÓN QUIRÚRGICA OTORRINOLARINGOLOGÍA  ";"1";"1";"3";"1";"3";"90";"0"
"2023";"04";"150201";"LIMA";"BARRANCA";"BARRANCA";"GOBIERNO REGIONAL";"II-2";"00007635";"HOSPITAL DE BARRANCA";"241200";"HOSPITALIZACIÓN QUIRÚRGICA TRAUMATOLOGÍA Y ORTOPEDIA ";"11";"17";"177";"3";"8";"240";"0"
"2023";"04";"150201";"LIMA";"BARRANCA";"BARRANCA";"GOBIERNO REGIONAL";"II-2";"00007635";"HOSPITAL DE BARRANCA";"241300";"HOSPITALIZACIÓN QUIRÚRGICA UROLOGÍA  ";"4";"4";"9";"1";"3";"90";"0"
"2023";"04";"150201";"LIMA";"BARRANCA";"BARRANCA";"GOBIERNO REGIONAL";"II-2";"00007635";"HOSPITAL DE BARRANCA";"241500";"HOSPITALIZACIÓN QUIRÚRGICA GINECOLOGÍA  ";"110";"124";"316";"208";"16";"480";"0"
"2023";"04";"150201";"LIMA";"BARRANCA";"BARRANCA";"GOBIERNO REGIONAL";"II-2";"00007635";"HOSPITAL DE BARRANCA";"241600";"HOSPITALIZACIÓN QUIRÚRGICA OBSTETRICIA   ";"57";"59";"79";"211";"15";"450";"0"
"2023";"03";"130705";"LA LIBERTAD";"PACASMAYO";"SAN JOSE";"GOBIERNO REGIONAL";"I-3";"00005297";"SAN JOSE";"NE_0001";"";"NE_0001";"NE_0001";"NE_0001";"NE_0001";"NE_0001";"NE_0001";"NE_0001"
"2023";"04";"220905";"SAN MARTIN";"SAN MARTIN";"CHIPURANA";"GOBIERNO REGIONAL";"I-1";"00006438";"NAVARRO";"NE_0002";"";"NE_0002";"NE_0002";"NE_0002";"NE_0002";"NE_0002";"NE_0002";"NE_0002"
"2023";"04";"220905";"SAN MARTIN";"SAN MARTIN";"CHIPURANA";"GOBIERNO REGIONAL";"I-1";"00006440";"TIPISHCA";"NE_0002";"";"NE_0002";"NE_0002";"NE_0002";"NE_0002";"NE_0002";"NE_0002";"NE_0002"
"2023";"04";"220907";"SAN MARTIN";"SAN MARTIN";"HUIMBAYOC";"GOBIERNO REGIONAL";"I-1";"00006443";"LECHE";"NE_0002";"";"NE_0002";"NE_0002";"NE_0002";"NE_0002";"NE_0002";"NE_0002";"NE_0002"
"2023";"04";"060801";"CAJAMARCA";"JAEN";"JAEN";"GOBIERNO REGIONAL";"I-3";"00004213";"FILA ALTA";"NE_0001";"";"NE_0001";"NE_0001";"NE_0001";"NE_0001";"NE_0001";"NE_0001";"NE_0001"
"2023";"04";"130107";"LA LIBERTAD";"TRUJILLO";"MOCHE";"ESSALUD";"I-4";"00009038";"CENTRO DE SALUD CON INTERNAMIENTO MOCHE";"241800";"HOSPITALIZACIÓN DE MEDICINA MEDICINA GENERAL ";"40";"39";"166";"185";"7";"210";"0"
"2023";"04";"060601";"CAJAMARCA";"CUTERVO";"CUTERVO";"GOBIERNO REGIONAL";"I-1";"00006850";"CONDAY";"NE_0001";"";"NE_0001";"NE_0001";"NE_0001";"NE_0001";"NE_0001";"NE_0001";"NE_0001"
"2023";"04";"060601";"CAJAMARCA";"CUTERVO";"CUTERVO";"GOBIERNO REGIONAL";"I-1";"00007178";"RAYME";"NE_0001";"";"NE_0001";"NE_0001";"NE_0001";"NE_0001";"NE_0001";"NE_0001";"NE_0001"
"2023";"04";"060601";"CAJAMARCA";"CUTERVO";"CUTERVO";"GOBIERNO REGIONAL";"I-1";"00004996";"RAMBRAN";"NE_0001";"";"NE_0001";"NE_0001";"NE_0001";"NE_0001";"NE_0001";"NE_0001";"NE_0001"
"2023";"05";"150133";"LIMA";"LIMA";"SAN JUAN DE MIRAFLORES";"PRIVADO";"II-E";"00017676";"OFTALMOSALUD";"NE_0001";"";"NE_0001";"NE_0001";"NE_0001";"NE_0001";"NE_0001";"NE_0001";"NE_0001"
"2023";"05";"060805";"CAJAMARCA";"JAEN";"HUABAL";"GOBIERNO REGIONAL";"I-1";"00007124";"CORAZON DE JESUS";"NE_0001";"";"NE_0001";"NE_0001";"NE_0001";"NE_0001";"NE_0001";"NE_0001";"NE_0001"
"2023";"05";"060805";"CAJAMARCA";"JAEN";"HUABAL";"GOBIERNO REGIONAL";"I-2";"00007687";"HUACO";"NE_0001";"";"NE_0001";"NE_0001";"NE_0001";"NE_0001";"NE_0001";"NE_0001";"NE_0001"
"2023";"05";"060805";"CAJAMARCA";"JAEN";"HUABAL";"GOBIERNO REGIONAL";"I-3";"00004241";"HUABAL";"NE_0001";"";"NE_0001";"NE_0001";"NE_0001";"NE_0001";"NE_0001";"NE_0001";"NE_0001"
"2023";"05";"150136";"LIMA";"LIMA";"SAN MIGUEL";"ESSALUD";"II-1";"00008564";"HOSPITAL I OCTAVIO MONGRUT MUÑOZ";"241900";"HOSPITALIZACIÓN DE MEDICINA MEDICINA INTERNA ";"63";"59";"466";"468";"21";"651";"3"
"2023";"05";"150136";"LIMA";"LIMA";"SAN MIGUEL";"ESSALUD";"II-1";"00008564";"HOSPITAL I OCTAVIO MONGRUT MUÑOZ";"240100";"HOSPITALIZACIÓN QUIRÚRGICA CIRUGÍA GENERAL ";"45";"41";"68";"72";"5";"154";"0"
"2023";"05";"150136";"LIMA";"LIMA";"SAN MIGUEL";"ESSALUD";"II-1";"00008564";"HOSPITAL I OCTAVIO MONGRUT MUÑOZ";"241500";"HOSPITALIZACIÓN QUIRÚRGICA GINECOLOGÍA  ";"42";"34";"106";"101";"4";"132";"0"
"2023";"05";"150136";"LIMA";"LIMA";"SAN MIGUEL";"ESSALUD";"II-1";"00008564";"HOSPITAL I OCTAVIO MONGRUT MUÑOZ";"241600";"HOSPITALIZACIÓN QUIRÚRGICA OBSTETRICIA   ";"65";"55";"130";"133";"10";"310";"0"
"2023";"05";"150136";"LIMA";"LIMA";"SAN MIGUEL";"ESSALUD";"II-1";"00008564";"HOSPITAL I OCTAVIO MONGRUT MUÑOZ";"242300";"HOSPITALIZACIÓN DE PEDIATRÍA  PEDIATRÍA  GENERAL ";"57";"51";"126";"130";"8";"242";"0"
"2023";"05";"060810";"CAJAMARCA";"JAEN";"SAN FELIPE";"GOBIERNO REGIONAL";"I-2";"00004255";"PIQUIJACA";"NE_0001";"";"NE_0001";"NE_0001";"NE_0001";"NE_0001";"NE_0001";"NE_0001";"NE_0001"
"2023";"05";"060810";"CAJAMARCA";"JAEN";"SAN FELIPE";"GOBIERNO REGIONAL";"I-3";"00004254";"SAN FELIPE";"NE_0001";"";"NE_0001";"NE_0001";"NE_0001";"NE_0001";"NE_0001";"NE_0001";"NE_0001"
"2023";"05";"061103";"CAJAMARCA";"SAN MIGUEL";"CALQUIS";"GOBIERNO REGIONAL";"I-2";"00004576";"CALQUIS";"NE_0001";"";"NE_0001";"NE_0001";"NE_0001";"NE_0001";"NE_0001";"NE_0001";"NE_0001"
"2023";"05";"061107";"CAJAMARCA";"SAN MIGUEL";"LLAPA";"GOBIERNO REGIONAL";"I-1";"00006809";"PAMPA LA CALZADA";"NE_0001";"";"NE_0001";"NE_0001";"NE_0001";"NE_0001";"NE_0001";"NE_0001";"NE_0001"
"2023";"05";"061101";"CAJAMARCA";"SAN MIGUEL";"SAN MIGUEL";"GOBIERNO REGIONAL";"I-4";"00004561";"SAN MIGUEL";"241800";"HOSPITALIZACIÓN DE MEDICINA MEDICINA GENERAL ";"29";"32";"81";"67";"6";"186";"1"
"2023";"05";"061101";"CAJAMARCA";"SAN MIGUEL";"SAN MIGUEL";"GOBIERNO REGIONAL";"I-4";"00004561";"SAN MIGUEL";"241600";"HOSPITALIZACIÓN QUIRÚRGICA OBSTETRICIA   ";"NE_0002";"NE_0002";"NE_0002";"NE_0002";"4";"124";"NE_0002"
"2023";"05";"061101";"CAJAMARCA";"SAN MIGUEL";"SAN MIGUEL";"GOBIERNO REGIONAL";"I-4";"00004561";"SAN MIGUEL";"241500";"HOSPITALIZACIÓN QUIRÚRGICA GINECOLOGÍA  ";"4";"6";"19";"34";"4";"124";"NE_0002"
"2023";"05";"061103";"CAJAMARCA";"SAN MIGUEL";"CALQUIS";"GOBIERNO REGIONAL";"I-1";"00004570";"TAULIS";"NE_0001";"";"NE_0001";"NE_0001";"NE_0001";"NE_0001";"NE_0001";"NE_0001";"NE_0001"
"2023";"05";"061101";"CAJAMARCA";"SAN MIGUEL";"SAN MIGUEL";"GOBIERNO REGIONAL";"I-1";"00004572";"SANTA ROSA";"NE_0001";"";"NE_0001";"NE_0001";"NE_0001";"NE_0001";"NE_0001";"NE_0001";"NE_0001"
"2023";"05";"061105";"CAJAMARCA";"SAN MIGUEL";"EL PRADO";"GOBIERNO REGIONAL";"I-2";"00004575";"EL PRADO";"NE_0001";"";"NE_0001";"NE_0001";"NE_0001";"NE_0001";"NE_0001";"NE_0001";"NE_0001"
"2023";"05";"061105";"CAJAMARCA";"SAN MIGUEL";"EL PRADO";"GOBIERNO REGIONAL";"I-1";"00008995";"LAS PENCAS";"NE_0001";"";"NE_0001";"NE_0001";"NE_0001";"NE_0001";"NE_0001";"NE_0001";"NE_0001"
"2023";"05";"220909";"SAN MARTIN";"SAN MARTIN";"LA BANDA DE SHILCAYO";"GOBIERNO REGIONAL";"I-1";"00006368";"PROGRESO KM.30";"NE_0001";"";"NE_0001";"NE_0001";"NE_0001";"NE_0001";"NE_0001";"NE_0001";"NE_0001"
"2023";"05";"220909";"SAN MARTIN";"SAN MARTIN";"LA BANDA DE SHILCAYO";"GOBIERNO REGIONAL";"I-1";"00006369";"SAN JOSE KM.34";"NE_0001";"";"NE_0001";"NE_0001";"NE_0001";"NE_0001";"NE_0001";"NE_0001";"NE_0001"
"2023";"05";"220909";"SAN MARTIN";"SAN MARTIN";"LA BANDA DE SHILCAYO";"GOBIERNO REGIONAL";"I-3";"00026698";"CENTRO DE SALUD MENTAL COMUNITARIO ""LA BANDA DE SHILCAYO""";"NE_0001";"";"NE_0001";"NE_0001";"NE_0001";"NE_0001";"NE_0001";"NE_0001";"NE_0001"
"2023";"05";"120707";"JUNIN";"TARMA";"PALCAMAYO";"GOBIERNO REGIONAL";"I-1";"00000530";"RICRICAN CAUQUIRAN";"NE_0001";"";"NE_0001";"NE_0001";"NE_0001";"NE_0001";"NE_0001";"NE_0001";"NE_0001"
"2023";"05";"220803";"SAN MARTIN";"RIOJA";"ELIAS SOPLIN VARGAS";"GOBIERNO REGIONAL";"I-1";"00017707";"LA VICTORIA";"NE_0002";"";"NE_0002";"NE_0002";"NE_0002";"NE_0002";"NE_0002";"NE_0002";"NE_0002"
"2023";"05";"220803";"SAN MARTIN";"RIOJA";"ELIAS SOPLIN VARGAS";"GOBIERNO REGIONAL";"I-1";"00007298";"LA NACIENTE DEL RIO NEGRO";"NE_0002";"";"NE_0002";"NE_0002";"NE_0002";"NE_0002";"NE_0002";"NE_0002";"NE_0002"
"2023";"05";"220803";"SAN MARTIN";"RIOJA";"ELIAS SOPLIN VARGAS";"GOBIERNO REGIONAL";"I-3";"00006277";"SEGUNDA JERUSALEN";"241600";"HOSPITALIZACIÓN QUIRÚRGICA OBSTETRICIA   ";"1";"1";"1";"1";"3";"93";"0"
"2023";"05";"220803";"SAN MARTIN";"RIOJA";"ELIAS SOPLIN VARGAS";"GOBIERNO REGIONAL";"I-3";"00006277";"SEGUNDA JERUSALEN";"241800";"HOSPITALIZACIÓN DE MEDICINA MEDICINA GENERAL ";"7";"7";"7";"7";"7";"217";"0"
"2023";"05";"220803";"SAN MARTIN";"RIOJA";"ELIAS SOPLIN VARGAS";"GOBIERNO REGIONAL";"I-1";"00006278";"VALLE GRANDE";"NE_0002";"";"NE_0002";"NE_0002";"NE_0002";"NE_0002";"NE_0002";"NE_0002";"NE_0002"
"2023";"05";"150110";"LIMA";"LIMA";"COMAS";"MINSA";"III-1";"00007634";"HOSPITAL SERGIO E. BERNALES";"245300";"HOSPITALIZACIÓN DE MEDICINA NEUMOLOGÍA  ";"25";"27";"404";"822";"30";"930";"6"
"2023";"05";"150110";"LIMA";"LIMA";"COMAS";"MINSA";"III-1";"00007634";"HOSPITAL SERGIO E. BERNALES";"240100";"HOSPITALIZACIÓN QUIRÚRGICA CIRUGÍA GENERAL ";"271";"263";"1442";"1440";"55";"1705";"2"
"2023";"05";"150110";"LIMA";"LIMA";"COMAS";"MINSA";"III-1";"00007634";"HOSPITAL SERGIO E. BERNALES";"241200";"HOSPITALIZACIÓN QUIRÚRGICA TRAUMATOLOGÍA Y ORTOPEDIA ";"45";"52";"669";"682";"22";"682";"0"
"2023";"05";"150110";"LIMA";"LIMA";"COMAS";"MINSA";"III-1";"00007634";"HOSPITAL SERGIO E. BERNALES";"242300";"HOSPITALIZACIÓN DE PEDIATRÍA  PEDIATRÍA  GENERAL ";"217";"211";"554";"712";"28";"868";"0"
"2023";"05";"150110";"LIMA";"LIMA";"COMAS";"MINSA";"III-1";"00007634";"HOSPITAL SERGIO E. BERNALES";"243200";"HOSPITALIZACIÓN DE PEDIATRÍA PEDIATRIA NEONATOLOGÍA";"353";"213";"900";"755";"26";"806";"2"
"2023";"05";"150110";"LIMA";"LIMA";"COMAS";"MINSA";"III-1";"00007634";"HOSPITAL SERGIO E. BERNALES";"241600";"HOSPITALIZACIÓN QUIRÚRGICA OBSTETRICIA   ";"67";"65";"279";"430";"14";"434";"0"
"2023";"05";"150110";"LIMA";"LIMA";"COMAS";"MINSA";"III-1";"00007634";"HOSPITAL SERGIO E. BERNALES";"241500";"HOSPITALIZACIÓN QUIRÚRGICA GINECOLOGÍA  ";"523";"517";"1261";"989";"66";"2046";"0"
"2023";"05";"110501";"ICA";"PISCO";"PISCO";"MINSA";"II-1";"00003472";"SAN JUAN DE DIOS";"241800";"HOSPITALIZACIÓN DE MEDICINA MEDICINA GENERAL ";"92";"107";"670";"551";"25";"775";"7"
"2023";"05";"110501";"ICA";"PISCO";"PISCO";"MINSA";"II-1";"00003472";"SAN JUAN DE DIOS";"242300";"HOSPITALIZACIÓN DE PEDIATRÍA  PEDIATRÍA  GENERAL ";"79";"93";"312";"303";"13";"403";"2"
"2023";"05";"120601";"JUNIN";"SATIPO";"SATIPO";"GOBIERNO REGIONAL";"I-2";"00000481";"PARATUSHALI";"NE_0001";"";"NE_0001";"NE_0001";"NE_0001";"NE_0001";"NE_0001";"NE_0001";"NE_0001"
"2023";"05";"120607";"JUNIN";"SATIPO";"RIO NEGRO";"GOBIERNO REGIONAL";"I-2";"00000497";"RIO CHARI ALTO";"NE_0001";"";"NE_0001";"NE_0001";"NE_0001";"NE_0001";"NE_0001";"NE_0001";"NE_0001"
"2023";"05";"120607";"JUNIN";"SATIPO";"RIO NEGRO";"GOBIERNO REGIONAL";"I-2";"00000501";"ALTO PITOCUNA";"NE_0001";"";"NE_0001";"NE_0001";"NE_0001";"NE_0001";"NE_0001";"NE_0001";"NE_0001"
"2023";"05";"120601";"JUNIN";"SATIPO";"SATIPO";"GOBIERNO REGIONAL";"I-1";"00010502";"BELLA ESPERANZA";"NE_0001";"";"NE_0001";"NE_0001";"NE_0001";"NE_0001";"NE_0001";"NE_0001";"NE_0001"
"2023";"05";"120607";"JUNIN";"SATIPO";"RIO NEGRO";"GOBIERNO REGIONAL";"I-2";"00000498";"PITOCUNA";"NE_0001";"";"NE_0001";"NE_0001";"NE_0001";"NE_0001";"NE_0001";"NE_0001";"NE_0001"
"2023";"05";"120608";"JUNIN";"SATIPO";"RIO TAMBO";"GOBIERNO REGIONAL";"I-1";"00006877";"CHONTAKIARI";"NE_0001";"";"NE_0001";"NE_0001";"NE_0001";"NE_0001";"NE_0001";"NE_0001";"NE_0001"
"2023";"05";"120607";"JUNIN";"SATIPO";"RIO NEGRO";"GOBIERNO REGIONAL";"I-3";"00000506";"UNION CAPIRI";"NE_0001";"";"NE_0001";"NE_0001";"NE_0001";"NE_0001";"NE_0001";"NE_0001";"NE_0001"
"2023";"05";"120601";"JUNIN";"SATIPO";"SATIPO";"GOBIERNO REGIONAL";"I-2";"00000483";"SANIBENI";"NE_0001";"";"NE_0001";"NE_0001";"NE_0001";"NE_0001";"NE_0001";"NE_0001";"NE_0001"
"2023";"05";"120601";"JUNIN";"SATIPO";"SATIPO";"GOBIERNO REGIONAL";"I-1";"00029375";"COMUNIDAD NATIVA SHANQUI";"NE_0001";"";"NE_0001";"NE_0001";"NE_0001";"NE_0001";"NE_0001";"NE_0001";"NE_0001"
"2023";"05";"050101";"AYACUCHO";"HUAMANGA";"AYACUCHO";"GOBIERNO REGIONAL";"II-2";"00003543";"HOSPITAL REGIONAL DE AYACUCHO ""MIGUEL ANGEL MARISCAL LLERENA""";"241800";"HOSPITALIZACIÓN DE MEDICINA MEDICINA GENERAL ";"111";"72";"631";"722";"29";"899";"6"
"2023";"05";"050101";"AYACUCHO";"HUAMANGA";"AYACUCHO";"GOBIERNO REGIONAL";"II-2";"00003543";"HOSPITAL REGIONAL DE AYACUCHO ""MIGUEL ANGEL MARISCAL LLERENA""";"244700";"HOSPITALIZACIÓN DE MEDICINA NEUROLOGIA  ";"26";"19";"210";"229";"6";"229";"2"
"2023";"05";"050101";"AYACUCHO";"HUAMANGA";"AYACUCHO";"GOBIERNO REGIONAL";"II-2";"00003543";"HOSPITAL REGIONAL DE AYACUCHO ""MIGUEL ANGEL MARISCAL LLERENA""";"244300";"HOSPITALIZACIÓN DE MEDICINA GASTROENTEROLOGÍA  ";"27";"22";"79";"104";"6";"186";"0"
"2023";"05";"050101";"AYACUCHO";"HUAMANGA";"AYACUCHO";"GOBIERNO REGIONAL";"II-2";"00003543";"HOSPITAL REGIONAL DE AYACUCHO ""MIGUEL ANGEL MARISCAL LLERENA""";"245300";"HOSPITALIZACIÓN DE MEDICINA NEUMOLOGÍA  ";"5";"5";"17";"22";"3";"93";"0"
"2023";"05";"050101";"AYACUCHO";"HUAMANGA";"AYACUCHO";"GOBIERNO REGIONAL";"II-2";"00003543";"HOSPITAL REGIONAL DE AYACUCHO ""MIGUEL ANGEL MARISCAL LLERENA""";"244000";"HOSPITALIZACIÓN DE MEDICINA CARDIOLOGIA ";"3";"2";"36";"39";"2";"62";"0"
"2023";"05";"050101";"AYACUCHO";"HUAMANGA";"AYACUCHO";"GOBIERNO REGIONAL";"II-2";"00003543";"HOSPITAL REGIONAL DE AYACUCHO ""MIGUEL ANGEL MARISCAL LLERENA""";"244200";"HOSPITALIZACIÓN DE MEDICINA ENDOCRINOLOGIA ";"5";"2";"32";"36";"1";"38";"0"
"2023";"05";"050101";"AYACUCHO";"HUAMANGA";"AYACUCHO";"GOBIERNO REGIONAL";"II-2";"00003543";"HOSPITAL REGIONAL DE AYACUCHO ""MIGUEL ANGEL MARISCAL LLERENA""";"244600";"HOSPITALIZACIÓN DE MEDICINA NEFROLOGIA ";"0";"0";"0";"1";"1";"31";"0"
"2023";"05";"050101";"AYACUCHO";"HUAMANGA";"AYACUCHO";"GOBIERNO REGIONAL";"II-2";"00003543";"HOSPITAL REGIONAL DE AYACUCHO ""MIGUEL ANGEL MARISCAL LLERENA""";"245500";"HOSPITALIZACIÓN DE MEDICINA REUMATOLOGÍA    ";"2";"2";"14";"15";"1";"31";"0"
"2023";"05";"050101";"AYACUCHO";"HUAMANGA";"AYACUCHO";"GOBIERNO REGIONAL";"II-2";"00003543";"HOSPITAL REGIONAL DE AYACUCHO ""MIGUEL ANGEL MARISCAL LLERENA""";"242200";"HOSPITALIZACIÓN DE MEDICINA PSIQUIATRÍA ";"14";"8";"174";"183";"4";"183";"0"
"2023";"05";"050101";"AYACUCHO";"HUAMANGA";"AYACUCHO";"GOBIERNO REGIONAL";"II-2";"00003543";"HOSPITAL REGIONAL DE AYACUCHO ""MIGUEL ANGEL MARISCAL LLERENA""";"250304";"HOSPIT. EN UNIDAD DE CUID.INTEN.-UNIDAD DE VIGILANCIA INTENSIVA (UVI)-MEDICINA";"24";"7";"177";"195";"9";"279";"6"
"2023";"05";"050101";"AYACUCHO";"HUAMANGA";"AYACUCHO";"GOBIERNO REGIONAL";"II-2";"00003543";"HOSPITAL REGIONAL DE AYACUCHO ""MIGUEL ANGEL MARISCAL LLERENA""";"240100";"HOSPITALIZACIÓN QUIRÚRGICA CIRUGÍA GENERAL ";"166";"147";"641";"788";"26";"828";"2"
"2023";"05";"050101";"AYACUCHO";"HUAMANGA";"AYACUCHO";"GOBIERNO REGIONAL";"II-2";"00003543";"HOSPITAL REGIONAL DE AYACUCHO ""MIGUEL ANGEL MARISCAL LLERENA""";"241200";"HOSPITALIZACIÓN QUIRÚRGICA TRAUMATOLOGÍA Y ORTOPEDIA ";"135";"111";"678";"796";"24";"852";"0"
"2023";"05";"050101";"AYACUCHO";"HUAMANGA";"AYACUCHO";"GOBIERNO REGIONAL";"II-2";"00003543";"HOSPITAL REGIONAL DE AYACUCHO ""MIGUEL ANGEL MARISCAL LLERENA""";"242500";"HOSPITALIZACIÓN-PEDIATRÍA GENERAL-";"155";"124";"667";"805";"27";"837";"0"
"2023";"05";"050101";"AYACUCHO";"HUAMANGA";"AYACUCHO";"GOBIERNO REGIONAL";"II-2";"00003543";"HOSPITAL REGIONAL DE AYACUCHO ""MIGUEL ANGEL MARISCAL LLERENA""";"240700";"HOSPITALIZACIÓN QUIRÚRGICA CIRUGÍA PEDIÁTRICA ";"40";"35";"126";"162";"8";"248";"0"
"2023";"05";"050101";"AYACUCHO";"HUAMANGA";"AYACUCHO";"GOBIERNO REGIONAL";"II-2";"00003543";"HOSPITAL REGIONAL DE AYACUCHO ""MIGUEL ANGEL MARISCAL LLERENA""";"250108";"UNIDAD DE CUIDADOS CRITICOS UNIDAD  DE CUIDADOS INTENSIVOS  (UCI) PEDIÁTRICA";"43";"6";"162";"202";"8";"248";"3"
"2023";"05";"050101";"AYACUCHO";"HUAMANGA";"AYACUCHO";"GOBIERNO REGIONAL";"II-2";"00003543";"HOSPITAL REGIONAL DE AYACUCHO ""MIGUEL ANGEL MARISCAL LLERENA""";"250105";"UNIDAD DE CUIDADOS CRITICOS UNIDAD  DE CUIDADOS INTENSIVOS  (UCI) NEONATOLOGÍA";"58";"4";"601";"636";"24";"768";"4"
"2023";"05";"050101";"AYACUCHO";"HUAMANGA";"AYACUCHO";"GOBIERNO REGIONAL";"II-2";"00003543";"HOSPITAL REGIONAL DE AYACUCHO ""MIGUEL ANGEL MARISCAL LLERENA""";"250305";"HOSPIT. EN UNIDAD DE CUID.INTEN.-UNIDAD DE VIGILANCIA INTENSIVA (UVI)-NEONATOLOGÍA";"58";"39";"272";"322";"20";"620";"0"
"2023";"05";"050101";"AYACUCHO";"HUAMANGA";"AYACUCHO";"GOBIERNO REGIONAL";"II-2";"00003543";"HOSPITAL REGIONAL DE AYACUCHO ""MIGUEL ANGEL MARISCAL LLERENA""";"243200";"HOSPITALIZACIÓN DE PEDIATRÍA PEDIATRIA NEONATOLOGÍA";"34";"25";"143";"172";"7";"218";"0"
"2023";"05";"050101";"AYACUCHO";"HUAMANGA";"AYACUCHO";"GOBIERNO REGIONAL";"II-2";"00003543";"HOSPITAL REGIONAL DE AYACUCHO ""MIGUEL ANGEL MARISCAL LLERENA""";"241400";"HOSPITALIZACIÓN QUIRÚRGICA GINECO - OBSTETRICIA ";"474";"363";"1003";"1448";"54";"1689";"0"
"2023";"05";"050101";"AYACUCHO";"HUAMANGA";"AYACUCHO";"GOBIERNO REGIONAL";"II-2";"00003543";"HOSPITAL REGIONAL DE AYACUCHO ""MIGUEL ANGEL MARISCAL LLERENA""";"250302";"HOSPIT. EN UNIDAD DE CUID.INTEN.-UNIDAD DE VIGILANCIA INTENSIVA (UVI)-GINECO-OBSTETRICIA";"27";"1";"41";"67";"4";"124";"0"
"2023";"05";"050101";"AYACUCHO";"HUAMANGA";"AYACUCHO";"GOBIERNO REGIONAL";"II-2";"00003543";"HOSPITAL REGIONAL DE AYACUCHO ""MIGUEL ANGEL MARISCAL LLERENA""";"250100";"UNIDAD DE CUIDADOS CRITICOS UNIDAD  DE CUIDADOS INTENSIVOS GENERALES (UCI) ";"46";"7";"304";"338";"15";"474";"6"
"2023";"05";"120607";"JUNIN";"SATIPO";"RIO NEGRO";"GOBIERNO REGIONAL";"I-2";"00000477";"HUAHUARI";"NE_0001";"";"NE_0001";"NE_0001";"NE_0001";"NE_0001";"NE_0001";"NE_0001";"NE_0001"
"2023";"01";"140201";"LAMBAYEQUE";"FERREÑAFE";"FERREÑAFE";"GOBIERNO REGIONAL";"II-1";"00004440";"HOSPITAL PROVINCIA DE FERREÑAFE (HP_F)";"241600";"HOSPITALIZACIÓN QUIRÚRGICA OBSTETRICIA   ";"70";"67";"71";"160";"7";"217";"0"
"2023";"01";"140201";"LAMBAYEQUE";"FERREÑAFE";"FERREÑAFE";"GOBIERNO REGIONAL";"II-1";"00004440";"HOSPITAL PROVINCIA DE FERREÑAFE (HP_F)";"240000";"HOSPITALIZACIÓN";"70";"64";"185";"178";"17";"527";"0"
"2023";"04";"110305";"ICA";"NAZCA";"VISTA ALEGRE";"ESSALUD";"I-3";"00010429";"NASCA";"NE_0001";"";"NE_0001";"NE_0001";"NE_0001";"NE_0001";"NE_0001";"NE_0001";"NE_0001"
"2023";"04";"220907";"SAN MARTIN";"SAN MARTIN";"HUIMBAYOC";"GOBIERNO REGIONAL";"I-1";"00006444";"SANTA ROSILLO CHIPURANA";"NE_0002";"";"NE_0002";"NE_0002";"NE_0002";"NE_0002";"NE_0002";"NE_0002";"NE_0002"
"2023";"04";"060801";"CAJAMARCA";"JAEN";"JAEN";"GOBIERNO REGIONAL";"I-1";"00010804";"PUENTE ZONANGA";"NE_0001";"";"NE_0001";"NE_0001";"NE_0001";"NE_0001";"NE_0001";"NE_0001";"NE_0001"
"2023";"04";"040118";"AREQUIPA";"AREQUIPA";"SAN JUAN DE SIGUAS";"GOBIERNO REGIONAL";"I-1";"00001339";"PUESTO DE SALUD SAN JUAN DE SIGUAS - TAMBILLO";"NE_0001";"";"NE_0001";"NE_0001";"NE_0001";"NE_0001";"NE_0001";"NE_0001";"NE_0001"
"2023";"04";"040520";"AREQUIPA";"CAYLLOMA";"MAJES";"GOBIERNO REGIONAL";"I-3";"00023969";"CENTRO DE SALUD MENTAL COMUNITARIO MAJES";"NE_0001";"";"NE_0001";"NE_0001";"NE_0001";"NE_0001";"NE_0001";"NE_0001";"NE_0001"
"2023";"04";"040520";"AREQUIPA";"CAYLLOMA";"MAJES";"GOBIERNO REGIONAL";"I-2";"00001341";"ASENTAMIENTO B-1";"NE_0001";"";"NE_0001";"NE_0001";"NE_0001";"NE_0001";"NE_0001";"NE_0001";"NE_0001"
"2023";"04";"040520";"AREQUIPA";"CAYLLOMA";"MAJES";"GOBIERNO REGIONAL";"0";"00030864";"HOGAR PROTEGIDO ""HACIA UNA NUEVA VIDA""";"NE_0001";"";"NE_0001";"NE_0001";"NE_0001";"NE_0001";"NE_0001";"NE_0001";"NE_0001"
"2023";"04";"040120";"AREQUIPA";"AREQUIPA";"SANTA ISABEL DE SIGUAS";"GOBIERNO REGIONAL";"I-2";"00001378";"PUESTO DE SALUD SONDOR";"NE_0001";"";"NE_0001";"NE_0001";"NE_0001";"NE_0001";"NE_0001";"NE_0001";"NE_0001"
"2023";"04";"040520";"AREQUIPA";"CAYLLOMA";"MAJES";"GOBIERNO REGIONAL";"I-2";"00001342";"PUESTO DE SALUD  B-2";"NE_0001";"";"NE_0001";"NE_0001";"NE_0001";"NE_0001";"NE_0001";"NE_0001";"NE_0001"
"2023";"04";"040120";"AREQUIPA";"AREQUIPA";"SANTA ISABEL DE SIGUAS";"GOBIERNO REGIONAL";"I-1";"00001337";"PUESTO DE SALUD PITAY";"NE_0001";"";"NE_0001";"NE_0001";"NE_0001";"NE_0001";"NE_0001";"NE_0001";"NE_0001"
"2023";"04";"021803";"ANCASH";"SANTA";"COISHCO";"ESSALUD";"I-4";"00009055";"CENTRO MEDICO COISHCO";"NE_0001";"";"NE_0001";"NE_0001";"NE_0001";"NE_0001";"NE_0001";"NE_0001";"NE_0001"
"2023";"04";"060601";"CAJAMARCA";"CUTERVO";"CUTERVO";"GOBIERNO REGIONAL";"I-1";"00004998";"EL CARDON";"NE_0001";"";"NE_0001";"NE_0001";"NE_0001";"NE_0001";"NE_0001";"NE_0001";"NE_0001"
"2023";"04";"060601";"CAJAMARCA";"CUTERVO";"CUTERVO";"GOBIERNO REGIONAL";"I-1";"00006834";"LUZPAMPA";"NE_0001";"";"NE_0001";"NE_0001";"NE_0001";"NE_0001";"NE_0001";"NE_0001";"NE_0001"
"2023";"04";"060601";"CAJAMARCA";"CUTERVO";"CUTERVO";"GOBIERNO REGIONAL";"I-1";"00006865";"ADCUÑAC";"NE_0001";"";"NE_0001";"NE_0001";"NE_0001";"NE_0001";"NE_0001";"NE_0001";"NE_0001"
"2023";"04";"060601";"CAJAMARCA";"CUTERVO";"CUTERVO";"GOBIERNO REGIONAL";"I-2";"00006938";"CACHACARA";"NE_0001";"";"NE_0001";"NE_0001";"NE_0001";"NE_0001";"NE_0001";"NE_0001";"NE_0001"
"2023";"04";"060601";"CAJAMARCA";"CUTERVO";"CUTERVO";"GOBIERNO REGIONAL";"I-1";"00007098";"YACANCATE";"NE_0001";"";"NE_0001";"NE_0001";"NE_0001";"NE_0001";"NE_0001";"NE_0001";"NE_0001"
"2023";"04";"060601";"CAJAMARCA";"CUTERVO";"CUTERVO";"GOBIERNO REGIONAL";"I-2";"00004984";"VALLE CALLACATE";"NE_0001";"";"NE_0001";"NE_0001";"NE_0001";"NE_0001";"NE_0001";"NE_0001";"NE_0001"
"2023";"04";"060601";"CAJAMARCA";"CUTERVO";"CUTERVO";"GOBIERNO REGIONAL";"I-2";"00004991";"LANCHE";"NE_0001";"";"NE_0001";"NE_0001";"NE_0001";"NE_0001";"NE_0001";"NE_0001";"NE_0001"
"2023";"04";"060601";"CAJAMARCA";"CUTERVO";"CUTERVO";"GOBIERNO REGIONAL";"I-1";"00005001";"PATAHUAZ";"NE_0001";"";"NE_0001";"NE_0001";"NE_0001";"NE_0001";"NE_0001";"NE_0001";"NE_0001"
"2023";"04";"060601";"CAJAMARCA";"CUTERVO";"CUTERVO";"GOBIERNO REGIONAL";"I-1";"00006833";"LA JAYUA";"NE_0001";"";"NE_0001";"NE_0001";"NE_0001";"NE_0001";"NE_0001";"NE_0001";"NE_0001"
"2023";"04";"131201";"LA LIBERTAD";"VIRU";"VIRU";"GOBIERNO REGIONAL";"II-1";"00005251";"HOSPITAL PROVINCIAL DE VIRU";"241600";"HOSPITALIZACIÓN QUIRÚRGICA OBSTETRICIA   ";"33";"33";"70";"70";"7";"210";"0"
"2023";"04";"131201";"LA LIBERTAD";"VIRU";"VIRU";"GOBIERNO REGIONAL";"II-1";"00005251";"HOSPITAL PROVINCIAL DE VIRU";"242500";"HOSPITALIZACIÓN-PEDIATRÍA GENERAL-";"8";"7";"29";"29";"3";"90";"0"
"2023";"04";"131201";"LA LIBERTAD";"VIRU";"VIRU";"GOBIERNO REGIONAL";"II-1";"00005251";"HOSPITAL PROVINCIAL DE VIRU";"241800";"HOSPITALIZACIÓN DE MEDICINA MEDICINA GENERAL ";"26";"23";"87";"87";"6";"180";"0"
"2023";"04";"131201";"LA LIBERTAD";"VIRU";"VIRU";"GOBIERNO REGIONAL";"II-1";"00005251";"HOSPITAL PROVINCIAL DE VIRU";"241500";"HOSPITALIZACIÓN QUIRÚRGICA GINECOLOGÍA  ";"22";"22";"52";"52";"3";"90";"0"
"2023";"05";"060101";"CAJAMARCA";"CAJAMARCA";"CAJAMARCA";"SANIDAD DE LA POLICIA NACIONAL DEL PERU";"I-3";"00009296";"POLICLINICO PNP CAJAMARCA";"NE_0002";"";"NE_0002";"NE_0002";"NE_0002";"NE_0002";"NE_0002";"NE_0002";"NE_0002"
"2023";"05";"150115";"LIMA";"LIMA";"LA VICTORIA";"ESSALUD";"III-2";"00009251";"HOSPITAL NACIONAL GUILLERMO ALMENARA IRIGOYEN";"240600";"HOSPITALIZACIÓN QUIRÚRGICA CIRUGÍA OFTALMOLÓGICA ";"5";"3";"19";"28";"2";"62";"0"
"2023";"05";"150115";"LIMA";"LIMA";"LA VICTORIA";"ESSALUD";"III-2";"00009251";"HOSPITAL NACIONAL GUILLERMO ALMENARA IRIGOYEN";"241200";"HOSPITALIZACIÓN QUIRÚRGICA TRAUMATOLOGÍA Y ORTOPEDIA ";"63";"60";"553";"683";"23";"713";"0"
"2023";"05";"150115";"LIMA";"LIMA";"LA VICTORIA";"ESSALUD";"III-2";"00009251";"HOSPITAL NACIONAL GUILLERMO ALMENARA IRIGOYEN";"241200";"HOSPITALIZACIÓN QUIRÚRGICA TRAUMATOLOGÍA Y ORTOPEDIA ";"107";"119";"1085";"985";"33";"1023";"3"
"2023";"05";"150115";"LIMA";"LIMA";"LA VICTORIA";"ESSALUD";"III-2";"00009251";"HOSPITAL NACIONAL GUILLERMO ALMENARA IRIGOYEN";"241100";"HOSPITALIZACIÓN QUIRÚRGICA OTORRINOLARINGOLOGÍA  ";"48";"47";"429";"387";"14";"434";"0"
"2023";"05";"150115";"LIMA";"LIMA";"LA VICTORIA";"ESSALUD";"III-2";"00009251";"HOSPITAL NACIONAL GUILLERMO ALMENARA IRIGOYEN";"240500";"HOSPITALIZACIÓN QUIRÚRGICA CIRUGÍA DE TRANSPLANTES ";"26";"25";"218";"230";"9";"279";"0"
"2023";"05";"150115";"LIMA";"LIMA";"LA VICTORIA";"ESSALUD";"III-2";"00009251";"HOSPITAL NACIONAL GUILLERMO ALMENARA IRIGOYEN";"240500";"HOSPITALIZACIÓN QUIRÚRGICA CIRUGÍA DE TRANSPLANTES ";"46";"42";"301";"345";"12";"372";"0"
"2023";"05";"150115";"LIMA";"LIMA";"LA VICTORIA";"ESSALUD";"III-2";"00009251";"HOSPITAL NACIONAL GUILLERMO ALMENARA IRIGOYEN";"241300";"HOSPITALIZACIÓN QUIRÚRGICA UROLOGÍA  ";"99";"103";"1468";"1130";"38";"1178";"0"
"2023";"05";"150115";"LIMA";"LIMA";"LA VICTORIA";"ESSALUD";"III-2";"00009251";"HOSPITAL NACIONAL GUILLERMO ALMENARA IRIGOYEN";"241500";"HOSPITALIZACIÓN QUIRÚRGICA GINECOLOGÍA  ";"93";"98";"628";"610";"22";"682";"0"
"2023";"05";"150115";"LIMA";"LIMA";"LA VICTORIA";"ESSALUD";"III-2";"00009251";"HOSPITAL NACIONAL GUILLERMO ALMENARA IRIGOYEN";"241600";"HOSPITALIZACIÓN QUIRÚRGICA OBSTETRICIA   ";"184";"196";"982";"1140";"38";"1178";"0"
"2023";"05";"150115";"LIMA";"LIMA";"LA VICTORIA";"ESSALUD";"III-2";"00009251";"HOSPITAL NACIONAL GUILLERMO ALMENARA IRIGOYEN";"240700";"HOSPITALIZACIÓN QUIRÚRGICA CIRUGÍA PEDIÁTRICA ";"73";"74";"477";"352";"13";"403";"0"
"2023";"05";"150115";"LIMA";"LIMA";"LA VICTORIA";"ESSALUD";"III-2";"00009251";"HOSPITAL NACIONAL GUILLERMO ALMENARA IRIGOYEN";"242300";"HOSPITALIZACIÓN DE PEDIATRÍA  PEDIATRÍA  GENERAL ";"15";"29";"589";"301";"11";"341";"0"
"2023";"05";"150115";"LIMA";"LIMA";"LA VICTORIA";"ESSALUD";"III-2";"00009251";"HOSPITAL NACIONAL GUILLERMO ALMENARA IRIGOYEN";"243200";"HOSPITALIZACIÓN DE PEDIATRÍA PEDIATRIA NEONATOLOGÍA";"7";"26";"259";"236";"8";"248";"0"
"2023";"05";"150115";"LIMA";"LIMA";"LA VICTORIA";"ESSALUD";"III-2";"00009251";"HOSPITAL NACIONAL GUILLERMO ALMENARA IRIGOYEN";"250101";"UNIDAD DE CUIDADOS CRITICOS UNIDAD  DE CUIDADOS INTENSIVOS GENERALES (UCI) CARDIOLOGIA";"26";"11";"97";"225";"8";"248";"2"
"2023";"05";"150115";"LIMA";"LIMA";"LA VICTORIA";"ESSALUD";"III-2";"00009251";"HOSPITAL NACIONAL GUILLERMO ALMENARA IRIGOYEN";"250111";"UNIDAD DE CUIDADOS CRITICOS UNIDAD  DE CUIDADOS INTENSIVOS  (UCI) CARDIOVASCULAR";"0";"4";"98";"146";"5";"155";"3"
"2023";"05";"150115";"LIMA";"LIMA";"LA VICTORIA";"ESSALUD";"III-2";"00009251";"HOSPITAL NACIONAL GUILLERMO ALMENARA IRIGOYEN";"250400";"UNIDAD DE CUIDADOS CRITICOS UNIDAD DE QUEMADOS (GRAN QUEMADO) ";"4";"3";"83";"28";"1";"31";"0"
"2023";"05";"150115";"LIMA";"LIMA";"LA VICTORIA";"ESSALUD";"III-2";"00009251";"HOSPITAL NACIONAL GUILLERMO ALMENARA IRIGOYEN";"250108";"UNIDAD DE CUIDADOS CRITICOS UNIDAD  DE CUIDADOS INTENSIVOS  (UCI) PEDIÁTRICA";"4";"0";"0";"257";"9";"279";"0"
"2023";"05";"150115";"LIMA";"LIMA";"LA VICTORIA";"ESSALUD";"III-2";"00009251";"HOSPITAL NACIONAL GUILLERMO ALMENARA IRIGOYEN";"250100";"UNIDAD DE CUIDADOS CRITICOS UNIDAD  DE CUIDADOS INTENSIVOS GENERALES (UCI) ";"28";"9";"165";"440";"16";"496";"7"
"2023";"05";"150115";"LIMA";"LIMA";"LA VICTORIA";"ESSALUD";"III-2";"00009251";"HOSPITAL NACIONAL GUILLERMO ALMENARA IRIGOYEN";"250105";"UNIDAD DE CUIDADOS CRITICOS UNIDAD  DE CUIDADOS INTENSIVOS  (UCI) NEONATOLOGÍA";"1";"5";"142";"461";"15";"465";"3"
"2023";"05";"150115";"LIMA";"LIMA";"LA VICTORIA";"ESSALUD";"III-2";"00009251";"HOSPITAL NACIONAL GUILLERMO ALMENARA IRIGOYEN";"250107";"UNIDAD DE CUIDADOS CRITICOS UNIDAD  DE CUIDADOS INTENSIVOS  (UCI) NEUROQUIRÚRGICA";"0";"3";"21";"159";"7";"217";"2"
"2023";"05";"150115";"LIMA";"LIMA";"LA VICTORIA";"ESSALUD";"III-2";"00009251";"HOSPITAL NACIONAL GUILLERMO ALMENARA IRIGOYEN";"250107";"UNIDAD DE CUIDADOS CRITICOS UNIDAD  DE CUIDADOS INTENSIVOS  (UCI) NEUROQUIRÚRGICA";"0";"0";"0";"31";"2";"62";"0"
"2023";"05";"150115";"LIMA";"LIMA";"LA VICTORIA";"ESSALUD";"III-2";"00009251";"HOSPITAL NACIONAL GUILLERMO ALMENARA IRIGOYEN";"250107";"UNIDAD DE CUIDADOS CRITICOS UNIDAD  DE CUIDADOS INTENSIVOS  (UCI) NEUROQUIRÚRGICA";"0";"0";"0";"56";"4";"124";"0"
"2023";"05";"150115";"LIMA";"LIMA";"LA VICTORIA";"ESSALUD";"III-2";"00009251";"HOSPITAL NACIONAL GUILLERMO ALMENARA IRIGOYEN";"250200";"UNIDAD DE CUIDADOS CRITICOS UNIDAD DE CUIDADOS INTERMEDIOS GENERAL  (UCIN) ";"30";"34";"176";"281";"11";"341";"1"
"2023";"05";"150115";"LIMA";"LIMA";"LA VICTORIA";"ESSALUD";"III-2";"00009251";"HOSPITAL NACIONAL GUILLERMO ALMENARA IRIGOYEN";"250200";"UNIDAD DE CUIDADOS CRITICOS UNIDAD DE CUIDADOS INTERMEDIOS GENERAL  (UCIN) ";"12";"23";"278";"147";"5";"155";"0"
"2023";"05";"150115";"LIMA";"LIMA";"LA VICTORIA";"ESSALUD";"III-2";"00009251";"HOSPITAL NACIONAL GUILLERMO ALMENARA IRIGOYEN";"250100";"UNIDAD DE CUIDADOS CRITICOS UNIDAD  DE CUIDADOS INTENSIVOS GENERALES (UCI) ";"13";"10";"146";"201";"7";"217";"0"
"2023";"05";"150115";"LIMA";"LIMA";"LA VICTORIA";"ESSALUD";"III-2";"00009251";"HOSPITAL NACIONAL GUILLERMO ALMENARA IRIGOYEN";"250202";"UNIDAD DE CUIDADOS CRITICOS UNIDAD DE CUIDADOS INTERMEDIOS  (UCIN) PEDIÁTRICOS";"25";"25";"113";"149";"5";"155";"0"
"2023";"05";"150115";"LIMA";"LIMA";"LA VICTORIA";"ESSALUD";"III-2";"00009251";"HOSPITAL NACIONAL GUILLERMO ALMENARA IRIGOYEN";"250202";"UNIDAD DE CUIDADOS CRITICOS UNIDAD DE CUIDADOS INTERMEDIOS  (UCIN) PEDIÁTRICOS";"6";"2";"28";"438";"15";"465";"0"
"2023";"05";"150115";"LIMA";"LIMA";"LA VICTORIA";"ESSALUD";"III-2";"00009251";"HOSPITAL NACIONAL GUILLERMO ALMENARA IRIGOYEN";"250200";"UNIDAD DE CUIDADOS CRITICOS UNIDAD DE CUIDADOS INTERMEDIOS GENERAL  (UCIN) ";"9";"3";"38";"637";"21";"651";"2"
"2023";"05";"150115";"LIMA";"LIMA";"LA VICTORIA";"ESSALUD";"III-2";"00009251";"HOSPITAL NACIONAL GUILLERMO ALMENARA IRIGOYEN";"250201";"UNIDAD DE CUIDADOS CRITICOS UNIDAD DE CUIDADOS INTERMEDIOS  (UCIN) NEONATAL";"12";"26";"560";"413";"14";"434";"4"
"2023";"05";"150115";"LIMA";"LIMA";"LA VICTORIA";"ESSALUD";"III-2";"00009251";"HOSPITAL NACIONAL GUILLERMO ALMENARA IRIGOYEN";"250200";"UNIDAD DE CUIDADOS CRITICOS UNIDAD DE CUIDADOS INTERMEDIOS GENERAL  (UCIN) ";"11";"10";"143";"176";"6";"186";"1"
"2023";"05";"150115";"LIMA";"LIMA";"LA VICTORIA";"ESSALUD";"III-2";"00009251";"HOSPITAL NACIONAL GUILLERMO ALMENARA IRIGOYEN";"250200";"UNIDAD DE CUIDADOS CRITICOS UNIDAD DE CUIDADOS INTERMEDIOS GENERAL  (UCIN) ";"1";"5";"96";"128";"5";"155";"0"
"2023";"05";"150115";"LIMA";"LIMA";"LA VICTORIA";"ESSALUD";"III-2";"00009251";"HOSPITAL NACIONAL GUILLERMO ALMENARA IRIGOYEN";"250200";"UNIDAD DE CUIDADOS CRITICOS UNIDAD DE CUIDADOS INTERMEDIOS GENERAL  (UCIN) ";"0";"4";"30";"55";"3";"93";"0"
"2023";"05";"150115";"LIMA";"LIMA";"LA VICTORIA";"ESSALUD";"III-2";"00009251";"HOSPITAL NACIONAL GUILLERMO ALMENARA IRIGOYEN";"250200";"UNIDAD DE CUIDADOS CRITICOS UNIDAD DE CUIDADOS INTERMEDIOS GENERAL  (UCIN) ";"1";"1";"73";"59";"3";"93";"0"
"2023";"05";"230101";"TACNA";"TACNA";"TACNA";"PRIVADO";"I-4";"00011466";"CLINICA ISABEL";"240000";"HOSPITALIZACIÓN";"1";"1";"2";"1";"1";"31";"0"
"2023";"05";"230101";"TACNA";"TACNA";"TACNA";"PRIVADO";"I-4";"00011466";"CLINICA ISABEL";"240000";"HOSPITALIZACIÓN";"1";"1";"2";"1";"1";"31";"0"
"2023";"05";"230101";"TACNA";"TACNA";"TACNA";"PRIVADO";"I-4";"00011466";"CLINICA ISABEL";"240000";"HOSPITALIZACIÓN";"1";"1";"1";"1";"1";"31";"0"
"2023";"05";"230101";"TACNA";"TACNA";"TACNA";"PRIVADO";"I-4";"00011466";"CLINICA ISABEL";"240000";"HOSPITALIZACIÓN";"1";"1";"2";"1";"1";"31";"0"
"2023";"05";"230101";"TACNA";"TACNA";"TACNA";"PRIVADO";"I-4";"00011466";"CLINICA ISABEL";"240000";"HOSPITALIZACIÓN";"1";"1";"2";"1";"1";"31";"0"
"2023";"05";"230101";"TACNA";"TACNA";"TACNA";"PRIVADO";"I-4";"00011466";"CLINICA ISABEL";"240000";"HOSPITALIZACIÓN";"1";"1";"1";"1";"1";"31";"0"
"2023";"05";"230101";"TACNA";"TACNA";"TACNA";"PRIVADO";"I-4";"00011466";"CLINICA ISABEL";"240000";"HOSPITALIZACIÓN";"1";"1";"5";"1";"1";"31";"0"
"2023";"05";"230101";"TACNA";"TACNA";"TACNA";"PRIVADO";"I-4";"00011466";"CLINICA ISABEL";"240000";"HOSPITALIZACIÓN";"1";"1";"2";"1";"1";"31";"0"
"2023";"05";"060312";"CAJAMARCA";"CELENDIN";"LA LIBERTAD DE PALLAN";"GOBIERNO REGIONAL";"I-2";"00004481";"LA LIBERTAD DE PALLAN";"NE_0001";"";"NE_0001";"NE_0001";"NE_0001";"NE_0001";"NE_0001";"NE_0001";"NE_0001"
"2023";"05";"060312";"CAJAMARCA";"CELENDIN";"LA LIBERTAD DE PALLAN";"GOBIERNO REGIONAL";"I-1";"00006756";"RAMOSCUCHO";"NE_0001";"";"NE_0001";"NE_0001";"NE_0001";"NE_0001";"NE_0001";"NE_0001";"NE_0001"
"2023";"05";"060307";"CAJAMARCA";"CELENDIN";"MIGUEL IGLESIAS";"GOBIERNO REGIONAL";"I-1";"00009088";"PIZON";"NE_0001";"";"NE_0001";"NE_0001";"NE_0001";"NE_0001";"NE_0001";"NE_0001";"NE_0001"
"2023";"05";"060307";"CAJAMARCA";"CELENDIN";"MIGUEL IGLESIAS";"GOBIERNO REGIONAL";"I-1";"00011156";"MUYOC CHICO";"NE_0001";"";"NE_0001";"NE_0001";"NE_0001";"NE_0001";"NE_0001";"NE_0001";"NE_0001"
"2023";"05";"060302";"CAJAMARCA";"CELENDIN";"CHUMUCH";"GOBIERNO REGIONAL";"I-1";"00006759";"RAMBRAN";"NE_0001";"";"NE_0001";"NE_0001";"NE_0001";"NE_0001";"NE_0001";"NE_0001";"NE_0001"
"2023";"05";"060307";"CAJAMARCA";"CELENDIN";"MIGUEL IGLESIAS";"GOBIERNO REGIONAL";"I-1";"00025042";"JORGE CHAVEZ DE MIGUEL IGLESIAS";"NE_0001";"";"NE_0001";"NE_0001";"NE_0001";"NE_0001";"NE_0001";"NE_0001";"NE_0001"
"2023";"05";"021601";"ANCASH";"POMABAMBA";"POMABAMBA";"GOBIERNO REGIONAL";"II-1";"00001765";"HOSPITAL DE APOYO DE POMABAMBA ""ANTONIO CALDAS DOMINGUEZ""";"240100";"HOSPITALIZACIÓN QUIRÚRGICA CIRUGÍA GENERAL ";"17";"17";"42";"42";"4";"124";"0"
"2023";"05";"021601";"ANCASH";"POMABAMBA";"POMABAMBA";"GOBIERNO REGIONAL";"II-1";"00001765";"HOSPITAL DE APOYO DE POMABAMBA ""ANTONIO CALDAS DOMINGUEZ""";"241500";"HOSPITALIZACIÓN QUIRÚRGICA GINECOLOGÍA  ";"21";"21";"45";"45";"2";"62";"0"
"2023";"05";"021601";"ANCASH";"POMABAMBA";"POMABAMBA";"GOBIERNO REGIONAL";"II-1";"00001765";"HOSPITAL DE APOYO DE POMABAMBA ""ANTONIO CALDAS DOMINGUEZ""";"241600";"HOSPITALIZACIÓN QUIRÚRGICA OBSTETRICIA   ";"36";"36";"107";"107";"4";"124";"0"
"2023";"05";"021601";"ANCASH";"POMABAMBA";"POMABAMBA";"GOBIERNO REGIONAL";"II-1";"00001765";"HOSPITAL DE APOYO DE POMABAMBA ""ANTONIO CALDAS DOMINGUEZ""";"241800";"HOSPITALIZACIÓN DE MEDICINA MEDICINA GENERAL ";"14";"14";"59";"59";"13";"403";"0"
"2023";"05";"021601";"ANCASH";"POMABAMBA";"POMABAMBA";"GOBIERNO REGIONAL";"II-1";"00001765";"HOSPITAL DE APOYO DE POMABAMBA ""ANTONIO CALDAS DOMINGUEZ""";"242500";"HOSPITALIZACIÓN-PEDIATRÍA GENERAL-";"11";"11";"34";"34";"7";"217";"0"
"2023";"05";"040126";"AREQUIPA";"AREQUIPA";"YANAHUARA";"PRIVADO";"II-E";"00018935";"CEFERGIN";"241400";"HOSPITALIZACIÓN QUIRÚRGICA GINECO - OBSTETRICIA ";"8";"8";"8";"8";"2";"53";"0"
"2023";"05";"130908";"LA LIBERTAD";"SANCHEZ CARRION";"SARTIMBAMBA";"GOBIERNO REGIONAL";"I-2";"00005363";"SARTIMBAMBA";"NE_0001";"";"NE_0001";"NE_0001";"NE_0001";"NE_0001";"NE_0001";"NE_0001";"NE_0001"
"2023";"05";"130908";"LA LIBERTAD";"SANCHEZ CARRION";"SARTIMBAMBA";"GOBIERNO REGIONAL";"I-2";"00005364";"SAN ALFONSO";"NE_0001";"";"NE_0001";"NE_0001";"NE_0001";"NE_0001";"NE_0001";"NE_0001";"NE_0001"
"2023";"05";"130908";"LA LIBERTAD";"SANCHEZ CARRION";"SARTIMBAMBA";"GOBIERNO REGIONAL";"I-2";"00005365";"MARCABAL GRANDE";"NE_0001";"";"NE_0001";"NE_0001";"NE_0001";"NE_0001";"NE_0001";"NE_0001";"NE_0001"
"2023";"05";"130908";"LA LIBERTAD";"SANCHEZ CARRION";"SARTIMBAMBA";"GOBIERNO REGIONAL";"I-2";"00017925";"LA VICTORIA";"NE_0001";"";"NE_0001";"NE_0001";"NE_0001";"NE_0001";"NE_0001";"NE_0001";"NE_0001"
"2023";"05";"070101";"CALLAO";"CALLAO";"CALLAO";"GOBIERNO REGIONAL";"I-3";"00006239";"C.S. SESQUICENTENARIO";"NE_0001";"";"NE_0001";"NE_0001";"NE_0001";"NE_0001";"NE_0001";"NE_0001";"NE_0001"
"2023";"05";"070101";"CALLAO";"CALLAO";"CALLAO";"GOBIERNO REGIONAL";"I-2";"00006240";"PUESTO DE SALUD PREVI";"NE_0001";"";"NE_0001";"NE_0001";"NE_0001";"NE_0001";"NE_0001";"NE_0001";"NE_0001"
"2023";"05";"070101";"CALLAO";"CALLAO";"CALLAO";"GOBIERNO REGIONAL";"I-2";"00006245";"PUESTO DE SALUD BOCANEGRA";"NE_0001";"";"NE_0001";"NE_0001";"NE_0001";"NE_0001";"NE_0001";"NE_0001";"NE_0001"
"2023";"05";"131201";"LA LIBERTAD";"VIRU";"VIRU";"GOBIERNO REGIONAL";"II-1";"00005251";"HOSPITAL PROVINCIAL DE VIRU";"241600";"HOSPITALIZACIÓN QUIRÚRGICA OBSTETRICIA   ";"41";"41";"82";"82";"7";"217";"0"
"2023";"05";"131201";"LA LIBERTAD";"VIRU";"VIRU";"GOBIERNO REGIONAL";"II-1";"00005251";"HOSPITAL PROVINCIAL DE VIRU";"242500";"HOSPITALIZACIÓN-PEDIATRÍA GENERAL-";"6";"6";"21";"21";"3";"93";"0"
"2023";"05";"131201";"LA LIBERTAD";"VIRU";"VIRU";"GOBIERNO REGIONAL";"II-1";"00005251";"HOSPITAL PROVINCIAL DE VIRU";"241800";"HOSPITALIZACIÓN DE MEDICINA MEDICINA GENERAL ";"34";"35";"128";"87";"6";"186";"0"
"2023";"05";"131201";"LA LIBERTAD";"VIRU";"VIRU";"GOBIERNO REGIONAL";"II-1";"00005251";"HOSPITAL PROVINCIAL DE VIRU";"241500";"HOSPITALIZACIÓN QUIRÚRGICA GINECOLOGÍA  ";"48";"42";"53";"53";"3";"93";"0"
"2023";"05";"090203";"HUANCAVELICA";"ACOBAMBA";"ANTA";"GOBIERNO REGIONAL";"I-3";"00003939";"CENTRO DE SALUD ANTA";"NE_0001";"";"NE_0001";"NE_0001";"NE_0001";"NE_0001";"NE_0001";"NE_0001";"NE_0001"
"2023";"05";"090203";"HUANCAVELICA";"ACOBAMBA";"ANTA";"GOBIERNO REGIONAL";"I-1";"00009697";"PUESTO DE SALUD DE CASACANCHA";"NE_0001";"";"NE_0001";"NE_0001";"NE_0001";"NE_0001";"NE_0001";"NE_0001";"NE_0001"
"2023";"05";"090203";"HUANCAVELICA";"ACOBAMBA";"ANTA";"GOBIERNO REGIONAL";"I-1";"00009469";"PUESTO DE SALUD VISTA ALEGRE DE ANTA";"NE_0001";"";"NE_0001";"NE_0001";"NE_0001";"NE_0001";"NE_0001";"NE_0001";"NE_0001"
"2023";"03";"150101";"LIMA";"LIMA";"LIMA";"MINSA";"III-1";"00006207";"HOSPITAL NACIONAL ARZOBISPO LOAYZA";"241900";"HOSPITALIZACIÓN DE MEDICINA MEDICINA INTERNA ";"604";"571";"5980";"6463";"214";"6634";"49"
"2023";"03";"150101";"LIMA";"LIMA";"LIMA";"MINSA";"III-1";"00006207";"HOSPITAL NACIONAL ARZOBISPO LOAYZA";"240100";"HOSPITALIZACIÓN QUIRÚRGICA CIRUGÍA GENERAL ";"495";"539";"3864";"3971";"150";"4650";"3"
"2023";"03";"150101";"LIMA";"LIMA";"LIMA";"MINSA";"III-1";"00006207";"HOSPITAL NACIONAL ARZOBISPO LOAYZA";"241500";"HOSPITALIZACIÓN QUIRÚRGICA GINECOLOGÍA  ";"107";"115";"710";"757";"26";"806";"0"
"2023";"03";"150101";"LIMA";"LIMA";"LIMA";"MINSA";"III-1";"00006207";"HOSPITAL NACIONAL ARZOBISPO LOAYZA";"241600";"HOSPITALIZACIÓN QUIRÚRGICA OBSTETRICIA   ";"242";"193";"680";"1474";"50";"1550";"0"
"2023";"03";"150101";"LIMA";"LIMA";"LIMA";"MINSA";"III-1";"00006207";"HOSPITAL NACIONAL ARZOBISPO LOAYZA";"242300";"HOSPITALIZACIÓN DE PEDIATRÍA  PEDIATRÍA  GENERAL ";"95";"94";"454";"603";"29";"899";"0"
"2023";"03";"150101";"LIMA";"LIMA";"LIMA";"MINSA";"III-1";"00006207";"HOSPITAL NACIONAL ARZOBISPO LOAYZA";"250100";"UNIDAD DE CUIDADOS CRITICOS UNIDAD  DE CUIDADOS INTENSIVOS GENERALES (UCI) ";"47";"36";"539";"1099";"44";"1364";"30"
"2023";"03";"150101";"LIMA";"LIMA";"LIMA";"MINSA";"III-1";"00006207";"HOSPITAL NACIONAL ARZOBISPO LOAYZA";"250200";"UNIDAD DE CUIDADOS CRITICOS UNIDAD DE CUIDADOS INTERMEDIOS GENERAL  (UCIN) ";"0";"1";"4";"179";"6";"186";"0"
"2023";"03";"150101";"LIMA";"LIMA";"LIMA";"MINSA";"III-1";"00006207";"HOSPITAL NACIONAL ARZOBISPO LOAYZA";"240801";"HOSPITALIZACIÓN QUIRÚRGICA CIRUGÍA PLÁSTICA/RECONSTRUCTIVA/ REPARADORA QUEMADOS";"29";"33";"905";"590";"22";"682";"0"
"2023";"03";"150101";"LIMA";"LIMA";"LIMA";"MINSA";"III-1";"00006207";"HOSPITAL NACIONAL ARZOBISPO LOAYZA";"250105";"UNIDAD DE CUIDADOS CRITICOS UNIDAD  DE CUIDADOS INTENSIVOS  (UCI) NEONATOLOGÍA";"8";"27";"370";"360";"15";"465";"4"
"2023";"03";"150101";"LIMA";"LIMA";"LIMA";"MINSA";"III-1";"00006207";"HOSPITAL NACIONAL ARZOBISPO LOAYZA";"250101";"UNIDAD DE CUIDADOS CRITICOS UNIDAD  DE CUIDADOS INTENSIVOS GENERALES (UCI) CARDIOLOGIA";"15";"13";"109";"161";"6";"186";"2"
"2023";"03";"150101";"LIMA";"LIMA";"LIMA";"MINSA";"III-1";"00006207";"HOSPITAL NACIONAL ARZOBISPO LOAYZA";"241200";"HOSPITALIZACIÓN QUIRÚRGICA TRAUMATOLOGÍA Y ORTOPEDIA ";"68";"56";"776";"565";"20";"620";"0"
"2023";"03";"150101";"LIMA";"LIMA";"LIMA";"MINSA";"III-1";"00006207";"HOSPITAL NACIONAL ARZOBISPO LOAYZA";"245300";"HOSPITALIZACIÓN DE MEDICINA NEUMOLOGÍA  ";"1";"2";"109";"122";"4";"124";"0"
"2023";"03";"150116";"LIMA";"LIMA";"LINCE";"PRIVADO";"II-E";"00023918";"CLINICA CIRLAP";"240000";"HOSPITALIZACIÓN";"34";"34";"90";"73";"12";"360";"0"
"2023";"01";"100501";"HUANUCO";"HUAMALIES";"LLATA";"GOBIERNO REGIONAL";"I-2";"00000890";"LIBERTAD";"NE_0001";"";"NE_0001";"NE_0001";"NE_0001";"NE_0001";"NE_0001";"NE_0001";"NE_0001"
"2023";"04";"040107";"AREQUIPA";"AREQUIPA";"JACOBO HUNTER";"GOBIERNO REGIONAL";"I-2";"00001273";"PUESTO DE SALUD DANIEL ALCIDES CARRION";"NE_0001";"";"NE_0001";"NE_0001";"NE_0001";"NE_0001";"NE_0001";"NE_0001";"NE_0001"
"2023";"04";"040107";"AREQUIPA";"AREQUIPA";"JACOBO HUNTER";"GOBIERNO REGIONAL";"I-4";"00001259";"CENTRO DE SALUD JAVIER LLOSA GARCIA -  HUNTER";"241600";"HOSPITALIZACIÓN QUIRÚRGICA OBSTETRICIA   ";"12";"12";"12";"1";"15";"16";"0"
"2023";"04";"040107";"AREQUIPA";"AREQUIPA";"JACOBO HUNTER";"GOBIERNO REGIONAL";"I-2";"00001276";"PUESTO DE SALUD CAMINOS DEL INCA";"NE_0001";"";"NE_0001";"NE_0001";"NE_0001";"NE_0001";"NE_0001";"NE_0001";"NE_0001"
"2023";"04";"040107";"AREQUIPA";"AREQUIPA";"JACOBO HUNTER";"GOBIERNO REGIONAL";"I-2";"00001274";"PUESTO DE SALUD AMPLIACION PAMPAS DEL CUZCO";"NE_0001";"";"NE_0001";"NE_0001";"NE_0001";"NE_0001";"NE_0001";"NE_0001";"NE_0001"
"2023";"04";"040107";"AREQUIPA";"AREQUIPA";"JACOBO HUNTER";"GOBIERNO REGIONAL";"I-2";"00001277";"PUESTO DE SALUD ALTO ALIANZA";"NE_0001";"";"NE_0001";"NE_0001";"NE_0001";"NE_0001";"NE_0001";"NE_0001";"NE_0001"
"2023";"04";"040107";"AREQUIPA";"AREQUIPA";"JACOBO HUNTER";"GOBIERNO REGIONAL";"I-3";"00001279";"PUESTO DE SALUD UPIS PAISAJISTA";"NE_0001";"";"NE_0001";"NE_0001";"NE_0001";"NE_0001";"NE_0001";"NE_0001";"NE_0001"
"2023";"04";"040107";"AREQUIPA";"AREQUIPA";"JACOBO HUNTER";"GOBIERNO REGIONAL";"I-2";"00001275";"PUESTO DE SALUD CHILPINILLA";"NE_0001";"";"NE_0001";"NE_0001";"NE_0001";"NE_0001";"NE_0001";"NE_0001";"NE_0001"
"2023";"04";"040107";"AREQUIPA";"AREQUIPA";"JACOBO HUNTER";"MINSA";"I-3";"00031488";"CENTRO DE SALUD MENTAL COMUNITARIO HUNTER";"NE_0001";"";"NE_0001";"NE_0001";"NE_0001";"NE_0001";"NE_0001";"NE_0001";"NE_0001"
"2023";"05";"060602";"CAJAMARCA";"CUTERVO";"CALLAYUC";"GOBIERNO REGIONAL";"I-2";"00004967";"SECTOR EL CAMPO";"NE_0001";"";"NE_0001";"NE_0001";"NE_0001";"NE_0001";"NE_0001";"NE_0001";"NE_0001"
"2023";"05";"060611";"CAJAMARCA";"CUTERVO";"SANTA CRUZ";"GOBIERNO REGIONAL";"I-1";"00007050";"AMBATO";"NE_0001";"";"NE_0001";"NE_0001";"NE_0001";"NE_0001";"NE_0001";"NE_0001";"NE_0001"
"2023";"05";"060611";"CAJAMARCA";"CUTERVO";"SANTA CRUZ";"GOBIERNO REGIONAL";"I-1";"00011261";"GRAMALOTILLO";"NE_0001";"";"NE_0001";"NE_0001";"NE_0001";"NE_0001";"NE_0001";"NE_0001";"NE_0001"
"2023";"05";"021904";"ANCASH";"SIHUAS";"CASHAPAMPA";"GOBIERNO REGIONAL";"I-1";"00001798";"PUESTO DE SALUD PASACANCHA";"NE_0002";"";"NE_0002";"NE_0002";"NE_0002";"NE_0002";"NE_0002";"NE_0002";"NE_0002"
"2023";"05";"021909";"ANCASH";"SIHUAS";"SAN JUAN";"GOBIERNO REGIONAL";"I-2";"00001809";"PUESTO DE SALUD ANDAYMAYO";"NE_0002";"";"NE_0002";"NE_0002";"NE_0002";"NE_0002";"NE_0002";"NE_0002";"NE_0002"
"2023";"05";"021909";"ANCASH";"SIHUAS";"SAN JUAN";"GOBIERNO REGIONAL";"I-2";"00001808";"PUESTO DE SALUD SAN JUAN CHULLIN";"NE_0002";"";"NE_0002";"NE_0002";"NE_0002";"NE_0002";"NE_0002";"NE_0002";"NE_0002"
"2023";"05";"021909";"ANCASH";"SIHUAS";"SAN JUAN";"GOBIERNO REGIONAL";"I-1";"00001810";"PUESTO DE SALUD CHINCHOBAMBA";"NE_0002";"";"NE_0002";"NE_0002";"NE_0002";"NE_0002";"NE_0002";"NE_0002";"NE_0002"
"2023";"05";"021904";"ANCASH";"SIHUAS";"CASHAPAMPA";"GOBIERNO REGIONAL";"I-1";"00001797";"PUESTO DE SALUD CASHAPAMPA";"NE_0002";"";"NE_0002";"NE_0002";"NE_0002";"NE_0002";"NE_0002";"NE_0002";"NE_0002"
"2023";"05";"021906";"ANCASH";"SIHUAS";"HUAYLLABAMBA";"GOBIERNO REGIONAL";"I-1";"00001804";"PUESTO DE SALUD PIRPO";"NE_0002";"";"NE_0002";"NE_0002";"NE_0002";"NE_0002";"NE_0002";"NE_0002";"NE_0002"
"2023";"05";"021906";"ANCASH";"SIHUAS";"HUAYLLABAMBA";"GOBIERNO REGIONAL";"I-2";"00001803";"PUESTO DE SALUD SANTA CLARA";"NE_0002";"";"NE_0002";"NE_0002";"NE_0002";"NE_0002";"NE_0002";"NE_0002";"NE_0002"
"2023";"05";"021909";"ANCASH";"SIHUAS";"SAN JUAN";"GOBIERNO REGIONAL";"I-1";"00007449";"PUESTO DE SALUD PARIASHPAMPA";"NE_0002";"";"NE_0002";"NE_0002";"NE_0002";"NE_0002";"NE_0002";"NE_0002";"NE_0002"
"2023";"05";"060807";"CAJAMARCA";"JAEN";"POMAHUACA";"GOBIERNO REGIONAL";"I-2";"00004248";"PALO BLANCO";"NE_0002";"";"NE_0002";"NE_0002";"NE_0002";"NE_0002";"NE_0002";"NE_0002";"NE_0002"
"2023";"05";"060804";"CAJAMARCA";"JAEN";"COLASAY";"GOBIERNO REGIONAL";"I-1";"00031333";"CHUNCHUCA";"NE_0002";"";"NE_0002";"NE_0002";"NE_0002";"NE_0002";"NE_0002";"NE_0002";"NE_0002"
"2023";"05";"060804";"CAJAMARCA";"JAEN";"COLASAY";"GOBIERNO REGIONAL";"I-1";"00007171";"LOS CEDROS DE COLASAY";"NE_0002";"";"NE_0002";"NE_0002";"NE_0002";"NE_0002";"NE_0002";"NE_0002";"NE_0002"
"2023";"05";"060804";"CAJAMARCA";"JAEN";"COLASAY";"GOBIERNO REGIONAL";"I-3";"00004237";"CHUNCHUQUILLO";"NE_0001";"";"NE_0001";"NE_0001";"NE_0001";"NE_0001";"NE_0001";"NE_0001";"NE_0001"
"2023";"05";"060804";"CAJAMARCA";"JAEN";"COLASAY";"GOBIERNO REGIONAL";"I-2";"00004238";"SAN LORENZO DE BARBASCO";"NE_0001";"";"NE_0001";"NE_0001";"NE_0001";"NE_0001";"NE_0001";"NE_0001";"NE_0001"
"2023";"05";"060807";"CAJAMARCA";"JAEN";"POMAHUACA";"GOBIERNO REGIONAL";"I-1";"00007122";"TAMBILLO";"NE_0002";"";"NE_0002";"NE_0002";"NE_0002";"NE_0002";"NE_0002";"NE_0002";"NE_0002"
"2023";"05";"010201";"AMAZONAS";"BAGUA";"BAGUA";"ESSALUD";"II-1";"00009068";"HOSPITAL I HEROES DEL CENEPA";"241800";"HOSPITALIZACIÓN DE MEDICINA MEDICINA GENERAL ";"50";"50";"171";"196";"4";"124";"0"
"2023";"05";"010201";"AMAZONAS";"BAGUA";"BAGUA";"ESSALUD";"II-1";"00009068";"HOSPITAL I HEROES DEL CENEPA";"240100";"HOSPITALIZACIÓN QUIRÚRGICA CIRUGÍA GENERAL ";"17";"17";"50";"35";"3";"93";"0"
"2023";"05";"010201";"AMAZONAS";"BAGUA";"BAGUA";"ESSALUD";"II-1";"00009068";"HOSPITAL I HEROES DEL CENEPA";"241500";"HOSPITALIZACIÓN QUIRÚRGICA GINECOLOGÍA  ";"28";"28";"85";"76";"3";"93";"0"
"2023";"05";"010201";"AMAZONAS";"BAGUA";"BAGUA";"ESSALUD";"II-1";"00009068";"HOSPITAL I HEROES DEL CENEPA";"242300";"HOSPITALIZACIÓN DE PEDIATRÍA  PEDIATRÍA  GENERAL ";"36";"36";"100";"84";"3";"93";"0"
"2023";"05";"220601";"SAN MARTIN";"MARISCAL CACERES";"JUANJUI";"GOBIERNO REGIONAL";"II-E";"00006919";"HOSPITAL II-E JUANJUI - MC LUIS IZQUIERDO VÁSQUEZ";"240100";"HOSPITALIZACIÓN QUIRÚRGICA CIRUGÍA GENERAL ";"19";"21";"43";"43";"5";"155";"0"
"2023";"05";"220601";"SAN MARTIN";"MARISCAL CACERES";"JUANJUI";"GOBIERNO REGIONAL";"II-E";"00006919";"HOSPITAL II-E JUANJUI - MC LUIS IZQUIERDO VÁSQUEZ";"241400";"HOSPITALIZACIÓN QUIRÚRGICA GINECO - OBSTETRICIA ";"75";"81";"187";"187";"8";"248";"0"
"2023";"05";"220601";"SAN MARTIN";"MARISCAL CACERES";"JUANJUI";"GOBIERNO REGIONAL";"II-E";"00006919";"HOSPITAL II-E JUANJUI - MC LUIS IZQUIERDO VÁSQUEZ";"241600";"HOSPITALIZACIÓN QUIRÚRGICA OBSTETRICIA   ";"38";"43";"67";"67";"8";"248";"0"
"2023";"05";"220601";"SAN MARTIN";"MARISCAL CACERES";"JUANJUI";"GOBIERNO REGIONAL";"II-E";"00006919";"HOSPITAL II-E JUANJUI - MC LUIS IZQUIERDO VÁSQUEZ";"241800";"HOSPITALIZACIÓN DE MEDICINA MEDICINA GENERAL ";"71";"86";"286";"286";"16";"496";"2"
"2023";"05";"220601";"SAN MARTIN";"MARISCAL CACERES";"JUANJUI";"GOBIERNO REGIONAL";"II-E";"00006919";"HOSPITAL II-E JUANJUI - MC LUIS IZQUIERDO VÁSQUEZ";"242500";"HOSPITALIZACIÓN-PEDIATRÍA GENERAL-";"67";"69";"184";"184";"6";"186";"0"
"2023";"05";"210401";"PUNO";"CHUCUITO";"JULI";"GOBIERNO REGIONAL";"II-1";"00002990";"JULI";"240100";"HOSPITALIZACIÓN QUIRÚRGICA CIRUGÍA GENERAL ";"13";"13";"34";"30";"5";"155";"0"
"2023";"05";"210401";"PUNO";"CHUCUITO";"JULI";"GOBIERNO REGIONAL";"II-1";"00002990";"JULI";"241500";"HOSPITALIZACIÓN QUIRÚRGICA GINECOLOGÍA  ";"1";"1";"1";"1";"4";"124";"0"
"2023";"05";"210401";"PUNO";"CHUCUITO";"JULI";"GOBIERNO REGIONAL";"II-1";"00002990";"JULI";"241600";"HOSPITALIZACIÓN QUIRÚRGICA OBSTETRICIA   ";"44";"44";"85";"84";"9";"278";"0"
"2023";"05";"210401";"PUNO";"CHUCUITO";"JULI";"GOBIERNO REGIONAL";"II-1";"00002990";"JULI";"241800";"HOSPITALIZACIÓN DE MEDICINA MEDICINA GENERAL ";"11";"11";"56";"35";"6";"186";"0"
"2023";"05";"210401";"PUNO";"CHUCUITO";"JULI";"GOBIERNO REGIONAL";"II-1";"00002990";"JULI";"242500";"HOSPITALIZACIÓN-PEDIATRÍA GENERAL-";"3";"3";"11";"9";"4";"186";"0"
"2023";"05";"021801";"ANCASH";"SANTA";"CHIMBOTE";"PRIVADO";"II-1";"00017075";"CLINICA BELEN";"NE_0002";"";"NE_0002";"NE_0002";"NE_0002";"NE_0002";"NE_0002";"NE_0002";"NE_0002"
"2023";"05";"130103";"LA LIBERTAD";"TRUJILLO";"FLORENCIA DE MORA";"GOBIERNO REGIONAL";"II-1";"00005217";"HOSPITAL DISTRITAL EL ESFUERZO DE FLORENCIA DE MORA";"241600";"HOSPITALIZACIÓN QUIRÚRGICA OBSTETRICIA   ";"17";"17";"23";"23";"7";"217";"0"
"2023";"05";"130103";"LA LIBERTAD";"TRUJILLO";"FLORENCIA DE MORA";"GOBIERNO REGIONAL";"II-1";"00005217";"HOSPITAL DISTRITAL EL ESFUERZO DE FLORENCIA DE MORA";"241400";"HOSPITALIZACIÓN QUIRÚRGICA GINECO - OBSTETRICIA ";"5";"5";"25";"25";"3";"93";"0"
"2023";"04";"250105";"UCAYALI";"CORONEL PORTILLO";"YARINACOCHA";"GOBIERNO REGIONAL";"I-1";"00005544";"CLAS UNION ZAPOTILLO";"NE_0001";"";"NE_0001";"NE_0001";"NE_0001";"NE_0001";"NE_0001";"NE_0001";"NE_0001"
"2023";"04";"250105";"UCAYALI";"CORONEL PORTILLO";"YARINACOCHA";"GOBIERNO REGIONAL";"I-1";"00005542";"CLAS  DE SAN JUAN YARINACOCHA .";"NE_0001";"";"NE_0001";"NE_0001";"NE_0001";"NE_0001";"NE_0001";"NE_0001";"NE_0001"
"2023";"04";"250105";"UCAYALI";"CORONEL PORTILLO";"YARINACOCHA";"GOBIERNO REGIONAL";"I-1";"00005541";"PUESTO DE SALUD LEONCIO PRADO";"NE_0001";"";"NE_0001";"NE_0001";"NE_0001";"NE_0001";"NE_0001";"NE_0001";"NE_0001"
"2023";"05";"040119";"AREQUIPA";"AREQUIPA";"SAN JUAN DE TARUCANI";"GOBIERNO REGIONAL";"I-2";"00001319";"PUESTO DE SALUD SAN JUAN DE TARUCANI";"NE_0001";"";"NE_0001";"NE_0001";"NE_0001";"NE_0001";"NE_0001";"NE_0001";"NE_0001"
"2023";"05";"040106";"AREQUIPA";"AREQUIPA";"CHIGUATA";"GOBIERNO REGIONAL";"I-3";"00001299";"CENTRO DE SALUD CHIGUATA";"NE_0001";"";"NE_0001";"NE_0001";"NE_0001";"NE_0001";"NE_0001";"NE_0001";"NE_0001"
"2023";"05";"250105";"UCAYALI";"CORONEL PORTILLO";"YARINACOCHA";"GOBIERNO REGIONAL";"II-2";"00005577";"HOSPITAL AMAZONICO - YARINACOCHA";"241400";"HOSPITALIZACIÓN QUIRÚRGICA GINECO - OBSTETRICIA ";"378";"429";"1029";"1455";"62";"1922";"0"
"2023";"05";"250105";"UCAYALI";"CORONEL PORTILLO";"YARINACOCHA";"GOBIERNO REGIONAL";"II-2";"00005577";"HOSPITAL AMAZONICO - YARINACOCHA";"242500";"HOSPITALIZACIÓN-PEDIATRÍA GENERAL-";"39";"52";"371";"377";"21";"651";"3"
"2023";"05";"250105";"UCAYALI";"CORONEL PORTILLO";"YARINACOCHA";"GOBIERNO REGIONAL";"II-2";"00005577";"HOSPITAL AMAZONICO - YARINACOCHA";"250105";"UNIDAD DE CUIDADOS CRITICOS UNIDAD  DE CUIDADOS INTENSIVOS  (UCI) NEONATOLOGÍA";"6";"4";"13";"15";"6";"186";"1"
"2023";"05";"250105";"UCAYALI";"CORONEL PORTILLO";"YARINACOCHA";"GOBIERNO REGIONAL";"II-2";"00005577";"HOSPITAL AMAZONICO - YARINACOCHA";"240100";"HOSPITALIZACIÓN QUIRÚRGICA CIRUGÍA GENERAL ";"114";"135";"551";"578";"26";"806";"0"
"2023";"05";"250105";"UCAYALI";"CORONEL PORTILLO";"YARINACOCHA";"GOBIERNO REGIONAL";"II-2";"00005577";"HOSPITAL AMAZONICO - YARINACOCHA";"241800";"HOSPITALIZACIÓN DE MEDICINA MEDICINA GENERAL ";"62";"77";"731";"752";"35";"1085";"10"
"2023";"05";"250105";"UCAYALI";"CORONEL PORTILLO";"YARINACOCHA";"GOBIERNO REGIONAL";"II-2";"00005577";"HOSPITAL AMAZONICO - YARINACOCHA";"242200";"HOSPITALIZACIÓN DE MEDICINA PSIQUIATRÍA ";"6";"12";"152";"161";"9";"279";"0"
"2023";"05";"250105";"UCAYALI";"CORONEL PORTILLO";"YARINACOCHA";"GOBIERNO REGIONAL";"II-2";"00005577";"HOSPITAL AMAZONICO - YARINACOCHA";"243200";"HOSPITALIZACIÓN DE PEDIATRÍA PEDIATRIA NEONATOLOGÍA";"20";"32";"343";"372";"12";"372";"1"
"2023";"05";"250105";"UCAYALI";"CORONEL PORTILLO";"YARINACOCHA";"GOBIERNO REGIONAL";"II-2";"00005577";"HOSPITAL AMAZONICO - YARINACOCHA";"250103";"UNIDAD DE CUIDADOS CRITICOS UNIDAD  DE CUIDADOS INTENSIVOS GENERALES  (UCI) MEDICINA";"7";"7";"151";"154";"9";"279";"4"
"2023";"05";"250105";"UCAYALI";"CORONEL PORTILLO";"YARINACOCHA";"GOBIERNO REGIONAL";"II-2";"00005577";"HOSPITAL AMAZONICO - YARINACOCHA";"250302";"HOSPIT. EN UNIDAD DE CUID.INTEN.-UNIDAD DE VIGILANCIA INTENSIVA (UVI)-GINECO-OBSTETRICIA";"17";"1";"3";"4";"3";"93";"0"
"2023";"05";"070101";"CALLAO";"CALLAO";"CALLAO";"ESSALUD";"II-2";"00010533";"HOSPITAL II LIMA NORTE CALLAO ""LUIS NEGREIROS VEGA"" ESSALUD";"241900";"HOSPITALIZACIÓN DE MEDICINA MEDICINA INTERNA ";"210";"210";"1789";"1851";"60";"1860";"12"
"2023";"05";"070101";"CALLAO";"CALLAO";"CALLAO";"ESSALUD";"II-2";"00010533";"HOSPITAL II LIMA NORTE CALLAO ""LUIS NEGREIROS VEGA"" ESSALUD";"240100";"HOSPITALIZACIÓN QUIRÚRGICA CIRUGÍA GENERAL ";"402";"394";"680";"806";"34";"1054";"0"
"2023";"05";"070101";"CALLAO";"CALLAO";"CALLAO";"ESSALUD";"II-2";"00010533";"HOSPITAL II LIMA NORTE CALLAO ""LUIS NEGREIROS VEGA"" ESSALUD";"241600";"HOSPITALIZACIÓN QUIRÚRGICA OBSTETRICIA   ";"503";"494";"851";"720";"36";"1116";"0"
"2023";"05";"070101";"CALLAO";"CALLAO";"CALLAO";"ESSALUD";"II-2";"00010533";"HOSPITAL II LIMA NORTE CALLAO ""LUIS NEGREIROS VEGA"" ESSALUD";"242300";"HOSPITALIZACIÓN DE PEDIATRÍA  PEDIATRÍA  GENERAL ";"106";"106";"354";"360";"13";"403";"0"
"2023";"05";"040101";"AREQUIPA";"AREQUIPA";"AREQUIPA";"GOBIERNO REGIONAL";"III-2";"00007397";"INSTITUTO REGIONAL DE ENFERMEDADES NEOPLASICAS DEL SUR";"240000";"HOSPITALIZACIÓN";"139";"137";"1036";"1007";"36";"1116";"8"
"2023";"05";"040101";"AREQUIPA";"AREQUIPA";"AREQUIPA";"GOBIERNO REGIONAL";"III-2";"00007397";"INSTITUTO REGIONAL DE ENFERMEDADES NEOPLASICAS DEL SUR";"250100";"UNIDAD DE CUIDADOS CRITICOS UNIDAD  DE CUIDADOS INTENSIVOS GENERALES (UCI) ";"5";"6";"25";"20";"2";"62";"0"
"2023";"05";"220202";"SAN MARTIN";"BELLAVISTA";"ALTO BIAVO";"GOBIERNO REGIONAL";"I-1";"00006527";"JOSE OLAYA";"NE_0002";"";"NE_0002";"NE_0002";"NE_0002";"NE_0002";"NE_0002";"NE_0002";"NE_0002"
"2023";"05";"040113";"AREQUIPA";"AREQUIPA";"POCSI";"GOBIERNO REGIONAL";"I-1";"00001289";"PUESTO DE SALUD PIACA";"NE_0001";"";"NE_0001";"NE_0001";"NE_0001";"NE_0001";"NE_0001";"NE_0001";"NE_0001"
"2023";"05";"040113";"AREQUIPA";"AREQUIPA";"POCSI";"GOBIERNO REGIONAL";"I-1";"00001288";"PUESTO DE SALUD POCSI";"NE_0001";"";"NE_0001";"NE_0001";"NE_0001";"NE_0001";"NE_0001";"NE_0001";"NE_0001"
"2023";"05";"040115";"AREQUIPA";"AREQUIPA";"QUEQUEÑA";"GOBIERNO REGIONAL";"I-2";"00001286";"PUESTO DE SALUD QUEQUEÑA";"NE_0001";"";"NE_0001";"NE_0001";"NE_0001";"NE_0001";"NE_0001";"NE_0001";"NE_0001"
"2023";"05";"080207";"CUSCO";"ACOMAYO";"SANGARARA";"GOBIERNO REGIONAL";"I-2";"00002325";"PUESTO DE SALUD MARCACONGA";"NE_0002";"";"NE_0002";"NE_0002";"NE_0002";"NE_0002";"NE_0002";"NE_0002";"NE_0002"
"2023";"05";"080201";"CUSCO";"ACOMAYO";"ACOMAYO";"GOBIERNO REGIONAL";"I-4";"00002317";"ACOMAYO";"NE_0002";"";"NE_0002";"NE_0002";"NE_0002";"NE_0002";"NE_0002";"NE_0002";"NE_0002"
"2023";"05";"080205";"CUSCO";"ACOMAYO";"POMACANCHI";"GOBIERNO REGIONAL";"I-4";"00002321";"POMACANCHI";"NE_0002";"";"NE_0002";"NE_0002";"NE_0002";"NE_0002";"NE_0002";"NE_0002";"NE_0002"
"2023";"05";"080205";"CUSCO";"ACOMAYO";"POMACANCHI";"GOBIERNO REGIONAL";"I-1";"00002322";"SAN JUAN DE POMACANCHI";"NE_0002";"";"NE_0002";"NE_0002";"NE_0002";"NE_0002";"NE_0002";"NE_0002";"NE_0002"
"2023";"05";"220511";"SAN MARTIN";"LAMAS";"ZAPATERO";"GOBIERNO REGIONAL";"I-1";"00006405";"BAGAZAN";"NE_0002";"";"NE_0002";"NE_0002";"NE_0002";"NE_0002";"NE_0002";"NE_0002";"NE_0002"
"2023";"05";"220511";"SAN MARTIN";"LAMAS";"ZAPATERO";"GOBIERNO REGIONAL";"I-1";"00006402";"UCHUMULLACA";"NE_0002";"";"NE_0002";"NE_0002";"NE_0002";"NE_0002";"NE_0002";"NE_0002";"NE_0002"
"2023";"05";"220511";"SAN MARTIN";"LAMAS";"ZAPATERO";"GOBIERNO REGIONAL";"I-1";"00006398";"SAN FERNANDO";"NE_0002";"";"NE_0002";"NE_0002";"NE_0002";"NE_0002";"NE_0002";"NE_0002";"NE_0002"
"2023";"05";"220505";"SAN MARTIN";"LAMAS";"CUÑUMBUQUI";"GOBIERNO REGIONAL";"I-3";"00006396";"CUÑUMBUQUE";"241600";"HOSPITALIZACIÓN QUIRÚRGICA OBSTETRICIA   ";"2";"2";"2";"2";"2";"62";"0"
"2023";"04";"120101";"JUNIN";"HUANCAYO";"HUANCAYO";"PRIVADO";"II-2";"00008858";"CLINICA ORTEGA";"240100";"HOSPITALIZACIÓN QUIRÚRGICA CIRUGÍA GENERAL ";"37";"37";"136";"136";"7";"210";"0"
"2023";"04";"120101";"JUNIN";"HUANCAYO";"HUANCAYO";"PRIVADO";"II-2";"00008858";"CLINICA ORTEGA";"240200";"HOSPITALIZACIÓN QUIRÚRGICA CIRUGÍA DE CABEZA Y CUELLO / MÁXILO FACIAL ";"2";"2";"6";"6";"3";"90";"0"
"2023";"04";"120101";"JUNIN";"HUANCAYO";"HUANCAYO";"PRIVADO";"II-2";"00008858";"CLINICA ORTEGA";"240700";"HOSPITALIZACIÓN QUIRÚRGICA CIRUGÍA PEDIÁTRICA ";"2";"2";"2";"2";"3";"90";"0"
"2023";"04";"120101";"JUNIN";"HUANCAYO";"HUANCAYO";"PRIVADO";"II-2";"00008858";"CLINICA ORTEGA";"240900";"HOSPITALIZACIÓN QUIRÚRGICA NEUROCIRUGÍA ";"9";"9";"49";"49";"4";"120";"0"
"2023";"04";"120101";"JUNIN";"HUANCAYO";"HUANCAYO";"PRIVADO";"II-2";"00008858";"CLINICA ORTEGA";"241000";"HOSPITALIZACIÓN QUIRÚRGICA ONCOLOGÍA QUIRÚRGICA  ";"3";"3";"15";"15";"3";"90";"0"
"2023";"04";"120101";"JUNIN";"HUANCAYO";"HUANCAYO";"PRIVADO";"II-2";"00008858";"CLINICA ORTEGA";"241100";"HOSPITALIZACIÓN QUIRÚRGICA OTORRINOLARINGOLOGÍA  ";"2";"2";"3";"3";"3";"90";"0"
"2023";"04";"120101";"JUNIN";"HUANCAYO";"HUANCAYO";"PRIVADO";"II-2";"00008858";"CLINICA ORTEGA";"241200";"HOSPITALIZACIÓN QUIRÚRGICA TRAUMATOLOGÍA Y ORTOPEDIA ";"59";"59";"201";"201";"9";"270";"0"
"2023";"04";"120101";"JUNIN";"HUANCAYO";"HUANCAYO";"PRIVADO";"II-2";"00008858";"CLINICA ORTEGA";"241300";"HOSPITALIZACIÓN QUIRÚRGICA UROLOGÍA  ";"13";"13";"39";"39";"4";"120";"0"
"2023";"04";"120101";"JUNIN";"HUANCAYO";"HUANCAYO";"PRIVADO";"II-2";"00008858";"CLINICA ORTEGA";"241400";"HOSPITALIZACIÓN QUIRÚRGICA GINECO - OBSTETRICIA ";"14";"14";"42";"42";"4";"120";"0"
"2023";"04";"120101";"JUNIN";"HUANCAYO";"HUANCAYO";"PRIVADO";"II-2";"00008858";"CLINICA ORTEGA";"241800";"HOSPITALIZACIÓN DE MEDICINA MEDICINA GENERAL ";"4";"4";"23";"23";"3";"90";"0"
"2023";"04";"120101";"JUNIN";"HUANCAYO";"HUANCAYO";"PRIVADO";"II-2";"00008858";"CLINICA ORTEGA";"241900";"HOSPITALIZACIÓN DE MEDICINA MEDICINA INTERNA ";"36";"36";"144";"144";"7";"210";"3"
"2023";"04";"120101";"JUNIN";"HUANCAYO";"HUANCAYO";"PRIVADO";"II-2";"00008858";"CLINICA ORTEGA";"242300";"HOSPITALIZACIÓN DE PEDIATRÍA  PEDIATRÍA  GENERAL ";"4";"4";"11";"11";"3";"90";"0"
"2023";"04";"120101";"JUNIN";"HUANCAYO";"HUANCAYO";"PRIVADO";"II-2";"00008858";"CLINICA ORTEGA";"242900";"HOSPITALIZACIÓN DE PEDIATRÍA PEDIATRIA GASTROENTEROLOGÍA PEDIÁTRICA";"1";"1";"3";"3";"3";"90";"0"
"2023";"04";"120101";"JUNIN";"HUANCAYO";"HUANCAYO";"PRIVADO";"II-2";"00008858";"CLINICA ORTEGA";"250100";"UNIDAD DE CUIDADOS CRITICOS UNIDAD  DE CUIDADOS INTENSIVOS GENERALES (UCI) ";"2";"2";"5";"5";"3";"90";"1"
"2023";"04";"021602";"ANCASH";"POMABAMBA";"HUAYLLAN";"GOBIERNO REGIONAL";"I-1";"00001774";"PUESTO DE SALUD HUAYCHO";"NE_0001";"";"NE_0001";"NE_0001";"NE_0001";"NE_0001";"NE_0001";"NE_0001";"NE_0001"
"2023";"04";"021307";"ANCASH";"MARISCAL LUZURIAGA";"LUCMA";"GOBIERNO REGIONAL";"I-2";"00001790";"PUESTO DE SALUD LUCMA";"NE_0001";"";"NE_0001";"NE_0001";"NE_0001";"NE_0001";"NE_0001";"NE_0001";"NE_0001"
"2023";"04";"021307";"ANCASH";"MARISCAL LUZURIAGA";"LUCMA";"GOBIERNO REGIONAL";"I-1";"00001791";"PUESTO DE SALUD SECCHA";"NE_0001";"";"NE_0001";"NE_0001";"NE_0001";"NE_0001";"NE_0001";"NE_0001";"NE_0001"
"2023";"04";"021601";"ANCASH";"POMABAMBA";"POMABAMBA";"GOBIERNO REGIONAL";"I-2";"00001768";"PUESTO DE SALUD VILCABAMBA";"NE_0001";"";"NE_0001";"NE_0001";"NE_0001";"NE_0001";"NE_0001";"NE_0001";"NE_0001"
"2023";"04";"021601";"ANCASH";"POMABAMBA";"POMABAMBA";"GOBIERNO REGIONAL";"I-1";"00001766";"PUESTO DE SALUD SOCSI";"NE_0001";"";"NE_0001";"NE_0001";"NE_0001";"NE_0001";"NE_0001";"NE_0001";"NE_0001"
"2023";"04";"021601";"ANCASH";"POMABAMBA";"POMABAMBA";"GOBIERNO REGIONAL";"I-1";"00001767";"PUESTO DE SALUD CHUYAS";"NE_0001";"";"NE_0001";"NE_0001";"NE_0001";"NE_0001";"NE_0001";"NE_0001";"NE_0001"
"2023";"04";"021602";"ANCASH";"POMABAMBA";"HUAYLLAN";"GOBIERNO REGIONAL";"I-1";"00001772";"PUESTO DE SALUD HUAYLLAN";"NE_0001";"";"NE_0001";"NE_0001";"NE_0001";"NE_0001";"NE_0001";"NE_0001";"NE_0001"
"2023";"04";"021602";"ANCASH";"POMABAMBA";"HUAYLLAN";"GOBIERNO REGIONAL";"I-1";"00001773";"PUESTO DE SALUD ACOBAMBA";"NE_0001";"";"NE_0001";"NE_0001";"NE_0001";"NE_0001";"NE_0001";"NE_0001";"NE_0001"
"2023";"04";"021601";"ANCASH";"POMABAMBA";"POMABAMBA";"GOBIERNO REGIONAL";"I-2";"00001769";"PUESTO DE SALUD CONOPA";"NE_0001";"";"NE_0001";"NE_0001";"NE_0001";"NE_0001";"NE_0001";"NE_0001";"NE_0001"
"2023";"04";"021601";"ANCASH";"POMABAMBA";"POMABAMBA";"GOBIERNO REGIONAL";"I-1";"00001770";"PUESTO DE SALUD JANCAPAMPA";"NE_0001";"";"NE_0001";"NE_0001";"NE_0001";"NE_0001";"NE_0001";"NE_0001";"NE_0001"
"2023";"04";"021302";"ANCASH";"MARISCAL LUZURIAGA";"CASCA";"GOBIERNO REGIONAL";"I-2";"00001785";"PUESTO DE SALUD CASCA";"NE_0001";"";"NE_0001";"NE_0001";"NE_0001";"NE_0001";"NE_0001";"NE_0001";"NE_0001"
"2023";"04";"021307";"ANCASH";"MARISCAL LUZURIAGA";"LUCMA";"GOBIERNO REGIONAL";"0";"00017687";"P. S. MASQUI";"NE_0001";"";"NE_0001";"NE_0001";"NE_0001";"NE_0001";"NE_0001";"NE_0001";"NE_0001"
"2023";"04";"150108";"LIMA";"LIMA";"CHORRILLOS";"SANIDAD DE LA POLICIA NACIONAL DEL PERU";"I-3";"00018660";"POLICLINICO POLICIAL SEDE ESCUELA DE OFICIALES";"NE_0001";"";"NE_0001";"NE_0001";"NE_0001";"NE_0001";"NE_0001";"NE_0001";"NE_0001"
"2023";"04";"050509";"AYACUCHO";"LA MAR";"SAMUGARI";"SANIDAD DE LA POLICIA NACIONAL DEL PERU";"I-2";"00027203";"PUESTO DE SALUD PNP PALMAPAMPA";"NE_0002";"";"NE_0002";"NE_0002";"NE_0002";"NE_0002";"NE_0002";"NE_0002";"NE_0002"
"2023";"04";"060807";"CAJAMARCA";"JAEN";"POMAHUACA";"GOBIERNO REGIONAL";"I-1";"00016134";"COLAGUAY";"NE_0001";"";"NE_0001";"NE_0001";"NE_0001";"NE_0001";"NE_0001";"NE_0001";"NE_0001"
"2023";"04";"060807";"CAJAMARCA";"JAEN";"POMAHUACA";"GOBIERNO REGIONAL";"I-1";"00027935";"TAYAS";"NE_0001";"";"NE_0001";"NE_0001";"NE_0001";"NE_0001";"NE_0001";"NE_0001";"NE_0001"
"2023";"04";"060807";"CAJAMARCA";"JAEN";"POMAHUACA";"GOBIERNO REGIONAL";"I-3";"00004247";"POMAHUACA";"NE_0001";"";"NE_0001";"NE_0001";"NE_0001";"NE_0001";"NE_0001";"NE_0001";"NE_0001"
"2023";"04";"060807";"CAJAMARCA";"JAEN";"POMAHUACA";"GOBIERNO REGIONAL";"I-1";"00016139";"YAMBOLON";"NE_0001";"";"NE_0001";"NE_0001";"NE_0001";"NE_0001";"NE_0001";"NE_0001";"NE_0001"
"2023";"04";"060807";"CAJAMARCA";"JAEN";"POMAHUACA";"GOBIERNO REGIONAL";"I-1";"00007166";"MANGAYPA";"NE_0001";"";"NE_0001";"NE_0001";"NE_0001";"NE_0001";"NE_0001";"NE_0001";"NE_0001"
"2023";"04";"040126";"AREQUIPA";"AREQUIPA";"YANAHUARA";"PRIVADO";"II-E";"00025732";"NOVA CLINICA QUIRURGICA";"240800";"HOSPITALIZACIÓN QUIRÚRGICA CIRUGÍA PLÁSTICA/RECONSTRUCTIVA/ REPARADORA ";"8";"8";"8";"8";"3";"62";"0"
"2023";"04";"061112";"CAJAMARCA";"SAN MIGUEL";"TONGOD";"GOBIERNO REGIONAL";"I-1";"00007085";"PISIT";"NE_0001";"";"NE_0001";"NE_0001";"NE_0001";"NE_0001";"NE_0001";"NE_0001";"NE_0001"
"2023";"04";"061112";"CAJAMARCA";"SAN MIGUEL";"TONGOD";"GOBIERNO REGIONAL";"I-1";"00008751";"LA CORONILLA";"NE_0001";"";"NE_0001";"NE_0001";"NE_0001";"NE_0001";"NE_0001";"NE_0001";"NE_0001"
"2023";"04";"061112";"CAJAMARCA";"SAN MIGUEL";"TONGOD";"GOBIERNO REGIONAL";"I-3";"00004607";"TONGOD";"NE_0001";"";"NE_0001";"NE_0001";"NE_0001";"NE_0001";"NE_0001";"NE_0001";"NE_0001"
"2023";"04";"130201";"LA LIBERTAD";"ASCOPE";"ASCOPE";"GOBIERNO REGIONAL";"II-1";"00005263";"HOSPITAL PROVINCIAL ASCOPE ""ROSA SANCHEZ DE SANTILLAN""";"241400";"HOSPITALIZACIÓN QUIRÚRGICA GINECO - OBSTETRICIA ";"20";"20";"42";"20";"1";"30";"0"
"2023";"04";"130201";"LA LIBERTAD";"ASCOPE";"ASCOPE";"GOBIERNO REGIONAL";"II-1";"00005263";"HOSPITAL PROVINCIAL ASCOPE ""ROSA SANCHEZ DE SANTILLAN""";"241600";"HOSPITALIZACIÓN QUIRÚRGICA OBSTETRICIA   ";"12";"13";"13";"13";"3";"90";"0"
"2023";"04";"130201";"LA LIBERTAD";"ASCOPE";"ASCOPE";"GOBIERNO REGIONAL";"II-1";"00005263";"HOSPITAL PROVINCIAL ASCOPE ""ROSA SANCHEZ DE SANTILLAN""";"241800";"HOSPITALIZACIÓN DE MEDICINA MEDICINA GENERAL ";"10";"11";"53";"11";"15";"450";"2"
"2023";"04";"130201";"LA LIBERTAD";"ASCOPE";"ASCOPE";"GOBIERNO REGIONAL";"II-1";"00005263";"HOSPITAL PROVINCIAL ASCOPE ""ROSA SANCHEZ DE SANTILLAN""";"242500";"HOSPITALIZACIÓN-PEDIATRÍA GENERAL-";"1";"1";"4";"1";"1";"30";"0"
"2023";"04";"110101";"ICA";"ICA";"ICA";"PRIVADO";"II-1";"00018450";"CLÍNICA S. MORALES S.R.L";"241200";"HOSPITALIZACIÓN QUIRÚRGICA TRAUMATOLOGÍA Y ORTOPEDIA ";"13";"13";"21";"13";"6";"186";"0"
"2023";"04";"160101";"LORETO";"MAYNAS";"IQUITOS";"PRIVADO";"I-3";"00012075";"SARLOR";"NE_0002";"";"NE_0002";"NE_0002";"NE_0002";"NE_0002";"NE_0002";"NE_0002";"NE_0002"
"2023";"04";"130105";"LA LIBERTAD";"TRUJILLO";"LA ESPERANZA";"ESSALUD";"II-1";"00009040";"HOSPITAL I - LA ESPERANZA";"241800";"HOSPITALIZACIÓN DE MEDICINA MEDICINA GENERAL ";"55";"53";"182";"212";"10";"300";"0"
"2023";"04";"150201";"LIMA";"BARRANCA";"BARRANCA";"GOBIERNO REGIONAL";"II-2";"00007635";"HOSPITAL DE BARRANCA";"241800";"HOSPITALIZACIÓN DE MEDICINA MEDICINA GENERAL ";"43";"68";"588";"436";"25";"750";"1"
"2023";"04";"150201";"LIMA";"BARRANCA";"BARRANCA";"GOBIERNO REGIONAL";"II-2";"00007635";"HOSPITAL DE BARRANCA";"242500";"HOSPITALIZACIÓN-PEDIATRÍA GENERAL-";"48";"52";"224";"267";"20";"600";"0"
"2023";"04";"150201";"LIMA";"BARRANCA";"BARRANCA";"GOBIERNO REGIONAL";"II-2";"00007635";"HOSPITAL DE BARRANCA";"243200";"HOSPITALIZACIÓN DE PEDIATRÍA PEDIATRIA NEONATOLOGÍA";"95";"100";"136";"153";"22";"660";"0"
"2023";"04";"150201";"LIMA";"BARRANCA";"BARRANCA";"GOBIERNO REGIONAL";"II-2";"00007635";"HOSPITAL DE BARRANCA";"250103";"UNIDAD DE CUIDADOS CRITICOS UNIDAD  DE CUIDADOS INTENSIVOS GENERALES  (UCI) MEDICINA";"0";"1";"2";"72";"4";"120";"0"
"2023";"04";"150201";"LIMA";"BARRANCA";"BARRANCA";"GOBIERNO REGIONAL";"II-2";"00007635";"HOSPITAL DE BARRANCA";"250108";"UNIDAD DE CUIDADOS CRITICOS UNIDAD  DE CUIDADOS INTENSIVOS  (UCI) PEDIÁTRICA";"0";"1";"21";"48";"7";"210";"0"
"2023";"04";"150113";"LIMA";"LIMA";"JESUS MARIA";"PRIVADO";"II-E";"00020346";"CLINICA SANTA BEATRIZ";"240000";"HOSPITALIZACIÓN";"247";"246";"280";"318";"22";"442";"0"
"2023";"04";"080701";"CUSCO";"CHUMBIVILCAS";"SANTO TOMAS";"GOBIERNO REGIONAL";"II-1";"00002398";"SANTO TOMAS";"240100";"HOSPITALIZACIÓN QUIRÚRGICA CIRUGÍA GENERAL ";"47";"45";"168";"125";"6";"180";"0"
"2023";"04";"080701";"CUSCO";"CHUMBIVILCAS";"SANTO TOMAS";"GOBIERNO REGIONAL";"II-1";"00002398";"SANTO TOMAS";"241400";"HOSPITALIZACIÓN QUIRÚRGICA GINECO - OBSTETRICIA ";"52";"51";"124";"85";"4";"120";"0"
"2023";"04";"080701";"CUSCO";"CHUMBIVILCAS";"SANTO TOMAS";"GOBIERNO REGIONAL";"II-1";"00002398";"SANTO TOMAS";"241600";"HOSPITALIZACIÓN QUIRÚRGICA OBSTETRICIA   ";"46";"45";"83";"145";"7";"210";"0"
"2023";"04";"080701";"CUSCO";"CHUMBIVILCAS";"SANTO TOMAS";"GOBIERNO REGIONAL";"II-1";"00002398";"SANTO TOMAS";"241800";"HOSPITALIZACIÓN DE MEDICINA MEDICINA GENERAL ";"13";"13";"58";"130";"6";"180";"0"
"2023";"04";"080701";"CUSCO";"CHUMBIVILCAS";"SANTO TOMAS";"GOBIERNO REGIONAL";"II-1";"00002398";"SANTO TOMAS";"242500";"HOSPITALIZACIÓN-PEDIATRÍA GENERAL-";"9";"8";"29";"95";"4";"120";"0"
"2023";"04";"080701";"CUSCO";"CHUMBIVILCAS";"SANTO TOMAS";"GOBIERNO REGIONAL";"II-1";"00002398";"SANTO TOMAS";"243200";"HOSPITALIZACIÓN DE PEDIATRÍA PEDIATRIA NEONATOLOGÍA";"1";"1";"2";"58";"3";"90";"0"
"2023";"04";"140101";"LAMBAYEQUE";"CHICLAYO";"CHICLAYO";"PRIVADO";"II-E";"00017589";"INSTITUTO OFTALMOLÓGICO LA LUZ SAC";"NE_0001";"";"NE_0001";"NE_0001";"NE_0001";"NE_0001";"NE_0001";"NE_0001";"NE_0001"
"2023";"04";"130111";"LA LIBERTAD";"TRUJILLO";"VICTOR LARCO HERRERA";"PRIVADO";"II-1";"00026935";"CLÍNICA FÁTIMA";"240100";"HOSPITALIZACIÓN QUIRÚRGICA CIRUGÍA GENERAL ";"2";"2";"33";"33";"6";"180";"0"
"2023";"04";"140201";"LAMBAYEQUE";"FERREÑAFE";"FERREÑAFE";"GOBIERNO REGIONAL";"II-1";"00004440";"HOSPITAL PROVINCIA DE FERREÑAFE (HP_F)";"241600";"HOSPITALIZACIÓN QUIRÚRGICA OBSTETRICIA   ";"52";"51";"57";"84";"11";"330";"0"
"2023";"04";"140201";"LAMBAYEQUE";"FERREÑAFE";"FERREÑAFE";"GOBIERNO REGIONAL";"II-1";"00004440";"HOSPITAL PROVINCIA DE FERREÑAFE (HP_F)";"240000";"HOSPITALIZACIÓN";"98";"100";"303";"292";"17";"510";"0"
"2023";"04";"150103";"LIMA";"LIMA";"ATE";"ESSALUD";"II-1";"00008353";"HOSPITAL II VITARTE - ESSALUD";"241800";"HOSPITALIZACIÓN DE MEDICINA MEDICINA GENERAL ";"82";"94";"866";"723";"30";"900";"15"
"2023";"04";"150103";"LIMA";"LIMA";"ATE";"ESSALUD";"II-1";"00008353";"HOSPITAL II VITARTE - ESSALUD";"240100";"HOSPITALIZACIÓN QUIRÚRGICA CIRUGÍA GENERAL ";"161";"169";"360";"344";"12";"360";"0"
"2023";"04";"150103";"LIMA";"LIMA";"ATE";"ESSALUD";"II-1";"00008353";"HOSPITAL II VITARTE - ESSALUD";"241300";"HOSPITALIZACIÓN QUIRÚRGICA UROLOGÍA  ";"5";"5";"21";"23";"3";"90";"0"
"2023";"04";"150103";"LIMA";"LIMA";"ATE";"ESSALUD";"II-1";"00008353";"HOSPITAL II VITARTE - ESSALUD";"241200";"HOSPITALIZACIÓN QUIRÚRGICA TRAUMATOLOGÍA Y ORTOPEDIA ";"68";"70";"244";"179";"6";"180";"0"
"2023";"04";"150103";"LIMA";"LIMA";"ATE";"ESSALUD";"II-1";"00008353";"HOSPITAL II VITARTE - ESSALUD";"241500";"HOSPITALIZACIÓN QUIRÚRGICA GINECOLOGÍA  ";"27";"30";"76";"68";"6";"180";"0"
"2023";"04";"150103";"LIMA";"LIMA";"ATE";"ESSALUD";"II-1";"00008353";"HOSPITAL II VITARTE - ESSALUD";"242300";"HOSPITALIZACIÓN DE PEDIATRÍA  PEDIATRÍA  GENERAL ";"64";"64";"223";"221";"9";"270";"0"
"2023";"04";"150103";"LIMA";"LIMA";"ATE";"ESSALUD";"II-1";"00008353";"HOSPITAL II VITARTE - ESSALUD";"250100";"UNIDAD DE CUIDADOS CRITICOS UNIDAD  DE CUIDADOS INTENSIVOS GENERALES (UCI) ";"2";"2";"27";"87";"3";"90";"0"
"2023";"04";"061001";"CAJAMARCA";"SAN MARCOS";"PEDRO GALVEZ";"ESSALUD";"I-2";"00010275";"POSTA MEDICA DE SAN MARCOS";"NE_0001";"";"NE_0001";"NE_0001";"NE_0001";"NE_0001";"NE_0001";"NE_0001";"NE_0001"
"2023";"04";"220101";"SAN MARTIN";"MOYOBAMBA";"MOYOBAMBA";"GOBIERNO REGIONAL";"I-1";"00006316";"TAHUISHCO";"NE_0002";"";"NE_0002";"NE_0002";"NE_0002";"NE_0002";"NE_0002";"NE_0002";"NE_0002"
"2023";"04";"220101";"SAN MARTIN";"MOYOBAMBA";"MOYOBAMBA";"GOBIERNO REGIONAL";"I-1";"00006313";"MARONA";"NE_0002";"";"NE_0002";"NE_0002";"NE_0002";"NE_0002";"NE_0002";"NE_0002";"NE_0002"
"2023";"04";"220104";"SAN MARTIN";"MOYOBAMBA";"JEPELACIO";"GOBIERNO REGIONAL";"I-1";"00006317";"SAN MATEO";"NE_0002";"";"NE_0002";"NE_0002";"NE_0002";"NE_0002";"NE_0002";"NE_0002";"NE_0002"
"2023";"04";"220101";"SAN MARTIN";"MOYOBAMBA";"MOYOBAMBA";"GOBIERNO REGIONAL";"I-1";"00010110";"LA FLOR DE LA PRIMAVERA";"NE_0002";"";"NE_0002";"NE_0002";"NE_0002";"NE_0002";"NE_0002";"NE_0002";"NE_0002"
"2023";"04";"220101";"SAN MARTIN";"MOYOBAMBA";"MOYOBAMBA";"GOBIERNO REGIONAL";"I-1";"00006707";"CORDILLERA ANDINA";"NE_0002";"";"NE_0002";"NE_0002";"NE_0002";"NE_0002";"NE_0002";"NE_0002";"NE_0002"
"2023";"04";"220101";"SAN MARTIN";"MOYOBAMBA";"MOYOBAMBA";"GOBIERNO REGIONAL";"I-2";"00031276";"LA PRIMAVERA";"NE_0002";"";"NE_0002";"NE_0002";"NE_0002";"NE_0002";"NE_0002";"NE_0002";"NE_0002"
"2023";"04";"220101";"SAN MARTIN";"MOYOBAMBA";"MOYOBAMBA";"GOBIERNO REGIONAL";"I-3";"00006312";"LLUYLLUCUCHA";"NE_0002";"";"NE_0002";"NE_0002";"NE_0002";"NE_0002";"NE_0002";"NE_0002";"NE_0002"
"2023";"04";"060101";"CAJAMARCA";"CAJAMARCA";"CAJAMARCA";"ESSALUD";"II-2";"00010272";"HOSPITAL II CAJAMARCA";"241800";"HOSPITALIZACIÓN DE MEDICINA MEDICINA GENERAL ";"41";"41";"541";"487";"17";"510";"3"
"2023";"04";"060101";"CAJAMARCA";"CAJAMARCA";"CAJAMARCA";"ESSALUD";"II-2";"00010272";"HOSPITAL II CAJAMARCA";"240100";"HOSPITALIZACIÓN QUIRÚRGICA CIRUGÍA GENERAL ";"133";"125";"350";"374";"14";"420";"0"
"2023";"04";"060101";"CAJAMARCA";"CAJAMARCA";"CAJAMARCA";"ESSALUD";"II-2";"00010272";"HOSPITAL II CAJAMARCA";"241500";"HOSPITALIZACIÓN QUIRÚRGICA GINECOLOGÍA  ";"31";"35";"94";"83";"4";"120";"0"
"2023";"04";"060101";"CAJAMARCA";"CAJAMARCA";"CAJAMARCA";"ESSALUD";"II-2";"00010272";"HOSPITAL II CAJAMARCA";"241600";"HOSPITALIZACIÓN QUIRÚRGICA OBSTETRICIA   ";"134";"135";"270";"267";"16";"480";"0"
"2023";"04";"060101";"CAJAMARCA";"CAJAMARCA";"CAJAMARCA";"ESSALUD";"II-2";"00010272";"HOSPITAL II CAJAMARCA";"242300";"HOSPITALIZACIÓN DE PEDIATRÍA  PEDIATRÍA  GENERAL ";"40";"34";"123";"129";"7";"210";"0"
"2023";"04";"060101";"CAJAMARCA";"CAJAMARCA";"CAJAMARCA";"ESSALUD";"II-2";"00010272";"HOSPITAL II CAJAMARCA";"243200";"HOSPITALIZACIÓN DE PEDIATRÍA PEDIATRIA NEONATOLOGÍA";"24";"26";"53";"48";"6";"180";"0"
"2023";"04";"060101";"CAJAMARCA";"CAJAMARCA";"CAJAMARCA";"ESSALUD";"II-2";"00010272";"HOSPITAL II CAJAMARCA";"250100";"UNIDAD DE CUIDADOS CRITICOS UNIDAD  DE CUIDADOS INTENSIVOS GENERALES (UCI) ";"3";"0";"57";"168";"6";"180";"0"
"2023";"04";"150101";"LIMA";"LIMA";"LIMA";"MINSA";"III-2";"00006208";"INSTITUTO NACIONAL MATERNO PERINATAL";"241400";"HOSPITALIZACIÓN QUIRÚRGICA GINECO - OBSTETRICIA ";"1299";"1223";"4240";"5088";"210";"6300";"0"
"2023";"04";"150101";"LIMA";"LIMA";"LIMA";"MINSA";"III-2";"00006208";"INSTITUTO NACIONAL MATERNO PERINATAL";"241500";"HOSPITALIZACIÓN QUIRÚRGICA GINECOLOGÍA  ";"97";"88";"369";"431";"19";"570";"0"
"2023";"04";"150101";"LIMA";"LIMA";"LIMA";"MINSA";"III-2";"00006208";"INSTITUTO NACIONAL MATERNO PERINATAL";"250102";"UNIDAD DE CUIDADOS CRITICOS UNIDAD  DE CUIDADOS INTENSIVOS GENERALES (UCI) GINECO-OBSTETRICIA";"44";"38";"144";"214";"9";"270";"0"
"2023";"04";"150101";"LIMA";"LIMA";"LIMA";"MINSA";"III-2";"00006208";"INSTITUTO NACIONAL MATERNO PERINATAL";"250105";"UNIDAD DE CUIDADOS CRITICOS UNIDAD  DE CUIDADOS INTENSIVOS  (UCI) NEONATOLOGÍA";"66";"52";"993";"889";"30";"900";"4"
"2023";"04";"150101";"LIMA";"LIMA";"LIMA";"MINSA";"III-2";"00006208";"INSTITUTO NACIONAL MATERNO PERINATAL";"243200";"HOSPITALIZACIÓN DE PEDIATRÍA PEDIATRIA NEONATOLOGÍA";"269";"258";"2566";"2466";"85";"2550";"7"
"2023";"04";"150601";"LIMA";"HUARAL";"HUARAL";"GOBIERNO REGIONAL";"II-2";"00007637";"HOSPITAL SAN JUAN BAUTISTA HUARAL";"240100";"HOSPITALIZACIÓN QUIRÚRGICA CIRUGÍA GENERAL ";"69";"78";"212";"65";"11";"330";"1"
"2023";"04";"150601";"LIMA";"HUARAL";"HUARAL";"GOBIERNO REGIONAL";"II-2";"00007637";"HOSPITAL SAN JUAN BAUTISTA HUARAL";"241200";"HOSPITALIZACIÓN QUIRÚRGICA TRAUMATOLOGÍA Y ORTOPEDIA ";"10";"21";"299";"19";"8";"240";"0"
"2023";"04";"150601";"LIMA";"HUARAL";"HUARAL";"GOBIERNO REGIONAL";"II-2";"00007637";"HOSPITAL SAN JUAN BAUTISTA HUARAL";"241400";"HOSPITALIZACIÓN QUIRÚRGICA GINECO - OBSTETRICIA ";"135";"144";"275";"121";"25";"750";"0"
"2023";"04";"150601";"LIMA";"HUARAL";"HUARAL";"GOBIERNO REGIONAL";"II-2";"00007637";"HOSPITAL SAN JUAN BAUTISTA HUARAL";"241500";"HOSPITALIZACIÓN QUIRÚRGICA GINECOLOGÍA  ";"17";"21";"64";"38";"2";"60";"0"
"2023";"04";"150601";"LIMA";"HUARAL";"HUARAL";"GOBIERNO REGIONAL";"II-2";"00007637";"HOSPITAL SAN JUAN BAUTISTA HUARAL";"241800";"HOSPITALIZACIÓN DE MEDICINA MEDICINA GENERAL ";"57";"77";"447";"58";"14";"420";"9"
"2023";"04";"150601";"LIMA";"HUARAL";"HUARAL";"GOBIERNO REGIONAL";"II-2";"00007637";"HOSPITAL SAN JUAN BAUTISTA HUARAL";"242500";"HOSPITALIZACIÓN-PEDIATRÍA GENERAL-";"14";"19";"63";"22";"5";"150";"0"
"2023";"04";"150601";"LIMA";"HUARAL";"HUARAL";"GOBIERNO REGIONAL";"II-2";"00007637";"HOSPITAL SAN JUAN BAUTISTA HUARAL";"243200";"HOSPITALIZACIÓN DE PEDIATRÍA PEDIATRIA NEONATOLOGÍA";"19";"21";"73";"18";"5";"150";"0"
"2023";"04";"150601";"LIMA";"HUARAL";"HUARAL";"GOBIERNO REGIONAL";"II-2";"00007637";"HOSPITAL SAN JUAN BAUTISTA HUARAL";"250103";"UNIDAD DE CUIDADOS CRITICOS UNIDAD  DE CUIDADOS INTENSIVOS GENERALES  (UCI) MEDICINA";"7";"12";"98";"15";"8";"240";"1"
"2023";"04";"150601";"LIMA";"HUARAL";"HUARAL";"GOBIERNO REGIONAL";"II-2";"00007637";"HOSPITAL SAN JUAN BAUTISTA HUARAL";"250105";"UNIDAD DE CUIDADOS CRITICOS UNIDAD  DE CUIDADOS INTENSIVOS  (UCI) NEONATOLOGÍA";"2";"2";"6";"5";"2";"60";"0"
"2023";"03";"040107";"AREQUIPA";"AREQUIPA";"JACOBO HUNTER";"GOBIERNO REGIONAL";"I-4";"00001259";"CENTRO DE SALUD JAVIER LLOSA GARCIA -  HUNTER";"241600";"HOSPITALIZACIÓN QUIRÚRGICA OBSTETRICIA   ";"16";"16";"16";"1";"15";"16";"0"
"2023";"03";"040107";"AREQUIPA";"AREQUIPA";"JACOBO HUNTER";"GOBIERNO REGIONAL";"I-2";"00001276";"PUESTO DE SALUD CAMINOS DEL INCA";"NE_0001";"";"NE_0001";"NE_0001";"NE_0001";"NE_0001";"NE_0001";"NE_0001";"NE_0001"
"2023";"03";"040107";"AREQUIPA";"AREQUIPA";"JACOBO HUNTER";"GOBIERNO REGIONAL";"I-2";"00001274";"PUESTO DE SALUD AMPLIACION PAMPAS DEL CUZCO";"NE_0001";"";"NE_0001";"NE_0001";"NE_0001";"NE_0001";"NE_0001";"NE_0001";"NE_0001"
"2023";"03";"040107";"AREQUIPA";"AREQUIPA";"JACOBO HUNTER";"GOBIERNO REGIONAL";"I-2";"00001277";"PUESTO DE SALUD ALTO ALIANZA";"NE_0001";"";"NE_0001";"NE_0001";"NE_0001";"NE_0001";"NE_0001";"NE_0001";"NE_0001"
"2023";"03";"040107";"AREQUIPA";"AREQUIPA";"JACOBO HUNTER";"GOBIERNO REGIONAL";"I-3";"00001279";"PUESTO DE SALUD UPIS PAISAJISTA";"NE_0001";"";"NE_0001";"NE_0001";"NE_0001";"NE_0001";"NE_0001";"NE_0001";"NE_0001"
"2023";"03";"040107";"AREQUIPA";"AREQUIPA";"JACOBO HUNTER";"GOBIERNO REGIONAL";"I-2";"00001275";"PUESTO DE SALUD CHILPINILLA";"NE_0001";"";"NE_0001";"NE_0001";"NE_0001";"NE_0001";"NE_0001";"NE_0001";"NE_0001"
"2023";"03";"040107";"AREQUIPA";"AREQUIPA";"JACOBO HUNTER";"MINSA";"I-3";"00031488";"CENTRO DE SALUD MENTAL COMUNITARIO HUNTER";"NE_0001";"";"NE_0001";"NE_0001";"NE_0001";"NE_0001";"NE_0001";"NE_0001";"NE_0001"
"2023";"04";"150133";"LIMA";"LIMA";"SAN JUAN DE MIRAFLORES";"PRIVADO";"II-E";"00028244";"CLINICA SAGRADA FAMILIA DEL SUR";"240000";"HOSPITALIZACIÓN";"11";"11";"19";"25";"6";"27";"0"
"2023";"05";"240101";"TUMBES";"TUMBES";"TUMBES";"SANIDAD DE LA POLICIA NACIONAL DEL PERU";"I-3";"00012088";"POLICLINICO POLICIAL ""LA CRUZ"" TUMBES";"NE_0001";"";"NE_0001";"NE_0001";"NE_0001";"NE_0001";"NE_0001";"NE_0001";"NE_0001"
"2023";"05";"100601";"HUANUCO";"LEONCIO PRADO";"RUPA-RUPA";"SANIDAD DE LA POLICIA NACIONAL DEL PERU";"I-2";"00015771";"POSTA MEDICA POLICIAL TINGO MARIA";"NE_0001";"";"NE_0001";"NE_0001";"NE_0001";"NE_0001";"NE_0001";"NE_0001";"NE_0001"
"2023";"05";"190113";"PASCO";"PASCO";"YANACANCHA";"SANIDAD DE LA POLICIA NACIONAL DEL PERU";"I-2";"00011773";"POSTA MEDICA PNP CERRO DE PASCO";"NE_0001";"";"NE_0001";"NE_0001";"NE_0001";"NE_0001";"NE_0001";"NE_0001";"NE_0001"
"2023";"05";"051107";"AYACUCHO";"VILCAS HUAMAN";"SAURAMA";"GOBIERNO REGIONAL";"I-1";"00003846";"PUESTO DE SALUD SAURAMA";"NE_0001";"";"NE_0001";"NE_0001";"NE_0001";"NE_0001";"NE_0001";"NE_0001";"NE_0001"
"2023";"05";"051108";"AYACUCHO";"VILCAS HUAMAN";"VISCHONGO";"GOBIERNO REGIONAL";"I-3";"00006609";"CENTRO DE SALUD VISCHONGO";"NE_0001";"";"NE_0001";"NE_0001";"NE_0001";"NE_0001";"NE_0001";"NE_0001";"NE_0001"
"2023";"05";"051108";"AYACUCHO";"VILCAS HUAMAN";"VISCHONGO";"GOBIERNO REGIONAL";"I-1";"00006612";"PUESTO DE SALUD PALLCCACANCHA";"NE_0001";"";"NE_0001";"NE_0001";"NE_0001";"NE_0001";"NE_0001";"NE_0001";"NE_0001"
"2023";"05";"051106";"AYACUCHO";"VILCAS HUAMAN";"INDEPENDENCIA";"GOBIERNO REGIONAL";"I-1";"00021259";"PUESTO DE SALUD OCCO";"NE_0001";"";"NE_0001";"NE_0001";"NE_0001";"NE_0001";"NE_0001";"NE_0001";"NE_0001"
"2023";"05";"051103";"AYACUCHO";"VILCAS HUAMAN";"CARHUANCA";"GOBIERNO REGIONAL";"I-2";"00003845";"PUESTO DE SALUD CARHUANCA";"NE_0001";"";"NE_0001";"NE_0001";"NE_0001";"NE_0001";"NE_0001";"NE_0001";"NE_0001"
"2023";"05";"051108";"AYACUCHO";"VILCAS HUAMAN";"VISCHONGO";"GOBIERNO REGIONAL";"I-1";"00006613";"PUESTO DE SALUD PATAHUASI";"NE_0001";"";"NE_0001";"NE_0001";"NE_0001";"NE_0001";"NE_0001";"NE_0001";"NE_0001"
"2023";"05";"051105";"AYACUCHO";"VILCAS HUAMAN";"HUAMBALPA";"GOBIERNO REGIONAL";"I-1";"00006606";"PUESTO DE SALUD SAN ANTONIO DE COCHAS";"NE_0001";"";"NE_0001";"NE_0001";"NE_0001";"NE_0001";"NE_0001";"NE_0001";"NE_0001"
"2023";"05";"051101";"AYACUCHO";"VILCAS HUAMAN";"VILCAS HUAMAN";"GOBIERNO REGIONAL";"I-1";"00011416";"PUESTO DE SALUD COLPAPAMPA";"NE_0001";"";"NE_0001";"NE_0001";"NE_0001";"NE_0001";"NE_0001";"NE_0001";"NE_0001"
"2023";"05";"051101";"AYACUCHO";"VILCAS HUAMAN";"VILCAS HUAMAN";"GOBIERNO REGIONAL";"I-1";"00003848";"PUESTO DE SALUD HUACCAÑA";"NE_0001";"";"NE_0001";"NE_0001";"NE_0001";"NE_0001";"NE_0001";"NE_0001";"NE_0001"
"2023";"05";"051101";"AYACUCHO";"VILCAS HUAMAN";"VILCAS HUAMAN";"GOBIERNO REGIONAL";"I-1";"00003850";"PUESTO DE SALUD SAN FRANCISCO DE PUJAS";"NE_0001";"";"NE_0001";"NE_0001";"NE_0001";"NE_0001";"NE_0001";"NE_0001";"NE_0001"
"2023";"05";"051102";"AYACUCHO";"VILCAS HUAMAN";"ACCOMARCA";"GOBIERNO REGIONAL";"I-1";"00003843";"PUESTO DE SALUD PONGOCOCHA";"NE_0001";"";"NE_0001";"NE_0001";"NE_0001";"NE_0001";"NE_0001";"NE_0001";"NE_0001"
"2023";"05";"051104";"AYACUCHO";"VILCAS HUAMAN";"CONCEPCION";"GOBIERNO REGIONAL";"I-1";"00003851";"PUESTO DE SALUD SAN ANTONIO ASTANYA";"NE_0001";"";"NE_0001";"NE_0001";"NE_0001";"NE_0001";"NE_0001";"NE_0001";"NE_0001"
"2023";"05";"051108";"AYACUCHO";"VILCAS HUAMAN";"VISCHONGO";"GOBIERNO REGIONAL";"I-1";"00006614";"PUESTO DE SALUD POMACOCHA";"NE_0001";"";"NE_0001";"NE_0001";"NE_0001";"NE_0001";"NE_0001";"NE_0001";"NE_0001"
"2023";"05";"051108";"AYACUCHO";"VILCAS HUAMAN";"VISCHONGO";"GOBIERNO REGIONAL";"I-1";"00027647";"PUESTO DE SALUD SAN LORENZO DE ÑUÑUNHUAYCCO";"NE_0001";"";"NE_0001";"NE_0001";"NE_0001";"NE_0001";"NE_0001";"NE_0001";"NE_0001"
"2023";"05";"051102";"AYACUCHO";"VILCAS HUAMAN";"ACCOMARCA";"GOBIERNO REGIONAL";"I-2";"00003841";"PUESTO DE SALUD ACCOMARCA";"NE_0001";"";"NE_0001";"NE_0001";"NE_0001";"NE_0001";"NE_0001";"NE_0001";"NE_0001"
"2023";"05";"051102";"AYACUCHO";"VILCAS HUAMAN";"ACCOMARCA";"GOBIERNO REGIONAL";"I-1";"00003842";"PUESTO DE SALUD HUARCAS";"NE_0001";"";"NE_0001";"NE_0001";"NE_0001";"NE_0001";"NE_0001";"NE_0001";"NE_0001"
"2023";"05";"051101";"AYACUCHO";"VILCAS HUAMAN";"VILCAS HUAMAN";"GOBIERNO REGIONAL";"I-4";"00003847";"CENTRO DE SALUD VILCASHUAMAN";"NE_0001";"";"NE_0001";"NE_0001";"NE_0001";"NE_0001";"NE_0001";"NE_0001";"NE_0001"
"2023";"05";"051106";"AYACUCHO";"VILCAS HUAMAN";"INDEPENDENCIA";"GOBIERNO REGIONAL";"I-2";"00003844";"PUESTO DE SALUD PACCHAHUALLHUA";"NE_0001";"";"NE_0001";"NE_0001";"NE_0001";"NE_0001";"NE_0001";"NE_0001";"NE_0001"
"2023";"05";"051101";"AYACUCHO";"VILCAS HUAMAN";"VILCAS HUAMAN";"GOBIERNO REGIONAL";"I-1";"00003849";"POMATAMBO";"NE_0001";"";"NE_0001";"NE_0001";"NE_0001";"NE_0001";"NE_0001";"NE_0001";"NE_0001"
"2023";"05";"051104";"AYACUCHO";"VILCAS HUAMAN";"CONCEPCION";"GOBIERNO REGIONAL";"I-2";"00003852";"PUESTO DE SALUD CONCEPCION";"NE_0001";"";"NE_0001";"NE_0001";"NE_0001";"NE_0001";"NE_0001";"NE_0001";"NE_0001"
"2023";"05";"051105";"AYACUCHO";"VILCAS HUAMAN";"HUAMBALPA";"GOBIERNO REGIONAL";"I-2";"00006605";"PUESTO DE SALUD HUAMBALPA";"NE_0001";"";"NE_0001";"NE_0001";"NE_0001";"NE_0001";"NE_0001";"NE_0001";"NE_0001"
"2023";"05";"051108";"AYACUCHO";"VILCAS HUAMAN";"VISCHONGO";"GOBIERNO REGIONAL";"I-1";"00006611";"PUESTO DE SALUD DE CHIRIBAMBA";"NE_0001";"";"NE_0001";"NE_0001";"NE_0001";"NE_0001";"NE_0001";"NE_0001";"NE_0001"
"2023";"05";"090206";"HUANCAVELICA";"ACOBAMBA";"PAUCARA";"GOBIERNO REGIONAL";"I-1";"00009696";"PUESTO DE SALUD LIBERTADORES DE CHOPCCA";"NE_0001";"";"NE_0001";"NE_0001";"NE_0001";"NE_0001";"NE_0001";"NE_0001";"NE_0001"
"2023";"05";"090206";"HUANCAVELICA";"ACOBAMBA";"PAUCARA";"GOBIERNO REGIONAL";"I-3";"00003931";"TINQUERCCASA";"NE_0001";"";"NE_0001";"NE_0001";"NE_0001";"NE_0001";"NE_0001";"NE_0001";"NE_0001"
"2023";"05";"090206";"HUANCAVELICA";"ACOBAMBA";"PAUCARA";"GOBIERNO REGIONAL";"I-1";"00003932";"PUESTO DE SALUD HUACHHUA";"NE_0001";"";"NE_0001";"NE_0001";"NE_0001";"NE_0001";"NE_0001";"NE_0001";"NE_0001"
"2023";"05";"090206";"HUANCAVELICA";"ACOBAMBA";"PAUCARA";"GOBIERNO REGIONAL";"I-2";"00006823";"PUESTO DE SALUD CHOPCCAPAMPA";"NE_0001";"";"NE_0001";"NE_0001";"NE_0001";"NE_0001";"NE_0001";"NE_0001";"NE_0001"
"2023";"05";"060601";"CAJAMARCA";"CUTERVO";"CUTERVO";"GOBIERNO REGIONAL";"II-1";"00004981";"SANTA MARIA DE CUTERVO";"240100";"HOSPITALIZACIÓN QUIRÚRGICA CIRUGÍA GENERAL ";"39";"36";"129";"190";"6";"186";"0"
"2023";"05";"060601";"CAJAMARCA";"CUTERVO";"CUTERVO";"GOBIERNO REGIONAL";"II-1";"00004981";"SANTA MARIA DE CUTERVO";"241400";"HOSPITALIZACIÓN QUIRÚRGICA GINECO - OBSTETRICIA ";"123";"122";"217";"214";"10";"310";"0"
"2023";"05";"060601";"CAJAMARCA";"CUTERVO";"CUTERVO";"GOBIERNO REGIONAL";"II-1";"00004981";"SANTA MARIA DE CUTERVO";"241800";"HOSPITALIZACIÓN DE MEDICINA MEDICINA GENERAL ";"24";"27";"114";"122";"5";"155";"1"
"2023";"05";"060601";"CAJAMARCA";"CUTERVO";"CUTERVO";"GOBIERNO REGIONAL";"II-1";"00004981";"SANTA MARIA DE CUTERVO";"242500";"HOSPITALIZACIÓN-PEDIATRÍA GENERAL-";"36";"36";"92";"100";"5";"155";"0"
"2023";"05";"021809";"ANCASH";"SANTA";"NUEVO CHIMBOTE";"PRIVADO";"II-E";"00010475";"CENTRO MEDICO ESPECIALIZADO CLINICA DE LA MUJER Y EL NIÑO EIRL";"241400";"HOSPITALIZACIÓN QUIRÚRGICA GINECO - OBSTETRICIA ";"8";"8";"12";"24";"4";"120";"0"
"2023";"05";"021809";"ANCASH";"SANTA";"NUEVO CHIMBOTE";"PRIVADO";"II-E";"00010475";"CENTRO MEDICO ESPECIALIZADO CLINICA DE LA MUJER Y EL NIÑO EIRL";"240100";"HOSPITALIZACIÓN QUIRÚRGICA CIRUGÍA GENERAL ";"1";"1";"1";"1";"1";"30";"0"
"2023";"05";"040101";"AREQUIPA";"AREQUIPA";"AREQUIPA";"PRIVADO";"II-E";"00024208";"PRAXIS MEDICAL S.A.C.";"240800";"HOSPITALIZACIÓN QUIRÚRGICA CIRUGÍA PLÁSTICA/RECONSTRUCTIVA/ REPARADORA ";"13";"11";"45";"45";"12";"372";"0"
"2023";"05";"120601";"JUNIN";"SATIPO";"SATIPO";"GOBIERNO REGIONAL";"I-2";"00000479";"SANTO DOMINGO DE MARANKIARI";"NE_0001";"";"NE_0001";"NE_0001";"NE_0001";"NE_0001";"NE_0001";"NE_0001";"NE_0001"
"2023";"05";"021801";"ANCASH";"SANTA";"CHIMBOTE";"PRIVADO";"II-1";"00016552";"CLINICA ROBLES S.A.C.";"241400";"HOSPITALIZACIÓN QUIRÚRGICA GINECO - OBSTETRICIA ";"25";"22";"30";"56";"6";"192";"0"
"2023";"05";"120606";"JUNIN";"SATIPO";"PANGOA";"GOBIERNO REGIONAL";"I-2";"00000447";"VILLA MARIA";"NE_0001";"";"NE_0001";"NE_0001";"NE_0001";"NE_0001";"NE_0001";"NE_0001";"NE_0001"
"2023";"05";"120606";"JUNIN";"SATIPO";"PANGOA";"GOBIERNO REGIONAL";"I-3";"00000443";"SAN RAMON DE PANGOA";"NE_0001";"";"NE_0001";"NE_0001";"NE_0001";"NE_0001";"NE_0001";"NE_0001";"NE_0001"
"2023";"05";"120606";"JUNIN";"SATIPO";"PANGOA";"GOBIERNO REGIONAL";"I-1";"00000456";"SANTA ROSA ALTO KIATARI";"NE_0001";"";"NE_0001";"NE_0001";"NE_0001";"NE_0001";"NE_0001";"NE_0001";"NE_0001"
"2023";"05";"120606";"JUNIN";"SATIPO";"PANGOA";"GOBIERNO REGIONAL";"I-1";"00000453";"UNION CHAVINI";"NE_0001";"";"NE_0001";"NE_0001";"NE_0001";"NE_0001";"NE_0001";"NE_0001";"NE_0001"
"2023";"05";"120606";"JUNIN";"SATIPO";"PANGOA";"GOBIERNO REGIONAL";"I-1";"00000440";"SAN JOSE DE MIRAFLORES";"NE_0001";"";"NE_0001";"NE_0001";"NE_0001";"NE_0001";"NE_0001";"NE_0001";"NE_0001"
"2023";"05";"120606";"JUNIN";"SATIPO";"PANGOA";"GOBIERNO REGIONAL";"I-1";"00000458";"VILCABAMBA";"NE_0001";"";"NE_0001";"NE_0001";"NE_0001";"NE_0001";"NE_0001";"NE_0001";"NE_0001"
"2023";"05";"040201";"AREQUIPA";"CAMANA";"CAMANA";"GOBIERNO REGIONAL";"II-1";"00001344";"HOSPITAL DE CAMANA";"240100";"HOSPITALIZACIÓN QUIRÚRGICA CIRUGÍA GENERAL ";"29";"30";"161";"223";"10";"310";"0"
"2023";"05";"150132";"LIMA";"LIMA";"SAN JUAN DE LURIGANCHO";"PRIVADO";"II-2";"00008271";"CLINICA SAN JUAN BAUTISTA";"240000";"HOSPITALIZACIÓN";"213";"212";"543";"743";"40";"1240";"0"
"2023";"05";"150132";"LIMA";"LIMA";"SAN JUAN DE LURIGANCHO";"PRIVADO";"II-2";"00008271";"CLINICA SAN JUAN BAUTISTA";"250100";"UNIDAD DE CUIDADOS CRITICOS UNIDAD  DE CUIDADOS INTENSIVOS GENERALES (UCI) ";"27";"26";"71";"95";"7";"217";"0"
"2023";"05";"150121";"LIMA";"LIMA";"PUEBLO LIBRE";"PRIVADO";"II-E";"00015077";"LIGA CONTRA EL CÁNCER";"NE_0001";"";"NE_0001";"NE_0001";"NE_0001";"NE_0001";"NE_0001";"NE_0001";"NE_0001"
"2023";"05";"080106";"CUSCO";"CUSCO";"SANTIAGO";"PRIVADO";"II-E";"00024173";"OXIGEN MEDICAL NETWORK";"250200";"UNIDAD DE CUIDADOS CRITICOS UNIDAD DE CUIDADOS INTERMEDIOS GENERAL  (UCIN) ";"1";"1";"1";"2";"10";"300";"0"
"2023";"05";"250105";"UCAYALI";"CORONEL PORTILLO";"YARINACOCHA";"ESSALUD";"I-3";"00032194";"CENTRO  DE SALUD ALAMEDAS - ESSALUD";"NE_0001";"";"NE_0001";"NE_0001";"NE_0001";"NE_0001";"NE_0001";"NE_0001";"NE_0001"
"2023";"05";"040201";"AREQUIPA";"CAMANA";"CAMANA";"GOBIERNO REGIONAL";"II-1";"00001344";"HOSPITAL DE CAMANA";"241200";"HOSPITALIZACIÓN QUIRÚRGICA TRAUMATOLOGÍA Y ORTOPEDIA ";"6";"13";"190";"209";"3";"233";"0"
"2023";"05";"040201";"AREQUIPA";"CAMANA";"CAMANA";"GOBIERNO REGIONAL";"II-1";"00001344";"HOSPITAL DE CAMANA";"241500";"HOSPITALIZACIÓN QUIRÚRGICA GINECOLOGÍA  ";"83";"87";"206";"268";"13";"403";"0"
"2023";"05";"040201";"AREQUIPA";"CAMANA";"CAMANA";"GOBIERNO REGIONAL";"II-1";"00001344";"HOSPITAL DE CAMANA";"241800";"HOSPITALIZACIÓN DE MEDICINA MEDICINA GENERAL ";"5";"5";"18";"80";"18";"158";"0"
"2023";"05";"040201";"AREQUIPA";"CAMANA";"CAMANA";"GOBIERNO REGIONAL";"II-1";"00001344";"HOSPITAL DE CAMANA";"241900";"HOSPITALIZACIÓN DE MEDICINA MEDICINA INTERNA ";"21";"28";"226";"288";"16";"496";"0"
"2023";"05";"040201";"AREQUIPA";"CAMANA";"CAMANA";"GOBIERNO REGIONAL";"II-1";"00001344";"HOSPITAL DE CAMANA";"242500";"HOSPITALIZACIÓN-PEDIATRÍA GENERAL-";"11";"13";"52";"114";"16";"296";"0"
"2023";"05";"040201";"AREQUIPA";"CAMANA";"CAMANA";"GOBIERNO REGIONAL";"II-1";"00001344";"HOSPITAL DE CAMANA";"243200";"HOSPITALIZACIÓN DE PEDIATRÍA PEDIATRIA NEONATOLOGÍA";"28";"29";"60";"122";"8";"248";"0"
"2023";"05";"030501";"APURIMAC";"COTABAMBAS";"TAMBOBAMBA";"GOBIERNO REGIONAL";"II-1";"00002625";"TAMBOBAMBA";"241800";"HOSPITALIZACIÓN DE MEDICINA MEDICINA GENERAL ";"20";"20";"35";"20";"8";"100";"0"
"2023";"05";"130101";"LA LIBERTAD";"TRUJILLO";"TRUJILLO";"PRIVADO";"II-1";"00027358";"CLÍNICA CRISTO REDENTOR";"240100";"HOSPITALIZACIÓN QUIRÚRGICA CIRUGÍA GENERAL ";"4";"4";"4";"4";"7";"217";"0"
"2023";"05";"150130";"LIMA";"LIMA";"SAN BORJA";"PRIVADO";"I-2";"00024872";"LINE CONTROL CENTER";"NE_0001";"";"NE_0001";"NE_0001";"NE_0001";"NE_0001";"NE_0001";"NE_0001";"NE_0001"
"2023";"05";"080106";"CUSCO";"CUSCO";"SANTIAGO";"GOBIERNO REGIONAL";"III-1";"00002305";"ANTONIO LORENA DEL CUSCO";"250100";"UNIDAD DE CUIDADOS CRITICOS UNIDAD  DE CUIDADOS INTENSIVOS GENERALES (UCI) ";"27";"21";"186";"167";"6";"186";"2"
"2023";"05";"080106";"CUSCO";"CUSCO";"SANTIAGO";"GOBIERNO REGIONAL";"III-1";"00002305";"ANTONIO LORENA DEL CUSCO";"250200";"UNIDAD DE CUIDADOS CRITICOS UNIDAD DE CUIDADOS INTERMEDIOS GENERAL  (UCIN) ";"30";"22";"239";"214";"8";"248";"2"
"2023";"05";"080106";"CUSCO";"CUSCO";"SANTIAGO";"GOBIERNO REGIONAL";"III-1";"00002305";"ANTONIO LORENA DEL CUSCO";"240100";"HOSPITALIZACIÓN QUIRÚRGICA CIRUGÍA GENERAL ";"163";"137";"864";"810";"31";"961";"8"
"2023";"05";"080106";"CUSCO";"CUSCO";"SANTIAGO";"GOBIERNO REGIONAL";"III-1";"00002305";"ANTONIO LORENA DEL CUSCO";"240900";"HOSPITALIZACIÓN QUIRÚRGICA NEUROCIRUGÍA ";"36";"29";"262";"263";"10";"310";"0"
"2023";"05";"080106";"CUSCO";"CUSCO";"SANTIAGO";"GOBIERNO REGIONAL";"III-1";"00002305";"ANTONIO LORENA DEL CUSCO";"241200";"HOSPITALIZACIÓN QUIRÚRGICA TRAUMATOLOGÍA Y ORTOPEDIA ";"45";"35";"216";"255";"10";"310";"0"
"2023";"05";"080106";"CUSCO";"CUSCO";"SANTIAGO";"GOBIERNO REGIONAL";"III-1";"00002305";"ANTONIO LORENA DEL CUSCO";"244000";"HOSPITALIZACIÓN DE MEDICINA CARDIOLOGIA ";"19";"14";"109";"163";"10";"310";"3"
"2023";"05";"080106";"CUSCO";"CUSCO";"SANTIAGO";"GOBIERNO REGIONAL";"III-1";"00002305";"ANTONIO LORENA DEL CUSCO";"241900";"HOSPITALIZACIÓN DE MEDICINA MEDICINA INTERNA ";"91";"71";"575";"629";"28";"868";"4"
"2023";"05";"080106";"CUSCO";"CUSCO";"SANTIAGO";"GOBIERNO REGIONAL";"III-1";"00002305";"ANTONIO LORENA DEL CUSCO";"245300";"HOSPITALIZACIÓN DE MEDICINA NEUMOLOGÍA  ";"43";"34";"237";"222";"9";"279";"2"
"2023";"05";"080106";"CUSCO";"CUSCO";"SANTIAGO";"GOBIERNO REGIONAL";"III-1";"00002305";"ANTONIO LORENA DEL CUSCO";"242204";"HOSPITALIZACIÓN DE MEDICINA PSIQUIATRÍA REHABILITACIÓN PSIQUIÁTRICA / REINSERCIÓN ";"20";"10";"286";"294";"10";"310";"0"
"2023";"05";"080106";"CUSCO";"CUSCO";"SANTIAGO";"GOBIERNO REGIONAL";"III-1";"00002305";"ANTONIO LORENA DEL CUSCO";"242000";"HOSPITALIZACIÓN DE MEDICINA MEDICINA TROPICAL E INFECCIOSAS ";"21";"15";"182";"150";"8";"248";"0"
"2023";"05";"080106";"CUSCO";"CUSCO";"SANTIAGO";"GOBIERNO REGIONAL";"III-1";"00002305";"ANTONIO LORENA DEL CUSCO";"242100";"HOSPITALIZACIÓN DE MEDICINA ONCOLOGÍA MÉDICA ";"1";"1";"3";"3";"5";"155";"0"
"2023";"05";"080106";"CUSCO";"CUSCO";"SANTIAGO";"GOBIERNO REGIONAL";"III-1";"00002305";"ANTONIO LORENA DEL CUSCO";"241000";"HOSPITALIZACIÓN QUIRÚRGICA ONCOLOGÍA QUIRÚRGICA  ";"21";"15";"110";"146";"7";"217";"1"
"2023";"05";"080106";"CUSCO";"CUSCO";"SANTIAGO";"GOBIERNO REGIONAL";"III-1";"00002305";"ANTONIO LORENA DEL CUSCO";"241500";"HOSPITALIZACIÓN QUIRÚRGICA GINECOLOGÍA  ";"89";"80";"247";"244";"10";"310";"0"
"2023";"05";"080106";"CUSCO";"CUSCO";"SANTIAGO";"GOBIERNO REGIONAL";"III-1";"00002305";"ANTONIO LORENA DEL CUSCO";"241400";"HOSPITALIZACIÓN QUIRÚRGICA GINECO - OBSTETRICIA ";"199";"185";"507";"500";"20";"620";"0"
"2023";"05";"080106";"CUSCO";"CUSCO";"SANTIAGO";"GOBIERNO REGIONAL";"III-1";"00002305";"ANTONIO LORENA DEL CUSCO";"242300";"HOSPITALIZACIÓN DE PEDIATRÍA  PEDIATRÍA  GENERAL ";"64";"55";"282";"260";"12";"372";"1"
"2023";"05";"080106";"CUSCO";"CUSCO";"SANTIAGO";"GOBIERNO REGIONAL";"III-1";"00002305";"ANTONIO LORENA DEL CUSCO";"243200";"HOSPITALIZACIÓN DE PEDIATRÍA PEDIATRIA NEONATOLOGÍA";"52";"39";"399";"409";"15";"465";"0"
"2023";"05";"080106";"CUSCO";"CUSCO";"SANTIAGO";"GOBIERNO REGIONAL";"III-1";"00002305";"ANTONIO LORENA DEL CUSCO";"250105";"UNIDAD DE CUIDADOS CRITICOS UNIDAD  DE CUIDADOS INTENSIVOS  (UCI) NEONATOLOGÍA";"27";"20";"338";"230";"8";"248";"1"
"2023";"05";"080106";"CUSCO";"CUSCO";"SANTIAGO";"GOBIERNO REGIONAL";"III-1";"00002305";"ANTONIO LORENA DEL CUSCO";"243600";"HOSPITALIZACIÓN DE PEDIATRÍA PEDIATRIA ONCOLOGÍA PEDIÁTRICA";"11";"8";"237";"111";"9";"279";"0"
"2023";"05";"070102";"CALLAO";"CALLAO";"BELLAVISTA";"GOBIERNO REGIONAL";"0";"00016110";"ATENCIÓN DOMICILIARIA AL ADULTO MAYOR Y PACIENTE ONCOLOGICO (ADAMO)";"NE_0001";"";"NE_0001";"NE_0001";"NE_0001";"NE_0001";"NE_0001";"NE_0001";"NE_0001"
"2023";"04";"220901";"SAN MARTIN";"SAN MARTIN";"TARAPOTO";"PRIVADO";"II-E";"00008269";"CLINICA SAN MARTIN";"241500";"HOSPITALIZACIÓN QUIRÚRGICA GINECOLOGÍA  ";"5";"5";"35";"10";"15";"18";"0"
"2023";"04";"220901";"SAN MARTIN";"SAN MARTIN";"TARAPOTO";"PRIVADO";"II-E";"00008269";"CLINICA SAN MARTIN";"240100";"HOSPITALIZACIÓN QUIRÚRGICA CIRUGÍA GENERAL ";"15";"15";"33";"14";"15";"44";"0"
"2023";"04";"220901";"SAN MARTIN";"SAN MARTIN";"TARAPOTO";"PRIVADO";"II-E";"00008269";"CLINICA SAN MARTIN";"240900";"HOSPITALIZACIÓN QUIRÚRGICA NEUROCIRUGÍA ";"1";"1";"6";"4";"15";"30";"0"
"2023";"04";"220901";"SAN MARTIN";"SAN MARTIN";"TARAPOTO";"PRIVADO";"II-E";"00008269";"CLINICA SAN MARTIN";"241800";"HOSPITALIZACIÓN DE MEDICINA MEDICINA GENERAL ";"1";"1";"2";"6";"3";"10";"0"
"2023";"04";"220901";"SAN MARTIN";"SAN MARTIN";"TARAPOTO";"PRIVADO";"II-E";"00008269";"CLINICA SAN MARTIN";"241800";"HOSPITALIZACIÓN DE MEDICINA MEDICINA GENERAL ";"8";"11";"16";"17";"15";"36";"0"
"2023";"04";"220901";"SAN MARTIN";"SAN MARTIN";"TARAPOTO";"PRIVADO";"II-E";"00008269";"CLINICA SAN MARTIN";"242300";"HOSPITALIZACIÓN DE PEDIATRÍA  PEDIATRÍA  GENERAL ";"6";"6";"7";"10";"15";"20";"0"
"2023";"04";"220901";"SAN MARTIN";"SAN MARTIN";"TARAPOTO";"PRIVADO";"II-E";"00008269";"CLINICA SAN MARTIN";"241200";"HOSPITALIZACIÓN QUIRÚRGICA TRAUMATOLOGÍA Y ORTOPEDIA ";"6";"6";"40";"12";"15";"24";"0"
"2023";"04";"060801";"CAJAMARCA";"JAEN";"JAEN";"PRIVADO";"II-1";"00015269";"CLINICA SAN FERNANDO E.I.R.L";"241800";"HOSPITALIZACIÓN DE MEDICINA MEDICINA GENERAL ";"3";"2";"16";"5";"18";"24";"0"
"2023";"04";"060801";"CAJAMARCA";"JAEN";"JAEN";"PRIVADO";"II-1";"00015269";"CLINICA SAN FERNANDO E.I.R.L";"241900";"HOSPITALIZACIÓN DE MEDICINA MEDICINA INTERNA ";"4";"2";"12";"6";"18";"24";"0"
"2023";"04";"060801";"CAJAMARCA";"JAEN";"JAEN";"PRIVADO";"II-1";"00015269";"CLINICA SAN FERNANDO E.I.R.L";"241200";"HOSPITALIZACIÓN QUIRÚRGICA TRAUMATOLOGÍA Y ORTOPEDIA ";"6";"4";"14";"10";"18";"24";"0"
"2023";"04";"060508";"CAJAMARCA";"CONTUMAZA";"YONAN";"GOBIERNO REGIONAL";"I-1";"00004589";"CAFETAL";"NE_0002";"";"NE_0002";"NE_0002";"NE_0002";"NE_0002";"NE_0002";"NE_0002";"NE_0002"
"2023";"04";"060508";"CAJAMARCA";"CONTUMAZA";"YONAN";"GOBIERNO REGIONAL";"I-1";"00004588";"VENTANILLA";"NE_0002";"";"NE_0002";"NE_0002";"NE_0002";"NE_0002";"NE_0002";"NE_0002";"NE_0002"
"2023";"04";"060503";"CAJAMARCA";"CONTUMAZA";"CUPISNIQUE";"GOBIERNO REGIONAL";"I-1";"00004590";"TRINIDAD";"NE_0002";"";"NE_0002";"NE_0002";"NE_0002";"NE_0002";"NE_0002";"NE_0002";"NE_0002"
"2023";"04";"060503";"CAJAMARCA";"CONTUMAZA";"CUPISNIQUE";"GOBIERNO REGIONAL";"I-1";"00004591";"SANTA CATALINA";"NE_0002";"";"NE_0002";"NE_0002";"NE_0002";"NE_0002";"NE_0002";"NE_0002";"NE_0002"
"2023";"04";"060508";"CAJAMARCA";"CONTUMAZA";"YONAN";"GOBIERNO REGIONAL";"I-4";"00004587";"TEMBLADERA";"241600";"HOSPITALIZACIÓN QUIRÚRGICA OBSTETRICIA   ";"3";"3";"6";"22";"5";"150";"0"
"2023";"04";"060508";"CAJAMARCA";"CONTUMAZA";"YONAN";"GOBIERNO REGIONAL";"I-4";"00004587";"TEMBLADERA";"241800";"HOSPITALIZACIÓN DE MEDICINA MEDICINA GENERAL ";"69";"71";"140";"307";"12";"360";"0"
"2023";"04";"060508";"CAJAMARCA";"CONTUMAZA";"YONAN";"GOBIERNO REGIONAL";"I-1";"00004592";"PAY PAY";"NE_0002";"";"NE_0002";"NE_0002";"NE_0002";"NE_0002";"NE_0002";"NE_0002";"NE_0002"
"2023";"04";"140101";"LAMBAYEQUE";"CHICLAYO";"CHICLAYO";"ESSALUD";"III-1";"00008577";"HOSPITAL NACIONAL ALMANZOR AGUINAGA ASENJO";"244000";"HOSPITALIZACIÓN DE MEDICINA CARDIOLOGIA ";"126";"76";"695";"657";"17";"694";"2"
"2023";"04";"140101";"LAMBAYEQUE";"CHICLAYO";"CHICLAYO";"ESSALUD";"III-1";"00008577";"HOSPITAL NACIONAL ALMANZOR AGUINAGA ASENJO";"240200";"HOSPITALIZACIÓN QUIRÚRGICA CIRUGÍA DE CABEZA Y CUELLO / MÁXILO FACIAL ";"38";"22";"155";"134";"5";"147";"0"
"2023";"04";"140101";"LAMBAYEQUE";"CHICLAYO";"CHICLAYO";"ESSALUD";"III-1";"00008577";"HOSPITAL NACIONAL ALMANZOR AGUINAGA ASENJO";"240400";"HOSPITALIZACIÓN QUIRÚRGICA CIRUGÍA DE TÓRAX Y CARDIOVASCULAR ";"23";"18";"137";"137";"10";"154";"0"
"2023";"04";"140101";"LAMBAYEQUE";"CHICLAYO";"CHICLAYO";"ESSALUD";"III-1";"00008577";"HOSPITAL NACIONAL ALMANZOR AGUINAGA ASENJO";"240100";"HOSPITALIZACIÓN QUIRÚRGICA CIRUGÍA GENERAL ";"295";"99";"975";"793";"30";"897";"1"
"2023";"04";"140101";"LAMBAYEQUE";"CHICLAYO";"CHICLAYO";"ESSALUD";"III-1";"00008577";"HOSPITAL NACIONAL ALMANZOR AGUINAGA ASENJO";"240700";"HOSPITALIZACIÓN QUIRÚRGICA CIRUGÍA PEDIÁTRICA ";"48";"31";"182";"163";"8";"242";"0"
"2023";"04";"140101";"LAMBAYEQUE";"CHICLAYO";"CHICLAYO";"ESSALUD";"III-1";"00008577";"HOSPITAL NACIONAL ALMANZOR AGUINAGA ASENJO";"240801";"HOSPITALIZACIÓN QUIRÚRGICA CIRUGÍA PLÁSTICA/RECONSTRUCTIVA/ REPARADORA QUEMADOS";"36";"15";"182";"4";"4";"118";"0"
"2023";"04";"140101";"LAMBAYEQUE";"CHICLAYO";"CHICLAYO";"ESSALUD";"III-1";"00008577";"HOSPITAL NACIONAL ALMANZOR AGUINAGA ASENJO";"244200";"HOSPITALIZACIÓN DE MEDICINA ENDOCRINOLOGIA ";"4";"5";"60";"47";"3";"47";"0"
"2023";"04";"140101";"LAMBAYEQUE";"CHICLAYO";"CHICLAYO";"ESSALUD";"III-1";"00008577";"HOSPITAL NACIONAL ALMANZOR AGUINAGA ASENJO";"244300";"HOSPITALIZACIÓN DE MEDICINA GASTROENTEROLOGÍA  ";"100";"64";"461";"527";"17";"536";"3"
"2023";"04";"140101";"LAMBAYEQUE";"CHICLAYO";"CHICLAYO";"ESSALUD";"III-1";"00008577";"HOSPITAL NACIONAL ALMANZOR AGUINAGA ASENJO";"244400";"HOSPITALIZACIÓN DE MEDICINA GERIATRIA ";"92";"49";"841";"599";"20";"606";"26"
"2023";"04";"140101";"LAMBAYEQUE";"CHICLAYO";"CHICLAYO";"ESSALUD";"III-1";"00008577";"HOSPITAL NACIONAL ALMANZOR AGUINAGA ASENJO";"241500";"HOSPITALIZACIÓN QUIRÚRGICA GINECOLOGÍA  ";"284";"130";"376";"321";"12";"369";"0"
"2023";"04";"140101";"LAMBAYEQUE";"CHICLAYO";"CHICLAYO";"ESSALUD";"III-1";"00008577";"HOSPITAL NACIONAL ALMANZOR AGUINAGA ASENJO";"244500";"HOSPITALIZACIÓN DE MEDICINA HEMATOLOGÍA ";"38";"23";"582";"398";"19";"467";"2"
"2023";"04";"140101";"LAMBAYEQUE";"CHICLAYO";"CHICLAYO";"ESSALUD";"III-1";"00008577";"HOSPITAL NACIONAL ALMANZOR AGUINAGA ASENJO";"241900";"HOSPITALIZACIÓN DE MEDICINA MEDICINA INTERNA ";"90";"65";"916";"913";"29";"913";"6"
"2023";"04";"140101";"LAMBAYEQUE";"CHICLAYO";"CHICLAYO";"ESSALUD";"III-1";"00008577";"HOSPITAL NACIONAL ALMANZOR AGUINAGA ASENJO";"244600";"HOSPITALIZACIÓN DE MEDICINA NEFROLOGIA ";"38";"35";"241";"234";"10";"244";"1"
"2023";"04";"140101";"LAMBAYEQUE";"CHICLAYO";"CHICLAYO";"ESSALUD";"III-1";"00008577";"HOSPITAL NACIONAL ALMANZOR AGUINAGA ASENJO";"243200";"HOSPITALIZACIÓN DE PEDIATRÍA PEDIATRIA NEONATOLOGÍA";"164";"77";"1008";"740";"18";"740";"6"
"2023";"04";"140101";"LAMBAYEQUE";"CHICLAYO";"CHICLAYO";"ESSALUD";"III-1";"00008577";"HOSPITAL NACIONAL ALMANZOR AGUINAGA ASENJO";"245300";"HOSPITALIZACIÓN DE MEDICINA NEUMOLOGÍA  ";"11";"11";"203";"242";"10";"286";"1"
"2023";"04";"140101";"LAMBAYEQUE";"CHICLAYO";"CHICLAYO";"ESSALUD";"III-1";"00008577";"HOSPITAL NACIONAL ALMANZOR AGUINAGA ASENJO";"240900";"HOSPITALIZACIÓN QUIRÚRGICA NEUROCIRUGÍA ";"46";"20";"601";"473";"17";"473";"2"
"2023";"04";"140101";"LAMBAYEQUE";"CHICLAYO";"CHICLAYO";"ESSALUD";"III-1";"00008577";"HOSPITAL NACIONAL ALMANZOR AGUINAGA ASENJO";"244700";"HOSPITALIZACIÓN DE MEDICINA NEUROLOGIA  ";"53";"26";"367";"350";"14";"385";"0"
"2023";"04";"140101";"LAMBAYEQUE";"CHICLAYO";"CHICLAYO";"ESSALUD";"III-1";"00008577";"HOSPITAL NACIONAL ALMANZOR AGUINAGA ASENJO";"241600";"HOSPITALIZACIÓN QUIRÚRGICA OBSTETRICIA   ";"364";"220";"947";"853";"25";"853";"0"
"2023";"04";"140101";"LAMBAYEQUE";"CHICLAYO";"CHICLAYO";"ESSALUD";"III-1";"00008577";"HOSPITAL NACIONAL ALMANZOR AGUINAGA ASENJO";"242100";"HOSPITALIZACIÓN DE MEDICINA ONCOLOGÍA MÉDICA ";"118";"115";"422";"455";"15";"459";"2"
"2023";"04";"140101";"LAMBAYEQUE";"CHICLAYO";"CHICLAYO";"ESSALUD";"III-1";"00008577";"HOSPITAL NACIONAL ALMANZOR AGUINAGA ASENJO";"241200";"HOSPITALIZACIÓN QUIRÚRGICA TRAUMATOLOGÍA Y ORTOPEDIA ";"261";"91";"827";"859";"30";"893";"0"
"2023";"04";"140101";"LAMBAYEQUE";"CHICLAYO";"CHICLAYO";"ESSALUD";"III-1";"00008577";"HOSPITAL NACIONAL ALMANZOR AGUINAGA ASENJO";"241100";"HOSPITALIZACIÓN QUIRÚRGICA OTORRINOLARINGOLOGÍA  ";"40";"23";"65";"69";"5";"75";"0"
"2023";"04";"140101";"LAMBAYEQUE";"CHICLAYO";"CHICLAYO";"ESSALUD";"III-1";"00008577";"HOSPITAL NACIONAL ALMANZOR AGUINAGA ASENJO";"242300";"HOSPITALIZACIÓN DE PEDIATRÍA  PEDIATRÍA  GENERAL ";"109";"60";"738";"559";"20";"603";"1"
"2023";"04";"140101";"LAMBAYEQUE";"CHICLAYO";"CHICLAYO";"ESSALUD";"III-1";"00008577";"HOSPITAL NACIONAL ALMANZOR AGUINAGA ASENJO";"242200";"HOSPITALIZACIÓN DE MEDICINA PSIQUIATRÍA ";"12";"11";"215";"225";"16";"480";"0"
"2023";"04";"140101";"LAMBAYEQUE";"CHICLAYO";"CHICLAYO";"ESSALUD";"III-1";"00008577";"HOSPITAL NACIONAL ALMANZOR AGUINAGA ASENJO";"241300";"HOSPITALIZACIÓN QUIRÚRGICA UROLOGÍA  ";"57";"30";"140";"175";"16";"308";"1"
"2023";"04";"140101";"LAMBAYEQUE";"CHICLAYO";"CHICLAYO";"ESSALUD";"III-1";"00008577";"HOSPITAL NACIONAL ALMANZOR AGUINAGA ASENJO";"250100";"UNIDAD DE CUIDADOS CRITICOS UNIDAD  DE CUIDADOS INTENSIVOS GENERALES (UCI) ";"89";"16";"215";"504";"38";"630";"12"
"2023";"04";"140101";"LAMBAYEQUE";"CHICLAYO";"CHICLAYO";"ESSALUD";"III-1";"00008577";"HOSPITAL NACIONAL ALMANZOR AGUINAGA ASENJO";"250200";"UNIDAD DE CUIDADOS CRITICOS UNIDAD DE CUIDADOS INTERMEDIOS GENERAL  (UCIN) ";"34";"12";"756";"381";"13";"390";"11"
"2023";"04";"140101";"LAMBAYEQUE";"CHICLAYO";"CHICLAYO";"ESSALUD";"III-1";"00008577";"HOSPITAL NACIONAL ALMANZOR AGUINAGA ASENJO";"250300";"UNIDAD DE CUIDADOS CRITICOS UNIDAD DE VIGILANCIA INTENSIVA  CLINICA (UVIC) ";"8";"2";"18";"27";"4";"120";"0"
"2023";"04";"080805";"CUSCO";"ESPINAR";"PALLPATA";"GOBIERNO REGIONAL";"I-3";"00002416";"PALLPATA";"NE_0001";"";"NE_0001";"NE_0001";"NE_0001";"NE_0001";"NE_0001";"NE_0001";"NE_0001"
"2023";"04";"080803";"CUSCO";"ESPINAR";"COPORAQUE";"GOBIERNO REGIONAL";"I-2";"00002412";"COPORAQUE";"NE_0001";"";"NE_0001";"NE_0001";"NE_0001";"NE_0001";"NE_0001";"NE_0001";"NE_0001"
"2023";"04";"080808";"CUSCO";"ESPINAR";"ALTO PICHIGUA";"GOBIERNO REGIONAL";"I-2";"00002420";"ACCOCUNCA";"NE_0001";"";"NE_0001";"NE_0001";"NE_0001";"NE_0001";"NE_0001";"NE_0001";"NE_0001"
"2023";"04";"080801";"CUSCO";"ESPINAR";"ESPINAR";"GOBIERNO REGIONAL";"I-1";"00006745";"TINTAYA MARQUIRI";"NE_0001";"";"NE_0001";"NE_0001";"NE_0001";"NE_0001";"NE_0001";"NE_0001";"NE_0001"
"2023";"04";"080801";"CUSCO";"ESPINAR";"ESPINAR";"GOBIERNO REGIONAL";"I-4";"00002410";"YAURI";"NE_0001";"";"NE_0001";"NE_0001";"NE_0001";"NE_0001";"NE_0001";"NE_0001";"NE_0001"
"2023";"04";"080806";"CUSCO";"ESPINAR";"PICHIGUA";"GOBIERNO REGIONAL";"I-1";"00002418";"SAN MIGUEL";"NE_0001";"";"NE_0001";"NE_0001";"NE_0001";"NE_0001";"NE_0001";"NE_0001";"NE_0001"
"2023";"04";"080804";"CUSCO";"ESPINAR";"OCORURO";"GOBIERNO REGIONAL";"I-2";"00002415";"OCCORURO";"NE_0001";"";"NE_0001";"NE_0001";"NE_0001";"NE_0001";"NE_0001";"NE_0001";"NE_0001"
"2023";"04";"080806";"CUSCO";"ESPINAR";"PICHIGUA";"GOBIERNO REGIONAL";"I-2";"00002417";"PICHIGUA ESPINAR";"NE_0001";"";"NE_0001";"NE_0001";"NE_0001";"NE_0001";"NE_0001";"NE_0001";"NE_0001"
"2023";"04";"080802";"CUSCO";"ESPINAR";"CONDOROMA";"GOBIERNO REGIONAL";"I-1";"00002411";"CONDOROMA";"NE_0001";"";"NE_0001";"NE_0001";"NE_0001";"NE_0001";"NE_0001";"NE_0001";"NE_0001"
"2023";"04";"080807";"CUSCO";"ESPINAR";"SUYCKUTAMBO";"GOBIERNO REGIONAL";"I-2";"00002419";"SUYKUTAMBO";"NE_0001";"";"NE_0001";"NE_0001";"NE_0001";"NE_0001";"NE_0001";"NE_0001";"NE_0001"
"2023";"04";"080803";"CUSCO";"ESPINAR";"COPORAQUE";"GOBIERNO REGIONAL";"I-2";"00002413";"URINSAYA";"NE_0001";"";"NE_0001";"NE_0001";"NE_0001";"NE_0001";"NE_0001";"NE_0001";"NE_0001"
"2023";"04";"080803";"CUSCO";"ESPINAR";"COPORAQUE";"GOBIERNO REGIONAL";"I-2";"00002414";"HUAYHUAHUASI";"NE_0001";"";"NE_0001";"NE_0001";"NE_0001";"NE_0001";"NE_0001";"NE_0001";"NE_0001"
"2023";"05";"150106";"LIMA";"LIMA";"CARABAYLLO";"SANIDAD DE LA POLICIA NACIONAL DEL PERU";"I-3";"00012664";"POLICLÌNICO  DE LA  POLICÍA  NACIONAL DEL PERÙ CARABAYLLO - DEFENSORES DE LA DEMOCRACIA ";"NE_0001";"";"NE_0001";"NE_0001";"NE_0001";"NE_0001";"NE_0001";"NE_0001";"NE_0001"
"2023";"05";"150117";"LIMA";"LIMA";"LOS OLIVOS";"PRIVADO";"II-E";"00023852";"OFTALMOSALUD";"NE_0001";"";"NE_0001";"NE_0001";"NE_0001";"NE_0001";"NE_0001";"NE_0001";"NE_0001"
"2023";"05";"140101";"LAMBAYEQUE";"CHICLAYO";"CHICLAYO";"PRIVADO";"II-E";"00030057";"CLINICAS AUNAS SEDE CHICLAYO";"240000";"HOSPITALIZACIÓN";"242";"223";"1134";"1210";"43";"1333";"1"
"2023";"05";"140101";"LAMBAYEQUE";"CHICLAYO";"CHICLAYO";"PRIVADO";"II-E";"00030057";"CLINICAS AUNAS SEDE CHICLAYO";"250100";"UNIDAD DE CUIDADOS CRITICOS UNIDAD  DE CUIDADOS INTENSIVOS GENERALES (UCI) ";"22";"39";"293";"214";"12";"372";"5"
"2023";"05";"200101";"PIURA";"PIURA";"PIURA";"PRIVADO";"II-E";"00027459";"CLINICA MEDICA SANTA EMILIA";"244000";"HOSPITALIZACIÓN DE MEDICINA CARDIOLOGIA ";"2";"2";"7";"7";"15";"240";"0"
"2023";"05";"200101";"PIURA";"PIURA";"PIURA";"PRIVADO";"II-E";"00027459";"CLINICA MEDICA SANTA EMILIA";"250500";"HOSPIT. EN UNIDAD DE CUID.INTEN.-UNIDAD DE TRAUMA SHOCK-";"2";"2";"7";"7";"15";"240";"0"
"2023";"05";"200101";"PIURA";"PIURA";"PIURA";"PRIVADO";"II-E";"00027459";"CLINICA MEDICA SANTA EMILIA";"241800";"HOSPITALIZACIÓN DE MEDICINA MEDICINA GENERAL ";"16";"15";"56";"56";"15";"446";"1"
"2023";"05";"200101";"PIURA";"PIURA";"PIURA";"PRIVADO";"II-E";"00027459";"CLINICA MEDICA SANTA EMILIA";"244300";"HOSPITALIZACIÓN DE MEDICINA GASTROENTEROLOGÍA  ";"12";"12";"26";"26";"15";"138";"0"
"2023";"05";"200101";"PIURA";"PIURA";"PIURA";"PRIVADO";"II-E";"00027459";"CLINICA MEDICA SANTA EMILIA";"241900";"HOSPITALIZACIÓN DE MEDICINA MEDICINA INTERNA ";"19";"19";"70";"70";"15";"880";"0"
"2023";"05";"200101";"PIURA";"PIURA";"PIURA";"PRIVADO";"II-E";"00027459";"CLINICA MEDICA SANTA EMILIA";"245300";"HOSPITALIZACIÓN DE MEDICINA NEUMOLOGÍA  ";"2";"2";"6";"12";"15";"270";"0"
"2023";"05";"200101";"PIURA";"PIURA";"PIURA";"PRIVADO";"II-E";"00027459";"CLINICA MEDICA SANTA EMILIA";"244700";"HOSPITALIZACIÓN DE MEDICINA NEUROLOGIA  ";"1";"1";"3";"3";"15";"360";"0"
"2023";"05";"200101";"PIURA";"PIURA";"PIURA";"PRIVADO";"II-E";"00027459";"CLINICA MEDICA SANTA EMILIA";"241100";"HOSPITALIZACIÓN QUIRÚRGICA OTORRINOLARINGOLOGÍA  ";"1";"1";"12";"12";"15";"90";"0"
"2023";"05";"200101";"PIURA";"PIURA";"PIURA";"PRIVADO";"II-E";"00027459";"CLINICA MEDICA SANTA EMILIA";"242500";"HOSPITALIZACIÓN-PEDIATRÍA GENERAL-";"1";"1";"1";"1";"15";"420";"0"
"2023";"05";"200101";"PIURA";"PIURA";"PIURA";"PRIVADO";"II-E";"00027459";"CLINICA MEDICA SANTA EMILIA";"242500";"HOSPITALIZACIÓN-PEDIATRÍA GENERAL-";"1";"1";"1";"1";"15";"420";"0"
"2023";"05";"040104";"AREQUIPA";"AREQUIPA";"CERRO COLORADO";"GOBIERNO REGIONAL";"I-4";"00001237";"CENTRO DE SALUD MARITZA CAMPOS DIAZ - ZAMACOLA";"241600";"HOSPITALIZACIÓN QUIRÚRGICA OBSTETRICIA   ";"57";"57";"69";"1";"14";"96";"0"
"2023";"05";"040104";"AREQUIPA";"AREQUIPA";"CERRO COLORADO";"GOBIERNO REGIONAL";"I-3";"00011023";"PUESTO DE SALUD PERUARBO";"NE_0001";"";"NE_0001";"NE_0001";"NE_0001";"NE_0001";"NE_0001";"NE_0001";"NE_0001"
"2023";"05";"040104";"AREQUIPA";"AREQUIPA";"CERRO COLORADO";"GOBIERNO REGIONAL";"I-2";"00001251";"PUESTO DE SALUD NAZARENO";"NE_0001";"";"NE_0001";"NE_0001";"NE_0001";"NE_0001";"NE_0001";"NE_0001";"NE_0001"
"2023";"05";"040104";"AREQUIPA";"AREQUIPA";"CERRO COLORADO";"GOBIERNO REGIONAL";"I-3";"00001247";"CENTRO DE SALUD CIUDAD MUNICIPAL";"NE_0001";"";"NE_0001";"NE_0001";"NE_0001";"NE_0001";"NE_0001";"NE_0001";"NE_0001"
"2023";"05";"220908";"SAN MARTIN";"SAN MARTIN";"JUAN GUERRA";"GOBIERNO REGIONAL";"I-1";"00006379";"YACUCATINA";"NE_0002";"";"NE_0002";"NE_0002";"NE_0002";"NE_0002";"NE_0002";"NE_0002";"NE_0002"
"2023";"05";"220902";"SAN MARTIN";"SAN MARTIN";"ALBERTO LEVEAU";"GOBIERNO REGIONAL";"I-1";"00006383";"MACHUNGO";"NE_0002";"";"NE_0002";"NE_0002";"NE_0002";"NE_0002";"NE_0002";"NE_0002";"NE_0002"
"2023";"05";"220914";"SAN MARTIN";"SAN MARTIN";"SHAPAJA";"GOBIERNO REGIONAL";"I-2";"00006375";"SHAPAJA";"NE_0002";"";"NE_0002";"NE_0002";"NE_0002";"NE_0002";"NE_0002";"NE_0002";"NE_0002"
"2023";"05";"220908";"SAN MARTIN";"SAN MARTIN";"JUAN GUERRA";"GOBIERNO REGIONAL";"I-3";"00006374";"JUAN GUERRA";"NE_0002";"";"NE_0002";"NE_0002";"NE_0002";"NE_0002";"NE_0002";"NE_0002";"NE_0002"
"2023";"05";"220902";"SAN MARTIN";"SAN MARTIN";"ALBERTO LEVEAU";"GOBIERNO REGIONAL";"I-1";"00006382";"UTCURARCA";"NE_0002";"";"NE_0002";"NE_0002";"NE_0002";"NE_0002";"NE_0002";"NE_0002";"NE_0002"
"2023";"04";"250302";"UCAYALI";"PADRE ABAD";"IRAZOLA";"MINSA";"I-2";"00006884";"NUEVO UCAYALI KM.98";"NE_0001";"";"NE_0001";"NE_0001";"NE_0001";"NE_0001";"NE_0001";"NE_0001";"NE_0001"
"2023";"04";"250302";"UCAYALI";"PADRE ABAD";"IRAZOLA";"GOBIERNO REGIONAL";"I-3";"00005396";"SAN ALEJANDRO";"NE_0001";"";"NE_0001";"NE_0001";"NE_0001";"NE_0001";"NE_0001";"NE_0001";"NE_0001"
"2023";"05";"060805";"CAJAMARCA";"JAEN";"HUABAL";"GOBIERNO REGIONAL";"I-1";"00013849";"SANTA ROSA DE HUABAL";"NE_0001";"";"NE_0001";"NE_0001";"NE_0001";"NE_0001";"NE_0001";"NE_0001";"NE_0001"
"2023";"05";"060805";"CAJAMARCA";"JAEN";"HUABAL";"GOBIERNO REGIONAL";"I-1";"00023956";"LA HUACA";"NE_0001";"";"NE_0001";"NE_0001";"NE_0001";"NE_0001";"NE_0001";"NE_0001";"NE_0001"
"2023";"03";"140201";"LAMBAYEQUE";"FERREÑAFE";"FERREÑAFE";"GOBIERNO REGIONAL";"II-1";"00004440";"HOSPITAL PROVINCIA DE FERREÑAFE (HP_F)";"241600";"HOSPITALIZACIÓN QUIRÚRGICA OBSTETRICIA   ";"51";"53";"56";"109";"11";"341";"0"
"2023";"03";"140201";"LAMBAYEQUE";"FERREÑAFE";"FERREÑAFE";"GOBIERNO REGIONAL";"II-1";"00004440";"HOSPITAL PROVINCIA DE FERREÑAFE (HP_F)";"240000";"HOSPITALIZACIÓN";"65";"59";"175";"185";"17";"527";"0"
"2023";"04";"130702";"LA LIBERTAD";"PACASMAYO";"GUADALUPE";"ESSALUD";"I-2";"00009486";"POSTA DE SALUD LIMONCARRO";"NE_0001";"";"NE_0001";"NE_0001";"NE_0001";"NE_0001";"NE_0001";"NE_0001";"NE_0001"
"2023";"04";"110301";"ICA";"NAZCA";"NAZCA";"SANIDAD DE LA POLICIA NACIONAL DEL PERU";"I-2";"00011399";"UNIDAD EJECUTORA 020:SANIDAD DE LA PNP";"NE_0001";"";"NE_0001";"NE_0001";"NE_0001";"NE_0001";"NE_0001";"NE_0001";"NE_0001"
"2023";"04";"180104";"MOQUEGUA";"MARISCAL NIETO";"SAMEGUA";"SANIDAD DE LA POLICIA NACIONAL DEL PERU";"I-2";"00015236";"POSTA MEDICA POLICIAL MOQUEGUA";"NE_0001";"";"NE_0001";"NE_0001";"NE_0001";"NE_0001";"NE_0001";"NE_0001";"NE_0001"
"2023";"04";"040104";"AREQUIPA";"AREQUIPA";"CERRO COLORADO";"GOBIERNO REGIONAL";"I-3";"00001236";"CENTRO DE SALUD CERRO COLORADO";"NE_0001";"";"NE_0001";"NE_0001";"NE_0001";"NE_0001";"NE_0001";"NE_0001";"NE_0001"
"2023";"04";"040104";"AREQUIPA";"AREQUIPA";"CERRO COLORADO";"GOBIERNO REGIONAL";"I-3";"00027843";"CENTRO DE SALUD MENTAL COMUNITARIO SAN MARTIN DE PORRES";"NE_0001";"";"NE_0001";"NE_0001";"NE_0001";"NE_0001";"NE_0001";"NE_0001";"NE_0001"
"2023";"04";"130101";"LA LIBERTAD";"TRUJILLO";"TRUJILLO";"PRIVADO";"II-2";"00018404";"CLINICA SAN PABLO TRUJILLO";"240000";"HOSPITALIZACIÓN";"325";"316";"995";"1321";"64";"1920";"3"
"2023";"04";"130101";"LA LIBERTAD";"TRUJILLO";"TRUJILLO";"PRIVADO";"II-2";"00018404";"CLINICA SAN PABLO TRUJILLO";"250200";"UNIDAD DE CUIDADOS CRITICOS UNIDAD DE CUIDADOS INTERMEDIOS GENERAL  (UCIN) ";"3";"3";"7";"10";"5";"150";"1"
"2023";"04";"220201";"SAN MARTIN";"BELLAVISTA";"BELLAVISTA";"ESSALUD";"I-2";"00016482";"POSTA MEDICA BELLAVISTA - ESSALUD";"NE_0001";"";"NE_0001";"NE_0001";"NE_0001";"NE_0001";"NE_0001";"NE_0001";"NE_0001"
"2023";"04";"040302";"AREQUIPA";"CARAVELI";"ACARI";"ESSALUD";"I-2";"00012195";"POSTA MEDICA ACARI";"NE_0001";"";"NE_0001";"NE_0001";"NE_0001";"NE_0001";"NE_0001";"NE_0001";"NE_0001"
"2023";"04";"150117";"LIMA";"LIMA";"LOS OLIVOS";"PRIVADO";"II-E";"00009641";"CLINICA MUNDO SALUD SAC";"240000";"HOSPITALIZACIÓN";"82";"87";"180";"208";"12";"284";"0"
"2023";"04";"021905";"ANCASH";"SIHUAS";"CHINGALPO";"GOBIERNO REGIONAL";"I-1";"00001754";"PUESTO DE SALUD SAN MIGUEL";"NE_0002";"";"NE_0002";"NE_0002";"NE_0002";"NE_0002";"NE_0002";"NE_0002";"NE_0002"
"2023";"04";"021903";"ANCASH";"SIHUAS";"ALFONSO UGARTE";"GOBIERNO REGIONAL";"I-1";"00001805";"PUESTO DE SALUD ULLOLLUCO";"NE_0002";"";"NE_0002";"NE_0002";"NE_0002";"NE_0002";"NE_0002";"NE_0002";"NE_0002"
"2023";"04";"021907";"ANCASH";"SIHUAS";"QUICHES";"GOBIERNO REGIONAL";"I-3";"00001806";"CENTRO DE SALUD QUICHES";"241400";"HOSPITALIZACIÓN QUIRÚRGICA GINECO - OBSTETRICIA ";"2";"2";"2";"2";"2";"5";"0"
"2023";"04";"150130";"LIMA";"LIMA";"SAN BORJA";"PRIVADO";"II-E";"00011547";"CLINICA CONTINENTAL";"NE_0002";"";"NE_0002";"NE_0002";"NE_0002";"NE_0002";"NE_0002";"NE_0002";"NE_0002"
"2023";"04";"150141";"LIMA";"LIMA";"SURQUILLO";"PRIVADO";"II-E";"00012947";"CLINICA SANTA MARIA";"240000";"HOSPITALIZACIÓN";"169";"169";"267";"268";"20";"600";"1"
"2023";"04";"150110";"LIMA";"LIMA";"COMAS";"PRIVADO";"II-1";"00008519";"CLINICA UNIVERSITARIA";"240000";"HOSPITALIZACIÓN";"292";"250";"442";"314";"25";"461";"0"
"2023";"04";"220203";"SAN MARTIN";"BELLAVISTA";"BAJO BIAVO";"GOBIERNO REGIONAL";"I-1";"00006520";"NUEVO TARAPOTO";"NE_0002";"";"NE_0002";"NE_0002";"NE_0002";"NE_0002";"NE_0002";"NE_0002";"NE_0002"
"2023";"04";"220203";"SAN MARTIN";"BELLAVISTA";"BAJO BIAVO";"GOBIERNO REGIONAL";"I-1";"00006523";"SANTA ELENA";"NE_0002";"";"NE_0002";"NE_0002";"NE_0002";"NE_0002";"NE_0002";"NE_0002";"NE_0002"
"2023";"04";"220203";"SAN MARTIN";"BELLAVISTA";"BAJO BIAVO";"GOBIERNO REGIONAL";"I-4";"00006519";"NUEVO LIMA";"241600";"HOSPITALIZACIÓN QUIRÚRGICA OBSTETRICIA   ";"4";"4";"4";"3";"3";"90";"0"
"2023";"04";"220203";"SAN MARTIN";"BELLAVISTA";"BAJO BIAVO";"GOBIERNO REGIONAL";"I-1";"00006522";"LA UNION";"NE_0002";"";"NE_0002";"NE_0002";"NE_0002";"NE_0002";"NE_0002";"NE_0002";"NE_0002"
"2023";"04";"220203";"SAN MARTIN";"BELLAVISTA";"BAJO BIAVO";"GOBIERNO REGIONAL";"I-1";"00006521";"DOS UNIDOS";"NE_0002";"";"NE_0002";"NE_0002";"NE_0002";"NE_0002";"NE_0002";"NE_0002";"NE_0002"
"2023";"04";"220203";"SAN MARTIN";"BELLAVISTA";"BAJO BIAVO";"GOBIERNO REGIONAL";"I-1";"00011343";"YANAYACU";"NE_0002";"";"NE_0002";"NE_0002";"NE_0002";"NE_0002";"NE_0002";"NE_0002";"NE_0002"
"2023";"04";"060101";"CAJAMARCA";"CAJAMARCA";"CAJAMARCA";"PRIVADO";"0";"00018126";"LABORATORIO LLONTOP S.R.L.";"NE_0001";"";"NE_0001";"NE_0001";"NE_0001";"NE_0001";"NE_0001";"NE_0001";"NE_0001"
"2023";"04";"120114";"JUNIN";"HUANCAYO";"EL TAMBO";"ESSALUD";"I-4";"00008660";"POLICLINICO METROPOLITANO HUANCAYO";"NE_0001";"";"NE_0001";"NE_0001";"NE_0001";"NE_0001";"NE_0001";"NE_0001";"NE_0001"
"2023";"05";"070104";"CALLAO";"CALLAO";"LA PERLA";"SANIDAD DE LA POLICIA NACIONAL DEL PERU";"I-3";"00010557";"POLICLINICO  POLICIAL CALLAO";"NE_0001";"";"NE_0001";"NE_0001";"NE_0001";"NE_0001";"NE_0001";"NE_0001";"NE_0001"
"2023";"05";"150101";"LIMA";"LIMA";"LIMA";"SANIDAD DE LA POLICIA NACIONAL DEL PERU";"I-3";"00017391";"POLICLINICO COIP";"NE_0001";"";"NE_0001";"NE_0001";"NE_0001";"NE_0001";"NE_0001";"NE_0001";"NE_0001"
"2023";"05";"110101";"ICA";"ICA";"ICA";"PRIVADO";"II-1";"00015963";"LA CLINICA DE ICA DR. JULIO TATAJE BARRIGA SRL";"240100";"HOSPITALIZACIÓN QUIRÚRGICA CIRUGÍA GENERAL ";"7";"7";"7";"7";"7";"217";"0"
"2023";"05";"200104";"PIURA";"PIURA";"CASTILLA";"PRIVADO";"0";"00013494";"AUNA CLINICA MIRAFLORES";"240000";"HOSPITALIZACIÓN";"35";"138";"625";"507";"40";"1240";"0"
"2023";"05";"200104";"PIURA";"PIURA";"CASTILLA";"PRIVADO";"0";"00013494";"AUNA CLINICA MIRAFLORES";"250100";"UNIDAD DE CUIDADOS CRITICOS UNIDAD  DE CUIDADOS INTENSIVOS GENERALES (UCI) ";"8";"2";"9";"43";"6";"186";"1"
"2023";"05";"080601";"CUSCO";"CANCHIS";"SICUANI";"SANIDAD DE LA POLICIA NACIONAL DEL PERU";"I-2";"00024663";"SANIDAD PNP  SICUANI";"NE_0001";"";"NE_0001";"NE_0001";"NE_0001";"NE_0001";"NE_0001";"NE_0001";"NE_0001"
"2023";"05";"140101";"LAMBAYEQUE";"CHICLAYO";"CHICLAYO";"SANIDAD DE LA POLICIA NACIONAL DEL PERU";"I-4";"00011833";"HOSPITAL REGIONAL POLICIAL CHICLAYO";"241600";"HOSPITALIZACIÓN QUIRÚRGICA OBSTETRICIA   ";"1";"1";"1";"5";"3";"93";"0"
"2023";"05";"140101";"LAMBAYEQUE";"CHICLAYO";"CHICLAYO";"SANIDAD DE LA POLICIA NACIONAL DEL PERU";"I-4";"00011833";"HOSPITAL REGIONAL POLICIAL CHICLAYO";"241800";"HOSPITALIZACIÓN DE MEDICINA MEDICINA GENERAL ";"78";"79";"327";"368";"29";"899";"1"
"2023";"05";"220511";"SAN MARTIN";"LAMAS";"ZAPATERO";"GOBIERNO REGIONAL";"I-1";"00006399";"ZAPATERO";"NE_0002";"";"NE_0002";"NE_0002";"NE_0002";"NE_0002";"NE_0002";"NE_0002";"NE_0002"
"2023";"05";"220511";"SAN MARTIN";"LAMAS";"ZAPATERO";"GOBIERNO REGIONAL";"I-1";"00006406";"NUEVO MUNDO";"NE_0002";"";"NE_0002";"NE_0002";"NE_0002";"NE_0002";"NE_0002";"NE_0002";"NE_0002"
"2023";"05";"220505";"SAN MARTIN";"LAMAS";"CUÑUMBUQUI";"GOBIERNO REGIONAL";"I-1";"00006378";"MAMONAQUIHUA";"NE_0002";"";"NE_0002";"NE_0002";"NE_0002";"NE_0002";"NE_0002";"NE_0002";"NE_0002"
"2023";"05";"220505";"SAN MARTIN";"LAMAS";"CUÑUMBUQUI";"GOBIERNO REGIONAL";"I-1";"00006397";"SAN RAFAEL DEL RIO MAYO";"NE_0002";"";"NE_0002";"NE_0002";"NE_0002";"NE_0002";"NE_0002";"NE_0002";"NE_0002"
"2023";"05";"220505";"SAN MARTIN";"LAMAS";"CUÑUMBUQUI";"GOBIERNO REGIONAL";"I-1";"00006377";"LAS FLORES DE MAMONAQUIHUA";"NE_0002";"";"NE_0002";"NE_0002";"NE_0002";"NE_0002";"NE_0002";"NE_0002";"NE_0002"
"2023";"05";"070101";"CALLAO";"CALLAO";"CALLAO";"PRIVADO";"I-2";"00011182";"CONSULTORIOS LIMATAMBO SEDE MINKA";"NE_0001";"";"NE_0001";"NE_0001";"NE_0001";"NE_0001";"NE_0001";"NE_0001";"NE_0001"
"2023";"05";"220303";"SAN MARTIN";"EL DORADO";"SAN MARTIN";"GOBIERNO REGIONAL";"I-1";"00006494";"SINAMI";"NE_0001";"";"NE_0001";"NE_0001";"NE_0001";"NE_0001";"NE_0001";"NE_0001";"NE_0001"
"2023";"05";"220303";"SAN MARTIN";"EL DORADO";"SAN MARTIN";"GOBIERNO REGIONAL";"I-1";"00007391";"CASHNAHUASI";"NE_0001";"";"NE_0001";"NE_0001";"NE_0001";"NE_0001";"NE_0001";"NE_0001";"NE_0001"
"2023";"05";"220303";"SAN MARTIN";"EL DORADO";"SAN MARTIN";"GOBIERNO REGIONAL";"I-1";"00007392";"BUENA VISTA";"NE_0001";"";"NE_0001";"NE_0001";"NE_0001";"NE_0001";"NE_0001";"NE_0001";"NE_0001"
"2023";"05";"220303";"SAN MARTIN";"EL DORADO";"SAN MARTIN";"GOBIERNO REGIONAL";"I-1";"00007644";"PACAYPAMPA";"NE_0001";"";"NE_0001";"NE_0001";"NE_0001";"NE_0001";"NE_0001";"NE_0001";"NE_0001"
"2023";"05";"220305";"SAN MARTIN";"EL DORADO";"SHATOJA";"GOBIERNO REGIONAL";"I-1";"00006493";"SHATOJA";"NE_0001";"";"NE_0001";"NE_0001";"NE_0001";"NE_0001";"NE_0001";"NE_0001";"NE_0001"
"2023";"05";"060401";"CAJAMARCA";"CHOTA";"CHOTA";"GOBIERNO REGIONAL";"II-1";"00004659";"HOSPITAL DE APOYO CHOTA - JOSE SOTO CADENILLAS";"240100";"HOSPITALIZACIÓN QUIRÚRGICA CIRUGÍA GENERAL ";"85";"93";"342";"235";"18";"558";"0"
"2023";"05";"060401";"CAJAMARCA";"CHOTA";"CHOTA";"GOBIERNO REGIONAL";"II-1";"00004659";"HOSPITAL DE APOYO CHOTA - JOSE SOTO CADENILLAS";"241400";"HOSPITALIZACIÓN QUIRÚRGICA GINECO - OBSTETRICIA ";"170";"177";"419";"399";"22";"682";"0"
"2023";"05";"060401";"CAJAMARCA";"CHOTA";"CHOTA";"GOBIERNO REGIONAL";"II-1";"00004659";"HOSPITAL DE APOYO CHOTA - JOSE SOTO CADENILLAS";"241800";"HOSPITALIZACIÓN DE MEDICINA MEDICINA GENERAL ";"53";"66";"328";"353";"12";"372";"8"
"2023";"05";"060401";"CAJAMARCA";"CHOTA";"CHOTA";"GOBIERNO REGIONAL";"II-1";"00004659";"HOSPITAL DE APOYO CHOTA - JOSE SOTO CADENILLAS";"242500";"HOSPITALIZACIÓN-PEDIATRÍA GENERAL-";"75";"79";"222";"248";"8";"248";"0"
"2023";"05";"220602";"SAN MARTIN";"MARISCAL CACERES";"CAMPANILLA";"GOBIERNO REGIONAL";"I-1";"00006576";"BALZAYACU";"NE_0001";"";"NE_0001";"NE_0001";"NE_0001";"NE_0001";"NE_0001";"NE_0001";"NE_0001"
"2023";"05";"150101";"LIMA";"LIMA";"LIMA";"OTRO";"III-2";"00027929";"INSTITUTO DE MEDICINA LEGAL DEL PERÚ";"NE_0001";"";"NE_0001";"NE_0001";"NE_0001";"NE_0001";"NE_0001";"NE_0001";"NE_0001"
"2023";"05";"150141";"LIMA";"LIMA";"SURQUILLO";"PRIVADO";"II-E";"00012947";"CLINICA SANTA MARIA";"240000";"HOSPITALIZACIÓN";"142";"141";"222";"223";"20";"620";"0"
"2023";"05";"130906";"LA LIBERTAD";"SANCHEZ CARRION";"SANAGORAN";"GOBIERNO REGIONAL";"I-2";"00005360";"VENTANAS";"NE_0001";"";"NE_0001";"NE_0001";"NE_0001";"NE_0001";"NE_0001";"NE_0001";"NE_0001"
"2023";"05";"130906";"LA LIBERTAD";"SANCHEZ CARRION";"SANAGORAN";"GOBIERNO REGIONAL";"I-1";"00019765";"24 DE JUNIO";"NE_0001";"";"NE_0001";"NE_0001";"NE_0001";"NE_0001";"NE_0001";"NE_0001";"NE_0001"
"2023";"05";"130906";"LA LIBERTAD";"SANCHEZ CARRION";"SANAGORAN";"GOBIERNO REGIONAL";"I-2";"00007241";"CORRAL GRANDE";"NE_0001";"";"NE_0001";"NE_0001";"NE_0001";"NE_0001";"NE_0001";"NE_0001";"NE_0001"
"2023";"05";"040107";"AREQUIPA";"AREQUIPA";"JACOBO HUNTER";"GOBIERNO REGIONAL";"I-2";"00001273";"PUESTO DE SALUD DANIEL ALCIDES CARRION";"NE_0001";"";"NE_0001";"NE_0001";"NE_0001";"NE_0001";"NE_0001";"NE_0001";"NE_0001"
"2023";"05";"040107";"AREQUIPA";"AREQUIPA";"JACOBO HUNTER";"GOBIERNO REGIONAL";"I-4";"00001259";"CENTRO DE SALUD JAVIER LLOSA GARCIA -  HUNTER";"241600";"HOSPITALIZACIÓN QUIRÚRGICA OBSTETRICIA   ";"22";"22";"22";"1";"15";"16";"0"
"2023";"05";"040107";"AREQUIPA";"AREQUIPA";"JACOBO HUNTER";"GOBIERNO REGIONAL";"I-2";"00001276";"PUESTO DE SALUD CAMINOS DEL INCA";"NE_0001";"";"NE_0001";"NE_0001";"NE_0001";"NE_0001";"NE_0001";"NE_0001";"NE_0001"
"2023";"05";"040107";"AREQUIPA";"AREQUIPA";"JACOBO HUNTER";"GOBIERNO REGIONAL";"I-2";"00001274";"PUESTO DE SALUD AMPLIACION PAMPAS DEL CUZCO";"NE_0001";"";"NE_0001";"NE_0001";"NE_0001";"NE_0001";"NE_0001";"NE_0001";"NE_0001"
"2023";"05";"040107";"AREQUIPA";"AREQUIPA";"JACOBO HUNTER";"GOBIERNO REGIONAL";"I-2";"00001277";"PUESTO DE SALUD ALTO ALIANZA";"NE_0001";"";"NE_0001";"NE_0001";"NE_0001";"NE_0001";"NE_0001";"NE_0001";"NE_0001"
"2023";"05";"040107";"AREQUIPA";"AREQUIPA";"JACOBO HUNTER";"GOBIERNO REGIONAL";"I-3";"00001279";"PUESTO DE SALUD UPIS PAISAJISTA";"NE_0001";"";"NE_0001";"NE_0001";"NE_0001";"NE_0001";"NE_0001";"NE_0001";"NE_0001"
"2023";"05";"200101";"PIURA";"PIURA";"PIURA";"PRIVADO";"II-E";"00014092";"CLINICA SANTIVAÑEZ";"240800";"HOSPITALIZACIÓN QUIRÚRGICA CIRUGÍA PLÁSTICA/RECONSTRUCTIVA/ REPARADORA ";"11";"11";"11";"11";"3";"93";"0"
"2023";"05";"150140";"LIMA";"LIMA";"SANTIAGO DE SURCO";"PRIVADO";"I-3";"00024299";"CLINICA INTERNACIONAL - SEDE SURCO";"NE_0001";"";"NE_0001";"NE_0001";"NE_0001";"NE_0001";"NE_0001";"NE_0001";"NE_0001"
"2023";"05";"150101";"LIMA";"LIMA";"LIMA";"PRIVADO";"II-2";"00015610";"Clínica Internacional - Sede Lima";"240000";"HOSPITALIZACIÓN";"581";"591";"2694";"2018";"83";"2573";"0"
"2023";"05";"090101";"HUANCAVELICA";"HUANCAVELICA";"HUANCAVELICA";"GOBIERNO REGIONAL";"II-2";"00003853";"HOSPITAL DEPARTAMENTAL DE HUANCAVELICA";"240100";"HOSPITALIZACIÓN QUIRÚRGICA CIRUGÍA GENERAL ";"81";"81";"376";"330";"20";"600";"0"
"2023";"05";"090101";"HUANCAVELICA";"HUANCAVELICA";"HUANCAVELICA";"GOBIERNO REGIONAL";"II-2";"00003853";"HOSPITAL DEPARTAMENTAL DE HUANCAVELICA";"241200";"HOSPITALIZACIÓN QUIRÚRGICA TRAUMATOLOGÍA Y ORTOPEDIA ";"32";"32";"179";"270";"9";"270";"0"
"2023";"05";"090101";"HUANCAVELICA";"HUANCAVELICA";"HUANCAVELICA";"GOBIERNO REGIONAL";"II-2";"00003853";"HOSPITAL DEPARTAMENTAL DE HUANCAVELICA";"241400";"HOSPITALIZACIÓN QUIRÚRGICA GINECO - OBSTETRICIA ";"81";"81";"209";"360";"18";"540";"0"
"2023";"05";"090101";"HUANCAVELICA";"HUANCAVELICA";"HUANCAVELICA";"GOBIERNO REGIONAL";"II-2";"00003853";"HOSPITAL DEPARTAMENTAL DE HUANCAVELICA";"241500";"HOSPITALIZACIÓN QUIRÚRGICA GINECOLOGÍA  ";"48";"48";"120";"270";"18";"540";"0"
"2023";"05";"090101";"HUANCAVELICA";"HUANCAVELICA";"HUANCAVELICA";"GOBIERNO REGIONAL";"II-2";"00003853";"HOSPITAL DEPARTAMENTAL DE HUANCAVELICA";"241800";"HOSPITALIZACIÓN DE MEDICINA MEDICINA GENERAL ";"98";"98";"523";"180";"20";"600";"7"
"2023";"05";"090101";"HUANCAVELICA";"HUANCAVELICA";"HUANCAVELICA";"GOBIERNO REGIONAL";"II-2";"00003853";"HOSPITAL DEPARTAMENTAL DE HUANCAVELICA";"242300";"HOSPITALIZACIÓN DE PEDIATRÍA  PEDIATRÍA  GENERAL ";"53";"53";"306";"240";"11";"330";"1"
"2023";"05";"090101";"HUANCAVELICA";"HUANCAVELICA";"HUANCAVELICA";"GOBIERNO REGIONAL";"II-2";"00003853";"HOSPITAL DEPARTAMENTAL DE HUANCAVELICA";"243200";"HOSPITALIZACIÓN DE PEDIATRÍA PEDIATRIA NEONATOLOGÍA";"49";"49";"205";"330";"16";"480";"0"
"2023";"05";"090101";"HUANCAVELICA";"HUANCAVELICA";"HUANCAVELICA";"GOBIERNO REGIONAL";"II-2";"00003853";"HOSPITAL DEPARTAMENTAL DE HUANCAVELICA";"250103";"UNIDAD DE CUIDADOS CRITICOS UNIDAD  DE CUIDADOS INTENSIVOS GENERALES  (UCI) MEDICINA";"1";"1";"14";"240";"20";"600";"1"
"2023";"05";"230101";"TACNA";"TACNA";"TACNA";"GOBIERNO REGIONAL";"II-2";"00002864";"HOSPITAL HIPOLITO UNANUE DE TACNA";"250100";"UNIDAD DE CUIDADOS CRITICOS UNIDAD  DE CUIDADOS INTENSIVOS GENERALES (UCI) ";"7";"6";"20";"112";"6";"186";"1"
"2023";"05";"230101";"TACNA";"TACNA";"TACNA";"GOBIERNO REGIONAL";"II-2";"00002864";"HOSPITAL HIPOLITO UNANUE DE TACNA";"250400";"UNIDAD DE CUIDADOS CRITICOS UNIDAD DE QUEMADOS (GRAN QUEMADO) ";"14";"11";"31";"104";"4";"124";"0"
"2023";"05";"230101";"TACNA";"TACNA";"TACNA";"GOBIERNO REGIONAL";"II-2";"00002864";"HOSPITAL HIPOLITO UNANUE DE TACNA";"242000";"HOSPITALIZACIÓN DE MEDICINA MEDICINA TROPICAL E INFECCIOSAS ";"2";"3";"7";"39";"3";"93";"0"
"2023";"05";"220507";"SAN MARTIN";"LAMAS";"RUMISAPA";"GOBIERNO REGIONAL";"I-1";"00006391";"RUMIZAPA";"NE_0001";"";"NE_0001";"NE_0001";"NE_0001";"NE_0001";"NE_0001";"NE_0001";"NE_0001"
"2023";"05";"220508";"SAN MARTIN";"LAMAS";"SAN ROQUE DE CUMBAZA";"GOBIERNO REGIONAL";"I-1";"00006358";"YURILAMAS";"NE_0001";"";"NE_0001";"NE_0001";"NE_0001";"NE_0001";"NE_0001";"NE_0001";"NE_0001"
"2023";"05";"220507";"SAN MARTIN";"LAMAS";"RUMISAPA";"GOBIERNO REGIONAL";"I-1";"00006389";"CHURUZAPA";"NE_0001";"";"NE_0001";"NE_0001";"NE_0001";"NE_0001";"NE_0001";"NE_0001";"NE_0001"
"2023";"05";"220501";"SAN MARTIN";"LAMAS";"LAMAS";"GOBIERNO REGIONAL";"I-1";"00006390";"LAS FLORES DEL RIO MAYO";"NE_0001";"";"NE_0001";"NE_0001";"NE_0001";"NE_0001";"NE_0001";"NE_0001";"NE_0001"
"2023";"05";"220501";"SAN MARTIN";"LAMAS";"LAMAS";"GOBIERNO REGIONAL";"I-1";"00006388";"SAN ANTONIO RIO MAYO";"NE_0001";"";"NE_0001";"NE_0001";"NE_0001";"NE_0001";"NE_0001";"NE_0001";"NE_0001"
"2023";"03";"120607";"JUNIN";"SATIPO";"RIO NEGRO";"GOBIERNO REGIONAL";"I-2";"00000499";"PUENTE IPOKI";"NE_0001";"";"NE_0001";"NE_0001";"NE_0001";"NE_0001";"NE_0001";"NE_0001";"NE_0001"
"2023";"03";"120601";"JUNIN";"SATIPO";"SATIPO";"GOBIERNO REGIONAL";"I-2";"00000481";"PARATUSHALI";"NE_0001";"";"NE_0001";"NE_0001";"NE_0001";"NE_0001";"NE_0001";"NE_0001";"NE_0001"
"2023";"03";"120607";"JUNIN";"SATIPO";"RIO NEGRO";"GOBIERNO REGIONAL";"I-2";"00000497";"RIO CHARI ALTO";"NE_0001";"";"NE_0001";"NE_0001";"NE_0001";"NE_0001";"NE_0001";"NE_0001";"NE_0001"
"2023";"03";"120608";"JUNIN";"SATIPO";"RIO TAMBO";"GOBIERNO REGIONAL";"I-2";"00000500";"AOTI";"NE_0001";"";"NE_0001";"NE_0001";"NE_0001";"NE_0001";"NE_0001";"NE_0001";"NE_0001"
"2023";"03";"120607";"JUNIN";"SATIPO";"RIO NEGRO";"GOBIERNO REGIONAL";"I-2";"00000501";"ALTO PITOCUNA";"NE_0001";"";"NE_0001";"NE_0001";"NE_0001";"NE_0001";"NE_0001";"NE_0001";"NE_0001"
"2023";"03";"120601";"JUNIN";"SATIPO";"SATIPO";"GOBIERNO REGIONAL";"I-1";"00010502";"BELLA ESPERANZA";"NE_0001";"";"NE_0001";"NE_0001";"NE_0001";"NE_0001";"NE_0001";"NE_0001";"NE_0001"
"2023";"03";"120607";"JUNIN";"SATIPO";"RIO NEGRO";"GOBIERNO REGIONAL";"I-2";"00000498";"PITOCUNA";"NE_0001";"";"NE_0001";"NE_0001";"NE_0001";"NE_0001";"NE_0001";"NE_0001";"NE_0001"
"2023";"03";"120608";"JUNIN";"SATIPO";"RIO TAMBO";"GOBIERNO REGIONAL";"I-1";"00006877";"CHONTAKIARI";"NE_0001";"";"NE_0001";"NE_0001";"NE_0001";"NE_0001";"NE_0001";"NE_0001";"NE_0001"
"2023";"03";"120601";"JUNIN";"SATIPO";"SATIPO";"GOBIERNO REGIONAL";"I-1";"00000480";"BAJO CAPIRO";"NE_0001";"";"NE_0001";"NE_0001";"NE_0001";"NE_0001";"NE_0001";"NE_0001";"NE_0001"
"2023";"03";"120607";"JUNIN";"SATIPO";"RIO NEGRO";"GOBIERNO REGIONAL";"I-2";"00000503";"UNION CUVIRIAKI";"NE_0001";"";"NE_0001";"NE_0001";"NE_0001";"NE_0001";"NE_0001";"NE_0001";"NE_0001"
"2023";"03";"120607";"JUNIN";"SATIPO";"RIO NEGRO";"GOBIERNO REGIONAL";"I-1";"00000504";"SHABASHIPANGO";"NE_0001";"";"NE_0001";"NE_0001";"NE_0001";"NE_0001";"NE_0001";"NE_0001";"NE_0001"
"2023";"03";"120601";"JUNIN";"SATIPO";"SATIPO";"GOBIERNO REGIONAL";"I-1";"00013864";"CANAAN DEL NORTE";"NE_0001";"";"NE_0001";"NE_0001";"NE_0001";"NE_0001";"NE_0001";"NE_0001";"NE_0001"
"2023";"03";"120601";"JUNIN";"SATIPO";"SATIPO";"GOBIERNO REGIONAL";"I-2";"00000478";"RIO VENADO";"NE_0001";"";"NE_0001";"NE_0001";"NE_0001";"NE_0001";"NE_0001";"NE_0001";"NE_0001"
"2023";"03";"150136";"LIMA";"LIMA";"SAN MIGUEL";"PRIVADO";"II-2";"00014501";"CLINICA SAN GABRIEL S.A.C.";"250105";"UNIDAD DE CUIDADOS CRITICOS UNIDAD  DE CUIDADOS INTENSIVOS  (UCI) NEONATOLOGÍA";"5";"2";"3";"28";"6";"186";"0"
"2023";"03";"150136";"LIMA";"LIMA";"SAN MIGUEL";"PRIVADO";"II-2";"00014501";"CLINICA SAN GABRIEL S.A.C.";"250100";"UNIDAD DE CUIDADOS CRITICOS UNIDAD  DE CUIDADOS INTENSIVOS GENERALES (UCI) ";"67";"66";"187";"252";"12";"372";"5"
"2023";"03";"150136";"LIMA";"LIMA";"SAN MIGUEL";"PRIVADO";"II-2";"00014501";"CLINICA SAN GABRIEL S.A.C.";"240000";"HOSPITALIZACIÓN";"782";"760";"2246";"3057";"99";"3069";"2"
"2023";"03";"160301";"LORETO";"LORETO";"NAUTA";"ESSALUD";"I-3";"00011403";"CENTRO DE ATENCION PRIMARIA II NAUTA";"NE_0001";"";"NE_0001";"NE_0001";"NE_0001";"NE_0001";"NE_0001";"NE_0001";"NE_0001"
"2023";"03";"140101";"LAMBAYEQUE";"CHICLAYO";"CHICLAYO";"PRIVADO";"II-E";"00026706";"CLINICA UNION SAC.";"241400";"HOSPITALIZACIÓN QUIRÚRGICA GINECO - OBSTETRICIA ";"81";"78";"122";"150";"6";"160";"0"
"2023";"03";"140101";"LAMBAYEQUE";"CHICLAYO";"CHICLAYO";"PRIVADO";"II-E";"00026706";"CLINICA UNION SAC.";"240100";"HOSPITALIZACIÓN QUIRÚRGICA CIRUGÍA GENERAL ";"71";"67";"107";"115";"3";"120";"0"
"2023";"03";"140101";"LAMBAYEQUE";"CHICLAYO";"CHICLAYO";"PRIVADO";"II-E";"00026706";"CLINICA UNION SAC.";"241300";"HOSPITALIZACIÓN QUIRÚRGICA UROLOGÍA  ";"32";"27";"64";"70";"2";"80";"0"
"2023";"03";"140101";"LAMBAYEQUE";"CHICLAYO";"CHICLAYO";"PRIVADO";"II-E";"00026706";"CLINICA UNION SAC.";"240200";"HOSPITALIZACIÓN QUIRÚRGICA CIRUGÍA DE CABEZA Y CUELLO / MÁXILO FACIAL ";"14";"13";"42";"65";"1";"75";"0"
"2023";"03";"140101";"LAMBAYEQUE";"CHICLAYO";"CHICLAYO";"PRIVADO";"II-E";"00026706";"CLINICA UNION SAC.";"241200";"HOSPITALIZACIÓN QUIRÚRGICA TRAUMATOLOGÍA Y ORTOPEDIA ";"5";"4";"15";"18";"1";"25";"0"
"2023";"03";"140101";"LAMBAYEQUE";"CHICLAYO";"CHICLAYO";"PRIVADO";"II-E";"00026706";"CLINICA UNION SAC.";"240800";"HOSPITALIZACIÓN QUIRÚRGICA CIRUGÍA PLÁSTICA/RECONSTRUCTIVA/ REPARADORA ";"1";"1";"2";"25";"1";"36";"0"
"2023";"03";"140101";"LAMBAYEQUE";"CHICLAYO";"CHICLAYO";"PRIVADO";"II-E";"00026706";"CLINICA UNION SAC.";"240400";"HOSPITALIZACIÓN QUIRÚRGICA CIRUGÍA DE TÓRAX Y CARDIOVASCULAR ";"4";"3";"12";"18";"1";"24";"0"
"2023";"03";"140101";"LAMBAYEQUE";"CHICLAYO";"CHICLAYO";"PRIVADO";"II-E";"00026706";"CLINICA UNION SAC.";"240900";"HOSPITALIZACIÓN QUIRÚRGICA NEUROCIRUGÍA ";"4";"1";"15";"20";"1";"30";"0"
"2023";"03";"140101";"LAMBAYEQUE";"CHICLAYO";"CHICLAYO";"PRIVADO";"II-E";"00026706";"CLINICA UNION SAC.";"241900";"HOSPITALIZACIÓN DE MEDICINA MEDICINA INTERNA ";"3";"2";"6";"8";"1";"12";"0"
"2023";"03";"080605";"CUSCO";"CANCHIS";"PITUMARCA";"GOBIERNO REGIONAL";"I-1";"00002393";"PHINAYA";"NE_0001";"";"NE_0001";"NE_0001";"NE_0001";"NE_0001";"NE_0001";"NE_0001";"NE_0001"
"2023";"03";"080601";"CUSCO";"CANCHIS";"SICUANI";"GOBIERNO REGIONAL";"I-2";"00002381";"QUEHUAR";"NE_0001";"";"NE_0001";"NE_0001";"NE_0001";"NE_0001";"NE_0001";"NE_0001";"NE_0001"
"2023";"03";"080606";"CUSCO";"CANCHIS";"SAN PABLO";"GOBIERNO REGIONAL";"I-2";"00002394";"SAN PABLO CANCHIS";"NE_0001";"";"NE_0001";"NE_0001";"NE_0001";"NE_0001";"NE_0001";"NE_0001";"NE_0001"
"2023";"03";"080606";"CUSCO";"CANCHIS";"SAN PABLO";"GOBIERNO REGIONAL";"I-2";"00002395";"SANTA BARBARA";"NE_0001";"";"NE_0001";"NE_0001";"NE_0001";"NE_0001";"NE_0001";"NE_0001";"NE_0001"
"2023";"03";"080601";"CUSCO";"CANCHIS";"SICUANI";"GOBIERNO REGIONAL";"I-1";"00002382";"UZCUPATA";"NE_0001";"";"NE_0001";"NE_0001";"NE_0001";"NE_0001";"NE_0001";"NE_0001";"NE_0001"
"2023";"03";"080601";"CUSCO";"CANCHIS";"SICUANI";"GOBIERNO REGIONAL";"I-3";"00002384";"PAMPAPHALLA";"NE_0001";"";"NE_0001";"NE_0001";"NE_0001";"NE_0001";"NE_0001";"NE_0001";"NE_0001"
"2023";"03";"080601";"CUSCO";"CANCHIS";"SICUANI";"GOBIERNO REGIONAL";"I-2";"00026387";"MENTAL COMUNITARIO SICUANI";"NE_0001";"";"NE_0001";"NE_0001";"NE_0001";"NE_0001";"NE_0001";"NE_0001";"NE_0001"
"2023";"03";"080601";"CUSCO";"CANCHIS";"SICUANI";"GOBIERNO REGIONAL";"I-2";"00002383";"LA FLORIDA";"NE_0001";"";"NE_0001";"NE_0001";"NE_0001";"NE_0001";"NE_0001";"NE_0001";"NE_0001"
"2023";"03";"080607";"CUSCO";"CANCHIS";"SAN PEDRO";"GOBIERNO REGIONAL";"I-2";"00002396";"SAN PEDRO CANCHIS";"NE_0001";"";"NE_0001";"NE_0001";"NE_0001";"NE_0001";"NE_0001";"NE_0001";"NE_0001"
"2023";"04";"061007";"CAJAMARCA";"SAN MARCOS";"JOSE SABOGAL";"GOBIERNO REGIONAL";"I-2";"00004497";"MALAT";"NE_0001";"";"NE_0001";"NE_0001";"NE_0001";"NE_0001";"NE_0001";"NE_0001";"NE_0001"
"2023";"04";"061007";"CAJAMARCA";"SAN MARCOS";"JOSE SABOGAL";"GOBIERNO REGIONAL";"I-1";"00004499";"MATIBAMBA";"NE_0001";"";"NE_0001";"NE_0001";"NE_0001";"NE_0001";"NE_0001";"NE_0001";"NE_0001"
"2023";"04";"061007";"CAJAMARCA";"SAN MARCOS";"JOSE SABOGAL";"GOBIERNO REGIONAL";"I-1";"00004495";"HUAGAL";"NE_0001";"";"NE_0001";"NE_0001";"NE_0001";"NE_0001";"NE_0001";"NE_0001";"NE_0001"
"2023";"04";"061007";"CAJAMARCA";"SAN MARCOS";"JOSE SABOGAL";"GOBIERNO REGIONAL";"I-2";"00004498";"LICLICONGA";"NE_0001";"";"NE_0001";"NE_0001";"NE_0001";"NE_0001";"NE_0001";"NE_0001";"NE_0001"
"2023";"04";"061007";"CAJAMARCA";"SAN MARCOS";"JOSE SABOGAL";"GOBIERNO REGIONAL";"I-3";"00004500";"JOSE SABOGAL";"NE_0001";"";"NE_0001";"NE_0001";"NE_0001";"NE_0001";"NE_0001";"NE_0001";"NE_0001"
"2023";"04";"150121";"LIMA";"LIMA";"PUEBLO LIBRE";"PRIVADO";"II-E";"00011741";"CLÍNICA NORVISION";"NE_0001";"";"NE_0001";"NE_0001";"NE_0001";"NE_0001";"NE_0001";"NE_0001";"NE_0001"
"2023";"04";"210802";"PUNO";"MELGAR";"ANTAUTA";"ESSALUD";"I-2";"00009898";"POSTA MEDICA SAN RAFAEL - ESSALUD - RED ASISTENCIAL JULIACA";"NE_0001";"";"NE_0001";"NE_0001";"NE_0001";"NE_0001";"NE_0001";"NE_0001";"NE_0001"
"2023";"04";"150113";"LIMA";"LIMA";"JESUS MARIA";"ESSALUD";"I-3";"00008711";"POLICLINICO PABLO BERMUDEZ";"NE_0001";"";"NE_0001";"NE_0001";"NE_0001";"NE_0001";"NE_0001";"NE_0001";"NE_0001"
"2023";"04";"150103";"LIMA";"LIMA";"ATE";"MINSA";"II-1";"00005945";"HOSPITAL VITARTE";"241900";"HOSPITALIZACIÓN DE MEDICINA MEDICINA INTERNA ";"160";"160";"989";"961";"35";"1050";"4"
"2023";"04";"150103";"LIMA";"LIMA";"ATE";"MINSA";"II-1";"00005945";"HOSPITAL VITARTE";"242300";"HOSPITALIZACIÓN DE PEDIATRÍA  PEDIATRÍA  GENERAL ";"156";"151";"816";"802";"27";"810";"0"
"2023";"04";"150103";"LIMA";"LIMA";"ATE";"MINSA";"II-1";"00005945";"HOSPITAL VITARTE";"243200";"HOSPITALIZACIÓN DE PEDIATRÍA PEDIATRIA NEONATOLOGÍA";"77";"72";"273";"290";"10";"300";"1"
"2023";"04";"150103";"LIMA";"LIMA";"ATE";"MINSA";"II-1";"00005945";"HOSPITAL VITARTE";"241500";"HOSPITALIZACIÓN QUIRÚRGICA GINECOLOGÍA  ";"53";"61";"199";"173";"7";"210";"0"
"2023";"04";"150103";"LIMA";"LIMA";"ATE";"MINSA";"II-1";"00005945";"HOSPITAL VITARTE";"241400";"HOSPITALIZACIÓN QUIRÚRGICA GINECO - OBSTETRICIA ";"431";"429";"814";"825";"33";"990";"0"
"2023";"04";"150103";"LIMA";"LIMA";"ATE";"MINSA";"II-1";"00005945";"HOSPITAL VITARTE";"240100";"HOSPITALIZACIÓN QUIRÚRGICA CIRUGÍA GENERAL ";"233";"249";"843";"847";"29";"870";"0"
"2023";"04";"150103";"LIMA";"LIMA";"ATE";"MINSA";"II-1";"00005945";"HOSPITAL VITARTE";"241200";"HOSPITALIZACIÓN QUIRÚRGICA TRAUMATOLOGÍA Y ORTOPEDIA ";"38";"33";"85";"116";"8";"240";"0"
"2023";"04";"150103";"LIMA";"LIMA";"ATE";"MINSA";"II-1";"00005945";"HOSPITAL VITARTE";"241100";"HOSPITALIZACIÓN QUIRÚRGICA OTORRINOLARINGOLOGÍA  ";"13";"13";"13";"13";"1";"30";"0"
"2023";"04";"150103";"LIMA";"LIMA";"ATE";"MINSA";"II-1";"00005945";"HOSPITAL VITARTE";"241300";"HOSPITALIZACIÓN QUIRÚRGICA UROLOGÍA  ";"12";"12";"18";"18";"1";"30";"0"
"2023";"04";"150103";"LIMA";"LIMA";"ATE";"MINSA";"II-1";"00005945";"HOSPITAL VITARTE";"240600";"HOSPITALIZACIÓN QUIRÚRGICA CIRUGÍA OFTALMOLÓGICA ";"14";"14";"14";"14";"1";"30";"0"
"2023";"04";"040109";"AREQUIPA";"AREQUIPA";"MARIANO MELGAR";"GOBIERNO REGIONAL";"I-4";"00001294";"CENTRO DE SALUD MARIANO MELGAR";"241400";"HOSPITALIZACIÓN QUIRÚRGICA GINECO - OBSTETRICIA ";"10";"10";"8";"10";"3";"263";"0"
"2023";"04";"040109";"AREQUIPA";"AREQUIPA";"MARIANO MELGAR";"GOBIERNO REGIONAL";"I-2";"00001308";"PUESTO DE SALUD ATALAYA";"NE_0001";"";"NE_0001";"NE_0001";"NE_0001";"NE_0001";"NE_0001";"NE_0001";"NE_0001"
"2023";"04";"040112";"AREQUIPA";"AREQUIPA";"PAUCARPATA";"GOBIERNO REGIONAL";"I-3";"00001314";"SAN JUAN DE CIUDAD BLANCA";"NE_0001";"";"NE_0001";"NE_0001";"NE_0001";"NE_0001";"NE_0001";"NE_0001";"NE_0001"
"2023";"04";"040112";"AREQUIPA";"AREQUIPA";"PAUCARPATA";"GOBIERNO REGIONAL";"I-3";"00025066";"CENTRO DE SALUD MENTAL COMUNITARIO AYELEN";"NE_0001";"";"NE_0001";"NE_0001";"NE_0001";"NE_0001";"NE_0001";"NE_0001";"NE_0001"
"2023";"04";"150116";"LIMA";"LIMA";"LINCE";"ESSALUD";"I-3";"00017695";"CENTRO DE ATENCION PRIMARIA III ALFREDO PIAZZA ROBERTS-GSPN I Y II-RPA-ESSALUD";"NE_0001";"";"NE_0001";"NE_0001";"NE_0001";"NE_0001";"NE_0001";"NE_0001";"NE_0001"
"2023";"04";"130101";"LA LIBERTAD";"TRUJILLO";"TRUJILLO";"PRIVADO";"II-1";"00012301";"CLINICA SAN ANTONIO";"240000";"HOSPITALIZACIÓN";"5";"4";"27";"135";"23";"24";"0"
"2023";"04";"130101";"LA LIBERTAD";"TRUJILLO";"TRUJILLO";"PRIVADO";"II-1";"00012301";"CLINICA SAN ANTONIO";"240100";"HOSPITALIZACIÓN QUIRÚRGICA CIRUGÍA GENERAL ";"2";"3";"2";"4";"23";"24";"0"
"2023";"04";"130101";"LA LIBERTAD";"TRUJILLO";"TRUJILLO";"PRIVADO";"II-1";"00012301";"CLINICA SAN ANTONIO";"240000";"HOSPITALIZACIÓN";"41";"29";"144";"20";"23";"24";"0"
"2023";"04";"130101";"LA LIBERTAD";"TRUJILLO";"TRUJILLO";"PRIVADO";"II-1";"00012301";"CLINICA SAN ANTONIO";"240000";"HOSPITALIZACIÓN";"3";"9";"25";"20";"23";"24";"0"
"2023";"04";"130101";"LA LIBERTAD";"TRUJILLO";"TRUJILLO";"PRIVADO";"II-1";"00012301";"CLINICA SAN ANTONIO";"240400";"HOSPITALIZACIÓN QUIRÚRGICA CIRUGÍA DE TÓRAX Y CARDIOVASCULAR ";"2";"3";"7";"14";"23";"24";"0"
"2023";"04";"130101";"LA LIBERTAD";"TRUJILLO";"TRUJILLO";"PRIVADO";"II-1";"00012301";"CLINICA SAN ANTONIO";"240900";"HOSPITALIZACIÓN QUIRÚRGICA NEUROCIRUGÍA ";"3";"2";"19";"20";"23";"24";"0"
"2023";"04";"130101";"LA LIBERTAD";"TRUJILLO";"TRUJILLO";"PRIVADO";"II-1";"00012301";"CLINICA SAN ANTONIO";"241200";"HOSPITALIZACIÓN QUIRÚRGICA TRAUMATOLOGÍA Y ORTOPEDIA ";"10";"10";"67";"20";"23";"24";"0"
"2023";"04";"130101";"LA LIBERTAD";"TRUJILLO";"TRUJILLO";"PRIVADO";"II-1";"00012301";"CLINICA SAN ANTONIO";"244300";"HOSPITALIZACIÓN DE MEDICINA GASTROENTEROLOGÍA  ";"4";"4";"4";"16";"23";"24";"0"
"2023";"04";"100601";"HUANUCO";"LEONCIO PRADO";"RUPA-RUPA";"ESSALUD";"II-1";"00009180";"HOSPITAL I TINGO MARIA";"241800";"HOSPITALIZACIÓN DE MEDICINA MEDICINA GENERAL ";"36";"32";"128";"111";"4";"120";"2"
"2023";"04";"100601";"HUANUCO";"LEONCIO PRADO";"RUPA-RUPA";"ESSALUD";"II-1";"00009180";"HOSPITAL I TINGO MARIA";"240100";"HOSPITALIZACIÓN QUIRÚRGICA CIRUGÍA GENERAL ";"58";"60";"171";"162";"6";"180";"0"
"2023";"04";"100601";"HUANUCO";"LEONCIO PRADO";"RUPA-RUPA";"ESSALUD";"II-1";"00009180";"HOSPITAL I TINGO MARIA";"241500";"HOSPITALIZACIÓN QUIRÚRGICA GINECOLOGÍA  ";"26";"31";"87";"80";"3";"90";"0"
"2023";"04";"100601";"HUANUCO";"LEONCIO PRADO";"RUPA-RUPA";"ESSALUD";"II-1";"00009180";"HOSPITAL I TINGO MARIA";"241600";"HOSPITALIZACIÓN QUIRÚRGICA OBSTETRICIA   ";"16";"12";"21";"21";"1";"30";"0"
"2023";"04";"100601";"HUANUCO";"LEONCIO PRADO";"RUPA-RUPA";"ESSALUD";"II-1";"00009180";"HOSPITAL I TINGO MARIA";"242300";"HOSPITALIZACIÓN DE PEDIATRÍA  PEDIATRÍA  GENERAL ";"30";"31";"105";"101";"4";"120";"0"
"2023";"04";"150143";"LIMA";"LIMA";"VILLA MARIA DEL TRIUNFO";"PRIVADO";"I-4";"00010229";"CENTRO MEDICO ESPECIALIZADO VIRGEN DE LAS MERCEDES E.I.R.L";"NE_0002";"";"NE_0002";"NE_0002";"NE_0002";"NE_0002";"NE_0002";"NE_0002";"NE_0002"
"2023";"04";"050701";"AYACUCHO";"PARINACOCHAS";"CORACORA";"ESSALUD";"I-2";"00011443";"CORACORA";"NE_0001";"";"NE_0001";"NE_0001";"NE_0001";"NE_0001";"NE_0001";"NE_0001";"NE_0001"
"2023";"04";"040122";"AREQUIPA";"AREQUIPA";"SOCABAYA";"ESSALUD";"I-3";"00013298";"CAP III MELITON SALAS TEJADA";"NE_0001";"";"NE_0001";"NE_0001";"NE_0001";"NE_0001";"NE_0001";"NE_0001";"NE_0001"
"2023";"04";"061105";"CAJAMARCA";"SAN MIGUEL";"EL PRADO";"GOBIERNO REGIONAL";"I-2";"00004573";"LAMASPAMPA";"NE_0001";"";"NE_0001";"NE_0001";"NE_0001";"NE_0001";"NE_0001";"NE_0001";"NE_0001"
"2023";"04";"061105";"CAJAMARCA";"SAN MIGUEL";"EL PRADO";"GOBIERNO REGIONAL";"I-1";"00008995";"LAS PENCAS";"NE_0001";"";"NE_0001";"NE_0001";"NE_0001";"NE_0001";"NE_0001";"NE_0001";"NE_0001"
"2023";"04";"150121";"LIMA";"LIMA";"PUEBLO LIBRE";"PRIVADO";"II-E";"00020230";"CLINICA DE OJOS GLOBAL LASER";"NE_0001";"";"NE_0001";"NE_0001";"NE_0001";"NE_0001";"NE_0001";"NE_0001";"NE_0001"
"2023";"04";"120209";"JUNIN";"CONCEPCION";"MARISCAL CASTILLA";"GOBIERNO REGIONAL";"I-2";"00000686";"MARISCAL CASTILLA";"NE_0001";"";"NE_0001";"NE_0001";"NE_0001";"NE_0001";"NE_0001";"NE_0001";"NE_0001"
"2023";"04";"120135";"JUNIN";"HUANCAYO";"SANTO DOMINGO DE ACOBAMBA";"GOBIERNO REGIONAL";"I-2";"00000667";"MATICHACRA";"NE_0001";"";"NE_0001";"NE_0001";"NE_0001";"NE_0001";"NE_0001";"NE_0001";"NE_0001"
"2023";"04";"120203";"JUNIN";"CONCEPCION";"ANDAMARCA";"GOBIERNO REGIONAL";"I-2";"00000673";"PUCACOCHA";"NE_0001";"";"NE_0001";"NE_0001";"NE_0001";"NE_0001";"NE_0001";"NE_0001";"NE_0001"
"2023";"04";"120135";"JUNIN";"HUANCAYO";"SANTO DOMINGO DE ACOBAMBA";"GOBIERNO REGIONAL";"I-2";"00000744";"YUNCACHAQUICOCHA";"NE_0001";"";"NE_0001";"NE_0001";"NE_0001";"NE_0001";"NE_0001";"NE_0001";"NE_0001"
"2023";"04";"120135";"JUNIN";"HUANCAYO";"SANTO DOMINGO DE ACOBAMBA";"GOBIERNO REGIONAL";"I-1";"00007082";"HUANCAMAYO";"NE_0001";"";"NE_0001";"NE_0001";"NE_0001";"NE_0001";"NE_0001";"NE_0001";"NE_0001"
"2023";"04";"120135";"JUNIN";"HUANCAYO";"SANTO DOMINGO DE ACOBAMBA";"GOBIERNO REGIONAL";"I-1";"00012468";"LA NUEVA LIBERTAD DE PUNTO";"NE_0001";"";"NE_0001";"NE_0001";"NE_0001";"NE_0001";"NE_0001";"NE_0001";"NE_0001"
"2023";"04";"120203";"JUNIN";"CONCEPCION";"ANDAMARCA";"GOBIERNO REGIONAL";"I-1";"00019793";"HUANUCO";"NE_0001";"";"NE_0001";"NE_0001";"NE_0001";"NE_0001";"NE_0001";"NE_0001";"NE_0001"
"2023";"04";"120135";"JUNIN";"HUANCAYO";"SANTO DOMINGO DE ACOBAMBA";"GOBIERNO REGIONAL";"I-1";"00000668";"PAURAN ATICOCHA";"NE_0001";"";"NE_0001";"NE_0001";"NE_0001";"NE_0001";"NE_0001";"NE_0001";"NE_0001"
"2023";"04";"150133";"LIMA";"LIMA";"SAN JUAN DE MIRAFLORES";"MINSA";"III-1";"00005987";"HOSPITAL MARIA AUXILIADORA";"242300";"HOSPITALIZACIÓN DE PEDIATRÍA  PEDIATRÍA  GENERAL ";"190";"184";"883";"907";"48";"1440";"0"
"2023";"04";"150133";"LIMA";"LIMA";"SAN JUAN DE MIRAFLORES";"MINSA";"III-1";"00005987";"HOSPITAL MARIA AUXILIADORA";"241900";"HOSPITALIZACIÓN DE MEDICINA MEDICINA INTERNA ";"320";"349";"3288";"2851";"118";"3528";"26"
"2023";"04";"150133";"LIMA";"LIMA";"SAN JUAN DE MIRAFLORES";"MINSA";"III-1";"00005987";"HOSPITAL MARIA AUXILIADORA";"242100";"HOSPITALIZACIÓN DE MEDICINA ONCOLOGÍA MÉDICA ";"40";"51";"371";"235";"14";"420";"3"
"2023";"04";"150133";"LIMA";"LIMA";"SAN JUAN DE MIRAFLORES";"MINSA";"III-1";"00005987";"HOSPITAL MARIA AUXILIADORA";"240100";"HOSPITALIZACIÓN QUIRÚRGICA CIRUGÍA GENERAL ";"303";"320";"1881";"1914";"86";"2573";"0"
"2023";"04";"150133";"LIMA";"LIMA";"SAN JUAN DE MIRAFLORES";"MINSA";"III-1";"00005987";"HOSPITAL MARIA AUXILIADORA";"241400";"HOSPITALIZACIÓN QUIRÚRGICA GINECO - OBSTETRICIA ";"426";"444";"1362";"1380";"79";"2382";"0"
"2023";"04";"150133";"LIMA";"LIMA";"SAN JUAN DE MIRAFLORES";"MINSA";"III-1";"00005987";"HOSPITAL MARIA AUXILIADORA";"243200";"HOSPITALIZACIÓN DE PEDIATRÍA PEDIATRIA NEONATOLOGÍA";"96";"111";"1029";"839";"51";"1517";"0"
"2023";"04";"150133";"LIMA";"LIMA";"SAN JUAN DE MIRAFLORES";"MINSA";"III-1";"00005987";"HOSPITAL MARIA AUXILIADORA";"250100";"UNIDAD DE CUIDADOS CRITICOS UNIDAD  DE CUIDADOS INTENSIVOS GENERALES (UCI) ";"24";"2";"10";"319";"12";"360";"2"
"2023";"04";"150133";"LIMA";"LIMA";"SAN JUAN DE MIRAFLORES";"MINSA";"III-1";"00005987";"HOSPITAL MARIA AUXILIADORA";"250105";"UNIDAD DE CUIDADOS CRITICOS UNIDAD  DE CUIDADOS INTENSIVOS  (UCI) NEONATOLOGÍA";"9";"2";"15";"236";"9";"270";"2"
"2023";"04";"150133";"LIMA";"LIMA";"SAN JUAN DE MIRAFLORES";"MINSA";"III-1";"00005987";"HOSPITAL MARIA AUXILIADORA";"250108";"UNIDAD DE CUIDADOS CRITICOS UNIDAD  DE CUIDADOS INTENSIVOS  (UCI) PEDIÁTRICA";"10";"1";"14";"156";"6";"180";"1"
"2023";"04";"150133";"LIMA";"LIMA";"SAN JUAN DE MIRAFLORES";"MINSA";"III-1";"00005987";"HOSPITAL MARIA AUXILIADORA";"250200";"UNIDAD DE CUIDADOS CRITICOS UNIDAD DE CUIDADOS INTERMEDIOS GENERAL  (UCIN) ";"9";"1";"52";"209";"8";"240";"0"
"2023";"04";"090701";"HUANCAVELICA";"TAYACAJA";"PAMPAS";"GOBIERNO REGIONAL";"II-1";"00004074";"HOSPITAL DE PAMPAS";"241800";"HOSPITALIZACIÓN DE MEDICINA MEDICINA GENERAL ";"20";"16";"116";"103";"6";"180";"0"
"2023";"04";"090701";"HUANCAVELICA";"TAYACAJA";"PAMPAS";"GOBIERNO REGIONAL";"II-1";"00004074";"HOSPITAL DE PAMPAS";"240100";"HOSPITALIZACIÓN QUIRÚRGICA CIRUGÍA GENERAL ";"22";"19";"85";"117";"6";"180";"0"
"2023";"04";"090701";"HUANCAVELICA";"TAYACAJA";"PAMPAS";"GOBIERNO REGIONAL";"II-1";"00004074";"HOSPITAL DE PAMPAS";"241400";"HOSPITALIZACIÓN QUIRÚRGICA GINECO - OBSTETRICIA ";"71";"67";"242";"135";"12";"360";"0"
"2023";"04";"090701";"HUANCAVELICA";"TAYACAJA";"PAMPAS";"GOBIERNO REGIONAL";"II-1";"00004074";"HOSPITAL DE PAMPAS";"242500";"HOSPITALIZACIÓN-PEDIATRÍA GENERAL-";"19";"17";"56";"71";"6";"180";"0"
"2023";"04";"090701";"HUANCAVELICA";"TAYACAJA";"PAMPAS";"GOBIERNO REGIONAL";"II-1";"00004074";"HOSPITAL DE PAMPAS";"243200";"HOSPITALIZACIÓN DE PEDIATRÍA PEDIATRIA NEONATOLOGÍA";"19";"21";"72";"55";"6";"180";"0"
"2023";"04";"120302";"JUNIN";"CHANCHAMAYO";"PERENE";"GOBIERNO REGIONAL";"I-3";"00000330";"SAN FERNANDO DE KIVINAKI";"NE_0001";"";"NE_0001";"NE_0001";"NE_0001";"NE_0001";"NE_0001";"NE_0001";"NE_0001"
"2023";"04";"120302";"JUNIN";"CHANCHAMAYO";"PERENE";"GOBIERNO REGIONAL";"I-1";"00000334";"SANTA ROSA DE CAMONASHARI";"NE_0001";"";"NE_0001";"NE_0001";"NE_0001";"NE_0001";"NE_0001";"NE_0001";"NE_0001"
"2023";"04";"150130";"LIMA";"LIMA";"SAN BORJA";"PRIVADO";"II-E";"00015143";"CLINICA ASTOCONDOR";"240800";"HOSPITALIZACIÓN QUIRÚRGICA CIRUGÍA PLÁSTICA/RECONSTRUCTIVA/ REPARADORA ";"1";"1";"1";"1";"3";"48";"0"
"2023";"04";"080701";"CUSCO";"CHUMBIVILCAS";"SANTO TOMAS";"GOBIERNO REGIONAL";"I-2";"00002399";"PULPERA";"NE_0001";"";"NE_0001";"NE_0001";"NE_0001";"NE_0001";"NE_0001";"NE_0001";"NE_0001"
"2023";"04";"080708";"CUSCO";"CHUMBIVILCAS";"VELILLE";"GOBIERNO REGIONAL";"I-1";"00008912";"ALCCA VICTORIA";"NE_0001";"";"NE_0001";"NE_0001";"NE_0001";"NE_0001";"NE_0001";"NE_0001";"NE_0001"
"2023";"04";"080104";"CUSCO";"CUSCO";"SAN JERONIMO";"GOBIERNO REGIONAL";"0";"00030727";"PATRÓN SAN SEBASTIAN";"NE_0001";"";"NE_0001";"NE_0001";"NE_0001";"NE_0001";"NE_0001";"NE_0001";"NE_0001"
"2023";"04";"120101";"JUNIN";"HUANCAYO";"HUANCAYO";"PRIVADO";"II-1";"00025971";"CLINICA BILBAO";"244100";"HOSPITALIZACIÓN DE MEDICINA DERMATOLOGÍA    ";"1";"1";"7";"8";"1";"30";"0"
"2023";"04";"120101";"JUNIN";"HUANCAYO";"HUANCAYO";"PRIVADO";"II-1";"00025971";"CLINICA BILBAO";"241400";"HOSPITALIZACIÓN QUIRÚRGICA GINECO - OBSTETRICIA ";"11";"11";"20";"19";"5";"150";"0"
"2023";"04";"120101";"JUNIN";"HUANCAYO";"HUANCAYO";"PRIVADO";"II-1";"00025971";"CLINICA BILBAO";"241500";"HOSPITALIZACIÓN QUIRÚRGICA GINECOLOGÍA  ";"7";"7";"10";"9";"3";"90";"0"
"2023";"04";"120101";"JUNIN";"HUANCAYO";"HUANCAYO";"PRIVADO";"II-1";"00025971";"CLINICA BILBAO";"240100";"HOSPITALIZACIÓN QUIRÚRGICA CIRUGÍA GENERAL ";"7";"7";"16";"17";"2";"60";"0"
"2023";"04";"120101";"JUNIN";"HUANCAYO";"HUANCAYO";"PRIVADO";"II-1";"00025971";"CLINICA BILBAO";"241200";"HOSPITALIZACIÓN QUIRÚRGICA TRAUMATOLOGÍA Y ORTOPEDIA ";"1";"1";"1";"1";"1";"30";"0"
"2023";"04";"120101";"JUNIN";"HUANCAYO";"HUANCAYO";"PRIVADO";"II-1";"00025971";"CLINICA BILBAO";"241900";"HOSPITALIZACIÓN DE MEDICINA MEDICINA INTERNA ";"1";"1";"2";"3";"1";"30";"0"
"2023";"04";"120403";"JUNIN";"JAUJA";"APATA";"GOBIERNO REGIONAL";"I-3";"00000409";"APATA";"NE_0001";"";"NE_0001";"NE_0001";"NE_0001";"NE_0001";"NE_0001";"NE_0001";"NE_0001"
"2023";"04";"120403";"JUNIN";"JAUJA";"APATA";"GOBIERNO REGIONAL";"I-1";"00000413";"PAUCAR APATA";"NE_0001";"";"NE_0001";"NE_0001";"NE_0001";"NE_0001";"NE_0001";"NE_0001";"NE_0001"
"2023";"04";"120407";"JUNIN";"JAUJA";"EL MANTARO";"GOBIERNO REGIONAL";"I-1";"00000414";"EL MANTARO";"NE_0001";"";"NE_0001";"NE_0001";"NE_0001";"NE_0001";"NE_0001";"NE_0001";"NE_0001"
"2023";"04";"120403";"JUNIN";"JAUJA";"APATA";"GOBIERNO REGIONAL";"I-1";"00000412";"CHICCHE";"NE_0001";"";"NE_0001";"NE_0001";"NE_0001";"NE_0001";"NE_0001";"NE_0001";"NE_0001"
"2023";"04";"120403";"JUNIN";"JAUJA";"APATA";"GOBIERNO REGIONAL";"I-1";"00000411";"SAN JOSE DE APATA";"NE_0001";"";"NE_0001";"NE_0001";"NE_0001";"NE_0001";"NE_0001";"NE_0001";"NE_0001"
"2023";"04";"120428";"JUNIN";"JAUJA";"SAN LORENZO";"GOBIERNO REGIONAL";"I-1";"00000416";"SAN LORENZO";"NE_0001";"";"NE_0001";"NE_0001";"NE_0001";"NE_0001";"NE_0001";"NE_0001";"NE_0001"
"2023";"04";"120403";"JUNIN";"JAUJA";"APATA";"GOBIERNO REGIONAL";"I-1";"00000410";"NUEVA ESPERANZA";"NE_0001";"";"NE_0001";"NE_0001";"NE_0001";"NE_0001";"NE_0001";"NE_0001";"NE_0001"
"2023";"04";"120408";"JUNIN";"JAUJA";"HUAMALI";"GOBIERNO REGIONAL";"I-2";"00000415";"HUAMALI";"NE_0001";"";"NE_0001";"NE_0001";"NE_0001";"NE_0001";"NE_0001";"NE_0001";"NE_0001"
"2023";"04";"150113";"LIMA";"LIMA";"JESUS MARIA";"PRIVADO";"II-E";"00009089";"ONCOGYN CLINICA INTEGRAL";"241400";"HOSPITALIZACIÓN QUIRÚRGICA GINECO - OBSTETRICIA ";"2";"2";"2";"2";"4";"120";"0"
"2023";"04";"050701";"AYACUCHO";"PARINACOCHAS";"CORACORA";"GOBIERNO REGIONAL";"II-1";"00003523";"HOSPITAL DE APOYO DE CORACORA";"240100";"HOSPITALIZACIÓN QUIRÚRGICA CIRUGÍA GENERAL ";"15";"18";"77";"77";"8";"240";"0"
"2023";"04";"050701";"AYACUCHO";"PARINACOCHAS";"CORACORA";"GOBIERNO REGIONAL";"II-1";"00003523";"HOSPITAL DE APOYO DE CORACORA";"241400";"HOSPITALIZACIÓN QUIRÚRGICA GINECO - OBSTETRICIA ";"31";"32";"58";"58";"5";"150";"0"
"2023";"04";"050701";"AYACUCHO";"PARINACOCHAS";"CORACORA";"GOBIERNO REGIONAL";"II-1";"00003523";"HOSPITAL DE APOYO DE CORACORA";"241500";"HOSPITALIZACIÓN QUIRÚRGICA GINECOLOGÍA  ";"37";"37";"68";"68";"7";"210";"0"
"2023";"04";"050701";"AYACUCHO";"PARINACOCHAS";"CORACORA";"GOBIERNO REGIONAL";"II-1";"00003523";"HOSPITAL DE APOYO DE CORACORA";"241800";"HOSPITALIZACIÓN DE MEDICINA MEDICINA GENERAL ";"16";"17";"58";"58";"16";"480";"2"
"2023";"04";"050701";"AYACUCHO";"PARINACOCHAS";"CORACORA";"GOBIERNO REGIONAL";"II-1";"00003523";"HOSPITAL DE APOYO DE CORACORA";"242500";"HOSPITALIZACIÓN-PEDIATRÍA GENERAL-";"47";"49";"71";"71";"4";"120";"0"
"2023";"04";"220102";"SAN MARTIN";"MOYOBAMBA";"CALZADA";"GOBIERNO REGIONAL";"I-3";"00006326";"CALZADA";"NE_0002";"";"NE_0002";"NE_0002";"NE_0002";"NE_0002";"NE_0002";"NE_0002";"NE_0002"
"2023";"04";"220104";"SAN MARTIN";"MOYOBAMBA";"JEPELACIO";"GOBIERNO REGIONAL";"I-1";"00006329";"OCHAME";"NE_0002";"";"NE_0002";"NE_0002";"NE_0002";"NE_0002";"NE_0002";"NE_0002";"NE_0002"
"2023";"04";"130901";"LA LIBERTAD";"SANCHEZ CARRION";"HUAMACHUCO";"GOBIERNO REGIONAL";"II-1";"00005349";"HOSPITAL DE APOYO LEONCIO PRADO";"240100";"HOSPITALIZACIÓN QUIRÚRGICA CIRUGÍA GENERAL ";"27";"29";"82";"79";"7";"210";"0"
"2023";"04";"130901";"LA LIBERTAD";"SANCHEZ CARRION";"HUAMACHUCO";"GOBIERNO REGIONAL";"II-1";"00005349";"HOSPITAL DE APOYO LEONCIO PRADO";"241500";"HOSPITALIZACIÓN QUIRÚRGICA GINECOLOGÍA  ";"4";"5";"16";"13";"2";"60";"0"
"2023";"04";"130901";"LA LIBERTAD";"SANCHEZ CARRION";"HUAMACHUCO";"GOBIERNO REGIONAL";"II-1";"00005349";"HOSPITAL DE APOYO LEONCIO PRADO";"241600";"HOSPITALIZACIÓN QUIRÚRGICA OBSTETRICIA   ";"189";"199";"325";"312";"17";"510";"0"
"2023";"04";"130901";"LA LIBERTAD";"SANCHEZ CARRION";"HUAMACHUCO";"GOBIERNO REGIONAL";"II-1";"00005349";"HOSPITAL DE APOYO LEONCIO PRADO";"241800";"HOSPITALIZACIÓN DE MEDICINA MEDICINA GENERAL ";"25";"27";"102";"145";"6";"180";"4"
"2023";"04";"130901";"LA LIBERTAD";"SANCHEZ CARRION";"HUAMACHUCO";"GOBIERNO REGIONAL";"II-1";"00005349";"HOSPITAL DE APOYO LEONCIO PRADO";"242500";"HOSPITALIZACIÓN-PEDIATRÍA GENERAL-";"34";"38";"117";"113";"11";"330";"0"
"2023";"01";"040802";"AREQUIPA";"LA UNION";"ALCA";"MINSA";"I-3";"00001464";"CENTRO DE SALUD ALCA";"NE_0001";"";"NE_0001";"NE_0001";"NE_0001";"NE_0001";"NE_0001";"NE_0001";"NE_0001"
"2023";"04";"060306";"CAJAMARCA";"CELENDIN";"JOSE GALVEZ";"GOBIERNO REGIONAL";"I-1";"00004486";"FRAYLECOCHA";"NE_0001";"";"NE_0001";"NE_0001";"NE_0001";"NE_0001";"NE_0001";"NE_0001";"NE_0001"
"2023";"04";"060308";"CAJAMARCA";"CELENDIN";"OXAMARCA";"GOBIERNO REGIONAL";"I-1";"00009049";"LA QUINUA";"NE_0001";"";"NE_0001";"NE_0001";"NE_0001";"NE_0001";"NE_0001";"NE_0001";"NE_0001"
"2023";"04";"060308";"CAJAMARCA";"CELENDIN";"OXAMARCA";"GOBIERNO REGIONAL";"I-2";"00004484";"OXAMARCA";"NE_0001";"";"NE_0001";"NE_0001";"NE_0001";"NE_0001";"NE_0001";"NE_0001";"NE_0001"
"2023";"04";"060310";"CAJAMARCA";"CELENDIN";"SUCRE";"GOBIERNO REGIONAL";"I-1";"00004485";"CALCONGA";"NE_0001";"";"NE_0001";"NE_0001";"NE_0001";"NE_0001";"NE_0001";"NE_0001";"NE_0001"
"2023";"04";"060310";"CAJAMARCA";"CELENDIN";"SUCRE";"GOBIERNO REGIONAL";"I-1";"00025043";"CRUZCONGA";"NE_0001";"";"NE_0001";"NE_0001";"NE_0001";"NE_0001";"NE_0001";"NE_0001";"NE_0001"
"2023";"04";"150131";"LIMA";"LIMA";"SAN ISIDRO";"PRIVADO";"II-2";"00009123";"CLINICA ANGLOAMERICANA";"240000";"HOSPITALIZACIÓN";"471";"468";"1892";"1897";"93";"2728";"9"
"2023";"04";"150117";"LIMA";"LIMA";"LOS OLIVOS";"MUNICIPALIDAD DISTRITAL";"II-1";"00019787";"HOSPITAL MUNICIPAL LOS OLIVOS";"241800";"HOSPITALIZACIÓN DE MEDICINA MEDICINA GENERAL ";"14";"14";"68";"82";"25";"750";"0"
"2023";"04";"150117";"LIMA";"LIMA";"LOS OLIVOS";"MUNICIPALIDAD DISTRITAL";"II-1";"00019787";"HOSPITAL MUNICIPAL LOS OLIVOS";"240100";"HOSPITALIZACIÓN QUIRÚRGICA CIRUGÍA GENERAL ";"28";"29";"50";"78";"25";"750";"0"
"2023";"04";"150117";"LIMA";"LIMA";"LOS OLIVOS";"MUNICIPALIDAD DISTRITAL";"II-1";"00019787";"HOSPITAL MUNICIPAL LOS OLIVOS";"241200";"HOSPITALIZACIÓN QUIRÚRGICA TRAUMATOLOGÍA Y ORTOPEDIA ";"1";"1";"1";"2";"25";"750";"0"
"2023";"04";"150117";"LIMA";"LIMA";"LOS OLIVOS";"MUNICIPALIDAD DISTRITAL";"II-1";"00019787";"HOSPITAL MUNICIPAL LOS OLIVOS";"241300";"HOSPITALIZACIÓN QUIRÚRGICA UROLOGÍA  ";"4";"4";"15";"19";"25";"750";"0"
"2023";"04";"150117";"LIMA";"LIMA";"LOS OLIVOS";"MUNICIPALIDAD DISTRITAL";"II-1";"00019787";"HOSPITAL MUNICIPAL LOS OLIVOS";"241500";"HOSPITALIZACIÓN QUIRÚRGICA GINECOLOGÍA  ";"18";"21";"48";"18";"16";"448";"0"
"2023";"03";"250105";"UCAYALI";"CORONEL PORTILLO";"YARINACOCHA";"GOBIERNO REGIONAL";"I-2";"00005535";"CLAS SAN PABLO DE TUSHMO.";"NE_0001";"";"NE_0001";"NE_0001";"NE_0001";"NE_0001";"NE_0001";"NE_0001";"NE_0001"
"2023";"03";"250105";"UCAYALI";"CORONEL PORTILLO";"YARINACOCHA";"GOBIERNO REGIONAL";"I-3";"00005534";"SAN JOSE DE YARINACOCHA";"NE_0001";"";"NE_0001";"NE_0001";"NE_0001";"NE_0001";"NE_0001";"NE_0001";"NE_0001"
"2023";"04";"061204";"CAJAMARCA";"SAN PABLO";"TUMBADEN";"GOBIERNO REGIONAL";"I-1";"00004610";"EL REGALADO";"NE_0001";"";"NE_0001";"NE_0001";"NE_0001";"NE_0001";"NE_0001";"NE_0001";"NE_0001"
"2023";"04";"061204";"CAJAMARCA";"SAN PABLO";"TUMBADEN";"GOBIERNO REGIONAL";"I-1";"00004582";"TUMBADEN ALTO";"NE_0001";"";"NE_0001";"NE_0001";"NE_0001";"NE_0001";"NE_0001";"NE_0001";"NE_0001"
"2023";"04";"040108";"AREQUIPA";"AREQUIPA";"LA JOYA";"GOBIERNO REGIONAL";"I-3";"00001323";"CENTRO DE SALUD SAN ISIDRO";"NE_0001";"";"NE_0001";"NE_0001";"NE_0001";"NE_0001";"NE_0001";"NE_0001";"NE_0001"
"2023";"05";"061101";"CAJAMARCA";"SAN MIGUEL";"SAN MIGUEL";"ESSALUD";"I-2";"00010273";"POSTA MEDICA ESSALUD SAN MIGUEL";"NE_0001";"";"NE_0001";"NE_0001";"NE_0001";"NE_0001";"NE_0001";"NE_0001";"NE_0001"
"2023";"05";"020105";"ANCASH";"HUARAZ";"INDEPENDENCIA";"GOBIERNO REGIONAL";"I-3";"00028701";"CENTRO DE SALUD MENTAL COMUNITARIO ""ALLY WARAQ""";"NE_0001";"";"NE_0001";"NE_0001";"NE_0001";"NE_0001";"NE_0001";"NE_0001";"NE_0001"
"2023";"05";"150101";"LIMA";"LIMA";"LIMA";"ESSALUD";"I-3";"00008539";"POLICLINICO CHINCHA";"NE_0001";"";"NE_0001";"NE_0001";"NE_0001";"NE_0001";"NE_0001";"NE_0001";"NE_0001"
"2023";"05";"120401";"JUNIN";"JAUJA";"JAUJA";"GOBIERNO REGIONAL";"II-1";"00000365";"HOSPITAL DOMINGO OLAVEGOYA";"240100";"HOSPITALIZACIÓN QUIRÚRGICA CIRUGÍA GENERAL ";"53";"60";"280";"317";"24";"744";"0"
"2023";"05";"120401";"JUNIN";"JAUJA";"JAUJA";"GOBIERNO REGIONAL";"II-1";"00000365";"HOSPITAL DOMINGO OLAVEGOYA";"241400";"HOSPITALIZACIÓN QUIRÚRGICA GINECO - OBSTETRICIA ";"116";"124";"367";"269";"16";"496";"0"
"2023";"05";"120401";"JUNIN";"JAUJA";"JAUJA";"GOBIERNO REGIONAL";"II-1";"00000365";"HOSPITAL DOMINGO OLAVEGOYA";"241500";"HOSPITALIZACIÓN QUIRÚRGICA GINECOLOGÍA  ";"12";"12";"34";"87";"10";"310";"0"
"2023";"05";"120401";"JUNIN";"JAUJA";"JAUJA";"GOBIERNO REGIONAL";"II-1";"00000365";"HOSPITAL DOMINGO OLAVEGOYA";"241800";"HOSPITALIZACIÓN DE MEDICINA MEDICINA GENERAL ";"36";"46";"350";"429";"21";"651";"4"
"2023";"05";"120401";"JUNIN";"JAUJA";"JAUJA";"GOBIERNO REGIONAL";"II-1";"00000365";"HOSPITAL DOMINGO OLAVEGOYA";"242300";"HOSPITALIZACIÓN DE PEDIATRÍA  PEDIATRÍA  GENERAL ";"33";"36";"141";"154";"26";"706";"0"
"2023";"05";"120401";"JUNIN";"JAUJA";"JAUJA";"GOBIERNO REGIONAL";"II-1";"00000365";"HOSPITAL DOMINGO OLAVEGOYA";"243200";"HOSPITALIZACIÓN DE PEDIATRÍA PEDIATRIA NEONATOLOGÍA";"14";"14";"56";"61";"5";"155";"0"
"2023";"05";"220510";"SAN MARTIN";"LAMAS";"TABALOSOS";"GOBIERNO REGIONAL";"I-1";"00015377";"HUNGURAHUI PAMPA";"NE_0001";"";"NE_0001";"NE_0001";"NE_0001";"NE_0001";"NE_0001";"NE_0001";"NE_0001"
"2023";"05";"220506";"SAN MARTIN";"LAMAS";"PINTO RECODO";"GOBIERNO REGIONAL";"I-1";"00006411";"MISHQUIYACU PINTO RECODO";"NE_0001";"";"NE_0001";"NE_0001";"NE_0001";"NE_0001";"NE_0001";"NE_0001";"NE_0001"
"2023";"05";"220510";"SAN MARTIN";"LAMAS";"TABALOSOS";"GOBIERNO REGIONAL";"I-4";"00006408";"TABALOSOS";"241600";"HOSPITALIZACIÓN QUIRÚRGICA OBSTETRICIA   ";"14";"14";"14";"5";"9";"279";"0"
"2023";"05";"220506";"SAN MARTIN";"LAMAS";"PINTO RECODO";"GOBIERNO REGIONAL";"I-1";"00006409";"PINTO RECODO";"NE_0001";"";"NE_0001";"NE_0001";"NE_0001";"NE_0001";"NE_0001";"NE_0001";"NE_0001"
"2023";"05";"220509";"SAN MARTIN";"LAMAS";"SHANAO";"GOBIERNO REGIONAL";"I-1";"00006412";"SHANAO";"NE_0001";"";"NE_0001";"NE_0001";"NE_0001";"NE_0001";"NE_0001";"NE_0001";"NE_0001"
"2023";"05";"150117";"LIMA";"LIMA";"LOS OLIVOS";"PRIVADO";"I-2";"00012429";"OFTALMOLOGICA WONG";"NE_0001";"";"NE_0001";"NE_0001";"NE_0001";"NE_0001";"NE_0001";"NE_0001";"NE_0001"
"2023";"05";"160101";"LORETO";"MAYNAS";"IQUITOS";"SANIDAD DE LA FUERZA AEREA DEL PERU";"I-4";"00010605";"HOSPITAL REGIONAL DEL ORIENTE - FAP";"241800";"HOSPITALIZACIÓN DE MEDICINA MEDICINA GENERAL ";"1";"1";"6";"68";"20";"310";"0"
"2023";"05";"220913";"SAN MARTIN";"SAN MARTIN";"SAUCE";"GOBIERNO REGIONAL";"I-1";"00006381";"DOS DE MAYO";"NE_0001";"";"NE_0001";"NE_0001";"NE_0001";"NE_0001";"NE_0001";"NE_0001";"NE_0001"
"2023";"05";"220913";"SAN MARTIN";"SAN MARTIN";"SAUCE";"GOBIERNO REGIONAL";"I-3";"00006380";"SAUCE";"241600";"HOSPITALIZACIÓN QUIRÚRGICA OBSTETRICIA   ";"6";"6";"6";"6";"2";"62";"0"
"2023";"05";"110201";"ICA";"CHINCHA";"CHINCHA ALTA";"PRIVADO";"II-E";"00025160";"CLIN. DANIEL A. CARRION";"NE_0001";"";"NE_0001";"NE_0001";"NE_0001";"NE_0001";"NE_0001";"NE_0001";"NE_0001"
"2023";"05";"220205";"SAN MARTIN";"BELLAVISTA";"SAN PABLO";"GOBIERNO REGIONAL";"I-1";"00006508";"SAN PABLO";"NE_0001";"";"NE_0001";"NE_0001";"NE_0001";"NE_0001";"NE_0001";"NE_0001";"NE_0001"
"2023";"05";"220205";"SAN MARTIN";"BELLAVISTA";"SAN PABLO";"GOBIERNO REGIONAL";"I-2";"00006499";"FAUSA LAMISTA";"NE_0001";"";"NE_0001";"NE_0001";"NE_0001";"NE_0001";"NE_0001";"NE_0001";"NE_0001"
"2023";"05";"220205";"SAN MARTIN";"BELLAVISTA";"SAN PABLO";"GOBIERNO REGIONAL";"I-1";"00006509";"DOS DE MAYO";"NE_0001";"";"NE_0001";"NE_0001";"NE_0001";"NE_0001";"NE_0001";"NE_0001";"NE_0001"
"2023";"05";"220205";"SAN MARTIN";"BELLAVISTA";"SAN PABLO";"GOBIERNO REGIONAL";"I-1";"00029371";"CENTRO AMERICA - SAN PABLO";"NE_0001";"";"NE_0001";"NE_0001";"NE_0001";"NE_0001";"NE_0001";"NE_0001";"NE_0001"
"2023";"05";"220205";"SAN MARTIN";"BELLAVISTA";"SAN PABLO";"GOBIERNO REGIONAL";"I-3";"00006506";"CONSUELO";"NE_0001";"";"NE_0001";"NE_0001";"NE_0001";"NE_0001";"NE_0001";"NE_0001";"NE_0001"
"2023";"03";"060802";"CAJAMARCA";"JAEN";"BELLAVISTA";"GOBIERNO REGIONAL";"II-1";"00004223";"SAN JAVIER BELLAVISTA";"242500";"HOSPITALIZACIÓN-PEDIATRÍA GENERAL-";"2";"2";"4";"6";"3";"93";"0"
"2023";"03";"060802";"CAJAMARCA";"JAEN";"BELLAVISTA";"GOBIERNO REGIONAL";"II-1";"00004223";"SAN JAVIER BELLAVISTA";"241800";"HOSPITALIZACIÓN DE MEDICINA MEDICINA GENERAL ";"21";"19";"58";"90";"4";"124";"0"
"2023";"03";"060802";"CAJAMARCA";"JAEN";"BELLAVISTA";"GOBIERNO REGIONAL";"II-1";"00004223";"SAN JAVIER BELLAVISTA";"241400";"HOSPITALIZACIÓN QUIRÚRGICA GINECO - OBSTETRICIA ";"1";"0";"0";"1";"4";"124";"0"
"2023";"03";"060802";"CAJAMARCA";"JAEN";"BELLAVISTA";"GOBIERNO REGIONAL";"II-1";"00004223";"SAN JAVIER BELLAVISTA";"241500";"HOSPITALIZACIÓN QUIRÚRGICA GINECOLOGÍA  ";"1";"1";"1";"2";"4";"124";"0"
"2023";"03";"060802";"CAJAMARCA";"JAEN";"BELLAVISTA";"GOBIERNO REGIONAL";"II-1";"00004223";"SAN JAVIER BELLAVISTA";"241600";"HOSPITALIZACIÓN QUIRÚRGICA OBSTETRICIA   ";"3";"3";"13";"16";"4";"124";"0"
"2023";"03";"060802";"CAJAMARCA";"JAEN";"BELLAVISTA";"GOBIERNO REGIONAL";"II-1";"00004223";"SAN JAVIER BELLAVISTA";"240100";"HOSPITALIZACIÓN QUIRÚRGICA CIRUGÍA GENERAL ";"NE_0002";"NE_0002";"NE_0002";"NE_0002";"2";"62";"0"
"2023";"03";"150101";"LIMA";"LIMA";"LIMA";"PRIVADO";"II-E";"00023833";"INSTITUTO OFTALMOLOGICO LA LUZ SOCIEDAD ANONIMA CERRADA - INSTITUTO OFTALMOLOGICO LA LUZ S.A.C.";"NE_0001";"";"NE_0001";"NE_0001";"NE_0001";"NE_0001";"NE_0001";"NE_0001";"NE_0001"
"2023";"03";"100108";"HUANUCO";"HUANUCO";"SAN PEDRO DE CHAULAN";"GOBIERNO REGIONAL";"I-1";"00000796";"SAN JOSE DE COZO TINGO";"NE_0001";"";"NE_0001";"NE_0001";"NE_0001";"NE_0001";"NE_0001";"NE_0001";"NE_0001"
"2023";"03";"100108";"HUANUCO";"HUANUCO";"SAN PEDRO DE CHAULAN";"GOBIERNO REGIONAL";"I-3";"00000794";"CHAULAN";"NE_0001";"";"NE_0001";"NE_0001";"NE_0001";"NE_0001";"NE_0001";"NE_0001";"NE_0001"
"2023";"03";"100108";"HUANUCO";"HUANUCO";"SAN PEDRO DE CHAULAN";"GOBIERNO REGIONAL";"I-2";"00000789";"SAN JUAN DE LIBERTAD";"NE_0001";"";"NE_0001";"NE_0001";"NE_0001";"NE_0001";"NE_0001";"NE_0001";"NE_0001"
"2023";"01";"100501";"HUANUCO";"HUAMALIES";"LLATA";"GOBIERNO REGIONAL";"I-2";"00000891";"ISHANCA";"NE_0001";"";"NE_0001";"NE_0001";"NE_0001";"NE_0001";"NE_0001";"NE_0001";"NE_0001"
"2023";"01";"100501";"HUANUCO";"HUAMALIES";"LLATA";"GOBIERNO REGIONAL";"I-2";"00000889";"EL PORVENIR";"NE_0001";"";"NE_0001";"NE_0001";"NE_0001";"NE_0001";"NE_0001";"NE_0001";"NE_0001"
"2023";"01";"100501";"HUANUCO";"HUAMALIES";"LLATA";"GOBIERNO REGIONAL";"I-2";"00000888";"PAMPAS DEL CARMEN";"NE_0001";"";"NE_0001";"NE_0001";"NE_0001";"NE_0001";"NE_0001";"NE_0001";"NE_0001"
"2023";"01";"100501";"HUANUCO";"HUAMALIES";"LLATA";"GOBIERNO REGIONAL";"I-4";"00000887";"LLATA";"241400";"HOSPITALIZACIÓN QUIRÚRGICA GINECO - OBSTETRICIA ";"39";"37";"3";"3";"7";"10";"0"
"2023";"01";"100501";"HUANUCO";"HUAMALIES";"LLATA";"GOBIERNO REGIONAL";"I-4";"00000887";"LLATA";"241800";"HOSPITALIZACIÓN DE MEDICINA MEDICINA GENERAL ";"14";"14";"3";"3";"7";"10";"0"
"2023";"03";"130101";"LA LIBERTAD";"TRUJILLO";"TRUJILLO";"PRIVADO";"I-3";"00027028";"EL GALENO DE ICA";"NE_0001";"";"NE_0001";"NE_0001";"NE_0001";"NE_0001";"NE_0001";"NE_0001";"NE_0001"
"2023";"03";"050115";"AYACUCHO";"HUAMANGA";"JESUS NAZARENO";"PRIVADO";"I-3";"00028119";"EL GALENO";"NE_0001";"";"NE_0001";"NE_0001";"NE_0001";"NE_0001";"NE_0001";"NE_0001";"NE_0001"
"2023";"02";"250302";"UCAYALI";"PADRE ABAD";"IRAZOLA";"GOBIERNO REGIONAL";"I-1";"00030643";"PUESTO DE SALUD NUEVA FLORIDA";"NE_0002";"";"NE_0002";"NE_0002";"NE_0002";"NE_0002";"NE_0002";"NE_0002";"NE_0002"
"2023";"02";"250302";"UCAYALI";"PADRE ABAD";"IRAZOLA";"GOBIERNO REGIONAL";"I-1";"00030642";"PUESTO DE SALUD NUEVA UNIÓN PALOMETA";"NE_0002";"";"NE_0002";"NE_0002";"NE_0002";"NE_0002";"NE_0002";"NE_0002";"NE_0002"
"2023";"02";"250302";"UCAYALI";"PADRE ABAD";"IRAZOLA";"GOBIERNO REGIONAL";"I-1";"00030641";"PUESTO DE SALUD DE SHANANTIA";"NE_0002";"";"NE_0002";"NE_0002";"NE_0002";"NE_0002";"NE_0002";"NE_0002";"NE_0002"
"2023";"02";"250302";"UCAYALI";"PADRE ABAD";"IRAZOLA";"GOBIERNO REGIONAL";"I-1";"00010765";"PUERTO NUEVO";"NE_0001";"";"NE_0001";"NE_0001";"NE_0001";"NE_0001";"NE_0001";"NE_0001";"NE_0001"
"2023";"02";"250302";"UCAYALI";"PADRE ABAD";"IRAZOLA";"MINSA";"I-2";"00006884";"NUEVO UCAYALI KM.98";"NE_0001";"";"NE_0001";"NE_0001";"NE_0001";"NE_0001";"NE_0001";"NE_0001";"NE_0001"
"2023";"02";"250302";"UCAYALI";"PADRE ABAD";"IRAZOLA";"GOBIERNO REGIONAL";"I-1";"00005413";"NUEVO TAHUANTINSUYO";"NE_0001";"";"NE_0001";"NE_0001";"NE_0001";"NE_0001";"NE_0001";"NE_0001";"NE_0001"
"2023";"02";"250302";"UCAYALI";"PADRE ABAD";"IRAZOLA";"GOBIERNO REGIONAL";"I-2";"00005412";"SINCHI ROCA";"NE_0001";"";"NE_0001";"NE_0001";"NE_0001";"NE_0001";"NE_0001";"NE_0001";"NE_0001"
"2023";"02";"250302";"UCAYALI";"PADRE ABAD";"IRAZOLA";"GOBIERNO REGIONAL";"I-2";"00005409";"SAN PEDRO DE CHIO";"NE_0001";"";"NE_0001";"NE_0001";"NE_0001";"NE_0001";"NE_0001";"NE_0001";"NE_0001"
"2023";"02";"250302";"UCAYALI";"PADRE ABAD";"IRAZOLA";"GOBIERNO REGIONAL";"I-2";"00005408";"SAN JUAN KM. 130";"NE_0001";"";"NE_0001";"NE_0001";"NE_0001";"NE_0001";"NE_0001";"NE_0001";"NE_0001"
"2023";"02";"250302";"UCAYALI";"PADRE ABAD";"IRAZOLA";"GOBIERNO REGIONAL";"I-3";"00005396";"SAN ALEJANDRO";"NE_0001";"";"NE_0001";"NE_0001";"NE_0001";"NE_0001";"NE_0001";"NE_0001";"NE_0001"
"2023";"04";"150121";"LIMA";"LIMA";"PUEBLO LIBRE";"PRIVADO";"II-E";"00012492";"CLINICA DE OJOS VISUAL OPHTHALMICS";"NE_0001";"";"NE_0001";"NE_0001";"NE_0001";"NE_0001";"NE_0001";"NE_0001";"NE_0001"
"2023";"04";"040109";"AREQUIPA";"AREQUIPA";"MARIANO MELGAR";"PRIVADO";"II-E";"00019481";"CLINICA J. PRADO SANTA MARIA E.I.R.L.";"240000";"HOSPITALIZACIÓN";"235";"232";"345";"353";"35";"1050";"0"
"2023";"04";"110101";"ICA";"ICA";"ICA";"PRIVADO";"I-3";"00028251";"EL GALENO";"NE_0001";"";"NE_0001";"NE_0001";"NE_0001";"NE_0001";"NE_0001";"NE_0001";"NE_0001"
"2023";"04";"050202";"AYACUCHO";"CANGALLO";"CHUSCHI";"GOBIERNO REGIONAL";"I-1";"00003593";"PUESTO DE SALUD PUNKUPATA";"NE_0002";"";"NE_0002";"NE_0002";"NE_0002";"NE_0002";"NE_0002";"NE_0002";"NE_0002"
"2023";"04";"050202";"AYACUCHO";"CANGALLO";"CHUSCHI";"GOBIERNO REGIONAL";"I-2";"00003592";"PUESTO DE SALUD CATALINAYOC";"NE_0002";"";"NE_0002";"NE_0002";"NE_0002";"NE_0002";"NE_0002";"NE_0002";"NE_0002"
"2023";"04";"200101";"PIURA";"PIURA";"PIURA";"PRIVADO";"II-E";"00014092";"CLINICA SANTIVAÑEZ";"240800";"HOSPITALIZACIÓN QUIRÚRGICA CIRUGÍA PLÁSTICA/RECONSTRUCTIVA/ REPARADORA ";"17";"17";"17";"17";"3";"90";"0"
"2023";"04";"060101";"CAJAMARCA";"CAJAMARCA";"CAJAMARCA";"PRIVADO";"I-3";"00029378";"SALUD OCUPACIONAL  EL GALENO";"NE_0001";"";"NE_0001";"NE_0001";"NE_0001";"NE_0001";"NE_0001";"NE_0001";"NE_0001"
"2023";"04";"110101";"ICA";"ICA";"ICA";"GOBIERNO REGIONAL";"I-2";"00003385";"SAN MARTIN DE PORRAS";"NE_0001";"";"NE_0001";"NE_0001";"NE_0001";"NE_0001";"NE_0001";"NE_0001";"NE_0001"
"2023";"04";"110110";"ICA";"ICA";"SAN JUAN BAUTISTA";"MINSA";"I-2";"00003387";"CAMINO DE REYES";"NE_0001";"";"NE_0001";"NE_0001";"NE_0001";"NE_0001";"NE_0001";"NE_0001";"NE_0001"
"2023";"04";"110110";"ICA";"ICA";"SAN JUAN BAUTISTA";"GOBIERNO REGIONAL";"I-3";"00003364";"SAN JUAN BAUTISTA";"NE_0001";"";"NE_0001";"NE_0001";"NE_0001";"NE_0001";"NE_0001";"NE_0001";"NE_0001"
"2023";"04";"110112";"ICA";"ICA";"SUBTANJALLA";"MINSA";"I-3";"00003381";"FONAVI IV";"NE_0001";"";"NE_0001";"NE_0001";"NE_0001";"NE_0001";"NE_0001";"NE_0001";"NE_0001"
"2023";"04";"110110";"ICA";"ICA";"SAN JUAN BAUTISTA";"GOBIERNO REGIONAL";"I-3";"00003386";"EL CARMEN-OLIVO";"NE_0001";"";"NE_0001";"NE_0001";"NE_0001";"NE_0001";"NE_0001";"NE_0001";"NE_0001"
"2023";"04";"220603";"SAN MARTIN";"MARISCAL CACERES";"HUICUNGO";"GOBIERNO REGIONAL";"I-3";"00006567";"HUICUNGO";"NE_0002";"";"NE_0002";"NE_0002";"NE_0002";"NE_0002";"NE_0002";"NE_0002";"NE_0002"
"2023";"04";"220603";"SAN MARTIN";"MARISCAL CACERES";"HUICUNGO";"GOBIERNO REGIONAL";"I-1";"00006569";"SANTA INES";"NE_0001";"";"NE_0001";"NE_0001";"NE_0001";"NE_0001";"NE_0001";"NE_0001";"NE_0001"
"2023";"04";"220603";"SAN MARTIN";"MARISCAL CACERES";"HUICUNGO";"GOBIERNO REGIONAL";"I-1";"00006571";"PIZARRO";"NE_0001";"";"NE_0001";"NE_0001";"NE_0001";"NE_0001";"NE_0001";"NE_0001";"NE_0001"
"2023";"04";"220604";"SAN MARTIN";"MARISCAL CACERES";"PACHIZA";"GOBIERNO REGIONAL";"I-1";"00006572";"PACHIZA";"NE_0001";"";"NE_0001";"NE_0001";"NE_0001";"NE_0001";"NE_0001";"NE_0001";"NE_0001"
"2023";"04";"220604";"SAN MARTIN";"MARISCAL CACERES";"PACHIZA";"GOBIERNO REGIONAL";"I-1";"00006573";"ALTO EL SOL";"NE_0001";"";"NE_0001";"NE_0001";"NE_0001";"NE_0001";"NE_0001";"NE_0001";"NE_0001"
"2023";"04";"220604";"SAN MARTIN";"MARISCAL CACERES";"PACHIZA";"GOBIERNO REGIONAL";"I-1";"00006574";"NUEVO CHIMBOTE";"NE_0001";"";"NE_0001";"NE_0001";"NE_0001";"NE_0001";"NE_0001";"NE_0001";"NE_0001"
"2023";"04";"220603";"SAN MARTIN";"MARISCAL CACERES";"HUICUNGO";"GOBIERNO REGIONAL";"I-1";"00006568";"DOS DE MAYO";"NE_0001";"";"NE_0001";"NE_0001";"NE_0001";"NE_0001";"NE_0001";"NE_0001";"NE_0001"
"2023";"04";"220603";"SAN MARTIN";"MARISCAL CACERES";"HUICUNGO";"GOBIERNO REGIONAL";"I-1";"00006570";"NUEVA ESPERANZA";"NE_0001";"";"NE_0001";"NE_0001";"NE_0001";"NE_0001";"NE_0001";"NE_0001";"NE_0001"
"2023";"04";"210701";"PUNO";"LAMPA";"LAMPA";"GOBIERNO REGIONAL";"I-4";"00003128";"ANTONIO BARRIONUEVO (LAMPA)";"240100";"HOSPITALIZACIÓN QUIRÚRGICA CIRUGÍA GENERAL ";"11";"12";"52";"1";"4";"120";"0"
"2023";"04";"210701";"PUNO";"LAMPA";"LAMPA";"GOBIERNO REGIONAL";"I-4";"00003128";"ANTONIO BARRIONUEVO (LAMPA)";"241400";"HOSPITALIZACIÓN QUIRÚRGICA GINECO - OBSTETRICIA ";"3";"3";"11";"1";"1";"30";"0"
"2023";"04";"210701";"PUNO";"LAMPA";"LAMPA";"GOBIERNO REGIONAL";"I-4";"00003128";"ANTONIO BARRIONUEVO (LAMPA)";"241500";"HOSPITALIZACIÓN QUIRÚRGICA GINECOLOGÍA  ";"6";"6";"10";"1";"1";"30";"0"
"2023";"04";"210701";"PUNO";"LAMPA";"LAMPA";"GOBIERNO REGIONAL";"I-4";"00003128";"ANTONIO BARRIONUEVO (LAMPA)";"241600";"HOSPITALIZACIÓN QUIRÚRGICA OBSTETRICIA   ";"8";"8";"10";"1";"2";"60";"0"
"2023";"04";"210701";"PUNO";"LAMPA";"LAMPA";"GOBIERNO REGIONAL";"I-4";"00003128";"ANTONIO BARRIONUEVO (LAMPA)";"241800";"HOSPITALIZACIÓN DE MEDICINA MEDICINA GENERAL ";"10";"10";"29";"1";"4";"120";"0"
"2023";"04";"210701";"PUNO";"LAMPA";"LAMPA";"GOBIERNO REGIONAL";"I-4";"00003128";"ANTONIO BARRIONUEVO (LAMPA)";"242500";"HOSPITALIZACIÓN-PEDIATRÍA GENERAL-";"3";"3";"7";"1";"1";"30";"0"
"2023";"04";"210701";"PUNO";"LAMPA";"LAMPA";"GOBIERNO REGIONAL";"I-4";"00003128";"ANTONIO BARRIONUEVO (LAMPA)";"243200";"HOSPITALIZACIÓN DE PEDIATRÍA PEDIATRIA NEONATOLOGÍA";"1";"1";"3";"1";"1";"30";"0"
"2023";"04";"130103";"LA LIBERTAD";"TRUJILLO";"FLORENCIA DE MORA";"GOBIERNO REGIONAL";"II-1";"00005217";"HOSPITAL DISTRITAL EL ESFUERZO DE FLORENCIA DE MORA";"241600";"HOSPITALIZACIÓN QUIRÚRGICA OBSTETRICIA   ";"17";"17";"20";"20";"7";"210";"0"
"2023";"04";"130103";"LA LIBERTAD";"TRUJILLO";"FLORENCIA DE MORA";"GOBIERNO REGIONAL";"II-1";"00005217";"HOSPITAL DISTRITAL EL ESFUERZO DE FLORENCIA DE MORA";"241400";"HOSPITALIZACIÓN QUIRÚRGICA GINECO - OBSTETRICIA ";"6";"6";"24";"24";"3";"90";"0"
"2023";"03";"100501";"HUANUCO";"HUAMALIES";"LLATA";"GOBIERNO REGIONAL";"I-2";"00000891";"ISHANCA";"NE_0001";"";"NE_0001";"NE_0001";"NE_0001";"NE_0001";"NE_0001";"NE_0001";"NE_0001"
"2023";"04";"050601";"AYACUCHO";"LUCANAS";"PUQUIO";"ESSALUD";"I-3";"00011438";"CENTRO DE ATENCION PRIMARIA II PUQUIO";"NE_0001";"";"NE_0001";"NE_0001";"NE_0001";"NE_0001";"NE_0001";"NE_0001";"NE_0001"
"2023";"04";"120301";"JUNIN";"CHANCHAMAYO";"CHANCHAMAYO";"GOBIERNO REGIONAL";"II-2";"00000308";"HOSPITAL REGIONAL DOCENTE DE MEDICINA TROPICAL DR. JULIO CESAR DEMARINI CARO";"241800";"HOSPITALIZACIÓN DE MEDICINA MEDICINA GENERAL ";"76";"79";"512";"402";"22";"660";"5"
"2023";"04";"120301";"JUNIN";"CHANCHAMAYO";"CHANCHAMAYO";"GOBIERNO REGIONAL";"II-2";"00000308";"HOSPITAL REGIONAL DOCENTE DE MEDICINA TROPICAL DR. JULIO CESAR DEMARINI CARO";"242500";"HOSPITALIZACIÓN-PEDIATRÍA GENERAL-";"46";"40";"197";"235";"16";"480";"4"
"2023";"04";"120301";"JUNIN";"CHANCHAMAYO";"CHANCHAMAYO";"GOBIERNO REGIONAL";"II-2";"00000308";"HOSPITAL REGIONAL DOCENTE DE MEDICINA TROPICAL DR. JULIO CESAR DEMARINI CARO";"240100";"HOSPITALIZACIÓN QUIRÚRGICA CIRUGÍA GENERAL ";"89";"93";"301";"253";"25";"750";"0"
"2023";"04";"120301";"JUNIN";"CHANCHAMAYO";"CHANCHAMAYO";"GOBIERNO REGIONAL";"II-2";"00000308";"HOSPITAL REGIONAL DOCENTE DE MEDICINA TROPICAL DR. JULIO CESAR DEMARINI CARO";"241200";"HOSPITALIZACIÓN QUIRÚRGICA TRAUMATOLOGÍA Y ORTOPEDIA ";"39";"37";"158";"143";"8";"240";"0"
"2023";"04";"120301";"JUNIN";"CHANCHAMAYO";"CHANCHAMAYO";"GOBIERNO REGIONAL";"II-2";"00000308";"HOSPITAL REGIONAL DOCENTE DE MEDICINA TROPICAL DR. JULIO CESAR DEMARINI CARO";"241500";"HOSPITALIZACIÓN QUIRÚRGICA GINECOLOGÍA  ";"18";"18";"52";"47";"3";"90";"1"
"2023";"04";"120301";"JUNIN";"CHANCHAMAYO";"CHANCHAMAYO";"GOBIERNO REGIONAL";"II-2";"00000308";"HOSPITAL REGIONAL DOCENTE DE MEDICINA TROPICAL DR. JULIO CESAR DEMARINI CARO";"241600";"HOSPITALIZACIÓN QUIRÚRGICA OBSTETRICIA   ";"87";"85";"214";"202";"13";"390";"1"
"2023";"04";"120301";"JUNIN";"CHANCHAMAYO";"CHANCHAMAYO";"GOBIERNO REGIONAL";"II-2";"00000308";"HOSPITAL REGIONAL DOCENTE DE MEDICINA TROPICAL DR. JULIO CESAR DEMARINI CARO";"241400";"HOSPITALIZACIÓN QUIRÚRGICA GINECO - OBSTETRICIA ";"41";"39";"83";"75";"7";"210";"0"
"2023";"04";"120301";"JUNIN";"CHANCHAMAYO";"CHANCHAMAYO";"GOBIERNO REGIONAL";"II-2";"00000308";"HOSPITAL REGIONAL DOCENTE DE MEDICINA TROPICAL DR. JULIO CESAR DEMARINI CARO";"242200";"HOSPITALIZACIÓN DE MEDICINA PSIQUIATRÍA ";"6";"5";"184";"195";"8";"240";"0"
"2023";"04";"120301";"JUNIN";"CHANCHAMAYO";"CHANCHAMAYO";"GOBIERNO REGIONAL";"II-2";"00000308";"HOSPITAL REGIONAL DOCENTE DE MEDICINA TROPICAL DR. JULIO CESAR DEMARINI CARO";"250103";"UNIDAD DE CUIDADOS CRITICOS UNIDAD  DE CUIDADOS INTENSIVOS GENERALES  (UCI) MEDICINA";"26";"3";"22";"101";"6";"180";"3"
"2023";"04";"190307";"PASCO";"OXAPAMPA";"VILLA RICA";"GOBIERNO REGIONAL";"II-1";"00000981";"HOSP. ""ROMAN EGOAVIL PANDO"" VILLA RICA";"241400";"HOSPITALIZACIÓN QUIRÚRGICA GINECO - OBSTETRICIA ";"36";"36";"100";"107";"12";"1228";"0"
"2023";"04";"190307";"PASCO";"OXAPAMPA";"VILLA RICA";"GOBIERNO REGIONAL";"II-1";"00000981";"HOSP. ""ROMAN EGOAVIL PANDO"" VILLA RICA";"241800";"HOSPITALIZACIÓN DE MEDICINA MEDICINA GENERAL ";"14";"14";"132";"149";"16";"1146";"0"
"2023";"04";"220104";"SAN MARTIN";"MOYOBAMBA";"JEPELACIO";"GOBIERNO REGIONAL";"I-1";"00006346";"RAMIREZ";"NE_0001";"";"NE_0001";"NE_0001";"NE_0001";"NE_0001";"NE_0001";"NE_0001";"NE_0001"
"2023";"04";"220104";"SAN MARTIN";"MOYOBAMBA";"JEPELACIO";"GOBIERNO REGIONAL";"I-3";"00006349";"LA HUARPIA";"NE_0001";"";"NE_0001";"NE_0001";"NE_0001";"NE_0001";"NE_0001";"NE_0001";"NE_0001"
"2023";"04";"070101";"CALLAO";"CALLAO";"CALLAO";"PRIVADO";"I-3";"00021094";"LIMATAMBO SEDE MINKA II";"NE_0001";"";"NE_0001";"NE_0001";"NE_0001";"NE_0001";"NE_0001";"NE_0001";"NE_0001"
"2023";"04";"120401";"JUNIN";"JAUJA";"JAUJA";"GOBIERNO REGIONAL";"II-1";"00000365";"HOSPITAL DOMINGO OLAVEGOYA";"240100";"HOSPITALIZACIÓN QUIRÚRGICA CIRUGÍA GENERAL ";"58";"75";"428";"384";"24";"720";"0"
"2023";"04";"120401";"JUNIN";"JAUJA";"JAUJA";"GOBIERNO REGIONAL";"II-1";"00000365";"HOSPITAL DOMINGO OLAVEGOYA";"241400";"HOSPITALIZACIÓN QUIRÚRGICA GINECO - OBSTETRICIA ";"108";"115";"267";"228";"16";"480";"1"
"2023";"04";"120401";"JUNIN";"JAUJA";"JAUJA";"GOBIERNO REGIONAL";"II-1";"00000365";"HOSPITAL DOMINGO OLAVEGOYA";"241500";"HOSPITALIZACIÓN QUIRÚRGICA GINECOLOGÍA  ";"7";"7";"32";"40";"10";"300";"0"
"2023";"04";"120401";"JUNIN";"JAUJA";"JAUJA";"GOBIERNO REGIONAL";"II-1";"00000365";"HOSPITAL DOMINGO OLAVEGOYA";"241800";"HOSPITALIZACIÓN DE MEDICINA MEDICINA GENERAL ";"36";"50";"366";"457";"21";"630";"3"
"2023";"04";"120401";"JUNIN";"JAUJA";"JAUJA";"GOBIERNO REGIONAL";"II-1";"00000365";"HOSPITAL DOMINGO OLAVEGOYA";"242300";"HOSPITALIZACIÓN DE PEDIATRÍA  PEDIATRÍA  GENERAL ";"49";"54";"170";"93";"21";"630";"1"
"2023";"05";"070101";"CALLAO";"CALLAO";"CALLAO";"SANIDAD DE LA POLICIA NACIONAL DEL PERU";"I-2";"00010610";"POSTA MEDICA POLICIAL SEDE DIRAVPOL";"NE_0001";"";"NE_0001";"NE_0001";"NE_0001";"NE_0001";"NE_0001";"NE_0001";"NE_0001"
"2023";"05";"150135";"LIMA";"LIMA";"SAN MARTIN DE PORRES";"SANIDAD DE LA POLICIA NACIONAL DEL PERU";"I-3";"00011876";"POLICLINICO PNP SAN MARTIN DE PORRES";"NE_0001";"";"NE_0001";"NE_0001";"NE_0001";"NE_0001";"NE_0001";"NE_0001";"NE_0001"
"2023";"05";"021602";"ANCASH";"POMABAMBA";"HUAYLLAN";"GOBIERNO REGIONAL";"I-1";"00001774";"PUESTO DE SALUD HUAYCHO";"NE_0001";"";"NE_0001";"NE_0001";"NE_0001";"NE_0001";"NE_0001";"NE_0001";"NE_0001"
"2023";"05";"021307";"ANCASH";"MARISCAL LUZURIAGA";"LUCMA";"GOBIERNO REGIONAL";"I-2";"00001790";"PUESTO DE SALUD LUCMA";"NE_0001";"";"NE_0001";"NE_0001";"NE_0001";"NE_0001";"NE_0001";"NE_0001";"NE_0001"
"2023";"05";"021307";"ANCASH";"MARISCAL LUZURIAGA";"LUCMA";"GOBIERNO REGIONAL";"I-1";"00001791";"PUESTO DE SALUD SECCHA";"NE_0001";"";"NE_0001";"NE_0001";"NE_0001";"NE_0001";"NE_0001";"NE_0001";"NE_0001"
"2023";"05";"021601";"ANCASH";"POMABAMBA";"POMABAMBA";"GOBIERNO REGIONAL";"I-2";"00001768";"PUESTO DE SALUD VILCABAMBA";"NE_0001";"";"NE_0001";"NE_0001";"NE_0001";"NE_0001";"NE_0001";"NE_0001";"NE_0001"
"2023";"05";"021601";"ANCASH";"POMABAMBA";"POMABAMBA";"GOBIERNO REGIONAL";"I-1";"00001766";"PUESTO DE SALUD SOCSI";"NE_0001";"";"NE_0001";"NE_0001";"NE_0001";"NE_0001";"NE_0001";"NE_0001";"NE_0001"
"2023";"05";"021601";"ANCASH";"POMABAMBA";"POMABAMBA";"GOBIERNO REGIONAL";"I-1";"00001767";"PUESTO DE SALUD CHUYAS";"NE_0001";"";"NE_0001";"NE_0001";"NE_0001";"NE_0001";"NE_0001";"NE_0001";"NE_0001"
"2023";"04";"130101";"LA LIBERTAD";"TRUJILLO";"TRUJILLO";"PRIVADO";"II-E";"00021354";"CLINICA LUZ Y VIDA";"NE_0001";"";"NE_0001";"NE_0001";"NE_0001";"NE_0001";"NE_0001";"NE_0001";"NE_0001"
"2023";"04";"220801";"SAN MARTIN";"RIOJA";"RIOJA";"GOBIERNO REGIONAL";"I-1";"00006708";"PUESTO DE SALUD PERLA DE CASCAYUNGA";"NE_0002";"";"NE_0002";"NE_0002";"NE_0002";"NE_0002";"NE_0002";"NE_0002";"NE_0002"
"2023";"04";"220801";"SAN MARTIN";"RIOJA";"RIOJA";"GOBIERNO REGIONAL";"I-1";"00006280";"PUESTO DE SALUD PORVENIR";"NE_0002";"";"NE_0002";"NE_0002";"NE_0002";"NE_0002";"NE_0002";"NE_0002";"NE_0002"
"2023";"04";"220806";"SAN MARTIN";"RIOJA";"POSIC";"GOBIERNO REGIONAL";"I-1";"00006274";"PUESTO DE SALUD POSIC";"NE_0002";"";"NE_0002";"NE_0002";"NE_0002";"NE_0002";"NE_0002";"NE_0002";"NE_0002"
"2023";"04";"220801";"SAN MARTIN";"RIOJA";"RIOJA";"GOBIERNO REGIONAL";"I-1";"00006271";"PUESTO DE SALUD MASHUYACU";"NE_0002";"";"NE_0002";"NE_0002";"NE_0002";"NE_0002";"NE_0002";"NE_0002";"NE_0002"
"2023";"04";"220801";"SAN MARTIN";"RIOJA";"RIOJA";"GOBIERNO REGIONAL";"I-4";"00006270";"CENTRO DE SALUD NUEVA RIOJA";"241600";"HOSPITALIZACIÓN QUIRÚRGICA OBSTETRICIA   ";"8";"8";"8";"8";"8";"180";"0"
"2023";"04";"220801";"SAN MARTIN";"RIOJA";"RIOJA";"GOBIERNO REGIONAL";"I-4";"00006270";"CENTRO DE SALUD NUEVA RIOJA";"241800";"HOSPITALIZACIÓN DE MEDICINA MEDICINA GENERAL ";"66";"66";"188";"8";"8";"480";"0"
"2023";"04";"220808";"SAN MARTIN";"RIOJA";"YORONGOS";"GOBIERNO REGIONAL";"I-3";"00006275";"PUESTO DE SALUD YORONGOS";"NE_0002";"";"NE_0002";"NE_0002";"NE_0002";"NE_0002";"NE_0002";"NE_0002";"NE_0002"
"2023";"04";"150501";"LIMA";"CAÑETE";"SAN VICENTE DE CAÑETE";"ESSALUD";"II-1";"00010536";"HOSPITAL II CAÑETE";"241800";"HOSPITALIZACIÓN DE MEDICINA MEDICINA GENERAL ";"83";"93";"434";"431";"19";"580";"11"
"2023";"04";"150501";"LIMA";"CAÑETE";"SAN VICENTE DE CAÑETE";"ESSALUD";"II-1";"00010536";"HOSPITAL II CAÑETE";"240100";"HOSPITALIZACIÓN QUIRÚRGICA CIRUGÍA GENERAL ";"75";"69";"270";"297";"12";"347";"0"
"2023";"04";"150501";"LIMA";"CAÑETE";"SAN VICENTE DE CAÑETE";"ESSALUD";"II-1";"00010536";"HOSPITAL II CAÑETE";"241500";"HOSPITALIZACIÓN QUIRÚRGICA GINECOLOGÍA  ";"2";"2";"3";"3";"1";"25";"0"
"2023";"04";"150501";"LIMA";"CAÑETE";"SAN VICENTE DE CAÑETE";"ESSALUD";"II-1";"00010536";"HOSPITAL II CAÑETE";"241600";"HOSPITALIZACIÓN QUIRÚRGICA OBSTETRICIA   ";"85";"85";"162";"161";"8";"231";"0"
"2023";"04";"150501";"LIMA";"CAÑETE";"SAN VICENTE DE CAÑETE";"ESSALUD";"II-1";"00010536";"HOSPITAL II CAÑETE";"242500";"HOSPITALIZACIÓN-PEDIATRÍA GENERAL-";"41";"38";"124";"133";"5";"146";"0"
"2023";"04";"040701";"AREQUIPA";"ISLAY";"MOLLENDO";"ESSALUD";"II-1";"00013295";"HOSPITAL II MANUEL DE TORRES MUÑOZ -  MOLLENDO";"241800";"HOSPITALIZACIÓN DE MEDICINA MEDICINA GENERAL ";"35";"35";"251";"222";"9";"270";"4"
"2023";"04";"040701";"AREQUIPA";"ISLAY";"MOLLENDO";"ESSALUD";"II-1";"00013295";"HOSPITAL II MANUEL DE TORRES MUÑOZ -  MOLLENDO";"240100";"HOSPITALIZACIÓN QUIRÚRGICA CIRUGÍA GENERAL ";"37";"42";"132";"113";"7";"210";"0"
"2023";"04";"040701";"AREQUIPA";"ISLAY";"MOLLENDO";"ESSALUD";"II-1";"00013295";"HOSPITAL II MANUEL DE TORRES MUÑOZ -  MOLLENDO";"241500";"HOSPITALIZACIÓN QUIRÚRGICA GINECOLOGÍA  ";"6";"6";"16";"16";"2";"60";"0"
"2023";"04";"040701";"AREQUIPA";"ISLAY";"MOLLENDO";"ESSALUD";"II-1";"00013295";"HOSPITAL II MANUEL DE TORRES MUÑOZ -  MOLLENDO";"241600";"HOSPITALIZACIÓN QUIRÚRGICA OBSTETRICIA   ";"13";"12";"27";"29";"5";"150";"0"
"2023";"04";"040701";"AREQUIPA";"ISLAY";"MOLLENDO";"ESSALUD";"II-1";"00013295";"HOSPITAL II MANUEL DE TORRES MUÑOZ -  MOLLENDO";"242300";"HOSPITALIZACIÓN DE PEDIATRÍA  PEDIATRÍA  GENERAL ";"23";"21";"54";"57";"4";"120";"0"
"2023";"04";"110112";"ICA";"ICA";"SUBTANJALLA";"ESSALUD";"I-3";"00011967";"MACACONA";"NE_0001";"";"NE_0001";"NE_0001";"NE_0001";"NE_0001";"NE_0001";"NE_0001";"NE_0001"
"2023";"04";"080708";"CUSCO";"CHUMBIVILCAS";"VELILLE";"GOBIERNO REGIONAL";"I-1";"00027011";"AYACCASI";"NE_0001";"";"NE_0001";"NE_0001";"NE_0001";"NE_0001";"NE_0001";"NE_0001";"NE_0001"
"2023";"04";"080708";"CUSCO";"CHUMBIVILCAS";"VELILLE";"GOBIERNO REGIONAL";"I-3";"00002409";"VELILLE";"NE_0001";"";"NE_0001";"NE_0001";"NE_0001";"NE_0001";"NE_0001";"NE_0001";"NE_0001"
"2023";"04";"080701";"CUSCO";"CHUMBIVILCAS";"SANTO TOMAS";"GOBIERNO REGIONAL";"I-1";"00030940";"ARCANGEL SAN MIGUEL DE ESQUINA CONGUNYA";"NE_0001";"";"NE_0001";"NE_0001";"NE_0001";"NE_0001";"NE_0001";"NE_0001";"NE_0001"
"2023";"04";"080708";"CUSCO";"CHUMBIVILCAS";"VELILLE";"GOBIERNO REGIONAL";"I-1";"00025371";"TUNTUMA";"NE_0001";"";"NE_0001";"NE_0001";"NE_0001";"NE_0001";"NE_0001";"NE_0001";"NE_0001"
"2023";"04";"080708";"CUSCO";"CHUMBIVILCAS";"VELILLE";"GOBIERNO REGIONAL";"I-1";"00027016";"HUAYCUÑUTA - URCURUTA";"NE_0001";"";"NE_0001";"NE_0001";"NE_0001";"NE_0001";"NE_0001";"NE_0001";"NE_0001"
"2023";"04";"120805";"JUNIN";"YAULI";"MOROCOCHA";"GOBIERNO REGIONAL";"I-3";"00000563";"MOROCOCHA";"NE_0001";"";"NE_0001";"NE_0001";"NE_0001";"NE_0001";"NE_0001";"NE_0001";"NE_0001"
"2023";"04";"120805";"JUNIN";"YAULI";"MOROCOCHA";"GOBIERNO REGIONAL";"I-1";"00021450";"SAN FRANCISCO DE ASIS DE PUCARA";"NE_0001";"";"NE_0001";"NE_0001";"NE_0001";"NE_0001";"NE_0001";"NE_0001";"NE_0001"
"2023";"04";"120803";"JUNIN";"YAULI";"HUAY HUAY";"GOBIERNO REGIONAL";"I-2";"00000430";"HUAYHUAY";"NE_0001";"";"NE_0001";"NE_0001";"NE_0001";"NE_0001";"NE_0001";"NE_0001";"NE_0001"
"2023";"04";"120804";"JUNIN";"YAULI";"MARCAPOMACOCHA";"GOBIERNO REGIONAL";"I-2";"00000561";"MARCAPOMACOCHA";"NE_0001";"";"NE_0001";"NE_0001";"NE_0001";"NE_0001";"NE_0001";"NE_0001";"NE_0001"
"2023";"04";"120810";"JUNIN";"YAULI";"YAULI";"GOBIERNO REGIONAL";"I-2";"00000567";"YAULI - LA OROYA";"NE_0001";"";"NE_0001";"NE_0001";"NE_0001";"NE_0001";"NE_0001";"NE_0001";"NE_0001"
"2023";"04";"120801";"JUNIN";"YAULI";"LA OROYA";"GOBIERNO REGIONAL";"I-1";"00021481";"HUARI";"NE_0001";"";"NE_0001";"NE_0001";"NE_0001";"NE_0001";"NE_0001";"NE_0001";"NE_0001"
"2023";"04";"120809";"JUNIN";"YAULI";"SUITUCANCHA";"GOBIERNO REGIONAL";"I-2";"00000431";"SUITUCANCHA";"NE_0001";"";"NE_0001";"NE_0001";"NE_0001";"NE_0001";"NE_0001";"NE_0001";"NE_0001"
"2023";"04";"120808";"JUNIN";"YAULI";"SANTA ROSA DE SACCO";"GOBIERNO REGIONAL";"I-3";"00000566";"SANTA ROSA DE SACCO";"NE_0001";"";"NE_0001";"NE_0001";"NE_0001";"NE_0001";"NE_0001";"NE_0001";"NE_0001"
"2023";"04";"120801";"JUNIN";"YAULI";"LA OROYA";"GOBIERNO REGIONAL";"I-4";"00000559";"LA OROYA";"NE_0001";"";"NE_0001";"NE_0001";"NE_0001";"NE_0001";"NE_0001";"NE_0001";"NE_0001"
"2023";"04";"120801";"JUNIN";"YAULI";"LA OROYA";"GOBIERNO REGIONAL";"I-2";"00000560";"HUAYNACANCHA";"NE_0001";"";"NE_0001";"NE_0001";"NE_0001";"NE_0001";"NE_0001";"NE_0001";"NE_0001"
"2023";"04";"120804";"JUNIN";"YAULI";"MARCAPOMACOCHA";"GOBIERNO REGIONAL";"I-1";"00000562";"SAN FRANCISCO DE YANTAC";"NE_0001";"";"NE_0001";"NE_0001";"NE_0001";"NE_0001";"NE_0001";"NE_0001";"NE_0001"
"2023";"04";"120808";"JUNIN";"YAULI";"SANTA ROSA DE SACCO";"GOBIERNO REGIONAL";"I-1";"00021449";"JUAN PABLO II";"NE_0001";"";"NE_0001";"NE_0001";"NE_0001";"NE_0001";"NE_0001";"NE_0001";"NE_0001"
"2023";"04";"120802";"JUNIN";"YAULI";"CHACAPALPA";"GOBIERNO REGIONAL";"I-1";"00000429";"CHACAPALPA";"NE_0001";"";"NE_0001";"NE_0001";"NE_0001";"NE_0001";"NE_0001";"NE_0001";"NE_0001"
"2023";"04";"120806";"JUNIN";"YAULI";"PACCHA";"GOBIERNO REGIONAL";"I-2";"00000564";"PACCHA - LA OROYA";"NE_0001";"";"NE_0001";"NE_0001";"NE_0001";"NE_0001";"NE_0001";"NE_0001";"NE_0001"
"2023";"04";"150140";"LIMA";"LIMA";"SANTIAGO DE SURCO";"PRIVADO";"II-E";"00017823";"OFTALMOLOGICA SANTO TORIBIO";"NE_0001";"";"NE_0001";"NE_0001";"NE_0001";"NE_0001";"NE_0001";"NE_0001";"NE_0001"
"2023";"04";"080105";"CUSCO";"CUSCO";"SAN SEBASTIAN";"GOBIERNO REGIONAL";"I-2";"00026181";"MENTAL SAN SEBASTIAN";"NE_0001";"";"NE_0001";"NE_0001";"NE_0001";"NE_0001";"NE_0001";"NE_0001";"NE_0001"
"2023";"04";"200601";"PIURA";"SULLANA";"SULLANA";"PRIVADO";"II-1";"00016148";"CLINICA OLGUIN";"240100";"HOSPITALIZACIÓN QUIRÚRGICA CIRUGÍA GENERAL ";"163";"168";"221";"250";"14";"422";"0"
"2023";"04";"200601";"PIURA";"SULLANA";"SULLANA";"PRIVADO";"II-1";"00016148";"CLINICA OLGUIN";"241400";"HOSPITALIZACIÓN QUIRÚRGICA GINECO - OBSTETRICIA ";"214";"223";"278";"277";"14";"424";"0"
"2023";"04";"130101";"LA LIBERTAD";"TRUJILLO";"TRUJILLO";"PRIVADO";"II-E";"00029518";"OFTALMOLOGICA CACEDA";"NE_0001";"";"NE_0001";"NE_0001";"NE_0001";"NE_0001";"NE_0001";"NE_0001";"NE_0001"
"2023";"04";"130101";"LA LIBERTAD";"TRUJILLO";"TRUJILLO";"PRIVADO";"II-1";"00027358";"CLÍNICA CRISTO REDENTOR";"240100";"HOSPITALIZACIÓN QUIRÚRGICA CIRUGÍA GENERAL ";"7";"6";"1";"7";"3";"84";"0"
"2023";"04";"130101";"LA LIBERTAD";"TRUJILLO";"TRUJILLO";"PRIVADO";"II-1";"00027358";"CLÍNICA CRISTO REDENTOR";"241900";"HOSPITALIZACIÓN DE MEDICINA MEDICINA INTERNA ";"2";"2";"2";"2";"1";"26";"0"
"2023";"03";"250303";"UCAYALI";"PADRE ABAD";"CURIMANA";"GOBIERNO REGIONAL";"I-3";"00005422";"CURIMANA";"NE_0001";"";"NE_0001";"NE_0001";"NE_0001";"NE_0001";"NE_0001";"NE_0001";"NE_0001"
"2023";"04";"061202";"CAJAMARCA";"SAN PABLO";"SAN BERNARDINO";"GOBIERNO REGIONAL";"I-1";"00004539";"TUÑAD";"NE_0001";"";"NE_0001";"NE_0001";"NE_0001";"NE_0001";"NE_0001";"NE_0001";"NE_0001"
"2023";"04";"061203";"CAJAMARCA";"SAN PABLO";"SAN LUIS";"GOBIERNO REGIONAL";"I-1";"00004584";"PAMPA DE SAN LUIS";"NE_0001";"";"NE_0001";"NE_0001";"NE_0001";"NE_0001";"NE_0001";"NE_0001";"NE_0001"
"2023";"04";"061203";"CAJAMARCA";"SAN PABLO";"SAN LUIS";"GOBIERNO REGIONAL";"I-1";"00004585";"SAN LUIS BAJO - GRANDE";"NE_0001";"";"NE_0001";"NE_0001";"NE_0001";"NE_0001";"NE_0001";"NE_0001";"NE_0001"
"2023";"04";"061201";"CAJAMARCA";"SAN PABLO";"SAN PABLO";"GOBIERNO REGIONAL";"I-4";"00004577";"SAN PABLO";"241800";"HOSPITALIZACIÓN DE MEDICINA MEDICINA GENERAL ";"2";"2";"6";"8";"3";"90";"0"
"2023";"04";"061201";"CAJAMARCA";"SAN PABLO";"SAN PABLO";"GOBIERNO REGIONAL";"I-4";"00004577";"SAN PABLO";"241600";"HOSPITALIZACIÓN QUIRÚRGICA OBSTETRICIA   ";"6";"6";"8";"11";"6";"180";"0"
"2023";"04";"040108";"AREQUIPA";"AREQUIPA";"LA JOYA";"GOBIERNO REGIONAL";"I-2";"00001333";"PUESTO DE SALUD SAN JOSE";"NE_0001";"";"NE_0001";"NE_0001";"NE_0001";"NE_0001";"NE_0001";"NE_0001";"NE_0001"
"2023";"04";"061202";"CAJAMARCA";"SAN PABLO";"SAN BERNARDINO";"GOBIERNO REGIONAL";"I-1";"00004579";"POLAN";"NE_0001";"";"NE_0001";"NE_0001";"NE_0001";"NE_0001";"NE_0001";"NE_0001";"NE_0001"
"2023";"04";"040108";"AREQUIPA";"AREQUIPA";"LA JOYA";"GOBIERNO REGIONAL";"I-2";"00001331";"PUESTO DE SALUD LA CANO";"NE_0001";"";"NE_0001";"NE_0001";"NE_0001";"NE_0001";"NE_0001";"NE_0001";"NE_0001"
"2023";"04";"040702";"AREQUIPA";"ISLAY";"COCACHACRA";"GOBIERNO REGIONAL";"I-2";"00001343";"PUESTO DE SALUD SAN CAMILO 7";"NE_0001";"";"NE_0001";"NE_0001";"NE_0001";"NE_0001";"NE_0001";"NE_0001";"NE_0001"
"2023";"05";"150114";"LIMA";"LIMA";"LA MOLINA";"PRIVADO";"I-2";"00009093";"ARIE";"NE_0002";"";"NE_0002";"NE_0002";"NE_0002";"NE_0002";"NE_0002";"NE_0002";"NE_0002"
"2023";"05";"021908";"ANCASH";"SIHUAS";"RAGASH";"GOBIERNO REGIONAL";"I-1";"00001796";"PUESTO DE SALUD RAGASH";"NE_0002";"";"NE_0002";"NE_0002";"NE_0002";"NE_0002";"NE_0002";"NE_0002";"NE_0002"
"2023";"05";"021910";"ANCASH";"SIHUAS";"SICSIBAMBA";"GOBIERNO REGIONAL";"I-2";"00001811";"PUESTO DE SALUD SICSIBAMBA";"NE_0002";"";"NE_0002";"NE_0002";"NE_0002";"NE_0002";"NE_0002";"NE_0002";"NE_0002"
"2023";"05";"021910";"ANCASH";"SIHUAS";"SICSIBAMBA";"GOBIERNO REGIONAL";"I-1";"00001812";"PUESTO DE SALUD UMBE";"NE_0002";"";"NE_0002";"NE_0002";"NE_0002";"NE_0002";"NE_0002";"NE_0002";"NE_0002"
"2023";"05";"021901";"ANCASH";"SIHUAS";"SIHUAS";"GOBIERNO REGIONAL";"I-1";"00009731";"PUESTO DE SALUD SAURAPA";"NE_0002";"";"NE_0002";"NE_0002";"NE_0002";"NE_0002";"NE_0002";"NE_0002";"NE_0002"
"2023";"05";"021906";"ANCASH";"SIHUAS";"HUAYLLABAMBA";"GOBIERNO REGIONAL";"I-3";"00001802";"CENTRO DE SALUD HUAYLLABAMBA";"NE_0002";"";"NE_0002";"NE_0002";"NE_0002";"NE_0002";"NE_0002";"NE_0002";"NE_0002"
"2023";"05";"021908";"ANCASH";"SIHUAS";"RAGASH";"GOBIERNO REGIONAL";"I-1";"00009734";"PUESTO DE SALUD QUINGAO";"NE_0002";"";"NE_0002";"NE_0002";"NE_0002";"NE_0002";"NE_0002";"NE_0002";"NE_0002"
"2023";"05";"100101";"HUANUCO";"HUANUCO";"HUANUCO";"PRIVADO";"II-E";"00018769";"CLINICA DE CORTA ESTANCIA  ROCA E.I.R.L.";"240100";"HOSPITALIZACIÓN QUIRÚRGICA CIRUGÍA GENERAL ";"2";"2";"6";"2";"25";"31";"0"
"2023";"05";"100101";"HUANUCO";"HUANUCO";"HUANUCO";"PRIVADO";"II-E";"00018769";"CLINICA DE CORTA ESTANCIA  ROCA E.I.R.L.";"241400";"HOSPITALIZACIÓN QUIRÚRGICA GINECO - OBSTETRICIA ";"2";"2";"4";"2";"27";"31";"0"
"2023";"05";"100101";"HUANUCO";"HUANUCO";"HUANUCO";"PRIVADO";"II-E";"00018769";"CLINICA DE CORTA ESTANCIA  ROCA E.I.R.L.";"241500";"HOSPITALIZACIÓN QUIRÚRGICA GINECOLOGÍA  ";"5";"5";"12";"5";"19";"31";"0"
"2023";"05";"100101";"HUANUCO";"HUANUCO";"HUANUCO";"PRIVADO";"II-E";"00018769";"CLINICA DE CORTA ESTANCIA  ROCA E.I.R.L.";"240800";"HOSPITALIZACIÓN QUIRÚRGICA CIRUGÍA PLÁSTICA/RECONSTRUCTIVA/ REPARADORA ";"1";"1";"1";"1";"30";"31";"0"
"2023";"05";"100101";"HUANUCO";"HUANUCO";"HUANUCO";"PRIVADO";"II-E";"00018769";"CLINICA DE CORTA ESTANCIA  ROCA E.I.R.L.";"240400";"HOSPITALIZACIÓN QUIRÚRGICA CIRUGÍA DE TÓRAX Y CARDIOVASCULAR ";"3";"3";"3";"3";"28";"31";"0"
"2023";"05";"150140";"LIMA";"LIMA";"SANTIAGO DE SURCO";"PRIVADO";"II-E";"00024304";"CLINICA BINOMIUM";"NE_0002";"";"NE_0002";"NE_0002";"NE_0002";"NE_0002";"NE_0002";"NE_0002";"NE_0002"
"2023";"05";"220507";"SAN MARTIN";"LAMAS";"RUMISAPA";"GOBIERNO REGIONAL";"I-1";"00006393";"PACCHILLA";"NE_0001";"";"NE_0001";"NE_0001";"NE_0001";"NE_0001";"NE_0001";"NE_0001";"NE_0001"
"2023";"05";"110201";"ICA";"CHINCHA";"CHINCHA ALTA";"PRIVADO";"II-1";"00017493";"CLINICA GAXAY";"240000";"HOSPITALIZACIÓN";"37";"37";"47";"39";"7";"217";"1"
"2023";"05";"220909";"SAN MARTIN";"SAN MARTIN";"LA BANDA DE SHILCAYO";"GOBIERNO REGIONAL";"II-E";"00006359";"BANDA SHILCAYO";"241400";"HOSPITALIZACIÓN QUIRÚRGICA GINECO - OBSTETRICIA ";"128";"135";"216";"217";"17";"527";"0"
"2023";"05";"220909";"SAN MARTIN";"SAN MARTIN";"LA BANDA DE SHILCAYO";"GOBIERNO REGIONAL";"II-E";"00006359";"BANDA SHILCAYO";"241800";"HOSPITALIZACIÓN DE MEDICINA MEDICINA GENERAL ";"73";"84";"238";"236";"23";"629";"1"
"2023";"05";"220909";"SAN MARTIN";"SAN MARTIN";"LA BANDA DE SHILCAYO";"GOBIERNO REGIONAL";"II-E";"00006359";"BANDA SHILCAYO";"242500";"HOSPITALIZACIÓN-PEDIATRÍA GENERAL-";"58";"64";"179";"182";"7";"311";"0"
"2023";"05";"190307";"PASCO";"OXAPAMPA";"VILLA RICA";"GOBIERNO REGIONAL";"II-1";"00000981";"HOSP. ""ROMAN EGOAVIL PANDO"" VILLA RICA";"241400";"HOSPITALIZACIÓN QUIRÚRGICA GINECO - OBSTETRICIA ";"38";"38";"103";"109";"12";"1218";"0"
"2023";"05";"190307";"PASCO";"OXAPAMPA";"VILLA RICA";"GOBIERNO REGIONAL";"II-1";"00000981";"HOSP. ""ROMAN EGOAVIL PANDO"" VILLA RICA";"241800";"HOSPITALIZACIÓN DE MEDICINA MEDICINA GENERAL ";"16";"16";"136";"152";"16";"1138";"0"
"2023";"05";"150121";"LIMA";"LIMA";"PUEBLO LIBRE";"PRIVADO";"II-2";"00010743";"CLINICA STELLA MARIS";"241400";"HOSPITALIZACIÓN QUIRÚRGICA GINECO - OBSTETRICIA ";"58";"52";"123";"126";"16";"496";"0"
"2023";"05";"150121";"LIMA";"LIMA";"PUEBLO LIBRE";"PRIVADO";"II-2";"00010743";"CLINICA STELLA MARIS";"240000";"HOSPITALIZACIÓN";"450";"384";"1395";"1475";"53";"1643";"4"
"2023";"05";"150121";"LIMA";"LIMA";"PUEBLO LIBRE";"PRIVADO";"II-2";"00010743";"CLINICA STELLA MARIS";"243200";"HOSPITALIZACIÓN DE PEDIATRÍA PEDIATRIA NEONATOLOGÍA";"6";"7";"20";"18";"2";"62";"0"
"2023";"05";"150121";"LIMA";"LIMA";"PUEBLO LIBRE";"PRIVADO";"II-2";"00010743";"CLINICA STELLA MARIS";"250100";"UNIDAD DE CUIDADOS CRITICOS UNIDAD  DE CUIDADOS INTENSIVOS GENERALES (UCI) ";"7";"4";"40";"75";"10";"310";"3"
"2023";"05";"150121";"LIMA";"LIMA";"PUEBLO LIBRE";"PRIVADO";"II-2";"00010743";"CLINICA STELLA MARIS";"250200";"UNIDAD DE CUIDADOS CRITICOS UNIDAD DE CUIDADOS INTERMEDIOS GENERAL  (UCIN) ";"37";"31";"97";"100";"5";"155";"0"
"2023";"05";"130101";"LA LIBERTAD";"TRUJILLO";"TRUJILLO";"GOBIERNO REGIONAL";"III-2";"00005197";"IRO JSU";"NE_0001";"";"NE_0001";"NE_0001";"NE_0001";"NE_0001";"NE_0001";"NE_0001";"NE_0001"
"2023";"05";"150101";"LIMA";"LIMA";"LIMA";"PRIVADO";"II-E";"00026473";"OBRA DE SAN CAMILO";"240000";"HOSPITALIZACIÓN";"72";"75";"212";"75";"1";"25";"0"
"2023";"05";"150101";"LIMA";"LIMA";"LIMA";"PRIVADO";"II-E";"00026473";"OBRA DE SAN CAMILO";"240100";"HOSPITALIZACIÓN QUIRÚRGICA CIRUGÍA GENERAL ";"1";"1";"2";"1";"1";"25";"0"
"2023";"05";"150121";"LIMA";"LIMA";"PUEBLO LIBRE";"PRIVADO";"II-E";"00008351";"CLINICAS SAN BERNARDO S.A.";"240000";"HOSPITALIZACIÓN";"107";"109";"288";"398";"22";"682";"0"
"2023";"05";"110101";"ICA";"ICA";"ICA";"ESSALUD";"II-2";"00016374";"HOSPITAL IV AUGUSTO HERNANDEZ MENDOZA";"244200";"HOSPITALIZACIÓN DE MEDICINA ENDOCRINOLOGIA ";"1";"3";"28";"32";"2";"62";"0"
"2023";"05";"110101";"ICA";"ICA";"ICA";"ESSALUD";"II-2";"00016374";"HOSPITAL IV AUGUSTO HERNANDEZ MENDOZA";"245100";"HOSPITALIZACIÓN DE MEDICINA NEUROLOGIA  ENFERMEDADES INFECCIOSAS/TRANSMISIBLES DEL SISTEMA NERVIOSO";"1";"1";"7";"7";"1";"31";"0"
"2023";"05";"110101";"ICA";"ICA";"ICA";"ESSALUD";"II-2";"00016374";"HOSPITAL IV AUGUSTO HERNANDEZ MENDOZA";"241900";"HOSPITALIZACIÓN DE MEDICINA MEDICINA INTERNA ";"59";"66";"600";"586";"19";"589";"10"
"2023";"03";"210101";"PUNO";"PUNO";"PUNO";"GOBIERNO REGIONAL";"I-4";"00003254";"JOSE ANTONIO ENCINAS";"241600";"HOSPITALIZACIÓN QUIRÚRGICA OBSTETRICIA   ";"16";"17";"22";"46";"5";"350";"0"
"2023";"02";"050113";"AYACUCHO";"HUAMANGA";"TAMBILLO";"GOBIERNO REGIONAL";"I-1";"00003550";"PUESTO DE SALUD NIÑO  YUCAY";"NE_0002";"";"NE_0002";"NE_0002";"NE_0002";"NE_0002";"NE_0002";"NE_0002";"NE_0002"
"2023";"04";"120135";"JUNIN";"HUANCAYO";"SANTO DOMINGO DE ACOBAMBA";"GOBIERNO REGIONAL";"I-1";"00024779";"DURAZNO PATA";"NE_0001";"";"NE_0001";"NE_0001";"NE_0001";"NE_0001";"NE_0001";"NE_0001";"NE_0001"
"2023";"04";"120135";"JUNIN";"HUANCAYO";"SANTO DOMINGO DE ACOBAMBA";"GOBIERNO REGIONAL";"I-1";"00024780";"ROSASPAMPA";"NE_0001";"";"NE_0001";"NE_0001";"NE_0001";"NE_0001";"NE_0001";"NE_0001";"NE_0001"
"2023";"04";"120135";"JUNIN";"HUANCAYO";"SANTO DOMINGO DE ACOBAMBA";"GOBIERNO REGIONAL";"I-2";"00000669";"PUMABAMBA";"NE_0001";"";"NE_0001";"NE_0001";"NE_0001";"NE_0001";"NE_0001";"NE_0001";"NE_0001"
"2023";"04";"120135";"JUNIN";"HUANCAYO";"SANTO DOMINGO DE ACOBAMBA";"GOBIERNO REGIONAL";"I-1";"00000670";"SANTA ROSA DE ASTILLERIA";"NE_0001";"";"NE_0001";"NE_0001";"NE_0001";"NE_0001";"NE_0001";"NE_0001";"NE_0001"
"2023";"04";"120205";"JUNIN";"CONCEPCION";"COCHAS";"GOBIERNO REGIONAL";"I-1";"00019792";"ANDAS";"NE_0001";"";"NE_0001";"NE_0001";"NE_0001";"NE_0001";"NE_0001";"NE_0001";"NE_0001"
"2023";"04";"120205";"JUNIN";"CONCEPCION";"COCHAS";"GOBIERNO REGIONAL";"I-1";"00019794";"SAN FRANCISCO DE MACON";"NE_0001";"";"NE_0001";"NE_0001";"NE_0001";"NE_0001";"NE_0001";"NE_0001";"NE_0001"
"2023";"04";"120418";"JUNIN";"JAUJA";"MOLINOS";"GOBIERNO REGIONAL";"I-1";"00000398";"QUERO";"NE_0001";"";"NE_0001";"NE_0001";"NE_0001";"NE_0001";"NE_0001";"NE_0001";"NE_0001"
"2023";"04";"120418";"JUNIN";"JAUJA";"MOLINOS";"GOBIERNO REGIONAL";"I-2";"00000399";"CURIMARCA";"NE_0001";"";"NE_0001";"NE_0001";"NE_0001";"NE_0001";"NE_0001";"NE_0001";"NE_0001"
"2023";"04";"120416";"JUNIN";"JAUJA";"MASMA";"GOBIERNO REGIONAL";"I-3";"00000394";"MASMA";"NE_0001";"";"NE_0001";"NE_0001";"NE_0001";"NE_0001";"NE_0001";"NE_0001";"NE_0001"
"2023";"04";"150114";"LIMA";"LIMA";"LA MOLINA";"PRIVADO";"II-E";"00022113";"CLINICA SANTA JULIA  S.A.C.";"NE_0001";"";"NE_0001";"NE_0001";"NE_0001";"NE_0001";"NE_0001";"NE_0001";"NE_0001"
"2023";"04";"150122";"LIMA";"LIMA";"MIRAFLORES";"PRIVADO";"II-E";"00011849";"CLINICA MIRAFLORES SAC";"240000";"HOSPITALIZACIÓN";"28";"28";"53";"85";"10";"300";"0"
"2023";"04";"150122";"LIMA";"LIMA";"MIRAFLORES";"PRIVADO";"II-E";"00011849";"CLINICA MIRAFLORES SAC";"250200";"UNIDAD DE CUIDADOS CRITICOS UNIDAD DE CUIDADOS INTERMEDIOS GENERAL  (UCIN) ";"1";"1";"1";"2";"2";"60";"0"
"2023";"04";"150122";"LIMA";"LIMA";"MIRAFLORES";"PRIVADO";"II-E";"00011849";"CLINICA MIRAFLORES SAC";"243200";"HOSPITALIZACIÓN DE PEDIATRÍA PEDIATRIA NEONATOLOGÍA";"7";"7";"19";"27";"6";"180";"0"
"2023";"04";"120606";"JUNIN";"SATIPO";"PANGOA";"GOBIERNO REGIONAL";"I-3";"00000443";"SAN RAMON DE PANGOA";"NE_0001";"";"NE_0001";"NE_0001";"NE_0001";"NE_0001";"NE_0001";"NE_0001";"NE_0001"
"2023";"04";"120606";"JUNIN";"SATIPO";"PANGOA";"GOBIERNO REGIONAL";"I-1";"00000456";"SANTA ROSA ALTO KIATARI";"NE_0001";"";"NE_0001";"NE_0001";"NE_0001";"NE_0001";"NE_0001";"NE_0001";"NE_0001"
"2023";"04";"120606";"JUNIN";"SATIPO";"PANGOA";"GOBIERNO REGIONAL";"I-2";"00000444";"CHAVINI";"NE_0001";"";"NE_0001";"NE_0001";"NE_0001";"NE_0001";"NE_0001";"NE_0001";"NE_0001"
"2023";"04";"120606";"JUNIN";"SATIPO";"PANGOA";"GOBIERNO REGIONAL";"I-1";"00000450";"ALTO KIATARI";"NE_0001";"";"NE_0001";"NE_0001";"NE_0001";"NE_0001";"NE_0001";"NE_0001";"NE_0001"
"2023";"04";"120606";"JUNIN";"SATIPO";"PANGOA";"GOBIERNO REGIONAL";"I-1";"00000453";"UNION CHAVINI";"NE_0001";"";"NE_0001";"NE_0001";"NE_0001";"NE_0001";"NE_0001";"NE_0001";"NE_0001"
"2023";"04";"120606";"JUNIN";"SATIPO";"PANGOA";"GOBIERNO REGIONAL";"I-1";"00000440";"SAN JOSE DE MIRAFLORES";"NE_0001";"";"NE_0001";"NE_0001";"NE_0001";"NE_0001";"NE_0001";"NE_0001";"NE_0001"
"2023";"04";"120606";"JUNIN";"SATIPO";"PANGOA";"GOBIERNO REGIONAL";"I-1";"00000458";"VILCABAMBA";"NE_0001";"";"NE_0001";"NE_0001";"NE_0001";"NE_0001";"NE_0001";"NE_0001";"NE_0001"
"2023";"04";"070102";"CALLAO";"CALLAO";"BELLAVISTA";"GOBIERNO REGIONAL";"III-1";"00006218";"NAC. DANIEL A. CARRION";"250108";"UNIDAD DE CUIDADOS CRITICOS UNIDAD  DE CUIDADOS INTENSIVOS  (UCI) PEDIÁTRICA";"9";"3";"23";"176";"6";"180";"0"
"2023";"04";"070102";"CALLAO";"CALLAO";"BELLAVISTA";"GOBIERNO REGIONAL";"III-1";"00006218";"NAC. DANIEL A. CARRION";"241900";"HOSPITALIZACIÓN DE MEDICINA MEDICINA INTERNA ";"233";"264";"4154";"4263";"146";"4381";"36"
"2023";"04";"070102";"CALLAO";"CALLAO";"BELLAVISTA";"GOBIERNO REGIONAL";"III-1";"00006218";"NAC. DANIEL A. CARRION";"245300";"HOSPITALIZACIÓN DE MEDICINA NEUMOLOGÍA  ";"4";"8";"309";"292";"14";"420";"2"
"2023";"04";"070102";"CALLAO";"CALLAO";"BELLAVISTA";"GOBIERNO REGIONAL";"III-1";"00006218";"NAC. DANIEL A. CARRION";"240100";"HOSPITALIZACIÓN QUIRÚRGICA CIRUGÍA GENERAL ";"279";"259";"2157";"2346";"88";"2640";"2"
"2023";"04";"070102";"CALLAO";"CALLAO";"BELLAVISTA";"GOBIERNO REGIONAL";"III-1";"00006218";"NAC. DANIEL A. CARRION";"241200";"HOSPITALIZACIÓN QUIRÚRGICA TRAUMATOLOGÍA Y ORTOPEDIA ";"33";"38";"782";"890";"32";"960";"0"
"2023";"04";"070102";"CALLAO";"CALLAO";"BELLAVISTA";"GOBIERNO REGIONAL";"III-1";"00006218";"NAC. DANIEL A. CARRION";"240900";"HOSPITALIZACIÓN QUIRÚRGICA NEUROCIRUGÍA ";"72";"56";"623";"704";"32";"960";"1"
"2023";"04";"070102";"CALLAO";"CALLAO";"BELLAVISTA";"GOBIERNO REGIONAL";"III-1";"00006218";"NAC. DANIEL A. CARRION";"240700";"HOSPITALIZACIÓN QUIRÚRGICA CIRUGÍA PEDIÁTRICA ";"78";"81";"403";"432";"17";"512";"0"
"2023";"04";"070102";"CALLAO";"CALLAO";"BELLAVISTA";"GOBIERNO REGIONAL";"III-1";"00006218";"NAC. DANIEL A. CARRION";"250105";"UNIDAD DE CUIDADOS CRITICOS UNIDAD  DE CUIDADOS INTENSIVOS  (UCI) NEONATOLOGÍA";"14";"79";"765";"781";"37";"1110";"1"
"2023";"04";"070102";"CALLAO";"CALLAO";"BELLAVISTA";"GOBIERNO REGIONAL";"III-1";"00006218";"NAC. DANIEL A. CARRION";"242300";"HOSPITALIZACIÓN DE PEDIATRÍA  PEDIATRÍA  GENERAL ";"146";"141";"875";"533";"24";"720";"0"
"2023";"04";"070102";"CALLAO";"CALLAO";"BELLAVISTA";"GOBIERNO REGIONAL";"III-1";"00006218";"NAC. DANIEL A. CARRION";"241500";"HOSPITALIZACIÓN QUIRÚRGICA GINECOLOGÍA  ";"124";"171";"672";"738";"25";"752";"1"
"2023";"04";"070102";"CALLAO";"CALLAO";"BELLAVISTA";"GOBIERNO REGIONAL";"III-1";"00006218";"NAC. DANIEL A. CARRION";"241600";"HOSPITALIZACIÓN QUIRÚRGICA OBSTETRICIA   ";"18";"135";"131";"406";"15";"450";"0"
"2023";"04";"070102";"CALLAO";"CALLAO";"BELLAVISTA";"GOBIERNO REGIONAL";"III-1";"00006218";"NAC. DANIEL A. CARRION";"241400";"HOSPITALIZACIÓN QUIRÚRGICA GINECO - OBSTETRICIA ";"129";"45";"362";"337";"16";"480";"0"
"2023";"04";"070102";"CALLAO";"CALLAO";"BELLAVISTA";"GOBIERNO REGIONAL";"III-1";"00006218";"NAC. DANIEL A. CARRION";"250100";"UNIDAD DE CUIDADOS CRITICOS UNIDAD  DE CUIDADOS INTENSIVOS GENERALES (UCI) ";"12";"3";"14";"179";"6";"180";"1"
"2023";"04";"070102";"CALLAO";"CALLAO";"BELLAVISTA";"GOBIERNO REGIONAL";"III-1";"00006218";"NAC. DANIEL A. CARRION";"250200";"UNIDAD DE CUIDADOS CRITICOS UNIDAD DE CUIDADOS INTERMEDIOS GENERAL  (UCIN) ";"6";"2";"47";"237";"8";"240";"1"
"2023";"04";"070102";"CALLAO";"CALLAO";"BELLAVISTA";"GOBIERNO REGIONAL";"III-1";"00006218";"NAC. DANIEL A. CARRION";"242100";"HOSPITALIZACIÓN DE MEDICINA ONCOLOGÍA MÉDICA ";"34";"43";"531";"437";"20";"600";"3"
"2023";"04";"250105";"UCAYALI";"CORONEL PORTILLO";"YARINACOCHA";"ESSALUD";"I-3";"00009598";"CENTRO DE ATENCION INTEGRAL ESSALUD ALAMEDAS";"NE_0001";"";"NE_0001";"NE_0001";"NE_0001";"NE_0001";"NE_0001";"NE_0001";"NE_0001"
"2023";"04";"150114";"LIMA";"LIMA";"LA MOLINA";"PRIVADO";"I-3";"00010464";"CLINICA ANGLO AMERICANA";"NE_0001";"";"NE_0001";"NE_0001";"NE_0001";"NE_0001";"NE_0001";"NE_0001";"NE_0001"
"2023";"04";"150131";"LIMA";"LIMA";"SAN ISIDRO";"PRIVADO";"I-2";"00025076";"CONSULTORIOS EXTERNOS ANGLO AMERICANA";"NE_0001";"";"NE_0001";"NE_0001";"NE_0001";"NE_0001";"NE_0001";"NE_0001";"NE_0001"
"2023";"04";"210201";"PUNO";"AZANGARO";"AZANGARO";"GOBIERNO REGIONAL";"II-1";"00002941";"CARLOS CORNEJO ROSELLO";"240100";"HOSPITALIZACIÓN QUIRÚRGICA CIRUGÍA GENERAL ";"14";"16";"95";"111";"06";"186";"0"
"2023";"04";"210201";"PUNO";"AZANGARO";"AZANGARO";"GOBIERNO REGIONAL";"II-1";"00002941";"CARLOS CORNEJO ROSELLO";"241500";"HOSPITALIZACIÓN QUIRÚRGICA GINECOLOGÍA  ";"40";"43";"109";"152";"08";"248";"0"
"2023";"04";"210201";"PUNO";"AZANGARO";"AZANGARO";"GOBIERNO REGIONAL";"II-1";"00002941";"CARLOS CORNEJO ROSELLO";"241600";"HOSPITALIZACIÓN QUIRÚRGICA OBSTETRICIA   ";"28";"34";"55";"89";"06";"186";"0"
"2023";"04";"210201";"PUNO";"AZANGARO";"AZANGARO";"GOBIERNO REGIONAL";"II-1";"00002941";"CARLOS CORNEJO ROSELLO";"241800";"HOSPITALIZACIÓN DE MEDICINA MEDICINA GENERAL ";"28";"29";"92";"121";"12";"372";"3"
"2023";"04";"210201";"PUNO";"AZANGARO";"AZANGARO";"GOBIERNO REGIONAL";"II-1";"00002941";"CARLOS CORNEJO ROSELLO";"242500";"HOSPITALIZACIÓN-PEDIATRÍA GENERAL-";"11";"12";"30";"41";"09";"279";"0"
"2023";"04";"210201";"PUNO";"AZANGARO";"AZANGARO";"GOBIERNO REGIONAL";"II-1";"00002941";"CARLOS CORNEJO ROSELLO";"243200";"HOSPITALIZACIÓN DE PEDIATRÍA PEDIATRIA NEONATOLOGÍA";"11";"12";"24";"36";"04";"124";"0"
"2023";"04";"200115";"PIURA";"PIURA";"VEINTISEIS DE OCTUBRE";"PRIVADO";"II-1";"00027260";"CLÍNICA BELLO HORIZONTE S.A.";"240000";"HOSPITALIZACIÓN";"97";"95";"245";"361";"16";"480";"2"
"2023";"04";"200115";"PIURA";"PIURA";"VEINTISEIS DE OCTUBRE";"PRIVADO";"II-1";"00027260";"CLÍNICA BELLO HORIZONTE S.A.";"250100";"UNIDAD DE CUIDADOS CRITICOS UNIDAD  DE CUIDADOS INTENSIVOS GENERALES (UCI) ";"7";"3";"6";"19";"4";"120";"1"
"2023";"04";"150113";"LIMA";"LIMA";"JESUS MARIA";"PRIVADO";"II-E";"00009982";"CLINICA REPROMEDIC";"240000";"HOSPITALIZACIÓN";"72";"72";"162";"154";"10";"320";"0"
"2023";"04";"190113";"PASCO";"PASCO";"YANACANCHA";"MINSA";"II-2";"00000979";"HOSPITAL REGIONAL DR. DANIEL ALCIDES CARRION GARCIA";"240100";"HOSPITALIZACIÓN QUIRÚRGICA CIRUGÍA GENERAL ";"47";"48";"166";"165";"16";"480";"0"
"2023";"04";"190113";"PASCO";"PASCO";"YANACANCHA";"MINSA";"II-2";"00000979";"HOSPITAL REGIONAL DR. DANIEL ALCIDES CARRION GARCIA";"240700";"HOSPITALIZACIÓN QUIRÚRGICA CIRUGÍA PEDIÁTRICA ";"4";"4";"12";"12";"4";"120";"0"
"2023";"04";"190113";"PASCO";"PASCO";"YANACANCHA";"MINSA";"II-2";"00000979";"HOSPITAL REGIONAL DR. DANIEL ALCIDES CARRION GARCIA";"241400";"HOSPITALIZACIÓN QUIRÚRGICA GINECO - OBSTETRICIA ";"120";"127";"262";"255";"26";"780";"0"
"2023";"04";"190113";"PASCO";"PASCO";"YANACANCHA";"MINSA";"II-2";"00000979";"HOSPITAL REGIONAL DR. DANIEL ALCIDES CARRION GARCIA";"241800";"HOSPITALIZACIÓN DE MEDICINA MEDICINA GENERAL ";"37";"39";"155";"153";"21";"630";"1"
"2023";"04";"190113";"PASCO";"PASCO";"YANACANCHA";"MINSA";"II-2";"00000979";"HOSPITAL REGIONAL DR. DANIEL ALCIDES CARRION GARCIA";"243200";"HOSPITALIZACIÓN DE PEDIATRÍA PEDIATRIA NEONATOLOGÍA";"41";"49";"190";"182";"9";"270";"0"
"2023";"04";"190113";"PASCO";"PASCO";"YANACANCHA";"MINSA";"II-2";"00000979";"HOSPITAL REGIONAL DR. DANIEL ALCIDES CARRION GARCIA";"242500";"HOSPITALIZACIÓN-PEDIATRÍA GENERAL-";"21";"24";"109";"106";"11";"330";"1"
"2023";"04";"190113";"PASCO";"PASCO";"YANACANCHA";"MINSA";"II-2";"00000979";"HOSPITAL REGIONAL DR. DANIEL ALCIDES CARRION GARCIA";"242200";"HOSPITALIZACIÓN DE MEDICINA PSIQUIATRÍA ";"6";"7";"87";"86";"12";"360";"0"
"2023";"04";"190113";"PASCO";"PASCO";"YANACANCHA";"MINSA";"II-2";"00000979";"HOSPITAL REGIONAL DR. DANIEL ALCIDES CARRION GARCIA";"241200";"HOSPITALIZACIÓN QUIRÚRGICA TRAUMATOLOGÍA Y ORTOPEDIA ";"9";"11";"55";"53";"4";"120";"0"
"2023";"04";"190113";"PASCO";"PASCO";"YANACANCHA";"MINSA";"II-2";"00000979";"HOSPITAL REGIONAL DR. DANIEL ALCIDES CARRION GARCIA";"250103";"UNIDAD DE CUIDADOS CRITICOS UNIDAD  DE CUIDADOS INTENSIVOS GENERALES  (UCI) MEDICINA";"1";"4";"110";"107";"8";"240";"4"
"2023";"04";"190113";"PASCO";"PASCO";"YANACANCHA";"MINSA";"II-2";"00000979";"HOSPITAL REGIONAL DR. DANIEL ALCIDES CARRION GARCIA";"250105";"UNIDAD DE CUIDADOS CRITICOS UNIDAD  DE CUIDADOS INTENSIVOS  (UCI) NEONATOLOGÍA";"1";"1";"17";"17";"4";"120";"0"
"2023";"04";"190113";"PASCO";"PASCO";"YANACANCHA";"MINSA";"II-2";"00000979";"HOSPITAL REGIONAL DR. DANIEL ALCIDES CARRION GARCIA";"241300";"HOSPITALIZACIÓN QUIRÚRGICA UROLOGÍA  ";"2";"2";"29";"29";"2";"60";"0"
"2023";"04";"150140";"LIMA";"LIMA";"SANTIAGO DE SURCO";"PRIVADO";"II-E";"00012219";"CLINICA MONTESUR";"241800";"HOSPITALIZACIÓN DE MEDICINA MEDICINA GENERAL ";"173";"185";"211";"172";"34";"150";"0"
"2023";"04";"150140";"LIMA";"LIMA";"SANTIAGO DE SURCO";"PRIVADO";"II-E";"00012219";"CLINICA MONTESUR";"243200";"HOSPITALIZACIÓN DE PEDIATRÍA PEDIATRIA NEONATOLOGÍA";"38";"41";"90";"38";"5";"952";"0"
"2023";"04";"250101";"UCAYALI";"CORONEL PORTILLO";"CALLERIA";"GOBIERNO REGIONAL";"II-2";"00005576";"HOSPITAL REGIONAL DE PUCALLPA";"241900";"HOSPITALIZACIÓN DE MEDICINA MEDICINA INTERNA ";"47";"44";"202";"174";"10";"300";"1"
"2023";"04";"250101";"UCAYALI";"CORONEL PORTILLO";"CALLERIA";"GOBIERNO REGIONAL";"II-2";"00005576";"HOSPITAL REGIONAL DE PUCALLPA";"245300";"HOSPITALIZACIÓN DE MEDICINA NEUMOLOGÍA  ";"6";"5";"41";"37";"4";"120";"0"
"2023";"04";"250101";"UCAYALI";"CORONEL PORTILLO";"CALLERIA";"GOBIERNO REGIONAL";"II-2";"00005576";"HOSPITAL REGIONAL DE PUCALLPA";"244000";"HOSPITALIZACIÓN DE MEDICINA CARDIOLOGIA ";"8";"8";"38";"43";"4";"120";"0"
"2023";"04";"250101";"UCAYALI";"CORONEL PORTILLO";"CALLERIA";"GOBIERNO REGIONAL";"II-2";"00005576";"HOSPITAL REGIONAL DE PUCALLPA";"244700";"HOSPITALIZACIÓN DE MEDICINA NEUROLOGIA  ";"6";"4";"27";"23";"4";"120";"0"
"2023";"04";"250101";"UCAYALI";"CORONEL PORTILLO";"CALLERIA";"GOBIERNO REGIONAL";"II-2";"00005576";"HOSPITAL REGIONAL DE PUCALLPA";"242000";"HOSPITALIZACIÓN DE MEDICINA MEDICINA TROPICAL E INFECCIOSAS ";"29";"27";"115";"121";"6";"180";"5"
"2023";"04";"250101";"UCAYALI";"CORONEL PORTILLO";"CALLERIA";"GOBIERNO REGIONAL";"II-2";"00005576";"HOSPITAL REGIONAL DE PUCALLPA";"244400";"HOSPITALIZACIÓN DE MEDICINA GERIATRIA ";"6";"5";"19";"24";"6";"180";"0"
"2023";"04";"250101";"UCAYALI";"CORONEL PORTILLO";"CALLERIA";"GOBIERNO REGIONAL";"II-2";"00005576";"HOSPITAL REGIONAL DE PUCALLPA";"250100";"UNIDAD DE CUIDADOS CRITICOS UNIDAD  DE CUIDADOS INTENSIVOS GENERALES (UCI) ";"11";"5";"66";"167";"6";"180";"4"
"2023";"04";"250101";"UCAYALI";"CORONEL PORTILLO";"CALLERIA";"GOBIERNO REGIONAL";"II-2";"00005576";"HOSPITAL REGIONAL DE PUCALLPA";"250200";"UNIDAD DE CUIDADOS CRITICOS UNIDAD DE CUIDADOS INTERMEDIOS GENERAL  (UCIN) ";"6";"2";"13";"85";"4";"120";"0"
"2023";"04";"250101";"UCAYALI";"CORONEL PORTILLO";"CALLERIA";"GOBIERNO REGIONAL";"II-2";"00005576";"HOSPITAL REGIONAL DE PUCALLPA";"240100";"HOSPITALIZACIÓN QUIRÚRGICA CIRUGÍA GENERAL ";"58";"51";"265";"214";"10";"300";"1"
"2023";"04";"250101";"UCAYALI";"CORONEL PORTILLO";"CALLERIA";"GOBIERNO REGIONAL";"II-2";"00005576";"HOSPITAL REGIONAL DE PUCALLPA";"240400";"HOSPITALIZACIÓN QUIRÚRGICA CIRUGÍA DE TÓRAX Y CARDIOVASCULAR ";"4";"4";"17";"17";"1";"30";"0"
"2023";"04";"250101";"UCAYALI";"CORONEL PORTILLO";"CALLERIA";"GOBIERNO REGIONAL";"II-2";"00005576";"HOSPITAL REGIONAL DE PUCALLPA";"241200";"HOSPITALIZACIÓN QUIRÚRGICA TRAUMATOLOGÍA Y ORTOPEDIA ";"46";"35";"369";"239";"12";"360";"0"
"2023";"04";"250101";"UCAYALI";"CORONEL PORTILLO";"CALLERIA";"GOBIERNO REGIONAL";"II-2";"00005576";"HOSPITAL REGIONAL DE PUCALLPA";"240200";"HOSPITALIZACIÓN QUIRÚRGICA CIRUGÍA DE CABEZA Y CUELLO / MÁXILO FACIAL ";"3";"2";"13";"17";"1";"30";"0"
"2023";"04";"250101";"UCAYALI";"CORONEL PORTILLO";"CALLERIA";"GOBIERNO REGIONAL";"II-2";"00005576";"HOSPITAL REGIONAL DE PUCALLPA";"240600";"HOSPITALIZACIÓN QUIRÚRGICA CIRUGÍA OFTALMOLÓGICA ";"2";"1";"25";"4";"1";"30";"0"
"2023";"04";"250101";"UCAYALI";"CORONEL PORTILLO";"CALLERIA";"GOBIERNO REGIONAL";"II-2";"00005576";"HOSPITAL REGIONAL DE PUCALLPA";"241300";"HOSPITALIZACIÓN QUIRÚRGICA UROLOGÍA  ";"6";"4";"29";"32";"1";"32";"0"
"2023";"04";"250101";"UCAYALI";"CORONEL PORTILLO";"CALLERIA";"GOBIERNO REGIONAL";"II-2";"00005576";"HOSPITAL REGIONAL DE PUCALLPA";"240900";"HOSPITALIZACIÓN QUIRÚRGICA NEUROCIRUGÍA ";"7";"6";"39";"22";"1";"28";"0"
"2023";"04";"250101";"UCAYALI";"CORONEL PORTILLO";"CALLERIA";"GOBIERNO REGIONAL";"II-2";"00005576";"HOSPITAL REGIONAL DE PUCALLPA";"240700";"HOSPITALIZACIÓN QUIRÚRGICA CIRUGÍA PEDIÁTRICA ";"20";"19";"157";"109";"4";"120";"0"
"2023";"04";"250101";"UCAYALI";"CORONEL PORTILLO";"CALLERIA";"GOBIERNO REGIONAL";"II-2";"00005576";"HOSPITAL REGIONAL DE PUCALLPA";"240800";"HOSPITALIZACIÓN QUIRÚRGICA CIRUGÍA PLÁSTICA/RECONSTRUCTIVA/ REPARADORA ";"18";"12";"154";"217";"10";"300";"0"
"2023";"04";"250101";"UCAYALI";"CORONEL PORTILLO";"CALLERIA";"GOBIERNO REGIONAL";"II-2";"00005576";"HOSPITAL REGIONAL DE PUCALLPA";"242300";"HOSPITALIZACIÓN DE PEDIATRÍA  PEDIATRÍA  GENERAL ";"47";"44";"159";"138";"30";"900";"1"
"2023";"04";"250101";"UCAYALI";"CORONEL PORTILLO";"CALLERIA";"GOBIERNO REGIONAL";"II-2";"00005576";"HOSPITAL REGIONAL DE PUCALLPA";"241600";"HOSPITALIZACIÓN QUIRÚRGICA OBSTETRICIA   ";"264";"251";"569";"523";"38";"1140";"0"
"2023";"04";"250101";"UCAYALI";"CORONEL PORTILLO";"CALLERIA";"GOBIERNO REGIONAL";"II-2";"00005576";"HOSPITAL REGIONAL DE PUCALLPA";"241500";"HOSPITALIZACIÓN QUIRÚRGICA GINECOLOGÍA  ";"20";"17";"64";"61";"4";"120";"0"
"2023";"04";"250101";"UCAYALI";"CORONEL PORTILLO";"CALLERIA";"GOBIERNO REGIONAL";"II-2";"00005576";"HOSPITAL REGIONAL DE PUCALLPA";"250105";"UNIDAD DE CUIDADOS CRITICOS UNIDAD  DE CUIDADOS INTENSIVOS  (UCI) NEONATOLOGÍA";"49";"42";"384";"377";"16";"480";"5"
"2023";"04";"110501";"ICA";"PISCO";"PISCO";"PRIVADO";"II-1";"00027173";"FAMISALUD SAC";"241500";"HOSPITALIZACIÓN QUIRÚRGICA GINECOLOGÍA  ";"5";"5";"6";"7";"2";"60";"0"
"2023";"04";"110501";"ICA";"PISCO";"PISCO";"PRIVADO";"II-1";"00027173";"FAMISALUD SAC";"241200";"HOSPITALIZACIÓN QUIRÚRGICA TRAUMATOLOGÍA Y ORTOPEDIA ";"4";"4";"14";"7";"2";"60";"0"
"2023";"04";"110501";"ICA";"PISCO";"PISCO";"PRIVADO";"II-1";"00027173";"FAMISALUD SAC";"240100";"HOSPITALIZACIÓN QUIRÚRGICA CIRUGÍA GENERAL ";"8";"8";"16";"7";"3";"90";"0"
"2023";"04";"130101";"LA LIBERTAD";"TRUJILLO";"TRUJILLO";"PRIVADO";"II-E";"00024168";"NORLASER";"NE_0001";"";"NE_0001";"NE_0001";"NE_0001";"NE_0001";"NE_0001";"NE_0001";"NE_0001"
"2023";"04";"200105";"PIURA";"PIURA";"CATACAOS";"PRIVADO";"II-1";"00010723";"HOSPITAL PRIVADO DEL PERU";"240000";"HOSPITALIZACIÓN";"110";"94";"182";"367";"32";"992";"4"
"2023";"04";"040112";"AREQUIPA";"AREQUIPA";"PAUCARPATA";"GOBIERNO REGIONAL";"I-4";"00001296";"CENTRO DE SALUD  AMPLIACIÓN PAUCARPATA";"NE_0001";"";"NE_0001";"NE_0001";"NE_0001";"NE_0001";"NE_0001";"NE_0001";"NE_0001"
"2023";"04";"040112";"AREQUIPA";"AREQUIPA";"PAUCARPATA";"GOBIERNO REGIONAL";"I-3";"00001313";"CENTRO DE SALUD NUEVA ALBORADA";"NE_0001";"";"NE_0001";"NE_0001";"NE_0001";"NE_0001";"NE_0001";"NE_0001";"NE_0001"
"2023";"04";"040112";"AREQUIPA";"AREQUIPA";"PAUCARPATA";"GOBIERNO REGIONAL";"I-3";"00001310";"CENTRO DE SALUD MANUEL PRADO";"NE_0002";"";"NE_0002";"NE_0002";"NE_0002";"NE_0002";"NE_0002";"NE_0002";"NE_0002"
"2023";"04";"040112";"AREQUIPA";"AREQUIPA";"PAUCARPATA";"GOBIERNO REGIONAL";"I-3";"00001315";"CENTRO DE SALUD CAMPO MARTE";"NE_0001";"";"NE_0001";"NE_0001";"NE_0001";"NE_0001";"NE_0001";"NE_0001";"NE_0001"
"2023";"03";"250303";"UCAYALI";"PADRE ABAD";"CURIMANA";"GOBIERNO REGIONAL";"I-1";"00005425";"ZORRILLOS";"NE_0001";"";"NE_0001";"NE_0001";"NE_0001";"NE_0001";"NE_0001";"NE_0001";"NE_0001"
"2023";"03";"250303";"UCAYALI";"PADRE ABAD";"CURIMANA";"GOBIERNO REGIONAL";"I-1";"00005424";"BELLO HORIZONTE";"NE_0001";"";"NE_0001";"NE_0001";"NE_0001";"NE_0001";"NE_0001";"NE_0001";"NE_0001"
"2023";"03";"250303";"UCAYALI";"PADRE ABAD";"CURIMANA";"GOBIERNO REGIONAL";"I-1";"00005423";"LAS MALVINAS.";"NE_0001";"";"NE_0001";"NE_0001";"NE_0001";"NE_0001";"NE_0001";"NE_0001";"NE_0001"
"2023";"04";"061202";"CAJAMARCA";"SAN PABLO";"SAN BERNARDINO";"GOBIERNO REGIONAL";"I-2";"00004580";"SAN BERNARDINO";"NE_0001";"";"NE_0001";"NE_0001";"NE_0001";"NE_0001";"NE_0001";"NE_0001";"NE_0001"
"2023";"03";"040126";"AREQUIPA";"AREQUIPA";"YANAHUARA";"ESSALUD";"II-1";"00013291";"HOSPITAL III YANAHUARA";"241900";"HOSPITALIZACIÓN DE MEDICINA MEDICINA INTERNA ";"105";"95";"973";"1037";"35";"1085";"6"
"2023";"03";"040126";"AREQUIPA";"AREQUIPA";"YANAHUARA";"ESSALUD";"II-1";"00013291";"HOSPITAL III YANAHUARA";"240100";"HOSPITALIZACIÓN QUIRÚRGICA CIRUGÍA GENERAL ";"325";"318";"999";"1236";"41";"1271";"0"
"2023";"03";"040126";"AREQUIPA";"AREQUIPA";"YANAHUARA";"ESSALUD";"II-1";"00013291";"HOSPITAL III YANAHUARA";"241600";"HOSPITALIZACIÓN QUIRÚRGICA OBSTETRICIA   ";"328";"323";"832";"678";"23";"713";"0"
"2023";"03";"040126";"AREQUIPA";"AREQUIPA";"YANAHUARA";"ESSALUD";"II-1";"00013291";"HOSPITAL III YANAHUARA";"241400";"HOSPITALIZACIÓN QUIRÚRGICA GINECO - OBSTETRICIA ";"154";"148";"426";"369";"12";"372";"0"
"2023";"03";"040126";"AREQUIPA";"AREQUIPA";"YANAHUARA";"ESSALUD";"II-1";"00013291";"HOSPITAL III YANAHUARA";"242300";"HOSPITALIZACIÓN DE PEDIATRÍA  PEDIATRÍA  GENERAL ";"60";"59";"389";"176";"9";"279";"0"
"2023";"03";"040126";"AREQUIPA";"AREQUIPA";"YANAHUARA";"ESSALUD";"II-1";"00013291";"HOSPITAL III YANAHUARA";"243200";"HOSPITALIZACIÓN DE PEDIATRÍA PEDIATRIA NEONATOLOGÍA";"283";"280";"770";"796";"26";"806";"0"
"2023";"03";"040126";"AREQUIPA";"AREQUIPA";"YANAHUARA";"ESSALUD";"II-1";"00013291";"HOSPITAL III YANAHUARA";"250100";"UNIDAD DE CUIDADOS CRITICOS UNIDAD  DE CUIDADOS INTENSIVOS GENERALES (UCI) ";"23";"5";"66";"216";"10";"310";"4"
"2023";"04";"090118";"HUANCAVELICA";"HUANCAVELICA";"ASCENSION";"ESSALUD";"II-1";"00009132";"HOSPITAL II HUANCAVELICA";"241800";"HOSPITALIZACIÓN DE MEDICINA MEDICINA GENERAL ";"57";"46";"156";"275";"10";"300";"0"
"2023";"04";"090118";"HUANCAVELICA";"HUANCAVELICA";"ASCENSION";"ESSALUD";"II-1";"00009132";"HOSPITAL II HUANCAVELICA";"240100";"HOSPITALIZACIÓN QUIRÚRGICA CIRUGÍA GENERAL ";"45";"45";"163";"175";"7";"210";"0"
"2023";"04";"090118";"HUANCAVELICA";"HUANCAVELICA";"ASCENSION";"ESSALUD";"II-1";"00009132";"HOSPITAL II HUANCAVELICA";"241200";"HOSPITALIZACIÓN QUIRÚRGICA TRAUMATOLOGÍA Y ORTOPEDIA ";"8";"7";"21";"32";"3";"90";"0"
"2023";"04";"090118";"HUANCAVELICA";"HUANCAVELICA";"ASCENSION";"ESSALUD";"II-1";"00009132";"HOSPITAL II HUANCAVELICA";"241400";"HOSPITALIZACIÓN QUIRÚRGICA GINECO - OBSTETRICIA ";"6";"6";"16";"16";"1";"30";"0"
"2023";"04";"090118";"HUANCAVELICA";"HUANCAVELICA";"ASCENSION";"ESSALUD";"II-1";"00009132";"HOSPITAL II HUANCAVELICA";"241600";"HOSPITALIZACIÓN QUIRÚRGICA OBSTETRICIA   ";"47";"37";"87";"222";"8";"240";"0"
"2023";"04";"090118";"HUANCAVELICA";"HUANCAVELICA";"ASCENSION";"ESSALUD";"II-1";"00009132";"HOSPITAL II HUANCAVELICA";"242300";"HOSPITALIZACIÓN DE PEDIATRÍA  PEDIATRÍA  GENERAL ";"40";"37";"116";"152";"6";"180";"0"
"2023";"04";"090118";"HUANCAVELICA";"HUANCAVELICA";"ASCENSION";"ESSALUD";"II-1";"00009132";"HOSPITAL II HUANCAVELICA";"250300";"UNIDAD DE CUIDADOS CRITICOS UNIDAD DE VIGILANCIA INTENSIVA  CLINICA (UVIC) ";"13";"13";"40";"44";"2";"60";"3"
"2023";"04";"220910";"SAN MARTIN";"SAN MARTIN";"MORALES";"ESSALUD";"I-2";"00027730";"CENTRO DE ATENCIÓN PRIMARIA MORALES - ESSALUD";"NE_0001";"";"NE_0001";"NE_0001";"NE_0001";"NE_0001";"NE_0001";"NE_0001";"NE_0001"
"2023";"04";"150130";"LIMA";"LIMA";"SAN BORJA";"PRIVADO";"II-1";"00010515";"CLINICA SANTA LUCIA S.A.C.";"240100";"HOSPITALIZACIÓN QUIRÚRGICA CIRUGÍA GENERAL ";"13";"13";"13";"13";"10";"310";"0"
"2023";"04";"150130";"LIMA";"LIMA";"SAN BORJA";"PRIVADO";"II-1";"00010515";"CLINICA SANTA LUCIA S.A.C.";"240800";"HOSPITALIZACIÓN QUIRÚRGICA CIRUGÍA PLÁSTICA/RECONSTRUCTIVA/ REPARADORA ";"5";"10";"10";"10";"5";"155";"0"
"2023";"04";"150130";"LIMA";"LIMA";"SAN BORJA";"PRIVADO";"II-1";"00010515";"CLINICA SANTA LUCIA S.A.C.";"241200";"HOSPITALIZACIÓN QUIRÚRGICA TRAUMATOLOGÍA Y ORTOPEDIA ";"10";"15";"15";"15";"5";"155";"0"
"2023";"04";"150130";"LIMA";"LIMA";"SAN BORJA";"PRIVADO";"II-1";"00010515";"CLINICA SANTA LUCIA S.A.C.";"241300";"HOSPITALIZACIÓN QUIRÚRGICA UROLOGÍA  ";"35";"35";"35";"35";"10";"310";"0"
"2023";"04";"020101";"ANCASH";"HUARAZ";"HUARAZ";"GOBIERNO REGIONAL";"II-2";"00001543";"HOSPITAL ""VICTOR RAMOS GUARDIA"" - HUARAZ";"244000";"HOSPITALIZACIÓN DE MEDICINA CARDIOLOGIA ";"5";"6";"38";"35";"2";"60";"0"
"2023";"04";"020101";"ANCASH";"HUARAZ";"HUARAZ";"GOBIERNO REGIONAL";"II-2";"00001543";"HOSPITAL ""VICTOR RAMOS GUARDIA"" - HUARAZ";"244300";"HOSPITALIZACIÓN DE MEDICINA GASTROENTEROLOGÍA  ";"14";"17";"99";"116";"4";"120";"2"
"2023";"04";"020101";"ANCASH";"HUARAZ";"HUARAZ";"GOBIERNO REGIONAL";"II-2";"00001543";"HOSPITAL ""VICTOR RAMOS GUARDIA"" - HUARAZ";"241800";"HOSPITALIZACIÓN DE MEDICINA MEDICINA GENERAL ";"27";"37";"274";"270";"10";"300";"0"
"2023";"04";"020101";"ANCASH";"HUARAZ";"HUARAZ";"GOBIERNO REGIONAL";"II-2";"00001543";"HOSPITAL ""VICTOR RAMOS GUARDIA"" - HUARAZ";"245300";"HOSPITALIZACIÓN DE MEDICINA NEUMOLOGÍA  ";"31";"38";"324";"272";"10";"300";"3"
"2023";"04";"020101";"ANCASH";"HUARAZ";"HUARAZ";"GOBIERNO REGIONAL";"II-2";"00001543";"HOSPITAL ""VICTOR RAMOS GUARDIA"" - HUARAZ";"244700";"HOSPITALIZACIÓN DE MEDICINA NEUROLOGIA  ";"4";"6";"68";"49";"2";"60";"2"
"2023";"04";"020101";"ANCASH";"HUARAZ";"HUARAZ";"GOBIERNO REGIONAL";"II-2";"00001543";"HOSPITAL ""VICTOR RAMOS GUARDIA"" - HUARAZ";"242200";"HOSPITALIZACIÓN DE MEDICINA PSIQUIATRÍA ";"5";"8";"123";"129";"5";"150";"0"
"2023";"04";"020101";"ANCASH";"HUARAZ";"HUARAZ";"GOBIERNO REGIONAL";"II-2";"00001543";"HOSPITAL ""VICTOR RAMOS GUARDIA"" - HUARAZ";"240100";"HOSPITALIZACIÓN QUIRÚRGICA CIRUGÍA GENERAL ";"134";"153";"632";"524";"18";"540";"0"
"2023";"04";"020101";"ANCASH";"HUARAZ";"HUARAZ";"GOBIERNO REGIONAL";"II-2";"00001543";"HOSPITAL ""VICTOR RAMOS GUARDIA"" - HUARAZ";"240900";"HOSPITALIZACIÓN QUIRÚRGICA NEUROCIRUGÍA ";"2";"2";"9";"8";"1";"30";"0"
"2023";"04";"020101";"ANCASH";"HUARAZ";"HUARAZ";"GOBIERNO REGIONAL";"II-2";"00001543";"HOSPITAL ""VICTOR RAMOS GUARDIA"" - HUARAZ";"241200";"HOSPITALIZACIÓN QUIRÚRGICA TRAUMATOLOGÍA Y ORTOPEDIA ";"37";"61";"844";"662";"23";"690";"0"
"2023";"04";"020101";"ANCASH";"HUARAZ";"HUARAZ";"GOBIERNO REGIONAL";"II-2";"00001543";"HOSPITAL ""VICTOR RAMOS GUARDIA"" - HUARAZ";"241300";"HOSPITALIZACIÓN QUIRÚRGICA UROLOGÍA  ";"10";"13";"67";"51";"2";"60";"0"
"2023";"04";"020101";"ANCASH";"HUARAZ";"HUARAZ";"GOBIERNO REGIONAL";"II-2";"00001543";"HOSPITAL ""VICTOR RAMOS GUARDIA"" - HUARAZ";"241100";"HOSPITALIZACIÓN QUIRÚRGICA OTORRINOLARINGOLOGÍA  ";"2";"2";"11";"11";"1";"30";"0"
"2023";"04";"020101";"ANCASH";"HUARAZ";"HUARAZ";"GOBIERNO REGIONAL";"II-2";"00001543";"HOSPITAL ""VICTOR RAMOS GUARDIA"" - HUARAZ";"241500";"HOSPITALIZACIÓN QUIRÚRGICA GINECOLOGÍA  ";"18";"24";"122";"65";"4";"120";"0"
"2023";"04";"020101";"ANCASH";"HUARAZ";"HUARAZ";"GOBIERNO REGIONAL";"II-2";"00001543";"HOSPITAL ""VICTOR RAMOS GUARDIA"" - HUARAZ";"241600";"HOSPITALIZACIÓN QUIRÚRGICA OBSTETRICIA   ";"267";"289";"701";"612";"22";"660";"0"
"2023";"04";"020101";"ANCASH";"HUARAZ";"HUARAZ";"GOBIERNO REGIONAL";"II-2";"00001543";"HOSPITAL ""VICTOR RAMOS GUARDIA"" - HUARAZ";"242500";"HOSPITALIZACIÓN-PEDIATRÍA GENERAL-";"49";"59";"341";"294";"11";"330";"2"
"2023";"04";"020101";"ANCASH";"HUARAZ";"HUARAZ";"GOBIERNO REGIONAL";"II-2";"00001543";"HOSPITAL ""VICTOR RAMOS GUARDIA"" - HUARAZ";"243200";"HOSPITALIZACIÓN DE PEDIATRÍA PEDIATRIA NEONATOLOGÍA";"30";"43";"435";"464";"16";"480";"1"
"2023";"04";"020101";"ANCASH";"HUARAZ";"HUARAZ";"GOBIERNO REGIONAL";"II-2";"00001543";"HOSPITAL ""VICTOR RAMOS GUARDIA"" - HUARAZ";"250000";"UNIDAD DE CUIDADOS CRITICOS  ";"0";"2";"33";"222";"8";"240";"1"
"2023";"04";"120302";"JUNIN";"CHANCHAMAYO";"PERENE";"GOBIERNO REGIONAL";"I-1";"00000328";"CHURINGAVENI";"NE_0001";"";"NE_0001";"NE_0001";"NE_0001";"NE_0001";"NE_0001";"NE_0001";"NE_0001"
"2023";"04";"120302";"JUNIN";"CHANCHAMAYO";"PERENE";"GOBIERNO REGIONAL";"I-1";"00006737";"JOSE OLAYA";"NE_0001";"";"NE_0001";"NE_0001";"NE_0001";"NE_0001";"NE_0001";"NE_0001";"NE_0001"
"2023";"04";"120302";"JUNIN";"CHANCHAMAYO";"PERENE";"GOBIERNO REGIONAL";"I-1";"00007362";"UNION PUCUSANI";"NE_0001";"";"NE_0001";"NE_0001";"NE_0001";"NE_0001";"NE_0001";"NE_0001";"NE_0001"
"2023";"04";"120302";"JUNIN";"CHANCHAMAYO";"PERENE";"GOBIERNO REGIONAL";"I-1";"00014384";"JOSE GALVEZ";"NE_0001";"";"NE_0001";"NE_0001";"NE_0001";"NE_0001";"NE_0001";"NE_0001";"NE_0001"
"2023";"04";"120301";"JUNIN";"CHANCHAMAYO";"CHANCHAMAYO";"GOBIERNO REGIONAL";"I-1";"00000310";"VILLA DORADA";"NE_0001";"";"NE_0001";"NE_0001";"NE_0001";"NE_0001";"NE_0001";"NE_0001";"NE_0001"
"2023";"04";"110101";"ICA";"ICA";"ICA";"PRIVADO";"II-1";"00013386";"LAS CONDES SAC";"240000";"HOSPITALIZACIÓN";"33";"33";"63";"34";"8";"240";"0"
"2023";"04";"060801";"CAJAMARCA";"JAEN";"JAEN";"GOBIERNO REGIONAL";"II-2";"00004210";"HOSPITAL GENERAL DE JAEN";"241800";"HOSPITALIZACIÓN DE MEDICINA MEDICINA GENERAL ";"132";"143";"836";"160";"48";"1440";"4"
"2023";"04";"060801";"CAJAMARCA";"JAEN";"JAEN";"GOBIERNO REGIONAL";"II-2";"00004210";"HOSPITAL GENERAL DE JAEN";"240100";"HOSPITALIZACIÓN QUIRÚRGICA CIRUGÍA GENERAL ";"180";"191";"733";"205";"34";"1020";"0"
"2023";"04";"060801";"CAJAMARCA";"JAEN";"JAEN";"GOBIERNO REGIONAL";"II-2";"00004210";"HOSPITAL GENERAL DE JAEN";"241600";"HOSPITALIZACIÓN QUIRÚRGICA OBSTETRICIA   ";"276";"281";"758";"300";"25";"750";"0"
"2023";"04";"060801";"CAJAMARCA";"JAEN";"JAEN";"GOBIERNO REGIONAL";"II-2";"00004210";"HOSPITAL GENERAL DE JAEN";"242500";"HOSPITALIZACIÓN-PEDIATRÍA GENERAL-";"101";"104";"496";"119";"25";"750";"2"
"2023";"04";"060801";"CAJAMARCA";"JAEN";"JAEN";"GOBIERNO REGIONAL";"II-2";"00004210";"HOSPITAL GENERAL DE JAEN";"243200";"HOSPITALIZACIÓN DE PEDIATRÍA PEDIATRIA NEONATOLOGÍA";"43";"44";"385";"54";"10";"300";"3"
"2023";"04";"150110";"LIMA";"LIMA";"COMAS";"MINSA";"III-1";"00007634";"HOSPITAL SERGIO E. BERNALES";"241900";"HOSPITALIZACIÓN DE MEDICINA MEDICINA INTERNA ";"119";"107";"1398";"1279";"48";"1440";"23"
"2023";"04";"150110";"LIMA";"LIMA";"COMAS";"MINSA";"III-1";"00007634";"HOSPITAL SERGIO E. BERNALES";"245300";"HOSPITALIZACIÓN DE MEDICINA NEUMOLOGÍA  ";"16";"19";"298";"627";"30";"900";"5"
"2023";"04";"150110";"LIMA";"LIMA";"COMAS";"MINSA";"III-1";"00007634";"HOSPITAL SERGIO E. BERNALES";"240100";"HOSPITALIZACIÓN QUIRÚRGICA CIRUGÍA GENERAL ";"281";"271";"1552";"1670";"65";"1950";"4"
"2023";"04";"150110";"LIMA";"LIMA";"COMAS";"MINSA";"III-1";"00007634";"HOSPITAL SERGIO E. BERNALES";"241200";"HOSPITALIZACIÓN QUIRÚRGICA TRAUMATOLOGÍA Y ORTOPEDIA ";"39";"46";"724";"660";"22";"660";"1"
"2023";"04";"150110";"LIMA";"LIMA";"COMAS";"MINSA";"III-1";"00007634";"HOSPITAL SERGIO E. BERNALES";"242300";"HOSPITALIZACIÓN DE PEDIATRÍA  PEDIATRÍA  GENERAL ";"174";"177";"584";"660";"28";"840";"0"
"2023";"04";"150110";"LIMA";"LIMA";"COMAS";"MINSA";"III-1";"00007634";"HOSPITAL SERGIO E. BERNALES";"243200";"HOSPITALIZACIÓN DE PEDIATRÍA PEDIATRIA NEONATOLOGÍA";"238";"253";"956";"780";"26";"780";"6"
"2023";"04";"150110";"LIMA";"LIMA";"COMAS";"MINSA";"III-1";"00007634";"HOSPITAL SERGIO E. BERNALES";"241600";"HOSPITALIZACIÓN QUIRÚRGICA OBSTETRICIA   ";"66";"66";"225";"420";"14";"420";"1"
"2023";"04";"150110";"LIMA";"LIMA";"COMAS";"MINSA";"III-1";"00007634";"HOSPITAL SERGIO E. BERNALES";"241500";"HOSPITALIZACIÓN QUIRÚRGICA GINECOLOGÍA  ";"345";"350";"866";"920";"66";"1980";"0"
"2023";"05";"061112";"CAJAMARCA";"SAN MIGUEL";"TONGOD";"GOBIERNO REGIONAL";"I-1";"00007085";"PISIT";"NE_0001";"";"NE_0001";"NE_0001";"NE_0001";"NE_0001";"NE_0001";"NE_0001";"NE_0001"
"2023";"05";"061112";"CAJAMARCA";"SAN MIGUEL";"TONGOD";"GOBIERNO REGIONAL";"I-1";"00008751";"LA CORONILLA";"NE_0001";"";"NE_0001";"NE_0001";"NE_0001";"NE_0001";"NE_0001";"NE_0001";"NE_0001"
"2023";"05";"061112";"CAJAMARCA";"SAN MIGUEL";"TONGOD";"GOBIERNO REGIONAL";"I-3";"00004607";"TONGOD";"NE_0001";"";"NE_0001";"NE_0001";"NE_0001";"NE_0001";"NE_0001";"NE_0001";"NE_0001"
"2023";"04";"130702";"LA LIBERTAD";"PACASMAYO";"GUADALUPE";"GOBIERNO REGIONAL";"II-1";"00005292";"HOSPITAL DE APOYO TOMAS LAFORA";"241800";"HOSPITALIZACIÓN DE MEDICINA MEDICINA GENERAL ";"36";"41";"138";"112";"18";"540";"1"
"2023";"04";"130702";"LA LIBERTAD";"PACASMAYO";"GUADALUPE";"GOBIERNO REGIONAL";"II-1";"00005292";"HOSPITAL DE APOYO TOMAS LAFORA";"240100";"HOSPITALIZACIÓN QUIRÚRGICA CIRUGÍA GENERAL ";"39";"39";"114";"111";"13";"390";"0"
"2023";"04";"130702";"LA LIBERTAD";"PACASMAYO";"GUADALUPE";"GOBIERNO REGIONAL";"II-1";"00005292";"HOSPITAL DE APOYO TOMAS LAFORA";"242300";"HOSPITALIZACIÓN DE PEDIATRÍA  PEDIATRÍA  GENERAL ";"9";"10";"31";"27";"11";"330";"0"
"2023";"04";"130702";"LA LIBERTAD";"PACASMAYO";"GUADALUPE";"GOBIERNO REGIONAL";"II-1";"00005292";"HOSPITAL DE APOYO TOMAS LAFORA";"243200";"HOSPITALIZACIÓN DE PEDIATRÍA PEDIATRIA NEONATOLOGÍA";"5";"4";"8";"9";"5";"150";"0"
"2023";"04";"130702";"LA LIBERTAD";"PACASMAYO";"GUADALUPE";"GOBIERNO REGIONAL";"II-1";"00005292";"HOSPITAL DE APOYO TOMAS LAFORA";"241600";"HOSPITALIZACIÓN QUIRÚRGICA OBSTETRICIA   ";"147";"151";"318";"308";"30";"900";"0"
"2023";"04";"130702";"LA LIBERTAD";"PACASMAYO";"GUADALUPE";"GOBIERNO REGIONAL";"II-1";"00005292";"HOSPITAL DE APOYO TOMAS LAFORA";"241500";"HOSPITALIZACIÓN QUIRÚRGICA GINECOLOGÍA  ";"30";"30";"56";"56";"7";"210";"0"
"2023";"05";"150110";"LIMA";"LIMA";"COMAS";"PRIVADO";"II-E";"00030606";"VISANA CLINICA  ESPECIALIZADA OFTALMOLOGICA";"NE_0001";"";"NE_0001";"NE_0001";"NE_0001";"NE_0001";"NE_0001";"NE_0001";"NE_0001"
"2023";"05";"050104";"AYACUCHO";"HUAMANGA";"CARMEN ALTO";"GOBIERNO REGIONAL";"I-1";"00011354";"PUESTO DE SALUD YANAMA";"NE_0001";"";"NE_0001";"NE_0001";"NE_0001";"NE_0001";"NE_0001";"NE_0001";"NE_0001"
"2023";"05";"050104";"AYACUCHO";"HUAMANGA";"CARMEN ALTO";"GOBIERNO REGIONAL";"I-3";"00003560";"CENTRO DE SALUD CARMEN ALTO";"NE_0001";"";"NE_0001";"NE_0001";"NE_0001";"NE_0001";"NE_0001";"NE_0001";"NE_0001"
"2023";"05";"050104";"AYACUCHO";"HUAMANGA";"CARMEN ALTO";"GOBIERNO REGIONAL";"I-3";"00003562";"CENTRO DE SALUD VISTA ALEGRE";"NE_0001";"";"NE_0001";"NE_0001";"NE_0001";"NE_0001";"NE_0001";"NE_0001";"NE_0001"
"2023";"05";"050104";"AYACUCHO";"HUAMANGA";"CARMEN ALTO";"GOBIERNO REGIONAL";"I-1";"00003561";"POKRAS";"NE_0001";"";"NE_0001";"NE_0001";"NE_0001";"NE_0001";"NE_0001";"NE_0001";"NE_0001"
"2023";"05";"050110";"AYACUCHO";"HUAMANGA";"SAN JUAN BAUTISTA";"GOBIERNO REGIONAL";"I-4";"00003598";"CENTRO DE SALUD DE SAN JUAN BAUTISTA";"NE_0001";"";"NE_0001";"NE_0001";"NE_0001";"NE_0001";"NE_0001";"NE_0001";"NE_0001"
"2023";"05";"050110";"AYACUCHO";"HUAMANGA";"SAN JUAN BAUTISTA";"GOBIERNO REGIONAL";"I-2";"00003599";"PUESTO DE SALUD ÑAHUINPUQUIO";"NE_0001";"";"NE_0001";"NE_0001";"NE_0001";"NE_0001";"NE_0001";"NE_0001";"NE_0001"
"2023";"05";"150130";"LIMA";"LIMA";"SAN BORJA";"PRIVADO";"II-E";"00018626";"OFTALMICA S.A";"NE_0001";"";"NE_0001";"NE_0001";"NE_0001";"NE_0001";"NE_0001";"NE_0001";"NE_0001"
"2023";"05";"060612";"CAJAMARCA";"CUTERVO";"SANTO DOMINGO DE LA CAPILLA";"GOBIERNO REGIONAL";"I-1";"00006861";"CHAUPECRUZ";"NE_0001";"";"NE_0001";"NE_0001";"NE_0001";"NE_0001";"NE_0001";"NE_0001";"NE_0001"
"2023";"05";"060602";"CAJAMARCA";"CUTERVO";"CALLAYUC";"GOBIERNO REGIONAL";"I-1";"00004963";"SANTA CLARA";"NE_0001";"";"NE_0001";"NE_0001";"NE_0001";"NE_0001";"NE_0001";"NE_0001";"NE_0001"
"2023";"05";"060612";"CAJAMARCA";"CUTERVO";"SANTO DOMINGO DE LA CAPILLA";"GOBIERNO REGIONAL";"I-1";"00005004";"SAN PEDRO DE LA CAPILLA";"NE_0001";"";"NE_0001";"NE_0001";"NE_0001";"NE_0001";"NE_0001";"NE_0001";"NE_0001"
"2023";"05";"060612";"CAJAMARCA";"CUTERVO";"SANTO DOMINGO DE LA CAPILLA";"GOBIERNO REGIONAL";"I-1";"00006960";"PAN DE AZUCAR";"NE_0001";"";"NE_0001";"NE_0001";"NE_0001";"NE_0001";"NE_0001";"NE_0001";"NE_0001"
"2023";"05";"060612";"CAJAMARCA";"CUTERVO";"SANTO DOMINGO DE LA CAPILLA";"GOBIERNO REGIONAL";"I-1";"00007370";"CEDROPAMPA";"NE_0001";"";"NE_0001";"NE_0001";"NE_0001";"NE_0001";"NE_0001";"NE_0001";"NE_0001"
"2023";"05";"060612";"CAJAMARCA";"CUTERVO";"SANTO DOMINGO DE LA CAPILLA";"GOBIERNO REGIONAL";"I-1";"00005005";"SANTA ROSA DE LA CAPILLA";"NE_0001";"";"NE_0001";"NE_0001";"NE_0001";"NE_0001";"NE_0001";"NE_0001";"NE_0001"
"2023";"05";"060612";"CAJAMARCA";"CUTERVO";"SANTO DOMINGO DE LA CAPILLA";"GOBIERNO REGIONAL";"I-1";"00006862";"PALO QUEMADO";"NE_0001";"";"NE_0001";"NE_0001";"NE_0001";"NE_0001";"NE_0001";"NE_0001";"NE_0001"
"2023";"05";"060612";"CAJAMARCA";"CUTERVO";"SANTO DOMINGO DE LA CAPILLA";"GOBIERNO REGIONAL";"I-1";"00006958";"PLAYA HERMOZA";"NE_0001";"";"NE_0001";"NE_0001";"NE_0001";"NE_0001";"NE_0001";"NE_0001";"NE_0001"
"2023";"05";"060612";"CAJAMARCA";"CUTERVO";"SANTO DOMINGO DE LA CAPILLA";"GOBIERNO REGIONAL";"I-3";"00005002";"STO. DOMINGO DE LA CAPILLA";"NE_0001";"";"NE_0001";"NE_0001";"NE_0001";"NE_0001";"NE_0001";"NE_0001";"NE_0001"
"2023";"05";"140101";"LAMBAYEQUE";"CHICLAYO";"CHICLAYO";"PRIVADO";"II-E";"00016192";"CLÍNICA CHICLAYO S.A";"240100";"HOSPITALIZACIÓN QUIRÚRGICA CIRUGÍA GENERAL ";"40";"41";"60";"58";"6";"180";"0"
"2023";"05";"140101";"LAMBAYEQUE";"CHICLAYO";"CHICLAYO";"PRIVADO";"II-E";"00016192";"CLÍNICA CHICLAYO S.A";"241000";"HOSPITALIZACIÓN QUIRÚRGICA ONCOLOGÍA QUIRÚRGICA  ";"9";"9";"14";"14";"3";"91";"0"
"2023";"05";"140101";"LAMBAYEQUE";"CHICLAYO";"CHICLAYO";"PRIVADO";"II-E";"00016192";"CLÍNICA CHICLAYO S.A";"241500";"HOSPITALIZACIÓN QUIRÚRGICA GINECOLOGÍA  ";"21";"21";"24";"21";"3";"87";"0"
"2023";"05";"140101";"LAMBAYEQUE";"CHICLAYO";"CHICLAYO";"PRIVADO";"II-E";"00016192";"CLÍNICA CHICLAYO S.A";"241400";"HOSPITALIZACIÓN QUIRÚRGICA GINECO - OBSTETRICIA ";"9";"9";"10";"10";"2";"61";"0"
"2023";"05";"140101";"LAMBAYEQUE";"CHICLAYO";"CHICLAYO";"PRIVADO";"II-E";"00016192";"CLÍNICA CHICLAYO S.A";"242300";"HOSPITALIZACIÓN DE PEDIATRÍA  PEDIATRÍA  GENERAL ";"15";"14";"14";"14";"2";"61";"0"
"2023";"05";"140101";"LAMBAYEQUE";"CHICLAYO";"CHICLAYO";"PRIVADO";"II-E";"00016192";"CLÍNICA CHICLAYO S.A";"241200";"HOSPITALIZACIÓN QUIRÚRGICA TRAUMATOLOGÍA Y ORTOPEDIA ";"40";"40";"51";"52";"5";"151";"0"
"2023";"05";"140101";"LAMBAYEQUE";"CHICLAYO";"CHICLAYO";"PRIVADO";"II-E";"00016192";"CLÍNICA CHICLAYO S.A";"240800";"HOSPITALIZACIÓN QUIRÚRGICA CIRUGÍA PLÁSTICA/RECONSTRUCTIVA/ REPARADORA ";"8";"8";"9";"9";"1";"32";"0"
"2023";"05";"140101";"LAMBAYEQUE";"CHICLAYO";"CHICLAYO";"PRIVADO";"II-E";"00016192";"CLÍNICA CHICLAYO S.A";"240400";"HOSPITALIZACIÓN QUIRÚRGICA CIRUGÍA DE TÓRAX Y CARDIOVASCULAR ";"2";"2";"2";"2";"1";"30";"0"
"2023";"05";"140101";"LAMBAYEQUE";"CHICLAYO";"CHICLAYO";"PRIVADO";"II-E";"00016192";"CLÍNICA CHICLAYO S.A";"241900";"HOSPITALIZACIÓN DE MEDICINA MEDICINA INTERNA ";"6";"6";"8";"8";"2";"62";"0"
"2023";"05";"140101";"LAMBAYEQUE";"CHICLAYO";"CHICLAYO";"PRIVADO";"II-E";"00016192";"CLÍNICA CHICLAYO S.A";"241300";"HOSPITALIZACIÓN QUIRÚRGICA UROLOGÍA  ";"4";"4";"4";"3";"1";"31";"0"
"2023";"05";"140101";"LAMBAYEQUE";"CHICLAYO";"CHICLAYO";"PRIVADO";"II-E";"00016192";"CLÍNICA CHICLAYO S.A";"240900";"HOSPITALIZACIÓN QUIRÚRGICA NEUROCIRUGÍA ";"1";"1";"2";"2";"1";"31";"0"
"2023";"05";"070101";"CALLAO";"CALLAO";"CALLAO";"GOBIERNO REGIONAL";"I-2";"00006234";"PUESTO DE SALUD SANTA ROSA";"NE_0001";"";"NE_0001";"NE_0001";"NE_0001";"NE_0001";"NE_0001";"NE_0001";"NE_0001"
"2023";"05";"070101";"CALLAO";"CALLAO";"CALLAO";"GOBIERNO REGIONAL";"I-2";"00006235";"PUESTO DE SALUD MIGUEL GRAU";"NE_0001";"";"NE_0001";"NE_0001";"NE_0001";"NE_0001";"NE_0001";"NE_0001";"NE_0001"
"2023";"05";"060101";"CAJAMARCA";"CAJAMARCA";"CAJAMARCA";"GOBIERNO REGIONAL";"I-3";"00027069";"CENTRO DE SALUD MENTAL COMUNITARIO ""ESPERANZA DE VIDA""";"NE_0001";"";"NE_0001";"NE_0001";"NE_0001";"NE_0001";"NE_0001";"NE_0001";"NE_0001"
"2023";"05";"030501";"APURIMAC";"COTABAMBAS";"TAMBOBAMBA";"GOBIERNO REGIONAL";"II-1";"00002625";"TAMBOBAMBA";"241400";"HOSPITALIZACIÓN QUIRÚRGICA GINECO - OBSTETRICIA ";"40";"40";"100";"40";"4";"48";"0"
"2023";"05";"030501";"APURIMAC";"COTABAMBAS";"TAMBOBAMBA";"GOBIERNO REGIONAL";"II-1";"00002625";"TAMBOBAMBA";"242300";"HOSPITALIZACIÓN DE PEDIATRÍA  PEDIATRÍA  GENERAL ";"1";"1";"4";"1";"4";"5";"0"
"2023";"05";"030501";"APURIMAC";"COTABAMBAS";"TAMBOBAMBA";"GOBIERNO REGIONAL";"II-1";"00002625";"TAMBOBAMBA";"241600";"HOSPITALIZACIÓN QUIRÚRGICA OBSTETRICIA   ";"2";"2";"4";"2";"2";"4";"0"
"2023";"03";"150601";"LIMA";"HUARAL";"HUARAL";"GOBIERNO REGIONAL";"II-2";"00007637";"HOSPITAL SAN JUAN BAUTISTA HUARAL";"240100";"HOSPITALIZACIÓN QUIRÚRGICA CIRUGÍA GENERAL ";"84";"89";"215";"88";"11";"341";"0"
"2023";"03";"150601";"LIMA";"HUARAL";"HUARAL";"GOBIERNO REGIONAL";"II-2";"00007637";"HOSPITAL SAN JUAN BAUTISTA HUARAL";"241200";"HOSPITALIZACIÓN QUIRÚRGICA TRAUMATOLOGÍA Y ORTOPEDIA ";"8";"15";"204";"13";"8";"248";"0"
"2023";"03";"150601";"LIMA";"HUARAL";"HUARAL";"GOBIERNO REGIONAL";"II-2";"00007637";"HOSPITAL SAN JUAN BAUTISTA HUARAL";"241400";"HOSPITALIZACIÓN QUIRÚRGICA GINECO - OBSTETRICIA ";"160";"172";"346";"148";"25";"775";"0"
"2023";"03";"150601";"LIMA";"HUARAL";"HUARAL";"GOBIERNO REGIONAL";"II-2";"00007637";"HOSPITAL SAN JUAN BAUTISTA HUARAL";"241500";"HOSPITALIZACIÓN QUIRÚRGICA GINECOLOGÍA  ";"25";"27";"98";"55";"2";"62";"0"
"2023";"03";"150601";"LIMA";"HUARAL";"HUARAL";"GOBIERNO REGIONAL";"II-2";"00007637";"HOSPITAL SAN JUAN BAUTISTA HUARAL";"241800";"HOSPITALIZACIÓN DE MEDICINA MEDICINA GENERAL ";"74";"96";"726";"59";"14";"434";"6"
"2023";"03";"150601";"LIMA";"HUARAL";"HUARAL";"GOBIERNO REGIONAL";"II-2";"00007637";"HOSPITAL SAN JUAN BAUTISTA HUARAL";"242500";"HOSPITALIZACIÓN-PEDIATRÍA GENERAL-";"13";"15";"46";"26";"5";"155";"0"
"2023";"03";"150601";"LIMA";"HUARAL";"HUARAL";"GOBIERNO REGIONAL";"II-2";"00007637";"HOSPITAL SAN JUAN BAUTISTA HUARAL";"243200";"HOSPITALIZACIÓN DE PEDIATRÍA PEDIATRIA NEONATOLOGÍA";"25";"29";"105";"25";"5";"155";"0"
"2023";"03";"150601";"LIMA";"HUARAL";"HUARAL";"GOBIERNO REGIONAL";"II-2";"00007637";"HOSPITAL SAN JUAN BAUTISTA HUARAL";"250103";"UNIDAD DE CUIDADOS CRITICOS UNIDAD  DE CUIDADOS INTENSIVOS GENERALES  (UCI) MEDICINA";"11";"13";"68";"18";"8";"248";"1"
"2023";"03";"150601";"LIMA";"HUARAL";"HUARAL";"GOBIERNO REGIONAL";"II-2";"00007637";"HOSPITAL SAN JUAN BAUTISTA HUARAL";"250105";"UNIDAD DE CUIDADOS CRITICOS UNIDAD  DE CUIDADOS INTENSIVOS  (UCI) NEONATOLOGÍA";"7";"7";"12";"6";"2";"62";"0"
"2023";"04";"150131";"LIMA";"LIMA";"SAN ISIDRO";"PRIVADO";"II-E";"00009505";"OFTALMOSALUD";"NE_0001";"";"NE_0001";"NE_0001";"NE_0001";"NE_0001";"NE_0001";"NE_0001";"NE_0001"
"2023";"04";"061201";"CAJAMARCA";"SAN PABLO";"SAN PABLO";"ESSALUD";"I-1";"00010271";"POSTA MEDICA ESSALUD SAN PABLO";"NE_0001";"";"NE_0001";"NE_0001";"NE_0001";"NE_0001";"NE_0001";"NE_0001";"NE_0001"
"2023";"04";"080907";"CUSCO";"LA CONVENCION";"KIMBIRI";"GOBIERNO REGIONAL";"I-2";"00002470";"CHIRUMPIARI";"NE_0001";"";"NE_0001";"NE_0001";"NE_0001";"NE_0001";"NE_0001";"NE_0001";"NE_0001"
"2023";"04";"080913";"CUSCO";"LA CONVENCION";"VILLA KINTIARINA";"GOBIERNO REGIONAL";"I-2";"00008283";"PUEBLO LIBRE";"NE_0001";"";"NE_0001";"NE_0001";"NE_0001";"NE_0001";"NE_0001";"NE_0001";"NE_0001"
"2023";"04";"080907";"CUSCO";"LA CONVENCION";"KIMBIRI";"GOBIERNO REGIONAL";"I-3";"00002471";"LOBO TAHUANTINSUYO";"NE_0001";"";"NE_0001";"NE_0001";"NE_0001";"NE_0001";"NE_0001";"NE_0001";"NE_0001"
"2023";"04";"210101";"PUNO";"PUNO";"PUNO";"GOBIERNO REGIONAL";"I-4";"00003254";"JOSE ANTONIO ENCINAS";"241600";"HOSPITALIZACIÓN QUIRÚRGICA OBSTETRICIA   ";"35";"35";"47";"65";"5";"210";"0"
"2023";"05";"210101";"PUNO";"PUNO";"PUNO";"SANIDAD DE LA POLICIA NACIONAL DEL PERU";"I-3";"00010235";"UNIDAD EJECUTORA 020-1067 SANIDAD DE LA PNP";"NE_0001";"";"NE_0001";"NE_0001";"NE_0001";"NE_0001";"NE_0001";"NE_0001";"NE_0001"
"2023";"05";"020101";"ANCASH";"HUARAZ";"HUARAZ";"SANIDAD DE LA POLICIA NACIONAL DEL PERU";"I-3";"00010205";"POLICLINICO PNP HUARAZ";"NE_0001";"";"NE_0001";"NE_0001";"NE_0001";"NE_0001";"NE_0001";"NE_0001";"NE_0001"
"2023";"05";"140101";"LAMBAYEQUE";"CHICLAYO";"CHICLAYO";"PRIVADO";"II-E";"00008750";"CLINICA DEL PACIFICO S.A";"240000";"HOSPITALIZACIÓN";"415";"426";"1429";"1206";"51";"1530";"7"
"2023";"05";"140101";"LAMBAYEQUE";"CHICLAYO";"CHICLAYO";"PRIVADO";"II-E";"00008750";"CLINICA DEL PACIFICO S.A";"250100";"UNIDAD DE CUIDADOS CRITICOS UNIDAD  DE CUIDADOS INTENSIVOS GENERALES (UCI) ";"8";"9";"38";"24";"4";"120";"4"
"2023";"05";"051005";"AYACUCHO";"VICTOR FAJARDO";"CANARIA";"GOBIERNO REGIONAL";"I-1";"00003825";"PUESTO DE SALUD RACCAYA";"NE_0001";"";"NE_0001";"NE_0001";"NE_0001";"NE_0001";"NE_0001";"NE_0001";"NE_0001"
"2023";"05";"051005";"AYACUCHO";"VICTOR FAJARDO";"CANARIA";"GOBIERNO REGIONAL";"I-1";"00003827";"PUESTO DE SALUD UMASI";"NE_0001";"";"NE_0001";"NE_0001";"NE_0001";"NE_0001";"NE_0001";"NE_0001";"NE_0001"
"2023";"05";"051009";"AYACUCHO";"VICTOR FAJARDO";"HUANCARAYLLA";"GOBIERNO REGIONAL";"I-1";"00003837";"PUESTO DE SALUD CIRCAMARCA";"NE_0001";"";"NE_0001";"NE_0001";"NE_0001";"NE_0001";"NE_0001";"NE_0001";"NE_0001"
"2023";"05";"051004";"AYACUCHO";"VICTOR FAJARDO";"ASQUIPATA";"GOBIERNO REGIONAL";"I-1";"00003822";"PUESTO DE SALUD CHIHUIRE";"NE_0001";"";"NE_0001";"NE_0001";"NE_0001";"NE_0001";"NE_0001";"NE_0001";"NE_0001"
"2023";"05";"051010";"AYACUCHO";"VICTOR FAJARDO";"HUALLA";"GOBIERNO REGIONAL";"I-3";"00003829";"CENTRO DE SALUD HUALLA";"241600";"HOSPITALIZACIÓN QUIRÚRGICA OBSTETRICIA   ";"1";"1";"2";"1";"1";"4";"0"
"2023";"05";"051010";"AYACUCHO";"VICTOR FAJARDO";"HUALLA";"GOBIERNO REGIONAL";"I-1";"00003830";"PUESTO DE SALUD TIQUIHUA";"NE_0001";"";"NE_0001";"NE_0001";"NE_0001";"NE_0001";"NE_0001";"NE_0001";"NE_0001"
"2023";"05";"051009";"AYACUCHO";"VICTOR FAJARDO";"HUANCARAYLLA";"GOBIERNO REGIONAL";"I-2";"00003838";"PUESTO DE SALUD HUANCARAYLLA";"NE_0001";"";"NE_0001";"NE_0001";"NE_0001";"NE_0001";"NE_0001";"NE_0001";"NE_0001"
"2023";"05";"051003";"AYACUCHO";"VICTOR FAJARDO";"APONGO";"GOBIERNO REGIONAL";"I-1";"00003819";"APONGO";"NE_0001";"";"NE_0001";"NE_0001";"NE_0001";"NE_0001";"NE_0001";"NE_0001";"NE_0001"
"2023";"05";"051005";"AYACUCHO";"VICTOR FAJARDO";"CANARIA";"GOBIERNO REGIONAL";"I-2";"00003826";"PUESTO DE SALUD TACA";"NE_0001";"";"NE_0001";"NE_0001";"NE_0001";"NE_0001";"NE_0001";"NE_0001";"NE_0001"
"2023";"05";"050509";"AYACUCHO";"LA MAR";"SAMUGARI";"SANIDAD DE LA POLICIA NACIONAL DEL PERU";"I-2";"00027203";"PUESTO DE SALUD PNP PALMAPAMPA";"NE_0002";"";"NE_0002";"NE_0002";"NE_0002";"NE_0002";"NE_0002";"NE_0002";"NE_0002"
"2023";"05";"110111";"ICA";"ICA";"SANTIAGO";"ESSALUD";"I-3";"00011968";"SANTA MARGARITA";"NE_0001";"";"NE_0001";"NE_0001";"NE_0001";"NE_0001";"NE_0001";"NE_0001";"NE_0001"
"2023";"05";"240103";"TUMBES";"TUMBES";"LA CRUZ";"ESSALUD";"I-2";"00012274";"POSTA MEDICA LA CRUZ";"NE_0001";"";"NE_0001";"NE_0001";"NE_0001";"NE_0001";"NE_0001";"NE_0001";"NE_0001"
"2023";"05";"080705";"CUSCO";"CHUMBIVILCAS";"LIVITACA";"GOBIERNO REGIONAL";"I-1";"00016325";"CHILLOROYA - LIVITACA";"NE_0001";"";"NE_0001";"NE_0001";"NE_0001";"NE_0001";"NE_0001";"NE_0001";"NE_0001"
"2023";"05";"080705";"CUSCO";"CHUMBIVILCAS";"LIVITACA";"GOBIERNO REGIONAL";"I-1";"00016327";"AUSANTA";"NE_0001";"";"NE_0001";"NE_0001";"NE_0001";"NE_0001";"NE_0001";"NE_0001";"NE_0001"
"2023";"05";"080705";"CUSCO";"CHUMBIVILCAS";"LIVITACA";"GOBIERNO REGIONAL";"I-1";"00016334";"KISIO";"NE_0001";"";"NE_0001";"NE_0001";"NE_0001";"NE_0001";"NE_0001";"NE_0001";"NE_0001"
"2023";"05";"080705";"CUSCO";"CHUMBIVILCAS";"LIVITACA";"GOBIERNO REGIONAL";"I-4";"00002406";"LIVITACA";"NE_0001";"";"NE_0001";"NE_0001";"NE_0001";"NE_0001";"NE_0001";"NE_0001";"NE_0001"
"2023";"05";"080705";"CUSCO";"CHUMBIVILCAS";"LIVITACA";"GOBIERNO REGIONAL";"I-1";"00025739";"PISQUICOCHA";"NE_0001";"";"NE_0001";"NE_0001";"NE_0001";"NE_0001";"NE_0001";"NE_0001";"NE_0001"
"2023";"05";"080705";"CUSCO";"CHUMBIVILCAS";"LIVITACA";"GOBIERNO REGIONAL";"I-1";"00025740";"TOTORA - REYNA DE LOS ANGELES";"NE_0001";"";"NE_0001";"NE_0001";"NE_0001";"NE_0001";"NE_0001";"NE_0001";"NE_0001"
"2023";"05";"080705";"CUSCO";"CHUMBIVILCAS";"LIVITACA";"GOBIERNO REGIONAL";"I-2";"00016332";"PATAQUEÑA - LIVITACA";"NE_0001";"";"NE_0001";"NE_0001";"NE_0001";"NE_0001";"NE_0001";"NE_0001";"NE_0001"
"2023";"05";"021602";"ANCASH";"POMABAMBA";"HUAYLLAN";"GOBIERNO REGIONAL";"I-1";"00001772";"PUESTO DE SALUD HUAYLLAN";"NE_0001";"";"NE_0001";"NE_0001";"NE_0001";"NE_0001";"NE_0001";"NE_0001";"NE_0001"
"2023";"05";"021602";"ANCASH";"POMABAMBA";"HUAYLLAN";"GOBIERNO REGIONAL";"I-1";"00001773";"PUESTO DE SALUD ACOBAMBA";"NE_0001";"";"NE_0001";"NE_0001";"NE_0001";"NE_0001";"NE_0001";"NE_0001";"NE_0001"
"2023";"05";"021601";"ANCASH";"POMABAMBA";"POMABAMBA";"GOBIERNO REGIONAL";"I-2";"00001769";"PUESTO DE SALUD CONOPA";"NE_0001";"";"NE_0001";"NE_0001";"NE_0001";"NE_0001";"NE_0001";"NE_0001";"NE_0001"
"2023";"05";"021601";"ANCASH";"POMABAMBA";"POMABAMBA";"GOBIERNO REGIONAL";"I-1";"00001770";"PUESTO DE SALUD JANCAPAMPA";"NE_0001";"";"NE_0001";"NE_0001";"NE_0001";"NE_0001";"NE_0001";"NE_0001";"NE_0001"
"2023";"05";"021302";"ANCASH";"MARISCAL LUZURIAGA";"CASCA";"GOBIERNO REGIONAL";"I-2";"00001785";"PUESTO DE SALUD CASCA";"NE_0001";"";"NE_0001";"NE_0001";"NE_0001";"NE_0001";"NE_0001";"NE_0001";"NE_0001"
"2023";"05";"021307";"ANCASH";"MARISCAL LUZURIAGA";"LUCMA";"GOBIERNO REGIONAL";"0";"00017687";"P. S. MASQUI";"NE_0001";"";"NE_0001";"NE_0001";"NE_0001";"NE_0001";"NE_0001";"NE_0001";"NE_0001"
"2023";"05";"080707";"CUSCO";"CHUMBIVILCAS";"QUIÑOTA";"GOBIERNO REGIONAL";"I-1";"00007112";"YORENCCA";"NE_0001";"";"NE_0001";"NE_0001";"NE_0001";"NE_0001";"NE_0001";"NE_0001";"NE_0001"
"2023";"05";"080704";"CUSCO";"CHUMBIVILCAS";"COLQUEMARCA";"GOBIERNO REGIONAL";"I-1";"00008913";"HUARACO";"NE_0001";"";"NE_0001";"NE_0001";"NE_0001";"NE_0001";"NE_0001";"NE_0001";"NE_0001"
"2023";"05";"080701";"CUSCO";"CHUMBIVILCAS";"SANTO TOMAS";"GOBIERNO REGIONAL";"I-2";"00002400";"ALHUACCHULLO";"NE_0001";"";"NE_0001";"NE_0001";"NE_0001";"NE_0001";"NE_0001";"NE_0001";"NE_0001"
"2023";"05";"060804";"CAJAMARCA";"JAEN";"COLASAY";"GOBIERNO REGIONAL";"I-3";"00004236";"COLASAY";"NE_0001";"";"NE_0001";"NE_0001";"NE_0001";"NE_0001";"NE_0001";"NE_0001";"NE_0001"
"2023";"05";"060804";"CAJAMARCA";"JAEN";"COLASAY";"GOBIERNO REGIONAL";"I-2";"00007017";"AHUYACA";"NE_0001";"";"NE_0001";"NE_0001";"NE_0001";"NE_0001";"NE_0001";"NE_0001";"NE_0001"
"2023";"05";"250101";"UCAYALI";"CORONEL PORTILLO";"CALLERIA";"PRIVADO";"II-E";"00027312";"Clínica Especializada Amazónica SAC";"240100";"HOSPITALIZACIÓN QUIRÚRGICA CIRUGÍA GENERAL ";"34";"34";"34";"34";"2";"62";"0"
"2023";"05";"150130";"LIMA";"LIMA";"SAN BORJA";"PRIVADO";"II-E";"00013383";"CLINICA SANTA ISABEL";"241400";"HOSPITALIZACIÓN QUIRÚRGICA GINECO - OBSTETRICIA ";"169";"175";"469";"494";"23";"713";"0"
"2023";"05";"160601";"LORETO";"UCAYALI";"CONTAMANA";"ESSALUD";"I-3";"00010843";"POSTA MEDICA ESSALUD CONTAMANA";"NE_0001";"";"NE_0001";"NE_0001";"NE_0001";"NE_0001";"NE_0001";"NE_0001";"NE_0001"
"2023";"05";"050110";"AYACUCHO";"HUAMANGA";"SAN JUAN BAUTISTA";"GOBIERNO REGIONAL";"I-3";"00006882";"LOS OLIVOS";"NE_0001";"";"NE_0001";"NE_0001";"NE_0001";"NE_0001";"NE_0001";"NE_0001";"NE_0001"
"2023";"05";"220102";"SAN MARTIN";"MOYOBAMBA";"CALZADA";"GOBIERNO REGIONAL";"I-1";"00006331";"SANTA ROSA BAJO TANGUMI";"NE_0002";"";"NE_0002";"NE_0002";"NE_0002";"NE_0002";"NE_0002";"NE_0002";"NE_0002"
"2023";"05";"150133";"LIMA";"LIMA";"SAN JUAN DE MIRAFLORES";"PRIVADO";"II-E";"00028244";"CLINICA SAGRADA FAMILIA DEL SUR";"240000";"HOSPITALIZACIÓN";"9";"9";"19";"31";"6";"34";"0"
"2023";"04";"250101";"UCAYALI";"CORONEL PORTILLO";"CALLERIA";"GOBIERNO REGIONAL";"0";"00027157";"SISTEMA DE ATENCIÓN MÓVIL DE URGENCIAS (SAMU)";"NE_0001";"";"NE_0001";"NE_0001";"NE_0001";"NE_0001";"NE_0001";"NE_0001";"NE_0001"
"2023";"04";"250303";"UCAYALI";"PADRE ABAD";"CURIMANA";"GOBIERNO REGIONAL";"I-1";"00025049";"PUESTO DE SALUD MERIBA";"NE_0001";"";"NE_0001";"NE_0001";"NE_0001";"NE_0001";"NE_0001";"NE_0001";"NE_0001"
"2023";"04";"250105";"UCAYALI";"CORONEL PORTILLO";"YARINACOCHA";"GOBIERNO REGIONAL";"0";"00014314";"LABORATORIO DE REFERENCIA REGIONAL EN SALUD PUBLICA UCAYALI";"NE_0001";"";"NE_0001";"NE_0001";"NE_0001";"NE_0001";"NE_0001";"NE_0001";"NE_0001"
"2023";"04";"250105";"UCAYALI";"CORONEL PORTILLO";"YARINACOCHA";"GOBIERNO REGIONAL";"I-1";"00007237";"NUEVA UNION";"NE_0001";"";"NE_0001";"NE_0001";"NE_0001";"NE_0001";"NE_0001";"NE_0001";"NE_0001"
"2023";"04";"250303";"UCAYALI";"PADRE ABAD";"CURIMANA";"GOBIERNO REGIONAL";"I-1";"00006950";"PUEBLO LIBRE CURIMANA";"NE_0001";"";"NE_0001";"NE_0001";"NE_0001";"NE_0001";"NE_0001";"NE_0001";"NE_0001"
"2023";"04";"250303";"UCAYALI";"PADRE ABAD";"CURIMANA";"GOBIERNO REGIONAL";"I-1";"00006885";"SAN JUAN DE TAHUAPOA";"NE_0001";"";"NE_0001";"NE_0001";"NE_0001";"NE_0001";"NE_0001";"NE_0001";"NE_0001"
"2023";"04";"250105";"UCAYALI";"CORONEL PORTILLO";"YARINACOCHA";"GOBIERNO REGIONAL";"I-1";"00005543";"NUEVA LUZ DE FATIMA";"NE_0001";"";"NE_0001";"NE_0001";"NE_0001";"NE_0001";"NE_0001";"NE_0001";"NE_0001"
"2023";"04";"250105";"UCAYALI";"CORONEL PORTILLO";"YARINACOCHA";"GOBIERNO REGIONAL";"I-1";"00005540";"HUITOCOCHA";"NE_0001";"";"NE_0001";"NE_0001";"NE_0001";"NE_0001";"NE_0001";"NE_0001";"NE_0001"
"2023";"04";"250105";"UCAYALI";"CORONEL PORTILLO";"YARINACOCHA";"GOBIERNO REGIONAL";"I-2";"00005538";"SAN FRANCISCO DE YARINACOCHA";"NE_0001";"";"NE_0001";"NE_0001";"NE_0001";"NE_0001";"NE_0001";"NE_0001";"NE_0001"
"2023";"04";"250105";"UCAYALI";"CORONEL PORTILLO";"YARINACOCHA";"GOBIERNO REGIONAL";"I-2";"00005537";"CLAS   BELLAVISTA DE YARINACOCHA";"NE_0001";"";"NE_0001";"NE_0001";"NE_0001";"NE_0001";"NE_0001";"NE_0001";"NE_0001"
"2023";"04";"250105";"UCAYALI";"CORONEL PORTILLO";"YARINACOCHA";"GOBIERNO REGIONAL";"I-2";"00005536";"ESPERANZA DE PANAILLO";"NE_0001";"";"NE_0001";"NE_0001";"NE_0001";"NE_0001";"NE_0001";"NE_0001";"NE_0001"
"2023";"04";"250105";"UCAYALI";"CORONEL PORTILLO";"YARINACOCHA";"GOBIERNO REGIONAL";"I-2";"00005535";"CLAS SAN PABLO DE TUSHMO.";"NE_0001";"";"NE_0001";"NE_0001";"NE_0001";"NE_0001";"NE_0001";"NE_0001";"NE_0001"
"2023";"04";"250105";"UCAYALI";"CORONEL PORTILLO";"YARINACOCHA";"GOBIERNO REGIONAL";"I-3";"00005534";"SAN JOSE DE YARINACOCHA";"NE_0001";"";"NE_0001";"NE_0001";"NE_0001";"NE_0001";"NE_0001";"NE_0001";"NE_0001"
"2023";"04";"250303";"UCAYALI";"PADRE ABAD";"CURIMANA";"GOBIERNO REGIONAL";"I-1";"00005425";"ZORRILLOS";"NE_0001";"";"NE_0001";"NE_0001";"NE_0001";"NE_0001";"NE_0001";"NE_0001";"NE_0001"
"2023";"04";"250303";"UCAYALI";"PADRE ABAD";"CURIMANA";"GOBIERNO REGIONAL";"I-1";"00005424";"BELLO HORIZONTE";"NE_0001";"";"NE_0001";"NE_0001";"NE_0001";"NE_0001";"NE_0001";"NE_0001";"NE_0001"
"2023";"04";"250303";"UCAYALI";"PADRE ABAD";"CURIMANA";"GOBIERNO REGIONAL";"I-1";"00005423";"LAS MALVINAS.";"NE_0001";"";"NE_0001";"NE_0001";"NE_0001";"NE_0001";"NE_0001";"NE_0001";"NE_0001"
"2023";"04";"250303";"UCAYALI";"PADRE ABAD";"CURIMANA";"GOBIERNO REGIONAL";"I-3";"00005422";"CURIMANA";"NE_0001";"";"NE_0001";"NE_0001";"NE_0001";"NE_0001";"NE_0001";"NE_0001";"NE_0001"
"2023";"05";"150118";"LIMA";"LIMA";"LURIGANCHO";"MINSA";"II-2";"00005947";"HOSPITAL DE MEDIANA COMPLEJIDAD JOSE AGURTO TELLO";"241900";"HOSPITALIZACIÓN DE MEDICINA MEDICINA INTERNA ";"70";"57";"337";"336";"12";"372";"2"
"2023";"05";"150118";"LIMA";"LIMA";"LURIGANCHO";"MINSA";"II-2";"00005947";"HOSPITAL DE MEDIANA COMPLEJIDAD JOSE AGURTO TELLO";"240100";"HOSPITALIZACIÓN QUIRÚRGICA CIRUGÍA GENERAL ";"126";"116";"342";"367";"15";"465";"0"
"2023";"05";"150118";"LIMA";"LIMA";"LURIGANCHO";"MINSA";"II-2";"00005947";"HOSPITAL DE MEDIANA COMPLEJIDAD JOSE AGURTO TELLO";"241200";"HOSPITALIZACIÓN QUIRÚRGICA TRAUMATOLOGÍA Y ORTOPEDIA ";"26";"22";"77";"87";"5";"155";"0"
"2023";"05";"150118";"LIMA";"LIMA";"LURIGANCHO";"MINSA";"II-2";"00005947";"HOSPITAL DE MEDIANA COMPLEJIDAD JOSE AGURTO TELLO";"240600";"HOSPITALIZACIÓN QUIRÚRGICA CIRUGÍA OFTALMOLÓGICA ";"1";"1";"1";"1";"1";"31";"0"
"2023";"05";"150118";"LIMA";"LIMA";"LURIGANCHO";"MINSA";"II-2";"00005947";"HOSPITAL DE MEDIANA COMPLEJIDAD JOSE AGURTO TELLO";"241300";"HOSPITALIZACIÓN QUIRÚRGICA UROLOGÍA  ";"1";"1";"6";"6";"1";"31";"0"
"2023";"05";"150118";"LIMA";"LIMA";"LURIGANCHO";"MINSA";"II-2";"00005947";"HOSPITAL DE MEDIANA COMPLEJIDAD JOSE AGURTO TELLO";"243200";"HOSPITALIZACIÓN DE PEDIATRÍA PEDIATRIA NEONATOLOGÍA";"152";"14";"45";"43";"5";"155";"0"
"2023";"05";"150118";"LIMA";"LIMA";"LURIGANCHO";"MINSA";"II-2";"00005947";"HOSPITAL DE MEDIANA COMPLEJIDAD JOSE AGURTO TELLO";"242500";"HOSPITALIZACIÓN-PEDIATRÍA GENERAL-";"43";"37";"177";"167";"7";"217";"0"
"2023";"05";"150118";"LIMA";"LIMA";"LURIGANCHO";"MINSA";"II-2";"00005947";"HOSPITAL DE MEDIANA COMPLEJIDAD JOSE AGURTO TELLO";"241500";"HOSPITALIZACIÓN QUIRÚRGICA GINECOLOGÍA  ";"24";"22";"73";"70";"5";"155";"0"
"2023";"05";"150118";"LIMA";"LIMA";"LURIGANCHO";"MINSA";"II-2";"00005947";"HOSPITAL DE MEDIANA COMPLEJIDAD JOSE AGURTO TELLO";"241600";"HOSPITALIZACIÓN QUIRÚRGICA OBSTETRICIA   ";"138";"126";"294";"286";"16";"496";"0"
"2023";"03";"250101";"UCAYALI";"CORONEL PORTILLO";"CALLERIA";"PRIVADO";"II-E";"00027312";"Clínica Especializada Amazónica SAC";"240100";"HOSPITALIZACIÓN QUIRÚRGICA CIRUGÍA GENERAL ";"47";"47";"47";"47";"2";"62";"0"
"2023";"03";"150105";"LIMA";"LIMA";"BREÑA";"MINSA";"III-2";"00006216";"INSTITUTO NACIONAL DE SALUD DEL NIÑO";"240200";"HOSPITALIZACIÓN QUIRÚRGICA CIRUGÍA DE CABEZA Y CUELLO / MÁXILO FACIAL ";"32";"28";"314";"240";"13";"403";"0"
"2023";"03";"150105";"LIMA";"LIMA";"BREÑA";"MINSA";"III-2";"00006216";"INSTITUTO NACIONAL DE SALUD DEL NIÑO";"240400";"HOSPITALIZACIÓN QUIRÚRGICA CIRUGÍA DE TÓRAX Y CARDIOVASCULAR ";"22";"15";"312";"414";"19";"589";"0"
"2023";"03";"150105";"LIMA";"LIMA";"BREÑA";"MINSA";"III-2";"00006216";"INSTITUTO NACIONAL DE SALUD DEL NIÑO";"240700";"HOSPITALIZACIÓN QUIRÚRGICA CIRUGÍA PEDIÁTRICA ";"86";"81";"404";"453";"22";"682";"0"
"2023";"03";"150105";"LIMA";"LIMA";"BREÑA";"MINSA";"III-2";"00006216";"INSTITUTO NACIONAL DE SALUD DEL NIÑO";"240801";"HOSPITALIZACIÓN QUIRÚRGICA CIRUGÍA PLÁSTICA/RECONSTRUCTIVA/ REPARADORA QUEMADOS";"34";"32";"74";"87";"6";"186";"0"
"2023";"03";"150105";"LIMA";"LIMA";"BREÑA";"MINSA";"III-2";"00006216";"INSTITUTO NACIONAL DE SALUD DEL NIÑO";"240801";"HOSPITALIZACIÓN QUIRÚRGICA CIRUGÍA PLÁSTICA/RECONSTRUCTIVA/ REPARADORA QUEMADOS";"30";"33";"3878";"493";"21";"651";"0"
"2023";"03";"150105";"LIMA";"LIMA";"BREÑA";"MINSA";"III-2";"00006216";"INSTITUTO NACIONAL DE SALUD DEL NIÑO";"240900";"HOSPITALIZACIÓN QUIRÚRGICA NEUROCIRUGÍA ";"41";"37";"465";"590";"22";"682";"1"
"2023";"03";"150105";"LIMA";"LIMA";"BREÑA";"MINSA";"III-2";"00006216";"INSTITUTO NACIONAL DE SALUD DEL NIÑO";"241200";"HOSPITALIZACIÓN QUIRÚRGICA TRAUMATOLOGÍA Y ORTOPEDIA ";"73";"77";"531";"770";"29";"899";"0"
"2023";"03";"150105";"LIMA";"LIMA";"BREÑA";"MINSA";"III-2";"00006216";"INSTITUTO NACIONAL DE SALUD DEL NIÑO";"241300";"HOSPITALIZACIÓN QUIRÚRGICA UROLOGÍA  ";"21";"19";"144";"140";"6";"186";"0"
"2023";"03";"150105";"LIMA";"LIMA";"BREÑA";"MINSA";"III-2";"00006216";"INSTITUTO NACIONAL DE SALUD DEL NIÑO";"242000";"HOSPITALIZACIÓN DE MEDICINA MEDICINA TROPICAL E INFECCIOSAS ";"51";"45";"740";"676";"25";"775";"0"
"2023";"03";"150105";"LIMA";"LIMA";"BREÑA";"MINSA";"III-2";"00006216";"INSTITUTO NACIONAL DE SALUD DEL NIÑO";"242300";"HOSPITALIZACIÓN DE PEDIATRÍA  PEDIATRÍA  GENERAL ";"259";"226";"2099";"2492";"86";"2666";"0"
"2023";"03";"150105";"LIMA";"LIMA";"BREÑA";"MINSA";"III-2";"00006216";"INSTITUTO NACIONAL DE SALUD DEL NIÑO";"242600";"HOSPITALIZACIÓN DE PEDIATRÍA PEDIATRIA CARDIOLOGÍA PEDIÁTRICA";"36";"37";"333";"364";"20";"620";"2"
"2023";"03";"150105";"LIMA";"LIMA";"BREÑA";"MINSA";"III-2";"00006216";"INSTITUTO NACIONAL DE SALUD DEL NIÑO";"242700";"HOSPITALIZACIÓN DE PEDIATRÍA PEDIATRIA DERMATOLOGÍA PEDIÁTRICA";"30";"26";"144";"212";"8";"248";"0"
"2023";"03";"150105";"LIMA";"LIMA";"BREÑA";"MINSA";"III-2";"00006216";"INSTITUTO NACIONAL DE SALUD DEL NIÑO";"242900";"HOSPITALIZACIÓN DE PEDIATRÍA PEDIATRIA GASTROENTEROLOGÍA PEDIÁTRICA";"25";"23";"277";"303";"11";"341";"0"
"2023";"03";"150105";"LIMA";"LIMA";"BREÑA";"MINSA";"III-2";"00006216";"INSTITUTO NACIONAL DE SALUD DEL NIÑO";"243000";"HOSPITALIZACIÓN DE PEDIATRÍA PEDIATRIA GINECOLOGÍA PEDIÁTRICA";"16";"15";"39";"42";"3";"93";"0"
"2023";"03";"150105";"LIMA";"LIMA";"BREÑA";"MINSA";"III-2";"00006216";"INSTITUTO NACIONAL DE SALUD DEL NIÑO";"243100";"HOSPITALIZACIÓN DE PEDIATRÍA PEDIATRIA NEFROLOGÍA PEDIÁTRICA";"12";"10";"149";"152";"5";"155";"0"
"2023";"03";"150105";"LIMA";"LIMA";"BREÑA";"MINSA";"III-2";"00006216";"INSTITUTO NACIONAL DE SALUD DEL NIÑO";"243300";"HOSPITALIZACIÓN DE PEDIATRÍA PEDIATRIA NEUMOLOGÍA PEDIÁTRICA";"19";"15";"495";"509";"21";"651";"0"
"2023";"03";"150105";"LIMA";"LIMA";"BREÑA";"MINSA";"III-2";"00006216";"INSTITUTO NACIONAL DE SALUD DEL NIÑO";"243400";"HOSPITALIZACIÓN DE PEDIATRÍA PEDIATRIA NEUROLOGÍA PEDIÁTRICA";"27";"22";"248";"318";"13";"403";"0"
"2023";"03";"150105";"LIMA";"LIMA";"BREÑA";"MINSA";"III-2";"00006216";"INSTITUTO NACIONAL DE SALUD DEL NIÑO";"243600";"HOSPITALIZACIÓN DE PEDIATRÍA PEDIATRIA ONCOLOGÍA PEDIÁTRICA";"5";"5";"46";"67";"3";"93";"0"
"2023";"03";"150105";"LIMA";"LIMA";"BREÑA";"MINSA";"III-2";"00006216";"INSTITUTO NACIONAL DE SALUD DEL NIÑO";"243700";"HOSPITALIZACIÓN DE PEDIATRÍA PEDIATRIA OTORRINOLARINGOLOGÍA PEDIÁTRICA ";"25";"26";"125";"121";"9";"279";"0"
"2023";"03";"150105";"LIMA";"LIMA";"BREÑA";"MINSA";"III-2";"00006216";"INSTITUTO NACIONAL DE SALUD DEL NIÑO";"244500";"HOSPITALIZACIÓN DE MEDICINA HEMATOLOGÍA ";"6";"6";"170";"90";"3";"93";"0"
"2023";"03";"150117";"LIMA";"LIMA";"LOS OLIVOS";"MUNICIPALIDAD DISTRITAL";"II-1";"00019787";"HOSPITAL MUNICIPAL LOS OLIVOS";"241800";"HOSPITALIZACIÓN DE MEDICINA MEDICINA GENERAL ";"18";"19";"51";"69";"25";"750";"0"
"2023";"03";"150117";"LIMA";"LIMA";"LOS OLIVOS";"MUNICIPALIDAD DISTRITAL";"II-1";"00019787";"HOSPITAL MUNICIPAL LOS OLIVOS";"240100";"HOSPITALIZACIÓN QUIRÚRGICA CIRUGÍA GENERAL ";"17";"19";"38";"55";"25";"750";"0"
"2023";"03";"150117";"LIMA";"LIMA";"LOS OLIVOS";"MUNICIPALIDAD DISTRITAL";"II-1";"00019787";"HOSPITAL MUNICIPAL LOS OLIVOS";"241300";"HOSPITALIZACIÓN QUIRÚRGICA UROLOGÍA  ";"2";"3";"12";"14";"25";"750";"0"
"2023";"03";"150117";"LIMA";"LIMA";"LOS OLIVOS";"MUNICIPALIDAD DISTRITAL";"II-1";"00019787";"HOSPITAL MUNICIPAL LOS OLIVOS";"241200";"HOSPITALIZACIÓN QUIRÚRGICA TRAUMATOLOGÍA Y ORTOPEDIA ";"2";"2";"3";"5";"25";"750";"0"
"2023";"03";"150117";"LIMA";"LIMA";"LOS OLIVOS";"MUNICIPALIDAD DISTRITAL";"II-1";"00019787";"HOSPITAL MUNICIPAL LOS OLIVOS";"241500";"HOSPITALIZACIÓN QUIRÚRGICA GINECOLOGÍA  ";"28";"28";"46";"28";"16";"448";"0"
"2023";"03";"120114";"JUNIN";"HUANCAYO";"EL TAMBO";"PRIVADO";"II-1";"00008024";"CLINICA CAYETANO HEREDIA";"240000";"HOSPITALIZACIÓN";"135";"134";"365";"356";"45";"1149";"0"
"2023";"03";"120114";"JUNIN";"HUANCAYO";"EL TAMBO";"PRIVADO";"II-1";"00008024";"CLINICA CAYETANO HEREDIA";"241400";"HOSPITALIZACIÓN QUIRÚRGICA GINECO - OBSTETRICIA ";"34";"20";"43";"114";"8";"255";"0"
"2023";"03";"150122";"LIMA";"LIMA";"MIRAFLORES";"MINSA";"III-E";"00006213";"HOSPITAL DE EMERGENCIAS JOSE CASIMIRO ULLOA";"240100";"HOSPITALIZACIÓN QUIRÚRGICA CIRUGÍA GENERAL ";"119";"142";"608";"547";"26";"806";"4"
"2023";"03";"150122";"LIMA";"LIMA";"MIRAFLORES";"MINSA";"III-E";"00006213";"HOSPITAL DE EMERGENCIAS JOSE CASIMIRO ULLOA";"241800";"HOSPITALIZACIÓN DE MEDICINA MEDICINA GENERAL ";"116";"163";"1720";"543";"20";"620";"23"
"2023";"03";"150122";"LIMA";"LIMA";"MIRAFLORES";"MINSA";"III-E";"00006213";"HOSPITAL DE EMERGENCIAS JOSE CASIMIRO ULLOA";"240900";"HOSPITALIZACIÓN QUIRÚRGICA NEUROCIRUGÍA ";"14";"21";"327";"258";"11";"341";"1"
"2023";"03";"150122";"LIMA";"LIMA";"MIRAFLORES";"MINSA";"III-E";"00006213";"HOSPITAL DE EMERGENCIAS JOSE CASIMIRO ULLOA";"241200";"HOSPITALIZACIÓN QUIRÚRGICA TRAUMATOLOGÍA Y ORTOPEDIA ";"41";"50";"214";"373";"14";"434";"0"
"2023";"03";"150122";"LIMA";"LIMA";"MIRAFLORES";"MINSA";"III-E";"00006213";"HOSPITAL DE EMERGENCIAS JOSE CASIMIRO ULLOA";"250000";"UNIDAD DE CUIDADOS CRITICOS  ";"24";"26";"373";"293";"10";"310";"0"
"2023";"03";"150122";"LIMA";"LIMA";"MIRAFLORES";"MINSA";"III-E";"00006213";"HOSPITAL DE EMERGENCIAS JOSE CASIMIRO ULLOA";"250103";"UNIDAD DE CUIDADOS CRITICOS UNIDAD  DE CUIDADOS INTENSIVOS GENERALES  (UCI) MEDICINA";"13";"13";"135";"171";"6";"186";"0"
"2023";"03";"150122";"LIMA";"LIMA";"MIRAFLORES";"MINSA";"III-E";"00006213";"HOSPITAL DE EMERGENCIAS JOSE CASIMIRO ULLOA";"250500";"HOSPIT. EN UNIDAD DE CUID.INTEN.-UNIDAD DE TRAUMA SHOCK-";"40";"40";"85";"85";"4";"124";"0"
"2023";"03";"040126";"AREQUIPA";"AREQUIPA";"YANAHUARA";"PRIVADO";"II-E";"00021966";"CLINICA ALIVIARI";"NE_0001";"";"NE_0001";"NE_0001";"NE_0001";"NE_0001";"NE_0001";"NE_0001";"NE_0001"
"2023";"03";"120101";"JUNIN";"HUANCAYO";"HUANCAYO";"PRIVADO";"II-1";"00008516";"CLINICA SANTO DOMINGO";"240100";"HOSPITALIZACIÓN QUIRÚRGICA CIRUGÍA GENERAL ";"14";"14";"26";"26";"2";"31";"0"
"2023";"03";"120101";"JUNIN";"HUANCAYO";"HUANCAYO";"PRIVADO";"II-1";"00008516";"CLINICA SANTO DOMINGO";"245300";"HOSPITALIZACIÓN DE MEDICINA NEUMOLOGÍA  ";"1";"1";"3";"3";"1";"31";"0"
"2023";"03";"120101";"JUNIN";"HUANCAYO";"HUANCAYO";"PRIVADO";"II-1";"00008516";"CLINICA SANTO DOMINGO";"241200";"HOSPITALIZACIÓN QUIRÚRGICA TRAUMATOLOGÍA Y ORTOPEDIA ";"6";"6";"9";"9";"1";"31";"0"
"2023";"03";"120101";"JUNIN";"HUANCAYO";"HUANCAYO";"PRIVADO";"II-1";"00008516";"CLINICA SANTO DOMINGO";"241500";"HOSPITALIZACIÓN QUIRÚRGICA GINECOLOGÍA  ";"12";"12";"21";"21";"2";"30";"0"
"2023";"03";"120101";"JUNIN";"HUANCAYO";"HUANCAYO";"PRIVADO";"II-1";"00008516";"CLINICA SANTO DOMINGO";"244200";"HOSPITALIZACIÓN DE MEDICINA ENDOCRINOLOGIA ";"2";"2";"2";"2";"1";"20";"0"
"2023";"03";"120101";"JUNIN";"HUANCAYO";"HUANCAYO";"PRIVADO";"II-1";"00008516";"CLINICA SANTO DOMINGO";"245400";"HOSPITALIZACIÓN DE MEDICINA GINECOLOGIA ";"2";"2";"3";"3";"1";"20";"0"
"2023";"03";"120101";"JUNIN";"HUANCAYO";"HUANCAYO";"PRIVADO";"II-1";"00008516";"CLINICA SANTO DOMINGO";"241300";"HOSPITALIZACIÓN QUIRÚRGICA UROLOGÍA  ";"3";"3";"3";"3";"1";"20";"0"
"2023";"04";"060801";"CAJAMARCA";"JAEN";"JAEN";"GOBIERNO REGIONAL";"I-2";"00010007";"GRANADILLAS";"NE_0001";"";"NE_0001";"NE_0001";"NE_0001";"NE_0001";"NE_0001";"NE_0001";"NE_0001"
"2023";"04";"060801";"CAJAMARCA";"JAEN";"JAEN";"GOBIERNO REGIONAL";"I-1";"00004218";"VISTA ALEGRE  DE ZONANGA";"NE_0001";"";"NE_0001";"NE_0001";"NE_0001";"NE_0001";"NE_0001";"NE_0001";"NE_0001"
"2023";"04";"060801";"CAJAMARCA";"JAEN";"JAEN";"GOBIERNO REGIONAL";"I-1";"00004217";"TABACAL";"NE_0001";"";"NE_0001";"NE_0001";"NE_0001";"NE_0001";"NE_0001";"NE_0001";"NE_0001"
"2023";"04";"060801";"CAJAMARCA";"JAEN";"JAEN";"GOBIERNO REGIONAL";"I-3";"00004219";"CHAMBAMONTERA";"NE_0001";"";"NE_0001";"NE_0001";"NE_0001";"NE_0001";"NE_0001";"NE_0001";"NE_0001"
"2023";"04";"040112";"AREQUIPA";"AREQUIPA";"PAUCARPATA";"GOBIERNO REGIONAL";"I-2";"00001312";"PUESTO DE SALUD ISRAEL";"NE_0001";"";"NE_0001";"NE_0001";"NE_0001";"NE_0001";"NE_0001";"NE_0001";"NE_0001"
"2023";"04";"040112";"AREQUIPA";"AREQUIPA";"PAUCARPATA";"GOBIERNO REGIONAL";"I-2";"00007744";"PUESTO DE SALUD VILLA JESUS";"NE_0001";"";"NE_0001";"NE_0001";"NE_0001";"NE_0001";"NE_0001";"NE_0001";"NE_0001"
"2023";"04";"150132";"LIMA";"LIMA";"SAN JUAN DE LURIGANCHO";"PRIVADO";"II-1";"00009090";"CLINICA "" LIMATAMBO""";"240000";"HOSPITALIZACIÓN";"105";"99";"234";"297";"30";"930";"0"
"2023";"04";"110201";"ICA";"CHINCHA";"CHINCHA ALTA";"PRIVADO";"I-3";"00011272";"DANIEL A. CARRION EIRL";"NE_0001";"";"NE_0001";"NE_0001";"NE_0001";"NE_0001";"NE_0001";"NE_0001";"NE_0001"
"2023";"04";"060101";"CAJAMARCA";"CAJAMARCA";"CAJAMARCA";"PRIVADO";"II-1";"00012761";"CLINICA SAN LORENZO S.R.L.";"240300";"HOSPITALIZACIÓN QUIRÚRGICA CIRUGÍA DIGESTIVA ";"10";"10";"11";"21";"16";"480";"0"
"2023";"04";"040112";"AREQUIPA";"AREQUIPA";"PAUCARPATA";"GOBIERNO REGIONAL";"I-2";"00001311";"PUESTO DE SALUD ALTO JESUS";"NE_0001";"";"NE_0001";"NE_0001";"NE_0001";"NE_0001";"NE_0001";"NE_0001";"NE_0001"
"2023";"04";"040112";"AREQUIPA";"AREQUIPA";"PAUCARPATA";"GOBIERNO REGIONAL";"I-3";"00001297";"CENTRO DE SALUD CIUDAD BLANCA";"NE_0001";"";"NE_0001";"NE_0001";"NE_0001";"NE_0001";"NE_0001";"NE_0001";"NE_0001"
"2023";"04";"060101";"CAJAMARCA";"CAJAMARCA";"CAJAMARCA";"PRIVADO";"II-1";"00012761";"CLINICA SAN LORENZO S.R.L.";"240801";"HOSPITALIZACIÓN QUIRÚRGICA CIRUGÍA PLÁSTICA/RECONSTRUCTIVA/ REPARADORA QUEMADOS";"2";"2";"3";"5";"16";"480";"0"
"2023";"04";"060101";"CAJAMARCA";"CAJAMARCA";"CAJAMARCA";"PRIVADO";"II-1";"00012761";"CLINICA SAN LORENZO S.R.L.";"241000";"HOSPITALIZACIÓN QUIRÚRGICA ONCOLOGÍA QUIRÚRGICA  ";"1";"1";"6";"7";"16";"480";"0"
"2023";"04";"060101";"CAJAMARCA";"CAJAMARCA";"CAJAMARCA";"PRIVADO";"II-1";"00012761";"CLINICA SAN LORENZO S.R.L.";"241100";"HOSPITALIZACIÓN QUIRÚRGICA OTORRINOLARINGOLOGÍA  ";"1";"1";"1";"2";"16";"480";"0"
"2023";"04";"060101";"CAJAMARCA";"CAJAMARCA";"CAJAMARCA";"PRIVADO";"II-1";"00012761";"CLINICA SAN LORENZO S.R.L.";"241200";"HOSPITALIZACIÓN QUIRÚRGICA TRAUMATOLOGÍA Y ORTOPEDIA ";"5";"5";"5";"10";"16";"480";"0"
"2023";"04";"060101";"CAJAMARCA";"CAJAMARCA";"CAJAMARCA";"PRIVADO";"II-1";"00012761";"CLINICA SAN LORENZO S.R.L.";"241300";"HOSPITALIZACIÓN QUIRÚRGICA UROLOGÍA  ";"9";"9";"31";"40";"16";"480";"0"
"2023";"04";"060101";"CAJAMARCA";"CAJAMARCA";"CAJAMARCA";"PRIVADO";"II-1";"00012761";"CLINICA SAN LORENZO S.R.L.";"241500";"HOSPITALIZACIÓN QUIRÚRGICA GINECOLOGÍA  ";"12";"12";"20";"32";"16";"480";"0"
"2023";"04";"060101";"CAJAMARCA";"CAJAMARCA";"CAJAMARCA";"PRIVADO";"II-1";"00012761";"CLINICA SAN LORENZO S.R.L.";"245300";"HOSPITALIZACIÓN DE MEDICINA NEUMOLOGÍA  ";"1";"1";"2";"3";"16";"480";"0"
"2023";"04";"120709";"JUNIN";"TARMA";"TAPO";"GOBIERNO REGIONAL";"I-1";"00000581";"QUETA";"NE_0001";"";"NE_0001";"NE_0001";"NE_0001";"NE_0001";"NE_0001";"NE_0001";"NE_0001"
"2023";"04";"120709";"JUNIN";"TARMA";"TAPO";"GOBIERNO REGIONAL";"I-1";"00000578";"YURACMAYO";"NE_0001";"";"NE_0001";"NE_0001";"NE_0001";"NE_0001";"NE_0001";"NE_0001";"NE_0001"
"2023";"04";"120709";"JUNIN";"TARMA";"TAPO";"GOBIERNO REGIONAL";"I-1";"00000579";"MACO";"NE_0001";"";"NE_0001";"NE_0001";"NE_0001";"NE_0001";"NE_0001";"NE_0001";"NE_0001"
"2023";"04";"120709";"JUNIN";"TARMA";"TAPO";"GOBIERNO REGIONAL";"I-2";"00000577";"TAPO";"NE_0001";"";"NE_0001";"NE_0001";"NE_0001";"NE_0001";"NE_0001";"NE_0001";"NE_0001"
"2023";"04";"120709";"JUNIN";"TARMA";"TAPO";"GOBIERNO REGIONAL";"I-1";"00000580";"CASACOTO - SAN ANTONIO";"NE_0001";"";"NE_0001";"NE_0001";"NE_0001";"NE_0001";"NE_0001";"NE_0001";"NE_0001"
"2023";"04";"120709";"JUNIN";"TARMA";"TAPO";"GOBIERNO REGIONAL";"I-1";"00000582";"PACCHAC";"NE_0001";"";"NE_0001";"NE_0001";"NE_0001";"NE_0001";"NE_0001";"NE_0001";"NE_0001"
"2023";"04";"060605";"CAJAMARCA";"CUTERVO";"LA RAMADA";"GOBIERNO REGIONAL";"I-1";"00006949";"LOS PUENTES";"NE_0001";"";"NE_0001";"NE_0001";"NE_0001";"NE_0001";"NE_0001";"NE_0001";"NE_0001"
"2023";"04";"070106";"CALLAO";"CALLAO";"VENTANILLA";"PRIVADO";"II-E";"00009917";"CLINICA CARRION";"NE_0002";"";"NE_0002";"NE_0002";"NE_0002";"NE_0002";"NE_0002";"NE_0002";"NE_0002"
"2023";"04";"200601";"PIURA";"SULLANA";"SULLANA";"PRIVADO";"II-1";"00012261";"CLINICA INMACULADA";"240000";"HOSPITALIZACIÓN";"45";"40";"42";"40";"30";"900";"0"
"2023";"05";"200701";"PIURA";"TALARA";"PARIÑAS";"PRIVADO";"I-3";"00012085";"CENTRO MEDICO SAN PABLO-TALARA EIRL";"NE_0001";"";"NE_0001";"NE_0001";"NE_0001";"NE_0001";"NE_0001";"NE_0001";"NE_0001"
"2023";"05";"040102";"AREQUIPA";"AREQUIPA";"ALTO SELVA ALEGRE";"GOBIERNO REGIONAL";"I-2";"00001304";"PUESTO DE SALUD HEROES DEL CENEPA";"NE_0001";"";"NE_0001";"NE_0001";"NE_0001";"NE_0001";"NE_0001";"NE_0001";"NE_0001"
"2023";"05";"040102";"AREQUIPA";"AREQUIPA";"ALTO SELVA ALEGRE";"GOBIERNO REGIONAL";"I-3";"00001302";"CENTRO DE SALUD INDEPENDENCIA";"NE_0001";"";"NE_0001";"NE_0001";"NE_0001";"NE_0001";"NE_0001";"NE_0001";"NE_0001"
"2023";"05";"040102";"AREQUIPA";"AREQUIPA";"ALTO SELVA ALEGRE";"GOBIERNO REGIONAL";"I-2";"00001303";"PUESTO DE SALUD SAN JUAN BAUTISTA";"NE_0001";"";"NE_0001";"NE_0001";"NE_0001";"NE_0001";"NE_0001";"NE_0001";"NE_0001"
"2023";"05";"040102";"AREQUIPA";"AREQUIPA";"ALTO SELVA ALEGRE";"GOBIERNO REGIONAL";"I-3";"00001300";"CENTRO DE SALUD APURIMAC";"NE_0001";"";"NE_0001";"NE_0001";"NE_0001";"NE_0001";"NE_0001";"NE_0001";"NE_0001"
"2023";"05";"040102";"AREQUIPA";"AREQUIPA";"ALTO SELVA ALEGRE";"GOBIERNO REGIONAL";"I-3";"00001291";"CENTRO DE SALUD ALTO SELVA ALEGRE";"NE_0001";"";"NE_0001";"NE_0001";"NE_0001";"NE_0001";"NE_0001";"NE_0001";"NE_0001"
"2023";"05";"040102";"AREQUIPA";"AREQUIPA";"ALTO SELVA ALEGRE";"GOBIERNO REGIONAL";"I-2";"00001301";"PUESTO DE SALUD LEONES DEL MISTI";"NE_0001";"";"NE_0001";"NE_0001";"NE_0001";"NE_0001";"NE_0001";"NE_0001";"NE_0001"
"2023";"05";"110101";"ICA";"ICA";"ICA";"ESSALUD";"II-2";"00016374";"HOSPITAL IV AUGUSTO HERNANDEZ MENDOZA";"244600";"HOSPITALIZACIÓN DE MEDICINA NEFROLOGIA ";"5";"7";"45";"63";"3";"93";"1"
"2023";"05";"110101";"ICA";"ICA";"ICA";"ESSALUD";"II-2";"00016374";"HOSPITAL IV AUGUSTO HERNANDEZ MENDOZA";"244700";"HOSPITALIZACIÓN DE MEDICINA NEUROLOGIA  ";"3";"3";"22";"21";"1";"31";"2"
"2023";"05";"110101";"ICA";"ICA";"ICA";"ESSALUD";"II-2";"00016374";"HOSPITAL IV AUGUSTO HERNANDEZ MENDOZA";"242100";"HOSPITALIZACIÓN DE MEDICINA ONCOLOGÍA MÉDICA ";"10";"10";"32";"27";"1";"31";"0"
"2023";"05";"110101";"ICA";"ICA";"ICA";"ESSALUD";"II-2";"00016374";"HOSPITAL IV AUGUSTO HERNANDEZ MENDOZA";"245500";"HOSPITALIZACIÓN DE MEDICINA REUMATOLOGÍA    ";"1";"1";"3";"4";"1";"31";"0"
"2023";"05";"110101";"ICA";"ICA";"ICA";"ESSALUD";"II-2";"00016374";"HOSPITAL IV AUGUSTO HERNANDEZ MENDOZA";"240100";"HOSPITALIZACIÓN QUIRÚRGICA CIRUGÍA GENERAL ";"78";"85";"459";"460";"15";"465";"1"
"2023";"05";"110101";"ICA";"ICA";"ICA";"ESSALUD";"II-2";"00016374";"HOSPITAL IV AUGUSTO HERNANDEZ MENDOZA";"241000";"HOSPITALIZACIÓN QUIRÚRGICA ONCOLOGÍA QUIRÚRGICA  ";"4";"4";"30";"24";"1";"31";"0"
"2023";"05";"110101";"ICA";"ICA";"ICA";"ESSALUD";"II-2";"00016374";"HOSPITAL IV AUGUSTO HERNANDEZ MENDOZA";"240800";"HOSPITALIZACIÓN QUIRÚRGICA CIRUGÍA PLÁSTICA/RECONSTRUCTIVA/ REPARADORA ";"6";"10";"101";"88";"3";"93";"1"
"2023";"05";"110101";"ICA";"ICA";"ICA";"ESSALUD";"II-2";"00016374";"HOSPITAL IV AUGUSTO HERNANDEZ MENDOZA";"240900";"HOSPITALIZACIÓN QUIRÚRGICA NEUROCIRUGÍA ";"20";"24";"270";"277";"9";"279";"0"
"2023";"05";"110101";"ICA";"ICA";"ICA";"ESSALUD";"II-2";"00016374";"HOSPITAL IV AUGUSTO HERNANDEZ MENDOZA";"241200";"HOSPITALIZACIÓN QUIRÚRGICA TRAUMATOLOGÍA Y ORTOPEDIA ";"106";"94";"460";"459";"16";"496";"2"
"2023";"05";"110101";"ICA";"ICA";"ICA";"ESSALUD";"II-2";"00016374";"HOSPITAL IV AUGUSTO HERNANDEZ MENDOZA";"241100";"HOSPITALIZACIÓN QUIRÚRGICA OTORRINOLARINGOLOGÍA  ";"4";"5";"9";"31";"1";"31";"0"
"2023";"05";"110101";"ICA";"ICA";"ICA";"ESSALUD";"II-2";"00016374";"HOSPITAL IV AUGUSTO HERNANDEZ MENDOZA";"241300";"HOSPITALIZACIÓN QUIRÚRGICA UROLOGÍA  ";"35";"35";"136";"120";"4";"124";"0"
"2023";"05";"110101";"ICA";"ICA";"ICA";"ESSALUD";"II-2";"00016374";"HOSPITAL IV AUGUSTO HERNANDEZ MENDOZA";"241500";"HOSPITALIZACIÓN QUIRÚRGICA GINECOLOGÍA  ";"25";"29";"97";"186";"6";"186";"0"
"2023";"05";"110101";"ICA";"ICA";"ICA";"ESSALUD";"II-2";"00016374";"HOSPITAL IV AUGUSTO HERNANDEZ MENDOZA";"241600";"HOSPITALIZACIÓN QUIRÚRGICA OBSTETRICIA   ";"118";"114";"370";"620";"20";"620";"0"
"2023";"05";"110101";"ICA";"ICA";"ICA";"ESSALUD";"II-2";"00016374";"HOSPITAL IV AUGUSTO HERNANDEZ MENDOZA";"242300";"HOSPITALIZACIÓN DE PEDIATRÍA  PEDIATRÍA  GENERAL ";"46";"46";"249";"279";"9";"279";"1"
"2023";"05";"110101";"ICA";"ICA";"ICA";"ESSALUD";"II-2";"00016374";"HOSPITAL IV AUGUSTO HERNANDEZ MENDOZA";"250100";"UNIDAD DE CUIDADOS CRITICOS UNIDAD  DE CUIDADOS INTENSIVOS GENERALES (UCI) ";"10";"3";"10";"155";"5";"155";"2"
"2023";"05";"110101";"ICA";"ICA";"ICA";"ESSALUD";"II-2";"00016374";"HOSPITAL IV AUGUSTO HERNANDEZ MENDOZA";"250105";"UNIDAD DE CUIDADOS CRITICOS UNIDAD  DE CUIDADOS INTENSIVOS  (UCI) NEONATOLOGÍA";"7";"4";"45";"93";"3";"93";"1"
"2023";"05";"110101";"ICA";"ICA";"ICA";"ESSALUD";"II-2";"00016374";"HOSPITAL IV AUGUSTO HERNANDEZ MENDOZA";"250200";"UNIDAD DE CUIDADOS CRITICOS UNIDAD DE CUIDADOS INTERMEDIOS GENERAL  (UCIN) ";"9";"6";"202";"248";"8";"248";"0"
"2023";"05";"110101";"ICA";"ICA";"ICA";"ESSALUD";"II-2";"00016374";"HOSPITAL IV AUGUSTO HERNANDEZ MENDOZA";"250201";"UNIDAD DE CUIDADOS CRITICOS UNIDAD DE CUIDADOS INTERMEDIOS  (UCIN) NEONATAL";"13";"29";"268";"155";"5";"155";"0"
"2023";"05";"220201";"SAN MARTIN";"BELLAVISTA";"BELLAVISTA";"GOBIERNO REGIONAL";"I-1";"00006785";"PERUATE";"NE_0001";"";"NE_0001";"NE_0001";"NE_0001";"NE_0001";"NE_0001";"NE_0001";"NE_0001"
"2023";"05";"220406";"SAN MARTIN";"HUALLAGA";"TINGO DE SAPOSOA";"GOBIERNO REGIONAL";"I-1";"00006546";"TINGO DE SAPOSOA";"NE_0001";"";"NE_0001";"NE_0001";"NE_0001";"NE_0001";"NE_0001";"NE_0001";"NE_0001"
"2023";"05";"220201";"SAN MARTIN";"BELLAVISTA";"BELLAVISTA";"GOBIERNO REGIONAL";"I-1";"00006512";"NUEVA FLORIDA";"NE_0001";"";"NE_0001";"NE_0001";"NE_0001";"NE_0001";"NE_0001";"NE_0001";"NE_0001"
"2023";"03";"180106";"MOQUEGUA";"MARISCAL NIETO";"TORATA";"PRIVADO";"II-1";"00017393";"HOSPITAL CUAJONE DE LA SOUTHERN PERU";"240100";"HOSPITALIZACIÓN QUIRÚRGICA CIRUGÍA GENERAL ";"9";"9";"29";"38";"14";"434";"0"
"2023";"03";"180106";"MOQUEGUA";"MARISCAL NIETO";"TORATA";"PRIVADO";"II-1";"00017393";"HOSPITAL CUAJONE DE LA SOUTHERN PERU";"241800";"HOSPITALIZACIÓN DE MEDICINA MEDICINA GENERAL ";"39";"40";"83";"121";"16";"496";"0"
"2023";"03";"150116";"LIMA";"LIMA";"LINCE";"PRIVADO";"II-E";"00029299";"MAS VISION S.A.C.";"NE_0001";"";"NE_0001";"NE_0001";"NE_0001";"NE_0001";"NE_0001";"NE_0001";"NE_0001"
"2023";"03";"150140";"LIMA";"LIMA";"SANTIAGO DE SURCO";"PRIVADO";"I-3";"00024299";"CLINICA INTERNACIONAL - SEDE SURCO";"NE_0001";"";"NE_0001";"NE_0001";"NE_0001";"NE_0001";"NE_0001";"NE_0001";"NE_0001"
"2023";"03";"040608";"AREQUIPA";"CONDESUYOS";"YANAQUIHUA";"GOBIERNO REGIONAL";"I-2";"00001414";"PUESTO DE SALUD ISPACAS";"NE_0001";"";"NE_0001";"NE_0001";"NE_0001";"NE_0001";"NE_0001";"NE_0001";"NE_0001"
"2023";"03";"040605";"AREQUIPA";"CONDESUYOS";"IRAY";"GOBIERNO REGIONAL";"I-2";"00001409";"IRAY";"NE_0001";"";"NE_0001";"NE_0001";"NE_0001";"NE_0001";"NE_0001";"NE_0001";"NE_0001"
"2023";"03";"040607";"AREQUIPA";"CONDESUYOS";"SALAMANCA";"GOBIERNO REGIONAL";"I-1";"00001413";"PUESTO DE SALUD PUCUNCHO";"NE_0001";"";"NE_0001";"NE_0001";"NE_0001";"NE_0001";"NE_0001";"NE_0001";"NE_0001"
"2023";"03";"040604";"AREQUIPA";"CONDESUYOS";"CHICHAS";"GOBIERNO REGIONAL";"I-2";"00001410";"PUESTO DE SALUD CHICHAS";"NE_0001";"";"NE_0001";"NE_0001";"NE_0001";"NE_0001";"NE_0001";"NE_0001";"NE_0001"
"2023";"03";"040604";"AREQUIPA";"CONDESUYOS";"CHICHAS";"GOBIERNO REGIONAL";"I-2";"00001411";"PUESTO DE SALUD YACHANGUILLO";"NE_0001";"";"NE_0001";"NE_0001";"NE_0001";"NE_0001";"NE_0001";"NE_0001";"NE_0001"
"2023";"03";"040604";"AREQUIPA";"CONDESUYOS";"CHICHAS";"GOBIERNO REGIONAL";"I-1";"00001416";"YANQUE";"NE_0001";"";"NE_0001";"NE_0001";"NE_0001";"NE_0001";"NE_0001";"NE_0001";"NE_0001"
"2023";"03";"040607";"AREQUIPA";"CONDESUYOS";"SALAMANCA";"GOBIERNO REGIONAL";"I-2";"00001412";"PUESTO DE SALUD SALAMANCA";"NE_0001";"";"NE_0001";"NE_0001";"NE_0001";"NE_0001";"NE_0001";"NE_0001";"NE_0001"
"2023";"03";"040601";"AREQUIPA";"CONDESUYOS";"CHUQUIBAMBA";"GOBIERNO REGIONAL";"I-4";"00001388";"CENTRO DE SALUD CHUQUIBAMBA";"NE_0002";"";"NE_0002";"NE_0002";"NE_0002";"NE_0002";"NE_0002";"NE_0002";"NE_0002"
"2023";"03";"040608";"AREQUIPA";"CONDESUYOS";"YANAQUIHUA";"GOBIERNO REGIONAL";"I-3";"00001389";"CENTRO DE SALUD YANAQUIHUA";"NE_0001";"";"NE_0001";"NE_0001";"NE_0001";"NE_0001";"NE_0001";"NE_0001";"NE_0001"
"2023";"03";"040602";"AREQUIPA";"CONDESUYOS";"ANDARAY";"GOBIERNO REGIONAL";"I-2";"00001415";"PUESTO DE SALUD ANDARAY";"NE_0001";"";"NE_0001";"NE_0001";"NE_0001";"NE_0001";"NE_0001";"NE_0001";"NE_0001"
"2023";"04";"150122";"LIMA";"LIMA";"MIRAFLORES";"PRIVADO";"II-E";"00019671";"CLINICA RENACER";"NE_0002";"";"NE_0002";"NE_0002";"NE_0002";"NE_0002";"NE_0002";"NE_0002";"NE_0002"
"2023";"04";"040504";"AREQUIPA";"CAYLLOMA";"CALLALLI";"GOBIERNO REGIONAL";"I-2";"00001437";"PUESTO DE SALUD CHALHUANCA";"NE_0001";"";"NE_0001";"NE_0001";"NE_0001";"NE_0001";"NE_0001";"NE_0001";"NE_0001"
"2023";"04";"040517";"AREQUIPA";"CAYLLOMA";"TISCO";"GOBIERNO REGIONAL";"I-2";"00006891";"PUESTO DE SALUD TARUCAMARCA";"NE_0001";"";"NE_0001";"NE_0001";"NE_0001";"NE_0001";"NE_0001";"NE_0001";"NE_0001"
"2023";"04";"040515";"AREQUIPA";"CAYLLOMA";"SIBAYO";"GOBIERNO REGIONAL";"I-2";"00001435";"PUESTO DE SALUD SANTA ROSA DE SIBAYO";"NE_0001";"";"NE_0001";"NE_0001";"NE_0001";"NE_0001";"NE_0001";"NE_0001";"NE_0001"
"2023";"04";"040518";"AREQUIPA";"CAYLLOMA";"TUTI";"GOBIERNO REGIONAL";"I-2";"00001436";"PUESTO DE SALUD TUTI";"NE_0001";"";"NE_0001";"NE_0001";"NE_0001";"NE_0001";"NE_0001";"NE_0001";"NE_0001"
"2023";"04";"040517";"AREQUIPA";"CAYLLOMA";"TISCO";"GOBIERNO REGIONAL";"I-2";"00001438";"PUESTO DE SALUD TISCO";"NE_0001";"";"NE_0001";"NE_0001";"NE_0001";"NE_0001";"NE_0001";"NE_0001";"NE_0001"
"2023";"04";"040517";"AREQUIPA";"CAYLLOMA";"TISCO";"GOBIERNO REGIONAL";"I-2";"00001431";"PUESTO DE SALUD COTACOTA";"NE_0001";"";"NE_0001";"NE_0001";"NE_0001";"NE_0001";"NE_0001";"NE_0001";"NE_0001"
"2023";"04";"040504";"AREQUIPA";"CAYLLOMA";"CALLALLI";"GOBIERNO REGIONAL";"I-3";"00001421";"CENTRO DE SALUD CALLALLI";"NE_0001";"";"NE_0001";"NE_0001";"NE_0001";"NE_0001";"NE_0001";"NE_0001";"NE_0001"
"2023";"04";"140101";"LAMBAYEQUE";"CHICLAYO";"CHICLAYO";"SANIDAD DE LA POLICIA NACIONAL DEL PERU";"I-4";"00011833";"HOSPITAL REGIONAL POLICIAL CHICLAYO";"241600";"HOSPITALIZACIÓN QUIRÚRGICA OBSTETRICIA   ";"4";"4";"6";"6";"3";"90";"0"
"2023";"04";"130907";"LA LIBERTAD";"SANCHEZ CARRION";"SARIN";"GOBIERNO REGIONAL";"I-2";"00011627";"CERPAQUINO";"NE_0001";"";"NE_0001";"NE_0001";"NE_0001";"NE_0001";"NE_0001";"NE_0001";"NE_0001"
"2023";"04";"130907";"LA LIBERTAD";"SANCHEZ CARRION";"SARIN";"GOBIERNO REGIONAL";"I-2";"00005361";"SARIN";"NE_0001";"";"NE_0001";"NE_0001";"NE_0001";"NE_0001";"NE_0001";"NE_0001";"NE_0001"
"2023";"04";"130907";"LA LIBERTAD";"SANCHEZ CARRION";"SARIN";"GOBIERNO REGIONAL";"I-2";"00011624";"MUNMALCA";"NE_0001";"";"NE_0001";"NE_0001";"NE_0001";"NE_0001";"NE_0001";"NE_0001";"NE_0001"
"2023";"04";"130907";"LA LIBERTAD";"SANCHEZ CARRION";"SARIN";"GOBIERNO REGIONAL";"I-2";"00011628";"SHIRACORRAL";"NE_0001";"";"NE_0001";"NE_0001";"NE_0001";"NE_0001";"NE_0001";"NE_0001";"NE_0001"
"2023";"04";"130907";"LA LIBERTAD";"SANCHEZ CARRION";"SARIN";"GOBIERNO REGIONAL";"I-2";"00005362";"OROGOLDAY";"NE_0001";"";"NE_0001";"NE_0001";"NE_0001";"NE_0001";"NE_0001";"NE_0001";"NE_0001"
"2023";"04";"150122";"LIMA";"LIMA";"MIRAFLORES";"PRIVADO";"II-E";"00024924";"CLÍNICA CORPORACIÓN DE CIRUJANOS PLÁSTICOS";"NE_0002";"";"NE_0002";"NE_0002";"NE_0002";"NE_0002";"NE_0002";"NE_0002";"NE_0002"
"2023";"04";"140101";"LAMBAYEQUE";"CHICLAYO";"CHICLAYO";"SANIDAD DE LA POLICIA NACIONAL DEL PERU";"I-4";"00011833";"HOSPITAL REGIONAL POLICIAL CHICLAYO";"241800";"HOSPITALIZACIÓN DE MEDICINA MEDICINA GENERAL ";"51";"52";"219";"204";"16";"480";"0"
"2023";"04";"220501";"SAN MARTIN";"LAMAS";"LAMAS";"GOBIERNO REGIONAL";"II-E";"00006352";"HOSPITAL II-E LAMAS";"241600";"HOSPITALIZACIÓN QUIRÚRGICA OBSTETRICIA   ";"14";"14";"20";"20";"6";"180";"0"
"2023";"04";"220501";"SAN MARTIN";"LAMAS";"LAMAS";"GOBIERNO REGIONAL";"II-E";"00006352";"HOSPITAL II-E LAMAS";"241800";"HOSPITALIZACIÓN DE MEDICINA MEDICINA GENERAL ";"47";"51";"182";"182";"14";"480";"3"
"2023";"04";"021601";"ANCASH";"POMABAMBA";"POMABAMBA";"GOBIERNO REGIONAL";"II-1";"00001765";"HOSPITAL DE APOYO DE POMABAMBA ""ANTONIO CALDAS DOMINGUEZ""";"240100";"HOSPITALIZACIÓN QUIRÚRGICA CIRUGÍA GENERAL ";"21";"21";"49";"49";"4";"120";"0"
"2023";"04";"021601";"ANCASH";"POMABAMBA";"POMABAMBA";"GOBIERNO REGIONAL";"II-1";"00001765";"HOSPITAL DE APOYO DE POMABAMBA ""ANTONIO CALDAS DOMINGUEZ""";"241500";"HOSPITALIZACIÓN QUIRÚRGICA GINECOLOGÍA  ";"12";"12";"22";"22";"2";"60";"0"
"2023";"04";"021601";"ANCASH";"POMABAMBA";"POMABAMBA";"GOBIERNO REGIONAL";"II-1";"00001765";"HOSPITAL DE APOYO DE POMABAMBA ""ANTONIO CALDAS DOMINGUEZ""";"241600";"HOSPITALIZACIÓN QUIRÚRGICA OBSTETRICIA   ";"29";"29";"85";"85";"3";"90";"0"
"2023";"04";"021601";"ANCASH";"POMABAMBA";"POMABAMBA";"GOBIERNO REGIONAL";"II-1";"00001765";"HOSPITAL DE APOYO DE POMABAMBA ""ANTONIO CALDAS DOMINGUEZ""";"241800";"HOSPITALIZACIÓN DE MEDICINA MEDICINA GENERAL ";"18";"18";"93";"93";"14";"420";"1"
"2023";"04";"021601";"ANCASH";"POMABAMBA";"POMABAMBA";"GOBIERNO REGIONAL";"II-1";"00001765";"HOSPITAL DE APOYO DE POMABAMBA ""ANTONIO CALDAS DOMINGUEZ""";"242500";"HOSPITALIZACIÓN-PEDIATRÍA GENERAL-";"10";"10";"29";"29";"7";"210";"0"
"2023";"04";"061201";"CAJAMARCA";"SAN PABLO";"SAN PABLO";"GOBIERNO REGIONAL";"I-1";"00004586";"JANCOS";"NE_0001";"";"NE_0001";"NE_0001";"NE_0001";"NE_0001";"NE_0001";"NE_0001";"NE_0001"
"2023";"04";"061201";"CAJAMARCA";"SAN PABLO";"SAN PABLO";"GOBIERNO REGIONAL";"I-1";"00004611";"EL PATIÑO";"NE_0001";"";"NE_0001";"NE_0001";"NE_0001";"NE_0001";"NE_0001";"NE_0001";"NE_0001"
"2023";"04";"061204";"CAJAMARCA";"SAN PABLO";"TUMBADEN";"GOBIERNO REGIONAL";"I-2";"00004583";"TUMBADEN BAJO";"NE_0001";"";"NE_0001";"NE_0001";"NE_0001";"NE_0001";"NE_0001";"NE_0001";"NE_0001"
"2023";"04";"061201";"CAJAMARCA";"SAN PABLO";"SAN PABLO";"GOBIERNO REGIONAL";"I-2";"00004578";"CALLANCAS";"NE_0001";"";"NE_0001";"NE_0001";"NE_0001";"NE_0001";"NE_0001";"NE_0001";"NE_0001"
"2023";"04";"061201";"CAJAMARCA";"SAN PABLO";"SAN PABLO";"GOBIERNO REGIONAL";"I-2";"00004581";"SANTA ROSA DE UNANCA";"NE_0001";"";"NE_0001";"NE_0001";"NE_0001";"NE_0001";"NE_0001";"NE_0001";"NE_0001"
"2023";"04";"040108";"AREQUIPA";"AREQUIPA";"LA JOYA";"GOBIERNO REGIONAL";"I-2";"00001332";"PUESTO DE SALUD SAN CAMILO 6";"NE_0001";"";"NE_0001";"NE_0001";"NE_0001";"NE_0001";"NE_0001";"NE_0001";"NE_0001"
"2023";"04";"110101";"ICA";"ICA";"ICA";"GOBIERNO REGIONAL";"I-2";"00003375";"SENOR DE LUREN";"NE_0001";"";"NE_0001";"NE_0001";"NE_0001";"NE_0001";"NE_0001";"NE_0001";"NE_0001"
"2023";"04";"110101";"ICA";"ICA";"ICA";"GOBIERNO REGIONAL";"I-3";"00003360";"SAN JOAQUIN";"NE_0001";"";"NE_0001";"NE_0001";"NE_0001";"NE_0001";"NE_0001";"NE_0001";"NE_0001"
"2023";"04";"110101";"ICA";"ICA";"ICA";"GOBIERNO REGIONAL";"I-2";"00003376";"CACHICHE";"NE_0001";"";"NE_0001";"NE_0001";"NE_0001";"NE_0001";"NE_0001";"NE_0001";"NE_0001"
"2023";"04";"110101";"ICA";"ICA";"ICA";"GOBIERNO REGIONAL";"I-3";"00003361";"LA PALMA GRANDE";"NE_0002";"";"NE_0002";"NE_0002";"NE_0002";"NE_0002";"NE_0002";"NE_0002";"NE_0002"
"2023";"04";"110101";"ICA";"ICA";"ICA";"MINSA";"I-2";"00003377";"EL HUARANGO";"NE_0001";"";"NE_0001";"NE_0001";"NE_0001";"NE_0001";"NE_0001";"NE_0001";"NE_0001"
"2023";"04";"101002";"HUANUCO";"LAURICOCHA";"BAÑOS";"ESSALUD";"I-2";"00027081";"POSTA MÉDICA BAÑOS";"NE_0001";"";"NE_0001";"NE_0001";"NE_0001";"NE_0001";"NE_0001";"NE_0001";"NE_0001"
"2023";"04";"150131";"LIMA";"LIMA";"SAN ISIDRO";"PRIVADO";"II-E";"00017099";"OFTALMOLOGOS CONTRERAS  C.SCRL";"NE_0001";"";"NE_0001";"NE_0001";"NE_0001";"NE_0001";"NE_0001";"NE_0001";"NE_0001"
"2023";"05";"020804";"ANCASH";"CASMA";"YAUTAN";"GOBIERNO REGIONAL";"I-4";"00001728";"CENTRO DE SALUD YAUTAN";"NE_0001";"";"NE_0001";"NE_0001";"NE_0001";"NE_0001";"NE_0001";"NE_0001";"NE_0001"
"2023";"05";"021103";"ANCASH";"HUARMEY";"CULEBRAS";"GOBIERNO REGIONAL";"I-1";"00001745";"PUESTO DE SALUD MOLINO";"NE_0001";"";"NE_0001";"NE_0001";"NE_0001";"NE_0001";"NE_0001";"NE_0001";"NE_0001"
"2023";"05";"021104";"ANCASH";"HUARMEY";"HUAYAN";"GOBIERNO REGIONAL";"I-2";"00001752";"PUESTO DE SALUD HUAYAN";"NE_0001";"";"NE_0001";"NE_0001";"NE_0001";"NE_0001";"NE_0001";"NE_0001";"NE_0001"
"2023";"05";"020102";"ANCASH";"HUARAZ";"COCHABAMBA";"GOBIERNO REGIONAL";"I-1";"00001731";"PUESTO DE SALUD CHIPRE";"NE_0001";"";"NE_0001";"NE_0001";"NE_0001";"NE_0001";"NE_0001";"NE_0001";"NE_0001"
"2023";"05";"020103";"ANCASH";"HUARAZ";"COLCABAMBA";"GOBIERNO REGIONAL";"I-1";"00001733";"COLCABAMBA";"NE_0001";"";"NE_0001";"NE_0001";"NE_0001";"NE_0001";"NE_0001";"NE_0001";"NE_0001"
"2023";"05";"020802";"ANCASH";"CASMA";"BUENA VISTA ALTA";"GOBIERNO REGIONAL";"I-3";"00001723";"CENTRO DE SALUD BUENAVISTA";"NE_0001";"";"NE_0001";"NE_0001";"NE_0001";"NE_0001";"NE_0001";"NE_0001";"NE_0001"
"2023";"05";"020803";"ANCASH";"CASMA";"COMANDANTE NOEL";"GOBIERNO REGIONAL";"I-1";"00001726";"PUESTO DE SALUD COMANDANTE NOEL";"NE_0001";"";"NE_0001";"NE_0001";"NE_0001";"NE_0001";"NE_0001";"NE_0001";"NE_0001"
"2023";"05";"020110";"ANCASH";"HUARAZ";"PARIACOTO";"GOBIERNO REGIONAL";"I-1";"00001735";"PUESTO DE SALUD FORTALEZA";"NE_0001";"";"NE_0001";"NE_0001";"NE_0001";"NE_0001";"NE_0001";"NE_0001";"NE_0001"
"2023";"05";"021105";"ANCASH";"HUARMEY";"MALVAS";"GOBIERNO REGIONAL";"I-1";"00001801";"PUESTO DE SALUD SAN MIGUEL";"NE_0001";"";"NE_0001";"NE_0001";"NE_0001";"NE_0001";"NE_0001";"NE_0001";"NE_0001"
"2023";"05";"021809";"ANCASH";"SANTA";"NUEVO CHIMBOTE";"GOBIERNO REGIONAL";"I-2";"00001707";"PUESTO DE SALUD SATELITE";"NE_0001";"";"NE_0001";"NE_0001";"NE_0001";"NE_0001";"NE_0001";"NE_0001";"NE_0001"
"2023";"05";"020801";"ANCASH";"CASMA";"CASMA";"GOBIERNO REGIONAL";"I-1";"00001721";"PUESTO DE SALUD LA GRAMITA";"NE_0001";"";"NE_0001";"NE_0001";"NE_0001";"NE_0001";"NE_0001";"NE_0001";"NE_0001"
"2023";"05";"021101";"ANCASH";"HUARMEY";"HUARMEY";"GOBIERNO REGIONAL";"I-2";"00001742";"PUESTO DE SALUD PUERTO HUARMEY";"NE_0001";"";"NE_0001";"NE_0001";"NE_0001";"NE_0001";"NE_0001";"NE_0001";"NE_0001"
"2023";"05";"021105";"ANCASH";"HUARMEY";"MALVAS";"GOBIERNO REGIONAL";"I-1";"00001753";"PUESTO DE SALUD MALVAS";"NE_0001";"";"NE_0001";"NE_0001";"NE_0001";"NE_0001";"NE_0001";"NE_0001";"NE_0001"
"2023";"05";"020801";"ANCASH";"CASMA";"CASMA";"GOBIERNO REGIONAL";"I-1";"00001720";"PUESTO DE SALUD SAN RAFAEL";"NE_0001";"";"NE_0001";"NE_0001";"NE_0001";"NE_0001";"NE_0001";"NE_0001";"NE_0001"
"2023";"05";"090101";"HUANCAVELICA";"HUANCAVELICA";"HUANCAVELICA";"SANIDAD DE LA POLICIA NACIONAL DEL PERU";"I-2";"00009476";"POSTA  MEDICA  POLICIAL- HUANCAVELICA";"NE_0001";"";"NE_0001";"NE_0001";"NE_0001";"NE_0001";"NE_0001";"NE_0001";"NE_0001"
"2023";"05";"130101";"LA LIBERTAD";"TRUJILLO";"TRUJILLO";"SANIDAD DE LA POLICIA NACIONAL DEL PERU";"I-3";"00011154";"SANIDAD DE LA PNP - TRUJILLO";"NE_0001";"";"NE_0001";"NE_0001";"NE_0001";"NE_0001";"NE_0001";"NE_0001";"NE_0001"
"2023";"05";"150129";"LIMA";"LIMA";"SAN BARTOLO";"SANIDAD DE LA POLICIA NACIONAL DEL PERU";"I-2";"00019390";"POSTA MEDICA ETS. PNP. SAN BARTOLO";"NE_0001";"";"NE_0001";"NE_0001";"NE_0001";"NE_0001";"NE_0001";"NE_0001";"NE_0001"
"2023";"05";"220101";"SAN MARTIN";"MOYOBAMBA";"MOYOBAMBA";"SANIDAD DE LA POLICIA NACIONAL DEL PERU";"I-3";"00018077";"POLICLINICO PNP MOYOBAMBA";"NE_0001";"";"NE_0001";"NE_0001";"NE_0001";"NE_0001";"NE_0001";"NE_0001";"NE_0001"
"2023";"05";"051012";"AYACUCHO";"VICTOR FAJARDO";"VILCANCHOS";"GOBIERNO REGIONAL";"I-2";"00003628";"PUESTO DE SALUD VILCANCHOS";"NE_0001";"";"NE_0001";"NE_0001";"NE_0001";"NE_0001";"NE_0001";"NE_0001";"NE_0001"
"2023";"05";"060801";"CAJAMARCA";"JAEN";"JAEN";"SANIDAD DE LA POLICIA NACIONAL DEL PERU";"I-3";"00018950";"POLICLINICO POLICIAL JAEN";"NE_0001";"";"NE_0001";"NE_0001";"NE_0001";"NE_0001";"NE_0001";"NE_0001";"NE_0001"
"2023";"05";"150125";"LIMA";"LIMA";"PUENTE PIEDRA";"SANIDAD DE LA POLICIA NACIONAL DEL PERU";"I-2";"00012923";"POSTA MEDICA POLICIAL ETS  ESCUELA PUENTE PIEDRA";"NE_0002";"";"NE_0002";"NE_0002";"NE_0002";"NE_0002";"NE_0002";"NE_0002";"NE_0002"
"2023";"05";"051008";"AYACUCHO";"VICTOR FAJARDO";"HUAMANQUIQUIA";"GOBIERNO REGIONAL";"I-2";"00003831";"PUESTO DE SALUD HUAMANQUIQUIA";"NE_0001";"";"NE_0001";"NE_0001";"NE_0001";"NE_0001";"NE_0001";"NE_0001";"NE_0001"
"2023";"05";"051108";"AYACUCHO";"VILCAS HUAMAN";"VISCHONGO";"GOBIERNO REGIONAL";"I-1";"00003840";"PUESTO DE SALUD UMARO";"NE_0001";"";"NE_0001";"NE_0001";"NE_0001";"NE_0001";"NE_0001";"NE_0001";"NE_0001"
"2023";"05";"051004";"AYACUCHO";"VICTOR FAJARDO";"ASQUIPATA";"GOBIERNO REGIONAL";"I-1";"00003821";"PUESTO DE SALUD ASQUIPATA";"NE_0001";"";"NE_0001";"NE_0001";"NE_0001";"NE_0001";"NE_0001";"NE_0001";"NE_0001"
"2023";"05";"051004";"AYACUCHO";"VICTOR FAJARDO";"ASQUIPATA";"GOBIERNO REGIONAL";"I-1";"00003823";"PUESTO DE SALUD MORCOLLA CHICO";"NE_0001";"";"NE_0001";"NE_0001";"NE_0001";"NE_0001";"NE_0001";"NE_0001";"NE_0001"
"2023";"05";"051008";"AYACUCHO";"VICTOR FAJARDO";"HUAMANQUIQUIA";"GOBIERNO REGIONAL";"I-1";"00003833";"PUESTO DE SALUD TINCA";"NE_0001";"";"NE_0001";"NE_0001";"NE_0001";"NE_0001";"NE_0001";"NE_0001";"NE_0001"
"2023";"03";"040514";"AREQUIPA";"CAYLLOMA";"SAN ANTONIO DE CHUCA";"GOBIERNO REGIONAL";"I-2";"00001242";"PUESTO DE SALUD IMATA";"NE_0002";"";"NE_0002";"NE_0002";"NE_0002";"NE_0002";"NE_0002";"NE_0002";"NE_0002"
"2023";"03";"040128";"AREQUIPA";"AREQUIPA";"YURA";"GOBIERNO REGIONAL";"I-3";"00001253";"CENTRO DE SALUD CIUDAD DE DIOS";"NE_0002";"";"NE_0002";"NE_0002";"NE_0002";"NE_0002";"NE_0002";"NE_0002";"NE_0002"
"2023";"03";"040511";"AREQUIPA";"CAYLLOMA";"LLUTA";"GOBIERNO REGIONAL";"I-2";"00001255";"PUESTO DE SALUD LLUTA";"NE_0002";"";"NE_0002";"NE_0002";"NE_0002";"NE_0002";"NE_0002";"NE_0002";"NE_0002"
"2023";"03";"040511";"AREQUIPA";"CAYLLOMA";"LLUTA";"GOBIERNO REGIONAL";"I-2";"00001256";"PUESTO DE SALUD TAYA";"NE_0002";"";"NE_0002";"NE_0002";"NE_0002";"NE_0002";"NE_0002";"NE_0002";"NE_0002"
"2023";"03";"040126";"AREQUIPA";"AREQUIPA";"YANAHUARA";"GOBIERNO REGIONAL";"I-1";"00001241";"PUESTO DE SALUD SUMBAY - CHASQUIPAMPA";"NE_0002";"";"NE_0002";"NE_0002";"NE_0002";"NE_0002";"NE_0002";"NE_0002";"NE_0002"
"2023";"03";"040514";"AREQUIPA";"CAYLLOMA";"SAN ANTONIO DE CHUCA";"GOBIERNO REGIONAL";"I-1";"00001243";"PUESTO DE SALUD PILLONES";"NE_0002";"";"NE_0002";"NE_0002";"NE_0002";"NE_0002";"NE_0002";"NE_0002";"NE_0002"
"2023";"03";"040128";"AREQUIPA";"AREQUIPA";"YURA";"GOBIERNO REGIONAL";"I-2";"00001254";"PUESTO DE SALUD YURA";"NE_0002";"";"NE_0002";"NE_0002";"NE_0002";"NE_0002";"NE_0002";"NE_0002";"NE_0002"
"2023";"03";"040508";"AREQUIPA";"CAYLLOMA";"HUANCA";"GOBIERNO REGIONAL";"I-2";"00001239";"PUESTO DE SALUD HUANCA";"NE_0002";"";"NE_0002";"NE_0002";"NE_0002";"NE_0002";"NE_0002";"NE_0002";"NE_0002"
"2023";"03";"010101";"AMAZONAS";"CHACHAPOYAS";"CHACHAPOYAS";"ESSALUD";"II-1";"00009066";"HOSPITAL HIGOS URCO";"241800";"HOSPITALIZACIÓN DE MEDICINA MEDICINA GENERAL ";"21";"15";"103";"110";"4";"124";"1"
"2023";"03";"010101";"AMAZONAS";"CHACHAPOYAS";"CHACHAPOYAS";"ESSALUD";"II-1";"00009066";"HOSPITAL HIGOS URCO";"240100";"HOSPITALIZACIÓN QUIRÚRGICA CIRUGÍA GENERAL ";"28";"34";"125";"105";"4";"124";"0"
"2023";"03";"010101";"AMAZONAS";"CHACHAPOYAS";"CHACHAPOYAS";"ESSALUD";"II-1";"00009066";"HOSPITAL HIGOS URCO";"245400";"HOSPITALIZACIÓN DE MEDICINA GINECOLOGIA ";"43";"48";"127";"123";"5";"155";"0"
"2023";"03";"010101";"AMAZONAS";"CHACHAPOYAS";"CHACHAPOYAS";"ESSALUD";"II-1";"00009066";"HOSPITAL HIGOS URCO";"242300";"HOSPITALIZACIÓN DE PEDIATRÍA  PEDIATRÍA  GENERAL ";"24";"23";"60";"62";"3";"93";"0"
"2023";"04";"220801";"SAN MARTIN";"RIOJA";"RIOJA";"GOBIERNO REGIONAL";"I-1";"00006273";"PUESTO DE SALUD TAMBO";"NE_0002";"";"NE_0002";"NE_0002";"NE_0002";"NE_0002";"NE_0002";"NE_0002";"NE_0002"
"2023";"04";"220801";"SAN MARTIN";"RIOJA";"RIOJA";"GOBIERNO REGIONAL";"I-1";"00006708";"PUESTO DE SALUD PERLA DE CASCAYUNGA";"NE_0002";"";"NE_0002";"NE_0002";"NE_0002";"NE_0002";"NE_0002";"NE_0002";"NE_0002"
"2023";"04";"200101";"PIURA";"PIURA";"PIURA";"PRIVADO";"II-E";"00027459";"CLINICA MEDICA SANTA EMILIA";"244300";"HOSPITALIZACIÓN DE MEDICINA GASTROENTEROLOGÍA  ";"5";"5";"11";"11";"7";"175";"0"
"2023";"04";"200101";"PIURA";"PIURA";"PIURA";"PRIVADO";"II-E";"00027459";"CLINICA MEDICA SANTA EMILIA";"241900";"HOSPITALIZACIÓN DE MEDICINA MEDICINA INTERNA ";"1";"1";"2";"2";"7";"228";"0"
"2023";"04";"200101";"PIURA";"PIURA";"PIURA";"PRIVADO";"II-E";"00027459";"CLINICA MEDICA SANTA EMILIA";"244000";"HOSPITALIZACIÓN DE MEDICINA CARDIOLOGIA ";"1";"1";"8";"8";"7";"222";"0"
"2023";"04";"200101";"PIURA";"PIURA";"PIURA";"PRIVADO";"II-E";"00027459";"CLINICA MEDICA SANTA EMILIA";"241800";"HOSPITALIZACIÓN DE MEDICINA MEDICINA GENERAL ";"4";"4";"11";"11";"7";"175";"0"
"2023";"04";"200101";"PIURA";"PIURA";"PIURA";"PRIVADO";"II-E";"00027459";"CLINICA MEDICA SANTA EMILIA";"245300";"HOSPITALIZACIÓN DE MEDICINA NEUMOLOGÍA  ";"1";"1";"1";"1";"7";"229";"0"
"2023";"04";"200101";"PIURA";"PIURA";"PIURA";"PRIVADO";"II-E";"00027459";"CLINICA MEDICA SANTA EMILIA";"242000";"HOSPITALIZACIÓN DE MEDICINA MEDICINA TROPICAL E INFECCIOSAS ";"1";"1";"2";"2";"7";"228";"0"
"2023";"04";"220801";"SAN MARTIN";"RIOJA";"RIOJA";"GOBIERNO REGIONAL";"I-1";"00006280";"PUESTO DE SALUD PORVENIR";"NE_0002";"";"NE_0002";"NE_0002";"NE_0002";"NE_0002";"NE_0002";"NE_0002";"NE_0002"
"2023";"04";"220806";"SAN MARTIN";"RIOJA";"POSIC";"GOBIERNO REGIONAL";"I-1";"00006274";"PUESTO DE SALUD POSIC";"NE_0002";"";"NE_0002";"NE_0002";"NE_0002";"NE_0002";"NE_0002";"NE_0002";"NE_0002"
"2023";"04";"220808";"SAN MARTIN";"RIOJA";"YORONGOS";"GOBIERNO REGIONAL";"I-3";"00006275";"PUESTO DE SALUD YORONGOS";"NE_0002";"";"NE_0002";"NE_0002";"NE_0002";"NE_0002";"NE_0002";"NE_0002";"NE_0002"
"2023";"05";"120301";"JUNIN";"CHANCHAMAYO";"CHANCHAMAYO";"SANIDAD DE LA POLICIA NACIONAL DEL PERU";"I-2";"00011913";"POSTA MEDICA POLICIAL LA MERCED";"NE_0001";"";"NE_0001";"NE_0001";"NE_0001";"NE_0001";"NE_0001";"NE_0001";"NE_0001"
"2023";"05";"150509";"LIMA";"CAÑETE";"MALA";"ESSALUD";"I-3";"00010569";"CENTRO MEDICO MALA";"NE_0001";"";"NE_0001";"NE_0001";"NE_0001";"NE_0001";"NE_0001";"NE_0001";"NE_0001"
"2023";"05";"060612";"CAJAMARCA";"CUTERVO";"SANTO DOMINGO DE LA CAPILLA";"GOBIERNO REGIONAL";"I-1";"00005003";"MIRAFLORES";"NE_0001";"";"NE_0001";"NE_0001";"NE_0001";"NE_0001";"NE_0001";"NE_0001";"NE_0001"
"2023";"05";"060612";"CAJAMARCA";"CUTERVO";"SANTO DOMINGO DE LA CAPILLA";"GOBIERNO REGIONAL";"I-1";"00006863";"NARANJOS";"NE_0001";"";"NE_0001";"NE_0001";"NE_0001";"NE_0001";"NE_0001";"NE_0001";"NE_0001"
"2023";"05";"060612";"CAJAMARCA";"CUTERVO";"SANTO DOMINGO DE LA CAPILLA";"GOBIERNO REGIONAL";"I-1";"00006864";"NARANJOYACU";"NE_0001";"";"NE_0001";"NE_0001";"NE_0001";"NE_0001";"NE_0001";"NE_0001";"NE_0001"
"2023";"05";"060612";"CAJAMARCA";"CUTERVO";"SANTO DOMINGO DE LA CAPILLA";"GOBIERNO REGIONAL";"I-1";"00008924";"NUEVO ORIENTE DE LA CAPILLA";"NE_0001";"";"NE_0001";"NE_0001";"NE_0001";"NE_0001";"NE_0001";"NE_0001";"NE_0001"
"2023";"05";"120704";"JUNIN";"TARMA";"HUASAHUASI";"GOBIERNO REGIONAL";"I-1";"00000547";"CHIRAS";"NE_0001";"";"NE_0001";"NE_0001";"NE_0001";"NE_0001";"NE_0001";"NE_0001";"NE_0001"
"2023";"05";"080108";"CUSCO";"CUSCO";"WANCHAQ";"PRIVADO";"II-2";"00012161";"MACSALUD";"250103";"UNIDAD DE CUIDADOS CRITICOS UNIDAD  DE CUIDADOS INTENSIVOS GENERALES  (UCI) MEDICINA";"11";"8";"88";"107";"6";"180";"0"
"2023";"05";"080108";"CUSCO";"CUSCO";"WANCHAQ";"PRIVADO";"II-2";"00012161";"MACSALUD";"241800";"HOSPITALIZACIÓN DE MEDICINA MEDICINA GENERAL ";"84";"72";"225";"284";"15";"450";"3"
"2023";"05";"040109";"AREQUIPA";"AREQUIPA";"MARIANO MELGAR";"GOBIERNO REGIONAL";"I-2";"00001308";"PUESTO DE SALUD ATALAYA";"NE_0001";"";"NE_0001";"NE_0001";"NE_0001";"NE_0001";"NE_0001";"NE_0001";"NE_0001"
"2023";"05";"040109";"AREQUIPA";"AREQUIPA";"MARIANO MELGAR";"GOBIERNO REGIONAL";"I-2";"00001308";"PUESTO DE SALUD ATALAYA";"NE_0001";"";"NE_0001";"NE_0001";"NE_0001";"NE_0001";"NE_0001";"NE_0001";"NE_0001"
"2023";"05";"120418";"JUNIN";"JAUJA";"MOLINOS";"GOBIERNO REGIONAL";"I-2";"00000397";"MOLINOS";"NE_0001";"";"NE_0001";"NE_0001";"NE_0001";"NE_0001";"NE_0001";"NE_0001";"NE_0001"
"2023";"05";"120602";"JUNIN";"SATIPO";"COVIRIALI";"GOBIERNO REGIONAL";"I-1";"00000488";"SAN ANDRES";"NE_0001";"";"NE_0001";"NE_0001";"NE_0001";"NE_0001";"NE_0001";"NE_0001";"NE_0001"
"2023";"05";"080108";"CUSCO";"CUSCO";"WANCHAQ";"PRIVADO";"II-2";"00012161";"MACSALUD";"240100";"HOSPITALIZACIÓN QUIRÚRGICA CIRUGÍA GENERAL ";"135";"120";"285";"372";"15";"450";"0"
"2023";"05";"080108";"CUSCO";"CUSCO";"WANCHAQ";"PRIVADO";"II-2";"00012161";"MACSALUD";"241400";"HOSPITALIZACIÓN QUIRÚRGICA GINECO - OBSTETRICIA ";"67";"60";"91";"179";"8";"240";"0"
"2023";"05";"040101";"AREQUIPA";"AREQUIPA";"AREQUIPA";"PRIVADO";"II-E";"00017588";"MELO CLINICA DE FERTILIDAD, GINECOLOGIA Y OBSTETRICIA";"241400";"HOSPITALIZACIÓN QUIRÚRGICA GINECO - OBSTETRICIA ";"12";"12";"12";"12";"4";"120";"0"
"2023";"05";"150121";"LIMA";"LIMA";"PUEBLO LIBRE";"PRIVADO";"II-E";"00021096";"CLINICA ESPECIALIZADA EN CIRUGÍA PLÁSTICA SAN AGUSTIN";"NE_0001";"";"NE_0001";"NE_0001";"NE_0001";"NE_0001";"NE_0001";"NE_0001";"NE_0001"
"2023";"05";"130101";"LA LIBERTAD";"TRUJILLO";"TRUJILLO";"GOBIERNO REGIONAL";"III-1";"00005195";"HOSPITAL BELEN DE TRUJILLO";"244000";"HOSPITALIZACIÓN DE MEDICINA CARDIOLOGIA ";"5";"14";"193";"198";"7";"217";"2"
"2023";"05";"130101";"LA LIBERTAD";"TRUJILLO";"TRUJILLO";"GOBIERNO REGIONAL";"III-1";"00005195";"HOSPITAL BELEN DE TRUJILLO";"244300";"HOSPITALIZACIÓN DE MEDICINA GASTROENTEROLOGÍA  ";"10";"15";"231";"236";"8";"248";"2"
"2023";"05";"130101";"LA LIBERTAD";"TRUJILLO";"TRUJILLO";"GOBIERNO REGIONAL";"III-1";"00005195";"HOSPITAL BELEN DE TRUJILLO";"241900";"HOSPITALIZACIÓN DE MEDICINA MEDICINA INTERNA ";"66";"82";"1241";"818";"27";"837";"14"
"2023";"05";"130101";"LA LIBERTAD";"TRUJILLO";"TRUJILLO";"GOBIERNO REGIONAL";"III-1";"00005195";"HOSPITAL BELEN DE TRUJILLO";"245300";"HOSPITALIZACIÓN DE MEDICINA NEUMOLOGÍA  ";"5";"15";"292";"300";"15";"465";"2"
"2023";"05";"070101";"CALLAO";"CALLAO";"CALLAO";"GOBIERNO REGIONAL";"I-4";"00006228";"CENTRO DE SALUD NESTOR GAMBETTA";"241400";"HOSPITALIZACIÓN QUIRÚRGICA GINECO - OBSTETRICIA ";"10";"9";"9";"93";"12";"372";"0"
"2023";"05";"070101";"CALLAO";"CALLAO";"CALLAO";"GOBIERNO REGIONAL";"I-2";"00006231";"PUESTO DE SALUD RAMON CASTILLA";"NE_0001";"";"NE_0001";"NE_0001";"NE_0001";"NE_0001";"NE_0001";"NE_0001";"NE_0001"
"2023";"05";"110301";"ICA";"NAZCA";"NAZCA";"GOBIERNO REGIONAL";"II-1";"00003443";"RICARDO CRUZADO RIVAROLA DE NASCA";"240100";"HOSPITALIZACIÓN QUIRÚRGICA CIRUGÍA GENERAL ";"54";"54";"162";"344";"11";"341";"0"
"2023";"05";"110301";"ICA";"NAZCA";"NAZCA";"GOBIERNO REGIONAL";"II-1";"00003443";"RICARDO CRUZADO RIVAROLA DE NASCA";"241500";"HOSPITALIZACIÓN QUIRÚRGICA GINECOLOGÍA  ";"48";"47";"106";"124";"4";"124";"0"
"2023";"05";"110301";"ICA";"NAZCA";"NAZCA";"GOBIERNO REGIONAL";"II-1";"00003443";"RICARDO CRUZADO RIVAROLA DE NASCA";"241600";"HOSPITALIZACIÓN QUIRÚRGICA OBSTETRICIA   ";"108";"112";"212";"434";"14";"434";"0"
"2023";"05";"110301";"ICA";"NAZCA";"NAZCA";"GOBIERNO REGIONAL";"II-1";"00003443";"RICARDO CRUZADO RIVAROLA DE NASCA";"241800";"HOSPITALIZACIÓN DE MEDICINA MEDICINA GENERAL ";"97";"89";"355";"586";"19";"589";"5"
"2023";"05";"110301";"ICA";"NAZCA";"NAZCA";"GOBIERNO REGIONAL";"II-1";"00003443";"RICARDO CRUZADO RIVAROLA DE NASCA";"242500";"HOSPITALIZACIÓN-PEDIATRÍA GENERAL-";"76";"70";"207";"366";"15";"465";"1"
"2023";"05";"130101";"LA LIBERTAD";"TRUJILLO";"TRUJILLO";"GOBIERNO REGIONAL";"III-1";"00005195";"HOSPITAL BELEN DE TRUJILLO";"244700";"HOSPITALIZACIÓN DE MEDICINA NEUROLOGIA  ";"8";"19";"225";"235";"10";"310";"2"
"2023";"05";"130101";"LA LIBERTAD";"TRUJILLO";"TRUJILLO";"GOBIERNO REGIONAL";"III-1";"00005195";"HOSPITAL BELEN DE TRUJILLO";"242100";"HOSPITALIZACIÓN DE MEDICINA ONCOLOGÍA MÉDICA ";"1";"8";"135";"89";"4";"124";"2"
"2023";"05";"130101";"LA LIBERTAD";"TRUJILLO";"TRUJILLO";"GOBIERNO REGIONAL";"III-1";"00005195";"HOSPITAL BELEN DE TRUJILLO";"240800";"HOSPITALIZACIÓN QUIRÚRGICA CIRUGÍA PLÁSTICA/RECONSTRUCTIVA/ REPARADORA ";"5";"10";"96";"105";"6";"186";"0"
"2023";"05";"130101";"LA LIBERTAD";"TRUJILLO";"TRUJILLO";"GOBIERNO REGIONAL";"III-1";"00005195";"HOSPITAL BELEN DE TRUJILLO";"240400";"HOSPITALIZACIÓN QUIRÚRGICA CIRUGÍA DE TÓRAX Y CARDIOVASCULAR ";"5";"10";"107";"109";"4";"124";"0"
"2023";"05";"130101";"LA LIBERTAD";"TRUJILLO";"TRUJILLO";"GOBIERNO REGIONAL";"III-1";"00005195";"HOSPITAL BELEN DE TRUJILLO";"240100";"HOSPITALIZACIÓN QUIRÚRGICA CIRUGÍA GENERAL ";"142";"119";"742";"784";"34";"1054";"4"
"2023";"05";"130101";"LA LIBERTAD";"TRUJILLO";"TRUJILLO";"GOBIERNO REGIONAL";"III-1";"00005195";"HOSPITAL BELEN DE TRUJILLO";"241000";"HOSPITALIZACIÓN QUIRÚRGICA ONCOLOGÍA QUIRÚRGICA  ";"6";"6";"14";"15";"2";"62";"0"
"2023";"05";"130101";"LA LIBERTAD";"TRUJILLO";"TRUJILLO";"GOBIERNO REGIONAL";"III-1";"00005195";"HOSPITAL BELEN DE TRUJILLO";"240700";"HOSPITALIZACIÓN QUIRÚRGICA CIRUGÍA PEDIÁTRICA ";"10";"22";"117";"121";"8";"248";"0"
"2023";"05";"130101";"LA LIBERTAD";"TRUJILLO";"TRUJILLO";"GOBIERNO REGIONAL";"III-1";"00005195";"HOSPITAL BELEN DE TRUJILLO";"240900";"HOSPITALIZACIÓN QUIRÚRGICA NEUROCIRUGÍA ";"16";"24";"264";"223";"8";"248";"1"
"2023";"05";"130101";"LA LIBERTAD";"TRUJILLO";"TRUJILLO";"GOBIERNO REGIONAL";"III-1";"00005195";"HOSPITAL BELEN DE TRUJILLO";"241100";"HOSPITALIZACIÓN QUIRÚRGICA OTORRINOLARINGOLOGÍA  ";"0";"1";"11";"12";"1";"31";"0"
"2023";"05";"130101";"LA LIBERTAD";"TRUJILLO";"TRUJILLO";"GOBIERNO REGIONAL";"III-1";"00005195";"HOSPITAL BELEN DE TRUJILLO";"241200";"HOSPITALIZACIÓN QUIRÚRGICA TRAUMATOLOGÍA Y ORTOPEDIA ";"59";"60";"456";"479";"16";"496";"1"
"2023";"05";"130101";"LA LIBERTAD";"TRUJILLO";"TRUJILLO";"GOBIERNO REGIONAL";"III-1";"00005195";"HOSPITAL BELEN DE TRUJILLO";"241300";"HOSPITALIZACIÓN QUIRÚRGICA UROLOGÍA  ";"19";"20";"112";"122";"4";"124";"0"
"2023";"05";"130101";"LA LIBERTAD";"TRUJILLO";"TRUJILLO";"GOBIERNO REGIONAL";"III-1";"00005195";"HOSPITAL BELEN DE TRUJILLO";"243200";"HOSPITALIZACIÓN DE PEDIATRÍA PEDIATRIA NEONATOLOGÍA";"48";"71";"834";"762";"30";"930";"1"
"2023";"05";"130101";"LA LIBERTAD";"TRUJILLO";"TRUJILLO";"GOBIERNO REGIONAL";"III-1";"00005195";"HOSPITAL BELEN DE TRUJILLO";"250105";"UNIDAD DE CUIDADOS CRITICOS UNIDAD  DE CUIDADOS INTENSIVOS  (UCI) NEONATOLOGÍA";"10";"3";"130";"353";"12";"372";"3"
"2023";"05";"130101";"LA LIBERTAD";"TRUJILLO";"TRUJILLO";"GOBIERNO REGIONAL";"III-1";"00005195";"HOSPITAL BELEN DE TRUJILLO";"242300";"HOSPITALIZACIÓN DE PEDIATRÍA  PEDIATRÍA  GENERAL ";"88";"88";"908";"476";"20";"620";"0"
"2023";"05";"130101";"LA LIBERTAD";"TRUJILLO";"TRUJILLO";"GOBIERNO REGIONAL";"III-1";"00005195";"HOSPITAL BELEN DE TRUJILLO";"250108";"UNIDAD DE CUIDADOS CRITICOS UNIDAD  DE CUIDADOS INTENSIVOS  (UCI) PEDIÁTRICA";"3";"1";"31";"90";"5";"155";"1"
"2023";"05";"130101";"LA LIBERTAD";"TRUJILLO";"TRUJILLO";"GOBIERNO REGIONAL";"III-1";"00005195";"HOSPITAL BELEN DE TRUJILLO";"241500";"HOSPITALIZACIÓN QUIRÚRGICA GINECOLOGÍA  ";"58";"51";"202";"227";"10";"310";"0"
"2023";"05";"130101";"LA LIBERTAD";"TRUJILLO";"TRUJILLO";"GOBIERNO REGIONAL";"III-1";"00005195";"HOSPITAL BELEN DE TRUJILLO";"241600";"HOSPITALIZACIÓN QUIRÚRGICA OBSTETRICIA   ";"244";"256";"920";"979";"44";"1364";"0"
"2023";"05";"130101";"LA LIBERTAD";"TRUJILLO";"TRUJILLO";"GOBIERNO REGIONAL";"III-1";"00005195";"HOSPITAL BELEN DE TRUJILLO";"250100";"UNIDAD DE CUIDADOS CRITICOS UNIDAD  DE CUIDADOS INTENSIVOS GENERALES (UCI) ";"1";"5";"164";"283";"10";"310";"5"
"2023";"05";"070106";"CALLAO";"CALLAO";"VENTANILLA";"GOBIERNO REGIONAL";"II-1";"00007126";"HOSPITAL DE VENTANILLA";"240100";"HOSPITALIZACIÓN QUIRÚRGICA CIRUGÍA GENERAL ";"101";"109";"332";"216";"17";"527";"0"
"2023";"05";"070106";"CALLAO";"CALLAO";"VENTANILLA";"GOBIERNO REGIONAL";"II-1";"00007126";"HOSPITAL DE VENTANILLA";"241500";"HOSPITALIZACIÓN QUIRÚRGICA GINECOLOGÍA  ";"44";"48";"99";"79";"9";"279";"0"
"2023";"05";"070106";"CALLAO";"CALLAO";"VENTANILLA";"GOBIERNO REGIONAL";"II-1";"00007126";"HOSPITAL DE VENTANILLA";"241600";"HOSPITALIZACIÓN QUIRÚRGICA OBSTETRICIA   ";"159";"166";"252";"233";"18";"558";"0"
"2023";"05";"070106";"CALLAO";"CALLAO";"VENTANILLA";"GOBIERNO REGIONAL";"II-1";"00007126";"HOSPITAL DE VENTANILLA";"241800";"HOSPITALIZACIÓN DE MEDICINA MEDICINA GENERAL ";"56";"68";"423";"251";"24";"744";"4"
"2023";"05";"070106";"CALLAO";"CALLAO";"VENTANILLA";"GOBIERNO REGIONAL";"II-1";"00007126";"HOSPITAL DE VENTANILLA";"242500";"HOSPITALIZACIÓN-PEDIATRÍA GENERAL-";"55";"65";"252";"137";"9";"279";"0"
"2023";"05";"070106";"CALLAO";"CALLAO";"VENTANILLA";"GOBIERNO REGIONAL";"II-1";"00007126";"HOSPITAL DE VENTANILLA";"243200";"HOSPITALIZACIÓN DE PEDIATRÍA PEDIATRIA NEONATOLOGÍA";"22";"23";"93";"60";"9";"279";"0"
"2023";"05";"070101";"CALLAO";"CALLAO";"CALLAO";"GOBIERNO REGIONAL";"0";"00031162";"HOGAR PROTEGIDO ACAPULCO";"NE_0001";"";"NE_0001";"NE_0001";"NE_0001";"NE_0001";"NE_0001";"NE_0001";"NE_0001"
"2023";"05";"070101";"CALLAO";"CALLAO";"CALLAO";"GOBIERNO REGIONAL";"I-2";"00020823";"CENTRO DE SALUD MENTAL COMUNITARIO SARITA COLONIA";"NE_0001";"";"NE_0001";"NE_0001";"NE_0001";"NE_0001";"NE_0001";"NE_0001";"NE_0001"
"2023";"05";"070101";"CALLAO";"CALLAO";"CALLAO";"GOBIERNO REGIONAL";"I-4";"00006230";"CENTRO DE SALUD ACAPULCO";"241400";"HOSPITALIZACIÓN QUIRÚRGICA GINECO - OBSTETRICIA ";"1";"1";"1";"31";"8";"248";"0"
"2023";"05";"070102";"CALLAO";"CALLAO";"BELLAVISTA";"GOBIERNO REGIONAL";"III-1";"00006218";"NAC. DANIEL A. CARRION";"250105";"UNIDAD DE CUIDADOS CRITICOS UNIDAD  DE CUIDADOS INTENSIVOS  (UCI) NEONATOLOGÍA";"21";"88";"750";"876";"37";"1147";"0"
"2023";"05";"070102";"CALLAO";"CALLAO";"BELLAVISTA";"GOBIERNO REGIONAL";"III-1";"00006218";"NAC. DANIEL A. CARRION";"242300";"HOSPITALIZACIÓN DE PEDIATRÍA  PEDIATRÍA  GENERAL ";"125";"135";"719";"669";"24";"743";"0"
"2023";"05";"070102";"CALLAO";"CALLAO";"BELLAVISTA";"GOBIERNO REGIONAL";"III-1";"00006218";"NAC. DANIEL A. CARRION";"241500";"HOSPITALIZACIÓN QUIRÚRGICA GINECOLOGÍA  ";"112";"183";"792";"703";"26";"794";"0"
"2023";"05";"070102";"CALLAO";"CALLAO";"BELLAVISTA";"GOBIERNO REGIONAL";"III-1";"00006218";"NAC. DANIEL A. CARRION";"241600";"HOSPITALIZACIÓN QUIRÚRGICA OBSTETRICIA   ";"23";"159";"402";"365";"15";"465";"0"
"2023";"05";"070102";"CALLAO";"CALLAO";"BELLAVISTA";"GOBIERNO REGIONAL";"III-1";"00006218";"NAC. DANIEL A. CARRION";"241400";"HOSPITALIZACIÓN QUIRÚRGICA GINECO - OBSTETRICIA ";"145";"41";"118";"332";"16";"496";"0"
"2023";"05";"070102";"CALLAO";"CALLAO";"BELLAVISTA";"GOBIERNO REGIONAL";"III-1";"00006218";"NAC. DANIEL A. CARRION";"250100";"UNIDAD DE CUIDADOS CRITICOS UNIDAD  DE CUIDADOS INTENSIVOS GENERALES (UCI) ";"14";"6";"58";"186";"6";"186";"5"
"2023";"04";"110211";"ICA";"CHINCHA";"TAMBO DE MORA";"ESSALUD";"I-2";"00012023";"TAMBO DE MORA";"NE_0001";"";"NE_0001";"NE_0001";"NE_0001";"NE_0001";"NE_0001";"NE_0001";"NE_0001"
"2023";"04";"060602";"CAJAMARCA";"CUTERVO";"CALLAYUC";"GOBIERNO REGIONAL";"I-1";"00007369";"CHONTAS";"NE_0001";"";"NE_0001";"NE_0001";"NE_0001";"NE_0001";"NE_0001";"NE_0001";"NE_0001"
"2023";"04";"060602";"CAJAMARCA";"CUTERVO";"CALLAYUC";"GOBIERNO REGIONAL";"I-1";"00004961";"SAN JOSE DE LIRIO";"NE_0001";"";"NE_0001";"NE_0001";"NE_0001";"NE_0001";"NE_0001";"NE_0001";"NE_0001"
"2023";"04";"060602";"CAJAMARCA";"CUTERVO";"CALLAYUC";"GOBIERNO REGIONAL";"I-1";"00006830";"FILADELFIA";"NE_0001";"";"NE_0001";"NE_0001";"NE_0001";"NE_0001";"NE_0001";"NE_0001";"NE_0001"
"2023";"04";"100101";"HUANUCO";"HUANUCO";"HUANUCO";"GOBIERNO REGIONAL";"II-2";"00000754";"HOSPITAL REGIONAL HERMILIO VALDIZAN";"242500";"HOSPITALIZACIÓN-PEDIATRÍA GENERAL-";"53";"73";"456";"73";"60";"110";"0"
"2023";"04";"100101";"HUANUCO";"HUANUCO";"HUANUCO";"GOBIERNO REGIONAL";"II-2";"00000754";"HOSPITAL REGIONAL HERMILIO VALDIZAN";"241900";"HOSPITALIZACIÓN DE MEDICINA MEDICINA INTERNA ";"80";"137";"30";"20";"40";"136";"5"
"2023";"04";"100101";"HUANUCO";"HUANUCO";"HUANUCO";"GOBIERNO REGIONAL";"II-2";"00000754";"HOSPITAL REGIONAL HERMILIO VALDIZAN";"240100";"HOSPITALIZACIÓN QUIRÚRGICA CIRUGÍA GENERAL ";"51";"117";"45";"30";"30";"110";"0"
"2023";"04";"100101";"HUANUCO";"HUANUCO";"HUANUCO";"GOBIERNO REGIONAL";"II-2";"00000754";"HOSPITAL REGIONAL HERMILIO VALDIZAN";"250100";"UNIDAD DE CUIDADOS CRITICOS UNIDAD  DE CUIDADOS INTENSIVOS GENERALES (UCI) ";"8";"10";"89";"10";"4";"93";"2"
"2023";"04";"100101";"HUANUCO";"HUANUCO";"HUANUCO";"GOBIERNO REGIONAL";"II-2";"00000754";"HOSPITAL REGIONAL HERMILIO VALDIZAN";"241400";"HOSPITALIZACIÓN QUIRÚRGICA GINECO - OBSTETRICIA ";"102";"143";"60";"63";"20";"125";"0"
"2023";"04";"100101";"HUANUCO";"HUANUCO";"HUANUCO";"GOBIERNO REGIONAL";"II-2";"00000754";"HOSPITAL REGIONAL HERMILIO VALDIZAN";"243200";"HOSPITALIZACIÓN DE PEDIATRÍA PEDIATRIA NEONATOLOGÍA";"52";"85";"60";"35";"23";"80";"0"
"2023";"04";"100101";"HUANUCO";"HUANUCO";"HUANUCO";"GOBIERNO REGIONAL";"II-2";"00000754";"HOSPITAL REGIONAL HERMILIO VALDIZAN";"241500";"HOSPITALIZACIÓN QUIRÚRGICA GINECOLOGÍA  ";"7";"12";"20";"12";"8";"82";"0"
"2023";"03";"120303";"JUNIN";"CHANCHAMAYO";"PICHANAQUI";"GOBIERNO REGIONAL";"I-2";"00000349";"BELEN DE ANAPIARI";"NE_0001";"";"NE_0001";"NE_0001";"NE_0001";"NE_0001";"NE_0001";"NE_0001";"NE_0001"
"2023";"03";"120303";"JUNIN";"CHANCHAMAYO";"PICHANAQUI";"GOBIERNO REGIONAL";"I-2";"00006711";"SAN FRANCISCO CENTRO KUVIRIANI";"NE_0001";"";"NE_0001";"NE_0001";"NE_0001";"NE_0001";"NE_0001";"NE_0001";"NE_0001"
"2023";"03";"120303";"JUNIN";"CHANCHAMAYO";"PICHANAQUI";"GOBIERNO REGIONAL";"I-3";"00000351";"HUACHIRIKI";"NE_0001";"";"NE_0001";"NE_0001";"NE_0001";"NE_0001";"NE_0001";"NE_0001";"NE_0001"
"2023";"03";"120303";"JUNIN";"CHANCHAMAYO";"PICHANAQUI";"GOBIERNO REGIONAL";"I-2";"00014383";"SAN JOSE DE ANAPIARI";"NE_0001";"";"NE_0001";"NE_0001";"NE_0001";"NE_0001";"NE_0001";"NE_0001";"NE_0001"
"2023";"03";"120303";"JUNIN";"CHANCHAMAYO";"PICHANAQUI";"GOBIERNO REGIONAL";"I-2";"00007371";"28 DE JULIO";"NE_0001";"";"NE_0001";"NE_0001";"NE_0001";"NE_0001";"NE_0001";"NE_0001";"NE_0001"
"2023";"03";"120303";"JUNIN";"CHANCHAMAYO";"PICHANAQUI";"GOBIERNO REGIONAL";"I-2";"00000346";"HUANTININI";"NE_0001";"";"NE_0001";"NE_0001";"NE_0001";"NE_0001";"NE_0001";"NE_0001";"NE_0001"
"2023";"03";"120303";"JUNIN";"CHANCHAMAYO";"PICHANAQUI";"GOBIERNO REGIONAL";"I-2";"00000348";"SAN JUAN CENTRO AUTIKI";"NE_0001";"";"NE_0001";"NE_0001";"NE_0001";"NE_0001";"NE_0001";"NE_0001";"NE_0001"
"2023";"03";"150108";"LIMA";"LIMA";"CHORRILLOS";"SANIDAD DEL EJERCITO DEL PERU";"II-E";"00010098";"HOSPITAL MILITAR GERIATRICO";"240000";"HOSPITALIZACIÓN";"48";"48";"346";"371";"15";"465";"0"
"2023";"03";"150131";"LIMA";"LIMA";"SAN ISIDRO";"PRIVADO";"II-1";"00009888";"CLINICA UNIPLAST S.A.C.";"240800";"HOSPITALIZACIÓN QUIRÚRGICA CIRUGÍA PLÁSTICA/RECONSTRUCTIVA/ REPARADORA ";"5";"5";"5";"5";"3";"93";"0"
"2023";"03";"160101";"LORETO";"MAYNAS";"IQUITOS";"MINSA";"II-2";"00000001";"HOSPITAL IQUITOS ""CESAR GARAYAR GARCÍA""";"241800";"HOSPITALIZACIÓN DE MEDICINA MEDICINA GENERAL ";"91";"91";"352";"325";"17";"442";"4"
"2023";"03";"160101";"LORETO";"MAYNAS";"IQUITOS";"MINSA";"II-2";"00000001";"HOSPITAL IQUITOS ""CESAR GARAYAR GARCÍA""";"240100";"HOSPITALIZACIÓN QUIRÚRGICA CIRUGÍA GENERAL ";"112";"112";"483";"433";"21";"546";"0"
"2023";"03";"160101";"LORETO";"MAYNAS";"IQUITOS";"MINSA";"II-2";"00000001";"HOSPITAL IQUITOS ""CESAR GARAYAR GARCÍA""";"242300";"HOSPITALIZACIÓN DE PEDIATRÍA  PEDIATRÍA  GENERAL ";"58";"58";"275";"218";"12";"312";"2"
"2023";"03";"160101";"LORETO";"MAYNAS";"IQUITOS";"MINSA";"II-2";"00000001";"HOSPITAL IQUITOS ""CESAR GARAYAR GARCÍA""";"241500";"HOSPITALIZACIÓN QUIRÚRGICA GINECOLOGÍA  ";"90";"90";"224";"108";"5";"130";"0"
"2023";"03";"160101";"LORETO";"MAYNAS";"IQUITOS";"MINSA";"II-2";"00000001";"HOSPITAL IQUITOS ""CESAR GARAYAR GARCÍA""";"241600";"HOSPITALIZACIÓN QUIRÚRGICA OBSTETRICIA   ";"322";"322";"653";"561";"26";"676";"0"
"2023";"03";"160101";"LORETO";"MAYNAS";"IQUITOS";"MINSA";"II-2";"00000001";"HOSPITAL IQUITOS ""CESAR GARAYAR GARCÍA""";"243200";"HOSPITALIZACIÓN DE PEDIATRÍA PEDIATRIA NEONATOLOGÍA";"50";"50";"307";"237";"14";"364";"4"
"2023";"05";"130502";"LA LIBERTAD";"JULCAN";"CALAMARCA";"GOBIERNO REGIONAL";"I-1";"00007248";"CHAZKA";"NE_0001";"";"NE_0001";"NE_0001";"NE_0001";"NE_0001";"NE_0001";"NE_0001";"NE_0001"
"2023";"05";"180106";"MOQUEGUA";"MARISCAL NIETO";"TORATA";"ESSALUD";"I-3";"00016151";"CENTRO DE ATENCION PRIMARIA II TORATA";"NE_0001";"";"NE_0001";"NE_0001";"NE_0001";"NE_0001";"NE_0001";"NE_0001";"NE_0001"
"2023";"05";"130502";"LA LIBERTAD";"JULCAN";"CALAMARCA";"GOBIERNO REGIONAL";"I-2";"00007247";"BARRO NEGRO";"NE_0001";"";"NE_0001";"NE_0001";"NE_0001";"NE_0001";"NE_0001";"NE_0001";"NE_0001"
"2023";"05";"130502";"LA LIBERTAD";"JULCAN";"CALAMARCA";"GOBIERNO REGIONAL";"I-4";"00005308";"CALAMARCA";"NE_0001";"";"NE_0001";"NE_0001";"NE_0001";"NE_0001";"NE_0001";"NE_0001";"NE_0001"
"2023";"05";"220604";"SAN MARTIN";"MARISCAL CACERES";"PACHIZA";"GOBIERNO REGIONAL";"I-1";"00006559";"SAN RAMON";"NE_0001";"";"NE_0001";"NE_0001";"NE_0001";"NE_0001";"NE_0001";"NE_0001";"NE_0001"
"2023";"05";"220605";"SAN MARTIN";"MARISCAL CACERES";"PAJARILLO";"GOBIERNO REGIONAL";"I-1";"00006560";"ARMAYARI";"NE_0001";"";"NE_0001";"NE_0001";"NE_0001";"NE_0001";"NE_0001";"NE_0001";"NE_0001"
"2023";"05";"220601";"SAN MARTIN";"MARISCAL CACERES";"JUANJUI";"GOBIERNO REGIONAL";"I-1";"00006553";"HUAYABAMBA";"NE_0001";"";"NE_0001";"NE_0001";"NE_0001";"NE_0001";"NE_0001";"NE_0001";"NE_0001"
"2023";"05";"220604";"SAN MARTIN";"MARISCAL CACERES";"PACHIZA";"GOBIERNO REGIONAL";"I-1";"00006558";"SAN JUAN DEL CAÑO";"NE_0001";"";"NE_0001";"NE_0001";"NE_0001";"NE_0001";"NE_0001";"NE_0001";"NE_0001"
"2023";"05";"220601";"SAN MARTIN";"MARISCAL CACERES";"JUANJUI";"GOBIERNO REGIONAL";"I-1";"00006549";"LA VICTORIA";"NE_0001";"";"NE_0001";"NE_0001";"NE_0001";"NE_0001";"NE_0001";"NE_0001";"NE_0001"
"2023";"05";"220601";"SAN MARTIN";"MARISCAL CACERES";"JUANJUI";"GOBIERNO REGIONAL";"I-1";"00006552";"HUINGUILLO";"NE_0001";"";"NE_0001";"NE_0001";"NE_0001";"NE_0001";"NE_0001";"NE_0001";"NE_0001"
"2023";"05";"220601";"SAN MARTIN";"MARISCAL CACERES";"JUANJUI";"GOBIERNO REGIONAL";"I-1";"00006554";"VILLA PRADO";"NE_0001";"";"NE_0001";"NE_0001";"NE_0001";"NE_0001";"NE_0001";"NE_0001";"NE_0001"
"2023";"05";"081007";"CUSCO";"PARURO";"PACCARITAMBO";"GOBIERNO REGIONAL";"I-2";"00002507";"PACCARECTAMBO";"NE_0002";"";"NE_0002";"NE_0002";"NE_0002";"NE_0002";"NE_0002";"NE_0002";"NE_0002"
"2023";"05";"081006";"CUSCO";"PARURO";"OMACHA";"GOBIERNO REGIONAL";"I-1";"00012924";"SAHUA SAHUA";"NE_0002";"";"NE_0002";"NE_0002";"NE_0002";"NE_0002";"NE_0002";"NE_0002";"NE_0002"
"2023";"05";"081006";"CUSCO";"PARURO";"OMACHA";"GOBIERNO REGIONAL";"I-2";"00002505";"OMACHA";"NE_0002";"";"NE_0002";"NE_0002";"NE_0002";"NE_0002";"NE_0002";"NE_0002";"NE_0002"
"2023";"05";"081009";"CUSCO";"PARURO";"YAURISQUE";"GOBIERNO REGIONAL";"I-3";"00002509";"YAURISQUE";"NE_0002";"";"NE_0002";"NE_0002";"NE_0002";"NE_0002";"NE_0002";"NE_0002";"NE_0002"
"2023";"05";"081002";"CUSCO";"PARURO";"ACCHA";"GOBIERNO REGIONAL";"I-3";"00002500";"ACCHA";"NE_0002";"";"NE_0002";"NE_0002";"NE_0002";"NE_0002";"NE_0002";"NE_0002";"NE_0002"
"2023";"05";"081004";"CUSCO";"PARURO";"COLCHA";"GOBIERNO REGIONAL";"I-1";"00002503";"COLCHA";"NE_0002";"";"NE_0002";"NE_0002";"NE_0002";"NE_0002";"NE_0002";"NE_0002";"NE_0002"
"2023";"05";"081006";"CUSCO";"PARURO";"OMACHA";"GOBIERNO REGIONAL";"I-2";"00007147";"PUESTO DE SALUD DE HUASQUILLAY";"NE_0002";"";"NE_0002";"NE_0002";"NE_0002";"NE_0002";"NE_0002";"NE_0002";"NE_0002"
"2023";"05";"081001";"CUSCO";"PARURO";"PARURO";"GOBIERNO REGIONAL";"I-4";"00002499";"PARURO";"NE_0002";"";"NE_0002";"NE_0002";"NE_0002";"NE_0002";"NE_0002";"NE_0002";"NE_0002"
"2023";"05";"131101";"LA LIBERTAD";"GRAN CHIMU";"CASCAS";"GOBIERNO REGIONAL";"II-1";"00005277";"HOSPITAL PROVINCIAL DE CASCAS";"241600";"HOSPITALIZACIÓN QUIRÚRGICA OBSTETRICIA   ";"11";"12";"40";"70";"12";"314";"0"
"2023";"05";"131101";"LA LIBERTAD";"GRAN CHIMU";"CASCAS";"GOBIERNO REGIONAL";"II-1";"00005277";"HOSPITAL PROVINCIAL DE CASCAS";"241800";"HOSPITALIZACIÓN DE MEDICINA MEDICINA GENERAL ";"14";"14";"62";"9";"6";"68";"0"
"2023";"05";"150101";"LIMA";"LIMA";"LIMA";"PRIVADO";"II-E";"00009483";"OCULASER SAC";"NE_0001";"";"NE_0001";"NE_0001";"NE_0001";"NE_0001";"NE_0001";"NE_0001";"NE_0001"
"2023";"05";"070102";"CALLAO";"CALLAO";"BELLAVISTA";"ESSALUD";"III-1";"00008265";"HOSPITAL NACIONAL ALBERTO SABOGAL SOLOGUREN DE LA RED ASISTENCIAL SABOGAL";"240700";"HOSPITALIZACIÓN QUIRÚRGICA CIRUGÍA PEDIÁTRICA ";"59";"59";"318";"327";"14";"434";"0"
"2023";"05";"070102";"CALLAO";"CALLAO";"BELLAVISTA";"ESSALUD";"III-1";"00008265";"HOSPITAL NACIONAL ALBERTO SABOGAL SOLOGUREN DE LA RED ASISTENCIAL SABOGAL";"241900";"HOSPITALIZACIÓN DE MEDICINA MEDICINA INTERNA ";"492";"491";"7009";"5653";"194";"6014";"33"
"2023";"05";"070102";"CALLAO";"CALLAO";"BELLAVISTA";"ESSALUD";"III-1";"00008265";"HOSPITAL NACIONAL ALBERTO SABOGAL SOLOGUREN DE LA RED ASISTENCIAL SABOGAL";"240100";"HOSPITALIZACIÓN QUIRÚRGICA CIRUGÍA GENERAL ";"142";"143";"1295";"1050";"38";"1184";"2"
"2023";"05";"070102";"CALLAO";"CALLAO";"BELLAVISTA";"ESSALUD";"III-1";"00008265";"HOSPITAL NACIONAL ALBERTO SABOGAL SOLOGUREN DE LA RED ASISTENCIAL SABOGAL";"240200";"HOSPITALIZACIÓN QUIRÚRGICA CIRUGÍA DE CABEZA Y CUELLO / MÁXILO FACIAL ";"57";"51";"223";"244";"9";"271";"0"
"2023";"05";"070102";"CALLAO";"CALLAO";"BELLAVISTA";"ESSALUD";"III-1";"00008265";"HOSPITAL NACIONAL ALBERTO SABOGAL SOLOGUREN DE LA RED ASISTENCIAL SABOGAL";"240400";"HOSPITALIZACIÓN QUIRÚRGICA CIRUGÍA DE TÓRAX Y CARDIOVASCULAR ";"23";"17";"170";"113";"4";"124";"0"
"2023";"05";"070102";"CALLAO";"CALLAO";"BELLAVISTA";"ESSALUD";"III-1";"00008265";"HOSPITAL NACIONAL ALBERTO SABOGAL SOLOGUREN DE LA RED ASISTENCIAL SABOGAL";"240800";"HOSPITALIZACIÓN QUIRÚRGICA CIRUGÍA PLÁSTICA/RECONSTRUCTIVA/ REPARADORA ";"7";"5";"98";"31";"1";"34";"0"
"2023";"05";"070102";"CALLAO";"CALLAO";"BELLAVISTA";"ESSALUD";"III-1";"00008265";"HOSPITAL NACIONAL ALBERTO SABOGAL SOLOGUREN DE LA RED ASISTENCIAL SABOGAL";"241700";"HOSPITALIZACIÓN QUIRÚRGICA GINECOLOGÍA   GINECOLOGIA ONCOLOGiCA";"72";"67";"173";"168";"6";"186";"0"
"2023";"05";"070102";"CALLAO";"CALLAO";"BELLAVISTA";"ESSALUD";"III-1";"00008265";"HOSPITAL NACIONAL ALBERTO SABOGAL SOLOGUREN DE LA RED ASISTENCIAL SABOGAL";"241900";"HOSPITALIZACIÓN DE MEDICINA MEDICINA INTERNA ";"12";"17";"136";"114";"4";"124";"0"
"2023";"05";"070102";"CALLAO";"CALLAO";"BELLAVISTA";"ESSALUD";"III-1";"00008265";"HOSPITAL NACIONAL ALBERTO SABOGAL SOLOGUREN DE LA RED ASISTENCIAL SABOGAL";"242000";"HOSPITALIZACIÓN DE MEDICINA MEDICINA TROPICAL E INFECCIOSAS ";"37";"35";"244";"309";"11";"341";"2"
"2023";"05";"070102";"CALLAO";"CALLAO";"BELLAVISTA";"ESSALUD";"III-1";"00008265";"HOSPITAL NACIONAL ALBERTO SABOGAL SOLOGUREN DE LA RED ASISTENCIAL SABOGAL";"242100";"HOSPITALIZACIÓN DE MEDICINA ONCOLOGÍA MÉDICA ";"99";"100";"486";"385";"13";"403";"3"
"2023";"05";"070102";"CALLAO";"CALLAO";"BELLAVISTA";"ESSALUD";"III-1";"00008265";"HOSPITAL NACIONAL ALBERTO SABOGAL SOLOGUREN DE LA RED ASISTENCIAL SABOGAL";"240900";"HOSPITALIZACIÓN QUIRÚRGICA NEUROCIRUGÍA ";"41";"39";"432";"368";"13";"408";"0"
"2023";"05";"070102";"CALLAO";"CALLAO";"BELLAVISTA";"ESSALUD";"III-1";"00008265";"HOSPITAL NACIONAL ALBERTO SABOGAL SOLOGUREN DE LA RED ASISTENCIAL SABOGAL";"241100";"HOSPITALIZACIÓN QUIRÚRGICA OTORRINOLARINGOLOGÍA  ";"49";"49";"120";"113";"4";"124";"0"
"2023";"05";"070102";"CALLAO";"CALLAO";"BELLAVISTA";"ESSALUD";"III-1";"00008265";"HOSPITAL NACIONAL ALBERTO SABOGAL SOLOGUREN DE LA RED ASISTENCIAL SABOGAL";"241200";"HOSPITALIZACIÓN QUIRÚRGICA TRAUMATOLOGÍA Y ORTOPEDIA ";"92";"111";"1318";"1229";"44";"1364";"1"
"2023";"05";"070102";"CALLAO";"CALLAO";"BELLAVISTA";"ESSALUD";"III-1";"00008265";"HOSPITAL NACIONAL ALBERTO SABOGAL SOLOGUREN DE LA RED ASISTENCIAL SABOGAL";"241300";"HOSPITALIZACIÓN QUIRÚRGICA UROLOGÍA  ";"91";"90";"464";"413";"15";"459";"0"
"2023";"05";"070102";"CALLAO";"CALLAO";"BELLAVISTA";"ESSALUD";"III-1";"00008265";"HOSPITAL NACIONAL ALBERTO SABOGAL SOLOGUREN DE LA RED ASISTENCIAL SABOGAL";"241500";"HOSPITALIZACIÓN QUIRÚRGICA GINECOLOGÍA  ";"72";"79";"269";"253";"10";"310";"0"
"2023";"05";"070102";"CALLAO";"CALLAO";"BELLAVISTA";"ESSALUD";"III-1";"00008265";"HOSPITAL NACIONAL ALBERTO SABOGAL SOLOGUREN DE LA RED ASISTENCIAL SABOGAL";"241600";"HOSPITALIZACIÓN QUIRÚRGICA OBSTETRICIA   ";"244";"240";"987";"963";"45";"1395";"0"
"2023";"05";"070102";"CALLAO";"CALLAO";"BELLAVISTA";"ESSALUD";"III-1";"00008265";"HOSPITAL NACIONAL ALBERTO SABOGAL SOLOGUREN DE LA RED ASISTENCIAL SABOGAL";"242300";"HOSPITALIZACIÓN DE PEDIATRÍA  PEDIATRÍA  GENERAL ";"56";"80";"1043";"1001";"35";"1085";"0"
"2023";"05";"070102";"CALLAO";"CALLAO";"BELLAVISTA";"ESSALUD";"III-1";"00008265";"HOSPITAL NACIONAL ALBERTO SABOGAL SOLOGUREN DE LA RED ASISTENCIAL SABOGAL";"250100";"UNIDAD DE CUIDADOS CRITICOS UNIDAD  DE CUIDADOS INTENSIVOS GENERALES (UCI) ";"27";"36";"455";"298";"10";"310";"18"
"2023";"05";"070102";"CALLAO";"CALLAO";"BELLAVISTA";"ESSALUD";"III-1";"00008265";"HOSPITAL NACIONAL ALBERTO SABOGAL SOLOGUREN DE LA RED ASISTENCIAL SABOGAL";"250200";"UNIDAD DE CUIDADOS CRITICOS UNIDAD DE CUIDADOS INTERMEDIOS GENERAL  (UCIN) ";"24";"43";"757";"400";"13";"403";"2"
"2023";"05";"021907";"ANCASH";"SIHUAS";"QUICHES";"GOBIERNO REGIONAL";"I-1";"00001807";"PUESTO DE SALUD JOCOSBAMBA";"NE_0002";"";"NE_0002";"NE_0002";"NE_0002";"NE_0002";"NE_0002";"NE_0002";"NE_0002"
"2023";"05";"021907";"ANCASH";"SIHUAS";"QUICHES";"GOBIERNO REGIONAL";"I-3";"00001806";"CENTRO DE SALUD QUICHES";"NE_0002";"";"NE_0002";"NE_0002";"NE_0002";"NE_0002";"NE_0002";"NE_0002";"NE_0002"
"2023";"05";"040101";"AREQUIPA";"AREQUIPA";"AREQUIPA";"PRIVADO";"II-1";"00016744";"CLÍNICAS AUNA SEDE VALLESUR";"240000";"HOSPITALIZACIÓN";"265";"310";"901";"844";"37";"1147";"2"
"2023";"05";"040101";"AREQUIPA";"AREQUIPA";"AREQUIPA";"PRIVADO";"II-1";"00016744";"CLÍNICAS AUNA SEDE VALLESUR";"250100";"UNIDAD DE CUIDADOS CRITICOS UNIDAD  DE CUIDADOS INTENSIVOS GENERALES (UCI) ";"6";"2";"3";"22";"4";"124";"0"
"2023";"05";"040101";"AREQUIPA";"AREQUIPA";"AREQUIPA";"PRIVADO";"II-1";"00016744";"CLÍNICAS AUNA SEDE VALLESUR";"250105";"UNIDAD DE CUIDADOS CRITICOS UNIDAD  DE CUIDADOS INTENSIVOS  (UCI) NEONATOLOGÍA";"2";"2";"7";"7";"2";"62";"0"
"2023";"05";"210801";"PUNO";"MELGAR";"AYAVIRI";"GOBIERNO REGIONAL";"II-1";"00003156";"SAN JUAN DE DIOS (AYAVIRI)";"240100";"HOSPITALIZACIÓN QUIRÚRGICA CIRUGÍA GENERAL ";"30";"37";"221";"224";"19";"589";"0"
"2023";"05";"210801";"PUNO";"MELGAR";"AYAVIRI";"GOBIERNO REGIONAL";"II-1";"00003156";"SAN JUAN DE DIOS (AYAVIRI)";"241500";"HOSPITALIZACIÓN QUIRÚRGICA GINECOLOGÍA  ";"46";"48";"112";"119";"6";"186";"0"
"2023";"05";"210801";"PUNO";"MELGAR";"AYAVIRI";"GOBIERNO REGIONAL";"II-1";"00003156";"SAN JUAN DE DIOS (AYAVIRI)";"241600";"HOSPITALIZACIÓN QUIRÚRGICA OBSTETRICIA   ";"55";"56";"84";"146";"7";"217";"0"
"2023";"05";"210801";"PUNO";"MELGAR";"AYAVIRI";"GOBIERNO REGIONAL";"II-1";"00003156";"SAN JUAN DE DIOS (AYAVIRI)";"241800";"HOSPITALIZACIÓN DE MEDICINA MEDICINA GENERAL ";"20";"28";"183";"183";"14";"434";"3"
"2023";"05";"210801";"PUNO";"MELGAR";"AYAVIRI";"GOBIERNO REGIONAL";"II-1";"00003156";"SAN JUAN DE DIOS (AYAVIRI)";"242500";"HOSPITALIZACIÓN-PEDIATRÍA GENERAL-";"25";"29";"97";"107";"7";"217";"0"
"2023";"05";"210801";"PUNO";"MELGAR";"AYAVIRI";"GOBIERNO REGIONAL";"II-1";"00003156";"SAN JUAN DE DIOS (AYAVIRI)";"243200";"HOSPITALIZACIÓN DE PEDIATRÍA PEDIATRIA NEONATOLOGÍA";"26";"27";"75";"93";"3";"122";"0"
"2023";"05";"021902";"ANCASH";"SIHUAS";"ACOBAMBA";"GOBIERNO REGIONAL";"I-1";"00001799";"PUESTO DE SALUD ACOBAMBA";"241400";"HOSPITALIZACIÓN QUIRÚRGICA GINECO - OBSTETRICIA ";"5";"5";"5";"5";"5";"6";"0"
"2023";"05";"021905";"ANCASH";"SIHUAS";"CHINGALPO";"GOBIERNO REGIONAL";"I-1";"00001800";"PUESTO DE SALUD CHINGALPO";"NE_0002";"";"NE_0002";"NE_0002";"NE_0002";"NE_0002";"NE_0002";"NE_0002";"NE_0002"
"2023";"05";"021905";"ANCASH";"SIHUAS";"CHINGALPO";"GOBIERNO REGIONAL";"I-1";"00001754";"PUESTO DE SALUD SAN MIGUEL";"NE_0002";"";"NE_0002";"NE_0002";"NE_0002";"NE_0002";"NE_0002";"NE_0002";"NE_0002"
"2023";"05";"021903";"ANCASH";"SIHUAS";"ALFONSO UGARTE";"GOBIERNO REGIONAL";"I-1";"00001805";"PUESTO DE SALUD ULLOLLUCO";"NE_0002";"";"NE_0002";"NE_0002";"NE_0002";"NE_0002";"NE_0002";"NE_0002";"NE_0002"
"2023";"05";"021907";"ANCASH";"SIHUAS";"QUICHES";"GOBIERNO REGIONAL";"I-1";"00001807";"PUESTO DE SALUD JOCOSBAMBA";"NE_0002";"";"NE_0002";"NE_0002";"NE_0002";"NE_0002";"NE_0002";"NE_0002";"NE_0002"
"2023";"05";"021907";"ANCASH";"SIHUAS";"QUICHES";"GOBIERNO REGIONAL";"I-3";"00001806";"CENTRO DE SALUD QUICHES";"NE_0002";"";"NE_0002";"NE_0002";"NE_0002";"NE_0002";"NE_0002";"NE_0002";"NE_0002"
"2023";"05";"220909";"SAN MARTIN";"SAN MARTIN";"LA BANDA DE SHILCAYO";"GOBIERNO REGIONAL";"I-1";"00006366";"LAS PALMAS";"NE_0001";"";"NE_0001";"NE_0001";"NE_0001";"NE_0001";"NE_0001";"NE_0001";"NE_0001"
"2023";"05";"130101";"LA LIBERTAD";"TRUJILLO";"TRUJILLO";"PRIVADO";"II-2";"00018404";"CLINICA SAN PABLO TRUJILLO";"240000";"HOSPITALIZACIÓN";"379";"367";"1297";"1578";"64";"1984";"2"
"2023";"05";"130101";"LA LIBERTAD";"TRUJILLO";"TRUJILLO";"PRIVADO";"II-2";"00018404";"CLINICA SAN PABLO TRUJILLO";"250200";"UNIDAD DE CUIDADOS CRITICOS UNIDAD DE CUIDADOS INTERMEDIOS GENERAL  (UCIN) ";"1";"1";"6";"7";"5";"155";"0"
"2023";"05";"010101";"AMAZONAS";"CHACHAPOYAS";"CHACHAPOYAS";"ESSALUD";"II-1";"00009066";"HOSPITAL HIGOS URCO";"241800";"HOSPITALIZACIÓN DE MEDICINA MEDICINA GENERAL ";"25";"22";"129";"125";"6";"186";"0"
"2023";"05";"010101";"AMAZONAS";"CHACHAPOYAS";"CHACHAPOYAS";"ESSALUD";"II-1";"00009066";"HOSPITAL HIGOS URCO";"240100";"HOSPITALIZACIÓN QUIRÚRGICA CIRUGÍA GENERAL ";"22";"23";"106";"100";"5";"155";"0"
"2023";"05";"010101";"AMAZONAS";"CHACHAPOYAS";"CHACHAPOYAS";"ESSALUD";"II-1";"00009066";"HOSPITAL HIGOS URCO";"245400";"HOSPITALIZACIÓN DE MEDICINA GINECOLOGIA ";"27";"30";"96";"89";"4";"124";"0"
"2023";"05";"010101";"AMAZONAS";"CHACHAPOYAS";"CHACHAPOYAS";"ESSALUD";"II-1";"00009066";"HOSPITAL HIGOS URCO";"242300";"HOSPITALIZACIÓN DE PEDIATRÍA  PEDIATRÍA  GENERAL ";"19";"18";"66";"66";"3";"93";"0"
"2023";"05";"220803";"SAN MARTIN";"RIOJA";"ELIAS SOPLIN VARGAS";"GOBIERNO REGIONAL";"I-1";"00006279";"PUERTO BAGAZAN";"NE_0002";"";"NE_0002";"NE_0002";"NE_0002";"NE_0002";"NE_0002";"NE_0002";"NE_0002"
"2023";"05";"220803";"SAN MARTIN";"RIOJA";"ELIAS SOPLIN VARGAS";"GOBIERNO REGIONAL";"I-1";"00006903";"SANTA FE";"NE_0002";"";"NE_0002";"NE_0002";"NE_0002";"NE_0002";"NE_0002";"NE_0002";"NE_0002"
"2023";"05";"150106";"LIMA";"LIMA";"CARABAYLLO";"PRIVADO";"I-3";"00017468";"POLICLINICO NIÑO DE LA ESPINA SAC";"NE_0001";"";"NE_0001";"NE_0001";"NE_0001";"NE_0001";"NE_0001";"NE_0001";"NE_0001"
"2023";"05";"060501";"CAJAMARCA";"CONTUMAZA";"CONTUMAZA";"ESSALUD";"I-2";"00010276";"POSTA MEDICA ESSALUD CONTUMAZA";"NE_0001";"";"NE_0001";"NE_0001";"NE_0001";"NE_0001";"NE_0001";"NE_0001";"NE_0001"
"2023";"05";"040110";"AREQUIPA";"AREQUIPA";"MIRAFLORES";"GOBIERNO REGIONAL";"I-2";"00001305";"CENTRO DE SALUD TOMASA T. COMDEMAYTA";"NE_0001";"";"NE_0001";"NE_0001";"NE_0001";"NE_0001";"NE_0001";"NE_0001";"NE_0001"
"2023";"05";"040110";"AREQUIPA";"AREQUIPA";"MIRAFLORES";"GOBIERNO REGIONAL";"I-3";"00032056";"CENTRO DE SALUD MENTAL COMUNITARIO MIRAFLORES";"NE_0001";"";"NE_0001";"NE_0001";"NE_0001";"NE_0001";"NE_0001";"NE_0001";"NE_0001"
"2023";"05";"040110";"AREQUIPA";"AREQUIPA";"MIRAFLORES";"GOBIERNO REGIONAL";"I-4";"00001292";"CENTRO DE SALUD EDIFICADORES MISTI";"241600";"HOSPITALIZACIÓN QUIRÚRGICA OBSTETRICIA   ";"10";"10";"10";"10";"1";"10";"0"
"2023";"05";"040110";"AREQUIPA";"AREQUIPA";"MIRAFLORES";"GOBIERNO REGIONAL";"I-3";"00001293";"CENTRO DE SALUD MIRAFLORES";"NE_0001";"";"NE_0001";"NE_0001";"NE_0001";"NE_0001";"NE_0001";"NE_0001";"NE_0001"
"2023";"05";"040110";"AREQUIPA";"AREQUIPA";"MIRAFLORES";"GOBIERNO REGIONAL";"I-3";"00001307";"CENTRO DE SALUD MATEO PUMACAHUA";"NE_0001";"";"NE_0001";"NE_0001";"NE_0001";"NE_0001";"NE_0001";"NE_0001";"NE_0001"
"2023";"03";"120105";"JUNIN";"HUANCAYO";"CHACAPAMPA";"GOBIERNO REGIONAL";"I-1";"00000696";"LOS ANGELES";"NE_0002";"";"NE_0002";"NE_0002";"NE_0002";"NE_0002";"NE_0002";"NE_0002";"NE_0002"
"2023";"03";"120112";"JUNIN";"HUANCAYO";"COLCA";"GOBIERNO REGIONAL";"I-2";"00000701";"COLCA";"NE_0002";"";"NE_0002";"NE_0002";"NE_0002";"NE_0002";"NE_0002";"NE_0002";"NE_0002"
"2023";"03";"120105";"JUNIN";"HUANCAYO";"CHACAPAMPA";"GOBIERNO REGIONAL";"I-1";"00000694";"CHACAPAMPA";"NE_0002";"";"NE_0002";"NE_0002";"NE_0002";"NE_0002";"NE_0002";"NE_0002";"NE_0002"
"2023";"03";"120104";"JUNIN";"HUANCAYO";"CARHUACALLANGA";"GOBIERNO REGIONAL";"I-1";"00000693";"CARHUACALLANGA";"NE_0002";"";"NE_0002";"NE_0002";"NE_0002";"NE_0002";"NE_0002";"NE_0002";"NE_0002"
"2023";"03";"120108";"JUNIN";"HUANCAYO";"CHONGOS ALTO";"GOBIERNO REGIONAL";"I-3";"00000700";"CHONGOS ALTO";"NE_0002";"";"NE_0002";"NE_0002";"NE_0002";"NE_0002";"NE_0002";"NE_0002";"NE_0002"
"2023";"03";"120106";"JUNIN";"HUANCAYO";"CHICCHE";"GOBIERNO REGIONAL";"I-1";"00000697";"CHICCHE";"NE_0002";"";"NE_0002";"NE_0002";"NE_0002";"NE_0002";"NE_0002";"NE_0002";"NE_0002"
"2023";"03";"120106";"JUNIN";"HUANCAYO";"CHICCHE";"GOBIERNO REGIONAL";"I-1";"00000699";"YANA YANA";"NE_0002";"";"NE_0002";"NE_0002";"NE_0002";"NE_0002";"NE_0002";"NE_0002";"NE_0002"
"2023";"03";"120105";"JUNIN";"HUANCAYO";"CHACAPAMPA";"GOBIERNO REGIONAL";"I-1";"00000695";"HUACAN";"NE_0002";"";"NE_0002";"NE_0002";"NE_0002";"NE_0002";"NE_0002";"NE_0002";"NE_0002"
"2023";"03";"120106";"JUNIN";"HUANCAYO";"CHICCHE";"GOBIERNO REGIONAL";"I-1";"00000698";"VISTA ALEGRE";"NE_0002";"";"NE_0002";"NE_0002";"NE_0002";"NE_0002";"NE_0002";"NE_0002";"NE_0002"
"2023";"03";"150132";"LIMA";"LIMA";"SAN JUAN DE LURIGANCHO";"PRIVADO";"II-2";"00008271";"CLINICA SAN JUAN BAUTISTA";"240000";"HOSPITALIZACIÓN";"223";"222";"543";"769";"40";"1240";"0"
"2023";"03";"150132";"LIMA";"LIMA";"SAN JUAN DE LURIGANCHO";"PRIVADO";"II-2";"00008271";"CLINICA SAN JUAN BAUTISTA";"250100";"UNIDAD DE CUIDADOS CRITICOS UNIDAD  DE CUIDADOS INTENSIVOS GENERALES (UCI) ";"24";"22";"81";"108";"7";"217";"0"
"2023";"01";"050111";"AYACUCHO";"HUAMANGA";"SANTIAGO DE PISCHA";"GOBIERNO REGIONAL";"I-1";"00003613";"PUESTO DE SALUD ATACOCHA";"NE_0002";"";"NE_0002";"NE_0002";"NE_0002";"NE_0002";"NE_0002";"NE_0002";"NE_0002"
"2023";"01";"050111";"AYACUCHO";"HUAMANGA";"SANTIAGO DE PISCHA";"GOBIERNO REGIONAL";"I-1";"00003612";"PUESTO DE SALUD LARAMATE";"NE_0002";"";"NE_0002";"NE_0002";"NE_0002";"NE_0002";"NE_0002";"NE_0002";"NE_0002"
"2023";"01";"050111";"AYACUCHO";"HUAMANGA";"SANTIAGO DE PISCHA";"GOBIERNO REGIONAL";"I-1";"00003611";"PUESTO DE SALUD SANTIAGO DE PISCHA";"NE_0002";"";"NE_0002";"NE_0002";"NE_0002";"NE_0002";"NE_0002";"NE_0002";"NE_0002"
"2023";"01";"050113";"AYACUCHO";"HUAMANGA";"TAMBILLO";"GOBIERNO REGIONAL";"I-2";"00003610";"PUESTO DE SALUD MUYURINA";"NE_0002";"";"NE_0002";"NE_0002";"NE_0002";"NE_0002";"NE_0002";"NE_0002";"NE_0002"
"2023";"01";"050107";"AYACUCHO";"HUAMANGA";"PACAYCASA";"GOBIERNO REGIONAL";"I-2";"00003609";"PUESTO DE SALUD PACAYCASA";"NE_0002";"";"NE_0002";"NE_0002";"NE_0002";"NE_0002";"NE_0002";"NE_0002";"NE_0002"
"2023";"01";"050107";"AYACUCHO";"HUAMANGA";"PACAYCASA";"GOBIERNO REGIONAL";"I-1";"00003608";"PUESTO DE SALUD LA COMPAÑIA";"NE_0002";"";"NE_0002";"NE_0002";"NE_0002";"NE_0002";"NE_0002";"NE_0002";"NE_0002"
"2023";"01";"050101";"AYACUCHO";"HUAMANGA";"AYACUCHO";"GOBIERNO REGIONAL";"I-3";"00003606";"CENTRO DE SALUD SIMPAPATA";"NE_0002";"";"NE_0002";"NE_0002";"NE_0002";"NE_0002";"NE_0002";"NE_0002";"NE_0002"
"2023";"01";"050113";"AYACUCHO";"HUAMANGA";"TAMBILLO";"GOBIERNO REGIONAL";"I-1";"00003550";"PUESTO DE SALUD NIÑO  YUCAY";"NE_0002";"";"NE_0002";"NE_0002";"NE_0002";"NE_0002";"NE_0002";"NE_0002";"NE_0002"
"2023";"02";"050111";"AYACUCHO";"HUAMANGA";"SANTIAGO DE PISCHA";"GOBIERNO REGIONAL";"I-1";"00003613";"PUESTO DE SALUD ATACOCHA";"NE_0002";"";"NE_0002";"NE_0002";"NE_0002";"NE_0002";"NE_0002";"NE_0002";"NE_0002"
"2023";"02";"050111";"AYACUCHO";"HUAMANGA";"SANTIAGO DE PISCHA";"GOBIERNO REGIONAL";"I-1";"00003612";"PUESTO DE SALUD LARAMATE";"NE_0002";"";"NE_0002";"NE_0002";"NE_0002";"NE_0002";"NE_0002";"NE_0002";"NE_0002"
"2023";"02";"050111";"AYACUCHO";"HUAMANGA";"SANTIAGO DE PISCHA";"GOBIERNO REGIONAL";"I-1";"00003611";"PUESTO DE SALUD SANTIAGO DE PISCHA";"NE_0002";"";"NE_0002";"NE_0002";"NE_0002";"NE_0002";"NE_0002";"NE_0002";"NE_0002"
"2023";"02";"050113";"AYACUCHO";"HUAMANGA";"TAMBILLO";"GOBIERNO REGIONAL";"I-2";"00003610";"PUESTO DE SALUD MUYURINA";"NE_0002";"";"NE_0002";"NE_0002";"NE_0002";"NE_0002";"NE_0002";"NE_0002";"NE_0002"
"2023";"02";"050107";"AYACUCHO";"HUAMANGA";"PACAYCASA";"GOBIERNO REGIONAL";"I-2";"00003609";"PUESTO DE SALUD PACAYCASA";"NE_0002";"";"NE_0002";"NE_0002";"NE_0002";"NE_0002";"NE_0002";"NE_0002";"NE_0002"
"2023";"02";"050107";"AYACUCHO";"HUAMANGA";"PACAYCASA";"GOBIERNO REGIONAL";"I-1";"00003608";"PUESTO DE SALUD LA COMPAÑIA";"NE_0002";"";"NE_0002";"NE_0002";"NE_0002";"NE_0002";"NE_0002";"NE_0002";"NE_0002"
"2023";"02";"050101";"AYACUCHO";"HUAMANGA";"AYACUCHO";"GOBIERNO REGIONAL";"I-3";"00003606";"CENTRO DE SALUD SIMPAPATA";"NE_0002";"";"NE_0002";"NE_0002";"NE_0002";"NE_0002";"NE_0002";"NE_0002";"NE_0002"
"2023";"04";"120101";"JUNIN";"HUANCAYO";"HUANCAYO";"SANIDAD DE LA POLICIA NACIONAL DEL PERU";"I-3";"00010710";"POLICLINICO POLICIAL HUANCAYO ENRIQUE TORRES GONZALES";"NE_0001";"";"NE_0001";"NE_0001";"NE_0001";"NE_0001";"NE_0001";"NE_0001";"NE_0001"
"2023";"04";"150137";"LIMA";"LIMA";"SANTA ANITA";"ESSALUD";"II-1";"00008318";"ESSALUD - HOSPITAL I JORGE VOTO BERNALES CORPANCHO";"241800";"HOSPITALIZACIÓN DE MEDICINA MEDICINA GENERAL ";"29";"27";"129";"116";"6";"180";"0"
"2023";"04";"150137";"LIMA";"LIMA";"SANTA ANITA";"ESSALUD";"II-1";"00008318";"ESSALUD - HOSPITAL I JORGE VOTO BERNALES CORPANCHO";"243200";"HOSPITALIZACIÓN DE PEDIATRÍA PEDIATRIA NEONATOLOGÍA";"3";"1";"87";"11";"4";"120";"0"
"2023";"04";"150137";"LIMA";"LIMA";"SANTA ANITA";"ESSALUD";"II-1";"00008318";"ESSALUD - HOSPITAL I JORGE VOTO BERNALES CORPANCHO";"240100";"HOSPITALIZACIÓN QUIRÚRGICA CIRUGÍA GENERAL ";"86";"95";"309";"289";"11";"330";"0"
"2023";"04";"150137";"LIMA";"LIMA";"SANTA ANITA";"ESSALUD";"II-1";"00008318";"ESSALUD - HOSPITAL I JORGE VOTO BERNALES CORPANCHO";"241400";"HOSPITALIZACIÓN QUIRÚRGICA GINECO - OBSTETRICIA ";"25";"23";"79";"74";"4";"120";"0"
"2023";"04";"150137";"LIMA";"LIMA";"SANTA ANITA";"ESSALUD";"II-1";"00008318";"ESSALUD - HOSPITAL I JORGE VOTO BERNALES CORPANCHO";"242300";"HOSPITALIZACIÓN DE PEDIATRÍA  PEDIATRÍA  GENERAL ";"14";"15";"65";"65";"3";"90";"0"
"2023";"04";"150137";"LIMA";"LIMA";"SANTA ANITA";"ESSALUD";"II-1";"00008318";"ESSALUD - HOSPITAL I JORGE VOTO BERNALES CORPANCHO";"250100";"UNIDAD DE CUIDADOS CRITICOS UNIDAD  DE CUIDADOS INTENSIVOS GENERALES (UCI) ";"49";"49";"105";"66";"4";"120";"0"
"2023";"04";"150137";"LIMA";"LIMA";"SANTA ANITA";"ESSALUD";"II-1";"00008318";"ESSALUD - HOSPITAL I JORGE VOTO BERNALES CORPANCHO";"241500";"HOSPITALIZACIÓN QUIRÚRGICA GINECOLOGÍA  ";"195";"189";"412";"444";"16";"480";"0"
"2023";"04";"080801";"CUSCO";"ESPINAR";"ESPINAR";"GOBIERNO REGIONAL";"II-1";"00007135";"ESPINAR";"240100";"HOSPITALIZACIÓN QUIRÚRGICA CIRUGÍA GENERAL ";"33";"34";"98";"95";"8";"240";"0"
"2023";"04";"080801";"CUSCO";"ESPINAR";"ESPINAR";"GOBIERNO REGIONAL";"II-1";"00007135";"ESPINAR";"241600";"HOSPITALIZACIÓN QUIRÚRGICA OBSTETRICIA   ";"56";"59";"140";"133";"13";"390";"0"
"2023";"04";"080801";"CUSCO";"ESPINAR";"ESPINAR";"GOBIERNO REGIONAL";"II-1";"00007135";"ESPINAR";"241800";"HOSPITALIZACIÓN DE MEDICINA MEDICINA GENERAL ";"13";"14";"89";"86";"8";"240";"0"
"2023";"04";"080801";"CUSCO";"ESPINAR";"ESPINAR";"GOBIERNO REGIONAL";"II-1";"00007135";"ESPINAR";"242500";"HOSPITALIZACIÓN-PEDIATRÍA GENERAL-";"8";"10";"31";"29";"5";"150";"0"
"2023";"04";"080801";"CUSCO";"ESPINAR";"ESPINAR";"GOBIERNO REGIONAL";"II-1";"00007135";"ESPINAR";"243200";"HOSPITALIZACIÓN DE PEDIATRÍA PEDIATRIA NEONATOLOGÍA";"4";"4";"6";"6";"1";"30";"0"
"2023";"04";"080801";"CUSCO";"ESPINAR";"ESPINAR";"GOBIERNO REGIONAL";"II-1";"00007135";"ESPINAR";"241500";"HOSPITALIZACIÓN QUIRÚRGICA GINECOLOGÍA  ";"24";"23";"75";"74";"7";"210";"0"
"2023";"04";"220508";"SAN MARTIN";"LAMAS";"SAN ROQUE DE CUMBAZA";"GOBIERNO REGIONAL";"I-1";"00006357";"ALTO SHAMBOYACU";"NE_0001";"";"NE_0001";"NE_0001";"NE_0001";"NE_0001";"NE_0001";"NE_0001";"NE_0001"
"2023";"04";"220501";"SAN MARTIN";"LAMAS";"LAMAS";"GOBIERNO REGIONAL";"I-1";"00006353";"HUAYCO LAMAS";"NE_0001";"";"NE_0001";"NE_0001";"NE_0001";"NE_0001";"NE_0001";"NE_0001";"NE_0001"
"2023";"04";"220507";"SAN MARTIN";"LAMAS";"RUMISAPA";"GOBIERNO REGIONAL";"I-1";"00006392";"MACEDA";"NE_0001";"";"NE_0001";"NE_0001";"NE_0001";"NE_0001";"NE_0001";"NE_0001";"NE_0001"
"2023";"04";"220511";"SAN MARTIN";"LAMAS";"ZAPATERO";"GOBIERNO REGIONAL";"I-1";"00006394";"SANTA ANA DEL RIO MAYO";"NE_0001";"";"NE_0001";"NE_0001";"NE_0001";"NE_0001";"NE_0001";"NE_0001";"NE_0001"
"2023";"04";"220507";"SAN MARTIN";"LAMAS";"RUMISAPA";"GOBIERNO REGIONAL";"I-1";"00006354";"CHIRAPA LA LIBERTAD";"NE_0001";"";"NE_0001";"NE_0001";"NE_0001";"NE_0001";"NE_0001";"NE_0001";"NE_0001"
"2023";"04";"220508";"SAN MARTIN";"LAMAS";"SAN ROQUE DE CUMBAZA";"GOBIERNO REGIONAL";"I-1";"00006355";"CHIRICYACU";"NE_0001";"";"NE_0001";"NE_0001";"NE_0001";"NE_0001";"NE_0001";"NE_0001";"NE_0001"
"2023";"04";"220508";"SAN MARTIN";"LAMAS";"SAN ROQUE DE CUMBAZA";"GOBIERNO REGIONAL";"I-2";"00006356";"PAMASHTO";"NE_0001";"";"NE_0001";"NE_0001";"NE_0001";"NE_0001";"NE_0001";"NE_0001";"NE_0001"
"2023";"04";"220912";"SAN MARTIN";"SAN MARTIN";"SAN ANTONIO";"GOBIERNO REGIONAL";"I-1";"00006387";"AUCALOMA";"NE_0001";"";"NE_0001";"NE_0001";"NE_0001";"NE_0001";"NE_0001";"NE_0001";"NE_0001"
"2023";"04";"220507";"SAN MARTIN";"LAMAS";"RUMISAPA";"GOBIERNO REGIONAL";"I-1";"00006391";"RUMIZAPA";"NE_0001";"";"NE_0001";"NE_0001";"NE_0001";"NE_0001";"NE_0001";"NE_0001";"NE_0001"
"2023";"04";"220508";"SAN MARTIN";"LAMAS";"SAN ROQUE DE CUMBAZA";"GOBIERNO REGIONAL";"I-1";"00006358";"YURILAMAS";"NE_0001";"";"NE_0001";"NE_0001";"NE_0001";"NE_0001";"NE_0001";"NE_0001";"NE_0001"
"2023";"04";"220507";"SAN MARTIN";"LAMAS";"RUMISAPA";"GOBIERNO REGIONAL";"I-1";"00006389";"CHURUZAPA";"NE_0001";"";"NE_0001";"NE_0001";"NE_0001";"NE_0001";"NE_0001";"NE_0001";"NE_0001"
"2023";"04";"220501";"SAN MARTIN";"LAMAS";"LAMAS";"GOBIERNO REGIONAL";"I-1";"00006390";"LAS FLORES DEL RIO MAYO";"NE_0001";"";"NE_0001";"NE_0001";"NE_0001";"NE_0001";"NE_0001";"NE_0001";"NE_0001"
"2023";"04";"220501";"SAN MARTIN";"LAMAS";"LAMAS";"GOBIERNO REGIONAL";"I-1";"00006388";"SAN ANTONIO RIO MAYO";"NE_0001";"";"NE_0001";"NE_0001";"NE_0001";"NE_0001";"NE_0001";"NE_0001";"NE_0001"
"2023";"04";"220508";"SAN MARTIN";"LAMAS";"SAN ROQUE DE CUMBAZA";"GOBIERNO REGIONAL";"I-1";"00006386";"SAN ROQUE DE CUMBAZA";"NE_0001";"";"NE_0001";"NE_0001";"NE_0001";"NE_0001";"NE_0001";"NE_0001";"NE_0001"
"2023";"04";"220507";"SAN MARTIN";"LAMAS";"RUMISAPA";"GOBIERNO REGIONAL";"I-1";"00006393";"PACCHILLA";"NE_0001";"";"NE_0001";"NE_0001";"NE_0001";"NE_0001";"NE_0001";"NE_0001";"NE_0001"
"2023";"04";"140101";"LAMBAYEQUE";"CHICLAYO";"CHICLAYO";"PRIVADO";"II-E";"00008730";"BM CLINICA";"240000";"HOSPITALIZACIÓN";"28";"28";"58";"28";"10";"300";"1"
"2023";"04";"120604";"JUNIN";"SATIPO";"MAZAMARI";"GOBIERNO REGIONAL";"I-2";"00000436";"PUEBLO LIBRE DE PAURIALI";"NE_0001";"";"NE_0001";"NE_0001";"NE_0001";"NE_0001";"NE_0001";"NE_0001";"NE_0001"
"2023";"04";"090301";"HUANCAVELICA";"ANGARAES";"LIRCAY";"GOBIERNO REGIONAL";"I-1";"00003944";"BUENA VISTA";"NE_0001";"";"NE_0001";"NE_0001";"NE_0001";"NE_0001";"NE_0001";"NE_0001";"NE_0001"
"2023";"04";"090301";"HUANCAVELICA";"ANGARAES";"LIRCAY";"GOBIERNO REGIONAL";"I-1";"00003947";"CONSTANCIA";"NE_0001";"";"NE_0001";"NE_0001";"NE_0001";"NE_0001";"NE_0001";"NE_0001";"NE_0001"
"2023";"04";"090301";"HUANCAVELICA";"ANGARAES";"LIRCAY";"GOBIERNO REGIONAL";"I-1";"00003950";"CHALLHUAPUQUIO";"NE_0001";"";"NE_0001";"NE_0001";"NE_0001";"NE_0001";"NE_0001";"NE_0001";"NE_0001"
"2023";"04";"090307";"HUANCAVELICA";"ANGARAES";"HUANCA-HUANCA";"GOBIERNO REGIONAL";"I-2";"00003953";"HUANCA HUANCA";"NE_0001";"";"NE_0001";"NE_0001";"NE_0001";"NE_0001";"NE_0001";"NE_0001";"NE_0001"
"2023";"04";"090301";"HUANCAVELICA";"ANGARAES";"LIRCAY";"GOBIERNO REGIONAL";"I-1";"00011769";"YANAUTUTO";"NE_0001";"";"NE_0001";"NE_0001";"NE_0001";"NE_0001";"NE_0001";"NE_0001";"NE_0001"
"2023";"04";"090303";"HUANCAVELICA";"ANGARAES";"CALLANMARCA";"GOBIERNO REGIONAL";"I-1";"00003952";"CALLANMARCA";"NE_0001";"";"NE_0001";"NE_0001";"NE_0001";"NE_0001";"NE_0001";"NE_0001";"NE_0001"
"2023";"04";"090302";"HUANCAVELICA";"ANGARAES";"ANCHONGA";"GOBIERNO REGIONAL";"I-2";"00003960";"TUCO";"NE_0001";"";"NE_0001";"NE_0001";"NE_0001";"NE_0001";"NE_0001";"NE_0001";"NE_0001"
"2023";"04";"090310";"HUANCAVELICA";"ANGARAES";"SAN ANTONIO DE ANTAPARCO";"GOBIERNO REGIONAL";"I-1";"00003965";"SAN ANTONIO DE ANTAPARCO";"NE_0001";"";"NE_0001";"NE_0001";"NE_0001";"NE_0001";"NE_0001";"NE_0001";"NE_0001"
"2023";"04";"090305";"HUANCAVELICA";"ANGARAES";"CHINCHO";"GOBIERNO REGIONAL";"I-1";"00011787";"LLAMOCCTACHI";"NE_0001";"";"NE_0001";"NE_0001";"NE_0001";"NE_0001";"NE_0001";"NE_0001";"NE_0001"
"2023";"04";"090301";"HUANCAVELICA";"ANGARAES";"LIRCAY";"GOBIERNO REGIONAL";"I-3";"00028484";"CENTRO DE SALUD MENTAL COMUNITARIO ANGARAES";"NE_0002";"";"NE_0002";"NE_0002";"NE_0002";"NE_0002";"NE_0002";"NE_0002";"NE_0002"
"2023";"04";"090301";"HUANCAVELICA";"ANGARAES";"LIRCAY";"GOBIERNO REGIONAL";"I-2";"00003945";"CARHUAPATA";"NE_0001";"";"NE_0001";"NE_0001";"NE_0001";"NE_0001";"NE_0001";"NE_0001";"NE_0001"
"2023";"04";"090301";"HUANCAVELICA";"ANGARAES";"LIRCAY";"GOBIERNO REGIONAL";"I-1";"00003946";"PIRCAPAHUANA";"NE_0001";"";"NE_0001";"NE_0001";"NE_0001";"NE_0001";"NE_0001";"NE_0001";"NE_0001"
"2023";"04";"090301";"HUANCAVELICA";"ANGARAES";"LIRCAY";"GOBIERNO REGIONAL";"I-2";"00003949";"CHAHUARMA";"NE_0001";"";"NE_0001";"NE_0001";"NE_0001";"NE_0001";"NE_0001";"NE_0001";"NE_0001"
"2023";"04";"090301";"HUANCAVELICA";"ANGARAES";"LIRCAY";"GOBIERNO REGIONAL";"I-1";"00003951";"TUCSIPAMPA";"NE_0001";"";"NE_0001";"NE_0001";"NE_0001";"NE_0001";"NE_0001";"NE_0001";"NE_0001"
"2023";"04";"090305";"HUANCAVELICA";"ANGARAES";"CHINCHO";"GOBIERNO REGIONAL";"I-1";"00003963";"CHINCHO";"NE_0001";"";"NE_0001";"NE_0001";"NE_0001";"NE_0001";"NE_0001";"NE_0001";"NE_0001"
"2023";"04";"090306";"HUANCAVELICA";"ANGARAES";"CONGALLA";"GOBIERNO REGIONAL";"I-1";"00011199";"CHAYNABAMBA";"NE_0001";"";"NE_0001";"NE_0001";"NE_0001";"NE_0001";"NE_0001";"NE_0001";"NE_0001"
"2023";"04";"090302";"HUANCAVELICA";"ANGARAES";"ANCHONGA";"GOBIERNO REGIONAL";"I-1";"00011454";"ALTO MARAYNIYOCC";"NE_0001";"";"NE_0001";"NE_0001";"NE_0001";"NE_0001";"NE_0001";"NE_0001";"NE_0001"
"2023";"04";"090302";"HUANCAVELICA";"ANGARAES";"ANCHONGA";"GOBIERNO REGIONAL";"I-1";"00006930";"HUARIRUMI - CHONTACANCHA";"NE_0001";"";"NE_0001";"NE_0001";"NE_0001";"NE_0001";"NE_0001";"NE_0001";"NE_0001"
"2023";"04";"090301";"HUANCAVELICA";"ANGARAES";"LIRCAY";"GOBIERNO REGIONAL";"I-1";"00007373";"SOCCLLABAMBA";"NE_0001";"";"NE_0001";"NE_0001";"NE_0001";"NE_0001";"NE_0001";"NE_0001";"NE_0001"
"2023";"04";"090302";"HUANCAVELICA";"ANGARAES";"ANCHONGA";"GOBIERNO REGIONAL";"I-2";"00003961";"SAN PABLO DE OCCO";"NE_0001";"";"NE_0001";"NE_0001";"NE_0001";"NE_0001";"NE_0001";"NE_0001";"NE_0001"
"2023";"04";"090306";"HUANCAVELICA";"ANGARAES";"CONGALLA";"GOBIERNO REGIONAL";"I-1";"00003973";"YUNYACCASA";"NE_0001";"";"NE_0001";"NE_0001";"NE_0001";"NE_0001";"NE_0001";"NE_0001";"NE_0001"
"2023";"04";"150140";"LIMA";"LIMA";"SANTIAGO DE SURCO";"PRIVADO";"I-2";"00010498";"ILA";"NE_0002";"";"NE_0002";"NE_0002";"NE_0002";"NE_0002";"NE_0002";"NE_0002";"NE_0002"
"2023";"04";"150122";"LIMA";"LIMA";"MIRAFLORES";"PRIVADO";"II-2";"00008746";"CLINICA GOOD HOPE";"240000";"HOSPITALIZACIÓN";"750";"860";"2620";"2710";"136";"3590";"12"
"2023";"04";"050904";"AYACUCHO";"SUCRE";"CHILCAYOC";"GOBIERNO REGIONAL";"I-2";"00003805";"PUESTO DE SALUD CHILCAYOCC";"NE_0001";"";"NE_0001";"NE_0001";"NE_0001";"NE_0001";"NE_0001";"NE_0001";"NE_0001"
"2023";"04";"050909";"AYACUCHO";"SUCRE";"SAN SALVADOR DE QUIJE";"GOBIERNO REGIONAL";"I-1";"00003806";"PUESTO DE SALUD SAN SALVADOR DE QUIJE";"NE_0001";"";"NE_0001";"NE_0001";"NE_0001";"NE_0001";"NE_0001";"NE_0001";"NE_0001"
"2023";"04";"050901";"AYACUCHO";"SUCRE";"QUEROBAMBA";"GOBIERNO REGIONAL";"I-4";"00003808";"CENTRO DE SALUD QUEROBAMBA";"241600";"HOSPITALIZACIÓN QUIRÚRGICA OBSTETRICIA   ";"3";"3";"5";"2";"10";"11";"0"
"2023";"04";"050907";"AYACUCHO";"SUCRE";"PAICO";"GOBIERNO REGIONAL";"I-1";"00003813";"PUESTO DE SALUD PAICO";"NE_0001";"";"NE_0001";"NE_0001";"NE_0001";"NE_0001";"NE_0001";"NE_0001";"NE_0001"
"2023";"04";"050905";"AYACUCHO";"SUCRE";"HUACAÑA";"GOBIERNO REGIONAL";"I-1";"00003719";"PUESTO DE SALUD HUACAÑA";"NE_0001";"";"NE_0001";"NE_0001";"NE_0001";"NE_0001";"NE_0001";"NE_0001";"NE_0001"
"2023";"04";"050901";"AYACUCHO";"SUCRE";"QUEROBAMBA";"GOBIERNO REGIONAL";"I-1";"00003802";"PUESTO DE SALUD POTONGO";"NE_0001";"";"NE_0001";"NE_0001";"NE_0001";"NE_0001";"NE_0001";"NE_0001";"NE_0001"
"2023";"04";"050910";"AYACUCHO";"SUCRE";"SANTIAGO DE PAUCARAY";"GOBIERNO REGIONAL";"I-1";"00007096";"PUESTO DE SALUD AUTAMA";"NE_0001";"";"NE_0001";"NE_0001";"NE_0001";"NE_0001";"NE_0001";"NE_0001";"NE_0001"
"2023";"04";"050906";"AYACUCHO";"SUCRE";"MORCOLLA";"GOBIERNO REGIONAL";"I-1";"00003812";"PUESTO DE SALUD HUACO";"NE_0001";"";"NE_0001";"NE_0001";"NE_0001";"NE_0001";"NE_0001";"NE_0001";"NE_0001"
"2023";"04";"050901";"AYACUCHO";"SUCRE";"QUEROBAMBA";"GOBIERNO REGIONAL";"I-1";"00003809";"PUESTO DE SALUD CHONTA";"NE_0001";"";"NE_0001";"NE_0001";"NE_0001";"NE_0001";"NE_0001";"NE_0001";"NE_0001"
"2023";"04";"050906";"AYACUCHO";"SUCRE";"MORCOLLA";"GOBIERNO REGIONAL";"I-1";"00003810";"PUESTO DE SALUD MORCOLLA";"NE_0001";"";"NE_0001";"NE_0001";"NE_0001";"NE_0001";"NE_0001";"NE_0001";"NE_0001"
"2023";"04";"050906";"AYACUCHO";"SUCRE";"MORCOLLA";"GOBIERNO REGIONAL";"I-1";"00003811";"PUESTO DE SALUD TINTAY";"NE_0001";"";"NE_0001";"NE_0001";"NE_0001";"NE_0001";"NE_0001";"NE_0001";"NE_0001"
"2023";"04";"050907";"AYACUCHO";"SUCRE";"PAICO";"GOBIERNO REGIONAL";"I-1";"00003814";"PUESTO DE SALUD SIHUE";"NE_0001";"";"NE_0001";"NE_0001";"NE_0001";"NE_0001";"NE_0001";"NE_0001";"NE_0001"
"2023";"04";"050910";"AYACUCHO";"SUCRE";"SANTIAGO DE PAUCARAY";"GOBIERNO REGIONAL";"I-1";"00003816";"PUESTO DE SALUD SANTIAGO DE PAUCARAY";"NE_0001";"";"NE_0001";"NE_0001";"NE_0001";"NE_0001";"NE_0001";"NE_0001";"NE_0001"
"2023";"04";"050911";"AYACUCHO";"SUCRE";"SORAS";"GOBIERNO REGIONAL";"I-3";"00003818";"CENTRO DE SALUD SORAS";"241600";"HOSPITALIZACIÓN QUIRÚRGICA OBSTETRICIA   ";"2";"2";"4";"1";"2";"3";"0"
"2023";"04";"050902";"AYACUCHO";"SUCRE";"BELEN";"GOBIERNO REGIONAL";"I-1";"00003803";"PUESTO DE SALUD BELEN";"NE_0001";"";"NE_0001";"NE_0001";"NE_0001";"NE_0001";"NE_0001";"NE_0001";"NE_0001"
"2023";"04";"050909";"AYACUCHO";"SUCRE";"SAN SALVADOR DE QUIJE";"GOBIERNO REGIONAL";"I-1";"00003807";"PUESTO DE SALUD SANTIAGO DE PALLCCA";"NE_0001";"";"NE_0001";"NE_0001";"NE_0001";"NE_0001";"NE_0001";"NE_0001";"NE_0001"
"2023";"04";"050903";"AYACUCHO";"SUCRE";"CHALCOS";"GOBIERNO REGIONAL";"I-1";"00003804";"PUESTO DE SALUD CHALCOS";"NE_0001";"";"NE_0001";"NE_0001";"NE_0001";"NE_0001";"NE_0001";"NE_0001";"NE_0001"
"2023";"04";"050908";"AYACUCHO";"SUCRE";"SAN PEDRO DE LARCAY";"GOBIERNO REGIONAL";"I-2";"00003815";"SAN PEDRO DE LARCAY";"NE_0001";"";"NE_0001";"NE_0001";"NE_0001";"NE_0001";"NE_0001";"NE_0001";"NE_0001"
"2023";"04";"050910";"AYACUCHO";"SUCRE";"SANTIAGO DE PAUCARAY";"GOBIERNO REGIONAL";"I-1";"00003817";"PUESTO DE SALUD ATIHUARA";"NE_0001";"";"NE_0001";"NE_0001";"NE_0001";"NE_0001";"NE_0001";"NE_0001";"NE_0001"
"2023";"04";"050909";"AYACUCHO";"SUCRE";"SAN SALVADOR DE QUIJE";"GOBIERNO REGIONAL";"I-1";"00006900";"PUESTO DE SALUD VISTA ALEGRE - SUCRE";"NE_0001";"";"NE_0001";"NE_0001";"NE_0001";"NE_0001";"NE_0001";"NE_0001";"NE_0001"
"2023";"04";"040101";"AREQUIPA";"AREQUIPA";"AREQUIPA";"ESSALUD";"I-3";"00013297";"POLICLINICO METROPOLITANO ESSALUD";"NE_0001";"";"NE_0001";"NE_0001";"NE_0001";"NE_0001";"NE_0001";"NE_0001";"NE_0001"
"2023";"04";"061103";"CAJAMARCA";"SAN MIGUEL";"CALQUIS";"GOBIERNO REGIONAL";"I-1";"00019286";"GORDILLOS";"NE_0001";"";"NE_0001";"NE_0001";"NE_0001";"NE_0001";"NE_0001";"NE_0001";"NE_0001"
"2023";"04";"061103";"CAJAMARCA";"SAN MIGUEL";"CALQUIS";"GOBIERNO REGIONAL";"I-2";"00004576";"CALQUIS";"NE_0001";"";"NE_0001";"NE_0001";"NE_0001";"NE_0001";"NE_0001";"NE_0001";"NE_0001"
"2023";"04";"061107";"CAJAMARCA";"SAN MIGUEL";"LLAPA";"GOBIERNO REGIONAL";"I-1";"00006809";"PAMPA LA CALZADA";"NE_0001";"";"NE_0001";"NE_0001";"NE_0001";"NE_0001";"NE_0001";"NE_0001";"NE_0001"
"2023";"04";"061101";"CAJAMARCA";"SAN MIGUEL";"SAN MIGUEL";"GOBIERNO REGIONAL";"I-4";"00004561";"SAN MIGUEL";"241800";"HOSPITALIZACIÓN DE MEDICINA MEDICINA GENERAL ";"27";"29";"76";"80";"6";"180";"NE_0002"
"2023";"04";"061101";"CAJAMARCA";"SAN MIGUEL";"SAN MIGUEL";"GOBIERNO REGIONAL";"I-4";"00004561";"SAN MIGUEL";"241600";"HOSPITALIZACIÓN QUIRÚRGICA OBSTETRICIA   ";"NE_0002";"NE_0002";"NE_0002";"NE_0002";"4";"120";"NE_0002"
"2023";"04";"061101";"CAJAMARCA";"SAN MIGUEL";"SAN MIGUEL";"GOBIERNO REGIONAL";"I-4";"00004561";"SAN MIGUEL";"241500";"HOSPITALIZACIÓN QUIRÚRGICA GINECOLOGÍA  ";"10";"10";"21";"31";"4";"120";"NE_0002"
"2023";"04";"061103";"CAJAMARCA";"SAN MIGUEL";"CALQUIS";"GOBIERNO REGIONAL";"I-1";"00004570";"TAULIS";"NE_0001";"";"NE_0001";"NE_0001";"NE_0001";"NE_0001";"NE_0001";"NE_0001";"NE_0001"
"2023";"04";"061101";"CAJAMARCA";"SAN MIGUEL";"SAN MIGUEL";"GOBIERNO REGIONAL";"I-1";"00004572";"SANTA ROSA";"NE_0001";"";"NE_0001";"NE_0001";"NE_0001";"NE_0001";"NE_0001";"NE_0001";"NE_0001"
"2023";"04";"061101";"CAJAMARCA";"SAN MIGUEL";"SAN MIGUEL";"GOBIERNO REGIONAL";"I-1";"00004574";"TAYAPAMPA";"NE_0001";"";"NE_0001";"NE_0001";"NE_0001";"NE_0001";"NE_0001";"NE_0001";"NE_0001"
"2023";"04";"061101";"CAJAMARCA";"SAN MIGUEL";"SAN MIGUEL";"GOBIERNO REGIONAL";"I-1";"00008996";"CHUAD";"NE_0001";"";"NE_0001";"NE_0001";"NE_0001";"NE_0001";"NE_0001";"NE_0001";"NE_0001"
"2023";"04";"061113";"CAJAMARCA";"SAN MIGUEL";"UNION AGUA BLANCA";"GOBIERNO REGIONAL";"I-2";"00004546";"UNION AGUA BLANCA";"NE_0001";"";"NE_0001";"NE_0001";"NE_0001";"NE_0001";"NE_0001";"NE_0001";"NE_0001"
"2023";"04";"061101";"CAJAMARCA";"SAN MIGUEL";"SAN MIGUEL";"GOBIERNO REGIONAL";"I-1";"00004571";"NITISUYO ALTO";"NE_0001";"";"NE_0001";"NE_0001";"NE_0001";"NE_0001";"NE_0001";"NE_0001";"NE_0001"
"2023";"04";"061105";"CAJAMARCA";"SAN MIGUEL";"EL PRADO";"GOBIERNO REGIONAL";"I-2";"00004575";"EL PRADO";"NE_0001";"";"NE_0001";"NE_0001";"NE_0001";"NE_0001";"NE_0001";"NE_0001";"NE_0001"
"2023";"04";"061101";"CAJAMARCA";"SAN MIGUEL";"SAN MIGUEL";"GOBIERNO REGIONAL";"I-1";"00019285";"CHIAPON";"NE_0001";"";"NE_0001";"NE_0001";"NE_0001";"NE_0001";"NE_0001";"NE_0001";"NE_0001"
"2023";"04";"120205";"JUNIN";"CONCEPCION";"COCHAS";"GOBIERNO REGIONAL";"I-2";"00000676";"COCHAS";"NE_0001";"";"NE_0001";"NE_0001";"NE_0001";"NE_0001";"NE_0001";"NE_0001";"NE_0001"
"2023";"04";"120206";"JUNIN";"CONCEPCION";"COMAS";"GOBIERNO REGIONAL";"I-1";"00000684";"RUNATULLO";"NE_0001";"";"NE_0001";"NE_0001";"NE_0001";"NE_0001";"NE_0001";"NE_0001";"NE_0001"
"2023";"04";"120203";"JUNIN";"CONCEPCION";"ANDAMARCA";"GOBIERNO REGIONAL";"I-1";"00019790";"PUNCO";"NE_0001";"";"NE_0001";"NE_0001";"NE_0001";"NE_0001";"NE_0001";"NE_0001";"NE_0001"
"2023";"04";"120135";"JUNIN";"HUANCAYO";"SANTO DOMINGO DE ACOBAMBA";"GOBIERNO REGIONAL";"I-1";"00024428";"POTRERO";"NE_0001";"";"NE_0001";"NE_0001";"NE_0001";"NE_0001";"NE_0001";"NE_0001";"NE_0001"
"2023";"04";"120135";"JUNIN";"HUANCAYO";"SANTO DOMINGO DE ACOBAMBA";"GOBIERNO REGIONAL";"I-3";"00000666";"SANTO DOMINGO DE ACOBAMBA";"NE_0001";"";"NE_0001";"NE_0001";"NE_0001";"NE_0001";"NE_0001";"NE_0001";"NE_0001"
"2023";"04";"120205";"JUNIN";"CONCEPCION";"COCHAS";"GOBIERNO REGIONAL";"I-1";"00000677";"PILCOLLAMA";"NE_0001";"";"NE_0001";"NE_0001";"NE_0001";"NE_0001";"NE_0001";"NE_0001";"NE_0001"
"2023";"04";"120206";"JUNIN";"CONCEPCION";"COMAS";"GOBIERNO REGIONAL";"I-3";"00000678";"COMAS";"NE_0001";"";"NE_0001";"NE_0001";"NE_0001";"NE_0001";"NE_0001";"NE_0001";"NE_0001"
"2023";"04";"120206";"JUNIN";"CONCEPCION";"COMAS";"GOBIERNO REGIONAL";"I-1";"00000682";"TALHUIS";"NE_0001";"";"NE_0001";"NE_0001";"NE_0001";"NE_0001";"NE_0001";"NE_0001";"NE_0001"
"2023";"04";"120135";"JUNIN";"HUANCAYO";"SANTO DOMINGO DE ACOBAMBA";"GOBIERNO REGIONAL";"I-1";"00023381";"YANABAMBA";"NE_0001";"";"NE_0001";"NE_0001";"NE_0001";"NE_0001";"NE_0001";"NE_0001";"NE_0001"
"2023";"04";"120203";"JUNIN";"CONCEPCION";"ANDAMARCA";"GOBIERNO REGIONAL";"I-2";"00000672";"ANDAMARCA";"NE_0001";"";"NE_0001";"NE_0001";"NE_0001";"NE_0001";"NE_0001";"NE_0001";"NE_0001"
"2023";"04";"120206";"JUNIN";"CONCEPCION";"COMAS";"GOBIERNO REGIONAL";"I-2";"00000679";"CANCHAPALCA";"NE_0001";"";"NE_0001";"NE_0001";"NE_0001";"NE_0001";"NE_0001";"NE_0001";"NE_0001"
"2023";"04";"120206";"JUNIN";"CONCEPCION";"COMAS";"GOBIERNO REGIONAL";"I-2";"00000680";"RACRACALLA";"NE_0001";"";"NE_0001";"NE_0001";"NE_0001";"NE_0001";"NE_0001";"NE_0001";"NE_0001"
"2023";"04";"120206";"JUNIN";"CONCEPCION";"COMAS";"GOBIERNO REGIONAL";"I-1";"00000681";"POMAMANTA";"NE_0001";"";"NE_0001";"NE_0001";"NE_0001";"NE_0001";"NE_0001";"NE_0001";"NE_0001"
"2023";"04";"120206";"JUNIN";"CONCEPCION";"COMAS";"GOBIERNO REGIONAL";"I-1";"00000683";"PUQUIAN";"NE_0001";"";"NE_0001";"NE_0001";"NE_0001";"NE_0001";"NE_0001";"NE_0001";"NE_0001"
"2023";"04";"150141";"LIMA";"LIMA";"SURQUILLO";"ESSALUD";"I-3";"00013091";"CENTRO DE ATENCION PRIMARIA III SURQUILLO";"NE_0001";"";"NE_0001";"NE_0001";"NE_0001";"NE_0001";"NE_0001";"NE_0001";"NE_0001"
"2023";"04";"150142";"LIMA";"LIMA";"VILLA EL SALVADOR";"PRIVADO";"II-E";"00024178";"CLINIC NOVASALUD";"240000";"HOSPITALIZACIÓN";"22";"22";"18";"22";"7";"13";"0"
"2023";"05";"051007";"AYACUCHO";"VICTOR FAJARDO";"COLCA";"GOBIERNO REGIONAL";"I-1";"00003836";"PUESTO DE SALUD QUILLA";"NE_0001";"";"NE_0001";"NE_0001";"NE_0001";"NE_0001";"NE_0001";"NE_0001";"NE_0001"
"2023";"05";"051001";"AYACUCHO";"VICTOR FAJARDO";"HUANCAPI";"GOBIERNO REGIONAL";"I-4";"00003834";"CENTRO DE SALUD HUANCAPI";"240100";"HOSPITALIZACIÓN QUIRÚRGICA CIRUGÍA GENERAL ";"4";"4";"12";"4";"4";"8";"0"
"2023";"05";"051001";"AYACUCHO";"VICTOR FAJARDO";"HUANCAPI";"GOBIERNO REGIONAL";"I-4";"00003834";"CENTRO DE SALUD HUANCAPI";"241600";"HOSPITALIZACIÓN QUIRÚRGICA OBSTETRICIA   ";"4";"4";"8";"4";"4";"8";"0"
"2023";"05";"051001";"AYACUCHO";"VICTOR FAJARDO";"HUANCAPI";"GOBIERNO REGIONAL";"I-4";"00003834";"CENTRO DE SALUD HUANCAPI";"241700";"HOSPITALIZACIÓN QUIRÚRGICA GINECOLOGÍA   GINECOLOGIA ONCOLOGiCA";"1";"1";"3";"4";"4";"8";"0"
"2023";"05";"051001";"AYACUCHO";"VICTOR FAJARDO";"HUANCAPI";"GOBIERNO REGIONAL";"I-4";"00003834";"CENTRO DE SALUD HUANCAPI";"241800";"HOSPITALIZACIÓN DE MEDICINA MEDICINA GENERAL ";"1";"1";"2";"4";"4";"8";"0"
"2023";"05";"051009";"AYACUCHO";"VICTOR FAJARDO";"HUANCARAYLLA";"GOBIERNO REGIONAL";"I-1";"00003839";"PUESTO DE SALUD LLUSITA";"NE_0001";"";"NE_0001";"NE_0001";"NE_0001";"NE_0001";"NE_0001";"NE_0001";"NE_0001"
"2023";"05";"051005";"AYACUCHO";"VICTOR FAJARDO";"CANARIA";"GOBIERNO REGIONAL";"I-3";"00003824";"CENTRO DE SALUD CANARIA";"241600";"HOSPITALIZACIÓN QUIRÚRGICA OBSTETRICIA   ";"2";"2";"5";"2";"2";"4";"0"
"2023";"05";"051006";"AYACUCHO";"VICTOR FAJARDO";"CAYARA";"GOBIERNO REGIONAL";"I-2";"00003828";"PUESTO DE SALUD CAYARA";"NE_0001";"";"NE_0001";"NE_0001";"NE_0001";"NE_0001";"NE_0001";"NE_0001";"NE_0001"
"2023";"05";"051007";"AYACUCHO";"VICTOR FAJARDO";"COLCA";"GOBIERNO REGIONAL";"I-1";"00003835";"PUESTO DE SALUD COLCA";"NE_0001";"";"NE_0001";"NE_0001";"NE_0001";"NE_0001";"NE_0001";"NE_0001";"NE_0001"
"2023";"05";"150113";"LIMA";"LIMA";"JESUS MARIA";"PRIVADO";"II-E";"00010669";"CLÍNICA PERUANA DE LA VISION";"NE_0001";"";"NE_0001";"NE_0001";"NE_0001";"NE_0001";"NE_0001";"NE_0001";"NE_0001"
"2023";"05";"150101";"LIMA";"LIMA";"LIMA";"PRIVADO";"I-2";"00018921";"ARIE";"NE_0002";"";"NE_0002";"NE_0002";"NE_0002";"NE_0002";"NE_0002";"NE_0002";"NE_0002"
"2023";"05";"120601";"JUNIN";"SATIPO";"SATIPO";"SANIDAD DE LA POLICIA NACIONAL DEL PERU";"I-2";"00011485";"POSTA MEDICA POLICIAL SATIPO";"NE_0001";"";"NE_0001";"NE_0001";"NE_0001";"NE_0001";"NE_0001";"NE_0001";"NE_0001"
"2023";"05";"140101";"LAMBAYEQUE";"CHICLAYO";"CHICLAYO";"GOBIERNO REGIONAL";"III-1";"00011470";"HOSPITAL REGIONAL LAMBAYEQUE";"240000";"HOSPITALIZACIÓN";"536";"439";"1757";"2702";"102";"3162";"16"
"2023";"05";"140101";"LAMBAYEQUE";"CHICLAYO";"CHICLAYO";"GOBIERNO REGIONAL";"III-1";"00011470";"HOSPITAL REGIONAL LAMBAYEQUE";"242300";"HOSPITALIZACIÓN DE PEDIATRÍA  PEDIATRÍA  GENERAL ";"112";"109";"565";"689";"32";"992";"1"
"2023";"05";"140101";"LAMBAYEQUE";"CHICLAYO";"CHICLAYO";"GOBIERNO REGIONAL";"III-1";"00011470";"HOSPITAL REGIONAL LAMBAYEQUE";"243200";"HOSPITALIZACIÓN DE PEDIATRÍA PEDIATRIA NEONATOLOGÍA";"61";"8";"64";"489";"16";"496";"1"
"2023";"05";"140101";"LAMBAYEQUE";"CHICLAYO";"CHICLAYO";"GOBIERNO REGIONAL";"III-1";"00011470";"HOSPITAL REGIONAL LAMBAYEQUE";"250100";"UNIDAD DE CUIDADOS CRITICOS UNIDAD  DE CUIDADOS INTENSIVOS GENERALES (UCI) ";"18";"2";"20";"243";"8";"248";"2"
"2023";"05";"140101";"LAMBAYEQUE";"CHICLAYO";"CHICLAYO";"GOBIERNO REGIONAL";"III-1";"00011470";"HOSPITAL REGIONAL LAMBAYEQUE";"250200";"UNIDAD DE CUIDADOS CRITICOS UNIDAD DE CUIDADOS INTERMEDIOS GENERAL  (UCIN) ";"26";"7";"34";"304";"12";"372";"7"
"2023";"05";"140101";"LAMBAYEQUE";"CHICLAYO";"CHICLAYO";"GOBIERNO REGIONAL";"III-1";"00011470";"HOSPITAL REGIONAL LAMBAYEQUE";"250105";"UNIDAD DE CUIDADOS CRITICOS UNIDAD  DE CUIDADOS INTENSIVOS  (UCI) NEONATOLOGÍA";"12";"1";"0";"186";"7";"217";"1"
"2023";"05";"140101";"LAMBAYEQUE";"CHICLAYO";"CHICLAYO";"GOBIERNO REGIONAL";"III-1";"00011470";"HOSPITAL REGIONAL LAMBAYEQUE";"250108";"UNIDAD DE CUIDADOS CRITICOS UNIDAD  DE CUIDADOS INTENSIVOS  (UCI) PEDIÁTRICA";"8";"1";"21";"116";"4";"124";"0"
"2023";"05";"060607";"CAJAMARCA";"CUTERVO";"QUEROCOTILLO";"GOBIERNO REGIONAL";"I-1";"00007101";"EL GUAYO";"NE_0001";"";"NE_0001";"NE_0001";"NE_0001";"NE_0001";"NE_0001";"NE_0001";"NE_0001"
"2023";"05";"060601";"CAJAMARCA";"CUTERVO";"CUTERVO";"GOBIERNO REGIONAL";"I-1";"00006851";"HUICHUD";"NE_0001";"";"NE_0001";"NE_0001";"NE_0001";"NE_0001";"NE_0001";"NE_0001";"NE_0001"
"2023";"05";"060601";"CAJAMARCA";"CUTERVO";"CUTERVO";"GOBIERNO REGIONAL";"I-1";"00007102";"SANICULLO ALTO";"NE_0001";"";"NE_0001";"NE_0001";"NE_0001";"NE_0001";"NE_0001";"NE_0001";"NE_0001"
"2023";"05";"060607";"CAJAMARCA";"CUTERVO";"QUEROCOTILLO";"GOBIERNO REGIONAL";"I-1";"00007746";"LAGUNAS";"NE_0001";"";"NE_0001";"NE_0001";"NE_0001";"NE_0001";"NE_0001";"NE_0001";"NE_0001"
"2023";"05";"060607";"CAJAMARCA";"CUTERVO";"QUEROCOTILLO";"GOBIERNO REGIONAL";"I-1";"00007747";"PAJURILLO";"NE_0001";"";"NE_0001";"NE_0001";"NE_0001";"NE_0001";"NE_0001";"NE_0001";"NE_0001"
"2023";"05";"060601";"CAJAMARCA";"CUTERVO";"CUTERVO";"GOBIERNO REGIONAL";"I-1";"00007752";"SANTA CLARA DE CAMSE";"NE_0001";"";"NE_0001";"NE_0001";"NE_0001";"NE_0001";"NE_0001";"NE_0001";"NE_0001"
"2023";"05";"060601";"CAJAMARCA";"CUTERVO";"CUTERVO";"GOBIERNO REGIONAL";"I-3";"00004992";"SINCHIMACHE";"NE_0001";"";"NE_0001";"NE_0001";"NE_0001";"NE_0001";"NE_0001";"NE_0001";"NE_0001"
"2023";"03";"120705";"JUNIN";"TARMA";"LA UNION";"GOBIERNO REGIONAL";"I-1";"00000600";"UCHURACRA";"NE_0001";"";"NE_0001";"NE_0001";"NE_0001";"NE_0001";"NE_0001";"NE_0001";"NE_0001"
"2023";"03";"120705";"JUNIN";"TARMA";"LA UNION";"GOBIERNO REGIONAL";"I-1";"00000598";"CUYRUHUASI";"NE_0001";"";"NE_0001";"NE_0001";"NE_0001";"NE_0001";"NE_0001";"NE_0001";"NE_0001"
"2023";"03";"180303";"MOQUEGUA";"ILO";"PACOCHA";"PRIVADO";"II-1";"00017563";"HOSPITAL SPCC - ILO";"240100";"HOSPITALIZACIÓN QUIRÚRGICA CIRUGÍA GENERAL ";"10";"9";"34";"46";"12";"372";"0"
"2023";"03";"180303";"MOQUEGUA";"ILO";"PACOCHA";"PRIVADO";"II-1";"00017563";"HOSPITAL SPCC - ILO";"241400";"HOSPITALIZACIÓN QUIRÚRGICA GINECO - OBSTETRICIA ";"8";"5";"24";"35";"4";"124";"0"
"2023";"03";"180303";"MOQUEGUA";"ILO";"PACOCHA";"PRIVADO";"II-1";"00017563";"HOSPITAL SPCC - ILO";"241800";"HOSPITALIZACIÓN DE MEDICINA MEDICINA GENERAL ";"7";"8";"27";"63";"14";"434";"0"
"2023";"03";"180303";"MOQUEGUA";"ILO";"PACOCHA";"PRIVADO";"II-1";"00017563";"HOSPITAL SPCC - ILO";"242500";"HOSPITALIZACIÓN-PEDIATRÍA GENERAL-";"2";"1";"5";"8";"7";"217";"0"
"2023";"04";"080707";"CUSCO";"CHUMBIVILCAS";"QUIÑOTA";"GOBIERNO REGIONAL";"I-1";"00006984";"CCOLLANA";"NE_0001";"";"NE_0001";"NE_0001";"NE_0001";"NE_0001";"NE_0001";"NE_0001";"NE_0001"
"2023";"04";"080706";"CUSCO";"CHUMBIVILCAS";"LLUSCO";"GOBIERNO REGIONAL";"I-1";"00027008";"ANTUYO";"NE_0001";"";"NE_0001";"NE_0001";"NE_0001";"NE_0001";"NE_0001";"NE_0001";"NE_0001"
"2023";"04";"080707";"CUSCO";"CHUMBIVILCAS";"QUIÑOTA";"GOBIERNO REGIONAL";"I-1";"00025369";"PUMALLACTA";"NE_0001";"";"NE_0001";"NE_0001";"NE_0001";"NE_0001";"NE_0001";"NE_0001";"NE_0001"
"2023";"04";"080706";"CUSCO";"CHUMBIVILCAS";"LLUSCO";"GOBIERNO REGIONAL";"I-2";"00006747";"LUTTO";"NE_0001";"";"NE_0001";"NE_0001";"NE_0001";"NE_0001";"NE_0001";"NE_0001";"NE_0001"
"2023";"04";"080706";"CUSCO";"CHUMBIVILCAS";"LLUSCO";"GOBIERNO REGIONAL";"I-2";"00002407";"LLUSCO";"NE_0001";"";"NE_0001";"NE_0001";"NE_0001";"NE_0001";"NE_0001";"NE_0001";"NE_0001"
"2023";"04";"080707";"CUSCO";"CHUMBIVILCAS";"QUIÑOTA";"GOBIERNO REGIONAL";"I-2";"00002408";"QUIÑOTA";"NE_0001";"";"NE_0001";"NE_0001";"NE_0001";"NE_0001";"NE_0001";"NE_0001";"NE_0001"
"2023";"04";"150140";"LIMA";"LIMA";"SANTIAGO DE SURCO";"PRIVADO";"II-E";"00013064";"CLINICA CEDRON";"240000";"HOSPITALIZACIÓN";"49";"50";"64";"63";"6";"180";"0"
"2023";"04";"060401";"CAJAMARCA";"CHOTA";"CHOTA";"GOBIERNO REGIONAL";"II-1";"00004659";"HOSPITAL DE APOYO CHOTA - JOSE SOTO CADENILLAS";"240100";"HOSPITALIZACIÓN QUIRÚRGICA CIRUGÍA GENERAL ";"87";"94";"328";"398";"18";"540";"0"
"2023";"04";"230302";"TACNA";"JORGE BASADRE";"ILABAYA";"ESSALUD";"I-2";"00010191";"CENTRO DE ATENCION PRIMARIA I   ILABAYA";"NE_0001";"";"NE_0001";"NE_0001";"NE_0001";"NE_0001";"NE_0001";"NE_0001";"NE_0001"
"2023";"04";"220901";"SAN MARTIN";"SAN MARTIN";"TARAPOTO";"ESSALUD";"II-1";"00027733";"HOSPITAL II TARAPOTO";"241800";"HOSPITALIZACIÓN DE MEDICINA MEDICINA GENERAL ";"142";"133";"957";"816";"28";"840";"6"
"2023";"04";"220901";"SAN MARTIN";"SAN MARTIN";"TARAPOTO";"ESSALUD";"II-1";"00027733";"HOSPITAL II TARAPOTO";"250304";"HOSPIT. EN UNIDAD DE CUID.INTEN.-UNIDAD DE VIGILANCIA INTENSIVA (UVI)-MEDICINA";"17";"13";"113";"113";"8";"240";"10"
"2023";"04";"220901";"SAN MARTIN";"SAN MARTIN";"TARAPOTO";"ESSALUD";"II-1";"00027733";"HOSPITAL II TARAPOTO";"240100";"HOSPITALIZACIÓN QUIRÚRGICA CIRUGÍA GENERAL ";"170";"168";"622";"501";"19";"570";"0"
"2023";"04";"220901";"SAN MARTIN";"SAN MARTIN";"TARAPOTO";"ESSALUD";"II-1";"00027733";"HOSPITAL II TARAPOTO";"241400";"HOSPITALIZACIÓN QUIRÚRGICA GINECO - OBSTETRICIA ";"185";"182";"599";"414";"17";"510";"0"
"2023";"04";"220901";"SAN MARTIN";"SAN MARTIN";"TARAPOTO";"ESSALUD";"II-1";"00027733";"HOSPITAL II TARAPOTO";"242300";"HOSPITALIZACIÓN DE PEDIATRÍA  PEDIATRÍA  GENERAL ";"103";"102";"514";"407";"14";"420";"2"
"2023";"04";"060401";"CAJAMARCA";"CHOTA";"CHOTA";"GOBIERNO REGIONAL";"II-1";"00004659";"HOSPITAL DE APOYO CHOTA - JOSE SOTO CADENILLAS";"241400";"HOSPITALIZACIÓN QUIRÚRGICA GINECO - OBSTETRICIA ";"167";"183";"408";"362";"22";"660";"0"
"2023";"04";"060401";"CAJAMARCA";"CHOTA";"CHOTA";"GOBIERNO REGIONAL";"II-1";"00004659";"HOSPITAL DE APOYO CHOTA - JOSE SOTO CADENILLAS";"241800";"HOSPITALIZACIÓN DE MEDICINA MEDICINA GENERAL ";"79";"89";"371";"310";"12";"360";"3"
"2023";"04";"060401";"CAJAMARCA";"CHOTA";"CHOTA";"GOBIERNO REGIONAL";"II-1";"00004659";"HOSPITAL DE APOYO CHOTA - JOSE SOTO CADENILLAS";"242500";"HOSPITALIZACIÓN-PEDIATRÍA GENERAL-";"51";"53";"119";"127";"8";"240";"0"
"2023";"04";"060701";"CAJAMARCA";"HUALGAYOC";"BAMBAMARCA";"GOBIERNO REGIONAL";"II-1";"00004782";"BAMBAMARCA - TITO VILLAR CABEZAS";"241400";"HOSPITALIZACIÓN QUIRÚRGICA GINECO - OBSTETRICIA ";"79";"82";"151";"164";"7";"210";"0"
"2023";"04";"060701";"CAJAMARCA";"HUALGAYOC";"BAMBAMARCA";"GOBIERNO REGIONAL";"II-1";"00004782";"BAMBAMARCA - TITO VILLAR CABEZAS";"241800";"HOSPITALIZACIÓN DE MEDICINA MEDICINA GENERAL ";"24";"28";"79";"75";"5";"150";"2"
"2023";"04";"060701";"CAJAMARCA";"HUALGAYOC";"BAMBAMARCA";"GOBIERNO REGIONAL";"II-1";"00004782";"BAMBAMARCA - TITO VILLAR CABEZAS";"240100";"HOSPITALIZACIÓN QUIRÚRGICA CIRUGÍA GENERAL ";"23";"24";"48";"48";"3";"90";"0"
"2023";"04";"060701";"CAJAMARCA";"HUALGAYOC";"BAMBAMARCA";"GOBIERNO REGIONAL";"II-1";"00004782";"BAMBAMARCA - TITO VILLAR CABEZAS";"242500";"HOSPITALIZACIÓN-PEDIATRÍA GENERAL-";"4";"5";"8";"4";"2";"60";"0"
"2023";"04";"060701";"CAJAMARCA";"HUALGAYOC";"BAMBAMARCA";"GOBIERNO REGIONAL";"II-1";"00004782";"BAMBAMARCA - TITO VILLAR CABEZAS";"243200";"HOSPITALIZACIÓN DE PEDIATRÍA PEDIATRIA NEONATOLOGÍA";"2";"2";"3";"3";"2";"60";"1"
"2023";"04";"060701";"CAJAMARCA";"HUALGAYOC";"BAMBAMARCA";"GOBIERNO REGIONAL";"II-1";"00004782";"BAMBAMARCA - TITO VILLAR CABEZAS";"241500";"HOSPITALIZACIÓN QUIRÚRGICA GINECOLOGÍA  ";"3";"3";"9";"9";"1";"30";"0"
"2023";"04";"021801";"ANCASH";"SANTA";"CHIMBOTE";"GOBIERNO REGIONAL";"II-2";"00001652";"HOSPITAL LA CALETA";"241800";"HOSPITALIZACIÓN DE MEDICINA MEDICINA GENERAL ";"11";"13";"145";"192";"7";"210";"6"
"2023";"04";"021801";"ANCASH";"SANTA";"CHIMBOTE";"GOBIERNO REGIONAL";"II-2";"00001652";"HOSPITAL LA CALETA";"244700";"HOSPITALIZACIÓN DE MEDICINA NEUROLOGIA  ";"2";"1";"15";"30";"1";"30";"0"
"2023";"04";"021801";"ANCASH";"SANTA";"CHIMBOTE";"GOBIERNO REGIONAL";"II-2";"00001652";"HOSPITAL LA CALETA";"244300";"HOSPITALIZACIÓN DE MEDICINA GASTROENTEROLOGÍA  ";"3";"1";"2";"40";"2";"60";"0"
"2023";"04";"021801";"ANCASH";"SANTA";"CHIMBOTE";"GOBIERNO REGIONAL";"II-2";"00001652";"HOSPITAL LA CALETA";"245300";"HOSPITALIZACIÓN DE MEDICINA NEUMOLOGÍA  ";"18";"14";"143";"187";"7";"210";"0"
"2023";"04";"021801";"ANCASH";"SANTA";"CHIMBOTE";"GOBIERNO REGIONAL";"II-2";"00001652";"HOSPITAL LA CALETA";"242200";"HOSPITALIZACIÓN DE MEDICINA PSIQUIATRÍA ";"1";"2";"77";"148";"5";"150";"0"
"2023";"04";"021801";"ANCASH";"SANTA";"CHIMBOTE";"GOBIERNO REGIONAL";"II-2";"00001652";"HOSPITAL LA CALETA";"244600";"HOSPITALIZACIÓN DE MEDICINA NEFROLOGIA ";"4";"5";"63";"59";"2";"60";"0"
"2023";"04";"021801";"ANCASH";"SANTA";"CHIMBOTE";"GOBIERNO REGIONAL";"II-2";"00001652";"HOSPITAL LA CALETA";"240100";"HOSPITALIZACIÓN QUIRÚRGICA CIRUGÍA GENERAL ";"64";"69";"165";"167";"6";"180";"1"
"2023";"04";"021801";"ANCASH";"SANTA";"CHIMBOTE";"GOBIERNO REGIONAL";"II-2";"00001652";"HOSPITAL LA CALETA";"241200";"HOSPITALIZACIÓN QUIRÚRGICA TRAUMATOLOGÍA Y ORTOPEDIA ";"22";"21";"195";"191";"7";"210";"0"
"2023";"04";"021801";"ANCASH";"SANTA";"CHIMBOTE";"GOBIERNO REGIONAL";"II-2";"00001652";"HOSPITAL LA CALETA";"241300";"HOSPITALIZACIÓN QUIRÚRGICA UROLOGÍA  ";"10";"11";"47";"40";"2";"60";"0"
"2023";"04";"021801";"ANCASH";"SANTA";"CHIMBOTE";"GOBIERNO REGIONAL";"II-2";"00001652";"HOSPITAL LA CALETA";"240200";"HOSPITALIZACIÓN QUIRÚRGICA CIRUGÍA DE CABEZA Y CUELLO / MÁXILO FACIAL ";"0";"1";"5";"2";"1";"30";"0"
"2023";"04";"021801";"ANCASH";"SANTA";"CHIMBOTE";"GOBIERNO REGIONAL";"II-2";"00001652";"HOSPITAL LA CALETA";"240800";"HOSPITALIZACIÓN QUIRÚRGICA CIRUGÍA PLÁSTICA/RECONSTRUCTIVA/ REPARADORA ";"5";"1";"4";"46";"2";"60";"0"
"2023";"04";"021801";"ANCASH";"SANTA";"CHIMBOTE";"GOBIERNO REGIONAL";"II-2";"00001652";"HOSPITAL LA CALETA";"242500";"HOSPITALIZACIÓN-PEDIATRÍA GENERAL-";"154";"161";"612";"653";"23";"690";"4"
"2023";"04";"021801";"ANCASH";"SANTA";"CHIMBOTE";"GOBIERNO REGIONAL";"II-2";"00001652";"HOSPITAL LA CALETA";"241600";"HOSPITALIZACIÓN QUIRÚRGICA OBSTETRICIA   ";"211";"218";"464";"484";"17";"510";"0"
"2023";"04";"021801";"ANCASH";"SANTA";"CHIMBOTE";"GOBIERNO REGIONAL";"II-2";"00001652";"HOSPITAL LA CALETA";"241500";"HOSPITALIZACIÓN QUIRÚRGICA GINECOLOGÍA  ";"21";"22";"101";"92";"4";"120";"1"
"2023";"04";"070102";"CALLAO";"CALLAO";"BELLAVISTA";"ESSALUD";"III-1";"00008265";"HOSPITAL NACIONAL ALBERTO SABOGAL SOLOGUREN DE LA RED ASISTENCIAL SABOGAL";"241900";"HOSPITALIZACIÓN DE MEDICINA MEDICINA INTERNA ";"445";"431";"5431";"5545";"200";"5995";"35"
"2023";"04";"070102";"CALLAO";"CALLAO";"BELLAVISTA";"ESSALUD";"III-1";"00008265";"HOSPITAL NACIONAL ALBERTO SABOGAL SOLOGUREN DE LA RED ASISTENCIAL SABOGAL";"250200";"UNIDAD DE CUIDADOS CRITICOS UNIDAD DE CUIDADOS INTERMEDIOS GENERAL  (UCIN) ";"22";"44";"1230";"417";"14";"420";"3"
"2023";"04";"070102";"CALLAO";"CALLAO";"BELLAVISTA";"ESSALUD";"III-1";"00008265";"HOSPITAL NACIONAL ALBERTO SABOGAL SOLOGUREN DE LA RED ASISTENCIAL SABOGAL";"240100";"HOSPITALIZACIÓN QUIRÚRGICA CIRUGÍA GENERAL ";"124";"133";"1183";"953";"35";"1050";"2"
"2023";"04";"070102";"CALLAO";"CALLAO";"BELLAVISTA";"ESSALUD";"III-1";"00008265";"HOSPITAL NACIONAL ALBERTO SABOGAL SOLOGUREN DE LA RED ASISTENCIAL SABOGAL";"240200";"HOSPITALIZACIÓN QUIRÚRGICA CIRUGÍA DE CABEZA Y CUELLO / MÁXILO FACIAL ";"51";"48";"228";"233";"8";"240";"0"
"2023";"04";"070102";"CALLAO";"CALLAO";"BELLAVISTA";"ESSALUD";"III-1";"00008265";"HOSPITAL NACIONAL ALBERTO SABOGAL SOLOGUREN DE LA RED ASISTENCIAL SABOGAL";"240400";"HOSPITALIZACIÓN QUIRÚRGICA CIRUGÍA DE TÓRAX Y CARDIOVASCULAR ";"14";"12";"68";"114";"4";"120";"0"
"2023";"04";"070102";"CALLAO";"CALLAO";"BELLAVISTA";"ESSALUD";"III-1";"00008265";"HOSPITAL NACIONAL ALBERTO SABOGAL SOLOGUREN DE LA RED ASISTENCIAL SABOGAL";"240800";"HOSPITALIZACIÓN QUIRÚRGICA CIRUGÍA PLÁSTICA/RECONSTRUCTIVA/ REPARADORA ";"5";"9";"65";"50";"2";"60";"0"
"2023";"04";"070102";"CALLAO";"CALLAO";"BELLAVISTA";"ESSALUD";"III-1";"00008265";"HOSPITAL NACIONAL ALBERTO SABOGAL SOLOGUREN DE LA RED ASISTENCIAL SABOGAL";"241700";"HOSPITALIZACIÓN QUIRÚRGICA GINECOLOGÍA   GINECOLOGIA ONCOLOGiCA";"54";"56";"182";"163";"6";"180";"0"
"2023";"04";"070102";"CALLAO";"CALLAO";"BELLAVISTA";"ESSALUD";"III-1";"00008265";"HOSPITAL NACIONAL ALBERTO SABOGAL SOLOGUREN DE LA RED ASISTENCIAL SABOGAL";"241900";"HOSPITALIZACIÓN DE MEDICINA MEDICINA INTERNA ";"13";"14";"142";"154";"6";"170";"0"
"2023";"04";"070102";"CALLAO";"CALLAO";"BELLAVISTA";"ESSALUD";"III-1";"00008265";"HOSPITAL NACIONAL ALBERTO SABOGAL SOLOGUREN DE LA RED ASISTENCIAL SABOGAL";"242000";"HOSPITALIZACIÓN DE MEDICINA MEDICINA TROPICAL E INFECCIOSAS ";"33";"37";"388";"318";"11";"340";"1"
"2023";"04";"070102";"CALLAO";"CALLAO";"BELLAVISTA";"ESSALUD";"III-1";"00008265";"HOSPITAL NACIONAL ALBERTO SABOGAL SOLOGUREN DE LA RED ASISTENCIAL SABOGAL";"242100";"HOSPITALIZACIÓN DE MEDICINA ONCOLOGÍA MÉDICA ";"86";"89";"471";"392";"14";"425";"1"
"2023";"04";"070102";"CALLAO";"CALLAO";"BELLAVISTA";"ESSALUD";"III-1";"00008265";"HOSPITAL NACIONAL ALBERTO SABOGAL SOLOGUREN DE LA RED ASISTENCIAL SABOGAL";"240700";"HOSPITALIZACIÓN QUIRÚRGICA CIRUGÍA PEDIÁTRICA ";"51";"59";"362";"344";"12";"360";"0"
"2023";"04";"070102";"CALLAO";"CALLAO";"BELLAVISTA";"ESSALUD";"III-1";"00008265";"HOSPITAL NACIONAL ALBERTO SABOGAL SOLOGUREN DE LA RED ASISTENCIAL SABOGAL";"240900";"HOSPITALIZACIÓN QUIRÚRGICA NEUROCIRUGÍA ";"40";"40";"267";"310";"12";"360";"0"
"2023";"04";"070102";"CALLAO";"CALLAO";"BELLAVISTA";"ESSALUD";"III-1";"00008265";"HOSPITAL NACIONAL ALBERTO SABOGAL SOLOGUREN DE LA RED ASISTENCIAL SABOGAL";"241100";"HOSPITALIZACIÓN QUIRÚRGICA OTORRINOLARINGOLOGÍA  ";"40";"41";"143";"125";"5";"150";"0"
"2023";"04";"070102";"CALLAO";"CALLAO";"BELLAVISTA";"ESSALUD";"III-1";"00008265";"HOSPITAL NACIONAL ALBERTO SABOGAL SOLOGUREN DE LA RED ASISTENCIAL SABOGAL";"241200";"HOSPITALIZACIÓN QUIRÚRGICA TRAUMATOLOGÍA Y ORTOPEDIA ";"91";"79";"981";"1143";"42";"1260";"0"
"2023";"04";"070102";"CALLAO";"CALLAO";"BELLAVISTA";"ESSALUD";"III-1";"00008265";"HOSPITAL NACIONAL ALBERTO SABOGAL SOLOGUREN DE LA RED ASISTENCIAL SABOGAL";"241300";"HOSPITALIZACIÓN QUIRÚRGICA UROLOGÍA  ";"93";"91";"446";"438";"15";"450";"0"
"2023";"04";"070102";"CALLAO";"CALLAO";"BELLAVISTA";"ESSALUD";"III-1";"00008265";"HOSPITAL NACIONAL ALBERTO SABOGAL SOLOGUREN DE LA RED ASISTENCIAL SABOGAL";"241500";"HOSPITALIZACIÓN QUIRÚRGICA GINECOLOGÍA  ";"77";"76";"257";"268";"10";"300";"0"
"2023";"04";"070102";"CALLAO";"CALLAO";"BELLAVISTA";"ESSALUD";"III-1";"00008265";"HOSPITAL NACIONAL ALBERTO SABOGAL SOLOGUREN DE LA RED ASISTENCIAL SABOGAL";"241600";"HOSPITALIZACIÓN QUIRÚRGICA OBSTETRICIA   ";"225";"233";"1011";"939";"45";"1350";"0"
"2023";"04";"070102";"CALLAO";"CALLAO";"BELLAVISTA";"ESSALUD";"III-1";"00008265";"HOSPITAL NACIONAL ALBERTO SABOGAL SOLOGUREN DE LA RED ASISTENCIAL SABOGAL";"242300";"HOSPITALIZACIÓN DE PEDIATRÍA  PEDIATRÍA  GENERAL ";"60";"87";"1038";"936";"33";"990";"0"
"2023";"04";"070102";"CALLAO";"CALLAO";"BELLAVISTA";"ESSALUD";"III-1";"00008265";"HOSPITAL NACIONAL ALBERTO SABOGAL SOLOGUREN DE LA RED ASISTENCIAL SABOGAL";"250100";"UNIDAD DE CUIDADOS CRITICOS UNIDAD  DE CUIDADOS INTENSIVOS GENERALES (UCI) ";"25";"36";"388";"252";"9";"270";"18"
"2023";"04";"061111";"CAJAMARCA";"SAN MIGUEL";"SAN SILVESTRE DE COCHAN";"GOBIERNO REGIONAL";"I-1";"00004566";"TANTACHUAL BAJO";"NE_0001";"";"NE_0001";"NE_0001";"NE_0001";"NE_0001";"NE_0001";"NE_0001";"NE_0001"
"2023";"04";"061107";"CAJAMARCA";"SAN MIGUEL";"LLAPA";"GOBIERNO REGIONAL";"I-1";"00004565";"SAN ANTONIO DE OJOS";"NE_0001";"";"NE_0001";"NE_0001";"NE_0001";"NE_0001";"NE_0001";"NE_0001";"NE_0001"
"2023";"04";"061111";"CAJAMARCA";"SAN MIGUEL";"SAN SILVESTRE DE COCHAN";"GOBIERNO REGIONAL";"I-1";"00007084";"LUCMILLO";"NE_0001";"";"NE_0001";"NE_0001";"NE_0001";"NE_0001";"NE_0001";"NE_0001";"NE_0001"
"2023";"04";"061107";"CAJAMARCA";"SAN MIGUEL";"LLAPA";"GOBIERNO REGIONAL";"I-1";"00004609";"UCHUQUINUA";"NE_0001";"";"NE_0001";"NE_0001";"NE_0001";"NE_0001";"NE_0001";"NE_0001";"NE_0001"
"2023";"04";"061107";"CAJAMARCA";"SAN MIGUEL";"LLAPA";"GOBIERNO REGIONAL";"I-3";"00004562";"LLAPA";"NE_0001";"";"NE_0001";"NE_0001";"NE_0001";"NE_0001";"NE_0001";"NE_0001";"NE_0001"
"2023";"04";"061107";"CAJAMARCA";"SAN MIGUEL";"LLAPA";"GOBIERNO REGIONAL";"I-1";"00004564";"SABANA";"NE_0001";"";"NE_0001";"NE_0001";"NE_0001";"NE_0001";"NE_0001";"NE_0001";"NE_0001"
"2023";"04";"061111";"CAJAMARCA";"SAN MIGUEL";"SAN SILVESTRE DE COCHAN";"GOBIERNO REGIONAL";"I-2";"00004568";"SAN SILVESTRE DE COCHAN";"NE_0001";"";"NE_0001";"NE_0001";"NE_0001";"NE_0001";"NE_0001";"NE_0001";"NE_0001"
"2023";"04";"061111";"CAJAMARCA";"SAN MIGUEL";"SAN SILVESTRE DE COCHAN";"GOBIERNO REGIONAL";"I-1";"00004563";"EL TAMBO";"NE_0001";"";"NE_0001";"NE_0001";"NE_0001";"NE_0001";"NE_0001";"NE_0001";"NE_0001"
"2023";"04";"061107";"CAJAMARCA";"SAN MIGUEL";"LLAPA";"GOBIERNO REGIONAL";"I-1";"00004567";"PAMPA CUYOC";"NE_0001";"";"NE_0001";"NE_0001";"NE_0001";"NE_0001";"NE_0001";"NE_0001";"NE_0001"
"2023";"04";"061107";"CAJAMARCA";"SAN MIGUEL";"LLAPA";"GOBIERNO REGIONAL";"I-1";"00007083";"PABELLON CHICO";"NE_0001";"";"NE_0001";"NE_0001";"NE_0001";"NE_0001";"NE_0001";"NE_0001";"NE_0001"
"2023";"05";"070106";"CALLAO";"CALLAO";"VENTANILLA";"SANIDAD DE LA POLICIA NACIONAL DEL PERU";"I-2";"00010573";"POSTA MEDICA POLICIAL VENTANILLA";"NE_0001";"";"NE_0001";"NE_0001";"NE_0001";"NE_0001";"NE_0001";"NE_0001";"NE_0001"
"2023";"05";"130101";"LA LIBERTAD";"TRUJILLO";"TRUJILLO";"PRIVADO";"II-E";"00024168";"NORLASER";"NE_0001";"";"NE_0001";"NE_0001";"NE_0001";"NE_0001";"NE_0001";"NE_0001";"NE_0001"
"2023";"05";"050206";"AYACUCHO";"CANGALLO";"TOTOS";"GOBIERNO REGIONAL";"I-1";"00003625";"QUIÑASI";"NE_0001";"";"NE_0001";"NE_0001";"NE_0001";"NE_0001";"NE_0001";"NE_0001";"NE_0001"
"2023";"05";"051012";"AYACUCHO";"VICTOR FAJARDO";"VILCANCHOS";"GOBIERNO REGIONAL";"I-1";"00003627";"COCAS";"NE_0001";"";"NE_0001";"NE_0001";"NE_0001";"NE_0001";"NE_0001";"NE_0001";"NE_0001"
"2023";"05";"050206";"AYACUCHO";"CANGALLO";"TOTOS";"GOBIERNO REGIONAL";"I-1";"00003622";"CHUYMAY";"NE_0001";"";"NE_0001";"NE_0001";"NE_0001";"NE_0001";"NE_0001";"NE_0001";"NE_0001"
"2023";"05";"051012";"AYACUCHO";"VICTOR FAJARDO";"VILCANCHOS";"GOBIERNO REGIONAL";"I-2";"00003628";"PUESTO DE SALUD VILCANCHOS";"NE_0001";"";"NE_0001";"NE_0001";"NE_0001";"NE_0001";"NE_0001";"NE_0001";"NE_0001"
"2023";"05";"080901";"CUSCO";"LA CONVENCION";"SANTA ANA";"SANIDAD DE LA POLICIA NACIONAL DEL PERU";"I-2";"00011744";"POSTA MEDICO POLICIAL LA CONVENCION - QUILLABAMBA";"NE_0001";"";"NE_0001";"NE_0001";"NE_0001";"NE_0001";"NE_0001";"NE_0001";"NE_0001"
"2023";"05";"150136";"LIMA";"LIMA";"SAN MIGUEL";"SANIDAD DE LA POLICIA NACIONAL DEL PERU";"II-E";"00014718";"HOSPITAL GERIATRICO PNP SAN JOSE";"244400";"HOSPITALIZACIÓN DE MEDICINA GERIATRIA ";"27";"36";"542";"452";"26";"806";"9"
"2023";"04";"250102";"UCAYALI";"CORONEL PORTILLO";"CAMPOVERDE";"GOBIERNO REGIONAL";"I-1";"00021550";"ALTO 9 DE FEBRERO";"NE_0001";"";"NE_0001";"NE_0001";"NE_0001";"NE_0001";"NE_0001";"NE_0001";"NE_0001"
"2023";"04";"250102";"UCAYALI";"CORONEL PORTILLO";"CAMPOVERDE";"GOBIERNO REGIONAL";"I-1";"00012260";"TIERRA BUENA";"NE_0001";"";"NE_0001";"NE_0001";"NE_0001";"NE_0001";"NE_0001";"NE_0001";"NE_0001"
"2023";"04";"250102";"UCAYALI";"CORONEL PORTILLO";"CAMPOVERDE";"GOBIERNO REGIONAL";"I-2";"00007081";"LA MERCED DE NESHUYA";"NE_0001";"";"NE_0001";"NE_0001";"NE_0001";"NE_0001";"NE_0001";"NE_0001";"NE_0001"
"2023";"04";"250102";"UCAYALI";"CORONEL PORTILLO";"CAMPOVERDE";"GOBIERNO REGIONAL";"I-1";"00007080";"YERBAS BUENAS";"NE_0001";"";"NE_0001";"NE_0001";"NE_0001";"NE_0001";"NE_0001";"NE_0001";"NE_0001"
"2023";"04";"250102";"UCAYALI";"CORONEL PORTILLO";"CAMPOVERDE";"GOBIERNO REGIONAL";"I-1";"00005441";"SEÑOR DE LOS MILAGROS KM 24";"NE_0001";"";"NE_0001";"NE_0001";"NE_0001";"NE_0001";"NE_0001";"NE_0001";"NE_0001"
"2023";"05";"150143";"LIMA";"LIMA";"VILLA MARIA DEL TRIUNFO";"PRIVADO";"I-2";"00018825";"GUILLERMO KAELIN DE LA FUENTE";"NE_0001";"";"NE_0001";"NE_0001";"NE_0001";"NE_0001";"NE_0001";"NE_0001";"NE_0001"
"2023";"04";"250102";"UCAYALI";"CORONEL PORTILLO";"CAMPOVERDE";"GOBIERNO REGIONAL";"I-1";"00005439";"SAN PEDRO KM 47";"NE_0001";"";"NE_0001";"NE_0001";"NE_0001";"NE_0001";"NE_0001";"NE_0001";"NE_0001"
"2023";"04";"250102";"UCAYALI";"CORONEL PORTILLO";"CAMPOVERDE";"GOBIERNO REGIONAL";"I-1";"00005434";"PUESTO DE SALUD  ALTO MANANTAY";"NE_0001";"";"NE_0001";"NE_0001";"NE_0001";"NE_0001";"NE_0001";"NE_0001";"NE_0001"
"2023";"04";"250102";"UCAYALI";"CORONEL PORTILLO";"CAMPOVERDE";"GOBIERNO REGIONAL";"I-1";"00005433";"P.S  LAS MERCEDES KM. 42";"NE_0001";"";"NE_0001";"NE_0001";"NE_0001";"NE_0001";"NE_0001";"NE_0001";"NE_0001"
"2023";"04";"250102";"UCAYALI";"CORONEL PORTILLO";"CAMPOVERDE";"GOBIERNO REGIONAL";"I-1";"00005429";"AGUA BLANCA";"NE_0001";"";"NE_0001";"NE_0001";"NE_0001";"NE_0001";"NE_0001";"NE_0001";"NE_0001"
"2023";"04";"250102";"UCAYALI";"CORONEL PORTILLO";"CAMPOVERDE";"GOBIERNO REGIONAL";"I-3";"00005426";"CAMPO VERDE";"NE_0001";"";"NE_0001";"NE_0001";"NE_0001";"NE_0001";"NE_0001";"NE_0001";"NE_0001"
"2023";"05";"190113";"PASCO";"PASCO";"YANACANCHA";"MINSA";"II-2";"00000979";"HOSPITAL REGIONAL DR. DANIEL ALCIDES CARRION GARCIA";"240100";"HOSPITALIZACIÓN QUIRÚRGICA CIRUGÍA GENERAL ";"60";"70";"280";"270";"21";"651";"0"
"2023";"02";"100501";"HUANUCO";"HUAMALIES";"LLATA";"GOBIERNO REGIONAL";"I-2";"00000891";"ISHANCA";"NE_0001";"";"NE_0001";"NE_0001";"NE_0001";"NE_0001";"NE_0001";"NE_0001";"NE_0001"
"2023";"02";"100501";"HUANUCO";"HUAMALIES";"LLATA";"GOBIERNO REGIONAL";"I-2";"00000890";"LIBERTAD";"NE_0001";"";"NE_0001";"NE_0001";"NE_0001";"NE_0001";"NE_0001";"NE_0001";"NE_0001"
"2023";"02";"100501";"HUANUCO";"HUAMALIES";"LLATA";"GOBIERNO REGIONAL";"I-2";"00000889";"EL PORVENIR";"NE_0001";"";"NE_0001";"NE_0001";"NE_0001";"NE_0001";"NE_0001";"NE_0001";"NE_0001"
"2023";"02";"100501";"HUANUCO";"HUAMALIES";"LLATA";"GOBIERNO REGIONAL";"I-2";"00000888";"PAMPAS DEL CARMEN";"NE_0001";"";"NE_0001";"NE_0001";"NE_0001";"NE_0001";"NE_0001";"NE_0001";"NE_0001"
"2023";"02";"100501";"HUANUCO";"HUAMALIES";"LLATA";"GOBIERNO REGIONAL";"I-2";"00000891";"ISHANCA";"NE_0001";"";"NE_0001";"NE_0001";"NE_0001";"NE_0001";"NE_0001";"NE_0001";"NE_0001"
"2023";"02";"100501";"HUANUCO";"HUAMALIES";"LLATA";"GOBIERNO REGIONAL";"I-2";"00000890";"LIBERTAD";"NE_0001";"";"NE_0001";"NE_0001";"NE_0001";"NE_0001";"NE_0001";"NE_0001";"NE_0001"
"2023";"02";"100501";"HUANUCO";"HUAMALIES";"LLATA";"GOBIERNO REGIONAL";"I-2";"00000889";"EL PORVENIR";"NE_0001";"";"NE_0001";"NE_0001";"NE_0001";"NE_0001";"NE_0001";"NE_0001";"NE_0001"
"2023";"02";"100501";"HUANUCO";"HUAMALIES";"LLATA";"GOBIERNO REGIONAL";"I-2";"00000888";"PAMPAS DEL CARMEN";"NE_0001";"";"NE_0001";"NE_0001";"NE_0001";"NE_0001";"NE_0001";"NE_0001";"NE_0001"
"2023";"02";"100501";"HUANUCO";"HUAMALIES";"LLATA";"GOBIERNO REGIONAL";"I-4";"00000887";"LLATA";"241400";"HOSPITALIZACIÓN QUIRÚRGICA GINECO - OBSTETRICIA ";"46";"45";"3";"3";"8";"10";"0"
"2023";"02";"100501";"HUANUCO";"HUAMALIES";"LLATA";"GOBIERNO REGIONAL";"I-4";"00000887";"LLATA";"241800";"HOSPITALIZACIÓN DE MEDICINA MEDICINA GENERAL ";"6";"6";"6";"6";"7";"10";"0"
"2023";"04";"150140";"LIMA";"LIMA";"SANTIAGO DE SURCO";"PRIVADO";"II-E";"00011113";"CLINICA MONTERRICO";"240000";"HOSPITALIZACIÓN";"31";"30";"55";"76";"5";"150";"0"
"2023";"04";"140101";"LAMBAYEQUE";"CHICLAYO";"CHICLAYO";"PRIVADO";"II-E";"00012457";"CLINICA PROVIDA";"240800";"HOSPITALIZACIÓN QUIRÚRGICA CIRUGÍA PLÁSTICA/RECONSTRUCTIVA/ REPARADORA ";"14";"14";"6";"14";"1";"30";"0"
"2023";"04";"140101";"LAMBAYEQUE";"CHICLAYO";"CHICLAYO";"PRIVADO";"II-E";"00012457";"CLINICA PROVIDA";"240200";"HOSPITALIZACIÓN QUIRÚRGICA CIRUGÍA DE CABEZA Y CUELLO / MÁXILO FACIAL ";"3";"3";"6";"3";"1";"30";"0"
"2023";"04";"140101";"LAMBAYEQUE";"CHICLAYO";"CHICLAYO";"PRIVADO";"II-E";"00012457";"CLINICA PROVIDA";"240400";"HOSPITALIZACIÓN QUIRÚRGICA CIRUGÍA DE TÓRAX Y CARDIOVASCULAR ";"3";"3";"10";"3";"1";"30";"0"
"2023";"04";"140101";"LAMBAYEQUE";"CHICLAYO";"CHICLAYO";"PRIVADO";"II-E";"00012457";"CLINICA PROVIDA";"240100";"HOSPITALIZACIÓN QUIRÚRGICA CIRUGÍA GENERAL ";"40";"40";"54";"40";"2";"60";"0"
"2023";"04";"140101";"LAMBAYEQUE";"CHICLAYO";"CHICLAYO";"PRIVADO";"II-E";"00012457";"CLINICA PROVIDA";"241200";"HOSPITALIZACIÓN QUIRÚRGICA TRAUMATOLOGÍA Y ORTOPEDIA ";"49";"49";"83";"49";"3";"90";"0"
"2023";"04";"140101";"LAMBAYEQUE";"CHICLAYO";"CHICLAYO";"PRIVADO";"II-E";"00012457";"CLINICA PROVIDA";"241400";"HOSPITALIZACIÓN QUIRÚRGICA GINECO - OBSTETRICIA ";"27";"27";"27";"27";"1";"30";"0"
"2023";"04";"140101";"LAMBAYEQUE";"CHICLAYO";"CHICLAYO";"PRIVADO";"II-E";"00012457";"CLINICA PROVIDA";"242100";"HOSPITALIZACIÓN DE MEDICINA ONCOLOGÍA MÉDICA ";"4";"4";"21";"4";"1";"30";"0"
"2023";"04";"140101";"LAMBAYEQUE";"CHICLAYO";"CHICLAYO";"PRIVADO";"II-E";"00012457";"CLINICA PROVIDA";"241300";"HOSPITALIZACIÓN QUIRÚRGICA UROLOGÍA  ";"9";"9";"24";"9";"1";"30";"0"
"2023";"04";"140101";"LAMBAYEQUE";"CHICLAYO";"CHICLAYO";"PRIVADO";"II-E";"00012457";"CLINICA PROVIDA";"241100";"HOSPITALIZACIÓN QUIRÚRGICA OTORRINOLARINGOLOGÍA  ";"1";"1";"0";"1";"1";"30";"0"
"2023";"04";"140101";"LAMBAYEQUE";"CHICLAYO";"CHICLAYO";"PRIVADO";"II-E";"00012457";"CLINICA PROVIDA";"241900";"HOSPITALIZACIÓN DE MEDICINA MEDICINA INTERNA ";"9";"9";"49";"9";"1";"30";"0"
"2023";"04";"140101";"LAMBAYEQUE";"CHICLAYO";"CHICLAYO";"PRIVADO";"II-E";"00012457";"CLINICA PROVIDA";"244300";"HOSPITALIZACIÓN DE MEDICINA GASTROENTEROLOGÍA  ";"2";"2";"4";"2";"1";"30";"0"
"2023";"04";"140101";"LAMBAYEQUE";"CHICLAYO";"CHICLAYO";"PRIVADO";"II-E";"00012457";"CLINICA PROVIDA";"242300";"HOSPITALIZACIÓN DE PEDIATRÍA  PEDIATRÍA  GENERAL ";"1";"1";"8";"1";"1";"30";"0"
"2023";"04";"140101";"LAMBAYEQUE";"CHICLAYO";"CHICLAYO";"PRIVADO";"II-E";"00012457";"CLINICA PROVIDA";"245300";"HOSPITALIZACIÓN DE MEDICINA NEUMOLOGÍA  ";"1";"1";"2";"1";"1";"30";"1"
"2023";"04";"140101";"LAMBAYEQUE";"CHICLAYO";"CHICLAYO";"PRIVADO";"II-E";"00012457";"CLINICA PROVIDA";"241800";"HOSPITALIZACIÓN DE MEDICINA MEDICINA GENERAL ";"2";"2";"3";"2";"1";"30";"0"
"2023";"04";"200701";"PIURA";"TALARA";"PARIÑAS";"PRIVADO";"II-1";"00011396";"ADMINISTRADORA CLINICA TRESA";"241900";"HOSPITALIZACIÓN DE MEDICINA MEDICINA INTERNA ";"38";"37";"85";"180";"7";"210";"1"
"2023";"04";"200701";"PIURA";"TALARA";"PARIÑAS";"PRIVADO";"II-1";"00011396";"ADMINISTRADORA CLINICA TRESA";"240100";"HOSPITALIZACIÓN QUIRÚRGICA CIRUGÍA GENERAL ";"9";"9";"24";"82";"3";"90";"0"
"2023";"04";"200701";"PIURA";"TALARA";"PARIÑAS";"PRIVADO";"II-1";"00011396";"ADMINISTRADORA CLINICA TRESA";"241500";"HOSPITALIZACIÓN QUIRÚRGICA GINECOLOGÍA  ";"7";"7";"14";"54";"2";"60";"0"
"2023";"04";"200701";"PIURA";"TALARA";"PARIÑAS";"PRIVADO";"II-1";"00011396";"ADMINISTRADORA CLINICA TRESA";"242300";"HOSPITALIZACIÓN DE PEDIATRÍA  PEDIATRÍA  GENERAL ";"21";"20";"45";"161";"6";"180";"0"
"2023";"04";"200105";"PIURA";"PIURA";"CATACAOS";"ESSALUD";"I-3";"00012319";"CENTRO DE ATENCION PRIMARIA-CAP III CATACAOS";"NE_0001";"";"NE_0001";"NE_0001";"NE_0001";"NE_0001";"NE_0001";"NE_0001";"NE_0001"
"2023";"05";"090207";"HUANCAVELICA";"ACOBAMBA";"POMACOCHA";"GOBIERNO REGIONAL";"I-2";"00003923";"PUESTO DE SALUD POMACOCHA";"NE_0001";"";"NE_0001";"NE_0001";"NE_0001";"NE_0001";"NE_0001";"NE_0001";"NE_0001"
"2023";"05";"090207";"HUANCAVELICA";"ACOBAMBA";"POMACOCHA";"GOBIERNO REGIONAL";"I-1";"00009698";"PUESTO DE SALUD INCAPACCHAN";"NE_0001";"";"NE_0001";"NE_0001";"NE_0001";"NE_0001";"NE_0001";"NE_0001";"NE_0001"
"2023";"05";"090201";"HUANCAVELICA";"ACOBAMBA";"ACOBAMBA";"GOBIERNO REGIONAL";"I-1";"00003922";"PUESTO DE SALUD CCARABAMBA";"NE_0001";"";"NE_0001";"NE_0001";"NE_0001";"NE_0001";"NE_0001";"NE_0001";"NE_0001"
"2023";"05";"090201";"HUANCAVELICA";"ACOBAMBA";"ACOBAMBA";"GOBIERNO REGIONAL";"I-1";"00009502";"PUESTO DE SALUD TRES DE OCTUBRE";"NE_0001";"";"NE_0001";"NE_0001";"NE_0001";"NE_0001";"NE_0001";"NE_0001";"NE_0001"
"2023";"05";"090207";"HUANCAVELICA";"ACOBAMBA";"POMACOCHA";"GOBIERNO REGIONAL";"I-1";"00009707";"PUESTO DE SALUD AYAHUASAN";"NE_0001";"";"NE_0001";"NE_0001";"NE_0001";"NE_0001";"NE_0001";"NE_0001";"NE_0001"
"2023";"05";"090201";"HUANCAVELICA";"ACOBAMBA";"ACOBAMBA";"GOBIERNO REGIONAL";"I-1";"00003920";"PUESTO DE SALUD DE CCARHUACC";"NE_0001";"";"NE_0001";"NE_0001";"NE_0001";"NE_0001";"NE_0001";"NE_0001";"NE_0001"
"2023";"05";"090207";"HUANCAVELICA";"ACOBAMBA";"POMACOCHA";"GOBIERNO REGIONAL";"I-3";"00003924";"CENTRO DE SALUD CHOCLOCOCHA";"NE_0001";"";"NE_0001";"NE_0001";"NE_0001";"NE_0001";"NE_0001";"NE_0001";"NE_0001"
"2023";"05";"090201";"HUANCAVELICA";"ACOBAMBA";"ACOBAMBA";"GOBIERNO REGIONAL";"I-1";"00003921";"PUESTO DE SALUD DE VILLA RICA";"NE_0001";"";"NE_0001";"NE_0001";"NE_0001";"NE_0001";"NE_0001";"NE_0001";"NE_0001"
"2023";"05";"030201";"APURIMAC";"ANDAHUAYLAS";"ANDAHUAYLAS";"GOBIERNO REGIONAL";"II-2";"00004131";"HOSPITAL SUBREGIONAL DE ANDAHUAYLAS";"240100";"HOSPITALIZACIÓN QUIRÚRGICA CIRUGÍA GENERAL ";"68";"64";"236";"236";"12";"312";"1"
"2023";"05";"030201";"APURIMAC";"ANDAHUAYLAS";"ANDAHUAYLAS";"GOBIERNO REGIONAL";"II-2";"00004131";"HOSPITAL SUBREGIONAL DE ANDAHUAYLAS";"240700";"HOSPITALIZACIÓN QUIRÚRGICA CIRUGÍA PEDIÁTRICA ";"19";"20";"67";"61";"4";"111";"0"
"2023";"05";"030201";"APURIMAC";"ANDAHUAYLAS";"ANDAHUAYLAS";"GOBIERNO REGIONAL";"II-2";"00004131";"HOSPITAL SUBREGIONAL DE ANDAHUAYLAS";"241200";"HOSPITALIZACIÓN QUIRÚRGICA TRAUMATOLOGÍA Y ORTOPEDIA ";"16";"16";"46";"43";"7";"201";"0"
"2023";"05";"030201";"APURIMAC";"ANDAHUAYLAS";"ANDAHUAYLAS";"GOBIERNO REGIONAL";"II-2";"00004131";"HOSPITAL SUBREGIONAL DE ANDAHUAYLAS";"241500";"HOSPITALIZACIÓN QUIRÚRGICA GINECOLOGÍA  ";"50";"49";"80";"69";"5";"115";"0"
"2023";"05";"030201";"APURIMAC";"ANDAHUAYLAS";"ANDAHUAYLAS";"GOBIERNO REGIONAL";"II-2";"00004131";"HOSPITAL SUBREGIONAL DE ANDAHUAYLAS";"241600";"HOSPITALIZACIÓN QUIRÚRGICA OBSTETRICIA   ";"161";"165";"393";"369";"18";"431";"0"
"2023";"05";"030201";"APURIMAC";"ANDAHUAYLAS";"ANDAHUAYLAS";"GOBIERNO REGIONAL";"II-2";"00004131";"HOSPITAL SUBREGIONAL DE ANDAHUAYLAS";"241800";"HOSPITALIZACIÓN DE MEDICINA MEDICINA GENERAL ";"64";"57";"332";"378";"18";"478";"9"
"2023";"05";"030201";"APURIMAC";"ANDAHUAYLAS";"ANDAHUAYLAS";"GOBIERNO REGIONAL";"II-2";"00004131";"HOSPITAL SUBREGIONAL DE ANDAHUAYLAS";"242200";"HOSPITALIZACIÓN DE MEDICINA PSIQUIATRÍA ";"14";"14";"269";"215";"7";"218";"0"
"2023";"05";"030201";"APURIMAC";"ANDAHUAYLAS";"ANDAHUAYLAS";"GOBIERNO REGIONAL";"II-2";"00004131";"HOSPITAL SUBREGIONAL DE ANDAHUAYLAS";"242500";"HOSPITALIZACIÓN-PEDIATRÍA GENERAL-";"45";"37";"180";"170";"8";"236";"0"
"2023";"05";"030201";"APURIMAC";"ANDAHUAYLAS";"ANDAHUAYLAS";"GOBIERNO REGIONAL";"II-2";"00004131";"HOSPITAL SUBREGIONAL DE ANDAHUAYLAS";"243200";"HOSPITALIZACIÓN DE PEDIATRÍA PEDIATRIA NEONATOLOGÍA";"48";"45";"380";"190";"10";"265";"0"
"2023";"05";"030201";"APURIMAC";"ANDAHUAYLAS";"ANDAHUAYLAS";"GOBIERNO REGIONAL";"II-2";"00004131";"HOSPITAL SUBREGIONAL DE ANDAHUAYLAS";"250100";"UNIDAD DE CUIDADOS CRITICOS UNIDAD  DE CUIDADOS INTENSIVOS GENERALES (UCI) ";"10";"10";"71";"82";"3";"99";"3"
"2023";"05";"030201";"APURIMAC";"ANDAHUAYLAS";"ANDAHUAYLAS";"GOBIERNO REGIONAL";"II-2";"00004131";"HOSPITAL SUBREGIONAL DE ANDAHUAYLAS";"250105";"UNIDAD DE CUIDADOS CRITICOS UNIDAD  DE CUIDADOS INTENSIVOS  (UCI) NEONATOLOGÍA";"10";"1";"18";"84";"2";"85";"0"
"2023";"05";"060307";"CAJAMARCA";"CELENDIN";"MIGUEL IGLESIAS";"GOBIERNO REGIONAL";"I-3";"00004478";"MIGUEL IGLESIAS";"NE_0001";"";"NE_0001";"NE_0001";"NE_0001";"NE_0001";"NE_0001";"NE_0001";"NE_0001"
"2023";"05";"060307";"CAJAMARCA";"CELENDIN";"MIGUEL IGLESIAS";"GOBIERNO REGIONAL";"I-1";"00009085";"MUYOC GRANDE";"NE_0001";"";"NE_0001";"NE_0001";"NE_0001";"NE_0001";"NE_0001";"NE_0001";"NE_0001"
"2023";"05";"060302";"CAJAMARCA";"CELENDIN";"CHUMUCH";"GOBIERNO REGIONAL";"I-1";"00004479";"CHUMUCH";"NE_0001";"";"NE_0001";"NE_0001";"NE_0001";"NE_0001";"NE_0001";"NE_0001";"NE_0001"
"2023";"05";"060312";"CAJAMARCA";"CELENDIN";"LA LIBERTAD DE PALLAN";"GOBIERNO REGIONAL";"I-1";"00004480";"NUEVA ESPERANZA";"NE_0001";"";"NE_0001";"NE_0001";"NE_0001";"NE_0001";"NE_0001";"NE_0001";"NE_0001"
"2023";"05";"150122";"LIMA";"LIMA";"MIRAFLORES";"MINSA";"III-E";"00006213";"HOSPITAL DE EMERGENCIAS JOSE CASIMIRO ULLOA";"240100";"HOSPITALIZACIÓN QUIRÚRGICA CIRUGÍA GENERAL ";"114";"123";"409";"428";"26";"806";"1"
"2023";"05";"150122";"LIMA";"LIMA";"MIRAFLORES";"MINSA";"III-E";"00006213";"HOSPITAL DE EMERGENCIAS JOSE CASIMIRO ULLOA";"241800";"HOSPITALIZACIÓN DE MEDICINA MEDICINA GENERAL ";"111";"142";"1121";"505";"20";"620";"30"
"2023";"05";"150122";"LIMA";"LIMA";"MIRAFLORES";"MINSA";"III-E";"00006213";"HOSPITAL DE EMERGENCIAS JOSE CASIMIRO ULLOA";"240900";"HOSPITALIZACIÓN QUIRÚRGICA NEUROCIRUGÍA ";"13";"18";"153";"223";"11";"341";"0"
"2023";"05";"150122";"LIMA";"LIMA";"MIRAFLORES";"MINSA";"III-E";"00006213";"HOSPITAL DE EMERGENCIAS JOSE CASIMIRO ULLOA";"241200";"HOSPITALIZACIÓN QUIRÚRGICA TRAUMATOLOGÍA Y ORTOPEDIA ";"33";"45";"447";"284";"14";"434";"0"
"2023";"05";"150122";"LIMA";"LIMA";"MIRAFLORES";"MINSA";"III-E";"00006213";"HOSPITAL DE EMERGENCIAS JOSE CASIMIRO ULLOA";"250000";"UNIDAD DE CUIDADOS CRITICOS  ";"26";"24";"197";"300";"10";"310";"0"
"2023";"05";"150122";"LIMA";"LIMA";"MIRAFLORES";"MINSA";"III-E";"00006213";"HOSPITAL DE EMERGENCIAS JOSE CASIMIRO ULLOA";"250103";"UNIDAD DE CUIDADOS CRITICOS UNIDAD  DE CUIDADOS INTENSIVOS GENERALES  (UCI) MEDICINA";"6";"4";"16";"173";"6";"186";"0"
"2023";"05";"150122";"LIMA";"LIMA";"MIRAFLORES";"MINSA";"III-E";"00006213";"HOSPITAL DE EMERGENCIAS JOSE CASIMIRO ULLOA";"250500";"HOSPIT. EN UNIDAD DE CUID.INTEN.-UNIDAD DE TRAUMA SHOCK-";"26";"25";"95";"77";"4";"124";"0"
"2023";"05";"040107";"AREQUIPA";"AREQUIPA";"JACOBO HUNTER";"GOBIERNO REGIONAL";"I-2";"00001275";"PUESTO DE SALUD CHILPINILLA";"NE_0001";"";"NE_0001";"NE_0001";"NE_0001";"NE_0001";"NE_0001";"NE_0001";"NE_0001"
"2023";"05";"040107";"AREQUIPA";"AREQUIPA";"JACOBO HUNTER";"MINSA";"I-3";"00031488";"CENTRO DE SALUD MENTAL COMUNITARIO HUNTER";"NE_0001";"";"NE_0001";"NE_0001";"NE_0001";"NE_0001";"NE_0001";"NE_0001";"NE_0001"
"2023";"03";"060501";"CAJAMARCA";"CONTUMAZA";"CONTUMAZA";"ESSALUD";"I-2";"00010276";"POSTA MEDICA ESSALUD CONTUMAZA";"NE_0001";"";"NE_0001";"NE_0001";"NE_0001";"NE_0001";"NE_0001";"NE_0001";"NE_0001"
"2023";"05";"120601";"JUNIN";"SATIPO";"SATIPO";"GOBIERNO REGIONAL";"II-1";"00000432";"DE APOYO MANUEL HIGA ARAKAKI";"240100";"HOSPITALIZACIÓN QUIRÚRGICA CIRUGÍA GENERAL ";"43";"53";"253";"270";"9";"279";"0"
"2023";"05";"120601";"JUNIN";"SATIPO";"SATIPO";"GOBIERNO REGIONAL";"II-1";"00000432";"DE APOYO MANUEL HIGA ARAKAKI";"241200";"HOSPITALIZACIÓN QUIRÚRGICA TRAUMATOLOGÍA Y ORTOPEDIA ";"24";"29";"145";"158";"6";"186";"0"
"2023";"05";"120601";"JUNIN";"SATIPO";"SATIPO";"GOBIERNO REGIONAL";"II-1";"00000432";"DE APOYO MANUEL HIGA ARAKAKI";"241500";"HOSPITALIZACIÓN QUIRÚRGICA GINECOLOGÍA  ";"46";"48";"109";"112";"4";"124";"0"
"2023";"05";"120601";"JUNIN";"SATIPO";"SATIPO";"GOBIERNO REGIONAL";"II-1";"00000432";"DE APOYO MANUEL HIGA ARAKAKI";"241600";"HOSPITALIZACIÓN QUIRÚRGICA OBSTETRICIA   ";"130";"144";"397";"409";"14";"434";"0"
"2023";"05";"120601";"JUNIN";"SATIPO";"SATIPO";"GOBIERNO REGIONAL";"II-1";"00000432";"DE APOYO MANUEL HIGA ARAKAKI";"241900";"HOSPITALIZACIÓN DE MEDICINA MEDICINA INTERNA ";"21";"28";"169";"220";"8";"248";"5"
"2023";"05";"120601";"JUNIN";"SATIPO";"SATIPO";"GOBIERNO REGIONAL";"II-1";"00000432";"DE APOYO MANUEL HIGA ARAKAKI";"242500";"HOSPITALIZACIÓN-PEDIATRÍA GENERAL-";"21";"24";"80";"90";"3";"93";"0"
"2023";"05";"120601";"JUNIN";"SATIPO";"SATIPO";"GOBIERNO REGIONAL";"II-1";"00000432";"DE APOYO MANUEL HIGA ARAKAKI";"243200";"HOSPITALIZACIÓN DE PEDIATRÍA PEDIATRIA NEONATOLOGÍA";"18";"21";"104";"115";"4";"124";"0"
"2023";"05";"030201";"APURIMAC";"ANDAHUAYLAS";"ANDAHUAYLAS";"PRIVADO";"I-3";"00021664";"ADMEDICAL CENTRO MEDICO";"NE_0001";"";"NE_0001";"NE_0001";"NE_0001";"NE_0001";"NE_0001";"NE_0001";"NE_0001"
"2023";"05";"040110";"AREQUIPA";"AREQUIPA";"MIRAFLORES";"GOBIERNO REGIONAL";"I-3";"00001306";"CENTRO DE SALUD PORVENIR-MIRAFLORES";"NE_0001";"";"NE_0001";"NE_0001";"NE_0001";"NE_0001";"NE_0001";"NE_0001";"NE_0001"
"2023";"05";"200601";"PIURA";"SULLANA";"SULLANA";"PRIVADO";"II-1";"00016148";"CLINICA OLGUIN";"240100";"HOSPITALIZACIÓN QUIRÚRGICA CIRUGÍA GENERAL ";"295";"295";"409";"282";"14";"448";"0"
"2023";"05";"200601";"PIURA";"SULLANA";"SULLANA";"PRIVADO";"II-1";"00016148";"CLINICA OLGUIN";"241400";"HOSPITALIZACIÓN QUIRÚRGICA GINECO - OBSTETRICIA ";"436";"436";"536";"243";"14";"435";"0"
"2023";"05";"140101";"LAMBAYEQUE";"CHICLAYO";"CHICLAYO";"PRIVADO";"II-E";"00012457";"CLINICA PROVIDA";"240800";"HOSPITALIZACIÓN QUIRÚRGICA CIRUGÍA PLÁSTICA/RECONSTRUCTIVA/ REPARADORA ";"17";"17";"8";"17";"1";"31";"0"
"2023";"05";"140101";"LAMBAYEQUE";"CHICLAYO";"CHICLAYO";"PRIVADO";"II-E";"00012457";"CLINICA PROVIDA";"240200";"HOSPITALIZACIÓN QUIRÚRGICA CIRUGÍA DE CABEZA Y CUELLO / MÁXILO FACIAL ";"1";"1";"2";"1";"1";"31";"0"
"2023";"05";"140101";"LAMBAYEQUE";"CHICLAYO";"CHICLAYO";"PRIVADO";"II-E";"00012457";"CLINICA PROVIDA";"240400";"HOSPITALIZACIÓN QUIRÚRGICA CIRUGÍA DE TÓRAX Y CARDIOVASCULAR ";"3";"3";"13";"3";"1";"31";"0"
"2023";"05";"140101";"LAMBAYEQUE";"CHICLAYO";"CHICLAYO";"PRIVADO";"II-E";"00012457";"CLINICA PROVIDA";"240100";"HOSPITALIZACIÓN QUIRÚRGICA CIRUGÍA GENERAL ";"48";"48";"80";"48";"2";"62";"0"
"2023";"05";"140101";"LAMBAYEQUE";"CHICLAYO";"CHICLAYO";"PRIVADO";"II-E";"00012457";"CLINICA PROVIDA";"241200";"HOSPITALIZACIÓN QUIRÚRGICA TRAUMATOLOGÍA Y ORTOPEDIA ";"39";"39";"71";"39";"2";"62";"0"
"2023";"05";"140101";"LAMBAYEQUE";"CHICLAYO";"CHICLAYO";"PRIVADO";"II-E";"00012457";"CLINICA PROVIDA";"241400";"HOSPITALIZACIÓN QUIRÚRGICA GINECO - OBSTETRICIA ";"47";"47";"53";"47";"2";"62";"0"
"2023";"05";"140101";"LAMBAYEQUE";"CHICLAYO";"CHICLAYO";"PRIVADO";"II-E";"00012457";"CLINICA PROVIDA";"242100";"HOSPITALIZACIÓN DE MEDICINA ONCOLOGÍA MÉDICA ";"5";"5";"34";"5";"1";"31";"0"
"2023";"05";"140101";"LAMBAYEQUE";"CHICLAYO";"CHICLAYO";"PRIVADO";"II-E";"00012457";"CLINICA PROVIDA";"240700";"HOSPITALIZACIÓN QUIRÚRGICA CIRUGÍA PEDIÁTRICA ";"2";"2";"2";"2";"1";"31";"0"
"2023";"05";"140101";"LAMBAYEQUE";"CHICLAYO";"CHICLAYO";"PRIVADO";"II-E";"00012457";"CLINICA PROVIDA";"241300";"HOSPITALIZACIÓN QUIRÚRGICA UROLOGÍA  ";"23";"23";"50";"23";"1";"31";"0"
"2023";"05";"140101";"LAMBAYEQUE";"CHICLAYO";"CHICLAYO";"PRIVADO";"II-E";"00012457";"CLINICA PROVIDA";"241900";"HOSPITALIZACIÓN DE MEDICINA MEDICINA INTERNA ";"32";"25";"110";"25";"1";"31";"0"
"2023";"05";"140101";"LAMBAYEQUE";"CHICLAYO";"CHICLAYO";"PRIVADO";"II-E";"00012457";"CLINICA PROVIDA";"244300";"HOSPITALIZACIÓN DE MEDICINA GASTROENTEROLOGÍA  ";"1";"1";"1";"1";"1";"31";"0"
"2023";"05";"140101";"LAMBAYEQUE";"CHICLAYO";"CHICLAYO";"PRIVADO";"II-E";"00012457";"CLINICA PROVIDA";"242300";"HOSPITALIZACIÓN DE PEDIATRÍA  PEDIATRÍA  GENERAL ";"2";"2";"10";"2";"1";"31";"0"
"2023";"05";"140101";"LAMBAYEQUE";"CHICLAYO";"CHICLAYO";"PRIVADO";"II-E";"00012457";"CLINICA PROVIDA";"241800";"HOSPITALIZACIÓN DE MEDICINA MEDICINA GENERAL ";"4";"4";"9";"4";"1";"31";"0"
"2023";"05";"110102";"ICA";"ICA";"LA TINGUIÑA";"ESSALUD";"I-3";"00024531";"LA TINGUIÑA";"NE_0001";"";"NE_0001";"NE_0001";"NE_0001";"NE_0001";"NE_0001";"NE_0001";"NE_0001"
"2023";"05";"150136";"LIMA";"LIMA";"SAN MIGUEL";"PRIVADO";"II-2";"00014501";"CLINICA SAN GABRIEL S.A.C.";"240000";"HOSPITALIZACIÓN";"701";"689";"2256";"2873";"99";"3069";"0"
"2023";"05";"150136";"LIMA";"LIMA";"SAN MIGUEL";"PRIVADO";"II-2";"00014501";"CLINICA SAN GABRIEL S.A.C.";"250105";"UNIDAD DE CUIDADOS CRITICOS UNIDAD  DE CUIDADOS INTENSIVOS  (UCI) NEONATOLOGÍA";"4";"4";"18";"22";"6";"186";"0"
"2023";"05";"150136";"LIMA";"LIMA";"SAN MIGUEL";"PRIVADO";"II-2";"00014501";"CLINICA SAN GABRIEL S.A.C.";"250100";"UNIDAD DE CUIDADOS CRITICOS UNIDAD  DE CUIDADOS INTENSIVOS GENERALES (UCI) ";"64";"67";"197";"222";"12";"372";"5"
"2023";"05";"120706";"JUNIN";"TARMA";"PALCA";"GOBIERNO REGIONAL";"I-1";"00000576";"PATAY";"NE_0001";"";"NE_0001";"NE_0001";"NE_0001";"NE_0001";"NE_0001";"NE_0001";"NE_0001"
"2023";"05";"060101";"CAJAMARCA";"CAJAMARCA";"CAJAMARCA";"GOBIERNO REGIONAL";"II-E";"00004655";"SIMON BOLIVAR";"241400";"HOSPITALIZACIÓN QUIRÚRGICA GINECO - OBSTETRICIA ";"298";"307";"469";"635";"21";"651";"0"
"2023";"05";"060101";"CAJAMARCA";"CAJAMARCA";"CAJAMARCA";"GOBIERNO REGIONAL";"II-E";"00004655";"SIMON BOLIVAR";"240100";"HOSPITALIZACIÓN QUIRÚRGICA CIRUGÍA GENERAL ";"46";"45";"147";"432";"15";"465";"0"
"2023";"05";"060101";"CAJAMARCA";"CAJAMARCA";"CAJAMARCA";"GOBIERNO REGIONAL";"II-E";"00004655";"SIMON BOLIVAR";"241800";"HOSPITALIZACIÓN DE MEDICINA MEDICINA GENERAL ";"33";"35";"119";"293";"10";"310";"0"
"2023";"05";"060101";"CAJAMARCA";"CAJAMARCA";"CAJAMARCA";"GOBIERNO REGIONAL";"II-E";"00004655";"SIMON BOLIVAR";"242300";"HOSPITALIZACIÓN DE PEDIATRÍA  PEDIATRÍA  GENERAL ";"249";"256";"526";"138";"5";"155";"0"
"2023";"05";"150122";"LIMA";"LIMA";"MIRAFLORES";"PRIVADO";"II-E";"00011750";"CLINICA LOS ANDES SAC";"240000";"HOSPITALIZACIÓN";"52";"49";"76";"81";"15";"465";"0"
"2023";"05";"150131";"LIMA";"LIMA";"SAN ISIDRO";"PRIVADO";"II-1";"00009888";"CLINICA UNIPLAST S.A.C.";"240800";"HOSPITALIZACIÓN QUIRÚRGICA CIRUGÍA PLÁSTICA/RECONSTRUCTIVA/ REPARADORA ";"16";"16";"17";"16";"3";"93";"0"
"2023";"03";"120707";"JUNIN";"TARMA";"PALCAMAYO";"GOBIERNO REGIONAL";"I-1";"00000530";"RICRICAN CAUQUIRAN";"NE_0001";"";"NE_0001";"NE_0001";"NE_0001";"NE_0001";"NE_0001";"NE_0001";"NE_0001"
"2023";"03";"120707";"JUNIN";"TARMA";"PALCAMAYO";"GOBIERNO REGIONAL";"I-1";"00000528";"YANAPUQUIO";"NE_0001";"";"NE_0001";"NE_0001";"NE_0001";"NE_0001";"NE_0001";"NE_0001";"NE_0001"
"2023";"03";"120707";"JUNIN";"TARMA";"PALCAMAYO";"GOBIERNO REGIONAL";"I-3";"00000527";"PALCAMAYO";"NE_0001";"";"NE_0001";"NE_0001";"NE_0001";"NE_0001";"NE_0001";"NE_0001";"NE_0001"
"2023";"03";"120707";"JUNIN";"TARMA";"PALCAMAYO";"GOBIERNO REGIONAL";"I-1";"00000529";"OCHONGA";"NE_0001";"";"NE_0001";"NE_0001";"NE_0001";"NE_0001";"NE_0001";"NE_0001";"NE_0001"
"2023";"03";"120707";"JUNIN";"TARMA";"PALCAMAYO";"GOBIERNO REGIONAL";"I-1";"00000533";"CALCA";"NE_0001";"";"NE_0001";"NE_0001";"NE_0001";"NE_0001";"NE_0001";"NE_0001";"NE_0001"
"2023";"03";"120707";"JUNIN";"TARMA";"PALCAMAYO";"GOBIERNO REGIONAL";"I-1";"00000531";"INCACHACA YANAMACHAY";"NE_0001";"";"NE_0001";"NE_0001";"NE_0001";"NE_0001";"NE_0001";"NE_0001";"NE_0001"
"2023";"03";"120707";"JUNIN";"TARMA";"PALCAMAYO";"GOBIERNO REGIONAL";"I-1";"00000532";"HUAMANIA";"NE_0001";"";"NE_0001";"NE_0001";"NE_0001";"NE_0001";"NE_0001";"NE_0001";"NE_0001"
"2023";"03";"230103";"TACNA";"TACNA";"CALANA";"ESSALUD";"II-2";"00010185";"Hospital III Daniel Alcides Carrión EsSalud Red de Tacna";"250100";"UNIDAD DE CUIDADOS CRITICOS UNIDAD  DE CUIDADOS INTENSIVOS GENERALES (UCI) ";"15";"8";"185";"126";"5";"150";"2"
"2023";"03";"230103";"TACNA";"TACNA";"CALANA";"ESSALUD";"II-2";"00010185";"Hospital III Daniel Alcides Carrión EsSalud Red de Tacna";"250200";"UNIDAD DE CUIDADOS CRITICOS UNIDAD DE CUIDADOS INTERMEDIOS GENERAL  (UCIN) ";"39";"39";"338";"301";"11";"350";"3"
"2023";"03";"230103";"TACNA";"TACNA";"CALANA";"ESSALUD";"II-2";"00010185";"Hospital III Daniel Alcides Carrión EsSalud Red de Tacna";"241900";"HOSPITALIZACIÓN DE MEDICINA MEDICINA INTERNA ";"144";"144";"1168";"1271";"46";"1441";"12"
"2023";"03";"230103";"TACNA";"TACNA";"CALANA";"ESSALUD";"II-2";"00010185";"Hospital III Daniel Alcides Carrión EsSalud Red de Tacna";"240100";"HOSPITALIZACIÓN QUIRÚRGICA CIRUGÍA GENERAL ";"184";"186";"790";"975";"32";"1006";"1"
"2023";"03";"230103";"TACNA";"TACNA";"CALANA";"ESSALUD";"II-2";"00010185";"Hospital III Daniel Alcides Carrión EsSalud Red de Tacna";"241400";"HOSPITALIZACIÓN QUIRÚRGICA GINECO - OBSTETRICIA ";"147";"149";"254";"348";"13";"390";"0"
"2023";"03";"230103";"TACNA";"TACNA";"CALANA";"ESSALUD";"II-2";"00010185";"Hospital III Daniel Alcides Carrión EsSalud Red de Tacna";"242300";"HOSPITALIZACIÓN DE PEDIATRÍA  PEDIATRÍA  GENERAL ";"38";"38";"108";"110";"8";"251";"0"
"2023";"03";"230103";"TACNA";"TACNA";"CALANA";"ESSALUD";"II-2";"00010185";"Hospital III Daniel Alcides Carrión EsSalud Red de Tacna";"243200";"HOSPITALIZACIÓN DE PEDIATRÍA PEDIATRIA NEONATOLOGÍA";"29";"28";"59";"60";"4";"109";"0"
"2023";"03";"150130";"LIMA";"LIMA";"SAN BORJA";"PRIVADO";"II-1";"00012975";"CL ESPECIALIDADES MEDICAS";"240000";"HOSPITALIZACIÓN";"42";"39";"93";"125";"13";"403";"0"
"2023";"03";"210101";"PUNO";"PUNO";"PUNO";"PRIVADO";"II-E";"00009683";"CLINICA PROSALUD";"240000";"HOSPITALIZACIÓN";"19";"19";"36";"36";"5";"155";"0"
"2023";"03";"130101";"LA LIBERTAD";"TRUJILLO";"TRUJILLO";"PRIVADO";"II-E";"00021508";"SMQ QUIRUMEDIC SAC";"240000";"HOSPITALIZACIÓN";"271";"265";"255";"255";"15";"542";"0"
"2023";"03";"080601";"CUSCO";"CANCHIS";"SICUANI";"GOBIERNO REGIONAL";"II-1";"00002378";"SICUANI";"240100";"HOSPITALIZACIÓN QUIRÚRGICA CIRUGÍA GENERAL ";"72";"83";"372";"421";"19";"589";"1"
"2023";"03";"080601";"CUSCO";"CANCHIS";"SICUANI";"GOBIERNO REGIONAL";"II-1";"00002378";"SICUANI";"241500";"HOSPITALIZACIÓN QUIRÚRGICA GINECOLOGÍA  ";"34";"37";"108";"107";"7";"217";"0"
"2023";"03";"080601";"CUSCO";"CANCHIS";"SICUANI";"GOBIERNO REGIONAL";"II-1";"00002378";"SICUANI";"241600";"HOSPITALIZACIÓN QUIRÚRGICA OBSTETRICIA   ";"93";"99";"265";"272";"17";"527";"0"
"2023";"03";"080601";"CUSCO";"CANCHIS";"SICUANI";"GOBIERNO REGIONAL";"II-1";"00002378";"SICUANI";"241800";"HOSPITALIZACIÓN DE MEDICINA MEDICINA GENERAL ";"31";"41";"298";"232";"17";"527";"1"
"2023";"03";"080601";"CUSCO";"CANCHIS";"SICUANI";"GOBIERNO REGIONAL";"II-1";"00002378";"SICUANI";"242500";"HOSPITALIZACIÓN-PEDIATRÍA GENERAL-";"24";"28";"122";"112";"16";"496";"0"
"2023";"03";"080601";"CUSCO";"CANCHIS";"SICUANI";"GOBIERNO REGIONAL";"II-1";"00002378";"SICUANI";"243200";"HOSPITALIZACIÓN DE PEDIATRÍA PEDIATRIA NEONATOLOGÍA";"18";"19";"70";"89";"7";"217";"0"
"2023";"03";"110501";"ICA";"PISCO";"PISCO";"MINSA";"II-1";"00003472";"SAN JUAN DE DIOS";"240100";"HOSPITALIZACIÓN QUIRÚRGICA CIRUGÍA GENERAL ";"78";"91";"550";"477";"22";"682";"2"
"2023";"03";"110501";"ICA";"PISCO";"PISCO";"MINSA";"II-1";"00003472";"SAN JUAN DE DIOS";"241400";"HOSPITALIZACIÓN QUIRÚRGICA GINECO - OBSTETRICIA ";"267";"286";"679";"561";"31";"961";"0"
"2023";"03";"110501";"ICA";"PISCO";"PISCO";"MINSA";"II-1";"00003472";"SAN JUAN DE DIOS";"241800";"HOSPITALIZACIÓN DE MEDICINA MEDICINA GENERAL ";"48";"66";"470";"436";"25";"775";"11"
"2023";"03";"110501";"ICA";"PISCO";"PISCO";"MINSA";"II-1";"00003472";"SAN JUAN DE DIOS";"242300";"HOSPITALIZACIÓN DE PEDIATRÍA  PEDIATRÍA  GENERAL ";"61";"66";"446";"268";"14";"434";"1"
"2023";"04";"070104";"CALLAO";"CALLAO";"LA PERLA";"SANIDAD DE LA POLICIA NACIONAL DEL PERU";"I-3";"00010557";"POLICLINICO  POLICIAL CALLAO";"NE_0001";"";"NE_0001";"NE_0001";"NE_0001";"NE_0001";"NE_0001";"NE_0001";"NE_0001"
"2023";"04";"080706";"CUSCO";"CHUMBIVILCAS";"LLUSCO";"GOBIERNO REGIONAL";"I-1";"00006985";"TOTORAPALLCA";"NE_0001";"";"NE_0001";"NE_0001";"NE_0001";"NE_0001";"NE_0001";"NE_0001";"NE_0001"
"2023";"04";"010701";"AMAZONAS";"UTCUBAMBA";"BAGUA GRANDE";"GOBIERNO REGIONAL";"II-1";"00005125";"HOSPITAL  SANTIAGO APOSTOL DE UTCUBAMBA";"240100";"HOSPITALIZACIÓN QUIRÚRGICA CIRUGÍA GENERAL ";"42";"44";"120";"118";"8";"248";"0"
"2023";"04";"010701";"AMAZONAS";"UTCUBAMBA";"BAGUA GRANDE";"GOBIERNO REGIONAL";"II-1";"00005125";"HOSPITAL  SANTIAGO APOSTOL DE UTCUBAMBA";"241200";"HOSPITALIZACIÓN QUIRÚRGICA TRAUMATOLOGÍA Y ORTOPEDIA ";"7";"9";"34";"32";"2";"62";"0"
"2023";"04";"010701";"AMAZONAS";"UTCUBAMBA";"BAGUA GRANDE";"GOBIERNO REGIONAL";"II-1";"00005125";"HOSPITAL  SANTIAGO APOSTOL DE UTCUBAMBA";"241400";"HOSPITALIZACIÓN QUIRÚRGICA GINECO - OBSTETRICIA ";"24";"25";"33";"33";"2";"62";"0"
"2023";"04";"010701";"AMAZONAS";"UTCUBAMBA";"BAGUA GRANDE";"GOBIERNO REGIONAL";"II-1";"00005125";"HOSPITAL  SANTIAGO APOSTOL DE UTCUBAMBA";"241600";"HOSPITALIZACIÓN QUIRÚRGICA OBSTETRICIA   ";"123";"126";"199";"203";"15";"465";"0"
"2023";"04";"010701";"AMAZONAS";"UTCUBAMBA";"BAGUA GRANDE";"GOBIERNO REGIONAL";"II-1";"00005125";"HOSPITAL  SANTIAGO APOSTOL DE UTCUBAMBA";"241800";"HOSPITALIZACIÓN DE MEDICINA MEDICINA GENERAL ";"40";"40";"148";"145";"11";"341";"1"
"2023";"04";"010701";"AMAZONAS";"UTCUBAMBA";"BAGUA GRANDE";"GOBIERNO REGIONAL";"II-1";"00005125";"HOSPITAL  SANTIAGO APOSTOL DE UTCUBAMBA";"242500";"HOSPITALIZACIÓN-PEDIATRÍA GENERAL-";"43";"41";"90";"91";"8";"248";"0"
"2023";"04";"010701";"AMAZONAS";"UTCUBAMBA";"BAGUA GRANDE";"GOBIERNO REGIONAL";"II-1";"00005125";"HOSPITAL  SANTIAGO APOSTOL DE UTCUBAMBA";"243200";"HOSPITALIZACIÓN DE PEDIATRÍA PEDIATRIA NEONATOLOGÍA";"9";"11";"26";"26";"7";"217";"0"
"2023";"04";"010701";"AMAZONAS";"UTCUBAMBA";"BAGUA GRANDE";"GOBIERNO REGIONAL";"II-1";"00005125";"HOSPITAL  SANTIAGO APOSTOL DE UTCUBAMBA";"250304";"HOSPIT. EN UNIDAD DE CUID.INTEN.-UNIDAD DE VIGILANCIA INTENSIVA (UVI)-MEDICINA";"9";"12";"39";"36";"5";"155";"10"
"2023";"04";"060101";"CAJAMARCA";"CAJAMARCA";"CAJAMARCA";"PRIVADO";"II-1";"00009599";"CLINICA SAN FRANCISCO DE ASIS S.A.";"240100";"HOSPITALIZACIÓN QUIRÚRGICA CIRUGÍA GENERAL ";"9";"9";"10";"9";"2";"60";"0"
"2023";"04";"060101";"CAJAMARCA";"CAJAMARCA";"CAJAMARCA";"PRIVADO";"II-1";"00009599";"CLINICA SAN FRANCISCO DE ASIS S.A.";"241200";"HOSPITALIZACIÓN QUIRÚRGICA TRAUMATOLOGÍA Y ORTOPEDIA ";"6";"6";"8";"6";"2";"60";"0"
"2023";"04";"060101";"CAJAMARCA";"CAJAMARCA";"CAJAMARCA";"PRIVADO";"II-1";"00009599";"CLINICA SAN FRANCISCO DE ASIS S.A.";"241400";"HOSPITALIZACIÓN QUIRÚRGICA GINECO - OBSTETRICIA ";"6";"6";"6";"6";"2";"60";"0"
"2023";"04";"060101";"CAJAMARCA";"CAJAMARCA";"CAJAMARCA";"PRIVADO";"II-1";"00009599";"CLINICA SAN FRANCISCO DE ASIS S.A.";"241500";"HOSPITALIZACIÓN QUIRÚRGICA GINECOLOGÍA  ";"1";"1";"1";"1";"2";"60";"0"
"2023";"04";"060101";"CAJAMARCA";"CAJAMARCA";"CAJAMARCA";"PRIVADO";"II-1";"00009599";"CLINICA SAN FRANCISCO DE ASIS S.A.";"241900";"HOSPITALIZACIÓN DE MEDICINA MEDICINA INTERNA ";"2";"1";"1";"2";"2";"60";"0"
"2023";"04";"060101";"CAJAMARCA";"CAJAMARCA";"CAJAMARCA";"PRIVADO";"II-1";"00009599";"CLINICA SAN FRANCISCO DE ASIS S.A.";"242300";"HOSPITALIZACIÓN DE PEDIATRÍA  PEDIATRÍA  GENERAL ";"1";"1";"2";"1";"2";"60";"0"
"2023";"04";"060101";"CAJAMARCA";"CAJAMARCA";"CAJAMARCA";"PRIVADO";"II-1";"00009599";"CLINICA SAN FRANCISCO DE ASIS S.A.";"244400";"HOSPITALIZACIÓN DE MEDICINA GERIATRIA ";"1";"1";"3";"1";"2";"60";"0"
"2023";"04";"090204";"HUANCAVELICA";"ACOBAMBA";"CAJA";"GOBIERNO REGIONAL";"I-1";"00011225";"PUESTO DE SALUD HUANCCALLACO";"NE_0001";"";"NE_0001";"NE_0001";"NE_0001";"NE_0001";"NE_0001";"NE_0001";"NE_0001"
"2023";"04";"090205";"HUANCAVELICA";"ACOBAMBA";"MARCAS";"GOBIERNO REGIONAL";"I-1";"00011232";"PUESTO DE SALUD PALOMA";"NE_0001";"";"NE_0001";"NE_0001";"NE_0001";"NE_0001";"NE_0001";"NE_0001";"NE_0001"
"2023";"04";"090204";"HUANCAVELICA";"ACOBAMBA";"CAJA";"GOBIERNO REGIONAL";"I-3";"00003926";"CENTRO DE SALUD CAJA ESPIRITU";"NE_0001";"";"NE_0001";"NE_0001";"NE_0001";"NE_0001";"NE_0001";"NE_0001";"NE_0001"
"2023";"04";"090204";"HUANCAVELICA";"ACOBAMBA";"CAJA";"GOBIERNO REGIONAL";"I-1";"00003927";"PUESTO DE SALUD POMACANCHA";"NE_0001";"";"NE_0001";"NE_0001";"NE_0001";"NE_0001";"NE_0001";"NE_0001";"NE_0001"
"2023";"04";"090205";"HUANCAVELICA";"ACOBAMBA";"MARCAS";"GOBIERNO REGIONAL";"I-1";"00011220";"PUESTO DE SALUD HUARPA";"NE_0001";"";"NE_0001";"NE_0001";"NE_0001";"NE_0001";"NE_0001";"NE_0001";"NE_0001"
"2023";"04";"090205";"HUANCAVELICA";"ACOBAMBA";"MARCAS";"GOBIERNO REGIONAL";"I-2";"00003928";"PUESTO DE SALUD MARCAS";"NE_0001";"";"NE_0001";"NE_0001";"NE_0001";"NE_0001";"NE_0001";"NE_0001";"NE_0001"
"2023";"04";"090205";"HUANCAVELICA";"ACOBAMBA";"MARCAS";"GOBIERNO REGIONAL";"I-1";"00003929";"PUESTO DE SALUD CUÑI";"NE_0001";"";"NE_0001";"NE_0001";"NE_0001";"NE_0001";"NE_0001";"NE_0001";"NE_0001"
"2023";"04";"090204";"HUANCAVELICA";"ACOBAMBA";"CAJA";"GOBIERNO REGIONAL";"I-1";"00007389";"PUESTO DE SALUD RURUNMARCA";"NE_0001";"";"NE_0001";"NE_0001";"NE_0001";"NE_0001";"NE_0001";"NE_0001";"NE_0001"
"2023";"04";"080101";"CUSCO";"CUSCO";"CUSCO";"PRIVADO";"II-E";"00016758";"HERMANA JOSEFINA SERRANO";"240000";"HOSPITALIZACIÓN";"20";"18";"85";"23";"44";"1320";"2"
"2023";"04";"220912";"SAN MARTIN";"SAN MARTIN";"SAN ANTONIO";"GOBIERNO REGIONAL";"I-3";"00006384";"SAN ANTONIO DE CUMBAZA";"NE_0001";"";"NE_0001";"NE_0001";"NE_0001";"NE_0001";"NE_0001";"NE_0001";"NE_0001"
"2023";"04";"100501";"HUANUCO";"HUAMALIES";"LLATA";"ESSALUD";"I-3";"00027591";"POSTA MEDICA LLATA";"NE_0001";"";"NE_0001";"NE_0001";"NE_0001";"NE_0001";"NE_0001";"NE_0001";"NE_0001"
"2023";"04";"090306";"HUANCAVELICA";"ANGARAES";"CONGALLA";"GOBIERNO REGIONAL";"I-1";"00003974";"CARCOSI";"NE_0001";"";"NE_0001";"NE_0001";"NE_0001";"NE_0001";"NE_0001";"NE_0001";"NE_0001"
"2023";"04";"090306";"HUANCAVELICA";"ANGARAES";"CONGALLA";"GOBIERNO REGIONAL";"I-1";"00003975";"LIRCAYCCASA";"NE_0001";"";"NE_0001";"NE_0001";"NE_0001";"NE_0001";"NE_0001";"NE_0001";"NE_0001"
"2023";"04";"090307";"HUANCAVELICA";"ANGARAES";"HUANCA-HUANCA";"GOBIERNO REGIONAL";"I-1";"00011200";"CCARAPA";"NE_0001";"";"NE_0001";"NE_0001";"NE_0001";"NE_0001";"NE_0001";"NE_0001";"NE_0001"
"2023";"04";"090304";"HUANCAVELICA";"ANGARAES";"CCOCHACCASA";"GOBIERNO REGIONAL";"I-1";"00011204";"VELASCO PUCAPAMPA";"NE_0001";"";"NE_0001";"NE_0001";"NE_0001";"NE_0001";"NE_0001";"NE_0001";"NE_0001"
"2023";"04";"090311";"HUANCAVELICA";"ANGARAES";"SANTO TOMAS DE PATA";"GOBIERNO REGIONAL";"I-1";"00003967";"SANTO TOMAS DE PATA";"NE_0001";"";"NE_0001";"NE_0001";"NE_0001";"NE_0001";"NE_0001";"NE_0001";"NE_0001"
"2023";"04";"240302";"TUMBES";"ZARUMILLA";"AGUAS VERDES";"GOBIERNO REGIONAL";"I-1";"00001887";"POCITOS";"NE_0001";"";"NE_0001";"NE_0001";"NE_0001";"NE_0001";"NE_0001";"NE_0001";"NE_0001"
"2023";"04";"240304";"TUMBES";"ZARUMILLA";"PAPAYAL";"GOBIERNO REGIONAL";"I-2";"00001893";"UÑA DE GATO";"NE_0001";"";"NE_0001";"NE_0001";"NE_0001";"NE_0001";"NE_0001";"NE_0001";"NE_0001"
"2023";"04";"240301";"TUMBES";"ZARUMILLA";"ZARUMILLA";"GOBIERNO REGIONAL";"I-3";"00026856";"Centro de Salud Mental Comunitario  ""LIC. ENF. SILVIA VIOLETA CONDE SOSA""";"NE_0001";"";"NE_0001";"NE_0001";"NE_0001";"NE_0001";"NE_0001";"NE_0001";"NE_0001"
"2023";"04";"240304";"TUMBES";"ZARUMILLA";"PAPAYAL";"GOBIERNO REGIONAL";"I-2";"00001892";"LA PALMA";"NE_0001";"";"NE_0001";"NE_0001";"NE_0001";"NE_0001";"NE_0001";"NE_0001";"NE_0001"
"2023";"04";"240304";"TUMBES";"ZARUMILLA";"PAPAYAL";"GOBIERNO REGIONAL";"I-1";"00001894";"EL PORVENIR.";"NE_0001";"";"NE_0001";"NE_0001";"NE_0001";"NE_0001";"NE_0001";"NE_0001";"NE_0001"
"2023";"04";"240304";"TUMBES";"ZARUMILLA";"PAPAYAL";"GOBIERNO REGIONAL";"I-1";"00001895";"LECHUGAL";"NE_0001";"";"NE_0001";"NE_0001";"NE_0001";"NE_0001";"NE_0001";"NE_0001";"NE_0001"
"2023";"04";"240301";"TUMBES";"ZARUMILLA";"ZARUMILLA";"GOBIERNO REGIONAL";"I-4";"00001896";"CENTRO DE SALUD ZARUMILLA";"241600";"HOSPITALIZACIÓN QUIRÚRGICA OBSTETRICIA   ";"31";"31";"31";"31";"1";"30";"0"
"2023";"04";"240302";"TUMBES";"ZARUMILLA";"AGUAS VERDES";"GOBIERNO REGIONAL";"I-3";"00001885";"CLAS AGUAS VERDES";"NE_0001";"";"NE_0001";"NE_0001";"NE_0001";"NE_0001";"NE_0001";"NE_0001";"NE_0001"
"2023";"04";"240302";"TUMBES";"ZARUMILLA";"AGUAS VERDES";"GOBIERNO REGIONAL";"I-1";"00001889";"LOMA SAAVEDRA";"NE_0001";"";"NE_0001";"NE_0001";"NE_0001";"NE_0001";"NE_0001";"NE_0001";"NE_0001"
"2023";"04";"240304";"TUMBES";"ZARUMILLA";"PAPAYAL";"GOBIERNO REGIONAL";"I-3";"00001891";"C.S. PAPAYAL";"NE_0001";"";"NE_0001";"NE_0001";"NE_0001";"NE_0001";"NE_0001";"NE_0001";"NE_0001"
"2023";"04";"240301";"TUMBES";"ZARUMILLA";"ZARUMILLA";"GOBIERNO REGIONAL";"0";"00030270";"II HOGAR PROTEGIDO";"NE_0001";"";"NE_0001";"NE_0001";"NE_0001";"NE_0001";"NE_0001";"NE_0001";"NE_0001"
"2023";"04";"240303";"TUMBES";"ZARUMILLA";"MATAPALO";"GOBIERNO REGIONAL";"I-3";"00001890";"C.S MATAPALO";"NE_0001";"";"NE_0001";"NE_0001";"NE_0001";"NE_0001";"NE_0001";"NE_0001";"NE_0001"
"2023";"04";"240302";"TUMBES";"ZARUMILLA";"AGUAS VERDES";"GOBIERNO REGIONAL";"I-2";"00001886";"CUCHARETA BAJA";"NE_0001";"";"NE_0001";"NE_0001";"NE_0001";"NE_0001";"NE_0001";"NE_0001";"NE_0001"
"2023";"05";"150121";"LIMA";"LIMA";"PUEBLO LIBRE";"PRIVADO";"II-E";"00012492";"CLINICA DE OJOS VISUAL OPHTHALMICS";"NE_0001";"";"NE_0001";"NE_0001";"NE_0001";"NE_0001";"NE_0001";"NE_0001";"NE_0001"
"2023";"05";"150132";"LIMA";"LIMA";"SAN JUAN DE LURIGANCHO";"SANIDAD DE LA POLICIA NACIONAL DEL PERU";"I-3";"00030839";"POLICLINICO POLICIAL ZARATE";"NE_0001";"";"NE_0001";"NE_0001";"NE_0001";"NE_0001";"NE_0001";"NE_0001";"NE_0001"
"2023";"05";"050401";"AYACUCHO";"HUANTA";"HUANTA";"SANIDAD DE LA POLICIA NACIONAL DEL PERU";"I-2";"00011437";"POSTA MEDICA PNP HUANTA";"NE_0001";"";"NE_0001";"NE_0001";"NE_0001";"NE_0001";"NE_0001";"NE_0001";"NE_0001"
"2023";"05";"070101";"CALLAO";"CALLAO";"CALLAO";"SANIDAD DE LA POLICIA NACIONAL DEL PERU";"I-2";"00010451";"POSTA MÉDICA POLICIAL VIPOL";"NE_0001";"";"NE_0001";"NE_0001";"NE_0001";"NE_0001";"NE_0001";"NE_0001";"NE_0001"
"2023";"05";"060607";"CAJAMARCA";"CUTERVO";"QUEROCOTILLO";"GOBIERNO REGIONAL";"I-1";"00006869";"LAS DELICIAS";"NE_0001";"";"NE_0001";"NE_0001";"NE_0001";"NE_0001";"NE_0001";"NE_0001";"NE_0001"
"2023";"05";"060607";"CAJAMARCA";"CUTERVO";"QUEROCOTILLO";"GOBIERNO REGIONAL";"I-1";"00007753";"BARBASCO";"NE_0001";"";"NE_0001";"NE_0001";"NE_0001";"NE_0001";"NE_0001";"NE_0001";"NE_0001"
"2023";"05";"060607";"CAJAMARCA";"CUTERVO";"QUEROCOTILLO";"GOBIERNO REGIONAL";"I-3";"00005006";"QUEROCOTILLO";"NE_0001";"";"NE_0001";"NE_0001";"NE_0001";"NE_0001";"NE_0001";"NE_0001";"NE_0001"
"2023";"05";"060607";"CAJAMARCA";"CUTERVO";"QUEROCOTILLO";"GOBIERNO REGIONAL";"I-1";"00006943";"BALCONCILLO";"NE_0001";"";"NE_0001";"NE_0001";"NE_0001";"NE_0001";"NE_0001";"NE_0001";"NE_0001"
"2023";"05";"060607";"CAJAMARCA";"CUTERVO";"QUEROCOTILLO";"GOBIERNO REGIONAL";"I-2";"00005007";"SANTA ROSA DE QUEROCOTILLO";"NE_0001";"";"NE_0001";"NE_0001";"NE_0001";"NE_0001";"NE_0001";"NE_0001";"NE_0001"
"2023";"05";"110501";"ICA";"PISCO";"PISCO";"PRIVADO";"0";"00024336";"CENTRO DE MEDICINA FISICA Y REHABILITACION";"NE_0001";"";"NE_0001";"NE_0001";"NE_0001";"NE_0001";"NE_0001";"NE_0001";"NE_0001"
"2023";"03";"060601";"CAJAMARCA";"CUTERVO";"CUTERVO";"GOBIERNO REGIONAL";"I-1";"00007102";"SANICULLO ALTO";"NE_0001";"";"NE_0001";"NE_0001";"NE_0001";"NE_0001";"NE_0001";"NE_0001";"NE_0001"
"2023";"03";"060607";"CAJAMARCA";"CUTERVO";"QUEROCOTILLO";"GOBIERNO REGIONAL";"I-1";"00007746";"LAGUNAS";"NE_0001";"";"NE_0001";"NE_0001";"NE_0001";"NE_0001";"NE_0001";"NE_0001";"NE_0001"
"2023";"03";"060607";"CAJAMARCA";"CUTERVO";"QUEROCOTILLO";"GOBIERNO REGIONAL";"I-1";"00007747";"PAJURILLO";"NE_0001";"";"NE_0001";"NE_0001";"NE_0001";"NE_0001";"NE_0001";"NE_0001";"NE_0001"
"2023";"03";"150113";"LIMA";"LIMA";"JESUS MARIA";"ESSALUD";"III-E";"00018011";"INSTITUTO NACIONAL CARDIOVASCULAR CARLOS ALBERTO PESCHIERA CARRILLO – INCOR –ESSALUD";"244000";"HOSPITALIZACIÓN DE MEDICINA CARDIOLOGIA ";"115";"87";"580";"813";"28";"882";"2"
"2023";"03";"150113";"LIMA";"LIMA";"JESUS MARIA";"ESSALUD";"III-E";"00018011";"INSTITUTO NACIONAL CARDIOVASCULAR CARLOS ALBERTO PESCHIERA CARRILLO – INCOR –ESSALUD";"244000";"HOSPITALIZACIÓN DE MEDICINA CARDIOLOGIA ";"192";"201";"241";"124";"10";"260";"0"
"2023";"03";"150113";"LIMA";"LIMA";"JESUS MARIA";"ESSALUD";"III-E";"00018011";"INSTITUTO NACIONAL CARDIOVASCULAR CARLOS ALBERTO PESCHIERA CARRILLO – INCOR –ESSALUD";"242600";"HOSPITALIZACIÓN DE PEDIATRÍA PEDIATRIA CARDIOLOGÍA PEDIÁTRICA";"118";"119";"926";"873";"34";"1050";"4"
"2023";"03";"150113";"LIMA";"LIMA";"JESUS MARIA";"ESSALUD";"III-E";"00018011";"INSTITUTO NACIONAL CARDIOVASCULAR CARLOS ALBERTO PESCHIERA CARRILLO – INCOR –ESSALUD";"240400";"HOSPITALIZACIÓN QUIRÚRGICA CIRUGÍA DE TÓRAX Y CARDIOVASCULAR ";"35";"68";"1310";"1090";"39";"1209";"4"
"2023";"03";"060108";"CAJAMARCA";"CAJAMARCA";"LOS BAÑOS DEL INCA";"ESSALUD";"I-3";"00010821";"CENTRO DE ATENCION PRIMARIA II";"NE_0001";"";"NE_0001";"NE_0001";"NE_0001";"NE_0001";"NE_0001";"NE_0001";"NE_0001"
"2023";"02";"120504";"JUNIN";"JUNIN";"ULCUMAYO";"GOBIERNO REGIONAL";"I-1";"00000607";"PISCURRURAY";"NE_0001";"";"NE_0001";"NE_0001";"NE_0001";"NE_0001";"NE_0001";"NE_0001";"NE_0001"
"2023";"02";"120504";"JUNIN";"JUNIN";"ULCUMAYO";"GOBIERNO REGIONAL";"I-1";"00000606";"QUIPACANCHA";"NE_0001";"";"NE_0001";"NE_0001";"NE_0001";"NE_0001";"NE_0001";"NE_0001";"NE_0001"
"2023";"02";"120504";"JUNIN";"JUNIN";"ULCUMAYO";"GOBIERNO REGIONAL";"I-1";"00000605";"SHOGUE";"NE_0001";"";"NE_0001";"NE_0001";"NE_0001";"NE_0001";"NE_0001";"NE_0001";"NE_0001"
"2023";"02";"120504";"JUNIN";"JUNIN";"ULCUMAYO";"GOBIERNO REGIONAL";"I-2";"00000604";"TAMBOS";"NE_0001";"";"NE_0001";"NE_0001";"NE_0001";"NE_0001";"NE_0001";"NE_0001";"NE_0001"
"2023";"02";"120504";"JUNIN";"JUNIN";"ULCUMAYO";"GOBIERNO REGIONAL";"I-1";"00000603";"YAPACMARCA";"NE_0001";"";"NE_0001";"NE_0001";"NE_0001";"NE_0001";"NE_0001";"NE_0001";"NE_0001"
"2023";"02";"120504";"JUNIN";"JUNIN";"ULCUMAYO";"GOBIERNO REGIONAL";"I-2";"00000602";"QUILCATACTA";"NE_0001";"";"NE_0001";"NE_0001";"NE_0001";"NE_0001";"NE_0001";"NE_0001";"NE_0001"
"2023";"02";"120504";"JUNIN";"JUNIN";"ULCUMAYO";"GOBIERNO REGIONAL";"I-3";"00000601";"ULCUMAYO";"NE_0001";"";"NE_0001";"NE_0001";"NE_0001";"NE_0001";"NE_0001";"NE_0001";"NE_0001"
"2023";"04";"150140";"LIMA";"LIMA";"SANTIAGO DE SURCO";"PRIVADO";"II-2";"00015118";"CLINICA MAISON DE SANTE DEL ESTE";"240000";"HOSPITALIZACIÓN";"128";"132";"800";"768";"35";"1050";"7"
"2023";"04";"150140";"LIMA";"LIMA";"SANTIAGO DE SURCO";"PRIVADO";"II-2";"00015118";"CLINICA MAISON DE SANTE DEL ESTE";"241400";"HOSPITALIZACIÓN QUIRÚRGICA GINECO - OBSTETRICIA ";"21";"21";"40";"49";"4";"120";"0"
"2023";"04";"150140";"LIMA";"LIMA";"SANTIAGO DE SURCO";"PRIVADO";"II-2";"00015118";"CLINICA MAISON DE SANTE DEL ESTE";"250100";"UNIDAD DE CUIDADOS CRITICOS UNIDAD  DE CUIDADOS INTENSIVOS GENERALES (UCI) ";"16";"17";"109";"105";"4";"120";"3"
"2023";"04";"150140";"LIMA";"LIMA";"SANTIAGO DE SURCO";"PRIVADO";"II-2";"00015118";"CLINICA MAISON DE SANTE DEL ESTE";"250105";"UNIDAD DE CUIDADOS CRITICOS UNIDAD  DE CUIDADOS INTENSIVOS  (UCI) NEONATOLOGÍA";"3";"6";"101";"56";"4";"120";"1"
"2023";"04";"220908";"SAN MARTIN";"SAN MARTIN";"JUAN GUERRA";"GOBIERNO REGIONAL";"I-1";"00006379";"YACUCATINA";"NE_0002";"";"NE_0002";"NE_0002";"NE_0002";"NE_0002";"NE_0002";"NE_0002";"NE_0002"
"2023";"04";"220902";"SAN MARTIN";"SAN MARTIN";"ALBERTO LEVEAU";"GOBIERNO REGIONAL";"I-1";"00006383";"MACHUNGO";"NE_0002";"";"NE_0002";"NE_0002";"NE_0002";"NE_0002";"NE_0002";"NE_0002";"NE_0002"
"2023";"04";"220914";"SAN MARTIN";"SAN MARTIN";"SHAPAJA";"GOBIERNO REGIONAL";"I-2";"00006375";"SHAPAJA";"NE_0002";"";"NE_0002";"NE_0002";"NE_0002";"NE_0002";"NE_0002";"NE_0002";"NE_0002"
"2023";"04";"220908";"SAN MARTIN";"SAN MARTIN";"JUAN GUERRA";"GOBIERNO REGIONAL";"I-3";"00006374";"JUAN GUERRA";"NE_0002";"";"NE_0002";"NE_0002";"NE_0002";"NE_0002";"NE_0002";"NE_0002";"NE_0002"
"2023";"04";"220902";"SAN MARTIN";"SAN MARTIN";"ALBERTO LEVEAU";"GOBIERNO REGIONAL";"I-1";"00006382";"UTCURARCA";"NE_0002";"";"NE_0002";"NE_0002";"NE_0002";"NE_0002";"NE_0002";"NE_0002";"NE_0002"
"2023";"04";"130704";"LA LIBERTAD";"PACASMAYO";"PACASMAYO";"ESSALUD";"I-4";"00008514";"HOSPITAL I PACASMAYO";"241900";"HOSPITALIZACIÓN DE MEDICINA MEDICINA INTERNA ";"51";"43";"245";"287";"12";"360";"0"
"2023";"04";"230101";"TACNA";"TACNA";"TACNA";"ESSALUD";"I-2";"00010228";"CENTRO DE ATENCION PRIMARIA II  OSCAR FERNANDEZ DAVILA VÉLEZ";"NE_0001";"";"NE_0001";"NE_0001";"NE_0001";"NE_0001";"NE_0001";"NE_0001";"NE_0001"
"2023";"04";"051005";"AYACUCHO";"VICTOR FAJARDO";"CANARIA";"GOBIERNO REGIONAL";"I-1";"00003825";"PUESTO DE SALUD RACCAYA";"NE_0001";"";"NE_0001";"NE_0001";"NE_0001";"NE_0001";"NE_0001";"NE_0001";"NE_0001"
"2023";"04";"051010";"AYACUCHO";"VICTOR FAJARDO";"HUALLA";"GOBIERNO REGIONAL";"I-3";"00003829";"CENTRO DE SALUD HUALLA";"241600";"HOSPITALIZACIÓN QUIRÚRGICA OBSTETRICIA   ";"1";"1";"2";"1";"1";"4";"0"
"2023";"04";"051010";"AYACUCHO";"VICTOR FAJARDO";"HUALLA";"GOBIERNO REGIONAL";"I-1";"00003830";"PUESTO DE SALUD TIQUIHUA";"NE_0001";"";"NE_0001";"NE_0001";"NE_0001";"NE_0001";"NE_0001";"NE_0001";"NE_0001"
"2023";"04";"051009";"AYACUCHO";"VICTOR FAJARDO";"HUANCARAYLLA";"GOBIERNO REGIONAL";"I-2";"00003838";"PUESTO DE SALUD HUANCARAYLLA";"NE_0001";"";"NE_0001";"NE_0001";"NE_0001";"NE_0001";"NE_0001";"NE_0001";"NE_0001"
"2023";"04";"051003";"AYACUCHO";"VICTOR FAJARDO";"APONGO";"GOBIERNO REGIONAL";"I-1";"00003819";"APONGO";"NE_0001";"";"NE_0001";"NE_0001";"NE_0001";"NE_0001";"NE_0001";"NE_0001";"NE_0001"
"2023";"04";"051005";"AYACUCHO";"VICTOR FAJARDO";"CANARIA";"GOBIERNO REGIONAL";"I-2";"00003826";"PUESTO DE SALUD TACA";"NE_0001";"";"NE_0001";"NE_0001";"NE_0001";"NE_0001";"NE_0001";"NE_0001";"NE_0001"
"2023";"04";"051008";"AYACUCHO";"VICTOR FAJARDO";"HUAMANQUIQUIA";"GOBIERNO REGIONAL";"I-2";"00003831";"PUESTO DE SALUD HUAMANQUIQUIA";"NE_0001";"";"NE_0001";"NE_0001";"NE_0001";"NE_0001";"NE_0001";"NE_0001";"NE_0001"
"2023";"04";"051108";"AYACUCHO";"VILCAS HUAMAN";"VISCHONGO";"GOBIERNO REGIONAL";"I-1";"00003840";"PUESTO DE SALUD UMARO";"NE_0001";"";"NE_0001";"NE_0001";"NE_0001";"NE_0001";"NE_0001";"NE_0001";"NE_0001"
"2023";"04";"051004";"AYACUCHO";"VICTOR FAJARDO";"ASQUIPATA";"GOBIERNO REGIONAL";"I-1";"00003821";"PUESTO DE SALUD ASQUIPATA";"NE_0001";"";"NE_0001";"NE_0001";"NE_0001";"NE_0001";"NE_0001";"NE_0001";"NE_0001"
"2023";"04";"051004";"AYACUCHO";"VICTOR FAJARDO";"ASQUIPATA";"GOBIERNO REGIONAL";"I-1";"00003823";"PUESTO DE SALUD MORCOLLA CHICO";"NE_0001";"";"NE_0001";"NE_0001";"NE_0001";"NE_0001";"NE_0001";"NE_0001";"NE_0001"
"2023";"04";"051008";"AYACUCHO";"VICTOR FAJARDO";"HUAMANQUIQUIA";"GOBIERNO REGIONAL";"I-1";"00003833";"PUESTO DE SALUD TINCA";"NE_0001";"";"NE_0001";"NE_0001";"NE_0001";"NE_0001";"NE_0001";"NE_0001";"NE_0001"
"2023";"04";"051007";"AYACUCHO";"VICTOR FAJARDO";"COLCA";"GOBIERNO REGIONAL";"I-1";"00003836";"PUESTO DE SALUD QUILLA";"NE_0001";"";"NE_0001";"NE_0001";"NE_0001";"NE_0001";"NE_0001";"NE_0001";"NE_0001"
"2023";"04";"051001";"AYACUCHO";"VICTOR FAJARDO";"HUANCAPI";"GOBIERNO REGIONAL";"I-4";"00003834";"CENTRO DE SALUD HUANCAPI";"240100";"HOSPITALIZACIÓN QUIRÚRGICA CIRUGÍA GENERAL ";"1";"1";"2";"2";"2";"8";"0"
"2023";"04";"051001";"AYACUCHO";"VICTOR FAJARDO";"HUANCAPI";"GOBIERNO REGIONAL";"I-4";"00003834";"CENTRO DE SALUD HUANCAPI";"241600";"HOSPITALIZACIÓN QUIRÚRGICA OBSTETRICIA   ";"5";"5";"10";"2";"2";"8";"0"
"2023";"04";"051001";"AYACUCHO";"VICTOR FAJARDO";"HUANCAPI";"GOBIERNO REGIONAL";"I-4";"00003834";"CENTRO DE SALUD HUANCAPI";"241800";"HOSPITALIZACIÓN DE MEDICINA MEDICINA GENERAL ";"8";"8";"12";"2";"2";"8";"0"
"2023";"04";"051009";"AYACUCHO";"VICTOR FAJARDO";"HUANCARAYLLA";"GOBIERNO REGIONAL";"I-1";"00003839";"PUESTO DE SALUD LLUSITA";"NE_0001";"";"NE_0001";"NE_0001";"NE_0001";"NE_0001";"NE_0001";"NE_0001";"NE_0001"
"2023";"04";"051005";"AYACUCHO";"VICTOR FAJARDO";"CANARIA";"GOBIERNO REGIONAL";"I-3";"00003824";"CENTRO DE SALUD CANARIA";"241600";"HOSPITALIZACIÓN QUIRÚRGICA OBSTETRICIA   ";"1";"1";"2";"1";"1";"4";"0"
"2023";"04";"200501";"PIURA";"PAITA";"PAITA";"ESSALUD";"I-4";"00011763";"HOSPITAL I MIGUEL CRUZADO VERA - PAITA";"241800";"HOSPITALIZACIÓN DE MEDICINA MEDICINA GENERAL ";"42";"35";"212";"241";"8";"240";"2"
"2023";"04";"200501";"PIURA";"PAITA";"PAITA";"ESSALUD";"I-4";"00011763";"HOSPITAL I MIGUEL CRUZADO VERA - PAITA";"240100";"HOSPITALIZACIÓN QUIRÚRGICA CIRUGÍA GENERAL ";"3";"3";"7";"9";"1";"30";"0"
"2023";"04";"200501";"PIURA";"PAITA";"PAITA";"ESSALUD";"I-4";"00011763";"HOSPITAL I MIGUEL CRUZADO VERA - PAITA";"241500";"HOSPITALIZACIÓN QUIRÚRGICA GINECOLOGÍA  ";"2";"2";"5";"7";"1";"30";"0"
"2023";"04";"200501";"PIURA";"PAITA";"PAITA";"ESSALUD";"I-4";"00011763";"HOSPITAL I MIGUEL CRUZADO VERA - PAITA";"241400";"HOSPITALIZACIÓN QUIRÚRGICA GINECO - OBSTETRICIA ";"18";"17";"26";"31";"2";"60";"0"
"2023";"04";"200501";"PIURA";"PAITA";"PAITA";"ESSALUD";"I-4";"00011763";"HOSPITAL I MIGUEL CRUZADO VERA - PAITA";"242300";"HOSPITALIZACIÓN DE PEDIATRÍA  PEDIATRÍA  GENERAL ";"18";"18";"35";"38";"2";"60";"0"
"2023";"04";"160201";"LORETO";"ALTO AMAZONAS";"YURIMAGUAS";"ESSALUD";"II-1";"00020274";"ESSALUD - HOSPITAL I YURIMAGUAS";"241800";"HOSPITALIZACIÓN DE MEDICINA MEDICINA GENERAL ";"47";"61";"255";"214";"8";"240";"2"
"2023";"04";"160201";"LORETO";"ALTO AMAZONAS";"YURIMAGUAS";"ESSALUD";"II-1";"00020274";"ESSALUD - HOSPITAL I YURIMAGUAS";"241600";"HOSPITALIZACIÓN QUIRÚRGICA OBSTETRICIA   ";"27";"31";"81";"77";"3";"90";"0"
"2023";"04";"120425";"JUNIN";"JAUJA";"PARCO";"GOBIERNO REGIONAL";"I-2";"00000374";"PARCO";"NE_0001";"";"NE_0001";"NE_0001";"NE_0001";"NE_0001";"NE_0001";"NE_0001";"NE_0001"
"2023";"04";"120405";"JUNIN";"JAUJA";"CANCHAYLLO";"GOBIERNO REGIONAL";"I-2";"00000424";"CANCHAYLLO";"NE_0001";"";"NE_0001";"NE_0001";"NE_0001";"NE_0001";"NE_0001";"NE_0001";"NE_0001"
"2023";"04";"120414";"JUNIN";"JAUJA";"LLOCLLAPAMPA";"GOBIERNO REGIONAL";"I-3";"00000427";"LLOCLLAPAMPA";"NE_0001";"";"NE_0001";"NE_0001";"NE_0001";"NE_0001";"NE_0001";"NE_0001";"NE_0001"
"2023";"04";"120411";"JUNIN";"JAUJA";"JANJAILLO";"GOBIERNO REGIONAL";"I-2";"00000426";"JANJAILLO";"NE_0001";"";"NE_0001";"NE_0001";"NE_0001";"NE_0001";"NE_0001";"NE_0001";"NE_0001"
"2023";"04";"120425";"JUNIN";"JAUJA";"PARCO";"GOBIERNO REGIONAL";"I-1";"00000375";"ULLUSCA";"NE_0001";"";"NE_0001";"NE_0001";"NE_0001";"NE_0001";"NE_0001";"NE_0001";"NE_0001"
"2023";"04";"120406";"JUNIN";"JAUJA";"CURICACA";"GOBIERNO REGIONAL";"I-2";"00000425";"EL ROSARIO";"NE_0001";"";"NE_0001";"NE_0001";"NE_0001";"NE_0001";"NE_0001";"NE_0001";"NE_0001"
"2023";"04";"120414";"JUNIN";"JAUJA";"LLOCLLAPAMPA";"GOBIERNO REGIONAL";"I-1";"00000428";"MATACHICO";"NE_0001";"";"NE_0001";"NE_0001";"NE_0001";"NE_0001";"NE_0001";"NE_0001";"NE_0001"
"2023";"04";"150115";"LIMA";"LIMA";"LA VICTORIA";"ESSALUD";"III-2";"00009251";"HOSPITAL NACIONAL GUILLERMO ALMENARA IRIGOYEN";"240400";"HOSPITALIZACIÓN QUIRÚRGICA CIRUGÍA DE TÓRAX Y CARDIOVASCULAR ";"17";"3";"68";"72";"3";"90";"0"
"2023";"04";"150115";"LIMA";"LIMA";"LA VICTORIA";"ESSALUD";"III-2";"00009251";"HOSPITAL NACIONAL GUILLERMO ALMENARA IRIGOYEN";"244000";"HOSPITALIZACIÓN DE MEDICINA CARDIOLOGIA ";"29";"25";"240";"235";"8";"240";"0"
"2023";"04";"150115";"LIMA";"LIMA";"LA VICTORIA";"ESSALUD";"III-2";"00009251";"HOSPITAL NACIONAL GUILLERMO ALMENARA IRIGOYEN";"241200";"HOSPITALIZACIÓN QUIRÚRGICA TRAUMATOLOGÍA Y ORTOPEDIA ";"37";"35";"250";"293";"10";"300";"0"
"2023";"04";"150115";"LIMA";"LIMA";"LA VICTORIA";"ESSALUD";"III-2";"00009251";"HOSPITAL NACIONAL GUILLERMO ALMENARA IRIGOYEN";"240400";"HOSPITALIZACIÓN QUIRÚRGICA CIRUGÍA DE TÓRAX Y CARDIOVASCULAR ";"24";"29";"354";"302";"11";"330";"1"
"2023";"04";"150115";"LIMA";"LIMA";"LA VICTORIA";"ESSALUD";"III-2";"00009251";"HOSPITAL NACIONAL GUILLERMO ALMENARA IRIGOYEN";"240801";"HOSPITALIZACIÓN QUIRÚRGICA CIRUGÍA PLÁSTICA/RECONSTRUCTIVA/ REPARADORA QUEMADOS";"17";"17";"234";"148";"5";"150";"0"
"2023";"04";"150115";"LIMA";"LIMA";"LA VICTORIA";"ESSALUD";"III-2";"00009251";"HOSPITAL NACIONAL GUILLERMO ALMENARA IRIGOYEN";"242205";"HOSPITALIZACIÓN MEDICINA PSIQUIATRÍA PISIQUIATRIA/ SALUD MENTAL Y ADICCIONES";"4";"4";"116";"110";"4";"120";"0"
"2023";"04";"150115";"LIMA";"LIMA";"LA VICTORIA";"ESSALUD";"III-2";"00009251";"HOSPITAL NACIONAL GUILLERMO ALMENARA IRIGOYEN";"244100";"HOSPITALIZACIÓN DE MEDICINA DERMATOLOGÍA    ";"31";"26";"329";"365";"13";"390";"0"
"2023";"04";"150115";"LIMA";"LIMA";"LA VICTORIA";"ESSALUD";"III-2";"00009251";"HOSPITAL NACIONAL GUILLERMO ALMENARA IRIGOYEN";"244200";"HOSPITALIZACIÓN DE MEDICINA ENDOCRINOLOGIA ";"13";"17";"298";"298";"10";"300";"0"
"2023";"04";"150115";"LIMA";"LIMA";"LA VICTORIA";"ESSALUD";"III-2";"00009251";"HOSPITAL NACIONAL GUILLERMO ALMENARA IRIGOYEN";"244300";"HOSPITALIZACIÓN DE MEDICINA GASTROENTEROLOGÍA  ";"35";"28";"612";"1033";"35";"1050";"2"
"2023";"04";"150115";"LIMA";"LIMA";"LA VICTORIA";"ESSALUD";"III-2";"00009251";"HOSPITAL NACIONAL GUILLERMO ALMENARA IRIGOYEN";"244400";"HOSPITALIZACIÓN DE MEDICINA GERIATRIA ";"29";"35";"523";"518";"18";"540";"2"
"2023";"04";"150115";"LIMA";"LIMA";"LA VICTORIA";"ESSALUD";"III-2";"00009251";"HOSPITAL NACIONAL GUILLERMO ALMENARA IRIGOYEN";"244500";"HOSPITALIZACIÓN DE MEDICINA HEMATOLOGÍA ";"29";"33";"579";"630";"22";"660";"0"
"2023";"04";"150115";"LIMA";"LIMA";"LA VICTORIA";"ESSALUD";"III-2";"00009251";"HOSPITAL NACIONAL GUILLERMO ALMENARA IRIGOYEN";"241900";"HOSPITALIZACIÓN DE MEDICINA MEDICINA INTERNA ";"35";"41";"882";"938";"32";"960";"3"
"2023";"04";"150115";"LIMA";"LIMA";"LA VICTORIA";"ESSALUD";"III-2";"00009251";"HOSPITAL NACIONAL GUILLERMO ALMENARA IRIGOYEN";"241900";"HOSPITALIZACIÓN DE MEDICINA MEDICINA INTERNA ";"47";"47";"945";"1207";"41";"1230";"6"
"2023";"04";"150115";"LIMA";"LIMA";"LA VICTORIA";"ESSALUD";"III-2";"00009251";"HOSPITAL NACIONAL GUILLERMO ALMENARA IRIGOYEN";"241900";"HOSPITALIZACIÓN DE MEDICINA MEDICINA INTERNA ";"325";"293";"5230";"5562";"187";"5610";"22"
"2023";"04";"150115";"LIMA";"LIMA";"LA VICTORIA";"ESSALUD";"III-2";"00009251";"HOSPITAL NACIONAL GUILLERMO ALMENARA IRIGOYEN";"241900";"HOSPITALIZACIÓN DE MEDICINA MEDICINA INTERNA ";"51";"50";"870";"1016";"34";"1020";"7"
"2023";"04";"150115";"LIMA";"LIMA";"LA VICTORIA";"ESSALUD";"III-2";"00009251";"HOSPITAL NACIONAL GUILLERMO ALMENARA IRIGOYEN";"244600";"HOSPITALIZACIÓN DE MEDICINA NEFROLOGIA ";"84";"78";"802";"874";"30";"900";"1"
"2023";"04";"150115";"LIMA";"LIMA";"LA VICTORIA";"ESSALUD";"III-2";"00009251";"HOSPITAL NACIONAL GUILLERMO ALMENARA IRIGOYEN";"245300";"HOSPITALIZACIÓN DE MEDICINA NEUMOLOGÍA  ";"32";"26";"371";"620";"21";"630";"0"
"2023";"04";"150115";"LIMA";"LIMA";"LA VICTORIA";"ESSALUD";"III-2";"00009251";"HOSPITAL NACIONAL GUILLERMO ALMENARA IRIGOYEN";"244700";"HOSPITALIZACIÓN DE MEDICINA NEUROLOGIA  ";"33";"36";"497";"572";"20";"600";"2"
"2023";"04";"150115";"LIMA";"LIMA";"LA VICTORIA";"ESSALUD";"III-2";"00009251";"HOSPITAL NACIONAL GUILLERMO ALMENARA IRIGOYEN";"242100";"HOSPITALIZACIÓN DE MEDICINA ONCOLOGÍA MÉDICA ";"126";"137";"1202";"879";"31";"930";"2"
"2023";"04";"150115";"LIMA";"LIMA";"LA VICTORIA";"ESSALUD";"III-2";"00009251";"HOSPITAL NACIONAL GUILLERMO ALMENARA IRIGOYEN";"242202";"HOSPITALIZACIÓN DE MEDICINA PSIQUIATRÍA PSIQUIATRÍA DEL ADULTO Y GERONTE";"25";"25";"498";"534";"18";"540";"0"
"2023";"04";"150115";"LIMA";"LIMA";"LA VICTORIA";"ESSALUD";"III-2";"00009251";"HOSPITAL NACIONAL GUILLERMO ALMENARA IRIGOYEN";"242203";"HOSPITALIZACIÓN DE MEDICINA PSIQUIATRÍA PSIQUIATRÍA DEL NIÑO Y DEL ADOLESCENTE";"13";"14";"238";"229";"8";"240";"0"
"2023";"04";"150115";"LIMA";"LIMA";"LA VICTORIA";"ESSALUD";"III-2";"00009251";"HOSPITAL NACIONAL GUILLERMO ALMENARA IRIGOYEN";"245500";"HOSPITALIZACIÓN DE MEDICINA REUMATOLOGÍA    ";"6";"9";"148";"276";"10";"300";"0"
"2023";"04";"150115";"LIMA";"LIMA";"LA VICTORIA";"ESSALUD";"III-2";"00009251";"HOSPITAL NACIONAL GUILLERMO ALMENARA IRIGOYEN";"240200";"HOSPITALIZACIÓN QUIRÚRGICA CIRUGÍA DE CABEZA Y CUELLO / MÁXILO FACIAL ";"40";"48";"423";"385";"13";"390";"0"
"2023";"04";"150115";"LIMA";"LIMA";"LA VICTORIA";"ESSALUD";"III-2";"00009251";"HOSPITAL NACIONAL GUILLERMO ALMENARA IRIGOYEN";"240100";"HOSPITALIZACIÓN QUIRÚRGICA CIRUGÍA GENERAL ";"18";"33";"667";"344";"12";"360";"0"
"2023";"04";"150115";"LIMA";"LIMA";"LA VICTORIA";"ESSALUD";"III-2";"00009251";"HOSPITAL NACIONAL GUILLERMO ALMENARA IRIGOYEN";"240100";"HOSPITALIZACIÓN QUIRÚRGICA CIRUGÍA GENERAL ";"33";"39";"442";"303";"11";"330";"0"
"2023";"04";"150115";"LIMA";"LIMA";"LA VICTORIA";"ESSALUD";"III-2";"00009251";"HOSPITAL NACIONAL GUILLERMO ALMENARA IRIGOYEN";"240100";"HOSPITALIZACIÓN QUIRÚRGICA CIRUGÍA GENERAL ";"19";"21";"503";"631";"22";"660";"0"
"2023";"04";"150115";"LIMA";"LIMA";"LA VICTORIA";"ESSALUD";"III-2";"00009251";"HOSPITAL NACIONAL GUILLERMO ALMENARA IRIGOYEN";"240100";"HOSPITALIZACIÓN QUIRÚRGICA CIRUGÍA GENERAL ";"28";"27";"513";"442";"15";"450";"0"
"2023";"04";"150115";"LIMA";"LIMA";"LA VICTORIA";"ESSALUD";"III-2";"00009251";"HOSPITAL NACIONAL GUILLERMO ALMENARA IRIGOYEN";"240100";"HOSPITALIZACIÓN QUIRÚRGICA CIRUGÍA GENERAL ";"79";"84";"775";"638";"22";"660";"2"
"2023";"04";"150115";"LIMA";"LIMA";"LA VICTORIA";"ESSALUD";"III-2";"00009251";"HOSPITAL NACIONAL GUILLERMO ALMENARA IRIGOYEN";"241500";"HOSPITALIZACIÓN QUIRÚRGICA GINECOLOGÍA  ";"30";"33";"200";"212";"8";"240";"0"
"2023";"04";"150115";"LIMA";"LIMA";"LA VICTORIA";"ESSALUD";"III-2";"00009251";"HOSPITAL NACIONAL GUILLERMO ALMENARA IRIGOYEN";"240900";"HOSPITALIZACIÓN QUIRÚRGICA NEUROCIRUGÍA ";"25";"28";"666";"288";"10";"300";"0"
"2023";"04";"150115";"LIMA";"LIMA";"LA VICTORIA";"ESSALUD";"III-2";"00009251";"HOSPITAL NACIONAL GUILLERMO ALMENARA IRIGOYEN";"240900";"HOSPITALIZACIÓN QUIRÚRGICA NEUROCIRUGÍA ";"50";"47";"663";"153";"6";"180";"0"
"2023";"04";"150115";"LIMA";"LIMA";"LA VICTORIA";"ESSALUD";"III-2";"00009251";"HOSPITAL NACIONAL GUILLERMO ALMENARA IRIGOYEN";"240900";"HOSPITALIZACIÓN QUIRÚRGICA NEUROCIRUGÍA ";"30";"36";"304";"279";"10";"300";"2"
"2023";"04";"150115";"LIMA";"LIMA";"LA VICTORIA";"ESSALUD";"III-2";"00009251";"HOSPITAL NACIONAL GUILLERMO ALMENARA IRIGOYEN";"240600";"HOSPITALIZACIÓN QUIRÚRGICA CIRUGÍA OFTALMOLÓGICA ";"7";"8";"79";"54";"2";"60";"0"
"2023";"04";"150115";"LIMA";"LIMA";"LA VICTORIA";"ESSALUD";"III-2";"00009251";"HOSPITAL NACIONAL GUILLERMO ALMENARA IRIGOYEN";"240600";"HOSPITALIZACIÓN QUIRÚRGICA CIRUGÍA OFTALMOLÓGICA ";"5";"8";"52";"51";"2";"60";"0"
"2023";"04";"150115";"LIMA";"LIMA";"LA VICTORIA";"ESSALUD";"III-2";"00009251";"HOSPITAL NACIONAL GUILLERMO ALMENARA IRIGOYEN";"241200";"HOSPITALIZACIÓN QUIRÚRGICA TRAUMATOLOGÍA Y ORTOPEDIA ";"76";"73";"776";"705";"24";"720";"3"
"2023";"04";"200104";"PIURA";"PIURA";"CASTILLA";"PRIVADO";"II-E";"00013165";"CENTRO DE REPOSO SAN JUAN DE DIOS";"242202";"HOSPITALIZACIÓN DE MEDICINA PSIQUIATRÍA PSIQUIATRÍA DEL ADULTO Y GERONTE";"47";"43";"1110";"720";"46";"1380";"0"
"2023";"04";"140101";"LAMBAYEQUE";"CHICLAYO";"CHICLAYO";"PRIVADO";"II-E";"00008750";"CLINICA DEL PACIFICO S.A";"240000";"HOSPITALIZACIÓN";"380";"374";"1033";"1117";"51";"1581";"6"
"2023";"04";"140101";"LAMBAYEQUE";"CHICLAYO";"CHICLAYO";"PRIVADO";"II-E";"00008750";"CLINICA DEL PACIFICO S.A";"250100";"UNIDAD DE CUIDADOS CRITICOS UNIDAD  DE CUIDADOS INTENSIVOS GENERALES (UCI) ";"7";"7";"34";"33";"4";"124";"3"
"2023";"04";"150113";"LIMA";"LIMA";"JESUS MARIA";"ESSALUD";"0";"00016488";"CENTRO NACIONAL DE SALUD RENAL - ESSALUD";"NE_0001";"";"NE_0001";"NE_0001";"NE_0001";"NE_0001";"NE_0001";"NE_0001";"NE_0001"
"2023";"04";"220205";"SAN MARTIN";"BELLAVISTA";"SAN PABLO";"GOBIERNO REGIONAL";"I-2";"00006499";"FAUSA LAMISTA";"NE_0001";"";"NE_0001";"NE_0001";"NE_0001";"NE_0001";"NE_0001";"NE_0001";"NE_0001"
"2023";"04";"150140";"LIMA";"LIMA";"SANTIAGO DE SURCO";"PRIVADO";"II-E";"00028189";"GLAUCOMA SALUD";"NE_0001";"";"NE_0001";"NE_0001";"NE_0001";"NE_0001";"NE_0001";"NE_0001";"NE_0001"
"2023";"05";"120502";"JUNIN";"JUNIN";"CARHUAMAYO";"GOBIERNO REGIONAL";"I-3";"00000537";"CARHUAMAYO";"NE_0001";"";"NE_0001";"NE_0001";"NE_0001";"NE_0001";"NE_0001";"NE_0001";"NE_0001"
"2023";"05";"120504";"JUNIN";"JUNIN";"ULCUMAYO";"GOBIERNO REGIONAL";"I-1";"00000538";"LLAUPI";"NE_0001";"";"NE_0001";"NE_0001";"NE_0001";"NE_0001";"NE_0001";"NE_0001";"NE_0001"
"2023";"05";"120504";"JUNIN";"JUNIN";"ULCUMAYO";"GOBIERNO REGIONAL";"I-1";"00000540";"JACHAHUANCA";"NE_0001";"";"NE_0001";"NE_0001";"NE_0001";"NE_0001";"NE_0001";"NE_0001";"NE_0001"
"2023";"05";"120502";"JUNIN";"JUNIN";"CARHUAMAYO";"GOBIERNO REGIONAL";"I-3";"00030166";"CENTRO DE SALUD MENTAL COMUNITARIO CARHUAMAYO";"NE_0001";"";"NE_0001";"NE_0001";"NE_0001";"NE_0001";"NE_0001";"NE_0001";"NE_0001"
"2023";"05";"120501";"JUNIN";"JUNIN";"JUNIN";"GOBIERNO REGIONAL";"I-1";"00000536";"HUAYRE";"NE_0001";"";"NE_0001";"NE_0001";"NE_0001";"NE_0001";"NE_0001";"NE_0001";"NE_0001"
"2023";"05";"120504";"JUNIN";"JUNIN";"ULCUMAYO";"GOBIERNO REGIONAL";"I-1";"00000539";"PUYAY";"NE_0001";"";"NE_0001";"NE_0001";"NE_0001";"NE_0001";"NE_0001";"NE_0001";"NE_0001"
"2023";"05";"120504";"JUNIN";"JUNIN";"ULCUMAYO";"GOBIERNO REGIONAL";"I-1";"00000541";"CARAPACHO";"NE_0001";"";"NE_0001";"NE_0001";"NE_0001";"NE_0001";"NE_0001";"NE_0001";"NE_0001"
"2023";"05";"090118";"HUANCAVELICA";"HUANCAVELICA";"ASCENSION";"ESSALUD";"II-1";"00009132";"HOSPITAL II HUANCAVELICA";"241800";"HOSPITALIZACIÓN DE MEDICINA MEDICINA GENERAL ";"43";"41";"171";"236";"8";"248";"0"
"2023";"05";"090118";"HUANCAVELICA";"HUANCAVELICA";"ASCENSION";"ESSALUD";"II-1";"00009132";"HOSPITAL II HUANCAVELICA";"240100";"HOSPITALIZACIÓN QUIRÚRGICA CIRUGÍA GENERAL ";"25";"25";"97";"131";"7";"217";"0"
"2023";"05";"090118";"HUANCAVELICA";"HUANCAVELICA";"ASCENSION";"ESSALUD";"II-1";"00009132";"HOSPITAL II HUANCAVELICA";"241200";"HOSPITALIZACIÓN QUIRÚRGICA TRAUMATOLOGÍA Y ORTOPEDIA ";"8";"8";"20";"20";"4";"124";"0"
"2023";"05";"090118";"HUANCAVELICA";"HUANCAVELICA";"ASCENSION";"ESSALUD";"II-1";"00009132";"HOSPITAL II HUANCAVELICA";"241400";"HOSPITALIZACIÓN QUIRÚRGICA GINECO - OBSTETRICIA ";"4";"4";"18";"18";"2";"62";"0"
"2023";"05";"090118";"HUANCAVELICA";"HUANCAVELICA";"ASCENSION";"ESSALUD";"II-1";"00009132";"HOSPITAL II HUANCAVELICA";"241600";"HOSPITALIZACIÓN QUIRÚRGICA OBSTETRICIA   ";"46";"41";"84";"190";"7";"217";"0"
"2023";"05";"090118";"HUANCAVELICA";"HUANCAVELICA";"ASCENSION";"ESSALUD";"II-1";"00009132";"HOSPITAL II HUANCAVELICA";"242300";"HOSPITALIZACIÓN DE PEDIATRÍA  PEDIATRÍA  GENERAL ";"46";"32";"79";"197";"7";"217";"0"
"2023";"05";"090118";"HUANCAVELICA";"HUANCAVELICA";"ASCENSION";"ESSALUD";"II-1";"00009132";"HOSPITAL II HUANCAVELICA";"250300";"UNIDAD DE CUIDADOS CRITICOS UNIDAD DE VIGILANCIA INTENSIVA  CLINICA (UVIC) ";"13";"11";"17";"20";"2";"62";"4"
"2023";"05";"070101";"CALLAO";"CALLAO";"CALLAO";"GOBIERNO REGIONAL";"I-2";"00006226";"PUESTO DE SALUD PUERTO NUEVO";"NE_0001";"";"NE_0001";"NE_0001";"NE_0001";"NE_0001";"NE_0001";"NE_0001";"NE_0001"
"2023";"05";"070105";"CALLAO";"CALLAO";"LA PUNTA";"GOBIERNO REGIONAL";"I-2";"00006227";"PUESTO DE SALUD LA PUNTA";"NE_0001";"";"NE_0001";"NE_0001";"NE_0001";"NE_0001";"NE_0001";"NE_0001";"NE_0001"
"2023";"05";"070101";"CALLAO";"CALLAO";"CALLAO";"GOBIERNO REGIONAL";"I-2";"00006225";"PUESTO DE SALUD  SAN JUAN BOSCO";"NE_0001";"";"NE_0001";"NE_0001";"NE_0001";"NE_0001";"NE_0001";"NE_0001";"NE_0001"
"2023";"05";"070101";"CALLAO";"CALLAO";"CALLAO";"GOBIERNO REGIONAL";"I-3";"00006221";"C.S. ALBERTO BARTON";"NE_0001";"";"NE_0001";"NE_0001";"NE_0001";"NE_0001";"NE_0001";"NE_0001";"NE_0001"
"2023";"05";"070101";"CALLAO";"CALLAO";"CALLAO";"GOBIERNO REGIONAL";"I-2";"00006220";"PUESTO DE SALUD MANUEL BONILLA";"NE_0001";"";"NE_0001";"NE_0001";"NE_0001";"NE_0001";"NE_0001";"NE_0001";"NE_0001"
"2023";"04";"200101";"PIURA";"PIURA";"PIURA";"PRIVADO";"II-E";"00012918";"OFTALMOLOGOS ASOCIADOS VER SAC";"NE_0001";"";"NE_0001";"NE_0001";"NE_0001";"NE_0001";"NE_0001";"NE_0001";"NE_0001"
"2023";"05";"021001";"ANCASH";"HUARI";"HUARI";"GOBIERNO REGIONAL";"II-1";"00001813";"HOSPITAL DE APOYO HUARI";"241500";"HOSPITALIZACIÓN QUIRÚRGICA GINECOLOGÍA  ";"12";"12";"38";"35";"6";"186";"0"
"2023";"05";"021001";"ANCASH";"HUARI";"HUARI";"GOBIERNO REGIONAL";"II-1";"00001813";"HOSPITAL DE APOYO HUARI";"241600";"HOSPITALIZACIÓN QUIRÚRGICA OBSTETRICIA   ";"29";"29";"72";"82";"6";"186";"0"
"2023";"05";"021001";"ANCASH";"HUARI";"HUARI";"GOBIERNO REGIONAL";"II-1";"00001813";"HOSPITAL DE APOYO HUARI";"241800";"HOSPITALIZACIÓN DE MEDICINA MEDICINA GENERAL ";"26";"26";"101";"129";"12";"372";"0"
"2023";"05";"021001";"ANCASH";"HUARI";"HUARI";"GOBIERNO REGIONAL";"II-1";"00001813";"HOSPITAL DE APOYO HUARI";"242500";"HOSPITALIZACIÓN-PEDIATRÍA GENERAL-";"5";"6";"25";"27";"4";"124";"0"
"2023";"05";"021001";"ANCASH";"HUARI";"HUARI";"GOBIERNO REGIONAL";"II-1";"00001813";"HOSPITAL DE APOYO HUARI";"243200";"HOSPITALIZACIÓN DE PEDIATRÍA PEDIATRIA NEONATOLOGÍA";"2";"2";"9";"9";"1";"31";"0"
"2023";"05";"190113";"PASCO";"PASCO";"YANACANCHA";"MINSA";"II-2";"00000979";"HOSPITAL REGIONAL DR. DANIEL ALCIDES CARRION GARCIA";"240700";"HOSPITALIZACIÓN QUIRÚRGICA CIRUGÍA PEDIÁTRICA ";"4";"4";"18";"18";"4";"124";"0"
"2023";"05";"190113";"PASCO";"PASCO";"YANACANCHA";"MINSA";"II-2";"00000979";"HOSPITAL REGIONAL DR. DANIEL ALCIDES CARRION GARCIA";"241400";"HOSPITALIZACIÓN QUIRÚRGICA GINECO - OBSTETRICIA ";"107";"119";"254";"242";"26";"806";"0"
"2023";"05";"190113";"PASCO";"PASCO";"YANACANCHA";"MINSA";"II-2";"00000979";"HOSPITAL REGIONAL DR. DANIEL ALCIDES CARRION GARCIA";"241800";"HOSPITALIZACIÓN DE MEDICINA MEDICINA GENERAL ";"41";"50";"333";"324";"17";"527";"5"
"2023";"05";"190113";"PASCO";"PASCO";"YANACANCHA";"MINSA";"II-2";"00000979";"HOSPITAL REGIONAL DR. DANIEL ALCIDES CARRION GARCIA";"243200";"HOSPITALIZACIÓN DE PEDIATRÍA PEDIATRIA NEONATOLOGÍA";"38";"40";"127";"125";"13";"403";"1"
"2023";"05";"190113";"PASCO";"PASCO";"YANACANCHA";"MINSA";"II-2";"00000979";"HOSPITAL REGIONAL DR. DANIEL ALCIDES CARRION GARCIA";"242500";"HOSPITALIZACIÓN-PEDIATRÍA GENERAL-";"24";"29";"152";"147";"11";"341";"1"
"2023";"05";"190113";"PASCO";"PASCO";"YANACANCHA";"MINSA";"II-2";"00000979";"HOSPITAL REGIONAL DR. DANIEL ALCIDES CARRION GARCIA";"242200";"HOSPITALIZACIÓN DE MEDICINA PSIQUIATRÍA ";"9";"10";"106";"105";"12";"372";"0"
"2023";"05";"190113";"PASCO";"PASCO";"YANACANCHA";"MINSA";"II-2";"00000979";"HOSPITAL REGIONAL DR. DANIEL ALCIDES CARRION GARCIA";"241200";"HOSPITALIZACIÓN QUIRÚRGICA TRAUMATOLOGÍA Y ORTOPEDIA ";"13";"17";"126";"122";"4";"124";"0"
"2023";"05";"190113";"PASCO";"PASCO";"YANACANCHA";"MINSA";"II-2";"00000979";"HOSPITAL REGIONAL DR. DANIEL ALCIDES CARRION GARCIA";"250103";"UNIDAD DE CUIDADOS CRITICOS UNIDAD  DE CUIDADOS INTENSIVOS GENERALES  (UCI) MEDICINA";"2";"2";"2";"2";"3";"93";"2"
"2023";"05";"150113";"LIMA";"LIMA";"JESUS MARIA";"PRIVADO";"II-E";"00009982";"CLINICA REPROMEDIC";"240000";"HOSPITALIZACIÓN";"95";"95";"213";"204";"10";"320";"0"
"2023";"05";"150113";"LIMA";"LIMA";"JESUS MARIA";"SANIDAD DEL EJERCITO DEL PERU";"III-1";"00017024";"HOSPITAL  MILITAR LUIS ARIAS SCHEREIBER";"240100";"HOSPITALIZACIÓN QUIRÚRGICA CIRUGÍA GENERAL ";"90";"86";"1132";"1151";"66";"2046";"3"
"2023";"05";"150113";"LIMA";"LIMA";"JESUS MARIA";"SANIDAD DEL EJERCITO DEL PERU";"III-1";"00017024";"HOSPITAL  MILITAR LUIS ARIAS SCHEREIBER";"240800";"HOSPITALIZACIÓN QUIRÚRGICA CIRUGÍA PLÁSTICA/RECONSTRUCTIVA/ REPARADORA ";"24";"22";"157";"142";"9";"279";"0"
"2023";"05";"150113";"LIMA";"LIMA";"JESUS MARIA";"SANIDAD DEL EJERCITO DEL PERU";"III-1";"00017024";"HOSPITAL  MILITAR LUIS ARIAS SCHEREIBER";"240900";"HOSPITALIZACIÓN QUIRÚRGICA NEUROCIRUGÍA ";"10";"14";"348";"197";"15";"465";"0"
"2023";"05";"150113";"LIMA";"LIMA";"JESUS MARIA";"SANIDAD DEL EJERCITO DEL PERU";"III-1";"00017024";"HOSPITAL  MILITAR LUIS ARIAS SCHEREIBER";"241200";"HOSPITALIZACIÓN QUIRÚRGICA TRAUMATOLOGÍA Y ORTOPEDIA ";"59";"59";"728";"1033";"63";"1953";"1"
"2023";"05";"150113";"LIMA";"LIMA";"JESUS MARIA";"SANIDAD DEL EJERCITO DEL PERU";"III-1";"00017024";"HOSPITAL  MILITAR LUIS ARIAS SCHEREIBER";"241300";"HOSPITALIZACIÓN QUIRÚRGICA UROLOGÍA  ";"21";"18";"129";"129";"8";"248";"0"
"2023";"05";"150113";"LIMA";"LIMA";"JESUS MARIA";"SANIDAD DEL EJERCITO DEL PERU";"III-1";"00017024";"HOSPITAL  MILITAR LUIS ARIAS SCHEREIBER";"241400";"HOSPITALIZACIÓN QUIRÚRGICA GINECO - OBSTETRICIA ";"47";"45";"171";"167";"11";"341";"0"
"2023";"05";"150113";"LIMA";"LIMA";"JESUS MARIA";"SANIDAD DEL EJERCITO DEL PERU";"III-1";"00017024";"HOSPITAL  MILITAR LUIS ARIAS SCHEREIBER";"241900";"HOSPITALIZACIÓN DE MEDICINA MEDICINA INTERNA ";"102";"101";"1243";"1436";"80";"2480";"7"
"2023";"05";"150113";"LIMA";"LIMA";"JESUS MARIA";"SANIDAD DEL EJERCITO DEL PERU";"III-1";"00017024";"HOSPITAL  MILITAR LUIS ARIAS SCHEREIBER";"242100";"HOSPITALIZACIÓN DE MEDICINA ONCOLOGÍA MÉDICA ";"15";"13";"150";"152";"9";"279";"1"
"2023";"05";"150113";"LIMA";"LIMA";"JESUS MARIA";"SANIDAD DEL EJERCITO DEL PERU";"III-1";"00017024";"HOSPITAL  MILITAR LUIS ARIAS SCHEREIBER";"242200";"HOSPITALIZACIÓN DE MEDICINA PSIQUIATRÍA ";"18";"19";"305";"289";"18";"558";"0"
"2023";"05";"150113";"LIMA";"LIMA";"JESUS MARIA";"SANIDAD DEL EJERCITO DEL PERU";"III-1";"00017024";"HOSPITAL  MILITAR LUIS ARIAS SCHEREIBER";"242300";"HOSPITALIZACIÓN DE PEDIATRÍA  PEDIATRÍA  GENERAL ";"23";"24";"120";"119";"13";"403";"0"
"2023";"05";"150113";"LIMA";"LIMA";"JESUS MARIA";"SANIDAD DEL EJERCITO DEL PERU";"III-1";"00017024";"HOSPITAL  MILITAR LUIS ARIAS SCHEREIBER";"243200";"HOSPITALIZACIÓN DE PEDIATRÍA PEDIATRIA NEONATOLOGÍA";"18";"18";"58";"60";"15";"465";"0"
"2023";"05";"150113";"LIMA";"LIMA";"JESUS MARIA";"SANIDAD DEL EJERCITO DEL PERU";"III-1";"00017024";"HOSPITAL  MILITAR LUIS ARIAS SCHEREIBER";"244300";"HOSPITALIZACIÓN DE MEDICINA GASTROENTEROLOGÍA  ";"22";"21";"206";"303";"14";"434";"0"
"2023";"05";"150113";"LIMA";"LIMA";"JESUS MARIA";"SANIDAD DEL EJERCITO DEL PERU";"III-1";"00017024";"HOSPITAL  MILITAR LUIS ARIAS SCHEREIBER";"244700";"HOSPITALIZACIÓN DE MEDICINA NEUROLOGIA  ";"11";"15";"287";"284";"13";"403";"0"
"2023";"05";"150113";"LIMA";"LIMA";"JESUS MARIA";"SANIDAD DEL EJERCITO DEL PERU";"III-1";"00017024";"HOSPITAL  MILITAR LUIS ARIAS SCHEREIBER";"245300";"HOSPITALIZACIÓN DE MEDICINA NEUMOLOGÍA  ";"19";"14";"228";"476";"29";"899";"0"
"2023";"05";"150113";"LIMA";"LIMA";"JESUS MARIA";"SANIDAD DEL EJERCITO DEL PERU";"III-1";"00017024";"HOSPITAL  MILITAR LUIS ARIAS SCHEREIBER";"250101";"UNIDAD DE CUIDADOS CRITICOS UNIDAD  DE CUIDADOS INTENSIVOS GENERALES (UCI) CARDIOLOGIA";"8";"7";"19";"58";"6";"186";"0"
"2023";"05";"150113";"LIMA";"LIMA";"JESUS MARIA";"SANIDAD DEL EJERCITO DEL PERU";"III-1";"00017024";"HOSPITAL  MILITAR LUIS ARIAS SCHEREIBER";"250103";"UNIDAD DE CUIDADOS CRITICOS UNIDAD  DE CUIDADOS INTENSIVOS GENERALES  (UCI) MEDICINA";"7";"5";"50";"138";"7";"217";"5"
"2023";"05";"060601";"CAJAMARCA";"CUTERVO";"CUTERVO";"GOBIERNO REGIONAL";"I-3";"00028745";"CENTRO DE SALUD MENTAL COMUNITARIO PLENITUD";"NE_0001";"";"NE_0001";"NE_0001";"NE_0001";"NE_0001";"NE_0001";"NE_0001";"NE_0001"
"2023";"05";"150140";"LIMA";"LIMA";"SANTIAGO DE SURCO";"PRIVADO";"III-1";"00009988";"CLINICA SAN PABLO SAC";"240000";"HOSPITALIZACIÓN";"655";"641";"2146";"2464";"101";"3131";"1"
"2023";"05";"150140";"LIMA";"LIMA";"SANTIAGO DE SURCO";"PRIVADO";"III-1";"00009988";"CLINICA SAN PABLO SAC";"250200";"UNIDAD DE CUIDADOS CRITICOS UNIDAD DE CUIDADOS INTERMEDIOS GENERAL  (UCIN) ";"5";"5";"20";"27";"10";"310";"0"
"2023";"05";"150140";"LIMA";"LIMA";"SANTIAGO DE SURCO";"PRIVADO";"III-1";"00009988";"CLINICA SAN PABLO SAC";"250108";"UNIDAD DE CUIDADOS CRITICOS UNIDAD  DE CUIDADOS INTENSIVOS  (UCI) PEDIÁTRICA";"15";"15";"107";"125";"8";"248";"0"
"2023";"05";"150140";"LIMA";"LIMA";"SANTIAGO DE SURCO";"PRIVADO";"III-1";"00009988";"CLINICA SAN PABLO SAC";"250100";"UNIDAD DE CUIDADOS CRITICOS UNIDAD  DE CUIDADOS INTENSIVOS GENERALES (UCI) ";"55";"52";"112";"172";"13";"403";"4"
"2023";"05";"120101";"JUNIN";"HUANCAYO";"HUANCAYO";"GOBIERNO REGIONAL";"III-E";"00000753";"HOSPITAL REGIONAL DOCENTE CLINICO QUIRURGICO DANIEL ALCIDES CARRION";"241900";"HOSPITALIZACIÓN DE MEDICINA MEDICINA INTERNA ";"92";"88";"1088";"1434";"47";"1457";"16"
"2023";"05";"120101";"JUNIN";"HUANCAYO";"HUANCAYO";"GOBIERNO REGIONAL";"III-E";"00000753";"HOSPITAL REGIONAL DOCENTE CLINICO QUIRURGICO DANIEL ALCIDES CARRION";"242000";"HOSPITALIZACIÓN DE MEDICINA MEDICINA TROPICAL E INFECCIOSAS ";"26";"25";"270";"422";"14";"434";"2"
"2023";"05";"120101";"JUNIN";"HUANCAYO";"HUANCAYO";"GOBIERNO REGIONAL";"III-E";"00000753";"HOSPITAL REGIONAL DOCENTE CLINICO QUIRURGICO DANIEL ALCIDES CARRION";"244000";"HOSPITALIZACIÓN DE MEDICINA CARDIOLOGIA ";"56";"50";"151";"288";"10";"310";"1"
"2023";"05";"120101";"JUNIN";"HUANCAYO";"HUANCAYO";"GOBIERNO REGIONAL";"III-E";"00000753";"HOSPITAL REGIONAL DOCENTE CLINICO QUIRURGICO DANIEL ALCIDES CARRION";"244200";"HOSPITALIZACIÓN DE MEDICINA ENDOCRINOLOGIA ";"17";"15";"230";"86";"3";"93";"1"
"2023";"05";"120101";"JUNIN";"HUANCAYO";"HUANCAYO";"GOBIERNO REGIONAL";"III-E";"00000753";"HOSPITAL REGIONAL DOCENTE CLINICO QUIRURGICO DANIEL ALCIDES CARRION";"244300";"HOSPITALIZACIÓN DE MEDICINA GASTROENTEROLOGÍA  ";"35";"31";"243";"178";"6";"186";"4"
"2023";"05";"120101";"JUNIN";"HUANCAYO";"HUANCAYO";"GOBIERNO REGIONAL";"III-E";"00000753";"HOSPITAL REGIONAL DOCENTE CLINICO QUIRURGICO DANIEL ALCIDES CARRION";"244400";"HOSPITALIZACIÓN DE MEDICINA GERIATRIA ";"15";"13";"130";"75";"3";"93";"5"
"2023";"05";"120101";"JUNIN";"HUANCAYO";"HUANCAYO";"GOBIERNO REGIONAL";"III-E";"00000753";"HOSPITAL REGIONAL DOCENTE CLINICO QUIRURGICO DANIEL ALCIDES CARRION";"245300";"HOSPITALIZACIÓN DE MEDICINA NEUMOLOGÍA  ";"23";"26";"444";"385";"13";"403";"2"
"2023";"05";"120101";"JUNIN";"HUANCAYO";"HUANCAYO";"GOBIERNO REGIONAL";"III-E";"00000753";"HOSPITAL REGIONAL DOCENTE CLINICO QUIRURGICO DANIEL ALCIDES CARRION";"240100";"HOSPITALIZACIÓN QUIRÚRGICA CIRUGÍA GENERAL ";"189";"185";"976";"1086";"36";"1116";"6"
"2023";"05";"120101";"JUNIN";"HUANCAYO";"HUANCAYO";"GOBIERNO REGIONAL";"III-E";"00000753";"HOSPITAL REGIONAL DOCENTE CLINICO QUIRURGICO DANIEL ALCIDES CARRION";"240200";"HOSPITALIZACIÓN QUIRÚRGICA CIRUGÍA DE CABEZA Y CUELLO / MÁXILO FACIAL ";"18";"17";"88";"191";"7";"217";"0"
"2023";"05";"120101";"JUNIN";"HUANCAYO";"HUANCAYO";"GOBIERNO REGIONAL";"III-E";"00000753";"HOSPITAL REGIONAL DOCENTE CLINICO QUIRURGICO DANIEL ALCIDES CARRION";"240800";"HOSPITALIZACIÓN QUIRÚRGICA CIRUGÍA PLÁSTICA/RECONSTRUCTIVA/ REPARADORA ";"9";"8";"230";"90";"3";"93";"0"
"2023";"05";"120101";"JUNIN";"HUANCAYO";"HUANCAYO";"GOBIERNO REGIONAL";"III-E";"00000753";"HOSPITAL REGIONAL DOCENTE CLINICO QUIRURGICO DANIEL ALCIDES CARRION";"240900";"HOSPITALIZACIÓN QUIRÚRGICA NEUROCIRUGÍA ";"35";"33";"346";"371";"12";"372";"3"
"2023";"05";"120101";"JUNIN";"HUANCAYO";"HUANCAYO";"GOBIERNO REGIONAL";"III-E";"00000753";"HOSPITAL REGIONAL DOCENTE CLINICO QUIRURGICO DANIEL ALCIDES CARRION";"241100";"HOSPITALIZACIÓN QUIRÚRGICA OTORRINOLARINGOLOGÍA  ";"3";"3";"11";"34";"2";"62";"0"
"2023";"05";"120101";"JUNIN";"HUANCAYO";"HUANCAYO";"GOBIERNO REGIONAL";"III-E";"00000753";"HOSPITAL REGIONAL DOCENTE CLINICO QUIRURGICO DANIEL ALCIDES CARRION";"241200";"HOSPITALIZACIÓN QUIRÚRGICA TRAUMATOLOGÍA Y ORTOPEDIA ";"90";"72";"699";"987";"32";"992";"2"
"2023";"05";"120101";"JUNIN";"HUANCAYO";"HUANCAYO";"GOBIERNO REGIONAL";"III-E";"00000753";"HOSPITAL REGIONAL DOCENTE CLINICO QUIRURGICO DANIEL ALCIDES CARRION";"241300";"HOSPITALIZACIÓN QUIRÚRGICA UROLOGÍA  ";"18";"17";"124";"191";"7";"217";"0"
"2023";"05";"120101";"JUNIN";"HUANCAYO";"HUANCAYO";"GOBIERNO REGIONAL";"III-E";"00000753";"HOSPITAL REGIONAL DOCENTE CLINICO QUIRURGICO DANIEL ALCIDES CARRION";"242100";"HOSPITALIZACIÓN DE MEDICINA ONCOLOGÍA MÉDICA ";"9";"11";"162";"123";"8";"248";"3"
"2023";"05";"150130";"LIMA";"LIMA";"SAN BORJA";"PRIVADO";"II-E";"00011547";"CLINICA CONTINENTAL";"NE_0002";"";"NE_0002";"NE_0002";"NE_0002";"NE_0002";"NE_0002";"NE_0002";"NE_0002"
"2023";"05";"150601";"LIMA";"HUARAL";"HUARAL";"PRIVADO";"II-E";"00017081";"CLINICA SAN ANDRES";"241200";"HOSPITALIZACIÓN QUIRÚRGICA TRAUMATOLOGÍA Y ORTOPEDIA ";"4";"4";"6";"6";"2";"31";"0"
"2023";"05";"150601";"LIMA";"HUARAL";"HUARAL";"PRIVADO";"II-E";"00017081";"CLINICA SAN ANDRES";"241300";"HOSPITALIZACIÓN QUIRÚRGICA UROLOGÍA  ";"6";"6";"8";"8";"1";"31";"0"
"2023";"05";"150601";"LIMA";"HUARAL";"HUARAL";"PRIVADO";"II-E";"00017081";"CLINICA SAN ANDRES";"241800";"HOSPITALIZACIÓN DE MEDICINA MEDICINA GENERAL ";"7";"7";"9";"9";"2";"31";"0"
"2023";"05";"150601";"LIMA";"HUARAL";"HUARAL";"PRIVADO";"II-E";"00017081";"CLINICA SAN ANDRES";"240100";"HOSPITALIZACIÓN QUIRÚRGICA CIRUGÍA GENERAL ";"15";"15";"17";"17";"1";"31";"0"
"2023";"05";"150601";"LIMA";"HUARAL";"HUARAL";"PRIVADO";"II-E";"00017081";"CLINICA SAN ANDRES";"241500";"HOSPITALIZACIÓN QUIRÚRGICA GINECOLOGÍA  ";"3";"3";"5";"5";"1";"31";"0"
"2023";"05";"130904";"LA LIBERTAD";"SANCHEZ CARRION";"CURGOS";"GOBIERNO REGIONAL";"I-1";"00021651";"HUAYLLAGUAL";"NE_0001";"";"NE_0001";"NE_0001";"NE_0001";"NE_0001";"NE_0001";"NE_0001";"NE_0001"
"2023";"05";"130904";"LA LIBERTAD";"SANCHEZ CARRION";"CURGOS";"GOBIERNO REGIONAL";"I-1";"00021652";"EL CALVARIO";"NE_0001";"";"NE_0001";"NE_0001";"NE_0001";"NE_0001";"NE_0001";"NE_0001";"NE_0001"
"2023";"05";"130904";"LA LIBERTAD";"SANCHEZ CARRION";"CURGOS";"GOBIERNO REGIONAL";"I-2";"00005357";"CURGOS-WALTER JUNIOR VELARDE ARTEAGA";"NE_0001";"";"NE_0001";"NE_0001";"NE_0001";"NE_0001";"NE_0001";"NE_0001";"NE_0001"
"2023";"05";"210201";"PUNO";"AZANGARO";"AZANGARO";"GOBIERNO REGIONAL";"II-1";"00002941";"CARLOS CORNEJO ROSELLO";"240100";"HOSPITALIZACIÓN QUIRÚRGICA CIRUGÍA GENERAL ";"4";"4";"12";"16";"6";"186";"0"
"2023";"05";"210201";"PUNO";"AZANGARO";"AZANGARO";"GOBIERNO REGIONAL";"II-1";"00002941";"CARLOS CORNEJO ROSELLO";"241500";"HOSPITALIZACIÓN QUIRÚRGICA GINECOLOGÍA  ";"49";"53";"112";"162";"8";"248";"0"
"2023";"05";"210201";"PUNO";"AZANGARO";"AZANGARO";"GOBIERNO REGIONAL";"II-1";"00002941";"CARLOS CORNEJO ROSELLO";"241600";"HOSPITALIZACIÓN QUIRÚRGICA OBSTETRICIA   ";"28";"29";"41";"70";"6";"186";"0"
"2023";"05";"210201";"PUNO";"AZANGARO";"AZANGARO";"GOBIERNO REGIONAL";"II-1";"00002941";"CARLOS CORNEJO ROSELLO";"241800";"HOSPITALIZACIÓN DE MEDICINA MEDICINA GENERAL ";"30";"31";"132";"163";"12";"372";"0"
"2023";"05";"210201";"PUNO";"AZANGARO";"AZANGARO";"GOBIERNO REGIONAL";"II-1";"00002941";"CARLOS CORNEJO ROSELLO";"242500";"HOSPITALIZACIÓN-PEDIATRÍA GENERAL-";"12";"14";"39";"53";"9";"279";"0"
"2023";"05";"210201";"PUNO";"AZANGARO";"AZANGARO";"GOBIERNO REGIONAL";"II-1";"00002941";"CARLOS CORNEJO ROSELLO";"243200";"HOSPITALIZACIÓN DE PEDIATRÍA PEDIATRIA NEONATOLOGÍA";"15";"17";"46";"63";"4";"124";"0"
"2023";"05";"070102";"CALLAO";"CALLAO";"BELLAVISTA";"GOBIERNO REGIONAL";"I-2";"00031271";"CENTRO DE SALUD MENTAL COMUNITARIO UNIVERSITARIO CALLAO";"NE_0001";"";"NE_0001";"NE_0001";"NE_0001";"NE_0001";"NE_0001";"NE_0001";"NE_0001"
"2023";"05";"070103";"CALLAO";"CALLAO";"CARMEN DE LA LEGUA-REYNOSO";"GOBIERNO REGIONAL";"I-2";"00029132";"Centro de Salud Mental Comunitario ""Carmen de la Legua - Reynoso""";"NE_0001";"";"NE_0001";"NE_0001";"NE_0001";"NE_0001";"NE_0001";"NE_0001";"NE_0001"
"2023";"05";"070103";"CALLAO";"CALLAO";"CARMEN DE LA LEGUA-REYNOSO";"GOBIERNO REGIONAL";"I-2";"00006253";"PUESTO DE SALUD VILLA SEÑOR. DE LOS MILAGROS";"NE_0001";"";"NE_0001";"NE_0001";"NE_0001";"NE_0001";"NE_0001";"NE_0001";"NE_0001"
"2023";"05";"061204";"CAJAMARCA";"SAN PABLO";"TUMBADEN";"GOBIERNO REGIONAL";"I-1";"00004610";"EL REGALADO";"NE_0001";"";"NE_0001";"NE_0001";"NE_0001";"NE_0001";"NE_0001";"NE_0001";"NE_0001"
"2023";"05";"061202";"CAJAMARCA";"SAN PABLO";"SAN BERNARDINO";"GOBIERNO REGIONAL";"I-1";"00004539";"TUÑAD";"NE_0001";"";"NE_0001";"NE_0001";"NE_0001";"NE_0001";"NE_0001";"NE_0001";"NE_0001"
"2023";"05";"061203";"CAJAMARCA";"SAN PABLO";"SAN LUIS";"GOBIERNO REGIONAL";"I-1";"00004584";"PAMPA DE SAN LUIS";"NE_0001";"";"NE_0001";"NE_0001";"NE_0001";"NE_0001";"NE_0001";"NE_0001";"NE_0001"
"2023";"03";"030101";"APURIMAC";"ABANCAY";"ABANCAY";"GOBIERNO REGIONAL";"II-2";"00007719";"HOSPITAL REGIONAL GUILLERMO DIAZ DE LA VEGA";"241600";"HOSPITALIZACIÓN QUIRÚRGICA OBSTETRICIA   ";"145";"106";"338";"252";"10";"329";"0"
"2023";"03";"030101";"APURIMAC";"ABANCAY";"ABANCAY";"GOBIERNO REGIONAL";"II-2";"00007719";"HOSPITAL REGIONAL GUILLERMO DIAZ DE LA VEGA";"240100";"HOSPITALIZACIÓN QUIRÚRGICA CIRUGÍA GENERAL ";"145";"163";"612";"622";"10";"622";"0"
"2023";"03";"030101";"APURIMAC";"ABANCAY";"ABANCAY";"GOBIERNO REGIONAL";"II-2";"00007719";"HOSPITAL REGIONAL GUILLERMO DIAZ DE LA VEGA";"241500";"HOSPITALIZACIÓN QUIRÚRGICA GINECOLOGÍA  ";"147";"142";"431";"433";"14";"486";"0"
"2023";"03";"030101";"APURIMAC";"ABANCAY";"ABANCAY";"GOBIERNO REGIONAL";"II-2";"00007719";"HOSPITAL REGIONAL GUILLERMO DIAZ DE LA VEGA";"241900";"HOSPITALIZACIÓN DE MEDICINA MEDICINA INTERNA ";"82";"80";"430";"309";"11";"376";"6"
"2023";"03";"030101";"APURIMAC";"ABANCAY";"ABANCAY";"GOBIERNO REGIONAL";"II-2";"00007719";"HOSPITAL REGIONAL GUILLERMO DIAZ DE LA VEGA";"250201";"UNIDAD DE CUIDADOS CRITICOS UNIDAD DE CUIDADOS INTERMEDIOS  (UCIN) NEONATAL";"36";"42";"323";"216";"4";"221";"0"
"2023";"03";"030101";"APURIMAC";"ABANCAY";"ABANCAY";"GOBIERNO REGIONAL";"II-2";"00007719";"HOSPITAL REGIONAL GUILLERMO DIAZ DE LA VEGA";"242300";"HOSPITALIZACIÓN DE PEDIATRÍA  PEDIATRÍA  GENERAL ";"39";"37";"170";"169";"10";"310";"0"
"2023";"03";"030101";"APURIMAC";"ABANCAY";"ABANCAY";"GOBIERNO REGIONAL";"II-2";"00007719";"HOSPITAL REGIONAL GUILLERMO DIAZ DE LA VEGA";"241200";"HOSPITALIZACIÓN QUIRÚRGICA TRAUMATOLOGÍA Y ORTOPEDIA ";"52";"58";"755";"670";"11";"670";"0"
"2023";"03";"030101";"APURIMAC";"ABANCAY";"ABANCAY";"GOBIERNO REGIONAL";"II-2";"00007719";"HOSPITAL REGIONAL GUILLERMO DIAZ DE LA VEGA";"250103";"UNIDAD DE CUIDADOS CRITICOS UNIDAD  DE CUIDADOS INTENSIVOS GENERALES  (UCI) MEDICINA";"11";"10";"89";"107";"5";"155";"2"
"2023";"03";"030101";"APURIMAC";"ABANCAY";"ABANCAY";"GOBIERNO REGIONAL";"II-2";"00007719";"HOSPITAL REGIONAL GUILLERMO DIAZ DE LA VEGA";"250105";"UNIDAD DE CUIDADOS CRITICOS UNIDAD  DE CUIDADOS INTENSIVOS  (UCI) NEONATOLOGÍA";"7";"8";"92";"109";"4";"130";"1"
"2023";"03";"030101";"APURIMAC";"ABANCAY";"ABANCAY";"GOBIERNO REGIONAL";"II-2";"00007719";"HOSPITAL REGIONAL GUILLERMO DIAZ DE LA VEGA";"250200";"UNIDAD DE CUIDADOS CRITICOS UNIDAD DE CUIDADOS INTERMEDIOS GENERAL  (UCIN) ";"4";"3";"28";"180";"3";"180";"0"
"2023";"03";"120415";"JUNIN";"JAUJA";"MARCO";"GOBIERNO REGIONAL";"I-2";"00000385";"MARCO";"NE_0001";"";"NE_0001";"NE_0001";"NE_0001";"NE_0001";"NE_0001";"NE_0001";"NE_0001"
"2023";"03";"120426";"JUNIN";"JAUJA";"POMACANCHA";"GOBIERNO REGIONAL";"I-1";"00000389";"ARMONIA";"NE_0001";"";"NE_0001";"NE_0001";"NE_0001";"NE_0001";"NE_0001";"NE_0001";"NE_0001"
"2023";"03";"120422";"JUNIN";"JAUJA";"PACA";"GOBIERNO REGIONAL";"I-1";"00000386";"YANACANCHA";"NE_0001";"";"NE_0001";"NE_0001";"NE_0001";"NE_0001";"NE_0001";"NE_0001";"NE_0001"
"2023";"03";"120432";"JUNIN";"JAUJA";"TUNAN MARCA";"GOBIERNO REGIONAL";"I-1";"00000391";"TUNANMARCA";"NE_0001";"";"NE_0001";"NE_0001";"NE_0001";"NE_0001";"NE_0001";"NE_0001";"NE_0001"
"2023";"03";"120402";"JUNIN";"JAUJA";"ACOLLA";"GOBIERNO REGIONAL";"I-2";"00000383";"PACHASCUCHO";"NE_0001";"";"NE_0001";"NE_0001";"NE_0001";"NE_0001";"NE_0001";"NE_0001";"NE_0001"
"2023";"03";"120426";"JUNIN";"JAUJA";"POMACANCHA";"GOBIERNO REGIONAL";"I-2";"00000388";"POMACANCHA";"NE_0001";"";"NE_0001";"NE_0001";"NE_0001";"NE_0001";"NE_0001";"NE_0001";"NE_0001"
"2023";"03";"120426";"JUNIN";"JAUJA";"POMACANCHA";"GOBIERNO REGIONAL";"I-1";"00000390";"CASABLANCA";"NE_0001";"";"NE_0001";"NE_0001";"NE_0001";"NE_0001";"NE_0001";"NE_0001";"NE_0001"
"2023";"03";"120402";"JUNIN";"JAUJA";"ACOLLA";"GOBIERNO REGIONAL";"I-1";"00000381";"SACAS";"NE_0001";"";"NE_0001";"NE_0001";"NE_0001";"NE_0001";"NE_0001";"NE_0001";"NE_0001"
"2023";"03";"120402";"JUNIN";"JAUJA";"ACOLLA";"GOBIERNO REGIONAL";"I-2";"00000384";"TINGO PACCHA";"NE_0001";"";"NE_0001";"NE_0001";"NE_0001";"NE_0001";"NE_0001";"NE_0001";"NE_0001"
"2023";"03";"120402";"JUNIN";"JAUJA";"ACOLLA";"GOBIERNO REGIONAL";"I-3";"00000379";"ACOLLA";"NE_0001";"";"NE_0001";"NE_0001";"NE_0001";"NE_0001";"NE_0001";"NE_0001";"NE_0001"
"2023";"03";"120402";"JUNIN";"JAUJA";"ACOLLA";"GOBIERNO REGIONAL";"I-2";"00000380";"EL TINGO";"NE_0001";"";"NE_0001";"NE_0001";"NE_0001";"NE_0001";"NE_0001";"NE_0001";"NE_0001"
"2023";"03";"120402";"JUNIN";"JAUJA";"ACOLLA";"GOBIERNO REGIONAL";"I-2";"00000382";"YANAMARCA";"NE_0001";"";"NE_0001";"NE_0001";"NE_0001";"NE_0001";"NE_0001";"NE_0001";"NE_0001"
"2023";"04";"150108";"LIMA";"LIMA";"CHORRILLOS";"PRIVADO";"II-E";"00012220";"CLINICA REAL LOS LAURELES";"NE_0002";"";"NE_0002";"NE_0002";"NE_0002";"NE_0002";"NE_0002";"NE_0002";"NE_0002"
"2023";"04";"140106";"LAMBAYEQUE";"CHICLAYO";"LA VICTORIA";"PRIVADO";"II-E";"00010972";"HOSPITAL PRIVADO JUAN PABLO II SAC";"240000";"HOSPITALIZACIÓN";"179";"197";"650";"420";"38";"1178";"4"
"2023";"04";"120107";"JUNIN";"HUANCAYO";"CHILCA";"GOBIERNO REGIONAL";"I-4";"00000608";"CHILCA";"NE_0002";"";"NE_0002";"NE_0002";"NE_0002";"NE_0002";"NE_0002";"NE_0002";"NE_0002"
"2023";"04";"120136";"JUNIN";"HUANCAYO";"VIQUES";"GOBIERNO REGIONAL";"I-2";"00000635";"VIQUES";"NE_0001";"";"NE_0001";"NE_0001";"NE_0001";"NE_0001";"NE_0001";"NE_0001";"NE_0001"
"2023";"04";"120111";"JUNIN";"HUANCAYO";"CHUPURO";"GOBIERNO REGIONAL";"I-1";"00000614";"SOCOS";"NE_0001";"";"NE_0001";"NE_0001";"NE_0001";"NE_0001";"NE_0001";"NE_0001";"NE_0001"
"2023";"04";"120126";"JUNIN";"HUANCAYO";"PUCARA";"GOBIERNO REGIONAL";"I-3";"00000624";"PUCARA";"NE_0001";"";"NE_0001";"NE_0001";"NE_0001";"NE_0001";"NE_0001";"NE_0001";"NE_0001"
"2023";"04";"120113";"JUNIN";"HUANCAYO";"CULLHUAS";"GOBIERNO REGIONAL";"I-1";"00000617";"RETAMA BAJA";"NE_0001";"";"NE_0001";"NE_0001";"NE_0001";"NE_0001";"NE_0001";"NE_0001";"NE_0001"
"2023";"04";"120116";"JUNIN";"HUANCAYO";"HUACRAPUQUIO";"GOBIERNO REGIONAL";"I-2";"00000619";"HUACRAPUQUIO";"NE_0001";"";"NE_0001";"NE_0001";"NE_0001";"NE_0001";"NE_0001";"NE_0001";"NE_0001"
"2023";"04";"120121";"JUNIN";"HUANCAYO";"HUAYUCACHI";"GOBIERNO REGIONAL";"I-1";"00000623";"HUMANMARCA";"NE_0001";"";"NE_0001";"NE_0001";"NE_0001";"NE_0001";"NE_0001";"NE_0001";"NE_0001"
"2023";"04";"120126";"JUNIN";"HUANCAYO";"PUCARA";"GOBIERNO REGIONAL";"I-1";"00000628";"DOS DE MAYO";"NE_0001";"";"NE_0001";"NE_0001";"NE_0001";"NE_0001";"NE_0001";"NE_0001";"NE_0001"
"2023";"04";"120133";"JUNIN";"HUANCAYO";"SAPALLANGA";"GOBIERNO REGIONAL";"I-3";"00000629";"SAPALLANGA";"NE_0001";"";"NE_0001";"NE_0001";"NE_0001";"NE_0001";"NE_0001";"NE_0001";"NE_0001"
"2023";"04";"120111";"JUNIN";"HUANCAYO";"CHUPURO";"GOBIERNO REGIONAL";"I-2";"00000612";"CHUPURO";"NE_0001";"";"NE_0001";"NE_0001";"NE_0001";"NE_0001";"NE_0001";"NE_0001";"NE_0001"
"2023";"04";"120126";"JUNIN";"HUANCAYO";"PUCARA";"GOBIERNO REGIONAL";"I-2";"00000625";"MARCAVALLE";"NE_0001";"";"NE_0001";"NE_0001";"NE_0001";"NE_0001";"NE_0001";"NE_0001";"NE_0001"
"2023";"04";"120126";"JUNIN";"HUANCAYO";"PUCARA";"GOBIERNO REGIONAL";"I-1";"00000627";"JATUN SUCLLA";"NE_0001";"";"NE_0001";"NE_0001";"NE_0001";"NE_0001";"NE_0001";"NE_0001";"NE_0001"
"2023";"04";"120119";"JUNIN";"HUANCAYO";"HUANCAN";"GOBIERNO REGIONAL";"I-3";"00000620";"HUANCAN";"NE_0001";"";"NE_0001";"NE_0001";"NE_0001";"NE_0001";"NE_0001";"NE_0001";"NE_0001"
"2023";"04";"120126";"JUNIN";"HUANCAYO";"PUCARA";"GOBIERNO REGIONAL";"I-1";"00000626";"RAQUINA";"NE_0001";"";"NE_0001";"NE_0001";"NE_0001";"NE_0001";"NE_0001";"NE_0001";"NE_0001"
"2023";"04";"120133";"JUNIN";"HUANCAYO";"SAPALLANGA";"GOBIERNO REGIONAL";"I-2";"00000630";"LA PUNTA";"NE_0001";"";"NE_0001";"NE_0001";"NE_0001";"NE_0001";"NE_0001";"NE_0001";"NE_0001"
"2023";"04";"120133";"JUNIN";"HUANCAYO";"SAPALLANGA";"GOBIERNO REGIONAL";"I-1";"00000634";"HUAYLLASPANCA";"NE_0001";"";"NE_0001";"NE_0001";"NE_0001";"NE_0001";"NE_0001";"NE_0001";"NE_0001"
"2023";"04";"120111";"JUNIN";"HUANCAYO";"CHUPURO";"GOBIERNO REGIONAL";"I-1";"00000613";"CARHUAPACCHA";"NE_0001";"";"NE_0001";"NE_0001";"NE_0001";"NE_0001";"NE_0001";"NE_0001";"NE_0001"
"2023";"04";"120113";"JUNIN";"HUANCAYO";"CULLHUAS";"GOBIERNO REGIONAL";"I-1";"00000616";"PIHUAS";"NE_0001";"";"NE_0001";"NE_0001";"NE_0001";"NE_0001";"NE_0001";"NE_0001";"NE_0001"
"2023";"04";"120121";"JUNIN";"HUANCAYO";"HUAYUCACHI";"GOBIERNO REGIONAL";"I-3";"00000622";"HUAYUCACHI";"NE_0001";"";"NE_0001";"NE_0001";"NE_0001";"NE_0001";"NE_0001";"NE_0001";"NE_0001"
"2023";"04";"120133";"JUNIN";"HUANCAYO";"SAPALLANGA";"GOBIERNO REGIONAL";"I-1";"00000631";"COCHARCAS";"NE_0001";"";"NE_0001";"NE_0001";"NE_0001";"NE_0001";"NE_0001";"NE_0001";"NE_0001"
"2023";"04";"120113";"JUNIN";"HUANCAYO";"CULLHUAS";"GOBIERNO REGIONAL";"I-1";"00012469";"CHUAMBA";"NE_0001";"";"NE_0001";"NE_0001";"NE_0001";"NE_0001";"NE_0001";"NE_0001";"NE_0001"
"2023";"04";"120107";"JUNIN";"HUANCAYO";"CHILCA";"GOBIERNO REGIONAL";"I-2";"00000609";"AZAPAMPA";"NE_0001";"";"NE_0001";"NE_0001";"NE_0001";"NE_0001";"NE_0001";"NE_0001";"NE_0001"
"2023";"04";"120107";"JUNIN";"HUANCAYO";"CHILCA";"GOBIERNO REGIONAL";"I-3";"00000610";"AUQUIMARCA";"NE_0001";"";"NE_0001";"NE_0001";"NE_0001";"NE_0001";"NE_0001";"NE_0001";"NE_0001"
"2023";"04";"120107";"JUNIN";"HUANCAYO";"CHILCA";"GOBIERNO REGIONAL";"I-2";"00000611";"LA ESPERANZA";"NE_0001";"";"NE_0001";"NE_0001";"NE_0001";"NE_0001";"NE_0001";"NE_0001";"NE_0001"
"2023";"04";"120113";"JUNIN";"HUANCAYO";"CULLHUAS";"GOBIERNO REGIONAL";"I-2";"00000615";"CULLHUAS";"NE_0001";"";"NE_0001";"NE_0001";"NE_0001";"NE_0001";"NE_0001";"NE_0001";"NE_0001"
"2023";"04";"120119";"JUNIN";"HUANCAYO";"HUANCAN";"GOBIERNO REGIONAL";"I-2";"00000621";"HUARI";"NE_0001";"";"NE_0001";"NE_0001";"NE_0001";"NE_0001";"NE_0001";"NE_0001";"NE_0001"
"2023";"04";"120133";"JUNIN";"HUANCAYO";"SAPALLANGA";"GOBIERNO REGIONAL";"I-1";"00000632";"MILUCHACA";"NE_0001";"";"NE_0001";"NE_0001";"NE_0001";"NE_0001";"NE_0001";"NE_0001";"NE_0001"
"2023";"04";"120133";"JUNIN";"HUANCAYO";"SAPALLANGA";"GOBIERNO REGIONAL";"I-1";"00000633";"MIRAFLORES";"NE_0001";"";"NE_0001";"NE_0001";"NE_0001";"NE_0001";"NE_0001";"NE_0001";"NE_0001"
"2023";"04";"120112";"JUNIN";"HUANCAYO";"COLCA";"GOBIERNO REGIONAL";"I-1";"00000702";"SANTA CRUZ DE LARIA";"NE_0001";"";"NE_0001";"NE_0001";"NE_0001";"NE_0001";"NE_0001";"NE_0001";"NE_0001"
"2023";"05";"010701";"AMAZONAS";"UTCUBAMBA";"BAGUA GRANDE";"SANIDAD DE LA POLICIA NACIONAL DEL PERU";"I-3";"00018106";"POLICLINICO POLICIAL BAGUA GRANDE";"NE_0001";"";"NE_0001";"NE_0001";"NE_0001";"NE_0001";"NE_0001";"NE_0001";"NE_0001"
"2023";"05";"021801";"ANCASH";"SANTA";"CHIMBOTE";"PRIVADO";"II-1";"00016551";"CLINICA JUAN PABLO II";"240000";"HOSPITALIZACIÓN";"64";"72";"123";"71";"19";"589";"0"
"2023";"05";"020801";"ANCASH";"CASMA";"CASMA";"GOBIERNO REGIONAL";"II-1";"00001719";"HOSPITAL DE APOYO CASMA";"241800";"HOSPITALIZACIÓN DE MEDICINA MEDICINA GENERAL ";"36";"36";"187";"166";"5";"155";"2"
"2023";"05";"020801";"ANCASH";"CASMA";"CASMA";"GOBIERNO REGIONAL";"II-1";"00001719";"HOSPITAL DE APOYO CASMA";"240100";"HOSPITALIZACIÓN QUIRÚRGICA CIRUGÍA GENERAL ";"25";"22";"103";"155";"5";"155";"0"
"2023";"05";"020801";"ANCASH";"CASMA";"CASMA";"GOBIERNO REGIONAL";"II-1";"00001719";"HOSPITAL DE APOYO CASMA";"242300";"HOSPITALIZACIÓN DE PEDIATRÍA  PEDIATRÍA  GENERAL ";"26";"25";"75";"75";"10";"310";"0"
"2023";"05";"020801";"ANCASH";"CASMA";"CASMA";"GOBIERNO REGIONAL";"II-1";"00001719";"HOSPITAL DE APOYO CASMA";"241600";"HOSPITALIZACIÓN QUIRÚRGICA OBSTETRICIA   ";"37";"36";"52";"51";"9";"279";"0"
"2023";"05";"020801";"ANCASH";"CASMA";"CASMA";"GOBIERNO REGIONAL";"II-1";"00001719";"HOSPITAL DE APOYO CASMA";"241500";"HOSPITALIZACIÓN QUIRÚRGICA GINECOLOGÍA  ";"43";"43";"115";"107";"6";"186";"0"
"2023";"05";"120415";"JUNIN";"JAUJA";"MARCO";"GOBIERNO REGIONAL";"I-2";"00000385";"MARCO";"NE_0001";"";"NE_0001";"NE_0001";"NE_0001";"NE_0001";"NE_0001";"NE_0001";"NE_0001"
"2023";"05";"120402";"JUNIN";"JAUJA";"ACOLLA";"GOBIERNO REGIONAL";"I-2";"00000382";"YANAMARCA";"NE_0001";"";"NE_0001";"NE_0001";"NE_0001";"NE_0001";"NE_0001";"NE_0001";"NE_0001"
"2023";"05";"120402";"JUNIN";"JAUJA";"ACOLLA";"GOBIERNO REGIONAL";"I-1";"00006874";"CHUQUISHUARI";"NE_0001";"";"NE_0001";"NE_0001";"NE_0001";"NE_0001";"NE_0001";"NE_0001";"NE_0001"
"2023";"05";"160101";"LORETO";"MAYNAS";"IQUITOS";"PRIVADO";"II-2";"00012854";"ASOC. PAST. DE SERV. MEDICO ASIST. CLINICA ADVENTISTA ANA STAHL DE LA IGLESIA ADV. DEL SEPTIMO DIA";"241800";"HOSPITALIZACIÓN DE MEDICINA MEDICINA GENERAL ";"127";"119";"361";"413";"42";"1363";"0"
"2023";"05";"120302";"JUNIN";"CHANCHAMAYO";"PERENE";"GOBIERNO REGIONAL";"I-2";"00000337";"MIRICHARO";"NE_0001";"";"NE_0001";"NE_0001";"NE_0001";"NE_0001";"NE_0001";"NE_0001";"NE_0001"
"2023";"05";"120302";"JUNIN";"CHANCHAMAYO";"PERENE";"GOBIERNO REGIONAL";"I-3";"00006716";"CIUDAD SATELITE";"NE_0001";"";"NE_0001";"NE_0001";"NE_0001";"NE_0001";"NE_0001";"NE_0001";"NE_0001"
"2023";"05";"120302";"JUNIN";"CHANCHAMAYO";"PERENE";"GOBIERNO REGIONAL";"I-1";"00000338";"SAN CRISTOBAL";"NE_0001";"";"NE_0001";"NE_0001";"NE_0001";"NE_0001";"NE_0001";"NE_0001";"NE_0001"
"2023";"05";"120302";"JUNIN";"CHANCHAMAYO";"PERENE";"GOBIERNO REGIONAL";"I-1";"00000339";"SAN ANTONIO ALTO PICHANAKI";"NE_0001";"";"NE_0001";"NE_0001";"NE_0001";"NE_0001";"NE_0001";"NE_0001";"NE_0001"
"2023";"05";"150101";"LIMA";"LIMA";"LIMA";"MINSA";"III-E";"00006215";"HOSPITAL NACIONAL DOCENTE MADRE NIÑO SAN BARTOLOME";"240100";"HOSPITALIZACIÓN QUIRÚRGICA CIRUGÍA GENERAL ";"78";"71";"431";"681";"33";"1014";"0"
"2023";"05";"150101";"LIMA";"LIMA";"LIMA";"MINSA";"III-E";"00006215";"HOSPITAL NACIONAL DOCENTE MADRE NIÑO SAN BARTOLOME";"241400";"HOSPITALIZACIÓN QUIRÚRGICA GINECO - OBSTETRICIA ";"73";"2";"6";"146";"5";"156";"0"
"2023";"05";"150101";"LIMA";"LIMA";"LIMA";"MINSA";"III-E";"00006215";"HOSPITAL NACIONAL DOCENTE MADRE NIÑO SAN BARTOLOME";"241500";"HOSPITALIZACIÓN QUIRÚRGICA GINECOLOGÍA  ";"92";"105";"320";"246";"17";"516";"0"
"2023";"05";"150101";"LIMA";"LIMA";"LIMA";"MINSA";"III-E";"00006215";"HOSPITAL NACIONAL DOCENTE MADRE NIÑO SAN BARTOLOME";"241600";"HOSPITALIZACIÓN QUIRÚRGICA OBSTETRICIA   ";"403";"454";"1499";"1547";"65";"2015";"0"
"2023";"05";"150101";"LIMA";"LIMA";"LIMA";"MINSA";"III-E";"00006215";"HOSPITAL NACIONAL DOCENTE MADRE NIÑO SAN BARTOLOME";"242100";"HOSPITALIZACIÓN DE MEDICINA ONCOLOGÍA MÉDICA ";"28";"32";"84";"78";"4";"124";"0"
"2023";"05";"150101";"LIMA";"LIMA";"LIMA";"MINSA";"III-E";"00006215";"HOSPITAL NACIONAL DOCENTE MADRE NIÑO SAN BARTOLOME";"242500";"HOSPITALIZACIÓN-PEDIATRÍA GENERAL-";"82";"89";"888";"718";"29";"881";"2"
"2023";"05";"150101";"LIMA";"LIMA";"LIMA";"MINSA";"III-E";"00006215";"HOSPITAL NACIONAL DOCENTE MADRE NIÑO SAN BARTOLOME";"243200";"HOSPITALIZACIÓN DE PEDIATRÍA PEDIATRIA NEONATOLOGÍA";"70";"82";"938";"422";"18";"541";"0"
"2023";"05";"150101";"LIMA";"LIMA";"LIMA";"MINSA";"III-E";"00006215";"HOSPITAL NACIONAL DOCENTE MADRE NIÑO SAN BARTOLOME";"250105";"UNIDAD DE CUIDADOS CRITICOS UNIDAD  DE CUIDADOS INTENSIVOS  (UCI) NEONATOLOGÍA";"16";"4";"18";"341";"12";"372";"2"
"2023";"05";"150101";"LIMA";"LIMA";"LIMA";"MINSA";"III-E";"00006215";"HOSPITAL NACIONAL DOCENTE MADRE NIÑO SAN BARTOLOME";"250108";"UNIDAD DE CUIDADOS CRITICOS UNIDAD  DE CUIDADOS INTENSIVOS  (UCI) PEDIÁTRICA";"9";"1";"6";"213";"7";"217";"1"
"2023";"05";"220507";"SAN MARTIN";"LAMAS";"RUMISAPA";"GOBIERNO REGIONAL";"I-1";"00006354";"CHIRAPA LA LIBERTAD";"NE_0001";"";"NE_0001";"NE_0001";"NE_0001";"NE_0001";"NE_0001";"NE_0001";"NE_0001"
"2023";"05";"220508";"SAN MARTIN";"LAMAS";"SAN ROQUE DE CUMBAZA";"GOBIERNO REGIONAL";"I-1";"00006355";"CHIRICYACU";"NE_0001";"";"NE_0001";"NE_0001";"NE_0001";"NE_0001";"NE_0001";"NE_0001";"NE_0001"
"2023";"05";"220508";"SAN MARTIN";"LAMAS";"SAN ROQUE DE CUMBAZA";"GOBIERNO REGIONAL";"I-2";"00006356";"PAMASHTO";"NE_0001";"";"NE_0001";"NE_0001";"NE_0001";"NE_0001";"NE_0001";"NE_0001";"NE_0001"
"2023";"05";"220912";"SAN MARTIN";"SAN MARTIN";"SAN ANTONIO";"GOBIERNO REGIONAL";"I-1";"00006387";"AUCALOMA";"NE_0001";"";"NE_0001";"NE_0001";"NE_0001";"NE_0001";"NE_0001";"NE_0001";"NE_0001"
"2023";"03";"090701";"HUANCAVELICA";"TAYACAJA";"PAMPAS";"GOBIERNO REGIONAL";"II-1";"00004074";"HOSPITAL DE PAMPAS";"241800";"HOSPITALIZACIÓN DE MEDICINA MEDICINA GENERAL ";"12";"12";"73";"88";"6";"180";"0"
"2023";"03";"090701";"HUANCAVELICA";"TAYACAJA";"PAMPAS";"GOBIERNO REGIONAL";"II-1";"00004074";"HOSPITAL DE PAMPAS";"240100";"HOSPITALIZACIÓN QUIRÚRGICA CIRUGÍA GENERAL ";"26";"24";"101";"96";"6";"180";"0"
"2023";"03";"090701";"HUANCAVELICA";"TAYACAJA";"PAMPAS";"GOBIERNO REGIONAL";"II-1";"00004074";"HOSPITAL DE PAMPAS";"241400";"HOSPITALIZACIÓN QUIRÚRGICA GINECO - OBSTETRICIA ";"97";"95";"320";"187";"12";"372";"0"
"2023";"03";"090701";"HUANCAVELICA";"TAYACAJA";"PAMPAS";"GOBIERNO REGIONAL";"II-1";"00004074";"HOSPITAL DE PAMPAS";"242500";"HOSPITALIZACIÓN-PEDIATRÍA GENERAL-";"19";"16";"64";"59";"6";"186";"0"
"2023";"03";"090701";"HUANCAVELICA";"TAYACAJA";"PAMPAS";"GOBIERNO REGIONAL";"II-1";"00004074";"HOSPITAL DE PAMPAS";"243200";"HOSPITALIZACIÓN DE PEDIATRÍA PEDIATRIA NEONATOLOGÍA";"18";"17";"69";"82";"6";"186";"0"
"2023";"03";"130101";"LA LIBERTAD";"TRUJILLO";"TRUJILLO";"PRIVADO";"II-E";"00029964";"OFTALMOCENTER";"NE_0001";"";"NE_0001";"NE_0001";"NE_0001";"NE_0001";"NE_0001";"NE_0001";"NE_0001"
"2023";"03";"110101";"ICA";"ICA";"ICA";"PRIVADO";"I-3";"00019056";"EL GALENO DE ICA";"NE_0001";"";"NE_0001";"NE_0001";"NE_0001";"NE_0001";"NE_0001";"NE_0001";"NE_0001"
"2023";"04";"150106";"LIMA";"LIMA";"CARABAYLLO";"SANIDAD DE LA POLICIA NACIONAL DEL PERU";"I-3";"00012664";"POLICLÌNICO  DE LA  POLICÍA  NACIONAL DEL PERÙ CARABAYLLO - DEFENSORES DE LA DEMOCRACIA ";"NE_0001";"";"NE_0001";"NE_0001";"NE_0001";"NE_0001";"NE_0001";"NE_0001";"NE_0001"
"2023";"04";"250101";"UCAYALI";"CORONEL PORTILLO";"CALLERIA";"ESSALUD";"II-2";"00009600";"HOSPITAL II PUCALLPA- ESSALUD";"241800";"HOSPITALIZACIÓN DE MEDICINA MEDICINA GENERAL ";"153";"143";"1117";"1146";"50";"1500";"6"
"2023";"04";"250101";"UCAYALI";"CORONEL PORTILLO";"CALLERIA";"ESSALUD";"II-2";"00009600";"HOSPITAL II PUCALLPA- ESSALUD";"250300";"UNIDAD DE CUIDADOS CRITICOS UNIDAD DE VIGILANCIA INTENSIVA  CLINICA (UVIC) ";"18";"17";"83";"90";"7";"210";"7"
"2023";"04";"250101";"UCAYALI";"CORONEL PORTILLO";"CALLERIA";"ESSALUD";"II-2";"00009600";"HOSPITAL II PUCALLPA- ESSALUD";"240100";"HOSPITALIZACIÓN QUIRÚRGICA CIRUGÍA GENERAL ";"205";"221";"884";"864";"48";"1440";"1"
"2023";"04";"250101";"UCAYALI";"CORONEL PORTILLO";"CALLERIA";"ESSALUD";"II-2";"00009600";"HOSPITAL II PUCALLPA- ESSALUD";"241600";"HOSPITALIZACIÓN QUIRÚRGICA OBSTETRICIA   ";"176";"174";"394";"478";"18";"540";"0"
"2023";"04";"250101";"UCAYALI";"CORONEL PORTILLO";"CALLERIA";"ESSALUD";"II-2";"00009600";"HOSPITAL II PUCALLPA- ESSALUD";"241500";"HOSPITALIZACIÓN QUIRÚRGICA GINECOLOGÍA  ";"63";"66";"228";"179";"12";"360";"0"
"2023";"04";"250101";"UCAYALI";"CORONEL PORTILLO";"CALLERIA";"ESSALUD";"II-2";"00009600";"HOSPITAL II PUCALLPA- ESSALUD";"242300";"HOSPITALIZACIÓN DE PEDIATRÍA  PEDIATRÍA  GENERAL ";"76";"71";"231";"227";"15";"450";"0"
"2023";"04";"250101";"UCAYALI";"CORONEL PORTILLO";"CALLERIA";"ESSALUD";"II-2";"00009600";"HOSPITAL II PUCALLPA- ESSALUD";"243200";"HOSPITALIZACIÓN DE PEDIATRÍA PEDIATRIA NEONATOLOGÍA";"37";"30";"65";"114";"5";"150";"0"
"2023";"04";"150116";"LIMA";"LIMA";"LINCE";"PRIVADO";"II-E";"00029299";"MAS VISION S.A.C.";"NE_0001";"";"NE_0001";"NE_0001";"NE_0001";"NE_0001";"NE_0001";"NE_0001";"NE_0001"
"2023";"05";"060607";"CAJAMARCA";"CUTERVO";"QUEROCOTILLO";"GOBIERNO REGIONAL";"I-3";"00004968";"SILLANGATE";"NE_0001";"";"NE_0001";"NE_0001";"NE_0001";"NE_0001";"NE_0001";"NE_0001";"NE_0001"
"2023";"05";"060607";"CAJAMARCA";"CUTERVO";"QUEROCOTILLO";"GOBIERNO REGIONAL";"I-1";"00005011";"PARIC";"NE_0001";"";"NE_0001";"NE_0001";"NE_0001";"NE_0001";"NE_0001";"NE_0001";"NE_0001"
"2023";"05";"060607";"CAJAMARCA";"CUTERVO";"QUEROCOTILLO";"GOBIERNO REGIONAL";"I-2";"00005010";"INGUER";"NE_0001";"";"NE_0001";"NE_0001";"NE_0001";"NE_0001";"NE_0001";"NE_0001";"NE_0001"
"2023";"05";"060607";"CAJAMARCA";"CUTERVO";"QUEROCOTILLO";"GOBIERNO REGIONAL";"I-1";"00006942";"LA SUCCHA ALTA";"NE_0001";"";"NE_0001";"NE_0001";"NE_0001";"NE_0001";"NE_0001";"NE_0001";"NE_0001"
"2023";"05";"060607";"CAJAMARCA";"CUTERVO";"QUEROCOTILLO";"GOBIERNO REGIONAL";"I-1";"00007099";"AGUA BLANCA";"NE_0001";"";"NE_0001";"NE_0001";"NE_0001";"NE_0001";"NE_0001";"NE_0001";"NE_0001"
"2023";"05";"060607";"CAJAMARCA";"CUTERVO";"QUEROCOTILLO";"GOBIERNO REGIONAL";"I-1";"00007365";"MINAS DE QUEROCOTILLO";"NE_0001";"";"NE_0001";"NE_0001";"NE_0001";"NE_0001";"NE_0001";"NE_0001";"NE_0001"
"2023";"05";"060607";"CAJAMARCA";"CUTERVO";"QUEROCOTILLO";"GOBIERNO REGIONAL";"I-1";"00007366";"EL CORRAL";"NE_0001";"";"NE_0001";"NE_0001";"NE_0001";"NE_0001";"NE_0001";"NE_0001";"NE_0001"
"2023";"05";"060607";"CAJAMARCA";"CUTERVO";"QUEROCOTILLO";"GOBIERNO REGIONAL";"I-1";"00005009";"QUIPAYUC";"NE_0001";"";"NE_0001";"NE_0001";"NE_0001";"NE_0001";"NE_0001";"NE_0001";"NE_0001"
"2023";"05";"060607";"CAJAMARCA";"CUTERVO";"QUEROCOTILLO";"GOBIERNO REGIONAL";"I-1";"00006941";"MARAYBAMBA ALTO";"NE_0001";"";"NE_0001";"NE_0001";"NE_0001";"NE_0001";"NE_0001";"NE_0001";"NE_0001"
"2023";"05";"060607";"CAJAMARCA";"CUTERVO";"QUEROCOTILLO";"GOBIERNO REGIONAL";"I-1";"00007226";"LA SUCCHA DE QUEROCOTILLO";"NE_0001";"";"NE_0001";"NE_0001";"NE_0001";"NE_0001";"NE_0001";"NE_0001";"NE_0001"
"2023";"05";"170101";"MADRE DE DIOS";"TAMBOPATA";"TAMBOPATA";"SANIDAD DE LA POLICIA NACIONAL DEL PERU";"I-2";"00009320";"POSTA MEDICA DE LA PNP";"NE_0001";"";"NE_0001";"NE_0001";"NE_0001";"NE_0001";"NE_0001";"NE_0001";"NE_0001"
"2023";"05";"061201";"CAJAMARCA";"SAN PABLO";"SAN PABLO";"ESSALUD";"I-1";"00010271";"POSTA MEDICA ESSALUD SAN PABLO";"NE_0001";"";"NE_0001";"NE_0001";"NE_0001";"NE_0001";"NE_0001";"NE_0001";"NE_0001"
"2023";"05";"150801";"LIMA";"HUAURA";"HUACHO";"ESSALUD";"II-2";"00011337";"HOSPITAL II GUSTAVO LANATTA LUJAN - ESSALUD";"241800";"HOSPITALIZACIÓN DE MEDICINA MEDICINA GENERAL ";"79";"87";"876";"885";"30";"930";"20"
"2023";"05";"150801";"LIMA";"HUAURA";"HUACHO";"ESSALUD";"II-2";"00011337";"HOSPITAL II GUSTAVO LANATTA LUJAN - ESSALUD";"240100";"HOSPITALIZACIÓN QUIRÚRGICA CIRUGÍA GENERAL ";"132";"117";"371";"434";"28";"868";"0"
"2023";"05";"120215";"JUNIN";"CONCEPCION";"SANTA ROSA DE OCOPA";"GOBIERNO REGIONAL";"I-1";"00000692";"HUANCHAR";"NE_0001";"";"NE_0001";"NE_0001";"NE_0001";"NE_0001";"NE_0001";"NE_0001";"NE_0001"
"2023";"05";"120127";"JUNIN";"HUANCAYO";"QUICHUAY";"GOBIERNO REGIONAL";"I-2";"00000665";"QUICHUAY";"NE_0001";"";"NE_0001";"NE_0001";"NE_0001";"NE_0001";"NE_0001";"NE_0001";"NE_0001"
"2023";"05";"120210";"JUNIN";"CONCEPCION";"MATAHUASI";"GOBIERNO REGIONAL";"I-1";"00000688";"MARAVILCA";"NE_0001";"";"NE_0001";"NE_0001";"NE_0001";"NE_0001";"NE_0001";"NE_0001";"NE_0001"
"2023";"05";"120210";"JUNIN";"CONCEPCION";"MATAHUASI";"GOBIERNO REGIONAL";"I-1";"00000689";"YANAMUCLO";"NE_0001";"";"NE_0001";"NE_0001";"NE_0001";"NE_0001";"NE_0001";"NE_0001";"NE_0001"
"2023";"05";"120215";"JUNIN";"CONCEPCION";"SANTA ROSA DE OCOPA";"GOBIERNO REGIONAL";"I-3";"00000691";"SANTA ROSA DE OCOPA";"NE_0001";"";"NE_0001";"NE_0001";"NE_0001";"NE_0001";"NE_0001";"NE_0001";"NE_0001"
"2023";"05";"130703";"LA LIBERTAD";"PACASMAYO";"JEQUETEPEQUE";"ESSALUD";"I-2";"00009646";"POSTA DE SALUD JEQUETEPEQUE";"NE_0001";"";"NE_0001";"NE_0001";"NE_0001";"NE_0001";"NE_0001";"NE_0001";"NE_0001"
"2023";"05";"150801";"LIMA";"HUAURA";"HUACHO";"ESSALUD";"II-2";"00011337";"HOSPITAL II GUSTAVO LANATTA LUJAN - ESSALUD";"241200";"HOSPITALIZACIÓN QUIRÚRGICA TRAUMATOLOGÍA Y ORTOPEDIA ";"36";"36";"107";"115";"6";"186";"0"
"2023";"05";"150801";"LIMA";"HUAURA";"HUACHO";"ESSALUD";"II-2";"00011337";"HOSPITAL II GUSTAVO LANATTA LUJAN - ESSALUD";"241500";"HOSPITALIZACIÓN QUIRÚRGICA GINECOLOGÍA  ";"45";"42";"92";"91";"6";"186";"0"
"2023";"05";"150801";"LIMA";"HUAURA";"HUACHO";"ESSALUD";"II-2";"00011337";"HOSPITAL II GUSTAVO LANATTA LUJAN - ESSALUD";"241600";"HOSPITALIZACIÓN QUIRÚRGICA OBSTETRICIA   ";"177";"168";"330";"337";"21";"651";"0"
"2023";"05";"150801";"LIMA";"HUAURA";"HUACHO";"ESSALUD";"II-2";"00011337";"HOSPITAL II GUSTAVO LANATTA LUJAN - ESSALUD";"242300";"HOSPITALIZACIÓN DE PEDIATRÍA  PEDIATRÍA  GENERAL ";"63";"60";"194";"205";"12";"372";"0"
"2023";"05";"150801";"LIMA";"HUAURA";"HUACHO";"ESSALUD";"II-2";"00011337";"HOSPITAL II GUSTAVO LANATTA LUJAN - ESSALUD";"243200";"HOSPITALIZACIÓN DE PEDIATRÍA PEDIATRIA NEONATOLOGÍA";"42";"44";"91";"79";"5";"155";"0"
"2023";"05";"150801";"LIMA";"HUAURA";"HUACHO";"ESSALUD";"II-2";"00011337";"HOSPITAL II GUSTAVO LANATTA LUJAN - ESSALUD";"250100";"UNIDAD DE CUIDADOS CRITICOS UNIDAD  DE CUIDADOS INTENSIVOS GENERALES (UCI) ";"13";"15";"102";"82";"4";"124";"1"
"2023";"05";"120431";"JUNIN";"JAUJA";"SINCOS";"GOBIERNO REGIONAL";"I-1";"00000405";"LLACUARIPAMPA";"NE_0001";"";"NE_0001";"NE_0001";"NE_0001";"NE_0001";"NE_0001";"NE_0001";"NE_0001"
"2023";"05";"120413";"JUNIN";"JAUJA";"LEONOR ORDOÑEZ";"GOBIERNO REGIONAL";"I-1";"00000401";"HUANCANI";"NE_0001";"";"NE_0001";"NE_0001";"NE_0001";"NE_0001";"NE_0001";"NE_0001";"NE_0001"
"2023";"05";"120431";"JUNIN";"JAUJA";"SINCOS";"GOBIERNO REGIONAL";"I-2";"00000406";"ARAMACHAY";"NE_0001";"";"NE_0001";"NE_0001";"NE_0001";"NE_0001";"NE_0001";"NE_0001";"NE_0001"
"2023";"05";"050407";"AYACUCHO";"HUANTA";"SIVIA";"GOBIERNO REGIONAL";"II-1";"00003770";"HOSPITAL DE APOYO SIVIA";"240100";"HOSPITALIZACIÓN QUIRÚRGICA CIRUGÍA GENERAL ";"6";"6";"33";"45";"2";"62";"0"
"2023";"05";"050407";"AYACUCHO";"HUANTA";"SIVIA";"GOBIERNO REGIONAL";"II-1";"00003770";"HOSPITAL DE APOYO SIVIA";"241400";"HOSPITALIZACIÓN QUIRÚRGICA GINECO - OBSTETRICIA ";"13";"14";"21";"27";"4";"124";"0"
"2023";"05";"050407";"AYACUCHO";"HUANTA";"SIVIA";"GOBIERNO REGIONAL";"II-1";"00003770";"HOSPITAL DE APOYO SIVIA";"241800";"HOSPITALIZACIÓN DE MEDICINA MEDICINA GENERAL ";"15";"17";"36";"40";"6";"186";"0"
"2023";"05";"050407";"AYACUCHO";"HUANTA";"SIVIA";"GOBIERNO REGIONAL";"II-1";"00003770";"HOSPITAL DE APOYO SIVIA";"242500";"HOSPITALIZACIÓN-PEDIATRÍA GENERAL-";"8";"8";"20";"39";"2";"62";"0"
"2023";"05";"220202";"SAN MARTIN";"BELLAVISTA";"ALTO BIAVO";"GOBIERNO REGIONAL";"I-1";"00006528";"NUEVA ARICA";"NE_0002";"";"NE_0002";"NE_0002";"NE_0002";"NE_0002";"NE_0002";"NE_0002";"NE_0002"
"2023";"05";"220202";"SAN MARTIN";"BELLAVISTA";"ALTO BIAVO";"GOBIERNO REGIONAL";"I-1";"00006525";"CUZCO";"NE_0002";"";"NE_0002";"NE_0002";"NE_0002";"NE_0002";"NE_0002";"NE_0002";"NE_0002"
"2023";"05";"021801";"ANCASH";"SANTA";"CHIMBOTE";"GOBIERNO REGIONAL";"II-2";"00001652";"HOSPITAL LA CALETA";"241800";"HOSPITALIZACIÓN DE MEDICINA MEDICINA GENERAL ";"16";"15";"276";"177";"6";"186";"5"
"2023";"05";"021801";"ANCASH";"SANTA";"CHIMBOTE";"GOBIERNO REGIONAL";"II-2";"00001652";"HOSPITAL LA CALETA";"244000";"HOSPITALIZACIÓN DE MEDICINA CARDIOLOGIA ";"4";"5";"21";"16";"1";"31";"0"
"2023";"05";"021801";"ANCASH";"SANTA";"CHIMBOTE";"GOBIERNO REGIONAL";"II-2";"00001652";"HOSPITAL LA CALETA";"244700";"HOSPITALIZACIÓN DE MEDICINA NEUROLOGIA  ";"2";"1";"15";"16";"1";"31";"0"
"2023";"05";"021801";"ANCASH";"SANTA";"CHIMBOTE";"GOBIERNO REGIONAL";"II-2";"00001652";"HOSPITAL LA CALETA";"244300";"HOSPITALIZACIÓN DE MEDICINA GASTROENTEROLOGÍA  ";"4";"6";"40";"24";"1";"31";"0"
"2023";"05";"021801";"ANCASH";"SANTA";"CHIMBOTE";"GOBIERNO REGIONAL";"II-2";"00001652";"HOSPITAL LA CALETA";"245300";"HOSPITALIZACIÓN DE MEDICINA NEUMOLOGÍA  ";"9";"12";"235";"98";"4";"124";"0"
"2023";"05";"021801";"ANCASH";"SANTA";"CHIMBOTE";"GOBIERNO REGIONAL";"II-2";"00001652";"HOSPITAL LA CALETA";"242200";"HOSPITALIZACIÓN DE MEDICINA PSIQUIATRÍA ";"11";"9";"312";"161";"6";"186";"0"
"2023";"05";"021801";"ANCASH";"SANTA";"CHIMBOTE";"GOBIERNO REGIONAL";"II-2";"00001652";"HOSPITAL LA CALETA";"244600";"HOSPITALIZACIÓN DE MEDICINA NEFROLOGIA ";"6";"4";"33";"45";"2";"62";"0"
"2023";"05";"021801";"ANCASH";"SANTA";"CHIMBOTE";"GOBIERNO REGIONAL";"II-2";"00001652";"HOSPITAL LA CALETA";"240100";"HOSPITALIZACIÓN QUIRÚRGICA CIRUGÍA GENERAL ";"79";"69";"153";"228";"8";"248";"0"
"2023";"05";"021801";"ANCASH";"SANTA";"CHIMBOTE";"GOBIERNO REGIONAL";"II-2";"00001652";"HOSPITAL LA CALETA";"241200";"HOSPITALIZACIÓN QUIRÚRGICA TRAUMATOLOGÍA Y ORTOPEDIA ";"18";"17";"196";"177";"6";"186";"0"
"2023";"05";"021801";"ANCASH";"SANTA";"CHIMBOTE";"GOBIERNO REGIONAL";"II-2";"00001652";"HOSPITAL LA CALETA";"241300";"HOSPITALIZACIÓN QUIRÚRGICA UROLOGÍA  ";"25";"24";"134";"124";"4";"124";"0"
"2023";"05";"021801";"ANCASH";"SANTA";"CHIMBOTE";"GOBIERNO REGIONAL";"II-2";"00001652";"HOSPITAL LA CALETA";"240800";"HOSPITALIZACIÓN QUIRÚRGICA CIRUGÍA PLÁSTICA/RECONSTRUCTIVA/ REPARADORA ";"1";"5";"67";"28";"1";"31";"0"
"2023";"05";"021801";"ANCASH";"SANTA";"CHIMBOTE";"GOBIERNO REGIONAL";"II-2";"00001652";"HOSPITAL LA CALETA";"242500";"HOSPITALIZACIÓN-PEDIATRÍA GENERAL-";"227";"230";"848";"770";"25";"775";"4"
"2023";"05";"021801";"ANCASH";"SANTA";"CHIMBOTE";"GOBIERNO REGIONAL";"II-2";"00001652";"HOSPITAL LA CALETA";"241600";"HOSPITALIZACIÓN QUIRÚRGICA OBSTETRICIA   ";"210";"208";"530";"510";"17";"527";"0"
"2023";"05";"021801";"ANCASH";"SANTA";"CHIMBOTE";"GOBIERNO REGIONAL";"II-2";"00001652";"HOSPITAL LA CALETA";"241500";"HOSPITALIZACIÓN QUIRÚRGICA GINECOLOGÍA  ";"30";"25";"117";"122";"4";"124";"0"
"2023";"05";"130901";"LA LIBERTAD";"SANCHEZ CARRION";"HUAMACHUCO";"GOBIERNO REGIONAL";"I-2";"00005351";"PUENTE PIEDRA";"NE_0001";"";"NE_0001";"NE_0001";"NE_0001";"NE_0001";"NE_0001";"NE_0001";"NE_0001"
"2023";"05";"130901";"LA LIBERTAD";"SANCHEZ CARRION";"HUAMACHUCO";"GOBIERNO REGIONAL";"I-2";"00005355";"EL PALLAR";"NE_0001";"";"NE_0001";"NE_0001";"NE_0001";"NE_0001";"NE_0001";"NE_0001";"NE_0001"
"2023";"05";"130901";"LA LIBERTAD";"SANCHEZ CARRION";"HUAMACHUCO";"GOBIERNO REGIONAL";"I-2";"00005350";"CHOQUIZONGUILLO";"NE_0001";"";"NE_0001";"NE_0001";"NE_0001";"NE_0001";"NE_0001";"NE_0001";"NE_0001"
"2023";"05";"110101";"ICA";"ICA";"ICA";"PRIVADO";"I-4";"00009606";"VIRGEN DEL ROSARIO SA";"240000";"HOSPITALIZACIÓN";"88";"88";"122";"120";"16";"496";"0"
"2023";"05";"120201";"JUNIN";"CONCEPCION";"CONCEPCION";"GOBIERNO REGIONAL";"II-E";"00027857";"INSTITUTO REGIONAL DE ENFERMEDADES NEOPLÁSICAS DEL CENTRO - IREN CENTRO";"242100";"HOSPITALIZACIÓN DE MEDICINA ONCOLOGÍA MÉDICA ";"131";"131";"691";"708";"25";"750";"11"
"2023";"05";"120201";"JUNIN";"CONCEPCION";"CONCEPCION";"GOBIERNO REGIONAL";"II-E";"00027857";"INSTITUTO REGIONAL DE ENFERMEDADES NEOPLÁSICAS DEL CENTRO - IREN CENTRO";"241000";"HOSPITALIZACIÓN QUIRÚRGICA ONCOLOGÍA QUIRÚRGICA  ";"98";"98";"505";"527";"20";"600";"4"
"2023";"05";"120201";"JUNIN";"CONCEPCION";"CONCEPCION";"GOBIERNO REGIONAL";"II-E";"00027857";"INSTITUTO REGIONAL DE ENFERMEDADES NEOPLÁSICAS DEL CENTRO - IREN CENTRO";"250100";"UNIDAD DE CUIDADOS CRITICOS UNIDAD  DE CUIDADOS INTENSIVOS GENERALES (UCI) ";"7";"10";"93";"75";"6";"180";"2"
"2023";"05";"120201";"JUNIN";"CONCEPCION";"CONCEPCION";"GOBIERNO REGIONAL";"II-E";"00027857";"INSTITUTO REGIONAL DE ENFERMEDADES NEOPLÁSICAS DEL CENTRO - IREN CENTRO";"250200";"UNIDAD DE CUIDADOS CRITICOS UNIDAD DE CUIDADOS INTERMEDIOS GENERAL  (UCIN) ";"16";"15";"86";"73";"4";"120";"4"
"2023";"05";"150140";"LIMA";"LIMA";"SANTIAGO DE SURCO";"PRIVADO";"II-E";"00012219";"CLINICA MONTESUR";"241800";"HOSPITALIZACIÓN DE MEDICINA MEDICINA GENERAL ";"192";"184";"279";"180";"34";"155";"0"
"2023";"05";"150140";"LIMA";"LIMA";"SANTIAGO DE SURCO";"PRIVADO";"II-E";"00012219";"CLINICA MONTESUR";"243200";"HOSPITALIZACIÓN DE PEDIATRÍA PEDIATRIA NEONATOLOGÍA";"50";"51";"177";"48";"5";"986";"0"
"2023";"05";"120808";"JUNIN";"YAULI";"SANTA ROSA DE SACCO";"ESSALUD";"II-1";"00008653";"HOSPITAL II ALBERTO HURTADO ABADIA";"241800";"HOSPITALIZACIÓN DE MEDICINA MEDICINA GENERAL ";"45";"43";"213";"216";"18";"558";"2"
"2023";"05";"120808";"JUNIN";"YAULI";"SANTA ROSA DE SACCO";"ESSALUD";"II-1";"00008653";"HOSPITAL II ALBERTO HURTADO ABADIA";"240100";"HOSPITALIZACIÓN QUIRÚRGICA CIRUGÍA GENERAL ";"32";"34";"138";"115";"8";"247";"0"
"2023";"05";"120808";"JUNIN";"YAULI";"SANTA ROSA DE SACCO";"ESSALUD";"II-1";"00008653";"HOSPITAL II ALBERTO HURTADO ABADIA";"241200";"HOSPITALIZACIÓN QUIRÚRGICA TRAUMATOLOGÍA Y ORTOPEDIA ";"22";"24";"157";"102";"8";"235";"0"
"2023";"05";"120808";"JUNIN";"YAULI";"SANTA ROSA DE SACCO";"ESSALUD";"II-1";"00008653";"HOSPITAL II ALBERTO HURTADO ABADIA";"241500";"HOSPITALIZACIÓN QUIRÚRGICA GINECOLOGÍA  ";"8";"8";"39";"30";"3";"88";"0"
"2023";"05";"120808";"JUNIN";"YAULI";"SANTA ROSA DE SACCO";"ESSALUD";"II-1";"00008653";"HOSPITAL II ALBERTO HURTADO ABADIA";"241600";"HOSPITALIZACIÓN QUIRÚRGICA OBSTETRICIA   ";"26";"24";"67";"68";"5";"153";"0"
"2023";"05";"120808";"JUNIN";"YAULI";"SANTA ROSA DE SACCO";"ESSALUD";"II-1";"00008653";"HOSPITAL II ALBERTO HURTADO ABADIA";"242300";"HOSPITALIZACIÓN DE PEDIATRÍA  PEDIATRÍA  GENERAL ";"36";"31";"136";"105";"3";"121";"0"
"2023";"05";"120808";"JUNIN";"YAULI";"SANTA ROSA DE SACCO";"ESSALUD";"II-1";"00008653";"HOSPITAL II ALBERTO HURTADO ABADIA";"250304";"HOSPIT. EN UNIDAD DE CUID.INTEN.-UNIDAD DE VIGILANCIA INTENSIVA (UVI)-MEDICINA";"9";"9";"49";"79";"3";"98";"0"
"2023";"05";"120204";"JUNIN";"CONCEPCION";"CHAMBARA";"GOBIERNO REGIONAL";"I-1";"00000638";"SAN BLAS";"NE_0001";"";"NE_0001";"NE_0001";"NE_0001";"NE_0001";"NE_0001";"NE_0001";"NE_0001"
"2023";"05";"120204";"JUNIN";"CONCEPCION";"CHAMBARA";"GOBIERNO REGIONAL";"I-1";"00000637";"STA. ROSA DE TISTES";"NE_0001";"";"NE_0001";"NE_0001";"NE_0001";"NE_0001";"NE_0001";"NE_0001";"NE_0001"
"2023";"05";"120204";"JUNIN";"CONCEPCION";"CHAMBARA";"GOBIERNO REGIONAL";"I-2";"00000636";"CHAMBARA";"NE_0001";"";"NE_0001";"NE_0001";"NE_0001";"NE_0001";"NE_0001";"NE_0001";"NE_0001"
"2023";"05";"120208";"JUNIN";"CONCEPCION";"MANZANARES";"GOBIERNO REGIONAL";"I-1";"00000640";"MANZANARES";"NE_0001";"";"NE_0001";"NE_0001";"NE_0001";"NE_0001";"NE_0001";"NE_0001";"NE_0001"
"2023";"05";"120204";"JUNIN";"CONCEPCION";"CHAMBARA";"GOBIERNO REGIONAL";"I-1";"00000639";"ANGASMAYO";"NE_0001";"";"NE_0001";"NE_0001";"NE_0001";"NE_0001";"NE_0001";"NE_0001";"NE_0001"
"2023";"05";"120904";"JUNIN";"CHUPACA";"HUACHAC";"GOBIERNO REGIONAL";"I-1";"00000653";"MARCATUNA";"NE_0001";"";"NE_0001";"NE_0001";"NE_0001";"NE_0001";"NE_0001";"NE_0001";"NE_0001"
"2023";"05";"120904";"JUNIN";"CHUPACA";"HUACHAC";"GOBIERNO REGIONAL";"I-3";"00000651";"HUACHAC";"NE_0001";"";"NE_0001";"NE_0001";"NE_0001";"NE_0001";"NE_0001";"NE_0001";"NE_0001"
"2023";"05";"120904";"JUNIN";"CHUPACA";"HUACHAC";"GOBIERNO REGIONAL";"I-1";"00000652";"HUAYAO";"NE_0001";"";"NE_0001";"NE_0001";"NE_0001";"NE_0001";"NE_0001";"NE_0001";"NE_0001"
"2023";"05";"070101";"CALLAO";"CALLAO";"CALLAO";"GOBIERNO REGIONAL";"I-4";"00006228";"CENTRO DE SALUD NESTOR GAMBETTA";"241400";"HOSPITALIZACIÓN QUIRÚRGICA GINECO - OBSTETRICIA ";"10";"18";"18";"93";"12";"372";"0"
"2023";"02";"150131";"LIMA";"LIMA";"SAN ISIDRO";"PRIVADO";"II-E";"00027320";"CLINICA AUNA GUARDIA CIVIL";"240000";"HOSPITALIZACIÓN";"78";"76";"541";"604";"40";"1120";"6"
"2023";"03";"120114";"JUNIN";"HUANCAYO";"EL TAMBO";"ESSALUD";"I-4";"00008660";"POLICLINICO METROPOLITANO HUANCAYO";"NE_0001";"";"NE_0001";"NE_0001";"NE_0001";"NE_0001";"NE_0001";"NE_0001";"NE_0001"
"2023";"03";"120403";"JUNIN";"JAUJA";"APATA";"GOBIERNO REGIONAL";"I-3";"00000409";"APATA";"NE_0001";"";"NE_0001";"NE_0001";"NE_0001";"NE_0001";"NE_0001";"NE_0001";"NE_0001"
"2023";"03";"120403";"JUNIN";"JAUJA";"APATA";"GOBIERNO REGIONAL";"I-1";"00000413";"PAUCAR APATA";"NE_0001";"";"NE_0001";"NE_0001";"NE_0001";"NE_0001";"NE_0001";"NE_0001";"NE_0001"
"2023";"03";"120407";"JUNIN";"JAUJA";"EL MANTARO";"GOBIERNO REGIONAL";"I-1";"00000414";"EL MANTARO";"NE_0001";"";"NE_0001";"NE_0001";"NE_0001";"NE_0001";"NE_0001";"NE_0001";"NE_0001"
"2023";"03";"120403";"JUNIN";"JAUJA";"APATA";"GOBIERNO REGIONAL";"I-1";"00000412";"CHICCHE";"NE_0001";"";"NE_0001";"NE_0001";"NE_0001";"NE_0001";"NE_0001";"NE_0001";"NE_0001"
"2023";"03";"120403";"JUNIN";"JAUJA";"APATA";"GOBIERNO REGIONAL";"I-1";"00000411";"SAN JOSE DE APATA";"NE_0001";"";"NE_0001";"NE_0001";"NE_0001";"NE_0001";"NE_0001";"NE_0001";"NE_0001"
"2023";"03";"120428";"JUNIN";"JAUJA";"SAN LORENZO";"GOBIERNO REGIONAL";"I-1";"00000416";"SAN LORENZO";"NE_0001";"";"NE_0001";"NE_0001";"NE_0001";"NE_0001";"NE_0001";"NE_0001";"NE_0001"
"2023";"03";"120403";"JUNIN";"JAUJA";"APATA";"GOBIERNO REGIONAL";"I-1";"00000410";"NUEVA ESPERANZA";"NE_0001";"";"NE_0001";"NE_0001";"NE_0001";"NE_0001";"NE_0001";"NE_0001";"NE_0001"
"2023";"03";"120408";"JUNIN";"JAUJA";"HUAMALI";"GOBIERNO REGIONAL";"I-2";"00000415";"HUAMALI";"NE_0001";"";"NE_0001";"NE_0001";"NE_0001";"NE_0001";"NE_0001";"NE_0001";"NE_0001"
"2023";"03";"150101";"LIMA";"LIMA";"LIMA";"MINSA";"III-2";"00006209";"INSTITUTO NACIONAL DE CIENCIAS NEUROLOGICAS";"244800";"HOSPITALIZACIÓN DE MEDICINA-NEUROLOGIA -NEUROLOGIA DE LA CONDUCTA";"36";"29";"285";"248";"14";"434";"0"
"2023";"03";"150101";"LIMA";"LIMA";"LIMA";"MINSA";"III-2";"00006209";"INSTITUTO NACIONAL DE CIENCIAS NEUROLOGICAS";"245200";"HOSPITALIZACIÓN DE MEDICINA NEUROLOGIA  EPILEPSIA/EPILEPTOLOGIA";"30";"22";"187";"217";"9";"279";"0"
"2023";"03";"150101";"LIMA";"LIMA";"LIMA";"MINSA";"III-2";"00006209";"INSTITUTO NACIONAL DE CIENCIAS NEUROLOGICAS";"243400";"HOSPITALIZACIÓN DE PEDIATRÍA PEDIATRIA NEUROLOGÍA PEDIÁTRICA";"25";"26";"336";"279";"14";"434";"0"
"2023";"03";"150101";"LIMA";"LIMA";"LIMA";"MINSA";"III-2";"00006209";"INSTITUTO NACIONAL DE CIENCIAS NEUROLOGICAS";"245100";"HOSPITALIZACIÓN DE MEDICINA NEUROLOGIA  ENFERMEDADES INFECCIOSAS/TRANSMISIBLES DEL SISTEMA NERVIOSO";"22";"21";"756";"465";"16";"496";"1"
"2023";"03";"150101";"LIMA";"LIMA";"LIMA";"MINSA";"III-2";"00006209";"INSTITUTO NACIONAL DE CIENCIAS NEUROLOGICAS";"245000";"HOSPITALIZACIÓN DE MEDICINA NEUROLOGIA  NEUROVASCULARES Y METABOLICAS";"41";"28";"262";"310";"11";"341";"0"
"2023";"03";"150101";"LIMA";"LIMA";"LIMA";"MINSA";"III-2";"00006209";"INSTITUTO NACIONAL DE CIENCIAS NEUROLOGICAS";"244900";"HOSPITALIZACIÓN DE MEDICINA NEUROLOGIA  NEURODEGENERATIVAS";"36";"24";"534";"558";"20";"620";"1"
"2023";"03";"150101";"LIMA";"LIMA";"LIMA";"MINSA";"III-2";"00006209";"INSTITUTO NACIONAL DE CIENCIAS NEUROLOGICAS";"240900";"HOSPITALIZACIÓN QUIRÚRGICA NEUROCIRUGÍA ";"172";"85";"1335";"961";"33";"1023";"0"
"2023";"03";"150101";"LIMA";"LIMA";"LIMA";"MINSA";"III-2";"00006209";"INSTITUTO NACIONAL DE CIENCIAS NEUROLOGICAS";"250106";"UNIDAD DE CUIDADOS CRITICOS UNIDAD  DE CUIDADOS INTENSIVOS  (UCI) NEUROLÓGICA";"18";"4";"122";"186";"7";"217";"4"
"2023";"03";"150101";"LIMA";"LIMA";"LIMA";"MINSA";"III-2";"00006209";"INSTITUTO NACIONAL DE CIENCIAS NEUROLOGICAS";"250200";"UNIDAD DE CUIDADOS CRITICOS UNIDAD DE CUIDADOS INTERMEDIOS GENERAL  (UCIN) ";"4";"3";"264";"155";"6";"186";"1"
"2023";"03";"070101";"CALLAO";"CALLAO";"CALLAO";"ESSALUD";"II-2";"00010533";"HOSPITAL II LIMA NORTE CALLAO ""LUIS NEGREIROS VEGA"" ESSALUD";"241900";"HOSPITALIZACIÓN DE MEDICINA MEDICINA INTERNA ";"215";"215";"1863";"1842";"60";"1860";"16"
"2023";"03";"070101";"CALLAO";"CALLAO";"CALLAO";"ESSALUD";"II-2";"00010533";"HOSPITAL II LIMA NORTE CALLAO ""LUIS NEGREIROS VEGA"" ESSALUD";"240100";"HOSPITALIZACIÓN QUIRÚRGICA CIRUGÍA GENERAL ";"407";"416";"731";"803";"34";"1054";"0"
"2023";"03";"070101";"CALLAO";"CALLAO";"CALLAO";"ESSALUD";"II-2";"00010533";"HOSPITAL II LIMA NORTE CALLAO ""LUIS NEGREIROS VEGA"" ESSALUD";"241600";"HOSPITALIZACIÓN QUIRÚRGICA OBSTETRICIA   ";"489";"488";"777";"683";"36";"1116";"0"
"2023";"03";"070101";"CALLAO";"CALLAO";"CALLAO";"ESSALUD";"II-2";"00010533";"HOSPITAL II LIMA NORTE CALLAO ""LUIS NEGREIROS VEGA"" ESSALUD";"242300";"HOSPITALIZACIÓN DE PEDIATRÍA  PEDIATRÍA  GENERAL ";"106";"105";"294";"297";"13";"403";"0"
"2023";"03";"150105";"LIMA";"LIMA";"BREÑA";"PRIVADO";"0";"00022016";"CLINICA LA LUZ OFTALMOLOGIA";"NE_0002";"";"NE_0002";"NE_0002";"NE_0002";"NE_0002";"NE_0002";"NE_0002";"NE_0002"
"2023";"03";"130801";"LA LIBERTAD";"PATAZ";"TAYABAMBA";"GOBIERNO REGIONAL";"II-1";"00005375";"HOSPITAL PROVINCIAL DE TAYABAMBA";"241800";"HOSPITALIZACIÓN DE MEDICINA MEDICINA GENERAL ";"13";"12";"25";"27";"11";"341";"0"
"2023";"03";"130801";"LA LIBERTAD";"PATAZ";"TAYABAMBA";"GOBIERNO REGIONAL";"II-1";"00005375";"HOSPITAL PROVINCIAL DE TAYABAMBA";"241600";"HOSPITALIZACIÓN QUIRÚRGICA OBSTETRICIA   ";"19";"18";"29";"30";"5";"155";"0"
"2023";"04";"150605";"LIMA";"HUARAL";"CHANCAY";"GOBIERNO REGIONAL";"II-2";"00007638";"HOSPITAL DE CHANCAY Y SBS Dr. HIDALGO ATOCHE L¿PEZ";"240100";"HOSPITALIZACIÓN QUIRÚRGICA CIRUGÍA GENERAL ";"66";"78";"226";"226";"8";"240";"0"
"2023";"04";"150605";"LIMA";"HUARAL";"CHANCAY";"GOBIERNO REGIONAL";"II-2";"00007638";"HOSPITAL DE CHANCAY Y SBS Dr. HIDALGO ATOCHE L¿PEZ";"241200";"HOSPITALIZACIÓN QUIRÚRGICA TRAUMATOLOGÍA Y ORTOPEDIA ";"24";"28";"91";"91";"5";"150";"0"
"2023";"04";"150605";"LIMA";"HUARAL";"CHANCAY";"GOBIERNO REGIONAL";"II-2";"00007638";"HOSPITAL DE CHANCAY Y SBS Dr. HIDALGO ATOCHE L¿PEZ";"241300";"HOSPITALIZACIÓN QUIRÚRGICA UROLOGÍA  ";"6";"6";"27";"27";"1";"30";"0"
"2023";"04";"150605";"LIMA";"HUARAL";"CHANCAY";"GOBIERNO REGIONAL";"II-2";"00007638";"HOSPITAL DE CHANCAY Y SBS Dr. HIDALGO ATOCHE L¿PEZ";"241500";"HOSPITALIZACIÓN QUIRÚRGICA GINECOLOGÍA  ";"12";"12";"34";"34";"8";"240";"0"
"2023";"04";"150605";"LIMA";"HUARAL";"CHANCAY";"GOBIERNO REGIONAL";"II-2";"00007638";"HOSPITAL DE CHANCAY Y SBS Dr. HIDALGO ATOCHE L¿PEZ";"241600";"HOSPITALIZACIÓN QUIRÚRGICA OBSTETRICIA   ";"104";"111";"236";"236";"13";"390";"0"
"2023";"04";"150605";"LIMA";"HUARAL";"CHANCAY";"GOBIERNO REGIONAL";"II-2";"00007638";"HOSPITAL DE CHANCAY Y SBS Dr. HIDALGO ATOCHE L¿PEZ";"241800";"HOSPITALIZACIÓN DE MEDICINA MEDICINA GENERAL ";"46";"58";"431";"431";"16";"480";"7"
"2023";"04";"150605";"LIMA";"HUARAL";"CHANCAY";"GOBIERNO REGIONAL";"II-2";"00007638";"HOSPITAL DE CHANCAY Y SBS Dr. HIDALGO ATOCHE L¿PEZ";"242500";"HOSPITALIZACIÓN-PEDIATRÍA GENERAL-";"41";"47";"184";"184";"14";"420";"0"
"2023";"04";"150605";"LIMA";"HUARAL";"CHANCAY";"GOBIERNO REGIONAL";"II-2";"00007638";"HOSPITAL DE CHANCAY Y SBS Dr. HIDALGO ATOCHE L¿PEZ";"243200";"HOSPITALIZACIÓN DE PEDIATRÍA PEDIATRIA NEONATOLOGÍA";"7";"9";"65";"65";"6";"180";"0"
"2023";"04";"150605";"LIMA";"HUARAL";"CHANCAY";"GOBIERNO REGIONAL";"II-2";"00007638";"HOSPITAL DE CHANCAY Y SBS Dr. HIDALGO ATOCHE L¿PEZ";"250103";"UNIDAD DE CUIDADOS CRITICOS UNIDAD  DE CUIDADOS INTENSIVOS GENERALES  (UCI) MEDICINA";"4";"6";"113";"113";"4";"120";"2"
"2023";"04";"120107";"JUNIN";"HUANCAYO";"CHILCA";"ESSALUD";"I-3";"00012188";"CAP II CHILCA";"NE_0001";"";"NE_0001";"NE_0001";"NE_0001";"NE_0001";"NE_0001";"NE_0001";"NE_0001"
"2023";"04";"150101";"LIMA";"LIMA";"LIMA";"PRIVADO";"II-2";"00008281";"CLINICA MAISON DE SANTE  DE LIMA";"240000";"HOSPITALIZACIÓN";"65";"69";"215";"199";"20";"600";"1"
"2023";"04";"150101";"LIMA";"LIMA";"LIMA";"PRIVADO";"II-2";"00008281";"CLINICA MAISON DE SANTE  DE LIMA";"250100";"UNIDAD DE CUIDADOS CRITICOS UNIDAD  DE CUIDADOS INTENSIVOS GENERALES (UCI) ";"6";"6";"16";"55";"8";"240";"0"
"2023";"04";"100201";"HUANUCO";"AMBO";"AMBO";"ESSALUD";"I-3";"00009957";"CENTRO MEDICO LEONCIO PRADO - AMBO";"NE_0001";"";"NE_0001";"NE_0001";"NE_0001";"NE_0001";"NE_0001";"NE_0001";"NE_0001"
"2023";"04";"150115";"LIMA";"LIMA";"LA VICTORIA";"ESSALUD";"III-2";"00009251";"HOSPITAL NACIONAL GUILLERMO ALMENARA IRIGOYEN";"241200";"HOSPITALIZACIÓN QUIRÚRGICA TRAUMATOLOGÍA Y ORTOPEDIA ";"101";"90";"721";"975";"33";"990";"1"
"2023";"04";"150115";"LIMA";"LIMA";"LA VICTORIA";"ESSALUD";"III-2";"00009251";"HOSPITAL NACIONAL GUILLERMO ALMENARA IRIGOYEN";"241100";"HOSPITALIZACIÓN QUIRÚRGICA OTORRINOLARINGOLOGÍA  ";"51";"44";"306";"346";"12";"360";"0"
"2023";"04";"150115";"LIMA";"LIMA";"LA VICTORIA";"ESSALUD";"III-2";"00009251";"HOSPITAL NACIONAL GUILLERMO ALMENARA IRIGOYEN";"240500";"HOSPITALIZACIÓN QUIRÚRGICA CIRUGÍA DE TRANSPLANTES ";"14";"14";"235";"198";"7";"210";"1"
"2023";"04";"150115";"LIMA";"LIMA";"LA VICTORIA";"ESSALUD";"III-2";"00009251";"HOSPITAL NACIONAL GUILLERMO ALMENARA IRIGOYEN";"240500";"HOSPITALIZACIÓN QUIRÚRGICA CIRUGÍA DE TRANSPLANTES ";"38";"39";"726";"346";"12";"360";"0"
"2023";"04";"150115";"LIMA";"LIMA";"LA VICTORIA";"ESSALUD";"III-2";"00009251";"HOSPITAL NACIONAL GUILLERMO ALMENARA IRIGOYEN";"241300";"HOSPITALIZACIÓN QUIRÚRGICA UROLOGÍA  ";"60";"72";"1644";"1230";"41";"1230";"1"
"2023";"04";"150115";"LIMA";"LIMA";"LA VICTORIA";"ESSALUD";"III-2";"00009251";"HOSPITAL NACIONAL GUILLERMO ALMENARA IRIGOYEN";"241500";"HOSPITALIZACIÓN QUIRÚRGICA GINECOLOGÍA  ";"90";"91";"574";"617";"21";"630";"0"
"2023";"04";"150115";"LIMA";"LIMA";"LA VICTORIA";"ESSALUD";"III-2";"00009251";"HOSPITAL NACIONAL GUILLERMO ALMENARA IRIGOYEN";"241600";"HOSPITALIZACIÓN QUIRÚRGICA OBSTETRICIA   ";"197";"201";"1088";"1091";"37";"1110";"0"
"2023";"04";"150115";"LIMA";"LIMA";"LA VICTORIA";"ESSALUD";"III-2";"00009251";"HOSPITAL NACIONAL GUILLERMO ALMENARA IRIGOYEN";"240700";"HOSPITALIZACIÓN QUIRÚRGICA CIRUGÍA PEDIÁTRICA ";"66";"63";"246";"313";"11";"330";"0"
"2023";"04";"150115";"LIMA";"LIMA";"LA VICTORIA";"ESSALUD";"III-2";"00009251";"HOSPITAL NACIONAL GUILLERMO ALMENARA IRIGOYEN";"242300";"HOSPITALIZACIÓN DE PEDIATRÍA  PEDIATRÍA  GENERAL ";"11";"20";"420";"307";"11";"330";"0"
"2023";"04";"150115";"LIMA";"LIMA";"LA VICTORIA";"ESSALUD";"III-2";"00009251";"HOSPITAL NACIONAL GUILLERMO ALMENARA IRIGOYEN";"243200";"HOSPITALIZACIÓN DE PEDIATRÍA PEDIATRIA NEONATOLOGÍA";"6";"21";"184";"211";"8";"240";"1"
"2023";"04";"150115";"LIMA";"LIMA";"LA VICTORIA";"ESSALUD";"III-2";"00009251";"HOSPITAL NACIONAL GUILLERMO ALMENARA IRIGOYEN";"250101";"UNIDAD DE CUIDADOS CRITICOS UNIDAD  DE CUIDADOS INTENSIVOS GENERALES (UCI) CARDIOLOGIA";"27";"11";"72";"206";"7";"210";"3"
"2023";"04";"150115";"LIMA";"LIMA";"LA VICTORIA";"ESSALUD";"III-2";"00009251";"HOSPITAL NACIONAL GUILLERMO ALMENARA IRIGOYEN";"250111";"UNIDAD DE CUIDADOS CRITICOS UNIDAD  DE CUIDADOS INTENSIVOS  (UCI) CARDIOVASCULAR";"2";"1";"36";"141";"5";"150";"1"
"2023";"04";"150115";"LIMA";"LIMA";"LA VICTORIA";"ESSALUD";"III-2";"00009251";"HOSPITAL NACIONAL GUILLERMO ALMENARA IRIGOYEN";"250400";"UNIDAD DE CUIDADOS CRITICOS UNIDAD DE QUEMADOS (GRAN QUEMADO) ";"1";"2";"76";"48";"2";"60";"0"
"2023";"04";"150115";"LIMA";"LIMA";"LA VICTORIA";"ESSALUD";"III-2";"00009251";"HOSPITAL NACIONAL GUILLERMO ALMENARA IRIGOYEN";"250108";"UNIDAD DE CUIDADOS CRITICOS UNIDAD  DE CUIDADOS INTENSIVOS  (UCI) PEDIÁTRICA";"7";"5";"55";"245";"9";"270";"0"
"2023";"04";"150115";"LIMA";"LIMA";"LA VICTORIA";"ESSALUD";"III-2";"00009251";"HOSPITAL NACIONAL GUILLERMO ALMENARA IRIGOYEN";"250100";"UNIDAD DE CUIDADOS CRITICOS UNIDAD  DE CUIDADOS INTENSIVOS GENERALES (UCI) ";"23";"18";"246";"411";"14";"420";"18"
"2023";"04";"150115";"LIMA";"LIMA";"LA VICTORIA";"ESSALUD";"III-2";"00009251";"HOSPITAL NACIONAL GUILLERMO ALMENARA IRIGOYEN";"250105";"UNIDAD DE CUIDADOS CRITICOS UNIDAD  DE CUIDADOS INTENSIVOS  (UCI) NEONATOLOGÍA";"6";"10";"276";"444";"15";"450";"4"
"2023";"04";"150115";"LIMA";"LIMA";"LA VICTORIA";"ESSALUD";"III-2";"00009251";"HOSPITAL NACIONAL GUILLERMO ALMENARA IRIGOYEN";"250107";"UNIDAD DE CUIDADOS CRITICOS UNIDAD  DE CUIDADOS INTENSIVOS  (UCI) NEUROQUIRÚRGICA";"3";"5";"290";"147";"5";"150";"4"
"2023";"04";"150115";"LIMA";"LIMA";"LA VICTORIA";"ESSALUD";"III-2";"00009251";"HOSPITAL NACIONAL GUILLERMO ALMENARA IRIGOYEN";"250107";"UNIDAD DE CUIDADOS CRITICOS UNIDAD  DE CUIDADOS INTENSIVOS  (UCI) NEUROQUIRÚRGICA";"1";"3";"36";"22";"1";"30";"0"
"2023";"04";"150115";"LIMA";"LIMA";"LA VICTORIA";"ESSALUD";"III-2";"00009251";"HOSPITAL NACIONAL GUILLERMO ALMENARA IRIGOYEN";"250107";"UNIDAD DE CUIDADOS CRITICOS UNIDAD  DE CUIDADOS INTENSIVOS  (UCI) NEUROQUIRÚRGICA";"0";"1";"4";"68";"3";"90";"0"
"2023";"04";"150115";"LIMA";"LIMA";"LA VICTORIA";"ESSALUD";"III-2";"00009251";"HOSPITAL NACIONAL GUILLERMO ALMENARA IRIGOYEN";"250200";"UNIDAD DE CUIDADOS CRITICOS UNIDAD DE CUIDADOS INTERMEDIOS GENERAL  (UCIN) ";"16";"36";"490";"290";"10";"300";"0"
"2023";"04";"150115";"LIMA";"LIMA";"LA VICTORIA";"ESSALUD";"III-2";"00009251";"HOSPITAL NACIONAL GUILLERMO ALMENARA IRIGOYEN";"250200";"UNIDAD DE CUIDADOS CRITICOS UNIDAD DE CUIDADOS INTERMEDIOS GENERAL  (UCIN) ";"7";"21";"264";"123";"5";"150";"0"
"2023";"04";"150115";"LIMA";"LIMA";"LA VICTORIA";"ESSALUD";"III-2";"00009251";"HOSPITAL NACIONAL GUILLERMO ALMENARA IRIGOYEN";"250100";"UNIDAD DE CUIDADOS CRITICOS UNIDAD  DE CUIDADOS INTENSIVOS GENERALES (UCI) ";"10";"14";"330";"264";"9";"270";"0"
"2023";"04";"150115";"LIMA";"LIMA";"LA VICTORIA";"ESSALUD";"III-2";"00009251";"HOSPITAL NACIONAL GUILLERMO ALMENARA IRIGOYEN";"250202";"UNIDAD DE CUIDADOS CRITICOS UNIDAD DE CUIDADOS INTERMEDIOS  (UCIN) PEDIÁTRICOS";"30";"30";"113";"124";"5";"150";"0"
"2023";"04";"150115";"LIMA";"LIMA";"LA VICTORIA";"ESSALUD";"III-2";"00009251";"HOSPITAL NACIONAL GUILLERMO ALMENARA IRIGOYEN";"250202";"UNIDAD DE CUIDADOS CRITICOS UNIDAD DE CUIDADOS INTERMEDIOS  (UCIN) PEDIÁTRICOS";"3";"2";"84";"412";"14";"420";"0"
"2023";"04";"150115";"LIMA";"LIMA";"LA VICTORIA";"ESSALUD";"III-2";"00009251";"HOSPITAL NACIONAL GUILLERMO ALMENARA IRIGOYEN";"250200";"UNIDAD DE CUIDADOS CRITICOS UNIDAD DE CUIDADOS INTERMEDIOS GENERAL  (UCIN) ";"10";"5";"123";"621";"21";"630";"2"
"2023";"04";"150115";"LIMA";"LIMA";"LA VICTORIA";"ESSALUD";"III-2";"00009251";"HOSPITAL NACIONAL GUILLERMO ALMENARA IRIGOYEN";"250201";"UNIDAD DE CUIDADOS CRITICOS UNIDAD DE CUIDADOS INTERMEDIOS  (UCIN) NEONATAL";"9";"28";"818";"337";"12";"360";"2"
"2023";"04";"150115";"LIMA";"LIMA";"LA VICTORIA";"ESSALUD";"III-2";"00009251";"HOSPITAL NACIONAL GUILLERMO ALMENARA IRIGOYEN";"250200";"UNIDAD DE CUIDADOS CRITICOS UNIDAD DE CUIDADOS INTERMEDIOS GENERAL  (UCIN) ";"12";"17";"193";"176";"6";"180";"3"
"2023";"04";"150115";"LIMA";"LIMA";"LA VICTORIA";"ESSALUD";"III-2";"00009251";"HOSPITAL NACIONAL GUILLERMO ALMENARA IRIGOYEN";"250200";"UNIDAD DE CUIDADOS CRITICOS UNIDAD DE CUIDADOS INTERMEDIOS GENERAL  (UCIN) ";"0";"1";"7";"130";"5";"150";"0"
"2023";"04";"150115";"LIMA";"LIMA";"LA VICTORIA";"ESSALUD";"III-2";"00009251";"HOSPITAL NACIONAL GUILLERMO ALMENARA IRIGOYEN";"250200";"UNIDAD DE CUIDADOS CRITICOS UNIDAD DE CUIDADOS INTERMEDIOS GENERAL  (UCIN) ";"1";"3";"38";"54";"2";"60";"0"
"2023";"04";"150115";"LIMA";"LIMA";"LA VICTORIA";"ESSALUD";"III-2";"00009251";"HOSPITAL NACIONAL GUILLERMO ALMENARA IRIGOYEN";"250200";"UNIDAD DE CUIDADOS CRITICOS UNIDAD DE CUIDADOS INTERMEDIOS GENERAL  (UCIN) ";"0";"1";"4";"60";"2";"60";"0"
"2023";"04";"130101";"LA LIBERTAD";"TRUJILLO";"TRUJILLO";"PRIVADO";"II-1";"00013395";"CLÍNICA MATERNO INFANTIL DEL NORTE S.A";"241400";"HOSPITALIZACIÓN QUIRÚRGICA GINECO - OBSTETRICIA ";"45";"42";"89";"45";"13";"403";"0"
"2023";"04";"130101";"LA LIBERTAD";"TRUJILLO";"TRUJILLO";"PRIVADO";"II-1";"00013395";"CLÍNICA MATERNO INFANTIL DEL NORTE S.A";"240100";"HOSPITALIZACIÓN QUIRÚRGICA CIRUGÍA GENERAL ";"1";"1";"2";"1";"13";"403";"0"
"2023";"04";"130101";"LA LIBERTAD";"TRUJILLO";"TRUJILLO";"PRIVADO";"II-1";"00013395";"CLÍNICA MATERNO INFANTIL DEL NORTE S.A";"241800";"HOSPITALIZACIÓN DE MEDICINA MEDICINA GENERAL ";"1";"1";"2";"1";"13";"403";"0"
"2023";"04";"130101";"LA LIBERTAD";"TRUJILLO";"TRUJILLO";"PRIVADO";"II-1";"00013395";"CLÍNICA MATERNO INFANTIL DEL NORTE S.A";"241900";"HOSPITALIZACIÓN DE MEDICINA MEDICINA INTERNA ";"1";"1";"3";"1";"13";"403";"0"
"2023";"04";"220101";"SAN MARTIN";"MOYOBAMBA";"MOYOBAMBA";"GOBIERNO REGIONAL";"I-1";"00006323";"MORROYACU";"NE_0001";"";"NE_0001";"NE_0001";"NE_0001";"NE_0001";"NE_0001";"NE_0001";"NE_0001"
"2023";"04";"220101";"SAN MARTIN";"MOYOBAMBA";"MOYOBAMBA";"GOBIERNO REGIONAL";"I-1";"00006324";"SHIMPIYACU";"NE_0001";"";"NE_0001";"NE_0001";"NE_0001";"NE_0001";"NE_0001";"NE_0001";"NE_0001"
"2023";"04";"220101";"SAN MARTIN";"MOYOBAMBA";"MOYOBAMBA";"GOBIERNO REGIONAL";"I-1";"00006325";"NUEVA HUANCABAMBA";"NE_0001";"";"NE_0001";"NE_0001";"NE_0001";"NE_0001";"NE_0001";"NE_0001";"NE_0001"
"2023";"04";"220101";"SAN MARTIN";"MOYOBAMBA";"MOYOBAMBA";"GOBIERNO REGIONAL";"I-1";"00006323";"MORROYACU";"NE_0001";"";"NE_0001";"NE_0001";"NE_0001";"NE_0001";"NE_0001";"NE_0001";"NE_0001"
"2023";"04";"220803";"SAN MARTIN";"RIOJA";"ELIAS SOPLIN VARGAS";"GOBIERNO REGIONAL";"I-1";"00006279";"PUERTO BAGAZAN";"NE_0002";"";"NE_0002";"NE_0002";"NE_0002";"NE_0002";"NE_0002";"NE_0002";"NE_0002"
"2023";"04";"220803";"SAN MARTIN";"RIOJA";"ELIAS SOPLIN VARGAS";"GOBIERNO REGIONAL";"I-1";"00017707";"LA VICTORIA";"NE_0002";"";"NE_0002";"NE_0002";"NE_0002";"NE_0002";"NE_0002";"NE_0002";"NE_0002"
"2023";"04";"220803";"SAN MARTIN";"RIOJA";"ELIAS SOPLIN VARGAS";"GOBIERNO REGIONAL";"I-1";"00007298";"LA NACIENTE DEL RIO NEGRO";"NE_0002";"";"NE_0002";"NE_0002";"NE_0002";"NE_0002";"NE_0002";"NE_0002";"NE_0002"
"2023";"04";"220803";"SAN MARTIN";"RIOJA";"ELIAS SOPLIN VARGAS";"GOBIERNO REGIONAL";"I-1";"00006903";"SANTA FE";"NE_0002";"";"NE_0002";"NE_0002";"NE_0002";"NE_0002";"NE_0002";"NE_0002";"NE_0002"
"2023";"04";"220803";"SAN MARTIN";"RIOJA";"ELIAS SOPLIN VARGAS";"GOBIERNO REGIONAL";"I-3";"00006277";"SEGUNDA JERUSALEN";"241600";"HOSPITALIZACIÓN QUIRÚRGICA OBSTETRICIA   ";"6";"6";"6";"6";"3";"90";"0"
"2023";"04";"220803";"SAN MARTIN";"RIOJA";"ELIAS SOPLIN VARGAS";"GOBIERNO REGIONAL";"I-1";"00006278";"VALLE GRANDE";"NE_0002";"";"NE_0002";"NE_0002";"NE_0002";"NE_0002";"NE_0002";"NE_0002";"NE_0002"
"2023";"04";"150106";"LIMA";"LIMA";"CARABAYLLO";"ESSALUD";"I-3";"00026009";"CAP III CARABAYLLO";"NE_0001";"";"NE_0001";"NE_0001";"NE_0001";"NE_0001";"NE_0001";"NE_0001";"NE_0001"
"2023";"04";"200601";"PIURA";"SULLANA";"SULLANA";"PRIVADO";"II-1";"00010777";"CLINICA VIRGEN DEL PILAR SCRL";"241900";"HOSPITALIZACIÓN DE MEDICINA MEDICINA INTERNA ";"9";"9";"75";"89";"24";"250";"1"
"2023";"04";"200601";"PIURA";"SULLANA";"SULLANA";"PRIVADO";"II-1";"00010777";"CLINICA VIRGEN DEL PILAR SCRL";"240100";"HOSPITALIZACIÓN QUIRÚRGICA CIRUGÍA GENERAL ";"9";"9";"36";"52";"24";"510";"0"
"2023";"04";"040122";"AREQUIPA";"AREQUIPA";"SOCABAYA";"GOBIERNO REGIONAL";"I-2";"00001272";"PUESTO DE SALUD SALAVERRY";"NE_0001";"";"NE_0001";"NE_0001";"NE_0001";"NE_0001";"NE_0001";"NE_0001";"NE_0001"
"2023";"04";"040122";"AREQUIPA";"AREQUIPA";"SOCABAYA";"GOBIERNO REGIONAL";"I-2";"00001270";"PUESTO DE SALUD LARA";"NE_0001";"";"NE_0001";"NE_0001";"NE_0001";"NE_0001";"NE_0001";"NE_0001";"NE_0001"
"2023";"04";"100801";"HUANUCO";"PACHITEA";"PANAO";"ESSALUD";"I-2";"00009958";"POSTA MEDICA PANAO";"NE_0001";"";"NE_0001";"NE_0001";"NE_0001";"NE_0001";"NE_0001";"NE_0001";"NE_0001"
"2023";"05";"150131";"LIMA";"LIMA";"SAN ISIDRO";"PRIVADO";"II-E";"00018581";"CLINICA PETRAS";"240800";"HOSPITALIZACIÓN QUIRÚRGICA CIRUGÍA PLÁSTICA/RECONSTRUCTIVA/ REPARADORA ";"7";"7";"8";"4";"2,00";"62";"0"
"2023";"05";"060601";"CAJAMARCA";"CUTERVO";"CUTERVO";"GOBIERNO REGIONAL";"I-3";"00004993";"NARANJITO DE CAMSE";"NE_0001";"";"NE_0001";"NE_0001";"NE_0001";"NE_0001";"NE_0001";"NE_0001";"NE_0001"
"2023";"05";"060601";"CAJAMARCA";"CUTERVO";"CUTERVO";"GOBIERNO REGIONAL";"I-2";"00004994";"PAYAC";"NE_0001";"";"NE_0001";"NE_0001";"NE_0001";"NE_0001";"NE_0001";"NE_0001";"NE_0001"
"2023";"05";"060601";"CAJAMARCA";"CUTERVO";"CUTERVO";"GOBIERNO REGIONAL";"I-1";"00008922";"LA CASCARILLA";"NE_0001";"";"NE_0001";"NE_0001";"NE_0001";"NE_0001";"NE_0001";"NE_0001";"NE_0001"
"2023";"05";"130502";"LA LIBERTAD";"JULCAN";"CALAMARCA";"GOBIERNO REGIONAL";"I-1";"00016424";"HUAGAL";"NE_0001";"";"NE_0001";"NE_0001";"NE_0001";"NE_0001";"NE_0001";"NE_0001";"NE_0001"
"2023";"05";"130502";"LA LIBERTAD";"JULCAN";"CALAMARCA";"GOBIERNO REGIONAL";"I-3";"00005309";"SICCHAL";"NE_0001";"";"NE_0001";"NE_0001";"NE_0001";"NE_0001";"NE_0001";"NE_0001";"NE_0001"
"2023";"04";"060612";"CAJAMARCA";"CUTERVO";"SANTO DOMINGO DE LA CAPILLA";"GOBIERNO REGIONAL";"I-1";"00006861";"CHAUPECRUZ";"NE_0001";"";"NE_0001";"NE_0001";"NE_0001";"NE_0001";"NE_0001";"NE_0001";"NE_0001"
"2023";"04";"060602";"CAJAMARCA";"CUTERVO";"CALLAYUC";"GOBIERNO REGIONAL";"I-1";"00004963";"SANTA CLARA";"NE_0001";"";"NE_0001";"NE_0001";"NE_0001";"NE_0001";"NE_0001";"NE_0001";"NE_0001"
"2023";"04";"060612";"CAJAMARCA";"CUTERVO";"SANTO DOMINGO DE LA CAPILLA";"GOBIERNO REGIONAL";"I-1";"00005004";"SAN PEDRO DE LA CAPILLA";"NE_0001";"";"NE_0001";"NE_0001";"NE_0001";"NE_0001";"NE_0001";"NE_0001";"NE_0001"
"2023";"04";"060612";"CAJAMARCA";"CUTERVO";"SANTO DOMINGO DE LA CAPILLA";"GOBIERNO REGIONAL";"I-1";"00006960";"PAN DE AZUCAR";"NE_0001";"";"NE_0001";"NE_0001";"NE_0001";"NE_0001";"NE_0001";"NE_0001";"NE_0001"
"2023";"04";"060612";"CAJAMARCA";"CUTERVO";"SANTO DOMINGO DE LA CAPILLA";"GOBIERNO REGIONAL";"I-1";"00007370";"CEDROPAMPA";"NE_0001";"";"NE_0001";"NE_0001";"NE_0001";"NE_0001";"NE_0001";"NE_0001";"NE_0001"
"2023";"04";"060612";"CAJAMARCA";"CUTERVO";"SANTO DOMINGO DE LA CAPILLA";"GOBIERNO REGIONAL";"I-1";"00005005";"SANTA ROSA DE LA CAPILLA";"NE_0001";"";"NE_0001";"NE_0001";"NE_0001";"NE_0001";"NE_0001";"NE_0001";"NE_0001"
"2023";"04";"060612";"CAJAMARCA";"CUTERVO";"SANTO DOMINGO DE LA CAPILLA";"GOBIERNO REGIONAL";"I-1";"00006862";"PALO QUEMADO";"NE_0001";"";"NE_0001";"NE_0001";"NE_0001";"NE_0001";"NE_0001";"NE_0001";"NE_0001"
"2023";"04";"060612";"CAJAMARCA";"CUTERVO";"SANTO DOMINGO DE LA CAPILLA";"GOBIERNO REGIONAL";"I-1";"00006958";"PLAYA HERMOZA";"NE_0001";"";"NE_0001";"NE_0001";"NE_0001";"NE_0001";"NE_0001";"NE_0001";"NE_0001"
"2023";"04";"060612";"CAJAMARCA";"CUTERVO";"SANTO DOMINGO DE LA CAPILLA";"GOBIERNO REGIONAL";"I-3";"00005002";"STO. DOMINGO DE LA CAPILLA";"NE_0001";"";"NE_0001";"NE_0001";"NE_0001";"NE_0001";"NE_0001";"NE_0001";"NE_0001"
"2023";"04";"080207";"CUSCO";"ACOMAYO";"SANGARARA";"GOBIERNO REGIONAL";"I-2";"00002325";"PUESTO DE SALUD MARCACONGA";"NE_0002";"";"NE_0002";"NE_0002";"NE_0002";"NE_0002";"NE_0002";"NE_0002";"NE_0002"
"2023";"04";"080201";"CUSCO";"ACOMAYO";"ACOMAYO";"GOBIERNO REGIONAL";"I-4";"00002317";"ACOMAYO";"NE_0002";"";"NE_0002";"NE_0002";"NE_0002";"NE_0002";"NE_0002";"NE_0002";"NE_0002"
"2023";"04";"080202";"CUSCO";"ACOMAYO";"ACOPIA";"GOBIERNO REGIONAL";"I-1";"00002318";"ACOPIA";"NE_0002";"";"NE_0002";"NE_0002";"NE_0002";"NE_0002";"NE_0002";"NE_0002";"NE_0002"
"2023";"04";"080205";"CUSCO";"ACOMAYO";"POMACANCHI";"GOBIERNO REGIONAL";"I-4";"00002321";"POMACANCHI";"NE_0002";"";"NE_0002";"NE_0002";"NE_0002";"NE_0002";"NE_0002";"NE_0002";"NE_0002"
"2023";"04";"080205";"CUSCO";"ACOMAYO";"POMACANCHI";"GOBIERNO REGIONAL";"I-1";"00002322";"SAN JUAN DE POMACANCHI";"NE_0002";"";"NE_0002";"NE_0002";"NE_0002";"NE_0002";"NE_0002";"NE_0002";"NE_0002"
"2023";"04";"080203";"CUSCO";"ACOMAYO";"ACOS";"GOBIERNO REGIONAL";"I-1";"00002319";"ACOS";"NE_0002";"";"NE_0002";"NE_0002";"NE_0002";"NE_0002";"NE_0002";"NE_0002";"NE_0002"
"2023";"04";"080205";"CUSCO";"ACOMAYO";"POMACANCHI";"GOBIERNO REGIONAL";"I-1";"00012926";"SANTA LUCIA";"NE_0002";"";"NE_0002";"NE_0002";"NE_0002";"NE_0002";"NE_0002";"NE_0002";"NE_0002"
"2023";"04";"080207";"CUSCO";"ACOMAYO";"SANGARARA";"GOBIERNO REGIONAL";"I-1";"00002324";"PUESTO DE SALUD SANGARARA";"NE_0002";"";"NE_0002";"NE_0002";"NE_0002";"NE_0002";"NE_0002";"NE_0002";"NE_0002"
"2023";"04";"081008";"CUSCO";"PARURO";"PILLPINTO";"GOBIERNO REGIONAL";"I-1";"00002508";"PILLPINTO";"NE_0002";"";"NE_0002";"NE_0002";"NE_0002";"NE_0002";"NE_0002";"NE_0002";"NE_0002"
"2023";"04";"040413";"AREQUIPA";"CASTILLA";"URACA";"GOBIERNO REGIONAL";"I-2";"00001392";"PUESTO DE SALUD ESCALERILLAS";"NE_0001";"";"NE_0001";"NE_0001";"NE_0001";"NE_0001";"NE_0001";"NE_0001";"NE_0001"
"2023";"04";"040413";"AREQUIPA";"CASTILLA";"URACA";"GOBIERNO REGIONAL";"I-2";"00001390";"PUESTO DE SALUD TORAN";"NE_0001";"";"NE_0001";"NE_0001";"NE_0001";"NE_0001";"NE_0001";"NE_0001";"NE_0001"
"2023";"04";"040413";"AREQUIPA";"CASTILLA";"URACA";"GOBIERNO REGIONAL";"I-3";"00001383";"CENTRO DE SALUD CORIRE";"NE_0001";"";"NE_0001";"NE_0001";"NE_0001";"NE_0001";"NE_0001";"NE_0001";"NE_0001"
"2023";"04";"040413";"AREQUIPA";"CASTILLA";"URACA";"GOBIERNO REGIONAL";"I-2";"00001391";"PUESTO DE SALUD EL PEDREGAL";"NE_0001";"";"NE_0001";"NE_0001";"NE_0001";"NE_0001";"NE_0001";"NE_0001";"NE_0001"
"2023";"04";"190201";"PASCO";"DANIEL ALCIDES CARRION";"YANAHUANCA";"ESSALUD";"I-3";"00009760";"CENTRO MEDICO DE YANAHUANCA";"NE_0001";"";"NE_0001";"NE_0001";"NE_0001";"NE_0001";"NE_0001";"NE_0001";"NE_0001"
"2023";"05";"120412";"JUNIN";"JAUJA";"JULCAN";"GOBIERNO REGIONAL";"I-2";"00000393";"JULCAN";"NE_0001";"";"NE_0001";"NE_0001";"NE_0001";"NE_0001";"NE_0001";"NE_0001";"NE_0001"
"2023";"05";"120418";"JUNIN";"JAUJA";"MOLINOS";"GOBIERNO REGIONAL";"I-2";"00000399";"CURIMARCA";"NE_0001";"";"NE_0001";"NE_0001";"NE_0001";"NE_0001";"NE_0001";"NE_0001";"NE_0001"
"2023";"05";"190301";"PASCO";"OXAPAMPA";"OXAPAMPA";"ESSALUD";"II-1";"00009748";"HOSPITAL I OXAPAMPA";"241800";"HOSPITALIZACIÓN DE MEDICINA MEDICINA GENERAL ";"18";"18";"64";"81";"4";"124";"0"
"2023";"05";"190301";"PASCO";"OXAPAMPA";"OXAPAMPA";"ESSALUD";"II-1";"00009748";"HOSPITAL I OXAPAMPA";"240100";"HOSPITALIZACIÓN QUIRÚRGICA CIRUGÍA GENERAL ";"12";"13";"51";"61";"3";"93";"0"
"2023";"05";"190301";"PASCO";"OXAPAMPA";"OXAPAMPA";"ESSALUD";"II-1";"00009748";"HOSPITAL I OXAPAMPA";"241400";"HOSPITALIZACIÓN QUIRÚRGICA GINECO - OBSTETRICIA ";"22";"22";"50";"72";"3";"93";"0"
"2023";"05";"190301";"PASCO";"OXAPAMPA";"OXAPAMPA";"ESSALUD";"II-1";"00009748";"HOSPITAL I OXAPAMPA";"242300";"HOSPITALIZACIÓN DE PEDIATRÍA  PEDIATRÍA  GENERAL ";"15";"15";"37";"53";"2";"62";"0"
"2023";"05";"040105";"AREQUIPA";"AREQUIPA";"CHARACATO";"GOBIERNO REGIONAL";"I-3";"00001261";"CENTRO DE SALUD DE CHARACATO";"NE_0001";"";"NE_0001";"NE_0001";"NE_0001";"NE_0001";"NE_0001";"NE_0001";"NE_0001"
"2023";"05";"040116";"AREQUIPA";"AREQUIPA";"SABANDIA";"GOBIERNO REGIONAL";"I-2";"00001284";"PUESTO DE SALUD LEOPOLDO RONDON - SABANDIA";"NE_0001";"";"NE_0001";"NE_0001";"NE_0001";"NE_0001";"NE_0001";"NE_0001";"NE_0001"
"2023";"05";"130101";"LA LIBERTAD";"TRUJILLO";"TRUJILLO";"GOBIERNO REGIONAL";"II-1";"00005204";"HOSPITAL DE ESPECIALIDADES BASICAS LA NORIA";"241800";"HOSPITALIZACIÓN DE MEDICINA MEDICINA GENERAL ";"21";"18";"60";"70";"4";"124";"0"
"2023";"05";"130101";"LA LIBERTAD";"TRUJILLO";"TRUJILLO";"GOBIERNO REGIONAL";"II-1";"00005204";"HOSPITAL DE ESPECIALIDADES BASICAS LA NORIA";"243200";"HOSPITALIZACIÓN DE PEDIATRÍA PEDIATRIA NEONATOLOGÍA";"1";"3";"10";"10";"4";"124";"0"
"2023";"05";"130101";"LA LIBERTAD";"TRUJILLO";"TRUJILLO";"GOBIERNO REGIONAL";"II-1";"00005204";"HOSPITAL DE ESPECIALIDADES BASICAS LA NORIA";"241400";"HOSPITALIZACIÓN QUIRÚRGICA GINECO - OBSTETRICIA ";"25";"25";"25";"28";"5";"155";"0"
"2023";"05";"130101";"LA LIBERTAD";"TRUJILLO";"TRUJILLO";"GOBIERNO REGIONAL";"II-1";"00005204";"HOSPITAL DE ESPECIALIDADES BASICAS LA NORIA";"241600";"HOSPITALIZACIÓN QUIRÚRGICA OBSTETRICIA   ";"34";"32";"41";"43";"8";"124";"0"
"2023";"05";"080202";"CUSCO";"ACOMAYO";"ACOPIA";"GOBIERNO REGIONAL";"I-1";"00002318";"ACOPIA";"NE_0002";"";"NE_0002";"NE_0002";"NE_0002";"NE_0002";"NE_0002";"NE_0002";"NE_0002"
"2023";"05";"080203";"CUSCO";"ACOMAYO";"ACOS";"GOBIERNO REGIONAL";"I-1";"00002319";"ACOS";"NE_0002";"";"NE_0002";"NE_0002";"NE_0002";"NE_0002";"NE_0002";"NE_0002";"NE_0002"
"2023";"05";"080205";"CUSCO";"ACOMAYO";"POMACANCHI";"GOBIERNO REGIONAL";"I-1";"00012926";"SANTA LUCIA";"NE_0002";"";"NE_0002";"NE_0002";"NE_0002";"NE_0002";"NE_0002";"NE_0002";"NE_0002"
"2023";"05";"120114";"JUNIN";"HUANCAYO";"EL TAMBO";"PRIVADO";"II-E";"00028966";"CLÍNICA ESPECIALIZADA MIRANDA";"241200";"HOSPITALIZACIÓN QUIRÚRGICA TRAUMATOLOGÍA Y ORTOPEDIA ";"10";"10";"10";"20";"9";"20";"0"
"2023";"05";"120114";"JUNIN";"HUANCAYO";"EL TAMBO";"PRIVADO";"II-E";"00028966";"CLÍNICA ESPECIALIZADA MIRANDA";"245400";"HOSPITALIZACIÓN DE MEDICINA GINECOLOGIA ";"4";"4";"4";"10";"9";"10";"0"
"2023";"05";"120114";"JUNIN";"HUANCAYO";"EL TAMBO";"PRIVADO";"II-E";"00028966";"CLÍNICA ESPECIALIZADA MIRANDA";"240100";"HOSPITALIZACIÓN QUIRÚRGICA CIRUGÍA GENERAL ";"34";"34";"34";"50";"9";"50";"0"
"2023";"05";"120114";"JUNIN";"HUANCAYO";"EL TAMBO";"PRIVADO";"II-E";"00028966";"CLÍNICA ESPECIALIZADA MIRANDA";"241300";"HOSPITALIZACIÓN QUIRÚRGICA UROLOGÍA  ";"2";"2";"2";"10";"9";"10";"0"
"2023";"05";"150117";"LIMA";"LIMA";"LOS OLIVOS";"PRIVADO";"II-E";"00013044";"MEGASALUD NARANJAL S.A.C.";"240000";"HOSPITALIZACIÓN";"24";"24";"58";"50";"3";"90";"0"
"2023";"05";"150135";"LIMA";"LIMA";"SAN MARTIN DE PORRES";"PRIVADO";"II-1";"00011241";"CLINICA SAN VICENTE S.A.";"240000";"HOSPITALIZACIÓN";"5";"10";"40";"50";"22";"660";"0"
"2023";"05";"061203";"CAJAMARCA";"SAN PABLO";"SAN LUIS";"GOBIERNO REGIONAL";"I-1";"00004585";"SAN LUIS BAJO - GRANDE";"NE_0001";"";"NE_0001";"NE_0001";"NE_0001";"NE_0001";"NE_0001";"NE_0001";"NE_0001"
"2023";"05";"061204";"CAJAMARCA";"SAN PABLO";"TUMBADEN";"GOBIERNO REGIONAL";"I-1";"00004582";"TUMBADEN ALTO";"NE_0001";"";"NE_0001";"NE_0001";"NE_0001";"NE_0001";"NE_0001";"NE_0001";"NE_0001"
"2023";"05";"061201";"CAJAMARCA";"SAN PABLO";"SAN PABLO";"GOBIERNO REGIONAL";"I-1";"00004586";"JANCOS";"NE_0001";"";"NE_0001";"NE_0001";"NE_0001";"NE_0001";"NE_0001";"NE_0001";"NE_0001"
"2023";"05";"061201";"CAJAMARCA";"SAN PABLO";"SAN PABLO";"GOBIERNO REGIONAL";"I-1";"00004611";"EL PATIÑO";"NE_0001";"";"NE_0001";"NE_0001";"NE_0001";"NE_0001";"NE_0001";"NE_0001";"NE_0001"
"2023";"05";"061204";"CAJAMARCA";"SAN PABLO";"TUMBADEN";"GOBIERNO REGIONAL";"I-2";"00004583";"TUMBADEN BAJO";"NE_0001";"";"NE_0001";"NE_0001";"NE_0001";"NE_0001";"NE_0001";"NE_0001";"NE_0001"
"2023";"05";"061201";"CAJAMARCA";"SAN PABLO";"SAN PABLO";"GOBIERNO REGIONAL";"I-2";"00004578";"CALLANCAS";"NE_0001";"";"NE_0001";"NE_0001";"NE_0001";"NE_0001";"NE_0001";"NE_0001";"NE_0001"
"2023";"05";"061201";"CAJAMARCA";"SAN PABLO";"SAN PABLO";"GOBIERNO REGIONAL";"I-4";"00004577";"SAN PABLO";"241800";"HOSPITALIZACIÓN DE MEDICINA MEDICINA GENERAL ";"4";"4";"10";"13";"3";"93";"0"
"2023";"05";"061201";"CAJAMARCA";"SAN PABLO";"SAN PABLO";"GOBIERNO REGIONAL";"I-4";"00004577";"SAN PABLO";"241600";"HOSPITALIZACIÓN QUIRÚRGICA OBSTETRICIA   ";"5";"5";"6";"8";"6";"186";"0"
"2023";"05";"061201";"CAJAMARCA";"SAN PABLO";"SAN PABLO";"GOBIERNO REGIONAL";"I-2";"00004581";"SANTA ROSA DE UNANCA";"NE_0001";"";"NE_0001";"NE_0001";"NE_0001";"NE_0001";"NE_0001";"NE_0001";"NE_0001"
"2023";"05";"061202";"CAJAMARCA";"SAN PABLO";"SAN BERNARDINO";"GOBIERNO REGIONAL";"I-1";"00004579";"POLAN";"NE_0001";"";"NE_0001";"NE_0001";"NE_0001";"NE_0001";"NE_0001";"NE_0001";"NE_0001"
"2023";"05";"120701";"JUNIN";"TARMA";"TARMA";"GOBIERNO REGIONAL";"I-1";"00000590";"MISARURASHA";"NE_0001";"";"NE_0001";"NE_0001";"NE_0001";"NE_0001";"NE_0001";"NE_0001";"NE_0001"
"2023";"05";"120701";"JUNIN";"TARMA";"TARMA";"GOBIERNO REGIONAL";"I-1";"00000585";"COCHAS";"NE_0001";"";"NE_0001";"NE_0001";"NE_0001";"NE_0001";"NE_0001";"NE_0001";"NE_0001"
"2023";"05";"140101";"LAMBAYEQUE";"CHICLAYO";"CHICLAYO";"PRIVADO";"II-E";"00026706";"CLINICA UNION SAC.";"240900";"HOSPITALIZACIÓN QUIRÚRGICA NEUROCIRUGÍA ";"4";"4";"15";"20";"1";"30";"0"
"2023";"05";"140101";"LAMBAYEQUE";"CHICLAYO";"CHICLAYO";"PRIVADO";"II-E";"00026706";"CLINICA UNION SAC.";"241900";"HOSPITALIZACIÓN DE MEDICINA MEDICINA INTERNA ";"1";"1";"5";"6";"1";"12";"0"
"2023";"05";"150113";"LIMA";"LIMA";"JESUS MARIA";"ESSALUD";"III-E";"00018011";"INSTITUTO NACIONAL CARDIOVASCULAR CARLOS ALBERTO PESCHIERA CARRILLO – INCOR –ESSALUD";"244000";"HOSPITALIZACIÓN DE MEDICINA CARDIOLOGIA ";"92";"74";"591";"828";"28";"868";"5"
"2023";"05";"150113";"LIMA";"LIMA";"JESUS MARIA";"ESSALUD";"III-E";"00018011";"INSTITUTO NACIONAL CARDIOVASCULAR CARLOS ALBERTO PESCHIERA CARRILLO – INCOR –ESSALUD";"244000";"HOSPITALIZACIÓN DE MEDICINA CARDIOLOGIA ";"172";"168";"221";"106";"9";"216";"0"
"2023";"05";"150113";"LIMA";"LIMA";"JESUS MARIA";"ESSALUD";"III-E";"00018011";"INSTITUTO NACIONAL CARDIOVASCULAR CARLOS ALBERTO PESCHIERA CARRILLO – INCOR –ESSALUD";"242600";"HOSPITALIZACIÓN DE PEDIATRÍA PEDIATRIA CARDIOLOGÍA PEDIÁTRICA";"112";"97";"1361";"890";"35";"1092";"3"
"2023";"05";"150113";"LIMA";"LIMA";"JESUS MARIA";"ESSALUD";"III-E";"00018011";"INSTITUTO NACIONAL CARDIOVASCULAR CARLOS ALBERTO PESCHIERA CARRILLO – INCOR –ESSALUD";"240400";"HOSPITALIZACIÓN QUIRÚRGICA CIRUGÍA DE TÓRAX Y CARDIOVASCULAR ";"36";"51";"2613";"1089";"39";"1186";"5"
"2023";"05";"021201";"ANCASH";"HUAYLAS";"CARAZ";"GOBIERNO REGIONAL";"II-1";"00001587";"HOSPITAL DE APOYO CARAZ";"241800";"HOSPITALIZACIÓN DE MEDICINA MEDICINA GENERAL ";"34";"33";"142";"142";"16";"480";"3"
"2023";"05";"021201";"ANCASH";"HUAYLAS";"CARAZ";"GOBIERNO REGIONAL";"II-1";"00001587";"HOSPITAL DE APOYO CARAZ";"240100";"HOSPITALIZACIÓN QUIRÚRGICA CIRUGÍA GENERAL ";"29";"28";"101";"102";"6";"180";"0"
"2023";"05";"021201";"ANCASH";"HUAYLAS";"CARAZ";"GOBIERNO REGIONAL";"II-1";"00001587";"HOSPITAL DE APOYO CARAZ";"242500";"HOSPITALIZACIÓN-PEDIATRÍA GENERAL-";"30";"33";"136";"132";"9";"270";"0"
"2023";"05";"021201";"ANCASH";"HUAYLAS";"CARAZ";"GOBIERNO REGIONAL";"II-1";"00001587";"HOSPITAL DE APOYO CARAZ";"241600";"HOSPITALIZACIÓN QUIRÚRGICA OBSTETRICIA   ";"42";"44";"75";"75";"6";"180";"0"
"2023";"05";"021201";"ANCASH";"HUAYLAS";"CARAZ";"GOBIERNO REGIONAL";"II-1";"00001587";"HOSPITAL DE APOYO CARAZ";"241500";"HOSPITALIZACIÓN QUIRÚRGICA GINECOLOGÍA  ";"70";"75";"146";"135";"6";"180";"0"
"2023";"05";"150131";"LIMA";"LIMA";"SAN ISIDRO";"PRIVADO";"II-E";"00010739";"CLINICA OFTALMOLOGICA WONG";"NE_0001";"";"NE_0001";"NE_0001";"NE_0001";"NE_0001";"NE_0001";"NE_0001";"NE_0001"
"2023";"05";"250201";"UCAYALI";"ATALAYA";"RAIMONDI";"ESSALUD";"I-3";"00031879";"CENTRO MEDICO DE  ATALAYA - ESSALUD";"NE_0001";"";"NE_0001";"NE_0001";"NE_0001";"NE_0001";"NE_0001";"NE_0001";"NE_0001"
"2023";"05";"140101";"LAMBAYEQUE";"CHICLAYO";"CHICLAYO";"PRIVADO";"II-E";"00008730";"BM CLINICA";"240000";"HOSPITALIZACIÓN";"36";"36";"75";"36";"10";"310";"2"
"2023";"05";"070102";"CALLAO";"CALLAO";"BELLAVISTA";"GOBIERNO REGIONAL";"III-1";"00006218";"NAC. DANIEL A. CARRION";"250200";"UNIDAD DE CUIDADOS CRITICOS UNIDAD DE CUIDADOS INTERMEDIOS GENERAL  (UCIN) ";"10";"5";"103";"240";"8";"248";"4"
"2023";"05";"070102";"CALLAO";"CALLAO";"BELLAVISTA";"GOBIERNO REGIONAL";"III-1";"00006218";"NAC. DANIEL A. CARRION";"242100";"HOSPITALIZACIÓN DE MEDICINA ONCOLOGÍA MÉDICA ";"39";"44";"558";"466";"20";"609";"3"
"2023";"05";"070102";"CALLAO";"CALLAO";"BELLAVISTA";"GOBIERNO REGIONAL";"III-1";"00006218";"NAC. DANIEL A. CARRION";"250108";"UNIDAD DE CUIDADOS CRITICOS UNIDAD  DE CUIDADOS INTENSIVOS  (UCI) PEDIÁTRICA";"6";"2";"18";"154";"6";"186";"1"
"2023";"05";"110101";"ICA";"ICA";"ICA";"PRIVADO";"II-1";"00018450";"CLÍNICA S. MORALES S.R.L";"241200";"HOSPITALIZACIÓN QUIRÚRGICA TRAUMATOLOGÍA Y ORTOPEDIA ";"26";"26";"39";"26";"6";"186";"0"
"2023";"05";"040125";"AREQUIPA";"AREQUIPA";"VITOR";"GOBIERNO REGIONAL";"I-3";"00001324";"CENTRO DE SALUD VITOR";"NE_0001";"";"NE_0001";"NE_0001";"NE_0001";"NE_0001";"NE_0001";"NE_0001";"NE_0001"
"2023";"05";"040121";"AREQUIPA";"AREQUIPA";"SANTA RITA DE SIHUAS";"GOBIERNO REGIONAL";"I-3";"00001335";"CENTRO  DE SALUD SANTA RITA DE SIGUAS";"NE_0001";"";"NE_0001";"NE_0001";"NE_0001";"NE_0001";"NE_0001";"NE_0001";"NE_0001"
"2023";"05";"040125";"AREQUIPA";"AREQUIPA";"VITOR";"GOBIERNO REGIONAL";"I-2";"00001334";"PUESTO DE SALUD YURAMAYO";"NE_0001";"";"NE_0001";"NE_0001";"NE_0001";"NE_0001";"NE_0001";"NE_0001";"NE_0001"
"2023";"05";"150108";"LIMA";"LIMA";"CHORRILLOS";"PRIVADO";"II-1";"00011950";"CLINICA CHORRILLOS";"NE_0002";"";"NE_0002";"NE_0002";"NE_0002";"NE_0002";"NE_0002";"NE_0002";"NE_0002"
"2023";"05";"070106";"CALLAO";"CALLAO";"VENTANILLA";"PRIVADO";"II-E";"00009917";"CLINICA CARRION";"NE_0002";"";"NE_0002";"NE_0002";"NE_0002";"NE_0002";"NE_0002";"NE_0002";"NE_0002"
"2023";"05";"022001";"ANCASH";"YUNGAY";"YUNGAY";"GOBIERNO REGIONAL";"II-1";"00001633";"HOSPITAL DE APOYO YUNGAY";"241800";"HOSPITALIZACIÓN DE MEDICINA MEDICINA GENERAL ";"14";"11";"41";"48";"9";"279";"0"
"2023";"05";"022001";"ANCASH";"YUNGAY";"YUNGAY";"GOBIERNO REGIONAL";"II-1";"00001633";"HOSPITAL DE APOYO YUNGAY";"240100";"HOSPITALIZACIÓN QUIRÚRGICA CIRUGÍA GENERAL ";"2";"1";"6";"7";"6";"186";"0"
"2023";"05";"022001";"ANCASH";"YUNGAY";"YUNGAY";"GOBIERNO REGIONAL";"II-1";"00001633";"HOSPITAL DE APOYO YUNGAY";"242500";"HOSPITALIZACIÓN-PEDIATRÍA GENERAL-";"13";"13";"53";"55";"4";"124";"0"
"2023";"05";"022001";"ANCASH";"YUNGAY";"YUNGAY";"GOBIERNO REGIONAL";"II-1";"00001633";"HOSPITAL DE APOYO YUNGAY";"241600";"HOSPITALIZACIÓN QUIRÚRGICA OBSTETRICIA   ";"42";"47";"84";"78";"6";"186";"0"
"2023";"05";"022001";"ANCASH";"YUNGAY";"YUNGAY";"GOBIERNO REGIONAL";"II-1";"00001633";"HOSPITAL DE APOYO YUNGAY";"241500";"HOSPITALIZACIÓN QUIRÚRGICA GINECOLOGÍA  ";"0";"1";"4";"2";"3";"93";"0"
"2023";"05";"130101";"LA LIBERTAD";"TRUJILLO";"TRUJILLO";"PRIVADO";"II-E";"00021508";"SMQ QUIRUMEDIC SAC";"240000";"HOSPITALIZACIÓN";"252";"250";"250";"250";"15";"504";"0"
"2023";"05";"150101";"LIMA";"LIMA";"LIMA";"PRIVADO";"II-E";"00025804";"OPERO SCRL";"NE_0001";"";"NE_0001";"NE_0001";"NE_0001";"NE_0001";"NE_0001";"NE_0001";"NE_0001"
"2023";"05";"150110";"LIMA";"LIMA";"COMAS";"PRIVADO";"II-E";"00025598";"CLINICA MATER PURISSIMA";"241400";"HOSPITALIZACIÓN QUIRÚRGICA GINECO - OBSTETRICIA ";"14";"15";"26";"26";"8";"248";"0"
"2023";"03";"110507";"ICA";"PISCO";"SAN CLEMENTE";"ESSALUD";"I-3";"00027769";"CAP I SAN CLEMENTE";"NE_0001";"";"NE_0001";"NE_0001";"NE_0001";"NE_0001";"NE_0001";"NE_0001";"NE_0001"
"2023";"03";"120427";"JUNIN";"JAUJA";"RICRAN";"GOBIERNO REGIONAL";"I-1";"00000421";"APAYCANCHA";"NE_0001";"";"NE_0001";"NE_0001";"NE_0001";"NE_0001";"NE_0001";"NE_0001";"NE_0001"
"2023";"03";"120424";"JUNIN";"JAUJA";"PANCAN";"GOBIERNO REGIONAL";"I-1";"00000417";"PANCAN";"NE_0001";"";"NE_0001";"NE_0001";"NE_0001";"NE_0001";"NE_0001";"NE_0001";"NE_0001"
"2023";"03";"120424";"JUNIN";"JAUJA";"PANCAN";"GOBIERNO REGIONAL";"I-1";"00000418";"HUASQUICHA";"NE_0001";"";"NE_0001";"NE_0001";"NE_0001";"NE_0001";"NE_0001";"NE_0001";"NE_0001"
"2023";"03";"120433";"JUNIN";"JAUJA";"YAULI";"GOBIERNO REGIONAL";"I-2";"00000423";"YAULI - JAUJA";"NE_0001";"";"NE_0001";"NE_0001";"NE_0001";"NE_0001";"NE_0001";"NE_0001";"NE_0001"
"2023";"03";"120427";"JUNIN";"JAUJA";"RICRAN";"GOBIERNO REGIONAL";"I-2";"00000419";"RICRAN";"NE_0001";"";"NE_0001";"NE_0001";"NE_0001";"NE_0001";"NE_0001";"NE_0001";"NE_0001"
"2023";"03";"120429";"JUNIN";"JAUJA";"SAN PEDRO DE CHUNAN";"GOBIERNO REGIONAL";"I-1";"00000422";"SAN PEDRO DE CHUNAN";"NE_0001";"";"NE_0001";"NE_0001";"NE_0001";"NE_0001";"NE_0001";"NE_0001";"NE_0001"
"2023";"03";"220601";"SAN MARTIN";"MARISCAL CACERES";"JUANJUI";"GOBIERNO REGIONAL";"II-E";"00006919";"HOSPITAL II-E JUANJUI - MC LUIS IZQUIERDO VÁSQUEZ";"240100";"HOSPITALIZACIÓN QUIRÚRGICA CIRUGÍA GENERAL ";"34";"34";"79";"79";"5";"155";"0"
"2023";"03";"220601";"SAN MARTIN";"MARISCAL CACERES";"JUANJUI";"GOBIERNO REGIONAL";"II-E";"00006919";"HOSPITAL II-E JUANJUI - MC LUIS IZQUIERDO VÁSQUEZ";"241500";"HOSPITALIZACIÓN QUIRÚRGICA GINECOLOGÍA  ";"89";"99";"207";"207";"7";"217";"0"
"2023";"03";"220601";"SAN MARTIN";"MARISCAL CACERES";"JUANJUI";"GOBIERNO REGIONAL";"II-E";"00006919";"HOSPITAL II-E JUANJUI - MC LUIS IZQUIERDO VÁSQUEZ";"241600";"HOSPITALIZACIÓN QUIRÚRGICA OBSTETRICIA   ";"54";"57";"74";"74";"10";"310";"0"
"2023";"03";"220601";"SAN MARTIN";"MARISCAL CACERES";"JUANJUI";"GOBIERNO REGIONAL";"II-E";"00006919";"HOSPITAL II-E JUANJUI - MC LUIS IZQUIERDO VÁSQUEZ";"241800";"HOSPITALIZACIÓN DE MEDICINA MEDICINA GENERAL ";"63";"75";"232";"232";"16";"496";"1"
"2023";"03";"220601";"SAN MARTIN";"MARISCAL CACERES";"JUANJUI";"GOBIERNO REGIONAL";"II-E";"00006919";"HOSPITAL II-E JUANJUI - MC LUIS IZQUIERDO VÁSQUEZ";"242500";"HOSPITALIZACIÓN-PEDIATRÍA GENERAL-";"24";"26";"76";"76";"6";"186";"0"
"2023";"03";"150130";"LIMA";"LIMA";"SAN BORJA";"PRIVADO";"II-E";"00015934";"CENTRO DE CIRUGÍA ESTÉTICA LAS CONDES";"240800";"HOSPITALIZACIÓN QUIRÚRGICA CIRUGÍA PLÁSTICA/RECONSTRUCTIVA/ REPARADORA ";"154";"154";"106";"188";"9";"186";"0"
"2023";"03";"110201";"ICA";"CHINCHA";"CHINCHA ALTA";"PRIVADO";"II-E";"00025160";"CLIN. DANIEL A. CARRION";"NE_0001";"";"NE_0001";"NE_0001";"NE_0001";"NE_0001";"NE_0001";"NE_0001";"NE_0001"
"2023";"03";"150141";"LIMA";"LIMA";"SURQUILLO";"PRIVADO";"II-E";"00012206";"DETECTA CLINICA";"240000";"HOSPITALIZACIÓN";"153";"41";"70";"138";"11";"330";"0"
"2023";"03";"120703";"JUNIN";"TARMA";"HUARICOLCA";"GOBIERNO REGIONAL";"I-2";"00000595";"HUARICOLCA";"NE_0001";"";"NE_0001";"NE_0001";"NE_0001";"NE_0001";"NE_0001";"NE_0001";"NE_0001"
"2023";"03";"120703";"JUNIN";"TARMA";"HUARICOLCA";"GOBIERNO REGIONAL";"I-1";"00000596";"APAYCANCHILLA";"NE_0001";"";"NE_0001";"NE_0001";"NE_0001";"NE_0001";"NE_0001";"NE_0001";"NE_0001"
"2023";"03";"120703";"JUNIN";"TARMA";"HUARICOLCA";"GOBIERNO REGIONAL";"I-1";"00000568";"CONGAS ANTACUCHO";"NE_0001";"";"NE_0001";"NE_0001";"NE_0001";"NE_0001";"NE_0001";"NE_0001";"NE_0001"
"2023";"03";"200101";"PIURA";"PIURA";"PIURA";"ESSALUD";"I-3";"00012235";"CENTRO DE ATENCIÓN PRIMARIA CAP III METROPOLITANO- ESSALUD";"NE_0001";"";"NE_0001";"NE_0001";"NE_0001";"NE_0001";"NE_0001";"NE_0001";"NE_0001"
"2023";"04";"211301";"PUNO";"YUNGUYO";"YUNGUYO";"ESSALUD";"I-3";"00009219";"YUNGUYO";"NE_0001";"";"NE_0001";"NE_0001";"NE_0001";"NE_0001";"NE_0001";"NE_0001";"NE_0001"
"2023";"04";"021801";"ANCASH";"SANTA";"CHIMBOTE";"PRIVADO";"II-1";"00013164";"CLINICA SANTA MARIA DE CHIMBOTE S.A.C.";"240100";"HOSPITALIZACIÓN QUIRÚRGICA CIRUGÍA GENERAL ";"64";"61";"63";"80";"10";"247";"0"
"2023";"04";"021801";"ANCASH";"SANTA";"CHIMBOTE";"PRIVADO";"II-1";"00013164";"CLINICA SANTA MARIA DE CHIMBOTE S.A.C.";"241400";"HOSPITALIZACIÓN QUIRÚRGICA GINECO - OBSTETRICIA ";"24";"19";"30";"62";"5";"83";"0"
"2023";"04";"120701";"JUNIN";"TARMA";"TARMA";"GOBIERNO REGIONAL";"II-2";"00000520";"DE APOYO FELIX MAYORCA SOTO";"241800";"HOSPITALIZACIÓN DE MEDICINA MEDICINA GENERAL ";"58";"52";"310";"323";"13";"390";"7"
"2023";"04";"120701";"JUNIN";"TARMA";"TARMA";"GOBIERNO REGIONAL";"II-2";"00000520";"DE APOYO FELIX MAYORCA SOTO";"250103";"UNIDAD DE CUIDADOS CRITICOS UNIDAD  DE CUIDADOS INTENSIVOS GENERALES  (UCI) MEDICINA";"4";"3";"18";"30";"2";"60";"2"
"2023";"04";"120701";"JUNIN";"TARMA";"TARMA";"GOBIERNO REGIONAL";"II-2";"00000520";"DE APOYO FELIX MAYORCA SOTO";"240100";"HOSPITALIZACIÓN QUIRÚRGICA CIRUGÍA GENERAL ";"70";"69";"259";"247";"11";"330";"0"
"2023";"04";"120701";"JUNIN";"TARMA";"TARMA";"GOBIERNO REGIONAL";"II-2";"00000520";"DE APOYO FELIX MAYORCA SOTO";"241200";"HOSPITALIZACIÓN QUIRÚRGICA TRAUMATOLOGÍA Y ORTOPEDIA ";"31";"35";"164";"130";"8";"240";"0"
"2023";"04";"120701";"JUNIN";"TARMA";"TARMA";"GOBIERNO REGIONAL";"II-2";"00000520";"DE APOYO FELIX MAYORCA SOTO";"243200";"HOSPITALIZACIÓN DE PEDIATRÍA PEDIATRIA NEONATOLOGÍA";"0";"4";"7";"13";"2";"60";"0"
"2023";"04";"120701";"JUNIN";"TARMA";"TARMA";"GOBIERNO REGIONAL";"II-2";"00000520";"DE APOYO FELIX MAYORCA SOTO";"250105";"UNIDAD DE CUIDADOS CRITICOS UNIDAD  DE CUIDADOS INTENSIVOS  (UCI) NEONATOLOGÍA";"12";"12";"52";"61";"3";"90";"0"
"2023";"04";"120701";"JUNIN";"TARMA";"TARMA";"GOBIERNO REGIONAL";"II-2";"00000520";"DE APOYO FELIX MAYORCA SOTO";"242500";"HOSPITALIZACIÓN-PEDIATRÍA GENERAL-";"20";"24";"146";"142";"6";"180";"0"
"2023";"04";"120701";"JUNIN";"TARMA";"TARMA";"GOBIERNO REGIONAL";"II-2";"00000520";"DE APOYO FELIX MAYORCA SOTO";"241400";"HOSPITALIZACIÓN QUIRÚRGICA GINECO - OBSTETRICIA ";"119";"122";"353";"343";"20";"600";"0"
"2023";"04";"150137";"LIMA";"LIMA";"SANTA ANITA";"ESSALUD";"II-E";"00010434";"ESSALUD - HOSPITAL IIE SAN ISIDRO LABRADOR";"241900";"HOSPITALIZACIÓN DE MEDICINA MEDICINA INTERNA ";"186";"196";"3990";"4113";"180";"5400";"30"
"2023";"04";"150137";"LIMA";"LIMA";"SANTA ANITA";"ESSALUD";"II-E";"00010434";"ESSALUD - HOSPITAL IIE SAN ISIDRO LABRADOR";"250200";"UNIDAD DE CUIDADOS CRITICOS UNIDAD DE CUIDADOS INTERMEDIOS GENERAL  (UCIN) ";"4";"5";"68";"178";"12";"360";"4"
"2023";"04";"150137";"LIMA";"LIMA";"SANTA ANITA";"ESSALUD";"II-E";"00010434";"ESSALUD - HOSPITAL IIE SAN ISIDRO LABRADOR";"250103";"UNIDAD DE CUIDADOS CRITICOS UNIDAD  DE CUIDADOS INTENSIVOS GENERALES  (UCI) MEDICINA";"3";"7";"100";"149";"8";"180";"6"
"2023";"04";"110108";"ICA";"ICA";"SALAS";"GOBIERNO REGIONAL";"I-3";"00003363";"GUADALUPE";"241600";"HOSPITALIZACIÓN QUIRÚRGICA OBSTETRICIA   ";"4";"4";"4";"1";"3";"90";"0"
"2023";"04";"110108";"ICA";"ICA";"SALAS";"GOBIERNO REGIONAL";"I-2";"00003384";"PAMPA DE VILLACURI";"NE_0001";"";"NE_0001";"NE_0001";"NE_0001";"NE_0001";"NE_0001";"NE_0001";"NE_0001"
"2023";"04";"110112";"ICA";"ICA";"SUBTANJALLA";"GOBIERNO REGIONAL";"I-3";"00003378";"LA ANGOSTURA";"NE_0001";"";"NE_0001";"NE_0001";"NE_0001";"NE_0001";"NE_0001";"NE_0001";"NE_0001"
"2023";"04";"110112";"ICA";"ICA";"SUBTANJALLA";"GOBIERNO REGIONAL";"I-2";"00003380";"YANQUIZA";"NE_0001";"";"NE_0001";"NE_0001";"NE_0001";"NE_0001";"NE_0001";"NE_0001";"NE_0001"
"2023";"04";"110108";"ICA";"ICA";"SALAS";"GOBIERNO REGIONAL";"I-2";"00003382";"COLLAZOS";"NE_0001";"";"NE_0001";"NE_0001";"NE_0001";"NE_0001";"NE_0001";"NE_0001";"NE_0001"
"2023";"04";"110112";"ICA";"ICA";"SUBTANJALLA";"GOBIERNO REGIONAL";"I-2";"00003379";"ARRABALES";"NE_0001";"";"NE_0001";"NE_0001";"NE_0001";"NE_0001";"NE_0001";"NE_0001";"NE_0001"
"2023";"04";"110108";"ICA";"ICA";"SALAS";"GOBIERNO REGIONAL";"I-2";"00003383";"CERRO PRIETO";"NE_0001";"";"NE_0001";"NE_0001";"NE_0001";"NE_0001";"NE_0001";"NE_0001";"NE_0001"
"2023";"04";"120909";"JUNIN";"CHUPACA";"YANACANCHA";"GOBIERNO REGIONAL";"I-2";"00000661";"YANACANCHA";"NE_0001";"";"NE_0001";"NE_0001";"NE_0001";"NE_0001";"NE_0001";"NE_0001";"NE_0001"
"2023";"04";"120907";"JUNIN";"CHUPACA";"SAN JUAN DE JARPA";"GOBIERNO REGIONAL";"I-3";"00000659";"SAN JUAN DE JARPA";"NE_0001";"";"NE_0001";"NE_0001";"NE_0001";"NE_0001";"NE_0001";"NE_0001";"NE_0001"
"2023";"04";"120909";"JUNIN";"CHUPACA";"YANACANCHA";"GOBIERNO REGIONAL";"I-1";"00000662";"SANTO DOMINGO DE CACHI";"NE_0001";"";"NE_0001";"NE_0001";"NE_0001";"NE_0001";"NE_0001";"NE_0001";"NE_0001"
"2023";"04";"120907";"JUNIN";"CHUPACA";"SAN JUAN DE JARPA";"GOBIERNO REGIONAL";"I-1";"00012470";"SHICUY";"NE_0001";"";"NE_0001";"NE_0001";"NE_0001";"NE_0001";"NE_0001";"NE_0001";"NE_0001"
"2023";"04";"220502";"SAN MARTIN";"LAMAS";"ALONSO DE ALVARADO";"GOBIERNO REGIONAL";"I-3";"00006348";"ROQUE";"241600";"HOSPITALIZACIÓN QUIRÚRGICA OBSTETRICIA   ";"5";"5";"5";"30";"6";"30";"0"
"2023";"04";"220502";"SAN MARTIN";"LAMAS";"ALONSO DE ALVARADO";"GOBIERNO REGIONAL";"I-1";"00010516";"PORVENIR DEL NORTE";"NE_0001";"";"NE_0001";"NE_0001";"NE_0001";"NE_0001";"NE_0001";"NE_0001";"NE_0001"
"2023";"04";"220502";"SAN MARTIN";"LAMAS";"ALONSO DE ALVARADO";"GOBIERNO REGIONAL";"I-3";"00006348";"ROQUE";"241600";"HOSPITALIZACIÓN QUIRÚRGICA OBSTETRICIA   ";"5";"5";"5";"30";"6";"30";"0"
"2023";"04";"220502";"SAN MARTIN";"LAMAS";"ALONSO DE ALVARADO";"GOBIERNO REGIONAL";"I-1";"00007297";"ALAN GARCIA";"NE_0001";"";"NE_0001";"NE_0001";"NE_0001";"NE_0001";"NE_0001";"NE_0001";"NE_0001"
"2023";"04";"220506";"SAN MARTIN";"LAMAS";"PINTO RECODO";"GOBIERNO REGIONAL";"I-1";"00006343";"GOSEN";"NE_0001";"";"NE_0001";"NE_0001";"NE_0001";"NE_0001";"NE_0001";"NE_0001";"NE_0001"
"2023";"04";"220506";"SAN MARTIN";"LAMAS";"PINTO RECODO";"GOBIERNO REGIONAL";"I-1";"00006344";"LA LIBERTAD BAJO MAYO";"NE_0001";"";"NE_0001";"NE_0001";"NE_0001";"NE_0001";"NE_0001";"NE_0001";"NE_0001"
"2023";"04";"220506";"SAN MARTIN";"LAMAS";"PINTO RECODO";"GOBIERNO REGIONAL";"I-1";"00006347";"VENCEDOR";"NE_0001";"";"NE_0001";"NE_0001";"NE_0001";"NE_0001";"NE_0001";"NE_0001";"NE_0001"
"2023";"04";"220502";"SAN MARTIN";"LAMAS";"ALONSO DE ALVARADO";"GOBIERNO REGIONAL";"I-3";"00006350";"PACAYZAPA";"NE_0002";"";"NE_0002";"NE_0002";"NE_0002";"NE_0002";"NE_0002";"NE_0002";"NE_0002"
"2023";"04";"220506";"SAN MARTIN";"LAMAS";"PINTO RECODO";"GOBIERNO REGIONAL";"I-1";"00006342";"BETANIA";"NE_0001";"";"NE_0001";"NE_0001";"NE_0001";"NE_0001";"NE_0001";"NE_0001";"NE_0001"
"2023";"04";"220502";"SAN MARTIN";"LAMAS";"ALONSO DE ALVARADO";"GOBIERNO REGIONAL";"I-1";"00006351";"SAN JUAN DE PACAYZAPA";"NE_0001";"";"NE_0001";"NE_0001";"NE_0001";"NE_0001";"NE_0001";"NE_0001";"NE_0001"
"2023";"04";"060609";"CAJAMARCA";"CUTERVO";"SAN JUAN DE CUTERVO";"GOBIERNO REGIONAL";"I-1";"00005030";"MUSUNGATE";"NE_0001";"";"NE_0001";"NE_0001";"NE_0001";"NE_0001";"NE_0001";"NE_0001";"NE_0001"
"2023";"04";"060605";"CAJAMARCA";"CUTERVO";"LA RAMADA";"GOBIERNO REGIONAL";"I-1";"00007179";"CHACRERIAS";"NE_0001";"";"NE_0001";"NE_0001";"NE_0001";"NE_0001";"NE_0001";"NE_0001";"NE_0001"
"2023";"04";"080907";"CUSCO";"LA CONVENCION";"KIMBIRI";"GOBIERNO REGIONAL";"II-E";"00002469";"SAN JUAN DE KIMBIRI-VRAEM";"240100";"HOSPITALIZACIÓN QUIRÚRGICA CIRUGÍA GENERAL ";"24";"24";"79";"79";"13";"248";"0"
"2023";"04";"080907";"CUSCO";"LA CONVENCION";"KIMBIRI";"GOBIERNO REGIONAL";"II-E";"00002469";"SAN JUAN DE KIMBIRI-VRAEM";"241400";"HOSPITALIZACIÓN QUIRÚRGICA GINECO - OBSTETRICIA ";"119";"128";"274";"213";"10";"308";"0"
"2023";"04";"080907";"CUSCO";"LA CONVENCION";"KIMBIRI";"GOBIERNO REGIONAL";"II-E";"00002469";"SAN JUAN DE KIMBIRI-VRAEM";"241800";"HOSPITALIZACIÓN DE MEDICINA MEDICINA GENERAL ";"30";"37";"205";"134";"5";"158";"0"
"2023";"04";"080907";"CUSCO";"LA CONVENCION";"KIMBIRI";"GOBIERNO REGIONAL";"II-E";"00002469";"SAN JUAN DE KIMBIRI-VRAEM";"242500";"HOSPITALIZACIÓN-PEDIATRÍA GENERAL-";"50";"58";"194";"191";"15";"372";"0"
"2023";"04";"150133";"LIMA";"LIMA";"SAN JUAN DE MIRAFLORES";"PRIVADO";"II-E";"00016794";"CLINICA DIVINO NIÑO JESUS - ORDEN DE MALTA";"240000";"HOSPITALIZACIÓN";"41";"41";"116";"404";"15";"450";"0"
"2023";"04";"090301";"HUANCAVELICA";"ANGARAES";"LIRCAY";"GOBIERNO REGIONAL";"II-1";"00003943";"HOSPITAL DE LIRCAY";"240100";"HOSPITALIZACIÓN QUIRÚRGICA CIRUGÍA GENERAL ";"5";"6";"27";"5";"6";"180";"0"
"2023";"04";"090301";"HUANCAVELICA";"ANGARAES";"LIRCAY";"GOBIERNO REGIONAL";"II-1";"00003943";"HOSPITAL DE LIRCAY";"245400";"HOSPITALIZACIÓN DE MEDICINA GINECOLOGIA ";"59";"61";"118";"59";"9";"270";"0"
"2023";"04";"090301";"HUANCAVELICA";"ANGARAES";"LIRCAY";"GOBIERNO REGIONAL";"II-1";"00003943";"HOSPITAL DE LIRCAY";"241800";"HOSPITALIZACIÓN DE MEDICINA MEDICINA GENERAL ";"17";"20";"98";"17";"26";"780";"0"
"2023";"04";"090301";"HUANCAVELICA";"ANGARAES";"LIRCAY";"GOBIERNO REGIONAL";"II-1";"00003943";"HOSPITAL DE LIRCAY";"242300";"HOSPITALIZACIÓN DE PEDIATRÍA  PEDIATRÍA  GENERAL ";"15";"17";"66";"15";"3";"90";"0"
"2023";"04";"030501";"APURIMAC";"COTABAMBAS";"TAMBOBAMBA";"GOBIERNO REGIONAL";"II-1";"00002625";"TAMBOBAMBA";"241400";"HOSPITALIZACIÓN QUIRÚRGICA GINECO - OBSTETRICIA ";"40";"40";"100";"40";"4";"48";"0"
"2023";"04";"030501";"APURIMAC";"COTABAMBAS";"TAMBOBAMBA";"GOBIERNO REGIONAL";"II-1";"00002625";"TAMBOBAMBA";"242300";"HOSPITALIZACIÓN DE PEDIATRÍA  PEDIATRÍA  GENERAL ";"1";"1";"4";"1";"4";"5";"0"
"2023";"04";"030501";"APURIMAC";"COTABAMBAS";"TAMBOBAMBA";"GOBIERNO REGIONAL";"II-1";"00002625";"TAMBOBAMBA";"241600";"HOSPITALIZACIÓN QUIRÚRGICA OBSTETRICIA   ";"2";"2";"4";"2";"2";"4";"0"
"2023";"04";"030501";"APURIMAC";"COTABAMBAS";"TAMBOBAMBA";"GOBIERNO REGIONAL";"II-1";"00002625";"TAMBOBAMBA";"241800";"HOSPITALIZACIÓN DE MEDICINA MEDICINA GENERAL ";"20";"20";"35";"20";"8";"100";"0"
"2023";"04";"150801";"LIMA";"HUAURA";"HUACHO";"PRIVADO";"II-1";"00010883";"CLINICA SAN PEDRO";"240100";"HOSPITALIZACIÓN QUIRÚRGICA CIRUGÍA GENERAL ";"32";"30";"36";"32";"2";"60";"0"
"2023";"04";"150801";"LIMA";"HUAURA";"HUACHO";"PRIVADO";"II-1";"00010883";"CLINICA SAN PEDRO";"240800";"HOSPITALIZACIÓN QUIRÚRGICA CIRUGÍA PLÁSTICA/RECONSTRUCTIVA/ REPARADORA ";"2";"2";"2";"2";"1";"30";"0"
"2023";"04";"150801";"LIMA";"HUAURA";"HUACHO";"PRIVADO";"II-1";"00010883";"CLINICA SAN PEDRO";"241500";"HOSPITALIZACIÓN QUIRÚRGICA GINECOLOGÍA  ";"14";"14";"17";"14";"4";"120";"0"
"2023";"04";"150801";"LIMA";"HUAURA";"HUACHO";"PRIVADO";"II-1";"00010883";"CLINICA SAN PEDRO";"241900";"HOSPITALIZACIÓN DE MEDICINA MEDICINA INTERNA ";"2";"1";"2";"2";"5";"150";"0"
"2023";"04";"150801";"LIMA";"HUAURA";"HUACHO";"PRIVADO";"II-1";"00010883";"CLINICA SAN PEDRO";"241200";"HOSPITALIZACIÓN QUIRÚRGICA TRAUMATOLOGÍA Y ORTOPEDIA ";"47";"46";"38";"37";"2";"60";"0"
"2023";"04";"150801";"LIMA";"HUAURA";"HUACHO";"PRIVADO";"II-1";"00010883";"CLINICA SAN PEDRO";"241300";"HOSPITALIZACIÓN QUIRÚRGICA UROLOGÍA  ";"1";"1";"0";"1";"1";"30";"0"
"2023";"04";"150801";"LIMA";"HUAURA";"HUACHO";"PRIVADO";"II-1";"00010883";"CLINICA SAN PEDRO";"240400";"HOSPITALIZACIÓN QUIRÚRGICA CIRUGÍA DE TÓRAX Y CARDIOVASCULAR ";"1";"1";"1";"1";"1";"30";"0"
"2023";"04";"050113";"AYACUCHO";"HUAMANGA";"TAMBILLO";"GOBIERNO REGIONAL";"I-1";"00003550";"PUESTO DE SALUD NIÑO  YUCAY";"NE_0002";"";"NE_0002";"NE_0002";"NE_0002";"NE_0002";"NE_0002";"NE_0002";"NE_0002"
"2023";"04";"050113";"AYACUCHO";"HUAMANGA";"TAMBILLO";"GOBIERNO REGIONAL";"I-2";"00003610";"PUESTO DE SALUD MUYURINA";"NE_0002";"";"NE_0002";"NE_0002";"NE_0002";"NE_0002";"NE_0002";"NE_0002";"NE_0002"
"2023";"04";"050101";"AYACUCHO";"HUAMANGA";"AYACUCHO";"GOBIERNO REGIONAL";"I-3";"00003606";"CENTRO DE SALUD SIMPAPATA";"NE_0002";"";"NE_0002";"NE_0002";"NE_0002";"NE_0002";"NE_0002";"NE_0002";"NE_0002"
"2023";"04";"050107";"AYACUCHO";"HUAMANGA";"PACAYCASA";"GOBIERNO REGIONAL";"I-2";"00003609";"PUESTO DE SALUD PACAYCASA";"NE_0002";"";"NE_0002";"NE_0002";"NE_0002";"NE_0002";"NE_0002";"NE_0002";"NE_0002"
"2023";"04";"050107";"AYACUCHO";"HUAMANGA";"PACAYCASA";"GOBIERNO REGIONAL";"I-1";"00003608";"PUESTO DE SALUD LA COMPAÑIA";"NE_0002";"";"NE_0002";"NE_0002";"NE_0002";"NE_0002";"NE_0002";"NE_0002";"NE_0002"
"2023";"04";"050111";"AYACUCHO";"HUAMANGA";"SANTIAGO DE PISCHA";"GOBIERNO REGIONAL";"I-1";"00003613";"PUESTO DE SALUD ATACOCHA";"NE_0002";"";"NE_0002";"NE_0002";"NE_0002";"NE_0002";"NE_0002";"NE_0002";"NE_0002"
"2023";"04";"050111";"AYACUCHO";"HUAMANGA";"SANTIAGO DE PISCHA";"GOBIERNO REGIONAL";"I-1";"00003611";"PUESTO DE SALUD SANTIAGO DE PISCHA";"NE_0002";"";"NE_0002";"NE_0002";"NE_0002";"NE_0002";"NE_0002";"NE_0002";"NE_0002"
"2023";"04";"050111";"AYACUCHO";"HUAMANGA";"SANTIAGO DE PISCHA";"GOBIERNO REGIONAL";"I-1";"00003612";"PUESTO DE SALUD LARAMATE";"NE_0002";"";"NE_0002";"NE_0002";"NE_0002";"NE_0002";"NE_0002";"NE_0002";"NE_0002"
"2023";"04";"080913";"CUSCO";"LA CONVENCION";"VILLA KINTIARINA";"GOBIERNO REGIONAL";"I-3";"00002488";"VILLA KINTIARINA";"NE_0001";"";"NE_0001";"NE_0001";"NE_0001";"NE_0001";"NE_0001";"NE_0001";"NE_0001"
"2023";"04";"080907";"CUSCO";"LA CONVENCION";"KIMBIRI";"GOBIERNO REGIONAL";"I-2";"00002472";"MAPITUNARI";"NE_0001";"";"NE_0001";"NE_0001";"NE_0001";"NE_0001";"NE_0001";"NE_0001";"NE_0001"
"2023";"04";"080907";"CUSCO";"LA CONVENCION";"KIMBIRI";"GOBIERNO REGIONAL";"I-2";"00002475";"KIMBIRI ALTO";"NE_0001";"";"NE_0001";"NE_0001";"NE_0001";"NE_0001";"NE_0001";"NE_0001";"NE_0001"
"2023";"04";"080912";"CUSCO";"LA CONVENCION";"VILLA VIRGEN";"GOBIERNO REGIONAL";"I-2";"00002479";"VILLA VIRGEN";"NE_0001";"";"NE_0001";"NE_0001";"NE_0001";"NE_0001";"NE_0001";"NE_0001";"NE_0001"
"2023";"04";"080907";"CUSCO";"LA CONVENCION";"KIMBIRI";"GOBIERNO REGIONAL";"I-1";"00002473";"UNION ROSALES";"NE_0001";"";"NE_0001";"NE_0001";"NE_0001";"NE_0001";"NE_0001";"NE_0001";"NE_0001"
"2023";"04";"080907";"CUSCO";"LA CONVENCION";"KIMBIRI";"GOBIERNO REGIONAL";"I-2";"00002474";"SAMANIATO";"NE_0001";"";"NE_0001";"NE_0001";"NE_0001";"NE_0001";"NE_0001";"NE_0001";"NE_0001"
"2023";"04";"080907";"CUSCO";"LA CONVENCION";"KIMBIRI";"GOBIERNO REGIONAL";"I-1";"00008284";"MANITEA ALTA";"NE_0001";"";"NE_0001";"NE_0001";"NE_0001";"NE_0001";"NE_0001";"NE_0001";"NE_0001"
"2023";"04";"080907";"CUSCO";"LA CONVENCION";"KIMBIRI";"GOBIERNO REGIONAL";"I-2";"00008285";"ANGELES";"NE_0001";"";"NE_0001";"NE_0001";"NE_0001";"NE_0001";"NE_0001";"NE_0001";"NE_0001"
"2023";"04";"020105";"ANCASH";"HUARAZ";"INDEPENDENCIA";"GOBIERNO REGIONAL";"I-3";"00028701";"CENTRO DE SALUD MENTAL COMUNITARIO ""ALLY WARAQ""";"NE_0001";"";"NE_0001";"NE_0001";"NE_0001";"NE_0001";"NE_0001";"NE_0001";"NE_0001"
"2023";"04";"020105";"ANCASH";"HUARAZ";"INDEPENDENCIA";"PRIVADO";"II-1";"00012671";"CLINICA SAN PABLO SEDE HUARAZ";"250100";"UNIDAD DE CUIDADOS CRITICOS UNIDAD  DE CUIDADOS INTENSIVOS GENERALES (UCI) ";"5";"5";"12";"16";"5";"150";"0"
"2023";"04";"020105";"ANCASH";"HUARAZ";"INDEPENDENCIA";"PRIVADO";"II-1";"00012671";"CLINICA SAN PABLO SEDE HUARAZ";"240000";"HOSPITALIZACIÓN";"128";"135";"327";"433";"24";"720";"0"
"2023";"04";"040103";"AREQUIPA";"AREQUIPA";"CAYMA";"PRIVADO";"II-1";"00015730";"CLINICA SAN JUAN DE DIOS";"240000";"HOSPITALIZACIÓN";"480";"497";"1742";"1656";"81";"2430";"3"
"2023";"04";"120201";"JUNIN";"CONCEPCION";"CONCEPCION";"GOBIERNO REGIONAL";"II-E";"00027857";"INSTITUTO REGIONAL DE ENFERMEDADES NEOPLÁSICAS DEL CENTRO - IREN CENTRO";"242100";"HOSPITALIZACIÓN DE MEDICINA ONCOLOGÍA MÉDICA ";"137";"139";"636";"668";"25";"750";"11"
"2023";"04";"120201";"JUNIN";"CONCEPCION";"CONCEPCION";"GOBIERNO REGIONAL";"II-E";"00027857";"INSTITUTO REGIONAL DE ENFERMEDADES NEOPLÁSICAS DEL CENTRO - IREN CENTRO";"241000";"HOSPITALIZACIÓN QUIRÚRGICA ONCOLOGÍA QUIRÚRGICA  ";"103";"100";"562";"504";"20";"600";"4"
"2023";"04";"120201";"JUNIN";"CONCEPCION";"CONCEPCION";"GOBIERNO REGIONAL";"II-E";"00027857";"INSTITUTO REGIONAL DE ENFERMEDADES NEOPLÁSICAS DEL CENTRO - IREN CENTRO";"250100";"UNIDAD DE CUIDADOS CRITICOS UNIDAD  DE CUIDADOS INTENSIVOS GENERALES (UCI) ";"8";"9";"43";"59";"6";"180";"2"
"2023";"04";"120201";"JUNIN";"CONCEPCION";"CONCEPCION";"GOBIERNO REGIONAL";"II-E";"00027857";"INSTITUTO REGIONAL DE ENFERMEDADES NEOPLÁSICAS DEL CENTRO - IREN CENTRO";"250200";"UNIDAD DE CUIDADOS CRITICOS UNIDAD DE CUIDADOS INTERMEDIOS GENERAL  (UCIN) ";"12";"12";"126";"82";"4";"120";"4"
"2023";"04";"160101";"LORETO";"MAYNAS";"IQUITOS";"PRIVADO";"II-1";"00012170";"SERVICIOS MEDICOS CLINICA SANTA ANITA SRL";"NE_0002";"";"NE_0002";"NE_0002";"NE_0002";"NE_0002";"NE_0002";"NE_0002";"NE_0002"
"2023";"04";"150105";"LIMA";"LIMA";"BREÑA";"PRIVADO";"II-E";"00015718";"CLINICA SAN MARCOS";"240000";"HOSPITALIZACIÓN";"106";"109";"184";"184";"23";"713";"0"
"2023";"04";"080501";"CUSCO";"CANAS";"YANAOCA";"GOBIERNO REGIONAL";"I-2";"00018241";"HAMPATURA";"NE_0001";"";"NE_0001";"NE_0001";"NE_0001";"NE_0001";"NE_0001";"NE_0001";"NE_0001"
"2023";"04";"080506";"CUSCO";"CANAS";"PAMPAMARCA";"GOBIERNO REGIONAL";"I-2";"00002372";"PAMPAMARCA";"NE_0001";"";"NE_0001";"NE_0001";"NE_0001";"NE_0001";"NE_0001";"NE_0001";"NE_0001"
"2023";"04";"080508";"CUSCO";"CANAS";"TUPAC AMARU";"GOBIERNO REGIONAL";"I-1";"00002375";"SURIMANA";"NE_0001";"";"NE_0001";"NE_0001";"NE_0001";"NE_0001";"NE_0001";"NE_0001";"NE_0001"
"2023";"04";"080507";"CUSCO";"CANAS";"QUEHUE";"GOBIERNO REGIONAL";"I-2";"00002373";"QUEHUE";"NE_0001";"";"NE_0001";"NE_0001";"NE_0001";"NE_0001";"NE_0001";"NE_0001";"NE_0001"
"2023";"04";"080501";"CUSCO";"CANAS";"YANAOCA";"GOBIERNO REGIONAL";"I-4";"00002364";"YANAOCA";"NE_0001";"";"NE_0001";"NE_0001";"NE_0001";"NE_0001";"NE_0001";"NE_0001";"NE_0001"
"2023";"04";"080508";"CUSCO";"CANAS";"TUPAC AMARU";"GOBIERNO REGIONAL";"I-2";"00002376";"TUNGASUCA";"NE_0001";"";"NE_0001";"NE_0001";"NE_0001";"NE_0001";"NE_0001";"NE_0001";"NE_0001"
"2023";"04";"080501";"CUSCO";"CANAS";"YANAOCA";"GOBIERNO REGIONAL";"I-2";"00002365";"PONGOÑA";"NE_0001";"";"NE_0001";"NE_0001";"NE_0001";"NE_0001";"NE_0001";"NE_0001";"NE_0001"
"2023";"04";"080507";"CUSCO";"CANAS";"QUEHUE";"GOBIERNO REGIONAL";"I-2";"00002374";"HUINCHIRI";"NE_0001";"";"NE_0001";"NE_0001";"NE_0001";"NE_0001";"NE_0001";"NE_0001";"NE_0001"
"2023";"04";"080508";"CUSCO";"CANAS";"TUPAC AMARU";"GOBIERNO REGIONAL";"I-1";"00002377";"TOCCOCCORI";"NE_0001";"";"NE_0001";"NE_0001";"NE_0001";"NE_0001";"NE_0001";"NE_0001";"NE_0001"
"2023";"04";"080906";"CUSCO";"LA CONVENCION";"QUELLOUNO";"GOBIERNO REGIONAL";"I-2";"00002466";"HUILLCAPAMPA";"NE_0001";"";"NE_0001";"NE_0001";"NE_0001";"NE_0001";"NE_0001";"NE_0001";"NE_0001"
"2023";"04";"080408";"CUSCO";"CALCA";"YANATILE";"GOBIERNO REGIONAL";"I-1";"00002363";"TUPAC AMARU QUELLOUNO";"NE_0001";"";"NE_0001";"NE_0001";"NE_0001";"NE_0001";"NE_0001";"NE_0001";"NE_0001"
"2023";"04";"080905";"CUSCO";"LA CONVENCION";"OCOBAMBA";"GOBIERNO REGIONAL";"I-1";"00002463";"CHINGANILLA";"NE_0001";"";"NE_0001";"NE_0001";"NE_0001";"NE_0001";"NE_0001";"NE_0001";"NE_0001"
"2023";"04";"080906";"CUSCO";"LA CONVENCION";"QUELLOUNO";"GOBIERNO REGIONAL";"I-1";"00008907";"MATORIATO";"NE_0001";"";"NE_0001";"NE_0001";"NE_0001";"NE_0001";"NE_0001";"NE_0001";"NE_0001"
"2023";"04";"080906";"CUSCO";"LA CONVENCION";"QUELLOUNO";"GOBIERNO REGIONAL";"I-2";"00008909";"CHAPO BOYERO";"NE_0001";"";"NE_0001";"NE_0001";"NE_0001";"NE_0001";"NE_0001";"NE_0001";"NE_0001"
"2023";"04";"080905";"CUSCO";"LA CONVENCION";"OCOBAMBA";"GOBIERNO REGIONAL";"I-3";"00002462";"OCCOBAMBA LACONVENCION";"NE_0001";"";"NE_0001";"NE_0001";"NE_0001";"NE_0001";"NE_0001";"NE_0001";"NE_0001"
"2023";"04";"080906";"CUSCO";"LA CONVENCION";"QUELLOUNO";"GOBIERNO REGIONAL";"I-1";"00008906";"ESTRELLA";"NE_0001";"";"NE_0001";"NE_0001";"NE_0001";"NE_0001";"NE_0001";"NE_0001";"NE_0001"
"2023";"04";"080906";"CUSCO";"LA CONVENCION";"QUELLOUNO";"GOBIERNO REGIONAL";"I-4";"00002465";"QUELLOUNO";"NE_0001";"";"NE_0001";"NE_0001";"NE_0001";"NE_0001";"NE_0001";"NE_0001";"NE_0001"
"2023";"04";"080906";"CUSCO";"LA CONVENCION";"QUELLOUNO";"GOBIERNO REGIONAL";"I-2";"00002468";"SAN MARTIN";"NE_0001";"";"NE_0001";"NE_0001";"NE_0001";"NE_0001";"NE_0001";"NE_0001";"NE_0001"
"2023";"04";"080906";"CUSCO";"LA CONVENCION";"QUELLOUNO";"GOBIERNO REGIONAL";"I-1";"00008908";"CHIRUMBIA";"NE_0001";"";"NE_0001";"NE_0001";"NE_0001";"NE_0001";"NE_0001";"NE_0001";"NE_0001"
"2023";"04";"080902";"CUSCO";"LA CONVENCION";"ECHARATE";"GOBIERNO REGIONAL";"I-2";"00002440";"PANGOA";"NE_0001";"";"NE_0001";"NE_0001";"NE_0001";"NE_0001";"NE_0001";"NE_0001";"NE_0001"
"2023";"04";"080902";"CUSCO";"LA CONVENCION";"ECHARATE";"GOBIERNO REGIONAL";"I-2";"00002431";"IVOCHOTE";"NE_0001";"";"NE_0001";"NE_0001";"NE_0001";"NE_0001";"NE_0001";"NE_0001";"NE_0001"
"2023";"04";"080902";"CUSCO";"LA CONVENCION";"ECHARATE";"GOBIERNO REGIONAL";"I-3";"00002432";"KEPASHIATO";"NE_0001";"";"NE_0001";"NE_0001";"NE_0001";"NE_0001";"NE_0001";"NE_0001";"NE_0001"
"2023";"04";"080909";"CUSCO";"LA CONVENCION";"VILCABAMBA";"GOBIERNO REGIONAL";"I-1";"00002493";"SELVA ALEGRE";"NE_0001";"";"NE_0001";"NE_0001";"NE_0001";"NE_0001";"NE_0001";"NE_0001";"NE_0001"
"2023";"04";"080902";"CUSCO";"LA CONVENCION";"ECHARATE";"GOBIERNO REGIONAL";"I-4";"00002427";"KITENI";"NE_0001";"";"NE_0001";"NE_0001";"NE_0001";"NE_0001";"NE_0001";"NE_0001";"NE_0001"
"2023";"04";"080902";"CUSCO";"LA CONVENCION";"ECHARATE";"GOBIERNO REGIONAL";"I-1";"00002443";"SANIRIATO";"NE_0001";"";"NE_0001";"NE_0001";"NE_0001";"NE_0001";"NE_0001";"NE_0001";"NE_0001"
"2023";"04";"080909";"CUSCO";"LA CONVENCION";"VILCABAMBA";"GOBIERNO REGIONAL";"I-2";"00002489";"YUVENI";"NE_0001";"";"NE_0001";"NE_0001";"NE_0001";"NE_0001";"NE_0001";"NE_0001";"NE_0001"
"2023";"04";"080902";"CUSCO";"LA CONVENCION";"ECHARATE";"GOBIERNO REGIONAL";"I-1";"00013068";"TRIO RIO";"NE_0001";"";"NE_0001";"NE_0001";"NE_0001";"NE_0001";"NE_0001";"NE_0001";"NE_0001"
"2023";"04";"080902";"CUSCO";"LA CONVENCION";"ECHARATE";"GOBIERNO REGIONAL";"I-2";"00002434";"MATERIATO";"NE_0001";"";"NE_0001";"NE_0001";"NE_0001";"NE_0001";"NE_0001";"NE_0001";"NE_0001"
"2023";"04";"080902";"CUSCO";"LA CONVENCION";"ECHARATE";"GOBIERNO REGIONAL";"I-1";"00002438";"PACHIRI";"NE_0001";"";"NE_0001";"NE_0001";"NE_0001";"NE_0001";"NE_0001";"NE_0001";"NE_0001"
"2023";"04";"080909";"CUSCO";"LA CONVENCION";"VILCABAMBA";"GOBIERNO REGIONAL";"I-1";"00006976";"CHONTABAMBA";"NE_0001";"";"NE_0001";"NE_0001";"NE_0001";"NE_0001";"NE_0001";"NE_0001";"NE_0001"
"2023";"04";"080902";"CUSCO";"LA CONVENCION";"ECHARATE";"GOBIERNO REGIONAL";"I-2";"00002447";"KAMANQUIRIATO";"NE_0001";"";"NE_0001";"NE_0001";"NE_0001";"NE_0001";"NE_0001";"NE_0001";"NE_0001"
"2023";"04";"080902";"CUSCO";"LA CONVENCION";"ECHARATE";"GOBIERNO REGIONAL";"I-1";"00013069";"PUGUIENTIMARI";"NE_0001";"";"NE_0001";"NE_0001";"NE_0001";"NE_0001";"NE_0001";"NE_0001";"NE_0001"
"2023";"04";"100505";"HUANUCO";"HUAMALIES";"JIRCAN";"GOBIERNO REGIONAL";"I-2";"00000904";"JIRCAN";"NE_0001";"";"NE_0001";"NE_0001";"NE_0001";"NE_0001";"NE_0001";"NE_0001";"NE_0001"
"2023";"04";"100506";"HUANUCO";"HUAMALIES";"MIRAFLORES";"GOBIERNO REGIONAL";"I-2";"00000895";"MIRAFLORES";"NE_0001";"";"NE_0001";"NE_0001";"NE_0001";"NE_0001";"NE_0001";"NE_0001";"NE_0001"
"2023";"04";"080910";"CUSCO";"LA CONVENCION";"PICHARI";"GOBIERNO REGIONAL";"I-2";"00007113";"NATIVIDAD";"NE_0001";"";"NE_0001";"NE_0001";"NE_0001";"NE_0001";"NE_0001";"NE_0001";"NE_0001"
"2023";"04";"080910";"CUSCO";"LA CONVENCION";"PICHARI";"GOBIERNO REGIONAL";"I-2";"00002498";"PUERTO MAYO";"NE_0001";"";"NE_0001";"NE_0001";"NE_0001";"NE_0001";"NE_0001";"NE_0001";"NE_0001"
"2023";"04";"080910";"CUSCO";"LA CONVENCION";"PICHARI";"GOBIERNO REGIONAL";"I-4";"00002494";"PICHARI";"NE_0001";"";"NE_0001";"NE_0001";"NE_0001";"NE_0001";"NE_0001";"NE_0001";"NE_0001"
"2023";"04";"080910";"CUSCO";"LA CONVENCION";"PICHARI";"GOBIERNO REGIONAL";"I-1";"00002497";"OTARI";"NE_0001";"";"NE_0001";"NE_0001";"NE_0001";"NE_0001";"NE_0001";"NE_0001";"NE_0001"
"2023";"05";"130107";"LA LIBERTAD";"TRUJILLO";"MOCHE";"GOBIERNO REGIONAL";"II-1";"00007152";"HOSPITAL DISTRITAL ALTO MOCHE-WALTER CRUZ VILCA";"241400";"HOSPITALIZACIÓN QUIRÚRGICA GINECO - OBSTETRICIA ";"18";"18";"19";"12";"12";"372";"0"
"2023";"05";"110507";"ICA";"PISCO";"SAN CLEMENTE";"ESSALUD";"I-3";"00027769";"CAP I SAN CLEMENTE";"NE_0001";"";"NE_0001";"NE_0001";"NE_0001";"NE_0001";"NE_0001";"NE_0001";"NE_0001"
"2023";"05";"110201";"ICA";"CHINCHA";"CHINCHA ALTA";"PRIVADO";"II-1";"00018704";"FAMISALUD";"241200";"HOSPITALIZACIÓN QUIRÚRGICA TRAUMATOLOGÍA Y ORTOPEDIA ";"6";"6";"6";"7";"1";"31";"0"
"2023";"05";"110201";"ICA";"CHINCHA";"CHINCHA ALTA";"PRIVADO";"II-1";"00018704";"FAMISALUD";"240100";"HOSPITALIZACIÓN QUIRÚRGICA CIRUGÍA GENERAL ";"31";"31";"38";"7";"4";"112";"0"
"2023";"05";"210101";"PUNO";"PUNO";"PUNO";"PRIVADO";"II-E";"00009683";"CLINICA PROSALUD";"240000";"HOSPITALIZACIÓN";"27";"27";"70";"70";"5";"155";"0"
"2023";"05";"150132";"LIMA";"LIMA";"SAN JUAN DE LURIGANCHO";"PRIVADO";"II-2";"00009104";"CLINICA SAN MIGUEL ARCANGEL S.A.C.";"241800";"HOSPITALIZACIÓN DE MEDICINA MEDICINA GENERAL ";"2";"2";"6";"6";"1";"31";"0"
"2023";"05";"150132";"LIMA";"LIMA";"SAN JUAN DE LURIGANCHO";"PRIVADO";"II-2";"00009104";"CLINICA SAN MIGUEL ARCANGEL S.A.C.";"240100";"HOSPITALIZACIÓN QUIRÚRGICA CIRUGÍA GENERAL ";"8";"8";"13";"13";"2";"62";"0"
"2023";"05";"150132";"LIMA";"LIMA";"SAN JUAN DE LURIGANCHO";"PRIVADO";"II-2";"00009104";"CLINICA SAN MIGUEL ARCANGEL S.A.C.";"241400";"HOSPITALIZACIÓN QUIRÚRGICA GINECO - OBSTETRICIA ";"16";"16";"32";"32";"4";"124";"0"
"2023";"05";"150132";"LIMA";"LIMA";"SAN JUAN DE LURIGANCHO";"PRIVADO";"II-2";"00009104";"CLINICA SAN MIGUEL ARCANGEL S.A.C.";"241300";"HOSPITALIZACIÓN QUIRÚRGICA UROLOGÍA  ";"5";"5";"10";"10";"3";"93";"0"
"2023";"05";"070106";"CALLAO";"CALLAO";"VENTANILLA";"GOBIERNO REGIONAL";"I-2";"00006258";"PUESTO DE SALUD VENTANILLA BAJA";"NE_0001";"";"NE_0001";"NE_0001";"NE_0001";"NE_0001";"NE_0001";"NE_0001";"NE_0001"
"2023";"05";"120114";"JUNIN";"HUANCAYO";"EL TAMBO";"PRIVADO";"II-1";"00025970";"CLINICA REBAGLIATI";"240100";"HOSPITALIZACIÓN QUIRÚRGICA CIRUGÍA GENERAL ";"71";"71";"71";"81";"10";"71";"0"
"2023";"05";"120114";"JUNIN";"HUANCAYO";"EL TAMBO";"PRIVADO";"II-1";"00025970";"CLINICA REBAGLIATI";"240200";"HOSPITALIZACIÓN QUIRÚRGICA CIRUGÍA DE CABEZA Y CUELLO / MÁXILO FACIAL ";"2";"2";"2";"4";"3";"9";"0"
"2023";"05";"120114";"JUNIN";"HUANCAYO";"EL TAMBO";"PRIVADO";"II-1";"00025970";"CLINICA REBAGLIATI";"240400";"HOSPITALIZACIÓN QUIRÚRGICA CIRUGÍA DE TÓRAX Y CARDIOVASCULAR ";"1";"1";"1";"2";"2";"3";"0"
"2023";"05";"120114";"JUNIN";"HUANCAYO";"EL TAMBO";"PRIVADO";"II-1";"00025970";"CLINICA REBAGLIATI";"240800";"HOSPITALIZACIÓN QUIRÚRGICA CIRUGÍA PLÁSTICA/RECONSTRUCTIVA/ REPARADORA ";"1";"1";"3";"3";"3";"6";"0"
"2023";"05";"120114";"JUNIN";"HUANCAYO";"EL TAMBO";"PRIVADO";"II-1";"00025970";"CLINICA REBAGLIATI";"240900";"HOSPITALIZACIÓN QUIRÚRGICA NEUROCIRUGÍA ";"5";"5";"7";"2";"1";"2";"1"
"2023";"05";"120114";"JUNIN";"HUANCAYO";"EL TAMBO";"PRIVADO";"II-1";"00025970";"CLINICA REBAGLIATI";"241100";"HOSPITALIZACIÓN QUIRÚRGICA OTORRINOLARINGOLOGÍA  ";"12";"12";"12";"16";"17";"20";"0"
"2023";"05";"120114";"JUNIN";"HUANCAYO";"EL TAMBO";"PRIVADO";"II-1";"00025970";"CLINICA REBAGLIATI";"241200";"HOSPITALIZACIÓN QUIRÚRGICA TRAUMATOLOGÍA Y ORTOPEDIA ";"5";"5";"5";"20";"5";"22";"0"
"2023";"05";"120114";"JUNIN";"HUANCAYO";"EL TAMBO";"PRIVADO";"II-1";"00025970";"CLINICA REBAGLIATI";"241300";"HOSPITALIZACIÓN QUIRÚRGICA UROLOGÍA  ";"8";"8";"8";"9";"10";"12";"0"
"2023";"05";"120114";"JUNIN";"HUANCAYO";"EL TAMBO";"PRIVADO";"II-1";"00025970";"CLINICA REBAGLIATI";"241400";"HOSPITALIZACIÓN QUIRÚRGICA GINECO - OBSTETRICIA ";"18";"18";"18";"19";"19";"20";"0"
"2023";"05";"120114";"JUNIN";"HUANCAYO";"EL TAMBO";"PRIVADO";"II-1";"00025970";"CLINICA REBAGLIATI";"241500";"HOSPITALIZACIÓN QUIRÚRGICA GINECOLOGÍA  ";"6";"6";"6";"33";"12";"34";"0"
"2023";"05";"120114";"JUNIN";"HUANCAYO";"EL TAMBO";"PRIVADO";"II-1";"00025970";"CLINICA REBAGLIATI";"241600";"HOSPITALIZACIÓN QUIRÚRGICA OBSTETRICIA   ";"2";"2";"2";"5";"4";"7";"0"
"2023";"05";"120114";"JUNIN";"HUANCAYO";"EL TAMBO";"PRIVADO";"II-1";"00025970";"CLINICA REBAGLIATI";"241800";"HOSPITALIZACIÓN DE MEDICINA MEDICINA GENERAL ";"2";"2";"2";"3";"4";"5";"2"
"2023";"05";"120114";"JUNIN";"HUANCAYO";"EL TAMBO";"PRIVADO";"II-1";"00025970";"CLINICA REBAGLIATI";"241900";"HOSPITALIZACIÓN DE MEDICINA MEDICINA INTERNA ";"4";"4";"4";"3";"3";"4";"1"
"2023";"05";"120114";"JUNIN";"HUANCAYO";"EL TAMBO";"PRIVADO";"II-1";"00025970";"CLINICA REBAGLIATI";"242100";"HOSPITALIZACIÓN DE MEDICINA ONCOLOGÍA MÉDICA ";"3";"3";"6";"9";"3";"11";"0"
"2023";"05";"120114";"JUNIN";"HUANCAYO";"EL TAMBO";"PRIVADO";"II-1";"00025970";"CLINICA REBAGLIATI";"245400";"HOSPITALIZACIÓN DE MEDICINA GINECOLOGIA ";"1";"1";"2";"3";"4";"6";"0"
"2023";"05";"120114";"JUNIN";"HUANCAYO";"EL TAMBO";"PRIVADO";"II-1";"00025970";"CLINICA REBAGLIATI";"244700";"HOSPITALIZACIÓN DE MEDICINA NEUROLOGIA  ";"4";"4";"4";"5";"5";"6";"1"
"2023";"05";"080106";"CUSCO";"CUSCO";"SANTIAGO";"PRIVADO";"II-E";"00024173";"OXIGEN MEDICAL NETWORK";"240100";"HOSPITALIZACIÓN QUIRÚRGICA CIRUGÍA GENERAL ";"21";"23";"85";"24";"13";"403";"0"
"2023";"05";"080106";"CUSCO";"CUSCO";"SANTIAGO";"PRIVADO";"II-E";"00024173";"OXIGEN MEDICAL NETWORK";"241800";"HOSPITALIZACIÓN DE MEDICINA MEDICINA GENERAL ";"159";"158";"438";"166";"12";"372";"0"
"2023";"05";"080106";"CUSCO";"CUSCO";"SANTIAGO";"PRIVADO";"II-E";"00024173";"OXIGEN MEDICAL NETWORK";"250100";"UNIDAD DE CUIDADOS CRITICOS UNIDAD  DE CUIDADOS INTENSIVOS GENERALES (UCI) ";"4";"4";"4";"24";"10";"310";"1"
"2023";"03";"110201";"ICA";"CHINCHA";"CHINCHA ALTA";"PRIVADO";"II-1";"00017493";"CLINICA GAXAY";"240000";"HOSPITALIZACIÓN";"44";"43";"55";"45";"7";"217";"0"
"2023";"03";"050101";"AYACUCHO";"HUAMANGA";"AYACUCHO";"GOBIERNO REGIONAL";"I-3";"00006898";"CENTRO DE  SALUD MOLLEPATA";"NE_0001";"";"NE_0001";"NE_0001";"NE_0001";"NE_0001";"NE_0001";"NE_0001";"NE_0001"
"2023";"03";"050101";"AYACUCHO";"HUAMANGA";"AYACUCHO";"GOBIERNO REGIONAL";"I-4";"00003576";"CENTRO DE SALUD LOS LICENCIADOS";"241600";"HOSPITALIZACIÓN QUIRÚRGICA OBSTETRICIA   ";"25";"25";"25";"3";"7";"10";"0"
"2023";"03";"050115";"AYACUCHO";"HUAMANGA";"JESUS NAZARENO";"GOBIERNO REGIONAL";"I-2";"00011365";"PUESTO DE SALUD VILLA SAN CRISTOBAL";"NE_0001";"";"NE_0001";"NE_0001";"NE_0001";"NE_0001";"NE_0001";"NE_0001";"NE_0001"
"2023";"03";"150601";"LIMA";"HUARAL";"HUARAL";"ESSALUD";"I-4";"00010333";"CENTRO DE ATENCION PRIMARIA III HUARAL";"NE_0001";"";"NE_0001";"NE_0001";"NE_0001";"NE_0001";"NE_0001";"NE_0001";"NE_0001"
"2023";"03";"120502";"JUNIN";"JUNIN";"CARHUAMAYO";"GOBIERNO REGIONAL";"I-3";"00000537";"CARHUAMAYO";"NE_0001";"";"NE_0001";"NE_0001";"NE_0001";"NE_0001";"NE_0001";"NE_0001";"NE_0001"
"2023";"03";"120504";"JUNIN";"JUNIN";"ULCUMAYO";"GOBIERNO REGIONAL";"I-1";"00000538";"LLAUPI";"NE_0001";"";"NE_0001";"NE_0001";"NE_0001";"NE_0001";"NE_0001";"NE_0001";"NE_0001"
"2023";"03";"120504";"JUNIN";"JUNIN";"ULCUMAYO";"GOBIERNO REGIONAL";"I-1";"00000540";"JACHAHUANCA";"NE_0001";"";"NE_0001";"NE_0001";"NE_0001";"NE_0001";"NE_0001";"NE_0001";"NE_0001"
"2023";"03";"120502";"JUNIN";"JUNIN";"CARHUAMAYO";"GOBIERNO REGIONAL";"I-3";"00030166";"CENTRO DE SALUD MENTAL COMUNITARIO CARHUAMAYO";"NE_0001";"";"NE_0001";"NE_0001";"NE_0001";"NE_0001";"NE_0001";"NE_0001";"NE_0001"
"2023";"03";"120501";"JUNIN";"JUNIN";"JUNIN";"GOBIERNO REGIONAL";"I-1";"00000536";"HUAYRE";"NE_0001";"";"NE_0001";"NE_0001";"NE_0001";"NE_0001";"NE_0001";"NE_0001";"NE_0001"
"2023";"03";"120504";"JUNIN";"JUNIN";"ULCUMAYO";"GOBIERNO REGIONAL";"I-1";"00000539";"PUYAY";"NE_0001";"";"NE_0001";"NE_0001";"NE_0001";"NE_0001";"NE_0001";"NE_0001";"NE_0001"
"2023";"03";"120504";"JUNIN";"JUNIN";"ULCUMAYO";"GOBIERNO REGIONAL";"I-1";"00000541";"CARAPACHO";"NE_0001";"";"NE_0001";"NE_0001";"NE_0001";"NE_0001";"NE_0001";"NE_0001";"NE_0001"
"2023";"03";"190107";"PASCO";"PASCO";"PAUCARTAMBO";"ESSALUD";"I-2";"00009762";"POSTA MEDICA DE PAUCARTAMBO";"NE_0001";"";"NE_0001";"NE_0001";"NE_0001";"NE_0001";"NE_0001";"NE_0001";"NE_0001"
"2023";"03";"230301";"TACNA";"JORGE BASADRE";"LOCUMBA";"ESSALUD";"I-2";"00018550";"CENTRO DE ATENCION PRIMARIA  I  LOCUMBA";"NE_0001";"";"NE_0001";"NE_0001";"NE_0001";"NE_0001";"NE_0001";"NE_0001";"NE_0001"
"2023";"04";"220808";"SAN MARTIN";"RIOJA";"YORONGOS";"GOBIERNO REGIONAL";"I-1";"00006276";"PUESTO DE SALUD NUEVO TABALOSOS";"NE_0002";"";"NE_0002";"NE_0002";"NE_0002";"NE_0002";"NE_0002";"NE_0002";"NE_0002"
"2023";"04";"220801";"SAN MARTIN";"RIOJA";"RIOJA";"GOBIERNO REGIONAL";"I-1";"00006271";"PUESTO DE SALUD MASHUYACU";"NE_0002";"";"NE_0002";"NE_0002";"NE_0002";"NE_0002";"NE_0002";"NE_0002";"NE_0002"
"2023";"04";"220808";"SAN MARTIN";"RIOJA";"YORONGOS";"GOBIERNO REGIONAL";"I-1";"00006276";"PUESTO DE SALUD NUEVO TABALOSOS";"NE_0002";"";"NE_0002";"NE_0002";"NE_0002";"NE_0002";"NE_0002";"NE_0002";"NE_0002"
"2023";"04";"220801";"SAN MARTIN";"RIOJA";"RIOJA";"GOBIERNO REGIONAL";"I-1";"00006273";"PUESTO DE SALUD TAMBO";"NE_0002";"";"NE_0002";"NE_0002";"NE_0002";"NE_0002";"NE_0002";"NE_0002";"NE_0002"
"2023";"04";"150142";"LIMA";"LIMA";"VILLA EL SALVADOR";"MINSA";"II-2";"00023159";"HOSPITAL DE EMERGENCIAS VILLA EL SALVADOR";"242205";"HOSPITALIZACIÓN MEDICINA PSIQUIATRÍA PISIQUIATRIA/ SALUD MENTAL Y ADICCIONES";"5";"4";"58";"82";"4";"120";"0"
"2023";"04";"150142";"LIMA";"LIMA";"VILLA EL SALVADOR";"MINSA";"II-2";"00023159";"HOSPITAL DE EMERGENCIAS VILLA EL SALVADOR";"241500";"HOSPITALIZACIÓN QUIRÚRGICA GINECOLOGÍA  ";"35";"14";"76";"70";"3";"90";"0"
"2023";"04";"150142";"LIMA";"LIMA";"VILLA EL SALVADOR";"MINSA";"II-2";"00023159";"HOSPITAL DE EMERGENCIAS VILLA EL SALVADOR";"241800";"HOSPITALIZACIÓN DE MEDICINA MEDICINA GENERAL ";"164";"137";"1510";"1412";"48";"1440";"15"
"2023";"04";"150142";"LIMA";"LIMA";"VILLA EL SALVADOR";"MINSA";"II-2";"00023159";"HOSPITAL DE EMERGENCIAS VILLA EL SALVADOR";"241600";"HOSPITALIZACIÓN QUIRÚRGICA OBSTETRICIA   ";"550";"415";"815";"891";"42";"1260";"0"
"2023";"04";"150142";"LIMA";"LIMA";"VILLA EL SALVADOR";"MINSA";"II-2";"00023159";"HOSPITAL DE EMERGENCIAS VILLA EL SALVADOR";"242300";"HOSPITALIZACIÓN DE PEDIATRÍA  PEDIATRÍA  GENERAL ";"229";"200";"824";"824";"27";"835";"0"
"2023";"04";"150142";"LIMA";"LIMA";"VILLA EL SALVADOR";"MINSA";"II-2";"00023159";"HOSPITAL DE EMERGENCIAS VILLA EL SALVADOR";"240100";"HOSPITALIZACIÓN QUIRÚRGICA CIRUGÍA GENERAL ";"303";"210";"1573";"1402";"49";"1470";"1"
"2023";"04";"150142";"LIMA";"LIMA";"VILLA EL SALVADOR";"MINSA";"II-2";"00023159";"HOSPITAL DE EMERGENCIAS VILLA EL SALVADOR";"250100";"UNIDAD DE CUIDADOS CRITICOS UNIDAD  DE CUIDADOS INTENSIVOS GENERALES (UCI) ";"160";"56";"850";"767";"31";"894";"35"
"2023";"04";"150142";"LIMA";"LIMA";"VILLA EL SALVADOR";"MINSA";"II-2";"00023159";"HOSPITAL DE EMERGENCIAS VILLA EL SALVADOR";"250108";"UNIDAD DE CUIDADOS CRITICOS UNIDAD  DE CUIDADOS INTENSIVOS  (UCI) PEDIÁTRICA";"20";"2";"146";"174";"6";"180";"1"
"2023";"04";"150142";"LIMA";"LIMA";"VILLA EL SALVADOR";"MINSA";"II-2";"00023159";"HOSPITAL DE EMERGENCIAS VILLA EL SALVADOR";"250105";"UNIDAD DE CUIDADOS CRITICOS UNIDAD  DE CUIDADOS INTENSIVOS  (UCI) NEONATOLOGÍA";"34";"16";"276";"213";"8";"240";"13"
"2023";"04";"150142";"LIMA";"LIMA";"VILLA EL SALVADOR";"MINSA";"II-2";"00023159";"HOSPITAL DE EMERGENCIAS VILLA EL SALVADOR";"250201";"UNIDAD DE CUIDADOS CRITICOS UNIDAD DE CUIDADOS INTERMEDIOS  (UCIN) NEONATAL";"101";"64";"367";"453";"15";"462";"1"
"2023";"04";"150142";"LIMA";"LIMA";"VILLA EL SALVADOR";"MINSA";"II-2";"00023159";"HOSPITAL DE EMERGENCIAS VILLA EL SALVADOR";"241500";"HOSPITALIZACIÓN QUIRÚRGICA GINECOLOGÍA  ";"185";"107";"269";"237";"9";"270";"0"
"2023";"04";"021902";"ANCASH";"SIHUAS";"ACOBAMBA";"GOBIERNO REGIONAL";"I-1";"00001799";"PUESTO DE SALUD ACOBAMBA";"241400";"HOSPITALIZACIÓN QUIRÚRGICA GINECO - OBSTETRICIA ";"3";"3";"3";"3";"3";"4";"0"
"2023";"04";"021905";"ANCASH";"SIHUAS";"CHINGALPO";"GOBIERNO REGIONAL";"I-1";"00001800";"PUESTO DE SALUD CHINGALPO";"241400";"HOSPITALIZACIÓN QUIRÚRGICA GINECO - OBSTETRICIA ";"2";"2";"2";"2";"2";"3";"0"
"2023";"04";"021905";"ANCASH";"SIHUAS";"CHINGALPO";"GOBIERNO REGIONAL";"I-1";"00001754";"PUESTO DE SALUD SAN MIGUEL";"NE_0002";"";"NE_0002";"NE_0002";"NE_0002";"NE_0002";"NE_0002";"NE_0002";"NE_0002"
"2023";"04";"021903";"ANCASH";"SIHUAS";"ALFONSO UGARTE";"GOBIERNO REGIONAL";"I-1";"00001805";"PUESTO DE SALUD ULLOLLUCO";"NE_0002";"";"NE_0002";"NE_0002";"NE_0002";"NE_0002";"NE_0002";"NE_0002";"NE_0002"
"2023";"04";"021907";"ANCASH";"SIHUAS";"QUICHES";"GOBIERNO REGIONAL";"I-1";"00001807";"PUESTO DE SALUD JOCOSBAMBA";"241400";"HOSPITALIZACIÓN QUIRÚRGICA GINECO - OBSTETRICIA ";"1";"1";"1";"1";"1";"2";"0"
"2023";"04";"021907";"ANCASH";"SIHUAS";"QUICHES";"GOBIERNO REGIONAL";"I-3";"00001806";"CENTRO DE SALUD QUICHES";"241400";"HOSPITALIZACIÓN QUIRÚRGICA GINECO - OBSTETRICIA ";"2";"2";"2";"2";"2";"5";"0"
"2023";"05";"081207";"CUSCO";"QUISPICANCHI";"HUARO";"SANIDAD DE LA POLICIA NACIONAL DEL PERU";"I-2";"00011747";"POSTA MEDICA POLICIAL PUCUTO";"NE_0001";"";"NE_0001";"NE_0001";"NE_0001";"NE_0001";"NE_0001";"NE_0001";"NE_0001"
"2023";"05";"110207";"ICA";"CHINCHA";"PUEBLO NUEVO";"SANIDAD DE LA POLICIA NACIONAL DEL PERU";"I-3";"00011398";"POLICLINICO POLICIAL CHINCHA";"NE_0001";"";"NE_0001";"NE_0001";"NE_0001";"NE_0001";"NE_0001";"NE_0001";"NE_0001"
"2023";"05";"040201";"AREQUIPA";"CAMANA";"CAMANA";"SANIDAD DE LA POLICIA NACIONAL DEL PERU";"I-2";"00011661";"POSTA MEDICA POLICIAL CAMANA";"NE_0001";"";"NE_0001";"NE_0001";"NE_0001";"NE_0001";"NE_0001";"NE_0001";"NE_0001"
"2023";"05";"221005";"SAN MARTIN";"TOCACHE";"UCHIZA";"SANIDAD DE LA POLICIA NACIONAL DEL PERU";"I-1";"00025272";"PUESTO SANITARIO PNP SANTA LUCIA";"NE_0001";"";"NE_0001";"NE_0001";"NE_0001";"NE_0001";"NE_0001";"NE_0001";"NE_0001"
"2023";"05";"150122";"LIMA";"LIMA";"MIRAFLORES";"PRIVADO";"II-E";"00028941";"Instituto de Glaucoma y Catarata";"NE_0001";"";"NE_0001";"NE_0001";"NE_0001";"NE_0001";"NE_0001";"NE_0001";"NE_0001"
"2023";"05";"060607";"CAJAMARCA";"CUTERVO";"QUEROCOTILLO";"GOBIERNO REGIONAL";"I-1";"00004969";"EL MOLINO";"NE_0001";"";"NE_0001";"NE_0001";"NE_0001";"NE_0001";"NE_0001";"NE_0001";"NE_0001"
"2023";"05";"060603";"CAJAMARCA";"CUTERVO";"CHOROS";"GOBIERNO REGIONAL";"I-1";"00004973";"EL ROLLO";"NE_0001";"";"NE_0001";"NE_0001";"NE_0001";"NE_0001";"NE_0001";"NE_0001";"NE_0001"
"2023";"05";"060607";"CAJAMARCA";"CUTERVO";"QUEROCOTILLO";"GOBIERNO REGIONAL";"I-1";"00006860";"TECHIN";"NE_0001";"";"NE_0001";"NE_0001";"NE_0001";"NE_0001";"NE_0001";"NE_0001";"NE_0001"
"2023";"05";"060602";"CAJAMARCA";"CUTERVO";"CALLAYUC";"GOBIERNO REGIONAL";"I-1";"00004962";"HUABAL";"NE_0001";"";"NE_0001";"NE_0001";"NE_0001";"NE_0001";"NE_0001";"NE_0001";"NE_0001"
"2023";"05";"060607";"CAJAMARCA";"CUTERVO";"QUEROCOTILLO";"GOBIERNO REGIONAL";"I-1";"00005008";"CHUMBICATE";"NE_0001";"";"NE_0001";"NE_0001";"NE_0001";"NE_0001";"NE_0001";"NE_0001";"NE_0001"
"2023";"05";"060607";"CAJAMARCA";"CUTERVO";"QUEROCOTILLO";"GOBIERNO REGIONAL";"I-1";"00006859";"MOSHOQUEQUE";"NE_0001";"";"NE_0001";"NE_0001";"NE_0001";"NE_0001";"NE_0001";"NE_0001";"NE_0001"
"2023";"05";"060602";"CAJAMARCA";"CUTERVO";"CALLAYUC";"GOBIERNO REGIONAL";"I-3";"00004964";"CHIPLE";"NE_0001";"";"NE_0001";"NE_0001";"NE_0001";"NE_0001";"NE_0001";"NE_0001";"NE_0001"
"2023";"05";"060602";"CAJAMARCA";"CUTERVO";"CALLAYUC";"GOBIERNO REGIONAL";"I-1";"00004965";"QUEROMARCA";"NE_0001";"";"NE_0001";"NE_0001";"NE_0001";"NE_0001";"NE_0001";"NE_0001";"NE_0001"
"2023";"05";"060606";"CAJAMARCA";"CUTERVO";"PIMPINGOS";"GOBIERNO REGIONAL";"I-2";"00005013";"CASA BLANCA";"NE_0001";"";"NE_0001";"NE_0001";"NE_0001";"NE_0001";"NE_0001";"NE_0001";"NE_0001"
"2023";"05";"060602";"CAJAMARCA";"CUTERVO";"CALLAYUC";"GOBIERNO REGIONAL";"I-1";"00007367";"CONGA";"NE_0001";"";"NE_0001";"NE_0001";"NE_0001";"NE_0001";"NE_0001";"NE_0001";"NE_0001"
"2023";"05";"060611";"CAJAMARCA";"CUTERVO";"SANTA CRUZ";"GOBIERNO REGIONAL";"I-1";"00004978";"CHIPLE LIMON";"NE_0001";"";"NE_0001";"NE_0001";"NE_0001";"NE_0001";"NE_0001";"NE_0001";"NE_0001"
"2023";"05";"060611";"CAJAMARCA";"CUTERVO";"SANTA CRUZ";"GOBIERNO REGIONAL";"I-1";"00004980";"SAN JUAN DE LIMON";"NE_0001";"";"NE_0001";"NE_0001";"NE_0001";"NE_0001";"NE_0001";"NE_0001";"NE_0001"
"2023";"05";"060602";"CAJAMARCA";"CUTERVO";"CALLAYUC";"GOBIERNO REGIONAL";"I-2";"00004966";"SANTA TERESA DE QUEROMARCA";"NE_0001";"";"NE_0001";"NE_0001";"NE_0001";"NE_0001";"NE_0001";"NE_0001";"NE_0001"
"2023";"05";"060602";"CAJAMARCA";"CUTERVO";"CALLAYUC";"GOBIERNO REGIONAL";"I-1";"00006828";"SANTA ROSA DE CALLAYUC";"NE_0001";"";"NE_0001";"NE_0001";"NE_0001";"NE_0001";"NE_0001";"NE_0001";"NE_0001"
"2023";"05";"060611";"CAJAMARCA";"CUTERVO";"SANTA CRUZ";"GOBIERNO REGIONAL";"I-1";"00011260";"LA VIÑA";"NE_0001";"";"NE_0001";"NE_0001";"NE_0001";"NE_0001";"NE_0001";"NE_0001";"NE_0001"
"2023";"05";"060607";"CAJAMARCA";"CUTERVO";"QUEROCOTILLO";"GOBIERNO REGIONAL";"I-1";"00004970";"SANTOS";"NE_0001";"";"NE_0001";"NE_0001";"NE_0001";"NE_0001";"NE_0001";"NE_0001";"NE_0001"
"2023";"05";"060611";"CAJAMARCA";"CUTERVO";"SANTA CRUZ";"GOBIERNO REGIONAL";"I-3";"00004977";"SANTA CRUZ DE CUTERVO";"NE_0001";"";"NE_0001";"NE_0001";"NE_0001";"NE_0001";"NE_0001";"NE_0001";"NE_0001"
"2023";"05";"060611";"CAJAMARCA";"CUTERVO";"SANTA CRUZ";"GOBIERNO REGIONAL";"I-1";"00004979";"CAMPO FLORIDO";"NE_0001";"";"NE_0001";"NE_0001";"NE_0001";"NE_0001";"NE_0001";"NE_0001";"NE_0001"
"2023";"05";"130102";"LA LIBERTAD";"TRUJILLO";"EL PORVENIR";"ESSALUD";"I-4";"00009041";"CENTRO DE SALUD CON INTERNAMIENTO EL PORVENIR";"241800";"HOSPITALIZACIÓN DE MEDICINA MEDICINA GENERAL ";"40";"32";"144";"167";"7";"217";"0"
"2023";"05";"130102";"LA LIBERTAD";"TRUJILLO";"EL PORVENIR";"ESSALUD";"I-4";"00009041";"CENTRO DE SALUD CON INTERNAMIENTO EL PORVENIR";"240100";"HOSPITALIZACIÓN QUIRÚRGICA CIRUGÍA GENERAL ";"1";"1";"10";"10";"1";"31";"0"
"2023";"05";"130102";"LA LIBERTAD";"TRUJILLO";"EL PORVENIR";"ESSALUD";"I-4";"00009041";"CENTRO DE SALUD CON INTERNAMIENTO EL PORVENIR";"241400";"HOSPITALIZACIÓN QUIRÚRGICA GINECO - OBSTETRICIA ";"10";"10";"51";"52";"2";"62";"0"
"2023";"05";"090204";"HUANCAVELICA";"ACOBAMBA";"CAJA";"GOBIERNO REGIONAL";"I-1";"00011225";"PUESTO DE SALUD HUANCCALLACO";"NE_0001";"";"NE_0001";"NE_0001";"NE_0001";"NE_0001";"NE_0001";"NE_0001";"NE_0001"
"2023";"05";"090205";"HUANCAVELICA";"ACOBAMBA";"MARCAS";"GOBIERNO REGIONAL";"I-1";"00011232";"PUESTO DE SALUD PALOMA";"NE_0001";"";"NE_0001";"NE_0001";"NE_0001";"NE_0001";"NE_0001";"NE_0001";"NE_0001"
"2023";"05";"090204";"HUANCAVELICA";"ACOBAMBA";"CAJA";"GOBIERNO REGIONAL";"I-3";"00003926";"CENTRO DE SALUD CAJA ESPIRITU";"NE_0001";"";"NE_0001";"NE_0001";"NE_0001";"NE_0001";"NE_0001";"NE_0001";"NE_0001"
"2023";"05";"090204";"HUANCAVELICA";"ACOBAMBA";"CAJA";"GOBIERNO REGIONAL";"I-1";"00003927";"PUESTO DE SALUD POMACANCHA";"NE_0001";"";"NE_0001";"NE_0001";"NE_0001";"NE_0001";"NE_0001";"NE_0001";"NE_0001"
"2023";"05";"090205";"HUANCAVELICA";"ACOBAMBA";"MARCAS";"GOBIERNO REGIONAL";"I-1";"00011220";"PUESTO DE SALUD HUARPA";"NE_0001";"";"NE_0001";"NE_0001";"NE_0001";"NE_0001";"NE_0001";"NE_0001";"NE_0001"
"2023";"05";"090205";"HUANCAVELICA";"ACOBAMBA";"MARCAS";"GOBIERNO REGIONAL";"I-2";"00003928";"PUESTO DE SALUD MARCAS";"NE_0001";"";"NE_0001";"NE_0001";"NE_0001";"NE_0001";"NE_0001";"NE_0001";"NE_0001"
"2023";"05";"090205";"HUANCAVELICA";"ACOBAMBA";"MARCAS";"GOBIERNO REGIONAL";"I-1";"00003929";"PUESTO DE SALUD CUÑI";"NE_0001";"";"NE_0001";"NE_0001";"NE_0001";"NE_0001";"NE_0001";"NE_0001";"NE_0001"
"2023";"05";"090204";"HUANCAVELICA";"ACOBAMBA";"CAJA";"GOBIERNO REGIONAL";"I-1";"00007389";"PUESTO DE SALUD RURUNMARCA";"NE_0001";"";"NE_0001";"NE_0001";"NE_0001";"NE_0001";"NE_0001";"NE_0001";"NE_0001"
"2023";"05";"060701";"CAJAMARCA";"HUALGAYOC";"BAMBAMARCA";"ESSALUD";"I-2";"00010277";"POSTA MEDICA ESSALUD BAMBAMARCA";"NE_0001";"";"NE_0001";"NE_0001";"NE_0001";"NE_0001";"NE_0001";"NE_0001";"NE_0001"
"2023";"05";"220105";"SAN MARTIN";"MOYOBAMBA";"SORITOR";"GOBIERNO REGIONAL";"I-1";"00006333";"ALTO PERU";"NE_0001";"";"NE_0001";"NE_0001";"NE_0001";"NE_0001";"NE_0001";"NE_0001";"NE_0001"
"2023";"05";"220105";"SAN MARTIN";"MOYOBAMBA";"SORITOR";"GOBIERNO REGIONAL";"I-1";"00006335";"JERICOB";"NE_0001";"";"NE_0001";"NE_0001";"NE_0001";"NE_0001";"NE_0001";"NE_0001";"NE_0001"
"2023";"05";"090201";"HUANCAVELICA";"ACOBAMBA";"ACOBAMBA";"GOBIERNO REGIONAL";"II-1";"00003917";"HOSPITAL PROVINCIAL DE ACOBAMBA";"240100";"HOSPITALIZACIÓN QUIRÚRGICA CIRUGÍA GENERAL ";"15";"16";"63";"79";"4";"124";"0"
"2023";"05";"090201";"HUANCAVELICA";"ACOBAMBA";"ACOBAMBA";"GOBIERNO REGIONAL";"II-1";"00003917";"HOSPITAL PROVINCIAL DE ACOBAMBA";"241400";"HOSPITALIZACIÓN QUIRÚRGICA GINECO - OBSTETRICIA ";"36";"36";"66";"102";"8";"248";"0"
"2023";"05";"090201";"HUANCAVELICA";"ACOBAMBA";"ACOBAMBA";"GOBIERNO REGIONAL";"II-1";"00003917";"HOSPITAL PROVINCIAL DE ACOBAMBA";"241800";"HOSPITALIZACIÓN DE MEDICINA MEDICINA GENERAL ";"11";"11";"47";"58";"6";"186";"1"
"2023";"05";"090201";"HUANCAVELICA";"ACOBAMBA";"ACOBAMBA";"GOBIERNO REGIONAL";"II-1";"00003917";"HOSPITAL PROVINCIAL DE ACOBAMBA";"242500";"HOSPITALIZACIÓN-PEDIATRÍA GENERAL-";"5";"5";"12";"17";"4";"124";"1"
"2023";"05";"110101";"ICA";"ICA";"ICA";"ESSALUD";"II-1";"00013912";"FELIX TORREALVA GUTIERREZ";"241900";"HOSPITALIZACIÓN DE MEDICINA MEDICINA INTERNA ";"281";"290";"1949";"1795";"66";"2046";"12"
"2023";"05";"110101";"ICA";"ICA";"ICA";"ESSALUD";"II-1";"00013912";"FELIX TORREALVA GUTIERREZ";"241900";"HOSPITALIZACIÓN DE MEDICINA MEDICINA INTERNA ";"12";"9";"85";"140";"6";"186";"2"
"2023";"05";"110101";"ICA";"ICA";"ICA";"ESSALUD";"II-1";"00013912";"FELIX TORREALVA GUTIERREZ";"240100";"HOSPITALIZACIÓN QUIRÚRGICA CIRUGÍA GENERAL ";"122";"123";"293";"293";"16";"496";"0"
"2023";"05";"110101";"ICA";"ICA";"ICA";"ESSALUD";"II-1";"00013912";"FELIX TORREALVA GUTIERREZ";"241500";"HOSPITALIZACIÓN QUIRÚRGICA GINECOLOGÍA  ";"19";"23";"107";"124";"4";"124";"0"
"2023";"05";"110101";"ICA";"ICA";"ICA";"ESSALUD";"II-1";"00013912";"FELIX TORREALVA GUTIERREZ";"241500";"HOSPITALIZACIÓN QUIRÚRGICA GINECOLOGÍA  ";"134";"127";"272";"268";"14";"434";"0"
"2023";"04";"021806";"ANCASH";"SANTA";"NEPEÑA";"ESSALUD";"I-3";"00009921";"CENTRO DE ATENCION PRIMARIA II SAN JACINTO";"NE_0001";"";"NE_0001";"NE_0001";"NE_0001";"NE_0001";"NE_0001";"NE_0001";"NE_0001"
"2023";"04";"150141";"LIMA";"LIMA";"SURQUILLO";"SANIDAD DE LA POLICIA NACIONAL DEL PERU";"I-3";"00012885";"POLICLINICO PNP WALTER ROSALES LEON";"NE_0001";"";"NE_0001";"NE_0001";"NE_0001";"NE_0001";"NE_0001";"NE_0001";"NE_0001"
"2023";"04";"060701";"CAJAMARCA";"HUALGAYOC";"BAMBAMARCA";"ESSALUD";"I-2";"00010277";"POSTA MEDICA ESSALUD BAMBAMARCA";"NE_0001";"";"NE_0001";"NE_0001";"NE_0001";"NE_0001";"NE_0001";"NE_0001";"NE_0001"
"2023";"04";"220201";"SAN MARTIN";"BELLAVISTA";"BELLAVISTA";"GOBIERNO REGIONAL";"II-E";"00006502";"HOSPITAL BELLAVISTA";"240100";"HOSPITALIZACIÓN QUIRÚRGICA CIRUGÍA GENERAL ";"19";"22";"57";"57";"8";"240";"0"
"2023";"04";"220201";"SAN MARTIN";"BELLAVISTA";"BELLAVISTA";"GOBIERNO REGIONAL";"II-E";"00006502";"HOSPITAL BELLAVISTA";"241500";"HOSPITALIZACIÓN QUIRÚRGICA GINECOLOGÍA  ";"12";"15";"42";"42";"6";"180";"0"
"2023";"04";"220201";"SAN MARTIN";"BELLAVISTA";"BELLAVISTA";"GOBIERNO REGIONAL";"II-E";"00006502";"HOSPITAL BELLAVISTA";"241900";"HOSPITALIZACIÓN DE MEDICINA MEDICINA INTERNA ";"52";"56";"179";"179";"10";"300";"1"
"2023";"04";"220201";"SAN MARTIN";"BELLAVISTA";"BELLAVISTA";"GOBIERNO REGIONAL";"II-E";"00006502";"HOSPITAL BELLAVISTA";"242500";"HOSPITALIZACIÓN-PEDIATRÍA GENERAL-";"10";"12";"50";"50";"6";"180";"0"
"2023";"04";"220201";"SAN MARTIN";"BELLAVISTA";"BELLAVISTA";"GOBIERNO REGIONAL";"II-E";"00006502";"HOSPITAL BELLAVISTA";"243200";"HOSPITALIZACIÓN DE PEDIATRÍA PEDIATRIA NEONATOLOGÍA";"16";"19";"69";"60";"2";"60";"0"
"2023";"04";"150131";"LIMA";"LIMA";"SAN ISIDRO";"PRIVADO";"II-E";"00016397";"CLINICA ESPECIALIZADA EN CIRUGIA PLASTICA - DR. LUIS VIZCARRA / CIRUESTHETIC";"240800";"HOSPITALIZACIÓN QUIRÚRGICA CIRUGÍA PLÁSTICA/RECONSTRUCTIVA/ REPARADORA ";"5";"5";"2";"1";"2";"40";"0"
"2023";"04";"210402";"PUNO";"CHUCUITO";"DESAGUADERO";"ESSALUD";"I-3";"00009221";"CENTRO DE ATENCION PRIMARIA I DESAGUADERO";"NE_0001";"";"NE_0001";"NE_0001";"NE_0001";"NE_0001";"NE_0001";"NE_0001";"NE_0001"
"2023";"04";"210102";"PUNO";"PUNO";"ACORA";"ESSALUD";"I-3";"00009220";"CENTRO DE ATENCIÓN PRIMARIA II ACORA - RED ASISTENCIAL PUNO";"NE_0001";"";"NE_0001";"NE_0001";"NE_0001";"NE_0001";"NE_0001";"NE_0001";"NE_0001"
"2023";"04";"220901";"SAN MARTIN";"SAN MARTIN";"TARAPOTO";"ESSALUD";"I-2";"00027727";"CENTRO DE ATENCIÓN PRIMARIA METROPOLITANO - ESSALUD";"NE_0001";"";"NE_0001";"NE_0001";"NE_0001";"NE_0001";"NE_0001";"NE_0001";"NE_0001"
"2023";"04";"150121";"LIMA";"LIMA";"PUEBLO LIBRE";"PRIVADO";"II-E";"00008351";"CLINICAS SAN BERNARDO S.A.";"240000";"HOSPITALIZACIÓN";"92";"96";"248";"234";"22";"660";"0"
"2023";"04";"120101";"JUNIN";"HUANCAYO";"HUANCAYO";"PRIVADO";"II-E";"00024425";"CLÍNICA MEDICA SALAZAR";"241800";"HOSPITALIZACIÓN DE MEDICINA MEDICINA GENERAL ";"38";"36";"88";"563";"20";"620";"0"
"2023";"05";"180201";"MOQUEGUA";"GENERAL SANCHEZ CERRO";"OMATE";"ESSALUD";"I-2";"00026055";"POSTA MEDICA OMATE";"NE_0001";"";"NE_0001";"NE_0001";"NE_0001";"NE_0001";"NE_0001";"NE_0001";"NE_0001"
"2023";"05";"220901";"SAN MARTIN";"SAN MARTIN";"TARAPOTO";"ESSALUD";"II-1";"00027733";"HOSPITAL II TARAPOTO";"241800";"HOSPITALIZACIÓN DE MEDICINA MEDICINA GENERAL ";"148";"143";"883";"790";"27";"837";"1"
"2023";"05";"220901";"SAN MARTIN";"SAN MARTIN";"TARAPOTO";"ESSALUD";"II-1";"00027733";"HOSPITAL II TARAPOTO";"250304";"HOSPIT. EN UNIDAD DE CUID.INTEN.-UNIDAD DE VIGILANCIA INTENSIVA (UVI)-MEDICINA";"17";"10";"73";"117";"8";"248";"5"
"2023";"05";"220901";"SAN MARTIN";"SAN MARTIN";"TARAPOTO";"ESSALUD";"II-1";"00027733";"HOSPITAL II TARAPOTO";"240100";"HOSPITALIZACIÓN QUIRÚRGICA CIRUGÍA GENERAL ";"138";"138";"602";"436";"17";"527";"0"
"2023";"05";"220901";"SAN MARTIN";"SAN MARTIN";"TARAPOTO";"ESSALUD";"II-1";"00027733";"HOSPITAL II TARAPOTO";"241400";"HOSPITALIZACIÓN QUIRÚRGICA GINECO - OBSTETRICIA ";"163";"162";"557";"415";"17";"527";"0"
"2023";"05";"220901";"SAN MARTIN";"SAN MARTIN";"TARAPOTO";"ESSALUD";"II-1";"00027733";"HOSPITAL II TARAPOTO";"242300";"HOSPITALIZACIÓN DE PEDIATRÍA  PEDIATRÍA  GENERAL ";"110";"108";"536";"443";"15";"465";"1"
"2023";"05";"250101";"UCAYALI";"CORONEL PORTILLO";"CALLERIA";"ESSALUD";"II-2";"00009600";"HOSPITAL II PUCALLPA- ESSALUD";"241800";"HOSPITALIZACIÓN DE MEDICINA MEDICINA GENERAL ";"196";"167";"1179";"1429";"50";"1550";"7"
"2023";"05";"250101";"UCAYALI";"CORONEL PORTILLO";"CALLERIA";"ESSALUD";"II-2";"00009600";"HOSPITAL II PUCALLPA- ESSALUD";"250300";"UNIDAD DE CUIDADOS CRITICOS UNIDAD DE VIGILANCIA INTENSIVA  CLINICA (UVIC) ";"20";"16";"138";"181";"7";"217";"6"
"2023";"05";"250101";"UCAYALI";"CORONEL PORTILLO";"CALLERIA";"ESSALUD";"II-2";"00009600";"HOSPITAL II PUCALLPA- ESSALUD";"240100";"HOSPITALIZACIÓN QUIRÚRGICA CIRUGÍA GENERAL ";"220";"209";"914";"953";"48";"1488";"0"
"2023";"05";"250101";"UCAYALI";"CORONEL PORTILLO";"CALLERIA";"ESSALUD";"II-2";"00009600";"HOSPITAL II PUCALLPA- ESSALUD";"241600";"HOSPITALIZACIÓN QUIRÚRGICA OBSTETRICIA   ";"172";"165";"389";"301";"18";"558";"0"
"2023";"05";"250101";"UCAYALI";"CORONEL PORTILLO";"CALLERIA";"ESSALUD";"II-2";"00009600";"HOSPITAL II PUCALLPA- ESSALUD";"241500";"HOSPITALIZACIÓN QUIRÚRGICA GINECOLOGÍA  ";"66";"61";"186";"159";"12";"372";"0"
"2023";"05";"250101";"UCAYALI";"CORONEL PORTILLO";"CALLERIA";"ESSALUD";"II-2";"00009600";"HOSPITAL II PUCALLPA- ESSALUD";"242300";"HOSPITALIZACIÓN DE PEDIATRÍA  PEDIATRÍA  GENERAL ";"90";"84";"341";"290";"15";"465";"0"
"2023";"05";"250101";"UCAYALI";"CORONEL PORTILLO";"CALLERIA";"ESSALUD";"II-2";"00009600";"HOSPITAL II PUCALLPA- ESSALUD";"243200";"HOSPITALIZACIÓN DE PEDIATRÍA PEDIATRIA NEONATOLOGÍA";"25";"27";"61";"53";"5";"155";"2"
"2023";"05";"150801";"LIMA";"HUAURA";"HUACHO";"GOBIERNO REGIONAL";"II-2";"00007639";"HOSPITAL GENERAL DE HUACHO";"240100";"HOSPITALIZACIÓN QUIRÚRGICA CIRUGÍA GENERAL ";"131";"163";"912";"842";"39";"1209";"0"
"2023";"05";"150801";"LIMA";"HUAURA";"HUACHO";"GOBIERNO REGIONAL";"II-2";"00007639";"HOSPITAL GENERAL DE HUACHO";"241500";"HOSPITALIZACIÓN QUIRÚRGICA GINECOLOGÍA  ";"47";"47";"158";"180";"8";"248";"0"
"2023";"05";"150801";"LIMA";"HUAURA";"HUACHO";"GOBIERNO REGIONAL";"II-2";"00007639";"HOSPITAL GENERAL DE HUACHO";"241600";"HOSPITALIZACIÓN QUIRÚRGICA OBSTETRICIA   ";"295";"313";"625";"591";"30";"930";"0"
"2023";"05";"150801";"LIMA";"HUAURA";"HUACHO";"GOBIERNO REGIONAL";"II-2";"00007639";"HOSPITAL GENERAL DE HUACHO";"241800";"HOSPITALIZACIÓN DE MEDICINA MEDICINA GENERAL ";"96";"121";"896";"923";"34";"1054";"10"
"2023";"05";"150801";"LIMA";"HUAURA";"HUACHO";"GOBIERNO REGIONAL";"II-2";"00007639";"HOSPITAL GENERAL DE HUACHO";"242500";"HOSPITALIZACIÓN-PEDIATRÍA GENERAL-";"64";"75";"307";"307";"28";"868";"0"
"2023";"05";"150801";"LIMA";"HUAURA";"HUACHO";"GOBIERNO REGIONAL";"II-2";"00007639";"HOSPITAL GENERAL DE HUACHO";"243200";"HOSPITALIZACIÓN DE PEDIATRÍA PEDIATRIA NEONATOLOGÍA";"10";"11";"38";"42";"11";"341";"0"
"2023";"05";"150801";"LIMA";"HUAURA";"HUACHO";"GOBIERNO REGIONAL";"II-2";"00007639";"HOSPITAL GENERAL DE HUACHO";"250103";"UNIDAD DE CUIDADOS CRITICOS UNIDAD  DE CUIDADOS INTENSIVOS GENERALES  (UCI) MEDICINA";"18";"24";"258";"291";"12";"372";"4"
"2023";"05";"150801";"LIMA";"HUAURA";"HUACHO";"GOBIERNO REGIONAL";"II-2";"00007639";"HOSPITAL GENERAL DE HUACHO";"250105";"UNIDAD DE CUIDADOS CRITICOS UNIDAD  DE CUIDADOS INTENSIVOS  (UCI) NEONATOLOGÍA";"8";"8";"15";"15";"4";"124";"1"
"2023";"05";"100501";"HUANUCO";"HUAMALIES";"LLATA";"ESSALUD";"I-3";"00027591";"POSTA MEDICA LLATA";"NE_0001";"";"NE_0001";"NE_0001";"NE_0001";"NE_0001";"NE_0001";"NE_0001";"NE_0001"
"2023";"05";"150125";"LIMA";"LIMA";"PUENTE PIEDRA";"MINSA";"II-2";"00007632";"HOSPITAL CARLOS LANFRANCO LA HOZ";"240100";"HOSPITALIZACIÓN QUIRÚRGICA CIRUGÍA GENERAL ";"255";"269";"630";"288";"34";"1054";"0"
"2023";"05";"150125";"LIMA";"LIMA";"PUENTE PIEDRA";"MINSA";"II-2";"00007632";"HOSPITAL CARLOS LANFRANCO LA HOZ";"241900";"HOSPITALIZACIÓN DE MEDICINA MEDICINA INTERNA ";"139";"175";"842";"205";"26";"806";"23"
"2023";"05";"150125";"LIMA";"LIMA";"PUENTE PIEDRA";"MINSA";"II-2";"00007632";"HOSPITAL CARLOS LANFRANCO LA HOZ";"241400";"HOSPITALIZACIÓN QUIRÚRGICA GINECO - OBSTETRICIA ";"401";"420";"758";"433";"32";"992";"0"
"2023";"05";"150125";"LIMA";"LIMA";"PUENTE PIEDRA";"MINSA";"II-2";"00007632";"HOSPITAL CARLOS LANFRANCO LA HOZ";"242300";"HOSPITALIZACIÓN DE PEDIATRÍA  PEDIATRÍA  GENERAL ";"71";"83";"310";"93";"11";"341";"0"
"2023";"05";"150125";"LIMA";"LIMA";"PUENTE PIEDRA";"MINSA";"II-2";"00007632";"HOSPITAL CARLOS LANFRANCO LA HOZ";"243200";"HOSPITALIZACIÓN DE PEDIATRÍA PEDIATRIA NEONATOLOGÍA";"63";"70";"197";"70";"11";"341";"0"
"2023";"05";"150117";"LIMA";"LIMA";"LOS OLIVOS";"PRIVADO";"II-E";"00017847";"CLINICA DEL NORTE";"241400";"HOSPITALIZACIÓN QUIRÚRGICA GINECO - OBSTETRICIA ";"15";"18";"26";"15";"5";"115";"0"
"2023";"05";"080108";"CUSCO";"CUSCO";"WANCHAQ";"PRIVADO";"II-E";"00011339";"SAN JOSE";"240100";"HOSPITALIZACIÓN QUIRÚRGICA CIRUGÍA GENERAL ";"105";"99";"735";"55";"24";"720";"0"
"2023";"05";"080108";"CUSCO";"CUSCO";"WANCHAQ";"PRIVADO";"II-E";"00011339";"SAN JOSE";"241700";"HOSPITALIZACIÓN QUIRÚRGICA GINECOLOGÍA   GINECOLOGIA ONCOLOGiCA";"22";"20";"87";"30";"24";"720";"0"
"2023";"05";"080108";"CUSCO";"CUSCO";"WANCHAQ";"PRIVADO";"II-E";"00011339";"SAN JOSE";"240400";"HOSPITALIZACIÓN QUIRÚRGICA CIRUGÍA DE TÓRAX Y CARDIOVASCULAR ";"10";"7";"65";"18";"24";"720";"0"
"2023";"05";"080108";"CUSCO";"CUSCO";"WANCHAQ";"PRIVADO";"II-E";"00011339";"SAN JOSE";"241200";"HOSPITALIZACIÓN QUIRÚRGICA TRAUMATOLOGÍA Y ORTOPEDIA ";"8";"6";"43";"13";"24";"720";"0"
"2023";"05";"080108";"CUSCO";"CUSCO";"WANCHAQ";"PRIVADO";"II-E";"00011339";"SAN JOSE";"241300";"HOSPITALIZACIÓN QUIRÚRGICA UROLOGÍA  ";"3";"2";"35";"12";"24";"720";"0"
"2023";"05";"070101";"CALLAO";"CALLAO";"CALLAO";"GOBIERNO REGIONAL";"I-4";"00006238";"C.S. MARQUEZ";"241600";"HOSPITALIZACIÓN QUIRÚRGICA OBSTETRICIA   ";"6";"5";"5";"186";"8";"248";"0"
"2023";"05";"070106";"CALLAO";"CALLAO";"VENTANILLA";"GOBIERNO REGIONAL";"I-2";"00006259";"PUESTO DE SALUD VENTANILLA ESTE";"NE_0001";"";"NE_0001";"NE_0001";"NE_0001";"NE_0001";"NE_0001";"NE_0001";"NE_0001"
"2023";"05";"200104";"PIURA";"PIURA";"CASTILLA";"ESSALUD";"III-1";"00015230";"HOSPITAL III JOSE CAYETANO HEREDIA";"241900";"HOSPITALIZACIÓN DE MEDICINA MEDICINA INTERNA ";"382";"521";"3027";"2442";"101";"3131";"17"
"2023";"05";"200104";"PIURA";"PIURA";"CASTILLA";"ESSALUD";"III-1";"00015230";"HOSPITAL III JOSE CAYETANO HEREDIA";"240100";"HOSPITALIZACIÓN QUIRÚRGICA CIRUGÍA GENERAL ";"220";"202";"1672";"1633";"57";"1767";"4"
"2023";"05";"200104";"PIURA";"PIURA";"CASTILLA";"ESSALUD";"III-1";"00015230";"HOSPITAL III JOSE CAYETANO HEREDIA";"241500";"HOSPITALIZACIÓN QUIRÚRGICA GINECOLOGÍA  ";"43";"27";"94";"86";"3";"93";"1"
"2023";"05";"200104";"PIURA";"PIURA";"CASTILLA";"ESSALUD";"III-1";"00015230";"HOSPITAL III JOSE CAYETANO HEREDIA";"241600";"HOSPITALIZACIÓN QUIRÚRGICA OBSTETRICIA   ";"185";"174";"1308";"1195";"40";"1240";"0"
"2023";"05";"200104";"PIURA";"PIURA";"CASTILLA";"ESSALUD";"III-1";"00015230";"HOSPITAL III JOSE CAYETANO HEREDIA";"242300";"HOSPITALIZACIÓN DE PEDIATRÍA  PEDIATRÍA  GENERAL ";"73";"99";"756";"688";"27";"837";"2"
"2023";"05";"200104";"PIURA";"PIURA";"CASTILLA";"ESSALUD";"III-1";"00015230";"HOSPITAL III JOSE CAYETANO HEREDIA";"250100";"UNIDAD DE CUIDADOS CRITICOS UNIDAD  DE CUIDADOS INTENSIVOS GENERALES (UCI) ";"12";"48";"621";"605";"20";"620";"13"
"2023";"05";"200104";"PIURA";"PIURA";"CASTILLA";"ESSALUD";"III-1";"00015230";"HOSPITAL III JOSE CAYETANO HEREDIA";"250200";"UNIDAD DE CUIDADOS CRITICOS UNIDAD DE CUIDADOS INTERMEDIOS GENERAL  (UCIN) ";"42";"69";"713";"546";"19";"589";"1"
"2023";"05";"240201";"TUMBES";"CONTRALMIRANTE VILLAR";"ZORRITOS";"GOBIERNO REGIONAL";"I-1";"00001904";"BOCAPAN.";"NE_0001";"";"NE_0001";"NE_0001";"NE_0001";"NE_0001";"NE_0001";"NE_0001";"NE_0001"
"2023";"05";"240201";"TUMBES";"CONTRALMIRANTE VILLAR";"ZORRITOS";"GOBIERNO REGIONAL";"I-1";"00001901";"GRAU";"NE_0001";"";"NE_0001";"NE_0001";"NE_0001";"NE_0001";"NE_0001";"NE_0001";"NE_0001"
"2023";"05";"240201";"TUMBES";"CONTRALMIRANTE VILLAR";"ZORRITOS";"GOBIERNO REGIONAL";"I-2";"00001903";"ACAPULCO.";"NE_0001";"";"NE_0001";"NE_0001";"NE_0001";"NE_0001";"NE_0001";"NE_0001";"NE_0001"
"2023";"05";"240105";"TUMBES";"TUMBES";"SAN JACINTO";"GOBIERNO REGIONAL";"I-1";"00001907";"CAPITAN HOYLE  *";"NE_0001";"";"NE_0001";"NE_0001";"NE_0001";"NE_0001";"NE_0001";"NE_0001";"NE_0001"
"2023";"05";"240202";"TUMBES";"CONTRALMIRANTE VILLAR";"CASITAS";"GOBIERNO REGIONAL";"I-3";"00001897";"CAÑAVERAL";"NE_0001";"";"NE_0001";"NE_0001";"NE_0001";"NE_0001";"NE_0001";"NE_0001";"NE_0001"
"2023";"05";"240202";"TUMBES";"CONTRALMIRANTE VILLAR";"CASITAS";"GOBIERNO REGIONAL";"I-1";"00001898";"TRIGAL";"NE_0001";"";"NE_0001";"NE_0001";"NE_0001";"NE_0001";"NE_0001";"NE_0001";"NE_0001"
"2023";"05";"240202";"TUMBES";"CONTRALMIRANTE VILLAR";"CASITAS";"GOBIERNO REGIONAL";"I-2";"00001899";"LA CHOZA";"NE_0001";"";"NE_0001";"NE_0001";"NE_0001";"NE_0001";"NE_0001";"NE_0001";"NE_0001"
"2023";"05";"240203";"TUMBES";"CONTRALMIRANTE VILLAR";"CANOAS DE PUNTA SAL";"GOBIERNO REGIONAL";"I-1";"00001905";"BARRANCOS.";"NE_0001";"";"NE_0001";"NE_0001";"NE_0001";"NE_0001";"NE_0001";"NE_0001";"NE_0001"
"2023";"05";"240203";"TUMBES";"CONTRALMIRANTE VILLAR";"CANOAS DE PUNTA SAL";"GOBIERNO REGIONAL";"I-1";"00001906";"PAJARITOS";"NE_0001";"";"NE_0001";"NE_0001";"NE_0001";"NE_0001";"NE_0001";"NE_0001";"NE_0001"
"2023";"05";"240201";"TUMBES";"CONTRALMIRANTE VILLAR";"ZORRITOS";"GOBIERNO REGIONAL";"I-4";"00001900";"ZORRITOS";"241800";"HOSPITALIZACIÓN DE MEDICINA MEDICINA GENERAL ";"4";"4";"11";"8";"1";"31";"0"
"2023";"05";"240201";"TUMBES";"CONTRALMIRANTE VILLAR";"ZORRITOS";"GOBIERNO REGIONAL";"I-4";"00001900";"ZORRITOS";"241600";"HOSPITALIZACIÓN QUIRÚRGICA OBSTETRICIA   ";"7";"7";"9";"7";"1";"31";"0"
"2023";"05";"240203";"TUMBES";"CONTRALMIRANTE VILLAR";"CANOAS DE PUNTA SAL";"GOBIERNO REGIONAL";"I-3";"00001902";"CANCAS";"NE_0001";"";"NE_0001";"NE_0001";"NE_0001";"NE_0001";"NE_0001";"NE_0001";"NE_0001"
"2023";"05";"150131";"LIMA";"LIMA";"SAN ISIDRO";"PRIVADO";"II-E";"00018667";"CLINICA ARROYO";"NE_0001";"";"NE_0001";"NE_0001";"NE_0001";"NE_0001";"NE_0001";"NE_0001";"NE_0001"
"2023";"05";"070101";"CALLAO";"CALLAO";"CALLAO";"GOBIERNO REGIONAL";"I-4";"00006230";"CENTRO DE SALUD ACAPULCO";"241400";"HOSPITALIZACIÓN QUIRÚRGICA GINECO - OBSTETRICIA ";"1";"1";"1";"31";"8";"248";"0"
"2023";"05";"040101";"AREQUIPA";"AREQUIPA";"AREQUIPA";"GOBIERNO REGIONAL";"III-1";"00001232";"HOSPITAL GOYENECHE";"241900";"HOSPITALIZACIÓN DE MEDICINA MEDICINA INTERNA ";"106";"102";"1305";"1275";"53";"1643";"19"
"2023";"05";"040101";"AREQUIPA";"AREQUIPA";"AREQUIPA";"GOBIERNO REGIONAL";"III-1";"00001232";"HOSPITAL GOYENECHE";"240100";"HOSPITALIZACIÓN QUIRÚRGICA CIRUGÍA GENERAL ";"157";"163";"1252";"1255";"48";"1488";"0"
"2023";"05";"040101";"AREQUIPA";"AREQUIPA";"AREQUIPA";"GOBIERNO REGIONAL";"III-1";"00001232";"HOSPITAL GOYENECHE";"240000";"HOSPITALIZACIÓN";"74";"75";"976";"861";"30";"930";"0"
"2023";"05";"040101";"AREQUIPA";"AREQUIPA";"AREQUIPA";"GOBIERNO REGIONAL";"III-1";"00001232";"HOSPITAL GOYENECHE";"242100";"HOSPITALIZACIÓN DE MEDICINA ONCOLOGÍA MÉDICA ";"71";"69";"347";"347";"22";"682";"1"
"2023";"05";"040101";"AREQUIPA";"AREQUIPA";"AREQUIPA";"GOBIERNO REGIONAL";"III-1";"00001232";"HOSPITAL GOYENECHE";"242500";"HOSPITALIZACIÓN-PEDIATRÍA GENERAL-";"81";"83";"277";"284";"28";"868";"0"
"2023";"05";"040101";"AREQUIPA";"AREQUIPA";"AREQUIPA";"GOBIERNO REGIONAL";"III-1";"00001232";"HOSPITAL GOYENECHE";"240700";"HOSPITALIZACIÓN QUIRÚRGICA CIRUGÍA PEDIÁTRICA ";"32";"37";"198";"182";"7";"217";"0"
"2023";"05";"040101";"AREQUIPA";"AREQUIPA";"AREQUIPA";"GOBIERNO REGIONAL";"III-1";"00001232";"HOSPITAL GOYENECHE";"243200";"HOSPITALIZACIÓN DE PEDIATRÍA PEDIATRIA NEONATOLOGÍA";"108";"123";"513";"424";"15";"465";"0"
"2023";"05";"040101";"AREQUIPA";"AREQUIPA";"AREQUIPA";"GOBIERNO REGIONAL";"III-1";"00001232";"HOSPITAL GOYENECHE";"241500";"HOSPITALIZACIÓN QUIRÚRGICA GINECOLOGÍA  ";"203";"196";"504";"507";"20";"620";"0"
"2023";"05";"040101";"AREQUIPA";"AREQUIPA";"AREQUIPA";"GOBIERNO REGIONAL";"III-1";"00001232";"HOSPITAL GOYENECHE";"241600";"HOSPITALIZACIÓN QUIRÚRGICA OBSTETRICIA   ";"270";"275";"874";"761";"36";"1116";"0"
"2023";"05";"040101";"AREQUIPA";"AREQUIPA";"AREQUIPA";"GOBIERNO REGIONAL";"III-1";"00001232";"HOSPITAL GOYENECHE";"250100";"UNIDAD DE CUIDADOS CRITICOS UNIDAD  DE CUIDADOS INTENSIVOS GENERALES (UCI) ";"3";"3";"54";"165";"6";"186";"2"
"2023";"05";"040101";"AREQUIPA";"AREQUIPA";"AREQUIPA";"GOBIERNO REGIONAL";"III-1";"00001232";"HOSPITAL GOYENECHE";"250105";"UNIDAD DE CUIDADOS CRITICOS UNIDAD  DE CUIDADOS INTENSIVOS  (UCI) NEONATOLOGÍA";"16";"1";"6";"163";"6";"186";"1"
"2023";"05";"040101";"AREQUIPA";"AREQUIPA";"AREQUIPA";"GOBIERNO REGIONAL";"III-1";"00001232";"HOSPITAL GOYENECHE";"250000";"UNIDAD DE CUIDADOS CRITICOS  ";"0";"2";"57";"7";"13";"78";"0"
"2023";"05";"070101";"CALLAO";"CALLAO";"CALLAO";"GOBIERNO REGIONAL";"0";"00031162";"HOGAR PROTEGIDO ACAPULCO";"NE_0001";"";"NE_0001";"NE_0001";"NE_0001";"NE_0001";"NE_0001";"NE_0001";"NE_0001"
"2023";"05";"070101";"CALLAO";"CALLAO";"CALLAO";"GOBIERNO REGIONAL";"I-2";"00020823";"CENTRO DE SALUD MENTAL COMUNITARIO SARITA COLONIA";"NE_0001";"";"NE_0001";"NE_0001";"NE_0001";"NE_0001";"NE_0001";"NE_0001";"NE_0001"
"2023";"05";"070101";"CALLAO";"CALLAO";"CALLAO";"GOBIERNO REGIONAL";"I-4";"00006230";"CENTRO DE SALUD ACAPULCO";"241400";"HOSPITALIZACIÓN QUIRÚRGICA GINECO - OBSTETRICIA ";"1";"1";"1";"31";"8";"248";"0"
"2023";"05";"070102";"CALLAO";"CALLAO";"BELLAVISTA";"GOBIERNO REGIONAL";"III-1";"00006218";"NAC. DANIEL A. CARRION";"241900";"HOSPITALIZACIÓN DE MEDICINA MEDICINA INTERNA ";"281";"286";"4495";"4262";"146";"4516";"27"
"2023";"05";"070102";"CALLAO";"CALLAO";"BELLAVISTA";"GOBIERNO REGIONAL";"III-1";"00006218";"NAC. DANIEL A. CARRION";"245300";"HOSPITALIZACIÓN DE MEDICINA NEUMOLOGÍA  ";"4";"6";"162";"373";"13";"411";"0"
"2023";"05";"070102";"CALLAO";"CALLAO";"BELLAVISTA";"GOBIERNO REGIONAL";"III-1";"00006218";"NAC. DANIEL A. CARRION";"240100";"HOSPITALIZACIÓN QUIRÚRGICA CIRUGÍA GENERAL ";"248";"276";"2224";"1732";"77";"2397";"2"
"2023";"05";"070102";"CALLAO";"CALLAO";"BELLAVISTA";"GOBIERNO REGIONAL";"III-1";"00006218";"NAC. DANIEL A. CARRION";"241200";"HOSPITALIZACIÓN QUIRÚRGICA TRAUMATOLOGÍA Y ORTOPEDIA ";"39";"52";"1304";"929";"32";"992";"0"
"2023";"05";"070102";"CALLAO";"CALLAO";"BELLAVISTA";"GOBIERNO REGIONAL";"III-1";"00006218";"NAC. DANIEL A. CARRION";"240900";"HOSPITALIZACIÓN QUIRÚRGICA NEUROCIRUGÍA ";"82";"56";"522";"835";"32";"987";"1"
"2023";"05";"070102";"CALLAO";"CALLAO";"BELLAVISTA";"GOBIERNO REGIONAL";"III-1";"00006218";"NAC. DANIEL A. CARRION";"240700";"HOSPITALIZACIÓN QUIRÚRGICA CIRUGÍA PEDIÁTRICA ";"68";"71";"267";"235";"18";"558";"0"
"2023";"03";"150801";"LIMA";"HUAURA";"HUACHO";"PRIVADO";"II-1";"00010883";"CLINICA SAN PEDRO";"240100";"HOSPITALIZACIÓN QUIRÚRGICA CIRUGÍA GENERAL ";"33";"32";"35";"33";"2";"60";"0"
"2023";"03";"150801";"LIMA";"HUAURA";"HUACHO";"PRIVADO";"II-1";"00010883";"CLINICA SAN PEDRO";"240800";"HOSPITALIZACIÓN QUIRÚRGICA CIRUGÍA PLÁSTICA/RECONSTRUCTIVA/ REPARADORA ";"1";"1";"0";"1";"1";"30";"0"
"2023";"03";"150801";"LIMA";"HUAURA";"HUACHO";"PRIVADO";"II-1";"00010883";"CLINICA SAN PEDRO";"241500";"HOSPITALIZACIÓN QUIRÚRGICA GINECOLOGÍA  ";"22";"22";"31";"22";"4";"120";"0"
"2023";"03";"150801";"LIMA";"HUAURA";"HUACHO";"PRIVADO";"II-1";"00010883";"CLINICA SAN PEDRO";"241200";"HOSPITALIZACIÓN QUIRÚRGICA TRAUMATOLOGÍA Y ORTOPEDIA ";"54";"54";"43";"41";"2";"60";"0"
"2023";"03";"150801";"LIMA";"HUAURA";"HUACHO";"PRIVADO";"II-1";"00010883";"CLINICA SAN PEDRO";"241300";"HOSPITALIZACIÓN QUIRÚRGICA UROLOGÍA  ";"2";"2";"0";"2";"1";"30";"0"
"2023";"03";"150801";"LIMA";"HUAURA";"HUACHO";"PRIVADO";"II-1";"00010883";"CLINICA SAN PEDRO";"242500";"HOSPITALIZACIÓN-PEDIATRÍA GENERAL-";"2";"2";"3";"2";"1";"30";"0"
"2023";"03";"150801";"LIMA";"HUAURA";"HUACHO";"PRIVADO";"II-1";"00010883";"CLINICA SAN PEDRO";"240400";"HOSPITALIZACIÓN QUIRÚRGICA CIRUGÍA DE TÓRAX Y CARDIOVASCULAR ";"2";"2";"0";"2";"1";"30";"0"
"2023";"03";"200701";"PIURA";"TALARA";"PARIÑAS";"PRIVADO";"II-1";"00011396";"ADMINISTRADORA CLINICA TRESA";"241900";"HOSPITALIZACIÓN DE MEDICINA MEDICINA INTERNA ";"20";"18";"40";"168";"6";"186";"0"
"2023";"03";"200701";"PIURA";"TALARA";"PARIÑAS";"PRIVADO";"II-1";"00011396";"ADMINISTRADORA CLINICA TRESA";"240100";"HOSPITALIZACIÓN QUIRÚRGICA CIRUGÍA GENERAL ";"15";"15";"30";"80";"3";"93";"0"
"2023";"03";"200701";"PIURA";"TALARA";"PARIÑAS";"PRIVADO";"II-1";"00011396";"ADMINISTRADORA CLINICA TRESA";"241200";"HOSPITALIZACIÓN QUIRÚRGICA TRAUMATOLOGÍA Y ORTOPEDIA ";"8";"8";"20";"55";"2";"62";"0"
"2023";"03";"200701";"PIURA";"TALARA";"PARIÑAS";"PRIVADO";"II-1";"00011396";"ADMINISTRADORA CLINICA TRESA";"241500";"HOSPITALIZACIÓN QUIRÚRGICA GINECOLOGÍA  ";"9";"9";"21";"55";"2";"62";"0"
"2023";"03";"200701";"PIURA";"TALARA";"PARIÑAS";"PRIVADO";"II-1";"00011396";"ADMINISTRADORA CLINICA TRESA";"242300";"HOSPITALIZACIÓN DE PEDIATRÍA  PEDIATRÍA  GENERAL ";"23";"22";"34";"165";"6";"186";"0"
"2023";"03";"140101";"LAMBAYEQUE";"CHICLAYO";"CHICLAYO";"PRIVADO";"II-E";"00008151";"CLÍNICA METROPOLITANA";"240000";"HOSPITALIZACIÓN";"223";"221";"197";"466";"24";"720";"0"
"2023";"03";"110101";"ICA";"ICA";"ICA";"PRIVADO";"I-4";"00009660";"SEÑOR DE LUREN DE ICA";"240000";"HOSPITALIZACIÓN";"87";"87";"142";"155";"14";"434";"17"
"2023";"03";"150131";"LIMA";"LIMA";"SAN ISIDRO";"PRIVADO";"III-1";"00009409";"CLINICA RICARDO PALMA";"240000";"HOSPITALIZACIÓN";"864";"682";"2962";"3486";"149";"3760";"13"
"2023";"03";"150131";"LIMA";"LIMA";"SAN ISIDRO";"PRIVADO";"III-1";"00009409";"CLINICA RICARDO PALMA";"242300";"HOSPITALIZACIÓN DE PEDIATRÍA  PEDIATRÍA  GENERAL ";"105";"91";"453";"468";"18";"557";"2"
"2023";"03";"150131";"LIMA";"LIMA";"SAN ISIDRO";"PRIVADO";"III-1";"00009409";"CLINICA RICARDO PALMA";"241400";"HOSPITALIZACIÓN QUIRÚRGICA GINECO - OBSTETRICIA ";"75";"58";"196";"216";"8";"247";"0"
"2023";"03";"150131";"LIMA";"LIMA";"SAN ISIDRO";"PRIVADO";"III-1";"00009409";"CLINICA RICARDO PALMA";"250105";"UNIDAD DE CUIDADOS CRITICOS UNIDAD  DE CUIDADOS INTENSIVOS  (UCI) NEONATOLOGÍA";"3";"4";"75";"46";"4";"124";"0"
"2023";"03";"150133";"LIMA";"LIMA";"SAN JUAN DE MIRAFLORES";"PRIVADO";"II-2";"00018985";"CLINICA SANTA MARTHA DEL SUR";"240000";"HOSPITALIZACIÓN";"200";"190";"503";"1721";"82";"2542";"0"
"2023";"03";"150133";"LIMA";"LIMA";"SAN JUAN DE MIRAFLORES";"PRIVADO";"II-2";"00018985";"CLINICA SANTA MARTHA DEL SUR";"250100";"UNIDAD DE CUIDADOS CRITICOS UNIDAD  DE CUIDADOS INTENSIVOS GENERALES (UCI) ";"19";"22";"61";"59";"6";"186";"1"
"2023";"03";"060615";"CAJAMARCA";"CUTERVO";"TORIBIO CASANOVA";"GOBIERNO REGIONAL";"I-1";"00005017";"PERLAMAYO";"NE_0001";"";"NE_0001";"NE_0001";"NE_0001";"NE_0001";"NE_0001";"NE_0001";"NE_0001"
"2023";"03";"060615";"CAJAMARCA";"CUTERVO";"TORIBIO CASANOVA";"GOBIERNO REGIONAL";"I-3";"00005019";"LA SACILIA";"NE_0001";"";"NE_0001";"NE_0001";"NE_0001";"NE_0001";"NE_0001";"NE_0001";"NE_0001"
"2023";"03";"060604";"CAJAMARCA";"CUTERVO";"CUJILLO";"GOBIERNO REGIONAL";"I-3";"00004974";"CUJILLO";"NE_0001";"";"NE_0001";"NE_0001";"NE_0001";"NE_0001";"NE_0001";"NE_0001";"NE_0001"
"2023";"03";"060604";"CAJAMARCA";"CUTERVO";"CUJILLO";"GOBIERNO REGIONAL";"I-1";"00006959";"CUNUAT";"NE_0001";"";"NE_0001";"NE_0001";"NE_0001";"NE_0001";"NE_0001";"NE_0001";"NE_0001"
"2023";"03";"060603";"CAJAMARCA";"CUTERVO";"CHOROS";"GOBIERNO REGIONAL";"I-1";"00007698";"SAN PEDRO DE CHOROS";"NE_0001";"";"NE_0001";"NE_0001";"NE_0001";"NE_0001";"NE_0001";"NE_0001";"NE_0001"
"2023";"03";"060603";"CAJAMARCA";"CUTERVO";"CHOROS";"GOBIERNO REGIONAL";"I-1";"00004972";"MESARRUME";"NE_0001";"";"NE_0001";"NE_0001";"NE_0001";"NE_0001";"NE_0001";"NE_0001";"NE_0001"
"2023";"03";"060603";"CAJAMARCA";"CUTERVO";"CHOROS";"GOBIERNO REGIONAL";"I-3";"00004971";"CHOROS";"NE_0001";"";"NE_0001";"NE_0001";"NE_0001";"NE_0001";"NE_0001";"NE_0001";"NE_0001"
"2023";"03";"060604";"CAJAMARCA";"CUTERVO";"CUJILLO";"GOBIERNO REGIONAL";"I-1";"00004975";"YUNCHACO";"NE_0001";"";"NE_0001";"NE_0001";"NE_0001";"NE_0001";"NE_0001";"NE_0001";"NE_0001"
"2023";"03";"060613";"CAJAMARCA";"CUTERVO";"SANTO TOMAS";"GOBIERNO REGIONAL";"I-1";"00004976";"MALLETA";"NE_0001";"";"NE_0001";"NE_0001";"NE_0001";"NE_0001";"NE_0001";"NE_0001";"NE_0001"
"2023";"04";"150110";"LIMA";"LIMA";"COMAS";"PRIVADO";"I-2";"00013834";"ARIE";"NE_0002";"";"NE_0002";"NE_0002";"NE_0002";"NE_0002";"NE_0002";"NE_0002";"NE_0002"
"2023";"04";"131101";"LA LIBERTAD";"GRAN CHIMU";"CASCAS";"GOBIERNO REGIONAL";"II-1";"00005277";"HOSPITAL PROVINCIAL DE CASCAS";"241600";"HOSPITALIZACIÓN QUIRÚRGICA OBSTETRICIA   ";"9";"11";"40";"81";"10";"328";"0"
"2023";"04";"131101";"LA LIBERTAD";"GRAN CHIMU";"CASCAS";"GOBIERNO REGIONAL";"II-1";"00005277";"HOSPITAL PROVINCIAL DE CASCAS";"241800";"HOSPITALIZACIÓN DE MEDICINA MEDICINA GENERAL ";"8";"9";"39";"8";"6";"62";"0"
"2023";"04";"060801";"CAJAMARCA";"JAEN";"JAEN";"GOBIERNO REGIONAL";"I-1";"00004221";"VALILLO";"NE_0001";"";"NE_0001";"NE_0001";"NE_0001";"NE_0001";"NE_0001";"NE_0001";"NE_0001"
"2023";"04";"060801";"CAJAMARCA";"JAEN";"JAEN";"GOBIERNO REGIONAL";"I-2";"00025858";"NUEVO HORIZONTE";"NE_0001";"";"NE_0001";"NE_0001";"NE_0001";"NE_0001";"NE_0001";"NE_0001";"NE_0001"
"2023";"04";"060801";"CAJAMARCA";"JAEN";"JAEN";"GOBIERNO REGIONAL";"I-1";"00004215";"CHAMAYA";"NE_0001";"";"NE_0001";"NE_0001";"NE_0001";"NE_0001";"NE_0001";"NE_0001";"NE_0001"
"2023";"04";"060801";"CAJAMARCA";"JAEN";"JAEN";"GOBIERNO REGIONAL";"I-2";"00007168";"MONTEGRANDE";"NE_0001";"";"NE_0001";"NE_0001";"NE_0001";"NE_0001";"NE_0001";"NE_0001";"NE_0001"
"2023";"04";"060801";"CAJAMARCA";"JAEN";"JAEN";"GOBIERNO REGIONAL";"I-1";"00004220";"PALMA CENTRAL";"NE_0001";"";"NE_0001";"NE_0001";"NE_0001";"NE_0001";"NE_0001";"NE_0001";"NE_0001"
"2023";"04";"060801";"CAJAMARCA";"JAEN";"JAEN";"GOBIERNO REGIONAL";"I-4";"00004211";"MORRO SOLAR";"241800";"HOSPITALIZACIÓN DE MEDICINA MEDICINA GENERAL ";"47";"45";"51";"47";"8";"189";"0"
"2023";"04";"060801";"CAJAMARCA";"JAEN";"JAEN";"GOBIERNO REGIONAL";"0";"00031497";"HOGAR PROTEGIDO SEÑOR DE HUAMANTANGA";"241800";"HOSPITALIZACIÓN DE MEDICINA MEDICINA GENERAL ";"0";"0";"31";"5";"8";"240";"0"
"2023";"04";"060801";"CAJAMARCA";"JAEN";"JAEN";"GOBIERNO REGIONAL";"I-1";"00004214";"LAS NARANJAS";"NE_0001";"";"NE_0001";"NE_0001";"NE_0001";"NE_0001";"NE_0001";"NE_0001";"NE_0001"
"2023";"04";"060801";"CAJAMARCA";"JAEN";"JAEN";"GOBIERNO REGIONAL";"I-1";"00007024";"SAN MARTIN DE PORRES";"NE_0001";"";"NE_0001";"NE_0001";"NE_0001";"NE_0001";"NE_0001";"NE_0001";"NE_0001"
"2023";"04";"060801";"CAJAMARCA";"JAEN";"JAEN";"GOBIERNO REGIONAL";"I-1";"00004221";"VALILLO";"NE_0001";"";"NE_0001";"NE_0001";"NE_0001";"NE_0001";"NE_0001";"NE_0001";"NE_0001"
"2023";"04";"060801";"CAJAMARCA";"JAEN";"JAEN";"GOBIERNO REGIONAL";"I-2";"00025858";"NUEVO HORIZONTE";"NE_0001";"";"NE_0001";"NE_0001";"NE_0001";"NE_0001";"NE_0001";"NE_0001";"NE_0001"
"2023";"04";"150117";"LIMA";"LIMA";"LOS OLIVOS";"PRIVADO";"II-E";"00018307";"CLINICA MARIA SRL";"240100";"HOSPITALIZACIÓN QUIRÚRGICA CIRUGÍA GENERAL ";"28";"28";"31";"31";"8";"209";"0"
"2023";"04";"080108";"CUSCO";"CUSCO";"WANCHAQ";"PRIVADO";"II-E";"00010023";"CORNEJO";"NE_0002";"";"NE_0002";"NE_0002";"NE_0002";"NE_0002";"NE_0002";"NE_0002";"NE_0002"
"2023";"04";"110201";"ICA";"CHINCHA";"CHINCHA ALTA";"GOBIERNO REGIONAL";"II-1";"00003414";"HOSPITAL SAN JOSE DE CHINCHA";"240100";"HOSPITALIZACIÓN QUIRÚRGICA CIRUGÍA GENERAL ";"99";"115";"551";"241";"28";"840";"0"
"2023";"04";"110201";"ICA";"CHINCHA";"CHINCHA ALTA";"GOBIERNO REGIONAL";"II-1";"00003414";"HOSPITAL SAN JOSE DE CHINCHA";"241400";"HOSPITALIZACIÓN QUIRÚRGICA GINECO - OBSTETRICIA ";"283";"289";"635";"891";"40";"1200";"0"
"2023";"04";"110201";"ICA";"CHINCHA";"CHINCHA ALTA";"GOBIERNO REGIONAL";"II-1";"00003414";"HOSPITAL SAN JOSE DE CHINCHA";"241800";"HOSPITALIZACIÓN DE MEDICINA MEDICINA GENERAL ";"224";"248";"1325";"1150";"68";"2040";"22"
"2023";"04";"110201";"ICA";"CHINCHA";"CHINCHA ALTA";"GOBIERNO REGIONAL";"II-1";"00003414";"HOSPITAL SAN JOSE DE CHINCHA";"242500";"HOSPITALIZACIÓN-PEDIATRÍA GENERAL-";"147";"140";"467";"415";"20";"600";"0"
"2023";"04";"040125";"AREQUIPA";"AREQUIPA";"VITOR";"GOBIERNO REGIONAL";"I-3";"00001324";"CENTRO DE SALUD VITOR";"NE_0001";"";"NE_0001";"NE_0001";"NE_0001";"NE_0001";"NE_0001";"NE_0001";"NE_0001"
"2023";"04";"040121";"AREQUIPA";"AREQUIPA";"SANTA RITA DE SIHUAS";"GOBIERNO REGIONAL";"I-3";"00001335";"CENTRO  DE SALUD SANTA RITA DE SIGUAS";"NE_0001";"";"NE_0001";"NE_0001";"NE_0001";"NE_0001";"NE_0001";"NE_0001";"NE_0001"
"2023";"04";"040125";"AREQUIPA";"AREQUIPA";"VITOR";"GOBIERNO REGIONAL";"I-2";"00001334";"PUESTO DE SALUD YURAMAYO";"NE_0001";"";"NE_0001";"NE_0001";"NE_0001";"NE_0001";"NE_0001";"NE_0001";"NE_0001"
"2023";"05";"150115";"LIMA";"LIMA";"LA VICTORIA";"MINSA";"III-E";"00006212";"HOSPITAL DE EMERGENCIAS PEDIATRICAS";"240700";"HOSPITALIZACIÓN QUIRÚRGICA CIRUGÍA PEDIÁTRICA ";"37";"34";"296";"187";"7";"217";"0"
"2023";"05";"150115";"LIMA";"LIMA";"LA VICTORIA";"MINSA";"III-E";"00006212";"HOSPITAL DE EMERGENCIAS PEDIATRICAS";"250105";"UNIDAD DE CUIDADOS CRITICOS UNIDAD  DE CUIDADOS INTENSIVOS  (UCI) NEONATOLOGÍA";"6";"6";"174";"94";"4";"124";"0"
"2023";"05";"150115";"LIMA";"LIMA";"LA VICTORIA";"MINSA";"III-E";"00006212";"HOSPITAL DE EMERGENCIAS PEDIATRICAS";"250108";"UNIDAD DE CUIDADOS CRITICOS UNIDAD  DE CUIDADOS INTENSIVOS  (UCI) PEDIÁTRICA";"19";"20";"91";"245";"8";"248";"1"
"2023";"05";"150115";"LIMA";"LIMA";"LA VICTORIA";"MINSA";"III-E";"00006212";"HOSPITAL DE EMERGENCIAS PEDIATRICAS";"240900";"HOSPITALIZACIÓN QUIRÚRGICA NEUROCIRUGÍA ";"31";"22";"208";"111";"5";"155";"0"
"2023";"05";"150115";"LIMA";"LIMA";"LA VICTORIA";"MINSA";"III-E";"00006212";"HOSPITAL DE EMERGENCIAS PEDIATRICAS";"241200";"HOSPITALIZACIÓN QUIRÚRGICA TRAUMATOLOGÍA Y ORTOPEDIA ";"41";"38";"127";"119";"5";"155";"0"
"2023";"05";"150115";"LIMA";"LIMA";"LA VICTORIA";"MINSA";"III-E";"00006212";"HOSPITAL DE EMERGENCIAS PEDIATRICAS";"242300";"HOSPITALIZACIÓN DE PEDIATRÍA  PEDIATRÍA  GENERAL ";"84";"65";"564";"739";"24";"744";"1"
"2023";"05";"230401";"TACNA";"TARATA";"TARATA";"ESSALUD";"I-2";"00010192";"CENTRO DE ATENCION PRIMARIA I TARATA";"NE_0001";"";"NE_0001";"NE_0001";"NE_0001";"NE_0001";"NE_0001";"NE_0001";"NE_0001"
"2023";"05";"220901";"SAN MARTIN";"SAN MARTIN";"TARAPOTO";"GOBIERNO REGIONAL";"II-2";"00006918";"HOSPITAL TARAPOTO";"241800";"HOSPITALIZACIÓN DE MEDICINA MEDICINA GENERAL ";"158";"179";"1763";"1763";"57";"1767";"11"
"2023";"05";"220901";"SAN MARTIN";"SAN MARTIN";"TARAPOTO";"GOBIERNO REGIONAL";"II-2";"00006918";"HOSPITAL TARAPOTO";"240100";"HOSPITALIZACIÓN QUIRÚRGICA CIRUGÍA GENERAL ";"238";"238";"1250";"1250";"42";"1302";"1"
"2023";"05";"220901";"SAN MARTIN";"SAN MARTIN";"TARAPOTO";"GOBIERNO REGIONAL";"II-2";"00006918";"HOSPITAL TARAPOTO";"241400";"HOSPITALIZACIÓN QUIRÚRGICA GINECO - OBSTETRICIA ";"272";"270";"610";"610";"28";"864";"0"
"2023";"05";"220901";"SAN MARTIN";"SAN MARTIN";"TARAPOTO";"GOBIERNO REGIONAL";"II-2";"00006918";"HOSPITAL TARAPOTO";"241500";"HOSPITALIZACIÓN QUIRÚRGICA GINECOLOGÍA  ";"35";"34";"106";"106";"7";"217";"0"
"2023";"05";"220901";"SAN MARTIN";"SAN MARTIN";"TARAPOTO";"GOBIERNO REGIONAL";"II-2";"00006918";"HOSPITAL TARAPOTO";"242500";"HOSPITALIZACIÓN-PEDIATRÍA GENERAL-";"73";"71";"448";"448";"15";"465";"0"
"2023";"04";"250203";"UCAYALI";"ATALAYA";"TAHUANIA";"MINSA";"I-1";"00032189";"PUESTO DE SALUD MENCORIARI.";"NE_0001";"";"NE_0001";"NE_0001";"NE_0001";"NE_0001";"NE_0001";"NE_0001";"NE_0001"
"2023";"04";"250203";"UCAYALI";"ATALAYA";"TAHUANIA";"MINSA";"I-1";"00031894";"PUESTO DE SALUD NUEVO PARAISO-TAHUANIA.";"NE_0001";"";"NE_0001";"NE_0001";"NE_0001";"NE_0001";"NE_0001";"NE_0001";"NE_0001"
"2023";"04";"250202";"UCAYALI";"ATALAYA";"SEPAHUA";"GOBIERNO REGIONAL";"I-1";"00019549";"SANTA ROSA DE SERJALI";"NE_0001";"";"NE_0001";"NE_0001";"NE_0001";"NE_0001";"NE_0001";"NE_0001";"NE_0001"
"2023";"04";"250203";"UCAYALI";"ATALAYA";"TAHUANIA";"GOBIERNO REGIONAL";"I-1";"00007106";"TONIROMASHI";"NE_0001";"";"NE_0001";"NE_0001";"NE_0001";"NE_0001";"NE_0001";"NE_0001";"NE_0001"
"2023";"04";"250202";"UCAYALI";"ATALAYA";"SEPAHUA";"GOBIERNO REGIONAL";"I-1";"00005525";"PUIJA";"NE_0001";"";"NE_0001";"NE_0001";"NE_0001";"NE_0001";"NE_0001";"NE_0001";"NE_0001"
"2023";"04";"250202";"UCAYALI";"ATALAYA";"SEPAHUA";"GOBIERNO REGIONAL";"I-1";"00005524";"BUFEO POZO";"NE_0001";"";"NE_0001";"NE_0001";"NE_0001";"NE_0001";"NE_0001";"NE_0001";"NE_0001"
"2023";"04";"250202";"UCAYALI";"ATALAYA";"SEPAHUA";"GOBIERNO REGIONAL";"I-3";"00005523";"SEPAHUA";"NE_0001";"";"NE_0001";"NE_0001";"NE_0001";"NE_0001";"NE_0001";"NE_0001";"NE_0001"
"2023";"04";"250203";"UCAYALI";"ATALAYA";"TAHUANIA";"GOBIERNO REGIONAL";"I-1";"00005522";"TUPAC AMARU";"NE_0001";"";"NE_0001";"NE_0001";"NE_0001";"NE_0001";"NE_0001";"NE_0001";"NE_0001"
"2023";"04";"250203";"UCAYALI";"ATALAYA";"TAHUANIA";"GOBIERNO REGIONAL";"I-2";"00005521";"NUEVA ITALIA";"NE_0001";"";"NE_0001";"NE_0001";"NE_0001";"NE_0001";"NE_0001";"NE_0001";"NE_0001"
"2023";"04";"250203";"UCAYALI";"ATALAYA";"TAHUANIA";"GOBIERNO REGIONAL";"I-1";"00005520";"SHAHUAYA";"NE_0001";"";"NE_0001";"NE_0001";"NE_0001";"NE_0001";"NE_0001";"NE_0001";"NE_0001"
"2023";"04";"250203";"UCAYALI";"ATALAYA";"TAHUANIA";"GOBIERNO REGIONAL";"I-1";"00005519";"SEMPAYA";"NE_0001";"";"NE_0001";"NE_0001";"NE_0001";"NE_0001";"NE_0001";"NE_0001";"NE_0001"
"2023";"04";"250203";"UCAYALI";"ATALAYA";"TAHUANIA";"GOBIERNO REGIONAL";"I-3";"00005518";"BOLOGNESI";"NE_0001";"";"NE_0001";"NE_0001";"NE_0001";"NE_0001";"NE_0001";"NE_0001";"NE_0001"
"2023";"04";"250201";"UCAYALI";"ATALAYA";"RAIMONDI";"GOBIERNO REGIONAL";"I-1";"00005517";"SERJALI";"NE_0001";"";"NE_0001";"NE_0001";"NE_0001";"NE_0001";"NE_0001";"NE_0001";"NE_0001"
"2023";"04";"250201";"UCAYALI";"ATALAYA";"RAIMONDI";"GOBIERNO REGIONAL";"I-1";"00005516";"RIMA";"NE_0001";"";"NE_0001";"NE_0001";"NE_0001";"NE_0001";"NE_0001";"NE_0001";"NE_0001"
"2023";"04";"250201";"UCAYALI";"ATALAYA";"RAIMONDI";"GOBIERNO REGIONAL";"I-1";"00005515";"ALTO CHENCORENI";"NE_0001";"";"NE_0001";"NE_0001";"NE_0001";"NE_0001";"NE_0001";"NE_0001";"NE_0001"
"2023";"04";"250201";"UCAYALI";"ATALAYA";"RAIMONDI";"GOBIERNO REGIONAL";"I-1";"00005514";"CHEQUITAVO";"NE_0001";"";"NE_0001";"NE_0001";"NE_0001";"NE_0001";"NE_0001";"NE_0001";"NE_0001"
"2023";"04";"250201";"UCAYALI";"ATALAYA";"RAIMONDI";"GOBIERNO REGIONAL";"I-1";"00005512";"MAPALCA";"NE_0001";"";"NE_0001";"NE_0001";"NE_0001";"NE_0001";"NE_0001";"NE_0001";"NE_0001"
"2023";"04";"250201";"UCAYALI";"ATALAYA";"RAIMONDI";"GOBIERNO REGIONAL";"I-1";"00005511";"PAOTI";"NE_0001";"";"NE_0001";"NE_0001";"NE_0001";"NE_0001";"NE_0001";"NE_0001";"NE_0001"
"2023";"04";"250201";"UCAYALI";"ATALAYA";"RAIMONDI";"GOBIERNO REGIONAL";"I-1";"00005510";"LA FLORESTA";"NE_0001";"";"NE_0001";"NE_0001";"NE_0001";"NE_0001";"NE_0001";"NE_0001";"NE_0001"
"2023";"04";"250201";"UCAYALI";"ATALAYA";"RAIMONDI";"MINSA";"I-1";"00005509";"CHICOSA";"NE_0001";"";"NE_0001";"NE_0001";"NE_0001";"NE_0001";"NE_0001";"NE_0001";"NE_0001"
"2023";"04";"250201";"UCAYALI";"ATALAYA";"RAIMONDI";"MINSA";"I-1";"00005508";"UNINI";"NE_0001";"";"NE_0001";"NE_0001";"NE_0001";"NE_0001";"NE_0001";"NE_0001";"NE_0001"
"2023";"04";"250201";"UCAYALI";"ATALAYA";"RAIMONDI";"GOBIERNO REGIONAL";"I-1";"00005507";"BOCA PUCANI";"NE_0001";"";"NE_0001";"NE_0001";"NE_0001";"NE_0001";"NE_0001";"NE_0001";"NE_0001"
"2023";"03";"120114";"JUNIN";"HUANCAYO";"EL TAMBO";"ESSALUD";"III-1";"00008652";"HOSPITAL NACIONAL RAMIRO PRIALE PRIALE";"242600";"HOSPITALIZACIÓN DE PEDIATRÍA PEDIATRIA CARDIOLOGÍA PEDIÁTRICA";"13";"14";"115";"107";"4";"124";"0"
"2023";"03";"120114";"JUNIN";"HUANCAYO";"EL TAMBO";"ESSALUD";"III-1";"00008652";"HOSPITAL NACIONAL RAMIRO PRIALE PRIALE";"242900";"HOSPITALIZACIÓN DE PEDIATRÍA PEDIATRIA GASTROENTEROLOGÍA PEDIÁTRICA";"19";"16";"206";"222";"8";"248";"0"
"2023";"03";"120114";"JUNIN";"HUANCAYO";"EL TAMBO";"ESSALUD";"III-1";"00008652";"HOSPITAL NACIONAL RAMIRO PRIALE PRIALE";"242202";"HOSPITALIZACIÓN DE MEDICINA PSIQUIATRÍA PSIQUIATRÍA DEL ADULTO Y GERONTE";"39";"41";"676";"475";"16";"496";"8"
"2023";"03";"120114";"JUNIN";"HUANCAYO";"EL TAMBO";"ESSALUD";"III-1";"00008652";"HOSPITAL NACIONAL RAMIRO PRIALE PRIALE";"241900";"HOSPITALIZACIÓN DE MEDICINA MEDICINA INTERNA ";"6";"8";"117";"132";"5";"155";"0"
"2023";"03";"120114";"JUNIN";"HUANCAYO";"EL TAMBO";"ESSALUD";"III-1";"00008652";"HOSPITAL NACIONAL RAMIRO PRIALE PRIALE";"241900";"HOSPITALIZACIÓN DE MEDICINA MEDICINA INTERNA ";"82";"82";"2449";"1220";"40";"1240";"9"
"2023";"03";"120114";"JUNIN";"HUANCAYO";"EL TAMBO";"ESSALUD";"III-1";"00008652";"HOSPITAL NACIONAL RAMIRO PRIALE PRIALE";"243100";"HOSPITALIZACIÓN DE PEDIATRÍA PEDIATRIA NEFROLOGÍA PEDIÁTRICA";"11";"11";"141";"128";"5";"155";"0"
"2023";"03";"120114";"JUNIN";"HUANCAYO";"EL TAMBO";"ESSALUD";"III-1";"00008652";"HOSPITAL NACIONAL RAMIRO PRIALE PRIALE";"242100";"HOSPITALIZACIÓN DE MEDICINA ONCOLOGÍA MÉDICA ";"49";"49";"511";"451";"15";"465";"8"
"2023";"03";"120114";"JUNIN";"HUANCAYO";"EL TAMBO";"ESSALUD";"III-1";"00008652";"HOSPITAL NACIONAL RAMIRO PRIALE PRIALE";"242200";"HOSPITALIZACIÓN DE MEDICINA PSIQUIATRÍA ";"13";"9";"329";"336";"15";"465";"0"
"2023";"03";"120114";"JUNIN";"HUANCAYO";"EL TAMBO";"ESSALUD";"III-1";"00008652";"HOSPITAL NACIONAL RAMIRO PRIALE PRIALE";"242000";"HOSPITALIZACIÓN DE MEDICINA MEDICINA TROPICAL E INFECCIOSAS ";"8";"10";"138";"112";"4";"124";"0"
"2023";"03";"120114";"JUNIN";"HUANCAYO";"EL TAMBO";"ESSALUD";"III-1";"00008652";"HOSPITAL NACIONAL RAMIRO PRIALE PRIALE";"240400";"HOSPITALIZACIÓN QUIRÚRGICA CIRUGÍA DE TÓRAX Y CARDIOVASCULAR ";"13";"15";"31";"27";"1";"31";"0"
"2023";"03";"120114";"JUNIN";"HUANCAYO";"EL TAMBO";"ESSALUD";"III-1";"00008652";"HOSPITAL NACIONAL RAMIRO PRIALE PRIALE";"240400";"HOSPITALIZACIÓN QUIRÚRGICA CIRUGÍA DE TÓRAX Y CARDIOVASCULAR ";"11";"9";"128";"109";"4";"124";"0"
"2023";"03";"120114";"JUNIN";"HUANCAYO";"EL TAMBO";"ESSALUD";"III-1";"00008652";"HOSPITAL NACIONAL RAMIRO PRIALE PRIALE";"240100";"HOSPITALIZACIÓN QUIRÚRGICA CIRUGÍA GENERAL ";"194";"200";"1017";"895";"30";"930";"0"
"2023";"03";"120114";"JUNIN";"HUANCAYO";"EL TAMBO";"ESSALUD";"III-1";"00008652";"HOSPITAL NACIONAL RAMIRO PRIALE PRIALE";"240900";"HOSPITALIZACIÓN QUIRÚRGICA NEUROCIRUGÍA ";"10";"15";"243";"153";"5";"155";"0"
"2023";"03";"120114";"JUNIN";"HUANCAYO";"EL TAMBO";"ESSALUD";"III-1";"00008652";"HOSPITAL NACIONAL RAMIRO PRIALE PRIALE";"241200";"HOSPITALIZACIÓN QUIRÚRGICA TRAUMATOLOGÍA Y ORTOPEDIA ";"76";"82";"619";"587";"20";"620";"0"
"2023";"03";"120114";"JUNIN";"HUANCAYO";"EL TAMBO";"ESSALUD";"III-1";"00008652";"HOSPITAL NACIONAL RAMIRO PRIALE PRIALE";"241100";"HOSPITALIZACIÓN QUIRÚRGICA OTORRINOLARINGOLOGÍA  ";"1";"2";"22";"21";"1";"31";"0"
"2023";"03";"120114";"JUNIN";"HUANCAYO";"EL TAMBO";"ESSALUD";"III-1";"00008652";"HOSPITAL NACIONAL RAMIRO PRIALE PRIALE";"241300";"HOSPITALIZACIÓN QUIRÚRGICA UROLOGÍA  ";"29";"30";"168";"161";"6";"186";"0"
"2023";"03";"120114";"JUNIN";"HUANCAYO";"EL TAMBO";"ESSALUD";"III-1";"00008652";"HOSPITAL NACIONAL RAMIRO PRIALE PRIALE";"241600";"HOSPITALIZACIÓN QUIRÚRGICA OBSTETRICIA   ";"88";"269";"619";"621";"26";"806";"0"
"2023";"03";"120114";"JUNIN";"HUANCAYO";"EL TAMBO";"ESSALUD";"III-1";"00008652";"HOSPITAL NACIONAL RAMIRO PRIALE PRIALE";"241500";"HOSPITALIZACIÓN QUIRÚRGICA GINECOLOGÍA  ";"68";"71";"312";"291";"12";"372";"0"
"2023";"03";"120114";"JUNIN";"HUANCAYO";"EL TAMBO";"ESSALUD";"III-1";"00008652";"HOSPITAL NACIONAL RAMIRO PRIALE PRIALE";"241700";"HOSPITALIZACIÓN QUIRÚRGICA GINECOLOGÍA   GINECOLOGIA ONCOLOGiCA";"18";"18";"61";"61";"2";"62";"0"
"2023";"03";"120114";"JUNIN";"HUANCAYO";"EL TAMBO";"ESSALUD";"III-1";"00008652";"HOSPITAL NACIONAL RAMIRO PRIALE PRIALE";"242300";"HOSPITALIZACIÓN DE PEDIATRÍA  PEDIATRÍA  GENERAL ";"79";"79";"298";"307";"10";"310";"0"
"2023";"03";"120114";"JUNIN";"HUANCAYO";"EL TAMBO";"ESSALUD";"III-1";"00008652";"HOSPITAL NACIONAL RAMIRO PRIALE PRIALE";"240700";"HOSPITALIZACIÓN QUIRÚRGICA CIRUGÍA PEDIÁTRICA ";"21";"21";"167";"154";"5";"155";"0"
"2023";"03";"120114";"JUNIN";"HUANCAYO";"EL TAMBO";"ESSALUD";"III-1";"00008652";"HOSPITAL NACIONAL RAMIRO PRIALE PRIALE";"250100";"UNIDAD DE CUIDADOS CRITICOS UNIDAD  DE CUIDADOS INTENSIVOS GENERALES (UCI) ";"21";"14";"214";"338";"12";"372";"13"
"2023";"03";"120114";"JUNIN";"HUANCAYO";"EL TAMBO";"ESSALUD";"III-1";"00008652";"HOSPITAL NACIONAL RAMIRO PRIALE PRIALE";"250108";"UNIDAD DE CUIDADOS CRITICOS UNIDAD  DE CUIDADOS INTENSIVOS  (UCI) PEDIÁTRICA";"11";"3";"9";"55";"2";"62";"1"
"2023";"03";"120114";"JUNIN";"HUANCAYO";"EL TAMBO";"ESSALUD";"III-1";"00008652";"HOSPITAL NACIONAL RAMIRO PRIALE PRIALE";"250105";"UNIDAD DE CUIDADOS CRITICOS UNIDAD  DE CUIDADOS INTENSIVOS  (UCI) NEONATOLOGÍA";"12";"4";"51";"186";"6";"186";"3"
"2023";"03";"120114";"JUNIN";"HUANCAYO";"EL TAMBO";"ESSALUD";"III-1";"00008652";"HOSPITAL NACIONAL RAMIRO PRIALE PRIALE";"240500";"HOSPITALIZACIÓN QUIRÚRGICA CIRUGÍA DE TRANSPLANTES ";"1";"1";"17";"17";"1";"31";"0"
"2023";"03";"120114";"JUNIN";"HUANCAYO";"EL TAMBO";"ESSALUD";"III-1";"00008652";"HOSPITAL NACIONAL RAMIRO PRIALE PRIALE";"250200";"UNIDAD DE CUIDADOS CRITICOS UNIDAD DE CUIDADOS INTERMEDIOS GENERAL  (UCIN) ";"31";"2";"178";"268";"10";"310";"3"
"2023";"03";"120114";"JUNIN";"HUANCAYO";"EL TAMBO";"ESSALUD";"III-1";"00008652";"HOSPITAL NACIONAL RAMIRO PRIALE PRIALE";"250202";"UNIDAD DE CUIDADOS CRITICOS UNIDAD DE CUIDADOS INTERMEDIOS  (UCIN) PEDIÁTRICOS";"23";"10";"59";"85";"5";"155";"0"
"2023";"03";"120114";"JUNIN";"HUANCAYO";"EL TAMBO";"ESSALUD";"III-1";"00008652";"HOSPITAL NACIONAL RAMIRO PRIALE PRIALE";"250200";"UNIDAD DE CUIDADOS CRITICOS UNIDAD DE CUIDADOS INTERMEDIOS GENERAL  (UCIN) ";"63";"56";"265";"318";"11";"341";"1"
"2023";"03";"110201";"ICA";"CHINCHA";"CHINCHA ALTA";"PRIVADO";"II-1";"00018704";"FAMISALUD";"241500";"HOSPITALIZACIÓN QUIRÚRGICA GINECOLOGÍA  ";"5";"5";"5";"7";"2";"56";"0"
"2023";"03";"110201";"ICA";"CHINCHA";"CHINCHA ALTA";"PRIVADO";"II-1";"00018704";"FAMISALUD";"241200";"HOSPITALIZACIÓN QUIRÚRGICA TRAUMATOLOGÍA Y ORTOPEDIA ";"3";"3";"3";"7";"1";"28";"0"
"2023";"03";"110201";"ICA";"CHINCHA";"CHINCHA ALTA";"PRIVADO";"II-1";"00018704";"FAMISALUD";"240100";"HOSPITALIZACIÓN QUIRÚRGICA CIRUGÍA GENERAL ";"24";"24";"29";"7";"4";"112";"0"
"2023";"03";"110201";"ICA";"CHINCHA";"CHINCHA ALTA";"PRIVADO";"II-1";"00018704";"FAMISALUD";"241800";"HOSPITALIZACIÓN DE MEDICINA MEDICINA GENERAL ";"4";"4";"10";"7";"1";"28";"0"
"2023";"03";"150113";"LIMA";"LIMA";"JESUS MARIA";"PRIVADO";"II-E";"00009982";"CLINICA REPROMEDIC";"240000";"HOSPITALIZACIÓN";"78";"78";"175";"167";"10";"320";"0"
"2023";"03";"080106";"CUSCO";"CUSCO";"SANTIAGO";"PRIVADO";"II-E";"00024173";"OXIGEN MEDICAL NETWORK";"240100";"HOSPITALIZACIÓN QUIRÚRGICA CIRUGÍA GENERAL ";"48";"45";"131";"51";"13";"403";"0"
"2023";"03";"080106";"CUSCO";"CUSCO";"SANTIAGO";"PRIVADO";"II-E";"00024173";"OXIGEN MEDICAL NETWORK";"241800";"HOSPITALIZACIÓN DE MEDICINA MEDICINA GENERAL ";"111";"115";"332";"121";"12";"372";"1"
"2023";"03";"080106";"CUSCO";"CUSCO";"SANTIAGO";"PRIVADO";"II-E";"00024173";"OXIGEN MEDICAL NETWORK";"250100";"UNIDAD DE CUIDADOS CRITICOS UNIDAD  DE CUIDADOS INTENSIVOS GENERALES (UCI) ";"5";"5";"39";"5";"10";"310";"0"
"2023";"03";"080106";"CUSCO";"CUSCO";"SANTIAGO";"PRIVADO";"II-E";"00024173";"OXIGEN MEDICAL NETWORK";"250200";"UNIDAD DE CUIDADOS CRITICOS UNIDAD DE CUIDADOS INTERMEDIOS GENERAL  (UCIN) ";"1";"1";"4";"1";"10";"310";"0"
"2023";"03";"150131";"LIMA";"LIMA";"SAN ISIDRO";"PRIVADO";"II-2";"00009123";"CLINICA ANGLOAMERICANA";"240000";"HOSPITALIZACIÓN";"486";"486";"1872";"1991";"93";"2795";"8"
"2023";"03";"200105";"PIURA";"PIURA";"CATACAOS";"PRIVADO";"II-1";"00010723";"HOSPITAL PRIVADO DEL PERU";"240000";"HOSPITALIZACIÓN";"137";"118";"297";"510";"32";"992";"2"
"2023";"03";"230101";"TACNA";"TACNA";"TACNA";"PRIVADO";"II-1";"00027462";"CLINICA LA LUZ";"240100";"HOSPITALIZACIÓN QUIRÚRGICA CIRUGÍA GENERAL ";"39";"35";"31";"42";"3";"126";"0"
"2023";"03";"230101";"TACNA";"TACNA";"TACNA";"PRIVADO";"II-1";"00027462";"CLINICA LA LUZ";"241300";"HOSPITALIZACIÓN QUIRÚRGICA UROLOGÍA  ";"16";"14";"12";"19";"4";"76";"0"
"2023";"03";"230101";"TACNA";"TACNA";"TACNA";"PRIVADO";"II-1";"00027462";"CLINICA LA LUZ";"240800";"HOSPITALIZACIÓN QUIRÚRGICA CIRUGÍA PLÁSTICA/RECONSTRUCTIVA/ REPARADORA ";"25";"25";"23";"31";"3";"93";"0"
"2023";"03";"230101";"TACNA";"TACNA";"TACNA";"PRIVADO";"II-1";"00027462";"CLINICA LA LUZ";"241200";"HOSPITALIZACIÓN QUIRÚRGICA TRAUMATOLOGÍA Y ORTOPEDIA ";"4";"4";"3";"4";"2";"8";"0"
"2023";"03";"230101";"TACNA";"TACNA";"TACNA";"PRIVADO";"II-1";"00027462";"CLINICA LA LUZ";"241500";"HOSPITALIZACIÓN QUIRÚRGICA GINECOLOGÍA  ";"12";"11";"10";"12";"2";"24";"0"
"2023";"03";"230101";"TACNA";"TACNA";"TACNA";"PRIVADO";"II-1";"00027462";"CLINICA LA LUZ";"243200";"HOSPITALIZACIÓN DE PEDIATRÍA PEDIATRIA NEONATOLOGÍA";"9";"8";"7";"9";"4";"36";"0"
"2023";"03";"230101";"TACNA";"TACNA";"TACNA";"PRIVADO";"II-1";"00027462";"CLINICA LA LUZ";"244700";"HOSPITALIZACIÓN DE MEDICINA NEUROLOGIA  ";"2";"1";"1";"8";"2";"16";"0"
"2023";"03";"230101";"TACNA";"TACNA";"TACNA";"PRIVADO";"II-1";"00027462";"CLINICA LA LUZ";"241000";"HOSPITALIZACIÓN QUIRÚRGICA ONCOLOGÍA QUIRÚRGICA  ";"1";"1";"1";"1";"3";"4";"0"
"2023";"03";"230101";"TACNA";"TACNA";"TACNA";"PRIVADO";"II-1";"00027462";"CLINICA LA LUZ";"242300";"HOSPITALIZACIÓN DE PEDIATRÍA  PEDIATRÍA  GENERAL ";"2";"2";"1";"2";"2";"4";"0"
"2023";"03";"230101";"TACNA";"TACNA";"TACNA";"PRIVADO";"II-1";"00027462";"CLINICA LA LUZ";"240900";"HOSPITALIZACIÓN QUIRÚRGICA NEUROCIRUGÍA ";"1";"1";"1";"1";"4";"5";"0"
"2023";"03";"230101";"TACNA";"TACNA";"TACNA";"PRIVADO";"II-1";"00027462";"CLINICA LA LUZ";"241800";"HOSPITALIZACIÓN DE MEDICINA MEDICINA GENERAL ";"1";"1";"1";"1";"3";"4";"1"
"2023";"03";"080910";"CUSCO";"LA CONVENCION";"PICHARI";"GOBIERNO REGIONAL";"I-1";"00015104";"TAMBO DEL ENE";"NE_0001";"";"NE_0001";"NE_0001";"NE_0001";"NE_0001";"NE_0001";"NE_0001";"NE_0001"
"2023";"03";"080910";"CUSCO";"LA CONVENCION";"PICHARI";"GOBIERNO REGIONAL";"I-3";"00002495";"MANTARO";"NE_0001";"";"NE_0001";"NE_0001";"NE_0001";"NE_0001";"NE_0001";"NE_0001";"NE_0001"
"2023";"03";"080910";"CUSCO";"LA CONVENCION";"PICHARI";"GOBIERNO REGIONAL";"I-1";"00015169";"PITIRINQUINI";"NE_0001";"";"NE_0001";"NE_0001";"NE_0001";"NE_0001";"NE_0001";"NE_0001";"NE_0001"
"2023";"03";"160108";"LORETO";"MAYNAS";"PUNCHANA";"GOBIERNO REGIONAL";"III-1";"00000003";"HOSPITAL REGIONAL DE LORETO ""FELIPE SANTIAGO ARRIOLA IGLESIAS""";"240100";"HOSPITALIZACIÓN QUIRÚRGICA CIRUGÍA GENERAL ";"116";"119";"642";"589";"28";"840";"0"
"2023";"03";"160108";"LORETO";"MAYNAS";"PUNCHANA";"GOBIERNO REGIONAL";"III-1";"00000003";"HOSPITAL REGIONAL DE LORETO ""FELIPE SANTIAGO ARRIOLA IGLESIAS""";"241500";"HOSPITALIZACIÓN QUIRÚRGICA GINECOLOGÍA  ";"22";"29";"171";"245";"15";"450";"0"
"2023";"03";"160108";"LORETO";"MAYNAS";"PUNCHANA";"GOBIERNO REGIONAL";"III-1";"00000003";"HOSPITAL REGIONAL DE LORETO ""FELIPE SANTIAGO ARRIOLA IGLESIAS""";"241900";"HOSPITALIZACIÓN DE MEDICINA MEDICINA INTERNA ";"75";"84";"835";"733";"29";"870";"14"
"2023";"03";"160108";"LORETO";"MAYNAS";"PUNCHANA";"GOBIERNO REGIONAL";"III-1";"00000003";"HOSPITAL REGIONAL DE LORETO ""FELIPE SANTIAGO ARRIOLA IGLESIAS""";"242000";"HOSPITALIZACIÓN DE MEDICINA MEDICINA TROPICAL E INFECCIOSAS ";"96";"87";"549";"630";"25";"750";"11"
"2023";"03";"160108";"LORETO";"MAYNAS";"PUNCHANA";"GOBIERNO REGIONAL";"III-1";"00000003";"HOSPITAL REGIONAL DE LORETO ""FELIPE SANTIAGO ARRIOLA IGLESIAS""";"243200";"HOSPITALIZACIÓN DE PEDIATRÍA PEDIATRIA NEONATOLOGÍA";"12";"2";"27";"160";"6";"180";"2"
"2023";"03";"160108";"LORETO";"MAYNAS";"PUNCHANA";"GOBIERNO REGIONAL";"III-1";"00000003";"HOSPITAL REGIONAL DE LORETO ""FELIPE SANTIAGO ARRIOLA IGLESIAS""";"241400";"HOSPITALIZACIÓN QUIRÚRGICA GINECO - OBSTETRICIA ";"321";"324";"720";"637";"37";"1110";"0"
"2023";"03";"160108";"LORETO";"MAYNAS";"PUNCHANA";"GOBIERNO REGIONAL";"III-1";"00000003";"HOSPITAL REGIONAL DE LORETO ""FELIPE SANTIAGO ARRIOLA IGLESIAS""";"242300";"HOSPITALIZACIÓN DE PEDIATRÍA  PEDIATRÍA  GENERAL ";"56";"62";"911";"673";"24";"720";"0"
"2023";"03";"160108";"LORETO";"MAYNAS";"PUNCHANA";"GOBIERNO REGIONAL";"III-1";"00000003";"HOSPITAL REGIONAL DE LORETO ""FELIPE SANTIAGO ARRIOLA IGLESIAS""";"250103";"UNIDAD DE CUIDADOS CRITICOS UNIDAD  DE CUIDADOS INTENSIVOS GENERALES  (UCI) MEDICINA";"9";"4";"40";"125";"7";"210";"4"
"2023";"03";"160108";"LORETO";"MAYNAS";"PUNCHANA";"GOBIERNO REGIONAL";"III-1";"00000003";"HOSPITAL REGIONAL DE LORETO ""FELIPE SANTIAGO ARRIOLA IGLESIAS""";"250108";"UNIDAD DE CUIDADOS CRITICOS UNIDAD  DE CUIDADOS INTENSIVOS  (UCI) PEDIÁTRICA";"14";"5";"25";"58";"6";"180";"5"
"2023";"03";"160108";"LORETO";"MAYNAS";"PUNCHANA";"GOBIERNO REGIONAL";"III-1";"00000003";"HOSPITAL REGIONAL DE LORETO ""FELIPE SANTIAGO ARRIOLA IGLESIAS""";"250109";"UNIDAD DE CUIDADOS CRITICOS UNIDAD  DE CUIDADOS INTENSIVOS  (UCI) QUIRÚRGICA";"12";"11";"236";"106";"6";"180";"3"
"2023";"03";"160108";"LORETO";"MAYNAS";"PUNCHANA";"GOBIERNO REGIONAL";"III-1";"00000003";"HOSPITAL REGIONAL DE LORETO ""FELIPE SANTIAGO ARRIOLA IGLESIAS""";"250400";"UNIDAD DE CUIDADOS CRITICOS UNIDAD DE QUEMADOS (GRAN QUEMADO) ";"6";"7";"209";"176";"7";"210";"0"
"2023";"03";"160108";"LORETO";"MAYNAS";"PUNCHANA";"GOBIERNO REGIONAL";"III-1";"00000003";"HOSPITAL REGIONAL DE LORETO ""FELIPE SANTIAGO ARRIOLA IGLESIAS""";"250105";"UNIDAD DE CUIDADOS CRITICOS UNIDAD  DE CUIDADOS INTENSIVOS  (UCI) NEONATOLOGÍA";"17";"27";"315";"362";"13";"390";"0"
"2023";"03";"160108";"LORETO";"MAYNAS";"PUNCHANA";"GOBIERNO REGIONAL";"III-1";"00000003";"HOSPITAL REGIONAL DE LORETO ""FELIPE SANTIAGO ARRIOLA IGLESIAS""";"242205";"HOSPITALIZACIÓN MEDICINA PSIQUIATRÍA PISIQUIATRIA/ SALUD MENTAL Y ADICCIONES";"3";"2";"98";"329";"11";"331";"0"
"2023";"03";"160108";"LORETO";"MAYNAS";"PUNCHANA";"GOBIERNO REGIONAL";"III-1";"00000003";"HOSPITAL REGIONAL DE LORETO ""FELIPE SANTIAGO ARRIOLA IGLESIAS""";"242100";"HOSPITALIZACIÓN DE MEDICINA ONCOLOGÍA MÉDICA ";"20";"19";"90";"85";"4";"120";"0"
"2023";"03";"100504";"HUANUCO";"HUAMALIES";"JACAS GRANDE";"GOBIERNO REGIONAL";"I-2";"00000906";"CARHUAPATA";"NE_0001";"";"NE_0001";"NE_0001";"NE_0001";"NE_0001";"NE_0001";"NE_0001";"NE_0001"
"2023";"03";"100504";"HUANUCO";"HUAMALIES";"JACAS GRANDE";"GOBIERNO REGIONAL";"I-2";"00000897";"JACAS GRANDE";"NE_0001";"";"NE_0001";"NE_0001";"NE_0001";"NE_0001";"NE_0001";"NE_0001";"NE_0001"
"2023";"03";"100504";"HUANUCO";"HUAMALIES";"JACAS GRANDE";"GOBIERNO REGIONAL";"I-2";"00006888";"CASCANGA";"NE_0001";"";"NE_0001";"NE_0001";"NE_0001";"NE_0001";"NE_0001";"NE_0001";"NE_0001"
"2023";"03";"100504";"HUANUCO";"HUAMALIES";"JACAS GRANDE";"GOBIERNO REGIONAL";"I-2";"00000898";"ANDAS";"NE_0001";"";"NE_0001";"NE_0001";"NE_0001";"NE_0001";"NE_0001";"NE_0001";"NE_0001"
"2023";"03";"100504";"HUANUCO";"HUAMALIES";"JACAS GRANDE";"GOBIERNO REGIONAL";"I-1";"00006674";"NUEVAS FLORES";"NE_0001";"";"NE_0001";"NE_0001";"NE_0001";"NE_0001";"NE_0001";"NE_0001";"NE_0001"
"2023";"03";"100505";"HUANUCO";"HUAMALIES";"JIRCAN";"GOBIERNO REGIONAL";"I-2";"00000904";"JIRCAN";"NE_0001";"";"NE_0001";"NE_0001";"NE_0001";"NE_0001";"NE_0001";"NE_0001";"NE_0001"
"2023";"03";"100506";"HUANUCO";"HUAMALIES";"MIRAFLORES";"GOBIERNO REGIONAL";"I-2";"00000895";"MIRAFLORES";"NE_0001";"";"NE_0001";"NE_0001";"NE_0001";"NE_0001";"NE_0001";"NE_0001";"NE_0001"
"2023";"03";"100404";"HUANUCO";"HUACAYBAMBA";"PINRA";"GOBIERNO REGIONAL";"I-1";"00000885";"HUARACILLO";"NE_0001";"";"NE_0001";"NE_0001";"NE_0001";"NE_0001";"NE_0001";"NE_0001";"NE_0001"
"2023";"03";"100404";"HUANUCO";"HUACAYBAMBA";"PINRA";"GOBIERNO REGIONAL";"I-2";"00000884";"CAJAN";"NE_0001";"";"NE_0001";"NE_0001";"NE_0001";"NE_0001";"NE_0001";"NE_0001";"NE_0001"
"2023";"03";"100404";"HUANUCO";"HUACAYBAMBA";"PINRA";"GOBIERNO REGIONAL";"I-2";"00000883";"PINRA";"NE_0001";"";"NE_0001";"NE_0001";"NE_0001";"NE_0001";"NE_0001";"NE_0001";"NE_0001"
"2023";"03";"100508";"HUANUCO";"HUAMALIES";"PUNCHAO";"GOBIERNO REGIONAL";"I-2";"00000901";"PUNCHAO";"NE_0001";"";"NE_0001";"NE_0001";"NE_0001";"NE_0001";"NE_0001";"NE_0001";"NE_0001"
"2023";"03";"100801";"HUANUCO";"PACHITEA";"PANAO";"ESSALUD";"I-2";"00009958";"POSTA MEDICA PANAO";"NE_0001";"";"NE_0001";"NE_0001";"NE_0001";"NE_0001";"NE_0001";"NE_0001";"NE_0001"
"2023";"04";"220101";"SAN MARTIN";"MOYOBAMBA";"MOYOBAMBA";"ESSALUD";"II-1";"00015598";"HOSPITAL I ALTO MAYO";"241800";"HOSPITALIZACIÓN DE MEDICINA MEDICINA GENERAL ";"64";"65";"344";"305";"15";"450";"2"
"2023";"04";"220101";"SAN MARTIN";"MOYOBAMBA";"MOYOBAMBA";"ESSALUD";"II-1";"00015598";"HOSPITAL I ALTO MAYO";"240100";"HOSPITALIZACIÓN QUIRÚRGICA CIRUGÍA GENERAL ";"62";"61";"195";"139";"6";"180";"0"
"2023";"04";"220101";"SAN MARTIN";"MOYOBAMBA";"MOYOBAMBA";"ESSALUD";"II-1";"00015598";"HOSPITAL I ALTO MAYO";"241500";"HOSPITALIZACIÓN QUIRÚRGICA GINECOLOGÍA  ";"11";"12";"42";"28";"2";"60";"0"
"2023";"04";"220101";"SAN MARTIN";"MOYOBAMBA";"MOYOBAMBA";"ESSALUD";"II-1";"00015598";"HOSPITAL I ALTO MAYO";"241600";"HOSPITALIZACIÓN QUIRÚRGICA OBSTETRICIA   ";"62";"67";"188";"120";"9";"270";"0"
"2023";"04";"220101";"SAN MARTIN";"MOYOBAMBA";"MOYOBAMBA";"ESSALUD";"II-1";"00015598";"HOSPITAL I ALTO MAYO";"242300";"HOSPITALIZACIÓN DE PEDIATRÍA  PEDIATRÍA  GENERAL ";"25";"24";"75";"58";"2";"60";"0"
"2023";"04";"040112";"AREQUIPA";"AREQUIPA";"PAUCARPATA";"GOBIERNO REGIONAL";"I-2";"00001317";"CENTRO DE SALUD MIGUEL GRAU  B";"NE_0001";"";"NE_0001";"NE_0001";"NE_0001";"NE_0001";"NE_0001";"NE_0001";"NE_0001"
"2023";"04";"040112";"AREQUIPA";"AREQUIPA";"PAUCARPATA";"GOBIERNO REGIONAL";"I-2";"00001318";"PUESTO DE SALUD MIGUEL GRAU  MODULO C-D";"NE_0001";"";"NE_0001";"NE_0001";"NE_0001";"NE_0001";"NE_0001";"NE_0001";"NE_0001"
"2023";"04";"040112";"AREQUIPA";"AREQUIPA";"PAUCARPATA";"GOBIERNO REGIONAL";"I-3";"00001298";"CENTRO DE SALUD 15 DE AGOSTO";"NE_0001";"";"NE_0001";"NE_0001";"NE_0001";"NE_0001";"NE_0001";"NE_0001";"NE_0001"
"2023";"04";"040112";"AREQUIPA";"AREQUIPA";"PAUCARPATA";"GOBIERNO REGIONAL";"I-2";"00001316";"PUESTO DE SALUD MIGUEL GRAU  MODULO A";"NE_0001";"";"NE_0001";"NE_0001";"NE_0001";"NE_0001";"NE_0001";"NE_0001";"NE_0001"
"2023";"04";"060801";"CAJAMARCA";"JAEN";"JAEN";"GOBIERNO REGIONAL";"I-1";"00004215";"CHAMAYA";"NE_0001";"";"NE_0001";"NE_0001";"NE_0001";"NE_0001";"NE_0001";"NE_0001";"NE_0001"
"2023";"04";"060801";"CAJAMARCA";"JAEN";"JAEN";"GOBIERNO REGIONAL";"I-2";"00007168";"MONTEGRANDE";"NE_0001";"";"NE_0001";"NE_0001";"NE_0001";"NE_0001";"NE_0001";"NE_0001";"NE_0001"
"2023";"04";"060801";"CAJAMARCA";"JAEN";"JAEN";"GOBIERNO REGIONAL";"I-1";"00004220";"PALMA CENTRAL";"NE_0001";"";"NE_0001";"NE_0001";"NE_0001";"NE_0001";"NE_0001";"NE_0001";"NE_0001"
"2023";"04";"060801";"CAJAMARCA";"JAEN";"JAEN";"GOBIERNO REGIONAL";"I-4";"00004211";"MORRO SOLAR";"241800";"HOSPITALIZACIÓN DE MEDICINA MEDICINA GENERAL ";"47";"45";"51";"47";"8";"189";"0"
"2023";"04";"060801";"CAJAMARCA";"JAEN";"JAEN";"GOBIERNO REGIONAL";"I-1";"00004214";"LAS NARANJAS";"NE_0001";"";"NE_0001";"NE_0001";"NE_0001";"NE_0001";"NE_0001";"NE_0001";"NE_0001"
"2023";"04";"060801";"CAJAMARCA";"JAEN";"JAEN";"GOBIERNO REGIONAL";"I-1";"00007024";"SAN MARTIN DE PORRES";"NE_0001";"";"NE_0001";"NE_0001";"NE_0001";"NE_0001";"NE_0001";"NE_0001";"NE_0001"
"2023";"04";"250105";"UCAYALI";"CORONEL PORTILLO";"YARINACOCHA";"GOBIERNO REGIONAL";"II-2";"00005577";"HOSPITAL AMAZONICO - YARINACOCHA";"241400";"HOSPITALIZACIÓN QUIRÚRGICA GINECO - OBSTETRICIA ";"349";"379";"956";"1329";"62";"1860";"0"
"2023";"04";"250105";"UCAYALI";"CORONEL PORTILLO";"YARINACOCHA";"GOBIERNO REGIONAL";"II-2";"00005577";"HOSPITAL AMAZONICO - YARINACOCHA";"242500";"HOSPITALIZACIÓN-PEDIATRÍA GENERAL-";"42";"53";"282";"287";"21";"630";"0"
"2023";"04";"250105";"UCAYALI";"CORONEL PORTILLO";"YARINACOCHA";"GOBIERNO REGIONAL";"II-2";"00005577";"HOSPITAL AMAZONICO - YARINACOCHA";"250105";"UNIDAD DE CUIDADOS CRITICOS UNIDAD  DE CUIDADOS INTENSIVOS  (UCI) NEONATOLOGÍA";"5";"7";"74";"78";"6";"180";"2"
"2023";"04";"250105";"UCAYALI";"CORONEL PORTILLO";"YARINACOCHA";"GOBIERNO REGIONAL";"II-2";"00005577";"HOSPITAL AMAZONICO - YARINACOCHA";"240100";"HOSPITALIZACIÓN QUIRÚRGICA CIRUGÍA GENERAL ";"105";"130";"765";"776";"26";"780";"0"
"2023";"04";"250105";"UCAYALI";"CORONEL PORTILLO";"YARINACOCHA";"GOBIERNO REGIONAL";"II-2";"00005577";"HOSPITAL AMAZONICO - YARINACOCHA";"241800";"HOSPITALIZACIÓN DE MEDICINA MEDICINA GENERAL ";"55";"72";"682";"711";"35";"1050";"17"
"2023";"04";"250105";"UCAYALI";"CORONEL PORTILLO";"YARINACOCHA";"GOBIERNO REGIONAL";"II-2";"00005577";"HOSPITAL AMAZONICO - YARINACOCHA";"242200";"HOSPITALIZACIÓN DE MEDICINA PSIQUIATRÍA ";"1";"4";"95";"99";"9";"270";"0"
"2023";"03";"150130";"LIMA";"LIMA";"SAN BORJA";"PRIVADO";"0";"00012366";"MISION MEDICA SAC";"NE_0001";"";"NE_0001";"NE_0001";"NE_0001";"NE_0001";"NE_0001";"NE_0001";"NE_0001"
"2023";"04";"230101";"TACNA";"TACNA";"TACNA";"PRIVADO";"I-4";"00015875";"PROMEDIC";"NE_0002";"";"NE_0002";"NE_0002";"NE_0002";"NE_0002";"NE_0002";"NE_0002";"NE_0002"
"2023";"04";"160113";"LORETO";"MAYNAS";"SAN JUAN BAUTISTA";"PRIVADO";"II-E";"00024041";"CLÍNICA ESPECIALIZADA EMANUEL";"NE_0001";"";"NE_0001";"NE_0001";"NE_0001";"NE_0001";"NE_0001";"NE_0001";"NE_0001"
"2023";"04";"150132";"LIMA";"LIMA";"SAN JUAN DE LURIGANCHO";"PRIVADO";"II-E";"00012267";"CLINICA SAN MARCOS";"240100";"HOSPITALIZACIÓN QUIRÚRGICA CIRUGÍA GENERAL ";"46";"46";"46";"56";"5";"157";"0"
"2023";"04";"150132";"LIMA";"LIMA";"SAN JUAN DE LURIGANCHO";"PRIVADO";"II-E";"00012267";"CLINICA SAN MARCOS";"240200";"HOSPITALIZACIÓN QUIRÚRGICA CIRUGÍA DE CABEZA Y CUELLO / MÁXILO FACIAL ";"3";"3";"3";"4";"2";"55";"0"
"2023";"04";"150132";"LIMA";"LIMA";"SAN JUAN DE LURIGANCHO";"PRIVADO";"II-E";"00012267";"CLINICA SAN MARCOS";"241300";"HOSPITALIZACIÓN QUIRÚRGICA UROLOGÍA  ";"3";"3";"3";"2";"3";"64";"0"
"2023";"04";"150132";"LIMA";"LIMA";"SAN JUAN DE LURIGANCHO";"PRIVADO";"II-E";"00012267";"CLINICA SAN MARCOS";"241400";"HOSPITALIZACIÓN QUIRÚRGICA GINECO - OBSTETRICIA ";"17";"17";"17";"36";"2";"63";"0"
"2023";"04";"150132";"LIMA";"LIMA";"SAN JUAN DE LURIGANCHO";"PRIVADO";"II-E";"00012267";"CLINICA SAN MARCOS";"241500";"HOSPITALIZACIÓN QUIRÚRGICA GINECOLOGÍA  ";"3";"3";"3";"2";"1";"31";"0"
"2023";"04";"130101";"LA LIBERTAD";"TRUJILLO";"TRUJILLO";"PRIVADO";"II-E";"00008044";"OFTALMOVISION";"NE_0001";"";"NE_0001";"NE_0001";"NE_0001";"NE_0001";"NE_0001";"NE_0001";"NE_0001"
"2023";"05";"220808";"SAN MARTIN";"RIOJA";"YORONGOS";"GOBIERNO REGIONAL";"I-1";"00006276";"PUESTO DE SALUD NUEVO TABALOSOS";"NE_0002";"";"NE_0002";"NE_0002";"NE_0002";"NE_0002";"NE_0002";"NE_0002";"NE_0002"
"2023";"05";"220801";"SAN MARTIN";"RIOJA";"RIOJA";"GOBIERNO REGIONAL";"I-1";"00006273";"PUESTO DE SALUD TAMBO";"NE_0002";"";"NE_0002";"NE_0002";"NE_0002";"NE_0002";"NE_0002";"NE_0002";"NE_0002"
"2023";"05";"220801";"SAN MARTIN";"RIOJA";"RIOJA";"GOBIERNO REGIONAL";"I-1";"00006708";"PUESTO DE SALUD PERLA DE CASCAYUNGA";"NE_0002";"";"NE_0002";"NE_0002";"NE_0002";"NE_0002";"NE_0002";"NE_0002";"NE_0002"
"2023";"05";"220801";"SAN MARTIN";"RIOJA";"RIOJA";"GOBIERNO REGIONAL";"I-1";"00006280";"PUESTO DE SALUD PORVENIR";"NE_0002";"";"NE_0002";"NE_0002";"NE_0002";"NE_0002";"NE_0002";"NE_0002";"NE_0002"
"2023";"05";"220806";"SAN MARTIN";"RIOJA";"POSIC";"GOBIERNO REGIONAL";"I-1";"00006274";"PUESTO DE SALUD POSIC";"NE_0002";"";"NE_0002";"NE_0002";"NE_0002";"NE_0002";"NE_0002";"NE_0002";"NE_0002"
"2023";"05";"220801";"SAN MARTIN";"RIOJA";"RIOJA";"GOBIERNO REGIONAL";"I-1";"00006271";"PUESTO DE SALUD MASHUYACU";"NE_0002";"";"NE_0002";"NE_0002";"NE_0002";"NE_0002";"NE_0002";"NE_0002";"NE_0002"
"2023";"05";"220801";"SAN MARTIN";"RIOJA";"RIOJA";"GOBIERNO REGIONAL";"I-4";"00006270";"CENTRO DE SALUD NUEVA RIOJA";"241600";"HOSPITALIZACIÓN QUIRÚRGICA OBSTETRICIA   ";"5";"5";"5";"5";"5";"180";"0"
"2023";"05";"220801";"SAN MARTIN";"RIOJA";"RIOJA";"GOBIERNO REGIONAL";"I-4";"00006270";"CENTRO DE SALUD NUEVA RIOJA";"241800";"HOSPITALIZACIÓN DE MEDICINA MEDICINA GENERAL ";"74";"74";"210";"5";"5";"480";"0"
"2023";"05";"220808";"SAN MARTIN";"RIOJA";"YORONGOS";"GOBIERNO REGIONAL";"I-3";"00006275";"PUESTO DE SALUD YORONGOS";"NE_0002";"";"NE_0002";"NE_0002";"NE_0002";"NE_0002";"NE_0002";"NE_0002";"NE_0002"
"2023";"05";"150204";"LIMA";"BARRANCA";"SUPE";"GOBIERNO REGIONAL";"II-1";"00007636";"HOSPITAL DE SUPE LAURA ESTHER RODRIGUEZ DULANTO";"240100";"HOSPITALIZACIÓN QUIRÚRGICA CIRUGÍA GENERAL ";"21";"22";"66";"59";"6";"186";"0"
"2023";"05";"150204";"LIMA";"BARRANCA";"SUPE";"GOBIERNO REGIONAL";"II-1";"00007636";"HOSPITAL DE SUPE LAURA ESTHER RODRIGUEZ DULANTO";"241500";"HOSPITALIZACIÓN QUIRÚRGICA GINECOLOGÍA  ";"15";"17";"49";"26";"3";"93";"0"
"2023";"05";"150204";"LIMA";"BARRANCA";"SUPE";"GOBIERNO REGIONAL";"II-1";"00007636";"HOSPITAL DE SUPE LAURA ESTHER RODRIGUEZ DULANTO";"241600";"HOSPITALIZACIÓN QUIRÚRGICA OBSTETRICIA   ";"50";"51";"118";"151";"12";"372";"0"
"2023";"05";"150204";"LIMA";"BARRANCA";"SUPE";"GOBIERNO REGIONAL";"II-1";"00007636";"HOSPITAL DE SUPE LAURA ESTHER RODRIGUEZ DULANTO";"241800";"HOSPITALIZACIÓN DE MEDICINA MEDICINA GENERAL ";"11";"19";"143";"127";"8";"248";"1"
"2023";"05";"150204";"LIMA";"BARRANCA";"SUPE";"GOBIERNO REGIONAL";"II-1";"00007636";"HOSPITAL DE SUPE LAURA ESTHER RODRIGUEZ DULANTO";"242200";"HOSPITALIZACIÓN DE MEDICINA PSIQUIATRÍA ";"2";"4";"134";"146";"8";"248";"0"
"2023";"05";"150204";"LIMA";"BARRANCA";"SUPE";"GOBIERNO REGIONAL";"II-1";"00007636";"HOSPITAL DE SUPE LAURA ESTHER RODRIGUEZ DULANTO";"242500";"HOSPITALIZACIÓN-PEDIATRÍA GENERAL-";"33";"35";"129";"137";"8";"248";"0"
"2023";"05";"150204";"LIMA";"BARRANCA";"SUPE";"GOBIERNO REGIONAL";"II-1";"00007636";"HOSPITAL DE SUPE LAURA ESTHER RODRIGUEZ DULANTO";"243200";"HOSPITALIZACIÓN DE PEDIATRÍA PEDIATRIA NEONATOLOGÍA";"21";"21";"35";"27";"5";"155";"0"
"2023";"05";"150117";"LIMA";"LIMA";"LOS OLIVOS";"PRIVADO";"II-E";"00009641";"CLINICA MUNDO SALUD SAC";"240000";"HOSPITALIZACIÓN";"70";"68";"176";"239";"12";"299";"0"
"2023";"05";"210501";"PUNO";"EL COLLAO";"ILAVE";"GOBIERNO REGIONAL";"II-1";"00003032";"ILAVE";"240100";"HOSPITALIZACIÓN QUIRÚRGICA CIRUGÍA GENERAL ";"9";"8";"18";"27";"4";"124";"0"
"2023";"05";"210501";"PUNO";"EL COLLAO";"ILAVE";"GOBIERNO REGIONAL";"II-1";"00003032";"ILAVE";"241200";"HOSPITALIZACIÓN QUIRÚRGICA TRAUMATOLOGÍA Y ORTOPEDIA ";"1";"1";"5";"6";"1";"31";"0"
"2023";"05";"210501";"PUNO";"EL COLLAO";"ILAVE";"GOBIERNO REGIONAL";"II-1";"00003032";"ILAVE";"241600";"HOSPITALIZACIÓN QUIRÚRGICA OBSTETRICIA   ";"81";"81";"181";"262";"13";"403";"0"
"2023";"05";"210501";"PUNO";"EL COLLAO";"ILAVE";"GOBIERNO REGIONAL";"II-1";"00003032";"ILAVE";"241800";"HOSPITALIZACIÓN DE MEDICINA MEDICINA GENERAL ";"28";"27";"96";"124";"8";"248";"0"
"2023";"05";"210501";"PUNO";"EL COLLAO";"ILAVE";"GOBIERNO REGIONAL";"II-1";"00003032";"ILAVE";"242500";"HOSPITALIZACIÓN-PEDIATRÍA GENERAL-";"11";"11";"49";"60";"9";"279";"0"
"2023";"05";"210501";"PUNO";"EL COLLAO";"ILAVE";"GOBIERNO REGIONAL";"II-1";"00003032";"ILAVE";"243200";"HOSPITALIZACIÓN DE PEDIATRÍA PEDIATRIA NEONATOLOGÍA";"4";"4";"17";"21";"1";"31";"0"
"2023";"05";"220105";"SAN MARTIN";"MOYOBAMBA";"SORITOR";"GOBIERNO REGIONAL";"I-1";"00006334";"ALTO SAN MARTIN";"NE_0001";"";"NE_0001";"NE_0001";"NE_0001";"NE_0001";"NE_0001";"NE_0001";"NE_0001"
"2023";"05";"220105";"SAN MARTIN";"MOYOBAMBA";"SORITOR";"GOBIERNO REGIONAL";"I-2";"00006336";"SAN MARCOS";"NE_0001";"";"NE_0001";"NE_0001";"NE_0001";"NE_0001";"NE_0001";"NE_0001";"NE_0001"
"2023";"05";"220105";"SAN MARTIN";"MOYOBAMBA";"SORITOR";"GOBIERNO REGIONAL";"I-4";"00006332";"SORITOR";"241600";"HOSPITALIZACIÓN QUIRÚRGICA OBSTETRICIA   ";"18";"18";"30";"18";"6";"180";"0"
"2023";"05";"220105";"SAN MARTIN";"MOYOBAMBA";"SORITOR";"GOBIERNO REGIONAL";"I-4";"00006332";"SORITOR";"241800";"HOSPITALIZACIÓN DE MEDICINA MEDICINA GENERAL ";"26";"30";"81";"18";"6";"180";"0"
"2023";"05";"220103";"SAN MARTIN";"MOYOBAMBA";"HABANA";"GOBIERNO REGIONAL";"I-3";"00006327";"CENTRO DE SALUD HABANA";"NE_0001";"";"NE_0001";"NE_0001";"NE_0001";"NE_0001";"NE_0001";"NE_0001";"NE_0001"
"2023";"05";"040126";"AREQUIPA";"AREQUIPA";"YANAHUARA";"PRIVADO";"II-E";"00025732";"NOVA CLINICA QUIRURGICA";"240800";"HOSPITALIZACIÓN QUIRÚRGICA CIRUGÍA PLÁSTICA/RECONSTRUCTIVA/ REPARADORA ";"8";"8";"8";"8";"3";"62";"0"
"2023";"05";"130401";"LA LIBERTAD";"CHEPEN";"CHEPEN";"ESSALUD";"II-1";"00009954";"HOSPITAL I CHEPEN ESSALUD";"241900";"HOSPITALIZACIÓN DE MEDICINA MEDICINA INTERNA ";"50";"55";"250";"96";"5";"155";"6"
"2023";"05";"130401";"LA LIBERTAD";"CHEPEN";"CHEPEN";"ESSALUD";"II-1";"00009954";"HOSPITAL I CHEPEN ESSALUD";"240100";"HOSPITALIZACIÓN QUIRÚRGICA CIRUGÍA GENERAL ";"21";"21";"44";"40";"2";"60";"0"
"2023";"05";"130401";"LA LIBERTAD";"CHEPEN";"CHEPEN";"ESSALUD";"II-1";"00009954";"HOSPITAL I CHEPEN ESSALUD";"241500";"HOSPITALIZACIÓN QUIRÚRGICA GINECOLOGÍA  ";"10";"13";"26";"23";"2";"62";"0"
"2023";"05";"130401";"LA LIBERTAD";"CHEPEN";"CHEPEN";"ESSALUD";"II-1";"00009954";"HOSPITAL I CHEPEN ESSALUD";"242300";"HOSPITALIZACIÓN DE PEDIATRÍA  PEDIATRÍA  GENERAL ";"6";"6";"34";"37";"2";"62";"0"
"2023";"05";"210101";"PUNO";"PUNO";"PUNO";"ESSALUD";"II-2";"00009215";"HOSPITAL III BASE  (PUNO) - RED ASISTENCIAL PUNO";"240000";"HOSPITALIZACIÓN";"117";"123";"825";"739";"31";"961";"4"
"2023";"05";"210101";"PUNO";"PUNO";"PUNO";"ESSALUD";"II-2";"00009215";"HOSPITAL III BASE  (PUNO) - RED ASISTENCIAL PUNO";"241900";"HOSPITALIZACIÓN DE MEDICINA MEDICINA INTERNA ";"42";"36";"276";"298";"12";"372";"1"
"2023";"05";"210101";"PUNO";"PUNO";"PUNO";"ESSALUD";"II-2";"00009215";"HOSPITAL III BASE  (PUNO) - RED ASISTENCIAL PUNO";"240100";"HOSPITALIZACIÓN QUIRÚRGICA CIRUGÍA GENERAL ";"64";"57";"139";"193";"8";"248";"0"
"2023";"05";"210101";"PUNO";"PUNO";"PUNO";"ESSALUD";"II-2";"00009215";"HOSPITAL III BASE  (PUNO) - RED ASISTENCIAL PUNO";"241500";"HOSPITALIZACIÓN QUIRÚRGICA GINECOLOGÍA  ";"38";"32";"68";"75";"5";"155";"0"
"2023";"05";"210101";"PUNO";"PUNO";"PUNO";"ESSALUD";"II-2";"00009215";"HOSPITAL III BASE  (PUNO) - RED ASISTENCIAL PUNO";"241600";"HOSPITALIZACIÓN QUIRÚRGICA OBSTETRICIA   ";"79";"80";"181";"187";"12";"372";"0"
"2023";"05";"210101";"PUNO";"PUNO";"PUNO";"ESSALUD";"II-2";"00009215";"HOSPITAL III BASE  (PUNO) - RED ASISTENCIAL PUNO";"242300";"HOSPITALIZACIÓN DE PEDIATRÍA  PEDIATRÍA  GENERAL ";"122";"125";"369";"376";"14";"434";"0"
"2023";"05";"210101";"PUNO";"PUNO";"PUNO";"ESSALUD";"II-2";"00009215";"HOSPITAL III BASE  (PUNO) - RED ASISTENCIAL PUNO";"250100";"UNIDAD DE CUIDADOS CRITICOS UNIDAD  DE CUIDADOS INTENSIVOS GENERALES (UCI) ";"1";"2";"50";"71";"4";"124";"2"
"2023";"05";"210101";"PUNO";"PUNO";"PUNO";"ESSALUD";"II-2";"00009215";"HOSPITAL III BASE  (PUNO) - RED ASISTENCIAL PUNO";"250200";"UNIDAD DE CUIDADOS CRITICOS UNIDAD DE CUIDADOS INTERMEDIOS GENERAL  (UCIN) ";"4";"2";"21";"61";"4";"124";"2"
"2023";"05";"150133";"LIMA";"LIMA";"SAN JUAN DE MIRAFLORES";"ESSALUD";"I-3";"00013012";"CENTRO DE ATENCIÓN PRIMARIA III SAN JUAN DE MIRAFLORES";"NE_0001";"";"NE_0001";"NE_0001";"NE_0001";"NE_0001";"NE_0001";"NE_0001";"NE_0001"
"2023";"05";"110301";"ICA";"NAZCA";"NAZCA";"SANIDAD DE LA POLICIA NACIONAL DEL PERU";"I-2";"00011399";"UNIDAD EJECUTORA 020:SANIDAD DE LA PNP";"NE_0001";"";"NE_0001";"NE_0001";"NE_0001";"NE_0001";"NE_0001";"NE_0001";"NE_0001"
"2023";"05";"100201";"HUANUCO";"AMBO";"AMBO";"ESSALUD";"I-3";"00009957";"CENTRO MEDICO LEONCIO PRADO - AMBO";"NE_0001";"";"NE_0001";"NE_0001";"NE_0001";"NE_0001";"NE_0001";"NE_0001";"NE_0001"
"2023";"05";"060601";"CAJAMARCA";"CUTERVO";"CUTERVO";"GOBIERNO REGIONAL";"I-1";"00006852";"LLIPA";"NE_0001";"";"NE_0001";"NE_0001";"NE_0001";"NE_0001";"NE_0001";"NE_0001";"NE_0001"
"2023";"05";"060601";"CAJAMARCA";"CUTERVO";"CUTERVO";"GOBIERNO REGIONAL";"I-1";"00007701";"EL VERDE";"NE_0001";"";"NE_0001";"NE_0001";"NE_0001";"NE_0001";"NE_0001";"NE_0001";"NE_0001"
"2023";"05";"060601";"CAJAMARCA";"CUTERVO";"CUTERVO";"GOBIERNO REGIONAL";"I-1";"00004995";"PALMAS DE HUICHUD";"NE_0001";"";"NE_0001";"NE_0001";"NE_0001";"NE_0001";"NE_0001";"NE_0001";"NE_0001"
"2023";"05";"060601";"CAJAMARCA";"CUTERVO";"CUTERVO";"GOBIERNO REGIONAL";"I-1";"00006788";"YANGACHIS";"NE_0001";"";"NE_0001";"NE_0001";"NE_0001";"NE_0001";"NE_0001";"NE_0001";"NE_0001"
"2023";"05";"060601";"CAJAMARCA";"CUTERVO";"CUTERVO";"GOBIERNO REGIONAL";"I-1";"00004986";"EL ARENAL DE CUTERVO";"NE_0001";"";"NE_0001";"NE_0001";"NE_0001";"NE_0001";"NE_0001";"NE_0001";"NE_0001"
"2023";"05";"060601";"CAJAMARCA";"CUTERVO";"CUTERVO";"GOBIERNO REGIONAL";"I-2";"00004989";"AMBULCO GRANDE";"NE_0001";"";"NE_0001";"NE_0001";"NE_0001";"NE_0001";"NE_0001";"NE_0001";"NE_0001"
"2023";"05";"110501";"ICA";"PISCO";"PISCO";"PRIVADO";"II-1";"00027173";"FAMISALUD SAC";"241500";"HOSPITALIZACIÓN QUIRÚRGICA GINECOLOGÍA  ";"5";"5";"6";"7";"2";"62";"0"
"2023";"05";"110501";"ICA";"PISCO";"PISCO";"PRIVADO";"II-1";"00027173";"FAMISALUD SAC";"241200";"HOSPITALIZACIÓN QUIRÚRGICA TRAUMATOLOGÍA Y ORTOPEDIA ";"1";"1";"1";"7";"1";"31";"0"
"2023";"05";"110501";"ICA";"PISCO";"PISCO";"PRIVADO";"II-1";"00027173";"FAMISALUD SAC";"240100";"HOSPITALIZACIÓN QUIRÚRGICA CIRUGÍA GENERAL ";"7";"7";"29";"7";"4";"124";"0"
"2023";"05";"110501";"ICA";"PISCO";"PISCO";"PRIVADO";"II-1";"00027173";"FAMISALUD SAC";"241800";"HOSPITALIZACIÓN DE MEDICINA MEDICINA GENERAL ";"8";"8";"23";"7";"1";"31";"0"
"2023";"05";"120909";"JUNIN";"CHUPACA";"YANACANCHA";"GOBIERNO REGIONAL";"I-2";"00000661";"YANACANCHA";"NE_0001";"";"NE_0001";"NE_0001";"NE_0001";"NE_0001";"NE_0001";"NE_0001";"NE_0001"
"2023";"05";"120907";"JUNIN";"CHUPACA";"SAN JUAN DE JARPA";"GOBIERNO REGIONAL";"I-3";"00000659";"SAN JUAN DE JARPA";"NE_0001";"";"NE_0001";"NE_0001";"NE_0001";"NE_0001";"NE_0001";"NE_0001";"NE_0001"
"2023";"05";"120909";"JUNIN";"CHUPACA";"YANACANCHA";"GOBIERNO REGIONAL";"I-1";"00000662";"SANTO DOMINGO DE CACHI";"NE_0001";"";"NE_0001";"NE_0001";"NE_0001";"NE_0001";"NE_0001";"NE_0001";"NE_0001"
"2023";"05";"120907";"JUNIN";"CHUPACA";"SAN JUAN DE JARPA";"GOBIERNO REGIONAL";"I-1";"00012470";"SHICUY";"NE_0001";"";"NE_0001";"NE_0001";"NE_0001";"NE_0001";"NE_0001";"NE_0001";"NE_0001"
"2023";"05";"110101";"ICA";"ICA";"ICA";"PRIVADO";"I-3";"00019056";"EL GALENO DE ICA";"NE_0001";"";"NE_0001";"NE_0001";"NE_0001";"NE_0001";"NE_0001";"NE_0001";"NE_0001"
"2023";"05";"220604";"SAN MARTIN";"MARISCAL CACERES";"PACHIZA";"GOBIERNO REGIONAL";"I-1";"00006572";"PACHIZA";"NE_0001";"";"NE_0001";"NE_0001";"NE_0001";"NE_0001";"NE_0001";"NE_0001";"NE_0001"
"2023";"05";"040307";"AREQUIPA";"CARAVELI";"CHALA";"ESSALUD";"I-2";"00012198";"POSTA MEDICA CHALA";"NE_0001";"";"NE_0001";"NE_0001";"NE_0001";"NE_0001";"NE_0001";"NE_0001";"NE_0001"
"2023";"05";"150136";"LIMA";"LIMA";"SAN MIGUEL";"PRIVADO";"II-2";"00011401";"CLINICA SAN JUDAS TADEO";"240000";"HOSPITALIZACIÓN";"375";"335";"1165";"1404";"54";"1674";"4"
"2023";"05";"150130";"LIMA";"LIMA";"SAN BORJA";"PRIVADO";"II-E";"00010467";"CLINICA FLEMING";"NE_0002";"";"NE_0002";"NE_0002";"NE_0002";"NE_0002";"NE_0002";"NE_0002";"NE_0002"
"2023";"05";"211101";"PUNO";"SAN ROMAN";"JULIACA";"PRIVADO";"II-E";"00011978";"CLINICA MONTE SINAI JULIACA E.I.R.L.";"241800";"HOSPITALIZACIÓN DE MEDICINA MEDICINA GENERAL ";"4";"4";"25";"35";"1";"150";"0"
"2023";"05";"211101";"PUNO";"SAN ROMAN";"JULIACA";"PRIVADO";"II-E";"00011978";"CLINICA MONTE SINAI JULIACA E.I.R.L.";"240100";"HOSPITALIZACIÓN QUIRÚRGICA CIRUGÍA GENERAL ";"37";"34";"110";"15";"13";"92";"0"
"2023";"05";"211101";"PUNO";"SAN ROMAN";"JULIACA";"PRIVADO";"II-E";"00011978";"CLINICA MONTE SINAI JULIACA E.I.R.L.";"242900";"HOSPITALIZACIÓN DE PEDIATRÍA PEDIATRIA GASTROENTEROLOGÍA PEDIÁTRICA";"1";"1";"25";"10";"1";"92";"0"
"2023";"05";"211101";"PUNO";"SAN ROMAN";"JULIACA";"PRIVADO";"II-E";"00011978";"CLINICA MONTE SINAI JULIACA E.I.R.L.";"242500";"HOSPITALIZACIÓN-PEDIATRÍA GENERAL-";"1";"1";"25";"5";"1";"92";"0"
"2023";"05";"021809";"ANCASH";"SANTA";"NUEVO CHIMBOTE";"PRIVADO";"II-1";"00016536";"CLINICA BAHIA S.A.C.";"240000";"HOSPITALIZACIÓN";"5";"4";"11";"5";"8";"248";"0"
"2023";"05";"250101";"UCAYALI";"CORONEL PORTILLO";"CALLERIA";"PRIVADO";"II-1";"00012118";"CLÍNICA MONTE HOREB S.A.";"241200";"HOSPITALIZACIÓN QUIRÚRGICA TRAUMATOLOGÍA Y ORTOPEDIA ";"6";"7";"40";"16";"1";"35";"0"
"2023";"05";"250101";"UCAYALI";"CORONEL PORTILLO";"CALLERIA";"PRIVADO";"II-1";"00012118";"CLÍNICA MONTE HOREB S.A.";"240100";"HOSPITALIZACIÓN QUIRÚRGICA CIRUGÍA GENERAL ";"2";"3";"9";"6";"1";"31";"0"
"2023";"05";"250101";"UCAYALI";"CORONEL PORTILLO";"CALLERIA";"PRIVADO";"II-1";"00012118";"CLÍNICA MONTE HOREB S.A.";"241400";"HOSPITALIZACIÓN QUIRÚRGICA GINECO - OBSTETRICIA ";"3";"2";"3";"4";"1";"31";"0"
"2023";"05";"250101";"UCAYALI";"CORONEL PORTILLO";"CALLERIA";"PRIVADO";"II-1";"00012118";"CLÍNICA MONTE HOREB S.A.";"241800";"HOSPITALIZACIÓN DE MEDICINA MEDICINA GENERAL ";"3";"2";"6";"9";"1";"31";"0"
"2023";"05";"250101";"UCAYALI";"CORONEL PORTILLO";"CALLERIA";"PRIVADO";"II-1";"00012118";"CLÍNICA MONTE HOREB S.A.";"241300";"HOSPITALIZACIÓN QUIRÚRGICA UROLOGÍA  ";"1";"1";"4";"4";"1";"31";"0"
"2023";"05";"150122";"LIMA";"LIMA";"MIRAFLORES";"PRIVADO";"II-E";"00016121";"CENTRO MEDICO AVENDAÑO S.A.C.";"240100";"HOSPITALIZACIÓN QUIRÚRGICA CIRUGÍA GENERAL ";"44";"41";"49";"44";"5";"155";"0"
"2023";"05";"130902";"LA LIBERTAD";"SANCHEZ CARRION";"CHUGAY";"GOBIERNO REGIONAL";"I-2";"00005353";"UCHUBAMBA";"NE_0001";"";"NE_0001";"NE_0001";"NE_0001";"NE_0001";"NE_0001";"NE_0001";"NE_0001"
"2023";"03";"130101";"LA LIBERTAD";"TRUJILLO";"TRUJILLO";"PRIVADO";"II-2";"00018404";"CLINICA SAN PABLO TRUJILLO";"250200";"UNIDAD DE CUIDADOS CRITICOS UNIDAD DE CUIDADOS INTERMEDIOS GENERAL  (UCIN) ";"2";"2";"2";"3";"5";"155";"0"
"2023";"03";"130101";"LA LIBERTAD";"TRUJILLO";"TRUJILLO";"PRIVADO";"II-2";"00018404";"CLINICA SAN PABLO TRUJILLO";"240000";"HOSPITALIZACIÓN";"365";"360";"1039";"1391";"64";"1984";"2"
"2023";"03";"150130";"LIMA";"LIMA";"SAN BORJA";"PRIVADO";"II-2";"00009682";"CLÍNICA INTERNACIONAL";"240000";"HOSPITALIZACIÓN";"533";"615";"2694";"2627";"102";"3162";"0"
"2023";"03";"150101";"LIMA";"LIMA";"LIMA";"PRIVADO";"I-3";"00016948";"MEDICENTRO COLMENA DE LA CLÍNICA INTERNACIONAL";"NE_0001";"";"NE_0001";"NE_0001";"NE_0001";"NE_0001";"NE_0001";"NE_0001";"NE_0001"
"2023";"03";"040101";"AREQUIPA";"AREQUIPA";"AREQUIPA";"GOBIERNO REGIONAL";"III-1";"00001231";"HOSPITAL REGIONAL HONORIO DELGADO ESPINOZA";"241800";"HOSPITALIZACIÓN DE MEDICINA MEDICINA GENERAL ";"316";"316";"3894";"3734";"144";"4462";"34"
"2023";"03";"040101";"AREQUIPA";"AREQUIPA";"AREQUIPA";"GOBIERNO REGIONAL";"III-1";"00001231";"HOSPITAL REGIONAL HONORIO DELGADO ESPINOZA";"245300";"HOSPITALIZACIÓN DE MEDICINA NEUMOLOGÍA  ";"35";"44";"625";"672";"28";"868";"6"
"2023";"03";"040101";"AREQUIPA";"AREQUIPA";"AREQUIPA";"GOBIERNO REGIONAL";"III-1";"00001231";"HOSPITAL REGIONAL HONORIO DELGADO ESPINOZA";"244000";"HOSPITALIZACIÓN DE MEDICINA CARDIOLOGIA ";"16";"14";"101";"88";"4";"124";"0"
"2023";"03";"040101";"AREQUIPA";"AREQUIPA";"AREQUIPA";"GOBIERNO REGIONAL";"III-1";"00001231";"HOSPITAL REGIONAL HONORIO DELGADO ESPINOZA";"242200";"HOSPITALIZACIÓN DE MEDICINA PSIQUIATRÍA ";"34";"37";"3689";"784";"32";"993";"0"
"2023";"03";"040101";"AREQUIPA";"AREQUIPA";"AREQUIPA";"GOBIERNO REGIONAL";"III-1";"00001231";"HOSPITAL REGIONAL HONORIO DELGADO ESPINOZA";"240100";"HOSPITALIZACIÓN QUIRÚRGICA CIRUGÍA GENERAL ";"371";"364";"4018";"3749";"138";"4278";"10"
"2023";"03";"040101";"AREQUIPA";"AREQUIPA";"AREQUIPA";"GOBIERNO REGIONAL";"III-1";"00001231";"HOSPITAL REGIONAL HONORIO DELGADO ESPINOZA";"240900";"HOSPITALIZACIÓN QUIRÚRGICA NEUROCIRUGÍA ";"43";"39";"610";"544";"24";"744";"0"
"2023";"03";"040101";"AREQUIPA";"AREQUIPA";"AREQUIPA";"GOBIERNO REGIONAL";"III-1";"00001231";"HOSPITAL REGIONAL HONORIO DELGADO ESPINOZA";"240800";"HOSPITALIZACIÓN QUIRÚRGICA CIRUGÍA PLÁSTICA/RECONSTRUCTIVA/ REPARADORA ";"11";"7";"158";"255";"10";"310";"0"
"2023";"03";"040101";"AREQUIPA";"AREQUIPA";"AREQUIPA";"GOBIERNO REGIONAL";"III-1";"00001231";"HOSPITAL REGIONAL HONORIO DELGADO ESPINOZA";"250100";"UNIDAD DE CUIDADOS CRITICOS UNIDAD  DE CUIDADOS INTENSIVOS GENERALES (UCI) ";"29";"8";"96";"617";"21";"642";"14"
"2023";"03";"040101";"AREQUIPA";"AREQUIPA";"AREQUIPA";"GOBIERNO REGIONAL";"III-1";"00001231";"HOSPITAL REGIONAL HONORIO DELGADO ESPINOZA";"250108";"UNIDAD DE CUIDADOS CRITICOS UNIDAD  DE CUIDADOS INTENSIVOS  (UCI) PEDIÁTRICA";"7";"3";"21";"108";"4";"124";"0"
"2023";"03";"040101";"AREQUIPA";"AREQUIPA";"AREQUIPA";"GOBIERNO REGIONAL";"III-1";"00001231";"HOSPITAL REGIONAL HONORIO DELGADO ESPINOZA";"242300";"HOSPITALIZACIÓN DE PEDIATRÍA  PEDIATRÍA  GENERAL ";"147";"143";"1078";"1405";"56";"1736";"0"
"2023";"03";"040101";"AREQUIPA";"AREQUIPA";"AREQUIPA";"GOBIERNO REGIONAL";"III-1";"00001231";"HOSPITAL REGIONAL HONORIO DELGADO ESPINOZA";"243200";"HOSPITALIZACIÓN DE PEDIATRÍA PEDIATRIA NEONATOLOGÍA";"105";"105";"561";"630";"30";"930";"1"
"2023";"03";"040101";"AREQUIPA";"AREQUIPA";"AREQUIPA";"GOBIERNO REGIONAL";"III-1";"00001231";"HOSPITAL REGIONAL HONORIO DELGADO ESPINOZA";"250105";"UNIDAD DE CUIDADOS CRITICOS UNIDAD  DE CUIDADOS INTENSIVOS  (UCI) NEONATOLOGÍA";"9";"0";"0";"217";"7";"217";"3"
"2023";"03";"040101";"AREQUIPA";"AREQUIPA";"AREQUIPA";"GOBIERNO REGIONAL";"III-1";"00001231";"HOSPITAL REGIONAL HONORIO DELGADO ESPINOZA";"241600";"HOSPITALIZACIÓN QUIRÚRGICA OBSTETRICIA   ";"513";"496";"1416";"1374";"86";"2666";"0"
"2023";"03";"040101";"AREQUIPA";"AREQUIPA";"AREQUIPA";"GOBIERNO REGIONAL";"III-1";"00001231";"HOSPITAL REGIONAL HONORIO DELGADO ESPINOZA";"241500";"HOSPITALIZACIÓN QUIRÚRGICA GINECOLOGÍA  ";"84";"84";"413";"412";"27";"837";"0"
"2023";"04";"130503";"LA LIBERTAD";"JULCAN";"CARABAMBA";"GOBIERNO REGIONAL";"I-2";"00006773";"VILLA MARIA";"NE_0002";"";"NE_0002";"NE_0002";"NE_0002";"NE_0002";"NE_0002";"NE_0002";"NE_0002"
"2023";"04";"130503";"LA LIBERTAD";"JULCAN";"CARABAMBA";"GOBIERNO REGIONAL";"I-3";"00005310";"CARABAMBA";"NE_0001";"";"NE_0001";"NE_0001";"NE_0001";"NE_0001";"NE_0001";"NE_0001";"NE_0001"
"2023";"04";"130503";"LA LIBERTAD";"JULCAN";"CARABAMBA";"GOBIERNO REGIONAL";"I-2";"00005311";"SAN JOSE DE SALO BAJO";"NE_0001";"";"NE_0001";"NE_0001";"NE_0001";"NE_0001";"NE_0001";"NE_0001";"NE_0001"
"2023";"04";"160108";"LORETO";"MAYNAS";"PUNCHANA";"ESSALUD";"III-1";"00011409";"HOSPITAL III IQUITOS";"241900";"HOSPITALIZACIÓN DE MEDICINA MEDICINA INTERNA ";"141";"146";"1002";"1138";"44";"1320";"7"
"2023";"04";"160108";"LORETO";"MAYNAS";"PUNCHANA";"ESSALUD";"III-1";"00011409";"HOSPITAL III IQUITOS";"240100";"HOSPITALIZACIÓN QUIRÚRGICA CIRUGÍA GENERAL ";"177";"172";"629";"737";"40";"1200";"0"
"2023";"04";"160108";"LORETO";"MAYNAS";"PUNCHANA";"ESSALUD";"III-1";"00011409";"HOSPITAL III IQUITOS";"241400";"HOSPITALIZACIÓN QUIRÚRGICA GINECO - OBSTETRICIA ";"22";"21";"55";"62";"5";"150";"0"
"2023";"04";"160108";"LORETO";"MAYNAS";"PUNCHANA";"ESSALUD";"III-1";"00011409";"HOSPITAL III IQUITOS";"241600";"HOSPITALIZACIÓN QUIRÚRGICA OBSTETRICIA   ";"156";"151";"303";"311";"18";"540";"0"
"2023";"04";"160108";"LORETO";"MAYNAS";"PUNCHANA";"ESSALUD";"III-1";"00011409";"HOSPITAL III IQUITOS";"242300";"HOSPITALIZACIÓN DE PEDIATRÍA  PEDIATRÍA  GENERAL ";"114";"111";"359";"361";"14";"420";"0"
"2023";"04";"160108";"LORETO";"MAYNAS";"PUNCHANA";"ESSALUD";"III-1";"00011409";"HOSPITAL III IQUITOS";"250100";"UNIDAD DE CUIDADOS CRITICOS UNIDAD  DE CUIDADOS INTENSIVOS GENERALES (UCI) ";"24";"24";"158";"249";"10";"300";"4"
"2023";"04";"160108";"LORETO";"MAYNAS";"PUNCHANA";"ESSALUD";"III-1";"00011409";"HOSPITAL III IQUITOS";"250200";"UNIDAD DE CUIDADOS CRITICOS UNIDAD DE CUIDADOS INTERMEDIOS GENERAL  (UCIN) ";"48";"52";"259";"263";"11";"330";"2"
"2023";"03";"250203";"UCAYALI";"ATALAYA";"TAHUANIA";"GOBIERNO REGIONAL";"I-1";"00007106";"TONIROMASHI";"NE_0001";"";"NE_0001";"NE_0001";"NE_0001";"NE_0001";"NE_0001";"NE_0001";"NE_0001"
"2023";"03";"250202";"UCAYALI";"ATALAYA";"SEPAHUA";"GOBIERNO REGIONAL";"I-1";"00005525";"PUIJA";"NE_0001";"";"NE_0001";"NE_0001";"NE_0001";"NE_0001";"NE_0001";"NE_0001";"NE_0001"
"2023";"03";"250202";"UCAYALI";"ATALAYA";"SEPAHUA";"GOBIERNO REGIONAL";"I-1";"00005524";"BUFEO POZO";"NE_0001";"";"NE_0001";"NE_0001";"NE_0001";"NE_0001";"NE_0001";"NE_0001";"NE_0001"
"2023";"03";"250202";"UCAYALI";"ATALAYA";"SEPAHUA";"GOBIERNO REGIONAL";"I-3";"00005523";"SEPAHUA";"NE_0001";"";"NE_0001";"NE_0001";"NE_0001";"NE_0001";"NE_0001";"NE_0001";"NE_0001"
"2023";"03";"250203";"UCAYALI";"ATALAYA";"TAHUANIA";"GOBIERNO REGIONAL";"I-1";"00005522";"TUPAC AMARU";"NE_0001";"";"NE_0001";"NE_0001";"NE_0001";"NE_0001";"NE_0001";"NE_0001";"NE_0001"
"2023";"03";"250203";"UCAYALI";"ATALAYA";"TAHUANIA";"GOBIERNO REGIONAL";"I-2";"00005521";"NUEVA ITALIA";"NE_0001";"";"NE_0001";"NE_0001";"NE_0001";"NE_0001";"NE_0001";"NE_0001";"NE_0001"
"2023";"03";"250203";"UCAYALI";"ATALAYA";"TAHUANIA";"GOBIERNO REGIONAL";"I-1";"00005520";"SHAHUAYA";"NE_0001";"";"NE_0001";"NE_0001";"NE_0001";"NE_0001";"NE_0001";"NE_0001";"NE_0001"
"2023";"03";"250203";"UCAYALI";"ATALAYA";"TAHUANIA";"GOBIERNO REGIONAL";"I-1";"00005519";"SEMPAYA";"NE_0001";"";"NE_0001";"NE_0001";"NE_0001";"NE_0001";"NE_0001";"NE_0001";"NE_0001"
"2023";"03";"250203";"UCAYALI";"ATALAYA";"TAHUANIA";"GOBIERNO REGIONAL";"I-3";"00005518";"BOLOGNESI";"NE_0001";"";"NE_0001";"NE_0001";"NE_0001";"NE_0001";"NE_0001";"NE_0001";"NE_0001"
"2023";"03";"250201";"UCAYALI";"ATALAYA";"RAIMONDI";"GOBIERNO REGIONAL";"I-1";"00005517";"SERJALI";"NE_0001";"";"NE_0001";"NE_0001";"NE_0001";"NE_0001";"NE_0001";"NE_0001";"NE_0001"
"2023";"03";"250201";"UCAYALI";"ATALAYA";"RAIMONDI";"GOBIERNO REGIONAL";"I-1";"00005516";"RIMA";"NE_0001";"";"NE_0001";"NE_0001";"NE_0001";"NE_0001";"NE_0001";"NE_0001";"NE_0001"
"2023";"03";"250201";"UCAYALI";"ATALAYA";"RAIMONDI";"GOBIERNO REGIONAL";"I-1";"00005515";"ALTO CHENCORENI";"NE_0001";"";"NE_0001";"NE_0001";"NE_0001";"NE_0001";"NE_0001";"NE_0001";"NE_0001"
"2023";"03";"250201";"UCAYALI";"ATALAYA";"RAIMONDI";"GOBIERNO REGIONAL";"I-1";"00005514";"CHEQUITAVO";"NE_0001";"";"NE_0001";"NE_0001";"NE_0001";"NE_0001";"NE_0001";"NE_0001";"NE_0001"
"2023";"03";"250201";"UCAYALI";"ATALAYA";"RAIMONDI";"GOBIERNO REGIONAL";"I-1";"00005512";"MAPALCA";"NE_0001";"";"NE_0001";"NE_0001";"NE_0001";"NE_0001";"NE_0001";"NE_0001";"NE_0001"
"2023";"03";"250201";"UCAYALI";"ATALAYA";"RAIMONDI";"GOBIERNO REGIONAL";"I-1";"00005511";"PAOTI";"NE_0001";"";"NE_0001";"NE_0001";"NE_0001";"NE_0001";"NE_0001";"NE_0001";"NE_0001"
"2023";"03";"250201";"UCAYALI";"ATALAYA";"RAIMONDI";"GOBIERNO REGIONAL";"I-1";"00005510";"LA FLORESTA";"NE_0001";"";"NE_0001";"NE_0001";"NE_0001";"NE_0001";"NE_0001";"NE_0001";"NE_0001"
"2023";"03";"250201";"UCAYALI";"ATALAYA";"RAIMONDI";"MINSA";"I-1";"00005509";"CHICOSA";"NE_0001";"";"NE_0001";"NE_0001";"NE_0001";"NE_0001";"NE_0001";"NE_0001";"NE_0001"
"2023";"03";"250201";"UCAYALI";"ATALAYA";"RAIMONDI";"MINSA";"I-1";"00005508";"UNINI";"NE_0001";"";"NE_0001";"NE_0001";"NE_0001";"NE_0001";"NE_0001";"NE_0001";"NE_0001"
"2023";"03";"250201";"UCAYALI";"ATALAYA";"RAIMONDI";"GOBIERNO REGIONAL";"I-1";"00005507";"BOCA PUCANI";"NE_0001";"";"NE_0001";"NE_0001";"NE_0001";"NE_0001";"NE_0001";"NE_0001";"NE_0001"
"2023";"03";"250201";"UCAYALI";"ATALAYA";"RAIMONDI";"MINSA";"I-1";"00005506";"P.S RAMON CASTILLA";"NE_0001";"";"NE_0001";"NE_0001";"NE_0001";"NE_0001";"NE_0001";"NE_0001";"NE_0001"
"2023";"03";"250201";"UCAYALI";"ATALAYA";"RAIMONDI";"GOBIERNO REGIONAL";"I-2";"00005505";"OBENTENI";"NE_0001";"";"NE_0001";"NE_0001";"NE_0001";"NE_0001";"NE_0001";"NE_0001";"NE_0001"
"2023";"03";"250201";"UCAYALI";"ATALAYA";"RAIMONDI";"MINSA";"I-1";"00005504";"COCANI";"NE_0001";"";"NE_0001";"NE_0001";"NE_0001";"NE_0001";"NE_0001";"NE_0001";"NE_0001"
"2023";"03";"250201";"UCAYALI";"ATALAYA";"RAIMONDI";"MINSA";"I-2";"00005503";"MALDONADILLO";"NE_0001";"";"NE_0001";"NE_0001";"NE_0001";"NE_0001";"NE_0001";"NE_0001";"NE_0001"
"2023";"03";"250201";"UCAYALI";"ATALAYA";"RAIMONDI";"GOBIERNO REGIONAL";"I-4";"00005502";"ATALAYA";"NE_0002";"";"NE_0002";"NE_0002";"NE_0002";"NE_0002";"NE_0002";"NE_0002";"NE_0002"
"2023";"04";"010101";"AMAZONAS";"CHACHAPOYAS";"CHACHAPOYAS";"ESSALUD";"II-1";"00009066";"HOSPITAL HIGOS URCO";"241800";"HOSPITALIZACIÓN DE MEDICINA MEDICINA GENERAL ";"17";"22";"125";"122";"6";"180";"0"
"2023";"04";"010101";"AMAZONAS";"CHACHAPOYAS";"CHACHAPOYAS";"ESSALUD";"II-1";"00009066";"HOSPITAL HIGOS URCO";"240100";"HOSPITALIZACIÓN QUIRÚRGICA CIRUGÍA GENERAL ";"26";"24";"86";"93";"5";"150";"0"
"2023";"04";"010101";"AMAZONAS";"CHACHAPOYAS";"CHACHAPOYAS";"ESSALUD";"II-1";"00009066";"HOSPITAL HIGOS URCO";"245400";"HOSPITALIZACIÓN DE MEDICINA GINECOLOGIA ";"30";"26";"76";"79";"5";"150";"0"
"2023";"04";"010101";"AMAZONAS";"CHACHAPOYAS";"CHACHAPOYAS";"ESSALUD";"II-1";"00009066";"HOSPITAL HIGOS URCO";"242300";"HOSPITALIZACIÓN DE PEDIATRÍA  PEDIATRÍA  GENERAL ";"9";"9";"29";"27";"2";"60";"0"
"2023";"04";"110112";"ICA";"ICA";"SUBTANJALLA";"GOBIERNO REGIONAL";"I-3";"00003362";"SUBTANJALLA";"NE_0001";"";"NE_0001";"NE_0001";"NE_0001";"NE_0001";"NE_0001";"NE_0001";"NE_0001"
"2023";"04";"060608";"CAJAMARCA";"CUTERVO";"SAN ANDRES DE CUTERVO";"GOBIERNO REGIONAL";"I-1";"00006868";"ILLUGAN";"NE_0001";"";"NE_0001";"NE_0001";"NE_0001";"NE_0001";"NE_0001";"NE_0001";"NE_0001"
"2023";"04";"060608";"CAJAMARCA";"CUTERVO";"SAN ANDRES DE CUTERVO";"GOBIERNO REGIONAL";"I-1";"00005036";"QUILLUGAY";"NE_0001";"";"NE_0001";"NE_0001";"NE_0001";"NE_0001";"NE_0001";"NE_0001";"NE_0001"
"2023";"04";"021801";"ANCASH";"SANTA";"CHIMBOTE";"PRIVADO";"II-1";"00016552";"CLINICA ROBLES S.A.C.";"240100";"HOSPITALIZACIÓN QUIRÚRGICA CIRUGÍA GENERAL ";"66";"60";"128";"176";"7";"210";"0"
"2023";"04";"021801";"ANCASH";"SANTA";"CHIMBOTE";"PRIVADO";"II-1";"00016552";"CLINICA ROBLES S.A.C.";"241400";"HOSPITALIZACIÓN QUIRÚRGICA GINECO - OBSTETRICIA ";"25";"23";"35";"37";"6";"180";"0"
"2023";"04";"060608";"CAJAMARCA";"CUTERVO";"SAN ANDRES DE CUTERVO";"GOBIERNO REGIONAL";"I-1";"00006940";"PAJONAL";"NE_0001";"";"NE_0001";"NE_0001";"NE_0001";"NE_0001";"NE_0001";"NE_0001";"NE_0001"
"2023";"04";"060608";"CAJAMARCA";"CUTERVO";"SAN ANDRES DE CUTERVO";"GOBIERNO REGIONAL";"I-3";"00005034";"SAN ANDRES";"NE_0001";"";"NE_0001";"NE_0001";"NE_0001";"NE_0001";"NE_0001";"NE_0001";"NE_0001"
"2023";"04";"060608";"CAJAMARCA";"CUTERVO";"SAN ANDRES DE CUTERVO";"GOBIERNO REGIONAL";"I-1";"00005035";"LA FLOR";"NE_0001";"";"NE_0001";"NE_0001";"NE_0001";"NE_0001";"NE_0001";"NE_0001";"NE_0001"
"2023";"04";"061110";"CAJAMARCA";"SAN MIGUEL";"SAN GREGORIO";"GOBIERNO REGIONAL";"I-1";"00004535";"EL SAUCE";"NE_0001";"";"NE_0001";"NE_0001";"NE_0001";"NE_0001";"NE_0001";"NE_0001";"NE_0001"
"2023";"04";"061108";"CAJAMARCA";"SAN MIGUEL";"NANCHOC";"GOBIERNO REGIONAL";"I-1";"00004533";"CARAHUASI";"NE_0001";"";"NE_0001";"NE_0001";"NE_0001";"NE_0001";"NE_0001";"NE_0001";"NE_0001"
"2023";"04";"061110";"CAJAMARCA";"SAN MIGUEL";"SAN GREGORIO";"GOBIERNO REGIONAL";"I-1";"00004536";"SAN GREGORIO";"NE_0001";"";"NE_0001";"NE_0001";"NE_0001";"NE_0001";"NE_0001";"NE_0001";"NE_0001"
"2023";"04";"061108";"CAJAMARCA";"SAN MIGUEL";"NANCHOC";"GOBIERNO REGIONAL";"I-3";"00004532";"NANCHOC";"NE_0001";"";"NE_0001";"NE_0001";"NE_0001";"NE_0001";"NE_0001";"NE_0001";"NE_0001"
"2023";"04";"061102";"CAJAMARCA";"SAN MIGUEL";"BOLIVAR";"GOBIERNO REGIONAL";"I-2";"00004534";"BOLIVAR";"NE_0001";"";"NE_0001";"NE_0001";"NE_0001";"NE_0001";"NE_0001";"NE_0001";"NE_0001"
"2023";"04";"061110";"CAJAMARCA";"SAN MIGUEL";"SAN GREGORIO";"GOBIERNO REGIONAL";"I-2";"00004537";"CASA BLANCA";"NE_0001";"";"NE_0001";"NE_0001";"NE_0001";"NE_0001";"NE_0001";"NE_0001";"NE_0001"
"2023";"04";"061102";"CAJAMARCA";"SAN MIGUEL";"BOLIVAR";"GOBIERNO REGIONAL";"I-1";"00007405";"SAN JOSE";"NE_0001";"";"NE_0001";"NE_0001";"NE_0001";"NE_0001";"NE_0001";"NE_0001";"NE_0001"
"2023";"03";"030201";"APURIMAC";"ANDAHUAYLAS";"ANDAHUAYLAS";"ESSALUD";"II-1";"00011214";"HOSPITAL I SANTA MARGARITA";"241800";"HOSPITALIZACIÓN DE MEDICINA MEDICINA GENERAL ";"32";"24";"178";"171";"6";"171";"0"
"2023";"03";"030201";"APURIMAC";"ANDAHUAYLAS";"ANDAHUAYLAS";"ESSALUD";"II-1";"00011214";"HOSPITAL I SANTA MARGARITA";"240100";"HOSPITALIZACIÓN QUIRÚRGICA CIRUGÍA GENERAL ";"35";"32";"166";"130";"4";"130";"0"
"2023";"03";"030201";"APURIMAC";"ANDAHUAYLAS";"ANDAHUAYLAS";"ESSALUD";"II-1";"00011214";"HOSPITAL I SANTA MARGARITA";"241400";"HOSPITALIZACIÓN QUIRÚRGICA GINECO - OBSTETRICIA ";"9";"7";"36";"31";"1";"31";"0"
"2023";"03";"030201";"APURIMAC";"ANDAHUAYLAS";"ANDAHUAYLAS";"ESSALUD";"II-1";"00011214";"HOSPITAL I SANTA MARGARITA";"241600";"HOSPITALIZACIÓN QUIRÚRGICA OBSTETRICIA   ";"44";"47";"119";"102";"3";"102";"0"
"2023";"03";"030201";"APURIMAC";"ANDAHUAYLAS";"ANDAHUAYLAS";"ESSALUD";"II-1";"00011214";"HOSPITAL I SANTA MARGARITA";"242300";"HOSPITALIZACIÓN DE PEDIATRÍA  PEDIATRÍA  GENERAL ";"7";"4";"30";"24";"2";"62";"0"
"2023";"01";"040104";"AREQUIPA";"AREQUIPA";"CERRO COLORADO";"MUNICIPALIDAD PROVINCIAL";"0";"00021551";"HOSPITAL MUNICIPAL DE AREQUIPA";"NE_0001";"";"NE_0001";"NE_0001";"NE_0001";"NE_0001";"NE_0001";"NE_0001";"NE_0001"
"2023";"04";"240101";"TUMBES";"TUMBES";"TUMBES";"GOBIERNO REGIONAL";"I-3";"00028923";"CENTRO DE SALUD MENTAL COMUNITARIO ""VIRGEN DEL CISNE""";"NE_0001";"";"NE_0001";"NE_0001";"NE_0001";"NE_0001";"NE_0001";"NE_0001";"NE_0001"
"2023";"04";"240101";"TUMBES";"TUMBES";"TUMBES";"GOBIERNO REGIONAL";"0";"00029717";"I HOGAR PROTEGIDO TUMBES";"NE_0001";"";"NE_0001";"NE_0001";"NE_0001";"NE_0001";"NE_0001";"NE_0001";"NE_0001"
"2023";"04";"240104";"TUMBES";"TUMBES";"PAMPAS DE HOSPITAL";"GOBIERNO REGIONAL";"I-1";"00001877";"CRUZ BLANCA.";"NE_0001";"";"NE_0001";"NE_0001";"NE_0001";"NE_0001";"NE_0001";"NE_0001";"NE_0001"
"2023";"04";"240106";"TUMBES";"TUMBES";"SAN JUAN DE LA VIRGEN";"GOBIERNO REGIONAL";"I-1";"00001880";"CERRO BLANCO";"NE_0001";"";"NE_0001";"NE_0001";"NE_0001";"NE_0001";"NE_0001";"NE_0001";"NE_0001"
"2023";"04";"240101";"TUMBES";"TUMBES";"TUMBES";"GOBIERNO REGIONAL";"I-2";"00001883";"PUERTO PIZARRO";"NE_0001";"";"NE_0001";"NE_0001";"NE_0001";"NE_0001";"NE_0001";"NE_0001";"NE_0001"
"2023";"04";"240101";"TUMBES";"TUMBES";"TUMBES";"GOBIERNO REGIONAL";"I-3";"00001884";"CLAS ANDRES ARAUJO MORAN";"NE_0001";"";"NE_0001";"NE_0001";"NE_0001";"NE_0001";"NE_0001";"NE_0001";"NE_0001"
"2023";"04";"240101";"TUMBES";"TUMBES";"TUMBES";"GOBIERNO REGIONAL";"0";"00013886";"LABORATORIO DE REFERENCIA REGIONAL DE SALUD PUBLICA";"NE_0001";"";"NE_0001";"NE_0001";"NE_0001";"NE_0001";"NE_0001";"NE_0001";"NE_0001"
"2023";"03";"150114";"LIMA";"LIMA";"LA MOLINA";"PRIVADO";"I-3";"00010464";"CLINICA ANGLO AMERICANA";"NE_0001";"";"NE_0001";"NE_0001";"NE_0001";"NE_0001";"NE_0001";"NE_0001";"NE_0001"
"2023";"03";"150130";"LIMA";"LIMA";"SAN BORJA";"PRIVADO";"II-E";"00015179";"CLINICA KIRSCHBAUM";"240800";"HOSPITALIZACIÓN QUIRÚRGICA CIRUGÍA PLÁSTICA/RECONSTRUCTIVA/ REPARADORA ";"55";"55";"76";"55";"10";"310";"0"
"2023";"02";"240301";"TUMBES";"ZARUMILLA";"ZARUMILLA";"ESSALUD";"I-2";"00012271";"POSTA MEDICA ZARUMILLA";"NE_0001";"";"NE_0001";"NE_0001";"NE_0001";"NE_0001";"NE_0001";"NE_0001";"NE_0001"
"2023";"03";"240301";"TUMBES";"ZARUMILLA";"ZARUMILLA";"ESSALUD";"I-2";"00012271";"POSTA MEDICA ZARUMILLA";"NE_0001";"";"NE_0001";"NE_0001";"NE_0001";"NE_0001";"NE_0001";"NE_0001";"NE_0001"
"2023";"03";"050401";"AYACUCHO";"HUANTA";"HUANTA";"GOBIERNO REGIONAL";"II-1";"00003655";"HOSPITAL DE APOYO DE HUANTA ""DANIEL ALCIDES CARRIÓN""";"241800";"HOSPITALIZACIÓN DE MEDICINA MEDICINA GENERAL ";"40";"39";"218";"234";"18";"367";"6"
"2023";"03";"050401";"AYACUCHO";"HUANTA";"HUANTA";"GOBIERNO REGIONAL";"II-1";"00003655";"HOSPITAL DE APOYO DE HUANTA ""DANIEL ALCIDES CARRIÓN""";"240100";"HOSPITALIZACIÓN QUIRÚRGICA CIRUGÍA GENERAL ";"57";"57";"206";"243";"14";"362";"0"
"2023";"03";"050401";"AYACUCHO";"HUANTA";"HUANTA";"GOBIERNO REGIONAL";"II-1";"00003655";"HOSPITAL DE APOYO DE HUANTA ""DANIEL ALCIDES CARRIÓN""";"242500";"HOSPITALIZACIÓN-PEDIATRÍA GENERAL-";"26";"25";"64";"76";"10";"300";"0"
"2023";"03";"050401";"AYACUCHO";"HUANTA";"HUANTA";"GOBIERNO REGIONAL";"II-1";"00003655";"HOSPITAL DE APOYO DE HUANTA ""DANIEL ALCIDES CARRIÓN""";"241500";"HOSPITALIZACIÓN QUIRÚRGICA GINECOLOGÍA  ";"39";"33";"55";"75";"6";"243";"0"
"2023";"03";"230302";"TACNA";"JORGE BASADRE";"ILABAYA";"ESSALUD";"I-2";"00010191";"CENTRO DE ATENCION PRIMARIA I   ILABAYA";"NE_0001";"";"NE_0001";"NE_0001";"NE_0001";"NE_0001";"NE_0001";"NE_0001";"NE_0001"
"2023";"03";"021809";"ANCASH";"SANTA";"NUEVO CHIMBOTE";"GOBIERNO REGIONAL";"I-3";"00027144";"CENTRO DE SALUD MENTAL COMUNITARIO NUEVO PUERTO";"NE_0002";"";"NE_0002";"NE_0002";"NE_0002";"NE_0002";"NE_0002";"NE_0002";"NE_0002"
"2023";"03";"021801";"ANCASH";"SANTA";"CHIMBOTE";"ESSALUD";"I-3";"00010013";"POLICLÍNICO DE COMPLEJIDAD CRECIENTE ""VICTOR PANTA RODRIGUEZ""";"NE_0001";"";"NE_0001";"NE_0001";"NE_0001";"NE_0001";"NE_0001";"NE_0001";"NE_0001"
"2023";"03";"240101";"TUMBES";"TUMBES";"TUMBES";"PRIVADO";"I-4";"00007795";"CENTRO MEDICO LA FAMILIA";"NE_0002";"";"NE_0002";"NE_0002";"NE_0002";"NE_0002";"NE_0002";"NE_0002";"NE_0002"
"2023";"04";"040103";"AREQUIPA";"AREQUIPA";"CAYMA";"GOBIERNO REGIONAL";"I-3";"00001235";"BUENOS AIRES DE CAYMA";"NE_0001";"";"NE_0001";"NE_0001";"NE_0001";"NE_0001";"NE_0001";"NE_0001";"NE_0001"
"2023";"04";"040103";"AREQUIPA";"AREQUIPA";"CAYMA";"GOBIERNO REGIONAL";"I-2";"00001245";"SAN JOSE";"NE_0001";"";"NE_0001";"NE_0001";"NE_0001";"NE_0001";"NE_0001";"NE_0001";"NE_0001"
"2023";"04";"040103";"AREQUIPA";"AREQUIPA";"CAYMA";"GOBIERNO REGIONAL";"I-2";"00001246";"DEAN VALDIVIA";"NE_0001";"";"NE_0001";"NE_0001";"NE_0001";"NE_0001";"NE_0001";"NE_0001";"NE_0001"
"2023";"04";"120601";"JUNIN";"SATIPO";"SATIPO";"GOBIERNO REGIONAL";"I-3";"00027078";"CENTRO DE SALUD MENTAL COMUNITARIO SATIPO";"NE_0001";"";"NE_0001";"NE_0001";"NE_0001";"NE_0001";"NE_0001";"NE_0001";"NE_0001"
"2023";"04";"130101";"LA LIBERTAD";"TRUJILLO";"TRUJILLO";"GOBIERNO REGIONAL";"II-1";"00005204";"HOSPITAL DE ESPECIALIDADES BASICAS LA NORIA";"243200";"HOSPITALIZACIÓN DE PEDIATRÍA PEDIATRIA NEONATOLOGÍA";"6";"7";"16";"16";"4";"120";"0"
"2023";"04";"130101";"LA LIBERTAD";"TRUJILLO";"TRUJILLO";"GOBIERNO REGIONAL";"II-1";"00005204";"HOSPITAL DE ESPECIALIDADES BASICAS LA NORIA";"241400";"HOSPITALIZACIÓN QUIRÚRGICA GINECO - OBSTETRICIA ";"28";"33";"50";"50";"9";"270";"0"
"2023";"04";"130101";"LA LIBERTAD";"TRUJILLO";"TRUJILLO";"GOBIERNO REGIONAL";"II-1";"00005204";"HOSPITAL DE ESPECIALIDADES BASICAS LA NORIA";"241600";"HOSPITALIZACIÓN QUIRÚRGICA OBSTETRICIA   ";"31";"31";"35";"35";"6";"180";"0"
"2023";"03";"250102";"UCAYALI";"CORONEL PORTILLO";"CAMPOVERDE";"GOBIERNO REGIONAL";"I-1";"00005441";"SEÑOR DE LOS MILAGROS KM 24";"NE_0001";"";"NE_0001";"NE_0001";"NE_0001";"NE_0001";"NE_0001";"NE_0001";"NE_0001"
"2023";"03";"250102";"UCAYALI";"CORONEL PORTILLO";"CAMPOVERDE";"GOBIERNO REGIONAL";"I-1";"00005440";"LOS PINOS";"NE_0001";"";"NE_0001";"NE_0001";"NE_0001";"NE_0001";"NE_0001";"NE_0001";"NE_0001"
"2023";"03";"250102";"UCAYALI";"CORONEL PORTILLO";"CAMPOVERDE";"GOBIERNO REGIONAL";"I-1";"00005439";"SAN PEDRO KM 47";"NE_0001";"";"NE_0001";"NE_0001";"NE_0001";"NE_0001";"NE_0001";"NE_0001";"NE_0001"
"2023";"03";"250102";"UCAYALI";"CORONEL PORTILLO";"CAMPOVERDE";"GOBIERNO REGIONAL";"I-1";"00005437";"ANTONIO RAYMONDI";"NE_0001";"";"NE_0001";"NE_0001";"NE_0001";"NE_0001";"NE_0001";"NE_0001";"NE_0001"
"2023";"03";"250102";"UCAYALI";"CORONEL PORTILLO";"CAMPOVERDE";"GOBIERNO REGIONAL";"I-1";"00005436";"LA VICTORIA";"NE_0001";"";"NE_0001";"NE_0001";"NE_0001";"NE_0001";"NE_0001";"NE_0001";"NE_0001"
"2023";"03";"250102";"UCAYALI";"CORONEL PORTILLO";"CAMPOVERDE";"GOBIERNO REGIONAL";"I-1";"00005435";"EL PORVENIR KM 25";"NE_0001";"";"NE_0001";"NE_0001";"NE_0001";"NE_0001";"NE_0001";"NE_0001";"NE_0001"
"2023";"03";"250102";"UCAYALI";"CORONEL PORTILLO";"CAMPOVERDE";"GOBIERNO REGIONAL";"I-1";"00005434";"PUESTO DE SALUD  ALTO MANANTAY";"NE_0001";"";"NE_0001";"NE_0001";"NE_0001";"NE_0001";"NE_0001";"NE_0001";"NE_0001"
"2023";"03";"250102";"UCAYALI";"CORONEL PORTILLO";"CAMPOVERDE";"GOBIERNO REGIONAL";"I-1";"00005433";"P.S  LAS MERCEDES KM. 42";"NE_0001";"";"NE_0001";"NE_0001";"NE_0001";"NE_0001";"NE_0001";"NE_0001";"NE_0001"
"2023";"03";"250102";"UCAYALI";"CORONEL PORTILLO";"CAMPOVERDE";"GOBIERNO REGIONAL";"I-2";"00005432";"PIMENTAL";"NE_0001";"";"NE_0001";"NE_0001";"NE_0001";"NE_0001";"NE_0001";"NE_0001";"NE_0001"
"2023";"03";"250102";"UCAYALI";"CORONEL PORTILLO";"CAMPOVERDE";"GOBIERNO REGIONAL";"I-1";"00005431";"SANTA ROSA KM. 50 CFB";"NE_0001";"";"NE_0001";"NE_0001";"NE_0001";"NE_0001";"NE_0001";"NE_0001";"NE_0001"
"2023";"03";"250102";"UCAYALI";"CORONEL PORTILLO";"CAMPOVERDE";"GOBIERNO REGIONAL";"I-1";"00005430";"SAN JOSE KM 26";"NE_0001";"";"NE_0001";"NE_0001";"NE_0001";"NE_0001";"NE_0001";"NE_0001";"NE_0001"
"2023";"03";"250102";"UCAYALI";"CORONEL PORTILLO";"CAMPOVERDE";"GOBIERNO REGIONAL";"I-1";"00005429";"AGUA BLANCA";"NE_0001";"";"NE_0001";"NE_0001";"NE_0001";"NE_0001";"NE_0001";"NE_0001";"NE_0001"
"2023";"03";"250102";"UCAYALI";"CORONEL PORTILLO";"CAMPOVERDE";"GOBIERNO REGIONAL";"I-1";"00005428";"SAN MARTIN DE MOJARAL";"NE_0001";"";"NE_0001";"NE_0001";"NE_0001";"NE_0001";"NE_0001";"NE_0001";"NE_0001"
"2023";"03";"250102";"UCAYALI";"CORONEL PORTILLO";"CAMPOVERDE";"GOBIERNO REGIONAL";"I-1";"00005427";"PUEBLO LIBRE";"NE_0001";"";"NE_0001";"NE_0001";"NE_0001";"NE_0001";"NE_0001";"NE_0001";"NE_0001"
"2023";"03";"250102";"UCAYALI";"CORONEL PORTILLO";"CAMPOVERDE";"GOBIERNO REGIONAL";"I-3";"00005426";"CAMPO VERDE";"NE_0001";"";"NE_0001";"NE_0001";"NE_0001";"NE_0001";"NE_0001";"NE_0001";"NE_0001"
"2023";"05";"150140";"LIMA";"LIMA";"SANTIAGO DE SURCO";"PRIVADO";"II-E";"00013064";"CLINICA CEDRON";"240000";"HOSPITALIZACIÓN";"40";"37";"44";"50";"6";"186";"0"
"2023";"05";"130907";"LA LIBERTAD";"SANCHEZ CARRION";"SARIN";"GOBIERNO REGIONAL";"I-2";"00011627";"CERPAQUINO";"NE_0001";"";"NE_0001";"NE_0001";"NE_0001";"NE_0001";"NE_0001";"NE_0001";"NE_0001"
"2023";"05";"130907";"LA LIBERTAD";"SANCHEZ CARRION";"SARIN";"GOBIERNO REGIONAL";"I-2";"00005361";"SARIN";"NE_0001";"";"NE_0001";"NE_0001";"NE_0001";"NE_0001";"NE_0001";"NE_0001";"NE_0001"
"2023";"05";"130907";"LA LIBERTAD";"SANCHEZ CARRION";"SARIN";"GOBIERNO REGIONAL";"I-2";"00011624";"MUNMALCA";"NE_0001";"";"NE_0001";"NE_0001";"NE_0001";"NE_0001";"NE_0001";"NE_0001";"NE_0001"
"2023";"05";"130907";"LA LIBERTAD";"SANCHEZ CARRION";"SARIN";"GOBIERNO REGIONAL";"I-2";"00011628";"SHIRACORRAL";"NE_0001";"";"NE_0001";"NE_0001";"NE_0001";"NE_0001";"NE_0001";"NE_0001";"NE_0001"
"2023";"05";"130907";"LA LIBERTAD";"SANCHEZ CARRION";"SARIN";"GOBIERNO REGIONAL";"I-2";"00005362";"OROGOLDAY";"NE_0001";"";"NE_0001";"NE_0001";"NE_0001";"NE_0001";"NE_0001";"NE_0001";"NE_0001"
"2023";"05";"150122";"LIMA";"LIMA";"MIRAFLORES";"PRIVADO";"II-2";"00008746";"CLINICA GOOD HOPE";"240000";"HOSPITALIZACIÓN";"833";"970";"2845";"3150";"136";"3689";"6"
"2023";"05";"050904";"AYACUCHO";"SUCRE";"CHILCAYOC";"GOBIERNO REGIONAL";"I-2";"00003805";"PUESTO DE SALUD CHILCAYOCC";"NE_0001";"";"NE_0001";"NE_0001";"NE_0001";"NE_0001";"NE_0001";"NE_0001";"NE_0001"
"2023";"05";"050909";"AYACUCHO";"SUCRE";"SAN SALVADOR DE QUIJE";"GOBIERNO REGIONAL";"I-1";"00003806";"PUESTO DE SALUD SAN SALVADOR DE QUIJE";"NE_0001";"";"NE_0001";"NE_0001";"NE_0001";"NE_0001";"NE_0001";"NE_0001";"NE_0001"
"2023";"05";"050907";"AYACUCHO";"SUCRE";"PAICO";"GOBIERNO REGIONAL";"I-1";"00003813";"PUESTO DE SALUD PAICO";"NE_0001";"";"NE_0001";"NE_0001";"NE_0001";"NE_0001";"NE_0001";"NE_0001";"NE_0001"
"2023";"05";"050905";"AYACUCHO";"SUCRE";"HUACAÑA";"GOBIERNO REGIONAL";"I-1";"00003719";"PUESTO DE SALUD HUACAÑA";"NE_0001";"";"NE_0001";"NE_0001";"NE_0001";"NE_0001";"NE_0001";"NE_0001";"NE_0001"
"2023";"05";"050901";"AYACUCHO";"SUCRE";"QUEROBAMBA";"GOBIERNO REGIONAL";"I-1";"00003802";"PUESTO DE SALUD POTONGO";"NE_0001";"";"NE_0001";"NE_0001";"NE_0001";"NE_0001";"NE_0001";"NE_0001";"NE_0001"
"2023";"05";"050910";"AYACUCHO";"SUCRE";"SANTIAGO DE PAUCARAY";"GOBIERNO REGIONAL";"I-1";"00007096";"PUESTO DE SALUD AUTAMA";"NE_0001";"";"NE_0001";"NE_0001";"NE_0001";"NE_0001";"NE_0001";"NE_0001";"NE_0001"
"2023";"05";"050906";"AYACUCHO";"SUCRE";"MORCOLLA";"GOBIERNO REGIONAL";"I-1";"00003812";"PUESTO DE SALUD HUACO";"NE_0001";"";"NE_0001";"NE_0001";"NE_0001";"NE_0001";"NE_0001";"NE_0001";"NE_0001"
"2023";"05";"050901";"AYACUCHO";"SUCRE";"QUEROBAMBA";"GOBIERNO REGIONAL";"I-1";"00003809";"PUESTO DE SALUD CHONTA";"NE_0001";"";"NE_0001";"NE_0001";"NE_0001";"NE_0001";"NE_0001";"NE_0001";"NE_0001"
"2023";"05";"050906";"AYACUCHO";"SUCRE";"MORCOLLA";"GOBIERNO REGIONAL";"I-1";"00003810";"PUESTO DE SALUD MORCOLLA";"NE_0001";"";"NE_0001";"NE_0001";"NE_0001";"NE_0001";"NE_0001";"NE_0001";"NE_0001"
"2023";"05";"050906";"AYACUCHO";"SUCRE";"MORCOLLA";"GOBIERNO REGIONAL";"I-1";"00003811";"PUESTO DE SALUD TINTAY";"NE_0001";"";"NE_0001";"NE_0001";"NE_0001";"NE_0001";"NE_0001";"NE_0001";"NE_0001"
"2023";"05";"050907";"AYACUCHO";"SUCRE";"PAICO";"GOBIERNO REGIONAL";"I-1";"00003814";"PUESTO DE SALUD SIHUE";"NE_0001";"";"NE_0001";"NE_0001";"NE_0001";"NE_0001";"NE_0001";"NE_0001";"NE_0001"
"2023";"05";"050910";"AYACUCHO";"SUCRE";"SANTIAGO DE PAUCARAY";"GOBIERNO REGIONAL";"I-1";"00003816";"PUESTO DE SALUD SANTIAGO DE PAUCARAY";"NE_0001";"";"NE_0001";"NE_0001";"NE_0001";"NE_0001";"NE_0001";"NE_0001";"NE_0001"
"2023";"05";"050911";"AYACUCHO";"SUCRE";"SORAS";"GOBIERNO REGIONAL";"I-3";"00003818";"CENTRO DE SALUD SORAS";"241600";"HOSPITALIZACIÓN QUIRÚRGICA OBSTETRICIA   ";"0";"2";"4";"1";"4";"5";"0"
"2023";"05";"050902";"AYACUCHO";"SUCRE";"BELEN";"GOBIERNO REGIONAL";"I-1";"00003803";"PUESTO DE SALUD BELEN";"NE_0001";"";"NE_0001";"NE_0001";"NE_0001";"NE_0001";"NE_0001";"NE_0001";"NE_0001"
"2023";"05";"050909";"AYACUCHO";"SUCRE";"SAN SALVADOR DE QUIJE";"GOBIERNO REGIONAL";"I-1";"00003807";"PUESTO DE SALUD SANTIAGO DE PALLCCA";"NE_0001";"";"NE_0001";"NE_0001";"NE_0001";"NE_0001";"NE_0001";"NE_0001";"NE_0001"
"2023";"05";"050903";"AYACUCHO";"SUCRE";"CHALCOS";"GOBIERNO REGIONAL";"I-1";"00003804";"PUESTO DE SALUD CHALCOS";"NE_0001";"";"NE_0001";"NE_0001";"NE_0001";"NE_0001";"NE_0001";"NE_0001";"NE_0001"
"2023";"05";"050908";"AYACUCHO";"SUCRE";"SAN PEDRO DE LARCAY";"GOBIERNO REGIONAL";"I-2";"00003815";"SAN PEDRO DE LARCAY";"NE_0001";"";"NE_0001";"NE_0001";"NE_0001";"NE_0001";"NE_0001";"NE_0001";"NE_0001"
"2023";"05";"050910";"AYACUCHO";"SUCRE";"SANTIAGO DE PAUCARAY";"GOBIERNO REGIONAL";"I-1";"00003817";"PUESTO DE SALUD ATIHUARA";"NE_0001";"";"NE_0001";"NE_0001";"NE_0001";"NE_0001";"NE_0001";"NE_0001";"NE_0001"
"2023";"05";"050909";"AYACUCHO";"SUCRE";"SAN SALVADOR DE QUIJE";"GOBIERNO REGIONAL";"I-1";"00006900";"PUESTO DE SALUD VISTA ALEGRE - SUCRE";"NE_0001";"";"NE_0001";"NE_0001";"NE_0001";"NE_0001";"NE_0001";"NE_0001";"NE_0001"
"2023";"05";"050907";"AYACUCHO";"SUCRE";"PAICO";"GOBIERNO REGIONAL";"I-1";"00003813";"PUESTO DE SALUD PAICO";"NE_0001";"";"NE_0001";"NE_0001";"NE_0001";"NE_0001";"NE_0001";"NE_0001";"NE_0001"
"2023";"05";"120101";"JUNIN";"HUANCAYO";"HUANCAYO";"ESSALUD";"I-3";"00012190";"CAP III MANTARO";"NE_0001";"";"NE_0001";"NE_0001";"NE_0001";"NE_0001";"NE_0001";"NE_0001";"NE_0001"
"2023";"04";"250201";"UCAYALI";"ATALAYA";"RAIMONDI";"MINSA";"I-1";"00005506";"P.S RAMON CASTILLA";"NE_0001";"";"NE_0001";"NE_0001";"NE_0001";"NE_0001";"NE_0001";"NE_0001";"NE_0001"
"2023";"05";"120207";"JUNIN";"CONCEPCION";"HEROINAS TOLEDO";"GOBIERNO REGIONAL";"I-1";"00000685";"HEROINAS TOLEDO";"NE_0001";"";"NE_0001";"NE_0001";"NE_0001";"NE_0001";"NE_0001";"NE_0001";"NE_0001"
"2023";"05";"160108";"LORETO";"MAYNAS";"PUNCHANA";"ESSALUD";"III-1";"00011409";"HOSPITAL III IQUITOS";"241900";"HOSPITALIZACIÓN DE MEDICINA MEDICINA INTERNA ";"166";"154";"1119";"1168";"44";"1364";"9"
"2023";"05";"160108";"LORETO";"MAYNAS";"PUNCHANA";"ESSALUD";"III-1";"00011409";"HOSPITAL III IQUITOS";"240100";"HOSPITALIZACIÓN QUIRÚRGICA CIRUGÍA GENERAL ";"222";"219";"889";"881";"40";"1240";"0"
"2023";"05";"160108";"LORETO";"MAYNAS";"PUNCHANA";"ESSALUD";"III-1";"00011409";"HOSPITAL III IQUITOS";"241400";"HOSPITALIZACIÓN QUIRÚRGICA GINECO - OBSTETRICIA ";"36";"35";"137";"131";"5";"155";"0"
"2023";"05";"160108";"LORETO";"MAYNAS";"PUNCHANA";"ESSALUD";"III-1";"00011409";"HOSPITAL III IQUITOS";"241600";"HOSPITALIZACIÓN QUIRÚRGICA OBSTETRICIA   ";"171";"157";"326";"339";"18";"558";"0"
"2023";"05";"160108";"LORETO";"MAYNAS";"PUNCHANA";"ESSALUD";"III-1";"00011409";"HOSPITAL III IQUITOS";"242300";"HOSPITALIZACIÓN DE PEDIATRÍA  PEDIATRÍA  GENERAL ";"114";"114";"409";"415";"14";"434";"0"
"2023";"05";"160108";"LORETO";"MAYNAS";"PUNCHANA";"ESSALUD";"III-1";"00011409";"HOSPITAL III IQUITOS";"250100";"UNIDAD DE CUIDADOS CRITICOS UNIDAD  DE CUIDADOS INTENSIVOS GENERALES (UCI) ";"31";"29";"375";"261";"10";"310";"7"
"2023";"05";"160108";"LORETO";"MAYNAS";"PUNCHANA";"ESSALUD";"III-1";"00011409";"HOSPITAL III IQUITOS";"250200";"UNIDAD DE CUIDADOS CRITICOS UNIDAD DE CUIDADOS INTERMEDIOS GENERAL  (UCIN) ";"64";"63";"237";"265";"11";"341";"0"
"2023";"05";"130705";"LA LIBERTAD";"PACASMAYO";"SAN JOSE";"ESSALUD";"I-2";"00012110";"POSTA DE SALUD SAN JOSE";"NE_0001";"";"NE_0001";"NE_0001";"NE_0001";"NE_0001";"NE_0001";"NE_0001";"NE_0001"
"2023";"05";"150103";"LIMA";"LIMA";"ATE";"PRIVADO";"II-1";"00018584";"CLINICA MARIA DEL SOCORRO";"240000";"HOSPITALIZACIÓN";"158";"153";"223";"245";"20";"620";"0"
"2023";"05";"060804";"CAJAMARCA";"JAEN";"COLASAY";"GOBIERNO REGIONAL";"I-1";"00004240";"CUYCA";"NE_0001";"";"NE_0001";"NE_0001";"NE_0001";"NE_0001";"NE_0001";"NE_0001";"NE_0001"
"2023";"05";"060808";"CAJAMARCA";"JAEN";"PUCARA";"GOBIERNO REGIONAL";"I-4";"00004249";"PUCARA";"241800";"HOSPITALIZACIÓN DE MEDICINA MEDICINA GENERAL ";"09";"09";"16";"09";"08";"72";"0"
"2023";"05";"060808";"CAJAMARCA";"JAEN";"PUCARA";"GOBIERNO REGIONAL";"I-4";"00004249";"PUCARA";"241600";"HOSPITALIZACIÓN QUIRÚRGICA OBSTETRICIA   ";"08";"08";"08";"08";"04";"32";"0"
"2023";"05";"220506";"SAN MARTIN";"LAMAS";"PINTO RECODO";"GOBIERNO REGIONAL";"I-1";"00006343";"GOSEN";"NE_0001";"";"NE_0001";"NE_0001";"NE_0001";"NE_0001";"NE_0001";"NE_0001";"NE_0001"
"2023";"05";"220502";"SAN MARTIN";"LAMAS";"ALONSO DE ALVARADO";"GOBIERNO REGIONAL";"I-3";"00006350";"PACAYZAPA";"241600";"HOSPITALIZACIÓN QUIRÚRGICA OBSTETRICIA   ";"1";"1";"1";"01";"01";"62";"0"
"2023";"05";"220506";"SAN MARTIN";"LAMAS";"PINTO RECODO";"GOBIERNO REGIONAL";"I-1";"00006342";"BETANIA";"NE_0001";"";"NE_0001";"NE_0001";"NE_0001";"NE_0001";"NE_0001";"NE_0001";"NE_0001"
"2023";"03";"090101";"HUANCAVELICA";"HUANCAVELICA";"HUANCAVELICA";"PRIVADO";"I-3";"00009300";"JUAN PABLO II";"NE_0001";"";"NE_0001";"NE_0001";"NE_0001";"NE_0001";"NE_0001";"NE_0001";"NE_0001"
"2023";"03";"120701";"JUNIN";"TARMA";"TARMA";"GOBIERNO REGIONAL";"I-1";"00000588";"MULLUCRO";"NE_0001";"";"NE_0001";"NE_0001";"NE_0001";"NE_0001";"NE_0001";"NE_0001";"NE_0001"
"2023";"03";"120701";"JUNIN";"TARMA";"TARMA";"GOBIERNO REGIONAL";"I-1";"00000590";"MISARURASHA";"NE_0001";"";"NE_0001";"NE_0001";"NE_0001";"NE_0001";"NE_0001";"NE_0001";"NE_0001"
"2023";"03";"120701";"JUNIN";"TARMA";"TARMA";"GOBIERNO REGIONAL";"I-1";"00000585";"COCHAS";"NE_0001";"";"NE_0001";"NE_0001";"NE_0001";"NE_0001";"NE_0001";"NE_0001";"NE_0001"
"2023";"03";"120701";"JUNIN";"TARMA";"TARMA";"GOBIERNO REGIONAL";"I-1";"00000592";"PALCAPACCHA";"NE_0001";"";"NE_0001";"NE_0001";"NE_0001";"NE_0001";"NE_0001";"NE_0001";"NE_0001"
"2023";"03";"120701";"JUNIN";"TARMA";"TARMA";"GOBIERNO REGIONAL";"I-1";"00000589";"VICORA CONGAS";"NE_0001";"";"NE_0001";"NE_0001";"NE_0001";"NE_0001";"NE_0001";"NE_0001";"NE_0001"
"2023";"03";"150122";"LIMA";"LIMA";"MIRAFLORES";"ESSALUD";"II-2";"00008489";"ESSALUD - HOSPITAL III SUÁREZ ANGAMOS";"250100";"UNIDAD DE CUIDADOS CRITICOS UNIDAD  DE CUIDADOS INTENSIVOS GENERALES (UCI) ";"6";"9";"15";"144";"7";"217";"2"
"2023";"03";"150122";"LIMA";"LIMA";"MIRAFLORES";"ESSALUD";"II-2";"00008489";"ESSALUD - HOSPITAL III SUÁREZ ANGAMOS";"250200";"UNIDAD DE CUIDADOS CRITICOS UNIDAD DE CUIDADOS INTERMEDIOS GENERAL  (UCIN) ";"8";"11";"53";"127";"6";"186";"1"
"2023";"03";"150122";"LIMA";"LIMA";"MIRAFLORES";"ESSALUD";"II-2";"00008489";"ESSALUD - HOSPITAL III SUÁREZ ANGAMOS";"241800";"HOSPITALIZACIÓN DE MEDICINA MEDICINA GENERAL ";"95";"90";"910";"731";"24";"744";"10"
"2023";"03";"150122";"LIMA";"LIMA";"MIRAFLORES";"ESSALUD";"II-2";"00008489";"ESSALUD - HOSPITAL III SUÁREZ ANGAMOS";"240100";"HOSPITALIZACIÓN QUIRÚRGICA CIRUGÍA GENERAL ";"218";"213";"553";"602";"21";"656";"0"
"2023";"03";"150122";"LIMA";"LIMA";"MIRAFLORES";"ESSALUD";"II-2";"00008489";"ESSALUD - HOSPITAL III SUÁREZ ANGAMOS";"241400";"HOSPITALIZACIÓN QUIRÚRGICA GINECO - OBSTETRICIA ";"47";"44";"76";"81";"4";"121";"0"
"2023";"03";"150122";"LIMA";"LIMA";"MIRAFLORES";"ESSALUD";"II-2";"00008489";"ESSALUD - HOSPITAL III SUÁREZ ANGAMOS";"241600";"HOSPITALIZACIÓN QUIRÚRGICA OBSTETRICIA   ";"215";"216";"367";"342";"13";"416";"0"
"2023";"03";"150122";"LIMA";"LIMA";"MIRAFLORES";"ESSALUD";"II-2";"00008489";"ESSALUD - HOSPITAL III SUÁREZ ANGAMOS";"242300";"HOSPITALIZACIÓN DE PEDIATRÍA  PEDIATRÍA  GENERAL ";"67";"65";"190";"189";"8";"238";"0"
"2023";"03";"150122";"LIMA";"LIMA";"MIRAFLORES";"ESSALUD";"II-2";"00008489";"ESSALUD - HOSPITAL III SUÁREZ ANGAMOS";"243200";"HOSPITALIZACIÓN DE PEDIATRÍA PEDIATRIA NEONATOLOGÍA";"16";"16";"36";"34";"4";"117";"0"
"2023";"03";"120201";"JUNIN";"CONCEPCION";"CONCEPCION";"GOBIERNO REGIONAL";"II-E";"00027857";"INSTITUTO REGIONAL DE ENFERMEDADES NEOPLÁSICAS DEL CENTRO - IREN CENTRO";"242100";"HOSPITALIZACIÓN DE MEDICINA ONCOLOGÍA MÉDICA ";"140";"140";"660";"668";"25";"775";"10"
"2023";"03";"120201";"JUNIN";"CONCEPCION";"CONCEPCION";"GOBIERNO REGIONAL";"II-E";"00027857";"INSTITUTO REGIONAL DE ENFERMEDADES NEOPLÁSICAS DEL CENTRO - IREN CENTRO";"241000";"HOSPITALIZACIÓN QUIRÚRGICA ONCOLOGÍA QUIRÚRGICA  ";"101";"99";"428";"500";"20";"620";"3"
"2023";"03";"120201";"JUNIN";"CONCEPCION";"CONCEPCION";"GOBIERNO REGIONAL";"II-E";"00027857";"INSTITUTO REGIONAL DE ENFERMEDADES NEOPLÁSICAS DEL CENTRO - IREN CENTRO";"250100";"UNIDAD DE CUIDADOS CRITICOS UNIDAD  DE CUIDADOS INTENSIVOS GENERALES (UCI) ";"10";"10";"38";"61";"6";"186";"1"
"2023";"03";"120201";"JUNIN";"CONCEPCION";"CONCEPCION";"GOBIERNO REGIONAL";"II-E";"00027857";"INSTITUTO REGIONAL DE ENFERMEDADES NEOPLÁSICAS DEL CENTRO - IREN CENTRO";"250200";"UNIDAD DE CUIDADOS CRITICOS UNIDAD DE CUIDADOS INTERMEDIOS GENERAL  (UCIN) ";"10";"13";"96";"79";"4";"124";"1"
"2023";"03";"210101";"PUNO";"PUNO";"PUNO";"PRIVADO";"II-1";"00009685";"CLINICA PUNO";"240100";"HOSPITALIZACIÓN QUIRÚRGICA CIRUGÍA GENERAL ";"19";"19";"41";"19";"4";"64";"0"
"2023";"03";"210101";"PUNO";"PUNO";"PUNO";"PRIVADO";"II-1";"00009685";"CLINICA PUNO";"241400";"HOSPITALIZACIÓN QUIRÚRGICA GINECO - OBSTETRICIA ";"5";"5";"12";"5";"2";"40";"0"
"2023";"03";"210101";"PUNO";"PUNO";"PUNO";"PRIVADO";"II-1";"00009685";"CLINICA PUNO";"241300";"HOSPITALIZACIÓN QUIRÚRGICA UROLOGÍA  ";"2";"2";"7";"2";"1";"23";"0"
"2023";"03";"210101";"PUNO";"PUNO";"PUNO";"PRIVADO";"II-1";"00009685";"CLINICA PUNO";"240200";"HOSPITALIZACIÓN QUIRÚRGICA CIRUGÍA DE CABEZA Y CUELLO / MÁXILO FACIAL ";"6";"6";"1";"6";"1";"29";"0"
"2023";"03";"210101";"PUNO";"PUNO";"PUNO";"PRIVADO";"II-1";"00009685";"CLINICA PUNO";"241200";"HOSPITALIZACIÓN QUIRÚRGICA TRAUMATOLOGÍA Y ORTOPEDIA ";"6";"6";"4";"6";"1";"24";"0"
"2023";"03";"110108";"ICA";"ICA";"SALAS";"GOBIERNO REGIONAL";"I-2";"00003382";"COLLAZOS";"NE_0001";"";"NE_0001";"NE_0001";"NE_0001";"NE_0001";"NE_0001";"NE_0001";"NE_0001"
"2023";"03";"110112";"ICA";"ICA";"SUBTANJALLA";"GOBIERNO REGIONAL";"I-2";"00003379";"ARRABALES";"NE_0001";"";"NE_0001";"NE_0001";"NE_0001";"NE_0001";"NE_0001";"NE_0001";"NE_0001"
"2023";"03";"110108";"ICA";"ICA";"SALAS";"GOBIERNO REGIONAL";"I-2";"00003383";"CERRO PRIETO";"NE_0001";"";"NE_0001";"NE_0001";"NE_0001";"NE_0001";"NE_0001";"NE_0001";"NE_0001"
"2023";"03";"150122";"LIMA";"LIMA";"MIRAFLORES";"OTRO";"II-2";"00010827";"HOGAR DE LA MADRE CLINICA-HOSPITAL";"241500";"HOSPITALIZACIÓN QUIRÚRGICA GINECOLOGÍA  ";"134";"126";"378";"402";"25";"410";"0"
"2023";"03";"040101";"AREQUIPA";"AREQUIPA";"AREQUIPA";"PRIVADO";"II-E";"00013722";"CLINICA AREQUIPA S.A.";"240100";"HOSPITALIZACIÓN QUIRÚRGICA CIRUGÍA GENERAL ";"135";"131";"425";"666";"40";"1240";"0"
"2023";"03";"210201";"PUNO";"AZANGARO";"AZANGARO";"GOBIERNO REGIONAL";"II-1";"00002941";"CARLOS CORNEJO ROSELLO";"240100";"HOSPITALIZACIÓN QUIRÚRGICA CIRUGÍA GENERAL ";"14";"18";"69";"87";"06";"186";"0"
"2023";"03";"210201";"PUNO";"AZANGARO";"AZANGARO";"GOBIERNO REGIONAL";"II-1";"00002941";"CARLOS CORNEJO ROSELLO";"241500";"HOSPITALIZACIÓN QUIRÚRGICA GINECOLOGÍA  ";"52";"54";"123";"177";"06";"186";"0"
"2023";"03";"210201";"PUNO";"AZANGARO";"AZANGARO";"GOBIERNO REGIONAL";"II-1";"00002941";"CARLOS CORNEJO ROSELLO";"241600";"HOSPITALIZACIÓN QUIRÚRGICA OBSTETRICIA   ";"36";"38";"66";"104";"06";"186";"0"
"2023";"03";"210201";"PUNO";"AZANGARO";"AZANGARO";"GOBIERNO REGIONAL";"II-1";"00002941";"CARLOS CORNEJO ROSELLO";"241800";"HOSPITALIZACIÓN DE MEDICINA MEDICINA GENERAL ";"26";"28";"100";"128";"12";"372";"0"
"2023";"03";"210201";"PUNO";"AZANGARO";"AZANGARO";"GOBIERNO REGIONAL";"II-1";"00002941";"CARLOS CORNEJO ROSELLO";"242500";"HOSPITALIZACIÓN-PEDIATRÍA GENERAL-";"10";"10";"29";"39";"09";"279";"0"
"2023";"03";"210201";"PUNO";"AZANGARO";"AZANGARO";"GOBIERNO REGIONAL";"II-1";"00002941";"CARLOS CORNEJO ROSELLO";"243200";"HOSPITALIZACIÓN DE PEDIATRÍA PEDIATRIA NEONATOLOGÍA";"24";"25";"67";"92";"04";"124";"0"
"2023";"03";"210201";"PUNO";"AZANGARO";"AZANGARO";"GOBIERNO REGIONAL";"II-1";"00002941";"CARLOS CORNEJO ROSELLO";"245300";"HOSPITALIZACIÓN DE MEDICINA NEUMOLOGÍA  ";"2";"2";"13";"15";"02";"62";"0"
"2023";"03";"110112";"ICA";"ICA";"SUBTANJALLA";"GOBIERNO REGIONAL";"I-2";"00003380";"YANQUIZA";"NE_0001";"";"NE_0001";"NE_0001";"NE_0001";"NE_0001";"NE_0001";"NE_0001";"NE_0001"
"2023";"03";"040101";"AREQUIPA";"AREQUIPA";"AREQUIPA";"PRIVADO";"II-E";"00013722";"CLINICA AREQUIPA S.A.";"241400";"HOSPITALIZACIÓN QUIRÚRGICA GINECO - OBSTETRICIA ";"50";"46";"143";"219";"25";"775";"0"
"2023";"03";"040101";"AREQUIPA";"AREQUIPA";"AREQUIPA";"PRIVADO";"II-E";"00013722";"CLINICA AREQUIPA S.A.";"241900";"HOSPITALIZACIÓN DE MEDICINA MEDICINA INTERNA ";"48";"45";"293";"242";"29";"899";"2"
"2023";"04";"150116";"LIMA";"LIMA";"LINCE";"PRIVADO";"II-E";"00015927";"CLINICA DE OJOS D´OPELUCE";"NE_0001";"";"NE_0001";"NE_0001";"NE_0001";"NE_0001";"NE_0001";"NE_0001";"NE_0001"
"2023";"04";"150114";"LIMA";"LIMA";"LA MOLINA";"PRIVADO";"II-2";"00009153";"CLINICA MONTEFIORI";"240000";"HOSPITALIZACIÓN";"372";"374";"1092";"991";"43";"1419";"1"
"2023";"04";"150114";"LIMA";"LIMA";"LA MOLINA";"PRIVADO";"II-2";"00009153";"CLINICA MONTEFIORI";"250100";"UNIDAD DE CUIDADOS CRITICOS UNIDAD  DE CUIDADOS INTENSIVOS GENERALES (UCI) ";"3";"5";"92";"29";"3";"86";"0"
"2023";"04";"150132";"LIMA";"LIMA";"SAN JUAN DE LURIGANCHO";"PRIVADO";"I-2";"00024750";"ARIE";"NE_0002";"";"NE_0002";"NE_0002";"NE_0002";"NE_0002";"NE_0002";"NE_0002";"NE_0002"
"2023";"04";"220104";"SAN MARTIN";"MOYOBAMBA";"JEPELACIO";"GOBIERNO REGIONAL";"I-1";"00007238";"PACAYPITE";"NE_0001";"";"NE_0001";"NE_0001";"NE_0001";"NE_0001";"NE_0001";"NE_0001";"NE_0001"
"2023";"04";"220104";"SAN MARTIN";"MOYOBAMBA";"JEPELACIO";"GOBIERNO REGIONAL";"I-4";"00006337";"JEPELACIO";"241400";"HOSPITALIZACIÓN QUIRÚRGICA GINECO - OBSTETRICIA ";"3";"3";"3";"3";"3";"60";"0"
"2023";"04";"220104";"SAN MARTIN";"MOYOBAMBA";"JEPELACIO";"GOBIERNO REGIONAL";"I-2";"00006339";"SHUCSHUYACU";"NE_0001";"";"NE_0001";"NE_0001";"NE_0001";"NE_0001";"NE_0001";"NE_0001";"NE_0001"
"2023";"04";"220104";"SAN MARTIN";"MOYOBAMBA";"JEPELACIO";"GOBIERNO REGIONAL";"I-2";"00006340";"NUEVO SAN MIGUEL";"NE_0001";"";"NE_0001";"NE_0001";"NE_0001";"NE_0001";"NE_0001";"NE_0001";"NE_0001"
"2023";"04";"220104";"SAN MARTIN";"MOYOBAMBA";"JEPELACIO";"GOBIERNO REGIONAL";"I-1";"00006338";"CARRIZAL";"NE_0001";"";"NE_0001";"NE_0001";"NE_0001";"NE_0001";"NE_0001";"NE_0001";"NE_0001"
"2023";"04";"250105";"UCAYALI";"CORONEL PORTILLO";"YARINACOCHA";"GOBIERNO REGIONAL";"II-2";"00005577";"HOSPITAL AMAZONICO - YARINACOCHA";"243200";"HOSPITALIZACIÓN DE PEDIATRÍA PEDIATRIA NEONATOLOGÍA";"16";"27";"283";"310";"12";"360";"0"
"2023";"04";"250105";"UCAYALI";"CORONEL PORTILLO";"YARINACOCHA";"GOBIERNO REGIONAL";"II-2";"00005577";"HOSPITAL AMAZONICO - YARINACOCHA";"250103";"UNIDAD DE CUIDADOS CRITICOS UNIDAD  DE CUIDADOS INTENSIVOS GENERALES  (UCI) MEDICINA";"4";"7";"190";"192";"9";"270";"7"
"2023";"04";"250105";"UCAYALI";"CORONEL PORTILLO";"YARINACOCHA";"GOBIERNO REGIONAL";"II-2";"00005577";"HOSPITAL AMAZONICO - YARINACOCHA";"250302";"HOSPIT. EN UNIDAD DE CUID.INTEN.-UNIDAD DE VIGILANCIA INTENSIVA (UVI)-GINECO-OBSTETRICIA";"3";"3";"10";"13";"3";"90";"0"
"2023";"04";"220101";"SAN MARTIN";"MOYOBAMBA";"MOYOBAMBA";"GOBIERNO REGIONAL";"I-3";"00006322";"PUEBLO LIBRE";"241400";"HOSPITALIZACIÓN QUIRÚRGICA GINECO - OBSTETRICIA ";"4";"4";"4";"4";"4";"5";"0"
"2023";"04";"220101";"SAN MARTIN";"MOYOBAMBA";"MOYOBAMBA";"GOBIERNO REGIONAL";"I-1";"00006324";"SHIMPIYACU";"NE_0001";"";"NE_0001";"NE_0001";"NE_0001";"NE_0001";"NE_0001";"NE_0001";"NE_0001"
"2023";"04";"220101";"SAN MARTIN";"MOYOBAMBA";"MOYOBAMBA";"GOBIERNO REGIONAL";"I-1";"00006325";"NUEVA HUANCABAMBA";"NE_0001";"";"NE_0001";"NE_0001";"NE_0001";"NE_0001";"NE_0001";"NE_0001";"NE_0001"
"2023";"04";"150132";"LIMA";"LIMA";"SAN JUAN DE LURIGANCHO";"PRIVADO";"II-2";"00008271";"CLINICA SAN JUAN BAUTISTA";"250100";"UNIDAD DE CUIDADOS CRITICOS UNIDAD  DE CUIDADOS INTENSIVOS GENERALES (UCI) ";"18";"19";"67";"71";"7";"210";"0"
"2023";"04";"150132";"LIMA";"LIMA";"SAN JUAN DE LURIGANCHO";"PRIVADO";"II-2";"00008271";"CLINICA SAN JUAN BAUTISTA";"240000";"HOSPITALIZACIÓN";"204";"203";"519";"730";"40";"1200";"0"
"2023";"04";"130904";"LA LIBERTAD";"SANCHEZ CARRION";"CURGOS";"GOBIERNO REGIONAL";"I-1";"00021651";"HUAYLLAGUAL";"NE_0001";"";"NE_0001";"NE_0001";"NE_0001";"NE_0001";"NE_0001";"NE_0001";"NE_0001"
"2023";"04";"130904";"LA LIBERTAD";"SANCHEZ CARRION";"CURGOS";"GOBIERNO REGIONAL";"I-1";"00021652";"EL CALVARIO";"NE_0001";"";"NE_0001";"NE_0001";"NE_0001";"NE_0001";"NE_0001";"NE_0001";"NE_0001"
"2023";"04";"130904";"LA LIBERTAD";"SANCHEZ CARRION";"CURGOS";"GOBIERNO REGIONAL";"I-2";"00005357";"CURGOS-WALTER JUNIOR VELARDE ARTEAGA";"NE_0001";"";"NE_0001";"NE_0001";"NE_0001";"NE_0001";"NE_0001";"NE_0001";"NE_0001"
"2023";"04";"080106";"CUSCO";"CUSCO";"SANTIAGO";"GOBIERNO REGIONAL";"III-1";"00002305";"ANTONIO LORENA DEL CUSCO";"250100";"UNIDAD DE CUIDADOS CRITICOS UNIDAD  DE CUIDADOS INTENSIVOS GENERALES (UCI) ";"25";"19";"125";"157";"6";"180";"3"
"2023";"04";"080106";"CUSCO";"CUSCO";"SANTIAGO";"GOBIERNO REGIONAL";"III-1";"00002305";"ANTONIO LORENA DEL CUSCO";"250200";"UNIDAD DE CUIDADOS CRITICOS UNIDAD DE CUIDADOS INTERMEDIOS GENERAL  (UCIN) ";"23";"17";"178";"201";"8";"240";"0"
"2023";"04";"080106";"CUSCO";"CUSCO";"SANTIAGO";"GOBIERNO REGIONAL";"III-1";"00002305";"ANTONIO LORENA DEL CUSCO";"240100";"HOSPITALIZACIÓN QUIRÚRGICA CIRUGÍA GENERAL ";"165";"139";"635";"756";"32";"960";"5"
"2023";"04";"080106";"CUSCO";"CUSCO";"SANTIAGO";"GOBIERNO REGIONAL";"III-1";"00002305";"ANTONIO LORENA DEL CUSCO";"240900";"HOSPITALIZACIÓN QUIRÚRGICA NEUROCIRUGÍA ";"31";"22";"257";"270";"10";"300";"0"
"2023";"04";"080106";"CUSCO";"CUSCO";"SANTIAGO";"GOBIERNO REGIONAL";"III-1";"00002305";"ANTONIO LORENA DEL CUSCO";"241200";"HOSPITALIZACIÓN QUIRÚRGICA TRAUMATOLOGÍA Y ORTOPEDIA ";"45";"35";"194";"217";"10";"300";"0"
"2023";"04";"080106";"CUSCO";"CUSCO";"SANTIAGO";"GOBIERNO REGIONAL";"III-1";"00002305";"ANTONIO LORENA DEL CUSCO";"244000";"HOSPITALIZACIÓN DE MEDICINA CARDIOLOGIA ";"25";"20";"190";"188";"10";"300";"3"
"2023";"04";"080106";"CUSCO";"CUSCO";"SANTIAGO";"GOBIERNO REGIONAL";"III-1";"00002305";"ANTONIO LORENA DEL CUSCO";"241900";"HOSPITALIZACIÓN DE MEDICINA MEDICINA INTERNA ";"82";"63";"574";"593";"20";"600";"4"
"2023";"04";"080106";"CUSCO";"CUSCO";"SANTIAGO";"GOBIERNO REGIONAL";"III-1";"00002305";"ANTONIO LORENA DEL CUSCO";"245300";"HOSPITALIZACIÓN DE MEDICINA NEUMOLOGÍA  ";"38";"30";"184";"223";"9";"270";"2"
"2023";"04";"080106";"CUSCO";"CUSCO";"SANTIAGO";"GOBIERNO REGIONAL";"III-1";"00002305";"ANTONIO LORENA DEL CUSCO";"242204";"HOSPITALIZACIÓN DE MEDICINA PSIQUIATRÍA REHABILITACIÓN PSIQUIÁTRICA / REINSERCIÓN ";"21";"12";"301";"282";"10";"300";"0"
"2023";"04";"080106";"CUSCO";"CUSCO";"SANTIAGO";"GOBIERNO REGIONAL";"III-1";"00002305";"ANTONIO LORENA DEL CUSCO";"242000";"HOSPITALIZACIÓN DE MEDICINA MEDICINA TROPICAL E INFECCIOSAS ";"18";"12";"119";"143";"8";"240";"1"
"2023";"04";"080106";"CUSCO";"CUSCO";"SANTIAGO";"GOBIERNO REGIONAL";"III-1";"00002305";"ANTONIO LORENA DEL CUSCO";"242100";"HOSPITALIZACIÓN DE MEDICINA ONCOLOGÍA MÉDICA ";"1";"1";"1";"3";"5";"150";"0"
"2023";"04";"080106";"CUSCO";"CUSCO";"SANTIAGO";"GOBIERNO REGIONAL";"III-1";"00002305";"ANTONIO LORENA DEL CUSCO";"241000";"HOSPITALIZACIÓN QUIRÚRGICA ONCOLOGÍA QUIRÚRGICA  ";"24";"22";"136";"114";"7";"210";"0"
"2023";"04";"080106";"CUSCO";"CUSCO";"SANTIAGO";"GOBIERNO REGIONAL";"III-1";"00002305";"ANTONIO LORENA DEL CUSCO";"241500";"HOSPITALIZACIÓN QUIRÚRGICA GINECOLOGÍA  ";"81";"74";"241";"252";"10";"300";"0"
"2023";"04";"080106";"CUSCO";"CUSCO";"SANTIAGO";"GOBIERNO REGIONAL";"III-1";"00002305";"ANTONIO LORENA DEL CUSCO";"241400";"HOSPITALIZACIÓN QUIRÚRGICA GINECO - OBSTETRICIA ";"174";"160";"466";"465";"20";"600";"0"
"2023";"04";"080106";"CUSCO";"CUSCO";"SANTIAGO";"GOBIERNO REGIONAL";"III-1";"00002305";"ANTONIO LORENA DEL CUSCO";"242300";"HOSPITALIZACIÓN DE PEDIATRÍA  PEDIATRÍA  GENERAL ";"37";"28";"226";"194";"12";"360";"0"
"2023";"04";"080106";"CUSCO";"CUSCO";"SANTIAGO";"GOBIERNO REGIONAL";"III-1";"00002305";"ANTONIO LORENA DEL CUSCO";"243200";"HOSPITALIZACIÓN DE PEDIATRÍA PEDIATRIA NEONATOLOGÍA";"54";"44";"366";"366";"15";"450";"0"
"2023";"04";"080106";"CUSCO";"CUSCO";"SANTIAGO";"GOBIERNO REGIONAL";"III-1";"00002305";"ANTONIO LORENA DEL CUSCO";"250105";"UNIDAD DE CUIDADOS CRITICOS UNIDAD  DE CUIDADOS INTENSIVOS  (UCI) NEONATOLOGÍA";"21";"14";"110";"208";"8";"240";"2"
"2023";"04";"080106";"CUSCO";"CUSCO";"SANTIAGO";"GOBIERNO REGIONAL";"III-1";"00002305";"ANTONIO LORENA DEL CUSCO";"243600";"HOSPITALIZACIÓN DE PEDIATRÍA PEDIATRIA ONCOLOGÍA PEDIÁTRICA";"10";"6";"77";"148";"9";"270";"0"
"2023";"04";"130101";"LA LIBERTAD";"TRUJILLO";"TRUJILLO";"PRIVADO";"II-E";"00029964";"OFTALMOCENTER";"NE_0001";"";"NE_0001";"NE_0001";"NE_0001";"NE_0001";"NE_0001";"NE_0001";"NE_0001"
"2023";"04";"250107";"UCAYALI";"CORONEL PORTILLO";"MANANTAY";"ESSALUD";"I-2";"00013874";"POSTA MEDICA DE MANANTAY";"NE_0001";"";"NE_0001";"NE_0001";"NE_0001";"NE_0001";"NE_0001";"NE_0001";"NE_0001"
"2023";"04";"120114";"JUNIN";"HUANCAYO";"EL TAMBO";"PRIVADO";"II-E";"00027694";"CHENET CLINICA ESPECIALIZADA";"240100";"HOSPITALIZACIÓN QUIRÚRGICA CIRUGÍA GENERAL ";"37";"35";"80";"79";"10";"310";"0"
"2023";"04";"250101";"UCAYALI";"CORONEL PORTILLO";"CALLERIA";"PRIVADO";"II-1";"00012118";"CLÍNICA MONTE HOREB S.A.";"240000";"HOSPITALIZACIÓN";"1";"1";"2";"2";"1";"2";"0"
"2023";"04";"250101";"UCAYALI";"CORONEL PORTILLO";"CALLERIA";"PRIVADO";"II-1";"00012118";"CLÍNICA MONTE HOREB S.A.";"240100";"HOSPITALIZACIÓN QUIRÚRGICA CIRUGÍA GENERAL ";"6";"6";"12";"12";"1";"20";"0"
"2023";"04";"250101";"UCAYALI";"CORONEL PORTILLO";"CALLERIA";"PRIVADO";"II-1";"00012118";"CLÍNICA MONTE HOREB S.A.";"241200";"HOSPITALIZACIÓN QUIRÚRGICA TRAUMATOLOGÍA Y ORTOPEDIA ";"5";"5";"15";"15";"1";"22";"0"
"2023";"04";"250101";"UCAYALI";"CORONEL PORTILLO";"CALLERIA";"PRIVADO";"II-1";"00012118";"CLÍNICA MONTE HOREB S.A.";"241300";"HOSPITALIZACIÓN QUIRÚRGICA UROLOGÍA  ";"1";"1";"8";"8";"1";"20";"0"
"2023";"04";"250101";"UCAYALI";"CORONEL PORTILLO";"CALLERIA";"PRIVADO";"II-1";"00012118";"CLÍNICA MONTE HOREB S.A.";"241400";"HOSPITALIZACIÓN QUIRÚRGICA GINECO - OBSTETRICIA ";"1";"1";"6";"6";"1";"28";"0"
"2023";"04";"210501";"PUNO";"EL COLLAO";"ILAVE";"GOBIERNO REGIONAL";"II-1";"00003032";"ILAVE";"240100";"HOSPITALIZACIÓN QUIRÚRGICA CIRUGÍA GENERAL ";"9";"9";"35";"44";"5";"155";"0"
"2023";"04";"210501";"PUNO";"EL COLLAO";"ILAVE";"GOBIERNO REGIONAL";"II-1";"00003032";"ILAVE";"241500";"HOSPITALIZACIÓN QUIRÚRGICA GINECOLOGÍA  ";"1";"1";"2";"3";"1";"31";"0"
"2023";"04";"210501";"PUNO";"EL COLLAO";"ILAVE";"GOBIERNO REGIONAL";"II-1";"00003032";"ILAVE";"241600";"HOSPITALIZACIÓN QUIRÚRGICA OBSTETRICIA   ";"83";"82";"164";"247";"13";"403";"0"
"2023";"04";"210501";"PUNO";"EL COLLAO";"ILAVE";"GOBIERNO REGIONAL";"II-1";"00003032";"ILAVE";"241800";"HOSPITALIZACIÓN DE MEDICINA MEDICINA GENERAL ";"14";"16";"98";"112";"16";"496";"0"
"2023";"04";"210501";"PUNO";"EL COLLAO";"ILAVE";"GOBIERNO REGIONAL";"II-1";"00003032";"ILAVE";"242500";"HOSPITALIZACIÓN-PEDIATRÍA GENERAL-";"6";"7";"40";"46";"3";"93";"0"
"2023";"04";"210501";"PUNO";"EL COLLAO";"ILAVE";"GOBIERNO REGIONAL";"II-1";"00003032";"ILAVE";"243200";"HOSPITALIZACIÓN DE PEDIATRÍA PEDIATRIA NEONATOLOGÍA";"3";"3";"11";"14";"2";"62";"0"
"2023";"04";"110507";"ICA";"PISCO";"SAN CLEMENTE";"ESSALUD";"I-3";"00027769";"CAP I SAN CLEMENTE";"NE_0001";"";"NE_0001";"NE_0001";"NE_0001";"NE_0001";"NE_0001";"NE_0001";"NE_0001"
"2023";"04";"250101";"UCAYALI";"CORONEL PORTILLO";"CALLERIA";"PRIVADO";"II-1";"00012118";"CLÍNICA MONTE HOREB S.A.";"244000";"HOSPITALIZACIÓN DE MEDICINA CARDIOLOGIA ";"1";"1";"2";"2";"1";"4";"0"
"2023";"03";"060101";"CAJAMARCA";"CAJAMARCA";"CAJAMARCA";"PRIVADO";"I-3";"00018140";"MEDITRAN PERU E.I.R.L.";"NE_0001";"";"NE_0001";"NE_0001";"NE_0001";"NE_0001";"NE_0001";"NE_0001";"NE_0001"
"2023";"04";"150110";"LIMA";"LIMA";"COMAS";"PRIVADO";"II-1";"00009144";"CLINICA MEDICA ZEGARRA S.A.C.";"242300";"HOSPITALIZACIÓN DE PEDIATRÍA  PEDIATRÍA  GENERAL ";"68";"60";"644";"15";"15";"190";"0"
"2023";"04";"150110";"LIMA";"LIMA";"COMAS";"PRIVADO";"II-1";"00009144";"CLINICA MEDICA ZEGARRA S.A.C.";"241800";"HOSPITALIZACIÓN DE MEDICINA MEDICINA GENERAL ";"57";"68";"246";"22";"18";"35";"0"
"2023";"04";"150110";"LIMA";"LIMA";"COMAS";"PRIVADO";"II-1";"00009144";"CLINICA MEDICA ZEGARRA S.A.C.";"241400";"HOSPITALIZACIÓN QUIRÚRGICA GINECO - OBSTETRICIA ";"18";"14";"98";"13";"11";"155";"0"
"2023";"04";"150110";"LIMA";"LIMA";"COMAS";"PRIVADO";"II-1";"00009144";"CLINICA MEDICA ZEGARRA S.A.C.";"240100";"HOSPITALIZACIÓN QUIRÚRGICA CIRUGÍA GENERAL ";"35";"20";"90";"15";"15";"120";"0"
"2023";"04";"150110";"LIMA";"LIMA";"COMAS";"PRIVADO";"II-1";"00009144";"CLINICA MEDICA ZEGARRA S.A.C.";"241200";"HOSPITALIZACIÓN QUIRÚRGICA TRAUMATOLOGÍA Y ORTOPEDIA ";"29";"44";"48";"11";"9";"52";"0"
"2023";"04";"150101";"LIMA";"LIMA";"LIMA";"ESSALUD";"I-3";"00008880";"CENTRO MEDICO ANCIJE";"NE_0001";"";"NE_0001";"NE_0001";"NE_0001";"NE_0001";"NE_0001";"NE_0001";"NE_0001"
"2023";"04";"130906";"LA LIBERTAD";"SANCHEZ CARRION";"SANAGORAN";"GOBIERNO REGIONAL";"I-2";"00005360";"VENTANAS";"NE_0001";"";"NE_0001";"NE_0001";"NE_0001";"NE_0001";"NE_0001";"NE_0001";"NE_0001"
"2023";"04";"130906";"LA LIBERTAD";"SANCHEZ CARRION";"SANAGORAN";"GOBIERNO REGIONAL";"I-2";"00005360";"VENTANAS";"NE_0001";"";"NE_0001";"NE_0001";"NE_0001";"NE_0001";"NE_0001";"NE_0001";"NE_0001"
"2023";"04";"080909";"CUSCO";"LA CONVENCION";"VILCABAMBA";"GOBIERNO REGIONAL";"I-4";"00002480";"PUCYURA";"NE_0001";"";"NE_0001";"NE_0001";"NE_0001";"NE_0001";"NE_0001";"NE_0001";"NE_0001"
"2023";"04";"080911";"CUSCO";"LA CONVENCION";"INKAWASI";"GOBIERNO REGIONAL";"I-1";"00002481";"CCARCCO";"NE_0001";"";"NE_0001";"NE_0001";"NE_0001";"NE_0001";"NE_0001";"NE_0001";"NE_0001"
"2023";"04";"080909";"CUSCO";"LA CONVENCION";"VILCABAMBA";"GOBIERNO REGIONAL";"I-1";"00002486";"PAMPACONAS";"NE_0001";"";"NE_0001";"NE_0001";"NE_0001";"NE_0001";"NE_0001";"NE_0001";"NE_0001"
"2023";"04";"080909";"CUSCO";"LA CONVENCION";"VILCABAMBA";"GOBIERNO REGIONAL";"I-2";"00002484";"OYARA";"NE_0001";"";"NE_0001";"NE_0001";"NE_0001";"NE_0001";"NE_0001";"NE_0001";"NE_0001"
"2023";"04";"080909";"CUSCO";"LA CONVENCION";"VILCABAMBA";"GOBIERNO REGIONAL";"I-1";"00002490";"ARMA";"NE_0001";"";"NE_0001";"NE_0001";"NE_0001";"NE_0001";"NE_0001";"NE_0001";"NE_0001"
"2023";"04";"080912";"CUSCO";"LA CONVENCION";"VILLA VIRGEN";"GOBIERNO REGIONAL";"I-1";"00013070";"CHANCAVINE";"NE_0001";"";"NE_0001";"NE_0001";"NE_0001";"NE_0001";"NE_0001";"NE_0001";"NE_0001"
"2023";"04";"080911";"CUSCO";"LA CONVENCION";"INKAWASI";"GOBIERNO REGIONAL";"I-1";"00002485";"PACCAYBAMBA";"NE_0001";"";"NE_0001";"NE_0001";"NE_0001";"NE_0001";"NE_0001";"NE_0001";"NE_0001"
"2023";"04";"080911";"CUSCO";"LA CONVENCION";"INKAWASI";"GOBIERNO REGIONAL";"I-1";"00002491";"LUCMAHUAYCO";"NE_0001";"";"NE_0001";"NE_0001";"NE_0001";"NE_0001";"NE_0001";"NE_0001";"NE_0001"
"2023";"04";"080909";"CUSCO";"LA CONVENCION";"VILCABAMBA";"GOBIERNO REGIONAL";"I-1";"00002492";"PALTAYBAMBA";"NE_0001";"";"NE_0001";"NE_0001";"NE_0001";"NE_0001";"NE_0001";"NE_0001";"NE_0001"
"2023";"04";"080911";"CUSCO";"LA CONVENCION";"INKAWASI";"GOBIERNO REGIONAL";"I-3";"00002482";"INCAHUASI";"NE_0001";"";"NE_0001";"NE_0001";"NE_0001";"NE_0001";"NE_0001";"NE_0001";"NE_0001"
"2023";"04";"080911";"CUSCO";"LA CONVENCION";"INKAWASI";"GOBIERNO REGIONAL";"I-1";"00002487";"CHOQUETIRA";"NE_0001";"";"NE_0001";"NE_0001";"NE_0001";"NE_0001";"NE_0001";"NE_0001";"NE_0001"
"2023";"05";"220104";"SAN MARTIN";"MOYOBAMBA";"JEPELACIO";"GOBIERNO REGIONAL";"I-1";"00007238";"PACAYPITE";"NE_0001";"";"NE_0001";"NE_0001";"NE_0001";"NE_0001";"NE_0001";"NE_0001";"NE_0001"
"2023";"05";"220104";"SAN MARTIN";"MOYOBAMBA";"JEPELACIO";"GOBIERNO REGIONAL";"I-4";"00006337";"JEPELACIO";"241400";"HOSPITALIZACIÓN QUIRÚRGICA GINECO - OBSTETRICIA ";"2";"2";"2";"2";"2";"62";"0"
"2023";"05";"220104";"SAN MARTIN";"MOYOBAMBA";"JEPELACIO";"GOBIERNO REGIONAL";"I-4";"00006337";"JEPELACIO";"241800";"HOSPITALIZACIÓN DE MEDICINA MEDICINA GENERAL ";"1";"1";"1";"1";"1";"62";"0"
"2023";"05";"220104";"SAN MARTIN";"MOYOBAMBA";"JEPELACIO";"GOBIERNO REGIONAL";"I-2";"00006339";"SHUCSHUYACU";"NE_0001";"";"NE_0001";"NE_0001";"NE_0001";"NE_0001";"NE_0001";"NE_0001";"NE_0001"
"2023";"05";"220104";"SAN MARTIN";"MOYOBAMBA";"JEPELACIO";"GOBIERNO REGIONAL";"I-2";"00006340";"NUEVO SAN MIGUEL";"NE_0001";"";"NE_0001";"NE_0001";"NE_0001";"NE_0001";"NE_0001";"NE_0001";"NE_0001"
"2023";"05";"220104";"SAN MARTIN";"MOYOBAMBA";"JEPELACIO";"GOBIERNO REGIONAL";"I-1";"00006338";"CARRIZAL";"NE_0001";"";"NE_0001";"NE_0001";"NE_0001";"NE_0001";"NE_0001";"NE_0001";"NE_0001"
"2023";"05";"130902";"LA LIBERTAD";"SANCHEZ CARRION";"CHUGAY";"GOBIERNO REGIONAL";"I-2";"00005354";"COCHABAMBA";"NE_0001";"";"NE_0001";"NE_0001";"NE_0001";"NE_0001";"NE_0001";"NE_0001";"NE_0001"
"2023";"05";"130902";"LA LIBERTAD";"SANCHEZ CARRION";"CHUGAY";"GOBIERNO REGIONAL";"I-2";"00017924";"UCHUY";"NE_0001";"";"NE_0001";"NE_0001";"NE_0001";"NE_0001";"NE_0001";"NE_0001";"NE_0001"
"2023";"05";"130902";"LA LIBERTAD";"SANCHEZ CARRION";"CHUGAY";"GOBIERNO REGIONAL";"I-2";"00005352";"CHUGAY";"NE_0001";"";"NE_0001";"NE_0001";"NE_0001";"NE_0001";"NE_0001";"NE_0001";"NE_0001"
"2023";"05";"130902";"LA LIBERTAD";"SANCHEZ CARRION";"CHUGAY";"GOBIERNO REGIONAL";"I-1";"00018297";"HUAGUIL";"NE_0001";"";"NE_0001";"NE_0001";"NE_0001";"NE_0001";"NE_0001";"NE_0001";"NE_0001"
"2023";"05";"130902";"LA LIBERTAD";"SANCHEZ CARRION";"CHUGAY";"GOBIERNO REGIONAL";"I-1";"00029509";"PUESTO DE SALUD AHIJADERO";"NE_0001";"";"NE_0001";"NE_0001";"NE_0001";"NE_0001";"NE_0001";"NE_0001";"NE_0001"
"2023";"05";"130902";"LA LIBERTAD";"SANCHEZ CARRION";"CHUGAY";"GOBIERNO REGIONAL";"I-1";"00024527";"NUEVO HUAYCHO";"NE_0001";"";"NE_0001";"NE_0001";"NE_0001";"NE_0001";"NE_0001";"NE_0001";"NE_0001"
"2023";"05";"130902";"LA LIBERTAD";"SANCHEZ CARRION";"CHUGAY";"GOBIERNO REGIONAL";"I-2";"00018225";"CANUCUBAMBA";"NE_0001";"";"NE_0001";"NE_0001";"NE_0001";"NE_0001";"NE_0001";"NE_0001";"NE_0001"
"2023";"05";"130902";"LA LIBERTAD";"SANCHEZ CARRION";"CHUGAY";"GOBIERNO REGIONAL";"I-1";"00031804";"PUESTO DE SALUD PAJA BLANCA";"NE_0001";"";"NE_0001";"NE_0001";"NE_0001";"NE_0001";"NE_0001";"NE_0001";"NE_0001"
"2023";"05";"040103";"AREQUIPA";"AREQUIPA";"CAYMA";"GOBIERNO REGIONAL";"I-3";"00001235";"BUENOS AIRES DE CAYMA";"NE_0001";"";"NE_0001";"NE_0001";"NE_0001";"NE_0001";"NE_0001";"NE_0001";"NE_0001"
"2023";"05";"040103";"AREQUIPA";"AREQUIPA";"CAYMA";"GOBIERNO REGIONAL";"I-2";"00001245";"SAN JOSE";"NE_0001";"";"NE_0001";"NE_0001";"NE_0001";"NE_0001";"NE_0001";"NE_0001";"NE_0001"
"2023";"05";"040103";"AREQUIPA";"AREQUIPA";"CAYMA";"GOBIERNO REGIONAL";"I-2";"00001246";"DEAN VALDIVIA";"NE_0001";"";"NE_0001";"NE_0001";"NE_0001";"NE_0001";"NE_0001";"NE_0001";"NE_0001"
"2023";"05";"040501";"AREQUIPA";"CAYLLOMA";"CHIVAY";"GOBIERNO REGIONAL";"I-4";"00001419";"CENTRO DE SALUD CHIVAY";"241600";"HOSPITALIZACIÓN QUIRÚRGICA OBSTETRICIA   ";"5";"5";"10";"10";"5";"248";"0"
"2023";"05";"040501";"AREQUIPA";"CAYLLOMA";"CHIVAY";"GOBIERNO REGIONAL";"I-1";"00001423";"PUESTO DE SALUD CANOCOTA";"NE_0001";"";"NE_0001";"NE_0001";"NE_0001";"NE_0001";"NE_0001";"NE_0001";"NE_0001"
"2023";"05";"040509";"AREQUIPA";"CAYLLOMA";"ICHUPAMPA";"GOBIERNO REGIONAL";"I-2";"00001425";"PUESTO DE SALUD ICHUPAMPA";"NE_0001";"";"NE_0001";"NE_0001";"NE_0001";"NE_0001";"NE_0001";"NE_0001";"NE_0001"
"2023";"05";"040519";"AREQUIPA";"CAYLLOMA";"YANQUE";"GOBIERNO REGIONAL";"I-2";"00001428";"PUESTO DE SALUD YANQUE";"NE_0001";"";"NE_0001";"NE_0001";"NE_0001";"NE_0001";"NE_0001";"NE_0001";"NE_0001"
"2023";"05";"040506";"AREQUIPA";"CAYLLOMA";"COPORAQUE";"GOBIERNO REGIONAL";"I-2";"00001424";"PUESTO DE SALUD COPORAQUE";"NE_0001";"";"NE_0001";"NE_0001";"NE_0001";"NE_0001";"NE_0001";"NE_0001";"NE_0001"
"2023";"05";"040510";"AREQUIPA";"CAYLLOMA";"LARI";"GOBIERNO REGIONAL";"I-2";"00001426";"PUESTO DE SALUD LARI";"NE_0001";"";"NE_0001";"NE_0001";"NE_0001";"NE_0001";"NE_0001";"NE_0001";"NE_0001"
"2023";"05";"040502";"AREQUIPA";"CAYLLOMA";"ACHOMA";"GOBIERNO REGIONAL";"I-2";"00001429";"PUESTO DE SALUD ACHOMA";"NE_0001";"";"NE_0001";"NE_0001";"NE_0001";"NE_0001";"NE_0001";"NE_0001";"NE_0001"
"2023";"05";"040512";"AREQUIPA";"CAYLLOMA";"MACA";"GOBIERNO REGIONAL";"I-2";"00001430";"PUESTO DE SALUD MACA";"NE_0001";"";"NE_0001";"NE_0001";"NE_0001";"NE_0001";"NE_0001";"NE_0001";"NE_0001"
"2023";"05";"040513";"AREQUIPA";"CAYLLOMA";"MADRIGAL";"GOBIERNO REGIONAL";"I-2";"00001427";"PUESTO DE SALUD MADRIGAL";"NE_0001";"";"NE_0001";"NE_0001";"NE_0001";"NE_0001";"NE_0001";"NE_0001";"NE_0001"
"2023";"05";"021603";"ANCASH";"POMABAMBA";"PAROBAMBA";"GOBIERNO REGIONAL";"I-1";"00001776";"PUESTO DE SALUD PAROBAMBA NUEVO";"NE_0002";"";"NE_0002";"NE_0002";"NE_0002";"NE_0002";"NE_0002";"NE_0002";"NE_0002"
"2023";"05";"021603";"ANCASH";"POMABAMBA";"PAROBAMBA";"GOBIERNO REGIONAL";"I-2";"00001780";"PUESTO DE SALUD CHANGA";"NE_0002";"";"NE_0002";"NE_0002";"NE_0002";"NE_0002";"NE_0002";"NE_0002";"NE_0002"
"2023";"05";"021604";"ANCASH";"POMABAMBA";"QUINUABAMBA";"GOBIERNO REGIONAL";"I-1";"00001782";"YAMIAN";"NE_0002";"";"NE_0002";"NE_0002";"NE_0002";"NE_0002";"NE_0002";"NE_0002";"NE_0002"
"2023";"05";"021603";"ANCASH";"POMABAMBA";"PAROBAMBA";"GOBIERNO REGIONAL";"I-4";"00001775";"CENTRO DE SALUD PAROBAMBA VIEJO";"NE_0002";"";"NE_0002";"NE_0002";"NE_0002";"NE_0002";"NE_0002";"NE_0002";"NE_0002"
"2023";"05";"021603";"ANCASH";"POMABAMBA";"PAROBAMBA";"GOBIERNO REGIONAL";"I-1";"00001778";"PUESTO DE SALUD SHUMPILLAN";"NE_0002";"";"NE_0002";"NE_0002";"NE_0002";"NE_0002";"NE_0002";"NE_0002";"NE_0002"
"2023";"05";"021603";"ANCASH";"POMABAMBA";"PAROBAMBA";"GOBIERNO REGIONAL";"I-1";"00001779";"PUESTO DE SALUD CAJAS";"NE_0002";"";"NE_0002";"NE_0002";"NE_0002";"NE_0002";"NE_0002";"NE_0002";"NE_0002"
"2023";"05";"021603";"ANCASH";"POMABAMBA";"PAROBAMBA";"GOBIERNO REGIONAL";"I-2";"00001777";"PUESTO DE SALUD HUANCHAYLLO";"NE_0002";"";"NE_0002";"NE_0002";"NE_0002";"NE_0002";"NE_0002";"NE_0002";"NE_0002"
"2023";"05";"021604";"ANCASH";"POMABAMBA";"QUINUABAMBA";"GOBIERNO REGIONAL";"I-2";"00001781";"PUESTO DE SALUD QUINUABAMBA";"NE_0002";"";"NE_0002";"NE_0002";"NE_0002";"NE_0002";"NE_0002";"NE_0002";"NE_0002"
"2023";"04";"250105";"UCAYALI";"CORONEL PORTILLO";"YARINACOCHA";"GOBIERNO REGIONAL";"I-1";"00013264";"SANIDAD AEREA";"NE_0001";"";"NE_0001";"NE_0001";"NE_0001";"NE_0001";"NE_0001";"NE_0001";"NE_0001"
"2023";"04";"250101";"UCAYALI";"CORONEL PORTILLO";"CALLERIA";"GOBIERNO REGIONAL";"I-3";"00005569";"CLAS TUPAC AMARU";"NE_0001";"";"NE_0001";"NE_0001";"NE_0001";"NE_0001";"NE_0001";"NE_0001";"NE_0001"
"2023";"05";"200101";"PIURA";"PIURA";"PIURA";"PRIVADO";"II-1";"00025208";"GRUPO CARITA FELIZ S.A.";"242300";"HOSPITALIZACIÓN DE PEDIATRÍA  PEDIATRÍA  GENERAL ";"31";"29";"100";"93";"3";"93";"0"
"2023";"05";"200101";"PIURA";"PIURA";"PIURA";"PRIVADO";"II-1";"00025208";"GRUPO CARITA FELIZ S.A.";"241900";"HOSPITALIZACIÓN DE MEDICINA MEDICINA INTERNA ";"81";"78";"290";"279";"9";"279";"0"
"2023";"05";"200101";"PIURA";"PIURA";"PIURA";"PRIVADO";"II-1";"00025208";"GRUPO CARITA FELIZ S.A.";"240100";"HOSPITALIZACIÓN QUIRÚRGICA CIRUGÍA GENERAL ";"94";"90";"197";"185";"6";"186";"0"
"2023";"05";"200101";"PIURA";"PIURA";"PIURA";"PRIVADO";"II-1";"00025208";"GRUPO CARITA FELIZ S.A.";"241400";"HOSPITALIZACIÓN QUIRÚRGICA GINECO - OBSTETRICIA ";"37";"37";"57";"58";"2";"62";"0"
"2023";"05";"200101";"PIURA";"PIURA";"PIURA";"PRIVADO";"II-1";"00025208";"GRUPO CARITA FELIZ S.A.";"250100";"UNIDAD DE CUIDADOS CRITICOS UNIDAD  DE CUIDADOS INTENSIVOS GENERALES (UCI) ";"24";"9";"24";"80";"3";"93";"1"
"2023";"05";"200101";"PIURA";"PIURA";"PIURA";"PRIVADO";"II-1";"00025208";"GRUPO CARITA FELIZ S.A.";"250105";"UNIDAD DE CUIDADOS CRITICOS UNIDAD  DE CUIDADOS INTENSIVOS  (UCI) NEONATOLOGÍA";"2";"1";"5";"21";"2";"62";"0"
"2023";"05";"200101";"PIURA";"PIURA";"PIURA";"PRIVADO";"II-1";"00025208";"GRUPO CARITA FELIZ S.A.";"250201";"UNIDAD DE CUIDADOS CRITICOS UNIDAD DE CUIDADOS INTERMEDIOS  (UCIN) NEONATAL";"16";"17";"72";"52";"2";"62";"0"
"2023";"04";"250301";"UCAYALI";"PADRE ABAD";"PADRE ABAD";"GOBIERNO REGIONAL";"I-1";"00019070";"NUEVA CHONTA";"NE_0001";"";"NE_0001";"NE_0001";"NE_0001";"NE_0001";"NE_0001";"NE_0001";"NE_0001"
"2023";"04";"250301";"UCAYALI";"PADRE ABAD";"PADRE ABAD";"GOBIERNO REGIONAL";"I-2";"00005407";"COMUNIDAD NATIVA DE PUERTO AZUL";"NE_0001";"";"NE_0001";"NE_0001";"NE_0001";"NE_0001";"NE_0001";"NE_0001";"NE_0001"
"2023";"04";"250301";"UCAYALI";"PADRE ABAD";"PADRE ABAD";"GOBIERNO REGIONAL";"I-2";"00005406";"PREVISTO";"NE_0001";"";"NE_0001";"NE_0001";"NE_0001";"NE_0001";"NE_0001";"NE_0001";"NE_0001"
"2023";"04";"250301";"UCAYALI";"PADRE ABAD";"PADRE ABAD";"GOBIERNO REGIONAL";"I-1";"00005403";"MIGUEL GRAU SEMINARIO";"NE_0001";"";"NE_0001";"NE_0001";"NE_0001";"NE_0001";"NE_0001";"NE_0001";"NE_0001"
"2023";"04";"250301";"UCAYALI";"PADRE ABAD";"PADRE ABAD";"GOBIERNO REGIONAL";"I-1";"00005402";"MARISCAL CACERES.";"NE_0001";"";"NE_0001";"NE_0001";"NE_0001";"NE_0001";"NE_0001";"NE_0001";"NE_0001"
"2023";"04";"250301";"UCAYALI";"PADRE ABAD";"PADRE ABAD";"GOBIERNO REGIONAL";"I-1";"00005401";"LA DIVISORIA";"NE_0001";"";"NE_0001";"NE_0001";"NE_0001";"NE_0001";"NE_0001";"NE_0001";"NE_0001"
"2023";"04";"250301";"UCAYALI";"PADRE ABAD";"PADRE ABAD";"GOBIERNO REGIONAL";"I-2";"00005400";"HUIPOCA";"NE_0001";"";"NE_0001";"NE_0001";"NE_0001";"NE_0001";"NE_0001";"NE_0001";"NE_0001"
"2023";"04";"250301";"UCAYALI";"PADRE ABAD";"PADRE ABAD";"GOBIERNO REGIONAL";"I-2";"00005399";"BOQUERON";"NE_0001";"";"NE_0001";"NE_0001";"NE_0001";"NE_0001";"NE_0001";"NE_0001";"NE_0001"
"2023";"04";"250301";"UCAYALI";"PADRE ABAD";"PADRE ABAD";"GOBIERNO REGIONAL";"I-1";"00005398";"ALTO AGUAYTIA.";"NE_0001";"";"NE_0001";"NE_0001";"NE_0001";"NE_0001";"NE_0001";"NE_0001";"NE_0001"
"2023";"04";"250301";"UCAYALI";"PADRE ABAD";"PADRE ABAD";"GOBIERNO REGIONAL";"I-1";"00005397";"3 DE OCTUBRE";"NE_0001";"";"NE_0001";"NE_0001";"NE_0001";"NE_0001";"NE_0001";"NE_0001";"NE_0001"
"2023";"04";"250301";"UCAYALI";"PADRE ABAD";"PADRE ABAD";"GOBIERNO REGIONAL";"I-4";"00005395";"AGUAYTIA";"NE_0002";"";"NE_0002";"NE_0002";"NE_0002";"NE_0002";"NE_0002";"NE_0002";"NE_0002"
"2023";"05";"200101";"PIURA";"PIURA";"PIURA";"PRIVADO";"II-E";"00012918";"OFTALMOLOGOS ASOCIADOS VER SAC";"NE_0001";"";"NE_0001";"NE_0001";"NE_0001";"NE_0001";"NE_0001";"NE_0001";"NE_0001"
"2023";"03";"060801";"CAJAMARCA";"JAEN";"JAEN";"GOBIERNO REGIONAL";"II-2";"00004210";"HOSPITAL GENERAL DE JAEN";"241800";"HOSPITALIZACIÓN DE MEDICINA MEDICINA GENERAL ";"119";"138";"883";"145";"48";"1488";"16"
"2023";"03";"060801";"CAJAMARCA";"JAEN";"JAEN";"GOBIERNO REGIONAL";"II-2";"00004210";"HOSPITAL GENERAL DE JAEN";"240100";"HOSPITALIZACIÓN QUIRÚRGICA CIRUGÍA GENERAL ";"159";"176";"780";"186";"34";"1054";"0"
"2023";"03";"060801";"CAJAMARCA";"JAEN";"JAEN";"GOBIERNO REGIONAL";"II-2";"00004210";"HOSPITAL GENERAL DE JAEN";"241600";"HOSPITALIZACIÓN QUIRÚRGICA OBSTETRICIA   ";"294";"295";"748";"315";"25";"775";"0"
"2023";"03";"060801";"CAJAMARCA";"JAEN";"JAEN";"GOBIERNO REGIONAL";"II-2";"00004210";"HOSPITAL GENERAL DE JAEN";"242500";"HOSPITALIZACIÓN-PEDIATRÍA GENERAL-";"76";"79";"325";"90";"25";"775";"1"
"2023";"03";"060801";"CAJAMARCA";"JAEN";"JAEN";"GOBIERNO REGIONAL";"II-2";"00004210";"HOSPITAL GENERAL DE JAEN";"243200";"HOSPITALIZACIÓN DE PEDIATRÍA PEDIATRIA NEONATOLOGÍA";"26";"34";"149";"88";"10";"310";"1"
"2023";"03";"130105";"LA LIBERTAD";"TRUJILLO";"LA ESPERANZA";"PRIVADO";"II-1";"00021412";"CLÍNICA MADRE DE CRISTO";"241400";"HOSPITALIZACIÓN QUIRÚRGICA GINECO - OBSTETRICIA ";"22";"22";"26";"22";"4";"26";"0"
"2023";"03";"130105";"LA LIBERTAD";"TRUJILLO";"LA ESPERANZA";"PRIVADO";"II-1";"00021412";"CLÍNICA MADRE DE CRISTO";"240100";"HOSPITALIZACIÓN QUIRÚRGICA CIRUGÍA GENERAL ";"26";"26";"29";"26";"8";"29";"0"
"2023";"03";"040101";"AREQUIPA";"AREQUIPA";"AREQUIPA";"PRIVADO";"II-E";"00017588";"MELO CLINICA DE FERTILIDAD, GINECOLOGIA Y OBSTETRICIA";"241400";"HOSPITALIZACIÓN QUIRÚRGICA GINECO - OBSTETRICIA ";"25";"25";"25";"25";"4";"120";"0"
"2023";"03";"130105";"LA LIBERTAD";"TRUJILLO";"LA ESPERANZA";"GOBIERNO REGIONAL";"II-1";"00005226";"HOSPITAL DISTRITAL JERUSALEN";"241400";"HOSPITALIZACIÓN QUIRÚRGICA GINECO - OBSTETRICIA ";"4";"4";"10";"37";"6";"186";"0"
"2023";"03";"130105";"LA LIBERTAD";"TRUJILLO";"LA ESPERANZA";"GOBIERNO REGIONAL";"II-1";"00005226";"HOSPITAL DISTRITAL JERUSALEN";"241600";"HOSPITALIZACIÓN QUIRÚRGICA OBSTETRICIA   ";"66";"66";"84";"182";"6";"186";"0"
"2023";"04";"130207";"LA LIBERTAD";"ASCOPE";"SANTIAGO DE CAO";"ESSALUD";"I-2";"00012114";"POSTA DE SALUD SANTIAGO DE CAO";"NE_0001";"";"NE_0001";"NE_0001";"NE_0001";"NE_0001";"NE_0001";"NE_0001";"NE_0001"
"2023";"04";"110207";"ICA";"CHINCHA";"PUEBLO NUEVO";"ESSALUD";"I-3";"00012277";"PUEBLO NUEVO";"NE_0001";"";"NE_0001";"NE_0001";"NE_0001";"NE_0001";"NE_0001";"NE_0001";"NE_0001"
"2023";"04";"150101";"LIMA";"LIMA";"LIMA";"PRIVADO";"II-E";"00009483";"OCULASER SAC";"NE_0001";"";"NE_0001";"NE_0001";"NE_0001";"NE_0001";"NE_0001";"NE_0001";"NE_0001"
"2023";"04";"081205";"CUSCO";"QUISPICANCHI";"CCATCA";"GOBIERNO REGIONAL";"I-1";"00008911";"HUARA HUARA";"NE_0001";"";"NE_0001";"NE_0001";"NE_0001";"NE_0001";"NE_0001";"NE_0001";"NE_0001"
"2023";"04";"081202";"CUSCO";"QUISPICANCHI";"ANDAHUAYLILLAS";"GOBIERNO REGIONAL";"I-2";"00002525";"ANDAHUAYLILLAS";"NE_0001";"";"NE_0001";"NE_0001";"NE_0001";"NE_0001";"NE_0001";"NE_0001";"NE_0001"
"2023";"04";"081212";"CUSCO";"QUISPICANCHI";"QUIQUIJANA";"GOBIERNO REGIONAL";"I-4";"00002538";"QUIQUIJANA";"NE_0001";"";"NE_0001";"NE_0001";"NE_0001";"NE_0001";"NE_0001";"NE_0001";"NE_0001"
"2023";"04";"081206";"CUSCO";"QUISPICANCHI";"CUSIPATA";"GOBIERNO REGIONAL";"I-1";"00006980";"CHILLIHUANI";"NE_0001";"";"NE_0001";"NE_0001";"NE_0001";"NE_0001";"NE_0001";"NE_0001";"NE_0001"
"2023";"04";"081207";"CUSCO";"QUISPICANCHI";"HUARO";"GOBIERNO REGIONAL";"I-1";"00002533";"URPAY";"NE_0001";"";"NE_0001";"NE_0001";"NE_0001";"NE_0001";"NE_0001";"NE_0001";"NE_0001"
"2023";"04";"081208";"CUSCO";"QUISPICANCHI";"LUCRE";"GOBIERNO REGIONAL";"I-2";"00002534";"LUCRE";"NE_0001";"";"NE_0001";"NE_0001";"NE_0001";"NE_0001";"NE_0001";"NE_0001";"NE_0001"
"2023";"04";"081212";"CUSCO";"QUISPICANCHI";"QUIQUIJANA";"GOBIERNO REGIONAL";"I-1";"00002539";"CCOLCA";"NE_0001";"";"NE_0001";"NE_0001";"NE_0001";"NE_0001";"NE_0001";"NE_0001";"NE_0001"
"2023";"04";"081201";"CUSCO";"QUISPICANCHI";"URCOS";"GOBIERNO REGIONAL";"I-4";"00002523";"URCOS";"NE_0001";"";"NE_0001";"NE_0001";"NE_0001";"NE_0001";"NE_0001";"NE_0001";"NE_0001"
"2023";"04";"081206";"CUSCO";"QUISPICANCHI";"CUSIPATA";"GOBIERNO REGIONAL";"I-3";"00002530";"CUSIPATA";"NE_0001";"";"NE_0001";"NE_0001";"NE_0001";"NE_0001";"NE_0001";"NE_0001";"NE_0001"
"2023";"04";"081211";"CUSCO";"QUISPICANCHI";"OROPESA";"GOBIERNO REGIONAL";"I-3";"00002537";"OROPESA";"NE_0001";"";"NE_0001";"NE_0001";"NE_0001";"NE_0001";"NE_0001";"NE_0001";"NE_0001"
"2023";"04";"081207";"CUSCO";"QUISPICANCHI";"HUARO";"GOBIERNO REGIONAL";"I-2";"00002532";"HUARO";"NE_0001";"";"NE_0001";"NE_0001";"NE_0001";"NE_0001";"NE_0001";"NE_0001";"NE_0001"
"2023";"04";"130705";"LA LIBERTAD";"PACASMAYO";"SAN JOSE";"GOBIERNO REGIONAL";"I-3";"00005297";"SAN JOSE";"NE_0001";"";"NE_0001";"NE_0001";"NE_0001";"NE_0001";"NE_0001";"NE_0001";"NE_0001"
"2023";"04";"240104";"TUMBES";"TUMBES";"PAMPAS DE HOSPITAL";"GOBIERNO REGIONAL";"I-2";"00001876";"CABUYAL";"NE_0001";"";"NE_0001";"NE_0001";"NE_0001";"NE_0001";"NE_0001";"NE_0001";"NE_0001"
"2023";"04";"240106";"TUMBES";"TUMBES";"SAN JUAN DE LA VIRGEN";"GOBIERNO REGIONAL";"I-1";"00001881";"GARBANZAL";"NE_0001";"";"NE_0001";"NE_0001";"NE_0001";"NE_0001";"NE_0001";"NE_0001";"NE_0001"
"2023";"04";"240101";"TUMBES";"TUMBES";"TUMBES";"GOBIERNO REGIONAL";"0";"00027613";"SAMU -TUMBES";"NE_0001";"";"NE_0001";"NE_0001";"NE_0001";"NE_0001";"NE_0001";"NE_0001";"NE_0001"
"2023";"04";"240104";"TUMBES";"TUMBES";"PAMPAS DE HOSPITAL";"GOBIERNO REGIONAL";"I-3";"00001875";"PAMPAS DE HOSPITAL";"NE_0001";"";"NE_0001";"NE_0001";"NE_0001";"NE_0001";"NE_0001";"NE_0001";"NE_0001"
"2023";"04";"240104";"TUMBES";"TUMBES";"PAMPAS DE HOSPITAL";"GOBIERNO REGIONAL";"I-1";"00001878";"EL LIMON";"NE_0001";"";"NE_0001";"NE_0001";"NE_0001";"NE_0001";"NE_0001";"NE_0001";"NE_0001"
"2023";"04";"240106";"TUMBES";"TUMBES";"SAN JUAN DE LA VIRGEN";"GOBIERNO REGIONAL";"I-3";"00001879";"CLAS SAN JUAN DE LA VIRGEN";"NE_0001";"";"NE_0001";"NE_0001";"NE_0001";"NE_0001";"NE_0001";"NE_0001";"NE_0001"
"2023";"04";"240101";"TUMBES";"TUMBES";"TUMBES";"GOBIERNO REGIONAL";"I-4";"00001882";"PAMPA GRANDE";"241800";"HOSPITALIZACIÓN DE MEDICINA MEDICINA GENERAL ";"2";"2";"2";"2";"1";"30";"0"
"2023";"04";"240101";"TUMBES";"TUMBES";"TUMBES";"GOBIERNO REGIONAL";"I-2";"00023014";"GERARDO GONZALES VILLEGAS";"NE_0001";"";"NE_0001";"NE_0001";"NE_0001";"NE_0001";"NE_0001";"NE_0001";"NE_0001"
"2023";"05";"120606";"JUNIN";"SATIPO";"PANGOA";"GOBIERNO REGIONAL";"I-2";"00000451";"MATERENI";"NE_0001";"";"NE_0001";"NE_0001";"NE_0001";"NE_0001";"NE_0001";"NE_0001";"NE_0001"
"2023";"05";"120606";"JUNIN";"SATIPO";"PANGOA";"GOBIERNO REGIONAL";"I-1";"00021802";"SAN JUAN DE PUEBLO LIBRE";"NE_0001";"";"NE_0001";"NE_0001";"NE_0001";"NE_0001";"NE_0001";"NE_0001";"NE_0001"
"2023";"05";"120606";"JUNIN";"SATIPO";"PANGOA";"GOBIERNO REGIONAL";"I-3";"00000446";"CUBANTIA";"NE_0001";"";"NE_0001";"NE_0001";"NE_0001";"NE_0001";"NE_0001";"NE_0001";"NE_0001"
"2023";"05";"120606";"JUNIN";"SATIPO";"PANGOA";"GOBIERNO REGIONAL";"I-1";"00000449";"MAZARONQUIARI";"NE_0001";"";"NE_0001";"NE_0001";"NE_0001";"NE_0001";"NE_0001";"NE_0001";"NE_0001"
"2023";"05";"120606";"JUNIN";"SATIPO";"PANGOA";"GOBIERNO REGIONAL";"I-1";"00000452";"FORTALEZA";"NE_0001";"";"NE_0001";"NE_0001";"NE_0001";"NE_0001";"NE_0001";"NE_0001";"NE_0001"
"2023";"05";"120606";"JUNIN";"SATIPO";"PANGOA";"GOBIERNO REGIONAL";"I-1";"00021804";"ALTO CHICHIRENI";"NE_0001";"";"NE_0001";"NE_0001";"NE_0001";"NE_0001";"NE_0001";"NE_0001";"NE_0001"
"2023";"05";"120606";"JUNIN";"SATIPO";"PANGOA";"GOBIERNO REGIONAL";"I-1";"00000457";"BOCA KIATARI";"NE_0001";"";"NE_0001";"NE_0001";"NE_0001";"NE_0001";"NE_0001";"NE_0001";"NE_0001"
"2023";"05";"120606";"JUNIN";"SATIPO";"PANGOA";"GOBIERNO REGIONAL";"I-1";"00021801";"SANTA CRUZ DE ANAPATI";"NE_0001";"";"NE_0001";"NE_0001";"NE_0001";"NE_0001";"NE_0001";"NE_0001";"NE_0001"
"2023";"05";"120606";"JUNIN";"SATIPO";"PANGOA";"GOBIERNO REGIONAL";"I-1";"00027800";"MAVENI";"NE_0001";"";"NE_0001";"NE_0001";"NE_0001";"NE_0001";"NE_0001";"NE_0001";"NE_0001"
"2023";"05";"120606";"JUNIN";"SATIPO";"PANGOA";"GOBIERNO REGIONAL";"I-1";"00000454";"CAMPIRUSHARI";"NE_0001";"";"NE_0001";"NE_0001";"NE_0001";"NE_0001";"NE_0001";"NE_0001";"NE_0001"
"2023";"05";"120606";"JUNIN";"SATIPO";"PANGOA";"GOBIERNO REGIONAL";"I-1";"00021805";"SAN JUAN DE SANGARENI";"NE_0001";"";"NE_0001";"NE_0001";"NE_0001";"NE_0001";"NE_0001";"NE_0001";"NE_0001"
"2023";"05";"120606";"JUNIN";"SATIPO";"PANGOA";"GOBIERNO REGIONAL";"I-1";"00021806";"LIBERTAD DE ANAPATI";"NE_0001";"";"NE_0001";"NE_0001";"NE_0001";"NE_0001";"NE_0001";"NE_0001";"NE_0001"
"2023";"05";"120606";"JUNIN";"SATIPO";"PANGOA";"GOBIERNO REGIONAL";"I-1";"00024571";"PUERTO PORVENIR";"NE_0001";"";"NE_0001";"NE_0001";"NE_0001";"NE_0001";"NE_0001";"NE_0001";"NE_0001"
"2023";"05";"120606";"JUNIN";"SATIPO";"PANGOA";"GOBIERNO REGIONAL";"I-1";"00000455";"JERUSALEN DE MIÑARO DE NOMESTSIGUENGA";"NE_0001";"";"NE_0001";"NE_0001";"NE_0001";"NE_0001";"NE_0001";"NE_0001";"NE_0001"
"2023";"05";"120606";"JUNIN";"SATIPO";"PANGOA";"GOBIERNO REGIONAL";"I-1";"00027801";"PUERTO ANAPATI";"NE_0001";"";"NE_0001";"NE_0001";"NE_0001";"NE_0001";"NE_0001";"NE_0001";"NE_0001"
"2023";"05";"110501";"ICA";"PISCO";"PISCO";"ESSALUD";"II-1";"00014147";"ANTONIO SKRABONJA ANTONCICH";"241800";"HOSPITALIZACIÓN DE MEDICINA MEDICINA GENERAL ";"51";"53";"314";"269";"18";"558";"3"
"2023";"05";"110501";"ICA";"PISCO";"PISCO";"ESSALUD";"II-1";"00014147";"ANTONIO SKRABONJA ANTONCICH";"240100";"HOSPITALIZACIÓN QUIRÚRGICA CIRUGÍA GENERAL ";"51";"54";"231";"210";"13";"403";"0"
"2023";"05";"110501";"ICA";"PISCO";"PISCO";"ESSALUD";"II-1";"00014147";"ANTONIO SKRABONJA ANTONCICH";"241500";"HOSPITALIZACIÓN QUIRÚRGICA GINECOLOGÍA  ";"24";"21";"69";"75";"4";"124";"0"
"2023";"05";"110501";"ICA";"PISCO";"PISCO";"ESSALUD";"II-1";"00014147";"ANTONIO SKRABONJA ANTONCICH";"241600";"HOSPITALIZACIÓN QUIRÚRGICA OBSTETRICIA   ";"101";"93";"181";"198";"8";"248";"0"
"2023";"05";"110501";"ICA";"PISCO";"PISCO";"ESSALUD";"II-1";"00014147";"ANTONIO SKRABONJA ANTONCICH";"242300";"HOSPITALIZACIÓN DE PEDIATRÍA  PEDIATRÍA  GENERAL ";"29";"32";"122";"109";"7";"217";"0"
"2023";"05";"110501";"ICA";"PISCO";"PISCO";"ESSALUD";"II-1";"00014147";"ANTONIO SKRABONJA ANTONCICH";"250304";"HOSPIT. EN UNIDAD DE CUID.INTEN.-UNIDAD DE VIGILANCIA INTENSIVA (UVI)-MEDICINA";"22";"21";"89";"79";"4";"124";"4"
"2023";"05";"150143";"LIMA";"LIMA";"VILLA MARIA DEL TRIUNFO";"PRIVADO";"I-4";"00010229";"CENTRO MEDICO ESPECIALIZADO VIRGEN DE LAS MERCEDES E.I.R.L";"NE_0002";"";"NE_0002";"NE_0002";"NE_0002";"NE_0002";"NE_0002";"NE_0002";"NE_0002"
"2023";"05";"060108";"CAJAMARCA";"CAJAMARCA";"LOS BAÑOS DEL INCA";"ESSALUD";"I-3";"00010821";"CENTRO DE ATENCION PRIMARIA II";"NE_0001";"";"NE_0001";"NE_0001";"NE_0001";"NE_0001";"NE_0001";"NE_0001";"NE_0001"
"2023";"05";"220506";"SAN MARTIN";"LAMAS";"PINTO RECODO";"GOBIERNO REGIONAL";"I-1";"00006347";"VENCEDOR";"NE_0001";"";"NE_0001";"NE_0001";"NE_0001";"NE_0001";"NE_0001";"NE_0001";"NE_0001"
"2023";"05";"040101";"AREQUIPA";"AREQUIPA";"AREQUIPA";"ESSALUD";"I-3";"00013297";"POLICLINICO METROPOLITANO ESSALUD";"NE_0001";"";"NE_0001";"NE_0001";"NE_0001";"NE_0001";"NE_0001";"NE_0001";"NE_0001"
"2023";"05";"150143";"LIMA";"LIMA";"VILLA MARIA DEL TRIUNFO";"PRIVADO";"II-2";"00018580";"GUILLERMO KAELIN DE LA FUENTE";"240100";"HOSPITALIZACIÓN QUIRÚRGICA CIRUGÍA GENERAL ";"108";"199";"1256";"1123";"37";"1147";"8"
"2023";"05";"150143";"LIMA";"LIMA";"VILLA MARIA DEL TRIUNFO";"PRIVADO";"II-2";"00018580";"GUILLERMO KAELIN DE LA FUENTE";"241500";"HOSPITALIZACIÓN QUIRÚRGICA GINECOLOGÍA  ";"119";"272";"975";"819";"46";"1421";"6"
"2023";"05";"150143";"LIMA";"LIMA";"VILLA MARIA DEL TRIUNFO";"PRIVADO";"II-2";"00018580";"GUILLERMO KAELIN DE LA FUENTE";"241800";"HOSPITALIZACIÓN DE MEDICINA MEDICINA GENERAL ";"182";"181";"1524";"1540";"50";"1550";"29"
"2023";"05";"150143";"LIMA";"LIMA";"VILLA MARIA DEL TRIUNFO";"PRIVADO";"II-2";"00018580";"GUILLERMO KAELIN DE LA FUENTE";"242300";"HOSPITALIZACIÓN DE PEDIATRÍA  PEDIATRÍA  GENERAL ";"112";"126";"516";"462";"35";"1083";"0"
"2023";"05";"150143";"LIMA";"LIMA";"VILLA MARIA DEL TRIUNFO";"PRIVADO";"II-2";"00018580";"GUILLERMO KAELIN DE LA FUENTE";"250100";"UNIDAD DE CUIDADOS CRITICOS UNIDAD  DE CUIDADOS INTENSIVOS GENERALES (UCI) ";"10";"5";"70";"245";"18";"442";"4"
"2023";"05";"150143";"LIMA";"LIMA";"VILLA MARIA DEL TRIUNFO";"PRIVADO";"II-2";"00018580";"GUILLERMO KAELIN DE LA FUENTE";"250200";"UNIDAD DE CUIDADOS CRITICOS UNIDAD DE CUIDADOS INTERMEDIOS GENERAL  (UCIN) ";"17";"23";"84";"210";"20";"561";"1"
"2023";"05";"021301";"ANCASH";"MARISCAL LUZURIAGA";"PISCOBAMBA";"GOBIERNO REGIONAL";"I-1";"00001784";"PUESTO DE SALUD SOCOSBAMBA";"NE_0001";"";"NE_0001";"NE_0001";"NE_0001";"NE_0001";"NE_0001";"NE_0001";"NE_0001"
"2023";"05";"021303";"ANCASH";"MARISCAL LUZURIAGA";"ELEAZAR GUZMAN BARRON";"GOBIERNO REGIONAL";"I-1";"00001786";"PUESTO DE SALUD PAMPACHACRA";"NE_0002";"";"NE_0002";"NE_0002";"NE_0002";"NE_0002";"NE_0002";"NE_0002";"NE_0002"
"2023";"05";"021303";"ANCASH";"MARISCAL LUZURIAGA";"ELEAZAR GUZMAN BARRON";"GOBIERNO REGIONAL";"I-1";"00001787";"PUESTO DE SALUD PUMPA";"NE_0002";"";"NE_0002";"NE_0002";"NE_0002";"NE_0002";"NE_0002";"NE_0002";"NE_0002"
"2023";"05";"021305";"ANCASH";"MARISCAL LUZURIAGA";"LLAMA";"GOBIERNO REGIONAL";"I-2";"00001788";"PUESTO DE SALUD LLAMA";"NE_0002";"";"NE_0002";"NE_0002";"NE_0002";"NE_0002";"NE_0002";"NE_0002";"NE_0002"
"2023";"05";"021304";"ANCASH";"MARISCAL LUZURIAGA";"FIDEL OLIVAS ESCUDERO";"GOBIERNO REGIONAL";"I-1";"00001793";"PUESTO DE SALUD SANASHGAN";"NE_0002";"";"NE_0002";"NE_0002";"NE_0002";"NE_0002";"NE_0002";"NE_0002";"NE_0002"
"2023";"05";"021308";"ANCASH";"MARISCAL LUZURIAGA";"MUSGA";"GOBIERNO REGIONAL";"I-1";"00001792";"PUESTO DE SALUD MUSGA";"NE_0002";"";"NE_0002";"NE_0002";"NE_0002";"NE_0002";"NE_0002";"NE_0002";"NE_0002"
"2023";"05";"021301";"ANCASH";"MARISCAL LUZURIAGA";"PISCOBAMBA";"GOBIERNO REGIONAL";"I-4";"00001783";"CENTRO DE SALUD PISCOBAMBA";"241600";"HOSPITALIZACIÓN QUIRÚRGICA OBSTETRICIA   ";"4";"4";"3";"3";"4";"124";"0"
"2023";"05";"021301";"ANCASH";"MARISCAL LUZURIAGA";"PISCOBAMBA";"GOBIERNO REGIONAL";"I-4";"00001783";"CENTRO DE SALUD PISCOBAMBA";"241800";"HOSPITALIZACIÓN DE MEDICINA MEDICINA GENERAL ";"2";"2";"3";"3";"2";"60";"0"
"2023";"05";"021301";"ANCASH";"MARISCAL LUZURIAGA";"PISCOBAMBA";"GOBIERNO REGIONAL";"I-4";"00001783";"CENTRO DE SALUD PISCOBAMBA";"242300";"HOSPITALIZACIÓN DE PEDIATRÍA  PEDIATRÍA  GENERAL ";"1";"1";"4";"4";"1";"30";"0"
"2023";"05";"021304";"ANCASH";"MARISCAL LUZURIAGA";"FIDEL OLIVAS ESCUDERO";"GOBIERNO REGIONAL";"I-1";"00001794";"PUESTO DE SALUD PARCO";"NE_0001";"";"NE_0001";"NE_0001";"NE_0001";"NE_0001";"NE_0001";"NE_0001";"NE_0001"
"2023";"05";"021306";"ANCASH";"MARISCAL LUZURIAGA";"LLUMPA";"GOBIERNO REGIONAL";"I-2";"00001789";"PUESTO DE SALUD LLUMPA";"NE_0002";"";"NE_0002";"NE_0002";"NE_0002";"NE_0002";"NE_0002";"NE_0002";"NE_0002"
"2023";"03";"150130";"LIMA";"LIMA";"SAN BORJA";"PRIVADO";"II-2";"00009850";"CLÍNICA VESALIO";"240000";"HOSPITALIZACIÓN";"310";"317";"1340";"1456";"55";"1587";"0"
"2023";"03";"150120";"LIMA";"LIMA";"MAGDALENA DEL MAR";"PRIVADO";"I-2";"00021289";"CLINICA DR AUGUSTO CACERES CABELLO-PIEL Y MEDICINA ESTETICA";"NE_0001";"";"NE_0001";"NE_0001";"NE_0001";"NE_0001";"NE_0001";"NE_0001";"NE_0001"
"2023";"03";"120702";"JUNIN";"TARMA";"ACOBAMBA";"GOBIERNO REGIONAL";"I-1";"00000522";"PICOY";"NE_0001";"";"NE_0001";"NE_0001";"NE_0001";"NE_0001";"NE_0001";"NE_0001";"NE_0001"
"2023";"03";"120702";"JUNIN";"TARMA";"ACOBAMBA";"GOBIERNO REGIONAL";"I-1";"00000526";"COLLPA";"NE_0001";"";"NE_0001";"NE_0001";"NE_0001";"NE_0001";"NE_0001";"NE_0001";"NE_0001"
"2023";"03";"120702";"JUNIN";"TARMA";"ACOBAMBA";"GOBIERNO REGIONAL";"I-4";"00000521";"ACOBAMBA";"241600";"HOSPITALIZACIÓN QUIRÚRGICA OBSTETRICIA   ";"2";"2";"2";"2";"3";"93";"0"
"2023";"03";"120702";"JUNIN";"TARMA";"ACOBAMBA";"GOBIERNO REGIONAL";"I-1";"00000525";"HUAYLAHUICHAN";"NE_0001";"";"NE_0001";"NE_0001";"NE_0001";"NE_0001";"NE_0001";"NE_0001";"NE_0001"
"2023";"03";"120702";"JUNIN";"TARMA";"ACOBAMBA";"GOBIERNO REGIONAL";"I-1";"00000523";"HUARACAYO";"NE_0001";"";"NE_0001";"NE_0001";"NE_0001";"NE_0001";"NE_0001";"NE_0001";"NE_0001"
"2023";"03";"120702";"JUNIN";"TARMA";"ACOBAMBA";"GOBIERNO REGIONAL";"I-1";"00000524";"TUPIN";"NE_0001";"";"NE_0001";"NE_0001";"NE_0001";"NE_0001";"NE_0001";"NE_0001";"NE_0001"
"2023";"03";"120114";"JUNIN";"HUANCAYO";"EL TAMBO";"PRIVADO";"II-1";"00025970";"CLINICA REBAGLIATI";"240100";"HOSPITALIZACIÓN QUIRÚRGICA CIRUGÍA GENERAL ";"61";"61";"61";"81";"9";"62";"0"
"2023";"03";"120114";"JUNIN";"HUANCAYO";"EL TAMBO";"PRIVADO";"II-1";"00025970";"CLINICA REBAGLIATI";"240200";"HOSPITALIZACIÓN QUIRÚRGICA CIRUGÍA DE CABEZA Y CUELLO / MÁXILO FACIAL ";"2";"2";"2";"4";"3";"9";"0"
"2023";"03";"120114";"JUNIN";"HUANCAYO";"EL TAMBO";"PRIVADO";"II-1";"00025970";"CLINICA REBAGLIATI";"240800";"HOSPITALIZACIÓN QUIRÚRGICA CIRUGÍA PLÁSTICA/RECONSTRUCTIVA/ REPARADORA ";"1";"1";"3";"3";"3";"6";"0"
"2023";"03";"120114";"JUNIN";"HUANCAYO";"EL TAMBO";"PRIVADO";"II-1";"00025970";"CLINICA REBAGLIATI";"240900";"HOSPITALIZACIÓN QUIRÚRGICA NEUROCIRUGÍA ";"4";"4";"6";"2";"1";"2";"0"
"2023";"03";"120114";"JUNIN";"HUANCAYO";"EL TAMBO";"PRIVADO";"II-1";"00025970";"CLINICA REBAGLIATI";"241100";"HOSPITALIZACIÓN QUIRÚRGICA OTORRINOLARINGOLOGÍA  ";"18";"18";"18";"22";"23";"26";"0"
"2023";"03";"120114";"JUNIN";"HUANCAYO";"EL TAMBO";"PRIVADO";"II-1";"00025970";"CLINICA REBAGLIATI";"241200";"HOSPITALIZACIÓN QUIRÚRGICA TRAUMATOLOGÍA Y ORTOPEDIA ";"5";"5";"5";"20";"5";"22";"0"
"2023";"03";"120114";"JUNIN";"HUANCAYO";"EL TAMBO";"PRIVADO";"II-1";"00025970";"CLINICA REBAGLIATI";"241300";"HOSPITALIZACIÓN QUIRÚRGICA UROLOGÍA  ";"8";"8";"8";"9";"10";"12";"0"
"2023";"03";"120114";"JUNIN";"HUANCAYO";"EL TAMBO";"PRIVADO";"II-1";"00025970";"CLINICA REBAGLIATI";"241400";"HOSPITALIZACIÓN QUIRÚRGICA GINECO - OBSTETRICIA ";"18";"18";"18";"19";"19";"20";"0"
"2023";"03";"120114";"JUNIN";"HUANCAYO";"EL TAMBO";"PRIVADO";"II-1";"00025970";"CLINICA REBAGLIATI";"241800";"HOSPITALIZACIÓN DE MEDICINA MEDICINA GENERAL ";"2";"2";"2";"3";"4";"5";"0"
"2023";"03";"120114";"JUNIN";"HUANCAYO";"EL TAMBO";"PRIVADO";"II-1";"00025970";"CLINICA REBAGLIATI";"241900";"HOSPITALIZACIÓN DE MEDICINA MEDICINA INTERNA ";"4";"4";"4";"3";"3";"4";"0"
"2023";"03";"120114";"JUNIN";"HUANCAYO";"EL TAMBO";"PRIVADO";"II-1";"00025970";"CLINICA REBAGLIATI";"242100";"HOSPITALIZACIÓN DE MEDICINA ONCOLOGÍA MÉDICA ";"3";"3";"6";"9";"3";"11";"0"
"2023";"03";"120114";"JUNIN";"HUANCAYO";"EL TAMBO";"PRIVADO";"II-1";"00025970";"CLINICA REBAGLIATI";"245400";"HOSPITALIZACIÓN DE MEDICINA GINECOLOGIA ";"1";"1";"2";"3";"4";"6";"0"
"2023";"03";"120114";"JUNIN";"HUANCAYO";"EL TAMBO";"PRIVADO";"II-1";"00025970";"CLINICA REBAGLIATI";"244700";"HOSPITALIZACIÓN DE MEDICINA NEUROLOGIA  ";"3";"3";"3";"4";"4";"5";"0"
"2023";"03";"150117";"LIMA";"LIMA";"LOS OLIVOS";"PRIVADO";"II-E";"00013044";"MEGASALUD NARANJAL S.A.C.";"240000";"HOSPITALIZACIÓN";"18";"18";"43";"38";"3";"90";"0"
"2023";"04";"030201";"APURIMAC";"ANDAHUAYLAS";"ANDAHUAYLAS";"PRIVADO";"I-3";"00021664";"ADMEDICAL CENTRO MEDICO";"NE_0001";"";"NE_0001";"NE_0001";"NE_0001";"NE_0001";"NE_0001";"NE_0001";"NE_0001"
"2023";"04";"070102";"CALLAO";"CALLAO";"BELLAVISTA";"PRIVADO";"II-1";"00009250";"CLINICAS AUNA - SEDE BELLAVISTA";"240000";"HOSPITALIZACIÓN";"75";"96";"277";"280";"15";"450";"1"
"2023";"04";"070102";"CALLAO";"CALLAO";"BELLAVISTA";"PRIVADO";"II-1";"00009250";"CLINICAS AUNA - SEDE BELLAVISTA";"250100";"UNIDAD DE CUIDADOS CRITICOS UNIDAD  DE CUIDADOS INTENSIVOS GENERALES (UCI) ";"2";"1";"1";"4";"2";"60";"0"
"2023";"04";"150125";"LIMA";"LIMA";"PUENTE PIEDRA";"PRIVADO";"II-E";"00016353";"CLINICA MONTELUZ";"241400";"HOSPITALIZACIÓN QUIRÚRGICA GINECO - OBSTETRICIA ";"86";"87";"157";"156";"12";"372";"0"
"2023";"04";"150125";"LIMA";"LIMA";"PUENTE PIEDRA";"PRIVADO";"II-E";"00016353";"CLINICA MONTELUZ";"240100";"HOSPITALIZACIÓN QUIRÚRGICA CIRUGÍA GENERAL ";"83";"85";"127";"125";"10";"310";"0"
"2023";"04";"060101";"CAJAMARCA";"CAJAMARCA";"CAJAMARCA";"PRIVADO";"II-1";"00009591";"CLINICA LIMATAMBO CAJAMARCA S.A.C.";"240000";"HOSPITALIZACIÓN";"146";"154";"339";"362";"33";"720";"0"
"2023";"04";"040126";"AREQUIPA";"AREQUIPA";"YANAHUARA";"PRIVADO";"II-E";"00018935";"CEFERGIN";"241400";"HOSPITALIZACIÓN QUIRÚRGICA GINECO - OBSTETRICIA ";"1";"1";"1";"1";"2";"59";"0"
"2023";"04";"150130";"LIMA";"LIMA";"SAN BORJA";"PRIVADO";"II-E";"00010467";"CLINICA FLEMING";"240000";"HOSPITALIZACIÓN";"1";"1";"3";"3";"8";"240";"0"
"2023";"04";"150122";"LIMA";"LIMA";"MIRAFLORES";"PRIVADO";"III-2";"00008956";"CLINICA DEL INCA";"240000";"HOSPITALIZACIÓN";"0";"1";"4";"10";"14";"420";"0"
"2023";"04";"150122";"LIMA";"LIMA";"MIRAFLORES";"PRIVADO";"III-2";"00008956";"CLINICA DEL INCA";"250100";"UNIDAD DE CUIDADOS CRITICOS UNIDAD  DE CUIDADOS INTENSIVOS GENERALES (UCI) ";"3";"0";"0";"9";"5";"150";"0"
"2023";"04";"130102";"LA LIBERTAD";"TRUJILLO";"EL PORVENIR";"GOBIERNO REGIONAL";"II-1";"00005209";"HOSPITAL DISTRITAL DE EL PORVENIR SANTA ISABEL";"241800";"HOSPITALIZACIÓN DE MEDICINA MEDICINA GENERAL ";"23";"18";"89";"89";"6";"180";"0"
"2023";"04";"130102";"LA LIBERTAD";"TRUJILLO";"EL PORVENIR";"GOBIERNO REGIONAL";"II-1";"00005209";"HOSPITAL DISTRITAL DE EL PORVENIR SANTA ISABEL";"243200";"HOSPITALIZACIÓN DE PEDIATRÍA PEDIATRIA NEONATOLOGÍA";"14";"13";"70";"70";"8";"240";"0"
"2023";"04";"130102";"LA LIBERTAD";"TRUJILLO";"EL PORVENIR";"GOBIERNO REGIONAL";"II-1";"00005209";"HOSPITAL DISTRITAL DE EL PORVENIR SANTA ISABEL";"242300";"HOSPITALIZACIÓN DE PEDIATRÍA  PEDIATRÍA  GENERAL ";"9";"7";"16";"16";"3";"90";"0"
"2023";"04";"130102";"LA LIBERTAD";"TRUJILLO";"EL PORVENIR";"GOBIERNO REGIONAL";"II-1";"00005209";"HOSPITAL DISTRITAL DE EL PORVENIR SANTA ISABEL";"241400";"HOSPITALIZACIÓN QUIRÚRGICA GINECO - OBSTETRICIA ";"47";"43";"65";"65";"10";"300";"0"
"2023";"04";"130102";"LA LIBERTAD";"TRUJILLO";"EL PORVENIR";"GOBIERNO REGIONAL";"II-1";"00005209";"HOSPITAL DISTRITAL DE EL PORVENIR SANTA ISABEL";"241500";"HOSPITALIZACIÓN QUIRÚRGICA GINECOLOGÍA  ";"5";"7";"20";"20";"3";"90";"0"
"2023";"04";"040702";"AREQUIPA";"ISLAY";"COCACHACRA";"ESSALUD";"I-2";"00026367";"POSTA MEDICA CHUCARAPI";"NE_0001";"";"NE_0001";"NE_0001";"NE_0001";"NE_0001";"NE_0001";"NE_0001";"NE_0001"
"2023";"05";"080707";"CUSCO";"CHUMBIVILCAS";"QUIÑOTA";"GOBIERNO REGIONAL";"I-1";"00006984";"CCOLLANA";"NE_0001";"";"NE_0001";"NE_0001";"NE_0001";"NE_0001";"NE_0001";"NE_0001";"NE_0001"
"2023";"05";"080706";"CUSCO";"CHUMBIVILCAS";"LLUSCO";"GOBIERNO REGIONAL";"I-1";"00027008";"ANTUYO";"NE_0001";"";"NE_0001";"NE_0001";"NE_0001";"NE_0001";"NE_0001";"NE_0001";"NE_0001"
"2023";"05";"080707";"CUSCO";"CHUMBIVILCAS";"QUIÑOTA";"GOBIERNO REGIONAL";"I-1";"00025369";"PUMALLACTA";"NE_0001";"";"NE_0001";"NE_0001";"NE_0001";"NE_0001";"NE_0001";"NE_0001";"NE_0001"
"2023";"05";"080706";"CUSCO";"CHUMBIVILCAS";"LLUSCO";"GOBIERNO REGIONAL";"I-2";"00002407";"LLUSCO";"NE_0001";"";"NE_0001";"NE_0001";"NE_0001";"NE_0001";"NE_0001";"NE_0001";"NE_0001"
"2023";"05";"080707";"CUSCO";"CHUMBIVILCAS";"QUIÑOTA";"GOBIERNO REGIONAL";"I-2";"00002408";"QUIÑOTA";"NE_0001";"";"NE_0001";"NE_0001";"NE_0001";"NE_0001";"NE_0001";"NE_0001";"NE_0001"
"2023";"05";"080706";"CUSCO";"CHUMBIVILCAS";"LLUSCO";"GOBIERNO REGIONAL";"I-1";"00006985";"TOTORAPALLCA";"NE_0001";"";"NE_0001";"NE_0001";"NE_0001";"NE_0001";"NE_0001";"NE_0001";"NE_0001"
"2023";"05";"060301";"CAJAMARCA";"CELENDIN";"CELENDIN";"GOBIERNO REGIONAL";"II-1";"00004466";"DE APOYO CELENDIN";"241800";"HOSPITALIZACIÓN DE MEDICINA MEDICINA GENERAL ";"112";"113";"238";"253";"27";"837";"2"
"2023";"05";"060801";"CAJAMARCA";"JAEN";"JAEN";"PRIVADO";"II-1";"00015266";"CLINICA Y BOTICA SAN JUAN";"240000";"HOSPITALIZACIÓN";"45";"44";"68";"45";"12";"336";"0"
"2023";"05";"040112";"AREQUIPA";"AREQUIPA";"PAUCARPATA";"GOBIERNO REGIONAL";"I-2";"00001317";"CENTRO DE SALUD MIGUEL GRAU  B";"NE_0001";"";"NE_0001";"NE_0001";"NE_0001";"NE_0001";"NE_0001";"NE_0001";"NE_0001"
"2023";"05";"040112";"AREQUIPA";"AREQUIPA";"PAUCARPATA";"GOBIERNO REGIONAL";"I-2";"00001318";"PUESTO DE SALUD MIGUEL GRAU  MODULO C-D";"NE_0001";"";"NE_0001";"NE_0001";"NE_0001";"NE_0001";"NE_0001";"NE_0001";"NE_0001"
"2023";"05";"040112";"AREQUIPA";"AREQUIPA";"PAUCARPATA";"GOBIERNO REGIONAL";"I-3";"00001298";"CENTRO DE SALUD 15 DE AGOSTO";"NE_0001";"";"NE_0001";"NE_0001";"NE_0001";"NE_0001";"NE_0001";"NE_0001";"NE_0001"
"2023";"05";"040112";"AREQUIPA";"AREQUIPA";"PAUCARPATA";"GOBIERNO REGIONAL";"I-2";"00001316";"PUESTO DE SALUD MIGUEL GRAU  MODULO A";"NE_0001";"";"NE_0001";"NE_0001";"NE_0001";"NE_0001";"NE_0001";"NE_0001";"NE_0001"
"2023";"05";"220506";"SAN MARTIN";"LAMAS";"PINTO RECODO";"GOBIERNO REGIONAL";"I-1";"00006345";"MIRAFLORES";"NE_0001";"";"NE_0001";"NE_0001";"NE_0001";"NE_0001";"NE_0001";"NE_0001";"NE_0001"
"2023";"05";"040109";"AREQUIPA";"AREQUIPA";"MARIANO MELGAR";"GOBIERNO REGIONAL";"I-2";"00007722";"PUESTO DE SALUD EL MIRADOR";"NE_0001";"";"NE_0001";"NE_0001";"NE_0001";"NE_0001";"NE_0001";"NE_0001";"NE_0001"
"2023";"05";"040126";"AREQUIPA";"AREQUIPA";"YANAHUARA";"ESSALUD";"II-1";"00013291";"HOSPITAL III YANAHUARA";"241900";"HOSPITALIZACIÓN DE MEDICINA MEDICINA INTERNA ";"113";"105";"1062";"990";"34";"1054";"8"
"2023";"05";"040126";"AREQUIPA";"AREQUIPA";"YANAHUARA";"ESSALUD";"II-1";"00013291";"HOSPITAL III YANAHUARA";"240100";"HOSPITALIZACIÓN QUIRÚRGICA CIRUGÍA GENERAL ";"312";"309";"920";"1231";"41";"1271";"0"
"2023";"05";"040126";"AREQUIPA";"AREQUIPA";"YANAHUARA";"ESSALUD";"II-1";"00013291";"HOSPITAL III YANAHUARA";"241600";"HOSPITALIZACIÓN QUIRÚRGICA OBSTETRICIA   ";"290";"287";"1404";"510";"18";"558";"0"
"2023";"05";"040126";"AREQUIPA";"AREQUIPA";"YANAHUARA";"ESSALUD";"II-1";"00013291";"HOSPITAL III YANAHUARA";"241400";"HOSPITALIZACIÓN QUIRÚRGICA GINECO - OBSTETRICIA ";"147";"140";"346";"347";"12";"372";"0"
"2023";"05";"040126";"AREQUIPA";"AREQUIPA";"YANAHUARA";"ESSALUD";"II-1";"00013291";"HOSPITAL III YANAHUARA";"242300";"HOSPITALIZACIÓN DE PEDIATRÍA  PEDIATRÍA  GENERAL ";"77";"79";"567";"283";"10";"310";"0"
"2023";"05";"040126";"AREQUIPA";"AREQUIPA";"YANAHUARA";"ESSALUD";"II-1";"00013291";"HOSPITAL III YANAHUARA";"243200";"HOSPITALIZACIÓN DE PEDIATRÍA PEDIATRIA NEONATOLOGÍA";"187";"185";"524";"581";"25";"775";"0"
"2023";"05";"040126";"AREQUIPA";"AREQUIPA";"YANAHUARA";"ESSALUD";"II-1";"00013291";"HOSPITAL III YANAHUARA";"250100";"UNIDAD DE CUIDADOS CRITICOS UNIDAD  DE CUIDADOS INTENSIVOS GENERALES (UCI) ";"20";"7";"123";"226";"12";"372";"7"
"2023";"05";"120606";"JUNIN";"SATIPO";"PANGOA";"GOBIERNO REGIONAL";"II-1";"00000442";"SAN MARTIN DE PANGOA";"241800";"HOSPITALIZACIÓN DE MEDICINA MEDICINA GENERAL ";"31";"35";"136";"136";"6";"186";"1"
"2023";"05";"120606";"JUNIN";"SATIPO";"PANGOA";"GOBIERNO REGIONAL";"II-1";"00000442";"SAN MARTIN DE PANGOA";"242500";"HOSPITALIZACIÓN-PEDIATRÍA GENERAL-";"17";"21";"87";"143";"8";"248";"0"
"2023";"05";"120606";"JUNIN";"SATIPO";"PANGOA";"GOBIERNO REGIONAL";"II-1";"00000442";"SAN MARTIN DE PANGOA";"240100";"HOSPITALIZACIÓN QUIRÚRGICA CIRUGÍA GENERAL ";"32";"33";"107";"101";"4";"124";"0"
"2023";"05";"120606";"JUNIN";"SATIPO";"PANGOA";"GOBIERNO REGIONAL";"II-1";"00000442";"SAN MARTIN DE PANGOA";"241500";"HOSPITALIZACIÓN QUIRÚRGICA GINECOLOGÍA  ";"54";"56";"129";"67";"8";"248";"0"
"2023";"05";"120606";"JUNIN";"SATIPO";"PANGOA";"GOBIERNO REGIONAL";"II-1";"00000442";"SAN MARTIN DE PANGOA";"241400";"HOSPITALIZACIÓN QUIRÚRGICA GINECO - OBSTETRICIA ";"48";"56";"111";"129";"8";"248";"0"
"2023";"05";"120606";"JUNIN";"SATIPO";"PANGOA";"GOBIERNO REGIONAL";"II-1";"00000442";"SAN MARTIN DE PANGOA";"243200";"HOSPITALIZACIÓN DE PEDIATRÍA PEDIATRIA NEONATOLOGÍA";"6";"6";"45";"62";"6";"186";"0"
"2023";"05";"220603";"SAN MARTIN";"MARISCAL CACERES";"HUICUNGO";"GOBIERNO REGIONAL";"I-1";"00006555";"SHEPTE";"NE_0001";"";"NE_0001";"NE_0001";"NE_0001";"NE_0001";"NE_0001";"NE_0001";"NE_0001"
"2023";"05";"220603";"SAN MARTIN";"MARISCAL CACERES";"HUICUNGO";"GOBIERNO REGIONAL";"I-1";"00006556";"MIRAFLORES";"NE_0001";"";"NE_0001";"NE_0001";"NE_0001";"NE_0001";"NE_0001";"NE_0001";"NE_0001"
"2023";"05";"220601";"SAN MARTIN";"MARISCAL CACERES";"JUANJUI";"GOBIERNO REGIONAL";"I-1";"00006550";"QUINILLA";"NE_0001";"";"NE_0001";"NE_0001";"NE_0001";"NE_0001";"NE_0001";"NE_0001";"NE_0001"
"2023";"05";"220601";"SAN MARTIN";"MARISCAL CACERES";"JUANJUI";"GOBIERNO REGIONAL";"I-1";"00006551";"CAYENA";"NE_0001";"";"NE_0001";"NE_0001";"NE_0001";"NE_0001";"NE_0001";"NE_0001";"NE_0001"
"2023";"05";"220604";"SAN MARTIN";"MARISCAL CACERES";"PACHIZA";"GOBIERNO REGIONAL";"I-1";"00006557";"BAGAZAN";"NE_0001";"";"NE_0001";"NE_0001";"NE_0001";"NE_0001";"NE_0001";"NE_0001";"NE_0001"
"2023";"05";"220605";"SAN MARTIN";"MARISCAL CACERES";"PAJARILLO";"GOBIERNO REGIONAL";"I-1";"00006561";"PAJARILLO";"NE_0001";"";"NE_0001";"NE_0001";"NE_0001";"NE_0001";"NE_0001";"NE_0001";"NE_0001"
"2023";"05";"160107";"LORETO";"MAYNAS";"NAPO";"GOBIERNO REGIONAL";"II-1";"00000066";"HOSPITAL II-1 SANTA CLOTILDE";"241800";"HOSPITALIZACIÓN DE MEDICINA MEDICINA GENERAL ";"14";"15";"49";"64";"16";"496";"1"
"2023";"05";"160107";"LORETO";"MAYNAS";"NAPO";"GOBIERNO REGIONAL";"II-1";"00000066";"HOSPITAL II-1 SANTA CLOTILDE";"242300";"HOSPITALIZACIÓN DE PEDIATRÍA  PEDIATRÍA  GENERAL ";"9";"10";"29";"39";"7";"217";"0"
"2023";"05";"160107";"LORETO";"MAYNAS";"NAPO";"GOBIERNO REGIONAL";"II-1";"00000066";"HOSPITAL II-1 SANTA CLOTILDE";"241600";"HOSPITALIZACIÓN QUIRÚRGICA OBSTETRICIA   ";"15";"15";"28";"13";"6";"186";"0"
"2023";"05";"160107";"LORETO";"MAYNAS";"NAPO";"GOBIERNO REGIONAL";"II-1";"00000066";"HOSPITAL II-1 SANTA CLOTILDE";"242000";"HOSPITALIZACIÓN DE MEDICINA MEDICINA TROPICAL E INFECCIOSAS ";"1";"1";"1";"1";"3";"93";"0"
"2023";"05";"150101";"LIMA";"LIMA";"LIMA";"ESSALUD";"II-1";"00009188";"HOSPITAL II RAMON CASTILLA";"241800";"HOSPITALIZACIÓN DE MEDICINA MEDICINA GENERAL ";"48";"48";"301";"327";"12";"372";"0"
"2023";"05";"150101";"LIMA";"LIMA";"LIMA";"ESSALUD";"II-1";"00009188";"HOSPITAL II RAMON CASTILLA";"250103";"UNIDAD DE CUIDADOS CRITICOS UNIDAD  DE CUIDADOS INTENSIVOS GENERALES  (UCI) MEDICINA";"7";"8";"51";"148";"6";"186";"4"
"2023";"05";"150101";"LIMA";"LIMA";"LIMA";"ESSALUD";"II-1";"00009188";"HOSPITAL II RAMON CASTILLA";"240100";"HOSPITALIZACIÓN QUIRÚRGICA CIRUGÍA GENERAL ";"148";"139";"510";"506";"18";"558";"0"
"2023";"05";"150101";"LIMA";"LIMA";"LIMA";"ESSALUD";"II-1";"00009188";"HOSPITAL II RAMON CASTILLA";"241400";"HOSPITALIZACIÓN QUIRÚRGICA GINECO - OBSTETRICIA ";"22";"21";"91";"91";"3";"93";"0"
"2023";"05";"150101";"LIMA";"LIMA";"LIMA";"ESSALUD";"II-1";"00009188";"HOSPITAL II RAMON CASTILLA";"241600";"HOSPITALIZACIÓN QUIRÚRGICA OBSTETRICIA   ";"87";"86";"197";"198";"12";"372";"0"
"2023";"05";"150101";"LIMA";"LIMA";"LIMA";"ESSALUD";"II-1";"00009188";"HOSPITAL II RAMON CASTILLA";"242300";"HOSPITALIZACIÓN DE PEDIATRÍA  PEDIATRÍA  GENERAL ";"46";"45";"176";"171";"6";"186";"0"
"2023";"05";"150101";"LIMA";"LIMA";"LIMA";"ESSALUD";"II-1";"00009188";"HOSPITAL II RAMON CASTILLA";"243200";"HOSPITALIZACIÓN DE PEDIATRÍA PEDIATRIA NEONATOLOGÍA";"13";"13";"33";"28";"1";"31";"0"
"2023";"05";"040112";"AREQUIPA";"AREQUIPA";"PAUCARPATA";"ESSALUD";"II-1";"00013296";"HOSPITAL I EDMUNDO ESCOMEL";"241800";"HOSPITALIZACIÓN DE MEDICINA MEDICINA GENERAL ";"57";"56";"305";"324";"11";"330";"0"
"2023";"05";"040112";"AREQUIPA";"AREQUIPA";"PAUCARPATA";"ESSALUD";"II-1";"00013296";"HOSPITAL I EDMUNDO ESCOMEL";"240100";"HOSPITALIZACIÓN QUIRÚRGICA CIRUGÍA GENERAL ";"150";"152";"291";"286";"10";"300";"0"
"2023";"05";"040112";"AREQUIPA";"AREQUIPA";"PAUCARPATA";"ESSALUD";"II-1";"00013296";"HOSPITAL I EDMUNDO ESCOMEL";"241200";"HOSPITALIZACIÓN QUIRÚRGICA TRAUMATOLOGÍA Y ORTOPEDIA ";"26";"30";"146";"119";"5";"150";"0"
"2023";"05";"040112";"AREQUIPA";"AREQUIPA";"PAUCARPATA";"ESSALUD";"II-1";"00013296";"HOSPITAL I EDMUNDO ESCOMEL";"241500";"HOSPITALIZACIÓN QUIRÚRGICA GINECOLOGÍA  ";"31";"37";"131";"109";"4";"120";"0"
"2023";"05";"040112";"AREQUIPA";"AREQUIPA";"PAUCARPATA";"ESSALUD";"II-1";"00013296";"HOSPITAL I EDMUNDO ESCOMEL";"241600";"HOSPITALIZACIÓN QUIRÚRGICA OBSTETRICIA   ";"181";"184";"382";"386";"13";"390";"0"
"2023";"05";"040112";"AREQUIPA";"AREQUIPA";"PAUCARPATA";"ESSALUD";"II-1";"00013296";"HOSPITAL I EDMUNDO ESCOMEL";"242300";"HOSPITALIZACIÓN DE PEDIATRÍA  PEDIATRÍA  GENERAL ";"177";"173";"411";"425";"15";"450";"0"
"2023";"05";"081207";"CUSCO";"QUISPICANCHI";"HUARO";"GOBIERNO REGIONAL";"I-2";"00030708";"MENTAL COMUNITARIO HUARO";"NE_0001";"";"NE_0001";"NE_0001";"NE_0001";"NE_0001";"NE_0001";"NE_0001";"NE_0001"
"2023";"05";"230101";"TACNA";"TACNA";"TACNA";"GOBIERNO REGIONAL";"II-2";"00002864";"HOSPITAL HIPOLITO UNANUE DE TACNA";"240100";"HOSPITALIZACIÓN QUIRÚRGICA CIRUGÍA GENERAL ";"188";"144";"637";"878";"55";"1705";"4"
"2023";"05";"230101";"TACNA";"TACNA";"TACNA";"GOBIERNO REGIONAL";"II-2";"00002864";"HOSPITAL HIPOLITO UNANUE DE TACNA";"240700";"HOSPITALIZACIÓN QUIRÚRGICA CIRUGÍA PEDIÁTRICA ";"27";"30";"139";"209";"8";"248";"0"
"2023";"05";"230101";"TACNA";"TACNA";"TACNA";"GOBIERNO REGIONAL";"II-2";"00002864";"HOSPITAL HIPOLITO UNANUE DE TACNA";"241400";"HOSPITALIZACIÓN QUIRÚRGICA GINECO - OBSTETRICIA ";"241";"215";"583";"611";"50";"1550";"0"
"2023";"05";"230101";"TACNA";"TACNA";"TACNA";"GOBIERNO REGIONAL";"II-2";"00002864";"HOSPITAL HIPOLITO UNANUE DE TACNA";"241500";"HOSPITALIZACIÓN QUIRÚRGICA GINECOLOGÍA  ";"101";"84";"199";"210";"8";"248";"1"
"2023";"05";"230101";"TACNA";"TACNA";"TACNA";"GOBIERNO REGIONAL";"II-2";"00002864";"HOSPITAL HIPOLITO UNANUE DE TACNA";"241900";"HOSPITALIZACIÓN DE MEDICINA MEDICINA INTERNA ";"157";"123";"465";"1203";"40";"1240";"23"
"2023";"05";"230101";"TACNA";"TACNA";"TACNA";"GOBIERNO REGIONAL";"II-2";"00002864";"HOSPITAL HIPOLITO UNANUE DE TACNA";"242200";"HOSPITALIZACIÓN DE MEDICINA PSIQUIATRÍA ";"31";"13";"19";"259";"17";"527";"0"
"2023";"05";"230101";"TACNA";"TACNA";"TACNA";"GOBIERNO REGIONAL";"II-2";"00002864";"HOSPITAL HIPOLITO UNANUE DE TACNA";"242300";"HOSPITALIZACIÓN DE PEDIATRÍA  PEDIATRÍA  GENERAL ";"56";"38";"167";"242";"15";"465";"0"
"2023";"05";"230101";"TACNA";"TACNA";"TACNA";"GOBIERNO REGIONAL";"II-2";"00002864";"HOSPITAL HIPOLITO UNANUE DE TACNA";"243200";"HOSPITALIZACIÓN DE PEDIATRÍA PEDIATRIA NEONATOLOGÍA";"195";"176";"406";"434";"15";"465";"1"
"2023";"05";"230101";"TACNA";"TACNA";"TACNA";"GOBIERNO REGIONAL";"II-2";"00002864";"HOSPITAL HIPOLITO UNANUE DE TACNA";"245300";"HOSPITALIZACIÓN DE MEDICINA NEUMOLOGÍA  ";"13";"15";"60";"178";"17";"527";"2"
"2023";"03";"130901";"LA LIBERTAD";"SANCHEZ CARRION";"HUAMACHUCO";"GOBIERNO REGIONAL";"I-2";"00005351";"PUENTE PIEDRA";"NE_0001";"";"NE_0001";"NE_0001";"NE_0001";"NE_0001";"NE_0001";"NE_0001";"NE_0001"
"2023";"03";"130901";"LA LIBERTAD";"SANCHEZ CARRION";"HUAMACHUCO";"GOBIERNO REGIONAL";"I-2";"00005355";"EL PALLAR";"NE_0001";"";"NE_0001";"NE_0001";"NE_0001";"NE_0001";"NE_0001";"NE_0001";"NE_0001"
"2023";"03";"130901";"LA LIBERTAD";"SANCHEZ CARRION";"HUAMACHUCO";"GOBIERNO REGIONAL";"I-2";"00005350";"CHOQUIZONGUILLO";"NE_0001";"";"NE_0001";"NE_0001";"NE_0001";"NE_0001";"NE_0001";"NE_0001";"NE_0001"
"2023";"03";"130901";"LA LIBERTAD";"SANCHEZ CARRION";"HUAMACHUCO";"GOBIERNO REGIONAL";"I-1";"00018226";"EL CAPULI";"NE_0001";"";"NE_0001";"NE_0001";"NE_0001";"NE_0001";"NE_0001";"NE_0001";"NE_0001"
"2023";"03";"130901";"LA LIBERTAD";"SANCHEZ CARRION";"HUAMACHUCO";"GOBIERNO REGIONAL";"I-1";"00029010";"PALLAR ALTO";"NE_0001";"";"NE_0001";"NE_0001";"NE_0001";"NE_0001";"NE_0001";"NE_0001";"NE_0001"
"2023";"03";"130901";"LA LIBERTAD";"SANCHEZ CARRION";"HUAMACHUCO";"GOBIERNO REGIONAL";"I-1";"00018123";"EL OLIVO";"NE_0001";"";"NE_0001";"NE_0001";"NE_0001";"NE_0001";"NE_0001";"NE_0001";"NE_0001"
"2023";"03";"060801";"CAJAMARCA";"JAEN";"JAEN";"GOBIERNO REGIONAL";"I-1";"00004215";"CHAMAYA";"NE_0001";"";"NE_0001";"NE_0001";"NE_0001";"NE_0001";"NE_0001";"NE_0001";"NE_0001"
"2023";"03";"060801";"CAJAMARCA";"JAEN";"JAEN";"GOBIERNO REGIONAL";"I-2";"00007168";"MONTEGRANDE";"NE_0001";"";"NE_0001";"NE_0001";"NE_0001";"NE_0001";"NE_0001";"NE_0001";"NE_0001"
"2023";"03";"060801";"CAJAMARCA";"JAEN";"JAEN";"GOBIERNO REGIONAL";"I-1";"00004220";"PALMA CENTRAL";"NE_0001";"";"NE_0001";"NE_0001";"NE_0001";"NE_0001";"NE_0001";"NE_0001";"NE_0001"
"2023";"03";"060801";"CAJAMARCA";"JAEN";"JAEN";"GOBIERNO REGIONAL";"I-4";"00004211";"MORRO SOLAR";"241800";"HOSPITALIZACIÓN DE MEDICINA MEDICINA GENERAL ";"62";"60";"93";"62";"8";"178";"0"
"2023";"03";"060801";"CAJAMARCA";"JAEN";"JAEN";"GOBIERNO REGIONAL";"I-1";"00004214";"LAS NARANJAS";"NE_0001";"";"NE_0001";"NE_0001";"NE_0001";"NE_0001";"NE_0001";"NE_0001";"NE_0001"
"2023";"03";"060801";"CAJAMARCA";"JAEN";"JAEN";"GOBIERNO REGIONAL";"I-1";"00007024";"SAN MARTIN DE PORRES";"NE_0001";"";"NE_0001";"NE_0001";"NE_0001";"NE_0001";"NE_0001";"NE_0001";"NE_0001"
"2023";"03";"060801";"CAJAMARCA";"JAEN";"JAEN";"GOBIERNO REGIONAL";"I-1";"00004221";"VALILLO";"NE_0001";"";"NE_0001";"NE_0001";"NE_0001";"NE_0001";"NE_0001";"NE_0001";"NE_0001"
"2023";"03";"060801";"CAJAMARCA";"JAEN";"JAEN";"GOBIERNO REGIONAL";"I-2";"00025858";"NUEVO HORIZONTE";"NE_0001";"";"NE_0001";"NE_0001";"NE_0001";"NE_0001";"NE_0001";"NE_0001";"NE_0001"
"2023";"03";"060801";"CAJAMARCA";"JAEN";"JAEN";"GOBIERNO REGIONAL";"I-1";"00004215";"CHAMAYA";"NE_0001";"";"NE_0001";"NE_0001";"NE_0001";"NE_0001";"NE_0001";"NE_0001";"NE_0001"
"2023";"03";"060801";"CAJAMARCA";"JAEN";"JAEN";"GOBIERNO REGIONAL";"I-2";"00007168";"MONTEGRANDE";"NE_0001";"";"NE_0001";"NE_0001";"NE_0001";"NE_0001";"NE_0001";"NE_0001";"NE_0001"
"2023";"03";"060801";"CAJAMARCA";"JAEN";"JAEN";"GOBIERNO REGIONAL";"I-1";"00004220";"PALMA CENTRAL";"NE_0001";"";"NE_0001";"NE_0001";"NE_0001";"NE_0001";"NE_0001";"NE_0001";"NE_0001"
"2023";"03";"060801";"CAJAMARCA";"JAEN";"JAEN";"GOBIERNO REGIONAL";"I-4";"00004211";"MORRO SOLAR";"241800";"HOSPITALIZACIÓN DE MEDICINA MEDICINA GENERAL ";"62";"60";"93";"62";"8";"178";"0"
"2023";"03";"060801";"CAJAMARCA";"JAEN";"JAEN";"GOBIERNO REGIONAL";"I-1";"00004214";"LAS NARANJAS";"NE_0001";"";"NE_0001";"NE_0001";"NE_0001";"NE_0001";"NE_0001";"NE_0001";"NE_0001"
"2023";"03";"060801";"CAJAMARCA";"JAEN";"JAEN";"GOBIERNO REGIONAL";"I-1";"00007024";"SAN MARTIN DE PORRES";"NE_0001";"";"NE_0001";"NE_0001";"NE_0001";"NE_0001";"NE_0001";"NE_0001";"NE_0001"
"2023";"03";"060801";"CAJAMARCA";"JAEN";"JAEN";"GOBIERNO REGIONAL";"I-1";"00004221";"VALILLO";"NE_0001";"";"NE_0001";"NE_0001";"NE_0001";"NE_0001";"NE_0001";"NE_0001";"NE_0001"
"2023";"03";"060801";"CAJAMARCA";"JAEN";"JAEN";"GOBIERNO REGIONAL";"I-2";"00025858";"NUEVO HORIZONTE";"NE_0001";"";"NE_0001";"NE_0001";"NE_0001";"NE_0001";"NE_0001";"NE_0001";"NE_0001"
"2023";"03";"120114";"JUNIN";"HUANCAYO";"EL TAMBO";"PRIVADO";"II-E";"00027694";"CHENET CLINICA ESPECIALIZADA";"240100";"HOSPITALIZACIÓN QUIRÚRGICA CIRUGÍA GENERAL ";"44";"43";"118";"101";"10";"260";"0"
"2023";"03";"250101";"UCAYALI";"CORONEL PORTILLO";"CALLERIA";"PRIVADO";"II-1";"00012118";"CLÍNICA MONTE HOREB S.A.";"240000";"HOSPITALIZACIÓN";"1";"1";"2";"2";"1";"2";"0"
"2023";"03";"250101";"UCAYALI";"CORONEL PORTILLO";"CALLERIA";"PRIVADO";"II-1";"00012118";"CLÍNICA MONTE HOREB S.A.";"240100";"HOSPITALIZACIÓN QUIRÚRGICA CIRUGÍA GENERAL ";"4";"10";"15";"15";"1";"20";"0"
"2023";"03";"250101";"UCAYALI";"CORONEL PORTILLO";"CALLERIA";"PRIVADO";"II-1";"00012118";"CLÍNICA MONTE HOREB S.A.";"241200";"HOSPITALIZACIÓN QUIRÚRGICA TRAUMATOLOGÍA Y ORTOPEDIA ";"3";"8";"15";"15";"1";"20";"0"
"2023";"03";"250101";"UCAYALI";"CORONEL PORTILLO";"CALLERIA";"PRIVADO";"II-1";"00012118";"CLÍNICA MONTE HOREB S.A.";"241300";"HOSPITALIZACIÓN QUIRÚRGICA UROLOGÍA  ";"2";"2";"6";"6";"1";"15";"0"
"2023";"03";"250101";"UCAYALI";"CORONEL PORTILLO";"CALLERIA";"PRIVADO";"II-1";"00012118";"CLÍNICA MONTE HOREB S.A.";"241400";"HOSPITALIZACIÓN QUIRÚRGICA GINECO - OBSTETRICIA ";"2";"4";"9";"9";"1";"28";"0"
"2023";"03";"250101";"UCAYALI";"CORONEL PORTILLO";"CALLERIA";"PRIVADO";"II-1";"00012118";"CLÍNICA MONTE HOREB S.A.";"244000";"HOSPITALIZACIÓN DE MEDICINA CARDIOLOGIA ";"1";"1";"2";"2";"1";"4";"0"
"2023";"03";"040101";"AREQUIPA";"AREQUIPA";"AREQUIPA";"PRIVADO";"II-1";"00016744";"CLÍNICAS AUNA SEDE VALLESUR";"240000";"HOSPITALIZACIÓN";"447";"434";"1255";"1291";"42";"1302";"1"
"2023";"04";"030201";"APURIMAC";"ANDAHUAYLAS";"ANDAHUAYLAS";"SANIDAD DE LA POLICIA NACIONAL DEL PERU";"I-2";"00011892";"POSTA MEDICA POLICIAL DE ANDAHUAYLAS";"NE_0001";"";"NE_0001";"NE_0001";"NE_0001";"NE_0001";"NE_0001";"NE_0001";"NE_0001"
"2023";"04";"150108";"LIMA";"LIMA";"CHORRILLOS";"ESSALUD";"I-3";"00008438";"POLICLINICO JUAN JOSE RODRIGUEZ LAZO";"NE_0001";"";"NE_0001";"NE_0001";"NE_0001";"NE_0001";"NE_0001";"NE_0001";"NE_0001"
"2023";"04";"130101";"LA LIBERTAD";"TRUJILLO";"TRUJILLO";"PRIVADO";"II-E";"00016830";"CLINICA CAMINO REAL";"240000";"HOSPITALIZACIÓN";"34";"33";"210";"305";"8";"240";"1"
"2023";"04";"120426";"JUNIN";"JAUJA";"POMACANCHA";"GOBIERNO REGIONAL";"I-1";"00000389";"ARMONIA";"NE_0001";"";"NE_0001";"NE_0001";"NE_0001";"NE_0001";"NE_0001";"NE_0001";"NE_0001"
"2023";"04";"120422";"JUNIN";"JAUJA";"PACA";"GOBIERNO REGIONAL";"I-1";"00000386";"YANACANCHA";"NE_0001";"";"NE_0001";"NE_0001";"NE_0001";"NE_0001";"NE_0001";"NE_0001";"NE_0001"
"2023";"04";"120432";"JUNIN";"JAUJA";"TUNAN MARCA";"GOBIERNO REGIONAL";"I-1";"00000391";"TUNANMARCA";"NE_0001";"";"NE_0001";"NE_0001";"NE_0001";"NE_0001";"NE_0001";"NE_0001";"NE_0001"
"2023";"04";"120402";"JUNIN";"JAUJA";"ACOLLA";"GOBIERNO REGIONAL";"I-2";"00000383";"PACHASCUCHO";"NE_0001";"";"NE_0001";"NE_0001";"NE_0001";"NE_0001";"NE_0001";"NE_0001";"NE_0001"
"2023";"04";"120426";"JUNIN";"JAUJA";"POMACANCHA";"GOBIERNO REGIONAL";"I-2";"00000388";"POMACANCHA";"NE_0001";"";"NE_0001";"NE_0001";"NE_0001";"NE_0001";"NE_0001";"NE_0001";"NE_0001"
"2023";"04";"120426";"JUNIN";"JAUJA";"POMACANCHA";"GOBIERNO REGIONAL";"I-1";"00000390";"CASABLANCA";"NE_0001";"";"NE_0001";"NE_0001";"NE_0001";"NE_0001";"NE_0001";"NE_0001";"NE_0001"
"2023";"04";"120402";"JUNIN";"JAUJA";"ACOLLA";"GOBIERNO REGIONAL";"I-1";"00000381";"SACAS";"NE_0001";"";"NE_0001";"NE_0001";"NE_0001";"NE_0001";"NE_0001";"NE_0001";"NE_0001"
"2023";"04";"120402";"JUNIN";"JAUJA";"ACOLLA";"GOBIERNO REGIONAL";"I-2";"00000384";"TINGO PACCHA";"NE_0001";"";"NE_0001";"NE_0001";"NE_0001";"NE_0001";"NE_0001";"NE_0001";"NE_0001"
"2023";"04";"120402";"JUNIN";"JAUJA";"ACOLLA";"GOBIERNO REGIONAL";"I-3";"00000379";"ACOLLA";"NE_0001";"";"NE_0001";"NE_0001";"NE_0001";"NE_0001";"NE_0001";"NE_0001";"NE_0001"
"2023";"04";"120402";"JUNIN";"JAUJA";"ACOLLA";"GOBIERNO REGIONAL";"I-2";"00000380";"EL TINGO";"NE_0001";"";"NE_0001";"NE_0001";"NE_0001";"NE_0001";"NE_0001";"NE_0001";"NE_0001"
"2023";"04";"120402";"JUNIN";"JAUJA";"ACOLLA";"GOBIERNO REGIONAL";"I-2";"00000382";"YANAMARCA";"NE_0001";"";"NE_0001";"NE_0001";"NE_0001";"NE_0001";"NE_0001";"NE_0001";"NE_0001"
"2023";"04";"120402";"JUNIN";"JAUJA";"ACOLLA";"GOBIERNO REGIONAL";"I-1";"00006874";"CHUQUISHUARI";"NE_0001";"";"NE_0001";"NE_0001";"NE_0001";"NE_0001";"NE_0001";"NE_0001";"NE_0001"
"2023";"04";"150136";"LIMA";"LIMA";"SAN MIGUEL";"PRIVADO";"II-2";"00012666";"CLINICA PROVIDENCIA";"240000";"HOSPITALIZACIÓN";"217";"217";"775";"58";"45";"60";"0"
"2023";"04";"150136";"LIMA";"LIMA";"SAN MIGUEL";"PRIVADO";"II-2";"00012666";"CLINICA PROVIDENCIA";"250100";"UNIDAD DE CUIDADOS CRITICOS UNIDAD  DE CUIDADOS INTENSIVOS GENERALES (UCI) ";"8";"8";"68";"8";"10";"12";"3"
"2023";"04";"150136";"LIMA";"LIMA";"SAN MIGUEL";"PRIVADO";"II-2";"00012666";"CLINICA PROVIDENCIA";"250105";"UNIDAD DE CUIDADOS CRITICOS UNIDAD  DE CUIDADOS INTENSIVOS  (UCI) NEONATOLOGÍA";"1";"1";"5";"1";"5";"6";"0"
"2023";"04";"150136";"LIMA";"LIMA";"SAN MIGUEL";"PRIVADO";"II-2";"00012666";"CLINICA PROVIDENCIA";"250108";"UNIDAD DE CUIDADOS CRITICOS UNIDAD  DE CUIDADOS INTENSIVOS  (UCI) PEDIÁTRICA";"16";"14";"128";"8";"6";"16";"0"
"2023";"04";"150105";"LIMA";"LIMA";"BREÑA";"PRIVADO";"0";"00022016";"CLINICA LA LUZ OFTALMOLOGIA";"NE_0002";"";"NE_0002";"NE_0002";"NE_0002";"NE_0002";"NE_0002";"NE_0002";"NE_0002"
"2023";"04";"220101";"SAN MARTIN";"MOYOBAMBA";"MOYOBAMBA";"GOBIERNO REGIONAL";"I-1";"00006314";"QUILLOALLPA";"NE_0002";"";"NE_0002";"NE_0002";"NE_0002";"NE_0002";"NE_0002";"NE_0002";"NE_0002"
"2023";"04";"220101";"SAN MARTIN";"MOYOBAMBA";"MOYOBAMBA";"GOBIERNO REGIONAL";"I-2";"00006315";"SUGLLAQUIRO";"NE_0002";"";"NE_0002";"NE_0002";"NE_0002";"NE_0002";"NE_0002";"NE_0002";"NE_0002"
"2023";"04";"220101";"SAN MARTIN";"MOYOBAMBA";"MOYOBAMBA";"GOBIERNO REGIONAL";"I-1";"00027097";"EL CONDOR";"NE_0002";"";"NE_0002";"NE_0002";"NE_0002";"NE_0002";"NE_0002";"NE_0002";"NE_0002"
"2023";"04";"140101";"LAMBAYEQUE";"CHICLAYO";"CHICLAYO";"PRIVADO";"II-E";"00026706";"CLINICA UNION SAC.";"241400";"HOSPITALIZACIÓN QUIRÚRGICA GINECO - OBSTETRICIA ";"83";"78";"122";"150";"6";"160";"0"
"2023";"04";"140101";"LAMBAYEQUE";"CHICLAYO";"CHICLAYO";"PRIVADO";"II-E";"00026706";"CLINICA UNION SAC.";"240100";"HOSPITALIZACIÓN QUIRÚRGICA CIRUGÍA GENERAL ";"74";"67";"107";"115";"3";"120";"0"
"2023";"04";"140101";"LAMBAYEQUE";"CHICLAYO";"CHICLAYO";"PRIVADO";"II-E";"00026706";"CLINICA UNION SAC.";"241300";"HOSPITALIZACIÓN QUIRÚRGICA UROLOGÍA  ";"30";"27";"64";"70";"2";"80";"0"
"2023";"04";"140101";"LAMBAYEQUE";"CHICLAYO";"CHICLAYO";"PRIVADO";"II-E";"00026706";"CLINICA UNION SAC.";"240200";"HOSPITALIZACIÓN QUIRÚRGICA CIRUGÍA DE CABEZA Y CUELLO / MÁXILO FACIAL ";"12";"13";"42";"65";"1";"75";"0"
"2023";"04";"140101";"LAMBAYEQUE";"CHICLAYO";"CHICLAYO";"PRIVADO";"II-E";"00026706";"CLINICA UNION SAC.";"241200";"HOSPITALIZACIÓN QUIRÚRGICA TRAUMATOLOGÍA Y ORTOPEDIA ";"5";"4";"15";"18";"1";"25";"0"
"2023";"04";"140101";"LAMBAYEQUE";"CHICLAYO";"CHICLAYO";"PRIVADO";"II-E";"00026706";"CLINICA UNION SAC.";"240800";"HOSPITALIZACIÓN QUIRÚRGICA CIRUGÍA PLÁSTICA/RECONSTRUCTIVA/ REPARADORA ";"1";"1";"2";"25";"1";"36";"0"
"2023";"04";"140101";"LAMBAYEQUE";"CHICLAYO";"CHICLAYO";"PRIVADO";"II-E";"00026706";"CLINICA UNION SAC.";"240400";"HOSPITALIZACIÓN QUIRÚRGICA CIRUGÍA DE TÓRAX Y CARDIOVASCULAR ";"3";"3";"12";"18";"1";"24";"0"
"2023";"04";"140101";"LAMBAYEQUE";"CHICLAYO";"CHICLAYO";"PRIVADO";"II-E";"00026706";"CLINICA UNION SAC.";"240900";"HOSPITALIZACIÓN QUIRÚRGICA NEUROCIRUGÍA ";"4";"1";"15";"20";"1";"30";"0"
"2023";"04";"140101";"LAMBAYEQUE";"CHICLAYO";"CHICLAYO";"PRIVADO";"II-E";"00026706";"CLINICA UNION SAC.";"241900";"HOSPITALIZACIÓN DE MEDICINA MEDICINA INTERNA ";"2";"2";"6";"8";"1";"12";"0"
"2023";"04";"040603";"AREQUIPA";"CONDESUYOS";"CAYARANI";"GOBIERNO REGIONAL";"I-3";"00001440";"CENTRO DE SALUD CAYARANI";"NE_0001";"";"NE_0001";"NE_0001";"NE_0001";"NE_0001";"NE_0001";"NE_0001";"NE_0001"
"2023";"04";"150113";"LIMA";"LIMA";"JESUS MARIA";"PRIVADO";"II-1";"00010776";"TRAUMATOLOGIA Y ORTOPEDIA AYBAR & AS SAC";"240000";"HOSPITALIZACIÓN";"2";"2";"2";"2";"6";"180";"0"
"2023";"04";"160108";"LORETO";"MAYNAS";"PUNCHANA";"ESSALUD";"I-3";"00011397";"CENTRO DE ATENCION PRIMARIA III PUNCHANA";"NE_0001";"";"NE_0001";"NE_0001";"NE_0001";"NE_0001";"NE_0001";"NE_0001";"NE_0001"
"2023";"04";"040404";"AREQUIPA";"CASTILLA";"CHACHAS";"GOBIERNO REGIONAL";"I-2";"00001442";"PUESTO DE SALUD TOLCONI";"NE_0001";"";"NE_0001";"NE_0001";"NE_0001";"NE_0001";"NE_0001";"NE_0001";"NE_0001"
"2023";"04";"040505";"AREQUIPA";"CAYLLOMA";"CAYLLOMA";"GOBIERNO REGIONAL";"I-3";"00001422";"CENTRO DE SALUD CAYLLOMA";"NE_0001";"";"NE_0001";"NE_0001";"NE_0001";"NE_0001";"NE_0001";"NE_0001";"NE_0001"
"2023";"04";"040603";"AREQUIPA";"CONDESUYOS";"CAYARANI";"GOBIERNO REGIONAL";"I-2";"00007407";"PUESTO DE SALUD ARCATA";"NE_0001";"";"NE_0001";"NE_0001";"NE_0001";"NE_0001";"NE_0001";"NE_0001";"NE_0001"
"2023";"04";"040505";"AREQUIPA";"CAYLLOMA";"CAYLLOMA";"GOBIERNO REGIONAL";"I-2";"00001418";"PUESTO DE SALUD JACHAÑA";"NE_0001";"";"NE_0001";"NE_0001";"NE_0001";"NE_0001";"NE_0001";"NE_0001";"NE_0001"
"2023";"04";"100102";"HUANUCO";"HUANUCO";"AMARILIS";"GOBIERNO REGIONAL";"I-4";"00000755";"PERU-COREA";"241600";"HOSPITALIZACIÓN QUIRÚRGICA OBSTETRICIA   ";"116";"137";"164";"52";"6";"180";"0"
"2023";"04";"100102";"HUANUCO";"HUANUCO";"AMARILIS";"GOBIERNO REGIONAL";"I-2";"00000763";"PUESTO DE SALUD DE LLICUA";"NE_0001";"";"NE_0001";"NE_0001";"NE_0001";"NE_0001";"NE_0001";"NE_0001";"NE_0001"
"2023";"04";"100102";"HUANUCO";"HUANUCO";"AMARILIS";"GOBIERNO REGIONAL";"I-2";"00000761";"MALCONGA";"NE_0001";"";"NE_0001";"NE_0001";"NE_0001";"NE_0001";"NE_0001";"NE_0001";"NE_0001"
"2023";"04";"100102";"HUANUCO";"HUANUCO";"AMARILIS";"GOBIERNO REGIONAL";"I-2";"00000762";"PAUCAR";"NE_0001";"";"NE_0001";"NE_0001";"NE_0001";"NE_0001";"NE_0001";"NE_0001";"NE_0001"
"2023";"04";"100102";"HUANUCO";"HUANUCO";"AMARILIS";"GOBIERNO REGIONAL";"I-3";"00027051";"CENTRO DE SALUD MENTAL COMUNITARIO PAKKARIN";"NE_0001";"";"NE_0001";"NE_0001";"NE_0001";"NE_0001";"NE_0001";"NE_0001";"NE_0001"
"2023";"04";"100102";"HUANUCO";"HUANUCO";"AMARILIS";"GOBIERNO REGIONAL";"I-2";"00000760";"LA ESPERANZA";"NE_0001";"";"NE_0001";"NE_0001";"NE_0001";"NE_0001";"NE_0001";"NE_0001";"NE_0001"
"2023";"04";"100102";"HUANUCO";"HUANUCO";"AMARILIS";"GOBIERNO REGIONAL";"I-3";"00027821";"CENTRO DE SALUD AMARILIS";"NE_0001";"";"NE_0001";"NE_0001";"NE_0001";"NE_0001";"NE_0001";"NE_0001";"NE_0001"
"2023";"04";"020801";"ANCASH";"CASMA";"CASMA";"ESSALUD";"I-3";"00009057";"CENTRO MEDICO CASMA";"NE_0001";"";"NE_0001";"NE_0001";"NE_0001";"NE_0001";"NE_0001";"NE_0001";"NE_0001"
"2023";"04";"150121";"LIMA";"LIMA";"PUEBLO LIBRE";"PRIVADO";"II-1";"00010831";"centro Especializado en Odontoestomatología";"NE_0001";"";"NE_0001";"NE_0001";"NE_0001";"NE_0001";"NE_0001";"NE_0001";"NE_0001"
"2023";"05";"050904";"AYACUCHO";"SUCRE";"CHILCAYOC";"GOBIERNO REGIONAL";"I-2";"00003805";"PUESTO DE SALUD CHILCAYOCC";"NE_0001";"";"NE_0001";"NE_0001";"NE_0001";"NE_0001";"NE_0001";"NE_0001";"NE_0001"
"2023";"05";"050909";"AYACUCHO";"SUCRE";"SAN SALVADOR DE QUIJE";"GOBIERNO REGIONAL";"I-1";"00003806";"PUESTO DE SALUD SAN SALVADOR DE QUIJE";"NE_0001";"";"NE_0001";"NE_0001";"NE_0001";"NE_0001";"NE_0001";"NE_0001";"NE_0001"
"2023";"05";"050907";"AYACUCHO";"SUCRE";"PAICO";"GOBIERNO REGIONAL";"I-1";"00003813";"PUESTO DE SALUD PAICO";"NE_0001";"";"NE_0001";"NE_0001";"NE_0001";"NE_0001";"NE_0001";"NE_0001";"NE_0001"
"2023";"05";"050905";"AYACUCHO";"SUCRE";"HUACAÑA";"GOBIERNO REGIONAL";"I-1";"00003719";"PUESTO DE SALUD HUACAÑA";"NE_0001";"";"NE_0001";"NE_0001";"NE_0001";"NE_0001";"NE_0001";"NE_0001";"NE_0001"
"2023";"03";"050110";"AYACUCHO";"HUAMANGA";"SAN JUAN BAUTISTA";"ESSALUD";"II-1";"00011775";"HOSPITAL II HUAMANGA";"240100";"HOSPITALIZACIÓN QUIRÚRGICA CIRUGÍA GENERAL ";"110";"112";"344";"289";"13";"403";"0"
"2023";"03";"050110";"AYACUCHO";"HUAMANGA";"SAN JUAN BAUTISTA";"ESSALUD";"II-1";"00011775";"HOSPITAL II HUAMANGA";"241200";"HOSPITALIZACIÓN QUIRÚRGICA TRAUMATOLOGÍA Y ORTOPEDIA ";"22";"21";"139";"118";"6";"186";"0"
"2023";"03";"050110";"AYACUCHO";"HUAMANGA";"SAN JUAN BAUTISTA";"ESSALUD";"II-1";"00011775";"HOSPITAL II HUAMANGA";"241500";"HOSPITALIZACIÓN QUIRÚRGICA GINECOLOGÍA  ";"25";"24";"78";"68";"3";"93";"0"
"2023";"03";"050110";"AYACUCHO";"HUAMANGA";"SAN JUAN BAUTISTA";"ESSALUD";"II-1";"00011775";"HOSPITAL II HUAMANGA";"241400";"HOSPITALIZACIÓN QUIRÚRGICA GINECO - OBSTETRICIA ";"126";"125";"287";"270";"16";"496";"0"
"2023";"03";"050110";"AYACUCHO";"HUAMANGA";"SAN JUAN BAUTISTA";"ESSALUD";"II-1";"00011775";"HOSPITAL II HUAMANGA";"241800";"HOSPITALIZACIÓN DE MEDICINA MEDICINA GENERAL ";"65";"64";"509";"382";"15";"465";"3"
"2023";"03";"050110";"AYACUCHO";"HUAMANGA";"SAN JUAN BAUTISTA";"ESSALUD";"II-1";"00011775";"HOSPITAL II HUAMANGA";"250100";"UNIDAD DE CUIDADOS CRITICOS UNIDAD  DE CUIDADOS INTENSIVOS GENERALES (UCI) ";"2";"2";"39";"17";"7";"217";"0"
"2023";"03";"050110";"AYACUCHO";"HUAMANGA";"SAN JUAN BAUTISTA";"ESSALUD";"II-1";"00011775";"HOSPITAL II HUAMANGA";"250200";"UNIDAD DE CUIDADOS CRITICOS UNIDAD DE CUIDADOS INTERMEDIOS GENERAL  (UCIN) ";"21";"22";"161";"127";"8";"248";"4"
"2023";"03";"050110";"AYACUCHO";"HUAMANGA";"SAN JUAN BAUTISTA";"ESSALUD";"II-1";"00011775";"HOSPITAL II HUAMANGA";"243200";"HOSPITALIZACIÓN DE PEDIATRÍA PEDIATRIA NEONATOLOGÍA";"43";"43";"118";"112";"5";"155";"0"
"2023";"03";"050110";"AYACUCHO";"HUAMANGA";"SAN JUAN BAUTISTA";"ESSALUD";"II-1";"00011775";"HOSPITAL II HUAMANGA";"242300";"HOSPITALIZACIÓN DE PEDIATRÍA  PEDIATRÍA  GENERAL ";"64";"62";"231";"215";"11";"341";"0"
"2023";"04";"100102";"HUANUCO";"HUANUCO";"AMARILIS";"PRIVADO";"II-E";"00027693";"CENTRO MEDICO ESPECIALIZADO PRIMAVERA";"NE_0002";"";"NE_0002";"NE_0002";"NE_0002";"NE_0002";"NE_0002";"NE_0002";"NE_0002"
"2023";"02";"250301";"UCAYALI";"PADRE ABAD";"PADRE ABAD";"GOBIERNO REGIONAL";"I-1";"00030639";"PUESTO DE SALUD VALLE DE SION";"NE_0002";"";"NE_0002";"NE_0002";"NE_0002";"NE_0002";"NE_0002";"NE_0002";"NE_0002"
"2023";"02";"250301";"UCAYALI";"PADRE ABAD";"PADRE ABAD";"GOBIERNO REGIONAL";"I-1";"00030638";"PUESTO DE SALUD LOS OLIVOS";"NE_0002";"";"NE_0002";"NE_0002";"NE_0002";"NE_0002";"NE_0002";"NE_0002";"NE_0002"
"2023";"02";"250301";"UCAYALI";"PADRE ABAD";"PADRE ABAD";"GOBIERNO REGIONAL";"I-1";"00019070";"NUEVA CHONTA";"NE_0001";"";"NE_0001";"NE_0001";"NE_0001";"NE_0001";"NE_0001";"NE_0001";"NE_0001"
"2023";"02";"250301";"UCAYALI";"PADRE ABAD";"PADRE ABAD";"GOBIERNO REGIONAL";"I-4";"00005395";"AGUAYTIA";"NE_0002";"";"NE_0002";"NE_0002";"NE_0002";"NE_0002";"NE_0002";"NE_0002";"NE_0002"
"2023";"04";"050202";"AYACUCHO";"CANGALLO";"CHUSCHI";"GOBIERNO REGIONAL";"I-1";"00003503";"PUESTO DE SALUD CHACOLLA";"NE_0001";"";"NE_0001";"NE_0001";"NE_0001";"NE_0001";"NE_0001";"NE_0001";"NE_0001"
"2023";"03";"250101";"UCAYALI";"CORONEL PORTILLO";"CALLERIA";"GOBIERNO REGIONAL";"0";"00027157";"SISTEMA DE ATENCIÓN MÓVIL DE URGENCIAS (SAMU)";"NE_0001";"";"NE_0001";"NE_0001";"NE_0001";"NE_0001";"NE_0001";"NE_0001";"NE_0001"
"2023";"03";"250105";"UCAYALI";"CORONEL PORTILLO";"YARINACOCHA";"GOBIERNO REGIONAL";"0";"00014314";"LABORATORIO DE REFERENCIA REGIONAL EN SALUD PUBLICA UCAYALI";"NE_0001";"";"NE_0001";"NE_0001";"NE_0001";"NE_0001";"NE_0001";"NE_0001";"NE_0001"
"2023";"03";"250105";"UCAYALI";"CORONEL PORTILLO";"YARINACOCHA";"GOBIERNO REGIONAL";"I-1";"00005548";"CASHIVOCOCHA";"NE_0001";"";"NE_0001";"NE_0001";"NE_0001";"NE_0001";"NE_0001";"NE_0001";"NE_0001"
"2023";"03";"250105";"UCAYALI";"CORONEL PORTILLO";"YARINACOCHA";"GOBIERNO REGIONAL";"I-1";"00005544";"CLAS UNION ZAPOTILLO";"NE_0001";"";"NE_0001";"NE_0001";"NE_0001";"NE_0001";"NE_0001";"NE_0001";"NE_0001"
"2023";"03";"250105";"UCAYALI";"CORONEL PORTILLO";"YARINACOCHA";"GOBIERNO REGIONAL";"I-1";"00005540";"HUITOCOCHA";"NE_0001";"";"NE_0001";"NE_0001";"NE_0001";"NE_0001";"NE_0001";"NE_0001";"NE_0001"
"2023";"03";"250105";"UCAYALI";"CORONEL PORTILLO";"YARINACOCHA";"GOBIERNO REGIONAL";"I-2";"00005538";"SAN FRANCISCO DE YARINACOCHA";"NE_0001";"";"NE_0001";"NE_0001";"NE_0001";"NE_0001";"NE_0001";"NE_0001";"NE_0001"
"2023";"03";"250105";"UCAYALI";"CORONEL PORTILLO";"YARINACOCHA";"GOBIERNO REGIONAL";"I-2";"00005536";"ESPERANZA DE PANAILLO";"NE_0001";"";"NE_0001";"NE_0001";"NE_0001";"NE_0001";"NE_0001";"NE_0001";"NE_0001"
"2023";"04";"090312";"HUANCAVELICA";"ANGARAES";"SECCLLA";"GOBIERNO REGIONAL";"I-1";"00003970";"QUISPICANCHA";"NE_0001";"";"NE_0001";"NE_0001";"NE_0001";"NE_0001";"NE_0001";"NE_0001";"NE_0001"
"2023";"04";"090304";"HUANCAVELICA";"ANGARAES";"CCOCHACCASA";"GOBIERNO REGIONAL";"I-1";"00003957";"CCASCCABAMBA";"NE_0001";"";"NE_0001";"NE_0001";"NE_0001";"NE_0001";"NE_0001";"NE_0001";"NE_0001"
"2023";"04";"090302";"HUANCAVELICA";"ANGARAES";"ANCHONGA";"GOBIERNO REGIONAL";"I-3";"00003959";"PARCO ALTO";"NE_0002";"";"NE_0002";"NE_0002";"NE_0002";"NE_0002";"NE_0002";"NE_0002";"NE_0002"
"2023";"04";"090306";"HUANCAVELICA";"ANGARAES";"CONGALLA";"GOBIERNO REGIONAL";"I-2";"00003972";"CONGALLA";"NE_0001";"";"NE_0001";"NE_0001";"NE_0001";"NE_0001";"NE_0001";"NE_0001";"NE_0001"
"2023";"04";"090301";"HUANCAVELICA";"ANGARAES";"LIRCAY";"GOBIERNO REGIONAL";"I-1";"00007384";"SAN JUAN DE AHUAY";"NE_0001";"";"NE_0001";"NE_0001";"NE_0001";"NE_0001";"NE_0001";"NE_0001";"NE_0001"
"2023";"04";"090301";"HUANCAVELICA";"ANGARAES";"LIRCAY";"GOBIERNO REGIONAL";"I-2";"00007385";"SAN JUAN DE DIOS DE CCOLLPAPAMPA";"NE_0001";"";"NE_0001";"NE_0001";"NE_0001";"NE_0001";"NE_0001";"NE_0001";"NE_0001"
"2023";"04";"090311";"HUANCAVELICA";"ANGARAES";"SANTO TOMAS DE PATA";"GOBIERNO REGIONAL";"I-1";"00011768";"CUTICSA";"NE_0001";"";"NE_0001";"NE_0001";"NE_0001";"NE_0001";"NE_0001";"NE_0001";"NE_0001"
"2023";"04";"090309";"HUANCAVELICA";"ANGARAES";"JULCAMARCA";"GOBIERNO REGIONAL";"I-3";"00003962";"JULCAMARCA";"NE_0002";"";"NE_0002";"NE_0002";"NE_0002";"NE_0002";"NE_0002";"NE_0002";"NE_0002"
"2023";"04";"090312";"HUANCAVELICA";"ANGARAES";"SECCLLA";"GOBIERNO REGIONAL";"I-1";"00003971";"TRANCA";"NE_0001";"";"NE_0001";"NE_0001";"NE_0001";"NE_0001";"NE_0001";"NE_0001";"NE_0001"
"2023";"04";"090302";"HUANCAVELICA";"ANGARAES";"ANCHONGA";"GOBIERNO REGIONAL";"I-3";"00006901";"BUENOS AIRES DE PARCO CHACAPUNCU";"NE_0001";"";"NE_0001";"NE_0001";"NE_0001";"NE_0001";"NE_0001";"NE_0001";"NE_0001"
"2023";"04";"090304";"HUANCAVELICA";"ANGARAES";"CCOCHACCASA";"GOBIERNO REGIONAL";"I-1";"00003956";"SAN PEDRO DE MIMOSA";"NE_0001";"";"NE_0001";"NE_0001";"NE_0001";"NE_0001";"NE_0001";"NE_0001";"NE_0001"
"2023";"04";"090301";"HUANCAVELICA";"ANGARAES";"LIRCAY";"GOBIERNO REGIONAL";"I-1";"00007290";"PERCAPAMPA";"NE_0001";"";"NE_0001";"NE_0001";"NE_0001";"NE_0001";"NE_0001";"NE_0001";"NE_0001"
"2023";"04";"090308";"HUANCAVELICA";"ANGARAES";"HUALLAY-GRANDE";"GOBIERNO REGIONAL";"I-2";"00003954";"HUAYLLAY GRANDE";"NE_0001";"";"NE_0001";"NE_0001";"NE_0001";"NE_0001";"NE_0001";"NE_0001";"NE_0001"
"2023";"04";"090304";"HUANCAVELICA";"ANGARAES";"CCOCHACCASA";"GOBIERNO REGIONAL";"I-3";"00003955";"CCOCHACCASA";"NE_0002";"";"NE_0002";"NE_0002";"NE_0002";"NE_0002";"NE_0002";"NE_0002";"NE_0002"
"2023";"04";"090302";"HUANCAVELICA";"ANGARAES";"ANCHONGA";"GOBIERNO REGIONAL";"I-1";"00003958";"ANCHONGA";"NE_0001";"";"NE_0001";"NE_0001";"NE_0001";"NE_0001";"NE_0001";"NE_0001";"NE_0001"
"2023";"04";"090301";"HUANCAVELICA";"ANGARAES";"LIRCAY";"GOBIERNO REGIONAL";"I-1";"00011201";"CIENEGUILLA";"NE_0001";"";"NE_0001";"NE_0001";"NE_0001";"NE_0001";"NE_0001";"NE_0001";"NE_0001"
"2023";"04";"090301";"HUANCAVELICA";"ANGARAES";"LIRCAY";"GOBIERNO REGIONAL";"I-1";"00003948";"UCHCUPAMPA";"NE_0001";"";"NE_0001";"NE_0001";"NE_0001";"NE_0001";"NE_0001";"NE_0001";"NE_0001"
"2023";"04";"090310";"HUANCAVELICA";"ANGARAES";"SAN ANTONIO DE ANTAPARCO";"GOBIERNO REGIONAL";"I-1";"00003966";"MAICENA";"NE_0001";"";"NE_0001";"NE_0001";"NE_0001";"NE_0001";"NE_0001";"NE_0001";"NE_0001"
"2023";"04";"090311";"HUANCAVELICA";"ANGARAES";"SANTO TOMAS DE PATA";"GOBIERNO REGIONAL";"I-1";"00003968";"CHUPACC";"NE_0001";"";"NE_0001";"NE_0001";"NE_0001";"NE_0001";"NE_0001";"NE_0001";"NE_0001"
"2023";"04";"090301";"HUANCAVELICA";"ANGARAES";"LIRCAY";"GOBIERNO REGIONAL";"I-1";"00011202";"PAMPAHUASI";"NE_0001";"";"NE_0001";"NE_0001";"NE_0001";"NE_0001";"NE_0001";"NE_0001";"NE_0001"
"2023";"04";"090301";"HUANCAVELICA";"ANGARAES";"LIRCAY";"GOBIERNO REGIONAL";"I-1";"00011205";"UNION PROGRESO PATAHUASI";"NE_0001";"";"NE_0001";"NE_0001";"NE_0001";"NE_0001";"NE_0001";"NE_0001";"NE_0001"
"2023";"04";"090302";"HUANCAVELICA";"ANGARAES";"ANCHONGA";"GOBIERNO REGIONAL";"I-1";"00028780";"LLANCAPUQUIO";"NE_0001";"";"NE_0001";"NE_0001";"NE_0001";"NE_0001";"NE_0001";"NE_0001";"NE_0001"
"2023";"05";"150114";"LIMA";"LIMA";"LA MOLINA";"PRIVADO";"II-2";"00009153";"CLINICA MONTEFIORI";"240000";"HOSPITALIZACIÓN";"424";"399";"1125";"1067";"43";"1419";"1"
"2023";"05";"060812";"CAJAMARCA";"JAEN";"SANTA ROSA";"GOBIERNO REGIONAL";"I-3";"00004261";"SANTA ROSA";"NE_0001";"";"NE_0001";"NE_0001";"NE_0001";"NE_0001";"NE_0001";"NE_0001";"NE_0001"
"2023";"05";"060812";"CAJAMARCA";"JAEN";"SANTA ROSA";"GOBIERNO REGIONAL";"I-1";"00004266";"SHUMBANA";"NE_0001";"";"NE_0001";"NE_0001";"NE_0001";"NE_0001";"NE_0001";"NE_0001";"NE_0001"
"2023";"05";"060812";"CAJAMARCA";"JAEN";"SANTA ROSA";"GOBIERNO REGIONAL";"I-1";"00004263";"PUYAYA";"NE_0001";"";"NE_0001";"NE_0001";"NE_0001";"NE_0001";"NE_0001";"NE_0001";"NE_0001"
"2023";"05";"060812";"CAJAMARCA";"JAEN";"SANTA ROSA";"GOBIERNO REGIONAL";"I-2";"00004264";"MONTANGO";"NE_0001";"";"NE_0001";"NE_0001";"NE_0001";"NE_0001";"NE_0001";"NE_0001";"NE_0001"
"2023";"05";"060806";"CAJAMARCA";"JAEN";"LAS PIRIAS";"GOBIERNO REGIONAL";"I-3";"00004245";"LAS PIRIAS DE JAEN";"NE_0001";"";"NE_0001";"NE_0001";"NE_0001";"NE_0001";"NE_0001";"NE_0001";"NE_0001"
"2023";"05";"060806";"CAJAMARCA";"JAEN";"LAS PIRIAS";"GOBIERNO REGIONAL";"I-1";"00004246";"RUMIBAMBA";"NE_0001";"";"NE_0001";"NE_0001";"NE_0001";"NE_0001";"NE_0001";"NE_0001";"NE_0001"
"2023";"05";"150108";"LIMA";"LIMA";"CHORRILLOS";"PRIVADO";"II-E";"00012220";"CLINICA REAL LOS LAURELES";"NE_0002";"";"NE_0002";"NE_0002";"NE_0002";"NE_0002";"NE_0002";"NE_0002";"NE_0002"
"2023";"05";"140112";"LAMBAYEQUE";"CHICLAYO";"PIMENTEL";"ESSALUD";"II-1";"00011020";"HOSPITAL II LUIS HEYSEN INCHAUSTEGUI";"250300";"UNIDAD DE CUIDADOS CRITICOS UNIDAD DE VIGILANCIA INTENSIVA  CLINICA (UVIC) ";"2";"3";"122";"86";"6";"186";"3"
"2023";"05";"140112";"LAMBAYEQUE";"CHICLAYO";"PIMENTEL";"ESSALUD";"II-1";"00011020";"HOSPITAL II LUIS HEYSEN INCHAUSTEGUI";"241900";"HOSPITALIZACIÓN DE MEDICINA MEDICINA INTERNA ";"85";"84";"809";"907";"31";"958";"13"
"2023";"05";"140112";"LAMBAYEQUE";"CHICLAYO";"PIMENTEL";"ESSALUD";"II-1";"00011020";"HOSPITAL II LUIS HEYSEN INCHAUSTEGUI";"240100";"HOSPITALIZACIÓN QUIRÚRGICA CIRUGÍA GENERAL ";"311";"303";"1174";"1088";"42";"1308";"0"
"2023";"05";"140112";"LAMBAYEQUE";"CHICLAYO";"PIMENTEL";"ESSALUD";"II-1";"00011020";"HOSPITAL II LUIS HEYSEN INCHAUSTEGUI";"241400";"HOSPITALIZACIÓN QUIRÚRGICA GINECO - OBSTETRICIA ";"361";"369";"847";"813";"38";"1175";"0"
"2023";"05";"140112";"LAMBAYEQUE";"CHICLAYO";"PIMENTEL";"ESSALUD";"II-1";"00011020";"HOSPITAL II LUIS HEYSEN INCHAUSTEGUI";"242300";"HOSPITALIZACIÓN DE PEDIATRÍA  PEDIATRÍA  GENERAL ";"175";"190";"783";"837";"31";"961";"0"
"2023";"05";"070101";"CALLAO";"CALLAO";"CALLAO";"GOBIERNO REGIONAL";"I-2";"00006224";"PUESTO DE SALUD JOSE BOTERIN";"NE_0001";"";"NE_0001";"NE_0001";"NE_0001";"NE_0001";"NE_0001";"NE_0001";"NE_0001"
"2023";"05";"070101";"CALLAO";"CALLAO";"CALLAO";"GOBIERNO REGIONAL";"I-2";"00006222";"PUESTO DE SALUD CALLAO";"NE_0001";"";"NE_0001";"NE_0001";"NE_0001";"NE_0001";"NE_0001";"NE_0001";"NE_0001"
"2023";"05";"070101";"CALLAO";"CALLAO";"CALLAO";"GOBIERNO REGIONAL";"I-2";"00006223";"PUESTO DE SALUD SANTA FE";"NE_0001";"";"NE_0001";"NE_0001";"NE_0001";"NE_0001";"NE_0001";"NE_0001";"NE_0001"
"2023";"05";"110101";"ICA";"ICA";"ICA";"PRIVADO";"II-1";"00013386";"LAS CONDES SAC";"240000";"HOSPITALIZACIÓN";"36";"37";"66";"37";"8";"240";"0"
"2023";"05";"061001";"CAJAMARCA";"SAN MARCOS";"PEDRO GALVEZ";"ESSALUD";"I-2";"00010275";"POSTA MEDICA DE SAN MARCOS";"NE_0001";"";"NE_0001";"NE_0001";"NE_0001";"NE_0001";"NE_0001";"NE_0001";"NE_0001"
"2023";"05";"220807";"SAN MARTIN";"RIOJA";"SAN FERNANDO";"GOBIERNO REGIONAL";"I-1";"00006294";"PERLA MAYO";"NE_0001";"";"NE_0001";"NE_0001";"NE_0001";"NE_0001";"NE_0001";"NE_0001";"NE_0001"
"2023";"05";"020601";"ANCASH";"CARHUAZ";"CARHUAZ";"GOBIERNO REGIONAL";"II-1";"00001516";"HOSPITAL DE APOYO CARHUAZ";"240100";"HOSPITALIZACIÓN QUIRÚRGICA CIRUGÍA GENERAL ";"1";"1";"4";"4";"1";"62";"0"
"2023";"05";"020601";"ANCASH";"CARHUAZ";"CARHUAZ";"GOBIERNO REGIONAL";"II-1";"00001516";"HOSPITAL DE APOYO CARHUAZ";"241500";"HOSPITALIZACIÓN QUIRÚRGICA GINECOLOGÍA  ";"15";"15";"29";"27";"3";"93";"0"
"2023";"05";"020601";"ANCASH";"CARHUAZ";"CARHUAZ";"GOBIERNO REGIONAL";"II-1";"00001516";"HOSPITAL DE APOYO CARHUAZ";"241600";"HOSPITALIZACIÓN QUIRÚRGICA OBSTETRICIA   ";"34";"32";"49";"49";"4";"124";"0"
"2023";"05";"020601";"ANCASH";"CARHUAZ";"CARHUAZ";"GOBIERNO REGIONAL";"II-1";"00001516";"HOSPITAL DE APOYO CARHUAZ";"241800";"HOSPITALIZACIÓN DE MEDICINA MEDICINA GENERAL ";"11";"10";"51";"47";"3";"93";"0"
"2023";"05";"020601";"ANCASH";"CARHUAZ";"CARHUAZ";"GOBIERNO REGIONAL";"II-1";"00001516";"HOSPITAL DE APOYO CARHUAZ";"242500";"HOSPITALIZACIÓN-PEDIATRÍA GENERAL-";"5";"4";"22";"23";"5";"155";"0"
"2023";"05";"150116";"LIMA";"LIMA";"LINCE";"PRIVADO";"II-E";"00015684";"CLINICA GONZALEZ S.A.";"241600";"HOSPITALIZACIÓN QUIRÚRGICA OBSTETRICIA   ";"6";"6";"13";"13";"10";"300";"0"
"2023";"05";"150116";"LIMA";"LIMA";"LINCE";"PRIVADO";"II-E";"00015684";"CLINICA GONZALEZ S.A.";"240000";"HOSPITALIZACIÓN";"26";"26";"44";"44";"12";"360";"0"
"2023";"05";"050101";"AYACUCHO";"HUAMANGA";"AYACUCHO";"PRIVADO";"II-1";"00008154";"CLINICA EL NAZARENO";"240100";"HOSPITALIZACIÓN QUIRÚRGICA CIRUGÍA GENERAL ";"1";"1";"1";"1";"1";"156";"0"
"2023";"05";"050101";"AYACUCHO";"HUAMANGA";"AYACUCHO";"PRIVADO";"II-1";"00008154";"CLINICA EL NAZARENO";"241400";"HOSPITALIZACIÓN QUIRÚRGICA GINECO - OBSTETRICIA ";"1";"1";"2";"2";"1";"136";"0"
"2023";"05";"050101";"AYACUCHO";"HUAMANGA";"AYACUCHO";"PRIVADO";"II-1";"00008154";"CLINICA EL NAZARENO";"242300";"HOSPITALIZACIÓN DE PEDIATRÍA  PEDIATRÍA  GENERAL ";"1";"1";"2";"2";"1";"136";"0"
"2023";"05";"050101";"AYACUCHO";"HUAMANGA";"AYACUCHO";"PRIVADO";"II-1";"00008154";"CLINICA EL NAZARENO";"241800";"HOSPITALIZACIÓN DE MEDICINA MEDICINA GENERAL ";"1";"1";"2";"2";"1";"136";"0"
"2023";"05";"050101";"AYACUCHO";"HUAMANGA";"AYACUCHO";"PRIVADO";"II-1";"00008154";"CLINICA EL NAZARENO";"241200";"HOSPITALIZACIÓN QUIRÚRGICA TRAUMATOLOGÍA Y ORTOPEDIA ";"3";"3";"5";"5";"1";"98";"0"
"2023";"05";"050101";"AYACUCHO";"HUAMANGA";"AYACUCHO";"PRIVADO";"II-1";"00008154";"CLINICA EL NAZARENO";"240100";"HOSPITALIZACIÓN QUIRÚRGICA CIRUGÍA GENERAL ";"1";"1";"1";"1";"1";"156";"0"
"2023";"05";"050101";"AYACUCHO";"HUAMANGA";"AYACUCHO";"PRIVADO";"II-1";"00008154";"CLINICA EL NAZARENO";"240200";"HOSPITALIZACIÓN QUIRÚRGICA CIRUGÍA DE CABEZA Y CUELLO / MÁXILO FACIAL ";"1";"1";"1";"1";"1";"156";"0"
"2023";"05";"050101";"AYACUCHO";"HUAMANGA";"AYACUCHO";"PRIVADO";"II-1";"00008154";"CLINICA EL NAZARENO";"241100";"HOSPITALIZACIÓN QUIRÚRGICA OTORRINOLARINGOLOGÍA  ";"1";"1";"1";"1";"1";"156";"0"
"2023";"05";"220101";"SAN MARTIN";"MOYOBAMBA";"MOYOBAMBA";"GOBIERNO REGIONAL";"I-2";"00006282";"LA CONQUISTA";"NE_0001";"";"NE_0001";"NE_0001";"NE_0001";"NE_0001";"NE_0001";"NE_0001";"NE_0001"
"2023";"05";"220809";"SAN MARTIN";"RIOJA";"YURACYACU";"GOBIERNO REGIONAL";"I-3";"00006281";"YURACYACU";"NE_0002";"";"NE_0002";"NE_0002";"NE_0002";"NE_0002";"NE_0002";"NE_0002";"NE_0002"
"2023";"05";"131101";"LA LIBERTAD";"GRAN CHIMU";"CASCAS";"ESSALUD";"I-2";"00012104";"POSTA DE SALUD CASCAS";"NE_0001";"";"NE_0001";"NE_0001";"NE_0001";"NE_0001";"NE_0001";"NE_0001";"NE_0001"
"2023";"05";"070101";"CALLAO";"CALLAO";"CALLAO";"PRIVADO";"I-2";"00018306";"CENTRO DE ATENCIÓN PRIMARIA ALBERTO LEONARDO BARTON THOMPSON";"NE_0001";"";"NE_0001";"NE_0001";"NE_0001";"NE_0001";"NE_0001";"NE_0001";"NE_0001"
"2023";"05";"010701";"AMAZONAS";"UTCUBAMBA";"BAGUA GRANDE";"ESSALUD";"II-1";"00009067";"HOSPITAL EL BUEN SAMARITANO";"241800";"HOSPITALIZACIÓN DE MEDICINA MEDICINA GENERAL ";"24";"25";"103";"100";"7";"217";"0"
"2023";"05";"010701";"AMAZONAS";"UTCUBAMBA";"BAGUA GRANDE";"ESSALUD";"II-1";"00009067";"HOSPITAL EL BUEN SAMARITANO";"240100";"HOSPITALIZACIÓN QUIRÚRGICA CIRUGÍA GENERAL ";"21";"22";"87";"77";"3";"93";"0"
"2023";"05";"010701";"AMAZONAS";"UTCUBAMBA";"BAGUA GRANDE";"ESSALUD";"II-1";"00009067";"HOSPITAL EL BUEN SAMARITANO";"241500";"HOSPITALIZACIÓN QUIRÚRGICA GINECOLOGÍA  ";"30";"28";"81";"85";"3";"93";"0"
"2023";"03";"150130";"LIMA";"LIMA";"SAN BORJA";"PRIVADO";"II-E";"00015078";"NOVO Q";"NE_0001";"";"NE_0001";"NE_0001";"NE_0001";"NE_0001";"NE_0001";"NE_0001";"NE_0001"
"2023";"03";"080913";"CUSCO";"LA CONVENCION";"VILLA KINTIARINA";"GOBIERNO REGIONAL";"I-3";"00002488";"VILLA KINTIARINA";"NE_0001";"";"NE_0001";"NE_0001";"NE_0001";"NE_0001";"NE_0001";"NE_0001";"NE_0001"
"2023";"03";"080907";"CUSCO";"LA CONVENCION";"KIMBIRI";"GOBIERNO REGIONAL";"I-2";"00002472";"MAPITUNARI";"NE_0001";"";"NE_0001";"NE_0001";"NE_0001";"NE_0001";"NE_0001";"NE_0001";"NE_0001"
"2023";"03";"080907";"CUSCO";"LA CONVENCION";"KIMBIRI";"GOBIERNO REGIONAL";"I-2";"00002475";"KIMBIRI ALTO";"NE_0001";"";"NE_0001";"NE_0001";"NE_0001";"NE_0001";"NE_0001";"NE_0001";"NE_0001"
"2023";"03";"080912";"CUSCO";"LA CONVENCION";"VILLA VIRGEN";"GOBIERNO REGIONAL";"I-2";"00002479";"VILLA VIRGEN";"NE_0001";"";"NE_0001";"NE_0001";"NE_0001";"NE_0001";"NE_0001";"NE_0001";"NE_0001"
"2023";"03";"080907";"CUSCO";"LA CONVENCION";"KIMBIRI";"GOBIERNO REGIONAL";"I-1";"00002473";"UNION ROSALES";"NE_0001";"";"NE_0001";"NE_0001";"NE_0001";"NE_0001";"NE_0001";"NE_0001";"NE_0001"
"2023";"03";"080907";"CUSCO";"LA CONVENCION";"KIMBIRI";"GOBIERNO REGIONAL";"I-2";"00002474";"SAMANIATO";"NE_0001";"";"NE_0001";"NE_0001";"NE_0001";"NE_0001";"NE_0001";"NE_0001";"NE_0001"
"2023";"03";"080907";"CUSCO";"LA CONVENCION";"KIMBIRI";"GOBIERNO REGIONAL";"I-1";"00008284";"MANITEA ALTA";"NE_0001";"";"NE_0001";"NE_0001";"NE_0001";"NE_0001";"NE_0001";"NE_0001";"NE_0001"
"2023";"03";"080907";"CUSCO";"LA CONVENCION";"KIMBIRI";"GOBIERNO REGIONAL";"I-2";"00008285";"ANGELES";"NE_0001";"";"NE_0001";"NE_0001";"NE_0001";"NE_0001";"NE_0001";"NE_0001";"NE_0001"
"2023";"04";"150108";"LIMA";"LIMA";"CHORRILLOS";"PRIVADO";"II-2";"00010251";"CLINICA MAISON DE SANTE DEL SUR";"240000";"HOSPITALIZACIÓN";"99";"90";"475";"377";"20";"600";"0"
"2023";"04";"150108";"LIMA";"LIMA";"CHORRILLOS";"PRIVADO";"II-2";"00010251";"CLINICA MAISON DE SANTE DEL SUR";"241400";"HOSPITALIZACIÓN QUIRÚRGICA GINECO - OBSTETRICIA ";"12";"12";"27";"42";"7";"210";"0"
"2023";"04";"150108";"LIMA";"LIMA";"CHORRILLOS";"PRIVADO";"II-2";"00010251";"CLINICA MAISON DE SANTE DEL SUR";"250100";"UNIDAD DE CUIDADOS CRITICOS UNIDAD  DE CUIDADOS INTENSIVOS GENERALES (UCI) ";"5";"3";"74";"106";"6";"180";"1"
"2023";"04";"130502";"LA LIBERTAD";"JULCAN";"CALAMARCA";"GOBIERNO REGIONAL";"I-2";"00007247";"BARRO NEGRO";"NE_0002";"";"NE_0002";"NE_0002";"NE_0002";"NE_0002";"NE_0002";"NE_0002";"NE_0002"
"2023";"04";"130502";"LA LIBERTAD";"JULCAN";"CALAMARCA";"GOBIERNO REGIONAL";"I-4";"00005308";"CALAMARCA";"NE_0002";"";"NE_0002";"NE_0002";"NE_0002";"NE_0002";"NE_0002";"NE_0002";"NE_0002"
"2023";"04";"130502";"LA LIBERTAD";"JULCAN";"CALAMARCA";"GOBIERNO REGIONAL";"I-1";"00007248";"CHAZKA";"NE_0002";"";"NE_0002";"NE_0002";"NE_0002";"NE_0002";"NE_0002";"NE_0002";"NE_0002"
"2023";"04";"130502";"LA LIBERTAD";"JULCAN";"CALAMARCA";"GOBIERNO REGIONAL";"I-1";"00016424";"HUAGAL";"NE_0002";"";"NE_0002";"NE_0002";"NE_0002";"NE_0002";"NE_0002";"NE_0002";"NE_0002"
"2023";"04";"130502";"LA LIBERTAD";"JULCAN";"CALAMARCA";"GOBIERNO REGIONAL";"I-3";"00005309";"SICCHAL";"NE_0002";"";"NE_0002";"NE_0002";"NE_0002";"NE_0002";"NE_0002";"NE_0002";"NE_0002"
"2023";"04";"060602";"CAJAMARCA";"CUTERVO";"CALLAYUC";"GOBIERNO REGIONAL";"I-3";"00004959";"CALLAYUC";"NE_0001";"";"NE_0001";"NE_0001";"NE_0001";"NE_0001";"NE_0001";"NE_0001";"NE_0001"
"2023";"04";"060602";"CAJAMARCA";"CUTERVO";"CALLAYUC";"GOBIERNO REGIONAL";"I-1";"00006835";"CHURAS";"NE_0001";"";"NE_0001";"NE_0001";"NE_0001";"NE_0001";"NE_0001";"NE_0001";"NE_0001"
"2023";"04";"060602";"CAJAMARCA";"CUTERVO";"CALLAYUC";"GOBIERNO REGIONAL";"I-1";"00006944";"VILUCO";"NE_0001";"";"NE_0001";"NE_0001";"NE_0001";"NE_0001";"NE_0001";"NE_0001";"NE_0001"
"2023";"04";"060602";"CAJAMARCA";"CUTERVO";"CALLAYUC";"GOBIERNO REGIONAL";"I-1";"00006829";"PUQUIO DE CALLAYUC";"NE_0001";"";"NE_0001";"NE_0001";"NE_0001";"NE_0001";"NE_0001";"NE_0001";"NE_0001"
"2023";"04";"060602";"CAJAMARCA";"CUTERVO";"CALLAYUC";"GOBIERNO REGIONAL";"I-1";"00007368";"CUCHEA";"NE_0001";"";"NE_0001";"NE_0001";"NE_0001";"NE_0001";"NE_0001";"NE_0001";"NE_0001"
"2023";"04";"060602";"CAJAMARCA";"CUTERVO";"CALLAYUC";"GOBIERNO REGIONAL";"I-1";"00007100";"SAN JUAN DE CHORILLOS";"NE_0001";"";"NE_0001";"NE_0001";"NE_0001";"NE_0001";"NE_0001";"NE_0001";"NE_0001"
"2023";"04";"060602";"CAJAMARCA";"CUTERVO";"CALLAYUC";"GOBIERNO REGIONAL";"I-2";"00004960";"EL CUMBE";"NE_0001";"";"NE_0001";"NE_0001";"NE_0001";"NE_0001";"NE_0001";"NE_0001";"NE_0001"
"2023";"04";"150120";"LIMA";"LIMA";"MAGDALENA DEL MAR";"PRIVADO";"II-E";"00015349";"MEDICAL PLASTIC";"240800";"HOSPITALIZACIÓN QUIRÚRGICA CIRUGÍA PLÁSTICA/RECONSTRUCTIVA/ REPARADORA ";"3";"3";"3";"3";"4";"120";"0"
"2023";"04";"120417";"JUNIN";"JAUJA";"MASMA CHICCHE";"GOBIERNO REGIONAL";"I-1";"00000395";"MASMA CHICCHE";"NE_0001";"";"NE_0001";"NE_0001";"NE_0001";"NE_0001";"NE_0001";"NE_0001";"NE_0001"
"2023";"04";"120418";"JUNIN";"JAUJA";"MOLINOS";"GOBIERNO REGIONAL";"I-2";"00000397";"MOLINOS";"NE_0001";"";"NE_0001";"NE_0001";"NE_0001";"NE_0001";"NE_0001";"NE_0001";"NE_0001"
"2023";"04";"120412";"JUNIN";"JAUJA";"JULCAN";"GOBIERNO REGIONAL";"I-2";"00000393";"JULCAN";"NE_0001";"";"NE_0001";"NE_0001";"NE_0001";"NE_0001";"NE_0001";"NE_0001";"NE_0001"
"2023";"04";"060804";"CAJAMARCA";"JAEN";"COLASAY";"GOBIERNO REGIONAL";"I-2";"00007017";"AHUYACA";"NE_0001";"";"NE_0001";"NE_0001";"NE_0001";"NE_0001";"NE_0001";"NE_0001";"NE_0001"
"2023";"04";"060804";"CAJAMARCA";"JAEN";"COLASAY";"GOBIERNO REGIONAL";"I-1";"00004239";"CEDRO PASTO";"NE_0001";"";"NE_0001";"NE_0001";"NE_0001";"NE_0001";"NE_0001";"NE_0001";"NE_0001"
"2023";"04";"080107";"CUSCO";"CUSCO";"SAYLLA";"GOBIERNO REGIONAL";"I-2";"00002314";"SAYLLA";"NE_0002";"";"NE_0002";"NE_0002";"NE_0002";"NE_0002";"NE_0002";"NE_0002";"NE_0002"
"2023";"04";"080104";"CUSCO";"CUSCO";"SAN JERONIMO";"GOBIERNO REGIONAL";"I-4";"00002300";"SAN JERONIMO";"NE_0002";"";"NE_0002";"NE_0002";"NE_0002";"NE_0002";"NE_0002";"NE_0002";"NE_0002"
"2023";"04";"080206";"CUSCO";"ACOMAYO";"RONDOCAN";"GOBIERNO REGIONAL";"I-3";"00002323";"RONDOCAN";"NE_0002";"";"NE_0002";"NE_0002";"NE_0002";"NE_0002";"NE_0002";"NE_0002";"NE_0002"
"2023";"04";"080105";"CUSCO";"CUSCO";"SAN SEBASTIAN";"GOBIERNO REGIONAL";"I-3";"00002301";"SAN SEBASTIAN";"NE_0002";"";"NE_0002";"NE_0002";"NE_0002";"NE_0002";"NE_0002";"NE_0002";"NE_0002"
"2023";"04";"080104";"CUSCO";"CUSCO";"SAN JERONIMO";"GOBIERNO REGIONAL";"I-1";"00007699";"CONCHACALLE";"NE_0002";"";"NE_0002";"NE_0002";"NE_0002";"NE_0002";"NE_0002";"NE_0002";"NE_0002"
"2023";"04";"080105";"CUSCO";"CUSCO";"SAN SEBASTIAN";"GOBIERNO REGIONAL";"I-3";"00002303";"SANTA ROSA";"NE_0002";"";"NE_0002";"NE_0002";"NE_0002";"NE_0002";"NE_0002";"NE_0002";"NE_0002"
"2023";"04";"060303";"CAJAMARCA";"CELENDIN";"CORTEGANA";"GOBIERNO REGIONAL";"I-1";"00004474";"YAGEN";"NE_0001";"";"NE_0001";"NE_0001";"NE_0001";"NE_0001";"NE_0001";"NE_0001";"NE_0001"
"2023";"04";"060303";"CAJAMARCA";"CELENDIN";"CORTEGANA";"GOBIERNO REGIONAL";"I-1";"00006757";"CANDEN";"NE_0001";"";"NE_0001";"NE_0001";"NE_0001";"NE_0001";"NE_0001";"NE_0001";"NE_0001"
"2023";"04";"060303";"CAJAMARCA";"CELENDIN";"CORTEGANA";"GOBIERNO REGIONAL";"I-1";"00006758";"MUSADEN";"NE_0001";"";"NE_0001";"NE_0001";"NE_0001";"NE_0001";"NE_0001";"NE_0001";"NE_0001"
"2023";"04";"060303";"CAJAMARCA";"CELENDIN";"CORTEGANA";"GOBIERNO REGIONAL";"I-1";"00004475";"ANDAMACHAY";"NE_0001";"";"NE_0001";"NE_0001";"NE_0001";"NE_0001";"NE_0001";"NE_0001";"NE_0001"
"2023";"04";"060303";"CAJAMARCA";"CELENDIN";"CORTEGANA";"GOBIERNO REGIONAL";"I-3";"00004477";"CORTEGANA";"NE_0001";"";"NE_0001";"NE_0001";"NE_0001";"NE_0001";"NE_0001";"NE_0001";"NE_0001"
"2023";"04";"060303";"CAJAMARCA";"CELENDIN";"CORTEGANA";"GOBIERNO REGIONAL";"I-1";"00004476";"VILLANUEVA";"NE_0001";"";"NE_0001";"NE_0001";"NE_0001";"NE_0001";"NE_0001";"NE_0001";"NE_0001"
"2023";"04";"040126";"AREQUIPA";"AREQUIPA";"YANAHUARA";"GOBIERNO REGIONAL";"I-3";"00001233";"CENTRO DE SALUD YANAHUARA";"NE_0001";"";"NE_0001";"NE_0001";"NE_0001";"NE_0001";"NE_0001";"NE_0001";"NE_0001"
"2023";"04";"040117";"AREQUIPA";"AREQUIPA";"SACHACA";"GOBIERNO REGIONAL";"I-2";"00001283";"PUESTO DE SALUD PAMPA DE CAMARONES";"NE_0001";"";"NE_0001";"NE_0001";"NE_0001";"NE_0001";"NE_0001";"NE_0001";"NE_0001"
"2023";"04";"040117";"AREQUIPA";"AREQUIPA";"SACHACA";"GOBIERNO REGIONAL";"I-2";"00001282";"PUESTO DE SALUD SACHACA";"NE_0001";"";"NE_0001";"NE_0001";"NE_0001";"NE_0001";"NE_0001";"NE_0001";"NE_0001"
"2023";"04";"040102";"AREQUIPA";"AREQUIPA";"ALTO SELVA ALEGRE";"GOBIERNO REGIONAL";"I-3";"00001300";"CENTRO DE SALUD APURIMAC";"NE_0001";"";"NE_0001";"NE_0001";"NE_0001";"NE_0001";"NE_0001";"NE_0001";"NE_0001"
"2023";"04";"040102";"AREQUIPA";"AREQUIPA";"ALTO SELVA ALEGRE";"GOBIERNO REGIONAL";"I-3";"00001291";"CENTRO DE SALUD ALTO SELVA ALEGRE";"NE_0001";"";"NE_0001";"NE_0001";"NE_0001";"NE_0001";"NE_0001";"NE_0001";"NE_0001"
"2023";"04";"040102";"AREQUIPA";"AREQUIPA";"ALTO SELVA ALEGRE";"GOBIERNO REGIONAL";"I-2";"00001301";"PUESTO DE SALUD LEONES DEL MISTI";"NE_0001";"";"NE_0001";"NE_0001";"NE_0001";"NE_0001";"NE_0001";"NE_0001";"NE_0001"
"2023";"05";"050206";"AYACUCHO";"CANGALLO";"TOTOS";"GOBIERNO REGIONAL";"I-1";"00003625";"QUIÑASI";"NE_0001";"";"NE_0001";"NE_0001";"NE_0001";"NE_0001";"NE_0001";"NE_0001";"NE_0001"
"2023";"05";"051012";"AYACUCHO";"VICTOR FAJARDO";"VILCANCHOS";"GOBIERNO REGIONAL";"I-1";"00003627";"COCAS";"NE_0001";"";"NE_0001";"NE_0001";"NE_0001";"NE_0001";"NE_0001";"NE_0001";"NE_0001"
"2023";"05";"050206";"AYACUCHO";"CANGALLO";"TOTOS";"GOBIERNO REGIONAL";"I-1";"00003622";"CHUYMAY";"NE_0001";"";"NE_0001";"NE_0001";"NE_0001";"NE_0001";"NE_0001";"NE_0001";"NE_0001"
"2023";"05";"050206";"AYACUCHO";"CANGALLO";"TOTOS";"GOBIERNO REGIONAL";"I-3";"00003623";"CENTRO DE SALUD TOTOS";"241400";"HOSPITALIZACIÓN QUIRÚRGICA GINECO - OBSTETRICIA ";"0";"1";"3";"3";"1";"3";"0"
"2023";"05";"230101";"TACNA";"TACNA";"TACNA";"ESSALUD";"I-2";"00010228";"CENTRO DE ATENCION PRIMARIA II  OSCAR FERNANDEZ DAVILA VÉLEZ";"NE_0001";"";"NE_0001";"NE_0001";"NE_0001";"NE_0001";"NE_0001";"NE_0001";"NE_0001"
"2023";"05";"080106";"CUSCO";"CUSCO";"SANTIAGO";"OTRO";"II-E";"00012995";"SAN JUAN PABLO II";"242200";"HOSPITALIZACIÓN DE MEDICINA PSIQUIATRÍA ";"44";"17";"27";"351";"40";"1240";"0"
"2023";"05";"100604";"HUANUCO";"LEONCIO PRADO";"JOSE CRESPO Y CASTILLO";"ESSALUD";"I-2";"00027083";"POSTA MÉDICA AUCAYACU";"NE_0001";"";"NE_0001";"NE_0001";"NE_0001";"NE_0001";"NE_0001";"NE_0001";"NE_0001"
"2023";"05";"040704";"AREQUIPA";"ISLAY";"ISLAY";"ESSALUD";"I-2";"00012192";"POSTA MEDICA MATARANI";"NE_0002";"";"NE_0002";"NE_0002";"NE_0002";"NE_0002";"NE_0002";"NE_0002";"NE_0002"
"2023";"05";"220201";"SAN MARTIN";"BELLAVISTA";"BELLAVISTA";"ESSALUD";"I-2";"00016482";"POSTA MEDICA BELLAVISTA - ESSALUD";"NE_0001";"";"NE_0001";"NE_0001";"NE_0001";"NE_0001";"NE_0001";"NE_0001";"NE_0001"
"2023";"05";"040112";"AREQUIPA";"AREQUIPA";"PAUCARPATA";"GOBIERNO REGIONAL";"I-4";"00001296";"CENTRO DE SALUD  AMPLIACIÓN PAUCARPATA";"NE_0001";"";"NE_0001";"NE_0001";"NE_0001";"NE_0001";"NE_0001";"NE_0001";"NE_0001"
"2023";"05";"040112";"AREQUIPA";"AREQUIPA";"PAUCARPATA";"GOBIERNO REGIONAL";"I-3";"00001313";"CENTRO DE SALUD NUEVA ALBORADA";"NE_0001";"";"NE_0001";"NE_0001";"NE_0001";"NE_0001";"NE_0001";"NE_0001";"NE_0001"
"2023";"05";"040112";"AREQUIPA";"AREQUIPA";"PAUCARPATA";"GOBIERNO REGIONAL";"I-3";"00001310";"CENTRO DE SALUD MANUEL PRADO";"NE_0001";"";"NE_0001";"NE_0001";"NE_0001";"NE_0001";"NE_0001";"NE_0001";"NE_0001"
"2023";"05";"040112";"AREQUIPA";"AREQUIPA";"PAUCARPATA";"GOBIERNO REGIONAL";"I-3";"00001315";"CENTRO DE SALUD CAMPO MARTE";"NE_0001";"";"NE_0001";"NE_0001";"NE_0001";"NE_0001";"NE_0001";"NE_0001";"NE_0001"
"2023";"05";"100108";"HUANUCO";"HUANUCO";"SAN PEDRO DE CHAULAN";"GOBIERNO REGIONAL";"I-1";"00000796";"SAN JOSE DE COZO TINGO";"NE_0001";"";"NE_0001";"NE_0001";"NE_0001";"NE_0001";"NE_0001";"NE_0001";"NE_0001"
"2023";"05";"100108";"HUANUCO";"HUANUCO";"SAN PEDRO DE CHAULAN";"GOBIERNO REGIONAL";"I-3";"00000794";"CHAULAN";"NE_0001";"";"NE_0001";"NE_0001";"NE_0001";"NE_0001";"NE_0001";"NE_0001";"NE_0001"
"2023";"05";"100108";"HUANUCO";"HUANUCO";"SAN PEDRO DE CHAULAN";"GOBIERNO REGIONAL";"I-2";"00000789";"SAN JUAN DE LIBERTAD";"NE_0001";"";"NE_0001";"NE_0001";"NE_0001";"NE_0001";"NE_0001";"NE_0001";"NE_0001"
"2023";"05";"130203";"LA LIBERTAD";"ASCOPE";"CHOCOPE";"ESSALUD";"II-2";"00009037";"HOSPITAL II CHOCOPE";"241900";"HOSPITALIZACIÓN DE MEDICINA MEDICINA INTERNA ";"109";"109";"841";"800";"28";"868";"11"
"2023";"05";"130203";"LA LIBERTAD";"ASCOPE";"CHOCOPE";"ESSALUD";"II-2";"00009037";"HOSPITAL II CHOCOPE";"240100";"HOSPITALIZACIÓN QUIRÚRGICA CIRUGÍA GENERAL ";"94";"97";"361";"271";"10";"310";"0"
"2023";"05";"130203";"LA LIBERTAD";"ASCOPE";"CHOCOPE";"ESSALUD";"II-2";"00009037";"HOSPITAL II CHOCOPE";"241500";"HOSPITALIZACIÓN QUIRÚRGICA GINECOLOGÍA  ";"24";"26";"54";"44";"2";"62";"0"
"2023";"05";"130203";"LA LIBERTAD";"ASCOPE";"CHOCOPE";"ESSALUD";"II-2";"00009037";"HOSPITAL II CHOCOPE";"241600";"HOSPITALIZACIÓN QUIRÚRGICA OBSTETRICIA   ";"46";"45";"78";"80";"3";"93";"0"
"2023";"05";"130203";"LA LIBERTAD";"ASCOPE";"CHOCOPE";"ESSALUD";"II-2";"00009037";"HOSPITAL II CHOCOPE";"242300";"HOSPITALIZACIÓN DE PEDIATRÍA  PEDIATRÍA  GENERAL ";"37";"38";"128";"127";"5";"155";"0"
"2023";"05";"060502";"CAJAMARCA";"CONTUMAZA";"CHILETE";"GOBIERNO REGIONAL";"I-1";"00004545";"LLALLAN";"NE_0001";"";"NE_0001";"NE_0001";"NE_0001";"NE_0001";"NE_0001";"NE_0001";"NE_0001"
"2023";"05";"060507";"CAJAMARCA";"CONTUMAZA";"TANTARICA";"GOBIERNO REGIONAL";"I-2";"00004544";"CATÁN - TANTARICA";"NE_0001";"";"NE_0001";"NE_0001";"NE_0001";"NE_0001";"NE_0001";"NE_0001";"NE_0001"
"2023";"05";"060501";"CAJAMARCA";"CONTUMAZA";"CONTUMAZA";"GOBIERNO REGIONAL";"I-1";"00004622";"CATUDEN";"NE_0001";"";"NE_0001";"NE_0001";"NE_0001";"NE_0001";"NE_0001";"NE_0001";"NE_0001"
"2023";"05";"220504";"SAN MARTIN";"LAMAS";"CAYNARACHI";"GOBIERNO REGIONAL";"I-1";"00006422";"SAN JUAN DE SHANUSI";"NE_0001";"";"NE_0001";"NE_0001";"NE_0001";"NE_0001";"NE_0001";"NE_0001";"NE_0001"
"2023";"05";"220504";"SAN MARTIN";"LAMAS";"CAYNARACHI";"GOBIERNO REGIONAL";"I-1";"00019769";"NUEVO TOCACHE";"NE_0001";"";"NE_0001";"NE_0001";"NE_0001";"NE_0001";"NE_0001";"NE_0001";"NE_0001"
"2023";"05";"220504";"SAN MARTIN";"LAMAS";"CAYNARACHI";"GOBIERNO REGIONAL";"I-1";"00006416";"ALFONSO UGARTE";"NE_0001";"";"NE_0001";"NE_0001";"NE_0001";"NE_0001";"NE_0001";"NE_0001";"NE_0001"
"2023";"03";"150130";"LIMA";"LIMA";"SAN BORJA";"PRIVADO";"II-E";"00011547";"CLINICA CONTINENTAL";"NE_0002";"";"NE_0002";"NE_0002";"NE_0002";"NE_0002";"NE_0002";"NE_0002";"NE_0002"
"2023";"03";"130101";"LA LIBERTAD";"TRUJILLO";"TRUJILLO";"PRIVADO";"II-1";"00012301";"CLINICA SAN ANTONIO";"240000";"HOSPITALIZACIÓN";"6";"4";"27";"12";"24";"25";"0"
"2023";"03";"130101";"LA LIBERTAD";"TRUJILLO";"TRUJILLO";"PRIVADO";"II-1";"00012301";"CLINICA SAN ANTONIO";"240000";"HOSPITALIZACIÓN";"3";"5";"9";"17";"14";"25";"0"
"2023";"03";"130101";"LA LIBERTAD";"TRUJILLO";"TRUJILLO";"PRIVADO";"II-1";"00012301";"CLINICA SAN ANTONIO";"240000";"HOSPITALIZACIÓN";"34";"32";"95";"12";"24";"25";"0"
"2023";"03";"130101";"LA LIBERTAD";"TRUJILLO";"TRUJILLO";"PRIVADO";"II-1";"00012301";"CLINICA SAN ANTONIO";"240000";"HOSPITALIZACIÓN";"2";"8";"13";"16";"24";"25";"0"
"2023";"03";"130101";"LA LIBERTAD";"TRUJILLO";"TRUJILLO";"PRIVADO";"II-1";"00012301";"CLINICA SAN ANTONIO";"240400";"HOSPITALIZACIÓN QUIRÚRGICA CIRUGÍA DE TÓRAX Y CARDIOVASCULAR ";"1";"0";"4";"4";"24";"25";"0"
"2023";"03";"130101";"LA LIBERTAD";"TRUJILLO";"TRUJILLO";"PRIVADO";"II-1";"00012301";"CLINICA SAN ANTONIO";"240900";"HOSPITALIZACIÓN QUIRÚRGICA NEUROCIRUGÍA ";"2";"1";"10";"20";"24";"25";"0"
"2023";"03";"130101";"LA LIBERTAD";"TRUJILLO";"TRUJILLO";"PRIVADO";"II-1";"00012301";"CLINICA SAN ANTONIO";"241200";"HOSPITALIZACIÓN QUIRÚRGICA TRAUMATOLOGÍA Y ORTOPEDIA ";"13";"13";"32";"13";"24";"25";"0"
"2023";"03";"130101";"LA LIBERTAD";"TRUJILLO";"TRUJILLO";"PRIVADO";"II-1";"00012301";"CLINICA SAN ANTONIO";"244300";"HOSPITALIZACIÓN DE MEDICINA GASTROENTEROLOGÍA  ";"15";"8";"40";"20";"20";"21";"0"
"2023";"03";"130101";"LA LIBERTAD";"TRUJILLO";"TRUJILLO";"PRIVADO";"II-1";"00012301";"CLINICA SAN ANTONIO";"245400";"HOSPITALIZACIÓN DE MEDICINA GINECOLOGIA ";"2";"2";"20";"10";"20";"21";"0"
"2023";"03";"080101";"CUSCO";"CUSCO";"CUSCO";"PRIVADO";"II-E";"00010014";"DR. VICTOR PAREDES";"240000";"HOSPITALIZACIÓN";"113";"109";"147";"223";"19";"589";"2"
"2023";"03";"080106";"CUSCO";"CUSCO";"SANTIAGO";"PRIVADO";"II-E";"00023570";"MIR SALUD";"240000";"HOSPITALIZACIÓN";"37";"38";"67";"67";"9";"279";"0"
"2023";"03";"130101";"LA LIBERTAD";"TRUJILLO";"TRUJILLO";"GOBIERNO REGIONAL";"III-1";"00005195";"HOSPITAL BELEN DE TRUJILLO";"244000";"HOSPITALIZACIÓN DE MEDICINA CARDIOLOGIA ";"3";"13";"254";"258";"9";"279";"1"
"2023";"03";"130101";"LA LIBERTAD";"TRUJILLO";"TRUJILLO";"GOBIERNO REGIONAL";"III-1";"00005195";"HOSPITAL BELEN DE TRUJILLO";"244300";"HOSPITALIZACIÓN DE MEDICINA GASTROENTEROLOGÍA  ";"13";"20";"157";"167";"6";"186";"2"
"2023";"03";"130101";"LA LIBERTAD";"TRUJILLO";"TRUJILLO";"GOBIERNO REGIONAL";"III-1";"00005195";"HOSPITAL BELEN DE TRUJILLO";"241900";"HOSPITALIZACIÓN DE MEDICINA MEDICINA INTERNA ";"120";"106";"1477";"1020";"34";"1054";"12"
"2023";"03";"130101";"LA LIBERTAD";"TRUJILLO";"TRUJILLO";"GOBIERNO REGIONAL";"III-1";"00005195";"HOSPITAL BELEN DE TRUJILLO";"245300";"HOSPITALIZACIÓN DE MEDICINA NEUMOLOGÍA  ";"16";"26";"233";"247";"8";"248";"7"
"2023";"03";"130101";"LA LIBERTAD";"TRUJILLO";"TRUJILLO";"GOBIERNO REGIONAL";"III-1";"00005195";"HOSPITAL BELEN DE TRUJILLO";"244700";"HOSPITALIZACIÓN DE MEDICINA NEUROLOGIA  ";"13";"17";"279";"288";"10";"310";"3"
"2023";"03";"130101";"LA LIBERTAD";"TRUJILLO";"TRUJILLO";"GOBIERNO REGIONAL";"III-1";"00005195";"HOSPITAL BELEN DE TRUJILLO";"242100";"HOSPITALIZACIÓN DE MEDICINA ONCOLOGÍA MÉDICA ";"0";"6";"104";"108";"4";"124";"3"
"2023";"03";"130101";"LA LIBERTAD";"TRUJILLO";"TRUJILLO";"GOBIERNO REGIONAL";"III-1";"00005195";"HOSPITAL BELEN DE TRUJILLO";"240800";"HOSPITALIZACIÓN QUIRÚRGICA CIRUGÍA PLÁSTICA/RECONSTRUCTIVA/ REPARADORA ";"6";"12";"138";"142";"6";"186";"0"
"2023";"03";"130101";"LA LIBERTAD";"TRUJILLO";"TRUJILLO";"GOBIERNO REGIONAL";"III-1";"00005195";"HOSPITAL BELEN DE TRUJILLO";"240400";"HOSPITALIZACIÓN QUIRÚRGICA CIRUGÍA DE TÓRAX Y CARDIOVASCULAR ";"7";"13";"167";"130";"5";"155";"0"
"2023";"03";"130101";"LA LIBERTAD";"TRUJILLO";"TRUJILLO";"GOBIERNO REGIONAL";"III-1";"00005195";"HOSPITAL BELEN DE TRUJILLO";"240100";"HOSPITALIZACIÓN QUIRÚRGICA CIRUGÍA GENERAL ";"156";"163";"1071";"951";"32";"992";"6"
"2023";"03";"130101";"LA LIBERTAD";"TRUJILLO";"TRUJILLO";"GOBIERNO REGIONAL";"III-1";"00005195";"HOSPITAL BELEN DE TRUJILLO";"241000";"HOSPITALIZACIÓN QUIRÚRGICA ONCOLOGÍA QUIRÚRGICA  ";"4";"3";"15";"16";"1";"31";"0"
"2023";"03";"130101";"LA LIBERTAD";"TRUJILLO";"TRUJILLO";"GOBIERNO REGIONAL";"III-1";"00005195";"HOSPITAL BELEN DE TRUJILLO";"240700";"HOSPITALIZACIÓN QUIRÚRGICA CIRUGÍA PEDIÁTRICA ";"14";"27";"133";"146";"7";"217";"0"
"2023";"03";"130101";"LA LIBERTAD";"TRUJILLO";"TRUJILLO";"GOBIERNO REGIONAL";"III-1";"00005195";"HOSPITAL BELEN DE TRUJILLO";"240900";"HOSPITALIZACIÓN QUIRÚRGICA NEUROCIRUGÍA ";"13";"26";"466";"302";"10";"310";"2"
"2023";"03";"130101";"LA LIBERTAD";"TRUJILLO";"TRUJILLO";"GOBIERNO REGIONAL";"III-1";"00005195";"HOSPITAL BELEN DE TRUJILLO";"241100";"HOSPITALIZACIÓN QUIRÚRGICA OTORRINOLARINGOLOGÍA  ";"1";"1";"2";"3";"1";"31";"0"
"2023";"03";"130101";"LA LIBERTAD";"TRUJILLO";"TRUJILLO";"GOBIERNO REGIONAL";"III-1";"00005195";"HOSPITAL BELEN DE TRUJILLO";"241200";"HOSPITALIZACIÓN QUIRÚRGICA TRAUMATOLOGÍA Y ORTOPEDIA ";"46";"57";"551";"522";"17";"527";"0"
"2023";"03";"130101";"LA LIBERTAD";"TRUJILLO";"TRUJILLO";"GOBIERNO REGIONAL";"III-1";"00005195";"HOSPITAL BELEN DE TRUJILLO";"241300";"HOSPITALIZACIÓN QUIRÚRGICA UROLOGÍA  ";"17";"16";"88";"95";"4";"124";"0"
"2023";"03";"130101";"LA LIBERTAD";"TRUJILLO";"TRUJILLO";"GOBIERNO REGIONAL";"III-1";"00005195";"HOSPITAL BELEN DE TRUJILLO";"243200";"HOSPITALIZACIÓN DE PEDIATRÍA PEDIATRIA NEONATOLOGÍA";"75";"94";"980";"806";"30";"930";"0"
"2023";"03";"130101";"LA LIBERTAD";"TRUJILLO";"TRUJILLO";"GOBIERNO REGIONAL";"III-1";"00005195";"HOSPITAL BELEN DE TRUJILLO";"250105";"UNIDAD DE CUIDADOS CRITICOS UNIDAD  DE CUIDADOS INTENSIVOS  (UCI) NEONATOLOGÍA";"2";"6";"81";"353";"12";"372";"5"
"2023";"03";"130101";"LA LIBERTAD";"TRUJILLO";"TRUJILLO";"GOBIERNO REGIONAL";"III-1";"00005195";"HOSPITAL BELEN DE TRUJILLO";"242300";"HOSPITALIZACIÓN DE PEDIATRÍA  PEDIATRÍA  GENERAL ";"44";"42";"882";"296";"20";"620";"0"
"2023";"03";"130101";"LA LIBERTAD";"TRUJILLO";"TRUJILLO";"GOBIERNO REGIONAL";"III-1";"00005195";"HOSPITAL BELEN DE TRUJILLO";"250108";"UNIDAD DE CUIDADOS CRITICOS UNIDAD  DE CUIDADOS INTENSIVOS  (UCI) PEDIÁTRICA";"4";"2";"8";"76";"5";"155";"2"
"2023";"03";"130101";"LA LIBERTAD";"TRUJILLO";"TRUJILLO";"GOBIERNO REGIONAL";"III-1";"00005195";"HOSPITAL BELEN DE TRUJILLO";"241500";"HOSPITALIZACIÓN QUIRÚRGICA GINECOLOGÍA  ";"55";"54";"287";"254";"10";"310";"0"
"2023";"03";"130101";"LA LIBERTAD";"TRUJILLO";"TRUJILLO";"GOBIERNO REGIONAL";"III-1";"00005195";"HOSPITAL BELEN DE TRUJILLO";"241600";"HOSPITALIZACIÓN QUIRÚRGICA OBSTETRICIA   ";"257";"257";"861";"944";"44";"1364";"0"
"2023";"03";"130101";"LA LIBERTAD";"TRUJILLO";"TRUJILLO";"GOBIERNO REGIONAL";"III-1";"00005195";"HOSPITAL BELEN DE TRUJILLO";"250100";"UNIDAD DE CUIDADOS CRITICOS UNIDAD  DE CUIDADOS INTENSIVOS GENERALES (UCI) ";"1";"6";"173";"298";"10";"310";"6"
"2023";"03";"150121";"LIMA";"LIMA";"PUEBLO LIBRE";"PRIVADO";"II-E";"00021096";"CLINICA ESPECIALIZADA EN CIRUGÍA PLÁSTICA SAN AGUSTIN";"NE_0001";"";"NE_0001";"NE_0001";"NE_0001";"NE_0001";"NE_0001";"NE_0001";"NE_0001"
"2023";"04";"020601";"ANCASH";"CARHUAZ";"CARHUAZ";"GOBIERNO REGIONAL";"II-1";"00001516";"HOSPITAL DE APOYO CARHUAZ";"240100";"HOSPITALIZACIÓN QUIRÚRGICA CIRUGÍA GENERAL ";"5";"5";"33";"24";"2";"60";"0"
"2023";"04";"020601";"ANCASH";"CARHUAZ";"CARHUAZ";"GOBIERNO REGIONAL";"II-1";"00001516";"HOSPITAL DE APOYO CARHUAZ";"241500";"HOSPITALIZACIÓN QUIRÚRGICA GINECOLOGÍA  ";"16";"16";"20";"20";"3";"90";"0"
"2023";"04";"020601";"ANCASH";"CARHUAZ";"CARHUAZ";"GOBIERNO REGIONAL";"II-1";"00001516";"HOSPITAL DE APOYO CARHUAZ";"241600";"HOSPITALIZACIÓN QUIRÚRGICA OBSTETRICIA   ";"42";"40";"61";"58";"4";"120";"0"
"2023";"04";"020601";"ANCASH";"CARHUAZ";"CARHUAZ";"GOBIERNO REGIONAL";"II-1";"00001516";"HOSPITAL DE APOYO CARHUAZ";"241800";"HOSPITALIZACIÓN DE MEDICINA MEDICINA GENERAL ";"13";"10";"64";"74";"3";"90";"0"
"2023";"04";"020601";"ANCASH";"CARHUAZ";"CARHUAZ";"GOBIERNO REGIONAL";"II-1";"00001516";"HOSPITAL DE APOYO CARHUAZ";"242500";"HOSPITALIZACIÓN-PEDIATRÍA GENERAL-";"2";"2";"10";"10";"5";"150";"0"
"2023";"04";"211101";"PUNO";"SAN ROMAN";"JULIACA";"PRIVADO";"II-E";"00020181";"CLINICA INTERNACIONAL NACER";"241600";"HOSPITALIZACIÓN QUIRÚRGICA OBSTETRICIA   ";"49";"49";"41";"49";"10";"259";"0"
"2023";"03";"250105";"UCAYALI";"CORONEL PORTILLO";"YARINACOCHA";"GOBIERNO REGIONAL";"I-1";"00007237";"NUEVA UNION";"NE_0001";"";"NE_0001";"NE_0001";"NE_0001";"NE_0001";"NE_0001";"NE_0001";"NE_0001"
"2023";"03";"250303";"UCAYALI";"PADRE ABAD";"CURIMANA";"GOBIERNO REGIONAL";"I-1";"00006950";"PUEBLO LIBRE CURIMANA";"NE_0001";"";"NE_0001";"NE_0001";"NE_0001";"NE_0001";"NE_0001";"NE_0001";"NE_0001"
"2023";"03";"250303";"UCAYALI";"PADRE ABAD";"CURIMANA";"GOBIERNO REGIONAL";"I-1";"00006885";"SAN JUAN DE TAHUAPOA";"NE_0001";"";"NE_0001";"NE_0001";"NE_0001";"NE_0001";"NE_0001";"NE_0001";"NE_0001"
"2023";"03";"250105";"UCAYALI";"CORONEL PORTILLO";"YARINACOCHA";"GOBIERNO REGIONAL";"I-1";"00005549";"SANTA ROSA";"NE_0001";"";"NE_0001";"NE_0001";"NE_0001";"NE_0001";"NE_0001";"NE_0001";"NE_0001"
"2023";"03";"250105";"UCAYALI";"CORONEL PORTILLO";"YARINACOCHA";"GOBIERNO REGIONAL";"I-1";"00005546";"MARISCAL SUCRE";"NE_0001";"";"NE_0001";"NE_0001";"NE_0001";"NE_0001";"NE_0001";"NE_0001";"NE_0001"
"2023";"03";"250105";"UCAYALI";"CORONEL PORTILLO";"YARINACOCHA";"GOBIERNO REGIONAL";"I-1";"00005545";"NUEVA ALEJANDRIA";"NE_0001";"";"NE_0001";"NE_0001";"NE_0001";"NE_0001";"NE_0001";"NE_0001";"NE_0001"
"2023";"03";"250105";"UCAYALI";"CORONEL PORTILLO";"YARINACOCHA";"GOBIERNO REGIONAL";"I-1";"00005543";"NUEVA LUZ DE FATIMA";"NE_0001";"";"NE_0001";"NE_0001";"NE_0001";"NE_0001";"NE_0001";"NE_0001";"NE_0001"
"2023";"03";"250105";"UCAYALI";"CORONEL PORTILLO";"YARINACOCHA";"GOBIERNO REGIONAL";"I-1";"00005542";"CLAS  DE SAN JUAN YARINACOCHA .";"NE_0001";"";"NE_0001";"NE_0001";"NE_0001";"NE_0001";"NE_0001";"NE_0001";"NE_0001"
"2023";"03";"250105";"UCAYALI";"CORONEL PORTILLO";"YARINACOCHA";"GOBIERNO REGIONAL";"I-1";"00005541";"PUESTO DE SALUD LEONCIO PRADO";"NE_0001";"";"NE_0001";"NE_0001";"NE_0001";"NE_0001";"NE_0001";"NE_0001";"NE_0001"
"2023";"03";"250105";"UCAYALI";"CORONEL PORTILLO";"YARINACOCHA";"GOBIERNO REGIONAL";"I-2";"00005537";"CLAS   BELLAVISTA DE YARINACOCHA";"NE_0001";"";"NE_0001";"NE_0001";"NE_0001";"NE_0001";"NE_0001";"NE_0001";"NE_0001"
"2023";"04";"080605";"CUSCO";"CANCHIS";"PITUMARCA";"GOBIERNO REGIONAL";"I-1";"00002393";"PHINAYA";"NE_0001";"";"NE_0001";"NE_0001";"NE_0001";"NE_0001";"NE_0001";"NE_0001";"NE_0001"
"2023";"04";"080601";"CUSCO";"CANCHIS";"SICUANI";"GOBIERNO REGIONAL";"I-2";"00002381";"QUEHUAR";"NE_0001";"";"NE_0001";"NE_0001";"NE_0001";"NE_0001";"NE_0001";"NE_0001";"NE_0001"
"2023";"04";"080606";"CUSCO";"CANCHIS";"SAN PABLO";"GOBIERNO REGIONAL";"I-2";"00002394";"SAN PABLO CANCHIS";"NE_0001";"";"NE_0001";"NE_0001";"NE_0001";"NE_0001";"NE_0001";"NE_0001";"NE_0001"
"2023";"04";"080606";"CUSCO";"CANCHIS";"SAN PABLO";"GOBIERNO REGIONAL";"I-2";"00002395";"SANTA BARBARA";"NE_0001";"";"NE_0001";"NE_0001";"NE_0001";"NE_0001";"NE_0001";"NE_0001";"NE_0001"
"2023";"04";"080601";"CUSCO";"CANCHIS";"SICUANI";"GOBIERNO REGIONAL";"I-1";"00002382";"UZCUPATA";"NE_0001";"";"NE_0001";"NE_0001";"NE_0001";"NE_0001";"NE_0001";"NE_0001";"NE_0001"
"2023";"04";"080601";"CUSCO";"CANCHIS";"SICUANI";"GOBIERNO REGIONAL";"I-3";"00002384";"PAMPAPHALLA";"NE_0001";"";"NE_0001";"NE_0001";"NE_0001";"NE_0001";"NE_0001";"NE_0001";"NE_0001"
"2023";"04";"080601";"CUSCO";"CANCHIS";"SICUANI";"GOBIERNO REGIONAL";"I-2";"00026387";"MENTAL COMUNITARIO SICUANI";"NE_0001";"";"NE_0001";"NE_0001";"NE_0001";"NE_0001";"NE_0001";"NE_0001";"NE_0001"
"2023";"04";"080601";"CUSCO";"CANCHIS";"SICUANI";"GOBIERNO REGIONAL";"I-2";"00002383";"LA FLORIDA";"NE_0001";"";"NE_0001";"NE_0001";"NE_0001";"NE_0001";"NE_0001";"NE_0001";"NE_0001"
"2023";"04";"080607";"CUSCO";"CANCHIS";"SAN PEDRO";"GOBIERNO REGIONAL";"I-2";"00002396";"SAN PEDRO CANCHIS";"NE_0001";"";"NE_0001";"NE_0001";"NE_0001";"NE_0001";"NE_0001";"NE_0001";"NE_0001"
"2023";"04";"240101";"TUMBES";"TUMBES";"TUMBES";"PRIVADO";"I-4";"00007795";"CENTRO MEDICO LA FAMILIA";"NE_0002";"";"NE_0002";"NE_0002";"NE_0002";"NE_0002";"NE_0002";"NE_0002";"NE_0002"
"2023";"04";"050101";"AYACUCHO";"HUAMANGA";"AYACUCHO";"GOBIERNO REGIONAL";"I-3";"00006898";"CENTRO DE  SALUD MOLLEPATA";"NE_0001";"";"NE_0001";"NE_0001";"NE_0001";"NE_0001";"NE_0001";"NE_0001";"NE_0001"
"2023";"04";"050101";"AYACUCHO";"HUAMANGA";"AYACUCHO";"GOBIERNO REGIONAL";"I-4";"00003576";"CENTRO DE SALUD LOS LICENCIADOS";"241600";"HOSPITALIZACIÓN QUIRÚRGICA OBSTETRICIA   ";"20";"21";"3";"3";"7";"10";"0"
"2023";"04";"050115";"AYACUCHO";"HUAMANGA";"JESUS NAZARENO";"GOBIERNO REGIONAL";"I-2";"00011365";"PUESTO DE SALUD VILLA SAN CRISTOBAL";"NE_0001";"";"NE_0001";"NE_0001";"NE_0001";"NE_0001";"NE_0001";"NE_0001";"NE_0001"
"2023";"04";"040701";"AREQUIPA";"ISLAY";"MOLLENDO";"GOBIERNO REGIONAL";"I-4";"00001444";"CENTRO DE SALUD ALTO INCLAN";"241600";"HOSPITALIZACIÓN QUIRÚRGICA OBSTETRICIA   ";"4";"4";"4";"1";"5";"150";"0"
"2023";"04";"040701";"AREQUIPA";"ISLAY";"MOLLENDO";"GOBIERNO REGIONAL";"I-4";"00001444";"CENTRO DE SALUD ALTO INCLAN";"241800";"HOSPITALIZACIÓN DE MEDICINA MEDICINA GENERAL ";"3";"3";"4";"1";"11";"330";"0"
"2023";"04";"040704";"AREQUIPA";"ISLAY";"ISLAY";"GOBIERNO REGIONAL";"I-3";"00001443";"CENTRO DE SALUD MATARANI";"NE_0001";"";"NE_0001";"NE_0001";"NE_0001";"NE_0001";"NE_0001";"NE_0001";"NE_0001"
"2023";"05";"110401";"ICA";"PALPA";"PALPA";"ESSALUD";"I-3";"00010483";"PALPA";"NE_0001";"";"NE_0001";"NE_0001";"NE_0001";"NE_0001";"NE_0001";"NE_0001";"NE_0001"
"2023";"05";"220804";"SAN MARTIN";"RIOJA";"NUEVA CAJAMARCA";"GOBIERNO REGIONAL";"I-1";"00006299";"PERLA DAGUAS";"NE_0002";"";"NE_0002";"NE_0002";"NE_0002";"NE_0002";"NE_0002";"NE_0002";"NE_0002"
"2023";"05";"220804";"SAN MARTIN";"RIOJA";"NUEVA CAJAMARCA";"GOBIERNO REGIONAL";"I-3";"00006300";"SAN JUAN RIO SORITOR";"NE_0002";"";"NE_0002";"NE_0002";"NE_0002";"NE_0002";"NE_0002";"NE_0002";"NE_0002"
"2023";"05";"040702";"AREQUIPA";"ISLAY";"COCACHACRA";"ESSALUD";"I-2";"00026367";"POSTA MEDICA CHUCARAPI";"NE_0001";"";"NE_0001";"NE_0001";"NE_0001";"NE_0001";"NE_0001";"NE_0001";"NE_0001"
"2023";"05";"090203";"HUANCAVELICA";"ACOBAMBA";"ANTA";"GOBIERNO REGIONAL";"I-1";"00003941";"PUESTO DE SALUD MANYACC";"NE_0001";"";"NE_0001";"NE_0001";"NE_0001";"NE_0001";"NE_0001";"NE_0001";"NE_0001"
"2023";"05";"090203";"HUANCAVELICA";"ACOBAMBA";"ANTA";"GOBIERNO REGIONAL";"I-1";"00011230";"PUESTO DE SALUD RAYANNIYOCC";"NE_0001";"";"NE_0001";"NE_0001";"NE_0001";"NE_0001";"NE_0001";"NE_0001";"NE_0001"
"2023";"05";"120105";"JUNIN";"HUANCAYO";"CHACAPAMPA";"GOBIERNO REGIONAL";"I-1";"00000696";"LOS ANGELES";"NE_0002";"";"NE_0002";"NE_0002";"NE_0002";"NE_0002";"NE_0002";"NE_0002";"NE_0002"
"2023";"05";"120112";"JUNIN";"HUANCAYO";"COLCA";"GOBIERNO REGIONAL";"I-2";"00000701";"COLCA";"NE_0002";"";"NE_0002";"NE_0002";"NE_0002";"NE_0002";"NE_0002";"NE_0002";"NE_0002"
"2023";"05";"120105";"JUNIN";"HUANCAYO";"CHACAPAMPA";"GOBIERNO REGIONAL";"I-1";"00000694";"CHACAPAMPA";"NE_0002";"";"NE_0002";"NE_0002";"NE_0002";"NE_0002";"NE_0002";"NE_0002";"NE_0002"
"2023";"05";"120104";"JUNIN";"HUANCAYO";"CARHUACALLANGA";"GOBIERNO REGIONAL";"I-1";"00000693";"CARHUACALLANGA";"NE_0002";"";"NE_0002";"NE_0002";"NE_0002";"NE_0002";"NE_0002";"NE_0002";"NE_0002"
"2023";"05";"120108";"JUNIN";"HUANCAYO";"CHONGOS ALTO";"GOBIERNO REGIONAL";"I-3";"00000700";"CHONGOS ALTO";"NE_0002";"";"NE_0002";"NE_0002";"NE_0002";"NE_0002";"NE_0002";"NE_0002";"NE_0002"
"2023";"05";"120106";"JUNIN";"HUANCAYO";"CHICCHE";"GOBIERNO REGIONAL";"I-1";"00000697";"CHICCHE";"NE_0002";"";"NE_0002";"NE_0002";"NE_0002";"NE_0002";"NE_0002";"NE_0002";"NE_0002"
"2023";"05";"120106";"JUNIN";"HUANCAYO";"CHICCHE";"GOBIERNO REGIONAL";"I-1";"00000699";"YANA YANA";"NE_0002";"";"NE_0002";"NE_0002";"NE_0002";"NE_0002";"NE_0002";"NE_0002";"NE_0002"
"2023";"05";"120120";"JUNIN";"HUANCAYO";"HUASICANCHA";"GOBIERNO REGIONAL";"I-1";"00000703";"HUASICANCHA";"NE_0002";"";"NE_0002";"NE_0002";"NE_0002";"NE_0002";"NE_0002";"NE_0002";"NE_0002"
"2023";"05";"120105";"JUNIN";"HUANCAYO";"CHACAPAMPA";"GOBIERNO REGIONAL";"I-1";"00000695";"HUACAN";"NE_0002";"";"NE_0002";"NE_0002";"NE_0002";"NE_0002";"NE_0002";"NE_0002";"NE_0002"
"2023";"05";"120106";"JUNIN";"HUANCAYO";"CHICCHE";"GOBIERNO REGIONAL";"I-1";"00000698";"VISTA ALEGRE";"NE_0002";"";"NE_0002";"NE_0002";"NE_0002";"NE_0002";"NE_0002";"NE_0002";"NE_0002"
"2023";"05";"200701";"PIURA";"TALARA";"PARIÑAS";"PRIVADO";"II-1";"00011396";"ADMINISTRADORA CLINICA TRESA";"241900";"HOSPITALIZACIÓN DE MEDICINA MEDICINA INTERNA ";"30";"28";"65";"195";"7";"217";"0"
"2023";"05";"200701";"PIURA";"TALARA";"PARIÑAS";"PRIVADO";"II-1";"00011396";"ADMINISTRADORA CLINICA TRESA";"240100";"HOSPITALIZACIÓN QUIRÚRGICA CIRUGÍA GENERAL ";"11";"11";"25";"82";"3";"93";"0"
"2023";"05";"200701";"PIURA";"TALARA";"PARIÑAS";"PRIVADO";"II-1";"00011396";"ADMINISTRADORA CLINICA TRESA";"241200";"HOSPITALIZACIÓN QUIRÚRGICA TRAUMATOLOGÍA Y ORTOPEDIA ";"4";"4";"10";"27";"1";"31";"0"
"2023";"05";"200701";"PIURA";"TALARA";"PARIÑAS";"PRIVADO";"II-1";"00011396";"ADMINISTRADORA CLINICA TRESA";"241500";"HOSPITALIZACIÓN QUIRÚRGICA GINECOLOGÍA  ";"7";"7";"13";"55";"2";"62";"0"
"2023";"05";"200701";"PIURA";"TALARA";"PARIÑAS";"PRIVADO";"II-1";"00011396";"ADMINISTRADORA CLINICA TRESA";"242300";"HOSPITALIZACIÓN DE PEDIATRÍA  PEDIATRÍA  GENERAL ";"24";"20";"47";"166";"6";"186";"0"
"2023";"03";"190201";"PASCO";"DANIEL ALCIDES CARRION";"YANAHUANCA";"ESSALUD";"I-3";"00009760";"CENTRO MEDICO DE YANAHUANCA";"NE_0001";"";"NE_0001";"NE_0001";"NE_0001";"NE_0001";"NE_0001";"NE_0001";"NE_0001"
"2023";"04";"150132";"LIMA";"LIMA";"SAN JUAN DE LURIGANCHO";"SANIDAD DE LA POLICIA NACIONAL DEL PERU";"I-3";"00030839";"POLICLINICO POLICIAL ZARATE";"NE_0001";"";"NE_0001";"NE_0001";"NE_0001";"NE_0001";"NE_0001";"NE_0001";"NE_0001"
"2023";"04";"150143";"LIMA";"LIMA";"VILLA MARIA DEL TRIUNFO";"PRIVADO";"II-2";"00018580";"GUILLERMO KAELIN DE LA FUENTE";"240100";"HOSPITALIZACIÓN QUIRÚRGICA CIRUGÍA GENERAL ";"115";"195";"1215";"1067";"37";"1109";"7"
"2023";"04";"150143";"LIMA";"LIMA";"VILLA MARIA DEL TRIUNFO";"PRIVADO";"II-2";"00018580";"GUILLERMO KAELIN DE LA FUENTE";"241500";"HOSPITALIZACIÓN QUIRÚRGICA GINECOLOGÍA  ";"117";"285";"1052";"954";"45";"1310";"11"
"2023";"04";"150143";"LIMA";"LIMA";"VILLA MARIA DEL TRIUNFO";"PRIVADO";"II-2";"00018580";"GUILLERMO KAELIN DE LA FUENTE";"241800";"HOSPITALIZACIÓN DE MEDICINA MEDICINA GENERAL ";"175";"178";"1440";"1491";"50";"1500";"23"
"2023";"04";"150143";"LIMA";"LIMA";"VILLA MARIA DEL TRIUNFO";"PRIVADO";"II-2";"00018580";"GUILLERMO KAELIN DE LA FUENTE";"242300";"HOSPITALIZACIÓN DE PEDIATRÍA  PEDIATRÍA  GENERAL ";"113";"106";"486";"541";"34";"1043";"0"
"2023";"04";"150143";"LIMA";"LIMA";"VILLA MARIA DEL TRIUNFO";"PRIVADO";"II-2";"00018580";"GUILLERMO KAELIN DE LA FUENTE";"250100";"UNIDAD DE CUIDADOS CRITICOS UNIDAD  DE CUIDADOS INTENSIVOS GENERALES (UCI) ";"16";"6";"75";"241";"14";"422";"5"
"2023";"04";"150143";"LIMA";"LIMA";"VILLA MARIA DEL TRIUNFO";"PRIVADO";"II-2";"00018580";"GUILLERMO KAELIN DE LA FUENTE";"250200";"UNIDAD DE CUIDADOS CRITICOS UNIDAD DE CUIDADOS INTERMEDIOS GENERAL  (UCIN) ";"22";"15";"95";"222";"18";"540";"2"
"2023";"04";"200101";"PIURA";"PIURA";"PIURA";"PRIVADO";"II-1";"00013042";"CLÍNICA LOS COCOS";"240100";"HOSPITALIZACIÓN QUIRÚRGICA CIRUGÍA GENERAL ";"105";"91";"200";"205";"12";"360";"0"
"2023";"04";"200101";"PIURA";"PIURA";"PIURA";"PRIVADO";"II-1";"00013042";"CLÍNICA LOS COCOS";"241400";"HOSPITALIZACIÓN QUIRÚRGICA GINECO - OBSTETRICIA ";"183";"194";"264";"270";"16";"480";"0"
"2023";"04";"200101";"PIURA";"PIURA";"PIURA";"PRIVADO";"II-1";"00013042";"CLÍNICA LOS COCOS";"241800";"HOSPITALIZACIÓN DE MEDICINA MEDICINA GENERAL ";"7";"12";"10";"10";"7";"210";"0"
"2023";"04";"150101";"LIMA";"LIMA";"LIMA";"PRIVADO";"II-E";"00022102";"CLINICA SEÑOR DE LOS MILAGROS E.I.R.L.";"NE_0001";"";"NE_0001";"NE_0001";"NE_0001";"NE_0001";"NE_0001";"NE_0001";"NE_0001"
"2023";"04";"220909";"SAN MARTIN";"SAN MARTIN";"LA BANDA DE SHILCAYO";"GOBIERNO REGIONAL";"I-1";"00006365";"PUESTO DE SALUD BELLO HORIZONTE";"NE_0001";"";"NE_0001";"NE_0001";"NE_0001";"NE_0001";"NE_0001";"NE_0001";"NE_0001"
"2023";"04";"220909";"SAN MARTIN";"SAN MARTIN";"LA BANDA DE SHILCAYO";"GOBIERNO REGIONAL";"I-1";"00006367";"LA UNION (SANIRARCA)";"NE_0001";"";"NE_0001";"NE_0001";"NE_0001";"NE_0001";"NE_0001";"NE_0001";"NE_0001"
"2023";"04";"220909";"SAN MARTIN";"SAN MARTIN";"LA BANDA DE SHILCAYO";"GOBIERNO REGIONAL";"I-1";"00006366";"LAS PALMAS";"NE_0001";"";"NE_0001";"NE_0001";"NE_0001";"NE_0001";"NE_0001";"NE_0001";"NE_0001"
"2023";"04";"220909";"SAN MARTIN";"SAN MARTIN";"LA BANDA DE SHILCAYO";"GOBIERNO REGIONAL";"I-1";"00006368";"PROGRESO KM.30";"NE_0001";"";"NE_0001";"NE_0001";"NE_0001";"NE_0001";"NE_0001";"NE_0001";"NE_0001"
"2023";"04";"220909";"SAN MARTIN";"SAN MARTIN";"LA BANDA DE SHILCAYO";"GOBIERNO REGIONAL";"I-1";"00006369";"SAN JOSE KM.34";"NE_0001";"";"NE_0001";"NE_0001";"NE_0001";"NE_0001";"NE_0001";"NE_0001";"NE_0001"
"2023";"04";"220909";"SAN MARTIN";"SAN MARTIN";"LA BANDA DE SHILCAYO";"GOBIERNO REGIONAL";"I-3";"00026698";"CENTRO DE SALUD MENTAL COMUNITARIO ""LA BANDA DE SHILCAYO""";"NE_0001";"";"NE_0001";"NE_0001";"NE_0001";"NE_0001";"NE_0001";"NE_0001";"NE_0001"
"2023";"04";"120608";"JUNIN";"SATIPO";"RIO TAMBO";"GOBIERNO REGIONAL";"I-2";"00000516";"PUERTO ROCA";"NE_0001";"";"NE_0001";"NE_0001";"NE_0001";"NE_0001";"NE_0001";"NE_0001";"NE_0001"
"2023";"04";"120608";"JUNIN";"SATIPO";"RIO TAMBO";"GOBIERNO REGIONAL";"I-1";"00000518";"SAN CARLOS ALTO ENE";"NE_0001";"";"NE_0001";"NE_0001";"NE_0001";"NE_0001";"NE_0001";"NE_0001";"NE_0001"
"2023";"04";"120609";"JUNIN";"SATIPO";"VIZCATAN DEL ENE";"GOBIERNO REGIONAL";"I-1";"00000510";"FLORIDA";"NE_0001";"";"NE_0001";"NE_0001";"NE_0001";"NE_0001";"NE_0001";"NE_0001";"NE_0001"
"2023";"04";"120608";"JUNIN";"SATIPO";"RIO TAMBO";"GOBIERNO REGIONAL";"I-1";"00000514";"FE Y ALEGRIA LA PRIMAVERA";"NE_0001";"";"NE_0001";"NE_0001";"NE_0001";"NE_0001";"NE_0001";"NE_0001";"NE_0001"
"2023";"04";"120608";"JUNIN";"SATIPO";"RIO TAMBO";"GOBIERNO REGIONAL";"I-3";"00000517";"VALLE ESMERALDA";"NE_0001";"";"NE_0001";"NE_0001";"NE_0001";"NE_0001";"NE_0001";"NE_0001";"NE_0001"
"2023";"04";"120606";"JUNIN";"SATIPO";"PANGOA";"GOBIERNO REGIONAL";"I-1";"00000468";"MICAELA BASTIDAS MORALES";"NE_0001";"";"NE_0001";"NE_0001";"NE_0001";"NE_0001";"NE_0001";"NE_0001";"NE_0001"
"2023";"04";"120609";"JUNIN";"SATIPO";"VIZCATAN DEL ENE";"GOBIERNO REGIONAL";"I-1";"00000512";"TUNONTUARI RIO ENE";"NE_0001";"";"NE_0001";"NE_0001";"NE_0001";"NE_0001";"NE_0001";"NE_0001";"NE_0001"
"2023";"04";"120609";"JUNIN";"SATIPO";"VIZCATAN DEL ENE";"GOBIERNO REGIONAL";"I-2";"00000507";"BOCA MANTARO";"NE_0001";"";"NE_0001";"NE_0001";"NE_0001";"NE_0001";"NE_0001";"NE_0001";"NE_0001"
"2023";"04";"120609";"JUNIN";"SATIPO";"VIZCATAN DEL ENE";"GOBIERNO REGIONAL";"I-1";"00000511";"SAN JUAN DE MANTARO";"NE_0001";"";"NE_0001";"NE_0001";"NE_0001";"NE_0001";"NE_0001";"NE_0001";"NE_0001"
"2023";"04";"120608";"JUNIN";"SATIPO";"RIO TAMBO";"GOBIERNO REGIONAL";"I-1";"00000513";"QUEMPIRI";"NE_0001";"";"NE_0001";"NE_0001";"NE_0001";"NE_0001";"NE_0001";"NE_0001";"NE_0001"
"2023";"04";"150122";"LIMA";"LIMA";"MIRAFLORES";"PRIVADO";"II-E";"00011750";"CLINICA LOS ANDES SAC";"240000";"HOSPITALIZACIÓN";"68";"67";"108";"110";"15";"450";"0"
"2023";"04";"120114";"JUNIN";"HUANCAYO";"EL TAMBO";"PRIVADO";"II-E";"00010250";"CLINICA OFTALMOLOGICA DEL CENTRO DEL PERU";"NE_0002";"";"NE_0002";"NE_0002";"NE_0002";"NE_0002";"NE_0002";"NE_0002";"NE_0002"
"2023";"04";"220504";"SAN MARTIN";"LAMAS";"CAYNARACHI";"GOBIERNO REGIONAL";"I-1";"00019769";"NUEVO TOCACHE";"NE_0001";"";"NE_0001";"NE_0001";"NE_0001";"NE_0001";"NE_0001";"NE_0001";"NE_0001"
"2023";"04";"220504";"SAN MARTIN";"LAMAS";"CAYNARACHI";"GOBIERNO REGIONAL";"I-1";"00006416";"ALFONSO UGARTE";"NE_0001";"";"NE_0001";"NE_0001";"NE_0001";"NE_0001";"NE_0001";"NE_0001";"NE_0001"
"2023";"04";"220504";"SAN MARTIN";"LAMAS";"CAYNARACHI";"GOBIERNO REGIONAL";"I-1";"00006420";"NUEVO LAMAS";"NE_0001";"";"NE_0001";"NE_0001";"NE_0001";"NE_0001";"NE_0001";"NE_0001";"NE_0001"
"2023";"01";"120105";"JUNIN";"HUANCAYO";"CHACAPAMPA";"GOBIERNO REGIONAL";"I-1";"00000694";"CHACAPAMPA";"NE_0002";"";"NE_0002";"NE_0002";"NE_0002";"NE_0002";"NE_0002";"NE_0002";"NE_0002"
"2023";"01";"120104";"JUNIN";"HUANCAYO";"CARHUACALLANGA";"GOBIERNO REGIONAL";"I-1";"00000693";"CARHUACALLANGA";"NE_0002";"";"NE_0002";"NE_0002";"NE_0002";"NE_0002";"NE_0002";"NE_0002";"NE_0002"
"2023";"05";"220101";"SAN MARTIN";"MOYOBAMBA";"MOYOBAMBA";"GOBIERNO REGIONAL";"II-1";"00006733";"HOSPITAL II-1 MOYOBAMBA - DR. SEGUNDO RODOLFO PÉREZ NIETO";"240100";"HOSPITALIZACIÓN QUIRÚRGICA CIRUGÍA GENERAL ";"78";"87";"229";"229";"10";"310";"0"
"2023";"05";"220101";"SAN MARTIN";"MOYOBAMBA";"MOYOBAMBA";"GOBIERNO REGIONAL";"II-1";"00006733";"HOSPITAL II-1 MOYOBAMBA - DR. SEGUNDO RODOLFO PÉREZ NIETO";"240600";"HOSPITALIZACIÓN QUIRÚRGICA CIRUGÍA OFTALMOLÓGICA ";"20";"20";"20";"20";"1";"31";"0"
"2023";"05";"220101";"SAN MARTIN";"MOYOBAMBA";"MOYOBAMBA";"GOBIERNO REGIONAL";"II-1";"00006733";"HOSPITAL II-1 MOYOBAMBA - DR. SEGUNDO RODOLFO PÉREZ NIETO";"240700";"HOSPITALIZACIÓN QUIRÚRGICA CIRUGÍA PEDIÁTRICA ";"15";"16";"36";"36";"2";"62";"0"
"2023";"05";"220101";"SAN MARTIN";"MOYOBAMBA";"MOYOBAMBA";"GOBIERNO REGIONAL";"II-1";"00006733";"HOSPITAL II-1 MOYOBAMBA - DR. SEGUNDO RODOLFO PÉREZ NIETO";"240900";"HOSPITALIZACIÓN QUIRÚRGICA NEUROCIRUGÍA ";"3";"5";"42";"42";"2";"62";"0"
"2023";"05";"220101";"SAN MARTIN";"MOYOBAMBA";"MOYOBAMBA";"GOBIERNO REGIONAL";"II-1";"00006733";"HOSPITAL II-1 MOYOBAMBA - DR. SEGUNDO RODOLFO PÉREZ NIETO";"241100";"HOSPITALIZACIÓN QUIRÚRGICA OTORRINOLARINGOLOGÍA  ";"9";"9";"9";"9";"1";"31";"0"
"2023";"05";"220101";"SAN MARTIN";"MOYOBAMBA";"MOYOBAMBA";"GOBIERNO REGIONAL";"II-1";"00006733";"HOSPITAL II-1 MOYOBAMBA - DR. SEGUNDO RODOLFO PÉREZ NIETO";"241200";"HOSPITALIZACIÓN QUIRÚRGICA TRAUMATOLOGÍA Y ORTOPEDIA ";"30";"31";"123";"123";"5";"155";"0"
"2023";"05";"220101";"SAN MARTIN";"MOYOBAMBA";"MOYOBAMBA";"GOBIERNO REGIONAL";"II-1";"00006733";"HOSPITAL II-1 MOYOBAMBA - DR. SEGUNDO RODOLFO PÉREZ NIETO";"241300";"HOSPITALIZACIÓN QUIRÚRGICA UROLOGÍA  ";"10";"10";"46";"46";"2";"62";"0"
"2023";"05";"220101";"SAN MARTIN";"MOYOBAMBA";"MOYOBAMBA";"GOBIERNO REGIONAL";"II-1";"00006733";"HOSPITAL II-1 MOYOBAMBA - DR. SEGUNDO RODOLFO PÉREZ NIETO";"241500";"HOSPITALIZACIÓN QUIRÚRGICA GINECOLOGÍA  ";"55";"58";"120";"120";"7";"217";"0"
"2023";"05";"220101";"SAN MARTIN";"MOYOBAMBA";"MOYOBAMBA";"GOBIERNO REGIONAL";"II-1";"00006733";"HOSPITAL II-1 MOYOBAMBA - DR. SEGUNDO RODOLFO PÉREZ NIETO";"241600";"HOSPITALIZACIÓN QUIRÚRGICA OBSTETRICIA   ";"186";"194";"481";"481";"19";"589";"0"
"2023";"05";"220101";"SAN MARTIN";"MOYOBAMBA";"MOYOBAMBA";"GOBIERNO REGIONAL";"II-1";"00006733";"HOSPITAL II-1 MOYOBAMBA - DR. SEGUNDO RODOLFO PÉREZ NIETO";"241700";"HOSPITALIZACIÓN QUIRÚRGICA GINECOLOGÍA   GINECOLOGIA ONCOLOGiCA";"3";"3";"8";"8";"1";"31";"0"
"2023";"05";"220101";"SAN MARTIN";"MOYOBAMBA";"MOYOBAMBA";"GOBIERNO REGIONAL";"II-1";"00006733";"HOSPITAL II-1 MOYOBAMBA - DR. SEGUNDO RODOLFO PÉREZ NIETO";"241900";"HOSPITALIZACIÓN DE MEDICINA MEDICINA INTERNA ";"60";"80";"430";"430";"16";"496";"5"
"2023";"05";"220101";"SAN MARTIN";"MOYOBAMBA";"MOYOBAMBA";"GOBIERNO REGIONAL";"II-1";"00006733";"HOSPITAL II-1 MOYOBAMBA - DR. SEGUNDO RODOLFO PÉREZ NIETO";"242500";"HOSPITALIZACIÓN-PEDIATRÍA GENERAL-";"36";"41";"188";"188";"10";"310";"0"
"2023";"05";"220101";"SAN MARTIN";"MOYOBAMBA";"MOYOBAMBA";"GOBIERNO REGIONAL";"II-1";"00006733";"HOSPITAL II-1 MOYOBAMBA - DR. SEGUNDO RODOLFO PÉREZ NIETO";"243200";"HOSPITALIZACIÓN DE PEDIATRÍA PEDIATRIA NEONATOLOGÍA";"36";"44";"174";"174";"10";"310";"1"
"2023";"05";"220101";"SAN MARTIN";"MOYOBAMBA";"MOYOBAMBA";"GOBIERNO REGIONAL";"II-1";"00006733";"HOSPITAL II-1 MOYOBAMBA - DR. SEGUNDO RODOLFO PÉREZ NIETO";"250102";"UNIDAD DE CUIDADOS CRITICOS UNIDAD  DE CUIDADOS INTENSIVOS GENERALES (UCI) GINECO-OBSTETRICIA";"2";"2";"4";"4";"1";"31";"0"
"2023";"05";"220101";"SAN MARTIN";"MOYOBAMBA";"MOYOBAMBA";"GOBIERNO REGIONAL";"II-1";"00006733";"HOSPITAL II-1 MOYOBAMBA - DR. SEGUNDO RODOLFO PÉREZ NIETO";"250103";"UNIDAD DE CUIDADOS CRITICOS UNIDAD  DE CUIDADOS INTENSIVOS GENERALES  (UCI) MEDICINA";"4";"8";"111";"111";"4";"124";"3"
"2023";"05";"220101";"SAN MARTIN";"MOYOBAMBA";"MOYOBAMBA";"GOBIERNO REGIONAL";"II-1";"00006733";"HOSPITAL II-1 MOYOBAMBA - DR. SEGUNDO RODOLFO PÉREZ NIETO";"250105";"UNIDAD DE CUIDADOS CRITICOS UNIDAD  DE CUIDADOS INTENSIVOS  (UCI) NEONATOLOGÍA";"8";"12";"120";"120";"5";"155";"3"
"2023";"05";"220101";"SAN MARTIN";"MOYOBAMBA";"MOYOBAMBA";"GOBIERNO REGIONAL";"II-1";"00006733";"HOSPITAL II-1 MOYOBAMBA - DR. SEGUNDO RODOLFO PÉREZ NIETO";"250106";"UNIDAD DE CUIDADOS CRITICOS UNIDAD  DE CUIDADOS INTENSIVOS  (UCI) NEUROLÓGICA";"1";"1";"7";"7";"1";"31";"0"
"2023";"05";"220101";"SAN MARTIN";"MOYOBAMBA";"MOYOBAMBA";"GOBIERNO REGIONAL";"II-1";"00006733";"HOSPITAL II-1 MOYOBAMBA - DR. SEGUNDO RODOLFO PÉREZ NIETO";"250108";"UNIDAD DE CUIDADOS CRITICOS UNIDAD  DE CUIDADOS INTENSIVOS  (UCI) PEDIÁTRICA";"6";"7";"51";"51";"2";"62";"2"
"2023";"02";"120120";"JUNIN";"HUANCAYO";"HUASICANCHA";"GOBIERNO REGIONAL";"I-1";"00000703";"HUASICANCHA";"NE_0002";"";"NE_0002";"NE_0002";"NE_0002";"NE_0002";"NE_0002";"NE_0002";"NE_0002"
"2023";"02";"120112";"JUNIN";"HUANCAYO";"COLCA";"GOBIERNO REGIONAL";"I-2";"00000701";"COLCA";"NE_0002";"";"NE_0002";"NE_0002";"NE_0002";"NE_0002";"NE_0002";"NE_0002";"NE_0002"
"2023";"02";"120108";"JUNIN";"HUANCAYO";"CHONGOS ALTO";"GOBIERNO REGIONAL";"I-3";"00000700";"CHONGOS ALTO";"NE_0002";"";"NE_0002";"NE_0002";"NE_0002";"NE_0002";"NE_0002";"NE_0002";"NE_0002"
"2023";"02";"120105";"JUNIN";"HUANCAYO";"CHACAPAMPA";"GOBIERNO REGIONAL";"I-1";"00000694";"CHACAPAMPA";"NE_0002";"";"NE_0002";"NE_0002";"NE_0002";"NE_0002";"NE_0002";"NE_0002";"NE_0002"
"2023";"05";"150108";"LIMA";"LIMA";"CHORRILLOS";"SANIDAD DEL EJERCITO DEL PERU";"II-E";"00010098";"HOSPITAL MILITAR GERIATRICO";"240000";"HOSPITALIZACIÓN";"38";"45";"365";"287";"15";"465";"1"
"2023";"05";"050906";"AYACUCHO";"SUCRE";"MORCOLLA";"GOBIERNO REGIONAL";"I-1";"00003812";"PUESTO DE SALUD HUACO";"NE_0001";"";"NE_0001";"NE_0001";"NE_0001";"NE_0001";"NE_0001";"NE_0001";"NE_0001"
"2023";"05";"150110";"LIMA";"LIMA";"COMAS";"PRIVADO";"I-3";"00025575";"CENTRO CLÍNICO SAN NICOLAS";"NE_0001";"";"NE_0001";"NE_0001";"NE_0001";"NE_0001";"NE_0001";"NE_0001";"NE_0001"
"2023";"05";"040108";"AREQUIPA";"AREQUIPA";"LA JOYA";"ESSALUD";"I-2";"00013305";"POSTA MEDICA LA JOYA";"NE_0001";"";"NE_0001";"NE_0001";"NE_0001";"NE_0001";"NE_0001";"NE_0001";"NE_0001"
"2023";"05";"150125";"LIMA";"LIMA";"PUENTE PIEDRA";"PRIVADO";"II-E";"00016353";"CLINICA MONTELUZ";"241400";"HOSPITALIZACIÓN QUIRÚRGICA GINECO - OBSTETRICIA ";"93";"90";"145";"150";"12";"372";"0"
"2023";"05";"150125";"LIMA";"LIMA";"PUENTE PIEDRA";"PRIVADO";"II-E";"00016353";"CLINICA MONTELUZ";"240100";"HOSPITALIZACIÓN QUIRÚRGICA CIRUGÍA GENERAL ";"81";"79";"176";"180";"10";"310";"0"
"2023";"05";"120114";"JUNIN";"HUANCAYO";"EL TAMBO";"GOBIERNO REGIONAL";"I-2";"00000713";"BATANYACU";"NE_0002";"";"NE_0002";"NE_0002";"NE_0002";"NE_0002";"NE_0002";"NE_0002";"NE_0002"
"2023";"05";"130106";"LA LIBERTAD";"TRUJILLO";"LAREDO";"GOBIERNO REGIONAL";"II-1";"00005231";"HOSPITAL DISTRITAL LAREDO";"241400";"HOSPITALIZACIÓN QUIRÚRGICA GINECO - OBSTETRICIA ";"35";"35";"45";"80";"6";"186";"0"
"2023";"05";"130106";"LA LIBERTAD";"TRUJILLO";"LAREDO";"GOBIERNO REGIONAL";"II-1";"00005231";"HOSPITAL DISTRITAL LAREDO";"241800";"HOSPITALIZACIÓN DE MEDICINA MEDICINA GENERAL ";"65";"67";"251";"318";"12";"372";"0"
"2023";"05";"130106";"LA LIBERTAD";"TRUJILLO";"LAREDO";"GOBIERNO REGIONAL";"II-1";"00005231";"HOSPITAL DISTRITAL LAREDO";"242500";"HOSPITALIZACIÓN-PEDIATRÍA GENERAL-";"12";"12";"56";"68";"3";"93";"1"
"2023";"05";"060101";"CAJAMARCA";"CAJAMARCA";"CAJAMARCA";"PRIVADO";"I-3";"00029378";"SALUD OCUPACIONAL  EL GALENO";"NE_0001";"";"NE_0001";"NE_0001";"NE_0001";"NE_0001";"NE_0001";"NE_0001";"NE_0001"
"2023";"05";"220805";"SAN MARTIN";"RIOJA";"PARDO MIGUEL";"GOBIERNO REGIONAL";"I-1";"00006306";"EL MIRADOR";"NE_0001";"";"NE_0001";"NE_0001";"NE_0001";"NE_0001";"NE_0001";"NE_0001";"NE_0001"
"2023";"05";"220805";"SAN MARTIN";"RIOJA";"PARDO MIGUEL";"GOBIERNO REGIONAL";"I-1";"00006309";"TUMBARO";"NE_0001";"";"NE_0001";"NE_0001";"NE_0001";"NE_0001";"NE_0001";"NE_0001";"NE_0001"
"2023";"05";"220805";"SAN MARTIN";"RIOJA";"PARDO MIGUEL";"GOBIERNO REGIONAL";"I-2";"00006304";"AGUAS CLARAS";"NE_0001";"";"NE_0001";"NE_0001";"NE_0001";"NE_0001";"NE_0001";"NE_0001";"NE_0001"
"2023";"05";"220805";"SAN MARTIN";"RIOJA";"PARDO MIGUEL";"GOBIERNO REGIONAL";"I-1";"00006308";"SAN AGUSTIN";"NE_0001";"";"NE_0001";"NE_0001";"NE_0001";"NE_0001";"NE_0001";"NE_0001";"NE_0001"
"2023";"05";"220805";"SAN MARTIN";"RIOJA";"PARDO MIGUEL";"GOBIERNO REGIONAL";"I-2";"00006305";"AGUAS VERDES";"NE_0001";"";"NE_0001";"NE_0001";"NE_0001";"NE_0001";"NE_0001";"NE_0001";"NE_0001"
"2023";"05";"220805";"SAN MARTIN";"RIOJA";"PARDO MIGUEL";"GOBIERNO REGIONAL";"I-1";"00006310";"PERLA DEL MAYO";"NE_0001";"";"NE_0001";"NE_0001";"NE_0001";"NE_0001";"NE_0001";"NE_0001";"NE_0001"
"2023";"05";"220805";"SAN MARTIN";"RIOJA";"PARDO MIGUEL";"GOBIERNO REGIONAL";"I-1";"00006307";"PIONEROS BAJO (SAN JUAN DEL MAYO)";"NE_0001";"";"NE_0001";"NE_0001";"NE_0001";"NE_0001";"NE_0001";"NE_0001";"NE_0001"
"2023";"05";"220805";"SAN MARTIN";"RIOJA";"PARDO MIGUEL";"GOBIERNO REGIONAL";"I-4";"00006303";"CENTRO DE NARANJOS";"241600";"HOSPITALIZACIÓN QUIRÚRGICA OBSTETRICIA   ";"15";"15";"15";"30";"06";"180";"150"
"2023";"05";"220805";"SAN MARTIN";"RIOJA";"PARDO MIGUEL";"GOBIERNO REGIONAL";"I-4";"00006303";"CENTRO DE NARANJOS";"241800";"HOSPITALIZACIÓN DE MEDICINA MEDICINA GENERAL ";"14";"14";"27";"45";"03";"90";"45"
"2023";"05";"150121";"LIMA";"LIMA";"PUEBLO LIBRE";"PRIVADO";"II-E";"00020230";"CLINICA DE OJOS GLOBAL LASER";"NE_0001";"";"NE_0001";"NE_0001";"NE_0001";"NE_0001";"NE_0001";"NE_0001";"NE_0001"
"2023";"04";"120114";"JUNIN";"HUANCAYO";"EL TAMBO";"PRIVADO";"II-1";"00025970";"CLINICA REBAGLIATI";"240100";"HOSPITALIZACIÓN QUIRÚRGICA CIRUGÍA GENERAL ";"51";"51";"51";"71";"9";"51";"0"
"2023";"04";"120114";"JUNIN";"HUANCAYO";"EL TAMBO";"PRIVADO";"II-1";"00025970";"CLINICA REBAGLIATI";"240200";"HOSPITALIZACIÓN QUIRÚRGICA CIRUGÍA DE CABEZA Y CUELLO / MÁXILO FACIAL ";"2";"2";"2";"4";"3";"9";"0"
"2023";"04";"120114";"JUNIN";"HUANCAYO";"EL TAMBO";"PRIVADO";"II-1";"00025970";"CLINICA REBAGLIATI";"240400";"HOSPITALIZACIÓN QUIRÚRGICA CIRUGÍA DE TÓRAX Y CARDIOVASCULAR ";"1";"1";"1";"2";"2";"3";"1"
"2023";"04";"120114";"JUNIN";"HUANCAYO";"EL TAMBO";"PRIVADO";"II-1";"00025970";"CLINICA REBAGLIATI";"240800";"HOSPITALIZACIÓN QUIRÚRGICA CIRUGÍA PLÁSTICA/RECONSTRUCTIVA/ REPARADORA ";"1";"1";"3";"3";"3";"6";"0"
"2023";"04";"120114";"JUNIN";"HUANCAYO";"EL TAMBO";"PRIVADO";"II-1";"00025970";"CLINICA REBAGLIATI";"240900";"HOSPITALIZACIÓN QUIRÚRGICA NEUROCIRUGÍA ";"4";"4";"6";"2";"1";"2";"0"
"2023";"04";"120114";"JUNIN";"HUANCAYO";"EL TAMBO";"PRIVADO";"II-1";"00025970";"CLINICA REBAGLIATI";"241100";"HOSPITALIZACIÓN QUIRÚRGICA OTORRINOLARINGOLOGÍA  ";"12";"12";"12";"16";"17";"20";"0"
"2023";"04";"120114";"JUNIN";"HUANCAYO";"EL TAMBO";"PRIVADO";"II-1";"00025970";"CLINICA REBAGLIATI";"241200";"HOSPITALIZACIÓN QUIRÚRGICA TRAUMATOLOGÍA Y ORTOPEDIA ";"5";"5";"5";"20";"5";"22";"0"
"2023";"04";"120114";"JUNIN";"HUANCAYO";"EL TAMBO";"PRIVADO";"II-1";"00025970";"CLINICA REBAGLIATI";"241300";"HOSPITALIZACIÓN QUIRÚRGICA UROLOGÍA  ";"8";"8";"8";"9";"10";"12";"0"
"2023";"04";"120114";"JUNIN";"HUANCAYO";"EL TAMBO";"PRIVADO";"II-1";"00025970";"CLINICA REBAGLIATI";"241400";"HOSPITALIZACIÓN QUIRÚRGICA GINECO - OBSTETRICIA ";"18";"18";"18";"19";"19";"20";"0"
"2023";"04";"120114";"JUNIN";"HUANCAYO";"EL TAMBO";"PRIVADO";"II-1";"00025970";"CLINICA REBAGLIATI";"241500";"HOSPITALIZACIÓN QUIRÚRGICA GINECOLOGÍA  ";"6";"6";"6";"33";"12";"34";"0"
"2023";"04";"120114";"JUNIN";"HUANCAYO";"EL TAMBO";"PRIVADO";"II-1";"00025970";"CLINICA REBAGLIATI";"241600";"HOSPITALIZACIÓN QUIRÚRGICA OBSTETRICIA   ";"2";"2";"2";"5";"4";"7";"0"
"2023";"04";"120114";"JUNIN";"HUANCAYO";"EL TAMBO";"PRIVADO";"II-1";"00025970";"CLINICA REBAGLIATI";"241800";"HOSPITALIZACIÓN DE MEDICINA MEDICINA GENERAL ";"2";"2";"2";"3";"4";"5";"0"
"2023";"04";"120114";"JUNIN";"HUANCAYO";"EL TAMBO";"PRIVADO";"II-1";"00025970";"CLINICA REBAGLIATI";"241900";"HOSPITALIZACIÓN DE MEDICINA MEDICINA INTERNA ";"4";"4";"4";"3";"3";"4";"0"
"2023";"04";"120114";"JUNIN";"HUANCAYO";"EL TAMBO";"PRIVADO";"II-1";"00025970";"CLINICA REBAGLIATI";"242100";"HOSPITALIZACIÓN DE MEDICINA ONCOLOGÍA MÉDICA ";"3";"3";"6";"9";"3";"11";"1"
"2023";"04";"120114";"JUNIN";"HUANCAYO";"EL TAMBO";"PRIVADO";"II-1";"00025970";"CLINICA REBAGLIATI";"245400";"HOSPITALIZACIÓN DE MEDICINA GINECOLOGIA ";"1";"1";"2";"3";"4";"6";"0"
"2023";"04";"120114";"JUNIN";"HUANCAYO";"EL TAMBO";"PRIVADO";"II-1";"00025970";"CLINICA REBAGLIATI";"244700";"HOSPITALIZACIÓN DE MEDICINA NEUROLOGIA  ";"3";"3";"3";"4";"4";"5";"0"
"2023";"05";"060101";"CAJAMARCA";"CAJAMARCA";"CAJAMARCA";"PRIVADO";"I-3";"00018140";"MEDITRAN PERU E.I.R.L.";"NE_0001";"";"NE_0001";"NE_0001";"NE_0001";"NE_0001";"NE_0001";"NE_0001";"NE_0001"
"2023";"05";"010701";"AMAZONAS";"UTCUBAMBA";"BAGUA GRANDE";"ESSALUD";"II-1";"00009067";"HOSPITAL EL BUEN SAMARITANO";"242300";"HOSPITALIZACIÓN DE PEDIATRÍA  PEDIATRÍA  GENERAL ";"29";"29";"81";"79";"3";"93";"0"
"2023";"05";"150130";"LIMA";"LIMA";"SAN BORJA";"PRIVADO";"II-1";"00010515";"CLINICA SANTA LUCIA S.A.C.";"241300";"HOSPITALIZACIÓN QUIRÚRGICA UROLOGÍA  ";"29";"29";"29";"29";"10";"300";"0"
"2023";"05";"150130";"LIMA";"LIMA";"SAN BORJA";"PRIVADO";"II-1";"00010515";"CLINICA SANTA LUCIA S.A.C.";"241200";"HOSPITALIZACIÓN QUIRÚRGICA TRAUMATOLOGÍA Y ORTOPEDIA ";"10";"10";"10";"10";"8";"240";"0"
"2023";"05";"150130";"LIMA";"LIMA";"SAN BORJA";"PRIVADO";"II-1";"00010515";"CLINICA SANTA LUCIA S.A.C.";"240800";"HOSPITALIZACIÓN QUIRÚRGICA CIRUGÍA PLÁSTICA/RECONSTRUCTIVA/ REPARADORA ";"4";"4";"4";"4";"2";"60";"0"
"2023";"05";"150130";"LIMA";"LIMA";"SAN BORJA";"PRIVADO";"II-1";"00010515";"CLINICA SANTA LUCIA S.A.C.";"241400";"HOSPITALIZACIÓN QUIRÚRGICA GINECO - OBSTETRICIA ";"6";"6";"6";"6";"5";"150";"0"
"2023";"05";"150130";"LIMA";"LIMA";"SAN BORJA";"PRIVADO";"II-1";"00010515";"CLINICA SANTA LUCIA S.A.C.";"241100";"HOSPITALIZACIÓN QUIRÚRGICA OTORRINOLARINGOLOGÍA  ";"14";"14";"14";"14";"5";"150";"0"
"2023";"05";"040109";"AREQUIPA";"AREQUIPA";"MARIANO MELGAR";"GOBIERNO REGIONAL";"I-2";"00001309";"PUESTO DE SALUD JERUSALEN";"NE_0001";"";"NE_0001";"NE_0001";"NE_0001";"NE_0001";"NE_0001";"NE_0001";"NE_0001"
"2023";"04";"250102";"UCAYALI";"CORONEL PORTILLO";"CAMPOVERDE";"GOBIERNO REGIONAL";"I-1";"00025879";"PUESTO DE SALUD AMAKELLA";"NE_0001";"";"NE_0001";"NE_0001";"NE_0001";"NE_0001";"NE_0001";"NE_0001";"NE_0001"
"2023";"04";"250102";"UCAYALI";"CORONEL PORTILLO";"CAMPOVERDE";"GOBIERNO REGIONAL";"I-1";"00011626";"NUEVA ESPERANZA";"NE_0001";"";"NE_0001";"NE_0001";"NE_0001";"NE_0001";"NE_0001";"NE_0001";"NE_0001"
"2023";"04";"250102";"UCAYALI";"CORONEL PORTILLO";"CAMPOVERDE";"GOBIERNO REGIONAL";"I-1";"00005440";"LOS PINOS";"NE_0001";"";"NE_0001";"NE_0001";"NE_0001";"NE_0001";"NE_0001";"NE_0001";"NE_0001"
"2023";"04";"250102";"UCAYALI";"CORONEL PORTILLO";"CAMPOVERDE";"GOBIERNO REGIONAL";"I-1";"00005437";"ANTONIO RAYMONDI";"NE_0001";"";"NE_0001";"NE_0001";"NE_0001";"NE_0001";"NE_0001";"NE_0001";"NE_0001"
"2023";"04";"250102";"UCAYALI";"CORONEL PORTILLO";"CAMPOVERDE";"GOBIERNO REGIONAL";"I-1";"00005436";"LA VICTORIA";"NE_0001";"";"NE_0001";"NE_0001";"NE_0001";"NE_0001";"NE_0001";"NE_0001";"NE_0001"
"2023";"04";"250102";"UCAYALI";"CORONEL PORTILLO";"CAMPOVERDE";"GOBIERNO REGIONAL";"I-2";"00005432";"PIMENTAL";"NE_0001";"";"NE_0001";"NE_0001";"NE_0001";"NE_0001";"NE_0001";"NE_0001";"NE_0001"
"2023";"04";"250102";"UCAYALI";"CORONEL PORTILLO";"CAMPOVERDE";"GOBIERNO REGIONAL";"I-1";"00005430";"SAN JOSE KM 26";"NE_0001";"";"NE_0001";"NE_0001";"NE_0001";"NE_0001";"NE_0001";"NE_0001";"NE_0001"
"2023";"04";"250102";"UCAYALI";"CORONEL PORTILLO";"CAMPOVERDE";"GOBIERNO REGIONAL";"I-1";"00005428";"SAN MARTIN DE MOJARAL";"NE_0001";"";"NE_0001";"NE_0001";"NE_0001";"NE_0001";"NE_0001";"NE_0001";"NE_0001"
"2023";"04";"250102";"UCAYALI";"CORONEL PORTILLO";"CAMPOVERDE";"GOBIERNO REGIONAL";"I-1";"00005427";"PUEBLO LIBRE";"NE_0001";"";"NE_0001";"NE_0001";"NE_0001";"NE_0001";"NE_0001";"NE_0001";"NE_0001"
"2023";"05";"130101";"LA LIBERTAD";"TRUJILLO";"TRUJILLO";"PRIVADO";"II-1";"00013395";"CLÍNICA MATERNO INFANTIL DEL NORTE S.A";"241400";"HOSPITALIZACIÓN QUIRÚRGICA GINECO - OBSTETRICIA ";"50";"53";"122";"50";"13";"403";"0"
"2023";"05";"130101";"LA LIBERTAD";"TRUJILLO";"TRUJILLO";"PRIVADO";"II-1";"00013395";"CLÍNICA MATERNO INFANTIL DEL NORTE S.A";"240100";"HOSPITALIZACIÓN QUIRÚRGICA CIRUGÍA GENERAL ";"3";"1";"4";"3";"13";"403";"0"
"2023";"05";"250101";"UCAYALI";"CORONEL PORTILLO";"CALLERIA";"SANIDAD DE LA POLICIA NACIONAL DEL PERU";"I-3";"00010148";"POLICLINICO POLICIAL PUCALLPA";"NE_0001";"";"NE_0001";"NE_0001";"NE_0001";"NE_0001";"NE_0001";"NE_0001";"NE_0001"
"2023";"05";"070101";"CALLAO";"CALLAO";"CALLAO";"PRIVADO";"II-2";"00018319";"HOSPITAL ALBERTO LEONARDO BARTON THOMPSON";"240100";"HOSPITALIZACIÓN QUIRÚRGICA CIRUGÍA GENERAL ";"18";"227";"843";"751";"26";"806";"0"
"2023";"05";"070101";"CALLAO";"CALLAO";"CALLAO";"PRIVADO";"II-2";"00018319";"HOSPITAL ALBERTO LEONARDO BARTON THOMPSON";"241500";"HOSPITALIZACIÓN QUIRÚRGICA GINECOLOGÍA  ";"86";"207";"892";"855";"30";"930";"8"
"2023";"05";"070101";"CALLAO";"CALLAO";"CALLAO";"PRIVADO";"II-2";"00018319";"HOSPITAL ALBERTO LEONARDO BARTON THOMPSON";"241800";"HOSPITALIZACIÓN DE MEDICINA MEDICINA GENERAL ";"245";"260";"2998";"2354";"78";"2418";"34"
"2023";"05";"070101";"CALLAO";"CALLAO";"CALLAO";"PRIVADO";"II-2";"00018319";"HOSPITAL ALBERTO LEONARDO BARTON THOMPSON";"242300";"HOSPITALIZACIÓN DE PEDIATRÍA  PEDIATRÍA  GENERAL ";"125";"140";"482";"477";"33";"1023";"0"
"2023";"05";"070101";"CALLAO";"CALLAO";"CALLAO";"PRIVADO";"II-2";"00018319";"HOSPITAL ALBERTO LEONARDO BARTON THOMPSON";"250100";"UNIDAD DE CUIDADOS CRITICOS UNIDAD  DE CUIDADOS INTENSIVOS GENERALES (UCI) ";"25";"14";"96";"333";"17";"527";"12"
"2023";"05";"070101";"CALLAO";"CALLAO";"CALLAO";"PRIVADO";"II-2";"00018319";"HOSPITAL ALBERTO LEONARDO BARTON THOMPSON";"250200";"UNIDAD DE CUIDADOS CRITICOS UNIDAD DE CUIDADOS INTERMEDIOS GENERAL  (UCIN) ";"20";"26";"279";"344";"25";"775";"3"
"2023";"05";"120602";"JUNIN";"SATIPO";"COVIRIALI";"GOBIERNO REGIONAL";"I-3";"00000485";"COVIRIALI";"NE_0001";"";"NE_0001";"NE_0001";"NE_0001";"NE_0001";"NE_0001";"NE_0001";"NE_0001"
"2023";"05";"060612";"CAJAMARCA";"CUTERVO";"SANTO DOMINGO DE LA CAPILLA";"GOBIERNO REGIONAL";"I-3";"00005002";"STO. DOMINGO DE LA CAPILLA";"NE_0001";"";"NE_0001";"NE_0001";"NE_0001";"NE_0001";"NE_0001";"NE_0001";"NE_0001"
"2023";"05";"150112";"LIMA";"LIMA";"INDEPENDENCIA";"PRIVADO";"II-2";"00010182";"CLINICA JESUS DEL NORTE";"240000";"HOSPITALIZACIÓN";"575";"565";"1598";"2169";"73";"2263";"5"
"2023";"05";"150112";"LIMA";"LIMA";"INDEPENDENCIA";"PRIVADO";"II-2";"00010182";"CLINICA JESUS DEL NORTE";"250100";"UNIDAD DE CUIDADOS CRITICOS UNIDAD  DE CUIDADOS INTENSIVOS GENERALES (UCI) ";"50";"54";"94";"124";"7";"217";"3"
"2023";"05";"070102";"CALLAO";"CALLAO";"BELLAVISTA";"PRIVADO";"II-E";"00018670";"CLINICA G'STAR";"240000";"HOSPITALIZACIÓN";"28";"28";"60";"63";"10";"300";"0"
"2023";"05";"120426";"JUNIN";"JAUJA";"POMACANCHA";"GOBIERNO REGIONAL";"I-1";"00000389";"ARMONIA";"NE_0001";"";"NE_0001";"NE_0001";"NE_0001";"NE_0001";"NE_0001";"NE_0001";"NE_0001"
"2023";"05";"120422";"JUNIN";"JAUJA";"PACA";"GOBIERNO REGIONAL";"I-1";"00000386";"YANACANCHA";"NE_0001";"";"NE_0001";"NE_0001";"NE_0001";"NE_0001";"NE_0001";"NE_0001";"NE_0001"
"2023";"05";"120432";"JUNIN";"JAUJA";"TUNAN MARCA";"GOBIERNO REGIONAL";"I-1";"00000391";"TUNANMARCA";"NE_0001";"";"NE_0001";"NE_0001";"NE_0001";"NE_0001";"NE_0001";"NE_0001";"NE_0001"
"2023";"05";"120402";"JUNIN";"JAUJA";"ACOLLA";"GOBIERNO REGIONAL";"I-2";"00000383";"PACHASCUCHO";"NE_0001";"";"NE_0001";"NE_0001";"NE_0001";"NE_0001";"NE_0001";"NE_0001";"NE_0001"
"2023";"05";"120426";"JUNIN";"JAUJA";"POMACANCHA";"GOBIERNO REGIONAL";"I-2";"00000388";"POMACANCHA";"NE_0001";"";"NE_0001";"NE_0001";"NE_0001";"NE_0001";"NE_0001";"NE_0001";"NE_0001"
"2023";"05";"120426";"JUNIN";"JAUJA";"POMACANCHA";"GOBIERNO REGIONAL";"I-1";"00000390";"CASABLANCA";"NE_0001";"";"NE_0001";"NE_0001";"NE_0001";"NE_0001";"NE_0001";"NE_0001";"NE_0001"
"2023";"05";"120402";"JUNIN";"JAUJA";"ACOLLA";"GOBIERNO REGIONAL";"I-1";"00000381";"SACAS";"NE_0001";"";"NE_0001";"NE_0001";"NE_0001";"NE_0001";"NE_0001";"NE_0001";"NE_0001"
"2023";"05";"120402";"JUNIN";"JAUJA";"ACOLLA";"GOBIERNO REGIONAL";"I-2";"00000384";"TINGO PACCHA";"NE_0001";"";"NE_0001";"NE_0001";"NE_0001";"NE_0001";"NE_0001";"NE_0001";"NE_0001"
"2023";"05";"120402";"JUNIN";"JAUJA";"ACOLLA";"GOBIERNO REGIONAL";"I-3";"00000379";"ACOLLA";"NE_0001";"";"NE_0001";"NE_0001";"NE_0001";"NE_0001";"NE_0001";"NE_0001";"NE_0001"
"2023";"05";"120402";"JUNIN";"JAUJA";"ACOLLA";"GOBIERNO REGIONAL";"I-2";"00000380";"EL TINGO";"NE_0001";"";"NE_0001";"NE_0001";"NE_0001";"NE_0001";"NE_0001";"NE_0001";"NE_0001"
"2023";"05";"060809";"CAJAMARCA";"JAEN";"SALLIQUE";"GOBIERNO REGIONAL";"I-2";"00004253";"LA UNION";"NE_0001";"";"NE_0001";"NE_0001";"NE_0001";"NE_0001";"NE_0001";"NE_0001";"NE_0001"
"2023";"05";"060809";"CAJAMARCA";"JAEN";"SALLIQUE";"GOBIERNO REGIONAL";"I-1";"00009967";"CHALANMACHE";"NE_0001";"";"NE_0001";"NE_0001";"NE_0001";"NE_0001";"NE_0001";"NE_0001";"NE_0001"
"2023";"05";"060809";"CAJAMARCA";"JAEN";"SALLIQUE";"GOBIERNO REGIONAL";"I-1";"00024940";"EL ESPINO";"NE_0001";"";"NE_0001";"NE_0001";"NE_0001";"NE_0001";"NE_0001";"NE_0001";"NE_0001"
"2023";"05";"060809";"CAJAMARCA";"JAEN";"SALLIQUE";"GOBIERNO REGIONAL";"I-1";"00025537";"TAILIN";"NE_0001";"";"NE_0001";"NE_0001";"NE_0001";"NE_0001";"NE_0001";"NE_0001";"NE_0001"
"2023";"05";"060809";"CAJAMARCA";"JAEN";"SALLIQUE";"GOBIERNO REGIONAL";"I-3";"00004250";"SALLIQUE";"NE_0001";"";"NE_0001";"NE_0001";"NE_0001";"NE_0001";"NE_0001";"NE_0001";"NE_0001"
"2023";"05";"060809";"CAJAMARCA";"JAEN";"SALLIQUE";"GOBIERNO REGIONAL";"I-1";"00004251";"MAZIN";"NE_0001";"";"NE_0001";"NE_0001";"NE_0001";"NE_0001";"NE_0001";"NE_0001";"NE_0001"
"2023";"05";"170101";"MADRE DE DIOS";"TAMBOPATA";"TAMBOPATA";"GOBIERNO REGIONAL";"II-1";"00002698";"HOSPITAL SANTA ROSA";"243200";"HOSPITALIZACIÓN DE PEDIATRÍA PEDIATRIA NEONATOLOGÍA";"223";"220";"402";"223";"17";"510";"0"
"2023";"05";"170101";"MADRE DE DIOS";"TAMBOPATA";"TAMBOPATA";"GOBIERNO REGIONAL";"II-1";"00002698";"HOSPITAL SANTA ROSA";"241600";"HOSPITALIZACIÓN QUIRÚRGICA OBSTETRICIA   ";"312";"298";"726";"312";"37";"1110";"0"
"2023";"05";"170101";"MADRE DE DIOS";"TAMBOPATA";"TAMBOPATA";"GOBIERNO REGIONAL";"II-1";"00002698";"HOSPITAL SANTA ROSA";"241200";"HOSPITALIZACIÓN QUIRÚRGICA TRAUMATOLOGÍA Y ORTOPEDIA ";"74";"48";"258";"74";"24";"720";"0"
"2023";"05";"170101";"MADRE DE DIOS";"TAMBOPATA";"TAMBOPATA";"GOBIERNO REGIONAL";"II-1";"00002698";"HOSPITAL SANTA ROSA";"241800";"HOSPITALIZACIÓN DE MEDICINA MEDICINA GENERAL ";"183";"159";"882";"183";"40";"1200";"0"
"2023";"05";"170101";"MADRE DE DIOS";"TAMBOPATA";"TAMBOPATA";"GOBIERNO REGIONAL";"II-1";"00002698";"HOSPITAL SANTA ROSA";"240100";"HOSPITALIZACIÓN QUIRÚRGICA CIRUGÍA GENERAL ";"105";"88";"395";"105";"19";"570";"0"
"2023";"05";"170101";"MADRE DE DIOS";"TAMBOPATA";"TAMBOPATA";"GOBIERNO REGIONAL";"II-1";"00002698";"HOSPITAL SANTA ROSA";"242300";"HOSPITALIZACIÓN DE PEDIATRÍA  PEDIATRÍA  GENERAL ";"97";"93";"320";"97";"18";"540";"0"
"2023";"05";"170101";"MADRE DE DIOS";"TAMBOPATA";"TAMBOPATA";"GOBIERNO REGIONAL";"II-1";"00002698";"HOSPITAL SANTA ROSA";"250100";"UNIDAD DE CUIDADOS CRITICOS UNIDAD  DE CUIDADOS INTENSIVOS GENERALES (UCI) ";"7";"4";"19";"7";"6";"180";"0"
"2023";"05";"170101";"MADRE DE DIOS";"TAMBOPATA";"TAMBOPATA";"GOBIERNO REGIONAL";"II-1";"00002698";"HOSPITAL SANTA ROSA";"250105";"UNIDAD DE CUIDADOS CRITICOS UNIDAD  DE CUIDADOS INTENSIVOS  (UCI) NEONATOLOGÍA";"6";"5";"28";"6";"4";"120";"0"
"2023";"05";"170101";"MADRE DE DIOS";"TAMBOPATA";"TAMBOPATA";"GOBIERNO REGIONAL";"II-1";"00002698";"HOSPITAL SANTA ROSA";"241500";"HOSPITALIZACIÓN QUIRÚRGICA GINECOLOGÍA  ";"11";"11";"57";"11";"6";"180";"0"
"2023";"05";"060809";"CAJAMARCA";"JAEN";"SALLIQUE";"GOBIERNO REGIONAL";"I-2";"00007053";"PALAMBE";"NE_0001";"";"NE_0001";"NE_0001";"NE_0001";"NE_0001";"NE_0001";"NE_0001";"NE_0001"
"2023";"05";"060809";"CAJAMARCA";"JAEN";"SALLIQUE";"GOBIERNO REGIONAL";"I-1";"00004252";"SAULACA";"NE_0001";"";"NE_0001";"NE_0001";"NE_0001";"NE_0001";"NE_0001";"NE_0001";"NE_0001"
"2023";"04";"250105";"UCAYALI";"CORONEL PORTILLO";"YARINACOCHA";"GOBIERNO REGIONAL";"I-1";"00005549";"SANTA ROSA";"NE_0001";"";"NE_0001";"NE_0001";"NE_0001";"NE_0001";"NE_0001";"NE_0001";"NE_0001"
"2023";"04";"250105";"UCAYALI";"CORONEL PORTILLO";"YARINACOCHA";"GOBIERNO REGIONAL";"I-1";"00005548";"CASHIVOCOCHA";"NE_0001";"";"NE_0001";"NE_0001";"NE_0001";"NE_0001";"NE_0001";"NE_0001";"NE_0001"
"2023";"05";"040119";"AREQUIPA";"AREQUIPA";"SAN JUAN DE TARUCANI";"GOBIERNO REGIONAL";"I-2";"00001321";"PUESTO DE SALUD SALINAS HUITO";"NE_0001";"";"NE_0001";"NE_0001";"NE_0001";"NE_0001";"NE_0001";"NE_0001";"NE_0001"
"2023";"05";"040106";"AREQUIPA";"AREQUIPA";"CHIGUATA";"GOBIERNO REGIONAL";"I-2";"00001320";"PUESTO DE SALUD ARENALES";"NE_0001";"";"NE_0001";"NE_0001";"NE_0001";"NE_0001";"NE_0001";"NE_0001";"NE_0001"
"2023";"05";"021701";"ANCASH";"RECUAY";"RECUAY";"GOBIERNO REGIONAL";"II-1";"00001472";"HOSPITAL DE APOYO RECUAY";"241500";"HOSPITALIZACIÓN QUIRÚRGICA GINECOLOGÍA  ";"9";"9";"36";"36";"1";"30";"0"
"2023";"05";"021701";"ANCASH";"RECUAY";"RECUAY";"GOBIERNO REGIONAL";"II-1";"00001472";"HOSPITAL DE APOYO RECUAY";"241600";"HOSPITALIZACIÓN QUIRÚRGICA OBSTETRICIA   ";"10";"10";"24";"24";"2";"60";"0"
"2023";"05";"021701";"ANCASH";"RECUAY";"RECUAY";"GOBIERNO REGIONAL";"II-1";"00001472";"HOSPITAL DE APOYO RECUAY";"242500";"HOSPITALIZACIÓN-PEDIATRÍA GENERAL-";"1";"1";"1";"1";"1";"30";"0"
"2023";"05";"021701";"ANCASH";"RECUAY";"RECUAY";"GOBIERNO REGIONAL";"II-1";"00001472";"HOSPITAL DE APOYO RECUAY";"241600";"HOSPITALIZACIÓN QUIRÚRGICA OBSTETRICIA   ";"5";"4";"6";"6";"2";"60";"0"
"2023";"05";"220602";"SAN MARTIN";"MARISCAL CACERES";"CAMPANILLA";"GOBIERNO REGIONAL";"I-3";"00006575";"CAMPANILLA";"NE_0001";"";"NE_0001";"NE_0001";"NE_0001";"NE_0001";"NE_0001";"NE_0001";"NE_0001"
"2023";"05";"220602";"SAN MARTIN";"MARISCAL CACERES";"CAMPANILLA";"GOBIERNO REGIONAL";"I-1";"00006579";"NUEVO JAEN";"NE_0001";"";"NE_0001";"NE_0001";"NE_0001";"NE_0001";"NE_0001";"NE_0001";"NE_0001"
"2023";"05";"220602";"SAN MARTIN";"MARISCAL CACERES";"CAMPANILLA";"GOBIERNO REGIONAL";"I-1";"00006577";"SHUMANZA";"NE_0001";"";"NE_0001";"NE_0001";"NE_0001";"NE_0001";"NE_0001";"NE_0001";"NE_0001"
"2023";"05";"220602";"SAN MARTIN";"MARISCAL CACERES";"CAMPANILLA";"GOBIERNO REGIONAL";"I-1";"00006578";"SION";"NE_0001";"";"NE_0001";"NE_0001";"NE_0001";"NE_0001";"NE_0001";"NE_0001";"NE_0001"
"2023";"05";"220602";"SAN MARTIN";"MARISCAL CACERES";"CAMPANILLA";"GOBIERNO REGIONAL";"I-1";"00006715";"PERLAMAYO";"NE_0001";"";"NE_0001";"NE_0001";"NE_0001";"NE_0001";"NE_0001";"NE_0001";"NE_0001"
"2023";"05";"130101";"LA LIBERTAD";"TRUJILLO";"TRUJILLO";"PRIVADO";"II-1";"00012301";"CLINICA SAN ANTONIO";"240900";"HOSPITALIZACIÓN QUIRÚRGICA NEUROCIRUGÍA ";"6";"5";"33";"198";"59";"198";"0"
"2023";"05";"130101";"LA LIBERTAD";"TRUJILLO";"TRUJILLO";"PRIVADO";"II-1";"00012301";"CLINICA SAN ANTONIO";"240400";"HOSPITALIZACIÓN QUIRÚRGICA CIRUGÍA DE TÓRAX Y CARDIOVASCULAR ";"1";"37";"1";"1";"59";"60";"0"
"2023";"05";"130101";"LA LIBERTAD";"TRUJILLO";"TRUJILLO";"PRIVADO";"II-1";"00012301";"CLINICA SAN ANTONIO";"240100";"HOSPITALIZACIÓN QUIRÚRGICA CIRUGÍA GENERAL ";"7";"9";"17";"119";"1";"119";"0"
"2023";"05";"130101";"LA LIBERTAD";"TRUJILLO";"TRUJILLO";"PRIVADO";"II-1";"00012301";"CLINICA SAN ANTONIO";"245400";"HOSPITALIZACIÓN DE MEDICINA GINECOLOGIA ";"41";"37";"141";"5781";"1";"5781";"0"
"2023";"04";"060508";"CAJAMARCA";"CONTUMAZA";"YONAN";"ESSALUD";"I-2";"00010274";"POSTA MEDICA TEMBLADERA";"NE_0001";"";"NE_0001";"NE_0001";"NE_0001";"NE_0001";"NE_0001";"NE_0001";"NE_0001"
"2023";"04";"200104";"PIURA";"PIURA";"CASTILLA";"PRIVADO";"0";"00013494";"AUNA CLINICA MIRAFLORES";"240000";"HOSPITALIZACIÓN";"59";"107";"716";"494";"37";"1110";"2"
"2023";"04";"200104";"PIURA";"PIURA";"CASTILLA";"PRIVADO";"0";"00013494";"AUNA CLINICA MIRAFLORES";"250100";"UNIDAD DE CUIDADOS CRITICOS UNIDAD  DE CUIDADOS INTENSIVOS GENERALES (UCI) ";"5";"4";"35";"69";"6";"180";"2"
"2023";"04";"051006";"AYACUCHO";"VICTOR FAJARDO";"CAYARA";"GOBIERNO REGIONAL";"I-2";"00003828";"PUESTO DE SALUD CAYARA";"NE_0001";"";"NE_0001";"NE_0001";"NE_0001";"NE_0001";"NE_0001";"NE_0001";"NE_0001"
"2023";"04";"051007";"AYACUCHO";"VICTOR FAJARDO";"COLCA";"GOBIERNO REGIONAL";"I-1";"00003835";"PUESTO DE SALUD COLCA";"NE_0001";"";"NE_0001";"NE_0001";"NE_0001";"NE_0001";"NE_0001";"NE_0001";"NE_0001"
"2023";"04";"150113";"LIMA";"LIMA";"JESUS MARIA";"PRIVADO";"II-E";"00017173";"CLINICA PORVENIR";"240000";"HOSPITALIZACIÓN";"143";"132";"188";"143";"13";"403";"0"
"2023";"04";"150134";"LIMA";"LIMA";"SAN LUIS";"PRIVADO";"II-1";"00008786";"CLINICA SAN JUAN DE DIOS";"240000";"HOSPITALIZACIÓN";"51";"48";"132";"137";"25";"750";"0"
"2023";"04";"021809";"ANCASH";"SANTA";"NUEVO CHIMBOTE";"PRIVADO";"II-E";"00010475";"CENTRO MEDICO ESPECIALIZADO CLINICA DE LA MUJER Y EL NIÑO EIRL";"241400";"HOSPITALIZACIÓN QUIRÚRGICA GINECO - OBSTETRICIA ";"11";"11";"20";"28";"4";"145";"0"
"2023";"04";"021809";"ANCASH";"SANTA";"NUEVO CHIMBOTE";"PRIVADO";"II-E";"00010475";"CENTRO MEDICO ESPECIALIZADO CLINICA DE LA MUJER Y EL NIÑO EIRL";"240100";"HOSPITALIZACIÓN QUIRÚRGICA CIRUGÍA GENERAL ";"2";"2";"2";"2";"1";"5";"0"
"2023";"04";"050201";"AYACUCHO";"CANGALLO";"CANGALLO";"GOBIERNO REGIONAL";"II-1";"00003494";"HOSPITAL DE APOYO CANGALLO";"240100";"HOSPITALIZACIÓN QUIRÚRGICA CIRUGÍA GENERAL ";"21";"21";"89";"45";"4";"124";"0"
"2023";"04";"050201";"AYACUCHO";"CANGALLO";"CANGALLO";"GOBIERNO REGIONAL";"II-1";"00003494";"HOSPITAL DE APOYO CANGALLO";"241200";"HOSPITALIZACIÓN QUIRÚRGICA TRAUMATOLOGÍA Y ORTOPEDIA ";"1";"1";"3";"1";"3";"62";"0"
"2023";"04";"050201";"AYACUCHO";"CANGALLO";"CANGALLO";"GOBIERNO REGIONAL";"II-1";"00003494";"HOSPITAL DE APOYO CANGALLO";"241400";"HOSPITALIZACIÓN QUIRÚRGICA GINECO - OBSTETRICIA ";"13";"15";"27";"16";"6";"186";"0"
"2023";"04";"050201";"AYACUCHO";"CANGALLO";"CANGALLO";"GOBIERNO REGIONAL";"II-1";"00003494";"HOSPITAL DE APOYO CANGALLO";"241600";"HOSPITALIZACIÓN QUIRÚRGICA OBSTETRICIA   ";"2";"2";"5";"5";"4";"124";"0"
"2023";"04";"050201";"AYACUCHO";"CANGALLO";"CANGALLO";"GOBIERNO REGIONAL";"II-1";"00003494";"HOSPITAL DE APOYO CANGALLO";"241800";"HOSPITALIZACIÓN DE MEDICINA MEDICINA GENERAL ";"7";"8";"40";"10";"4";"124";"0"
"2023";"04";"080108";"CUSCO";"CUSCO";"WANCHAQ";"PRIVADO";"II-E";"00011339";"SAN JOSE";"240100";"HOSPITALIZACIÓN QUIRÚRGICA CIRUGÍA GENERAL ";"105";"99";"735";"55";"24";"720";"0"
"2023";"04";"150125";"LIMA";"LIMA";"PUENTE PIEDRA";"MINSA";"II-2";"00007632";"HOSPITAL CARLOS LANFRANCO LA HOZ";"240100";"HOSPITALIZACIÓN QUIRÚRGICA CIRUGÍA GENERAL ";"269";"289";"682";"302";"34";"1020";"1"
"2023";"04";"150125";"LIMA";"LIMA";"PUENTE PIEDRA";"MINSA";"II-2";"00007632";"HOSPITAL CARLOS LANFRANCO LA HOZ";"241900";"HOSPITALIZACIÓN DE MEDICINA MEDICINA INTERNA ";"113";"154";"767";"184";"26";"780";"18"
"2023";"04";"150125";"LIMA";"LIMA";"PUENTE PIEDRA";"MINSA";"II-2";"00007632";"HOSPITAL CARLOS LANFRANCO LA HOZ";"241400";"HOSPITALIZACIÓN QUIRÚRGICA GINECO - OBSTETRICIA ";"327";"348";"636";"367";"32";"960";"0"
"2023";"04";"150125";"LIMA";"LIMA";"PUENTE PIEDRA";"MINSA";"II-2";"00007632";"HOSPITAL CARLOS LANFRANCO LA HOZ";"242300";"HOSPITALIZACIÓN DE PEDIATRÍA  PEDIATRÍA  GENERAL ";"60";"71";"290";"83";"11";"330";"0"
"2023";"04";"150125";"LIMA";"LIMA";"PUENTE PIEDRA";"MINSA";"II-2";"00007632";"HOSPITAL CARLOS LANFRANCO LA HOZ";"243200";"HOSPITALIZACIÓN DE PEDIATRÍA PEDIATRIA NEONATOLOGÍA";"42";"49";"172";"55";"11";"330";"0"
"2023";"04";"130101";"LA LIBERTAD";"TRUJILLO";"TRUJILLO";"GOBIERNO REGIONAL";"III-2";"00005197";"IRO JSU";"NE_0001";"";"NE_0001";"NE_0001";"NE_0001";"NE_0001";"NE_0001";"NE_0001";"NE_0001"
"2023";"04";"080108";"CUSCO";"CUSCO";"WANCHAQ";"PRIVADO";"II-E";"00011339";"SAN JOSE";"241700";"HOSPITALIZACIÓN QUIRÚRGICA GINECOLOGÍA   GINECOLOGIA ONCOLOGiCA";"22";"20";"87";"30";"24";"720";"0"
"2023";"04";"080108";"CUSCO";"CUSCO";"WANCHAQ";"PRIVADO";"II-E";"00011339";"SAN JOSE";"240400";"HOSPITALIZACIÓN QUIRÚRGICA CIRUGÍA DE TÓRAX Y CARDIOVASCULAR ";"10";"7";"65";"18";"24";"720";"0"
"2023";"04";"080108";"CUSCO";"CUSCO";"WANCHAQ";"PRIVADO";"II-E";"00011339";"SAN JOSE";"241200";"HOSPITALIZACIÓN QUIRÚRGICA TRAUMATOLOGÍA Y ORTOPEDIA ";"8";"6";"43";"13";"24";"720";"0"
"2023";"04";"080108";"CUSCO";"CUSCO";"WANCHAQ";"PRIVADO";"II-E";"00011339";"SAN JOSE";"241300";"HOSPITALIZACIÓN QUIRÚRGICA UROLOGÍA  ";"3";"2";"35";"12";"24";"720";"0"
"2023";"04";"230103";"TACNA";"TACNA";"CALANA";"ESSALUD";"II-2";"00010185";"Hospital III Daniel Alcides Carrión EsSalud Red de Tacna";"250100";"UNIDAD DE CUIDADOS CRITICOS UNIDAD  DE CUIDADOS INTENSIVOS GENERALES (UCI) ";"18";"16";"202";"133";"5";"143";"2"
"2023";"04";"230103";"TACNA";"TACNA";"CALANA";"ESSALUD";"II-2";"00010185";"Hospital III Daniel Alcides Carrión EsSalud Red de Tacna";"250200";"UNIDAD DE CUIDADOS CRITICOS UNIDAD DE CUIDADOS INTERMEDIOS GENERAL  (UCIN) ";"46";"47";"423";"316";"12";"351";"3"
"2023";"04";"230103";"TACNA";"TACNA";"CALANA";"ESSALUD";"II-2";"00010185";"Hospital III Daniel Alcides Carrión EsSalud Red de Tacna";"241900";"HOSPITALIZACIÓN DE MEDICINA MEDICINA INTERNA ";"123";"130";"1206";"1253";"46";"1379";"12"
"2023";"04";"230103";"TACNA";"TACNA";"CALANA";"ESSALUD";"II-2";"00010185";"Hospital III Daniel Alcides Carrión EsSalud Red de Tacna";"240100";"HOSPITALIZACIÓN QUIRÚRGICA CIRUGÍA GENERAL ";"143";"153";"970";"822";"29";"865";"1"
"2023";"04";"230103";"TACNA";"TACNA";"CALANA";"ESSALUD";"II-2";"00010185";"Hospital III Daniel Alcides Carrión EsSalud Red de Tacna";"241400";"HOSPITALIZACIÓN QUIRÚRGICA GINECO - OBSTETRICIA ";"114";"116";"287";"286";"12";"351";"0"
"2023";"04";"230103";"TACNA";"TACNA";"CALANA";"ESSALUD";"II-2";"00010185";"Hospital III Daniel Alcides Carrión EsSalud Red de Tacna";"242300";"HOSPITALIZACIÓN DE PEDIATRÍA  PEDIATRÍA  GENERAL ";"49";"43";"124";"145";"8";"229";"0"
"2023";"04";"230103";"TACNA";"TACNA";"CALANA";"ESSALUD";"II-2";"00010185";"Hospital III Daniel Alcides Carrión EsSalud Red de Tacna";"243200";"HOSPITALIZACIÓN DE PEDIATRÍA PEDIATRIA NEONATOLOGÍA";"29";"30";"58";"50";"3";"102";"0"
"2023";"04";"150131";"LIMA";"LIMA";"SAN ISIDRO";"PRIVADO";"II-1";"00009888";"CLINICA UNIPLAST S.A.C.";"240800";"HOSPITALIZACIÓN QUIRÚRGICA CIRUGÍA PLÁSTICA/RECONSTRUCTIVA/ REPARADORA ";"13";"13";"13";"13";"3";"90";"0"
"2023";"05";"220101";"SAN MARTIN";"MOYOBAMBA";"MOYOBAMBA";"GOBIERNO REGIONAL";"I-3";"00031275";"CENTRO DE SALUD MENTAL COMUNITARIO MOYOBAMBA";"NE_0001";"";"NE_0001";"NE_0001";"NE_0001";"NE_0001";"NE_0001";"NE_0001";"NE_0001"
"2023";"05";"200101";"PIURA";"PIURA";"PIURA";"PRIVADO";"II-1";"00013042";"CLÍNICA LOS COCOS";"240100";"HOSPITALIZACIÓN QUIRÚRGICA CIRUGÍA GENERAL ";"110";"101";"193";"200";"12";"372";"0"
"2023";"05";"200101";"PIURA";"PIURA";"PIURA";"PRIVADO";"II-1";"00013042";"CLÍNICA LOS COCOS";"241400";"HOSPITALIZACIÓN QUIRÚRGICA GINECO - OBSTETRICIA ";"186";"188";"268";"272";"16";"496";"0"
"2023";"05";"200101";"PIURA";"PIURA";"PIURA";"PRIVADO";"II-1";"00013042";"CLÍNICA LOS COCOS";"241800";"HOSPITALIZACIÓN DE MEDICINA MEDICINA GENERAL ";"35";"33";"84";"92";"11";"341";"0"
"2023";"05";"040126";"AREQUIPA";"AREQUIPA";"YANAHUARA";"PRIVADO";"II-1";"00012907";"SISTEMAS DE ADMINISTRACION HOSPITALARIA S.A.C.";"240100";"HOSPITALIZACIÓN QUIRÚRGICA CIRUGÍA GENERAL ";"46";"46";"345";"46";"14";"434";"0"
"2023";"05";"040126";"AREQUIPA";"AREQUIPA";"YANAHUARA";"PRIVADO";"II-1";"00012907";"SISTEMAS DE ADMINISTRACION HOSPITALARIA S.A.C.";"241900";"HOSPITALIZACIÓN DE MEDICINA MEDICINA INTERNA ";"21";"21";"95";"21";"14";"434";"0"
"2023";"05";"040126";"AREQUIPA";"AREQUIPA";"YANAHUARA";"PRIVADO";"II-1";"00012907";"SISTEMAS DE ADMINISTRACION HOSPITALARIA S.A.C.";"241400";"HOSPITALIZACIÓN QUIRÚRGICA GINECO - OBSTETRICIA ";"49";"49";"291";"47";"14";"434";"0"
"2023";"05";"021801";"ANCASH";"SANTA";"CHIMBOTE";"ESSALUD";"I-3";"00010013";"POLICLÍNICO DE COMPLEJIDAD CRECIENTE ""VICTOR PANTA RODRIGUEZ""";"NE_0001";"";"NE_0001";"NE_0001";"NE_0001";"NE_0001";"NE_0001";"NE_0001";"NE_0001"
"2023";"05";"150116";"LIMA";"LIMA";"LINCE";"PRIVADO";"II-E";"00023918";"CLINICA CIRLAP";"240000";"HOSPITALIZACIÓN";"35";"35";"92";"75";"12";"360";"0"
"2023";"05";"061103";"CAJAMARCA";"SAN MIGUEL";"CALQUIS";"GOBIERNO REGIONAL";"I-1";"00019286";"GORDILLOS";"NE_0001";"";"NE_0001";"NE_0001";"NE_0001";"NE_0001";"NE_0001";"NE_0001";"NE_0001"
"2023";"05";"060802";"CAJAMARCA";"JAEN";"BELLAVISTA";"GOBIERNO REGIONAL";"I-3";"00004225";"AMBATO TAMBORAPA";"NE_0001";"";"NE_0001";"NE_0001";"NE_0001";"NE_0001";"NE_0001";"NE_0001";"NE_0001"
"2023";"05";"061101";"CAJAMARCA";"SAN MIGUEL";"SAN MIGUEL";"GOBIERNO REGIONAL";"I-1";"00004574";"TAYAPAMPA";"NE_0001";"";"NE_0001";"NE_0001";"NE_0001";"NE_0001";"NE_0001";"NE_0001";"NE_0001"
"2023";"05";"061101";"CAJAMARCA";"SAN MIGUEL";"SAN MIGUEL";"GOBIERNO REGIONAL";"I-1";"00008996";"CHUAD";"NE_0001";"";"NE_0001";"NE_0001";"NE_0001";"NE_0001";"NE_0001";"NE_0001";"NE_0001"
"2023";"05";"061113";"CAJAMARCA";"SAN MIGUEL";"UNION AGUA BLANCA";"GOBIERNO REGIONAL";"I-2";"00004546";"UNION AGUA BLANCA";"NE_0001";"";"NE_0001";"NE_0001";"NE_0001";"NE_0001";"NE_0001";"NE_0001";"NE_0001"
"2023";"05";"061101";"CAJAMARCA";"SAN MIGUEL";"SAN MIGUEL";"GOBIERNO REGIONAL";"I-1";"00004571";"NITISUYO ALTO";"NE_0001";"";"NE_0001";"NE_0001";"NE_0001";"NE_0001";"NE_0001";"NE_0001";"NE_0001"
"2023";"05";"061101";"CAJAMARCA";"SAN MIGUEL";"SAN MIGUEL";"GOBIERNO REGIONAL";"I-1";"00019285";"CHIAPON";"NE_0001";"";"NE_0001";"NE_0001";"NE_0001";"NE_0001";"NE_0001";"NE_0001";"NE_0001"
"2023";"05";"061105";"CAJAMARCA";"SAN MIGUEL";"EL PRADO";"GOBIERNO REGIONAL";"I-2";"00004573";"LAMASPAMPA";"NE_0001";"";"NE_0001";"NE_0001";"NE_0001";"NE_0001";"NE_0001";"NE_0001";"NE_0001"
"2023";"05";"120705";"JUNIN";"TARMA";"LA UNION";"GOBIERNO REGIONAL";"I-2";"00000597";"LA UNION LETICIA";"NE_0001";"";"NE_0001";"NE_0001";"NE_0001";"NE_0001";"NE_0001";"NE_0001";"NE_0001"
"2023";"05";"120705";"JUNIN";"TARMA";"LA UNION";"GOBIERNO REGIONAL";"I-1";"00000600";"UCHURACRA";"NE_0001";"";"NE_0001";"NE_0001";"NE_0001";"NE_0001";"NE_0001";"NE_0001";"NE_0001"
"2023";"05";"120705";"JUNIN";"TARMA";"LA UNION";"GOBIERNO REGIONAL";"I-1";"00000598";"CUYRUHUASI";"NE_0001";"";"NE_0001";"NE_0001";"NE_0001";"NE_0001";"NE_0001";"NE_0001";"NE_0001"
"2023";"05";"120705";"JUNIN";"TARMA";"LA UNION";"GOBIERNO REGIONAL";"I-1";"00000599";"CONDORCOCHA";"NE_0001";"";"NE_0001";"NE_0001";"NE_0001";"NE_0001";"NE_0001";"NE_0001";"NE_0001"
"2023";"05";"220911";"SAN MARTIN";"SAN MARTIN";"PAPAPLAYA";"GOBIERNO REGIONAL";"I-1";"00006455";"SAN ANTONIO  RIO HUALLAGA";"NE_0001";"";"NE_0001";"NE_0001";"NE_0001";"NE_0001";"NE_0001";"NE_0001";"NE_0001"
"2023";"05";"220906";"SAN MARTIN";"SAN MARTIN";"EL PORVENIR";"GOBIERNO REGIONAL";"I-1";"00006456";"NUEVO SAN JUAN";"NE_0001";"";"NE_0001";"NE_0001";"NE_0001";"NE_0001";"NE_0001";"NE_0001";"NE_0001"
"2023";"05";"220911";"SAN MARTIN";"SAN MARTIN";"PAPAPLAYA";"GOBIERNO REGIONAL";"I-3";"00006449";"HOSPITAL RURAL DE PAPAPLAYA";"241800";"HOSPITALIZACIÓN DE MEDICINA MEDICINA GENERAL ";"6";"7";"7";"7";"4";"124";"0"
"2023";"05";"220911";"SAN MARTIN";"SAN MARTIN";"PAPAPLAYA";"GOBIERNO REGIONAL";"I-1";"00006448";"REFORMA";"NE_0001";"";"NE_0001";"NE_0001";"NE_0001";"NE_0001";"NE_0001";"NE_0001";"NE_0001"
"2023";"05";"220911";"SAN MARTIN";"SAN MARTIN";"PAPAPLAYA";"GOBIERNO REGIONAL";"I-1";"00006454";"SAN JUAN RIO HUALLAGA";"NE_0001";"";"NE_0001";"NE_0001";"NE_0001";"NE_0001";"NE_0001";"NE_0001";"NE_0001"
"2023";"05";"220906";"SAN MARTIN";"SAN MARTIN";"EL PORVENIR";"GOBIERNO REGIONAL";"I-1";"00006451";"PELEJO";"NE_0001";"";"NE_0001";"NE_0001";"NE_0001";"NE_0001";"NE_0001";"NE_0001";"NE_0001"
"2023";"05";"220911";"SAN MARTIN";"SAN MARTIN";"PAPAPLAYA";"GOBIERNO REGIONAL";"I-1";"00006452";"ASUNCION";"NE_0001";"";"NE_0001";"NE_0001";"NE_0001";"NE_0001";"NE_0001";"NE_0001";"NE_0001"
"2023";"05";"220911";"SAN MARTIN";"SAN MARTIN";"PAPAPLAYA";"GOBIERNO REGIONAL";"I-1";"00006453";"PUERTO MERCEDES";"NE_0001";"";"NE_0001";"NE_0001";"NE_0001";"NE_0001";"NE_0001";"NE_0001";"NE_0001"
"2023";"05";"150133";"LIMA";"LIMA";"SAN JUAN DE MIRAFLORES";"PRIVADO";"II-E";"00016794";"CLINICA DIVINO NIÑO JESUS - ORDEN DE MALTA";"240000";"HOSPITALIZACIÓN";"39";"38";"76";"420";"15";"465";"0"
"2023";"05";"120601";"JUNIN";"SATIPO";"SATIPO";"GOBIERNO REGIONAL";"I-2";"00000482";"HUANTASHIRI";"NE_0001";"";"NE_0001";"NE_0001";"NE_0001";"NE_0001";"NE_0001";"NE_0001";"NE_0001"
"2023";"05";"120607";"JUNIN";"SATIPO";"RIO NEGRO";"GOBIERNO REGIONAL";"I-2";"00000496";"VILLA CAPIRI";"NE_0001";"";"NE_0001";"NE_0001";"NE_0001";"NE_0001";"NE_0001";"NE_0001";"NE_0001"
"2023";"05";"120607";"JUNIN";"SATIPO";"RIO NEGRO";"GOBIERNO REGIONAL";"I-1";"00013862";"MIGUEL GRAU";"NE_0001";"";"NE_0001";"NE_0001";"NE_0001";"NE_0001";"NE_0001";"NE_0001";"NE_0001"
"2023";"05";"120607";"JUNIN";"SATIPO";"RIO NEGRO";"GOBIERNO REGIONAL";"I-1";"00013863";"ALTO VILLA VICTORIA";"NE_0001";"";"NE_0001";"NE_0001";"NE_0001";"NE_0001";"NE_0001";"NE_0001";"NE_0001"
"2023";"05";"120607";"JUNIN";"SATIPO";"RIO NEGRO";"GOBIERNO REGIONAL";"I-2";"00000499";"PUENTE IPOKI";"NE_0001";"";"NE_0001";"NE_0001";"NE_0001";"NE_0001";"NE_0001";"NE_0001";"NE_0001"
"2023";"05";"120608";"JUNIN";"SATIPO";"RIO TAMBO";"GOBIERNO REGIONAL";"I-2";"00000500";"AOTI";"NE_0001";"";"NE_0001";"NE_0001";"NE_0001";"NE_0001";"NE_0001";"NE_0001";"NE_0001"
"2023";"05";"120601";"JUNIN";"SATIPO";"SATIPO";"GOBIERNO REGIONAL";"I-1";"00000480";"BAJO CAPIRO";"NE_0001";"";"NE_0001";"NE_0001";"NE_0001";"NE_0001";"NE_0001";"NE_0001";"NE_0001"
"2023";"05";"120607";"JUNIN";"SATIPO";"RIO NEGRO";"GOBIERNO REGIONAL";"I-2";"00000503";"UNION CUVIRIAKI";"NE_0001";"";"NE_0001";"NE_0001";"NE_0001";"NE_0001";"NE_0001";"NE_0001";"NE_0001"
"2023";"05";"120607";"JUNIN";"SATIPO";"RIO NEGRO";"GOBIERNO REGIONAL";"I-1";"00000504";"SHABASHIPANGO";"NE_0001";"";"NE_0001";"NE_0001";"NE_0001";"NE_0001";"NE_0001";"NE_0001";"NE_0001"
"2023";"05";"120601";"JUNIN";"SATIPO";"SATIPO";"GOBIERNO REGIONAL";"I-1";"00013864";"CANAAN DEL NORTE";"NE_0001";"";"NE_0001";"NE_0001";"NE_0001";"NE_0001";"NE_0001";"NE_0001";"NE_0001"
"2023";"05";"120601";"JUNIN";"SATIPO";"SATIPO";"GOBIERNO REGIONAL";"I-2";"00000478";"RIO VENADO";"NE_0001";"";"NE_0001";"NE_0001";"NE_0001";"NE_0001";"NE_0001";"NE_0001";"NE_0001"
"2023";"05";"120607";"JUNIN";"SATIPO";"RIO NEGRO";"GOBIERNO REGIONAL";"I-2";"00000502";"CUSHIVIANI";"NE_0001";"";"NE_0001";"NE_0001";"NE_0001";"NE_0001";"NE_0001";"NE_0001";"NE_0001"
"2023";"05";"150130";"LIMA";"LIMA";"SAN BORJA";"PRIVADO";"II-E";"00015934";"CENTRO DE CIRUGÍA ESTÉTICA LAS CONDES";"240800";"HOSPITALIZACIÓN QUIRÚRGICA CIRUGÍA PLÁSTICA/RECONSTRUCTIVA/ REPARADORA ";"129";"126";"219";"151";"9";"186";"0"
"2023";"05";"040104";"AREQUIPA";"AREQUIPA";"CERRO COLORADO";"SANIDAD DE LA FUERZA AEREA DEL PERU";"II-E";"00011448";"HOSPITAL REGIONAL DEL SUR";"240000";"HOSPITALIZACIÓN";"14";"14";"87";"90";"20";"470";"0"
"2023";"05";"120303";"JUNIN";"CHANCHAMAYO";"PICHANAQUI";"GOBIERNO REGIONAL";"II-1";"00000340";"HOSPITAL DE APOYO PICHANAKI";"241800";"HOSPITALIZACIÓN DE MEDICINA MEDICINA GENERAL ";"46";"53";"264";"264";"9";"279";"2"
"2023";"05";"120303";"JUNIN";"CHANCHAMAYO";"PICHANAQUI";"GOBIERNO REGIONAL";"II-1";"00000340";"HOSPITAL DE APOYO PICHANAKI";"240100";"HOSPITALIZACIÓN QUIRÚRGICA CIRUGÍA GENERAL ";"34";"32";"95";"95";"4";"124";"0"
"2023";"05";"120303";"JUNIN";"CHANCHAMAYO";"PICHANAQUI";"GOBIERNO REGIONAL";"II-1";"00000340";"HOSPITAL DE APOYO PICHANAKI";"241200";"HOSPITALIZACIÓN QUIRÚRGICA TRAUMATOLOGÍA Y ORTOPEDIA ";"2";"2";"6";"6";"2";"62";"0"
"2023";"05";"120303";"JUNIN";"CHANCHAMAYO";"PICHANAQUI";"GOBIERNO REGIONAL";"II-1";"00000340";"HOSPITAL DE APOYO PICHANAKI";"242500";"HOSPITALIZACIÓN-PEDIATRÍA GENERAL-";"38";"39";"175";"175";"6";"186";"0"
"2023";"05";"120303";"JUNIN";"CHANCHAMAYO";"PICHANAQUI";"GOBIERNO REGIONAL";"II-1";"00000340";"HOSPITAL DE APOYO PICHANAKI";"241600";"HOSPITALIZACIÓN QUIRÚRGICA OBSTETRICIA   ";"121";"123";"239";"239";"12";"372";"0"
"2023";"05";"120303";"JUNIN";"CHANCHAMAYO";"PICHANAQUI";"GOBIERNO REGIONAL";"II-1";"00000340";"HOSPITAL DE APOYO PICHANAKI";"241400";"HOSPITALIZACIÓN QUIRÚRGICA GINECO - OBSTETRICIA ";"43";"45";"73";"73";"9";"279";"0"
"2023";"05";"150122";"LIMA";"LIMA";"MIRAFLORES";"ESSALUD";"II-2";"00008489";"ESSALUD - HOSPITAL III SUÁREZ ANGAMOS";"250100";"UNIDAD DE CUIDADOS CRITICOS UNIDAD  DE CUIDADOS INTENSIVOS GENERALES (UCI) ";"5";"5";"15";"159";"7";"217";"4"
"2023";"05";"150122";"LIMA";"LIMA";"MIRAFLORES";"ESSALUD";"II-2";"00008489";"ESSALUD - HOSPITAL III SUÁREZ ANGAMOS";"250200";"UNIDAD DE CUIDADOS CRITICOS UNIDAD DE CUIDADOS INTERMEDIOS GENERAL  (UCIN) ";"15";"16";"317";"130";"6";"186";"1"
"2023";"05";"150122";"LIMA";"LIMA";"MIRAFLORES";"ESSALUD";"II-2";"00008489";"ESSALUD - HOSPITAL III SUÁREZ ANGAMOS";"241800";"HOSPITALIZACIÓN DE MEDICINA MEDICINA GENERAL ";"107";"107";"911";"724";"24";"744";"9"
"2023";"05";"150122";"LIMA";"LIMA";"MIRAFLORES";"ESSALUD";"II-2";"00008489";"ESSALUD - HOSPITAL III SUÁREZ ANGAMOS";"240100";"HOSPITALIZACIÓN QUIRÚRGICA CIRUGÍA GENERAL ";"237";"230";"581";"518";"20";"606";"0"
"2023";"05";"150122";"LIMA";"LIMA";"MIRAFLORES";"ESSALUD";"II-2";"00008489";"ESSALUD - HOSPITAL III SUÁREZ ANGAMOS";"241400";"HOSPITALIZACIÓN QUIRÚRGICA GINECO - OBSTETRICIA ";"49";"50";"87";"92";"4";"131";"0"
"2023";"05";"150122";"LIMA";"LIMA";"MIRAFLORES";"ESSALUD";"II-2";"00008489";"ESSALUD - HOSPITAL III SUÁREZ ANGAMOS";"241600";"HOSPITALIZACIÓN QUIRÚRGICA OBSTETRICIA   ";"217";"206";"370";"349";"13";"418";"0"
"2023";"05";"150122";"LIMA";"LIMA";"MIRAFLORES";"ESSALUD";"II-2";"00008489";"ESSALUD - HOSPITAL III SUÁREZ ANGAMOS";"242300";"HOSPITALIZACIÓN DE PEDIATRÍA  PEDIATRÍA  GENERAL ";"80";"85";"256";"227";"10";"312";"0"
"2023";"05";"150122";"LIMA";"LIMA";"MIRAFLORES";"ESSALUD";"II-2";"00008489";"ESSALUD - HOSPITAL III SUÁREZ ANGAMOS";"243200";"HOSPITALIZACIÓN DE PEDIATRÍA PEDIATRIA NEONATOLOGÍA";"13";"13";"42";"32";"4";"114";"0"
"2023";"05";"021801";"ANCASH";"SANTA";"CHIMBOTE";"PRIVADO";"II-1";"00016552";"CLINICA ROBLES S.A.C.";"240100";"HOSPITALIZACIÓN QUIRÚRGICA CIRUGÍA GENERAL ";"75";"71";"119";"124";"7";"224";"0"
"2023";"05";"150110";"LIMA";"LIMA";"COMAS";"PRIVADO";"II-1";"00008519";"CLINICA UNIVERSITARIA";"240000";"HOSPITALIZACIÓN";"261";"250";"442";"314";"25";"461";"0"
"2023";"05";"100101";"HUANUCO";"HUANUCO";"HUANUCO";"ESSALUD";"I-3";"00018081";"CENTRO DE ATENCIÓN PRIMARIA III - METROPOLITANO";"NE_0001";"";"NE_0001";"NE_0001";"NE_0001";"NE_0001";"NE_0001";"NE_0001";"NE_0001"
"2023";"06";"100605";"HUANUCO";"LEONCIO PRADO";"LUYANDO";"GOBIERNO REGIONAL";"II-1";"00000932";"HOSPITAL DE TINGO MARIA (HOSPITAL DE CONTINGENCIA)";"241800";"HOSPITALIZACIÓN DE MEDICINA MEDICINA GENERAL ";"67";"70";"565";"563";"10";"563";"4"
"2023";"05";"120301";"JUNIN";"CHANCHAMAYO";"CHANCHAMAYO";"GOBIERNO REGIONAL";"II-2";"00000308";"HOSPITAL REGIONAL DOCENTE DE MEDICINA TROPICAL DR. JULIO CESAR DEMARINI CARO";"241800";"HOSPITALIZACIÓN DE MEDICINA MEDICINA GENERAL ";"73";"73";"486";"470";"22";"682";"3"
"2023";"05";"120301";"JUNIN";"CHANCHAMAYO";"CHANCHAMAYO";"GOBIERNO REGIONAL";"II-2";"00000308";"HOSPITAL REGIONAL DOCENTE DE MEDICINA TROPICAL DR. JULIO CESAR DEMARINI CARO";"242500";"HOSPITALIZACIÓN-PEDIATRÍA GENERAL-";"49";"48";"264";"282";"16";"496";"1"
"2023";"05";"120301";"JUNIN";"CHANCHAMAYO";"CHANCHAMAYO";"GOBIERNO REGIONAL";"II-2";"00000308";"HOSPITAL REGIONAL DOCENTE DE MEDICINA TROPICAL DR. JULIO CESAR DEMARINI CARO";"240100";"HOSPITALIZACIÓN QUIRÚRGICA CIRUGÍA GENERAL ";"93";"82";"278";"320";"25";"775";"0"
"2023";"05";"120301";"JUNIN";"CHANCHAMAYO";"CHANCHAMAYO";"GOBIERNO REGIONAL";"II-2";"00000308";"HOSPITAL REGIONAL DOCENTE DE MEDICINA TROPICAL DR. JULIO CESAR DEMARINI CARO";"241200";"HOSPITALIZACIÓN QUIRÚRGICA TRAUMATOLOGÍA Y ORTOPEDIA ";"30";"31";"122";"127";"8";"248";"0"
"2023";"05";"120301";"JUNIN";"CHANCHAMAYO";"CHANCHAMAYO";"GOBIERNO REGIONAL";"II-2";"00000308";"HOSPITAL REGIONAL DOCENTE DE MEDICINA TROPICAL DR. JULIO CESAR DEMARINI CARO";"241500";"HOSPITALIZACIÓN QUIRÚRGICA GINECOLOGÍA  ";"27";"19";"56";"85";"3";"93";"0"
"2023";"05";"120301";"JUNIN";"CHANCHAMAYO";"CHANCHAMAYO";"GOBIERNO REGIONAL";"II-2";"00000308";"HOSPITAL REGIONAL DOCENTE DE MEDICINA TROPICAL DR. JULIO CESAR DEMARINI CARO";"241600";"HOSPITALIZACIÓN QUIRÚRGICA OBSTETRICIA   ";"110";"103";"287";"268";"13";"403";"0"
"2023";"05";"120301";"JUNIN";"CHANCHAMAYO";"CHANCHAMAYO";"GOBIERNO REGIONAL";"II-2";"00000308";"HOSPITAL REGIONAL DOCENTE DE MEDICINA TROPICAL DR. JULIO CESAR DEMARINI CARO";"241400";"HOSPITALIZACIÓN QUIRÚRGICA GINECO - OBSTETRICIA ";"42";"49";"116";"76";"7";"217";"0"
"2023";"05";"120301";"JUNIN";"CHANCHAMAYO";"CHANCHAMAYO";"GOBIERNO REGIONAL";"II-2";"00000308";"HOSPITAL REGIONAL DOCENTE DE MEDICINA TROPICAL DR. JULIO CESAR DEMARINI CARO";"242200";"HOSPITALIZACIÓN DE MEDICINA PSIQUIATRÍA ";"5";"5";"177";"201";"8";"248";"0"
"2023";"05";"120301";"JUNIN";"CHANCHAMAYO";"CHANCHAMAYO";"GOBIERNO REGIONAL";"II-2";"00000308";"HOSPITAL REGIONAL DOCENTE DE MEDICINA TROPICAL DR. JULIO CESAR DEMARINI CARO";"250103";"UNIDAD DE CUIDADOS CRITICOS UNIDAD  DE CUIDADOS INTENSIVOS GENERALES  (UCI) MEDICINA";"21";"7";"36";"112";"6";"186";"4"
"2023";"05";"100402";"HUANUCO";"HUACAYBAMBA";"CANCHABAMBA";"GOBIERNO REGIONAL";"I-3";"00000878";"CANCHABAMBA";"NE_0001";"";"NE_0001";"NE_0001";"NE_0001";"NE_0001";"NE_0001";"NE_0001";"NE_0001"
"2023";"05";"100402";"HUANUCO";"HUACAYBAMBA";"CANCHABAMBA";"GOBIERNO REGIONAL";"I-1";"00000886";"VILLA FLORES DE RAJIN";"NE_0001";"";"NE_0001";"NE_0001";"NE_0001";"NE_0001";"NE_0001";"NE_0001";"NE_0001"
"2023";"06";"040109";"AREQUIPA";"AREQUIPA";"MARIANO MELGAR";"SANIDAD DEL EJERCITO DEL PERU";"II-1";"00018659";"HOSPITAL MILITAR DIVISIONARIO III DE AREQUIPA";"241800";"HOSPITALIZACIÓN DE MEDICINA MEDICINA GENERAL ";"19";"15";"54";"52";"15";"366";"0"
"2023";"06";"040109";"AREQUIPA";"AREQUIPA";"MARIANO MELGAR";"SANIDAD DEL EJERCITO DEL PERU";"II-1";"00018659";"HOSPITAL MILITAR DIVISIONARIO III DE AREQUIPA";"240100";"HOSPITALIZACIÓN QUIRÚRGICA CIRUGÍA GENERAL ";"7";"8";"72";"40";"15";"410";"0"
"2023";"06";"150137";"LIMA";"LIMA";"SANTA ANITA";"ESSALUD";"II-1";"00008318";"ESSALUD - HOSPITAL I JORGE VOTO BERNALES CORPANCHO";"241800";"HOSPITALIZACIÓN DE MEDICINA MEDICINA GENERAL ";"22";"26";"118";"105";"5";"150";"0"
"2023";"06";"150137";"LIMA";"LIMA";"SANTA ANITA";"ESSALUD";"II-1";"00008318";"ESSALUD - HOSPITAL I JORGE VOTO BERNALES CORPANCHO";"243200";"HOSPITALIZACIÓN DE PEDIATRÍA PEDIATRIA NEONATOLOGÍA";"4";"4";"76";"52";"4";"120";"3"
"2023";"06";"150137";"LIMA";"LIMA";"SANTA ANITA";"ESSALUD";"II-1";"00008318";"ESSALUD - HOSPITAL I JORGE VOTO BERNALES CORPANCHO";"240100";"HOSPITALIZACIÓN QUIRÚRGICA CIRUGÍA GENERAL ";"81";"78";"268";"266";"12";"360";"0"
"2023";"06";"150137";"LIMA";"LIMA";"SANTA ANITA";"ESSALUD";"II-1";"00008318";"ESSALUD - HOSPITAL I JORGE VOTO BERNALES CORPANCHO";"241400";"HOSPITALIZACIÓN QUIRÚRGICA GINECO - OBSTETRICIA ";"22";"26";"84";"73";"3";"90";"0"
"2023";"06";"150137";"LIMA";"LIMA";"SANTA ANITA";"ESSALUD";"II-1";"00008318";"ESSALUD - HOSPITAL I JORGE VOTO BERNALES CORPANCHO";"242300";"HOSPITALIZACIÓN DE PEDIATRÍA  PEDIATRÍA  GENERAL ";"20";"19";"82";"90";"3";"90";"0"
"2023";"06";"150137";"LIMA";"LIMA";"SANTA ANITA";"ESSALUD";"II-1";"00008318";"ESSALUD - HOSPITAL I JORGE VOTO BERNALES CORPANCHO";"250100";"UNIDAD DE CUIDADOS CRITICOS UNIDAD  DE CUIDADOS INTENSIVOS GENERALES (UCI) ";"39";"41";"92";"64";"4";"120";"0"
"2023";"06";"150137";"LIMA";"LIMA";"SANTA ANITA";"ESSALUD";"II-1";"00008318";"ESSALUD - HOSPITAL I JORGE VOTO BERNALES CORPANCHO";"241500";"HOSPITALIZACIÓN QUIRÚRGICA GINECOLOGÍA  ";"213";"219";"422";"445";"17";"510";"0"
"2023";"06";"100605";"HUANUCO";"LEONCIO PRADO";"LUYANDO";"GOBIERNO REGIONAL";"II-1";"00000932";"HOSPITAL DE TINGO MARIA (HOSPITAL DE CONTINGENCIA)";"240100";"HOSPITALIZACIÓN QUIRÚRGICA CIRUGÍA GENERAL ";"80";"74";"388";"370";"16";"481";"0"
"2023";"06";"100605";"HUANUCO";"LEONCIO PRADO";"LUYANDO";"GOBIERNO REGIONAL";"II-1";"00000932";"HOSPITAL DE TINGO MARIA (HOSPITAL DE CONTINGENCIA)";"243200";"HOSPITALIZACIÓN DE PEDIATRÍA PEDIATRIA NEONATOLOGÍA";"31";"32";"174";"198";"10";"300";"2"
"2023";"06";"100605";"HUANUCO";"LEONCIO PRADO";"LUYANDO";"GOBIERNO REGIONAL";"II-1";"00000932";"HOSPITAL DE TINGO MARIA (HOSPITAL DE CONTINGENCIA)";"242500";"HOSPITALIZACIÓN-PEDIATRÍA GENERAL-";"33";"35";"173";"159";"8";"241";"0"
"2023";"06";"100605";"HUANUCO";"LEONCIO PRADO";"LUYANDO";"GOBIERNO REGIONAL";"II-1";"00000932";"HOSPITAL DE TINGO MARIA (HOSPITAL DE CONTINGENCIA)";"241400";"HOSPITALIZACIÓN QUIRÚRGICA GINECO - OBSTETRICIA ";"325";"278";"635";"580";"25";"778";"0"
"2023";"06";"100605";"HUANUCO";"LEONCIO PRADO";"LUYANDO";"GOBIERNO REGIONAL";"II-1";"00000932";"HOSPITAL DE TINGO MARIA (HOSPITAL DE CONTINGENCIA)";"250304";"HOSPIT. EN UNIDAD DE CUID.INTEN.-UNIDAD DE VIGILANCIA INTENSIVA (UVI)-MEDICINA";"7";"3";"26";"54";"6";"186";"2"
"2023";"06";"100605";"HUANUCO";"LEONCIO PRADO";"LUYANDO";"GOBIERNO REGIONAL";"II-1";"00000932";"HOSPITAL DE TINGO MARIA (HOSPITAL DE CONTINGENCIA)";"242205";"HOSPITALIZACIÓN MEDICINA PSIQUIATRÍA PISIQUIATRIA/ SALUD MENTAL Y ADICCIONES";"4";"5";"106";"187";"10";"300";"0"
"2023";"06";"120709";"JUNIN";"TARMA";"TAPO";"GOBIERNO REGIONAL";"I-1";"00000580";"CASACOTO - SAN ANTONIO";"NE_0001";"";"NE_0001";"NE_0001";"NE_0001";"NE_0001";"NE_0001";"NE_0001";"NE_0001"
"2023";"06";"120709";"JUNIN";"TARMA";"TAPO";"GOBIERNO REGIONAL";"I-1";"00000582";"PACCHAC";"NE_0001";"";"NE_0001";"NE_0001";"NE_0001";"NE_0001";"NE_0001";"NE_0001";"NE_0001"
"2023";"06";"150137";"LIMA";"LIMA";"SANTA ANITA";"ESSALUD";"II-E";"00010434";"ESSALUD - HOSPITAL IIE SAN ISIDRO LABRADOR";"241900";"HOSPITALIZACIÓN DE MEDICINA MEDICINA INTERNA ";"232";"236";"4440";"4269";"180";"5400";"27"
"2023";"06";"150137";"LIMA";"LIMA";"SANTA ANITA";"ESSALUD";"II-E";"00010434";"ESSALUD - HOSPITAL IIE SAN ISIDRO LABRADOR";"250200";"UNIDAD DE CUIDADOS CRITICOS UNIDAD DE CUIDADOS INTERMEDIOS GENERAL  (UCIN) ";"9";"11";"272";"185";"12";"360";"10"
"2023";"06";"150137";"LIMA";"LIMA";"SANTA ANITA";"ESSALUD";"II-E";"00010434";"ESSALUD - HOSPITAL IIE SAN ISIDRO LABRADOR";"250103";"UNIDAD DE CUIDADOS CRITICOS UNIDAD  DE CUIDADOS INTENSIVOS GENERALES  (UCI) MEDICINA";"6";"4";"112";"133";"8";"180";"3"
"2023";"06";"080104";"CUSCO";"CUSCO";"SAN JERONIMO";"GOBIERNO REGIONAL";"0";"00030727";"PATRÓN SAN SEBASTIAN";"NE_0001";"";"NE_0001";"NE_0001";"NE_0001";"NE_0001";"NE_0001";"NE_0001";"NE_0001"
"2023";"06";"160101";"LORETO";"MAYNAS";"IQUITOS";"SANIDAD DEL EJERCITO DEL PERU";"I-4";"00020543";"IPRESS I-4 MILITAR DIVISIONARIO ""SANTA ROSA"" IQUITOS";"241800";"HOSPITALIZACIÓN DE MEDICINA MEDICINA GENERAL ";"1";"1";"13";"1";"20";"600";"0"
"2023";"06";"220101";"SAN MARTIN";"MOYOBAMBA";"MOYOBAMBA";"GOBIERNO REGIONAL";"I-2";"00006291";"ATUMPLAYA";"NE_0001";"";"NE_0001";"NE_0001";"NE_0001";"NE_0001";"NE_0001";"NE_0001";"NE_0001"
"2023";"06";"220807";"SAN MARTIN";"RIOJA";"SAN FERNANDO";"GOBIERNO REGIONAL";"I-3";"00006290";"SAN FERNANDO";"NE_0002";"";"NE_0002";"NE_0002";"NE_0002";"NE_0002";"NE_0002";"NE_0002";"NE_0002"
"2023";"06";"220807";"SAN MARTIN";"RIOJA";"SAN FERNANDO";"GOBIERNO REGIONAL";"I-1";"00006294";"PERLA MAYO";"NE_0001";"";"NE_0001";"NE_0001";"NE_0001";"NE_0001";"NE_0001";"NE_0001";"NE_0001"
"2023";"06";"120603";"JUNIN";"SATIPO";"LLAYLLA";"GOBIERNO REGIONAL";"I-1";"00000433";"BELEN";"NE_0001";"";"NE_0001";"NE_0001";"NE_0001";"NE_0001";"NE_0001";"NE_0001";"NE_0001"
"2023";"06";"120604";"JUNIN";"SATIPO";"MAZAMARI";"GOBIERNO REGIONAL";"I-4";"00000434";"MAZAMARI";"241600";"HOSPITALIZACIÓN QUIRÚRGICA OBSTETRICIA   ";"47";"52";"94";"94";"6";"180";"0"
"2023";"06";"120604";"JUNIN";"SATIPO";"MAZAMARI";"GOBIERNO REGIONAL";"I-4";"00000434";"MAZAMARI";"241800";"HOSPITALIZACIÓN DE MEDICINA MEDICINA GENERAL ";"12";"14";"53";"53";"8";"240";"0"
"2023";"06";"120604";"JUNIN";"SATIPO";"MAZAMARI";"GOBIERNO REGIONAL";"I-4";"00000434";"MAZAMARI";"242500";"HOSPITALIZACIÓN-PEDIATRÍA GENERAL-";"13";"14";"52";"52";"6";"180";"0"
"2023";"06";"120604";"JUNIN";"SATIPO";"MAZAMARI";"GOBIERNO REGIONAL";"I-2";"00000437";"PANGA";"NE_0001";"";"NE_0001";"NE_0001";"NE_0001";"NE_0001";"NE_0001";"NE_0001";"NE_0001"
"2023";"06";"120606";"JUNIN";"SATIPO";"PANGOA";"GOBIERNO REGIONAL";"I-3";"00000438";"TZIRIARI";"NE_0001";"";"NE_0001";"NE_0001";"NE_0001";"NE_0001";"NE_0001";"NE_0001";"NE_0001"
"2023";"06";"120604";"JUNIN";"SATIPO";"MAZAMARI";"GOBIERNO REGIONAL";"I-2";"00000435";"CAPIRUSHARI";"NE_0001";"";"NE_0001";"NE_0001";"NE_0001";"NE_0001";"NE_0001";"NE_0001";"NE_0001"
"2023";"06";"120604";"JUNIN";"SATIPO";"MAZAMARI";"GOBIERNO REGIONAL";"I-1";"00016908";"GLORIABAMBA";"NE_0001";"";"NE_0001";"NE_0001";"NE_0001";"NE_0001";"NE_0001";"NE_0001";"NE_0001"
"2023";"06";"120604";"JUNIN";"SATIPO";"MAZAMARI";"GOBIERNO REGIONAL";"I-1";"00016912";"VILLA PROGRESO DE EDEN";"NE_0001";"";"NE_0001";"NE_0001";"NE_0001";"NE_0001";"NE_0001";"NE_0001";"NE_0001"
"2023";"06";"120114";"JUNIN";"HUANCAYO";"EL TAMBO";"PRIVADO";"II-E";"00027694";"CHENET CLINICA ESPECIALIZADA";"240100";"HOSPITALIZACIÓN QUIRÚRGICA CIRUGÍA GENERAL ";"46";"51";"233";"175";"10";"300";"1"
"2023";"06";"150125";"LIMA";"LIMA";"PUENTE PIEDRA";"MINSA";"II-2";"00007632";"HOSPITAL CARLOS LANFRANCO LA HOZ";"240100";"HOSPITALIZACIÓN QUIRÚRGICA CIRUGÍA GENERAL ";"234";"254";"648";"272";"34";"1020";"1"
"2023";"06";"150125";"LIMA";"LIMA";"PUENTE PIEDRA";"MINSA";"II-2";"00007632";"HOSPITAL CARLOS LANFRANCO LA HOZ";"241900";"HOSPITALIZACIÓN DE MEDICINA MEDICINA INTERNA ";"109";"146";"829";"179";"26";"780";"19"
"2023";"06";"150125";"LIMA";"LIMA";"PUENTE PIEDRA";"MINSA";"II-2";"00007632";"HOSPITAL CARLOS LANFRANCO LA HOZ";"241400";"HOSPITALIZACIÓN QUIRÚRGICA GINECO - OBSTETRICIA ";"379";"392";"679";"417";"32";"960";"0"
"2023";"06";"150125";"LIMA";"LIMA";"PUENTE PIEDRA";"MINSA";"II-2";"00007632";"HOSPITAL CARLOS LANFRANCO LA HOZ";"242300";"HOSPITALIZACIÓN DE PEDIATRÍA  PEDIATRÍA  GENERAL ";"66";"76";"306";"87";"11";"330";"0"
"2023";"06";"150125";"LIMA";"LIMA";"PUENTE PIEDRA";"MINSA";"II-2";"00007632";"HOSPITAL CARLOS LANFRANCO LA HOZ";"243200";"HOSPITALIZACIÓN DE PEDIATRÍA PEDIATRIA NEONATOLOGÍA";"53";"62";"156";"68";"11";"330";"0"
"2023";"06";"220911";"SAN MARTIN";"SAN MARTIN";"PAPAPLAYA";"GOBIERNO REGIONAL";"I-1";"00006455";"SAN ANTONIO  RIO HUALLAGA";"NE_0001";"";"NE_0001";"NE_0001";"NE_0001";"NE_0001";"NE_0001";"NE_0001";"NE_0001"
"2023";"06";"220906";"SAN MARTIN";"SAN MARTIN";"EL PORVENIR";"GOBIERNO REGIONAL";"I-1";"00006456";"NUEVO SAN JUAN";"NE_0001";"";"NE_0001";"NE_0001";"NE_0001";"NE_0001";"NE_0001";"NE_0001";"NE_0001"
"2023";"06";"220911";"SAN MARTIN";"SAN MARTIN";"PAPAPLAYA";"GOBIERNO REGIONAL";"I-3";"00006449";"HOSPITAL RURAL DE PAPAPLAYA";"241800";"HOSPITALIZACIÓN DE MEDICINA MEDICINA GENERAL ";"5";"5";"5";"5";"4";"120";"0"
"2023";"06";"150110";"LIMA";"LIMA";"COMAS";"PRIVADO";"II-1";"00008519";"CLINICA UNIVERSITARIA";"240000";"HOSPITALIZACIÓN";"262";"245";"446";"289";"25";"453";"0"
"2023";"06";"220401";"SAN MARTIN";"HUALLAGA";"SAPOSOA";"GOBIERNO REGIONAL";"I-1";"00006531";"ALMENDRAS";"NE_0001";"";"NE_0001";"NE_0001";"NE_0001";"NE_0001";"NE_0001";"NE_0001";"NE_0001"
"2023";"06";"220404";"SAN MARTIN";"HUALLAGA";"PISCOYACU";"GOBIERNO REGIONAL";"I-1";"00006533";"PISCOYACU";"NE_0001";"";"NE_0001";"NE_0001";"NE_0001";"NE_0001";"NE_0001";"NE_0001";"NE_0001"
"2023";"06";"220401";"SAN MARTIN";"HUALLAGA";"SAPOSOA";"GOBIERNO REGIONAL";"I-1";"00021587";"ALTO PACHIZA";"NE_0001";"";"NE_0001";"NE_0001";"NE_0001";"NE_0001";"NE_0001";"NE_0001";"NE_0001"
"2023";"06";"220401";"SAN MARTIN";"HUALLAGA";"SAPOSOA";"GOBIERNO REGIONAL";"I-1";"00006532";"PALTAICO";"NE_0001";"";"NE_0001";"NE_0001";"NE_0001";"NE_0001";"NE_0001";"NE_0001";"NE_0001"
"2023";"06";"220401";"SAN MARTIN";"HUALLAGA";"SAPOSOA";"GOBIERNO REGIONAL";"I-1";"00006530";"7 DE JUNIO-AHUIHUA";"NE_0001";"";"NE_0001";"NE_0001";"NE_0001";"NE_0001";"NE_0001";"NE_0001";"NE_0001"
"2023";"06";"220402";"SAN MARTIN";"HUALLAGA";"ALTO SAPOSOA";"GOBIERNO REGIONAL";"I-1";"00006541";"YACUSISA";"NE_0001";"";"NE_0001";"NE_0001";"NE_0001";"NE_0001";"NE_0001";"NE_0001";"NE_0001"
"2023";"06";"220401";"SAN MARTIN";"HUALLAGA";"SAPOSOA";"GOBIERNO REGIONAL";"I-3";"00006538";"EL DORADO";"NE_0001";"";"NE_0001";"NE_0001";"NE_0001";"NE_0001";"NE_0001";"NE_0001";"NE_0001"
"2023";"06";"220401";"SAN MARTIN";"HUALLAGA";"SAPOSOA";"GOBIERNO REGIONAL";"I-3";"00006538";"EL DORADO";"241600";"HOSPITALIZACIÓN QUIRÚRGICA OBSTETRICIA   ";"3";"3";"3";"8";"4";"30";"0"
"2023";"06";"220401";"SAN MARTIN";"HUALLAGA";"SAPOSOA";"GOBIERNO REGIONAL";"I-1";"00006536";"INTIYACU";"NE_0001";"";"NE_0001";"NE_0001";"NE_0001";"NE_0001";"NE_0001";"NE_0001";"NE_0001"
"2023";"06";"220401";"SAN MARTIN";"HUALLAGA";"SAPOSOA";"GOBIERNO REGIONAL";"I-1";"00006537";"CHAMBIRA";"NE_0001";"";"NE_0001";"NE_0001";"NE_0001";"NE_0001";"NE_0001";"NE_0001";"NE_0001"
"2023";"06";"220402";"SAN MARTIN";"HUALLAGA";"ALTO SAPOSOA";"GOBIERNO REGIONAL";"I-2";"00006539";"PASARRAYA";"NE_0001";"";"NE_0001";"NE_0001";"NE_0001";"NE_0001";"NE_0001";"NE_0001";"NE_0001"
"2023";"06";"220401";"SAN MARTIN";"HUALLAGA";"SAPOSOA";"GOBIERNO REGIONAL";"I-1";"00026163";"AGUA AZUL";"NE_0001";"";"NE_0001";"NE_0001";"NE_0001";"NE_0001";"NE_0001";"NE_0001";"NE_0001"
"2023";"06";"021801";"ANCASH";"SANTA";"CHIMBOTE";"ESSALUD";"I-3";"00010013";"POLICLÍNICO DE COMPLEJIDAD CRECIENTE ""VICTOR PANTA RODRIGUEZ""";"NE_0001";"";"NE_0001";"NE_0001";"NE_0001";"NE_0001";"NE_0001";"NE_0001";"NE_0001"
"2023";"06";"150101";"LIMA";"LIMA";"LIMA";"PRIVADO";"II-1";"00011087";"CLINICA LA LUZ S.A.C.";"240000";"HOSPITALIZACIÓN";"86";"86";"173";"173";"12";"18";"0"
"2023";"06";"060801";"CAJAMARCA";"JAEN";"JAEN";"PRIVADO";"II-1";"00015269";"CLINICA SAN FERNANDO E.I.R.L";"241800";"HOSPITALIZACIÓN DE MEDICINA MEDICINA GENERAL ";"3";"2";"16";"5";"18";"24";"0"
"2023";"06";"060801";"CAJAMARCA";"JAEN";"JAEN";"PRIVADO";"II-1";"00015269";"CLINICA SAN FERNANDO E.I.R.L";"241900";"HOSPITALIZACIÓN DE MEDICINA MEDICINA INTERNA ";"4";"2";"12";"6";"18";"24";"0"
"2023";"06";"060801";"CAJAMARCA";"JAEN";"JAEN";"PRIVADO";"II-1";"00015269";"CLINICA SAN FERNANDO E.I.R.L";"241200";"HOSPITALIZACIÓN QUIRÚRGICA TRAUMATOLOGÍA Y ORTOPEDIA ";"5";"4";"1";"12";"18";"24";"0"
"2023";"06";"060801";"CAJAMARCA";"JAEN";"JAEN";"PRIVADO";"II-1";"00015269";"CLINICA SAN FERNANDO E.I.R.L";"241200";"HOSPITALIZACIÓN QUIRÚRGICA TRAUMATOLOGÍA Y ORTOPEDIA ";"6";"4";"14";"10";"18";"24";"0"
"2023";"06";"060801";"CAJAMARCA";"JAEN";"JAEN";"PRIVADO";"II-1";"00015269";"CLINICA SAN FERNANDO E.I.R.L";"241200";"HOSPITALIZACIÓN QUIRÚRGICA TRAUMATOLOGÍA Y ORTOPEDIA ";"6";"4";"14";"10";"18";"24";"0"
"2023";"06";"130705";"LA LIBERTAD";"PACASMAYO";"SAN JOSE";"GOBIERNO REGIONAL";"I-3";"00005297";"SAN JOSE";"NE_0001";"";"NE_0001";"NE_0001";"NE_0001";"NE_0001";"NE_0001";"NE_0001";"NE_0001"
"2023";"06";"080807";"CUSCO";"ESPINAR";"SUYCKUTAMBO";"GOBIERNO REGIONAL";"I-2";"00002419";"SUYKUTAMBO";"NE_0001";"";"NE_0001";"NE_0001";"NE_0001";"NE_0001";"NE_0001";"NE_0001";"NE_0001"
"2023";"06";"080803";"CUSCO";"ESPINAR";"COPORAQUE";"GOBIERNO REGIONAL";"I-2";"00002413";"URINSAYA";"NE_0001";"";"NE_0001";"NE_0001";"NE_0001";"NE_0001";"NE_0001";"NE_0001";"NE_0001"
"2023";"06";"100403";"HUANUCO";"HUACAYBAMBA";"COCHABAMBA";"GOBIERNO REGIONAL";"I-1";"00000882";"SANTA ANA PIRUSHTO";"NE_0001";"";"NE_0001";"NE_0001";"NE_0001";"NE_0001";"NE_0001";"NE_0001";"NE_0001"
"2023";"06";"100403";"HUANUCO";"HUACAYBAMBA";"COCHABAMBA";"GOBIERNO REGIONAL";"I-1";"00000879";"COCHABAMBA";"NE_0001";"";"NE_0001";"NE_0001";"NE_0001";"NE_0001";"NE_0001";"NE_0001";"NE_0001"
"2023";"06";"120304";"JUNIN";"CHANCHAMAYO";"SAN LUIS DE SHUARO";"GOBIERNO REGIONAL";"I-1";"00000316";"SANTA HERMINIA BAJA";"NE_0001";"";"NE_0001";"NE_0001";"NE_0001";"NE_0001";"NE_0001";"NE_0001";"NE_0001"
"2023";"06";"120304";"JUNIN";"CHANCHAMAYO";"SAN LUIS DE SHUARO";"GOBIERNO REGIONAL";"I-3";"00000314";"SAN LUIS DE SHUARO";"NE_0001";"";"NE_0001";"NE_0001";"NE_0001";"NE_0001";"NE_0001";"NE_0001";"NE_0001"
"2023";"06";"080914";"CUSCO";"LA CONVENCION";"MEGANTONI";"GOBIERNO REGIONAL";"I-2";"00002435";"MIARIA";"NE_0001";"";"NE_0001";"NE_0001";"NE_0001";"NE_0001";"NE_0001";"NE_0001";"NE_0001"
"2023";"06";"080914";"CUSCO";"LA CONVENCION";"MEGANTONI";"GOBIERNO REGIONAL";"I-2";"00002445";"TIMPIA";"NE_0001";"";"NE_0001";"NE_0001";"NE_0001";"NE_0001";"NE_0001";"NE_0001";"NE_0001"
"2023";"06";"080914";"CUSCO";"LA CONVENCION";"MEGANTONI";"GOBIERNO REGIONAL";"I-1";"00015235";"NUEVA VIDA";"NE_0001";"";"NE_0001";"NE_0001";"NE_0001";"NE_0001";"NE_0001";"NE_0001";"NE_0001"
"2023";"06";"080914";"CUSCO";"LA CONVENCION";"MEGANTONI";"GOBIERNO REGIONAL";"I-1";"00002436";"NUEVA LUZ";"NE_0001";"";"NE_0001";"NE_0001";"NE_0001";"NE_0001";"NE_0001";"NE_0001";"NE_0001"
"2023";"06";"080914";"CUSCO";"LA CONVENCION";"MEGANTONI";"GOBIERNO REGIONAL";"I-1";"00013066";"MONTETONI";"NE_0001";"";"NE_0001";"NE_0001";"NE_0001";"NE_0001";"NE_0001";"NE_0001";"NE_0001"
"2023";"04";"120303";"JUNIN";"CHANCHAMAYO";"PICHANAQUI";"GOBIERNO REGIONAL";"I-3";"00000343";"CENTRO CUYANI";"NE_0001";"";"NE_0001";"NE_0001";"NE_0001";"NE_0001";"NE_0001";"NE_0001";"NE_0001"
"2023";"04";"120303";"JUNIN";"CHANCHAMAYO";"PICHANAQUI";"GOBIERNO REGIONAL";"I-2";"00000350";"VALLE HERMOSO";"NE_0001";"";"NE_0001";"NE_0001";"NE_0001";"NE_0001";"NE_0001";"NE_0001";"NE_0001"
"2023";"04";"120303";"JUNIN";"CHANCHAMAYO";"PICHANAQUI";"GOBIERNO REGIONAL";"I-2";"00000347";"CONDADO PICHIKIARI";"NE_0001";"";"NE_0001";"NE_0001";"NE_0001";"NE_0001";"NE_0001";"NE_0001";"NE_0001"
"2023";"04";"120303";"JUNIN";"CHANCHAMAYO";"PICHANAQUI";"GOBIERNO REGIONAL";"I-1";"00000353";"ANDRES AVELINO CACERES";"NE_0001";"";"NE_0001";"NE_0001";"NE_0001";"NE_0001";"NE_0001";"NE_0001";"NE_0001"
"2023";"04";"120303";"JUNIN";"CHANCHAMAYO";"PICHANAQUI";"GOBIERNO REGIONAL";"I-1";"00006712";"BARINETTI REAL";"NE_0001";"";"NE_0001";"NE_0001";"NE_0001";"NE_0001";"NE_0001";"NE_0001";"NE_0001"
"2023";"04";"150130";"LIMA";"LIMA";"SAN BORJA";"PRIVADO";"0";"00012366";"MISION MEDICA SAC";"NE_0001";"";"NE_0001";"NE_0001";"NE_0001";"NE_0001";"NE_0001";"NE_0001";"NE_0001"
"2023";"05";"150108";"LIMA";"LIMA";"CHORRILLOS";"PRIVADO";"II-2";"00010251";"CLINICA MAISON DE SANTE DEL SUR";"240000";"HOSPITALIZACIÓN";"107";"97";"412";"382";"20";"620";"2"
"2023";"05";"150108";"LIMA";"LIMA";"CHORRILLOS";"PRIVADO";"II-2";"00010251";"CLINICA MAISON DE SANTE DEL SUR";"241400";"HOSPITALIZACIÓN QUIRÚRGICA GINECO - OBSTETRICIA ";"16";"17";"37";"54";"7";"217";"0"
"2023";"05";"150108";"LIMA";"LIMA";"CHORRILLOS";"PRIVADO";"II-2";"00010251";"CLINICA MAISON DE SANTE DEL SUR";"250100";"UNIDAD DE CUIDADOS CRITICOS UNIDAD  DE CUIDADOS INTENSIVOS GENERALES (UCI) ";"8";"10";"59";"63";"6";"186";"0"
"2023";"05";"040410";"AREQUIPA";"CASTILLA";"PAMPACOLCA";"GOBIERNO REGIONAL";"I-3";"00001385";"CENTRO DE SALUD PAMPACOLCA";"NE_0001";"";"NE_0001";"NE_0001";"NE_0001";"NE_0001";"NE_0001";"NE_0001";"NE_0001"
"2023";"05";"040410";"AREQUIPA";"CASTILLA";"PAMPACOLCA";"GOBIERNO REGIONAL";"I-2";"00001398";"PUESTO DE SALUD SAN ANTONIO";"NE_0001";"";"NE_0001";"NE_0001";"NE_0001";"NE_0001";"NE_0001";"NE_0001";"NE_0001"
"2023";"05";"040410";"AREQUIPA";"CASTILLA";"PAMPACOLCA";"GOBIERNO REGIONAL";"I-1";"00001399";"PUESTO DE SALUD PISCOPAMPA";"NE_0001";"";"NE_0001";"NE_0001";"NE_0001";"NE_0001";"NE_0001";"NE_0001";"NE_0001"
"2023";"05";"080105";"CUSCO";"CUSCO";"SAN SEBASTIAN";"PRIVADO";"II-E";"00024584";"VIRGEN GUADALUPE CUSCO";"240100";"HOSPITALIZACIÓN QUIRÚRGICA CIRUGÍA GENERAL ";"65";"65";"65";"65";"65";"67";"0"
"2023";"05";"080105";"CUSCO";"CUSCO";"SAN SEBASTIAN";"PRIVADO";"II-E";"00024584";"VIRGEN GUADALUPE CUSCO";"241800";"HOSPITALIZACIÓN DE MEDICINA MEDICINA GENERAL ";"3";"3";"3";"3";"3";"6";"0"
"2023";"02";"150128";"LIMA";"LIMA";"RIMAC";"ESSALUD";"I-3";"00008881";"FRANCISCO PIZARRO";"NE_0001";"";"NE_0001";"NE_0001";"NE_0001";"NE_0001";"NE_0001";"NE_0001";"NE_0001"
"2023";"06";"060101";"CAJAMARCA";"CAJAMARCA";"CAJAMARCA";"SANIDAD DE LA POLICIA NACIONAL DEL PERU";"I-3";"00009296";"POLICLINICO PNP CAJAMARCA";"NE_0002";"";"NE_0002";"NE_0002";"NE_0002";"NE_0002";"NE_0002";"NE_0002";"NE_0002"
"2023";"01";"150101";"LIMA";"LIMA";"LIMA";"PRIVADO";"II-E";"00011167";"OFTALMOMEDIC";"NE_0001";"";"NE_0001";"NE_0001";"NE_0001";"NE_0001";"NE_0001";"NE_0001";"NE_0001"
"2023";"06";"220901";"SAN MARTIN";"SAN MARTIN";"TARAPOTO";"SANIDAD DE LA POLICIA NACIONAL DEL PERU";"I-3";"00020827";"POLICLINICO  PNP TARAPOTO";"NE_0001";"";"NE_0001";"NE_0001";"NE_0001";"NE_0001";"NE_0001";"NE_0001";"NE_0001"
"2023";"06";"150101";"LIMA";"LIMA";"LIMA";"ESSALUD";"I-3";"00008539";"POLICLINICO CHINCHA";"NE_0001";"";"NE_0001";"NE_0001";"NE_0001";"NE_0001";"NE_0001";"NE_0001";"NE_0001"
"2023";"06";"021001";"ANCASH";"HUARI";"HUARI";"GOBIERNO REGIONAL";"II-1";"00001813";"HOSPITAL DE APOYO HUARI";"241500";"HOSPITALIZACIÓN QUIRÚRGICA GINECOLOGÍA  ";"3";"3";"6";"6";"6";"180";"0"
"2023";"06";"021001";"ANCASH";"HUARI";"HUARI";"GOBIERNO REGIONAL";"II-1";"00001813";"HOSPITAL DE APOYO HUARI";"241600";"HOSPITALIZACIÓN QUIRÚRGICA OBSTETRICIA   ";"57";"58";"126";"131";"6";"180";"0"
"2023";"06";"021001";"ANCASH";"HUARI";"HUARI";"GOBIERNO REGIONAL";"II-1";"00001813";"HOSPITAL DE APOYO HUARI";"241800";"HOSPITALIZACIÓN DE MEDICINA MEDICINA GENERAL ";"48";"50";"188";"185";"12";"360";"1"
"2023";"06";"021001";"ANCASH";"HUARI";"HUARI";"GOBIERNO REGIONAL";"II-1";"00001813";"HOSPITAL DE APOYO HUARI";"242500";"HOSPITALIZACIÓN-PEDIATRÍA GENERAL-";"12";"13";"44";"52";"4";"120";"0"
"2023";"06";"021001";"ANCASH";"HUARI";"HUARI";"GOBIERNO REGIONAL";"II-1";"00001813";"HOSPITAL DE APOYO HUARI";"243200";"HOSPITALIZACIÓN DE PEDIATRÍA PEDIATRIA NEONATOLOGÍA";"1";"1";"5";"5";"1";"30";"0"
"2023";"06";"130705";"LA LIBERTAD";"PACASMAYO";"SAN JOSE";"ESSALUD";"I-2";"00012110";"POSTA DE SALUD SAN JOSE";"NE_0001";"";"NE_0001";"NE_0001";"NE_0001";"NE_0001";"NE_0001";"NE_0001";"NE_0001"
"2023";"06";"070101";"CALLAO";"CALLAO";"CALLAO";"PRIVADO";"II-2";"00018319";"HOSPITAL ALBERTO LEONARDO BARTON THOMPSON";"240100";"HOSPITALIZACIÓN QUIRÚRGICA CIRUGÍA GENERAL ";"30";"198";"801";"757";"26";"806";"0"
"2023";"06";"070101";"CALLAO";"CALLAO";"CALLAO";"PRIVADO";"II-2";"00018319";"HOSPITAL ALBERTO LEONARDO BARTON THOMPSON";"241500";"HOSPITALIZACIÓN QUIRÚRGICA GINECOLOGÍA  ";"82";"193";"761";"870";"30";"930";"1"
"2023";"06";"070101";"CALLAO";"CALLAO";"CALLAO";"PRIVADO";"II-2";"00018319";"HOSPITAL ALBERTO LEONARDO BARTON THOMPSON";"241800";"HOSPITALIZACIÓN DE MEDICINA MEDICINA GENERAL ";"240";"251";"2344";"2323";"78";"2418";"32"
"2023";"06";"070101";"CALLAO";"CALLAO";"CALLAO";"PRIVADO";"II-2";"00018319";"HOSPITAL ALBERTO LEONARDO BARTON THOMPSON";"242300";"HOSPITALIZACIÓN DE PEDIATRÍA  PEDIATRÍA  GENERAL ";"115";"151";"450";"494";"33";"1023";"0"
"2023";"06";"070101";"CALLAO";"CALLAO";"CALLAO";"PRIVADO";"II-2";"00018319";"HOSPITAL ALBERTO LEONARDO BARTON THOMPSON";"250100";"UNIDAD DE CUIDADOS CRITICOS UNIDAD  DE CUIDADOS INTENSIVOS GENERALES (UCI) ";"11";"11";"207";"331";"17";"527";"10"
"2023";"06";"070101";"CALLAO";"CALLAO";"CALLAO";"PRIVADO";"II-2";"00018319";"HOSPITAL ALBERTO LEONARDO BARTON THOMPSON";"250200";"UNIDAD DE CUIDADOS CRITICOS UNIDAD DE CUIDADOS INTERMEDIOS GENERAL  (UCIN) ";"14";"19";"178";"331";"25";"775";"3"
"2023";"06";"150110";"LIMA";"LIMA";"COMAS";"ESSALUD";"II-1";"00027565";"Hospital I Marino Molina Scippa - EsSalud";"241800";"HOSPITALIZACIÓN DE MEDICINA MEDICINA GENERAL ";"105";"105";"822";"888";"30";"900";"1"
"2023";"06";"150110";"LIMA";"LIMA";"COMAS";"ESSALUD";"II-1";"00027565";"Hospital I Marino Molina Scippa - EsSalud";"240100";"HOSPITALIZACIÓN QUIRÚRGICA CIRUGÍA GENERAL ";"155";"155";"545";"537";"19";"570";"0"
"2023";"06";"150110";"LIMA";"LIMA";"COMAS";"ESSALUD";"II-1";"00027565";"Hospital I Marino Molina Scippa - EsSalud";"241600";"HOSPITALIZACIÓN QUIRÚRGICA OBSTETRICIA   ";"281";"290";"741";"741";"28";"840";"0"
"2023";"06";"150110";"LIMA";"LIMA";"COMAS";"ESSALUD";"II-1";"00027565";"Hospital I Marino Molina Scippa - EsSalud";"241500";"HOSPITALIZACIÓN QUIRÚRGICA GINECOLOGÍA  ";"24";"25";"124";"90";"3";"90";"0"
"2023";"06";"150110";"LIMA";"LIMA";"COMAS";"ESSALUD";"II-1";"00027565";"Hospital I Marino Molina Scippa - EsSalud";"242300";"HOSPITALIZACIÓN DE PEDIATRÍA  PEDIATRÍA  GENERAL ";"55";"55";"266";"285";"10";"300";"0"
"2023";"06";"150110";"LIMA";"LIMA";"COMAS";"ESSALUD";"II-1";"00027565";"Hospital I Marino Molina Scippa - EsSalud";"243200";"HOSPITALIZACIÓN DE PEDIATRÍA PEDIATRIA NEONATOLOGÍA";"53";"57";"162";"148";"7";"210";"1"
"2023";"01";"150113";"LIMA";"LIMA";"JESUS MARIA";"PRIVADO";"III-1";"00009116";"CLINICA SAN FELIPE S.A.";"240000";"HOSPITALIZACIÓN";"361";"337";"1432";"46";"91";"2610";"1"
"2023";"01";"150113";"LIMA";"LIMA";"JESUS MARIA";"PRIVADO";"III-1";"00009116";"CLINICA SAN FELIPE S.A.";"250200";"UNIDAD DE CUIDADOS CRITICOS UNIDAD DE CUIDADOS INTERMEDIOS GENERAL  (UCIN) ";"48";"43";"324";"10";"51";"450";"1"
"2023";"01";"150113";"LIMA";"LIMA";"JESUS MARIA";"PRIVADO";"III-1";"00009116";"CLINICA SAN FELIPE S.A.";"250100";"UNIDAD DE CUIDADOS CRITICOS UNIDAD  DE CUIDADOS INTENSIVOS GENERALES (UCI) ";"31";"30";"153";"5";"20";"330";"3"
"2023";"02";"150113";"LIMA";"LIMA";"JESUS MARIA";"PRIVADO";"III-1";"00009116";"CLINICA SAN FELIPE S.A.";"240000";"HOSPITALIZACIÓN";"343";"336";"1389";"50";"83";"2610";"3"
"2023";"02";"150113";"LIMA";"LIMA";"JESUS MARIA";"PRIVADO";"III-1";"00009116";"CLINICA SAN FELIPE S.A.";"250200";"UNIDAD DE CUIDADOS CRITICOS UNIDAD DE CUIDADOS INTERMEDIOS GENERAL  (UCIN) ";"44";"45";"321";"11";"51";"450";"2"
"2023";"02";"150113";"LIMA";"LIMA";"JESUS MARIA";"PRIVADO";"III-1";"00009116";"CLINICA SAN FELIPE S.A.";"250100";"UNIDAD DE CUIDADOS CRITICOS UNIDAD  DE CUIDADOS INTENSIVOS GENERALES (UCI) ";"43";"43";"156";"6";"20";"330";"1"
"2023";"06";"120906";"JUNIN";"CHUPACA";"SAN JUAN DE YSCOS";"GOBIERNO REGIONAL";"I-1";"00000658";"TINYARI GRANDE";"NE_0001";"";"NE_0001";"NE_0001";"NE_0001";"NE_0001";"NE_0001";"NE_0001";"NE_0001"
"2023";"06";"120905";"JUNIN";"CHUPACA";"HUAMANCACA CHICO";"GOBIERNO REGIONAL";"I-2";"00000655";"HUAMANCACA CHICO";"NE_0001";"";"NE_0001";"NE_0001";"NE_0001";"NE_0001";"NE_0001";"NE_0001";"NE_0001"
"2023";"06";"120906";"JUNIN";"CHUPACA";"SAN JUAN DE YSCOS";"GOBIERNO REGIONAL";"I-2";"00000656";"SAN JUAN DE ISCOS";"NE_0001";"";"NE_0001";"NE_0001";"NE_0001";"NE_0001";"NE_0001";"NE_0001";"NE_0001"
"2023";"06";"120908";"JUNIN";"CHUPACA";"TRES DE DICIEMBRE";"GOBIERNO REGIONAL";"I-2";"00000660";"TRES DE DICIEMBRE";"NE_0001";"";"NE_0001";"NE_0001";"NE_0001";"NE_0001";"NE_0001";"NE_0001";"NE_0001"
"2023";"06";"120902";"JUNIN";"CHUPACA";"AHUAC";"GOBIERNO REGIONAL";"I-2";"00000647";"AHUAC";"NE_0001";"";"NE_0001";"NE_0001";"NE_0001";"NE_0001";"NE_0001";"NE_0001";"NE_0001"
"2023";"06";"120903";"JUNIN";"CHUPACA";"CHONGOS BAJO";"GOBIERNO REGIONAL";"I-1";"00000650";"PUMPUNYA";"NE_0001";"";"NE_0001";"NE_0001";"NE_0001";"NE_0001";"NE_0001";"NE_0001";"NE_0001"
"2023";"06";"120901";"JUNIN";"CHUPACA";"CHUPACA";"GOBIERNO REGIONAL";"I-4";"00000646";"PEDRO SANCHEZ MEZA";"NE_0001";"";"NE_0001";"NE_0001";"NE_0001";"NE_0001";"NE_0001";"NE_0001";"NE_0001"
"2023";"06";"120902";"JUNIN";"CHUPACA";"AHUAC";"GOBIERNO REGIONAL";"I-1";"00000648";"HUARISCA";"NE_0001";"";"NE_0001";"NE_0001";"NE_0001";"NE_0001";"NE_0001";"NE_0001";"NE_0001"
"2023";"06";"120903";"JUNIN";"CHUPACA";"CHONGOS BAJO";"GOBIERNO REGIONAL";"I-3";"00000649";"CHONGOS BAJO";"NE_0001";"";"NE_0001";"NE_0001";"NE_0001";"NE_0001";"NE_0001";"NE_0001";"NE_0001"
"2023";"06";"220506";"SAN MARTIN";"LAMAS";"PINTO RECODO";"GOBIERNO REGIONAL";"I-1";"00006343";"GOSEN";"NE_0001";"";"NE_0001";"NE_0001";"NE_0001";"NE_0001";"NE_0001";"NE_0001";"NE_0001"
"2023";"06";"220506";"SAN MARTIN";"LAMAS";"PINTO RECODO";"GOBIERNO REGIONAL";"I-1";"00006344";"LA LIBERTAD BAJO MAYO";"NE_0001";"";"NE_0001";"NE_0001";"NE_0001";"NE_0001";"NE_0001";"NE_0001";"NE_0001"
"2023";"06";"220506";"SAN MARTIN";"LAMAS";"PINTO RECODO";"GOBIERNO REGIONAL";"I-1";"00006347";"VENCEDOR";"NE_0001";"";"NE_0001";"NE_0001";"NE_0001";"NE_0001";"NE_0001";"NE_0001";"NE_0001"
"2023";"06";"220502";"SAN MARTIN";"LAMAS";"ALONSO DE ALVARADO";"GOBIERNO REGIONAL";"I-3";"00006350";"PACAYZAPA";"241600";"HOSPITALIZACIÓN QUIRÚRGICA OBSTETRICIA   ";"1";"1";"1";"2";"2";"60";"0"
"2023";"06";"220506";"SAN MARTIN";"LAMAS";"PINTO RECODO";"GOBIERNO REGIONAL";"I-1";"00006342";"BETANIA";"NE_0001";"";"NE_0001";"NE_0001";"NE_0001";"NE_0001";"NE_0001";"NE_0001";"NE_0001"
"2023";"06";"220502";"SAN MARTIN";"LAMAS";"ALONSO DE ALVARADO";"GOBIERNO REGIONAL";"I-1";"00006351";"SAN JUAN DE PACAYZAPA";"NE_0001";"";"NE_0001";"NE_0001";"NE_0001";"NE_0001";"NE_0001";"NE_0001";"NE_0001"
"2023";"06";"220506";"SAN MARTIN";"LAMAS";"PINTO RECODO";"GOBIERNO REGIONAL";"I-1";"00006345";"MIRAFLORES";"NE_0001";"";"NE_0001";"NE_0001";"NE_0001";"NE_0001";"NE_0001";"NE_0001";"NE_0001"
"2023";"06";"150142";"LIMA";"LIMA";"VILLA EL SALVADOR";"MINSA";"II-2";"00023159";"HOSPITAL DE EMERGENCIAS VILLA EL SALVADOR";"241800";"HOSPITALIZACIÓN DE MEDICINA MEDICINA GENERAL ";"1";"2";"57";"91";"4";"92";"0"
"2023";"06";"150142";"LIMA";"LIMA";"VILLA EL SALVADOR";"MINSA";"II-2";"00023159";"HOSPITAL DE EMERGENCIAS VILLA EL SALVADOR";"241700";"HOSPITALIZACIÓN QUIRÚRGICA GINECOLOGÍA   GINECOLOGIA ONCOLOGiCA";"35";"15";"59";"59";"3";"90";"0"
"2023";"06";"150142";"LIMA";"LIMA";"VILLA EL SALVADOR";"MINSA";"II-2";"00023159";"HOSPITAL DE EMERGENCIAS VILLA EL SALVADOR";"241800";"HOSPITALIZACIÓN DE MEDICINA MEDICINA GENERAL ";"170";"145";"1253";"1421";"48";"1440";"13"
"2023";"06";"150142";"LIMA";"LIMA";"VILLA EL SALVADOR";"MINSA";"II-2";"00023159";"HOSPITAL DE EMERGENCIAS VILLA EL SALVADOR";"241600";"HOSPITALIZACIÓN QUIRÚRGICA OBSTETRICIA   ";"599";"448";"931";"1003";"42";"1260";"0"
"2023";"06";"150142";"LIMA";"LIMA";"VILLA EL SALVADOR";"MINSA";"II-2";"00023159";"HOSPITAL DE EMERGENCIAS VILLA EL SALVADOR";"242500";"HOSPITALIZACIÓN-PEDIATRÍA GENERAL-";"204";"187";"854";"999";"36";"1080";"1"
"2023";"06";"150142";"LIMA";"LIMA";"VILLA EL SALVADOR";"MINSA";"II-2";"00023159";"HOSPITAL DE EMERGENCIAS VILLA EL SALVADOR";"240100";"HOSPITALIZACIÓN QUIRÚRGICA CIRUGÍA GENERAL ";"321";"205";"1169";"1515";"51";"1561";"1"
"2023";"06";"150142";"LIMA";"LIMA";"VILLA EL SALVADOR";"MINSA";"II-2";"00023159";"HOSPITAL DE EMERGENCIAS VILLA EL SALVADOR";"250103";"UNIDAD DE CUIDADOS CRITICOS UNIDAD  DE CUIDADOS INTENSIVOS GENERALES  (UCI) MEDICINA";"86";"19";"541";"499";"18";"540";"17"
"2023";"06";"150142";"LIMA";"LIMA";"VILLA EL SALVADOR";"MINSA";"II-2";"00023159";"HOSPITAL DE EMERGENCIAS VILLA EL SALVADOR";"250108";"UNIDAD DE CUIDADOS CRITICOS UNIDAD  DE CUIDADOS INTENSIVOS  (UCI) PEDIÁTRICA";"10";"2";"139";"173";"6";"180";"0"
"2023";"06";"150142";"LIMA";"LIMA";"VILLA EL SALVADOR";"MINSA";"II-2";"00023159";"HOSPITAL DE EMERGENCIAS VILLA EL SALVADOR";"250105";"UNIDAD DE CUIDADOS CRITICOS UNIDAD  DE CUIDADOS INTENSIVOS  (UCI) NEONATOLOGÍA";"20";"7";"189";"210";"8";"240";"7"
"2023";"06";"150142";"LIMA";"LIMA";"VILLA EL SALVADOR";"MINSA";"II-2";"00023159";"HOSPITAL DE EMERGENCIAS VILLA EL SALVADOR";"250105";"UNIDAD DE CUIDADOS CRITICOS UNIDAD  DE CUIDADOS INTENSIVOS  (UCI) NEONATOLOGÍA";"92";"67";"511";"461";"16";"480";"0"
"2023";"06";"150142";"LIMA";"LIMA";"VILLA EL SALVADOR";"MINSA";"II-2";"00023159";"HOSPITAL DE EMERGENCIAS VILLA EL SALVADOR";"241500";"HOSPITALIZACIÓN QUIRÚRGICA GINECOLOGÍA  ";"152";"84";"173";"224";"9";"270";"0"
"2023";"06";"080914";"CUSCO";"LA CONVENCION";"MEGANTONI";"GOBIERNO REGIONAL";"I-1";"00002428";"CHOCORIARI";"NE_0001";"";"NE_0001";"NE_0001";"NE_0001";"NE_0001";"NE_0001";"NE_0001";"NE_0001"
"2023";"06";"080914";"CUSCO";"LA CONVENCION";"MEGANTONI";"GOBIERNO REGIONAL";"I-1";"00002441";"PUERTO HUALLANA";"NE_0001";"";"NE_0001";"NE_0001";"NE_0001";"NE_0001";"NE_0001";"NE_0001";"NE_0001"
"2023";"06";"080914";"CUSCO";"LA CONVENCION";"MEGANTONI";"GOBIERNO REGIONAL";"I-1";"00002442";"PUERTO RICO";"NE_0001";"";"NE_0001";"NE_0001";"NE_0001";"NE_0001";"NE_0001";"NE_0001";"NE_0001"
"2023";"06";"080914";"CUSCO";"LA CONVENCION";"MEGANTONI";"GOBIERNO REGIONAL";"I-2";"00002452";"SHIVANKORENI";"NE_0001";"";"NE_0001";"NE_0001";"NE_0001";"NE_0001";"NE_0001";"NE_0001";"NE_0001"
"2023";"06";"080914";"CUSCO";"LA CONVENCION";"MEGANTONI";"GOBIERNO REGIONAL";"I-3";"00002426";"KIRIGUETI";"NE_0001";"";"NE_0001";"NE_0001";"NE_0001";"NE_0001";"NE_0001";"NE_0001";"NE_0001"
"2023";"06";"080914";"CUSCO";"LA CONVENCION";"MEGANTONI";"GOBIERNO REGIONAL";"I-1";"00002444";"SENSA";"NE_0001";"";"NE_0001";"NE_0001";"NE_0001";"NE_0001";"NE_0001";"NE_0001";"NE_0001"
"2023";"06";"080914";"CUSCO";"LA CONVENCION";"MEGANTONI";"GOBIERNO REGIONAL";"I-4";"00002448";"KAMISEA";"NE_0001";"";"NE_0001";"NE_0001";"NE_0001";"NE_0001";"NE_0001";"NE_0001";"NE_0001"
"2023";"06";"040705";"AREQUIPA";"ISLAY";"MEJIA";"GOBIERNO REGIONAL";"I-2";"00001448";"PUESTO DE SALUD MEJIA";"NE_0001";"";"NE_0001";"NE_0001";"NE_0001";"NE_0001";"NE_0001";"NE_0001";"NE_0001"
"2023";"06";"040701";"AREQUIPA";"ISLAY";"MOLLENDO";"GOBIERNO REGIONAL";"I-2";"00001447";"PUESTO DE SALUD VILLA LOURDES";"NE_0001";"";"NE_0001";"NE_0001";"NE_0001";"NE_0001";"NE_0001";"NE_0001";"NE_0001"
"2023";"06";"040701";"AREQUIPA";"ISLAY";"MOLLENDO";"GOBIERNO REGIONAL";"I-4";"00001444";"CENTRO DE SALUD ALTO INCLAN";"241600";"HOSPITALIZACIÓN QUIRÚRGICA OBSTETRICIA   ";"4";"4";"4";"1";"5";"150";"0"
"2023";"06";"040704";"AREQUIPA";"ISLAY";"ISLAY";"GOBIERNO REGIONAL";"I-3";"00001443";"CENTRO DE SALUD MATARANI";"NE_0001";"";"NE_0001";"NE_0001";"NE_0001";"NE_0001";"NE_0001";"NE_0001";"NE_0001"
"2023";"07";"060610";"CAJAMARCA";"CUTERVO";"SAN LUIS DE LUCMA";"GOBIERNO REGIONAL";"I-1";"00006853";"SAIREPAMPA";"NE_0001";"";"NE_0001";"NE_0001";"NE_0001";"NE_0001";"NE_0001";"NE_0001";"NE_0001"
"2023";"07";"060614";"CAJAMARCA";"CUTERVO";"SOCOTA";"GOBIERNO REGIONAL";"I-1";"00011258";"RINCONADA MIRAFLORES";"NE_0001";"";"NE_0001";"NE_0001";"NE_0001";"NE_0001";"NE_0001";"NE_0001";"NE_0001"
"2023";"07";"060614";"CAJAMARCA";"CUTERVO";"SOCOTA";"GOBIERNO REGIONAL";"I-1";"00011262";"PUQUIO DE SOCOTA";"NE_0001";"";"NE_0001";"NE_0001";"NE_0001";"NE_0001";"NE_0001";"NE_0001";"NE_0001"
"2023";"04";"150131";"LIMA";"LIMA";"SAN ISIDRO";"PRIVADO";"II-2";"00008398";"CLINICA EL GOLF";"240000";"HOSPITALIZACIÓN";"270";"273";"1219";"328";"54";"1620";"8"
"2023";"04";"150131";"LIMA";"LIMA";"SAN ISIDRO";"PRIVADO";"II-2";"00008398";"CLINICA EL GOLF";"250103";"UNIDAD DE CUIDADOS CRITICOS UNIDAD  DE CUIDADOS INTENSIVOS GENERALES  (UCI) MEDICINA";"17";"2";"136";"18";"6";"180";"3"
"2023";"04";"080101";"CUSCO";"CUSCO";"CUSCO";"PRIVADO";"II-E";"00016541";"HOGAR CLINICA SAN JUAN DE DIOS-CUSCO";"240000";"HOSPITALIZACIÓN";"54";"50";"450";"5";"15";"460";"0"
"2023";"04";"150142";"LIMA";"LIMA";"VILLA EL SALVADOR";"ESSALUD";"II-1";"00008741";"ULDARICO ROCCA FERNANDEZ";"241800";"HOSPITALIZACIÓN DE MEDICINA MEDICINA GENERAL ";"70";"72";"351";"375";"14";"420";"3"
"2023";"04";"150142";"LIMA";"LIMA";"VILLA EL SALVADOR";"ESSALUD";"II-1";"00008741";"ULDARICO ROCCA FERNANDEZ";"240100";"HOSPITALIZACIÓN QUIRÚRGICA CIRUGÍA GENERAL ";"113";"122";"227";"205";"12";"360";"1"
"2023";"04";"150142";"LIMA";"LIMA";"VILLA EL SALVADOR";"ESSALUD";"II-1";"00008741";"ULDARICO ROCCA FERNANDEZ";"241500";"HOSPITALIZACIÓN QUIRÚRGICA GINECOLOGÍA  ";"17";"21";"72";"56";"3";"90";"0"
"2023";"04";"150142";"LIMA";"LIMA";"VILLA EL SALVADOR";"ESSALUD";"II-1";"00008741";"ULDARICO ROCCA FERNANDEZ";"241600";"HOSPITALIZACIÓN QUIRÚRGICA OBSTETRICIA   ";"157";"162";"274";"265";"15";"450";"0"
"2023";"04";"150142";"LIMA";"LIMA";"VILLA EL SALVADOR";"ESSALUD";"II-1";"00008741";"ULDARICO ROCCA FERNANDEZ";"242300";"HOSPITALIZACIÓN DE PEDIATRÍA  PEDIATRÍA  GENERAL ";"75";"76";"268";"180";"6";"180";"0"
"2023";"04";"150142";"LIMA";"LIMA";"VILLA EL SALVADOR";"ESSALUD";"II-1";"00008741";"ULDARICO ROCCA FERNANDEZ";"250100";"UNIDAD DE CUIDADOS CRITICOS UNIDAD  DE CUIDADOS INTENSIVOS GENERALES (UCI) ";"9";"10";"102";"88";"4";"120";"3"
"2023";"04";"130401";"LA LIBERTAD";"CHEPEN";"CHEPEN";"ESSALUD";"II-1";"00009954";"HOSPITAL I CHEPEN ESSALUD";"241900";"HOSPITALIZACIÓN DE MEDICINA MEDICINA INTERNA ";"51";"55";"218";"87";"5";"150";"5"
"2023";"04";"130401";"LA LIBERTAD";"CHEPEN";"CHEPEN";"ESSALUD";"II-1";"00009954";"HOSPITAL I CHEPEN ESSALUD";"240100";"HOSPITALIZACIÓN QUIRÚRGICA CIRUGÍA GENERAL ";"21";"21";"44";"40";"2";"60";"0"
"2023";"04";"130401";"LA LIBERTAD";"CHEPEN";"CHEPEN";"ESSALUD";"II-1";"00009954";"HOSPITAL I CHEPEN ESSALUD";"241500";"HOSPITALIZACIÓN QUIRÚRGICA GINECOLOGÍA  ";"10";"13";"24";"21";"2";"60";"0"
"2023";"04";"130401";"LA LIBERTAD";"CHEPEN";"CHEPEN";"ESSALUD";"II-1";"00009954";"HOSPITAL I CHEPEN ESSALUD";"242300";"HOSPITALIZACIÓN DE PEDIATRÍA  PEDIATRÍA  GENERAL ";"15";"14";"31";"56";"2";"60";"0"
"2023";"04";"060801";"CAJAMARCA";"JAEN";"JAEN";"GOBIERNO REGIONAL";"I-2";"00004216";"LA CASCARILLA";"NE_0001";"";"NE_0001";"NE_0001";"NE_0001";"NE_0001";"NE_0001";"NE_0001";"NE_0001"
"2023";"04";"060801";"CAJAMARCA";"JAEN";"JAEN";"GOBIERNO REGIONAL";"I-1";"00024719";"LA VIRGINIA";"NE_0001";"";"NE_0001";"NE_0001";"NE_0001";"NE_0001";"NE_0001";"NE_0001";"NE_0001"
"2023";"04";"060801";"CAJAMARCA";"JAEN";"JAEN";"GOBIERNO REGIONAL";"I-1";"00004222";"ALTO VISTA ALEGRE";"NE_0001";"";"NE_0001";"NE_0001";"NE_0001";"NE_0001";"NE_0001";"NE_0001";"NE_0001"
"2023";"04";"060801";"CAJAMARCA";"JAEN";"JAEN";"GOBIERNO REGIONAL";"I-1";"00006994";"LOMA SANTA";"NE_0001";"";"NE_0001";"NE_0001";"NE_0001";"NE_0001";"NE_0001";"NE_0001";"NE_0001"
"2023";"04";"060801";"CAJAMARCA";"JAEN";"JAEN";"GOBIERNO REGIONAL";"I-3";"00025526";"LOS SAUCES";"NE_0001";"";"NE_0001";"NE_0001";"NE_0001";"NE_0001";"NE_0001";"NE_0001";"NE_0001"
"2023";"04";"060801";"CAJAMARCA";"JAEN";"JAEN";"GOBIERNO REGIONAL";"I-3";"00004212";"MAGLLANAL";"NE_0001";"";"NE_0001";"NE_0001";"NE_0001";"NE_0001";"NE_0001";"NE_0001";"NE_0001"
"2023";"04";"060801";"CAJAMARCA";"JAEN";"JAEN";"GOBIERNO REGIONAL";"I-1";"00016137";"RINCONADA LAJEÑA";"NE_0001";"";"NE_0001";"NE_0001";"NE_0001";"NE_0001";"NE_0001";"NE_0001";"NE_0001"
"2023";"04";"060801";"CAJAMARCA";"JAEN";"JAEN";"GOBIERNO REGIONAL";"I-1";"00015392";"SAN JOSE DE LA ALIANZA";"NE_0001";"";"NE_0001";"NE_0001";"NE_0001";"NE_0001";"NE_0001";"NE_0001";"NE_0001"
"2023";"04";"100510";"HUANUCO";"HUAMALIES";"SINGA";"GOBIERNO REGIONAL";"I-1";"00019155";"SAN JUAN DE VISCAS";"NE_0001";"";"NE_0001";"NE_0001";"NE_0001";"NE_0001";"NE_0001";"NE_0001";"NE_0001"
"2023";"04";"100510";"HUANUCO";"HUAMALIES";"SINGA";"GOBIERNO REGIONAL";"I-1";"00000902";"BELLAS FLORES";"NE_0001";"";"NE_0001";"NE_0001";"NE_0001";"NE_0001";"NE_0001";"NE_0001";"NE_0001"
"2023";"04";"100510";"HUANUCO";"HUAMALIES";"SINGA";"GOBIERNO REGIONAL";"I-3";"00000900";"SINGA";"NE_0001";"";"NE_0001";"NE_0001";"NE_0001";"NE_0001";"NE_0001";"NE_0001";"NE_0001"
"2023";"04";"100510";"HUANUCO";"HUAMALIES";"SINGA";"GOBIERNO REGIONAL";"I-1";"00017149";"SANTA ROSA DE PAMPAN";"NE_0001";"";"NE_0001";"NE_0001";"NE_0001";"NE_0001";"NE_0001";"NE_0001";"NE_0001"
"2023";"06";"021809";"ANCASH";"SANTA";"NUEVO CHIMBOTE";"GOBIERNO REGIONAL";"I-2";"00001705";"PUESTO DE SALUD 3 DE OCTUBRE";"NE_0001";"";"NE_0001";"NE_0001";"NE_0001";"NE_0001";"NE_0001";"NE_0001";"NE_0001"
"2023";"06";"021802";"ANCASH";"SANTA";"CACERES DEL PERU";"GOBIERNO REGIONAL";"I-1";"00001709";"PUESTO DE SALUD LAMPANIN";"NE_0001";"";"NE_0001";"NE_0001";"NE_0001";"NE_0001";"NE_0001";"NE_0001";"NE_0001"
"2023";"06";"021805";"ANCASH";"SANTA";"MORO";"GOBIERNO REGIONAL";"I-3";"00001716";"CENTRO DE SALUD MORO";"NE_0001";"";"NE_0001";"NE_0001";"NE_0001";"NE_0001";"NE_0001";"NE_0001";"NE_0001"
"2023";"06";"022005";"ANCASH";"YUNGAY";"QUILLO";"GOBIERNO REGIONAL";"I-1";"00001737";"PUESTO DE SALUD PAMPACANCHA";"NE_0001";"";"NE_0001";"NE_0001";"NE_0001";"NE_0001";"NE_0001";"NE_0001";"NE_0001"
"2023";"06";"020104";"ANCASH";"HUARAZ";"HUANCHAY";"GOBIERNO REGIONAL";"I-2";"00001748";"PUESTO DE SALUD HUANCHAY HZ";"NE_0001";"";"NE_0001";"NE_0001";"NE_0001";"NE_0001";"NE_0001";"NE_0001";"NE_0001"
"2023";"06";"021809";"ANCASH";"SANTA";"NUEVO CHIMBOTE";"GOBIERNO REGIONAL";"I-2";"00007266";"PUESTO DE SALUD NICOLAS DE GARATEA";"NE_0001";"";"NE_0001";"NE_0001";"NE_0001";"NE_0001";"NE_0001";"NE_0001";"NE_0001"
"2023";"06";"020801";"ANCASH";"CASMA";"CASMA";"GOBIERNO REGIONAL";"I-2";"00031617";"PUESTO DE SALUD VILLA HERMOSA";"NE_0001";"";"NE_0001";"NE_0001";"NE_0001";"NE_0001";"NE_0001";"NE_0001";"NE_0001"
"2023";"06";"021809";"ANCASH";"SANTA";"NUEVO CHIMBOTE";"GOBIERNO REGIONAL";"I-4";"00001704";"CENTRO DE SALUD YUGOSLAVIA";"NE_0001";"";"NE_0001";"NE_0001";"NE_0001";"NE_0001";"NE_0001";"NE_0001";"NE_0001"
"2023";"06";"021809";"ANCASH";"SANTA";"NUEVO CHIMBOTE";"GOBIERNO REGIONAL";"I-2";"00001706";"PUESTO DE SALUD VILLA MARIA";"NE_0001";"";"NE_0001";"NE_0001";"NE_0001";"NE_0001";"NE_0001";"NE_0001";"NE_0001"
"2023";"06";"021802";"ANCASH";"SANTA";"CACERES DEL PERU";"GOBIERNO REGIONAL";"I-2";"00001708";"PUESTO DE SALUD JIMBE";"NE_0001";"";"NE_0001";"NE_0001";"NE_0001";"NE_0001";"NE_0001";"NE_0001";"NE_0001"
"2023";"06";"020802";"ANCASH";"CASMA";"BUENA VISTA ALTA";"GOBIERNO REGIONAL";"I-2";"00001724";"PUESTO DE SALUD HUANCHUY";"NE_0001";"";"NE_0001";"NE_0001";"NE_0001";"NE_0001";"NE_0001";"NE_0001";"NE_0001"
"2023";"06";"020804";"ANCASH";"CASMA";"YAUTAN";"GOBIERNO REGIONAL";"I-4";"00001728";"CENTRO DE SALUD YAUTAN";"NE_0001";"";"NE_0001";"NE_0001";"NE_0001";"NE_0001";"NE_0001";"NE_0001";"NE_0001"
"2023";"06";"021103";"ANCASH";"HUARMEY";"CULEBRAS";"GOBIERNO REGIONAL";"I-1";"00001745";"PUESTO DE SALUD MOLINO";"NE_0001";"";"NE_0001";"NE_0001";"NE_0001";"NE_0001";"NE_0001";"NE_0001";"NE_0001"
"2023";"06";"021104";"ANCASH";"HUARMEY";"HUAYAN";"GOBIERNO REGIONAL";"I-2";"00001752";"PUESTO DE SALUD HUAYAN";"NE_0001";"";"NE_0001";"NE_0001";"NE_0001";"NE_0001";"NE_0001";"NE_0001";"NE_0001"
"2023";"06";"020102";"ANCASH";"HUARAZ";"COCHABAMBA";"GOBIERNO REGIONAL";"I-1";"00001731";"PUESTO DE SALUD CHIPRE";"NE_0001";"";"NE_0001";"NE_0001";"NE_0001";"NE_0001";"NE_0001";"NE_0001";"NE_0001"
"2023";"06";"020103";"ANCASH";"HUARAZ";"COLCABAMBA";"GOBIERNO REGIONAL";"I-1";"00001733";"COLCABAMBA";"NE_0001";"";"NE_0001";"NE_0001";"NE_0001";"NE_0001";"NE_0001";"NE_0001";"NE_0001"
"2023";"06";"021101";"ANCASH";"HUARMEY";"HUARMEY";"GOBIERNO REGIONAL";"I-3";"00001744";"CENTRO DE SALUD LA VICTORIA";"NE_0001";"";"NE_0001";"NE_0001";"NE_0001";"NE_0001";"NE_0001";"NE_0001";"NE_0001"
"2023";"06";"020802";"ANCASH";"CASMA";"BUENA VISTA ALTA";"GOBIERNO REGIONAL";"I-3";"00001723";"CENTRO DE SALUD BUENAVISTA";"NE_0001";"";"NE_0001";"NE_0001";"NE_0001";"NE_0001";"NE_0001";"NE_0001";"NE_0001"
"2023";"06";"020803";"ANCASH";"CASMA";"COMANDANTE NOEL";"GOBIERNO REGIONAL";"I-1";"00001726";"PUESTO DE SALUD COMANDANTE NOEL";"NE_0001";"";"NE_0001";"NE_0001";"NE_0001";"NE_0001";"NE_0001";"NE_0001";"NE_0001"
"2023";"06";"020110";"ANCASH";"HUARAZ";"PARIACOTO";"GOBIERNO REGIONAL";"I-1";"00001735";"PUESTO DE SALUD FORTALEZA";"NE_0001";"";"NE_0001";"NE_0001";"NE_0001";"NE_0001";"NE_0001";"NE_0001";"NE_0001"
"2023";"06";"021105";"ANCASH";"HUARMEY";"MALVAS";"GOBIERNO REGIONAL";"I-1";"00001801";"PUESTO DE SALUD SAN MIGUEL";"NE_0001";"";"NE_0001";"NE_0001";"NE_0001";"NE_0001";"NE_0001";"NE_0001";"NE_0001"
"2023";"06";"021809";"ANCASH";"SANTA";"NUEVO CHIMBOTE";"GOBIERNO REGIONAL";"I-2";"00001707";"PUESTO DE SALUD SATELITE";"NE_0001";"";"NE_0001";"NE_0001";"NE_0001";"NE_0001";"NE_0001";"NE_0001";"NE_0001"
"2023";"06";"020801";"ANCASH";"CASMA";"CASMA";"GOBIERNO REGIONAL";"I-1";"00001721";"PUESTO DE SALUD LA GRAMITA";"NE_0001";"";"NE_0001";"NE_0001";"NE_0001";"NE_0001";"NE_0001";"NE_0001";"NE_0001"
"2023";"06";"021101";"ANCASH";"HUARMEY";"HUARMEY";"GOBIERNO REGIONAL";"I-2";"00001742";"PUESTO DE SALUD PUERTO HUARMEY";"NE_0001";"";"NE_0001";"NE_0001";"NE_0001";"NE_0001";"NE_0001";"NE_0001";"NE_0001"
"2023";"06";"021105";"ANCASH";"HUARMEY";"MALVAS";"GOBIERNO REGIONAL";"I-1";"00001753";"PUESTO DE SALUD MALVAS";"NE_0001";"";"NE_0001";"NE_0001";"NE_0001";"NE_0001";"NE_0001";"NE_0001";"NE_0001"
"2023";"06";"020801";"ANCASH";"CASMA";"CASMA";"GOBIERNO REGIONAL";"I-1";"00001720";"PUESTO DE SALUD SAN RAFAEL";"NE_0001";"";"NE_0001";"NE_0001";"NE_0001";"NE_0001";"NE_0001";"NE_0001";"NE_0001"
"2023";"06";"020801";"ANCASH";"CASMA";"CASMA";"GOBIERNO REGIONAL";"I-1";"00001722";"PUESTO DE SALUD CASA BLANCA";"NE_0001";"";"NE_0001";"NE_0001";"NE_0001";"NE_0001";"NE_0001";"NE_0001";"NE_0001"
"2023";"06";"020102";"ANCASH";"HUARAZ";"COCHABAMBA";"GOBIERNO REGIONAL";"I-1";"00001732";"PUESTO DE SALUD PUMA PUCLLANAN";"NE_0001";"";"NE_0001";"NE_0001";"NE_0001";"NE_0001";"NE_0001";"NE_0001";"NE_0001"
"2023";"06";"020110";"ANCASH";"HUARAZ";"PARIACOTO";"GOBIERNO REGIONAL";"I-1";"00001736";"PUESTO DE SALUD CHACCHAN";"NE_0001";"";"NE_0001";"NE_0001";"NE_0001";"NE_0001";"NE_0001";"NE_0001";"NE_0001"
"2023";"06";"021807";"ANCASH";"SANTA";"SAMANCO";"GOBIERNO REGIONAL";"I-1";"00001712";"PUESTO DE SALUD LOS CHIMUS";"NE_0001";"";"NE_0001";"NE_0001";"NE_0001";"NE_0001";"NE_0001";"NE_0001";"NE_0001"
"2023";"06";"020110";"ANCASH";"HUARAZ";"PARIACOTO";"GOBIERNO REGIONAL";"I-4";"00001734";"CENTRO DE SALUD PARIACOTO";"NE_0001";"";"NE_0001";"NE_0001";"NE_0001";"NE_0001";"NE_0001";"NE_0001";"NE_0001"
"2023";"06";"022005";"ANCASH";"YUNGAY";"QUILLO";"GOBIERNO REGIONAL";"I-4";"00001738";"CENTRO DE SALUD QUILLO";"NE_0001";"";"NE_0001";"NE_0001";"NE_0001";"NE_0001";"NE_0001";"NE_0001";"NE_0001"
"2023";"06";"021103";"ANCASH";"HUARMEY";"CULEBRAS";"GOBIERNO REGIONAL";"I-2";"00001746";"PUESTO DE SALUD QUIAN";"NE_0001";"";"NE_0001";"NE_0001";"NE_0001";"NE_0001";"NE_0001";"NE_0001";"NE_0001"
"2023";"06";"020104";"ANCASH";"HUARAZ";"HUANCHAY";"GOBIERNO REGIONAL";"I-1";"00001747";"PUESTO DE SALUD RAYPA";"NE_0001";"";"NE_0001";"NE_0001";"NE_0001";"NE_0001";"NE_0001";"NE_0001";"NE_0001"
"2023";"06";"021802";"ANCASH";"SANTA";"CACERES DEL PERU";"GOBIERNO REGIONAL";"I-2";"00001710";"PUESTO DE SALUD COLCAP";"NE_0001";"";"NE_0001";"NE_0001";"NE_0001";"NE_0001";"NE_0001";"NE_0001";"NE_0001"
"2023";"06";"021807";"ANCASH";"SANTA";"SAMANCO";"GOBIERNO REGIONAL";"I-1";"00001713";"PUESTO DE SALUD HUAMBACHO";"NE_0001";"";"NE_0001";"NE_0001";"NE_0001";"NE_0001";"NE_0001";"NE_0001";"NE_0001"
"2023";"06";"150106";"LIMA";"LIMA";"CARABAYLLO";"SANIDAD DE LA POLICIA NACIONAL DEL PERU";"I-3";"00012664";"POLICLÌNICO  DE LA  POLICÍA  NACIONAL DEL PERÙ CARABAYLLO - DEFENSORES DE LA DEMOCRACIA ";"NE_0001";"";"NE_0001";"NE_0001";"NE_0001";"NE_0001";"NE_0001";"NE_0001";"NE_0001"
"2023";"06";"040704";"AREQUIPA";"ISLAY";"ISLAY";"ESSALUD";"I-2";"00012192";"POSTA MEDICA MATARANI";"NE_0002";"";"NE_0002";"NE_0002";"NE_0002";"NE_0002";"NE_0002";"NE_0002";"NE_0002"
"2023";"06";"120101";"JUNIN";"HUANCAYO";"HUANCAYO";"PRIVADO";"II-E";"00008475";"CLINICA OFTALMOLOGICA REGIONAL";"NE_0002";"";"NE_0002";"NE_0002";"NE_0002";"NE_0002";"NE_0002";"NE_0002";"NE_0002"
"2023";"06";"040126";"AREQUIPA";"AREQUIPA";"YANAHUARA";"ESSALUD";"II-1";"00013291";"HOSPITAL III YANAHUARA";"241900";"HOSPITALIZACIÓN DE MEDICINA MEDICINA INTERNA ";"103";"97";"998";"897";"30";"900";"9"
"2023";"06";"040126";"AREQUIPA";"AREQUIPA";"YANAHUARA";"ESSALUD";"II-1";"00013291";"HOSPITAL III YANAHUARA";"240100";"HOSPITALIZACIÓN QUIRÚRGICA CIRUGÍA GENERAL ";"293";"299";"960";"1122";"38";"1140";"0"
"2023";"06";"040126";"AREQUIPA";"AREQUIPA";"YANAHUARA";"ESSALUD";"II-1";"00013291";"HOSPITAL III YANAHUARA";"241600";"HOSPITALIZACIÓN QUIRÚRGICA OBSTETRICIA   ";"227";"234";"523";"223";"16";"480";"0"
"2023";"06";"040126";"AREQUIPA";"AREQUIPA";"YANAHUARA";"ESSALUD";"II-1";"00013291";"HOSPITAL III YANAHUARA";"241400";"HOSPITALIZACIÓN QUIRÚRGICA GINECO - OBSTETRICIA ";"140";"141";"383";"285";"10";"300";"0"
"2023";"06";"040126";"AREQUIPA";"AREQUIPA";"YANAHUARA";"ESSALUD";"II-1";"00013291";"HOSPITAL III YANAHUARA";"242300";"HOSPITALIZACIÓN DE PEDIATRÍA  PEDIATRÍA  GENERAL ";"82";"77";"423";"301";"12";"360";"0"
"2023";"06";"040126";"AREQUIPA";"AREQUIPA";"YANAHUARA";"ESSALUD";"II-1";"00013291";"HOSPITAL III YANAHUARA";"243200";"HOSPITALIZACIÓN DE PEDIATRÍA PEDIATRIA NEONATOLOGÍA";"197";"204";"608";"540";"20";"600";"0"
"2023";"06";"040126";"AREQUIPA";"AREQUIPA";"YANAHUARA";"ESSALUD";"II-1";"00013291";"HOSPITAL III YANAHUARA";"250100";"UNIDAD DE CUIDADOS CRITICOS UNIDAD  DE CUIDADOS INTENSIVOS GENERALES (UCI) ";"29";"3";"7";"218";"12";"360";"3"
"2023";"06";"220404";"SAN MARTIN";"HUALLAGA";"PISCOYACU";"GOBIERNO REGIONAL";"I-2";"00006545";"NUEVO SACANCHE";"NE_0001";"";"NE_0001";"NE_0001";"NE_0001";"NE_0001";"NE_0001";"NE_0001";"NE_0001"
"2023";"06";"220405";"SAN MARTIN";"HUALLAGA";"SACANCHE";"GOBIERNO REGIONAL";"I-1";"00027002";"LA UNION";"NE_0001";"";"NE_0001";"NE_0001";"NE_0001";"NE_0001";"NE_0001";"NE_0001";"NE_0001"
"2023";"06";"220403";"SAN MARTIN";"HUALLAGA";"EL ESLABON";"GOBIERNO REGIONAL";"I-3";"00006542";"EL ESLABON";"241600";"HOSPITALIZACIÓN QUIRÚRGICA OBSTETRICIA   ";"1";"1";"2";"4";"1";"2";"0"
"2023";"06";"220403";"SAN MARTIN";"HUALLAGA";"EL ESLABON";"GOBIERNO REGIONAL";"I-1";"00006544";"COLLPA";"NE_0001";"";"NE_0001";"NE_0001";"NE_0001";"NE_0001";"NE_0001";"NE_0001";"NE_0001"
"2023";"06";"220405";"SAN MARTIN";"HUALLAGA";"SACANCHE";"GOBIERNO REGIONAL";"I-3";"00006543";"SACANCHE";"241600";"HOSPITALIZACIÓN QUIRÚRGICA OBSTETRICIA   ";"1";"1";"1";"3";"1";"2";"0"
"2023";"06";"220404";"SAN MARTIN";"HUALLAGA";"PISCOYACU";"GOBIERNO REGIONAL";"I-2";"00006545";"NUEVO SACANCHE";"NE_0001";"";"NE_0001";"NE_0001";"NE_0001";"NE_0001";"NE_0001";"NE_0001";"NE_0001"
"2023";"06";"220405";"SAN MARTIN";"HUALLAGA";"SACANCHE";"GOBIERNO REGIONAL";"I-1";"00027002";"LA UNION";"NE_0001";"";"NE_0001";"NE_0001";"NE_0001";"NE_0001";"NE_0001";"NE_0001";"NE_0001"
"2023";"06";"220403";"SAN MARTIN";"HUALLAGA";"EL ESLABON";"GOBIERNO REGIONAL";"I-3";"00006542";"EL ESLABON";"241600";"HOSPITALIZACIÓN QUIRÚRGICA OBSTETRICIA   ";"1";"1";"2";"4";"1";"2";"0"
"2023";"06";"220403";"SAN MARTIN";"HUALLAGA";"EL ESLABON";"GOBIERNO REGIONAL";"I-1";"00006544";"COLLPA";"NE_0001";"";"NE_0001";"NE_0001";"NE_0001";"NE_0001";"NE_0001";"NE_0001";"NE_0001"
"2023";"06";"211101";"PUNO";"SAN ROMAN";"JULIACA";"PRIVADO";"II-1";"00010815";"CLINICA ADVENTISTA AMERICANA DE JULIACA";"240000";"HOSPITALIZACIÓN";"204";"195";"722";"699";"40";"1188";"3"
"2023";"03";"060801";"CAJAMARCA";"JAEN";"JAEN";"GOBIERNO REGIONAL";"I-1";"00007024";"SAN MARTIN DE PORRES";"NE_0001";"";"NE_0001";"NE_0001";"NE_0001";"NE_0001";"NE_0001";"NE_0001";"NE_0001"
"2023";"03";"060801";"CAJAMARCA";"JAEN";"JAEN";"GOBIERNO REGIONAL";"I-1";"00004221";"VALILLO";"NE_0001";"";"NE_0001";"NE_0001";"NE_0001";"NE_0001";"NE_0001";"NE_0001";"NE_0001"
"2023";"03";"060801";"CAJAMARCA";"JAEN";"JAEN";"GOBIERNO REGIONAL";"I-2";"00025858";"NUEVO HORIZONTE";"NE_0001";"";"NE_0001";"NE_0001";"NE_0001";"NE_0001";"NE_0001";"NE_0001";"NE_0001"
"2023";"03";"120909";"JUNIN";"CHUPACA";"YANACANCHA";"GOBIERNO REGIONAL";"I-2";"00000661";"YANACANCHA";"NE_0001";"";"NE_0001";"NE_0001";"NE_0001";"NE_0001";"NE_0001";"NE_0001";"NE_0001"
"2023";"03";"120907";"JUNIN";"CHUPACA";"SAN JUAN DE JARPA";"GOBIERNO REGIONAL";"I-3";"00000659";"SAN JUAN DE JARPA";"NE_0001";"";"NE_0001";"NE_0001";"NE_0001";"NE_0001";"NE_0001";"NE_0001";"NE_0001"
"2023";"03";"100105";"HUANUCO";"HUANUCO";"MARGOS";"GOBIERNO REGIONAL";"I-3";"00000797";"MARGOS";"NE_0001";"";"NE_0001";"NE_0001";"NE_0001";"NE_0001";"NE_0001";"NE_0001";"NE_0001"
"2023";"03";"100105";"HUANUCO";"HUANUCO";"MARGOS";"GOBIERNO REGIONAL";"I-1";"00000798";"JESUS DE NAZARETH DE COCHAS";"NE_0001";"";"NE_0001";"NE_0001";"NE_0001";"NE_0001";"NE_0001";"NE_0001";"NE_0001"
"2023";"03";"100105";"HUANUCO";"HUANUCO";"MARGOS";"GOBIERNO REGIONAL";"I-1";"00000799";"SAN FRANCISCO DE LLAMAPASHILLUM";"NE_0001";"";"NE_0001";"NE_0001";"NE_0001";"NE_0001";"NE_0001";"NE_0001";"NE_0001"
"2023";"03";"100105";"HUANUCO";"HUANUCO";"MARGOS";"GOBIERNO REGIONAL";"I-1";"00000800";"PACAYHUA";"NE_0001";"";"NE_0001";"NE_0001";"NE_0001";"NE_0001";"NE_0001";"NE_0001";"NE_0001"
"2023";"03";"080910";"CUSCO";"LA CONVENCION";"PICHARI";"GOBIERNO REGIONAL";"I-2";"00007114";"QUISTO CENTRAL";"NE_0001";"";"NE_0001";"NE_0001";"NE_0001";"NE_0001";"NE_0001";"NE_0001";"NE_0001"
"2023";"03";"080910";"CUSCO";"LA CONVENCION";"PICHARI";"GOBIERNO REGIONAL";"I-1";"00015170";"PICHARI BAJA";"NE_0001";"";"NE_0001";"NE_0001";"NE_0001";"NE_0001";"NE_0001";"NE_0001";"NE_0001"
"2023";"03";"080910";"CUSCO";"LA CONVENCION";"PICHARI";"GOBIERNO REGIONAL";"I-2";"00002496";"OMAYA";"NE_0001";"";"NE_0001";"NE_0001";"NE_0001";"NE_0001";"NE_0001";"NE_0001";"NE_0001"
"2023";"03";"061111";"CAJAMARCA";"SAN MIGUEL";"SAN SILVESTRE DE COCHAN";"GOBIERNO REGIONAL";"I-1";"00004566";"TANTACHUAL BAJO";"NE_0001";"";"NE_0001";"NE_0001";"NE_0001";"NE_0001";"NE_0001";"NE_0001";"NE_0001"
"2023";"03";"061107";"CAJAMARCA";"SAN MIGUEL";"LLAPA";"GOBIERNO REGIONAL";"I-1";"00004565";"SAN ANTONIO DE OJOS";"NE_0001";"";"NE_0001";"NE_0001";"NE_0001";"NE_0001";"NE_0001";"NE_0001";"NE_0001"
"2023";"03";"061111";"CAJAMARCA";"SAN MIGUEL";"SAN SILVESTRE DE COCHAN";"GOBIERNO REGIONAL";"I-1";"00007084";"LUCMILLO";"NE_0001";"";"NE_0001";"NE_0001";"NE_0001";"NE_0001";"NE_0001";"NE_0001";"NE_0001"
"2023";"03";"061107";"CAJAMARCA";"SAN MIGUEL";"LLAPA";"GOBIERNO REGIONAL";"I-1";"00004609";"UCHUQUINUA";"NE_0001";"";"NE_0001";"NE_0001";"NE_0001";"NE_0001";"NE_0001";"NE_0001";"NE_0001"
"2023";"03";"061107";"CAJAMARCA";"SAN MIGUEL";"LLAPA";"GOBIERNO REGIONAL";"I-3";"00004562";"LLAPA";"NE_0001";"";"NE_0001";"NE_0001";"NE_0001";"NE_0001";"NE_0001";"NE_0001";"NE_0001"
"2023";"03";"061107";"CAJAMARCA";"SAN MIGUEL";"LLAPA";"GOBIERNO REGIONAL";"I-1";"00004564";"SABANA";"NE_0001";"";"NE_0001";"NE_0001";"NE_0001";"NE_0001";"NE_0001";"NE_0001";"NE_0001"
"2023";"03";"061111";"CAJAMARCA";"SAN MIGUEL";"SAN SILVESTRE DE COCHAN";"GOBIERNO REGIONAL";"I-2";"00004568";"SAN SILVESTRE DE COCHAN";"NE_0001";"";"NE_0001";"NE_0001";"NE_0001";"NE_0001";"NE_0001";"NE_0001";"NE_0001"
"2023";"03";"061111";"CAJAMARCA";"SAN MIGUEL";"SAN SILVESTRE DE COCHAN";"GOBIERNO REGIONAL";"I-1";"00004563";"EL TAMBO";"NE_0001";"";"NE_0001";"NE_0001";"NE_0001";"NE_0001";"NE_0001";"NE_0001";"NE_0001"
"2023";"03";"061107";"CAJAMARCA";"SAN MIGUEL";"LLAPA";"GOBIERNO REGIONAL";"I-1";"00004567";"PAMPA CUYOC";"NE_0001";"";"NE_0001";"NE_0001";"NE_0001";"NE_0001";"NE_0001";"NE_0001";"NE_0001"
"2023";"03";"061107";"CAJAMARCA";"SAN MIGUEL";"LLAPA";"GOBIERNO REGIONAL";"I-1";"00007083";"PABELLON CHICO";"NE_0001";"";"NE_0001";"NE_0001";"NE_0001";"NE_0001";"NE_0001";"NE_0001";"NE_0001"
"2023";"03";"040703";"AREQUIPA";"ISLAY";"DEAN VALDIVIA";"GOBIERNO REGIONAL";"I-2";"00001450";"PUESTO DE SALUD ALTO ENSENADA";"NE_0001";"";"NE_0001";"NE_0001";"NE_0001";"NE_0001";"NE_0001";"NE_0001";"NE_0001"
"2023";"03";"040703";"AREQUIPA";"ISLAY";"DEAN VALDIVIA";"GOBIERNO REGIONAL";"I-2";"00001451";"PUESTO DE SALUD EL ARENAL";"NE_0001";"";"NE_0001";"NE_0001";"NE_0001";"NE_0001";"NE_0001";"NE_0001";"NE_0001"
"2023";"03";"040706";"AREQUIPA";"ISLAY";"PUNTA DE BOMBON";"GOBIERNO REGIONAL";"I-3";"00001446";"CENTRO DE SALUD LA PUNTA";"NE_0001";"";"NE_0001";"NE_0001";"NE_0001";"NE_0001";"NE_0001";"NE_0001";"NE_0001"
"2023";"04";"060802";"CAJAMARCA";"JAEN";"BELLAVISTA";"GOBIERNO REGIONAL";"I-3";"00004224";"CRUCE SHUMBA";"NE_0001";"";"NE_0001";"NE_0001";"NE_0001";"NE_0001";"NE_0001";"NE_0001";"NE_0001"
"2023";"03";"040703";"AREQUIPA";"ISLAY";"DEAN VALDIVIA";"GOBIERNO REGIONAL";"I-3";"00001449";"CENTRO DE SALUD LA CURVA";"NE_0001";"";"NE_0001";"NE_0001";"NE_0001";"NE_0001";"NE_0001";"NE_0001";"NE_0001"
"2023";"04";"130701";"LA LIBERTAD";"PACASMAYO";"SAN PEDRO DE LLOC";"ESSALUD";"I-2";"00012097";"POSTA DE SALUD SAN PEDRO DE LLOC";"NE_0001";"";"NE_0001";"NE_0001";"NE_0001";"NE_0001";"NE_0001";"NE_0001";"NE_0001"
"2023";"04";"130501";"LA LIBERTAD";"JULCAN";"JULCAN";"GOBIERNO REGIONAL";"I-3";"00006775";"AYANGAY";"NE_0002";"";"NE_0002";"NE_0002";"NE_0002";"NE_0002";"NE_0002";"NE_0002";"NE_0002"
"2023";"04";"130501";"LA LIBERTAD";"JULCAN";"JULCAN";"GOBIERNO REGIONAL";"I-2";"00016423";"SAN ANTONIO";"NE_0002";"";"NE_0002";"NE_0002";"NE_0002";"NE_0002";"NE_0002";"NE_0002";"NE_0002"
"2023";"04";"130501";"LA LIBERTAD";"JULCAN";"JULCAN";"GOBIERNO REGIONAL";"I-2";"00006963";"CHUGURPAMPA";"NE_0002";"";"NE_0002";"NE_0002";"NE_0002";"NE_0002";"NE_0002";"NE_0002";"NE_0002"
"2023";"04";"130501";"LA LIBERTAD";"JULCAN";"JULCAN";"GOBIERNO REGIONAL";"I-2";"00007249";"SAN AGUSTIN";"NE_0002";"";"NE_0002";"NE_0002";"NE_0002";"NE_0002";"NE_0002";"NE_0002";"NE_0002"
"2023";"04";"130501";"LA LIBERTAD";"JULCAN";"JULCAN";"GOBIERNO REGIONAL";"I-2";"00005307";"SANTA TERESA";"NE_0002";"";"NE_0002";"NE_0002";"NE_0002";"NE_0002";"NE_0002";"NE_0002";"NE_0002"
"2023";"04";"130501";"LA LIBERTAD";"JULCAN";"JULCAN";"GOBIERNO REGIONAL";"I-2";"00006774";"PARUQUE BAJO";"NE_0002";"";"NE_0002";"NE_0002";"NE_0002";"NE_0002";"NE_0002";"NE_0002";"NE_0002"
"2023";"04";"120808";"JUNIN";"YAULI";"SANTA ROSA DE SACCO";"ESSALUD";"II-1";"00008653";"HOSPITAL II ALBERTO HURTADO ABADIA";"241800";"HOSPITALIZACIÓN DE MEDICINA MEDICINA GENERAL ";"28";"46";"194";"195";"18";"540";"1"
"2023";"04";"120808";"JUNIN";"YAULI";"SANTA ROSA DE SACCO";"ESSALUD";"II-1";"00008653";"HOSPITAL II ALBERTO HURTADO ABADIA";"240100";"HOSPITALIZACIÓN QUIRÚRGICA CIRUGÍA GENERAL ";"43";"33";"103";"108";"8";"240";"0"
"2023";"04";"120808";"JUNIN";"YAULI";"SANTA ROSA DE SACCO";"ESSALUD";"II-1";"00008653";"HOSPITAL II ALBERTO HURTADO ABADIA";"241200";"HOSPITALIZACIÓN QUIRÚRGICA TRAUMATOLOGÍA Y ORTOPEDIA ";"27";"19";"92";"97";"8";"240";"0"
"2023";"04";"120808";"JUNIN";"YAULI";"SANTA ROSA DE SACCO";"ESSALUD";"II-1";"00008653";"HOSPITAL II ALBERTO HURTADO ABADIA";"241500";"HOSPITALIZACIÓN QUIRÚRGICA GINECOLOGÍA  ";"8";"6";"21";"25";"3";"90";"0"
"2023";"04";"120808";"JUNIN";"YAULI";"SANTA ROSA DE SACCO";"ESSALUD";"II-1";"00008653";"HOSPITAL II ALBERTO HURTADO ABADIA";"241600";"HOSPITALIZACIÓN QUIRÚRGICA OBSTETRICIA   ";"20";"19";"64";"68";"5";"150";"0"
"2023";"04";"120808";"JUNIN";"YAULI";"SANTA ROSA DE SACCO";"ESSALUD";"II-1";"00008653";"HOSPITAL II ALBERTO HURTADO ABADIA";"242300";"HOSPITALIZACIÓN DE PEDIATRÍA  PEDIATRÍA  GENERAL ";"39";"25";"74";"78";"3";"90";"0"
"2023";"04";"120808";"JUNIN";"YAULI";"SANTA ROSA DE SACCO";"ESSALUD";"II-1";"00008653";"HOSPITAL II ALBERTO HURTADO ABADIA";"250304";"HOSPIT. EN UNIDAD DE CUID.INTEN.-UNIDAD DE VIGILANCIA INTENSIVA (UVI)-MEDICINA";"12";"12";"85";"87";"3";"90";"2"
"2023";"04";"150135";"LIMA";"LIMA";"SAN MARTIN DE PORRES";"PRIVADO";"II-E";"00025573";"CREO Clínica Renal y Oncológica";"NE_0001";"";"NE_0001";"NE_0001";"NE_0001";"NE_0001";"NE_0001";"NE_0001";"NE_0001"
"2023";"04";"120305";"JUNIN";"CHANCHAMAYO";"SAN RAMON";"GOBIERNO REGIONAL";"I-4";"00000354";"SAN RAMON";"241600";"HOSPITALIZACIÓN QUIRÚRGICA OBSTETRICIA   ";"5";"5";"10";"10";"5";"150";"0"
"2023";"04";"120305";"JUNIN";"CHANCHAMAYO";"SAN RAMON";"GOBIERNO REGIONAL";"I-4";"00000354";"SAN RAMON";"241800";"HOSPITALIZACIÓN DE MEDICINA MEDICINA GENERAL ";"6";"6";"13";"13";"3";"90";"0"
"2023";"04";"120306";"JUNIN";"CHANCHAMAYO";"VITOC";"GOBIERNO REGIONAL";"I-1";"00000359";"VISCATAN";"NE_0001";"";"NE_0001";"NE_0001";"NE_0001";"NE_0001";"NE_0001";"NE_0001";"NE_0001"
"2023";"04";"120416";"JUNIN";"JAUJA";"MASMA";"GOBIERNO REGIONAL";"I-1";"00000361";"UCHUBAMBA";"NE_0001";"";"NE_0001";"NE_0001";"NE_0001";"NE_0001";"NE_0001";"NE_0001";"NE_0001"
"2023";"04";"120305";"JUNIN";"CHANCHAMAYO";"SAN RAMON";"GOBIERNO REGIONAL";"I-2";"00000356";"LA ESPERANZA";"NE_0001";"";"NE_0001";"NE_0001";"NE_0001";"NE_0001";"NE_0001";"NE_0001";"NE_0001"
"2023";"04";"120419";"JUNIN";"JAUJA";"MONOBAMBA";"GOBIERNO REGIONAL";"I-1";"00000363";"CHACAYBAMBA";"NE_0001";"";"NE_0001";"NE_0001";"NE_0001";"NE_0001";"NE_0001";"NE_0001";"NE_0001"
"2023";"04";"120419";"JUNIN";"JAUJA";"MONOBAMBA";"GOBIERNO REGIONAL";"I-2";"00000362";"MONOBAMBA";"NE_0001";"";"NE_0001";"NE_0001";"NE_0001";"NE_0001";"NE_0001";"NE_0001";"NE_0001"
"2023";"04";"120306";"JUNIN";"CHANCHAMAYO";"VITOC";"GOBIERNO REGIONAL";"I-2";"00000358";"VITOC";"NE_0001";"";"NE_0001";"NE_0001";"NE_0001";"NE_0001";"NE_0001";"NE_0001";"NE_0001"
"2023";"04";"120306";"JUNIN";"CHANCHAMAYO";"VITOC";"GOBIERNO REGIONAL";"I-1";"00000360";"UTCUYACU";"NE_0001";"";"NE_0001";"NE_0001";"NE_0001";"NE_0001";"NE_0001";"NE_0001";"NE_0001"
"2023";"04";"120305";"JUNIN";"CHANCHAMAYO";"SAN RAMON";"GOBIERNO REGIONAL";"I-2";"00000355";"NARANJAL";"NE_0001";"";"NE_0001";"NE_0001";"NE_0001";"NE_0001";"NE_0001";"NE_0001";"NE_0001"
"2023";"04";"120305";"JUNIN";"CHANCHAMAYO";"SAN RAMON";"GOBIERNO REGIONAL";"I-1";"00000357";"PEDREGAL";"NE_0001";"";"NE_0001";"NE_0001";"NE_0001";"NE_0001";"NE_0001";"NE_0001";"NE_0001"
"2023";"05";"150114";"LIMA";"LIMA";"LA MOLINA";"PRIVADO";"II-E";"00022113";"CLINICA SANTA JULIA  S.A.C.";"NE_0001";"";"NE_0001";"NE_0001";"NE_0001";"NE_0001";"NE_0001";"NE_0001";"NE_0001"
"2023";"05";"050201";"AYACUCHO";"CANGALLO";"CANGALLO";"GOBIERNO REGIONAL";"II-1";"00003494";"HOSPITAL DE APOYO CANGALLO";"240100";"HOSPITALIZACIÓN QUIRÚRGICA CIRUGÍA GENERAL ";"22";"23";"88";"63";"4";"124";"1"
"2023";"05";"050201";"AYACUCHO";"CANGALLO";"CANGALLO";"GOBIERNO REGIONAL";"II-1";"00003494";"HOSPITAL DE APOYO CANGALLO";"241400";"HOSPITALIZACIÓN QUIRÚRGICA GINECO - OBSTETRICIA ";"19";"19";"37";"43";"6";"186";"0"
"2023";"05";"050201";"AYACUCHO";"CANGALLO";"CANGALLO";"GOBIERNO REGIONAL";"II-1";"00003494";"HOSPITAL DE APOYO CANGALLO";"241600";"HOSPITALIZACIÓN QUIRÚRGICA OBSTETRICIA   ";"7";"7";"16";"43";"4";"124";"0"
"2023";"05";"050201";"AYACUCHO";"CANGALLO";"CANGALLO";"GOBIERNO REGIONAL";"II-1";"00003494";"HOSPITAL DE APOYO CANGALLO";"241800";"HOSPITALIZACIÓN DE MEDICINA MEDICINA GENERAL ";"6";"6";"20";"11";"4";"124";"0"
"2023";"05";"050201";"AYACUCHO";"CANGALLO";"CANGALLO";"GOBIERNO REGIONAL";"II-1";"00003494";"HOSPITAL DE APOYO CANGALLO";"242500";"HOSPITALIZACIÓN-PEDIATRÍA GENERAL-";"4";"4";"18";"4";"4";"124";"0"
"2023";"05";"110101";"ICA";"ICA";"ICA";"PRIVADO";"II-E";"00009627";"SAN MARTIN";"NE_0002";"";"NE_0002";"NE_0002";"NE_0002";"NE_0002";"NE_0002";"NE_0002";"NE_0002"
"2023";"05";"070101";"CALLAO";"CALLAO";"CALLAO";"GOBIERNO REGIONAL";"I-2";"00006768";"PUESTO DE SALUD PALMERAS DE OQUENDO";"NE_0001";"";"NE_0001";"NE_0001";"NE_0001";"NE_0001";"NE_0001";"NE_0001";"NE_0001"
"2023";"05";"070101";"CALLAO";"CALLAO";"CALLAO";"GOBIERNO REGIONAL";"I-2";"00006243";"PUESTO DE SALUD FAUCETT";"NE_0001";"";"NE_0001";"NE_0001";"NE_0001";"NE_0001";"NE_0001";"NE_0001";"NE_0001"
"2023";"05";"070101";"CALLAO";"CALLAO";"CALLAO";"GOBIERNO REGIONAL";"I-2";"00006244";"PUESTO DE SALUD 200 MILLAS";"NE_0001";"";"NE_0001";"NE_0001";"NE_0001";"NE_0001";"NE_0001";"NE_0001";"NE_0001"
"2023";"05";"150130";"LIMA";"LIMA";"SAN BORJA";"PRIVADO";"II-E";"00017634";"CLINICA ONCOSALUD";"240000";"HOSPITALIZACIÓN";"347";"325";"1779";"2310";"69";"2139";"20"
"2023";"05";"150131";"LIMA";"LIMA";"SAN ISIDRO";"PRIVADO";"II-2";"00009123";"CLINICA ANGLOAMERICANA";"240000";"HOSPITALIZACIÓN";"528";"514";"2063";"2058";"93";"2801";"1"
"2023";"05";"150605";"LIMA";"HUARAL";"CHANCAY";"GOBIERNO REGIONAL";"II-2";"00007638";"HOSPITAL DE CHANCAY Y SBS Dr. HIDALGO ATOCHE L¿PEZ";"240100";"HOSPITALIZACIÓN QUIRÚRGICA CIRUGÍA GENERAL ";"37";"42";"142";"142";"8";"248";"0"
"2023";"05";"150605";"LIMA";"HUARAL";"CHANCAY";"GOBIERNO REGIONAL";"II-2";"00007638";"HOSPITAL DE CHANCAY Y SBS Dr. HIDALGO ATOCHE L¿PEZ";"241200";"HOSPITALIZACIÓN QUIRÚRGICA TRAUMATOLOGÍA Y ORTOPEDIA ";"20";"21";"58";"58";"5";"155";"0"
"2023";"05";"150605";"LIMA";"HUARAL";"CHANCAY";"GOBIERNO REGIONAL";"II-2";"00007638";"HOSPITAL DE CHANCAY Y SBS Dr. HIDALGO ATOCHE L¿PEZ";"241300";"HOSPITALIZACIÓN QUIRÚRGICA UROLOGÍA  ";"4";"5";"21";"21";"1";"31";"0"
"2023";"05";"150605";"LIMA";"HUARAL";"CHANCAY";"GOBIERNO REGIONAL";"II-2";"00007638";"HOSPITAL DE CHANCAY Y SBS Dr. HIDALGO ATOCHE L¿PEZ";"241500";"HOSPITALIZACIÓN QUIRÚRGICA GINECOLOGÍA  ";"9";"10";"37";"37";"8";"248";"0"
"2023";"05";"150605";"LIMA";"HUARAL";"CHANCAY";"GOBIERNO REGIONAL";"II-2";"00007638";"HOSPITAL DE CHANCAY Y SBS Dr. HIDALGO ATOCHE L¿PEZ";"241600";"HOSPITALIZACIÓN QUIRÚRGICA OBSTETRICIA   ";"114";"119";"288";"288";"13";"403";"0"
"2023";"05";"150605";"LIMA";"HUARAL";"CHANCAY";"GOBIERNO REGIONAL";"II-2";"00007638";"HOSPITAL DE CHANCAY Y SBS Dr. HIDALGO ATOCHE L¿PEZ";"241800";"HOSPITALIZACIÓN DE MEDICINA MEDICINA GENERAL ";"31";"48";"535";"493";"16";"496";"10"
"2023";"05";"150605";"LIMA";"HUARAL";"CHANCAY";"GOBIERNO REGIONAL";"II-2";"00007638";"HOSPITAL DE CHANCAY Y SBS Dr. HIDALGO ATOCHE L¿PEZ";"242500";"HOSPITALIZACIÓN-PEDIATRÍA GENERAL-";"35";"39";"152";"152";"14";"434";"0"
"2023";"05";"150605";"LIMA";"HUARAL";"CHANCAY";"GOBIERNO REGIONAL";"II-2";"00007638";"HOSPITAL DE CHANCAY Y SBS Dr. HIDALGO ATOCHE L¿PEZ";"243200";"HOSPITALIZACIÓN DE PEDIATRÍA PEDIATRIA NEONATOLOGÍA";"7";"11";"86";"86";"6";"186";"0"
"2023";"05";"150605";"LIMA";"HUARAL";"CHANCAY";"GOBIERNO REGIONAL";"II-2";"00007638";"HOSPITAL DE CHANCAY Y SBS Dr. HIDALGO ATOCHE L¿PEZ";"250103";"UNIDAD DE CUIDADOS CRITICOS UNIDAD  DE CUIDADOS INTENSIVOS GENERALES  (UCI) MEDICINA";"2";"4";"33";"33";"4";"124";"1"
"2023";"05";"150605";"LIMA";"HUARAL";"CHANCAY";"GOBIERNO REGIONAL";"II-2";"00007638";"HOSPITAL DE CHANCAY Y SBS Dr. HIDALGO ATOCHE L¿PEZ";"250105";"UNIDAD DE CUIDADOS CRITICOS UNIDAD  DE CUIDADOS INTENSIVOS  (UCI) NEONATOLOGÍA";"2";"2";"2";"2";"2";"62";"0"
"2023";"05";"220104";"SAN MARTIN";"MOYOBAMBA";"JEPELACIO";"GOBIERNO REGIONAL";"I-3";"00006341";"JERILLO";"241600";"HOSPITALIZACIÓN QUIRÚRGICA OBSTETRICIA   ";"10";"10";"13";"1";"1";"31";"0"
"2023";"05";"220104";"SAN MARTIN";"MOYOBAMBA";"JEPELACIO";"GOBIERNO REGIONAL";"I-1";"00006346";"RAMIREZ";"NE_0001";"";"NE_0001";"NE_0001";"NE_0001";"NE_0001";"NE_0001";"NE_0001";"NE_0001"
"2023";"05";"220104";"SAN MARTIN";"MOYOBAMBA";"JEPELACIO";"GOBIERNO REGIONAL";"I-3";"00006349";"LA HUARPIA";"NE_0001";"";"NE_0001";"NE_0001";"NE_0001";"NE_0001";"NE_0001";"NE_0001";"NE_0001"
"2023";"05";"030101";"APURIMAC";"ABANCAY";"ABANCAY";"ESSALUD";"II-2";"00011213";"HOSPITAL II ESSALUD ABANCAY";"241900";"HOSPITALIZACIÓN DE MEDICINA MEDICINA INTERNA ";"65";"64";"387";"382";"13";"382";"1"
"2023";"05";"030101";"APURIMAC";"ABANCAY";"ABANCAY";"ESSALUD";"II-2";"00011213";"HOSPITAL II ESSALUD ABANCAY";"250100";"UNIDAD DE CUIDADOS CRITICOS UNIDAD  DE CUIDADOS INTENSIVOS GENERALES (UCI) ";"3";"1";"16";"175";"6";"186";"1"
"2023";"05";"030101";"APURIMAC";"ABANCAY";"ABANCAY";"ESSALUD";"II-2";"00011213";"HOSPITAL II ESSALUD ABANCAY";"240100";"HOSPITALIZACIÓN QUIRÚRGICA CIRUGÍA GENERAL ";"94";"94";"465";"445";"15";"445";"0"
"2023";"05";"030101";"APURIMAC";"ABANCAY";"ABANCAY";"ESSALUD";"II-2";"00011213";"HOSPITAL II ESSALUD ABANCAY";"241400";"HOSPITALIZACIÓN QUIRÚRGICA GINECO - OBSTETRICIA ";"37";"37";"118";"91";"3";"93";"0"
"2023";"05";"030101";"APURIMAC";"ABANCAY";"ABANCAY";"ESSALUD";"II-2";"00011213";"HOSPITAL II ESSALUD ABANCAY";"241600";"HOSPITALIZACIÓN QUIRÚRGICA OBSTETRICIA   ";"64";"64";"147";"126";"5";"131";"0"
"2023";"05";"030101";"APURIMAC";"ABANCAY";"ABANCAY";"ESSALUD";"II-2";"00011213";"HOSPITAL II ESSALUD ABANCAY";"242300";"HOSPITALIZACIÓN DE PEDIATRÍA  PEDIATRÍA  GENERAL ";"48";"48";"228";"251";"6";"251";"0"
"2023";"06";"090206";"HUANCAVELICA";"ACOBAMBA";"PAUCARA";"GOBIERNO REGIONAL";"I-1";"00009696";"PUESTO DE SALUD LIBERTADORES DE CHOPCCA";"NE_0001";"";"NE_0001";"NE_0001";"NE_0001";"NE_0001";"NE_0001";"NE_0001";"NE_0001"
"2023";"06";"090206";"HUANCAVELICA";"ACOBAMBA";"PAUCARA";"GOBIERNO REGIONAL";"I-3";"00003931";"TINQUERCCASA";"NE_0001";"";"NE_0001";"NE_0001";"NE_0001";"NE_0001";"NE_0001";"NE_0001";"NE_0001"
"2023";"06";"090206";"HUANCAVELICA";"ACOBAMBA";"PAUCARA";"GOBIERNO REGIONAL";"I-1";"00003932";"PUESTO DE SALUD HUACHHUA";"NE_0001";"";"NE_0001";"NE_0001";"NE_0001";"NE_0001";"NE_0001";"NE_0001";"NE_0001"
"2023";"06";"090206";"HUANCAVELICA";"ACOBAMBA";"PAUCARA";"GOBIERNO REGIONAL";"I-2";"00006823";"PUESTO DE SALUD CHOPCCAPAMPA";"NE_0001";"";"NE_0001";"NE_0001";"NE_0001";"NE_0001";"NE_0001";"NE_0001";"NE_0001"
"2023";"06";"130504";"LA LIBERTAD";"JULCAN";"HUASO";"GOBIERNO REGIONAL";"I-2";"00006770";"CHINCHINVARA";"NE_0001";"";"NE_0001";"NE_0001";"NE_0001";"NE_0001";"NE_0001";"NE_0001";"NE_0001"
"2023";"06";"130504";"LA LIBERTAD";"JULCAN";"HUASO";"GOBIERNO REGIONAL";"I-4";"00005312";"HUASO";"NE_0001";"";"NE_0001";"NE_0001";"NE_0001";"NE_0001";"NE_0001";"NE_0001";"NE_0001"
"2023";"06";"130504";"LA LIBERTAD";"JULCAN";"HUASO";"GOBIERNO REGIONAL";"I-2";"00006772";"LA VEGA";"NE_0001";"";"NE_0001";"NE_0001";"NE_0001";"NE_0001";"NE_0001";"NE_0001";"NE_0001"
"2023";"06";"130504";"LA LIBERTAD";"JULCAN";"HUASO";"GOBIERNO REGIONAL";"I-1";"00016422";"LA UNION";"NE_0001";"";"NE_0001";"NE_0001";"NE_0001";"NE_0001";"NE_0001";"NE_0001";"NE_0001"
"2023";"06";"130504";"LA LIBERTAD";"JULCAN";"HUASO";"GOBIERNO REGIONAL";"I-2";"00005313";"PARASIVE";"NE_0001";"";"NE_0001";"NE_0001";"NE_0001";"NE_0001";"NE_0001";"NE_0001";"NE_0001"
"2023";"06";"130504";"LA LIBERTAD";"JULCAN";"HUASO";"GOBIERNO REGIONAL";"I-2";"00005335";"UNINGAMBAL";"NE_0001";"";"NE_0001";"NE_0001";"NE_0001";"NE_0001";"NE_0001";"NE_0001";"NE_0001"
"2023";"06";"130504";"LA LIBERTAD";"JULCAN";"HUASO";"GOBIERNO REGIONAL";"I-3";"00006771";"CANRAZ";"NE_0001";"";"NE_0001";"NE_0001";"NE_0001";"NE_0001";"NE_0001";"NE_0001";"NE_0001"
"2023";"06";"050501";"AYACUCHO";"LA MAR";"SAN MIGUEL";"GOBIERNO REGIONAL";"II-E";"00003792";"HOSPITAL DE APOYO  SAN MIGUEL";"240100";"HOSPITALIZACIÓN QUIRÚRGICA CIRUGÍA GENERAL ";"9";"9";"21";"5";"5";"150";"1"
"2023";"06";"050501";"AYACUCHO";"LA MAR";"SAN MIGUEL";"GOBIERNO REGIONAL";"II-E";"00003792";"HOSPITAL DE APOYO  SAN MIGUEL";"241500";"HOSPITALIZACIÓN QUIRÚRGICA GINECOLOGÍA  ";"7";"7";"18";"3";"5";"150";"0"
"2023";"06";"050501";"AYACUCHO";"LA MAR";"SAN MIGUEL";"GOBIERNO REGIONAL";"II-E";"00003792";"HOSPITAL DE APOYO  SAN MIGUEL";"241600";"HOSPITALIZACIÓN QUIRÚRGICA OBSTETRICIA   ";"23";"23";"45";"8";"5";"150";"0"
"2023";"06";"050501";"AYACUCHO";"LA MAR";"SAN MIGUEL";"GOBIERNO REGIONAL";"II-E";"00003792";"HOSPITAL DE APOYO  SAN MIGUEL";"241800";"HOSPITALIZACIÓN DE MEDICINA MEDICINA GENERAL ";"8";"11";"60";"9";"5";"150";"1"
"2023";"06";"050501";"AYACUCHO";"LA MAR";"SAN MIGUEL";"GOBIERNO REGIONAL";"II-E";"00003792";"HOSPITAL DE APOYO  SAN MIGUEL";"242500";"HOSPITALIZACIÓN-PEDIATRÍA GENERAL-";"1";"1";"1";"1";"5";"150";"0"
"2023";"06";"070106";"CALLAO";"CALLAO";"VENTANILLA";"GOBIERNO REGIONAL";"I-2";"00006255";"PUESTO DE SALUD VENTANILLA ALTA";"NE_0001";"";"NE_0001";"NE_0001";"NE_0001";"NE_0001";"NE_0001";"NE_0001";"NE_0001"
"2023";"06";"070106";"CALLAO";"CALLAO";"VENTANILLA";"GOBIERNO REGIONAL";"I-2";"00006257";"PUESTO DE SALUD ANGAMOS";"NE_0001";"";"NE_0001";"NE_0001";"NE_0001";"NE_0001";"NE_0001";"NE_0001";"NE_0001"
"2023";"06";"070102";"CALLAO";"CALLAO";"BELLAVISTA";"ESSALUD";"III-1";"00008265";"HOSPITAL NACIONAL ALBERTO SABOGAL SOLOGUREN DE LA RED ASISTENCIAL SABOGAL";"241900";"HOSPITALIZACIÓN DE MEDICINA MEDICINA INTERNA ";"483";"462";"5543";"5518";"195";"5850";"33"
"2023";"06";"070102";"CALLAO";"CALLAO";"BELLAVISTA";"ESSALUD";"III-1";"00008265";"HOSPITAL NACIONAL ALBERTO SABOGAL SOLOGUREN DE LA RED ASISTENCIAL SABOGAL";"240100";"HOSPITALIZACIÓN QUIRÚRGICA CIRUGÍA GENERAL ";"135";"143";"1172";"1122";"40";"1210";"1"
"2023";"06";"070102";"CALLAO";"CALLAO";"BELLAVISTA";"ESSALUD";"III-1";"00008265";"HOSPITAL NACIONAL ALBERTO SABOGAL SOLOGUREN DE LA RED ASISTENCIAL SABOGAL";"240200";"HOSPITALIZACIÓN QUIRÚRGICA CIRUGÍA DE CABEZA Y CUELLO / MÁXILO FACIAL ";"56";"54";"208";"257";"9";"275";"0"
"2023";"06";"070102";"CALLAO";"CALLAO";"BELLAVISTA";"ESSALUD";"III-1";"00008265";"HOSPITAL NACIONAL ALBERTO SABOGAL SOLOGUREN DE LA RED ASISTENCIAL SABOGAL";"240400";"HOSPITALIZACIÓN QUIRÚRGICA CIRUGÍA DE TÓRAX Y CARDIOVASCULAR ";"17";"13";"83";"96";"4";"105";"0"
"2023";"06";"070102";"CALLAO";"CALLAO";"BELLAVISTA";"ESSALUD";"III-1";"00008265";"HOSPITAL NACIONAL ALBERTO SABOGAL SOLOGUREN DE LA RED ASISTENCIAL SABOGAL";"240800";"HOSPITALIZACIÓN QUIRÚRGICA CIRUGÍA PLÁSTICA/RECONSTRUCTIVA/ REPARADORA ";"6";"6";"32";"20";"1";"22";"0"
"2023";"06";"070102";"CALLAO";"CALLAO";"BELLAVISTA";"ESSALUD";"III-1";"00008265";"HOSPITAL NACIONAL ALBERTO SABOGAL SOLOGUREN DE LA RED ASISTENCIAL SABOGAL";"241700";"HOSPITALIZACIÓN QUIRÚRGICA GINECOLOGÍA   GINECOLOGIA ONCOLOGiCA";"71";"73";"211";"179";"6";"180";"0"
"2023";"06";"070102";"CALLAO";"CALLAO";"BELLAVISTA";"ESSALUD";"III-1";"00008265";"HOSPITAL NACIONAL ALBERTO SABOGAL SOLOGUREN DE LA RED ASISTENCIAL SABOGAL";"241900";"HOSPITALIZACIÓN DE MEDICINA MEDICINA INTERNA ";"17";"16";"179";"101";"4";"120";"0"
"2023";"06";"070102";"CALLAO";"CALLAO";"BELLAVISTA";"ESSALUD";"III-1";"00008265";"HOSPITAL NACIONAL ALBERTO SABOGAL SOLOGUREN DE LA RED ASISTENCIAL SABOGAL";"242000";"HOSPITALIZACIÓN DE MEDICINA MEDICINA TROPICAL E INFECCIOSAS ";"30";"33";"263";"338";"12";"360";"2"
"2023";"06";"070102";"CALLAO";"CALLAO";"BELLAVISTA";"ESSALUD";"III-1";"00008265";"HOSPITAL NACIONAL ALBERTO SABOGAL SOLOGUREN DE LA RED ASISTENCIAL SABOGAL";"242100";"HOSPITALIZACIÓN DE MEDICINA ONCOLOGÍA MÉDICA ";"92";"92";"457";"384";"14";"420";"1"
"2023";"06";"070102";"CALLAO";"CALLAO";"BELLAVISTA";"ESSALUD";"III-1";"00008265";"HOSPITAL NACIONAL ALBERTO SABOGAL SOLOGUREN DE LA RED ASISTENCIAL SABOGAL";"240700";"HOSPITALIZACIÓN QUIRÚRGICA CIRUGÍA PEDIÁTRICA ";"54";"55";"203";"195";"7";"210";"0"
"2023";"06";"070102";"CALLAO";"CALLAO";"BELLAVISTA";"ESSALUD";"III-1";"00008265";"HOSPITAL NACIONAL ALBERTO SABOGAL SOLOGUREN DE LA RED ASISTENCIAL SABOGAL";"240900";"HOSPITALIZACIÓN QUIRÚRGICA NEUROCIRUGÍA ";"43";"47";"552";"388";"14";"420";"0"
"2023";"06";"070102";"CALLAO";"CALLAO";"BELLAVISTA";"ESSALUD";"III-1";"00008265";"HOSPITAL NACIONAL ALBERTO SABOGAL SOLOGUREN DE LA RED ASISTENCIAL SABOGAL";"241100";"HOSPITALIZACIÓN QUIRÚRGICA OTORRINOLARINGOLOGÍA  ";"45";"42";"103";"88";"3";"95";"0"
"2023";"06";"070102";"CALLAO";"CALLAO";"BELLAVISTA";"ESSALUD";"III-1";"00008265";"HOSPITAL NACIONAL ALBERTO SABOGAL SOLOGUREN DE LA RED ASISTENCIAL SABOGAL";"241200";"HOSPITALIZACIÓN QUIRÚRGICA TRAUMATOLOGÍA Y ORTOPEDIA ";"119";"114";"1032";"1134";"41";"1230";"3"
"2023";"06";"070102";"CALLAO";"CALLAO";"BELLAVISTA";"ESSALUD";"III-1";"00008265";"HOSPITAL NACIONAL ALBERTO SABOGAL SOLOGUREN DE LA RED ASISTENCIAL SABOGAL";"241300";"HOSPITALIZACIÓN QUIRÚRGICA UROLOGÍA  ";"94";"91";"450";"454";"16";"483";"0"
"2023";"06";"070102";"CALLAO";"CALLAO";"BELLAVISTA";"ESSALUD";"III-1";"00008265";"HOSPITAL NACIONAL ALBERTO SABOGAL SOLOGUREN DE LA RED ASISTENCIAL SABOGAL";"241500";"HOSPITALIZACIÓN QUIRÚRGICA GINECOLOGÍA  ";"86";"79";"234";"257";"10";"300";"0"
"2023";"06";"070102";"CALLAO";"CALLAO";"BELLAVISTA";"ESSALUD";"III-1";"00008265";"HOSPITAL NACIONAL ALBERTO SABOGAL SOLOGUREN DE LA RED ASISTENCIAL SABOGAL";"241600";"HOSPITALIZACIÓN QUIRÚRGICA OBSTETRICIA   ";"260";"246";"940";"1012";"45";"1350";"0"
"2023";"06";"070102";"CALLAO";"CALLAO";"BELLAVISTA";"ESSALUD";"III-1";"00008265";"HOSPITAL NACIONAL ALBERTO SABOGAL SOLOGUREN DE LA RED ASISTENCIAL SABOGAL";"242300";"HOSPITALIZACIÓN DE PEDIATRÍA  PEDIATRÍA  GENERAL ";"49";"73";"1436";"924";"32";"960";"2"
"2023";"06";"070102";"CALLAO";"CALLAO";"BELLAVISTA";"ESSALUD";"III-1";"00008265";"HOSPITAL NACIONAL ALBERTO SABOGAL SOLOGUREN DE LA RED ASISTENCIAL SABOGAL";"250100";"UNIDAD DE CUIDADOS CRITICOS UNIDAD  DE CUIDADOS INTENSIVOS GENERALES (UCI) ";"14";"23";"258";"200";"7";"210";"12"
"2023";"06";"070102";"CALLAO";"CALLAO";"BELLAVISTA";"ESSALUD";"III-1";"00008265";"HOSPITAL NACIONAL ALBERTO SABOGAL SOLOGUREN DE LA RED ASISTENCIAL SABOGAL";"250200";"UNIDAD DE CUIDADOS CRITICOS UNIDAD DE CUIDADOS INTERMEDIOS GENERAL  (UCIN) ";"26";"49";"935";"430";"15";"450";"4"
"2023";"06";"110201";"ICA";"CHINCHA";"CHINCHA ALTA";"PRIVADO";"II-1";"00018704";"FAMISALUD";"241500";"HOSPITALIZACIÓN QUIRÚRGICA GINECOLOGÍA  ";"2";"2";"2";"7";"2";"60";"0"
"2023";"06";"110201";"ICA";"CHINCHA";"CHINCHA ALTA";"PRIVADO";"II-1";"00018704";"FAMISALUD";"241200";"HOSPITALIZACIÓN QUIRÚRGICA TRAUMATOLOGÍA Y ORTOPEDIA ";"1";"1";"1";"7";"1";"30";"0"
"2023";"06";"110201";"ICA";"CHINCHA";"CHINCHA ALTA";"PRIVADO";"II-1";"00018704";"FAMISALUD";"240100";"HOSPITALIZACIÓN QUIRÚRGICA CIRUGÍA GENERAL ";"4";"4";"4";"7";"4";"120";"0"
"2023";"06";"080914";"CUSCO";"LA CONVENCION";"MEGANTONI";"GOBIERNO REGIONAL";"I-1";"00015843";"CASHIRIARI";"NE_0001";"";"NE_0001";"NE_0001";"NE_0001";"NE_0001";"NE_0001";"NE_0001";"NE_0001"
"2023";"06";"080914";"CUSCO";"LA CONVENCION";"MEGANTONI";"GOBIERNO REGIONAL";"I-1";"00015844";"CAMANA";"NE_0001";"";"NE_0001";"NE_0001";"NE_0001";"NE_0001";"NE_0001";"NE_0001";"NE_0001"
"2023";"06";"080914";"CUSCO";"LA CONVENCION";"MEGANTONI";"GOBIERNO REGIONAL";"I-2";"00002437";"NUEVO MUNDO";"NE_0001";"";"NE_0001";"NE_0001";"NE_0001";"NE_0001";"NE_0001";"NE_0001";"NE_0001"
"2023";"06";"130801";"LA LIBERTAD";"PATAZ";"TAYABAMBA";"GOBIERNO REGIONAL";"II-1";"00005375";"HOSPITAL PROVINCIAL DE TAYABAMBA";"241800";"HOSPITALIZACIÓN DE MEDICINA MEDICINA GENERAL ";"23";"25";"82";"84";"11";"330";"0"
"2023";"06";"130801";"LA LIBERTAD";"PATAZ";"TAYABAMBA";"GOBIERNO REGIONAL";"II-1";"00005375";"HOSPITAL PROVINCIAL DE TAYABAMBA";"241600";"HOSPITALIZACIÓN QUIRÚRGICA OBSTETRICIA   ";"22";"23";"41";"42";"5";"150";"0"
"2023";"07";"070101";"CALLAO";"CALLAO";"CALLAO";"SANIDAD DE LA POLICIA NACIONAL DEL PERU";"I-2";"00010610";"POSTA MEDICA POLICIAL SEDE DIRAVPOL";"NE_0001";"";"NE_0001";"NE_0001";"NE_0001";"NE_0001";"NE_0001";"NE_0001";"NE_0001"
"2023";"02";"110201";"ICA";"CHINCHA";"CHINCHA ALTA";"PRIVADO";"II-1";"00020979";"CLINICA DE LOS VASQUEZ S.A.C.";"240000";"HOSPITALIZACIÓN";"33";"35";"91";"35";"12";"336";"0"
"2023";"07";"150133";"LIMA";"LIMA";"SAN JUAN DE MIRAFLORES";"SANIDAD DEL EJERCITO DEL PERU";"I-3";"00010385";"CENTRO DE SALUD MILITAR ""SAN JUAN""";"NE_0001";"";"NE_0001";"NE_0001";"NE_0001";"NE_0001";"NE_0001";"NE_0001";"NE_0001"
"2023";"07";"040118";"AREQUIPA";"AREQUIPA";"SAN JUAN DE SIGUAS";"GOBIERNO REGIONAL";"I-1";"00001339";"PUESTO DE SALUD SAN JUAN DE SIGUAS - TAMBILLO";"NE_0002";"";"NE_0002";"NE_0002";"NE_0002";"NE_0002";"NE_0002";"NE_0002";"NE_0002"
"2023";"07";"040520";"AREQUIPA";"CAYLLOMA";"MAJES";"GOBIERNO REGIONAL";"I-3";"00023969";"CENTRO DE SALUD MENTAL COMUNITARIO MAJES";"NE_0002";"";"NE_0002";"NE_0002";"NE_0002";"NE_0002";"NE_0002";"NE_0002";"NE_0002"
"2023";"07";"040520";"AREQUIPA";"CAYLLOMA";"MAJES";"GOBIERNO REGIONAL";"I-2";"00001341";"ASENTAMIENTO B-1";"NE_0001";"";"NE_0001";"NE_0001";"NE_0001";"NE_0001";"NE_0001";"NE_0001";"NE_0001"
"2023";"07";"040520";"AREQUIPA";"CAYLLOMA";"MAJES";"GOBIERNO REGIONAL";"0";"00030864";"HOGAR PROTEGIDO ""HACIA UNA NUEVA VIDA""";"NE_0002";"";"NE_0002";"NE_0002";"NE_0002";"NE_0002";"NE_0002";"NE_0002";"NE_0002"
"2023";"07";"040520";"AREQUIPA";"CAYLLOMA";"MAJES";"GOBIERNO REGIONAL";"I-4";"00001325";"CENTRO DE SALUD  SANDRITA PEREZ EL PEDREGAL";"241600";"HOSPITALIZACIÓN QUIRÚRGICA OBSTETRICIA   ";"7";"7";"7";"7";"6";"23";"0"
"2023";"07";"040120";"AREQUIPA";"AREQUIPA";"SANTA ISABEL DE SIGUAS";"GOBIERNO REGIONAL";"I-2";"00001378";"PUESTO DE SALUD SONDOR";"NE_0001";"";"NE_0001";"NE_0001";"NE_0001";"NE_0001";"NE_0001";"NE_0001";"NE_0001"
"2023";"07";"040520";"AREQUIPA";"CAYLLOMA";"MAJES";"GOBIERNO REGIONAL";"I-2";"00001342";"PUESTO DE SALUD  B-2";"NE_0001";"";"NE_0001";"NE_0001";"NE_0001";"NE_0001";"NE_0001";"NE_0001";"NE_0001"
"2023";"07";"040120";"AREQUIPA";"AREQUIPA";"SANTA ISABEL DE SIGUAS";"GOBIERNO REGIONAL";"I-2";"00001336";"SANTA ISABEL DE SIGUAS";"NE_0001";"";"NE_0001";"NE_0001";"NE_0001";"NE_0001";"NE_0001";"NE_0001";"NE_0001"
"2023";"07";"040120";"AREQUIPA";"AREQUIPA";"SANTA ISABEL DE SIGUAS";"GOBIERNO REGIONAL";"I-1";"00001337";"PUESTO DE SALUD PITAY";"NE_0002";"";"NE_0002";"NE_0002";"NE_0002";"NE_0002";"NE_0002";"NE_0002";"NE_0002"
"2023";"07";"040520";"AREQUIPA";"CAYLLOMA";"MAJES";"GOBIERNO REGIONAL";"I-3";"00001326";"CENTRO DE SALUD LA COLINA";"NE_0001";"";"NE_0001";"NE_0001";"NE_0001";"NE_0001";"NE_0001";"NE_0001";"NE_0001"
"2023";"07";"040511";"AREQUIPA";"CAYLLOMA";"LLUTA";"GOBIERNO REGIONAL";"I-2";"00001340";"PUESTO DE SALUD QUERQUE";"NE_0001";"";"NE_0001";"NE_0001";"NE_0001";"NE_0001";"NE_0001";"NE_0001";"NE_0001"
"2023";"07";"150101";"LIMA";"LIMA";"LIMA";"PRIVADO";"II-E";"00022102";"CLINICA SEÑOR DE LOS MILAGROS E.I.R.L.";"NE_0001";"";"NE_0001";"NE_0001";"NE_0001";"NE_0001";"NE_0001";"NE_0001";"NE_0001"
"2023";"07";"150132";"LIMA";"LIMA";"SAN JUAN DE LURIGANCHO";"SANIDAD DE LA POLICIA NACIONAL DEL PERU";"I-3";"00030839";"POLICLINICO POLICIAL ZARATE";"NE_0001";"";"NE_0001";"NE_0001";"NE_0001";"NE_0001";"NE_0001";"NE_0001";"NE_0001"
"2023";"07";"090701";"HUANCAVELICA";"TAYACAJA";"PAMPAS";"SANIDAD DE LA POLICIA NACIONAL DEL PERU";"I-2";"00010153";"POSTA MEDICA POLICIAL PAMPAS";"NE_0001";"";"NE_0001";"NE_0001";"NE_0001";"NE_0001";"NE_0001";"NE_0001";"NE_0001"
"2023";"07";"101002";"HUANUCO";"LAURICOCHA";"BAÑOS";"ESSALUD";"I-2";"00027081";"POSTA MÉDICA BAÑOS";"NE_0001";"";"NE_0001";"NE_0001";"NE_0001";"NE_0001";"NE_0001";"NE_0001";"NE_0001"
"2023";"07";"150106";"LIMA";"LIMA";"CARABAYLLO";"SANIDAD DE LA POLICIA NACIONAL DEL PERU";"I-3";"00012664";"POLICLÌNICO  DE LA  POLICÍA  NACIONAL DEL PERÙ CARABAYLLO - DEFENSORES DE LA DEMOCRACIA ";"NE_0001";"";"NE_0001";"NE_0001";"NE_0001";"NE_0001";"NE_0001";"NE_0001";"NE_0001"
"2023";"07";"060301";"CAJAMARCA";"CELENDIN";"CELENDIN";"ESSALUD";"I-3";"00010269";"CENTRO MEDICO ESSALUD CELENDIN";"NE_0001";"";"NE_0001";"NE_0001";"NE_0001";"NE_0001";"NE_0001";"NE_0001";"NE_0001"
"2023";"07";"040701";"AREQUIPA";"ISLAY";"MOLLENDO";"SANIDAD DE LA POLICIA NACIONAL DEL PERU";"I-2";"00017336";"IX MACRO REGION DE SANIDAD POLICIAL  AREQUIPA / HOSREPOL AREQUIPA/ POSTA MEDICA POLICIAL ISLAY";"NE_0001";"";"NE_0001";"NE_0001";"NE_0001";"NE_0001";"NE_0001";"NE_0001";"NE_0001"
"2023";"07";"120125";"JUNIN";"HUANCAYO";"PILCOMAYO";"SANIDAD DE LA POLICIA NACIONAL DEL PERU";"I-2";"00025776";"POSTA MEDICA POLICIAL EESTP - HYO";"NE_0001";"";"NE_0001";"NE_0001";"NE_0001";"NE_0001";"NE_0001";"NE_0001";"NE_0001"
"2023";"07";"060108";"CAJAMARCA";"CAJAMARCA";"LOS BAÑOS DEL INCA";"ESSALUD";"I-3";"00010821";"CENTRO DE ATENCION PRIMARIA II";"NE_0001";"";"NE_0001";"NE_0001";"NE_0001";"NE_0001";"NE_0001";"NE_0001";"NE_0001"
"2023";"07";"250101";"UCAYALI";"CORONEL PORTILLO";"CALLERIA";"SANIDAD DE LA POLICIA NACIONAL DEL PERU";"I-3";"00010148";"POLICLINICO POLICIAL PUCALLPA";"NE_0001";"";"NE_0001";"NE_0001";"NE_0001";"NE_0001";"NE_0001";"NE_0001";"NE_0001"
"2023";"07";"150125";"LIMA";"LIMA";"PUENTE PIEDRA";"SANIDAD DE LA POLICIA NACIONAL DEL PERU";"I-2";"00012923";"POSTA MEDICA POLICIAL ETS  ESCUELA PUENTE PIEDRA";"NE_0002";"";"NE_0002";"NE_0002";"NE_0002";"NE_0002";"NE_0002";"NE_0002";"NE_0002"
"2023";"07";"060801";"CAJAMARCA";"JAEN";"JAEN";"SANIDAD DE LA POLICIA NACIONAL DEL PERU";"I-3";"00018950";"POLICLINICO POLICIAL JAEN";"NE_0001";"";"NE_0001";"NE_0001";"NE_0001";"NE_0001";"NE_0001";"NE_0001";"NE_0001"
"2023";"07";"130401";"LA LIBERTAD";"CHEPEN";"CHEPEN";"SANIDAD DE LA POLICIA NACIONAL DEL PERU";"I-1";"00025659";"Puesto de Salud de la Sanidad PNP. Chepén  I - 1";"NE_0001";"";"NE_0001";"NE_0001";"NE_0001";"NE_0001";"NE_0001";"NE_0001";"NE_0001"
"2023";"07";"150134";"LIMA";"LIMA";"SAN LUIS";"ESSALUD";"I-3";"00008289";"POLICLÍNICO DE COMPLEJIDAD CRECIENTE SAN LUIS";"NE_0001";"";"NE_0001";"NE_0001";"NE_0001";"NE_0001";"NE_0001";"NE_0001";"NE_0001"
"2023";"07";"150509";"LIMA";"CAÑETE";"MALA";"ESSALUD";"I-3";"00010569";"CENTRO MEDICO MALA";"NE_0001";"";"NE_0001";"NE_0001";"NE_0001";"NE_0001";"NE_0001";"NE_0001";"NE_0001"
"2023";"07";"040201";"AREQUIPA";"CAMANA";"CAMANA";"SANIDAD DE LA POLICIA NACIONAL DEL PERU";"I-2";"00011661";"POSTA MEDICA POLICIAL CAMANA";"NE_0001";"";"NE_0001";"NE_0001";"NE_0001";"NE_0001";"NE_0001";"NE_0001";"NE_0001"
"2023";"07";"090206";"HUANCAVELICA";"ACOBAMBA";"PAUCARA";"GOBIERNO REGIONAL";"I-1";"00009696";"PUESTO DE SALUD LIBERTADORES DE CHOPCCA";"NE_0001";"";"NE_0001";"NE_0001";"NE_0001";"NE_0001";"NE_0001";"NE_0001";"NE_0001"
"2023";"07";"090206";"HUANCAVELICA";"ACOBAMBA";"PAUCARA";"GOBIERNO REGIONAL";"I-3";"00003931";"TINQUERCCASA";"NE_0001";"";"NE_0001";"NE_0001";"NE_0001";"NE_0001";"NE_0001";"NE_0001";"NE_0001"
"2023";"07";"090206";"HUANCAVELICA";"ACOBAMBA";"PAUCARA";"GOBIERNO REGIONAL";"I-1";"00003932";"PUESTO DE SALUD HUACHHUA";"NE_0001";"";"NE_0001";"NE_0001";"NE_0001";"NE_0001";"NE_0001";"NE_0001";"NE_0001"
"2023";"07";"230101";"TACNA";"TACNA";"TACNA";"PRIVADO";"I-4";"00011466";"CLINICA ISABEL";"240000";"HOSPITALIZACIÓN";"1";"1";"2";"1";"1";"31";"0"
"2023";"07";"230101";"TACNA";"TACNA";"TACNA";"PRIVADO";"I-4";"00011466";"CLINICA ISABEL";"240000";"HOSPITALIZACIÓN";"1";"1";"2";"1";"1";"31";"0"
"2023";"07";"230101";"TACNA";"TACNA";"TACNA";"PRIVADO";"I-4";"00011466";"CLINICA ISABEL";"240000";"HOSPITALIZACIÓN";"2";"2";"2";"1";"1";"31";"0"
"2023";"07";"230101";"TACNA";"TACNA";"TACNA";"PRIVADO";"I-4";"00011466";"CLINICA ISABEL";"240000";"HOSPITALIZACIÓN";"2";"2";"2";"1";"1";"31";"0"
"2023";"07";"230101";"TACNA";"TACNA";"TACNA";"PRIVADO";"I-4";"00011466";"CLINICA ISABEL";"240000";"HOSPITALIZACIÓN";"1";"1";"2";"1";"1";"31";"0"
"2023";"05";"060101";"CAJAMARCA";"CAJAMARCA";"CAJAMARCA";"PRIVADO";"II-1";"00009234";"CLINICA LOS FRESNOS";"240100";"HOSPITALIZACIÓN QUIRÚRGICA CIRUGÍA GENERAL ";"8";"8";"17";"8";"8";"9";"0"
"2023";"05";"060101";"CAJAMARCA";"CAJAMARCA";"CAJAMARCA";"PRIVADO";"II-1";"00009234";"CLINICA LOS FRESNOS";"244300";"HOSPITALIZACIÓN DE MEDICINA GASTROENTEROLOGÍA  ";"1";"1";"2";"1";"1";"2";"0"
"2023";"05";"060101";"CAJAMARCA";"CAJAMARCA";"CAJAMARCA";"PRIVADO";"II-1";"00009234";"CLINICA LOS FRESNOS";"241500";"HOSPITALIZACIÓN QUIRÚRGICA GINECOLOGÍA  ";"15";"15";"35";"15";"15";"16";"0"
"2023";"05";"060101";"CAJAMARCA";"CAJAMARCA";"CAJAMARCA";"PRIVADO";"II-1";"00009234";"CLINICA LOS FRESNOS";"241900";"HOSPITALIZACIÓN DE MEDICINA MEDICINA INTERNA ";"14";"14";"30";"14";"14";"15";"0"
"2023";"05";"060101";"CAJAMARCA";"CAJAMARCA";"CAJAMARCA";"PRIVADO";"II-1";"00009234";"CLINICA LOS FRESNOS";"241200";"HOSPITALIZACIÓN QUIRÚRGICA TRAUMATOLOGÍA Y ORTOPEDIA ";"7";"7";"8";"7";"7";"8";"0"
"2023";"05";"060101";"CAJAMARCA";"CAJAMARCA";"CAJAMARCA";"PRIVADO";"II-1";"00009234";"CLINICA LOS FRESNOS";"241100";"HOSPITALIZACIÓN QUIRÚRGICA OTORRINOLARINGOLOGÍA  ";"1";"1";"0";"1";"1";"2";"0"
"2023";"05";"060101";"CAJAMARCA";"CAJAMARCA";"CAJAMARCA";"PRIVADO";"II-1";"00009234";"CLINICA LOS FRESNOS";"242300";"HOSPITALIZACIÓN DE PEDIATRÍA  PEDIATRÍA  GENERAL ";"30";"30";"121";"30";"30";"31";"0"
"2023";"05";"060101";"CAJAMARCA";"CAJAMARCA";"CAJAMARCA";"PRIVADO";"II-1";"00009234";"CLINICA LOS FRESNOS";"241300";"HOSPITALIZACIÓN QUIRÚRGICA UROLOGÍA  ";"2";"2";"1";"2";"2";"3";"0"
"2023";"06";"240203";"TUMBES";"CONTRALMIRANTE VILLAR";"CANOAS DE PUNTA SAL";"GOBIERNO REGIONAL";"I-1";"00001906";"PAJARITOS";"NE_0001";"";"NE_0001";"NE_0001";"NE_0001";"NE_0001";"NE_0001";"NE_0001";"NE_0001"
"2023";"06";"080907";"CUSCO";"LA CONVENCION";"KIMBIRI";"GOBIERNO REGIONAL";"I-2";"00002470";"CHIRUMPIARI";"NE_0001";"";"NE_0001";"NE_0001";"NE_0001";"NE_0001";"NE_0001";"NE_0001";"NE_0001"
"2023";"06";"080913";"CUSCO";"LA CONVENCION";"VILLA KINTIARINA";"GOBIERNO REGIONAL";"I-2";"00008283";"PUEBLO LIBRE";"NE_0001";"";"NE_0001";"NE_0001";"NE_0001";"NE_0001";"NE_0001";"NE_0001";"NE_0001"
"2023";"06";"080907";"CUSCO";"LA CONVENCION";"KIMBIRI";"GOBIERNO REGIONAL";"I-3";"00002471";"LOBO TAHUANTINSUYO";"NE_0001";"";"NE_0001";"NE_0001";"NE_0001";"NE_0001";"NE_0001";"NE_0001";"NE_0001"
"2023";"07";"210401";"PUNO";"CHUCUITO";"JULI";"ESSALUD";"I-3";"00009222";"ESSALUD JULI";"NE_0001";"";"NE_0001";"NE_0001";"NE_0001";"NE_0001";"NE_0001";"NE_0001";"NE_0001"
"2023";"07";"211301";"PUNO";"YUNGUYO";"YUNGUYO";"ESSALUD";"I-3";"00009219";"YUNGUYO";"NE_0001";"";"NE_0001";"NE_0001";"NE_0001";"NE_0001";"NE_0001";"NE_0001";"NE_0001"
"2023";"07";"210501";"PUNO";"EL COLLAO";"ILAVE";"ESSALUD";"I-3";"00009218";"POLICLINICO ILAVE -  RED ASISTENCIAL PUNO";"NE_0001";"";"NE_0001";"NE_0001";"NE_0001";"NE_0001";"NE_0001";"NE_0001";"NE_0001"
"2023";"07";"150101";"LIMA";"LIMA";"LIMA";"OTRO";"III-2";"00027929";"INSTITUTO DE MEDICINA LEGAL DEL PERÚ";"NE_0001";"";"NE_0001";"NE_0001";"NE_0001";"NE_0001";"NE_0001";"NE_0001";"NE_0001"
"2023";"07";"150130";"LIMA";"LIMA";"SAN BORJA";"PRIVADO";"0";"00012366";"MISION MEDICA SAC";"NE_0001";"";"NE_0001";"NE_0001";"NE_0001";"NE_0001";"NE_0001";"NE_0001";"NE_0001"
"2023";"07";"060614";"CAJAMARCA";"CUTERVO";"SOCOTA";"GOBIERNO REGIONAL";"I-1";"00005032";"PAMPA LA RIOJA";"NE_0001";"";"NE_0001";"NE_0001";"NE_0001";"NE_0001";"NE_0001";"NE_0001";"NE_0001"
"2023";"07";"060614";"CAJAMARCA";"CUTERVO";"SOCOTA";"GOBIERNO REGIONAL";"I-3";"00005040";" VIRGEN DE LA CANDELARIA ";"NE_0001";"";"NE_0001";"NE_0001";"NE_0001";"NE_0001";"NE_0001";"NE_0001";"NE_0001"
"2023";"07";"060614";"CAJAMARCA";"CUTERVO";"SOCOTA";"GOBIERNO REGIONAL";"I-1";"00005037";"CHISIGLE";"NE_0001";"";"NE_0001";"NE_0001";"NE_0001";"NE_0001";"NE_0001";"NE_0001";"NE_0001"
"2023";"07";"060614";"CAJAMARCA";"CUTERVO";"SOCOTA";"GOBIERNO REGIONAL";"I-1";"00005042";"SAN ANTONIO";"NE_0001";"";"NE_0001";"NE_0001";"NE_0001";"NE_0001";"NE_0001";"NE_0001";"NE_0001"
"2023";"07";"060614";"CAJAMARCA";"CUTERVO";"SOCOTA";"GOBIERNO REGIONAL";"I-1";"00005043";"LAGUNA SHITA";"NE_0001";"";"NE_0001";"NE_0001";"NE_0001";"NE_0001";"NE_0001";"NE_0001";"NE_0001"
"2023";"07";"060614";"CAJAMARCA";"CUTERVO";"SOCOTA";"GOBIERNO REGIONAL";"I-1";"00007749";"CHURUMAYO";"NE_0001";"";"NE_0001";"NE_0001";"NE_0001";"NE_0001";"NE_0001";"NE_0001";"NE_0001"
"2023";"07";"060614";"CAJAMARCA";"CUTERVO";"SOCOTA";"GOBIERNO REGIONAL";"I-1";"00011061";"NUEVO ORIENTE DE SOCOTA";"NE_0001";"";"NE_0001";"NE_0001";"NE_0001";"NE_0001";"NE_0001";"NE_0001";"NE_0001"
"2023";"07";"060614";"CAJAMARCA";"CUTERVO";"SOCOTA";"GOBIERNO REGIONAL";"I-1";"00011063";"LIBERTAD LA PALMA";"NE_0001";"";"NE_0001";"NE_0001";"NE_0001";"NE_0001";"NE_0001";"NE_0001";"NE_0001"
"2023";"07";"060610";"CAJAMARCA";"CUTERVO";"SAN LUIS DE LUCMA";"GOBIERNO REGIONAL";"I-1";"00005039";"SANTO DOMINGO DE LA LUCMA";"NE_0001";"";"NE_0001";"NE_0001";"NE_0001";"NE_0001";"NE_0001";"NE_0001";"NE_0001"
"2023";"07";"060614";"CAJAMARCA";"CUTERVO";"SOCOTA";"GOBIERNO REGIONAL";"I-1";"00005041";"MOCHADIN";"NE_0001";"";"NE_0001";"NE_0001";"NE_0001";"NE_0001";"NE_0001";"NE_0001";"NE_0001"
"2023";"07";"060614";"CAJAMARCA";"CUTERVO";"SOCOTA";"GOBIERNO REGIONAL";"I-1";"00006866";"CUÑANQUE";"NE_0001";"";"NE_0001";"NE_0001";"NE_0001";"NE_0001";"NE_0001";"NE_0001";"NE_0001"
"2023";"07";"060614";"CAJAMARCA";"CUTERVO";"SOCOTA";"GOBIERNO REGIONAL";"I-1";"00006948";"SANTA ELENA";"NE_0001";"";"NE_0001";"NE_0001";"NE_0001";"NE_0001";"NE_0001";"NE_0001";"NE_0001"
"2023";"07";"060610";"CAJAMARCA";"CUTERVO";"SAN LUIS DE LUCMA";"GOBIERNO REGIONAL";"I-1";"00007048";"SEXESHITA";"NE_0001";"";"NE_0001";"NE_0001";"NE_0001";"NE_0001";"NE_0001";"NE_0001";"NE_0001"
"2023";"07";"120214";"JUNIN";"CONCEPCION";"SAN JOSE DE QUERO";"GOBIERNO REGIONAL";"I-2";"00000642";"CHAQUICOCHA";"NE_0001";"";"NE_0001";"NE_0001";"NE_0001";"NE_0001";"NE_0001";"NE_0001";"NE_0001"
"2023";"07";"060801";"CAJAMARCA";"JAEN";"JAEN";"GOBIERNO REGIONAL";"I-1";"00004215";"CHAMAYA";"NE_0001";"";"NE_0001";"NE_0001";"NE_0001";"NE_0001";"NE_0001";"NE_0001";"NE_0001"
"2023";"07";"060801";"CAJAMARCA";"JAEN";"JAEN";"GOBIERNO REGIONAL";"I-2";"00007168";"MONTEGRANDE";"NE_0001";"";"NE_0001";"NE_0001";"NE_0001";"NE_0001";"NE_0001";"NE_0001";"NE_0001"
"2023";"07";"060801";"CAJAMARCA";"JAEN";"JAEN";"GOBIERNO REGIONAL";"I-1";"00004220";"PALMA CENTRAL";"NE_0001";"";"NE_0001";"NE_0001";"NE_0001";"NE_0001";"NE_0001";"NE_0001";"NE_0001"
"2023";"07";"060801";"CAJAMARCA";"JAEN";"JAEN";"GOBIERNO REGIONAL";"I-4";"00004211";"MORRO SOLAR";"241800";"HOSPITALIZACIÓN DE MEDICINA MEDICINA GENERAL ";"39";"38";"56";"39";"8";"201";"0"
"2023";"07";"060801";"CAJAMARCA";"JAEN";"JAEN";"GOBIERNO REGIONAL";"0";"00031497";"HOGAR PROTEGIDO SEÑOR DE HUAMANTANGA";"NE_0001";"";"NE_0001";"NE_0001";"NE_0001";"NE_0001";"NE_0001";"NE_0001";"NE_0001"
"2023";"07";"060801";"CAJAMARCA";"JAEN";"JAEN";"GOBIERNO REGIONAL";"I-1";"00004214";"LAS NARANJAS";"NE_0001";"";"NE_0001";"NE_0001";"NE_0001";"NE_0001";"NE_0001";"NE_0001";"NE_0001"
"2023";"07";"060801";"CAJAMARCA";"JAEN";"JAEN";"GOBIERNO REGIONAL";"I-1";"00007024";"SAN MARTIN DE PORRES";"NE_0001";"";"NE_0001";"NE_0001";"NE_0001";"NE_0001";"NE_0001";"NE_0001";"NE_0001"
"2023";"07";"060801";"CAJAMARCA";"JAEN";"JAEN";"GOBIERNO REGIONAL";"I-1";"00004221";"VALILLO";"NE_0001";"";"NE_0001";"NE_0001";"NE_0001";"NE_0001";"NE_0001";"NE_0001";"NE_0001"
"2023";"07";"060801";"CAJAMARCA";"JAEN";"JAEN";"GOBIERNO REGIONAL";"I-2";"00025858";"NUEVO HORIZONTE";"NE_0001";"";"NE_0001";"NE_0001";"NE_0001";"NE_0001";"NE_0001";"NE_0001";"NE_0001"
"2023";"07";"130103";"LA LIBERTAD";"TRUJILLO";"FLORENCIA DE MORA";"ESSALUD";"II-E";"00009278";"FLORENCIA DE MORA";"241800";"HOSPITALIZACIÓN DE MEDICINA MEDICINA GENERAL ";"5";"4";"23";"30";"3";"93";"0"
"2023";"07";"130103";"LA LIBERTAD";"TRUJILLO";"FLORENCIA DE MORA";"ESSALUD";"II-E";"00009278";"FLORENCIA DE MORA";"240100";"HOSPITALIZACIÓN QUIRÚRGICA CIRUGÍA GENERAL ";"52";"53";"157";"109";"5";"155";"0"
"2023";"07";"130103";"LA LIBERTAD";"TRUJILLO";"FLORENCIA DE MORA";"ESSALUD";"II-E";"00009278";"FLORENCIA DE MORA";"241500";"HOSPITALIZACIÓN QUIRÚRGICA GINECOLOGÍA  ";"13";"13";"66";"54";"3";"93";"0"
"2023";"07";"130103";"LA LIBERTAD";"TRUJILLO";"FLORENCIA DE MORA";"ESSALUD";"II-E";"00009278";"FLORENCIA DE MORA";"241600";"HOSPITALIZACIÓN QUIRÚRGICA OBSTETRICIA   ";"19";"21";"55";"49";"4";"124";"0"
"2023";"07";"070101";"CALLAO";"CALLAO";"CALLAO";"GOBIERNO REGIONAL";"I-2";"00006768";"PUESTO DE SALUD PALMERAS DE OQUENDO";"NE_0001";"";"NE_0001";"NE_0001";"NE_0001";"NE_0001";"NE_0001";"NE_0001";"NE_0001"
"2023";"07";"070101";"CALLAO";"CALLAO";"CALLAO";"GOBIERNO REGIONAL";"I-2";"00006244";"PUESTO DE SALUD 200 MILLAS";"NE_0001";"";"NE_0001";"NE_0001";"NE_0001";"NE_0001";"NE_0001";"NE_0001";"NE_0001"
"2023";"07";"070101";"CALLAO";"CALLAO";"CALLAO";"GOBIERNO REGIONAL";"I-2";"00006243";"PUESTO DE SALUD FAUCETT";"NE_0001";"";"NE_0001";"NE_0001";"NE_0001";"NE_0001";"NE_0001";"NE_0001";"NE_0001"
"2023";"07";"060804";"CAJAMARCA";"JAEN";"COLASAY";"GOBIERNO REGIONAL";"I-1";"00004240";"CUYCA";"NE_0001";"";"NE_0001";"NE_0001";"NE_0001";"NE_0001";"NE_0001";"NE_0001";"NE_0001"
"2023";"07";"130103";"LA LIBERTAD";"TRUJILLO";"FLORENCIA DE MORA";"GOBIERNO REGIONAL";"II-1";"00005217";"HOSPITAL DISTRITAL EL ESFUERZO DE FLORENCIA DE MORA";"241600";"HOSPITALIZACIÓN QUIRÚRGICA OBSTETRICIA   ";"20";"20";"21";"21";"7";"217";"0"
"2023";"07";"130103";"LA LIBERTAD";"TRUJILLO";"FLORENCIA DE MORA";"GOBIERNO REGIONAL";"II-1";"00005217";"HOSPITAL DISTRITAL EL ESFUERZO DE FLORENCIA DE MORA";"241400";"HOSPITALIZACIÓN QUIRÚRGICA GINECO - OBSTETRICIA ";"6";"6";"24";"24";"3";"93";"0"
"2023";"07";"220901";"SAN MARTIN";"SAN MARTIN";"TARAPOTO";"GOBIERNO REGIONAL";"II-2";"00006918";"HOSPITAL TARAPOTO";"240100";"HOSPITALIZACIÓN QUIRÚRGICA CIRUGÍA GENERAL ";"233";"234";"1058";"1058";"42";"1302";"0"
"2023";"07";"220901";"SAN MARTIN";"SAN MARTIN";"TARAPOTO";"GOBIERNO REGIONAL";"II-2";"00006918";"HOSPITAL TARAPOTO";"241400";"HOSPITALIZACIÓN QUIRÚRGICA GINECO - OBSTETRICIA ";"250";"255";"724";"724";"28";"868";"0"
"2023";"07";"220901";"SAN MARTIN";"SAN MARTIN";"TARAPOTO";"GOBIERNO REGIONAL";"II-2";"00006918";"HOSPITAL TARAPOTO";"241500";"HOSPITALIZACIÓN QUIRÚRGICA GINECOLOGÍA  ";"60";"56";"61";"61";"7";"217";"0"
"2023";"07";"220901";"SAN MARTIN";"SAN MARTIN";"TARAPOTO";"GOBIERNO REGIONAL";"II-2";"00006918";"HOSPITAL TARAPOTO";"241800";"HOSPITALIZACIÓN DE MEDICINA MEDICINA GENERAL ";"161";"171";"1198";"1198";"42";"1302";"21"
"2023";"07";"220901";"SAN MARTIN";"SAN MARTIN";"TARAPOTO";"GOBIERNO REGIONAL";"II-2";"00006918";"HOSPITAL TARAPOTO";"242500";"HOSPITALIZACIÓN-PEDIATRÍA GENERAL-";"59";"60";"285";"285";"15";"465";"0"
"2023";"07";"150130";"LIMA";"LIMA";"SAN BORJA";"PRIVADO";"II-E";"00017634";"CLINICA ONCOSALUD";"240000";"HOSPITALIZACIÓN";"298";"299";"1771";"2170";"69";"2139";"12"
"2023";"07";"220605";"SAN MARTIN";"MARISCAL CACERES";"PAJARILLO";"GOBIERNO REGIONAL";"I-1";"00006783";"SOLEDAD";"NE_0001";"";"NE_0001";"NE_0001";"NE_0001";"NE_0001";"NE_0001";"NE_0001";"NE_0001"
"2023";"07";"220605";"SAN MARTIN";"MARISCAL CACERES";"PAJARILLO";"GOBIERNO REGIONAL";"I-1";"00006564";"DOS UNIDOS";"NE_0001";"";"NE_0001";"NE_0001";"NE_0001";"NE_0001";"NE_0001";"NE_0001";"NE_0001"
"2023";"07";"220602";"SAN MARTIN";"MARISCAL CACERES";"CAMPANILLA";"GOBIERNO REGIONAL";"I-1";"00006566";"CUÑUMBUZA";"NE_0001";"";"NE_0001";"NE_0001";"NE_0001";"NE_0001";"NE_0001";"NE_0001";"NE_0001"
"2023";"07";"220202";"SAN MARTIN";"BELLAVISTA";"ALTO BIAVO";"GOBIERNO REGIONAL";"I-1";"00006714";"CENTRO AMERICA";"NE_0001";"";"NE_0001";"NE_0001";"NE_0001";"NE_0001";"NE_0001";"NE_0001";"NE_0001"
"2023";"07";"220605";"SAN MARTIN";"MARISCAL CACERES";"PAJARILLO";"GOBIERNO REGIONAL";"I-1";"00006563";"COSTA RICA";"NE_0001";"";"NE_0001";"NE_0001";"NE_0001";"NE_0001";"NE_0001";"NE_0001";"NE_0001"
"2023";"07";"220204";"SAN MARTIN";"BELLAVISTA";"HUALLAGA";"GOBIERNO REGIONAL";"I-1";"00006565";"AUCARARCA";"NE_0001";"";"NE_0001";"NE_0001";"NE_0001";"NE_0001";"NE_0001";"NE_0001";"NE_0001"
"2023";"07";"081003";"CUSCO";"PARURO";"CCAPI";"GOBIERNO REGIONAL";"I-2";"00002501";"CCAPI";"NE_0002";"";"NE_0002";"NE_0002";"NE_0002";"NE_0002";"NE_0002";"NE_0002";"NE_0002"
"2023";"07";"081003";"CUSCO";"PARURO";"CCAPI";"GOBIERNO REGIONAL";"I-2";"00002502";"CCOYABAMBA";"NE_0002";"";"NE_0002";"NE_0002";"NE_0002";"NE_0002";"NE_0002";"NE_0002";"NE_0002"
"2023";"07";"081005";"CUSCO";"PARURO";"HUANOQUITE";"GOBIERNO REGIONAL";"I-2";"00002504";"HUANOQUITE";"NE_0002";"";"NE_0002";"NE_0002";"NE_0002";"NE_0002";"NE_0002";"NE_0002";"NE_0002"
"2023";"07";"081004";"CUSCO";"PARURO";"COLCHA";"GOBIERNO REGIONAL";"I-1";"00006978";"CCOCHIRIHUAY";"NE_0002";"";"NE_0002";"NE_0002";"NE_0002";"NE_0002";"NE_0002";"NE_0002";"NE_0002"
"2023";"07";"081006";"CUSCO";"PARURO";"OMACHA";"GOBIERNO REGIONAL";"I-2";"00002506";"ANTAPALLPA";"NE_0002";"";"NE_0002";"NE_0002";"NE_0002";"NE_0002";"NE_0002";"NE_0002";"NE_0002"
"2023";"07";"081007";"CUSCO";"PARURO";"PACCARITAMBO";"GOBIERNO REGIONAL";"I-2";"00002507";"PACCARECTAMBO";"NE_0002";"";"NE_0002";"NE_0002";"NE_0002";"NE_0002";"NE_0002";"NE_0002";"NE_0002"
"2023";"07";"081006";"CUSCO";"PARURO";"OMACHA";"GOBIERNO REGIONAL";"I-1";"00012924";"SAHUA SAHUA";"NE_0002";"";"NE_0002";"NE_0002";"NE_0002";"NE_0002";"NE_0002";"NE_0002";"NE_0002"
"2023";"07";"081009";"CUSCO";"PARURO";"YAURISQUE";"GOBIERNO REGIONAL";"I-3";"00002509";"YAURISQUE";"NE_0002";"";"NE_0002";"NE_0002";"NE_0002";"NE_0002";"NE_0002";"NE_0002";"NE_0002"
"2023";"07";"081002";"CUSCO";"PARURO";"ACCHA";"GOBIERNO REGIONAL";"I-3";"00002500";"ACCHA";"NE_0002";"";"NE_0002";"NE_0002";"NE_0002";"NE_0002";"NE_0002";"NE_0002";"NE_0002"
"2023";"07";"081004";"CUSCO";"PARURO";"COLCHA";"GOBIERNO REGIONAL";"I-1";"00002503";"COLCHA";"NE_0002";"";"NE_0002";"NE_0002";"NE_0002";"NE_0002";"NE_0002";"NE_0002";"NE_0002"
"2023";"07";"220603";"SAN MARTIN";"MARISCAL CACERES";"HUICUNGO";"GOBIERNO REGIONAL";"I-1";"00006555";"SHEPTE";"NE_0001";"";"NE_0001";"NE_0001";"NE_0001";"NE_0001";"NE_0001";"NE_0001";"NE_0001"
"2023";"07";"220603";"SAN MARTIN";"MARISCAL CACERES";"HUICUNGO";"GOBIERNO REGIONAL";"I-1";"00006556";"MIRAFLORES";"NE_0001";"";"NE_0001";"NE_0001";"NE_0001";"NE_0001";"NE_0001";"NE_0001";"NE_0001"
"2023";"07";"220604";"SAN MARTIN";"MARISCAL CACERES";"PACHIZA";"GOBIERNO REGIONAL";"I-1";"00006559";"SAN RAMON";"NE_0001";"";"NE_0001";"NE_0001";"NE_0001";"NE_0001";"NE_0001";"NE_0001";"NE_0001"
"2023";"07";"220601";"SAN MARTIN";"MARISCAL CACERES";"JUANJUI";"GOBIERNO REGIONAL";"I-1";"00006550";"QUINILLA";"NE_0001";"";"NE_0001";"NE_0001";"NE_0001";"NE_0001";"NE_0001";"NE_0001";"NE_0001"
"2023";"07";"220605";"SAN MARTIN";"MARISCAL CACERES";"PAJARILLO";"GOBIERNO REGIONAL";"I-1";"00006560";"ARMAYARI";"NE_0001";"";"NE_0001";"NE_0001";"NE_0001";"NE_0001";"NE_0001";"NE_0001";"NE_0001"
"2023";"07";"220601";"SAN MARTIN";"MARISCAL CACERES";"JUANJUI";"GOBIERNO REGIONAL";"I-1";"00006553";"HUAYABAMBA";"NE_0001";"";"NE_0001";"NE_0001";"NE_0001";"NE_0001";"NE_0001";"NE_0001";"NE_0001"
"2023";"07";"220601";"SAN MARTIN";"MARISCAL CACERES";"JUANJUI";"GOBIERNO REGIONAL";"I-1";"00006551";"CAYENA";"NE_0001";"";"NE_0001";"NE_0001";"NE_0001";"NE_0001";"NE_0001";"NE_0001";"NE_0001"
"2023";"07";"220604";"SAN MARTIN";"MARISCAL CACERES";"PACHIZA";"GOBIERNO REGIONAL";"I-1";"00006557";"BAGAZAN";"NE_0001";"";"NE_0001";"NE_0001";"NE_0001";"NE_0001";"NE_0001";"NE_0001";"NE_0001"
"2023";"03";"050113";"AYACUCHO";"HUAMANGA";"TAMBILLO";"GOBIERNO REGIONAL";"I-1";"00003550";"PUESTO DE SALUD NIÑO  YUCAY";"NE_0002";"";"NE_0002";"NE_0002";"NE_0002";"NE_0002";"NE_0002";"NE_0002";"NE_0002"
"2023";"04";"160113";"LORETO";"MAYNAS";"SAN JUAN BAUTISTA";"SANIDAD DE LA POLICIA NACIONAL DEL PERU";"I-3";"00011369";"POLICLINICO POLICIAL IQUITOS";"NE_0001";"";"NE_0001";"NE_0001";"NE_0001";"NE_0001";"NE_0001";"NE_0001";"NE_0001"
"2023";"04";"010101";"AMAZONAS";"CHACHAPOYAS";"CHACHAPOYAS";"GOBIERNO REGIONAL";"II-2";"00004838";"HOSPITAL REGIONAL VIRGEN DE FATIMA";"240100";"HOSPITALIZACIÓN QUIRÚRGICA CIRUGÍA GENERAL ";"83";"97";"454";"496";"23";"690";"1"
"2023";"04";"010101";"AMAZONAS";"CHACHAPOYAS";"CHACHAPOYAS";"GOBIERNO REGIONAL";"II-2";"00004838";"HOSPITAL REGIONAL VIRGEN DE FATIMA";"241200";"HOSPITALIZACIÓN QUIRÚRGICA TRAUMATOLOGÍA Y ORTOPEDIA ";"13";"20";"215";"179";"9";"270";"0"
"2023";"04";"010101";"AMAZONAS";"CHACHAPOYAS";"CHACHAPOYAS";"GOBIERNO REGIONAL";"II-2";"00004838";"HOSPITAL REGIONAL VIRGEN DE FATIMA";"241500";"HOSPITALIZACIÓN QUIRÚRGICA GINECOLOGÍA  ";"38";"41";"110";"145";"6";"180";"0"
"2023";"04";"010101";"AMAZONAS";"CHACHAPOYAS";"CHACHAPOYAS";"GOBIERNO REGIONAL";"II-2";"00004838";"HOSPITAL REGIONAL VIRGEN DE FATIMA";"241600";"HOSPITALIZACIÓN QUIRÚRGICA OBSTETRICIA   ";"146";"156";"262";"397";"31";"930";"0"
"2023";"04";"010101";"AMAZONAS";"CHACHAPOYAS";"CHACHAPOYAS";"GOBIERNO REGIONAL";"II-2";"00004838";"HOSPITAL REGIONAL VIRGEN DE FATIMA";"241900";"HOSPITALIZACIÓN DE MEDICINA MEDICINA INTERNA ";"72";"87";"455";"488";"23";"690";"1"
"2023";"04";"010101";"AMAZONAS";"CHACHAPOYAS";"CHACHAPOYAS";"GOBIERNO REGIONAL";"II-2";"00004838";"HOSPITAL REGIONAL VIRGEN DE FATIMA";"242500";"HOSPITALIZACIÓN-PEDIATRÍA GENERAL-";"15";"18";"134";"136";"14";"420";"0"
"2023";"04";"010101";"AMAZONAS";"CHACHAPOYAS";"CHACHAPOYAS";"GOBIERNO REGIONAL";"II-2";"00004838";"HOSPITAL REGIONAL VIRGEN DE FATIMA";"243200";"HOSPITALIZACIÓN DE PEDIATRÍA PEDIATRIA NEONATOLOGÍA";"102";"110";"325";"350";"15";"450";"0"
"2023";"04";"010101";"AMAZONAS";"CHACHAPOYAS";"CHACHAPOYAS";"GOBIERNO REGIONAL";"II-2";"00004838";"HOSPITAL REGIONAL VIRGEN DE FATIMA";"250103";"UNIDAD DE CUIDADOS CRITICOS UNIDAD  DE CUIDADOS INTENSIVOS GENERALES  (UCI) MEDICINA";"12";"18";"115";"107";"13";"390";"2"
"2023";"04";"010101";"AMAZONAS";"CHACHAPOYAS";"CHACHAPOYAS";"GOBIERNO REGIONAL";"II-2";"00004838";"HOSPITAL REGIONAL VIRGEN DE FATIMA";"250105";"UNIDAD DE CUIDADOS CRITICOS UNIDAD  DE CUIDADOS INTENSIVOS  (UCI) NEONATOLOGÍA";"5";"5";"40";"45";"6";"180";"3"
"2023";"02";"250101";"UCAYALI";"CORONEL PORTILLO";"CALLERIA";"GOBIERNO REGIONAL";"I-3";"00030785";"CENTRO DE SALUD MENTAL COMUNITARIO UNIVERSITARIO MAYUSHIN";"NE_0001";"";"NE_0001";"NE_0001";"NE_0001";"NE_0001";"NE_0001";"NE_0001";"NE_0001"
"2023";"02";"250101";"UCAYALI";"CORONEL PORTILLO";"CALLERIA";"GOBIERNO REGIONAL";"I-3";"00028683";"CENTRO DE SALUD MENTAL COMUNITARIO BENA MANATI";"NE_0001";"";"NE_0001";"NE_0001";"NE_0001";"NE_0001";"NE_0001";"NE_0001";"NE_0001"
"2023";"02";"250105";"UCAYALI";"CORONEL PORTILLO";"YARINACOCHA";"GOBIERNO REGIONAL";"I-1";"00013264";"SANIDAD AEREA";"NE_0001";"";"NE_0001";"NE_0001";"NE_0001";"NE_0001";"NE_0001";"NE_0001";"NE_0001"
"2023";"02";"250101";"UCAYALI";"CORONEL PORTILLO";"CALLERIA";"GOBIERNO REGIONAL";"I-3";"00005569";"CLAS TUPAC AMARU";"NE_0001";"";"NE_0001";"NE_0001";"NE_0001";"NE_0001";"NE_0001";"NE_0001";"NE_0001"
"2023";"02";"250101";"UCAYALI";"CORONEL PORTILLO";"CALLERIA";"GOBIERNO REGIONAL";"I-2";"00005568";"DOS DE MAYO";"NE_0001";"";"NE_0001";"NE_0001";"NE_0001";"NE_0001";"NE_0001";"NE_0001";"NE_0001"
"2023";"02";"250101";"UCAYALI";"CORONEL PORTILLO";"CALLERIA";"GOBIERNO REGIONAL";"I-3";"00005567";"JOSE OLAYA";"NE_0001";"";"NE_0001";"NE_0001";"NE_0001";"NE_0001";"NE_0001";"NE_0001";"NE_0001"
"2023";"02";"250105";"UCAYALI";"CORONEL PORTILLO";"YARINACOCHA";"GOBIERNO REGIONAL";"I-3";"00005566";"HUSARES DEL PERU.";"NE_0001";"";"NE_0001";"NE_0001";"NE_0001";"NE_0001";"NE_0001";"NE_0001";"NE_0001"
"2023";"02";"250101";"UCAYALI";"CORONEL PORTILLO";"CALLERIA";"GOBIERNO REGIONAL";"I-3";"00005565";"NUEVO PARAISO";"NE_0001";"";"NE_0001";"NE_0001";"NE_0001";"NE_0001";"NE_0001";"NE_0001";"NE_0001"
"2023";"02";"250105";"UCAYALI";"CORONEL PORTILLO";"YARINACOCHA";"GOBIERNO REGIONAL";"I-2";"00005559";"SHIRAMBARI.";"NE_0001";"";"NE_0001";"NE_0001";"NE_0001";"NE_0001";"NE_0001";"NE_0001";"NE_0001"
"2023";"02";"250105";"UCAYALI";"CORONEL PORTILLO";"YARINACOCHA";"GOBIERNO REGIONAL";"I-1";"00005547";"SANTA TERESITA";"NE_0001";"";"NE_0001";"NE_0001";"NE_0001";"NE_0001";"NE_0001";"NE_0001";"NE_0001"
"2023";"02";"250105";"UCAYALI";"CORONEL PORTILLO";"YARINACOCHA";"GOBIERNO REGIONAL";"I-3";"00005539";"CENTRO AMERICA";"NE_0001";"";"NE_0001";"NE_0001";"NE_0001";"NE_0001";"NE_0001";"NE_0001";"NE_0001"
"2023";"04";"110401";"ICA";"PALPA";"PALPA";"MINSA";"II-1";"00003458";"DE APOYO DE PALPA";"240100";"HOSPITALIZACIÓN QUIRÚRGICA CIRUGÍA GENERAL ";"2";"3";"17";"16";"6";"164";"0"
"2023";"04";"110401";"ICA";"PALPA";"PALPA";"MINSA";"II-1";"00003458";"DE APOYO DE PALPA";"241400";"HOSPITALIZACIÓN QUIRÚRGICA GINECO - OBSTETRICIA ";"13";"14";"28";"36";"9";"234";"0"
"2023";"04";"110401";"ICA";"PALPA";"PALPA";"MINSA";"II-1";"00003458";"DE APOYO DE PALPA";"241800";"HOSPITALIZACIÓN DE MEDICINA MEDICINA GENERAL ";"9";"9";"22";"21";"9";"249";"1"
"2023";"04";"110401";"ICA";"PALPA";"PALPA";"MINSA";"II-1";"00003458";"DE APOYO DE PALPA";"242300";"HOSPITALIZACIÓN DE PEDIATRÍA  PEDIATRÍA  GENERAL ";"4";"4";"6";"8";"6";"172";"0"
"2023";"06";"060604";"CAJAMARCA";"CUTERVO";"CUJILLO";"GOBIERNO REGIONAL";"I-3";"00004974";"CUJILLO";"NE_0001";"";"NE_0001";"NE_0001";"NE_0001";"NE_0001";"NE_0001";"NE_0001";"NE_0001"
"2023";"05";"040108";"AREQUIPA";"AREQUIPA";"LA JOYA";"GOBIERNO REGIONAL";"I-3";"00001323";"CENTRO DE SALUD SAN ISIDRO";"NE_0001";"";"NE_0001";"NE_0001";"NE_0001";"NE_0001";"NE_0001";"NE_0001";"NE_0001"
"2023";"05";"040108";"AREQUIPA";"AREQUIPA";"LA JOYA";"GOBIERNO REGIONAL";"I-2";"00001333";"PUESTO DE SALUD SAN JOSE";"NE_0001";"";"NE_0001";"NE_0001";"NE_0001";"NE_0001";"NE_0001";"NE_0001";"NE_0001"
"2023";"05";"040108";"AREQUIPA";"AREQUIPA";"LA JOYA";"GOBIERNO REGIONAL";"I-2";"00001331";"PUESTO DE SALUD LA CANO";"NE_0001";"";"NE_0001";"NE_0001";"NE_0001";"NE_0001";"NE_0001";"NE_0001";"NE_0001"
"2023";"05";"040702";"AREQUIPA";"ISLAY";"COCACHACRA";"GOBIERNO REGIONAL";"I-2";"00001343";"PUESTO DE SALUD SAN CAMILO 7";"NE_0001";"";"NE_0001";"NE_0001";"NE_0001";"NE_0001";"NE_0001";"NE_0001";"NE_0001"
"2023";"04";"250102";"UCAYALI";"CORONEL PORTILLO";"CAMPOVERDE";"GOBIERNO REGIONAL";"I-1";"00005431";"SANTA ROSA KM. 50 CFB";"NE_0001";"";"NE_0001";"NE_0001";"NE_0001";"NE_0001";"NE_0001";"NE_0001";"NE_0001"
"2023";"06";"060615";"CAJAMARCA";"CUTERVO";"TORIBIO CASANOVA";"GOBIERNO REGIONAL";"I-1";"00005017";"PERLAMAYO";"NE_0001";"";"NE_0001";"NE_0001";"NE_0001";"NE_0001";"NE_0001";"NE_0001";"NE_0001"
"2023";"06";"060615";"CAJAMARCA";"CUTERVO";"TORIBIO CASANOVA";"GOBIERNO REGIONAL";"I-3";"00005019";"LA SACILIA";"NE_0001";"";"NE_0001";"NE_0001";"NE_0001";"NE_0001";"NE_0001";"NE_0001";"NE_0001"
"2023";"06";"060604";"CAJAMARCA";"CUTERVO";"CUJILLO";"GOBIERNO REGIONAL";"I-1";"00006959";"CUNUAT";"NE_0001";"";"NE_0001";"NE_0001";"NE_0001";"NE_0001";"NE_0001";"NE_0001";"NE_0001"
"2023";"06";"060603";"CAJAMARCA";"CUTERVO";"CHOROS";"GOBIERNO REGIONAL";"I-1";"00004972";"MESARRUME";"NE_0001";"";"NE_0001";"NE_0001";"NE_0001";"NE_0001";"NE_0001";"NE_0001";"NE_0001"
"2023";"06";"060603";"CAJAMARCA";"CUTERVO";"CHOROS";"GOBIERNO REGIONAL";"I-3";"00004971";"CHOROS";"NE_0001";"";"NE_0001";"NE_0001";"NE_0001";"NE_0001";"NE_0001";"NE_0001";"NE_0001"
"2023";"06";"060604";"CAJAMARCA";"CUTERVO";"CUJILLO";"GOBIERNO REGIONAL";"I-1";"00004975";"YUNCHACO";"NE_0001";"";"NE_0001";"NE_0001";"NE_0001";"NE_0001";"NE_0001";"NE_0001";"NE_0001"
"2023";"06";"060613";"CAJAMARCA";"CUTERVO";"SANTO TOMAS";"GOBIERNO REGIONAL";"I-1";"00004976";"MALLETA";"NE_0001";"";"NE_0001";"NE_0001";"NE_0001";"NE_0001";"NE_0001";"NE_0001";"NE_0001"
"2023";"06";"230110";"TACNA";"TACNA";"CORONEL GREGORIO ALBARRACIN L.";"ESSALUD";"I-3";"00010222";"CENTRO  DE ATENCION PRIMARIA II ""LUIS PALZA LEVANO""";"NE_0001";"";"NE_0001";"NE_0001";"NE_0001";"NE_0001";"NE_0001";"NE_0001";"NE_0001"
"2023";"06";"220102";"SAN MARTIN";"MOYOBAMBA";"CALZADA";"GOBIERNO REGIONAL";"I-1";"00006331";"SANTA ROSA BAJO TANGUMI";"NE_0002";"";"NE_0002";"NE_0002";"NE_0002";"NE_0002";"NE_0002";"NE_0002";"NE_0002"
"2023";"06";"220101";"SAN MARTIN";"MOYOBAMBA";"MOYOBAMBA";"GOBIERNO REGIONAL";"I-1";"00006330";"SANTA ROSA DE OROMINA";"NE_0002";"";"NE_0002";"NE_0002";"NE_0002";"NE_0002";"NE_0002";"NE_0002";"NE_0002"
"2023";"06";"220102";"SAN MARTIN";"MOYOBAMBA";"CALZADA";"GOBIERNO REGIONAL";"I-3";"00006326";"CALZADA";"NE_0002";"";"NE_0002";"NE_0002";"NE_0002";"NE_0002";"NE_0002";"NE_0002";"NE_0002"
"2023";"06";"220104";"SAN MARTIN";"MOYOBAMBA";"JEPELACIO";"GOBIERNO REGIONAL";"I-1";"00006329";"OCHAME";"NE_0002";"";"NE_0002";"NE_0002";"NE_0002";"NE_0002";"NE_0002";"NE_0002";"NE_0002"
"2023";"06";"150133";"LIMA";"LIMA";"SAN JUAN DE MIRAFLORES";"PRIVADO";"II-E";"00027478";"CLINICA BUENAVENTURA";"250100";"UNIDAD DE CUIDADOS CRITICOS UNIDAD  DE CUIDADOS INTENSIVOS GENERALES (UCI) ";"1";"1";"2";"1";"3";"90";"0"
"2023";"06";"150133";"LIMA";"LIMA";"SAN JUAN DE MIRAFLORES";"PRIVADO";"II-E";"00027478";"CLINICA BUENAVENTURA";"244000";"HOSPITALIZACIÓN DE MEDICINA CARDIOLOGIA ";"1";"1";"13";"1";"1";"30";"0"
"2023";"06";"150133";"LIMA";"LIMA";"SAN JUAN DE MIRAFLORES";"PRIVADO";"II-E";"00027478";"CLINICA BUENAVENTURA";"240100";"HOSPITALIZACIÓN QUIRÚRGICA CIRUGÍA GENERAL ";"12";"26";"26";"12";"10";"300";"0"
"2023";"06";"150133";"LIMA";"LIMA";"SAN JUAN DE MIRAFLORES";"PRIVADO";"II-E";"00027478";"CLINICA BUENAVENTURA";"241900";"HOSPITALIZACIÓN DE MEDICINA MEDICINA INTERNA ";"2";"2";"11";"2";"2";"60";"0"
"2023";"06";"130101";"LA LIBERTAD";"TRUJILLO";"TRUJILLO";"PRIVADO";"II-E";"00029518";"OFTALMOLOGICA CACEDA";"NE_0001";"";"NE_0001";"NE_0001";"NE_0001";"NE_0001";"NE_0001";"NE_0001";"NE_0001"
"2023";"06";"150131";"LIMA";"LIMA";"SAN ISIDRO";"PRIVADO";"II-2";"00009123";"CLINICA ANGLOAMERICANA";"240000";"HOSPITALIZACIÓN";"479";"487";"1941";"2024";"93";"2731";"4"
"2023";"06";"220911";"SAN MARTIN";"SAN MARTIN";"PAPAPLAYA";"GOBIERNO REGIONAL";"I-1";"00006448";"REFORMA";"NE_0001";"";"NE_0001";"NE_0001";"NE_0001";"NE_0001";"NE_0001";"NE_0001";"NE_0001"
"2023";"06";"220911";"SAN MARTIN";"SAN MARTIN";"PAPAPLAYA";"GOBIERNO REGIONAL";"I-1";"00006454";"SAN JUAN RIO HUALLAGA";"NE_0001";"";"NE_0001";"NE_0001";"NE_0001";"NE_0001";"NE_0001";"NE_0001";"NE_0001"
"2023";"06";"220906";"SAN MARTIN";"SAN MARTIN";"EL PORVENIR";"GOBIERNO REGIONAL";"I-1";"00006451";"PELEJO";"NE_0001";"";"NE_0001";"NE_0001";"NE_0001";"NE_0001";"NE_0001";"NE_0001";"NE_0001"
"2023";"06";"220911";"SAN MARTIN";"SAN MARTIN";"PAPAPLAYA";"GOBIERNO REGIONAL";"I-1";"00006452";"ASUNCION";"NE_0001";"";"NE_0001";"NE_0001";"NE_0001";"NE_0001";"NE_0001";"NE_0001";"NE_0001"
"2023";"06";"220911";"SAN MARTIN";"SAN MARTIN";"PAPAPLAYA";"GOBIERNO REGIONAL";"I-1";"00006453";"PUERTO MERCEDES";"NE_0001";"";"NE_0001";"NE_0001";"NE_0001";"NE_0001";"NE_0001";"NE_0001";"NE_0001"
"2023";"06";"150122";"LIMA";"LIMA";"MIRAFLORES";"OTRO";"II-2";"00010827";"HOGAR DE LA MADRE CLINICA-HOSPITAL";"241500";"HOSPITALIZACIÓN QUIRÚRGICA GINECOLOGÍA  ";"136";"127";"180";"410";"23";"395";"0"
"2023";"06";"130107";"LA LIBERTAD";"TRUJILLO";"MOCHE";"GOBIERNO REGIONAL";"II-1";"00007152";"HOSPITAL DISTRITAL ALTO MOCHE-WALTER CRUZ VILCA";"241400";"HOSPITALIZACIÓN QUIRÚRGICA GINECO - OBSTETRICIA ";"32";"34";"37";"12";"12";"360";"0"
"2023";"06";"150605";"LIMA";"HUARAL";"CHANCAY";"PRIVADO";"II-E";"00032362";"CLINICA DR. POEMAPE - CLINIPOEMAPE";"NE_0001";"";"NE_0001";"NE_0001";"NE_0001";"NE_0001";"NE_0001";"NE_0001";"NE_0001"
"2023";"02";"190301";"PASCO";"OXAPAMPA";"OXAPAMPA";"GOBIERNO REGIONAL";"II-1";"00000980";"ERNESTO GERMAN GUZMÁN GONZALES";"250200";"UNIDAD DE CUIDADOS CRITICOS UNIDAD DE CUIDADOS INTERMEDIOS GENERAL  (UCIN) ";"5";"5";"43";"43";"2";"56";"1"
"2023";"02";"190301";"PASCO";"OXAPAMPA";"OXAPAMPA";"GOBIERNO REGIONAL";"II-1";"00000980";"ERNESTO GERMAN GUZMÁN GONZALES";"241800";"HOSPITALIZACIÓN DE MEDICINA MEDICINA GENERAL ";"20";"20";"97";"97";"2";"100";"2"
"2023";"02";"190301";"PASCO";"OXAPAMPA";"OXAPAMPA";"GOBIERNO REGIONAL";"II-1";"00000980";"ERNESTO GERMAN GUZMÁN GONZALES";"241900";"HOSPITALIZACIÓN DE MEDICINA MEDICINA INTERNA ";"1";"1";"4";"4";"1";"28";"0"
"2023";"02";"190301";"PASCO";"OXAPAMPA";"OXAPAMPA";"GOBIERNO REGIONAL";"II-1";"00000980";"ERNESTO GERMAN GUZMÁN GONZALES";"240100";"HOSPITALIZACIÓN QUIRÚRGICA CIRUGÍA GENERAL ";"13";"13";"63";"63";"5";"140";"0"
"2023";"02";"190301";"PASCO";"OXAPAMPA";"OXAPAMPA";"GOBIERNO REGIONAL";"II-1";"00000980";"ERNESTO GERMAN GUZMÁN GONZALES";"241200";"HOSPITALIZACIÓN QUIRÚRGICA TRAUMATOLOGÍA Y ORTOPEDIA ";"11";"11";"30";"30";"1";"32";"0"
"2023";"02";"190301";"PASCO";"OXAPAMPA";"OXAPAMPA";"GOBIERNO REGIONAL";"II-1";"00000980";"ERNESTO GERMAN GUZMÁN GONZALES";"241400";"HOSPITALIZACIÓN QUIRÚRGICA GINECO - OBSTETRICIA ";"65";"65";"131";"131";"4";"168";"0"
"2023";"02";"190301";"PASCO";"OXAPAMPA";"OXAPAMPA";"GOBIERNO REGIONAL";"II-1";"00000980";"ERNESTO GERMAN GUZMÁN GONZALES";"242500";"HOSPITALIZACIÓN-PEDIATRÍA GENERAL-";"7";"7";"16";"16";"2";"56";"0"
"2023";"02";"190301";"PASCO";"OXAPAMPA";"OXAPAMPA";"GOBIERNO REGIONAL";"II-1";"00000980";"ERNESTO GERMAN GUZMÁN GONZALES";"243200";"HOSPITALIZACIÓN DE PEDIATRÍA PEDIATRIA NEONATOLOGÍA";"8";"8";"16";"16";"3";"84";"0"
"2023";"07";"180303";"MOQUEGUA";"ILO";"PACOCHA";"PRIVADO";"II-1";"00017563";"HOSPITAL SPCC - ILO";"240100";"HOSPITALIZACIÓN QUIRÚRGICA CIRUGÍA GENERAL ";"10";"11";"51";"77";"12";"360";"0"
"2023";"07";"180303";"MOQUEGUA";"ILO";"PACOCHA";"PRIVADO";"II-1";"00017563";"HOSPITAL SPCC - ILO";"241400";"HOSPITALIZACIÓN QUIRÚRGICA GINECO - OBSTETRICIA ";"3";"3";"8";"42";"4";"120";"0"
"2023";"07";"180303";"MOQUEGUA";"ILO";"PACOCHA";"PRIVADO";"II-1";"00017563";"HOSPITAL SPCC - ILO";"241800";"HOSPITALIZACIÓN DE MEDICINA MEDICINA GENERAL ";"7";"6";"33";"56";"14";"420";"0"
"2023";"07";"180303";"MOQUEGUA";"ILO";"PACOCHA";"PRIVADO";"II-1";"00017563";"HOSPITAL SPCC - ILO";"242500";"HOSPITALIZACIÓN-PEDIATRÍA GENERAL-";"1";"1";"2";"12";"7";"210";"0"
"2023";"07";"230302";"TACNA";"JORGE BASADRE";"ILABAYA";"PRIVADO";"I-4";"00018230";"HOSPITAL TOQUEPALA";"240100";"HOSPITALIZACIÓN QUIRÚRGICA CIRUGÍA GENERAL ";"2";"3";"87";"175";"12";"360";"0"
"2023";"07";"230302";"TACNA";"JORGE BASADRE";"ILABAYA";"PRIVADO";"I-4";"00018230";"HOSPITAL TOQUEPALA";"241400";"HOSPITALIZACIÓN QUIRÚRGICA GINECO - OBSTETRICIA ";"1";"1";"2";"50";"2";"60";"0"
"2023";"07";"230302";"TACNA";"JORGE BASADRE";"ILABAYA";"PRIVADO";"I-4";"00018230";"HOSPITAL TOQUEPALA";"241800";"HOSPITALIZACIÓN DE MEDICINA MEDICINA GENERAL ";"3";"5";"17";"146";"14";"420";"0"
"2023";"07";"180106";"MOQUEGUA";"MARISCAL NIETO";"TORATA";"PRIVADO";"II-1";"00017393";"HOSPITAL CUAJONE DE LA SOUTHERN PERU";"240100";"HOSPITALIZACIÓN QUIRÚRGICA CIRUGÍA GENERAL ";"13";"10";"32";"71";"14";"420";"0"
"2023";"07";"180106";"MOQUEGUA";"MARISCAL NIETO";"TORATA";"PRIVADO";"II-1";"00017393";"HOSPITAL CUAJONE DE LA SOUTHERN PERU";"241800";"HOSPITALIZACIÓN DE MEDICINA MEDICINA GENERAL ";"25";"26";"65";"140";"16";"480";"0"
"2023";"07";"110201";"ICA";"CHINCHA";"CHINCHA ALTA";"PRIVADO";"II-1";"00010559";"CLINICA DANIEL A. CARRION S.A.C.";"240100";"HOSPITALIZACIÓN QUIRÚRGICA CIRUGÍA GENERAL ";"29";"26";"44";"47";"4";"124";"0"
"2023";"04";"150122";"LIMA";"LIMA";"MIRAFLORES";"PRIVADO";"II-E";"00019748";"CLINICA HIGUERETA";"240000";"HOSPITALIZACIÓN";"140";"129";"445";"319";"17";"527";"0"
"2023";"05";"080702";"CUSCO";"CHUMBIVILCAS";"CAPACMARCA";"GOBIERNO REGIONAL";"I-1";"00027009";"TAHUAY";"NE_0001";"";"NE_0001";"NE_0001";"NE_0001";"NE_0001";"NE_0001";"NE_0001";"NE_0001"
"2023";"05";"150108";"LIMA";"LIMA";"CHORRILLOS";"PRIVADO";"II-1";"00016005";"CLINICA PARROQUIAL SAN FRANCISCO DE ASIS";"240100";"HOSPITALIZACIÓN QUIRÚRGICA CIRUGÍA GENERAL ";"25";"25";"25";"25";"12";"360";"0"
"2023";"05";"150108";"LIMA";"LIMA";"CHORRILLOS";"PRIVADO";"II-1";"00016005";"CLINICA PARROQUIAL SAN FRANCISCO DE ASIS";"240100";"HOSPITALIZACIÓN QUIRÚRGICA CIRUGÍA GENERAL ";"5";"5";"5";"5";"12";"360";"0"
"2023";"05";"150108";"LIMA";"LIMA";"CHORRILLOS";"PRIVADO";"II-1";"00016005";"CLINICA PARROQUIAL SAN FRANCISCO DE ASIS";"240100";"HOSPITALIZACIÓN QUIRÚRGICA CIRUGÍA GENERAL ";"3";"3";"3";"3";"12";"360";"0"
"2023";"05";"150108";"LIMA";"LIMA";"CHORRILLOS";"PRIVADO";"II-1";"00016005";"CLINICA PARROQUIAL SAN FRANCISCO DE ASIS";"240100";"HOSPITALIZACIÓN QUIRÚRGICA CIRUGÍA GENERAL ";"2";"2";"2";"2";"12";"360";"0"
"2023";"05";"150108";"LIMA";"LIMA";"CHORRILLOS";"PRIVADO";"II-1";"00016005";"CLINICA PARROQUIAL SAN FRANCISCO DE ASIS";"240100";"HOSPITALIZACIÓN QUIRÚRGICA CIRUGÍA GENERAL ";"1";"1";"1";"1";"12";"360";"0"
"2023";"05";"150108";"LIMA";"LIMA";"CHORRILLOS";"PRIVADO";"II-1";"00016005";"CLINICA PARROQUIAL SAN FRANCISCO DE ASIS";"240100";"HOSPITALIZACIÓN QUIRÚRGICA CIRUGÍA GENERAL ";"1";"1";"1";"1";"12";"360";"0"
"2023";"05";"150108";"LIMA";"LIMA";"CHORRILLOS";"PRIVADO";"II-1";"00016005";"CLINICA PARROQUIAL SAN FRANCISCO DE ASIS";"240100";"HOSPITALIZACIÓN QUIRÚRGICA CIRUGÍA GENERAL ";"1";"1";"1";"1";"12";"360";"0"
"2023";"05";"150108";"LIMA";"LIMA";"CHORRILLOS";"PRIVADO";"II-1";"00016005";"CLINICA PARROQUIAL SAN FRANCISCO DE ASIS";"240100";"HOSPITALIZACIÓN QUIRÚRGICA CIRUGÍA GENERAL ";"1";"1";"1";"1";"12";"360";"0"
"2023";"05";"150108";"LIMA";"LIMA";"CHORRILLOS";"PRIVADO";"II-1";"00016005";"CLINICA PARROQUIAL SAN FRANCISCO DE ASIS";"240100";"HOSPITALIZACIÓN QUIRÚRGICA CIRUGÍA GENERAL ";"1";"1";"1";"1";"12";"360";"0"
"2023";"05";"021809";"ANCASH";"SANTA";"NUEVO CHIMBOTE";"ESSALUD";"I-4";"00009054";"HOSPITAL I CONO SUR";"241800";"HOSPITALIZACIÓN DE MEDICINA MEDICINA GENERAL ";"16";"17";"56";"56";"2";"51";"0"
"2023";"05";"021809";"ANCASH";"SANTA";"NUEVO CHIMBOTE";"ESSALUD";"I-4";"00009054";"HOSPITAL I CONO SUR";"241500";"HOSPITALIZACIÓN QUIRÚRGICA GINECOLOGÍA  ";"11";"11";"17";"17";"1";"30";"0"
"2023";"05";"120804";"JUNIN";"YAULI";"MARCAPOMACOCHA";"GOBIERNO REGIONAL";"I-2";"00000561";"MARCAPOMACOCHA";"NE_0001";"";"NE_0001";"NE_0001";"NE_0001";"NE_0001";"NE_0001";"NE_0001";"NE_0001"
"2023";"05";"120810";"JUNIN";"YAULI";"YAULI";"GOBIERNO REGIONAL";"I-2";"00000567";"YAULI - LA OROYA";"NE_0001";"";"NE_0001";"NE_0001";"NE_0001";"NE_0001";"NE_0001";"NE_0001";"NE_0001"
"2023";"05";"120801";"JUNIN";"YAULI";"LA OROYA";"GOBIERNO REGIONAL";"I-1";"00021481";"HUARI";"NE_0001";"";"NE_0001";"NE_0001";"NE_0001";"NE_0001";"NE_0001";"NE_0001";"NE_0001"
"2023";"05";"120809";"JUNIN";"YAULI";"SUITUCANCHA";"GOBIERNO REGIONAL";"I-2";"00000431";"SUITUCANCHA";"NE_0001";"";"NE_0001";"NE_0001";"NE_0001";"NE_0001";"NE_0001";"NE_0001";"NE_0001"
"2023";"05";"120808";"JUNIN";"YAULI";"SANTA ROSA DE SACCO";"GOBIERNO REGIONAL";"I-3";"00000566";"SANTA ROSA DE SACCO";"NE_0001";"";"NE_0001";"NE_0001";"NE_0001";"NE_0001";"NE_0001";"NE_0001";"NE_0001"
"2023";"05";"120801";"JUNIN";"YAULI";"LA OROYA";"GOBIERNO REGIONAL";"I-4";"00000559";"LA OROYA";"NE_0001";"";"NE_0001";"NE_0001";"NE_0001";"NE_0001";"NE_0001";"NE_0001";"NE_0001"
"2023";"05";"120801";"JUNIN";"YAULI";"LA OROYA";"GOBIERNO REGIONAL";"I-2";"00000560";"HUAYNACANCHA";"NE_0001";"";"NE_0001";"NE_0001";"NE_0001";"NE_0001";"NE_0001";"NE_0001";"NE_0001"
"2023";"05";"120804";"JUNIN";"YAULI";"MARCAPOMACOCHA";"GOBIERNO REGIONAL";"I-1";"00000562";"SAN FRANCISCO DE YANTAC";"NE_0001";"";"NE_0001";"NE_0001";"NE_0001";"NE_0001";"NE_0001";"NE_0001";"NE_0001"
"2023";"05";"120808";"JUNIN";"YAULI";"SANTA ROSA DE SACCO";"GOBIERNO REGIONAL";"I-1";"00021449";"JUAN PABLO II";"NE_0001";"";"NE_0001";"NE_0001";"NE_0001";"NE_0001";"NE_0001";"NE_0001";"NE_0001"
"2023";"05";"120802";"JUNIN";"YAULI";"CHACAPALPA";"GOBIERNO REGIONAL";"I-1";"00000429";"CHACAPALPA";"NE_0001";"";"NE_0001";"NE_0001";"NE_0001";"NE_0001";"NE_0001";"NE_0001";"NE_0001"
"2023";"05";"120806";"JUNIN";"YAULI";"PACCHA";"GOBIERNO REGIONAL";"I-2";"00000564";"PACCHA - LA OROYA";"NE_0001";"";"NE_0001";"NE_0001";"NE_0001";"NE_0001";"NE_0001";"NE_0001";"NE_0001"
"2023";"05";"120702";"JUNIN";"TARMA";"ACOBAMBA";"GOBIERNO REGIONAL";"I-1";"00000522";"PICOY";"NE_0001";"";"NE_0001";"NE_0001";"NE_0001";"NE_0001";"NE_0001";"NE_0001";"NE_0001"
"2023";"05";"120702";"JUNIN";"TARMA";"ACOBAMBA";"GOBIERNO REGIONAL";"I-1";"00000526";"COLLPA";"NE_0001";"";"NE_0001";"NE_0001";"NE_0001";"NE_0001";"NE_0001";"NE_0001";"NE_0001"
"2023";"05";"120702";"JUNIN";"TARMA";"ACOBAMBA";"GOBIERNO REGIONAL";"I-4";"00000521";"ACOBAMBA";"241600";"HOSPITALIZACIÓN QUIRÚRGICA OBSTETRICIA   ";"2";"2";"5";"5";"3";"93";"0"
"2023";"05";"120702";"JUNIN";"TARMA";"ACOBAMBA";"GOBIERNO REGIONAL";"I-1";"00000525";"HUAYLAHUICHAN";"NE_0001";"";"NE_0001";"NE_0001";"NE_0001";"NE_0001";"NE_0001";"NE_0001";"NE_0001"
"2023";"05";"120702";"JUNIN";"TARMA";"ACOBAMBA";"GOBIERNO REGIONAL";"I-1";"00000523";"HUARACAYO";"NE_0001";"";"NE_0001";"NE_0001";"NE_0001";"NE_0001";"NE_0001";"NE_0001";"NE_0001"
"2023";"05";"120702";"JUNIN";"TARMA";"ACOBAMBA";"GOBIERNO REGIONAL";"I-1";"00000524";"TUPIN";"NE_0001";"";"NE_0001";"NE_0001";"NE_0001";"NE_0001";"NE_0001";"NE_0001";"NE_0001"
"2023";"05";"130105";"LA LIBERTAD";"TRUJILLO";"LA ESPERANZA";"GOBIERNO REGIONAL";"II-1";"00005226";"HOSPITAL DISTRITAL JERUSALEN";"241400";"HOSPITALIZACIÓN QUIRÚRGICA GINECO - OBSTETRICIA ";"17";"17";"29";"35";"6";"196";"0"
"2023";"05";"130105";"LA LIBERTAD";"TRUJILLO";"LA ESPERANZA";"GOBIERNO REGIONAL";"II-1";"00005226";"HOSPITAL DISTRITAL JERUSALEN";"241600";"HOSPITALIZACIÓN QUIRÚRGICA OBSTETRICIA   ";"38";"38";"48";"57";"6";"196";"0"
"2023";"05";"150130";"LIMA";"LIMA";"SAN BORJA";"PRIVADO";"II-E";"00015179";"CLINICA KIRSCHBAUM";"240800";"HOSPITALIZACIÓN QUIRÚRGICA CIRUGÍA PLÁSTICA/RECONSTRUCTIVA/ REPARADORA ";"38";"38";"75";"38";"10";"310";"0"
"2023";"05";"070106";"CALLAO";"CALLAO";"VENTANILLA";"GOBIERNO REGIONAL";"I-4";"00007314";"C.S. MATERNO INFANTIL PACHACUTEC  PERU-COREA";"241800";"HOSPITALIZACIÓN DE MEDICINA MEDICINA GENERAL ";"20";"20";"22";"620";"20";"620";"0"
"2023";"05";"080912";"CUSCO";"LA CONVENCION";"VILLA VIRGEN";"GOBIERNO REGIONAL";"I-1";"00013070";"CHANCAVINE";"NE_0001";"";"NE_0001";"NE_0001";"NE_0001";"NE_0001";"NE_0001";"NE_0001";"NE_0001"
"2023";"05";"080911";"CUSCO";"LA CONVENCION";"INKAWASI";"GOBIERNO REGIONAL";"I-1";"00002485";"PACCAYBAMBA";"NE_0001";"";"NE_0001";"NE_0001";"NE_0001";"NE_0001";"NE_0001";"NE_0001";"NE_0001"
"2023";"05";"080911";"CUSCO";"LA CONVENCION";"INKAWASI";"GOBIERNO REGIONAL";"I-1";"00002491";"LUCMAHUAYCO";"NE_0001";"";"NE_0001";"NE_0001";"NE_0001";"NE_0001";"NE_0001";"NE_0001";"NE_0001"
"2023";"05";"080909";"CUSCO";"LA CONVENCION";"VILCABAMBA";"GOBIERNO REGIONAL";"I-1";"00002492";"PALTAYBAMBA";"NE_0001";"";"NE_0001";"NE_0001";"NE_0001";"NE_0001";"NE_0001";"NE_0001";"NE_0001"
"2023";"06";"070101";"CALLAO";"CALLAO";"CALLAO";"SANIDAD DE LA POLICIA NACIONAL DEL PERU";"I-2";"00010451";"POSTA MÉDICA POLICIAL VIPOL";"NE_0001";"";"NE_0001";"NE_0001";"NE_0001";"NE_0001";"NE_0001";"NE_0001";"NE_0001"
"2023";"06";"030201";"APURIMAC";"ANDAHUAYLAS";"ANDAHUAYLAS";"SANIDAD DE LA POLICIA NACIONAL DEL PERU";"I-2";"00011892";"POSTA MEDICA POLICIAL DE ANDAHUAYLAS";"NE_0001";"";"NE_0001";"NE_0001";"NE_0001";"NE_0001";"NE_0001";"NE_0001";"NE_0001"
"2023";"06";"221005";"SAN MARTIN";"TOCACHE";"UCHIZA";"SANIDAD DE LA POLICIA NACIONAL DEL PERU";"I-1";"00025272";"PUESTO SANITARIO PNP SANTA LUCIA";"NE_0001";"";"NE_0001";"NE_0001";"NE_0001";"NE_0001";"NE_0001";"NE_0001";"NE_0001"
"2023";"06";"130503";"LA LIBERTAD";"JULCAN";"CARABAMBA";"GOBIERNO REGIONAL";"I-2";"00006773";"VILLA MARIA";"NE_0001";"";"NE_0001";"NE_0001";"NE_0001";"NE_0001";"NE_0001";"NE_0001";"NE_0001"
"2023";"06";"130503";"LA LIBERTAD";"JULCAN";"CARABAMBA";"GOBIERNO REGIONAL";"I-3";"00005310";"CARABAMBA";"NE_0001";"";"NE_0001";"NE_0001";"NE_0001";"NE_0001";"NE_0001";"NE_0001";"NE_0001"
"2023";"06";"130503";"LA LIBERTAD";"JULCAN";"CARABAMBA";"GOBIERNO REGIONAL";"I-2";"00005311";"SAN JOSE DE SALO BAJO";"NE_0001";"";"NE_0001";"NE_0001";"NE_0001";"NE_0001";"NE_0001";"NE_0001";"NE_0001"
"2023";"06";"150116";"LIMA";"LIMA";"LINCE";"PRIVADO";"II-E";"00015684";"CLINICA GONZALEZ S.A.";"241600";"HOSPITALIZACIÓN QUIRÚRGICA OBSTETRICIA   ";"8";"8";"17";"17";"10";"300";"0"
"2023";"06";"150116";"LIMA";"LIMA";"LINCE";"PRIVADO";"II-E";"00015684";"CLINICA GONZALEZ S.A.";"240000";"HOSPITALIZACIÓN";"24";"24";"48";"48";"12";"360";"0"
"2023";"06";"060801";"CAJAMARCA";"JAEN";"JAEN";"PRIVADO";"II-1";"00015266";"CLINICA Y BOTICA SAN JUAN";"240000";"HOSPITALIZACIÓN";"54";"54";"72";"54";"12";"336";"0"
"2023";"06";"070102";"CALLAO";"CALLAO";"BELLAVISTA";"GOBIERNO REGIONAL";"III-1";"00006218";"NAC. DANIEL A. CARRION";"241900";"HOSPITALIZACIÓN DE MEDICINA MEDICINA INTERNA ";"275";"273";"4962";"4295";"144";"4336";"29"
"2023";"06";"070102";"CALLAO";"CALLAO";"BELLAVISTA";"GOBIERNO REGIONAL";"III-1";"00006218";"NAC. DANIEL A. CARRION";"245300";"HOSPITALIZACIÓN DE MEDICINA NEUMOLOGÍA  ";"8";"9";"320";"282";"12";"366";"1"
"2023";"06";"070102";"CALLAO";"CALLAO";"BELLAVISTA";"GOBIERNO REGIONAL";"III-1";"00006218";"NAC. DANIEL A. CARRION";"240100";"HOSPITALIZACIÓN QUIRÚRGICA CIRUGÍA GENERAL ";"286";"277";"2181";"2042";"88";"2620";"3"
"2023";"06";"070102";"CALLAO";"CALLAO";"BELLAVISTA";"GOBIERNO REGIONAL";"III-1";"00006218";"NAC. DANIEL A. CARRION";"241200";"HOSPITALIZACIÓN QUIRÚRGICA TRAUMATOLOGÍA Y ORTOPEDIA ";"46";"53";"865";"954";"32";"954";"0"
"2023";"06";"070102";"CALLAO";"CALLAO";"BELLAVISTA";"GOBIERNO REGIONAL";"III-1";"00006218";"NAC. DANIEL A. CARRION";"240900";"HOSPITALIZACIÓN QUIRÚRGICA NEUROCIRUGÍA ";"57";"49";"764";"773";"31";"927";"4"
"2023";"06";"070102";"CALLAO";"CALLAO";"BELLAVISTA";"GOBIERNO REGIONAL";"III-1";"00006218";"NAC. DANIEL A. CARRION";"240700";"HOSPITALIZACIÓN QUIRÚRGICA CIRUGÍA PEDIÁTRICA ";"76";"81";"326";"374";"18";"540";"0"
"2023";"06";"070102";"CALLAO";"CALLAO";"BELLAVISTA";"GOBIERNO REGIONAL";"III-1";"00006218";"NAC. DANIEL A. CARRION";"250105";"UNIDAD DE CUIDADOS CRITICOS UNIDAD  DE CUIDADOS INTENSIVOS  (UCI) NEONATOLOGÍA";"22";"74";"753";"751";"37";"1110";"2"
"2023";"06";"070102";"CALLAO";"CALLAO";"BELLAVISTA";"GOBIERNO REGIONAL";"III-1";"00006218";"NAC. DANIEL A. CARRION";"242300";"HOSPITALIZACIÓN DE PEDIATRÍA  PEDIATRÍA  GENERAL ";"124";"130";"625";"535";"24";"726";"0"
"2023";"06";"070102";"CALLAO";"CALLAO";"BELLAVISTA";"GOBIERNO REGIONAL";"III-1";"00006218";"NAC. DANIEL A. CARRION";"241500";"HOSPITALIZACIÓN QUIRÚRGICA GINECOLOGÍA  ";"119";"164";"575";"506";"26";"780";"0"
"2023";"06";"070102";"CALLAO";"CALLAO";"BELLAVISTA";"GOBIERNO REGIONAL";"III-1";"00006218";"NAC. DANIEL A. CARRION";"241600";"HOSPITALIZACIÓN QUIRÚRGICA OBSTETRICIA   ";"20";"149";"365";"256";"16";"480";"0"
"2023";"06";"070102";"CALLAO";"CALLAO";"BELLAVISTA";"GOBIERNO REGIONAL";"III-1";"00006218";"NAC. DANIEL A. CARRION";"241400";"HOSPITALIZACIÓN QUIRÚRGICA GINECO - OBSTETRICIA ";"124";"46";"174";"309";"15";"450";"0"
"2023";"06";"070102";"CALLAO";"CALLAO";"BELLAVISTA";"GOBIERNO REGIONAL";"III-1";"00006218";"NAC. DANIEL A. CARRION";"250100";"UNIDAD DE CUIDADOS CRITICOS UNIDAD  DE CUIDADOS INTENSIVOS GENERALES (UCI) ";"10";"1";"5";"151";"6";"183";"1"
"2023";"06";"070102";"CALLAO";"CALLAO";"BELLAVISTA";"GOBIERNO REGIONAL";"III-1";"00006218";"NAC. DANIEL A. CARRION";"250200";"UNIDAD DE CUIDADOS CRITICOS UNIDAD DE CUIDADOS INTERMEDIOS GENERAL  (UCIN) ";"11";"3";"11";"240";"8";"240";"2"
"2023";"06";"070102";"CALLAO";"CALLAO";"BELLAVISTA";"GOBIERNO REGIONAL";"III-1";"00006218";"NAC. DANIEL A. CARRION";"242100";"HOSPITALIZACIÓN DE MEDICINA ONCOLOGÍA MÉDICA ";"40";"52";"761";"478";"18";"550";"3"
"2023";"06";"070102";"CALLAO";"CALLAO";"BELLAVISTA";"GOBIERNO REGIONAL";"III-1";"00006218";"NAC. DANIEL A. CARRION";"250108";"UNIDAD DE CUIDADOS CRITICOS UNIDAD  DE CUIDADOS INTENSIVOS  (UCI) PEDIÁTRICA";"7";"1";"15";"180";"6";"180";"1"
"2023";"06";"180101";"MOQUEGUA";"MARISCAL NIETO";"MOQUEGUA";"GOBIERNO REGIONAL";"II-2";"00007732";"HOSPITAL REGIONAL DE MOQUEGUA";"241400";"HOSPITALIZACIÓN QUIRÚRGICA GINECO - OBSTETRICIA ";"122";"121";"285";"304";"28";"755";"0"
"2023";"06";"180101";"MOQUEGUA";"MARISCAL NIETO";"MOQUEGUA";"GOBIERNO REGIONAL";"II-2";"00007732";"HOSPITAL REGIONAL DE MOQUEGUA";"241200";"HOSPITALIZACIÓN QUIRÚRGICA TRAUMATOLOGÍA Y ORTOPEDIA ";"48";"45";"389";"354";"12";"439";"0"
"2023";"06";"180101";"MOQUEGUA";"MARISCAL NIETO";"MOQUEGUA";"GOBIERNO REGIONAL";"II-2";"00007732";"HOSPITAL REGIONAL DE MOQUEGUA";"240100";"HOSPITALIZACIÓN QUIRÚRGICA CIRUGÍA GENERAL ";"52";"55";"247";"267";"9";"297";"0"
"2023";"06";"180101";"MOQUEGUA";"MARISCAL NIETO";"MOQUEGUA";"GOBIERNO REGIONAL";"II-2";"00007732";"HOSPITAL REGIONAL DE MOQUEGUA";"242500";"HOSPITALIZACIÓN-PEDIATRÍA GENERAL-";"31";"34";"142";"164";"10";"292";"0"
"2023";"06";"180101";"MOQUEGUA";"MARISCAL NIETO";"MOQUEGUA";"GOBIERNO REGIONAL";"II-2";"00007732";"HOSPITAL REGIONAL DE MOQUEGUA";"243200";"HOSPITALIZACIÓN DE PEDIATRÍA PEDIATRIA NEONATOLOGÍA";"29";"31";"113";"96";"8";"240";"0"
"2023";"06";"180101";"MOQUEGUA";"MARISCAL NIETO";"MOQUEGUA";"GOBIERNO REGIONAL";"II-2";"00007732";"HOSPITAL REGIONAL DE MOQUEGUA";"241800";"HOSPITALIZACIÓN DE MEDICINA MEDICINA GENERAL ";"35";"40";"384";"335";"16";"463";"5"
"2023";"06";"180101";"MOQUEGUA";"MARISCAL NIETO";"MOQUEGUA";"GOBIERNO REGIONAL";"II-2";"00007732";"HOSPITAL REGIONAL DE MOQUEGUA";"250200";"UNIDAD DE CUIDADOS CRITICOS UNIDAD DE CUIDADOS INTERMEDIOS GENERAL  (UCIN) ";"10";"11";"140";"151";"8";"240";"1"
"2023";"06";"180101";"MOQUEGUA";"MARISCAL NIETO";"MOQUEGUA";"GOBIERNO REGIONAL";"II-2";"00007732";"HOSPITAL REGIONAL DE MOQUEGUA";"242200";"HOSPITALIZACIÓN DE MEDICINA PSIQUIATRÍA ";"7";"7";"100";"159";"7";"210";"0"
"2023";"06";"060809";"CAJAMARCA";"JAEN";"SALLIQUE";"GOBIERNO REGIONAL";"I-1";"00025537";"TAILIN";"NE_0001";"";"NE_0001";"NE_0001";"NE_0001";"NE_0001";"NE_0001";"NE_0001";"NE_0001"
"2023";"06";"060809";"CAJAMARCA";"JAEN";"SALLIQUE";"GOBIERNO REGIONAL";"I-3";"00004250";"SALLIQUE";"NE_0001";"";"NE_0001";"NE_0001";"NE_0001";"NE_0001";"NE_0001";"NE_0001";"NE_0001"
"2023";"06";"060809";"CAJAMARCA";"JAEN";"SALLIQUE";"GOBIERNO REGIONAL";"I-1";"00004251";"MAZIN";"NE_0001";"";"NE_0001";"NE_0001";"NE_0001";"NE_0001";"NE_0001";"NE_0001";"NE_0001"
"2023";"06";"060809";"CAJAMARCA";"JAEN";"SALLIQUE";"GOBIERNO REGIONAL";"I-2";"00007053";"PALAMBE";"NE_0001";"";"NE_0001";"NE_0001";"NE_0001";"NE_0001";"NE_0001";"NE_0001";"NE_0001"
"2023";"06";"060809";"CAJAMARCA";"JAEN";"SALLIQUE";"GOBIERNO REGIONAL";"I-1";"00004252";"SAULACA";"NE_0001";"";"NE_0001";"NE_0001";"NE_0001";"NE_0001";"NE_0001";"NE_0001";"NE_0001"
"2023";"06";"220205";"SAN MARTIN";"BELLAVISTA";"SAN PABLO";"GOBIERNO REGIONAL";"I-1";"00006509";"DOS DE MAYO";"NE_0002";"";"NE_0002";"NE_0002";"NE_0002";"NE_0002";"NE_0002";"NE_0002";"NE_0002"
"2023";"06";"220205";"SAN MARTIN";"BELLAVISTA";"SAN PABLO";"GOBIERNO REGIONAL";"I-1";"00029371";"CENTRO AMERICA - SAN PABLO";"NE_0002";"";"NE_0002";"NE_0002";"NE_0002";"NE_0002";"NE_0002";"NE_0002";"NE_0002"
"2023";"06";"220205";"SAN MARTIN";"BELLAVISTA";"SAN PABLO";"GOBIERNO REGIONAL";"I-3";"00006506";"CONSUELO";"NE_0002";"";"NE_0002";"NE_0002";"NE_0002";"NE_0002";"NE_0002";"NE_0002";"NE_0002"
"2023";"06";"150130";"LIMA";"LIMA";"SAN BORJA";"PRIVADO";"III-1";"00009886";"CLINICA SAN BORJA";"240000";"HOSPITALIZACIÓN";"421";"463";"1931";"64";"83";"2490";"3"
"2023";"06";"150130";"LIMA";"LIMA";"SAN BORJA";"PRIVADO";"III-1";"00009886";"CLINICA SAN BORJA";"240500";"HOSPITALIZACIÓN QUIRÚRGICA CIRUGÍA DE TRANSPLANTES ";"1";"1";"2";"1";"4";"120";"0"
"2023";"06";"150130";"LIMA";"LIMA";"SAN BORJA";"PRIVADO";"III-1";"00009886";"CLINICA SAN BORJA";"250105";"UNIDAD DE CUIDADOS CRITICOS UNIDAD  DE CUIDADOS INTENSIVOS  (UCI) NEONATOLOGÍA";"6";"7";"39";"1";"4";"120";"0"
"2023";"06";"150130";"LIMA";"LIMA";"SAN BORJA";"PRIVADO";"III-1";"00009886";"CLINICA SAN BORJA";"250306";"HOSPIT. EN UNIDAD DE CUID.INTEN.-UNIDAD DE VIGILANCIA INTENSIVA (UVI)-PEDIATRÍA";"6";"3";"76";"3";"4";"120";"0"
"2023";"06";"150130";"LIMA";"LIMA";"SAN BORJA";"PRIVADO";"III-1";"00009886";"CLINICA SAN BORJA";"250100";"UNIDAD DE CUIDADOS CRITICOS UNIDAD  DE CUIDADOS INTENSIVOS GENERALES (UCI) ";"60";"28";"412";"14";"19";"570";"4"
"2023";"06";"060614";"CAJAMARCA";"CUTERVO";"SOCOTA";"GOBIERNO REGIONAL";"I-1";"00011262";"PUQUIO DE SOCOTA";"NE_0001";"";"NE_0001";"NE_0001";"NE_0001";"NE_0001";"NE_0001";"NE_0001";"NE_0001"
"2023";"06";"060614";"CAJAMARCA";"CUTERVO";"SOCOTA";"GOBIERNO REGIONAL";"I-1";"00005032";"PAMPA LA RIOJA";"NE_0001";"";"NE_0001";"NE_0001";"NE_0001";"NE_0001";"NE_0001";"NE_0001";"NE_0001"
"2023";"06";"060614";"CAJAMARCA";"CUTERVO";"SOCOTA";"GOBIERNO REGIONAL";"I-3";"00005040";" VIRGEN DE LA CANDELARIA ";"NE_0001";"";"NE_0001";"NE_0001";"NE_0001";"NE_0001";"NE_0001";"NE_0001";"NE_0001"
"2023";"06";"060614";"CAJAMARCA";"CUTERVO";"SOCOTA";"GOBIERNO REGIONAL";"I-1";"00005037";"CHISIGLE";"NE_0001";"";"NE_0001";"NE_0001";"NE_0001";"NE_0001";"NE_0001";"NE_0001";"NE_0001"
"2023";"06";"060614";"CAJAMARCA";"CUTERVO";"SOCOTA";"GOBIERNO REGIONAL";"I-1";"00005042";"SAN ANTONIO";"NE_0001";"";"NE_0001";"NE_0001";"NE_0001";"NE_0001";"NE_0001";"NE_0001";"NE_0001"
"2023";"03";"060801";"CAJAMARCA";"JAEN";"JAEN";"GOBIERNO REGIONAL";"I-1";"00004215";"CHAMAYA";"NE_0001";"";"NE_0001";"NE_0001";"NE_0001";"NE_0001";"NE_0001";"NE_0001";"NE_0001"
"2023";"03";"060801";"CAJAMARCA";"JAEN";"JAEN";"GOBIERNO REGIONAL";"I-2";"00007168";"MONTEGRANDE";"NE_0001";"";"NE_0001";"NE_0001";"NE_0001";"NE_0001";"NE_0001";"NE_0001";"NE_0001"
"2023";"03";"060801";"CAJAMARCA";"JAEN";"JAEN";"GOBIERNO REGIONAL";"I-1";"00004220";"PALMA CENTRAL";"NE_0001";"";"NE_0001";"NE_0001";"NE_0001";"NE_0001";"NE_0001";"NE_0001";"NE_0001"
"2023";"03";"060801";"CAJAMARCA";"JAEN";"JAEN";"GOBIERNO REGIONAL";"I-4";"00004211";"MORRO SOLAR";"241800";"HOSPITALIZACIÓN DE MEDICINA MEDICINA GENERAL ";"62";"60";"93";"62";"8";"178";"0"
"2023";"03";"060801";"CAJAMARCA";"JAEN";"JAEN";"GOBIERNO REGIONAL";"I-1";"00004214";"LAS NARANJAS";"NE_0001";"";"NE_0001";"NE_0001";"NE_0001";"NE_0001";"NE_0001";"NE_0001";"NE_0001"
"2023";"03";"060801";"CAJAMARCA";"JAEN";"JAEN";"GOBIERNO REGIONAL";"I-1";"00007024";"SAN MARTIN DE PORRES";"NE_0001";"";"NE_0001";"NE_0001";"NE_0001";"NE_0001";"NE_0001";"NE_0001";"NE_0001"
"2023";"03";"060801";"CAJAMARCA";"JAEN";"JAEN";"GOBIERNO REGIONAL";"I-1";"00004221";"VALILLO";"NE_0001";"";"NE_0001";"NE_0001";"NE_0001";"NE_0001";"NE_0001";"NE_0001";"NE_0001"
"2023";"03";"060801";"CAJAMARCA";"JAEN";"JAEN";"GOBIERNO REGIONAL";"I-2";"00025858";"NUEVO HORIZONTE";"NE_0001";"";"NE_0001";"NE_0001";"NE_0001";"NE_0001";"NE_0001";"NE_0001";"NE_0001"
"2023";"03";"060801";"CAJAMARCA";"JAEN";"JAEN";"GOBIERNO REGIONAL";"I-1";"00004215";"CHAMAYA";"NE_0001";"";"NE_0001";"NE_0001";"NE_0001";"NE_0001";"NE_0001";"NE_0001";"NE_0001"
"2023";"03";"060801";"CAJAMARCA";"JAEN";"JAEN";"GOBIERNO REGIONAL";"I-2";"00007168";"MONTEGRANDE";"NE_0001";"";"NE_0001";"NE_0001";"NE_0001";"NE_0001";"NE_0001";"NE_0001";"NE_0001"
"2023";"03";"060801";"CAJAMARCA";"JAEN";"JAEN";"GOBIERNO REGIONAL";"I-1";"00004220";"PALMA CENTRAL";"NE_0001";"";"NE_0001";"NE_0001";"NE_0001";"NE_0001";"NE_0001";"NE_0001";"NE_0001"
"2023";"03";"060801";"CAJAMARCA";"JAEN";"JAEN";"GOBIERNO REGIONAL";"I-4";"00004211";"MORRO SOLAR";"241800";"HOSPITALIZACIÓN DE MEDICINA MEDICINA GENERAL ";"62";"60";"93";"62";"8";"178";"0"
"2023";"03";"060801";"CAJAMARCA";"JAEN";"JAEN";"GOBIERNO REGIONAL";"I-1";"00004214";"LAS NARANJAS";"NE_0001";"";"NE_0001";"NE_0001";"NE_0001";"NE_0001";"NE_0001";"NE_0001";"NE_0001"
"2023";"03";"060801";"CAJAMARCA";"JAEN";"JAEN";"GOBIERNO REGIONAL";"I-1";"00004215";"CHAMAYA";"NE_0001";"";"NE_0001";"NE_0001";"NE_0001";"NE_0001";"NE_0001";"NE_0001";"NE_0001"
"2023";"03";"060801";"CAJAMARCA";"JAEN";"JAEN";"GOBIERNO REGIONAL";"I-2";"00007168";"MONTEGRANDE";"NE_0001";"";"NE_0001";"NE_0001";"NE_0001";"NE_0001";"NE_0001";"NE_0001";"NE_0001"
"2023";"03";"060801";"CAJAMARCA";"JAEN";"JAEN";"GOBIERNO REGIONAL";"I-1";"00004220";"PALMA CENTRAL";"NE_0001";"";"NE_0001";"NE_0001";"NE_0001";"NE_0001";"NE_0001";"NE_0001";"NE_0001"
"2023";"03";"060801";"CAJAMARCA";"JAEN";"JAEN";"GOBIERNO REGIONAL";"I-4";"00004211";"MORRO SOLAR";"241800";"HOSPITALIZACIÓN DE MEDICINA MEDICINA GENERAL ";"62";"60";"93";"62";"8";"178";"0"
"2023";"03";"060801";"CAJAMARCA";"JAEN";"JAEN";"GOBIERNO REGIONAL";"I-1";"00004214";"LAS NARANJAS";"NE_0001";"";"NE_0001";"NE_0001";"NE_0001";"NE_0001";"NE_0001";"NE_0001";"NE_0001"
"2023";"03";"060801";"CAJAMARCA";"JAEN";"JAEN";"GOBIERNO REGIONAL";"I-1";"00007024";"SAN MARTIN DE PORRES";"NE_0001";"";"NE_0001";"NE_0001";"NE_0001";"NE_0001";"NE_0001";"NE_0001";"NE_0001"
"2023";"03";"060801";"CAJAMARCA";"JAEN";"JAEN";"GOBIERNO REGIONAL";"I-1";"00004221";"VALILLO";"NE_0001";"";"NE_0001";"NE_0001";"NE_0001";"NE_0001";"NE_0001";"NE_0001";"NE_0001"
"2023";"03";"060801";"CAJAMARCA";"JAEN";"JAEN";"GOBIERNO REGIONAL";"I-2";"00025858";"NUEVO HORIZONTE";"NE_0001";"";"NE_0001";"NE_0001";"NE_0001";"NE_0001";"NE_0001";"NE_0001";"NE_0001"
"2023";"03";"200401";"PIURA";"MORROPON";"CHULUCANAS";"GOBIERNO REGIONAL";"II-1";"00002161";"E.S  II-1  HOSPITAL  CHULUCANAS";"241400";"HOSPITALIZACIÓN QUIRÚRGICA GINECO - OBSTETRICIA ";"216";"239";"606";"574";"22";"682";"0"
"2023";"03";"200401";"PIURA";"MORROPON";"CHULUCANAS";"GOBIERNO REGIONAL";"II-1";"00002161";"E.S  II-1  HOSPITAL  CHULUCANAS";"240100";"HOSPITALIZACIÓN QUIRÚRGICA CIRUGÍA GENERAL ";"18";"19";"69";"112";"13";"403";"0"
"2023";"03";"200401";"PIURA";"MORROPON";"CHULUCANAS";"GOBIERNO REGIONAL";"II-1";"00002161";"E.S  II-1  HOSPITAL  CHULUCANAS";"241800";"HOSPITALIZACIÓN DE MEDICINA MEDICINA GENERAL ";"31";"38";"222";"221";"10";"310";"3"
"2023";"03";"200401";"PIURA";"MORROPON";"CHULUCANAS";"GOBIERNO REGIONAL";"II-1";"00002161";"E.S  II-1  HOSPITAL  CHULUCANAS";"243200";"HOSPITALIZACIÓN DE PEDIATRÍA PEDIATRIA NEONATOLOGÍA";"19";"22";"159";"140";"9";"279";"0"
"2023";"03";"200401";"PIURA";"MORROPON";"CHULUCANAS";"GOBIERNO REGIONAL";"II-1";"00002161";"E.S  II-1  HOSPITAL  CHULUCANAS";"242500";"HOSPITALIZACIÓN-PEDIATRÍA GENERAL-";"15";"19";"65";"64";"6";"186";"1"
"2023";"04";"060607";"CAJAMARCA";"CUTERVO";"QUEROCOTILLO";"GOBIERNO REGIONAL";"I-1";"00007101";"EL GUAYO";"NE_0001";"";"NE_0001";"NE_0001";"NE_0001";"NE_0001";"NE_0001";"NE_0001";"NE_0001"
"2023";"04";"060601";"CAJAMARCA";"CUTERVO";"CUTERVO";"GOBIERNO REGIONAL";"I-1";"00006851";"HUICHUD";"NE_0001";"";"NE_0001";"NE_0001";"NE_0001";"NE_0001";"NE_0001";"NE_0001";"NE_0001"
"2023";"04";"060601";"CAJAMARCA";"CUTERVO";"CUTERVO";"GOBIERNO REGIONAL";"I-1";"00007102";"SANICULLO ALTO";"NE_0001";"";"NE_0001";"NE_0001";"NE_0001";"NE_0001";"NE_0001";"NE_0001";"NE_0001"
"2023";"04";"060607";"CAJAMARCA";"CUTERVO";"QUEROCOTILLO";"GOBIERNO REGIONAL";"I-1";"00007746";"LAGUNAS";"NE_0001";"";"NE_0001";"NE_0001";"NE_0001";"NE_0001";"NE_0001";"NE_0001";"NE_0001"
"2023";"04";"060607";"CAJAMARCA";"CUTERVO";"QUEROCOTILLO";"GOBIERNO REGIONAL";"I-1";"00007747";"PAJURILLO";"NE_0001";"";"NE_0001";"NE_0001";"NE_0001";"NE_0001";"NE_0001";"NE_0001";"NE_0001"
"2023";"04";"060601";"CAJAMARCA";"CUTERVO";"CUTERVO";"GOBIERNO REGIONAL";"I-1";"00007752";"SANTA CLARA DE CAMSE";"NE_0001";"";"NE_0001";"NE_0001";"NE_0001";"NE_0001";"NE_0001";"NE_0001";"NE_0001"
"2023";"04";"060601";"CAJAMARCA";"CUTERVO";"CUTERVO";"GOBIERNO REGIONAL";"I-3";"00004992";"SINCHIMACHE";"NE_0001";"";"NE_0001";"NE_0001";"NE_0001";"NE_0001";"NE_0001";"NE_0001";"NE_0001"
"2023";"04";"060601";"CAJAMARCA";"CUTERVO";"CUTERVO";"GOBIERNO REGIONAL";"I-3";"00004993";"NARANJITO DE CAMSE";"NE_0001";"";"NE_0001";"NE_0001";"NE_0001";"NE_0001";"NE_0001";"NE_0001";"NE_0001"
"2023";"04";"060601";"CAJAMARCA";"CUTERVO";"CUTERVO";"GOBIERNO REGIONAL";"I-2";"00004994";"PAYAC";"NE_0001";"";"NE_0001";"NE_0001";"NE_0001";"NE_0001";"NE_0001";"NE_0001";"NE_0001"
"2023";"04";"060601";"CAJAMARCA";"CUTERVO";"CUTERVO";"GOBIERNO REGIONAL";"I-1";"00008922";"LA CASCARILLA";"NE_0001";"";"NE_0001";"NE_0001";"NE_0001";"NE_0001";"NE_0001";"NE_0001";"NE_0001"
"2023";"04";"080602";"CUSCO";"CANCHIS";"CHECACUPE";"GOBIERNO REGIONAL";"I-2";"00002385";"CHECACUPE";"NE_0001";"";"NE_0001";"NE_0001";"NE_0001";"NE_0001";"NE_0001";"NE_0001";"NE_0001"
"2023";"04";"080608";"CUSCO";"CANCHIS";"TINTA";"GOBIERNO REGIONAL";"I-3";"00002397";"TINTA";"NE_0001";"";"NE_0001";"NE_0001";"NE_0001";"NE_0001";"NE_0001";"NE_0001";"NE_0001"
"2023";"04";"080204";"CUSCO";"ACOMAYO";"MOSOC LLACTA";"GOBIERNO REGIONAL";"I-2";"00002320";"MOSOCLLACTA";"NE_0001";"";"NE_0001";"NE_0001";"NE_0001";"NE_0001";"NE_0001";"NE_0001";"NE_0001"
"2023";"04";"080605";"CUSCO";"CANCHIS";"PITUMARCA";"GOBIERNO REGIONAL";"I-3";"00002392";"PITUMARCA";"NE_0001";"";"NE_0001";"NE_0001";"NE_0001";"NE_0001";"NE_0001";"NE_0001";"NE_0001"
"2023";"04";"080603";"CUSCO";"CANCHIS";"COMBAPATA";"GOBIERNO REGIONAL";"I-4";"00002386";"COMBAPATA CANCHIS";"NE_0001";"";"NE_0001";"NE_0001";"NE_0001";"NE_0001";"NE_0001";"NE_0001";"NE_0001"
"2023";"04";"080603";"CUSCO";"CANCHIS";"COMBAPATA";"GOBIERNO REGIONAL";"I-2";"00002387";"CHIARA";"NE_0001";"";"NE_0001";"NE_0001";"NE_0001";"NE_0001";"NE_0001";"NE_0001";"NE_0001"
"2023";"05";"080101";"CUSCO";"CUSCO";"CUSCO";"GOBIERNO REGIONAL";"III-1";"00002289";"HOSPITAL DE APOYO DEPARTAMENTAL CUSCO";"240100";"HOSPITALIZACIÓN QUIRÚRGICA CIRUGÍA GENERAL ";"174";"176";"950";"876";"34";"1054";"4"
"2023";"05";"080101";"CUSCO";"CUSCO";"CUSCO";"GOBIERNO REGIONAL";"III-1";"00002289";"HOSPITAL DE APOYO DEPARTAMENTAL CUSCO";"240100";"HOSPITALIZACIÓN QUIRÚRGICA CIRUGÍA GENERAL ";"86";"85";"763";"713";"32";"992";"0"
"2023";"05";"080101";"CUSCO";"CUSCO";"CUSCO";"GOBIERNO REGIONAL";"III-1";"00002289";"HOSPITAL DE APOYO DEPARTAMENTAL CUSCO";"241800";"HOSPITALIZACIÓN DE MEDICINA MEDICINA GENERAL ";"22";"20";"289";"790";"29";"899";"1"
"2023";"05";"080101";"CUSCO";"CUSCO";"CUSCO";"GOBIERNO REGIONAL";"III-1";"00002289";"HOSPITAL DE APOYO DEPARTAMENTAL CUSCO";"241500";"HOSPITALIZACIÓN QUIRÚRGICA GINECOLOGÍA  ";"177";"176";"488";"673";"29";"899";"1"
"2023";"05";"080101";"CUSCO";"CUSCO";"CUSCO";"GOBIERNO REGIONAL";"III-1";"00002289";"HOSPITAL DE APOYO DEPARTAMENTAL CUSCO";"241400";"HOSPITALIZACIÓN QUIRÚRGICA GINECO - OBSTETRICIA ";"223";"219";"568";"791";"31";"961";"0"
"2023";"05";"080101";"CUSCO";"CUSCO";"CUSCO";"GOBIERNO REGIONAL";"III-1";"00002289";"HOSPITAL DE APOYO DEPARTAMENTAL CUSCO";"241800";"HOSPITALIZACIÓN DE MEDICINA MEDICINA GENERAL ";"79";"76";"788";"887";"32";"992";"4"
"2023";"05";"080101";"CUSCO";"CUSCO";"CUSCO";"GOBIERNO REGIONAL";"III-1";"00002289";"HOSPITAL DE APOYO DEPARTAMENTAL CUSCO";"241800";"HOSPITALIZACIÓN DE MEDICINA MEDICINA GENERAL ";"35";"38";"520";"401";"21";"651";"7"
"2023";"05";"080101";"CUSCO";"CUSCO";"CUSCO";"GOBIERNO REGIONAL";"III-1";"00002289";"HOSPITAL DE APOYO DEPARTAMENTAL CUSCO";"241900";"HOSPITALIZACIÓN DE MEDICINA MEDICINA INTERNA ";"29";"30";"476";"312";"22";"682";"4"
"2023";"05";"080101";"CUSCO";"CUSCO";"CUSCO";"GOBIERNO REGIONAL";"III-1";"00002289";"HOSPITAL DE APOYO DEPARTAMENTAL CUSCO";"240900";"HOSPITALIZACIÓN QUIRÚRGICA NEUROCIRUGÍA ";"27";"29";"450";"360";"20";"620";"2"
"2023";"05";"080101";"CUSCO";"CUSCO";"CUSCO";"GOBIERNO REGIONAL";"III-1";"00002289";"HOSPITAL DE APOYO DEPARTAMENTAL CUSCO";"242100";"HOSPITALIZACIÓN DE MEDICINA ONCOLOGÍA MÉDICA ";"49";"51";"570";"283";"21";"651";"5"
"2023";"05";"080101";"CUSCO";"CUSCO";"CUSCO";"GOBIERNO REGIONAL";"III-1";"00002289";"HOSPITAL DE APOYO DEPARTAMENTAL CUSCO";"242300";"HOSPITALIZACIÓN DE PEDIATRÍA  PEDIATRÍA  GENERAL ";"88";"82";"641";"658";"28";"868";"1"
"2023";"05";"080101";"CUSCO";"CUSCO";"CUSCO";"GOBIERNO REGIONAL";"III-1";"00002289";"HOSPITAL DE APOYO DEPARTAMENTAL CUSCO";"243200";"HOSPITALIZACIÓN DE PEDIATRÍA PEDIATRIA NEONATOLOGÍA";"62";"64";"745";"640";"25";"775";"1"
"2023";"05";"080101";"CUSCO";"CUSCO";"CUSCO";"GOBIERNO REGIONAL";"III-1";"00002289";"HOSPITAL DE APOYO DEPARTAMENTAL CUSCO";"242204";"HOSPITALIZACIÓN DE MEDICINA PSIQUIATRÍA REHABILITACIÓN PSIQUIÁTRICA / REINSERCIÓN ";"8";"9";"198";"176";"7";"217";"0"
"2023";"05";"080101";"CUSCO";"CUSCO";"CUSCO";"GOBIERNO REGIONAL";"III-1";"00002289";"HOSPITAL DE APOYO DEPARTAMENTAL CUSCO";"241200";"HOSPITALIZACIÓN QUIRÚRGICA TRAUMATOLOGÍA Y ORTOPEDIA ";"58";"55";"750";"810";"30";"930";"1"
"2023";"05";"080101";"CUSCO";"CUSCO";"CUSCO";"GOBIERNO REGIONAL";"III-1";"00002289";"HOSPITAL DE APOYO DEPARTAMENTAL CUSCO";"250100";"UNIDAD DE CUIDADOS CRITICOS UNIDAD  DE CUIDADOS INTENSIVOS GENERALES (UCI) ";"2";"2";"52";"229";"10";"310";"0"
"2023";"05";"080101";"CUSCO";"CUSCO";"CUSCO";"GOBIERNO REGIONAL";"III-1";"00002289";"HOSPITAL DE APOYO DEPARTAMENTAL CUSCO";"240801";"HOSPITALIZACIÓN QUIRÚRGICA CIRUGÍA PLÁSTICA/RECONSTRUCTIVA/ REPARADORA QUEMADOS";"20";"22";"392";"312";"18";"558";"0"
"2023";"05";"080101";"CUSCO";"CUSCO";"CUSCO";"GOBIERNO REGIONAL";"III-1";"00002289";"HOSPITAL DE APOYO DEPARTAMENTAL CUSCO";"250100";"UNIDAD DE CUIDADOS CRITICOS UNIDAD  DE CUIDADOS INTENSIVOS GENERALES (UCI) ";"24";"24";"293";"254";"12";"372";"2"
"2023";"05";"061007";"CAJAMARCA";"SAN MARCOS";"JOSE SABOGAL";"GOBIERNO REGIONAL";"I-1";"00004496";"TINYAYOC";"NE_0001";"";"NE_0001";"NE_0001";"NE_0001";"NE_0001";"NE_0001";"NE_0001";"NE_0001"
"2023";"05";"061007";"CAJAMARCA";"SAN MARCOS";"JOSE SABOGAL";"GOBIERNO REGIONAL";"I-2";"00004497";"MALAT";"NE_0001";"";"NE_0001";"NE_0001";"NE_0001";"NE_0001";"NE_0001";"NE_0001";"NE_0001"
"2023";"05";"061007";"CAJAMARCA";"SAN MARCOS";"JOSE SABOGAL";"GOBIERNO REGIONAL";"I-1";"00004499";"MATIBAMBA";"NE_0001";"";"NE_0001";"NE_0001";"NE_0001";"NE_0001";"NE_0001";"NE_0001";"NE_0001"
"2023";"05";"061007";"CAJAMARCA";"SAN MARCOS";"JOSE SABOGAL";"GOBIERNO REGIONAL";"I-1";"00004495";"HUAGAL";"NE_0001";"";"NE_0001";"NE_0001";"NE_0001";"NE_0001";"NE_0001";"NE_0001";"NE_0001"
"2023";"05";"061007";"CAJAMARCA";"SAN MARCOS";"JOSE SABOGAL";"GOBIERNO REGIONAL";"I-2";"00004498";"LICLICONGA";"NE_0001";"";"NE_0001";"NE_0001";"NE_0001";"NE_0001";"NE_0001";"NE_0001";"NE_0001"
"2023";"05";"061007";"CAJAMARCA";"SAN MARCOS";"JOSE SABOGAL";"GOBIERNO REGIONAL";"I-3";"00004500";"JOSE SABOGAL";"NE_0001";"";"NE_0001";"NE_0001";"NE_0001";"NE_0001";"NE_0001";"NE_0001";"NE_0001"
"2023";"05";"100401";"HUANUCO";"HUACAYBAMBA";"HUACAYBAMBA";"GOBIERNO REGIONAL";"I-2";"00000880";"QUICHIRRAGRA";"NE_0001";"";"NE_0001";"NE_0001";"NE_0001";"NE_0001";"NE_0001";"NE_0001";"NE_0001"
"2023";"05";"100401";"HUANUCO";"HUACAYBAMBA";"HUACAYBAMBA";"GOBIERNO REGIONAL";"I-3";"00000877";"CENTRO DE SALUD DE HUACAYBAMBA";"NE_0001";"";"NE_0001";"NE_0001";"NE_0001";"NE_0001";"NE_0001";"NE_0001";"NE_0001"
"2023";"05";"100401";"HUANUCO";"HUACAYBAMBA";"HUACAYBAMBA";"GOBIERNO REGIONAL";"I-1";"00000881";"PUESTO DE SALUD DE RONDOBAMBA";"NE_0001";"";"NE_0001";"NE_0001";"NE_0001";"NE_0001";"NE_0001";"NE_0001";"NE_0001"
"2023";"06";"040112";"AREQUIPA";"AREQUIPA";"PAUCARPATA";"GOBIERNO REGIONAL";"I-3";"00001310";"CENTRO DE SALUD MANUEL PRADO";"NE_0001";"";"NE_0001";"NE_0001";"NE_0001";"NE_0001";"NE_0001";"NE_0001";"NE_0001"
"2023";"06";"040112";"AREQUIPA";"AREQUIPA";"PAUCARPATA";"GOBIERNO REGIONAL";"I-4";"00001296";"CENTRO DE SALUD  AMPLIACIÓN PAUCARPATA";"NE_0001";"";"NE_0001";"NE_0001";"NE_0001";"NE_0001";"NE_0001";"NE_0001";"NE_0001"
"2023";"06";"040112";"AREQUIPA";"AREQUIPA";"PAUCARPATA";"GOBIERNO REGIONAL";"I-3";"00001313";"CENTRO DE SALUD NUEVA ALBORADA";"NE_0001";"";"NE_0001";"NE_0001";"NE_0001";"NE_0001";"NE_0001";"NE_0001";"NE_0001"
"2023";"06";"040112";"AREQUIPA";"AREQUIPA";"PAUCARPATA";"GOBIERNO REGIONAL";"I-3";"00001315";"CENTRO DE SALUD CAMPO MARTE";"NE_0001";"";"NE_0001";"NE_0001";"NE_0001";"NE_0001";"NE_0001";"NE_0001";"NE_0001"
"2023";"06";"150130";"LIMA";"LIMA";"SAN BORJA";"PRIVADO";"0";"00012366";"MISION MEDICA SAC";"NE_0001";"";"NE_0001";"NE_0001";"NE_0001";"NE_0001";"NE_0001";"NE_0001";"NE_0001"
"2023";"06";"210101";"PUNO";"PUNO";"PUNO";"PRIVADO";"II-E";"00009683";"CLINICA PROSALUD";"240000";"HOSPITALIZACIÓN";"18";"18";"40";"40";"5";"150";"0"
"2023";"06";"080501";"CUSCO";"CANAS";"YANAOCA";"GOBIERNO REGIONAL";"I-2";"00018241";"HAMPATURA";"NE_0001";"";"NE_0001";"NE_0001";"NE_0001";"NE_0001";"NE_0001";"NE_0001";"NE_0001"
"2023";"06";"080506";"CUSCO";"CANAS";"PAMPAMARCA";"GOBIERNO REGIONAL";"I-2";"00002372";"PAMPAMARCA";"NE_0001";"";"NE_0001";"NE_0001";"NE_0001";"NE_0001";"NE_0001";"NE_0001";"NE_0001"
"2023";"06";"080508";"CUSCO";"CANAS";"TUPAC AMARU";"GOBIERNO REGIONAL";"I-1";"00002375";"SURIMANA";"NE_0001";"";"NE_0001";"NE_0001";"NE_0001";"NE_0001";"NE_0001";"NE_0001";"NE_0001"
"2023";"06";"080507";"CUSCO";"CANAS";"QUEHUE";"GOBIERNO REGIONAL";"I-2";"00002373";"QUEHUE";"NE_0001";"";"NE_0001";"NE_0001";"NE_0001";"NE_0001";"NE_0001";"NE_0001";"NE_0001"
"2023";"06";"080501";"CUSCO";"CANAS";"YANAOCA";"GOBIERNO REGIONAL";"I-4";"00002364";"YANAOCA";"NE_0001";"";"NE_0001";"NE_0001";"NE_0001";"NE_0001";"NE_0001";"NE_0001";"NE_0001"
"2023";"06";"080508";"CUSCO";"CANAS";"TUPAC AMARU";"GOBIERNO REGIONAL";"I-2";"00002376";"TUNGASUCA";"NE_0001";"";"NE_0001";"NE_0001";"NE_0001";"NE_0001";"NE_0001";"NE_0001";"NE_0001"
"2023";"06";"080501";"CUSCO";"CANAS";"YANAOCA";"GOBIERNO REGIONAL";"I-2";"00002365";"PONGOÑA";"NE_0001";"";"NE_0001";"NE_0001";"NE_0001";"NE_0001";"NE_0001";"NE_0001";"NE_0001"
"2023";"05";"220101";"SAN MARTIN";"MOYOBAMBA";"MOYOBAMBA";"GOBIERNO REGIONAL";"I-1";"00006321";"LOS ANGELES";"NE_0001";"";"NE_0001";"NE_0001";"NE_0001";"NE_0001";"NE_0001";"NE_0001";"NE_0001"
"2023";"05";"220101";"SAN MARTIN";"MOYOBAMBA";"MOYOBAMBA";"GOBIERNO REGIONAL";"I-1";"00006320";"CAÑABRAVA";"NE_0001";"";"NE_0001";"NE_0001";"NE_0001";"NE_0001";"NE_0001";"NE_0001";"NE_0001"
"2023";"05";"220101";"SAN MARTIN";"MOYOBAMBA";"MOYOBAMBA";"GOBIERNO REGIONAL";"I-1";"00006319";"BUENOS AIRES";"NE_0001";"";"NE_0001";"NE_0001";"NE_0001";"NE_0001";"NE_0001";"NE_0001";"NE_0001"
"2023";"05";"220106";"SAN MARTIN";"MOYOBAMBA";"YANTALO";"GOBIERNO REGIONAL";"I-3";"00006318";"YANTALO";"NE_0002";"";"NE_0002";"NE_0002";"NE_0002";"NE_0002";"NE_0002";"NE_0002";"NE_0002"
"2023";"05";"150501";"LIMA";"CAÑETE";"SAN VICENTE DE CAÑETE";"PRIVADO";"II-1";"00026070";"CLINICA CORAZON DE JESUS";"240100";"HOSPITALIZACIÓN QUIRÚRGICA CIRUGÍA GENERAL ";"33";"35";"83";"68";"8";"248";"0"
"2023";"05";"150501";"LIMA";"CAÑETE";"SAN VICENTE DE CAÑETE";"PRIVADO";"II-1";"00026070";"CLINICA CORAZON DE JESUS";"241400";"HOSPITALIZACIÓN QUIRÚRGICA GINECO - OBSTETRICIA ";"15";"15";"32";"28";"3";"93";"0"
"2023";"05";"150116";"LIMA";"LIMA";"LINCE";"ESSALUD";"I-3";"00017695";"CENTRO DE ATENCION PRIMARIA III ALFREDO PIAZZA ROBERTS-GSPN I Y II-RPA-ESSALUD";"NE_0001";"";"NE_0001";"NE_0001";"NE_0001";"NE_0001";"NE_0001";"NE_0001";"NE_0001"
"2023";"06";"100101";"HUANUCO";"HUANUCO";"HUANUCO";"PRIVADO";"II-E";"00021062";"CLINICA SAN JUAN BOSCO E.I.R.L.";"240000";"HOSPITALIZACIÓN";"11";"14";"24";"14";"11";"330";"0"
"2023";"06";"120303";"JUNIN";"CHANCHAMAYO";"PICHANAQUI";"GOBIERNO REGIONAL";"I-3";"00000343";"CENTRO CUYANI";"NE_0001";"";"NE_0001";"NE_0001";"NE_0001";"NE_0001";"NE_0001";"NE_0001";"NE_0001"
"2023";"06";"120303";"JUNIN";"CHANCHAMAYO";"PICHANAQUI";"GOBIERNO REGIONAL";"I-2";"00000350";"VALLE HERMOSO";"NE_0001";"";"NE_0001";"NE_0001";"NE_0001";"NE_0001";"NE_0001";"NE_0001";"NE_0001"
"2023";"06";"120303";"JUNIN";"CHANCHAMAYO";"PICHANAQUI";"GOBIERNO REGIONAL";"I-2";"00000347";"CONDADO PICHIKIARI";"NE_0001";"";"NE_0001";"NE_0001";"NE_0001";"NE_0001";"NE_0001";"NE_0001";"NE_0001"
"2023";"06";"030101";"APURIMAC";"ABANCAY";"ABANCAY";"GOBIERNO REGIONAL";"II-2";"00007719";"HOSPITAL REGIONAL GUILLERMO DIAZ DE LA VEGA";"241600";"HOSPITALIZACIÓN QUIRÚRGICA OBSTETRICIA   ";"134";"94";"249";"284";"10";"334";"0"
"2023";"06";"030101";"APURIMAC";"ABANCAY";"ABANCAY";"GOBIERNO REGIONAL";"II-2";"00007719";"HOSPITAL REGIONAL GUILLERMO DIAZ DE LA VEGA";"240100";"HOSPITALIZACIÓN QUIRÚRGICA CIRUGÍA GENERAL ";"139";"140";"624";"137";"10";"300";"0"
"2023";"06";"030101";"APURIMAC";"ABANCAY";"ABANCAY";"GOBIERNO REGIONAL";"II-2";"00007719";"HOSPITAL REGIONAL GUILLERMO DIAZ DE LA VEGA";"241500";"HOSPITALIZACIÓN QUIRÚRGICA GINECOLOGÍA  ";"101";"98";"283";"305";"14";"425";"0"
"2023";"06";"030101";"APURIMAC";"ABANCAY";"ABANCAY";"GOBIERNO REGIONAL";"II-2";"00007719";"HOSPITAL REGIONAL GUILLERMO DIAZ DE LA VEGA";"241900";"HOSPITALIZACIÓN DE MEDICINA MEDICINA INTERNA ";"91";"77";"479";"625";"11";"625";"5"
"2023";"06";"030101";"APURIMAC";"ABANCAY";"ABANCAY";"GOBIERNO REGIONAL";"II-2";"00007719";"HOSPITAL REGIONAL GUILLERMO DIAZ DE LA VEGA";"250201";"UNIDAD DE CUIDADOS CRITICOS UNIDAD DE CUIDADOS INTERMEDIOS  (UCIN) NEONATAL";"23";"19";"115";"131";"6";"186";"0"
"2023";"06";"030101";"APURIMAC";"ABANCAY";"ABANCAY";"GOBIERNO REGIONAL";"II-2";"00007719";"HOSPITAL REGIONAL GUILLERMO DIAZ DE LA VEGA";"242300";"HOSPITALIZACIÓN DE PEDIATRÍA  PEDIATRÍA  GENERAL ";"57";"58";"232";"262";"10";"318";"1"
"2023";"06";"030101";"APURIMAC";"ABANCAY";"ABANCAY";"GOBIERNO REGIONAL";"II-2";"00007719";"HOSPITAL REGIONAL GUILLERMO DIAZ DE LA VEGA";"241200";"HOSPITALIZACIÓN QUIRÚRGICA TRAUMATOLOGÍA Y ORTOPEDIA ";"51";"51";"594";"540";"11";"540";"0"
"2023";"06";"030101";"APURIMAC";"ABANCAY";"ABANCAY";"GOBIERNO REGIONAL";"II-2";"00007719";"HOSPITAL REGIONAL GUILLERMO DIAZ DE LA VEGA";"250103";"UNIDAD DE CUIDADOS CRITICOS UNIDAD  DE CUIDADOS INTENSIVOS GENERALES  (UCI) MEDICINA";"9";"9";"165";"120";"4";"129";"2"
"2023";"06";"030101";"APURIMAC";"ABANCAY";"ABANCAY";"GOBIERNO REGIONAL";"II-2";"00007719";"HOSPITAL REGIONAL GUILLERMO DIAZ DE LA VEGA";"250105";"UNIDAD DE CUIDADOS CRITICOS UNIDAD  DE CUIDADOS INTENSIVOS  (UCI) NEONATOLOGÍA";"8";"8";"91";"57";"4";"120";"0"
"2023";"06";"030101";"APURIMAC";"ABANCAY";"ABANCAY";"GOBIERNO REGIONAL";"II-2";"00007719";"HOSPITAL REGIONAL GUILLERMO DIAZ DE LA VEGA";"250200";"UNIDAD DE CUIDADOS CRITICOS UNIDAD DE CUIDADOS INTERMEDIOS GENERAL  (UCIN) ";"4";"4";"35";"102";"3";"107";"1"
"2023";"06";"150120";"LIMA";"LIMA";"MAGDALENA DEL MAR";"PRIVADO";"II-E";"00023022";"CLINICA AVANSALUD";"240000";"HOSPITALIZACIÓN";"58";"55";"102";"52";"4";"341";"0"
"2023";"06";"120205";"JUNIN";"CONCEPCION";"COCHAS";"GOBIERNO REGIONAL";"I-2";"00000676";"COCHAS";"NE_0001";"";"NE_0001";"NE_0001";"NE_0001";"NE_0001";"NE_0001";"NE_0001";"NE_0001"
"2023";"06";"120206";"JUNIN";"CONCEPCION";"COMAS";"GOBIERNO REGIONAL";"I-1";"00000684";"RUNATULLO";"NE_0001";"";"NE_0001";"NE_0001";"NE_0001";"NE_0001";"NE_0001";"NE_0001";"NE_0001"
"2023";"06";"120203";"JUNIN";"CONCEPCION";"ANDAMARCA";"GOBIERNO REGIONAL";"I-1";"00019790";"PUNCO";"NE_0001";"";"NE_0001";"NE_0001";"NE_0001";"NE_0001";"NE_0001";"NE_0001";"NE_0001"
"2023";"06";"120135";"JUNIN";"HUANCAYO";"SANTO DOMINGO DE ACOBAMBA";"GOBIERNO REGIONAL";"I-1";"00024428";"POTRERO";"NE_0001";"";"NE_0001";"NE_0001";"NE_0001";"NE_0001";"NE_0001";"NE_0001";"NE_0001"
"2023";"06";"120135";"JUNIN";"HUANCAYO";"SANTO DOMINGO DE ACOBAMBA";"GOBIERNO REGIONAL";"I-3";"00000666";"SANTO DOMINGO DE ACOBAMBA";"NE_0001";"";"NE_0001";"NE_0001";"NE_0001";"NE_0001";"NE_0001";"NE_0001";"NE_0001"
"2023";"06";"120205";"JUNIN";"CONCEPCION";"COCHAS";"GOBIERNO REGIONAL";"I-1";"00000677";"PILCOLLAMA";"NE_0001";"";"NE_0001";"NE_0001";"NE_0001";"NE_0001";"NE_0001";"NE_0001";"NE_0001"
"2023";"06";"120206";"JUNIN";"CONCEPCION";"COMAS";"GOBIERNO REGIONAL";"I-3";"00000678";"COMAS";"NE_0001";"";"NE_0001";"NE_0001";"NE_0001";"NE_0001";"NE_0001";"NE_0001";"NE_0001"
"2023";"06";"120206";"JUNIN";"CONCEPCION";"COMAS";"GOBIERNO REGIONAL";"I-1";"00000682";"TALHUIS";"NE_0001";"";"NE_0001";"NE_0001";"NE_0001";"NE_0001";"NE_0001";"NE_0001";"NE_0001"
"2023";"06";"120209";"JUNIN";"CONCEPCION";"MARISCAL CASTILLA";"GOBIERNO REGIONAL";"I-2";"00000686";"MARISCAL CASTILLA";"NE_0001";"";"NE_0001";"NE_0001";"NE_0001";"NE_0001";"NE_0001";"NE_0001";"NE_0001"
"2023";"06";"120135";"JUNIN";"HUANCAYO";"SANTO DOMINGO DE ACOBAMBA";"GOBIERNO REGIONAL";"I-2";"00000667";"MATICHACRA";"NE_0001";"";"NE_0001";"NE_0001";"NE_0001";"NE_0001";"NE_0001";"NE_0001";"NE_0001"
"2023";"06";"120203";"JUNIN";"CONCEPCION";"ANDAMARCA";"GOBIERNO REGIONAL";"I-2";"00000673";"PUCACOCHA";"NE_0001";"";"NE_0001";"NE_0001";"NE_0001";"NE_0001";"NE_0001";"NE_0001";"NE_0001"
"2023";"06";"120135";"JUNIN";"HUANCAYO";"SANTO DOMINGO DE ACOBAMBA";"GOBIERNO REGIONAL";"I-2";"00000744";"YUNCACHAQUICOCHA";"NE_0001";"";"NE_0001";"NE_0001";"NE_0001";"NE_0001";"NE_0001";"NE_0001";"NE_0001"
"2023";"06";"120135";"JUNIN";"HUANCAYO";"SANTO DOMINGO DE ACOBAMBA";"GOBIERNO REGIONAL";"I-1";"00007082";"HUANCAMAYO";"NE_0001";"";"NE_0001";"NE_0001";"NE_0001";"NE_0001";"NE_0001";"NE_0001";"NE_0001"
"2023";"06";"120135";"JUNIN";"HUANCAYO";"SANTO DOMINGO DE ACOBAMBA";"GOBIERNO REGIONAL";"I-1";"00012468";"LA NUEVA LIBERTAD DE PUNTO";"NE_0001";"";"NE_0001";"NE_0001";"NE_0001";"NE_0001";"NE_0001";"NE_0001";"NE_0001"
"2023";"06";"120203";"JUNIN";"CONCEPCION";"ANDAMARCA";"GOBIERNO REGIONAL";"I-1";"00019793";"HUANUCO";"NE_0001";"";"NE_0001";"NE_0001";"NE_0001";"NE_0001";"NE_0001";"NE_0001";"NE_0001"
"2023";"06";"120135";"JUNIN";"HUANCAYO";"SANTO DOMINGO DE ACOBAMBA";"GOBIERNO REGIONAL";"I-1";"00000668";"PAURAN ATICOCHA";"NE_0001";"";"NE_0001";"NE_0001";"NE_0001";"NE_0001";"NE_0001";"NE_0001";"NE_0001"
"2023";"06";"120135";"JUNIN";"HUANCAYO";"SANTO DOMINGO DE ACOBAMBA";"GOBIERNO REGIONAL";"I-1";"00023381";"YANABAMBA";"NE_0001";"";"NE_0001";"NE_0001";"NE_0001";"NE_0001";"NE_0001";"NE_0001";"NE_0001"
"2023";"06";"120135";"JUNIN";"HUANCAYO";"SANTO DOMINGO DE ACOBAMBA";"GOBIERNO REGIONAL";"I-1";"00024779";"DURAZNO PATA";"NE_0001";"";"NE_0001";"NE_0001";"NE_0001";"NE_0001";"NE_0001";"NE_0001";"NE_0001"
"2023";"06";"120135";"JUNIN";"HUANCAYO";"SANTO DOMINGO DE ACOBAMBA";"GOBIERNO REGIONAL";"I-1";"00024780";"ROSASPAMPA";"NE_0001";"";"NE_0001";"NE_0001";"NE_0001";"NE_0001";"NE_0001";"NE_0001";"NE_0001"
"2023";"06";"120135";"JUNIN";"HUANCAYO";"SANTO DOMINGO DE ACOBAMBA";"GOBIERNO REGIONAL";"I-2";"00000669";"PUMABAMBA";"NE_0001";"";"NE_0001";"NE_0001";"NE_0001";"NE_0001";"NE_0001";"NE_0001";"NE_0001"
"2023";"06";"120135";"JUNIN";"HUANCAYO";"SANTO DOMINGO DE ACOBAMBA";"GOBIERNO REGIONAL";"I-1";"00000670";"SANTA ROSA DE ASTILLERIA";"NE_0001";"";"NE_0001";"NE_0001";"NE_0001";"NE_0001";"NE_0001";"NE_0001";"NE_0001"
"2023";"06";"120205";"JUNIN";"CONCEPCION";"COCHAS";"GOBIERNO REGIONAL";"I-1";"00019792";"ANDAS";"NE_0001";"";"NE_0001";"NE_0001";"NE_0001";"NE_0001";"NE_0001";"NE_0001";"NE_0001"
"2023";"06";"120205";"JUNIN";"CONCEPCION";"COCHAS";"GOBIERNO REGIONAL";"I-1";"00019794";"SAN FRANCISCO DE MACON";"NE_0001";"";"NE_0001";"NE_0001";"NE_0001";"NE_0001";"NE_0001";"NE_0001";"NE_0001"
"2023";"06";"120203";"JUNIN";"CONCEPCION";"ANDAMARCA";"GOBIERNO REGIONAL";"I-2";"00000672";"ANDAMARCA";"NE_0001";"";"NE_0001";"NE_0001";"NE_0001";"NE_0001";"NE_0001";"NE_0001";"NE_0001"
"2023";"06";"120206";"JUNIN";"CONCEPCION";"COMAS";"GOBIERNO REGIONAL";"I-2";"00000679";"CANCHAPALCA";"NE_0001";"";"NE_0001";"NE_0001";"NE_0001";"NE_0001";"NE_0001";"NE_0001";"NE_0001"
"2023";"06";"120206";"JUNIN";"CONCEPCION";"COMAS";"GOBIERNO REGIONAL";"I-2";"00000680";"RACRACALLA";"NE_0001";"";"NE_0001";"NE_0001";"NE_0001";"NE_0001";"NE_0001";"NE_0001";"NE_0001"
"2023";"06";"120206";"JUNIN";"CONCEPCION";"COMAS";"GOBIERNO REGIONAL";"I-1";"00000681";"POMAMANTA";"NE_0001";"";"NE_0001";"NE_0001";"NE_0001";"NE_0001";"NE_0001";"NE_0001";"NE_0001"
"2023";"06";"120206";"JUNIN";"CONCEPCION";"COMAS";"GOBIERNO REGIONAL";"I-1";"00000683";"PUQUIAN";"NE_0001";"";"NE_0001";"NE_0001";"NE_0001";"NE_0001";"NE_0001";"NE_0001";"NE_0001"
"2023";"06";"040108";"AREQUIPA";"AREQUIPA";"LA JOYA";"GOBIERNO REGIONAL";"I-3";"00001323";"CENTRO DE SALUD SAN ISIDRO";"NE_0001";"";"NE_0001";"NE_0001";"NE_0001";"NE_0001";"NE_0001";"NE_0001";"NE_0001"
"2023";"06";"040108";"AREQUIPA";"AREQUIPA";"LA JOYA";"GOBIERNO REGIONAL";"I-2";"00001333";"PUESTO DE SALUD SAN JOSE";"NE_0001";"";"NE_0001";"NE_0001";"NE_0001";"NE_0001";"NE_0001";"NE_0001";"NE_0001"
"2023";"06";"040108";"AREQUIPA";"AREQUIPA";"LA JOYA";"GOBIERNO REGIONAL";"I-2";"00001331";"PUESTO DE SALUD LA CANO";"NE_0001";"";"NE_0001";"NE_0001";"NE_0001";"NE_0001";"NE_0001";"NE_0001";"NE_0001"
"2023";"06";"040108";"AREQUIPA";"AREQUIPA";"LA JOYA";"GOBIERNO REGIONAL";"I-2";"00001332";"PUESTO DE SALUD SAN CAMILO 6";"NE_0001";"";"NE_0001";"NE_0001";"NE_0001";"NE_0001";"NE_0001";"NE_0001";"NE_0001"
"2023";"07";"200701";"PIURA";"TALARA";"PARIÑAS";"PRIVADO";"I-3";"00012085";"CENTRO MEDICO SAN PABLO-TALARA EIRL";"NE_0001";"";"NE_0001";"NE_0001";"NE_0001";"NE_0001";"NE_0001";"NE_0001";"NE_0001"
"2023";"07";"150108";"LIMA";"LIMA";"CHORRILLOS";"SANIDAD DE LA POLICIA NACIONAL DEL PERU";"I-3";"00018660";"POLICLINICO POLICIAL SEDE ESCUELA DE OFICIALES";"NE_0001";"";"NE_0001";"NE_0001";"NE_0001";"NE_0001";"NE_0001";"NE_0001";"NE_0001"
"2023";"07";"090204";"HUANCAVELICA";"ACOBAMBA";"CAJA";"GOBIERNO REGIONAL";"I-1";"00011225";"PUESTO DE SALUD HUANCCALLACO";"NE_0001";"";"NE_0001";"NE_0001";"NE_0001";"NE_0001";"NE_0001";"NE_0001";"NE_0001"
"2023";"07";"090205";"HUANCAVELICA";"ACOBAMBA";"MARCAS";"GOBIERNO REGIONAL";"I-1";"00011232";"PUESTO DE SALUD PALOMA";"NE_0001";"";"NE_0001";"NE_0001";"NE_0001";"NE_0001";"NE_0001";"NE_0001";"NE_0001"
"2023";"07";"090204";"HUANCAVELICA";"ACOBAMBA";"CAJA";"GOBIERNO REGIONAL";"I-3";"00003926";"CENTRO DE SALUD CAJA ESPIRITU";"NE_0001";"";"NE_0001";"NE_0001";"NE_0001";"NE_0001";"NE_0001";"NE_0001";"NE_0001"
"2023";"07";"090204";"HUANCAVELICA";"ACOBAMBA";"CAJA";"GOBIERNO REGIONAL";"I-1";"00003927";"PUESTO DE SALUD POMACANCHA";"NE_0001";"";"NE_0001";"NE_0001";"NE_0001";"NE_0001";"NE_0001";"NE_0001";"NE_0001"
"2023";"07";"090205";"HUANCAVELICA";"ACOBAMBA";"MARCAS";"GOBIERNO REGIONAL";"I-1";"00011220";"PUESTO DE SALUD HUARPA";"NE_0001";"";"NE_0001";"NE_0001";"NE_0001";"NE_0001";"NE_0001";"NE_0001";"NE_0001"
"2023";"07";"090205";"HUANCAVELICA";"ACOBAMBA";"MARCAS";"GOBIERNO REGIONAL";"I-2";"00003928";"PUESTO DE SALUD MARCAS";"NE_0001";"";"NE_0001";"NE_0001";"NE_0001";"NE_0001";"NE_0001";"NE_0001";"NE_0001"
"2023";"07";"090205";"HUANCAVELICA";"ACOBAMBA";"MARCAS";"GOBIERNO REGIONAL";"I-1";"00003929";"PUESTO DE SALUD CUÑI";"NE_0001";"";"NE_0001";"NE_0001";"NE_0001";"NE_0001";"NE_0001";"NE_0001";"NE_0001"
"2023";"07";"090204";"HUANCAVELICA";"ACOBAMBA";"CAJA";"GOBIERNO REGIONAL";"I-1";"00007389";"PUESTO DE SALUD RURUNMARCA";"NE_0001";"";"NE_0001";"NE_0001";"NE_0001";"NE_0001";"NE_0001";"NE_0001";"NE_0001"
"2023";"07";"220101";"SAN MARTIN";"MOYOBAMBA";"MOYOBAMBA";"GOBIERNO REGIONAL";"I-3";"00031275";"CENTRO DE SALUD MENTAL COMUNITARIO MOYOBAMBA";"NE_0001";"";"NE_0001";"NE_0001";"NE_0001";"NE_0001";"NE_0001";"NE_0001";"NE_0001"
"2023";"07";"170101";"MADRE DE DIOS";"TAMBOPATA";"TAMBOPATA";"ESSALUD";"II-1";"00009319";"HOSPITAL I VICTOR ALFREDO LAZO PERALTA";"241800";"HOSPITALIZACIÓN DE MEDICINA MEDICINA GENERAL ";"59";"61";"354";"213";"22";"682";"2"
"2023";"07";"170101";"MADRE DE DIOS";"TAMBOPATA";"TAMBOPATA";"ESSALUD";"II-1";"00009319";"HOSPITAL I VICTOR ALFREDO LAZO PERALTA";"240100";"HOSPITALIZACIÓN QUIRÚRGICA CIRUGÍA GENERAL ";"45";"47";"151";"141";"10";"310";"0"
"2023";"07";"170101";"MADRE DE DIOS";"TAMBOPATA";"TAMBOPATA";"ESSALUD";"II-1";"00009319";"HOSPITAL I VICTOR ALFREDO LAZO PERALTA";"241400";"HOSPITALIZACIÓN QUIRÚRGICA GINECO - OBSTETRICIA ";"48";"52";"142";"141";"10";"310";"0"
"2023";"07";"170101";"MADRE DE DIOS";"TAMBOPATA";"TAMBOPATA";"ESSALUD";"II-1";"00009319";"HOSPITAL I VICTOR ALFREDO LAZO PERALTA";"242300";"HOSPITALIZACIÓN DE PEDIATRÍA  PEDIATRÍA  GENERAL ";"17";"20";"64";"64";"4";"124";"0"
"2023";"04";"040205";"AREQUIPA";"CAMANA";"NICOLAS DE PIEROLA";"GOBIERNO REGIONAL";"I-3";"00001347";"CENTRO DE SALUD SAN GREGORIO";"NE_0001";"";"NE_0001";"NE_0001";"NE_0001";"NE_0001";"NE_0001";"NE_0001";"NE_0001"
"2023";"07";"120427";"JUNIN";"JAUJA";"RICRAN";"GOBIERNO REGIONAL";"I-1";"00000421";"APAYCANCHA";"NE_0001";"";"NE_0001";"NE_0001";"NE_0001";"NE_0001";"NE_0001";"NE_0001";"NE_0001"
"2023";"07";"120424";"JUNIN";"JAUJA";"PANCAN";"GOBIERNO REGIONAL";"I-1";"00000417";"PANCAN";"NE_0001";"";"NE_0001";"NE_0001";"NE_0001";"NE_0001";"NE_0001";"NE_0001";"NE_0001"
"2023";"07";"120604";"JUNIN";"SATIPO";"MAZAMARI";"SANIDAD DE LA POLICIA NACIONAL DEL PERU";"I-2";"00012454";"POSTA MEDICA POLICIAL LOS SINCHIS";"NE_0001";"";"NE_0001";"NE_0001";"NE_0001";"NE_0001";"NE_0001";"NE_0001";"NE_0001"
"2023";"07";"150140";"LIMA";"LIMA";"SANTIAGO DE SURCO";"PRIVADO";"II-E";"00012219";"CLINICA MONTESUR";"241800";"HOSPITALIZACIÓN DE MEDICINA MEDICINA GENERAL ";"187";"124";"282";"1898";"40";"1240";"0"
"2023";"07";"081102";"CUSCO";"PAUCARTAMBO";"CAICAY";"GOBIERNO REGIONAL";"I-1";"00002512";"CAICAY";"NE_0002";"";"NE_0002";"NE_0002";"NE_0002";"NE_0002";"NE_0002";"NE_0002";"NE_0002"
"2023";"07";"081104";"CUSCO";"PAUCARTAMBO";"COLQUEPATA";"GOBIERNO REGIONAL";"I-1";"00006979";"TOCRA";"NE_0002";"";"NE_0002";"NE_0002";"NE_0002";"NE_0002";"NE_0002";"NE_0002";"NE_0002"
"2023";"07";"081101";"CUSCO";"PAUCARTAMBO";"PAUCARTAMBO";"GOBIERNO REGIONAL";"I-4";"00002510";"PAUCARTAMBO";"NE_0002";"";"NE_0002";"NE_0002";"NE_0002";"NE_0002";"NE_0002";"NE_0002";"NE_0002"
"2023";"07";"081104";"CUSCO";"PAUCARTAMBO";"COLQUEPATA";"GOBIERNO REGIONAL";"I-1";"00002517";"PICHIHUA COLQUEPATA";"NE_0002";"";"NE_0002";"NE_0002";"NE_0002";"NE_0002";"NE_0002";"NE_0002";"NE_0002"
"2023";"05";"220901";"SAN MARTIN";"SAN MARTIN";"TARAPOTO";"PRIVADO";"II-E";"00008269";"CLINICA SAN MARTIN";"240100";"HOSPITALIZACIÓN QUIRÚRGICA CIRUGÍA GENERAL ";"11";"11";"16";"16";"13";"32";"0"
"2023";"05";"220901";"SAN MARTIN";"SAN MARTIN";"TARAPOTO";"PRIVADO";"II-E";"00008269";"CLINICA SAN MARTIN";"241200";"HOSPITALIZACIÓN QUIRÚRGICA TRAUMATOLOGÍA Y ORTOPEDIA ";"4";"4";"5";"8";"13";"16";"0"
"2023";"05";"220901";"SAN MARTIN";"SAN MARTIN";"TARAPOTO";"PRIVADO";"II-E";"00008269";"CLINICA SAN MARTIN";"241500";"HOSPITALIZACIÓN QUIRÚRGICA GINECOLOGÍA  ";"11";"11";"16";"18";"13";"36";"0"
"2023";"05";"220901";"SAN MARTIN";"SAN MARTIN";"TARAPOTO";"PRIVADO";"II-E";"00008269";"CLINICA SAN MARTIN";"241800";"HOSPITALIZACIÓN DE MEDICINA MEDICINA GENERAL ";"14";"14";"36";"20";"13";"40";"0"
"2023";"05";"220901";"SAN MARTIN";"SAN MARTIN";"TARAPOTO";"PRIVADO";"II-E";"00008269";"CLINICA SAN MARTIN";"241900";"HOSPITALIZACIÓN DE MEDICINA MEDICINA INTERNA ";"2";"2";"4";"2";"13";"36";"0"
"2023";"05";"220901";"SAN MARTIN";"SAN MARTIN";"TARAPOTO";"PRIVADO";"II-E";"00008269";"CLINICA SAN MARTIN";"242300";"HOSPITALIZACIÓN DE PEDIATRÍA  PEDIATRÍA  GENERAL ";"17";"17";"43";"22";"13";"44";"0"
"2023";"05";"220901";"SAN MARTIN";"SAN MARTIN";"TARAPOTO";"PRIVADO";"II-E";"00008269";"CLINICA SAN MARTIN";"242900";"HOSPITALIZACIÓN DE PEDIATRÍA PEDIATRIA GASTROENTEROLOGÍA PEDIÁTRICA";"1";"1";"1";"2";"13";"31";"0"
"2023";"04";"150122";"LIMA";"LIMA";"MIRAFLORES";"PRIVADO";"III-1";"00019049";"AUNA CLÍNICA DELGADO";"240000";"HOSPITALIZACIÓN";"452";"714";"2796";"2459";"127";"3810";"4"
"2023";"04";"150122";"LIMA";"LIMA";"MIRAFLORES";"PRIVADO";"III-1";"00019049";"AUNA CLÍNICA DELGADO";"250100";"UNIDAD DE CUIDADOS CRITICOS UNIDAD  DE CUIDADOS INTENSIVOS GENERALES (UCI) ";"25";"1";"23";"184";"15";"450";"1"
"2023";"04";"150122";"LIMA";"LIMA";"MIRAFLORES";"PRIVADO";"III-1";"00019049";"AUNA CLÍNICA DELGADO";"250105";"UNIDAD DE CUIDADOS CRITICOS UNIDAD  DE CUIDADOS INTENSIVOS  (UCI) NEONATOLOGÍA";"7";"6";"15";"28";"10";"300";"0"
"2023";"04";"150122";"LIMA";"LIMA";"MIRAFLORES";"PRIVADO";"III-1";"00019049";"AUNA CLÍNICA DELGADO";"250108";"UNIDAD DE CUIDADOS CRITICOS UNIDAD  DE CUIDADOS INTENSIVOS  (UCI) PEDIÁTRICA";"1";"0";"0";"49";"3";"90";"0"
"2023";"05";"120101";"JUNIN";"HUANCAYO";"HUANCAYO";"GOBIERNO REGIONAL";"I-2";"00000732";"SAN FRANCISCO";"NE_0001";"";"NE_0001";"NE_0001";"NE_0001";"NE_0001";"NE_0001";"NE_0001";"NE_0001"
"2023";"05";"120101";"JUNIN";"HUANCAYO";"HUANCAYO";"GOBIERNO REGIONAL";"I-4";"00000727";"LA LIBERTAD";"241400";"HOSPITALIZACIÓN QUIRÚRGICA GINECO - OBSTETRICIA ";"26";"28";"35";"2";"6";"14";"0"
"2023";"05";"120124";"JUNIN";"HUANCAYO";"PARIAHUANCA";"GOBIERNO REGIONAL";"I-3";"00000736";"PARIAHUANCA";"NE_0001";"";"NE_0001";"NE_0001";"NE_0001";"NE_0001";"NE_0001";"NE_0001";"NE_0001"
"2023";"05";"120124";"JUNIN";"HUANCAYO";"PARIAHUANCA";"GOBIERNO REGIONAL";"I-1";"00000741";"CEDRUYO";"NE_0001";"";"NE_0001";"NE_0001";"NE_0001";"NE_0001";"NE_0001";"NE_0001";"NE_0001"
"2023";"05";"120124";"JUNIN";"HUANCAYO";"PARIAHUANCA";"GOBIERNO REGIONAL";"I-2";"00000739";"SAN BALVIN";"NE_0001";"";"NE_0001";"NE_0001";"NE_0001";"NE_0001";"NE_0001";"NE_0001";"NE_0001"
"2023";"05";"120124";"JUNIN";"HUANCAYO";"PARIAHUANCA";"GOBIERNO REGIONAL";"I-1";"00000740";"ANTARPA";"NE_0001";"";"NE_0001";"NE_0001";"NE_0001";"NE_0001";"NE_0001";"NE_0001";"NE_0001"
"2023";"05";"120124";"JUNIN";"HUANCAYO";"PARIAHUANCA";"GOBIERNO REGIONAL";"I-1";"00015577";"NUEVO OCCORO";"NE_0001";"";"NE_0001";"NE_0001";"NE_0001";"NE_0001";"NE_0001";"NE_0001";"NE_0001"
"2023";"05";"120101";"JUNIN";"HUANCAYO";"HUANCAYO";"GOBIERNO REGIONAL";"I-2";"00000730";"VILCACOTO";"NE_0001";"";"NE_0001";"NE_0001";"NE_0001";"NE_0001";"NE_0001";"NE_0001";"NE_0001"
"2023";"05";"120101";"JUNIN";"HUANCAYO";"HUANCAYO";"GOBIERNO REGIONAL";"I-2";"00000731";"PALIAN";"NE_0001";"";"NE_0001";"NE_0001";"NE_0001";"NE_0001";"NE_0001";"NE_0001";"NE_0001"
"2023";"05";"120124";"JUNIN";"HUANCAYO";"PARIAHUANCA";"GOBIERNO REGIONAL";"I-1";"00000738";"PANTY";"NE_0001";"";"NE_0001";"NE_0001";"NE_0001";"NE_0001";"NE_0001";"NE_0001";"NE_0001"
"2023";"05";"120101";"JUNIN";"HUANCAYO";"HUANCAYO";"GOBIERNO REGIONAL";"I-3";"00000728";"OCOPILLA";"NE_0001";"";"NE_0001";"NE_0001";"NE_0001";"NE_0001";"NE_0001";"NE_0001";"NE_0001"
"2023";"05";"120124";"JUNIN";"HUANCAYO";"PARIAHUANCA";"GOBIERNO REGIONAL";"I-1";"00012471";"HUAYCHULA";"NE_0001";"";"NE_0001";"NE_0001";"NE_0001";"NE_0001";"NE_0001";"NE_0001";"NE_0001"
"2023";"05";"120101";"JUNIN";"HUANCAYO";"HUANCAYO";"GOBIERNO REGIONAL";"I-2";"00000729";"PUESTO DE SALUD UÑAS";"NE_0001";"";"NE_0001";"NE_0001";"NE_0001";"NE_0001";"NE_0001";"NE_0001";"NE_0001"
"2023";"05";"120124";"JUNIN";"HUANCAYO";"PARIAHUANCA";"GOBIERNO REGIONAL";"I-2";"00000742";"LLACSAPIRCA";"NE_0001";"";"NE_0001";"NE_0001";"NE_0001";"NE_0001";"NE_0001";"NE_0001";"NE_0001"
"2023";"05";"120124";"JUNIN";"HUANCAYO";"PARIAHUANCA";"GOBIERNO REGIONAL";"I-1";"00000743";"ROCCHAC";"NE_0001";"";"NE_0001";"NE_0001";"NE_0001";"NE_0001";"NE_0001";"NE_0001";"NE_0001"
"2023";"05";"120101";"JUNIN";"HUANCAYO";"HUANCAYO";"GOBIERNO REGIONAL";"I-1";"00015905";"ACOPALCA";"NE_0001";"";"NE_0001";"NE_0001";"NE_0001";"NE_0001";"NE_0001";"NE_0001";"NE_0001"
"2023";"05";"100403";"HUANUCO";"HUACAYBAMBA";"COCHABAMBA";"GOBIERNO REGIONAL";"I-1";"00000882";"SANTA ANA PIRUSHTO";"NE_0001";"";"NE_0001";"NE_0001";"NE_0001";"NE_0001";"NE_0001";"NE_0001";"NE_0001"
"2023";"05";"100403";"HUANUCO";"HUACAYBAMBA";"COCHABAMBA";"GOBIERNO REGIONAL";"I-1";"00000879";"COCHABAMBA";"NE_0001";"";"NE_0001";"NE_0001";"NE_0001";"NE_0001";"NE_0001";"NE_0001";"NE_0001"
"2023";"06";"120301";"JUNIN";"CHANCHAMAYO";"CHANCHAMAYO";"SANIDAD DE LA POLICIA NACIONAL DEL PERU";"I-2";"00011913";"POSTA MEDICA POLICIAL LA MERCED";"NE_0001";"";"NE_0001";"NE_0001";"NE_0001";"NE_0001";"NE_0001";"NE_0001";"NE_0001"
"2023";"06";"210401";"PUNO";"CHUCUITO";"JULI";"ESSALUD";"I-3";"00009222";"ESSALUD JULI";"NE_0001";"";"NE_0001";"NE_0001";"NE_0001";"NE_0001";"NE_0001";"NE_0001";"NE_0001"
"2023";"06";"080101";"CUSCO";"CUSCO";"CUSCO";"PRIVADO";"II-E";"00016541";"HOGAR CLINICA SAN JUAN DE DIOS-CUSCO";"240000";"HOSPITALIZACIÓN";"50";"50";"450";"7";"15";"450";"0"
"2023";"06";"240101";"TUMBES";"TUMBES";"TUMBES";"GOBIERNO REGIONAL";"II-2";"00017077";"HOSPITAL REGIONAL JOSE ALFREDO MENDOZA OLAVARRIA JAMO II-2";"240100";"HOSPITALIZACIÓN QUIRÚRGICA CIRUGÍA GENERAL ";"144";"161";"604";"475";"30";"900";"0"
"2023";"06";"240101";"TUMBES";"TUMBES";"TUMBES";"GOBIERNO REGIONAL";"II-2";"00017077";"HOSPITAL REGIONAL JOSE ALFREDO MENDOZA OLAVARRIA JAMO II-2";"241800";"HOSPITALIZACIÓN DE MEDICINA MEDICINA GENERAL ";"33";"52";"604";"555";"22";"660";"4"
"2023";"06";"240101";"TUMBES";"TUMBES";"TUMBES";"GOBIERNO REGIONAL";"II-2";"00017077";"HOSPITAL REGIONAL JOSE ALFREDO MENDOZA OLAVARRIA JAMO II-2";"242500";"HOSPITALIZACIÓN-PEDIATRÍA GENERAL-";"52";"60";"257";"211";"12";"360";"0"
"2023";"06";"240101";"TUMBES";"TUMBES";"TUMBES";"GOBIERNO REGIONAL";"II-2";"00017077";"HOSPITAL REGIONAL JOSE ALFREDO MENDOZA OLAVARRIA JAMO II-2";"243200";"HOSPITALIZACIÓN DE PEDIATRÍA PEDIATRIA NEONATOLOGÍA";"23";"35";"218";"165";"6";"180";"0"
"2023";"06";"240101";"TUMBES";"TUMBES";"TUMBES";"GOBIERNO REGIONAL";"II-2";"00017077";"HOSPITAL REGIONAL JOSE ALFREDO MENDOZA OLAVARRIA JAMO II-2";"250103";"UNIDAD DE CUIDADOS CRITICOS UNIDAD  DE CUIDADOS INTENSIVOS GENERALES  (UCI) MEDICINA";"8";"12";"111";"102";"6";"180";"9"
"2023";"06";"240101";"TUMBES";"TUMBES";"TUMBES";"GOBIERNO REGIONAL";"II-2";"00017077";"HOSPITAL REGIONAL JOSE ALFREDO MENDOZA OLAVARRIA JAMO II-2";"250105";"UNIDAD DE CUIDADOS CRITICOS UNIDAD  DE CUIDADOS INTENSIVOS  (UCI) NEONATOLOGÍA";"3";"3";"13";"10";"3";"90";"2"
"2023";"06";"240101";"TUMBES";"TUMBES";"TUMBES";"GOBIERNO REGIONAL";"II-2";"00017077";"HOSPITAL REGIONAL JOSE ALFREDO MENDOZA OLAVARRIA JAMO II-2";"241400";"HOSPITALIZACIÓN QUIRÚRGICA GINECO - OBSTETRICIA ";"262";"292";"958";"747";"30";"900";"0"
"2023";"06";"040410";"AREQUIPA";"CASTILLA";"PAMPACOLCA";"GOBIERNO REGIONAL";"I-3";"00001385";"CENTRO DE SALUD PAMPACOLCA";"NE_0001";"";"NE_0001";"NE_0001";"NE_0001";"NE_0001";"NE_0001";"NE_0001";"NE_0001"
"2023";"06";"040410";"AREQUIPA";"CASTILLA";"PAMPACOLCA";"GOBIERNO REGIONAL";"I-2";"00001398";"PUESTO DE SALUD SAN ANTONIO";"NE_0001";"";"NE_0001";"NE_0001";"NE_0001";"NE_0001";"NE_0001";"NE_0001";"NE_0001"
"2023";"06";"040410";"AREQUIPA";"CASTILLA";"PAMPACOLCA";"GOBIERNO REGIONAL";"I-1";"00001399";"PUESTO DE SALUD PISCOPAMPA";"NE_0001";"";"NE_0001";"NE_0001";"NE_0001";"NE_0001";"NE_0001";"NE_0001";"NE_0001"
"2023";"06";"130903";"LA LIBERTAD";"SANCHEZ CARRION";"COCHORCO";"GOBIERNO REGIONAL";"I-2";"00013810";"ARAGOSTAY";"NE_0001";"";"NE_0001";"NE_0001";"NE_0001";"NE_0001";"NE_0001";"NE_0001";"NE_0001"
"2023";"06";"150121";"LIMA";"LIMA";"PUEBLO LIBRE";"PRIVADO";"II-E";"00008351";"CLINICAS SAN BERNARDO S.A.";"240000";"HOSPITALIZACIÓN";"100";"99";"264";"238";"22";"660";"0"
"2023";"06";"220501";"SAN MARTIN";"LAMAS";"LAMAS";"GOBIERNO REGIONAL";"I-1";"00006353";"HUAYCO LAMAS";"NE_0001";"";"NE_0001";"NE_0001";"NE_0001";"NE_0001";"NE_0001";"NE_0001";"NE_0001"
"2023";"06";"220507";"SAN MARTIN";"LAMAS";"RUMISAPA";"GOBIERNO REGIONAL";"I-1";"00006392";"MACEDA";"NE_0001";"";"NE_0001";"NE_0001";"NE_0001";"NE_0001";"NE_0001";"NE_0001";"NE_0001"
"2023";"06";"120601";"JUNIN";"SATIPO";"SATIPO";"GOBIERNO REGIONAL";"I-2";"00000482";"HUANTASHIRI";"NE_0001";"";"NE_0001";"NE_0001";"NE_0001";"NE_0001";"NE_0001";"NE_0001";"NE_0001"
"2023";"06";"200105";"PIURA";"PIURA";"CATACAOS";"PRIVADO";"II-1";"00010723";"HOSPITAL PRIVADO DEL PERU";"240000";"HOSPITALIZACIÓN";"161";"149";"307";"523";"32";"992";"6"
"2023";"06";"040101";"AREQUIPA";"AREQUIPA";"AREQUIPA";"PRIVADO";"II-E";"00017588";"MELO CLINICA DE FERTILIDAD, GINECOLOGIA Y OBSTETRICIA";"241400";"HOSPITALIZACIÓN QUIRÚRGICA GINECO - OBSTETRICIA ";"9";"9";"9";"9";"4";"120";"0"
"2023";"06";"150131";"LIMA";"LIMA";"SAN ISIDRO";"PRIVADO";"II-E";"00009288";"NOVOCLINIC";"240000";"HOSPITALIZACIÓN";"160";"155";"163";"224";"16";"227";"0"
"2023";"06";"090301";"HUANCAVELICA";"ANGARAES";"LIRCAY";"GOBIERNO REGIONAL";"I-1";"00007373";"SOCCLLABAMBA";"NE_0001";"";"NE_0001";"NE_0001";"NE_0001";"NE_0001";"NE_0001";"NE_0001";"NE_0001"
"2023";"06";"090305";"HUANCAVELICA";"ANGARAES";"CHINCHO";"GOBIERNO REGIONAL";"I-1";"00011787";"LLAMOCCTACHI";"NE_0001";"";"NE_0001";"NE_0001";"NE_0001";"NE_0001";"NE_0001";"NE_0001";"NE_0001"
"2023";"06";"090301";"HUANCAVELICA";"ANGARAES";"LIRCAY";"GOBIERNO REGIONAL";"I-3";"00028484";"CENTRO DE SALUD MENTAL COMUNITARIO ANGARAES";"NE_0002";"";"NE_0002";"NE_0002";"NE_0002";"NE_0002";"NE_0002";"NE_0002";"NE_0002"
"2023";"06";"090301";"HUANCAVELICA";"ANGARAES";"LIRCAY";"GOBIERNO REGIONAL";"I-2";"00003945";"CARHUAPATA";"NE_0001";"";"NE_0001";"NE_0001";"NE_0001";"NE_0001";"NE_0001";"NE_0001";"NE_0001"
"2023";"06";"090301";"HUANCAVELICA";"ANGARAES";"LIRCAY";"GOBIERNO REGIONAL";"I-1";"00003946";"PIRCAPAHUANA";"NE_0001";"";"NE_0001";"NE_0001";"NE_0001";"NE_0001";"NE_0001";"NE_0001";"NE_0001"
"2023";"06";"090301";"HUANCAVELICA";"ANGARAES";"LIRCAY";"GOBIERNO REGIONAL";"I-2";"00003949";"CHAHUARMA";"NE_0001";"";"NE_0001";"NE_0001";"NE_0001";"NE_0001";"NE_0001";"NE_0001";"NE_0001"
"2023";"06";"090301";"HUANCAVELICA";"ANGARAES";"LIRCAY";"GOBIERNO REGIONAL";"I-1";"00003951";"TUCSIPAMPA";"NE_0001";"";"NE_0001";"NE_0001";"NE_0001";"NE_0001";"NE_0001";"NE_0001";"NE_0001"
"2023";"06";"090308";"HUANCAVELICA";"ANGARAES";"HUALLAY-GRANDE";"GOBIERNO REGIONAL";"I-2";"00003954";"HUAYLLAY GRANDE";"NE_0001";"";"NE_0001";"NE_0001";"NE_0001";"NE_0001";"NE_0001";"NE_0001";"NE_0001"
"2023";"06";"090304";"HUANCAVELICA";"ANGARAES";"CCOCHACCASA";"GOBIERNO REGIONAL";"I-3";"00003955";"CCOCHACCASA";"NE_0002";"";"NE_0002";"NE_0002";"NE_0002";"NE_0002";"NE_0002";"NE_0002";"NE_0002"
"2023";"06";"090302";"HUANCAVELICA";"ANGARAES";"ANCHONGA";"GOBIERNO REGIONAL";"I-1";"00003958";"ANCHONGA";"NE_0001";"";"NE_0001";"NE_0001";"NE_0001";"NE_0001";"NE_0001";"NE_0001";"NE_0001"
"2023";"06";"090305";"HUANCAVELICA";"ANGARAES";"CHINCHO";"GOBIERNO REGIONAL";"I-1";"00003963";"CHINCHO";"NE_0001";"";"NE_0001";"NE_0001";"NE_0001";"NE_0001";"NE_0001";"NE_0001";"NE_0001"
"2023";"06";"090306";"HUANCAVELICA";"ANGARAES";"CONGALLA";"GOBIERNO REGIONAL";"I-1";"00011199";"CHAYNABAMBA";"NE_0001";"";"NE_0001";"NE_0001";"NE_0001";"NE_0001";"NE_0001";"NE_0001";"NE_0001"
"2023";"06";"090302";"HUANCAVELICA";"ANGARAES";"ANCHONGA";"GOBIERNO REGIONAL";"I-1";"00011454";"ALTO MARAYNIYOCC";"NE_0001";"";"NE_0001";"NE_0001";"NE_0001";"NE_0001";"NE_0001";"NE_0001";"NE_0001"
"2023";"06";"090302";"HUANCAVELICA";"ANGARAES";"ANCHONGA";"GOBIERNO REGIONAL";"I-1";"00006930";"HUARIRUMI - CHONTACANCHA";"NE_0001";"";"NE_0001";"NE_0001";"NE_0001";"NE_0001";"NE_0001";"NE_0001";"NE_0001"
"2023";"06";"090302";"HUANCAVELICA";"ANGARAES";"ANCHONGA";"GOBIERNO REGIONAL";"I-2";"00003961";"SAN PABLO DE OCCO";"NE_0001";"";"NE_0001";"NE_0001";"NE_0001";"NE_0001";"NE_0001";"NE_0001";"NE_0001"
"2023";"06";"090306";"HUANCAVELICA";"ANGARAES";"CONGALLA";"GOBIERNO REGIONAL";"I-1";"00003973";"YUNYACCASA";"NE_0001";"";"NE_0001";"NE_0001";"NE_0001";"NE_0001";"NE_0001";"NE_0001";"NE_0001"
"2023";"06";"090306";"HUANCAVELICA";"ANGARAES";"CONGALLA";"GOBIERNO REGIONAL";"I-1";"00003974";"CARCOSI";"NE_0001";"";"NE_0001";"NE_0001";"NE_0001";"NE_0001";"NE_0001";"NE_0001";"NE_0001"
"2023";"06";"090306";"HUANCAVELICA";"ANGARAES";"CONGALLA";"GOBIERNO REGIONAL";"I-1";"00003975";"LIRCAYCCASA";"NE_0001";"";"NE_0001";"NE_0001";"NE_0001";"NE_0001";"NE_0001";"NE_0001";"NE_0001"
"2023";"06";"090307";"HUANCAVELICA";"ANGARAES";"HUANCA-HUANCA";"GOBIERNO REGIONAL";"I-1";"00011200";"CCARAPA";"NE_0001";"";"NE_0001";"NE_0001";"NE_0001";"NE_0001";"NE_0001";"NE_0001";"NE_0001"
"2023";"06";"090301";"HUANCAVELICA";"ANGARAES";"LIRCAY";"GOBIERNO REGIONAL";"I-1";"00011201";"CIENEGUILLA";"NE_0001";"";"NE_0001";"NE_0001";"NE_0001";"NE_0001";"NE_0001";"NE_0001";"NE_0001"
"2023";"06";"211101";"PUNO";"SAN ROMAN";"JULIACA";"GOBIERNO REGIONAL";"II-2";"00003299";"CARLOS MONJE MEDRANO";"240100";"HOSPITALIZACIÓN QUIRÚRGICA CIRUGÍA GENERAL ";"48";"63";"406";"63";"27";"810";"0"
"2023";"06";"211101";"PUNO";"SAN ROMAN";"JULIACA";"GOBIERNO REGIONAL";"II-2";"00003299";"CARLOS MONJE MEDRANO";"244300";"HOSPITALIZACIÓN DE MEDICINA GASTROENTEROLOGÍA  ";"14";"16";"74";"16";"6";"180";"0"
"2023";"06";"211101";"PUNO";"SAN ROMAN";"JULIACA";"GOBIERNO REGIONAL";"II-2";"00003299";"CARLOS MONJE MEDRANO";"241500";"HOSPITALIZACIÓN QUIRÚRGICA GINECOLOGÍA  ";"50";"55";"214";"55";"6";"180";"0"
"2023";"06";"211101";"PUNO";"SAN ROMAN";"JULIACA";"GOBIERNO REGIONAL";"II-2";"00003299";"CARLOS MONJE MEDRANO";"241800";"HOSPITALIZACIÓN DE MEDICINA MEDICINA GENERAL ";"59";"76";"601";"76";"9";"270";"15"
"2023";"06";"211101";"PUNO";"SAN ROMAN";"JULIACA";"GOBIERNO REGIONAL";"II-2";"00003299";"CARLOS MONJE MEDRANO";"243200";"HOSPITALIZACIÓN DE PEDIATRÍA PEDIATRIA NEONATOLOGÍA";"29";"39";"453";"39";"39";"1170";"2"
"2023";"06";"211101";"PUNO";"SAN ROMAN";"JULIACA";"GOBIERNO REGIONAL";"II-2";"00003299";"CARLOS MONJE MEDRANO";"245300";"HOSPITALIZACIÓN DE MEDICINA NEUMOLOGÍA  ";"11";"17";"167";"17";"6";"180";"4"
"2023";"06";"211101";"PUNO";"SAN ROMAN";"JULIACA";"GOBIERNO REGIONAL";"II-2";"00003299";"CARLOS MONJE MEDRANO";"240900";"HOSPITALIZACIÓN QUIRÚRGICA NEUROCIRUGÍA ";"9";"15";"254";"15";"12";"360";"0"
"2023";"06";"211101";"PUNO";"SAN ROMAN";"JULIACA";"GOBIERNO REGIONAL";"II-2";"00003299";"CARLOS MONJE MEDRANO";"241600";"HOSPITALIZACIÓN QUIRÚRGICA OBSTETRICIA   ";"247";"263";"895";"263";"27";"810";"0"
"2023";"06";"211101";"PUNO";"SAN ROMAN";"JULIACA";"GOBIERNO REGIONAL";"II-2";"00003299";"CARLOS MONJE MEDRANO";"242500";"HOSPITALIZACIÓN-PEDIATRÍA GENERAL-";"86";"100";"490";"100";"29";"870";"0"
"2023";"06";"211101";"PUNO";"SAN ROMAN";"JULIACA";"GOBIERNO REGIONAL";"II-2";"00003299";"CARLOS MONJE MEDRANO";"242200";"HOSPITALIZACIÓN DE MEDICINA PSIQUIATRÍA ";"2";"4";"59";"4";"3";"90";"0"
"2023";"03";"220511";"SAN MARTIN";"LAMAS";"ZAPATERO";"GOBIERNO REGIONAL";"I-1";"00006399";"ZAPATERO";"NE_0002";"";"NE_0002";"NE_0002";"NE_0002";"NE_0002";"NE_0002";"NE_0002";"NE_0002"
"2023";"03";"220511";"SAN MARTIN";"LAMAS";"ZAPATERO";"GOBIERNO REGIONAL";"I-1";"00006406";"NUEVO MUNDO";"NE_0002";"";"NE_0002";"NE_0002";"NE_0002";"NE_0002";"NE_0002";"NE_0002";"NE_0002"
"2023";"03";"220511";"SAN MARTIN";"LAMAS";"ZAPATERO";"GOBIERNO REGIONAL";"I-1";"00006810";"VISTOSO GRANDE";"NE_0002";"";"NE_0002";"NE_0002";"NE_0002";"NE_0002";"NE_0002";"NE_0002";"NE_0002"
"2023";"03";"220505";"SAN MARTIN";"LAMAS";"CUÑUMBUQUI";"GOBIERNO REGIONAL";"I-1";"00006378";"MAMONAQUIHUA";"NE_0002";"";"NE_0002";"NE_0002";"NE_0002";"NE_0002";"NE_0002";"NE_0002";"NE_0002"
"2023";"03";"220505";"SAN MARTIN";"LAMAS";"CUÑUMBUQUI";"GOBIERNO REGIONAL";"I-1";"00006397";"SAN RAFAEL DEL RIO MAYO";"NE_0002";"";"NE_0002";"NE_0002";"NE_0002";"NE_0002";"NE_0002";"NE_0002";"NE_0002"
"2023";"03";"220511";"SAN MARTIN";"LAMAS";"ZAPATERO";"GOBIERNO REGIONAL";"I-1";"00006400";"NUEVO CELENDIN";"NE_0002";"";"NE_0002";"NE_0002";"NE_0002";"NE_0002";"NE_0002";"NE_0002";"NE_0002"
"2023";"03";"220505";"SAN MARTIN";"LAMAS";"CUÑUMBUQUI";"GOBIERNO REGIONAL";"I-1";"00006377";"LAS FLORES DE MAMONAQUIHUA";"NE_0002";"";"NE_0002";"NE_0002";"NE_0002";"NE_0002";"NE_0002";"NE_0002";"NE_0002"
"2023";"03";"150131";"LIMA";"LIMA";"SAN ISIDRO";"PRIVADO";"II-E";"00010402";"LASER VISION CENTER & ASOCIADOS S.A.C.";"NE_0001";"";"NE_0001";"NE_0001";"NE_0001";"NE_0001";"NE_0001";"NE_0001";"NE_0001"
"2023";"04";"180301";"MOQUEGUA";"ILO";"ILO";"ESSALUD";"II-1";"00016153";"HOSPITAL II ILO";"241800";"HOSPITALIZACIÓN DE MEDICINA MEDICINA GENERAL ";"27";"26";"204";"208";"7";"210";"3"
"2023";"04";"180301";"MOQUEGUA";"ILO";"ILO";"ESSALUD";"II-1";"00016153";"HOSPITAL II ILO";"240100";"HOSPITALIZACIÓN QUIRÚRGICA CIRUGÍA GENERAL ";"58";"56";"213";"224";"8";"240";"0"
"2023";"04";"180301";"MOQUEGUA";"ILO";"ILO";"ESSALUD";"II-1";"00016153";"HOSPITAL II ILO";"241500";"HOSPITALIZACIÓN QUIRÚRGICA GINECOLOGÍA  ";"12";"11";"34";"42";"2";"60";"0"
"2023";"04";"180301";"MOQUEGUA";"ILO";"ILO";"ESSALUD";"II-1";"00016153";"HOSPITAL II ILO";"241600";"HOSPITALIZACIÓN QUIRÚRGICA OBSTETRICIA   ";"36";"39";"89";"87";"3";"90";"0"
"2023";"04";"180301";"MOQUEGUA";"ILO";"ILO";"ESSALUD";"II-1";"00016153";"HOSPITAL II ILO";"242300";"HOSPITALIZACIÓN DE PEDIATRÍA  PEDIATRÍA  GENERAL ";"22";"22";"110";"108";"4";"120";"0"
"2023";"04";"180301";"MOQUEGUA";"ILO";"ILO";"ESSALUD";"II-1";"00016153";"HOSPITAL II ILO";"250304";"HOSPIT. EN UNIDAD DE CUID.INTEN.-UNIDAD DE VIGILANCIA INTENSIVA (UVI)-MEDICINA";"9";"9";"16";"16";"1";"30";"0"
"2023";"04";"040103";"AREQUIPA";"AREQUIPA";"CAYMA";"SANIDAD DE LA POLICIA NACIONAL DEL PERU";"II-1";"00011794";"HOSPITAL REGIONAL PNP AREQUIPA";"240100";"HOSPITALIZACIÓN QUIRÚRGICA CIRUGÍA GENERAL ";"45";"48";"192";"192";"20";"600";"1"
"2023";"04";"040103";"AREQUIPA";"AREQUIPA";"CAYMA";"SANIDAD DE LA POLICIA NACIONAL DEL PERU";"II-1";"00011794";"HOSPITAL REGIONAL PNP AREQUIPA";"241400";"HOSPITALIZACIÓN QUIRÚRGICA GINECO - OBSTETRICIA ";"9";"10";"26";"26";"3";"90";"0"
"2023";"04";"040103";"AREQUIPA";"AREQUIPA";"CAYMA";"SANIDAD DE LA POLICIA NACIONAL DEL PERU";"II-1";"00011794";"HOSPITAL REGIONAL PNP AREQUIPA";"241500";"HOSPITALIZACIÓN QUIRÚRGICA GINECOLOGÍA  ";"1";"1";"1";"1";"4";"120";"0"
"2023";"04";"040103";"AREQUIPA";"AREQUIPA";"CAYMA";"SANIDAD DE LA POLICIA NACIONAL DEL PERU";"II-1";"00011794";"HOSPITAL REGIONAL PNP AREQUIPA";"241800";"HOSPITALIZACIÓN DE MEDICINA MEDICINA GENERAL ";"31";"27";"247";"247";"20";"600";"2"
"2023";"04";"180201";"MOQUEGUA";"GENERAL SANCHEZ CERRO";"OMATE";"ESSALUD";"I-2";"00026055";"POSTA MEDICA OMATE";"NE_0001";"";"NE_0001";"NE_0001";"NE_0001";"NE_0001";"NE_0001";"NE_0001";"NE_0001"
"2023";"04";"170101";"MADRE DE DIOS";"TAMBOPATA";"TAMBOPATA";"ESSALUD";"II-1";"00009319";"HOSPITAL I VICTOR ALFREDO LAZO PERALTA";"241800";"HOSPITALIZACIÓN DE MEDICINA MEDICINA GENERAL ";"188";"69";"363";"16";"23";"25";"6"
"2023";"04";"170101";"MADRE DE DIOS";"TAMBOPATA";"TAMBOPATA";"ESSALUD";"II-1";"00009319";"HOSPITAL I VICTOR ALFREDO LAZO PERALTA";"240100";"HOSPITALIZACIÓN QUIRÚRGICA CIRUGÍA GENERAL ";"158";"51";"190";"7";"10";"11";"0"
"2023";"04";"170101";"MADRE DE DIOS";"TAMBOPATA";"TAMBOPATA";"ESSALUD";"II-1";"00009319";"HOSPITAL I VICTOR ALFREDO LAZO PERALTA";"241400";"HOSPITALIZACIÓN QUIRÚRGICA GINECO - OBSTETRICIA ";"184";"72";"200";"1";"10";"11";"0"
"2023";"04";"170101";"MADRE DE DIOS";"TAMBOPATA";"TAMBOPATA";"ESSALUD";"II-1";"00009319";"HOSPITAL I VICTOR ALFREDO LAZO PERALTA";"242300";"HOSPITALIZACIÓN DE PEDIATRÍA  PEDIATRÍA  GENERAL ";"89";"59";"118";"2";"4";"16";"0"
"2023";"04";"220911";"SAN MARTIN";"SAN MARTIN";"PAPAPLAYA";"GOBIERNO REGIONAL";"I-1";"00006455";"SAN ANTONIO  RIO HUALLAGA";"NE_0001";"";"NE_0001";"NE_0001";"NE_0001";"NE_0001";"NE_0001";"NE_0001";"NE_0001"
"2023";"04";"220906";"SAN MARTIN";"SAN MARTIN";"EL PORVENIR";"GOBIERNO REGIONAL";"I-1";"00006456";"NUEVO SAN JUAN";"NE_0001";"";"NE_0001";"NE_0001";"NE_0001";"NE_0001";"NE_0001";"NE_0001";"NE_0001"
"2023";"04";"220911";"SAN MARTIN";"SAN MARTIN";"PAPAPLAYA";"GOBIERNO REGIONAL";"I-3";"00006449";"HOSPITAL RURAL DE PAPAPLAYA";"241800";"HOSPITALIZACIÓN DE MEDICINA MEDICINA GENERAL ";"9";"9";"9";"9";"4";"120";"0"
"2023";"04";"220911";"SAN MARTIN";"SAN MARTIN";"PAPAPLAYA";"GOBIERNO REGIONAL";"I-1";"00006448";"REFORMA";"NE_0001";"";"NE_0001";"NE_0001";"NE_0001";"NE_0001";"NE_0001";"NE_0001";"NE_0001"
"2023";"04";"220911";"SAN MARTIN";"SAN MARTIN";"PAPAPLAYA";"GOBIERNO REGIONAL";"I-1";"00006454";"SAN JUAN RIO HUALLAGA";"NE_0001";"";"NE_0001";"NE_0001";"NE_0001";"NE_0001";"NE_0001";"NE_0001";"NE_0001"
"2023";"04";"220906";"SAN MARTIN";"SAN MARTIN";"EL PORVENIR";"GOBIERNO REGIONAL";"I-1";"00006451";"PELEJO";"NE_0001";"";"NE_0001";"NE_0001";"NE_0001";"NE_0001";"NE_0001";"NE_0001";"NE_0001"
"2023";"04";"220911";"SAN MARTIN";"SAN MARTIN";"PAPAPLAYA";"GOBIERNO REGIONAL";"I-1";"00006452";"ASUNCION";"NE_0001";"";"NE_0001";"NE_0001";"NE_0001";"NE_0001";"NE_0001";"NE_0001";"NE_0001"
"2023";"04";"220911";"SAN MARTIN";"SAN MARTIN";"PAPAPLAYA";"GOBIERNO REGIONAL";"I-1";"00006453";"PUERTO MERCEDES";"NE_0001";"";"NE_0001";"NE_0001";"NE_0001";"NE_0001";"NE_0001";"NE_0001";"NE_0001"
"2023";"04";"220101";"SAN MARTIN";"MOYOBAMBA";"MOYOBAMBA";"GOBIERNO REGIONAL";"I-3";"00031275";"CENTRO DE SALUD MENTAL COMUNITARIO MOYOBAMBA";"NE_0002";"";"NE_0002";"NE_0002";"NE_0002";"NE_0002";"NE_0002";"NE_0002";"NE_0002"
"2023";"05";"220101";"SAN MARTIN";"MOYOBAMBA";"MOYOBAMBA";"GOBIERNO REGIONAL";"I-1";"00027097";"EL CONDOR";"NE_0002";"";"NE_0002";"NE_0002";"NE_0002";"NE_0002";"NE_0002";"NE_0002";"NE_0002"
"2023";"02";"150117";"LIMA";"LIMA";"LOS OLIVOS";"PRIVADO";"II-E";"00012106";"CLINICA MEDICA PRIMAVERA";"240000";"HOSPITALIZACIÓN";"09";"09";"12";"12";"5";"155";"0"
"2023";"05";"040112";"AREQUIPA";"AREQUIPA";"PAUCARPATA";"PRIVADO";"II-E";"00016064";"CLINICA PAZ HOLANDESA";"240000";"HOSPITALIZACIÓN";"179";"212";"261";"248";"33";"990";"0"
"2023";"03";"150117";"LIMA";"LIMA";"LOS OLIVOS";"PRIVADO";"II-E";"00012106";"CLINICA MEDICA PRIMAVERA";"240000";"HOSPITALIZACIÓN";"17";"17";"29";"29";"5";"155";"0"
"2023";"04";"150117";"LIMA";"LIMA";"LOS OLIVOS";"PRIVADO";"II-E";"00012106";"CLINICA MEDICA PRIMAVERA";"240000";"HOSPITALIZACIÓN";"16";"16";"29";"25";"5";"155";"0"
"2023";"04";"250301";"UCAYALI";"PADRE ABAD";"PADRE ABAD";"ESSALUD";"I-2";"00031880";"POSTA DE SALUD AGUAYTIA";"NE_0001";"";"NE_0001";"NE_0001";"NE_0001";"NE_0001";"NE_0001";"NE_0001";"NE_0001"
"2023";"03";"150118";"LIMA";"LIMA";"LURIGANCHO";"PRIVADO";"II-E";"00016951";"CLINICA MADRE ZORAIDA";"241400";"HOSPITALIZACIÓN QUIRÚRGICA GINECO - OBSTETRICIA ";"13";"13";"42";"39";"6";"192";"0"
"2023";"06";"150121";"LIMA";"LIMA";"PUEBLO LIBRE";"PRIVADO";"II-E";"00011741";"CLÍNICA NORVISION";"NE_0001";"";"NE_0001";"NE_0001";"NE_0001";"NE_0001";"NE_0001";"NE_0001";"NE_0001"
"2023";"06";"150140";"LIMA";"LIMA";"SANTIAGO DE SURCO";"PRIVADO";"II-E";"00020674";"SAN MARTIN PLASTICA & ESTETICA";"NE_0002";"";"NE_0002";"NE_0002";"NE_0002";"NE_0002";"NE_0002";"NE_0002";"NE_0002"
"2023";"06";"120303";"JUNIN";"CHANCHAMAYO";"PICHANAQUI";"GOBIERNO REGIONAL";"I-2";"00000349";"BELEN DE ANAPIARI";"NE_0001";"";"NE_0001";"NE_0001";"NE_0001";"NE_0001";"NE_0001";"NE_0001";"NE_0001"
"2023";"06";"120303";"JUNIN";"CHANCHAMAYO";"PICHANAQUI";"GOBIERNO REGIONAL";"I-2";"00014383";"SAN JOSE DE ANAPIARI";"NE_0001";"";"NE_0001";"NE_0001";"NE_0001";"NE_0001";"NE_0001";"NE_0001";"NE_0001"
"2023";"06";"120303";"JUNIN";"CHANCHAMAYO";"PICHANAQUI";"GOBIERNO REGIONAL";"I-2";"00007371";"28 DE JULIO";"NE_0001";"";"NE_0001";"NE_0001";"NE_0001";"NE_0001";"NE_0001";"NE_0001";"NE_0001"
"2023";"06";"060201";"CAJAMARCA";"CAJABAMBA";"CAJABAMBA";"GOBIERNO REGIONAL";"II-1";"00004511";"DE APOYO CAJABAMBA";"240100";"HOSPITALIZACIÓN QUIRÚRGICA CIRUGÍA GENERAL ";"11";"14";"110";"78";"5";"155";"0"
"2023";"06";"060201";"CAJAMARCA";"CAJABAMBA";"CAJABAMBA";"GOBIERNO REGIONAL";"II-1";"00004511";"DE APOYO CAJABAMBA";"241400";"HOSPITALIZACIÓN QUIRÚRGICA GINECO - OBSTETRICIA ";"116";"124";"251";"223";"14";"434";"0"
"2023";"06";"060201";"CAJAMARCA";"CAJABAMBA";"CAJABAMBA";"GOBIERNO REGIONAL";"II-1";"00004511";"DE APOYO CAJABAMBA";"241800";"HOSPITALIZACIÓN DE MEDICINA MEDICINA GENERAL ";"14";"15";"58";"71";"6";"186";"4"
"2023";"06";"060201";"CAJAMARCA";"CAJABAMBA";"CAJABAMBA";"GOBIERNO REGIONAL";"II-1";"00004511";"DE APOYO CAJABAMBA";"242500";"HOSPITALIZACIÓN-PEDIATRÍA GENERAL-";"25";"29";"95";"54";"5";"155";"0"
"2023";"06";"080101";"CUSCO";"CUSCO";"CUSCO";"PRIVADO";"II-E";"00010014";"DR. VICTOR PAREDES";"240000";"HOSPITALIZACIÓN";"71";"68";"143";"223";"19";"570";"0"
"2023";"06";"150601";"LIMA";"HUARAL";"HUARAL";"GOBIERNO REGIONAL";"II-2";"00007637";"HOSPITAL SAN JUAN BAUTISTA HUARAL";"240100";"HOSPITALIZACIÓN QUIRÚRGICA CIRUGÍA GENERAL ";"84";"91";"224";"84";"11";"330";"0"
"2023";"06";"150601";"LIMA";"HUARAL";"HUARAL";"GOBIERNO REGIONAL";"II-2";"00007637";"HOSPITAL SAN JUAN BAUTISTA HUARAL";"241200";"HOSPITALIZACIÓN QUIRÚRGICA TRAUMATOLOGÍA Y ORTOPEDIA ";"13";"18";"172";"14";"8";"240";"0"
"2023";"06";"150601";"LIMA";"HUARAL";"HUARAL";"GOBIERNO REGIONAL";"II-2";"00007637";"HOSPITAL SAN JUAN BAUTISTA HUARAL";"241400";"HOSPITALIZACIÓN QUIRÚRGICA GINECO - OBSTETRICIA ";"129";"144";"377";"133";"26";"780";"0"
"2023";"06";"150601";"LIMA";"HUARAL";"HUARAL";"GOBIERNO REGIONAL";"II-2";"00007637";"HOSPITAL SAN JUAN BAUTISTA HUARAL";"241500";"HOSPITALIZACIÓN QUIRÚRGICA GINECOLOGÍA  ";"25";"25";"97";"37";"2";"60";"0"
"2023";"06";"150601";"LIMA";"HUARAL";"HUARAL";"GOBIERNO REGIONAL";"II-2";"00007637";"HOSPITAL SAN JUAN BAUTISTA HUARAL";"241800";"HOSPITALIZACIÓN DE MEDICINA MEDICINA GENERAL ";"57";"70";"427";"61";"16";"480";"3"
"2023";"06";"150601";"LIMA";"HUARAL";"HUARAL";"GOBIERNO REGIONAL";"II-2";"00007637";"HOSPITAL SAN JUAN BAUTISTA HUARAL";"242500";"HOSPITALIZACIÓN-PEDIATRÍA GENERAL-";"16";"19";"64";"28";"5";"150";"0"
"2023";"06";"150601";"LIMA";"HUARAL";"HUARAL";"GOBIERNO REGIONAL";"II-2";"00007637";"HOSPITAL SAN JUAN BAUTISTA HUARAL";"243200";"HOSPITALIZACIÓN DE PEDIATRÍA PEDIATRIA NEONATOLOGÍA";"18";"21";"77";"25";"5";"150";"0"
"2023";"06";"150601";"LIMA";"HUARAL";"HUARAL";"GOBIERNO REGIONAL";"II-2";"00007637";"HOSPITAL SAN JUAN BAUTISTA HUARAL";"250103";"UNIDAD DE CUIDADOS CRITICOS UNIDAD  DE CUIDADOS INTENSIVOS GENERALES  (UCI) MEDICINA";"9";"10";"41";"19";"9";"270";"1"
"2023";"06";"150601";"LIMA";"HUARAL";"HUARAL";"GOBIERNO REGIONAL";"II-2";"00007637";"HOSPITAL SAN JUAN BAUTISTA HUARAL";"250105";"UNIDAD DE CUIDADOS CRITICOS UNIDAD  DE CUIDADOS INTENSIVOS  (UCI) NEONATOLOGÍA";"4";"5";"24";"5";"2";"60";"0"
"2023";"06";"060614";"CAJAMARCA";"CUTERVO";"SOCOTA";"GOBIERNO REGIONAL";"I-1";"00005043";"LAGUNA SHITA";"NE_0001";"";"NE_0001";"NE_0001";"NE_0001";"NE_0001";"NE_0001";"NE_0001";"NE_0001"
"2023";"06";"060614";"CAJAMARCA";"CUTERVO";"SOCOTA";"GOBIERNO REGIONAL";"I-1";"00007749";"CHURUMAYO";"NE_0001";"";"NE_0001";"NE_0001";"NE_0001";"NE_0001";"NE_0001";"NE_0001";"NE_0001"
"2023";"06";"060614";"CAJAMARCA";"CUTERVO";"SOCOTA";"GOBIERNO REGIONAL";"I-1";"00011061";"NUEVO ORIENTE DE SOCOTA";"NE_0001";"";"NE_0001";"NE_0001";"NE_0001";"NE_0001";"NE_0001";"NE_0001";"NE_0001"
"2023";"06";"060614";"CAJAMARCA";"CUTERVO";"SOCOTA";"GOBIERNO REGIONAL";"I-1";"00011063";"LIBERTAD LA PALMA";"NE_0001";"";"NE_0001";"NE_0001";"NE_0001";"NE_0001";"NE_0001";"NE_0001";"NE_0001"
"2023";"06";"060610";"CAJAMARCA";"CUTERVO";"SAN LUIS DE LUCMA";"GOBIERNO REGIONAL";"I-1";"00005039";"SANTO DOMINGO DE LA LUCMA";"NE_0001";"";"NE_0001";"NE_0001";"NE_0001";"NE_0001";"NE_0001";"NE_0001";"NE_0001"
"2023";"06";"060614";"CAJAMARCA";"CUTERVO";"SOCOTA";"GOBIERNO REGIONAL";"I-1";"00005041";"MOCHADIN";"NE_0001";"";"NE_0001";"NE_0001";"NE_0001";"NE_0001";"NE_0001";"NE_0001";"NE_0001"
"2023";"06";"060614";"CAJAMARCA";"CUTERVO";"SOCOTA";"GOBIERNO REGIONAL";"I-1";"00006866";"CUÑANQUE";"NE_0001";"";"NE_0001";"NE_0001";"NE_0001";"NE_0001";"NE_0001";"NE_0001";"NE_0001"
"2023";"06";"060614";"CAJAMARCA";"CUTERVO";"SOCOTA";"GOBIERNO REGIONAL";"I-1";"00006948";"SANTA ELENA";"NE_0001";"";"NE_0001";"NE_0001";"NE_0001";"NE_0001";"NE_0001";"NE_0001";"NE_0001"
"2023";"06";"060610";"CAJAMARCA";"CUTERVO";"SAN LUIS DE LUCMA";"GOBIERNO REGIONAL";"I-1";"00007048";"SEXESHITA";"NE_0001";"";"NE_0001";"NE_0001";"NE_0001";"NE_0001";"NE_0001";"NE_0001";"NE_0001"
"2023";"05";"250102";"UCAYALI";"CORONEL PORTILLO";"CAMPOVERDE";"GOBIERNO REGIONAL";"I-1";"00025879";"PUESTO DE SALUD AMAKELLA";"NE_0001";"";"NE_0001";"NE_0001";"NE_0001";"NE_0001";"NE_0001";"NE_0001";"NE_0001"
"2023";"05";"250102";"UCAYALI";"CORONEL PORTILLO";"CAMPOVERDE";"GOBIERNO REGIONAL";"I-1";"00021550";"ALTO 9 DE FEBRERO";"NE_0001";"";"NE_0001";"NE_0001";"NE_0001";"NE_0001";"NE_0001";"NE_0001";"NE_0001"
"2023";"05";"250102";"UCAYALI";"CORONEL PORTILLO";"CAMPOVERDE";"GOBIERNO REGIONAL";"I-1";"00012260";"TIERRA BUENA";"NE_0001";"";"NE_0001";"NE_0001";"NE_0001";"NE_0001";"NE_0001";"NE_0001";"NE_0001"
"2023";"05";"250102";"UCAYALI";"CORONEL PORTILLO";"CAMPOVERDE";"GOBIERNO REGIONAL";"I-1";"00011909";"NUEVA TUNUYA";"NE_0001";"";"NE_0001";"NE_0001";"NE_0001";"NE_0001";"NE_0001";"NE_0001";"NE_0001"
"2023";"05";"250102";"UCAYALI";"CORONEL PORTILLO";"CAMPOVERDE";"GOBIERNO REGIONAL";"I-1";"00011626";"NUEVA ESPERANZA";"NE_0001";"";"NE_0001";"NE_0001";"NE_0001";"NE_0001";"NE_0001";"NE_0001";"NE_0001"
"2023";"05";"250102";"UCAYALI";"CORONEL PORTILLO";"CAMPOVERDE";"GOBIERNO REGIONAL";"I-2";"00007081";"LA MERCED DE NESHUYA";"NE_0001";"";"NE_0001";"NE_0001";"NE_0001";"NE_0001";"NE_0001";"NE_0001";"NE_0001"
"2023";"05";"250102";"UCAYALI";"CORONEL PORTILLO";"CAMPOVERDE";"GOBIERNO REGIONAL";"I-1";"00007080";"YERBAS BUENAS";"NE_0001";"";"NE_0001";"NE_0001";"NE_0001";"NE_0001";"NE_0001";"NE_0001";"NE_0001"
"2023";"05";"250102";"UCAYALI";"CORONEL PORTILLO";"CAMPOVERDE";"GOBIERNO REGIONAL";"I-1";"00005441";"SEÑOR DE LOS MILAGROS KM 24";"NE_0001";"";"NE_0001";"NE_0001";"NE_0001";"NE_0001";"NE_0001";"NE_0001";"NE_0001"
"2023";"05";"250102";"UCAYALI";"CORONEL PORTILLO";"CAMPOVERDE";"GOBIERNO REGIONAL";"I-1";"00005440";"LOS PINOS";"NE_0001";"";"NE_0001";"NE_0001";"NE_0001";"NE_0001";"NE_0001";"NE_0001";"NE_0001"
"2023";"05";"250102";"UCAYALI";"CORONEL PORTILLO";"CAMPOVERDE";"GOBIERNO REGIONAL";"I-1";"00005439";"SAN PEDRO KM 47";"NE_0001";"";"NE_0001";"NE_0001";"NE_0001";"NE_0001";"NE_0001";"NE_0001";"NE_0001"
"2023";"05";"250102";"UCAYALI";"CORONEL PORTILLO";"CAMPOVERDE";"GOBIERNO REGIONAL";"I-1";"00005437";"ANTONIO RAYMONDI";"NE_0001";"";"NE_0001";"NE_0001";"NE_0001";"NE_0001";"NE_0001";"NE_0001";"NE_0001"
"2023";"05";"250102";"UCAYALI";"CORONEL PORTILLO";"CAMPOVERDE";"GOBIERNO REGIONAL";"I-1";"00005436";"LA VICTORIA";"NE_0001";"";"NE_0001";"NE_0001";"NE_0001";"NE_0001";"NE_0001";"NE_0001";"NE_0001"
"2023";"05";"250102";"UCAYALI";"CORONEL PORTILLO";"CAMPOVERDE";"GOBIERNO REGIONAL";"I-1";"00005435";"EL PORVENIR KM 25";"NE_0001";"";"NE_0001";"NE_0001";"NE_0001";"NE_0001";"NE_0001";"NE_0001";"NE_0001"
"2023";"05";"250102";"UCAYALI";"CORONEL PORTILLO";"CAMPOVERDE";"GOBIERNO REGIONAL";"I-1";"00005434";"PUESTO DE SALUD  ALTO MANANTAY";"NE_0001";"";"NE_0001";"NE_0001";"NE_0001";"NE_0001";"NE_0001";"NE_0001";"NE_0001"
"2023";"05";"250102";"UCAYALI";"CORONEL PORTILLO";"CAMPOVERDE";"GOBIERNO REGIONAL";"I-1";"00005433";"P.S  LAS MERCEDES KM. 42";"NE_0001";"";"NE_0001";"NE_0001";"NE_0001";"NE_0001";"NE_0001";"NE_0001";"NE_0001"
"2023";"05";"250102";"UCAYALI";"CORONEL PORTILLO";"CAMPOVERDE";"GOBIERNO REGIONAL";"I-2";"00005432";"PIMENTAL";"NE_0001";"";"NE_0001";"NE_0001";"NE_0001";"NE_0001";"NE_0001";"NE_0001";"NE_0001"
"2023";"03";"200601";"PIURA";"SULLANA";"SULLANA";"GOBIERNO REGIONAL";"II-2";"00001910";"HOSPITAL DE APOYO II - 2 SULLANA";"241900";"HOSPITALIZACIÓN DE MEDICINA MEDICINA INTERNA ";"75";"80";"1104";"778";"28";"828";"16"
"2023";"03";"200601";"PIURA";"SULLANA";"SULLANA";"GOBIERNO REGIONAL";"II-2";"00001910";"HOSPITAL DE APOYO II - 2 SULLANA";"244000";"HOSPITALIZACIÓN DE MEDICINA CARDIOLOGIA ";"9";"8";"70";"116";"6";"186";"0"
"2023";"03";"200601";"PIURA";"SULLANA";"SULLANA";"GOBIERNO REGIONAL";"II-2";"00001910";"HOSPITAL DE APOYO II - 2 SULLANA";"240100";"HOSPITALIZACIÓN QUIRÚRGICA CIRUGÍA GENERAL ";"126";"131";"688";"589";"22";"589";"0"
"2023";"03";"200601";"PIURA";"SULLANA";"SULLANA";"GOBIERNO REGIONAL";"II-2";"00001910";"HOSPITAL DE APOYO II - 2 SULLANA";"240700";"HOSPITALIZACIÓN QUIRÚRGICA CIRUGÍA PEDIÁTRICA ";"39";"36";"162";"169";"6";"203";"0"
"2023";"03";"200601";"PIURA";"SULLANA";"SULLANA";"GOBIERNO REGIONAL";"II-2";"00001910";"HOSPITAL DE APOYO II - 2 SULLANA";"241200";"HOSPITALIZACIÓN QUIRÚRGICA TRAUMATOLOGÍA Y ORTOPEDIA ";"6";"10";"240";"260";"4";"260";"0"
"2023";"03";"200601";"PIURA";"SULLANA";"SULLANA";"GOBIERNO REGIONAL";"II-2";"00001910";"HOSPITAL DE APOYO II - 2 SULLANA";"243200";"HOSPITALIZACIÓN DE PEDIATRÍA PEDIATRIA NEONATOLOGÍA";"43";"54";"729";"583";"20";"627";"1"
"2023";"03";"200601";"PIURA";"SULLANA";"SULLANA";"GOBIERNO REGIONAL";"II-2";"00001910";"HOSPITAL DE APOYO II - 2 SULLANA";"250105";"UNIDAD DE CUIDADOS CRITICOS UNIDAD  DE CUIDADOS INTENSIVOS  (UCI) NEONATOLOGÍA";"15";"4";"60";"127";"4";"127";"4"
"2023";"03";"200601";"PIURA";"SULLANA";"SULLANA";"GOBIERNO REGIONAL";"II-2";"00001910";"HOSPITAL DE APOYO II - 2 SULLANA";"242300";"HOSPITALIZACIÓN DE PEDIATRÍA  PEDIATRÍA  GENERAL ";"51";"49";"206";"221";"11";"324";"2"
"2023";"03";"200601";"PIURA";"SULLANA";"SULLANA";"GOBIERNO REGIONAL";"II-2";"00001910";"HOSPITAL DE APOYO II - 2 SULLANA";"241500";"HOSPITALIZACIÓN QUIRÚRGICA GINECOLOGÍA  ";"26";"21";"78";"80";"6";"179";"0"
"2023";"03";"200601";"PIURA";"SULLANA";"SULLANA";"GOBIERNO REGIONAL";"II-2";"00001910";"HOSPITAL DE APOYO II - 2 SULLANA";"241600";"HOSPITALIZACIÓN QUIRÚRGICA OBSTETRICIA   ";"383";"389";"1192";"920";"38";"1185";"0"
"2023";"03";"200601";"PIURA";"SULLANA";"SULLANA";"GOBIERNO REGIONAL";"II-2";"00001910";"HOSPITAL DE APOYO II - 2 SULLANA";"250100";"UNIDAD DE CUIDADOS CRITICOS UNIDAD  DE CUIDADOS INTENSIVOS GENERALES (UCI) ";"23";"12";"146";"398";"15";"466";"11"
"2023";"03";"050701";"AYACUCHO";"PARINACOCHAS";"CORACORA";"GOBIERNO REGIONAL";"II-1";"00003523";"HOSPITAL DE APOYO DE CORACORA";"240100";"HOSPITALIZACIÓN QUIRÚRGICA CIRUGÍA GENERAL ";"0";"16";"67";"67";"8";"248";"0"
"2023";"03";"050701";"AYACUCHO";"PARINACOCHAS";"CORACORA";"GOBIERNO REGIONAL";"II-1";"00003523";"HOSPITAL DE APOYO DE CORACORA";"241400";"HOSPITALIZACIÓN QUIRÚRGICA GINECO - OBSTETRICIA ";"0";"25";"59";"59";"5";"155";"0"
"2023";"03";"050701";"AYACUCHO";"PARINACOCHAS";"CORACORA";"GOBIERNO REGIONAL";"II-1";"00003523";"HOSPITAL DE APOYO DE CORACORA";"241500";"HOSPITALIZACIÓN QUIRÚRGICA GINECOLOGÍA  ";"0";"25";"40";"40";"7";"217";"0"
"2023";"03";"050701";"AYACUCHO";"PARINACOCHAS";"CORACORA";"GOBIERNO REGIONAL";"II-1";"00003523";"HOSPITAL DE APOYO DE CORACORA";"241800";"HOSPITALIZACIÓN DE MEDICINA MEDICINA GENERAL ";"0";"13";"45";"45";"16";"496";"4"
"2023";"03";"050701";"AYACUCHO";"PARINACOCHAS";"CORACORA";"GOBIERNO REGIONAL";"II-1";"00003523";"HOSPITAL DE APOYO DE CORACORA";"242500";"HOSPITALIZACIÓN-PEDIATRÍA GENERAL-";"0";"36";"53";"53";"4";"124";"0"
"2023";"03";"220913";"SAN MARTIN";"SAN MARTIN";"SAUCE";"GOBIERNO REGIONAL";"I-1";"00006381";"DOS DE MAYO";"NE_0001";"";"NE_0001";"NE_0001";"NE_0001";"NE_0001";"NE_0001";"NE_0001";"NE_0001"
"2023";"03";"220913";"SAN MARTIN";"SAN MARTIN";"SAUCE";"GOBIERNO REGIONAL";"I-3";"00006380";"SAUCE";"241600";"HOSPITALIZACIÓN QUIRÚRGICA OBSTETRICIA   ";"2";"2";"2";"2";"2";"62";"0"
"2023";"03";"210301";"PUNO";"CARABAYA";"MACUSANI";"GOBIERNO REGIONAL";"I-3";"00002974";"METROPOLITANO MACUSANI";"240100";"HOSPITALIZACIÓN QUIRÚRGICA CIRUGÍA GENERAL ";"68";"70";"248";"318";"10";"310";"0"
"2023";"03";"210301";"PUNO";"CARABAYA";"MACUSANI";"GOBIERNO REGIONAL";"I-3";"00002974";"METROPOLITANO MACUSANI";"241500";"HOSPITALIZACIÓN QUIRÚRGICA GINECOLOGÍA  ";"22";"23";"61";"84";"4";"124";"0"
"2023";"03";"210301";"PUNO";"CARABAYA";"MACUSANI";"GOBIERNO REGIONAL";"I-3";"00002974";"METROPOLITANO MACUSANI";"241600";"HOSPITALIZACIÓN QUIRÚRGICA OBSTETRICIA   ";"62";"67";"167";"234";"11";"341";"0"
"2023";"03";"210301";"PUNO";"CARABAYA";"MACUSANI";"GOBIERNO REGIONAL";"I-3";"00002974";"METROPOLITANO MACUSANI";"241900";"HOSPITALIZACIÓN DE MEDICINA MEDICINA INTERNA ";"39";"41";"149";"190";"9";"279";"0"
"2023";"03";"210301";"PUNO";"CARABAYA";"MACUSANI";"GOBIERNO REGIONAL";"I-3";"00002974";"METROPOLITANO MACUSANI";"242500";"HOSPITALIZACIÓN-PEDIATRÍA GENERAL-";"14";"18";"86";"104";"4";"124";"0"
"2023";"03";"210301";"PUNO";"CARABAYA";"MACUSANI";"GOBIERNO REGIONAL";"I-3";"00002974";"METROPOLITANO MACUSANI";"243200";"HOSPITALIZACIÓN DE PEDIATRÍA PEDIATRIA NEONATOLOGÍA";"14";"16";"56";"72";"4";"124";"0"
"2023";"03";"120303";"JUNIN";"CHANCHAMAYO";"PICHANAQUI";"GOBIERNO REGIONAL";"II-1";"00000340";"HOSPITAL DE APOYO PICHANAKI";"241800";"HOSPITALIZACIÓN DE MEDICINA MEDICINA GENERAL ";"53";"51";"252";"252";"9";"279";"2"
"2023";"03";"120303";"JUNIN";"CHANCHAMAYO";"PICHANAQUI";"GOBIERNO REGIONAL";"II-1";"00000340";"HOSPITAL DE APOYO PICHANAKI";"240100";"HOSPITALIZACIÓN QUIRÚRGICA CIRUGÍA GENERAL ";"26";"26";"122";"122";"6";"186";"0"
"2023";"03";"120303";"JUNIN";"CHANCHAMAYO";"PICHANAQUI";"GOBIERNO REGIONAL";"II-1";"00000340";"HOSPITAL DE APOYO PICHANAKI";"241200";"HOSPITALIZACIÓN QUIRÚRGICA TRAUMATOLOGÍA Y ORTOPEDIA ";"4";"3";"8";"8";"2";"62";"0"
"2023";"03";"120303";"JUNIN";"CHANCHAMAYO";"PICHANAQUI";"GOBIERNO REGIONAL";"II-1";"00000340";"HOSPITAL DE APOYO PICHANAKI";"242500";"HOSPITALIZACIÓN-PEDIATRÍA GENERAL-";"25";"23";"90";"90";"3";"93";"0"
"2023";"03";"120303";"JUNIN";"CHANCHAMAYO";"PICHANAQUI";"GOBIERNO REGIONAL";"II-1";"00000340";"HOSPITAL DE APOYO PICHANAKI";"241600";"HOSPITALIZACIÓN QUIRÚRGICA OBSTETRICIA   ";"115";"113";"234";"234";"12";"372";"0"
"2023";"03";"120303";"JUNIN";"CHANCHAMAYO";"PICHANAQUI";"GOBIERNO REGIONAL";"II-1";"00000340";"HOSPITAL DE APOYO PICHANAKI";"241400";"HOSPITALIZACIÓN QUIRÚRGICA GINECO - OBSTETRICIA ";"39";"39";"73";"73";"10";"310";"0"
"2023";"03";"040103";"AREQUIPA";"AREQUIPA";"CAYMA";"PRIVADO";"II-1";"00015730";"CLINICA SAN JUAN DE DIOS";"240000";"HOSPITALIZACIÓN";"528";"520";"1898";"1889";"81";"2511";"6"
"2023";"04";"020101";"ANCASH";"HUARAZ";"HUARAZ";"SANIDAD DE LA POLICIA NACIONAL DEL PERU";"I-3";"00010205";"POLICLINICO PNP HUARAZ";"NE_0001";"";"NE_0001";"NE_0001";"NE_0001";"NE_0001";"NE_0001";"NE_0001";"NE_0001"
"2023";"04";"150131";"LIMA";"LIMA";"SAN ISIDRO";"PRIVADO";"II-E";"00010402";"LASER VISION CENTER & ASOCIADOS S.A.C.";"NE_0001";"";"NE_0001";"NE_0001";"NE_0001";"NE_0001";"NE_0001";"NE_0001";"NE_0001"
"2023";"04";"150141";"LIMA";"LIMA";"SURQUILLO";"PRIVADO";"II-E";"00012206";"DETECTA CLINICA";"240000";"HOSPITALIZACIÓN";"150";"43";"75";"142";"11";"330";"0"
"2023";"04";"150131";"LIMA";"LIMA";"SAN ISIDRO";"PRIVADO";"I-4";"00008389";"IPOR: INSTITUTO PERUANO DE ONCOLOGIA & RADIOTERAPIA";"NE_0001";"";"NE_0001";"NE_0001";"NE_0001";"NE_0001";"NE_0001";"NE_0001";"NE_0001"
"2023";"04";"110501";"ICA";"PISCO";"PISCO";"MINSA";"II-1";"00003472";"SAN JUAN DE DIOS";"240100";"HOSPITALIZACIÓN QUIRÚRGICA CIRUGÍA GENERAL ";"61";"77";"493";"492";"24";"720";"0"
"2023";"04";"110501";"ICA";"PISCO";"PISCO";"MINSA";"II-1";"00003472";"SAN JUAN DE DIOS";"241400";"HOSPITALIZACIÓN QUIRÚRGICA GINECO - OBSTETRICIA ";"229";"254";"615";"548";"30";"900";"0"
"2023";"04";"110501";"ICA";"PISCO";"PISCO";"MINSA";"II-1";"00003472";"SAN JUAN DE DIOS";"241800";"HOSPITALIZACIÓN DE MEDICINA MEDICINA GENERAL ";"55";"69";"442";"466";"24";"720";"12"
"2023";"04";"110501";"ICA";"PISCO";"PISCO";"MINSA";"II-1";"00003472";"SAN JUAN DE DIOS";"242300";"HOSPITALIZACIÓN DE PEDIATRÍA  PEDIATRÍA  GENERAL ";"78";"88";"336";"286";"14";"420";"1"
"2023";"04";"040102";"AREQUIPA";"AREQUIPA";"ALTO SELVA ALEGRE";"GOBIERNO REGIONAL";"I-2";"00001304";"PUESTO DE SALUD HEROES DEL CENEPA";"NE_0001";"";"NE_0001";"NE_0001";"NE_0001";"NE_0001";"NE_0001";"NE_0001";"NE_0001"
"2023";"04";"040102";"AREQUIPA";"AREQUIPA";"ALTO SELVA ALEGRE";"GOBIERNO REGIONAL";"I-3";"00001302";"CENTRO DE SALUD INDEPENDENCIA";"NE_0001";"";"NE_0001";"NE_0001";"NE_0001";"NE_0001";"NE_0001";"NE_0001";"NE_0001"
"2023";"04";"040102";"AREQUIPA";"AREQUIPA";"ALTO SELVA ALEGRE";"GOBIERNO REGIONAL";"I-2";"00001303";"PUESTO DE SALUD SAN JUAN BAUTISTA";"NE_0001";"";"NE_0001";"NE_0001";"NE_0001";"NE_0001";"NE_0001";"NE_0001";"NE_0001"
"2023";"04";"120703";"JUNIN";"TARMA";"HUARICOLCA";"GOBIERNO REGIONAL";"I-2";"00000595";"HUARICOLCA";"NE_0001";"";"NE_0001";"NE_0001";"NE_0001";"NE_0001";"NE_0001";"NE_0001";"NE_0001"
"2023";"04";"120703";"JUNIN";"TARMA";"HUARICOLCA";"GOBIERNO REGIONAL";"I-1";"00000568";"CONGAS ANTACUCHO";"NE_0001";"";"NE_0001";"NE_0001";"NE_0001";"NE_0001";"NE_0001";"NE_0001";"NE_0001"
"2023";"04";"150117";"LIMA";"LIMA";"LOS OLIVOS";"PRIVADO";"II-E";"00017847";"CLINICA DEL NORTE";"241400";"HOSPITALIZACIÓN QUIRÚRGICA GINECO - OBSTETRICIA ";"21";"26";"32";"21";"5";"125";"0"
"2023";"04";"150115";"LIMA";"LIMA";"LA VICTORIA";"MINSA";"III-E";"00006212";"HOSPITAL DE EMERGENCIAS PEDIATRICAS";"240700";"HOSPITALIZACIÓN QUIRÚRGICA CIRUGÍA PEDIÁTRICA ";"38";"31";"365";"190";"8";"242";"0"
"2023";"04";"150115";"LIMA";"LIMA";"LA VICTORIA";"MINSA";"III-E";"00006212";"HOSPITAL DE EMERGENCIAS PEDIATRICAS";"250105";"UNIDAD DE CUIDADOS CRITICOS UNIDAD  DE CUIDADOS INTENSIVOS  (UCI) NEONATOLOGÍA";"3";"3";"123";"98";"4";"120";"0"
"2023";"04";"150115";"LIMA";"LIMA";"LA VICTORIA";"MINSA";"III-E";"00006212";"HOSPITAL DE EMERGENCIAS PEDIATRICAS";"250108";"UNIDAD DE CUIDADOS CRITICOS UNIDAD  DE CUIDADOS INTENSIVOS  (UCI) PEDIÁTRICA";"17";"17";"5";"233";"8";"236";"0"
"2023";"04";"150115";"LIMA";"LIMA";"LA VICTORIA";"MINSA";"III-E";"00006212";"HOSPITAL DE EMERGENCIAS PEDIATRICAS";"240900";"HOSPITALIZACIÓN QUIRÚRGICA NEUROCIRUGÍA ";"14";"7";"44";"69";"5";"150";"0"
"2023";"04";"150115";"LIMA";"LIMA";"LA VICTORIA";"MINSA";"III-E";"00006212";"HOSPITAL DE EMERGENCIAS PEDIATRICAS";"241200";"HOSPITALIZACIÓN QUIRÚRGICA TRAUMATOLOGÍA Y ORTOPEDIA ";"33";"28";"105";"102";"5";"150";"0"
"2023";"04";"150115";"LIMA";"LIMA";"LA VICTORIA";"MINSA";"III-E";"00006212";"HOSPITAL DE EMERGENCIAS PEDIATRICAS";"242300";"HOSPITALIZACIÓN DE PEDIATRÍA  PEDIATRÍA  GENERAL ";"35";"26";"335";"404";"14";"409";"0"
"2023";"04";"150115";"LIMA";"LIMA";"LA VICTORIA";"MINSA";"III-E";"00006212";"HOSPITAL DE EMERGENCIAS PEDIATRICAS";"242500";"HOSPITALIZACIÓN-PEDIATRÍA GENERAL-";"51";"25";"143";"230";"8";"246";"0"
"2023";"04";"040101";"AREQUIPA";"AREQUIPA";"AREQUIPA";"PRIVADO";"II-E";"00017588";"MELO CLINICA DE FERTILIDAD, GINECOLOGIA Y OBSTETRICIA";"241400";"HOSPITALIZACIÓN QUIRÚRGICA GINECO - OBSTETRICIA ";"13";"13";"13";"13";"4";"120";"0"
"2023";"05";"100508";"HUANUCO";"HUAMALIES";"PUNCHAO";"GOBIERNO REGIONAL";"I-2";"00000901";"PUNCHAO";"NE_0001";"";"NE_0001";"NE_0001";"NE_0001";"NE_0001";"NE_0001";"NE_0001";"NE_0001"
"2023";"06";"200601";"PIURA";"SULLANA";"SULLANA";"SANIDAD DE LA POLICIA NACIONAL DEL PERU";"I-2";"00010688";"POSTA  MEDICA  POLICIAL  SULLANA";"NE_0001";"";"NE_0001";"NE_0001";"NE_0001";"NE_0001";"NE_0001";"NE_0001";"NE_0001"
"2023";"06";"110501";"ICA";"PISCO";"PISCO";"SANIDAD DE LA POLICIA NACIONAL DEL PERU";"I-2";"00011400";"POSTA MEDICA POLICIAL PISCO";"NE_0001";"";"NE_0001";"NE_0001";"NE_0001";"NE_0001";"NE_0001";"NE_0001";"NE_0001"
"2023";"06";"080507";"CUSCO";"CANAS";"QUEHUE";"GOBIERNO REGIONAL";"I-2";"00002374";"HUINCHIRI";"NE_0001";"";"NE_0001";"NE_0001";"NE_0001";"NE_0001";"NE_0001";"NE_0001";"NE_0001"
"2023";"06";"080508";"CUSCO";"CANAS";"TUPAC AMARU";"GOBIERNO REGIONAL";"I-1";"00002377";"TOCCOCCORI";"NE_0001";"";"NE_0001";"NE_0001";"NE_0001";"NE_0001";"NE_0001";"NE_0001";"NE_0001"
"2023";"05";"250107";"UCAYALI";"CORONEL PORTILLO";"MANANTAY";"ESSALUD";"I-3";"00032739";"CENTRO DE SALUD MANANTAY - ESSALUD";"NE_0001";"";"NE_0001";"NE_0001";"NE_0001";"NE_0001";"NE_0001";"NE_0001";"NE_0001"
"2023";"06";"120305";"JUNIN";"CHANCHAMAYO";"SAN RAMON";"GOBIERNO REGIONAL";"I-4";"00000354";"SAN RAMON";"241600";"HOSPITALIZACIÓN QUIRÚRGICA OBSTETRICIA   ";"5";"5";"8";"8";"5";"150";"0"
"2023";"06";"120305";"JUNIN";"CHANCHAMAYO";"SAN RAMON";"GOBIERNO REGIONAL";"I-4";"00000354";"SAN RAMON";"241800";"HOSPITALIZACIÓN DE MEDICINA MEDICINA GENERAL ";"12";"12";"22";"22";"3";"90";"0"
"2023";"06";"120306";"JUNIN";"CHANCHAMAYO";"VITOC";"GOBIERNO REGIONAL";"I-1";"00000359";"VISCATAN";"NE_0001";"";"NE_0001";"NE_0001";"NE_0001";"NE_0001";"NE_0001";"NE_0001";"NE_0001"
"2023";"06";"120416";"JUNIN";"JAUJA";"MASMA";"GOBIERNO REGIONAL";"I-1";"00000361";"UCHUBAMBA";"NE_0001";"";"NE_0001";"NE_0001";"NE_0001";"NE_0001";"NE_0001";"NE_0001";"NE_0001"
"2023";"06";"120305";"JUNIN";"CHANCHAMAYO";"SAN RAMON";"GOBIERNO REGIONAL";"I-2";"00000356";"LA ESPERANZA";"NE_0001";"";"NE_0001";"NE_0001";"NE_0001";"NE_0001";"NE_0001";"NE_0001";"NE_0001"
"2023";"06";"120419";"JUNIN";"JAUJA";"MONOBAMBA";"GOBIERNO REGIONAL";"I-1";"00000363";"CHACAYBAMBA";"NE_0001";"";"NE_0001";"NE_0001";"NE_0001";"NE_0001";"NE_0001";"NE_0001";"NE_0001"
"2023";"06";"120419";"JUNIN";"JAUJA";"MONOBAMBA";"GOBIERNO REGIONAL";"I-2";"00000362";"MONOBAMBA";"NE_0001";"";"NE_0001";"NE_0001";"NE_0001";"NE_0001";"NE_0001";"NE_0001";"NE_0001"
"2023";"06";"120306";"JUNIN";"CHANCHAMAYO";"VITOC";"GOBIERNO REGIONAL";"I-2";"00000358";"VITOC";"NE_0001";"";"NE_0001";"NE_0001";"NE_0001";"NE_0001";"NE_0001";"NE_0001";"NE_0001"
"2023";"06";"120306";"JUNIN";"CHANCHAMAYO";"VITOC";"GOBIERNO REGIONAL";"I-1";"00000360";"UTCUYACU";"NE_0001";"";"NE_0001";"NE_0001";"NE_0001";"NE_0001";"NE_0001";"NE_0001";"NE_0001"
"2023";"06";"080904";"CUSCO";"LA CONVENCION";"MARANURA";"GOBIERNO REGIONAL";"I-2";"00002460";"SANTA MARIA";"NE_0001";"";"NE_0001";"NE_0001";"NE_0001";"NE_0001";"NE_0001";"NE_0001";"NE_0001"
"2023";"06";"080908";"CUSCO";"LA CONVENCION";"SANTA TERESA";"GOBIERNO REGIONAL";"I-4";"00002476";"SANTA TERESA";"NE_0001";"";"NE_0001";"NE_0001";"NE_0001";"NE_0001";"NE_0001";"NE_0001";"NE_0001"
"2023";"06";"080903";"CUSCO";"LA CONVENCION";"HUAYOPATA";"GOBIERNO REGIONAL";"I-3";"00002453";"HUYRO";"NE_0001";"";"NE_0001";"NE_0001";"NE_0001";"NE_0001";"NE_0001";"NE_0001";"NE_0001"
"2023";"06";"080908";"CUSCO";"LA CONVENCION";"SANTA TERESA";"GOBIERNO REGIONAL";"I-1";"00002478";"TOTORA";"NE_0001";"";"NE_0001";"NE_0001";"NE_0001";"NE_0001";"NE_0001";"NE_0001";"NE_0001"
"2023";"06";"080903";"CUSCO";"LA CONVENCION";"HUAYOPATA";"GOBIERNO REGIONAL";"I-1";"00002454";"ALFAMAYO";"NE_0001";"";"NE_0001";"NE_0001";"NE_0001";"NE_0001";"NE_0001";"NE_0001";"NE_0001"
"2023";"06";"080903";"CUSCO";"LA CONVENCION";"HUAYOPATA";"GOBIERNO REGIONAL";"I-2";"00002456";"AMAYBAMBA";"NE_0001";"";"NE_0001";"NE_0001";"NE_0001";"NE_0001";"NE_0001";"NE_0001";"NE_0001"
"2023";"06";"080904";"CUSCO";"LA CONVENCION";"MARANURA";"GOBIERNO REGIONAL";"I-1";"00002461";"UCHUMAYO";"NE_0001";"";"NE_0001";"NE_0001";"NE_0001";"NE_0001";"NE_0001";"NE_0001";"NE_0001"
"2023";"06";"080903";"CUSCO";"LA CONVENCION";"HUAYOPATA";"GOBIERNO REGIONAL";"I-1";"00002455";"HUAYOPATA";"NE_0001";"";"NE_0001";"NE_0001";"NE_0001";"NE_0001";"NE_0001";"NE_0001";"NE_0001"
"2023";"06";"080908";"CUSCO";"LA CONVENCION";"SANTA TERESA";"GOBIERNO REGIONAL";"I-2";"00002477";"SULLUCUYOC";"NE_0001";"";"NE_0001";"NE_0001";"NE_0001";"NE_0001";"NE_0001";"NE_0001";"NE_0001"
"2023";"06";"080903";"CUSCO";"LA CONVENCION";"HUAYOPATA";"GOBIERNO REGIONAL";"I-1";"00002457";"SAN PABLO HUAYOPATA";"NE_0001";"";"NE_0001";"NE_0001";"NE_0001";"NE_0001";"NE_0001";"NE_0001";"NE_0001"
"2023";"06";"080904";"CUSCO";"LA CONVENCION";"MARANURA";"GOBIERNO REGIONAL";"I-4";"00002458";"MARANURA";"NE_0001";"";"NE_0001";"NE_0001";"NE_0001";"NE_0001";"NE_0001";"NE_0001";"NE_0001"
"2023";"06";"080902";"CUSCO";"LA CONVENCION";"ECHARATE";"GOBIERNO REGIONAL";"I-1";"00002451";"CHAHUARES";"NE_0001";"";"NE_0001";"NE_0001";"NE_0001";"NE_0001";"NE_0001";"NE_0001";"NE_0001"
"2023";"06";"080901";"CUSCO";"LA CONVENCION";"SANTA ANA";"GOBIERNO REGIONAL";"I-1";"00002424";"POTRERO";"NE_0001";"";"NE_0001";"NE_0001";"NE_0001";"NE_0001";"NE_0001";"NE_0001";"NE_0001"
"2023";"06";"080902";"CUSCO";"LA CONVENCION";"ECHARATE";"GOBIERNO REGIONAL";"I-1";"00002446";"CHACCO";"NE_0001";"";"NE_0001";"NE_0001";"NE_0001";"NE_0001";"NE_0001";"NE_0001";"NE_0001"
"2023";"06";"150101";"LIMA";"LIMA";"LIMA";"PRIVADO";"II-E";"00011167";"OFTALMOMEDIC";"NE_0001";"";"NE_0001";"NE_0001";"NE_0001";"NE_0001";"NE_0001";"NE_0001";"NE_0001"
"2023";"06";"150122";"LIMA";"LIMA";"MIRAFLORES";"PRIVADO";"II-E";"00019748";"CLINICA HIGUERETA";"240000";"HOSPITALIZACIÓN";"140";"142";"528";"381";"17";"527";"0"
"2023";"06";"220101";"SAN MARTIN";"MOYOBAMBA";"MOYOBAMBA";"GOBIERNO REGIONAL";"I-1";"00006323";"MORROYACU";"NE_0001";"";"NE_0001";"NE_0001";"NE_0001";"NE_0001";"NE_0001";"NE_0001";"NE_0001"
"2023";"06";"220101";"SAN MARTIN";"MOYOBAMBA";"MOYOBAMBA";"GOBIERNO REGIONAL";"I-3";"00006322";"PUEBLO LIBRE";"241400";"HOSPITALIZACIÓN QUIRÚRGICA GINECO - OBSTETRICIA ";"8";"8";"8";"8";"8";"9";"0"
"2023";"06";"220101";"SAN MARTIN";"MOYOBAMBA";"MOYOBAMBA";"GOBIERNO REGIONAL";"I-1";"00006324";"SHIMPIYACU";"NE_0001";"";"NE_0001";"NE_0001";"NE_0001";"NE_0001";"NE_0001";"NE_0001";"NE_0001"
"2023";"06";"220101";"SAN MARTIN";"MOYOBAMBA";"MOYOBAMBA";"GOBIERNO REGIONAL";"I-1";"00006325";"NUEVA HUANCABAMBA";"NE_0001";"";"NE_0001";"NE_0001";"NE_0001";"NE_0001";"NE_0001";"NE_0001";"NE_0001"
"2023";"06";"061101";"CAJAMARCA";"SAN MIGUEL";"SAN MIGUEL";"ESSALUD";"I-2";"00010273";"POSTA MEDICA ESSALUD SAN MIGUEL";"NE_0001";"";"NE_0001";"NE_0001";"NE_0001";"NE_0001";"NE_0001";"NE_0001";"NE_0001"
"2023";"04";"150101";"LIMA";"LIMA";"LIMA";"OTRO";"III-2";"00027929";"INSTITUTO DE MEDICINA LEGAL DEL PERÚ";"NE_0001";"";"NE_0001";"NE_0001";"NE_0001";"NE_0001";"NE_0001";"NE_0001";"NE_0001"
"2023";"04";"220901";"SAN MARTIN";"SAN MARTIN";"TARAPOTO";"GOBIERNO REGIONAL";"I-3";"00006370";"PUNTA DEL ESTE";"NE_0001";"";"NE_0001";"NE_0001";"NE_0001";"NE_0001";"NE_0001";"NE_0001";"NE_0001"
"2023";"04";"220901";"SAN MARTIN";"SAN MARTIN";"TARAPOTO";"GOBIERNO REGIONAL";"I-1";"00006363";"ATUMPAMPA";"NE_0001";"";"NE_0001";"NE_0001";"NE_0001";"NE_0001";"NE_0001";"NE_0001";"NE_0001"
"2023";"04";"220901";"SAN MARTIN";"SAN MARTIN";"TARAPOTO";"GOBIERNO REGIONAL";"I-1";"00006373";"SANTA ROSA DE CUMBAZA";"NE_0001";"";"NE_0001";"NE_0001";"NE_0001";"NE_0001";"NE_0001";"NE_0001";"NE_0001"
"2023";"04";"220901";"SAN MARTIN";"SAN MARTIN";"TARAPOTO";"GOBIERNO REGIONAL";"I-2";"00006371";"HUAYCO TARAPOTO";"NE_0001";"";"NE_0001";"NE_0001";"NE_0001";"NE_0001";"NE_0001";"NE_0001";"NE_0001"
"2023";"04";"220901";"SAN MARTIN";"SAN MARTIN";"TARAPOTO";"GOBIERNO REGIONAL";"I-3";"00006362";"CENTRO DE SALUD NUEVE DE ABRIL";"NE_0001";"";"NE_0001";"NE_0001";"NE_0001";"NE_0001";"NE_0001";"NE_0001";"NE_0001"
"2023";"05";"130101";"LA LIBERTAD";"TRUJILLO";"TRUJILLO";"PRIVADO";"II-E";"00016830";"CLINICA CAMINO REAL";"240000";"HOSPITALIZACIÓN";"26";"12";"25";"71";"6";"186";"0"
"2023";"05";"130801";"LA LIBERTAD";"PATAZ";"TAYABAMBA";"GOBIERNO REGIONAL";"II-1";"00005375";"HOSPITAL PROVINCIAL DE TAYABAMBA";"241800";"HOSPITALIZACIÓN DE MEDICINA MEDICINA GENERAL ";"21";"19";"32";"35";"11";"330";"0"
"2023";"05";"130801";"LA LIBERTAD";"PATAZ";"TAYABAMBA";"GOBIERNO REGIONAL";"II-1";"00005375";"HOSPITAL PROVINCIAL DE TAYABAMBA";"241600";"HOSPITALIZACIÓN QUIRÚRGICA OBSTETRICIA   ";"34";"32";"55";"57";"5";"150";"0"
"2023";"06";"170101";"MADRE DE DIOS";"TAMBOPATA";"TAMBOPATA";"GOBIERNO REGIONAL";"II-1";"00002698";"HOSPITAL SANTA ROSA";"241800";"HOSPITALIZACIÓN DE MEDICINA MEDICINA GENERAL ";"128";"97";"558";"128";"40";"1200";"0"
"2023";"06";"170101";"MADRE DE DIOS";"TAMBOPATA";"TAMBOPATA";"GOBIERNO REGIONAL";"II-1";"00002698";"HOSPITAL SANTA ROSA";"241600";"HOSPITALIZACIÓN QUIRÚRGICA OBSTETRICIA   ";"302";"282";"693";"302";"38";"1140";"0"
"2023";"06";"170101";"MADRE DE DIOS";"TAMBOPATA";"TAMBOPATA";"GOBIERNO REGIONAL";"II-1";"00002698";"HOSPITAL SANTA ROSA";"242300";"HOSPITALIZACIÓN DE PEDIATRÍA  PEDIATRÍA  GENERAL ";"92";"84";"338";"92";"18";"540";"0"
"2023";"06";"170101";"MADRE DE DIOS";"TAMBOPATA";"TAMBOPATA";"GOBIERNO REGIONAL";"II-1";"00002698";"HOSPITAL SANTA ROSA";"241200";"HOSPITALIZACIÓN QUIRÚRGICA TRAUMATOLOGÍA Y ORTOPEDIA ";"72";"36";"249";"72";"26";"780";"0"
"2023";"06";"170101";"MADRE DE DIOS";"TAMBOPATA";"TAMBOPATA";"GOBIERNO REGIONAL";"II-1";"00002698";"HOSPITAL SANTA ROSA";"243200";"HOSPITALIZACIÓN DE PEDIATRÍA PEDIATRIA NEONATOLOGÍA";"196";"192";"316";"196";"17";"510";"0"
"2023";"06";"170101";"MADRE DE DIOS";"TAMBOPATA";"TAMBOPATA";"GOBIERNO REGIONAL";"II-1";"00002698";"HOSPITAL SANTA ROSA";"250100";"UNIDAD DE CUIDADOS CRITICOS UNIDAD  DE CUIDADOS INTENSIVOS GENERALES (UCI) ";"7";"2";"3";"7";"5";"150";"0"
"2023";"06";"170101";"MADRE DE DIOS";"TAMBOPATA";"TAMBOPATA";"GOBIERNO REGIONAL";"II-1";"00002698";"HOSPITAL SANTA ROSA";"241500";"HOSPITALIZACIÓN QUIRÚRGICA GINECOLOGÍA  ";"14";"13";"38";"14";"6";"180";"0"
"2023";"06";"170101";"MADRE DE DIOS";"TAMBOPATA";"TAMBOPATA";"GOBIERNO REGIONAL";"II-1";"00002698";"HOSPITAL SANTA ROSA";"250105";"UNIDAD DE CUIDADOS CRITICOS UNIDAD  DE CUIDADOS INTENSIVOS  (UCI) NEONATOLOGÍA";"4";"3";"8";"4";"4";"120";"0"
"2023";"06";"060703";"CAJAMARCA";"HUALGAYOC";"HUALGAYOC";"ESSALUD";"I-2";"00010270";"POSTA MEDICA DE HUALGAYOC";"NE_0001";"";"NE_0001";"NE_0001";"NE_0001";"NE_0001";"NE_0001";"NE_0001";"NE_0001"
"2023";"06";"120105";"JUNIN";"HUANCAYO";"CHACAPAMPA";"GOBIERNO REGIONAL";"I-1";"00000696";"LOS ANGELES";"NE_0002";"";"NE_0002";"NE_0002";"NE_0002";"NE_0002";"NE_0002";"NE_0002";"NE_0002"
"2023";"06";"120403";"JUNIN";"JAUJA";"APATA";"GOBIERNO REGIONAL";"I-3";"00000409";"APATA";"NE_0001";"";"NE_0001";"NE_0001";"NE_0001";"NE_0001";"NE_0001";"NE_0001";"NE_0001"
"2023";"06";"120403";"JUNIN";"JAUJA";"APATA";"GOBIERNO REGIONAL";"I-1";"00000413";"PAUCAR APATA";"NE_0001";"";"NE_0001";"NE_0001";"NE_0001";"NE_0001";"NE_0001";"NE_0001";"NE_0001"
"2023";"06";"120403";"JUNIN";"JAUJA";"APATA";"GOBIERNO REGIONAL";"I-1";"00000410";"NUEVA ESPERANZA";"NE_0001";"";"NE_0001";"NE_0001";"NE_0001";"NE_0001";"NE_0001";"NE_0001";"NE_0001"
"2023";"06";"120408";"JUNIN";"JAUJA";"HUAMALI";"GOBIERNO REGIONAL";"I-2";"00000415";"HUAMALI";"NE_0001";"";"NE_0001";"NE_0001";"NE_0001";"NE_0001";"NE_0001";"NE_0001";"NE_0001"
"2023";"06";"060812";"CAJAMARCA";"JAEN";"SANTA ROSA";"GOBIERNO REGIONAL";"I-3";"00004262";"PUENTECILLOS";"NE_0001";"";"NE_0001";"NE_0001";"NE_0001";"NE_0001";"NE_0001";"NE_0001";"NE_0001"
"2023";"06";"050701";"AYACUCHO";"PARINACOCHAS";"CORACORA";"ESSALUD";"I-2";"00011443";"CORACORA";"NE_0001";"";"NE_0001";"NE_0001";"NE_0001";"NE_0001";"NE_0001";"NE_0001";"NE_0001"
"2023";"06";"020105";"ANCASH";"HUARAZ";"INDEPENDENCIA";"PRIVADO";"II-1";"00012671";"CLINICA SAN PABLO SEDE HUARAZ";"250100";"UNIDAD DE CUIDADOS CRITICOS UNIDAD  DE CUIDADOS INTENSIVOS GENERALES (UCI) ";"6";"5";"12";"19";"5";"150";"1"
"2023";"06";"020105";"ANCASH";"HUARAZ";"INDEPENDENCIA";"PRIVADO";"II-1";"00012671";"CLINICA SAN PABLO SEDE HUARAZ";"240000";"HOSPITALIZACIÓN";"168";"175";"461";"608";"24";"720";"3"
"2023";"06";"120214";"JUNIN";"CONCEPCION";"SAN JOSE DE QUERO";"GOBIERNO REGIONAL";"I-3";"00000641";"SAN JOSE DE QUERO";"NE_0001";"";"NE_0001";"NE_0001";"NE_0001";"NE_0001";"NE_0001";"NE_0001";"NE_0001"
"2023";"06";"120214";"JUNIN";"CONCEPCION";"SAN JOSE DE QUERO";"GOBIERNO REGIONAL";"I-1";"00000644";"SANTA ROSA DE HUARMITA";"NE_0001";"";"NE_0001";"NE_0001";"NE_0001";"NE_0001";"NE_0001";"NE_0001";"NE_0001"
"2023";"06";"120214";"JUNIN";"CONCEPCION";"SAN JOSE DE QUERO";"GOBIERNO REGIONAL";"I-1";"00006738";"SULCAN";"NE_0001";"";"NE_0001";"NE_0001";"NE_0001";"NE_0001";"NE_0001";"NE_0001";"NE_0001"
"2023";"06";"120214";"JUNIN";"CONCEPCION";"SAN JOSE DE QUERO";"GOBIERNO REGIONAL";"I-1";"00000643";"SAN ROQUE DE HUARMITA";"NE_0001";"";"NE_0001";"NE_0001";"NE_0001";"NE_0001";"NE_0001";"NE_0001";"NE_0001"
"2023";"06";"120214";"JUNIN";"CONCEPCION";"SAN JOSE DE QUERO";"GOBIERNO REGIONAL";"I-2";"00000645";"USIBAMBA";"NE_0001";"";"NE_0001";"NE_0001";"NE_0001";"NE_0001";"NE_0001";"NE_0001";"NE_0001"
"2023";"06";"120214";"JUNIN";"CONCEPCION";"SAN JOSE DE QUERO";"GOBIERNO REGIONAL";"I-2";"00000642";"CHAQUICOCHA";"NE_0001";"";"NE_0001";"NE_0001";"NE_0001";"NE_0001";"NE_0001";"NE_0001";"NE_0001"
"2023";"06";"140112";"LAMBAYEQUE";"CHICLAYO";"PIMENTEL";"ESSALUD";"II-1";"00011020";"HOSPITAL II LUIS HEYSEN INCHAUSTEGUI";"250300";"UNIDAD DE CUIDADOS CRITICOS UNIDAD DE VIGILANCIA INTENSIVA  CLINICA (UVIC) ";"5";"1";"7";"92";"6";"180";"1"
"2023";"06";"140112";"LAMBAYEQUE";"CHICLAYO";"PIMENTEL";"ESSALUD";"II-1";"00011020";"HOSPITAL II LUIS HEYSEN INCHAUSTEGUI";"241900";"HOSPITALIZACIÓN DE MEDICINA MEDICINA INTERNA ";"83";"80";"848";"876";"30";"904";"4"
"2023";"06";"140112";"LAMBAYEQUE";"CHICLAYO";"PIMENTEL";"ESSALUD";"II-1";"00011020";"HOSPITAL II LUIS HEYSEN INCHAUSTEGUI";"240100";"HOSPITALIZACIÓN QUIRÚRGICA CIRUGÍA GENERAL ";"298";"308";"1393";"1125";"43";"1287";"1"
"2023";"06";"140112";"LAMBAYEQUE";"CHICLAYO";"PIMENTEL";"ESSALUD";"II-1";"00011020";"HOSPITAL II LUIS HEYSEN INCHAUSTEGUI";"241400";"HOSPITALIZACIÓN QUIRÚRGICA GINECO - OBSTETRICIA ";"361";"351";"989";"817";"38";"1139";"0"
"2023";"06";"140112";"LAMBAYEQUE";"CHICLAYO";"PIMENTEL";"ESSALUD";"II-1";"00011020";"HOSPITAL II LUIS HEYSEN INCHAUSTEGUI";"242300";"HOSPITALIZACIÓN DE PEDIATRÍA  PEDIATRÍA  GENERAL ";"144";"160";"741";"799";"31";"930";"0"
"2023";"06";"150133";"LIMA";"LIMA";"SAN JUAN DE MIRAFLORES";"PRIVADO";"II-E";"00028244";"CLINICA SAGRADA FAMILIA DEL SUR";"240000";"HOSPITALIZACIÓN";"9";"9";"12";"16";"6";"30";"0"
"2023";"06";"140106";"LAMBAYEQUE";"CHICLAYO";"LA VICTORIA";"PRIVADO";"II-E";"00010972";"HOSPITAL PRIVADO JUAN PABLO II SAC";"240000";"HOSPITALIZACIÓN";"35";"276";"901";"500";"38";"1140";"6"
"2023";"06";"040201";"AREQUIPA";"CAMANA";"CAMANA";"GOBIERNO REGIONAL";"II-1";"00001344";"HOSPITAL DE CAMANA";"240100";"HOSPITALIZACIÓN QUIRÚRGICA CIRUGÍA GENERAL ";"11";"16";"152";"214";"10";"300";"0"
"2023";"06";"040201";"AREQUIPA";"CAMANA";"CAMANA";"GOBIERNO REGIONAL";"II-1";"00001344";"HOSPITAL DE CAMANA";"241200";"HOSPITALIZACIÓN QUIRÚRGICA TRAUMATOLOGÍA Y ORTOPEDIA ";"11";"15";"150";"169";"3";"230";"0"
"2023";"06";"040201";"AREQUIPA";"CAMANA";"CAMANA";"GOBIERNO REGIONAL";"II-1";"00001344";"HOSPITAL DE CAMANA";"241500";"HOSPITALIZACIÓN QUIRÚRGICA GINECOLOGÍA  ";"84";"93";"196";"258";"13";"390";"0"
"2023";"06";"040201";"AREQUIPA";"CAMANA";"CAMANA";"GOBIERNO REGIONAL";"II-1";"00001344";"HOSPITAL DE CAMANA";"241900";"HOSPITALIZACIÓN DE MEDICINA MEDICINA INTERNA ";"18";"27";"222";"284";"16";"480";"0"
"2023";"06";"040201";"AREQUIPA";"CAMANA";"CAMANA";"GOBIERNO REGIONAL";"II-1";"00001344";"HOSPITAL DE CAMANA";"242500";"HOSPITALIZACIÓN-PEDIATRÍA GENERAL-";"13";"14";"64";"126";"16";"280";"0"
"2023";"06";"040201";"AREQUIPA";"CAMANA";"CAMANA";"GOBIERNO REGIONAL";"II-1";"00001344";"HOSPITAL DE CAMANA";"243200";"HOSPITALIZACIÓN DE PEDIATRÍA PEDIATRIA NEONATOLOGÍA";"40";"45";"98";"160";"8";"240";"0"
"2023";"06";"150101";"LIMA";"LIMA";"LIMA";"MINSA";"III-2";"00006208";"INSTITUTO NACIONAL MATERNO PERINATAL";"241400";"HOSPITALIZACIÓN QUIRÚRGICA GINECO - OBSTETRICIA ";"1173";"1095";"4366";"4966";"202";"6060";"0"
"2023";"06";"150101";"LIMA";"LIMA";"LIMA";"MINSA";"III-2";"00006208";"INSTITUTO NACIONAL MATERNO PERINATAL";"241500";"HOSPITALIZACIÓN QUIRÚRGICA GINECOLOGÍA  ";"107";"93";"406";"491";"19";"570";"0"
"2023";"06";"150101";"LIMA";"LIMA";"LIMA";"MINSA";"III-2";"00006208";"INSTITUTO NACIONAL MATERNO PERINATAL";"250102";"UNIDAD DE CUIDADOS CRITICOS UNIDAD  DE CUIDADOS INTENSIVOS GENERALES (UCI) GINECO-OBSTETRICIA";"42";"34";"213";"235";"9";"270";"0"
"2023";"06";"150101";"LIMA";"LIMA";"LIMA";"MINSA";"III-2";"00006208";"INSTITUTO NACIONAL MATERNO PERINATAL";"250105";"UNIDAD DE CUIDADOS CRITICOS UNIDAD  DE CUIDADOS INTENSIVOS  (UCI) NEONATOLOGÍA";"62";"58";"801";"876";"30";"900";"12"
"2023";"06";"150101";"LIMA";"LIMA";"LIMA";"MINSA";"III-2";"00006208";"INSTITUTO NACIONAL MATERNO PERINATAL";"243200";"HOSPITALIZACIÓN DE PEDIATRÍA PEDIATRIA NEONATOLOGÍA";"275";"264";"2266";"2546";"85";"2550";"7"
"2023";"06";"120703";"JUNIN";"TARMA";"HUARICOLCA";"GOBIERNO REGIONAL";"I-1";"00000596";"APAYCANCHILLA";"NE_0001";"";"NE_0001";"NE_0001";"NE_0001";"NE_0001";"NE_0001";"NE_0001";"NE_0001"
"2023";"06";"120703";"JUNIN";"TARMA";"HUARICOLCA";"GOBIERNO REGIONAL";"I-1";"00000568";"CONGAS ANTACUCHO";"NE_0001";"";"NE_0001";"NE_0001";"NE_0001";"NE_0001";"NE_0001";"NE_0001";"NE_0001"
"2023";"06";"021901";"ANCASH";"SIHUAS";"SIHUAS";"GOBIERNO REGIONAL";"II-1";"00001795";"HOSPITAL DE APOYO SIHUAS";"241800";"HOSPITALIZACIÓN DE MEDICINA MEDICINA GENERAL ";"29";"29";"69";"66";"11";"330";"0"
"2023";"06";"021901";"ANCASH";"SIHUAS";"SIHUAS";"GOBIERNO REGIONAL";"II-1";"00001795";"HOSPITAL DE APOYO SIHUAS";"240100";"HOSPITALIZACIÓN QUIRÚRGICA CIRUGÍA GENERAL ";"8";"9";"27";"25";"4";"120";"0"
"2023";"06";"021901";"ANCASH";"SIHUAS";"SIHUAS";"GOBIERNO REGIONAL";"II-1";"00001795";"HOSPITAL DE APOYO SIHUAS";"241500";"HOSPITALIZACIÓN QUIRÚRGICA GINECOLOGÍA  ";"22";"21";"35";"38";"4";"120";"0"
"2023";"06";"021901";"ANCASH";"SIHUAS";"SIHUAS";"GOBIERNO REGIONAL";"II-1";"00001795";"HOSPITAL DE APOYO SIHUAS";"241600";"HOSPITALIZACIÓN QUIRÚRGICA OBSTETRICIA   ";"16";"18";"48";"43";"4";"120";"0"
"2023";"06";"130901";"LA LIBERTAD";"SANCHEZ CARRION";"HUAMACHUCO";"GOBIERNO REGIONAL";"I-2";"00005351";"PUENTE PIEDRA";"NE_0001";"";"NE_0001";"NE_0001";"NE_0001";"NE_0001";"NE_0001";"NE_0001";"NE_0001"
"2023";"06";"130901";"LA LIBERTAD";"SANCHEZ CARRION";"HUAMACHUCO";"GOBIERNO REGIONAL";"I-2";"00005355";"EL PALLAR";"NE_0001";"";"NE_0001";"NE_0001";"NE_0001";"NE_0001";"NE_0001";"NE_0001";"NE_0001"
"2023";"06";"130901";"LA LIBERTAD";"SANCHEZ CARRION";"HUAMACHUCO";"GOBIERNO REGIONAL";"I-1";"00018226";"EL CAPULI";"NE_0001";"";"NE_0001";"NE_0001";"NE_0001";"NE_0001";"NE_0001";"NE_0001";"NE_0001"
"2023";"06";"130901";"LA LIBERTAD";"SANCHEZ CARRION";"HUAMACHUCO";"GOBIERNO REGIONAL";"I-1";"00029010";"PALLAR ALTO";"NE_0001";"";"NE_0001";"NE_0001";"NE_0001";"NE_0001";"NE_0001";"NE_0001";"NE_0001"
"2023";"06";"130901";"LA LIBERTAD";"SANCHEZ CARRION";"HUAMACHUCO";"GOBIERNO REGIONAL";"I-1";"00018123";"EL OLIVO";"NE_0001";"";"NE_0001";"NE_0001";"NE_0001";"NE_0001";"NE_0001";"NE_0001";"NE_0001"
"2023";"06";"220305";"SAN MARTIN";"EL DORADO";"SHATOJA";"GOBIERNO REGIONAL";"I-1";"00006493";"SHATOJA";"NE_0001";"";"NE_0001";"NE_0001";"NE_0001";"NE_0001";"NE_0001";"NE_0001";"NE_0001"
"2023";"06";"131201";"LA LIBERTAD";"VIRU";"VIRU";"GOBIERNO REGIONAL";"II-1";"00005251";"HOSPITAL PROVINCIAL DE VIRU";"241600";"HOSPITALIZACIÓN QUIRÚRGICA OBSTETRICIA   ";"40";"40";"88";"88";"7";"210";"0"
"2023";"06";"131201";"LA LIBERTAD";"VIRU";"VIRU";"GOBIERNO REGIONAL";"II-1";"00005251";"HOSPITAL PROVINCIAL DE VIRU";"242500";"HOSPITALIZACIÓN-PEDIATRÍA GENERAL-";"16";"14";"33";"33";"4";"120";"0"
"2023";"06";"131201";"LA LIBERTAD";"VIRU";"VIRU";"GOBIERNO REGIONAL";"II-1";"00005251";"HOSPITAL PROVINCIAL DE VIRU";"241800";"HOSPITALIZACIÓN DE MEDICINA MEDICINA GENERAL ";"48";"45";"138";"87";"6";"180";"0"
"2023";"06";"131201";"LA LIBERTAD";"VIRU";"VIRU";"GOBIERNO REGIONAL";"II-1";"00005251";"HOSPITAL PROVINCIAL DE VIRU";"241500";"HOSPITALIZACIÓN QUIRÚRGICA GINECOLOGÍA  ";"43";"48";"134";"90";"3";"90";"0"
"2023";"07";"081105";"CUSCO";"PAUCARTAMBO";"HUANCARANI";"GOBIERNO REGIONAL";"I-4";"00002520";"HUANCARANI";"NE_0002";"";"NE_0002";"NE_0002";"NE_0002";"NE_0002";"NE_0002";"NE_0002";"NE_0002"
"2023";"07";"081106";"CUSCO";"PAUCARTAMBO";"KOSÑIPATA";"GOBIERNO REGIONAL";"I-2";"00002522";"PATRIA";"NE_0002";"";"NE_0002";"NE_0002";"NE_0002";"NE_0002";"NE_0002";"NE_0002";"NE_0002"
"2023";"07";"081101";"CUSCO";"PAUCARTAMBO";"PAUCARTAMBO";"GOBIERNO REGIONAL";"I-2";"00002511";"MOLLOMARCA";"NE_0002";"";"NE_0002";"NE_0002";"NE_0002";"NE_0002";"NE_0002";"NE_0002";"NE_0002"
"2023";"07";"081103";"CUSCO";"PAUCARTAMBO";"CHALLABAMBA";"GOBIERNO REGIONAL";"I-3";"00002514";"CHALLABAMBA";"NE_0002";"";"NE_0002";"NE_0002";"NE_0002";"NE_0002";"NE_0002";"NE_0002";"NE_0002"
"2023";"07";"081104";"CUSCO";"PAUCARTAMBO";"COLQUEPATA";"GOBIERNO REGIONAL";"I-2";"00002516";"COLQUEPATA";"NE_0002";"";"NE_0002";"NE_0002";"NE_0002";"NE_0002";"NE_0002";"NE_0002";"NE_0002"
"2023";"07";"081104";"CUSCO";"PAUCARTAMBO";"COLQUEPATA";"GOBIERNO REGIONAL";"I-1";"00002519";"AYRE";"NE_0002";"";"NE_0002";"NE_0002";"NE_0002";"NE_0002";"NE_0002";"NE_0002";"NE_0002"
"2023";"06";"120423";"JUNIN";"JAUJA";"PACCHA";"GOBIERNO REGIONAL";"I-1";"00000371";"PACCHA MIRAFLORES";"NE_0002";"";"NE_0002";"NE_0002";"NE_0002";"NE_0002";"NE_0002";"NE_0002";"NE_0002"
"2023";"06";"120501";"JUNIN";"JUNIN";"JUNIN";"GOBIERNO REGIONAL";"II-1";"00000519";"DE APOYO JUNIN";"241800";"HOSPITALIZACIÓN DE MEDICINA MEDICINA GENERAL ";"7";"6";"22";"23";"10";"300";"0"
"2023";"06";"120501";"JUNIN";"JUNIN";"JUNIN";"GOBIERNO REGIONAL";"II-1";"00000519";"DE APOYO JUNIN";"243200";"HOSPITALIZACIÓN DE PEDIATRÍA PEDIATRIA NEONATOLOGÍA";"1";"3";"26";"24";"4";"120";"0"
"2023";"06";"120501";"JUNIN";"JUNIN";"JUNIN";"GOBIERNO REGIONAL";"II-1";"00000519";"DE APOYO JUNIN";"242500";"HOSPITALIZACIÓN-PEDIATRÍA GENERAL-";"13";"13";"45";"45";"4";"120";"0"
"2023";"06";"120501";"JUNIN";"JUNIN";"JUNIN";"GOBIERNO REGIONAL";"II-1";"00000519";"DE APOYO JUNIN";"240100";"HOSPITALIZACIÓN QUIRÚRGICA CIRUGÍA GENERAL ";"14";"15";"50";"49";"10";"300";"0"
"2023";"06";"120501";"JUNIN";"JUNIN";"JUNIN";"GOBIERNO REGIONAL";"II-1";"00000519";"DE APOYO JUNIN";"241500";"HOSPITALIZACIÓN QUIRÚRGICA GINECOLOGÍA  ";"12";"12";"31";"32";"4";"120";"0"
"2023";"06";"120501";"JUNIN";"JUNIN";"JUNIN";"GOBIERNO REGIONAL";"II-1";"00000519";"DE APOYO JUNIN";"242200";"HOSPITALIZACIÓN DE MEDICINA PSIQUIATRÍA ";"3";"1";"32";"34";"10";"300";"0"
"2023";"06";"120501";"JUNIN";"JUNIN";"JUNIN";"GOBIERNO REGIONAL";"II-1";"00000519";"DE APOYO JUNIN";"241600";"HOSPITALIZACIÓN QUIRÚRGICA OBSTETRICIA   ";"20";"21";"33";"33";"4";"120";"0"
"2023";"07";"081106";"CUSCO";"PAUCARTAMBO";"KOSÑIPATA";"GOBIERNO REGIONAL";"I-3";"00002521";"PILCOPATA";"NE_0002";"";"NE_0002";"NE_0002";"NE_0002";"NE_0002";"NE_0002";"NE_0002";"NE_0002"
"2023";"07";"081104";"CUSCO";"PAUCARTAMBO";"COLQUEPATA";"GOBIERNO REGIONAL";"I-2";"00002518";"VIZCOCHONI";"NE_0002";"";"NE_0002";"NE_0002";"NE_0002";"NE_0002";"NE_0002";"NE_0002";"NE_0002"
"2023";"07";"081102";"CUSCO";"PAUCARTAMBO";"CAICAY";"GOBIERNO REGIONAL";"I-1";"00002513";"HUASAC";"NE_0002";"";"NE_0002";"NE_0002";"NE_0002";"NE_0002";"NE_0002";"NE_0002";"NE_0002"
"2023";"07";"020801";"ANCASH";"CASMA";"CASMA";"GOBIERNO REGIONAL";"II-1";"00001719";"HOSPITAL DE APOYO CASMA";"241800";"HOSPITALIZACIÓN DE MEDICINA MEDICINA GENERAL ";"86";"81";"303";"296";"5";"155";"1"
"2023";"07";"020801";"ANCASH";"CASMA";"CASMA";"GOBIERNO REGIONAL";"II-1";"00001719";"HOSPITAL DE APOYO CASMA";"240100";"HOSPITALIZACIÓN QUIRÚRGICA CIRUGÍA GENERAL ";"30";"25";"160";"150";"5";"155";"0"
"2023";"07";"020801";"ANCASH";"CASMA";"CASMA";"GOBIERNO REGIONAL";"II-1";"00001719";"HOSPITAL DE APOYO CASMA";"242300";"HOSPITALIZACIÓN DE PEDIATRÍA  PEDIATRÍA  GENERAL ";"37";"39";"133";"128";"10";"310";"1"
"2023";"07";"020801";"ANCASH";"CASMA";"CASMA";"GOBIERNO REGIONAL";"II-1";"00001719";"HOSPITAL DE APOYO CASMA";"241600";"HOSPITALIZACIÓN QUIRÚRGICA OBSTETRICIA   ";"32";"33";"45";"42";"9";"279";"0"
"2023";"07";"020801";"ANCASH";"CASMA";"CASMA";"GOBIERNO REGIONAL";"II-1";"00001719";"HOSPITAL DE APOYO CASMA";"241500";"HOSPITALIZACIÓN QUIRÚRGICA GINECOLOGÍA  ";"49";"47";"105";"114";"6";"186";"0"
"2023";"07";"120214";"JUNIN";"CONCEPCION";"SAN JOSE DE QUERO";"GOBIERNO REGIONAL";"I-3";"00000641";"SAN JOSE DE QUERO";"NE_0001";"";"NE_0001";"NE_0001";"NE_0001";"NE_0001";"NE_0001";"NE_0001";"NE_0001"
"2023";"05";"110113";"ICA";"ICA";"TATE";"GOBIERNO REGIONAL";"I-3";"00003371";"TATE";"NE_0001";"";"NE_0001";"NE_0001";"NE_0001";"NE_0001";"NE_0001";"NE_0001";"NE_0001"
"2023";"05";"110107";"ICA";"ICA";"PUEBLO NUEVO";"GOBIERNO REGIONAL";"I-1";"00003403";"CALLEJON LOS ESPINOS";"NE_0001";"";"NE_0001";"NE_0001";"NE_0001";"NE_0001";"NE_0001";"NE_0001";"NE_0001"
"2023";"05";"110113";"ICA";"ICA";"TATE";"GOBIERNO REGIONAL";"I-1";"00003405";"PUNO";"NE_0001";"";"NE_0001";"NE_0001";"NE_0001";"NE_0001";"NE_0001";"NE_0001";"NE_0001"
"2023";"05";"110107";"ICA";"ICA";"PUEBLO NUEVO";"GOBIERNO REGIONAL";"I-1";"00003401";"SAN RAFAEL";"NE_0001";"";"NE_0001";"NE_0001";"NE_0001";"NE_0001";"NE_0001";"NE_0001";"NE_0001"
"2023";"05";"130704";"LA LIBERTAD";"PACASMAYO";"PACASMAYO";"ESSALUD";"I-4";"00008514";"HOSPITAL I PACASMAYO";"241900";"HOSPITALIZACIÓN DE MEDICINA MEDICINA INTERNA ";"58";"54";"253";"301";"12";"372";"0"
"2023";"05";"120302";"JUNIN";"CHANCHAMAYO";"PERENE";"GOBIERNO REGIONAL";"I-2";"00000324";"LOS ANGELES DE UBIRIKI";"NE_0001";"";"NE_0001";"NE_0001";"NE_0001";"NE_0001";"NE_0001";"NE_0001";"NE_0001"
"2023";"05";"120302";"JUNIN";"CHANCHAMAYO";"PERENE";"GOBIERNO REGIONAL";"I-1";"00000327";"ALTO PUMPURIANI";"NE_0001";"";"NE_0001";"NE_0001";"NE_0001";"NE_0001";"NE_0001";"NE_0001";"NE_0001"
"2023";"05";"120302";"JUNIN";"CHANCHAMAYO";"PERENE";"GOBIERNO REGIONAL";"I-3";"00000320";"PUERTO YURINAKI";"NE_0001";"";"NE_0001";"NE_0001";"NE_0001";"NE_0001";"NE_0001";"NE_0001";"NE_0001"
"2023";"05";"120302";"JUNIN";"CHANCHAMAYO";"PERENE";"GOBIERNO REGIONAL";"I-2";"00000325";"CENTRO POBLADO MENOR LA FLORIDA";"NE_0001";"";"NE_0001";"NE_0001";"NE_0001";"NE_0001";"NE_0001";"NE_0001";"NE_0001"
"2023";"05";"120302";"JUNIN";"CHANCHAMAYO";"PERENE";"GOBIERNO REGIONAL";"I-2";"00000319";"BAJO MARANKIARI";"NE_0001";"";"NE_0001";"NE_0001";"NE_0001";"NE_0001";"NE_0001";"NE_0001";"NE_0001"
"2023";"05";"120302";"JUNIN";"CHANCHAMAYO";"PERENE";"GOBIERNO REGIONAL";"I-1";"00000326";"SANTA ROSA DE RIO AMARILLO";"NE_0001";"";"NE_0001";"NE_0001";"NE_0001";"NE_0001";"NE_0001";"NE_0001";"NE_0001"
"2023";"05";"120302";"JUNIN";"CHANCHAMAYO";"PERENE";"GOBIERNO REGIONAL";"I-1";"00006737";"JOSE OLAYA";"NE_0001";"";"NE_0001";"NE_0001";"NE_0001";"NE_0001";"NE_0001";"NE_0001";"NE_0001"
"2023";"05";"120302";"JUNIN";"CHANCHAMAYO";"PERENE";"GOBIERNO REGIONAL";"I-1";"00007362";"UNION PUCUSANI";"NE_0001";"";"NE_0001";"NE_0001";"NE_0001";"NE_0001";"NE_0001";"NE_0001";"NE_0001"
"2023";"05";"120302";"JUNIN";"CHANCHAMAYO";"PERENE";"GOBIERNO REGIONAL";"I-1";"00014384";"JOSE GALVEZ";"NE_0001";"";"NE_0001";"NE_0001";"NE_0001";"NE_0001";"NE_0001";"NE_0001";"NE_0001"
"2023";"05";"120301";"JUNIN";"CHANCHAMAYO";"CHANCHAMAYO";"GOBIERNO REGIONAL";"I-1";"00000310";"VILLA DORADA";"NE_0001";"";"NE_0001";"NE_0001";"NE_0001";"NE_0001";"NE_0001";"NE_0001";"NE_0001"
"2023";"05";"120302";"JUNIN";"CHANCHAMAYO";"PERENE";"GOBIERNO REGIONAL";"I-1";"00000334";"SANTA ROSA DE CAMONASHARI";"NE_0001";"";"NE_0001";"NE_0001";"NE_0001";"NE_0001";"NE_0001";"NE_0001";"NE_0001"
"2023";"05";"150111";"LIMA";"LIMA";"EL AGUSTINO";"MINSA";"III-1";"00005946";"HOSPITAL NACIONAL HIPOLITO UNANUE";"240100";"HOSPITALIZACIÓN QUIRÚRGICA CIRUGÍA GENERAL ";"236";"234";"2247";"1644";"65";"2015";"6"
"2023";"05";"150111";"LIMA";"LIMA";"EL AGUSTINO";"MINSA";"III-1";"00005946";"HOSPITAL NACIONAL HIPOLITO UNANUE";"242500";"HOSPITALIZACIÓN-PEDIATRÍA GENERAL-";"84";"82";"718";"725";"34";"1054";"2"
"2023";"05";"150111";"LIMA";"LIMA";"EL AGUSTINO";"MINSA";"III-1";"00005946";"HOSPITAL NACIONAL HIPOLITO UNANUE";"243200";"HOSPITALIZACIÓN DE PEDIATRÍA PEDIATRIA NEONATOLOGÍA";"104";"91";"847";"870";"50";"1550";"2"
"2023";"05";"150111";"LIMA";"LIMA";"EL AGUSTINO";"MINSA";"III-1";"00005946";"HOSPITAL NACIONAL HIPOLITO UNANUE";"241600";"HOSPITALIZACIÓN QUIRÚRGICA OBSTETRICIA   ";"358";"403";"905";"649";"47";"1457";"0"
"2023";"05";"150111";"LIMA";"LIMA";"EL AGUSTINO";"MINSA";"III-1";"00005946";"HOSPITAL NACIONAL HIPOLITO UNANUE";"240300";"HOSPITALIZACIÓN QUIRÚRGICA CIRUGÍA DIGESTIVA ";"81";"49";"354";"607";"25";"775";"1"
"2023";"05";"150111";"LIMA";"LIMA";"EL AGUSTINO";"MINSA";"III-1";"00005946";"HOSPITAL NACIONAL HIPOLITO UNANUE";"241800";"HOSPITALIZACIÓN DE MEDICINA MEDICINA GENERAL ";"233";"239";"2502";"2461";"88";"2728";"29"
"2023";"05";"150111";"LIMA";"LIMA";"EL AGUSTINO";"MINSA";"III-1";"00005946";"HOSPITAL NACIONAL HIPOLITO UNANUE";"240400";"HOSPITALIZACIÓN QUIRÚRGICA CIRUGÍA DE TÓRAX Y CARDIOVASCULAR ";"133";"139";"2937";"2911";"128";"3968";"11"
"2023";"05";"150111";"LIMA";"LIMA";"EL AGUSTINO";"MINSA";"III-1";"00005946";"HOSPITAL NACIONAL HIPOLITO UNANUE";"240900";"HOSPITALIZACIÓN QUIRÚRGICA NEUROCIRUGÍA ";"17";"23";"410";"384";"15";"465";"2"
"2023";"05";"150111";"LIMA";"LIMA";"EL AGUSTINO";"MINSA";"III-1";"00005946";"HOSPITAL NACIONAL HIPOLITO UNANUE";"241500";"HOSPITALIZACIÓN QUIRÚRGICA GINECOLOGÍA  ";"196";"102";"380";"782";"44";"1364";"0"
"2023";"05";"150111";"LIMA";"LIMA";"EL AGUSTINO";"MINSA";"III-1";"00005946";"HOSPITAL NACIONAL HIPOLITO UNANUE";"242000";"HOSPITALIZACIÓN DE MEDICINA MEDICINA TROPICAL E INFECCIOSAS ";"50";"47";"369";"468";"18";"558";"1"
"2023";"05";"150111";"LIMA";"LIMA";"EL AGUSTINO";"MINSA";"III-1";"00005946";"HOSPITAL NACIONAL HIPOLITO UNANUE";"240200";"HOSPITALIZACIÓN QUIRÚRGICA CIRUGÍA DE CABEZA Y CUELLO / MÁXILO FACIAL ";"30";"28";"299";"312";"11";"341";"0"
"2023";"05";"150111";"LIMA";"LIMA";"EL AGUSTINO";"MINSA";"III-1";"00005946";"HOSPITAL NACIONAL HIPOLITO UNANUE";"241300";"HOSPITALIZACIÓN QUIRÚRGICA UROLOGÍA  ";"29";"25";"266";"272";"10";"310";"0"
"2023";"05";"150111";"LIMA";"LIMA";"EL AGUSTINO";"MINSA";"III-1";"00005946";"HOSPITAL NACIONAL HIPOLITO UNANUE";"241200";"HOSPITALIZACIÓN QUIRÚRGICA TRAUMATOLOGÍA Y ORTOPEDIA ";"52";"60";"853";"886";"30";"930";"0"
"2023";"05";"150111";"LIMA";"LIMA";"EL AGUSTINO";"MINSA";"III-1";"00005946";"HOSPITAL NACIONAL HIPOLITO UNANUE";"240800";"HOSPITALIZACIÓN QUIRÚRGICA CIRUGÍA PLÁSTICA/RECONSTRUCTIVA/ REPARADORA ";"9";"13";"345";"366";"13";"403";"0"
"2023";"05";"150111";"LIMA";"LIMA";"EL AGUSTINO";"MINSA";"III-1";"00005946";"HOSPITAL NACIONAL HIPOLITO UNANUE";"240700";"HOSPITALIZACIÓN QUIRÚRGICA CIRUGÍA PEDIÁTRICA ";"29";"31";"158";"193";"10";"310";"0"
"2023";"05";"150111";"LIMA";"LIMA";"EL AGUSTINO";"MINSA";"III-1";"00005946";"HOSPITAL NACIONAL HIPOLITO UNANUE";"242200";"HOSPITALIZACIÓN DE MEDICINA PSIQUIATRÍA ";"5";"7";"24";"28";"4";"124";"0"
"2023";"05";"150111";"LIMA";"LIMA";"EL AGUSTINO";"MINSA";"III-1";"00005946";"HOSPITAL NACIONAL HIPOLITO UNANUE";"240600";"HOSPITALIZACIÓN QUIRÚRGICA CIRUGÍA OFTALMOLÓGICA ";"3";"5";"48";"16";"1";"31";"0"
"2023";"05";"150111";"LIMA";"LIMA";"EL AGUSTINO";"MINSA";"III-1";"00005946";"HOSPITAL NACIONAL HIPOLITO UNANUE";"250100";"UNIDAD DE CUIDADOS CRITICOS UNIDAD  DE CUIDADOS INTENSIVOS GENERALES (UCI) ";"24";"10";"181";"420";"16";"496";"9"
"2023";"05";"150111";"LIMA";"LIMA";"EL AGUSTINO";"MINSA";"III-1";"00005946";"HOSPITAL NACIONAL HIPOLITO UNANUE";"241100";"HOSPITALIZACIÓN QUIRÚRGICA OTORRINOLARINGOLOGÍA  ";"21";"18";"70";"79";"3";"93";"0"
"2023";"05";"130701";"LA LIBERTAD";"PACASMAYO";"SAN PEDRO DE LLOC";"ESSALUD";"I-2";"00012097";"POSTA DE SALUD SAN PEDRO DE LLOC";"NE_0001";"";"NE_0001";"NE_0001";"NE_0001";"NE_0001";"NE_0001";"NE_0001";"NE_0001"
"2023";"05";"180303";"MOQUEGUA";"ILO";"PACOCHA";"PRIVADO";"II-1";"00017563";"HOSPITAL SPCC - ILO";"240100";"HOSPITALIZACIÓN QUIRÚRGICA CIRUGÍA GENERAL ";"18";"16";"46";"79";"12";"372";"0"
"2023";"05";"180303";"MOQUEGUA";"ILO";"PACOCHA";"PRIVADO";"II-1";"00017563";"HOSPITAL SPCC - ILO";"241400";"HOSPITALIZACIÓN QUIRÚRGICA GINECO - OBSTETRICIA ";"5";"3";"9";"23";"2";"62";"0"
"2023";"05";"180303";"MOQUEGUA";"ILO";"PACOCHA";"PRIVADO";"II-1";"00017563";"HOSPITAL SPCC - ILO";"241800";"HOSPITALIZACIÓN DE MEDICINA MEDICINA GENERAL ";"12";"9";"43";"62";"14";"434";"0"
"2023";"05";"180303";"MOQUEGUA";"ILO";"PACOCHA";"PRIVADO";"II-1";"00017563";"HOSPITAL SPCC - ILO";"242500";"HOSPITALIZACIÓN-PEDIATRÍA GENERAL-";"2";"2";"5";"7";"3";"93";"0"
"2023";"05";"150101";"LIMA";"LIMA";"LIMA";"ESSALUD";"I-3";"00008880";"CENTRO MEDICO ANCIJE";"NE_0001";"";"NE_0001";"NE_0001";"NE_0001";"NE_0001";"NE_0001";"NE_0001";"NE_0001"
"2023";"05";"230302";"TACNA";"JORGE BASADRE";"ILABAYA";"PRIVADO";"I-4";"00018230";"HOSPITAL TOQUEPALA";"240100";"HOSPITALIZACIÓN QUIRÚRGICA CIRUGÍA GENERAL ";"4";"4";"60";"214";"12";"372";"0"
"2023";"05";"230302";"TACNA";"JORGE BASADRE";"ILABAYA";"PRIVADO";"I-4";"00018230";"HOSPITAL TOQUEPALA";"241400";"HOSPITALIZACIÓN QUIRÚRGICA GINECO - OBSTETRICIA ";"1";"0";"0";"33";"2";"62";"0"
"2023";"05";"230302";"TACNA";"JORGE BASADRE";"ILABAYA";"PRIVADO";"I-4";"00018230";"HOSPITAL TOQUEPALA";"241800";"HOSPITALIZACIÓN DE MEDICINA MEDICINA GENERAL ";"10";"5";"17";"175";"14";"434";"0"
"2023";"05";"230302";"TACNA";"JORGE BASADRE";"ILABAYA";"PRIVADO";"I-4";"00018230";"HOSPITAL TOQUEPALA";"242500";"HOSPITALIZACIÓN-PEDIATRÍA GENERAL-";"1";"1";"2";"3";"3";"93";"0"
"2023";"05";"060301";"CAJAMARCA";"CELENDIN";"CELENDIN";"ESSALUD";"I-3";"00010269";"CENTRO MEDICO ESSALUD CELENDIN";"NE_0001";"";"NE_0001";"NE_0001";"NE_0001";"NE_0001";"NE_0001";"NE_0001";"NE_0001"
"2023";"05";"180106";"MOQUEGUA";"MARISCAL NIETO";"TORATA";"PRIVADO";"II-1";"00017393";"HOSPITAL CUAJONE DE LA SOUTHERN PERU";"240100";"HOSPITALIZACIÓN QUIRÚRGICA CIRUGÍA GENERAL ";"23";"19";"65";"91";"14";"434";"0"
"2023";"05";"180106";"MOQUEGUA";"MARISCAL NIETO";"TORATA";"PRIVADO";"II-1";"00017393";"HOSPITAL CUAJONE DE LA SOUTHERN PERU";"241400";"HOSPITALIZACIÓN QUIRÚRGICA GINECO - OBSTETRICIA ";"3";"3";"14";"17";"3";"93";"0"
"2023";"05";"180106";"MOQUEGUA";"MARISCAL NIETO";"TORATA";"PRIVADO";"II-1";"00017393";"HOSPITAL CUAJONE DE LA SOUTHERN PERU";"241800";"HOSPITALIZACIÓN DE MEDICINA MEDICINA GENERAL ";"30";"25";"63";"102";"16";"496";"0"
"2023";"05";"180106";"MOQUEGUA";"MARISCAL NIETO";"TORATA";"PRIVADO";"II-1";"00017393";"HOSPITAL CUAJONE DE LA SOUTHERN PERU";"242500";"HOSPITALIZACIÓN-PEDIATRÍA GENERAL-";"1";"1";"2";"1";"17";"527";"0"
"2023";"05";"060101";"CAJAMARCA";"CAJAMARCA";"CAJAMARCA";"PRIVADO";"0";"00029780";"LABORATORIO EL INGENIO";"NE_0001";"";"NE_0001";"NE_0001";"NE_0001";"NE_0001";"NE_0001";"NE_0001";"NE_0001"
"2023";"05";"100105";"HUANUCO";"HUANUCO";"MARGOS";"GOBIERNO REGIONAL";"I-3";"00000797";"MARGOS";"NE_0001";"";"NE_0001";"NE_0001";"NE_0001";"NE_0001";"NE_0001";"NE_0001";"NE_0001"
"2023";"05";"100105";"HUANUCO";"HUANUCO";"MARGOS";"GOBIERNO REGIONAL";"I-1";"00000798";"JESUS DE NAZARETH DE COCHAS";"NE_0001";"";"NE_0001";"NE_0001";"NE_0001";"NE_0001";"NE_0001";"NE_0001";"NE_0001"
"2023";"05";"100105";"HUANUCO";"HUANUCO";"MARGOS";"GOBIERNO REGIONAL";"I-1";"00000799";"SAN FRANCISCO DE LLAMAPASHILLUM";"NE_0001";"";"NE_0001";"NE_0001";"NE_0001";"NE_0001";"NE_0001";"NE_0001";"NE_0001"
"2023";"05";"100105";"HUANUCO";"HUANUCO";"MARGOS";"GOBIERNO REGIONAL";"I-1";"00000800";"PACAYHUA";"NE_0001";"";"NE_0001";"NE_0001";"NE_0001";"NE_0001";"NE_0001";"NE_0001";"NE_0001"
"2023";"05";"190104";"PASCO";"PASCO";"HUAYLLAY";"ESSALUD";"I-3";"00009751";"CENTRO MEDICO  HUAYLLAY";"NE_0001";"";"NE_0001";"NE_0001";"NE_0001";"NE_0001";"NE_0001";"NE_0001";"NE_0001"
"2023";"05";"050116";"AYACUCHO";"HUAMANGA";"ANDRES AVELINO CACERES D.";"GOBIERNO REGIONAL";"I-3";"00003603";"CENTRO DE SALUD CONCHOPATA";"241600";"HOSPITALIZACIÓN QUIRÚRGICA OBSTETRICIA   ";"1";"1";"2";"2";"2";"3";"0"
"2023";"05";"050116";"AYACUCHO";"HUAMANGA";"ANDRES AVELINO CACERES D.";"GOBIERNO REGIONAL";"I-1";"00011362";"PUESTO DE SALUD YANAMILLA";"NE_0001";"";"NE_0001";"NE_0001";"NE_0001";"NE_0001";"NE_0001";"NE_0001";"NE_0001"
"2023";"05";"050116";"AYACUCHO";"HUAMANGA";"ANDRES AVELINO CACERES D.";"GOBIERNO REGIONAL";"I-3";"00003602";"CENTRO DE SALUD SANTA ELENA";"241600";"HOSPITALIZACIÓN QUIRÚRGICA OBSTETRICIA   ";"12";"12";"24";"2";"4";"6";"0"
"2023";"05";"050113";"AYACUCHO";"HUAMANGA";"TAMBILLO";"GOBIERNO REGIONAL";"I-1";"00003604";"PUESTO DE SALUD HUAYHUACONDO";"NE_0001";"";"NE_0001";"NE_0001";"NE_0001";"NE_0001";"NE_0001";"NE_0001";"NE_0001"
"2023";"05";"050113";"AYACUCHO";"HUAMANGA";"TAMBILLO";"GOBIERNO REGIONAL";"I-2";"00003549";"TAMBILLO";"NE_0001";"";"NE_0001";"NE_0001";"NE_0001";"NE_0001";"NE_0001";"NE_0001";"NE_0001"
"2023";"05";"060101";"CAJAMARCA";"CAJAMARCA";"CAJAMARCA";"GOBIERNO REGIONAL";"I-1";"00004656";"ATAHUALPA";"NE_0001";"";"NE_0001";"NE_0001";"NE_0001";"NE_0001";"NE_0001";"NE_0001";"NE_0001"
"2023";"05";"060101";"CAJAMARCA";"CAJAMARCA";"CAJAMARCA";"GOBIERNO REGIONAL";"I-1";"00004651";"CHAMIS";"NE_0002";"";"NE_0002";"NE_0002";"NE_0002";"NE_0002";"NE_0002";"NE_0002";"NE_0002"
"2023";"05";"060101";"CAJAMARCA";"CAJAMARCA";"CAJAMARCA";"GOBIERNO REGIONAL";"I-3";"00004657";"PACHACUTEC";"NE_0002";"";"NE_0002";"NE_0002";"NE_0002";"NE_0002";"NE_0002";"NE_0002";"NE_0002"
"2023";"05";"060103";"CAJAMARCA";"CAJAMARCA";"CHETILLA";"GOBIERNO REGIONAL";"I-2";"00004653";"CHETILLA";"NE_0001";"";"NE_0001";"NE_0001";"NE_0001";"NE_0001";"NE_0001";"NE_0001";"NE_0001"
"2023";"05";"060101";"CAJAMARCA";"CAJAMARCA";"CAJAMARCA";"GOBIERNO REGIONAL";"I-2";"00015496";"CHONTAPACCHA";"NE_0002";"";"NE_0002";"NE_0002";"NE_0002";"NE_0002";"NE_0002";"NE_0002";"NE_0002"
"2023";"05";"060101";"CAJAMARCA";"CAJAMARCA";"CAJAMARCA";"GOBIERNO REGIONAL";"I-1";"00004654";"SAMANACRUZ";"NE_0001";"";"NE_0001";"NE_0001";"NE_0001";"NE_0001";"NE_0001";"NE_0001";"NE_0001"
"2023";"05";"060101";"CAJAMARCA";"CAJAMARCA";"CAJAMARCA";"GOBIERNO REGIONAL";"I-1";"00004652";"LUCMACUCHO";"NE_0001";"";"NE_0001";"NE_0001";"NE_0001";"NE_0001";"NE_0001";"NE_0001";"NE_0001"
"2023";"05";"060109";"CAJAMARCA";"CAJAMARCA";"MAGDALENA";"GOBIERNO REGIONAL";"I-1";"00016886";"SAN CRISTOBAL";"NE_0001";"";"NE_0001";"NE_0001";"NE_0001";"NE_0001";"NE_0001";"NE_0001";"NE_0001"
"2023";"05";"060109";"CAJAMARCA";"CAJAMARCA";"MAGDALENA";"GOBIERNO REGIONAL";"I-1";"00004631";"CUMBICO";"NE_0002";"";"NE_0002";"NE_0002";"NE_0002";"NE_0002";"NE_0002";"NE_0002";"NE_0002"
"2023";"05";"230302";"TACNA";"JORGE BASADRE";"ILABAYA";"ESSALUD";"I-2";"00010191";"CENTRO DE ATENCION PRIMARIA I   ILABAYA";"NE_0001";"";"NE_0001";"NE_0001";"NE_0001";"NE_0001";"NE_0001";"NE_0001";"NE_0001"
"2023";"06";"061103";"CAJAMARCA";"SAN MIGUEL";"CALQUIS";"GOBIERNO REGIONAL";"I-1";"00004570";"TAULIS";"NE_0001";"";"NE_0001";"NE_0001";"NE_0001";"NE_0001";"NE_0001";"NE_0001";"NE_0001"
"2023";"06";"061101";"CAJAMARCA";"SAN MIGUEL";"SAN MIGUEL";"GOBIERNO REGIONAL";"I-1";"00004572";"SANTA ROSA";"NE_0001";"";"NE_0001";"NE_0001";"NE_0001";"NE_0001";"NE_0001";"NE_0001";"NE_0001"
"2023";"06";"061101";"CAJAMARCA";"SAN MIGUEL";"SAN MIGUEL";"GOBIERNO REGIONAL";"I-1";"00004574";"TAYAPAMPA";"NE_0001";"";"NE_0001";"NE_0001";"NE_0001";"NE_0001";"NE_0001";"NE_0001";"NE_0001"
"2023";"06";"061101";"CAJAMARCA";"SAN MIGUEL";"SAN MIGUEL";"GOBIERNO REGIONAL";"I-1";"00008996";"CHUAD";"NE_0001";"";"NE_0001";"NE_0001";"NE_0001";"NE_0001";"NE_0001";"NE_0001";"NE_0001"
"2023";"06";"061113";"CAJAMARCA";"SAN MIGUEL";"UNION AGUA BLANCA";"GOBIERNO REGIONAL";"I-2";"00004546";"UNION AGUA BLANCA";"NE_0001";"";"NE_0001";"NE_0001";"NE_0001";"NE_0001";"NE_0001";"NE_0001";"NE_0001"
"2023";"06";"061101";"CAJAMARCA";"SAN MIGUEL";"SAN MIGUEL";"GOBIERNO REGIONAL";"I-1";"00004571";"NITISUYO ALTO";"NE_0001";"";"NE_0001";"NE_0001";"NE_0001";"NE_0001";"NE_0001";"NE_0001";"NE_0001"
"2023";"06";"061105";"CAJAMARCA";"SAN MIGUEL";"EL PRADO";"GOBIERNO REGIONAL";"I-2";"00004575";"EL PRADO";"NE_0001";"";"NE_0001";"NE_0001";"NE_0001";"NE_0001";"NE_0001";"NE_0001";"NE_0001"
"2023";"06";"061101";"CAJAMARCA";"SAN MIGUEL";"SAN MIGUEL";"GOBIERNO REGIONAL";"I-1";"00019285";"CHIAPON";"NE_0001";"";"NE_0001";"NE_0001";"NE_0001";"NE_0001";"NE_0001";"NE_0001";"NE_0001"
"2023";"06";"061105";"CAJAMARCA";"SAN MIGUEL";"EL PRADO";"GOBIERNO REGIONAL";"I-2";"00004573";"LAMASPAMPA";"NE_0001";"";"NE_0001";"NE_0001";"NE_0001";"NE_0001";"NE_0001";"NE_0001";"NE_0001"
"2023";"06";"061105";"CAJAMARCA";"SAN MIGUEL";"EL PRADO";"GOBIERNO REGIONAL";"I-1";"00008995";"LAS PENCAS";"NE_0001";"";"NE_0001";"NE_0001";"NE_0001";"NE_0001";"NE_0001";"NE_0001";"NE_0001"
"2023";"05";"150120";"LIMA";"LIMA";"MAGDALENA DEL MAR";"PRIVADO";"II-E";"00023022";"CLINICA AVANSALUD";"240000";"HOSPITALIZACIÓN";"58";"55";"102";"52";"4";"341";"0"
"2023";"05";"100506";"HUANUCO";"HUAMALIES";"MIRAFLORES";"GOBIERNO REGIONAL";"I-2";"00000895";"MIRAFLORES";"NE_0001";"";"NE_0001";"NE_0001";"NE_0001";"NE_0001";"NE_0001";"NE_0001";"NE_0001"
"2023";"06";"180301";"MOQUEGUA";"ILO";"ILO";"SANIDAD DE LA POLICIA NACIONAL DEL PERU";"I-2";"00025870";"POSTA MEDICA POLICIAL ILO";"NE_0001";"";"NE_0001";"NE_0001";"NE_0001";"NE_0001";"NE_0001";"NE_0001";"NE_0001"
"2023";"06";"070101";"CALLAO";"CALLAO";"CALLAO";"GOBIERNO REGIONAL";"I-4";"00006228";"CENTRO DE SALUD NESTOR GAMBETTA";"241400";"HOSPITALIZACIÓN QUIRÚRGICA GINECO - OBSTETRICIA ";"10";"9";"9";"90";"12";"360";"0"
"2023";"06";"070101";"CALLAO";"CALLAO";"CALLAO";"GOBIERNO REGIONAL";"I-2";"00006231";"PUESTO DE SALUD RAMON CASTILLA";"NE_0001";"";"NE_0001";"NE_0001";"NE_0001";"NE_0001";"NE_0001";"NE_0001";"NE_0001"
"2023";"06";"021201";"ANCASH";"HUAYLAS";"CARAZ";"GOBIERNO REGIONAL";"II-1";"00001587";"HOSPITAL DE APOYO CARAZ";"241600";"HOSPITALIZACIÓN QUIRÚRGICA OBSTETRICIA   ";"48";"47";"74";"76";"6";"180";"0"
"2023";"06";"021201";"ANCASH";"HUAYLAS";"CARAZ";"GOBIERNO REGIONAL";"II-1";"00001587";"HOSPITAL DE APOYO CARAZ";"241800";"HOSPITALIZACIÓN DE MEDICINA MEDICINA GENERAL ";"36";"38";"165";"119";"16";"480";"5"
"2023";"06";"021201";"ANCASH";"HUAYLAS";"CARAZ";"GOBIERNO REGIONAL";"II-1";"00001587";"HOSPITAL DE APOYO CARAZ";"241500";"HOSPITALIZACIÓN QUIRÚRGICA GINECOLOGÍA  ";"55";"55";"116";"119";"6";"180";"0"
"2023";"06";"021201";"ANCASH";"HUAYLAS";"CARAZ";"GOBIERNO REGIONAL";"II-1";"00001587";"HOSPITAL DE APOYO CARAZ";"240100";"HOSPITALIZACIÓN QUIRÚRGICA CIRUGÍA GENERAL ";"30";"29";"95";"98";"6";"180";"0"
"2023";"06";"021201";"ANCASH";"HUAYLAS";"CARAZ";"GOBIERNO REGIONAL";"II-1";"00001587";"HOSPITAL DE APOYO CARAZ";"242500";"HOSPITALIZACIÓN-PEDIATRÍA GENERAL-";"18";"19";"61";"58";"9";"270";"1"
"2023";"06";"080901";"CUSCO";"LA CONVENCION";"SANTA ANA";"GOBIERNO REGIONAL";"II-1";"00002421";"QUILLABAMBA";"240100";"HOSPITALIZACIÓN QUIRÚRGICA CIRUGÍA GENERAL ";"88";"100";"746";"609";"30";"900";"0"
"2023";"06";"080901";"CUSCO";"LA CONVENCION";"SANTA ANA";"GOBIERNO REGIONAL";"II-1";"00002421";"QUILLABAMBA";"241400";"HOSPITALIZACIÓN QUIRÚRGICA GINECO - OBSTETRICIA ";"140";"147";"330";"313";"31";"930";"0"
"2023";"06";"080901";"CUSCO";"LA CONVENCION";"SANTA ANA";"GOBIERNO REGIONAL";"II-1";"00002421";"QUILLABAMBA";"241800";"HOSPITALIZACIÓN DE MEDICINA MEDICINA GENERAL ";"89";"89";"389";"401";"32";"960";"4"
"2023";"06";"080901";"CUSCO";"LA CONVENCION";"SANTA ANA";"GOBIERNO REGIONAL";"II-1";"00002421";"QUILLABAMBA";"242500";"HOSPITALIZACIÓN-PEDIATRÍA GENERAL-";"55";"56";"202";"231";"25";"750";"0"
"2023";"06";"080901";"CUSCO";"LA CONVENCION";"SANTA ANA";"GOBIERNO REGIONAL";"II-1";"00002421";"QUILLABAMBA";"242200";"HOSPITALIZACIÓN DE MEDICINA PSIQUIATRÍA ";"8";"8";"158";"204";"10";"300";"0"
"2023";"06";"150113";"LIMA";"LIMA";"JESUS MARIA";"PRIVADO";"II-1";"00010776";"TRAUMATOLOGIA Y ORTOPEDIA AYBAR & AS SAC";"NE_0002";"";"NE_0002";"NE_0002";"NE_0002";"NE_0002";"NE_0002";"NE_0002";"NE_0002"
"2023";"06";"060612";"CAJAMARCA";"CUTERVO";"SANTO DOMINGO DE LA CAPILLA";"GOBIERNO REGIONAL";"I-1";"00007370";"CEDROPAMPA";"NE_0001";"";"NE_0001";"NE_0001";"NE_0001";"NE_0001";"NE_0001";"NE_0001";"NE_0001"
"2023";"06";"060612";"CAJAMARCA";"CUTERVO";"SANTO DOMINGO DE LA CAPILLA";"GOBIERNO REGIONAL";"I-1";"00005005";"SANTA ROSA DE LA CAPILLA";"NE_0001";"";"NE_0001";"NE_0001";"NE_0001";"NE_0001";"NE_0001";"NE_0001";"NE_0001"
"2023";"06";"060612";"CAJAMARCA";"CUTERVO";"SANTO DOMINGO DE LA CAPILLA";"GOBIERNO REGIONAL";"I-1";"00006862";"PALO QUEMADO";"NE_0001";"";"NE_0001";"NE_0001";"NE_0001";"NE_0001";"NE_0001";"NE_0001";"NE_0001"
"2023";"06";"060612";"CAJAMARCA";"CUTERVO";"SANTO DOMINGO DE LA CAPILLA";"GOBIERNO REGIONAL";"I-1";"00006958";"PLAYA HERMOZA";"NE_0001";"";"NE_0001";"NE_0001";"NE_0001";"NE_0001";"NE_0001";"NE_0001";"NE_0001"
"2023";"06";"060612";"CAJAMARCA";"CUTERVO";"SANTO DOMINGO DE LA CAPILLA";"GOBIERNO REGIONAL";"I-1";"00006863";"NARANJOS";"NE_0001";"";"NE_0001";"NE_0001";"NE_0001";"NE_0001";"NE_0001";"NE_0001";"NE_0001"
"2023";"06";"060612";"CAJAMARCA";"CUTERVO";"SANTO DOMINGO DE LA CAPILLA";"GOBIERNO REGIONAL";"I-1";"00006864";"NARANJOYACU";"NE_0001";"";"NE_0001";"NE_0001";"NE_0001";"NE_0001";"NE_0001";"NE_0001";"NE_0001"
"2023";"06";"150135";"LIMA";"LIMA";"SAN MARTIN DE PORRES";"PRIVADO";"II-2";"00010603";"CLÍNICA MÉDICA CAYETANO HEREDIA";"240000";"HOSPITALIZACIÓN";"350";"344";"1134";"1209";"50";"1500";"0"
"2023";"06";"150135";"LIMA";"LIMA";"SAN MARTIN DE PORRES";"PRIVADO";"II-2";"00010603";"CLÍNICA MÉDICA CAYETANO HEREDIA";"250100";"UNIDAD DE CUIDADOS CRITICOS UNIDAD  DE CUIDADOS INTENSIVOS GENERALES (UCI) ";"19";"15";"71";"86";"9";"270";"5"
"2023";"06";"150135";"LIMA";"LIMA";"SAN MARTIN DE PORRES";"PRIVADO";"II-2";"00010603";"CLÍNICA MÉDICA CAYETANO HEREDIA";"250105";"UNIDAD DE CUIDADOS CRITICOS UNIDAD  DE CUIDADOS INTENSIVOS  (UCI) NEONATOLOGÍA";"11";"10";"46";"76";"4";"120";"0"
"2023";"06";"150135";"LIMA";"LIMA";"SAN MARTIN DE PORRES";"PRIVADO";"II-2";"00010603";"CLÍNICA MÉDICA CAYETANO HEREDIA";"250108";"UNIDAD DE CUIDADOS CRITICOS UNIDAD  DE CUIDADOS INTENSIVOS  (UCI) PEDIÁTRICA";"14";"16";"113";"77";"5";"150";"0"
"2023";"06";"150131";"LIMA";"LIMA";"SAN ISIDRO";"PRIVADO";"II-E";"00018667";"CLINICA ARROYO";"NE_0001";"";"NE_0001";"NE_0001";"NE_0001";"NE_0001";"NE_0001";"NE_0001";"NE_0001"
"2023";"06";"080907";"CUSCO";"LA CONVENCION";"KIMBIRI";"GOBIERNO REGIONAL";"II-E";"00002469";"SAN JUAN DE KIMBIRI-VRAEM";"240100";"HOSPITALIZACIÓN QUIRÚRGICA CIRUGÍA GENERAL ";"20";"16";"44";"63";"13";"386";"0"
"2023";"06";"080907";"CUSCO";"LA CONVENCION";"KIMBIRI";"GOBIERNO REGIONAL";"II-E";"00002469";"SAN JUAN DE KIMBIRI-VRAEM";"241400";"HOSPITALIZACIÓN QUIRÚRGICA GINECO - OBSTETRICIA ";"108";"100";"217";"501";"10";"501";"0"
"2023";"06";"080907";"CUSCO";"LA CONVENCION";"KIMBIRI";"GOBIERNO REGIONAL";"II-E";"00002469";"SAN JUAN DE KIMBIRI-VRAEM";"241800";"HOSPITALIZACIÓN DE MEDICINA MEDICINA GENERAL ";"26";"30";"129";"130";"5";"172";"1"
"2023";"06";"080907";"CUSCO";"LA CONVENCION";"KIMBIRI";"GOBIERNO REGIONAL";"II-E";"00002469";"SAN JUAN DE KIMBIRI-VRAEM";"242500";"HOSPITALIZACIÓN-PEDIATRÍA GENERAL-";"50";"57";"202";"142";"15";"465";"0"
"2023";"06";"040401";"AREQUIPA";"CASTILLA";"APLAO";"ESSALUD";"I-3";"00013299";"CENTRO MEDICO APLAO";"NE_0001";"";"NE_0001";"NE_0001";"NE_0001";"NE_0001";"NE_0001";"NE_0001";"NE_0001"
"2023";"05";"250102";"UCAYALI";"CORONEL PORTILLO";"CAMPOVERDE";"GOBIERNO REGIONAL";"I-1";"00005431";"SANTA ROSA KM. 50 CFB";"NE_0001";"";"NE_0001";"NE_0001";"NE_0001";"NE_0001";"NE_0001";"NE_0001";"NE_0001"
"2023";"05";"250102";"UCAYALI";"CORONEL PORTILLO";"CAMPOVERDE";"GOBIERNO REGIONAL";"I-1";"00005430";"SAN JOSE KM 26";"NE_0001";"";"NE_0001";"NE_0001";"NE_0001";"NE_0001";"NE_0001";"NE_0001";"NE_0001"
"2023";"05";"250102";"UCAYALI";"CORONEL PORTILLO";"CAMPOVERDE";"GOBIERNO REGIONAL";"I-1";"00005429";"AGUA BLANCA";"NE_0001";"";"NE_0001";"NE_0001";"NE_0001";"NE_0001";"NE_0001";"NE_0001";"NE_0001"
"2023";"05";"250102";"UCAYALI";"CORONEL PORTILLO";"CAMPOVERDE";"GOBIERNO REGIONAL";"I-1";"00005428";"SAN MARTIN DE MOJARAL";"NE_0001";"";"NE_0001";"NE_0001";"NE_0001";"NE_0001";"NE_0001";"NE_0001";"NE_0001"
"2023";"05";"250102";"UCAYALI";"CORONEL PORTILLO";"CAMPOVERDE";"GOBIERNO REGIONAL";"I-1";"00005427";"PUEBLO LIBRE";"NE_0001";"";"NE_0001";"NE_0001";"NE_0001";"NE_0001";"NE_0001";"NE_0001";"NE_0001"
"2023";"05";"250102";"UCAYALI";"CORONEL PORTILLO";"CAMPOVERDE";"GOBIERNO REGIONAL";"I-3";"00005426";"CAMPO VERDE";"NE_0001";"";"NE_0001";"NE_0001";"NE_0001";"NE_0001";"NE_0001";"NE_0001";"NE_0001"
"2023";"06";"240101";"TUMBES";"TUMBES";"TUMBES";"GOBIERNO REGIONAL";"I-3";"00028923";"CENTRO DE SALUD MENTAL COMUNITARIO ""VIRGEN DEL CISNE""";"NE_0001";"";"NE_0001";"NE_0001";"NE_0001";"NE_0001";"NE_0001";"NE_0001";"NE_0001"
"2023";"06";"240101";"TUMBES";"TUMBES";"TUMBES";"GOBIERNO REGIONAL";"0";"00029717";"I HOGAR PROTEGIDO TUMBES";"NE_0001";"";"NE_0001";"NE_0001";"NE_0001";"NE_0001";"NE_0001";"NE_0001";"NE_0001"
"2023";"06";"240104";"TUMBES";"TUMBES";"PAMPAS DE HOSPITAL";"GOBIERNO REGIONAL";"I-1";"00001877";"CRUZ BLANCA.";"NE_0001";"";"NE_0001";"NE_0001";"NE_0001";"NE_0001";"NE_0001";"NE_0001";"NE_0001"
"2023";"06";"240106";"TUMBES";"TUMBES";"SAN JUAN DE LA VIRGEN";"GOBIERNO REGIONAL";"I-1";"00001880";"CERRO BLANCO";"NE_0001";"";"NE_0001";"NE_0001";"NE_0001";"NE_0001";"NE_0001";"NE_0001";"NE_0001"
"2023";"06";"240101";"TUMBES";"TUMBES";"TUMBES";"GOBIERNO REGIONAL";"I-2";"00001883";"PUERTO PIZARRO";"NE_0001";"";"NE_0001";"NE_0001";"NE_0001";"NE_0001";"NE_0001";"NE_0001";"NE_0001"
"2023";"06";"240101";"TUMBES";"TUMBES";"TUMBES";"GOBIERNO REGIONAL";"I-3";"00001884";"CLAS ANDRES ARAUJO MORAN";"NE_0001";"";"NE_0001";"NE_0001";"NE_0001";"NE_0001";"NE_0001";"NE_0001";"NE_0001"
"2023";"06";"240101";"TUMBES";"TUMBES";"TUMBES";"GOBIERNO REGIONAL";"0";"00013886";"LABORATORIO DE REFERENCIA REGIONAL DE SALUD PUBLICA";"NE_0001";"";"NE_0001";"NE_0001";"NE_0001";"NE_0001";"NE_0001";"NE_0001";"NE_0001"
"2023";"06";"240104";"TUMBES";"TUMBES";"PAMPAS DE HOSPITAL";"GOBIERNO REGIONAL";"I-2";"00001876";"CABUYAL";"NE_0001";"";"NE_0001";"NE_0001";"NE_0001";"NE_0001";"NE_0001";"NE_0001";"NE_0001"
"2023";"06";"240106";"TUMBES";"TUMBES";"SAN JUAN DE LA VIRGEN";"GOBIERNO REGIONAL";"I-1";"00001881";"GARBANZAL";"NE_0001";"";"NE_0001";"NE_0001";"NE_0001";"NE_0001";"NE_0001";"NE_0001";"NE_0001"
"2023";"06";"240101";"TUMBES";"TUMBES";"TUMBES";"GOBIERNO REGIONAL";"0";"00027613";"SAMU -TUMBES";"NE_0001";"";"NE_0001";"NE_0001";"NE_0001";"NE_0001";"NE_0001";"NE_0001";"NE_0001"
"2023";"06";"240104";"TUMBES";"TUMBES";"PAMPAS DE HOSPITAL";"GOBIERNO REGIONAL";"I-3";"00001875";"PAMPAS DE HOSPITAL";"NE_0001";"";"NE_0001";"NE_0001";"NE_0001";"NE_0001";"NE_0001";"NE_0001";"NE_0001"
"2023";"06";"240104";"TUMBES";"TUMBES";"PAMPAS DE HOSPITAL";"GOBIERNO REGIONAL";"I-1";"00001878";"EL LIMON";"NE_0001";"";"NE_0001";"NE_0001";"NE_0001";"NE_0001";"NE_0001";"NE_0001";"NE_0001"
"2023";"06";"240106";"TUMBES";"TUMBES";"SAN JUAN DE LA VIRGEN";"GOBIERNO REGIONAL";"I-3";"00001879";"CLAS SAN JUAN DE LA VIRGEN";"NE_0001";"";"NE_0001";"NE_0001";"NE_0001";"NE_0001";"NE_0001";"NE_0001";"NE_0001"
"2023";"06";"240101";"TUMBES";"TUMBES";"TUMBES";"GOBIERNO REGIONAL";"I-4";"00001882";"PAMPA GRANDE";"241800";"HOSPITALIZACIÓN DE MEDICINA MEDICINA GENERAL ";"14";"14";"14";"14";"1";"30";"0"
"2023";"06";"240101";"TUMBES";"TUMBES";"TUMBES";"GOBIERNO REGIONAL";"I-4";"00001882";"PAMPA GRANDE";"242500";"HOSPITALIZACIÓN-PEDIATRÍA GENERAL-";"2";"2";"3";"2";"1";"30";"0"
"2023";"06";"240101";"TUMBES";"TUMBES";"TUMBES";"GOBIERNO REGIONAL";"I-4";"00001882";"PAMPA GRANDE";"241600";"HOSPITALIZACIÓN QUIRÚRGICA OBSTETRICIA   ";"3";"3";"3";"3";"1";"30";"0"
"2023";"06";"240101";"TUMBES";"TUMBES";"TUMBES";"GOBIERNO REGIONAL";"I-2";"00023014";"GERARDO GONZALES VILLEGAS";"NE_0001";"";"NE_0001";"NE_0001";"NE_0001";"NE_0001";"NE_0001";"NE_0001";"NE_0001"
"2023";"06";"230302";"TACNA";"JORGE BASADRE";"ILABAYA";"ESSALUD";"I-2";"00010191";"CENTRO DE ATENCION PRIMARIA I   ILABAYA";"NE_0001";"";"NE_0001";"NE_0001";"NE_0001";"NE_0001";"NE_0001";"NE_0001";"NE_0001"
"2023";"06";"080605";"CUSCO";"CANCHIS";"PITUMARCA";"GOBIERNO REGIONAL";"I-1";"00002393";"PHINAYA";"NE_0001";"";"NE_0001";"NE_0001";"NE_0001";"NE_0001";"NE_0001";"NE_0001";"NE_0001"
"2023";"06";"080601";"CUSCO";"CANCHIS";"SICUANI";"GOBIERNO REGIONAL";"I-2";"00002381";"QUEHUAR";"NE_0001";"";"NE_0001";"NE_0001";"NE_0001";"NE_0001";"NE_0001";"NE_0001";"NE_0001"
"2023";"06";"080606";"CUSCO";"CANCHIS";"SAN PABLO";"GOBIERNO REGIONAL";"I-2";"00002394";"SAN PABLO CANCHIS";"NE_0001";"";"NE_0001";"NE_0001";"NE_0001";"NE_0001";"NE_0001";"NE_0001";"NE_0001"
"2023";"06";"080606";"CUSCO";"CANCHIS";"SAN PABLO";"GOBIERNO REGIONAL";"I-2";"00002395";"SANTA BARBARA";"NE_0001";"";"NE_0001";"NE_0001";"NE_0001";"NE_0001";"NE_0001";"NE_0001";"NE_0001"
"2023";"06";"080601";"CUSCO";"CANCHIS";"SICUANI";"GOBIERNO REGIONAL";"I-1";"00002382";"UZCUPATA";"NE_0001";"";"NE_0001";"NE_0001";"NE_0001";"NE_0001";"NE_0001";"NE_0001";"NE_0001"
"2023";"06";"080601";"CUSCO";"CANCHIS";"SICUANI";"GOBIERNO REGIONAL";"I-3";"00002384";"PAMPAPHALLA";"NE_0001";"";"NE_0001";"NE_0001";"NE_0001";"NE_0001";"NE_0001";"NE_0001";"NE_0001"
"2023";"06";"080601";"CUSCO";"CANCHIS";"SICUANI";"GOBIERNO REGIONAL";"I-2";"00026387";"MENTAL COMUNITARIO SICUANI";"NE_0001";"";"NE_0001";"NE_0001";"NE_0001";"NE_0001";"NE_0001";"NE_0001";"NE_0001"
"2023";"06";"080601";"CUSCO";"CANCHIS";"SICUANI";"GOBIERNO REGIONAL";"I-2";"00002383";"LA FLORIDA";"NE_0001";"";"NE_0001";"NE_0001";"NE_0001";"NE_0001";"NE_0001";"NE_0001";"NE_0001"
"2023";"06";"080607";"CUSCO";"CANCHIS";"SAN PEDRO";"GOBIERNO REGIONAL";"I-2";"00002396";"SAN PEDRO CANCHIS";"NE_0001";"";"NE_0001";"NE_0001";"NE_0001";"NE_0001";"NE_0001";"NE_0001";"NE_0001"
"2023";"06";"050101";"AYACUCHO";"HUAMANGA";"AYACUCHO";"GOBIERNO REGIONAL";"I-3";"00006898";"CENTRO DE  SALUD MOLLEPATA";"NE_0001";"";"NE_0001";"NE_0001";"NE_0001";"NE_0001";"NE_0001";"NE_0001";"NE_0001"
"2023";"06";"050101";"AYACUCHO";"HUAMANGA";"AYACUCHO";"GOBIERNO REGIONAL";"I-4";"00003576";"CENTRO DE SALUD LOS LICENCIADOS";"241600";"HOSPITALIZACIÓN QUIRÚRGICA OBSTETRICIA   ";"21";"21";"40";"3";"7";"10";"0"
"2023";"06";"050115";"AYACUCHO";"HUAMANGA";"JESUS NAZARENO";"GOBIERNO REGIONAL";"I-2";"00011365";"PUESTO DE SALUD VILLA SAN CRISTOBAL";"NE_0001";"";"NE_0001";"NE_0001";"NE_0001";"NE_0001";"NE_0001";"NE_0001";"NE_0001"
"2023";"06";"140101";"LAMBAYEQUE";"CHICLAYO";"CHICLAYO";"ESSALUD";"III-1";"00008577";"HOSPITAL NACIONAL ALMANZOR AGUINAGA ASENJO";"244000";"HOSPITALIZACIÓN DE MEDICINA CARDIOLOGIA ";"126";"78";"540";"637";"17";"661";"2"
"2023";"06";"140101";"LAMBAYEQUE";"CHICLAYO";"CHICLAYO";"ESSALUD";"III-1";"00008577";"HOSPITAL NACIONAL ALMANZOR AGUINAGA ASENJO";"250200";"UNIDAD DE CUIDADOS CRITICOS UNIDAD DE CUIDADOS INTERMEDIOS GENERAL  (UCIN) ";"31";"10";"227";"386";"13";"390";"7"
"2023";"06";"140101";"LAMBAYEQUE";"CHICLAYO";"CHICLAYO";"ESSALUD";"III-1";"00008577";"HOSPITAL NACIONAL ALMANZOR AGUINAGA ASENJO";"240200";"HOSPITALIZACIÓN QUIRÚRGICA CIRUGÍA DE CABEZA Y CUELLO / MÁXILO FACIAL ";"40";"21";"319";"140";"5";"143";"0"
"2023";"06";"140101";"LAMBAYEQUE";"CHICLAYO";"CHICLAYO";"ESSALUD";"III-1";"00008577";"HOSPITAL NACIONAL ALMANZOR AGUINAGA ASENJO";"240400";"HOSPITALIZACIÓN QUIRÚRGICA CIRUGÍA DE TÓRAX Y CARDIOVASCULAR ";"29";"16";"112";"136";"10";"150";"0"
"2023";"06";"140101";"LAMBAYEQUE";"CHICLAYO";"CHICLAYO";"ESSALUD";"III-1";"00008577";"HOSPITAL NACIONAL ALMANZOR AGUINAGA ASENJO";"240100";"HOSPITALIZACIÓN QUIRÚRGICA CIRUGÍA GENERAL ";"234";"96";"853";"762";"30";"863";"4"
"2023";"06";"140101";"LAMBAYEQUE";"CHICLAYO";"CHICLAYO";"ESSALUD";"III-1";"00008577";"HOSPITAL NACIONAL ALMANZOR AGUINAGA ASENJO";"240700";"HOSPITALIZACIÓN QUIRÚRGICA CIRUGÍA PEDIÁTRICA ";"49";"26";"125";"126";"8";"223";"0"
"2023";"06";"140101";"LAMBAYEQUE";"CHICLAYO";"CHICLAYO";"ESSALUD";"III-1";"00008577";"HOSPITAL NACIONAL ALMANZOR AGUINAGA ASENJO";"240801";"HOSPITALIZACIÓN QUIRÚRGICA CIRUGÍA PLÁSTICA/RECONSTRUCTIVA/ REPARADORA QUEMADOS";"20";"9";"69";"111";"4";"119";"0"
"2023";"06";"140101";"LAMBAYEQUE";"CHICLAYO";"CHICLAYO";"ESSALUD";"III-1";"00008577";"HOSPITAL NACIONAL ALMANZOR AGUINAGA ASENJO";"244200";"HOSPITALIZACIÓN DE MEDICINA ENDOCRINOLOGIA ";"4";"3";"20";"20";"3";"48";"0"
"2023";"06";"140101";"LAMBAYEQUE";"CHICLAYO";"CHICLAYO";"ESSALUD";"III-1";"00008577";"HOSPITAL NACIONAL ALMANZOR AGUINAGA ASENJO";"244300";"HOSPITALIZACIÓN DE MEDICINA GASTROENTEROLOGÍA  ";"61";"46";"383";"492";"17";"501";"4"
"2023";"06";"140101";"LAMBAYEQUE";"CHICLAYO";"CHICLAYO";"ESSALUD";"III-1";"00008577";"HOSPITAL NACIONAL ALMANZOR AGUINAGA ASENJO";"244400";"HOSPITALIZACIÓN DE MEDICINA GERIATRIA ";"73";"45";"721";"594";"20";"606";"15"
"2023";"06";"140101";"LAMBAYEQUE";"CHICLAYO";"CHICLAYO";"ESSALUD";"III-1";"00008577";"HOSPITAL NACIONAL ALMANZOR AGUINAGA ASENJO";"241500";"HOSPITALIZACIÓN QUIRÚRGICA GINECOLOGÍA  ";"227";"116";"360";"321";"12";"353";"0"
"2023";"06";"140101";"LAMBAYEQUE";"CHICLAYO";"CHICLAYO";"ESSALUD";"III-1";"00008577";"HOSPITAL NACIONAL ALMANZOR AGUINAGA ASENJO";"244500";"HOSPITALIZACIÓN DE MEDICINA HEMATOLOGÍA ";"51";"17";"379";"504";"19";"562";"0"
"2023";"06";"140101";"LAMBAYEQUE";"CHICLAYO";"CHICLAYO";"ESSALUD";"III-1";"00008577";"HOSPITAL NACIONAL ALMANZOR AGUINAGA ASENJO";"241900";"HOSPITALIZACIÓN DE MEDICINA MEDICINA INTERNA ";"76";"51";"714";"885";"29";"885";"8"
"2023";"06";"140101";"LAMBAYEQUE";"CHICLAYO";"CHICLAYO";"ESSALUD";"III-1";"00008577";"HOSPITAL NACIONAL ALMANZOR AGUINAGA ASENJO";"244600";"HOSPITALIZACIÓN DE MEDICINA NEFROLOGIA ";"18";"18";"168";"167";"10";"243";"0"
"2023";"06";"140101";"LAMBAYEQUE";"CHICLAYO";"CHICLAYO";"ESSALUD";"III-1";"00008577";"HOSPITAL NACIONAL ALMANZOR AGUINAGA ASENJO";"243200";"HOSPITALIZACIÓN DE PEDIATRÍA PEDIATRIA NEONATOLOGÍA";"142";"70";"839";"839";"18";"839";"4"
"2023";"04";"150128";"LIMA";"LIMA";"RIMAC";"ESSALUD";"I-3";"00008881";"FRANCISCO PIZARRO";"NE_0001";"";"NE_0001";"NE_0001";"NE_0001";"NE_0001";"NE_0001";"NE_0001";"NE_0001"
"2023";"06";"150108";"LIMA";"LIMA";"CHORRILLOS";"PRIVADO";"II-2";"00010251";"CLINICA MAISON DE SANTE DEL SUR";"240000";"HOSPITALIZACIÓN";"103";"98";"459";"442";"20";"600";"1"
"2023";"06";"150108";"LIMA";"LIMA";"CHORRILLOS";"PRIVADO";"II-2";"00010251";"CLINICA MAISON DE SANTE DEL SUR";"241400";"HOSPITALIZACIÓN QUIRÚRGICA GINECO - OBSTETRICIA ";"15";"15";"29";"59";"7";"210";"0"
"2023";"06";"150108";"LIMA";"LIMA";"CHORRILLOS";"PRIVADO";"II-2";"00010251";"CLINICA MAISON DE SANTE DEL SUR";"250100";"UNIDAD DE CUIDADOS CRITICOS UNIDAD  DE CUIDADOS INTENSIVOS GENERALES (UCI) ";"9";"6";"71";"105";"6";"180";"2"
"2023";"05";"150122";"LIMA";"LIMA";"MIRAFLORES";"PRIVADO";"II-E";"00024924";"CLÍNICA CORPORACIÓN DE CIRUJANOS PLÁSTICOS";"NE_0002";"";"NE_0002";"NE_0002";"NE_0002";"NE_0002";"NE_0002";"NE_0002";"NE_0002"
"2023";"06";"150801";"LIMA";"HUAURA";"HUACHO";"ESSALUD";"II-2";"00011337";"HOSPITAL II GUSTAVO LANATTA LUJAN - ESSALUD";"241800";"HOSPITALIZACIÓN DE MEDICINA MEDICINA GENERAL ";"89";"94";"874";"800";"30";"900";"15"
"2023";"06";"150801";"LIMA";"HUAURA";"HUACHO";"ESSALUD";"II-2";"00011337";"HOSPITAL II GUSTAVO LANATTA LUJAN - ESSALUD";"240100";"HOSPITALIZACIÓN QUIRÚRGICA CIRUGÍA GENERAL ";"126";"125";"461";"535";"28";"840";"0"
"2023";"06";"150801";"LIMA";"HUAURA";"HUACHO";"ESSALUD";"II-2";"00011337";"HOSPITAL II GUSTAVO LANATTA LUJAN - ESSALUD";"241200";"HOSPITALIZACIÓN QUIRÚRGICA TRAUMATOLOGÍA Y ORTOPEDIA ";"29";"32";"134";"133";"6";"180";"0"
"2023";"06";"150801";"LIMA";"HUAURA";"HUACHO";"ESSALUD";"II-2";"00011337";"HOSPITAL II GUSTAVO LANATTA LUJAN - ESSALUD";"241500";"HOSPITALIZACIÓN QUIRÚRGICA GINECOLOGÍA  ";"51";"49";"123";"125";"6";"180";"0"
"2023";"06";"150801";"LIMA";"HUAURA";"HUACHO";"ESSALUD";"II-2";"00011337";"HOSPITAL II GUSTAVO LANATTA LUJAN - ESSALUD";"241600";"HOSPITALIZACIÓN QUIRÚRGICA OBSTETRICIA   ";"159";"161";"292";"288";"21";"630";"0"
"2023";"06";"150801";"LIMA";"HUAURA";"HUACHO";"ESSALUD";"II-2";"00011337";"HOSPITAL II GUSTAVO LANATTA LUJAN - ESSALUD";"242300";"HOSPITALIZACIÓN DE PEDIATRÍA  PEDIATRÍA  GENERAL ";"44";"50";"150";"147";"12";"360";"0"
"2023";"06";"150801";"LIMA";"HUAURA";"HUACHO";"ESSALUD";"II-2";"00011337";"HOSPITAL II GUSTAVO LANATTA LUJAN - ESSALUD";"243200";"HOSPITALIZACIÓN DE PEDIATRÍA PEDIATRIA NEONATOLOGÍA";"36";"37";"68";"66";"5";"150";"0"
"2023";"06";"150801";"LIMA";"HUAURA";"HUACHO";"ESSALUD";"II-2";"00011337";"HOSPITAL II GUSTAVO LANATTA LUJAN - ESSALUD";"250100";"UNIDAD DE CUIDADOS CRITICOS UNIDAD  DE CUIDADOS INTENSIVOS GENERALES (UCI) ";"11";"13";"67";"68";"4";"120";"5"
"2023";"06";"061105";"CAJAMARCA";"SAN MIGUEL";"EL PRADO";"GOBIERNO REGIONAL";"I-1";"00004540";"EL GUAYO";"NE_0001";"";"NE_0001";"NE_0001";"NE_0001";"NE_0001";"NE_0001";"NE_0001";"NE_0001"
"2023";"06";"061113";"CAJAMARCA";"SAN MIGUEL";"UNION AGUA BLANCA";"GOBIERNO REGIONAL";"I-1";"00004543";"LIVES";"NE_0001";"";"NE_0001";"NE_0001";"NE_0001";"NE_0001";"NE_0001";"NE_0001";"NE_0001"
"2023";"06";"061101";"CAJAMARCA";"SAN MIGUEL";"SAN MIGUEL";"GOBIERNO REGIONAL";"I-1";"00004541";"TANON CAMPO ALEGRE";"NE_0001";"";"NE_0001";"NE_0001";"NE_0001";"NE_0001";"NE_0001";"NE_0001";"NE_0001"
"2023";"06";"061105";"CAJAMARCA";"SAN MIGUEL";"EL PRADO";"GOBIERNO REGIONAL";"I-1";"00004542";"QUINDEN BAJO";"NE_0001";"";"NE_0001";"NE_0001";"NE_0001";"NE_0001";"NE_0001";"NE_0001";"NE_0001"
"2023";"06";"110211";"ICA";"CHINCHA";"TAMBO DE MORA";"ESSALUD";"I-2";"00012023";"TAMBO DE MORA";"NE_0001";"";"NE_0001";"NE_0001";"NE_0001";"NE_0001";"NE_0001";"NE_0001";"NE_0001"
"2023";"06";"150131";"LIMA";"LIMA";"SAN ISIDRO";"ESSALUD";"I-3";"00015471";"CENTRO DE ATENCION PRIMARIA-CAP III SAN ISIDRO-ESSALUD";"NE_0001";"";"NE_0001";"NE_0001";"NE_0001";"NE_0001";"NE_0001";"NE_0001";"NE_0001"
"2023";"04";"150143";"LIMA";"LIMA";"VILLA MARIA DEL TRIUNFO";"PRIVADO";"II-1";"00017824";"CLINICA MARIA HUARHUA E.I.R.L";"241600";"HOSPITALIZACIÓN QUIRÚRGICA OBSTETRICIA   ";"4";"4";"8";"8";"9";"10";"0"
"2023";"06";"150130";"LIMA";"LIMA";"SAN BORJA";"PRIVADO";"II-E";"00013383";"CLINICA SANTA ISABEL";"241400";"HOSPITALIZACIÓN QUIRÚRGICA GINECO - OBSTETRICIA ";"158";"151";"401";"480";"22";"660";"0"
"2023";"06";"040503";"AREQUIPA";"CAYLLOMA";"CABANACONDE";"GOBIERNO REGIONAL";"I-3";"00001420";"CENTRO DE SALUD CABANACONDE";"NE_0001";"";"NE_0001";"NE_0001";"NE_0001";"NE_0001";"NE_0001";"NE_0001";"NE_0001"
"2023";"06";"040406";"AREQUIPA";"CASTILLA";"CHOCO";"GOBIERNO REGIONAL";"I-2";"00001441";"PUESTO DE SALUD CHOCO";"NE_0001";"";"NE_0001";"NE_0001";"NE_0001";"NE_0001";"NE_0001";"NE_0001";"NE_0001"
"2023";"06";"040503";"AREQUIPA";"CAYLLOMA";"CABANACONDE";"GOBIERNO REGIONAL";"I-2";"00001432";"PUESTO DE SALUD PINCHOLLO";"NE_0001";"";"NE_0001";"NE_0001";"NE_0001";"NE_0001";"NE_0001";"NE_0001";"NE_0001"
"2023";"06";"120706";"JUNIN";"TARMA";"PALCA";"GOBIERNO REGIONAL";"I-1";"00000572";"LLACSACACA";"NE_0001";"";"NE_0001";"NE_0001";"NE_0001";"NE_0001";"NE_0001";"NE_0001";"NE_0001"
"2023";"06";"060806";"CAJAMARCA";"JAEN";"LAS PIRIAS";"GOBIERNO REGIONAL";"I-3";"00004245";"LAS PIRIAS DE JAEN";"NE_0001";"";"NE_0001";"NE_0001";"NE_0001";"NE_0001";"NE_0001";"NE_0001";"NE_0001"
"2023";"06";"220605";"SAN MARTIN";"MARISCAL CACERES";"PAJARILLO";"GOBIERNO REGIONAL";"I-1";"00006783";"SOLEDAD";"NE_0001";"";"NE_0001";"NE_0001";"NE_0001";"NE_0001";"NE_0001";"NE_0001";"NE_0001"
"2023";"06";"220605";"SAN MARTIN";"MARISCAL CACERES";"PAJARILLO";"GOBIERNO REGIONAL";"I-1";"00006564";"DOS UNIDOS";"NE_0001";"";"NE_0001";"NE_0001";"NE_0001";"NE_0001";"NE_0001";"NE_0001";"NE_0001"
"2023";"06";"220602";"SAN MARTIN";"MARISCAL CACERES";"CAMPANILLA";"GOBIERNO REGIONAL";"I-1";"00006566";"CUÑUMBUZA";"NE_0001";"";"NE_0001";"NE_0001";"NE_0001";"NE_0001";"NE_0001";"NE_0001";"NE_0001"
"2023";"06";"220202";"SAN MARTIN";"BELLAVISTA";"ALTO BIAVO";"GOBIERNO REGIONAL";"I-1";"00006714";"CENTRO AMERICA";"NE_0001";"";"NE_0001";"NE_0001";"NE_0001";"NE_0001";"NE_0001";"NE_0001";"NE_0001"
"2023";"06";"220605";"SAN MARTIN";"MARISCAL CACERES";"PAJARILLO";"GOBIERNO REGIONAL";"I-1";"00006563";"COSTA RICA";"NE_0001";"";"NE_0001";"NE_0001";"NE_0001";"NE_0001";"NE_0001";"NE_0001";"NE_0001"
"2023";"06";"220204";"SAN MARTIN";"BELLAVISTA";"HUALLAGA";"GOBIERNO REGIONAL";"I-1";"00006565";"AUCARARCA";"NE_0001";"";"NE_0001";"NE_0001";"NE_0001";"NE_0001";"NE_0001";"NE_0001";"NE_0001"
"2023";"06";"150131";"LIMA";"LIMA";"SAN ISIDRO";"PRIVADO";"II-E";"00016113";"CLINICA ZIEGLER CIRUGIA PLASTICA";"240800";"HOSPITALIZACIÓN QUIRÚRGICA CIRUGÍA PLÁSTICA/RECONSTRUCTIVA/ REPARADORA ";"6";"6";"3";"6";"3";"18";"0"
"2023";"06";"120101";"JUNIN";"HUANCAYO";"HUANCAYO";"PRIVADO";"II-E";"00024425";"CLÍNICA MEDICA SALAZAR";"241800";"HOSPITALIZACIÓN DE MEDICINA MEDICINA GENERAL ";"38";"36";"88";"563";"20";"620";"1"
"2023";"06";"120706";"JUNIN";"TARMA";"PALCA";"GOBIERNO REGIONAL";"I-1";"00000573";"CHIPOCAYO";"NE_0001";"";"NE_0001";"NE_0001";"NE_0001";"NE_0001";"NE_0001";"NE_0001";"NE_0001"
"2023";"06";"120706";"JUNIN";"TARMA";"PALCA";"GOBIERNO REGIONAL";"I-3";"00000569";"PALCA";"NE_0001";"";"NE_0001";"NE_0001";"NE_0001";"NE_0001";"NE_0001";"NE_0001";"NE_0001"
"2023";"06";"120706";"JUNIN";"TARMA";"PALCA";"GOBIERNO REGIONAL";"I-1";"00000574";"YAROCA";"NE_0001";"";"NE_0001";"NE_0001";"NE_0001";"NE_0001";"NE_0001";"NE_0001";"NE_0001"
"2023";"06";"120706";"JUNIN";"TARMA";"PALCA";"GOBIERNO REGIONAL";"I-1";"00000575";"HUARIPAMPA";"NE_0001";"";"NE_0001";"NE_0001";"NE_0001";"NE_0001";"NE_0001";"NE_0001";"NE_0001"
"2023";"06";"120706";"JUNIN";"TARMA";"PALCA";"GOBIERNO REGIONAL";"I-1";"00000576";"PATAY";"NE_0001";"";"NE_0001";"NE_0001";"NE_0001";"NE_0001";"NE_0001";"NE_0001";"NE_0001"
"2023";"06";"120706";"JUNIN";"TARMA";"PALCA";"GOBIERNO REGIONAL";"I-1";"00000570";"ÑAHUIN";"NE_0001";"";"NE_0001";"NE_0001";"NE_0001";"NE_0001";"NE_0001";"NE_0001";"NE_0001"
"2023";"06";"120706";"JUNIN";"TARMA";"PALCA";"GOBIERNO REGIONAL";"I-1";"00000571";"CARPAPATA";"NE_0001";"";"NE_0001";"NE_0001";"NE_0001";"NE_0001";"NE_0001";"NE_0001";"NE_0001"
"2023";"06";"090304";"HUANCAVELICA";"ANGARAES";"CCOCHACCASA";"GOBIERNO REGIONAL";"I-3";"00003955";"CCOCHACCASA";"NE_0002";"";"NE_0002";"NE_0002";"NE_0002";"NE_0002";"NE_0002";"NE_0002";"NE_0002"
"2023";"06";"090302";"HUANCAVELICA";"ANGARAES";"ANCHONGA";"GOBIERNO REGIONAL";"I-1";"00003958";"ANCHONGA";"NE_0001";"";"NE_0001";"NE_0001";"NE_0001";"NE_0001";"NE_0001";"NE_0001";"NE_0001"
"2023";"06";"090305";"HUANCAVELICA";"ANGARAES";"CHINCHO";"GOBIERNO REGIONAL";"I-1";"00003963";"CHINCHO";"NE_0001";"";"NE_0001";"NE_0001";"NE_0001";"NE_0001";"NE_0001";"NE_0001";"NE_0001"
"2023";"06";"090302";"HUANCAVELICA";"ANGARAES";"ANCHONGA";"GOBIERNO REGIONAL";"I-1";"00011454";"ALTO MARAYNIYOCC";"NE_0001";"";"NE_0001";"NE_0001";"NE_0001";"NE_0001";"NE_0001";"NE_0001";"NE_0001"
"2023";"06";"090302";"HUANCAVELICA";"ANGARAES";"ANCHONGA";"GOBIERNO REGIONAL";"I-1";"00006930";"HUARIRUMI - CHONTACANCHA";"NE_0001";"";"NE_0001";"NE_0001";"NE_0001";"NE_0001";"NE_0001";"NE_0001";"NE_0001"
"2023";"06";"090302";"HUANCAVELICA";"ANGARAES";"ANCHONGA";"GOBIERNO REGIONAL";"I-2";"00003961";"SAN PABLO DE OCCO";"NE_0001";"";"NE_0001";"NE_0001";"NE_0001";"NE_0001";"NE_0001";"NE_0001";"NE_0001"
"2023";"06";"090306";"HUANCAVELICA";"ANGARAES";"CONGALLA";"GOBIERNO REGIONAL";"I-1";"00003975";"LIRCAYCCASA";"NE_0001";"";"NE_0001";"NE_0001";"NE_0001";"NE_0001";"NE_0001";"NE_0001";"NE_0001"
"2023";"06";"090307";"HUANCAVELICA";"ANGARAES";"HUANCA-HUANCA";"GOBIERNO REGIONAL";"I-1";"00011200";"CCARAPA";"NE_0001";"";"NE_0001";"NE_0001";"NE_0001";"NE_0001";"NE_0001";"NE_0001";"NE_0001"
"2023";"06";"090304";"HUANCAVELICA";"ANGARAES";"CCOCHACCASA";"GOBIERNO REGIONAL";"I-1";"00011204";"VELASCO PUCAPAMPA";"NE_0001";"";"NE_0001";"NE_0001";"NE_0001";"NE_0001";"NE_0001";"NE_0001";"NE_0001"
"2023";"06";"090310";"HUANCAVELICA";"ANGARAES";"SAN ANTONIO DE ANTAPARCO";"GOBIERNO REGIONAL";"I-1";"00003966";"MAICENA";"NE_0001";"";"NE_0001";"NE_0001";"NE_0001";"NE_0001";"NE_0001";"NE_0001";"NE_0001"
"2023";"06";"060803";"CAJAMARCA";"JAEN";"CHONTALI";"GOBIERNO REGIONAL";"I-3";"00004232";"CHONTALI";"NE_0001";"";"NE_0001";"NE_0001";"NE_0001";"NE_0001";"NE_0001";"NE_0001";"NE_0001"
"2023";"06";"080902";"CUSCO";"LA CONVENCION";"ECHARATE";"GOBIERNO REGIONAL";"I-2";"00002425";"ECHARATE";"NE_0001";"";"NE_0001";"NE_0001";"NE_0001";"NE_0001";"NE_0001";"NE_0001";"NE_0001"
"2023";"06";"080901";"CUSCO";"LA CONVENCION";"SANTA ANA";"GOBIERNO REGIONAL";"I-4";"00008910";"SANTA ANA";"NE_0001";"";"NE_0001";"NE_0001";"NE_0001";"NE_0001";"NE_0001";"NE_0001";"NE_0001"
"2023";"06";"080901";"CUSCO";"LA CONVENCION";"SANTA ANA";"GOBIERNO REGIONAL";"I-1";"00002422";"HUAYANAY";"NE_0001";"";"NE_0001";"NE_0001";"NE_0001";"NE_0001";"NE_0001";"NE_0001";"NE_0001"
"2023";"06";"080901";"CUSCO";"LA CONVENCION";"SANTA ANA";"GOBIERNO REGIONAL";"I-1";"00002423";"IDMA";"NE_0001";"";"NE_0001";"NE_0001";"NE_0001";"NE_0001";"NE_0001";"NE_0001";"NE_0001"
"2023";"06";"080902";"CUSCO";"LA CONVENCION";"ECHARATE";"GOBIERNO REGIONAL";"I-2";"00002430";"PAMPA CONCEPCION";"NE_0001";"";"NE_0001";"NE_0001";"NE_0001";"NE_0001";"NE_0001";"NE_0001";"NE_0001"
"2023";"06";"080901";"CUSCO";"LA CONVENCION";"SANTA ANA";"GOBIERNO REGIONAL";"I-3";"00015842";"PAVAYOC";"NE_0001";"";"NE_0001";"NE_0001";"NE_0001";"NE_0001";"NE_0001";"NE_0001";"NE_0001"
"2023";"06";"080902";"CUSCO";"LA CONVENCION";"ECHARATE";"GOBIERNO REGIONAL";"I-1";"00002450";"SAN ANTONIO";"NE_0001";"";"NE_0001";"NE_0001";"NE_0001";"NE_0001";"NE_0001";"NE_0001";"NE_0001"
"2023";"06";"080902";"CUSCO";"LA CONVENCION";"ECHARATE";"GOBIERNO REGIONAL";"I-2";"00002429";"CIRIALO";"NE_0001";"";"NE_0001";"NE_0001";"NE_0001";"NE_0001";"NE_0001";"NE_0001";"NE_0001"
"2023";"06";"080902";"CUSCO";"LA CONVENCION";"ECHARATE";"GOBIERNO REGIONAL";"I-2";"00002433";"KORIBENI";"NE_0001";"";"NE_0001";"NE_0001";"NE_0001";"NE_0001";"NE_0001";"NE_0001";"NE_0001"
"2023";"06";"080902";"CUSCO";"LA CONVENCION";"ECHARATE";"GOBIERNO REGIONAL";"I-4";"00002439";"PALMA REAL";"NE_0001";"";"NE_0001";"NE_0001";"NE_0001";"NE_0001";"NE_0001";"NE_0001";"NE_0001"
"2023";"06";"080902";"CUSCO";"LA CONVENCION";"ECHARATE";"GOBIERNO REGIONAL";"I-1";"00002449";"ICHIQUIATO";"NE_0001";"";"NE_0001";"NE_0001";"NE_0001";"NE_0001";"NE_0001";"NE_0001";"NE_0001"
"2023";"06";"080906";"CUSCO";"LA CONVENCION";"QUELLOUNO";"GOBIERNO REGIONAL";"I-2";"00002466";"HUILLCAPAMPA";"NE_0001";"";"NE_0001";"NE_0001";"NE_0001";"NE_0001";"NE_0001";"NE_0001";"NE_0001"
"2023";"06";"080408";"CUSCO";"CALCA";"YANATILE";"GOBIERNO REGIONAL";"I-1";"00002363";"TUPAC AMARU QUELLOUNO";"NE_0001";"";"NE_0001";"NE_0001";"NE_0001";"NE_0001";"NE_0001";"NE_0001";"NE_0001"
"2023";"06";"080905";"CUSCO";"LA CONVENCION";"OCOBAMBA";"GOBIERNO REGIONAL";"I-1";"00002463";"CHINGANILLA";"NE_0001";"";"NE_0001";"NE_0001";"NE_0001";"NE_0001";"NE_0001";"NE_0001";"NE_0001"
"2023";"06";"080906";"CUSCO";"LA CONVENCION";"QUELLOUNO";"GOBIERNO REGIONAL";"I-1";"00008907";"MATORIATO";"NE_0001";"";"NE_0001";"NE_0001";"NE_0001";"NE_0001";"NE_0001";"NE_0001";"NE_0001"
"2023";"06";"080906";"CUSCO";"LA CONVENCION";"QUELLOUNO";"GOBIERNO REGIONAL";"I-2";"00008909";"CHAPO BOYERO";"NE_0001";"";"NE_0001";"NE_0001";"NE_0001";"NE_0001";"NE_0001";"NE_0001";"NE_0001"
"2023";"06";"160108";"LORETO";"MAYNAS";"PUNCHANA";"GOBIERNO REGIONAL";"III-1";"00000003";"HOSPITAL REGIONAL DE LORETO ""FELIPE SANTIAGO ARRIOLA IGLESIAS""";"240100";"HOSPITALIZACIÓN QUIRÚRGICA CIRUGÍA GENERAL ";"101";"112";"809";"642";"28";"840";"0"
"2023";"06";"160108";"LORETO";"MAYNAS";"PUNCHANA";"GOBIERNO REGIONAL";"III-1";"00000003";"HOSPITAL REGIONAL DE LORETO ""FELIPE SANTIAGO ARRIOLA IGLESIAS""";"241500";"HOSPITALIZACIÓN QUIRÚRGICA GINECOLOGÍA  ";"23";"23";"82";"83";"15";"450";"0"
"2023";"06";"160108";"LORETO";"MAYNAS";"PUNCHANA";"GOBIERNO REGIONAL";"III-1";"00000003";"HOSPITAL REGIONAL DE LORETO ""FELIPE SANTIAGO ARRIOLA IGLESIAS""";"241900";"HOSPITALIZACIÓN DE MEDICINA MEDICINA INTERNA ";"90";"94";"778";"759";"29";"870";"8"
"2023";"06";"160108";"LORETO";"MAYNAS";"PUNCHANA";"GOBIERNO REGIONAL";"III-1";"00000003";"HOSPITAL REGIONAL DE LORETO ""FELIPE SANTIAGO ARRIOLA IGLESIAS""";"242000";"HOSPITALIZACIÓN DE MEDICINA MEDICINA TROPICAL E INFECCIOSAS ";"47";"55";"748";"704";"25";"750";"10"
"2023";"06";"160108";"LORETO";"MAYNAS";"PUNCHANA";"GOBIERNO REGIONAL";"III-1";"00000003";"HOSPITAL REGIONAL DE LORETO ""FELIPE SANTIAGO ARRIOLA IGLESIAS""";"243200";"HOSPITALIZACIÓN DE PEDIATRÍA PEDIATRIA NEONATOLOGÍA";"4";"4";"46";"148";"6";"180";"4"
"2023";"06";"160108";"LORETO";"MAYNAS";"PUNCHANA";"GOBIERNO REGIONAL";"III-1";"00000003";"HOSPITAL REGIONAL DE LORETO ""FELIPE SANTIAGO ARRIOLA IGLESIAS""";"241400";"HOSPITALIZACIÓN QUIRÚRGICA GINECO - OBSTETRICIA ";"287";"312";"663";"663";"37";"1110";"0"
"2023";"06";"160108";"LORETO";"MAYNAS";"PUNCHANA";"GOBIERNO REGIONAL";"III-1";"00000003";"HOSPITAL REGIONAL DE LORETO ""FELIPE SANTIAGO ARRIOLA IGLESIAS""";"242300";"HOSPITALIZACIÓN DE PEDIATRÍA  PEDIATRÍA  GENERAL ";"61";"60";"508";"590";"29";"870";"1"
"2023";"06";"160108";"LORETO";"MAYNAS";"PUNCHANA";"GOBIERNO REGIONAL";"III-1";"00000003";"HOSPITAL REGIONAL DE LORETO ""FELIPE SANTIAGO ARRIOLA IGLESIAS""";"250103";"UNIDAD DE CUIDADOS CRITICOS UNIDAD  DE CUIDADOS INTENSIVOS GENERALES  (UCI) MEDICINA";"9";"2";"43";"47";"7";"210";"8"
"2023";"06";"160108";"LORETO";"MAYNAS";"PUNCHANA";"GOBIERNO REGIONAL";"III-1";"00000003";"HOSPITAL REGIONAL DE LORETO ""FELIPE SANTIAGO ARRIOLA IGLESIAS""";"250108";"UNIDAD DE CUIDADOS CRITICOS UNIDAD  DE CUIDADOS INTENSIVOS  (UCI) PEDIÁTRICA";"2";"4";"29";"76";"4";"120";"4"
"2023";"06";"160108";"LORETO";"MAYNAS";"PUNCHANA";"GOBIERNO REGIONAL";"III-1";"00000003";"HOSPITAL REGIONAL DE LORETO ""FELIPE SANTIAGO ARRIOLA IGLESIAS""";"250109";"UNIDAD DE CUIDADOS CRITICOS UNIDAD  DE CUIDADOS INTENSIVOS  (UCI) QUIRÚRGICA";"5";"2";"16";"71";"6";"180";"0"
"2023";"06";"160108";"LORETO";"MAYNAS";"PUNCHANA";"GOBIERNO REGIONAL";"III-1";"00000003";"HOSPITAL REGIONAL DE LORETO ""FELIPE SANTIAGO ARRIOLA IGLESIAS""";"250400";"UNIDAD DE CUIDADOS CRITICOS UNIDAD DE QUEMADOS (GRAN QUEMADO) ";"9";"13";"203";"152";"7";"210";"0"
"2023";"06";"160108";"LORETO";"MAYNAS";"PUNCHANA";"GOBIERNO REGIONAL";"III-1";"00000003";"HOSPITAL REGIONAL DE LORETO ""FELIPE SANTIAGO ARRIOLA IGLESIAS""";"250105";"UNIDAD DE CUIDADOS CRITICOS UNIDAD  DE CUIDADOS INTENSIVOS  (UCI) NEONATOLOGÍA";"21";"22";"331";"263";"10";"300";"2"
"2023";"06";"160108";"LORETO";"MAYNAS";"PUNCHANA";"GOBIERNO REGIONAL";"III-1";"00000003";"HOSPITAL REGIONAL DE LORETO ""FELIPE SANTIAGO ARRIOLA IGLESIAS""";"242205";"HOSPITALIZACIÓN MEDICINA PSIQUIATRÍA PISIQUIATRIA/ SALUD MENTAL Y ADICCIONES";"5";"5";"180";"277";"10";"300";"0"
"2023";"06";"160108";"LORETO";"MAYNAS";"PUNCHANA";"GOBIERNO REGIONAL";"III-1";"00000003";"HOSPITAL REGIONAL DE LORETO ""FELIPE SANTIAGO ARRIOLA IGLESIAS""";"242100";"HOSPITALIZACIÓN DE MEDICINA ONCOLOGÍA MÉDICA ";"10";"13";"118";"103";"4";"120";"0"
"2023";"03";"250303";"UCAYALI";"PADRE ABAD";"CURIMANA";"GOBIERNO REGIONAL";"I-1";"00025049";"PUESTO DE SALUD MERIBA";"NE_0001";"";"NE_0001";"NE_0001";"NE_0001";"NE_0001";"NE_0001";"NE_0001";"NE_0001"
"2023";"06";"040122";"AREQUIPA";"AREQUIPA";"SOCABAYA";"ESSALUD";"I-3";"00013298";"CAP III MELITON SALAS TEJADA";"NE_0001";"";"NE_0001";"NE_0001";"NE_0001";"NE_0001";"NE_0001";"NE_0001";"NE_0001"
"2023";"06";"200104";"PIURA";"PIURA";"CASTILLA";"SANIDAD DE LA POLICIA NACIONAL DEL PERU";"I-3";"00010679";"POLICLINICO PNP ""ALMIRANTE MIGUEL GRAU""";"241800";"HOSPITALIZACIÓN DE MEDICINA MEDICINA GENERAL ";"6";"6";"6";"6";"13";"384";"0"
"2023";"06";"010101";"AMAZONAS";"CHACHAPOYAS";"CHACHAPOYAS";"SANIDAD DE LA POLICIA NACIONAL DEL PERU";"I-3";"00026723";"POLICLINICO POLICIAL CHACHAPOYAS";"NE_0001";"";"NE_0001";"NE_0001";"NE_0001";"NE_0001";"NE_0001";"NE_0001";"NE_0001"
"2023";"06";"150132";"LIMA";"LIMA";"SAN JUAN DE LURIGANCHO";"SANIDAD DE LA POLICIA NACIONAL DEL PERU";"I-3";"00030839";"POLICLINICO POLICIAL ZARATE";"NE_0001";"";"NE_0001";"NE_0001";"NE_0001";"NE_0001";"NE_0001";"NE_0001";"NE_0001"
"2023";"06";"070105";"CALLAO";"CALLAO";"LA PUNTA";"GOBIERNO REGIONAL";"I-2";"00006227";"PUESTO DE SALUD LA PUNTA";"NE_0001";"";"NE_0001";"NE_0001";"NE_0001";"NE_0001";"NE_0001";"NE_0001";"NE_0001"
"2023";"06";"090208";"HUANCAVELICA";"ACOBAMBA";"ROSARIO";"GOBIERNO REGIONAL";"I-3";"00003938";"CENTRO DE SALUD PUCA CRUZ";"NE_0001";"";"NE_0001";"NE_0001";"NE_0001";"NE_0001";"NE_0001";"NE_0001";"NE_0001"
"2023";"06";"090208";"HUANCAVELICA";"ACOBAMBA";"ROSARIO";"GOBIERNO REGIONAL";"I-2";"00003942";"PUESTO DE SALUD CHANQUIL";"NE_0001";"";"NE_0001";"NE_0001";"NE_0001";"NE_0001";"NE_0001";"NE_0001";"NE_0001"
"2023";"06";"090208";"HUANCAVELICA";"ACOBAMBA";"ROSARIO";"GOBIERNO REGIONAL";"I-1";"00007418";"PUESTO DE SALUD DE LECCLESPAMPA";"NE_0001";"";"NE_0001";"NE_0001";"NE_0001";"NE_0001";"NE_0001";"NE_0001";"NE_0001"
"2023";"06";"090208";"HUANCAVELICA";"ACOBAMBA";"ROSARIO";"GOBIERNO REGIONAL";"I-1";"00009693";"PUESTO DE SALUD DE PUNCHAYPAMPA";"NE_0001";"";"NE_0001";"NE_0001";"NE_0001";"NE_0001";"NE_0001";"NE_0001";"NE_0001"
"2023";"06";"090208";"HUANCAVELICA";"ACOBAMBA";"ROSARIO";"GOBIERNO REGIONAL";"I-1";"00009706";"PUESTO DE SALUD TORORUMI";"NE_0001";"";"NE_0001";"NE_0001";"NE_0001";"NE_0001";"NE_0001";"NE_0001";"NE_0001"
"2023";"06";"090208";"HUANCAVELICA";"ACOBAMBA";"ROSARIO";"GOBIERNO REGIONAL";"I-1";"00011231";"PUESTO DE SALUD  SANTA ROSA DE ACCOMACHAY";"NE_0001";"";"NE_0001";"NE_0001";"NE_0001";"NE_0001";"NE_0001";"NE_0001";"NE_0001"
"2023";"06";"090208";"HUANCAVELICA";"ACOBAMBA";"ROSARIO";"GOBIERNO REGIONAL";"I-1";"00009503";"PUESTO DE SALUD DE VILLA MANTARO";"NE_0001";"";"NE_0001";"NE_0001";"NE_0001";"NE_0001";"NE_0001";"NE_0001";"NE_0001"
"2023";"06";"090208";"HUANCAVELICA";"ACOBAMBA";"ROSARIO";"GOBIERNO REGIONAL";"I-1";"00007372";"PUESTO DE SALUD LLIPLLINA";"NE_0001";"";"NE_0001";"NE_0001";"NE_0001";"NE_0001";"NE_0001";"NE_0001";"NE_0001"
"2023";"06";"090208";"HUANCAVELICA";"ACOBAMBA";"ROSARIO";"GOBIERNO REGIONAL";"I-2";"00003937";"PUESTO DE SALUD ROSARIO";"NE_0001";"";"NE_0001";"NE_0001";"NE_0001";"NE_0001";"NE_0001";"NE_0001";"NE_0001"
"2023";"06";"090208";"HUANCAVELICA";"ACOBAMBA";"ROSARIO";"GOBIERNO REGIONAL";"I-1";"00009710";"PUESTO  DE SALUD ICHUPAMPA";"NE_0001";"";"NE_0001";"NE_0001";"NE_0001";"NE_0001";"NE_0001";"NE_0001";"NE_0001"
"2023";"02";"150101";"LIMA";"LIMA";"LIMA";"PRIVADO";"II-E";"00011167";"OFTALMOMEDIC";"NE_0001";"";"NE_0001";"NE_0001";"NE_0001";"NE_0001";"NE_0001";"NE_0001";"NE_0001"
"2023";"03";"150101";"LIMA";"LIMA";"LIMA";"PRIVADO";"II-E";"00011167";"OFTALMOMEDIC";"NE_0001";"";"NE_0001";"NE_0001";"NE_0001";"NE_0001";"NE_0001";"NE_0001";"NE_0001"
"2023";"06";"130101";"LA LIBERTAD";"TRUJILLO";"TRUJILLO";"SANIDAD DE LA POLICIA NACIONAL DEL PERU";"I-3";"00011154";"SANIDAD DE LA PNP - TRUJILLO";"NE_0001";"";"NE_0001";"NE_0001";"NE_0001";"NE_0001";"NE_0001";"NE_0001";"NE_0001"
"2023";"06";"070101";"CALLAO";"CALLAO";"CALLAO";"GOBIERNO REGIONAL";"I-2";"00006226";"PUESTO DE SALUD PUERTO NUEVO";"NE_0001";"";"NE_0001";"NE_0001";"NE_0001";"NE_0001";"NE_0001";"NE_0001";"NE_0001"
"2023";"06";"070101";"CALLAO";"CALLAO";"CALLAO";"GOBIERNO REGIONAL";"I-2";"00006225";"PUESTO DE SALUD  SAN JUAN BOSCO";"NE_0001";"";"NE_0001";"NE_0001";"NE_0001";"NE_0001";"NE_0001";"NE_0001";"NE_0001"
"2023";"06";"070101";"CALLAO";"CALLAO";"CALLAO";"GOBIERNO REGIONAL";"I-3";"00006221";"C.S. ALBERTO BARTON";"NE_0001";"";"NE_0001";"NE_0001";"NE_0001";"NE_0001";"NE_0001";"NE_0001";"NE_0001"
"2023";"06";"070101";"CALLAO";"CALLAO";"CALLAO";"GOBIERNO REGIONAL";"I-2";"00006220";"PUESTO DE SALUD MANUEL BONILLA";"NE_0001";"";"NE_0001";"NE_0001";"NE_0001";"NE_0001";"NE_0001";"NE_0001";"NE_0001"
"2023";"06";"150117";"LIMA";"LIMA";"LOS OLIVOS";"PRIVADO";"II-E";"00012106";"CLINICA MEDICA PRIMAVERA";"240000";"HOSPITALIZACIÓN";"14";"14";"19";"19";"5";"155";"0"
"2023";"06";"150140";"LIMA";"LIMA";"SANTIAGO DE SURCO";"PRIVADO";"II-E";"00032409";"CLÍNICA ALVAREZ";"240000";"HOSPITALIZACIÓN";"17";"17";"43";"9";"8";"236";"0"
"2023";"07";"060812";"CAJAMARCA";"JAEN";"SANTA ROSA";"GOBIERNO REGIONAL";"I-3";"00004261";"SANTA ROSA";"NE_0001";"";"NE_0001";"NE_0001";"NE_0001";"NE_0001";"NE_0001";"NE_0001";"NE_0001"
"2023";"07";"150135";"LIMA";"LIMA";"SAN MARTIN DE PORRES";"MINSA";"III-2";"00007733";"INSTITUTO NACIONAL DE SALUD MENTAL ""HONORIO DELGADO - HIDEYO NOGUCHI""";"242202";"HOSPITALIZACIÓN DE MEDICINA PSIQUIATRÍA PSIQUIATRÍA DEL ADULTO Y GERONTE";"17";"16";"939";"1326";"49";"1519";"0"
"2023";"07";"150135";"LIMA";"LIMA";"SAN MARTIN DE PORRES";"MINSA";"III-2";"00007733";"INSTITUTO NACIONAL DE SALUD MENTAL ""HONORIO DELGADO - HIDEYO NOGUCHI""";"242203";"HOSPITALIZACIÓN DE MEDICINA PSIQUIATRÍA PSIQUIATRÍA DEL NIÑO Y DEL ADOLESCENTE";"9";"7";"326";"362";"12";"372";"0"
"2023";"07";"150135";"LIMA";"LIMA";"SAN MARTIN DE PORRES";"MINSA";"III-2";"00007733";"INSTITUTO NACIONAL DE SALUD MENTAL ""HONORIO DELGADO - HIDEYO NOGUCHI""";"242205";"HOSPITALIZACIÓN MEDICINA PSIQUIATRÍA PISIQUIATRIA/ SALUD MENTAL Y ADICCIONES";"18";"16";"844";"726";"27";"837";"0"
"2023";"07";"021909";"ANCASH";"SIHUAS";"SAN JUAN";"GOBIERNO REGIONAL";"I-2";"00001809";"PUESTO DE SALUD ANDAYMAYO";"NE_0002";"";"NE_0002";"NE_0002";"NE_0002";"NE_0002";"NE_0002";"NE_0002";"NE_0002"
"2023";"07";"021908";"ANCASH";"SIHUAS";"RAGASH";"GOBIERNO REGIONAL";"I-1";"00001796";"PUESTO DE SALUD RAGASH";"NE_0002";"";"NE_0002";"NE_0002";"NE_0002";"NE_0002";"NE_0002";"NE_0002";"NE_0002"
"2023";"07";"070102";"CALLAO";"CALLAO";"BELLAVISTA";"GOBIERNO REGIONAL";"I-2";"00030821";"CONSULTORIO OCUPACIONAL DE LA UNIDAD FUNCIONAL DE  SEGURIDAD Y SALUD EN EL TRABAJO - UFSST";"NE_0001";"";"NE_0001";"NE_0001";"NE_0001";"NE_0001";"NE_0001";"NE_0001";"NE_0001"
"2023";"07";"150120";"LIMA";"LIMA";"MAGDALENA DEL MAR";"PRIVADO";"II-E";"00011803";"CLINICA VIRGEN DEL ROSARIO SRL";"240000";"HOSPITALIZACIÓN";"157";"154";"198";"155";"24";"690";"0"
"2023";"07";"150125";"LIMA";"LIMA";"PUENTE PIEDRA";"PRIVADO";"II-E";"00016353";"CLINICA MONTELUZ";"241400";"HOSPITALIZACIÓN QUIRÚRGICA GINECO - OBSTETRICIA ";"96";"97";"162";"168";"12";"372";"0"
"2023";"07";"150125";"LIMA";"LIMA";"PUENTE PIEDRA";"PRIVADO";"II-E";"00016353";"CLINICA MONTELUZ";"240100";"HOSPITALIZACIÓN QUIRÚRGICA CIRUGÍA GENERAL ";"74";"75";"123";"125";"10";"310";"0"
"2023";"07";"200101";"PIURA";"PIURA";"PIURA";"PRIVADO";"II-E";"00014092";"CLINICA SANTIVAÑEZ";"240800";"HOSPITALIZACIÓN QUIRÚRGICA CIRUGÍA PLÁSTICA/RECONSTRUCTIVA/ REPARADORA ";"12";"12";"12";"12";"3";"93";"0"
"2023";"07";"120214";"JUNIN";"CONCEPCION";"SAN JOSE DE QUERO";"GOBIERNO REGIONAL";"I-1";"00000644";"SANTA ROSA DE HUARMITA";"NE_0001";"";"NE_0001";"NE_0001";"NE_0001";"NE_0001";"NE_0001";"NE_0001";"NE_0001"
"2023";"07";"120214";"JUNIN";"CONCEPCION";"SAN JOSE DE QUERO";"GOBIERNO REGIONAL";"I-1";"00006738";"SULCAN";"NE_0001";"";"NE_0001";"NE_0001";"NE_0001";"NE_0001";"NE_0001";"NE_0001";"NE_0001"
"2023";"07";"120214";"JUNIN";"CONCEPCION";"SAN JOSE DE QUERO";"GOBIERNO REGIONAL";"I-1";"00000643";"SAN ROQUE DE HUARMITA";"NE_0001";"";"NE_0001";"NE_0001";"NE_0001";"NE_0001";"NE_0001";"NE_0001";"NE_0001"
"2023";"07";"120214";"JUNIN";"CONCEPCION";"SAN JOSE DE QUERO";"GOBIERNO REGIONAL";"I-2";"00000645";"USIBAMBA";"NE_0001";"";"NE_0001";"NE_0001";"NE_0001";"NE_0001";"NE_0001";"NE_0001";"NE_0001"
"2023";"07";"060601";"CAJAMARCA";"CUTERVO";"CUTERVO";"GOBIERNO REGIONAL";"I-3";"00028745";"CENTRO DE SALUD MENTAL COMUNITARIO PLENITUD";"NE_0001";"";"NE_0001";"NE_0001";"NE_0001";"NE_0001";"NE_0001";"NE_0001";"NE_0001"
"2023";"07";"060101";"CAJAMARCA";"CAJAMARCA";"CAJAMARCA";"GOBIERNO REGIONAL";"II-E";"00004655";"SIMON BOLIVAR";"241400";"HOSPITALIZACIÓN QUIRÚRGICA GINECO - OBSTETRICIA ";"293";"294";"435";"614";"21";"651";"0"
"2023";"07";"060101";"CAJAMARCA";"CAJAMARCA";"CAJAMARCA";"GOBIERNO REGIONAL";"II-E";"00004655";"SIMON BOLIVAR";"240100";"HOSPITALIZACIÓN QUIRÚRGICA CIRUGÍA GENERAL ";"48";"50";"107";"456";"15";"465";"0"
"2023";"07";"060101";"CAJAMARCA";"CAJAMARCA";"CAJAMARCA";"GOBIERNO REGIONAL";"II-E";"00004655";"SIMON BOLIVAR";"241800";"HOSPITALIZACIÓN DE MEDICINA MEDICINA GENERAL ";"42";"43";"161";"295";"10";"310";"0"
"2023";"07";"060101";"CAJAMARCA";"CAJAMARCA";"CAJAMARCA";"GOBIERNO REGIONAL";"II-E";"00004655";"SIMON BOLIVAR";"242300";"HOSPITALIZACIÓN DE PEDIATRÍA  PEDIATRÍA  GENERAL ";"260";"267";"474";"128";"5";"155";"0"
"2023";"07";"130101";"LA LIBERTAD";"TRUJILLO";"TRUJILLO";"PRIVADO";"II-E";"00021354";"CLINICA LUZ Y VIDA";"NE_0001";"";"NE_0001";"NE_0001";"NE_0001";"NE_0001";"NE_0001";"NE_0001";"NE_0001"
"2023";"07";"150140";"LIMA";"LIMA";"SANTIAGO DE SURCO";"PRIVADO";"II-E";"00013900";"OFTALMOSALUD";"NE_0001";"";"NE_0001";"NE_0001";"NE_0001";"NE_0001";"NE_0001";"NE_0001";"NE_0001"
"2023";"07";"070106";"CALLAO";"CALLAO";"VENTANILLA";"GOBIERNO REGIONAL";"I-2";"00006268";"PUESTO DE SALUD DEFENSORES DE LA PATRIA";"NE_0001";"";"NE_0001";"NE_0001";"NE_0001";"NE_0001";"NE_0001";"NE_0001";"NE_0001"
"2023";"07";"040501";"AREQUIPA";"CAYLLOMA";"CHIVAY";"ESSALUD";"I-2";"00013292";"POSTA MEDICA CHIVAY";"NE_0001";"";"NE_0001";"NE_0001";"NE_0001";"NE_0001";"NE_0001";"NE_0001";"NE_0001"
"2023";"07";"130301";"LA LIBERTAD";"BOLIVAR";"BOLIVAR";"ESSALUD";"I-2";"00021969";"POSTA DE SALUD BOLIVAR";"NE_0001";"";"NE_0001";"NE_0001";"NE_0001";"NE_0001";"NE_0001";"NE_0001";"NE_0001"
"2023";"07";"150121";"LIMA";"LIMA";"PUEBLO LIBRE";"PRIVADO";"II-E";"00008351";"CLINICAS SAN BERNARDO S.A.";"240000";"HOSPITALIZACIÓN";"77";"78";"208";"177";"22";"682";"1"
"2023";"07";"080601";"CUSCO";"CANCHIS";"SICUANI";"ESSALUD";"II-1";"00010063";"ESSALUD SICUANI";"240100";"HOSPITALIZACIÓN QUIRÚRGICA CIRUGÍA GENERAL ";"26";"27";"113";"114";"4";"124";"0"
"2023";"07";"080601";"CUSCO";"CANCHIS";"SICUANI";"ESSALUD";"II-1";"00010063";"ESSALUD SICUANI";"241500";"HOSPITALIZACIÓN QUIRÚRGICA GINECOLOGÍA  ";"23";"20";"60";"60";"2";"62";"0"
"2023";"07";"080601";"CUSCO";"CANCHIS";"SICUANI";"ESSALUD";"II-1";"00010063";"ESSALUD SICUANI";"241900";"HOSPITALIZACIÓN DE MEDICINA MEDICINA INTERNA ";"29";"28";"106";"110";"8";"248";"0"
"2023";"07";"080601";"CUSCO";"CANCHIS";"SICUANI";"ESSALUD";"II-1";"00010063";"ESSALUD SICUANI";"241600";"HOSPITALIZACIÓN QUIRÚRGICA OBSTETRICIA   ";"8";"9";"13";"15";"2";"62";"0"
"2023";"07";"080601";"CUSCO";"CANCHIS";"SICUANI";"ESSALUD";"II-1";"00010063";"ESSALUD SICUANI";"242300";"HOSPITALIZACIÓN DE PEDIATRÍA  PEDIATRÍA  GENERAL ";"6";"6";"22";"22";"2";"62";"0"
"2023";"07";"120415";"JUNIN";"JAUJA";"MARCO";"GOBIERNO REGIONAL";"I-2";"00000385";"MARCO";"NE_0001";"";"NE_0001";"NE_0001";"NE_0001";"NE_0001";"NE_0001";"NE_0001";"NE_0001"
"2023";"07";"120426";"JUNIN";"JAUJA";"POMACANCHA";"GOBIERNO REGIONAL";"I-1";"00000389";"ARMONIA";"NE_0001";"";"NE_0001";"NE_0001";"NE_0001";"NE_0001";"NE_0001";"NE_0001";"NE_0001"
"2023";"07";"120422";"JUNIN";"JAUJA";"PACA";"GOBIERNO REGIONAL";"I-1";"00000386";"YANACANCHA";"NE_0001";"";"NE_0001";"NE_0001";"NE_0001";"NE_0001";"NE_0001";"NE_0001";"NE_0001"
"2023";"07";"120432";"JUNIN";"JAUJA";"TUNAN MARCA";"GOBIERNO REGIONAL";"I-1";"00000391";"TUNANMARCA";"NE_0001";"";"NE_0001";"NE_0001";"NE_0001";"NE_0001";"NE_0001";"NE_0001";"NE_0001"
"2023";"07";"120402";"JUNIN";"JAUJA";"ACOLLA";"GOBIERNO REGIONAL";"I-2";"00000383";"PACHASCUCHO";"NE_0001";"";"NE_0001";"NE_0001";"NE_0001";"NE_0001";"NE_0001";"NE_0001";"NE_0001"
"2023";"07";"120426";"JUNIN";"JAUJA";"POMACANCHA";"GOBIERNO REGIONAL";"I-2";"00000388";"POMACANCHA";"NE_0001";"";"NE_0001";"NE_0001";"NE_0001";"NE_0001";"NE_0001";"NE_0001";"NE_0001"
"2023";"07";"120426";"JUNIN";"JAUJA";"POMACANCHA";"GOBIERNO REGIONAL";"I-1";"00000390";"CASABLANCA";"NE_0001";"";"NE_0001";"NE_0001";"NE_0001";"NE_0001";"NE_0001";"NE_0001";"NE_0001"
"2023";"07";"120402";"JUNIN";"JAUJA";"ACOLLA";"GOBIERNO REGIONAL";"I-1";"00000381";"SACAS";"NE_0001";"";"NE_0001";"NE_0001";"NE_0001";"NE_0001";"NE_0001";"NE_0001";"NE_0001"
"2023";"07";"120402";"JUNIN";"JAUJA";"ACOLLA";"GOBIERNO REGIONAL";"I-2";"00000384";"TINGO PACCHA";"NE_0001";"";"NE_0001";"NE_0001";"NE_0001";"NE_0001";"NE_0001";"NE_0001";"NE_0001"
"2023";"07";"120402";"JUNIN";"JAUJA";"ACOLLA";"GOBIERNO REGIONAL";"I-3";"00000379";"ACOLLA";"NE_0001";"";"NE_0001";"NE_0001";"NE_0001";"NE_0001";"NE_0001";"NE_0001";"NE_0001"
"2023";"07";"120402";"JUNIN";"JAUJA";"ACOLLA";"GOBIERNO REGIONAL";"I-2";"00000380";"EL TINGO";"NE_0001";"";"NE_0001";"NE_0001";"NE_0001";"NE_0001";"NE_0001";"NE_0001";"NE_0001"
"2023";"07";"120402";"JUNIN";"JAUJA";"ACOLLA";"GOBIERNO REGIONAL";"I-2";"00000382";"YANAMARCA";"NE_0001";"";"NE_0001";"NE_0001";"NE_0001";"NE_0001";"NE_0001";"NE_0001";"NE_0001"
"2023";"07";"120402";"JUNIN";"JAUJA";"ACOLLA";"GOBIERNO REGIONAL";"I-1";"00006874";"CHUQUISHUARI";"NE_0001";"";"NE_0001";"NE_0001";"NE_0001";"NE_0001";"NE_0001";"NE_0001";"NE_0001"
"2023";"07";"080704";"CUSCO";"CHUMBIVILCAS";"COLQUEMARCA";"GOBIERNO REGIONAL";"I-1";"00008914";"HUAYLLANI";"NE_0001";"";"NE_0001";"NE_0001";"NE_0001";"NE_0001";"NE_0001";"NE_0001";"NE_0001"
"2023";"07";"080704";"CUSCO";"CHUMBIVILCAS";"COLQUEMARCA";"GOBIERNO REGIONAL";"I-3";"00002404";"COLQUEMARCA";"NE_0001";"";"NE_0001";"NE_0001";"NE_0001";"NE_0001";"NE_0001";"NE_0001";"NE_0001"
"2023";"07";"080704";"CUSCO";"CHUMBIVILCAS";"COLQUEMARCA";"GOBIERNO REGIONAL";"I-1";"00002405";"CHARAMURAY";"NE_0001";"";"NE_0001";"NE_0001";"NE_0001";"NE_0001";"NE_0001";"NE_0001";"NE_0001"
"2023";"07";"080704";"CUSCO";"CHUMBIVILCAS";"COLQUEMARCA";"GOBIERNO REGIONAL";"I-2";"00012932";"YANQUE";"NE_0001";"";"NE_0001";"NE_0001";"NE_0001";"NE_0001";"NE_0001";"NE_0001";"NE_0001"
"2023";"07";"110201";"ICA";"CHINCHA";"CHINCHA ALTA";"PRIVADO";"I-3";"00011272";"DANIEL A. CARRION EIRL";"NE_0001";"";"NE_0001";"NE_0001";"NE_0001";"NE_0001";"NE_0001";"NE_0001";"NE_0001"
"2023";"07";"080105";"CUSCO";"CUSCO";"SAN SEBASTIAN";"GOBIERNO REGIONAL";"II-E";"00025210";"TUPAC AMARU";"243200";"HOSPITALIZACIÓN DE PEDIATRÍA PEDIATRIA NEONATOLOGÍA";"13";"13";"30";"30";"8";"248";"0"
"2023";"07";"080105";"CUSCO";"CUSCO";"SAN SEBASTIAN";"GOBIERNO REGIONAL";"II-E";"00025210";"TUPAC AMARU";"242500";"HOSPITALIZACIÓN-PEDIATRÍA GENERAL-";"5";"5";"19";"19";"3";"93";"0"
"2023";"07";"080105";"CUSCO";"CUSCO";"SAN SEBASTIAN";"GOBIERNO REGIONAL";"II-E";"00025210";"TUPAC AMARU";"240100";"HOSPITALIZACIÓN QUIRÚRGICA CIRUGÍA GENERAL ";"4";"4";"13";"13";"6";"186";"0"
"2023";"07";"080105";"CUSCO";"CUSCO";"SAN SEBASTIAN";"GOBIERNO REGIONAL";"II-E";"00025210";"TUPAC AMARU";"245400";"HOSPITALIZACIÓN DE MEDICINA GINECOLOGIA ";"74";"74";"163";"137";"12";"372";"0"
"2023";"07";"021601";"ANCASH";"POMABAMBA";"POMABAMBA";"GOBIERNO REGIONAL";"I-1";"00001771";"PUESTO DE SALUD CHOGO";"NE_0002";"";"NE_0002";"NE_0002";"NE_0002";"NE_0002";"NE_0002";"NE_0002";"NE_0002"
"2023";"03";"020801";"ANCASH";"CASMA";"CASMA";"GOBIERNO REGIONAL";"II-1";"00001719";"HOSPITAL DE APOYO CASMA";"241800";"HOSPITALIZACIÓN DE MEDICINA MEDICINA GENERAL ";"32";"28";"141";"171";"5";"155";"1"
"2023";"03";"020801";"ANCASH";"CASMA";"CASMA";"GOBIERNO REGIONAL";"II-1";"00001719";"HOSPITAL DE APOYO CASMA";"240100";"HOSPITALIZACIÓN QUIRÚRGICA CIRUGÍA GENERAL ";"16";"15";"86";"86";"5";"155";"0"
"2023";"03";"020801";"ANCASH";"CASMA";"CASMA";"GOBIERNO REGIONAL";"II-1";"00001719";"HOSPITAL DE APOYO CASMA";"242300";"HOSPITALIZACIÓN DE PEDIATRÍA  PEDIATRÍA  GENERAL ";"13";"13";"46";"35";"10";"310";"0"
"2023";"03";"020801";"ANCASH";"CASMA";"CASMA";"GOBIERNO REGIONAL";"II-1";"00001719";"HOSPITAL DE APOYO CASMA";"241600";"HOSPITALIZACIÓN QUIRÚRGICA OBSTETRICIA   ";"54";"49";"148";"122";"9";"279";"0"
"2023";"03";"020801";"ANCASH";"CASMA";"CASMA";"GOBIERNO REGIONAL";"II-1";"00001719";"HOSPITAL DE APOYO CASMA";"241500";"HOSPITALIZACIÓN QUIRÚRGICA GINECOLOGÍA  ";"30";"29";"49";"54";"6";"186";"0"
"2023";"03";"060101";"CAJAMARCA";"CAJAMARCA";"CAJAMARCA";"GOBIERNO REGIONAL";"II-2";"00007686";"HOSPITAL REGIONAL DOCENTE CAJAMARCA";"240100";"HOSPITALIZACIÓN QUIRÚRGICA CIRUGÍA GENERAL ";"320";"323";"2323";"1830";"72";"2232";"4"
"2023";"03";"060101";"CAJAMARCA";"CAJAMARCA";"CAJAMARCA";"GOBIERNO REGIONAL";"II-2";"00007686";"HOSPITAL REGIONAL DOCENTE CAJAMARCA";"241400";"HOSPITALIZACIÓN QUIRÚRGICA GINECO - OBSTETRICIA ";"373";"364";"1015";"910";"35";"1085";"0"
"2023";"03";"060101";"CAJAMARCA";"CAJAMARCA";"CAJAMARCA";"GOBIERNO REGIONAL";"II-2";"00007686";"HOSPITAL REGIONAL DOCENTE CAJAMARCA";"241800";"HOSPITALIZACIÓN DE MEDICINA MEDICINA GENERAL ";"176";"172";"973";"951";"32";"992";"14"
"2023";"03";"060101";"CAJAMARCA";"CAJAMARCA";"CAJAMARCA";"GOBIERNO REGIONAL";"II-2";"00007686";"HOSPITAL REGIONAL DOCENTE CAJAMARCA";"243200";"HOSPITALIZACIÓN DE PEDIATRÍA PEDIATRIA NEONATOLOGÍA";"97";"96";"984";"1042";"35";"1085";"3"
"2023";"03";"060101";"CAJAMARCA";"CAJAMARCA";"CAJAMARCA";"GOBIERNO REGIONAL";"II-2";"00007686";"HOSPITAL REGIONAL DOCENTE CAJAMARCA";"242500";"HOSPITALIZACIÓN-PEDIATRÍA GENERAL-";"55";"51";"310";"398";"17";"527";"0"
"2023";"03";"060101";"CAJAMARCA";"CAJAMARCA";"CAJAMARCA";"GOBIERNO REGIONAL";"II-2";"00007686";"HOSPITAL REGIONAL DOCENTE CAJAMARCA";"250103";"UNIDAD DE CUIDADOS CRITICOS UNIDAD  DE CUIDADOS INTENSIVOS GENERALES  (UCI) MEDICINA";"27";"25";"405";"379";"13";"403";"7"
"2023";"03";"060101";"CAJAMARCA";"CAJAMARCA";"CAJAMARCA";"GOBIERNO REGIONAL";"II-2";"00007686";"HOSPITAL REGIONAL DOCENTE CAJAMARCA";"250200";"UNIDAD DE CUIDADOS CRITICOS UNIDAD DE CUIDADOS INTERMEDIOS GENERAL  (UCIN) ";"20";"18";"140";"171";"6";"186";"4"
"2023";"03";"060101";"CAJAMARCA";"CAJAMARCA";"CAJAMARCA";"GOBIERNO REGIONAL";"II-2";"00007686";"HOSPITAL REGIONAL DOCENTE CAJAMARCA";"250105";"UNIDAD DE CUIDADOS CRITICOS UNIDAD  DE CUIDADOS INTENSIVOS  (UCI) NEONATOLOGÍA";"58";"56";"307";"391";"15";"465";"2"
"2023";"03";"060101";"CAJAMARCA";"CAJAMARCA";"CAJAMARCA";"GOBIERNO REGIONAL";"II-2";"00007686";"HOSPITAL REGIONAL DOCENTE CAJAMARCA";"242200";"HOSPITALIZACIÓN DE MEDICINA PSIQUIATRÍA ";"11";"8";"111";"157";"6";"186";"0"
"2023";"03";"220901";"SAN MARTIN";"SAN MARTIN";"TARAPOTO";"GOBIERNO REGIONAL";"I-3";"00006370";"PUNTA DEL ESTE";"NE_0001";"";"NE_0001";"NE_0001";"NE_0001";"NE_0001";"NE_0001";"NE_0001";"NE_0001"
"2023";"03";"220901";"SAN MARTIN";"SAN MARTIN";"TARAPOTO";"GOBIERNO REGIONAL";"I-1";"00006363";"ATUMPAMPA";"NE_0001";"";"NE_0001";"NE_0001";"NE_0001";"NE_0001";"NE_0001";"NE_0001";"NE_0001"
"2023";"03";"220901";"SAN MARTIN";"SAN MARTIN";"TARAPOTO";"GOBIERNO REGIONAL";"I-1";"00006373";"SANTA ROSA DE CUMBAZA";"NE_0001";"";"NE_0001";"NE_0001";"NE_0001";"NE_0001";"NE_0001";"NE_0001";"NE_0001"
"2023";"03";"220901";"SAN MARTIN";"SAN MARTIN";"TARAPOTO";"GOBIERNO REGIONAL";"I-2";"00006371";"HUAYCO TARAPOTO";"NE_0001";"";"NE_0001";"NE_0001";"NE_0001";"NE_0001";"NE_0001";"NE_0001";"NE_0001"
"2023";"03";"220901";"SAN MARTIN";"SAN MARTIN";"TARAPOTO";"GOBIERNO REGIONAL";"I-3";"00006362";"CENTRO DE SALUD NUEVE DE ABRIL";"NE_0001";"";"NE_0001";"NE_0001";"NE_0001";"NE_0001";"NE_0001";"NE_0001";"NE_0001"
"2023";"03";"250107";"UCAYALI";"CORONEL PORTILLO";"MANANTAY";"ESSALUD";"I-2";"00013874";"POSTA MEDICA DE MANANTAY";"NE_0001";"";"NE_0001";"NE_0001";"NE_0001";"NE_0001";"NE_0001";"NE_0001";"NE_0001"
"2023";"03";"150131";"LIMA";"LIMA";"SAN ISIDRO";"PRIVADO";"II-E";"00009933";"CLINICA OFTALMOLOGICA MACULA D&T";"NE_0001";"";"NE_0001";"NE_0001";"NE_0001";"NE_0001";"NE_0001";"NE_0001";"NE_0001"
"2023";"04";"130102";"LA LIBERTAD";"TRUJILLO";"EL PORVENIR";"ESSALUD";"I-4";"00009041";"CENTRO DE SALUD CON INTERNAMIENTO EL PORVENIR";"241800";"HOSPITALIZACIÓN DE MEDICINA MEDICINA GENERAL ";"21";"26";"164";"140";"5";"150";"0"
"2023";"04";"130102";"LA LIBERTAD";"TRUJILLO";"EL PORVENIR";"ESSALUD";"I-4";"00009041";"CENTRO DE SALUD CON INTERNAMIENTO EL PORVENIR";"240100";"HOSPITALIZACIÓN QUIRÚRGICA CIRUGÍA GENERAL ";"0";"1";"11";"7";"1";"30";"0"
"2023";"04";"130102";"LA LIBERTAD";"TRUJILLO";"EL PORVENIR";"ESSALUD";"I-4";"00009041";"CENTRO DE SALUD CON INTERNAMIENTO EL PORVENIR";"241400";"HOSPITALIZACIÓN QUIRÚRGICA GINECO - OBSTETRICIA ";"4";"3";"12";"14";"1";"30";"0"
"2023";"04";"150131";"LIMA";"LIMA";"SAN ISIDRO";"PRIVADO";"II-E";"00027320";"CLINICA AUNA GUARDIA CIVIL";"240000";"HOSPITALIZACIÓN";"90";"92";"352";"366";"25";"750";"4"
"2023";"04";"150131";"LIMA";"LIMA";"SAN ISIDRO";"PRIVADO";"II-E";"00027320";"CLINICA AUNA GUARDIA CIVIL";"250100";"UNIDAD DE CUIDADOS CRITICOS UNIDAD  DE CUIDADOS INTENSIVOS GENERALES (UCI) ";"3";"3";"28";"29";"3";"90";"1"
"2023";"04";"080902";"CUSCO";"LA CONVENCION";"ECHARATE";"GOBIERNO REGIONAL";"I-1";"00002450";"SAN ANTONIO";"NE_0001";"";"NE_0001";"NE_0001";"NE_0001";"NE_0001";"NE_0001";"NE_0001";"NE_0001"
"2023";"04";"080902";"CUSCO";"LA CONVENCION";"ECHARATE";"GOBIERNO REGIONAL";"I-2";"00002429";"CIRIALO";"NE_0001";"";"NE_0001";"NE_0001";"NE_0001";"NE_0001";"NE_0001";"NE_0001";"NE_0001"
"2023";"04";"080902";"CUSCO";"LA CONVENCION";"ECHARATE";"GOBIERNO REGIONAL";"I-2";"00002433";"KORIBENI";"NE_0001";"";"NE_0001";"NE_0001";"NE_0001";"NE_0001";"NE_0001";"NE_0001";"NE_0001"
"2023";"04";"080902";"CUSCO";"LA CONVENCION";"ECHARATE";"GOBIERNO REGIONAL";"I-4";"00002439";"PALMA REAL";"NE_0001";"";"NE_0001";"NE_0001";"NE_0001";"NE_0001";"NE_0001";"NE_0001";"NE_0001"
"2023";"04";"080902";"CUSCO";"LA CONVENCION";"ECHARATE";"GOBIERNO REGIONAL";"I-1";"00002449";"ICHIQUIATO";"NE_0001";"";"NE_0001";"NE_0001";"NE_0001";"NE_0001";"NE_0001";"NE_0001";"NE_0001"
"2023";"05";"150132";"LIMA";"LIMA";"SAN JUAN DE LURIGANCHO";"PRIVADO";"I-2";"00024750";"ARIE";"NE_0002";"";"NE_0002";"NE_0002";"NE_0002";"NE_0002";"NE_0002";"NE_0002";"NE_0002"
"2023";"06";"120101";"JUNIN";"HUANCAYO";"HUANCAYO";"PRIVADO";"II-E";"00025973";"CLINICA ZARATE";"241800";"HOSPITALIZACIÓN DE MEDICINA MEDICINA GENERAL ";"71";"70";"21";"179";"15";"285";"1"
"2023";"06";"250105";"UCAYALI";"CORONEL PORTILLO";"YARINACOCHA";"ESSALUD";"I-3";"00032194";"CENTRO  DE SALUD ALAMEDAS - ESSALUD";"NE_0001";"";"NE_0001";"NE_0001";"NE_0001";"NE_0001";"NE_0001";"NE_0001";"NE_0001"
"2023";"06";"220601";"SAN MARTIN";"MARISCAL CACERES";"JUANJUI";"GOBIERNO REGIONAL";"I-1";"00006551";"CAYENA";"NE_0001";"";"NE_0001";"NE_0001";"NE_0001";"NE_0001";"NE_0001";"NE_0001";"NE_0001"
"2023";"06";"220604";"SAN MARTIN";"MARISCAL CACERES";"PACHIZA";"GOBIERNO REGIONAL";"I-1";"00006558";"SAN JUAN DEL CAÑO";"NE_0001";"";"NE_0001";"NE_0001";"NE_0001";"NE_0001";"NE_0001";"NE_0001";"NE_0001"
"2023";"06";"220601";"SAN MARTIN";"MARISCAL CACERES";"JUANJUI";"GOBIERNO REGIONAL";"I-1";"00006552";"HUINGUILLO";"NE_0001";"";"NE_0001";"NE_0001";"NE_0001";"NE_0001";"NE_0001";"NE_0001";"NE_0001"
"2023";"06";"150122";"LIMA";"LIMA";"MIRAFLORES";"ESSALUD";"II-2";"00008489";"ESSALUD - HOSPITAL III SUÁREZ ANGAMOS";"250100";"UNIDAD DE CUIDADOS CRITICOS UNIDAD  DE CUIDADOS INTENSIVOS GENERALES (UCI) ";"6";"6";"20";"128";"7";"210";"1"
"2023";"05";"130107";"LA LIBERTAD";"TRUJILLO";"MOCHE";"ESSALUD";"I-4";"00009038";"CENTRO DE SALUD CON INTERNAMIENTO MOCHE";"241800";"HOSPITALIZACIÓN DE MEDICINA MEDICINA GENERAL ";"38";"41";"212";"213";"8";"248";"0"
"2023";"05";"120101";"JUNIN";"HUANCAYO";"HUANCAYO";"PRIVADO";"II-E";"00024425";"CLÍNICA MEDICA SALAZAR";"241800";"HOSPITALIZACIÓN DE MEDICINA MEDICINA GENERAL ";"32";"32";"48";"430";"15";"465";"0"
"2023";"06";"150122";"LIMA";"LIMA";"MIRAFLORES";"ESSALUD";"II-2";"00008489";"ESSALUD - HOSPITAL III SUÁREZ ANGAMOS";"250200";"UNIDAD DE CUIDADOS CRITICOS UNIDAD DE CUIDADOS INTERMEDIOS GENERAL  (UCIN) ";"5";"8";"20";"101";"6";"180";"1"
"2023";"06";"150122";"LIMA";"LIMA";"MIRAFLORES";"ESSALUD";"II-2";"00008489";"ESSALUD - HOSPITAL III SUÁREZ ANGAMOS";"241800";"HOSPITALIZACIÓN DE MEDICINA MEDICINA GENERAL ";"110";"106";"914";"686";"24";"713";"10"
"2023";"06";"150122";"LIMA";"LIMA";"MIRAFLORES";"ESSALUD";"II-2";"00008489";"ESSALUD - HOSPITAL III SUÁREZ ANGAMOS";"240100";"HOSPITALIZACIÓN QUIRÚRGICA CIRUGÍA GENERAL ";"210";"212";"485";"477";"20";"589";"0"
"2023";"06";"150122";"LIMA";"LIMA";"MIRAFLORES";"ESSALUD";"II-2";"00008489";"ESSALUD - HOSPITAL III SUÁREZ ANGAMOS";"241400";"HOSPITALIZACIÓN QUIRÚRGICA GINECO - OBSTETRICIA ";"51";"50";"107";"106";"4";"128";"0"
"2023";"06";"150122";"LIMA";"LIMA";"MIRAFLORES";"ESSALUD";"II-2";"00008489";"ESSALUD - HOSPITAL III SUÁREZ ANGAMOS";"241600";"HOSPITALIZACIÓN QUIRÚRGICA OBSTETRICIA   ";"210";"211";"361";"319";"13";"392";"0"
"2023";"06";"150122";"LIMA";"LIMA";"MIRAFLORES";"ESSALUD";"II-2";"00008489";"ESSALUD - HOSPITAL III SUÁREZ ANGAMOS";"242300";"HOSPITALIZACIÓN DE PEDIATRÍA  PEDIATRÍA  GENERAL ";"84";"81";"255";"266";"10";"308";"0"
"2023";"06";"150122";"LIMA";"LIMA";"MIRAFLORES";"ESSALUD";"II-2";"00008489";"ESSALUD - HOSPITAL III SUÁREZ ANGAMOS";"243200";"HOSPITALIZACIÓN DE PEDIATRÍA PEDIATRIA NEONATOLOGÍA";"18";"19";"56";"51";"4";"113";"0"
"2023";"06";"211101";"PUNO";"SAN ROMAN";"JULIACA";"GOBIERNO REGIONAL";"II-2";"00003299";"CARLOS MONJE MEDRANO";"241200";"HOSPITALIZACIÓN QUIRÚRGICA TRAUMATOLOGÍA Y ORTOPEDIA ";"30";"39";"261";"39";"12";"360";"0"
"2023";"06";"211101";"PUNO";"SAN ROMAN";"JULIACA";"GOBIERNO REGIONAL";"II-2";"00003299";"CARLOS MONJE MEDRANO";"250100";"UNIDAD DE CUIDADOS CRITICOS UNIDAD  DE CUIDADOS INTENSIVOS GENERALES (UCI) ";"3";"5";"57";"5";"6";"180";"5"
"2023";"06";"211101";"PUNO";"SAN ROMAN";"JULIACA";"GOBIERNO REGIONAL";"II-2";"00003299";"CARLOS MONJE MEDRANO";"250105";"UNIDAD DE CUIDADOS CRITICOS UNIDAD  DE CUIDADOS INTENSIVOS  (UCI) NEONATOLOGÍA";"9";"13";"90";"13";"6";"180";"5"
"2023";"06";"211101";"PUNO";"SAN ROMAN";"JULIACA";"GOBIERNO REGIONAL";"II-2";"00003299";"CARLOS MONJE MEDRANO";"250108";"UNIDAD DE CUIDADOS CRITICOS UNIDAD  DE CUIDADOS INTENSIVOS  (UCI) PEDIÁTRICA";"3";"3";"22";"3";"6";"180";"0"
"2023";"06";"211101";"PUNO";"SAN ROMAN";"JULIACA";"GOBIERNO REGIONAL";"II-2";"00003299";"CARLOS MONJE MEDRANO";"250200";"UNIDAD DE CUIDADOS CRITICOS UNIDAD DE CUIDADOS INTERMEDIOS GENERAL  (UCIN) ";"4";"7";"75";"7";"6";"180";"0"
"2023";"06";"211101";"PUNO";"SAN ROMAN";"JULIACA";"GOBIERNO REGIONAL";"II-2";"00003299";"CARLOS MONJE MEDRANO";"241300";"HOSPITALIZACIÓN QUIRÚRGICA UROLOGÍA  ";"2";"4";"29";"4";"3";"90";"0"
"2023";"05";"070101";"CALLAO";"CALLAO";"CALLAO";"PRIVADO";"II-E";"00025535";"CLÍNICA  OQUENDO";"240000";"HOSPITALIZACIÓN";"16";"16";"23";"16";"11";"330";"1"
"2023";"07";"150143";"LIMA";"LIMA";"VILLA MARIA DEL TRIUNFO";"PRIVADO";"I-4";"00010229";"CENTRO MEDICO ESPECIALIZADO VIRGEN DE LAS MERCEDES E.I.R.L";"NE_0002";"";"NE_0002";"NE_0002";"NE_0002";"NE_0002";"NE_0002";"NE_0002";"NE_0002"
"2023";"07";"150103";"LIMA";"LIMA";"ATE";"SANIDAD DE LA POLICIA NACIONAL DEL PERU";"I-3";"00012275";"POLICLINICO PNP DINOES";"NE_0001";"";"NE_0001";"NE_0001";"NE_0001";"NE_0001";"NE_0001";"NE_0001";"NE_0001"
"2023";"01";"110201";"ICA";"CHINCHA";"CHINCHA ALTA";"PRIVADO";"II-1";"00020979";"CLINICA DE LOS VASQUEZ S.A.C.";"240000";"HOSPITALIZACIÓN";"32";"30";"62";"33";"12";"372";"0"
"2023";"07";"150130";"LIMA";"LIMA";"SAN BORJA";"PRIVADO";"II-E";"00015934";"CENTRO DE CIRUGÍA ESTÉTICA LAS CONDES";"240800";"HOSPITALIZACIÓN QUIRÚRGICA CIRUGÍA PLÁSTICA/RECONSTRUCTIVA/ REPARADORA ";"147";"143";"232";"169";"9";"186";"0"
"2023";"07";"120425";"JUNIN";"JAUJA";"PARCO";"GOBIERNO REGIONAL";"I-2";"00000374";"PARCO";"NE_0001";"";"NE_0001";"NE_0001";"NE_0001";"NE_0001";"NE_0001";"NE_0001";"NE_0001"
"2023";"07";"120405";"JUNIN";"JAUJA";"CANCHAYLLO";"GOBIERNO REGIONAL";"I-2";"00000424";"CANCHAYLLO";"NE_0001";"";"NE_0001";"NE_0001";"NE_0001";"NE_0001";"NE_0001";"NE_0001";"NE_0001"
"2023";"07";"120414";"JUNIN";"JAUJA";"LLOCLLAPAMPA";"GOBIERNO REGIONAL";"I-3";"00000427";"LLOCLLAPAMPA";"NE_0001";"";"NE_0001";"NE_0001";"NE_0001";"NE_0001";"NE_0001";"NE_0001";"NE_0001"
"2023";"07";"120411";"JUNIN";"JAUJA";"JANJAILLO";"GOBIERNO REGIONAL";"I-2";"00000426";"JANJAILLO";"NE_0001";"";"NE_0001";"NE_0001";"NE_0001";"NE_0001";"NE_0001";"NE_0001";"NE_0001"
"2023";"07";"120425";"JUNIN";"JAUJA";"PARCO";"GOBIERNO REGIONAL";"I-1";"00000375";"ULLUSCA";"NE_0001";"";"NE_0001";"NE_0001";"NE_0001";"NE_0001";"NE_0001";"NE_0001";"NE_0001"
"2023";"07";"060201";"CAJAMARCA";"CAJABAMBA";"CAJABAMBA";"GOBIERNO REGIONAL";"II-1";"00004511";"DE APOYO CAJABAMBA";"240100";"HOSPITALIZACIÓN QUIRÚRGICA CIRUGÍA GENERAL ";"10";"10";"27";"27";"4";"124";"0"
"2023";"07";"060201";"CAJAMARCA";"CAJABAMBA";"CAJABAMBA";"GOBIERNO REGIONAL";"II-1";"00004511";"DE APOYO CAJABAMBA";"241400";"HOSPITALIZACIÓN QUIRÚRGICA GINECO - OBSTETRICIA ";"140";"148";"307";"261";"14";"434";"0"
"2023";"07";"060201";"CAJAMARCA";"CAJABAMBA";"CAJABAMBA";"GOBIERNO REGIONAL";"II-1";"00004511";"DE APOYO CAJABAMBA";"241800";"HOSPITALIZACIÓN DE MEDICINA MEDICINA GENERAL ";"27";"31";"138";"108";"6";"186";"3"
"2023";"07";"060201";"CAJAMARCA";"CAJABAMBA";"CAJABAMBA";"GOBIERNO REGIONAL";"II-1";"00004511";"DE APOYO CAJABAMBA";"242500";"HOSPITALIZACIÓN-PEDIATRÍA GENERAL-";"16";"17";"45";"39";"6";"186";"0"
"2023";"07";"110201";"ICA";"CHINCHA";"CHINCHA ALTA";"PRIVADO";"II-1";"00010559";"CLINICA DANIEL A. CARRION S.A.C.";"241400";"HOSPITALIZACIÓN QUIRÚRGICA GINECO - OBSTETRICIA ";"13";"13";"14";"14";"4";"124";"0"
"2023";"07";"110201";"ICA";"CHINCHA";"CHINCHA ALTA";"PRIVADO";"II-1";"00010559";"CLINICA DANIEL A. CARRION S.A.C.";"241800";"HOSPITALIZACIÓN DE MEDICINA MEDICINA GENERAL ";"1";"1";"3";"3";"1";"31";"0"
"2023";"07";"110201";"ICA";"CHINCHA";"CHINCHA ALTA";"PRIVADO";"II-1";"00010559";"CLINICA DANIEL A. CARRION S.A.C.";"242300";"HOSPITALIZACIÓN DE PEDIATRÍA  PEDIATRÍA  GENERAL ";"4";"3";"5";"6";"1";"31";"0"
"2023";"07";"040101";"AREQUIPA";"AREQUIPA";"AREQUIPA";"PRIVADO";"II-E";"00016486";"CLÍNICA DE OJOS Y LA VISTA FUNDAR E.I.R.L.";"NE_0001";"";"NE_0001";"NE_0001";"NE_0001";"NE_0001";"NE_0001";"NE_0001";"NE_0001"
"2023";"07";"150130";"LIMA";"LIMA";"SAN BORJA";"PRIVADO";"II-E";"00013383";"CLINICA SANTA ISABEL";"241400";"HOSPITALIZACIÓN QUIRÚRGICA GINECO - OBSTETRICIA ";"166";"174";"522";"543";"25";"775";"0"
"2023";"07";"150501";"LIMA";"CAÑETE";"SAN VICENTE DE CAÑETE";"GOBIERNO REGIONAL";"II-2";"00005986";"HOSPITAL REZOLA";"242500";"HOSPITALIZACIÓN-PEDIATRÍA GENERAL-";"38";"44";"285";"231";"10";"310";"0"
"2023";"07";"150501";"LIMA";"CAÑETE";"SAN VICENTE DE CAÑETE";"GOBIERNO REGIONAL";"II-2";"00005986";"HOSPITAL REZOLA";"243200";"HOSPITALIZACIÓN DE PEDIATRÍA PEDIATRIA NEONATOLOGÍA";"23";"30";"201";"165";"10";"310";"0"
"2023";"07";"150501";"LIMA";"CAÑETE";"SAN VICENTE DE CAÑETE";"GOBIERNO REGIONAL";"II-2";"00005986";"HOSPITAL REZOLA";"250103";"UNIDAD DE CUIDADOS CRITICOS UNIDAD  DE CUIDADOS INTENSIVOS GENERALES  (UCI) MEDICINA";"0";"2";"26";"15";"4";"124";"1"
"2023";"07";"150501";"LIMA";"CAÑETE";"SAN VICENTE DE CAÑETE";"GOBIERNO REGIONAL";"II-2";"00005986";"HOSPITAL REZOLA";"250105";"UNIDAD DE CUIDADOS CRITICOS UNIDAD  DE CUIDADOS INTENSIVOS  (UCI) NEONATOLOGÍA";"5";"7";"41";"29";"5";"155";"2"
"2023";"07";"150133";"LIMA";"LIMA";"SAN JUAN DE MIRAFLORES";"PRIVADO";"II-E";"00017676";"OFTALMOSALUD";"NE_0001";"";"NE_0001";"NE_0001";"NE_0001";"NE_0001";"NE_0001";"NE_0001";"NE_0001"
"2023";"07";"150131";"LIMA";"LIMA";"SAN ISIDRO";"PRIVADO";"II-E";"00016113";"CLINICA ZIEGLER CIRUGIA PLASTICA";"240800";"HOSPITALIZACIÓN QUIRÚRGICA CIRUGÍA PLÁSTICA/RECONSTRUCTIVA/ REPARADORA ";"6";"6";"6";"2";"3";"18";"0"
"2023";"07";"150117";"LIMA";"LIMA";"LOS OLIVOS";"PRIVADO";"II-E";"00023852";"OFTALMOSALUD";"NE_0001";"";"NE_0001";"NE_0001";"NE_0001";"NE_0001";"NE_0001";"NE_0001";"NE_0001"
"2023";"07";"220805";"SAN MARTIN";"RIOJA";"PARDO MIGUEL";"GOBIERNO REGIONAL";"I-1";"00006309";"TUMBARO";"NE_0001";"";"NE_0001";"NE_0001";"NE_0001";"NE_0001";"NE_0001";"NE_0001";"NE_0001"
"2023";"05";"150141";"LIMA";"LIMA";"SURQUILLO";"PRIVADO";"II-E";"00012020";"CLINICA OFTALMOLOGICA ESPECIALIZADA ÑAHUI";"NE_0001";"";"NE_0001";"NE_0001";"NE_0001";"NE_0001";"NE_0001";"NE_0001";"NE_0001"
"2023";"05";"150130";"LIMA";"LIMA";"SAN BORJA";"PRIVADO";"II-E";"00011056";"OFTALMIC SERVICE SAC";"NE_0001";"";"NE_0001";"NE_0001";"NE_0001";"NE_0001";"NE_0001";"NE_0001";"NE_0001"
"2023";"06";"160101";"LORETO";"MAYNAS";"IQUITOS";"PRIVADO";"II-1";"00011737";"CLINICA SAN JUAN";"241400";"HOSPITALIZACIÓN QUIRÚRGICA GINECO - OBSTETRICIA ";"3";"3";"2";"6";"9";"10";"0"
"2023";"06";"070106";"CALLAO";"CALLAO";"VENTANILLA";"SANIDAD DE LA POLICIA NACIONAL DEL PERU";"I-2";"00010573";"POSTA MEDICA POLICIAL VENTANILLA";"NE_0001";"";"NE_0001";"NE_0001";"NE_0001";"NE_0001";"NE_0001";"NE_0001";"NE_0001"
"2023";"06";"140101";"LAMBAYEQUE";"CHICLAYO";"CHICLAYO";"SANIDAD DE LA POLICIA NACIONAL DEL PERU";"I-4";"00011833";"HOSPITAL REGIONAL POLICIAL CHICLAYO";"241800";"HOSPITALIZACIÓN DE MEDICINA MEDICINA GENERAL ";"58";"67";"291";"263";"16";"480";"2"
"2023";"06";"220910";"SAN MARTIN";"SAN MARTIN";"MORALES";"ESSALUD";"I-2";"00027730";"CENTRO DE ATENCIÓN PRIMARIA MORALES - ESSALUD";"NE_0001";"";"NE_0001";"NE_0001";"NE_0001";"NE_0001";"NE_0001";"NE_0001";"NE_0001"
"2023";"06";"100604";"HUANUCO";"LEONCIO PRADO";"JOSE CRESPO Y CASTILLO";"ESSALUD";"I-2";"00027083";"POSTA MÉDICA AUCAYACU";"NE_0001";"";"NE_0001";"NE_0001";"NE_0001";"NE_0001";"NE_0001";"NE_0001";"NE_0001"
"2023";"06";"130101";"LA LIBERTAD";"TRUJILLO";"TRUJILLO";"PRIVADO";"II-1";"00012292";"CLINICA  BELMED";"240800";"HOSPITALIZACIÓN QUIRÚRGICA CIRUGÍA PLÁSTICA/RECONSTRUCTIVA/ REPARADORA ";"0";"0";"0";"1";"4";"5";"0"
"2023";"06";"040109";"AREQUIPA";"AREQUIPA";"MARIANO MELGAR";"PRIVADO";"II-E";"00019481";"CLINICA J. PRADO SANTA MARIA E.I.R.L.";"240000";"HOSPITALIZACIÓN";"222";"225";"322";"314";"35";"1050";"0"
"2023";"06";"130902";"LA LIBERTAD";"SANCHEZ CARRION";"CHUGAY";"GOBIERNO REGIONAL";"I-2";"00005353";"UCHUBAMBA";"NE_0001";"";"NE_0001";"NE_0001";"NE_0001";"NE_0001";"NE_0001";"NE_0001";"NE_0001"
"2023";"06";"130902";"LA LIBERTAD";"SANCHEZ CARRION";"CHUGAY";"GOBIERNO REGIONAL";"I-2";"00005354";"COCHABAMBA";"NE_0001";"";"NE_0001";"NE_0001";"NE_0001";"NE_0001";"NE_0001";"NE_0001";"NE_0001"
"2023";"06";"130902";"LA LIBERTAD";"SANCHEZ CARRION";"CHUGAY";"GOBIERNO REGIONAL";"I-2";"00017924";"UCHUY";"NE_0001";"";"NE_0001";"NE_0001";"NE_0001";"NE_0001";"NE_0001";"NE_0001";"NE_0001"
"2023";"06";"130902";"LA LIBERTAD";"SANCHEZ CARRION";"CHUGAY";"GOBIERNO REGIONAL";"I-2";"00005352";"CHUGAY";"NE_0001";"";"NE_0001";"NE_0001";"NE_0001";"NE_0001";"NE_0001";"NE_0001";"NE_0001"
"2023";"06";"130902";"LA LIBERTAD";"SANCHEZ CARRION";"CHUGAY";"GOBIERNO REGIONAL";"I-1";"00018297";"HUAGUIL";"NE_0001";"";"NE_0001";"NE_0001";"NE_0001";"NE_0001";"NE_0001";"NE_0001";"NE_0001"
"2023";"06";"130902";"LA LIBERTAD";"SANCHEZ CARRION";"CHUGAY";"GOBIERNO REGIONAL";"I-1";"00029509";"PUESTO DE SALUD AHIJADERO";"NE_0001";"";"NE_0001";"NE_0001";"NE_0001";"NE_0001";"NE_0001";"NE_0001";"NE_0001"
"2023";"06";"130902";"LA LIBERTAD";"SANCHEZ CARRION";"CHUGAY";"GOBIERNO REGIONAL";"I-1";"00024527";"NUEVO HUAYCHO";"NE_0001";"";"NE_0001";"NE_0001";"NE_0001";"NE_0001";"NE_0001";"NE_0001";"NE_0001"
"2023";"06";"130902";"LA LIBERTAD";"SANCHEZ CARRION";"CHUGAY";"GOBIERNO REGIONAL";"I-2";"00018225";"CANUCUBAMBA";"NE_0001";"";"NE_0001";"NE_0001";"NE_0001";"NE_0001";"NE_0001";"NE_0001";"NE_0001"
"2023";"06";"130902";"LA LIBERTAD";"SANCHEZ CARRION";"CHUGAY";"GOBIERNO REGIONAL";"I-1";"00031804";"PUESTO DE SALUD PAJA BLANCA";"NE_0001";"";"NE_0001";"NE_0001";"NE_0001";"NE_0001";"NE_0001";"NE_0001";"NE_0001"
"2023";"06";"150116";"LIMA";"LIMA";"LINCE";"PRIVADO";"I-3";"00017909";"POLICLINICO RISSO";"NE_0001";"";"NE_0001";"NE_0001";"NE_0001";"NE_0001";"NE_0001";"NE_0001";"NE_0001"
"2023";"06";"080801";"CUSCO";"ESPINAR";"ESPINAR";"GOBIERNO REGIONAL";"II-1";"00007135";"ESPINAR";"240100";"HOSPITALIZACIÓN QUIRÚRGICA CIRUGÍA GENERAL ";"27";"27";"109";"107";"8";"240";"0"
"2023";"06";"080801";"CUSCO";"ESPINAR";"ESPINAR";"GOBIERNO REGIONAL";"II-1";"00007135";"ESPINAR";"241600";"HOSPITALIZACIÓN QUIRÚRGICA OBSTETRICIA   ";"60";"57";"136";"133";"13";"390";"0"
"2023";"06";"080801";"CUSCO";"ESPINAR";"ESPINAR";"GOBIERNO REGIONAL";"II-1";"00007135";"ESPINAR";"241800";"HOSPITALIZACIÓN DE MEDICINA MEDICINA GENERAL ";"2";"3";"18";"16";"8";"240";"0"
"2023";"06";"080801";"CUSCO";"ESPINAR";"ESPINAR";"GOBIERNO REGIONAL";"II-1";"00007135";"ESPINAR";"242500";"HOSPITALIZACIÓN-PEDIATRÍA GENERAL-";"19";"19";"87";"83";"5";"150";"0"
"2023";"06";"080801";"CUSCO";"ESPINAR";"ESPINAR";"GOBIERNO REGIONAL";"II-1";"00007135";"ESPINAR";"243200";"HOSPITALIZACIÓN DE PEDIATRÍA PEDIATRIA NEONATOLOGÍA";"9";"8";"21";"21";"1";"30";"0"
"2023";"06";"080801";"CUSCO";"ESPINAR";"ESPINAR";"GOBIERNO REGIONAL";"II-1";"00007135";"ESPINAR";"241500";"HOSPITALIZACIÓN QUIRÚRGICA GINECOLOGÍA  ";"15";"13";"27";"25";"7";"210";"0"
"2023";"06";"130904";"LA LIBERTAD";"SANCHEZ CARRION";"CURGOS";"GOBIERNO REGIONAL";"I-1";"00021651";"HUAYLLAGUAL";"NE_0001";"";"NE_0001";"NE_0001";"NE_0001";"NE_0001";"NE_0001";"NE_0001";"NE_0001"
"2023";"06";"130904";"LA LIBERTAD";"SANCHEZ CARRION";"CURGOS";"GOBIERNO REGIONAL";"I-1";"00021652";"EL CALVARIO";"NE_0001";"";"NE_0001";"NE_0001";"NE_0001";"NE_0001";"NE_0001";"NE_0001";"NE_0001"
"2023";"06";"130904";"LA LIBERTAD";"SANCHEZ CARRION";"CURGOS";"GOBIERNO REGIONAL";"I-2";"00005357";"CURGOS-WALTER JUNIOR VELARDE ARTEAGA";"NE_0001";"";"NE_0001";"NE_0001";"NE_0001";"NE_0001";"NE_0001";"NE_0001";"NE_0001"
"2023";"06";"060801";"CAJAMARCA";"JAEN";"JAEN";"GOBIERNO REGIONAL";"I-2";"00004216";"LA CASCARILLA";"NE_0001";"";"NE_0001";"NE_0001";"NE_0001";"NE_0001";"NE_0001";"NE_0001";"NE_0001"
"2023";"06";"060801";"CAJAMARCA";"JAEN";"JAEN";"GOBIERNO REGIONAL";"I-1";"00024719";"LA VIRGINIA";"NE_0001";"";"NE_0001";"NE_0001";"NE_0001";"NE_0001";"NE_0001";"NE_0001";"NE_0001"
"2023";"06";"060801";"CAJAMARCA";"JAEN";"JAEN";"GOBIERNO REGIONAL";"I-1";"00004222";"ALTO VISTA ALEGRE";"NE_0001";"";"NE_0001";"NE_0001";"NE_0001";"NE_0001";"NE_0001";"NE_0001";"NE_0001"
"2023";"06";"060801";"CAJAMARCA";"JAEN";"JAEN";"GOBIERNO REGIONAL";"I-1";"00006994";"LOMA SANTA";"NE_0001";"";"NE_0001";"NE_0001";"NE_0001";"NE_0001";"NE_0001";"NE_0001";"NE_0001"
"2023";"06";"060801";"CAJAMARCA";"JAEN";"JAEN";"GOBIERNO REGIONAL";"I-3";"00025526";"LOS SAUCES";"NE_0001";"";"NE_0001";"NE_0001";"NE_0001";"NE_0001";"NE_0001";"NE_0001";"NE_0001"
"2023";"06";"060801";"CAJAMARCA";"JAEN";"JAEN";"GOBIERNO REGIONAL";"I-3";"00004212";"MAGLLANAL";"NE_0001";"";"NE_0001";"NE_0001";"NE_0001";"NE_0001";"NE_0001";"NE_0001";"NE_0001"
"2023";"06";"060801";"CAJAMARCA";"JAEN";"JAEN";"GOBIERNO REGIONAL";"I-1";"00016137";"RINCONADA LAJEÑA";"NE_0001";"";"NE_0001";"NE_0001";"NE_0001";"NE_0001";"NE_0001";"NE_0001";"NE_0001"
"2023";"06";"060801";"CAJAMARCA";"JAEN";"JAEN";"GOBIERNO REGIONAL";"I-1";"00015392";"SAN JOSE DE LA ALIANZA";"NE_0001";"";"NE_0001";"NE_0001";"NE_0001";"NE_0001";"NE_0001";"NE_0001";"NE_0001"
"2023";"06";"150131";"LIMA";"LIMA";"SAN ISIDRO";"PRIVADO";"II-1";"00009888";"CLINICA UNIPLAST S.A.C.";"240800";"HOSPITALIZACIÓN QUIRÚRGICA CIRUGÍA PLÁSTICA/RECONSTRUCTIVA/ REPARADORA ";"9";"9";"9";"9";"3";"90";"0"
"2023";"06";"130906";"LA LIBERTAD";"SANCHEZ CARRION";"SANAGORAN";"GOBIERNO REGIONAL";"I-2";"00005360";"VENTANAS";"NE_0001";"";"NE_0001";"NE_0001";"NE_0001";"NE_0001";"NE_0001";"NE_0001";"NE_0001"
"2023";"06";"130906";"LA LIBERTAD";"SANCHEZ CARRION";"SANAGORAN";"GOBIERNO REGIONAL";"I-2";"00005360";"VENTANAS";"NE_0001";"";"NE_0001";"NE_0001";"NE_0001";"NE_0001";"NE_0001";"NE_0001";"NE_0001"
"2023";"06";"130906";"LA LIBERTAD";"SANCHEZ CARRION";"SANAGORAN";"GOBIERNO REGIONAL";"I-1";"00019765";"24 DE JUNIO";"NE_0001";"";"NE_0001";"NE_0001";"NE_0001";"NE_0001";"NE_0001";"NE_0001";"NE_0001"
"2023";"06";"130906";"LA LIBERTAD";"SANCHEZ CARRION";"SANAGORAN";"GOBIERNO REGIONAL";"I-2";"00005359";"SANAGORAN";"NE_0001";"";"NE_0001";"NE_0001";"NE_0001";"NE_0001";"NE_0001";"NE_0001";"NE_0001"
"2023";"06";"130906";"LA LIBERTAD";"SANCHEZ CARRION";"SANAGORAN";"GOBIERNO REGIONAL";"I-2";"00007240";"HUALASGOSDAY";"NE_0001";"";"NE_0001";"NE_0001";"NE_0001";"NE_0001";"NE_0001";"NE_0001";"NE_0001"
"2023";"06";"130906";"LA LIBERTAD";"SANCHEZ CARRION";"SANAGORAN";"GOBIERNO REGIONAL";"I-2";"00007241";"CORRAL GRANDE";"NE_0001";"";"NE_0001";"NE_0001";"NE_0001";"NE_0001";"NE_0001";"NE_0001";"NE_0001"
"2023";"06";"130907";"LA LIBERTAD";"SANCHEZ CARRION";"SARIN";"GOBIERNO REGIONAL";"I-2";"00011627";"CERPAQUINO";"NE_0001";"";"NE_0001";"NE_0001";"NE_0001";"NE_0001";"NE_0001";"NE_0001";"NE_0001"
"2023";"06";"130907";"LA LIBERTAD";"SANCHEZ CARRION";"SARIN";"GOBIERNO REGIONAL";"I-2";"00005361";"SARIN";"NE_0001";"";"NE_0001";"NE_0001";"NE_0001";"NE_0001";"NE_0001";"NE_0001";"NE_0001"
"2023";"06";"130907";"LA LIBERTAD";"SANCHEZ CARRION";"SARIN";"GOBIERNO REGIONAL";"I-2";"00011624";"MUNMALCA";"NE_0001";"";"NE_0001";"NE_0001";"NE_0001";"NE_0001";"NE_0001";"NE_0001";"NE_0001"
"2023";"06";"130907";"LA LIBERTAD";"SANCHEZ CARRION";"SARIN";"GOBIERNO REGIONAL";"I-2";"00011628";"SHIRACORRAL";"NE_0001";"";"NE_0001";"NE_0001";"NE_0001";"NE_0001";"NE_0001";"NE_0001";"NE_0001"
"2023";"06";"130907";"LA LIBERTAD";"SANCHEZ CARRION";"SARIN";"GOBIERNO REGIONAL";"I-2";"00005362";"OROGOLDAY";"NE_0001";"";"NE_0001";"NE_0001";"NE_0001";"NE_0001";"NE_0001";"NE_0001";"NE_0001"
"2023";"06";"060108";"CAJAMARCA";"CAJAMARCA";"LOS BAÑOS DEL INCA";"ESSALUD";"I-3";"00010821";"CENTRO DE ATENCION PRIMARIA II";"NE_0001";"";"NE_0001";"NE_0001";"NE_0001";"NE_0001";"NE_0001";"NE_0001";"NE_0001"
"2023";"06";"150122";"LIMA";"LIMA";"MIRAFLORES";"PRIVADO";"0";"00023901";"INSTITUTO DE GAMMA KNIFE DEL PACIFICO SAC";"NE_0001";"";"NE_0001";"NE_0001";"NE_0001";"NE_0001";"NE_0001";"NE_0001";"NE_0001"
"2023";"06";"150101";"LIMA";"LIMA";"LIMA";"PRIVADO";"II-2";"00008281";"CLINICA MAISON DE SANTE  DE LIMA";"240000";"HOSPITALIZACIÓN";"94";"97";"395";"63";"20";"600";"0"
"2023";"06";"150101";"LIMA";"LIMA";"LIMA";"PRIVADO";"II-2";"00008281";"CLINICA MAISON DE SANTE  DE LIMA";"250100";"UNIDAD DE CUIDADOS CRITICOS UNIDAD  DE CUIDADOS INTENSIVOS GENERALES (UCI) ";"9";"5";"17";"113";"8";"240";"0"
"2023";"06";"110101";"ICA";"ICA";"ICA";"PRIVADO";"II-1";"00015963";"LA CLINICA DE ICA DR. JULIO TATAJE BARRIGA SRL";"240100";"HOSPITALIZACIÓN QUIRÚRGICA CIRUGÍA GENERAL ";"3";"3";"3";"3";"7";"217";"0"
"2023";"06";"110101";"ICA";"ICA";"ICA";"PRIVADO";"II-1";"00018450";"CLÍNICA S. MORALES S.R.L";"241200";"HOSPITALIZACIÓN QUIRÚRGICA TRAUMATOLOGÍA Y ORTOPEDIA ";"17";"17";"24";"17";"6";"186";"0"
"2023";"06";"150110";"LIMA";"LIMA";"COMAS";"PRIVADO";"II-E";"00030606";"VISANA CLINICA  ESPECIALIZADA OFTALMOLOGICA";"NE_0001";"";"NE_0001";"NE_0001";"NE_0001";"NE_0001";"NE_0001";"NE_0001";"NE_0001"
"2023";"06";"150112";"LIMA";"LIMA";"INDEPENDENCIA";"PRIVADO";"II-2";"00010182";"CLINICA JESUS DEL NORTE";"240000";"HOSPITALIZACIÓN";"539";"537";"1425";"1938";"73";"2190";"0"
"2023";"06";"150112";"LIMA";"LIMA";"INDEPENDENCIA";"PRIVADO";"II-2";"00010182";"CLINICA JESUS DEL NORTE";"250100";"UNIDAD DE CUIDADOS CRITICOS UNIDAD  DE CUIDADOS INTENSIVOS GENERALES (UCI) ";"50";"48";"74";"108";"7";"210";"0"
"2023";"06";"211101";"PUNO";"SAN ROMAN";"JULIACA";"ESSALUD";"II-2";"00009899";"HOSPITAL BASE III JULIACA - ESSALUD - RED ASISTENCIAL JULIACA";"241900";"HOSPITALIZACIÓN DE MEDICINA MEDICINA INTERNA ";"41";"36";"240";"240";"8";"240";"1"
"2023";"06";"211101";"PUNO";"SAN ROMAN";"JULIACA";"ESSALUD";"II-2";"00009899";"HOSPITAL BASE III JULIACA - ESSALUD - RED ASISTENCIAL JULIACA";"244300";"HOSPITALIZACIÓN DE MEDICINA GASTROENTEROLOGÍA  ";"19";"22";"120";"120";"4";"120";"1"
"2023";"06";"211101";"PUNO";"SAN ROMAN";"JULIACA";"ESSALUD";"II-2";"00009899";"HOSPITAL BASE III JULIACA - ESSALUD - RED ASISTENCIAL JULIACA";"244700";"HOSPITALIZACIÓN DE MEDICINA NEUROLOGIA  ";"1";"2";"8";"8";"2";"60";"0"
"2023";"06";"211101";"PUNO";"SAN ROMAN";"JULIACA";"ESSALUD";"II-2";"00009899";"HOSPITAL BASE III JULIACA - ESSALUD - RED ASISTENCIAL JULIACA";"245300";"HOSPITALIZACIÓN DE MEDICINA NEUMOLOGÍA  ";"5";"14";"144";"144";"8";"240";"1"
"2023";"06";"211101";"PUNO";"SAN ROMAN";"JULIACA";"ESSALUD";"II-2";"00009899";"HOSPITAL BASE III JULIACA - ESSALUD - RED ASISTENCIAL JULIACA";"244200";"HOSPITALIZACIÓN DE MEDICINA ENDOCRINOLOGIA ";"0";"1";"9";"9";"1";"30";"2"
"2023";"06";"211101";"PUNO";"SAN ROMAN";"JULIACA";"ESSALUD";"II-2";"00009899";"HOSPITAL BASE III JULIACA - ESSALUD - RED ASISTENCIAL JULIACA";"240100";"HOSPITALIZACIÓN QUIRÚRGICA CIRUGÍA GENERAL ";"77";"81";"278";"278";"10";"300";"0"
"2023";"06";"211101";"PUNO";"SAN ROMAN";"JULIACA";"ESSALUD";"II-2";"00009899";"HOSPITAL BASE III JULIACA - ESSALUD - RED ASISTENCIAL JULIACA";"240400";"HOSPITALIZACIÓN QUIRÚRGICA CIRUGÍA DE TÓRAX Y CARDIOVASCULAR ";"9";"6";"23";"23";"4";"120";"0"
"2023";"06";"211101";"PUNO";"SAN ROMAN";"JULIACA";"ESSALUD";"II-2";"00009899";"HOSPITAL BASE III JULIACA - ESSALUD - RED ASISTENCIAL JULIACA";"240900";"HOSPITALIZACIÓN QUIRÚRGICA NEUROCIRUGÍA ";"9";"8";"41";"41";"2";"60";"0"
"2023";"06";"211101";"PUNO";"SAN ROMAN";"JULIACA";"ESSALUD";"II-2";"00009899";"HOSPITAL BASE III JULIACA - ESSALUD - RED ASISTENCIAL JULIACA";"240600";"HOSPITALIZACIÓN QUIRÚRGICA CIRUGÍA OFTALMOLÓGICA ";"1";"1";"5";"5";"1";"30";"0"
"2023";"06";"211101";"PUNO";"SAN ROMAN";"JULIACA";"ESSALUD";"II-2";"00009899";"HOSPITAL BASE III JULIACA - ESSALUD - RED ASISTENCIAL JULIACA";"241200";"HOSPITALIZACIÓN QUIRÚRGICA TRAUMATOLOGÍA Y ORTOPEDIA ";"28";"26";"120";"120";"4";"120";"0"
"2023";"06";"211101";"PUNO";"SAN ROMAN";"JULIACA";"ESSALUD";"II-2";"00009899";"HOSPITAL BASE III JULIACA - ESSALUD - RED ASISTENCIAL JULIACA";"241100";"HOSPITALIZACIÓN QUIRÚRGICA OTORRINOLARINGOLOGÍA  ";"12";"13";"30";"30";"1";"30";"0"
"2023";"06";"211101";"PUNO";"SAN ROMAN";"JULIACA";"ESSALUD";"II-2";"00009899";"HOSPITAL BASE III JULIACA - ESSALUD - RED ASISTENCIAL JULIACA";"241300";"HOSPITALIZACIÓN QUIRÚRGICA UROLOGÍA  ";"13";"10";"41";"41";"3";"90";"0"
"2023";"06";"211101";"PUNO";"SAN ROMAN";"JULIACA";"ESSALUD";"II-2";"00009899";"HOSPITAL BASE III JULIACA - ESSALUD - RED ASISTENCIAL JULIACA";"241400";"HOSPITALIZACIÓN QUIRÚRGICA GINECO - OBSTETRICIA ";"173";"180";"540";"540";"18";"540";"0"
"2023";"06";"211101";"PUNO";"SAN ROMAN";"JULIACA";"ESSALUD";"II-2";"00009899";"HOSPITAL BASE III JULIACA - ESSALUD - RED ASISTENCIAL JULIACA";"242300";"HOSPITALIZACIÓN DE PEDIATRÍA  PEDIATRÍA  GENERAL ";"94";"92";"422";"422";"16";"480";"0"
"2023";"06";"211101";"PUNO";"SAN ROMAN";"JULIACA";"ESSALUD";"II-2";"00009899";"HOSPITAL BASE III JULIACA - ESSALUD - RED ASISTENCIAL JULIACA";"243200";"HOSPITALIZACIÓN DE PEDIATRÍA PEDIATRIA NEONATOLOGÍA";"92";"86";"196";"196";"9";"270";"0"
"2023";"06";"211101";"PUNO";"SAN ROMAN";"JULIACA";"ESSALUD";"II-2";"00009899";"HOSPITAL BASE III JULIACA - ESSALUD - RED ASISTENCIAL JULIACA";"250100";"UNIDAD DE CUIDADOS CRITICOS UNIDAD  DE CUIDADOS INTENSIVOS GENERALES (UCI) ";"10";"7";"71";"71";"3";"90";"6"
"2023";"06";"060603";"CAJAMARCA";"CUTERVO";"CHOROS";"GOBIERNO REGIONAL";"I-1";"00004973";"EL ROLLO";"NE_0001";"";"NE_0001";"NE_0001";"NE_0001";"NE_0001";"NE_0001";"NE_0001";"NE_0001"
"2023";"06";"060602";"CAJAMARCA";"CUTERVO";"CALLAYUC";"GOBIERNO REGIONAL";"I-1";"00004965";"QUEROMARCA";"NE_0001";"";"NE_0001";"NE_0001";"NE_0001";"NE_0001";"NE_0001";"NE_0001";"NE_0001"
"2023";"06";"060606";"CAJAMARCA";"CUTERVO";"PIMPINGOS";"GOBIERNO REGIONAL";"I-2";"00005013";"CASA BLANCA";"NE_0001";"";"NE_0001";"NE_0001";"NE_0001";"NE_0001";"NE_0001";"NE_0001";"NE_0001"
"2023";"06";"060602";"CAJAMARCA";"CUTERVO";"CALLAYUC";"GOBIERNO REGIONAL";"I-1";"00007367";"CONGA";"NE_0001";"";"NE_0001";"NE_0001";"NE_0001";"NE_0001";"NE_0001";"NE_0001";"NE_0001"
"2023";"06";"060611";"CAJAMARCA";"CUTERVO";"SANTA CRUZ";"GOBIERNO REGIONAL";"I-1";"00004978";"CHIPLE LIMON";"NE_0001";"";"NE_0001";"NE_0001";"NE_0001";"NE_0001";"NE_0001";"NE_0001";"NE_0001"
"2023";"06";"060611";"CAJAMARCA";"CUTERVO";"SANTA CRUZ";"GOBIERNO REGIONAL";"I-1";"00004980";"SAN JUAN DE LIMON";"NE_0001";"";"NE_0001";"NE_0001";"NE_0001";"NE_0001";"NE_0001";"NE_0001";"NE_0001"
"2023";"06";"060602";"CAJAMARCA";"CUTERVO";"CALLAYUC";"GOBIERNO REGIONAL";"I-2";"00004966";"SANTA TERESA DE QUEROMARCA";"NE_0001";"";"NE_0001";"NE_0001";"NE_0001";"NE_0001";"NE_0001";"NE_0001";"NE_0001"
"2023";"06";"060602";"CAJAMARCA";"CUTERVO";"CALLAYUC";"GOBIERNO REGIONAL";"I-1";"00006828";"SANTA ROSA DE CALLAYUC";"NE_0001";"";"NE_0001";"NE_0001";"NE_0001";"NE_0001";"NE_0001";"NE_0001";"NE_0001"
"2023";"06";"060602";"CAJAMARCA";"CUTERVO";"CALLAYUC";"GOBIERNO REGIONAL";"I-2";"00004967";"SECTOR EL CAMPO";"NE_0001";"";"NE_0001";"NE_0001";"NE_0001";"NE_0001";"NE_0001";"NE_0001";"NE_0001"
"2023";"06";"060611";"CAJAMARCA";"CUTERVO";"SANTA CRUZ";"GOBIERNO REGIONAL";"I-1";"00007050";"AMBATO";"NE_0001";"";"NE_0001";"NE_0001";"NE_0001";"NE_0001";"NE_0001";"NE_0001";"NE_0001"
"2023";"06";"060611";"CAJAMARCA";"CUTERVO";"SANTA CRUZ";"GOBIERNO REGIONAL";"I-1";"00011261";"GRAMALOTILLO";"NE_0001";"";"NE_0001";"NE_0001";"NE_0001";"NE_0001";"NE_0001";"NE_0001";"NE_0001"
"2023";"03";"150113";"LIMA";"LIMA";"JESUS MARIA";"PRIVADO";"III-1";"00009116";"CLINICA SAN FELIPE S.A.";"240000";"HOSPITALIZACIÓN";"386";"382";"1365";"44";"83";"2610";"0"
"2023";"06";"150130";"LIMA";"LIMA";"SAN BORJA";"PRIVADO";"II-E";"00011056";"OFTALMIC SERVICE SAC";"NE_0001";"";"NE_0001";"NE_0001";"NE_0001";"NE_0001";"NE_0001";"NE_0001";"NE_0001"
"2023";"06";"050902";"AYACUCHO";"SUCRE";"BELEN";"GOBIERNO REGIONAL";"I-1";"00003803";"PUESTO DE SALUD BELEN";"NE_0001";"";"NE_0001";"NE_0001";"NE_0001";"NE_0001";"NE_0001";"NE_0001";"NE_0001"
"2023";"06";"050909";"AYACUCHO";"SUCRE";"SAN SALVADOR DE QUIJE";"GOBIERNO REGIONAL";"I-1";"00003807";"PUESTO DE SALUD SANTIAGO DE PALLCCA";"NE_0001";"";"NE_0001";"NE_0001";"NE_0001";"NE_0001";"NE_0001";"NE_0001";"NE_0001"
"2023";"06";"050903";"AYACUCHO";"SUCRE";"CHALCOS";"GOBIERNO REGIONAL";"I-1";"00003804";"PUESTO DE SALUD CHALCOS";"NE_0001";"";"NE_0001";"NE_0001";"NE_0001";"NE_0001";"NE_0001";"NE_0001";"NE_0001"
"2023";"06";"230101";"TACNA";"TACNA";"TACNA";"PRIVADO";"I-4";"00015875";"PROMEDIC";"240100";"HOSPITALIZACIÓN QUIRÚRGICA CIRUGÍA GENERAL ";"1";"1";"1";"1";"1";"31";"0"
"2023";"06";"100101";"HUANUCO";"HUANUCO";"HUANUCO";"ESSALUD";"I-3";"00018081";"CENTRO DE ATENCIÓN PRIMARIA III - METROPOLITANO";"NE_0001";"";"NE_0001";"NE_0001";"NE_0001";"NE_0001";"NE_0001";"NE_0001";"NE_0001"
"2023";"06";"220601";"SAN MARTIN";"MARISCAL CACERES";"JUANJUI";"ESSALUD";"I-4";"00016481";"HOSPITAL I JUANJUI - ESSALUD";"241800";"HOSPITALIZACIÓN DE MEDICINA MEDICINA GENERAL ";"77";"74";"299";"225";"9";"270";"0"
"2023";"06";"150134";"LIMA";"LIMA";"SAN LUIS";"PRIVADO";"II-1";"00008786";"CLINICA SAN JUAN DE DIOS";"240000";"HOSPITALIZACIÓN";"54";"48";"115";"199";"25";"750";"0"
"2023";"06";"220805";"SAN MARTIN";"RIOJA";"PARDO MIGUEL";"GOBIERNO REGIONAL";"I-1";"00006309";"TUMBARO";"NE_0001";"";"NE_0001";"NE_0001";"NE_0001";"NE_0001";"NE_0001";"NE_0001";"NE_0001"
"2023";"06";"220805";"SAN MARTIN";"RIOJA";"PARDO MIGUEL";"GOBIERNO REGIONAL";"I-2";"00006304";"AGUAS CLARAS";"NE_0001";"";"NE_0001";"NE_0001";"NE_0001";"NE_0001";"NE_0001";"NE_0001";"NE_0001"
"2023";"06";"220805";"SAN MARTIN";"RIOJA";"PARDO MIGUEL";"GOBIERNO REGIONAL";"I-1";"00006308";"SAN AGUSTIN";"NE_0001";"";"NE_0001";"NE_0001";"NE_0001";"NE_0001";"NE_0001";"NE_0001";"NE_0001"
"2023";"06";"220805";"SAN MARTIN";"RIOJA";"PARDO MIGUEL";"GOBIERNO REGIONAL";"I-1";"00006310";"PERLA DEL MAYO";"NE_0001";"";"NE_0001";"NE_0001";"NE_0001";"NE_0001";"NE_0001";"NE_0001";"NE_0001"
"2023";"06";"220805";"SAN MARTIN";"RIOJA";"PARDO MIGUEL";"GOBIERNO REGIONAL";"I-1";"00006306";"EL MIRADOR";"NE_0001";"";"NE_0001";"NE_0001";"NE_0001";"NE_0001";"NE_0001";"NE_0001";"NE_0001"
"2023";"06";"220805";"SAN MARTIN";"RIOJA";"PARDO MIGUEL";"GOBIERNO REGIONAL";"I-2";"00006305";"AGUAS VERDES";"NE_0001";"";"NE_0001";"NE_0001";"NE_0001";"NE_0001";"NE_0001";"NE_0001";"NE_0001"
"2023";"06";"220805";"SAN MARTIN";"RIOJA";"PARDO MIGUEL";"GOBIERNO REGIONAL";"I-1";"00006307";"PIONEROS BAJO (SAN JUAN DEL MAYO)";"NE_0001";"";"NE_0001";"NE_0001";"NE_0001";"NE_0001";"NE_0001";"NE_0001";"NE_0001"
"2023";"06";"220805";"SAN MARTIN";"RIOJA";"PARDO MIGUEL";"GOBIERNO REGIONAL";"I-4";"00006303";"CENTRO DE NARANJOS";"241800";"HOSPITALIZACIÓN DE MEDICINA MEDICINA GENERAL ";"11";"11";"19";"19";"5";"131";"0"
"2023";"06";"220805";"SAN MARTIN";"RIOJA";"PARDO MIGUEL";"GOBIERNO REGIONAL";"I-4";"00006303";"CENTRO DE NARANJOS";"241600";"HOSPITALIZACIÓN QUIRÚRGICA OBSTETRICIA   ";"14";"15";"19";"19";"6";"161";"0"
"2023";"06";"150130";"LIMA";"LIMA";"SAN BORJA";"PRIVADO";"II-E";"00018626";"OFTALMICA S.A";"NE_0001";"";"NE_0001";"NE_0001";"NE_0001";"NE_0001";"NE_0001";"NE_0001";"NE_0001"
"2023";"06";"010601";"AMAZONAS";"RODRIGUEZ DE MENDOZA";"SAN NICOLAS";"GOBIERNO REGIONAL";"II-1";"00004950";"MARIA AUXILIADORA";"241600";"HOSPITALIZACIÓN QUIRÚRGICA OBSTETRICIA   ";"10";"10";"15";"15";"5";"150";"0"
"2023";"06";"010601";"AMAZONAS";"RODRIGUEZ DE MENDOZA";"SAN NICOLAS";"GOBIERNO REGIONAL";"II-1";"00004950";"MARIA AUXILIADORA";"241800";"HOSPITALIZACIÓN DE MEDICINA MEDICINA GENERAL ";"33";"33";"112";"112";"10";"300";"0"
"2023";"06";"240201";"TUMBES";"CONTRALMIRANTE VILLAR";"ZORRITOS";"GOBIERNO REGIONAL";"I-1";"00001904";"BOCAPAN.";"NE_0001";"";"NE_0001";"NE_0001";"NE_0001";"NE_0001";"NE_0001";"NE_0001";"NE_0001"
"2023";"06";"240201";"TUMBES";"CONTRALMIRANTE VILLAR";"ZORRITOS";"GOBIERNO REGIONAL";"I-1";"00001901";"GRAU";"NE_0001";"";"NE_0001";"NE_0001";"NE_0001";"NE_0001";"NE_0001";"NE_0001";"NE_0001"
"2023";"06";"240201";"TUMBES";"CONTRALMIRANTE VILLAR";"ZORRITOS";"GOBIERNO REGIONAL";"I-2";"00001903";"ACAPULCO.";"NE_0001";"";"NE_0001";"NE_0001";"NE_0001";"NE_0001";"NE_0001";"NE_0001";"NE_0001"
"2023";"06";"240105";"TUMBES";"TUMBES";"SAN JACINTO";"GOBIERNO REGIONAL";"I-1";"00001907";"CAPITAN HOYLE  *";"NE_0001";"";"NE_0001";"NE_0001";"NE_0001";"NE_0001";"NE_0001";"NE_0001";"NE_0001"
"2023";"06";"240202";"TUMBES";"CONTRALMIRANTE VILLAR";"CASITAS";"GOBIERNO REGIONAL";"I-3";"00001897";"CAÑAVERAL";"NE_0001";"";"NE_0001";"NE_0001";"NE_0001";"NE_0001";"NE_0001";"NE_0001";"NE_0001"
"2023";"06";"240202";"TUMBES";"CONTRALMIRANTE VILLAR";"CASITAS";"GOBIERNO REGIONAL";"I-1";"00001898";"TRIGAL";"NE_0001";"";"NE_0001";"NE_0001";"NE_0001";"NE_0001";"NE_0001";"NE_0001";"NE_0001"
"2023";"06";"240202";"TUMBES";"CONTRALMIRANTE VILLAR";"CASITAS";"GOBIERNO REGIONAL";"I-2";"00001899";"LA CHOZA";"NE_0001";"";"NE_0001";"NE_0001";"NE_0001";"NE_0001";"NE_0001";"NE_0001";"NE_0001"
"2023";"06";"240203";"TUMBES";"CONTRALMIRANTE VILLAR";"CANOAS DE PUNTA SAL";"GOBIERNO REGIONAL";"I-1";"00001905";"BARRANCOS.";"NE_0001";"";"NE_0001";"NE_0001";"NE_0001";"NE_0001";"NE_0001";"NE_0001";"NE_0001"
"2023";"06";"240201";"TUMBES";"CONTRALMIRANTE VILLAR";"ZORRITOS";"GOBIERNO REGIONAL";"I-4";"00001900";"ZORRITOS";"241800";"HOSPITALIZACIÓN DE MEDICINA MEDICINA GENERAL ";"11";"11";"19";"15";"1";"30";"0"
"2023";"06";"240201";"TUMBES";"CONTRALMIRANTE VILLAR";"ZORRITOS";"GOBIERNO REGIONAL";"I-4";"00001900";"ZORRITOS";"241600";"HOSPITALIZACIÓN QUIRÚRGICA OBSTETRICIA   ";"5";"5";"6";"5";"1";"30";"0"
"2023";"06";"240203";"TUMBES";"CONTRALMIRANTE VILLAR";"CANOAS DE PUNTA SAL";"GOBIERNO REGIONAL";"I-3";"00001902";"CANCAS";"NE_0001";"";"NE_0001";"NE_0001";"NE_0001";"NE_0001";"NE_0001";"NE_0001";"NE_0001"
"2023";"06";"211101";"PUNO";"SAN ROMAN";"JULIACA";"PRIVADO";"II-E";"00020181";"CLINICA INTERNACIONAL NACER";"241600";"HOSPITALIZACIÓN QUIRÚRGICA OBSTETRICIA   ";"34";"34";"41";"34";"10";"259";"0"
"2023";"06";"140101";"LAMBAYEQUE";"CHICLAYO";"CHICLAYO";"PRIVADO";"II-E";"00017589";"INSTITUTO OFTALMOLÓGICO LA LUZ SAC";"NE_0001";"";"NE_0001";"NE_0001";"NE_0001";"NE_0001";"NE_0001";"NE_0001";"NE_0001"
"2023";"06";"060101";"CAJAMARCA";"CAJAMARCA";"CAJAMARCA";"GOBIERNO REGIONAL";"I-3";"00027069";"CENTRO DE SALUD MENTAL COMUNITARIO ""ESPERANZA DE VIDA""";"NE_0001";"";"NE_0001";"NE_0001";"NE_0001";"NE_0001";"NE_0001";"NE_0001";"NE_0001"
"2023";"05";"150120";"LIMA";"LIMA";"MAGDALENA DEL MAR";"PRIVADO";"II-E";"00025749";"MEDAVAN";"240000";"HOSPITALIZACIÓN";"156";"154";"63";"164";"4";"120";"0"
"2023";"05";"120501";"JUNIN";"JUNIN";"JUNIN";"GOBIERNO REGIONAL";"II-1";"00000519";"DE APOYO JUNIN";"241800";"HOSPITALIZACIÓN DE MEDICINA MEDICINA GENERAL ";"5";"9";"44";"43";"10";"290";"0"
"2023";"05";"120501";"JUNIN";"JUNIN";"JUNIN";"GOBIERNO REGIONAL";"II-1";"00000519";"DE APOYO JUNIN";"243200";"HOSPITALIZACIÓN DE PEDIATRÍA PEDIATRIA NEONATOLOGÍA";"2";"0";"0";"19";"19";"116";"0"
"2023";"05";"120501";"JUNIN";"JUNIN";"JUNIN";"GOBIERNO REGIONAL";"II-1";"00000519";"DE APOYO JUNIN";"242500";"HOSPITALIZACIÓN-PEDIATRÍA GENERAL-";"6";"6";"21";"21";"4";"116";"0"
"2023";"05";"120501";"JUNIN";"JUNIN";"JUNIN";"GOBIERNO REGIONAL";"II-1";"00000519";"DE APOYO JUNIN";"240100";"HOSPITALIZACIÓN QUIRÚRGICA CIRUGÍA GENERAL ";"20";"19";"56";"58";"10";"290";"0"
"2023";"05";"120501";"JUNIN";"JUNIN";"JUNIN";"GOBIERNO REGIONAL";"II-1";"00000519";"DE APOYO JUNIN";"241500";"HOSPITALIZACIÓN QUIRÚRGICA GINECOLOGÍA  ";"13";"12";"29";"29";"4";"116";"1"
"2023";"05";"120501";"JUNIN";"JUNIN";"JUNIN";"GOBIERNO REGIONAL";"II-1";"00000519";"DE APOYO JUNIN";"242200";"HOSPITALIZACIÓN DE MEDICINA PSIQUIATRÍA ";"2";"3";"66";"67";"10";"290";"0"
"2023";"05";"120501";"JUNIN";"JUNIN";"JUNIN";"GOBIERNO REGIONAL";"II-1";"00000519";"DE APOYO JUNIN";"241600";"HOSPITALIZACIÓN QUIRÚRGICA OBSTETRICIA   ";"26";"24";"49";"49";"4";"116";"0"
"2023";"07";"180301";"MOQUEGUA";"ILO";"ILO";"ESSALUD";"II-1";"00016153";"HOSPITAL II ILO";"241800";"HOSPITALIZACIÓN DE MEDICINA MEDICINA GENERAL ";"27";"29";"188";"209";"7";"217";"5"
"2023";"07";"180301";"MOQUEGUA";"ILO";"ILO";"ESSALUD";"II-1";"00016153";"HOSPITAL II ILO";"240100";"HOSPITALIZACIÓN QUIRÚRGICA CIRUGÍA GENERAL ";"57";"48";"145";"163";"6";"186";"0"
"2023";"07";"180301";"MOQUEGUA";"ILO";"ILO";"ESSALUD";"II-1";"00016153";"HOSPITAL II ILO";"241500";"HOSPITALIZACIÓN QUIRÚRGICA GINECOLOGÍA  ";"21";"19";"66";"65";"3";"93";"0"
"2023";"07";"180301";"MOQUEGUA";"ILO";"ILO";"ESSALUD";"II-1";"00016153";"HOSPITAL II ILO";"241600";"HOSPITALIZACIÓN QUIRÚRGICA OBSTETRICIA   ";"51";"51";"112";"108";"4";"124";"0"
"2023";"07";"180301";"MOQUEGUA";"ILO";"ILO";"ESSALUD";"II-1";"00016153";"HOSPITAL II ILO";"242300";"HOSPITALIZACIÓN DE PEDIATRÍA  PEDIATRÍA  GENERAL ";"36";"30";"123";"147";"5";"155";"0"
"2023";"07";"180301";"MOQUEGUA";"ILO";"ILO";"ESSALUD";"II-1";"00016153";"HOSPITAL II ILO";"250304";"HOSPIT. EN UNIDAD DE CUID.INTEN.-UNIDAD DE VIGILANCIA INTENSIVA (UVI)-MEDICINA";"8";"8";"12";"12";"1";"31";"0"
"2023";"07";"150128";"LIMA";"LIMA";"RIMAC";"SANIDAD DE LA POLICIA NACIONAL DEL PERU";"II-1";"00016094";"HOSPITAL PNP ""AUGUSTO B. LEGUIA""";"240100";"HOSPITALIZACIÓN QUIRÚRGICA CIRUGÍA GENERAL ";"49";"51";"122";"149";"22";"682";"0"
"2023";"07";"150128";"LIMA";"LIMA";"RIMAC";"SANIDAD DE LA POLICIA NACIONAL DEL PERU";"II-1";"00016094";"HOSPITAL PNP ""AUGUSTO B. LEGUIA""";"241800";"HOSPITALIZACIÓN DE MEDICINA MEDICINA GENERAL ";"20";"18";"118";"154";"39";"1209";"0"
"2023";"07";"120601";"JUNIN";"SATIPO";"SATIPO";"SANIDAD DE LA POLICIA NACIONAL DEL PERU";"I-2";"00011485";"POSTA MEDICA POLICIAL SATIPO";"NE_0001";"";"NE_0001";"NE_0001";"NE_0001";"NE_0001";"NE_0001";"NE_0001";"NE_0001"
"2023";"07";"060401";"CAJAMARCA";"CHOTA";"CHOTA";"SANIDAD DE LA POLICIA NACIONAL DEL PERU";"I-2";"00010929";"POSTA MEDICA POLICIAL CHOTA";"NE_0001";"";"NE_0001";"NE_0001";"NE_0001";"NE_0001";"NE_0001";"NE_0001";"NE_0001"
"2023";"07";"150113";"LIMA";"LIMA";"JESUS MARIA";"PRIVADO";"II-E";"00010669";"CLÍNICA PERUANA DE LA VISION";"NE_0001";"";"NE_0001";"NE_0001";"NE_0001";"NE_0001";"NE_0001";"NE_0001";"NE_0001"
"2023";"07";"150117";"LIMA";"LIMA";"LOS OLIVOS";"PRIVADO";"II-E";"00026936";"CLINICA AVIVA SEDE LOS OLIVOS";"240000";"HOSPITALIZACIÓN";"358";"338";"664";"358";"22";"682";"2"
"2023";"07";"050501";"AYACUCHO";"LA MAR";"SAN MIGUEL";"GOBIERNO REGIONAL";"II-E";"00003792";"HOSPITAL DE APOYO  SAN MIGUEL";"240100";"HOSPITALIZACIÓN QUIRÚRGICA CIRUGÍA GENERAL ";"9";"9";"21";"5";"5";"150";"1"
"2023";"07";"050501";"AYACUCHO";"LA MAR";"SAN MIGUEL";"GOBIERNO REGIONAL";"II-E";"00003792";"HOSPITAL DE APOYO  SAN MIGUEL";"241500";"HOSPITALIZACIÓN QUIRÚRGICA GINECOLOGÍA  ";"7";"7";"18";"3";"5";"150";"0"
"2023";"07";"050501";"AYACUCHO";"LA MAR";"SAN MIGUEL";"GOBIERNO REGIONAL";"II-E";"00003792";"HOSPITAL DE APOYO  SAN MIGUEL";"241600";"HOSPITALIZACIÓN QUIRÚRGICA OBSTETRICIA   ";"23";"23";"45";"8";"5";"150";"0"
"2023";"07";"050501";"AYACUCHO";"LA MAR";"SAN MIGUEL";"GOBIERNO REGIONAL";"II-E";"00003792";"HOSPITAL DE APOYO  SAN MIGUEL";"241800";"HOSPITALIZACIÓN DE MEDICINA MEDICINA GENERAL ";"8";"11";"60";"9";"5";"150";"1"
"2023";"07";"050501";"AYACUCHO";"LA MAR";"SAN MIGUEL";"GOBIERNO REGIONAL";"II-E";"00003792";"HOSPITAL DE APOYO  SAN MIGUEL";"242500";"HOSPITALIZACIÓN-PEDIATRÍA GENERAL-";"1";"1";"1";"1";"5";"150";"0"
"2023";"07";"170101";"MADRE DE DIOS";"TAMBOPATA";"TAMBOPATA";"SANIDAD DE LA POLICIA NACIONAL DEL PERU";"I-2";"00009320";"POSTA MEDICA DE LA PNP";"NE_0001";"";"NE_0001";"NE_0001";"NE_0001";"NE_0001";"NE_0001";"NE_0001";"NE_0001"
"2023";"07";"130207";"LA LIBERTAD";"ASCOPE";"SANTIAGO DE CAO";"ESSALUD";"I-2";"00012114";"POSTA DE SALUD SANTIAGO DE CAO";"NE_0001";"";"NE_0001";"NE_0001";"NE_0001";"NE_0001";"NE_0001";"NE_0001";"NE_0001"
"2023";"07";"080801";"CUSCO";"ESPINAR";"ESPINAR";"GOBIERNO REGIONAL";"II-1";"00007135";"ESPINAR";"240100";"HOSPITALIZACIÓN QUIRÚRGICA CIRUGÍA GENERAL ";"35";"36";"135";"133";"8";"248";"0"
"2023";"07";"080801";"CUSCO";"ESPINAR";"ESPINAR";"GOBIERNO REGIONAL";"II-1";"00007135";"ESPINAR";"241600";"HOSPITALIZACIÓN QUIRÚRGICA OBSTETRICIA   ";"48";"52";"114";"108";"13";"403";"0"
"2023";"07";"080801";"CUSCO";"ESPINAR";"ESPINAR";"GOBIERNO REGIONAL";"II-1";"00007135";"ESPINAR";"241800";"HOSPITALIZACIÓN DE MEDICINA MEDICINA GENERAL ";"10";"5";"29";"28";"8";"248";"0"
"2023";"07";"080801";"CUSCO";"ESPINAR";"ESPINAR";"GOBIERNO REGIONAL";"II-1";"00007135";"ESPINAR";"242500";"HOSPITALIZACIÓN-PEDIATRÍA GENERAL-";"11";"14";"54";"50";"5";"155";"0"
"2023";"07";"080801";"CUSCO";"ESPINAR";"ESPINAR";"GOBIERNO REGIONAL";"II-1";"00007135";"ESPINAR";"243200";"HOSPITALIZACIÓN DE PEDIATRÍA PEDIATRIA NEONATOLOGÍA";"4";"5";"9";"8";"1";"31";"0"
"2023";"07";"080801";"CUSCO";"ESPINAR";"ESPINAR";"GOBIERNO REGIONAL";"II-1";"00007135";"ESPINAR";"241500";"HOSPITALIZACIÓN QUIRÚRGICA GINECOLOGÍA  ";"28";"30";"94";"90";"7";"217";"0"
"2023";"07";"070106";"CALLAO";"CALLAO";"VENTANILLA";"SANIDAD DE LA POLICIA NACIONAL DEL PERU";"I-2";"00010573";"POSTA MEDICA POLICIAL VENTANILLA";"NE_0001";"";"NE_0001";"NE_0001";"NE_0001";"NE_0001";"NE_0001";"NE_0001";"NE_0001"
"2023";"07";"150810";"LIMA";"HUAURA";"SANTA MARIA";"SANIDAD DE LA POLICIA NACIONAL DEL PERU";"I-2";"00010834";"POSTA MEDICA POLICIAL HUACHO";"NE_0001";"";"NE_0001";"NE_0001";"NE_0001";"NE_0001";"NE_0001";"NE_0001";"NE_0001"
"2023";"07";"120401";"JUNIN";"JAUJA";"JAUJA";"SANIDAD DE LA POLICIA NACIONAL DEL PERU";"I-2";"00011874";"POSTA MEDICA POLICIAL JAUJA";"NE_0001";"";"NE_0001";"NE_0001";"NE_0001";"NE_0001";"NE_0001";"NE_0001";"NE_0001"
"2023";"07";"110207";"ICA";"CHINCHA";"PUEBLO NUEVO";"SANIDAD DE LA POLICIA NACIONAL DEL PERU";"I-3";"00011398";"POLICLINICO POLICIAL CHINCHA";"NE_0001";"";"NE_0001";"NE_0001";"NE_0001";"NE_0001";"NE_0001";"NE_0001";"NE_0001"
"2023";"07";"080901";"CUSCO";"LA CONVENCION";"SANTA ANA";"SANIDAD DE LA POLICIA NACIONAL DEL PERU";"I-2";"00011744";"POSTA MEDICO POLICIAL LA CONVENCION - QUILLABAMBA";"NE_0001";"";"NE_0001";"NE_0001";"NE_0001";"NE_0001";"NE_0001";"NE_0001";"NE_0001"
"2023";"07";"010701";"AMAZONAS";"UTCUBAMBA";"BAGUA GRANDE";"SANIDAD DE LA POLICIA NACIONAL DEL PERU";"I-3";"00018106";"POLICLINICO POLICIAL BAGUA GRANDE";"NE_0001";"";"NE_0001";"NE_0001";"NE_0001";"NE_0001";"NE_0001";"NE_0001";"NE_0001"
"2023";"07";"080706";"CUSCO";"CHUMBIVILCAS";"LLUSCO";"GOBIERNO REGIONAL";"I-1";"00027008";"ANTUYO";"NE_0001";"";"NE_0001";"NE_0001";"NE_0001";"NE_0001";"NE_0001";"NE_0001";"NE_0001"
"2023";"07";"080707";"CUSCO";"CHUMBIVILCAS";"QUIÑOTA";"GOBIERNO REGIONAL";"I-1";"00025369";"PUMALLACTA";"NE_0001";"";"NE_0001";"NE_0001";"NE_0001";"NE_0001";"NE_0001";"NE_0001";"NE_0001"
"2023";"07";"080706";"CUSCO";"CHUMBIVILCAS";"LLUSCO";"GOBIERNO REGIONAL";"I-2";"00006747";"LUTTO";"NE_0001";"";"NE_0001";"NE_0001";"NE_0001";"NE_0001";"NE_0001";"NE_0001";"NE_0001"
"2023";"07";"080706";"CUSCO";"CHUMBIVILCAS";"LLUSCO";"GOBIERNO REGIONAL";"I-2";"00002407";"LLUSCO";"NE_0001";"";"NE_0001";"NE_0001";"NE_0001";"NE_0001";"NE_0001";"NE_0001";"NE_0001"
"2023";"07";"080707";"CUSCO";"CHUMBIVILCAS";"QUIÑOTA";"GOBIERNO REGIONAL";"I-2";"00002408";"QUIÑOTA";"NE_0001";"";"NE_0001";"NE_0001";"NE_0001";"NE_0001";"NE_0001";"NE_0001";"NE_0001"
"2023";"07";"080706";"CUSCO";"CHUMBIVILCAS";"LLUSCO";"GOBIERNO REGIONAL";"I-1";"00006985";"TOTORAPALLCA";"NE_0001";"";"NE_0001";"NE_0001";"NE_0001";"NE_0001";"NE_0001";"NE_0001";"NE_0001"
"2023";"07";"220603";"SAN MARTIN";"MARISCAL CACERES";"HUICUNGO";"GOBIERNO REGIONAL";"I-3";"00006567";"HUICUNGO";"NE_0002";"";"NE_0002";"NE_0002";"NE_0002";"NE_0002";"NE_0002";"NE_0002";"NE_0002"
"2023";"07";"220603";"SAN MARTIN";"MARISCAL CACERES";"HUICUNGO";"GOBIERNO REGIONAL";"I-1";"00006569";"SANTA INES";"NE_0001";"";"NE_0001";"NE_0001";"NE_0001";"NE_0001";"NE_0001";"NE_0001";"NE_0001"
"2023";"07";"220603";"SAN MARTIN";"MARISCAL CACERES";"HUICUNGO";"GOBIERNO REGIONAL";"I-1";"00006571";"PIZARRO";"NE_0001";"";"NE_0001";"NE_0001";"NE_0001";"NE_0001";"NE_0001";"NE_0001";"NE_0001"
"2023";"07";"220604";"SAN MARTIN";"MARISCAL CACERES";"PACHIZA";"GOBIERNO REGIONAL";"I-1";"00006572";"PACHIZA";"NE_0001";"";"NE_0001";"NE_0001";"NE_0001";"NE_0001";"NE_0001";"NE_0001";"NE_0001"
"2023";"07";"220604";"SAN MARTIN";"MARISCAL CACERES";"PACHIZA";"GOBIERNO REGIONAL";"I-1";"00006573";"ALTO EL SOL";"NE_0001";"";"NE_0001";"NE_0001";"NE_0001";"NE_0001";"NE_0001";"NE_0001";"NE_0001"
"2023";"07";"220604";"SAN MARTIN";"MARISCAL CACERES";"PACHIZA";"GOBIERNO REGIONAL";"I-1";"00006574";"NUEVO CHIMBOTE";"NE_0001";"";"NE_0001";"NE_0001";"NE_0001";"NE_0001";"NE_0001";"NE_0001";"NE_0001"
"2023";"07";"220603";"SAN MARTIN";"MARISCAL CACERES";"HUICUNGO";"GOBIERNO REGIONAL";"I-1";"00006568";"DOS DE MAYO";"NE_0001";"";"NE_0001";"NE_0001";"NE_0001";"NE_0001";"NE_0001";"NE_0001";"NE_0001"
"2023";"02";"250301";"UCAYALI";"PADRE ABAD";"PADRE ABAD";"GOBIERNO REGIONAL";"I-1";"00030640";"PUESTO DE SALUD YAMINO";"NE_0002";"";"NE_0002";"NE_0002";"NE_0002";"NE_0002";"NE_0002";"NE_0002";"NE_0002"
"2023";"04";"180301";"MOQUEGUA";"ILO";"ILO";"SANIDAD DE LA POLICIA NACIONAL DEL PERU";"I-2";"00025870";"POSTA MEDICA POLICIAL ILO";"NE_0001";"";"NE_0001";"NE_0001";"NE_0001";"NE_0001";"NE_0001";"NE_0001";"NE_0001"
"2023";"02";"250301";"UCAYALI";"PADRE ABAD";"PADRE ABAD";"GOBIERNO REGIONAL";"I-2";"00006802";"SHAMBILLO";"NE_0001";"";"NE_0001";"NE_0001";"NE_0001";"NE_0001";"NE_0001";"NE_0001";"NE_0001"
"2023";"02";"250301";"UCAYALI";"PADRE ABAD";"PADRE ABAD";"GOBIERNO REGIONAL";"I-2";"00005411";"SANTA ROSA DE AGUAYTIA";"NE_0001";"";"NE_0001";"NE_0001";"NE_0001";"NE_0001";"NE_0001";"NE_0001";"NE_0001"
"2023";"02";"250301";"UCAYALI";"PADRE ABAD";"PADRE ABAD";"GOBIERNO REGIONAL";"I-1";"00005410";"SANTA ANA";"NE_0001";"";"NE_0001";"NE_0001";"NE_0001";"NE_0001";"NE_0001";"NE_0001";"NE_0001"
"2023";"02";"250301";"UCAYALI";"PADRE ABAD";"PADRE ABAD";"GOBIERNO REGIONAL";"I-2";"00005407";"COMUNIDAD NATIVA DE PUERTO AZUL";"NE_0001";"";"NE_0001";"NE_0001";"NE_0001";"NE_0001";"NE_0001";"NE_0001";"NE_0001"
"2023";"02";"250301";"UCAYALI";"PADRE ABAD";"PADRE ABAD";"GOBIERNO REGIONAL";"I-2";"00005406";"PREVISTO";"NE_0001";"";"NE_0001";"NE_0001";"NE_0001";"NE_0001";"NE_0001";"NE_0001";"NE_0001"
"2023";"02";"250301";"UCAYALI";"PADRE ABAD";"PADRE ABAD";"GOBIERNO REGIONAL";"I-1";"00005403";"MIGUEL GRAU SEMINARIO";"NE_0001";"";"NE_0001";"NE_0001";"NE_0001";"NE_0001";"NE_0001";"NE_0001";"NE_0001"
"2023";"02";"250301";"UCAYALI";"PADRE ABAD";"PADRE ABAD";"GOBIERNO REGIONAL";"I-1";"00005402";"MARISCAL CACERES.";"NE_0001";"";"NE_0001";"NE_0001";"NE_0001";"NE_0001";"NE_0001";"NE_0001";"NE_0001"
"2023";"02";"250301";"UCAYALI";"PADRE ABAD";"PADRE ABAD";"GOBIERNO REGIONAL";"I-1";"00005401";"LA DIVISORIA";"NE_0001";"";"NE_0001";"NE_0001";"NE_0001";"NE_0001";"NE_0001";"NE_0001";"NE_0001"
"2023";"02";"250301";"UCAYALI";"PADRE ABAD";"PADRE ABAD";"GOBIERNO REGIONAL";"I-2";"00005400";"HUIPOCA";"NE_0001";"";"NE_0001";"NE_0001";"NE_0001";"NE_0001";"NE_0001";"NE_0001";"NE_0001"
"2023";"02";"250301";"UCAYALI";"PADRE ABAD";"PADRE ABAD";"GOBIERNO REGIONAL";"I-2";"00005399";"BOQUERON";"NE_0001";"";"NE_0001";"NE_0001";"NE_0001";"NE_0001";"NE_0001";"NE_0001";"NE_0001"
"2023";"02";"250301";"UCAYALI";"PADRE ABAD";"PADRE ABAD";"GOBIERNO REGIONAL";"I-1";"00005398";"ALTO AGUAYTIA.";"NE_0001";"";"NE_0001";"NE_0001";"NE_0001";"NE_0001";"NE_0001";"NE_0001";"NE_0001"
"2023";"02";"250301";"UCAYALI";"PADRE ABAD";"PADRE ABAD";"GOBIERNO REGIONAL";"I-1";"00005397";"3 DE OCTUBRE";"NE_0001";"";"NE_0001";"NE_0001";"NE_0001";"NE_0001";"NE_0001";"NE_0001";"NE_0001"
"2023";"04";"150103";"LIMA";"LIMA";"ATE";"PRIVADO";"II-1";"00018584";"CLINICA MARIA DEL SOCORRO";"240000";"HOSPITALIZACIÓN";"144";"150";"213";"234";"20";"600";"0"
"2023";"04";"150120";"LIMA";"LIMA";"MAGDALENA DEL MAR";"PRIVADO";"I-2";"00021289";"CLINICA DR AUGUSTO CACERES CABELLO-PIEL Y MEDICINA ESTETICA";"NE_0001";"";"NE_0001";"NE_0001";"NE_0001";"NE_0001";"NE_0001";"NE_0001";"NE_0001"
"2023";"08";"040104";"AREQUIPA";"AREQUIPA";"CERRO COLORADO";"GOBIERNO REGIONAL";"I-3";"00001248";"CENTRO DE SALUD ALTO LIBERTAD";"NE_0001";"";"NE_0001";"NE_0001";"NE_0001";"NE_0001";"NE_0001";"NE_0001";"NE_0001"
"2023";"08";"120101";"JUNIN";"HUANCAYO";"HUANCAYO";"PRIVADO";"II-2";"00008858";"CLINICA ORTEGA";"240100";"HOSPITALIZACIÓN QUIRÚRGICA CIRUGÍA GENERAL ";"65";"65";"216";"216";"9";"279";"2"
"2023";"08";"120101";"JUNIN";"HUANCAYO";"HUANCAYO";"PRIVADO";"II-2";"00008858";"CLINICA ORTEGA";"240200";"HOSPITALIZACIÓN QUIRÚRGICA CIRUGÍA DE CABEZA Y CUELLO / MÁXILO FACIAL ";"2";"2";"4";"4";"3";"93";"0"
"2023";"08";"120101";"JUNIN";"HUANCAYO";"HUANCAYO";"PRIVADO";"II-2";"00008858";"CLINICA ORTEGA";"240700";"HOSPITALIZACIÓN QUIRÚRGICA CIRUGÍA PEDIÁTRICA ";"2";"2";"2";"2";"3";"93";"0"
"2023";"08";"120101";"JUNIN";"HUANCAYO";"HUANCAYO";"PRIVADO";"II-2";"00008858";"CLINICA ORTEGA";"240900";"HOSPITALIZACIÓN QUIRÚRGICA NEUROCIRUGÍA ";"13";"13";"70";"70";"5";"155";"0"
"2023";"08";"120101";"JUNIN";"HUANCAYO";"HUANCAYO";"PRIVADO";"II-2";"00008858";"CLINICA ORTEGA";"241000";"HOSPITALIZACIÓN QUIRÚRGICA ONCOLOGÍA QUIRÚRGICA  ";"3";"3";"11";"11";"3";"93";"0"
"2023";"08";"120101";"JUNIN";"HUANCAYO";"HUANCAYO";"PRIVADO";"II-2";"00008858";"CLINICA ORTEGA";"241100";"HOSPITALIZACIÓN QUIRÚRGICA OTORRINOLARINGOLOGÍA  ";"4";"4";"8";"8";"3";"93";"0"
"2023";"08";"120101";"JUNIN";"HUANCAYO";"HUANCAYO";"PRIVADO";"II-2";"00008858";"CLINICA ORTEGA";"241200";"HOSPITALIZACIÓN QUIRÚRGICA TRAUMATOLOGÍA Y ORTOPEDIA ";"59";"59";"198";"198";"9";"279";"0"
"2023";"08";"120101";"JUNIN";"HUANCAYO";"HUANCAYO";"PRIVADO";"II-2";"00008858";"CLINICA ORTEGA";"241300";"HOSPITALIZACIÓN QUIRÚRGICA UROLOGÍA  ";"15";"15";"42";"42";"4";"124";"0"
"2023";"05";"030601";"APURIMAC";"CHINCHEROS";"CHINCHEROS";"SANIDAD DE LA POLICIA NACIONAL DEL PERU";"I-2";"00011894";"POSTA MÉDICA SANIDAD CHINCHEROS";"NE_0001";"";"NE_0001";"NE_0001";"NE_0001";"NE_0001";"NE_0001";"NE_0001";"NE_0001"
"2023";"05";"030101";"APURIMAC";"ABANCAY";"ABANCAY";"SANIDAD DE LA POLICIA NACIONAL DEL PERU";"I-3";"00008036";"POLICLINICO POLICIAL ABANCAY";"NE_0001";"";"NE_0001";"NE_0001";"NE_0001";"NE_0001";"NE_0001";"NE_0001";"NE_0001"
"2023";"05";"150108";"LIMA";"LIMA";"CHORRILLOS";"SANIDAD DE LA POLICIA NACIONAL DEL PERU";"I-3";"00020382";"POLICLINICO POLICIAL CHORRILLOS";"NE_0001";"";"NE_0001";"NE_0001";"NE_0001";"NE_0001";"NE_0001";"NE_0001";"NE_0001"
"2023";"05";"110101";"ICA";"ICA";"ICA";"SANIDAD DE LA POLICIA NACIONAL DEL PERU";"I-3";"00010900";"POLICLINICO POLICIAL ICA";"NE_0001";"";"NE_0001";"NE_0001";"NE_0001";"NE_0001";"NE_0001";"NE_0001";"NE_0001"
"2023";"05";"150112";"LIMA";"LIMA";"INDEPENDENCIA";"SANIDAD DE LA POLICIA NACIONAL DEL PERU";"I-2";"00012741";"POSTA MEDICA POLICIAL INDEPENDENCIA";"NE_0001";"";"NE_0001";"NE_0001";"NE_0001";"NE_0001";"NE_0001";"NE_0001";"NE_0001"
"2023";"05";"150133";"LIMA";"LIMA";"SAN JUAN DE MIRAFLORES";"PRIVADO";"II-2";"00018985";"CLINICA SANTA MARTHA DEL SUR";"240000";"HOSPITALIZACIÓN";"277";"273";"765";"1410";"82";"2460";"1"
"2023";"05";"150133";"LIMA";"LIMA";"SAN JUAN DE MIRAFLORES";"PRIVADO";"II-2";"00018985";"CLINICA SANTA MARTHA DEL SUR";"250100";"UNIDAD DE CUIDADOS CRITICOS UNIDAD  DE CUIDADOS INTENSIVOS GENERALES (UCI) ";"12";"11";"50";"77";"7";"210";"1"
"2023";"05";"090301";"HUANCAVELICA";"ANGARAES";"LIRCAY";"GOBIERNO REGIONAL";"I-1";"00003947";"CONSTANCIA";"NE_0001";"";"NE_0001";"NE_0001";"NE_0001";"NE_0001";"NE_0001";"NE_0001";"NE_0001"
"2023";"05";"090302";"HUANCAVELICA";"ANGARAES";"ANCHONGA";"GOBIERNO REGIONAL";"I-3";"00003959";"PARCO ALTO";"NE_0002";"";"NE_0002";"NE_0002";"NE_0002";"NE_0002";"NE_0002";"NE_0002";"NE_0002"
"2023";"05";"090306";"HUANCAVELICA";"ANGARAES";"CONGALLA";"GOBIERNO REGIONAL";"I-2";"00003972";"CONGALLA";"NE_0001";"";"NE_0001";"NE_0001";"NE_0001";"NE_0001";"NE_0001";"NE_0001";"NE_0001"
"2023";"05";"090301";"HUANCAVELICA";"ANGARAES";"LIRCAY";"GOBIERNO REGIONAL";"I-2";"00007385";"SAN JUAN DE DIOS DE CCOLLPAPAMPA";"NE_0001";"";"NE_0001";"NE_0001";"NE_0001";"NE_0001";"NE_0001";"NE_0001";"NE_0001"
"2023";"05";"090311";"HUANCAVELICA";"ANGARAES";"SANTO TOMAS DE PATA";"GOBIERNO REGIONAL";"I-1";"00011768";"CUTICSA";"NE_0001";"";"NE_0001";"NE_0001";"NE_0001";"NE_0001";"NE_0001";"NE_0001";"NE_0001"
"2023";"05";"080104";"CUSCO";"CUSCO";"SAN JERONIMO";"GOBIERNO REGIONAL";"0";"00030727";"PATRÓN SAN SEBASTIAN";"NE_0001";"";"NE_0001";"NE_0001";"NE_0001";"NE_0001";"NE_0001";"NE_0001";"NE_0001"
"2023";"05";"090312";"HUANCAVELICA";"ANGARAES";"SECCLLA";"GOBIERNO REGIONAL";"I-3";"00003969";"SECCLLA";"240000";"HOSPITALIZACIÓN";"5";"5";"10";"2";"4";"20";"0"
"2023";"05";"090304";"HUANCAVELICA";"ANGARAES";"CCOCHACCASA";"GOBIERNO REGIONAL";"I-1";"00003956";"SAN PEDRO DE MIMOSA";"NE_0001";"";"NE_0001";"NE_0001";"NE_0001";"NE_0001";"NE_0001";"NE_0001";"NE_0001"
"2023";"05";"090301";"HUANCAVELICA";"ANGARAES";"LIRCAY";"GOBIERNO REGIONAL";"I-1";"00007290";"PERCAPAMPA";"NE_0001";"";"NE_0001";"NE_0001";"NE_0001";"NE_0001";"NE_0001";"NE_0001";"NE_0001"
"2023";"05";"090301";"HUANCAVELICA";"ANGARAES";"LIRCAY";"GOBIERNO REGIONAL";"I-3";"00028484";"CENTRO DE SALUD MENTAL COMUNITARIO ANGARAES";"NE_0002";"";"NE_0002";"NE_0002";"NE_0002";"NE_0002";"NE_0002";"NE_0002";"NE_0002"
"2023";"05";"090301";"HUANCAVELICA";"ANGARAES";"LIRCAY";"GOBIERNO REGIONAL";"I-1";"00003950";"CHALLHUAPUQUIO";"NE_0001";"";"NE_0001";"NE_0001";"NE_0001";"NE_0001";"NE_0001";"NE_0001";"NE_0001"
"2023";"05";"090306";"HUANCAVELICA";"ANGARAES";"CONGALLA";"GOBIERNO REGIONAL";"I-1";"00003975";"LIRCAYCCASA";"NE_0001";"";"NE_0001";"NE_0001";"NE_0001";"NE_0001";"NE_0001";"NE_0001";"NE_0001"
"2023";"05";"090307";"HUANCAVELICA";"ANGARAES";"HUANCA-HUANCA";"GOBIERNO REGIONAL";"I-1";"00011200";"CCARAPA";"NE_0001";"";"NE_0001";"NE_0001";"NE_0001";"NE_0001";"NE_0001";"NE_0001";"NE_0001"
"2023";"05";"090301";"HUANCAVELICA";"ANGARAES";"LIRCAY";"GOBIERNO REGIONAL";"I-1";"00003948";"UCHCUPAMPA";"NE_0001";"";"NE_0001";"NE_0001";"NE_0001";"NE_0001";"NE_0001";"NE_0001";"NE_0001"
"2023";"05";"090311";"HUANCAVELICA";"ANGARAES";"SANTO TOMAS DE PATA";"GOBIERNO REGIONAL";"I-1";"00003967";"SANTO TOMAS DE PATA";"NE_0001";"";"NE_0001";"NE_0001";"NE_0001";"NE_0001";"NE_0001";"NE_0001";"NE_0001"
"2023";"06";"150121";"LIMA";"LIMA";"PUEBLO LIBRE";"PRIVADO";"II-E";"00012492";"CLINICA DE OJOS VISUAL OPHTHALMICS";"NE_0001";"";"NE_0001";"NE_0001";"NE_0001";"NE_0001";"NE_0001";"NE_0001";"NE_0001"
"2023";"04";"150101";"LIMA";"LIMA";"LIMA";"PRIVADO";"II-E";"00011167";"OFTALMOMEDIC";"NE_0001";"";"NE_0001";"NE_0001";"NE_0001";"NE_0001";"NE_0001";"NE_0001";"NE_0001"
"2023";"06";"040307";"AREQUIPA";"CARAVELI";"CHALA";"ESSALUD";"I-2";"00012198";"POSTA MEDICA CHALA";"NE_0001";"";"NE_0001";"NE_0001";"NE_0001";"NE_0001";"NE_0001";"NE_0001";"NE_0001"
"2023";"06";"130401";"LA LIBERTAD";"CHEPEN";"CHEPEN";"ESSALUD";"II-1";"00009954";"HOSPITAL I CHEPEN ESSALUD";"241900";"HOSPITALIZACIÓN DE MEDICINA MEDICINA INTERNA ";"77";"41";"160";"77";"5";"150";"3"
"2023";"06";"130401";"LA LIBERTAD";"CHEPEN";"CHEPEN";"ESSALUD";"II-1";"00009954";"HOSPITAL I CHEPEN ESSALUD";"240100";"HOSPITALIZACIÓN QUIRÚRGICA CIRUGÍA GENERAL ";"50";"55";"51";"50";"2";"60";"0"
"2023";"06";"130401";"LA LIBERTAD";"CHEPEN";"CHEPEN";"ESSALUD";"II-1";"00009954";"HOSPITAL I CHEPEN ESSALUD";"241500";"HOSPITALIZACIÓN QUIRÚRGICA GINECOLOGÍA  ";"37";"13";"31";"37";"2";"60";"0"
"2023";"06";"130401";"LA LIBERTAD";"CHEPEN";"CHEPEN";"ESSALUD";"II-1";"00009954";"HOSPITAL I CHEPEN ESSALUD";"242300";"HOSPITALIZACIÓN DE PEDIATRÍA  PEDIATRÍA  GENERAL ";"57";"6";"15";"57";"2";"60";"0"
"2023";"08";"120101";"JUNIN";"HUANCAYO";"HUANCAYO";"PRIVADO";"II-2";"00008858";"CLINICA ORTEGA";"241400";"HOSPITALIZACIÓN QUIRÚRGICA GINECO - OBSTETRICIA ";"18";"18";"55";"55";"4";"124";"0"
"2023";"08";"120101";"JUNIN";"HUANCAYO";"HUANCAYO";"PRIVADO";"II-2";"00008858";"CLINICA ORTEGA";"241900";"HOSPITALIZACIÓN DE MEDICINA MEDICINA INTERNA ";"33";"33";"176";"176";"8";"248";"0"
"2023";"08";"120101";"JUNIN";"HUANCAYO";"HUANCAYO";"PRIVADO";"II-2";"00008858";"CLINICA ORTEGA";"242300";"HOSPITALIZACIÓN DE PEDIATRÍA  PEDIATRÍA  GENERAL ";"5";"5";"15";"15";"3";"93";"0"
"2023";"08";"150135";"LIMA";"LIMA";"SAN MARTIN DE PORRES";"MINSA";"III-2";"00007733";"INSTITUTO NACIONAL DE SALUD MENTAL ""HONORIO DELGADO - HIDEYO NOGUCHI""";"242202";"HOSPITALIZACIÓN DE MEDICINA PSIQUIATRÍA PSIQUIATRÍA DEL ADULTO Y GERONTE";"12";"19";"1063";"1246";"49";"1519";"0"
"2023";"08";"150135";"LIMA";"LIMA";"SAN MARTIN DE PORRES";"MINSA";"III-2";"00007733";"INSTITUTO NACIONAL DE SALUD MENTAL ""HONORIO DELGADO - HIDEYO NOGUCHI""";"242203";"HOSPITALIZACIÓN DE MEDICINA PSIQUIATRÍA PSIQUIATRÍA DEL NIÑO Y DEL ADOLESCENTE";"7";"8";"336";"367";"12";"372";"0"
"2023";"08";"150135";"LIMA";"LIMA";"SAN MARTIN DE PORRES";"MINSA";"III-2";"00007733";"INSTITUTO NACIONAL DE SALUD MENTAL ""HONORIO DELGADO - HIDEYO NOGUCHI""";"242205";"HOSPITALIZACIÓN MEDICINA PSIQUIATRÍA PISIQUIATRIA/ SALUD MENTAL Y ADICCIONES";"18";"19";"867";"694";"29";"888";"0"
"2023";"08";"200101";"PIURA";"PIURA";"PIURA";"PRIVADO";"II-1";"00018310";"SANNA - CLINICA BELEN";"240000";"HOSPITALIZACIÓN";"298";"282";"653";"731";"34";"1054";"0"
"2023";"06";"070101";"CALLAO";"CALLAO";"CALLAO";"PRIVADO";"I-2";"00011182";"CONSULTORIOS LIMATAMBO SEDE MINKA";"NE_0001";"";"NE_0001";"NE_0001";"NE_0001";"NE_0001";"NE_0001";"NE_0001";"NE_0001"
"2023";"06";"080702";"CUSCO";"CHUMBIVILCAS";"CAPACMARCA";"GOBIERNO REGIONAL";"I-3";"00002401";"CCAPACMARCA";"NE_0001";"";"NE_0001";"NE_0001";"NE_0001";"NE_0001";"NE_0001";"NE_0001";"NE_0001"
"2023";"06";"080702";"CUSCO";"CHUMBIVILCAS";"CAPACMARCA";"GOBIERNO REGIONAL";"I-1";"00009963";"CANCAHUANI";"NE_0001";"";"NE_0001";"NE_0001";"NE_0001";"NE_0001";"NE_0001";"NE_0001";"NE_0001"
"2023";"06";"220801";"SAN MARTIN";"RIOJA";"RIOJA";"GOBIERNO REGIONAL";"II-1";"00006732";"HOSPITAL DE RIOJA";"240100";"HOSPITALIZACIÓN QUIRÚRGICA CIRUGÍA GENERAL ";"65";"74";"282";"282";"10";"300";"0"
"2023";"06";"220801";"SAN MARTIN";"RIOJA";"RIOJA";"GOBIERNO REGIONAL";"II-1";"00006732";"HOSPITAL DE RIOJA";"241200";"HOSPITALIZACIÓN QUIRÚRGICA TRAUMATOLOGÍA Y ORTOPEDIA ";"16";"19";"65";"65";"5";"150";"0"
"2023";"06";"220801";"SAN MARTIN";"RIOJA";"RIOJA";"GOBIERNO REGIONAL";"II-1";"00006732";"HOSPITAL DE RIOJA";"241300";"HOSPITALIZACIÓN QUIRÚRGICA UROLOGÍA  ";"4";"4";"21";"21";"1";"30";"0"
"2023";"06";"220801";"SAN MARTIN";"RIOJA";"RIOJA";"GOBIERNO REGIONAL";"II-1";"00006732";"HOSPITAL DE RIOJA";"241500";"HOSPITALIZACIÓN QUIRÚRGICA GINECOLOGÍA  ";"59";"63";"143";"143";"11";"330";"0"
"2023";"06";"220801";"SAN MARTIN";"RIOJA";"RIOJA";"GOBIERNO REGIONAL";"II-1";"00006732";"HOSPITAL DE RIOJA";"241600";"HOSPITALIZACIÓN QUIRÚRGICA OBSTETRICIA   ";"119";"128";"295";"295";"14";"420";"0"
"2023";"06";"220801";"SAN MARTIN";"RIOJA";"RIOJA";"GOBIERNO REGIONAL";"II-1";"00006732";"HOSPITAL DE RIOJA";"241800";"HOSPITALIZACIÓN DE MEDICINA MEDICINA GENERAL ";"30";"40";"349";"349";"12";"360";"7"
"2023";"06";"220801";"SAN MARTIN";"RIOJA";"RIOJA";"GOBIERNO REGIONAL";"II-1";"00006732";"HOSPITAL DE RIOJA";"242500";"HOSPITALIZACIÓN-PEDIATRÍA GENERAL-";"49";"60";"245";"245";"10";"300";"0"
"2023";"06";"220801";"SAN MARTIN";"RIOJA";"RIOJA";"GOBIERNO REGIONAL";"II-1";"00006732";"HOSPITAL DE RIOJA";"243200";"HOSPITALIZACIÓN DE PEDIATRÍA PEDIATRIA NEONATOLOGÍA";"12";"15";"58";"58";"7";"210";"0"
"2023";"06";"130101";"LA LIBERTAD";"TRUJILLO";"TRUJILLO";"PRIVADO";"II-E";"00021475";"DE LA BELLEZA";"NE_0001";"";"NE_0001";"NE_0001";"NE_0001";"NE_0001";"NE_0001";"NE_0001";"NE_0001"
"2023";"06";"150131";"LIMA";"LIMA";"SAN ISIDRO";"PRIVADO";"II-2";"00012633";"CLINICA JAVIER PRADO";"240100";"HOSPITALIZACIÓN QUIRÚRGICA CIRUGÍA GENERAL ";"163";"160";"408";"514";"55";"1650";"0"
"2023";"06";"150131";"LIMA";"LIMA";"SAN ISIDRO";"PRIVADO";"II-2";"00012633";"CLINICA JAVIER PRADO";"241400";"HOSPITALIZACIÓN QUIRÚRGICA GINECO - OBSTETRICIA ";"49";"51";"131";"203";"17";"510";"0"
"2023";"06";"150131";"LIMA";"LIMA";"SAN ISIDRO";"PRIVADO";"II-2";"00012633";"CLINICA JAVIER PRADO";"241900";"HOSPITALIZACIÓN DE MEDICINA MEDICINA INTERNA ";"176";"182";"862";"751";"58";"1740";"5"
"2023";"06";"150131";"LIMA";"LIMA";"SAN ISIDRO";"PRIVADO";"II-2";"00012633";"CLINICA JAVIER PRADO";"242300";"HOSPITALIZACIÓN DE PEDIATRÍA  PEDIATRÍA  GENERAL ";"70";"65";"173";"225";"39";"1170";"0"
"2023";"06";"200601";"PIURA";"SULLANA";"SULLANA";"PRIVADO";"II-1";"00010777";"CLINICA VIRGEN DEL PILAR SCRL";"241900";"HOSPITALIZACIÓN DE MEDICINA MEDICINA INTERNA ";"10";"10";"75";"82";"24";"250";"1"
"2023";"06";"200601";"PIURA";"SULLANA";"SULLANA";"PRIVADO";"II-1";"00010777";"CLINICA VIRGEN DEL PILAR SCRL";"240100";"HOSPITALIZACIÓN QUIRÚRGICA CIRUGÍA GENERAL ";"21";"21";"125";"139";"24";"510";"0"
"2023";"06";"110301";"ICA";"NAZCA";"NAZCA";"GOBIERNO REGIONAL";"II-1";"00003443";"RICARDO CRUZADO RIVAROLA DE NASCA";"240100";"HOSPITALIZACIÓN QUIRÚRGICA CIRUGÍA GENERAL ";"55";"52";"169";"519";"11";"330";"0"
"2023";"06";"110301";"ICA";"NAZCA";"NAZCA";"GOBIERNO REGIONAL";"II-1";"00003443";"RICARDO CRUZADO RIVAROLA DE NASCA";"241500";"HOSPITALIZACIÓN QUIRÚRGICA GINECOLOGÍA  ";"30";"26";"60";"120";"4";"120";"0"
"2023";"06";"110301";"ICA";"NAZCA";"NAZCA";"GOBIERNO REGIONAL";"II-1";"00003443";"RICARDO CRUZADO RIVAROLA DE NASCA";"241600";"HOSPITALIZACIÓN QUIRÚRGICA OBSTETRICIA   ";"121";"120";"244";"420";"14";"420";"0"
"2023";"06";"110301";"ICA";"NAZCA";"NAZCA";"GOBIERNO REGIONAL";"II-1";"00003443";"RICARDO CRUZADO RIVAROLA DE NASCA";"241800";"HOSPITALIZACIÓN DE MEDICINA MEDICINA GENERAL ";"94";"86";"314";"570";"19";"570";"6"
"2023";"06";"110301";"ICA";"NAZCA";"NAZCA";"GOBIERNO REGIONAL";"II-1";"00003443";"RICARDO CRUZADO RIVAROLA DE NASCA";"242500";"HOSPITALIZACIÓN-PEDIATRÍA GENERAL-";"59";"56";"194";"366";"15";"450";"0"
"2023";"08";"040104";"AREQUIPA";"AREQUIPA";"CERRO COLORADO";"GOBIERNO REGIONAL";"I-3";"00027843";"CENTRO DE SALUD MENTAL COMUNITARIO SAN MARTIN DE PORRES";"NE_0001";"";"NE_0001";"NE_0001";"NE_0001";"NE_0001";"NE_0001";"NE_0001";"NE_0001"
"2023";"03";"120114";"JUNIN";"HUANCAYO";"EL TAMBO";"PRIVADO";"II-E";"00028966";"CLÍNICA ESPECIALIZADA MIRANDA";"241200";"HOSPITALIZACIÓN QUIRÚRGICA TRAUMATOLOGÍA Y ORTOPEDIA ";"14";"14";"14";"28";"9";"24";"0"
"2023";"03";"120114";"JUNIN";"HUANCAYO";"EL TAMBO";"PRIVADO";"II-E";"00028966";"CLÍNICA ESPECIALIZADA MIRANDA";"245400";"HOSPITALIZACIÓN DE MEDICINA GINECOLOGIA ";"7";"7";"7";"17";"9";"17";"0"
"2023";"03";"120114";"JUNIN";"HUANCAYO";"EL TAMBO";"PRIVADO";"II-E";"00028966";"CLÍNICA ESPECIALIZADA MIRANDA";"240100";"HOSPITALIZACIÓN QUIRÚRGICA CIRUGÍA GENERAL ";"27";"27";"27";"55";"9";"55";"0"
"2023";"04";"230101";"TACNA";"TACNA";"TACNA";"PRIVADO";"I-4";"00011466";"CLINICA ISABEL";"240000";"HOSPITALIZACIÓN";"1";"1";"2";"1";"1";"30";"0"
"2023";"04";"230101";"TACNA";"TACNA";"TACNA";"PRIVADO";"I-4";"00011466";"CLINICA ISABEL";"240000";"HOSPITALIZACIÓN";"2";"2";"2";"1";"1";"30";"0"
"2023";"04";"230101";"TACNA";"TACNA";"TACNA";"PRIVADO";"I-4";"00011466";"CLINICA ISABEL";"240000";"HOSPITALIZACIÓN";"1";"1";"1";"1";"1";"30";"0"
"2023";"04";"230101";"TACNA";"TACNA";"TACNA";"PRIVADO";"I-4";"00011466";"CLINICA ISABEL";"240000";"HOSPITALIZACIÓN";"2";"2";"2";"1";"1";"30";"0"
"2023";"04";"230101";"TACNA";"TACNA";"TACNA";"PRIVADO";"I-4";"00011466";"CLINICA ISABEL";"240000";"HOSPITALIZACIÓN";"1";"1";"1";"1";"1";"30";"0"
"2023";"04";"230101";"TACNA";"TACNA";"TACNA";"PRIVADO";"I-4";"00011466";"CLINICA ISABEL";"240000";"HOSPITALIZACIÓN";"1";"1";"1";"1";"1";"30";"0"
"2023";"04";"230101";"TACNA";"TACNA";"TACNA";"PRIVADO";"I-4";"00011466";"CLINICA ISABEL";"240000";"HOSPITALIZACIÓN";"1";"1";"1";"1";"1";"30";"0"
"2023";"04";"230101";"TACNA";"TACNA";"TACNA";"PRIVADO";"I-4";"00011466";"CLINICA ISABEL";"240000";"HOSPITALIZACIÓN";"1";"1";"1";"1";"1";"30";"0"
"2023";"04";"230101";"TACNA";"TACNA";"TACNA";"PRIVADO";"I-4";"00011466";"CLINICA ISABEL";"240000";"HOSPITALIZACIÓN";"1";"1";"1";"1";"1";"30";"0"
"2023";"04";"230101";"TACNA";"TACNA";"TACNA";"PRIVADO";"I-4";"00011466";"CLINICA ISABEL";"240000";"HOSPITALIZACIÓN";"1";"1";"1";"1";"1";"30";"0"
"2023";"04";"120404";"JUNIN";"JAUJA";"ATAURA";"GOBIERNO REGIONAL";"I-1";"00000367";"ATAURA";"NE_0002";"";"NE_0002";"NE_0002";"NE_0002";"NE_0002";"NE_0002";"NE_0002";"NE_0002"
"2023";"04";"120423";"JUNIN";"JAUJA";"PACCHA";"GOBIERNO REGIONAL";"I-1";"00000372";"MASAJCANCHA";"NE_0002";"";"NE_0002";"NE_0002";"NE_0002";"NE_0002";"NE_0002";"NE_0002";"NE_0002"
"2023";"04";"120430";"JUNIN";"JAUJA";"SAUSA";"GOBIERNO REGIONAL";"I-1";"00000376";"SAUSA";"NE_0002";"";"NE_0002";"NE_0002";"NE_0002";"NE_0002";"NE_0002";"NE_0002";"NE_0002"
"2023";"04";"120434";"JUNIN";"JAUJA";"YAUYOS";"GOBIERNO REGIONAL";"I-3";"00000377";"YAUYOS";"NE_0002";"";"NE_0002";"NE_0002";"NE_0002";"NE_0002";"NE_0002";"NE_0002";"NE_0002"
"2023";"04";"120423";"JUNIN";"JAUJA";"PACCHA";"GOBIERNO REGIONAL";"I-1";"00000371";"PACCHA MIRAFLORES";"NE_0002";"";"NE_0002";"NE_0002";"NE_0002";"NE_0002";"NE_0002";"NE_0002";"NE_0002"
"2023";"04";"120423";"JUNIN";"JAUJA";"PACCHA";"GOBIERNO REGIONAL";"I-1";"00000370";"CANCHAPUNCO";"NE_0002";"";"NE_0002";"NE_0002";"NE_0002";"NE_0002";"NE_0002";"NE_0002";"NE_0002"
"2023";"04";"120410";"JUNIN";"JAUJA";"HUERTAS";"GOBIERNO REGIONAL";"I-1";"00000368";"HUERTAS";"NE_0002";"";"NE_0002";"NE_0002";"NE_0002";"NE_0002";"NE_0002";"NE_0002";"NE_0002"
"2023";"04";"120422";"JUNIN";"JAUJA";"PACA";"GOBIERNO REGIONAL";"I-2";"00000369";"PACA";"NE_0002";"";"NE_0002";"NE_0002";"NE_0002";"NE_0002";"NE_0002";"NE_0002";"NE_0002"
"2023";"04";"120423";"JUNIN";"JAUJA";"PACCHA";"GOBIERNO REGIONAL";"I-1";"00000373";"PATACANCHA";"NE_0002";"";"NE_0002";"NE_0002";"NE_0002";"NE_0002";"NE_0002";"NE_0002";"NE_0002"
"2023";"05";"110207";"ICA";"CHINCHA";"PUEBLO NUEVO";"ESSALUD";"I-3";"00012277";"PUEBLO NUEVO";"NE_0001";"";"NE_0001";"NE_0001";"NE_0001";"NE_0001";"NE_0001";"NE_0001";"NE_0001"
"2023";"06";"240101";"TUMBES";"TUMBES";"TUMBES";"SANIDAD DE LA POLICIA NACIONAL DEL PERU";"I-3";"00012088";"POLICLINICO POLICIAL ""LA CRUZ"" TUMBES";"NE_0001";"";"NE_0001";"NE_0001";"NE_0001";"NE_0001";"NE_0001";"NE_0001";"NE_0001"
"2023";"06";"140101";"LAMBAYEQUE";"CHICLAYO";"CHICLAYO";"PRIVADO";"II-E";"00026707";"CLÍNICA OFTALMOLÓGICA VIDAVAS SAC";"NE_0001";"";"NE_0001";"NE_0001";"NE_0001";"NE_0001";"NE_0001";"NE_0001";"NE_0001"
"2023";"06";"150120";"LIMA";"LIMA";"MAGDALENA DEL MAR";"MINSA";"III-1";"00006214";"HOSPITAL VICTOR LARCO HERRERA";"242202";"HOSPITALIZACIÓN DE MEDICINA PSIQUIATRÍA PSIQUIATRÍA DEL ADULTO Y GERONTE";"35";"15";"689";"1965";"84";"2520";"0"
"2023";"06";"150122";"LIMA";"LIMA";"MIRAFLORES";"PRIVADO";"II-E";"00014361";"INSTITUTO DEL CEREBRO Y LA COLUMNA VERTEBRAL";"240000";"HOSPITALIZACIÓN";"39";"39";"73";"39";"8";"240";"0"
"2023";"06";"060802";"CAJAMARCA";"JAEN";"BELLAVISTA";"GOBIERNO REGIONAL";"I-3";"00004224";"CRUCE SHUMBA";"NE_0001";"";"NE_0001";"NE_0001";"NE_0001";"NE_0001";"NE_0001";"NE_0001";"NE_0001"
"2023";"06";"060801";"CAJAMARCA";"JAEN";"JAEN";"GOBIERNO REGIONAL";"I-3";"00004213";"FILA ALTA";"NE_0001";"";"NE_0001";"NE_0001";"NE_0001";"NE_0001";"NE_0001";"NE_0001";"NE_0001"
"2023";"06";"060801";"CAJAMARCA";"JAEN";"JAEN";"GOBIERNO REGIONAL";"I-1";"00010804";"PUENTE ZONANGA";"NE_0001";"";"NE_0001";"NE_0001";"NE_0001";"NE_0001";"NE_0001";"NE_0001";"NE_0001"
"2023";"06";"160101";"LORETO";"MAYNAS";"IQUITOS";"ESSALUD";"I-3";"00011408";"CAP III IQUITOS";"NE_0001";"";"NE_0001";"NE_0001";"NE_0001";"NE_0001";"NE_0001";"NE_0001";"NE_0001"
"2023";"06";"090203";"HUANCAVELICA";"ACOBAMBA";"ANTA";"GOBIERNO REGIONAL";"I-1";"00003941";"PUESTO DE SALUD MANYACC";"NE_0001";"";"NE_0001";"NE_0001";"NE_0001";"NE_0001";"NE_0001";"NE_0001";"NE_0001"
"2023";"06";"090203";"HUANCAVELICA";"ACOBAMBA";"ANTA";"GOBIERNO REGIONAL";"I-1";"00011230";"PUESTO DE SALUD RAYANNIYOCC";"NE_0001";"";"NE_0001";"NE_0001";"NE_0001";"NE_0001";"NE_0001";"NE_0001";"NE_0001"
"2023";"06";"090203";"HUANCAVELICA";"ACOBAMBA";"ANTA";"GOBIERNO REGIONAL";"I-3";"00003939";"CENTRO DE SALUD ANTA";"NE_0001";"";"NE_0001";"NE_0001";"NE_0001";"NE_0001";"NE_0001";"NE_0001";"NE_0001"
"2023";"06";"090203";"HUANCAVELICA";"ACOBAMBA";"ANTA";"GOBIERNO REGIONAL";"I-1";"00009697";"PUESTO DE SALUD DE CASACANCHA";"NE_0001";"";"NE_0001";"NE_0001";"NE_0001";"NE_0001";"NE_0001";"NE_0001";"NE_0001"
"2023";"06";"090203";"HUANCAVELICA";"ACOBAMBA";"ANTA";"GOBIERNO REGIONAL";"I-1";"00009469";"PUESTO DE SALUD VISTA ALEGRE DE ANTA";"NE_0001";"";"NE_0001";"NE_0001";"NE_0001";"NE_0001";"NE_0001";"NE_0001";"NE_0001"
"2023";"06";"120112";"JUNIN";"HUANCAYO";"COLCA";"GOBIERNO REGIONAL";"I-2";"00000701";"COLCA";"NE_0002";"";"NE_0002";"NE_0002";"NE_0002";"NE_0002";"NE_0002";"NE_0002";"NE_0002"
"2023";"06";"120105";"JUNIN";"HUANCAYO";"CHACAPAMPA";"GOBIERNO REGIONAL";"I-1";"00000694";"CHACAPAMPA";"NE_0002";"";"NE_0002";"NE_0002";"NE_0002";"NE_0002";"NE_0002";"NE_0002";"NE_0002"
"2023";"06";"120104";"JUNIN";"HUANCAYO";"CARHUACALLANGA";"GOBIERNO REGIONAL";"I-1";"00000693";"CARHUACALLANGA";"NE_0002";"";"NE_0002";"NE_0002";"NE_0002";"NE_0002";"NE_0002";"NE_0002";"NE_0002"
"2023";"06";"120108";"JUNIN";"HUANCAYO";"CHONGOS ALTO";"GOBIERNO REGIONAL";"I-3";"00000700";"CHONGOS ALTO";"NE_0002";"";"NE_0002";"NE_0002";"NE_0002";"NE_0002";"NE_0002";"NE_0002";"NE_0002"
"2023";"06";"120106";"JUNIN";"HUANCAYO";"CHICCHE";"GOBIERNO REGIONAL";"I-1";"00000697";"CHICCHE";"NE_0002";"";"NE_0002";"NE_0002";"NE_0002";"NE_0002";"NE_0002";"NE_0002";"NE_0002"
"2023";"06";"120106";"JUNIN";"HUANCAYO";"CHICCHE";"GOBIERNO REGIONAL";"I-1";"00000699";"YANA YANA";"NE_0002";"";"NE_0002";"NE_0002";"NE_0002";"NE_0002";"NE_0002";"NE_0002";"NE_0002"
"2023";"06";"120120";"JUNIN";"HUANCAYO";"HUASICANCHA";"GOBIERNO REGIONAL";"I-1";"00000703";"HUASICANCHA";"NE_0002";"";"NE_0002";"NE_0002";"NE_0002";"NE_0002";"NE_0002";"NE_0002";"NE_0002"
"2023";"06";"120105";"JUNIN";"HUANCAYO";"CHACAPAMPA";"GOBIERNO REGIONAL";"I-1";"00000695";"HUACAN";"NE_0002";"";"NE_0002";"NE_0002";"NE_0002";"NE_0002";"NE_0002";"NE_0002";"NE_0002"
"2023";"06";"120106";"JUNIN";"HUANCAYO";"CHICCHE";"GOBIERNO REGIONAL";"I-1";"00000698";"VISTA ALEGRE";"NE_0002";"";"NE_0002";"NE_0002";"NE_0002";"NE_0002";"NE_0002";"NE_0002";"NE_0002"
"2023";"06";"120407";"JUNIN";"JAUJA";"EL MANTARO";"GOBIERNO REGIONAL";"I-1";"00000414";"EL MANTARO";"NE_0001";"";"NE_0001";"NE_0001";"NE_0001";"NE_0001";"NE_0001";"NE_0001";"NE_0001"
"2023";"06";"120403";"JUNIN";"JAUJA";"APATA";"GOBIERNO REGIONAL";"I-1";"00000412";"CHICCHE";"NE_0001";"";"NE_0001";"NE_0001";"NE_0001";"NE_0001";"NE_0001";"NE_0001";"NE_0001"
"2023";"06";"120403";"JUNIN";"JAUJA";"APATA";"GOBIERNO REGIONAL";"I-1";"00000411";"SAN JOSE DE APATA";"NE_0001";"";"NE_0001";"NE_0001";"NE_0001";"NE_0001";"NE_0001";"NE_0001";"NE_0001"
"2023";"06";"120428";"JUNIN";"JAUJA";"SAN LORENZO";"GOBIERNO REGIONAL";"I-1";"00000416";"SAN LORENZO";"NE_0001";"";"NE_0001";"NE_0001";"NE_0001";"NE_0001";"NE_0001";"NE_0001";"NE_0001"
"2023";"06";"060601";"CAJAMARCA";"CUTERVO";"CUTERVO";"GOBIERNO REGIONAL";"I-1";"00006850";"CONDAY";"NE_0001";"";"NE_0001";"NE_0001";"NE_0001";"NE_0001";"NE_0001";"NE_0001";"NE_0001"
"2023";"06";"060601";"CAJAMARCA";"CUTERVO";"CUTERVO";"GOBIERNO REGIONAL";"I-1";"00007178";"RAYME";"NE_0001";"";"NE_0001";"NE_0001";"NE_0001";"NE_0001";"NE_0001";"NE_0001";"NE_0001"
"2023";"06";"060601";"CAJAMARCA";"CUTERVO";"CUTERVO";"GOBIERNO REGIONAL";"I-1";"00004996";"RAMBRAN";"NE_0001";"";"NE_0001";"NE_0001";"NE_0001";"NE_0001";"NE_0001";"NE_0001";"NE_0001"
"2023";"06";"060601";"CAJAMARCA";"CUTERVO";"CUTERVO";"GOBIERNO REGIONAL";"I-1";"00006856";"CHACAF";"NE_0001";"";"NE_0001";"NE_0001";"NE_0001";"NE_0001";"NE_0001";"NE_0001";"NE_0001"
"2023";"06";"060601";"CAJAMARCA";"CUTERVO";"CUTERVO";"GOBIERNO REGIONAL";"I-1";"00007431";"CONGA DE ALLANGA";"NE_0001";"";"NE_0001";"NE_0001";"NE_0001";"NE_0001";"NE_0001";"NE_0001";"NE_0001"
"2023";"06";"060601";"CAJAMARCA";"CUTERVO";"CUTERVO";"GOBIERNO REGIONAL";"I-1";"00004997";"TRIGOPAMPA";"NE_0001";"";"NE_0001";"NE_0001";"NE_0001";"NE_0001";"NE_0001";"NE_0001";"NE_0001"
"2023";"06";"060601";"CAJAMARCA";"CUTERVO";"CUTERVO";"GOBIERNO REGIONAL";"I-1";"00004998";"EL CARDON";"NE_0001";"";"NE_0001";"NE_0001";"NE_0001";"NE_0001";"NE_0001";"NE_0001";"NE_0001"
"2023";"06";"060601";"CAJAMARCA";"CUTERVO";"CUTERVO";"GOBIERNO REGIONAL";"I-1";"00006855";"AULLAN";"NE_0001";"";"NE_0001";"NE_0001";"NE_0001";"NE_0001";"NE_0001";"NE_0001";"NE_0001"
"2023";"06";"060601";"CAJAMARCA";"CUTERVO";"CUTERVO";"GOBIERNO REGIONAL";"I-1";"00007097";"AÑALCATE";"NE_0001";"";"NE_0001";"NE_0001";"NE_0001";"NE_0001";"NE_0001";"NE_0001";"NE_0001"
"2023";"06";"060601";"CAJAMARCA";"CUTERVO";"CUTERVO";"GOBIERNO REGIONAL";"I-2";"00007745";"URCURUME";"NE_0001";"";"NE_0001";"NE_0001";"NE_0001";"NE_0001";"NE_0001";"NE_0001";"NE_0001"
"2023";"06";"060601";"CAJAMARCA";"CUTERVO";"CUTERVO";"GOBIERNO REGIONAL";"I-1";"00008925";"LA LLICA";"NE_0001";"";"NE_0001";"NE_0001";"NE_0001";"NE_0001";"NE_0001";"NE_0001";"NE_0001"
"2023";"06";"060601";"CAJAMARCA";"CUTERVO";"CUTERVO";"GOBIERNO REGIONAL";"I-3";"00006858";"SALOMON VILCHEZ MURGA";"NE_0001";"";"NE_0001";"NE_0001";"NE_0001";"NE_0001";"NE_0001";"NE_0001";"NE_0001"
"2023";"06";"060601";"CAJAMARCA";"CUTERVO";"CUTERVO";"GOBIERNO REGIONAL";"I-2";"00007696";"MAMABAMBA";"NE_0001";"";"NE_0001";"NE_0001";"NE_0001";"NE_0001";"NE_0001";"NE_0001";"NE_0001"
"2023";"06";"060601";"CAJAMARCA";"CUTERVO";"CUTERVO";"GOBIERNO REGIONAL";"I-2";"00004982";"SALABAMBA";"NE_0001";"";"NE_0001";"NE_0001";"NE_0001";"NE_0001";"NE_0001";"NE_0001";"NE_0001"
"2023";"06";"060601";"CAJAMARCA";"CUTERVO";"CUTERVO";"GOBIERNO REGIONAL";"I-1";"00005000";"MUÑUNO";"NE_0001";"";"NE_0001";"NE_0001";"NE_0001";"NE_0001";"NE_0001";"NE_0001";"NE_0001"
"2023";"06";"060601";"CAJAMARCA";"CUTERVO";"CUTERVO";"GOBIERNO REGIONAL";"I-1";"00006834";"LUZPAMPA";"NE_0001";"";"NE_0001";"NE_0001";"NE_0001";"NE_0001";"NE_0001";"NE_0001";"NE_0001"
"2023";"06";"060601";"CAJAMARCA";"CUTERVO";"CUTERVO";"GOBIERNO REGIONAL";"I-1";"00006865";"ADCUÑAC";"NE_0001";"";"NE_0001";"NE_0001";"NE_0001";"NE_0001";"NE_0001";"NE_0001";"NE_0001"
"2023";"06";"060601";"CAJAMARCA";"CUTERVO";"CUTERVO";"GOBIERNO REGIONAL";"I-2";"00006938";"CACHACARA";"NE_0001";"";"NE_0001";"NE_0001";"NE_0001";"NE_0001";"NE_0001";"NE_0001";"NE_0001"
"2023";"06";"060601";"CAJAMARCA";"CUTERVO";"CUTERVO";"GOBIERNO REGIONAL";"I-2";"00004983";"CRUZ ROJA";"NE_0001";"";"NE_0001";"NE_0001";"NE_0001";"NE_0001";"NE_0001";"NE_0001";"NE_0001"
"2023";"06";"060601";"CAJAMARCA";"CUTERVO";"CUTERVO";"GOBIERNO REGIONAL";"I-1";"00004999";"LAS PALMAS DE TINYAYOC";"NE_0001";"";"NE_0001";"NE_0001";"NE_0001";"NE_0001";"NE_0001";"NE_0001";"NE_0001"
"2023";"03";"130101";"LA LIBERTAD";"TRUJILLO";"TRUJILLO";"PRIVADO";"II-E";"00008044";"OFTALMOVISION";"NE_0001";"";"NE_0001";"NE_0001";"NE_0001";"NE_0001";"NE_0001";"NE_0001";"NE_0001"
"2023";"04";"220405";"SAN MARTIN";"HUALLAGA";"SACANCHE";"GOBIERNO REGIONAL";"I-3";"00006543";"SACANCHE";"NE_0001";"";"NE_0001";"NE_0001";"NE_0001";"NE_0001";"NE_0001";"NE_0001";"NE_0001"
"2023";"04";"220404";"SAN MARTIN";"HUALLAGA";"PISCOYACU";"GOBIERNO REGIONAL";"I-2";"00006545";"NUEVO SACANCHE";"NE_0001";"";"NE_0001";"NE_0001";"NE_0001";"NE_0001";"NE_0001";"NE_0001";"NE_0001"
"2023";"04";"220405";"SAN MARTIN";"HUALLAGA";"SACANCHE";"GOBIERNO REGIONAL";"I-1";"00027002";"LA UNION";"NE_0001";"";"NE_0001";"NE_0001";"NE_0001";"NE_0001";"NE_0001";"NE_0001";"NE_0001"
"2023";"04";"220403";"SAN MARTIN";"HUALLAGA";"EL ESLABON";"GOBIERNO REGIONAL";"I-3";"00006542";"EL ESLABON";"NE_0001";"";"NE_0001";"NE_0001";"NE_0001";"NE_0001";"NE_0001";"NE_0001";"NE_0001"
"2023";"04";"220403";"SAN MARTIN";"HUALLAGA";"EL ESLABON";"GOBIERNO REGIONAL";"I-1";"00006544";"COLLPA";"NE_0001";"";"NE_0001";"NE_0001";"NE_0001";"NE_0001";"NE_0001";"NE_0001";"NE_0001"
"2023";"04";"220506";"SAN MARTIN";"LAMAS";"PINTO RECODO";"GOBIERNO REGIONAL";"I-1";"00006345";"MIRAFLORES";"NE_0001";"";"NE_0001";"NE_0001";"NE_0001";"NE_0001";"NE_0001";"NE_0001";"NE_0001"
"2023";"04";"230101";"TACNA";"TACNA";"TACNA";"GOBIERNO REGIONAL";"II-2";"00002864";"HOSPITAL HIPOLITO UNANUE DE TACNA";"240100";"HOSPITALIZACIÓN QUIRÚRGICA CIRUGÍA GENERAL ";"108";"144";"637";"838";"55";"1650";"4"
"2023";"04";"230101";"TACNA";"TACNA";"TACNA";"GOBIERNO REGIONAL";"II-2";"00002864";"HOSPITAL HIPOLITO UNANUE DE TACNA";"240700";"HOSPITALIZACIÓN QUIRÚRGICA CIRUGÍA PEDIÁTRICA ";"23";"30";"139";"195";"8";"240";"0"
"2023";"04";"230101";"TACNA";"TACNA";"TACNA";"GOBIERNO REGIONAL";"II-2";"00002864";"HOSPITAL HIPOLITO UNANUE DE TACNA";"241400";"HOSPITALIZACIÓN QUIRÚRGICA GINECO - OBSTETRICIA ";"192";"215";"583";"630";"50";"1500";"0"
"2023";"04";"230101";"TACNA";"TACNA";"TACNA";"GOBIERNO REGIONAL";"II-2";"00002864";"HOSPITAL HIPOLITO UNANUE DE TACNA";"241500";"HOSPITALIZACIÓN QUIRÚRGICA GINECOLOGÍA  ";"69";"84";"199";"134";"8";"240";"1"
"2023";"04";"230101";"TACNA";"TACNA";"TACNA";"GOBIERNO REGIONAL";"II-2";"00002864";"HOSPITAL HIPOLITO UNANUE DE TACNA";"241900";"HOSPITALIZACIÓN DE MEDICINA MEDICINA INTERNA ";"77";"123";"465";"1185";"40";"1200";"23"
"2023";"04";"230101";"TACNA";"TACNA";"TACNA";"GOBIERNO REGIONAL";"II-2";"00002864";"HOSPITAL HIPOLITO UNANUE DE TACNA";"242200";"HOSPITALIZACIÓN DE MEDICINA PSIQUIATRÍA ";"3";"13";"19";"323";"17";"510";"0"
"2023";"04";"230101";"TACNA";"TACNA";"TACNA";"GOBIERNO REGIONAL";"II-2";"00002864";"HOSPITAL HIPOLITO UNANUE DE TACNA";"242300";"HOSPITALIZACIÓN DE PEDIATRÍA  PEDIATRÍA  GENERAL ";"29";"38";"167";"225";"15";"450";"0"
"2023";"04";"230101";"TACNA";"TACNA";"TACNA";"GOBIERNO REGIONAL";"II-2";"00002864";"HOSPITAL HIPOLITO UNANUE DE TACNA";"243200";"HOSPITALIZACIÓN DE PEDIATRÍA PEDIATRIA NEONATOLOGÍA";"163";"176";"406";"415";"15";"450";"1"
"2023";"04";"230101";"TACNA";"TACNA";"TACNA";"GOBIERNO REGIONAL";"II-2";"00002864";"HOSPITAL HIPOLITO UNANUE DE TACNA";"245300";"HOSPITALIZACIÓN DE MEDICINA NEUMOLOGÍA  ";"9";"15";"60";"159";"17";"510";"2"
"2023";"04";"230101";"TACNA";"TACNA";"TACNA";"GOBIERNO REGIONAL";"II-2";"00002864";"HOSPITAL HIPOLITO UNANUE DE TACNA";"250100";"UNIDAD DE CUIDADOS CRITICOS UNIDAD  DE CUIDADOS INTENSIVOS GENERALES (UCI) ";"2";"6";"20";"164";"6";"180";"1"
"2023";"04";"230101";"TACNA";"TACNA";"TACNA";"GOBIERNO REGIONAL";"II-2";"00002864";"HOSPITAL HIPOLITO UNANUE DE TACNA";"250400";"UNIDAD DE CUIDADOS CRITICOS UNIDAD DE QUEMADOS (GRAN QUEMADO) ";"5";"11";"31";"80";"4";"120";"0"
"2023";"04";"230101";"TACNA";"TACNA";"TACNA";"GOBIERNO REGIONAL";"II-2";"00002864";"HOSPITAL HIPOLITO UNANUE DE TACNA";"242000";"HOSPITALIZACIÓN DE MEDICINA MEDICINA TROPICAL E INFECCIOSAS ";"3";"3";"7";"25";"34";"1020";"0"
"2023";"04";"220510";"SAN MARTIN";"LAMAS";"TABALOSOS";"GOBIERNO REGIONAL";"I-1";"00015377";"HUNGURAHUI PAMPA";"NE_0001";"";"NE_0001";"NE_0001";"NE_0001";"NE_0001";"NE_0001";"NE_0001";"NE_0001"
"2023";"04";"220506";"SAN MARTIN";"LAMAS";"PINTO RECODO";"GOBIERNO REGIONAL";"I-1";"00006411";"MISHQUIYACU PINTO RECODO";"NE_0001";"";"NE_0001";"NE_0001";"NE_0001";"NE_0001";"NE_0001";"NE_0001";"NE_0001"
"2023";"04";"220510";"SAN MARTIN";"LAMAS";"TABALOSOS";"GOBIERNO REGIONAL";"I-1";"00006413";"SAN MIGUEL DEL RIO MAYO";"NE_0001";"";"NE_0001";"NE_0001";"NE_0001";"NE_0001";"NE_0001";"NE_0001";"NE_0001"
"2023";"04";"040104";"AREQUIPA";"AREQUIPA";"CERRO COLORADO";"PRIVADO";"II-1";"00027214";"CLINICA SAN PABLO AREQUIPA";"240000";"HOSPITALIZACIÓN";"217";"219";"634";"844";"60";"1800";"0"
"2023";"04";"220506";"SAN MARTIN";"LAMAS";"PINTO RECODO";"GOBIERNO REGIONAL";"I-1";"00006410";"CHURUZAPA PINTO RECODO";"NE_0001";"";"NE_0001";"NE_0001";"NE_0001";"NE_0001";"NE_0001";"NE_0001";"NE_0001"
"2023";"04";"220510";"SAN MARTIN";"LAMAS";"TABALOSOS";"GOBIERNO REGIONAL";"I-4";"00006408";"TABALOSOS";"241600";"HOSPITALIZACIÓN QUIRÚRGICA OBSTETRICIA   ";"13";"14";"45";"13";"10";"390";"0"
"2023";"04";"220510";"SAN MARTIN";"LAMAS";"TABALOSOS";"GOBIERNO REGIONAL";"I-1";"00006414";"PUCAYACU PANJUI";"NE_0001";"";"NE_0001";"NE_0001";"NE_0001";"NE_0001";"NE_0001";"NE_0001";"NE_0001"
"2023";"04";"220506";"SAN MARTIN";"LAMAS";"PINTO RECODO";"GOBIERNO REGIONAL";"I-1";"00006409";"PINTO RECODO";"NE_0001";"";"NE_0001";"NE_0001";"NE_0001";"NE_0001";"NE_0001";"NE_0001";"NE_0001"
"2023";"04";"220509";"SAN MARTIN";"LAMAS";"SHANAO";"GOBIERNO REGIONAL";"I-1";"00006412";"SHANAO";"NE_0001";"";"NE_0001";"NE_0001";"NE_0001";"NE_0001";"NE_0001";"NE_0001";"NE_0001"
"2023";"04";"080902";"CUSCO";"LA CONVENCION";"ECHARATE";"GOBIERNO REGIONAL";"I-1";"00002451";"CHAHUARES";"NE_0001";"";"NE_0001";"NE_0001";"NE_0001";"NE_0001";"NE_0001";"NE_0001";"NE_0001"
"2023";"04";"080901";"CUSCO";"LA CONVENCION";"SANTA ANA";"GOBIERNO REGIONAL";"I-1";"00002424";"POTRERO";"NE_0001";"";"NE_0001";"NE_0001";"NE_0001";"NE_0001";"NE_0001";"NE_0001";"NE_0001"
"2023";"04";"080902";"CUSCO";"LA CONVENCION";"ECHARATE";"GOBIERNO REGIONAL";"I-1";"00002446";"CHACCO";"NE_0001";"";"NE_0001";"NE_0001";"NE_0001";"NE_0001";"NE_0001";"NE_0001";"NE_0001"
"2023";"04";"080902";"CUSCO";"LA CONVENCION";"ECHARATE";"GOBIERNO REGIONAL";"I-2";"00002425";"ECHARATE";"NE_0001";"";"NE_0001";"NE_0001";"NE_0001";"NE_0001";"NE_0001";"NE_0001";"NE_0001"
"2023";"04";"080901";"CUSCO";"LA CONVENCION";"SANTA ANA";"GOBIERNO REGIONAL";"I-4";"00008910";"SANTA ANA";"NE_0001";"";"NE_0001";"NE_0001";"NE_0001";"NE_0001";"NE_0001";"NE_0001";"NE_0001"
"2023";"04";"080901";"CUSCO";"LA CONVENCION";"SANTA ANA";"GOBIERNO REGIONAL";"I-1";"00002422";"HUAYANAY";"NE_0001";"";"NE_0001";"NE_0001";"NE_0001";"NE_0001";"NE_0001";"NE_0001";"NE_0001"
"2023";"04";"080901";"CUSCO";"LA CONVENCION";"SANTA ANA";"GOBIERNO REGIONAL";"I-1";"00002423";"IDMA";"NE_0001";"";"NE_0001";"NE_0001";"NE_0001";"NE_0001";"NE_0001";"NE_0001";"NE_0001"
"2023";"04";"080902";"CUSCO";"LA CONVENCION";"ECHARATE";"GOBIERNO REGIONAL";"I-2";"00002430";"PAMPA CONCEPCION";"NE_0001";"";"NE_0001";"NE_0001";"NE_0001";"NE_0001";"NE_0001";"NE_0001";"NE_0001"
"2023";"04";"080901";"CUSCO";"LA CONVENCION";"SANTA ANA";"GOBIERNO REGIONAL";"I-3";"00015842";"PAVAYOC";"NE_0001";"";"NE_0001";"NE_0001";"NE_0001";"NE_0001";"NE_0001";"NE_0001";"NE_0001"
"2023";"05";"090208";"HUANCAVELICA";"ACOBAMBA";"ROSARIO";"GOBIERNO REGIONAL";"I-3";"00003938";"CENTRO DE SALUD PUCA CRUZ";"NE_0001";"";"NE_0001";"NE_0001";"NE_0001";"NE_0001";"NE_0001";"NE_0001";"NE_0001"
"2023";"05";"090208";"HUANCAVELICA";"ACOBAMBA";"ROSARIO";"GOBIERNO REGIONAL";"I-2";"00003942";"PUESTO DE SALUD CHANQUIL";"NE_0001";"";"NE_0001";"NE_0001";"NE_0001";"NE_0001";"NE_0001";"NE_0001";"NE_0001"
"2023";"05";"090208";"HUANCAVELICA";"ACOBAMBA";"ROSARIO";"GOBIERNO REGIONAL";"I-1";"00007418";"PUESTO DE SALUD DE LECCLESPAMPA";"NE_0001";"";"NE_0001";"NE_0001";"NE_0001";"NE_0001";"NE_0001";"NE_0001";"NE_0001"
"2023";"05";"090208";"HUANCAVELICA";"ACOBAMBA";"ROSARIO";"GOBIERNO REGIONAL";"I-1";"00009693";"PUESTO DE SALUD DE PUNCHAYPAMPA";"NE_0001";"";"NE_0001";"NE_0001";"NE_0001";"NE_0001";"NE_0001";"NE_0001";"NE_0001"
"2023";"05";"090208";"HUANCAVELICA";"ACOBAMBA";"ROSARIO";"GOBIERNO REGIONAL";"I-1";"00009706";"PUESTO DE SALUD TORORUMI";"NE_0001";"";"NE_0001";"NE_0001";"NE_0001";"NE_0001";"NE_0001";"NE_0001";"NE_0001"
"2023";"05";"090208";"HUANCAVELICA";"ACOBAMBA";"ROSARIO";"GOBIERNO REGIONAL";"I-1";"00011231";"PUESTO DE SALUD  SANTA ROSA DE ACCOMACHAY";"NE_0001";"";"NE_0001";"NE_0001";"NE_0001";"NE_0001";"NE_0001";"NE_0001";"NE_0001"
"2023";"05";"090208";"HUANCAVELICA";"ACOBAMBA";"ROSARIO";"GOBIERNO REGIONAL";"I-1";"00009503";"PUESTO DE SALUD DE VILLA MANTARO";"NE_0001";"";"NE_0001";"NE_0001";"NE_0001";"NE_0001";"NE_0001";"NE_0001";"NE_0001"
"2023";"05";"090208";"HUANCAVELICA";"ACOBAMBA";"ROSARIO";"GOBIERNO REGIONAL";"I-1";"00007372";"PUESTO DE SALUD LLIPLLINA";"NE_0001";"";"NE_0001";"NE_0001";"NE_0001";"NE_0001";"NE_0001";"NE_0001";"NE_0001"
"2023";"05";"090208";"HUANCAVELICA";"ACOBAMBA";"ROSARIO";"GOBIERNO REGIONAL";"I-2";"00003937";"PUESTO DE SALUD ROSARIO";"NE_0001";"";"NE_0001";"NE_0001";"NE_0001";"NE_0001";"NE_0001";"NE_0001";"NE_0001"
"2023";"05";"090208";"HUANCAVELICA";"ACOBAMBA";"ROSARIO";"GOBIERNO REGIONAL";"I-1";"00009710";"PUESTO  DE SALUD ICHUPAMPA";"NE_0001";"";"NE_0001";"NE_0001";"NE_0001";"NE_0001";"NE_0001";"NE_0001";"NE_0001"
"2023";"05";"060801";"CAJAMARCA";"JAEN";"JAEN";"GOBIERNO REGIONAL";"I-2";"00010007";"GRANADILLAS";"NE_0001";"";"NE_0001";"NE_0001";"NE_0001";"NE_0001";"NE_0001";"NE_0001";"NE_0001"
"2023";"05";"060801";"CAJAMARCA";"JAEN";"JAEN";"GOBIERNO REGIONAL";"I-1";"00004218";"VISTA ALEGRE  DE ZONANGA";"NE_0001";"";"NE_0001";"NE_0001";"NE_0001";"NE_0001";"NE_0001";"NE_0001";"NE_0001"
"2023";"05";"060801";"CAJAMARCA";"JAEN";"JAEN";"GOBIERNO REGIONAL";"I-1";"00004217";"TABACAL";"NE_0001";"";"NE_0001";"NE_0001";"NE_0001";"NE_0001";"NE_0001";"NE_0001";"NE_0001"
"2023";"05";"060801";"CAJAMARCA";"JAEN";"JAEN";"GOBIERNO REGIONAL";"I-3";"00004219";"CHAMBAMONTERA";"NE_0001";"";"NE_0001";"NE_0001";"NE_0001";"NE_0001";"NE_0001";"NE_0001";"NE_0001"
"2023";"05";"130101";"LA LIBERTAD";"TRUJILLO";"TRUJILLO";"PRIVADO";"II-E";"00025536";"OFTALMONORTE";"NE_0001";"";"NE_0001";"NE_0001";"NE_0001";"NE_0001";"NE_0001";"NE_0001";"NE_0001"
"2023";"05";"240102";"TUMBES";"TUMBES";"CORRALES";"GOBIERNO REGIONAL";"I-2";"00001868";"MALVAL";"NE_0001";"";"NE_0001";"NE_0001";"NE_0001";"NE_0001";"NE_0001";"NE_0001";"NE_0001"
"2023";"05";"240102";"TUMBES";"TUMBES";"CORRALES";"GOBIERNO REGIONAL";"I-2";"00001867";"SAN ISIDRO";"NE_0001";"";"NE_0001";"NE_0001";"NE_0001";"NE_0001";"NE_0001";"NE_0001";"NE_0001"
"2023";"05";"240105";"TUMBES";"TUMBES";"SAN JACINTO";"GOBIERNO REGIONAL";"I-2";"00001873";"CASA BLANQUEADA";"NE_0001";"";"NE_0001";"NE_0001";"NE_0001";"NE_0001";"NE_0001";"NE_0001";"NE_0001"
"2023";"05";"240105";"TUMBES";"TUMBES";"SAN JACINTO";"GOBIERNO REGIONAL";"I-1";"00001871";"RICA PLAYA";"NE_0001";"";"NE_0001";"NE_0001";"NE_0001";"NE_0001";"NE_0001";"NE_0001";"NE_0001"
"2023";"05";"240105";"TUMBES";"TUMBES";"SAN JACINTO";"GOBIERNO REGIONAL";"I-2";"00001872";"VAQUERIA";"NE_0001";"";"NE_0001";"NE_0001";"NE_0001";"NE_0001";"NE_0001";"NE_0001";"NE_0001"
"2023";"05";"240102";"TUMBES";"TUMBES";"CORRALES";"GOBIERNO REGIONAL";"I-4";"00001866";"CLAS CORRALES";"241800";"HOSPITALIZACIÓN DE MEDICINA MEDICINA GENERAL ";"11";"11";"16";"14";"1";"31";"0"
"2023";"05";"240102";"TUMBES";"TUMBES";"CORRALES";"GOBIERNO REGIONAL";"I-4";"00001866";"CLAS CORRALES";"241600";"HOSPITALIZACIÓN QUIRÚRGICA OBSTETRICIA   ";"4";"5";"5";"5";"1";"31";"0"
"2023";"05";"240105";"TUMBES";"TUMBES";"SAN JACINTO";"GOBIERNO REGIONAL";"I-1";"00001874";"OIDOR.";"NE_0001";"";"NE_0001";"NE_0001";"NE_0001";"NE_0001";"NE_0001";"NE_0001";"NE_0001"
"2023";"05";"240103";"TUMBES";"TUMBES";"LA CRUZ";"GOBIERNO REGIONAL";"I-3";"00001869";"CLAS LA CRUZ";"NE_0001";"";"NE_0001";"NE_0001";"NE_0001";"NE_0001";"NE_0001";"NE_0001";"NE_0001"
"2023";"05";"240105";"TUMBES";"TUMBES";"SAN JACINTO";"GOBIERNO REGIONAL";"I-3";"00001870";"SAN JACINTO";"NE_0001";"";"NE_0001";"NE_0001";"NE_0001";"NE_0001";"NE_0001";"NE_0001";"NE_0001"
"2023";"06";"150108";"LIMA";"LIMA";"CHORRILLOS";"ESSALUD";"I-3";"00008438";"POLICLINICO JUAN JOSE RODRIGUEZ LAZO";"NE_0001";"";"NE_0001";"NE_0001";"NE_0001";"NE_0001";"NE_0001";"NE_0001";"NE_0001"
"2023";"05";"070102";"CALLAO";"CALLAO";"BELLAVISTA";"PRIVADO";"I-2";"00023578";"CONSULTORIO MEDICO NUTRIMEDIC";"NE_0002";"";"NE_0002";"NE_0002";"NE_0002";"NE_0002";"NE_0002";"NE_0002";"NE_0002"
"2023";"06";"230101";"TACNA";"TACNA";"TACNA";"ESSALUD";"I-2";"00010228";"CENTRO DE ATENCION PRIMARIA II  OSCAR FERNANDEZ DAVILA VÉLEZ";"NE_0001";"";"NE_0001";"NE_0001";"NE_0001";"NE_0001";"NE_0001";"NE_0001";"NE_0001"
"2023";"06";"220901";"SAN MARTIN";"SAN MARTIN";"TARAPOTO";"ESSALUD";"II-1";"00027733";"HOSPITAL II TARAPOTO";"241800";"HOSPITALIZACIÓN DE MEDICINA MEDICINA GENERAL ";"138";"134";"855";"725";"27";"810";"2"
"2023";"06";"220901";"SAN MARTIN";"SAN MARTIN";"TARAPOTO";"ESSALUD";"II-1";"00027733";"HOSPITAL II TARAPOTO";"250304";"HOSPIT. EN UNIDAD DE CUID.INTEN.-UNIDAD DE VIGILANCIA INTENSIVA (UVI)-MEDICINA";"9";"8";"53";"99";"8";"240";"5"
"2023";"06";"220901";"SAN MARTIN";"SAN MARTIN";"TARAPOTO";"ESSALUD";"II-1";"00027733";"HOSPITAL II TARAPOTO";"240100";"HOSPITALIZACIÓN QUIRÚRGICA CIRUGÍA GENERAL ";"141";"139";"535";"552";"19";"570";"0"
"2023";"06";"220901";"SAN MARTIN";"SAN MARTIN";"TARAPOTO";"ESSALUD";"II-1";"00027733";"HOSPITAL II TARAPOTO";"241400";"HOSPITALIZACIÓN QUIRÚRGICA GINECO - OBSTETRICIA ";"180";"180";"609";"402";"16";"480";"0"
"2023";"06";"220901";"SAN MARTIN";"SAN MARTIN";"TARAPOTO";"ESSALUD";"II-1";"00027733";"HOSPITAL II TARAPOTO";"242300";"HOSPITALIZACIÓN DE PEDIATRÍA  PEDIATRÍA  GENERAL ";"106";"103";"584";"464";"16";"480";"0"
"2023";"06";"021101";"ANCASH";"HUARMEY";"HUARMEY";"ESSALUD";"I-3";"00009059";"CENTRO MEDICO HUARMEY";"NE_0001";"";"NE_0001";"NE_0001";"NE_0001";"NE_0001";"NE_0001";"NE_0001";"NE_0001"
"2023";"06";"120906";"JUNIN";"CHUPACA";"SAN JUAN DE YSCOS";"GOBIERNO REGIONAL";"I-1";"00000657";"TINYARI CHICO";"NE_0001";"";"NE_0001";"NE_0001";"NE_0001";"NE_0001";"NE_0001";"NE_0001";"NE_0001"
"2023";"03";"150113";"LIMA";"LIMA";"JESUS MARIA";"PRIVADO";"III-1";"00009116";"CLINICA SAN FELIPE S.A.";"250200";"UNIDAD DE CUIDADOS CRITICOS UNIDAD DE CUIDADOS INTERMEDIOS GENERAL  (UCIN) ";"53";"50";"335";"11";"51";"450";"2"
"2023";"03";"150113";"LIMA";"LIMA";"JESUS MARIA";"PRIVADO";"III-1";"00009116";"CLINICA SAN FELIPE S.A.";"250100";"UNIDAD DE CUIDADOS CRITICOS UNIDAD  DE CUIDADOS INTENSIVOS GENERALES (UCI) ";"44";"43";"108";"3";"20";"330";"1"
"2023";"06";"250107";"UCAYALI";"CORONEL PORTILLO";"MANANTAY";"ESSALUD";"I-3";"00032739";"CENTRO DE SALUD MANANTAY - ESSALUD";"NE_0001";"";"NE_0001";"NE_0001";"NE_0001";"NE_0001";"NE_0001";"NE_0001";"NE_0001"
"2023";"06";"220804";"SAN MARTIN";"RIOJA";"NUEVA CAJAMARCA";"GOBIERNO REGIONAL";"I-1";"00006289";"MIRAFLORES";"NE_0001";"";"NE_0001";"NE_0001";"NE_0001";"NE_0001";"NE_0001";"NE_0001";"NE_0001"
"2023";"06";"220804";"SAN MARTIN";"RIOJA";"NUEVA CAJAMARCA";"GOBIERNO REGIONAL";"I-4";"00006283";"HOSPITAL RURAL NUEVA CAJAMARCA";"241600";"HOSPITALIZACIÓN QUIRÚRGICA OBSTETRICIA   ";"45";"46";"61";"61";"8";"240";"0"
"2023";"06";"220804";"SAN MARTIN";"RIOJA";"NUEVA CAJAMARCA";"GOBIERNO REGIONAL";"I-4";"00006283";"HOSPITAL RURAL NUEVA CAJAMARCA";"241800";"HOSPITALIZACIÓN DE MEDICINA MEDICINA GENERAL ";"38";"41";"113";"113";"8";"240";"0"
"2023";"06";"220804";"SAN MARTIN";"RIOJA";"NUEVA CAJAMARCA";"GOBIERNO REGIONAL";"I-4";"00006283";"HOSPITAL RURAL NUEVA CAJAMARCA";"242500";"HOSPITALIZACIÓN-PEDIATRÍA GENERAL-";"4";"5";"26";"26";"5";"150";"0"
"2023";"05";"200105";"PIURA";"PIURA";"CATACAOS";"ESSALUD";"I-3";"00012319";"CENTRO DE ATENCION PRIMARIA-CAP III CATACAOS";"NE_0001";"";"NE_0001";"NE_0001";"NE_0001";"NE_0001";"NE_0001";"NE_0001";"NE_0001"
"2023";"05";"100505";"HUANUCO";"HUAMALIES";"JIRCAN";"GOBIERNO REGIONAL";"I-2";"00000904";"JIRCAN";"NE_0001";"";"NE_0001";"NE_0001";"NE_0001";"NE_0001";"NE_0001";"NE_0001";"NE_0001"
"2023";"05";"080906";"CUSCO";"LA CONVENCION";"QUELLOUNO";"GOBIERNO REGIONAL";"I-2";"00002466";"HUILLCAPAMPA";"NE_0001";"";"NE_0001";"NE_0001";"NE_0001";"NE_0001";"NE_0001";"NE_0001";"NE_0001"
"2023";"05";"080408";"CUSCO";"CALCA";"YANATILE";"GOBIERNO REGIONAL";"I-1";"00002363";"TUPAC AMARU QUELLOUNO";"NE_0001";"";"NE_0001";"NE_0001";"NE_0001";"NE_0001";"NE_0001";"NE_0001";"NE_0001"
"2023";"05";"080905";"CUSCO";"LA CONVENCION";"OCOBAMBA";"GOBIERNO REGIONAL";"I-1";"00002463";"CHINGANILLA";"NE_0001";"";"NE_0001";"NE_0001";"NE_0001";"NE_0001";"NE_0001";"NE_0001";"NE_0001"
"2023";"05";"080906";"CUSCO";"LA CONVENCION";"QUELLOUNO";"GOBIERNO REGIONAL";"I-1";"00008907";"MATORIATO";"NE_0001";"";"NE_0001";"NE_0001";"NE_0001";"NE_0001";"NE_0001";"NE_0001";"NE_0001"
"2023";"05";"080906";"CUSCO";"LA CONVENCION";"QUELLOUNO";"GOBIERNO REGIONAL";"I-2";"00008909";"CHAPO BOYERO";"NE_0001";"";"NE_0001";"NE_0001";"NE_0001";"NE_0001";"NE_0001";"NE_0001";"NE_0001"
"2023";"05";"080905";"CUSCO";"LA CONVENCION";"OCOBAMBA";"GOBIERNO REGIONAL";"I-3";"00002462";"OCCOBAMBA LACONVENCION";"NE_0001";"";"NE_0001";"NE_0001";"NE_0001";"NE_0001";"NE_0001";"NE_0001";"NE_0001"
"2023";"05";"080906";"CUSCO";"LA CONVENCION";"QUELLOUNO";"GOBIERNO REGIONAL";"I-1";"00008906";"ESTRELLA";"NE_0001";"";"NE_0001";"NE_0001";"NE_0001";"NE_0001";"NE_0001";"NE_0001";"NE_0001"
"2023";"05";"080906";"CUSCO";"LA CONVENCION";"QUELLOUNO";"GOBIERNO REGIONAL";"I-4";"00002465";"QUELLOUNO";"NE_0001";"";"NE_0001";"NE_0001";"NE_0001";"NE_0001";"NE_0001";"NE_0001";"NE_0001"
"2023";"05";"080906";"CUSCO";"LA CONVENCION";"QUELLOUNO";"GOBIERNO REGIONAL";"I-2";"00002468";"SAN MARTIN";"NE_0001";"";"NE_0001";"NE_0001";"NE_0001";"NE_0001";"NE_0001";"NE_0001";"NE_0001"
"2023";"05";"080906";"CUSCO";"LA CONVENCION";"QUELLOUNO";"GOBIERNO REGIONAL";"I-1";"00008908";"CHIRUMBIA";"NE_0001";"";"NE_0001";"NE_0001";"NE_0001";"NE_0001";"NE_0001";"NE_0001";"NE_0001"
"2023";"06";"180106";"MOQUEGUA";"MARISCAL NIETO";"TORATA";"ESSALUD";"I-3";"00016151";"CENTRO DE ATENCION PRIMARIA II TORATA";"NE_0001";"";"NE_0001";"NE_0001";"NE_0001";"NE_0001";"NE_0001";"NE_0001";"NE_0001"
"2023";"06";"080704";"CUSCO";"CHUMBIVILCAS";"COLQUEMARCA";"GOBIERNO REGIONAL";"I-3";"00002404";"COLQUEMARCA";"NE_0001";"";"NE_0001";"NE_0001";"NE_0001";"NE_0001";"NE_0001";"NE_0001";"NE_0001"
"2023";"06";"080704";"CUSCO";"CHUMBIVILCAS";"COLQUEMARCA";"GOBIERNO REGIONAL";"I-1";"00002405";"CHARAMURAY";"NE_0001";"";"NE_0001";"NE_0001";"NE_0001";"NE_0001";"NE_0001";"NE_0001";"NE_0001"
"2023";"06";"080704";"CUSCO";"CHUMBIVILCAS";"COLQUEMARCA";"GOBIERNO REGIONAL";"I-2";"00012932";"YANQUE";"NE_0001";"";"NE_0001";"NE_0001";"NE_0001";"NE_0001";"NE_0001";"NE_0001";"NE_0001"
"2023";"06";"110207";"ICA";"CHINCHA";"PUEBLO NUEVO";"ESSALUD";"I-3";"00012277";"PUEBLO NUEVO";"NE_0001";"";"NE_0001";"NE_0001";"NE_0001";"NE_0001";"NE_0001";"NE_0001";"NE_0001"
"2023";"06";"220603";"SAN MARTIN";"MARISCAL CACERES";"HUICUNGO";"GOBIERNO REGIONAL";"I-1";"00006556";"MIRAFLORES";"NE_0001";"";"NE_0001";"NE_0001";"NE_0001";"NE_0001";"NE_0001";"NE_0001";"NE_0001"
"2023";"06";"220601";"SAN MARTIN";"MARISCAL CACERES";"JUANJUI";"GOBIERNO REGIONAL";"I-1";"00006550";"QUINILLA";"NE_0001";"";"NE_0001";"NE_0001";"NE_0001";"NE_0001";"NE_0001";"NE_0001";"NE_0001"
"2023";"06";"220605";"SAN MARTIN";"MARISCAL CACERES";"PAJARILLO";"GOBIERNO REGIONAL";"I-1";"00006560";"ARMAYARI";"NE_0001";"";"NE_0001";"NE_0001";"NE_0001";"NE_0001";"NE_0001";"NE_0001";"NE_0001"
"2023";"06";"220601";"SAN MARTIN";"MARISCAL CACERES";"JUANJUI";"GOBIERNO REGIONAL";"I-1";"00006553";"HUAYABAMBA";"NE_0001";"";"NE_0001";"NE_0001";"NE_0001";"NE_0001";"NE_0001";"NE_0001";"NE_0001"
"2023";"06";"150101";"LIMA";"LIMA";"LIMA";"MINSA";"III-1";"00006206";"NACIONAL  DOS DE MAYO";"241800";"HOSPITALIZACIÓN DE MEDICINA MEDICINA GENERAL ";"431";"515";"6451";"7274";"270";"8100";"49"
"2023";"06";"150101";"LIMA";"LIMA";"LIMA";"MINSA";"III-1";"00006206";"NACIONAL  DOS DE MAYO";"240100";"HOSPITALIZACIÓN QUIRÚRGICA CIRUGÍA GENERAL ";"234";"274";"1476";"2751";"98";"2940";"2"
"2023";"06";"150101";"LIMA";"LIMA";"LIMA";"MINSA";"III-1";"00006206";"NACIONAL  DOS DE MAYO";"241200";"HOSPITALIZACIÓN QUIRÚRGICA TRAUMATOLOGÍA Y ORTOPEDIA ";"46";"49";"607";"355";"12";"360";"0"
"2023";"06";"150101";"LIMA";"LIMA";"LIMA";"MINSA";"III-1";"00006206";"NACIONAL  DOS DE MAYO";"241300";"HOSPITALIZACIÓN QUIRÚRGICA UROLOGÍA  ";"54";"66";"477";"428";"15";"450";"1"
"2023";"06";"150101";"LIMA";"LIMA";"LIMA";"MINSA";"III-1";"00006206";"NACIONAL  DOS DE MAYO";"240900";"HOSPITALIZACIÓN QUIRÚRGICA NEUROCIRUGÍA ";"41";"39";"480";"645";"22";"660";"0"
"2023";"06";"150101";"LIMA";"LIMA";"LIMA";"MINSA";"III-1";"00006206";"NACIONAL  DOS DE MAYO";"241100";"HOSPITALIZACIÓN QUIRÚRGICA OTORRINOLARINGOLOGÍA  ";"9";"9";"43";"48";"2";"60";"0"
"2023";"06";"150101";"LIMA";"LIMA";"LIMA";"MINSA";"III-1";"00006206";"NACIONAL  DOS DE MAYO";"240700";"HOSPITALIZACIÓN QUIRÚRGICA CIRUGÍA PEDIÁTRICA ";"29";"28";"97";"136";"5";"150";"0"
"2023";"06";"150101";"LIMA";"LIMA";"LIMA";"MINSA";"III-1";"00006206";"NACIONAL  DOS DE MAYO";"240200";"HOSPITALIZACIÓN QUIRÚRGICA CIRUGÍA DE CABEZA Y CUELLO / MÁXILO FACIAL ";"15";"14";"99";"84";"3";"90";"0"
"2023";"06";"150101";"LIMA";"LIMA";"LIMA";"MINSA";"III-1";"00006206";"NACIONAL  DOS DE MAYO";"240800";"HOSPITALIZACIÓN QUIRÚRGICA CIRUGÍA PLÁSTICA/RECONSTRUCTIVA/ REPARADORA ";"6";"6";"49";"30";"1";"30";"0"
"2023";"06";"150101";"LIMA";"LIMA";"LIMA";"MINSA";"III-1";"00006206";"NACIONAL  DOS DE MAYO";"241400";"HOSPITALIZACIÓN QUIRÚRGICA GINECO - OBSTETRICIA ";"373";"373";"1137";"1200";"43";"1290";"0"
"2023";"06";"150101";"LIMA";"LIMA";"LIMA";"MINSA";"III-1";"00006206";"NACIONAL  DOS DE MAYO";"243200";"HOSPITALIZACIÓN DE PEDIATRÍA PEDIATRIA NEONATOLOGÍA";"124";"130";"613";"601";"27";"810";"0"
"2023";"06";"150101";"LIMA";"LIMA";"LIMA";"MINSA";"III-1";"00006206";"NACIONAL  DOS DE MAYO";"242300";"HOSPITALIZACIÓN DE PEDIATRÍA  PEDIATRÍA  GENERAL ";"136";"125";"585";"666";"30";"900";"0"
"2023";"06";"150101";"LIMA";"LIMA";"LIMA";"MINSA";"III-1";"00006206";"NACIONAL  DOS DE MAYO";"250100";"UNIDAD DE CUIDADOS CRITICOS UNIDAD  DE CUIDADOS INTENSIVOS GENERALES (UCI) ";"30";"34";"304";"1196";"59";"1770";"24"
"2023";"07";"090207";"HUANCAVELICA";"ACOBAMBA";"POMACOCHA";"GOBIERNO REGIONAL";"I-1";"00009698";"PUESTO DE SALUD INCAPACCHAN";"NE_0001";"";"NE_0001";"NE_0001";"NE_0001";"NE_0001";"NE_0001";"NE_0001";"NE_0001"
"2023";"07";"150108";"LIMA";"LIMA";"CHORRILLOS";"ESSALUD";"I-3";"00008438";"POLICLINICO JUAN JOSE RODRIGUEZ LAZO";"NE_0001";"";"NE_0001";"NE_0001";"NE_0001";"NE_0001";"NE_0001";"NE_0001";"NE_0001"
"2023";"07";"230101";"TACNA";"TACNA";"TACNA";"PRIVADO";"I-4";"00011466";"CLINICA ISABEL";"240000";"HOSPITALIZACIÓN";"2";"2";"2";"1";"1";"31";"0"
"2023";"07";"060812";"CAJAMARCA";"JAEN";"SANTA ROSA";"GOBIERNO REGIONAL";"I-3";"00004262";"PUENTECILLOS";"NE_0001";"";"NE_0001";"NE_0001";"NE_0001";"NE_0001";"NE_0001";"NE_0001";"NE_0001"
"2023";"07";"220603";"SAN MARTIN";"MARISCAL CACERES";"HUICUNGO";"GOBIERNO REGIONAL";"I-1";"00006570";"NUEVA ESPERANZA";"NE_0001";"";"NE_0001";"NE_0001";"NE_0001";"NE_0001";"NE_0001";"NE_0001";"NE_0001"
"2023";"07";"230101";"TACNA";"TACNA";"TACNA";"PRIVADO";"I-4";"00011466";"CLINICA ISABEL";"240000";"HOSPITALIZACIÓN";"2";"2";"3";"1";"1";"31";"0"
"2023";"07";"230101";"TACNA";"TACNA";"TACNA";"PRIVADO";"I-4";"00011466";"CLINICA ISABEL";"240000";"HOSPITALIZACIÓN";"2";"2";"2";"1";"1";"31";"0"
"2023";"07";"230101";"TACNA";"TACNA";"TACNA";"PRIVADO";"I-4";"00011466";"CLINICA ISABEL";"240000";"HOSPITALIZACIÓN";"1";"1";"2";"1";"1";"31";"0"
"2023";"07";"230101";"TACNA";"TACNA";"TACNA";"PRIVADO";"I-4";"00011466";"CLINICA ISABEL";"240000";"HOSPITALIZACIÓN";"1";"1";"2";"1";"1";"31";"0"
"2023";"07";"120202";"JUNIN";"CONCEPCION";"ACO";"GOBIERNO REGIONAL";"I-1";"00000746";"QUICHA CHICO";"NE_0001";"";"NE_0001";"NE_0001";"NE_0001";"NE_0001";"NE_0001";"NE_0001";"NE_0001"
"2023";"07";"120211";"JUNIN";"CONCEPCION";"MITO";"GOBIERNO REGIONAL";"I-1";"00000748";"MITO";"NE_0001";"";"NE_0001";"NE_0001";"NE_0001";"NE_0001";"NE_0001";"NE_0001";"NE_0001"
"2023";"07";"120213";"JUNIN";"CONCEPCION";"ORCOTUNA";"GOBIERNO REGIONAL";"I-3";"00000751";"ORCOTUNA";"NE_0001";"";"NE_0001";"NE_0001";"NE_0001";"NE_0001";"NE_0001";"NE_0001";"NE_0001"
"2023";"07";"120122";"JUNIN";"HUANCAYO";"INGENIO";"GOBIERNO REGIONAL";"I-2";"00000663";"INGENIO";"NE_0001";"";"NE_0001";"NE_0001";"NE_0001";"NE_0001";"NE_0001";"NE_0001";"NE_0001"
"2023";"07";"120212";"JUNIN";"CONCEPCION";"NUEVE DE JULIO";"GOBIERNO REGIONAL";"I-1";"00000690";"NUEVE DE JULIO";"NE_0001";"";"NE_0001";"NE_0001";"NE_0001";"NE_0001";"NE_0001";"NE_0001";"NE_0001"
"2023";"07";"120202";"JUNIN";"CONCEPCION";"ACO";"GOBIERNO REGIONAL";"I-2";"00000745";"ACO";"NE_0001";"";"NE_0001";"NE_0001";"NE_0001";"NE_0001";"NE_0001";"NE_0001";"NE_0001"
"2023";"07";"120211";"JUNIN";"CONCEPCION";"MITO";"GOBIERNO REGIONAL";"I-1";"00000749";"SAN LUIS YAICO";"NE_0001";"";"NE_0001";"NE_0001";"NE_0001";"NE_0001";"NE_0001";"NE_0001";"NE_0001"
"2023";"07";"120122";"JUNIN";"HUANCAYO";"INGENIO";"GOBIERNO REGIONAL";"I-1";"00000664";"CASACANCHA";"NE_0001";"";"NE_0001";"NE_0001";"NE_0001";"NE_0001";"NE_0001";"NE_0001";"NE_0001"
"2023";"07";"120201";"JUNIN";"CONCEPCION";"CONCEPCION";"GOBIERNO REGIONAL";"I-4";"00000671";"DAVID GUERRERO DUARTE";"NE_0001";"";"NE_0001";"NE_0001";"NE_0001";"NE_0001";"NE_0001";"NE_0001";"NE_0001"
"2023";"07";"120210";"JUNIN";"CONCEPCION";"MATAHUASI";"GOBIERNO REGIONAL";"I-3";"00000687";"MATAHUASI";"NE_0001";"";"NE_0001";"NE_0001";"NE_0001";"NE_0001";"NE_0001";"NE_0001";"NE_0001"
"2023";"07";"120202";"JUNIN";"CONCEPCION";"ACO";"GOBIERNO REGIONAL";"I-1";"00000747";"QUICHA GRANDE";"NE_0001";"";"NE_0001";"NE_0001";"NE_0001";"NE_0001";"NE_0001";"NE_0001";"NE_0001"
"2023";"07";"120213";"JUNIN";"CONCEPCION";"ORCOTUNA";"GOBIERNO REGIONAL";"I-1";"00000752";"VICSO";"NE_0001";"";"NE_0001";"NE_0001";"NE_0001";"NE_0001";"NE_0001";"NE_0001";"NE_0001"
"2023";"07";"021101";"ANCASH";"HUARMEY";"HUARMEY";"GOBIERNO REGIONAL";"II-1";"00001741";"HOSPITAL DE APOYO HUARMEY";"240100";"HOSPITALIZACIÓN QUIRÚRGICA CIRUGÍA GENERAL ";"6";"6";"27";"27";"5";"155";"0"
"2023";"07";"021101";"ANCASH";"HUARMEY";"HUARMEY";"GOBIERNO REGIONAL";"II-1";"00001741";"HOSPITAL DE APOYO HUARMEY";"241400";"HOSPITALIZACIÓN QUIRÚRGICA GINECO - OBSTETRICIA ";"35";"37";"68";"65";"10";"310";"0"
"2023";"07";"021101";"ANCASH";"HUARMEY";"HUARMEY";"GOBIERNO REGIONAL";"II-1";"00001741";"HOSPITAL DE APOYO HUARMEY";"241800";"HOSPITALIZACIÓN DE MEDICINA MEDICINA GENERAL ";"37";"41";"134";"128";"9";"279";"1"
"2023";"07";"021101";"ANCASH";"HUARMEY";"HUARMEY";"GOBIERNO REGIONAL";"II-1";"00001741";"HOSPITAL DE APOYO HUARMEY";"242300";"HOSPITALIZACIÓN DE PEDIATRÍA  PEDIATRÍA  GENERAL ";"8";"8";"19";"19";"3";"93";"0"
"2023";"07";"050401";"AYACUCHO";"HUANTA";"HUANTA";"SANIDAD DE LA POLICIA NACIONAL DEL PERU";"I-2";"00011437";"POSTA MEDICA PNP HUANTA";"NE_0001";"";"NE_0001";"NE_0001";"NE_0001";"NE_0001";"NE_0001";"NE_0001";"NE_0001"
"2023";"07";"130907";"LA LIBERTAD";"SANCHEZ CARRION";"SARIN";"GOBIERNO REGIONAL";"I-2";"00011627";"CERPAQUINO";"NE_0001";"";"NE_0001";"NE_0001";"NE_0001";"NE_0001";"NE_0001";"NE_0001";"NE_0001"
"2023";"07";"130907";"LA LIBERTAD";"SANCHEZ CARRION";"SARIN";"GOBIERNO REGIONAL";"I-2";"00005361";"SARIN";"NE_0001";"";"NE_0001";"NE_0001";"NE_0001";"NE_0001";"NE_0001";"NE_0001";"NE_0001"
"2023";"07";"130907";"LA LIBERTAD";"SANCHEZ CARRION";"SARIN";"GOBIERNO REGIONAL";"I-2";"00011624";"MUNMALCA";"NE_0001";"";"NE_0001";"NE_0001";"NE_0001";"NE_0001";"NE_0001";"NE_0001";"NE_0001"
"2023";"07";"130907";"LA LIBERTAD";"SANCHEZ CARRION";"SARIN";"GOBIERNO REGIONAL";"I-2";"00011628";"SHIRACORRAL";"NE_0001";"";"NE_0001";"NE_0001";"NE_0001";"NE_0001";"NE_0001";"NE_0001";"NE_0001"
"2023";"07";"130907";"LA LIBERTAD";"SANCHEZ CARRION";"SARIN";"GOBIERNO REGIONAL";"I-2";"00005362";"OROGOLDAY";"NE_0001";"";"NE_0001";"NE_0001";"NE_0001";"NE_0001";"NE_0001";"NE_0001";"NE_0001"
"2023";"07";"070101";"CALLAO";"CALLAO";"CALLAO";"PRIVADO";"I-2";"00018306";"CENTRO DE ATENCIÓN PRIMARIA ALBERTO LEONARDO BARTON THOMPSON";"NE_0001";"";"NE_0001";"NE_0001";"NE_0001";"NE_0001";"NE_0001";"NE_0001";"NE_0001"
"2023";"07";"040105";"AREQUIPA";"AREQUIPA";"CHARACATO";"GOBIERNO REGIONAL";"I-3";"00001261";"CENTRO DE SALUD DE CHARACATO";"NE_0001";"";"NE_0001";"NE_0001";"NE_0001";"NE_0001";"NE_0001";"NE_0001";"NE_0001"
"2023";"07";"040113";"AREQUIPA";"AREQUIPA";"POCSI";"GOBIERNO REGIONAL";"I-1";"00001289";"PUESTO DE SALUD PIACA";"NE_0001";"";"NE_0001";"NE_0001";"NE_0001";"NE_0001";"NE_0001";"NE_0001";"NE_0001"
"2023";"07";"040111";"AREQUIPA";"AREQUIPA";"MOLLEBAYA";"GOBIERNO REGIONAL";"I-2";"00001285";"PUESTO DE SALUD MOLLEBAYA";"NE_0001";"";"NE_0001";"NE_0001";"NE_0001";"NE_0001";"NE_0001";"NE_0001";"NE_0001"
"2023";"07";"060101";"CAJAMARCA";"CAJAMARCA";"CAJAMARCA";"PRIVADO";"II-1";"00009591";"CLINICA LIMATAMBO CAJAMARCA S.A.C.";"240000";"HOSPITALIZACIÓN";"153";"153";"165";"331";"33";"744";"0"
"2023";"07";"060802";"CAJAMARCA";"JAEN";"BELLAVISTA";"GOBIERNO REGIONAL";"I-3";"00004224";"CRUCE SHUMBA";"NE_0001";"";"NE_0001";"NE_0001";"NE_0001";"NE_0001";"NE_0001";"NE_0001";"NE_0001"
"2023";"07";"130503";"LA LIBERTAD";"JULCAN";"CARABAMBA";"GOBIERNO REGIONAL";"I-2";"00006773";"VILLA MARIA";"NE_0001";"";"NE_0001";"NE_0001";"NE_0001";"NE_0001";"NE_0001";"NE_0001";"NE_0001"
"2023";"07";"130503";"LA LIBERTAD";"JULCAN";"CARABAMBA";"GOBIERNO REGIONAL";"I-3";"00005310";"CARABAMBA";"NE_0001";"";"NE_0001";"NE_0001";"NE_0001";"NE_0001";"NE_0001";"NE_0001";"NE_0001"
"2023";"07";"130503";"LA LIBERTAD";"JULCAN";"CARABAMBA";"GOBIERNO REGIONAL";"I-2";"00005311";"SAN JOSE DE SALO BAJO";"NE_0001";"";"NE_0001";"NE_0001";"NE_0001";"NE_0001";"NE_0001";"NE_0001";"NE_0001"
"2023";"05";"250101";"UCAYALI";"CORONEL PORTILLO";"CALLERIA";"GOBIERNO REGIONAL";"II-2";"00005576";"HOSPITAL REGIONAL DE PUCALLPA";"241900";"HOSPITALIZACIÓN DE MEDICINA MEDICINA INTERNA ";"40";"33";"217";"194";"9";"297";"4"
"2023";"02";"150118";"LIMA";"LIMA";"LURIGANCHO";"PRIVADO";"II-E";"00016951";"CLINICA MADRE ZORAIDA";"241400";"HOSPITALIZACIÓN QUIRÚRGICA GINECO - OBSTETRICIA ";"7";"7";"24";"21";"6";"102";"0"
"2023";"04";"150118";"LIMA";"LIMA";"LURIGANCHO";"PRIVADO";"II-E";"00016951";"CLINICA MADRE ZORAIDA";"241400";"HOSPITALIZACIÓN QUIRÚRGICA GINECO - OBSTETRICIA ";"3";"3";"12";"9";"6";"42";"0"
"2023";"05";"150604";"LIMA";"HUARAL";"AUCALLAMA";"GOBIERNO REGIONAL";"I-3";"00005726";"AUCALLAMA";"NE_0001";"";"NE_0001";"NE_0001";"NE_0001";"NE_0001";"NE_0001";"NE_0001";"NE_0001"
"2023";"06";"010401";"AMAZONAS";"CONDORCANQUI";"NIEVA";"GOBIERNO REGIONAL";"II-1";"00005145";"SANTA MARIA DE NIEVA";"240100";"HOSPITALIZACIÓN QUIRÚRGICA CIRUGÍA GENERAL ";"19";"19";"41";"4";"2";"6";"0"
"2023";"06";"010401";"AMAZONAS";"CONDORCANQUI";"NIEVA";"GOBIERNO REGIONAL";"II-1";"00005145";"SANTA MARIA DE NIEVA";"241400";"HOSPITALIZACIÓN QUIRÚRGICA GINECO - OBSTETRICIA ";"52";"57";"136";"12";"11";"30";"0"
"2023";"06";"010401";"AMAZONAS";"CONDORCANQUI";"NIEVA";"GOBIERNO REGIONAL";"II-1";"00005145";"SANTA MARIA DE NIEVA";"241800";"HOSPITALIZACIÓN DE MEDICINA MEDICINA GENERAL ";"26";"27";"71";"10";"8";"16";"0"
"2023";"06";"010401";"AMAZONAS";"CONDORCANQUI";"NIEVA";"GOBIERNO REGIONAL";"II-1";"00005145";"SANTA MARIA DE NIEVA";"242500";"HOSPITALIZACIÓN-PEDIATRÍA GENERAL-";"22";"25";"58";"8";"2";"10";"1"
"2023";"06";"120432";"JUNIN";"JAUJA";"TUNAN MARCA";"GOBIERNO REGIONAL";"I-1";"00000391";"TUNANMARCA";"NE_0001";"";"NE_0001";"NE_0001";"NE_0001";"NE_0001";"NE_0001";"NE_0001";"NE_0001"
"2023";"06";"120402";"JUNIN";"JAUJA";"ACOLLA";"GOBIERNO REGIONAL";"I-2";"00000383";"PACHASCUCHO";"NE_0001";"";"NE_0001";"NE_0001";"NE_0001";"NE_0001";"NE_0001";"NE_0001";"NE_0001"
"2023";"06";"120426";"JUNIN";"JAUJA";"POMACANCHA";"GOBIERNO REGIONAL";"I-2";"00000388";"POMACANCHA";"NE_0001";"";"NE_0001";"NE_0001";"NE_0001";"NE_0001";"NE_0001";"NE_0001";"NE_0001"
"2023";"06";"120426";"JUNIN";"JAUJA";"POMACANCHA";"GOBIERNO REGIONAL";"I-1";"00000390";"CASABLANCA";"NE_0001";"";"NE_0001";"NE_0001";"NE_0001";"NE_0001";"NE_0001";"NE_0001";"NE_0001"
"2023";"06";"120402";"JUNIN";"JAUJA";"ACOLLA";"GOBIERNO REGIONAL";"I-1";"00000381";"SACAS";"NE_0001";"";"NE_0001";"NE_0001";"NE_0001";"NE_0001";"NE_0001";"NE_0001";"NE_0001"
"2023";"06";"120402";"JUNIN";"JAUJA";"ACOLLA";"GOBIERNO REGIONAL";"I-2";"00000384";"TINGO PACCHA";"NE_0001";"";"NE_0001";"NE_0001";"NE_0001";"NE_0001";"NE_0001";"NE_0001";"NE_0001"
"2023";"06";"120402";"JUNIN";"JAUJA";"ACOLLA";"GOBIERNO REGIONAL";"I-3";"00000379";"ACOLLA";"NE_0001";"";"NE_0001";"NE_0001";"NE_0001";"NE_0001";"NE_0001";"NE_0001";"NE_0001"
"2023";"06";"120402";"JUNIN";"JAUJA";"ACOLLA";"GOBIERNO REGIONAL";"I-2";"00000380";"EL TINGO";"NE_0001";"";"NE_0001";"NE_0001";"NE_0001";"NE_0001";"NE_0001";"NE_0001";"NE_0001"
"2023";"06";"120402";"JUNIN";"JAUJA";"ACOLLA";"GOBIERNO REGIONAL";"I-2";"00000382";"YANAMARCA";"NE_0001";"";"NE_0001";"NE_0001";"NE_0001";"NE_0001";"NE_0001";"NE_0001";"NE_0001"
"2023";"06";"120402";"JUNIN";"JAUJA";"ACOLLA";"GOBIERNO REGIONAL";"I-1";"00006874";"CHUQUISHUARI";"NE_0001";"";"NE_0001";"NE_0001";"NE_0001";"NE_0001";"NE_0001";"NE_0001";"NE_0001"
"2023";"06";"150204";"LIMA";"BARRANCA";"SUPE";"GOBIERNO REGIONAL";"II-1";"00007636";"HOSPITAL DE SUPE LAURA ESTHER RODRIGUEZ DULANTO";"240100";"HOSPITALIZACIÓN QUIRÚRGICA CIRUGÍA GENERAL ";"15";"17";"65";"79";"6";"180";"0"
"2023";"06";"150204";"LIMA";"BARRANCA";"SUPE";"GOBIERNO REGIONAL";"II-1";"00007636";"HOSPITAL DE SUPE LAURA ESTHER RODRIGUEZ DULANTO";"241500";"HOSPITALIZACIÓN QUIRÚRGICA GINECOLOGÍA  ";"18";"22";"68";"26";"2";"60";"0"
"2023";"06";"150204";"LIMA";"BARRANCA";"SUPE";"GOBIERNO REGIONAL";"II-1";"00007636";"HOSPITAL DE SUPE LAURA ESTHER RODRIGUEZ DULANTO";"241600";"HOSPITALIZACIÓN QUIRÚRGICA OBSTETRICIA   ";"36";"37";"76";"126";"13";"390";"0"
"2023";"06";"150204";"LIMA";"BARRANCA";"SUPE";"GOBIERNO REGIONAL";"II-1";"00007636";"HOSPITAL DE SUPE LAURA ESTHER RODRIGUEZ DULANTO";"241800";"HOSPITALIZACIÓN DE MEDICINA MEDICINA GENERAL ";"10";"13";"99";"69";"8";"240";"1"
"2023";"06";"150204";"LIMA";"BARRANCA";"SUPE";"GOBIERNO REGIONAL";"II-1";"00007636";"HOSPITAL DE SUPE LAURA ESTHER RODRIGUEZ DULANTO";"242200";"HOSPITALIZACIÓN DE MEDICINA PSIQUIATRÍA ";"2";"5";"137";"81";"8";"240";"0"
"2023";"06";"150204";"LIMA";"BARRANCA";"SUPE";"GOBIERNO REGIONAL";"II-1";"00007636";"HOSPITAL DE SUPE LAURA ESTHER RODRIGUEZ DULANTO";"242500";"HOSPITALIZACIÓN-PEDIATRÍA GENERAL-";"32";"34";"120";"118";"8";"240";"0"
"2023";"06";"150204";"LIMA";"BARRANCA";"SUPE";"GOBIERNO REGIONAL";"II-1";"00007636";"HOSPITAL DE SUPE LAURA ESTHER RODRIGUEZ DULANTO";"243200";"HOSPITALIZACIÓN DE PEDIATRÍA PEDIATRIA NEONATOLOGÍA";"19";"19";"45";"39";"5";"150";"0"
"2023";"06";"150118";"LIMA";"LIMA";"LURIGANCHO";"MINSA";"II-2";"00005947";"HOSPITAL DE MEDIANA COMPLEJIDAD JOSE AGURTO TELLO";"241900";"HOSPITALIZACIÓN DE MEDICINA MEDICINA INTERNA ";"61";"49";"431";"374";"12";"360";"2"
"2023";"06";"150118";"LIMA";"LIMA";"LURIGANCHO";"MINSA";"II-2";"00005947";"HOSPITAL DE MEDIANA COMPLEJIDAD JOSE AGURTO TELLO";"240100";"HOSPITALIZACIÓN QUIRÚRGICA CIRUGÍA GENERAL ";"119";"109";"340";"273";"15";"450";"0"
"2023";"06";"150118";"LIMA";"LIMA";"LURIGANCHO";"MINSA";"II-2";"00005947";"HOSPITAL DE MEDIANA COMPLEJIDAD JOSE AGURTO TELLO";"241200";"HOSPITALIZACIÓN QUIRÚRGICA TRAUMATOLOGÍA Y ORTOPEDIA ";"22";"17";"121";"126";"5";"150";"0"
"2023";"06";"150118";"LIMA";"LIMA";"LURIGANCHO";"MINSA";"II-2";"00005947";"HOSPITAL DE MEDIANA COMPLEJIDAD JOSE AGURTO TELLO";"241300";"HOSPITALIZACIÓN QUIRÚRGICA UROLOGÍA  ";"2";"2";"8";"8";"1";"30";"0"
"2023";"06";"150118";"LIMA";"LIMA";"LURIGANCHO";"MINSA";"II-2";"00005947";"HOSPITAL DE MEDIANA COMPLEJIDAD JOSE AGURTO TELLO";"243200";"HOSPITALIZACIÓN DE PEDIATRÍA PEDIATRIA NEONATOLOGÍA";"24";"20";"56";"57";"5";"150";"0"
"2023";"06";"150118";"LIMA";"LIMA";"LURIGANCHO";"MINSA";"II-2";"00005947";"HOSPITAL DE MEDIANA COMPLEJIDAD JOSE AGURTO TELLO";"242500";"HOSPITALIZACIÓN-PEDIATRÍA GENERAL-";"35";"30";"155";"150";"150";"4500";"0"
"2023";"06";"150118";"LIMA";"LIMA";"LURIGANCHO";"MINSA";"II-2";"00005947";"HOSPITAL DE MEDIANA COMPLEJIDAD JOSE AGURTO TELLO";"241500";"HOSPITALIZACIÓN QUIRÚRGICA GINECOLOGÍA  ";"17";"15";"64";"62";"5";"150";"0"
"2023";"06";"150118";"LIMA";"LIMA";"LURIGANCHO";"MINSA";"II-2";"00005947";"HOSPITAL DE MEDIANA COMPLEJIDAD JOSE AGURTO TELLO";"241600";"HOSPITALIZACIÓN QUIRÚRGICA OBSTETRICIA   ";"144";"137";"329";"319";"16";"480";"0"
"2023";"06";"220901";"SAN MARTIN";"SAN MARTIN";"TARAPOTO";"GOBIERNO REGIONAL";"I-1";"00006363";"ATUMPAMPA";"NE_0001";"";"NE_0001";"NE_0001";"NE_0001";"NE_0001";"NE_0001";"NE_0001";"NE_0001"
"2023";"06";"220901";"SAN MARTIN";"SAN MARTIN";"TARAPOTO";"GOBIERNO REGIONAL";"I-1";"00006373";"SANTA ROSA DE CUMBAZA";"NE_0001";"";"NE_0001";"NE_0001";"NE_0001";"NE_0001";"NE_0001";"NE_0001";"NE_0001"
"2023";"06";"100102";"HUANUCO";"HUANUCO";"AMARILIS";"GOBIERNO REGIONAL";"II-E";"00000756";"HOSPITAL MATERNO INFANTIL CARLOS SHOWING FERRARI";"241400";"HOSPITALIZACIÓN QUIRÚRGICA GINECO - OBSTETRICIA ";"172";"189";"446";"635";"25";"750";"0"
"2023";"06";"100102";"HUANUCO";"HUANUCO";"AMARILIS";"GOBIERNO REGIONAL";"II-E";"00000756";"HOSPITAL MATERNO INFANTIL CARLOS SHOWING FERRARI";"242500";"HOSPITALIZACIÓN-PEDIATRÍA GENERAL-";"51";"61";"267";"328";"11";"330";"0"
"2023";"06";"100102";"HUANUCO";"HUANUCO";"AMARILIS";"GOBIERNO REGIONAL";"II-E";"00000756";"HOSPITAL MATERNO INFANTIL CARLOS SHOWING FERRARI";"243200";"HOSPITALIZACIÓN DE PEDIATRÍA PEDIATRIA NEONATOLOGÍA";"25";"32";"140";"172";"11";"330";"0"
"2023";"06";"220901";"SAN MARTIN";"SAN MARTIN";"TARAPOTO";"GOBIERNO REGIONAL";"I-3";"00006370";"PUNTA DEL ESTE";"NE_0001";"";"NE_0001";"NE_0001";"NE_0001";"NE_0001";"NE_0001";"NE_0001";"NE_0001"
"2023";"06";"220901";"SAN MARTIN";"SAN MARTIN";"TARAPOTO";"GOBIERNO REGIONAL";"I-2";"00006371";"HUAYCO TARAPOTO";"NE_0001";"";"NE_0001";"NE_0001";"NE_0001";"NE_0001";"NE_0001";"NE_0001";"NE_0001"
"2023";"06";"150136";"LIMA";"LIMA";"SAN MIGUEL";"PRIVADO";"II-2";"00012666";"CLINICA PROVIDENCIA";"240000";"HOSPITALIZACIÓN";"237";"209";"568";"237";"58";"60";"0"
"2023";"06";"150136";"LIMA";"LIMA";"SAN MIGUEL";"PRIVADO";"II-2";"00012666";"CLINICA PROVIDENCIA";"250100";"UNIDAD DE CUIDADOS CRITICOS UNIDAD  DE CUIDADOS INTENSIVOS GENERALES (UCI) ";"8";"8";"20";"8";"10";"12";"0"
"2023";"06";"150136";"LIMA";"LIMA";"SAN MIGUEL";"PRIVADO";"II-2";"00012666";"CLINICA PROVIDENCIA";"250105";"UNIDAD DE CUIDADOS CRITICOS UNIDAD  DE CUIDADOS INTENSIVOS  (UCI) NEONATOLOGÍA";"3";"1";"7";"3";"5";"8";"0"
"2023";"06";"150136";"LIMA";"LIMA";"SAN MIGUEL";"PRIVADO";"II-2";"00012666";"CLINICA PROVIDENCIA";"250108";"UNIDAD DE CUIDADOS CRITICOS UNIDAD  DE CUIDADOS INTENSIVOS  (UCI) PEDIÁTRICA";"10";"10";"25";"4";"8";"10";"0"
"2023";"06";"200104";"PIURA";"PIURA";"CASTILLA";"ESSALUD";"III-1";"00015230";"HOSPITAL III JOSE CAYETANO HEREDIA";"241900";"HOSPITALIZACIÓN DE MEDICINA MEDICINA INTERNA ";"493";"451";"2935";"2464";"100";"3000";"18"
"2023";"06";"200104";"PIURA";"PIURA";"CASTILLA";"ESSALUD";"III-1";"00015230";"HOSPITAL III JOSE CAYETANO HEREDIA";"240100";"HOSPITALIZACIÓN QUIRÚRGICA CIRUGÍA GENERAL ";"353";"291";"2077";"1793";"63";"1890";"4"
"2023";"06";"200104";"PIURA";"PIURA";"CASTILLA";"ESSALUD";"III-1";"00015230";"HOSPITAL III JOSE CAYETANO HEREDIA";"241500";"HOSPITALIZACIÓN QUIRÚRGICA GINECOLOGÍA  ";"99";"71";"274";"227";"8";"240";"1"
"2023";"06";"200104";"PIURA";"PIURA";"CASTILLA";"ESSALUD";"III-1";"00015230";"HOSPITAL III JOSE CAYETANO HEREDIA";"241600";"HOSPITALIZACIÓN QUIRÚRGICA OBSTETRICIA   ";"142";"173";"1090";"880";"30";"900";"0"
"2023";"06";"200104";"PIURA";"PIURA";"CASTILLA";"ESSALUD";"III-1";"00015230";"HOSPITAL III JOSE CAYETANO HEREDIA";"242300";"HOSPITALIZACIÓN DE PEDIATRÍA  PEDIATRÍA  GENERAL ";"138";"147";"912";"821";"29";"870";"1"
"2023";"06";"200104";"PIURA";"PIURA";"CASTILLA";"ESSALUD";"III-1";"00015230";"HOSPITAL III JOSE CAYETANO HEREDIA";"250100";"UNIDAD DE CUIDADOS CRITICOS UNIDAD  DE CUIDADOS INTENSIVOS GENERALES (UCI) ";"40";"58";"749";"713";"33";"990";"13"
"2023";"06";"200104";"PIURA";"PIURA";"CASTILLA";"ESSALUD";"III-1";"00015230";"HOSPITAL III JOSE CAYETANO HEREDIA";"250200";"UNIDAD DE CUIDADOS CRITICOS UNIDAD DE CUIDADOS INTERMEDIOS GENERAL  (UCIN) ";"26";"55";"861";"547";"20";"600";"1"
"2023";"05";"220909";"SAN MARTIN";"SAN MARTIN";"LA BANDA DE SHILCAYO";"PRIVADO";"II-E";"00015835";"CLINICA OFTALMOLOGICA DE LA SELVA";"NE_0001";"";"NE_0001";"NE_0001";"NE_0001";"NE_0001";"NE_0001";"NE_0001";"NE_0001"
"2023";"06";"080803";"CUSCO";"ESPINAR";"COPORAQUE";"GOBIERNO REGIONAL";"I-2";"00002414";"HUAYHUAHUASI";"NE_0001";"";"NE_0001";"NE_0001";"NE_0001";"NE_0001";"NE_0001";"NE_0001";"NE_0001"
"2023";"06";"100502";"HUANUCO";"HUAMALIES";"ARANCAY";"GOBIERNO REGIONAL";"I-2";"00000905";"ARANCAY";"NE_0001";"";"NE_0001";"NE_0001";"NE_0001";"NE_0001";"NE_0001";"NE_0001";"NE_0001"
"2023";"06";"100502";"HUANUCO";"HUAMALIES";"ARANCAY";"GOBIERNO REGIONAL";"0";"00025485";"AISPED TAZO CHICO -  ARANCAY";"NE_0001";"";"NE_0001";"NE_0001";"NE_0001";"NE_0001";"NE_0001";"NE_0001";"NE_0001"
"2023";"06";"100504";"HUANUCO";"HUAMALIES";"JACAS GRANDE";"GOBIERNO REGIONAL";"I-2";"00000906";"CARHUAPATA";"NE_0001";"";"NE_0001";"NE_0001";"NE_0001";"NE_0001";"NE_0001";"NE_0001";"NE_0001"
"2023";"06";"100504";"HUANUCO";"HUAMALIES";"JACAS GRANDE";"GOBIERNO REGIONAL";"I-2";"00000897";"JACAS GRANDE";"NE_0001";"";"NE_0001";"NE_0001";"NE_0001";"NE_0001";"NE_0001";"NE_0001";"NE_0001"
"2023";"06";"100504";"HUANUCO";"HUAMALIES";"JACAS GRANDE";"GOBIERNO REGIONAL";"I-2";"00006888";"CASCANGA";"NE_0001";"";"NE_0001";"NE_0001";"NE_0001";"NE_0001";"NE_0001";"NE_0001";"NE_0001"
"2023";"06";"100504";"HUANUCO";"HUAMALIES";"JACAS GRANDE";"GOBIERNO REGIONAL";"I-2";"00000898";"ANDAS";"NE_0001";"";"NE_0001";"NE_0001";"NE_0001";"NE_0001";"NE_0001";"NE_0001";"NE_0001"
"2023";"06";"100504";"HUANUCO";"HUAMALIES";"JACAS GRANDE";"GOBIERNO REGIONAL";"I-1";"00006674";"NUEVAS FLORES";"NE_0001";"";"NE_0001";"NE_0001";"NE_0001";"NE_0001";"NE_0001";"NE_0001";"NE_0001"
"2023";"06";"100505";"HUANUCO";"HUAMALIES";"JIRCAN";"GOBIERNO REGIONAL";"I-2";"00000904";"JIRCAN";"NE_0001";"";"NE_0001";"NE_0001";"NE_0001";"NE_0001";"NE_0001";"NE_0001";"NE_0001"
"2023";"06";"100506";"HUANUCO";"HUAMALIES";"MIRAFLORES";"GOBIERNO REGIONAL";"I-2";"00000895";"MIRAFLORES";"NE_0001";"";"NE_0001";"NE_0001";"NE_0001";"NE_0001";"NE_0001";"NE_0001";"NE_0001"
"2023";"06";"100508";"HUANUCO";"HUAMALIES";"PUNCHAO";"GOBIERNO REGIONAL";"I-2";"00000901";"PUNCHAO";"NE_0001";"";"NE_0001";"NE_0001";"NE_0001";"NE_0001";"NE_0001";"NE_0001";"NE_0001"
"2023";"06";"100510";"HUANUCO";"HUAMALIES";"SINGA";"GOBIERNO REGIONAL";"I-1";"00019155";"SAN JUAN DE VISCAS";"NE_0001";"";"NE_0001";"NE_0001";"NE_0001";"NE_0001";"NE_0001";"NE_0001";"NE_0001"
"2023";"06";"100510";"HUANUCO";"HUAMALIES";"SINGA";"GOBIERNO REGIONAL";"I-1";"00000902";"BELLAS FLORES";"NE_0001";"";"NE_0001";"NE_0001";"NE_0001";"NE_0001";"NE_0001";"NE_0001";"NE_0001"
"2023";"06";"100510";"HUANUCO";"HUAMALIES";"SINGA";"GOBIERNO REGIONAL";"I-3";"00000900";"SINGA";"NE_0001";"";"NE_0001";"NE_0001";"NE_0001";"NE_0001";"NE_0001";"NE_0001";"NE_0001"
"2023";"06";"100510";"HUANUCO";"HUAMALIES";"SINGA";"GOBIERNO REGIONAL";"I-1";"00017149";"SANTA ROSA DE PAMPAN";"NE_0001";"";"NE_0001";"NE_0001";"NE_0001";"NE_0001";"NE_0001";"NE_0001";"NE_0001"
"2023";"06";"100511";"HUANUCO";"HUAMALIES";"TANTAMAYO";"GOBIERNO REGIONAL";"I-2";"00000903";"TANTAMAYO";"NE_0001";"";"NE_0001";"NE_0001";"NE_0001";"NE_0001";"NE_0001";"NE_0001";"NE_0001"
"2023";"06";"100511";"HUANUCO";"HUAMALIES";"TANTAMAYO";"GOBIERNO REGIONAL";"I-1";"00011166";"PAMPA FLORIDA";"NE_0001";"";"NE_0001";"NE_0001";"NE_0001";"NE_0001";"NE_0001";"NE_0001";"NE_0001"
"2023";"06";"100511";"HUANUCO";"HUAMALIES";"TANTAMAYO";"GOBIERNO REGIONAL";"I-1";"00022037";"SAN PEDRO DE  PARIARCA";"NE_0001";"";"NE_0001";"NE_0001";"NE_0001";"NE_0001";"NE_0001";"NE_0001";"NE_0001"
"2023";"06";"080902";"CUSCO";"LA CONVENCION";"ECHARATE";"GOBIERNO REGIONAL";"I-2";"00002440";"PANGOA";"NE_0001";"";"NE_0001";"NE_0001";"NE_0001";"NE_0001";"NE_0001";"NE_0001";"NE_0001"
"2023";"06";"080902";"CUSCO";"LA CONVENCION";"ECHARATE";"GOBIERNO REGIONAL";"I-2";"00002431";"IVOCHOTE";"NE_0001";"";"NE_0001";"NE_0001";"NE_0001";"NE_0001";"NE_0001";"NE_0001";"NE_0001"
"2023";"06";"080902";"CUSCO";"LA CONVENCION";"ECHARATE";"GOBIERNO REGIONAL";"I-3";"00002432";"KEPASHIATO";"NE_0001";"";"NE_0001";"NE_0001";"NE_0001";"NE_0001";"NE_0001";"NE_0001";"NE_0001"
"2023";"06";"080909";"CUSCO";"LA CONVENCION";"VILCABAMBA";"GOBIERNO REGIONAL";"I-1";"00002493";"SELVA ALEGRE";"NE_0001";"";"NE_0001";"NE_0001";"NE_0001";"NE_0001";"NE_0001";"NE_0001";"NE_0001"
"2023";"06";"080902";"CUSCO";"LA CONVENCION";"ECHARATE";"GOBIERNO REGIONAL";"I-4";"00002427";"KITENI";"NE_0001";"";"NE_0001";"NE_0001";"NE_0001";"NE_0001";"NE_0001";"NE_0001";"NE_0001"
"2023";"06";"080902";"CUSCO";"LA CONVENCION";"ECHARATE";"GOBIERNO REGIONAL";"I-1";"00002443";"SANIRIATO";"NE_0001";"";"NE_0001";"NE_0001";"NE_0001";"NE_0001";"NE_0001";"NE_0001";"NE_0001"
"2023";"06";"080909";"CUSCO";"LA CONVENCION";"VILCABAMBA";"GOBIERNO REGIONAL";"I-2";"00002489";"YUVENI";"NE_0001";"";"NE_0001";"NE_0001";"NE_0001";"NE_0001";"NE_0001";"NE_0001";"NE_0001"
"2023";"06";"080902";"CUSCO";"LA CONVENCION";"ECHARATE";"GOBIERNO REGIONAL";"I-1";"00013068";"TRIO RIO";"NE_0001";"";"NE_0001";"NE_0001";"NE_0001";"NE_0001";"NE_0001";"NE_0001";"NE_0001"
"2023";"06";"080902";"CUSCO";"LA CONVENCION";"ECHARATE";"GOBIERNO REGIONAL";"I-2";"00002434";"MATERIATO";"NE_0001";"";"NE_0001";"NE_0001";"NE_0001";"NE_0001";"NE_0001";"NE_0001";"NE_0001"
"2023";"06";"080902";"CUSCO";"LA CONVENCION";"ECHARATE";"GOBIERNO REGIONAL";"I-1";"00002438";"PACHIRI";"NE_0001";"";"NE_0001";"NE_0001";"NE_0001";"NE_0001";"NE_0001";"NE_0001";"NE_0001"
"2023";"06";"080909";"CUSCO";"LA CONVENCION";"VILCABAMBA";"GOBIERNO REGIONAL";"I-1";"00006976";"CHONTABAMBA";"NE_0001";"";"NE_0001";"NE_0001";"NE_0001";"NE_0001";"NE_0001";"NE_0001";"NE_0001"
"2023";"06";"080902";"CUSCO";"LA CONVENCION";"ECHARATE";"GOBIERNO REGIONAL";"I-2";"00002447";"KAMANQUIRIATO";"NE_0001";"";"NE_0001";"NE_0001";"NE_0001";"NE_0001";"NE_0001";"NE_0001";"NE_0001"
"2023";"06";"080902";"CUSCO";"LA CONVENCION";"ECHARATE";"GOBIERNO REGIONAL";"I-1";"00013069";"PUGUIENTIMARI";"NE_0001";"";"NE_0001";"NE_0001";"NE_0001";"NE_0001";"NE_0001";"NE_0001";"NE_0001"
"2023";"06";"080910";"CUSCO";"LA CONVENCION";"PICHARI";"GOBIERNO REGIONAL";"I-1";"00015169";"PITIRINQUINI";"NE_0001";"";"NE_0001";"NE_0001";"NE_0001";"NE_0001";"NE_0001";"NE_0001";"NE_0001"
"2023";"06";"080910";"CUSCO";"LA CONVENCION";"PICHARI";"GOBIERNO REGIONAL";"I-1";"00015104";"TAMBO DEL ENE";"NE_0001";"";"NE_0001";"NE_0001";"NE_0001";"NE_0001";"NE_0001";"NE_0001";"NE_0001"
"2023";"06";"080910";"CUSCO";"LA CONVENCION";"PICHARI";"GOBIERNO REGIONAL";"I-3";"00002495";"MANTARO";"NE_0001";"";"NE_0001";"NE_0001";"NE_0001";"NE_0001";"NE_0001";"NE_0001";"NE_0001"
"2023";"04";"220605";"SAN MARTIN";"MARISCAL CACERES";"PAJARILLO";"GOBIERNO REGIONAL";"I-1";"00006783";"SOLEDAD";"NE_0001";"";"NE_0001";"NE_0001";"NE_0001";"NE_0001";"NE_0001";"NE_0001";"NE_0001"
"2023";"04";"220605";"SAN MARTIN";"MARISCAL CACERES";"PAJARILLO";"GOBIERNO REGIONAL";"I-1";"00006564";"DOS UNIDOS";"NE_0001";"";"NE_0001";"NE_0001";"NE_0001";"NE_0001";"NE_0001";"NE_0001";"NE_0001"
"2023";"04";"220602";"SAN MARTIN";"MARISCAL CACERES";"CAMPANILLA";"GOBIERNO REGIONAL";"I-1";"00006566";"CUÑUMBUZA";"NE_0001";"";"NE_0001";"NE_0001";"NE_0001";"NE_0001";"NE_0001";"NE_0001";"NE_0001"
"2023";"04";"220202";"SAN MARTIN";"BELLAVISTA";"ALTO BIAVO";"GOBIERNO REGIONAL";"I-1";"00006714";"CENTRO AMERICA";"NE_0001";"";"NE_0001";"NE_0001";"NE_0001";"NE_0001";"NE_0001";"NE_0001";"NE_0001"
"2023";"04";"220605";"SAN MARTIN";"MARISCAL CACERES";"PAJARILLO";"GOBIERNO REGIONAL";"I-1";"00006563";"COSTA RICA";"NE_0001";"";"NE_0001";"NE_0001";"NE_0001";"NE_0001";"NE_0001";"NE_0001";"NE_0001"
"2023";"04";"220204";"SAN MARTIN";"BELLAVISTA";"HUALLAGA";"GOBIERNO REGIONAL";"I-1";"00006565";"AUCARARCA";"NE_0001";"";"NE_0001";"NE_0001";"NE_0001";"NE_0001";"NE_0001";"NE_0001";"NE_0001"
"2023";"04";"021801";"ANCASH";"SANTA";"CHIMBOTE";"PRIVADO";"II-1";"00010987";"INSTITUTO MEDICO ESPECIALIZADO UROGINEC EIRL";"240000";"HOSPITALIZACIÓN";"23";"25";"26";"26";"7";"210";"0"
"2023";"05";"210802";"PUNO";"MELGAR";"ANTAUTA";"ESSALUD";"I-2";"00009898";"POSTA MEDICA SAN RAFAEL - ESSALUD - RED ASISTENCIAL JULIACA";"NE_0001";"";"NE_0001";"NE_0001";"NE_0001";"NE_0001";"NE_0001";"NE_0001";"NE_0001"
"2023";"05";"240101";"TUMBES";"TUMBES";"TUMBES";"PRIVADO";"II-E";"00007874";"CLINICA FEIJOO EIRL";"240100";"HOSPITALIZACIÓN QUIRÚRGICA CIRUGÍA GENERAL ";"8";"8";"8";"8";"3";"93";"0"
"2023";"05";"100601";"HUANUCO";"LEONCIO PRADO";"RUPA-RUPA";"ESSALUD";"II-1";"00009180";"HOSPITAL I TINGO MARIA";"241800";"HOSPITALIZACIÓN DE MEDICINA MEDICINA GENERAL ";"41";"39";"157";"173";"6";"186";"2"
"2023";"05";"100601";"HUANUCO";"LEONCIO PRADO";"RUPA-RUPA";"ESSALUD";"II-1";"00009180";"HOSPITAL I TINGO MARIA";"240100";"HOSPITALIZACIÓN QUIRÚRGICA CIRUGÍA GENERAL ";"39";"40";"128";"148";"6";"186";"0"
"2023";"05";"100601";"HUANUCO";"LEONCIO PRADO";"RUPA-RUPA";"ESSALUD";"II-1";"00009180";"HOSPITAL I TINGO MARIA";"241500";"HOSPITALIZACIÓN QUIRÚRGICA GINECOLOGÍA  ";"21";"24";"81";"82";"4";"124";"0"
"2023";"05";"100601";"HUANUCO";"LEONCIO PRADO";"RUPA-RUPA";"ESSALUD";"II-1";"00009180";"HOSPITAL I TINGO MARIA";"241600";"HOSPITALIZACIÓN QUIRÚRGICA OBSTETRICIA   ";"20";"16";"29";"29";"3";"93";"0"
"2023";"05";"100601";"HUANUCO";"LEONCIO PRADO";"RUPA-RUPA";"ESSALUD";"II-1";"00009180";"HOSPITAL I TINGO MARIA";"242300";"HOSPITALIZACIÓN DE PEDIATRÍA  PEDIATRÍA  GENERAL ";"37";"36";"94";"102";"4";"124";"0"
"2023";"06";"150140";"LIMA";"LIMA";"SANTIAGO DE SURCO";"PRIVADO";"II-E";"00013064";"CLINICA CEDRON";"240000";"HOSPITALIZACIÓN";"38";"41";"58";"55";"6";"180";"0"
"2023";"06";"110401";"ICA";"PALPA";"PALPA";"ESSALUD";"I-3";"00010483";"PALPA";"NE_0001";"";"NE_0001";"NE_0001";"NE_0001";"NE_0001";"NE_0001";"NE_0001";"NE_0001"
"2023";"06";"060601";"CAJAMARCA";"CUTERVO";"CUTERVO";"GOBIERNO REGIONAL";"I-1";"00007098";"YACANCATE";"NE_0001";"";"NE_0001";"NE_0001";"NE_0001";"NE_0001";"NE_0001";"NE_0001";"NE_0001"
"2023";"06";"060601";"CAJAMARCA";"CUTERVO";"CUTERVO";"GOBIERNO REGIONAL";"I-2";"00004984";"VALLE CALLACATE";"NE_0001";"";"NE_0001";"NE_0001";"NE_0001";"NE_0001";"NE_0001";"NE_0001";"NE_0001"
"2023";"06";"060601";"CAJAMARCA";"CUTERVO";"CUTERVO";"GOBIERNO REGIONAL";"I-2";"00004991";"LANCHE";"NE_0001";"";"NE_0001";"NE_0001";"NE_0001";"NE_0001";"NE_0001";"NE_0001";"NE_0001"
"2023";"06";"060601";"CAJAMARCA";"CUTERVO";"CUTERVO";"GOBIERNO REGIONAL";"I-1";"00005001";"PATAHUAZ";"NE_0001";"";"NE_0001";"NE_0001";"NE_0001";"NE_0001";"NE_0001";"NE_0001";"NE_0001"
"2023";"06";"060601";"CAJAMARCA";"CUTERVO";"CUTERVO";"GOBIERNO REGIONAL";"I-1";"00006832";"LA CONGONA";"NE_0001";"";"NE_0001";"NE_0001";"NE_0001";"NE_0001";"NE_0001";"NE_0001";"NE_0001"
"2023";"06";"060601";"CAJAMARCA";"CUTERVO";"CUTERVO";"GOBIERNO REGIONAL";"I-1";"00006833";"LA JAYUA";"NE_0001";"";"NE_0001";"NE_0001";"NE_0001";"NE_0001";"NE_0001";"NE_0001";"NE_0001"
"2023";"06";"100601";"HUANUCO";"LEONCIO PRADO";"RUPA-RUPA";"ESSALUD";"II-1";"00009180";"HOSPITAL I TINGO MARIA";"241800";"HOSPITALIZACIÓN DE MEDICINA MEDICINA GENERAL ";"25";"31";"146";"161";"6";"180";"1"
"2023";"06";"100601";"HUANUCO";"LEONCIO PRADO";"RUPA-RUPA";"ESSALUD";"II-1";"00009180";"HOSPITAL I TINGO MARIA";"240100";"HOSPITALIZACIÓN QUIRÚRGICA CIRUGÍA GENERAL ";"44";"44";"191";"164";"6";"180";"0"
"2023";"06";"100601";"HUANUCO";"LEONCIO PRADO";"RUPA-RUPA";"ESSALUD";"II-1";"00009180";"HOSPITAL I TINGO MARIA";"241500";"HOSPITALIZACIÓN QUIRÚRGICA GINECOLOGÍA  ";"25";"25";"66";"68";"3";"90";"0"
"2023";"06";"100601";"HUANUCO";"LEONCIO PRADO";"RUPA-RUPA";"ESSALUD";"II-1";"00009180";"HOSPITAL I TINGO MARIA";"241600";"HOSPITALIZACIÓN QUIRÚRGICA OBSTETRICIA   ";"24";"24";"53";"54";"2";"60";"0"
"2023";"06";"100601";"HUANUCO";"LEONCIO PRADO";"RUPA-RUPA";"ESSALUD";"II-1";"00009180";"HOSPITAL I TINGO MARIA";"242300";"HOSPITALIZACIÓN DE PEDIATRÍA  PEDIATRÍA  GENERAL ";"50";"52";"160";"163";"6";"180";"0"
"2023";"06";"250201";"UCAYALI";"ATALAYA";"RAIMONDI";"ESSALUD";"I-3";"00031879";"CENTRO MEDICO DE  ATALAYA - ESSALUD";"NE_0001";"";"NE_0001";"NE_0001";"NE_0001";"NE_0001";"NE_0001";"NE_0001";"NE_0001"
"2023";"06";"060401";"CAJAMARCA";"CHOTA";"CHOTA";"GOBIERNO REGIONAL";"II-1";"00004659";"HOSPITAL DE APOYO CHOTA - JOSE SOTO CADENILLAS";"240100";"HOSPITALIZACIÓN QUIRÚRGICA CIRUGÍA GENERAL ";"85";"102";"386";"354";"18";"540";"0"
"2023";"06";"060401";"CAJAMARCA";"CHOTA";"CHOTA";"GOBIERNO REGIONAL";"II-1";"00004659";"HOSPITAL DE APOYO CHOTA - JOSE SOTO CADENILLAS";"241400";"HOSPITALIZACIÓN QUIRÚRGICA GINECO - OBSTETRICIA ";"141";"153";"354";"328";"22";"660";"0"
"2023";"06";"060401";"CAJAMARCA";"CHOTA";"CHOTA";"GOBIERNO REGIONAL";"II-1";"00004659";"HOSPITAL DE APOYO CHOTA - JOSE SOTO CADENILLAS";"241800";"HOSPITALIZACIÓN DE MEDICINA MEDICINA GENERAL ";"65";"74";"352";"292";"12";"360";"0"
"2023";"06";"060401";"CAJAMARCA";"CHOTA";"CHOTA";"GOBIERNO REGIONAL";"II-1";"00004659";"HOSPITAL DE APOYO CHOTA - JOSE SOTO CADENILLAS";"242500";"HOSPITALIZACIÓN-PEDIATRÍA GENERAL-";"103";"113";"351";"240";"8";"240";"0"
"2023";"06";"080704";"CUSCO";"CHUMBIVILCAS";"COLQUEMARCA";"GOBIERNO REGIONAL";"I-1";"00008914";"HUAYLLANI";"NE_0001";"";"NE_0001";"NE_0001";"NE_0001";"NE_0001";"NE_0001";"NE_0001";"NE_0001"
"2023";"06";"150130";"LIMA";"LIMA";"SAN BORJA";"PRIVADO";"II-E";"00017634";"CLINICA ONCOSALUD";"240000";"HOSPITALIZACIÓN";"301";"306";"2218";"2298";"69";"2070";"18"
"2023";"06";"040110";"AREQUIPA";"AREQUIPA";"MIRAFLORES";"GOBIERNO REGIONAL";"I-3";"00032056";"CENTRO DE SALUD MENTAL COMUNITARIO MIRAFLORES";"NE_0001";"";"NE_0001";"NE_0001";"NE_0001";"NE_0001";"NE_0001";"NE_0001";"NE_0001"
"2023";"06";"040110";"AREQUIPA";"AREQUIPA";"MIRAFLORES";"GOBIERNO REGIONAL";"I-4";"00001292";"CENTRO DE SALUD EDIFICADORES MISTI";"241600";"HOSPITALIZACIÓN QUIRÚRGICA OBSTETRICIA   ";"10";"10";"13";"10";"10";"30";"0"
"2023";"06";"040110";"AREQUIPA";"AREQUIPA";"MIRAFLORES";"GOBIERNO REGIONAL";"I-3";"00001293";"CENTRO DE SALUD MIRAFLORES";"NE_0001";"";"NE_0001";"NE_0001";"NE_0001";"NE_0001";"NE_0001";"NE_0001";"NE_0001"
"2023";"06";"040110";"AREQUIPA";"AREQUIPA";"MIRAFLORES";"GOBIERNO REGIONAL";"I-3";"00001307";"CENTRO DE SALUD MATEO PUMACAHUA";"NE_0001";"";"NE_0001";"NE_0001";"NE_0001";"NE_0001";"NE_0001";"NE_0001";"NE_0001"
"2023";"06";"040110";"AREQUIPA";"AREQUIPA";"MIRAFLORES";"GOBIERNO REGIONAL";"I-3";"00001306";"CENTRO DE SALUD PORVENIR-MIRAFLORES";"NE_0001";"";"NE_0001";"NE_0001";"NE_0001";"NE_0001";"NE_0001";"NE_0001";"NE_0001"
"2023";"06";"220206";"SAN MARTIN";"BELLAVISTA";"SAN RAFAEL";"GOBIERNO REGIONAL";"I-1";"00006518";"CRISTINO GARCIA CARHUAPOMA";"NE_0002";"";"NE_0002";"NE_0002";"NE_0002";"NE_0002";"NE_0002";"NE_0002";"NE_0002"
"2023";"06";"040110";"AREQUIPA";"AREQUIPA";"MIRAFLORES";"GOBIERNO REGIONAL";"I-2";"00001305";"CENTRO DE SALUD TOMASA T. COMDEMAYTA";"NE_0001";"";"NE_0001";"NE_0001";"NE_0001";"NE_0001";"NE_0001";"NE_0001";"NE_0001"
"2023";"06";"220206";"SAN MARTIN";"BELLAVISTA";"SAN RAFAEL";"GOBIERNO REGIONAL";"I-1";"00006504";"PALESTINA";"NE_0002";"";"NE_0002";"NE_0002";"NE_0002";"NE_0002";"NE_0002";"NE_0002";"NE_0002"
"2023";"06";"220205";"SAN MARTIN";"BELLAVISTA";"SAN PABLO";"GOBIERNO REGIONAL";"I-1";"00006514";"HUINGOYACU";"NE_0001";"";"NE_0001";"NE_0001";"NE_0001";"NE_0001";"NE_0001";"NE_0001";"NE_0001"
"2023";"06";"220204";"SAN MARTIN";"BELLAVISTA";"HUALLAGA";"GOBIERNO REGIONAL";"I-1";"00006562";"LEDOY";"NE_0001";"";"NE_0001";"NE_0001";"NE_0001";"NE_0001";"NE_0001";"NE_0001";"NE_0001"
"2023";"06";"220201";"SAN MARTIN";"BELLAVISTA";"BELLAVISTA";"GOBIERNO REGIONAL";"I-2";"00006511";"LAS  MERCEDES";"NE_0001";"";"NE_0001";"NE_0001";"NE_0001";"NE_0001";"NE_0001";"NE_0001";"NE_0001"
"2023";"06";"220206";"SAN MARTIN";"BELLAVISTA";"SAN RAFAEL";"GOBIERNO REGIONAL";"I-1";"00006517";"PANAMA";"NE_0002";"";"NE_0002";"NE_0002";"NE_0002";"NE_0002";"NE_0002";"NE_0002";"NE_0002"
"2023";"06";"220201";"SAN MARTIN";"BELLAVISTA";"BELLAVISTA";"GOBIERNO REGIONAL";"I-1";"00006503";"BUENOS AIRES";"NE_0001";"";"NE_0001";"NE_0001";"NE_0001";"NE_0001";"NE_0001";"NE_0001";"NE_0001"
"2023";"06";"220201";"SAN MARTIN";"BELLAVISTA";"BELLAVISTA";"GOBIERNO REGIONAL";"I-1";"00006785";"PERUATE";"NE_0001";"";"NE_0001";"NE_0001";"NE_0001";"NE_0001";"NE_0001";"NE_0001";"NE_0001"
"2023";"06";"220206";"SAN MARTIN";"BELLAVISTA";"SAN RAFAEL";"GOBIERNO REGIONAL";"I-3";"00006515";"SAN RAFAEL";"NE_0002";"";"NE_0002";"NE_0002";"NE_0002";"NE_0002";"NE_0002";"NE_0002";"NE_0002"
"2023";"06";"220206";"SAN MARTIN";"BELLAVISTA";"SAN RAFAEL";"GOBIERNO REGIONAL";"I-2";"00006516";"LA LIBERTAD";"NE_0002";"";"NE_0002";"NE_0002";"NE_0002";"NE_0002";"NE_0002";"NE_0002";"NE_0002"
"2023";"06";"220406";"SAN MARTIN";"HUALLAGA";"TINGO DE SAPOSOA";"GOBIERNO REGIONAL";"I-1";"00006546";"TINGO DE SAPOSOA";"NE_0001";"";"NE_0001";"NE_0001";"NE_0001";"NE_0001";"NE_0001";"NE_0001";"NE_0001"
"2023";"06";"220201";"SAN MARTIN";"BELLAVISTA";"BELLAVISTA";"GOBIERNO REGIONAL";"I-1";"00006512";"NUEVA FLORIDA";"NE_0001";"";"NE_0001";"NE_0001";"NE_0001";"NE_0001";"NE_0001";"NE_0001";"NE_0001"
"2023";"06";"220201";"SAN MARTIN";"BELLAVISTA";"BELLAVISTA";"GOBIERNO REGIONAL";"I-1";"00006513";"HUACHO";"NE_0001";"";"NE_0001";"NE_0001";"NE_0001";"NE_0001";"NE_0001";"NE_0001";"NE_0001"
"2023";"06";"220201";"SAN MARTIN";"BELLAVISTA";"BELLAVISTA";"GOBIERNO REGIONAL";"I-1";"00006505";"LIMON";"NE_0001";"";"NE_0001";"NE_0001";"NE_0001";"NE_0001";"NE_0001";"NE_0001";"NE_0001"
"2023";"06";"130901";"LA LIBERTAD";"SANCHEZ CARRION";"HUAMACHUCO";"GOBIERNO REGIONAL";"I-2";"00005350";"CHOQUIZONGUILLO";"NE_0001";"";"NE_0001";"NE_0001";"NE_0001";"NE_0001";"NE_0001";"NE_0001";"NE_0001"
"2023";"06";"220508";"SAN MARTIN";"LAMAS";"SAN ROQUE DE CUMBAZA";"GOBIERNO REGIONAL";"I-1";"00006357";"ALTO SHAMBOYACU";"NE_0001";"";"NE_0001";"NE_0001";"NE_0001";"NE_0001";"NE_0001";"NE_0001";"NE_0001"
"2023";"06";"220511";"SAN MARTIN";"LAMAS";"ZAPATERO";"GOBIERNO REGIONAL";"I-1";"00006394";"SANTA ANA DEL RIO MAYO";"NE_0001";"";"NE_0001";"NE_0001";"NE_0001";"NE_0001";"NE_0001";"NE_0001";"NE_0001"
"2023";"06";"220507";"SAN MARTIN";"LAMAS";"RUMISAPA";"GOBIERNO REGIONAL";"I-1";"00006354";"CHIRAPA LA LIBERTAD";"NE_0001";"";"NE_0001";"NE_0001";"NE_0001";"NE_0001";"NE_0001";"NE_0001";"NE_0001"
"2023";"06";"220508";"SAN MARTIN";"LAMAS";"SAN ROQUE DE CUMBAZA";"GOBIERNO REGIONAL";"I-1";"00006355";"CHIRICYACU";"NE_0001";"";"NE_0001";"NE_0001";"NE_0001";"NE_0001";"NE_0001";"NE_0001";"NE_0001"
"2023";"06";"220508";"SAN MARTIN";"LAMAS";"SAN ROQUE DE CUMBAZA";"GOBIERNO REGIONAL";"I-2";"00006356";"PAMASHTO";"NE_0001";"";"NE_0001";"NE_0001";"NE_0001";"NE_0001";"NE_0001";"NE_0001";"NE_0001"
"2023";"06";"220912";"SAN MARTIN";"SAN MARTIN";"SAN ANTONIO";"GOBIERNO REGIONAL";"I-1";"00006387";"AUCALOMA";"NE_0001";"";"NE_0001";"NE_0001";"NE_0001";"NE_0001";"NE_0001";"NE_0001";"NE_0001"
"2023";"06";"220507";"SAN MARTIN";"LAMAS";"RUMISAPA";"GOBIERNO REGIONAL";"I-1";"00006391";"RUMIZAPA";"NE_0001";"";"NE_0001";"NE_0001";"NE_0001";"NE_0001";"NE_0001";"NE_0001";"NE_0001"
"2023";"06";"220508";"SAN MARTIN";"LAMAS";"SAN ROQUE DE CUMBAZA";"GOBIERNO REGIONAL";"I-1";"00006358";"YURILAMAS";"NE_0001";"";"NE_0001";"NE_0001";"NE_0001";"NE_0001";"NE_0001";"NE_0001";"NE_0001"
"2023";"06";"220507";"SAN MARTIN";"LAMAS";"RUMISAPA";"GOBIERNO REGIONAL";"I-1";"00006389";"CHURUZAPA";"NE_0001";"";"NE_0001";"NE_0001";"NE_0001";"NE_0001";"NE_0001";"NE_0001";"NE_0001"
"2023";"06";"220501";"SAN MARTIN";"LAMAS";"LAMAS";"GOBIERNO REGIONAL";"I-1";"00006390";"LAS FLORES DEL RIO MAYO";"NE_0001";"";"NE_0001";"NE_0001";"NE_0001";"NE_0001";"NE_0001";"NE_0001";"NE_0001"
"2023";"06";"220501";"SAN MARTIN";"LAMAS";"LAMAS";"GOBIERNO REGIONAL";"I-1";"00006388";"SAN ANTONIO RIO MAYO";"NE_0001";"";"NE_0001";"NE_0001";"NE_0001";"NE_0001";"NE_0001";"NE_0001";"NE_0001"
"2023";"06";"220508";"SAN MARTIN";"LAMAS";"SAN ROQUE DE CUMBAZA";"GOBIERNO REGIONAL";"I-1";"00006386";"SAN ROQUE DE CUMBAZA";"NE_0001";"";"NE_0001";"NE_0001";"NE_0001";"NE_0001";"NE_0001";"NE_0001";"NE_0001"
"2023";"06";"220507";"SAN MARTIN";"LAMAS";"RUMISAPA";"GOBIERNO REGIONAL";"I-1";"00006393";"PACCHILLA";"NE_0001";"";"NE_0001";"NE_0001";"NE_0001";"NE_0001";"NE_0001";"NE_0001";"NE_0001"
"2023";"06";"120607";"JUNIN";"SATIPO";"RIO NEGRO";"GOBIERNO REGIONAL";"I-2";"00000496";"VILLA CAPIRI";"NE_0001";"";"NE_0001";"NE_0001";"NE_0001";"NE_0001";"NE_0001";"NE_0001";"NE_0001"
"2023";"06";"120601";"JUNIN";"SATIPO";"SATIPO";"GOBIERNO REGIONAL";"I-1";"00029375";"COMUNIDAD NATIVA SHANQUI";"NE_0001";"";"NE_0001";"NE_0001";"NE_0001";"NE_0001";"NE_0001";"NE_0001";"NE_0001"
"2023";"06";"120607";"JUNIN";"SATIPO";"RIO NEGRO";"GOBIERNO REGIONAL";"I-2";"00000477";"HUAHUARI";"NE_0001";"";"NE_0001";"NE_0001";"NE_0001";"NE_0001";"NE_0001";"NE_0001";"NE_0001"
"2023";"06";"120601";"JUNIN";"SATIPO";"SATIPO";"GOBIERNO REGIONAL";"I-2";"00000479";"SANTO DOMINGO DE MARANKIARI";"NE_0001";"";"NE_0001";"NE_0001";"NE_0001";"NE_0001";"NE_0001";"NE_0001";"NE_0001"
"2023";"06";"120601";"JUNIN";"SATIPO";"SATIPO";"GOBIERNO REGIONAL";"I-1";"00000484";"ALTO PAURELI";"NE_0001";"";"NE_0001";"NE_0001";"NE_0001";"NE_0001";"NE_0001";"NE_0001";"NE_0001"
"2023";"06";"120434";"JUNIN";"JAUJA";"YAUYOS";"GOBIERNO REGIONAL";"I-3";"00000377";"YAUYOS";"NE_0002";"";"NE_0002";"NE_0002";"NE_0002";"NE_0002";"NE_0002";"NE_0002";"NE_0002"
"2023";"06";"120410";"JUNIN";"JAUJA";"HUERTAS";"GOBIERNO REGIONAL";"I-1";"00000368";"HUERTAS";"NE_0002";"";"NE_0002";"NE_0002";"NE_0002";"NE_0002";"NE_0002";"NE_0002";"NE_0002"
"2023";"04";"120606";"JUNIN";"SATIPO";"PANGOA";"GOBIERNO REGIONAL";"II-1";"00000442";"SAN MARTIN DE PANGOA";"241800";"HOSPITALIZACIÓN DE MEDICINA MEDICINA GENERAL ";"46";"52";"193";"146";"6";"180";"1"
"2023";"04";"120606";"JUNIN";"SATIPO";"PANGOA";"GOBIERNO REGIONAL";"II-1";"00000442";"SAN MARTIN DE PANGOA";"242500";"HOSPITALIZACIÓN-PEDIATRÍA GENERAL-";"4";"9";"31";"105";"8";"240";"0"
"2023";"04";"120606";"JUNIN";"SATIPO";"PANGOA";"GOBIERNO REGIONAL";"II-1";"00000442";"SAN MARTIN DE PANGOA";"240100";"HOSPITALIZACIÓN QUIRÚRGICA CIRUGÍA GENERAL ";"27";"27";"63";"51";"4";"120";"0"
"2023";"04";"120606";"JUNIN";"SATIPO";"PANGOA";"GOBIERNO REGIONAL";"II-1";"00000442";"SAN MARTIN DE PANGOA";"241500";"HOSPITALIZACIÓN QUIRÚRGICA GINECOLOGÍA  ";"52";"54";"120";"54";"8";"240";"0"
"2023";"04";"120606";"JUNIN";"SATIPO";"PANGOA";"GOBIERNO REGIONAL";"II-1";"00000442";"SAN MARTIN DE PANGOA";"241400";"HOSPITALIZACIÓN QUIRÚRGICA GINECO - OBSTETRICIA ";"56";"62";"124";"133";"8";"240";"0"
"2023";"05";"220603";"SAN MARTIN";"MARISCAL CACERES";"HUICUNGO";"GOBIERNO REGIONAL";"I-3";"00006567";"HUICUNGO";"NE_0002";"";"NE_0002";"NE_0002";"NE_0002";"NE_0002";"NE_0002";"NE_0002";"NE_0002"
"2023";"05";"220603";"SAN MARTIN";"MARISCAL CACERES";"HUICUNGO";"GOBIERNO REGIONAL";"I-1";"00006569";"SANTA INES";"NE_0001";"";"NE_0001";"NE_0001";"NE_0001";"NE_0001";"NE_0001";"NE_0001";"NE_0001"
"2023";"05";"220603";"SAN MARTIN";"MARISCAL CACERES";"HUICUNGO";"GOBIERNO REGIONAL";"I-1";"00006571";"PIZARRO";"NE_0001";"";"NE_0001";"NE_0001";"NE_0001";"NE_0001";"NE_0001";"NE_0001";"NE_0001"
"2023";"05";"220604";"SAN MARTIN";"MARISCAL CACERES";"PACHIZA";"GOBIERNO REGIONAL";"I-1";"00006573";"ALTO EL SOL";"NE_0001";"";"NE_0001";"NE_0001";"NE_0001";"NE_0001";"NE_0001";"NE_0001";"NE_0001"
"2023";"05";"220604";"SAN MARTIN";"MARISCAL CACERES";"PACHIZA";"GOBIERNO REGIONAL";"I-1";"00006574";"NUEVO CHIMBOTE";"NE_0001";"";"NE_0001";"NE_0001";"NE_0001";"NE_0001";"NE_0001";"NE_0001";"NE_0001"
"2023";"05";"220603";"SAN MARTIN";"MARISCAL CACERES";"HUICUNGO";"GOBIERNO REGIONAL";"I-1";"00006568";"DOS DE MAYO";"NE_0001";"";"NE_0001";"NE_0001";"NE_0001";"NE_0001";"NE_0001";"NE_0001";"NE_0001"
"2023";"05";"220603";"SAN MARTIN";"MARISCAL CACERES";"HUICUNGO";"GOBIERNO REGIONAL";"I-1";"00006570";"NUEVA ESPERANZA";"NE_0001";"";"NE_0001";"NE_0001";"NE_0001";"NE_0001";"NE_0001";"NE_0001";"NE_0001"
"2023";"05";"100102";"HUANUCO";"HUANUCO";"AMARILIS";"ESSALUD";"II-2";"00010571";"HOSPITAL II HUANUCO";"241800";"HOSPITALIZACIÓN DE MEDICINA MEDICINA GENERAL ";"106";"103";"728";"640";"22";"682";"7"
"2023";"05";"100102";"HUANUCO";"HUANUCO";"AMARILIS";"ESSALUD";"II-2";"00010571";"HOSPITAL II HUANUCO";"241300";"HOSPITALIZACIÓN QUIRÚRGICA UROLOGÍA  ";"16";"20";"97";"60";"3";"93";"0"
"2023";"05";"100102";"HUANUCO";"HUANUCO";"AMARILIS";"ESSALUD";"II-2";"00010571";"HOSPITAL II HUANUCO";"240100";"HOSPITALIZACIÓN QUIRÚRGICA CIRUGÍA GENERAL ";"99";"92";"341";"336";"11";"341";"0"
"2023";"05";"100102";"HUANUCO";"HUANUCO";"AMARILIS";"ESSALUD";"II-2";"00010571";"HOSPITAL II HUANUCO";"241200";"HOSPITALIZACIÓN QUIRÚRGICA TRAUMATOLOGÍA Y ORTOPEDIA ";"29";"31";"278";"241";"8";"248";"0"
"2023";"05";"100102";"HUANUCO";"HUANUCO";"AMARILIS";"ESSALUD";"II-2";"00010571";"HOSPITAL II HUANUCO";"241500";"HOSPITALIZACIÓN QUIRÚRGICA GINECOLOGÍA  ";"19";"19";"75";"100";"4";"124";"0"
"2023";"05";"100102";"HUANUCO";"HUANUCO";"AMARILIS";"ESSALUD";"II-2";"00010571";"HOSPITAL II HUANUCO";"241600";"HOSPITALIZACIÓN QUIRÚRGICA OBSTETRICIA   ";"136";"165";"369";"389";"18";"558";"0"
"2023";"05";"100102";"HUANUCO";"HUANUCO";"AMARILIS";"ESSALUD";"II-2";"00010571";"HOSPITAL II HUANUCO";"242300";"HOSPITALIZACIÓN DE PEDIATRÍA  PEDIATRÍA  GENERAL ";"50";"50";"286";"237";"8";"248";"0"
"2023";"05";"100102";"HUANUCO";"HUANUCO";"AMARILIS";"ESSALUD";"II-2";"00010571";"HOSPITAL II HUANUCO";"243200";"HOSPITALIZACIÓN DE PEDIATRÍA PEDIATRIA NEONATOLOGÍA";"133";"115";"198";"210";"10";"310";"0"
"2023";"05";"100102";"HUANUCO";"HUANUCO";"AMARILIS";"ESSALUD";"II-2";"00010571";"HOSPITAL II HUANUCO";"250100";"UNIDAD DE CUIDADOS CRITICOS UNIDAD  DE CUIDADOS INTENSIVOS GENERALES (UCI) ";"20";"10";"243";"265";"9";"279";"8"
"2023";"05";"100102";"HUANUCO";"HUANUCO";"AMARILIS";"ESSALUD";"II-2";"00010571";"HOSPITAL II HUANUCO";"250200";"UNIDAD DE CUIDADOS CRITICOS UNIDAD DE CUIDADOS INTERMEDIOS GENERAL  (UCIN) ";"6";"1";"10";"103";"4";"124";"0"
"2023";"05";"100102";"HUANUCO";"HUANUCO";"AMARILIS";"ESSALUD";"II-2";"00010571";"HOSPITAL II HUANUCO";"250201";"UNIDAD DE CUIDADOS CRITICOS UNIDAD DE CUIDADOS INTERMEDIOS  (UCIN) NEONATAL";"13";"2";"43";"108";"6";"186";"0"
"2023";"05";"090307";"HUANCAVELICA";"ANGARAES";"HUANCA-HUANCA";"GOBIERNO REGIONAL";"I-2";"00003953";"HUANCA HUANCA";"NE_0001";"";"NE_0001";"NE_0001";"NE_0001";"NE_0001";"NE_0001";"NE_0001";"NE_0001"
"2023";"05";"090312";"HUANCAVELICA";"ANGARAES";"SECCLLA";"GOBIERNO REGIONAL";"I-1";"00003970";"QUISPICANCHA";"NE_0001";"";"NE_0001";"NE_0001";"NE_0001";"NE_0001";"NE_0001";"NE_0001";"NE_0001"
"2023";"05";"090301";"HUANCAVELICA";"ANGARAES";"LIRCAY";"GOBIERNO REGIONAL";"I-1";"00011769";"YANAUTUTO";"NE_0001";"";"NE_0001";"NE_0001";"NE_0001";"NE_0001";"NE_0001";"NE_0001";"NE_0001"
"2023";"05";"090303";"HUANCAVELICA";"ANGARAES";"CALLANMARCA";"GOBIERNO REGIONAL";"I-1";"00003952";"CALLANMARCA";"NE_0001";"";"NE_0001";"NE_0001";"NE_0001";"NE_0001";"NE_0001";"NE_0001";"NE_0001"
"2023";"05";"090304";"HUANCAVELICA";"ANGARAES";"CCOCHACCASA";"GOBIERNO REGIONAL";"I-1";"00003957";"CCASCCABAMBA";"NE_0001";"";"NE_0001";"NE_0001";"NE_0001";"NE_0001";"NE_0001";"NE_0001";"NE_0001"
"2023";"05";"090301";"HUANCAVELICA";"ANGARAES";"LIRCAY";"GOBIERNO REGIONAL";"I-1";"00007384";"SAN JUAN DE AHUAY";"NE_0001";"";"NE_0001";"NE_0001";"NE_0001";"NE_0001";"NE_0001";"NE_0001";"NE_0001"
"2023";"05";"090302";"HUANCAVELICA";"ANGARAES";"ANCHONGA";"GOBIERNO REGIONAL";"I-2";"00003960";"TUCO";"NE_0001";"";"NE_0001";"NE_0001";"NE_0001";"NE_0001";"NE_0001";"NE_0001";"NE_0001"
"2023";"05";"090309";"HUANCAVELICA";"ANGARAES";"JULCAMARCA";"GOBIERNO REGIONAL";"I-3";"00003962";"JULCAMARCA";"NE_0002";"";"NE_0002";"NE_0002";"NE_0002";"NE_0002";"NE_0002";"NE_0002";"NE_0002"
"2023";"05";"090310";"HUANCAVELICA";"ANGARAES";"SAN ANTONIO DE ANTAPARCO";"GOBIERNO REGIONAL";"I-1";"00003965";"SAN ANTONIO DE ANTAPARCO";"NE_0001";"";"NE_0001";"NE_0001";"NE_0001";"NE_0001";"NE_0001";"NE_0001";"NE_0001"
"2023";"05";"090312";"HUANCAVELICA";"ANGARAES";"SECCLLA";"GOBIERNO REGIONAL";"I-1";"00003971";"TRANCA";"NE_0001";"";"NE_0001";"NE_0001";"NE_0001";"NE_0001";"NE_0001";"NE_0001";"NE_0001"
"2023";"05";"090308";"HUANCAVELICA";"ANGARAES";"HUALLAY-GRANDE";"GOBIERNO REGIONAL";"I-2";"00003954";"HUAYLLAY GRANDE";"NE_0001";"";"NE_0001";"NE_0001";"NE_0001";"NE_0001";"NE_0001";"NE_0001";"NE_0001"
"2023";"05";"090302";"HUANCAVELICA";"ANGARAES";"ANCHONGA";"GOBIERNO REGIONAL";"I-1";"00003958";"ANCHONGA";"NE_0001";"";"NE_0001";"NE_0001";"NE_0001";"NE_0001";"NE_0001";"NE_0001";"NE_0001"
"2023";"05";"090302";"HUANCAVELICA";"ANGARAES";"ANCHONGA";"GOBIERNO REGIONAL";"I-1";"00006930";"HUARIRUMI - CHONTACANCHA";"NE_0001";"";"NE_0001";"NE_0001";"NE_0001";"NE_0001";"NE_0001";"NE_0001";"NE_0001"
"2023";"05";"090302";"HUANCAVELICA";"ANGARAES";"ANCHONGA";"GOBIERNO REGIONAL";"I-2";"00003961";"SAN PABLO DE OCCO";"NE_0001";"";"NE_0001";"NE_0001";"NE_0001";"NE_0001";"NE_0001";"NE_0001";"NE_0001"
"2023";"05";"090306";"HUANCAVELICA";"ANGARAES";"CONGALLA";"GOBIERNO REGIONAL";"I-1";"00003973";"YUNYACCASA";"NE_0001";"";"NE_0001";"NE_0001";"NE_0001";"NE_0001";"NE_0001";"NE_0001";"NE_0001"
"2023";"05";"090306";"HUANCAVELICA";"ANGARAES";"CONGALLA";"GOBIERNO REGIONAL";"I-1";"00003974";"CARCOSI";"NE_0001";"";"NE_0001";"NE_0001";"NE_0001";"NE_0001";"NE_0001";"NE_0001";"NE_0001"
"2023";"05";"090301";"HUANCAVELICA";"ANGARAES";"LIRCAY";"GOBIERNO REGIONAL";"I-1";"00011201";"CIENEGUILLA";"NE_0001";"";"NE_0001";"NE_0001";"NE_0001";"NE_0001";"NE_0001";"NE_0001";"NE_0001"
"2023";"05";"090304";"HUANCAVELICA";"ANGARAES";"CCOCHACCASA";"GOBIERNO REGIONAL";"I-1";"00011204";"VELASCO PUCAPAMPA";"NE_0001";"";"NE_0001";"NE_0001";"NE_0001";"NE_0001";"NE_0001";"NE_0001";"NE_0001"
"2023";"05";"090310";"HUANCAVELICA";"ANGARAES";"SAN ANTONIO DE ANTAPARCO";"GOBIERNO REGIONAL";"I-1";"00003966";"MAICENA";"NE_0001";"";"NE_0001";"NE_0001";"NE_0001";"NE_0001";"NE_0001";"NE_0001";"NE_0001"
"2023";"05";"090311";"HUANCAVELICA";"ANGARAES";"SANTO TOMAS DE PATA";"GOBIERNO REGIONAL";"I-1";"00003968";"CHUPACC";"NE_0001";"";"NE_0001";"NE_0001";"NE_0001";"NE_0001";"NE_0001";"NE_0001";"NE_0001"
"2023";"05";"220912";"SAN MARTIN";"SAN MARTIN";"SAN ANTONIO";"GOBIERNO REGIONAL";"I-3";"00006384";"SAN ANTONIO DE CUMBAZA";"NE_0001";"";"NE_0001";"NE_0001";"NE_0001";"NE_0001";"NE_0001";"NE_0001";"NE_0001"
"2023";"05";"220903";"SAN MARTIN";"SAN MARTIN";"CACATACHI";"GOBIERNO REGIONAL";"I-3";"00006395";"CACATACHI";"NE_0001";"";"NE_0001";"NE_0001";"NE_0001";"NE_0001";"NE_0001";"NE_0001";"NE_0001"
"2023";"05";"220910";"SAN MARTIN";"SAN MARTIN";"MORALES";"GOBIERNO REGIONAL";"I-4";"00006361";"MORALES";"241400";"HOSPITALIZACIÓN QUIRÚRGICA GINECO - OBSTETRICIA ";"29";"29";"29";"29";"12";"372";"0"
"2023";"05";"220912";"SAN MARTIN";"SAN MARTIN";"SAN ANTONIO";"GOBIERNO REGIONAL";"I-1";"00006385";"SAN PEDRO DE CUMBAZA";"NE_0001";"";"NE_0001";"NE_0001";"NE_0001";"NE_0001";"NE_0001";"NE_0001";"NE_0001"
"2023";"05";"211101";"PUNO";"SAN ROMAN";"JULIACA";"GOBIERNO REGIONAL";"II-2";"00003299";"CARLOS MONJE MEDRANO";"240100";"HOSPITALIZACIÓN QUIRÚRGICA CIRUGÍA GENERAL ";"56";"68";"473";"68";"27";"837";"2"
"2023";"05";"211101";"PUNO";"SAN ROMAN";"JULIACA";"GOBIERNO REGIONAL";"II-2";"00003299";"CARLOS MONJE MEDRANO";"244300";"HOSPITALIZACIÓN DE MEDICINA GASTROENTEROLOGÍA  ";"12";"14";"88";"14";"6";"186";"1"
"2023";"05";"211101";"PUNO";"SAN ROMAN";"JULIACA";"GOBIERNO REGIONAL";"II-2";"00003299";"CARLOS MONJE MEDRANO";"241500";"HOSPITALIZACIÓN QUIRÚRGICA GINECOLOGÍA  ";"59";"66";"218";"66";"6";"186";"0"
"2023";"05";"211101";"PUNO";"SAN ROMAN";"JULIACA";"GOBIERNO REGIONAL";"II-2";"00003299";"CARLOS MONJE MEDRANO";"241800";"HOSPITALIZACIÓN DE MEDICINA MEDICINA GENERAL ";"56";"69";"593";"69";"9";"279";"16"
"2023";"05";"211101";"PUNO";"SAN ROMAN";"JULIACA";"GOBIERNO REGIONAL";"II-2";"00003299";"CARLOS MONJE MEDRANO";"243200";"HOSPITALIZACIÓN DE PEDIATRÍA PEDIATRIA NEONATOLOGÍA";"18";"42";"496";"42";"39";"1209";"0"
"2023";"05";"211101";"PUNO";"SAN ROMAN";"JULIACA";"GOBIERNO REGIONAL";"II-2";"00003299";"CARLOS MONJE MEDRANO";"245300";"HOSPITALIZACIÓN DE MEDICINA NEUMOLOGÍA  ";"7";"10";"133";"10";"6";"186";"3"
"2023";"05";"211101";"PUNO";"SAN ROMAN";"JULIACA";"GOBIERNO REGIONAL";"II-2";"00003299";"CARLOS MONJE MEDRANO";"240900";"HOSPITALIZACIÓN QUIRÚRGICA NEUROCIRUGÍA ";"18";"20";"151";"20";"12";"372";"0"
"2023";"05";"211101";"PUNO";"SAN ROMAN";"JULIACA";"GOBIERNO REGIONAL";"II-2";"00003299";"CARLOS MONJE MEDRANO";"241600";"HOSPITALIZACIÓN QUIRÚRGICA OBSTETRICIA   ";"226";"243";"808";"243";"27";"837";"0"
"2023";"05";"211101";"PUNO";"SAN ROMAN";"JULIACA";"GOBIERNO REGIONAL";"II-2";"00003299";"CARLOS MONJE MEDRANO";"242500";"HOSPITALIZACIÓN-PEDIATRÍA GENERAL-";"65";"77";"414";"77";"29";"899";"0"
"2023";"05";"211101";"PUNO";"SAN ROMAN";"JULIACA";"GOBIERNO REGIONAL";"II-2";"00003299";"CARLOS MONJE MEDRANO";"242200";"HOSPITALIZACIÓN DE MEDICINA PSIQUIATRÍA ";"7";"8";"105";"8";"3";"93";"0"
"2023";"05";"211101";"PUNO";"SAN ROMAN";"JULIACA";"GOBIERNO REGIONAL";"II-2";"00003299";"CARLOS MONJE MEDRANO";"241200";"HOSPITALIZACIÓN QUIRÚRGICA TRAUMATOLOGÍA Y ORTOPEDIA ";"30";"35";"245";"35";"12";"372";"1"
"2023";"05";"211101";"PUNO";"SAN ROMAN";"JULIACA";"GOBIERNO REGIONAL";"II-2";"00003299";"CARLOS MONJE MEDRANO";"250100";"UNIDAD DE CUIDADOS CRITICOS UNIDAD  DE CUIDADOS INTENSIVOS GENERALES (UCI) ";"2";"3";"70";"3";"6";"186";"2"
"2023";"05";"211101";"PUNO";"SAN ROMAN";"JULIACA";"GOBIERNO REGIONAL";"II-2";"00003299";"CARLOS MONJE MEDRANO";"250105";"UNIDAD DE CUIDADOS CRITICOS UNIDAD  DE CUIDADOS INTENSIVOS  (UCI) NEONATOLOGÍA";"1";"2";"83";"2";"6";"186";"0"
"2023";"05";"211101";"PUNO";"SAN ROMAN";"JULIACA";"GOBIERNO REGIONAL";"II-2";"00003299";"CARLOS MONJE MEDRANO";"250108";"UNIDAD DE CUIDADOS CRITICOS UNIDAD  DE CUIDADOS INTENSIVOS  (UCI) PEDIÁTRICA";"2";"3";"20";"3";"6";"186";"1"
"2023";"05";"211101";"PUNO";"SAN ROMAN";"JULIACA";"GOBIERNO REGIONAL";"II-2";"00003299";"CARLOS MONJE MEDRANO";"250200";"UNIDAD DE CUIDADOS CRITICOS UNIDAD DE CUIDADOS INTERMEDIOS GENERAL  (UCIN) ";"3";"6";"55";"6";"6";"186";"0"
"2023";"05";"211101";"PUNO";"SAN ROMAN";"JULIACA";"GOBIERNO REGIONAL";"II-2";"00003299";"CARLOS MONJE MEDRANO";"241300";"HOSPITALIZACIÓN QUIRÚRGICA UROLOGÍA  ";"8";"9";"51";"9";"3";"93";"0"
"2023";"05";"021809";"ANCASH";"SANTA";"NUEVO CHIMBOTE";"GOBIERNO REGIONAL";"I-3";"00027144";"CENTRO DE SALUD MENTAL COMUNITARIO NUEVO PUERTO";"NE_0002";"";"NE_0002";"NE_0002";"NE_0002";"NE_0002";"NE_0002";"NE_0002";"NE_0002"
"2023";"06";"150103";"LIMA";"LIMA";"ATE";"PRIVADO";"II-1";"00018584";"CLINICA MARIA DEL SOCORRO";"240000";"HOSPITALIZACIÓN";"155";"160";"218";"240";"20";"600";"0"
"2023";"06";"050904";"AYACUCHO";"SUCRE";"CHILCAYOC";"GOBIERNO REGIONAL";"I-2";"00003805";"PUESTO DE SALUD CHILCAYOCC";"NE_0001";"";"NE_0001";"NE_0001";"NE_0001";"NE_0001";"NE_0001";"NE_0001";"NE_0001"
"2023";"06";"050909";"AYACUCHO";"SUCRE";"SAN SALVADOR DE QUIJE";"GOBIERNO REGIONAL";"I-1";"00003806";"PUESTO DE SALUD SAN SALVADOR DE QUIJE";"NE_0001";"";"NE_0001";"NE_0001";"NE_0001";"NE_0001";"NE_0001";"NE_0001";"NE_0001"
"2023";"06";"050907";"AYACUCHO";"SUCRE";"PAICO";"GOBIERNO REGIONAL";"I-1";"00003813";"PUESTO DE SALUD PAICO";"NE_0001";"";"NE_0001";"NE_0001";"NE_0001";"NE_0001";"NE_0001";"NE_0001";"NE_0001"
"2023";"06";"050905";"AYACUCHO";"SUCRE";"HUACAÑA";"GOBIERNO REGIONAL";"I-1";"00003719";"PUESTO DE SALUD HUACAÑA";"NE_0001";"";"NE_0001";"NE_0001";"NE_0001";"NE_0001";"NE_0001";"NE_0001";"NE_0001"
"2023";"06";"050901";"AYACUCHO";"SUCRE";"QUEROBAMBA";"GOBIERNO REGIONAL";"I-1";"00003802";"PUESTO DE SALUD POTONGO";"NE_0001";"";"NE_0001";"NE_0001";"NE_0001";"NE_0001";"NE_0001";"NE_0001";"NE_0001"
"2023";"06";"050910";"AYACUCHO";"SUCRE";"SANTIAGO DE PAUCARAY";"GOBIERNO REGIONAL";"I-1";"00007096";"PUESTO DE SALUD AUTAMA";"NE_0001";"";"NE_0001";"NE_0001";"NE_0001";"NE_0001";"NE_0001";"NE_0001";"NE_0001"
"2023";"06";"050906";"AYACUCHO";"SUCRE";"MORCOLLA";"GOBIERNO REGIONAL";"I-1";"00003812";"PUESTO DE SALUD HUACO";"NE_0001";"";"NE_0001";"NE_0001";"NE_0001";"NE_0001";"NE_0001";"NE_0001";"NE_0001"
"2023";"06";"050901";"AYACUCHO";"SUCRE";"QUEROBAMBA";"GOBIERNO REGIONAL";"I-1";"00003809";"PUESTO DE SALUD CHONTA";"NE_0001";"";"NE_0001";"NE_0001";"NE_0001";"NE_0001";"NE_0001";"NE_0001";"NE_0001"
"2023";"06";"050906";"AYACUCHO";"SUCRE";"MORCOLLA";"GOBIERNO REGIONAL";"I-1";"00003810";"PUESTO DE SALUD MORCOLLA";"NE_0001";"";"NE_0001";"NE_0001";"NE_0001";"NE_0001";"NE_0001";"NE_0001";"NE_0001"
"2023";"06";"050906";"AYACUCHO";"SUCRE";"MORCOLLA";"GOBIERNO REGIONAL";"I-1";"00003811";"PUESTO DE SALUD TINTAY";"NE_0001";"";"NE_0001";"NE_0001";"NE_0001";"NE_0001";"NE_0001";"NE_0001";"NE_0001"
"2023";"06";"050907";"AYACUCHO";"SUCRE";"PAICO";"GOBIERNO REGIONAL";"I-1";"00003814";"PUESTO DE SALUD SIHUE";"NE_0001";"";"NE_0001";"NE_0001";"NE_0001";"NE_0001";"NE_0001";"NE_0001";"NE_0001"
"2023";"06";"050910";"AYACUCHO";"SUCRE";"SANTIAGO DE PAUCARAY";"GOBIERNO REGIONAL";"I-1";"00003816";"PUESTO DE SALUD SANTIAGO DE PAUCARAY";"NE_0001";"";"NE_0001";"NE_0001";"NE_0001";"NE_0001";"NE_0001";"NE_0001";"NE_0001"
"2023";"06";"050911";"AYACUCHO";"SUCRE";"SORAS";"GOBIERNO REGIONAL";"I-3";"00003818";"CENTRO DE SALUD SORAS";"NE_0002";"";"NE_0002";"NE_0002";"NE_0002";"NE_0002";"NE_0002";"NE_0002";"NE_0002"
"2023";"06";"050902";"AYACUCHO";"SUCRE";"BELEN";"GOBIERNO REGIONAL";"I-1";"00003803";"PUESTO DE SALUD BELEN";"NE_0001";"";"NE_0001";"NE_0001";"NE_0001";"NE_0001";"NE_0001";"NE_0001";"NE_0001"
"2023";"06";"050909";"AYACUCHO";"SUCRE";"SAN SALVADOR DE QUIJE";"GOBIERNO REGIONAL";"I-1";"00003807";"PUESTO DE SALUD SANTIAGO DE PALLCCA";"NE_0001";"";"NE_0001";"NE_0001";"NE_0001";"NE_0001";"NE_0001";"NE_0001";"NE_0001"
"2023";"06";"050903";"AYACUCHO";"SUCRE";"CHALCOS";"GOBIERNO REGIONAL";"I-1";"00003804";"PUESTO DE SALUD CHALCOS";"NE_0001";"";"NE_0001";"NE_0001";"NE_0001";"NE_0001";"NE_0001";"NE_0001";"NE_0001"
"2023";"06";"050908";"AYACUCHO";"SUCRE";"SAN PEDRO DE LARCAY";"GOBIERNO REGIONAL";"I-2";"00003815";"SAN PEDRO DE LARCAY";"NE_0001";"";"NE_0001";"NE_0001";"NE_0001";"NE_0001";"NE_0001";"NE_0001";"NE_0001"
"2023";"06";"050910";"AYACUCHO";"SUCRE";"SANTIAGO DE PAUCARAY";"GOBIERNO REGIONAL";"I-1";"00003817";"PUESTO DE SALUD ATIHUARA";"NE_0001";"";"NE_0001";"NE_0001";"NE_0001";"NE_0001";"NE_0001";"NE_0001";"NE_0001"
"2023";"06";"050909";"AYACUCHO";"SUCRE";"SAN SALVADOR DE QUIJE";"GOBIERNO REGIONAL";"I-1";"00006900";"PUESTO DE SALUD VISTA ALEGRE - SUCRE";"NE_0001";"";"NE_0001";"NE_0001";"NE_0001";"NE_0001";"NE_0001";"NE_0001";"NE_0001"
"2023";"04";"130301";"LA LIBERTAD";"BOLIVAR";"BOLIVAR";"GOBIERNO REGIONAL";"II-1";"00005366";"HOSPITAL PROVINCIAL DE BOLIVAR";"241600";"HOSPITALIZACIÓN QUIRÚRGICA OBSTETRICIA   ";"4";"4";"5";"5";"4";"120";"0"
"2023";"04";"130301";"LA LIBERTAD";"BOLIVAR";"BOLIVAR";"GOBIERNO REGIONAL";"II-1";"00005366";"HOSPITAL PROVINCIAL DE BOLIVAR";"241800";"HOSPITALIZACIÓN DE MEDICINA MEDICINA GENERAL ";"1";"1";"1";"1";"4";"120";"0"
"2023";"05";"080904";"CUSCO";"LA CONVENCION";"MARANURA";"GOBIERNO REGIONAL";"I-2";"00002460";"SANTA MARIA";"NE_0001";"";"NE_0001";"NE_0001";"NE_0001";"NE_0001";"NE_0001";"NE_0001";"NE_0001"
"2023";"05";"080908";"CUSCO";"LA CONVENCION";"SANTA TERESA";"GOBIERNO REGIONAL";"I-4";"00002476";"SANTA TERESA";"NE_0001";"";"NE_0001";"NE_0001";"NE_0001";"NE_0001";"NE_0001";"NE_0001";"NE_0001"
"2023";"05";"080903";"CUSCO";"LA CONVENCION";"HUAYOPATA";"GOBIERNO REGIONAL";"I-3";"00002453";"HUYRO";"NE_0001";"";"NE_0001";"NE_0001";"NE_0001";"NE_0001";"NE_0001";"NE_0001";"NE_0001"
"2023";"05";"080908";"CUSCO";"LA CONVENCION";"SANTA TERESA";"GOBIERNO REGIONAL";"I-1";"00002478";"TOTORA";"NE_0001";"";"NE_0001";"NE_0001";"NE_0001";"NE_0001";"NE_0001";"NE_0001";"NE_0001"
"2023";"05";"080903";"CUSCO";"LA CONVENCION";"HUAYOPATA";"GOBIERNO REGIONAL";"I-1";"00002454";"ALFAMAYO";"NE_0001";"";"NE_0001";"NE_0001";"NE_0001";"NE_0001";"NE_0001";"NE_0001";"NE_0001"
"2023";"05";"080903";"CUSCO";"LA CONVENCION";"HUAYOPATA";"GOBIERNO REGIONAL";"I-2";"00002456";"AMAYBAMBA";"NE_0001";"";"NE_0001";"NE_0001";"NE_0001";"NE_0001";"NE_0001";"NE_0001";"NE_0001"
"2023";"05";"080904";"CUSCO";"LA CONVENCION";"MARANURA";"GOBIERNO REGIONAL";"I-1";"00002461";"UCHUMAYO";"NE_0001";"";"NE_0001";"NE_0001";"NE_0001";"NE_0001";"NE_0001";"NE_0001";"NE_0001"
"2023";"05";"080903";"CUSCO";"LA CONVENCION";"HUAYOPATA";"GOBIERNO REGIONAL";"I-1";"00002455";"HUAYOPATA";"NE_0001";"";"NE_0001";"NE_0001";"NE_0001";"NE_0001";"NE_0001";"NE_0001";"NE_0001"
"2023";"05";"080908";"CUSCO";"LA CONVENCION";"SANTA TERESA";"GOBIERNO REGIONAL";"I-2";"00002477";"SULLUCUYOC";"NE_0001";"";"NE_0001";"NE_0001";"NE_0001";"NE_0001";"NE_0001";"NE_0001";"NE_0001"
"2023";"05";"080903";"CUSCO";"LA CONVENCION";"HUAYOPATA";"GOBIERNO REGIONAL";"I-1";"00002457";"SAN PABLO HUAYOPATA";"NE_0001";"";"NE_0001";"NE_0001";"NE_0001";"NE_0001";"NE_0001";"NE_0001";"NE_0001"
"2023";"05";"080904";"CUSCO";"LA CONVENCION";"MARANURA";"GOBIERNO REGIONAL";"I-4";"00002458";"MARANURA";"NE_0001";"";"NE_0001";"NE_0001";"NE_0001";"NE_0001";"NE_0001";"NE_0001";"NE_0001"
"2023";"06";"060701";"CAJAMARCA";"HUALGAYOC";"BAMBAMARCA";"GOBIERNO REGIONAL";"II-1";"00004782";"BAMBAMARCA - TITO VILLAR CABEZAS";"241400";"HOSPITALIZACIÓN QUIRÚRGICA GINECO - OBSTETRICIA ";"69";"70";"112";"142";"7";"210";"0"
"2023";"06";"060701";"CAJAMARCA";"HUALGAYOC";"BAMBAMARCA";"GOBIERNO REGIONAL";"II-1";"00004782";"BAMBAMARCA - TITO VILLAR CABEZAS";"241800";"HOSPITALIZACIÓN DE MEDICINA MEDICINA GENERAL ";"15";"16";"65";"75";"5";"150";"0"
"2023";"06";"060701";"CAJAMARCA";"HUALGAYOC";"BAMBAMARCA";"GOBIERNO REGIONAL";"II-1";"00004782";"BAMBAMARCA - TITO VILLAR CABEZAS";"240100";"HOSPITALIZACIÓN QUIRÚRGICA CIRUGÍA GENERAL ";"15";"16";"24";"22";"3";"90";"0"
"2023";"06";"060701";"CAJAMARCA";"HUALGAYOC";"BAMBAMARCA";"GOBIERNO REGIONAL";"II-1";"00004782";"BAMBAMARCA - TITO VILLAR CABEZAS";"242500";"HOSPITALIZACIÓN-PEDIATRÍA GENERAL-";"9";"12";"48";"42";"2";"60";"0"
"2023";"06";"060701";"CAJAMARCA";"HUALGAYOC";"BAMBAMARCA";"GOBIERNO REGIONAL";"II-1";"00004782";"BAMBAMARCA - TITO VILLAR CABEZAS";"243200";"HOSPITALIZACIÓN DE PEDIATRÍA PEDIATRIA NEONATOLOGÍA";"1";"1";"1";"1";"1";"30";"0"
"2023";"06";"060701";"CAJAMARCA";"HUALGAYOC";"BAMBAMARCA";"GOBIERNO REGIONAL";"II-1";"00004782";"BAMBAMARCA - TITO VILLAR CABEZAS";"241500";"HOSPITALIZACIÓN QUIRÚRGICA GINECOLOGÍA  ";"1";"1";"3";"2";"1";"30";"0"
"2023";"06";"130111";"LA LIBERTAD";"TRUJILLO";"VICTOR LARCO HERRERA";"GOBIERNO REGIONAL";"II-1";"00005243";"HOSPITAL DISTRITAL VISTA ALEGRE";"241400";"HOSPITALIZACIÓN QUIRÚRGICA GINECO - OBSTETRICIA ";"25";"28";"65";"65";"8";"240";"0"
"2023";"06";"070106";"CALLAO";"CALLAO";"VENTANILLA";"GOBIERNO REGIONAL";"I-2";"00006263";"PUESTO DE SALUD  SANTA ROSA DE PACHACUTEC";"NE_0001";"";"NE_0001";"NE_0001";"NE_0001";"NE_0001";"NE_0001";"NE_0001";"NE_0001"
"2023";"06";"070106";"CALLAO";"CALLAO";"VENTANILLA";"GOBIERNO REGIONAL";"I-2";"00006266";"PUESTO DE SALUD 3 DE FEBRERO";"NE_0001";"";"NE_0001";"NE_0001";"NE_0001";"NE_0001";"NE_0001";"NE_0001";"NE_0001"
"2023";"06";"070106";"CALLAO";"CALLAO";"VENTANILLA";"GOBIERNO REGIONAL";"I-2";"00006267";"PUESTO DE SALUD CIUDAD PACHACUTEC";"NE_0001";"";"NE_0001";"NE_0001";"NE_0001";"NE_0001";"NE_0001";"NE_0001";"NE_0001"
"2023";"06";"070106";"CALLAO";"CALLAO";"VENTANILLA";"GOBIERNO REGIONAL";"I-2";"00006264";"PUESTO DE SALUD BAHÍA BLANCA";"NE_0001";"";"NE_0001";"NE_0001";"NE_0001";"NE_0001";"NE_0001";"NE_0001";"NE_0001"
"2023";"06";"070106";"CALLAO";"CALLAO";"VENTANILLA";"GOBIERNO REGIONAL";"I-4";"00007314";"C.S. MATERNO INFANTIL PACHACUTEC  PERU-COREA";"241800";"HOSPITALIZACIÓN DE MEDICINA MEDICINA GENERAL ";"30";"30";"32";"900";"30";"900";"0"
"2023";"06";"120302";"JUNIN";"CHANCHAMAYO";"PERENE";"GOBIERNO REGIONAL";"I-1";"00000329";"HUACAMAYO";"NE_0001";"";"NE_0001";"NE_0001";"NE_0001";"NE_0001";"NE_0001";"NE_0001";"NE_0001"
"2023";"06";"120304";"JUNIN";"CHANCHAMAYO";"SAN LUIS DE SHUARO";"GOBIERNO REGIONAL";"I-1";"00000336";"ALTO YAPAZ";"NE_0001";"";"NE_0001";"NE_0001";"NE_0001";"NE_0001";"NE_0001";"NE_0001";"NE_0001"
"2023";"06";"120302";"JUNIN";"CHANCHAMAYO";"PERENE";"GOBIERNO REGIONAL";"I-4";"00000318";"VILLA PERENE";"241800";"HOSPITALIZACIÓN DE MEDICINA MEDICINA GENERAL ";"9";"8";"36";"39";"9";"279";"0"
"2023";"06";"120302";"JUNIN";"CHANCHAMAYO";"PERENE";"GOBIERNO REGIONAL";"I-4";"00000318";"VILLA PERENE";"241600";"HOSPITALIZACIÓN QUIRÚRGICA OBSTETRICIA   ";"6";"5";"13";"15";"3";"93";"0"
"2023";"06";"120302";"JUNIN";"CHANCHAMAYO";"PERENE";"GOBIERNO REGIONAL";"I-2";"00000319";"BAJO MARANKIARI";"NE_0001";"";"NE_0001";"NE_0001";"NE_0001";"NE_0001";"NE_0001";"NE_0001";"NE_0001"
"2023";"06";"120302";"JUNIN";"CHANCHAMAYO";"PERENE";"GOBIERNO REGIONAL";"I-1";"00000326";"SANTA ROSA DE RIO AMARILLO";"NE_0001";"";"NE_0001";"NE_0001";"NE_0001";"NE_0001";"NE_0001";"NE_0001";"NE_0001"
"2023";"06";"120302";"JUNIN";"CHANCHAMAYO";"PERENE";"GOBIERNO REGIONAL";"I-1";"00000332";"ALTO SAN JUAN";"NE_0001";"";"NE_0001";"NE_0001";"NE_0001";"NE_0001";"NE_0001";"NE_0001";"NE_0001"
"2023";"06";"120302";"JUNIN";"CHANCHAMAYO";"PERENE";"GOBIERNO REGIONAL";"I-1";"00000333";"CENTRO TOTERANI";"NE_0001";"";"NE_0001";"NE_0001";"NE_0001";"NE_0001";"NE_0001";"NE_0001";"NE_0001"
"2023";"06";"120302";"JUNIN";"CHANCHAMAYO";"PERENE";"GOBIERNO REGIONAL";"I-1";"00007319";"SANTA ROSA TOTERANI";"NE_0001";"";"NE_0001";"NE_0001";"NE_0001";"NE_0001";"NE_0001";"NE_0001";"NE_0001"
"2023";"06";"120302";"JUNIN";"CHANCHAMAYO";"PERENE";"GOBIERNO REGIONAL";"I-2";"00014385";"MARISCAL CACERES";"NE_0001";"";"NE_0001";"NE_0001";"NE_0001";"NE_0001";"NE_0001";"NE_0001";"NE_0001"
"2023";"06";"120302";"JUNIN";"CHANCHAMAYO";"PERENE";"GOBIERNO REGIONAL";"I-1";"00000331";"LOS ANGELES TOTERANI";"NE_0001";"";"NE_0001";"NE_0001";"NE_0001";"NE_0001";"NE_0001";"NE_0001";"NE_0001"
"2023";"06";"120302";"JUNIN";"CHANCHAMAYO";"PERENE";"GOBIERNO REGIONAL";"I-2";"00000321";"ALTO YURINAKI";"NE_0001";"";"NE_0001";"NE_0001";"NE_0001";"NE_0001";"NE_0001";"NE_0001";"NE_0001"
"2023";"06";"120302";"JUNIN";"CHANCHAMAYO";"PERENE";"GOBIERNO REGIONAL";"I-1";"00000328";"CHURINGAVENI";"NE_0001";"";"NE_0001";"NE_0001";"NE_0001";"NE_0001";"NE_0001";"NE_0001";"NE_0001"
"2023";"06";"120302";"JUNIN";"CHANCHAMAYO";"PERENE";"GOBIERNO REGIONAL";"I-3";"00000330";"SAN FERNANDO DE KIVINAKI";"NE_0001";"";"NE_0001";"NE_0001";"NE_0001";"NE_0001";"NE_0001";"NE_0001";"NE_0001"
"2023";"06";"120302";"JUNIN";"CHANCHAMAYO";"PERENE";"GOBIERNO REGIONAL";"I-1";"00006737";"JOSE OLAYA";"NE_0001";"";"NE_0001";"NE_0001";"NE_0001";"NE_0001";"NE_0001";"NE_0001";"NE_0001"
"2023";"06";"120302";"JUNIN";"CHANCHAMAYO";"PERENE";"GOBIERNO REGIONAL";"I-1";"00007362";"UNION PUCUSANI";"NE_0001";"";"NE_0001";"NE_0001";"NE_0001";"NE_0001";"NE_0001";"NE_0001";"NE_0001"
"2023";"06";"120302";"JUNIN";"CHANCHAMAYO";"PERENE";"GOBIERNO REGIONAL";"I-1";"00014384";"JOSE GALVEZ";"NE_0001";"";"NE_0001";"NE_0001";"NE_0001";"NE_0001";"NE_0001";"NE_0001";"NE_0001"
"2023";"06";"120301";"JUNIN";"CHANCHAMAYO";"CHANCHAMAYO";"GOBIERNO REGIONAL";"I-1";"00000310";"VILLA DORADA";"NE_0001";"";"NE_0001";"NE_0001";"NE_0001";"NE_0001";"NE_0001";"NE_0001";"NE_0001"
"2023";"06";"120302";"JUNIN";"CHANCHAMAYO";"PERENE";"GOBIERNO REGIONAL";"I-1";"00000334";"SANTA ROSA DE CAMONASHARI";"NE_0001";"";"NE_0001";"NE_0001";"NE_0001";"NE_0001";"NE_0001";"NE_0001";"NE_0001"
"2023";"06";"150142";"LIMA";"LIMA";"VILLA EL SALVADOR";"ESSALUD";"II-1";"00008741";"ULDARICO ROCCA FERNANDEZ";"241800";"HOSPITALIZACIÓN DE MEDICINA MEDICINA GENERAL ";"76";"79";"362";"340";"14";"420";"4"
"2023";"06";"150142";"LIMA";"LIMA";"VILLA EL SALVADOR";"ESSALUD";"II-1";"00008741";"ULDARICO ROCCA FERNANDEZ";"240100";"HOSPITALIZACIÓN QUIRÚRGICA CIRUGÍA GENERAL ";"116";"112";"181";"201";"12";"360";"0"
"2023";"06";"150142";"LIMA";"LIMA";"VILLA EL SALVADOR";"ESSALUD";"II-1";"00008741";"ULDARICO ROCCA FERNANDEZ";"241500";"HOSPITALIZACIÓN QUIRÚRGICA GINECOLOGÍA  ";"19";"23";"69";"63";"3";"90";"0"
"2023";"06";"150142";"LIMA";"LIMA";"VILLA EL SALVADOR";"ESSALUD";"II-1";"00008741";"ULDARICO ROCCA FERNANDEZ";"241600";"HOSPITALIZACIÓN QUIRÚRGICA OBSTETRICIA   ";"167";"163";"312";"309";"15";"450";"0"
"2023";"06";"150142";"LIMA";"LIMA";"VILLA EL SALVADOR";"ESSALUD";"II-1";"00008741";"ULDARICO ROCCA FERNANDEZ";"242300";"HOSPITALIZACIÓN DE PEDIATRÍA  PEDIATRÍA  GENERAL ";"94";"89";"239";"258";"6";"258";"0"
"2023";"06";"150142";"LIMA";"LIMA";"VILLA EL SALVADOR";"ESSALUD";"II-1";"00008741";"ULDARICO ROCCA FERNANDEZ";"250100";"UNIDAD DE CUIDADOS CRITICOS UNIDAD  DE CUIDADOS INTENSIVOS GENERALES (UCI) ";"13";"14";"126";"77";"4";"120";"6"
"2023";"06";"130103";"LA LIBERTAD";"TRUJILLO";"FLORENCIA DE MORA";"ESSALUD";"II-E";"00009278";"FLORENCIA DE MORA";"241800";"HOSPITALIZACIÓN DE MEDICINA MEDICINA GENERAL ";"8";"8";"35";"35";"3";"90";"0"
"2023";"06";"130103";"LA LIBERTAD";"TRUJILLO";"FLORENCIA DE MORA";"ESSALUD";"II-E";"00009278";"FLORENCIA DE MORA";"240100";"HOSPITALIZACIÓN QUIRÚRGICA CIRUGÍA GENERAL ";"57";"57";"127";"109";"5";"150";"0"
"2023";"06";"130103";"LA LIBERTAD";"TRUJILLO";"FLORENCIA DE MORA";"ESSALUD";"II-E";"00009278";"FLORENCIA DE MORA";"241500";"HOSPITALIZACIÓN QUIRÚRGICA GINECOLOGÍA  ";"19";"19";"76";"63";"3";"90";"0"
"2023";"06";"130103";"LA LIBERTAD";"TRUJILLO";"FLORENCIA DE MORA";"ESSALUD";"II-E";"00009278";"FLORENCIA DE MORA";"241600";"HOSPITALIZACIÓN QUIRÚRGICA OBSTETRICIA   ";"24";"24";"59";"54";"4";"120";"0"
"2023";"06";"050601";"AYACUCHO";"LUCANAS";"PUQUIO";"GOBIERNO REGIONAL";"II-1";"00003727";"HOSPITAL DE APOYO DE PUQUIO ""FELIPE HUAMÁN POMA DE AYALA""";"240100";"HOSPITALIZACIÓN QUIRÚRGICA CIRUGÍA GENERAL ";"12";"12";"52";"12";"8";"240";"0"
"2023";"06";"050601";"AYACUCHO";"LUCANAS";"PUQUIO";"GOBIERNO REGIONAL";"II-1";"00003727";"HOSPITAL DE APOYO DE PUQUIO ""FELIPE HUAMÁN POMA DE AYALA""";"241500";"HOSPITALIZACIÓN QUIRÚRGICA GINECOLOGÍA  ";"7";"7";"11";"7";"4";"120";"0"
"2023";"06";"050601";"AYACUCHO";"LUCANAS";"PUQUIO";"GOBIERNO REGIONAL";"II-1";"00003727";"HOSPITAL DE APOYO DE PUQUIO ""FELIPE HUAMÁN POMA DE AYALA""";"241600";"HOSPITALIZACIÓN QUIRÚRGICA OBSTETRICIA   ";"21";"22";"51";"21";"8";"240";"0"
"2023";"06";"050601";"AYACUCHO";"LUCANAS";"PUQUIO";"GOBIERNO REGIONAL";"II-1";"00003727";"HOSPITAL DE APOYO DE PUQUIO ""FELIPE HUAMÁN POMA DE AYALA""";"241800";"HOSPITALIZACIÓN DE MEDICINA MEDICINA GENERAL ";"16";"20";"117";"16";"11";"330";"1"
"2023";"06";"050601";"AYACUCHO";"LUCANAS";"PUQUIO";"GOBIERNO REGIONAL";"II-1";"00003727";"HOSPITAL DE APOYO DE PUQUIO ""FELIPE HUAMÁN POMA DE AYALA""";"242500";"HOSPITALIZACIÓN-PEDIATRÍA GENERAL-";"6";"7";"33";"6";"11";"330";"0"
"2023";"06";"050601";"AYACUCHO";"LUCANAS";"PUQUIO";"GOBIERNO REGIONAL";"II-1";"00003727";"HOSPITAL DE APOYO DE PUQUIO ""FELIPE HUAMÁN POMA DE AYALA""";"243200";"HOSPITALIZACIÓN DE PEDIATRÍA PEDIATRIA NEONATOLOGÍA";"3";"3";"5";"3";"7";"210";"0"
"2023";"06";"050601";"AYACUCHO";"LUCANAS";"PUQUIO";"GOBIERNO REGIONAL";"II-1";"00003727";"HOSPITAL DE APOYO DE PUQUIO ""FELIPE HUAMÁN POMA DE AYALA""";"250105";"UNIDAD DE CUIDADOS CRITICOS UNIDAD  DE CUIDADOS INTENSIVOS  (UCI) NEONATOLOGÍA";"2";"2";"18";"2";"1";"30";"0"
"2023";"06";"050601";"AYACUCHO";"LUCANAS";"PUQUIO";"ESSALUD";"I-3";"00011438";"CENTRO DE ATENCION PRIMARIA II PUQUIO";"NE_0001";"";"NE_0001";"NE_0001";"NE_0001";"NE_0001";"NE_0001";"NE_0001";"NE_0001"
"2023";"06";"080601";"CUSCO";"CANCHIS";"SICUANI";"ESSALUD";"II-1";"00010063";"ESSALUD SICUANI";"240100";"HOSPITALIZACIÓN QUIRÚRGICA CIRUGÍA GENERAL ";"24";"23";"108";"107";"4";"120";"0"
"2023";"06";"080601";"CUSCO";"CANCHIS";"SICUANI";"ESSALUD";"II-1";"00010063";"ESSALUD SICUANI";"241500";"HOSPITALIZACIÓN QUIRÚRGICA GINECOLOGÍA  ";"15";"16";"40";"40";"2";"60";"0"
"2023";"06";"080601";"CUSCO";"CANCHIS";"SICUANI";"ESSALUD";"II-1";"00010063";"ESSALUD SICUANI";"241900";"HOSPITALIZACIÓN DE MEDICINA MEDICINA INTERNA ";"47";"49";"206";"205";"8";"240";"0"
"2023";"06";"080601";"CUSCO";"CANCHIS";"SICUANI";"ESSALUD";"II-1";"00010063";"ESSALUD SICUANI";"241600";"HOSPITALIZACIÓN QUIRÚRGICA OBSTETRICIA   ";"5";"6";"13";"13";"2";"60";"0"
"2023";"06";"080601";"CUSCO";"CANCHIS";"SICUANI";"ESSALUD";"II-1";"00010063";"ESSALUD SICUANI";"242300";"HOSPITALIZACIÓN DE PEDIATRÍA  PEDIATRÍA  GENERAL ";"12";"13";"48";"48";"2";"60";"0"
"2023";"06";"120601";"JUNIN";"SATIPO";"SATIPO";"GOBIERNO REGIONAL";"II-1";"00000432";"DE APOYO MANUEL HIGA ARAKAKI";"240100";"HOSPITALIZACIÓN QUIRÚRGICA CIRUGÍA GENERAL ";"36";"47";"302";"320";"11";"330";"3"
"2023";"06";"120601";"JUNIN";"SATIPO";"SATIPO";"GOBIERNO REGIONAL";"II-1";"00000432";"DE APOYO MANUEL HIGA ARAKAKI";"241200";"HOSPITALIZACIÓN QUIRÚRGICA TRAUMATOLOGÍA Y ORTOPEDIA ";"19";"22";"70";"140";"5";"150";"0"
"2023";"06";"120601";"JUNIN";"SATIPO";"SATIPO";"GOBIERNO REGIONAL";"II-1";"00000432";"DE APOYO MANUEL HIGA ARAKAKI";"241500";"HOSPITALIZACIÓN QUIRÚRGICA GINECOLOGÍA  ";"55";"58";"138";"148";"5";"150";"0"
"2023";"06";"120601";"JUNIN";"SATIPO";"SATIPO";"GOBIERNO REGIONAL";"II-1";"00000432";"DE APOYO MANUEL HIGA ARAKAKI";"241600";"HOSPITALIZACIÓN QUIRÚRGICA OBSTETRICIA   ";"102";"110";"298";"329";"11";"330";"0"
"2023";"06";"120601";"JUNIN";"SATIPO";"SATIPO";"GOBIERNO REGIONAL";"II-1";"00000432";"DE APOYO MANUEL HIGA ARAKAKI";"241900";"HOSPITALIZACIÓN DE MEDICINA MEDICINA INTERNA ";"19";"28";"239";"260";"9";"270";"7"
"2023";"06";"120601";"JUNIN";"SATIPO";"SATIPO";"GOBIERNO REGIONAL";"II-1";"00000432";"DE APOYO MANUEL HIGA ARAKAKI";"242500";"HOSPITALIZACIÓN-PEDIATRÍA GENERAL-";"29";"33";"142";"148";"5";"150";"0"
"2023";"06";"120601";"JUNIN";"SATIPO";"SATIPO";"GOBIERNO REGIONAL";"II-1";"00000432";"DE APOYO MANUEL HIGA ARAKAKI";"243200";"HOSPITALIZACIÓN DE PEDIATRÍA PEDIATRIA NEONATOLOGÍA";"8";"10";"46";"58";"2";"60";"0"
"2023";"06";"060607";"CAJAMARCA";"CUTERVO";"QUEROCOTILLO";"GOBIERNO REGIONAL";"I-1";"00005011";"PARIC";"NE_0001";"";"NE_0001";"NE_0001";"NE_0001";"NE_0001";"NE_0001";"NE_0001";"NE_0001"
"2023";"06";"060607";"CAJAMARCA";"CUTERVO";"QUEROCOTILLO";"GOBIERNO REGIONAL";"I-2";"00005010";"INGUER";"NE_0001";"";"NE_0001";"NE_0001";"NE_0001";"NE_0001";"NE_0001";"NE_0001";"NE_0001"
"2023";"06";"060607";"CAJAMARCA";"CUTERVO";"QUEROCOTILLO";"GOBIERNO REGIONAL";"I-1";"00006942";"LA SUCCHA ALTA";"NE_0001";"";"NE_0001";"NE_0001";"NE_0001";"NE_0001";"NE_0001";"NE_0001";"NE_0001"
"2023";"06";"060607";"CAJAMARCA";"CUTERVO";"QUEROCOTILLO";"GOBIERNO REGIONAL";"I-1";"00007099";"AGUA BLANCA";"NE_0001";"";"NE_0001";"NE_0001";"NE_0001";"NE_0001";"NE_0001";"NE_0001";"NE_0001"
"2023";"06";"060607";"CAJAMARCA";"CUTERVO";"QUEROCOTILLO";"GOBIERNO REGIONAL";"I-1";"00006941";"MARAYBAMBA ALTO";"NE_0001";"";"NE_0001";"NE_0001";"NE_0001";"NE_0001";"NE_0001";"NE_0001";"NE_0001"
"2023";"06";"120909";"JUNIN";"CHUPACA";"YANACANCHA";"GOBIERNO REGIONAL";"I-2";"00000661";"YANACANCHA";"NE_0001";"";"NE_0001";"NE_0001";"NE_0001";"NE_0001";"NE_0001";"NE_0001";"NE_0001"
"2023";"06";"120907";"JUNIN";"CHUPACA";"SAN JUAN DE JARPA";"GOBIERNO REGIONAL";"I-3";"00000659";"SAN JUAN DE JARPA";"NE_0001";"";"NE_0001";"NE_0001";"NE_0001";"NE_0001";"NE_0001";"NE_0001";"NE_0001"
"2023";"06";"120909";"JUNIN";"CHUPACA";"YANACANCHA";"GOBIERNO REGIONAL";"I-1";"00000662";"SANTO DOMINGO DE CACHI";"NE_0001";"";"NE_0001";"NE_0001";"NE_0001";"NE_0001";"NE_0001";"NE_0001";"NE_0001"
"2023";"06";"120907";"JUNIN";"CHUPACA";"SAN JUAN DE JARPA";"GOBIERNO REGIONAL";"I-1";"00012470";"SHICUY";"NE_0001";"";"NE_0001";"NE_0001";"NE_0001";"NE_0001";"NE_0001";"NE_0001";"NE_0001"
"2023";"05";"150114";"LIMA";"LIMA";"LA MOLINA";"ESSALUD";"II-1";"00010135";"HOSPITAL I CARLOS ALCANTARA BUTTERFIELD";"241800";"HOSPITALIZACIÓN DE MEDICINA MEDICINA GENERAL ";"43";"38";"263";"252";"9";"279";"2"
"2023";"05";"150114";"LIMA";"LIMA";"LA MOLINA";"ESSALUD";"II-1";"00010135";"HOSPITAL I CARLOS ALCANTARA BUTTERFIELD";"240100";"HOSPITALIZACIÓN QUIRÚRGICA CIRUGÍA GENERAL ";"221";"215";"503";"477";"18";"558";"0"
"2023";"05";"150114";"LIMA";"LIMA";"LA MOLINA";"ESSALUD";"II-1";"00010135";"HOSPITAL I CARLOS ALCANTARA BUTTERFIELD";"242500";"HOSPITALIZACIÓN-PEDIATRÍA GENERAL-";"29";"30";"112";"108";"4";"124";"0"
"2023";"05";"150114";"LIMA";"LIMA";"LA MOLINA";"ESSALUD";"II-1";"00010135";"HOSPITAL I CARLOS ALCANTARA BUTTERFIELD";"241600";"HOSPITALIZACIÓN QUIRÚRGICA OBSTETRICIA   ";"70";"68";"166";"186";"8";"248";"0"
"2023";"05";"211101";"PUNO";"SAN ROMAN";"JULIACA";"ESSALUD";"II-2";"00009899";"HOSPITAL BASE III JULIACA - ESSALUD - RED ASISTENCIAL JULIACA";"241900";"HOSPITALIZACIÓN DE MEDICINA MEDICINA INTERNA ";"56";"60";"390";"390";"13";"390";"0"
"2023";"05";"211101";"PUNO";"SAN ROMAN";"JULIACA";"ESSALUD";"II-2";"00009899";"HOSPITAL BASE III JULIACA - ESSALUD - RED ASISTENCIAL JULIACA";"244000";"HOSPITALIZACIÓN DE MEDICINA CARDIOLOGIA ";"5";"8";"47";"47";"2";"60";"1"
"2023";"05";"211101";"PUNO";"SAN ROMAN";"JULIACA";"ESSALUD";"II-2";"00009899";"HOSPITAL BASE III JULIACA - ESSALUD - RED ASISTENCIAL JULIACA";"244300";"HOSPITALIZACIÓN DE MEDICINA GASTROENTEROLOGÍA  ";"24";"22";"100";"100";"4";"120";"1"
"2023";"05";"211101";"PUNO";"SAN ROMAN";"JULIACA";"ESSALUD";"II-2";"00009899";"HOSPITAL BASE III JULIACA - ESSALUD - RED ASISTENCIAL JULIACA";"244700";"HOSPITALIZACIÓN DE MEDICINA NEUROLOGIA  ";"5";"6";"27";"27";"2";"60";"0"
"2023";"05";"211101";"PUNO";"SAN ROMAN";"JULIACA";"ESSALUD";"II-2";"00009899";"HOSPITAL BASE III JULIACA - ESSALUD - RED ASISTENCIAL JULIACA";"245300";"HOSPITALIZACIÓN DE MEDICINA NEUMOLOGÍA  ";"8";"9";"78";"78";"8";"240";"1"
"2023";"05";"211101";"PUNO";"SAN ROMAN";"JULIACA";"ESSALUD";"II-2";"00009899";"HOSPITAL BASE III JULIACA - ESSALUD - RED ASISTENCIAL JULIACA";"244200";"HOSPITALIZACIÓN DE MEDICINA ENDOCRINOLOGIA ";"1";"1";"6";"6";"1";"30";"1"
"2023";"05";"211101";"PUNO";"SAN ROMAN";"JULIACA";"ESSALUD";"II-2";"00009899";"HOSPITAL BASE III JULIACA - ESSALUD - RED ASISTENCIAL JULIACA";"240100";"HOSPITALIZACIÓN QUIRÚRGICA CIRUGÍA GENERAL ";"69";"65";"198";"198";"10";"300";"0"
"2023";"05";"211101";"PUNO";"SAN ROMAN";"JULIACA";"ESSALUD";"II-2";"00009899";"HOSPITAL BASE III JULIACA - ESSALUD - RED ASISTENCIAL JULIACA";"240400";"HOSPITALIZACIÓN QUIRÚRGICA CIRUGÍA DE TÓRAX Y CARDIOVASCULAR ";"3";"4";"19";"19";"4";"120";"0"
"2023";"05";"211101";"PUNO";"SAN ROMAN";"JULIACA";"ESSALUD";"II-2";"00009899";"HOSPITAL BASE III JULIACA - ESSALUD - RED ASISTENCIAL JULIACA";"240900";"HOSPITALIZACIÓN QUIRÚRGICA NEUROCIRUGÍA ";"8";"9";"48";"48";"2";"60";"0"
"2023";"05";"211101";"PUNO";"SAN ROMAN";"JULIACA";"ESSALUD";"II-2";"00009899";"HOSPITAL BASE III JULIACA - ESSALUD - RED ASISTENCIAL JULIACA";"241200";"HOSPITALIZACIÓN QUIRÚRGICA TRAUMATOLOGÍA Y ORTOPEDIA ";"26";"32";"120";"120";"4";"120";"0"
"2023";"05";"211101";"PUNO";"SAN ROMAN";"JULIACA";"ESSALUD";"II-2";"00009899";"HOSPITAL BASE III JULIACA - ESSALUD - RED ASISTENCIAL JULIACA";"241100";"HOSPITALIZACIÓN QUIRÚRGICA OTORRINOLARINGOLOGÍA  ";"11";"10";"30";"30";"1";"30";"0"
"2023";"05";"211101";"PUNO";"SAN ROMAN";"JULIACA";"ESSALUD";"II-2";"00009899";"HOSPITAL BASE III JULIACA - ESSALUD - RED ASISTENCIAL JULIACA";"241300";"HOSPITALIZACIÓN QUIRÚRGICA UROLOGÍA  ";"14";"17";"90";"90";"3";"90";"0"
"2023";"05";"211101";"PUNO";"SAN ROMAN";"JULIACA";"ESSALUD";"II-2";"00009899";"HOSPITAL BASE III JULIACA - ESSALUD - RED ASISTENCIAL JULIACA";"241400";"HOSPITALIZACIÓN QUIRÚRGICA GINECO - OBSTETRICIA ";"152";"142";"416";"416";"18";"540";"0"
"2023";"05";"211101";"PUNO";"SAN ROMAN";"JULIACA";"ESSALUD";"II-2";"00009899";"HOSPITAL BASE III JULIACA - ESSALUD - RED ASISTENCIAL JULIACA";"242300";"HOSPITALIZACIÓN DE PEDIATRÍA  PEDIATRÍA  GENERAL ";"67";"61";"274";"274";"16";"480";"0"
"2023";"05";"211101";"PUNO";"SAN ROMAN";"JULIACA";"ESSALUD";"II-2";"00009899";"HOSPITAL BASE III JULIACA - ESSALUD - RED ASISTENCIAL JULIACA";"243200";"HOSPITALIZACIÓN DE PEDIATRÍA PEDIATRIA NEONATOLOGÍA";"93";"100";"270";"270";"9";"270";"1"
"2023";"05";"211101";"PUNO";"SAN ROMAN";"JULIACA";"ESSALUD";"II-2";"00009899";"HOSPITAL BASE III JULIACA - ESSALUD - RED ASISTENCIAL JULIACA";"250100";"UNIDAD DE CUIDADOS CRITICOS UNIDAD  DE CUIDADOS INTENSIVOS GENERALES (UCI) ";"9";"3";"28";"28";"3";"90";"2"
"2023";"05";"080902";"CUSCO";"LA CONVENCION";"ECHARATE";"GOBIERNO REGIONAL";"I-2";"00002440";"PANGOA";"NE_0001";"";"NE_0001";"NE_0001";"NE_0001";"NE_0001";"NE_0001";"NE_0001";"NE_0001"
"2023";"05";"080902";"CUSCO";"LA CONVENCION";"ECHARATE";"GOBIERNO REGIONAL";"I-2";"00002431";"IVOCHOTE";"NE_0001";"";"NE_0001";"NE_0001";"NE_0001";"NE_0001";"NE_0001";"NE_0001";"NE_0001"
"2023";"05";"080902";"CUSCO";"LA CONVENCION";"ECHARATE";"GOBIERNO REGIONAL";"I-3";"00002432";"KEPASHIATO";"NE_0001";"";"NE_0001";"NE_0001";"NE_0001";"NE_0001";"NE_0001";"NE_0001";"NE_0001"
"2023";"05";"080909";"CUSCO";"LA CONVENCION";"VILCABAMBA";"GOBIERNO REGIONAL";"I-1";"00002493";"SELVA ALEGRE";"NE_0001";"";"NE_0001";"NE_0001";"NE_0001";"NE_0001";"NE_0001";"NE_0001";"NE_0001"
"2023";"05";"080902";"CUSCO";"LA CONVENCION";"ECHARATE";"GOBIERNO REGIONAL";"I-4";"00002427";"KITENI";"NE_0001";"";"NE_0001";"NE_0001";"NE_0001";"NE_0001";"NE_0001";"NE_0001";"NE_0001"
"2023";"05";"080902";"CUSCO";"LA CONVENCION";"ECHARATE";"GOBIERNO REGIONAL";"I-1";"00002443";"SANIRIATO";"NE_0001";"";"NE_0001";"NE_0001";"NE_0001";"NE_0001";"NE_0001";"NE_0001";"NE_0001"
"2023";"05";"080909";"CUSCO";"LA CONVENCION";"VILCABAMBA";"GOBIERNO REGIONAL";"I-2";"00002489";"YUVENI";"NE_0001";"";"NE_0001";"NE_0001";"NE_0001";"NE_0001";"NE_0001";"NE_0001";"NE_0001"
"2023";"05";"080902";"CUSCO";"LA CONVENCION";"ECHARATE";"GOBIERNO REGIONAL";"I-1";"00013068";"TRIO RIO";"NE_0001";"";"NE_0001";"NE_0001";"NE_0001";"NE_0001";"NE_0001";"NE_0001";"NE_0001"
"2023";"05";"080902";"CUSCO";"LA CONVENCION";"ECHARATE";"GOBIERNO REGIONAL";"I-2";"00002434";"MATERIATO";"NE_0001";"";"NE_0001";"NE_0001";"NE_0001";"NE_0001";"NE_0001";"NE_0001";"NE_0001"
"2023";"05";"080902";"CUSCO";"LA CONVENCION";"ECHARATE";"GOBIERNO REGIONAL";"I-1";"00002438";"PACHIRI";"NE_0001";"";"NE_0001";"NE_0001";"NE_0001";"NE_0001";"NE_0001";"NE_0001";"NE_0001"
"2023";"05";"080909";"CUSCO";"LA CONVENCION";"VILCABAMBA";"GOBIERNO REGIONAL";"I-1";"00006976";"CHONTABAMBA";"NE_0001";"";"NE_0001";"NE_0001";"NE_0001";"NE_0001";"NE_0001";"NE_0001";"NE_0001"
"2023";"05";"080902";"CUSCO";"LA CONVENCION";"ECHARATE";"GOBIERNO REGIONAL";"I-2";"00002447";"KAMANQUIRIATO";"NE_0001";"";"NE_0001";"NE_0001";"NE_0001";"NE_0001";"NE_0001";"NE_0001";"NE_0001"
"2023";"05";"080902";"CUSCO";"LA CONVENCION";"ECHARATE";"GOBIERNO REGIONAL";"I-1";"00013069";"PUGUIENTIMARI";"NE_0001";"";"NE_0001";"NE_0001";"NE_0001";"NE_0001";"NE_0001";"NE_0001";"NE_0001"
"2023";"05";"080914";"CUSCO";"LA CONVENCION";"MEGANTONI";"GOBIERNO REGIONAL";"I-2";"00002435";"MIARIA";"NE_0001";"";"NE_0001";"NE_0001";"NE_0001";"NE_0001";"NE_0001";"NE_0001";"NE_0001"
"2023";"05";"080914";"CUSCO";"LA CONVENCION";"MEGANTONI";"GOBIERNO REGIONAL";"I-2";"00002445";"TIMPIA";"NE_0001";"";"NE_0001";"NE_0001";"NE_0001";"NE_0001";"NE_0001";"NE_0001";"NE_0001"
"2023";"05";"080914";"CUSCO";"LA CONVENCION";"MEGANTONI";"GOBIERNO REGIONAL";"I-1";"00013067";"TANGOSHIARI";"NE_0001";"";"NE_0001";"NE_0001";"NE_0001";"NE_0001";"NE_0001";"NE_0001";"NE_0001"
"2023";"05";"080914";"CUSCO";"LA CONVENCION";"MEGANTONI";"GOBIERNO REGIONAL";"I-1";"00015235";"NUEVA VIDA";"NE_0001";"";"NE_0001";"NE_0001";"NE_0001";"NE_0001";"NE_0001";"NE_0001";"NE_0001"
"2023";"05";"080914";"CUSCO";"LA CONVENCION";"MEGANTONI";"GOBIERNO REGIONAL";"I-1";"00002436";"NUEVA LUZ";"NE_0001";"";"NE_0001";"NE_0001";"NE_0001";"NE_0001";"NE_0001";"NE_0001";"NE_0001"
"2023";"05";"080914";"CUSCO";"LA CONVENCION";"MEGANTONI";"GOBIERNO REGIONAL";"I-1";"00013066";"MONTETONI";"NE_0001";"";"NE_0001";"NE_0001";"NE_0001";"NE_0001";"NE_0001";"NE_0001";"NE_0001"
"2023";"05";"080914";"CUSCO";"LA CONVENCION";"MEGANTONI";"GOBIERNO REGIONAL";"I-1";"00015843";"CASHIRIARI";"NE_0001";"";"NE_0001";"NE_0001";"NE_0001";"NE_0001";"NE_0001";"NE_0001";"NE_0001"
"2023";"05";"080914";"CUSCO";"LA CONVENCION";"MEGANTONI";"GOBIERNO REGIONAL";"I-1";"00015844";"CAMANA";"NE_0001";"";"NE_0001";"NE_0001";"NE_0001";"NE_0001";"NE_0001";"NE_0001";"NE_0001"
"2023";"05";"080914";"CUSCO";"LA CONVENCION";"MEGANTONI";"GOBIERNO REGIONAL";"I-2";"00002437";"NUEVO MUNDO";"NE_0001";"";"NE_0001";"NE_0001";"NE_0001";"NE_0001";"NE_0001";"NE_0001";"NE_0001"
"2023";"05";"080914";"CUSCO";"LA CONVENCION";"MEGANTONI";"GOBIERNO REGIONAL";"I-1";"00002428";"CHOCORIARI";"NE_0001";"";"NE_0001";"NE_0001";"NE_0001";"NE_0001";"NE_0001";"NE_0001";"NE_0001"
"2023";"05";"080914";"CUSCO";"LA CONVENCION";"MEGANTONI";"GOBIERNO REGIONAL";"I-1";"00002441";"PUERTO HUALLANA";"NE_0001";"";"NE_0001";"NE_0001";"NE_0001";"NE_0001";"NE_0001";"NE_0001";"NE_0001"
"2023";"05";"080914";"CUSCO";"LA CONVENCION";"MEGANTONI";"GOBIERNO REGIONAL";"I-1";"00002442";"PUERTO RICO";"NE_0001";"";"NE_0001";"NE_0001";"NE_0001";"NE_0001";"NE_0001";"NE_0001";"NE_0001"
"2023";"05";"080914";"CUSCO";"LA CONVENCION";"MEGANTONI";"GOBIERNO REGIONAL";"I-2";"00002452";"SHIVANKORENI";"NE_0001";"";"NE_0001";"NE_0001";"NE_0001";"NE_0001";"NE_0001";"NE_0001";"NE_0001"
"2023";"05";"080914";"CUSCO";"LA CONVENCION";"MEGANTONI";"GOBIERNO REGIONAL";"I-3";"00002426";"KIRIGUETI";"NE_0001";"";"NE_0001";"NE_0001";"NE_0001";"NE_0001";"NE_0001";"NE_0001";"NE_0001"
"2023";"05";"080914";"CUSCO";"LA CONVENCION";"MEGANTONI";"GOBIERNO REGIONAL";"I-1";"00002444";"SENSA";"NE_0001";"";"NE_0001";"NE_0001";"NE_0001";"NE_0001";"NE_0001";"NE_0001";"NE_0001"
"2023";"05";"080914";"CUSCO";"LA CONVENCION";"MEGANTONI";"GOBIERNO REGIONAL";"I-4";"00002448";"KAMISEA";"NE_0001";"";"NE_0001";"NE_0001";"NE_0001";"NE_0001";"NE_0001";"NE_0001";"NE_0001"
"2023";"05";"160113";"LORETO";"MAYNAS";"SAN JUAN BAUTISTA";"ESSALUD";"I-3";"00011386";"CAP II SAN JUAN BAUTISTA";"NE_0001";"";"NE_0001";"NE_0001";"NE_0001";"NE_0001";"NE_0001";"NE_0001";"NE_0001"
"2023";"04";"150604";"LIMA";"HUARAL";"AUCALLAMA";"GOBIERNO REGIONAL";"I-3";"00005726";"AUCALLAMA";"NE_0001";"";"NE_0001";"NE_0001";"NE_0001";"NE_0001";"NE_0001";"NE_0001";"NE_0001"
"2023";"05";"080910";"CUSCO";"LA CONVENCION";"PICHARI";"GOBIERNO REGIONAL";"I-1";"00015104";"TAMBO DEL ENE";"NE_0001";"";"NE_0001";"NE_0001";"NE_0001";"NE_0001";"NE_0001";"NE_0001";"NE_0001"
"2023";"06";"021602";"ANCASH";"POMABAMBA";"HUAYLLAN";"GOBIERNO REGIONAL";"I-1";"00001774";"PUESTO DE SALUD HUAYCHO";"NE_0001";"";"NE_0001";"NE_0001";"NE_0001";"NE_0001";"NE_0001";"NE_0001";"NE_0001"
"2023";"06";"021307";"ANCASH";"MARISCAL LUZURIAGA";"LUCMA";"GOBIERNO REGIONAL";"I-2";"00001790";"PUESTO DE SALUD LUCMA";"NE_0001";"";"NE_0001";"NE_0001";"NE_0001";"NE_0001";"NE_0001";"NE_0001";"NE_0001"
"2023";"06";"021307";"ANCASH";"MARISCAL LUZURIAGA";"LUCMA";"GOBIERNO REGIONAL";"I-1";"00001791";"PUESTO DE SALUD SECCHA";"NE_0001";"";"NE_0001";"NE_0001";"NE_0001";"NE_0001";"NE_0001";"NE_0001";"NE_0001"
"2023";"06";"021601";"ANCASH";"POMABAMBA";"POMABAMBA";"GOBIERNO REGIONAL";"I-2";"00001768";"PUESTO DE SALUD VILCABAMBA";"NE_0001";"";"NE_0001";"NE_0001";"NE_0001";"NE_0001";"NE_0001";"NE_0001";"NE_0001"
"2023";"06";"021601";"ANCASH";"POMABAMBA";"POMABAMBA";"GOBIERNO REGIONAL";"I-1";"00001766";"PUESTO DE SALUD SOCSI";"NE_0001";"";"NE_0001";"NE_0001";"NE_0001";"NE_0001";"NE_0001";"NE_0001";"NE_0001"
"2023";"06";"021601";"ANCASH";"POMABAMBA";"POMABAMBA";"GOBIERNO REGIONAL";"I-1";"00001767";"PUESTO DE SALUD CHUYAS";"NE_0001";"";"NE_0001";"NE_0001";"NE_0001";"NE_0001";"NE_0001";"NE_0001";"NE_0001"
"2023";"06";"021602";"ANCASH";"POMABAMBA";"HUAYLLAN";"GOBIERNO REGIONAL";"I-1";"00001772";"PUESTO DE SALUD HUAYLLAN";"NE_0001";"";"NE_0001";"NE_0001";"NE_0001";"NE_0001";"NE_0001";"NE_0001";"NE_0001"
"2023";"06";"021602";"ANCASH";"POMABAMBA";"HUAYLLAN";"GOBIERNO REGIONAL";"I-1";"00001773";"PUESTO DE SALUD ACOBAMBA";"NE_0001";"";"NE_0001";"NE_0001";"NE_0001";"NE_0001";"NE_0001";"NE_0001";"NE_0001"
"2023";"06";"021601";"ANCASH";"POMABAMBA";"POMABAMBA";"GOBIERNO REGIONAL";"I-2";"00001769";"PUESTO DE SALUD CONOPA";"NE_0001";"";"NE_0001";"NE_0001";"NE_0001";"NE_0001";"NE_0001";"NE_0001";"NE_0001"
"2023";"06";"021601";"ANCASH";"POMABAMBA";"POMABAMBA";"GOBIERNO REGIONAL";"I-1";"00001770";"PUESTO DE SALUD JANCAPAMPA";"NE_0001";"";"NE_0001";"NE_0001";"NE_0001";"NE_0001";"NE_0001";"NE_0001";"NE_0001"
"2023";"06";"021302";"ANCASH";"MARISCAL LUZURIAGA";"CASCA";"GOBIERNO REGIONAL";"I-2";"00001785";"PUESTO DE SALUD CASCA";"NE_0001";"";"NE_0001";"NE_0001";"NE_0001";"NE_0001";"NE_0001";"NE_0001";"NE_0001"
"2023";"06";"021307";"ANCASH";"MARISCAL LUZURIAGA";"LUCMA";"GOBIERNO REGIONAL";"0";"00017687";"P. S. MASQUI";"NE_0001";"";"NE_0001";"NE_0001";"NE_0001";"NE_0001";"NE_0001";"NE_0001";"NE_0001"
"2023";"06";"140101";"LAMBAYEQUE";"CHICLAYO";"CHICLAYO";"PRIVADO";"I-3";"00008229";"SERVIMEDICOS S.A.C.";"NE_0001";"";"NE_0001";"NE_0001";"NE_0001";"NE_0001";"NE_0001";"NE_0001";"NE_0001"
"2023";"06";"130101";"LA LIBERTAD";"TRUJILLO";"TRUJILLO";"PRIVADO";"II-E";"00021009";"CLINICA SAN LUIS ASISTENCIAL DOCENTE S.R.L.";"240100";"HOSPITALIZACIÓN QUIRÚRGICA CIRUGÍA GENERAL ";"131";"153";"166";"181";"24";"720";"0"
"2023";"06";"130101";"LA LIBERTAD";"TRUJILLO";"TRUJILLO";"PRIVADO";"II-E";"00021009";"CLINICA SAN LUIS ASISTENCIAL DOCENTE S.R.L.";"241400";"HOSPITALIZACIÓN QUIRÚRGICA GINECO - OBSTETRICIA ";"10";"10";"24";"33";"24";"720";"0"
"2023";"06";"200701";"PIURA";"TALARA";"PARIÑAS";"PRIVADO";"II-1";"00011396";"ADMINISTRADORA CLINICA TRESA";"241900";"HOSPITALIZACIÓN DE MEDICINA MEDICINA INTERNA ";"29";"26";"61";"188";"7";"210";"1"
"2023";"06";"200701";"PIURA";"TALARA";"PARIÑAS";"PRIVADO";"II-1";"00011396";"ADMINISTRADORA CLINICA TRESA";"240100";"HOSPITALIZACIÓN QUIRÚRGICA CIRUGÍA GENERAL ";"10";"8";"20";"81";"3";"90";"0"
"2023";"06";"200701";"PIURA";"TALARA";"PARIÑAS";"PRIVADO";"II-1";"00011396";"ADMINISTRADORA CLINICA TRESA";"241200";"HOSPITALIZACIÓN QUIRÚRGICA TRAUMATOLOGÍA Y ORTOPEDIA ";"8";"7";"11";"53";"2";"60";"0"
"2023";"06";"200701";"PIURA";"TALARA";"PARIÑAS";"PRIVADO";"II-1";"00011396";"ADMINISTRADORA CLINICA TRESA";"241500";"HOSPITALIZACIÓN QUIRÚRGICA GINECOLOGÍA  ";"4";"4";"11";"55";"2";"60";"0"
"2023";"06";"200701";"PIURA";"TALARA";"PARIÑAS";"PRIVADO";"II-1";"00011396";"ADMINISTRADORA CLINICA TRESA";"242300";"HOSPITALIZACIÓN DE PEDIATRÍA  PEDIATRÍA  GENERAL ";"24";"23";"58";"160";"6";"180";"0"
"2023";"06";"090701";"HUANCAVELICA";"TAYACAJA";"PAMPAS";"GOBIERNO REGIONAL";"II-1";"00004074";"HOSPITAL DE PAMPAS";"241800";"HOSPITALIZACIÓN DE MEDICINA MEDICINA GENERAL ";"16";"14";"94";"73";"6";"180";"0"
"2023";"06";"090701";"HUANCAVELICA";"TAYACAJA";"PAMPAS";"GOBIERNO REGIONAL";"II-1";"00004074";"HOSPITAL DE PAMPAS";"240100";"HOSPITALIZACIÓN QUIRÚRGICA CIRUGÍA GENERAL ";"16";"15";"42";"70";"6";"180";"0"
"2023";"06";"090701";"HUANCAVELICA";"TAYACAJA";"PAMPAS";"GOBIERNO REGIONAL";"II-1";"00004074";"HOSPITAL DE PAMPAS";"241400";"HOSPITALIZACIÓN QUIRÚRGICA GINECO - OBSTETRICIA ";"94";"98";"310";"203";"12";"360";"0"
"2023";"06";"090701";"HUANCAVELICA";"TAYACAJA";"PAMPAS";"GOBIERNO REGIONAL";"II-1";"00004074";"HOSPITAL DE PAMPAS";"242500";"HOSPITALIZACIÓN-PEDIATRÍA GENERAL-";"20";"25";"131";"110";"6";"180";"0"
"2023";"06";"090701";"HUANCAVELICA";"TAYACAJA";"PAMPAS";"GOBIERNO REGIONAL";"II-1";"00004074";"HOSPITAL DE PAMPAS";"243200";"HOSPITALIZACIÓN DE PEDIATRÍA PEDIATRIA NEONATOLOGÍA";"15";"16";"53";"53";"5";"150";"0"
"2023";"06";"090701";"HUANCAVELICA";"TAYACAJA";"PAMPAS";"GOBIERNO REGIONAL";"II-1";"00004074";"HOSPITAL DE PAMPAS";"243200";"HOSPITALIZACIÓN DE PEDIATRÍA PEDIATRIA NEONATOLOGÍA";"2";"2";"3";"3";"1";"30";"0"
"2023";"06";"150108";"LIMA";"LIMA";"CHORRILLOS";"SANIDAD DEL EJERCITO DEL PERU";"II-E";"00010098";"HOSPITAL MILITAR GERIATRICO";"240000";"HOSPITALIZACIÓN";"33";"28";"200";"244";"15";"450";"1"
"2023";"05";"250101";"UCAYALI";"CORONEL PORTILLO";"CALLERIA";"GOBIERNO REGIONAL";"I-3";"00030785";"CENTRO DE SALUD MENTAL COMUNITARIO UNIVERSITARIO MAYUSHIN";"NE_0001";"";"NE_0001";"NE_0001";"NE_0001";"NE_0001";"NE_0001";"NE_0001";"NE_0001"
"2023";"05";"250101";"UCAYALI";"CORONEL PORTILLO";"CALLERIA";"GOBIERNO REGIONAL";"I-3";"00028683";"CENTRO DE SALUD MENTAL COMUNITARIO BENA MANATI";"NE_0001";"";"NE_0001";"NE_0001";"NE_0001";"NE_0001";"NE_0001";"NE_0001";"NE_0001"
"2023";"05";"250105";"UCAYALI";"CORONEL PORTILLO";"YARINACOCHA";"GOBIERNO REGIONAL";"I-1";"00013264";"SANIDAD AEREA";"NE_0001";"";"NE_0001";"NE_0001";"NE_0001";"NE_0001";"NE_0001";"NE_0001";"NE_0001"
"2023";"05";"250101";"UCAYALI";"CORONEL PORTILLO";"CALLERIA";"GOBIERNO REGIONAL";"I-3";"00005569";"CLAS TUPAC AMARU";"NE_0001";"";"NE_0001";"NE_0001";"NE_0001";"NE_0001";"NE_0001";"NE_0001";"NE_0001"
"2023";"05";"250101";"UCAYALI";"CORONEL PORTILLO";"CALLERIA";"GOBIERNO REGIONAL";"I-2";"00005568";"DOS DE MAYO";"NE_0001";"";"NE_0001";"NE_0001";"NE_0001";"NE_0001";"NE_0001";"NE_0001";"NE_0001"
"2023";"05";"250101";"UCAYALI";"CORONEL PORTILLO";"CALLERIA";"GOBIERNO REGIONAL";"I-3";"00005567";"JOSE OLAYA";"NE_0001";"";"NE_0001";"NE_0001";"NE_0001";"NE_0001";"NE_0001";"NE_0001";"NE_0001"
"2023";"06";"090201";"HUANCAVELICA";"ACOBAMBA";"ACOBAMBA";"GOBIERNO REGIONAL";"I-3";"00022075";"CENTRO DE SALUD MENTAL COMUNITARIO ACOBAMBA";"NE_0001";"";"NE_0001";"NE_0001";"NE_0001";"NE_0001";"NE_0001";"NE_0001";"NE_0001"
"2023";"06";"250301";"UCAYALI";"PADRE ABAD";"PADRE ABAD";"ESSALUD";"I-2";"00031880";"POSTA DE SALUD AGUAYTIA";"NE_0001";"";"NE_0001";"NE_0001";"NE_0001";"NE_0001";"NE_0001";"NE_0001";"NE_0001"
"2023";"06";"150140";"LIMA";"LIMA";"SANTIAGO DE SURCO";"ESSALUD";"I-3";"00008378";"POLICLINICO PROCERES";"NE_0001";"";"NE_0001";"NE_0001";"NE_0001";"NE_0001";"NE_0001";"NE_0001";"NE_0001"
"2023";"06";"100201";"HUANUCO";"AMBO";"AMBO";"ESSALUD";"I-3";"00009957";"CENTRO MEDICO LEONCIO PRADO - AMBO";"NE_0001";"";"NE_0001";"NE_0001";"NE_0001";"NE_0001";"NE_0001";"NE_0001";"NE_0001"
"2023";"06";"220912";"SAN MARTIN";"SAN MARTIN";"SAN ANTONIO";"GOBIERNO REGIONAL";"I-3";"00006384";"SAN ANTONIO DE CUMBAZA";"NE_0001";"";"NE_0001";"NE_0001";"NE_0001";"NE_0001";"NE_0001";"NE_0001";"NE_0001"
"2023";"06";"120114";"JUNIN";"HUANCAYO";"EL TAMBO";"GOBIERNO REGIONAL";"I-2";"00000735";"COCHAS CHICO";"NE_0002";"";"NE_0002";"NE_0002";"NE_0002";"NE_0002";"NE_0002";"NE_0002";"NE_0002"
"2023";"06";"120114";"JUNIN";"HUANCAYO";"EL TAMBO";"GOBIERNO REGIONAL";"I-1";"00000708";"PACCHA";"NE_0002";"";"NE_0002";"NE_0002";"NE_0002";"NE_0002";"NE_0002";"NE_0002";"NE_0002"
"2023";"06";"120134";"JUNIN";"HUANCAYO";"SICAYA";"GOBIERNO REGIONAL";"I-3";"00000726";"SICAYA";"NE_0002";"";"NE_0002";"NE_0002";"NE_0002";"NE_0002";"NE_0002";"NE_0002";"NE_0002"
"2023";"06";"120114";"JUNIN";"HUANCAYO";"EL TAMBO";"GOBIERNO REGIONAL";"I-1";"00000734";"COCHAS GRANDE";"NE_0002";"";"NE_0002";"NE_0002";"NE_0002";"NE_0002";"NE_0002";"NE_0002";"NE_0002"
"2023";"06";"120114";"JUNIN";"HUANCAYO";"EL TAMBO";"GOBIERNO REGIONAL";"I-4";"00000705";"JUSTICIA PAZ Y VIDA";"NE_0002";"";"NE_0002";"NE_0002";"NE_0002";"NE_0002";"NE_0002";"NE_0002";"NE_0002"
"2023";"06";"120114";"JUNIN";"HUANCAYO";"EL TAMBO";"GOBIERNO REGIONAL";"I-3";"00000707";"SAN MARTIN";"NE_0002";"";"NE_0002";"NE_0002";"NE_0002";"NE_0002";"NE_0002";"NE_0002";"NE_0002"
"2023";"06";"120114";"JUNIN";"HUANCAYO";"EL TAMBO";"GOBIERNO REGIONAL";"I-1";"00000709";"UMUTO";"NE_0002";"";"NE_0002";"NE_0002";"NE_0002";"NE_0002";"NE_0002";"NE_0002";"NE_0002"
"2023";"06";"120114";"JUNIN";"HUANCAYO";"EL TAMBO";"GOBIERNO REGIONAL";"I-1";"00000710";"INCHO";"NE_0002";"";"NE_0002";"NE_0002";"NE_0002";"NE_0002";"NE_0002";"NE_0002";"NE_0002"
"2023";"06";"120114";"JUNIN";"HUANCAYO";"EL TAMBO";"GOBIERNO REGIONAL";"I-3";"00000714";"JUAN PARRA DEL RIEGO";"NE_0002";"";"NE_0002";"NE_0002";"NE_0002";"NE_0002";"NE_0002";"NE_0002";"NE_0002"
"2023";"06";"120128";"JUNIN";"HUANCAYO";"QUILCAS";"GOBIERNO REGIONAL";"I-1";"00000721";"COLPAR";"NE_0002";"";"NE_0002";"NE_0002";"NE_0002";"NE_0002";"NE_0002";"NE_0002";"NE_0002"
"2023";"06";"150141";"LIMA";"LIMA";"SURQUILLO";"PRIVADO";"II-E";"00012947";"CLINICA SANTA MARIA";"240000";"HOSPITALIZACIÓN";"184";"186";"310";"300";"20";"600";"0"
"2023";"05";"060802";"CAJAMARCA";"JAEN";"BELLAVISTA";"GOBIERNO REGIONAL";"II-1";"00004223";"SAN JAVIER BELLAVISTA";"242500";"HOSPITALIZACIÓN-PEDIATRÍA GENERAL-";"5";"5";"11";"13";"3";"93";"0"
"2023";"05";"060802";"CAJAMARCA";"JAEN";"BELLAVISTA";"GOBIERNO REGIONAL";"II-1";"00004223";"SAN JAVIER BELLAVISTA";"241800";"HOSPITALIZACIÓN DE MEDICINA MEDICINA GENERAL ";"20";"21";"63";"73";"4";"124";"0"
"2023";"05";"060802";"CAJAMARCA";"JAEN";"BELLAVISTA";"GOBIERNO REGIONAL";"II-1";"00004223";"SAN JAVIER BELLAVISTA";"241600";"HOSPITALIZACIÓN QUIRÚRGICA OBSTETRICIA   ";"6";"5";"14";"20";"4";"124";"0"
"2023";"06";"080106";"CUSCO";"CUSCO";"SANTIAGO";"GOBIERNO REGIONAL";"III-1";"00002305";"ANTONIO LORENA DEL CUSCO";"241500";"HOSPITALIZACIÓN QUIRÚRGICA GINECOLOGÍA  ";"86";"80";"211";"184";"10";"300";"0"
"2023";"06";"080106";"CUSCO";"CUSCO";"SANTIAGO";"GOBIERNO REGIONAL";"III-1";"00002305";"ANTONIO LORENA DEL CUSCO";"250100";"UNIDAD DE CUIDADOS CRITICOS UNIDAD  DE CUIDADOS INTENSIVOS GENERALES (UCI) ";"28";"23";"191";"168";"6";"180";"1"
"2023";"06";"080106";"CUSCO";"CUSCO";"SANTIAGO";"GOBIERNO REGIONAL";"III-1";"00002305";"ANTONIO LORENA DEL CUSCO";"241400";"HOSPITALIZACIÓN QUIRÚRGICA GINECO - OBSTETRICIA ";"178";"166";"464";"458";"20";"600";"0"
"2023";"06";"080106";"CUSCO";"CUSCO";"SANTIAGO";"GOBIERNO REGIONAL";"III-1";"00002305";"ANTONIO LORENA DEL CUSCO";"242300";"HOSPITALIZACIÓN DE PEDIATRÍA  PEDIATRÍA  GENERAL ";"56";"48";"294";"317";"12";"360";"0"
"2023";"06";"080106";"CUSCO";"CUSCO";"SANTIAGO";"GOBIERNO REGIONAL";"III-1";"00002305";"ANTONIO LORENA DEL CUSCO";"243200";"HOSPITALIZACIÓN DE PEDIATRÍA PEDIATRIA NEONATOLOGÍA";"53";"38";"324";"417";"15";"450";"0"
"2023";"06";"080106";"CUSCO";"CUSCO";"SANTIAGO";"GOBIERNO REGIONAL";"III-1";"00002305";"ANTONIO LORENA DEL CUSCO";"250105";"UNIDAD DE CUIDADOS CRITICOS UNIDAD  DE CUIDADOS INTENSIVOS  (UCI) NEONATOLOGÍA";"27";"22";"235";"184";"8";"240";"5"
"2023";"06";"080106";"CUSCO";"CUSCO";"SANTIAGO";"GOBIERNO REGIONAL";"III-1";"00002305";"ANTONIO LORENA DEL CUSCO";"243600";"HOSPITALIZACIÓN DE PEDIATRÍA PEDIATRIA ONCOLOGÍA PEDIÁTRICA";"12";"7";"58";"155";"9";"270";"0"
"2023";"06";"080106";"CUSCO";"CUSCO";"SANTIAGO";"GOBIERNO REGIONAL";"III-1";"00002305";"ANTONIO LORENA DEL CUSCO";"250200";"UNIDAD DE CUIDADOS CRITICOS UNIDAD DE CUIDADOS INTERMEDIOS GENERAL  (UCIN) ";"31";"25";"218";"216";"8";"240";"0"
"2023";"06";"080106";"CUSCO";"CUSCO";"SANTIAGO";"GOBIERNO REGIONAL";"III-1";"00002305";"ANTONIO LORENA DEL CUSCO";"240100";"HOSPITALIZACIÓN QUIRÚRGICA CIRUGÍA GENERAL ";"169";"139";"805";"759";"31";"930";"5"
"2023";"06";"080106";"CUSCO";"CUSCO";"SANTIAGO";"GOBIERNO REGIONAL";"III-1";"00002305";"ANTONIO LORENA DEL CUSCO";"240900";"HOSPITALIZACIÓN QUIRÚRGICA NEUROCIRUGÍA ";"32";"22";"233";"269";"10";"300";"1"
"2023";"06";"080106";"CUSCO";"CUSCO";"SANTIAGO";"GOBIERNO REGIONAL";"III-1";"00002305";"ANTONIO LORENA DEL CUSCO";"241200";"HOSPITALIZACIÓN QUIRÚRGICA TRAUMATOLOGÍA Y ORTOPEDIA ";"52";"42";"304";"273";"10";"300";"0"
"2023";"06";"080106";"CUSCO";"CUSCO";"SANTIAGO";"GOBIERNO REGIONAL";"III-1";"00002305";"ANTONIO LORENA DEL CUSCO";"244000";"HOSPITALIZACIÓN DE MEDICINA CARDIOLOGIA ";"36";"28";"241";"195";"10";"300";"1"
"2023";"06";"080106";"CUSCO";"CUSCO";"SANTIAGO";"GOBIERNO REGIONAL";"III-1";"00002305";"ANTONIO LORENA DEL CUSCO";"241900";"HOSPITALIZACIÓN DE MEDICINA MEDICINA INTERNA ";"112";"85";"659";"662";"28";"840";"3"
"2023";"06";"080106";"CUSCO";"CUSCO";"SANTIAGO";"GOBIERNO REGIONAL";"III-1";"00002305";"ANTONIO LORENA DEL CUSCO";"245300";"HOSPITALIZACIÓN DE MEDICINA NEUMOLOGÍA  ";"39";"32";"220";"201";"9";"270";"1"
"2023";"06";"080106";"CUSCO";"CUSCO";"SANTIAGO";"GOBIERNO REGIONAL";"III-1";"00002305";"ANTONIO LORENA DEL CUSCO";"242204";"HOSPITALIZACIÓN DE MEDICINA PSIQUIATRÍA REHABILITACIÓN PSIQUIÁTRICA / REINSERCIÓN ";"23";"14";"325";"290";"10";"300";"0"
"2023";"06";"080106";"CUSCO";"CUSCO";"SANTIAGO";"GOBIERNO REGIONAL";"III-1";"00002305";"ANTONIO LORENA DEL CUSCO";"242000";"HOSPITALIZACIÓN DE MEDICINA MEDICINA TROPICAL E INFECCIOSAS ";"16";"13";"106";"131";"8";"240";"0"
"2023";"06";"080106";"CUSCO";"CUSCO";"SANTIAGO";"GOBIERNO REGIONAL";"III-1";"00002305";"ANTONIO LORENA DEL CUSCO";"241000";"HOSPITALIZACIÓN QUIRÚRGICA ONCOLOGÍA QUIRÚRGICA  ";"26";"20";"150";"164";"7";"210";"0"
"2023";"06";"040101";"AREQUIPA";"AREQUIPA";"AREQUIPA";"PRIVADO";"II-E";"00024208";"PRAXIS MEDICAL S.A.C.";"240800";"HOSPITALIZACIÓN QUIRÚRGICA CIRUGÍA PLÁSTICA/RECONSTRUCTIVA/ REPARADORA ";"7";"8";"18";"18";"12";"360";"0"
"2023";"06";"120808";"JUNIN";"YAULI";"SANTA ROSA DE SACCO";"ESSALUD";"II-1";"00008653";"HOSPITAL II ALBERTO HURTADO ABADIA";"241800";"HOSPITALIZACIÓN DE MEDICINA MEDICINA GENERAL ";"27";"32";"174";"174";"18";"525";"0"
"2023";"06";"120808";"JUNIN";"YAULI";"SANTA ROSA DE SACCO";"ESSALUD";"II-1";"00008653";"HOSPITAL II ALBERTO HURTADO ABADIA";"240100";"HOSPITALIZACIÓN QUIRÚRGICA CIRUGÍA GENERAL ";"39";"34";"147";"138";"8";"237";"0"
"2023";"06";"120808";"JUNIN";"YAULI";"SANTA ROSA DE SACCO";"ESSALUD";"II-1";"00008653";"HOSPITAL II ALBERTO HURTADO ABADIA";"241200";"HOSPITALIZACIÓN QUIRÚRGICA TRAUMATOLOGÍA Y ORTOPEDIA ";"34";"34";"151";"139";"8";"239";"0"
"2023";"06";"120808";"JUNIN";"YAULI";"SANTA ROSA DE SACCO";"ESSALUD";"II-1";"00008653";"HOSPITAL II ALBERTO HURTADO ABADIA";"241500";"HOSPITALIZACIÓN QUIRÚRGICA GINECOLOGÍA  ";"14";"13";"34";"27";"3";"88";"0"
"2023";"06";"120808";"JUNIN";"YAULI";"SANTA ROSA DE SACCO";"ESSALUD";"II-1";"00008653";"HOSPITAL II ALBERTO HURTADO ABADIA";"241600";"HOSPITALIZACIÓN QUIRÚRGICA OBSTETRICIA   ";"23";"25";"76";"69";"5";"152";"0"
"2023";"06";"120808";"JUNIN";"YAULI";"SANTA ROSA DE SACCO";"ESSALUD";"II-1";"00008653";"HOSPITAL II ALBERTO HURTADO ABADIA";"242300";"HOSPITALIZACIÓN DE PEDIATRÍA  PEDIATRÍA  GENERAL ";"35";"34";"100";"85";"3";"109";"0"
"2023";"06";"120808";"JUNIN";"YAULI";"SANTA ROSA DE SACCO";"ESSALUD";"II-1";"00008653";"HOSPITAL II ALBERTO HURTADO ABADIA";"250304";"HOSPIT. EN UNIDAD DE CUID.INTEN.-UNIDAD DE VIGILANCIA INTENSIVA (UVI)-MEDICINA";"8";"9";"92";"51";"3";"90";"1"
"2023";"06";"061007";"CAJAMARCA";"SAN MARCOS";"JOSE SABOGAL";"GOBIERNO REGIONAL";"I-1";"00004496";"TINYAYOC";"NE_0001";"";"NE_0001";"NE_0001";"NE_0001";"NE_0001";"NE_0001";"NE_0001";"NE_0001"
"2023";"06";"061007";"CAJAMARCA";"SAN MARCOS";"JOSE SABOGAL";"GOBIERNO REGIONAL";"I-2";"00004497";"MALAT";"NE_0001";"";"NE_0001";"NE_0001";"NE_0001";"NE_0001";"NE_0001";"NE_0001";"NE_0001"
"2023";"06";"061007";"CAJAMARCA";"SAN MARCOS";"JOSE SABOGAL";"GOBIERNO REGIONAL";"I-1";"00004499";"MATIBAMBA";"NE_0001";"";"NE_0001";"NE_0001";"NE_0001";"NE_0001";"NE_0001";"NE_0001";"NE_0001"
"2023";"06";"061007";"CAJAMARCA";"SAN MARCOS";"JOSE SABOGAL";"GOBIERNO REGIONAL";"I-1";"00004495";"HUAGAL";"NE_0001";"";"NE_0001";"NE_0001";"NE_0001";"NE_0001";"NE_0001";"NE_0001";"NE_0001"
"2023";"06";"061007";"CAJAMARCA";"SAN MARCOS";"JOSE SABOGAL";"GOBIERNO REGIONAL";"I-2";"00004498";"LICLICONGA";"NE_0001";"";"NE_0001";"NE_0001";"NE_0001";"NE_0001";"NE_0001";"NE_0001";"NE_0001"
"2023";"06";"061007";"CAJAMARCA";"SAN MARCOS";"JOSE SABOGAL";"GOBIERNO REGIONAL";"I-3";"00004500";"JOSE SABOGAL";"NE_0001";"";"NE_0001";"NE_0001";"NE_0001";"NE_0001";"NE_0001";"NE_0001";"NE_0001"
"2023";"06";"040119";"AREQUIPA";"AREQUIPA";"SAN JUAN DE TARUCANI";"GOBIERNO REGIONAL";"I-2";"00001319";"PUESTO DE SALUD SAN JUAN DE TARUCANI";"NE_0001";"";"NE_0001";"NE_0001";"NE_0001";"NE_0001";"NE_0001";"NE_0001";"NE_0001"
"2023";"06";"040106";"AREQUIPA";"AREQUIPA";"CHIGUATA";"GOBIERNO REGIONAL";"I-3";"00001299";"CENTRO DE SALUD CHIGUATA";"NE_0001";"";"NE_0001";"NE_0001";"NE_0001";"NE_0001";"NE_0001";"NE_0001";"NE_0001"
"2023";"06";"040119";"AREQUIPA";"AREQUIPA";"SAN JUAN DE TARUCANI";"GOBIERNO REGIONAL";"I-2";"00001321";"PUESTO DE SALUD SALINAS HUITO";"NE_0001";"";"NE_0001";"NE_0001";"NE_0001";"NE_0001";"NE_0001";"NE_0001";"NE_0001"
"2023";"06";"040106";"AREQUIPA";"AREQUIPA";"CHIGUATA";"GOBIERNO REGIONAL";"I-2";"00001320";"PUESTO DE SALUD ARENALES";"NE_0001";"";"NE_0001";"NE_0001";"NE_0001";"NE_0001";"NE_0001";"NE_0001";"NE_0001"
"2023";"06";"010701";"AMAZONAS";"UTCUBAMBA";"BAGUA GRANDE";"GOBIERNO REGIONAL";"II-1";"00005125";"HOSPITAL  SANTIAGO APOSTOL DE UTCUBAMBA";"240100";"HOSPITALIZACIÓN QUIRÚRGICA CIRUGÍA GENERAL ";"41";"88";"132";"132";"8";"248";"0"
"2023";"06";"010701";"AMAZONAS";"UTCUBAMBA";"BAGUA GRANDE";"GOBIERNO REGIONAL";"II-1";"00005125";"HOSPITAL  SANTIAGO APOSTOL DE UTCUBAMBA";"241200";"HOSPITALIZACIÓN QUIRÚRGICA TRAUMATOLOGÍA Y ORTOPEDIA ";"15";"24";"28";"28";"2";"62";"0"
"2023";"06";"010701";"AMAZONAS";"UTCUBAMBA";"BAGUA GRANDE";"GOBIERNO REGIONAL";"II-1";"00005125";"HOSPITAL  SANTIAGO APOSTOL DE UTCUBAMBA";"241400";"HOSPITALIZACIÓN QUIRÚRGICA GINECO - OBSTETRICIA ";"20";"42";"29";"29";"2";"62";"0"
"2023";"06";"010701";"AMAZONAS";"UTCUBAMBA";"BAGUA GRANDE";"GOBIERNO REGIONAL";"II-1";"00005125";"HOSPITAL  SANTIAGO APOSTOL DE UTCUBAMBA";"241600";"HOSPITALIZACIÓN QUIRÚRGICA OBSTETRICIA   ";"130";"261";"192";"192";"15";"465";"0"
"2023";"06";"010701";"AMAZONAS";"UTCUBAMBA";"BAGUA GRANDE";"GOBIERNO REGIONAL";"II-1";"00005125";"HOSPITAL  SANTIAGO APOSTOL DE UTCUBAMBA";"241800";"HOSPITALIZACIÓN DE MEDICINA MEDICINA GENERAL ";"32";"70";"142";"142";"11";"341";"0"
"2023";"06";"010701";"AMAZONAS";"UTCUBAMBA";"BAGUA GRANDE";"GOBIERNO REGIONAL";"II-1";"00005125";"HOSPITAL  SANTIAGO APOSTOL DE UTCUBAMBA";"242500";"HOSPITALIZACIÓN-PEDIATRÍA GENERAL-";"48";"93";"121";"121";"8";"248";"0"
"2023";"06";"010701";"AMAZONAS";"UTCUBAMBA";"BAGUA GRANDE";"GOBIERNO REGIONAL";"II-1";"00005125";"HOSPITAL  SANTIAGO APOSTOL DE UTCUBAMBA";"243200";"HOSPITALIZACIÓN DE PEDIATRÍA PEDIATRIA NEONATOLOGÍA";"18";"39";"38";"38";"7";"217";"0"
"2023";"06";"010701";"AMAZONAS";"UTCUBAMBA";"BAGUA GRANDE";"GOBIERNO REGIONAL";"II-1";"00005125";"HOSPITAL  SANTIAGO APOSTOL DE UTCUBAMBA";"250304";"HOSPIT. EN UNIDAD DE CUID.INTEN.-UNIDAD DE VIGILANCIA INTENSIVA (UVI)-MEDICINA";"17";"30";"49";"49";"5";"155";"6"
"2023";"06";"220401";"SAN MARTIN";"HUALLAGA";"SAPOSOA";"GOBIERNO REGIONAL";"I-1";"00006535";"SAN REGIS";"NE_0001";"";"NE_0001";"NE_0001";"NE_0001";"NE_0001";"NE_0001";"NE_0001";"NE_0001"
"2023";"06";"220402";"SAN MARTIN";"HUALLAGA";"ALTO SAPOSOA";"GOBIERNO REGIONAL";"I-1";"00006540";"NUEVA VIDA";"NE_0001";"";"NE_0001";"NE_0001";"NE_0001";"NE_0001";"NE_0001";"NE_0001";"NE_0001"
"2023";"06";"140201";"LAMBAYEQUE";"FERREÑAFE";"FERREÑAFE";"GOBIERNO REGIONAL";"II-1";"00004440";"HOSPITAL PROVINCIA DE FERREÑAFE (HP_F)";"241600";"HOSPITALIZACIÓN QUIRÚRGICA OBSTETRICIA   ";"67";"69";"100";"194";"11";"330";"0"
"2023";"06";"140201";"LAMBAYEQUE";"FERREÑAFE";"FERREÑAFE";"GOBIERNO REGIONAL";"II-1";"00004440";"HOSPITAL PROVINCIA DE FERREÑAFE (HP_F)";"240000";"HOSPITALIZACIÓN";"74";"76";"239";"217";"17";"510";"0"
"2023";"06";"220401";"SAN MARTIN";"HUALLAGA";"SAPOSOA";"GOBIERNO REGIONAL";"I-1";"00006534";"SAN ANDRES";"NE_0001";"";"NE_0001";"NE_0001";"NE_0001";"NE_0001";"NE_0001";"NE_0001";"NE_0001"
"2023";"06";"220401";"SAN MARTIN";"HUALLAGA";"SAPOSOA";"GOBIERNO REGIONAL";"I-1";"00006531";"ALMENDRAS";"NE_0001";"";"NE_0001";"NE_0001";"NE_0001";"NE_0001";"NE_0001";"NE_0001";"NE_0001"
"2023";"06";"220404";"SAN MARTIN";"HUALLAGA";"PISCOYACU";"GOBIERNO REGIONAL";"I-1";"00006533";"PISCOYACU";"NE_0001";"";"NE_0001";"NE_0001";"NE_0001";"NE_0001";"NE_0001";"NE_0001";"NE_0001"
"2023";"06";"220401";"SAN MARTIN";"HUALLAGA";"SAPOSOA";"GOBIERNO REGIONAL";"I-1";"00021587";"ALTO PACHIZA";"NE_0001";"";"NE_0001";"NE_0001";"NE_0001";"NE_0001";"NE_0001";"NE_0001";"NE_0001"
"2023";"06";"220401";"SAN MARTIN";"HUALLAGA";"SAPOSOA";"GOBIERNO REGIONAL";"I-1";"00006532";"PALTAICO";"NE_0001";"";"NE_0001";"NE_0001";"NE_0001";"NE_0001";"NE_0001";"NE_0001";"NE_0001"
"2023";"06";"220401";"SAN MARTIN";"HUALLAGA";"SAPOSOA";"GOBIERNO REGIONAL";"I-1";"00006530";"7 DE JUNIO-AHUIHUA";"NE_0001";"";"NE_0001";"NE_0001";"NE_0001";"NE_0001";"NE_0001";"NE_0001";"NE_0001"
"2023";"06";"220402";"SAN MARTIN";"HUALLAGA";"ALTO SAPOSOA";"GOBIERNO REGIONAL";"I-1";"00006541";"YACUSISA";"NE_0001";"";"NE_0001";"NE_0001";"NE_0001";"NE_0001";"NE_0001";"NE_0001";"NE_0001"
"2023";"06";"220401";"SAN MARTIN";"HUALLAGA";"SAPOSOA";"GOBIERNO REGIONAL";"I-3";"00006538";"EL DORADO";"NE_0001";"";"NE_0001";"NE_0001";"NE_0001";"NE_0001";"NE_0001";"NE_0001";"NE_0001"
"2023";"06";"220401";"SAN MARTIN";"HUALLAGA";"SAPOSOA";"GOBIERNO REGIONAL";"I-3";"00006538";"EL DORADO";"241600";"HOSPITALIZACIÓN QUIRÚRGICA OBSTETRICIA   ";"3";"3";"3";"8";"4";"30";"0"
"2023";"06";"220401";"SAN MARTIN";"HUALLAGA";"SAPOSOA";"GOBIERNO REGIONAL";"I-1";"00006536";"INTIYACU";"NE_0001";"";"NE_0001";"NE_0001";"NE_0001";"NE_0001";"NE_0001";"NE_0001";"NE_0001"
"2023";"06";"220401";"SAN MARTIN";"HUALLAGA";"SAPOSOA";"GOBIERNO REGIONAL";"I-1";"00006537";"CHAMBIRA";"NE_0001";"";"NE_0001";"NE_0001";"NE_0001";"NE_0001";"NE_0001";"NE_0001";"NE_0001"
"2023";"06";"220402";"SAN MARTIN";"HUALLAGA";"ALTO SAPOSOA";"GOBIERNO REGIONAL";"I-2";"00006539";"PASARRAYA";"NE_0001";"";"NE_0001";"NE_0001";"NE_0001";"NE_0001";"NE_0001";"NE_0001";"NE_0001"
"2023";"06";"220401";"SAN MARTIN";"HUALLAGA";"SAPOSOA";"GOBIERNO REGIONAL";"I-1";"00026163";"AGUA AZUL";"NE_0001";"";"NE_0001";"NE_0001";"NE_0001";"NE_0001";"NE_0001";"NE_0001";"NE_0001"
"2023";"06";"220401";"SAN MARTIN";"HUALLAGA";"SAPOSOA";"GOBIERNO REGIONAL";"I-1";"00006534";"SAN ANDRES";"NE_0001";"";"NE_0001";"NE_0001";"NE_0001";"NE_0001";"NE_0001";"NE_0001";"NE_0001"
"2023";"06";"220401";"SAN MARTIN";"HUALLAGA";"SAPOSOA";"GOBIERNO REGIONAL";"I-1";"00006535";"SAN REGIS";"NE_0001";"";"NE_0001";"NE_0001";"NE_0001";"NE_0001";"NE_0001";"NE_0001";"NE_0001"
"2023";"06";"220402";"SAN MARTIN";"HUALLAGA";"ALTO SAPOSOA";"GOBIERNO REGIONAL";"I-1";"00006540";"NUEVA VIDA";"NE_0001";"";"NE_0001";"NE_0001";"NE_0001";"NE_0001";"NE_0001";"NE_0001";"NE_0001"
"2023";"03";"150103";"LIMA";"LIMA";"ATE";"PRIVADO";"II-1";"00018584";"CLINICA MARIA DEL SOCORRO";"240000";"HOSPITALIZACIÓN";"202";"200";"311";"342";"20";"620";"0"
"2023";"04";"080910";"CUSCO";"LA CONVENCION";"PICHARI";"SANIDAD DE LA POLICIA NACIONAL DEL PERU";"I-2";"00027230";"MEDICA POLICIAL PICHARI";"NE_0001";"";"NE_0001";"NE_0001";"NE_0001";"NE_0001";"NE_0001";"NE_0001";"NE_0001"
"2023";"04";"200104";"PIURA";"PIURA";"CASTILLA";"ESSALUD";"II-E";"00016363";"INSTITUTO PERUANO DE OFTALMOLOGIA";"240000";"HOSPITALIZACIÓN";"89";"95";"97";"186";"6";"180";"0"
"2023";"04";"160101";"LORETO";"MAYNAS";"IQUITOS";"ESSALUD";"I-3";"00011408";"CAP III IQUITOS";"NE_0001";"";"NE_0001";"NE_0001";"NE_0001";"NE_0001";"NE_0001";"NE_0001";"NE_0001"
"2023";"04";"060801";"CAJAMARCA";"JAEN";"JAEN";"ESSALUD";"II-1";"00010136";"HOSPITAL II-1 CLINICA JAEN";"241800";"HOSPITALIZACIÓN DE MEDICINA MEDICINA GENERAL ";"99";"86";"338";"299";"11";"335";"0"
"2023";"04";"060801";"CAJAMARCA";"JAEN";"JAEN";"ESSALUD";"II-1";"00010136";"HOSPITAL II-1 CLINICA JAEN";"240100";"HOSPITALIZACIÓN QUIRÚRGICA CIRUGÍA GENERAL ";"59";"50";"178";"138";"9";"190";"0"
"2023";"04";"060801";"CAJAMARCA";"JAEN";"JAEN";"ESSALUD";"II-1";"00010136";"HOSPITAL II-1 CLINICA JAEN";"241400";"HOSPITALIZACIÓN QUIRÚRGICA GINECO - OBSTETRICIA ";"65";"62";"108";"177";"6";"220";"0"
"2023";"04";"060801";"CAJAMARCA";"JAEN";"JAEN";"ESSALUD";"II-1";"00010136";"HOSPITAL II-1 CLINICA JAEN";"242300";"HOSPITALIZACIÓN DE PEDIATRÍA  PEDIATRÍA  GENERAL ";"78";"102";"160";"188";"6";"215";"0"
"2023";"04";"120302";"JUNIN";"CHANCHAMAYO";"PERENE";"GOBIERNO REGIONAL";"I-1";"00000327";"ALTO PUMPURIANI";"NE_0001";"";"NE_0001";"NE_0001";"NE_0001";"NE_0001";"NE_0001";"NE_0001";"NE_0001"
"2023";"04";"120302";"JUNIN";"CHANCHAMAYO";"PERENE";"GOBIERNO REGIONAL";"I-1";"00000335";"ZONA PATRIA";"NE_0001";"";"NE_0001";"NE_0001";"NE_0001";"NE_0001";"NE_0001";"NE_0001";"NE_0001"
"2023";"04";"120302";"JUNIN";"CHANCHAMAYO";"PERENE";"GOBIERNO REGIONAL";"I-3";"00000320";"PUERTO YURINAKI";"NE_0001";"";"NE_0001";"NE_0001";"NE_0001";"NE_0001";"NE_0001";"NE_0001";"NE_0001"
"2023";"04";"120302";"JUNIN";"CHANCHAMAYO";"PERENE";"GOBIERNO REGIONAL";"I-2";"00000325";"CENTRO POBLADO MENOR LA FLORIDA";"NE_0001";"";"NE_0001";"NE_0001";"NE_0001";"NE_0001";"NE_0001";"NE_0001";"NE_0001"
"2023";"04";"120302";"JUNIN";"CHANCHAMAYO";"PERENE";"GOBIERNO REGIONAL";"I-1";"00000329";"HUACAMAYO";"NE_0001";"";"NE_0001";"NE_0001";"NE_0001";"NE_0001";"NE_0001";"NE_0001";"NE_0001"
"2023";"04";"120304";"JUNIN";"CHANCHAMAYO";"SAN LUIS DE SHUARO";"GOBIERNO REGIONAL";"I-1";"00000336";"ALTO YAPAZ";"NE_0001";"";"NE_0001";"NE_0001";"NE_0001";"NE_0001";"NE_0001";"NE_0001";"NE_0001"
"2023";"04";"120302";"JUNIN";"CHANCHAMAYO";"PERENE";"GOBIERNO REGIONAL";"I-4";"00000318";"VILLA PERENE";"241800";"HOSPITALIZACIÓN DE MEDICINA MEDICINA GENERAL ";"15";"15";"57";"61";"9";"279";"0"
"2023";"04";"120302";"JUNIN";"CHANCHAMAYO";"PERENE";"GOBIERNO REGIONAL";"I-4";"00000318";"VILLA PERENE";"241600";"HOSPITALIZACIÓN QUIRÚRGICA OBSTETRICIA   ";"09";"06";"12";"19";"3";"93";"0"
"2023";"04";"120302";"JUNIN";"CHANCHAMAYO";"PERENE";"GOBIERNO REGIONAL";"I-2";"00000319";"BAJO MARANKIARI";"NE_0001";"";"NE_0001";"NE_0001";"NE_0001";"NE_0001";"NE_0001";"NE_0001";"NE_0001"
"2023";"04";"120302";"JUNIN";"CHANCHAMAYO";"PERENE";"GOBIERNO REGIONAL";"I-1";"00000326";"SANTA ROSA DE RIO AMARILLO";"NE_0001";"";"NE_0001";"NE_0001";"NE_0001";"NE_0001";"NE_0001";"NE_0001";"NE_0001"
"2023";"04";"120302";"JUNIN";"CHANCHAMAYO";"PERENE";"GOBIERNO REGIONAL";"I-1";"00000332";"ALTO SAN JUAN";"NE_0001";"";"NE_0001";"NE_0001";"NE_0001";"NE_0001";"NE_0001";"NE_0001";"NE_0001"
"2023";"04";"120302";"JUNIN";"CHANCHAMAYO";"PERENE";"GOBIERNO REGIONAL";"I-1";"00000333";"CENTRO TOTERANI";"NE_0001";"";"NE_0001";"NE_0001";"NE_0001";"NE_0001";"NE_0001";"NE_0001";"NE_0001"
"2023";"04";"120302";"JUNIN";"CHANCHAMAYO";"PERENE";"GOBIERNO REGIONAL";"I-1";"00007319";"SANTA ROSA TOTERANI";"NE_0001";"";"NE_0001";"NE_0001";"NE_0001";"NE_0001";"NE_0001";"NE_0001";"NE_0001"
"2023";"04";"120302";"JUNIN";"CHANCHAMAYO";"PERENE";"GOBIERNO REGIONAL";"I-2";"00014385";"MARISCAL CACERES";"NE_0001";"";"NE_0001";"NE_0001";"NE_0001";"NE_0001";"NE_0001";"NE_0001";"NE_0001"
"2023";"04";"120302";"JUNIN";"CHANCHAMAYO";"PERENE";"GOBIERNO REGIONAL";"I-1";"00000331";"LOS ANGELES TOTERANI";"NE_0001";"";"NE_0001";"NE_0001";"NE_0001";"NE_0001";"NE_0001";"NE_0001";"NE_0001"
"2023";"04";"120302";"JUNIN";"CHANCHAMAYO";"PERENE";"GOBIERNO REGIONAL";"I-2";"00000321";"ALTO YURINAKI";"NE_0001";"";"NE_0001";"NE_0001";"NE_0001";"NE_0001";"NE_0001";"NE_0001";"NE_0001"
"2023";"05";"220203";"SAN MARTIN";"BELLAVISTA";"BAJO BIAVO";"GOBIERNO REGIONAL";"I-1";"00006520";"NUEVO TARAPOTO";"NE_0002";"";"NE_0002";"NE_0002";"NE_0002";"NE_0002";"NE_0002";"NE_0002";"NE_0002"
"2023";"05";"220203";"SAN MARTIN";"BELLAVISTA";"BAJO BIAVO";"GOBIERNO REGIONAL";"I-1";"00006523";"SANTA ELENA";"NE_0002";"";"NE_0002";"NE_0002";"NE_0002";"NE_0002";"NE_0002";"NE_0002";"NE_0002"
"2023";"05";"220203";"SAN MARTIN";"BELLAVISTA";"BAJO BIAVO";"GOBIERNO REGIONAL";"I-4";"00006519";"NUEVO LIMA";"NE_0002";"";"NE_0002";"NE_0002";"NE_0002";"NE_0002";"NE_0002";"NE_0002";"NE_0002"
"2023";"05";"220203";"SAN MARTIN";"BELLAVISTA";"BAJO BIAVO";"GOBIERNO REGIONAL";"I-1";"00006522";"LA UNION";"NE_0002";"";"NE_0002";"NE_0002";"NE_0002";"NE_0002";"NE_0002";"NE_0002";"NE_0002"
"2023";"05";"220203";"SAN MARTIN";"BELLAVISTA";"BAJO BIAVO";"GOBIERNO REGIONAL";"I-1";"00006521";"DOS UNIDOS";"NE_0002";"";"NE_0002";"NE_0002";"NE_0002";"NE_0002";"NE_0002";"NE_0002";"NE_0002"
"2023";"05";"220203";"SAN MARTIN";"BELLAVISTA";"BAJO BIAVO";"GOBIERNO REGIONAL";"I-1";"00011343";"YANAYACU";"NE_0002";"";"NE_0002";"NE_0002";"NE_0002";"NE_0002";"NE_0002";"NE_0002";"NE_0002"
"2023";"05";"150122";"LIMA";"LIMA";"MIRAFLORES";"PRIVADO";"III-1";"00019049";"AUNA CLÍNICA DELGADO";"240000";"HOSPITALIZACIÓN";"475";"721";"2878";"2407";"127";"3937";"3"
"2023";"05";"150122";"LIMA";"LIMA";"MIRAFLORES";"PRIVADO";"III-1";"00019049";"AUNA CLÍNICA DELGADO";"250100";"UNIDAD DE CUIDADOS CRITICOS UNIDAD  DE CUIDADOS INTENSIVOS GENERALES (UCI) ";"22";"2";"8";"117";"15";"465";"0"
"2023";"05";"150122";"LIMA";"LIMA";"MIRAFLORES";"PRIVADO";"III-1";"00019049";"AUNA CLÍNICA DELGADO";"250105";"UNIDAD DE CUIDADOS CRITICOS UNIDAD  DE CUIDADOS INTENSIVOS  (UCI) NEONATOLOGÍA";"4";"9";"56";"37";"10";"310";"0"
"2023";"05";"150122";"LIMA";"LIMA";"MIRAFLORES";"PRIVADO";"III-1";"00019049";"AUNA CLÍNICA DELGADO";"250108";"UNIDAD DE CUIDADOS CRITICOS UNIDAD  DE CUIDADOS INTENSIVOS  (UCI) PEDIÁTRICA";"0";"0";"0";"48";"3";"93";"0"
"2023";"05";"150116";"LIMA";"LIMA";"LINCE";"PRIVADO";"I-3";"00017909";"POLICLINICO RISSO";"NE_0001";"";"NE_0001";"NE_0001";"NE_0001";"NE_0001";"NE_0001";"NE_0001";"NE_0001"
"2023";"06";"150103";"LIMA";"LIMA";"ATE";"SANIDAD DE LA POLICIA NACIONAL DEL PERU";"I-3";"00012275";"POLICLINICO PNP DINOES";"NE_0001";"";"NE_0001";"NE_0001";"NE_0001";"NE_0001";"NE_0001";"NE_0001";"NE_0001"
"2023";"06";"150122";"LIMA";"LIMA";"MIRAFLORES";"PRIVADO";"II-E";"00028941";"Instituto de Glaucoma y Catarata";"NE_0001";"";"NE_0001";"NE_0001";"NE_0001";"NE_0001";"NE_0001";"NE_0001";"NE_0001"
"2023";"06";"150140";"LIMA";"LIMA";"SANTIAGO DE SURCO";"PRIVADO";"II-E";"00024304";"CLINICA BINOMIUM";"NE_0002";"";"NE_0002";"NE_0002";"NE_0002";"NE_0002";"NE_0002";"NE_0002";"NE_0002"
"2023";"05";"221005";"SAN MARTIN";"TOCACHE";"UCHIZA";"ESSALUD";"I-2";"00010704";"POSTA MEDICA UCHIZA";"NE_0001";"";"NE_0001";"NE_0001";"NE_0001";"NE_0001";"NE_0001";"NE_0001";"NE_0001"
"2023";"06";"050904";"AYACUCHO";"SUCRE";"CHILCAYOC";"GOBIERNO REGIONAL";"I-2";"00003805";"PUESTO DE SALUD CHILCAYOCC";"NE_0001";"";"NE_0001";"NE_0001";"NE_0001";"NE_0001";"NE_0001";"NE_0001";"NE_0001"
"2023";"06";"050909";"AYACUCHO";"SUCRE";"SAN SALVADOR DE QUIJE";"GOBIERNO REGIONAL";"I-1";"00003806";"PUESTO DE SALUD SAN SALVADOR DE QUIJE";"NE_0001";"";"NE_0001";"NE_0001";"NE_0001";"NE_0001";"NE_0001";"NE_0001";"NE_0001"
"2023";"06";"050907";"AYACUCHO";"SUCRE";"PAICO";"GOBIERNO REGIONAL";"I-1";"00003813";"PUESTO DE SALUD PAICO";"NE_0001";"";"NE_0001";"NE_0001";"NE_0001";"NE_0001";"NE_0001";"NE_0001";"NE_0001"
"2023";"06";"050905";"AYACUCHO";"SUCRE";"HUACAÑA";"GOBIERNO REGIONAL";"I-1";"00003719";"PUESTO DE SALUD HUACAÑA";"NE_0001";"";"NE_0001";"NE_0001";"NE_0001";"NE_0001";"NE_0001";"NE_0001";"NE_0001"
"2023";"06";"050901";"AYACUCHO";"SUCRE";"QUEROBAMBA";"GOBIERNO REGIONAL";"I-1";"00003802";"PUESTO DE SALUD POTONGO";"NE_0001";"";"NE_0001";"NE_0001";"NE_0001";"NE_0001";"NE_0001";"NE_0001";"NE_0001"
"2023";"06";"050910";"AYACUCHO";"SUCRE";"SANTIAGO DE PAUCARAY";"GOBIERNO REGIONAL";"I-1";"00007096";"PUESTO DE SALUD AUTAMA";"NE_0001";"";"NE_0001";"NE_0001";"NE_0001";"NE_0001";"NE_0001";"NE_0001";"NE_0001"
"2023";"06";"050906";"AYACUCHO";"SUCRE";"MORCOLLA";"GOBIERNO REGIONAL";"I-1";"00003812";"PUESTO DE SALUD HUACO";"NE_0001";"";"NE_0001";"NE_0001";"NE_0001";"NE_0001";"NE_0001";"NE_0001";"NE_0001"
"2023";"06";"050901";"AYACUCHO";"SUCRE";"QUEROBAMBA";"GOBIERNO REGIONAL";"I-1";"00003809";"PUESTO DE SALUD CHONTA";"NE_0001";"";"NE_0001";"NE_0001";"NE_0001";"NE_0001";"NE_0001";"NE_0001";"NE_0001"
"2023";"06";"050906";"AYACUCHO";"SUCRE";"MORCOLLA";"GOBIERNO REGIONAL";"I-1";"00003810";"PUESTO DE SALUD MORCOLLA";"NE_0001";"";"NE_0001";"NE_0001";"NE_0001";"NE_0001";"NE_0001";"NE_0001";"NE_0001"
"2023";"06";"050906";"AYACUCHO";"SUCRE";"MORCOLLA";"GOBIERNO REGIONAL";"I-1";"00003811";"PUESTO DE SALUD TINTAY";"NE_0001";"";"NE_0001";"NE_0001";"NE_0001";"NE_0001";"NE_0001";"NE_0001";"NE_0001"
"2023";"06";"050907";"AYACUCHO";"SUCRE";"PAICO";"GOBIERNO REGIONAL";"I-1";"00003814";"PUESTO DE SALUD SIHUE";"NE_0001";"";"NE_0001";"NE_0001";"NE_0001";"NE_0001";"NE_0001";"NE_0001";"NE_0001"
"2023";"06";"050910";"AYACUCHO";"SUCRE";"SANTIAGO DE PAUCARAY";"GOBIERNO REGIONAL";"I-1";"00003816";"PUESTO DE SALUD SANTIAGO DE PAUCARAY";"NE_0001";"";"NE_0001";"NE_0001";"NE_0001";"NE_0001";"NE_0001";"NE_0001";"NE_0001"
"2023";"06";"050911";"AYACUCHO";"SUCRE";"SORAS";"GOBIERNO REGIONAL";"I-3";"00003818";"CENTRO DE SALUD SORAS";"NE_0002";"";"NE_0002";"NE_0002";"NE_0002";"NE_0002";"NE_0002";"NE_0002";"NE_0002"
"2023";"06";"050902";"AYACUCHO";"SUCRE";"BELEN";"GOBIERNO REGIONAL";"I-1";"00003803";"PUESTO DE SALUD BELEN";"NE_0001";"";"NE_0001";"NE_0001";"NE_0001";"NE_0001";"NE_0001";"NE_0001";"NE_0001"
"2023";"06";"050909";"AYACUCHO";"SUCRE";"SAN SALVADOR DE QUIJE";"GOBIERNO REGIONAL";"I-1";"00003807";"PUESTO DE SALUD SANTIAGO DE PALLCCA";"NE_0001";"";"NE_0001";"NE_0001";"NE_0001";"NE_0001";"NE_0001";"NE_0001";"NE_0001"
"2023";"06";"050903";"AYACUCHO";"SUCRE";"CHALCOS";"GOBIERNO REGIONAL";"I-1";"00003804";"PUESTO DE SALUD CHALCOS";"NE_0001";"";"NE_0001";"NE_0001";"NE_0001";"NE_0001";"NE_0001";"NE_0001";"NE_0001"
"2023";"06";"050908";"AYACUCHO";"SUCRE";"SAN PEDRO DE LARCAY";"GOBIERNO REGIONAL";"I-2";"00003815";"SAN PEDRO DE LARCAY";"NE_0001";"";"NE_0001";"NE_0001";"NE_0001";"NE_0001";"NE_0001";"NE_0001";"NE_0001"
"2023";"06";"050910";"AYACUCHO";"SUCRE";"SANTIAGO DE PAUCARAY";"GOBIERNO REGIONAL";"I-1";"00003817";"PUESTO DE SALUD ATIHUARA";"NE_0001";"";"NE_0001";"NE_0001";"NE_0001";"NE_0001";"NE_0001";"NE_0001";"NE_0001"
"2023";"06";"050909";"AYACUCHO";"SUCRE";"SAN SALVADOR DE QUIJE";"GOBIERNO REGIONAL";"I-1";"00006900";"PUESTO DE SALUD VISTA ALEGRE - SUCRE";"NE_0001";"";"NE_0001";"NE_0001";"NE_0001";"NE_0001";"NE_0001";"NE_0001";"NE_0001"
"2023";"06";"050904";"AYACUCHO";"SUCRE";"CHILCAYOC";"GOBIERNO REGIONAL";"I-2";"00003805";"PUESTO DE SALUD CHILCAYOCC";"NE_0001";"";"NE_0001";"NE_0001";"NE_0001";"NE_0001";"NE_0001";"NE_0001";"NE_0001"
"2023";"06";"050909";"AYACUCHO";"SUCRE";"SAN SALVADOR DE QUIJE";"GOBIERNO REGIONAL";"I-1";"00003806";"PUESTO DE SALUD SAN SALVADOR DE QUIJE";"NE_0001";"";"NE_0001";"NE_0001";"NE_0001";"NE_0001";"NE_0001";"NE_0001";"NE_0001"
"2023";"06";"050907";"AYACUCHO";"SUCRE";"PAICO";"GOBIERNO REGIONAL";"I-1";"00003813";"PUESTO DE SALUD PAICO";"NE_0001";"";"NE_0001";"NE_0001";"NE_0001";"NE_0001";"NE_0001";"NE_0001";"NE_0001"
"2023";"06";"050905";"AYACUCHO";"SUCRE";"HUACAÑA";"GOBIERNO REGIONAL";"I-1";"00003719";"PUESTO DE SALUD HUACAÑA";"NE_0001";"";"NE_0001";"NE_0001";"NE_0001";"NE_0001";"NE_0001";"NE_0001";"NE_0001"
"2023";"06";"050901";"AYACUCHO";"SUCRE";"QUEROBAMBA";"GOBIERNO REGIONAL";"I-1";"00003802";"PUESTO DE SALUD POTONGO";"NE_0001";"";"NE_0001";"NE_0001";"NE_0001";"NE_0001";"NE_0001";"NE_0001";"NE_0001"
"2023";"06";"050910";"AYACUCHO";"SUCRE";"SANTIAGO DE PAUCARAY";"GOBIERNO REGIONAL";"I-1";"00007096";"PUESTO DE SALUD AUTAMA";"NE_0001";"";"NE_0001";"NE_0001";"NE_0001";"NE_0001";"NE_0001";"NE_0001";"NE_0001"
"2023";"06";"050906";"AYACUCHO";"SUCRE";"MORCOLLA";"GOBIERNO REGIONAL";"I-1";"00003812";"PUESTO DE SALUD HUACO";"NE_0001";"";"NE_0001";"NE_0001";"NE_0001";"NE_0001";"NE_0001";"NE_0001";"NE_0001"
"2023";"06";"050901";"AYACUCHO";"SUCRE";"QUEROBAMBA";"GOBIERNO REGIONAL";"I-1";"00003809";"PUESTO DE SALUD CHONTA";"NE_0001";"";"NE_0001";"NE_0001";"NE_0001";"NE_0001";"NE_0001";"NE_0001";"NE_0001"
"2023";"06";"050906";"AYACUCHO";"SUCRE";"MORCOLLA";"GOBIERNO REGIONAL";"I-1";"00003810";"PUESTO DE SALUD MORCOLLA";"NE_0001";"";"NE_0001";"NE_0001";"NE_0001";"NE_0001";"NE_0001";"NE_0001";"NE_0001"
"2023";"06";"050906";"AYACUCHO";"SUCRE";"MORCOLLA";"GOBIERNO REGIONAL";"I-1";"00003811";"PUESTO DE SALUD TINTAY";"NE_0001";"";"NE_0001";"NE_0001";"NE_0001";"NE_0001";"NE_0001";"NE_0001";"NE_0001"
"2023";"06";"050907";"AYACUCHO";"SUCRE";"PAICO";"GOBIERNO REGIONAL";"I-1";"00003814";"PUESTO DE SALUD SIHUE";"NE_0001";"";"NE_0001";"NE_0001";"NE_0001";"NE_0001";"NE_0001";"NE_0001";"NE_0001"
"2023";"06";"050910";"AYACUCHO";"SUCRE";"SANTIAGO DE PAUCARAY";"GOBIERNO REGIONAL";"I-1";"00003816";"PUESTO DE SALUD SANTIAGO DE PAUCARAY";"NE_0001";"";"NE_0001";"NE_0001";"NE_0001";"NE_0001";"NE_0001";"NE_0001";"NE_0001"
"2023";"06";"050911";"AYACUCHO";"SUCRE";"SORAS";"GOBIERNO REGIONAL";"I-3";"00003818";"CENTRO DE SALUD SORAS";"NE_0002";"";"NE_0002";"NE_0002";"NE_0002";"NE_0002";"NE_0002";"NE_0002";"NE_0002"
"2023";"06";"050902";"AYACUCHO";"SUCRE";"BELEN";"GOBIERNO REGIONAL";"I-1";"00003803";"PUESTO DE SALUD BELEN";"NE_0001";"";"NE_0001";"NE_0001";"NE_0001";"NE_0001";"NE_0001";"NE_0001";"NE_0001"
"2023";"06";"050909";"AYACUCHO";"SUCRE";"SAN SALVADOR DE QUIJE";"GOBIERNO REGIONAL";"I-1";"00003807";"PUESTO DE SALUD SANTIAGO DE PALLCCA";"NE_0001";"";"NE_0001";"NE_0001";"NE_0001";"NE_0001";"NE_0001";"NE_0001";"NE_0001"
"2023";"06";"050903";"AYACUCHO";"SUCRE";"CHALCOS";"GOBIERNO REGIONAL";"I-1";"00003804";"PUESTO DE SALUD CHALCOS";"NE_0001";"";"NE_0001";"NE_0001";"NE_0001";"NE_0001";"NE_0001";"NE_0001";"NE_0001"
"2023";"06";"050908";"AYACUCHO";"SUCRE";"SAN PEDRO DE LARCAY";"GOBIERNO REGIONAL";"I-2";"00003815";"SAN PEDRO DE LARCAY";"NE_0001";"";"NE_0001";"NE_0001";"NE_0001";"NE_0001";"NE_0001";"NE_0001";"NE_0001"
"2023";"06";"050910";"AYACUCHO";"SUCRE";"SANTIAGO DE PAUCARAY";"GOBIERNO REGIONAL";"I-1";"00003817";"PUESTO DE SALUD ATIHUARA";"NE_0001";"";"NE_0001";"NE_0001";"NE_0001";"NE_0001";"NE_0001";"NE_0001";"NE_0001"
"2023";"04";"010401";"AMAZONAS";"CONDORCANQUI";"NIEVA";"GOBIERNO REGIONAL";"II-1";"00005145";"SANTA MARIA DE NIEVA";"240100";"HOSPITALIZACIÓN QUIRÚRGICA CIRUGÍA GENERAL ";"18";"18";"75";"5";"2";"10";"0"
"2023";"04";"010401";"AMAZONAS";"CONDORCANQUI";"NIEVA";"GOBIERNO REGIONAL";"II-1";"00005145";"SANTA MARIA DE NIEVA";"241400";"HOSPITALIZACIÓN QUIRÚRGICA GINECO - OBSTETRICIA ";"52";"56";"114";"10";"10";"26";"0"
"2023";"04";"010401";"AMAZONAS";"CONDORCANQUI";"NIEVA";"GOBIERNO REGIONAL";"II-1";"00005145";"SANTA MARIA DE NIEVA";"241800";"HOSPITALIZACIÓN DE MEDICINA MEDICINA GENERAL ";"35";"39";"112";"10";"8";"28";"1"
"2023";"04";"010401";"AMAZONAS";"CONDORCANQUI";"NIEVA";"GOBIERNO REGIONAL";"II-1";"00005145";"SANTA MARIA DE NIEVA";"242500";"HOSPITALIZACIÓN-PEDIATRÍA GENERAL-";"13";"14";"48";"4";"2";"6";"0"
"2023";"05";"210101";"PUNO";"PUNO";"PUNO";"GOBIERNO REGIONAL";"II-2";"00003251";"HOSPITAL REGIONAL MANUEL NUÑEZ BUTRON";"240100";"HOSPITALIZACIÓN QUIRÚRGICA CIRUGÍA GENERAL ";"78";"88";"414";"507";"34";"1054";"1"
"2023";"05";"210101";"PUNO";"PUNO";"PUNO";"GOBIERNO REGIONAL";"II-2";"00003251";"HOSPITAL REGIONAL MANUEL NUÑEZ BUTRON";"240700";"HOSPITALIZACIÓN QUIRÚRGICA CIRUGÍA PEDIÁTRICA ";"8";"8";"23";"31";"3";"93";"0"
"2023";"05";"210101";"PUNO";"PUNO";"PUNO";"GOBIERNO REGIONAL";"II-2";"00003251";"HOSPITAL REGIONAL MANUEL NUÑEZ BUTRON";"240900";"HOSPITALIZACIÓN QUIRÚRGICA NEUROCIRUGÍA ";"3";"7";"104";"111";"12";"372";"0"
"2023";"05";"210101";"PUNO";"PUNO";"PUNO";"GOBIERNO REGIONAL";"II-2";"00003251";"HOSPITAL REGIONAL MANUEL NUÑEZ BUTRON";"241200";"HOSPITALIZACIÓN QUIRÚRGICA TRAUMATOLOGÍA Y ORTOPEDIA ";"28";"35";"255";"294";"14";"434";"0"
"2023";"05";"210101";"PUNO";"PUNO";"PUNO";"GOBIERNO REGIONAL";"II-2";"00003251";"HOSPITAL REGIONAL MANUEL NUÑEZ BUTRON";"241300";"HOSPITALIZACIÓN QUIRÚRGICA UROLOGÍA  ";"1";"2";"23";"25";"2";"62";"0"
"2023";"05";"210101";"PUNO";"PUNO";"PUNO";"GOBIERNO REGIONAL";"II-2";"00003251";"HOSPITAL REGIONAL MANUEL NUÑEZ BUTRON";"241500";"HOSPITALIZACIÓN QUIRÚRGICA GINECOLOGÍA  ";"20";"20";"73";"93";"3";"93";"0"
"2023";"05";"210101";"PUNO";"PUNO";"PUNO";"GOBIERNO REGIONAL";"II-2";"00003251";"HOSPITAL REGIONAL MANUEL NUÑEZ BUTRON";"241600";"HOSPITALIZACIÓN QUIRÚRGICA OBSTETRICIA   ";"170";"176";"306";"482";"19";"589";"0"
"2023";"05";"210101";"PUNO";"PUNO";"PUNO";"GOBIERNO REGIONAL";"II-2";"00003251";"HOSPITAL REGIONAL MANUEL NUÑEZ BUTRON";"241800";"HOSPITALIZACIÓN DE MEDICINA MEDICINA GENERAL ";"69";"84";"518";"598";"27";"837";"13"
"2023";"05";"210101";"PUNO";"PUNO";"PUNO";"GOBIERNO REGIONAL";"II-2";"00003251";"HOSPITAL REGIONAL MANUEL NUÑEZ BUTRON";"241900";"HOSPITALIZACIÓN DE MEDICINA MEDICINA INTERNA ";"51";"64";"382";"442";"21";"651";"9"
"2023";"05";"210101";"PUNO";"PUNO";"PUNO";"GOBIERNO REGIONAL";"II-2";"00003251";"HOSPITAL REGIONAL MANUEL NUÑEZ BUTRON";"242200";"HOSPITALIZACIÓN DE MEDICINA PSIQUIATRÍA ";"1";"1";"3";"4";"1";"31";"0"
"2023";"05";"210101";"PUNO";"PUNO";"PUNO";"GOBIERNO REGIONAL";"II-2";"00003251";"HOSPITAL REGIONAL MANUEL NUÑEZ BUTRON";"242500";"HOSPITALIZACIÓN-PEDIATRÍA GENERAL-";"67";"79";"454";"523";"27";"837";"2"
"2023";"05";"210101";"PUNO";"PUNO";"PUNO";"GOBIERNO REGIONAL";"II-2";"00003251";"HOSPITAL REGIONAL MANUEL NUÑEZ BUTRON";"243200";"HOSPITALIZACIÓN DE PEDIATRÍA PEDIATRIA NEONATOLOGÍA";"54";"67";"417";"477";"28";"868";"2"
"2023";"05";"210101";"PUNO";"PUNO";"PUNO";"GOBIERNO REGIONAL";"II-2";"00003251";"HOSPITAL REGIONAL MANUEL NUÑEZ BUTRON";"250103";"UNIDAD DE CUIDADOS CRITICOS UNIDAD  DE CUIDADOS INTENSIVOS GENERALES  (UCI) MEDICINA";"8";"12";"102";"115";"4";"124";"2"
"2023";"05";"210101";"PUNO";"PUNO";"PUNO";"GOBIERNO REGIONAL";"II-2";"00003251";"HOSPITAL REGIONAL MANUEL NUÑEZ BUTRON";"244000";"HOSPITALIZACIÓN DE MEDICINA CARDIOLOGIA ";"3";"3";"16";"19";"2";"62";"0"
"2023";"05";"210101";"PUNO";"PUNO";"PUNO";"GOBIERNO REGIONAL";"II-2";"00003251";"HOSPITAL REGIONAL MANUEL NUÑEZ BUTRON";"244700";"HOSPITALIZACIÓN DE MEDICINA NEUROLOGIA  ";"11";"12";"102";"112";"4";"124";"1"
"2023";"05";"210101";"PUNO";"PUNO";"PUNO";"GOBIERNO REGIONAL";"II-2";"00003251";"HOSPITAL REGIONAL MANUEL NUÑEZ BUTRON";"244600";"HOSPITALIZACIÓN DE MEDICINA NEFROLOGIA ";"3";"3";"21";"24";"1";"31";"0"
"2023";"05";"210101";"PUNO";"PUNO";"PUNO";"GOBIERNO REGIONAL";"II-2";"00003251";"HOSPITAL REGIONAL MANUEL NUÑEZ BUTRON";"244200";"HOSPITALIZACIÓN DE MEDICINA ENDOCRINOLOGIA ";"3";"5";"53";"58";"3";"93";"2"
"2023";"05";"150122";"LIMA";"LIMA";"MIRAFLORES";"OTRO";"II-2";"00010827";"HOGAR DE LA MADRE CLINICA-HOSPITAL";"241500";"HOSPITALIZACIÓN QUIRÚRGICA GINECOLOGÍA  ";"134";"126";"378";"398";"23";"410";"0"
"2023";"05";"010101";"AMAZONAS";"CHACHAPOYAS";"CHACHAPOYAS";"PRIVADO";"I-3";"00026399";"CENTRO MEDICO AMAZONAS EIRL";"NE_0001";"";"NE_0001";"NE_0001";"NE_0001";"NE_0001";"NE_0001";"NE_0001";"NE_0001"
"2023";"05";"090101";"HUANCAVELICA";"HUANCAVELICA";"HUANCAVELICA";"PRIVADO";"I-3";"00009300";"JUAN PABLO II";"NE_0001";"";"NE_0001";"NE_0001";"NE_0001";"NE_0001";"NE_0001";"NE_0001";"NE_0001"
"2023";"05";"150116";"LIMA";"LIMA";"LINCE";"PRIVADO";"II-E";"00029299";"MAS VISION S.A.C.";"NE_0001";"";"NE_0001";"NE_0001";"NE_0001";"NE_0001";"NE_0001";"NE_0001";"NE_0001"
"2023";"05";"150101";"LIMA";"LIMA";"LIMA";"PRIVADO";"II-E";"00023833";"INSTITUTO OFTALMOLOGICO LA LUZ SOCIEDAD ANONIMA CERRADA - INSTITUTO OFTALMOLOGICO LA LUZ S.A.C.";"NE_0001";"";"NE_0001";"NE_0001";"NE_0001";"NE_0001";"NE_0001";"NE_0001";"NE_0001"
"2023";"05";"140101";"LAMBAYEQUE";"CHICLAYO";"CHICLAYO";"PRIVADO";"II-E";"00017589";"INSTITUTO OFTALMOLÓGICO LA LUZ SAC";"NE_0001";"";"NE_0001";"NE_0001";"NE_0001";"NE_0001";"NE_0001";"NE_0001";"NE_0001"
"2023";"05";"080601";"CUSCO";"CANCHIS";"SICUANI";"GOBIERNO REGIONAL";"I-4";"00002380";"TECHO OBRERO";"NE_0001";"";"NE_0001";"NE_0001";"NE_0001";"NE_0001";"NE_0001";"NE_0001";"NE_0001"
"2023";"05";"080604";"CUSCO";"CANCHIS";"MARANGANI";"GOBIERNO REGIONAL";"I-1";"00002389";"CHECTUYOC";"NE_0001";"";"NE_0001";"NE_0001";"NE_0001";"NE_0001";"NE_0001";"NE_0001";"NE_0001"
"2023";"05";"080504";"CUSCO";"CANAS";"LANGUI";"GOBIERNO REGIONAL";"I-2";"00002369";"LANGUI";"NE_0001";"";"NE_0001";"NE_0001";"NE_0001";"NE_0001";"NE_0001";"NE_0001";"NE_0001"
"2023";"05";"080604";"CUSCO";"CANCHIS";"MARANGANI";"GOBIERNO REGIONAL";"I-2";"00002391";"OCCOBAMBA MARANGANI";"NE_0001";"";"NE_0001";"NE_0001";"NE_0001";"NE_0001";"NE_0001";"NE_0001";"NE_0001"
"2023";"05";"080601";"CUSCO";"CANCHIS";"SICUANI";"GOBIERNO REGIONAL";"I-1";"00002379";"HERCCA";"NE_0001";"";"NE_0001";"NE_0001";"NE_0001";"NE_0001";"NE_0001";"NE_0001";"NE_0001"
"2023";"05";"080504";"CUSCO";"CANAS";"LANGUI";"GOBIERNO REGIONAL";"I-1";"00002370";"CONDEVILUYO";"NE_0001";"";"NE_0001";"NE_0001";"NE_0001";"NE_0001";"NE_0001";"NE_0001";"NE_0001"
"2023";"05";"080505";"CUSCO";"CANAS";"LAYO";"GOBIERNO REGIONAL";"I-3";"00002371";"LAYO";"NE_0001";"";"NE_0001";"NE_0001";"NE_0001";"NE_0001";"NE_0001";"NE_0001";"NE_0001"
"2023";"05";"120124";"JUNIN";"HUANCAYO";"PARIAHUANCA";"GOBIERNO REGIONAL";"I-2";"00000737";"LAMPA";"NE_0001";"";"NE_0001";"NE_0001";"NE_0001";"NE_0001";"NE_0001";"NE_0001";"NE_0001"
"2023";"06";"050115";"AYACUCHO";"HUAMANGA";"JESUS NAZARENO";"PRIVADO";"I-3";"00028119";"EL GALENO";"NE_0001";"";"NE_0001";"NE_0001";"NE_0001";"NE_0001";"NE_0001";"NE_0001";"NE_0001"
"2023";"06";"150130";"LIMA";"LIMA";"SAN BORJA";"PRIVADO";"II-E";"00011372";"FUTURO VISION";"NE_0001";"";"NE_0001";"NE_0001";"NE_0001";"NE_0001";"NE_0001";"NE_0001";"NE_0001"
"2023";"06";"120504";"JUNIN";"JUNIN";"ULCUMAYO";"GOBIERNO REGIONAL";"I-1";"00000607";"PISCURRURAY";"NE_0001";"";"NE_0001";"NE_0001";"NE_0001";"NE_0001";"NE_0001";"NE_0001";"NE_0001"
"2023";"06";"120504";"JUNIN";"JUNIN";"ULCUMAYO";"GOBIERNO REGIONAL";"I-1";"00000606";"QUIPACANCHA";"NE_0001";"";"NE_0001";"NE_0001";"NE_0001";"NE_0001";"NE_0001";"NE_0001";"NE_0001"
"2023";"06";"120504";"JUNIN";"JUNIN";"ULCUMAYO";"GOBIERNO REGIONAL";"I-1";"00000605";"SHOGUE";"NE_0001";"";"NE_0001";"NE_0001";"NE_0001";"NE_0001";"NE_0001";"NE_0001";"NE_0001"
"2023";"06";"120504";"JUNIN";"JUNIN";"ULCUMAYO";"GOBIERNO REGIONAL";"I-2";"00000604";"TAMBOS";"NE_0001";"";"NE_0001";"NE_0001";"NE_0001";"NE_0001";"NE_0001";"NE_0001";"NE_0001"
"2023";"06";"120504";"JUNIN";"JUNIN";"ULCUMAYO";"GOBIERNO REGIONAL";"I-1";"00000603";"YAPACMARCA";"NE_0001";"";"NE_0001";"NE_0001";"NE_0001";"NE_0001";"NE_0001";"NE_0001";"NE_0001"
"2023";"06";"120504";"JUNIN";"JUNIN";"ULCUMAYO";"GOBIERNO REGIONAL";"I-3";"00000601";"ULCUMAYO";"NE_0001";"";"NE_0001";"NE_0001";"NE_0001";"NE_0001";"NE_0001";"NE_0001";"NE_0001"
"2023";"07";"150112";"LIMA";"LIMA";"INDEPENDENCIA";"SANIDAD DE LA POLICIA NACIONAL DEL PERU";"I-2";"00012741";"POSTA MEDICA POLICIAL INDEPENDENCIA";"NE_0001";"";"NE_0001";"NE_0001";"NE_0001";"NE_0001";"NE_0001";"NE_0001";"NE_0001"
"2023";"07";"220901";"SAN MARTIN";"SAN MARTIN";"TARAPOTO";"SANIDAD DE LA POLICIA NACIONAL DEL PERU";"I-3";"00020827";"POLICLINICO  PNP TARAPOTO";"NE_0001";"";"NE_0001";"NE_0001";"NE_0001";"NE_0001";"NE_0001";"NE_0001";"NE_0001"
"2023";"05";"250101";"UCAYALI";"CORONEL PORTILLO";"CALLERIA";"GOBIERNO REGIONAL";"II-2";"00005576";"HOSPITAL REGIONAL DE PUCALLPA";"245300";"HOSPITALIZACIÓN DE MEDICINA NEUMOLOGÍA  ";"4";"3";"16";"28";"3";"93";"1"
"2023";"05";"250101";"UCAYALI";"CORONEL PORTILLO";"CALLERIA";"GOBIERNO REGIONAL";"II-2";"00005576";"HOSPITAL REGIONAL DE PUCALLPA";"244000";"HOSPITALIZACIÓN DE MEDICINA CARDIOLOGIA ";"4";"4";"20";"6";"3";"93";"0"
"2023";"05";"250101";"UCAYALI";"CORONEL PORTILLO";"CALLERIA";"GOBIERNO REGIONAL";"II-2";"00005576";"HOSPITAL REGIONAL DE PUCALLPA";"244700";"HOSPITALIZACIÓN DE MEDICINA NEUROLOGIA  ";"10";"9";"113";"39";"4";"124";"0"
"2023";"05";"250101";"UCAYALI";"CORONEL PORTILLO";"CALLERIA";"GOBIERNO REGIONAL";"II-2";"00005576";"HOSPITAL REGIONAL DE PUCALLPA";"242000";"HOSPITALIZACIÓN DE MEDICINA MEDICINA TROPICAL E INFECCIOSAS ";"15";"15";"89";"78";"3";"93";"1"
"2023";"05";"250101";"UCAYALI";"CORONEL PORTILLO";"CALLERIA";"GOBIERNO REGIONAL";"II-2";"00005576";"HOSPITAL REGIONAL DE PUCALLPA";"244400";"HOSPITALIZACIÓN DE MEDICINA GERIATRIA ";"6";"6";"71";"40";"3";"93";"4"
"2023";"05";"250101";"UCAYALI";"CORONEL PORTILLO";"CALLERIA";"GOBIERNO REGIONAL";"II-2";"00005576";"HOSPITAL REGIONAL DE PUCALLPA";"250100";"UNIDAD DE CUIDADOS CRITICOS UNIDAD  DE CUIDADOS INTENSIVOS GENERALES (UCI) ";"9";"4";"19";"157";"6";"186";"2"
"2023";"05";"250101";"UCAYALI";"CORONEL PORTILLO";"CALLERIA";"GOBIERNO REGIONAL";"II-2";"00005576";"HOSPITAL REGIONAL DE PUCALLPA";"250200";"UNIDAD DE CUIDADOS CRITICOS UNIDAD DE CUIDADOS INTERMEDIOS GENERAL  (UCIN) ";"2";"0";"0";"97";"4";"124";"0"
"2023";"05";"250101";"UCAYALI";"CORONEL PORTILLO";"CALLERIA";"GOBIERNO REGIONAL";"II-2";"00005576";"HOSPITAL REGIONAL DE PUCALLPA";"240100";"HOSPITALIZACIÓN QUIRÚRGICA CIRUGÍA GENERAL ";"74";"60";"269";"326";"11";"341";"0"
"2023";"05";"250101";"UCAYALI";"CORONEL PORTILLO";"CALLERIA";"GOBIERNO REGIONAL";"II-2";"00005576";"HOSPITAL REGIONAL DE PUCALLPA";"240400";"HOSPITALIZACIÓN QUIRÚRGICA CIRUGÍA DE TÓRAX Y CARDIOVASCULAR ";"2";"2";"25";"19";"1";"31";"0"
"2023";"05";"250101";"UCAYALI";"CORONEL PORTILLO";"CALLERIA";"GOBIERNO REGIONAL";"II-2";"00005576";"HOSPITAL REGIONAL DE PUCALLPA";"241200";"HOSPITALIZACIÓN QUIRÚRGICA TRAUMATOLOGÍA Y ORTOPEDIA ";"47";"39";"305";"301";"10";"310";"0"
"2023";"05";"250101";"UCAYALI";"CORONEL PORTILLO";"CALLERIA";"GOBIERNO REGIONAL";"II-2";"00005576";"HOSPITAL REGIONAL DE PUCALLPA";"240200";"HOSPITALIZACIÓN QUIRÚRGICA CIRUGÍA DE CABEZA Y CUELLO / MÁXILO FACIAL ";"6";"6";"31";"26";"1";"31";"0"
"2023";"05";"250101";"UCAYALI";"CORONEL PORTILLO";"CALLERIA";"GOBIERNO REGIONAL";"II-2";"00005576";"HOSPITAL REGIONAL DE PUCALLPA";"241300";"HOSPITALIZACIÓN QUIRÚRGICA UROLOGÍA  ";"6";"6";"39";"34";"2";"62";"0"
"2023";"05";"250101";"UCAYALI";"CORONEL PORTILLO";"CALLERIA";"GOBIERNO REGIONAL";"II-2";"00005576";"HOSPITAL REGIONAL DE PUCALLPA";"240900";"HOSPITALIZACIÓN QUIRÚRGICA NEUROCIRUGÍA ";"7";"6";"40";"38";"2";"62";"0"
"2023";"05";"250101";"UCAYALI";"CORONEL PORTILLO";"CALLERIA";"GOBIERNO REGIONAL";"II-2";"00005576";"HOSPITAL REGIONAL DE PUCALLPA";"240700";"HOSPITALIZACIÓN QUIRÚRGICA CIRUGÍA PEDIÁTRICA ";"13";"12";"127";"77";"4";"124";"0"
"2023";"05";"250101";"UCAYALI";"CORONEL PORTILLO";"CALLERIA";"GOBIERNO REGIONAL";"II-2";"00005576";"HOSPITAL REGIONAL DE PUCALLPA";"240800";"HOSPITALIZACIÓN QUIRÚRGICA CIRUGÍA PLÁSTICA/RECONSTRUCTIVA/ REPARADORA ";"8";"4";"18";"105";"9";"279";"0"
"2023";"05";"250101";"UCAYALI";"CORONEL PORTILLO";"CALLERIA";"GOBIERNO REGIONAL";"II-2";"00005576";"HOSPITAL REGIONAL DE PUCALLPA";"242300";"HOSPITALIZACIÓN DE PEDIATRÍA  PEDIATRÍA  GENERAL ";"125";"106";"457";"451";"20";"620";"0"
"2023";"05";"250101";"UCAYALI";"CORONEL PORTILLO";"CALLERIA";"GOBIERNO REGIONAL";"II-2";"00005576";"HOSPITAL REGIONAL DE PUCALLPA";"241600";"HOSPITALIZACIÓN QUIRÚRGICA OBSTETRICIA   ";"316";"297";"689";"645";"30";"930";"0"
"2023";"05";"250101";"UCAYALI";"CORONEL PORTILLO";"CALLERIA";"GOBIERNO REGIONAL";"II-2";"00005576";"HOSPITAL REGIONAL DE PUCALLPA";"241500";"HOSPITALIZACIÓN QUIRÚRGICA GINECOLOGÍA  ";"16";"14";"56";"62";"4";"124";"0"
"2023";"05";"250101";"UCAYALI";"CORONEL PORTILLO";"CALLERIA";"GOBIERNO REGIONAL";"II-2";"00005576";"HOSPITAL REGIONAL DE PUCALLPA";"250105";"UNIDAD DE CUIDADOS CRITICOS UNIDAD  DE CUIDADOS INTENSIVOS  (UCI) NEONATOLOGÍA";"63";"48";"233";"419";"18";"558";"4"
"2023";"07";"040302";"AREQUIPA";"CARAVELI";"ACARI";"ESSALUD";"I-2";"00012195";"POSTA MEDICA ACARI";"NE_0001";"";"NE_0001";"NE_0001";"NE_0001";"NE_0001";"NE_0001";"NE_0001";"NE_0001"
"2023";"07";"120101";"JUNIN";"HUANCAYO";"HUANCAYO";"PRIVADO";"II-2";"00008858";"CLINICA ORTEGA";"240100";"HOSPITALIZACIÓN QUIRÚRGICA CIRUGÍA GENERAL ";"50";"50";"198";"198";"9";"279";"0"
"2023";"07";"120101";"JUNIN";"HUANCAYO";"HUANCAYO";"PRIVADO";"II-2";"00008858";"CLINICA ORTEGA";"240700";"HOSPITALIZACIÓN QUIRÚRGICA CIRUGÍA PEDIÁTRICA ";"2";"2";"3";"3";"3";"93";"0"
"2023";"07";"120101";"JUNIN";"HUANCAYO";"HUANCAYO";"PRIVADO";"II-2";"00008858";"CLINICA ORTEGA";"240900";"HOSPITALIZACIÓN QUIRÚRGICA NEUROCIRUGÍA ";"10";"10";"60";"60";"4";"124";"0"
"2023";"07";"120101";"JUNIN";"HUANCAYO";"HUANCAYO";"PRIVADO";"II-2";"00008858";"CLINICA ORTEGA";"241000";"HOSPITALIZACIÓN QUIRÚRGICA ONCOLOGÍA QUIRÚRGICA  ";"3";"3";"12";"12";"3";"93";"0"
"2023";"07";"120101";"JUNIN";"HUANCAYO";"HUANCAYO";"PRIVADO";"II-2";"00008858";"CLINICA ORTEGA";"241100";"HOSPITALIZACIÓN QUIRÚRGICA OTORRINOLARINGOLOGÍA  ";"3";"3";"5";"5";"3";"93";"0"
"2023";"07";"120101";"JUNIN";"HUANCAYO";"HUANCAYO";"PRIVADO";"II-2";"00008858";"CLINICA ORTEGA";"241200";"HOSPITALIZACIÓN QUIRÚRGICA TRAUMATOLOGÍA Y ORTOPEDIA ";"63";"63";"232";"232";"10";"310";"0"
"2023";"07";"120101";"JUNIN";"HUANCAYO";"HUANCAYO";"PRIVADO";"II-2";"00008858";"CLINICA ORTEGA";"241300";"HOSPITALIZACIÓN QUIRÚRGICA UROLOGÍA  ";"16";"16";"45";"45";"4";"124";"0"
"2023";"07";"120101";"JUNIN";"HUANCAYO";"HUANCAYO";"PRIVADO";"II-2";"00008858";"CLINICA ORTEGA";"241400";"HOSPITALIZACIÓN QUIRÚRGICA GINECO - OBSTETRICIA ";"20";"20";"51";"51";"4";"124";"0"
"2023";"07";"120101";"JUNIN";"HUANCAYO";"HUANCAYO";"PRIVADO";"II-2";"00008858";"CLINICA ORTEGA";"241800";"HOSPITALIZACIÓN DE MEDICINA MEDICINA GENERAL ";"3";"3";"30";"30";"3";"93";"0"
"2023";"07";"120101";"JUNIN";"HUANCAYO";"HUANCAYO";"PRIVADO";"II-2";"00008858";"CLINICA ORTEGA";"241900";"HOSPITALIZACIÓN DE MEDICINA MEDICINA INTERNA ";"29";"29";"155";"155";"7";"217";"0"
"2023";"07";"120101";"JUNIN";"HUANCAYO";"HUANCAYO";"PRIVADO";"II-2";"00008858";"CLINICA ORTEGA";"242100";"HOSPITALIZACIÓN DE MEDICINA ONCOLOGÍA MÉDICA ";"1";"1";"5";"5";"3";"93";"0"
"2023";"07";"120101";"JUNIN";"HUANCAYO";"HUANCAYO";"PRIVADO";"II-2";"00008858";"CLINICA ORTEGA";"242300";"HOSPITALIZACIÓN DE PEDIATRÍA  PEDIATRÍA  GENERAL ";"4";"4";"9";"9";"3";"93";"0"
"2023";"07";"120101";"JUNIN";"HUANCAYO";"HUANCAYO";"PRIVADO";"II-2";"00008858";"CLINICA ORTEGA";"250100";"UNIDAD DE CUIDADOS CRITICOS UNIDAD  DE CUIDADOS INTENSIVOS GENERALES (UCI) ";"2";"2";"7";"7";"3";"93";"1"
"2023";"07";"130111";"LA LIBERTAD";"TRUJILLO";"VICTOR LARCO HERRERA";"GOBIERNO REGIONAL";"II-1";"00005243";"HOSPITAL DISTRITAL VISTA ALEGRE";"241400";"HOSPITALIZACIÓN QUIRÚRGICA GINECO - OBSTETRICIA ";"40";"40";"66";"66";"8";"248";"0"
"2023";"07";"021905";"ANCASH";"SIHUAS";"CHINGALPO";"GOBIERNO REGIONAL";"I-1";"00001800";"PUESTO DE SALUD CHINGALPO";"NE_0002";"";"NE_0002";"NE_0002";"NE_0002";"NE_0002";"NE_0002";"NE_0002";"NE_0002"
"2023";"07";"021905";"ANCASH";"SIHUAS";"CHINGALPO";"GOBIERNO REGIONAL";"I-1";"00001754";"PUESTO DE SALUD SAN MIGUEL";"NE_0002";"";"NE_0002";"NE_0002";"NE_0002";"NE_0002";"NE_0002";"NE_0002";"NE_0002"
"2023";"07";"021903";"ANCASH";"SIHUAS";"ALFONSO UGARTE";"GOBIERNO REGIONAL";"I-1";"00001805";"PUESTO DE SALUD ULLOLLUCO";"NE_0002";"";"NE_0002";"NE_0002";"NE_0002";"NE_0002";"NE_0002";"NE_0002";"NE_0002"
"2023";"07";"021907";"ANCASH";"SIHUAS";"QUICHES";"GOBIERNO REGIONAL";"I-1";"00001807";"PUESTO DE SALUD JOCOSBAMBA";"241400";"HOSPITALIZACIÓN QUIRÚRGICA GINECO - OBSTETRICIA ";"1";"1";"1";"1";"1";"2";"0"
"2023";"03";"150101";"LIMA";"LIMA";"LIMA";"PRIVADO";"II-2";"00015610";"Clínica Internacional - Sede Lima";"240000";"HOSPITALIZACIÓN";"581";"591";"2694";"2018";"83";"2573";"0"
"2023";"04";"220907";"SAN MARTIN";"SAN MARTIN";"HUIMBAYOC";"GOBIERNO REGIONAL";"I-1";"00006431";"PONGO ISLA";"NE_0002";"";"NE_0002";"NE_0002";"NE_0002";"NE_0002";"NE_0002";"NE_0002";"NE_0002"
"2023";"04";"220907";"SAN MARTIN";"SAN MARTIN";"HUIMBAYOC";"GOBIERNO REGIONAL";"I-1";"00006442";"SAN JOSE 2 DE MAYO";"NE_0002";"";"NE_0002";"NE_0002";"NE_0002";"NE_0002";"NE_0002";"NE_0002";"NE_0002"
"2023";"04";"060601";"CAJAMARCA";"CUTERVO";"CUTERVO";"GOBIERNO REGIONAL";"I-1";"00006856";"CHACAF";"NE_0001";"";"NE_0001";"NE_0001";"NE_0001";"NE_0001";"NE_0001";"NE_0001";"NE_0001"
"2023";"04";"060601";"CAJAMARCA";"CUTERVO";"CUTERVO";"GOBIERNO REGIONAL";"I-1";"00007431";"CONGA DE ALLANGA";"NE_0001";"";"NE_0001";"NE_0001";"NE_0001";"NE_0001";"NE_0001";"NE_0001";"NE_0001"
"2023";"04";"060601";"CAJAMARCA";"CUTERVO";"CUTERVO";"GOBIERNO REGIONAL";"I-1";"00004997";"TRIGOPAMPA";"NE_0001";"";"NE_0001";"NE_0001";"NE_0001";"NE_0001";"NE_0001";"NE_0001";"NE_0001"
"2023";"04";"060601";"CAJAMARCA";"CUTERVO";"CUTERVO";"GOBIERNO REGIONAL";"I-1";"00006855";"AULLAN";"NE_0001";"";"NE_0001";"NE_0001";"NE_0001";"NE_0001";"NE_0001";"NE_0001";"NE_0001"
"2023";"04";"060601";"CAJAMARCA";"CUTERVO";"CUTERVO";"GOBIERNO REGIONAL";"I-1";"00007097";"AÑALCATE";"NE_0001";"";"NE_0001";"NE_0001";"NE_0001";"NE_0001";"NE_0001";"NE_0001";"NE_0001"
"2023";"04";"060601";"CAJAMARCA";"CUTERVO";"CUTERVO";"GOBIERNO REGIONAL";"I-2";"00007745";"URCURUME";"NE_0001";"";"NE_0001";"NE_0001";"NE_0001";"NE_0001";"NE_0001";"NE_0001";"NE_0001"
"2023";"04";"060601";"CAJAMARCA";"CUTERVO";"CUTERVO";"GOBIERNO REGIONAL";"I-1";"00008925";"LA LLICA";"NE_0001";"";"NE_0001";"NE_0001";"NE_0001";"NE_0001";"NE_0001";"NE_0001";"NE_0001"
"2023";"04";"060601";"CAJAMARCA";"CUTERVO";"CUTERVO";"GOBIERNO REGIONAL";"I-3";"00006858";"SALOMON VILCHEZ MURGA";"NE_0001";"";"NE_0001";"NE_0001";"NE_0001";"NE_0001";"NE_0001";"NE_0001";"NE_0001"
"2023";"04";"060601";"CAJAMARCA";"CUTERVO";"CUTERVO";"GOBIERNO REGIONAL";"I-2";"00007696";"MAMABAMBA";"NE_0001";"";"NE_0001";"NE_0001";"NE_0001";"NE_0001";"NE_0001";"NE_0001";"NE_0001"
"2023";"04";"060601";"CAJAMARCA";"CUTERVO";"CUTERVO";"GOBIERNO REGIONAL";"I-2";"00004982";"SALABAMBA";"NE_0001";"";"NE_0001";"NE_0001";"NE_0001";"NE_0001";"NE_0001";"NE_0001";"NE_0001"
"2023";"04";"060601";"CAJAMARCA";"CUTERVO";"CUTERVO";"GOBIERNO REGIONAL";"I-1";"00005000";"MUÑUNO";"NE_0001";"";"NE_0001";"NE_0001";"NE_0001";"NE_0001";"NE_0001";"NE_0001";"NE_0001"
"2023";"04";"060601";"CAJAMARCA";"CUTERVO";"CUTERVO";"GOBIERNO REGIONAL";"I-1";"00006832";"LA CONGONA";"NE_0001";"";"NE_0001";"NE_0001";"NE_0001";"NE_0001";"NE_0001";"NE_0001";"NE_0001"
"2023";"02";"021803";"ANCASH";"SANTA";"COISHCO";"ESSALUD";"I-4";"00009055";"CENTRO MEDICO COISHCO";"NE_0001";"";"NE_0001";"NE_0001";"NE_0001";"NE_0001";"NE_0001";"NE_0001";"NE_0001"
"2023";"05";"110101";"ICA";"ICA";"ICA";"PRIVADO";"I-4";"00009660";"SEÑOR DE LUREN DE ICA";"240000";"HOSPITALIZACIÓN";"71";"75";"148";"130";"14";"434";"17"
"2023";"06";"050101";"AYACUCHO";"HUAMANGA";"AYACUCHO";"SANIDAD DE LA POLICIA NACIONAL DEL PERU";"I-3";"00011426";"POLICLINICO POLICIAL DE AYACUCHO";"NE_0001";"";"NE_0001";"NE_0001";"NE_0001";"NE_0001";"NE_0001";"NE_0001";"NE_0001"
"2023";"06";"021603";"ANCASH";"POMABAMBA";"PAROBAMBA";"GOBIERNO REGIONAL";"I-1";"00001779";"PUESTO DE SALUD CAJAS";"NE_0002";"";"NE_0002";"NE_0002";"NE_0002";"NE_0002";"NE_0002";"NE_0002";"NE_0002"
"2023";"06";"021604";"ANCASH";"POMABAMBA";"QUINUABAMBA";"GOBIERNO REGIONAL";"I-2";"00001781";"PUESTO DE SALUD QUINUABAMBA";"NE_0002";"";"NE_0002";"NE_0002";"NE_0002";"NE_0002";"NE_0002";"NE_0002";"NE_0002"
"2023";"06";"130102";"LA LIBERTAD";"TRUJILLO";"EL PORVENIR";"ESSALUD";"I-4";"00009041";"CENTRO DE SALUD CON INTERNAMIENTO EL PORVENIR";"241800";"HOSPITALIZACIÓN DE MEDICINA MEDICINA GENERAL ";"34";"38";"189";"172";"7";"210";"0"
"2023";"06";"130102";"LA LIBERTAD";"TRUJILLO";"EL PORVENIR";"ESSALUD";"I-4";"00009041";"CENTRO DE SALUD CON INTERNAMIENTO EL PORVENIR";"240100";"HOSPITALIZACIÓN QUIRÚRGICA CIRUGÍA GENERAL ";"1";"1";"10";"10";"1";"30";"0"
"2023";"06";"130102";"LA LIBERTAD";"TRUJILLO";"EL PORVENIR";"ESSALUD";"I-4";"00009041";"CENTRO DE SALUD CON INTERNAMIENTO EL PORVENIR";"241400";"HOSPITALIZACIÓN QUIRÚRGICA GINECO - OBSTETRICIA ";"2";"2";"10";"11";"2";"60";"0"
"2023";"06";"040206";"AREQUIPA";"CAMANA";"OCOÑA";"GOBIERNO REGIONAL";"I-3";"00001348";"CENTRO DE SALUD OCOÑA";"NE_0001";"";"NE_0001";"NE_0001";"NE_0001";"NE_0001";"NE_0001";"NE_0001";"NE_0001"
"2023";"06";"040206";"AREQUIPA";"CAMANA";"OCOÑA";"GOBIERNO REGIONAL";"I-2";"00001363";"LA PLANCHADA";"NE_0001";"";"NE_0001";"NE_0001";"NE_0001";"NE_0001";"NE_0001";"NE_0001";"NE_0001"
"2023";"06";"040206";"AREQUIPA";"CAMANA";"OCOÑA";"GOBIERNO REGIONAL";"I-1";"00001364";"PESCADORES";"NE_0001";"";"NE_0001";"NE_0001";"NE_0001";"NE_0001";"NE_0001";"NE_0001";"NE_0001"
"2023";"06";"040203";"AREQUIPA";"CAMANA";"MARIANO NICOLAS VALCARCEL";"GOBIERNO REGIONAL";"I-2";"00001366";"LA EUGENIA";"NE_0001";"";"NE_0001";"NE_0001";"NE_0001";"NE_0001";"NE_0001";"NE_0001";"NE_0001"
"2023";"06";"220602";"SAN MARTIN";"MARISCAL CACERES";"CAMPANILLA";"GOBIERNO REGIONAL";"I-3";"00006575";"CAMPANILLA";"NE_0001";"";"NE_0001";"NE_0001";"NE_0001";"NE_0001";"NE_0001";"NE_0001";"NE_0001"
"2023";"06";"220602";"SAN MARTIN";"MARISCAL CACERES";"CAMPANILLA";"GOBIERNO REGIONAL";"I-1";"00006579";"NUEVO JAEN";"NE_0001";"";"NE_0001";"NE_0001";"NE_0001";"NE_0001";"NE_0001";"NE_0001";"NE_0001"
"2023";"06";"220602";"SAN MARTIN";"MARISCAL CACERES";"CAMPANILLA";"GOBIERNO REGIONAL";"I-1";"00006577";"SHUMANZA";"NE_0001";"";"NE_0001";"NE_0001";"NE_0001";"NE_0001";"NE_0001";"NE_0001";"NE_0001"
"2023";"06";"220602";"SAN MARTIN";"MARISCAL CACERES";"CAMPANILLA";"GOBIERNO REGIONAL";"I-1";"00006578";"SION";"NE_0001";"";"NE_0001";"NE_0001";"NE_0001";"NE_0001";"NE_0001";"NE_0001";"NE_0001"
"2023";"06";"220602";"SAN MARTIN";"MARISCAL CACERES";"CAMPANILLA";"GOBIERNO REGIONAL";"I-1";"00006576";"BALZAYACU";"NE_0001";"";"NE_0001";"NE_0001";"NE_0001";"NE_0001";"NE_0001";"NE_0001";"NE_0001"
"2023";"06";"220602";"SAN MARTIN";"MARISCAL CACERES";"CAMPANILLA";"GOBIERNO REGIONAL";"I-1";"00006715";"PERLAMAYO";"NE_0001";"";"NE_0001";"NE_0001";"NE_0001";"NE_0001";"NE_0001";"NE_0001";"NE_0001"
"2023";"05";"250105";"UCAYALI";"CORONEL PORTILLO";"YARINACOCHA";"GOBIERNO REGIONAL";"I-3";"00005566";"HUSARES DEL PERU.";"NE_0001";"";"NE_0001";"NE_0001";"NE_0001";"NE_0001";"NE_0001";"NE_0001";"NE_0001"
"2023";"05";"250101";"UCAYALI";"CORONEL PORTILLO";"CALLERIA";"GOBIERNO REGIONAL";"I-3";"00005565";"NUEVO PARAISO";"NE_0001";"";"NE_0001";"NE_0001";"NE_0001";"NE_0001";"NE_0001";"NE_0001";"NE_0001"
"2023";"05";"250105";"UCAYALI";"CORONEL PORTILLO";"YARINACOCHA";"GOBIERNO REGIONAL";"I-2";"00005559";"SHIRAMBARI.";"NE_0001";"";"NE_0001";"NE_0001";"NE_0001";"NE_0001";"NE_0001";"NE_0001";"NE_0001"
"2023";"05";"250105";"UCAYALI";"CORONEL PORTILLO";"YARINACOCHA";"GOBIERNO REGIONAL";"I-1";"00005547";"SANTA TERESITA";"NE_0001";"";"NE_0001";"NE_0001";"NE_0001";"NE_0001";"NE_0001";"NE_0001";"NE_0001"
"2023";"05";"250105";"UCAYALI";"CORONEL PORTILLO";"YARINACOCHA";"GOBIERNO REGIONAL";"I-3";"00005539";"CENTRO AMERICA";"NE_0001";"";"NE_0001";"NE_0001";"NE_0001";"NE_0001";"NE_0001";"NE_0001";"NE_0001"
"2023";"07";"100108";"HUANUCO";"HUANUCO";"SAN PEDRO DE CHAULAN";"GOBIERNO REGIONAL";"I-1";"00000796";"SAN JOSE DE COZO TINGO";"NE_0001";"";"NE_0001";"NE_0001";"NE_0001";"NE_0001";"NE_0001";"NE_0001";"NE_0001"
"2023";"07";"100108";"HUANUCO";"HUANUCO";"SAN PEDRO DE CHAULAN";"GOBIERNO REGIONAL";"I-3";"00000794";"CHAULAN";"NE_0001";"";"NE_0001";"NE_0001";"NE_0001";"NE_0001";"NE_0001";"NE_0001";"NE_0001"
"2023";"07";"100108";"HUANUCO";"HUANUCO";"SAN PEDRO DE CHAULAN";"GOBIERNO REGIONAL";"I-2";"00000789";"SAN JUAN DE LIBERTAD";"NE_0001";"";"NE_0001";"NE_0001";"NE_0001";"NE_0001";"NE_0001";"NE_0001";"NE_0001"
"2023";"07";"030201";"APURIMAC";"ANDAHUAYLAS";"ANDAHUAYLAS";"SANIDAD DE LA POLICIA NACIONAL DEL PERU";"I-2";"00011892";"POSTA MEDICA POLICIAL DE ANDAHUAYLAS";"NE_0001";"";"NE_0001";"NE_0001";"NE_0001";"NE_0001";"NE_0001";"NE_0001";"NE_0001"
"2023";"07";"150122";"LIMA";"LIMA";"MIRAFLORES";"PRIVADO";"II-E";"00014361";"INSTITUTO DEL CEREBRO Y LA COLUMNA VERTEBRAL";"240000";"HOSPITALIZACIÓN";"28";"28";"65";"28";"8";"248";"0"
"2023";"07";"200104";"PIURA";"PIURA";"CASTILLA";"ESSALUD";"II-E";"00016363";"INSTITUTO PERUANO DE OFTALMOLOGIA";"240000";"HOSPITALIZACIÓN";"89";"88";"108";"98";"6";"171";"0"
"2023";"07";"150122";"LIMA";"LIMA";"MIRAFLORES";"PRIVADO";"II-2";"00008746";"CLINICA GOOD HOPE";"240000";"HOSPITALIZACIÓN";"711";"872";"2843";"2570";"138";"4278";"9"
"2023";"07";"060101";"CAJAMARCA";"CAJAMARCA";"CAJAMARCA";"PRIVADO";"II-1";"00009234";"CLINICA LOS FRESNOS";"240100";"HOSPITALIZACIÓN QUIRÚRGICA CIRUGÍA GENERAL ";"9";"9";"10";"9";"9";"10";"0"
"2023";"07";"060101";"CAJAMARCA";"CAJAMARCA";"CAJAMARCA";"PRIVADO";"II-1";"00009234";"CLINICA LOS FRESNOS";"244300";"HOSPITALIZACIÓN DE MEDICINA GASTROENTEROLOGÍA  ";"1";"1";"2";"1";"1";"2";"0"
"2023";"07";"060101";"CAJAMARCA";"CAJAMARCA";"CAJAMARCA";"PRIVADO";"II-1";"00009234";"CLINICA LOS FRESNOS";"245400";"HOSPITALIZACIÓN DE MEDICINA GINECOLOGIA ";"17";"17";"33";"17";"17";"18";"0"
"2023";"07";"060101";"CAJAMARCA";"CAJAMARCA";"CAJAMARCA";"PRIVADO";"II-1";"00009234";"CLINICA LOS FRESNOS";"241800";"HOSPITALIZACIÓN DE MEDICINA MEDICINA GENERAL ";"2";"2";"2";"2";"2";"3";"0"
"2023";"07";"060101";"CAJAMARCA";"CAJAMARCA";"CAJAMARCA";"PRIVADO";"II-1";"00009234";"CLINICA LOS FRESNOS";"241900";"HOSPITALIZACIÓN DE MEDICINA MEDICINA INTERNA ";"16";"16";"33";"16";"16";"17";"0"
"2023";"07";"060101";"CAJAMARCA";"CAJAMARCA";"CAJAMARCA";"PRIVADO";"II-1";"00009234";"CLINICA LOS FRESNOS";"244700";"HOSPITALIZACIÓN DE MEDICINA NEUROLOGIA  ";"1";"1";"3";"1";"1";"2";"0"
"2023";"07";"060101";"CAJAMARCA";"CAJAMARCA";"CAJAMARCA";"PRIVADO";"II-1";"00009234";"CLINICA LOS FRESNOS";"241200";"HOSPITALIZACIÓN QUIRÚRGICA TRAUMATOLOGÍA Y ORTOPEDIA ";"8";"8";"9";"8";"8";"9";"0"
"2023";"07";"060101";"CAJAMARCA";"CAJAMARCA";"CAJAMARCA";"PRIVADO";"II-1";"00009234";"CLINICA LOS FRESNOS";"242300";"HOSPITALIZACIÓN DE PEDIATRÍA  PEDIATRÍA  GENERAL ";"11";"11";"27";"11";"11";"12";"0"
"2023";"07";"060101";"CAJAMARCA";"CAJAMARCA";"CAJAMARCA";"PRIVADO";"II-1";"00009234";"CLINICA LOS FRESNOS";"245500";"HOSPITALIZACIÓN DE MEDICINA REUMATOLOGÍA    ";"1";"1";"2";"1";"1";"2";"0"
"2023";"07";"060101";"CAJAMARCA";"CAJAMARCA";"CAJAMARCA";"PRIVADO";"II-1";"00009234";"CLINICA LOS FRESNOS";"244700";"HOSPITALIZACIÓN DE MEDICINA NEUROLOGIA  ";"2";"2";"0";"2";"2";"3";"0"
"2023";"07";"160101";"LORETO";"MAYNAS";"IQUITOS";"PRIVADO";"II-1";"00011737";"CLINICA SAN JUAN";"240100";"HOSPITALIZACIÓN QUIRÚRGICA CIRUGÍA GENERAL ";"22";"22";"22";"18";"9";"15";"0"
"2023";"07";"160101";"LORETO";"MAYNAS";"IQUITOS";"PRIVADO";"II-1";"00011737";"CLINICA SAN JUAN";"243700";"HOSPITALIZACIÓN DE PEDIATRÍA PEDIATRIA OTORRINOLARINGOLOGÍA PEDIÁTRICA ";"6";"6";"6";"5";"9";"10";"0"
"2023";"07";"160101";"LORETO";"MAYNAS";"IQUITOS";"PRIVADO";"II-1";"00011737";"CLINICA SAN JUAN";"241200";"HOSPITALIZACIÓN QUIRÚRGICA TRAUMATOLOGÍA Y ORTOPEDIA ";"8";"8";"8";"7";"9";"11";"0"
"2023";"07";"160101";"LORETO";"MAYNAS";"IQUITOS";"PRIVADO";"II-1";"00011737";"CLINICA SAN JUAN";"241400";"HOSPITALIZACIÓN QUIRÚRGICA GINECO - OBSTETRICIA ";"7";"7";"10";"9";"9";"12";"0"
"2023";"07";"160101";"LORETO";"MAYNAS";"IQUITOS";"PRIVADO";"II-1";"00011737";"CLINICA SAN JUAN";"244300";"HOSPITALIZACIÓN DE MEDICINA GASTROENTEROLOGÍA  ";"1";"1";"1";"1";"9";"10";"0"
"2023";"07";"220101";"SAN MARTIN";"MOYOBAMBA";"MOYOBAMBA";"GOBIERNO REGIONAL";"I-1";"00006321";"LOS ANGELES";"NE_0001";"";"NE_0001";"NE_0001";"NE_0001";"NE_0001";"NE_0001";"NE_0001";"NE_0001"
"2023";"07";"220101";"SAN MARTIN";"MOYOBAMBA";"MOYOBAMBA";"GOBIERNO REGIONAL";"I-1";"00006320";"CAÑABRAVA";"NE_0001";"";"NE_0001";"NE_0001";"NE_0001";"NE_0001";"NE_0001";"NE_0001";"NE_0001"
"2023";"07";"220101";"SAN MARTIN";"MOYOBAMBA";"MOYOBAMBA";"GOBIERNO REGIONAL";"I-1";"00006319";"BUENOS AIRES";"NE_0001";"";"NE_0001";"NE_0001";"NE_0001";"NE_0001";"NE_0001";"NE_0001";"NE_0001"
"2023";"07";"120211";"JUNIN";"CONCEPCION";"MITO";"GOBIERNO REGIONAL";"I-1";"00000750";"MATAHULO";"NE_0001";"";"NE_0001";"NE_0001";"NE_0001";"NE_0001";"NE_0001";"NE_0001";"NE_0001"
"2023";"07";"120207";"JUNIN";"CONCEPCION";"HEROINAS TOLEDO";"GOBIERNO REGIONAL";"I-1";"00000685";"HEROINAS TOLEDO";"NE_0001";"";"NE_0001";"NE_0001";"NE_0001";"NE_0001";"NE_0001";"NE_0001";"NE_0001"
"2023";"07";"120215";"JUNIN";"CONCEPCION";"SANTA ROSA DE OCOPA";"GOBIERNO REGIONAL";"I-1";"00000692";"HUANCHAR";"NE_0001";"";"NE_0001";"NE_0001";"NE_0001";"NE_0001";"NE_0001";"NE_0001";"NE_0001"
"2023";"07";"120127";"JUNIN";"HUANCAYO";"QUICHUAY";"GOBIERNO REGIONAL";"I-2";"00000665";"QUICHUAY";"NE_0001";"";"NE_0001";"NE_0001";"NE_0001";"NE_0001";"NE_0001";"NE_0001";"NE_0001"
"2023";"07";"120210";"JUNIN";"CONCEPCION";"MATAHUASI";"GOBIERNO REGIONAL";"I-1";"00000688";"MARAVILCA";"NE_0001";"";"NE_0001";"NE_0001";"NE_0001";"NE_0001";"NE_0001";"NE_0001";"NE_0001"
"2023";"07";"120210";"JUNIN";"CONCEPCION";"MATAHUASI";"GOBIERNO REGIONAL";"I-1";"00000689";"YANAMUCLO";"NE_0001";"";"NE_0001";"NE_0001";"NE_0001";"NE_0001";"NE_0001";"NE_0001";"NE_0001"
"2023";"07";"120215";"JUNIN";"CONCEPCION";"SANTA ROSA DE OCOPA";"GOBIERNO REGIONAL";"I-3";"00000691";"SANTA ROSA DE OCOPA";"NE_0001";"";"NE_0001";"NE_0001";"NE_0001";"NE_0001";"NE_0001";"NE_0001";"NE_0001"
"2023";"07";"150117";"LIMA";"LIMA";"LOS OLIVOS";"PRIVADO";"II-E";"00012106";"CLINICA MEDICA PRIMAVERA";"240000";"HOSPITALIZACIÓN";"17";"17";"25";"25";"5";"155";"0"
"2023";"07";"040112";"AREQUIPA";"AREQUIPA";"PAUCARPATA";"GOBIERNO REGIONAL";"I-2";"00001311";"PUESTO DE SALUD ALTO JESUS";"NE_0001";"";"NE_0001";"NE_0001";"NE_0001";"NE_0001";"NE_0001";"NE_0001";"NE_0001"
"2023";"07";"040112";"AREQUIPA";"AREQUIPA";"PAUCARPATA";"GOBIERNO REGIONAL";"I-3";"00001297";"CENTRO DE SALUD CIUDAD BLANCA";"NE_0001";"";"NE_0001";"NE_0001";"NE_0001";"NE_0001";"NE_0001";"NE_0001";"NE_0001"
"2023";"07";"040112";"AREQUIPA";"AREQUIPA";"PAUCARPATA";"GOBIERNO REGIONAL";"I-2";"00001312";"PUESTO DE SALUD ISRAEL";"NE_0001";"";"NE_0001";"NE_0001";"NE_0001";"NE_0001";"NE_0001";"NE_0001";"NE_0001"
"2023";"07";"040112";"AREQUIPA";"AREQUIPA";"PAUCARPATA";"GOBIERNO REGIONAL";"I-2";"00007744";"PUESTO DE SALUD VILLA JESUS";"NE_0001";"";"NE_0001";"NE_0001";"NE_0001";"NE_0001";"NE_0001";"NE_0001";"NE_0001"
"2023";"07";"040112";"AREQUIPA";"AREQUIPA";"PAUCARPATA";"GOBIERNO REGIONAL";"I-3";"00001314";"SAN JUAN DE CIUDAD BLANCA";"NE_0001";"";"NE_0001";"NE_0001";"NE_0001";"NE_0001";"NE_0001";"NE_0001";"NE_0001"
"2023";"07";"040112";"AREQUIPA";"AREQUIPA";"PAUCARPATA";"GOBIERNO REGIONAL";"I-3";"00025066";"CENTRO DE SALUD MENTAL COMUNITARIO AYELEN";"NE_0001";"";"NE_0001";"NE_0001";"NE_0001";"NE_0001";"NE_0001";"NE_0001";"NE_0001"
"2023";"07";"120114";"JUNIN";"HUANCAYO";"EL TAMBO";"PRIVADO";"II-E";"00010250";"CLINICA OFTALMOLOGICA DEL CENTRO DEL PERU";"NE_0002";"";"NE_0002";"NE_0002";"NE_0002";"NE_0002";"NE_0002";"NE_0002";"NE_0002"
"2023";"07";"120101";"JUNIN";"HUANCAYO";"HUANCAYO";"PRIVADO";"II-E";"00008475";"CLINICA OFTALMOLOGICA REGIONAL";"NE_0002";"";"NE_0002";"NE_0002";"NE_0002";"NE_0002";"NE_0002";"NE_0002";"NE_0002"
"2023";"06";"021807";"ANCASH";"SANTA";"SAMANCO";"GOBIERNO REGIONAL";"I-2";"00001711";"PUESTO DE SALUD SAMANCO";"NE_0001";"";"NE_0001";"NE_0001";"NE_0001";"NE_0001";"NE_0001";"NE_0001";"NE_0001"
"2023";"05";"150101";"LIMA";"LIMA";"LIMA";"PRIVADO";"II-E";"00011167";"OFTALMOMEDIC";"NE_0001";"";"NE_0001";"NE_0001";"NE_0001";"NE_0001";"NE_0001";"NE_0001";"NE_0001"
"2023";"06";"150117";"LIMA";"LIMA";"LOS OLIVOS";"PRIVADO";"II-E";"00023852";"OFTALMOSALUD";"NE_0001";"";"NE_0001";"NE_0001";"NE_0001";"NE_0001";"NE_0001";"NE_0001";"NE_0001"
"2023";"06";"110101";"ICA";"ICA";"ICA";"ESSALUD";"II-1";"00013912";"FELIX TORREALVA GUTIERREZ";"241900";"HOSPITALIZACIÓN DE MEDICINA MEDICINA INTERNA ";"299";"292";"1378";"1534";"64";"1920";"13"
"2023";"06";"110101";"ICA";"ICA";"ICA";"ESSALUD";"II-1";"00013912";"FELIX TORREALVA GUTIERREZ";"241900";"HOSPITALIZACIÓN DE MEDICINA MEDICINA INTERNA ";"13";"5";"69";"148";"6";"180";"2"
"2023";"06";"110101";"ICA";"ICA";"ICA";"ESSALUD";"II-1";"00013912";"FELIX TORREALVA GUTIERREZ";"240100";"HOSPITALIZACIÓN QUIRÚRGICA CIRUGÍA GENERAL ";"128";"146";"357";"339";"16";"480";"0"
"2023";"06";"110101";"ICA";"ICA";"ICA";"ESSALUD";"II-1";"00013912";"FELIX TORREALVA GUTIERREZ";"241500";"HOSPITALIZACIÓN QUIRÚRGICA GINECOLOGÍA  ";"27";"24";"59";"63";"4";"120";"0"
"2023";"06";"110101";"ICA";"ICA";"ICA";"ESSALUD";"II-1";"00013912";"FELIX TORREALVA GUTIERREZ";"241500";"HOSPITALIZACIÓN QUIRÚRGICA GINECOLOGÍA  ";"140";"141";"271";"262";"14";"420";"0"
"2023";"06";"110101";"ICA";"ICA";"ICA";"PRIVADO";"I-3";"00028251";"EL GALENO";"NE_0001";"";"NE_0001";"NE_0001";"NE_0001";"NE_0001";"NE_0001";"NE_0001";"NE_0001"
"2023";"06";"020101";"ANCASH";"HUARAZ";"HUARAZ";"GOBIERNO REGIONAL";"II-2";"00001543";"HOSPITAL ""VICTOR RAMOS GUARDIA"" - HUARAZ";"244000";"HOSPITALIZACIÓN DE MEDICINA CARDIOLOGIA ";"7";"8";"47";"44";"2";"60";"0"
"2023";"06";"020101";"ANCASH";"HUARAZ";"HUARAZ";"GOBIERNO REGIONAL";"II-2";"00001543";"HOSPITAL ""VICTOR RAMOS GUARDIA"" - HUARAZ";"244300";"HOSPITALIZACIÓN DE MEDICINA GASTROENTEROLOGÍA  ";"13";"16";"111";"96";"4";"120";"1"
"2023";"06";"020101";"ANCASH";"HUARAZ";"HUARAZ";"GOBIERNO REGIONAL";"II-2";"00001543";"HOSPITAL ""VICTOR RAMOS GUARDIA"" - HUARAZ";"241800";"HOSPITALIZACIÓN DE MEDICINA MEDICINA GENERAL ";"21";"30";"272";"270";"9";"270";"1"
"2023";"06";"020101";"ANCASH";"HUARAZ";"HUARAZ";"GOBIERNO REGIONAL";"II-2";"00001543";"HOSPITAL ""VICTOR RAMOS GUARDIA"" - HUARAZ";"245300";"HOSPITALIZACIÓN DE MEDICINA NEUMOLOGÍA  ";"31";"38";"320";"301";"11";"330";"8"
"2023";"06";"020101";"ANCASH";"HUARAZ";"HUARAZ";"GOBIERNO REGIONAL";"II-2";"00001543";"HOSPITAL ""VICTOR RAMOS GUARDIA"" - HUARAZ";"244700";"HOSPITALIZACIÓN DE MEDICINA NEUROLOGIA  ";"7";"10";"107";"64";"3";"90";"0"
"2023";"06";"020101";"ANCASH";"HUARAZ";"HUARAZ";"GOBIERNO REGIONAL";"II-2";"00001543";"HOSPITAL ""VICTOR RAMOS GUARDIA"" - HUARAZ";"242200";"HOSPITALIZACIÓN DE MEDICINA PSIQUIATRÍA ";"4";"10";"132";"152";"6";"180";"0"
"2023";"06";"020101";"ANCASH";"HUARAZ";"HUARAZ";"GOBIERNO REGIONAL";"II-2";"00001543";"HOSPITAL ""VICTOR RAMOS GUARDIA"" - HUARAZ";"240100";"HOSPITALIZACIÓN QUIRÚRGICA CIRUGÍA GENERAL ";"103";"119";"695";"402";"19";"570";"0"
"2023";"06";"020101";"ANCASH";"HUARAZ";"HUARAZ";"GOBIERNO REGIONAL";"II-2";"00001543";"HOSPITAL ""VICTOR RAMOS GUARDIA"" - HUARAZ";"240900";"HOSPITALIZACIÓN QUIRÚRGICA NEUROCIRUGÍA ";"4";"6";"55";"49";"2";"60";"0"
"2023";"06";"020101";"ANCASH";"HUARAZ";"HUARAZ";"GOBIERNO REGIONAL";"II-2";"00001543";"HOSPITAL ""VICTOR RAMOS GUARDIA"" - HUARAZ";"241200";"HOSPITALIZACIÓN QUIRÚRGICA TRAUMATOLOGÍA Y ORTOPEDIA ";"32";"64";"1091";"758";"28";"840";"1"
"2023";"06";"020101";"ANCASH";"HUARAZ";"HUARAZ";"GOBIERNO REGIONAL";"II-2";"00001543";"HOSPITAL ""VICTOR RAMOS GUARDIA"" - HUARAZ";"241300";"HOSPITALIZACIÓN QUIRÚRGICA UROLOGÍA  ";"9";"9";"24";"31";"2";"60";"0"
"2023";"06";"020101";"ANCASH";"HUARAZ";"HUARAZ";"GOBIERNO REGIONAL";"II-2";"00001543";"HOSPITAL ""VICTOR RAMOS GUARDIA"" - HUARAZ";"241500";"HOSPITALIZACIÓN QUIRÚRGICA GINECOLOGÍA  ";"19";"22";"65";"63";"3";"90";"0"
"2023";"06";"020101";"ANCASH";"HUARAZ";"HUARAZ";"GOBIERNO REGIONAL";"II-2";"00001543";"HOSPITAL ""VICTOR RAMOS GUARDIA"" - HUARAZ";"241600";"HOSPITALIZACIÓN QUIRÚRGICA OBSTETRICIA   ";"267";"284";"609";"620";"24";"720";"0"
"2023";"06";"020101";"ANCASH";"HUARAZ";"HUARAZ";"GOBIERNO REGIONAL";"II-2";"00001543";"HOSPITAL ""VICTOR RAMOS GUARDIA"" - HUARAZ";"242500";"HOSPITALIZACIÓN-PEDIATRÍA GENERAL-";"63";"80";"400";"308";"14";"420";"1"
"2023";"06";"020101";"ANCASH";"HUARAZ";"HUARAZ";"GOBIERNO REGIONAL";"II-2";"00001543";"HOSPITAL ""VICTOR RAMOS GUARDIA"" - HUARAZ";"243200";"HOSPITALIZACIÓN DE PEDIATRÍA PEDIATRIA NEONATOLOGÍA";"17";"28";"336";"333";"15";"450";"0"
"2023";"06";"020101";"ANCASH";"HUARAZ";"HUARAZ";"GOBIERNO REGIONAL";"II-2";"00001543";"HOSPITAL ""VICTOR RAMOS GUARDIA"" - HUARAZ";"250000";"UNIDAD DE CUIDADOS CRITICOS  ";"7";"9";"98";"224";"8";"240";"3"
"2023";"06";"120114";"JUNIN";"HUANCAYO";"EL TAMBO";"PRIVADO";"II-E";"00025383";"CLINICA MEDICO QUIRURGICO HUANCAYO E.I.R.L.";"241300";"HOSPITALIZACIÓN QUIRÚRGICA UROLOGÍA  ";"1";"1";"4";"10";"14";"150";"0"
"2023";"06";"120114";"JUNIN";"HUANCAYO";"EL TAMBO";"PRIVADO";"II-E";"00025383";"CLINICA MEDICO QUIRURGICO HUANCAYO E.I.R.L.";"240900";"HOSPITALIZACIÓN QUIRÚRGICA NEUROCIRUGÍA ";"5";"4";"32";"5";"10";"75";"0"
"2023";"06";"120114";"JUNIN";"HUANCAYO";"EL TAMBO";"PRIVADO";"II-E";"00025383";"CLINICA MEDICO QUIRURGICO HUANCAYO E.I.R.L.";"240100";"HOSPITALIZACIÓN QUIRÚRGICA CIRUGÍA GENERAL ";"1";"1";"1";"5";"14";"45";"0"
"2023";"06";"120114";"JUNIN";"HUANCAYO";"EL TAMBO";"PRIVADO";"II-E";"00025383";"CLINICA MEDICO QUIRURGICO HUANCAYO E.I.R.L.";"241100";"HOSPITALIZACIÓN QUIRÚRGICA OTORRINOLARINGOLOGÍA  ";"2";"2";"8";"2";"13";"30";"0"
"2023";"06";"150111";"LIMA";"LIMA";"EL AGUSTINO";"MINSA";"III-1";"00005946";"HOSPITAL NACIONAL HIPOLITO UNANUE";"241600";"HOSPITALIZACIÓN QUIRÚRGICA OBSTETRICIA   ";"407";"468";"974";"1281";"79";"2370";"0"
"2023";"06";"150111";"LIMA";"LIMA";"EL AGUSTINO";"MINSA";"III-1";"00005946";"HOSPITAL NACIONAL HIPOLITO UNANUE";"241500";"HOSPITALIZACIÓN QUIRÚRGICA GINECOLOGÍA  ";"154";"87";"334";"256";"12";"360";"0"
"2023";"06";"150111";"LIMA";"LIMA";"EL AGUSTINO";"MINSA";"III-1";"00005946";"HOSPITAL NACIONAL HIPOLITO UNANUE";"240100";"HOSPITALIZACIÓN QUIRÚRGICA CIRUGÍA GENERAL ";"244";"232";"1959";"1807";"67";"2010";"4"
"2023";"06";"150111";"LIMA";"LIMA";"EL AGUSTINO";"MINSA";"III-1";"00005946";"HOSPITAL NACIONAL HIPOLITO UNANUE";"242000";"HOSPITALIZACIÓN DE MEDICINA MEDICINA TROPICAL E INFECCIOSAS ";"28";"31";"387";"394";"16";"480";"0"
"2023";"06";"150111";"LIMA";"LIMA";"EL AGUSTINO";"MINSA";"III-1";"00005946";"HOSPITAL NACIONAL HIPOLITO UNANUE";"243200";"HOSPITALIZACIÓN DE PEDIATRÍA PEDIATRIA NEONATOLOGÍA";"109";"62";"754";"1094";"50";"1500";"5"
"2023";"06";"150111";"LIMA";"LIMA";"EL AGUSTINO";"MINSA";"III-1";"00005946";"HOSPITAL NACIONAL HIPOLITO UNANUE";"240900";"HOSPITALIZACIÓN QUIRÚRGICA NEUROCIRUGÍA ";"10";"25";"375";"441";"16";"480";"3"
"2023";"06";"150111";"LIMA";"LIMA";"EL AGUSTINO";"MINSA";"III-1";"00005946";"HOSPITAL NACIONAL HIPOLITO UNANUE";"241300";"HOSPITALIZACIÓN QUIRÚRGICA UROLOGÍA  ";"37";"37";"361";"324";"11";"330";"0"
"2023";"06";"150111";"LIMA";"LIMA";"EL AGUSTINO";"MINSA";"III-1";"00005946";"HOSPITAL NACIONAL HIPOLITO UNANUE";"240200";"HOSPITALIZACIÓN QUIRÚRGICA CIRUGÍA DE CABEZA Y CUELLO / MÁXILO FACIAL ";"29";"38";"404";"354";"12";"360";"0"
"2023";"06";"150111";"LIMA";"LIMA";"EL AGUSTINO";"MINSA";"III-1";"00005946";"HOSPITAL NACIONAL HIPOLITO UNANUE";"241800";"HOSPITALIZACIÓN DE MEDICINA MEDICINA GENERAL ";"251";"255";"2706";"2585";"89";"2670";"25"
"2023";"06";"150111";"LIMA";"LIMA";"EL AGUSTINO";"MINSA";"III-1";"00005946";"HOSPITAL NACIONAL HIPOLITO UNANUE";"240400";"HOSPITALIZACIÓN QUIRÚRGICA CIRUGÍA DE TÓRAX Y CARDIOVASCULAR ";"134";"123";"2747";"2750";"126";"3780";"11"
"2023";"06";"150111";"LIMA";"LIMA";"EL AGUSTINO";"MINSA";"III-1";"00005946";"HOSPITAL NACIONAL HIPOLITO UNANUE";"241200";"HOSPITALIZACIÓN QUIRÚRGICA TRAUMATOLOGÍA Y ORTOPEDIA ";"57";"57";"679";"864";"29";"870";"0"
"2023";"06";"150111";"LIMA";"LIMA";"EL AGUSTINO";"MINSA";"III-1";"00005946";"HOSPITAL NACIONAL HIPOLITO UNANUE";"240800";"HOSPITALIZACIÓN QUIRÚRGICA CIRUGÍA PLÁSTICA/RECONSTRUCTIVA/ REPARADORA ";"7";"13";"484";"374";"13";"390";"0"
"2023";"06";"150111";"LIMA";"LIMA";"EL AGUSTINO";"MINSA";"III-1";"00005946";"HOSPITAL NACIONAL HIPOLITO UNANUE";"242500";"HOSPITALIZACIÓN-PEDIATRÍA GENERAL-";"73";"60";"535";"780";"34";"1020";"0"
"2023";"06";"150111";"LIMA";"LIMA";"EL AGUSTINO";"MINSA";"III-1";"00005946";"HOSPITAL NACIONAL HIPOLITO UNANUE";"241100";"HOSPITALIZACIÓN QUIRÚRGICA OTORRINOLARINGOLOGÍA  ";"19";"19";"77";"78";"3";"90";"0"
"2023";"06";"150111";"LIMA";"LIMA";"EL AGUSTINO";"MINSA";"III-1";"00005946";"HOSPITAL NACIONAL HIPOLITO UNANUE";"240300";"HOSPITALIZACIÓN QUIRÚRGICA CIRUGÍA DIGESTIVA ";"59";"55";"445";"599";"21";"630";"2"
"2023";"06";"150111";"LIMA";"LIMA";"EL AGUSTINO";"MINSA";"III-1";"00005946";"HOSPITAL NACIONAL HIPOLITO UNANUE";"240700";"HOSPITALIZACIÓN QUIRÚRGICA CIRUGÍA PEDIÁTRICA ";"36";"26";"98";"240";"10";"300";"0"
"2023";"06";"150111";"LIMA";"LIMA";"EL AGUSTINO";"MINSA";"III-1";"00005946";"HOSPITAL NACIONAL HIPOLITO UNANUE";"250100";"UNIDAD DE CUIDADOS CRITICOS UNIDAD  DE CUIDADOS INTENSIVOS GENERALES (UCI) ";"36";"7";"93";"329";"13";"390";"7"
"2023";"06";"150111";"LIMA";"LIMA";"EL AGUSTINO";"MINSA";"III-1";"00005946";"HOSPITAL NACIONAL HIPOLITO UNANUE";"240600";"HOSPITALIZACIÓN QUIRÚRGICA CIRUGÍA OFTALMOLÓGICA ";"5";"5";"13";"13";"1";"30";"0"
"2023";"06";"150111";"LIMA";"LIMA";"EL AGUSTINO";"MINSA";"III-1";"00005946";"HOSPITAL NACIONAL HIPOLITO UNANUE";"242200";"HOSPITALIZACIÓN DE MEDICINA PSIQUIATRÍA ";"3";"4";"30";"20";"3";"90";"0"
"2023";"06";"220503";"SAN MARTIN";"LAMAS";"BARRANQUITA";"GOBIERNO REGIONAL";"I-1";"00006435";"SANTA CLARA";"NE_0001";"";"NE_0001";"NE_0001";"NE_0001";"NE_0001";"NE_0001";"NE_0001";"NE_0001"
"2023";"06";"220503";"SAN MARTIN";"LAMAS";"BARRANQUITA";"GOBIERNO REGIONAL";"I-1";"00006433";"PUERTO PIZARRO";"NE_0001";"";"NE_0001";"NE_0001";"NE_0001";"NE_0001";"NE_0001";"NE_0001";"NE_0001"
"2023";"06";"220503";"SAN MARTIN";"LAMAS";"BARRANQUITA";"GOBIERNO REGIONAL";"I-1";"00007401";"SANANGO";"NE_0001";"";"NE_0001";"NE_0001";"NE_0001";"NE_0001";"NE_0001";"NE_0001";"NE_0001"
"2023";"06";"220503";"SAN MARTIN";"LAMAS";"BARRANQUITA";"GOBIERNO REGIONAL";"I-3";"00006432";"BARRANQUITA CAYNARACHI";"NE_0001";"";"NE_0001";"NE_0001";"NE_0001";"NE_0001";"NE_0001";"NE_0001";"NE_0001"
"2023";"06";"220401";"SAN MARTIN";"HUALLAGA";"SAPOSOA";"GOBIERNO REGIONAL";"I-1";"00006531";"ALMENDRAS";"NE_0001";"";"NE_0001";"NE_0001";"NE_0001";"NE_0001";"NE_0001";"NE_0001";"NE_0001"
"2023";"06";"220404";"SAN MARTIN";"HUALLAGA";"PISCOYACU";"GOBIERNO REGIONAL";"I-1";"00006533";"PISCOYACU";"NE_0001";"";"NE_0001";"NE_0001";"NE_0001";"NE_0001";"NE_0001";"NE_0001";"NE_0001"
"2023";"06";"220401";"SAN MARTIN";"HUALLAGA";"SAPOSOA";"GOBIERNO REGIONAL";"I-1";"00021587";"ALTO PACHIZA";"NE_0001";"";"NE_0001";"NE_0001";"NE_0001";"NE_0001";"NE_0001";"NE_0001";"NE_0001"
"2023";"06";"220401";"SAN MARTIN";"HUALLAGA";"SAPOSOA";"GOBIERNO REGIONAL";"I-1";"00006532";"PALTAICO";"NE_0001";"";"NE_0001";"NE_0001";"NE_0001";"NE_0001";"NE_0001";"NE_0001";"NE_0001"
"2023";"06";"220401";"SAN MARTIN";"HUALLAGA";"SAPOSOA";"GOBIERNO REGIONAL";"I-1";"00006530";"7 DE JUNIO-AHUIHUA";"NE_0001";"";"NE_0001";"NE_0001";"NE_0001";"NE_0001";"NE_0001";"NE_0001";"NE_0001"
"2023";"06";"220402";"SAN MARTIN";"HUALLAGA";"ALTO SAPOSOA";"GOBIERNO REGIONAL";"I-1";"00006541";"YACUSISA";"NE_0001";"";"NE_0001";"NE_0001";"NE_0001";"NE_0001";"NE_0001";"NE_0001";"NE_0001"
"2023";"06";"220401";"SAN MARTIN";"HUALLAGA";"SAPOSOA";"GOBIERNO REGIONAL";"I-3";"00006538";"EL DORADO";"NE_0001";"";"NE_0001";"NE_0001";"NE_0001";"NE_0001";"NE_0001";"NE_0001";"NE_0001"
"2023";"06";"220401";"SAN MARTIN";"HUALLAGA";"SAPOSOA";"GOBIERNO REGIONAL";"I-3";"00006538";"EL DORADO";"241600";"HOSPITALIZACIÓN QUIRÚRGICA OBSTETRICIA   ";"3";"3";"3";"8";"4";"30";"0"
"2023";"06";"220401";"SAN MARTIN";"HUALLAGA";"SAPOSOA";"GOBIERNO REGIONAL";"I-1";"00006536";"INTIYACU";"NE_0001";"";"NE_0001";"NE_0001";"NE_0001";"NE_0001";"NE_0001";"NE_0001";"NE_0001"
"2023";"06";"220401";"SAN MARTIN";"HUALLAGA";"SAPOSOA";"GOBIERNO REGIONAL";"I-1";"00006537";"CHAMBIRA";"NE_0001";"";"NE_0001";"NE_0001";"NE_0001";"NE_0001";"NE_0001";"NE_0001";"NE_0001"
"2023";"06";"220402";"SAN MARTIN";"HUALLAGA";"ALTO SAPOSOA";"GOBIERNO REGIONAL";"I-2";"00006539";"PASARRAYA";"NE_0001";"";"NE_0001";"NE_0001";"NE_0001";"NE_0001";"NE_0001";"NE_0001";"NE_0001"
"2023";"06";"220401";"SAN MARTIN";"HUALLAGA";"SAPOSOA";"GOBIERNO REGIONAL";"I-1";"00026163";"AGUA AZUL";"NE_0001";"";"NE_0001";"NE_0001";"NE_0001";"NE_0001";"NE_0001";"NE_0001";"NE_0001"
"2023";"06";"220401";"SAN MARTIN";"HUALLAGA";"SAPOSOA";"GOBIERNO REGIONAL";"I-1";"00006534";"SAN ANDRES";"NE_0001";"";"NE_0001";"NE_0001";"NE_0001";"NE_0001";"NE_0001";"NE_0001";"NE_0001"
"2023";"06";"220401";"SAN MARTIN";"HUALLAGA";"SAPOSOA";"GOBIERNO REGIONAL";"I-1";"00006535";"SAN REGIS";"NE_0001";"";"NE_0001";"NE_0001";"NE_0001";"NE_0001";"NE_0001";"NE_0001";"NE_0001"
"2023";"06";"220402";"SAN MARTIN";"HUALLAGA";"ALTO SAPOSOA";"GOBIERNO REGIONAL";"I-1";"00006540";"NUEVA VIDA";"NE_0001";"";"NE_0001";"NE_0001";"NE_0001";"NE_0001";"NE_0001";"NE_0001";"NE_0001"
"2023";"06";"220401";"SAN MARTIN";"HUALLAGA";"SAPOSOA";"GOBIERNO REGIONAL";"I-1";"00006531";"ALMENDRAS";"NE_0001";"";"NE_0001";"NE_0001";"NE_0001";"NE_0001";"NE_0001";"NE_0001";"NE_0001"
"2023";"06";"220404";"SAN MARTIN";"HUALLAGA";"PISCOYACU";"GOBIERNO REGIONAL";"I-1";"00006533";"PISCOYACU";"NE_0001";"";"NE_0001";"NE_0001";"NE_0001";"NE_0001";"NE_0001";"NE_0001";"NE_0001"
"2023";"06";"220401";"SAN MARTIN";"HUALLAGA";"SAPOSOA";"GOBIERNO REGIONAL";"I-1";"00021587";"ALTO PACHIZA";"NE_0001";"";"NE_0001";"NE_0001";"NE_0001";"NE_0001";"NE_0001";"NE_0001";"NE_0001"
"2023";"06";"220401";"SAN MARTIN";"HUALLAGA";"SAPOSOA";"GOBIERNO REGIONAL";"I-1";"00006532";"PALTAICO";"NE_0001";"";"NE_0001";"NE_0001";"NE_0001";"NE_0001";"NE_0001";"NE_0001";"NE_0001"
"2023";"06";"220401";"SAN MARTIN";"HUALLAGA";"SAPOSOA";"GOBIERNO REGIONAL";"I-1";"00006530";"7 DE JUNIO-AHUIHUA";"NE_0001";"";"NE_0001";"NE_0001";"NE_0001";"NE_0001";"NE_0001";"NE_0001";"NE_0001"
"2023";"06";"220402";"SAN MARTIN";"HUALLAGA";"ALTO SAPOSOA";"GOBIERNO REGIONAL";"I-1";"00006541";"YACUSISA";"NE_0001";"";"NE_0001";"NE_0001";"NE_0001";"NE_0001";"NE_0001";"NE_0001";"NE_0001"
"2023";"06";"220401";"SAN MARTIN";"HUALLAGA";"SAPOSOA";"GOBIERNO REGIONAL";"I-3";"00006538";"EL DORADO";"NE_0001";"";"NE_0001";"NE_0001";"NE_0001";"NE_0001";"NE_0001";"NE_0001";"NE_0001"
"2023";"06";"220401";"SAN MARTIN";"HUALLAGA";"SAPOSOA";"GOBIERNO REGIONAL";"I-3";"00006538";"EL DORADO";"241600";"HOSPITALIZACIÓN QUIRÚRGICA OBSTETRICIA   ";"3";"3";"3";"8";"4";"30";"0"
"2023";"06";"220401";"SAN MARTIN";"HUALLAGA";"SAPOSOA";"GOBIERNO REGIONAL";"I-1";"00006536";"INTIYACU";"NE_0001";"";"NE_0001";"NE_0001";"NE_0001";"NE_0001";"NE_0001";"NE_0001";"NE_0001"
"2023";"06";"220401";"SAN MARTIN";"HUALLAGA";"SAPOSOA";"GOBIERNO REGIONAL";"I-1";"00006537";"CHAMBIRA";"NE_0001";"";"NE_0001";"NE_0001";"NE_0001";"NE_0001";"NE_0001";"NE_0001";"NE_0001"
"2023";"06";"220402";"SAN MARTIN";"HUALLAGA";"ALTO SAPOSOA";"GOBIERNO REGIONAL";"I-2";"00006539";"PASARRAYA";"NE_0001";"";"NE_0001";"NE_0001";"NE_0001";"NE_0001";"NE_0001";"NE_0001";"NE_0001"
"2023";"06";"220401";"SAN MARTIN";"HUALLAGA";"SAPOSOA";"GOBIERNO REGIONAL";"I-1";"00026163";"AGUA AZUL";"NE_0001";"";"NE_0001";"NE_0001";"NE_0001";"NE_0001";"NE_0001";"NE_0001";"NE_0001"
"2023";"06";"200104";"PIURA";"PIURA";"CASTILLA";"ESSALUD";"I-3";"00010243";"CAP III CASTILLA";"NE_0001";"";"NE_0001";"NE_0001";"NE_0001";"NE_0001";"NE_0001";"NE_0001";"NE_0001"
"2023";"06";"050909";"AYACUCHO";"SUCRE";"SAN SALVADOR DE QUIJE";"GOBIERNO REGIONAL";"I-1";"00006900";"PUESTO DE SALUD VISTA ALEGRE - SUCRE";"NE_0001";"";"NE_0001";"NE_0001";"NE_0001";"NE_0001";"NE_0001";"NE_0001";"NE_0001"
"2023";"06";"050904";"AYACUCHO";"SUCRE";"CHILCAYOC";"GOBIERNO REGIONAL";"I-2";"00003805";"PUESTO DE SALUD CHILCAYOCC";"NE_0001";"";"NE_0001";"NE_0001";"NE_0001";"NE_0001";"NE_0001";"NE_0001";"NE_0001"
"2023";"06";"050909";"AYACUCHO";"SUCRE";"SAN SALVADOR DE QUIJE";"GOBIERNO REGIONAL";"I-1";"00003806";"PUESTO DE SALUD SAN SALVADOR DE QUIJE";"NE_0001";"";"NE_0001";"NE_0001";"NE_0001";"NE_0001";"NE_0001";"NE_0001";"NE_0001"
"2023";"06";"050907";"AYACUCHO";"SUCRE";"PAICO";"GOBIERNO REGIONAL";"I-1";"00003813";"PUESTO DE SALUD PAICO";"NE_0001";"";"NE_0001";"NE_0001";"NE_0001";"NE_0001";"NE_0001";"NE_0001";"NE_0001"
"2023";"06";"050905";"AYACUCHO";"SUCRE";"HUACAÑA";"GOBIERNO REGIONAL";"I-1";"00003719";"PUESTO DE SALUD HUACAÑA";"NE_0001";"";"NE_0001";"NE_0001";"NE_0001";"NE_0001";"NE_0001";"NE_0001";"NE_0001"
"2023";"06";"050901";"AYACUCHO";"SUCRE";"QUEROBAMBA";"GOBIERNO REGIONAL";"I-1";"00003802";"PUESTO DE SALUD POTONGO";"NE_0001";"";"NE_0001";"NE_0001";"NE_0001";"NE_0001";"NE_0001";"NE_0001";"NE_0001"
"2023";"06";"050910";"AYACUCHO";"SUCRE";"SANTIAGO DE PAUCARAY";"GOBIERNO REGIONAL";"I-1";"00007096";"PUESTO DE SALUD AUTAMA";"NE_0001";"";"NE_0001";"NE_0001";"NE_0001";"NE_0001";"NE_0001";"NE_0001";"NE_0001"
"2023";"06";"050906";"AYACUCHO";"SUCRE";"MORCOLLA";"GOBIERNO REGIONAL";"I-1";"00003812";"PUESTO DE SALUD HUACO";"NE_0001";"";"NE_0001";"NE_0001";"NE_0001";"NE_0001";"NE_0001";"NE_0001";"NE_0001"
"2023";"06";"050901";"AYACUCHO";"SUCRE";"QUEROBAMBA";"GOBIERNO REGIONAL";"I-1";"00003809";"PUESTO DE SALUD CHONTA";"NE_0001";"";"NE_0001";"NE_0001";"NE_0001";"NE_0001";"NE_0001";"NE_0001";"NE_0001"
"2023";"06";"050906";"AYACUCHO";"SUCRE";"MORCOLLA";"GOBIERNO REGIONAL";"I-1";"00003810";"PUESTO DE SALUD MORCOLLA";"NE_0001";"";"NE_0001";"NE_0001";"NE_0001";"NE_0001";"NE_0001";"NE_0001";"NE_0001"
"2023";"06";"050906";"AYACUCHO";"SUCRE";"MORCOLLA";"GOBIERNO REGIONAL";"I-1";"00003811";"PUESTO DE SALUD TINTAY";"NE_0001";"";"NE_0001";"NE_0001";"NE_0001";"NE_0001";"NE_0001";"NE_0001";"NE_0001"
"2023";"06";"050907";"AYACUCHO";"SUCRE";"PAICO";"GOBIERNO REGIONAL";"I-1";"00003814";"PUESTO DE SALUD SIHUE";"NE_0001";"";"NE_0001";"NE_0001";"NE_0001";"NE_0001";"NE_0001";"NE_0001";"NE_0001"
"2023";"06";"050910";"AYACUCHO";"SUCRE";"SANTIAGO DE PAUCARAY";"GOBIERNO REGIONAL";"I-1";"00003816";"PUESTO DE SALUD SANTIAGO DE PAUCARAY";"NE_0001";"";"NE_0001";"NE_0001";"NE_0001";"NE_0001";"NE_0001";"NE_0001";"NE_0001"
"2023";"06";"050911";"AYACUCHO";"SUCRE";"SORAS";"GOBIERNO REGIONAL";"I-3";"00003818";"CENTRO DE SALUD SORAS";"NE_0002";"";"NE_0002";"NE_0002";"NE_0002";"NE_0002";"NE_0002";"NE_0002";"NE_0002"
"2023";"06";"050902";"AYACUCHO";"SUCRE";"BELEN";"GOBIERNO REGIONAL";"I-1";"00003803";"PUESTO DE SALUD BELEN";"NE_0001";"";"NE_0001";"NE_0001";"NE_0001";"NE_0001";"NE_0001";"NE_0001";"NE_0001"
"2023";"06";"050909";"AYACUCHO";"SUCRE";"SAN SALVADOR DE QUIJE";"GOBIERNO REGIONAL";"I-1";"00003807";"PUESTO DE SALUD SANTIAGO DE PALLCCA";"NE_0001";"";"NE_0001";"NE_0001";"NE_0001";"NE_0001";"NE_0001";"NE_0001";"NE_0001"
"2023";"06";"050903";"AYACUCHO";"SUCRE";"CHALCOS";"GOBIERNO REGIONAL";"I-1";"00003804";"PUESTO DE SALUD CHALCOS";"NE_0001";"";"NE_0001";"NE_0001";"NE_0001";"NE_0001";"NE_0001";"NE_0001";"NE_0001"
"2023";"06";"050908";"AYACUCHO";"SUCRE";"SAN PEDRO DE LARCAY";"GOBIERNO REGIONAL";"I-2";"00003815";"SAN PEDRO DE LARCAY";"NE_0001";"";"NE_0001";"NE_0001";"NE_0001";"NE_0001";"NE_0001";"NE_0001";"NE_0001"
"2023";"06";"050910";"AYACUCHO";"SUCRE";"SANTIAGO DE PAUCARAY";"GOBIERNO REGIONAL";"I-1";"00003817";"PUESTO DE SALUD ATIHUARA";"NE_0001";"";"NE_0001";"NE_0001";"NE_0001";"NE_0001";"NE_0001";"NE_0001";"NE_0001"
"2023";"06";"050909";"AYACUCHO";"SUCRE";"SAN SALVADOR DE QUIJE";"GOBIERNO REGIONAL";"I-1";"00006900";"PUESTO DE SALUD VISTA ALEGRE - SUCRE";"NE_0001";"";"NE_0001";"NE_0001";"NE_0001";"NE_0001";"NE_0001";"NE_0001";"NE_0001"
"2023";"06";"080105";"CUSCO";"CUSCO";"SAN SEBASTIAN";"SANIDAD DE LA POLICIA NACIONAL DEL PERU";"I-3";"00011743";"POLICIAL ""SANTA ROSA""  CUSCO";"NE_0001";"";"NE_0001";"NE_0001";"NE_0001";"NE_0001";"NE_0001";"NE_0001";"NE_0001"
"2023";"06";"050904";"AYACUCHO";"SUCRE";"CHILCAYOC";"GOBIERNO REGIONAL";"I-2";"00003805";"PUESTO DE SALUD CHILCAYOCC";"NE_0001";"";"NE_0001";"NE_0001";"NE_0001";"NE_0001";"NE_0001";"NE_0001";"NE_0001"
"2023";"06";"050909";"AYACUCHO";"SUCRE";"SAN SALVADOR DE QUIJE";"GOBIERNO REGIONAL";"I-1";"00003806";"PUESTO DE SALUD SAN SALVADOR DE QUIJE";"NE_0001";"";"NE_0001";"NE_0001";"NE_0001";"NE_0001";"NE_0001";"NE_0001";"NE_0001"
"2023";"06";"050901";"AYACUCHO";"SUCRE";"QUEROBAMBA";"GOBIERNO REGIONAL";"I-4";"00003808";"CENTRO DE SALUD QUEROBAMBA";"241600";"HOSPITALIZACIÓN QUIRÚRGICA OBSTETRICIA   ";"5";"5";"8";"2";"10";"11";"0"
"2023";"06";"050907";"AYACUCHO";"SUCRE";"PAICO";"GOBIERNO REGIONAL";"I-1";"00003813";"PUESTO DE SALUD PAICO";"NE_0001";"";"NE_0001";"NE_0001";"NE_0001";"NE_0001";"NE_0001";"NE_0001";"NE_0001"
"2023";"06";"050905";"AYACUCHO";"SUCRE";"HUACAÑA";"GOBIERNO REGIONAL";"I-1";"00003719";"PUESTO DE SALUD HUACAÑA";"NE_0001";"";"NE_0001";"NE_0001";"NE_0001";"NE_0001";"NE_0001";"NE_0001";"NE_0001"
"2023";"06";"050901";"AYACUCHO";"SUCRE";"QUEROBAMBA";"GOBIERNO REGIONAL";"I-1";"00003802";"PUESTO DE SALUD POTONGO";"NE_0001";"";"NE_0001";"NE_0001";"NE_0001";"NE_0001";"NE_0001";"NE_0001";"NE_0001"
"2023";"06";"050910";"AYACUCHO";"SUCRE";"SANTIAGO DE PAUCARAY";"GOBIERNO REGIONAL";"I-1";"00007096";"PUESTO DE SALUD AUTAMA";"NE_0001";"";"NE_0001";"NE_0001";"NE_0001";"NE_0001";"NE_0001";"NE_0001";"NE_0001"
"2023";"06";"050906";"AYACUCHO";"SUCRE";"MORCOLLA";"GOBIERNO REGIONAL";"I-1";"00003812";"PUESTO DE SALUD HUACO";"NE_0001";"";"NE_0001";"NE_0001";"NE_0001";"NE_0001";"NE_0001";"NE_0001";"NE_0001"
"2023";"06";"050901";"AYACUCHO";"SUCRE";"QUEROBAMBA";"GOBIERNO REGIONAL";"I-1";"00003809";"PUESTO DE SALUD CHONTA";"NE_0001";"";"NE_0001";"NE_0001";"NE_0001";"NE_0001";"NE_0001";"NE_0001";"NE_0001"
"2023";"06";"050906";"AYACUCHO";"SUCRE";"MORCOLLA";"GOBIERNO REGIONAL";"I-1";"00003810";"PUESTO DE SALUD MORCOLLA";"NE_0001";"";"NE_0001";"NE_0001";"NE_0001";"NE_0001";"NE_0001";"NE_0001";"NE_0001"
"2023";"06";"050906";"AYACUCHO";"SUCRE";"MORCOLLA";"GOBIERNO REGIONAL";"I-1";"00003811";"PUESTO DE SALUD TINTAY";"NE_0001";"";"NE_0001";"NE_0001";"NE_0001";"NE_0001";"NE_0001";"NE_0001";"NE_0001"
"2023";"06";"050907";"AYACUCHO";"SUCRE";"PAICO";"GOBIERNO REGIONAL";"I-1";"00003814";"PUESTO DE SALUD SIHUE";"NE_0001";"";"NE_0001";"NE_0001";"NE_0001";"NE_0001";"NE_0001";"NE_0001";"NE_0001"
"2023";"06";"050910";"AYACUCHO";"SUCRE";"SANTIAGO DE PAUCARAY";"GOBIERNO REGIONAL";"I-1";"00003816";"PUESTO DE SALUD SANTIAGO DE PAUCARAY";"NE_0001";"";"NE_0001";"NE_0001";"NE_0001";"NE_0001";"NE_0001";"NE_0001";"NE_0001"
"2023";"06";"050911";"AYACUCHO";"SUCRE";"SORAS";"GOBIERNO REGIONAL";"I-3";"00003818";"CENTRO DE SALUD SORAS";"NE_0002";"";"NE_0002";"NE_0002";"NE_0002";"NE_0002";"NE_0002";"NE_0002";"NE_0002"
"2023";"06";"050908";"AYACUCHO";"SUCRE";"SAN PEDRO DE LARCAY";"GOBIERNO REGIONAL";"I-2";"00003815";"SAN PEDRO DE LARCAY";"NE_0001";"";"NE_0001";"NE_0001";"NE_0001";"NE_0001";"NE_0001";"NE_0001";"NE_0001"
"2023";"06";"050910";"AYACUCHO";"SUCRE";"SANTIAGO DE PAUCARAY";"GOBIERNO REGIONAL";"I-1";"00003817";"PUESTO DE SALUD ATIHUARA";"NE_0001";"";"NE_0001";"NE_0001";"NE_0001";"NE_0001";"NE_0001";"NE_0001";"NE_0001"
"2023";"06";"050909";"AYACUCHO";"SUCRE";"SAN SALVADOR DE QUIJE";"GOBIERNO REGIONAL";"I-1";"00006900";"PUESTO DE SALUD VISTA ALEGRE - SUCRE";"NE_0001";"";"NE_0001";"NE_0001";"NE_0001";"NE_0001";"NE_0001";"NE_0001";"NE_0001"
"2023";"06";"120401";"JUNIN";"JAUJA";"JAUJA";"SANIDAD DE LA POLICIA NACIONAL DEL PERU";"I-2";"00011874";"POSTA MEDICA POLICIAL JAUJA";"NE_0001";"";"NE_0001";"NE_0001";"NE_0001";"NE_0001";"NE_0001";"NE_0001";"NE_0001"
"2023";"06";"040504";"AREQUIPA";"CAYLLOMA";"CALLALLI";"GOBIERNO REGIONAL";"I-2";"00001437";"PUESTO DE SALUD CHALHUANCA";"NE_0001";"";"NE_0001";"NE_0001";"NE_0001";"NE_0001";"NE_0001";"NE_0001";"NE_0001"
"2023";"06";"040517";"AREQUIPA";"CAYLLOMA";"TISCO";"GOBIERNO REGIONAL";"I-2";"00006891";"PUESTO DE SALUD TARUCAMARCA";"NE_0001";"";"NE_0001";"NE_0001";"NE_0001";"NE_0001";"NE_0001";"NE_0001";"NE_0001"
"2023";"06";"040515";"AREQUIPA";"CAYLLOMA";"SIBAYO";"GOBIERNO REGIONAL";"I-2";"00001435";"PUESTO DE SALUD SANTA ROSA DE SIBAYO";"NE_0001";"";"NE_0001";"NE_0001";"NE_0001";"NE_0001";"NE_0001";"NE_0001";"NE_0001"
"2023";"06";"040518";"AREQUIPA";"CAYLLOMA";"TUTI";"GOBIERNO REGIONAL";"I-2";"00001436";"PUESTO DE SALUD TUTI";"NE_0001";"";"NE_0001";"NE_0001";"NE_0001";"NE_0001";"NE_0001";"NE_0001";"NE_0001"
"2023";"06";"040517";"AREQUIPA";"CAYLLOMA";"TISCO";"GOBIERNO REGIONAL";"I-2";"00001438";"PUESTO DE SALUD TISCO";"NE_0001";"";"NE_0001";"NE_0001";"NE_0001";"NE_0001";"NE_0001";"NE_0001";"NE_0001"
"2023";"06";"040517";"AREQUIPA";"CAYLLOMA";"TISCO";"GOBIERNO REGIONAL";"I-2";"00001431";"PUESTO DE SALUD COTACOTA";"NE_0001";"";"NE_0001";"NE_0001";"NE_0001";"NE_0001";"NE_0001";"NE_0001";"NE_0001"
"2023";"06";"040504";"AREQUIPA";"CAYLLOMA";"CALLALLI";"GOBIERNO REGIONAL";"I-3";"00001421";"CENTRO DE SALUD CALLALLI";"NE_0001";"";"NE_0001";"NE_0001";"NE_0001";"NE_0001";"NE_0001";"NE_0001";"NE_0001"
"2023";"06";"200101";"PIURA";"PIURA";"PIURA";"PRIVADO";"II-E";"00027459";"CLINICA MEDICA SANTA EMILIA";"250500";"HOSPIT. EN UNIDAD DE CUID.INTEN.-UNIDAD DE TRAUMA SHOCK-";"2";"2";"4";"4";"7";"206";"0"
"2023";"06";"200101";"PIURA";"PIURA";"PIURA";"PRIVADO";"II-E";"00027459";"CLINICA MEDICA SANTA EMILIA";"241900";"HOSPITALIZACIÓN DE MEDICINA MEDICINA INTERNA ";"6";"6";"14";"14";"7";"196";"0"
"2023";"06";"200101";"PIURA";"PIURA";"PIURA";"PRIVADO";"II-E";"00027459";"CLINICA MEDICA SANTA EMILIA";"244300";"HOSPITALIZACIÓN DE MEDICINA GASTROENTEROLOGÍA  ";"14";"14";"38";"38";"7";"172";"0"
"2023";"06";"200101";"PIURA";"PIURA";"PIURA";"PRIVADO";"II-E";"00027459";"CLINICA MEDICA SANTA EMILIA";"241800";"HOSPITALIZACIÓN DE MEDICINA MEDICINA GENERAL ";"2";"2";"3";"3";"7";"207";"0"
"2023";"06";"200101";"PIURA";"PIURA";"PIURA";"PRIVADO";"II-E";"00027459";"CLINICA MEDICA SANTA EMILIA";"242000";"HOSPITALIZACIÓN DE MEDICINA MEDICINA TROPICAL E INFECCIOSAS ";"1";"1";"2";"2";"7";"208";"0"
"2023";"06";"021601";"ANCASH";"POMABAMBA";"POMABAMBA";"GOBIERNO REGIONAL";"II-1";"00001765";"HOSPITAL DE APOYO DE POMABAMBA ""ANTONIO CALDAS DOMINGUEZ""";"240100";"HOSPITALIZACIÓN QUIRÚRGICA CIRUGÍA GENERAL ";"13";"13";"43";"43";"4";"120";"0"
"2023";"06";"021601";"ANCASH";"POMABAMBA";"POMABAMBA";"GOBIERNO REGIONAL";"II-1";"00001765";"HOSPITAL DE APOYO DE POMABAMBA ""ANTONIO CALDAS DOMINGUEZ""";"241500";"HOSPITALIZACIÓN QUIRÚRGICA GINECOLOGÍA  ";"11";"11";"26";"26";"2";"60";"0"
"2023";"06";"021601";"ANCASH";"POMABAMBA";"POMABAMBA";"GOBIERNO REGIONAL";"II-1";"00001765";"HOSPITAL DE APOYO DE POMABAMBA ""ANTONIO CALDAS DOMINGUEZ""";"241600";"HOSPITALIZACIÓN QUIRÚRGICA OBSTETRICIA   ";"26";"26";"81";"81";"3";"90";"0"
"2023";"06";"021601";"ANCASH";"POMABAMBA";"POMABAMBA";"GOBIERNO REGIONAL";"II-1";"00001765";"HOSPITAL DE APOYO DE POMABAMBA ""ANTONIO CALDAS DOMINGUEZ""";"241800";"HOSPITALIZACIÓN DE MEDICINA MEDICINA GENERAL ";"15";"15";"61";"61";"14";"420";"1"
"2023";"06";"021601";"ANCASH";"POMABAMBA";"POMABAMBA";"GOBIERNO REGIONAL";"II-1";"00001765";"HOSPITAL DE APOYO DE POMABAMBA ""ANTONIO CALDAS DOMINGUEZ""";"242500";"HOSPITALIZACIÓN-PEDIATRÍA GENERAL-";"12";"12";"50";"50";"7";"210";"0"
"2023";"06";"021809";"ANCASH";"SANTA";"NUEVO CHIMBOTE";"PRIVADO";"II-1";"00016536";"CLINICA BAHIA S.A.C.";"NE_0002";"";"NE_0002";"NE_0002";"NE_0002";"NE_0002";"NE_0002";"NE_0002";"NE_0002"
"2023";"06";"020105";"ANCASH";"HUARAZ";"INDEPENDENCIA";"GOBIERNO REGIONAL";"I-3";"00028701";"CENTRO DE SALUD MENTAL COMUNITARIO ""ALLY WARAQ""";"NE_0001";"";"NE_0001";"NE_0001";"NE_0001";"NE_0001";"NE_0001";"NE_0001";"NE_0001"
"2023";"06";"120101";"JUNIN";"HUANCAYO";"HUANCAYO";"PRIVADO";"II-2";"00008858";"CLINICA ORTEGA";"240100";"HOSPITALIZACIÓN QUIRÚRGICA CIRUGÍA GENERAL ";"46";"46";"138";"138";"7";"210";"0"
"2023";"06";"120101";"JUNIN";"HUANCAYO";"HUANCAYO";"PRIVADO";"II-2";"00008858";"CLINICA ORTEGA";"240700";"HOSPITALIZACIÓN QUIRÚRGICA CIRUGÍA PEDIÁTRICA ";"3";"3";"11";"11";"3";"90";"0"
"2023";"06";"120101";"JUNIN";"HUANCAYO";"HUANCAYO";"PRIVADO";"II-2";"00008858";"CLINICA ORTEGA";"240900";"HOSPITALIZACIÓN QUIRÚRGICA NEUROCIRUGÍA ";"9";"9";"44";"44";"4";"120";"0"
"2023";"06";"120101";"JUNIN";"HUANCAYO";"HUANCAYO";"PRIVADO";"II-2";"00008858";"CLINICA ORTEGA";"241000";"HOSPITALIZACIÓN QUIRÚRGICA ONCOLOGÍA QUIRÚRGICA  ";"6";"6";"24";"24";"3";"90";"0"
"2023";"06";"120101";"JUNIN";"HUANCAYO";"HUANCAYO";"PRIVADO";"II-2";"00008858";"CLINICA ORTEGA";"241100";"HOSPITALIZACIÓN QUIRÚRGICA OTORRINOLARINGOLOGÍA  ";"5";"5";"7";"7";"3";"90";"0"
"2023";"06";"120101";"JUNIN";"HUANCAYO";"HUANCAYO";"PRIVADO";"II-2";"00008858";"CLINICA ORTEGA";"241200";"HOSPITALIZACIÓN QUIRÚRGICA TRAUMATOLOGÍA Y ORTOPEDIA ";"72";"72";"225";"225";"10";"300";"0"
"2023";"06";"120101";"JUNIN";"HUANCAYO";"HUANCAYO";"PRIVADO";"II-2";"00008858";"CLINICA ORTEGA";"241300";"HOSPITALIZACIÓN QUIRÚRGICA UROLOGÍA  ";"20";"20";"60";"60";"4";"120";"1"
"2023";"06";"120101";"JUNIN";"HUANCAYO";"HUANCAYO";"PRIVADO";"II-2";"00008858";"CLINICA ORTEGA";"241400";"HOSPITALIZACIÓN QUIRÚRGICA GINECO - OBSTETRICIA ";"29";"29";"79";"79";"5";"150";"0"
"2023";"06";"120101";"JUNIN";"HUANCAYO";"HUANCAYO";"PRIVADO";"II-2";"00008858";"CLINICA ORTEGA";"241800";"HOSPITALIZACIÓN DE MEDICINA MEDICINA GENERAL ";"1";"1";"2";"2";"3";"90";"0"
"2023";"06";"120101";"JUNIN";"HUANCAYO";"HUANCAYO";"PRIVADO";"II-2";"00008858";"CLINICA ORTEGA";"241900";"HOSPITALIZACIÓN DE MEDICINA MEDICINA INTERNA ";"30";"30";"170";"170";"8";"240";"0"
"2023";"06";"120101";"JUNIN";"HUANCAYO";"HUANCAYO";"PRIVADO";"II-2";"00008858";"CLINICA ORTEGA";"242300";"HOSPITALIZACIÓN DE PEDIATRÍA  PEDIATRÍA  GENERAL ";"7";"7";"28";"28";"3";"90";"0"
"2023";"06";"120101";"JUNIN";"HUANCAYO";"HUANCAYO";"PRIVADO";"II-2";"00008858";"CLINICA ORTEGA";"250100";"UNIDAD DE CUIDADOS CRITICOS UNIDAD  DE CUIDADOS INTENSIVOS GENERALES (UCI) ";"3";"3";"18";"18";"3";"90";"1"
"2023";"06";"150110";"LIMA";"LIMA";"COMAS";"PRIVADO";"I-3";"00025575";"CENTRO CLÍNICO SAN NICOLAS";"NE_0001";"";"NE_0001";"NE_0001";"NE_0001";"NE_0001";"NE_0001";"NE_0001";"NE_0001"
"2023";"06";"060701";"CAJAMARCA";"HUALGAYOC";"BAMBAMARCA";"ESSALUD";"I-2";"00010277";"POSTA MEDICA ESSALUD BAMBAMARCA";"NE_0001";"";"NE_0001";"NE_0001";"NE_0001";"NE_0001";"NE_0001";"NE_0001";"NE_0001"
"2023";"06";"210102";"PUNO";"PUNO";"ACORA";"ESSALUD";"I-3";"00009220";"CENTRO DE ATENCIÓN PRIMARIA II ACORA - RED ASISTENCIAL PUNO";"NE_0001";"";"NE_0001";"NE_0001";"NE_0001";"NE_0001";"NE_0001";"NE_0001";"NE_0001"
"2023";"06";"211301";"PUNO";"YUNGUYO";"YUNGUYO";"ESSALUD";"I-3";"00009219";"YUNGUYO";"NE_0001";"";"NE_0001";"NE_0001";"NE_0001";"NE_0001";"NE_0001";"NE_0001";"NE_0001"
"2023";"06";"120805";"JUNIN";"YAULI";"MOROCOCHA";"GOBIERNO REGIONAL";"I-3";"00000563";"MOROCOCHA";"NE_0001";"";"NE_0001";"NE_0001";"NE_0001";"NE_0001";"NE_0001";"NE_0001";"NE_0001"
"2023";"06";"120805";"JUNIN";"YAULI";"MOROCOCHA";"GOBIERNO REGIONAL";"I-1";"00021450";"SAN FRANCISCO DE ASIS DE PUCARA";"NE_0001";"";"NE_0001";"NE_0001";"NE_0001";"NE_0001";"NE_0001";"NE_0001";"NE_0001"
"2023";"06";"120803";"JUNIN";"YAULI";"HUAY HUAY";"GOBIERNO REGIONAL";"I-2";"00000430";"HUAYHUAY";"NE_0001";"";"NE_0001";"NE_0001";"NE_0001";"NE_0001";"NE_0001";"NE_0001";"NE_0001"
"2023";"06";"120804";"JUNIN";"YAULI";"MARCAPOMACOCHA";"GOBIERNO REGIONAL";"I-2";"00000561";"MARCAPOMACOCHA";"NE_0001";"";"NE_0001";"NE_0001";"NE_0001";"NE_0001";"NE_0001";"NE_0001";"NE_0001"
"2023";"06";"120801";"JUNIN";"YAULI";"LA OROYA";"GOBIERNO REGIONAL";"I-1";"00021481";"HUARI";"NE_0001";"";"NE_0001";"NE_0001";"NE_0001";"NE_0001";"NE_0001";"NE_0001";"NE_0001"
"2023";"06";"120809";"JUNIN";"YAULI";"SUITUCANCHA";"GOBIERNO REGIONAL";"I-2";"00000431";"SUITUCANCHA";"NE_0001";"";"NE_0001";"NE_0001";"NE_0001";"NE_0001";"NE_0001";"NE_0001";"NE_0001"
"2023";"06";"120808";"JUNIN";"YAULI";"SANTA ROSA DE SACCO";"GOBIERNO REGIONAL";"I-3";"00000566";"SANTA ROSA DE SACCO";"NE_0001";"";"NE_0001";"NE_0001";"NE_0001";"NE_0001";"NE_0001";"NE_0001";"NE_0001"
"2023";"03";"120136";"JUNIN";"HUANCAYO";"VIQUES";"GOBIERNO REGIONAL";"I-2";"00000635";"VIQUES";"NE_0001";"";"NE_0001";"NE_0001";"NE_0001";"NE_0001";"NE_0001";"NE_0001";"NE_0001"
"2023";"03";"120111";"JUNIN";"HUANCAYO";"CHUPURO";"GOBIERNO REGIONAL";"I-1";"00000614";"SOCOS";"NE_0001";"";"NE_0001";"NE_0001";"NE_0001";"NE_0001";"NE_0001";"NE_0001";"NE_0001"
"2023";"03";"120126";"JUNIN";"HUANCAYO";"PUCARA";"GOBIERNO REGIONAL";"I-3";"00000624";"PUCARA";"NE_0001";"";"NE_0001";"NE_0001";"NE_0001";"NE_0001";"NE_0001";"NE_0001";"NE_0001"
"2023";"03";"120113";"JUNIN";"HUANCAYO";"CULLHUAS";"GOBIERNO REGIONAL";"I-1";"00000617";"RETAMA BAJA";"NE_0001";"";"NE_0001";"NE_0001";"NE_0001";"NE_0001";"NE_0001";"NE_0001";"NE_0001"
"2023";"03";"120116";"JUNIN";"HUANCAYO";"HUACRAPUQUIO";"GOBIERNO REGIONAL";"I-2";"00000619";"HUACRAPUQUIO";"NE_0001";"";"NE_0001";"NE_0001";"NE_0001";"NE_0001";"NE_0001";"NE_0001";"NE_0001"
"2023";"03";"120121";"JUNIN";"HUANCAYO";"HUAYUCACHI";"GOBIERNO REGIONAL";"I-1";"00000623";"HUMANMARCA";"NE_0001";"";"NE_0001";"NE_0001";"NE_0001";"NE_0001";"NE_0001";"NE_0001";"NE_0001"
"2023";"03";"120126";"JUNIN";"HUANCAYO";"PUCARA";"GOBIERNO REGIONAL";"I-1";"00000628";"DOS DE MAYO";"NE_0001";"";"NE_0001";"NE_0001";"NE_0001";"NE_0001";"NE_0001";"NE_0001";"NE_0001"
"2023";"03";"120133";"JUNIN";"HUANCAYO";"SAPALLANGA";"GOBIERNO REGIONAL";"I-3";"00000629";"SAPALLANGA";"NE_0001";"";"NE_0001";"NE_0001";"NE_0001";"NE_0001";"NE_0001";"NE_0001";"NE_0001"
"2023";"03";"120111";"JUNIN";"HUANCAYO";"CHUPURO";"GOBIERNO REGIONAL";"I-2";"00000612";"CHUPURO";"NE_0001";"";"NE_0001";"NE_0001";"NE_0001";"NE_0001";"NE_0001";"NE_0001";"NE_0001"
"2023";"03";"120126";"JUNIN";"HUANCAYO";"PUCARA";"GOBIERNO REGIONAL";"I-2";"00000625";"MARCAVALLE";"NE_0001";"";"NE_0001";"NE_0001";"NE_0001";"NE_0001";"NE_0001";"NE_0001";"NE_0001"
"2023";"03";"120126";"JUNIN";"HUANCAYO";"PUCARA";"GOBIERNO REGIONAL";"I-1";"00000627";"JATUN SUCLLA";"NE_0001";"";"NE_0001";"NE_0001";"NE_0001";"NE_0001";"NE_0001";"NE_0001";"NE_0001"
"2023";"03";"120119";"JUNIN";"HUANCAYO";"HUANCAN";"GOBIERNO REGIONAL";"I-3";"00000620";"HUANCAN";"NE_0001";"";"NE_0001";"NE_0001";"NE_0001";"NE_0001";"NE_0001";"NE_0001";"NE_0001"
"2023";"03";"120126";"JUNIN";"HUANCAYO";"PUCARA";"GOBIERNO REGIONAL";"I-1";"00000626";"RAQUINA";"NE_0001";"";"NE_0001";"NE_0001";"NE_0001";"NE_0001";"NE_0001";"NE_0001";"NE_0001"
"2023";"03";"120133";"JUNIN";"HUANCAYO";"SAPALLANGA";"GOBIERNO REGIONAL";"I-2";"00000630";"LA PUNTA";"NE_0001";"";"NE_0001";"NE_0001";"NE_0001";"NE_0001";"NE_0001";"NE_0001";"NE_0001"
"2023";"03";"120133";"JUNIN";"HUANCAYO";"SAPALLANGA";"GOBIERNO REGIONAL";"I-1";"00000634";"HUAYLLASPANCA";"NE_0001";"";"NE_0001";"NE_0001";"NE_0001";"NE_0001";"NE_0001";"NE_0001";"NE_0001"
"2023";"03";"120111";"JUNIN";"HUANCAYO";"CHUPURO";"GOBIERNO REGIONAL";"I-1";"00000613";"CARHUAPACCHA";"NE_0001";"";"NE_0001";"NE_0001";"NE_0001";"NE_0001";"NE_0001";"NE_0001";"NE_0001"
"2023";"03";"120121";"JUNIN";"HUANCAYO";"HUAYUCACHI";"GOBIERNO REGIONAL";"I-3";"00000622";"HUAYUCACHI";"NE_0001";"";"NE_0001";"NE_0001";"NE_0001";"NE_0001";"NE_0001";"NE_0001";"NE_0001"
"2023";"03";"120133";"JUNIN";"HUANCAYO";"SAPALLANGA";"GOBIERNO REGIONAL";"I-1";"00000631";"COCHARCAS";"NE_0001";"";"NE_0001";"NE_0001";"NE_0001";"NE_0001";"NE_0001";"NE_0001";"NE_0001"
"2023";"03";"120113";"JUNIN";"HUANCAYO";"CULLHUAS";"GOBIERNO REGIONAL";"I-1";"00012469";"CHUAMBA";"NE_0001";"";"NE_0001";"NE_0001";"NE_0001";"NE_0001";"NE_0001";"NE_0001";"NE_0001"
"2023";"03";"120107";"JUNIN";"HUANCAYO";"CHILCA";"GOBIERNO REGIONAL";"I-2";"00000609";"AZAPAMPA";"NE_0001";"";"NE_0001";"NE_0001";"NE_0001";"NE_0001";"NE_0001";"NE_0001";"NE_0001"
"2023";"03";"120107";"JUNIN";"HUANCAYO";"CHILCA";"GOBIERNO REGIONAL";"I-3";"00000610";"AUQUIMARCA";"NE_0001";"";"NE_0001";"NE_0001";"NE_0001";"NE_0001";"NE_0001";"NE_0001";"NE_0001"
"2023";"03";"120107";"JUNIN";"HUANCAYO";"CHILCA";"GOBIERNO REGIONAL";"I-2";"00000611";"LA ESPERANZA";"NE_0001";"";"NE_0001";"NE_0001";"NE_0001";"NE_0001";"NE_0001";"NE_0001";"NE_0001"
"2023";"03";"120113";"JUNIN";"HUANCAYO";"CULLHUAS";"GOBIERNO REGIONAL";"I-2";"00000615";"CULLHUAS";"NE_0001";"";"NE_0001";"NE_0001";"NE_0001";"NE_0001";"NE_0001";"NE_0001";"NE_0001"
"2023";"03";"120119";"JUNIN";"HUANCAYO";"HUANCAN";"GOBIERNO REGIONAL";"I-2";"00000621";"HUARI";"NE_0001";"";"NE_0001";"NE_0001";"NE_0001";"NE_0001";"NE_0001";"NE_0001";"NE_0001"
"2023";"03";"120133";"JUNIN";"HUANCAYO";"SAPALLANGA";"GOBIERNO REGIONAL";"I-1";"00000632";"MILUCHACA";"NE_0001";"";"NE_0001";"NE_0001";"NE_0001";"NE_0001";"NE_0001";"NE_0001";"NE_0001"
"2023";"03";"120133";"JUNIN";"HUANCAYO";"SAPALLANGA";"GOBIERNO REGIONAL";"I-1";"00000633";"MIRAFLORES";"NE_0001";"";"NE_0001";"NE_0001";"NE_0001";"NE_0001";"NE_0001";"NE_0001";"NE_0001"
"2023";"03";"120112";"JUNIN";"HUANCAYO";"COLCA";"GOBIERNO REGIONAL";"I-1";"00000702";"SANTA CRUZ DE LARIA";"NE_0001";"";"NE_0001";"NE_0001";"NE_0001";"NE_0001";"NE_0001";"NE_0001";"NE_0001"
"2023";"04";"060612";"CAJAMARCA";"CUTERVO";"SANTO DOMINGO DE LA CAPILLA";"GOBIERNO REGIONAL";"I-1";"00005003";"MIRAFLORES";"NE_0001";"";"NE_0001";"NE_0001";"NE_0001";"NE_0001";"NE_0001";"NE_0001";"NE_0001"
"2023";"04";"060612";"CAJAMARCA";"CUTERVO";"SANTO DOMINGO DE LA CAPILLA";"GOBIERNO REGIONAL";"I-1";"00006863";"NARANJOS";"NE_0001";"";"NE_0001";"NE_0001";"NE_0001";"NE_0001";"NE_0001";"NE_0001";"NE_0001"
"2023";"04";"060612";"CAJAMARCA";"CUTERVO";"SANTO DOMINGO DE LA CAPILLA";"GOBIERNO REGIONAL";"I-1";"00006864";"NARANJOYACU";"NE_0001";"";"NE_0001";"NE_0001";"NE_0001";"NE_0001";"NE_0001";"NE_0001";"NE_0001"
"2023";"04";"060612";"CAJAMARCA";"CUTERVO";"SANTO DOMINGO DE LA CAPILLA";"GOBIERNO REGIONAL";"I-1";"00008924";"NUEVO ORIENTE DE LA CAPILLA";"NE_0001";"";"NE_0001";"NE_0001";"NE_0001";"NE_0001";"NE_0001";"NE_0001";"NE_0001"
"2023";"04";"081003";"CUSCO";"PARURO";"CCAPI";"GOBIERNO REGIONAL";"I-2";"00002501";"CCAPI";"NE_0002";"";"NE_0002";"NE_0002";"NE_0002";"NE_0002";"NE_0002";"NE_0002";"NE_0002"
"2023";"04";"081003";"CUSCO";"PARURO";"CCAPI";"GOBIERNO REGIONAL";"I-2";"00002502";"CCOYABAMBA";"NE_0002";"";"NE_0002";"NE_0002";"NE_0002";"NE_0002";"NE_0002";"NE_0002";"NE_0002"
"2023";"04";"081005";"CUSCO";"PARURO";"HUANOQUITE";"GOBIERNO REGIONAL";"I-2";"00002504";"HUANOQUITE";"NE_0002";"";"NE_0002";"NE_0002";"NE_0002";"NE_0002";"NE_0002";"NE_0002";"NE_0002"
"2023";"04";"081004";"CUSCO";"PARURO";"COLCHA";"GOBIERNO REGIONAL";"I-1";"00006978";"CCOCHIRIHUAY";"NE_0002";"";"NE_0002";"NE_0002";"NE_0002";"NE_0002";"NE_0002";"NE_0002";"NE_0002"
"2023";"04";"081006";"CUSCO";"PARURO";"OMACHA";"GOBIERNO REGIONAL";"I-2";"00002506";"ANTAPALLPA";"NE_0002";"";"NE_0002";"NE_0002";"NE_0002";"NE_0002";"NE_0002";"NE_0002";"NE_0002"
"2023";"04";"081007";"CUSCO";"PARURO";"PACCARITAMBO";"GOBIERNO REGIONAL";"I-2";"00002507";"PACCARECTAMBO";"NE_0002";"";"NE_0002";"NE_0002";"NE_0002";"NE_0002";"NE_0002";"NE_0002";"NE_0002"
"2023";"04";"081006";"CUSCO";"PARURO";"OMACHA";"GOBIERNO REGIONAL";"I-1";"00012924";"SAHUA SAHUA";"NE_0002";"";"NE_0002";"NE_0002";"NE_0002";"NE_0002";"NE_0002";"NE_0002";"NE_0002"
"2023";"04";"081006";"CUSCO";"PARURO";"OMACHA";"GOBIERNO REGIONAL";"I-2";"00002505";"OMACHA";"NE_0002";"";"NE_0002";"NE_0002";"NE_0002";"NE_0002";"NE_0002";"NE_0002";"NE_0002"
"2023";"04";"081009";"CUSCO";"PARURO";"YAURISQUE";"GOBIERNO REGIONAL";"I-3";"00002509";"YAURISQUE";"NE_0002";"";"NE_0002";"NE_0002";"NE_0002";"NE_0002";"NE_0002";"NE_0002";"NE_0002"
"2023";"04";"081002";"CUSCO";"PARURO";"ACCHA";"GOBIERNO REGIONAL";"I-3";"00002500";"ACCHA";"NE_0002";"";"NE_0002";"NE_0002";"NE_0002";"NE_0002";"NE_0002";"NE_0002";"NE_0002"
"2023";"04";"081004";"CUSCO";"PARURO";"COLCHA";"GOBIERNO REGIONAL";"I-1";"00002503";"COLCHA";"NE_0002";"";"NE_0002";"NE_0002";"NE_0002";"NE_0002";"NE_0002";"NE_0002";"NE_0002"
"2023";"04";"081006";"CUSCO";"PARURO";"OMACHA";"GOBIERNO REGIONAL";"I-2";"00007147";"PUESTO DE SALUD DE HUASQUILLAY";"NE_0002";"";"NE_0002";"NE_0002";"NE_0002";"NE_0002";"NE_0002";"NE_0002";"NE_0002"
"2023";"04";"081001";"CUSCO";"PARURO";"PARURO";"GOBIERNO REGIONAL";"I-4";"00002499";"PARURO";"NE_0002";"";"NE_0002";"NE_0002";"NE_0002";"NE_0002";"NE_0002";"NE_0002";"NE_0002"
"2023";"04";"210101";"PUNO";"PUNO";"PUNO";"ESSALUD";"II-2";"00009215";"HOSPITAL III BASE  (PUNO) - RED ASISTENCIAL PUNO";"240000";"HOSPITALIZACIÓN";"84";"116";"921";"667";"32";"896";"5"
"2023";"04";"210101";"PUNO";"PUNO";"PUNO";"ESSALUD";"II-2";"00009215";"HOSPITAL III BASE  (PUNO) - RED ASISTENCIAL PUNO";"241900";"HOSPITALIZACIÓN DE MEDICINA MEDICINA INTERNA ";"37";"18";"114";"218";"14";"392";"0"
"2023";"04";"210101";"PUNO";"PUNO";"PUNO";"ESSALUD";"II-2";"00009215";"HOSPITAL III BASE  (PUNO) - RED ASISTENCIAL PUNO";"240100";"HOSPITALIZACIÓN QUIRÚRGICA CIRUGÍA GENERAL ";"85";"80";"164";"180";"7";"196";"0"
"2023";"04";"210101";"PUNO";"PUNO";"PUNO";"ESSALUD";"II-2";"00009215";"HOSPITAL III BASE  (PUNO) - RED ASISTENCIAL PUNO";"241500";"HOSPITALIZACIÓN QUIRÚRGICA GINECOLOGÍA  ";"35";"33";"95";"81";"8";"224";"0"
"2023";"04";"210101";"PUNO";"PUNO";"PUNO";"ESSALUD";"II-2";"00009215";"HOSPITAL III BASE  (PUNO) - RED ASISTENCIAL PUNO";"241600";"HOSPITALIZACIÓN QUIRÚRGICA OBSTETRICIA   ";"49";"55";"135";"127";"12";"336";"0"
"2023";"04";"210101";"PUNO";"PUNO";"PUNO";"ESSALUD";"II-2";"00009215";"HOSPITAL III BASE  (PUNO) - RED ASISTENCIAL PUNO";"242300";"HOSPITALIZACIÓN DE PEDIATRÍA  PEDIATRÍA  GENERAL ";"66";"72";"171";"154";"9";"252";"0"
"2023";"04";"210101";"PUNO";"PUNO";"PUNO";"ESSALUD";"II-2";"00009215";"HOSPITAL III BASE  (PUNO) - RED ASISTENCIAL PUNO";"250100";"UNIDAD DE CUIDADOS CRITICOS UNIDAD  DE CUIDADOS INTENSIVOS GENERALES (UCI) ";"2";"3";"29";"45";"9";"252";"2"
"2023";"04";"210101";"PUNO";"PUNO";"PUNO";"ESSALUD";"II-2";"00009215";"HOSPITAL III BASE  (PUNO) - RED ASISTENCIAL PUNO";"250200";"UNIDAD DE CUIDADOS CRITICOS UNIDAD DE CUIDADOS INTERMEDIOS GENERAL  (UCIN) ";"5";"2";"20";"70";"4";"112";"3"
"2023";"04";"060804";"CAJAMARCA";"JAEN";"COLASAY";"GOBIERNO REGIONAL";"I-3";"00004236";"COLASAY";"NE_0001";"";"NE_0001";"NE_0001";"NE_0001";"NE_0001";"NE_0001";"NE_0001";"NE_0001"
"2023";"05";"160301";"LORETO";"LORETO";"NAUTA";"ESSALUD";"I-3";"00011403";"CENTRO DE ATENCION PRIMARIA II NAUTA";"NE_0001";"";"NE_0001";"NE_0001";"NE_0001";"NE_0001";"NE_0001";"NE_0001";"NE_0001"
"2023";"06";"070101";"CALLAO";"CALLAO";"CALLAO";"GOBIERNO REGIONAL";"I-2";"00006246";"PUESTO DE SALUD EL ÁLAMO";"NE_0001";"";"NE_0001";"NE_0001";"NE_0001";"NE_0001";"NE_0001";"NE_0001";"NE_0001"
"2023";"06";"150101";"LIMA";"LIMA";"LIMA";"PRIVADO";"II-1";"00016291";"HOSPITAL MEGASALUD UNIVERSAL";"240000";"HOSPITALIZACIÓN";"60";"60";"248";"220";"22";"660";"0"
"2023";"06";"150110";"LIMA";"LIMA";"COMAS";"MINSA";"III-1";"00007634";"HOSPITAL SERGIO E. BERNALES";"241900";"HOSPITALIZACIÓN DE MEDICINA MEDICINA INTERNA ";"48";"114";"1256";"1401";"48";"1440";"18"
"2023";"06";"150110";"LIMA";"LIMA";"COMAS";"MINSA";"III-1";"00007634";"HOSPITAL SERGIO E. BERNALES";"245300";"HOSPITALIZACIÓN DE MEDICINA NEUMOLOGÍA  ";"25";"22";"263";"629";"25";"750";"7"
"2023";"06";"150110";"LIMA";"LIMA";"COMAS";"MINSA";"III-1";"00007634";"HOSPITAL SERGIO E. BERNALES";"240100";"HOSPITALIZACIÓN QUIRÚRGICA CIRUGÍA GENERAL ";"65";"268";"1940";"1429";"65";"1950";"2"
"2023";"06";"150110";"LIMA";"LIMA";"COMAS";"MINSA";"III-1";"00007634";"HOSPITAL SERGIO E. BERNALES";"241200";"HOSPITALIZACIÓN QUIRÚRGICA TRAUMATOLOGÍA Y ORTOPEDIA ";"22";"41";"658";"658";"22";"660";"0"
"2023";"06";"150110";"LIMA";"LIMA";"COMAS";"MINSA";"III-1";"00007634";"HOSPITAL SERGIO E. BERNALES";"242300";"HOSPITALIZACIÓN DE PEDIATRÍA  PEDIATRÍA  GENERAL ";"32";"192";"560";"743";"32";"960";"0"
"2023";"06";"150110";"LIMA";"LIMA";"COMAS";"MINSA";"III-1";"00007634";"HOSPITAL SERGIO E. BERNALES";"243200";"HOSPITALIZACIÓN DE PEDIATRÍA PEDIATRIA NEONATOLOGÍA";"29";"192";"748";"695";"29";"870";"2"
"2023";"06";"150110";"LIMA";"LIMA";"COMAS";"MINSA";"III-1";"00007634";"HOSPITAL SERGIO E. BERNALES";"241600";"HOSPITALIZACIÓN QUIRÚRGICA OBSTETRICIA   ";"14";"60";"213";"314";"14";"420";"0"
"2023";"06";"150110";"LIMA";"LIMA";"COMAS";"MINSA";"III-1";"00007634";"HOSPITAL SERGIO E. BERNALES";"241500";"HOSPITALIZACIÓN QUIRÚRGICA GINECOLOGÍA  ";"58";"465";"1199";"1299";"58";"1740";"0"
"2023";"06";"220909";"SAN MARTIN";"SAN MARTIN";"LA BANDA DE SHILCAYO";"PRIVADO";"II-E";"00015835";"CLINICA OFTALMOLOGICA DE LA SELVA";"NE_0001";"";"NE_0001";"NE_0001";"NE_0001";"NE_0001";"NE_0001";"NE_0001";"NE_0001"
"2023";"06";"130101";"LA LIBERTAD";"TRUJILLO";"TRUJILLO";"GOBIERNO REGIONAL";"III-2";"00005197";"IRO JSU";"NE_0001";"";"NE_0001";"NE_0001";"NE_0001";"NE_0001";"NE_0001";"NE_0001";"NE_0001"
"2023";"06";"040702";"AREQUIPA";"ISLAY";"COCACHACRA";"GOBIERNO REGIONAL";"I-2";"00001343";"PUESTO DE SALUD SAN CAMILO 7";"NE_0001";"";"NE_0001";"NE_0001";"NE_0001";"NE_0001";"NE_0001";"NE_0001";"NE_0001"
"2023";"06";"160113";"LORETO";"MAYNAS";"SAN JUAN BAUTISTA";"ESSALUD";"I-3";"00011386";"CAP II SAN JUAN BAUTISTA";"NE_0001";"";"NE_0001";"NE_0001";"NE_0001";"NE_0001";"NE_0001";"NE_0001";"NE_0001"
"2023";"06";"080909";"CUSCO";"LA CONVENCION";"VILCABAMBA";"GOBIERNO REGIONAL";"I-4";"00002480";"PUCYURA";"NE_0001";"";"NE_0001";"NE_0001";"NE_0001";"NE_0001";"NE_0001";"NE_0001";"NE_0001"
"2023";"06";"080911";"CUSCO";"LA CONVENCION";"INKAWASI";"GOBIERNO REGIONAL";"I-1";"00002481";"CCARCCO";"NE_0001";"";"NE_0001";"NE_0001";"NE_0001";"NE_0001";"NE_0001";"NE_0001";"NE_0001"
"2023";"06";"080909";"CUSCO";"LA CONVENCION";"VILCABAMBA";"GOBIERNO REGIONAL";"I-1";"00002486";"PAMPACONAS";"NE_0001";"";"NE_0001";"NE_0001";"NE_0001";"NE_0001";"NE_0001";"NE_0001";"NE_0001"
"2023";"06";"080909";"CUSCO";"LA CONVENCION";"VILCABAMBA";"GOBIERNO REGIONAL";"I-2";"00002484";"OYARA";"NE_0001";"";"NE_0001";"NE_0001";"NE_0001";"NE_0001";"NE_0001";"NE_0001";"NE_0001"
"2023";"06";"080909";"CUSCO";"LA CONVENCION";"VILCABAMBA";"GOBIERNO REGIONAL";"I-1";"00002490";"ARMA";"NE_0001";"";"NE_0001";"NE_0001";"NE_0001";"NE_0001";"NE_0001";"NE_0001";"NE_0001"
"2023";"06";"080912";"CUSCO";"LA CONVENCION";"VILLA VIRGEN";"GOBIERNO REGIONAL";"I-1";"00013070";"CHANCAVINE";"NE_0001";"";"NE_0001";"NE_0001";"NE_0001";"NE_0001";"NE_0001";"NE_0001";"NE_0001"
"2023";"06";"080911";"CUSCO";"LA CONVENCION";"INKAWASI";"GOBIERNO REGIONAL";"I-1";"00002485";"PACCAYBAMBA";"NE_0001";"";"NE_0001";"NE_0001";"NE_0001";"NE_0001";"NE_0001";"NE_0001";"NE_0001"
"2023";"06";"080911";"CUSCO";"LA CONVENCION";"INKAWASI";"GOBIERNO REGIONAL";"I-1";"00002491";"LUCMAHUAYCO";"NE_0001";"";"NE_0001";"NE_0001";"NE_0001";"NE_0001";"NE_0001";"NE_0001";"NE_0001"
"2023";"06";"080909";"CUSCO";"LA CONVENCION";"VILCABAMBA";"GOBIERNO REGIONAL";"I-1";"00002492";"PALTAYBAMBA";"NE_0001";"";"NE_0001";"NE_0001";"NE_0001";"NE_0001";"NE_0001";"NE_0001";"NE_0001"
"2023";"06";"080911";"CUSCO";"LA CONVENCION";"INKAWASI";"GOBIERNO REGIONAL";"I-3";"00002482";"INCAHUASI";"NE_0001";"";"NE_0001";"NE_0001";"NE_0001";"NE_0001";"NE_0001";"NE_0001";"NE_0001"
"2023";"04";"150116";"LIMA";"LIMA";"LINCE";"PRIVADO";"II-E";"00009145";"HOGAR CLINICA MONTE SINAI";"240100";"HOSPITALIZACIÓN QUIRÚRGICA CIRUGÍA GENERAL ";"5";"5";"5";"5";"2";"60";"0"
"2023";"04";"150116";"LIMA";"LIMA";"LINCE";"PRIVADO";"II-E";"00009145";"HOGAR CLINICA MONTE SINAI";"240800";"HOSPITALIZACIÓN QUIRÚRGICA CIRUGÍA PLÁSTICA/RECONSTRUCTIVA/ REPARADORA ";"7";"7";"7";"7";"3";"150";"0"
"2023";"04";"150116";"LIMA";"LIMA";"LINCE";"PRIVADO";"II-E";"00009145";"HOGAR CLINICA MONTE SINAI";"241100";"HOSPITALIZACIÓN QUIRÚRGICA OTORRINOLARINGOLOGÍA  ";"10";"10";"10";"10";"3";"90";"0"
"2023";"04";"150116";"LIMA";"LIMA";"LINCE";"PRIVADO";"II-E";"00009145";"HOGAR CLINICA MONTE SINAI";"241200";"HOSPITALIZACIÓN QUIRÚRGICA TRAUMATOLOGÍA Y ORTOPEDIA ";"51";"51";"51";"51";"5";"180";"0"
"2023";"04";"150116";"LIMA";"LIMA";"LINCE";"PRIVADO";"II-E";"00009145";"HOGAR CLINICA MONTE SINAI";"240200";"HOSPITALIZACIÓN QUIRÚRGICA CIRUGÍA DE CABEZA Y CUELLO / MÁXILO FACIAL ";"1";"1";"1";"1";"1";"30";"0"
"2023";"04";"110201";"ICA";"CHINCHA";"CHINCHA ALTA";"PRIVADO";"II-1";"00018704";"FAMISALUD";"241500";"HOSPITALIZACIÓN QUIRÚRGICA GINECOLOGÍA  ";"9";"9";"10";"7";"2";"62";"0"
"2023";"04";"110201";"ICA";"CHINCHA";"CHINCHA ALTA";"PRIVADO";"II-1";"00018704";"FAMISALUD";"241200";"HOSPITALIZACIÓN QUIRÚRGICA TRAUMATOLOGÍA Y ORTOPEDIA ";"6";"6";"6";"7";"1";"31";"0"
"2023";"04";"110201";"ICA";"CHINCHA";"CHINCHA ALTA";"PRIVADO";"II-1";"00018704";"FAMISALUD";"240100";"HOSPITALIZACIÓN QUIRÚRGICA CIRUGÍA GENERAL ";"31";"31";"38";"7";"4";"112";"0"
"2023";"04";"110201";"ICA";"CHINCHA";"CHINCHA ALTA";"PRIVADO";"II-1";"00018704";"FAMISALUD";"241800";"HOSPITALIZACIÓN DE MEDICINA MEDICINA GENERAL ";"4";"4";"8";"7";"1";"31";"0"
"2023";"04";"190107";"PASCO";"PASCO";"PAUCARTAMBO";"ESSALUD";"I-2";"00009762";"POSTA MEDICA DE PAUCARTAMBO";"NE_0001";"";"NE_0001";"NE_0001";"NE_0001";"NE_0001";"NE_0001";"NE_0001";"NE_0001"
"2023";"05";"150130";"LIMA";"LIMA";"SAN BORJA";"PRIVADO";"II-1";"00008258";"REJUVENECIMIENTO Y ESTETICA CABANI SRL";"240800";"HOSPITALIZACIÓN QUIRÚRGICA CIRUGÍA PLÁSTICA/RECONSTRUCTIVA/ REPARADORA ";"33";"33";"29";"59";"6";"186";"0"
"2023";"05";"100102";"HUANUCO";"HUANUCO";"AMARILIS";"GOBIERNO REGIONAL";"II-E";"00000756";"HOSPITAL MATERNO INFANTIL CARLOS SHOWING FERRARI";"241400";"HOSPITALIZACIÓN QUIRÚRGICA GINECO - OBSTETRICIA ";"196";"202";"460";"662";"28";"868";"0"
"2023";"05";"100102";"HUANUCO";"HUANUCO";"AMARILIS";"GOBIERNO REGIONAL";"II-E";"00000756";"HOSPITAL MATERNO INFANTIL CARLOS SHOWING FERRARI";"242500";"HOSPITALIZACIÓN-PEDIATRÍA GENERAL-";"64";"71";"286";"310";"10";"310";"0"
"2023";"05";"100102";"HUANUCO";"HUANUCO";"AMARILIS";"GOBIERNO REGIONAL";"II-E";"00000756";"HOSPITAL MATERNO INFANTIL CARLOS SHOWING FERRARI";"243200";"HOSPITALIZACIÓN DE PEDIATRÍA PEDIATRIA NEONATOLOGÍA";"34";"41";"125";"166";"10";"310";"1"
"2023";"06";"150501";"LIMA";"CAÑETE";"SAN VICENTE DE CAÑETE";"PRIVADO";"II-1";"00026070";"CLINICA CORAZON DE JESUS";"240100";"HOSPITALIZACIÓN QUIRÚRGICA CIRUGÍA GENERAL ";"31";"31";"71";"55";"8";"248";"0"
"2023";"05";"100509";"HUANUCO";"HUAMALIES";"PUÑOS";"GOBIERNO REGIONAL";"I-3";"00000892";"PUÑOS";"NE_0001";"";"NE_0001";"NE_0001";"NE_0001";"NE_0001";"NE_0001";"NE_0001";"NE_0001"
"2023";"05";"100509";"HUANUCO";"HUAMALIES";"PUÑOS";"GOBIERNO REGIONAL";"I-1";"00000894";"ILLAHUASI";"NE_0001";"";"NE_0001";"NE_0001";"NE_0001";"NE_0001";"NE_0001";"NE_0001";"NE_0001"
"2023";"05";"100509";"HUANUCO";"HUAMALIES";"PUÑOS";"GOBIERNO REGIONAL";"I-2";"00000893";"POQUE";"NE_0001";"";"NE_0001";"NE_0001";"NE_0001";"NE_0001";"NE_0001";"NE_0001";"NE_0001"
"2023";"06";"211101";"PUNO";"SAN ROMAN";"JULIACA";"SANIDAD DE LA POLICIA NACIONAL DEL PERU";"I-2";"00010236";"POSTA MEDICA DE SALUD PNP - JULIACA";"NE_0001";"";"NE_0001";"NE_0001";"NE_0001";"NE_0001";"NE_0001";"NE_0001";"NE_0001"
"2023";"06";"150134";"LIMA";"LIMA";"SAN LUIS";"ESSALUD";"I-3";"00008289";"POLICLÍNICO DE COMPLEJIDAD CRECIENTE SAN LUIS";"NE_0001";"";"NE_0001";"NE_0001";"NE_0001";"NE_0001";"NE_0001";"NE_0001";"NE_0001"
"2023";"06";"150501";"LIMA";"CAÑETE";"SAN VICENTE DE CAÑETE";"PRIVADO";"II-1";"00026070";"CLINICA CORAZON DE JESUS";"241400";"HOSPITALIZACIÓN QUIRÚRGICA GINECO - OBSTETRICIA ";"2";"2";"4";"4";"3";"93";"0"
"2023";"06";"150141";"LIMA";"LIMA";"SURQUILLO";"SANIDAD DE LA POLICIA NACIONAL DEL PERU";"I-3";"00012822";"CENTRO ODONTOLOGICO PNP ANGAMOS";"NE_0001";"";"NE_0001";"NE_0001";"NE_0001";"NE_0001";"NE_0001";"NE_0001";"NE_0001"
"2023";"06";"150101";"LIMA";"LIMA";"LIMA";"PRIVADO";"I-2";"00018921";"ARIE";"NE_0002";"";"NE_0002";"NE_0002";"NE_0002";"NE_0002";"NE_0002";"NE_0002";"NE_0002"
"2023";"06";"010201";"AMAZONAS";"BAGUA";"BAGUA";"GOBIERNO REGIONAL";"II-1";"00005044";"GUSTAVO LANATTA LUJAN";"240100";"HOSPITALIZACIÓN QUIRÚRGICA CIRUGÍA GENERAL ";"60";"60";"188";"188";"10";"300";"0"
"2023";"06";"010201";"AMAZONAS";"BAGUA";"BAGUA";"GOBIERNO REGIONAL";"II-1";"00005044";"GUSTAVO LANATTA LUJAN";"241400";"HOSPITALIZACIÓN QUIRÚRGICA GINECO - OBSTETRICIA ";"159";"159";"315";"315";"19";"570";"0"
"2023";"06";"010201";"AMAZONAS";"BAGUA";"BAGUA";"GOBIERNO REGIONAL";"II-1";"00005044";"GUSTAVO LANATTA LUJAN";"241800";"HOSPITALIZACIÓN DE MEDICINA MEDICINA GENERAL ";"34";"34";"77";"77";"29";"870";"3"
"2023";"06";"010201";"AMAZONAS";"BAGUA";"BAGUA";"GOBIERNO REGIONAL";"II-1";"00005044";"GUSTAVO LANATTA LUJAN";"242500";"HOSPITALIZACIÓN-PEDIATRÍA GENERAL-";"39";"39";"89";"89";"10";"300";"0"
"2023";"06";"010201";"AMAZONAS";"BAGUA";"BAGUA";"GOBIERNO REGIONAL";"II-1";"00005044";"GUSTAVO LANATTA LUJAN";"243200";"HOSPITALIZACIÓN DE PEDIATRÍA PEDIATRIA NEONATOLOGÍA";"12";"12";"43";"43";"9";"270";"0"
"2023";"06";"010201";"AMAZONAS";"BAGUA";"BAGUA";"GOBIERNO REGIONAL";"II-1";"00005044";"GUSTAVO LANATTA LUJAN";"250103";"UNIDAD DE CUIDADOS CRITICOS UNIDAD  DE CUIDADOS INTENSIVOS GENERALES  (UCI) MEDICINA";"9";"9";"57";"57";"7";"210";"1"
"2023";"06";"010201";"AMAZONAS";"BAGUA";"BAGUA";"GOBIERNO REGIONAL";"II-1";"00005044";"GUSTAVO LANATTA LUJAN";"250304";"HOSPIT. EN UNIDAD DE CUID.INTEN.-UNIDAD DE VIGILANCIA INTENSIVA (UVI)-MEDICINA";"32";"32";"101";"101";"6";"180";"0"
"2023";"06";"240101";"TUMBES";"TUMBES";"TUMBES";"SANIDAD DEL EJERCITO DEL PERU";"I-3";"00011996";"CENTRO DE SALUD MILITAR VIRGEN DE FÁTIMA DE LA 9ª BRIGADA BLINDADA";"NE_0001";"";"NE_0001";"NE_0001";"NE_0001";"NE_0001";"NE_0001";"NE_0001";"NE_0001"
"2023";"06";"150101";"LIMA";"LIMA";"LIMA";"MINSA";"III-2";"00006217";"INO DR. FRANCISCO CONTRERAS C.";"240600";"HOSPITALIZACIÓN QUIRÚRGICA CIRUGÍA OFTALMOLÓGICA ";"6";"9";"42";"9";"7";"210";"0"
"2023";"06";"040107";"AREQUIPA";"AREQUIPA";"JACOBO HUNTER";"GOBIERNO REGIONAL";"I-2";"00001273";"PUESTO DE SALUD DANIEL ALCIDES CARRION";"NE_0001";"";"NE_0001";"NE_0001";"NE_0001";"NE_0001";"NE_0001";"NE_0001";"NE_0001"
"2023";"06";"040107";"AREQUIPA";"AREQUIPA";"JACOBO HUNTER";"GOBIERNO REGIONAL";"I-4";"00001259";"CENTRO DE SALUD JAVIER LLOSA GARCIA -  HUNTER";"241600";"HOSPITALIZACIÓN QUIRÚRGICA OBSTETRICIA   ";"13";"13";"13";"1";"15";"16";"0"
"2023";"06";"040107";"AREQUIPA";"AREQUIPA";"JACOBO HUNTER";"GOBIERNO REGIONAL";"I-2";"00001276";"PUESTO DE SALUD CAMINOS DEL INCA";"NE_0001";"";"NE_0001";"NE_0001";"NE_0001";"NE_0001";"NE_0001";"NE_0001";"NE_0001"
"2023";"06";"040107";"AREQUIPA";"AREQUIPA";"JACOBO HUNTER";"GOBIERNO REGIONAL";"I-2";"00001274";"PUESTO DE SALUD AMPLIACION PAMPAS DEL CUZCO";"NE_0001";"";"NE_0001";"NE_0001";"NE_0001";"NE_0001";"NE_0001";"NE_0001";"NE_0001"
"2023";"06";"040107";"AREQUIPA";"AREQUIPA";"JACOBO HUNTER";"GOBIERNO REGIONAL";"I-2";"00001277";"PUESTO DE SALUD ALTO ALIANZA";"NE_0001";"";"NE_0001";"NE_0001";"NE_0001";"NE_0001";"NE_0001";"NE_0001";"NE_0001"
"2023";"06";"040107";"AREQUIPA";"AREQUIPA";"JACOBO HUNTER";"GOBIERNO REGIONAL";"I-3";"00001279";"PUESTO DE SALUD UPIS PAISAJISTA";"NE_0001";"";"NE_0001";"NE_0001";"NE_0001";"NE_0001";"NE_0001";"NE_0001";"NE_0001"
"2023";"06";"040107";"AREQUIPA";"AREQUIPA";"JACOBO HUNTER";"GOBIERNO REGIONAL";"I-2";"00001275";"PUESTO DE SALUD CHILPINILLA";"NE_0001";"";"NE_0001";"NE_0001";"NE_0001";"NE_0001";"NE_0001";"NE_0001";"NE_0001"
"2023";"06";"040107";"AREQUIPA";"AREQUIPA";"JACOBO HUNTER";"MINSA";"I-3";"00031488";"CENTRO DE SALUD MENTAL COMUNITARIO HUNTER";"NE_0001";"";"NE_0001";"NE_0001";"NE_0001";"NE_0001";"NE_0001";"NE_0001";"NE_0001"
"2023";"06";"040112";"AREQUIPA";"AREQUIPA";"PAUCARPATA";"ESSALUD";"II-1";"00013296";"HOSPITAL I EDMUNDO ESCOMEL";"241800";"HOSPITALIZACIÓN DE MEDICINA MEDICINA GENERAL ";"50";"51";"357";"324";"10";"300";"0"
"2023";"06";"040112";"AREQUIPA";"AREQUIPA";"PAUCARPATA";"ESSALUD";"II-1";"00013296";"HOSPITAL I EDMUNDO ESCOMEL";"240100";"HOSPITALIZACIÓN QUIRÚRGICA CIRUGÍA GENERAL ";"164";"162";"365";"392";"15";"450";"0"
"2023";"06";"040112";"AREQUIPA";"AREQUIPA";"PAUCARPATA";"ESSALUD";"II-1";"00013296";"HOSPITAL I EDMUNDO ESCOMEL";"241200";"HOSPITALIZACIÓN QUIRÚRGICA TRAUMATOLOGÍA Y ORTOPEDIA ";"24";"27";"131";"123";"5";"150";"0"
"2023";"06";"040112";"AREQUIPA";"AREQUIPA";"PAUCARPATA";"ESSALUD";"II-1";"00013296";"HOSPITAL I EDMUNDO ESCOMEL";"241500";"HOSPITALIZACIÓN QUIRÚRGICA GINECOLOGÍA  ";"34";"31";"94";"104";"4";"120";"0"
"2023";"06";"040112";"AREQUIPA";"AREQUIPA";"PAUCARPATA";"ESSALUD";"II-1";"00013296";"HOSPITAL I EDMUNDO ESCOMEL";"241600";"HOSPITALIZACIÓN QUIRÚRGICA OBSTETRICIA   ";"165";"171";"410";"393";"14";"420";"0"
"2023";"06";"040112";"AREQUIPA";"AREQUIPA";"PAUCARPATA";"ESSALUD";"II-1";"00013296";"HOSPITAL I EDMUNDO ESCOMEL";"242300";"HOSPITALIZACIÓN DE PEDIATRÍA  PEDIATRÍA  GENERAL ";"87";"81";"255";"264";"10";"300";"0"
"2023";"06";"220603";"SAN MARTIN";"MARISCAL CACERES";"HUICUNGO";"GOBIERNO REGIONAL";"I-1";"00006555";"SHEPTE";"NE_0001";"";"NE_0001";"NE_0001";"NE_0001";"NE_0001";"NE_0001";"NE_0001";"NE_0001"
"2023";"06";"220604";"SAN MARTIN";"MARISCAL CACERES";"PACHIZA";"GOBIERNO REGIONAL";"I-1";"00006559";"SAN RAMON";"NE_0001";"";"NE_0001";"NE_0001";"NE_0001";"NE_0001";"NE_0001";"NE_0001";"NE_0001"
"2023";"06";"220604";"SAN MARTIN";"MARISCAL CACERES";"PACHIZA";"GOBIERNO REGIONAL";"I-1";"00006557";"BAGAZAN";"NE_0001";"";"NE_0001";"NE_0001";"NE_0001";"NE_0001";"NE_0001";"NE_0001";"NE_0001"
"2023";"06";"220601";"SAN MARTIN";"MARISCAL CACERES";"JUANJUI";"GOBIERNO REGIONAL";"I-1";"00006549";"LA VICTORIA";"NE_0001";"";"NE_0001";"NE_0001";"NE_0001";"NE_0001";"NE_0001";"NE_0001";"NE_0001"
"2023";"06";"220601";"SAN MARTIN";"MARISCAL CACERES";"JUANJUI";"GOBIERNO REGIONAL";"I-1";"00006554";"VILLA PRADO";"NE_0001";"";"NE_0001";"NE_0001";"NE_0001";"NE_0001";"NE_0001";"NE_0001";"NE_0001"
"2023";"06";"220605";"SAN MARTIN";"MARISCAL CACERES";"PAJARILLO";"GOBIERNO REGIONAL";"I-1";"00006561";"PAJARILLO";"NE_0001";"";"NE_0001";"NE_0001";"NE_0001";"NE_0001";"NE_0001";"NE_0001";"NE_0001"
"2023";"06";"070102";"CALLAO";"CALLAO";"BELLAVISTA";"GOBIERNO REGIONAL";"0";"00016110";"ATENCIÓN DOMICILIARIA AL ADULTO MAYOR Y PACIENTE ONCOLOGICO (ADAMO)";"NE_0001";"";"NE_0001";"NE_0001";"NE_0001";"NE_0001";"NE_0001";"NE_0001";"NE_0001"
"2023";"06";"250105";"UCAYALI";"CORONEL PORTILLO";"YARINACOCHA";"GOBIERNO REGIONAL";"II-2";"00005577";"HOSPITAL AMAZONICO - YARINACOCHA";"241400";"HOSPITALIZACIÓN QUIRÚRGICA GINECO - OBSTETRICIA ";"318";"349";"882";"1226";"62";"1860";"0"
"2023";"06";"250105";"UCAYALI";"CORONEL PORTILLO";"YARINACOCHA";"GOBIERNO REGIONAL";"II-2";"00005577";"HOSPITAL AMAZONICO - YARINACOCHA";"242500";"HOSPITALIZACIÓN-PEDIATRÍA GENERAL-";"51";"62";"400";"412";"21";"630";"0"
"2023";"06";"250105";"UCAYALI";"CORONEL PORTILLO";"YARINACOCHA";"GOBIERNO REGIONAL";"II-2";"00005577";"HOSPITAL AMAZONICO - YARINACOCHA";"250105";"UNIDAD DE CUIDADOS CRITICOS UNIDAD  DE CUIDADOS INTENSIVOS  (UCI) NEONATOLOGÍA";"0";"2";"51";"52";"6";"180";"0"
"2023";"06";"250105";"UCAYALI";"CORONEL PORTILLO";"YARINACOCHA";"GOBIERNO REGIONAL";"II-2";"00005577";"HOSPITAL AMAZONICO - YARINACOCHA";"240100";"HOSPITALIZACIÓN QUIRÚRGICA CIRUGÍA GENERAL ";"79";"100";"614";"623";"26";"780";"0"
"2023";"06";"250105";"UCAYALI";"CORONEL PORTILLO";"YARINACOCHA";"GOBIERNO REGIONAL";"II-2";"00005577";"HOSPITAL AMAZONICO - YARINACOCHA";"241800";"HOSPITALIZACIÓN DE MEDICINA MEDICINA GENERAL ";"49";"68";"614";"643";"35";"1050";"12"
"2023";"06";"250105";"UCAYALI";"CORONEL PORTILLO";"YARINACOCHA";"GOBIERNO REGIONAL";"II-2";"00005577";"HOSPITAL AMAZONICO - YARINACOCHA";"242200";"HOSPITALIZACIÓN DE MEDICINA PSIQUIATRÍA ";"3";"6";"92";"95";"9";"270";"0"
"2023";"06";"250105";"UCAYALI";"CORONEL PORTILLO";"YARINACOCHA";"GOBIERNO REGIONAL";"II-2";"00005577";"HOSPITAL AMAZONICO - YARINACOCHA";"243200";"HOSPITALIZACIÓN DE PEDIATRÍA PEDIATRIA NEONATOLOGÍA";"22";"28";"213";"238";"12";"360";"1"
"2023";"06";"250105";"UCAYALI";"CORONEL PORTILLO";"YARINACOCHA";"GOBIERNO REGIONAL";"II-2";"00005577";"HOSPITAL AMAZONICO - YARINACOCHA";"250103";"UNIDAD DE CUIDADOS CRITICOS UNIDAD  DE CUIDADOS INTENSIVOS GENERALES  (UCI) MEDICINA";"1";"2";"33";"35";"9";"270";"1"
"2023";"06";"250105";"UCAYALI";"CORONEL PORTILLO";"YARINACOCHA";"GOBIERNO REGIONAL";"II-2";"00005577";"HOSPITAL AMAZONICO - YARINACOCHA";"250302";"HOSPIT. EN UNIDAD DE CUID.INTEN.-UNIDAD DE VIGILANCIA INTENSIVA (UVI)-GINECO-OBSTETRICIA";"2";"3";"20";"23";"3";"90";"0"
"2023";"06";"190301";"PASCO";"OXAPAMPA";"OXAPAMPA";"ESSALUD";"II-1";"00009748";"HOSPITAL I OXAPAMPA";"241800";"HOSPITALIZACIÓN DE MEDICINA MEDICINA GENERAL ";"23";"23";"77";"102";"4";"120";"1"
"2023";"06";"190301";"PASCO";"OXAPAMPA";"OXAPAMPA";"ESSALUD";"II-1";"00009748";"HOSPITAL I OXAPAMPA";"240100";"HOSPITALIZACIÓN QUIRÚRGICA CIRUGÍA GENERAL ";"15";"15";"36";"51";"3";"90";"0"
"2023";"06";"190301";"PASCO";"OXAPAMPA";"OXAPAMPA";"ESSALUD";"II-1";"00009748";"HOSPITAL I OXAPAMPA";"241400";"HOSPITALIZACIÓN QUIRÚRGICA GINECO - OBSTETRICIA ";"13";"12";"25";"38";"3";"90";"0"
"2023";"06";"190301";"PASCO";"OXAPAMPA";"OXAPAMPA";"ESSALUD";"II-1";"00009748";"HOSPITAL I OXAPAMPA";"242300";"HOSPITALIZACIÓN DE PEDIATRÍA  PEDIATRÍA  GENERAL ";"10";"10";"23";"29";"2";"60";"0"
"2023";"06";"200101";"PIURA";"PIURA";"PIURA";"ESSALUD";"II-1";"00010244";"HOSPITAL II JORGE REATEGUI DELGADO";"241900";"HOSPITALIZACIÓN DE MEDICINA MEDICINA INTERNA ";"156";"137";"559";"936";"33";"990";"8"
"2023";"06";"200101";"PIURA";"PIURA";"PIURA";"ESSALUD";"II-1";"00010244";"HOSPITAL II JORGE REATEGUI DELGADO";"240100";"HOSPITALIZACIÓN QUIRÚRGICA CIRUGÍA GENERAL ";"99";"98";"247";"364";"18";"540";"0"
"2023";"06";"200101";"PIURA";"PIURA";"PIURA";"ESSALUD";"II-1";"00010244";"HOSPITAL II JORGE REATEGUI DELGADO";"241400";"HOSPITALIZACIÓN QUIRÚRGICA GINECO - OBSTETRICIA ";"213";"208";"474";"565";"29";"870";"0"
"2023";"06";"200101";"PIURA";"PIURA";"PIURA";"ESSALUD";"II-1";"00010244";"HOSPITAL II JORGE REATEGUI DELGADO";"242300";"HOSPITALIZACIÓN DE PEDIATRÍA  PEDIATRÍA  GENERAL ";"108";"101";"378";"231";"23";"339";"0"
"2023";"06";"200101";"PIURA";"PIURA";"PIURA";"ESSALUD";"II-1";"00010244";"HOSPITAL II JORGE REATEGUI DELGADO";"243200";"HOSPITALIZACIÓN DE PEDIATRÍA PEDIATRIA NEONATOLOGÍA";"153";"149";"252";"340";"5";"501";"0"
"2023";"06";"220901";"SAN MARTIN";"SAN MARTIN";"TARAPOTO";"PRIVADO";"II-E";"00008269";"CLINICA SAN MARTIN";"240100";"HOSPITALIZACIÓN QUIRÚRGICA CIRUGÍA GENERAL ";"22";"21";"34";"24";"18";"46";"0"
"2023";"06";"220901";"SAN MARTIN";"SAN MARTIN";"TARAPOTO";"PRIVADO";"II-E";"00008269";"CLINICA SAN MARTIN";"240900";"HOSPITALIZACIÓN QUIRÚRGICA NEUROCIRUGÍA ";"1";"1";"2";"2";"18";"22";"0"
"2023";"06";"220901";"SAN MARTIN";"SAN MARTIN";"TARAPOTO";"PRIVADO";"II-E";"00008269";"CLINICA SAN MARTIN";"241200";"HOSPITALIZACIÓN QUIRÚRGICA TRAUMATOLOGÍA Y ORTOPEDIA ";"9";"9";"20";"12";"18";"24";"0"
"2023";"06";"220901";"SAN MARTIN";"SAN MARTIN";"TARAPOTO";"PRIVADO";"II-E";"00008269";"CLINICA SAN MARTIN";"241500";"HOSPITALIZACIÓN QUIRÚRGICA GINECOLOGÍA  ";"10";"9";"16";"13";"18";"26";"0"
"2023";"06";"220901";"SAN MARTIN";"SAN MARTIN";"TARAPOTO";"PRIVADO";"II-E";"00008269";"CLINICA SAN MARTIN";"241800";"HOSPITALIZACIÓN DE MEDICINA MEDICINA GENERAL ";"18";"18";"30";"22";"18";"44";"0"
"2023";"06";"220901";"SAN MARTIN";"SAN MARTIN";"TARAPOTO";"PRIVADO";"II-E";"00008269";"CLINICA SAN MARTIN";"242300";"HOSPITALIZACIÓN DE PEDIATRÍA  PEDIATRÍA  GENERAL ";"18";"18";"35";"22";"18";"44";"0"
"2023";"06";"220901";"SAN MARTIN";"SAN MARTIN";"TARAPOTO";"PRIVADO";"II-E";"00008269";"CLINICA SAN MARTIN";"242900";"HOSPITALIZACIÓN DE PEDIATRÍA PEDIATRIA GASTROENTEROLOGÍA PEDIÁTRICA";"1";"1";"1";"2";"13";"31";"0"
"2023";"06";"150113";"LIMA";"LIMA";"JESUS MARIA";"PRIVADO";"II-E";"00017173";"CLINICA PORVENIR";"240100";"HOSPITALIZACIÓN QUIRÚRGICA CIRUGÍA GENERAL ";"98";"96";"106";"98";"5";"150";"0"
"2023";"06";"150113";"LIMA";"LIMA";"JESUS MARIA";"PRIVADO";"II-E";"00017173";"CLINICA PORVENIR";"241400";"HOSPITALIZACIÓN QUIRÚRGICA GINECO - OBSTETRICIA ";"32";"32";"57";"32";"3";"90";"0"
"2023";"06";"150113";"LIMA";"LIMA";"JESUS MARIA";"PRIVADO";"II-E";"00017173";"CLINICA PORVENIR";"241300";"HOSPITALIZACIÓN QUIRÚRGICA UROLOGÍA  ";"11";"11";"17";"11";"1";"30";"0"
"2023";"06";"150113";"LIMA";"LIMA";"JESUS MARIA";"PRIVADO";"II-E";"00017173";"CLINICA PORVENIR";"240000";"HOSPITALIZACIÓN";"13";"13";"16";"13";"1";"30";"0"
"2023";"06";"150113";"LIMA";"LIMA";"JESUS MARIA";"PRIVADO";"II-E";"00017173";"CLINICA PORVENIR";"241200";"HOSPITALIZACIÓN QUIRÚRGICA TRAUMATOLOGÍA Y ORTOPEDIA ";"2";"2";"3";"2";"1";"30";"0"
"2023";"06";"021801";"ANCASH";"SANTA";"CHIMBOTE";"GOBIERNO REGIONAL";"II-2";"00001652";"HOSPITAL LA CALETA";"241800";"HOSPITALIZACIÓN DE MEDICINA MEDICINA GENERAL ";"33";"36";"373";"304";"11";"330";"8"
"2023";"06";"021801";"ANCASH";"SANTA";"CHIMBOTE";"GOBIERNO REGIONAL";"II-2";"00001652";"HOSPITAL LA CALETA";"244700";"HOSPITALIZACIÓN DE MEDICINA NEUROLOGIA  ";"0";"2";"7";"2";"1";"30";"0"
"2023";"06";"021801";"ANCASH";"SANTA";"CHIMBOTE";"GOBIERNO REGIONAL";"II-2";"00001652";"HOSPITAL LA CALETA";"244300";"HOSPITALIZACIÓN DE MEDICINA GASTROENTEROLOGÍA  ";"2";"1";"15";"19";"1";"30";"0"
"2023";"06";"021801";"ANCASH";"SANTA";"CHIMBOTE";"GOBIERNO REGIONAL";"II-2";"00001652";"HOSPITAL LA CALETA";"245300";"HOSPITALIZACIÓN DE MEDICINA NEUMOLOGÍA  ";"12";"9";"67";"108";"4";"120";"0"
"2023";"06";"021801";"ANCASH";"SANTA";"CHIMBOTE";"GOBIERNO REGIONAL";"II-2";"00001652";"HOSPITAL LA CALETA";"242200";"HOSPITALIZACIÓN DE MEDICINA PSIQUIATRÍA ";"5";"6";"106";"118";"6";"180";"0"
"2023";"06";"021801";"ANCASH";"SANTA";"CHIMBOTE";"GOBIERNO REGIONAL";"II-2";"00001652";"HOSPITAL LA CALETA";"244600";"HOSPITALIZACIÓN DE MEDICINA NEFROLOGIA ";"0";"1";"13";"17";"1";"30";"0"
"2023";"06";"021801";"ANCASH";"SANTA";"CHIMBOTE";"GOBIERNO REGIONAL";"II-2";"00001652";"HOSPITAL LA CALETA";"240100";"HOSPITALIZACIÓN QUIRÚRGICA CIRUGÍA GENERAL ";"91";"97";"325";"313";"11";"330";"1"
"2023";"06";"021801";"ANCASH";"SANTA";"CHIMBOTE";"GOBIERNO REGIONAL";"II-2";"00001652";"HOSPITAL LA CALETA";"241200";"HOSPITALIZACIÓN QUIRÚRGICA TRAUMATOLOGÍA Y ORTOPEDIA ";"15";"17";"96";"79";"3";"90";"0"
"2023";"06";"021801";"ANCASH";"SANTA";"CHIMBOTE";"GOBIERNO REGIONAL";"II-2";"00001652";"HOSPITAL LA CALETA";"241300";"HOSPITALIZACIÓN QUIRÚRGICA UROLOGÍA  ";"16";"15";"43";"49";"2";"60";"0"
"2023";"06";"021801";"ANCASH";"SANTA";"CHIMBOTE";"GOBIERNO REGIONAL";"II-2";"00001652";"HOSPITAL LA CALETA";"240800";"HOSPITALIZACIÓN QUIRÚRGICA CIRUGÍA PLÁSTICA/RECONSTRUCTIVA/ REPARADORA ";"1";"0";"1";"2";"1";"30";"0"
"2023";"04";"120125";"JUNIN";"HUANCAYO";"PILCOMAYO";"SANIDAD DE LA POLICIA NACIONAL DEL PERU";"I-2";"00025776";"POSTA MEDICA POLICIAL EESTP - HYO";"NE_0001";"";"NE_0001";"NE_0001";"NE_0001";"NE_0001";"NE_0001";"NE_0001";"NE_0001"
"2023";"04";"120601";"JUNIN";"SATIPO";"SATIPO";"SANIDAD DE LA POLICIA NACIONAL DEL PERU";"I-2";"00011485";"POSTA MEDICA POLICIAL SATIPO";"NE_0001";"";"NE_0001";"NE_0001";"NE_0001";"NE_0001";"NE_0001";"NE_0001";"NE_0001"
"2023";"04";"150101";"LIMA";"LIMA";"LIMA";"MINSA";"III-2";"00006217";"INO DR. FRANCISCO CONTRERAS C.";"240600";"HOSPITALIZACIÓN QUIRÚRGICA CIRUGÍA OFTALMOLÓGICA ";"12";"10";"36";"10";"7";"210";"0"
"2023";"04";"070101";"CALLAO";"CALLAO";"CALLAO";"PRIVADO";"I-2";"00011182";"CONSULTORIOS LIMATAMBO SEDE MINKA";"NE_0001";"";"NE_0001";"NE_0001";"NE_0001";"NE_0001";"NE_0001";"NE_0001";"NE_0001"
"2023";"04";"070102";"CALLAO";"CALLAO";"BELLAVISTA";"GOBIERNO REGIONAL";"II-E";"00017883";"HOSPITAL DE REHABILITACION DEL CALLAO";"NE_0001";"";"NE_0001";"NE_0001";"NE_0001";"NE_0001";"NE_0001";"NE_0001";"NE_0001"
"2023";"04";"220104";"SAN MARTIN";"MOYOBAMBA";"JEPELACIO";"GOBIERNO REGIONAL";"I-3";"00006341";"JERILLO";"241600";"HOSPITALIZACIÓN QUIRÚRGICA OBSTETRICIA   ";"8";"8";"9";"1";"1";"30";"0"
"2023";"05";"150141";"LIMA";"LIMA";"SURQUILLO";"MINSA";"III-2";"00006210";"INSTITUTO NACIONAL DE ENFERMEDADES NEOPLASICAS";"250000";"UNIDAD DE CUIDADOS CRITICOS  ";"0";"15";"718";"718";"10";"1240";"15"
"2023";"05";"150141";"LIMA";"LIMA";"SURQUILLO";"MINSA";"III-2";"00006210";"INSTITUTO NACIONAL DE ENFERMEDADES NEOPLASICAS";"241000";"HOSPITALIZACIÓN QUIRÚRGICA ONCOLOGÍA QUIRÚRGICA  ";"321";"326";"2734";"2734";"113";"3410";"2"
"2023";"05";"150141";"LIMA";"LIMA";"SURQUILLO";"MINSA";"III-2";"00006210";"INSTITUTO NACIONAL DE ENFERMEDADES NEOPLASICAS";"241700";"HOSPITALIZACIÓN QUIRÚRGICA GINECOLOGÍA   GINECOLOGIA ONCOLOGiCA";"54";"57";"407";"407";"14";"434";"0"
"2023";"05";"150141";"LIMA";"LIMA";"SURQUILLO";"MINSA";"III-2";"00006210";"INSTITUTO NACIONAL DE ENFERMEDADES NEOPLASICAS";"242100";"HOSPITALIZACIÓN DE MEDICINA ONCOLOGÍA MÉDICA ";"178";"260";"3607";"3607";"138";"4960";"7"
"2023";"05";"150141";"LIMA";"LIMA";"SURQUILLO";"MINSA";"III-2";"00006210";"INSTITUTO NACIONAL DE ENFERMEDADES NEOPLASICAS";"243600";"HOSPITALIZACIÓN DE PEDIATRÍA PEDIATRIA ONCOLOGÍA PEDIÁTRICA";"10";"45";"1745";"1745";"40";"1829";"0"
"2023";"05";"150113";"LIMA";"LIMA";"JESUS MARIA";"ESSALUD";"III-2";"00008720";"HOSPITAL NACIONAL EDGARDO REBAGLIATI MARTINS";"240000";"HOSPITALIZACIÓN";"683";"706";"9656";"9241";"311";"9641";"19"
"2023";"05";"150113";"LIMA";"LIMA";"JESUS MARIA";"ESSALUD";"III-2";"00008720";"HOSPITAL NACIONAL EDGARDO REBAGLIATI MARTINS";"240100";"HOSPITALIZACIÓN QUIRÚRGICA CIRUGÍA GENERAL ";"297";"339";"4520";"3642";"120";"3720";"1"
"2023";"05";"150113";"LIMA";"LIMA";"JESUS MARIA";"ESSALUD";"III-2";"00008720";"HOSPITAL NACIONAL EDGARDO REBAGLIATI MARTINS";"240200";"HOSPITALIZACIÓN QUIRÚRGICA CIRUGÍA DE CABEZA Y CUELLO / MÁXILO FACIAL ";"52";"50";"426";"429";"14";"434";"0"
"2023";"05";"150113";"LIMA";"LIMA";"JESUS MARIA";"ESSALUD";"III-2";"00008720";"HOSPITAL NACIONAL EDGARDO REBAGLIATI MARTINS";"240400";"HOSPITALIZACIÓN QUIRÚRGICA CIRUGÍA DE TÓRAX Y CARDIOVASCULAR ";"36";"44";"895";"876";"30";"930";"0"
"2023";"05";"150113";"LIMA";"LIMA";"JESUS MARIA";"ESSALUD";"III-2";"00008720";"HOSPITAL NACIONAL EDGARDO REBAGLIATI MARTINS";"240600";"HOSPITALIZACIÓN QUIRÚRGICA CIRUGÍA OFTALMOLÓGICA ";"16";"17";"118";"117";"4";"124";"0"
"2023";"05";"150113";"LIMA";"LIMA";"JESUS MARIA";"ESSALUD";"III-2";"00008720";"HOSPITAL NACIONAL EDGARDO REBAGLIATI MARTINS";"240700";"HOSPITALIZACIÓN QUIRÚRGICA CIRUGÍA PEDIÁTRICA ";"131";"128";"1028";"876";"39";"1209";"0"
"2023";"05";"150113";"LIMA";"LIMA";"JESUS MARIA";"ESSALUD";"III-2";"00008720";"HOSPITAL NACIONAL EDGARDO REBAGLIATI MARTINS";"240800";"HOSPITALIZACIÓN QUIRÚRGICA CIRUGÍA PLÁSTICA/RECONSTRUCTIVA/ REPARADORA ";"35";"37";"722";"473";"16";"496";"0"
"2023";"05";"150113";"LIMA";"LIMA";"JESUS MARIA";"ESSALUD";"III-2";"00008720";"HOSPITAL NACIONAL EDGARDO REBAGLIATI MARTINS";"240900";"HOSPITALIZACIÓN QUIRÚRGICA NEUROCIRUGÍA ";"136";"131";"1471";"1619";"57";"1767";"3"
"2023";"05";"150113";"LIMA";"LIMA";"JESUS MARIA";"ESSALUD";"III-2";"00008720";"HOSPITAL NACIONAL EDGARDO REBAGLIATI MARTINS";"241100";"HOSPITALIZACIÓN QUIRÚRGICA OTORRINOLARINGOLOGÍA  ";"48";"47";"368";"360";"12";"372";"0"
"2023";"05";"150113";"LIMA";"LIMA";"JESUS MARIA";"ESSALUD";"III-2";"00008720";"HOSPITAL NACIONAL EDGARDO REBAGLIATI MARTINS";"241200";"HOSPITALIZACIÓN QUIRÚRGICA TRAUMATOLOGÍA Y ORTOPEDIA ";"293";"303";"3881";"3546";"118";"3658";"0"
"2023";"05";"150113";"LIMA";"LIMA";"JESUS MARIA";"ESSALUD";"III-2";"00008720";"HOSPITAL NACIONAL EDGARDO REBAGLIATI MARTINS";"241300";"HOSPITALIZACIÓN QUIRÚRGICA UROLOGÍA  ";"145";"154";"1620";"1471";"48";"1488";"0"
"2023";"05";"150113";"LIMA";"LIMA";"JESUS MARIA";"ESSALUD";"III-2";"00008720";"HOSPITAL NACIONAL EDGARDO REBAGLIATI MARTINS";"241500";"HOSPITALIZACIÓN QUIRÚRGICA GINECOLOGÍA  ";"108";"100";"678";"711";"24";"744";"0"
"2023";"05";"150113";"LIMA";"LIMA";"JESUS MARIA";"ESSALUD";"III-2";"00008720";"HOSPITAL NACIONAL EDGARDO REBAGLIATI MARTINS";"241600";"HOSPITALIZACIÓN QUIRÚRGICA OBSTETRICIA   ";"339";"443";"2520";"2580";"109";"3379";"0"
"2023";"05";"150113";"LIMA";"LIMA";"JESUS MARIA";"ESSALUD";"III-2";"00008720";"HOSPITAL NACIONAL EDGARDO REBAGLIATI MARTINS";"241700";"HOSPITALIZACIÓN QUIRÚRGICA GINECOLOGÍA   GINECOLOGIA ONCOLOGiCA";"117";"118";"784";"744";"24";"744";"0"
"2023";"05";"150113";"LIMA";"LIMA";"JESUS MARIA";"ESSALUD";"III-2";"00008720";"HOSPITAL NACIONAL EDGARDO REBAGLIATI MARTINS";"241900";"HOSPITALIZACIÓN DE MEDICINA MEDICINA INTERNA ";"592";"539";"8839";"8007";"268";"8308";"74"
"2023";"05";"150113";"LIMA";"LIMA";"JESUS MARIA";"ESSALUD";"III-2";"00008720";"HOSPITAL NACIONAL EDGARDO REBAGLIATI MARTINS";"242100";"HOSPITALIZACIÓN DE MEDICINA ONCOLOGÍA MÉDICA ";"114";"115";"1065";"1016";"33";"1023";"2"
"2023";"05";"150113";"LIMA";"LIMA";"JESUS MARIA";"ESSALUD";"III-2";"00008720";"HOSPITAL NACIONAL EDGARDO REBAGLIATI MARTINS";"242200";"HOSPITALIZACIÓN DE MEDICINA PSIQUIATRÍA ";"72";"76";"1337";"1244";"56";"1736";"0"
"2023";"05";"150113";"LIMA";"LIMA";"JESUS MARIA";"ESSALUD";"III-2";"00008720";"HOSPITAL NACIONAL EDGARDO REBAGLIATI MARTINS";"242300";"HOSPITALIZACIÓN DE PEDIATRÍA  PEDIATRÍA  GENERAL ";"56";"73";"1021";"719";"24";"744";"0"
"2023";"05";"150113";"LIMA";"LIMA";"JESUS MARIA";"ESSALUD";"III-2";"00008720";"HOSPITAL NACIONAL EDGARDO REBAGLIATI MARTINS";"242500";"HOSPITALIZACIÓN-PEDIATRÍA GENERAL-";"70";"76";"1723";"1178";"41";"1271";"1"
"2023";"05";"150113";"LIMA";"LIMA";"JESUS MARIA";"ESSALUD";"III-2";"00008720";"HOSPITAL NACIONAL EDGARDO REBAGLIATI MARTINS";"243200";"HOSPITALIZACIÓN DE PEDIATRÍA PEDIATRIA NEONATOLOGÍA";"43";"4";"69";"744";"24";"744";"4"
"2023";"05";"150113";"LIMA";"LIMA";"JESUS MARIA";"ESSALUD";"III-2";"00008720";"HOSPITAL NACIONAL EDGARDO REBAGLIATI MARTINS";"243600";"HOSPITALIZACIÓN DE PEDIATRÍA PEDIATRIA ONCOLOGÍA PEDIÁTRICA";"56";"51";"405";"487";"16";"496";"1"
"2023";"05";"150113";"LIMA";"LIMA";"JESUS MARIA";"ESSALUD";"III-2";"00008720";"HOSPITAL NACIONAL EDGARDO REBAGLIATI MARTINS";"250100";"UNIDAD DE CUIDADOS CRITICOS UNIDAD  DE CUIDADOS INTENSIVOS GENERALES (UCI) ";"87";"55";"1142";"1862";"61";"1891";"53"
"2023";"05";"150113";"LIMA";"LIMA";"JESUS MARIA";"ESSALUD";"III-2";"00008720";"HOSPITAL NACIONAL EDGARDO REBAGLIATI MARTINS";"250101";"UNIDAD DE CUIDADOS CRITICOS UNIDAD  DE CUIDADOS INTENSIVOS GENERALES (UCI) CARDIOLOGIA";"55";"27";"261";"464";"15";"465";"1"
"2023";"05";"150113";"LIMA";"LIMA";"JESUS MARIA";"ESSALUD";"III-2";"00008720";"HOSPITAL NACIONAL EDGARDO REBAGLIATI MARTINS";"250105";"UNIDAD DE CUIDADOS CRITICOS UNIDAD  DE CUIDADOS INTENSIVOS  (UCI) NEONATOLOGÍA";"10";"54";"1671";"961";"31";"961";"3"
"2023";"05";"150113";"LIMA";"LIMA";"JESUS MARIA";"ESSALUD";"III-2";"00008720";"HOSPITAL NACIONAL EDGARDO REBAGLIATI MARTINS";"250108";"UNIDAD DE CUIDADOS CRITICOS UNIDAD  DE CUIDADOS INTENSIVOS  (UCI) PEDIÁTRICA";"25";"3";"19";"338";"13";"403";"1"
"2023";"05";"150113";"LIMA";"LIMA";"JESUS MARIA";"ESSALUD";"III-2";"00008720";"HOSPITAL NACIONAL EDGARDO REBAGLIATI MARTINS";"250200";"UNIDAD DE CUIDADOS CRITICOS UNIDAD DE CUIDADOS INTERMEDIOS GENERAL  (UCIN) ";"2";"4";"683";"738";"24";"744";"4"
"2023";"05";"150140";"LIMA";"LIMA";"SANTIAGO DE SURCO";"PRIVADO";"II-E";"00017823";"OFTALMOLOGICA SANTO TORIBIO";"NE_0001";"";"NE_0001";"NE_0001";"NE_0001";"NE_0001";"NE_0001";"NE_0001";"NE_0001"
"2023";"05";"080501";"CUSCO";"CANAS";"YANAOCA";"GOBIERNO REGIONAL";"I-2";"00018241";"HAMPATURA";"NE_0001";"";"NE_0001";"NE_0001";"NE_0001";"NE_0001";"NE_0001";"NE_0001";"NE_0001"
"2023";"05";"080506";"CUSCO";"CANAS";"PAMPAMARCA";"GOBIERNO REGIONAL";"I-2";"00002372";"PAMPAMARCA";"NE_0001";"";"NE_0001";"NE_0001";"NE_0001";"NE_0001";"NE_0001";"NE_0001";"NE_0001"
"2023";"05";"080508";"CUSCO";"CANAS";"TUPAC AMARU";"GOBIERNO REGIONAL";"I-1";"00002375";"SURIMANA";"NE_0001";"";"NE_0001";"NE_0001";"NE_0001";"NE_0001";"NE_0001";"NE_0001";"NE_0001"
"2023";"05";"080507";"CUSCO";"CANAS";"QUEHUE";"GOBIERNO REGIONAL";"I-2";"00002373";"QUEHUE";"NE_0001";"";"NE_0001";"NE_0001";"NE_0001";"NE_0001";"NE_0001";"NE_0001";"NE_0001"
"2023";"05";"080501";"CUSCO";"CANAS";"YANAOCA";"GOBIERNO REGIONAL";"I-4";"00002364";"YANAOCA";"NE_0001";"";"NE_0001";"NE_0001";"NE_0001";"NE_0001";"NE_0001";"NE_0001";"NE_0001"
"2023";"05";"080508";"CUSCO";"CANAS";"TUPAC AMARU";"GOBIERNO REGIONAL";"I-2";"00002376";"TUNGASUCA";"NE_0001";"";"NE_0001";"NE_0001";"NE_0001";"NE_0001";"NE_0001";"NE_0001";"NE_0001"
"2023";"05";"080501";"CUSCO";"CANAS";"YANAOCA";"GOBIERNO REGIONAL";"I-2";"00002365";"PONGOÑA";"NE_0001";"";"NE_0001";"NE_0001";"NE_0001";"NE_0001";"NE_0001";"NE_0001";"NE_0001"
"2023";"05";"080507";"CUSCO";"CANAS";"QUEHUE";"GOBIERNO REGIONAL";"I-2";"00002374";"HUINCHIRI";"NE_0001";"";"NE_0001";"NE_0001";"NE_0001";"NE_0001";"NE_0001";"NE_0001";"NE_0001"
"2023";"05";"080508";"CUSCO";"CANAS";"TUPAC AMARU";"GOBIERNO REGIONAL";"I-1";"00002377";"TOCCOCCORI";"NE_0001";"";"NE_0001";"NE_0001";"NE_0001";"NE_0001";"NE_0001";"NE_0001";"NE_0001"
"2023";"05";"080907";"CUSCO";"LA CONVENCION";"KIMBIRI";"GOBIERNO REGIONAL";"I-2";"00002470";"CHIRUMPIARI";"NE_0001";"";"NE_0001";"NE_0001";"NE_0001";"NE_0001";"NE_0001";"NE_0001";"NE_0001"
"2023";"05";"080913";"CUSCO";"LA CONVENCION";"VILLA KINTIARINA";"GOBIERNO REGIONAL";"I-2";"00008283";"PUEBLO LIBRE";"NE_0001";"";"NE_0001";"NE_0001";"NE_0001";"NE_0001";"NE_0001";"NE_0001";"NE_0001"
"2023";"05";"080907";"CUSCO";"LA CONVENCION";"KIMBIRI";"GOBIERNO REGIONAL";"I-3";"00002471";"LOBO TAHUANTINSUYO";"NE_0001";"";"NE_0001";"NE_0001";"NE_0001";"NE_0001";"NE_0001";"NE_0001";"NE_0001"
"2023";"06";"150115";"LIMA";"LIMA";"LA VICTORIA";"PRIVADO";"II-E";"00009431";"CLÍNICA SANTA CATALINA";"NE_0002";"";"NE_0002";"NE_0002";"NE_0002";"NE_0002";"NE_0002";"NE_0002";"NE_0002"
"2023";"06";"021801";"ANCASH";"SANTA";"CHIMBOTE";"PRIVADO";"II-1";"00016551";"CLINICA JUAN PABLO II";"240000";"HOSPITALIZACIÓN";"1";"1";"3";"1";"19";"570";"0"
"2023";"06";"150105";"LIMA";"LIMA";"BREÑA";"MINSA";"III-2";"00006216";"INSTITUTO NACIONAL DE SALUD DEL NIÑO";"240200";"HOSPITALIZACIÓN QUIRÚRGICA CIRUGÍA DE CABEZA Y CUELLO / MÁXILO FACIAL ";"42";"39";"263";"269";"10";"300";"0"
"2023";"06";"150105";"LIMA";"LIMA";"BREÑA";"MINSA";"III-2";"00006216";"INSTITUTO NACIONAL DE SALUD DEL NIÑO";"240400";"HOSPITALIZACIÓN QUIRÚRGICA CIRUGÍA DE TÓRAX Y CARDIOVASCULAR ";"20";"11";"141";"301";"19";"570";"2"
"2023";"06";"150105";"LIMA";"LIMA";"BREÑA";"MINSA";"III-2";"00006216";"INSTITUTO NACIONAL DE SALUD DEL NIÑO";"240700";"HOSPITALIZACIÓN QUIRÚRGICA CIRUGÍA PEDIÁTRICA ";"83";"78";"443";"529";"18";"540";"0"
"2023";"06";"150105";"LIMA";"LIMA";"BREÑA";"MINSA";"III-2";"00006216";"INSTITUTO NACIONAL DE SALUD DEL NIÑO";"240801";"HOSPITALIZACIÓN QUIRÚRGICA CIRUGÍA PLÁSTICA/RECONSTRUCTIVA/ REPARADORA QUEMADOS";"48";"54";"556";"387";"26";"780";"0"
"2023";"06";"150105";"LIMA";"LIMA";"BREÑA";"MINSA";"III-2";"00006216";"INSTITUTO NACIONAL DE SALUD DEL NIÑO";"240900";"HOSPITALIZACIÓN QUIRÚRGICA NEUROCIRUGÍA ";"33";"32";"957";"639";"22";"660";"0"
"2023";"06";"150105";"LIMA";"LIMA";"BREÑA";"MINSA";"III-2";"00006216";"INSTITUTO NACIONAL DE SALUD DEL NIÑO";"241200";"HOSPITALIZACIÓN QUIRÚRGICA TRAUMATOLOGÍA Y ORTOPEDIA ";"74";"73";"901";"761";"28";"840";"0"
"2023";"06";"150105";"LIMA";"LIMA";"BREÑA";"MINSA";"III-2";"00006216";"INSTITUTO NACIONAL DE SALUD DEL NIÑO";"241300";"HOSPITALIZACIÓN QUIRÚRGICA UROLOGÍA  ";"21";"21";"180";"155";"8";"240";"0"
"2023";"06";"150105";"LIMA";"LIMA";"BREÑA";"MINSA";"III-2";"00006216";"INSTITUTO NACIONAL DE SALUD DEL NIÑO";"242000";"HOSPITALIZACIÓN DE MEDICINA MEDICINA TROPICAL E INFECCIOSAS ";"78";"73";"599";"685";"25";"750";"0"
"2023";"06";"150105";"LIMA";"LIMA";"BREÑA";"MINSA";"III-2";"00006216";"INSTITUTO NACIONAL DE SALUD DEL NIÑO";"242300";"HOSPITALIZACIÓN DE PEDIATRÍA  PEDIATRÍA  GENERAL ";"336";"309";"1995";"2723";"92";"2760";"1"
"2023";"06";"150105";"LIMA";"LIMA";"BREÑA";"MINSA";"III-2";"00006216";"INSTITUTO NACIONAL DE SALUD DEL NIÑO";"242600";"HOSPITALIZACIÓN DE PEDIATRÍA PEDIATRIA CARDIOLOGÍA PEDIÁTRICA";"42";"36";"698";"384";"20";"600";"3"
"2023";"06";"150105";"LIMA";"LIMA";"BREÑA";"MINSA";"III-2";"00006216";"INSTITUTO NACIONAL DE SALUD DEL NIÑO";"242700";"HOSPITALIZACIÓN DE PEDIATRÍA PEDIATRIA DERMATOLOGÍA PEDIÁTRICA";"19";"14";"89";"148";"8";"240";"0"
"2023";"06";"150105";"LIMA";"LIMA";"BREÑA";"MINSA";"III-2";"00006216";"INSTITUTO NACIONAL DE SALUD DEL NIÑO";"242900";"HOSPITALIZACIÓN DE PEDIATRÍA PEDIATRIA GASTROENTEROLOGÍA PEDIÁTRICA";"31";"27";"314";"283";"11";"330";"0"
"2023";"06";"150105";"LIMA";"LIMA";"BREÑA";"MINSA";"III-2";"00006216";"INSTITUTO NACIONAL DE SALUD DEL NIÑO";"243000";"HOSPITALIZACIÓN DE PEDIATRÍA PEDIATRIA GINECOLOGÍA PEDIÁTRICA";"9";"7";"15";"23";"2";"60";"0"
"2023";"06";"150105";"LIMA";"LIMA";"BREÑA";"MINSA";"III-2";"00006216";"INSTITUTO NACIONAL DE SALUD DEL NIÑO";"243100";"HOSPITALIZACIÓN DE PEDIATRÍA PEDIATRIA NEFROLOGÍA PEDIÁTRICA";"8";"8";"109";"148";"5";"150";"0"
"2023";"06";"150105";"LIMA";"LIMA";"BREÑA";"MINSA";"III-2";"00006216";"INSTITUTO NACIONAL DE SALUD DEL NIÑO";"243300";"HOSPITALIZACIÓN DE PEDIATRÍA PEDIATRIA NEUMOLOGÍA PEDIÁTRICA";"22";"15";"442";"544";"21";"630";"0"
"2023";"06";"150105";"LIMA";"LIMA";"BREÑA";"MINSA";"III-2";"00006216";"INSTITUTO NACIONAL DE SALUD DEL NIÑO";"243400";"HOSPITALIZACIÓN DE PEDIATRÍA PEDIATRIA NEUROLOGÍA PEDIÁTRICA";"27";"18";"190";"374";"14";"420";"0"
"2023";"06";"150105";"LIMA";"LIMA";"BREÑA";"MINSA";"III-2";"00006216";"INSTITUTO NACIONAL DE SALUD DEL NIÑO";"243500";"HOSPITALIZACIÓN DE PEDIATRÍA PEDIATRIA OFTALMOLOGÍA PEDIÁTRICA";"2";"1";"2";"7";"1";"30";"0"
"2023";"06";"150105";"LIMA";"LIMA";"BREÑA";"MINSA";"III-2";"00006216";"INSTITUTO NACIONAL DE SALUD DEL NIÑO";"243600";"HOSPITALIZACIÓN DE PEDIATRÍA PEDIATRIA ONCOLOGÍA PEDIÁTRICA";"2";"3";"132";"81";"3";"90";"0"
"2023";"06";"150105";"LIMA";"LIMA";"BREÑA";"MINSA";"III-2";"00006216";"INSTITUTO NACIONAL DE SALUD DEL NIÑO";"243700";"HOSPITALIZACIÓN DE PEDIATRÍA PEDIATRIA OTORRINOLARINGOLOGÍA PEDIÁTRICA ";"21";"22";"105";"83";"7";"210";"0"
"2023";"06";"150105";"LIMA";"LIMA";"BREÑA";"MINSA";"III-2";"00006216";"INSTITUTO NACIONAL DE SALUD DEL NIÑO";"244500";"HOSPITALIZACIÓN DE MEDICINA HEMATOLOGÍA ";"5";"5";"121";"85";"3";"90";"0"
"2023";"06";"150122";"LIMA";"LIMA";"MIRAFLORES";"PRIVADO";"III-2";"00008956";"CLINICA DEL INCA";"240000";"HOSPITALIZACIÓN";"3";"6";"24";"12";"14";"420";"0"
"2023";"06";"150122";"LIMA";"LIMA";"MIRAFLORES";"PRIVADO";"III-2";"00008956";"CLINICA DEL INCA";"250100";"UNIDAD DE CUIDADOS CRITICOS UNIDAD  DE CUIDADOS INTENSIVOS GENERALES (UCI) ";"4";"2";"8";"17";"5";"150";"0"
"2023";"06";"021809";"ANCASH";"SANTA";"NUEVO CHIMBOTE";"GOBIERNO REGIONAL";"II-2";"00001703";"ELEAZAR GUZMAN BARRON";"241800";"HOSPITALIZACIÓN DE MEDICINA MEDICINA GENERAL ";"70";"73";"742";"663";"23";"713";"10"
"2023";"06";"021809";"ANCASH";"SANTA";"NUEVO CHIMBOTE";"GOBIERNO REGIONAL";"II-2";"00001703";"ELEAZAR GUZMAN BARRON";"245700";"HOSPITALIZACIÓN QUIRÚRGICA CARDIOLOGIA ";"2";"2";"7";"7";"1";"31";"0"
"2023";"06";"021809";"ANCASH";"SANTA";"NUEVO CHIMBOTE";"GOBIERNO REGIONAL";"II-2";"00001703";"ELEAZAR GUZMAN BARRON";"244300";"HOSPITALIZACIÓN DE MEDICINA GASTROENTEROLOGÍA  ";"1";"1";"27";"12";"1";"31";"0"
"2023";"06";"021809";"ANCASH";"SANTA";"NUEVO CHIMBOTE";"GOBIERNO REGIONAL";"II-2";"00001703";"ELEAZAR GUZMAN BARRON";"245500";"HOSPITALIZACIÓN DE MEDICINA REUMATOLOGÍA    ";"2";"3";"7";"5";"1";"31";"0"
"2023";"06";"021809";"ANCASH";"SANTA";"NUEVO CHIMBOTE";"GOBIERNO REGIONAL";"II-2";"00001703";"ELEAZAR GUZMAN BARRON";"245300";"HOSPITALIZACIÓN DE MEDICINA NEUMOLOGÍA  ";"9";"9";"86";"86";"3";"93";"0"
"2023";"06";"021809";"ANCASH";"SANTA";"NUEVO CHIMBOTE";"GOBIERNO REGIONAL";"II-2";"00001703";"ELEAZAR GUZMAN BARRON";"242200";"HOSPITALIZACIÓN DE MEDICINA PSIQUIATRÍA ";"6";"5";"79";"171";"7";"217";"0"
"2023";"06";"021809";"ANCASH";"SANTA";"NUEVO CHIMBOTE";"GOBIERNO REGIONAL";"II-2";"00001703";"ELEAZAR GUZMAN BARRON";"240100";"HOSPITALIZACIÓN QUIRÚRGICA CIRUGÍA GENERAL ";"77";"75";"319";"313";"11";"341";"1"
"2023";"06";"021809";"ANCASH";"SANTA";"NUEVO CHIMBOTE";"GOBIERNO REGIONAL";"II-2";"00001703";"ELEAZAR GUZMAN BARRON";"241200";"HOSPITALIZACIÓN QUIRÚRGICA TRAUMATOLOGÍA Y ORTOPEDIA ";"31";"28";"465";"379";"13";"403";"0"
"2023";"06";"021809";"ANCASH";"SANTA";"NUEVO CHIMBOTE";"GOBIERNO REGIONAL";"II-2";"00001703";"ELEAZAR GUZMAN BARRON";"241100";"HOSPITALIZACIÓN QUIRÚRGICA OTORRINOLARINGOLOGÍA  ";"1";"2";"8";"7";"1";"31";"0"
"2023";"06";"021809";"ANCASH";"SANTA";"NUEVO CHIMBOTE";"GOBIERNO REGIONAL";"II-2";"00001703";"ELEAZAR GUZMAN BARRON";"241300";"HOSPITALIZACIÓN QUIRÚRGICA UROLOGÍA  ";"9";"8";"34";"39";"2";"62";"0"
"2023";"06";"021809";"ANCASH";"SANTA";"NUEVO CHIMBOTE";"GOBIERNO REGIONAL";"II-2";"00001703";"ELEAZAR GUZMAN BARRON";"242100";"HOSPITALIZACIÓN DE MEDICINA ONCOLOGÍA MÉDICA ";"7";"12";"53";"60";"3";"93";"0"
"2023";"06";"021809";"ANCASH";"SANTA";"NUEVO CHIMBOTE";"GOBIERNO REGIONAL";"II-2";"00001703";"ELEAZAR GUZMAN BARRON";"240900";"HOSPITALIZACIÓN QUIRÚRGICA NEUROCIRUGÍA ";"9";"8";"47";"84";"3";"93";"0"
"2023";"06";"021809";"ANCASH";"SANTA";"NUEVO CHIMBOTE";"GOBIERNO REGIONAL";"II-2";"00001703";"ELEAZAR GUZMAN BARRON";"240801";"HOSPITALIZACIÓN QUIRÚRGICA CIRUGÍA PLÁSTICA/RECONSTRUCTIVA/ REPARADORA QUEMADOS";"4";"5";"31";"27";"1";"31";"0"
"2023";"06";"021809";"ANCASH";"SANTA";"NUEVO CHIMBOTE";"GOBIERNO REGIONAL";"II-2";"00001703";"ELEAZAR GUZMAN BARRON";"242300";"HOSPITALIZACIÓN DE PEDIATRÍA  PEDIATRÍA  GENERAL ";"197";"195";"830";"869";"31";"961";"2"
"2023";"06";"021809";"ANCASH";"SANTA";"NUEVO CHIMBOTE";"GOBIERNO REGIONAL";"II-2";"00001703";"ELEAZAR GUZMAN BARRON";"241600";"HOSPITALIZACIÓN QUIRÚRGICA OBSTETRICIA   ";"241";"249";"563";"401";"15";"465";"0"
"2023";"06";"021809";"ANCASH";"SANTA";"NUEVO CHIMBOTE";"GOBIERNO REGIONAL";"II-2";"00001703";"ELEAZAR GUZMAN BARRON";"241500";"HOSPITALIZACIÓN QUIRÚRGICA GINECOLOGÍA  ";"34";"33";"88";"121";"5";"155";"0"
"2023";"06";"021809";"ANCASH";"SANTA";"NUEVO CHIMBOTE";"GOBIERNO REGIONAL";"II-2";"00001703";"ELEAZAR GUZMAN BARRON";"250100";"UNIDAD DE CUIDADOS CRITICOS UNIDAD  DE CUIDADOS INTENSIVOS GENERALES (UCI) ";"9";"8";"167";"390";"16";"496";"8"
"2023";"06";"030101";"APURIMAC";"ABANCAY";"ABANCAY";"ESSALUD";"II-2";"00011213";"HOSPITAL II ESSALUD ABANCAY";"241900";"HOSPITALIZACIÓN DE MEDICINA MEDICINA INTERNA ";"62";"62";"414";"492";"19";"506";"2"
"2023";"06";"030101";"APURIMAC";"ABANCAY";"ABANCAY";"ESSALUD";"II-2";"00011213";"HOSPITAL II ESSALUD ABANCAY";"250100";"UNIDAD DE CUIDADOS CRITICOS UNIDAD  DE CUIDADOS INTENSIVOS GENERALES (UCI) ";"2";"1";"5";"152";"6";"180";"1"
"2023";"06";"030101";"APURIMAC";"ABANCAY";"ABANCAY";"ESSALUD";"II-2";"00011213";"HOSPITAL II ESSALUD ABANCAY";"240100";"HOSPITALIZACIÓN QUIRÚRGICA CIRUGÍA GENERAL ";"87";"87";"382";"606";"19";"611";"1"
"2023";"06";"030101";"APURIMAC";"ABANCAY";"ABANCAY";"ESSALUD";"II-2";"00011213";"HOSPITAL II ESSALUD ABANCAY";"241400";"HOSPITALIZACIÓN QUIRÚRGICA GINECO - OBSTETRICIA ";"31";"31";"82";"103";"4";"108";"0"
"2023";"06";"030101";"APURIMAC";"ABANCAY";"ABANCAY";"ESSALUD";"II-2";"00011213";"HOSPITAL II ESSALUD ABANCAY";"241600";"HOSPITALIZACIÓN QUIRÚRGICA OBSTETRICIA   ";"56";"56";"127";"205";"8";"215";"0"
"2023";"06";"030101";"APURIMAC";"ABANCAY";"ABANCAY";"ESSALUD";"II-2";"00011213";"HOSPITAL II ESSALUD ABANCAY";"242300";"HOSPITALIZACIÓN DE PEDIATRÍA  PEDIATRÍA  GENERAL ";"50";"50";"239";"247";"7";"270";"0"
"2023";"06";"220504";"SAN MARTIN";"LAMAS";"CAYNARACHI";"GOBIERNO REGIONAL";"I-2";"00006418";"ALIANZA";"NE_0001";"";"NE_0001";"NE_0001";"NE_0001";"NE_0001";"NE_0001";"NE_0001";"NE_0001"
"2023";"06";"130101";"LA LIBERTAD";"TRUJILLO";"TRUJILLO";"GOBIERNO REGIONAL";"III-1";"00005195";"HOSPITAL BELEN DE TRUJILLO";"244000";"HOSPITALIZACIÓN DE MEDICINA CARDIOLOGIA ";"8";"12";"249";"163";"6";"180";"2"
"2023";"06";"130101";"LA LIBERTAD";"TRUJILLO";"TRUJILLO";"GOBIERNO REGIONAL";"III-1";"00005195";"HOSPITAL BELEN DE TRUJILLO";"241600";"HOSPITALIZACIÓN QUIRÚRGICA OBSTETRICIA   ";"234";"226";"837";"913";"44";"1320";"0"
"2023";"06";"130101";"LA LIBERTAD";"TRUJILLO";"TRUJILLO";"GOBIERNO REGIONAL";"III-1";"00005195";"HOSPITAL BELEN DE TRUJILLO";"250100";"UNIDAD DE CUIDADOS CRITICOS UNIDAD  DE CUIDADOS INTENSIVOS GENERALES (UCI) ";"1";"7";"408";"243";"10";"300";"6"
"2023";"05";"120114";"JUNIN";"HUANCAYO";"EL TAMBO";"PRIVADO";"II-1";"00008024";"CLINICA CAYETANO HEREDIA";"240000";"HOSPITALIZACIÓN";"178";"175";"659";"1218";"45";"1398";"0"
"2023";"05";"120114";"JUNIN";"HUANCAYO";"EL TAMBO";"PRIVADO";"II-1";"00008024";"CLINICA CAYETANO HEREDIA";"241400";"HOSPITALIZACIÓN QUIRÚRGICA GINECO - OBSTETRICIA ";"60";"78";"194";"440";"8";"458";"0"
"2023";"06";"100108";"HUANUCO";"HUANUCO";"SAN PEDRO DE CHAULAN";"GOBIERNO REGIONAL";"I-1";"00000796";"SAN JOSE DE COZO TINGO";"NE_0001";"";"NE_0001";"NE_0001";"NE_0001";"NE_0001";"NE_0001";"NE_0001";"NE_0001"
"2023";"06";"100108";"HUANUCO";"HUANUCO";"SAN PEDRO DE CHAULAN";"GOBIERNO REGIONAL";"I-3";"00000794";"CHAULAN";"NE_0001";"";"NE_0001";"NE_0001";"NE_0001";"NE_0001";"NE_0001";"NE_0001";"NE_0001"
"2023";"06";"100108";"HUANUCO";"HUANUCO";"SAN PEDRO DE CHAULAN";"GOBIERNO REGIONAL";"I-2";"00000789";"SAN JUAN DE LIBERTAD";"NE_0001";"";"NE_0001";"NE_0001";"NE_0001";"NE_0001";"NE_0001";"NE_0001";"NE_0001"
"2023";"06";"021901";"ANCASH";"SIHUAS";"SIHUAS";"ESSALUD";"I-3";"00009203";"CENTRO MEDICO SIHUAS";"NE_0001";"";"NE_0001";"NE_0001";"NE_0001";"NE_0001";"NE_0001";"NE_0001";"NE_0001"
"2023";"06";"130101";"LA LIBERTAD";"TRUJILLO";"TRUJILLO";"PRIVADO";"II-E";"00029964";"OFTALMOCENTER";"NE_0001";"";"NE_0001";"NE_0001";"NE_0001";"NE_0001";"NE_0001";"NE_0001";"NE_0001"
"2023";"06";"021909";"ANCASH";"SIHUAS";"SAN JUAN";"GOBIERNO REGIONAL";"I-2";"00001809";"PUESTO DE SALUD ANDAYMAYO";"NE_0002";"";"NE_0002";"NE_0002";"NE_0002";"NE_0002";"NE_0002";"NE_0002";"NE_0002"
"2023";"06";"021909";"ANCASH";"SIHUAS";"SAN JUAN";"GOBIERNO REGIONAL";"I-2";"00001808";"PUESTO DE SALUD SAN JUAN CHULLIN";"NE_0002";"";"NE_0002";"NE_0002";"NE_0002";"NE_0002";"NE_0002";"NE_0002";"NE_0002"
"2023";"06";"021909";"ANCASH";"SIHUAS";"SAN JUAN";"GOBIERNO REGIONAL";"I-1";"00001810";"PUESTO DE SALUD CHINCHOBAMBA";"NE_0002";"";"NE_0002";"NE_0002";"NE_0002";"NE_0002";"NE_0002";"NE_0002";"NE_0002"
"2023";"06";"021904";"ANCASH";"SIHUAS";"CASHAPAMPA";"GOBIERNO REGIONAL";"I-1";"00001797";"PUESTO DE SALUD CASHAPAMPA";"NE_0002";"";"NE_0002";"NE_0002";"NE_0002";"NE_0002";"NE_0002";"NE_0002";"NE_0002"
"2023";"06";"021906";"ANCASH";"SIHUAS";"HUAYLLABAMBA";"GOBIERNO REGIONAL";"I-1";"00001804";"PUESTO DE SALUD PIRPO";"NE_0002";"";"NE_0002";"NE_0002";"NE_0002";"NE_0002";"NE_0002";"NE_0002";"NE_0002"
"2023";"06";"021906";"ANCASH";"SIHUAS";"HUAYLLABAMBA";"GOBIERNO REGIONAL";"I-2";"00001803";"PUESTO DE SALUD SANTA CLARA";"NE_0002";"";"NE_0002";"NE_0002";"NE_0002";"NE_0002";"NE_0002";"NE_0002";"NE_0002"
"2023";"06";"021909";"ANCASH";"SIHUAS";"SAN JUAN";"GOBIERNO REGIONAL";"I-1";"00007449";"PUESTO DE SALUD PARIASHPAMPA";"NE_0002";"";"NE_0002";"NE_0002";"NE_0002";"NE_0002";"NE_0002";"NE_0002";"NE_0002"
"2023";"06";"021908";"ANCASH";"SIHUAS";"RAGASH";"GOBIERNO REGIONAL";"I-1";"00001796";"PUESTO DE SALUD RAGASH";"NE_0002";"";"NE_0002";"NE_0002";"NE_0002";"NE_0002";"NE_0002";"NE_0002";"NE_0002"
"2023";"06";"021910";"ANCASH";"SIHUAS";"SICSIBAMBA";"GOBIERNO REGIONAL";"I-2";"00001811";"PUESTO DE SALUD SICSIBAMBA";"NE_0002";"";"NE_0002";"NE_0002";"NE_0002";"NE_0002";"NE_0002";"NE_0002";"NE_0002"
"2023";"06";"021910";"ANCASH";"SIHUAS";"SICSIBAMBA";"GOBIERNO REGIONAL";"I-1";"00001812";"PUESTO DE SALUD UMBE";"NE_0002";"";"NE_0002";"NE_0002";"NE_0002";"NE_0002";"NE_0002";"NE_0002";"NE_0002"
"2023";"06";"021901";"ANCASH";"SIHUAS";"SIHUAS";"GOBIERNO REGIONAL";"I-1";"00009731";"PUESTO DE SALUD SAURAPA";"NE_0002";"";"NE_0002";"NE_0002";"NE_0002";"NE_0002";"NE_0002";"NE_0002";"NE_0002"
"2023";"06";"021906";"ANCASH";"SIHUAS";"HUAYLLABAMBA";"GOBIERNO REGIONAL";"I-3";"00001802";"CENTRO DE SALUD HUAYLLABAMBA";"NE_0002";"";"NE_0002";"NE_0002";"NE_0002";"NE_0002";"NE_0002";"NE_0002";"NE_0002"
"2023";"06";"021908";"ANCASH";"SIHUAS";"RAGASH";"GOBIERNO REGIONAL";"I-1";"00009734";"PUESTO DE SALUD QUINGAO";"NE_0002";"";"NE_0002";"NE_0002";"NE_0002";"NE_0002";"NE_0002";"NE_0002";"NE_0002"
"2023";"06";"120801";"JUNIN";"YAULI";"LA OROYA";"GOBIERNO REGIONAL";"I-4";"00000559";"LA OROYA";"NE_0001";"";"NE_0001";"NE_0001";"NE_0001";"NE_0001";"NE_0001";"NE_0001";"NE_0001"
"2023";"06";"120801";"JUNIN";"YAULI";"LA OROYA";"GOBIERNO REGIONAL";"I-2";"00000560";"HUAYNACANCHA";"NE_0001";"";"NE_0001";"NE_0001";"NE_0001";"NE_0001";"NE_0001";"NE_0001";"NE_0001"
"2023";"06";"120804";"JUNIN";"YAULI";"MARCAPOMACOCHA";"GOBIERNO REGIONAL";"I-1";"00000562";"SAN FRANCISCO DE YANTAC";"NE_0001";"";"NE_0001";"NE_0001";"NE_0001";"NE_0001";"NE_0001";"NE_0001";"NE_0001"
"2023";"06";"120810";"JUNIN";"YAULI";"YAULI";"GOBIERNO REGIONAL";"I-2";"00000567";"YAULI - LA OROYA";"NE_0001";"";"NE_0001";"NE_0001";"NE_0001";"NE_0001";"NE_0001";"NE_0001";"NE_0001"
"2023";"06";"120808";"JUNIN";"YAULI";"SANTA ROSA DE SACCO";"GOBIERNO REGIONAL";"I-1";"00021449";"JUAN PABLO II";"NE_0001";"";"NE_0001";"NE_0001";"NE_0001";"NE_0001";"NE_0001";"NE_0001";"NE_0001"
"2023";"06";"120802";"JUNIN";"YAULI";"CHACAPALPA";"GOBIERNO REGIONAL";"I-1";"00000429";"CHACAPALPA";"NE_0001";"";"NE_0001";"NE_0001";"NE_0001";"NE_0001";"NE_0001";"NE_0001";"NE_0001"
"2023";"06";"120806";"JUNIN";"YAULI";"PACCHA";"GOBIERNO REGIONAL";"I-2";"00000564";"PACCHA - LA OROYA";"NE_0001";"";"NE_0001";"NE_0001";"NE_0001";"NE_0001";"NE_0001";"NE_0001";"NE_0001"
"2023";"06";"050202";"AYACUCHO";"CANGALLO";"CHUSCHI";"GOBIERNO REGIONAL";"I-1";"00003593";"PUESTO DE SALUD PUNKUPATA";"NE_0002";"";"NE_0002";"NE_0002";"NE_0002";"NE_0002";"NE_0002";"NE_0002";"NE_0002"
"2023";"06";"050202";"AYACUCHO";"CANGALLO";"CHUSCHI";"GOBIERNO REGIONAL";"I-2";"00003592";"PUESTO DE SALUD CATALINAYOC";"NE_0002";"";"NE_0002";"NE_0002";"NE_0002";"NE_0002";"NE_0002";"NE_0002";"NE_0002"
"2023";"06";"050114";"AYACUCHO";"HUAMANGA";"VINCHOS";"GOBIERNO REGIONAL";"I-3";"00003590";"CENTRO DE  SALUD PUTACCA";"NE_0002";"";"NE_0002";"NE_0002";"NE_0002";"NE_0002";"NE_0002";"NE_0002";"NE_0002"
"2023";"06";"050114";"AYACUCHO";"HUAMANGA";"VINCHOS";"GOBIERNO REGIONAL";"I-1";"00003591";"ROSASPATA";"NE_0002";"";"NE_0002";"NE_0002";"NE_0002";"NE_0002";"NE_0002";"NE_0002";"NE_0002"
"2023";"06";"050202";"AYACUCHO";"CANGALLO";"CHUSCHI";"GOBIERNO REGIONAL";"I-1";"00006753";"PUESTO DE SALUD CUCHUQUESERA";"NE_0002";"";"NE_0002";"NE_0002";"NE_0002";"NE_0002";"NE_0002";"NE_0002";"NE_0002"
"2023";"06";"050114";"AYACUCHO";"HUAMANGA";"VINCHOS";"GOBIERNO REGIONAL";"I-1";"00003589";"PUESTO DE SALUD MILLPO";"NE_0002";"";"NE_0002";"NE_0002";"NE_0002";"NE_0002";"NE_0002";"NE_0002";"NE_0002"
"2023";"06";"060101";"CAJAMARCA";"CAJAMARCA";"CAJAMARCA";"PRIVADO";"II-1";"00012761";"CLINICA SAN LORENZO S.R.L.";"240100";"HOSPITALIZACIÓN QUIRÚRGICA CIRUGÍA GENERAL ";"2";"2";"2";"2";"16";"480";"0"
"2023";"06";"060101";"CAJAMARCA";"CAJAMARCA";"CAJAMARCA";"PRIVADO";"II-1";"00012761";"CLINICA SAN LORENZO S.R.L.";"240300";"HOSPITALIZACIÓN QUIRÚRGICA CIRUGÍA DIGESTIVA ";"6";"6";"8";"14";"16";"480";"0"
"2023";"06";"060101";"CAJAMARCA";"CAJAMARCA";"CAJAMARCA";"PRIVADO";"II-1";"00012761";"CLINICA SAN LORENZO S.R.L.";"240801";"HOSPITALIZACIÓN QUIRÚRGICA CIRUGÍA PLÁSTICA/RECONSTRUCTIVA/ REPARADORA QUEMADOS";"1";"1";"1";"2";"16";"480";"0"
"2023";"06";"060101";"CAJAMARCA";"CAJAMARCA";"CAJAMARCA";"PRIVADO";"II-1";"00012761";"CLINICA SAN LORENZO S.R.L.";"241000";"HOSPITALIZACIÓN QUIRÚRGICA ONCOLOGÍA QUIRÚRGICA  ";"3";"3";"13";"16";"16";"480";"0"
"2023";"06";"060101";"CAJAMARCA";"CAJAMARCA";"CAJAMARCA";"PRIVADO";"II-1";"00012761";"CLINICA SAN LORENZO S.R.L.";"241200";"HOSPITALIZACIÓN QUIRÚRGICA TRAUMATOLOGÍA Y ORTOPEDIA ";"20";"20";"27";"47";"16";"480";"0"
"2023";"06";"060101";"CAJAMARCA";"CAJAMARCA";"CAJAMARCA";"PRIVADO";"II-1";"00012761";"CLINICA SAN LORENZO S.R.L.";"241300";"HOSPITALIZACIÓN QUIRÚRGICA UROLOGÍA  ";"9";"9";"30";"39";"16";"480";"0"
"2023";"06";"060101";"CAJAMARCA";"CAJAMARCA";"CAJAMARCA";"PRIVADO";"II-1";"00012761";"CLINICA SAN LORENZO S.R.L.";"241500";"HOSPITALIZACIÓN QUIRÚRGICA GINECOLOGÍA  ";"3";"3";"3";"6";"16";"480";"0"
"2023";"06";"060101";"CAJAMARCA";"CAJAMARCA";"CAJAMARCA";"PRIVADO";"II-1";"00012761";"CLINICA SAN LORENZO S.R.L.";"241900";"HOSPITALIZACIÓN DE MEDICINA MEDICINA INTERNA ";"2";"2";"4";"6";"16";"480";"0"
"2023";"06";"060101";"CAJAMARCA";"CAJAMARCA";"CAJAMARCA";"PRIVADO";"II-1";"00012761";"CLINICA SAN LORENZO S.R.L.";"244000";"HOSPITALIZACIÓN DE MEDICINA CARDIOLOGIA ";"1";"2";"5";"8";"16";"480";"0"
"2023";"06";"150113";"LIMA";"LIMA";"JESUS MARIA";"ESSALUD";"III-2";"00008720";"HOSPITAL NACIONAL EDGARDO REBAGLIATI MARTINS";"240000";"HOSPITALIZACIÓN";"673";"650";"7984";"8665";"311";"9330";"13"
"2023";"06";"150113";"LIMA";"LIMA";"JESUS MARIA";"ESSALUD";"III-2";"00008720";"HOSPITAL NACIONAL EDGARDO REBAGLIATI MARTINS";"240100";"HOSPITALIZACIÓN QUIRÚRGICA CIRUGÍA GENERAL ";"296";"339";"4273";"3516";"120";"3600";"6"
"2023";"06";"150113";"LIMA";"LIMA";"JESUS MARIA";"ESSALUD";"III-2";"00008720";"HOSPITAL NACIONAL EDGARDO REBAGLIATI MARTINS";"240200";"HOSPITALIZACIÓN QUIRÚRGICA CIRUGÍA DE CABEZA Y CUELLO / MÁXILO FACIAL ";"56";"57";"466";"410";"14";"420";"0"
"2023";"06";"150113";"LIMA";"LIMA";"JESUS MARIA";"ESSALUD";"III-2";"00008720";"HOSPITAL NACIONAL EDGARDO REBAGLIATI MARTINS";"240400";"HOSPITALIZACIÓN QUIRÚRGICA CIRUGÍA DE TÓRAX Y CARDIOVASCULAR ";"43";"49";"716";"748";"30";"900";"1"
"2023";"06";"150113";"LIMA";"LIMA";"JESUS MARIA";"ESSALUD";"III-2";"00008720";"HOSPITAL NACIONAL EDGARDO REBAGLIATI MARTINS";"240600";"HOSPITALIZACIÓN QUIRÚRGICA CIRUGÍA OFTALMOLÓGICA ";"19";"17";"118";"117";"4";"120";"0"
"2023";"06";"150113";"LIMA";"LIMA";"JESUS MARIA";"ESSALUD";"III-2";"00008720";"HOSPITAL NACIONAL EDGARDO REBAGLIATI MARTINS";"240700";"HOSPITALIZACIÓN QUIRÚRGICA CIRUGÍA PEDIÁTRICA ";"129";"128";"816";"1012";"45";"1350";"0"
"2023";"06";"150113";"LIMA";"LIMA";"JESUS MARIA";"ESSALUD";"III-2";"00008720";"HOSPITAL NACIONAL EDGARDO REBAGLIATI MARTINS";"240800";"HOSPITALIZACIÓN QUIRÚRGICA CIRUGÍA PLÁSTICA/RECONSTRUCTIVA/ REPARADORA ";"27";"29";"502";"463";"16";"480";"0"
"2023";"06";"150113";"LIMA";"LIMA";"JESUS MARIA";"ESSALUD";"III-2";"00008720";"HOSPITAL NACIONAL EDGARDO REBAGLIATI MARTINS";"240900";"HOSPITALIZACIÓN QUIRÚRGICA NEUROCIRUGÍA ";"160";"124";"1196";"1677";"61";"1830";"5"
"2023";"06";"150113";"LIMA";"LIMA";"JESUS MARIA";"ESSALUD";"III-2";"00008720";"HOSPITAL NACIONAL EDGARDO REBAGLIATI MARTINS";"241100";"HOSPITALIZACIÓN QUIRÚRGICA OTORRINOLARINGOLOGÍA  ";"45";"46";"386";"355";"12";"360";"0"
"2023";"06";"150113";"LIMA";"LIMA";"JESUS MARIA";"ESSALUD";"III-2";"00008720";"HOSPITAL NACIONAL EDGARDO REBAGLIATI MARTINS";"241200";"HOSPITALIZACIÓN QUIRÚRGICA TRAUMATOLOGÍA Y ORTOPEDIA ";"283";"292";"3541";"3407";"118";"3540";"3"
"2023";"06";"150113";"LIMA";"LIMA";"JESUS MARIA";"ESSALUD";"III-2";"00008720";"HOSPITAL NACIONAL EDGARDO REBAGLIATI MARTINS";"241300";"HOSPITALIZACIÓN QUIRÚRGICA UROLOGÍA  ";"152";"158";"1475";"1424";"48";"1440";"0"
"2023";"06";"150113";"LIMA";"LIMA";"JESUS MARIA";"ESSALUD";"III-2";"00008720";"HOSPITAL NACIONAL EDGARDO REBAGLIATI MARTINS";"241500";"HOSPITALIZACIÓN QUIRÚRGICA GINECOLOGÍA  ";"103";"104";"716";"695";"24";"720";"0"
"2023";"06";"150113";"LIMA";"LIMA";"JESUS MARIA";"ESSALUD";"III-2";"00008720";"HOSPITAL NACIONAL EDGARDO REBAGLIATI MARTINS";"241600";"HOSPITALIZACIÓN QUIRÚRGICA OBSTETRICIA   ";"352";"431";"2497";"2631";"109";"3270";"0"
"2023";"06";"150113";"LIMA";"LIMA";"JESUS MARIA";"ESSALUD";"III-2";"00008720";"HOSPITAL NACIONAL EDGARDO REBAGLIATI MARTINS";"241700";"HOSPITALIZACIÓN QUIRÚRGICA GINECOLOGÍA   GINECOLOGIA ONCOLOGiCA";"103";"106";"739";"720";"24";"720";"0"
"2023";"06";"150113";"LIMA";"LIMA";"JESUS MARIA";"ESSALUD";"III-2";"00008720";"HOSPITAL NACIONAL EDGARDO REBAGLIATI MARTINS";"241900";"HOSPITALIZACIÓN DE MEDICINA MEDICINA INTERNA ";"516";"475";"7732";"7801";"268";"8040";"64"
"2023";"06";"150113";"LIMA";"LIMA";"JESUS MARIA";"ESSALUD";"III-2";"00008720";"HOSPITAL NACIONAL EDGARDO REBAGLIATI MARTINS";"242100";"HOSPITALIZACIÓN DE MEDICINA ONCOLOGÍA MÉDICA ";"123";"133";"1224";"982";"33";"990";"4"
"2023";"06";"150113";"LIMA";"LIMA";"JESUS MARIA";"ESSALUD";"III-2";"00008720";"HOSPITAL NACIONAL EDGARDO REBAGLIATI MARTINS";"242200";"HOSPITALIZACIÓN DE MEDICINA PSIQUIATRÍA ";"98";"89";"1308";"1456";"56";"1680";"0"
"2023";"06";"150113";"LIMA";"LIMA";"JESUS MARIA";"ESSALUD";"III-2";"00008720";"HOSPITAL NACIONAL EDGARDO REBAGLIATI MARTINS";"242300";"HOSPITALIZACIÓN DE PEDIATRÍA  PEDIATRÍA  GENERAL ";"70";"80";"1378";"689";"24";"720";"1"
"2023";"06";"150113";"LIMA";"LIMA";"JESUS MARIA";"ESSALUD";"III-2";"00008720";"HOSPITAL NACIONAL EDGARDO REBAGLIATI MARTINS";"242500";"HOSPITALIZACIÓN-PEDIATRÍA GENERAL-";"77";"79";"1047";"960";"35";"1050";"1"
"2023";"06";"150113";"LIMA";"LIMA";"JESUS MARIA";"ESSALUD";"III-2";"00008720";"HOSPITAL NACIONAL EDGARDO REBAGLIATI MARTINS";"243200";"HOSPITALIZACIÓN DE PEDIATRÍA PEDIATRIA NEONATOLOGÍA";"37";"6";"321";"720";"24";"720";"5"
"2023";"06";"150113";"LIMA";"LIMA";"JESUS MARIA";"ESSALUD";"III-2";"00008720";"HOSPITAL NACIONAL EDGARDO REBAGLIATI MARTINS";"243600";"HOSPITALIZACIÓN DE PEDIATRÍA PEDIATRIA ONCOLOGÍA PEDIÁTRICA";"57";"61";"557";"476";"16";"480";"0"
"2023";"06";"150113";"LIMA";"LIMA";"JESUS MARIA";"ESSALUD";"III-2";"00008720";"HOSPITAL NACIONAL EDGARDO REBAGLIATI MARTINS";"250100";"UNIDAD DE CUIDADOS CRITICOS UNIDAD  DE CUIDADOS INTENSIVOS GENERALES (UCI) ";"71";"33";"798";"1793";"61";"1830";"30"
"2023";"06";"150113";"LIMA";"LIMA";"JESUS MARIA";"ESSALUD";"III-2";"00008720";"HOSPITAL NACIONAL EDGARDO REBAGLIATI MARTINS";"250101";"UNIDAD DE CUIDADOS CRITICOS UNIDAD  DE CUIDADOS INTENSIVOS GENERALES (UCI) CARDIOLOGIA";"62";"39";"223";"450";"15";"450";"0"
"2023";"06";"150113";"LIMA";"LIMA";"JESUS MARIA";"ESSALUD";"III-2";"00008720";"HOSPITAL NACIONAL EDGARDO REBAGLIATI MARTINS";"250105";"UNIDAD DE CUIDADOS CRITICOS UNIDAD  DE CUIDADOS INTENSIVOS  (UCI) NEONATOLOGÍA";"14";"36";"997";"930";"31";"930";"1"
"2023";"06";"150113";"LIMA";"LIMA";"JESUS MARIA";"ESSALUD";"III-2";"00008720";"HOSPITAL NACIONAL EDGARDO REBAGLIATI MARTINS";"250108";"UNIDAD DE CUIDADOS CRITICOS UNIDAD  DE CUIDADOS INTENSIVOS  (UCI) PEDIÁTRICA";"19";"6";"86";"272";"13";"390";"4"
"2023";"06";"150113";"LIMA";"LIMA";"JESUS MARIA";"ESSALUD";"III-2";"00008720";"HOSPITAL NACIONAL EDGARDO REBAGLIATI MARTINS";"250200";"UNIDAD DE CUIDADOS CRITICOS UNIDAD DE CUIDADOS INTERMEDIOS GENERAL  (UCIN) ";"4";"6";"513";"715";"24";"720";"2"
"2023";"06";"150113";"LIMA";"LIMA";"JESUS MARIA";"PRIVADO";"II-E";"00009982";"CLINICA REPROMEDIC";"240000";"HOSPITALIZACIÓN";"107";"107";"240";"230";"10";"320";"0"
"2023";"06";"220101";"SAN MARTIN";"MOYOBAMBA";"MOYOBAMBA";"GOBIERNO REGIONAL";"I-1";"00006295";"DORADA";"NE_0001";"";"NE_0001";"NE_0001";"NE_0001";"NE_0001";"NE_0001";"NE_0001";"NE_0001"
"2023";"06";"220101";"SAN MARTIN";"MOYOBAMBA";"MOYOBAMBA";"GOBIERNO REGIONAL";"I-1";"00006293";"RAFAEL BELAUNDE";"NE_0001";"";"NE_0001";"NE_0001";"NE_0001";"NE_0001";"NE_0001";"NE_0001";"NE_0001"
"2023";"06";"220802";"SAN MARTIN";"RIOJA";"AWAJUN";"GOBIERNO REGIONAL";"I-3";"00006297";"BAJO NARANJILLO";"241600";"HOSPITALIZACIÓN QUIRÚRGICA OBSTETRICIA   ";"8";"8";"8";"8";"3";"90";"0"
"2023";"06";"220101";"SAN MARTIN";"MOYOBAMBA";"MOYOBAMBA";"GOBIERNO REGIONAL";"I-1";"00006292";"IMPERIO DE CACHIYACU";"NE_0001";"";"NE_0001";"NE_0001";"NE_0001";"NE_0001";"NE_0001";"NE_0001";"NE_0001"
"2023";"06";"220101";"SAN MARTIN";"MOYOBAMBA";"MOYOBAMBA";"GOBIERNO REGIONAL";"I-1";"00006296";"SAN JOSE DE ALTO MAYO";"NE_0001";"";"NE_0001";"NE_0001";"NE_0001";"NE_0001";"NE_0001";"NE_0001";"NE_0001"
"2023";"06";"220802";"SAN MARTIN";"RIOJA";"AWAJUN";"GOBIERNO REGIONAL";"I-1";"00006298";"SAN FRANCISCO ALTO MAYO";"NE_0001";"";"NE_0001";"NE_0001";"NE_0001";"NE_0001";"NE_0001";"NE_0001";"NE_0001"
"2023";"06";"220804";"SAN MARTIN";"RIOJA";"NUEVA CAJAMARCA";"GOBIERNO REGIONAL";"I-1";"00006302";"TUPAC AMARU";"NE_0001";"";"NE_0001";"NE_0001";"NE_0001";"NE_0001";"NE_0001";"NE_0001";"NE_0001"
"2023";"06";"220802";"SAN MARTIN";"RIOJA";"AWAJUN";"GOBIERNO REGIONAL";"I-1";"00007464";"SAN CARLOS";"NE_0001";"";"NE_0001";"NE_0001";"NE_0001";"NE_0001";"NE_0001";"NE_0001";"NE_0001"
"2023";"06";"220804";"SAN MARTIN";"RIOJA";"NUEVA CAJAMARCA";"GOBIERNO REGIONAL";"I-2";"00006301";"NARANJILLO";"NE_0001";"";"NE_0001";"NE_0001";"NE_0001";"NE_0001";"NE_0001";"NE_0001";"NE_0001"
"2023";"06";"220802";"SAN MARTIN";"RIOJA";"AWAJUN";"GOBIERNO REGIONAL";"I-1";"00009075";"NUEVA SANTA CRUZ";"NE_0001";"";"NE_0001";"NE_0001";"NE_0001";"NE_0001";"NE_0001";"NE_0001";"NE_0001"
"2023";"06";"060601";"CAJAMARCA";"CUTERVO";"CUTERVO";"GOBIERNO REGIONAL";"I-3";"00028745";"CENTRO DE SALUD MENTAL COMUNITARIO PLENITUD";"NE_0001";"";"NE_0001";"NE_0001";"NE_0001";"NE_0001";"NE_0001";"NE_0001";"NE_0001"
"2023";"06";"060802";"CAJAMARCA";"JAEN";"BELLAVISTA";"GOBIERNO REGIONAL";"I-3";"00004225";"AMBATO TAMBORAPA";"NE_0001";"";"NE_0001";"NE_0001";"NE_0001";"NE_0001";"NE_0001";"NE_0001";"NE_0001"
"2023";"06";"010101";"AMAZONAS";"CHACHAPOYAS";"CHACHAPOYAS";"ESSALUD";"II-1";"00009066";"HOSPITAL HIGOS URCO";"241800";"HOSPITALIZACIÓN DE MEDICINA MEDICINA GENERAL ";"28";"29";"157";"162";"6";"180";"1"
"2023";"06";"010101";"AMAZONAS";"CHACHAPOYAS";"CHACHAPOYAS";"ESSALUD";"II-1";"00009066";"HOSPITAL HIGOS URCO";"240100";"HOSPITALIZACIÓN QUIRÚRGICA CIRUGÍA GENERAL ";"32";"30";"130";"137";"6";"180";"0"
"2023";"06";"010101";"AMAZONAS";"CHACHAPOYAS";"CHACHAPOYAS";"ESSALUD";"II-1";"00009066";"HOSPITAL HIGOS URCO";"245400";"HOSPITALIZACIÓN DE MEDICINA GINECOLOGIA ";"34";"35";"89";"88";"4";"120";"0"
"2023";"06";"010101";"AMAZONAS";"CHACHAPOYAS";"CHACHAPOYAS";"ESSALUD";"II-1";"00009066";"HOSPITAL HIGOS URCO";"242300";"HOSPITALIZACIÓN DE PEDIATRÍA  PEDIATRÍA  GENERAL ";"10";"9";"23";"32";"2";"60";"0"
"2023";"04";"250102";"UCAYALI";"CORONEL PORTILLO";"CAMPOVERDE";"ESSALUD";"I-2";"00031881";"POSTA MEDICA-CAMPOVERDE-ESSALUD";"NE_0001";"";"NE_0001";"NE_0001";"NE_0001";"NE_0001";"NE_0001";"NE_0001";"NE_0001"
"2023";"06";"040112";"AREQUIPA";"AREQUIPA";"PAUCARPATA";"SANIDAD DE LA POLICIA NACIONAL DEL PERU";"I-2";"00011664";"POSTA MEDICA POLICIAL ""SAN MARTIN DE PORRES""  AREQUIPA";"NE_0001";"";"NE_0001";"NE_0001";"NE_0001";"NE_0001";"NE_0001";"NE_0001";"NE_0001"
"2023";"06";"150143";"LIMA";"LIMA";"VILLA MARIA DEL TRIUNFO";"PRIVADO";"II-1";"00017824";"CLINICA MARIA HUARHUA E.I.R.L";"241600";"HOSPITALIZACIÓN QUIRÚRGICA OBSTETRICIA   ";"5";"5";"10";"10";"9";"11";"0"
"2023";"06";"070102";"CALLAO";"CALLAO";"BELLAVISTA";"PRIVADO";"II-E";"00018670";"CLINICA G'STAR";"240000";"HOSPITALIZACIÓN";"34";"34";"73";"76";"10";"300";"0"
"2023";"06";"220909";"SAN MARTIN";"SAN MARTIN";"LA BANDA DE SHILCAYO";"GOBIERNO REGIONAL";"II-E";"00006359";"BANDA SHILCAYO";"241400";"HOSPITALIZACIÓN QUIRÚRGICA GINECO - OBSTETRICIA ";"99";"110";"187";"171";"17";"510";"0"
"2023";"06";"220909";"SAN MARTIN";"SAN MARTIN";"LA BANDA DE SHILCAYO";"GOBIERNO REGIONAL";"II-E";"00006359";"BANDA SHILCAYO";"241800";"HOSPITALIZACIÓN DE MEDICINA MEDICINA GENERAL ";"58";"68";"258";"233";"23";"586";"1"
"2023";"06";"220909";"SAN MARTIN";"SAN MARTIN";"LA BANDA DE SHILCAYO";"GOBIERNO REGIONAL";"II-E";"00006359";"BANDA SHILCAYO";"242500";"HOSPITALIZACIÓN-PEDIATRÍA GENERAL-";"56";"64";"182";"180";"7";"210";"0"
"2023";"06";"090101";"HUANCAVELICA";"HUANCAVELICA";"HUANCAVELICA";"GOBIERNO REGIONAL";"II-2";"00003853";"HOSPITAL DEPARTAMENTAL DE HUANCAVELICA";"240100";"HOSPITALIZACIÓN QUIRÚRGICA CIRUGÍA GENERAL ";"94";"94";"366";"360";"20";"600";"0"
"2023";"06";"090101";"HUANCAVELICA";"HUANCAVELICA";"HUANCAVELICA";"GOBIERNO REGIONAL";"II-2";"00003853";"HOSPITAL DEPARTAMENTAL DE HUANCAVELICA";"241200";"HOSPITALIZACIÓN QUIRÚRGICA TRAUMATOLOGÍA Y ORTOPEDIA ";"18";"18";"78";"270";"9";"270";"0"
"2023";"06";"090101";"HUANCAVELICA";"HUANCAVELICA";"HUANCAVELICA";"GOBIERNO REGIONAL";"II-2";"00003853";"HOSPITAL DEPARTAMENTAL DE HUANCAVELICA";"241400";"HOSPITALIZACIÓN QUIRÚRGICA GINECO - OBSTETRICIA ";"80";"80";"171";"360";"18";"540";"0"
"2023";"06";"090101";"HUANCAVELICA";"HUANCAVELICA";"HUANCAVELICA";"GOBIERNO REGIONAL";"II-2";"00003853";"HOSPITAL DEPARTAMENTAL DE HUANCAVELICA";"241500";"HOSPITALIZACIÓN QUIRÚRGICA GINECOLOGÍA  ";"45";"45";"102";"300";"18";"540";"0"
"2023";"06";"090101";"HUANCAVELICA";"HUANCAVELICA";"HUANCAVELICA";"GOBIERNO REGIONAL";"II-2";"00003853";"HOSPITAL DEPARTAMENTAL DE HUANCAVELICA";"241800";"HOSPITALIZACIÓN DE MEDICINA MEDICINA GENERAL ";"74";"74";"430";"180";"20";"600";"5"
"2023";"06";"090101";"HUANCAVELICA";"HUANCAVELICA";"HUANCAVELICA";"GOBIERNO REGIONAL";"II-2";"00003853";"HOSPITAL DEPARTAMENTAL DE HUANCAVELICA";"242300";"HOSPITALIZACIÓN DE PEDIATRÍA  PEDIATRÍA  GENERAL ";"68";"68";"374";"240";"11";"330";"0"
"2023";"06";"090101";"HUANCAVELICA";"HUANCAVELICA";"HUANCAVELICA";"GOBIERNO REGIONAL";"II-2";"00003853";"HOSPITAL DEPARTAMENTAL DE HUANCAVELICA";"243200";"HOSPITALIZACIÓN DE PEDIATRÍA PEDIATRIA NEONATOLOGÍA";"31";"31";"173";"330";"16";"480";"1"
"2023";"06";"090101";"HUANCAVELICA";"HUANCAVELICA";"HUANCAVELICA";"GOBIERNO REGIONAL";"II-2";"00003853";"HOSPITAL DEPARTAMENTAL DE HUANCAVELICA";"250103";"UNIDAD DE CUIDADOS CRITICOS UNIDAD  DE CUIDADOS INTENSIVOS GENERALES  (UCI) MEDICINA";"1";"1";"1";"270";"20";"600";"1"
"2023";"06";"150108";"LIMA";"LIMA";"CHORRILLOS";"PRIVADO";"II-1";"00016005";"CLINICA PARROQUIAL SAN FRANCISCO DE ASIS";"240100";"HOSPITALIZACIÓN QUIRÚRGICA CIRUGÍA GENERAL ";"21";"21";"21";"21";"12";"360";"0"
"2023";"06";"150108";"LIMA";"LIMA";"CHORRILLOS";"PRIVADO";"II-1";"00016005";"CLINICA PARROQUIAL SAN FRANCISCO DE ASIS";"240100";"HOSPITALIZACIÓN QUIRÚRGICA CIRUGÍA GENERAL ";"6";"6";"6";"6";"12";"360";"0"
"2023";"06";"150108";"LIMA";"LIMA";"CHORRILLOS";"PRIVADO";"II-1";"00016005";"CLINICA PARROQUIAL SAN FRANCISCO DE ASIS";"240100";"HOSPITALIZACIÓN QUIRÚRGICA CIRUGÍA GENERAL ";"3";"3";"3";"3";"12";"360";"0"
"2023";"06";"150108";"LIMA";"LIMA";"CHORRILLOS";"PRIVADO";"II-1";"00016005";"CLINICA PARROQUIAL SAN FRANCISCO DE ASIS";"240100";"HOSPITALIZACIÓN QUIRÚRGICA CIRUGÍA GENERAL ";"2";"2";"2";"2";"12";"360";"0"
"2023";"06";"150108";"LIMA";"LIMA";"CHORRILLOS";"PRIVADO";"II-1";"00016005";"CLINICA PARROQUIAL SAN FRANCISCO DE ASIS";"240100";"HOSPITALIZACIÓN QUIRÚRGICA CIRUGÍA GENERAL ";"1";"1";"1";"1";"12";"360";"0"
"2023";"06";"150108";"LIMA";"LIMA";"CHORRILLOS";"PRIVADO";"II-1";"00016005";"CLINICA PARROQUIAL SAN FRANCISCO DE ASIS";"240100";"HOSPITALIZACIÓN QUIRÚRGICA CIRUGÍA GENERAL ";"1";"1";"1";"1";"12";"360";"0"
"2023";"06";"150108";"LIMA";"LIMA";"CHORRILLOS";"PRIVADO";"II-1";"00016005";"CLINICA PARROQUIAL SAN FRANCISCO DE ASIS";"240100";"HOSPITALIZACIÓN QUIRÚRGICA CIRUGÍA GENERAL ";"1";"1";"1";"1";"12";"360";"0"
"2023";"06";"150108";"LIMA";"LIMA";"CHORRILLOS";"PRIVADO";"II-1";"00016005";"CLINICA PARROQUIAL SAN FRANCISCO DE ASIS";"240100";"HOSPITALIZACIÓN QUIRÚRGICA CIRUGÍA GENERAL ";"1";"1";"1";"1";"12";"360";"0"
"2023";"06";"150108";"LIMA";"LIMA";"CHORRILLOS";"PRIVADO";"II-1";"00016005";"CLINICA PARROQUIAL SAN FRANCISCO DE ASIS";"240100";"HOSPITALIZACIÓN QUIRÚRGICA CIRUGÍA GENERAL ";"1";"1";"1";"1";"12";"360";"0"
"2023";"06";"150108";"LIMA";"LIMA";"CHORRILLOS";"PRIVADO";"II-1";"00016005";"CLINICA PARROQUIAL SAN FRANCISCO DE ASIS";"240100";"HOSPITALIZACIÓN QUIRÚRGICA CIRUGÍA GENERAL ";"1";"1";"1";"1";"12";"360";"0"
"2023";"06";"150108";"LIMA";"LIMA";"CHORRILLOS";"PRIVADO";"II-1";"00016005";"CLINICA PARROQUIAL SAN FRANCISCO DE ASIS";"240100";"HOSPITALIZACIÓN QUIRÚRGICA CIRUGÍA GENERAL ";"1";"1";"1";"1";"12";"360";"0"
"2023";"06";"150108";"LIMA";"LIMA";"CHORRILLOS";"PRIVADO";"II-1";"00016005";"CLINICA PARROQUIAL SAN FRANCISCO DE ASIS";"241400";"HOSPITALIZACIÓN QUIRÚRGICA GINECO - OBSTETRICIA ";"2";"2";"4";"2";"12";"360";"0"
"2023";"06";"220303";"SAN MARTIN";"EL DORADO";"SAN MARTIN";"GOBIERNO REGIONAL";"I-4";"00006492";"SAN MARTIN DE ALAO";"241600";"HOSPITALIZACIÓN QUIRÚRGICA OBSTETRICIA   ";"4";"4";"4";"4";"3";"90";"0"
"2023";"06";"220303";"SAN MARTIN";"EL DORADO";"SAN MARTIN";"GOBIERNO REGIONAL";"I-1";"00006494";"SINAMI";"NE_0001";"";"NE_0001";"NE_0001";"NE_0001";"NE_0001";"NE_0001";"NE_0001";"NE_0001"
"2023";"06";"220303";"SAN MARTIN";"EL DORADO";"SAN MARTIN";"GOBIERNO REGIONAL";"I-1";"00007391";"CASHNAHUASI";"NE_0001";"";"NE_0001";"NE_0001";"NE_0001";"NE_0001";"NE_0001";"NE_0001";"NE_0001"
"2023";"06";"220303";"SAN MARTIN";"EL DORADO";"SAN MARTIN";"GOBIERNO REGIONAL";"I-1";"00007392";"BUENA VISTA";"NE_0001";"";"NE_0001";"NE_0001";"NE_0001";"NE_0001";"NE_0001";"NE_0001";"NE_0001"
"2023";"06";"220303";"SAN MARTIN";"EL DORADO";"SAN MARTIN";"GOBIERNO REGIONAL";"I-1";"00007644";"PACAYPAMPA";"NE_0001";"";"NE_0001";"NE_0001";"NE_0001";"NE_0001";"NE_0001";"NE_0001";"NE_0001"
"2023";"06";"080911";"CUSCO";"LA CONVENCION";"INKAWASI";"GOBIERNO REGIONAL";"I-1";"00002487";"CHOQUETIRA";"NE_0001";"";"NE_0001";"NE_0001";"NE_0001";"NE_0001";"NE_0001";"NE_0001";"NE_0001"
"2023";"07";"110501";"ICA";"PISCO";"PISCO";"SANIDAD DE LA POLICIA NACIONAL DEL PERU";"I-2";"00011400";"POSTA MEDICA POLICIAL PISCO";"NE_0001";"";"NE_0001";"NE_0001";"NE_0001";"NE_0001";"NE_0001";"NE_0001";"NE_0001"
"2023";"07";"061105";"CAJAMARCA";"SAN MIGUEL";"EL PRADO";"GOBIERNO REGIONAL";"I-1";"00004540";"EL GUAYO";"NE_0001";"";"NE_0001";"NE_0001";"NE_0001";"NE_0001";"NE_0001";"NE_0001";"NE_0001"
"2023";"07";"061113";"CAJAMARCA";"SAN MIGUEL";"UNION AGUA BLANCA";"GOBIERNO REGIONAL";"I-1";"00004543";"LIVES";"NE_0001";"";"NE_0001";"NE_0001";"NE_0001";"NE_0001";"NE_0001";"NE_0001";"NE_0001"
"2023";"07";"061101";"CAJAMARCA";"SAN MIGUEL";"SAN MIGUEL";"GOBIERNO REGIONAL";"I-1";"00004541";"TANON CAMPO ALEGRE";"NE_0001";"";"NE_0001";"NE_0001";"NE_0001";"NE_0001";"NE_0001";"NE_0001";"NE_0001"
"2023";"07";"061105";"CAJAMARCA";"SAN MIGUEL";"EL PRADO";"GOBIERNO REGIONAL";"I-1";"00004542";"QUINDEN BAJO";"NE_0001";"";"NE_0001";"NE_0001";"NE_0001";"NE_0001";"NE_0001";"NE_0001";"NE_0001"
"2023";"07";"070101";"CALLAO";"CALLAO";"CALLAO";"SANIDAD DE LA POLICIA NACIONAL DEL PERU";"I-2";"00010451";"POSTA MÉDICA POLICIAL VIPOL";"NE_0001";"";"NE_0001";"NE_0001";"NE_0001";"NE_0001";"NE_0001";"NE_0001";"NE_0001"
"2023";"07";"070102";"CALLAO";"CALLAO";"BELLAVISTA";"SANIDAD DE LA MARINA DE GUERRA DEL PERU";"III-1";"00008266";"HOSPITAL NAVAL";"241300";"HOSPITALIZACIÓN QUIRÚRGICA UROLOGÍA  ";"48";"48";"582";"570";"21";"651";"0"
"2023";"07";"070102";"CALLAO";"CALLAO";"BELLAVISTA";"SANIDAD DE LA MARINA DE GUERRA DEL PERU";"III-1";"00008266";"HOSPITAL NAVAL";"242200";"HOSPITALIZACIÓN DE MEDICINA PSIQUIATRÍA ";"15";"11";"217";"310";"28";"868";"0"
"2023";"07";"070102";"CALLAO";"CALLAO";"BELLAVISTA";"SANIDAD DE LA MARINA DE GUERRA DEL PERU";"III-1";"00008266";"HOSPITAL NAVAL";"245300";"HOSPITALIZACIÓN DE MEDICINA NEUMOLOGÍA  ";"31";"31";"258";"248";"10";"310";"0"
"2023";"07";"070102";"CALLAO";"CALLAO";"BELLAVISTA";"SANIDAD DE LA MARINA DE GUERRA DEL PERU";"III-1";"00008266";"HOSPITAL NAVAL";"242000";"HOSPITALIZACIÓN DE MEDICINA MEDICINA TROPICAL E INFECCIOSAS ";"26";"27";"436";"344";"19";"589";"1"
"2023";"07";"070102";"CALLAO";"CALLAO";"BELLAVISTA";"SANIDAD DE LA MARINA DE GUERRA DEL PERU";"III-1";"00008266";"HOSPITAL NAVAL";"242300";"HOSPITALIZACIÓN DE PEDIATRÍA  PEDIATRÍA  GENERAL ";"73";"76";"332";"290";"18";"558";"0"
"2023";"07";"070102";"CALLAO";"CALLAO";"BELLAVISTA";"SANIDAD DE LA MARINA DE GUERRA DEL PERU";"III-1";"00008266";"HOSPITAL NAVAL";"241200";"HOSPITALIZACIÓN QUIRÚRGICA TRAUMATOLOGÍA Y ORTOPEDIA ";"25";"29";"579";"426";"15";"465";"0"
"2023";"07";"070102";"CALLAO";"CALLAO";"BELLAVISTA";"SANIDAD DE LA MARINA DE GUERRA DEL PERU";"III-1";"00008266";"HOSPITAL NAVAL";"241400";"HOSPITALIZACIÓN QUIRÚRGICA GINECO - OBSTETRICIA ";"69";"58";"326";"264";"18";"558";"0"
"2023";"07";"070102";"CALLAO";"CALLAO";"BELLAVISTA";"SANIDAD DE LA MARINA DE GUERRA DEL PERU";"III-1";"00008266";"HOSPITAL NAVAL";"243200";"HOSPITALIZACIÓN DE PEDIATRÍA PEDIATRIA NEONATOLOGÍA";"36";"34";"146";"160";"12";"372";"1"
"2023";"07";"070102";"CALLAO";"CALLAO";"BELLAVISTA";"SANIDAD DE LA MARINA DE GUERRA DEL PERU";"III-1";"00008266";"HOSPITAL NAVAL";"244400";"HOSPITALIZACIÓN DE MEDICINA GERIATRIA ";"23";"25";"180";"210";"14";"434";"4"
"2023";"07";"070102";"CALLAO";"CALLAO";"BELLAVISTA";"SANIDAD DE LA MARINA DE GUERRA DEL PERU";"III-1";"00008266";"HOSPITAL NAVAL";"240100";"HOSPITALIZACIÓN QUIRÚRGICA CIRUGÍA GENERAL ";"181";"153";"1233";"1359";"55";"1705";"0"
"2023";"07";"070102";"CALLAO";"CALLAO";"BELLAVISTA";"SANIDAD DE LA MARINA DE GUERRA DEL PERU";"III-1";"00008266";"HOSPITAL NAVAL";"241800";"HOSPITALIZACIÓN DE MEDICINA MEDICINA GENERAL ";"35";"35";"537";"607";"20";"620";"2"
"2023";"07";"070102";"CALLAO";"CALLAO";"BELLAVISTA";"SANIDAD DE LA MARINA DE GUERRA DEL PERU";"III-1";"00008266";"HOSPITAL NAVAL";"240000";"HOSPITALIZACIÓN";"119";"127";"1434";"1353";"95";"2945";"4"
"2023";"07";"021907";"ANCASH";"SIHUAS";"QUICHES";"GOBIERNO REGIONAL";"I-3";"00001806";"CENTRO DE SALUD QUICHES";"NE_0002";"";"NE_0002";"NE_0002";"NE_0002";"NE_0002";"NE_0002";"NE_0002";"NE_0002"
"2023";"07";"060801";"CAJAMARCA";"JAEN";"JAEN";"GOBIERNO REGIONAL";"I-3";"00004219";"CHAMBAMONTERA";"NE_0001";"";"NE_0001";"NE_0001";"NE_0001";"NE_0001";"NE_0001";"NE_0001";"NE_0001"
"2023";"07";"150101";"LIMA";"LIMA";"LIMA";"ESSALUD";"I-3";"00008539";"POLICLINICO CHINCHA";"NE_0001";"";"NE_0001";"NE_0001";"NE_0001";"NE_0001";"NE_0001";"NE_0001";"NE_0001"
"2023";"07";"120416";"JUNIN";"JAUJA";"MASMA";"GOBIERNO REGIONAL";"I-3";"00000394";"MASMA";"NE_0001";"";"NE_0001";"NE_0001";"NE_0001";"NE_0001";"NE_0001";"NE_0001";"NE_0001"
"2023";"07";"060101";"CAJAMARCA";"CAJAMARCA";"CAJAMARCA";"PRIVADO";"II-1";"00009599";"CLINICA SAN FRANCISCO DE ASIS S.A.";"240100";"HOSPITALIZACIÓN QUIRÚRGICA CIRUGÍA GENERAL ";"9";"9";"11";"9";"2";"62";"0"
"2023";"07";"060101";"CAJAMARCA";"CAJAMARCA";"CAJAMARCA";"PRIVADO";"II-1";"00009599";"CLINICA SAN FRANCISCO DE ASIS S.A.";"240600";"HOSPITALIZACIÓN QUIRÚRGICA CIRUGÍA OFTALMOLÓGICA ";"1";"1";"3";"1";"2";"62";"0"
"2023";"07";"060101";"CAJAMARCA";"CAJAMARCA";"CAJAMARCA";"PRIVADO";"II-1";"00009599";"CLINICA SAN FRANCISCO DE ASIS S.A.";"241200";"HOSPITALIZACIÓN QUIRÚRGICA TRAUMATOLOGÍA Y ORTOPEDIA ";"8";"8";"8";"8";"2";"62";"0"
"2023";"07";"060101";"CAJAMARCA";"CAJAMARCA";"CAJAMARCA";"PRIVADO";"II-1";"00009599";"CLINICA SAN FRANCISCO DE ASIS S.A.";"241300";"HOSPITALIZACIÓN QUIRÚRGICA UROLOGÍA  ";"1";"1";"2";"1";"2";"62";"0"
"2023";"07";"060101";"CAJAMARCA";"CAJAMARCA";"CAJAMARCA";"PRIVADO";"II-1";"00009599";"CLINICA SAN FRANCISCO DE ASIS S.A.";"241400";"HOSPITALIZACIÓN QUIRÚRGICA GINECO - OBSTETRICIA ";"4";"4";"4";"4";"2";"62";"0"
"2023";"07";"060101";"CAJAMARCA";"CAJAMARCA";"CAJAMARCA";"PRIVADO";"II-1";"00009599";"CLINICA SAN FRANCISCO DE ASIS S.A.";"241500";"HOSPITALIZACIÓN QUIRÚRGICA GINECOLOGÍA  ";"1";"1";"1";"1";"2";"62";"0"
"2023";"07";"060101";"CAJAMARCA";"CAJAMARCA";"CAJAMARCA";"PRIVADO";"II-1";"00009599";"CLINICA SAN FRANCISCO DE ASIS S.A.";"244700";"HOSPITALIZACIÓN DE MEDICINA NEUROLOGIA  ";"2";"2";"4";"2";"2";"62";"0"
"2023";"07";"220101";"SAN MARTIN";"MOYOBAMBA";"MOYOBAMBA";"GOBIERNO REGIONAL";"I-1";"00006316";"TAHUISHCO";"NE_0001";"";"NE_0001";"NE_0001";"NE_0001";"NE_0001";"NE_0001";"NE_0001";"NE_0001"
"2023";"07";"220101";"SAN MARTIN";"MOYOBAMBA";"MOYOBAMBA";"GOBIERNO REGIONAL";"I-1";"00006313";"MARONA";"NE_0001";"";"NE_0001";"NE_0001";"NE_0001";"NE_0001";"NE_0001";"NE_0001";"NE_0001"
"2023";"07";"220104";"SAN MARTIN";"MOYOBAMBA";"JEPELACIO";"GOBIERNO REGIONAL";"I-1";"00006317";"SAN MATEO";"NE_0001";"";"NE_0001";"NE_0001";"NE_0001";"NE_0001";"NE_0001";"NE_0001";"NE_0001"
"2023";"07";"220101";"SAN MARTIN";"MOYOBAMBA";"MOYOBAMBA";"GOBIERNO REGIONAL";"I-1";"00010110";"LA FLOR DE LA PRIMAVERA";"NE_0001";"";"NE_0001";"NE_0001";"NE_0001";"NE_0001";"NE_0001";"NE_0001";"NE_0001"
"2023";"07";"220101";"SAN MARTIN";"MOYOBAMBA";"MOYOBAMBA";"GOBIERNO REGIONAL";"I-1";"00006707";"CORDILLERA ANDINA";"NE_0001";"";"NE_0001";"NE_0001";"NE_0001";"NE_0001";"NE_0001";"NE_0001";"NE_0001"
"2023";"07";"220101";"SAN MARTIN";"MOYOBAMBA";"MOYOBAMBA";"GOBIERNO REGIONAL";"I-2";"00031276";"LA PRIMAVERA";"NE_0001";"";"NE_0001";"NE_0001";"NE_0001";"NE_0001";"NE_0001";"NE_0001";"NE_0001"
"2023";"07";"220101";"SAN MARTIN";"MOYOBAMBA";"MOYOBAMBA";"GOBIERNO REGIONAL";"I-3";"00006312";"LLUYLLUCUCHA";"NE_0001";"";"NE_0001";"NE_0001";"NE_0001";"NE_0001";"NE_0001";"NE_0001";"NE_0001"
"2023";"07";"220101";"SAN MARTIN";"MOYOBAMBA";"MOYOBAMBA";"GOBIERNO REGIONAL";"I-1";"00006314";"QUILLOALLPA";"NE_0001";"";"NE_0001";"NE_0001";"NE_0001";"NE_0001";"NE_0001";"NE_0001";"NE_0001"
"2023";"07";"220101";"SAN MARTIN";"MOYOBAMBA";"MOYOBAMBA";"GOBIERNO REGIONAL";"I-2";"00006315";"SUGLLAQUIRO";"NE_0001";"";"NE_0001";"NE_0001";"NE_0001";"NE_0001";"NE_0001";"NE_0001";"NE_0001"
"2023";"07";"220101";"SAN MARTIN";"MOYOBAMBA";"MOYOBAMBA";"GOBIERNO REGIONAL";"I-1";"00027097";"EL CONDOR";"NE_0001";"";"NE_0001";"NE_0001";"NE_0001";"NE_0001";"NE_0001";"NE_0001";"NE_0001"
"2023";"07";"090701";"HUANCAVELICA";"TAYACAJA";"PAMPAS";"GOBIERNO REGIONAL";"II-1";"00004074";"HOSPITAL DE PAMPAS";"241800";"HOSPITALIZACIÓN DE MEDICINA MEDICINA GENERAL ";"20";"16";"102";"92";"6";"180";"0"
"2023";"07";"090701";"HUANCAVELICA";"TAYACAJA";"PAMPAS";"GOBIERNO REGIONAL";"II-1";"00004074";"HOSPITAL DE PAMPAS";"240100";"HOSPITALIZACIÓN QUIRÚRGICA CIRUGÍA GENERAL ";"22";"20";"81";"86";"6";"186";"0"
"2023";"07";"090701";"HUANCAVELICA";"TAYACAJA";"PAMPAS";"GOBIERNO REGIONAL";"II-1";"00004074";"HOSPITAL DE PAMPAS";"241400";"HOSPITALIZACIÓN QUIRÚRGICA GINECO - OBSTETRICIA ";"91";"92";"302";"196";"12";"372";"0"
"2023";"07";"090701";"HUANCAVELICA";"TAYACAJA";"PAMPAS";"GOBIERNO REGIONAL";"II-1";"00004074";"HOSPITAL DE PAMPAS";"242500";"HOSPITALIZACIÓN-PEDIATRÍA GENERAL-";"20";"19";"70";"69";"6";"186";"0"
"2023";"07";"090701";"HUANCAVELICA";"TAYACAJA";"PAMPAS";"GOBIERNO REGIONAL";"II-1";"00004074";"HOSPITAL DE PAMPAS";"243200";"HOSPITALIZACIÓN DE PEDIATRÍA PEDIATRIA NEONATOLOGÍA";"14";"13";"49";"50";"5";"155";"0"
"2023";"07";"090701";"HUANCAVELICA";"TAYACAJA";"PAMPAS";"GOBIERNO REGIONAL";"II-1";"00004074";"HOSPITAL DE PAMPAS";"243200";"HOSPITALIZACIÓN DE PEDIATRÍA PEDIATRIA NEONATOLOGÍA";"1";"1";"1";"2";"1";"31";"0"
"2023";"07";"250101";"UCAYALI";"CORONEL PORTILLO";"CALLERIA";"PRIVADO";"II-1";"00012118";"CLÍNICA MONTE HOREB S.A.";"241400";"HOSPITALIZACIÓN QUIRÚRGICA GINECO - OBSTETRICIA ";"2";"2";"2";"2";"1";"31";"0"
"2023";"07";"250101";"UCAYALI";"CORONEL PORTILLO";"CALLERIA";"PRIVADO";"II-1";"00012118";"CLÍNICA MONTE HOREB S.A.";"240100";"HOSPITALIZACIÓN QUIRÚRGICA CIRUGÍA GENERAL ";"2";"2";"6";"6";"1";"31";"0"
"2023";"07";"250101";"UCAYALI";"CORONEL PORTILLO";"CALLERIA";"PRIVADO";"II-1";"00012118";"CLÍNICA MONTE HOREB S.A.";"241300";"HOSPITALIZACIÓN QUIRÚRGICA UROLOGÍA  ";"1";"1";"3";"3";"1";"31";"0"
"2023";"07";"030201";"APURIMAC";"ANDAHUAYLAS";"ANDAHUAYLAS";"GOBIERNO REGIONAL";"II-2";"00004131";"HOSPITAL SUBREGIONAL DE ANDAHUAYLAS";"240100";"HOSPITALIZACIÓN QUIRÚRGICA CIRUGÍA GENERAL ";"66";"62";"357";"349";"12";"357";"1"
"2023";"07";"030201";"APURIMAC";"ANDAHUAYLAS";"ANDAHUAYLAS";"GOBIERNO REGIONAL";"II-2";"00004131";"HOSPITAL SUBREGIONAL DE ANDAHUAYLAS";"240700";"HOSPITALIZACIÓN QUIRÚRGICA CIRUGÍA PEDIÁTRICA ";"29";"26";"116";"118";"4";"135";"0"
"2023";"07";"030201";"APURIMAC";"ANDAHUAYLAS";"ANDAHUAYLAS";"GOBIERNO REGIONAL";"II-2";"00004131";"HOSPITAL SUBREGIONAL DE ANDAHUAYLAS";"241200";"HOSPITALIZACIÓN QUIRÚRGICA TRAUMATOLOGÍA Y ORTOPEDIA ";"25";"24";"176";"166";"7";"187";"0"
"2023";"07";"030201";"APURIMAC";"ANDAHUAYLAS";"ANDAHUAYLAS";"GOBIERNO REGIONAL";"II-2";"00004131";"HOSPITAL SUBREGIONAL DE ANDAHUAYLAS";"241500";"HOSPITALIZACIÓN QUIRÚRGICA GINECOLOGÍA  ";"54";"55";"138";"126";"5";"138";"0"
"2023";"07";"030201";"APURIMAC";"ANDAHUAYLAS";"ANDAHUAYLAS";"GOBIERNO REGIONAL";"II-2";"00004131";"HOSPITAL SUBREGIONAL DE ANDAHUAYLAS";"241600";"HOSPITALIZACIÓN QUIRÚRGICA OBSTETRICIA   ";"129";"118";"261";"269";"18";"444";"0"
"2023";"07";"030201";"APURIMAC";"ANDAHUAYLAS";"ANDAHUAYLAS";"GOBIERNO REGIONAL";"II-2";"00004131";"HOSPITAL SUBREGIONAL DE ANDAHUAYLAS";"241800";"HOSPITALIZACIÓN DE MEDICINA MEDICINA GENERAL ";"84";"73";"430";"459";"18";"506";"7"
"2023";"07";"030201";"APURIMAC";"ANDAHUAYLAS";"ANDAHUAYLAS";"GOBIERNO REGIONAL";"II-2";"00004131";"HOSPITAL SUBREGIONAL DE ANDAHUAYLAS";"242200";"HOSPITALIZACIÓN DE MEDICINA PSIQUIATRÍA ";"10";"13";"215";"158";"7";"205";"0"
"2023";"07";"030201";"APURIMAC";"ANDAHUAYLAS";"ANDAHUAYLAS";"GOBIERNO REGIONAL";"II-2";"00004131";"HOSPITAL SUBREGIONAL DE ANDAHUAYLAS";"242500";"HOSPITALIZACIÓN-PEDIATRÍA GENERAL-";"28";"27";"124";"131";"8";"204";"0"
"2023";"07";"030201";"APURIMAC";"ANDAHUAYLAS";"ANDAHUAYLAS";"GOBIERNO REGIONAL";"II-2";"00004131";"HOSPITAL SUBREGIONAL DE ANDAHUAYLAS";"243200";"HOSPITALIZACIÓN DE PEDIATRÍA PEDIATRIA NEONATOLOGÍA";"37";"31";"264";"220";"10";"284";"0"
"2023";"07";"030201";"APURIMAC";"ANDAHUAYLAS";"ANDAHUAYLAS";"GOBIERNO REGIONAL";"II-2";"00004131";"HOSPITAL SUBREGIONAL DE ANDAHUAYLAS";"250100";"UNIDAD DE CUIDADOS CRITICOS UNIDAD  DE CUIDADOS INTENSIVOS GENERALES (UCI) ";"8";"8";"78";"97";"4";"119";"0"
"2023";"07";"030201";"APURIMAC";"ANDAHUAYLAS";"ANDAHUAYLAS";"GOBIERNO REGIONAL";"II-2";"00004131";"HOSPITAL SUBREGIONAL DE ANDAHUAYLAS";"250105";"UNIDAD DE CUIDADOS CRITICOS UNIDAD  DE CUIDADOS INTENSIVOS  (UCI) NEONATOLOGÍA";"11";"2";"7";"74";"3";"99";"1"
"2023";"07";"030201";"APURIMAC";"ANDAHUAYLAS";"ANDAHUAYLAS";"GOBIERNO REGIONAL";"II-2";"00004131";"HOSPITAL SUBREGIONAL DE ANDAHUAYLAS";"250108";"UNIDAD DE CUIDADOS CRITICOS UNIDAD  DE CUIDADOS INTENSIVOS  (UCI) PEDIÁTRICA";"6";"3";"34";"40";"2";"62";"1"
"2023";"07";"150101";"LIMA";"LIMA";"LIMA";"PRIVADO";"II-1";"00016291";"HOSPITAL MEGASALUD UNIVERSAL";"240000";"HOSPITALIZACIÓN";"36";"34";"90";"83";"22";"682";"0"
"2023";"07";"150110";"LIMA";"LIMA";"COMAS";"PRIVADO";"II-1";"00009144";"CLINICA MEDICA ZEGARRA S.A.C.";"242300";"HOSPITALIZACIÓN DE PEDIATRÍA  PEDIATRÍA  GENERAL ";"18";"16";"47";"3";"4";"124";"0"
"2023";"07";"150110";"LIMA";"LIMA";"COMAS";"PRIVADO";"II-1";"00009144";"CLINICA MEDICA ZEGARRA S.A.C.";"241800";"HOSPITALIZACIÓN DE MEDICINA MEDICINA GENERAL ";"22";"21";"68";"3";"4";"124";"0"
"2023";"07";"150110";"LIMA";"LIMA";"COMAS";"PRIVADO";"II-1";"00009144";"CLINICA MEDICA ZEGARRA S.A.C.";"241400";"HOSPITALIZACIÓN QUIRÚRGICA GINECO - OBSTETRICIA ";"12";"11";"42";"4";"4";"124";"0"
"2023";"07";"150110";"LIMA";"LIMA";"COMAS";"PRIVADO";"II-1";"00009144";"CLINICA MEDICA ZEGARRA S.A.C.";"240100";"HOSPITALIZACIÓN QUIRÚRGICA CIRUGÍA GENERAL ";"14";"14";"44";"3";"3";"93";"0"
"2023";"07";"150110";"LIMA";"LIMA";"COMAS";"PRIVADO";"II-1";"00009144";"CLINICA MEDICA ZEGARRA S.A.C.";"241200";"HOSPITALIZACIÓN QUIRÚRGICA TRAUMATOLOGÍA Y ORTOPEDIA ";"8";"7";"30";"4";"1";"31";"0"
"2023";"04";"150108";"LIMA";"LIMA";"CHORRILLOS";"SANIDAD DE LA POLICIA NACIONAL DEL PERU";"I-3";"00020382";"POLICLINICO POLICIAL CHORRILLOS";"NE_0001";"";"NE_0001";"NE_0001";"NE_0001";"NE_0001";"NE_0001";"NE_0001";"NE_0001"
"2023";"04";"050206";"AYACUCHO";"CANGALLO";"TOTOS";"GOBIERNO REGIONAL";"I-1";"00003625";"QUIÑASI";"NE_0001";"";"NE_0001";"NE_0001";"NE_0001";"NE_0001";"NE_0001";"NE_0001";"NE_0001"
"2023";"04";"051012";"AYACUCHO";"VICTOR FAJARDO";"VILCANCHOS";"GOBIERNO REGIONAL";"I-1";"00003627";"COCAS";"NE_0001";"";"NE_0001";"NE_0001";"NE_0001";"NE_0001";"NE_0001";"NE_0001";"NE_0001"
"2023";"04";"050206";"AYACUCHO";"CANGALLO";"TOTOS";"GOBIERNO REGIONAL";"I-1";"00003622";"CHUYMAY";"NE_0001";"";"NE_0001";"NE_0001";"NE_0001";"NE_0001";"NE_0001";"NE_0001";"NE_0001"
"2023";"04";"050206";"AYACUCHO";"CANGALLO";"TOTOS";"GOBIERNO REGIONAL";"I-3";"00003623";"CENTRO DE SALUD TOTOS";"241400";"HOSPITALIZACIÓN QUIRÚRGICA GINECO - OBSTETRICIA ";"0";"1";"2";"2";"1";"2";"0"
"2023";"04";"051012";"AYACUCHO";"VICTOR FAJARDO";"VILCANCHOS";"GOBIERNO REGIONAL";"I-2";"00003628";"PUESTO DE SALUD VILCANCHOS";"NE_0001";"";"NE_0001";"NE_0001";"NE_0001";"NE_0001";"NE_0001";"NE_0001";"NE_0001"
"2023";"04";"040201";"AREQUIPA";"CAMANA";"CAMANA";"SANIDAD DE LA POLICIA NACIONAL DEL PERU";"I-2";"00011661";"POSTA MEDICA POLICIAL CAMANA";"NE_0001";"";"NE_0001";"NE_0001";"NE_0001";"NE_0001";"NE_0001";"NE_0001";"NE_0001"
"2023";"04";"220101";"SAN MARTIN";"MOYOBAMBA";"MOYOBAMBA";"SANIDAD DE LA POLICIA NACIONAL DEL PERU";"I-3";"00018077";"POLICLINICO PNP MOYOBAMBA";"NE_0001";"";"NE_0001";"NE_0001";"NE_0001";"NE_0001";"NE_0001";"NE_0001";"NE_0001"
"2023";"02";"250203";"UCAYALI";"ATALAYA";"TAHUANIA";"MINSA";"I-1";"00032189";"PUESTO DE SALUD MENCORIARI.";"NE_0001";"";"NE_0001";"NE_0001";"NE_0001";"NE_0001";"NE_0001";"NE_0001";"NE_0001"
"2023";"02";"250203";"UCAYALI";"ATALAYA";"TAHUANIA";"MINSA";"I-1";"00031894";"PUESTO DE SALUD NUEVO PARAISO-TAHUANIA.";"NE_0001";"";"NE_0001";"NE_0001";"NE_0001";"NE_0001";"NE_0001";"NE_0001";"NE_0001"
"2023";"02";"250203";"UCAYALI";"ATALAYA";"TAHUANIA";"GOBIERNO REGIONAL";"I-1";"00005520";"SHAHUAYA";"NE_0001";"";"NE_0001";"NE_0001";"NE_0001";"NE_0001";"NE_0001";"NE_0001";"NE_0001"
"2023";"02";"250203";"UCAYALI";"ATALAYA";"TAHUANIA";"GOBIERNO REGIONAL";"I-1";"00005519";"SEMPAYA";"NE_0001";"";"NE_0001";"NE_0001";"NE_0001";"NE_0001";"NE_0001";"NE_0001";"NE_0001"
"2023";"02";"250203";"UCAYALI";"ATALAYA";"TAHUANIA";"GOBIERNO REGIONAL";"I-3";"00005518";"BOLOGNESI";"NE_0001";"";"NE_0001";"NE_0001";"NE_0001";"NE_0001";"NE_0001";"NE_0001";"NE_0001"
"2023";"02";"250201";"UCAYALI";"ATALAYA";"RAIMONDI";"GOBIERNO REGIONAL";"I-1";"00005517";"SERJALI";"NE_0001";"";"NE_0001";"NE_0001";"NE_0001";"NE_0001";"NE_0001";"NE_0001";"NE_0001"
"2023";"02";"250201";"UCAYALI";"ATALAYA";"RAIMONDI";"GOBIERNO REGIONAL";"I-1";"00005516";"RIMA";"NE_0001";"";"NE_0001";"NE_0001";"NE_0001";"NE_0001";"NE_0001";"NE_0001";"NE_0001"
"2023";"02";"250201";"UCAYALI";"ATALAYA";"RAIMONDI";"GOBIERNO REGIONAL";"I-1";"00005514";"CHEQUITAVO";"NE_0001";"";"NE_0001";"NE_0001";"NE_0001";"NE_0001";"NE_0001";"NE_0001";"NE_0001"
"2023";"02";"250201";"UCAYALI";"ATALAYA";"RAIMONDI";"GOBIERNO REGIONAL";"I-1";"00005512";"MAPALCA";"NE_0001";"";"NE_0001";"NE_0001";"NE_0001";"NE_0001";"NE_0001";"NE_0001";"NE_0001"
"2023";"02";"250201";"UCAYALI";"ATALAYA";"RAIMONDI";"GOBIERNO REGIONAL";"I-1";"00005511";"PAOTI";"NE_0001";"";"NE_0001";"NE_0001";"NE_0001";"NE_0001";"NE_0001";"NE_0001";"NE_0001"
"2023";"02";"250201";"UCAYALI";"ATALAYA";"RAIMONDI";"GOBIERNO REGIONAL";"I-1";"00005510";"LA FLORESTA";"NE_0001";"";"NE_0001";"NE_0001";"NE_0001";"NE_0001";"NE_0001";"NE_0001";"NE_0001"
"2023";"02";"250201";"UCAYALI";"ATALAYA";"RAIMONDI";"MINSA";"I-1";"00005509";"CHICOSA";"NE_0001";"";"NE_0001";"NE_0001";"NE_0001";"NE_0001";"NE_0001";"NE_0001";"NE_0001"
"2023";"02";"250201";"UCAYALI";"ATALAYA";"RAIMONDI";"MINSA";"I-1";"00005508";"UNINI";"NE_0001";"";"NE_0001";"NE_0001";"NE_0001";"NE_0001";"NE_0001";"NE_0001";"NE_0001"
"2023";"02";"250201";"UCAYALI";"ATALAYA";"RAIMONDI";"GOBIERNO REGIONAL";"I-1";"00005507";"BOCA PUCANI";"NE_0001";"";"NE_0001";"NE_0001";"NE_0001";"NE_0001";"NE_0001";"NE_0001";"NE_0001"
"2023";"02";"250201";"UCAYALI";"ATALAYA";"RAIMONDI";"MINSA";"I-1";"00005506";"P.S RAMON CASTILLA";"NE_0001";"";"NE_0001";"NE_0001";"NE_0001";"NE_0001";"NE_0001";"NE_0001";"NE_0001"
"2023";"02";"250201";"UCAYALI";"ATALAYA";"RAIMONDI";"GOBIERNO REGIONAL";"I-2";"00005505";"OBENTENI";"NE_0001";"";"NE_0001";"NE_0001";"NE_0001";"NE_0001";"NE_0001";"NE_0001";"NE_0001"
"2023";"02";"250201";"UCAYALI";"ATALAYA";"RAIMONDI";"MINSA";"I-1";"00005504";"COCANI";"NE_0001";"";"NE_0001";"NE_0001";"NE_0001";"NE_0001";"NE_0001";"NE_0001";"NE_0001"
"2023";"02";"250201";"UCAYALI";"ATALAYA";"RAIMONDI";"MINSA";"I-2";"00005503";"MALDONADILLO";"NE_0001";"";"NE_0001";"NE_0001";"NE_0001";"NE_0001";"NE_0001";"NE_0001";"NE_0001"
"2023";"02";"250201";"UCAYALI";"ATALAYA";"RAIMONDI";"GOBIERNO REGIONAL";"I-4";"00005502";"ATALAYA";"NE_0002";"";"NE_0002";"NE_0002";"NE_0002";"NE_0002";"NE_0002";"NE_0002";"NE_0002"
"2023";"04";"060809";"CAJAMARCA";"JAEN";"SALLIQUE";"GOBIERNO REGIONAL";"I-2";"00004253";"LA UNION";"NE_0001";"";"NE_0001";"NE_0001";"NE_0001";"NE_0001";"NE_0001";"NE_0001";"NE_0001"
"2023";"04";"060809";"CAJAMARCA";"JAEN";"SALLIQUE";"GOBIERNO REGIONAL";"I-1";"00009967";"CHALANMACHE";"NE_0001";"";"NE_0001";"NE_0001";"NE_0001";"NE_0001";"NE_0001";"NE_0001";"NE_0001"
"2023";"04";"060809";"CAJAMARCA";"JAEN";"SALLIQUE";"GOBIERNO REGIONAL";"I-1";"00024940";"EL ESPINO";"NE_0001";"";"NE_0001";"NE_0001";"NE_0001";"NE_0001";"NE_0001";"NE_0001";"NE_0001"
"2023";"04";"060809";"CAJAMARCA";"JAEN";"SALLIQUE";"GOBIERNO REGIONAL";"I-1";"00025537";"TAILIN";"NE_0001";"";"NE_0001";"NE_0001";"NE_0001";"NE_0001";"NE_0001";"NE_0001";"NE_0001"
"2023";"04";"060809";"CAJAMARCA";"JAEN";"SALLIQUE";"GOBIERNO REGIONAL";"I-3";"00004250";"SALLIQUE";"NE_0001";"";"NE_0001";"NE_0001";"NE_0001";"NE_0001";"NE_0001";"NE_0001";"NE_0001"
"2023";"04";"060809";"CAJAMARCA";"JAEN";"SALLIQUE";"GOBIERNO REGIONAL";"I-1";"00004251";"MAZIN";"NE_0001";"";"NE_0001";"NE_0001";"NE_0001";"NE_0001";"NE_0001";"NE_0001";"NE_0001"
"2023";"04";"060809";"CAJAMARCA";"JAEN";"SALLIQUE";"GOBIERNO REGIONAL";"I-2";"00007053";"PALAMBE";"NE_0001";"";"NE_0001";"NE_0001";"NE_0001";"NE_0001";"NE_0001";"NE_0001";"NE_0001"
"2023";"04";"060809";"CAJAMARCA";"JAEN";"SALLIQUE";"GOBIERNO REGIONAL";"I-1";"00004252";"SAULACA";"NE_0001";"";"NE_0001";"NE_0001";"NE_0001";"NE_0001";"NE_0001";"NE_0001";"NE_0001"
"2023";"06";"090207";"HUANCAVELICA";"ACOBAMBA";"POMACOCHA";"GOBIERNO REGIONAL";"I-2";"00003923";"PUESTO DE SALUD POMACOCHA";"NE_0001";"";"NE_0001";"NE_0001";"NE_0001";"NE_0001";"NE_0001";"NE_0001";"NE_0001"
"2023";"06";"090207";"HUANCAVELICA";"ACOBAMBA";"POMACOCHA";"GOBIERNO REGIONAL";"I-1";"00009698";"PUESTO DE SALUD INCAPACCHAN";"NE_0001";"";"NE_0001";"NE_0001";"NE_0001";"NE_0001";"NE_0001";"NE_0001";"NE_0001"
"2023";"06";"090201";"HUANCAVELICA";"ACOBAMBA";"ACOBAMBA";"GOBIERNO REGIONAL";"I-1";"00003922";"PUESTO DE SALUD CCARABAMBA";"NE_0001";"";"NE_0001";"NE_0001";"NE_0001";"NE_0001";"NE_0001";"NE_0001";"NE_0001"
"2023";"06";"090201";"HUANCAVELICA";"ACOBAMBA";"ACOBAMBA";"GOBIERNO REGIONAL";"I-1";"00009502";"PUESTO DE SALUD TRES DE OCTUBRE";"NE_0001";"";"NE_0001";"NE_0001";"NE_0001";"NE_0001";"NE_0001";"NE_0001";"NE_0001"
"2023";"06";"090207";"HUANCAVELICA";"ACOBAMBA";"POMACOCHA";"GOBIERNO REGIONAL";"I-1";"00009707";"PUESTO DE SALUD AYAHUASAN";"NE_0001";"";"NE_0001";"NE_0001";"NE_0001";"NE_0001";"NE_0001";"NE_0001";"NE_0001"
"2023";"06";"090201";"HUANCAVELICA";"ACOBAMBA";"ACOBAMBA";"GOBIERNO REGIONAL";"I-1";"00003920";"PUESTO DE SALUD DE CCARHUACC";"NE_0001";"";"NE_0001";"NE_0001";"NE_0001";"NE_0001";"NE_0001";"NE_0001";"NE_0001"
"2023";"06";"090207";"HUANCAVELICA";"ACOBAMBA";"POMACOCHA";"GOBIERNO REGIONAL";"I-3";"00003924";"CENTRO DE SALUD CHOCLOCOCHA";"NE_0001";"";"NE_0001";"NE_0001";"NE_0001";"NE_0001";"NE_0001";"NE_0001";"NE_0001"
"2023";"06";"090201";"HUANCAVELICA";"ACOBAMBA";"ACOBAMBA";"GOBIERNO REGIONAL";"I-1";"00003921";"PUESTO DE SALUD DE VILLA RICA";"NE_0001";"";"NE_0001";"NE_0001";"NE_0001";"NE_0001";"NE_0001";"NE_0001";"NE_0001"
"2023";"06";"090201";"HUANCAVELICA";"ACOBAMBA";"ACOBAMBA";"GOBIERNO REGIONAL";"I-2";"00003918";"PUESTO DE SALUD CURIMARAY";"NE_0001";"";"NE_0001";"NE_0001";"NE_0001";"NE_0001";"NE_0001";"NE_0001";"NE_0001"
"2023";"06";"090207";"HUANCAVELICA";"ACOBAMBA";"POMACOCHA";"GOBIERNO REGIONAL";"I-1";"00003925";"PUESTO DE SALUD YANACCOCHA";"NE_0001";"";"NE_0001";"NE_0001";"NE_0001";"NE_0001";"NE_0001";"NE_0001";"NE_0001"
"2023";"06";"090201";"HUANCAVELICA";"ACOBAMBA";"ACOBAMBA";"GOBIERNO REGIONAL";"I-1";"00003919";"PUESTO DE SALUD POMAVILCA";"NE_0001";"";"NE_0001";"NE_0001";"NE_0001";"NE_0001";"NE_0001";"NE_0001";"NE_0001"
"2023";"06";"200601";"PIURA";"SULLANA";"SULLANA";"ESSALUD";"I-4";"00010267";"HOSPITAL I ESSALUD-SULLANA";"241800";"HOSPITALIZACIÓN DE MEDICINA MEDICINA GENERAL ";"306";"309";"1021";"1073";"37";"1110";"19"
"2023";"06";"200601";"PIURA";"SULLANA";"SULLANA";"ESSALUD";"I-4";"00010267";"HOSPITAL I ESSALUD-SULLANA";"241500";"HOSPITALIZACIÓN QUIRÚRGICA GINECOLOGÍA  ";"5";"2";"4";"4";"1";"30";"0"
"2023";"06";"200601";"PIURA";"SULLANA";"SULLANA";"ESSALUD";"I-4";"00010267";"HOSPITAL I ESSALUD-SULLANA";"242300";"HOSPITALIZACIÓN DE PEDIATRÍA  PEDIATRÍA  GENERAL ";"33";"33";"38";"53";"2";"60";"0"
"2023";"06";"200601";"PIURA";"SULLANA";"SULLANA";"ESSALUD";"I-4";"00010267";"HOSPITAL I ESSALUD-SULLANA";"241600";"HOSPITALIZACIÓN QUIRÚRGICA OBSTETRICIA   ";"4";"4";"8";"1";"2";"60";"0"
"2023";"06";"200601";"PIURA";"SULLANA";"SULLANA";"ESSALUD";"I-4";"00010267";"HOSPITAL I ESSALUD-SULLANA";"240100";"HOSPITALIZACIÓN QUIRÚRGICA CIRUGÍA GENERAL ";"20";"25";"61";"57";"2";"60";"0"
"2023";"06";"130704";"LA LIBERTAD";"PACASMAYO";"PACASMAYO";"ESSALUD";"I-4";"00008514";"HOSPITAL I PACASMAYO";"241900";"HOSPITALIZACIÓN DE MEDICINA MEDICINA INTERNA ";"57";"53";"238";"288";"12";"360";"0"
"2023";"06";"120211";"JUNIN";"CONCEPCION";"MITO";"GOBIERNO REGIONAL";"I-1";"00000748";"MITO";"NE_0001";"";"NE_0001";"NE_0001";"NE_0001";"NE_0001";"NE_0001";"NE_0001";"NE_0001"
"2023";"06";"120213";"JUNIN";"CONCEPCION";"ORCOTUNA";"GOBIERNO REGIONAL";"I-3";"00000751";"ORCOTUNA";"NE_0001";"";"NE_0001";"NE_0001";"NE_0001";"NE_0001";"NE_0001";"NE_0001";"NE_0001"
"2023";"06";"120122";"JUNIN";"HUANCAYO";"INGENIO";"GOBIERNO REGIONAL";"I-2";"00000663";"INGENIO";"NE_0001";"";"NE_0001";"NE_0001";"NE_0001";"NE_0001";"NE_0001";"NE_0001";"NE_0001"
"2023";"06";"120211";"JUNIN";"CONCEPCION";"MITO";"GOBIERNO REGIONAL";"I-1";"00000750";"MATAHULO";"NE_0001";"";"NE_0001";"NE_0001";"NE_0001";"NE_0001";"NE_0001";"NE_0001";"NE_0001"
"2023";"06";"120202";"JUNIN";"CONCEPCION";"ACO";"GOBIERNO REGIONAL";"I-1";"00000747";"QUICHA GRANDE";"NE_0001";"";"NE_0001";"NE_0001";"NE_0001";"NE_0001";"NE_0001";"NE_0001";"NE_0001"
"2023";"06";"120213";"JUNIN";"CONCEPCION";"ORCOTUNA";"GOBIERNO REGIONAL";"I-1";"00000752";"VICSO";"NE_0001";"";"NE_0001";"NE_0001";"NE_0001";"NE_0001";"NE_0001";"NE_0001";"NE_0001"
"2023";"06";"120207";"JUNIN";"CONCEPCION";"HEROINAS TOLEDO";"GOBIERNO REGIONAL";"I-1";"00000685";"HEROINAS TOLEDO";"NE_0001";"";"NE_0001";"NE_0001";"NE_0001";"NE_0001";"NE_0001";"NE_0001";"NE_0001"
"2023";"06";"120215";"JUNIN";"CONCEPCION";"SANTA ROSA DE OCOPA";"GOBIERNO REGIONAL";"I-1";"00000692";"HUANCHAR";"NE_0001";"";"NE_0001";"NE_0001";"NE_0001";"NE_0001";"NE_0001";"NE_0001";"NE_0001"
"2023";"06";"120127";"JUNIN";"HUANCAYO";"QUICHUAY";"GOBIERNO REGIONAL";"I-2";"00000665";"QUICHUAY";"NE_0001";"";"NE_0001";"NE_0001";"NE_0001";"NE_0001";"NE_0001";"NE_0001";"NE_0001"
"2023";"06";"120210";"JUNIN";"CONCEPCION";"MATAHUASI";"GOBIERNO REGIONAL";"I-1";"00000688";"MARAVILCA";"NE_0001";"";"NE_0001";"NE_0001";"NE_0001";"NE_0001";"NE_0001";"NE_0001";"NE_0001"
"2023";"06";"120210";"JUNIN";"CONCEPCION";"MATAHUASI";"GOBIERNO REGIONAL";"I-1";"00000689";"YANAMUCLO";"NE_0001";"";"NE_0001";"NE_0001";"NE_0001";"NE_0001";"NE_0001";"NE_0001";"NE_0001"
"2023";"06";"120215";"JUNIN";"CONCEPCION";"SANTA ROSA DE OCOPA";"GOBIERNO REGIONAL";"I-3";"00000691";"SANTA ROSA DE OCOPA";"NE_0001";"";"NE_0001";"NE_0001";"NE_0001";"NE_0001";"NE_0001";"NE_0001";"NE_0001"
"2023";"06";"070101";"CALLAO";"CALLAO";"CALLAO";"GOBIERNO REGIONAL";"I-2";"00006234";"PUESTO DE SALUD SANTA ROSA";"NE_0001";"";"NE_0001";"NE_0001";"NE_0001";"NE_0001";"NE_0001";"NE_0001";"NE_0001"
"2023";"06";"070101";"CALLAO";"CALLAO";"CALLAO";"GOBIERNO REGIONAL";"I-2";"00006235";"PUESTO DE SALUD MIGUEL GRAU";"NE_0001";"";"NE_0001";"NE_0001";"NE_0001";"NE_0001";"NE_0001";"NE_0001";"NE_0001"
"2023";"06";"070101";"CALLAO";"CALLAO";"CALLAO";"GOBIERNO REGIONAL";"I-2";"00025474";"PUESTO DE SALUD JOSE OLAYA";"NE_0001";"";"NE_0001";"NE_0001";"NE_0001";"NE_0001";"NE_0001";"NE_0001";"NE_0001"
"2023";"06";"220905";"SAN MARTIN";"SAN MARTIN";"CHIPURANA";"GOBIERNO REGIONAL";"I-1";"00006438";"NAVARRO";"NE_0002";"";"NE_0002";"NE_0002";"NE_0002";"NE_0002";"NE_0002";"NE_0002";"NE_0002"
"2023";"06";"220905";"SAN MARTIN";"SAN MARTIN";"CHIPURANA";"GOBIERNO REGIONAL";"I-3";"00006439";"YARINA";"NE_0002";"";"NE_0002";"NE_0002";"NE_0002";"NE_0002";"NE_0002";"NE_0002";"NE_0002"
"2023";"06";"220907";"SAN MARTIN";"SAN MARTIN";"HUIMBAYOC";"GOBIERNO REGIONAL";"I-1";"00006446";"SAN JOSE DE YANAYACU";"NE_0002";"";"NE_0002";"NE_0002";"NE_0002";"NE_0002";"NE_0002";"NE_0002";"NE_0002"
"2023";"06";"220907";"SAN MARTIN";"SAN MARTIN";"HUIMBAYOC";"GOBIERNO REGIONAL";"I-1";"00006431";"PONGO ISLA";"NE_0002";"";"NE_0002";"NE_0002";"NE_0002";"NE_0002";"NE_0002";"NE_0002";"NE_0002"
"2023";"06";"220907";"SAN MARTIN";"SAN MARTIN";"HUIMBAYOC";"GOBIERNO REGIONAL";"I-1";"00006442";"SAN JOSE 2 DE MAYO";"NE_0002";"";"NE_0002";"NE_0002";"NE_0002";"NE_0002";"NE_0002";"NE_0002";"NE_0002"
"2023";"06";"220907";"SAN MARTIN";"SAN MARTIN";"HUIMBAYOC";"GOBIERNO REGIONAL";"I-1";"00006444";"SANTA ROSILLO CHIPURANA";"NE_0002";"";"NE_0002";"NE_0002";"NE_0002";"NE_0002";"NE_0002";"NE_0002";"NE_0002"
"2023";"06";"220907";"SAN MARTIN";"SAN MARTIN";"HUIMBAYOC";"GOBIERNO REGIONAL";"I-1";"00006445";"SANTA MARTHA";"NE_0002";"";"NE_0002";"NE_0002";"NE_0002";"NE_0002";"NE_0002";"NE_0002";"NE_0002"
"2023";"06";"220905";"SAN MARTIN";"SAN MARTIN";"CHIPURANA";"GOBIERNO REGIONAL";"I-1";"00006440";"TIPISHCA";"NE_0002";"";"NE_0002";"NE_0002";"NE_0002";"NE_0002";"NE_0002";"NE_0002";"NE_0002"
"2023";"04";"050202";"AYACUCHO";"CANGALLO";"CHUSCHI";"GOBIERNO REGIONAL";"I-1";"00003593";"PUESTO DE SALUD PUNKUPATA";"NE_0002";"";"NE_0002";"NE_0002";"NE_0002";"NE_0002";"NE_0002";"NE_0002";"NE_0002"
"2023";"04";"050202";"AYACUCHO";"CANGALLO";"CHUSCHI";"GOBIERNO REGIONAL";"I-2";"00003592";"PUESTO DE SALUD CATALINAYOC";"NE_0002";"";"NE_0002";"NE_0002";"NE_0002";"NE_0002";"NE_0002";"NE_0002";"NE_0002"
"2023";"04";"050114";"AYACUCHO";"HUAMANGA";"VINCHOS";"GOBIERNO REGIONAL";"I-1";"00003591";"ROSASPATA";"NE_0002";"";"NE_0002";"NE_0002";"NE_0002";"NE_0002";"NE_0002";"NE_0002";"NE_0002"
"2023";"04";"050202";"AYACUCHO";"CANGALLO";"CHUSCHI";"GOBIERNO REGIONAL";"I-1";"00006753";"PUESTO DE SALUD CUCHUQUESERA";"NE_0002";"";"NE_0002";"NE_0002";"NE_0002";"NE_0002";"NE_0002";"NE_0002";"NE_0002"
"2023";"04";"050114";"AYACUCHO";"HUAMANGA";"VINCHOS";"GOBIERNO REGIONAL";"I-1";"00003589";"PUESTO DE SALUD MILLPO";"NE_0002";"";"NE_0002";"NE_0002";"NE_0002";"NE_0002";"NE_0002";"NE_0002";"NE_0002"
"2023";"04";"050202";"AYACUCHO";"CANGALLO";"CHUSCHI";"GOBIERNO REGIONAL";"I-1";"00003593";"PUESTO DE SALUD PUNKUPATA";"NE_0002";"";"NE_0002";"NE_0002";"NE_0002";"NE_0002";"NE_0002";"NE_0002";"NE_0002"
"2023";"04";"050202";"AYACUCHO";"CANGALLO";"CHUSCHI";"GOBIERNO REGIONAL";"I-2";"00003592";"PUESTO DE SALUD CATALINAYOC";"NE_0002";"";"NE_0002";"NE_0002";"NE_0002";"NE_0002";"NE_0002";"NE_0002";"NE_0002"
"2023";"04";"050114";"AYACUCHO";"HUAMANGA";"VINCHOS";"GOBIERNO REGIONAL";"I-3";"00003590";"CENTRO DE  SALUD PUTACCA";"241600";"HOSPITALIZACIÓN QUIRÚRGICA OBSTETRICIA   ";"5";"5";"14";"2";"1";"5";"0"
"2023";"04";"050114";"AYACUCHO";"HUAMANGA";"VINCHOS";"GOBIERNO REGIONAL";"I-1";"00003591";"ROSASPATA";"NE_0002";"";"NE_0002";"NE_0002";"NE_0002";"NE_0002";"NE_0002";"NE_0002";"NE_0002"
"2023";"04";"050202";"AYACUCHO";"CANGALLO";"CHUSCHI";"GOBIERNO REGIONAL";"I-1";"00006753";"PUESTO DE SALUD CUCHUQUESERA";"NE_0002";"";"NE_0002";"NE_0002";"NE_0002";"NE_0002";"NE_0002";"NE_0002";"NE_0002"
"2023";"04";"050114";"AYACUCHO";"HUAMANGA";"VINCHOS";"GOBIERNO REGIONAL";"I-1";"00003589";"PUESTO DE SALUD MILLPO";"NE_0002";"";"NE_0002";"NE_0002";"NE_0002";"NE_0002";"NE_0002";"NE_0002";"NE_0002"
"2023";"03";"150128";"LIMA";"LIMA";"RIMAC";"ESSALUD";"I-3";"00008881";"FRANCISCO PIZARRO";"NE_0001";"";"NE_0001";"NE_0001";"NE_0001";"NE_0001";"NE_0001";"NE_0001";"NE_0001"
"2023";"05";"080902";"CUSCO";"LA CONVENCION";"ECHARATE";"GOBIERNO REGIONAL";"I-1";"00002451";"CHAHUARES";"NE_0001";"";"NE_0001";"NE_0001";"NE_0001";"NE_0001";"NE_0001";"NE_0001";"NE_0001"
"2023";"05";"080901";"CUSCO";"LA CONVENCION";"SANTA ANA";"GOBIERNO REGIONAL";"I-1";"00002424";"POTRERO";"NE_0001";"";"NE_0001";"NE_0001";"NE_0001";"NE_0001";"NE_0001";"NE_0001";"NE_0001"
"2023";"05";"080902";"CUSCO";"LA CONVENCION";"ECHARATE";"GOBIERNO REGIONAL";"I-1";"00002446";"CHACCO";"NE_0001";"";"NE_0001";"NE_0001";"NE_0001";"NE_0001";"NE_0001";"NE_0001";"NE_0001"
"2023";"05";"080902";"CUSCO";"LA CONVENCION";"ECHARATE";"GOBIERNO REGIONAL";"I-2";"00002425";"ECHARATE";"NE_0001";"";"NE_0001";"NE_0001";"NE_0001";"NE_0001";"NE_0001";"NE_0001";"NE_0001"
"2023";"05";"080901";"CUSCO";"LA CONVENCION";"SANTA ANA";"GOBIERNO REGIONAL";"I-4";"00008910";"SANTA ANA";"NE_0001";"";"NE_0001";"NE_0001";"NE_0001";"NE_0001";"NE_0001";"NE_0001";"NE_0001"
"2023";"05";"080901";"CUSCO";"LA CONVENCION";"SANTA ANA";"GOBIERNO REGIONAL";"I-1";"00002422";"HUAYANAY";"NE_0001";"";"NE_0001";"NE_0001";"NE_0001";"NE_0001";"NE_0001";"NE_0001";"NE_0001"
"2023";"05";"080901";"CUSCO";"LA CONVENCION";"SANTA ANA";"GOBIERNO REGIONAL";"I-1";"00002423";"IDMA";"NE_0001";"";"NE_0001";"NE_0001";"NE_0001";"NE_0001";"NE_0001";"NE_0001";"NE_0001"
"2023";"05";"080902";"CUSCO";"LA CONVENCION";"ECHARATE";"GOBIERNO REGIONAL";"I-2";"00002430";"PAMPA CONCEPCION";"NE_0001";"";"NE_0001";"NE_0001";"NE_0001";"NE_0001";"NE_0001";"NE_0001";"NE_0001"
"2023";"05";"080901";"CUSCO";"LA CONVENCION";"SANTA ANA";"GOBIERNO REGIONAL";"I-3";"00015842";"PAVAYOC";"NE_0001";"";"NE_0001";"NE_0001";"NE_0001";"NE_0001";"NE_0001";"NE_0001";"NE_0001"
"2023";"05";"150143";"LIMA";"LIMA";"VILLA MARIA DEL TRIUNFO";"PRIVADO";"II-1";"00017824";"CLINICA MARIA HUARHUA E.I.R.L";"241600";"HOSPITALIZACIÓN QUIRÚRGICA OBSTETRICIA   ";"6";"6";"12";"12";"9";"13";"0"
"2023";"06";"110101";"ICA";"ICA";"ICA";"PRIVADO";"I-4";"00009606";"VIRGEN DEL ROSARIO SA";"240000";"HOSPITALIZACIÓN";"98";"98";"137";"152";"16";"480";"0"
"2023";"06";"120303";"JUNIN";"CHANCHAMAYO";"PICHANAQUI";"GOBIERNO REGIONAL";"I-2";"00006711";"SAN FRANCISCO CENTRO KUVIRIANI";"NE_0001";"";"NE_0001";"NE_0001";"NE_0001";"NE_0001";"NE_0001";"NE_0001";"NE_0001"
"2023";"06";"120303";"JUNIN";"CHANCHAMAYO";"PICHANAQUI";"GOBIERNO REGIONAL";"I-3";"00000351";"HUACHIRIKI";"NE_0001";"";"NE_0001";"NE_0001";"NE_0001";"NE_0001";"NE_0001";"NE_0001";"NE_0001"
"2023";"06";"120303";"JUNIN";"CHANCHAMAYO";"PICHANAQUI";"GOBIERNO REGIONAL";"I-2";"00000346";"HUANTININI";"NE_0001";"";"NE_0001";"NE_0001";"NE_0001";"NE_0001";"NE_0001";"NE_0001";"NE_0001"
"2023";"06";"120303";"JUNIN";"CHANCHAMAYO";"PICHANAQUI";"GOBIERNO REGIONAL";"I-2";"00000348";"SAN JUAN CENTRO AUTIKI";"NE_0001";"";"NE_0001";"NE_0001";"NE_0001";"NE_0001";"NE_0001";"NE_0001";"NE_0001"
"2023";"06";"130101";"LA LIBERTAD";"TRUJILLO";"TRUJILLO";"GOBIERNO REGIONAL";"III-1";"00005195";"HOSPITAL BELEN DE TRUJILLO";"244300";"HOSPITALIZACIÓN DE MEDICINA GASTROENTEROLOGÍA  ";"12";"25";"395";"186";"7";"210";"2"
"2023";"06";"130101";"LA LIBERTAD";"TRUJILLO";"TRUJILLO";"GOBIERNO REGIONAL";"III-1";"00005195";"HOSPITAL BELEN DE TRUJILLO";"241900";"HOSPITALIZACIÓN DE MEDICINA MEDICINA INTERNA ";"138";"146";"1518";"1082";"37";"1110";"10"
"2023";"06";"130101";"LA LIBERTAD";"TRUJILLO";"TRUJILLO";"GOBIERNO REGIONAL";"III-1";"00005195";"HOSPITAL BELEN DE TRUJILLO";"245300";"HOSPITALIZACIÓN DE MEDICINA NEUMOLOGÍA  ";"8";"18";"344";"206";"7";"210";"6"
"2023";"06";"130101";"LA LIBERTAD";"TRUJILLO";"TRUJILLO";"GOBIERNO REGIONAL";"III-1";"00005195";"HOSPITAL BELEN DE TRUJILLO";"244700";"HOSPITALIZACIÓN DE MEDICINA NEUROLOGIA  ";"13";"18";"328";"208";"10";"300";"2"
"2023";"06";"130101";"LA LIBERTAD";"TRUJILLO";"TRUJILLO";"GOBIERNO REGIONAL";"III-1";"00005195";"HOSPITAL BELEN DE TRUJILLO";"242100";"HOSPITALIZACIÓN DE MEDICINA ONCOLOGÍA MÉDICA ";"2";"6";"114";"118";"4";"120";"1"
"2023";"06";"130101";"LA LIBERTAD";"TRUJILLO";"TRUJILLO";"GOBIERNO REGIONAL";"III-1";"00005195";"HOSPITAL BELEN DE TRUJILLO";"240800";"HOSPITALIZACIÓN QUIRÚRGICA CIRUGÍA PLÁSTICA/RECONSTRUCTIVA/ REPARADORA ";"2";"10";"190";"84";"6";"180";"0"
"2023";"06";"130101";"LA LIBERTAD";"TRUJILLO";"TRUJILLO";"GOBIERNO REGIONAL";"III-1";"00005195";"HOSPITAL BELEN DE TRUJILLO";"240400";"HOSPITALIZACIÓN QUIRÚRGICA CIRUGÍA DE TÓRAX Y CARDIOVASCULAR ";"6";"9";"99";"104";"5";"150";"1"
"2023";"06";"130101";"LA LIBERTAD";"TRUJILLO";"TRUJILLO";"GOBIERNO REGIONAL";"III-1";"00005195";"HOSPITAL BELEN DE TRUJILLO";"240100";"HOSPITALIZACIÓN QUIRÚRGICA CIRUGÍA GENERAL ";"138";"135";"822";"867";"35";"1050";"3"
"2023";"06";"130101";"LA LIBERTAD";"TRUJILLO";"TRUJILLO";"GOBIERNO REGIONAL";"III-1";"00005195";"HOSPITAL BELEN DE TRUJILLO";"241000";"HOSPITALIZACIÓN QUIRÚRGICA ONCOLOGÍA QUIRÚRGICA  ";"1";"1";"5";"6";"1";"30";"0"
"2023";"06";"130101";"LA LIBERTAD";"TRUJILLO";"TRUJILLO";"GOBIERNO REGIONAL";"III-1";"00005195";"HOSPITAL BELEN DE TRUJILLO";"240700";"HOSPITALIZACIÓN QUIRÚRGICA CIRUGÍA PEDIÁTRICA ";"4";"26";"134";"144";"8";"240";"0"
"2023";"06";"130101";"LA LIBERTAD";"TRUJILLO";"TRUJILLO";"GOBIERNO REGIONAL";"III-1";"00005195";"HOSPITAL BELEN DE TRUJILLO";"240900";"HOSPITALIZACIÓN QUIRÚRGICA NEUROCIRUGÍA ";"11";"15";"202";"206";"7";"210";"4"
"2023";"06";"130101";"LA LIBERTAD";"TRUJILLO";"TRUJILLO";"GOBIERNO REGIONAL";"III-1";"00005195";"HOSPITAL BELEN DE TRUJILLO";"241200";"HOSPITALIZACIÓN QUIRÚRGICA TRAUMATOLOGÍA Y ORTOPEDIA ";"60";"64";"454";"473";"16";"480";"1"
"2023";"06";"130101";"LA LIBERTAD";"TRUJILLO";"TRUJILLO";"GOBIERNO REGIONAL";"III-1";"00005195";"HOSPITAL BELEN DE TRUJILLO";"241300";"HOSPITALIZACIÓN QUIRÚRGICA UROLOGÍA  ";"13";"13";"64";"67";"5";"150";"0"
"2023";"06";"130101";"LA LIBERTAD";"TRUJILLO";"TRUJILLO";"GOBIERNO REGIONAL";"III-1";"00005195";"HOSPITAL BELEN DE TRUJILLO";"243200";"HOSPITALIZACIÓN DE PEDIATRÍA PEDIATRIA NEONATOLOGÍA";"54";"85";"1047";"673";"30";"900";"1"
"2023";"06";"130101";"LA LIBERTAD";"TRUJILLO";"TRUJILLO";"GOBIERNO REGIONAL";"III-1";"00005195";"HOSPITAL BELEN DE TRUJILLO";"250105";"UNIDAD DE CUIDADOS CRITICOS UNIDAD  DE CUIDADOS INTENSIVOS  (UCI) NEONATOLOGÍA";"8";"6";"214";"322";"12";"360";"6"
"2023";"06";"130101";"LA LIBERTAD";"TRUJILLO";"TRUJILLO";"GOBIERNO REGIONAL";"III-1";"00005195";"HOSPITAL BELEN DE TRUJILLO";"242300";"HOSPITALIZACIÓN DE PEDIATRÍA  PEDIATRÍA  GENERAL ";"72";"80";"621";"353";"20";"600";"2"
"2023";"06";"130101";"LA LIBERTAD";"TRUJILLO";"TRUJILLO";"GOBIERNO REGIONAL";"III-1";"00005195";"HOSPITAL BELEN DE TRUJILLO";"241500";"HOSPITALIZACIÓN QUIRÚRGICA GINECOLOGÍA  ";"60";"61";"245";"262";"10";"300";"0"
"2023";"06";"220504";"SAN MARTIN";"LAMAS";"CAYNARACHI";"GOBIERNO REGIONAL";"I-1";"00006422";"SAN JUAN DE SHANUSI";"NE_0001";"";"NE_0001";"NE_0001";"NE_0001";"NE_0001";"NE_0001";"NE_0001";"NE_0001"
"2023";"06";"220504";"SAN MARTIN";"LAMAS";"CAYNARACHI";"GOBIERNO REGIONAL";"I-1";"00019769";"NUEVO TOCACHE";"NE_0001";"";"NE_0001";"NE_0001";"NE_0001";"NE_0001";"NE_0001";"NE_0001";"NE_0001"
"2023";"06";"220504";"SAN MARTIN";"LAMAS";"CAYNARACHI";"GOBIERNO REGIONAL";"I-1";"00006416";"ALFONSO UGARTE";"NE_0001";"";"NE_0001";"NE_0001";"NE_0001";"NE_0001";"NE_0001";"NE_0001";"NE_0001"
"2023";"06";"220504";"SAN MARTIN";"LAMAS";"CAYNARACHI";"GOBIERNO REGIONAL";"I-1";"00006420";"NUEVO LAMAS";"NE_0001";"";"NE_0001";"NE_0001";"NE_0001";"NE_0001";"NE_0001";"NE_0001";"NE_0001"
"2023";"06";"080905";"CUSCO";"LA CONVENCION";"OCOBAMBA";"GOBIERNO REGIONAL";"I-3";"00002462";"OCCOBAMBA LACONVENCION";"NE_0001";"";"NE_0001";"NE_0001";"NE_0001";"NE_0001";"NE_0001";"NE_0001";"NE_0001"
"2023";"07";"090201";"HUANCAVELICA";"ACOBAMBA";"ACOBAMBA";"GOBIERNO REGIONAL";"I-1";"00003922";"PUESTO DE SALUD CCARABAMBA";"NE_0001";"";"NE_0001";"NE_0001";"NE_0001";"NE_0001";"NE_0001";"NE_0001";"NE_0001"
"2023";"07";"090201";"HUANCAVELICA";"ACOBAMBA";"ACOBAMBA";"GOBIERNO REGIONAL";"I-1";"00009502";"PUESTO DE SALUD TRES DE OCTUBRE";"NE_0001";"";"NE_0001";"NE_0001";"NE_0001";"NE_0001";"NE_0001";"NE_0001";"NE_0001"
"2023";"07";"090207";"HUANCAVELICA";"ACOBAMBA";"POMACOCHA";"GOBIERNO REGIONAL";"I-1";"00009707";"PUESTO DE SALUD AYAHUASAN";"NE_0001";"";"NE_0001";"NE_0001";"NE_0001";"NE_0001";"NE_0001";"NE_0001";"NE_0001"
"2023";"07";"090201";"HUANCAVELICA";"ACOBAMBA";"ACOBAMBA";"GOBIERNO REGIONAL";"I-1";"00003920";"PUESTO DE SALUD DE CCARHUACC";"NE_0001";"";"NE_0001";"NE_0001";"NE_0001";"NE_0001";"NE_0001";"NE_0001";"NE_0001"
"2023";"07";"090207";"HUANCAVELICA";"ACOBAMBA";"POMACOCHA";"GOBIERNO REGIONAL";"I-3";"00003924";"CENTRO DE SALUD CHOCLOCOCHA";"NE_0001";"";"NE_0001";"NE_0001";"NE_0001";"NE_0001";"NE_0001";"NE_0001";"NE_0001"
"2023";"07";"090201";"HUANCAVELICA";"ACOBAMBA";"ACOBAMBA";"GOBIERNO REGIONAL";"I-1";"00003921";"PUESTO DE SALUD DE VILLA RICA";"NE_0001";"";"NE_0001";"NE_0001";"NE_0001";"NE_0001";"NE_0001";"NE_0001";"NE_0001"
"2023";"07";"090201";"HUANCAVELICA";"ACOBAMBA";"ACOBAMBA";"GOBIERNO REGIONAL";"I-2";"00003918";"PUESTO DE SALUD CURIMARAY";"NE_0001";"";"NE_0001";"NE_0001";"NE_0001";"NE_0001";"NE_0001";"NE_0001";"NE_0001"
"2023";"07";"090207";"HUANCAVELICA";"ACOBAMBA";"POMACOCHA";"GOBIERNO REGIONAL";"I-1";"00003925";"PUESTO DE SALUD YANACCOCHA";"NE_0001";"";"NE_0001";"NE_0001";"NE_0001";"NE_0001";"NE_0001";"NE_0001";"NE_0001"
"2023";"07";"090201";"HUANCAVELICA";"ACOBAMBA";"ACOBAMBA";"GOBIERNO REGIONAL";"I-1";"00003919";"PUESTO DE SALUD POMAVILCA";"NE_0001";"";"NE_0001";"NE_0001";"NE_0001";"NE_0001";"NE_0001";"NE_0001";"NE_0001"
"2023";"07";"070102";"CALLAO";"CALLAO";"BELLAVISTA";"GOBIERNO REGIONAL";"0";"00016110";"ATENCIÓN DOMICILIARIA AL ADULTO MAYOR Y PACIENTE ONCOLOGICO (ADAMO)";"NE_0001";"";"NE_0001";"NE_0001";"NE_0001";"NE_0001";"NE_0001";"NE_0001";"NE_0001"
"2023";"07";"120606";"JUNIN";"SATIPO";"PANGOA";"GOBIERNO REGIONAL";"I-3";"00000446";"CUBANTIA";"NE_0001";"";"NE_0001";"NE_0001";"NE_0001";"NE_0001";"NE_0001";"NE_0001";"NE_0001"
"2023";"07";"120606";"JUNIN";"SATIPO";"PANGOA";"GOBIERNO REGIONAL";"I-1";"00000449";"MAZARONQUIARI";"NE_0001";"";"NE_0001";"NE_0001";"NE_0001";"NE_0001";"NE_0001";"NE_0001";"NE_0001"
"2023";"07";"120606";"JUNIN";"SATIPO";"PANGOA";"GOBIERNO REGIONAL";"I-1";"00000452";"FORTALEZA";"NE_0001";"";"NE_0001";"NE_0001";"NE_0001";"NE_0001";"NE_0001";"NE_0001";"NE_0001"
"2023";"07";"120606";"JUNIN";"SATIPO";"PANGOA";"GOBIERNO REGIONAL";"I-1";"00021804";"ALTO CHICHIRENI";"NE_0001";"";"NE_0001";"NE_0001";"NE_0001";"NE_0001";"NE_0001";"NE_0001";"NE_0001"
"2023";"07";"120606";"JUNIN";"SATIPO";"PANGOA";"GOBIERNO REGIONAL";"I-1";"00000457";"BOCA KIATARI";"NE_0001";"";"NE_0001";"NE_0001";"NE_0001";"NE_0001";"NE_0001";"NE_0001";"NE_0001"
"2023";"07";"120606";"JUNIN";"SATIPO";"PANGOA";"GOBIERNO REGIONAL";"I-1";"00021801";"SANTA CRUZ DE ANAPATI";"NE_0001";"";"NE_0001";"NE_0001";"NE_0001";"NE_0001";"NE_0001";"NE_0001";"NE_0001"
"2023";"07";"120606";"JUNIN";"SATIPO";"PANGOA";"GOBIERNO REGIONAL";"I-1";"00027800";"MAVENI";"NE_0001";"";"NE_0001";"NE_0001";"NE_0001";"NE_0001";"NE_0001";"NE_0001";"NE_0001"
"2023";"07";"120606";"JUNIN";"SATIPO";"PANGOA";"GOBIERNO REGIONAL";"I-1";"00000454";"CAMPIRUSHARI";"NE_0001";"";"NE_0001";"NE_0001";"NE_0001";"NE_0001";"NE_0001";"NE_0001";"NE_0001"
"2023";"07";"120606";"JUNIN";"SATIPO";"PANGOA";"GOBIERNO REGIONAL";"I-1";"00021805";"SAN JUAN DE SANGARENI";"NE_0001";"";"NE_0001";"NE_0001";"NE_0001";"NE_0001";"NE_0001";"NE_0001";"NE_0001"
"2023";"07";"120606";"JUNIN";"SATIPO";"PANGOA";"GOBIERNO REGIONAL";"I-1";"00021806";"LIBERTAD DE ANAPATI";"NE_0001";"";"NE_0001";"NE_0001";"NE_0001";"NE_0001";"NE_0001";"NE_0001";"NE_0001"
"2023";"07";"120606";"JUNIN";"SATIPO";"PANGOA";"GOBIERNO REGIONAL";"I-1";"00024571";"PUERTO PORVENIR";"NE_0001";"";"NE_0001";"NE_0001";"NE_0001";"NE_0001";"NE_0001";"NE_0001";"NE_0001"
"2023";"07";"120606";"JUNIN";"SATIPO";"PANGOA";"GOBIERNO REGIONAL";"I-1";"00000455";"JERUSALEN DE MIÑARO DE NOMESTSIGUENGA";"NE_0001";"";"NE_0001";"NE_0001";"NE_0001";"NE_0001";"NE_0001";"NE_0001";"NE_0001"
"2023";"07";"120606";"JUNIN";"SATIPO";"PANGOA";"GOBIERNO REGIONAL";"I-1";"00027801";"PUERTO ANAPATI";"NE_0001";"";"NE_0001";"NE_0001";"NE_0001";"NE_0001";"NE_0001";"NE_0001";"NE_0001"
"2023";"07";"051011";"AYACUCHO";"VICTOR FAJARDO";"SARHUA";"GOBIERNO REGIONAL";"I-1";"00003505";"TOMANGA";"NE_0001";"";"NE_0001";"NE_0001";"NE_0001";"NE_0001";"NE_0001";"NE_0001";"NE_0001"
"2023";"07";"051011";"AYACUCHO";"VICTOR FAJARDO";"SARHUA";"GOBIERNO REGIONAL";"I-1";"00003500";"PUESTO DE SALUD CHUQUI HUARCAYA";"NE_0001";"";"NE_0001";"NE_0001";"NE_0001";"NE_0001";"NE_0001";"NE_0001";"NE_0001"
"2023";"07";"050202";"AYACUCHO";"CANGALLO";"CHUSCHI";"GOBIERNO REGIONAL";"I-3";"00003502";"CENTRO DE SALUD CHUSCHI";"241400";"HOSPITALIZACIÓN QUIRÚRGICA GINECO - OBSTETRICIA ";"1";"1";"1";"1";"2";"4";"0"
"2023";"07";"050202";"AYACUCHO";"CANGALLO";"CHUSCHI";"GOBIERNO REGIONAL";"I-1";"00003504";"PUESTO DE SALUD CANCHA CANCHA";"NE_0001";"";"NE_0001";"NE_0001";"NE_0001";"NE_0001";"NE_0001";"NE_0001";"NE_0001"
"2023";"07";"050204";"AYACUCHO";"CANGALLO";"MARIA PARADO DE BELLIDO";"GOBIERNO REGIONAL";"I-3";"00003509";"CENTRO DE SALUD POMABAMBA";"240100";"HOSPITALIZACIÓN QUIRÚRGICA CIRUGÍA GENERAL ";"4";"4";"9";"1";"2";"5";"0"
"2023";"07";"050204";"AYACUCHO";"CANGALLO";"MARIA PARADO DE BELLIDO";"GOBIERNO REGIONAL";"I-3";"00003509";"CENTRO DE SALUD POMABAMBA";"241400";"HOSPITALIZACIÓN QUIRÚRGICA GINECO - OBSTETRICIA ";"3";"3";"6";"2";"3";"4";"0"
"2023";"07";"051011";"AYACUCHO";"VICTOR FAJARDO";"SARHUA";"GOBIERNO REGIONAL";"I-3";"00003512";"PUESTO DE SALUD SARHUA";"NE_0002";"";"NE_0002";"NE_0002";"NE_0002";"NE_0002";"NE_0002";"NE_0002";"NE_0002"
"2023";"07";"050202";"AYACUCHO";"CANGALLO";"CHUSCHI";"GOBIERNO REGIONAL";"I-1";"00003503";"PUESTO DE SALUD CHACOLLA";"NE_0001";"";"NE_0001";"NE_0001";"NE_0001";"NE_0001";"NE_0001";"NE_0001";"NE_0001"
"2023";"07";"051008";"AYACUCHO";"VICTOR FAJARDO";"HUAMANQUIQUIA";"GOBIERNO REGIONAL";"I-1";"00003832";"PUESTO DE SALUD PATARA";"NE_0001";"";"NE_0001";"NE_0001";"NE_0001";"NE_0001";"NE_0001";"NE_0001";"NE_0001"
"2023";"04";"210101";"PUNO";"PUNO";"PUNO";"ESSALUD";"II-E";"00025544";"HOSPITAL I CLINICA UNIVERSITARIA";"240000";"HOSPITALIZACIÓN";"26";"29";"219";"242";"7";"210";"0"
"2023";"04";"120501";"JUNIN";"JUNIN";"JUNIN";"GOBIERNO REGIONAL";"II-1";"00000519";"DE APOYO JUNIN";"241800";"HOSPITALIZACIÓN DE MEDICINA MEDICINA GENERAL ";"14";"11";"35";"38";"10";"300";"1"
"2023";"04";"120501";"JUNIN";"JUNIN";"JUNIN";"GOBIERNO REGIONAL";"II-1";"00000519";"DE APOYO JUNIN";"243200";"HOSPITALIZACIÓN DE PEDIATRÍA PEDIATRIA NEONATOLOGÍA";"6";"6";"19";"19";"4";"120";"0"
"2023";"04";"120501";"JUNIN";"JUNIN";"JUNIN";"GOBIERNO REGIONAL";"II-1";"00000519";"DE APOYO JUNIN";"242500";"HOSPITALIZACIÓN-PEDIATRÍA GENERAL-";"1";"1";"2";"2";"4";"120";"0"
"2023";"04";"120501";"JUNIN";"JUNIN";"JUNIN";"GOBIERNO REGIONAL";"II-1";"00000519";"DE APOYO JUNIN";"240100";"HOSPITALIZACIÓN QUIRÚRGICA CIRUGÍA GENERAL ";"9";"9";"35";"36";"10";"300";"0"
"2023";"04";"120501";"JUNIN";"JUNIN";"JUNIN";"GOBIERNO REGIONAL";"II-1";"00000519";"DE APOYO JUNIN";"241500";"HOSPITALIZACIÓN QUIRÚRGICA GINECOLOGÍA  ";"14";"17";"35";"35";"4";"120";"0"
"2023";"04";"120501";"JUNIN";"JUNIN";"JUNIN";"GOBIERNO REGIONAL";"II-1";"00000519";"DE APOYO JUNIN";"242200";"HOSPITALIZACIÓN DE MEDICINA PSIQUIATRÍA ";"1";"4";"32";"32";"10";"300";"0"
"2023";"04";"120501";"JUNIN";"JUNIN";"JUNIN";"GOBIERNO REGIONAL";"II-1";"00000519";"DE APOYO JUNIN";"241600";"HOSPITALIZACIÓN QUIRÚRGICA OBSTETRICIA   ";"22";"23";"48";"48";"4";"120";"0"
"2023";"05";"070106";"CALLAO";"CALLAO";"VENTANILLA";"GOBIERNO REGIONAL";"I-2";"00006255";"PUESTO DE SALUD VENTANILLA ALTA";"NE_0001";"";"NE_0001";"NE_0001";"NE_0001";"NE_0001";"NE_0001";"NE_0001";"NE_0001"
"2023";"05";"150113";"LIMA";"LIMA";"JESUS MARIA";"PRIVADO";"II-E";"00017173";"CLINICA PORVENIR";"240000";"HOSPITALIZACIÓN";"196";"191";"196";"149";"13";"403";"0"
"2023";"05";"200701";"PIURA";"TALARA";"PARIÑAS";"ESSALUD";"II-1";"00012243";"HOSPITAL II TALARA";"241800";"HOSPITALIZACIÓN DE MEDICINA MEDICINA GENERAL ";"56";"42";"194";"115";"9";"279";"5"
"2023";"05";"200701";"PIURA";"TALARA";"PARIÑAS";"ESSALUD";"II-1";"00012243";"HOSPITAL II TALARA";"240100";"HOSPITALIZACIÓN QUIRÚRGICA CIRUGÍA GENERAL ";"50";"44";"171";"138";"9";"279";"0"
"2023";"05";"200701";"PIURA";"TALARA";"PARIÑAS";"ESSALUD";"II-1";"00012243";"HOSPITAL II TALARA";"241400";"HOSPITALIZACIÓN QUIRÚRGICA GINECO - OBSTETRICIA ";"91";"81";"257";"209";"8";"248";"0"
"2023";"05";"200701";"PIURA";"TALARA";"PARIÑAS";"ESSALUD";"II-1";"00012243";"HOSPITAL II TALARA";"242300";"HOSPITALIZACIÓN DE PEDIATRÍA  PEDIATRÍA  GENERAL ";"38";"36";"119";"115";"6";"186";"0"
"2023";"06";"130203";"LA LIBERTAD";"ASCOPE";"CHOCOPE";"ESSALUD";"II-2";"00009037";"HOSPITAL II CHOCOPE";"241900";"HOSPITALIZACIÓN DE MEDICINA MEDICINA INTERNA ";"97";"98";"772";"770";"27";"810";"5"
"2023";"06";"130203";"LA LIBERTAD";"ASCOPE";"CHOCOPE";"ESSALUD";"II-2";"00009037";"HOSPITAL II CHOCOPE";"240100";"HOSPITALIZACIÓN QUIRÚRGICA CIRUGÍA GENERAL ";"92";"90";"333";"377";"14";"420";"0"
"2023";"06";"130203";"LA LIBERTAD";"ASCOPE";"CHOCOPE";"ESSALUD";"II-2";"00009037";"HOSPITAL II CHOCOPE";"241500";"HOSPITALIZACIÓN QUIRÚRGICA GINECOLOGÍA  ";"40";"38";"79";"56";"2";"60";"0"
"2023";"06";"130203";"LA LIBERTAD";"ASCOPE";"CHOCOPE";"ESSALUD";"II-2";"00009037";"HOSPITAL II CHOCOPE";"241600";"HOSPITALIZACIÓN QUIRÚRGICA OBSTETRICIA   ";"74";"74";"116";"107";"4";"120";"0"
"2023";"06";"130203";"LA LIBERTAD";"ASCOPE";"CHOCOPE";"ESSALUD";"II-2";"00009037";"HOSPITAL II CHOCOPE";"242300";"HOSPITALIZACIÓN DE PEDIATRÍA  PEDIATRÍA  GENERAL ";"36";"34";"125";"130";"5";"150";"0"
"2023";"06";"150117";"LIMA";"LIMA";"LOS OLIVOS";"PRIVADO";"II-E";"00018307";"CLINICA MARIA SRL";"240100";"HOSPITALIZACIÓN QUIRÚRGICA CIRUGÍA GENERAL ";"29";"29";"32";"32";"8";"208";"0"
"2023";"06";"150101";"LIMA";"LIMA";"LIMA";"ESSALUD";"I-3";"00008880";"CENTRO MEDICO ANCIJE";"NE_0001";"";"NE_0001";"NE_0001";"NE_0001";"NE_0001";"NE_0001";"NE_0001";"NE_0001"
"2023";"06";"220804";"SAN MARTIN";"RIOJA";"NUEVA CAJAMARCA";"GOBIERNO REGIONAL";"I-1";"00006287";"TAHUANTINSUYO";"NE_0001";"";"NE_0001";"NE_0001";"NE_0001";"NE_0001";"NE_0001";"NE_0001";"NE_0001"
"2023";"06";"220804";"SAN MARTIN";"RIOJA";"NUEVA CAJAMARCA";"GOBIERNO REGIONAL";"I-1";"00006284";"LA FLORIDA";"NE_0001";"";"NE_0001";"NE_0001";"NE_0001";"NE_0001";"NE_0001";"NE_0001";"NE_0001"
"2023";"06";"220804";"SAN MARTIN";"RIOJA";"NUEVA CAJAMARCA";"GOBIERNO REGIONAL";"I-1";"00006285";"LA UNION";"NE_0001";"";"NE_0001";"NE_0001";"NE_0001";"NE_0001";"NE_0001";"NE_0001";"NE_0001"
"2023";"06";"220804";"SAN MARTIN";"RIOJA";"NUEVA CAJAMARCA";"GOBIERNO REGIONAL";"I-1";"00006286";"PALESTINA";"NE_0001";"";"NE_0001";"NE_0001";"NE_0001";"NE_0001";"NE_0001";"NE_0001";"NE_0001"
"2023";"06";"220804";"SAN MARTIN";"RIOJA";"NUEVA CAJAMARCA";"GOBIERNO REGIONAL";"I-1";"00006288";"UCRANIA";"NE_0001";"";"NE_0001";"NE_0001";"NE_0001";"NE_0001";"NE_0001";"NE_0001";"NE_0001"
"2023";"06";"040103";"AREQUIPA";"AREQUIPA";"CAYMA";"GOBIERNO REGIONAL";"I-2";"00001244";"PUESTO DE SALUD LA TOMILLA";"NE_0001";"";"NE_0001";"NE_0001";"NE_0001";"NE_0001";"NE_0001";"NE_0001";"NE_0001"
"2023";"06";"040103";"AREQUIPA";"AREQUIPA";"CAYMA";"GOBIERNO REGIONAL";"I-3";"00001234";"CENTRO DE SALUD FRANCISCO BOLOGNESI";"NE_0001";"";"NE_0001";"NE_0001";"NE_0001";"NE_0001";"NE_0001";"NE_0001";"NE_0001"
"2023";"06";"040103";"AREQUIPA";"AREQUIPA";"CAYMA";"GOBIERNO REGIONAL";"I-3";"00006890";"PUESTO DE SALUD RAFAEL BELAUNDE";"NE_0001";"";"NE_0001";"NE_0001";"NE_0001";"NE_0001";"NE_0001";"NE_0001";"NE_0001"
"2023";"06";"040103";"AREQUIPA";"AREQUIPA";"CAYMA";"GOBIERNO REGIONAL";"I-3";"00027464";"CENTRO DE SALUD MENTAL COMUNITARIO CAYMA";"NE_0001";"";"NE_0001";"NE_0001";"NE_0001";"NE_0001";"NE_0001";"NE_0001";"NE_0001"
"2023";"06";"080701";"CUSCO";"CHUMBIVILCAS";"SANTO TOMAS";"GOBIERNO REGIONAL";"I-1";"00006981";"CCOYO";"NE_0001";"";"NE_0001";"NE_0001";"NE_0001";"NE_0001";"NE_0001";"NE_0001";"NE_0001"
"2023";"06";"080701";"CUSCO";"CHUMBIVILCAS";"SANTO TOMAS";"GOBIERNO REGIONAL";"I-1";"00006982";"MELLOTOTORA";"NE_0001";"";"NE_0001";"NE_0001";"NE_0001";"NE_0001";"NE_0001";"NE_0001";"NE_0001"
"2023";"06";"080706";"CUSCO";"CHUMBIVILCAS";"LLUSCO";"GOBIERNO REGIONAL";"I-2";"00006748";"COLLPA";"NE_0001";"";"NE_0001";"NE_0001";"NE_0001";"NE_0001";"NE_0001";"NE_0001";"NE_0001"
"2023";"06";"080701";"CUSCO";"CHUMBIVILCAS";"SANTO TOMAS";"GOBIERNO REGIONAL";"I-2";"00006746";"LLIQUE";"NE_0001";"";"NE_0001";"NE_0001";"NE_0001";"NE_0001";"NE_0001";"NE_0001";"NE_0001"
"2023";"06";"080701";"CUSCO";"CHUMBIVILCAS";"SANTO TOMAS";"GOBIERNO REGIONAL";"I-1";"00007111";"YAVINA";"NE_0001";"";"NE_0001";"NE_0001";"NE_0001";"NE_0001";"NE_0001";"NE_0001";"NE_0001"
"2023";"06";"150136";"LIMA";"LIMA";"SAN MIGUEL";"ESSALUD";"II-1";"00008564";"HOSPITAL I OCTAVIO MONGRUT MUÑOZ";"241900";"HOSPITALIZACIÓN DE MEDICINA MEDICINA INTERNA ";"64";"63";"429";"440";"21";"630";"6"
"2023";"06";"150136";"LIMA";"LIMA";"SAN MIGUEL";"ESSALUD";"II-1";"00008564";"HOSPITAL I OCTAVIO MONGRUT MUÑOZ";"240100";"HOSPITALIZACIÓN QUIRÚRGICA CIRUGÍA GENERAL ";"63";"60";"114";"120";"5";"156";"0"
"2023";"06";"150136";"LIMA";"LIMA";"SAN MIGUEL";"ESSALUD";"II-1";"00008564";"HOSPITAL I OCTAVIO MONGRUT MUÑOZ";"241500";"HOSPITALIZACIÓN QUIRÚRGICA GINECOLOGÍA  ";"29";"31";"79";"72";"4";"113";"0"
"2023";"06";"150136";"LIMA";"LIMA";"SAN MIGUEL";"ESSALUD";"II-1";"00008564";"HOSPITAL I OCTAVIO MONGRUT MUÑOZ";"241600";"HOSPITALIZACIÓN QUIRÚRGICA OBSTETRICIA   ";"60";"61";"144";"137";"10";"296";"0"
"2023";"06";"150136";"LIMA";"LIMA";"SAN MIGUEL";"ESSALUD";"II-1";"00008564";"HOSPITAL I OCTAVIO MONGRUT MUÑOZ";"242300";"HOSPITALIZACIÓN DE PEDIATRÍA  PEDIATRÍA  GENERAL ";"58";"59";"150";"156";"11";"321";"0"
"2023";"06";"130111";"LA LIBERTAD";"TRUJILLO";"VICTOR LARCO HERRERA";"PRIVADO";"II-1";"00010581";"SANNA/SANCHEZ FERRER S.A.";"241900";"HOSPITALIZACIÓN DE MEDICINA MEDICINA INTERNA ";"21";"31";"119";"150";"8";"181";"5"
"2023";"06";"130111";"LA LIBERTAD";"TRUJILLO";"VICTOR LARCO HERRERA";"PRIVADO";"II-1";"00010581";"SANNA/SANCHEZ FERRER S.A.";"241400";"HOSPITALIZACIÓN QUIRÚRGICA GINECO - OBSTETRICIA ";"54";"62";"95";"157";"4";"219";"0"
"2023";"06";"130111";"LA LIBERTAD";"TRUJILLO";"VICTOR LARCO HERRERA";"PRIVADO";"II-1";"00010581";"SANNA/SANCHEZ FERRER S.A.";"242300";"HOSPITALIZACIÓN DE PEDIATRÍA  PEDIATRÍA  GENERAL ";"18";"27";"87";"114";"3";"141";"0"
"2023";"06";"130111";"LA LIBERTAD";"TRUJILLO";"VICTOR LARCO HERRERA";"PRIVADO";"II-1";"00010581";"SANNA/SANCHEZ FERRER S.A.";"240100";"HOSPITALIZACIÓN QUIRÚRGICA CIRUGÍA GENERAL ";"61";"57";"75";"132";"3";"189";"0"
"2023";"06";"130111";"LA LIBERTAD";"TRUJILLO";"VICTOR LARCO HERRERA";"PRIVADO";"II-1";"00010581";"SANNA/SANCHEZ FERRER S.A.";"241200";"HOSPITALIZACIÓN QUIRÚRGICA TRAUMATOLOGÍA Y ORTOPEDIA ";"49";"48";"126";"174";"5";"222";"0"
"2023";"06";"130111";"LA LIBERTAD";"TRUJILLO";"VICTOR LARCO HERRERA";"PRIVADO";"II-1";"00010581";"SANNA/SANCHEZ FERRER S.A.";"240900";"HOSPITALIZACIÓN QUIRÚRGICA NEUROCIRUGÍA ";"14";"7";"32";"39";"3";"46";"0"
"2023";"06";"130111";"LA LIBERTAD";"TRUJILLO";"VICTOR LARCO HERRERA";"PRIVADO";"II-1";"00010581";"SANNA/SANCHEZ FERRER S.A.";"244300";"HOSPITALIZACIÓN DE MEDICINA GASTROENTEROLOGÍA  ";"4";"5";"21";"26";"2";"31";"0"
"2023";"06";"130111";"LA LIBERTAD";"TRUJILLO";"VICTOR LARCO HERRERA";"PRIVADO";"II-1";"00010581";"SANNA/SANCHEZ FERRER S.A.";"241300";"HOSPITALIZACIÓN QUIRÚRGICA UROLOGÍA  ";"10";"11";"21";"32";"2";"43";"0"
"2023";"06";"130111";"LA LIBERTAD";"TRUJILLO";"VICTOR LARCO HERRERA";"PRIVADO";"II-1";"00010581";"SANNA/SANCHEZ FERRER S.A.";"240200";"HOSPITALIZACIÓN QUIRÚRGICA CIRUGÍA DE CABEZA Y CUELLO / MÁXILO FACIAL ";"5";"11";"24";"35";"3";"46";"0"
"2023";"06";"130111";"LA LIBERTAD";"TRUJILLO";"VICTOR LARCO HERRERA";"PRIVADO";"II-1";"00010581";"SANNA/SANCHEZ FERRER S.A.";"240800";"HOSPITALIZACIÓN QUIRÚRGICA CIRUGÍA PLÁSTICA/RECONSTRUCTIVA/ REPARADORA ";"2";"3";"14";"17";"3";"20";"0"
"2023";"06";"130111";"LA LIBERTAD";"TRUJILLO";"VICTOR LARCO HERRERA";"PRIVADO";"II-1";"00010581";"SANNA/SANCHEZ FERRER S.A.";"240400";"HOSPITALIZACIÓN QUIRÚRGICA CIRUGÍA DE TÓRAX Y CARDIOVASCULAR ";"3";"4";"19";"23";"3";"27";"0"
"2023";"06";"130111";"LA LIBERTAD";"TRUJILLO";"VICTOR LARCO HERRERA";"PRIVADO";"II-1";"00010581";"SANNA/SANCHEZ FERRER S.A.";"242100";"HOSPITALIZACIÓN DE MEDICINA ONCOLOGÍA MÉDICA ";"5";"2";"5";"7";"3";"9";"0"
"2023";"06";"130111";"LA LIBERTAD";"TRUJILLO";"VICTOR LARCO HERRERA";"PRIVADO";"II-1";"00010581";"SANNA/SANCHEZ FERRER S.A.";"241100";"HOSPITALIZACIÓN QUIRÚRGICA OTORRINOLARINGOLOGÍA  ";"2";"4";"6";"10";"1";"14";"0"
"2023";"06";"130111";"LA LIBERTAD";"TRUJILLO";"VICTOR LARCO HERRERA";"PRIVADO";"II-1";"00010581";"SANNA/SANCHEZ FERRER S.A.";"244700";"HOSPITALIZACIÓN DE MEDICINA NEUROLOGIA  ";"2";"4";"13";"17";"1";"21";"0"
"2023";"06";"130111";"LA LIBERTAD";"TRUJILLO";"VICTOR LARCO HERRERA";"PRIVADO";"II-1";"00010581";"SANNA/SANCHEZ FERRER S.A.";"240000";"HOSPITALIZACIÓN";"1";"6";"16";"22";"1";"28";"0"
"2023";"06";"130111";"LA LIBERTAD";"TRUJILLO";"VICTOR LARCO HERRERA";"PRIVADO";"II-1";"00010581";"SANNA/SANCHEZ FERRER S.A.";"241000";"HOSPITALIZACIÓN QUIRÚRGICA ONCOLOGÍA QUIRÚRGICA  ";"7";"2";"6";"8";"1";"10";"0"
"2023";"06";"080701";"CUSCO";"CHUMBIVILCAS";"SANTO TOMAS";"GOBIERNO REGIONAL";"I-2";"00008915";"PFULLPURI CONDEPAMPA";"NE_0001";"";"NE_0001";"NE_0001";"NE_0001";"NE_0001";"NE_0001";"NE_0001";"NE_0001"
"2023";"06";"080701";"CUSCO";"CHUMBIVILCAS";"SANTO TOMAS";"GOBIERNO REGIONAL";"I-1";"00006983";"ORCCOMA";"NE_0001";"";"NE_0001";"NE_0001";"NE_0001";"NE_0001";"NE_0001";"NE_0001";"NE_0001"
"2023";"06";"080707";"CUSCO";"CHUMBIVILCAS";"QUIÑOTA";"GOBIERNO REGIONAL";"I-1";"00007112";"YORENCCA";"NE_0001";"";"NE_0001";"NE_0001";"NE_0001";"NE_0001";"NE_0001";"NE_0001";"NE_0001"
"2023";"06";"080704";"CUSCO";"CHUMBIVILCAS";"COLQUEMARCA";"GOBIERNO REGIONAL";"I-1";"00008913";"HUARACO";"NE_0001";"";"NE_0001";"NE_0001";"NE_0001";"NE_0001";"NE_0001";"NE_0001";"NE_0001"
"2023";"06";"080701";"CUSCO";"CHUMBIVILCAS";"SANTO TOMAS";"GOBIERNO REGIONAL";"I-2";"00002400";"ALHUACCHULLO";"NE_0001";"";"NE_0001";"NE_0001";"NE_0001";"NE_0001";"NE_0001";"NE_0001";"NE_0001"
"2023";"06";"050701";"AYACUCHO";"PARINACOCHAS";"CORACORA";"GOBIERNO REGIONAL";"II-1";"00003523";"HOSPITAL DE APOYO DE CORACORA";"240100";"HOSPITALIZACIÓN QUIRÚRGICA CIRUGÍA GENERAL ";"11";"11";"43";"43";"8";"240";"0"
"2023";"06";"050701";"AYACUCHO";"PARINACOCHAS";"CORACORA";"GOBIERNO REGIONAL";"II-1";"00003523";"HOSPITAL DE APOYO DE CORACORA";"241400";"HOSPITALIZACIÓN QUIRÚRGICA GINECO - OBSTETRICIA ";"31";"31";"67";"67";"5";"150";"0"
"2023";"06";"050701";"AYACUCHO";"PARINACOCHAS";"CORACORA";"GOBIERNO REGIONAL";"II-1";"00003523";"HOSPITAL DE APOYO DE CORACORA";"241500";"HOSPITALIZACIÓN QUIRÚRGICA GINECOLOGÍA  ";"15";"15";"40";"40";"7";"210";"0"
"2023";"06";"050701";"AYACUCHO";"PARINACOCHAS";"CORACORA";"GOBIERNO REGIONAL";"II-1";"00003523";"HOSPITAL DE APOYO DE CORACORA";"241800";"HOSPITALIZACIÓN DE MEDICINA MEDICINA GENERAL ";"20";"21";"72";"72";"16";"450";"4"
"2023";"06";"050701";"AYACUCHO";"PARINACOCHAS";"CORACORA";"GOBIERNO REGIONAL";"II-1";"00003523";"HOSPITAL DE APOYO DE CORACORA";"242500";"HOSPITALIZACIÓN-PEDIATRÍA GENERAL-";"35";"36";"69";"69";"4";"120";"0"
"2023";"06";"110201";"ICA";"CHINCHA";"CHINCHA ALTA";"PRIVADO";"II-1";"00017493";"CLINICA GAXAY";"240000";"HOSPITALIZACIÓN";"35";"37";"39";"37";"7";"210";"0"
"2023";"06";"120601";"JUNIN";"SATIPO";"SATIPO";"GOBIERNO REGIONAL";"I-3";"00027078";"CENTRO DE SALUD MENTAL COMUNITARIO SATIPO";"NE_0001";"";"NE_0001";"NE_0001";"NE_0001";"NE_0001";"NE_0001";"NE_0001";"NE_0001"
"2023";"06";"120502";"JUNIN";"JUNIN";"CARHUAMAYO";"GOBIERNO REGIONAL";"I-3";"00000537";"CARHUAMAYO";"NE_0001";"";"NE_0001";"NE_0001";"NE_0001";"NE_0001";"NE_0001";"NE_0001";"NE_0001"
"2023";"06";"120504";"JUNIN";"JUNIN";"ULCUMAYO";"GOBIERNO REGIONAL";"I-1";"00000538";"LLAUPI";"NE_0001";"";"NE_0001";"NE_0001";"NE_0001";"NE_0001";"NE_0001";"NE_0001";"NE_0001"
"2023";"06";"120504";"JUNIN";"JUNIN";"ULCUMAYO";"GOBIERNO REGIONAL";"I-1";"00000540";"JACHAHUANCA";"NE_0001";"";"NE_0001";"NE_0001";"NE_0001";"NE_0001";"NE_0001";"NE_0001";"NE_0001"
"2023";"06";"120502";"JUNIN";"JUNIN";"CARHUAMAYO";"GOBIERNO REGIONAL";"I-3";"00030166";"CENTRO DE SALUD MENTAL COMUNITARIO CARHUAMAYO";"NE_0001";"";"NE_0001";"NE_0001";"NE_0001";"NE_0001";"NE_0001";"NE_0001";"NE_0001"
"2023";"06";"120501";"JUNIN";"JUNIN";"JUNIN";"GOBIERNO REGIONAL";"I-1";"00000536";"HUAYRE";"NE_0001";"";"NE_0001";"NE_0001";"NE_0001";"NE_0001";"NE_0001";"NE_0001";"NE_0001"
"2023";"06";"120504";"JUNIN";"JUNIN";"ULCUMAYO";"GOBIERNO REGIONAL";"I-1";"00000539";"PUYAY";"NE_0001";"";"NE_0001";"NE_0001";"NE_0001";"NE_0001";"NE_0001";"NE_0001";"NE_0001"
"2023";"06";"120504";"JUNIN";"JUNIN";"ULCUMAYO";"GOBIERNO REGIONAL";"I-1";"00000541";"CARAPACHO";"NE_0001";"";"NE_0001";"NE_0001";"NE_0001";"NE_0001";"NE_0001";"NE_0001";"NE_0001"
"2023";"06";"080108";"CUSCO";"CUSCO";"WANCHAQ";"ESSALUD";"III-1";"00010041";"ADOLFO GUEVARA VELASCO";"241900";"HOSPITALIZACIÓN DE MEDICINA MEDICINA INTERNA ";"10";"11";"49";"61";"4";"120";"0"
"2023";"06";"080108";"CUSCO";"CUSCO";"WANCHAQ";"ESSALUD";"III-1";"00010041";"ADOLFO GUEVARA VELASCO";"241900";"HOSPITALIZACIÓN DE MEDICINA MEDICINA INTERNA ";"0";"2";"5";"152";"6";"180";"0"
"2023";"06";"080108";"CUSCO";"CUSCO";"WANCHAQ";"ESSALUD";"III-1";"00010041";"ADOLFO GUEVARA VELASCO";"241900";"HOSPITALIZACIÓN DE MEDICINA MEDICINA INTERNA ";"45";"39";"334";"240";"8";"240";"0"
"2023";"06";"080108";"CUSCO";"CUSCO";"WANCHAQ";"ESSALUD";"III-1";"00010041";"ADOLFO GUEVARA VELASCO";"241900";"HOSPITALIZACIÓN DE MEDICINA MEDICINA INTERNA ";"10";"13";"276";"199";"7";"210";"1"
"2023";"06";"080108";"CUSCO";"CUSCO";"WANCHAQ";"ESSALUD";"III-1";"00010041";"ADOLFO GUEVARA VELASCO";"241900";"HOSPITALIZACIÓN DE MEDICINA MEDICINA INTERNA ";"17";"40";"507";"453";"16";"480";"0"
"2023";"06";"080108";"CUSCO";"CUSCO";"WANCHAQ";"ESSALUD";"III-1";"00010041";"ADOLFO GUEVARA VELASCO";"241900";"HOSPITALIZACIÓN DE MEDICINA MEDICINA INTERNA ";"4";"4";"37";"21";"2";"60";"0"
"2023";"06";"080108";"CUSCO";"CUSCO";"WANCHAQ";"ESSALUD";"III-1";"00010041";"ADOLFO GUEVARA VELASCO";"241900";"HOSPITALIZACIÓN DE MEDICINA MEDICINA INTERNA ";"99";"80";"1075";"1248";"46";"1380";"8"
"2023";"06";"080108";"CUSCO";"CUSCO";"WANCHAQ";"ESSALUD";"III-1";"00010041";"ADOLFO GUEVARA VELASCO";"241900";"HOSPITALIZACIÓN DE MEDICINA MEDICINA INTERNA ";"0";"1";"7";"291";"10";"300";"1"
"2023";"06";"080108";"CUSCO";"CUSCO";"WANCHAQ";"ESSALUD";"III-1";"00010041";"ADOLFO GUEVARA VELASCO";"241900";"HOSPITALIZACIÓN DE MEDICINA MEDICINA INTERNA ";"34";"26";"253";"210";"7";"210";"0"
"2023";"06";"080108";"CUSCO";"CUSCO";"WANCHAQ";"ESSALUD";"III-1";"00010041";"ADOLFO GUEVARA VELASCO";"241900";"HOSPITALIZACIÓN DE MEDICINA MEDICINA INTERNA ";"15";"16";"191";"227";"8";"240";"0"
"2023";"06";"080108";"CUSCO";"CUSCO";"WANCHAQ";"ESSALUD";"III-1";"00010041";"ADOLFO GUEVARA VELASCO";"242100";"HOSPITALIZACIÓN DE MEDICINA ONCOLOGÍA MÉDICA ";"75";"79";"555";"594";"20";"600";"10"
"2023";"06";"080108";"CUSCO";"CUSCO";"WANCHAQ";"ESSALUD";"III-1";"00010041";"ADOLFO GUEVARA VELASCO";"240200";"HOSPITALIZACIÓN QUIRÚRGICA CIRUGÍA DE CABEZA Y CUELLO / MÁXILO FACIAL ";"17";"14";"91";"175";"6";"180";"0"
"2023";"06";"080108";"CUSCO";"CUSCO";"WANCHAQ";"ESSALUD";"III-1";"00010041";"ADOLFO GUEVARA VELASCO";"240400";"HOSPITALIZACIÓN QUIRÚRGICA CIRUGÍA DE TÓRAX Y CARDIOVASCULAR ";"18";"24";"257";"227";"8";"240";"0"
"2023";"06";"080108";"CUSCO";"CUSCO";"WANCHAQ";"ESSALUD";"III-1";"00010041";"ADOLFO GUEVARA VELASCO";"241000";"HOSPITALIZACIÓN QUIRÚRGICA ONCOLOGÍA QUIRÚRGICA  ";"27";"34";"247";"141";"5";"150";"0"
"2023";"06";"080108";"CUSCO";"CUSCO";"WANCHAQ";"ESSALUD";"III-1";"00010041";"ADOLFO GUEVARA VELASCO";"240100";"HOSPITALIZACIÓN QUIRÚRGICA CIRUGÍA GENERAL ";"200";"193";"618";"660";"22";"660";"2"
"2023";"06";"080108";"CUSCO";"CUSCO";"WANCHAQ";"ESSALUD";"III-1";"00010041";"ADOLFO GUEVARA VELASCO";"240800";"HOSPITALIZACIÓN QUIRÚRGICA CIRUGÍA PLÁSTICA/RECONSTRUCTIVA/ REPARADORA ";"1";"1";"5";"21";"1";"30";"0"
"2023";"06";"080108";"CUSCO";"CUSCO";"WANCHAQ";"ESSALUD";"III-1";"00010041";"ADOLFO GUEVARA VELASCO";"240900";"HOSPITALIZACIÓN QUIRÚRGICA NEUROCIRUGÍA ";"19";"27";"375";"346";"12";"360";"0"
"2023";"06";"080108";"CUSCO";"CUSCO";"WANCHAQ";"ESSALUD";"III-1";"00010041";"ADOLFO GUEVARA VELASCO";"241200";"HOSPITALIZACIÓN QUIRÚRGICA TRAUMATOLOGÍA Y ORTOPEDIA ";"100";"112";"822";"687";"23";"690";"0"
"2023";"06";"080108";"CUSCO";"CUSCO";"WANCHAQ";"ESSALUD";"III-1";"00010041";"ADOLFO GUEVARA VELASCO";"241100";"HOSPITALIZACIÓN QUIRÚRGICA OTORRINOLARINGOLOGÍA  ";"43";"46";"189";"178";"6";"180";"0"
"2023";"06";"080108";"CUSCO";"CUSCO";"WANCHAQ";"ESSALUD";"III-1";"00010041";"ADOLFO GUEVARA VELASCO";"241300";"HOSPITALIZACIÓN QUIRÚRGICA UROLOGÍA  ";"47";"60";"395";"352";"12";"360";"0"
"2023";"06";"080108";"CUSCO";"CUSCO";"WANCHAQ";"ESSALUD";"III-1";"00010041";"ADOLFO GUEVARA VELASCO";"241500";"HOSPITALIZACIÓN QUIRÚRGICA GINECOLOGÍA  ";"108";"104";"316";"316";"16";"480";"0"
"2023";"06";"080108";"CUSCO";"CUSCO";"WANCHAQ";"ESSALUD";"III-1";"00010041";"ADOLFO GUEVARA VELASCO";"241600";"HOSPITALIZACIÓN QUIRÚRGICA OBSTETRICIA   ";"0";"142";"380";"397";"14";"420";"0"
"2023";"05";"060601";"CAJAMARCA";"CUTERVO";"CUTERVO";"GOBIERNO REGIONAL";"I-1";"00011064";"SAN LORENZO";"NE_0001";"";"NE_0001";"NE_0001";"NE_0001";"NE_0001";"NE_0001";"NE_0001";"NE_0001"
"2023";"05";"120606";"JUNIN";"SATIPO";"PANGOA";"GOBIERNO REGIONAL";"I-1";"00021797";"SAN JERONIMO";"NE_0001";"";"NE_0001";"NE_0001";"NE_0001";"NE_0001";"NE_0001";"NE_0001";"NE_0001"
"2023";"05";"120606";"JUNIN";"SATIPO";"PANGOA";"GOBIERNO REGIONAL";"I-1";"00021800";"LOS ÁNGELES DE EDEN";"NE_0001";"";"NE_0001";"NE_0001";"NE_0001";"NE_0001";"NE_0001";"NE_0001";"NE_0001"
"2023";"05";"120606";"JUNIN";"SATIPO";"PANGOA";"GOBIERNO REGIONAL";"I-1";"00021814";"CENTRO SAURENI";"NE_0001";"";"NE_0001";"NE_0001";"NE_0001";"NE_0001";"NE_0001";"NE_0001";"NE_0001"
"2023";"05";"120606";"JUNIN";"SATIPO";"PANGOA";"GOBIERNO REGIONAL";"I-3";"00000445";"SAN ANTONIO DE SONOMORO";"NE_0001";"";"NE_0001";"NE_0001";"NE_0001";"NE_0001";"NE_0001";"NE_0001";"NE_0001"
"2023";"05";"120606";"JUNIN";"SATIPO";"PANGOA";"GOBIERNO REGIONAL";"I-2";"00000448";"NAYLAM DE SONOMORO";"NE_0001";"";"NE_0001";"NE_0001";"NE_0001";"NE_0001";"NE_0001";"NE_0001";"NE_0001"
"2023";"05";"120606";"JUNIN";"SATIPO";"PANGOA";"GOBIERNO REGIONAL";"I-1";"00011138";"SANTA ELENA";"NE_0001";"";"NE_0001";"NE_0001";"NE_0001";"NE_0001";"NE_0001";"NE_0001";"NE_0001"
"2023";"05";"120606";"JUNIN";"SATIPO";"PANGOA";"GOBIERNO REGIONAL";"I-1";"00021803";"LOS MANANTIALES";"NE_0001";"";"NE_0001";"NE_0001";"NE_0001";"NE_0001";"NE_0001";"NE_0001";"NE_0001"
"2023";"05";"120606";"JUNIN";"SATIPO";"PANGOA";"GOBIERNO REGIONAL";"I-2";"00006880";"CIUDAD DE DIOS";"NE_0001";"";"NE_0001";"NE_0001";"NE_0001";"NE_0001";"NE_0001";"NE_0001";"NE_0001"
"2023";"06";"250101";"UCAYALI";"CORONEL PORTILLO";"CALLERIA";"PRIVADO";"II-1";"00012118";"CLÍNICA MONTE HOREB S.A.";"241200";"HOSPITALIZACIÓN QUIRÚRGICA TRAUMATOLOGÍA Y ORTOPEDIA ";"4";"5";"1";"1";"1";"35";"0"
"2023";"06";"250101";"UCAYALI";"CORONEL PORTILLO";"CALLERIA";"PRIVADO";"II-1";"00012118";"CLÍNICA MONTE HOREB S.A.";"241800";"HOSPITALIZACIÓN DE MEDICINA MEDICINA GENERAL ";"15";"17";"2";"2";"1";"31";"0"
"2023";"06";"060608";"CAJAMARCA";"CUTERVO";"SAN ANDRES DE CUTERVO";"GOBIERNO REGIONAL";"I-1";"00006868";"ILLUGAN";"NE_0001";"";"NE_0001";"NE_0001";"NE_0001";"NE_0001";"NE_0001";"NE_0001";"NE_0001"
"2023";"06";"060608";"CAJAMARCA";"CUTERVO";"SAN ANDRES DE CUTERVO";"GOBIERNO REGIONAL";"I-1";"00005036";"QUILLUGAY";"NE_0001";"";"NE_0001";"NE_0001";"NE_0001";"NE_0001";"NE_0001";"NE_0001";"NE_0001"
"2023";"06";"060608";"CAJAMARCA";"CUTERVO";"SAN ANDRES DE CUTERVO";"GOBIERNO REGIONAL";"I-1";"00006940";"PAJONAL";"NE_0001";"";"NE_0001";"NE_0001";"NE_0001";"NE_0001";"NE_0001";"NE_0001";"NE_0001"
"2023";"06";"060608";"CAJAMARCA";"CUTERVO";"SAN ANDRES DE CUTERVO";"GOBIERNO REGIONAL";"I-3";"00005034";"SAN ANDRES";"NE_0001";"";"NE_0001";"NE_0001";"NE_0001";"NE_0001";"NE_0001";"NE_0001";"NE_0001"
"2023";"06";"060608";"CAJAMARCA";"CUTERVO";"SAN ANDRES DE CUTERVO";"GOBIERNO REGIONAL";"I-1";"00005035";"LA FLOR";"NE_0001";"";"NE_0001";"NE_0001";"NE_0001";"NE_0001";"NE_0001";"NE_0001";"NE_0001"
"2023";"06";"120114";"JUNIN";"HUANCAYO";"EL TAMBO";"PRIVADO";"II-E";"00010250";"CLINICA OFTALMOLOGICA DEL CENTRO DEL PERU";"NE_0002";"";"NE_0002";"NE_0002";"NE_0002";"NE_0002";"NE_0002";"NE_0002";"NE_0002"
"2023";"06";"040603";"AREQUIPA";"CONDESUYOS";"CAYARANI";"GOBIERNO REGIONAL";"I-3";"00001440";"CENTRO DE SALUD CAYARANI";"NE_0001";"";"NE_0001";"NE_0001";"NE_0001";"NE_0001";"NE_0001";"NE_0001";"NE_0001"
"2023";"06";"040404";"AREQUIPA";"CASTILLA";"CHACHAS";"GOBIERNO REGIONAL";"I-2";"00001442";"PUESTO DE SALUD TOLCONI";"NE_0001";"";"NE_0001";"NE_0001";"NE_0001";"NE_0001";"NE_0001";"NE_0001";"NE_0001"
"2023";"06";"040505";"AREQUIPA";"CAYLLOMA";"CAYLLOMA";"GOBIERNO REGIONAL";"I-3";"00001422";"CENTRO DE SALUD CAYLLOMA";"NE_0001";"";"NE_0001";"NE_0001";"NE_0001";"NE_0001";"NE_0001";"NE_0001";"NE_0001"
"2023";"06";"040603";"AREQUIPA";"CONDESUYOS";"CAYARANI";"GOBIERNO REGIONAL";"I-2";"00007407";"PUESTO DE SALUD ARCATA";"NE_0001";"";"NE_0001";"NE_0001";"NE_0001";"NE_0001";"NE_0001";"NE_0001";"NE_0001"
"2023";"06";"040505";"AREQUIPA";"CAYLLOMA";"CAYLLOMA";"GOBIERNO REGIONAL";"I-2";"00001418";"PUESTO DE SALUD JACHAÑA";"NE_0001";"";"NE_0001";"NE_0001";"NE_0001";"NE_0001";"NE_0001";"NE_0001";"NE_0001"
"2023";"07";"220106";"SAN MARTIN";"MOYOBAMBA";"YANTALO";"GOBIERNO REGIONAL";"I-3";"00006318";"YANTALO";"NE_0002";"";"NE_0002";"NE_0002";"NE_0002";"NE_0002";"NE_0002";"NE_0002";"NE_0002"
"2023";"07";"050110";"AYACUCHO";"HUAMANGA";"SAN JUAN BAUTISTA";"GOBIERNO REGIONAL";"I-4";"00003598";"CENTRO DE SALUD DE SAN JUAN BAUTISTA";"NE_0001";"";"NE_0001";"NE_0001";"NE_0001";"NE_0001";"NE_0001";"NE_0001";"NE_0001"
"2023";"07";"050110";"AYACUCHO";"HUAMANGA";"SAN JUAN BAUTISTA";"GOBIERNO REGIONAL";"I-3";"00003600";"CENTRO DE SALUD MIRAFLORES";"NE_0001";"";"NE_0001";"NE_0001";"NE_0001";"NE_0001";"NE_0001";"NE_0001";"NE_0001"
"2023";"07";"050110";"AYACUCHO";"HUAMANGA";"SAN JUAN BAUTISTA";"GOBIERNO REGIONAL";"I-3";"00006882";"LOS OLIVOS";"NE_0001";"";"NE_0001";"NE_0001";"NE_0001";"NE_0001";"NE_0001";"NE_0001";"NE_0001"
"2023";"07";"050110";"AYACUCHO";"HUAMANGA";"SAN JUAN BAUTISTA";"GOBIERNO REGIONAL";"I-2";"00003599";"PUESTO DE SALUD ÑAHUINPUQUIO";"NE_0001";"";"NE_0001";"NE_0001";"NE_0001";"NE_0001";"NE_0001";"NE_0001";"NE_0001"
"2023";"01";"200501";"PIURA";"PAITA";"PAITA";"GOBIERNO REGIONAL";"II-1";"00002021";"HOSPITAL DE APOYO II - 1 NUESTRA SEÑORA DE LAS MERCEDES - PAITA";"240100";"HOSPITALIZACIÓN QUIRÚRGICA CIRUGÍA GENERAL ";"62";"55";"247";"247";"12";"372";"0"
"2023";"01";"200501";"PIURA";"PAITA";"PAITA";"GOBIERNO REGIONAL";"II-1";"00002021";"HOSPITAL DE APOYO II - 1 NUESTRA SEÑORA DE LAS MERCEDES - PAITA";"241500";"HOSPITALIZACIÓN QUIRÚRGICA GINECOLOGÍA  ";"8";"8";"56";"56";"2";"62";"0"
"2023";"01";"200501";"PIURA";"PAITA";"PAITA";"GOBIERNO REGIONAL";"II-1";"00002021";"HOSPITAL DE APOYO II - 1 NUESTRA SEÑORA DE LAS MERCEDES - PAITA";"241600";"HOSPITALIZACIÓN QUIRÚRGICA OBSTETRICIA   ";"189";"196";"401";"401";"18";"558";"0"
"2023";"01";"200501";"PIURA";"PAITA";"PAITA";"GOBIERNO REGIONAL";"II-1";"00002021";"HOSPITAL DE APOYO II - 1 NUESTRA SEÑORA DE LAS MERCEDES - PAITA";"241900";"HOSPITALIZACIÓN DE MEDICINA MEDICINA INTERNA ";"38";"31";"199";"199";"12";"372";"2"
"2023";"01";"200501";"PIURA";"PAITA";"PAITA";"GOBIERNO REGIONAL";"II-1";"00002021";"HOSPITAL DE APOYO II - 1 NUESTRA SEÑORA DE LAS MERCEDES - PAITA";"242500";"HOSPITALIZACIÓN-PEDIATRÍA GENERAL-";"20";"14";"79";"79";"10";"310";"0"
"2023";"01";"200501";"PIURA";"PAITA";"PAITA";"GOBIERNO REGIONAL";"II-1";"00002021";"HOSPITAL DE APOYO II - 1 NUESTRA SEÑORA DE LAS MERCEDES - PAITA";"243200";"HOSPITALIZACIÓN DE PEDIATRÍA PEDIATRIA NEONATOLOGÍA";"20";"15";"68";"68";"5";"155";"1"
"2023";"07";"150601";"LIMA";"HUARAL";"HUARAL";"GOBIERNO REGIONAL";"II-2";"00007637";"HOSPITAL SAN JUAN BAUTISTA HUARAL";"240100";"HOSPITALIZACIÓN QUIRÚRGICA CIRUGÍA GENERAL ";"75";"82";"193";"75";"11";"341";"2"
"2023";"07";"150601";"LIMA";"HUARAL";"HUARAL";"GOBIERNO REGIONAL";"II-2";"00007637";"HOSPITAL SAN JUAN BAUTISTA HUARAL";"241200";"HOSPITALIZACIÓN QUIRÚRGICA TRAUMATOLOGÍA Y ORTOPEDIA ";"10";"12";"161";"11";"8";"248";"0"
"2023";"07";"150601";"LIMA";"HUARAL";"HUARAL";"GOBIERNO REGIONAL";"II-2";"00007637";"HOSPITAL SAN JUAN BAUTISTA HUARAL";"241400";"HOSPITALIZACIÓN QUIRÚRGICA GINECO - OBSTETRICIA ";"123";"136";"368";"119";"25";"775";"0"
"2023";"07";"150601";"LIMA";"HUARAL";"HUARAL";"GOBIERNO REGIONAL";"II-2";"00007637";"HOSPITAL SAN JUAN BAUTISTA HUARAL";"241500";"HOSPITALIZACIÓN QUIRÚRGICA GINECOLOGÍA  ";"20";"20";"57";"38";"2";"62";"0"
"2023";"07";"150601";"LIMA";"HUARAL";"HUARAL";"GOBIERNO REGIONAL";"II-2";"00007637";"HOSPITAL SAN JUAN BAUTISTA HUARAL";"241800";"HOSPITALIZACIÓN DE MEDICINA MEDICINA GENERAL ";"75";"86";"456";"64";"14";"434";"7"
"2023";"07";"150601";"LIMA";"HUARAL";"HUARAL";"GOBIERNO REGIONAL";"II-2";"00007637";"HOSPITAL SAN JUAN BAUTISTA HUARAL";"242500";"HOSPITALIZACIÓN-PEDIATRÍA GENERAL-";"23";"27";"108";"30";"5";"155";"0"
"2023";"07";"150601";"LIMA";"HUARAL";"HUARAL";"GOBIERNO REGIONAL";"II-2";"00007637";"HOSPITAL SAN JUAN BAUTISTA HUARAL";"243200";"HOSPITALIZACIÓN DE PEDIATRÍA PEDIATRIA NEONATOLOGÍA";"6";"10";"27";"8";"5";"155";"0"
"2023";"07";"150601";"LIMA";"HUARAL";"HUARAL";"GOBIERNO REGIONAL";"II-2";"00007637";"HOSPITAL SAN JUAN BAUTISTA HUARAL";"250103";"UNIDAD DE CUIDADOS CRITICOS UNIDAD  DE CUIDADOS INTENSIVOS GENERALES  (UCI) MEDICINA";"10";"13";"75";"16";"8";"248";"2"
"2023";"07";"150601";"LIMA";"HUARAL";"HUARAL";"GOBIERNO REGIONAL";"II-2";"00007637";"HOSPITAL SAN JUAN BAUTISTA HUARAL";"250105";"UNIDAD DE CUIDADOS CRITICOS UNIDAD  DE CUIDADOS INTENSIVOS  (UCI) NEONATOLOGÍA";"2";"3";"32";"3";"2";"62";"0"
"2023";"07";"020101";"ANCASH";"HUARAZ";"HUARAZ";"GOBIERNO REGIONAL";"II-2";"00001543";"HOSPITAL ""VICTOR RAMOS GUARDIA"" - HUARAZ";"244000";"HOSPITALIZACIÓN DE MEDICINA CARDIOLOGIA ";"3";"5";"26";"26";"2";"62";"0"
"2023";"07";"020101";"ANCASH";"HUARAZ";"HUARAZ";"GOBIERNO REGIONAL";"II-2";"00001543";"HOSPITAL ""VICTOR RAMOS GUARDIA"" - HUARAZ";"244300";"HOSPITALIZACIÓN DE MEDICINA GASTROENTEROLOGÍA  ";"18";"21";"160";"189";"7";"217";"0"
"2023";"07";"020101";"ANCASH";"HUARAZ";"HUARAZ";"GOBIERNO REGIONAL";"II-2";"00001543";"HOSPITAL ""VICTOR RAMOS GUARDIA"" - HUARAZ";"241800";"HOSPITALIZACIÓN DE MEDICINA MEDICINA GENERAL ";"18";"30";"231";"167";"7";"217";"2"
"2023";"07";"020101";"ANCASH";"HUARAZ";"HUARAZ";"GOBIERNO REGIONAL";"II-2";"00001543";"HOSPITAL ""VICTOR RAMOS GUARDIA"" - HUARAZ";"245300";"HOSPITALIZACIÓN DE MEDICINA NEUMOLOGÍA  ";"32";"40";"370";"250";"9";"279";"7"
"2023";"07";"020101";"ANCASH";"HUARAZ";"HUARAZ";"GOBIERNO REGIONAL";"II-2";"00001543";"HOSPITAL ""VICTOR RAMOS GUARDIA"" - HUARAZ";"244700";"HOSPITALIZACIÓN DE MEDICINA NEUROLOGIA  ";"10";"13";"201";"117";"4";"124";"3"
"2023";"07";"020101";"ANCASH";"HUARAZ";"HUARAZ";"GOBIERNO REGIONAL";"II-2";"00001543";"HOSPITAL ""VICTOR RAMOS GUARDIA"" - HUARAZ";"242200";"HOSPITALIZACIÓN DE MEDICINA PSIQUIATRÍA ";"7";"11";"291";"172";"8";"248";"0"
"2023";"07";"020101";"ANCASH";"HUARAZ";"HUARAZ";"GOBIERNO REGIONAL";"II-2";"00001543";"HOSPITAL ""VICTOR RAMOS GUARDIA"" - HUARAZ";"240100";"HOSPITALIZACIÓN QUIRÚRGICA CIRUGÍA GENERAL ";"97";"116";"456";"470";"18";"558";"0"
"2023";"07";"020101";"ANCASH";"HUARAZ";"HUARAZ";"GOBIERNO REGIONAL";"II-2";"00001543";"HOSPITAL ""VICTOR RAMOS GUARDIA"" - HUARAZ";"240900";"HOSPITALIZACIÓN QUIRÚRGICA NEUROCIRUGÍA ";"9";"15";"116";"122";"4";"124";"0"
"2023";"07";"020101";"ANCASH";"HUARAZ";"HUARAZ";"GOBIERNO REGIONAL";"II-2";"00001543";"HOSPITAL ""VICTOR RAMOS GUARDIA"" - HUARAZ";"241200";"HOSPITALIZACIÓN QUIRÚRGICA TRAUMATOLOGÍA Y ORTOPEDIA ";"24";"45";"673";"720";"26";"806";"0"
"2023";"07";"020101";"ANCASH";"HUARAZ";"HUARAZ";"GOBIERNO REGIONAL";"II-2";"00001543";"HOSPITAL ""VICTOR RAMOS GUARDIA"" - HUARAZ";"241300";"HOSPITALIZACIÓN QUIRÚRGICA UROLOGÍA  ";"8";"9";"33";"31";"2";"62";"0"
"2023";"07";"020101";"ANCASH";"HUARAZ";"HUARAZ";"GOBIERNO REGIONAL";"II-2";"00001543";"HOSPITAL ""VICTOR RAMOS GUARDIA"" - HUARAZ";"241100";"HOSPITALIZACIÓN QUIRÚRGICA OTORRINOLARINGOLOGÍA  ";"1";"1";"1";"1";"1";"31";"0"
"2023";"07";"020101";"ANCASH";"HUARAZ";"HUARAZ";"GOBIERNO REGIONAL";"II-2";"00001543";"HOSPITAL ""VICTOR RAMOS GUARDIA"" - HUARAZ";"241500";"HOSPITALIZACIÓN QUIRÚRGICA GINECOLOGÍA  ";"17";"20";"60";"53";"3";"93";"0"
"2023";"07";"020101";"ANCASH";"HUARAZ";"HUARAZ";"GOBIERNO REGIONAL";"II-2";"00001543";"HOSPITAL ""VICTOR RAMOS GUARDIA"" - HUARAZ";"241600";"HOSPITALIZACIÓN QUIRÚRGICA OBSTETRICIA   ";"293";"318";"761";"535";"24";"744";"0"
"2023";"07";"020101";"ANCASH";"HUARAZ";"HUARAZ";"GOBIERNO REGIONAL";"II-2";"00001543";"HOSPITAL ""VICTOR RAMOS GUARDIA"" - HUARAZ";"242500";"HOSPITALIZACIÓN-PEDIATRÍA GENERAL-";"61";"69";"347";"266";"14";"434";"1"
"2023";"07";"020101";"ANCASH";"HUARAZ";"HUARAZ";"GOBIERNO REGIONAL";"II-2";"00001543";"HOSPITAL ""VICTOR RAMOS GUARDIA"" - HUARAZ";"243200";"HOSPITALIZACIÓN DE PEDIATRÍA PEDIATRIA NEONATOLOGÍA";"34";"42";"353";"436";"15";"465";"2"
"2023";"07";"020101";"ANCASH";"HUARAZ";"HUARAZ";"GOBIERNO REGIONAL";"II-2";"00001543";"HOSPITAL ""VICTOR RAMOS GUARDIA"" - HUARAZ";"250000";"UNIDAD DE CUIDADOS CRITICOS  ";"7";"11";"142";"223";"8";"248";"8"
"2023";"07";"021909";"ANCASH";"SIHUAS";"SAN JUAN";"GOBIERNO REGIONAL";"I-2";"00001808";"PUESTO DE SALUD SAN JUAN CHULLIN";"NE_0002";"";"NE_0002";"NE_0002";"NE_0002";"NE_0002";"NE_0002";"NE_0002";"NE_0002"
"2023";"07";"021909";"ANCASH";"SIHUAS";"SAN JUAN";"GOBIERNO REGIONAL";"I-1";"00001810";"PUESTO DE SALUD CHINCHOBAMBA";"NE_0002";"";"NE_0002";"NE_0002";"NE_0002";"NE_0002";"NE_0002";"NE_0002";"NE_0002"
"2023";"07";"021904";"ANCASH";"SIHUAS";"CASHAPAMPA";"GOBIERNO REGIONAL";"I-1";"00001797";"PUESTO DE SALUD CASHAPAMPA";"NE_0002";"";"NE_0002";"NE_0002";"NE_0002";"NE_0002";"NE_0002";"NE_0002";"NE_0002"
"2023";"07";"021906";"ANCASH";"SIHUAS";"HUAYLLABAMBA";"GOBIERNO REGIONAL";"I-1";"00001804";"PUESTO DE SALUD PIRPO";"NE_0002";"";"NE_0002";"NE_0002";"NE_0002";"NE_0002";"NE_0002";"NE_0002";"NE_0002"
"2023";"07";"021906";"ANCASH";"SIHUAS";"HUAYLLABAMBA";"GOBIERNO REGIONAL";"I-2";"00001803";"PUESTO DE SALUD SANTA CLARA";"NE_0002";"";"NE_0002";"NE_0002";"NE_0002";"NE_0002";"NE_0002";"NE_0002";"NE_0002"
"2023";"07";"021909";"ANCASH";"SIHUAS";"SAN JUAN";"GOBIERNO REGIONAL";"I-1";"00007449";"PUESTO DE SALUD PARIASHPAMPA";"NE_0002";"";"NE_0002";"NE_0002";"NE_0002";"NE_0002";"NE_0002";"NE_0002";"NE_0002"
"2023";"07";"021910";"ANCASH";"SIHUAS";"SICSIBAMBA";"GOBIERNO REGIONAL";"I-2";"00001811";"PUESTO DE SALUD SICSIBAMBA";"NE_0002";"";"NE_0002";"NE_0002";"NE_0002";"NE_0002";"NE_0002";"NE_0002";"NE_0002"
"2023";"07";"021910";"ANCASH";"SIHUAS";"SICSIBAMBA";"GOBIERNO REGIONAL";"I-1";"00001812";"PUESTO DE SALUD UMBE";"NE_0002";"";"NE_0002";"NE_0002";"NE_0002";"NE_0002";"NE_0002";"NE_0002";"NE_0002"
"2023";"07";"021901";"ANCASH";"SIHUAS";"SIHUAS";"GOBIERNO REGIONAL";"I-1";"00009731";"PUESTO DE SALUD SAURAPA";"NE_0002";"";"NE_0002";"NE_0002";"NE_0002";"NE_0002";"NE_0002";"NE_0002";"NE_0002"
"2023";"07";"021906";"ANCASH";"SIHUAS";"HUAYLLABAMBA";"GOBIERNO REGIONAL";"I-3";"00001802";"CENTRO DE SALUD HUAYLLABAMBA";"NE_0002";"";"NE_0002";"NE_0002";"NE_0002";"NE_0002";"NE_0002";"NE_0002";"NE_0002"
"2023";"07";"021908";"ANCASH";"SIHUAS";"RAGASH";"GOBIERNO REGIONAL";"I-1";"00009734";"PUESTO DE SALUD QUINGAO";"NE_0002";"";"NE_0002";"NE_0002";"NE_0002";"NE_0002";"NE_0002";"NE_0002";"NE_0002"
"2023";"07";"130101";"LA LIBERTAD";"TRUJILLO";"TRUJILLO";"PRIVADO";"II-E";"00029964";"OFTALMOCENTER";"NE_0001";"";"NE_0001";"NE_0001";"NE_0001";"NE_0001";"NE_0001";"NE_0001";"NE_0001"
"2023";"07";"040401";"AREQUIPA";"CASTILLA";"APLAO";"ESSALUD";"I-3";"00013299";"CENTRO MEDICO APLAO";"NE_0001";"";"NE_0001";"NE_0001";"NE_0001";"NE_0001";"NE_0001";"NE_0001";"NE_0001"
"2023";"07";"150113";"LIMA";"LIMA";"JESUS MARIA";"PRIVADO";"II-E";"00009089";"ONCOGYN CLINICA INTEGRAL";"241400";"HOSPITALIZACIÓN QUIRÚRGICA GINECO - OBSTETRICIA ";"1";"1";"1";"1";"4";"124";"0"
"2023";"07";"200501";"PIURA";"PAITA";"PAITA";"ESSALUD";"I-4";"00011763";"HOSPITAL I MIGUEL CRUZADO VERA - PAITA";"241800";"HOSPITALIZACIÓN DE MEDICINA MEDICINA GENERAL ";"64";"66";"313";"293";"9";"403";"2"
"2023";"07";"200501";"PIURA";"PAITA";"PAITA";"ESSALUD";"I-4";"00011763";"HOSPITAL I MIGUEL CRUZADO VERA - PAITA";"241500";"HOSPITALIZACIÓN QUIRÚRGICA GINECOLOGÍA  ";"2";"3";"14";"8";"1";"31";"0"
"2023";"07";"200501";"PIURA";"PAITA";"PAITA";"ESSALUD";"I-4";"00011763";"HOSPITAL I MIGUEL CRUZADO VERA - PAITA";"241400";"HOSPITALIZACIÓN QUIRÚRGICA GINECO - OBSTETRICIA ";"7";"6";"15";"13";"1";"31";"0"
"2023";"07";"200501";"PIURA";"PAITA";"PAITA";"ESSALUD";"I-4";"00011763";"HOSPITAL I MIGUEL CRUZADO VERA - PAITA";"242300";"HOSPITALIZACIÓN DE PEDIATRÍA  PEDIATRÍA  GENERAL ";"19";"19";"50";"40";"2";"62";"0"
"2023";"07";"110501";"ICA";"PISCO";"PISCO";"ESSALUD";"II-1";"00014147";"ANTONIO SKRABONJA ANTONCICH";"241800";"HOSPITALIZACIÓN DE MEDICINA MEDICINA GENERAL ";"50";"50";"294";"296";"18";"558";"2"
"2023";"07";"110501";"ICA";"PISCO";"PISCO";"ESSALUD";"II-1";"00014147";"ANTONIO SKRABONJA ANTONCICH";"250304";"HOSPIT. EN UNIDAD DE CUID.INTEN.-UNIDAD DE VIGILANCIA INTENSIVA (UVI)-MEDICINA";"24";"22";"44";"59";"4";"124";"3"
"2023";"07";"110501";"ICA";"PISCO";"PISCO";"ESSALUD";"II-1";"00014147";"ANTONIO SKRABONJA ANTONCICH";"240100";"HOSPITALIZACIÓN QUIRÚRGICA CIRUGÍA GENERAL ";"51";"53";"157";"177";"13";"403";"0"
"2023";"07";"110501";"ICA";"PISCO";"PISCO";"ESSALUD";"II-1";"00014147";"ANTONIO SKRABONJA ANTONCICH";"241500";"HOSPITALIZACIÓN QUIRÚRGICA GINECOLOGÍA  ";"12";"14";"46";"37";"4";"124";"0"
"2023";"07";"110501";"ICA";"PISCO";"PISCO";"ESSALUD";"II-1";"00014147";"ANTONIO SKRABONJA ANTONCICH";"241600";"HOSPITALIZACIÓN QUIRÚRGICA OBSTETRICIA   ";"92";"95";"199";"192";"8";"248";"0"
"2023";"07";"110501";"ICA";"PISCO";"PISCO";"ESSALUD";"II-1";"00014147";"ANTONIO SKRABONJA ANTONCICH";"242300";"HOSPITALIZACIÓN DE PEDIATRÍA  PEDIATRÍA  GENERAL ";"37";"31";"103";"125";"7";"217";"0"
"2023";"07";"080907";"CUSCO";"LA CONVENCION";"KIMBIRI";"GOBIERNO REGIONAL";"I-2";"00002470";"CHIRUMPIARI";"NE_0001";"";"NE_0001";"NE_0001";"NE_0001";"NE_0001";"NE_0001";"NE_0001";"NE_0001"
"2023";"07";"080913";"CUSCO";"LA CONVENCION";"VILLA KINTIARINA";"GOBIERNO REGIONAL";"I-2";"00008283";"PUEBLO LIBRE";"NE_0001";"";"NE_0001";"NE_0001";"NE_0001";"NE_0001";"NE_0001";"NE_0001";"NE_0001"
"2023";"07";"080907";"CUSCO";"LA CONVENCION";"KIMBIRI";"GOBIERNO REGIONAL";"I-3";"00002471";"LOBO TAHUANTINSUYO";"NE_0001";"";"NE_0001";"NE_0001";"NE_0001";"NE_0001";"NE_0001";"NE_0001";"NE_0001"
"2023";"07";"150110";"LIMA";"LIMA";"COMAS";"ESSALUD";"II-1";"00027565";"Hospital I Marino Molina Scippa - EsSalud";"241800";"HOSPITALIZACIÓN DE MEDICINA MEDICINA GENERAL ";"135";"129";"1039";"1100";"37";"1147";"5"
"2023";"07";"150110";"LIMA";"LIMA";"COMAS";"ESSALUD";"II-1";"00027565";"Hospital I Marino Molina Scippa - EsSalud";"240100";"HOSPITALIZACIÓN QUIRÚRGICA CIRUGÍA GENERAL ";"161";"162";"561";"559";"19";"589";"0"
"2023";"07";"150110";"LIMA";"LIMA";"COMAS";"ESSALUD";"II-1";"00027565";"Hospital I Marino Molina Scippa - EsSalud";"241600";"HOSPITALIZACIÓN QUIRÚRGICA OBSTETRICIA   ";"287";"290";"717";"693";"28";"868";"0"
"2023";"07";"150110";"LIMA";"LIMA";"COMAS";"ESSALUD";"II-1";"00027565";"Hospital I Marino Molina Scippa - EsSalud";"241500";"HOSPITALIZACIÓN QUIRÚRGICA GINECOLOGÍA  ";"23";"24";"117";"82";"3";"93";"0"
"2023";"07";"150110";"LIMA";"LIMA";"COMAS";"ESSALUD";"II-1";"00027565";"Hospital I Marino Molina Scippa - EsSalud";"242300";"HOSPITALIZACIÓN DE PEDIATRÍA  PEDIATRÍA  GENERAL ";"78";"74";"340";"364";"14";"434";"0"
"2023";"05";"070106";"CALLAO";"CALLAO";"VENTANILLA";"GOBIERNO REGIONAL";"I-2";"00006268";"PUESTO DE SALUD DEFENSORES DE LA PATRIA";"NE_0001";"";"NE_0001";"NE_0001";"NE_0001";"NE_0001";"NE_0001";"NE_0001";"NE_0001"
"2023";"05";"150130";"LIMA";"LIMA";"SAN BORJA";"PRIVADO";"II-E";"00015078";"NOVO Q";"NE_0001";"";"NE_0001";"NE_0001";"NE_0001";"NE_0001";"NE_0001";"NE_0001";"NE_0001"
"2023";"05";"040401";"AREQUIPA";"CASTILLA";"APLAO";"ESSALUD";"I-3";"00013299";"CENTRO MEDICO APLAO";"NE_0001";"";"NE_0001";"NE_0001";"NE_0001";"NE_0001";"NE_0001";"NE_0001";"NE_0001"
"2023";"01";"150120";"LIMA";"LIMA";"MAGDALENA DEL MAR";"PRIVADO";"II-E";"00025749";"MEDAVAN";"240000";"HOSPITALIZACIÓN";"56";"56";"63";"41";"4";"120";"0"
"2023";"06";"150135";"LIMA";"LIMA";"SAN MARTIN DE PORRES";"MINSA";"III-2";"00007733";"INSTITUTO NACIONAL DE SALUD MENTAL ""HONORIO DELGADO - HIDEYO NOGUCHI""";"242202";"HOSPITALIZACIÓN DE MEDICINA PSIQUIATRÍA PSIQUIATRÍA DEL ADULTO Y GERONTE";"19";"13";"1134";"1354";"49";"1470";"0"
"2023";"06";"150135";"LIMA";"LIMA";"SAN MARTIN DE PORRES";"MINSA";"III-2";"00007733";"INSTITUTO NACIONAL DE SALUD MENTAL ""HONORIO DELGADO - HIDEYO NOGUCHI""";"242203";"HOSPITALIZACIÓN DE MEDICINA PSIQUIATRÍA PSIQUIATRÍA DEL NIÑO Y DEL ADOLESCENTE";"7";"9";"404";"350";"12";"360";"0"
"2023";"06";"150135";"LIMA";"LIMA";"SAN MARTIN DE PORRES";"MINSA";"III-2";"00007733";"INSTITUTO NACIONAL DE SALUD MENTAL ""HONORIO DELGADO - HIDEYO NOGUCHI""";"242205";"HOSPITALIZACIÓN MEDICINA PSIQUIATRÍA PISIQUIATRIA/ SALUD MENTAL Y ADICCIONES";"10";"9";"437";"715";"27";"810";"0"
"2023";"06";"060804";"CAJAMARCA";"JAEN";"COLASAY";"GOBIERNO REGIONAL";"I-1";"00004240";"CUYCA";"NE_0001";"";"NE_0001";"NE_0001";"NE_0001";"NE_0001";"NE_0001";"NE_0001";"NE_0001"
"2023";"06";"060808";"CAJAMARCA";"JAEN";"PUCARA";"GOBIERNO REGIONAL";"I-4";"00004249";"PUCARA";"241800";"HOSPITALIZACIÓN DE MEDICINA MEDICINA GENERAL ";"4";"4";"5";"4";"08";"32";"0"
"2023";"06";"060808";"CAJAMARCA";"JAEN";"PUCARA";"GOBIERNO REGIONAL";"I-4";"00004249";"PUCARA";"241600";"HOSPITALIZACIÓN QUIRÚRGICA OBSTETRICIA   ";"10";"10";"11";"10";"04";"40";"0"
"2023";"06";"150122";"LIMA";"LIMA";"MIRAFLORES";"PRIVADO";"II-2";"00008746";"CLINICA GOOD HOPE";"240000";"HOSPITALIZACIÓN";"780";"889";"2926";"2652";"138";"4278";"6"
"2023";"06";"050101";"AYACUCHO";"HUAMANGA";"AYACUCHO";"PRIVADO";"II-1";"00008154";"CLINICA EL NAZARENO";"240100";"HOSPITALIZACIÓN QUIRÚRGICA CIRUGÍA GENERAL ";"2";"2";"2";"2";"1";"126";"0"
"2023";"06";"050101";"AYACUCHO";"HUAMANGA";"AYACUCHO";"PRIVADO";"II-1";"00008154";"CLINICA EL NAZARENO";"241400";"HOSPITALIZACIÓN QUIRÚRGICA GINECO - OBSTETRICIA ";"2";"2";"3";"3";"1";"116";"0"
"2023";"06";"050101";"AYACUCHO";"HUAMANGA";"AYACUCHO";"PRIVADO";"II-1";"00008154";"CLINICA EL NAZARENO";"242300";"HOSPITALIZACIÓN DE PEDIATRÍA  PEDIATRÍA  GENERAL ";"2";"2";"3";"3";"1";"116";"0"
"2023";"06";"050101";"AYACUCHO";"HUAMANGA";"AYACUCHO";"PRIVADO";"II-1";"00008154";"CLINICA EL NAZARENO";"241200";"HOSPITALIZACIÓN QUIRÚRGICA TRAUMATOLOGÍA Y ORTOPEDIA ";"1";"1";"1";"1";"1";"156";"0"
"2023";"06";"220907";"SAN MARTIN";"SAN MARTIN";"HUIMBAYOC";"GOBIERNO REGIONAL";"I-1";"00006443";"LECHE";"NE_0002";"";"NE_0002";"NE_0002";"NE_0002";"NE_0002";"NE_0002";"NE_0002";"NE_0002"
"2023";"06";"220907";"SAN MARTIN";"SAN MARTIN";"HUIMBAYOC";"GOBIERNO REGIONAL";"I-1";"00006441";"MIRAFLORES";"NE_0002";"";"NE_0002";"NE_0002";"NE_0002";"NE_0002";"NE_0002";"NE_0002";"NE_0002"
"2023";"06";"220907";"SAN MARTIN";"SAN MARTIN";"HUIMBAYOC";"GOBIERNO REGIONAL";"I-1";"00006447";"PUCALLPA";"NE_0002";"";"NE_0002";"NE_0002";"NE_0002";"NE_0002";"NE_0002";"NE_0002";"NE_0002"
"2023";"06";"220907";"SAN MARTIN";"SAN MARTIN";"HUIMBAYOC";"GOBIERNO REGIONAL";"I-3";"00006437";"HUIMBAYOC";"NE_0002";"";"NE_0002";"NE_0002";"NE_0002";"NE_0002";"NE_0002";"NE_0002";"NE_0002"
"2023";"06";"021801";"ANCASH";"SANTA";"CHIMBOTE";"GOBIERNO REGIONAL";"II-2";"00001652";"HOSPITAL LA CALETA";"242500";"HOSPITALIZACIÓN-PEDIATRÍA GENERAL-";"122";"123";"480";"451";"23";"690";"0"
"2023";"06";"021801";"ANCASH";"SANTA";"CHIMBOTE";"GOBIERNO REGIONAL";"II-2";"00001652";"HOSPITAL LA CALETA";"241600";"HOSPITALIZACIÓN QUIRÚRGICA OBSTETRICIA   ";"159";"160";"377";"376";"15";"450";"0"
"2023";"06";"021801";"ANCASH";"SANTA";"CHIMBOTE";"GOBIERNO REGIONAL";"II-2";"00001652";"HOSPITAL LA CALETA";"241500";"HOSPITALIZACIÓN QUIRÚRGICA GINECOLOGÍA  ";"19";"24";"116";"95";"4";"120";"0"
"2023";"06";"200115";"PIURA";"PIURA";"VEINTISEIS DE OCTUBRE";"GOBIERNO REGIONAL";"II-2";"00002084";"HOSPITAL DE LA AMISTAD PERU - COREA SANTA ROSA II-2";"240100";"HOSPITALIZACIÓN QUIRÚRGICA CIRUGÍA GENERAL ";"175";"175";"731";"972";"35";"1050";"1"
"2023";"06";"200115";"PIURA";"PIURA";"VEINTISEIS DE OCTUBRE";"GOBIERNO REGIONAL";"II-2";"00002084";"HOSPITAL DE LA AMISTAD PERU - COREA SANTA ROSA II-2";"241500";"HOSPITALIZACIÓN QUIRÚRGICA GINECOLOGÍA  ";"167";"167";"352";"362";"16";"480";"0"
"2023";"06";"200115";"PIURA";"PIURA";"VEINTISEIS DE OCTUBRE";"GOBIERNO REGIONAL";"II-2";"00002084";"HOSPITAL DE LA AMISTAD PERU - COREA SANTA ROSA II-2";"241600";"HOSPITALIZACIÓN QUIRÚRGICA OBSTETRICIA   ";"260";"260";"518";"552";"25";"750";"0"
"2023";"06";"200115";"PIURA";"PIURA";"VEINTISEIS DE OCTUBRE";"GOBIERNO REGIONAL";"II-2";"00002084";"HOSPITAL DE LA AMISTAD PERU - COREA SANTA ROSA II-2";"241800";"HOSPITALIZACIÓN DE MEDICINA MEDICINA GENERAL ";"391";"391";"1815";"1416";"50";"1500";"9"
"2023";"06";"200115";"PIURA";"PIURA";"VEINTISEIS DE OCTUBRE";"GOBIERNO REGIONAL";"II-2";"00002084";"HOSPITAL DE LA AMISTAD PERU - COREA SANTA ROSA II-2";"242500";"HOSPITALIZACIÓN-PEDIATRÍA GENERAL-";"55";"55";"335";"316";"13";"390";"0"
"2023";"06";"200115";"PIURA";"PIURA";"VEINTISEIS DE OCTUBRE";"GOBIERNO REGIONAL";"II-2";"00002084";"HOSPITAL DE LA AMISTAD PERU - COREA SANTA ROSA II-2";"243200";"HOSPITALIZACIÓN DE PEDIATRÍA PEDIATRIA NEONATOLOGÍA";"84";"84";"570";"574";"23";"690";"2"
"2023";"06";"021301";"ANCASH";"MARISCAL LUZURIAGA";"PISCOBAMBA";"GOBIERNO REGIONAL";"I-1";"00001784";"PUESTO DE SALUD SOCOSBAMBA";"NE_0001";"";"NE_0001";"NE_0001";"NE_0001";"NE_0001";"NE_0001";"NE_0001";"NE_0001"
"2023";"06";"021303";"ANCASH";"MARISCAL LUZURIAGA";"ELEAZAR GUZMAN BARRON";"GOBIERNO REGIONAL";"I-1";"00001786";"PUESTO DE SALUD PAMPACHACRA";"NE_0001";"";"NE_0001";"NE_0001";"NE_0001";"NE_0001";"NE_0001";"NE_0001";"NE_0001"
"2023";"06";"021303";"ANCASH";"MARISCAL LUZURIAGA";"ELEAZAR GUZMAN BARRON";"GOBIERNO REGIONAL";"I-1";"00001787";"PUESTO DE SALUD PUMPA";"NE_0001";"";"NE_0001";"NE_0001";"NE_0001";"NE_0001";"NE_0001";"NE_0001";"NE_0001"
"2023";"06";"021304";"ANCASH";"MARISCAL LUZURIAGA";"FIDEL OLIVAS ESCUDERO";"GOBIERNO REGIONAL";"I-1";"00001793";"PUESTO DE SALUD SANASHGAN";"NE_0001";"";"NE_0001";"NE_0001";"NE_0001";"NE_0001";"NE_0001";"NE_0001";"NE_0001"
"2023";"06";"021308";"ANCASH";"MARISCAL LUZURIAGA";"MUSGA";"GOBIERNO REGIONAL";"I-1";"00001792";"PUESTO DE SALUD MUSGA";"NE_0001";"";"NE_0001";"NE_0001";"NE_0001";"NE_0001";"NE_0001";"NE_0001";"NE_0001"
"2023";"06";"021304";"ANCASH";"MARISCAL LUZURIAGA";"FIDEL OLIVAS ESCUDERO";"GOBIERNO REGIONAL";"I-1";"00001794";"PUESTO DE SALUD PARCO";"NE_0001";"";"NE_0001";"NE_0001";"NE_0001";"NE_0001";"NE_0001";"NE_0001";"NE_0001"
"2023";"06";"021306";"ANCASH";"MARISCAL LUZURIAGA";"LLUMPA";"GOBIERNO REGIONAL";"I-2";"00001789";"PUESTO DE SALUD LLUMPA";"NE_0001";"";"NE_0001";"NE_0001";"NE_0001";"NE_0001";"NE_0001";"NE_0001";"NE_0001"
"2023";"06";"021301";"ANCASH";"MARISCAL LUZURIAGA";"PISCOBAMBA";"GOBIERNO REGIONAL";"I-1";"00001784";"PUESTO DE SALUD SOCOSBAMBA";"NE_0001";"";"NE_0001";"NE_0001";"NE_0001";"NE_0001";"NE_0001";"NE_0001";"NE_0001"
"2023";"06";"021303";"ANCASH";"MARISCAL LUZURIAGA";"ELEAZAR GUZMAN BARRON";"GOBIERNO REGIONAL";"I-1";"00001786";"PUESTO DE SALUD PAMPACHACRA";"NE_0001";"";"NE_0001";"NE_0001";"NE_0001";"NE_0001";"NE_0001";"NE_0001";"NE_0001"
"2023";"06";"021303";"ANCASH";"MARISCAL LUZURIAGA";"ELEAZAR GUZMAN BARRON";"GOBIERNO REGIONAL";"I-1";"00001787";"PUESTO DE SALUD PUMPA";"NE_0001";"";"NE_0001";"NE_0001";"NE_0001";"NE_0001";"NE_0001";"NE_0001";"NE_0001"
"2023";"06";"021305";"ANCASH";"MARISCAL LUZURIAGA";"LLAMA";"GOBIERNO REGIONAL";"I-2";"00001788";"PUESTO DE SALUD LLAMA";"NE_0001";"";"NE_0001";"NE_0001";"NE_0001";"NE_0001";"NE_0001";"NE_0001";"NE_0001"
"2023";"06";"021304";"ANCASH";"MARISCAL LUZURIAGA";"FIDEL OLIVAS ESCUDERO";"GOBIERNO REGIONAL";"I-1";"00001793";"PUESTO DE SALUD SANASHGAN";"NE_0001";"";"NE_0001";"NE_0001";"NE_0001";"NE_0001";"NE_0001";"NE_0001";"NE_0001"
"2023";"06";"021308";"ANCASH";"MARISCAL LUZURIAGA";"MUSGA";"GOBIERNO REGIONAL";"I-1";"00001792";"PUESTO DE SALUD MUSGA";"NE_0001";"";"NE_0001";"NE_0001";"NE_0001";"NE_0001";"NE_0001";"NE_0001";"NE_0001"
"2023";"06";"021301";"ANCASH";"MARISCAL LUZURIAGA";"PISCOBAMBA";"GOBIERNO REGIONAL";"I-4";"00001783";"CENTRO DE SALUD PISCOBAMBA";"241600";"HOSPITALIZACIÓN QUIRÚRGICA OBSTETRICIA   ";"5";"5";"12";"12";"5";"138";"0"
"2023";"06";"021301";"ANCASH";"MARISCAL LUZURIAGA";"PISCOBAMBA";"GOBIERNO REGIONAL";"I-4";"00001783";"CENTRO DE SALUD PISCOBAMBA";"241800";"HOSPITALIZACIÓN DE MEDICINA MEDICINA GENERAL ";"6";"6";"23";"23";"6";"157";"0"
"2023";"06";"021301";"ANCASH";"MARISCAL LUZURIAGA";"PISCOBAMBA";"GOBIERNO REGIONAL";"I-4";"00001783";"CENTRO DE SALUD PISCOBAMBA";"242300";"HOSPITALIZACIÓN DE PEDIATRÍA  PEDIATRÍA  GENERAL ";"1";"1";"5";"5";"1";"25";"0"
"2023";"06";"021304";"ANCASH";"MARISCAL LUZURIAGA";"FIDEL OLIVAS ESCUDERO";"GOBIERNO REGIONAL";"I-1";"00001794";"PUESTO DE SALUD PARCO";"NE_0001";"";"NE_0001";"NE_0001";"NE_0001";"NE_0001";"NE_0001";"NE_0001";"NE_0001"
"2023";"06";"120704";"JUNIN";"TARMA";"HUASAHUASI";"GOBIERNO REGIONAL";"I-1";"00000547";"CHIRAS";"NE_0001";"";"NE_0001";"NE_0001";"NE_0001";"NE_0001";"NE_0001";"NE_0001";"NE_0001"
"2023";"06";"120704";"JUNIN";"TARMA";"HUASAHUASI";"GOBIERNO REGIONAL";"I-1";"00000544";"PUNRAY";"NE_0001";"";"NE_0001";"NE_0001";"NE_0001";"NE_0001";"NE_0001";"NE_0001";"NE_0001"
"2023";"06";"120704";"JUNIN";"TARMA";"HUASAHUASI";"GOBIERNO REGIONAL";"I-1";"00000543";"CASCA";"NE_0001";"";"NE_0001";"NE_0001";"NE_0001";"NE_0001";"NE_0001";"NE_0001";"NE_0001"
"2023";"06";"120704";"JUNIN";"TARMA";"HUASAHUASI";"GOBIERNO REGIONAL";"I-4";"00000542";"HUASAHUASI";"241600";"HOSPITALIZACIÓN QUIRÚRGICA OBSTETRICIA   ";"5";"5";"5";"5";"5";"150";"0"
"2023";"06";"120704";"JUNIN";"TARMA";"HUASAHUASI";"GOBIERNO REGIONAL";"I-1";"00000546";"SAN JUAN DE LA LIBERTAD";"NE_0001";"";"NE_0001";"NE_0001";"NE_0001";"NE_0001";"NE_0001";"NE_0001";"NE_0001"
"2023";"06";"120704";"JUNIN";"TARMA";"HUASAHUASI";"GOBIERNO REGIONAL";"I-1";"00000545";"HUACUAS";"NE_0001";"";"NE_0001";"NE_0001";"NE_0001";"NE_0001";"NE_0001";"NE_0001";"NE_0001"
"2023";"06";"120704";"JUNIN";"TARMA";"HUASAHUASI";"GOBIERNO REGIONAL";"I-1";"00000548";"TIAMBRA";"NE_0001";"";"NE_0001";"NE_0001";"NE_0001";"NE_0001";"NE_0001";"NE_0001";"NE_0001"
"2023";"06";"110101";"ICA";"ICA";"ICA";"PRIVADO";"II-E";"00009627";"SAN MARTIN";"240000";"HOSPITALIZACIÓN";"1";"1";"1";"1";"7";"210";"0"
"2023";"06";"150105";"LIMA";"LIMA";"BREÑA";"PRIVADO";"II-E";"00015718";"CLINICA SAN MARCOS";"240000";"HOSPITALIZACIÓN";"106";"109";"184";"184";"23";"713";"0"
"2023";"06";"120701";"JUNIN";"TARMA";"TARMA";"GOBIERNO REGIONAL";"I-1";"00000589";"VICORA CONGAS";"NE_0001";"";"NE_0001";"NE_0001";"NE_0001";"NE_0001";"NE_0001";"NE_0001";"NE_0001"
"2023";"06";"120701";"JUNIN";"TARMA";"TARMA";"GOBIERNO REGIONAL";"I-1";"00000591";"CARHUACATAC";"NE_0001";"";"NE_0001";"NE_0001";"NE_0001";"NE_0001";"NE_0001";"NE_0001";"NE_0001"
"2023";"06";"120701";"JUNIN";"TARMA";"TARMA";"GOBIERNO REGIONAL";"I-1";"00000585";"COCHAS";"NE_0001";"";"NE_0001";"NE_0001";"NE_0001";"NE_0001";"NE_0001";"NE_0001";"NE_0001"
"2023";"06";"120701";"JUNIN";"TARMA";"TARMA";"GOBIERNO REGIONAL";"I-1";"00000592";"PALCAPACCHA";"NE_0001";"";"NE_0001";"NE_0001";"NE_0001";"NE_0001";"NE_0001";"NE_0001";"NE_0001"
"2023";"06";"120701";"JUNIN";"TARMA";"TARMA";"GOBIERNO REGIONAL";"I-2";"00000587";"POMACHACA";"NE_0001";"";"NE_0001";"NE_0001";"NE_0001";"NE_0001";"NE_0001";"NE_0001";"NE_0001"
"2023";"06";"080105";"CUSCO";"CUSCO";"SAN SEBASTIAN";"PRIVADO";"II-E";"00024584";"VIRGEN GUADALUPE CUSCO";"240100";"HOSPITALIZACIÓN QUIRÚRGICA CIRUGÍA GENERAL ";"65";"65";"65";"65";"65";"67";"0"
"2023";"06";"080105";"CUSCO";"CUSCO";"SAN SEBASTIAN";"PRIVADO";"II-E";"00024584";"VIRGEN GUADALUPE CUSCO";"241800";"HOSPITALIZACIÓN DE MEDICINA MEDICINA GENERAL ";"3";"3";"3";"3";"3";"6";"0"
"2023";"06";"100402";"HUANUCO";"HUACAYBAMBA";"CANCHABAMBA";"GOBIERNO REGIONAL";"I-3";"00000878";"CANCHABAMBA";"NE_0001";"";"NE_0001";"NE_0001";"NE_0001";"NE_0001";"NE_0001";"NE_0001";"NE_0001"
"2023";"06";"100402";"HUANUCO";"HUACAYBAMBA";"CANCHABAMBA";"GOBIERNO REGIONAL";"I-1";"00000886";"VILLA FLORES DE RAJIN";"NE_0001";"";"NE_0001";"NE_0001";"NE_0001";"NE_0001";"NE_0001";"NE_0001";"NE_0001"
"2023";"07";"150116";"LIMA";"LIMA";"LINCE";"ESSALUD";"I-3";"00017695";"CENTRO DE ATENCION PRIMARIA III ALFREDO PIAZZA ROBERTS-GSPN I Y II-RPA-ESSALUD";"NE_0001";"";"NE_0001";"NE_0001";"NE_0001";"NE_0001";"NE_0001";"NE_0001";"NE_0001"
"2023";"07";"070106";"CALLAO";"CALLAO";"VENTANILLA";"GOBIERNO REGIONAL";"I-2";"00032158";"CENTRO DE SALUD MENTAL COMUNITARIO VENTANILLA NORTE";"NE_0001";"";"NE_0001";"NE_0001";"NE_0001";"NE_0001";"NE_0001";"NE_0001";"NE_0001"
"2023";"07";"070107";"CALLAO";"CALLAO";"MI PERU";"GOBIERNO REGIONAL";"I-2";"00029381";"CENTRO DE SALUD MENTAL COMUNITARIO MI PERU";"NE_0001";"";"NE_0001";"NE_0001";"NE_0001";"NE_0001";"NE_0001";"NE_0001";"NE_0001"
"2023";"07";"070107";"CALLAO";"CALLAO";"MI PERU";"GOBIERNO REGIONAL";"I-4";"00006260";"CENTRO DE SALUD  MI PERU";"241800";"HOSPITALIZACIÓN DE MEDICINA MEDICINA GENERAL ";"19";"20";"20";"186";"6";"186";"0"
"2023";"07";"070106";"CALLAO";"CALLAO";"VENTANILLA";"GOBIERNO REGIONAL";"I-2";"00006261";"PUESTO DE SALUD LUIS FELIPE DE LAS CASAS";"NE_0001";"";"NE_0001";"NE_0001";"NE_0001";"NE_0001";"NE_0001";"NE_0001";"NE_0001"
"2023";"07";"040103";"AREQUIPA";"AREQUIPA";"CAYMA";"SANIDAD DE LA POLICIA NACIONAL DEL PERU";"II-1";"00011794";"HOSPITAL REGIONAL PNP AREQUIPA";"240100";"HOSPITALIZACIÓN QUIRÚRGICA CIRUGÍA GENERAL ";"34";"36";"174";"290";"20";"620";"0"
"2023";"07";"040103";"AREQUIPA";"AREQUIPA";"CAYMA";"SANIDAD DE LA POLICIA NACIONAL DEL PERU";"II-1";"00011794";"HOSPITAL REGIONAL PNP AREQUIPA";"241400";"HOSPITALIZACIÓN QUIRÚRGICA GINECO - OBSTETRICIA ";"12";"12";"30";"30";"3";"93";"0"
"2023";"07";"040103";"AREQUIPA";"AREQUIPA";"CAYMA";"SANIDAD DE LA POLICIA NACIONAL DEL PERU";"II-1";"00011794";"HOSPITAL REGIONAL PNP AREQUIPA";"241500";"HOSPITALIZACIÓN QUIRÚRGICA GINECOLOGÍA  ";"8";"8";"30";"30";"6";"186";"0"
"2023";"07";"040103";"AREQUIPA";"AREQUIPA";"CAYMA";"SANIDAD DE LA POLICIA NACIONAL DEL PERU";"II-1";"00011794";"HOSPITAL REGIONAL PNP AREQUIPA";"241800";"HOSPITALIZACIÓN DE MEDICINA MEDICINA GENERAL ";"28";"31";"290";"174";"20";"620";"3"
"2023";"07";"040103";"AREQUIPA";"AREQUIPA";"CAYMA";"SANIDAD DE LA POLICIA NACIONAL DEL PERU";"II-1";"00011794";"HOSPITAL REGIONAL PNP AREQUIPA";"242300";"HOSPITALIZACIÓN DE PEDIATRÍA  PEDIATRÍA  GENERAL ";"0";"1";"6";"6";"6";"186";"0"
"2023";"07";"150131";"LIMA";"LIMA";"SAN ISIDRO";"PRIVADO";"II-E";"00010739";"CLINICA OFTALMOLOGICA WONG";"NE_0001";"";"NE_0001";"NE_0001";"NE_0001";"NE_0001";"NE_0001";"NE_0001";"NE_0001"
"2023";"07";"060601";"CAJAMARCA";"CUTERVO";"CUTERVO";"GOBIERNO REGIONAL";"II-1";"00004981";"SANTA MARIA DE CUTERVO";"240100";"HOSPITALIZACIÓN QUIRÚRGICA CIRUGÍA GENERAL ";"40";"44";"108";"127";"7";"217";"0"
"2023";"07";"060601";"CAJAMARCA";"CUTERVO";"CUTERVO";"GOBIERNO REGIONAL";"II-1";"00004981";"SANTA MARIA DE CUTERVO";"241400";"HOSPITALIZACIÓN QUIRÚRGICA GINECO - OBSTETRICIA ";"134";"137";"240";"243";"12";"372";"0"
"2023";"07";"060601";"CAJAMARCA";"CUTERVO";"CUTERVO";"GOBIERNO REGIONAL";"II-1";"00004981";"SANTA MARIA DE CUTERVO";"241800";"HOSPITALIZACIÓN DE MEDICINA MEDICINA GENERAL ";"28";"32";"155";"153";"6";"186";"1"
"2023";"07";"060601";"CAJAMARCA";"CUTERVO";"CUTERVO";"GOBIERNO REGIONAL";"II-1";"00004981";"SANTA MARIA DE CUTERVO";"242500";"HOSPITALIZACIÓN-PEDIATRÍA GENERAL-";"31";"34";"93";"79";"5";"155";"1"
"2023";"07";"250101";"UCAYALI";"CORONEL PORTILLO";"CALLERIA";"PRIVADO";"II-E";"00027312";"Clínica Especializada Amazónica SAC";"240100";"HOSPITALIZACIÓN QUIRÚRGICA CIRUGÍA GENERAL ";"19";"19";"19";"19";"2";"62";"0"
"2023";"03";"040205";"AREQUIPA";"CAMANA";"NICOLAS DE PIEROLA";"GOBIERNO REGIONAL";"I-2";"00001361";"SONAY";"NE_0001";"";"NE_0001";"NE_0001";"NE_0001";"NE_0001";"NE_0001";"NE_0001";"NE_0001"
"2023";"03";"040205";"AREQUIPA";"CAMANA";"NICOLAS DE PIEROLA";"GOBIERNO REGIONAL";"I-2";"00001360";"PUESTO DE SALUD HACIENDA DEL MEDIO";"NE_0001";"";"NE_0001";"NE_0001";"NE_0001";"NE_0001";"NE_0001";"NE_0001";"NE_0001"
"2023";"03";"040205";"AREQUIPA";"CAMANA";"NICOLAS DE PIEROLA";"GOBIERNO REGIONAL";"I-3";"00001347";"CENTRO DE SALUD SAN GREGORIO";"NE_0001";"";"NE_0001";"NE_0001";"NE_0001";"NE_0001";"NE_0001";"NE_0001";"NE_0001"
"2023";"07";"081206";"CUSCO";"QUISPICANCHI";"CUSIPATA";"GOBIERNO REGIONAL";"I-1";"00006980";"CHILLIHUANI";"NE_0001";"";"NE_0001";"NE_0001";"NE_0001";"NE_0001";"NE_0001";"NE_0001";"NE_0001"
"2023";"07";"081207";"CUSCO";"QUISPICANCHI";"HUARO";"GOBIERNO REGIONAL";"I-1";"00002533";"URPAY";"NE_0001";"";"NE_0001";"NE_0001";"NE_0001";"NE_0001";"NE_0001";"NE_0001";"NE_0001"
"2023";"07";"081208";"CUSCO";"QUISPICANCHI";"LUCRE";"GOBIERNO REGIONAL";"I-2";"00002534";"LUCRE";"NE_0001";"";"NE_0001";"NE_0001";"NE_0001";"NE_0001";"NE_0001";"NE_0001";"NE_0001"
"2023";"07";"081212";"CUSCO";"QUISPICANCHI";"QUIQUIJANA";"GOBIERNO REGIONAL";"I-1";"00002539";"CCOLCA";"NE_0001";"";"NE_0001";"NE_0001";"NE_0001";"NE_0001";"NE_0001";"NE_0001";"NE_0001"
"2023";"03";"080503";"CUSCO";"CANAS";"KUNTURKANKI";"GOBIERNO REGIONAL";"I-4";"00007700";"EL DESCANSO";"NE_0001";"";"NE_0001";"NE_0001";"NE_0001";"NE_0001";"NE_0001";"NE_0001";"NE_0001"
"2023";"03";"080502";"CUSCO";"CANAS";"CHECCA";"GOBIERNO REGIONAL";"I-1";"00002367";"CHITIBAMBA";"NE_0001";"";"NE_0001";"NE_0001";"NE_0001";"NE_0001";"NE_0001";"NE_0001";"NE_0001"
"2023";"03";"080502";"CUSCO";"CANAS";"CHECCA";"GOBIERNO REGIONAL";"I-2";"00002366";"CHECCA";"NE_0001";"";"NE_0001";"NE_0001";"NE_0001";"NE_0001";"NE_0001";"NE_0001";"NE_0001"
"2023";"03";"080601";"CUSCO";"CANCHIS";"SICUANI";"GOBIERNO REGIONAL";"I-4";"00002380";"TECHO OBRERO";"NE_0001";"";"NE_0001";"NE_0001";"NE_0001";"NE_0001";"NE_0001";"NE_0001";"NE_0001"
"2023";"03";"080604";"CUSCO";"CANCHIS";"MARANGANI";"GOBIERNO REGIONAL";"I-1";"00002389";"CHECTUYOC";"NE_0001";"";"NE_0001";"NE_0001";"NE_0001";"NE_0001";"NE_0001";"NE_0001";"NE_0001"
"2023";"03";"080504";"CUSCO";"CANAS";"LANGUI";"GOBIERNO REGIONAL";"I-2";"00002369";"LANGUI";"NE_0001";"";"NE_0001";"NE_0001";"NE_0001";"NE_0001";"NE_0001";"NE_0001";"NE_0001"
"2023";"03";"080604";"CUSCO";"CANCHIS";"MARANGANI";"GOBIERNO REGIONAL";"I-1";"00002390";"CCUYO";"NE_0001";"";"NE_0001";"NE_0001";"NE_0001";"NE_0001";"NE_0001";"NE_0001";"NE_0001"
"2023";"03";"080604";"CUSCO";"CANCHIS";"MARANGANI";"GOBIERNO REGIONAL";"I-2";"00002391";"OCCOBAMBA MARANGANI";"NE_0001";"";"NE_0001";"NE_0001";"NE_0001";"NE_0001";"NE_0001";"NE_0001";"NE_0001"
"2023";"03";"080601";"CUSCO";"CANCHIS";"SICUANI";"GOBIERNO REGIONAL";"I-1";"00002379";"HERCCA";"NE_0001";"";"NE_0001";"NE_0001";"NE_0001";"NE_0001";"NE_0001";"NE_0001";"NE_0001"
"2023";"03";"080504";"CUSCO";"CANAS";"LANGUI";"GOBIERNO REGIONAL";"I-1";"00002370";"CONDEVILUYO";"NE_0001";"";"NE_0001";"NE_0001";"NE_0001";"NE_0001";"NE_0001";"NE_0001";"NE_0001"
"2023";"03";"080805";"CUSCO";"ESPINAR";"PALLPATA";"GOBIERNO REGIONAL";"I-3";"00002416";"PALLPATA";"NE_0001";"";"NE_0001";"NE_0001";"NE_0001";"NE_0001";"NE_0001";"NE_0001";"NE_0001"
"2023";"03";"080803";"CUSCO";"ESPINAR";"COPORAQUE";"GOBIERNO REGIONAL";"I-2";"00002412";"COPORAQUE";"NE_0001";"";"NE_0001";"NE_0001";"NE_0001";"NE_0001";"NE_0001";"NE_0001";"NE_0001"
"2023";"03";"080808";"CUSCO";"ESPINAR";"ALTO PICHIGUA";"GOBIERNO REGIONAL";"I-2";"00002420";"ACCOCUNCA";"NE_0001";"";"NE_0001";"NE_0001";"NE_0001";"NE_0001";"NE_0001";"NE_0001";"NE_0001"
"2023";"03";"080801";"CUSCO";"ESPINAR";"ESPINAR";"GOBIERNO REGIONAL";"I-1";"00006745";"TINTAYA MARQUIRI";"NE_0001";"";"NE_0001";"NE_0001";"NE_0001";"NE_0001";"NE_0001";"NE_0001";"NE_0001"
"2023";"03";"080801";"CUSCO";"ESPINAR";"ESPINAR";"GOBIERNO REGIONAL";"I-4";"00002410";"YAURI";"NE_0001";"";"NE_0001";"NE_0001";"NE_0001";"NE_0001";"NE_0001";"NE_0001";"NE_0001"
"2023";"03";"080806";"CUSCO";"ESPINAR";"PICHIGUA";"GOBIERNO REGIONAL";"I-1";"00002418";"SAN MIGUEL";"NE_0001";"";"NE_0001";"NE_0001";"NE_0001";"NE_0001";"NE_0001";"NE_0001";"NE_0001"
"2023";"03";"080804";"CUSCO";"ESPINAR";"OCORURO";"GOBIERNO REGIONAL";"I-2";"00002415";"OCCORURO";"NE_0001";"";"NE_0001";"NE_0001";"NE_0001";"NE_0001";"NE_0001";"NE_0001";"NE_0001"
"2023";"03";"080806";"CUSCO";"ESPINAR";"PICHIGUA";"GOBIERNO REGIONAL";"I-2";"00002417";"PICHIGUA ESPINAR";"NE_0001";"";"NE_0001";"NE_0001";"NE_0001";"NE_0001";"NE_0001";"NE_0001";"NE_0001"
"2023";"03";"080802";"CUSCO";"ESPINAR";"CONDOROMA";"GOBIERNO REGIONAL";"I-1";"00002411";"CONDOROMA";"NE_0001";"";"NE_0001";"NE_0001";"NE_0001";"NE_0001";"NE_0001";"NE_0001";"NE_0001"
"2023";"03";"080807";"CUSCO";"ESPINAR";"SUYCKUTAMBO";"GOBIERNO REGIONAL";"I-2";"00002419";"SUYKUTAMBO";"NE_0001";"";"NE_0001";"NE_0001";"NE_0001";"NE_0001";"NE_0001";"NE_0001";"NE_0001"
"2023";"03";"080803";"CUSCO";"ESPINAR";"COPORAQUE";"GOBIERNO REGIONAL";"I-2";"00002413";"URINSAYA";"NE_0001";"";"NE_0001";"NE_0001";"NE_0001";"NE_0001";"NE_0001";"NE_0001";"NE_0001"
"2023";"03";"080803";"CUSCO";"ESPINAR";"COPORAQUE";"GOBIERNO REGIONAL";"I-2";"00002414";"HUAYHUAHUASI";"NE_0001";"";"NE_0001";"NE_0001";"NE_0001";"NE_0001";"NE_0001";"NE_0001";"NE_0001"
"2023";"03";"070102";"CALLAO";"CALLAO";"BELLAVISTA";"PRIVADO";"I-2";"00023578";"CONSULTORIO MEDICO NUTRIMEDIC";"NE_0002";"";"NE_0002";"NE_0002";"NE_0002";"NE_0002";"NE_0002";"NE_0002";"NE_0002"
"2023";"02";"070102";"CALLAO";"CALLAO";"BELLAVISTA";"PRIVADO";"I-2";"00023578";"CONSULTORIO MEDICO NUTRIMEDIC";"NE_0002";"";"NE_0002";"NE_0002";"NE_0002";"NE_0002";"NE_0002";"NE_0002";"NE_0002"
"2023";"05";"070106";"CALLAO";"CALLAO";"VENTANILLA";"GOBIERNO REGIONAL";"I-2";"00006262";"PUESTO DE SALUD HIJOS DEL ALMIRANTE GRAU";"NE_0001";"";"NE_0001";"NE_0001";"NE_0001";"NE_0001";"NE_0001";"NE_0001";"NE_0001"
"2023";"05";"240101";"TUMBES";"TUMBES";"TUMBES";"SANIDAD DEL EJERCITO DEL PERU";"I-3";"00011996";"CENTRO DE SALUD MILITAR VIRGEN DE FÁTIMA DE LA 9ª BRIGADA BLINDADA";"NE_0001";"";"NE_0001";"NE_0001";"NE_0001";"NE_0001";"NE_0001";"NE_0001";"NE_0001"
"2023";"05";"110101";"ICA";"ICA";"ICA";"GOBIERNO REGIONAL";"I-2";"00003375";"SENOR DE LUREN";"NE_0001";"";"NE_0001";"NE_0001";"NE_0001";"NE_0001";"NE_0001";"NE_0001";"NE_0001"
"2023";"05";"110101";"ICA";"ICA";"ICA";"GOBIERNO REGIONAL";"I-3";"00003360";"SAN JOAQUIN";"NE_0001";"";"NE_0001";"NE_0001";"NE_0001";"NE_0001";"NE_0001";"NE_0001";"NE_0001"
"2023";"05";"110101";"ICA";"ICA";"ICA";"GOBIERNO REGIONAL";"I-2";"00003376";"CACHICHE";"NE_0001";"";"NE_0001";"NE_0001";"NE_0001";"NE_0001";"NE_0001";"NE_0001";"NE_0001"
"2023";"05";"110101";"ICA";"ICA";"ICA";"GOBIERNO REGIONAL";"I-3";"00003361";"LA PALMA GRANDE";"NE_0002";"";"NE_0002";"NE_0002";"NE_0002";"NE_0002";"NE_0002";"NE_0002";"NE_0002"
"2023";"05";"110101";"ICA";"ICA";"ICA";"MINSA";"I-2";"00003377";"EL HUARANGO";"NE_0001";"";"NE_0001";"NE_0001";"NE_0001";"NE_0001";"NE_0001";"NE_0001";"NE_0001"
"2023";"06";"070101";"CALLAO";"CALLAO";"CALLAO";"GOBIERNO REGIONAL";"I-2";"00006224";"PUESTO DE SALUD JOSE BOTERIN";"NE_0001";"";"NE_0001";"NE_0001";"NE_0001";"NE_0001";"NE_0001";"NE_0001";"NE_0001"
"2023";"06";"070101";"CALLAO";"CALLAO";"CALLAO";"GOBIERNO REGIONAL";"I-2";"00006222";"PUESTO DE SALUD CALLAO";"NE_0001";"";"NE_0001";"NE_0001";"NE_0001";"NE_0001";"NE_0001";"NE_0001";"NE_0001"
"2023";"06";"070101";"CALLAO";"CALLAO";"CALLAO";"GOBIERNO REGIONAL";"I-2";"00006223";"PUESTO DE SALUD SANTA FE";"NE_0001";"";"NE_0001";"NE_0001";"NE_0001";"NE_0001";"NE_0001";"NE_0001";"NE_0001"
"2023";"06";"120415";"JUNIN";"JAUJA";"MARCO";"GOBIERNO REGIONAL";"I-2";"00000385";"MARCO";"NE_0001";"";"NE_0001";"NE_0001";"NE_0001";"NE_0001";"NE_0001";"NE_0001";"NE_0001"
"2023";"06";"120426";"JUNIN";"JAUJA";"POMACANCHA";"GOBIERNO REGIONAL";"I-1";"00000389";"ARMONIA";"NE_0001";"";"NE_0001";"NE_0001";"NE_0001";"NE_0001";"NE_0001";"NE_0001";"NE_0001"
"2023";"06";"120422";"JUNIN";"JAUJA";"PACA";"GOBIERNO REGIONAL";"I-1";"00000386";"YANACANCHA";"NE_0001";"";"NE_0001";"NE_0001";"NE_0001";"NE_0001";"NE_0001";"NE_0001";"NE_0001"
"2023";"06";"120608";"JUNIN";"SATIPO";"RIO TAMBO";"GOBIERNO REGIONAL";"I-3";"00000517";"VALLE ESMERALDA";"NE_0001";"";"NE_0001";"NE_0001";"NE_0001";"NE_0001";"NE_0001";"NE_0001";"NE_0001"
"2023";"06";"120606";"JUNIN";"SATIPO";"PANGOA";"GOBIERNO REGIONAL";"I-1";"00000468";"MICAELA BASTIDAS MORALES";"NE_0001";"";"NE_0001";"NE_0001";"NE_0001";"NE_0001";"NE_0001";"NE_0001";"NE_0001"
"2023";"06";"120609";"JUNIN";"SATIPO";"VIZCATAN DEL ENE";"GOBIERNO REGIONAL";"I-1";"00000512";"TUNONTUARI RIO ENE";"NE_0001";"";"NE_0001";"NE_0001";"NE_0001";"NE_0001";"NE_0001";"NE_0001";"NE_0001"
"2023";"06";"120609";"JUNIN";"SATIPO";"VIZCATAN DEL ENE";"GOBIERNO REGIONAL";"I-2";"00000507";"BOCA MANTARO";"NE_0001";"";"NE_0001";"NE_0001";"NE_0001";"NE_0001";"NE_0001";"NE_0001";"NE_0001"
"2023";"06";"120609";"JUNIN";"SATIPO";"VIZCATAN DEL ENE";"GOBIERNO REGIONAL";"I-1";"00000511";"SAN JUAN DE MANTARO";"NE_0001";"";"NE_0001";"NE_0001";"NE_0001";"NE_0001";"NE_0001";"NE_0001";"NE_0001"
"2023";"06";"120608";"JUNIN";"SATIPO";"RIO TAMBO";"GOBIERNO REGIONAL";"I-1";"00000513";"QUEMPIRI";"NE_0001";"";"NE_0001";"NE_0001";"NE_0001";"NE_0001";"NE_0001";"NE_0001";"NE_0001"
"2023";"06";"120608";"JUNIN";"SATIPO";"RIO TAMBO";"GOBIERNO REGIONAL";"I-2";"00000471";"CUTIVIRENI";"NE_0001";"";"NE_0001";"NE_0001";"NE_0001";"NE_0001";"NE_0001";"NE_0001";"NE_0001"
"2023";"06";"120609";"JUNIN";"SATIPO";"VIZCATAN DEL ENE";"GOBIERNO REGIONAL";"I-1";"00000509";"SAN MIGUEL DE ENE SHINPINSHARIATO";"NE_0001";"";"NE_0001";"NE_0001";"NE_0001";"NE_0001";"NE_0001";"NE_0001";"NE_0001"
"2023";"06";"120608";"JUNIN";"SATIPO";"RIO TAMBO";"GOBIERNO REGIONAL";"I-2";"00000515";"YAVIRO";"NE_0001";"";"NE_0001";"NE_0001";"NE_0001";"NE_0001";"NE_0001";"NE_0001";"NE_0001"
"2023";"06";"120608";"JUNIN";"SATIPO";"RIO TAMBO";"GOBIERNO REGIONAL";"I-1";"00015914";"SELVA DE ORO";"NE_0001";"";"NE_0001";"NE_0001";"NE_0001";"NE_0001";"NE_0001";"NE_0001";"NE_0001"
"2023";"06";"060101";"CAJAMARCA";"CAJAMARCA";"CAJAMARCA";"GOBIERNO REGIONAL";"I-1";"00004656";"ATAHUALPA";"NE_0002";"";"NE_0002";"NE_0002";"NE_0002";"NE_0002";"NE_0002";"NE_0002";"NE_0002"
"2023";"06";"060101";"CAJAMARCA";"CAJAMARCA";"CAJAMARCA";"GOBIERNO REGIONAL";"I-1";"00004651";"CHAMIS";"NE_0002";"";"NE_0002";"NE_0002";"NE_0002";"NE_0002";"NE_0002";"NE_0002";"NE_0002"
"2023";"06";"060101";"CAJAMARCA";"CAJAMARCA";"CAJAMARCA";"GOBIERNO REGIONAL";"I-3";"00004657";"PACHACUTEC";"NE_0002";"";"NE_0002";"NE_0002";"NE_0002";"NE_0002";"NE_0002";"NE_0002";"NE_0002"
"2023";"06";"060103";"CAJAMARCA";"CAJAMARCA";"CHETILLA";"GOBIERNO REGIONAL";"I-2";"00004653";"CHETILLA";"NE_0002";"";"NE_0002";"NE_0002";"NE_0002";"NE_0002";"NE_0002";"NE_0002";"NE_0002"
"2023";"06";"060101";"CAJAMARCA";"CAJAMARCA";"CAJAMARCA";"GOBIERNO REGIONAL";"I-2";"00015496";"CHONTAPACCHA";"NE_0002";"";"NE_0002";"NE_0002";"NE_0002";"NE_0002";"NE_0002";"NE_0002";"NE_0002"
"2023";"06";"060101";"CAJAMARCA";"CAJAMARCA";"CAJAMARCA";"GOBIERNO REGIONAL";"I-1";"00004654";"SAMANACRUZ";"NE_0002";"";"NE_0002";"NE_0002";"NE_0002";"NE_0002";"NE_0002";"NE_0002";"NE_0002"
"2023";"06";"060101";"CAJAMARCA";"CAJAMARCA";"CAJAMARCA";"GOBIERNO REGIONAL";"I-1";"00004652";"LUCMACUCHO";"NE_0002";"";"NE_0002";"NE_0002";"NE_0002";"NE_0002";"NE_0002";"NE_0002";"NE_0002"
"2023";"06";"060109";"CAJAMARCA";"CAJAMARCA";"MAGDALENA";"GOBIERNO REGIONAL";"I-1";"00016886";"SAN CRISTOBAL";"NE_0002";"";"NE_0002";"NE_0002";"NE_0002";"NE_0002";"NE_0002";"NE_0002";"NE_0002"
"2023";"06";"060109";"CAJAMARCA";"CAJAMARCA";"MAGDALENA";"GOBIERNO REGIONAL";"I-1";"00004631";"CUMBICO";"NE_0002";"";"NE_0002";"NE_0002";"NE_0002";"NE_0002";"NE_0002";"NE_0002";"NE_0002"
"2023";"06";"080910";"CUSCO";"LA CONVENCION";"PICHARI";"GOBIERNO REGIONAL";"I-2";"00007114";"QUISTO CENTRAL";"NE_0001";"";"NE_0001";"NE_0001";"NE_0001";"NE_0001";"NE_0001";"NE_0001";"NE_0001"
"2023";"06";"080910";"CUSCO";"LA CONVENCION";"PICHARI";"GOBIERNO REGIONAL";"I-1";"00015170";"PICHARI BAJA";"NE_0001";"";"NE_0001";"NE_0001";"NE_0001";"NE_0001";"NE_0001";"NE_0001";"NE_0001"
"2023";"06";"080910";"CUSCO";"LA CONVENCION";"PICHARI";"GOBIERNO REGIONAL";"I-2";"00002496";"OMAYA";"NE_0001";"";"NE_0001";"NE_0001";"NE_0001";"NE_0001";"NE_0001";"NE_0001";"NE_0001"
"2023";"07";"051002";"AYACUCHO";"VICTOR FAJARDO";"ALCAMENCA";"GOBIERNO REGIONAL";"I-1";"00003510";"PUESTO DE SALUD CARAMPA";"NE_0001";"";"NE_0001";"NE_0001";"NE_0001";"NE_0001";"NE_0001";"NE_0001";"NE_0001"
"2023";"07";"051011";"AYACUCHO";"VICTOR FAJARDO";"SARHUA";"GOBIERNO REGIONAL";"I-1";"00003511";"PUESTO DE SALUD AUQUILLA";"NE_0001";"";"NE_0001";"NE_0001";"NE_0001";"NE_0001";"NE_0001";"NE_0001";"NE_0001"
"2023";"07";"040114";"AREQUIPA";"AREQUIPA";"POLOBAYA";"GOBIERNO REGIONAL";"I-2";"00001262";"PUESTO DE SALUD POLOBAYA";"NE_0001";"";"NE_0001";"NE_0001";"NE_0001";"NE_0001";"NE_0001";"NE_0001";"NE_0001"
"2023";"07";"040116";"AREQUIPA";"AREQUIPA";"SABANDIA";"GOBIERNO REGIONAL";"I-2";"00001284";"PUESTO DE SALUD LEOPOLDO RONDON - SABANDIA";"NE_0001";"";"NE_0001";"NE_0001";"NE_0001";"NE_0001";"NE_0001";"NE_0001";"NE_0001"
"2023";"07";"040111";"AREQUIPA";"AREQUIPA";"MOLLEBAYA";"GOBIERNO REGIONAL";"I-2";"00011677";"PUESTO DE SALUD MACHAHUAYA";"NE_0001";"";"NE_0001";"NE_0001";"NE_0001";"NE_0001";"NE_0001";"NE_0001";"NE_0001"
"2023";"07";"040127";"AREQUIPA";"AREQUIPA";"YARABAMBA";"GOBIERNO REGIONAL";"I-2";"00001287";"PUESTO DE SALUD YARABAMBA";"NE_0001";"";"NE_0001";"NE_0001";"NE_0001";"NE_0001";"NE_0001";"NE_0001";"NE_0001"
"2023";"07";"040113";"AREQUIPA";"AREQUIPA";"POCSI";"GOBIERNO REGIONAL";"I-1";"00001288";"PUESTO DE SALUD POCSI";"NE_0001";"";"NE_0001";"NE_0001";"NE_0001";"NE_0001";"NE_0001";"NE_0001";"NE_0001"
"2023";"07";"040115";"AREQUIPA";"AREQUIPA";"QUEQUEÑA";"GOBIERNO REGIONAL";"I-2";"00001286";"PUESTO DE SALUD QUEQUEÑA";"NE_0001";"";"NE_0001";"NE_0001";"NE_0001";"NE_0001";"NE_0001";"NE_0001";"NE_0001"
"2023";"07";"060501";"CAJAMARCA";"CONTUMAZA";"CONTUMAZA";"GOBIERNO REGIONAL";"I-1";"00004630";"EL MOTE";"NE_0001";"";"NE_0001";"NE_0001";"NE_0001";"NE_0001";"NE_0001";"NE_0001";"NE_0001"
"2023";"07";"060502";"CAJAMARCA";"CONTUMAZA";"CHILETE";"GOBIERNO REGIONAL";"I-1";"00004545";"LLALLAN";"NE_0001";"";"NE_0001";"NE_0001";"NE_0001";"NE_0001";"NE_0001";"NE_0001";"NE_0001"
"2023";"07";"060501";"CAJAMARCA";"CONTUMAZA";"CONTUMAZA";"GOBIERNO REGIONAL";"I-1";"00004632";"CORRALES DE CHANTA";"NE_0001";"";"NE_0001";"NE_0001";"NE_0001";"NE_0001";"NE_0001";"NE_0001";"NE_0001"
"2023";"07";"060502";"CAJAMARCA";"CONTUMAZA";"CHILETE";"GOBIERNO REGIONAL";"I-4";"00004538";"DE APOYO CHILETE";"240000";"HOSPITALIZACIÓN";"34";"37";"91";"91";"9";"194";"0"
"2023";"07";"060507";"CAJAMARCA";"CONTUMAZA";"TANTARICA";"GOBIERNO REGIONAL";"I-2";"00004544";"CATÁN - TANTARICA";"NE_0001";"";"NE_0001";"NE_0001";"NE_0001";"NE_0001";"NE_0001";"NE_0001";"NE_0001"
"2023";"07";"220101";"SAN MARTIN";"MOYOBAMBA";"MOYOBAMBA";"GOBIERNO REGIONAL";"II-1";"00006733";"HOSPITAL II-1 MOYOBAMBA - DR. SEGUNDO RODOLFO PÉREZ NIETO";"240100";"HOSPITALIZACIÓN QUIRÚRGICA CIRUGÍA GENERAL ";"74";"85";"223";"223";"8";"248";"0"
"2023";"03";"021801";"ANCASH";"SANTA";"CHIMBOTE";"PRIVADO";"II-1";"00015375";"CLINICA SAN PEDRO";"241800";"HOSPITALIZACIÓN DE MEDICINA MEDICINA GENERAL ";"9";"9";"16";"16";"7";"217";"0"
"2023";"03";"021801";"ANCASH";"SANTA";"CHIMBOTE";"PRIVADO";"II-1";"00015375";"CLINICA SAN PEDRO";"240100";"HOSPITALIZACIÓN QUIRÚRGICA CIRUGÍA GENERAL ";"43";"40";"56";"76";"6";"196";"0"
"2023";"03";"021801";"ANCASH";"SANTA";"CHIMBOTE";"PRIVADO";"II-1";"00015375";"CLINICA SAN PEDRO";"241400";"HOSPITALIZACIÓN QUIRÚRGICA GINECO - OBSTETRICIA ";"59";"57";"58";"91";"7";"217";"0"
"2023";"03";"120101";"JUNIN";"HUANCAYO";"HUANCAYO";"GOBIERNO REGIONAL";"I-2";"00000732";"SAN FRANCISCO";"NE_0001";"";"NE_0001";"NE_0001";"NE_0001";"NE_0001";"NE_0001";"NE_0001";"NE_0001"
"2023";"03";"120101";"JUNIN";"HUANCAYO";"HUANCAYO";"GOBIERNO REGIONAL";"I-4";"00000727";"LA LIBERTAD";"241400";"HOSPITALIZACIÓN QUIRÚRGICA GINECO - OBSTETRICIA ";"44";"47";"54";"2";"6";"11";"0"
"2023";"03";"120124";"JUNIN";"HUANCAYO";"PARIAHUANCA";"GOBIERNO REGIONAL";"I-3";"00000736";"PARIAHUANCA";"NE_0001";"";"NE_0001";"NE_0001";"NE_0001";"NE_0001";"NE_0001";"NE_0001";"NE_0001"
"2023";"03";"120124";"JUNIN";"HUANCAYO";"PARIAHUANCA";"GOBIERNO REGIONAL";"I-1";"00000741";"CEDRUYO";"NE_0001";"";"NE_0001";"NE_0001";"NE_0001";"NE_0001";"NE_0001";"NE_0001";"NE_0001"
"2023";"03";"120124";"JUNIN";"HUANCAYO";"PARIAHUANCA";"GOBIERNO REGIONAL";"I-2";"00000739";"SAN BALVIN";"NE_0001";"";"NE_0001";"NE_0001";"NE_0001";"NE_0001";"NE_0001";"NE_0001";"NE_0001"
"2023";"03";"120124";"JUNIN";"HUANCAYO";"PARIAHUANCA";"GOBIERNO REGIONAL";"I-1";"00000740";"ANTARPA";"NE_0001";"";"NE_0001";"NE_0001";"NE_0001";"NE_0001";"NE_0001";"NE_0001";"NE_0001"
"2023";"03";"120124";"JUNIN";"HUANCAYO";"PARIAHUANCA";"GOBIERNO REGIONAL";"I-1";"00015577";"NUEVO OCCORO";"NE_0001";"";"NE_0001";"NE_0001";"NE_0001";"NE_0001";"NE_0001";"NE_0001";"NE_0001"
"2023";"04";"240101";"TUMBES";"TUMBES";"TUMBES";"SANIDAD DE LA POLICIA NACIONAL DEL PERU";"I-3";"00012088";"POLICLINICO POLICIAL ""LA CRUZ"" TUMBES";"NE_0001";"";"NE_0001";"NE_0001";"NE_0001";"NE_0001";"NE_0001";"NE_0001";"NE_0001"
"2023";"04";"040108";"AREQUIPA";"AREQUIPA";"LA JOYA";"ESSALUD";"I-2";"00013305";"POSTA MEDICA LA JOYA";"NE_0001";"";"NE_0001";"NE_0001";"NE_0001";"NE_0001";"NE_0001";"NE_0001";"NE_0001"
"2023";"04";"100101";"HUANUCO";"HUANUCO";"HUANUCO";"PRIVADO";"II-E";"00018769";"CLINICA DE CORTA ESTANCIA  ROCA E.I.R.L.";"240100";"HOSPITALIZACIÓN QUIRÚRGICA CIRUGÍA GENERAL ";"6";"6";"15";"6";"15";"30";"0"
"2023";"04";"150129";"LIMA";"LIMA";"SAN BARTOLO";"SANIDAD DE LA POLICIA NACIONAL DEL PERU";"I-2";"00019390";"POSTA MEDICA ETS. PNP. SAN BARTOLO";"NE_0001";"";"NE_0001";"NE_0001";"NE_0001";"NE_0001";"NE_0001";"NE_0001";"NE_0001"
"2023";"04";"221005";"SAN MARTIN";"TOCACHE";"UCHIZA";"SANIDAD DE LA POLICIA NACIONAL DEL PERU";"I-1";"00025272";"PUESTO SANITARIO PNP SANTA LUCIA";"NE_0001";"";"NE_0001";"NE_0001";"NE_0001";"NE_0001";"NE_0001";"NE_0001";"NE_0001"
"2023";"04";"100101";"HUANUCO";"HUANUCO";"HUANUCO";"PRIVADO";"II-E";"00018769";"CLINICA DE CORTA ESTANCIA  ROCA E.I.R.L.";"241400";"HOSPITALIZACIÓN QUIRÚRGICA GINECO - OBSTETRICIA ";"2";"2";"4";"2";"26";"30";"0"
"2023";"04";"100101";"HUANUCO";"HUANUCO";"HUANUCO";"PRIVADO";"II-E";"00018769";"CLINICA DE CORTA ESTANCIA  ROCA E.I.R.L.";"241500";"HOSPITALIZACIÓN QUIRÚRGICA GINECOLOGÍA  ";"2";"2";"3";"2";"27";"30";"0"
"2023";"04";"100101";"HUANUCO";"HUANUCO";"HUANUCO";"PRIVADO";"II-E";"00018769";"CLINICA DE CORTA ESTANCIA  ROCA E.I.R.L.";"241300";"HOSPITALIZACIÓN QUIRÚRGICA UROLOGÍA  ";"1";"1";"3";"1";"27";"30";"0"
"2023";"04";"100101";"HUANUCO";"HUANUCO";"HUANUCO";"PRIVADO";"II-E";"00018769";"CLINICA DE CORTA ESTANCIA  ROCA E.I.R.L.";"241200";"HOSPITALIZACIÓN QUIRÚRGICA TRAUMATOLOGÍA Y ORTOPEDIA ";"3";"3";"7";"3";"23";"30";"0"
"2023";"04";"240103";"TUMBES";"TUMBES";"LA CRUZ";"ESSALUD";"I-2";"00012274";"POSTA MEDICA LA CRUZ";"NE_0001";"";"NE_0001";"NE_0001";"NE_0001";"NE_0001";"NE_0001";"NE_0001";"NE_0001"
"2023";"04";"150130";"LIMA";"LIMA";"SAN BORJA";"PRIVADO";"III-1";"00009886";"CLINICA SAN BORJA";"240000";"HOSPITALIZACIÓN";"396";"463";"1909";"64";"83";"2490";"9"
"2023";"04";"150130";"LIMA";"LIMA";"SAN BORJA";"PRIVADO";"III-1";"00009886";"CLINICA SAN BORJA";"240500";"HOSPITALIZACIÓN QUIRÚRGICA CIRUGÍA DE TRANSPLANTES ";"3";"3";"89";"3";"4";"120";"0"
"2023";"04";"150130";"LIMA";"LIMA";"SAN BORJA";"PRIVADO";"III-1";"00009886";"CLINICA SAN BORJA";"250105";"UNIDAD DE CUIDADOS CRITICOS UNIDAD  DE CUIDADOS INTENSIVOS  (UCI) NEONATOLOGÍA";"8";"10";"42";"1";"4";"120";"0"
"2023";"04";"150130";"LIMA";"LIMA";"SAN BORJA";"PRIVADO";"III-1";"00009886";"CLINICA SAN BORJA";"250306";"HOSPIT. EN UNIDAD DE CUID.INTEN.-UNIDAD DE VIGILANCIA INTENSIVA (UVI)-PEDIATRÍA";"5";"4";"107";"4";"4";"120";"0"
"2023";"04";"150130";"LIMA";"LIMA";"SAN BORJA";"PRIVADO";"III-1";"00009886";"CLINICA SAN BORJA";"250100";"UNIDAD DE CUIDADOS CRITICOS UNIDAD  DE CUIDADOS INTENSIVOS GENERALES (UCI) ";"68";"29";"346";"12";"19";"570";"3"
"2023";"04";"060101";"CAJAMARCA";"CAJAMARCA";"CAJAMARCA";"PRIVADO";"0";"00029780";"LABORATORIO EL INGENIO";"NE_0001";"";"NE_0001";"NE_0001";"NE_0001";"NE_0001";"NE_0001";"NE_0001";"NE_0001"
"2023";"02";"080106";"CUSCO";"CUSCO";"SANTIAGO";"OTRO";"II-E";"00012995";"SAN JUAN PABLO II";"242200";"HOSPITALIZACIÓN DE MEDICINA PSIQUIATRÍA ";"12";"3";"396";"450";"40";"1240";"0"
"2023";"05";"230101";"TACNA";"TACNA";"TACNA";"PRIVADO";"I-4";"00015875";"PROMEDIC";"NE_0002";"";"NE_0002";"NE_0002";"NE_0002";"NE_0002";"NE_0002";"NE_0002";"NE_0002"
"2023";"04";"250101";"UCAYALI";"CORONEL PORTILLO";"CALLERIA";"GOBIERNO REGIONAL";"I-3";"00028683";"CENTRO DE SALUD MENTAL COMUNITARIO BENA MANATI";"NE_0001";"";"NE_0001";"NE_0001";"NE_0001";"NE_0001";"NE_0001";"NE_0001";"NE_0001"
"2023";"05";"130201";"LA LIBERTAD";"ASCOPE";"ASCOPE";"GOBIERNO REGIONAL";"II-1";"00005263";"HOSPITAL PROVINCIAL ASCOPE ""ROSA SANCHEZ DE SANTILLAN""";"241400";"HOSPITALIZACIÓN QUIRÚRGICA GINECO - OBSTETRICIA ";"18";"18";"36";"18";"2";"62";"0"
"2023";"05";"130201";"LA LIBERTAD";"ASCOPE";"ASCOPE";"GOBIERNO REGIONAL";"II-1";"00005263";"HOSPITAL PROVINCIAL ASCOPE ""ROSA SANCHEZ DE SANTILLAN""";"241600";"HOSPITALIZACIÓN QUIRÚRGICA OBSTETRICIA   ";"13";"13";"17";"13";"3";"93";"0"
"2023";"05";"130201";"LA LIBERTAD";"ASCOPE";"ASCOPE";"GOBIERNO REGIONAL";"II-1";"00005263";"HOSPITAL PROVINCIAL ASCOPE ""ROSA SANCHEZ DE SANTILLAN""";"241800";"HOSPITALIZACIÓN DE MEDICINA MEDICINA GENERAL ";"10";"11";"47";"11";"15";"465";"0"
"2023";"04";"250105";"UCAYALI";"CORONEL PORTILLO";"YARINACOCHA";"GOBIERNO REGIONAL";"I-3";"00005566";"HUSARES DEL PERU.";"NE_0001";"";"NE_0001";"NE_0001";"NE_0001";"NE_0001";"NE_0001";"NE_0001";"NE_0001"
"2023";"04";"250101";"UCAYALI";"CORONEL PORTILLO";"CALLERIA";"GOBIERNO REGIONAL";"I-3";"00005565";"NUEVO PARAISO";"NE_0001";"";"NE_0001";"NE_0001";"NE_0001";"NE_0001";"NE_0001";"NE_0001";"NE_0001"
"2023";"04";"250105";"UCAYALI";"CORONEL PORTILLO";"YARINACOCHA";"GOBIERNO REGIONAL";"I-2";"00005559";"SHIRAMBARI.";"NE_0001";"";"NE_0001";"NE_0001";"NE_0001";"NE_0001";"NE_0001";"NE_0001";"NE_0001"
"2023";"04";"250105";"UCAYALI";"CORONEL PORTILLO";"YARINACOCHA";"GOBIERNO REGIONAL";"I-3";"00005539";"CENTRO AMERICA";"NE_0001";"";"NE_0001";"NE_0001";"NE_0001";"NE_0001";"NE_0001";"NE_0001";"NE_0001"
"2023";"05";"120708";"JUNIN";"TARMA";"SAN PEDRO DE CAJAS";"GOBIERNO REGIONAL";"I-1";"00000535";"SAN JOSE DE CAYASH";"NE_0001";"";"NE_0001";"NE_0001";"NE_0001";"NE_0001";"NE_0001";"NE_0001";"NE_0001"
"2023";"05";"120708";"JUNIN";"TARMA";"SAN PEDRO DE CAJAS";"GOBIERNO REGIONAL";"I-1";"00010344";"PURHUARACRA";"NE_0001";"";"NE_0001";"NE_0001";"NE_0001";"NE_0001";"NE_0001";"NE_0001";"NE_0001"
"2023";"05";"120708";"JUNIN";"TARMA";"SAN PEDRO DE CAJAS";"GOBIERNO REGIONAL";"I-3";"00000534";"SAN PEDRO DE CAJAS";"NE_0001";"";"NE_0001";"NE_0001";"NE_0001";"NE_0001";"NE_0001";"NE_0001";"NE_0001"
"2023";"05";"060605";"CAJAMARCA";"CUTERVO";"LA RAMADA";"GOBIERNO REGIONAL";"I-1";"00006947";"LAGUNA";"NE_0001";"";"NE_0001";"NE_0001";"NE_0001";"NE_0001";"NE_0001";"NE_0001";"NE_0001"
"2023";"05";"060609";"CAJAMARCA";"CUTERVO";"SAN JUAN DE CUTERVO";"GOBIERNO REGIONAL";"I-1";"00007103";"SANTA ROSA DE SAN JUAN";"NE_0001";"";"NE_0001";"NE_0001";"NE_0001";"NE_0001";"NE_0001";"NE_0001";"NE_0001"
"2023";"05";"060605";"CAJAMARCA";"CUTERVO";"LA RAMADA";"GOBIERNO REGIONAL";"I-3";"00005027";"LA RAMADA";"NE_0001";"";"NE_0001";"NE_0001";"NE_0001";"NE_0001";"NE_0001";"NE_0001";"NE_0001"
"2023";"05";"060605";"CAJAMARCA";"CUTERVO";"LA RAMADA";"GOBIERNO REGIONAL";"I-1";"00005028";"LLUSHCAPAMPA";"NE_0001";"";"NE_0001";"NE_0001";"NE_0001";"NE_0001";"NE_0001";"NE_0001";"NE_0001"
"2023";"05";"060609";"CAJAMARCA";"CUTERVO";"SAN JUAN DE CUTERVO";"GOBIERNO REGIONAL";"I-1";"00005030";"MUSUNGATE";"NE_0001";"";"NE_0001";"NE_0001";"NE_0001";"NE_0001";"NE_0001";"NE_0001";"NE_0001"
"2023";"05";"060605";"CAJAMARCA";"CUTERVO";"LA RAMADA";"GOBIERNO REGIONAL";"I-1";"00007179";"CHACRERIAS";"NE_0001";"";"NE_0001";"NE_0001";"NE_0001";"NE_0001";"NE_0001";"NE_0001";"NE_0001"
"2023";"05";"060605";"CAJAMARCA";"CUTERVO";"LA RAMADA";"GOBIERNO REGIONAL";"I-1";"00006949";"LOS PUENTES";"NE_0001";"";"NE_0001";"NE_0001";"NE_0001";"NE_0001";"NE_0001";"NE_0001";"NE_0001"
"2023";"05";"060604";"CAJAMARCA";"CUTERVO";"CUJILLO";"GOBIERNO REGIONAL";"I-1";"00005026";"EL PAGO";"NE_0001";"";"NE_0001";"NE_0001";"NE_0001";"NE_0001";"NE_0001";"NE_0001";"NE_0001"
"2023";"05";"060609";"CAJAMARCA";"CUTERVO";"SAN JUAN DE CUTERVO";"GOBIERNO REGIONAL";"I-3";"00005029";"SAN JUAN DE CUTERVO";"NE_0001";"";"NE_0001";"NE_0001";"NE_0001";"NE_0001";"NE_0001";"NE_0001";"NE_0001"
"2023";"05";"060605";"CAJAMARCA";"CUTERVO";"LA RAMADA";"GOBIERNO REGIONAL";"I-1";"00007049";"SURO CHICO";"NE_0001";"";"NE_0001";"NE_0001";"NE_0001";"NE_0001";"NE_0001";"NE_0001";"NE_0001"
"2023";"05";"060605";"CAJAMARCA";"CUTERVO";"LA RAMADA";"GOBIERNO REGIONAL";"I-1";"00007180";"TAMBILLO DE LA RAMADA";"NE_0001";"";"NE_0001";"NE_0001";"NE_0001";"NE_0001";"NE_0001";"NE_0001";"NE_0001"
"2023";"05";"060609";"CAJAMARCA";"CUTERVO";"SAN JUAN DE CUTERVO";"GOBIERNO REGIONAL";"I-1";"00005031";"SANTA CRUZ DE LA SUCCHA";"NE_0001";"";"NE_0001";"NE_0001";"NE_0001";"NE_0001";"NE_0001";"NE_0001";"NE_0001"
"2023";"05";"060614";"CAJAMARCA";"CUTERVO";"SOCOTA";"GOBIERNO REGIONAL";"I-1";"00005033";"EL PORVENIR";"NE_0001";"";"NE_0001";"NE_0001";"NE_0001";"NE_0001";"NE_0001";"NE_0001";"NE_0001"
"2023";"05";"060614";"CAJAMARCA";"CUTERVO";"SOCOTA";"GOBIERNO REGIONAL";"I-1";"00006939";"QUIJOS";"NE_0001";"";"NE_0001";"NE_0001";"NE_0001";"NE_0001";"NE_0001";"NE_0001";"NE_0001"
"2023";"05";"060614";"CAJAMARCA";"CUTERVO";"SOCOTA";"GOBIERNO REGIONAL";"I-1";"00007751";"CHANGAY";"NE_0001";"";"NE_0001";"NE_0001";"NE_0001";"NE_0001";"NE_0001";"NE_0001";"NE_0001"
"2023";"05";"060605";"CAJAMARCA";"CUTERVO";"LA RAMADA";"GOBIERNO REGIONAL";"I-1";"00008923";"CARHUALLO";"NE_0001";"";"NE_0001";"NE_0001";"NE_0001";"NE_0001";"NE_0001";"NE_0001";"NE_0001"
"2023";"05";"080901";"CUSCO";"LA CONVENCION";"SANTA ANA";"PRIVADO";"II-E";"00026080";"SR DE TORRECHAYOC";"241400";"HOSPITALIZACIÓN QUIRÚRGICA GINECO - OBSTETRICIA ";"5";"5";"8";"6";"4";"124";"0"
"2023";"05";"040701";"AREQUIPA";"ISLAY";"MOLLENDO";"GOBIERNO REGIONAL";"I-2";"00001447";"PUESTO DE SALUD VILLA LOURDES";"NE_0001";"";"NE_0001";"NE_0001";"NE_0001";"NE_0001";"NE_0001";"NE_0001";"NE_0001"
"2023";"05";"040705";"AREQUIPA";"ISLAY";"MEJIA";"GOBIERNO REGIONAL";"I-2";"00001448";"PUESTO DE SALUD MEJIA";"NE_0001";"";"NE_0001";"NE_0001";"NE_0001";"NE_0001";"NE_0001";"NE_0001";"NE_0001"
"2023";"05";"040701";"AREQUIPA";"ISLAY";"MOLLENDO";"GOBIERNO REGIONAL";"I-4";"00001444";"CENTRO DE SALUD ALTO INCLAN";"241600";"HOSPITALIZACIÓN QUIRÚRGICA OBSTETRICIA   ";"6";"6";"6";"1";"5";"150";"0"
"2023";"05";"040701";"AREQUIPA";"ISLAY";"MOLLENDO";"GOBIERNO REGIONAL";"I-4";"00001444";"CENTRO DE SALUD ALTO INCLAN";"241800";"HOSPITALIZACIÓN DE MEDICINA MEDICINA GENERAL ";"2";"2";"2";"1";"11";"330";"0"
"2023";"05";"040704";"AREQUIPA";"ISLAY";"ISLAY";"GOBIERNO REGIONAL";"I-3";"00001443";"CENTRO DE SALUD MATARANI";"NE_0001";"";"NE_0001";"NE_0001";"NE_0001";"NE_0001";"NE_0001";"NE_0001";"NE_0001"
"2023";"06";"150142";"LIMA";"LIMA";"VILLA EL SALVADOR";"PRIVADO";"I-2";"00013687";"ARIE";"NE_0002";"";"NE_0002";"NE_0002";"NE_0002";"NE_0002";"NE_0002";"NE_0002";"NE_0002"
"2023";"06";"060601";"CAJAMARCA";"CUTERVO";"CUTERVO";"GOBIERNO REGIONAL";"II-1";"00004981";"SANTA MARIA DE CUTERVO";"240100";"HOSPITALIZACIÓN QUIRÚRGICA CIRUGÍA GENERAL ";"35";"37";"130";"140";"7";"210";"0"
"2023";"06";"060601";"CAJAMARCA";"CUTERVO";"CUTERVO";"GOBIERNO REGIONAL";"II-1";"00004981";"SANTA MARIA DE CUTERVO";"241400";"HOSPITALIZACIÓN QUIRÚRGICA GINECO - OBSTETRICIA ";"133";"134";"247";"264";"12";"360";"0"
"2023";"06";"060601";"CAJAMARCA";"CUTERVO";"CUTERVO";"GOBIERNO REGIONAL";"II-1";"00004981";"SANTA MARIA DE CUTERVO";"241800";"HOSPITALIZACIÓN DE MEDICINA MEDICINA GENERAL ";"25";"23";"91";"133";"6";"180";"1"
"2023";"06";"060601";"CAJAMARCA";"CUTERVO";"CUTERVO";"GOBIERNO REGIONAL";"II-1";"00004981";"SANTA MARIA DE CUTERVO";"242500";"HOSPITALIZACIÓN-PEDIATRÍA GENERAL-";"28";"32";"113";"94";"5";"150";"0"
"2023";"06";"040702";"AREQUIPA";"ISLAY";"COCACHACRA";"ESSALUD";"I-2";"00026367";"POSTA MEDICA CHUCARAPI";"NE_0001";"";"NE_0001";"NE_0001";"NE_0001";"NE_0001";"NE_0001";"NE_0001";"NE_0001"
"2023";"06";"150136";"LIMA";"LIMA";"SAN MIGUEL";"SANIDAD DE LA POLICIA NACIONAL DEL PERU";"II-E";"00014718";"HOSPITAL GERIATRICO PNP SAN JOSE";"244400";"HOSPITALIZACIÓN DE MEDICINA GERIATRIA ";"25";"28";"297";"350";"26";"780";"7"
"2023";"06";"140101";"LAMBAYEQUE";"CHICLAYO";"CHICLAYO";"PRIVADO";"II-E";"00008151";"CLÍNICA METROPOLITANA";"240000";"HOSPITALIZACIÓN";"226";"232";"197";"466";"24";"744";"2"
"2023";"06";"070101";"CALLAO";"CALLAO";"CALLAO";"GOBIERNO REGIONAL";"0";"00031162";"HOGAR PROTEGIDO ACAPULCO";"NE_0001";"";"NE_0001";"NE_0001";"NE_0001";"NE_0001";"NE_0001";"NE_0001";"NE_0001"
"2023";"06";"070101";"CALLAO";"CALLAO";"CALLAO";"GOBIERNO REGIONAL";"I-2";"00020823";"CENTRO DE SALUD MENTAL COMUNITARIO SARITA COLONIA";"NE_0001";"";"NE_0001";"NE_0001";"NE_0001";"NE_0001";"NE_0001";"NE_0001";"NE_0001"
"2023";"06";"070101";"CALLAO";"CALLAO";"CALLAO";"GOBIERNO REGIONAL";"I-2";"00006233";"PUESTO DE SALUD JUAN PABLO II";"NE_0001";"";"NE_0001";"NE_0001";"NE_0001";"NE_0001";"NE_0001";"NE_0001";"NE_0001"
"2023";"06";"070101";"CALLAO";"CALLAO";"CALLAO";"GOBIERNO REGIONAL";"I-4";"00006230";"CENTRO DE SALUD ACAPULCO";"241400";"HOSPITALIZACIÓN QUIRÚRGICA GINECO - OBSTETRICIA ";"4";"4";"4";"120";"8";"240";"0"
"2023";"06";"220201";"SAN MARTIN";"BELLAVISTA";"BELLAVISTA";"ESSALUD";"I-2";"00016482";"POSTA MEDICA BELLAVISTA - ESSALUD";"NE_0001";"";"NE_0001";"NE_0001";"NE_0001";"NE_0001";"NE_0001";"NE_0001";"NE_0001"
"2023";"06";"080108";"CUSCO";"CUSCO";"WANCHAQ";"ESSALUD";"III-1";"00010041";"ADOLFO GUEVARA VELASCO";"241600";"HOSPITALIZACIÓN QUIRÚRGICA OBSTETRICIA   ";"224";"91";"243";"273";"16";"480";"0"
"2023";"05";"150120";"LIMA";"LIMA";"MAGDALENA DEL MAR";"PRIVADO";"I-2";"00021289";"CLINICA DR AUGUSTO CACERES CABELLO-PIEL Y MEDICINA ESTETICA";"NE_0001";"";"NE_0001";"NE_0001";"NE_0001";"NE_0001";"NE_0001";"NE_0001";"NE_0001"
"2023";"05";"130705";"LA LIBERTAD";"PACASMAYO";"SAN JOSE";"GOBIERNO REGIONAL";"I-3";"00005297";"SAN JOSE";"NE_0001";"";"NE_0001";"NE_0001";"NE_0001";"NE_0001";"NE_0001";"NE_0001";"NE_0001"
"2023";"05";"070101";"CALLAO";"CALLAO";"CALLAO";"PRIVADO";"0";"00016115";"DIAGNOCENTRO OLAZ";"NE_0001";"";"NE_0001";"NE_0001";"NE_0001";"NE_0001";"NE_0001";"NE_0001";"NE_0001"
"2023";"05";"120101";"JUNIN";"HUANCAYO";"HUANCAYO";"PRIVADO";"II-1";"00008516";"CLINICA SANTO DOMINGO";"240100";"HOSPITALIZACIÓN QUIRÚRGICA CIRUGÍA GENERAL ";"14";"14";"26";"26";"2";"31";"0"
"2023";"05";"120101";"JUNIN";"HUANCAYO";"HUANCAYO";"PRIVADO";"II-1";"00008516";"CLINICA SANTO DOMINGO";"245300";"HOSPITALIZACIÓN DE MEDICINA NEUMOLOGÍA  ";"1";"1";"3";"3";"1";"31";"0"
"2023";"05";"120101";"JUNIN";"HUANCAYO";"HUANCAYO";"PRIVADO";"II-1";"00008516";"CLINICA SANTO DOMINGO";"241200";"HOSPITALIZACIÓN QUIRÚRGICA TRAUMATOLOGÍA Y ORTOPEDIA ";"6";"6";"9";"9";"1";"31";"0"
"2023";"05";"120101";"JUNIN";"HUANCAYO";"HUANCAYO";"PRIVADO";"II-1";"00008516";"CLINICA SANTO DOMINGO";"241500";"HOSPITALIZACIÓN QUIRÚRGICA GINECOLOGÍA  ";"12";"12";"21";"21";"2";"30";"0"
"2023";"05";"120101";"JUNIN";"HUANCAYO";"HUANCAYO";"PRIVADO";"II-1";"00008516";"CLINICA SANTO DOMINGO";"244200";"HOSPITALIZACIÓN DE MEDICINA ENDOCRINOLOGIA ";"2";"2";"2";"2";"1";"20";"0"
"2023";"05";"120101";"JUNIN";"HUANCAYO";"HUANCAYO";"PRIVADO";"II-1";"00008516";"CLINICA SANTO DOMINGO";"245400";"HOSPITALIZACIÓN DE MEDICINA GINECOLOGIA ";"2";"2";"3";"3";"1";"20";"0"
"2023";"05";"120101";"JUNIN";"HUANCAYO";"HUANCAYO";"PRIVADO";"II-1";"00008516";"CLINICA SANTO DOMINGO";"241300";"HOSPITALIZACIÓN QUIRÚRGICA UROLOGÍA  ";"3";"3";"3";"3";"1";"20";"0"
"2023";"06";"110501";"ICA";"PISCO";"PISCO";"ESSALUD";"II-1";"00014147";"ANTONIO SKRABONJA ANTONCICH";"241800";"HOSPITALIZACIÓN DE MEDICINA MEDICINA GENERAL ";"48";"43";"277";"239";"18";"540";"2"
"2023";"06";"110501";"ICA";"PISCO";"PISCO";"ESSALUD";"II-1";"00014147";"ANTONIO SKRABONJA ANTONCICH";"250304";"HOSPIT. EN UNIDAD DE CUID.INTEN.-UNIDAD DE VIGILANCIA INTENSIVA (UVI)-MEDICINA";"26";"30";"83";"68";"4";"120";"5"
"2023";"06";"110501";"ICA";"PISCO";"PISCO";"ESSALUD";"II-1";"00014147";"ANTONIO SKRABONJA ANTONCICH";"240100";"HOSPITALIZACIÓN QUIRÚRGICA CIRUGÍA GENERAL ";"62";"58";"196";"201";"13";"390";"0"
"2023";"06";"110501";"ICA";"PISCO";"PISCO";"ESSALUD";"II-1";"00014147";"ANTONIO SKRABONJA ANTONCICH";"241500";"HOSPITALIZACIÓN QUIRÚRGICA GINECOLOGÍA  ";"17";"18";"45";"49";"4";"120";"0"
"2023";"06";"110501";"ICA";"PISCO";"PISCO";"ESSALUD";"II-1";"00014147";"ANTONIO SKRABONJA ANTONCICH";"241600";"HOSPITALIZACIÓN QUIRÚRGICA OBSTETRICIA   ";"75";"81";"260";"171";"8";"240";"0"
"2023";"06";"110501";"ICA";"PISCO";"PISCO";"ESSALUD";"II-1";"00014147";"ANTONIO SKRABONJA ANTONCICH";"242300";"HOSPITALIZACIÓN DE PEDIATRÍA  PEDIATRÍA  GENERAL ";"31";"31";"122";"129";"7";"210";"0"
"2023";"06";"150117";"LIMA";"LIMA";"LOS OLIVOS";"PRIVADO";"II-E";"00026936";"CLINICA AVIVA SEDE LOS OLIVOS";"240000";"HOSPITALIZACIÓN";"383";"357";"768";"383";"22";"660";"1"
"2023";"06";"060501";"CAJAMARCA";"CONTUMAZA";"CONTUMAZA";"ESSALUD";"I-2";"00010276";"POSTA MEDICA ESSALUD CONTUMAZA";"NE_0001";"";"NE_0001";"NE_0001";"NE_0001";"NE_0001";"NE_0001";"NE_0001";"NE_0001"
"2023";"06";"021801";"ANCASH";"SANTA";"CHIMBOTE";"PRIVADO";"II-1";"00010987";"INSTITUTO MEDICO ESPECIALIZADO UROGINEC EIRL";"240000";"HOSPITALIZACIÓN";"15";"15";"18";"16";"7";"210";"0"
"2023";"06";"220904";"SAN MARTIN";"SAN MARTIN";"CHAZUTA";"GOBIERNO REGIONAL";"I-1";"00006424";"ACHINAMIZA";"NE_0001";"";"NE_0001";"NE_0001";"NE_0001";"NE_0001";"NE_0001";"NE_0001";"NE_0001"
"2023";"06";"220904";"SAN MARTIN";"SAN MARTIN";"CHAZUTA";"GOBIERNO REGIONAL";"I-1";"00006430";"SANTA ROSA DE CHIPAOTA";"NE_0001";"";"NE_0001";"NE_0001";"NE_0001";"NE_0001";"NE_0001";"NE_0001";"NE_0001"
"2023";"06";"220904";"SAN MARTIN";"SAN MARTIN";"CHAZUTA";"GOBIERNO REGIONAL";"I-1";"00006427";"TUNUNTUNUMBA";"NE_0001";"";"NE_0001";"NE_0001";"NE_0001";"NE_0001";"NE_0001";"NE_0001";"NE_0001"
"2023";"06";"220904";"SAN MARTIN";"SAN MARTIN";"CHAZUTA";"GOBIERNO REGIONAL";"I-1";"00006428";"SHILCAYO";"NE_0001";"";"NE_0001";"NE_0001";"NE_0001";"NE_0001";"NE_0001";"NE_0001";"NE_0001"
"2023";"06";"220904";"SAN MARTIN";"SAN MARTIN";"CHAZUTA";"GOBIERNO REGIONAL";"I-4";"00006423";"CHAZUTA";"241600";"HOSPITALIZACIÓN QUIRÚRGICA OBSTETRICIA   ";"11";"11";"11";"11";"5";"80";"0"
"2023";"06";"220904";"SAN MARTIN";"SAN MARTIN";"CHAZUTA";"GOBIERNO REGIONAL";"I-4";"00006423";"CHAZUTA";"241800";"HOSPITALIZACIÓN DE MEDICINA MEDICINA GENERAL ";"5";"5";"10";"10";"5";"80";"0"
"2023";"06";"220904";"SAN MARTIN";"SAN MARTIN";"CHAZUTA";"GOBIERNO REGIONAL";"I-1";"00006429";"CURIYACU";"NE_0001";"";"NE_0001";"NE_0001";"NE_0001";"NE_0001";"NE_0001";"NE_0001";"NE_0001"
"2023";"06";"220904";"SAN MARTIN";"SAN MARTIN";"CHAZUTA";"GOBIERNO REGIONAL";"I-1";"00006425";"AGUANO MUYUNA";"NE_0001";"";"NE_0001";"NE_0001";"NE_0001";"NE_0001";"NE_0001";"NE_0001";"NE_0001"
"2023";"06";"220904";"SAN MARTIN";"SAN MARTIN";"CHAZUTA";"GOBIERNO REGIONAL";"I-1";"00006426";"CALLANAYACU";"NE_0001";"";"NE_0001";"NE_0001";"NE_0001";"NE_0001";"NE_0001";"NE_0001";"NE_0001"
"2023";"07";"200601";"PIURA";"SULLANA";"SULLANA";"SANIDAD DE LA POLICIA NACIONAL DEL PERU";"I-2";"00010688";"POSTA  MEDICA  POLICIAL  SULLANA";"NE_0001";"";"NE_0001";"NE_0001";"NE_0001";"NE_0001";"NE_0001";"NE_0001";"NE_0001"
"2023";"07";"200701";"PIURA";"TALARA";"PARIÑAS";"PRIVADO";"I-2";"00012359";"CENTRO OFTALMOLOGICO DE TALARA SRL";"NE_0001";"";"NE_0001";"NE_0001";"NE_0001";"NE_0001";"NE_0001";"NE_0001";"NE_0001"
"2023";"07";"150110";"LIMA";"LIMA";"COMAS";"ESSALUD";"II-1";"00027565";"Hospital I Marino Molina Scippa - EsSalud";"243200";"HOSPITALIZACIÓN DE PEDIATRÍA PEDIATRIA NEONATOLOGÍA";"43";"43";"122";"123";"7";"217";"1"
"2023";"07";"150122";"LIMA";"LIMA";"MIRAFLORES";"PRIVADO";"II-E";"00011750";"CLINICA LOS ANDES SAC";"240000";"HOSPITALIZACIÓN";"66";"63";"93";"96";"15";"465";"0"
"2023";"07";"221005";"SAN MARTIN";"TOCACHE";"UCHIZA";"SANIDAD DE LA POLICIA NACIONAL DEL PERU";"I-1";"00025272";"PUESTO SANITARIO PNP SANTA LUCIA";"NE_0001";"";"NE_0001";"NE_0001";"NE_0001";"NE_0001";"NE_0001";"NE_0001";"NE_0001"
"2023";"07";"150605";"LIMA";"HUARAL";"CHANCAY";"PRIVADO";"II-E";"00032362";"CLINICA DR. POEMAPE - CLINIPOEMAPE";"NE_0001";"";"NE_0001";"NE_0001";"NE_0001";"NE_0001";"NE_0001";"NE_0001";"NE_0001"
"2023";"07";"120502";"JUNIN";"JUNIN";"CARHUAMAYO";"GOBIERNO REGIONAL";"I-3";"00000537";"CARHUAMAYO";"NE_0001";"";"NE_0001";"NE_0001";"NE_0001";"NE_0001";"NE_0001";"NE_0001";"NE_0001"
"2023";"07";"120504";"JUNIN";"JUNIN";"ULCUMAYO";"GOBIERNO REGIONAL";"I-1";"00000538";"LLAUPI";"NE_0001";"";"NE_0001";"NE_0001";"NE_0001";"NE_0001";"NE_0001";"NE_0001";"NE_0001"
"2023";"07";"120504";"JUNIN";"JUNIN";"ULCUMAYO";"GOBIERNO REGIONAL";"I-1";"00000540";"JACHAHUANCA";"NE_0001";"";"NE_0001";"NE_0001";"NE_0001";"NE_0001";"NE_0001";"NE_0001";"NE_0001"
"2023";"07";"120502";"JUNIN";"JUNIN";"CARHUAMAYO";"GOBIERNO REGIONAL";"I-3";"00030166";"CENTRO DE SALUD MENTAL COMUNITARIO CARHUAMAYO";"NE_0001";"";"NE_0001";"NE_0001";"NE_0001";"NE_0001";"NE_0001";"NE_0001";"NE_0001"
"2023";"07";"060801";"CAJAMARCA";"JAEN";"JAEN";"PRIVADO";"II-1";"00015266";"CLINICA Y BOTICA SAN JUAN";"240000";"HOSPITALIZACIÓN";"50";"50";"73";"47";"12";"336";"0"
"2023";"07";"150132";"LIMA";"LIMA";"SAN JUAN DE LURIGANCHO";"PRIVADO";"II-2";"00009104";"CLINICA SAN MIGUEL ARCANGEL S.A.C.";"241800";"HOSPITALIZACIÓN DE MEDICINA MEDICINA GENERAL ";"1";"2";"6";"5";"1";"31";"0"
"2023";"07";"150132";"LIMA";"LIMA";"SAN JUAN DE LURIGANCHO";"PRIVADO";"II-2";"00009104";"CLINICA SAN MIGUEL ARCANGEL S.A.C.";"240900";"HOSPITALIZACIÓN QUIRÚRGICA NEUROCIRUGÍA ";"1";"2";"13";"1";"1";"31";"0"
"2023";"07";"150132";"LIMA";"LIMA";"SAN JUAN DE LURIGANCHO";"PRIVADO";"II-2";"00009104";"CLINICA SAN MIGUEL ARCANGEL S.A.C.";"240100";"HOSPITALIZACIÓN QUIRÚRGICA CIRUGÍA GENERAL ";"8";"8";"11";"10";"1";"32";"0"
"2023";"07";"150132";"LIMA";"LIMA";"SAN JUAN DE LURIGANCHO";"PRIVADO";"II-2";"00009104";"CLINICA SAN MIGUEL ARCANGEL S.A.C.";"241400";"HOSPITALIZACIÓN QUIRÚRGICA GINECO - OBSTETRICIA ";"6";"6";"11";"11";"2";"61";"0"
"2023";"07";"150132";"LIMA";"LIMA";"SAN JUAN DE LURIGANCHO";"PRIVADO";"II-2";"00009104";"CLINICA SAN MIGUEL ARCANGEL S.A.C.";"241300";"HOSPITALIZACIÓN QUIRÚRGICA UROLOGÍA  ";"4";"4";"5";"4";"1";"32";"0"
"2023";"07";"150132";"LIMA";"LIMA";"SAN JUAN DE LURIGANCHO";"PRIVADO";"II-2";"00009104";"CLINICA SAN MIGUEL ARCANGEL S.A.C.";"241200";"HOSPITALIZACIÓN QUIRÚRGICA TRAUMATOLOGÍA Y ORTOPEDIA ";"1";"1";"5";"5";"1";"30";"0"
"2023";"07";"150132";"LIMA";"LIMA";"SAN JUAN DE LURIGANCHO";"PRIVADO";"II-2";"00009104";"CLINICA SAN MIGUEL ARCANGEL S.A.C.";"241600";"HOSPITALIZACIÓN QUIRÚRGICA OBSTETRICIA   ";"5";"5";"6";"6";"1";"32";"0"
"2023";"07";"150132";"LIMA";"LIMA";"SAN JUAN DE LURIGANCHO";"PRIVADO";"II-2";"00009104";"CLINICA SAN MIGUEL ARCANGEL S.A.C.";"241500";"HOSPITALIZACIÓN QUIRÚRGICA GINECOLOGÍA  ";"2";"2";"4";"2";"2";"62";"0"
"2023";"07";"120501";"JUNIN";"JUNIN";"JUNIN";"GOBIERNO REGIONAL";"I-1";"00000536";"HUAYRE";"NE_0001";"";"NE_0001";"NE_0001";"NE_0001";"NE_0001";"NE_0001";"NE_0001";"NE_0001"
"2023";"07";"120504";"JUNIN";"JUNIN";"ULCUMAYO";"GOBIERNO REGIONAL";"I-1";"00000539";"PUYAY";"NE_0001";"";"NE_0001";"NE_0001";"NE_0001";"NE_0001";"NE_0001";"NE_0001";"NE_0001"
"2023";"07";"120504";"JUNIN";"JUNIN";"ULCUMAYO";"GOBIERNO REGIONAL";"I-1";"00000541";"CARAPACHO";"NE_0001";"";"NE_0001";"NE_0001";"NE_0001";"NE_0001";"NE_0001";"NE_0001";"NE_0001"
"2023";"07";"210402";"PUNO";"CHUCUITO";"DESAGUADERO";"ESSALUD";"I-3";"00009221";"CENTRO DE ATENCION PRIMARIA I DESAGUADERO";"NE_0001";"";"NE_0001";"NE_0001";"NE_0001";"NE_0001";"NE_0001";"NE_0001";"NE_0001"
"2023";"07";"210111";"PUNO";"PUNO";"PICHACANI";"ESSALUD";"I-3";"00025342";"CAP I LARAQUERI";"NE_0001";"";"NE_0001";"NE_0001";"NE_0001";"NE_0001";"NE_0001";"NE_0001";"NE_0001"
"2023";"07";"210102";"PUNO";"PUNO";"ACORA";"ESSALUD";"I-3";"00009220";"CENTRO DE ATENCIÓN PRIMARIA II ACORA - RED ASISTENCIAL PUNO";"NE_0001";"";"NE_0001";"NE_0001";"NE_0001";"NE_0001";"NE_0001";"NE_0001";"NE_0001"
"2023";"07";"050407";"AYACUCHO";"HUANTA";"SIVIA";"GOBIERNO REGIONAL";"II-1";"00003770";"HOSPITAL DE APOYO SIVIA";"240100";"HOSPITALIZACIÓN QUIRÚRGICA CIRUGÍA GENERAL ";"4";"4";"36";"44";"2";"62";"0"
"2023";"07";"050407";"AYACUCHO";"HUANTA";"SIVIA";"GOBIERNO REGIONAL";"II-1";"00003770";"HOSPITAL DE APOYO SIVIA";"241400";"HOSPITALIZACIÓN QUIRÚRGICA GINECO - OBSTETRICIA ";"6";"7";"12";"20";"4";"124";"0"
"2023";"07";"050407";"AYACUCHO";"HUANTA";"SIVIA";"GOBIERNO REGIONAL";"II-1";"00003770";"HOSPITAL DE APOYO SIVIA";"241800";"HOSPITALIZACIÓN DE MEDICINA MEDICINA GENERAL ";"3";"4";"9";"21";"6";"186";"0"
"2023";"07";"050407";"AYACUCHO";"HUANTA";"SIVIA";"GOBIERNO REGIONAL";"II-1";"00003770";"HOSPITAL DE APOYO SIVIA";"242500";"HOSPITALIZACIÓN-PEDIATRÍA GENERAL-";"2";"2";"6";"15";"2";"62";"0"
"2023";"07";"070101";"CALLAO";"CALLAO";"CALLAO";"GOBIERNO REGIONAL";"I-2";"00006235";"PUESTO DE SALUD MIGUEL GRAU";"NE_0001";"";"NE_0001";"NE_0001";"NE_0001";"NE_0001";"NE_0001";"NE_0001";"NE_0001"
"2023";"07";"070101";"CALLAO";"CALLAO";"CALLAO";"GOBIERNO REGIONAL";"I-2";"00006234";"PUESTO DE SALUD SANTA ROSA";"NE_0001";"";"NE_0001";"NE_0001";"NE_0001";"NE_0001";"NE_0001";"NE_0001";"NE_0001"
"2023";"07";"110101";"ICA";"ICA";"ICA";"PRIVADO";"I-4";"00009606";"VIRGEN DEL ROSARIO SA";"240000";"HOSPITALIZACIÓN";"96";"95";"160";"170";"16";"496";"0"
"2023";"07";"200101";"PIURA";"PIURA";"PIURA";"ESSALUD";"I-3";"00012235";"CENTRO DE ATENCIÓN PRIMARIA CAP III METROPOLITANO- ESSALUD";"NE_0001";"";"NE_0001";"NE_0001";"NE_0001";"NE_0001";"NE_0001";"NE_0001";"NE_0001"
"2023";"04";"040205";"AREQUIPA";"CAMANA";"NICOLAS DE PIEROLA";"GOBIERNO REGIONAL";"I-2";"00001361";"SONAY";"NE_0001";"";"NE_0001";"NE_0001";"NE_0001";"NE_0001";"NE_0001";"NE_0001";"NE_0001"
"2023";"04";"040205";"AREQUIPA";"CAMANA";"NICOLAS DE PIEROLA";"GOBIERNO REGIONAL";"I-2";"00001360";"PUESTO DE SALUD HACIENDA DEL MEDIO";"NE_0001";"";"NE_0001";"NE_0001";"NE_0001";"NE_0001";"NE_0001";"NE_0001";"NE_0001"
"2023";"07";"120424";"JUNIN";"JAUJA";"PANCAN";"GOBIERNO REGIONAL";"I-1";"00000418";"HUASQUICHA";"NE_0001";"";"NE_0001";"NE_0001";"NE_0001";"NE_0001";"NE_0001";"NE_0001";"NE_0001"
"2023";"07";"120429";"JUNIN";"JAUJA";"SAN PEDRO DE CHUNAN";"GOBIERNO REGIONAL";"I-1";"00000422";"SAN PEDRO DE CHUNAN";"NE_0001";"";"NE_0001";"NE_0001";"NE_0001";"NE_0001";"NE_0001";"NE_0001";"NE_0001"
"2023";"07";"150140";"LIMA";"LIMA";"SANTIAGO DE SURCO";"ESSALUD";"I-3";"00008378";"POLICLINICO PROCERES";"NE_0001";"";"NE_0001";"NE_0001";"NE_0001";"NE_0001";"NE_0001";"NE_0001";"NE_0001"
"2023";"07";"150108";"LIMA";"LIMA";"CHORRILLOS";"SANIDAD DEL EJERCITO DEL PERU";"I-4";"00018171";"POLICLINICO MILITAR CHORRILLOS";"NE_0001";"";"NE_0001";"NE_0001";"NE_0001";"NE_0001";"NE_0001";"NE_0001";"NE_0001"
"2023";"07";"150110";"LIMA";"LIMA";"COMAS";"PRIVADO";"I-2";"00013834";"ARIE";"NE_0002";"";"NE_0002";"NE_0002";"NE_0002";"NE_0002";"NE_0002";"NE_0002";"NE_0002"
"2023";"07";"021801";"ANCASH";"SANTA";"CHIMBOTE";"PRIVADO";"II-1";"00010987";"INSTITUTO MEDICO ESPECIALIZADO UROGINEC EIRL";"240000";"HOSPITALIZACIÓN";"13";"14";"16";"14";"7";"217";"0"
"2023";"07";"150101";"LIMA";"LIMA";"LIMA";"MINSA";"III-1";"00006207";"HOSPITAL NACIONAL ARZOBISPO LOAYZA";"241900";"HOSPITALIZACIÓN DE MEDICINA MEDICINA INTERNA ";"596";"575";"5288";"6092";"213";"6603";"39"
"2023";"07";"150101";"LIMA";"LIMA";"LIMA";"MINSA";"III-1";"00006207";"HOSPITAL NACIONAL ARZOBISPO LOAYZA";"240100";"HOSPITALIZACIÓN QUIRÚRGICA CIRUGÍA GENERAL ";"472";"511";"3938";"4065";"150";"4650";"2"
"2023";"07";"150101";"LIMA";"LIMA";"LIMA";"MINSA";"III-1";"00006207";"HOSPITAL NACIONAL ARZOBISPO LOAYZA";"241500";"HOSPITALIZACIÓN QUIRÚRGICA GINECOLOGÍA  ";"91";"99";"851";"798";"34";"1054";"0"
"2023";"07";"150101";"LIMA";"LIMA";"LIMA";"MINSA";"III-1";"00006207";"HOSPITAL NACIONAL ARZOBISPO LOAYZA";"241600";"HOSPITALIZACIÓN QUIRÚRGICA OBSTETRICIA   ";"204";"212";"1326";"936";"53";"1643";"0"
"2023";"07";"150101";"LIMA";"LIMA";"LIMA";"MINSA";"III-1";"00006207";"HOSPITAL NACIONAL ARZOBISPO LOAYZA";"242300";"HOSPITALIZACIÓN DE PEDIATRÍA  PEDIATRÍA  GENERAL ";"89";"96";"464";"650";"38";"1178";"0"
"2023";"07";"150101";"LIMA";"LIMA";"LIMA";"MINSA";"III-1";"00006207";"HOSPITAL NACIONAL ARZOBISPO LOAYZA";"250100";"UNIDAD DE CUIDADOS CRITICOS UNIDAD  DE CUIDADOS INTENSIVOS GENERALES (UCI) ";"47";"31";"1114";"1181";"45";"1395";"27"
"2023";"07";"150101";"LIMA";"LIMA";"LIMA";"MINSA";"III-1";"00006207";"HOSPITAL NACIONAL ARZOBISPO LOAYZA";"250200";"UNIDAD DE CUIDADOS CRITICOS UNIDAD DE CUIDADOS INTERMEDIOS GENERAL  (UCIN) ";"0";"2";"205";"163";"6";"186";"2"
"2023";"07";"150101";"LIMA";"LIMA";"LIMA";"MINSA";"III-1";"00006207";"HOSPITAL NACIONAL ARZOBISPO LOAYZA";"240801";"HOSPITALIZACIÓN QUIRÚRGICA CIRUGÍA PLÁSTICA/RECONSTRUCTIVA/ REPARADORA QUEMADOS";"27";"29";"556";"674";"23";"713";"0"
"2023";"07";"150101";"LIMA";"LIMA";"LIMA";"MINSA";"III-1";"00006207";"HOSPITAL NACIONAL ARZOBISPO LOAYZA";"250105";"UNIDAD DE CUIDADOS CRITICOS UNIDAD  DE CUIDADOS INTENSIVOS  (UCI) NEONATOLOGÍA";"8";"21";"388";"340";"26";"806";"2"
"2023";"07";"150101";"LIMA";"LIMA";"LIMA";"MINSA";"III-1";"00006207";"HOSPITAL NACIONAL ARZOBISPO LOAYZA";"250101";"UNIDAD DE CUIDADOS CRITICOS UNIDAD  DE CUIDADOS INTENSIVOS GENERALES (UCI) CARDIOLOGIA";"11";"10";"133";"152";"6";"186";"0"
"2023";"07";"150101";"LIMA";"LIMA";"LIMA";"MINSA";"III-1";"00006207";"HOSPITAL NACIONAL ARZOBISPO LOAYZA";"241200";"HOSPITALIZACIÓN QUIRÚRGICA TRAUMATOLOGÍA Y ORTOPEDIA ";"54";"55";"525";"571";"20";"620";"0"
"2023";"07";"150101";"LIMA";"LIMA";"LIMA";"MINSA";"III-1";"00006207";"HOSPITAL NACIONAL ARZOBISPO LOAYZA";"245300";"HOSPITALIZACIÓN DE MEDICINA NEUMOLOGÍA  ";"2";"1";"32";"114";"4";"124";"0"
"2023";"07";"150122";"LIMA";"LIMA";"MIRAFLORES";"PRIVADO";"III-2";"00008956";"CLINICA DEL INCA";"240000";"HOSPITALIZACIÓN";"3";"5";"13";"9";"14";"434";"0"
"2023";"07";"150122";"LIMA";"LIMA";"MIRAFLORES";"PRIVADO";"III-2";"00008956";"CLINICA DEL INCA";"250100";"UNIDAD DE CUIDADOS CRITICOS UNIDAD  DE CUIDADOS INTENSIVOS GENERALES (UCI) ";"5";"4";"43";"43";"5";"155";"1"
"2023";"07";"120606";"JUNIN";"SATIPO";"PANGOA";"GOBIERNO REGIONAL";"II-1";"00000442";"SAN MARTIN DE PANGOA";"241800";"HOSPITALIZACIÓN DE MEDICINA MEDICINA GENERAL ";"23";"25";"94";"94";"6";"186";"0"
"2023";"07";"120606";"JUNIN";"SATIPO";"PANGOA";"GOBIERNO REGIONAL";"II-1";"00000442";"SAN MARTIN DE PANGOA";"242500";"HOSPITALIZACIÓN-PEDIATRÍA GENERAL-";"16";"21";"84";"69";"8";"248";"1"
"2023";"07";"120606";"JUNIN";"SATIPO";"PANGOA";"GOBIERNO REGIONAL";"II-1";"00000442";"SAN MARTIN DE PANGOA";"240100";"HOSPITALIZACIÓN QUIRÚRGICA CIRUGÍA GENERAL ";"37";"40";"124";"113";"4";"124";"0"
"2023";"07";"120606";"JUNIN";"SATIPO";"PANGOA";"GOBIERNO REGIONAL";"II-1";"00000442";"SAN MARTIN DE PANGOA";"241500";"HOSPITALIZACIÓN QUIRÚRGICA GINECOLOGÍA  ";"60";"62";"139";"68";"8";"248";"0"
"2023";"07";"120606";"JUNIN";"SATIPO";"PANGOA";"GOBIERNO REGIONAL";"II-1";"00000442";"SAN MARTIN DE PANGOA";"241400";"HOSPITALIZACIÓN QUIRÚRGICA GINECO - OBSTETRICIA ";"72";"76";"155";"179";"8";"248";"0"
"2023";"07";"120606";"JUNIN";"SATIPO";"PANGOA";"GOBIERNO REGIONAL";"II-1";"00000442";"SAN MARTIN DE PANGOA";"243200";"HOSPITALIZACIÓN DE PEDIATRÍA PEDIATRIA NEONATOLOGÍA";"11";"11";"85";"96";"6";"186";"0"
"2023";"07";"030201";"APURIMAC";"ANDAHUAYLAS";"ANDAHUAYLAS";"PRIVADO";"II-E";"00014017";"CLINICA PERUANA DE LOS ANDES";"240000";"HOSPITALIZACIÓN";"11";"13";"19";"13";"6";"186";"0"
"2023";"07";"130401";"LA LIBERTAD";"CHEPEN";"CHEPEN";"ESSALUD";"II-1";"00009954";"HOSPITAL I CHEPEN ESSALUD";"241900";"HOSPITALIZACIÓN DE MEDICINA MEDICINA INTERNA ";"34";"34";"136";"90";"5";"155";"1"
"2023";"07";"130401";"LA LIBERTAD";"CHEPEN";"CHEPEN";"ESSALUD";"II-1";"00009954";"HOSPITAL I CHEPEN ESSALUD";"240100";"HOSPITALIZACIÓN QUIRÚRGICA CIRUGÍA GENERAL ";"16";"15";"55";"51";"2";"62";"0"
"2023";"06";"070102";"CALLAO";"CALLAO";"BELLAVISTA";"SANIDAD DE LA MARINA DE GUERRA DEL PERU";"III-1";"00008266";"HOSPITAL NAVAL";"241300";"HOSPITALIZACIÓN QUIRÚRGICA UROLOGÍA  ";"54";"55";"696";"570";"21";"630";"0"
"2023";"06";"070102";"CALLAO";"CALLAO";"BELLAVISTA";"SANIDAD DE LA MARINA DE GUERRA DEL PERU";"III-1";"00008266";"HOSPITAL NAVAL";"242200";"HOSPITALIZACIÓN DE MEDICINA PSIQUIATRÍA ";"13";"8";"278";"419";"28";"840";"0"
"2023";"06";"070102";"CALLAO";"CALLAO";"BELLAVISTA";"SANIDAD DE LA MARINA DE GUERRA DEL PERU";"III-1";"00008266";"HOSPITAL NAVAL";"245300";"HOSPITALIZACIÓN DE MEDICINA NEUMOLOGÍA  ";"28";"21";"95";"158";"10";"300";"1"
"2023";"06";"070102";"CALLAO";"CALLAO";"BELLAVISTA";"SANIDAD DE LA MARINA DE GUERRA DEL PERU";"III-1";"00008266";"HOSPITAL NAVAL";"242000";"HOSPITALIZACIÓN DE MEDICINA MEDICINA TROPICAL E INFECCIOSAS ";"22";"20";"217";"292";"19";"570";"2"
"2023";"06";"070102";"CALLAO";"CALLAO";"BELLAVISTA";"SANIDAD DE LA MARINA DE GUERRA DEL PERU";"III-1";"00008266";"HOSPITAL NAVAL";"242300";"HOSPITALIZACIÓN DE PEDIATRÍA  PEDIATRÍA  GENERAL ";"84";"82";"263";"319";"18";"540";"0"
"2023";"06";"070102";"CALLAO";"CALLAO";"BELLAVISTA";"SANIDAD DE LA MARINA DE GUERRA DEL PERU";"III-1";"00008266";"HOSPITAL NAVAL";"241200";"HOSPITALIZACIÓN QUIRÚRGICA TRAUMATOLOGÍA Y ORTOPEDIA ";"24";"22";"421";"450";"15";"450";"0"
"2023";"06";"070102";"CALLAO";"CALLAO";"BELLAVISTA";"SANIDAD DE LA MARINA DE GUERRA DEL PERU";"III-1";"00008266";"HOSPITAL NAVAL";"241400";"HOSPITALIZACIÓN QUIRÚRGICA GINECO - OBSTETRICIA ";"81";"75";"393";"304";"18";"540";"0"
"2023";"06";"070102";"CALLAO";"CALLAO";"BELLAVISTA";"SANIDAD DE LA MARINA DE GUERRA DEL PERU";"III-1";"00008266";"HOSPITAL NAVAL";"243200";"HOSPITALIZACIÓN DE PEDIATRÍA PEDIATRIA NEONATOLOGÍA";"38";"41";"201";"159";"12";"360";"0"
"2023";"06";"070102";"CALLAO";"CALLAO";"BELLAVISTA";"SANIDAD DE LA MARINA DE GUERRA DEL PERU";"III-1";"00008266";"HOSPITAL NAVAL";"244400";"HOSPITALIZACIÓN DE MEDICINA GERIATRIA ";"35";"36";"429";"211";"14";"420";"11"
"2023";"06";"070102";"CALLAO";"CALLAO";"BELLAVISTA";"SANIDAD DE LA MARINA DE GUERRA DEL PERU";"III-1";"00008266";"HOSPITAL NAVAL";"240100";"HOSPITALIZACIÓN QUIRÚRGICA CIRUGÍA GENERAL ";"183";"151";"1279";"1328";"55";"1650";"0"
"2023";"06";"070102";"CALLAO";"CALLAO";"BELLAVISTA";"SANIDAD DE LA MARINA DE GUERRA DEL PERU";"III-1";"00008266";"HOSPITAL NAVAL";"241800";"HOSPITALIZACIÓN DE MEDICINA MEDICINA GENERAL ";"36";"36";"502";"582";"20";"600";"0"
"2023";"06";"070102";"CALLAO";"CALLAO";"BELLAVISTA";"SANIDAD DE LA MARINA DE GUERRA DEL PERU";"III-1";"00008266";"HOSPITAL NAVAL";"240000";"HOSPITALIZACIÓN";"141";"140";"1445";"1403";"95";"2850";"2"
"2023";"06";"060805";"CAJAMARCA";"JAEN";"HUABAL";"GOBIERNO REGIONAL";"I-1";"00013849";"SANTA ROSA DE HUABAL";"NE_0001";"";"NE_0001";"NE_0001";"NE_0001";"NE_0001";"NE_0001";"NE_0001";"NE_0001"
"2023";"06";"060805";"CAJAMARCA";"JAEN";"HUABAL";"GOBIERNO REGIONAL";"I-1";"00004243";"LA ESPERANZA";"NE_0001";"";"NE_0001";"NE_0001";"NE_0001";"NE_0001";"NE_0001";"NE_0001";"NE_0001"
"2023";"06";"060805";"CAJAMARCA";"JAEN";"HUABAL";"GOBIERNO REGIONAL";"I-1";"00016136";"CAJONES";"NE_0001";"";"NE_0001";"NE_0001";"NE_0001";"NE_0001";"NE_0001";"NE_0001";"NE_0001"
"2023";"06";"060805";"CAJAMARCA";"JAEN";"HUABAL";"GOBIERNO REGIONAL";"I-1";"00004242";"SAN FRANCISCO DE ASIS";"NE_0001";"";"NE_0001";"NE_0001";"NE_0001";"NE_0001";"NE_0001";"NE_0001";"NE_0001"
"2023";"06";"060805";"CAJAMARCA";"JAEN";"HUABAL";"GOBIERNO REGIONAL";"I-1";"00007124";"CORAZON DE JESUS";"NE_0001";"";"NE_0001";"NE_0001";"NE_0001";"NE_0001";"NE_0001";"NE_0001";"NE_0001"
"2023";"06";"060805";"CAJAMARCA";"JAEN";"HUABAL";"GOBIERNO REGIONAL";"I-2";"00007687";"HUACO";"NE_0001";"";"NE_0001";"NE_0001";"NE_0001";"NE_0001";"NE_0001";"NE_0001";"NE_0001"
"2023";"06";"060805";"CAJAMARCA";"JAEN";"HUABAL";"GOBIERNO REGIONAL";"I-3";"00004241";"HUABAL";"NE_0001";"";"NE_0001";"NE_0001";"NE_0001";"NE_0001";"NE_0001";"NE_0001";"NE_0001"
"2023";"06";"060805";"CAJAMARCA";"JAEN";"HUABAL";"GOBIERNO REGIONAL";"I-1";"00023956";"LA HUACA";"NE_0001";"";"NE_0001";"NE_0001";"NE_0001";"NE_0001";"NE_0001";"NE_0001";"NE_0001"
"2023";"06";"060805";"CAJAMARCA";"JAEN";"HUABAL";"GOBIERNO REGIONAL";"I-1";"00024938";"SAN PABLO";"NE_0001";"";"NE_0001";"NE_0001";"NE_0001";"NE_0001";"NE_0001";"NE_0001";"NE_0001"
"2023";"06";"050503";"AYACUCHO";"LA MAR";"AYNA";"GOBIERNO REGIONAL";"II-1";"00003754";"HOSPITAL DE APOYO SAN FRANCISCO";"240100";"HOSPITALIZACIÓN QUIRÚRGICA CIRUGÍA GENERAL ";"32";"31";"101";"104";"5";"150";"0"
"2023";"06";"050503";"AYACUCHO";"LA MAR";"AYNA";"GOBIERNO REGIONAL";"II-1";"00003754";"HOSPITAL DE APOYO SAN FRANCISCO";"241400";"HOSPITALIZACIÓN QUIRÚRGICA GINECO - OBSTETRICIA ";"64";"63";"171";"241";"10";"300";"0"
"2023";"06";"050503";"AYACUCHO";"LA MAR";"AYNA";"GOBIERNO REGIONAL";"II-1";"00003754";"HOSPITAL DE APOYO SAN FRANCISCO";"241800";"HOSPITALIZACIÓN DE MEDICINA MEDICINA GENERAL ";"54";"47";"321";"171";"7";"210";"3"
"2023";"06";"050503";"AYACUCHO";"LA MAR";"AYNA";"GOBIERNO REGIONAL";"II-1";"00003754";"HOSPITAL DE APOYO SAN FRANCISCO";"242500";"HOSPITALIZACIÓN-PEDIATRÍA GENERAL-";"36";"36";"143";"141";"5";"150";"0"
"2023";"06";"050503";"AYACUCHO";"LA MAR";"AYNA";"GOBIERNO REGIONAL";"II-1";"00003754";"HOSPITAL DE APOYO SAN FRANCISCO";"243200";"HOSPITALIZACIÓN DE PEDIATRÍA PEDIATRIA NEONATOLOGÍA";"12";"11";"34";"63";"5";"150";"0"
"2023";"06";"010701";"AMAZONAS";"UTCUBAMBA";"BAGUA GRANDE";"ESSALUD";"II-1";"00009067";"HOSPITAL EL BUEN SAMARITANO";"241800";"HOSPITALIZACIÓN DE MEDICINA MEDICINA GENERAL ";"23";"21";"93";"99";"6";"180";"0"
"2023";"06";"010701";"AMAZONAS";"UTCUBAMBA";"BAGUA GRANDE";"ESSALUD";"II-1";"00009067";"HOSPITAL EL BUEN SAMARITANO";"240100";"HOSPITALIZACIÓN QUIRÚRGICA CIRUGÍA GENERAL ";"16";"16";"56";"55";"3";"90";"0"
"2023";"06";"010701";"AMAZONAS";"UTCUBAMBA";"BAGUA GRANDE";"ESSALUD";"II-1";"00009067";"HOSPITAL EL BUEN SAMARITANO";"241500";"HOSPITALIZACIÓN QUIRÚRGICA GINECOLOGÍA  ";"41";"37";"98";"109";"4";"120";"0"
"2023";"06";"010701";"AMAZONAS";"UTCUBAMBA";"BAGUA GRANDE";"ESSALUD";"II-1";"00009067";"HOSPITAL EL BUEN SAMARITANO";"242300";"HOSPITALIZACIÓN DE PEDIATRÍA  PEDIATRÍA  GENERAL ";"35";"32";"67";"72";"3";"90";"0"
"2023";"06";"150115";"LIMA";"LIMA";"LA VICTORIA";"ESSALUD";"III-2";"00009251";"HOSPITAL NACIONAL GUILLERMO ALMENARA IRIGOYEN";"240100";"HOSPITALIZACIÓN QUIRÚRGICA CIRUGÍA GENERAL ";"88";"86";"529";"494";"30";"900";"0"
"2023";"06";"150115";"LIMA";"LIMA";"LA VICTORIA";"ESSALUD";"III-2";"00009251";"HOSPITAL NACIONAL GUILLERMO ALMENARA IRIGOYEN";"244000";"HOSPITALIZACIÓN DE MEDICINA CARDIOLOGIA ";"35";"36";"217";"237";"9";"270";"0"
"2023";"06";"150115";"LIMA";"LIMA";"LA VICTORIA";"ESSALUD";"III-2";"00009251";"HOSPITAL NACIONAL GUILLERMO ALMENARA IRIGOYEN";"242205";"HOSPITALIZACIÓN MEDICINA PSIQUIATRÍA PISIQUIATRIA/ SALUD MENTAL Y ADICCIONES";"5";"5";"84";"84";"3";"90";"0"
"2023";"06";"150115";"LIMA";"LIMA";"LA VICTORIA";"ESSALUD";"III-2";"00009251";"HOSPITAL NACIONAL GUILLERMO ALMENARA IRIGOYEN";"244100";"HOSPITALIZACIÓN DE MEDICINA DERMATOLOGÍA    ";"25";"25";"343";"325";"11";"330";"0"
"2023";"06";"150115";"LIMA";"LIMA";"LA VICTORIA";"ESSALUD";"III-2";"00009251";"HOSPITAL NACIONAL GUILLERMO ALMENARA IRIGOYEN";"244200";"HOSPITALIZACIÓN DE MEDICINA ENDOCRINOLOGIA ";"21";"21";"227";"332";"12";"360";"1"
"2023";"06";"150115";"LIMA";"LIMA";"LA VICTORIA";"ESSALUD";"III-2";"00009251";"HOSPITAL NACIONAL GUILLERMO ALMENARA IRIGOYEN";"244300";"HOSPITALIZACIÓN DE MEDICINA GASTROENTEROLOGÍA  ";"46";"41";"743";"926";"32";"960";"1"
"2023";"06";"150115";"LIMA";"LIMA";"LA VICTORIA";"ESSALUD";"III-2";"00009251";"HOSPITAL NACIONAL GUILLERMO ALMENARA IRIGOYEN";"244400";"HOSPITALIZACIÓN DE MEDICINA GERIATRIA ";"31";"31";"560";"498";"19";"570";"3"
"2023";"06";"150115";"LIMA";"LIMA";"LA VICTORIA";"ESSALUD";"III-2";"00009251";"HOSPITAL NACIONAL GUILLERMO ALMENARA IRIGOYEN";"244500";"HOSPITALIZACIÓN DE MEDICINA HEMATOLOGÍA ";"23";"26";"498";"598";"20";"600";"0"
"2023";"06";"150115";"LIMA";"LIMA";"LA VICTORIA";"ESSALUD";"III-2";"00009251";"HOSPITAL NACIONAL GUILLERMO ALMENARA IRIGOYEN";"241900";"HOSPITALIZACIÓN DE MEDICINA MEDICINA INTERNA ";"39";"47";"1008";"959";"35";"1050";"4"
"2023";"06";"150115";"LIMA";"LIMA";"LA VICTORIA";"ESSALUD";"III-2";"00009251";"HOSPITAL NACIONAL GUILLERMO ALMENARA IRIGOYEN";"241900";"HOSPITALIZACIÓN DE MEDICINA MEDICINA INTERNA ";"52";"40";"805";"1194";"42";"1260";"0"
"2023";"06";"150115";"LIMA";"LIMA";"LA VICTORIA";"ESSALUD";"III-2";"00009251";"HOSPITAL NACIONAL GUILLERMO ALMENARA IRIGOYEN";"241900";"HOSPITALIZACIÓN DE MEDICINA MEDICINA INTERNA ";"335";"302";"4692";"5397";"182";"5460";"20"
"2023";"06";"150115";"LIMA";"LIMA";"LA VICTORIA";"ESSALUD";"III-2";"00009251";"HOSPITAL NACIONAL GUILLERMO ALMENARA IRIGOYEN";"241900";"HOSPITALIZACIÓN DE MEDICINA MEDICINA INTERNA ";"54";"42";"747";"931";"33";"990";"5"
"2023";"06";"150115";"LIMA";"LIMA";"LA VICTORIA";"ESSALUD";"III-2";"00009251";"HOSPITAL NACIONAL GUILLERMO ALMENARA IRIGOYEN";"244600";"HOSPITALIZACIÓN DE MEDICINA NEFROLOGIA ";"81";"83";"897";"878";"30";"900";"1"
"2023";"06";"150115";"LIMA";"LIMA";"LA VICTORIA";"ESSALUD";"III-2";"00009251";"HOSPITAL NACIONAL GUILLERMO ALMENARA IRIGOYEN";"245300";"HOSPITALIZACIÓN DE MEDICINA NEUMOLOGÍA  ";"51";"39";"516";"552";"19";"570";"0"
"2023";"06";"150115";"LIMA";"LIMA";"LA VICTORIA";"ESSALUD";"III-2";"00009251";"HOSPITAL NACIONAL GUILLERMO ALMENARA IRIGOYEN";"244700";"HOSPITALIZACIÓN DE MEDICINA NEUROLOGIA  ";"27";"31";"557";"559";"21";"630";"1"
"2023";"06";"150115";"LIMA";"LIMA";"LA VICTORIA";"ESSALUD";"III-2";"00009251";"HOSPITAL NACIONAL GUILLERMO ALMENARA IRIGOYEN";"242100";"HOSPITALIZACIÓN DE MEDICINA ONCOLOGÍA MÉDICA ";"116";"120";"822";"850";"29";"870";"0"
"2023";"06";"150115";"LIMA";"LIMA";"LA VICTORIA";"ESSALUD";"III-2";"00009251";"HOSPITAL NACIONAL GUILLERMO ALMENARA IRIGOYEN";"242202";"HOSPITALIZACIÓN DE MEDICINA PSIQUIATRÍA PSIQUIATRÍA DEL ADULTO Y GERONTE";"31";"30";"525";"522";"18";"540";"0"
"2023";"06";"150115";"LIMA";"LIMA";"LA VICTORIA";"ESSALUD";"III-2";"00009251";"HOSPITAL NACIONAL GUILLERMO ALMENARA IRIGOYEN";"242203";"HOSPITALIZACIÓN DE MEDICINA PSIQUIATRÍA PSIQUIATRÍA DEL NIÑO Y DEL ADOLESCENTE";"15";"14";"227";"253";"9";"270";"0"
"2023";"06";"150115";"LIMA";"LIMA";"LA VICTORIA";"ESSALUD";"III-2";"00009251";"HOSPITAL NACIONAL GUILLERMO ALMENARA IRIGOYEN";"245500";"HOSPITALIZACIÓN DE MEDICINA REUMATOLOGÍA    ";"23";"22";"486";"327";"12";"360";"0"
"2023";"06";"150115";"LIMA";"LIMA";"LA VICTORIA";"ESSALUD";"III-2";"00009251";"HOSPITAL NACIONAL GUILLERMO ALMENARA IRIGOYEN";"240200";"HOSPITALIZACIÓN QUIRÚRGICA CIRUGÍA DE CABEZA Y CUELLO / MÁXILO FACIAL ";"53";"51";"322";"336";"12";"360";"0"
"2023";"06";"150115";"LIMA";"LIMA";"LA VICTORIA";"ESSALUD";"III-2";"00009251";"HOSPITAL NACIONAL GUILLERMO ALMENARA IRIGOYEN";"240400";"HOSPITALIZACIÓN QUIRÚRGICA CIRUGÍA DE TÓRAX Y CARDIOVASCULAR ";"21";"13";"103";"102";"5";"150";"0"
"2023";"06";"150115";"LIMA";"LIMA";"LA VICTORIA";"ESSALUD";"III-2";"00009251";"HOSPITAL NACIONAL GUILLERMO ALMENARA IRIGOYEN";"241200";"HOSPITALIZACIÓN QUIRÚRGICA TRAUMATOLOGÍA Y ORTOPEDIA ";"37";"45";"387";"313";"12";"360";"0"
"2023";"06";"150115";"LIMA";"LIMA";"LA VICTORIA";"ESSALUD";"III-2";"00009251";"HOSPITAL NACIONAL GUILLERMO ALMENARA IRIGOYEN";"240400";"HOSPITALIZACIÓN QUIRÚRGICA CIRUGÍA DE TÓRAX Y CARDIOVASCULAR ";"24";"30";"421";"321";"11";"330";"0"
"2023";"06";"150115";"LIMA";"LIMA";"LA VICTORIA";"ESSALUD";"III-2";"00009251";"HOSPITAL NACIONAL GUILLERMO ALMENARA IRIGOYEN";"240801";"HOSPITALIZACIÓN QUIRÚRGICA CIRUGÍA PLÁSTICA/RECONSTRUCTIVA/ REPARADORA QUEMADOS";"19";"19";"211";"150";"6";"180";"0"
"2023";"06";"150115";"LIMA";"LIMA";"LA VICTORIA";"ESSALUD";"III-2";"00009251";"HOSPITAL NACIONAL GUILLERMO ALMENARA IRIGOYEN";"240100";"HOSPITALIZACIÓN QUIRÚRGICA CIRUGÍA GENERAL ";"33";"28";"601";"327";"11";"330";"0"
"2023";"06";"150115";"LIMA";"LIMA";"LA VICTORIA";"ESSALUD";"III-2";"00009251";"HOSPITAL NACIONAL GUILLERMO ALMENARA IRIGOYEN";"240100";"HOSPITALIZACIÓN QUIRÚRGICA CIRUGÍA GENERAL ";"34";"39";"462";"384";"14";"420";"0"
"2023";"06";"150115";"LIMA";"LIMA";"LA VICTORIA";"ESSALUD";"III-2";"00009251";"HOSPITAL NACIONAL GUILLERMO ALMENARA IRIGOYEN";"240100";"HOSPITALIZACIÓN QUIRÚRGICA CIRUGÍA GENERAL ";"21";"24";"572";"638";"22";"660";"0"
"2023";"06";"150115";"LIMA";"LIMA";"LA VICTORIA";"ESSALUD";"III-2";"00009251";"HOSPITAL NACIONAL GUILLERMO ALMENARA IRIGOYEN";"240100";"HOSPITALIZACIÓN QUIRÚRGICA CIRUGÍA GENERAL ";"24";"32";"569";"446";"15";"450";"1"
"2023";"06";"150115";"LIMA";"LIMA";"LA VICTORIA";"ESSALUD";"III-2";"00009251";"HOSPITAL NACIONAL GUILLERMO ALMENARA IRIGOYEN";"241500";"HOSPITALIZACIÓN QUIRÚRGICA GINECOLOGÍA  ";"38";"39";"275";"220";"8";"240";"0"
"2023";"06";"150115";"LIMA";"LIMA";"LA VICTORIA";"ESSALUD";"III-2";"00009251";"HOSPITAL NACIONAL GUILLERMO ALMENARA IRIGOYEN";"250107";"UNIDAD DE CUIDADOS CRITICOS UNIDAD  DE CUIDADOS INTENSIVOS  (UCI) NEUROQUIRÚRGICA";"0";"1";"58";"159";"6";"180";"1"
"2023";"06";"150115";"LIMA";"LIMA";"LA VICTORIA";"ESSALUD";"III-2";"00009251";"HOSPITAL NACIONAL GUILLERMO ALMENARA IRIGOYEN";"240900";"HOSPITALIZACIÓN QUIRÚRGICA NEUROCIRUGÍA ";"37";"35";"565";"354";"13";"390";"2"
"2023";"06";"150115";"LIMA";"LIMA";"LA VICTORIA";"ESSALUD";"III-2";"00009251";"HOSPITAL NACIONAL GUILLERMO ALMENARA IRIGOYEN";"240900";"HOSPITALIZACIÓN QUIRÚRGICA NEUROCIRUGÍA ";"38";"31";"172";"146";"6";"180";"0"
"2023";"06";"150115";"LIMA";"LIMA";"LA VICTORIA";"ESSALUD";"III-2";"00009251";"HOSPITAL NACIONAL GUILLERMO ALMENARA IRIGOYEN";"240900";"HOSPITALIZACIÓN QUIRÚRGICA NEUROCIRUGÍA ";"30";"35";"392";"241";"9";"270";"0"
"2023";"06";"150115";"LIMA";"LIMA";"LA VICTORIA";"ESSALUD";"III-2";"00009251";"HOSPITAL NACIONAL GUILLERMO ALMENARA IRIGOYEN";"240600";"HOSPITALIZACIÓN QUIRÚRGICA CIRUGÍA OFTALMOLÓGICA ";"0";"7";"36";"31";"3";"90";"0"
"2023";"06";"150115";"LIMA";"LIMA";"LA VICTORIA";"ESSALUD";"III-2";"00009251";"HOSPITAL NACIONAL GUILLERMO ALMENARA IRIGOYEN";"240600";"HOSPITALIZACIÓN QUIRÚRGICA CIRUGÍA OFTALMOLÓGICA ";"7";"6";"28";"38";"3";"90";"0"
"2023";"06";"150115";"LIMA";"LIMA";"LA VICTORIA";"ESSALUD";"III-2";"00009251";"HOSPITAL NACIONAL GUILLERMO ALMENARA IRIGOYEN";"241200";"HOSPITALIZACIÓN QUIRÚRGICA TRAUMATOLOGÍA Y ORTOPEDIA ";"68";"70";"694";"743";"25";"750";"2"
"2023";"06";"150115";"LIMA";"LIMA";"LA VICTORIA";"ESSALUD";"III-2";"00009251";"HOSPITAL NACIONAL GUILLERMO ALMENARA IRIGOYEN";"241200";"HOSPITALIZACIÓN QUIRÚRGICA TRAUMATOLOGÍA Y ORTOPEDIA ";"115";"96";"820";"964";"33";"990";"1"
"2023";"06";"150115";"LIMA";"LIMA";"LA VICTORIA";"ESSALUD";"III-2";"00009251";"HOSPITAL NACIONAL GUILLERMO ALMENARA IRIGOYEN";"241100";"HOSPITALIZACIÓN QUIRÚRGICA OTORRINOLARINGOLOGÍA  ";"48";"55";"401";"366";"14";"420";"0"
"2023";"06";"150115";"LIMA";"LIMA";"LA VICTORIA";"ESSALUD";"III-2";"00009251";"HOSPITAL NACIONAL GUILLERMO ALMENARA IRIGOYEN";"240500";"HOSPITALIZACIÓN QUIRÚRGICA CIRUGÍA DE TRANSPLANTES ";"14";"16";"231";"229";"9";"270";"2"
"2023";"06";"150115";"LIMA";"LIMA";"LA VICTORIA";"ESSALUD";"III-2";"00009251";"HOSPITAL NACIONAL GUILLERMO ALMENARA IRIGOYEN";"240500";"HOSPITALIZACIÓN QUIRÚRGICA CIRUGÍA DE TRANSPLANTES ";"42";"43";"346";"335";"12";"360";"0"
"2023";"06";"150115";"LIMA";"LIMA";"LA VICTORIA";"ESSALUD";"III-2";"00009251";"HOSPITAL NACIONAL GUILLERMO ALMENARA IRIGOYEN";"241300";"HOSPITALIZACIÓN QUIRÚRGICA UROLOGÍA  ";"90";"94";"1148";"1118";"39";"1170";"2"
"2023";"06";"150115";"LIMA";"LIMA";"LA VICTORIA";"ESSALUD";"III-2";"00009251";"HOSPITAL NACIONAL GUILLERMO ALMENARA IRIGOYEN";"241500";"HOSPITALIZACIÓN QUIRÚRGICA GINECOLOGÍA  ";"89";"92";"690";"589";"21";"630";"0"
"2023";"06";"150115";"LIMA";"LIMA";"LA VICTORIA";"ESSALUD";"III-2";"00009251";"HOSPITAL NACIONAL GUILLERMO ALMENARA IRIGOYEN";"241600";"HOSPITALIZACIÓN QUIRÚRGICA OBSTETRICIA   ";"180";"198";"1195";"1052";"36";"1080";"0"
"2023";"06";"150115";"LIMA";"LIMA";"LA VICTORIA";"ESSALUD";"III-2";"00009251";"HOSPITAL NACIONAL GUILLERMO ALMENARA IRIGOYEN";"240700";"HOSPITALIZACIÓN QUIRÚRGICA CIRUGÍA PEDIÁTRICA ";"80";"86";"316";"287";"11";"330";"0"
"2023";"06";"150115";"LIMA";"LIMA";"LA VICTORIA";"ESSALUD";"III-2";"00009251";"HOSPITAL NACIONAL GUILLERMO ALMENARA IRIGOYEN";"242300";"HOSPITALIZACIÓN DE PEDIATRÍA  PEDIATRÍA  GENERAL ";"13";"19";"515";"306";"12";"360";"1"
"2023";"06";"150115";"LIMA";"LIMA";"LA VICTORIA";"ESSALUD";"III-2";"00009251";"HOSPITAL NACIONAL GUILLERMO ALMENARA IRIGOYEN";"243200";"HOSPITALIZACIÓN DE PEDIATRÍA PEDIATRIA NEONATOLOGÍA";"7";"40";"415";"227";"8";"240";"0"
"2023";"06";"150115";"LIMA";"LIMA";"LA VICTORIA";"ESSALUD";"III-2";"00009251";"HOSPITAL NACIONAL GUILLERMO ALMENARA IRIGOYEN";"250101";"UNIDAD DE CUIDADOS CRITICOS UNIDAD  DE CUIDADOS INTENSIVOS GENERALES (UCI) CARDIOLOGIA";"16";"12";"256";"231";"8";"240";"5"
"2023";"06";"150115";"LIMA";"LIMA";"LA VICTORIA";"ESSALUD";"III-2";"00009251";"HOSPITAL NACIONAL GUILLERMO ALMENARA IRIGOYEN";"250111";"UNIDAD DE CUIDADOS CRITICOS UNIDAD  DE CUIDADOS INTENSIVOS  (UCI) CARDIOVASCULAR";"0";"1";"3";"73";"3";"90";"0"
"2023";"06";"150115";"LIMA";"LIMA";"LA VICTORIA";"ESSALUD";"III-2";"00009251";"HOSPITAL NACIONAL GUILLERMO ALMENARA IRIGOYEN";"250400";"UNIDAD DE CUIDADOS CRITICOS UNIDAD DE QUEMADOS (GRAN QUEMADO) ";"0";"1";"1";"56";"2";"60";"0"
"2023";"06";"150115";"LIMA";"LIMA";"LA VICTORIA";"ESSALUD";"III-2";"00009251";"HOSPITAL NACIONAL GUILLERMO ALMENARA IRIGOYEN";"250108";"UNIDAD DE CUIDADOS CRITICOS UNIDAD  DE CUIDADOS INTENSIVOS  (UCI) PEDIÁTRICA";"8";"5";"61";"234";"8";"240";"0"
"2023";"06";"150115";"LIMA";"LIMA";"LA VICTORIA";"ESSALUD";"III-2";"00009251";"HOSPITAL NACIONAL GUILLERMO ALMENARA IRIGOYEN";"250100";"UNIDAD DE CUIDADOS CRITICOS UNIDAD  DE CUIDADOS INTENSIVOS GENERALES (UCI) ";"25";"15";"371";"448";"15";"450";"15"
"2023";"06";"150115";"LIMA";"LIMA";"LA VICTORIA";"ESSALUD";"III-2";"00009251";"HOSPITAL NACIONAL GUILLERMO ALMENARA IRIGOYEN";"250105";"UNIDAD DE CUIDADOS CRITICOS UNIDAD  DE CUIDADOS INTENSIVOS  (UCI) NEONATOLOGÍA";"2";"2";"30";"447";"15";"450";"1"
"2023";"06";"150115";"LIMA";"LIMA";"LA VICTORIA";"ESSALUD";"III-2";"00009251";"HOSPITAL NACIONAL GUILLERMO ALMENARA IRIGOYEN";"250107";"UNIDAD DE CUIDADOS CRITICOS UNIDAD  DE CUIDADOS INTENSIVOS  (UCI) NEUROQUIRÚRGICA";"0";"2";"12";"22";"2";"60";"1"
"2023";"06";"150115";"LIMA";"LIMA";"LA VICTORIA";"ESSALUD";"III-2";"00009251";"HOSPITAL NACIONAL GUILLERMO ALMENARA IRIGOYEN";"250107";"UNIDAD DE CUIDADOS CRITICOS UNIDAD  DE CUIDADOS INTENSIVOS  (UCI) NEUROQUIRÚRGICA";"0";"1";"4";"55";"4";"120";"0"
"2023";"06";"150115";"LIMA";"LIMA";"LA VICTORIA";"ESSALUD";"III-2";"00009251";"HOSPITAL NACIONAL GUILLERMO ALMENARA IRIGOYEN";"250200";"UNIDAD DE CUIDADOS CRITICOS UNIDAD DE CUIDADOS INTERMEDIOS GENERAL  (UCIN) ";"36";"40";"275";"289";"11";"330";"0"
"2023";"06";"150115";"LIMA";"LIMA";"LA VICTORIA";"ESSALUD";"III-2";"00009251";"HOSPITAL NACIONAL GUILLERMO ALMENARA IRIGOYEN";"250200";"UNIDAD DE CUIDADOS CRITICOS UNIDAD DE CUIDADOS INTERMEDIOS GENERAL  (UCIN) ";"9";"14";"180";"147";"5";"150";"0"
"2023";"06";"150115";"LIMA";"LIMA";"LA VICTORIA";"ESSALUD";"III-2";"00009251";"HOSPITAL NACIONAL GUILLERMO ALMENARA IRIGOYEN";"250100";"UNIDAD DE CUIDADOS CRITICOS UNIDAD  DE CUIDADOS INTENSIVOS GENERALES (UCI) ";"12";"9";"110";"269";"9";"270";"0"
"2023";"06";"150115";"LIMA";"LIMA";"LA VICTORIA";"ESSALUD";"III-2";"00009251";"HOSPITAL NACIONAL GUILLERMO ALMENARA IRIGOYEN";"250202";"UNIDAD DE CUIDADOS CRITICOS UNIDAD DE CUIDADOS INTERMEDIOS  (UCIN) PEDIÁTRICOS";"12";"15";"123";"135";"5";"150";"0"
"2023";"06";"150115";"LIMA";"LIMA";"LA VICTORIA";"ESSALUD";"III-2";"00009251";"HOSPITAL NACIONAL GUILLERMO ALMENARA IRIGOYEN";"250202";"UNIDAD DE CUIDADOS CRITICOS UNIDAD DE CUIDADOS INTERMEDIOS  (UCIN) PEDIÁTRICOS";"3";"3";"82";"426";"16";"480";"0"
"2023";"06";"150115";"LIMA";"LIMA";"LA VICTORIA";"ESSALUD";"III-2";"00009251";"HOSPITAL NACIONAL GUILLERMO ALMENARA IRIGOYEN";"250200";"UNIDAD DE CUIDADOS CRITICOS UNIDAD DE CUIDADOS INTERMEDIOS GENERAL  (UCIN) ";"5";"3";"216";"611";"21";"630";"1"
"2023";"06";"150115";"LIMA";"LIMA";"LA VICTORIA";"ESSALUD";"III-2";"00009251";"HOSPITAL NACIONAL GUILLERMO ALMENARA IRIGOYEN";"250201";"UNIDAD DE CUIDADOS CRITICOS UNIDAD DE CUIDADOS INTERMEDIOS  (UCIN) NEONATAL";"11";"22";"701";"451";"16";"480";"3"
"2023";"06";"150115";"LIMA";"LIMA";"LA VICTORIA";"ESSALUD";"III-2";"00009251";"HOSPITAL NACIONAL GUILLERMO ALMENARA IRIGOYEN";"250200";"UNIDAD DE CUIDADOS CRITICOS UNIDAD DE CUIDADOS INTERMEDIOS GENERAL  (UCIN) ";"3";"10";"126";"171";"6";"180";"3"
"2023";"06";"150115";"LIMA";"LIMA";"LA VICTORIA";"ESSALUD";"III-2";"00009251";"HOSPITAL NACIONAL GUILLERMO ALMENARA IRIGOYEN";"250200";"UNIDAD DE CUIDADOS CRITICOS UNIDAD DE CUIDADOS INTERMEDIOS GENERAL  (UCIN) ";"0";"4";"288";"115";"5";"150";"0"
"2023";"06";"150115";"LIMA";"LIMA";"LA VICTORIA";"ESSALUD";"III-2";"00009251";"HOSPITAL NACIONAL GUILLERMO ALMENARA IRIGOYEN";"250200";"UNIDAD DE CUIDADOS CRITICOS UNIDAD DE CUIDADOS INTERMEDIOS GENERAL  (UCIN) ";"0";"3";"16";"57";"2";"60";"0"
"2023";"06";"150115";"LIMA";"LIMA";"LA VICTORIA";"ESSALUD";"III-2";"00009251";"HOSPITAL NACIONAL GUILLERMO ALMENARA IRIGOYEN";"250200";"UNIDAD DE CUIDADOS CRITICOS UNIDAD DE CUIDADOS INTERMEDIOS GENERAL  (UCIN) ";"0";"0";"0";"64";"3";"90";"0"
"2023";"06";"070101";"CALLAO";"CALLAO";"CALLAO";"PRIVADO";"I-3";"00021094";"LIMATAMBO SEDE MINKA II";"NE_0001";"";"NE_0001";"NE_0001";"NE_0001";"NE_0001";"NE_0001";"NE_0001";"NE_0001"
"2023";"05";"150113";"LIMA";"LIMA";"JESUS MARIA";"PRIVADO";"III-1";"00009116";"CLINICA SAN FELIPE S.A.";"240000";"HOSPITALIZACIÓN";"382";"359";"1296";"42";"95";"2610";"4"
"2023";"05";"150113";"LIMA";"LIMA";"JESUS MARIA";"PRIVADO";"III-1";"00009116";"CLINICA SAN FELIPE S.A.";"250200";"UNIDAD DE CUIDADOS CRITICOS UNIDAD DE CUIDADOS INTERMEDIOS GENERAL  (UCIN) ";"68";"66";"559";"18";"51";"450";"4"
"2023";"05";"150113";"LIMA";"LIMA";"JESUS MARIA";"PRIVADO";"III-1";"00009116";"CLINICA SAN FELIPE S.A.";"250100";"UNIDAD DE CUIDADOS CRITICOS UNIDAD  DE CUIDADOS INTENSIVOS GENERALES (UCI) ";"44";"42";"258";"8";"20";"330";"2"
"2023";"06";"190103";"PASCO";"PASCO";"HUARIACA";"ESSALUD";"II-E";"00009749";"HOSPITAL II - E HUARIACA";"241800";"HOSPITALIZACIÓN DE MEDICINA MEDICINA GENERAL ";"19";"22";"81";"88";"9";"270";"0"
"2023";"06";"190103";"PASCO";"PASCO";"HUARIACA";"ESSALUD";"II-E";"00009749";"HOSPITAL II - E HUARIACA";"242100";"HOSPITALIZACIÓN DE MEDICINA ONCOLOGÍA MÉDICA ";"50";"48";"155";"160";"10";"300";"1"
"2023";"06";"190103";"PASCO";"PASCO";"HUARIACA";"ESSALUD";"II-E";"00009749";"HOSPITAL II - E HUARIACA";"242200";"HOSPITALIZACIÓN DE MEDICINA PSIQUIATRÍA ";"7";"10";"3768";"1005";"70";"2100";"0"
"2023";"06";"190103";"PASCO";"PASCO";"HUARIACA";"ESSALUD";"II-E";"00009749";"HOSPITAL II - E HUARIACA";"240100";"HOSPITALIZACIÓN QUIRÚRGICA CIRUGÍA GENERAL ";"22";"20";"48";"70";"3";"90";"0"
"2023";"06";"190103";"PASCO";"PASCO";"HUARIACA";"ESSALUD";"II-E";"00009749";"HOSPITAL II - E HUARIACA";"241400";"HOSPITALIZACIÓN QUIRÚRGICA GINECO - OBSTETRICIA ";"13";"12";"34";"38";"2";"60";"0"
"2023";"03";"080105";"CUSCO";"CUSCO";"SAN SEBASTIAN";"PRIVADO";"II-E";"00024584";"VIRGEN GUADALUPE CUSCO";"240100";"HOSPITALIZACIÓN QUIRÚRGICA CIRUGÍA GENERAL ";"65";"65";"65";"65";"65";"67";"0"
"2023";"03";"080105";"CUSCO";"CUSCO";"SAN SEBASTIAN";"PRIVADO";"II-E";"00024584";"VIRGEN GUADALUPE CUSCO";"241800";"HOSPITALIZACIÓN DE MEDICINA MEDICINA GENERAL ";"3";"3";"3";"3";"3";"6";"0"
"2023";"04";"210801";"PUNO";"MELGAR";"AYAVIRI";"GOBIERNO REGIONAL";"II-1";"00003156";"SAN JUAN DE DIOS (AYAVIRI)";"240100";"HOSPITALIZACIÓN QUIRÚRGICA CIRUGÍA GENERAL ";"41";"53";"254";"292";"19";"570";"0"
"2023";"04";"210801";"PUNO";"MELGAR";"AYAVIRI";"GOBIERNO REGIONAL";"II-1";"00003156";"SAN JUAN DE DIOS (AYAVIRI)";"241500";"HOSPITALIZACIÓN QUIRÚRGICA GINECOLOGÍA  ";"44";"46";"108";"108";"6";"180";"0"
"2023";"04";"210801";"PUNO";"MELGAR";"AYAVIRI";"GOBIERNO REGIONAL";"II-1";"00003156";"SAN JUAN DE DIOS (AYAVIRI)";"241600";"HOSPITALIZACIÓN QUIRÚRGICA OBSTETRICIA   ";"48";"53";"93";"120";"7";"210";"0"
"2023";"04";"210801";"PUNO";"MELGAR";"AYAVIRI";"GOBIERNO REGIONAL";"II-1";"00003156";"SAN JUAN DE DIOS (AYAVIRI)";"241800";"HOSPITALIZACIÓN DE MEDICINA MEDICINA GENERAL ";"17";"20";"135";"135";"14";"420";"0"
"2023";"04";"210801";"PUNO";"MELGAR";"AYAVIRI";"GOBIERNO REGIONAL";"II-1";"00003156";"SAN JUAN DE DIOS (AYAVIRI)";"242500";"HOSPITALIZACIÓN-PEDIATRÍA GENERAL-";"26";"29";"113";"126";"7";"210";"0"
"2023";"04";"210801";"PUNO";"MELGAR";"AYAVIRI";"GOBIERNO REGIONAL";"II-1";"00003156";"SAN JUAN DE DIOS (AYAVIRI)";"243200";"HOSPITALIZACIÓN DE PEDIATRÍA PEDIATRIA NEONATOLOGÍA";"6";"6";"25";"90";"3";"95";"0"
"2023";"04";"060803";"CAJAMARCA";"JAEN";"CHONTALI";"GOBIERNO REGIONAL";"I-3";"00004232";"CHONTALI";"NE_0001";"";"NE_0001";"NE_0001";"NE_0001";"NE_0001";"NE_0001";"NE_0001";"NE_0001"
"2023";"05";"200601";"PIURA";"SULLANA";"SULLANA";"GOBIERNO REGIONAL";"II-2";"00001910";"HOSPITAL DE APOYO II - 2 SULLANA";"241900";"HOSPITALIZACIÓN DE MEDICINA MEDICINA INTERNA ";"72";"83";"940";"760";"39";"1209";"19"
"2023";"05";"200601";"PIURA";"SULLANA";"SULLANA";"GOBIERNO REGIONAL";"II-2";"00001910";"HOSPITAL DE APOYO II - 2 SULLANA";"244000";"HOSPITALIZACIÓN DE MEDICINA CARDIOLOGIA ";"15";"15";"120";"102";"6";"186";"0"
"2023";"05";"200601";"PIURA";"SULLANA";"SULLANA";"GOBIERNO REGIONAL";"II-2";"00001910";"HOSPITAL DE APOYO II - 2 SULLANA";"240100";"HOSPITALIZACIÓN QUIRÚRGICA CIRUGÍA GENERAL ";"128";"124";"613";"563";"20";"627";"4"
"2023";"05";"200601";"PIURA";"SULLANA";"SULLANA";"GOBIERNO REGIONAL";"II-2";"00001910";"HOSPITAL DE APOYO II - 2 SULLANA";"240700";"HOSPITALIZACIÓN QUIRÚRGICA CIRUGÍA PEDIÁTRICA ";"38";"41";"240";"159";"6";"192";"0"
"2023";"05";"200601";"PIURA";"SULLANA";"SULLANA";"GOBIERNO REGIONAL";"II-2";"00001910";"HOSPITAL DE APOYO II - 2 SULLANA";"241200";"HOSPITALIZACIÓN QUIRÚRGICA TRAUMATOLOGÍA Y ORTOPEDIA ";"5";"9";"194";"53";"6";"186";"0"
"2023";"05";"200601";"PIURA";"SULLANA";"SULLANA";"GOBIERNO REGIONAL";"II-2";"00001910";"HOSPITAL DE APOYO II - 2 SULLANA";"243200";"HOSPITALIZACIÓN DE PEDIATRÍA PEDIATRIA NEONATOLOGÍA";"45";"43";"410";"427";"20";"620";"2"
"2023";"05";"200601";"PIURA";"SULLANA";"SULLANA";"GOBIERNO REGIONAL";"II-2";"00001910";"HOSPITAL DE APOYO II - 2 SULLANA";"250105";"UNIDAD DE CUIDADOS CRITICOS UNIDAD  DE CUIDADOS INTENSIVOS  (UCI) NEONATOLOGÍA";"2";"3";"39";"98";"4";"124";"3"
"2023";"05";"200601";"PIURA";"SULLANA";"SULLANA";"GOBIERNO REGIONAL";"II-2";"00001910";"HOSPITAL DE APOYO II - 2 SULLANA";"242300";"HOSPITALIZACIÓN DE PEDIATRÍA  PEDIATRÍA  GENERAL ";"98";"92";"481";"413";"16";"491";"3"
"2023";"05";"200601";"PIURA";"SULLANA";"SULLANA";"GOBIERNO REGIONAL";"II-2";"00001910";"HOSPITAL DE APOYO II - 2 SULLANA";"241500";"HOSPITALIZACIÓN QUIRÚRGICA GINECOLOGÍA  ";"28";"28";"110";"95";"6";"185";"0"
"2023";"05";"200601";"PIURA";"SULLANA";"SULLANA";"GOBIERNO REGIONAL";"II-2";"00001910";"HOSPITAL DE APOYO II - 2 SULLANA";"241600";"HOSPITALIZACIÓN QUIRÚRGICA OBSTETRICIA   ";"374";"366";"1094";"924";"38";"1179";"0"
"2023";"05";"200601";"PIURA";"SULLANA";"SULLANA";"GOBIERNO REGIONAL";"II-2";"00001910";"HOSPITAL DE APOYO II - 2 SULLANA";"250100";"UNIDAD DE CUIDADOS CRITICOS UNIDAD  DE CUIDADOS INTENSIVOS GENERALES (UCI) ";"25";"13";"149";"448";"15";"465";"11"
"2023";"05";"090301";"HUANCAVELICA";"ANGARAES";"LIRCAY";"GOBIERNO REGIONAL";"II-1";"00003943";"HOSPITAL DE LIRCAY";"240100";"HOSPITALIZACIÓN QUIRÚRGICA CIRUGÍA GENERAL ";"9";"10";"49";"9";"6";"186";"0"
"2023";"05";"090301";"HUANCAVELICA";"ANGARAES";"LIRCAY";"GOBIERNO REGIONAL";"II-1";"00003943";"HOSPITAL DE LIRCAY";"241400";"HOSPITALIZACIÓN QUIRÚRGICA GINECO - OBSTETRICIA ";"75";"78";"140";"75";"9";"279";"0"
"2023";"05";"090301";"HUANCAVELICA";"ANGARAES";"LIRCAY";"GOBIERNO REGIONAL";"II-1";"00003943";"HOSPITAL DE LIRCAY";"241900";"HOSPITALIZACIÓN DE MEDICINA MEDICINA INTERNA ";"13";"14";"60";"13";"26";"806";"0"
"2023";"05";"090301";"HUANCAVELICA";"ANGARAES";"LIRCAY";"GOBIERNO REGIONAL";"II-1";"00003943";"HOSPITAL DE LIRCAY";"242500";"HOSPITALIZACIÓN-PEDIATRÍA GENERAL-";"13";"15";"82";"13";"3";"93";"0"
"2023";"05";"130102";"LA LIBERTAD";"TRUJILLO";"EL PORVENIR";"GOBIERNO REGIONAL";"II-1";"00005209";"HOSPITAL DISTRITAL DE EL PORVENIR SANTA ISABEL";"241800";"HOSPITALIZACIÓN DE MEDICINA MEDICINA GENERAL ";"35";"41";"141";"141";"6";"186";"0"
"2023";"05";"130102";"LA LIBERTAD";"TRUJILLO";"EL PORVENIR";"GOBIERNO REGIONAL";"II-1";"00005209";"HOSPITAL DISTRITAL DE EL PORVENIR SANTA ISABEL";"243200";"HOSPITALIZACIÓN DE PEDIATRÍA PEDIATRIA NEONATOLOGÍA";"5";"8";"37";"37";"8";"248";"0"
"2023";"05";"130102";"LA LIBERTAD";"TRUJILLO";"EL PORVENIR";"GOBIERNO REGIONAL";"II-1";"00005209";"HOSPITAL DISTRITAL DE EL PORVENIR SANTA ISABEL";"242300";"HOSPITALIZACIÓN DE PEDIATRÍA  PEDIATRÍA  GENERAL ";"28";"27";"93";"93";"3";"93";"0"
"2023";"05";"130102";"LA LIBERTAD";"TRUJILLO";"EL PORVENIR";"GOBIERNO REGIONAL";"II-1";"00005209";"HOSPITAL DISTRITAL DE EL PORVENIR SANTA ISABEL";"241400";"HOSPITALIZACIÓN QUIRÚRGICA GINECO - OBSTETRICIA ";"45";"47";"74";"74";"10";"310";"0"
"2023";"05";"130102";"LA LIBERTAD";"TRUJILLO";"EL PORVENIR";"GOBIERNO REGIONAL";"II-1";"00005209";"HOSPITAL DISTRITAL DE EL PORVENIR SANTA ISABEL";"241500";"HOSPITALIZACIÓN QUIRÚRGICA GINECOLOGÍA  ";"15";"15";"39";"39";"3";"93";"0"
"2023";"05";"080604";"CUSCO";"CANCHIS";"MARANGANI";"GOBIERNO REGIONAL";"I-1";"00002390";"CCUYO";"NE_0001";"";"NE_0001";"NE_0001";"NE_0001";"NE_0001";"NE_0001";"NE_0001";"NE_0001"
"2023";"05";"080604";"CUSCO";"CANCHIS";"MARANGANI";"GOBIERNO REGIONAL";"I-3";"00002388";"MARANGANI";"NE_0001";"";"NE_0001";"NE_0001";"NE_0001";"NE_0001";"NE_0001";"NE_0001";"NE_0001"
"2023";"05";"060508";"CAJAMARCA";"CONTUMAZA";"YONAN";"GOBIERNO REGIONAL";"I-1";"00004589";"CAFETAL";"NE_0002";"";"NE_0002";"NE_0002";"NE_0002";"NE_0002";"NE_0002";"NE_0002";"NE_0002"
"2023";"05";"060508";"CAJAMARCA";"CONTUMAZA";"YONAN";"GOBIERNO REGIONAL";"I-1";"00004588";"VENTANILLA";"NE_0002";"";"NE_0002";"NE_0002";"NE_0002";"NE_0002";"NE_0002";"NE_0002";"NE_0002"
"2023";"05";"060503";"CAJAMARCA";"CONTUMAZA";"CUPISNIQUE";"GOBIERNO REGIONAL";"I-1";"00004590";"TRINIDAD";"NE_0002";"";"NE_0002";"NE_0002";"NE_0002";"NE_0002";"NE_0002";"NE_0002";"NE_0002"
"2023";"05";"060503";"CAJAMARCA";"CONTUMAZA";"CUPISNIQUE";"GOBIERNO REGIONAL";"I-1";"00004591";"SANTA CATALINA";"NE_0002";"";"NE_0002";"NE_0002";"NE_0002";"NE_0002";"NE_0002";"NE_0002";"NE_0002"
"2023";"05";"060508";"CAJAMARCA";"CONTUMAZA";"YONAN";"GOBIERNO REGIONAL";"I-4";"00004587";"TEMBLADERA";"241600";"HOSPITALIZACIÓN QUIRÚRGICA OBSTETRICIA   ";"5";"8";"18";"62";"5";"155";"0"
"2023";"05";"060508";"CAJAMARCA";"CONTUMAZA";"YONAN";"GOBIERNO REGIONAL";"I-4";"00004587";"TEMBLADERA";"241800";"HOSPITALIZACIÓN DE MEDICINA MEDICINA GENERAL ";"73";"78";"113";"320";"12";"372";"0"
"2023";"05";"060508";"CAJAMARCA";"CONTUMAZA";"YONAN";"GOBIERNO REGIONAL";"I-1";"00004592";"PAY PAY";"NE_0002";"";"NE_0002";"NE_0002";"NE_0002";"NE_0002";"NE_0002";"NE_0002";"NE_0002"
"2023";"06";"150129";"LIMA";"LIMA";"SAN BARTOLO";"SANIDAD DE LA POLICIA NACIONAL DEL PERU";"I-2";"00019390";"POSTA MEDICA ETS. PNP. SAN BARTOLO";"NE_0001";"";"NE_0001";"NE_0001";"NE_0001";"NE_0001";"NE_0001";"NE_0001";"NE_0001"
"2023";"06";"130301";"LA LIBERTAD";"BOLIVAR";"BOLIVAR";"ESSALUD";"I-2";"00021969";"POSTA DE SALUD BOLIVAR";"NE_0001";"";"NE_0001";"NE_0001";"NE_0001";"NE_0001";"NE_0001";"NE_0001";"NE_0001"
"2023";"06";"150130";"LIMA";"LIMA";"SAN BORJA";"PRIVADO";"I-2";"00024872";"LINE CONTROL CENTER";"NE_0001";"";"NE_0001";"NE_0001";"NE_0001";"NE_0001";"NE_0001";"NE_0001";"NE_0001"
"2023";"07";"220101";"SAN MARTIN";"MOYOBAMBA";"MOYOBAMBA";"GOBIERNO REGIONAL";"II-1";"00006733";"HOSPITAL II-1 MOYOBAMBA - DR. SEGUNDO RODOLFO PÉREZ NIETO";"240600";"HOSPITALIZACIÓN QUIRÚRGICA CIRUGÍA OFTALMOLÓGICA ";"21";"21";"21";"21";"1";"31";"0"
"2023";"07";"220101";"SAN MARTIN";"MOYOBAMBA";"MOYOBAMBA";"GOBIERNO REGIONAL";"II-1";"00006733";"HOSPITAL II-1 MOYOBAMBA - DR. SEGUNDO RODOLFO PÉREZ NIETO";"240700";"HOSPITALIZACIÓN QUIRÚRGICA CIRUGÍA PEDIÁTRICA ";"19";"19";"44";"44";"2";"62";"0"
"2023";"07";"220101";"SAN MARTIN";"MOYOBAMBA";"MOYOBAMBA";"GOBIERNO REGIONAL";"II-1";"00006733";"HOSPITAL II-1 MOYOBAMBA - DR. SEGUNDO RODOLFO PÉREZ NIETO";"240900";"HOSPITALIZACIÓN QUIRÚRGICA NEUROCIRUGÍA ";"8";"8";"45";"45";"2";"62";"0"
"2023";"07";"220101";"SAN MARTIN";"MOYOBAMBA";"MOYOBAMBA";"GOBIERNO REGIONAL";"II-1";"00006733";"HOSPITAL II-1 MOYOBAMBA - DR. SEGUNDO RODOLFO PÉREZ NIETO";"241100";"HOSPITALIZACIÓN QUIRÚRGICA OTORRINOLARINGOLOGÍA  ";"3";"3";"4";"4";"1";"31";"0"
"2023";"07";"220101";"SAN MARTIN";"MOYOBAMBA";"MOYOBAMBA";"GOBIERNO REGIONAL";"II-1";"00006733";"HOSPITAL II-1 MOYOBAMBA - DR. SEGUNDO RODOLFO PÉREZ NIETO";"241200";"HOSPITALIZACIÓN QUIRÚRGICA TRAUMATOLOGÍA Y ORTOPEDIA ";"44";"51";"198";"198";"8";"248";"0"
"2023";"07";"220101";"SAN MARTIN";"MOYOBAMBA";"MOYOBAMBA";"GOBIERNO REGIONAL";"II-1";"00006733";"HOSPITAL II-1 MOYOBAMBA - DR. SEGUNDO RODOLFO PÉREZ NIETO";"241300";"HOSPITALIZACIÓN QUIRÚRGICA UROLOGÍA  ";"10";"10";"38";"38";"2";"62";"0"
"2023";"07";"220101";"SAN MARTIN";"MOYOBAMBA";"MOYOBAMBA";"GOBIERNO REGIONAL";"II-1";"00006733";"HOSPITAL II-1 MOYOBAMBA - DR. SEGUNDO RODOLFO PÉREZ NIETO";"241500";"HOSPITALIZACIÓN QUIRÚRGICA GINECOLOGÍA  ";"66";"70";"160";"160";"7";"217";"0"
"2023";"07";"220101";"SAN MARTIN";"MOYOBAMBA";"MOYOBAMBA";"GOBIERNO REGIONAL";"II-1";"00006733";"HOSPITAL II-1 MOYOBAMBA - DR. SEGUNDO RODOLFO PÉREZ NIETO";"241600";"HOSPITALIZACIÓN QUIRÚRGICA OBSTETRICIA   ";"154";"164";"411";"411";"19";"589";"0"
"2023";"07";"220101";"SAN MARTIN";"MOYOBAMBA";"MOYOBAMBA";"GOBIERNO REGIONAL";"II-1";"00006733";"HOSPITAL II-1 MOYOBAMBA - DR. SEGUNDO RODOLFO PÉREZ NIETO";"241700";"HOSPITALIZACIÓN QUIRÚRGICA GINECOLOGÍA   GINECOLOGIA ONCOLOGiCA";"1";"1";"3";"3";"1";"31";"0"
"2023";"07";"220101";"SAN MARTIN";"MOYOBAMBA";"MOYOBAMBA";"GOBIERNO REGIONAL";"II-1";"00006733";"HOSPITAL II-1 MOYOBAMBA - DR. SEGUNDO RODOLFO PÉREZ NIETO";"241900";"HOSPITALIZACIÓN DE MEDICINA MEDICINA INTERNA ";"54";"69";"423";"423";"15";"465";"4"
"2023";"07";"220101";"SAN MARTIN";"MOYOBAMBA";"MOYOBAMBA";"GOBIERNO REGIONAL";"II-1";"00006733";"HOSPITAL II-1 MOYOBAMBA - DR. SEGUNDO RODOLFO PÉREZ NIETO";"242500";"HOSPITALIZACIÓN-PEDIATRÍA GENERAL-";"45";"48";"192";"192";"10";"310";"0"
"2023";"07";"220101";"SAN MARTIN";"MOYOBAMBA";"MOYOBAMBA";"GOBIERNO REGIONAL";"II-1";"00006733";"HOSPITAL II-1 MOYOBAMBA - DR. SEGUNDO RODOLFO PÉREZ NIETO";"243200";"HOSPITALIZACIÓN DE PEDIATRÍA PEDIATRIA NEONATOLOGÍA";"32";"39";"174";"174";"10";"310";"2"
"2023";"07";"220101";"SAN MARTIN";"MOYOBAMBA";"MOYOBAMBA";"GOBIERNO REGIONAL";"II-1";"00006733";"HOSPITAL II-1 MOYOBAMBA - DR. SEGUNDO RODOLFO PÉREZ NIETO";"250102";"UNIDAD DE CUIDADOS CRITICOS UNIDAD  DE CUIDADOS INTENSIVOS GENERALES (UCI) GINECO-OBSTETRICIA";"3";"3";"10";"10";"2";"62";"0"
"2023";"07";"220101";"SAN MARTIN";"MOYOBAMBA";"MOYOBAMBA";"GOBIERNO REGIONAL";"II-1";"00006733";"HOSPITAL II-1 MOYOBAMBA - DR. SEGUNDO RODOLFO PÉREZ NIETO";"250103";"UNIDAD DE CUIDADOS CRITICOS UNIDAD  DE CUIDADOS INTENSIVOS GENERALES  (UCI) MEDICINA";"2";"7";"102";"102";"5";"155";"3"
"2023";"07";"220101";"SAN MARTIN";"MOYOBAMBA";"MOYOBAMBA";"GOBIERNO REGIONAL";"II-1";"00006733";"HOSPITAL II-1 MOYOBAMBA - DR. SEGUNDO RODOLFO PÉREZ NIETO";"250105";"UNIDAD DE CUIDADOS CRITICOS UNIDAD  DE CUIDADOS INTENSIVOS  (UCI) NEONATOLOGÍA";"5";"5";"23";"23";"2";"62";"0"
"2023";"07";"220101";"SAN MARTIN";"MOYOBAMBA";"MOYOBAMBA";"GOBIERNO REGIONAL";"II-1";"00006733";"HOSPITAL II-1 MOYOBAMBA - DR. SEGUNDO RODOLFO PÉREZ NIETO";"250108";"UNIDAD DE CUIDADOS CRITICOS UNIDAD  DE CUIDADOS INTENSIVOS  (UCI) PEDIÁTRICA";"1";"3";"80";"80";"4";"124";"1"
"2023";"07";"150113";"LIMA";"LIMA";"JESUS MARIA";"SANIDAD DEL EJERCITO DEL PERU";"III-1";"00017024";"HOSPITAL  MILITAR LUIS ARIAS SCHEREIBER";"240100";"HOSPITALIZACIÓN QUIRÚRGICA CIRUGÍA GENERAL ";"83";"88";"1039";"844";"66";"2046";"2"
"2023";"07";"150113";"LIMA";"LIMA";"JESUS MARIA";"SANIDAD DEL EJERCITO DEL PERU";"III-1";"00017024";"HOSPITAL  MILITAR LUIS ARIAS SCHEREIBER";"240800";"HOSPITALIZACIÓN QUIRÚRGICA CIRUGÍA PLÁSTICA/RECONSTRUCTIVA/ REPARADORA ";"13";"16";"139";"116";"9";"279";"0"
"2023";"07";"150113";"LIMA";"LIMA";"JESUS MARIA";"SANIDAD DEL EJERCITO DEL PERU";"III-1";"00017024";"HOSPITAL  MILITAR LUIS ARIAS SCHEREIBER";"240900";"HOSPITALIZACIÓN QUIRÚRGICA NEUROCIRUGÍA ";"11";"8";"85";"316";"15";"465";"0"
"2023";"07";"150113";"LIMA";"LIMA";"JESUS MARIA";"SANIDAD DEL EJERCITO DEL PERU";"III-1";"00017024";"HOSPITAL  MILITAR LUIS ARIAS SCHEREIBER";"241200";"HOSPITALIZACIÓN QUIRÚRGICA TRAUMATOLOGÍA Y ORTOPEDIA ";"54";"60";"730";"791";"63";"1953";"0"
"2023";"07";"150113";"LIMA";"LIMA";"JESUS MARIA";"SANIDAD DEL EJERCITO DEL PERU";"III-1";"00017024";"HOSPITAL  MILITAR LUIS ARIAS SCHEREIBER";"241300";"HOSPITALIZACIÓN QUIRÚRGICA UROLOGÍA  ";"23";"26";"162";"239";"8";"248";"0"
"2023";"07";"150113";"LIMA";"LIMA";"JESUS MARIA";"SANIDAD DEL EJERCITO DEL PERU";"III-1";"00017024";"HOSPITAL  MILITAR LUIS ARIAS SCHEREIBER";"241400";"HOSPITALIZACIÓN QUIRÚRGICA GINECO - OBSTETRICIA ";"31";"32";"127";"116";"11";"341";"0"
"2023";"07";"150113";"LIMA";"LIMA";"JESUS MARIA";"SANIDAD DEL EJERCITO DEL PERU";"III-1";"00017024";"HOSPITAL  MILITAR LUIS ARIAS SCHEREIBER";"241900";"HOSPITALIZACIÓN DE MEDICINA MEDICINA INTERNA ";"87";"99";"1168";"1303";"80";"2480";"8"
"2023";"07";"150113";"LIMA";"LIMA";"JESUS MARIA";"SANIDAD DEL EJERCITO DEL PERU";"III-1";"00017024";"HOSPITAL  MILITAR LUIS ARIAS SCHEREIBER";"242100";"HOSPITALIZACIÓN DE MEDICINA ONCOLOGÍA MÉDICA ";"12";"14";"228";"162";"9";"279";"2"
"2023";"07";"150113";"LIMA";"LIMA";"JESUS MARIA";"SANIDAD DEL EJERCITO DEL PERU";"III-1";"00017024";"HOSPITAL  MILITAR LUIS ARIAS SCHEREIBER";"242200";"HOSPITALIZACIÓN DE MEDICINA PSIQUIATRÍA ";"8";"12";"322";"295";"18";"558";"0"
"2023";"07";"150113";"LIMA";"LIMA";"JESUS MARIA";"SANIDAD DEL EJERCITO DEL PERU";"III-1";"00017024";"HOSPITAL  MILITAR LUIS ARIAS SCHEREIBER";"242300";"HOSPITALIZACIÓN DE PEDIATRÍA  PEDIATRÍA  GENERAL ";"20";"22";"92";"83";"13";"403";"0"
"2023";"07";"150113";"LIMA";"LIMA";"JESUS MARIA";"SANIDAD DEL EJERCITO DEL PERU";"III-1";"00017024";"HOSPITAL  MILITAR LUIS ARIAS SCHEREIBER";"243200";"HOSPITALIZACIÓN DE PEDIATRÍA PEDIATRIA NEONATOLOGÍA";"11";"13";"53";"43";"15";"465";"0"
"2023";"07";"150113";"LIMA";"LIMA";"JESUS MARIA";"SANIDAD DEL EJERCITO DEL PERU";"III-1";"00017024";"HOSPITAL  MILITAR LUIS ARIAS SCHEREIBER";"244300";"HOSPITALIZACIÓN DE MEDICINA GASTROENTEROLOGÍA  ";"22";"25";"263";"212";"14";"434";"0"
"2023";"07";"150113";"LIMA";"LIMA";"JESUS MARIA";"SANIDAD DEL EJERCITO DEL PERU";"III-1";"00017024";"HOSPITAL  MILITAR LUIS ARIAS SCHEREIBER";"244700";"HOSPITALIZACIÓN DE MEDICINA NEUROLOGIA  ";"7";"7";"166";"200";"13";"403";"0"
"2023";"07";"150113";"LIMA";"LIMA";"JESUS MARIA";"SANIDAD DEL EJERCITO DEL PERU";"III-1";"00017024";"HOSPITAL  MILITAR LUIS ARIAS SCHEREIBER";"245300";"HOSPITALIZACIÓN DE MEDICINA NEUMOLOGÍA  ";"12";"11";"508";"362";"29";"899";"0"
"2023";"07";"150113";"LIMA";"LIMA";"JESUS MARIA";"SANIDAD DEL EJERCITO DEL PERU";"III-1";"00017024";"HOSPITAL  MILITAR LUIS ARIAS SCHEREIBER";"250101";"UNIDAD DE CUIDADOS CRITICOS UNIDAD  DE CUIDADOS INTENSIVOS GENERALES (UCI) CARDIOLOGIA";"16";"13";"63";"73";"6";"186";"1"
"2023";"07";"150113";"LIMA";"LIMA";"JESUS MARIA";"SANIDAD DEL EJERCITO DEL PERU";"III-1";"00017024";"HOSPITAL  MILITAR LUIS ARIAS SCHEREIBER";"250103";"UNIDAD DE CUIDADOS CRITICOS UNIDAD  DE CUIDADOS INTENSIVOS GENERALES  (UCI) MEDICINA";"8";"3";"17";"126";"7";"217";"2"
"2023";"07";"021001";"ANCASH";"HUARI";"HUARI";"GOBIERNO REGIONAL";"II-1";"00001813";"HOSPITAL DE APOYO HUARI";"241600";"HOSPITALIZACIÓN QUIRÚRGICA OBSTETRICIA   ";"62";"65";"123";"134";"12";"372";"0"
"2023";"07";"021001";"ANCASH";"HUARI";"HUARI";"GOBIERNO REGIONAL";"II-1";"00001813";"HOSPITAL DE APOYO HUARI";"241800";"HOSPITALIZACIÓN DE MEDICINA MEDICINA GENERAL ";"30";"33";"113";"116";"12";"372";"1"
"2023";"07";"021001";"ANCASH";"HUARI";"HUARI";"GOBIERNO REGIONAL";"II-1";"00001813";"HOSPITAL DE APOYO HUARI";"242500";"HOSPITALIZACIÓN-PEDIATRÍA GENERAL-";"5";"6";"10";"12";"4";"124";"0"
"2023";"07";"021001";"ANCASH";"HUARI";"HUARI";"GOBIERNO REGIONAL";"II-1";"00001813";"HOSPITAL DE APOYO HUARI";"243200";"HOSPITALIZACIÓN DE PEDIATRÍA PEDIATRIA NEONATOLOGÍA";"3";"3";"6";"4";"1";"31";"0"
"2023";"07";"220804";"SAN MARTIN";"RIOJA";"NUEVA CAJAMARCA";"GOBIERNO REGIONAL";"I-3";"00006300";"SAN JUAN RIO SORITOR";"NE_0002";"";"NE_0002";"NE_0002";"NE_0002";"NE_0002";"NE_0002";"NE_0002";"NE_0002"
"2023";"07";"050907";"AYACUCHO";"SUCRE";"PAICO";"GOBIERNO REGIONAL";"I-1";"00003813";"PUESTO DE SALUD PAICO";"NE_0001";"";"NE_0001";"NE_0001";"NE_0001";"NE_0001";"NE_0001";"NE_0001";"NE_0001"
"2023";"07";"050905";"AYACUCHO";"SUCRE";"HUACAÑA";"GOBIERNO REGIONAL";"I-1";"00003719";"PUESTO DE SALUD HUACAÑA";"NE_0001";"";"NE_0001";"NE_0001";"NE_0001";"NE_0001";"NE_0001";"NE_0001";"NE_0001"
"2023";"07";"050901";"AYACUCHO";"SUCRE";"QUEROBAMBA";"GOBIERNO REGIONAL";"I-1";"00003802";"PUESTO DE SALUD POTONGO";"NE_0001";"";"NE_0001";"NE_0001";"NE_0001";"NE_0001";"NE_0001";"NE_0001";"NE_0001"
"2023";"07";"050910";"AYACUCHO";"SUCRE";"SANTIAGO DE PAUCARAY";"GOBIERNO REGIONAL";"I-1";"00007096";"PUESTO DE SALUD AUTAMA";"NE_0001";"";"NE_0001";"NE_0001";"NE_0001";"NE_0001";"NE_0001";"NE_0001";"NE_0001"
"2023";"07";"050906";"AYACUCHO";"SUCRE";"MORCOLLA";"GOBIERNO REGIONAL";"I-1";"00003812";"PUESTO DE SALUD HUACO";"NE_0001";"";"NE_0001";"NE_0001";"NE_0001";"NE_0001";"NE_0001";"NE_0001";"NE_0001"
"2023";"07";"050901";"AYACUCHO";"SUCRE";"QUEROBAMBA";"GOBIERNO REGIONAL";"I-1";"00003809";"PUESTO DE SALUD CHONTA";"NE_0001";"";"NE_0001";"NE_0001";"NE_0001";"NE_0001";"NE_0001";"NE_0001";"NE_0001"
"2023";"07";"050906";"AYACUCHO";"SUCRE";"MORCOLLA";"GOBIERNO REGIONAL";"I-1";"00003810";"PUESTO DE SALUD MORCOLLA";"NE_0001";"";"NE_0001";"NE_0001";"NE_0001";"NE_0001";"NE_0001";"NE_0001";"NE_0001"
"2023";"07";"050904";"AYACUCHO";"SUCRE";"CHILCAYOC";"GOBIERNO REGIONAL";"I-2";"00003805";"PUESTO DE SALUD CHILCAYOCC";"NE_0001";"";"NE_0001";"NE_0001";"NE_0001";"NE_0001";"NE_0001";"NE_0001";"NE_0001"
"2023";"07";"050909";"AYACUCHO";"SUCRE";"SAN SALVADOR DE QUIJE";"GOBIERNO REGIONAL";"I-1";"00003806";"PUESTO DE SALUD SAN SALVADOR DE QUIJE";"NE_0001";"";"NE_0001";"NE_0001";"NE_0001";"NE_0001";"NE_0001";"NE_0001";"NE_0001"
"2023";"07";"050901";"AYACUCHO";"SUCRE";"QUEROBAMBA";"GOBIERNO REGIONAL";"I-4";"00003808";"CENTRO DE SALUD QUEROBAMBA";"241600";"HOSPITALIZACIÓN QUIRÚRGICA OBSTETRICIA   ";"5";"5";"13";"2";"10";"11";"0"
"2023";"07";"050907";"AYACUCHO";"SUCRE";"PAICO";"GOBIERNO REGIONAL";"I-1";"00003813";"PUESTO DE SALUD PAICO";"NE_0001";"";"NE_0001";"NE_0001";"NE_0001";"NE_0001";"NE_0001";"NE_0001";"NE_0001"
"2023";"07";"050901";"AYACUCHO";"SUCRE";"QUEROBAMBA";"GOBIERNO REGIONAL";"I-1";"00003809";"PUESTO DE SALUD CHONTA";"NE_0001";"";"NE_0001";"NE_0001";"NE_0001";"NE_0001";"NE_0001";"NE_0001";"NE_0001"
"2023";"07";"050910";"AYACUCHO";"SUCRE";"SANTIAGO DE PAUCARAY";"GOBIERNO REGIONAL";"I-1";"00003816";"PUESTO DE SALUD SANTIAGO DE PAUCARAY";"NE_0001";"";"NE_0001";"NE_0001";"NE_0001";"NE_0001";"NE_0001";"NE_0001";"NE_0001"
"2023";"07";"050911";"AYACUCHO";"SUCRE";"SORAS";"GOBIERNO REGIONAL";"I-3";"00003818";"CENTRO DE SALUD SORAS";"NE_0001";"";"NE_0001";"NE_0001";"NE_0001";"NE_0001";"NE_0001";"NE_0001";"NE_0001"
"2023";"07";"050902";"AYACUCHO";"SUCRE";"BELEN";"GOBIERNO REGIONAL";"I-1";"00003803";"PUESTO DE SALUD BELEN";"NE_0001";"";"NE_0001";"NE_0001";"NE_0001";"NE_0001";"NE_0001";"NE_0001";"NE_0001"
"2023";"07";"050909";"AYACUCHO";"SUCRE";"SAN SALVADOR DE QUIJE";"GOBIERNO REGIONAL";"I-1";"00003807";"PUESTO DE SALUD SANTIAGO DE PALLCCA";"NE_0001";"";"NE_0001";"NE_0001";"NE_0001";"NE_0001";"NE_0001";"NE_0001";"NE_0001"
"2023";"07";"050910";"AYACUCHO";"SUCRE";"SANTIAGO DE PAUCARAY";"GOBIERNO REGIONAL";"I-1";"00003817";"PUESTO DE SALUD ATIHUARA";"NE_0001";"";"NE_0001";"NE_0001";"NE_0001";"NE_0001";"NE_0001";"NE_0001";"NE_0001"
"2023";"07";"150113";"LIMA";"LIMA";"JESUS MARIA";"ESSALUD";"0";"00016488";"CENTRO NACIONAL DE SALUD RENAL - ESSALUD";"NE_0001";"";"NE_0001";"NE_0001";"NE_0001";"NE_0001";"NE_0001";"NE_0001";"NE_0001"
"2023";"07";"150130";"LIMA";"LIMA";"SAN BORJA";"PRIVADO";"II-E";"00010467";"CLINICA FLEMING";"240000";"HOSPITALIZACIÓN";"2";"2";"6";"6";"8";"248";"0"
"2023";"04";"070101";"CALLAO";"CALLAO";"CALLAO";"ESSALUD";"II-2";"00010533";"HOSPITAL II LIMA NORTE CALLAO ""LUIS NEGREIROS VEGA"" ESSALUD";"241900";"HOSPITALIZACIÓN DE MEDICINA MEDICINA INTERNA ";"178";"177";"1502";"1782";"60";"1800";"14"
"2023";"04";"070101";"CALLAO";"CALLAO";"CALLAO";"ESSALUD";"II-2";"00010533";"HOSPITAL II LIMA NORTE CALLAO ""LUIS NEGREIROS VEGA"" ESSALUD";"240100";"HOSPITALIZACIÓN QUIRÚRGICA CIRUGÍA GENERAL ";"330";"332";"627";"674";"34";"1020";"0"
"2023";"04";"070101";"CALLAO";"CALLAO";"CALLAO";"ESSALUD";"II-2";"00010533";"HOSPITAL II LIMA NORTE CALLAO ""LUIS NEGREIROS VEGA"" ESSALUD";"241600";"HOSPITALIZACIÓN QUIRÚRGICA OBSTETRICIA   ";"395";"404";"643";"658";"36";"1080";"0"
"2023";"04";"070101";"CALLAO";"CALLAO";"CALLAO";"ESSALUD";"II-2";"00010533";"HOSPITAL II LIMA NORTE CALLAO ""LUIS NEGREIROS VEGA"" ESSALUD";"242300";"HOSPITALIZACIÓN DE PEDIATRÍA  PEDIATRÍA  GENERAL ";"100";"100";"333";"358";"13";"390";"0"
"2023";"04";"150101";"LIMA";"LIMA";"LIMA";"PRIVADO";"II-1";"00016291";"HOSPITAL MEGASALUD UNIVERSAL";"240000";"HOSPITALIZACIÓN";"50";"42";"164";"162";"22";"660";"0"
"2023";"04";"220801";"SAN MARTIN";"RIOJA";"RIOJA";"ESSALUD";"I-4";"00021003";"CENTRO MEDICO RIOJA - ESSALUD";"241800";"HOSPITALIZACIÓN DE MEDICINA MEDICINA GENERAL ";"34";"33";"104";"106";"4";"120";"0"
"2023";"04";"220801";"SAN MARTIN";"RIOJA";"RIOJA";"ESSALUD";"I-4";"00021003";"CENTRO MEDICO RIOJA - ESSALUD";"240100";"HOSPITALIZACIÓN QUIRÚRGICA CIRUGÍA GENERAL ";"1";"0";"1";"1";"1";"2";"0"
"2023";"04";"220801";"SAN MARTIN";"RIOJA";"RIOJA";"ESSALUD";"I-4";"00021003";"CENTRO MEDICO RIOJA - ESSALUD";"241500";"HOSPITALIZACIÓN QUIRÚRGICA GINECOLOGÍA  ";"2";"2";"6";"6";"1";"30";"0"
"2023";"04";"220801";"SAN MARTIN";"RIOJA";"RIOJA";"ESSALUD";"I-4";"00021003";"CENTRO MEDICO RIOJA - ESSALUD";"241600";"HOSPITALIZACIÓN QUIRÚRGICA OBSTETRICIA   ";"6";"6";"16";"16";"1";"30";"0"
"2023";"04";"220801";"SAN MARTIN";"RIOJA";"RIOJA";"ESSALUD";"I-4";"00021003";"CENTRO MEDICO RIOJA - ESSALUD";"242300";"HOSPITALIZACIÓN DE PEDIATRÍA  PEDIATRÍA  GENERAL ";"14";"13";"34";"35";"2";"60";"0"
"2023";"05";"021806";"ANCASH";"SANTA";"NEPEÑA";"ESSALUD";"I-3";"00009921";"CENTRO DE ATENCION PRIMARIA II SAN JACINTO";"NE_0001";"";"NE_0001";"NE_0001";"NE_0001";"NE_0001";"NE_0001";"NE_0001";"NE_0001"
"2023";"06";"070101";"CALLAO";"CALLAO";"CALLAO";"GOBIERNO REGIONAL";"I-3";"00006239";"C.S. SESQUICENTENARIO";"NE_0001";"";"NE_0001";"NE_0001";"NE_0001";"NE_0001";"NE_0001";"NE_0001";"NE_0001"
"2023";"06";"070101";"CALLAO";"CALLAO";"CALLAO";"GOBIERNO REGIONAL";"I-2";"00006240";"PUESTO DE SALUD PREVI";"NE_0001";"";"NE_0001";"NE_0001";"NE_0001";"NE_0001";"NE_0001";"NE_0001";"NE_0001"
"2023";"06";"070101";"CALLAO";"CALLAO";"CALLAO";"GOBIERNO REGIONAL";"I-2";"00006245";"PUESTO DE SALUD BOCANEGRA";"NE_0001";"";"NE_0001";"NE_0001";"NE_0001";"NE_0001";"NE_0001";"NE_0001";"NE_0001"
"2023";"06";"040103";"AREQUIPA";"AREQUIPA";"CAYMA";"SANIDAD DE LA POLICIA NACIONAL DEL PERU";"II-1";"00011794";"HOSPITAL REGIONAL PNP AREQUIPA";"240100";"HOSPITALIZACIÓN QUIRÚRGICA CIRUGÍA GENERAL ";"34";"36";"172";"172";"20";"600";"0"
"2023";"06";"040103";"AREQUIPA";"AREQUIPA";"CAYMA";"SANIDAD DE LA POLICIA NACIONAL DEL PERU";"II-1";"00011794";"HOSPITAL REGIONAL PNP AREQUIPA";"241400";"HOSPITALIZACIÓN QUIRÚRGICA GINECO - OBSTETRICIA ";"16";"17";"48";"48";"3";"90";"0"
"2023";"06";"040103";"AREQUIPA";"AREQUIPA";"CAYMA";"SANIDAD DE LA POLICIA NACIONAL DEL PERU";"II-1";"00011794";"HOSPITAL REGIONAL PNP AREQUIPA";"241500";"HOSPITALIZACIÓN QUIRÚRGICA GINECOLOGÍA  ";"6";"5";"9";"9";"4";"120";"0"
"2023";"06";"040103";"AREQUIPA";"AREQUIPA";"CAYMA";"SANIDAD DE LA POLICIA NACIONAL DEL PERU";"II-1";"00011794";"HOSPITAL REGIONAL PNP AREQUIPA";"241800";"HOSPITALIZACIÓN DE MEDICINA MEDICINA GENERAL ";"35";"35";"282";"282";"20";"600";"0"
"2023";"06";"040103";"AREQUIPA";"AREQUIPA";"CAYMA";"SANIDAD DE LA POLICIA NACIONAL DEL PERU";"II-1";"00011794";"HOSPITAL REGIONAL PNP AREQUIPA";"242300";"HOSPITALIZACIÓN DE PEDIATRÍA  PEDIATRÍA  GENERAL ";"8";"8";"29";"29";"6";"180";"0"
"2023";"06";"020801";"ANCASH";"CASMA";"CASMA";"GOBIERNO REGIONAL";"II-1";"00001719";"HOSPITAL DE APOYO CASMA";"241800";"HOSPITALIZACIÓN DE MEDICINA MEDICINA GENERAL ";"68";"68";"243";"219";"5";"150";"1"
"2023";"06";"020801";"ANCASH";"CASMA";"CASMA";"GOBIERNO REGIONAL";"II-1";"00001719";"HOSPITAL DE APOYO CASMA";"240100";"HOSPITALIZACIÓN QUIRÚRGICA CIRUGÍA GENERAL ";"22";"24";"155";"145";"5";"150";"0"
"2023";"06";"020801";"ANCASH";"CASMA";"CASMA";"GOBIERNO REGIONAL";"II-1";"00001719";"HOSPITAL DE APOYO CASMA";"242300";"HOSPITALIZACIÓN DE PEDIATRÍA  PEDIATRÍA  GENERAL ";"26";"23";"70";"77";"10";"300";"0"
"2023";"06";"020801";"ANCASH";"CASMA";"CASMA";"GOBIERNO REGIONAL";"II-1";"00001719";"HOSPITAL DE APOYO CASMA";"241600";"HOSPITALIZACIÓN QUIRÚRGICA OBSTETRICIA   ";"28";"28";"40";"39";"9";"270";"0"
"2023";"06";"020801";"ANCASH";"CASMA";"CASMA";"GOBIERNO REGIONAL";"II-1";"00001719";"HOSPITAL DE APOYO CASMA";"241500";"HOSPITALIZACIÓN QUIRÚRGICA GINECOLOGÍA  ";"54";"56";"140";"125";"6";"180";"0"
"2023";"06";"130105";"LA LIBERTAD";"TRUJILLO";"LA ESPERANZA";"ESSALUD";"III-E";"00020925";"HOSPITAL DE ALTA COMPLEJIDAD DE LA LIBERTAD VIRGEN DE LA PUERTA";"241900";"HOSPITALIZACIÓN DE MEDICINA MEDICINA INTERNA ";"182";"288";"2851";"2683";"97";"2910";"21"
"2023";"06";"130105";"LA LIBERTAD";"TRUJILLO";"LA ESPERANZA";"ESSALUD";"III-E";"00020925";"HOSPITAL DE ALTA COMPLEJIDAD DE LA LIBERTAD VIRGEN DE LA PUERTA";"250100";"UNIDAD DE CUIDADOS CRITICOS UNIDAD  DE CUIDADOS INTENSIVOS GENERALES (UCI) ";"73";"5";"155";"386";"14";"420";"3"
"2023";"06";"130105";"LA LIBERTAD";"TRUJILLO";"LA ESPERANZA";"ESSALUD";"III-E";"00020925";"HOSPITAL DE ALTA COMPLEJIDAD DE LA LIBERTAD VIRGEN DE LA PUERTA";"250200";"UNIDAD DE CUIDADOS CRITICOS UNIDAD DE CUIDADOS INTERMEDIOS GENERAL  (UCIN) ";"8";"16";"513";"731";"26";"780";"2"
"2023";"06";"130105";"LA LIBERTAD";"TRUJILLO";"LA ESPERANZA";"ESSALUD";"III-E";"00020925";"HOSPITAL DE ALTA COMPLEJIDAD DE LA LIBERTAD VIRGEN DE LA PUERTA";"240100";"HOSPITALIZACIÓN QUIRÚRGICA CIRUGÍA GENERAL ";"206";"206";"1056";"931";"36";"1080";"0"
"2023";"06";"130105";"LA LIBERTAD";"TRUJILLO";"LA ESPERANZA";"ESSALUD";"III-E";"00020925";"HOSPITAL DE ALTA COMPLEJIDAD DE LA LIBERTAD VIRGEN DE LA PUERTA";"241500";"HOSPITALIZACIÓN QUIRÚRGICA GINECOLOGÍA  ";"128";"142";"434";"430";"15";"450";"0"
"2023";"06";"130105";"LA LIBERTAD";"TRUJILLO";"LA ESPERANZA";"ESSALUD";"III-E";"00020925";"HOSPITAL DE ALTA COMPLEJIDAD DE LA LIBERTAD VIRGEN DE LA PUERTA";"242300";"HOSPITALIZACIÓN DE PEDIATRÍA  PEDIATRÍA  GENERAL ";"25";"53";"410";"341";"14";"420";"1"
"2023";"06";"220202";"SAN MARTIN";"BELLAVISTA";"ALTO BIAVO";"GOBIERNO REGIONAL";"I-1";"00006528";"NUEVA ARICA";"NE_0002";"";"NE_0002";"NE_0002";"NE_0002";"NE_0002";"NE_0002";"NE_0002";"NE_0002"
"2023";"06";"220202";"SAN MARTIN";"BELLAVISTA";"ALTO BIAVO";"GOBIERNO REGIONAL";"I-1";"00006525";"CUZCO";"NE_0002";"";"NE_0002";"NE_0002";"NE_0002";"NE_0002";"NE_0002";"NE_0002";"NE_0002"
"2023";"06";"220202";"SAN MARTIN";"BELLAVISTA";"ALTO BIAVO";"GOBIERNO REGIONAL";"I-2";"00006524";"BARRANCA";"NE_0002";"";"NE_0002";"NE_0002";"NE_0002";"NE_0002";"NE_0002";"NE_0002";"NE_0002"
"2023";"06";"220202";"SAN MARTIN";"BELLAVISTA";"ALTO BIAVO";"GOBIERNO REGIONAL";"I-1";"00006526";"INCAICO";"NE_0002";"";"NE_0002";"NE_0002";"NE_0002";"NE_0002";"NE_0002";"NE_0002";"NE_0002"
"2023";"06";"220202";"SAN MARTIN";"BELLAVISTA";"ALTO BIAVO";"GOBIERNO REGIONAL";"I-1";"00006527";"JOSE OLAYA";"NE_0002";"";"NE_0002";"NE_0002";"NE_0002";"NE_0002";"NE_0002";"NE_0002";"NE_0002"
"2023";"06";"080106";"CUSCO";"CUSCO";"SANTIAGO";"OTRO";"II-E";"00012995";"SAN JUAN PABLO II";"242200";"HOSPITALIZACIÓN DE MEDICINA PSIQUIATRÍA ";"40";"13";"442";"7514";"40";"1240";"0"
"2023";"06";"070102";"CALLAO";"CALLAO";"BELLAVISTA";"GOBIERNO REGIONAL";"II-E";"00017883";"HOSPITAL DE REHABILITACION DEL CALLAO";"NE_0001";"";"NE_0001";"NE_0001";"NE_0001";"NE_0001";"NE_0001";"NE_0001";"NE_0001"
"2023";"06";"080108";"CUSCO";"CUSCO";"WANCHAQ";"ESSALUD";"III-1";"00010041";"ADOLFO GUEVARA VELASCO";"242300";"HOSPITALIZACIÓN DE PEDIATRÍA  PEDIATRÍA  GENERAL ";"144";"159";"909";"753";"26";"780";"0"
"2023";"06";"080108";"CUSCO";"CUSCO";"WANCHAQ";"ESSALUD";"III-1";"00010041";"ADOLFO GUEVARA VELASCO";"240700";"HOSPITALIZACIÓN QUIRÚRGICA CIRUGÍA PEDIÁTRICA ";"5";"6";"34";"39";"2";"60";"0"
"2023";"06";"080108";"CUSCO";"CUSCO";"WANCHAQ";"ESSALUD";"III-1";"00010041";"ADOLFO GUEVARA VELASCO";"250100";"UNIDAD DE CUIDADOS CRITICOS UNIDAD  DE CUIDADOS INTENSIVOS GENERALES (UCI) ";"18";"4";"96";"150";"12";"360";"6"
"2023";"06";"080108";"CUSCO";"CUSCO";"WANCHAQ";"ESSALUD";"III-1";"00010041";"ADOLFO GUEVARA VELASCO";"250108";"UNIDAD DE CUIDADOS CRITICOS UNIDAD  DE CUIDADOS INTENSIVOS  (UCI) PEDIÁTRICA";"9";"2";"3";"51";"3";"90";"0"
"2023";"06";"080108";"CUSCO";"CUSCO";"WANCHAQ";"ESSALUD";"III-1";"00010041";"ADOLFO GUEVARA VELASCO";"250105";"UNIDAD DE CUIDADOS CRITICOS UNIDAD  DE CUIDADOS INTENSIVOS  (UCI) NEONATOLOGÍA";"18";"3";"28";"99";"10";"300";"2"
"2023";"06";"080108";"CUSCO";"CUSCO";"WANCHAQ";"ESSALUD";"III-1";"00010041";"ADOLFO GUEVARA VELASCO";"250200";"UNIDAD DE CUIDADOS CRITICOS UNIDAD DE CUIDADOS INTERMEDIOS GENERAL  (UCIN) ";"3";"2";"33";"214";"8";"240";"0"
"2023";"06";"080108";"CUSCO";"CUSCO";"WANCHAQ";"ESSALUD";"III-1";"00010041";"ADOLFO GUEVARA VELASCO";"250105";"UNIDAD DE CUIDADOS CRITICOS UNIDAD  DE CUIDADOS INTENSIVOS  (UCI) NEONATOLOGÍA";"3";"18";"338";"249";"10";"300";"0"
"2023";"06";"080108";"CUSCO";"CUSCO";"WANCHAQ";"ESSALUD";"III-1";"00010041";"ADOLFO GUEVARA VELASCO";"250105";"UNIDAD DE CUIDADOS CRITICOS UNIDAD  DE CUIDADOS INTENSIVOS  (UCI) NEONATOLOGÍA";"14";"27";"232";"224";"10";"300";"0"
"2023";"06";"080108";"CUSCO";"CUSCO";"WANCHAQ";"ESSALUD";"III-1";"00010041";"ADOLFO GUEVARA VELASCO";"250105";"UNIDAD DE CUIDADOS CRITICOS UNIDAD  DE CUIDADOS INTENSIVOS  (UCI) NEONATOLOGÍA";"1";"21";"171";"196";"8";"240";"0"
"2023";"06";"150131";"LIMA";"LIMA";"SAN ISIDRO";"PRIVADO";"II-E";"00027320";"CLINICA AUNA GUARDIA CIVIL";"240000";"HOSPITALIZACIÓN";"105";"102";"438";"435";"27";"810";"7"
"2023";"06";"150131";"LIMA";"LIMA";"SAN ISIDRO";"PRIVADO";"II-E";"00027320";"CLINICA AUNA GUARDIA CIVIL";"250100";"UNIDAD DE CUIDADOS CRITICOS UNIDAD  DE CUIDADOS INTENSIVOS GENERALES (UCI) ";"2";"0";"0";"15";"15";"450";"0"
"2023";"06";"110201";"ICA";"CHINCHA";"CHINCHA ALTA";"PRIVADO";"I-3";"00011272";"DANIEL A. CARRION EIRL";"NE_0001";"";"NE_0001";"NE_0001";"NE_0001";"NE_0001";"NE_0001";"NE_0001";"NE_0001"
"2023";"06";"150101";"LIMA";"LIMA";"LIMA";"PRIVADO";"II-E";"00022102";"CLINICA SEÑOR DE LOS MILAGROS E.I.R.L.";"NE_0001";"";"NE_0001";"NE_0001";"NE_0001";"NE_0001";"NE_0001";"NE_0001";"NE_0001"
"2023";"06";"110201";"ICA";"CHINCHA";"CHINCHA ALTA";"GOBIERNO REGIONAL";"II-1";"00003414";"HOSPITAL SAN JOSE DE CHINCHA";"240100";"HOSPITALIZACIÓN QUIRÚRGICA CIRUGÍA GENERAL ";"103";"86";"602";"601";"32";"960";"0"
"2023";"06";"110201";"ICA";"CHINCHA";"CHINCHA ALTA";"GOBIERNO REGIONAL";"II-1";"00003414";"HOSPITAL SAN JOSE DE CHINCHA";"241400";"HOSPITALIZACIÓN QUIRÚRGICA GINECO - OBSTETRICIA ";"255";"236";"597";"589";"40";"1200";"0"
"2023";"06";"110201";"ICA";"CHINCHA";"CHINCHA ALTA";"GOBIERNO REGIONAL";"II-1";"00003414";"HOSPITAL SAN JOSE DE CHINCHA";"241800";"HOSPITALIZACIÓN DE MEDICINA MEDICINA GENERAL ";"232";"190";"1410";"1407";"68";"2040";"16"
"2023";"06";"110201";"ICA";"CHINCHA";"CHINCHA ALTA";"GOBIERNO REGIONAL";"II-1";"00003414";"HOSPITAL SAN JOSE DE CHINCHA";"242500";"HOSPITALIZACIÓN-PEDIATRÍA GENERAL-";"147";"124";"420";"420";"14";"420";"3"
"2023";"06";"220510";"SAN MARTIN";"LAMAS";"TABALOSOS";"GOBIERNO REGIONAL";"I-1";"00015377";"HUNGURAHUI PAMPA";"NE_0001";"";"NE_0001";"NE_0001";"NE_0001";"NE_0001";"NE_0001";"NE_0001";"NE_0001"
"2023";"06";"220506";"SAN MARTIN";"LAMAS";"PINTO RECODO";"GOBIERNO REGIONAL";"I-1";"00006411";"MISHQUIYACU PINTO RECODO";"NE_0001";"";"NE_0001";"NE_0001";"NE_0001";"NE_0001";"NE_0001";"NE_0001";"NE_0001"
"2023";"06";"220510";"SAN MARTIN";"LAMAS";"TABALOSOS";"GOBIERNO REGIONAL";"I-1";"00006413";"SAN MIGUEL DEL RIO MAYO";"NE_0001";"";"NE_0001";"NE_0001";"NE_0001";"NE_0001";"NE_0001";"NE_0001";"NE_0001"
"2023";"06";"220506";"SAN MARTIN";"LAMAS";"PINTO RECODO";"GOBIERNO REGIONAL";"I-1";"00006410";"CHURUZAPA PINTO RECODO";"NE_0001";"";"NE_0001";"NE_0001";"NE_0001";"NE_0001";"NE_0001";"NE_0001";"NE_0001"
"2023";"06";"220510";"SAN MARTIN";"LAMAS";"TABALOSOS";"GOBIERNO REGIONAL";"I-4";"00006408";"TABALOSOS";"241600";"HOSPITALIZACIÓN QUIRÚRGICA OBSTETRICIA   ";"13";"14";"14";"2";"7";"210";"0"
"2023";"06";"220510";"SAN MARTIN";"LAMAS";"TABALOSOS";"GOBIERNO REGIONAL";"I-1";"00006414";"PUCAYACU PANJUI";"NE_0001";"";"NE_0001";"NE_0001";"NE_0001";"NE_0001";"NE_0001";"NE_0001";"NE_0001"
"2023";"06";"220506";"SAN MARTIN";"LAMAS";"PINTO RECODO";"GOBIERNO REGIONAL";"I-1";"00006409";"PINTO RECODO";"NE_0001";"";"NE_0001";"NE_0001";"NE_0001";"NE_0001";"NE_0001";"NE_0001";"NE_0001"
"2023";"06";"220509";"SAN MARTIN";"LAMAS";"SHANAO";"GOBIERNO REGIONAL";"I-1";"00006412";"SHANAO";"NE_0001";"";"NE_0001";"NE_0001";"NE_0001";"NE_0001";"NE_0001";"NE_0001";"NE_0001"
"2023";"06";"150130";"LIMA";"LIMA";"SAN BORJA";"PRIVADO";"II-E";"00015179";"CLINICA KIRSCHBAUM";"240800";"HOSPITALIZACIÓN QUIRÚRGICA CIRUGÍA PLÁSTICA/RECONSTRUCTIVA/ REPARADORA ";"64";"64";"98";"64";"10";"300";"0"
"2023";"06";"080108";"CUSCO";"CUSCO";"WANCHAQ";"PRIVADO";"II-E";"00011339";"SAN JOSE";"240100";"HOSPITALIZACIÓN QUIRÚRGICA CIRUGÍA GENERAL ";"108";"6";"756";"64";"24";"720";"0"
"2023";"06";"080108";"CUSCO";"CUSCO";"WANCHAQ";"PRIVADO";"II-E";"00011339";"SAN JOSE";"241700";"HOSPITALIZACIÓN QUIRÚRGICA GINECOLOGÍA   GINECOLOGIA ONCOLOGiCA";"24";"1";"129";"5";"24";"720";"0"
"2023";"06";"080108";"CUSCO";"CUSCO";"WANCHAQ";"PRIVADO";"II-E";"00011339";"SAN JOSE";"240400";"HOSPITALIZACIÓN QUIRÚRGICA CIRUGÍA DE TÓRAX Y CARDIOVASCULAR ";"12";"2";"105";"14";"24";"720";"0"
"2023";"06";"080108";"CUSCO";"CUSCO";"WANCHAQ";"PRIVADO";"II-E";"00011339";"SAN JOSE";"241200";"HOSPITALIZACIÓN QUIRÚRGICA TRAUMATOLOGÍA Y ORTOPEDIA ";"6";"1";"43";"23";"24";"720";"0"
"2023";"06";"080108";"CUSCO";"CUSCO";"WANCHAQ";"PRIVADO";"II-E";"00011339";"SAN JOSE";"241300";"HOSPITALIZACIÓN QUIRÚRGICA UROLOGÍA  ";"8";"2";"67";"14";"24";"720";"0"
"2023";"06";"140101";"LAMBAYEQUE";"CHICLAYO";"CHICLAYO";"PRIVADO";"II-E";"00012457";"CLINICA PROVIDA";"240800";"HOSPITALIZACIÓN QUIRÚRGICA CIRUGÍA PLÁSTICA/RECONSTRUCTIVA/ REPARADORA ";"19";"19";"9";"19";"1";"30";"0"
"2023";"06";"140101";"LAMBAYEQUE";"CHICLAYO";"CHICLAYO";"PRIVADO";"II-E";"00012457";"CLINICA PROVIDA";"240200";"HOSPITALIZACIÓN QUIRÚRGICA CIRUGÍA DE CABEZA Y CUELLO / MÁXILO FACIAL ";"1";"1";"3";"1";"1";"30";"0"
"2023";"06";"140101";"LAMBAYEQUE";"CHICLAYO";"CHICLAYO";"PRIVADO";"II-E";"00012457";"CLINICA PROVIDA";"240400";"HOSPITALIZACIÓN QUIRÚRGICA CIRUGÍA DE TÓRAX Y CARDIOVASCULAR ";"5";"5";"22";"5";"1";"30";"0"
"2023";"06";"140101";"LAMBAYEQUE";"CHICLAYO";"CHICLAYO";"PRIVADO";"II-E";"00012457";"CLINICA PROVIDA";"240100";"HOSPITALIZACIÓN QUIRÚRGICA CIRUGÍA GENERAL ";"35";"35";"66";"35";"2";"60";"0"
"2023";"06";"140101";"LAMBAYEQUE";"CHICLAYO";"CHICLAYO";"PRIVADO";"II-E";"00012457";"CLINICA PROVIDA";"241200";"HOSPITALIZACIÓN QUIRÚRGICA TRAUMATOLOGÍA Y ORTOPEDIA ";"36";"36";"88";"36";"2";"60";"0"
"2023";"06";"140101";"LAMBAYEQUE";"CHICLAYO";"CHICLAYO";"PRIVADO";"II-E";"00012457";"CLINICA PROVIDA";"241400";"HOSPITALIZACIÓN QUIRÚRGICA GINECO - OBSTETRICIA ";"30";"30";"42";"30";"2";"60";"0"
"2023";"06";"140101";"LAMBAYEQUE";"CHICLAYO";"CHICLAYO";"PRIVADO";"II-E";"00012457";"CLINICA PROVIDA";"242100";"HOSPITALIZACIÓN DE MEDICINA ONCOLOGÍA MÉDICA ";"6";"6";"52";"6";"1";"30";"1"
"2023";"06";"140101";"LAMBAYEQUE";"CHICLAYO";"CHICLAYO";"PRIVADO";"II-E";"00012457";"CLINICA PROVIDA";"240700";"HOSPITALIZACIÓN QUIRÚRGICA CIRUGÍA PEDIÁTRICA ";"1";"1";"1";"1";"1";"30";"0"
"2023";"06";"140101";"LAMBAYEQUE";"CHICLAYO";"CHICLAYO";"PRIVADO";"II-E";"00012457";"CLINICA PROVIDA";"241300";"HOSPITALIZACIÓN QUIRÚRGICA UROLOGÍA  ";"23";"23";"40";"23";"1";"30";"0"
"2023";"06";"140101";"LAMBAYEQUE";"CHICLAYO";"CHICLAYO";"PRIVADO";"II-E";"00012457";"CLINICA PROVIDA";"241900";"HOSPITALIZACIÓN DE MEDICINA MEDICINA INTERNA ";"17";"17";"65";"17";"1";"30";"1"
"2023";"06";"140101";"LAMBAYEQUE";"CHICLAYO";"CHICLAYO";"PRIVADO";"II-E";"00012457";"CLINICA PROVIDA";"244300";"HOSPITALIZACIÓN DE MEDICINA GASTROENTEROLOGÍA  ";"1";"1";"1";"1";"1";"30";"0"
"2023";"06";"140101";"LAMBAYEQUE";"CHICLAYO";"CHICLAYO";"PRIVADO";"II-E";"00012457";"CLINICA PROVIDA";"240900";"HOSPITALIZACIÓN QUIRÚRGICA NEUROCIRUGÍA ";"2";"2";"14";"2";"1";"30";"0"
"2023";"06";"140101";"LAMBAYEQUE";"CHICLAYO";"CHICLAYO";"PRIVADO";"II-E";"00012457";"CLINICA PROVIDA";"241800";"HOSPITALIZACIÓN DE MEDICINA MEDICINA GENERAL ";"4";"4";"6";"4";"1";"30";"0"
"2023";"06";"140101";"LAMBAYEQUE";"CHICLAYO";"CHICLAYO";"PRIVADO";"II-E";"00012457";"CLINICA PROVIDA";"244600";"HOSPITALIZACIÓN DE MEDICINA NEFROLOGIA ";"1";"1";"4";"1";"1";"30";"0"
"2023";"06";"060610";"CAJAMARCA";"CUTERVO";"SAN LUIS DE LUCMA";"GOBIERNO REGIONAL";"I-3";"00005038";"SAN LUIS DE LA LUCMA";"NE_0001";"";"NE_0001";"NE_0001";"NE_0001";"NE_0001";"NE_0001";"NE_0001";"NE_0001"
"2023";"06";"060610";"CAJAMARCA";"CUTERVO";"SAN LUIS DE LUCMA";"GOBIERNO REGIONAL";"I-1";"00006870";"SANTA ROSA DEL TINGO";"NE_0001";"";"NE_0001";"NE_0001";"NE_0001";"NE_0001";"NE_0001";"NE_0001";"NE_0001"
"2023";"06";"060614";"CAJAMARCA";"CUTERVO";"SOCOTA";"GOBIERNO REGIONAL";"I-1";"00006937";"MINAS DE SOCOTA";"NE_0001";"";"NE_0001";"NE_0001";"NE_0001";"NE_0001";"NE_0001";"NE_0001";"NE_0001"
"2023";"06";"060610";"CAJAMARCA";"CUTERVO";"SAN LUIS DE LUCMA";"GOBIERNO REGIONAL";"I-1";"00006853";"SAIREPAMPA";"NE_0001";"";"NE_0001";"NE_0001";"NE_0001";"NE_0001";"NE_0001";"NE_0001";"NE_0001"
"2023";"06";"060614";"CAJAMARCA";"CUTERVO";"SOCOTA";"GOBIERNO REGIONAL";"I-1";"00011258";"RINCONADA MIRAFLORES";"NE_0001";"";"NE_0001";"NE_0001";"NE_0001";"NE_0001";"NE_0001";"NE_0001";"NE_0001"
"2023";"06";"060307";"CAJAMARCA";"CELENDIN";"MIGUEL IGLESIAS";"GOBIERNO REGIONAL";"I-3";"00004478";"MIGUEL IGLESIAS";"NE_0001";"";"NE_0001";"NE_0001";"NE_0001";"NE_0001";"NE_0001";"NE_0001";"NE_0001"
"2023";"06";"060307";"CAJAMARCA";"CELENDIN";"MIGUEL IGLESIAS";"GOBIERNO REGIONAL";"I-1";"00009085";"MUYOC GRANDE";"NE_0001";"";"NE_0001";"NE_0001";"NE_0001";"NE_0001";"NE_0001";"NE_0001";"NE_0001"
"2023";"06";"060302";"CAJAMARCA";"CELENDIN";"CHUMUCH";"GOBIERNO REGIONAL";"I-1";"00004479";"CHUMUCH";"NE_0001";"";"NE_0001";"NE_0001";"NE_0001";"NE_0001";"NE_0001";"NE_0001";"NE_0001"
"2023";"06";"060312";"CAJAMARCA";"CELENDIN";"LA LIBERTAD DE PALLAN";"GOBIERNO REGIONAL";"I-2";"00004481";"LA LIBERTAD DE PALLAN";"NE_0001";"";"NE_0001";"NE_0001";"NE_0001";"NE_0001";"NE_0001";"NE_0001";"NE_0001"
"2023";"06";"060312";"CAJAMARCA";"CELENDIN";"LA LIBERTAD DE PALLAN";"GOBIERNO REGIONAL";"I-1";"00004480";"NUEVA ESPERANZA";"NE_0001";"";"NE_0001";"NE_0001";"NE_0001";"NE_0001";"NE_0001";"NE_0001";"NE_0001"
"2023";"06";"060312";"CAJAMARCA";"CELENDIN";"LA LIBERTAD DE PALLAN";"GOBIERNO REGIONAL";"I-1";"00006756";"RAMOSCUCHO";"NE_0001";"";"NE_0001";"NE_0001";"NE_0001";"NE_0001";"NE_0001";"NE_0001";"NE_0001"
"2023";"06";"060307";"CAJAMARCA";"CELENDIN";"MIGUEL IGLESIAS";"GOBIERNO REGIONAL";"I-1";"00009088";"PIZON";"NE_0001";"";"NE_0001";"NE_0001";"NE_0001";"NE_0001";"NE_0001";"NE_0001";"NE_0001"
"2023";"04";"051107";"AYACUCHO";"VILCAS HUAMAN";"SAURAMA";"GOBIERNO REGIONAL";"I-1";"00003846";"PUESTO DE SALUD SAURAMA";"NE_0001";"";"NE_0001";"NE_0001";"NE_0001";"NE_0001";"NE_0001";"NE_0001";"NE_0001"
"2023";"04";"051108";"AYACUCHO";"VILCAS HUAMAN";"VISCHONGO";"GOBIERNO REGIONAL";"I-3";"00006609";"CENTRO DE SALUD VISCHONGO";"NE_0001";"";"NE_0001";"NE_0001";"NE_0001";"NE_0001";"NE_0001";"NE_0001";"NE_0001"
"2023";"04";"051108";"AYACUCHO";"VILCAS HUAMAN";"VISCHONGO";"GOBIERNO REGIONAL";"I-1";"00006612";"PUESTO DE SALUD PALLCCACANCHA";"NE_0001";"";"NE_0001";"NE_0001";"NE_0001";"NE_0001";"NE_0001";"NE_0001";"NE_0001"
"2023";"04";"051106";"AYACUCHO";"VILCAS HUAMAN";"INDEPENDENCIA";"GOBIERNO REGIONAL";"I-1";"00021259";"PUESTO DE SALUD OCCO";"NE_0001";"";"NE_0001";"NE_0001";"NE_0001";"NE_0001";"NE_0001";"NE_0001";"NE_0001"
"2023";"04";"051103";"AYACUCHO";"VILCAS HUAMAN";"CARHUANCA";"GOBIERNO REGIONAL";"I-2";"00003845";"PUESTO DE SALUD CARHUANCA";"NE_0001";"";"NE_0001";"NE_0001";"NE_0001";"NE_0001";"NE_0001";"NE_0001";"NE_0001"
"2023";"04";"051108";"AYACUCHO";"VILCAS HUAMAN";"VISCHONGO";"GOBIERNO REGIONAL";"I-1";"00006613";"PUESTO DE SALUD PATAHUASI";"NE_0001";"";"NE_0001";"NE_0001";"NE_0001";"NE_0001";"NE_0001";"NE_0001";"NE_0001"
"2023";"04";"051105";"AYACUCHO";"VILCAS HUAMAN";"HUAMBALPA";"GOBIERNO REGIONAL";"I-1";"00006606";"PUESTO DE SALUD SAN ANTONIO DE COCHAS";"NE_0001";"";"NE_0001";"NE_0001";"NE_0001";"NE_0001";"NE_0001";"NE_0001";"NE_0001"
"2023";"04";"051101";"AYACUCHO";"VILCAS HUAMAN";"VILCAS HUAMAN";"GOBIERNO REGIONAL";"I-1";"00011416";"PUESTO DE SALUD COLPAPAMPA";"NE_0001";"";"NE_0001";"NE_0001";"NE_0001";"NE_0001";"NE_0001";"NE_0001";"NE_0001"
"2023";"04";"051101";"AYACUCHO";"VILCAS HUAMAN";"VILCAS HUAMAN";"GOBIERNO REGIONAL";"I-1";"00003848";"PUESTO DE SALUD HUACCAÑA";"NE_0001";"";"NE_0001";"NE_0001";"NE_0001";"NE_0001";"NE_0001";"NE_0001";"NE_0001"
"2023";"04";"051101";"AYACUCHO";"VILCAS HUAMAN";"VILCAS HUAMAN";"GOBIERNO REGIONAL";"I-1";"00003850";"PUESTO DE SALUD SAN FRANCISCO DE PUJAS";"NE_0001";"";"NE_0001";"NE_0001";"NE_0001";"NE_0001";"NE_0001";"NE_0001";"NE_0001"
"2023";"04";"051102";"AYACUCHO";"VILCAS HUAMAN";"ACCOMARCA";"GOBIERNO REGIONAL";"I-1";"00003843";"PUESTO DE SALUD PONGOCOCHA";"NE_0001";"";"NE_0001";"NE_0001";"NE_0001";"NE_0001";"NE_0001";"NE_0001";"NE_0001"
"2023";"04";"051104";"AYACUCHO";"VILCAS HUAMAN";"CONCEPCION";"GOBIERNO REGIONAL";"I-1";"00003851";"PUESTO DE SALUD SAN ANTONIO ASTANYA";"NE_0001";"";"NE_0001";"NE_0001";"NE_0001";"NE_0001";"NE_0001";"NE_0001";"NE_0001"
"2023";"04";"051108";"AYACUCHO";"VILCAS HUAMAN";"VISCHONGO";"GOBIERNO REGIONAL";"I-1";"00006614";"PUESTO DE SALUD POMACOCHA";"NE_0001";"";"NE_0001";"NE_0001";"NE_0001";"NE_0001";"NE_0001";"NE_0001";"NE_0001"
"2023";"04";"051108";"AYACUCHO";"VILCAS HUAMAN";"VISCHONGO";"GOBIERNO REGIONAL";"I-1";"00027647";"PUESTO DE SALUD SAN LORENZO DE ÑUÑUNHUAYCCO";"NE_0001";"";"NE_0001";"NE_0001";"NE_0001";"NE_0001";"NE_0001";"NE_0001";"NE_0001"
"2023";"04";"051102";"AYACUCHO";"VILCAS HUAMAN";"ACCOMARCA";"GOBIERNO REGIONAL";"I-2";"00003841";"PUESTO DE SALUD ACCOMARCA";"NE_0001";"";"NE_0001";"NE_0001";"NE_0001";"NE_0001";"NE_0001";"NE_0001";"NE_0001"
"2023";"04";"051102";"AYACUCHO";"VILCAS HUAMAN";"ACCOMARCA";"GOBIERNO REGIONAL";"I-1";"00003842";"PUESTO DE SALUD HUARCAS";"NE_0001";"";"NE_0001";"NE_0001";"NE_0001";"NE_0001";"NE_0001";"NE_0001";"NE_0001"
"2023";"04";"051101";"AYACUCHO";"VILCAS HUAMAN";"VILCAS HUAMAN";"GOBIERNO REGIONAL";"I-4";"00003847";"CENTRO DE SALUD VILCASHUAMAN";"NE_0001";"";"NE_0001";"NE_0001";"NE_0001";"NE_0001";"NE_0001";"NE_0001";"NE_0001"
"2023";"04";"051106";"AYACUCHO";"VILCAS HUAMAN";"INDEPENDENCIA";"GOBIERNO REGIONAL";"I-2";"00003844";"PUESTO DE SALUD PACCHAHUALLHUA";"NE_0001";"";"NE_0001";"NE_0001";"NE_0001";"NE_0001";"NE_0001";"NE_0001";"NE_0001"
"2023";"04";"051101";"AYACUCHO";"VILCAS HUAMAN";"VILCAS HUAMAN";"GOBIERNO REGIONAL";"I-1";"00003849";"POMATAMBO";"NE_0001";"";"NE_0001";"NE_0001";"NE_0001";"NE_0001";"NE_0001";"NE_0001";"NE_0001"
"2023";"04";"051104";"AYACUCHO";"VILCAS HUAMAN";"CONCEPCION";"GOBIERNO REGIONAL";"I-2";"00003852";"PUESTO DE SALUD CONCEPCION";"NE_0001";"";"NE_0001";"NE_0001";"NE_0001";"NE_0001";"NE_0001";"NE_0001";"NE_0001"
"2023";"04";"051105";"AYACUCHO";"VILCAS HUAMAN";"HUAMBALPA";"GOBIERNO REGIONAL";"I-2";"00006605";"PUESTO DE SALUD HUAMBALPA";"NE_0001";"";"NE_0001";"NE_0001";"NE_0001";"NE_0001";"NE_0001";"NE_0001";"NE_0001"
"2023";"04";"051108";"AYACUCHO";"VILCAS HUAMAN";"VISCHONGO";"GOBIERNO REGIONAL";"I-1";"00006611";"PUESTO DE SALUD DE CHIRIBAMBA";"NE_0001";"";"NE_0001";"NE_0001";"NE_0001";"NE_0001";"NE_0001";"NE_0001";"NE_0001"
"2023";"04";"220101";"SAN MARTIN";"MOYOBAMBA";"MOYOBAMBA";"GOBIERNO REGIONAL";"I-1";"00006292";"IMPERIO DE CACHIYACU";"NE_0001";"";"NE_0001";"NE_0001";"NE_0001";"NE_0001";"NE_0001";"NE_0001";"NE_0001"
"2023";"04";"210501";"PUNO";"EL COLLAO";"ILAVE";"ESSALUD";"I-3";"00009218";"POLICLINICO ILAVE -  RED ASISTENCIAL PUNO";"NE_0001";"";"NE_0001";"NE_0001";"NE_0001";"NE_0001";"NE_0001";"NE_0001";"NE_0001"
"2023";"04";"150101";"LIMA";"LIMA";"LIMA";"PRIVADO";"II-1";"00011087";"CLINICA LA LUZ S.A.C.";"240000";"HOSPITALIZACIÓN";"98";"93";"100";"148";"9";"350";"0"
"2023";"06";"210101";"PUNO";"PUNO";"PUNO";"SANIDAD DE LA POLICIA NACIONAL DEL PERU";"I-3";"00010235";"UNIDAD EJECUTORA 020-1067 SANIDAD DE LA PNP";"NE_0001";"";"NE_0001";"NE_0001";"NE_0001";"NE_0001";"NE_0001";"NE_0001";"NE_0001"
"2023";"06";"060807";"CAJAMARCA";"JAEN";"POMAHUACA";"GOBIERNO REGIONAL";"I-2";"00004248";"PALO BLANCO";"NE_0002";"";"NE_0002";"NE_0002";"NE_0002";"NE_0002";"NE_0002";"NE_0002";"NE_0002"
"2023";"06";"060804";"CAJAMARCA";"JAEN";"COLASAY";"GOBIERNO REGIONAL";"I-1";"00031333";"CHUNCHUCA";"NE_0002";"";"NE_0002";"NE_0002";"NE_0002";"NE_0002";"NE_0002";"NE_0002";"NE_0002"
"2023";"06";"060804";"CAJAMARCA";"JAEN";"COLASAY";"GOBIERNO REGIONAL";"I-1";"00007171";"LOS CEDROS DE COLASAY";"NE_0002";"";"NE_0002";"NE_0002";"NE_0002";"NE_0002";"NE_0002";"NE_0002";"NE_0002"
"2023";"06";"060804";"CAJAMARCA";"JAEN";"COLASAY";"GOBIERNO REGIONAL";"I-3";"00004237";"CHUNCHUQUILLO";"NE_0001";"";"NE_0001";"NE_0001";"NE_0001";"NE_0001";"NE_0001";"NE_0001";"NE_0001"
"2023";"05";"240101";"TUMBES";"TUMBES";"TUMBES";"PRIVADO";"I-4";"00007795";"CENTRO MEDICO LA FAMILIA";"NE_0002";"";"NE_0002";"NE_0002";"NE_0002";"NE_0002";"NE_0002";"NE_0002";"NE_0002"
"2023";"06";"220804";"SAN MARTIN";"RIOJA";"NUEVA CAJAMARCA";"GOBIERNO REGIONAL";"I-1";"00006299";"PERLA DAGUAS";"NE_0001";"";"NE_0001";"NE_0001";"NE_0001";"NE_0001";"NE_0001";"NE_0001";"NE_0001"
"2023";"06";"220804";"SAN MARTIN";"RIOJA";"NUEVA CAJAMARCA";"GOBIERNO REGIONAL";"I-3";"00006300";"SAN JUAN RIO SORITOR";"NE_0002";"";"NE_0002";"NE_0002";"NE_0002";"NE_0002";"NE_0002";"NE_0002";"NE_0002"
"2023";"06";"150140";"LIMA";"LIMA";"SANTIAGO DE SURCO";"PRIVADO";"II-E";"00013900";"OFTALMOSALUD";"NE_0001";"";"NE_0001";"NE_0001";"NE_0001";"NE_0001";"NE_0001";"NE_0001";"NE_0001"
"2023";"06";"130501";"LA LIBERTAD";"JULCAN";"JULCAN";"GOBIERNO REGIONAL";"I-3";"00006775";"AYANGAY";"NE_0002";"";"NE_0002";"NE_0002";"NE_0002";"NE_0002";"NE_0002";"NE_0002";"NE_0002"
"2023";"06";"130501";"LA LIBERTAD";"JULCAN";"JULCAN";"GOBIERNO REGIONAL";"I-2";"00016423";"SAN ANTONIO";"NE_0002";"";"NE_0002";"NE_0002";"NE_0002";"NE_0002";"NE_0002";"NE_0002";"NE_0002"
"2023";"06";"130501";"LA LIBERTAD";"JULCAN";"JULCAN";"GOBIERNO REGIONAL";"I-2";"00006963";"CHUGURPAMPA";"NE_0002";"";"NE_0002";"NE_0002";"NE_0002";"NE_0002";"NE_0002";"NE_0002";"NE_0002"
"2023";"06";"130501";"LA LIBERTAD";"JULCAN";"JULCAN";"GOBIERNO REGIONAL";"I-2";"00007249";"SAN AGUSTIN";"NE_0002";"";"NE_0002";"NE_0002";"NE_0002";"NE_0002";"NE_0002";"NE_0002";"NE_0002"
"2023";"06";"130501";"LA LIBERTAD";"JULCAN";"JULCAN";"GOBIERNO REGIONAL";"I-2";"00005307";"SANTA TERESA";"NE_0002";"";"NE_0002";"NE_0002";"NE_0002";"NE_0002";"NE_0002";"NE_0002";"NE_0002"
"2023";"06";"130501";"LA LIBERTAD";"JULCAN";"JULCAN";"GOBIERNO REGIONAL";"I-2";"00006774";"PARUQUE BAJO";"NE_0002";"";"NE_0002";"NE_0002";"NE_0002";"NE_0002";"NE_0002";"NE_0002";"NE_0002"
"2023";"06";"180301";"MOQUEGUA";"ILO";"ILO";"ESSALUD";"II-1";"00016153";"HOSPITAL II ILO";"241800";"HOSPITALIZACIÓN DE MEDICINA MEDICINA GENERAL ";"25";"26";"195";"171";"6";"180";"2"
"2023";"06";"180301";"MOQUEGUA";"ILO";"ILO";"ESSALUD";"II-1";"00016153";"HOSPITAL II ILO";"240100";"HOSPITALIZACIÓN QUIRÚRGICA CIRUGÍA GENERAL ";"48";"54";"153";"145";"5";"150";"0"
"2023";"06";"180301";"MOQUEGUA";"ILO";"ILO";"ESSALUD";"II-1";"00016153";"HOSPITAL II ILO";"241500";"HOSPITALIZACIÓN QUIRÚRGICA GINECOLOGÍA  ";"16";"19";"72";"71";"3";"90";"0"
"2023";"06";"180301";"MOQUEGUA";"ILO";"ILO";"ESSALUD";"II-1";"00016153";"HOSPITAL II ILO";"241600";"HOSPITALIZACIÓN QUIRÚRGICA OBSTETRICIA   ";"33";"32";"73";"74";"3";"90";"0"
"2023";"06";"180301";"MOQUEGUA";"ILO";"ILO";"ESSALUD";"II-1";"00016153";"HOSPITAL II ILO";"242300";"HOSPITALIZACIÓN DE PEDIATRÍA  PEDIATRÍA  GENERAL ";"25";"32";"131";"110";"4";"120";"0"
"2023";"06";"180301";"MOQUEGUA";"ILO";"ILO";"ESSALUD";"II-1";"00016153";"HOSPITAL II ILO";"250304";"HOSPIT. EN UNIDAD DE CUID.INTEN.-UNIDAD DE VIGILANCIA INTENSIVA (UVI)-MEDICINA";"9";"9";"10";"10";"1";"30";"0"
"2023";"06";"180201";"MOQUEGUA";"GENERAL SANCHEZ CERRO";"OMATE";"ESSALUD";"I-2";"00026055";"POSTA MEDICA OMATE";"NE_0001";"";"NE_0001";"NE_0001";"NE_0001";"NE_0001";"NE_0001";"NE_0001";"NE_0001"
"2023";"06";"120703";"JUNIN";"TARMA";"HUARICOLCA";"GOBIERNO REGIONAL";"I-2";"00000595";"HUARICOLCA";"NE_0001";"";"NE_0001";"NE_0001";"NE_0001";"NE_0001";"NE_0001";"NE_0001";"NE_0001"
"2023";"06";"090101";"HUANCAVELICA";"HUANCAVELICA";"HUANCAVELICA";"PRIVADO";"I-3";"00009300";"JUAN PABLO II";"NE_0001";"";"NE_0001";"NE_0001";"NE_0001";"NE_0001";"NE_0001";"NE_0001";"NE_0001"
"2023";"07";"130102";"LA LIBERTAD";"TRUJILLO";"EL PORVENIR";"ESSALUD";"I-4";"00009041";"CENTRO DE SALUD CON INTERNAMIENTO EL PORVENIR";"241800";"HOSPITALIZACIÓN DE MEDICINA MEDICINA GENERAL ";"26";"28";"178";"161";"8";"248";"0"
"2023";"07";"130102";"LA LIBERTAD";"TRUJILLO";"EL PORVENIR";"ESSALUD";"I-4";"00009041";"CENTRO DE SALUD CON INTERNAMIENTO EL PORVENIR";"241400";"HOSPITALIZACIÓN QUIRÚRGICA GINECO - OBSTETRICIA ";"5";"6";"36";"32";"2";"62";"0"
"2023";"07";"130401";"LA LIBERTAD";"CHEPEN";"CHEPEN";"ESSALUD";"II-1";"00009954";"HOSPITAL I CHEPEN ESSALUD";"241500";"HOSPITALIZACIÓN QUIRÚRGICA GINECOLOGÍA  ";"12";"12";"41";"40";"2";"62";"0"
"2023";"07";"130401";"LA LIBERTAD";"CHEPEN";"CHEPEN";"ESSALUD";"II-1";"00009954";"HOSPITAL I CHEPEN ESSALUD";"242300";"HOSPITALIZACIÓN DE PEDIATRÍA  PEDIATRÍA  GENERAL ";"8";"8";"31";"30";"2";"62";"0"
"2023";"07";"230101";"TACNA";"TACNA";"TACNA";"PRIVADO";"I-4";"00015875";"PROMEDIC";"NE_0002";"";"NE_0002";"NE_0002";"NE_0002";"NE_0002";"NE_0002";"NE_0002";"NE_0002"
"2023";"07";"110101";"ICA";"ICA";"ICA";"PRIVADO";"I-3";"00028251";"EL GALENO";"NE_0001";"";"NE_0001";"NE_0001";"NE_0001";"NE_0001";"NE_0001";"NE_0001";"NE_0001"
"2023";"07";"120504";"JUNIN";"JUNIN";"ULCUMAYO";"GOBIERNO REGIONAL";"I-1";"00000605";"SHOGUE";"NE_0001";"";"NE_0001";"NE_0001";"NE_0001";"NE_0001";"NE_0001";"NE_0001";"NE_0001"
"2023";"07";"120504";"JUNIN";"JUNIN";"ULCUMAYO";"GOBIERNO REGIONAL";"I-2";"00000604";"TAMBOS";"NE_0001";"";"NE_0001";"NE_0001";"NE_0001";"NE_0001";"NE_0001";"NE_0001";"NE_0001"
"2023";"07";"120504";"JUNIN";"JUNIN";"ULCUMAYO";"GOBIERNO REGIONAL";"I-2";"00000602";"QUILCATACTA";"NE_0001";"";"NE_0001";"NE_0001";"NE_0001";"NE_0001";"NE_0001";"NE_0001";"NE_0001"
"2023";"07";"120504";"JUNIN";"JUNIN";"ULCUMAYO";"GOBIERNO REGIONAL";"I-1";"00000603";"YAPACMARCA";"NE_0001";"";"NE_0001";"NE_0001";"NE_0001";"NE_0001";"NE_0001";"NE_0001";"NE_0001"
"2023";"07";"120504";"JUNIN";"JUNIN";"ULCUMAYO";"GOBIERNO REGIONAL";"I-1";"00000607";"PISCURRURAY";"NE_0001";"";"NE_0001";"NE_0001";"NE_0001";"NE_0001";"NE_0001";"NE_0001";"NE_0001"
"2023";"07";"120504";"JUNIN";"JUNIN";"ULCUMAYO";"GOBIERNO REGIONAL";"I-3";"00000601";"ULCUMAYO";"NE_0001";"";"NE_0001";"NE_0001";"NE_0001";"NE_0001";"NE_0001";"NE_0001";"NE_0001"
"2023";"07";"120504";"JUNIN";"JUNIN";"ULCUMAYO";"GOBIERNO REGIONAL";"I-1";"00000606";"QUIPACANCHA";"NE_0001";"";"NE_0001";"NE_0001";"NE_0001";"NE_0001";"NE_0001";"NE_0001";"NE_0001"
"2023";"07";"110101";"ICA";"ICA";"ICA";"PRIVADO";"II-1";"00018450";"CLÍNICA S. MORALES S.R.L";"241200";"HOSPITALIZACIÓN QUIRÚRGICA TRAUMATOLOGÍA Y ORTOPEDIA ";"16";"16";"32";"16";"6";"186";"0"
"2023";"07";"150130";"LIMA";"LIMA";"SAN BORJA";"PRIVADO";"II-E";"00015143";"CLINICA ASTOCONDOR";"240800";"HOSPITALIZACIÓN QUIRÚRGICA CIRUGÍA PLÁSTICA/RECONSTRUCTIVA/ REPARADORA ";"3";"3";"3";"3";"3";"45";"0"
"2023";"07";"080207";"CUSCO";"ACOMAYO";"SANGARARA";"GOBIERNO REGIONAL";"I-2";"00002325";"PUESTO DE SALUD MARCACONGA";"NE_0002";"";"NE_0002";"NE_0002";"NE_0002";"NE_0002";"NE_0002";"NE_0002";"NE_0002"
"2023";"07";"080201";"CUSCO";"ACOMAYO";"ACOMAYO";"GOBIERNO REGIONAL";"I-4";"00002317";"ACOMAYO";"NE_0002";"";"NE_0002";"NE_0002";"NE_0002";"NE_0002";"NE_0002";"NE_0002";"NE_0002"
"2023";"07";"080202";"CUSCO";"ACOMAYO";"ACOPIA";"GOBIERNO REGIONAL";"I-1";"00002318";"ACOPIA";"NE_0002";"";"NE_0002";"NE_0002";"NE_0002";"NE_0002";"NE_0002";"NE_0002";"NE_0002"
"2023";"07";"080205";"CUSCO";"ACOMAYO";"POMACANCHI";"GOBIERNO REGIONAL";"I-4";"00002321";"POMACANCHI";"NE_0002";"";"NE_0002";"NE_0002";"NE_0002";"NE_0002";"NE_0002";"NE_0002";"NE_0002"
"2023";"07";"080205";"CUSCO";"ACOMAYO";"POMACANCHI";"GOBIERNO REGIONAL";"I-1";"00002322";"SAN JUAN DE POMACANCHI";"NE_0002";"";"NE_0002";"NE_0002";"NE_0002";"NE_0002";"NE_0002";"NE_0002";"NE_0002"
"2023";"07";"080203";"CUSCO";"ACOMAYO";"ACOS";"GOBIERNO REGIONAL";"I-1";"00002319";"ACOS";"NE_0002";"";"NE_0002";"NE_0002";"NE_0002";"NE_0002";"NE_0002";"NE_0002";"NE_0002"
"2023";"07";"080205";"CUSCO";"ACOMAYO";"POMACANCHI";"GOBIERNO REGIONAL";"I-1";"00012926";"SANTA LUCIA";"NE_0002";"";"NE_0002";"NE_0002";"NE_0002";"NE_0002";"NE_0002";"NE_0002";"NE_0002"
"2023";"05";"210401";"PUNO";"CHUCUITO";"JULI";"ESSALUD";"I-3";"00009222";"ESSALUD JULI";"NE_0001";"";"NE_0001";"NE_0001";"NE_0001";"NE_0001";"NE_0001";"NE_0001";"NE_0001"
"2023";"05";"110101";"ICA";"ICA";"ICA";"PRIVADO";"I-3";"00028251";"EL GALENO";"NE_0001";"";"NE_0001";"NE_0001";"NE_0001";"NE_0001";"NE_0001";"NE_0001";"NE_0001"
"2023";"05";"220101";"SAN MARTIN";"MOYOBAMBA";"MOYOBAMBA";"ESSALUD";"II-1";"00015598";"HOSPITAL I ALTO MAYO";"241800";"HOSPITALIZACIÓN DE MEDICINA MEDICINA GENERAL ";"56";"63";"311";"273";"15";"465";"1"
"2023";"05";"220101";"SAN MARTIN";"MOYOBAMBA";"MOYOBAMBA";"ESSALUD";"II-1";"00015598";"HOSPITAL I ALTO MAYO";"240100";"HOSPITALIZACIÓN QUIRÚRGICA CIRUGÍA GENERAL ";"72";"70";"242";"180";"6";"186";"0"
"2023";"05";"220101";"SAN MARTIN";"MOYOBAMBA";"MOYOBAMBA";"ESSALUD";"II-1";"00015598";"HOSPITAL I ALTO MAYO";"241500";"HOSPITALIZACIÓN QUIRÚRGICA GINECOLOGÍA  ";"12";"12";"41";"29";"1";"31";"0"
"2023";"05";"220101";"SAN MARTIN";"MOYOBAMBA";"MOYOBAMBA";"ESSALUD";"II-1";"00015598";"HOSPITAL I ALTO MAYO";"241600";"HOSPITALIZACIÓN QUIRÚRGICA OBSTETRICIA   ";"47";"49";"187";"101";"9";"279";"0"
"2023";"05";"220101";"SAN MARTIN";"MOYOBAMBA";"MOYOBAMBA";"ESSALUD";"II-1";"00015598";"HOSPITAL I ALTO MAYO";"242300";"HOSPITALIZACIÓN DE PEDIATRÍA  PEDIATRÍA  GENERAL ";"18";"18";"79";"82";"3";"93";"0"
"2023";"05";"150140";"LIMA";"LIMA";"SANTIAGO DE SURCO";"ESSALUD";"I-3";"00008378";"POLICLINICO PROCERES";"NE_0001";"";"NE_0001";"NE_0001";"NE_0001";"NE_0001";"NE_0001";"NE_0001";"NE_0001"
"2023";"05";"060508";"CAJAMARCA";"CONTUMAZA";"YONAN";"ESSALUD";"I-2";"00010274";"POSTA MEDICA TEMBLADERA";"NE_0001";"";"NE_0001";"NE_0001";"NE_0001";"NE_0001";"NE_0001";"NE_0001";"NE_0001"
"2023";"05";"160101";"LORETO";"MAYNAS";"IQUITOS";"PRIVADO";"II-1";"00011737";"CLINICA SAN JUAN";"240100";"HOSPITALIZACIÓN QUIRÚRGICA CIRUGÍA GENERAL ";"6";"6";"8";"7";"9";"10";"0"
"2023";"05";"160101";"LORETO";"MAYNAS";"IQUITOS";"PRIVADO";"II-1";"00011737";"CLINICA SAN JUAN";"241200";"HOSPITALIZACIÓN QUIRÚRGICA TRAUMATOLOGÍA Y ORTOPEDIA ";"8";"8";"12";"10";"9";"15";"0"
"2023";"05";"160101";"LORETO";"MAYNAS";"IQUITOS";"PRIVADO";"II-1";"00011737";"CLINICA SAN JUAN";"241400";"HOSPITALIZACIÓN QUIRÚRGICA GINECO - OBSTETRICIA ";"1";"1";"3";"2";"4";"7";"0"
"2023";"05";"160101";"LORETO";"MAYNAS";"IQUITOS";"PRIVADO";"II-1";"00011737";"CLINICA SAN JUAN";"242000";"HOSPITALIZACIÓN DE MEDICINA MEDICINA TROPICAL E INFECCIOSAS ";"2";"2";"5";"5";"7";"8";"0"
"2023";"05";"160101";"LORETO";"MAYNAS";"IQUITOS";"PRIVADO";"II-1";"00011737";"CLINICA SAN JUAN";"243700";"HOSPITALIZACIÓN DE PEDIATRÍA PEDIATRIA OTORRINOLARINGOLOGÍA PEDIÁTRICA ";"1";"1";"3";"2";"5";"6";"0"
"2023";"05";"160101";"LORETO";"MAYNAS";"IQUITOS";"PRIVADO";"II-1";"00011737";"CLINICA SAN JUAN";"244300";"HOSPITALIZACIÓN DE MEDICINA GASTROENTEROLOGÍA  ";"1";"1";"2";"1";"3";"4";"0"
"2023";"05";"160101";"LORETO";"MAYNAS";"IQUITOS";"PRIVADO";"II-1";"00011737";"CLINICA SAN JUAN";"241400";"HOSPITALIZACIÓN QUIRÚRGICA GINECO - OBSTETRICIA ";"2";"2";"5";"3";"4";"5";"0"
"2023";"05";"060802";"CAJAMARCA";"JAEN";"BELLAVISTA";"GOBIERNO REGIONAL";"I-3";"00004224";"CRUCE SHUMBA";"NE_0001";"";"NE_0001";"NE_0001";"NE_0001";"NE_0001";"NE_0001";"NE_0001";"NE_0001"
"2023";"06";"150140";"LIMA";"LIMA";"SANTIAGO DE SURCO";"PRIVADO";"II-2";"00015118";"CLINICA MAISON DE SANTE DEL ESTE";"240000";"HOSPITALIZACIÓN";"121";"119";"551";"504";"33";"990";"1"
"2023";"06";"150140";"LIMA";"LIMA";"SANTIAGO DE SURCO";"PRIVADO";"II-2";"00015118";"CLINICA MAISON DE SANTE DEL ESTE";"241400";"HOSPITALIZACIÓN QUIRÚRGICA GINECO - OBSTETRICIA ";"30";"29";"54";"57";"4";"120";"0"
"2023";"06";"150140";"LIMA";"LIMA";"SANTIAGO DE SURCO";"PRIVADO";"II-2";"00015118";"CLINICA MAISON DE SANTE DEL ESTE";"250100";"UNIDAD DE CUIDADOS CRITICOS UNIDAD  DE CUIDADOS INTENSIVOS GENERALES (UCI) ";"14";"11";"89";"89";"4";"120";"0"
"2023";"06";"150140";"LIMA";"LIMA";"SANTIAGO DE SURCO";"PRIVADO";"II-2";"00015118";"CLINICA MAISON DE SANTE DEL ESTE";"250105";"UNIDAD DE CUIDADOS CRITICOS UNIDAD  DE CUIDADOS INTENSIVOS  (UCI) NEONATOLOGÍA";"1";"2";"15";"35";"4";"120";"0"
"2023";"06";"220603";"SAN MARTIN";"MARISCAL CACERES";"HUICUNGO";"GOBIERNO REGIONAL";"I-3";"00006567";"HUICUNGO";"NE_0002";"";"NE_0002";"NE_0002";"NE_0002";"NE_0002";"NE_0002";"NE_0002";"NE_0002"
"2023";"06";"220603";"SAN MARTIN";"MARISCAL CACERES";"HUICUNGO";"GOBIERNO REGIONAL";"I-1";"00006569";"SANTA INES";"NE_0001";"";"NE_0001";"NE_0001";"NE_0001";"NE_0001";"NE_0001";"NE_0001";"NE_0001"
"2023";"06";"220603";"SAN MARTIN";"MARISCAL CACERES";"HUICUNGO";"GOBIERNO REGIONAL";"I-1";"00006571";"PIZARRO";"NE_0001";"";"NE_0001";"NE_0001";"NE_0001";"NE_0001";"NE_0001";"NE_0001";"NE_0001"
"2023";"06";"220604";"SAN MARTIN";"MARISCAL CACERES";"PACHIZA";"GOBIERNO REGIONAL";"I-1";"00006572";"PACHIZA";"NE_0001";"";"NE_0001";"NE_0001";"NE_0001";"NE_0001";"NE_0001";"NE_0001";"NE_0001"
"2023";"06";"220604";"SAN MARTIN";"MARISCAL CACERES";"PACHIZA";"GOBIERNO REGIONAL";"I-1";"00006573";"ALTO EL SOL";"NE_0001";"";"NE_0001";"NE_0001";"NE_0001";"NE_0001";"NE_0001";"NE_0001";"NE_0001"
"2023";"06";"220604";"SAN MARTIN";"MARISCAL CACERES";"PACHIZA";"GOBIERNO REGIONAL";"I-1";"00006574";"NUEVO CHIMBOTE";"NE_0001";"";"NE_0001";"NE_0001";"NE_0001";"NE_0001";"NE_0001";"NE_0001";"NE_0001"
"2023";"06";"220603";"SAN MARTIN";"MARISCAL CACERES";"HUICUNGO";"GOBIERNO REGIONAL";"I-1";"00006568";"DOS DE MAYO";"NE_0001";"";"NE_0001";"NE_0001";"NE_0001";"NE_0001";"NE_0001";"NE_0001";"NE_0001"
"2023";"06";"220603";"SAN MARTIN";"MARISCAL CACERES";"HUICUNGO";"GOBIERNO REGIONAL";"I-1";"00006570";"NUEVA ESPERANZA";"NE_0001";"";"NE_0001";"NE_0001";"NE_0001";"NE_0001";"NE_0001";"NE_0001";"NE_0001"
"2023";"06";"130101";"LA LIBERTAD";"TRUJILLO";"TRUJILLO";"GOBIERNO REGIONAL";"III-2";"00007277";"INSTITUTO REGIONAL DE ENFERMEDADES NEOPLASICAS - NORTE - DR. LUIS PINILLOS GANOZA";"241000";"HOSPITALIZACIÓN QUIRÚRGICA ONCOLOGÍA QUIRÚRGICA  ";"121";"121";"535";"642";"22";"660";"3"
"2023";"06";"130101";"LA LIBERTAD";"TRUJILLO";"TRUJILLO";"GOBIERNO REGIONAL";"III-2";"00007277";"INSTITUTO REGIONAL DE ENFERMEDADES NEOPLASICAS - NORTE - DR. LUIS PINILLOS GANOZA";"242100";"HOSPITALIZACIÓN DE MEDICINA ONCOLOGÍA MÉDICA ";"53";"55";"174";"234";"9";"270";"2"
"2023";"06";"150101";"LIMA";"LIMA";"LIMA";"ESSALUD";"II-1";"00009188";"HOSPITAL II RAMON CASTILLA";"241800";"HOSPITALIZACIÓN DE MEDICINA MEDICINA GENERAL ";"49";"51";"351";"329";"12";"360";"0"
"2023";"06";"150101";"LIMA";"LIMA";"LIMA";"ESSALUD";"II-1";"00009188";"HOSPITAL II RAMON CASTILLA";"250103";"UNIDAD DE CUIDADOS CRITICOS UNIDAD  DE CUIDADOS INTENSIVOS GENERALES  (UCI) MEDICINA";"11";"10";"206";"149";"6";"180";"4"
"2023";"06";"150101";"LIMA";"LIMA";"LIMA";"ESSALUD";"II-1";"00009188";"HOSPITAL II RAMON CASTILLA";"240100";"HOSPITALIZACIÓN QUIRÚRGICA CIRUGÍA GENERAL ";"142";"140";"446";"462";"18";"540";"0"
"2023";"06";"150101";"LIMA";"LIMA";"LIMA";"ESSALUD";"II-1";"00009188";"HOSPITAL II RAMON CASTILLA";"241400";"HOSPITALIZACIÓN QUIRÚRGICA GINECO - OBSTETRICIA ";"23";"24";"93";"83";"3";"90";"0"
"2023";"06";"150101";"LIMA";"LIMA";"LIMA";"ESSALUD";"II-1";"00009188";"HOSPITAL II RAMON CASTILLA";"241600";"HOSPITALIZACIÓN QUIRÚRGICA OBSTETRICIA   ";"93";"32";"230";"240";"12";"360";"0"
"2023";"06";"150101";"LIMA";"LIMA";"LIMA";"ESSALUD";"II-1";"00009188";"HOSPITAL II RAMON CASTILLA";"242300";"HOSPITALIZACIÓN DE PEDIATRÍA  PEDIATRÍA  GENERAL ";"51";"52";"188";"180";"6";"180";"0"
"2023";"06";"150101";"LIMA";"LIMA";"LIMA";"ESSALUD";"II-1";"00009188";"HOSPITAL II RAMON CASTILLA";"243200";"HOSPITALIZACIÓN DE PEDIATRÍA PEDIATRIA NEONATOLOGÍA";"12";"13";"28";"21";"1";"30";"0"
"2023";"06";"160301";"LORETO";"LORETO";"NAUTA";"ESSALUD";"I-3";"00011403";"CENTRO DE ATENCION PRIMARIA II NAUTA";"NE_0001";"";"NE_0001";"NE_0001";"NE_0001";"NE_0001";"NE_0001";"NE_0001";"NE_0001"
"2023";"06";"060809";"CAJAMARCA";"JAEN";"SALLIQUE";"GOBIERNO REGIONAL";"I-2";"00004253";"LA UNION";"NE_0001";"";"NE_0001";"NE_0001";"NE_0001";"NE_0001";"NE_0001";"NE_0001";"NE_0001"
"2023";"06";"060809";"CAJAMARCA";"JAEN";"SALLIQUE";"GOBIERNO REGIONAL";"I-1";"00009967";"CHALANMACHE";"NE_0001";"";"NE_0001";"NE_0001";"NE_0001";"NE_0001";"NE_0001";"NE_0001";"NE_0001"
"2023";"06";"060809";"CAJAMARCA";"JAEN";"SALLIQUE";"GOBIERNO REGIONAL";"I-1";"00024940";"EL ESPINO";"NE_0001";"";"NE_0001";"NE_0001";"NE_0001";"NE_0001";"NE_0001";"NE_0001";"NE_0001"
"2023";"06";"150133";"LIMA";"LIMA";"SAN JUAN DE MIRAFLORES";"PRIVADO";"II-2";"00018985";"CLINICA SANTA MARTHA DEL SUR";"240000";"HOSPITALIZACIÓN";"227";"224";"745";"1490";"82";"2460";"0"
"2023";"06";"150133";"LIMA";"LIMA";"SAN JUAN DE MIRAFLORES";"PRIVADO";"II-2";"00018985";"CLINICA SANTA MARTHA DEL SUR";"250100";"UNIDAD DE CUIDADOS CRITICOS UNIDAD  DE CUIDADOS INTENSIVOS GENERALES (UCI) ";"12";"15";"45";"37";"7";"210";"1"
"2023";"06";"150131";"LIMA";"LIMA";"SAN ISIDRO";"PRIVADO";"I-4";"00008389";"IPOR: INSTITUTO PERUANO DE ONCOLOGIA & RADIOTERAPIA";"NE_0001";"";"NE_0001";"NE_0001";"NE_0001";"NE_0001";"NE_0001";"NE_0001";"NE_0001"
"2023";"06";"150140";"LIMA";"LIMA";"SANTIAGO DE SURCO";"PRIVADO";"II-E";"00012219";"CLINICA MONTESUR";"241800";"HOSPITALIZACIÓN DE MEDICINA MEDICINA GENERAL ";"244";"245";"261";"238";"34";"150";"0"
"2023";"06";"150140";"LIMA";"LIMA";"SANTIAGO DE SURCO";"PRIVADO";"II-E";"00012219";"CLINICA MONTESUR";"243200";"HOSPITALIZACIÓN DE PEDIATRÍA PEDIATRIA NEONATOLOGÍA";"28";"28";"54";"30";"5";"952";"0"
"2023";"06";"120117";"JUNIN";"HUANCAYO";"HUALHUAS";"GOBIERNO REGIONAL";"I-2";"00000718";"HUALHUAS";"NE_0002";"";"NE_0002";"NE_0002";"NE_0002";"NE_0002";"NE_0002";"NE_0002";"NE_0002"
"2023";"06";"120114";"JUNIN";"HUANCAYO";"EL TAMBO";"GOBIERNO REGIONAL";"I-2";"00000715";"RAMIRO PRIALE";"NE_0002";"";"NE_0002";"NE_0002";"NE_0002";"NE_0002";"NE_0002";"NE_0002";"NE_0002"
"2023";"06";"120114";"JUNIN";"HUANCAYO";"EL TAMBO";"GOBIERNO REGIONAL";"I-1";"00000717";"LA VICTORIA";"NE_0002";"";"NE_0002";"NE_0002";"NE_0002";"NE_0002";"NE_0002";"NE_0002";"NE_0002"
"2023";"06";"120129";"JUNIN";"HUANCAYO";"SAN AGUSTIN";"GOBIERNO REGIONAL";"I-3";"00000722";"SAN AGUSTIN DE CAJAS";"NE_0002";"";"NE_0002";"NE_0002";"NE_0002";"NE_0002";"NE_0002";"NE_0002";"NE_0002"
"2023";"06";"120129";"JUNIN";"HUANCAYO";"SAN AGUSTIN";"GOBIERNO REGIONAL";"I-1";"00000723";"COILLOR";"NE_0002";"";"NE_0002";"NE_0002";"NE_0002";"NE_0002";"NE_0002";"NE_0002";"NE_0002"
"2023";"06";"120132";"JUNIN";"HUANCAYO";"SAÑO";"GOBIERNO REGIONAL";"I-2";"00000725";"SAN PEDRO DE SAÑO";"NE_0002";"";"NE_0002";"NE_0002";"NE_0002";"NE_0002";"NE_0002";"NE_0002";"NE_0002"
"2023";"06";"120130";"JUNIN";"HUANCAYO";"SAN JERONIMO DE TUNAN";"GOBIERNO REGIONAL";"I-3";"00000724";"SAN JERONIMO";"NE_0002";"";"NE_0002";"NE_0002";"NE_0002";"NE_0002";"NE_0002";"NE_0002";"NE_0002"
"2023";"06";"120114";"JUNIN";"HUANCAYO";"EL TAMBO";"GOBIERNO REGIONAL";"I-1";"00000711";"SAÑOS CHICO";"NE_0002";"";"NE_0002";"NE_0002";"NE_0002";"NE_0002";"NE_0002";"NE_0002";"NE_0002"
"2023";"06";"120128";"JUNIN";"HUANCAYO";"QUILCAS";"GOBIERNO REGIONAL";"I-2";"00000720";"QUILCAS";"NE_0002";"";"NE_0002";"NE_0002";"NE_0002";"NE_0002";"NE_0002";"NE_0002";"NE_0002"
"2023";"06";"120114";"JUNIN";"HUANCAYO";"EL TAMBO";"GOBIERNO REGIONAL";"I-1";"00000733";"CULLPA";"NE_0002";"";"NE_0002";"NE_0002";"NE_0002";"NE_0002";"NE_0002";"NE_0002";"NE_0002"
"2023";"06";"120114";"JUNIN";"HUANCAYO";"EL TAMBO";"GOBIERNO REGIONAL";"I-1";"00000712";"AZA";"NE_0002";"";"NE_0002";"NE_0002";"NE_0002";"NE_0002";"NE_0002";"NE_0002";"NE_0002"
"2023";"06";"150114";"LIMA";"LIMA";"LA MOLINA";"PRIVADO";"I-3";"00010464";"CLINICA ANGLO AMERICANA";"NE_0001";"";"NE_0001";"NE_0001";"NE_0001";"NE_0001";"NE_0001";"NE_0001";"NE_0001"
"2023";"06";"150133";"LIMA";"LIMA";"SAN JUAN DE MIRAFLORES";"PRIVADO";"II-E";"00016794";"CLINICA DIVINO NIÑO JESUS - ORDEN DE MALTA";"240000";"HOSPITALIZACIÓN";"41";"41";"116";"404";"15";"450";"0"
"2023";"06";"120702";"JUNIN";"TARMA";"ACOBAMBA";"GOBIERNO REGIONAL";"I-4";"00000521";"ACOBAMBA";"241600";"HOSPITALIZACIÓN QUIRÚRGICA OBSTETRICIA   ";"1";"1";"2";"2";"3";"90";"0"
"2023";"06";"120702";"JUNIN";"TARMA";"ACOBAMBA";"GOBIERNO REGIONAL";"I-1";"00000525";"HUAYLAHUICHAN";"NE_0001";"";"NE_0001";"NE_0001";"NE_0001";"NE_0001";"NE_0001";"NE_0001";"NE_0001"
"2023";"06";"040122";"AREQUIPA";"AREQUIPA";"SOCABAYA";"GOBIERNO REGIONAL";"I-3";"00030346";"CENTRO DE SALUD MENTAL COMUNITARIO SOCABAYA";"NE_0001";"";"NE_0001";"NE_0001";"NE_0001";"NE_0001";"NE_0001";"NE_0001";"NE_0001"
"2023";"06";"040122";"AREQUIPA";"AREQUIPA";"SOCABAYA";"GOBIERNO REGIONAL";"I-2";"00001269";"PUESTO DE SALUD CIUDAD MI TRABAJO";"NE_0001";"";"NE_0001";"NE_0001";"NE_0001";"NE_0001";"NE_0001";"NE_0001";"NE_0001"
"2023";"06";"150122";"LIMA";"LIMA";"MIRAFLORES";"PRIVADO";"II-E";"00011750";"CLINICA LOS ANDES SAC";"240000";"HOSPITALIZACIÓN";"81";"75";"120";"126";"15";"450";"0"
"2023";"06";"110101";"ICA";"ICA";"ICA";"GOBIERNO REGIONAL";"II-1";"00003359";"SANTA MARIA DEL SOCORRO";"250103";"UNIDAD DE CUIDADOS CRITICOS UNIDAD  DE CUIDADOS INTENSIVOS GENERALES  (UCI) MEDICINA";"1";"1";"7";"45";"3";"90";"0"
"2023";"06";"110101";"ICA";"ICA";"ICA";"GOBIERNO REGIONAL";"II-1";"00003359";"SANTA MARIA DEL SOCORRO";"240100";"HOSPITALIZACIÓN QUIRÚRGICA CIRUGÍA GENERAL ";"71";"87";"547";"467";"23";"690";"0"
"2023";"06";"110101";"ICA";"ICA";"ICA";"GOBIERNO REGIONAL";"II-1";"00003359";"SANTA MARIA DEL SOCORRO";"241400";"HOSPITALIZACIÓN QUIRÚRGICA GINECO - OBSTETRICIA ";"179";"188";"526";"630";"31";"930";"0"
"2023";"06";"110101";"ICA";"ICA";"ICA";"GOBIERNO REGIONAL";"II-1";"00003359";"SANTA MARIA DEL SOCORRO";"241500";"HOSPITALIZACIÓN QUIRÚRGICA GINECOLOGÍA  ";"52";"59";"189";"72";"12";"360";"0"
"2023";"06";"110101";"ICA";"ICA";"ICA";"GOBIERNO REGIONAL";"II-1";"00003359";"SANTA MARIA DEL SOCORRO";"241900";"HOSPITALIZACIÓN DE MEDICINA MEDICINA INTERNA ";"49";"61";"327";"148";"14";"420";"0"
"2023";"06";"110101";"ICA";"ICA";"ICA";"GOBIERNO REGIONAL";"II-1";"00003359";"SANTA MARIA DEL SOCORRO";"242500";"HOSPITALIZACIÓN-PEDIATRÍA GENERAL-";"39";"44";"195";"427";"18";"540";"0"
"2023";"06";"110101";"ICA";"ICA";"ICA";"GOBIERNO REGIONAL";"II-1";"00003359";"SANTA MARIA DEL SOCORRO";"243200";"HOSPITALIZACIÓN DE PEDIATRÍA PEDIATRIA NEONATOLOGÍA";"16";"19";"84";"191";"7";"210";"1"
"2023";"07";"070104";"CALLAO";"CALLAO";"LA PERLA";"SANIDAD DE LA POLICIA NACIONAL DEL PERU";"I-3";"00010557";"POLICLINICO  POLICIAL CALLAO";"NE_0001";"";"NE_0001";"NE_0001";"NE_0001";"NE_0001";"NE_0001";"NE_0001";"NE_0001"
"2023";"07";"060101";"CAJAMARCA";"CAJAMARCA";"CAJAMARCA";"PRIVADO";"I-3";"00010487";"MARIA BELEN SRL";"NE_0001";"";"NE_0001";"NE_0001";"NE_0001";"NE_0001";"NE_0001";"NE_0001";"NE_0001"
"2023";"07";"060808";"CAJAMARCA";"JAEN";"PUCARA";"GOBIERNO REGIONAL";"I-4";"00004249";"PUCARA";"241800";"HOSPITALIZACIÓN DE MEDICINA MEDICINA GENERAL ";"08";"08";"15";"08";"08";"64";"0"
"2023";"07";"060808";"CAJAMARCA";"JAEN";"PUCARA";"GOBIERNO REGIONAL";"I-4";"00004249";"PUCARA";"241600";"HOSPITALIZACIÓN QUIRÚRGICA OBSTETRICIA   ";"15";"15";"17";"15";"04";"60";"0"
"2023";"07";"200701";"PIURA";"TALARA";"PARIÑAS";"PRIVADO";"II-1";"00011498";"CLINICA TORRES S.A.";"240000";"HOSPITALIZACIÓN";"4";"4";"13";"44";"16";"452";"0"
"2023";"07";"150136";"LIMA";"LIMA";"SAN MIGUEL";"PRIVADO";"II-E";"00020976";"VISUAL CENTER CLINICA DE OJOS";"NE_0001";"";"NE_0001";"NE_0001";"NE_0001";"NE_0001";"NE_0001";"NE_0001";"NE_0001"
"2023";"07";"020105";"ANCASH";"HUARAZ";"INDEPENDENCIA";"PRIVADO";"II-1";"00012671";"CLINICA SAN PABLO SEDE HUARAZ";"240000";"HOSPITALIZACIÓN";"157";"160";"427";"565";"24";"744";"0"
"2023";"07";"020105";"ANCASH";"HUARAZ";"INDEPENDENCIA";"PRIVADO";"II-1";"00012671";"CLINICA SAN PABLO SEDE HUARAZ";"250100";"UNIDAD DE CUIDADOS CRITICOS UNIDAD  DE CUIDADOS INTENSIVOS GENERALES (UCI) ";"2";"3";"24";"24";"5";"155";"1"
"2023";"07";"200101";"PIURA";"PIURA";"PIURA";"ESSALUD";"II-1";"00010244";"HOSPITAL II JORGE REATEGUI DELGADO";"241900";"HOSPITALIZACIÓN DE MEDICINA MEDICINA INTERNA ";"124";"117";"576";"971";"33";"1023";"9"
"2023";"07";"200101";"PIURA";"PIURA";"PIURA";"ESSALUD";"II-1";"00010244";"HOSPITAL II JORGE REATEGUI DELGADO";"240100";"HOSPITALIZACIÓN QUIRÚRGICA CIRUGÍA GENERAL ";"111";"109";"331";"439";"18";"558";"0"
"2023";"07";"200101";"PIURA";"PIURA";"PIURA";"ESSALUD";"II-1";"00010244";"HOSPITAL II JORGE REATEGUI DELGADO";"241400";"HOSPITALIZACIÓN QUIRÚRGICA GINECO - OBSTETRICIA ";"224";"222";"468";"546";"29";"899";"0"
"2023";"07";"200101";"PIURA";"PIURA";"PIURA";"ESSALUD";"II-1";"00010244";"HOSPITAL II JORGE REATEGUI DELGADO";"242300";"HOSPITALIZACIÓN DE PEDIATRÍA  PEDIATRÍA  GENERAL ";"60";"57";"218";"282";"11";"341";"0"
"2023";"07";"200101";"PIURA";"PIURA";"PIURA";"ESSALUD";"II-1";"00010244";"HOSPITAL II JORGE REATEGUI DELGADO";"243200";"HOSPITALIZACIÓN DE PEDIATRÍA PEDIATRIA NEONATOLOGÍA";"166";"166";"292";"128";"5";"155";"0"
"2023";"07";"070102";"CALLAO";"CALLAO";"BELLAVISTA";"PRIVADO";"II-1";"00009250";"CLINICAS AUNA - SEDE BELLAVISTA";"240000";"HOSPITALIZACIÓN";"133";"131";"369";"384";"19";"589";"0"
"2023";"07";"070102";"CALLAO";"CALLAO";"BELLAVISTA";"PRIVADO";"II-1";"00009250";"CLINICAS AUNA - SEDE BELLAVISTA";"250100";"UNIDAD DE CUIDADOS CRITICOS UNIDAD  DE CUIDADOS INTENSIVOS GENERALES (UCI) ";"2";"1";"11";"19";"3";"93";"0"
"2023";"07";"081001";"CUSCO";"PARURO";"PARURO";"GOBIERNO REGIONAL";"I-4";"00002499";"PARURO";"NE_0002";"";"NE_0002";"NE_0002";"NE_0002";"NE_0002";"NE_0002";"NE_0002";"NE_0002"
"2023";"07";"150501";"LIMA";"CAÑETE";"SAN VICENTE DE CAÑETE";"GOBIERNO REGIONAL";"II-2";"00005986";"HOSPITAL REZOLA";"240100";"HOSPITALIZACIÓN QUIRÚRGICA CIRUGÍA GENERAL ";"120";"137";"591";"503";"20";"620";"1"
"2023";"07";"150501";"LIMA";"CAÑETE";"SAN VICENTE DE CAÑETE";"GOBIERNO REGIONAL";"II-2";"00005986";"HOSPITAL REZOLA";"241400";"HOSPITALIZACIÓN QUIRÚRGICA GINECO - OBSTETRICIA ";"192";"205";"432";"404";"24";"744";"0"
"2023";"07";"150501";"LIMA";"CAÑETE";"SAN VICENTE DE CAÑETE";"GOBIERNO REGIONAL";"II-2";"00005986";"HOSPITAL REZOLA";"241500";"HOSPITALIZACIÓN QUIRÚRGICA GINECOLOGÍA  ";"15";"18";"43";"39";"6";"186";"0"
"2023";"07";"150501";"LIMA";"CAÑETE";"SAN VICENTE DE CAÑETE";"GOBIERNO REGIONAL";"II-2";"00005986";"HOSPITAL REZOLA";"241800";"HOSPITALIZACIÓN DE MEDICINA MEDICINA GENERAL ";"75";"96";"575";"472";"25";"775";"15"
"2023";"05";"120114";"JUNIN";"HUANCAYO";"EL TAMBO";"ESSALUD";"I-4";"00008660";"POLICLINICO METROPOLITANO HUANCAYO";"NE_0001";"";"NE_0001";"NE_0001";"NE_0001";"NE_0001";"NE_0001";"NE_0001";"NE_0001"
"2023";"06";"021809";"ANCASH";"SANTA";"NUEVO CHIMBOTE";"PRIVADO";"II-E";"00010475";"CENTRO MEDICO ESPECIALIZADO CLINICA DE LA MUJER Y EL NIÑO EIRL";"241400";"HOSPITALIZACIÓN QUIRÚRGICA GINECO - OBSTETRICIA ";"15";"15";"29";"42";"4";"120";"0"
"2023";"06";"021809";"ANCASH";"SANTA";"NUEVO CHIMBOTE";"PRIVADO";"II-E";"00010475";"CENTRO MEDICO ESPECIALIZADO CLINICA DE LA MUJER Y EL NIÑO EIRL";"240100";"HOSPITALIZACIÓN QUIRÚRGICA CIRUGÍA GENERAL ";"4";"4";"4";"8";"1";"30";"0"
"2023";"06";"210201";"PUNO";"AZANGARO";"AZANGARO";"GOBIERNO REGIONAL";"II-1";"00002941";"CARLOS CORNEJO ROSELLO";"240100";"HOSPITALIZACIÓN QUIRÚRGICA CIRUGÍA GENERAL ";"13";"15";"56";"71";"06";"180";"0"
"2023";"06";"210201";"PUNO";"AZANGARO";"AZANGARO";"GOBIERNO REGIONAL";"II-1";"00002941";"CARLOS CORNEJO ROSELLO";"241500";"HOSPITALIZACIÓN QUIRÚRGICA GINECOLOGÍA  ";"44";"47";"113";"159";"06";"180";"0"
"2023";"06";"210201";"PUNO";"AZANGARO";"AZANGARO";"GOBIERNO REGIONAL";"II-1";"00002941";"CARLOS CORNEJO ROSELLO";"241600";"HOSPITALIZACIÓN QUIRÚRGICA OBSTETRICIA   ";"30";"30";"44";"74";"06";"180";"0"
"2023";"06";"210201";"PUNO";"AZANGARO";"AZANGARO";"GOBIERNO REGIONAL";"II-1";"00002941";"CARLOS CORNEJO ROSELLO";"241800";"HOSPITALIZACIÓN DE MEDICINA MEDICINA GENERAL ";"21";"23";"100";"123";"12";"360";"0"
"2023";"06";"210201";"PUNO";"AZANGARO";"AZANGARO";"GOBIERNO REGIONAL";"II-1";"00002941";"CARLOS CORNEJO ROSELLO";"242500";"HOSPITALIZACIÓN-PEDIATRÍA GENERAL-";"17";"20";"61";"81";"09";"270";"0"
"2023";"06";"210201";"PUNO";"AZANGARO";"AZANGARO";"GOBIERNO REGIONAL";"II-1";"00002941";"CARLOS CORNEJO ROSELLO";"243200";"HOSPITALIZACIÓN DE PEDIATRÍA PEDIATRIA NEONATOLOGÍA";"11";"12";"27";"39";"04";"120";"0"
"2023";"06";"210201";"PUNO";"AZANGARO";"AZANGARO";"GOBIERNO REGIONAL";"II-1";"00002941";"CARLOS CORNEJO ROSELLO";"245300";"HOSPITALIZACIÓN DE MEDICINA NEUMOLOGÍA  ";"3";"5";"35";"40";"02";"60";"1"
"2023";"07";"120406";"JUNIN";"JAUJA";"CURICACA";"GOBIERNO REGIONAL";"I-2";"00000425";"EL ROSARIO";"NE_0001";"";"NE_0001";"NE_0001";"NE_0001";"NE_0001";"NE_0001";"NE_0001";"NE_0001"
"2023";"07";"120414";"JUNIN";"JAUJA";"LLOCLLAPAMPA";"GOBIERNO REGIONAL";"I-1";"00000428";"MATACHICO";"NE_0001";"";"NE_0001";"NE_0001";"NE_0001";"NE_0001";"NE_0001";"NE_0001";"NE_0001"
"2023";"07";"210101";"PUNO";"PUNO";"PUNO";"ESSALUD";"I-3";"00009217";"CENTRO DE ATENCION PRIMARIA III METROPOLITANO DE PUNO";"NE_0001";"";"NE_0001";"NE_0001";"NE_0001";"NE_0001";"NE_0001";"NE_0001";"NE_0001"
"2023";"07";"040701";"AREQUIPA";"ISLAY";"MOLLENDO";"ESSALUD";"II-1";"00013295";"HOSPITAL II MANUEL DE TORRES MUÑOZ -  MOLLENDO";"241800";"HOSPITALIZACIÓN DE MEDICINA MEDICINA GENERAL ";"36";"33";"213";"271";"9";"279";"6"
"2023";"07";"040701";"AREQUIPA";"ISLAY";"MOLLENDO";"ESSALUD";"II-1";"00013295";"HOSPITAL II MANUEL DE TORRES MUÑOZ -  MOLLENDO";"240100";"HOSPITALIZACIÓN QUIRÚRGICA CIRUGÍA GENERAL ";"39";"41";"153";"136";"7";"217";"0"
"2023";"07";"040701";"AREQUIPA";"ISLAY";"MOLLENDO";"ESSALUD";"II-1";"00013295";"HOSPITAL II MANUEL DE TORRES MUÑOZ -  MOLLENDO";"241500";"HOSPITALIZACIÓN QUIRÚRGICA GINECOLOGÍA  ";"5";"6";"14";"12";"2";"62";"0"
"2023";"07";"040701";"AREQUIPA";"ISLAY";"MOLLENDO";"ESSALUD";"II-1";"00013295";"HOSPITAL II MANUEL DE TORRES MUÑOZ -  MOLLENDO";"241600";"HOSPITALIZACIÓN QUIRÚRGICA OBSTETRICIA   ";"17";"16";"30";"30";"5";"155";"0"
"2023";"07";"040701";"AREQUIPA";"ISLAY";"MOLLENDO";"ESSALUD";"II-1";"00013295";"HOSPITAL II MANUEL DE TORRES MUÑOZ -  MOLLENDO";"242300";"HOSPITALIZACIÓN DE PEDIATRÍA  PEDIATRÍA  GENERAL ";"24";"22";"46";"49";"4";"124";"0"
"2023";"07";"030101";"APURIMAC";"ABANCAY";"ABANCAY";"ESSALUD";"II-2";"00011213";"HOSPITAL II ESSALUD ABANCAY";"241900";"HOSPITALIZACIÓN DE MEDICINA MEDICINA INTERNA ";"61";"59";"368";"576";"19";"592";"5"
"2023";"07";"030101";"APURIMAC";"ABANCAY";"ABANCAY";"ESSALUD";"II-2";"00011213";"HOSPITAL II ESSALUD ABANCAY";"250100";"UNIDAD DE CUIDADOS CRITICOS UNIDAD  DE CUIDADOS INTENSIVOS GENERALES (UCI) ";"8";"6";"68";"196";"7";"217";"1"
"2023";"07";"030101";"APURIMAC";"ABANCAY";"ABANCAY";"ESSALUD";"II-2";"00011213";"HOSPITAL II ESSALUD ABANCAY";"240100";"HOSPITALIZACIÓN QUIRÚRGICA CIRUGÍA GENERAL ";"84";"82";"349";"480";"19";"555";"0"
"2023";"07";"030101";"APURIMAC";"ABANCAY";"ABANCAY";"ESSALUD";"II-2";"00011213";"HOSPITAL II ESSALUD ABANCAY";"241400";"HOSPITALIZACIÓN QUIRÚRGICA GINECO - OBSTETRICIA ";"28";"28";"88";"107";"4";"124";"0"
"2023";"07";"030101";"APURIMAC";"ABANCAY";"ABANCAY";"ESSALUD";"II-2";"00011213";"HOSPITAL II ESSALUD ABANCAY";"241600";"HOSPITALIZACIÓN QUIRÚRGICA OBSTETRICIA   ";"54";"54";"135";"211";"8";"248";"0"
"2023";"07";"030101";"APURIMAC";"ABANCAY";"ABANCAY";"ESSALUD";"II-2";"00011213";"HOSPITAL II ESSALUD ABANCAY";"242300";"HOSPITALIZACIÓN DE PEDIATRÍA  PEDIATRÍA  GENERAL ";"42";"41";"200";"242";"7";"248";"0"
"2023";"07";"040126";"AREQUIPA";"AREQUIPA";"YANAHUARA";"PRIVADO";"II-E";"00025732";"NOVA CLINICA QUIRURGICA";"240800";"HOSPITALIZACIÓN QUIRÚRGICA CIRUGÍA PLÁSTICA/RECONSTRUCTIVA/ REPARADORA ";"8";"8";"8";"8";"3";"62";"0"
"2023";"07";"220101";"SAN MARTIN";"MOYOBAMBA";"MOYOBAMBA";"ESSALUD";"II-1";"00015598";"HOSPITAL I ALTO MAYO";"241800";"HOSPITALIZACIÓN DE MEDICINA MEDICINA GENERAL ";"51";"46";"256";"341";"14";"434";"2"
"2023";"07";"220101";"SAN MARTIN";"MOYOBAMBA";"MOYOBAMBA";"ESSALUD";"II-1";"00015598";"HOSPITAL I ALTO MAYO";"240100";"HOSPITALIZACIÓN QUIRÚRGICA CIRUGÍA GENERAL ";"62";"69";"285";"214";"7";"217";"0"
"2023";"07";"220101";"SAN MARTIN";"MOYOBAMBA";"MOYOBAMBA";"ESSALUD";"II-1";"00015598";"HOSPITAL I ALTO MAYO";"241500";"HOSPITALIZACIÓN QUIRÚRGICA GINECOLOGÍA  ";"16";"17";"71";"52";"2";"62";"0"
"2023";"07";"220101";"SAN MARTIN";"MOYOBAMBA";"MOYOBAMBA";"ESSALUD";"II-1";"00015598";"HOSPITAL I ALTO MAYO";"241600";"HOSPITALIZACIÓN QUIRÚRGICA OBSTETRICIA   ";"70";"72";"229";"152";"9";"279";"0"
"2023";"07";"220101";"SAN MARTIN";"MOYOBAMBA";"MOYOBAMBA";"ESSALUD";"II-1";"00015598";"HOSPITAL I ALTO MAYO";"242300";"HOSPITALIZACIÓN DE PEDIATRÍA  PEDIATRÍA  GENERAL ";"16";"17";"64";"44";"3";"93";"0"
"2023";"07";"081006";"CUSCO";"PARURO";"OMACHA";"GOBIERNO REGIONAL";"I-2";"00007147";"PUESTO DE SALUD DE HUASQUILLAY";"NE_0002";"";"NE_0002";"NE_0002";"NE_0002";"NE_0002";"NE_0002";"NE_0002";"NE_0002"
"2023";"07";"220805";"SAN MARTIN";"RIOJA";"PARDO MIGUEL";"GOBIERNO REGIONAL";"I-2";"00006304";"AGUAS CLARAS";"NE_0001";"";"NE_0001";"NE_0001";"NE_0001";"NE_0001";"NE_0001";"NE_0001";"NE_0001"
"2023";"07";"150131";"LIMA";"LIMA";"SAN ISIDRO";"PRIVADO";"II-E";"00009505";"OFTALMOSALUD";"NE_0001";"";"NE_0001";"NE_0001";"NE_0001";"NE_0001";"NE_0001";"NE_0001";"NE_0001"
"2023";"07";"220805";"SAN MARTIN";"RIOJA";"PARDO MIGUEL";"GOBIERNO REGIONAL";"I-1";"00006308";"SAN AGUSTIN";"NE_0001";"";"NE_0001";"NE_0001";"NE_0001";"NE_0001";"NE_0001";"NE_0001";"NE_0001"
"2023";"07";"220805";"SAN MARTIN";"RIOJA";"PARDO MIGUEL";"GOBIERNO REGIONAL";"I-1";"00006310";"PERLA DEL MAYO";"NE_0001";"";"NE_0001";"NE_0001";"NE_0001";"NE_0001";"NE_0001";"NE_0001";"NE_0001"
"2023";"07";"220805";"SAN MARTIN";"RIOJA";"PARDO MIGUEL";"GOBIERNO REGIONAL";"I-1";"00006306";"EL MIRADOR";"NE_0001";"";"NE_0001";"NE_0001";"NE_0001";"NE_0001";"NE_0001";"NE_0001";"NE_0001"
"2023";"07";"220805";"SAN MARTIN";"RIOJA";"PARDO MIGUEL";"GOBIERNO REGIONAL";"I-2";"00006305";"AGUAS VERDES";"NE_0001";"";"NE_0001";"NE_0001";"NE_0001";"NE_0001";"NE_0001";"NE_0001";"NE_0001"
"2023";"07";"220805";"SAN MARTIN";"RIOJA";"PARDO MIGUEL";"GOBIERNO REGIONAL";"I-1";"00006307";"PIONEROS BAJO (SAN JUAN DEL MAYO)";"NE_0001";"";"NE_0001";"NE_0001";"NE_0001";"NE_0001";"NE_0001";"NE_0001";"NE_0001"
"2023";"07";"220805";"SAN MARTIN";"RIOJA";"PARDO MIGUEL";"GOBIERNO REGIONAL";"I-4";"00006303";"CENTRO DE NARANJOS";"241800";"HOSPITALIZACIÓN DE MEDICINA MEDICINA GENERAL ";"13";"14";"26";"18";"4";"102";"0"
"2023";"07";"220805";"SAN MARTIN";"RIOJA";"PARDO MIGUEL";"GOBIERNO REGIONAL";"I-4";"00006303";"CENTRO DE NARANJOS";"241600";"HOSPITALIZACIÓN QUIRÚRGICA OBSTETRICIA   ";"18";"18";"19";"18";"6";"162";"0"
"2023";"07";"130906";"LA LIBERTAD";"SANCHEZ CARRION";"SANAGORAN";"GOBIERNO REGIONAL";"I-2";"00005360";"VENTANAS";"NE_0001";"";"NE_0001";"NE_0001";"NE_0001";"NE_0001";"NE_0001";"NE_0001";"NE_0001"
"2023";"07";"130906";"LA LIBERTAD";"SANCHEZ CARRION";"SANAGORAN";"GOBIERNO REGIONAL";"I-1";"00019765";"24 DE JUNIO";"NE_0001";"";"NE_0001";"NE_0001";"NE_0001";"NE_0001";"NE_0001";"NE_0001";"NE_0001"
"2023";"07";"130906";"LA LIBERTAD";"SANCHEZ CARRION";"SANAGORAN";"GOBIERNO REGIONAL";"I-2";"00005359";"SANAGORAN";"NE_0001";"";"NE_0001";"NE_0001";"NE_0001";"NE_0001";"NE_0001";"NE_0001";"NE_0001"
"2023";"07";"130906";"LA LIBERTAD";"SANCHEZ CARRION";"SANAGORAN";"GOBIERNO REGIONAL";"I-2";"00007240";"HUALASGOSDAY";"NE_0001";"";"NE_0001";"NE_0001";"NE_0001";"NE_0001";"NE_0001";"NE_0001";"NE_0001"
"2023";"07";"130906";"LA LIBERTAD";"SANCHEZ CARRION";"SANAGORAN";"GOBIERNO REGIONAL";"I-2";"00007241";"CORRAL GRANDE";"NE_0001";"";"NE_0001";"NE_0001";"NE_0001";"NE_0001";"NE_0001";"NE_0001";"NE_0001"
"2023";"07";"060602";"CAJAMARCA";"CUTERVO";"CALLAYUC";"GOBIERNO REGIONAL";"I-3";"00004959";"CALLAYUC";"NE_0001";"";"NE_0001";"NE_0001";"NE_0001";"NE_0001";"NE_0001";"NE_0001";"NE_0001"
"2023";"07";"200101";"PIURA";"PIURA";"PIURA";"PRIVADO";"I-3";"00024833";"MEDITRAN PERU EIRL";"NE_0001";"";"NE_0001";"NE_0001";"NE_0001";"NE_0001";"NE_0001";"NE_0001";"NE_0001"
"2023";"07";"060802";"CAJAMARCA";"JAEN";"BELLAVISTA";"GOBIERNO REGIONAL";"II-1";"00004223";"SAN JAVIER BELLAVISTA";"242500";"HOSPITALIZACIÓN-PEDIATRÍA GENERAL-";"4";"4";"6";"8";"3";"93";"0"
"2023";"07";"080108";"CUSCO";"CUSCO";"WANCHAQ";"PRIVADO";"II-2";"00012161";"MACSALUD";"250103";"UNIDAD DE CUIDADOS CRITICOS UNIDAD  DE CUIDADOS INTENSIVOS GENERALES  (UCI) MEDICINA";"9";"6";"25";"63";"6";"180";"0"
"2023";"07";"120909";"JUNIN";"CHUPACA";"YANACANCHA";"GOBIERNO REGIONAL";"I-2";"00000661";"YANACANCHA";"NE_0001";"";"NE_0001";"NE_0001";"NE_0001";"NE_0001";"NE_0001";"NE_0001";"NE_0001"
"2023";"07";"060802";"CAJAMARCA";"JAEN";"BELLAVISTA";"GOBIERNO REGIONAL";"II-1";"00004223";"SAN JAVIER BELLAVISTA";"241800";"HOSPITALIZACIÓN DE MEDICINA MEDICINA GENERAL ";"24";"24";"51";"74";"4";"124";"1"
"2023";"07";"060802";"CAJAMARCA";"JAEN";"BELLAVISTA";"GOBIERNO REGIONAL";"II-1";"00004223";"SAN JAVIER BELLAVISTA";"241400";"HOSPITALIZACIÓN QUIRÚRGICA GINECO - OBSTETRICIA ";"3";"3";"6";"9";"4";"124";"0"
"2023";"07";"060802";"CAJAMARCA";"JAEN";"BELLAVISTA";"GOBIERNO REGIONAL";"II-1";"00004223";"SAN JAVIER BELLAVISTA";"241500";"HOSPITALIZACIÓN QUIRÚRGICA GINECOLOGÍA  ";"2";"2";"5";"7";"4";"124";"0"
"2023";"07";"060802";"CAJAMARCA";"JAEN";"BELLAVISTA";"GOBIERNO REGIONAL";"II-1";"00004223";"SAN JAVIER BELLAVISTA";"241600";"HOSPITALIZACIÓN QUIRÚRGICA OBSTETRICIA   ";"6";"6";"16";"22";"4";"124";"0"
"2023";"07";"060802";"CAJAMARCA";"JAEN";"BELLAVISTA";"GOBIERNO REGIONAL";"II-1";"00004223";"SAN JAVIER BELLAVISTA";"240100";"HOSPITALIZACIÓN QUIRÚRGICA CIRUGÍA GENERAL ";"NE_0002";"NE_0002";"NE_0002";"NE_0002";"2";"62";"0"
"2023";"07";"080108";"CUSCO";"CUSCO";"WANCHAQ";"PRIVADO";"II-2";"00012161";"MACSALUD";"241800";"HOSPITALIZACIÓN DE MEDICINA MEDICINA GENERAL ";"74";"69";"207";"211";"15";"450";"0"
"2023";"07";"080108";"CUSCO";"CUSCO";"WANCHAQ";"PRIVADO";"II-2";"00012161";"MACSALUD";"240100";"HOSPITALIZACIÓN QUIRÚRGICA CIRUGÍA GENERAL ";"138";"129";"231";"333";"15";"450";"0"
"2023";"07";"080108";"CUSCO";"CUSCO";"WANCHAQ";"PRIVADO";"II-2";"00012161";"MACSALUD";"241400";"HOSPITALIZACIÓN QUIRÚRGICA GINECO - OBSTETRICIA ";"32";"31";"61";"121";"8";"240";"0"
"2023";"07";"130101";"LA LIBERTAD";"TRUJILLO";"TRUJILLO";"GOBIERNO REGIONAL";"II-1";"00005204";"HOSPITAL DE ESPECIALIDADES BASICAS LA NORIA";"241800";"HOSPITALIZACIÓN DE MEDICINA MEDICINA GENERAL ";"26";"26";"83";"83";"4";"124";"0"
"2023";"07";"130101";"LA LIBERTAD";"TRUJILLO";"TRUJILLO";"GOBIERNO REGIONAL";"II-1";"00005204";"HOSPITAL DE ESPECIALIDADES BASICAS LA NORIA";"243200";"HOSPITALIZACIÓN DE PEDIATRÍA PEDIATRIA NEONATOLOGÍA";"6";"6";"11";"11";"4";"124";"0"
"2023";"07";"130101";"LA LIBERTAD";"TRUJILLO";"TRUJILLO";"GOBIERNO REGIONAL";"II-1";"00005204";"HOSPITAL DE ESPECIALIDADES BASICAS LA NORIA";"241400";"HOSPITALIZACIÓN QUIRÚRGICA GINECO - OBSTETRICIA ";"25";"25";"36";"36";"4";"124";"0"
"2023";"07";"130101";"LA LIBERTAD";"TRUJILLO";"TRUJILLO";"GOBIERNO REGIONAL";"II-1";"00005204";"HOSPITAL DE ESPECIALIDADES BASICAS LA NORIA";"241600";"HOSPITALIZACIÓN QUIRÚRGICA OBSTETRICIA   ";"28";"27";"34";"35";"5";"155";"0"
"2023";"07";"150120";"LIMA";"LIMA";"MAGDALENA DEL MAR";"PRIVADO";"II-E";"00015349";"MEDICAL PLASTIC";"240800";"HOSPITALIZACIÓN QUIRÚRGICA CIRUGÍA PLÁSTICA/RECONSTRUCTIVA/ REPARADORA ";"3";"3";"3";"3";"4";"124";"0"
"2023";"07";"060101";"CAJAMARCA";"CAJAMARCA";"CAJAMARCA";"PRIVADO";"I-3";"00029378";"SALUD OCUPACIONAL  EL GALENO";"NE_0001";"";"NE_0001";"NE_0001";"NE_0001";"NE_0001";"NE_0001";"NE_0001";"NE_0001"
"2023";"07";"070101";"CALLAO";"CALLAO";"CALLAO";"GOBIERNO REGIONAL";"I-4";"00006228";"CENTRO DE SALUD NESTOR GAMBETTA";"241400";"HOSPITALIZACIÓN QUIRÚRGICA GINECO - OBSTETRICIA ";"10";"5";"5";"93";"12";"372";"0"
"2023";"07";"070101";"CALLAO";"CALLAO";"CALLAO";"GOBIERNO REGIONAL";"I-2";"00006231";"PUESTO DE SALUD RAMON CASTILLA";"NE_0001";"";"NE_0001";"NE_0001";"NE_0001";"NE_0001";"NE_0001";"NE_0001";"NE_0001"
"2023";"07";"150141";"LIMA";"LIMA";"SURQUILLO";"PRIVADO";"II-E";"00012947";"CLINICA SANTA MARIA";"240000";"HOSPITALIZACIÓN";"162";"160";"238";"238";"20";"620";"0"
"2023";"07";"081204";"CUSCO";"QUISPICANCHI";"CCARHUAYO";"GOBIERNO REGIONAL";"I-2";"00002527";"CCARHUAYO";"NE_0002";"";"NE_0002";"NE_0002";"NE_0002";"NE_0002";"NE_0002";"NE_0002";"NE_0002"
"2023";"07";"081205";"CUSCO";"QUISPICANCHI";"CCATCA";"GOBIERNO REGIONAL";"I-2";"00002529";"KCAURY";"NE_0002";"";"NE_0002";"NE_0002";"NE_0002";"NE_0002";"NE_0002";"NE_0002";"NE_0002"
"2023";"07";"081210";"CUSCO";"QUISPICANCHI";"OCONGATE";"GOBIERNO REGIONAL";"I-2";"00006977";"TINKI";"NE_0002";"";"NE_0002";"NE_0002";"NE_0002";"NE_0002";"NE_0002";"NE_0002";"NE_0002"
"2023";"07";"081209";"CUSCO";"QUISPICANCHI";"MARCAPATA";"GOBIERNO REGIONAL";"I-1";"00007110";"INCACANCHA";"NE_0002";"";"NE_0002";"NE_0002";"NE_0002";"NE_0002";"NE_0002";"NE_0002";"NE_0002"
"2023";"07";"081205";"CUSCO";"QUISPICANCHI";"CCATCA";"GOBIERNO REGIONAL";"I-1";"00012931";"CHICHINA";"NE_0002";"";"NE_0002";"NE_0002";"NE_0002";"NE_0002";"NE_0002";"NE_0002";"NE_0002"
"2023";"07";"081205";"CUSCO";"QUISPICANCHI";"CCATCA";"GOBIERNO REGIONAL";"I-1";"00016335";"CCAPANA";"NE_0002";"";"NE_0002";"NE_0002";"NE_0002";"NE_0002";"NE_0002";"NE_0002";"NE_0002"
"2023";"07";"081205";"CUSCO";"QUISPICANCHI";"CCATCA";"GOBIERNO REGIONAL";"I-2";"00002524";"PAMPACAMARA";"NE_0002";"";"NE_0002";"NE_0002";"NE_0002";"NE_0002";"NE_0002";"NE_0002";"NE_0002"
"2023";"07";"081209";"CUSCO";"QUISPICANCHI";"MARCAPATA";"GOBIERNO REGIONAL";"I-2";"00002535";"MARCAPATA";"NE_0002";"";"NE_0002";"NE_0002";"NE_0002";"NE_0002";"NE_0002";"NE_0002";"NE_0002"
"2023";"07";"081203";"CUSCO";"QUISPICANCHI";"CAMANTI";"GOBIERNO REGIONAL";"I-3";"00002526";"QUINCE MIL";"NE_0002";"";"NE_0002";"NE_0002";"NE_0002";"NE_0002";"NE_0002";"NE_0002";"NE_0002"
"2023";"07";"081205";"CUSCO";"QUISPICANCHI";"CCATCA";"GOBIERNO REGIONAL";"I-4";"00002528";"CCATCCA";"NE_0002";"";"NE_0002";"NE_0002";"NE_0002";"NE_0002";"NE_0002";"NE_0002";"NE_0002"
"2023";"07";"081210";"CUSCO";"QUISPICANCHI";"OCONGATE";"GOBIERNO REGIONAL";"I-4";"00002536";"OCONGATE";"NE_0002";"";"NE_0002";"NE_0002";"NE_0002";"NE_0002";"NE_0002";"NE_0002";"NE_0002"
"2023";"07";"150133";"LIMA";"LIMA";"SAN JUAN DE MIRAFLORES";"PRIVADO";"II-E";"00027478";"CLINICA BUENAVENTURA";"241100";"HOSPITALIZACIÓN QUIRÚRGICA OTORRINOLARINGOLOGÍA  ";"1";"1";"1";"1";"1";"31";"0"
"2023";"07";"150133";"LIMA";"LIMA";"SAN JUAN DE MIRAFLORES";"PRIVADO";"II-E";"00027478";"CLINICA BUENAVENTURA";"240100";"HOSPITALIZACIÓN QUIRÚRGICA CIRUGÍA GENERAL ";"5";"5";"5";"8";"5";"155";"0"
"2023";"07";"150133";"LIMA";"LIMA";"SAN JUAN DE MIRAFLORES";"PRIVADO";"II-E";"00027478";"CLINICA BUENAVENTURA";"241300";"HOSPITALIZACIÓN QUIRÚRGICA UROLOGÍA  ";"1";"1";"1";"1";"1";"31";"0"
"2023";"07";"150133";"LIMA";"LIMA";"SAN JUAN DE MIRAFLORES";"PRIVADO";"II-E";"00027478";"CLINICA BUENAVENTURA";"241900";"HOSPITALIZACIÓN DE MEDICINA MEDICINA INTERNA ";"1";"1";"22";"22";"1";"31";"0"
"2023";"07";"150133";"LIMA";"LIMA";"SAN JUAN DE MIRAFLORES";"PRIVADO";"II-E";"00027478";"CLINICA BUENAVENTURA";"240700";"HOSPITALIZACIÓN QUIRÚRGICA CIRUGÍA PEDIÁTRICA ";"1";"1";"1";"1";"1";"31";"0"
"2023";"07";"150117";"LIMA";"LIMA";"LOS OLIVOS";"PRIVADO";"II-E";"00017385";"CLINICA SAN BARTOLOME";"240000";"HOSPITALIZACIÓN";"34";"30";"15";"34";"7";"217";"0"
"2023";"07";"130101";"LA LIBERTAD";"TRUJILLO";"TRUJILLO";"PRIVADO";"II-1";"00013373";"CLINICA PERUANO AMERICANA S. A.";"241800";"HOSPITALIZACIÓN DE MEDICINA MEDICINA GENERAL ";"75";"56";"421";"386";"13";"403";"2"
"2023";"07";"130101";"LA LIBERTAD";"TRUJILLO";"TRUJILLO";"PRIVADO";"II-1";"00013373";"CLINICA PERUANO AMERICANA S. A.";"240100";"HOSPITALIZACIÓN QUIRÚRGICA CIRUGÍA GENERAL ";"128";"98";"270";"608";"20";"620";"0"
"2023";"07";"130101";"LA LIBERTAD";"TRUJILLO";"TRUJILLO";"PRIVADO";"II-1";"00013373";"CLINICA PERUANO AMERICANA S. A.";"242300";"HOSPITALIZACIÓN DE PEDIATRÍA  PEDIATRÍA  GENERAL ";"11";"10";"20";"47";"5";"155";"0"
"2023";"07";"130101";"LA LIBERTAD";"TRUJILLO";"TRUJILLO";"PRIVADO";"II-1";"00013373";"CLINICA PERUANO AMERICANA S. A.";"241400";"HOSPITALIZACIÓN QUIRÚRGICA GINECO - OBSTETRICIA ";"11";"8";"11";"20";"2";"62";"0"
"2023";"07";"120101";"JUNIN";"HUANCAYO";"HUANCAYO";"PRIVADO";"II-E";"00025973";"CLINICA ZARATE";"241800";"HOSPITALIZACIÓN DE MEDICINA MEDICINA GENERAL ";"58";"54";"21";"163";"15";"297";"0"
"2023";"07";"120302";"JUNIN";"CHANCHAMAYO";"PERENE";"GOBIERNO REGIONAL";"I-1";"00000338";"SAN CRISTOBAL";"NE_0001";"";"NE_0001";"NE_0001";"NE_0001";"NE_0001";"NE_0001";"NE_0001";"NE_0001"
"2023";"07";"150120";"LIMA";"LIMA";"MAGDALENA DEL MAR";"PRIVADO";"II-E";"00023022";"CLINICA AVANSALUD";"240000";"HOSPITALIZACIÓN";"58";"55";"102";"52";"4";"341";"0"
"2023";"07";"040112";"AREQUIPA";"AREQUIPA";"PAUCARPATA";"GOBIERNO REGIONAL";"I-4";"00001296";"CENTRO DE SALUD  AMPLIACIÓN PAUCARPATA";"NE_0001";"";"NE_0001";"NE_0001";"NE_0001";"NE_0001";"NE_0001";"NE_0001";"NE_0001"
"2023";"07";"040112";"AREQUIPA";"AREQUIPA";"PAUCARPATA";"GOBIERNO REGIONAL";"I-3";"00001313";"CENTRO DE SALUD NUEVA ALBORADA";"NE_0001";"";"NE_0001";"NE_0001";"NE_0001";"NE_0001";"NE_0001";"NE_0001";"NE_0001"
"2023";"04";"150132";"LIMA";"LIMA";"SAN JUAN DE LURIGANCHO";"PRIVADO";"II-E";"00014509";"CLINICA SAN MARTIN";"240000";"HOSPITALIZACIÓN";"73";"73";"196";"218";"12";"360";"0"
"2023";"04";"220205";"SAN MARTIN";"BELLAVISTA";"SAN PABLO";"GOBIERNO REGIONAL";"I-1";"00006507";"FAUSA SAPINA";"NE_0001";"";"NE_0001";"NE_0001";"NE_0001";"NE_0001";"NE_0001";"NE_0001";"NE_0001"
"2023";"04";"220205";"SAN MARTIN";"BELLAVISTA";"SAN PABLO";"GOBIERNO REGIONAL";"I-1";"00006508";"SAN PABLO";"NE_0001";"";"NE_0001";"NE_0001";"NE_0001";"NE_0001";"NE_0001";"NE_0001";"NE_0001"
"2023";"04";"220205";"SAN MARTIN";"BELLAVISTA";"SAN PABLO";"GOBIERNO REGIONAL";"I-1";"00006509";"DOS DE MAYO";"NE_0001";"";"NE_0001";"NE_0001";"NE_0001";"NE_0001";"NE_0001";"NE_0001";"NE_0001"
"2023";"04";"220205";"SAN MARTIN";"BELLAVISTA";"SAN PABLO";"GOBIERNO REGIONAL";"I-1";"00029371";"CENTRO AMERICA - SAN PABLO";"NE_0001";"";"NE_0001";"NE_0001";"NE_0001";"NE_0001";"NE_0001";"NE_0001";"NE_0001"
"2023";"04";"220205";"SAN MARTIN";"BELLAVISTA";"SAN PABLO";"GOBIERNO REGIONAL";"I-3";"00006506";"CONSUELO";"NE_0001";"";"NE_0001";"NE_0001";"NE_0001";"NE_0001";"NE_0001";"NE_0001";"NE_0001"
"2023";"04";"060310";"CAJAMARCA";"CELENDIN";"SUCRE";"GOBIERNO REGIONAL";"I-3";"00004482";"SUCRE";"NE_0001";"";"NE_0001";"NE_0001";"NE_0001";"NE_0001";"NE_0001";"NE_0001";"NE_0001"
"2023";"04";"060310";"CAJAMARCA";"CELENDIN";"SUCRE";"GOBIERNO REGIONAL";"I-1";"00009084";"VIGASPAMPA";"NE_0001";"";"NE_0001";"NE_0001";"NE_0001";"NE_0001";"NE_0001";"NE_0001";"NE_0001"
"2023";"04";"060305";"CAJAMARCA";"CELENDIN";"JORGE CHAVEZ";"GOBIERNO REGIONAL";"I-1";"00004487";"JORGE CHAVEZ";"NE_0001";"";"NE_0001";"NE_0001";"NE_0001";"NE_0001";"NE_0001";"NE_0001";"NE_0001"
"2023";"04";"120114";"JUNIN";"HUANCAYO";"EL TAMBO";"PRIVADO";"II-E";"00028966";"CLÍNICA ESPECIALIZADA MIRANDA";"241200";"HOSPITALIZACIÓN QUIRÚRGICA TRAUMATOLOGÍA Y ORTOPEDIA ";"9";"9";"9";"18";"9";"18";"0"
"2023";"04";"120114";"JUNIN";"HUANCAYO";"EL TAMBO";"PRIVADO";"II-E";"00028966";"CLÍNICA ESPECIALIZADA MIRANDA";"245400";"HOSPITALIZACIÓN DE MEDICINA GINECOLOGIA ";"10";"10";"10";"26";"9";"26";"0"
"2023";"04";"120114";"JUNIN";"HUANCAYO";"EL TAMBO";"PRIVADO";"II-E";"00028966";"CLÍNICA ESPECIALIZADA MIRANDA";"240100";"HOSPITALIZACIÓN QUIRÚRGICA CIRUGÍA GENERAL ";"27";"27";"27";"54";"9";"54";"0"
"2023";"04";"120114";"JUNIN";"HUANCAYO";"EL TAMBO";"PRIVADO";"II-E";"00028966";"CLÍNICA ESPECIALIZADA MIRANDA";"241300";"HOSPITALIZACIÓN QUIRÚRGICA UROLOGÍA  ";"2";"2";"2";"4";"9";"10";"0"
"2023";"04";"150131";"LIMA";"LIMA";"SAN ISIDRO";"PRIVADO";"II-2";"00012633";"CLINICA JAVIER PRADO";"240100";"HOSPITALIZACIÓN QUIRÚRGICA CIRUGÍA GENERAL ";"167";"166";"396";"531";"55";"1650";"0"
"2023";"04";"150131";"LIMA";"LIMA";"SAN ISIDRO";"PRIVADO";"II-2";"00012633";"CLINICA JAVIER PRADO";"241400";"HOSPITALIZACIÓN QUIRÚRGICA GINECO - OBSTETRICIA ";"63";"61";"161";"233";"15";"450";"0"
"2023";"04";"150131";"LIMA";"LIMA";"SAN ISIDRO";"PRIVADO";"II-2";"00012633";"CLINICA JAVIER PRADO";"241900";"HOSPITALIZACIÓN DE MEDICINA MEDICINA INTERNA ";"160";"168";"641";"750";"56";"1680";"4"
"2023";"04";"150131";"LIMA";"LIMA";"SAN ISIDRO";"PRIVADO";"II-2";"00012633";"CLINICA JAVIER PRADO";"242300";"HOSPITALIZACIÓN DE PEDIATRÍA  PEDIATRÍA  GENERAL ";"68";"68";"198";"255";"41";"1230";"0"
"2023";"04";"120706";"JUNIN";"TARMA";"PALCA";"GOBIERNO REGIONAL";"I-3";"00000569";"PALCA";"NE_0001";"";"NE_0001";"NE_0001";"NE_0001";"NE_0001";"NE_0001";"NE_0001";"NE_0001"
"2023";"04";"120706";"JUNIN";"TARMA";"PALCA";"GOBIERNO REGIONAL";"I-1";"00000575";"HUARIPAMPA";"NE_0001";"";"NE_0001";"NE_0001";"NE_0001";"NE_0001";"NE_0001";"NE_0001";"NE_0001"
"2023";"04";"120706";"JUNIN";"TARMA";"PALCA";"GOBIERNO REGIONAL";"I-1";"00000576";"PATAY";"NE_0001";"";"NE_0001";"NE_0001";"NE_0001";"NE_0001";"NE_0001";"NE_0001";"NE_0001"
"2023";"04";"120706";"JUNIN";"TARMA";"PALCA";"GOBIERNO REGIONAL";"I-1";"00000571";"CARPAPATA";"NE_0001";"";"NE_0001";"NE_0001";"NE_0001";"NE_0001";"NE_0001";"NE_0001";"NE_0001"
"2023";"04";"190301";"PASCO";"OXAPAMPA";"OXAPAMPA";"ESSALUD";"II-1";"00009748";"HOSPITAL I OXAPAMPA";"241800";"HOSPITALIZACIÓN DE MEDICINA MEDICINA GENERAL ";"32";"35";"118";"138";"5";"150";"2"
"2023";"04";"190301";"PASCO";"OXAPAMPA";"OXAPAMPA";"ESSALUD";"II-1";"00009748";"HOSPITAL I OXAPAMPA";"240100";"HOSPITALIZACIÓN QUIRÚRGICA CIRUGÍA GENERAL ";"19";"19";"70";"89";"3";"90";"0"
"2023";"04";"190301";"PASCO";"OXAPAMPA";"OXAPAMPA";"ESSALUD";"II-1";"00009748";"HOSPITAL I OXAPAMPA";"241400";"HOSPITALIZACIÓN QUIRÚRGICA GINECO - OBSTETRICIA ";"21";"22";"50";"68";"3";"90";"0"
"2023";"04";"190301";"PASCO";"OXAPAMPA";"OXAPAMPA";"ESSALUD";"II-1";"00009748";"HOSPITAL I OXAPAMPA";"242300";"HOSPITALIZACIÓN DE PEDIATRÍA  PEDIATRÍA  GENERAL ";"13";"12";"23";"38";"2";"60";"0"
"2023";"06";"220105";"SAN MARTIN";"MOYOBAMBA";"SORITOR";"GOBIERNO REGIONAL";"I-1";"00006333";"ALTO PERU";"NE_0001";"";"NE_0001";"NE_0001";"NE_0001";"NE_0001";"NE_0001";"NE_0001";"NE_0001"
"2023";"06";"220105";"SAN MARTIN";"MOYOBAMBA";"SORITOR";"GOBIERNO REGIONAL";"I-1";"00006335";"JERICOB";"NE_0001";"";"NE_0001";"NE_0001";"NE_0001";"NE_0001";"NE_0001";"NE_0001";"NE_0001"
"2023";"06";"220105";"SAN MARTIN";"MOYOBAMBA";"SORITOR";"GOBIERNO REGIONAL";"I-1";"00006334";"ALTO SAN MARTIN";"NE_0001";"";"NE_0001";"NE_0001";"NE_0001";"NE_0001";"NE_0001";"NE_0001";"NE_0001"
"2023";"06";"220105";"SAN MARTIN";"MOYOBAMBA";"SORITOR";"GOBIERNO REGIONAL";"I-2";"00006336";"SAN MARCOS";"NE_0001";"";"NE_0001";"NE_0001";"NE_0001";"NE_0001";"NE_0001";"NE_0001";"NE_0001"
"2023";"06";"220105";"SAN MARTIN";"MOYOBAMBA";"SORITOR";"GOBIERNO REGIONAL";"I-4";"00006332";"SORITOR";"241600";"HOSPITALIZACIÓN QUIRÚRGICA OBSTETRICIA   ";"16";"16";"32";"16";"6";"180";"0"
"2023";"06";"220105";"SAN MARTIN";"MOYOBAMBA";"SORITOR";"GOBIERNO REGIONAL";"I-4";"00006332";"SORITOR";"241800";"HOSPITALIZACIÓN DE MEDICINA MEDICINA GENERAL ";"32";"32";"77";"32";"6";"180";"0"
"2023";"06";"220103";"SAN MARTIN";"MOYOBAMBA";"HABANA";"GOBIERNO REGIONAL";"I-3";"00006327";"CENTRO DE SALUD HABANA";"NE_0001";"";"NE_0001";"NE_0001";"NE_0001";"NE_0001";"NE_0001";"NE_0001";"NE_0001"
"2023";"06";"021101";"ANCASH";"HUARMEY";"HUARMEY";"GOBIERNO REGIONAL";"II-1";"00001741";"HOSPITAL DE APOYO HUARMEY";"240100";"HOSPITALIZACIÓN QUIRÚRGICA CIRUGÍA GENERAL ";"4";"5";"20";"14";"5";"150";"0"
"2023";"06";"021101";"ANCASH";"HUARMEY";"HUARMEY";"GOBIERNO REGIONAL";"II-1";"00001741";"HOSPITAL DE APOYO HUARMEY";"241400";"HOSPITALIZACIÓN QUIRÚRGICA GINECO - OBSTETRICIA ";"57";"59";"114";"110";"10";"300";"0"
"2023";"06";"021101";"ANCASH";"HUARMEY";"HUARMEY";"GOBIERNO REGIONAL";"II-1";"00001741";"HOSPITAL DE APOYO HUARMEY";"241800";"HOSPITALIZACIÓN DE MEDICINA MEDICINA GENERAL ";"41";"45";"168";"161";"9";"270";"2"
"2023";"06";"021101";"ANCASH";"HUARMEY";"HUARMEY";"GOBIERNO REGIONAL";"II-1";"00001741";"HOSPITAL DE APOYO HUARMEY";"242300";"HOSPITALIZACIÓN DE PEDIATRÍA  PEDIATRÍA  GENERAL ";"8";"9";"31";"30";"3";"90";"0"
"2023";"06";"150113";"LIMA";"LIMA";"JESUS MARIA";"PRIVADO";"II-E";"00026793";"CLINICA BELLAFORMA";"NE_0001";"";"NE_0001";"NE_0001";"NE_0001";"NE_0001";"NE_0001";"NE_0001";"NE_0001"
"2023";"06";"060307";"CAJAMARCA";"CELENDIN";"MIGUEL IGLESIAS";"GOBIERNO REGIONAL";"I-1";"00011156";"MUYOC CHICO";"NE_0001";"";"NE_0001";"NE_0001";"NE_0001";"NE_0001";"NE_0001";"NE_0001";"NE_0001"
"2023";"06";"060302";"CAJAMARCA";"CELENDIN";"CHUMUCH";"GOBIERNO REGIONAL";"I-1";"00006759";"RAMBRAN";"NE_0001";"";"NE_0001";"NE_0001";"NE_0001";"NE_0001";"NE_0001";"NE_0001";"NE_0001"
"2023";"06";"060307";"CAJAMARCA";"CELENDIN";"MIGUEL IGLESIAS";"GOBIERNO REGIONAL";"I-1";"00025042";"JORGE CHAVEZ DE MIGUEL IGLESIAS";"NE_0001";"";"NE_0001";"NE_0001";"NE_0001";"NE_0001";"NE_0001";"NE_0001";"NE_0001"
"2023";"06";"061001";"CAJAMARCA";"SAN MARCOS";"PEDRO GALVEZ";"GOBIERNO REGIONAL";"I-1";"00004505";"HUAYOBAMBA";"NE_0001";"";"NE_0001";"NE_0001";"NE_0001";"NE_0001";"NE_0001";"NE_0001";"NE_0001"
"2023";"06";"061004";"CAJAMARCA";"SAN MARCOS";"GREGORIO PITA";"GOBIERNO REGIONAL";"I-1";"00004503";"PUESTO DE SALUD ULLILLIN";"NE_0001";"";"NE_0001";"NE_0001";"NE_0001";"NE_0001";"NE_0001";"NE_0001";"NE_0001"
"2023";"06";"061001";"CAJAMARCA";"SAN MARCOS";"PEDRO GALVEZ";"GOBIERNO REGIONAL";"I-1";"00004509";"CONDORMARCA";"NE_0001";"";"NE_0001";"NE_0001";"NE_0001";"NE_0001";"NE_0001";"NE_0001";"NE_0001"
"2023";"06";"061001";"CAJAMARCA";"SAN MARCOS";"PEDRO GALVEZ";"GOBIERNO REGIONAL";"I-1";"00004504";"EDELMIRA";"NE_0001";"";"NE_0001";"NE_0001";"NE_0001";"NE_0001";"NE_0001";"NE_0001";"NE_0001"
"2023";"06";"061004";"CAJAMARCA";"SAN MARCOS";"GREGORIO PITA";"GOBIERNO REGIONAL";"I-1";"00004506";"PUESTO DE SALUD MANZANILLA";"NE_0001";"";"NE_0001";"NE_0001";"NE_0001";"NE_0001";"NE_0001";"NE_0001";"NE_0001"
"2023";"06";"061004";"CAJAMARCA";"SAN MARCOS";"GREGORIO PITA";"GOBIERNO REGIONAL";"I-2";"00004507";"RIO SECO";"NE_0001";"";"NE_0001";"NE_0001";"NE_0001";"NE_0001";"NE_0001";"NE_0001";"NE_0001"
"2023";"06";"061001";"CAJAMARCA";"SAN MARCOS";"PEDRO GALVEZ";"GOBIERNO REGIONAL";"I-4";"00004501";"SAN MARCOS";"241600";"HOSPITALIZACIÓN QUIRÚRGICA OBSTETRICIA   ";"16";"16";"31";"47";"3";"90";"0"
"2023";"06";"061001";"CAJAMARCA";"SAN MARCOS";"PEDRO GALVEZ";"GOBIERNO REGIONAL";"I-4";"00004501";"SAN MARCOS";"241800";"HOSPITALIZACIÓN DE MEDICINA MEDICINA GENERAL ";"12";"12";"43";"55";"6";"180";"0"
"2023";"06";"061001";"CAJAMARCA";"SAN MARCOS";"PEDRO GALVEZ";"GOBIERNO REGIONAL";"I-4";"00004501";"SAN MARCOS";"242500";"HOSPITALIZACIÓN-PEDIATRÍA GENERAL-";"3";"3";"5";"7";"3";"90";"0"
"2023";"06";"061004";"CAJAMARCA";"SAN MARCOS";"GREGORIO PITA";"GOBIERNO REGIONAL";"I-1";"00004502";"PUESTO DE SALUD MUYOC";"NE_0001";"";"NE_0001";"NE_0001";"NE_0001";"NE_0001";"NE_0001";"NE_0001";"NE_0001"
"2023";"06";"061004";"CAJAMARCA";"SAN MARCOS";"GREGORIO PITA";"GOBIERNO REGIONAL";"I-2";"00004508";"PAUCAMARCA";"NE_0001";"";"NE_0001";"NE_0001";"NE_0001";"NE_0001";"NE_0001";"NE_0001";"NE_0001"
"2023";"06";"061001";"CAJAMARCA";"SAN MARCOS";"PEDRO GALVEZ";"GOBIERNO REGIONAL";"I-1";"00004510";"CHUCO";"NE_0001";"";"NE_0001";"NE_0001";"NE_0001";"NE_0001";"NE_0001";"NE_0001";"NE_0001"
"2023";"06";"090204";"HUANCAVELICA";"ACOBAMBA";"CAJA";"GOBIERNO REGIONAL";"I-1";"00011225";"PUESTO DE SALUD HUANCCALLACO";"NE_0001";"";"NE_0001";"NE_0001";"NE_0001";"NE_0001";"NE_0001";"NE_0001";"NE_0001"
"2023";"06";"090205";"HUANCAVELICA";"ACOBAMBA";"MARCAS";"GOBIERNO REGIONAL";"I-1";"00011232";"PUESTO DE SALUD PALOMA";"NE_0001";"";"NE_0001";"NE_0001";"NE_0001";"NE_0001";"NE_0001";"NE_0001";"NE_0001"
"2023";"06";"090204";"HUANCAVELICA";"ACOBAMBA";"CAJA";"GOBIERNO REGIONAL";"I-3";"00003926";"CENTRO DE SALUD CAJA ESPIRITU";"NE_0001";"";"NE_0001";"NE_0001";"NE_0001";"NE_0001";"NE_0001";"NE_0001";"NE_0001"
"2023";"06";"090204";"HUANCAVELICA";"ACOBAMBA";"CAJA";"GOBIERNO REGIONAL";"I-1";"00003927";"PUESTO DE SALUD POMACANCHA";"NE_0001";"";"NE_0001";"NE_0001";"NE_0001";"NE_0001";"NE_0001";"NE_0001";"NE_0001"
"2023";"06";"090205";"HUANCAVELICA";"ACOBAMBA";"MARCAS";"GOBIERNO REGIONAL";"I-1";"00011220";"PUESTO DE SALUD HUARPA";"NE_0001";"";"NE_0001";"NE_0001";"NE_0001";"NE_0001";"NE_0001";"NE_0001";"NE_0001"
"2023";"06";"090205";"HUANCAVELICA";"ACOBAMBA";"MARCAS";"GOBIERNO REGIONAL";"I-2";"00003928";"PUESTO DE SALUD MARCAS";"NE_0001";"";"NE_0001";"NE_0001";"NE_0001";"NE_0001";"NE_0001";"NE_0001";"NE_0001"
"2023";"06";"090205";"HUANCAVELICA";"ACOBAMBA";"MARCAS";"GOBIERNO REGIONAL";"I-1";"00003929";"PUESTO DE SALUD CUÑI";"NE_0001";"";"NE_0001";"NE_0001";"NE_0001";"NE_0001";"NE_0001";"NE_0001";"NE_0001"
"2023";"06";"090204";"HUANCAVELICA";"ACOBAMBA";"CAJA";"GOBIERNO REGIONAL";"I-1";"00007389";"PUESTO DE SALUD RURUNMARCA";"NE_0001";"";"NE_0001";"NE_0001";"NE_0001";"NE_0001";"NE_0001";"NE_0001";"NE_0001"
"2023";"06";"190104";"PASCO";"PASCO";"HUAYLLAY";"ESSALUD";"I-3";"00009751";"CENTRO MEDICO  HUAYLLAY";"NE_0001";"";"NE_0001";"NE_0001";"NE_0001";"NE_0001";"NE_0001";"NE_0001";"NE_0001"
"2023";"06";"150601";"LIMA";"HUARAL";"HUARAL";"ESSALUD";"I-4";"00010333";"CENTRO DE ATENCION PRIMARIA III HUARAL";"NE_0001";"";"NE_0001";"NE_0001";"NE_0001";"NE_0001";"NE_0001";"NE_0001";"NE_0001"
"2023";"05";"021803";"ANCASH";"SANTA";"COISHCO";"ESSALUD";"I-4";"00009055";"CENTRO MEDICO COISHCO";"NE_0001";"";"NE_0001";"NE_0001";"NE_0001";"NE_0001";"NE_0001";"NE_0001";"NE_0001"
"2023";"06";"140101";"LAMBAYEQUE";"CHICLAYO";"CHICLAYO";"ESSALUD";"III-1";"00008577";"HOSPITAL NACIONAL ALMANZOR AGUINAGA ASENJO";"245300";"HOSPITALIZACIÓN DE MEDICINA NEUMOLOGÍA  ";"19";"17";"243";"242";"10";"288";"1"
"2023";"06";"140101";"LAMBAYEQUE";"CHICLAYO";"CHICLAYO";"ESSALUD";"III-1";"00008577";"HOSPITAL NACIONAL ALMANZOR AGUINAGA ASENJO";"240900";"HOSPITALIZACIÓN QUIRÚRGICA NEUROCIRUGÍA ";"60";"25";"358";"449";"17";"449";"0"
"2023";"06";"140101";"LAMBAYEQUE";"CHICLAYO";"CHICLAYO";"ESSALUD";"III-1";"00008577";"HOSPITAL NACIONAL ALMANZOR AGUINAGA ASENJO";"244700";"HOSPITALIZACIÓN DE MEDICINA NEUROLOGIA  ";"52";"29";"482";"407";"14";"413";"0"
"2023";"06";"140101";"LAMBAYEQUE";"CHICLAYO";"CHICLAYO";"ESSALUD";"III-1";"00008577";"HOSPITAL NACIONAL ALMANZOR AGUINAGA ASENJO";"241600";"HOSPITALIZACIÓN QUIRÚRGICA OBSTETRICIA   ";"381";"200";"1391";"772";"25";"772";"0"
"2023";"06";"140101";"LAMBAYEQUE";"CHICLAYO";"CHICLAYO";"ESSALUD";"III-1";"00008577";"HOSPITAL NACIONAL ALMANZOR AGUINAGA ASENJO";"240600";"HOSPITALIZACIÓN QUIRÚRGICA CIRUGÍA OFTALMOLÓGICA ";"3";"0";"0";"87";"2";"87";"0"
"2023";"06";"140101";"LAMBAYEQUE";"CHICLAYO";"CHICLAYO";"ESSALUD";"III-1";"00008577";"HOSPITAL NACIONAL ALMANZOR AGUINAGA ASENJO";"242100";"HOSPITALIZACIÓN DE MEDICINA ONCOLOGÍA MÉDICA ";"106";"107";"540";"451";"15";"475";"5"
"2023";"06";"140101";"LAMBAYEQUE";"CHICLAYO";"CHICLAYO";"ESSALUD";"III-1";"00008577";"HOSPITAL NACIONAL ALMANZOR AGUINAGA ASENJO";"241200";"HOSPITALIZACIÓN QUIRÚRGICA TRAUMATOLOGÍA Y ORTOPEDIA ";"247";"97";"1005";"906";"30";"914";"0"
"2023";"06";"140101";"LAMBAYEQUE";"CHICLAYO";"CHICLAYO";"ESSALUD";"III-1";"00008577";"HOSPITAL NACIONAL ALMANZOR AGUINAGA ASENJO";"241100";"HOSPITALIZACIÓN QUIRÚRGICA OTORRINOLARINGOLOGÍA  ";"37";"27";"72";"80";"5";"89";"0"
"2023";"06";"140101";"LAMBAYEQUE";"CHICLAYO";"CHICLAYO";"ESSALUD";"III-1";"00008577";"HOSPITAL NACIONAL ALMANZOR AGUINAGA ASENJO";"242300";"HOSPITALIZACIÓN DE PEDIATRÍA  PEDIATRÍA  GENERAL ";"88";"52";"428";"546";"20";"618";"0"
"2023";"06";"140101";"LAMBAYEQUE";"CHICLAYO";"CHICLAYO";"ESSALUD";"III-1";"00008577";"HOSPITAL NACIONAL ALMANZOR AGUINAGA ASENJO";"242200";"HOSPITALIZACIÓN DE MEDICINA PSIQUIATRÍA ";"8";"8";"125";"177";"16";"480";"0"
"2023";"06";"140101";"LAMBAYEQUE";"CHICLAYO";"CHICLAYO";"ESSALUD";"III-1";"00008577";"HOSPITAL NACIONAL ALMANZOR AGUINAGA ASENJO";"241300";"HOSPITALIZACIÓN QUIRÚRGICA UROLOGÍA  ";"54";"34";"244";"233";"16";"291";"0"
"2023";"06";"140101";"LAMBAYEQUE";"CHICLAYO";"CHICLAYO";"ESSALUD";"III-1";"00008577";"HOSPITAL NACIONAL ALMANZOR AGUINAGA ASENJO";"250100";"UNIDAD DE CUIDADOS CRITICOS UNIDAD  DE CUIDADOS INTENSIVOS GENERALES (UCI) ";"83";"20";"245";"504";"38";"630";"17"
"2023";"06";"140101";"LAMBAYEQUE";"CHICLAYO";"CHICLAYO";"ESSALUD";"III-1";"00008577";"HOSPITAL NACIONAL ALMANZOR AGUINAGA ASENJO";"250300";"UNIDAD DE CUIDADOS CRITICOS UNIDAD DE VIGILANCIA INTENSIVA  CLINICA (UVIC) ";"22";"13";"61";"69";"4";"120";"2"
"2023";"06";"080805";"CUSCO";"ESPINAR";"PALLPATA";"GOBIERNO REGIONAL";"I-3";"00002416";"PALLPATA";"NE_0001";"";"NE_0001";"NE_0001";"NE_0001";"NE_0001";"NE_0001";"NE_0001";"NE_0001"
"2023";"06";"080803";"CUSCO";"ESPINAR";"COPORAQUE";"GOBIERNO REGIONAL";"I-2";"00002412";"COPORAQUE";"NE_0001";"";"NE_0001";"NE_0001";"NE_0001";"NE_0001";"NE_0001";"NE_0001";"NE_0001"
"2023";"06";"080808";"CUSCO";"ESPINAR";"ALTO PICHIGUA";"GOBIERNO REGIONAL";"I-2";"00002420";"ACCOCUNCA";"NE_0001";"";"NE_0001";"NE_0001";"NE_0001";"NE_0001";"NE_0001";"NE_0001";"NE_0001"
"2023";"06";"080801";"CUSCO";"ESPINAR";"ESPINAR";"GOBIERNO REGIONAL";"I-1";"00006745";"TINTAYA MARQUIRI";"NE_0001";"";"NE_0001";"NE_0001";"NE_0001";"NE_0001";"NE_0001";"NE_0001";"NE_0001"
"2023";"06";"080801";"CUSCO";"ESPINAR";"ESPINAR";"GOBIERNO REGIONAL";"I-4";"00002410";"YAURI";"NE_0001";"";"NE_0001";"NE_0001";"NE_0001";"NE_0001";"NE_0001";"NE_0001";"NE_0001"
"2023";"06";"080806";"CUSCO";"ESPINAR";"PICHIGUA";"GOBIERNO REGIONAL";"I-1";"00002418";"SAN MIGUEL";"NE_0001";"";"NE_0001";"NE_0001";"NE_0001";"NE_0001";"NE_0001";"NE_0001";"NE_0001"
"2023";"06";"080804";"CUSCO";"ESPINAR";"OCORURO";"GOBIERNO REGIONAL";"I-2";"00002415";"OCCORURO";"NE_0001";"";"NE_0001";"NE_0001";"NE_0001";"NE_0001";"NE_0001";"NE_0001";"NE_0001"
"2023";"06";"080806";"CUSCO";"ESPINAR";"PICHIGUA";"GOBIERNO REGIONAL";"I-2";"00002417";"PICHIGUA ESPINAR";"NE_0001";"";"NE_0001";"NE_0001";"NE_0001";"NE_0001";"NE_0001";"NE_0001";"NE_0001"
"2023";"06";"080802";"CUSCO";"ESPINAR";"CONDOROMA";"GOBIERNO REGIONAL";"I-1";"00002411";"CONDOROMA";"NE_0001";"";"NE_0001";"NE_0001";"NE_0001";"NE_0001";"NE_0001";"NE_0001";"NE_0001"
"2023";"03";"190113";"PASCO";"PASCO";"YANACANCHA";"MINSA";"II-2";"00000979";"HOSPITAL REGIONAL DR. DANIEL ALCIDES CARRION GARCIA";"241400";"HOSPITALIZACIÓN QUIRÚRGICA GINECO - OBSTETRICIA ";"141";"152";"275";"264";"26";"806";"0"
"2023";"03";"190113";"PASCO";"PASCO";"YANACANCHA";"MINSA";"II-2";"00000979";"HOSPITAL REGIONAL DR. DANIEL ALCIDES CARRION GARCIA";"241800";"HOSPITALIZACIÓN DE MEDICINA MEDICINA GENERAL ";"34";"43";"244";"235";"21";"651";"2"
"2023";"03";"190113";"PASCO";"PASCO";"YANACANCHA";"MINSA";"II-2";"00000979";"HOSPITAL REGIONAL DR. DANIEL ALCIDES CARRION GARCIA";"243200";"HOSPITALIZACIÓN DE PEDIATRÍA PEDIATRIA NEONATOLOGÍA";"51";"64";"253";"240";"13";"403";"1"
"2023";"03";"190113";"PASCO";"PASCO";"YANACANCHA";"MINSA";"II-2";"00000979";"HOSPITAL REGIONAL DR. DANIEL ALCIDES CARRION GARCIA";"242500";"HOSPITALIZACIÓN-PEDIATRÍA GENERAL-";"27";"28";"74";"73";"11";"341";"0"
"2023";"03";"190113";"PASCO";"PASCO";"YANACANCHA";"MINSA";"II-2";"00000979";"HOSPITAL REGIONAL DR. DANIEL ALCIDES CARRION GARCIA";"242200";"HOSPITALIZACIÓN DE MEDICINA PSIQUIATRÍA ";"3";"9";"140";"134";"12";"372";"0"
"2023";"03";"190113";"PASCO";"PASCO";"YANACANCHA";"MINSA";"II-2";"00000979";"HOSPITAL REGIONAL DR. DANIEL ALCIDES CARRION GARCIA";"241200";"HOSPITALIZACIÓN QUIRÚRGICA TRAUMATOLOGÍA Y ORTOPEDIA ";"9";"12";"100";"97";"4";"124";"0"
"2023";"03";"190113";"PASCO";"PASCO";"YANACANCHA";"MINSA";"II-2";"00000979";"HOSPITAL REGIONAL DR. DANIEL ALCIDES CARRION GARCIA";"250103";"UNIDAD DE CUIDADOS CRITICOS UNIDAD  DE CUIDADOS INTENSIVOS GENERALES  (UCI) MEDICINA";"6";"6";"16";"16";"8";"248";"5"
"2023";"05";"160108";"LORETO";"MAYNAS";"PUNCHANA";"GOBIERNO REGIONAL";"III-1";"00000003";"HOSPITAL REGIONAL DE LORETO ""FELIPE SANTIAGO ARRIOLA IGLESIAS""";"240100";"HOSPITALIZACIÓN QUIRÚRGICA CIRUGÍA GENERAL ";"116";"119";"642";"589";"28";"840";"0"
"2023";"05";"160108";"LORETO";"MAYNAS";"PUNCHANA";"GOBIERNO REGIONAL";"III-1";"00000003";"HOSPITAL REGIONAL DE LORETO ""FELIPE SANTIAGO ARRIOLA IGLESIAS""";"241500";"HOSPITALIZACIÓN QUIRÚRGICA GINECOLOGÍA  ";"22";"29";"171";"245";"15";"450";"0"
"2023";"05";"160108";"LORETO";"MAYNAS";"PUNCHANA";"GOBIERNO REGIONAL";"III-1";"00000003";"HOSPITAL REGIONAL DE LORETO ""FELIPE SANTIAGO ARRIOLA IGLESIAS""";"241900";"HOSPITALIZACIÓN DE MEDICINA MEDICINA INTERNA ";"75";"84";"835";"733";"29";"870";"14"
"2023";"05";"160108";"LORETO";"MAYNAS";"PUNCHANA";"GOBIERNO REGIONAL";"III-1";"00000003";"HOSPITAL REGIONAL DE LORETO ""FELIPE SANTIAGO ARRIOLA IGLESIAS""";"242000";"HOSPITALIZACIÓN DE MEDICINA MEDICINA TROPICAL E INFECCIOSAS ";"96";"87";"549";"630";"25";"750";"11"
"2023";"05";"160108";"LORETO";"MAYNAS";"PUNCHANA";"GOBIERNO REGIONAL";"III-1";"00000003";"HOSPITAL REGIONAL DE LORETO ""FELIPE SANTIAGO ARRIOLA IGLESIAS""";"243200";"HOSPITALIZACIÓN DE PEDIATRÍA PEDIATRIA NEONATOLOGÍA";"12";"2";"27";"160";"6";"180";"2"
"2023";"05";"160108";"LORETO";"MAYNAS";"PUNCHANA";"GOBIERNO REGIONAL";"III-1";"00000003";"HOSPITAL REGIONAL DE LORETO ""FELIPE SANTIAGO ARRIOLA IGLESIAS""";"241400";"HOSPITALIZACIÓN QUIRÚRGICA GINECO - OBSTETRICIA ";"321";"324";"720";"637";"37";"1110";"0"
"2023";"05";"160108";"LORETO";"MAYNAS";"PUNCHANA";"GOBIERNO REGIONAL";"III-1";"00000003";"HOSPITAL REGIONAL DE LORETO ""FELIPE SANTIAGO ARRIOLA IGLESIAS""";"242300";"HOSPITALIZACIÓN DE PEDIATRÍA  PEDIATRÍA  GENERAL ";"56";"62";"911";"673";"24";"720";"0"
"2023";"05";"160108";"LORETO";"MAYNAS";"PUNCHANA";"GOBIERNO REGIONAL";"III-1";"00000003";"HOSPITAL REGIONAL DE LORETO ""FELIPE SANTIAGO ARRIOLA IGLESIAS""";"250103";"UNIDAD DE CUIDADOS CRITICOS UNIDAD  DE CUIDADOS INTENSIVOS GENERALES  (UCI) MEDICINA";"9";"4";"40";"125";"7";"210";"4"
"2023";"05";"160108";"LORETO";"MAYNAS";"PUNCHANA";"GOBIERNO REGIONAL";"III-1";"00000003";"HOSPITAL REGIONAL DE LORETO ""FELIPE SANTIAGO ARRIOLA IGLESIAS""";"250108";"UNIDAD DE CUIDADOS CRITICOS UNIDAD  DE CUIDADOS INTENSIVOS  (UCI) PEDIÁTRICA";"14";"5";"25";"58";"6";"180";"5"
"2023";"05";"160108";"LORETO";"MAYNAS";"PUNCHANA";"GOBIERNO REGIONAL";"III-1";"00000003";"HOSPITAL REGIONAL DE LORETO ""FELIPE SANTIAGO ARRIOLA IGLESIAS""";"250109";"UNIDAD DE CUIDADOS CRITICOS UNIDAD  DE CUIDADOS INTENSIVOS  (UCI) QUIRÚRGICA";"12";"11";"236";"106";"6";"180";"3"
"2023";"05";"160108";"LORETO";"MAYNAS";"PUNCHANA";"GOBIERNO REGIONAL";"III-1";"00000003";"HOSPITAL REGIONAL DE LORETO ""FELIPE SANTIAGO ARRIOLA IGLESIAS""";"250400";"UNIDAD DE CUIDADOS CRITICOS UNIDAD DE QUEMADOS (GRAN QUEMADO) ";"6";"7";"209";"176";"7";"210";"0"
"2023";"05";"160108";"LORETO";"MAYNAS";"PUNCHANA";"GOBIERNO REGIONAL";"III-1";"00000003";"HOSPITAL REGIONAL DE LORETO ""FELIPE SANTIAGO ARRIOLA IGLESIAS""";"250105";"UNIDAD DE CUIDADOS CRITICOS UNIDAD  DE CUIDADOS INTENSIVOS  (UCI) NEONATOLOGÍA";"17";"27";"315";"362";"13";"390";"0"
"2023";"05";"160108";"LORETO";"MAYNAS";"PUNCHANA";"GOBIERNO REGIONAL";"III-1";"00000003";"HOSPITAL REGIONAL DE LORETO ""FELIPE SANTIAGO ARRIOLA IGLESIAS""";"242205";"HOSPITALIZACIÓN MEDICINA PSIQUIATRÍA PISIQUIATRIA/ SALUD MENTAL Y ADICCIONES";"3";"2";"98";"329";"11";"331";"0"
"2023";"05";"160108";"LORETO";"MAYNAS";"PUNCHANA";"GOBIERNO REGIONAL";"III-1";"00000003";"HOSPITAL REGIONAL DE LORETO ""FELIPE SANTIAGO ARRIOLA IGLESIAS""";"242100";"HOSPITALIZACIÓN DE MEDICINA ONCOLOGÍA MÉDICA ";"20";"19";"90";"85";"4";"120";"0"
"2023";"05";"080910";"CUSCO";"LA CONVENCION";"PICHARI";"GOBIERNO REGIONAL";"I-3";"00002495";"MANTARO";"NE_0001";"";"NE_0001";"NE_0001";"NE_0001";"NE_0001";"NE_0001";"NE_0001";"NE_0001"
"2023";"05";"080910";"CUSCO";"LA CONVENCION";"PICHARI";"GOBIERNO REGIONAL";"I-1";"00015169";"PITIRINQUINI";"NE_0001";"";"NE_0001";"NE_0001";"NE_0001";"NE_0001";"NE_0001";"NE_0001";"NE_0001"
"2023";"06";"150122";"LIMA";"LIMA";"MIRAFLORES";"ESSALUD";"I-3";"00009298";"POLICLINICO CENTRAL DE PREVENCION LARCO";"NE_0001";"";"NE_0001";"NE_0001";"NE_0001";"NE_0001";"NE_0001";"NE_0001";"NE_0001"
"2023";"06";"150122";"LIMA";"LIMA";"MIRAFLORES";"PRIVADO";"II-E";"00015182";"OPTIMA VISION S.R.L.";"NE_0001";"";"NE_0001";"NE_0001";"NE_0001";"NE_0001";"NE_0001";"NE_0001";"NE_0001"
"2023";"06";"150121";"LIMA";"LIMA";"PUEBLO LIBRE";"PRIVADO";"II-E";"00015077";"LIGA CONTRA EL CÁNCER";"NE_0001";"";"NE_0001";"NE_0001";"NE_0001";"NE_0001";"NE_0001";"NE_0001";"NE_0001"
"2023";"06";"190113";"PASCO";"PASCO";"YANACANCHA";"MINSA";"II-2";"00000979";"HOSPITAL REGIONAL DR. DANIEL ALCIDES CARRION GARCIA";"240100";"HOSPITALIZACIÓN QUIRÚRGICA CIRUGÍA GENERAL ";"50";"58";"278";"270";"21";"630";"0"
"2023";"06";"190113";"PASCO";"PASCO";"YANACANCHA";"MINSA";"II-2";"00000979";"HOSPITAL REGIONAL DR. DANIEL ALCIDES CARRION GARCIA";"241400";"HOSPITALIZACIÓN QUIRÚRGICA GINECO - OBSTETRICIA ";"111";"120";"232";"223";"26";"780";"0"
"2023";"06";"190113";"PASCO";"PASCO";"YANACANCHA";"MINSA";"II-2";"00000979";"HOSPITAL REGIONAL DR. DANIEL ALCIDES CARRION GARCIA";"241800";"HOSPITALIZACIÓN DE MEDICINA MEDICINA GENERAL ";"32";"38";"350";"344";"17";"510";"1"
"2023";"06";"190113";"PASCO";"PASCO";"YANACANCHA";"MINSA";"II-2";"00000979";"HOSPITAL REGIONAL DR. DANIEL ALCIDES CARRION GARCIA";"243200";"HOSPITALIZACIÓN DE PEDIATRÍA PEDIATRIA NEONATOLOGÍA";"39";"48";"165";"156";"13";"390";"0"
"2023";"06";"190113";"PASCO";"PASCO";"YANACANCHA";"MINSA";"II-2";"00000979";"HOSPITAL REGIONAL DR. DANIEL ALCIDES CARRION GARCIA";"241100";"HOSPITALIZACIÓN QUIRÚRGICA OTORRINOLARINGOLOGÍA  ";"1";"1";"3";"3";"2";"60";"0"
"2023";"06";"190113";"PASCO";"PASCO";"YANACANCHA";"MINSA";"II-2";"00000979";"HOSPITAL REGIONAL DR. DANIEL ALCIDES CARRION GARCIA";"242500";"HOSPITALIZACIÓN-PEDIATRÍA GENERAL-";"33";"36";"162";"159";"11";"330";"0"
"2023";"06";"190113";"PASCO";"PASCO";"YANACANCHA";"MINSA";"II-2";"00000979";"HOSPITAL REGIONAL DR. DANIEL ALCIDES CARRION GARCIA";"242200";"HOSPITALIZACIÓN DE MEDICINA PSIQUIATRÍA ";"5";"5";"68";"68";"12";"360";"0"
"2023";"06";"190113";"PASCO";"PASCO";"YANACANCHA";"MINSA";"II-2";"00000979";"HOSPITAL REGIONAL DR. DANIEL ALCIDES CARRION GARCIA";"241200";"HOSPITALIZACIÓN QUIRÚRGICA TRAUMATOLOGÍA Y ORTOPEDIA ";"15";"15";"105";"105";"4";"120";"0"
"2023";"06";"190113";"PASCO";"PASCO";"YANACANCHA";"MINSA";"II-2";"00000979";"HOSPITAL REGIONAL DR. DANIEL ALCIDES CARRION GARCIA";"250103";"UNIDAD DE CUIDADOS CRITICOS UNIDAD  DE CUIDADOS INTENSIVOS GENERALES  (UCI) MEDICINA";"2";"2";"4";"4";"4";"120";"1"
"2023";"06";"090312";"HUANCAVELICA";"ANGARAES";"SECCLLA";"GOBIERNO REGIONAL";"I-1";"00003971";"TRANCA";"NE_0001";"";"NE_0001";"NE_0001";"NE_0001";"NE_0001";"NE_0001";"NE_0001";"NE_0001"
"2023";"06";"090302";"HUANCAVELICA";"ANGARAES";"ANCHONGA";"GOBIERNO REGIONAL";"I-3";"00006901";"BUENOS AIRES DE PARCO CHACAPUNCU";"NE_0001";"";"NE_0001";"NE_0001";"NE_0001";"NE_0001";"NE_0001";"NE_0001";"NE_0001"
"2023";"06";"090301";"HUANCAVELICA";"ANGARAES";"LIRCAY";"GOBIERNO REGIONAL";"I-1";"00007290";"PERCAPAMPA";"NE_0001";"";"NE_0001";"NE_0001";"NE_0001";"NE_0001";"NE_0001";"NE_0001";"NE_0001"
"2023";"06";"090304";"HUANCAVELICA";"ANGARAES";"CCOCHACCASA";"GOBIERNO REGIONAL";"I-1";"00011204";"VELASCO PUCAPAMPA";"NE_0001";"";"NE_0001";"NE_0001";"NE_0001";"NE_0001";"NE_0001";"NE_0001";"NE_0001"
"2023";"06";"090301";"HUANCAVELICA";"ANGARAES";"LIRCAY";"GOBIERNO REGIONAL";"I-1";"00003948";"UCHCUPAMPA";"NE_0001";"";"NE_0001";"NE_0001";"NE_0001";"NE_0001";"NE_0001";"NE_0001";"NE_0001"
"2023";"06";"090310";"HUANCAVELICA";"ANGARAES";"SAN ANTONIO DE ANTAPARCO";"GOBIERNO REGIONAL";"I-1";"00003966";"MAICENA";"NE_0001";"";"NE_0001";"NE_0001";"NE_0001";"NE_0001";"NE_0001";"NE_0001";"NE_0001"
"2023";"06";"090311";"HUANCAVELICA";"ANGARAES";"SANTO TOMAS DE PATA";"GOBIERNO REGIONAL";"I-1";"00003967";"SANTO TOMAS DE PATA";"NE_0001";"";"NE_0001";"NE_0001";"NE_0001";"NE_0001";"NE_0001";"NE_0001";"NE_0001"
"2023";"06";"090311";"HUANCAVELICA";"ANGARAES";"SANTO TOMAS DE PATA";"GOBIERNO REGIONAL";"I-1";"00003968";"CHUPACC";"NE_0001";"";"NE_0001";"NE_0001";"NE_0001";"NE_0001";"NE_0001";"NE_0001";"NE_0001"
"2023";"06";"090301";"HUANCAVELICA";"ANGARAES";"LIRCAY";"GOBIERNO REGIONAL";"I-1";"00011202";"PAMPAHUASI";"NE_0001";"";"NE_0001";"NE_0001";"NE_0001";"NE_0001";"NE_0001";"NE_0001";"NE_0001"
"2023";"06";"090301";"HUANCAVELICA";"ANGARAES";"LIRCAY";"GOBIERNO REGIONAL";"I-1";"00011205";"UNION PROGRESO PATAHUASI";"NE_0001";"";"NE_0001";"NE_0001";"NE_0001";"NE_0001";"NE_0001";"NE_0001";"NE_0001"
"2023";"06";"090302";"HUANCAVELICA";"ANGARAES";"ANCHONGA";"GOBIERNO REGIONAL";"I-1";"00028780";"LLANCAPUQUIO";"NE_0001";"";"NE_0001";"NE_0001";"NE_0001";"NE_0001";"NE_0001";"NE_0001";"NE_0001"
"2023";"06";"090301";"HUANCAVELICA";"ANGARAES";"LIRCAY";"GOBIERNO REGIONAL";"I-1";"00003944";"BUENA VISTA";"NE_0001";"";"NE_0001";"NE_0001";"NE_0001";"NE_0001";"NE_0001";"NE_0001";"NE_0001"
"2023";"06";"130101";"LA LIBERTAD";"TRUJILLO";"TRUJILLO";"PRIVADO";"II-E";"00008044";"OFTALMOVISION";"NE_0001";"";"NE_0001";"NE_0001";"NE_0001";"NE_0001";"NE_0001";"NE_0001";"NE_0001"
"2023";"07";"120101";"JUNIN";"HUANCAYO";"HUANCAYO";"SANIDAD DE LA POLICIA NACIONAL DEL PERU";"I-3";"00010710";"POLICLINICO POLICIAL HUANCAYO ENRIQUE TORRES GONZALES";"NE_0001";"";"NE_0001";"NE_0001";"NE_0001";"NE_0001";"NE_0001";"NE_0001";"NE_0001"
"2023";"07";"140101";"LAMBAYEQUE";"CHICLAYO";"CHICLAYO";"GOBIERNO REGIONAL";"III-1";"00011470";"HOSPITAL REGIONAL LAMBAYEQUE";"240000";"HOSPITALIZACIÓN";"543";"446";"1827";"2868";"101";"3131";"10"
"2023";"07";"140101";"LAMBAYEQUE";"CHICLAYO";"CHICLAYO";"GOBIERNO REGIONAL";"III-1";"00011470";"HOSPITAL REGIONAL LAMBAYEQUE";"242300";"HOSPITALIZACIÓN DE PEDIATRÍA  PEDIATRÍA  GENERAL ";"107";"111";"575";"602";"24";"744";"1"
"2023";"07";"140101";"LAMBAYEQUE";"CHICLAYO";"CHICLAYO";"GOBIERNO REGIONAL";"III-1";"00011470";"HOSPITAL REGIONAL LAMBAYEQUE";"243200";"HOSPITALIZACIÓN DE PEDIATRÍA PEDIATRIA NEONATOLOGÍA";"76";"31";"173";"674";"24";"744";"3"
"2023";"07";"140101";"LAMBAYEQUE";"CHICLAYO";"CHICLAYO";"GOBIERNO REGIONAL";"III-1";"00011470";"HOSPITAL REGIONAL LAMBAYEQUE";"250100";"UNIDAD DE CUIDADOS CRITICOS UNIDAD  DE CUIDADOS INTENSIVOS GENERALES (UCI) ";"16";"4";"51";"233";"8";"248";"4"
"2023";"07";"140101";"LAMBAYEQUE";"CHICLAYO";"CHICLAYO";"GOBIERNO REGIONAL";"III-1";"00011470";"HOSPITAL REGIONAL LAMBAYEQUE";"250200";"UNIDAD DE CUIDADOS CRITICOS UNIDAD DE CUIDADOS INTERMEDIOS GENERAL  (UCIN) ";"26";"10";"115";"277";"10";"310";"8"
"2023";"07";"140101";"LAMBAYEQUE";"CHICLAYO";"CHICLAYO";"GOBIERNO REGIONAL";"III-1";"00011470";"HOSPITAL REGIONAL LAMBAYEQUE";"250105";"UNIDAD DE CUIDADOS CRITICOS UNIDAD  DE CUIDADOS INTENSIVOS  (UCI) NEONATOLOGÍA";"7";"2";"47";"184";"6";"186";"2"
"2023";"07";"140101";"LAMBAYEQUE";"CHICLAYO";"CHICLAYO";"GOBIERNO REGIONAL";"III-1";"00011470";"HOSPITAL REGIONAL LAMBAYEQUE";"250108";"UNIDAD DE CUIDADOS CRITICOS UNIDAD  DE CUIDADOS INTENSIVOS  (UCI) PEDIÁTRICA";"10";"3";"28";"115";"4";"124";"2"
"2023";"07";"150141";"LIMA";"LIMA";"SURQUILLO";"SANIDAD DE LA POLICIA NACIONAL DEL PERU";"I-3";"00012822";"CENTRO ODONTOLOGICO PNP ANGAMOS";"NE_0001";"";"NE_0001";"NE_0001";"NE_0001";"NE_0001";"NE_0001";"NE_0001";"NE_0001"
"2023";"07";"110101";"ICA";"ICA";"ICA";"PRIVADO";"II-1";"00012765";"SAN VICENTE";"240000";"HOSPITALIZACIÓN";"34";"31";"32";"34";"8";"240";"0"
"2023";"07";"150108";"LIMA";"LIMA";"CHORRILLOS";"PRIVADO";"II-E";"00012220";"CLINICA REAL LOS LAURELES";"NE_0002";"";"NE_0002";"NE_0002";"NE_0002";"NE_0002";"NE_0002";"NE_0002";"NE_0002"
"2023";"07";"200101";"PIURA";"PIURA";"PIURA";"PRIVADO";"II-1";"00025208";"GRUPO CARITA FELIZ S.A.";"242300";"HOSPITALIZACIÓN DE PEDIATRÍA  PEDIATRÍA  GENERAL ";"18";"18";"58";"58";"2";"62";"0"
"2023";"07";"200101";"PIURA";"PIURA";"PIURA";"PRIVADO";"II-1";"00025208";"GRUPO CARITA FELIZ S.A.";"241900";"HOSPITALIZACIÓN DE MEDICINA MEDICINA INTERNA ";"44";"43";"154";"231";"8";"248";"0"
"2023";"07";"200101";"PIURA";"PIURA";"PIURA";"PRIVADO";"II-1";"00025208";"GRUPO CARITA FELIZ S.A.";"240100";"HOSPITALIZACIÓN QUIRÚRGICA CIRUGÍA GENERAL ";"89";"83";"185";"147";"6";"186";"0"
"2023";"07";"200101";"PIURA";"PIURA";"PIURA";"PRIVADO";"II-1";"00025208";"GRUPO CARITA FELIZ S.A.";"241400";"HOSPITALIZACIÓN QUIRÚRGICA GINECO - OBSTETRICIA ";"44";"40";"82";"83";"4";"124";"0"
"2023";"07";"200101";"PIURA";"PIURA";"PIURA";"PRIVADO";"II-1";"00025208";"GRUPO CARITA FELIZ S.A.";"250100";"UNIDAD DE CUIDADOS CRITICOS UNIDAD  DE CUIDADOS INTENSIVOS GENERALES (UCI) ";"11";"5";"11";"27";"3";"93";"1"
"2023";"07";"200101";"PIURA";"PIURA";"PIURA";"PRIVADO";"II-1";"00025208";"GRUPO CARITA FELIZ S.A.";"250105";"UNIDAD DE CUIDADOS CRITICOS UNIDAD  DE CUIDADOS INTENSIVOS  (UCI) NEONATOLOGÍA";"0";"0";"0";"62";"2";"62";"0"
"2023";"07";"200101";"PIURA";"PIURA";"PIURA";"PRIVADO";"II-1";"00025208";"GRUPO CARITA FELIZ S.A.";"250201";"UNIDAD DE CUIDADOS CRITICOS UNIDAD DE CUIDADOS INTERMEDIOS  (UCIN) NEONATAL";"6";"6";"18";"18";"2";"62";"0"
"2023";"07";"040112";"AREQUIPA";"AREQUIPA";"PAUCARPATA";"PRIVADO";"II-E";"00016064";"CLINICA PAZ HOLANDESA";"240000";"HOSPITALIZACIÓN";"106";"107";"274";"105";"58";"1798";"0"
"2023";"07";"200301";"PIURA";"HUANCABAMBA";"HUANCABAMBA";"SANIDAD DE LA POLICIA NACIONAL DEL PERU";"I-1";"00010680";"PUESTO SANITARIO PNP HUANCABAMBA";"NE_0002";"";"NE_0002";"NE_0002";"NE_0002";"NE_0002";"NE_0002";"NE_0002";"NE_0002"
"2023";"07";"130201";"LA LIBERTAD";"ASCOPE";"ASCOPE";"GOBIERNO REGIONAL";"II-1";"00005263";"HOSPITAL PROVINCIAL ASCOPE ""ROSA SANCHEZ DE SANTILLAN""";"241400";"HOSPITALIZACIÓN QUIRÚRGICA GINECO - OBSTETRICIA ";"18";"18";"36";"18";"2";"62";"0"
"2023";"07";"130201";"LA LIBERTAD";"ASCOPE";"ASCOPE";"GOBIERNO REGIONAL";"II-1";"00005263";"HOSPITAL PROVINCIAL ASCOPE ""ROSA SANCHEZ DE SANTILLAN""";"241600";"HOSPITALIZACIÓN QUIRÚRGICA OBSTETRICIA   ";"7";"7";"8";"7";"3";"93";"0"
"2023";"07";"130201";"LA LIBERTAD";"ASCOPE";"ASCOPE";"GOBIERNO REGIONAL";"II-1";"00005263";"HOSPITAL PROVINCIAL ASCOPE ""ROSA SANCHEZ DE SANTILLAN""";"241800";"HOSPITALIZACIÓN DE MEDICINA MEDICINA GENERAL ";"10";"10";"52";"10";"15";"465";"0"
"2023";"07";"080207";"CUSCO";"ACOMAYO";"SANGARARA";"GOBIERNO REGIONAL";"I-1";"00002324";"PUESTO DE SALUD SANGARARA";"NE_0002";"";"NE_0002";"NE_0002";"NE_0002";"NE_0002";"NE_0002";"NE_0002";"NE_0002"
"2023";"07";"081008";"CUSCO";"PARURO";"PILLPINTO";"GOBIERNO REGIONAL";"I-1";"00002508";"PILLPINTO";"NE_0002";"";"NE_0002";"NE_0002";"NE_0002";"NE_0002";"NE_0002";"NE_0002";"NE_0002"
"2023";"07";"110101";"ICA";"ICA";"ICA";"PRIVADO";"II-1";"00015963";"LA CLINICA DE ICA DR. JULIO TATAJE BARRIGA SRL";"NE_0002";"";"NE_0002";"NE_0002";"NE_0002";"NE_0002";"NE_0002";"NE_0002";"NE_0002"
"2023";"07";"150101";"LIMA";"LIMA";"LIMA";"MINSA";"III-E";"00006215";"HOSPITAL NACIONAL DOCENTE MADRE NIÑO SAN BARTOLOME";"240100";"HOSPITALIZACIÓN QUIRÚRGICA CIRUGÍA GENERAL ";"81";"87";"588";"642";"33";"1023";"1"
"2023";"07";"150101";"LIMA";"LIMA";"LIMA";"MINSA";"III-E";"00006215";"HOSPITAL NACIONAL DOCENTE MADRE NIÑO SAN BARTOLOME";"241400";"HOSPITALIZACIÓN QUIRÚRGICA GINECO - OBSTETRICIA ";"76";"1";"1";"149";"5";"157";"0"
"2023";"07";"150101";"LIMA";"LIMA";"LIMA";"MINSA";"III-E";"00006215";"HOSPITAL NACIONAL DOCENTE MADRE NIÑO SAN BARTOLOME";"241500";"HOSPITALIZACIÓN QUIRÚRGICA GINECOLOGÍA  ";"92";"110";"326";"297";"17";"527";"0"
"2023";"07";"150101";"LIMA";"LIMA";"LIMA";"MINSA";"III-E";"00006215";"HOSPITAL NACIONAL DOCENTE MADRE NIÑO SAN BARTOLOME";"241600";"HOSPITALIZACIÓN QUIRÚRGICA OBSTETRICIA   ";"384";"449";"1970";"1865";"70";"2175";"0"
"2023";"07";"150101";"LIMA";"LIMA";"LIMA";"MINSA";"III-E";"00006215";"HOSPITAL NACIONAL DOCENTE MADRE NIÑO SAN BARTOLOME";"242100";"HOSPITALIZACIÓN DE MEDICINA ONCOLOGÍA MÉDICA ";"29";"33";"88";"80";"4";"124";"0"
"2023";"07";"150101";"LIMA";"LIMA";"LIMA";"MINSA";"III-E";"00006215";"HOSPITAL NACIONAL DOCENTE MADRE NIÑO SAN BARTOLOME";"242500";"HOSPITALIZACIÓN-PEDIATRÍA GENERAL-";"44";"57";"537";"660";"23";"717";"0"
"2023";"07";"150101";"LIMA";"LIMA";"LIMA";"MINSA";"III-E";"00006215";"HOSPITAL NACIONAL DOCENTE MADRE NIÑO SAN BARTOLOME";"243200";"HOSPITALIZACIÓN DE PEDIATRÍA PEDIATRIA NEONATOLOGÍA";"74";"85";"811";"473";"17";"522";"0"
"2023";"07";"150136";"LIMA";"LIMA";"SAN MIGUEL";"PRIVADO";"II-2";"00014501";"CLINICA SAN GABRIEL S.A.C.";"240000";"HOSPITALIZACIÓN";"725";"737";"3018";"2970";"99";"3069";"2"
"2023";"07";"150136";"LIMA";"LIMA";"SAN MIGUEL";"PRIVADO";"II-2";"00014501";"CLINICA SAN GABRIEL S.A.C.";"250105";"UNIDAD DE CUIDADOS CRITICOS UNIDAD  DE CUIDADOS INTENSIVOS  (UCI) NEONATOLOGÍA";"5";"6";"31";"36";"6";"186";"0"
"2023";"07";"150136";"LIMA";"LIMA";"SAN MIGUEL";"PRIVADO";"II-2";"00014501";"CLINICA SAN GABRIEL S.A.C.";"250100";"UNIDAD DE CUIDADOS CRITICOS UNIDAD  DE CUIDADOS INTENSIVOS GENERALES (UCI) ";"54";"53";"153";"225";"12";"372";"0"
"2023";"07";"110207";"ICA";"CHINCHA";"PUEBLO NUEVO";"ESSALUD";"I-3";"00012277";"PUEBLO NUEVO";"NE_0001";"";"NE_0001";"NE_0001";"NE_0001";"NE_0001";"NE_0001";"NE_0001";"NE_0001"
"2023";"07";"040112";"AREQUIPA";"AREQUIPA";"PAUCARPATA";"GOBIERNO REGIONAL";"I-2";"00001317";"CENTRO DE SALUD MIGUEL GRAU  B";"NE_0001";"";"NE_0001";"NE_0001";"NE_0001";"NE_0001";"NE_0001";"NE_0001";"NE_0001"
"2023";"07";"040112";"AREQUIPA";"AREQUIPA";"PAUCARPATA";"GOBIERNO REGIONAL";"I-2";"00001318";"PUESTO DE SALUD MIGUEL GRAU  MODULO C-D";"NE_0001";"";"NE_0001";"NE_0001";"NE_0001";"NE_0001";"NE_0001";"NE_0001";"NE_0001"
"2023";"07";"040112";"AREQUIPA";"AREQUIPA";"PAUCARPATA";"GOBIERNO REGIONAL";"I-3";"00001298";"CENTRO DE SALUD 15 DE AGOSTO";"NE_0001";"";"NE_0001";"NE_0001";"NE_0001";"NE_0001";"NE_0001";"NE_0001";"NE_0001"
"2023";"07";"040112";"AREQUIPA";"AREQUIPA";"PAUCARPATA";"GOBIERNO REGIONAL";"I-2";"00001316";"PUESTO DE SALUD MIGUEL GRAU  MODULO A";"NE_0001";"";"NE_0001";"NE_0001";"NE_0001";"NE_0001";"NE_0001";"NE_0001";"NE_0001"
"2023";"07";"081205";"CUSCO";"QUISPICANCHI";"CCATCA";"GOBIERNO REGIONAL";"I-1";"00008911";"HUARA HUARA";"NE_0001";"";"NE_0001";"NE_0001";"NE_0001";"NE_0001";"NE_0001";"NE_0001";"NE_0001"
"2023";"07";"081202";"CUSCO";"QUISPICANCHI";"ANDAHUAYLILLAS";"GOBIERNO REGIONAL";"I-2";"00002525";"ANDAHUAYLILLAS";"NE_0001";"";"NE_0001";"NE_0001";"NE_0001";"NE_0001";"NE_0001";"NE_0001";"NE_0001"
"2023";"07";"081212";"CUSCO";"QUISPICANCHI";"QUIQUIJANA";"GOBIERNO REGIONAL";"I-4";"00002538";"QUIQUIJANA";"NE_0001";"";"NE_0001";"NE_0001";"NE_0001";"NE_0001";"NE_0001";"NE_0001";"NE_0001"
"2023";"07";"081201";"CUSCO";"QUISPICANCHI";"URCOS";"GOBIERNO REGIONAL";"I-4";"00002523";"URCOS";"NE_0001";"";"NE_0001";"NE_0001";"NE_0001";"NE_0001";"NE_0001";"NE_0001";"NE_0001"
"2023";"04";"150141";"LIMA";"LIMA";"SURQUILLO";"SANIDAD DE LA POLICIA NACIONAL DEL PERU";"I-3";"00012822";"CENTRO ODONTOLOGICO PNP ANGAMOS";"NE_0001";"";"NE_0001";"NE_0001";"NE_0001";"NE_0001";"NE_0001";"NE_0001";"NE_0001"
"2023";"04";"010101";"AMAZONAS";"CHACHAPOYAS";"CHACHAPOYAS";"SANIDAD DE LA POLICIA NACIONAL DEL PERU";"I-3";"00026723";"POLICLINICO POLICIAL CHACHAPOYAS";"NE_0001";"";"NE_0001";"NE_0001";"NE_0001";"NE_0001";"NE_0001";"NE_0001";"NE_0001"
"2023";"04";"051005";"AYACUCHO";"VICTOR FAJARDO";"CANARIA";"GOBIERNO REGIONAL";"I-1";"00003827";"PUESTO DE SALUD UMASI";"NE_0001";"";"NE_0001";"NE_0001";"NE_0001";"NE_0001";"NE_0001";"NE_0001";"NE_0001"
"2023";"04";"051009";"AYACUCHO";"VICTOR FAJARDO";"HUANCARAYLLA";"GOBIERNO REGIONAL";"I-1";"00003837";"PUESTO DE SALUD CIRCAMARCA";"NE_0001";"";"NE_0001";"NE_0001";"NE_0001";"NE_0001";"NE_0001";"NE_0001";"NE_0001"
"2023";"04";"051004";"AYACUCHO";"VICTOR FAJARDO";"ASQUIPATA";"GOBIERNO REGIONAL";"I-1";"00003822";"PUESTO DE SALUD CHIHUIRE";"NE_0001";"";"NE_0001";"NE_0001";"NE_0001";"NE_0001";"NE_0001";"NE_0001";"NE_0001"
"2023";"05";"100510";"HUANUCO";"HUAMALIES";"SINGA";"GOBIERNO REGIONAL";"I-1";"00019155";"SAN JUAN DE VISCAS";"NE_0001";"";"NE_0001";"NE_0001";"NE_0001";"NE_0001";"NE_0001";"NE_0001";"NE_0001"
"2023";"05";"100510";"HUANUCO";"HUAMALIES";"SINGA";"GOBIERNO REGIONAL";"I-1";"00000902";"BELLAS FLORES";"NE_0001";"";"NE_0001";"NE_0001";"NE_0001";"NE_0001";"NE_0001";"NE_0001";"NE_0001"
"2023";"05";"100510";"HUANUCO";"HUAMALIES";"SINGA";"GOBIERNO REGIONAL";"I-3";"00000900";"SINGA";"NE_0001";"";"NE_0001";"NE_0001";"NE_0001";"NE_0001";"NE_0001";"NE_0001";"NE_0001"
"2023";"05";"100510";"HUANUCO";"HUAMALIES";"SINGA";"GOBIERNO REGIONAL";"I-1";"00017149";"SANTA ROSA DE PAMPAN";"NE_0001";"";"NE_0001";"NE_0001";"NE_0001";"NE_0001";"NE_0001";"NE_0001";"NE_0001"
"2023";"05";"100511";"HUANUCO";"HUAMALIES";"TANTAMAYO";"GOBIERNO REGIONAL";"I-2";"00000903";"TANTAMAYO";"NE_0001";"";"NE_0001";"NE_0001";"NE_0001";"NE_0001";"NE_0001";"NE_0001";"NE_0001"
"2023";"05";"100511";"HUANUCO";"HUAMALIES";"TANTAMAYO";"GOBIERNO REGIONAL";"I-1";"00022037";"SAN PEDRO DE  PARIARCA";"NE_0001";"";"NE_0001";"NE_0001";"NE_0001";"NE_0001";"NE_0001";"NE_0001";"NE_0001"
"2023";"05";"100511";"HUANUCO";"HUAMALIES";"TANTAMAYO";"GOBIERNO REGIONAL";"I-1";"00011166";"PAMPA FLORIDA";"NE_0001";"";"NE_0001";"NE_0001";"NE_0001";"NE_0001";"NE_0001";"NE_0001";"NE_0001"
"2023";"06";"150133";"LIMA";"LIMA";"SAN JUAN DE MIRAFLORES";"SANIDAD DEL EJERCITO DEL PERU";"I-3";"00010385";"CENTRO DE SALUD MILITAR ""SAN JUAN""";"NE_0001";"";"NE_0001";"NE_0001";"NE_0001";"NE_0001";"NE_0001";"NE_0001";"NE_0001"
"2023";"06";"110201";"ICA";"CHINCHA";"CHINCHA ALTA";"ESSALUD";"II-1";"00013910";"RENE TOCHE GROPPO";"241800";"HOSPITALIZACIÓN DE MEDICINA MEDICINA GENERAL ";"166";"183";"787";"654";"25";"750";"21"
"2023";"06";"110201";"ICA";"CHINCHA";"CHINCHA ALTA";"ESSALUD";"II-1";"00013910";"RENE TOCHE GROPPO";"240100";"HOSPITALIZACIÓN QUIRÚRGICA CIRUGÍA GENERAL ";"151";"157";"654";"653";"25";"750";"1"
"2023";"06";"110201";"ICA";"CHINCHA";"CHINCHA ALTA";"ESSALUD";"II-1";"00013910";"RENE TOCHE GROPPO";"241500";"HOSPITALIZACIÓN QUIRÚRGICA GINECOLOGÍA  ";"31";"22";"71";"59";"3";"90";"0"
"2023";"06";"110201";"ICA";"CHINCHA";"CHINCHA ALTA";"ESSALUD";"II-1";"00013910";"RENE TOCHE GROPPO";"241600";"HOSPITALIZACIÓN QUIRÚRGICA OBSTETRICIA   ";"114";"120";"305";"292";"22";"660";"0"
"2023";"06";"110201";"ICA";"CHINCHA";"CHINCHA ALTA";"ESSALUD";"II-1";"00013910";"RENE TOCHE GROPPO";"242300";"HOSPITALIZACIÓN DE PEDIATRÍA  PEDIATRÍA  GENERAL ";"87";"87";"218";"206";"8";"240";"0"
"2023";"06";"110201";"ICA";"CHINCHA";"CHINCHA ALTA";"ESSALUD";"II-1";"00013910";"RENE TOCHE GROPPO";"243200";"HOSPITALIZACIÓN DE PEDIATRÍA PEDIATRIA NEONATOLOGÍA";"83";"83";"116";"165";"10";"300";"0"
"2023";"06";"110201";"ICA";"CHINCHA";"CHINCHA ALTA";"ESSALUD";"II-1";"00013910";"RENE TOCHE GROPPO";"250304";"HOSPIT. EN UNIDAD DE CUID.INTEN.-UNIDAD DE VIGILANCIA INTENSIVA (UVI)-MEDICINA";"28";"15";"23";"55";"4";"120";"2"
"2023";"06";"110201";"ICA";"CHINCHA";"CHINCHA ALTA";"ESSALUD";"II-1";"00013910";"RENE TOCHE GROPPO";"242204";"HOSPITALIZACIÓN DE MEDICINA PSIQUIATRÍA REHABILITACIÓN PSIQUIÁTRICA / REINSERCIÓN ";"0";"0";"0";"210";"8";"240";"0"
"2023";"06";"130201";"LA LIBERTAD";"ASCOPE";"ASCOPE";"GOBIERNO REGIONAL";"II-1";"00005263";"HOSPITAL PROVINCIAL ASCOPE ""ROSA SANCHEZ DE SANTILLAN""";"241400";"HOSPITALIZACIÓN QUIRÚRGICA GINECO - OBSTETRICIA ";"19";"23";"49";"23";"2";"60";"0"
"2023";"06";"130201";"LA LIBERTAD";"ASCOPE";"ASCOPE";"GOBIERNO REGIONAL";"II-1";"00005263";"HOSPITAL PROVINCIAL ASCOPE ""ROSA SANCHEZ DE SANTILLAN""";"241600";"HOSPITALIZACIÓN QUIRÚRGICA OBSTETRICIA   ";"9";"9";"9";"9";"3";"90";"0"
"2023";"06";"130201";"LA LIBERTAD";"ASCOPE";"ASCOPE";"GOBIERNO REGIONAL";"II-1";"00005263";"HOSPITAL PROVINCIAL ASCOPE ""ROSA SANCHEZ DE SANTILLAN""";"241800";"HOSPITALIZACIÓN DE MEDICINA MEDICINA GENERAL ";"8";"13";"70";"13";"15";"450";"0"
"2023";"06";"220901";"SAN MARTIN";"SAN MARTIN";"TARAPOTO";"GOBIERNO REGIONAL";"II-2";"00006918";"HOSPITAL TARAPOTO";"240100";"HOSPITALIZACIÓN QUIRÚRGICA CIRUGÍA GENERAL ";"260";"265";"1203";"1203";"42";"1260";"2"
"2023";"06";"220901";"SAN MARTIN";"SAN MARTIN";"TARAPOTO";"GOBIERNO REGIONAL";"II-2";"00006918";"HOSPITAL TARAPOTO";"241400";"HOSPITALIZACIÓN QUIRÚRGICA GINECO - OBSTETRICIA ";"290";"288";"685";"685";"28";"840";"0"
"2023";"06";"220901";"SAN MARTIN";"SAN MARTIN";"TARAPOTO";"GOBIERNO REGIONAL";"II-2";"00006918";"HOSPITAL TARAPOTO";"241500";"HOSPITALIZACIÓN QUIRÚRGICA GINECOLOGÍA  ";"29";"31";"92";"92";"7";"210";"0"
"2023";"06";"220901";"SAN MARTIN";"SAN MARTIN";"TARAPOTO";"GOBIERNO REGIONAL";"II-2";"00006918";"HOSPITAL TARAPOTO";"241800";"HOSPITALIZACIÓN DE MEDICINA MEDICINA GENERAL ";"149";"162";"1378";"1378";"46";"1380";"17"
"2023";"06";"220901";"SAN MARTIN";"SAN MARTIN";"TARAPOTO";"GOBIERNO REGIONAL";"II-2";"00006918";"HOSPITAL TARAPOTO";"242500";"HOSPITALIZACIÓN-PEDIATRÍA GENERAL-";"67";"70";"388";"388";"15";"450";"1"
"2023";"06";"120417";"JUNIN";"JAUJA";"MASMA CHICCHE";"GOBIERNO REGIONAL";"I-1";"00000395";"MASMA CHICCHE";"NE_0001";"";"NE_0001";"NE_0001";"NE_0001";"NE_0001";"NE_0001";"NE_0001";"NE_0001"
"2023";"06";"120418";"JUNIN";"JAUJA";"MOLINOS";"GOBIERNO REGIONAL";"I-2";"00000397";"MOLINOS";"NE_0001";"";"NE_0001";"NE_0001";"NE_0001";"NE_0001";"NE_0001";"NE_0001";"NE_0001"
"2023";"06";"120412";"JUNIN";"JAUJA";"JULCAN";"GOBIERNO REGIONAL";"I-2";"00000393";"JULCAN";"NE_0001";"";"NE_0001";"NE_0001";"NE_0001";"NE_0001";"NE_0001";"NE_0001";"NE_0001"
"2023";"06";"120418";"JUNIN";"JAUJA";"MOLINOS";"GOBIERNO REGIONAL";"I-1";"00000398";"QUERO";"NE_0001";"";"NE_0001";"NE_0001";"NE_0001";"NE_0001";"NE_0001";"NE_0001";"NE_0001"
"2023";"06";"120418";"JUNIN";"JAUJA";"MOLINOS";"GOBIERNO REGIONAL";"I-2";"00000399";"CURIMARCA";"NE_0001";"";"NE_0001";"NE_0001";"NE_0001";"NE_0001";"NE_0001";"NE_0001";"NE_0001"
"2023";"06";"120416";"JUNIN";"JAUJA";"MASMA";"GOBIERNO REGIONAL";"I-3";"00000394";"MASMA";"NE_0001";"";"NE_0001";"NE_0001";"NE_0001";"NE_0001";"NE_0001";"NE_0001";"NE_0001"
"2023";"01";"211201";"PUNO";"SANDIA";"SANDIA";"MINSA";"II-1";"00003335";"HOSPITAL SANDIA";"240100";"HOSPITALIZACIÓN QUIRÚRGICA CIRUGÍA GENERAL ";"3";"3";"19";"19";"3";"93";"0"
"2023";"01";"211201";"PUNO";"SANDIA";"SANDIA";"MINSA";"II-1";"00003335";"HOSPITAL SANDIA";"241400";"HOSPITALIZACIÓN QUIRÚRGICA GINECO - OBSTETRICIA ";"9";"9";"39";"39";"3";"93";"0"
"2023";"01";"211201";"PUNO";"SANDIA";"SANDIA";"MINSA";"II-1";"00003335";"HOSPITAL SANDIA";"241600";"HOSPITALIZACIÓN QUIRÚRGICA OBSTETRICIA   ";"9";"9";"14";"14";"4";"124";"0"
"2023";"01";"211201";"PUNO";"SANDIA";"SANDIA";"MINSA";"II-1";"00003335";"HOSPITAL SANDIA";"241800";"HOSPITALIZACIÓN DE MEDICINA MEDICINA GENERAL ";"26";"26";"91";"91";"6";"186";"0"
"2023";"01";"211201";"PUNO";"SANDIA";"SANDIA";"MINSA";"II-1";"00003335";"HOSPITAL SANDIA";"242500";"HOSPITALIZACIÓN-PEDIATRÍA GENERAL-";"1";"1";"4";"4";"4";"124";"0"
"2023";"02";"211201";"PUNO";"SANDIA";"SANDIA";"MINSA";"II-1";"00003335";"HOSPITAL SANDIA";"240100";"HOSPITALIZACIÓN QUIRÚRGICA CIRUGÍA GENERAL ";"3";"4";"8";"8";"3";"84";"0"
"2023";"02";"211201";"PUNO";"SANDIA";"SANDIA";"MINSA";"II-1";"00003335";"HOSPITAL SANDIA";"241400";"HOSPITALIZACIÓN QUIRÚRGICA GINECO - OBSTETRICIA ";"13";"14";"29";"29";"3";"84";"0"
"2023";"02";"211201";"PUNO";"SANDIA";"SANDIA";"MINSA";"II-1";"00003335";"HOSPITAL SANDIA";"241600";"HOSPITALIZACIÓN QUIRÚRGICA OBSTETRICIA   ";"10";"10";"19";"19";"4";"112";"0"
"2023";"02";"211201";"PUNO";"SANDIA";"SANDIA";"MINSA";"II-1";"00003335";"HOSPITAL SANDIA";"241800";"HOSPITALIZACIÓN DE MEDICINA MEDICINA GENERAL ";"31";"32";"126";"126";"6";"168";"1"
"2023";"02";"211201";"PUNO";"SANDIA";"SANDIA";"MINSA";"II-1";"00003335";"HOSPITAL SANDIA";"242500";"HOSPITALIZACIÓN-PEDIATRÍA GENERAL-";"1";"1";"3";"3";"4";"112";"0"
"2023";"03";"211201";"PUNO";"SANDIA";"SANDIA";"MINSA";"II-1";"00003335";"HOSPITAL SANDIA";"240100";"HOSPITALIZACIÓN QUIRÚRGICA CIRUGÍA GENERAL ";"1";"1";"4";"4";"3";"93";"0"
"2023";"03";"211201";"PUNO";"SANDIA";"SANDIA";"MINSA";"II-1";"00003335";"HOSPITAL SANDIA";"241400";"HOSPITALIZACIÓN QUIRÚRGICA GINECO - OBSTETRICIA ";"14";"16";"32";"32";"3";"93";"0"
"2023";"03";"211201";"PUNO";"SANDIA";"SANDIA";"MINSA";"II-1";"00003335";"HOSPITAL SANDIA";"241600";"HOSPITALIZACIÓN QUIRÚRGICA OBSTETRICIA   ";"10";"10";"19";"19";"4";"124";"0"
"2023";"03";"211201";"PUNO";"SANDIA";"SANDIA";"MINSA";"II-1";"00003335";"HOSPITAL SANDIA";"241800";"HOSPITALIZACIÓN DE MEDICINA MEDICINA GENERAL ";"23";"26";"103";"103";"6";"183";"0"
"2023";"03";"211201";"PUNO";"SANDIA";"SANDIA";"MINSA";"II-1";"00003335";"HOSPITAL SANDIA";"242500";"HOSPITALIZACIÓN-PEDIATRÍA GENERAL-";"7";"7";"17";"17";"4";"124";"0"
"2023";"02";"130101";"LA LIBERTAD";"TRUJILLO";"TRUJILLO";"ESSALUD";"III-1";"00009042";"VICTOR LAZARTE ECHEGARAY";"250200";"UNIDAD DE CUIDADOS CRITICOS UNIDAD DE CUIDADOS INTERMEDIOS GENERAL  (UCIN) ";"18";"18";"488";"872";"33";"1023";"3"
"2023";"02";"130101";"LA LIBERTAD";"TRUJILLO";"TRUJILLO";"ESSALUD";"III-1";"00009042";"VICTOR LAZARTE ECHEGARAY";"241900";"HOSPITALIZACIÓN DE MEDICINA MEDICINA INTERNA ";"107";"107";"1293";"1840";"64";"1984";"18"
"2023";"02";"130101";"LA LIBERTAD";"TRUJILLO";"TRUJILLO";"ESSALUD";"III-1";"00009042";"VICTOR LAZARTE ECHEGARAY";"241300";"HOSPITALIZACIÓN QUIRÚRGICA UROLOGÍA  ";"32";"32";"322";"75";"12";"372";"2"
"2023";"02";"130101";"LA LIBERTAD";"TRUJILLO";"TRUJILLO";"ESSALUD";"III-1";"00009042";"VICTOR LAZARTE ECHEGARAY";"240100";"HOSPITALIZACIÓN QUIRÚRGICA CIRUGÍA GENERAL ";"757";"757";"1202";"969";"43";"1333";"4"
"2023";"02";"130101";"LA LIBERTAD";"TRUJILLO";"TRUJILLO";"ESSALUD";"III-1";"00009042";"VICTOR LAZARTE ECHEGARAY";"241200";"HOSPITALIZACIÓN QUIRÚRGICA TRAUMATOLOGÍA Y ORTOPEDIA ";"61";"61";"498";"272";"20";"620";"3"
"2023";"02";"130101";"LA LIBERTAD";"TRUJILLO";"TRUJILLO";"ESSALUD";"III-1";"00009042";"VICTOR LAZARTE ECHEGARAY";"241500";"HOSPITALIZACIÓN QUIRÚRGICA GINECOLOGÍA  ";"43";"43";"95";"11";"5";"155";"0"
"2023";"02";"130101";"LA LIBERTAD";"TRUJILLO";"TRUJILLO";"ESSALUD";"III-1";"00009042";"VICTOR LAZARTE ECHEGARAY";"241600";"HOSPITALIZACIÓN QUIRÚRGICA OBSTETRICIA   ";"339";"339";"1023";"859";"35";"1085";"0"
"2023";"02";"130101";"LA LIBERTAD";"TRUJILLO";"TRUJILLO";"ESSALUD";"III-1";"00009042";"VICTOR LAZARTE ECHEGARAY";"242300";"HOSPITALIZACIÓN DE PEDIATRÍA  PEDIATRÍA  GENERAL ";"289";"289";"1382";"282";"18";"558";"3"
"2023";"04";"211201";"PUNO";"SANDIA";"SANDIA";"MINSA";"II-1";"00003335";"HOSPITAL SANDIA";"240100";"HOSPITALIZACIÓN QUIRÚRGICA CIRUGÍA GENERAL ";"5";"5";"24";"24";"3";"90";"0"
"2023";"04";"211201";"PUNO";"SANDIA";"SANDIA";"MINSA";"II-1";"00003335";"HOSPITAL SANDIA";"241400";"HOSPITALIZACIÓN QUIRÚRGICA GINECO - OBSTETRICIA ";"21";"23";"52";"52";"3";"90";"0"
"2023";"04";"211201";"PUNO";"SANDIA";"SANDIA";"MINSA";"II-1";"00003335";"HOSPITAL SANDIA";"241600";"HOSPITALIZACIÓN QUIRÚRGICA OBSTETRICIA   ";"15";"15";"27";"27";"4";"120";"0"
"2023";"04";"211201";"PUNO";"SANDIA";"SANDIA";"MINSA";"II-1";"00003335";"HOSPITAL SANDIA";"241800";"HOSPITALIZACIÓN DE MEDICINA MEDICINA GENERAL ";"15";"19";"69";"69";"6";"180";"4"
"2023";"04";"211201";"PUNO";"SANDIA";"SANDIA";"MINSA";"II-1";"00003335";"HOSPITAL SANDIA";"242500";"HOSPITALIZACIÓN-PEDIATRÍA GENERAL-";"5";"6";"14";"14";"4";"120";"0"
"2023";"05";"211201";"PUNO";"SANDIA";"SANDIA";"MINSA";"II-1";"00003335";"HOSPITAL SANDIA";"240100";"HOSPITALIZACIÓN QUIRÚRGICA CIRUGÍA GENERAL ";"4";"4";"10";"10";"3";"93";"0"
"2023";"05";"211201";"PUNO";"SANDIA";"SANDIA";"MINSA";"II-1";"00003335";"HOSPITAL SANDIA";"241400";"HOSPITALIZACIÓN QUIRÚRGICA GINECO - OBSTETRICIA ";"21";"21";"57";"57";"3";"93";"0"
"2023";"05";"211201";"PUNO";"SANDIA";"SANDIA";"MINSA";"II-1";"00003335";"HOSPITAL SANDIA";"241600";"HOSPITALIZACIÓN QUIRÚRGICA OBSTETRICIA   ";"9";"11";"19";"19";"4";"124";"0"
"2023";"05";"211201";"PUNO";"SANDIA";"SANDIA";"MINSA";"II-1";"00003335";"HOSPITAL SANDIA";"241800";"HOSPITALIZACIÓN DE MEDICINA MEDICINA GENERAL ";"26";"29";"121";"121";"6";"186";"2"
"2023";"05";"211201";"PUNO";"SANDIA";"SANDIA";"MINSA";"II-1";"00003335";"HOSPITAL SANDIA";"242500";"HOSPITALIZACIÓN-PEDIATRÍA GENERAL-";"2";"2";"7";"7";"4";"124";"0"
"2023";"06";"210401";"PUNO";"CHUCUITO";"JULI";"GOBIERNO REGIONAL";"II-1";"00002990";"JULI";"240100";"HOSPITALIZACIÓN QUIRÚRGICA CIRUGÍA GENERAL ";"5";"5";"18";"23";"5";"150";"1"
"2023";"06";"210401";"PUNO";"CHUCUITO";"JULI";"GOBIERNO REGIONAL";"II-1";"00002990";"JULI";"241400";"HOSPITALIZACIÓN QUIRÚRGICA GINECO - OBSTETRICIA ";"2";"2";"4";"9";"4";"120";"0"
"2023";"06";"210401";"PUNO";"CHUCUITO";"JULI";"GOBIERNO REGIONAL";"II-1";"00002990";"JULI";"241600";"HOSPITALIZACIÓN QUIRÚRGICA OBSTETRICIA   ";"39";"39";"76";"98";"9";"270";"0"
"2023";"06";"210401";"PUNO";"CHUCUITO";"JULI";"GOBIERNO REGIONAL";"II-1";"00002990";"JULI";"241800";"HOSPITALIZACIÓN DE MEDICINA MEDICINA GENERAL ";"9";"9";"34";"40";"6";"180";"1"
"2023";"06";"210401";"PUNO";"CHUCUITO";"JULI";"GOBIERNO REGIONAL";"II-1";"00002990";"JULI";"242500";"HOSPITALIZACIÓN-PEDIATRÍA GENERAL-";"4";"4";"16";"20";"6";"180";"0"
"2023";"05";"080910";"CUSCO";"LA CONVENCION";"PICHARI";"SANIDAD DE LA POLICIA NACIONAL DEL PERU";"I-2";"00027230";"MEDICA POLICIAL PICHARI";"NE_0001";"";"NE_0001";"NE_0001";"NE_0001";"NE_0001";"NE_0001";"NE_0001";"NE_0001"
"2023";"06";"150141";"LIMA";"LIMA";"SURQUILLO";"PRIVADO";"II-E";"00012020";"CLINICA OFTALMOLOGICA ESPECIALIZADA ÑAHUI";"NE_0001";"";"NE_0001";"NE_0001";"NE_0001";"NE_0001";"NE_0001";"NE_0001";"NE_0001"
"2023";"06";"120425";"JUNIN";"JAUJA";"PARCO";"GOBIERNO REGIONAL";"I-2";"00000374";"PARCO";"NE_0001";"";"NE_0001";"NE_0001";"NE_0001";"NE_0001";"NE_0001";"NE_0001";"NE_0001"
"2023";"06";"120405";"JUNIN";"JAUJA";"CANCHAYLLO";"GOBIERNO REGIONAL";"I-2";"00000424";"CANCHAYLLO";"NE_0001";"";"NE_0001";"NE_0001";"NE_0001";"NE_0001";"NE_0001";"NE_0001";"NE_0001"
"2023";"06";"120414";"JUNIN";"JAUJA";"LLOCLLAPAMPA";"GOBIERNO REGIONAL";"I-3";"00000427";"LLOCLLAPAMPA";"NE_0001";"";"NE_0001";"NE_0001";"NE_0001";"NE_0001";"NE_0001";"NE_0001";"NE_0001"
"2023";"06";"120411";"JUNIN";"JAUJA";"JANJAILLO";"GOBIERNO REGIONAL";"I-2";"00000426";"JANJAILLO";"NE_0001";"";"NE_0001";"NE_0001";"NE_0001";"NE_0001";"NE_0001";"NE_0001";"NE_0001"
"2023";"06";"120425";"JUNIN";"JAUJA";"PARCO";"GOBIERNO REGIONAL";"I-1";"00000375";"ULLUSCA";"NE_0001";"";"NE_0001";"NE_0001";"NE_0001";"NE_0001";"NE_0001";"NE_0001";"NE_0001"
"2023";"06";"120406";"JUNIN";"JAUJA";"CURICACA";"GOBIERNO REGIONAL";"I-2";"00000425";"EL ROSARIO";"NE_0001";"";"NE_0001";"NE_0001";"NE_0001";"NE_0001";"NE_0001";"NE_0001";"NE_0001"
"2023";"06";"120414";"JUNIN";"JAUJA";"LLOCLLAPAMPA";"GOBIERNO REGIONAL";"I-1";"00000428";"MATACHICO";"NE_0001";"";"NE_0001";"NE_0001";"NE_0001";"NE_0001";"NE_0001";"NE_0001";"NE_0001"
"2023";"07";"021603";"ANCASH";"POMABAMBA";"PAROBAMBA";"GOBIERNO REGIONAL";"I-2";"00001780";"PUESTO DE SALUD CHANGA";"NE_0002";"";"NE_0002";"NE_0002";"NE_0002";"NE_0002";"NE_0002";"NE_0002";"NE_0002"
"2023";"07";"021604";"ANCASH";"POMABAMBA";"QUINUABAMBA";"GOBIERNO REGIONAL";"I-1";"00001782";"YAMIAN";"NE_0002";"";"NE_0002";"NE_0002";"NE_0002";"NE_0002";"NE_0002";"NE_0002";"NE_0002"
"2023";"07";"021603";"ANCASH";"POMABAMBA";"PAROBAMBA";"GOBIERNO REGIONAL";"I-4";"00001775";"CENTRO DE SALUD PAROBAMBA VIEJO";"NE_0002";"";"NE_0002";"NE_0002";"NE_0002";"NE_0002";"NE_0002";"NE_0002";"NE_0002"
"2023";"07";"021603";"ANCASH";"POMABAMBA";"PAROBAMBA";"GOBIERNO REGIONAL";"I-1";"00001778";"PUESTO DE SALUD SHUMPILLAN";"NE_0002";"";"NE_0002";"NE_0002";"NE_0002";"NE_0002";"NE_0002";"NE_0002";"NE_0002"
"2023";"07";"021603";"ANCASH";"POMABAMBA";"PAROBAMBA";"GOBIERNO REGIONAL";"I-1";"00001779";"PUESTO DE SALUD CAJAS";"NE_0002";"";"NE_0002";"NE_0002";"NE_0002";"NE_0002";"NE_0002";"NE_0002";"NE_0002"
"2023";"07";"021603";"ANCASH";"POMABAMBA";"PAROBAMBA";"GOBIERNO REGIONAL";"I-2";"00001777";"PUESTO DE SALUD HUANCHAYLLO";"NE_0002";"";"NE_0002";"NE_0002";"NE_0002";"NE_0002";"NE_0002";"NE_0002";"NE_0002"
"2023";"07";"210701";"PUNO";"LAMPA";"LAMPA";"ESSALUD";"II-1";"00009900";"HOSPITAL I LAMPA - ESSALUD - RED ASISTENCIAL JULIACA";"242200";"HOSPITALIZACIÓN DE MEDICINA PSIQUIATRÍA ";"18";"17";"254";"266";"10";"281";"0"
"2023";"05";"060401";"CAJAMARCA";"CHOTA";"CHOTA";"SANIDAD DE LA POLICIA NACIONAL DEL PERU";"I-2";"00010929";"POSTA MEDICA POLICIAL CHOTA";"NE_0001";"";"NE_0001";"NE_0001";"NE_0001";"NE_0001";"NE_0001";"NE_0001";"NE_0001"
"2023";"05";"050901";"AYACUCHO";"SUCRE";"QUEROBAMBA";"GOBIERNO REGIONAL";"I-1";"00003802";"PUESTO DE SALUD POTONGO";"NE_0001";"";"NE_0001";"NE_0001";"NE_0001";"NE_0001";"NE_0001";"NE_0001";"NE_0001"
"2023";"05";"050910";"AYACUCHO";"SUCRE";"SANTIAGO DE PAUCARAY";"GOBIERNO REGIONAL";"I-1";"00007096";"PUESTO DE SALUD AUTAMA";"NE_0001";"";"NE_0001";"NE_0001";"NE_0001";"NE_0001";"NE_0001";"NE_0001";"NE_0001"
"2023";"05";"050901";"AYACUCHO";"SUCRE";"QUEROBAMBA";"GOBIERNO REGIONAL";"I-1";"00003809";"PUESTO DE SALUD CHONTA";"NE_0001";"";"NE_0001";"NE_0001";"NE_0001";"NE_0001";"NE_0001";"NE_0001";"NE_0001"
"2023";"05";"050906";"AYACUCHO";"SUCRE";"MORCOLLA";"GOBIERNO REGIONAL";"I-1";"00003810";"PUESTO DE SALUD MORCOLLA";"NE_0001";"";"NE_0001";"NE_0001";"NE_0001";"NE_0001";"NE_0001";"NE_0001";"NE_0001"
"2023";"05";"050906";"AYACUCHO";"SUCRE";"MORCOLLA";"GOBIERNO REGIONAL";"I-1";"00003811";"PUESTO DE SALUD TINTAY";"NE_0001";"";"NE_0001";"NE_0001";"NE_0001";"NE_0001";"NE_0001";"NE_0001";"NE_0001"
"2023";"05";"050907";"AYACUCHO";"SUCRE";"PAICO";"GOBIERNO REGIONAL";"I-1";"00003814";"PUESTO DE SALUD SIHUE";"NE_0001";"";"NE_0001";"NE_0001";"NE_0001";"NE_0001";"NE_0001";"NE_0001";"NE_0001"
"2023";"05";"050910";"AYACUCHO";"SUCRE";"SANTIAGO DE PAUCARAY";"GOBIERNO REGIONAL";"I-1";"00003816";"PUESTO DE SALUD SANTIAGO DE PAUCARAY";"NE_0001";"";"NE_0001";"NE_0001";"NE_0001";"NE_0001";"NE_0001";"NE_0001";"NE_0001"
"2023";"05";"050911";"AYACUCHO";"SUCRE";"SORAS";"GOBIERNO REGIONAL";"I-3";"00003818";"CENTRO DE SALUD SORAS";"241600";"HOSPITALIZACIÓN QUIRÚRGICA OBSTETRICIA   ";"0";"2";"4";"1";"4";"5";"0"
"2023";"05";"050902";"AYACUCHO";"SUCRE";"BELEN";"GOBIERNO REGIONAL";"I-1";"00003803";"PUESTO DE SALUD BELEN";"NE_0001";"";"NE_0001";"NE_0001";"NE_0001";"NE_0001";"NE_0001";"NE_0001";"NE_0001"
"2023";"05";"050909";"AYACUCHO";"SUCRE";"SAN SALVADOR DE QUIJE";"GOBIERNO REGIONAL";"I-1";"00003807";"PUESTO DE SALUD SANTIAGO DE PALLCCA";"NE_0001";"";"NE_0001";"NE_0001";"NE_0001";"NE_0001";"NE_0001";"NE_0001";"NE_0001"
"2023";"05";"050903";"AYACUCHO";"SUCRE";"CHALCOS";"GOBIERNO REGIONAL";"I-1";"00003804";"PUESTO DE SALUD CHALCOS";"NE_0001";"";"NE_0001";"NE_0001";"NE_0001";"NE_0001";"NE_0001";"NE_0001";"NE_0001"
"2023";"05";"050908";"AYACUCHO";"SUCRE";"SAN PEDRO DE LARCAY";"GOBIERNO REGIONAL";"I-2";"00003815";"SAN PEDRO DE LARCAY";"NE_0001";"";"NE_0001";"NE_0001";"NE_0001";"NE_0001";"NE_0001";"NE_0001";"NE_0001"
"2023";"05";"050910";"AYACUCHO";"SUCRE";"SANTIAGO DE PAUCARAY";"GOBIERNO REGIONAL";"I-1";"00003817";"PUESTO DE SALUD ATIHUARA";"NE_0001";"";"NE_0001";"NE_0001";"NE_0001";"NE_0001";"NE_0001";"NE_0001";"NE_0001"
"2023";"05";"050909";"AYACUCHO";"SUCRE";"SAN SALVADOR DE QUIJE";"GOBIERNO REGIONAL";"I-1";"00006900";"PUESTO DE SALUD VISTA ALEGRE - SUCRE";"NE_0001";"";"NE_0001";"NE_0001";"NE_0001";"NE_0001";"NE_0001";"NE_0001";"NE_0001"
"2023";"05";"050904";"AYACUCHO";"SUCRE";"CHILCAYOC";"GOBIERNO REGIONAL";"I-2";"00003805";"PUESTO DE SALUD CHILCAYOCC";"NE_0001";"";"NE_0001";"NE_0001";"NE_0001";"NE_0001";"NE_0001";"NE_0001";"NE_0001"
"2023";"05";"050909";"AYACUCHO";"SUCRE";"SAN SALVADOR DE QUIJE";"GOBIERNO REGIONAL";"I-1";"00003806";"PUESTO DE SALUD SAN SALVADOR DE QUIJE";"NE_0001";"";"NE_0001";"NE_0001";"NE_0001";"NE_0001";"NE_0001";"NE_0001";"NE_0001"
"2023";"05";"050901";"AYACUCHO";"SUCRE";"QUEROBAMBA";"GOBIERNO REGIONAL";"I-4";"00003808";"CENTRO DE SALUD QUEROBAMBA";"241600";"HOSPITALIZACIÓN QUIRÚRGICA OBSTETRICIA   ";"5";"5";"8";"1";"10";"11";"0"
"2023";"05";"050905";"AYACUCHO";"SUCRE";"HUACAÑA";"GOBIERNO REGIONAL";"I-1";"00003719";"PUESTO DE SALUD HUACAÑA";"NE_0001";"";"NE_0001";"NE_0001";"NE_0001";"NE_0001";"NE_0001";"NE_0001";"NE_0001"
"2023";"05";"050901";"AYACUCHO";"SUCRE";"QUEROBAMBA";"GOBIERNO REGIONAL";"I-1";"00003802";"PUESTO DE SALUD POTONGO";"NE_0001";"";"NE_0001";"NE_0001";"NE_0001";"NE_0001";"NE_0001";"NE_0001";"NE_0001"
"2023";"05";"050910";"AYACUCHO";"SUCRE";"SANTIAGO DE PAUCARAY";"GOBIERNO REGIONAL";"I-1";"00007096";"PUESTO DE SALUD AUTAMA";"NE_0001";"";"NE_0001";"NE_0001";"NE_0001";"NE_0001";"NE_0001";"NE_0001";"NE_0001"
"2023";"05";"050906";"AYACUCHO";"SUCRE";"MORCOLLA";"GOBIERNO REGIONAL";"I-1";"00003812";"PUESTO DE SALUD HUACO";"NE_0001";"";"NE_0001";"NE_0001";"NE_0001";"NE_0001";"NE_0001";"NE_0001";"NE_0001"
"2023";"05";"050901";"AYACUCHO";"SUCRE";"QUEROBAMBA";"GOBIERNO REGIONAL";"I-1";"00003809";"PUESTO DE SALUD CHONTA";"NE_0001";"";"NE_0001";"NE_0001";"NE_0001";"NE_0001";"NE_0001";"NE_0001";"NE_0001"
"2023";"05";"050906";"AYACUCHO";"SUCRE";"MORCOLLA";"GOBIERNO REGIONAL";"I-1";"00003810";"PUESTO DE SALUD MORCOLLA";"NE_0001";"";"NE_0001";"NE_0001";"NE_0001";"NE_0001";"NE_0001";"NE_0001";"NE_0001"
"2023";"05";"050906";"AYACUCHO";"SUCRE";"MORCOLLA";"GOBIERNO REGIONAL";"I-1";"00003811";"PUESTO DE SALUD TINTAY";"NE_0001";"";"NE_0001";"NE_0001";"NE_0001";"NE_0001";"NE_0001";"NE_0001";"NE_0001"
"2023";"05";"050907";"AYACUCHO";"SUCRE";"PAICO";"GOBIERNO REGIONAL";"I-1";"00003814";"PUESTO DE SALUD SIHUE";"NE_0001";"";"NE_0001";"NE_0001";"NE_0001";"NE_0001";"NE_0001";"NE_0001";"NE_0001"
"2023";"05";"050910";"AYACUCHO";"SUCRE";"SANTIAGO DE PAUCARAY";"GOBIERNO REGIONAL";"I-1";"00003816";"PUESTO DE SALUD SANTIAGO DE PAUCARAY";"NE_0001";"";"NE_0001";"NE_0001";"NE_0001";"NE_0001";"NE_0001";"NE_0001";"NE_0001"
"2023";"05";"050911";"AYACUCHO";"SUCRE";"SORAS";"GOBIERNO REGIONAL";"I-3";"00003818";"CENTRO DE SALUD SORAS";"241600";"HOSPITALIZACIÓN QUIRÚRGICA OBSTETRICIA   ";"0";"2";"4";"1";"4";"5";"0"
"2023";"05";"050902";"AYACUCHO";"SUCRE";"BELEN";"GOBIERNO REGIONAL";"I-1";"00003803";"PUESTO DE SALUD BELEN";"NE_0001";"";"NE_0001";"NE_0001";"NE_0001";"NE_0001";"NE_0001";"NE_0001";"NE_0001"
"2023";"05";"050909";"AYACUCHO";"SUCRE";"SAN SALVADOR DE QUIJE";"GOBIERNO REGIONAL";"I-1";"00003807";"PUESTO DE SALUD SANTIAGO DE PALLCCA";"NE_0001";"";"NE_0001";"NE_0001";"NE_0001";"NE_0001";"NE_0001";"NE_0001";"NE_0001"
"2023";"05";"050903";"AYACUCHO";"SUCRE";"CHALCOS";"GOBIERNO REGIONAL";"I-1";"00003804";"PUESTO DE SALUD CHALCOS";"NE_0001";"";"NE_0001";"NE_0001";"NE_0001";"NE_0001";"NE_0001";"NE_0001";"NE_0001"
"2023";"05";"050908";"AYACUCHO";"SUCRE";"SAN PEDRO DE LARCAY";"GOBIERNO REGIONAL";"I-2";"00003815";"SAN PEDRO DE LARCAY";"NE_0001";"";"NE_0001";"NE_0001";"NE_0001";"NE_0001";"NE_0001";"NE_0001";"NE_0001"
"2023";"05";"050910";"AYACUCHO";"SUCRE";"SANTIAGO DE PAUCARAY";"GOBIERNO REGIONAL";"I-1";"00003817";"PUESTO DE SALUD ATIHUARA";"NE_0001";"";"NE_0001";"NE_0001";"NE_0001";"NE_0001";"NE_0001";"NE_0001";"NE_0001"
"2023";"05";"050909";"AYACUCHO";"SUCRE";"SAN SALVADOR DE QUIJE";"GOBIERNO REGIONAL";"I-1";"00006900";"PUESTO DE SALUD VISTA ALEGRE - SUCRE";"NE_0001";"";"NE_0001";"NE_0001";"NE_0001";"NE_0001";"NE_0001";"NE_0001";"NE_0001"
"2023";"05";"090206";"HUANCAVELICA";"ACOBAMBA";"PAUCARA";"GOBIERNO REGIONAL";"I-4";"00003930";"CENTRO DE SALUD PAUCARA";"241400";"HOSPITALIZACIÓN QUIRÚRGICA GINECO - OBSTETRICIA ";"30";"30";"39";"24";"24";"744";"0"
"2023";"05";"220502";"SAN MARTIN";"LAMAS";"ALONSO DE ALVARADO";"GOBIERNO REGIONAL";"I-1";"00010516";"PORVENIR DEL NORTE";"NE_0001";"";"NE_0001";"NE_0001";"NE_0001";"NE_0001";"NE_0001";"NE_0001";"NE_0001"
"2023";"05";"220502";"SAN MARTIN";"LAMAS";"ALONSO DE ALVARADO";"GOBIERNO REGIONAL";"I-1";"00007297";"ALAN GARCIA";"NE_0001";"";"NE_0001";"NE_0001";"NE_0001";"NE_0001";"NE_0001";"NE_0001";"NE_0001"
"2023";"05";"220502";"SAN MARTIN";"LAMAS";"ALONSO DE ALVARADO";"GOBIERNO REGIONAL";"I-1";"00006351";"SAN JUAN DE PACAYZAPA";"NE_0001";"";"NE_0001";"NE_0001";"NE_0001";"NE_0001";"NE_0001";"NE_0001";"NE_0001"
"2023";"05";"150117";"LIMA";"LIMA";"LOS OLIVOS";"PRIVADO";"II-E";"00017385";"CLINICA SAN BARTOLOME";"240000";"HOSPITALIZACIÓN";"26";"24";"15";"26";"7";"217";"0"
"2023";"05";"100111";"HUANUCO";"HUANUCO";"PILLCO MARCA";"GOBIERNO REGIONAL";"I-3";"00000757";"POTRACANCHA";"NE_0001";"";"NE_0001";"NE_0001";"NE_0001";"NE_0001";"NE_0001";"NE_0001";"NE_0001"
"2023";"02";"150120";"LIMA";"LIMA";"MAGDALENA DEL MAR";"PRIVADO";"II-E";"00025749";"MEDAVAN";"240000";"HOSPITALIZACIÓN";"56";"56";"63";"41";"4";"120";"0"
"2023";"06";"110101";"ICA";"ICA";"ICA";"PRIVADO";"I-3";"00009648";"TATAJE  DI FLORIO SAC";"NE_0002";"";"NE_0002";"NE_0002";"NE_0002";"NE_0002";"NE_0002";"NE_0002";"NE_0002"
"2023";"06";"220501";"SAN MARTIN";"LAMAS";"LAMAS";"GOBIERNO REGIONAL";"II-E";"00006352";"HOSPITAL II-E LAMAS";"241400";"HOSPITALIZACIÓN QUIRÚRGICA GINECO - OBSTETRICIA ";"25";"26";"34";"34";"6";"180";"0"
"2023";"06";"220501";"SAN MARTIN";"LAMAS";"LAMAS";"GOBIERNO REGIONAL";"II-E";"00006352";"HOSPITAL II-E LAMAS";"241800";"HOSPITALIZACIÓN DE MEDICINA MEDICINA GENERAL ";"47";"57";"213";"213";"14";"420";"3"
"2023";"04";"200101";"PIURA";"PIURA";"PIURA";"PRIVADO";"III-E";"00013727";"INSTITUTO MEDICO ESPECIALIZADO EN DIABETES SOY DIABETICO EIRL";"240000";"HOSPITALIZACIÓN";"6";"6";"18";"20";"4";"120";"0"
"2023";"06";"130502";"LA LIBERTAD";"JULCAN";"CALAMARCA";"GOBIERNO REGIONAL";"I-2";"00007247";"BARRO NEGRO";"NE_0001";"";"NE_0001";"NE_0001";"NE_0001";"NE_0001";"NE_0001";"NE_0001";"NE_0001"
"2023";"05";"200101";"PIURA";"PIURA";"PIURA";"PRIVADO";"III-E";"00013727";"INSTITUTO MEDICO ESPECIALIZADO EN DIABETES SOY DIABETICO EIRL";"240000";"HOSPITALIZACIÓN";"16";"16";"53";"49";"4";"124";"0"
"2023";"06";"110101";"ICA";"ICA";"ICA";"PRIVADO";"II-1";"00012765";"SAN VICENTE";"240000";"HOSPITALIZACIÓN";"25";"25";"25";"25";"8";"240";"0"
"2023";"06";"150110";"LIMA";"LIMA";"COMAS";"PRIVADO";"I-2";"00013834";"ARIE";"NE_0002";"";"NE_0002";"NE_0002";"NE_0002";"NE_0002";"NE_0002";"NE_0002";"NE_0002"
"2023";"06";"060801";"CAJAMARCA";"JAEN";"JAEN";"GOBIERNO REGIONAL";"I-1";"00004215";"CHAMAYA";"NE_0001";"";"NE_0001";"NE_0001";"NE_0001";"NE_0001";"NE_0001";"NE_0001";"NE_0001"
"2023";"06";"060801";"CAJAMARCA";"JAEN";"JAEN";"GOBIERNO REGIONAL";"I-2";"00007168";"MONTEGRANDE";"NE_0001";"";"NE_0001";"NE_0001";"NE_0001";"NE_0001";"NE_0001";"NE_0001";"NE_0001"
"2023";"06";"060801";"CAJAMARCA";"JAEN";"JAEN";"GOBIERNO REGIONAL";"I-1";"00004220";"PALMA CENTRAL";"NE_0001";"";"NE_0001";"NE_0001";"NE_0001";"NE_0001";"NE_0001";"NE_0001";"NE_0001"
"2023";"06";"060801";"CAJAMARCA";"JAEN";"JAEN";"GOBIERNO REGIONAL";"I-4";"00004211";"MORRO SOLAR";"241800";"HOSPITALIZACIÓN DE MEDICINA MEDICINA GENERAL ";"42";"41";"53";"42";"8";"187";"0"
"2023";"06";"060801";"CAJAMARCA";"JAEN";"JAEN";"GOBIERNO REGIONAL";"0";"00031497";"HOGAR PROTEGIDO SEÑOR DE HUAMANTANGA";"NE_0001";"";"NE_0001";"NE_0001";"NE_0001";"NE_0001";"NE_0001";"NE_0001";"NE_0001"
"2023";"06";"060801";"CAJAMARCA";"JAEN";"JAEN";"GOBIERNO REGIONAL";"I-1";"00004214";"LAS NARANJAS";"NE_0001";"";"NE_0001";"NE_0001";"NE_0001";"NE_0001";"NE_0001";"NE_0001";"NE_0001"
"2023";"06";"060801";"CAJAMARCA";"JAEN";"JAEN";"GOBIERNO REGIONAL";"I-1";"00007024";"SAN MARTIN DE PORRES";"NE_0001";"";"NE_0001";"NE_0001";"NE_0001";"NE_0001";"NE_0001";"NE_0001";"NE_0001"
"2023";"06";"060801";"CAJAMARCA";"JAEN";"JAEN";"GOBIERNO REGIONAL";"I-1";"00004221";"VALILLO";"NE_0001";"";"NE_0001";"NE_0001";"NE_0001";"NE_0001";"NE_0001";"NE_0001";"NE_0001"
"2023";"06";"060801";"CAJAMARCA";"JAEN";"JAEN";"GOBIERNO REGIONAL";"I-2";"00025858";"NUEVO HORIZONTE";"NE_0001";"";"NE_0001";"NE_0001";"NE_0001";"NE_0001";"NE_0001";"NE_0001";"NE_0001"
"2023";"06";"040104";"AREQUIPA";"AREQUIPA";"CERRO COLORADO";"GOBIERNO REGIONAL";"I-3";"00001236";"CENTRO DE SALUD CERRO COLORADO";"NE_0001";"";"NE_0001";"NE_0001";"NE_0001";"NE_0001";"NE_0001";"NE_0001";"NE_0001"
"2023";"06";"080105";"CUSCO";"CUSCO";"SAN SEBASTIAN";"GOBIERNO REGIONAL";"II-E";"00025210";"TUPAC AMARU";"245400";"HOSPITALIZACIÓN DE MEDICINA GINECOLOGIA ";"77";"77";"180";"237";"15";"465";"0"
"2023";"06";"070104";"CALLAO";"CALLAO";"LA PERLA";"GOBIERNO REGIONAL";"I-2";"00006251";"PUESTO DE SALUD  LA PERLA";"NE_0001";"";"NE_0001";"NE_0001";"NE_0001";"NE_0001";"NE_0001";"NE_0001";"NE_0001"
"2023";"06";"070103";"CALLAO";"CALLAO";"CARMEN DE LA LEGUA-REYNOSO";"GOBIERNO REGIONAL";"I-2";"00029132";"Centro de Salud Mental Comunitario ""Carmen de la Legua - Reynoso""";"NE_0001";"";"NE_0001";"NE_0001";"NE_0001";"NE_0001";"NE_0001";"NE_0001";"NE_0001"
"2023";"06";"120707";"JUNIN";"TARMA";"PALCAMAYO";"GOBIERNO REGIONAL";"I-1";"00000530";"RICRICAN CAUQUIRAN";"NE_0001";"";"NE_0001";"NE_0001";"NE_0001";"NE_0001";"NE_0001";"NE_0001";"NE_0001"
"2023";"06";"070103";"CALLAO";"CALLAO";"CARMEN DE LA LEGUA-REYNOSO";"GOBIERNO REGIONAL";"I-2";"00006253";"PUESTO DE SALUD VILLA SEÑOR. DE LOS MILAGROS";"NE_0001";"";"NE_0001";"NE_0001";"NE_0001";"NE_0001";"NE_0001";"NE_0001";"NE_0001"
"2023";"06";"120707";"JUNIN";"TARMA";"PALCAMAYO";"GOBIERNO REGIONAL";"I-1";"00000528";"YANAPUQUIO";"NE_0001";"";"NE_0001";"NE_0001";"NE_0001";"NE_0001";"NE_0001";"NE_0001";"NE_0001"
"2023";"06";"120707";"JUNIN";"TARMA";"PALCAMAYO";"GOBIERNO REGIONAL";"I-3";"00000527";"PALCAMAYO";"NE_0001";"";"NE_0001";"NE_0001";"NE_0001";"NE_0001";"NE_0001";"NE_0001";"NE_0001"
"2023";"06";"120707";"JUNIN";"TARMA";"PALCAMAYO";"GOBIERNO REGIONAL";"I-1";"00000529";"OCHONGA";"NE_0001";"";"NE_0001";"NE_0001";"NE_0001";"NE_0001";"NE_0001";"NE_0001";"NE_0001"
"2023";"06";"120707";"JUNIN";"TARMA";"PALCAMAYO";"GOBIERNO REGIONAL";"I-1";"00000533";"CALCA";"NE_0001";"";"NE_0001";"NE_0001";"NE_0001";"NE_0001";"NE_0001";"NE_0001";"NE_0001"
"2023";"06";"120707";"JUNIN";"TARMA";"PALCAMAYO";"GOBIERNO REGIONAL";"I-1";"00000532";"HUAMANIA";"NE_0001";"";"NE_0001";"NE_0001";"NE_0001";"NE_0001";"NE_0001";"NE_0001";"NE_0001"
"2023";"06";"240102";"TUMBES";"TUMBES";"CORRALES";"GOBIERNO REGIONAL";"I-2";"00001868";"MALVAL";"NE_0001";"";"NE_0001";"NE_0001";"NE_0001";"NE_0001";"NE_0001";"NE_0001";"NE_0001"
"2023";"06";"240102";"TUMBES";"TUMBES";"CORRALES";"GOBIERNO REGIONAL";"I-2";"00001867";"SAN ISIDRO";"NE_0001";"";"NE_0001";"NE_0001";"NE_0001";"NE_0001";"NE_0001";"NE_0001";"NE_0001"
"2023";"06";"240105";"TUMBES";"TUMBES";"SAN JACINTO";"GOBIERNO REGIONAL";"I-2";"00001873";"CASA BLANQUEADA";"NE_0001";"";"NE_0001";"NE_0001";"NE_0001";"NE_0001";"NE_0001";"NE_0001";"NE_0001"
"2023";"06";"240105";"TUMBES";"TUMBES";"SAN JACINTO";"GOBIERNO REGIONAL";"I-1";"00001871";"RICA PLAYA";"NE_0001";"";"NE_0001";"NE_0001";"NE_0001";"NE_0001";"NE_0001";"NE_0001";"NE_0001"
"2023";"06";"240105";"TUMBES";"TUMBES";"SAN JACINTO";"GOBIERNO REGIONAL";"I-2";"00001872";"VAQUERIA";"NE_0001";"";"NE_0001";"NE_0001";"NE_0001";"NE_0001";"NE_0001";"NE_0001";"NE_0001"
"2023";"06";"240102";"TUMBES";"TUMBES";"CORRALES";"GOBIERNO REGIONAL";"I-4";"00001866";"CLAS CORRALES";"241800";"HOSPITALIZACIÓN DE MEDICINA MEDICINA GENERAL ";"11";"11";"21";"18";"1";"30";"0"
"2023";"06";"240102";"TUMBES";"TUMBES";"CORRALES";"GOBIERNO REGIONAL";"I-4";"00001866";"CLAS CORRALES";"242500";"HOSPITALIZACIÓN-PEDIATRÍA GENERAL-";"1";"1";"1";"1";"1";"30";"0"
"2023";"06";"240102";"TUMBES";"TUMBES";"CORRALES";"GOBIERNO REGIONAL";"I-4";"00001866";"CLAS CORRALES";"241600";"HOSPITALIZACIÓN QUIRÚRGICA OBSTETRICIA   ";"5";"5";"5";"5";"1";"30";"0"
"2023";"06";"200104";"PIURA";"PIURA";"CASTILLA";"PRIVADO";"II-E";"00013165";"CENTRO DE REPOSO SAN JUAN DE DIOS";"242202";"HOSPITALIZACIÓN DE MEDICINA PSIQUIATRÍA PSIQUIATRÍA DEL ADULTO Y GERONTE";"47";"47";"1094";"692";"46";"1380";"0"
"2023";"06";"150113";"LIMA";"LIMA";"JESUS MARIA";"PRIVADO";"II-E";"00015716";"CLÍNICA VISTA";"NE_0001";"";"NE_0001";"NE_0001";"NE_0001";"NE_0001";"NE_0001";"NE_0001";"NE_0001"
"2023";"05";"150101";"LIMA";"LIMA";"LIMA";"PRIVADO";"II-1";"00011087";"CLINICA LA LUZ S.A.C.";"240000";"HOSPITALIZACIÓN";"98";"93";"100";"148";"9";"350";"0"
"2023";"06";"010101";"AMAZONAS";"CHACHAPOYAS";"CHACHAPOYAS";"GOBIERNO REGIONAL";"II-2";"00004838";"HOSPITAL REGIONAL VIRGEN DE FATIMA";"240100";"HOSPITALIZACIÓN QUIRÚRGICA CIRUGÍA GENERAL ";"75";"83";"372";"419";"23";"690";"1"
"2023";"06";"010101";"AMAZONAS";"CHACHAPOYAS";"CHACHAPOYAS";"GOBIERNO REGIONAL";"II-2";"00004838";"HOSPITAL REGIONAL VIRGEN DE FATIMA";"241200";"HOSPITALIZACIÓN QUIRÚRGICA TRAUMATOLOGÍA Y ORTOPEDIA ";"16";"25";"261";"210";"9";"270";"0"
"2023";"06";"010101";"AMAZONAS";"CHACHAPOYAS";"CHACHAPOYAS";"GOBIERNO REGIONAL";"II-2";"00004838";"HOSPITAL REGIONAL VIRGEN DE FATIMA";"241500";"HOSPITALIZACIÓN QUIRÚRGICA GINECOLOGÍA  ";"15";"17";"37";"88";"18";"340";"0"
"2023";"06";"010101";"AMAZONAS";"CHACHAPOYAS";"CHACHAPOYAS";"GOBIERNO REGIONAL";"II-2";"00004838";"HOSPITAL REGIONAL VIRGEN DE FATIMA";"241600";"HOSPITALIZACIÓN QUIRÚRGICA OBSTETRICIA   ";"142";"151";"287";"421";"20";"930";"0"
"2023";"06";"010101";"AMAZONAS";"CHACHAPOYAS";"CHACHAPOYAS";"GOBIERNO REGIONAL";"II-2";"00004838";"HOSPITAL REGIONAL VIRGEN DE FATIMA";"241900";"HOSPITALIZACIÓN DE MEDICINA MEDICINA INTERNA ";"70";"84";"544";"429";"23";"690";"7"
"2023";"06";"010101";"AMAZONAS";"CHACHAPOYAS";"CHACHAPOYAS";"GOBIERNO REGIONAL";"II-2";"00004838";"HOSPITAL REGIONAL VIRGEN DE FATIMA";"242500";"HOSPITALIZACIÓN-PEDIATRÍA GENERAL-";"36";"44";"229";"221";"14";"420";"3"
"2023";"06";"010101";"AMAZONAS";"CHACHAPOYAS";"CHACHAPOYAS";"GOBIERNO REGIONAL";"II-2";"00004838";"HOSPITAL REGIONAL VIRGEN DE FATIMA";"243200";"HOSPITALIZACIÓN DE PEDIATRÍA PEDIATRIA NEONATOLOGÍA";"100";"108";"291";"300";"10";"300";"1"
"2023";"06";"010101";"AMAZONAS";"CHACHAPOYAS";"CHACHAPOYAS";"GOBIERNO REGIONAL";"II-2";"00004838";"HOSPITAL REGIONAL VIRGEN DE FATIMA";"250103";"UNIDAD DE CUIDADOS CRITICOS UNIDAD  DE CUIDADOS INTENSIVOS GENERALES  (UCI) MEDICINA";"10";"13";"121";"77";"5";"150";"4"
"2023";"06";"010101";"AMAZONAS";"CHACHAPOYAS";"CHACHAPOYAS";"GOBIERNO REGIONAL";"II-2";"00004838";"HOSPITAL REGIONAL VIRGEN DE FATIMA";"250105";"UNIDAD DE CUIDADOS CRITICOS UNIDAD  DE CUIDADOS INTENSIVOS  (UCI) NEONATOLOGÍA";"2";"3";"60";"43";"6";"180";"0"
"2023";"06";"150131";"LIMA";"LIMA";"SAN ISIDRO";"PRIVADO";"II-E";"00016397";"CLINICA ESPECIALIZADA EN CIRUGIA PLASTICA - DR. LUIS VIZCARRA / CIRUESTHETIC";"240800";"HOSPITALIZACIÓN QUIRÚRGICA CIRUGÍA PLÁSTICA/RECONSTRUCTIVA/ REPARADORA ";"5";"5";"0";"1";"2";"40";"0"
"2023";"06";"130905";"LA LIBERTAD";"SANCHEZ CARRION";"MARCABAL";"GOBIERNO REGIONAL";"I-2";"00013552";"AGOCAS";"NE_0001";"";"NE_0001";"NE_0001";"NE_0001";"NE_0001";"NE_0001";"NE_0001";"NE_0001"
"2023";"06";"130905";"LA LIBERTAD";"SANCHEZ CARRION";"MARCABAL";"GOBIERNO REGIONAL";"I-1";"00013827";"NARANJOPAMPA";"NE_0001";"";"NE_0001";"NE_0001";"NE_0001";"NE_0001";"NE_0001";"NE_0001";"NE_0001"
"2023";"06";"130905";"LA LIBERTAD";"SANCHEZ CARRION";"MARCABAL";"GOBIERNO REGIONAL";"I-2";"00013550";"SHITA";"NE_0001";"";"NE_0001";"NE_0001";"NE_0001";"NE_0001";"NE_0001";"NE_0001";"NE_0001"
"2023";"06";"130905";"LA LIBERTAD";"SANCHEZ CARRION";"MARCABAL";"GOBIERNO REGIONAL";"I-2";"00013825";"CHAQUILBAMBA";"NE_0001";"";"NE_0001";"NE_0001";"NE_0001";"NE_0001";"NE_0001";"NE_0001";"NE_0001"
"2023";"06";"130905";"LA LIBERTAD";"SANCHEZ CARRION";"MARCABAL";"GOBIERNO REGIONAL";"I-2";"00005358";"MARCABALITO";"NE_0001";"";"NE_0001";"NE_0001";"NE_0001";"NE_0001";"NE_0001";"NE_0001";"NE_0001"
"2023";"06";"130905";"LA LIBERTAD";"SANCHEZ CARRION";"MARCABAL";"GOBIERNO REGIONAL";"I-2";"00013794";"LLUCHUBAMBA";"NE_0001";"";"NE_0001";"NE_0001";"NE_0001";"NE_0001";"NE_0001";"NE_0001";"NE_0001"
"2023";"06";"210701";"PUNO";"LAMPA";"LAMPA";"GOBIERNO REGIONAL";"I-4";"00003128";"ANTONIO BARRIONUEVO (LAMPA)";"240100";"HOSPITALIZACIÓN QUIRÚRGICA CIRUGÍA GENERAL ";"7";"7";"31";"1";"4";"120";"0"
"2023";"06";"210701";"PUNO";"LAMPA";"LAMPA";"GOBIERNO REGIONAL";"I-4";"00003128";"ANTONIO BARRIONUEVO (LAMPA)";"241200";"HOSPITALIZACIÓN QUIRÚRGICA TRAUMATOLOGÍA Y ORTOPEDIA ";"1";"1";"1";"1";"1";"30";"0"
"2023";"06";"210701";"PUNO";"LAMPA";"LAMPA";"GOBIERNO REGIONAL";"I-4";"00003128";"ANTONIO BARRIONUEVO (LAMPA)";"241400";"HOSPITALIZACIÓN QUIRÚRGICA GINECO - OBSTETRICIA ";"6";"6";"17";"1";"1";"30";"0"
"2023";"06";"210701";"PUNO";"LAMPA";"LAMPA";"GOBIERNO REGIONAL";"I-4";"00003128";"ANTONIO BARRIONUEVO (LAMPA)";"241500";"HOSPITALIZACIÓN QUIRÚRGICA GINECOLOGÍA  ";"6";"6";"12";"1";"1";"30";"0"
"2023";"06";"210701";"PUNO";"LAMPA";"LAMPA";"GOBIERNO REGIONAL";"I-4";"00003128";"ANTONIO BARRIONUEVO (LAMPA)";"241600";"HOSPITALIZACIÓN QUIRÚRGICA OBSTETRICIA   ";"11";"11";"18";"1";"1";"30";"0"
"2023";"06";"210701";"PUNO";"LAMPA";"LAMPA";"GOBIERNO REGIONAL";"I-4";"00003128";"ANTONIO BARRIONUEVO (LAMPA)";"241800";"HOSPITALIZACIÓN DE MEDICINA MEDICINA GENERAL ";"10";"10";"28";"1";"1";"120";"2"
"2023";"06";"210701";"PUNO";"LAMPA";"LAMPA";"GOBIERNO REGIONAL";"I-4";"00003128";"ANTONIO BARRIONUEVO (LAMPA)";"242500";"HOSPITALIZACIÓN-PEDIATRÍA GENERAL-";"7";"7";"24";"1";"1";"30";"0"
"2023";"06";"150118";"LIMA";"LIMA";"LURIGANCHO";"PRIVADO";"II-E";"00016951";"CLINICA MADRE ZORAIDA";"240100";"HOSPITALIZACIÓN QUIRÚRGICA CIRUGÍA GENERAL ";"9";"9";"31";"27";"6";"90";"0"
"2023";"06";"150113";"LIMA";"LIMA";"JESUS MARIA";"PRIVADO";"II-E";"00020346";"CLINICA SANTA BEATRIZ";"240000";"HOSPITALIZACIÓN";"257";"254";"300";"323";"22";"444";"0"
"2023";"06";"040103";"AREQUIPA";"AREQUIPA";"CAYMA";"GOBIERNO REGIONAL";"I-3";"00001235";"BUENOS AIRES DE CAYMA";"NE_0001";"";"NE_0001";"NE_0001";"NE_0001";"NE_0001";"NE_0001";"NE_0001";"NE_0001"
"2023";"06";"040103";"AREQUIPA";"AREQUIPA";"CAYMA";"GOBIERNO REGIONAL";"I-2";"00001245";"SAN JOSE";"NE_0001";"";"NE_0001";"NE_0001";"NE_0001";"NE_0001";"NE_0001";"NE_0001";"NE_0001"
"2023";"06";"040103";"AREQUIPA";"AREQUIPA";"CAYMA";"GOBIERNO REGIONAL";"I-2";"00001246";"DEAN VALDIVIA";"NE_0001";"";"NE_0001";"NE_0001";"NE_0001";"NE_0001";"NE_0001";"NE_0001";"NE_0001"
"2023";"06";"160101";"LORETO";"MAYNAS";"IQUITOS";"PRIVADO";"I-3";"00012075";"SARLOR";"NE_0002";"";"NE_0002";"NE_0002";"NE_0002";"NE_0002";"NE_0002";"NE_0002";"NE_0002"
"2023";"06";"150130";"LIMA";"LIMA";"SAN BORJA";"PRIVADO";"II-E";"00011547";"CLINICA CONTINENTAL";"NE_0002";"";"NE_0002";"NE_0002";"NE_0002";"NE_0002";"NE_0002";"NE_0002";"NE_0002"
"2023";"06";"040101";"AREQUIPA";"AREQUIPA";"AREQUIPA";"PRIVADO";"I-4";"00014765";"CENTRO MEDICO MONTE CARMELO";"240000";"HOSPITALIZACIÓN";"2";"2";"7";"7";"10";"300";"0"
"2023";"06";"050407";"AYACUCHO";"HUANTA";"SIVIA";"GOBIERNO REGIONAL";"II-1";"00003770";"HOSPITAL DE APOYO SIVIA";"240100";"HOSPITALIZACIÓN QUIRÚRGICA CIRUGÍA GENERAL ";"2";"3";"17";"13";"1";"30";"0"
"2023";"06";"050407";"AYACUCHO";"HUANTA";"SIVIA";"GOBIERNO REGIONAL";"II-1";"00003770";"HOSPITAL DE APOYO SIVIA";"241400";"HOSPITALIZACIÓN QUIRÚRGICA GINECO - OBSTETRICIA ";"10";"11";"24";"25";"4";"120";"0"
"2023";"06";"050407";"AYACUCHO";"HUANTA";"SIVIA";"GOBIERNO REGIONAL";"II-1";"00003770";"HOSPITAL DE APOYO SIVIA";"241800";"HOSPITALIZACIÓN DE MEDICINA MEDICINA GENERAL ";"3";"4";"10";"20";"7";"210";"0"
"2023";"06";"050407";"AYACUCHO";"HUANTA";"SIVIA";"GOBIERNO REGIONAL";"II-1";"00003770";"HOSPITAL DE APOYO SIVIA";"242500";"HOSPITALIZACIÓN-PEDIATRÍA GENERAL-";"1";"1";"2";"10";"2";"60";"0"
"2023";"06";"030201";"APURIMAC";"ANDAHUAYLAS";"ANDAHUAYLAS";"PRIVADO";"II-E";"00014017";"CLINICA PERUANA DE LOS ANDES";"240000";"HOSPITALIZACIÓN";"11";"9";"17";"11";"6";"180";"0"
"2023";"06";"150130";"LIMA";"LIMA";"SAN BORJA";"PRIVADO";"II-E";"00015143";"CLINICA ASTOCONDOR";"240800";"HOSPITALIZACIÓN QUIRÚRGICA CIRUGÍA PLÁSTICA/RECONSTRUCTIVA/ REPARADORA ";"2";"2";"2";"2";"3";"45";"0"
"2023";"06";"220808";"SAN MARTIN";"RIOJA";"YORONGOS";"GOBIERNO REGIONAL";"I-1";"00006276";"PUESTO DE SALUD NUEVO TABALOSOS";"NE_0002";"";"NE_0002";"NE_0002";"NE_0002";"NE_0002";"NE_0002";"NE_0002";"NE_0002"
"2023";"06";"220801";"SAN MARTIN";"RIOJA";"RIOJA";"GOBIERNO REGIONAL";"I-1";"00006280";"PUESTO DE SALUD PORVENIR";"NE_0002";"";"NE_0002";"NE_0002";"NE_0002";"NE_0002";"NE_0002";"NE_0002";"NE_0002"
"2023";"06";"220801";"SAN MARTIN";"RIOJA";"RIOJA";"GOBIERNO REGIONAL";"I-1";"00006708";"PUESTO DE SALUD PERLA DE CASCAYUNGA";"NE_0002";"";"NE_0002";"NE_0002";"NE_0002";"NE_0002";"NE_0002";"NE_0002";"NE_0002"
"2023";"06";"220806";"SAN MARTIN";"RIOJA";"POSIC";"GOBIERNO REGIONAL";"I-1";"00006274";"PUESTO DE SALUD POSIC";"NE_0002";"";"NE_0002";"NE_0002";"NE_0002";"NE_0002";"NE_0002";"NE_0002";"NE_0002"
"2023";"06";"220801";"SAN MARTIN";"RIOJA";"RIOJA";"GOBIERNO REGIONAL";"I-4";"00006270";"CENTRO DE SALUD NUEVA RIOJA";"241600";"HOSPITALIZACIÓN QUIRÚRGICA OBSTETRICIA   ";"11";"11";"11";"11";"11";"180";"0"
"2023";"06";"220801";"SAN MARTIN";"RIOJA";"RIOJA";"GOBIERNO REGIONAL";"I-4";"00006270";"CENTRO DE SALUD NUEVA RIOJA";"241800";"HOSPITALIZACIÓN DE MEDICINA MEDICINA GENERAL ";"50";"50";"152";"11";"11";"480";"0"
"2023";"06";"220801";"SAN MARTIN";"RIOJA";"RIOJA";"GOBIERNO REGIONAL";"I-1";"00006271";"PUESTO DE SALUD MASHUYACU";"NE_0002";"";"NE_0002";"NE_0002";"NE_0002";"NE_0002";"NE_0002";"NE_0002";"NE_0002"
"2023";"06";"220801";"SAN MARTIN";"RIOJA";"RIOJA";"GOBIERNO REGIONAL";"I-1";"00006273";"PUESTO DE SALUD TAMBO";"NE_0002";"";"NE_0002";"NE_0002";"NE_0002";"NE_0002";"NE_0002";"NE_0002";"NE_0002"
"2023";"06";"220808";"SAN MARTIN";"RIOJA";"YORONGOS";"GOBIERNO REGIONAL";"I-3";"00006275";"PUESTO DE SALUD YORONGOS";"NE_0002";"";"NE_0002";"NE_0002";"NE_0002";"NE_0002";"NE_0002";"NE_0002";"NE_0002"
"2023";"06";"150137";"LIMA";"LIMA";"SANTA ANITA";"MINSA";"III-1";"00005948";"HOSPITAL HERMILIO VALDIZAN";"242202";"HOSPITALIZACIÓN DE MEDICINA PSIQUIATRÍA PSIQUIATRÍA DEL ADULTO Y GERONTE";"45";"42";"1904";"2992";"159";"4770";"0"
"2023";"06";"120606";"JUNIN";"SATIPO";"PANGOA";"GOBIERNO REGIONAL";"I-1";"00021797";"SAN JERONIMO";"NE_0001";"";"NE_0001";"NE_0001";"NE_0001";"NE_0001";"NE_0001";"NE_0001";"NE_0001"
"2023";"06";"120606";"JUNIN";"SATIPO";"PANGOA";"GOBIERNO REGIONAL";"I-1";"00021800";"LOS ÁNGELES DE EDEN";"NE_0001";"";"NE_0001";"NE_0001";"NE_0001";"NE_0001";"NE_0001";"NE_0001";"NE_0001"
"2023";"06";"120606";"JUNIN";"SATIPO";"PANGOA";"GOBIERNO REGIONAL";"I-1";"00021814";"CENTRO SAURENI";"NE_0001";"";"NE_0001";"NE_0001";"NE_0001";"NE_0001";"NE_0001";"NE_0001";"NE_0001"
"2023";"06";"120606";"JUNIN";"SATIPO";"PANGOA";"GOBIERNO REGIONAL";"I-3";"00000445";"SAN ANTONIO DE SONOMORO";"NE_0001";"";"NE_0001";"NE_0001";"NE_0001";"NE_0001";"NE_0001";"NE_0001";"NE_0001"
"2023";"06";"120606";"JUNIN";"SATIPO";"PANGOA";"GOBIERNO REGIONAL";"I-2";"00000448";"NAYLAM DE SONOMORO";"NE_0001";"";"NE_0001";"NE_0001";"NE_0001";"NE_0001";"NE_0001";"NE_0001";"NE_0001"
"2023";"06";"120606";"JUNIN";"SATIPO";"PANGOA";"GOBIERNO REGIONAL";"I-1";"00011138";"SANTA ELENA";"NE_0001";"";"NE_0001";"NE_0001";"NE_0001";"NE_0001";"NE_0001";"NE_0001";"NE_0001"
"2023";"06";"120606";"JUNIN";"SATIPO";"PANGOA";"GOBIERNO REGIONAL";"I-1";"00021803";"LOS MANANTIALES";"NE_0001";"";"NE_0001";"NE_0001";"NE_0001";"NE_0001";"NE_0001";"NE_0001";"NE_0001"
"2023";"06";"120606";"JUNIN";"SATIPO";"PANGOA";"GOBIERNO REGIONAL";"I-2";"00006880";"CIUDAD DE DIOS";"NE_0001";"";"NE_0001";"NE_0001";"NE_0001";"NE_0001";"NE_0001";"NE_0001";"NE_0001"
"2023";"06";"080703";"CUSCO";"CHUMBIVILCAS";"CHAMACA";"GOBIERNO REGIONAL";"I-2";"00002402";"CHAMACA";"NE_0001";"";"NE_0001";"NE_0001";"NE_0001";"NE_0001";"NE_0001";"NE_0001";"NE_0001"
"2023";"06";"080703";"CUSCO";"CHUMBIVILCAS";"CHAMACA";"GOBIERNO REGIONAL";"I-2";"00002403";"AÑAHUICHI";"NE_0001";"";"NE_0001";"NE_0001";"NE_0001";"NE_0001";"NE_0001";"NE_0001";"NE_0001"
"2023";"06";"080703";"CUSCO";"CHUMBIVILCAS";"CHAMACA";"GOBIERNO REGIONAL";"I-1";"00016328";"UCCHUCCARCCO";"NE_0001";"";"NE_0001";"NE_0001";"NE_0001";"NE_0001";"NE_0001";"NE_0001";"NE_0001"
"2023";"06";"022001";"ANCASH";"YUNGAY";"YUNGAY";"GOBIERNO REGIONAL";"II-1";"00001633";"HOSPITAL DE APOYO YUNGAY";"241800";"HOSPITALIZACIÓN DE MEDICINA MEDICINA GENERAL ";"20";"21";"82";"78";"9";"270";"0"
"2023";"06";"022001";"ANCASH";"YUNGAY";"YUNGAY";"GOBIERNO REGIONAL";"II-1";"00001633";"HOSPITAL DE APOYO YUNGAY";"240100";"HOSPITALIZACIÓN QUIRÚRGICA CIRUGÍA GENERAL ";"2";"3";"9";"8";"6";"180";"0"
"2023";"06";"022001";"ANCASH";"YUNGAY";"YUNGAY";"GOBIERNO REGIONAL";"II-1";"00001633";"HOSPITAL DE APOYO YUNGAY";"242500";"HOSPITALIZACIÓN-PEDIATRÍA GENERAL-";"4";"5";"17";"16";"4";"120";"0"
"2023";"06";"022001";"ANCASH";"YUNGAY";"YUNGAY";"GOBIERNO REGIONAL";"II-1";"00001633";"HOSPITAL DE APOYO YUNGAY";"241600";"HOSPITALIZACIÓN QUIRÚRGICA OBSTETRICIA   ";"32";"29";"58";"55";"6";"180";"0"
"2023";"06";"150130";"LIMA";"LIMA";"SAN BORJA";"PRIVADO";"II-2";"00009850";"CLÍNICA VESALIO";"240000";"HOSPITALIZACIÓN";"292";"283";"1149";"1327";"62";"1723";"1"
"2023";"06";"100501";"HUANUCO";"HUAMALIES";"LLATA";"ESSALUD";"I-3";"00027591";"POSTA MEDICA LLATA";"NE_0001";"";"NE_0001";"NE_0001";"NE_0001";"NE_0001";"NE_0001";"NE_0001";"NE_0001"
"2023";"06";"150130";"LIMA";"LIMA";"SAN BORJA";"PRIVADO";"II-1";"00012975";"CL ESPECIALIDADES MEDICAS";"240000";"HOSPITALIZACIÓN";"29";"30";"90";"88";"13";"390";"0"
"2023";"06";"150130";"LIMA";"LIMA";"SAN BORJA";"PRIVADO";"II-2";"00009682";"CLÍNICA INTERNACIONAL";"240000";"HOSPITALIZACIÓN";"533";"615";"2694";"2627";"102";"3162";"0"
"2023";"06";"120606";"JUNIN";"SATIPO";"PANGOA";"GOBIERNO REGIONAL";"I-1";"00006878";"POTSOTENI";"NE_0001";"";"NE_0001";"NE_0001";"NE_0001";"NE_0001";"NE_0001";"NE_0001";"NE_0001"
"2023";"06";"120608";"JUNIN";"SATIPO";"RIO TAMBO";"GOBIERNO REGIONAL";"I-1";"00000475";"CAPERUSIA";"NE_0001";"";"NE_0001";"NE_0001";"NE_0001";"NE_0001";"NE_0001";"NE_0001";"NE_0001"
"2023";"06";"120608";"JUNIN";"SATIPO";"RIO TAMBO";"GOBIERNO REGIONAL";"I-2";"00007187";"VISTA  ALEGRE DEL VALLE DE SANTA CRUZ";"NE_0001";"";"NE_0001";"NE_0001";"NE_0001";"NE_0001";"NE_0001";"NE_0001";"NE_0001"
"2023";"06";"120608";"JUNIN";"SATIPO";"RIO TAMBO";"GOBIERNO REGIONAL";"I-3";"00000460";"BETANIA";"NE_0001";"";"NE_0001";"NE_0001";"NE_0001";"NE_0001";"NE_0001";"NE_0001";"NE_0001"
"2023";"06";"120608";"JUNIN";"SATIPO";"RIO TAMBO";"GOBIERNO REGIONAL";"I-3";"00000469";"PUERTO OCOPA";"NE_0001";"";"NE_0001";"NE_0001";"NE_0001";"NE_0001";"NE_0001";"NE_0001";"NE_0001"
"2023";"06";"120608";"JUNIN";"SATIPO";"RIO TAMBO";"GOBIERNO REGIONAL";"I-2";"00000470";"SAN MIGUEL DE OTICA";"NE_0001";"";"NE_0001";"NE_0001";"NE_0001";"NE_0001";"NE_0001";"NE_0001";"NE_0001"
"2023";"06";"120608";"JUNIN";"SATIPO";"RIO TAMBO";"GOBIERNO REGIONAL";"I-2";"00000472";"OVIRI";"NE_0001";"";"NE_0001";"NE_0001";"NE_0001";"NE_0001";"NE_0001";"NE_0001";"NE_0001"
"2023";"06";"120608";"JUNIN";"SATIPO";"RIO TAMBO";"GOBIERNO REGIONAL";"I-3";"00000462";"POYENI";"NE_0001";"";"NE_0001";"NE_0001";"NE_0001";"NE_0001";"NE_0001";"NE_0001";"NE_0001"
"2023";"06";"120608";"JUNIN";"SATIPO";"RIO TAMBO";"GOBIERNO REGIONAL";"I-2";"00000465";"CAPITIRI";"NE_0001";"";"NE_0001";"NE_0001";"NE_0001";"NE_0001";"NE_0001";"NE_0001";"NE_0001"
"2023";"06";"120608";"JUNIN";"SATIPO";"RIO TAMBO";"GOBIERNO REGIONAL";"I-2";"00000467";"SHIMA";"NE_0001";"";"NE_0001";"NE_0001";"NE_0001";"NE_0001";"NE_0001";"NE_0001";"NE_0001"
"2023";"06";"120608";"JUNIN";"SATIPO";"RIO TAMBO";"GOBIERNO REGIONAL";"I-3";"00000473";"SAN VICENTE DE CANAAN";"NE_0001";"";"NE_0001";"NE_0001";"NE_0001";"NE_0001";"NE_0001";"NE_0001";"NE_0001"
"2023";"06";"220401";"SAN MARTIN";"HUALLAGA";"SAPOSOA";"GOBIERNO REGIONAL";"I-1";"00006534";"SAN ANDRES";"NE_0001";"";"NE_0001";"NE_0001";"NE_0001";"NE_0001";"NE_0001";"NE_0001";"NE_0001"
"2023";"06";"220401";"SAN MARTIN";"HUALLAGA";"SAPOSOA";"GOBIERNO REGIONAL";"I-1";"00006535";"SAN REGIS";"NE_0001";"";"NE_0001";"NE_0001";"NE_0001";"NE_0001";"NE_0001";"NE_0001";"NE_0001"
"2023";"06";"220402";"SAN MARTIN";"HUALLAGA";"ALTO SAPOSOA";"GOBIERNO REGIONAL";"I-1";"00006540";"NUEVA VIDA";"NE_0001";"";"NE_0001";"NE_0001";"NE_0001";"NE_0001";"NE_0001";"NE_0001";"NE_0001"
"2023";"06";"220401";"SAN MARTIN";"HUALLAGA";"SAPOSOA";"GOBIERNO REGIONAL";"I-4";"00006529";"RURAL SAPOSOA";"240100";"HOSPITALIZACIÓN QUIRÚRGICA CIRUGÍA GENERAL ";"8";"8";"16";"16";"2";"30";"0"
"2023";"06";"220401";"SAN MARTIN";"HUALLAGA";"SAPOSOA";"GOBIERNO REGIONAL";"I-4";"00006529";"RURAL SAPOSOA";"241400";"HOSPITALIZACIÓN QUIRÚRGICA GINECO - OBSTETRICIA ";"45";"46";"85";"50";"6";"50";"0"
"2023";"06";"220401";"SAN MARTIN";"HUALLAGA";"SAPOSOA";"GOBIERNO REGIONAL";"I-4";"00006529";"RURAL SAPOSOA";"241800";"HOSPITALIZACIÓN DE MEDICINA MEDICINA GENERAL ";"32";"40";"167";"50";"10";"60";"1"
"2023";"06";"220401";"SAN MARTIN";"HUALLAGA";"SAPOSOA";"GOBIERNO REGIONAL";"I-4";"00006529";"RURAL SAPOSOA";"241900";"HOSPITALIZACIÓN DE MEDICINA MEDICINA INTERNA ";"6";"6";"24";"18";"4";"25";"0"
"2023";"06";"220401";"SAN MARTIN";"HUALLAGA";"SAPOSOA";"GOBIERNO REGIONAL";"I-4";"00006529";"RURAL SAPOSOA";"242500";"HOSPITALIZACIÓN-PEDIATRÍA GENERAL-";"4";"4";"18";"16";"4";"20";"0"
"2023";"04";"021701";"ANCASH";"RECUAY";"RECUAY";"GOBIERNO REGIONAL";"II-1";"00001472";"HOSPITAL DE APOYO RECUAY";"241500";"HOSPITALIZACIÓN QUIRÚRGICA GINECOLOGÍA  ";"2";"2";"2";"2";"2";"60";"0"
"2023";"04";"021701";"ANCASH";"RECUAY";"RECUAY";"GOBIERNO REGIONAL";"II-1";"00001472";"HOSPITAL DE APOYO RECUAY";"241600";"HOSPITALIZACIÓN QUIRÚRGICA OBSTETRICIA   ";"8";"8";"11";"11";"1";"30";"0"
"2023";"04";"021701";"ANCASH";"RECUAY";"RECUAY";"GOBIERNO REGIONAL";"II-1";"00001472";"HOSPITAL DE APOYO RECUAY";"241800";"HOSPITALIZACIÓN DE MEDICINA MEDICINA GENERAL ";"6";"6";"16";"16";"12";"360";"0"
"2023";"04";"150135";"LIMA";"LIMA";"SAN MARTIN DE PORRES";"MINSA";"III-2";"00007733";"INSTITUTO NACIONAL DE SALUD MENTAL ""HONORIO DELGADO - HIDEYO NOGUCHI""";"242202";"HOSPITALIZACIÓN DE MEDICINA PSIQUIATRÍA PSIQUIATRÍA DEL ADULTO Y GERONTE";"12";"15";"1165";"1345";"49";"1470";"0"
"2023";"04";"150135";"LIMA";"LIMA";"SAN MARTIN DE PORRES";"MINSA";"III-2";"00007733";"INSTITUTO NACIONAL DE SALUD MENTAL ""HONORIO DELGADO - HIDEYO NOGUCHI""";"242203";"HOSPITALIZACIÓN DE MEDICINA PSIQUIATRÍA PSIQUIATRÍA DEL NIÑO Y DEL ADOLESCENTE";"8";"7";"334";"326";"12";"360";"0"
"2023";"04";"150135";"LIMA";"LIMA";"SAN MARTIN DE PORRES";"MINSA";"III-2";"00007733";"INSTITUTO NACIONAL DE SALUD MENTAL ""HONORIO DELGADO - HIDEYO NOGUCHI""";"242205";"HOSPITALIZACIÓN MEDICINA PSIQUIATRÍA PISIQUIATRIA/ SALUD MENTAL Y ADICCIONES";"11";"13";"560";"645";"27";"810";"0"
"2023";"04";"060101";"CAJAMARCA";"CAJAMARCA";"CAJAMARCA";"GOBIERNO REGIONAL";"I-3";"00027069";"CENTRO DE SALUD MENTAL COMUNITARIO ""ESPERANZA DE VIDA""";"NE_0001";"";"NE_0001";"NE_0001";"NE_0001";"NE_0001";"NE_0001";"NE_0001";"NE_0001"
"2023";"03";"160201";"LORETO";"ALTO AMAZONAS";"YURIMAGUAS";"GOBIERNO REGIONAL";"II-2";"00000210";"HOSPITAL II-2 SANTA GEMA DE YURIMAGUAS";"240100";"HOSPITALIZACIÓN QUIRÚRGICA CIRUGÍA GENERAL ";"64";"69";"199";"199";"7";"217";"0"
"2023";"03";"160201";"LORETO";"ALTO AMAZONAS";"YURIMAGUAS";"GOBIERNO REGIONAL";"II-2";"00000210";"HOSPITAL II-2 SANTA GEMA DE YURIMAGUAS";"240700";"HOSPITALIZACIÓN QUIRÚRGICA CIRUGÍA PEDIÁTRICA ";"7";"8";"30";"30";"1";"31";"0"
"2023";"03";"160201";"LORETO";"ALTO AMAZONAS";"YURIMAGUAS";"GOBIERNO REGIONAL";"II-2";"00000210";"HOSPITAL II-2 SANTA GEMA DE YURIMAGUAS";"241200";"HOSPITALIZACIÓN QUIRÚRGICA TRAUMATOLOGÍA Y ORTOPEDIA ";"12";"17";"91";"91";"7";"217";"0"
"2023";"03";"160201";"LORETO";"ALTO AMAZONAS";"YURIMAGUAS";"GOBIERNO REGIONAL";"II-2";"00000210";"HOSPITAL II-2 SANTA GEMA DE YURIMAGUAS";"241300";"HOSPITALIZACIÓN QUIRÚRGICA UROLOGÍA  ";"3";"4";"19";"19";"1";"31";"0"
"2023";"03";"160201";"LORETO";"ALTO AMAZONAS";"YURIMAGUAS";"GOBIERNO REGIONAL";"II-2";"00000210";"HOSPITAL II-2 SANTA GEMA DE YURIMAGUAS";"241500";"HOSPITALIZACIÓN QUIRÚRGICA GINECOLOGÍA  ";"52";"57";"145";"145";"8";"248";"0"
"2023";"03";"160201";"LORETO";"ALTO AMAZONAS";"YURIMAGUAS";"GOBIERNO REGIONAL";"II-2";"00000210";"HOSPITAL II-2 SANTA GEMA DE YURIMAGUAS";"241600";"HOSPITALIZACIÓN QUIRÚRGICA OBSTETRICIA   ";"221";"238";"480";"480";"25";"775";"0"
"2023";"03";"160201";"LORETO";"ALTO AMAZONAS";"YURIMAGUAS";"GOBIERNO REGIONAL";"II-2";"00000210";"HOSPITAL II-2 SANTA GEMA DE YURIMAGUAS";"241900";"HOSPITALIZACIÓN DE MEDICINA MEDICINA INTERNA ";"51";"62";"238";"238";"19";"589";"3"
"2023";"03";"160201";"LORETO";"ALTO AMAZONAS";"YURIMAGUAS";"GOBIERNO REGIONAL";"II-2";"00000210";"HOSPITAL II-2 SANTA GEMA DE YURIMAGUAS";"242500";"HOSPITALIZACIÓN-PEDIATRÍA GENERAL-";"49";"53";"169";"169";"8";"248";"0"
"2023";"03";"160201";"LORETO";"ALTO AMAZONAS";"YURIMAGUAS";"GOBIERNO REGIONAL";"II-2";"00000210";"HOSPITAL II-2 SANTA GEMA DE YURIMAGUAS";"243200";"HOSPITALIZACIÓN DE PEDIATRÍA PEDIATRIA NEONATOLOGÍA";"0";"4";"54";"247";"8";"248";"0"
"2023";"03";"160201";"LORETO";"ALTO AMAZONAS";"YURIMAGUAS";"GOBIERNO REGIONAL";"II-2";"00000210";"HOSPITAL II-2 SANTA GEMA DE YURIMAGUAS";"250103";"UNIDAD DE CUIDADOS CRITICOS UNIDAD  DE CUIDADOS INTENSIVOS GENERALES  (UCI) MEDICINA";"1";"2";"27";"73";"7";"217";"0"
"2023";"03";"160201";"LORETO";"ALTO AMAZONAS";"YURIMAGUAS";"GOBIERNO REGIONAL";"II-2";"00000210";"HOSPITAL II-2 SANTA GEMA DE YURIMAGUAS";"250105";"UNIDAD DE CUIDADOS CRITICOS UNIDAD  DE CUIDADOS INTENSIVOS  (UCI) NEONATOLOGÍA";"12";"14";"152";"2";"1";"31";"3"
"2023";"03";"160201";"LORETO";"ALTO AMAZONAS";"YURIMAGUAS";"GOBIERNO REGIONAL";"II-2";"00000210";"HOSPITAL II-2 SANTA GEMA DE YURIMAGUAS";"250304";"HOSPIT. EN UNIDAD DE CUID.INTEN.-UNIDAD DE VIGILANCIA INTENSIVA (UVI)-MEDICINA";"19";"19";"46";"2";"1";"31";"2"
"2023";"03";"160201";"LORETO";"ALTO AMAZONAS";"YURIMAGUAS";"GOBIERNO REGIONAL";"II-2";"00000210";"HOSPITAL II-2 SANTA GEMA DE YURIMAGUAS";"250305";"HOSPIT. EN UNIDAD DE CUID.INTEN.-UNIDAD DE VIGILANCIA INTENSIVA (UVI)-NEONATOLOGÍA";"5";"6";"50";"1";"1";"31";"0"
"2023";"03";"160201";"LORETO";"ALTO AMAZONAS";"YURIMAGUAS";"GOBIERNO REGIONAL";"II-2";"00000210";"HOSPITAL II-2 SANTA GEMA DE YURIMAGUAS";"250306";"HOSPIT. EN UNIDAD DE CUID.INTEN.-UNIDAD DE VIGILANCIA INTENSIVA (UVI)-PEDIATRÍA";"17";"17";"28";"1";"1";"31";"1"
"2023";"05";"150117";"LIMA";"LIMA";"LOS OLIVOS";"MUNICIPALIDAD DISTRITAL";"II-1";"00019787";"HOSPITAL MUNICIPAL LOS OLIVOS";"241800";"HOSPITALIZACIÓN DE MEDICINA MEDICINA GENERAL ";"15";"17";"69";"84";"25";"750";"0"
"2023";"05";"150117";"LIMA";"LIMA";"LOS OLIVOS";"MUNICIPALIDAD DISTRITAL";"II-1";"00019787";"HOSPITAL MUNICIPAL LOS OLIVOS";"240100";"HOSPITALIZACIÓN QUIRÚRGICA CIRUGÍA GENERAL ";"23";"25";"59";"82";"25";"750";"0"
"2023";"05";"150117";"LIMA";"LIMA";"LOS OLIVOS";"MUNICIPALIDAD DISTRITAL";"II-1";"00019787";"HOSPITAL MUNICIPAL LOS OLIVOS";"241300";"HOSPITALIZACIÓN QUIRÚRGICA UROLOGÍA  ";"6";"4";"22";"28";"25";"750";"0"
"2023";"05";"150117";"LIMA";"LIMA";"LOS OLIVOS";"MUNICIPALIDAD DISTRITAL";"II-1";"00019787";"HOSPITAL MUNICIPAL LOS OLIVOS";"241200";"HOSPITALIZACIÓN QUIRÚRGICA TRAUMATOLOGÍA Y ORTOPEDIA ";"1";"1";"1";"2";"25";"750";"0"
"2023";"05";"150117";"LIMA";"LIMA";"LOS OLIVOS";"MUNICIPALIDAD DISTRITAL";"II-1";"00019787";"HOSPITAL MUNICIPAL LOS OLIVOS";"241500";"HOSPITALIZACIÓN QUIRÚRGICA GINECOLOGÍA  ";"29";"28";"53";"29";"11";"53";"0"
"2023";"06";"070101";"CALLAO";"CALLAO";"CALLAO";"PRIVADO";"I-2";"00018306";"CENTRO DE ATENCIÓN PRIMARIA ALBERTO LEONARDO BARTON THOMPSON";"NE_0001";"";"NE_0001";"NE_0001";"NE_0001";"NE_0001";"NE_0001";"NE_0001";"NE_0001"
"2023";"06";"070101";"CALLAO";"CALLAO";"CALLAO";"ESSALUD";"II-2";"00010533";"HOSPITAL II LIMA NORTE CALLAO ""LUIS NEGREIROS VEGA"" ESSALUD";"241900";"HOSPITALIZACIÓN DE MEDICINA MEDICINA INTERNA ";"211";"211";"1642";"1798";"60";"1800";"4"
"2023";"06";"070101";"CALLAO";"CALLAO";"CALLAO";"ESSALUD";"II-2";"00010533";"HOSPITAL II LIMA NORTE CALLAO ""LUIS NEGREIROS VEGA"" ESSALUD";"241900";"HOSPITALIZACIÓN DE MEDICINA MEDICINA INTERNA ";"404";"407";"850";"861";"34";"1020";"0"
"2023";"06";"070101";"CALLAO";"CALLAO";"CALLAO";"ESSALUD";"II-2";"00010533";"HOSPITAL II LIMA NORTE CALLAO ""LUIS NEGREIROS VEGA"" ESSALUD";"241900";"HOSPITALIZACIÓN DE MEDICINA MEDICINA INTERNA ";"412";"421";"687";"662";"36";"1080";"0"
"2023";"06";"070101";"CALLAO";"CALLAO";"CALLAO";"ESSALUD";"II-2";"00010533";"HOSPITAL II LIMA NORTE CALLAO ""LUIS NEGREIROS VEGA"" ESSALUD";"242300";"HOSPITALIZACIÓN DE PEDIATRÍA  PEDIATRÍA  GENERAL ";"106";"106";"369";"344";"13";"390";"0"
"2023";"06";"060101";"CAJAMARCA";"CAJAMARCA";"CAJAMARCA";"PRIVADO";"II-1";"00019315";"CLINICA SANTA ANA";"241400";"HOSPITALIZACIÓN QUIRÚRGICA GINECO - OBSTETRICIA ";"16";"15";"16";"6";"6";"38";"1"
"2023";"06";"060101";"CAJAMARCA";"CAJAMARCA";"CAJAMARCA";"PRIVADO";"II-1";"00019315";"CLINICA SANTA ANA";"240100";"HOSPITALIZACIÓN QUIRÚRGICA CIRUGÍA GENERAL ";"15";"13";"1";"37";"4";"124";"0"
"2023";"06";"060101";"CAJAMARCA";"CAJAMARCA";"CAJAMARCA";"PRIVADO";"II-1";"00019315";"CLINICA SANTA ANA";"241900";"HOSPITALIZACIÓN DE MEDICINA MEDICINA INTERNA ";"1";"1";"7";"1";"1";"2";"0"
"2023";"06";"060101";"CAJAMARCA";"CAJAMARCA";"CAJAMARCA";"PRIVADO";"II-1";"00019315";"CLINICA SANTA ANA";"242300";"HOSPITALIZACIÓN DE PEDIATRÍA  PEDIATRÍA  GENERAL ";"1";"1";"1";"1";"1";"62";"0"
"2023";"06";"150140";"LIMA";"LIMA";"SANTIAGO DE SURCO";"PRIVADO";"II-E";"00017823";"OFTALMOLOGICA SANTO TORIBIO";"NE_0001";"";"NE_0001";"NE_0001";"NE_0001";"NE_0001";"NE_0001";"NE_0001";"NE_0001"
"2023";"06";"150121";"LIMA";"LIMA";"PUEBLO LIBRE";"PRIVADO";"II-2";"00010743";"CLINICA STELLA MARIS";"241400";"HOSPITALIZACIÓN QUIRÚRGICA GINECO - OBSTETRICIA ";"50";"44";"119";"115";"16";"480";"0"
"2023";"06";"150121";"LIMA";"LIMA";"PUEBLO LIBRE";"PRIVADO";"II-2";"00010743";"CLINICA STELLA MARIS";"240000";"HOSPITALIZACIÓN";"435";"381";"1508";"1363";"53";"1590";"4"
"2023";"06";"150121";"LIMA";"LIMA";"PUEBLO LIBRE";"PRIVADO";"II-2";"00010743";"CLINICA STELLA MARIS";"243200";"HOSPITALIZACIÓN DE PEDIATRÍA PEDIATRIA NEONATOLOGÍA";"6";"4";"8";"15";"2";"60";"0"
"2023";"06";"150121";"LIMA";"LIMA";"PUEBLO LIBRE";"PRIVADO";"II-2";"00010743";"CLINICA STELLA MARIS";"250100";"UNIDAD DE CUIDADOS CRITICOS UNIDAD  DE CUIDADOS INTENSIVOS GENERALES (UCI) ";"14";"7";"116";"42";"10";"300";"4"
"2023";"06";"150121";"LIMA";"LIMA";"PUEBLO LIBRE";"PRIVADO";"II-2";"00010743";"CLINICA STELLA MARIS";"250200";"UNIDAD DE CUIDADOS CRITICOS UNIDAD DE CUIDADOS INTERMEDIOS GENERAL  (UCIN) ";"44";"40";"176";"140";"5";"150";"0"
"2023";"06";"090301";"HUANCAVELICA";"ANGARAES";"LIRCAY";"GOBIERNO REGIONAL";"I-1";"00003947";"CONSTANCIA";"NE_0001";"";"NE_0001";"NE_0001";"NE_0001";"NE_0001";"NE_0001";"NE_0001";"NE_0001"
"2023";"06";"090301";"HUANCAVELICA";"ANGARAES";"LIRCAY";"GOBIERNO REGIONAL";"I-1";"00003950";"CHALLHUAPUQUIO";"NE_0001";"";"NE_0001";"NE_0001";"NE_0001";"NE_0001";"NE_0001";"NE_0001";"NE_0001"
"2023";"06";"090301";"HUANCAVELICA";"ANGARAES";"LIRCAY";"GOBIERNO REGIONAL";"I-1";"00011769";"YANAUTUTO";"NE_0001";"";"NE_0001";"NE_0001";"NE_0001";"NE_0001";"NE_0001";"NE_0001";"NE_0001"
"2023";"06";"090303";"HUANCAVELICA";"ANGARAES";"CALLANMARCA";"GOBIERNO REGIONAL";"I-1";"00003952";"CALLANMARCA";"NE_0001";"";"NE_0001";"NE_0001";"NE_0001";"NE_0001";"NE_0001";"NE_0001";"NE_0001"
"2023";"06";"090304";"HUANCAVELICA";"ANGARAES";"CCOCHACCASA";"GOBIERNO REGIONAL";"I-1";"00003957";"CCASCCABAMBA";"NE_0001";"";"NE_0001";"NE_0001";"NE_0001";"NE_0001";"NE_0001";"NE_0001";"NE_0001"
"2023";"06";"090302";"HUANCAVELICA";"ANGARAES";"ANCHONGA";"GOBIERNO REGIONAL";"I-3";"00003959";"PARCO ALTO";"NE_0002";"";"NE_0002";"NE_0002";"NE_0002";"NE_0002";"NE_0002";"NE_0002";"NE_0002"
"2023";"06";"090306";"HUANCAVELICA";"ANGARAES";"CONGALLA";"GOBIERNO REGIONAL";"I-2";"00003972";"CONGALLA";"NE_0001";"";"NE_0001";"NE_0001";"NE_0001";"NE_0001";"NE_0001";"NE_0001";"NE_0001"
"2023";"06";"090301";"HUANCAVELICA";"ANGARAES";"LIRCAY";"GOBIERNO REGIONAL";"I-1";"00007384";"SAN JUAN DE AHUAY";"NE_0001";"";"NE_0001";"NE_0001";"NE_0001";"NE_0001";"NE_0001";"NE_0001";"NE_0001"
"2023";"06";"090301";"HUANCAVELICA";"ANGARAES";"LIRCAY";"GOBIERNO REGIONAL";"I-2";"00007385";"SAN JUAN DE DIOS DE CCOLLPAPAMPA";"NE_0001";"";"NE_0001";"NE_0001";"NE_0001";"NE_0001";"NE_0001";"NE_0001";"NE_0001"
"2023";"06";"090311";"HUANCAVELICA";"ANGARAES";"SANTO TOMAS DE PATA";"GOBIERNO REGIONAL";"I-1";"00011768";"CUTICSA";"NE_0001";"";"NE_0001";"NE_0001";"NE_0001";"NE_0001";"NE_0001";"NE_0001";"NE_0001"
"2023";"06";"090302";"HUANCAVELICA";"ANGARAES";"ANCHONGA";"GOBIERNO REGIONAL";"I-2";"00003960";"TUCO";"NE_0001";"";"NE_0001";"NE_0001";"NE_0001";"NE_0001";"NE_0001";"NE_0001";"NE_0001"
"2023";"06";"090309";"HUANCAVELICA";"ANGARAES";"JULCAMARCA";"GOBIERNO REGIONAL";"I-3";"00003962";"JULCAMARCA";"NE_0002";"";"NE_0002";"NE_0002";"NE_0002";"NE_0002";"NE_0002";"NE_0002";"NE_0002"
"2023";"06";"090310";"HUANCAVELICA";"ANGARAES";"SAN ANTONIO DE ANTAPARCO";"GOBIERNO REGIONAL";"I-1";"00003965";"SAN ANTONIO DE ANTAPARCO";"NE_0001";"";"NE_0001";"NE_0001";"NE_0001";"NE_0001";"NE_0001";"NE_0001";"NE_0001"
"2023";"06";"090312";"HUANCAVELICA";"ANGARAES";"SECCLLA";"GOBIERNO REGIONAL";"I-3";"00003969";"SECCLLA";"240000";"HOSPITALIZACIÓN";"3";"3";"6";"2";"4";"15";"0"
"2023";"06";"090312";"HUANCAVELICA";"ANGARAES";"SECCLLA";"GOBIERNO REGIONAL";"I-1";"00003971";"TRANCA";"NE_0001";"";"NE_0001";"NE_0001";"NE_0001";"NE_0001";"NE_0001";"NE_0001";"NE_0001"
"2023";"06";"090302";"HUANCAVELICA";"ANGARAES";"ANCHONGA";"GOBIERNO REGIONAL";"I-3";"00006901";"BUENOS AIRES DE PARCO CHACAPUNCU";"NE_0001";"";"NE_0001";"NE_0001";"NE_0001";"NE_0001";"NE_0001";"NE_0001";"NE_0001"
"2023";"06";"090301";"HUANCAVELICA";"ANGARAES";"LIRCAY";"GOBIERNO REGIONAL";"I-1";"00007373";"SOCCLLABAMBA";"NE_0001";"";"NE_0001";"NE_0001";"NE_0001";"NE_0001";"NE_0001";"NE_0001";"NE_0001"
"2023";"06";"090301";"HUANCAVELICA";"ANGARAES";"LIRCAY";"GOBIERNO REGIONAL";"I-2";"00003945";"CARHUAPATA";"NE_0001";"";"NE_0001";"NE_0001";"NE_0001";"NE_0001";"NE_0001";"NE_0001";"NE_0001"
"2023";"06";"090301";"HUANCAVELICA";"ANGARAES";"LIRCAY";"GOBIERNO REGIONAL";"I-1";"00003946";"PIRCAPAHUANA";"NE_0001";"";"NE_0001";"NE_0001";"NE_0001";"NE_0001";"NE_0001";"NE_0001";"NE_0001"
"2023";"06";"090301";"HUANCAVELICA";"ANGARAES";"LIRCAY";"GOBIERNO REGIONAL";"I-2";"00003949";"CHAHUARMA";"NE_0001";"";"NE_0001";"NE_0001";"NE_0001";"NE_0001";"NE_0001";"NE_0001";"NE_0001"
"2023";"06";"090301";"HUANCAVELICA";"ANGARAES";"LIRCAY";"GOBIERNO REGIONAL";"I-1";"00003951";"TUCSIPAMPA";"NE_0001";"";"NE_0001";"NE_0001";"NE_0001";"NE_0001";"NE_0001";"NE_0001";"NE_0001"
"2023";"06";"150141";"LIMA";"LIMA";"SURQUILLO";"PRIVADO";"II-1";"00009645";"INVERSIONES GENERALES SALOMON S.A.";"NE_0001";"";"NE_0001";"NE_0001";"NE_0001";"NE_0001";"NE_0001";"NE_0001";"NE_0001"
"2023";"06";"120304";"JUNIN";"CHANCHAMAYO";"SAN LUIS DE SHUARO";"GOBIERNO REGIONAL";"I-3";"00000315";"SANCHIRIO PALOMAR";"NE_0001";"";"NE_0001";"NE_0001";"NE_0001";"NE_0001";"NE_0001";"NE_0001";"NE_0001"
"2023";"06";"120504";"JUNIN";"JUNIN";"ULCUMAYO";"GOBIERNO REGIONAL";"I-1";"00000317";"RAYMONDI";"NE_0001";"";"NE_0001";"NE_0001";"NE_0001";"NE_0001";"NE_0001";"NE_0001";"NE_0001"
"2023";"06";"120301";"JUNIN";"CHANCHAMAYO";"CHANCHAMAYO";"GOBIERNO REGIONAL";"I-2";"00000311";"VILLA PROGRESO";"NE_0001";"";"NE_0001";"NE_0001";"NE_0001";"NE_0001";"NE_0001";"NE_0001";"NE_0001"
"2023";"06";"120301";"JUNIN";"CHANCHAMAYO";"CHANCHAMAYO";"GOBIERNO REGIONAL";"I-1";"00000312";"PUEBLO PARDO";"NE_0001";"";"NE_0001";"NE_0001";"NE_0001";"NE_0001";"NE_0001";"NE_0001";"NE_0001"
"2023";"06";"080914";"CUSCO";"LA CONVENCION";"MEGANTONI";"GOBIERNO REGIONAL";"I-1";"00013067";"TANGOSHIARI";"NE_0001";"";"NE_0001";"NE_0001";"NE_0001";"NE_0001";"NE_0001";"NE_0001";"NE_0001"
"2023";"07";"200104";"PIURA";"PIURA";"CASTILLA";"SANIDAD DE LA POLICIA NACIONAL DEL PERU";"I-3";"00010679";"POLICLINICO PNP ""ALMIRANTE MIGUEL GRAU""";"241800";"HOSPITALIZACIÓN DE MEDICINA MEDICINA GENERAL ";"4";"4";"4";"4";"13";"399";"0"
"2023";"07";"220101";"SAN MARTIN";"MOYOBAMBA";"MOYOBAMBA";"GOBIERNO REGIONAL";"I-2";"00006282";"LA CONQUISTA";"NE_0001";"";"NE_0001";"NE_0001";"NE_0001";"NE_0001";"NE_0001";"NE_0001";"NE_0001"
"2023";"07";"220809";"SAN MARTIN";"RIOJA";"YURACYACU";"GOBIERNO REGIONAL";"I-3";"00006281";"YURACYACU";"NE_0002";"";"NE_0002";"NE_0002";"NE_0002";"NE_0002";"NE_0002";"NE_0002";"NE_0002"
"2023";"07";"150132";"LIMA";"LIMA";"SAN JUAN DE LURIGANCHO";"ESSALUD";"II-1";"00008317";"HOSPITAL AURELIO DIAZ UFANO Y PERAL";"240100";"HOSPITALIZACIÓN QUIRÚRGICA CIRUGÍA GENERAL ";"96";"99";"222";"218";"8";"241";"0"
"2023";"07";"150132";"LIMA";"LIMA";"SAN JUAN DE LURIGANCHO";"ESSALUD";"II-1";"00008317";"HOSPITAL AURELIO DIAZ UFANO Y PERAL";"241400";"HOSPITALIZACIÓN QUIRÚRGICA GINECO - OBSTETRICIA ";"27";"26";"51";"48";"2";"69";"0"
"2023";"07";"150132";"LIMA";"LIMA";"SAN JUAN DE LURIGANCHO";"ESSALUD";"II-1";"00008317";"HOSPITAL AURELIO DIAZ UFANO Y PERAL";"241600";"HOSPITALIZACIÓN QUIRÚRGICA OBSTETRICIA   ";"160";"158";"315";"306";"13";"392";"0"
"2023";"07";"150132";"LIMA";"LIMA";"SAN JUAN DE LURIGANCHO";"ESSALUD";"II-1";"00008317";"HOSPITAL AURELIO DIAZ UFANO Y PERAL";"241900";"HOSPITALIZACIÓN DE MEDICINA MEDICINA INTERNA ";"60";"61";"252";"266";"9";"292";"8"
"2023";"07";"150132";"LIMA";"LIMA";"SAN JUAN DE LURIGANCHO";"ESSALUD";"II-1";"00008317";"HOSPITAL AURELIO DIAZ UFANO Y PERAL";"242300";"HOSPITALIZACIÓN DE PEDIATRÍA  PEDIATRÍA  GENERAL ";"58";"58";"182";"181";"8";"244";"0"
"2023";"07";"150132";"LIMA";"LIMA";"SAN JUAN DE LURIGANCHO";"ESSALUD";"II-1";"00008317";"HOSPITAL AURELIO DIAZ UFANO Y PERAL";"243200";"HOSPITALIZACIÓN DE PEDIATRÍA PEDIATRIA NEONATOLOGÍA";"39";"41";"91";"80";"3";"95";"0"
"2023";"07";"081206";"CUSCO";"QUISPICANCHI";"CUSIPATA";"GOBIERNO REGIONAL";"I-3";"00002530";"CUSIPATA";"NE_0001";"";"NE_0001";"NE_0001";"NE_0001";"NE_0001";"NE_0001";"NE_0001";"NE_0001"
"2023";"07";"081211";"CUSCO";"QUISPICANCHI";"OROPESA";"GOBIERNO REGIONAL";"I-3";"00002537";"OROPESA";"NE_0001";"";"NE_0001";"NE_0001";"NE_0001";"NE_0001";"NE_0001";"NE_0001";"NE_0001"
"2023";"07";"081207";"CUSCO";"QUISPICANCHI";"HUARO";"GOBIERNO REGIONAL";"I-2";"00002532";"HUARO";"NE_0001";"";"NE_0001";"NE_0001";"NE_0001";"NE_0001";"NE_0001";"NE_0001";"NE_0001"
"2023";"07";"150121";"LIMA";"LIMA";"PUEBLO LIBRE";"MINSA";"III-1";"00006211";"HOSPITAL DE APOYO SANTA ROSA";"240100";"HOSPITALIZACIÓN QUIRÚRGICA CIRUGÍA GENERAL ";"102";"110";"587";"646";"22";"682";"0"
"2023";"07";"150121";"LIMA";"LIMA";"PUEBLO LIBRE";"MINSA";"III-1";"00006211";"HOSPITAL DE APOYO SANTA ROSA";"240700";"HOSPITALIZACIÓN QUIRÚRGICA CIRUGÍA PEDIÁTRICA ";"26";"30";"167";"176";"10";"310";"0"
"2023";"07";"150121";"LIMA";"LIMA";"PUEBLO LIBRE";"MINSA";"III-1";"00006211";"HOSPITAL DE APOYO SANTA ROSA";"241500";"HOSPITALIZACIÓN QUIRÚRGICA GINECOLOGÍA  ";"62";"60";"311";"382";"16";"496";"0"
"2023";"07";"150121";"LIMA";"LIMA";"PUEBLO LIBRE";"MINSA";"III-1";"00006211";"HOSPITAL DE APOYO SANTA ROSA";"241600";"HOSPITALIZACIÓN QUIRÚRGICA OBSTETRICIA   ";"155";"148";"522";"693";"30";"930";"0"
"2023";"07";"150121";"LIMA";"LIMA";"PUEBLO LIBRE";"MINSA";"III-1";"00006211";"HOSPITAL DE APOYO SANTA ROSA";"241800";"HOSPITALIZACIÓN DE MEDICINA MEDICINA GENERAL ";"88";"89";"885";"943";"34";"1054";"8"
"2023";"07";"150121";"LIMA";"LIMA";"PUEBLO LIBRE";"MINSA";"III-1";"00006211";"HOSPITAL DE APOYO SANTA ROSA";"242100";"HOSPITALIZACIÓN DE MEDICINA ONCOLOGÍA MÉDICA ";"60";"62";"319";"427";"15";"465";"1"
"2023";"07";"150121";"LIMA";"LIMA";"PUEBLO LIBRE";"MINSA";"III-1";"00006211";"HOSPITAL DE APOYO SANTA ROSA";"242500";"HOSPITALIZACIÓN-PEDIATRÍA GENERAL-";"62";"64";"289";"323";"13";"403";"0"
"2023";"07";"150121";"LIMA";"LIMA";"PUEBLO LIBRE";"MINSA";"III-1";"00006211";"HOSPITAL DE APOYO SANTA ROSA";"243200";"HOSPITALIZACIÓN DE PEDIATRÍA PEDIATRIA NEONATOLOGÍA";"26";"30";"132";"148";"8";"248";"2"
"2023";"07";"060610";"CAJAMARCA";"CUTERVO";"SAN LUIS DE LUCMA";"GOBIERNO REGIONAL";"I-3";"00005038";"SAN LUIS DE LA LUCMA";"NE_0001";"";"NE_0001";"NE_0001";"NE_0001";"NE_0001";"NE_0001";"NE_0001";"NE_0001"
"2023";"07";"060610";"CAJAMARCA";"CUTERVO";"SAN LUIS DE LUCMA";"GOBIERNO REGIONAL";"I-1";"00006870";"SANTA ROSA DEL TINGO";"NE_0001";"";"NE_0001";"NE_0001";"NE_0001";"NE_0001";"NE_0001";"NE_0001";"NE_0001"
"2023";"07";"060614";"CAJAMARCA";"CUTERVO";"SOCOTA";"GOBIERNO REGIONAL";"I-1";"00006937";"MINAS DE SOCOTA";"NE_0001";"";"NE_0001";"NE_0001";"NE_0001";"NE_0001";"NE_0001";"NE_0001";"NE_0001"
"2023";"04";"021201";"ANCASH";"HUAYLAS";"CARAZ";"GOBIERNO REGIONAL";"II-1";"00001587";"HOSPITAL DE APOYO CARAZ";"241800";"HOSPITALIZACIÓN DE MEDICINA MEDICINA GENERAL ";"28";"30";"147";"107";"32";"480";"1"
"2023";"04";"021201";"ANCASH";"HUAYLAS";"CARAZ";"GOBIERNO REGIONAL";"II-1";"00001587";"HOSPITAL DE APOYO CARAZ";"240100";"HOSPITALIZACIÓN QUIRÚRGICA CIRUGÍA GENERAL ";"26";"30";"113";"75";"12";"180";"0"
"2023";"04";"021201";"ANCASH";"HUAYLAS";"CARAZ";"GOBIERNO REGIONAL";"II-1";"00001587";"HOSPITAL DE APOYO CARAZ";"242500";"HOSPITALIZACIÓN-PEDIATRÍA GENERAL-";"19";"19";"94";"81";"7";"270";"0"
"2023";"04";"021201";"ANCASH";"HUAYLAS";"CARAZ";"GOBIERNO REGIONAL";"II-1";"00001587";"HOSPITAL DE APOYO CARAZ";"241600";"HOSPITALIZACIÓN QUIRÚRGICA OBSTETRICIA   ";"42";"41";"61";"30";"7";"180";"0"
"2023";"04";"021201";"ANCASH";"HUAYLAS";"CARAZ";"GOBIERNO REGIONAL";"II-1";"00001587";"HOSPITAL DE APOYO CARAZ";"241500";"HOSPITALIZACIÓN QUIRÚRGICA GINECOLOGÍA  ";"75";"72";"159";"102";"9";"180";"0"
"2023";"04";"150116";"LIMA";"LIMA";"LINCE";"PRIVADO";"I-3";"00017909";"POLICLINICO RISSO";"NE_0001";"";"NE_0001";"NE_0001";"NE_0001";"NE_0001";"NE_0001";"NE_0001";"NE_0001"
"2023";"01";"010701";"AMAZONAS";"UTCUBAMBA";"BAGUA GRANDE";"ESSALUD";"II-1";"00009067";"HOSPITAL EL BUEN SAMARITANO";"241800";"HOSPITALIZACIÓN DE MEDICINA MEDICINA GENERAL ";"24";"20";"83";"96";"6";"186";"0"
"2023";"01";"010701";"AMAZONAS";"UTCUBAMBA";"BAGUA GRANDE";"ESSALUD";"II-1";"00009067";"HOSPITAL EL BUEN SAMARITANO";"240100";"HOSPITALIZACIÓN QUIRÚRGICA CIRUGÍA GENERAL ";"24";"24";"85";"82";"3";"93";"0"
"2023";"01";"010701";"AMAZONAS";"UTCUBAMBA";"BAGUA GRANDE";"ESSALUD";"II-1";"00009067";"HOSPITAL EL BUEN SAMARITANO";"241500";"HOSPITALIZACIÓN QUIRÚRGICA GINECOLOGÍA  ";"22";"21";"47";"48";"2";"62";"0"
"2023";"01";"010701";"AMAZONAS";"UTCUBAMBA";"BAGUA GRANDE";"ESSALUD";"II-1";"00009067";"HOSPITAL EL BUEN SAMARITANO";"242300";"HOSPITALIZACIÓN DE PEDIATRÍA  PEDIATRÍA  GENERAL ";"20";"21";"55";"54";"2";"62";"0"
"2023";"05";"080805";"CUSCO";"ESPINAR";"PALLPATA";"GOBIERNO REGIONAL";"I-3";"00002416";"PALLPATA";"NE_0001";"";"NE_0001";"NE_0001";"NE_0001";"NE_0001";"NE_0001";"NE_0001";"NE_0001"
"2023";"05";"080803";"CUSCO";"ESPINAR";"COPORAQUE";"GOBIERNO REGIONAL";"I-2";"00002412";"COPORAQUE";"NE_0001";"";"NE_0001";"NE_0001";"NE_0001";"NE_0001";"NE_0001";"NE_0001";"NE_0001"
"2023";"05";"080808";"CUSCO";"ESPINAR";"ALTO PICHIGUA";"GOBIERNO REGIONAL";"I-2";"00002420";"ACCOCUNCA";"NE_0001";"";"NE_0001";"NE_0001";"NE_0001";"NE_0001";"NE_0001";"NE_0001";"NE_0001"
"2023";"05";"080801";"CUSCO";"ESPINAR";"ESPINAR";"GOBIERNO REGIONAL";"I-1";"00006745";"TINTAYA MARQUIRI";"NE_0001";"";"NE_0001";"NE_0001";"NE_0001";"NE_0001";"NE_0001";"NE_0001";"NE_0001"
"2023";"05";"080801";"CUSCO";"ESPINAR";"ESPINAR";"GOBIERNO REGIONAL";"I-4";"00002410";"YAURI";"NE_0001";"";"NE_0001";"NE_0001";"NE_0001";"NE_0001";"NE_0001";"NE_0001";"NE_0001"
"2023";"05";"080806";"CUSCO";"ESPINAR";"PICHIGUA";"GOBIERNO REGIONAL";"I-1";"00002418";"SAN MIGUEL";"NE_0001";"";"NE_0001";"NE_0001";"NE_0001";"NE_0001";"NE_0001";"NE_0001";"NE_0001"
"2023";"05";"080804";"CUSCO";"ESPINAR";"OCORURO";"GOBIERNO REGIONAL";"I-2";"00002415";"OCCORURO";"NE_0001";"";"NE_0001";"NE_0001";"NE_0001";"NE_0001";"NE_0001";"NE_0001";"NE_0001"
"2023";"05";"080806";"CUSCO";"ESPINAR";"PICHIGUA";"GOBIERNO REGIONAL";"I-2";"00002417";"PICHIGUA ESPINAR";"NE_0001";"";"NE_0001";"NE_0001";"NE_0001";"NE_0001";"NE_0001";"NE_0001";"NE_0001"
"2023";"05";"080802";"CUSCO";"ESPINAR";"CONDOROMA";"GOBIERNO REGIONAL";"I-1";"00002411";"CONDOROMA";"NE_0001";"";"NE_0001";"NE_0001";"NE_0001";"NE_0001";"NE_0001";"NE_0001";"NE_0001"
"2023";"05";"080807";"CUSCO";"ESPINAR";"SUYCKUTAMBO";"GOBIERNO REGIONAL";"I-2";"00002419";"SUYKUTAMBO";"NE_0001";"";"NE_0001";"NE_0001";"NE_0001";"NE_0001";"NE_0001";"NE_0001";"NE_0001"
"2023";"05";"080803";"CUSCO";"ESPINAR";"COPORAQUE";"GOBIERNO REGIONAL";"I-2";"00002413";"URINSAYA";"NE_0001";"";"NE_0001";"NE_0001";"NE_0001";"NE_0001";"NE_0001";"NE_0001";"NE_0001"
"2023";"05";"080803";"CUSCO";"ESPINAR";"COPORAQUE";"GOBIERNO REGIONAL";"I-2";"00002414";"HUAYHUAHUASI";"NE_0001";"";"NE_0001";"NE_0001";"NE_0001";"NE_0001";"NE_0001";"NE_0001";"NE_0001"
"2023";"06";"060801";"CAJAMARCA";"JAEN";"JAEN";"SANIDAD DE LA POLICIA NACIONAL DEL PERU";"I-3";"00018950";"POLICLINICO POLICIAL JAEN";"NE_0001";"";"NE_0001";"NE_0001";"NE_0001";"NE_0001";"NE_0001";"NE_0001";"NE_0001"
"2023";"06";"110101";"ICA";"ICA";"ICA";"SANIDAD DE LA POLICIA NACIONAL DEL PERU";"I-3";"00010900";"POLICLINICO POLICIAL ICA";"NE_0001";"";"NE_0001";"NE_0001";"NE_0001";"NE_0001";"NE_0001";"NE_0001";"NE_0001"
"2023";"06";"150115";"LIMA";"LIMA";"LA VICTORIA";"MINSA";"III-E";"00006212";"HOSPITAL DE EMERGENCIAS PEDIATRICAS";"240700";"HOSPITALIZACIÓN QUIRÚRGICA CIRUGÍA PEDIÁTRICA ";"39";"33";"159";"179";"7";"210";"0"
"2023";"06";"150115";"LIMA";"LIMA";"LA VICTORIA";"MINSA";"III-E";"00006212";"HOSPITAL DE EMERGENCIAS PEDIATRICAS";"250105";"UNIDAD DE CUIDADOS CRITICOS UNIDAD  DE CUIDADOS INTENSIVOS  (UCI) NEONATOLOGÍA";"6";"8";"119";"83";"4";"120";"0"
"2023";"06";"150115";"LIMA";"LIMA";"LA VICTORIA";"MINSA";"III-E";"00006212";"HOSPITAL DE EMERGENCIAS PEDIATRICAS";"250108";"UNIDAD DE CUIDADOS CRITICOS UNIDAD  DE CUIDADOS INTENSIVOS  (UCI) PEDIÁTRICA";"17";"16";"99";"213";"8";"240";"3"
"2023";"06";"150115";"LIMA";"LIMA";"LA VICTORIA";"MINSA";"III-E";"00006212";"HOSPITAL DE EMERGENCIAS PEDIATRICAS";"240900";"HOSPITALIZACIÓN QUIRÚRGICA NEUROCIRUGÍA ";"28";"25";"81";"120";"6";"179";"0"
"2023";"06";"150115";"LIMA";"LIMA";"LA VICTORIA";"MINSA";"III-E";"00006212";"HOSPITAL DE EMERGENCIAS PEDIATRICAS";"241200";"HOSPITALIZACIÓN QUIRÚRGICA TRAUMATOLOGÍA Y ORTOPEDIA ";"53";"44";"191";"147";"6";"179";"0"
"2023";"06";"150115";"LIMA";"LIMA";"LA VICTORIA";"MINSA";"III-E";"00006212";"HOSPITAL DE EMERGENCIAS PEDIATRICAS";"242300";"HOSPITALIZACIÓN DE PEDIATRÍA  PEDIATRÍA  GENERAL ";"67";"54";"559";"718";"25";"739";"0"
"2023";"06";"060612";"CAJAMARCA";"CUTERVO";"SANTO DOMINGO DE LA CAPILLA";"GOBIERNO REGIONAL";"I-1";"00006861";"CHAUPECRUZ";"NE_0001";"";"NE_0001";"NE_0001";"NE_0001";"NE_0001";"NE_0001";"NE_0001";"NE_0001"
"2023";"06";"060602";"CAJAMARCA";"CUTERVO";"CALLAYUC";"GOBIERNO REGIONAL";"I-1";"00004963";"SANTA CLARA";"NE_0001";"";"NE_0001";"NE_0001";"NE_0001";"NE_0001";"NE_0001";"NE_0001";"NE_0001"
"2023";"06";"060612";"CAJAMARCA";"CUTERVO";"SANTO DOMINGO DE LA CAPILLA";"GOBIERNO REGIONAL";"I-1";"00005004";"SAN PEDRO DE LA CAPILLA";"NE_0001";"";"NE_0001";"NE_0001";"NE_0001";"NE_0001";"NE_0001";"NE_0001";"NE_0001"
"2023";"06";"060612";"CAJAMARCA";"CUTERVO";"SANTO DOMINGO DE LA CAPILLA";"GOBIERNO REGIONAL";"I-1";"00006960";"PAN DE AZUCAR";"NE_0001";"";"NE_0001";"NE_0001";"NE_0001";"NE_0001";"NE_0001";"NE_0001";"NE_0001"
"2023";"06";"060612";"CAJAMARCA";"CUTERVO";"SANTO DOMINGO DE LA CAPILLA";"GOBIERNO REGIONAL";"I-3";"00005002";"STO. DOMINGO DE LA CAPILLA";"NE_0001";"";"NE_0001";"NE_0001";"NE_0001";"NE_0001";"NE_0001";"NE_0001";"NE_0001"
"2023";"06";"060612";"CAJAMARCA";"CUTERVO";"SANTO DOMINGO DE LA CAPILLA";"GOBIERNO REGIONAL";"I-1";"00005003";"MIRAFLORES";"NE_0001";"";"NE_0001";"NE_0001";"NE_0001";"NE_0001";"NE_0001";"NE_0001";"NE_0001"
"2023";"06";"060612";"CAJAMARCA";"CUTERVO";"SANTO DOMINGO DE LA CAPILLA";"GOBIERNO REGIONAL";"I-1";"00008924";"NUEVO ORIENTE DE LA CAPILLA";"NE_0001";"";"NE_0001";"NE_0001";"NE_0001";"NE_0001";"NE_0001";"NE_0001";"NE_0001"
"2023";"06";"130101";"LA LIBERTAD";"TRUJILLO";"TRUJILLO";"GOBIERNO REGIONAL";"III-1";"00005196";"REGIONAL DOCENTE DE TRUJILLO";"241900";"HOSPITALIZACIÓN DE MEDICINA MEDICINA INTERNA ";"175";"175";"1383";"1120";"38";"1140";"12"
"2023";"06";"130101";"LA LIBERTAD";"TRUJILLO";"TRUJILLO";"GOBIERNO REGIONAL";"III-1";"00005196";"REGIONAL DOCENTE DE TRUJILLO";"245300";"HOSPITALIZACIÓN DE MEDICINA NEUMOLOGÍA  ";"24";"23";"401";"522";"22";"660";"3"
"2023";"06";"130101";"LA LIBERTAD";"TRUJILLO";"TRUJILLO";"GOBIERNO REGIONAL";"III-1";"00005196";"REGIONAL DOCENTE DE TRUJILLO";"244700";"HOSPITALIZACIÓN DE MEDICINA NEUROLOGIA  ";"24";"28";"289";"144";"7";"210";"0"
"2023";"06";"130101";"LA LIBERTAD";"TRUJILLO";"TRUJILLO";"GOBIERNO REGIONAL";"III-1";"00005196";"REGIONAL DOCENTE DE TRUJILLO";"244300";"HOSPITALIZACIÓN DE MEDICINA GASTROENTEROLOGÍA  ";"34";"33";"236";"195";"10";"300";"1"
"2023";"06";"130101";"LA LIBERTAD";"TRUJILLO";"TRUJILLO";"GOBIERNO REGIONAL";"III-1";"00005196";"REGIONAL DOCENTE DE TRUJILLO";"244000";"HOSPITALIZACIÓN DE MEDICINA CARDIOLOGIA ";"7";"8";"62";"57";"2";"60";"0"
"2023";"06";"130101";"LA LIBERTAD";"TRUJILLO";"TRUJILLO";"GOBIERNO REGIONAL";"III-1";"00005196";"REGIONAL DOCENTE DE TRUJILLO";"242204";"HOSPITALIZACIÓN DE MEDICINA PSIQUIATRÍA REHABILITACIÓN PSIQUIÁTRICA / REINSERCIÓN ";"14";"14";"499";"457";"16";"480";"0"
"2023";"06";"130101";"LA LIBERTAD";"TRUJILLO";"TRUJILLO";"GOBIERNO REGIONAL";"III-1";"00005196";"REGIONAL DOCENTE DE TRUJILLO";"250103";"UNIDAD DE CUIDADOS CRITICOS UNIDAD  DE CUIDADOS INTENSIVOS GENERALES  (UCI) MEDICINA";"13";"3";"53";"379";"13";"390";"3"
"2023";"06";"130101";"LA LIBERTAD";"TRUJILLO";"TRUJILLO";"GOBIERNO REGIONAL";"III-1";"00005196";"REGIONAL DOCENTE DE TRUJILLO";"240100";"HOSPITALIZACIÓN QUIRÚRGICA CIRUGÍA GENERAL ";"177";"177";"698";"596";"22";"660";"0"
"2023";"06";"130101";"LA LIBERTAD";"TRUJILLO";"TRUJILLO";"GOBIERNO REGIONAL";"III-1";"00005196";"REGIONAL DOCENTE DE TRUJILLO";"240801";"HOSPITALIZACIÓN QUIRÚRGICA CIRUGÍA PLÁSTICA/RECONSTRUCTIVA/ REPARADORA QUEMADOS";"13";"16";"310";"173";"6";"180";"0"
"2023";"06";"130101";"LA LIBERTAD";"TRUJILLO";"TRUJILLO";"GOBIERNO REGIONAL";"III-1";"00005196";"REGIONAL DOCENTE DE TRUJILLO";"240400";"HOSPITALIZACIÓN QUIRÚRGICA CIRUGÍA DE TÓRAX Y CARDIOVASCULAR ";"4";"11";"306";"104";"4";"120";"1"
"2023";"06";"130101";"LA LIBERTAD";"TRUJILLO";"TRUJILLO";"GOBIERNO REGIONAL";"III-1";"00005196";"REGIONAL DOCENTE DE TRUJILLO";"241200";"HOSPITALIZACIÓN QUIRÚRGICA TRAUMATOLOGÍA Y ORTOPEDIA ";"46";"47";"498";"398";"14";"420";"0"
"2023";"06";"130101";"LA LIBERTAD";"TRUJILLO";"TRUJILLO";"GOBIERNO REGIONAL";"III-1";"00005196";"REGIONAL DOCENTE DE TRUJILLO";"241100";"HOSPITALIZACIÓN QUIRÚRGICA OTORRINOLARINGOLOGÍA  ";"15";"16";"68";"46";"2";"60";"0"
"2023";"06";"130101";"LA LIBERTAD";"TRUJILLO";"TRUJILLO";"GOBIERNO REGIONAL";"III-1";"00005196";"REGIONAL DOCENTE DE TRUJILLO";"241300";"HOSPITALIZACIÓN QUIRÚRGICA UROLOGÍA  ";"20";"20";"62";"53";"3";"90";"0"
"2023";"06";"130101";"LA LIBERTAD";"TRUJILLO";"TRUJILLO";"GOBIERNO REGIONAL";"III-1";"00005196";"REGIONAL DOCENTE DE TRUJILLO";"240900";"HOSPITALIZACIÓN QUIRÚRGICA NEUROCIRUGÍA ";"21";"20";"336";"231";"13";"390";"0"
"2023";"06";"130101";"LA LIBERTAD";"TRUJILLO";"TRUJILLO";"GOBIERNO REGIONAL";"III-1";"00005196";"REGIONAL DOCENTE DE TRUJILLO";"242300";"HOSPITALIZACIÓN DE PEDIATRÍA  PEDIATRÍA  GENERAL ";"86";"88";"443";"393";"16";"480";"0"
"2023";"06";"130101";"LA LIBERTAD";"TRUJILLO";"TRUJILLO";"GOBIERNO REGIONAL";"III-1";"00005196";"REGIONAL DOCENTE DE TRUJILLO";"250108";"UNIDAD DE CUIDADOS CRITICOS UNIDAD  DE CUIDADOS INTENSIVOS  (UCI) PEDIÁTRICA";"5";"2";"17";"117";"5";"150";"1"
"2023";"06";"130101";"LA LIBERTAD";"TRUJILLO";"TRUJILLO";"GOBIERNO REGIONAL";"III-1";"00005196";"REGIONAL DOCENTE DE TRUJILLO";"250201";"UNIDAD DE CUIDADOS CRITICOS UNIDAD DE CUIDADOS INTERMEDIOS  (UCIN) NEONATAL";"30";"55";"820";"399";"14";"420";"0"
"2023";"06";"130101";"LA LIBERTAD";"TRUJILLO";"TRUJILLO";"GOBIERNO REGIONAL";"III-1";"00005196";"REGIONAL DOCENTE DE TRUJILLO";"250105";"UNIDAD DE CUIDADOS CRITICOS UNIDAD  DE CUIDADOS INTENSIVOS  (UCI) NEONATOLOGÍA";"23";"0";"0";"455";"16";"480";"0"
"2023";"06";"130101";"LA LIBERTAD";"TRUJILLO";"TRUJILLO";"GOBIERNO REGIONAL";"III-1";"00005196";"REGIONAL DOCENTE DE TRUJILLO";"241600";"HOSPITALIZACIÓN QUIRÚRGICA OBSTETRICIA   ";"133";"129";"429";"472";"17";"510";"0"
"2023";"06";"130101";"LA LIBERTAD";"TRUJILLO";"TRUJILLO";"GOBIERNO REGIONAL";"III-1";"00005196";"REGIONAL DOCENTE DE TRUJILLO";"241500";"HOSPITALIZACIÓN QUIRÚRGICA GINECOLOGÍA  ";"138";"139";"481";"420";"21";"630";"0"
"2023";"06";"150105";"LIMA";"LIMA";"BREÑA";"PRIVADO";"0";"00022016";"CLINICA LA LUZ OFTALMOLOGIA";"NE_0002";"";"NE_0002";"NE_0002";"NE_0002";"NE_0002";"NE_0002";"NE_0002";"NE_0002"
"2023";"06";"150117";"LIMA";"LIMA";"LOS OLIVOS";"PRIVADO";"II-E";"00017847";"CLINICA DEL NORTE";"241400";"HOSPITALIZACIÓN QUIRÚRGICA GINECO - OBSTETRICIA ";"20";"24";"32";"21";"5";"125";"0"
"2023";"06";"021905";"ANCASH";"SIHUAS";"CHINGALPO";"GOBIERNO REGIONAL";"I-1";"00001800";"PUESTO DE SALUD CHINGALPO";"NE_0002";"";"NE_0002";"NE_0002";"NE_0002";"NE_0002";"NE_0002";"NE_0002";"NE_0002"
"2023";"06";"021905";"ANCASH";"SIHUAS";"CHINGALPO";"GOBIERNO REGIONAL";"I-1";"00001754";"PUESTO DE SALUD SAN MIGUEL";"NE_0002";"";"NE_0002";"NE_0002";"NE_0002";"NE_0002";"NE_0002";"NE_0002";"NE_0002"
"2023";"06";"021903";"ANCASH";"SIHUAS";"ALFONSO UGARTE";"GOBIERNO REGIONAL";"I-1";"00001805";"PUESTO DE SALUD ULLOLLUCO";"NE_0002";"";"NE_0002";"NE_0002";"NE_0002";"NE_0002";"NE_0002";"NE_0002";"NE_0002"
"2023";"06";"021907";"ANCASH";"SIHUAS";"QUICHES";"GOBIERNO REGIONAL";"I-1";"00001807";"PUESTO DE SALUD JOCOSBAMBA";"NE_0002";"";"NE_0002";"NE_0002";"NE_0002";"NE_0002";"NE_0002";"NE_0002";"NE_0002"
"2023";"06";"021907";"ANCASH";"SIHUAS";"QUICHES";"GOBIERNO REGIONAL";"I-3";"00001806";"CENTRO DE SALUD QUICHES";"241400";"HOSPITALIZACIÓN QUIRÚRGICA GINECO - OBSTETRICIA ";"1";"1";"1";"1";"1";"5";"0"
"2023";"06";"021902";"ANCASH";"SIHUAS";"ACOBAMBA";"GOBIERNO REGIONAL";"I-1";"00001799";"PUESTO DE SALUD ACOBAMBA";"241400";"HOSPITALIZACIÓN QUIRÚRGICA GINECO - OBSTETRICIA ";"1";"1";"1";"1";"1";"2";"0"
"2023";"06";"021905";"ANCASH";"SIHUAS";"CHINGALPO";"GOBIERNO REGIONAL";"I-1";"00001800";"PUESTO DE SALUD CHINGALPO";"NE_0002";"";"NE_0002";"NE_0002";"NE_0002";"NE_0002";"NE_0002";"NE_0002";"NE_0002"
"2023";"06";"021905";"ANCASH";"SIHUAS";"CHINGALPO";"GOBIERNO REGIONAL";"I-1";"00001754";"PUESTO DE SALUD SAN MIGUEL";"NE_0002";"";"NE_0002";"NE_0002";"NE_0002";"NE_0002";"NE_0002";"NE_0002";"NE_0002"
"2023";"06";"100101";"HUANUCO";"HUANUCO";"HUANUCO";"GOBIERNO REGIONAL";"II-2";"00000754";"HOSPITAL REGIONAL HERMILIO VALDIZAN";"242500";"HOSPITALIZACIÓN-PEDIATRÍA GENERAL-";"42";"73";"456";"73";"60";"120";"0"
"2023";"06";"100101";"HUANUCO";"HUANUCO";"HUANUCO";"GOBIERNO REGIONAL";"II-2";"00000754";"HOSPITAL REGIONAL HERMILIO VALDIZAN";"241900";"HOSPITALIZACIÓN DE MEDICINA MEDICINA INTERNA ";"80";"137";"30";"20";"40";"140";"11"
"2023";"06";"100101";"HUANUCO";"HUANUCO";"HUANUCO";"GOBIERNO REGIONAL";"II-2";"00000754";"HOSPITAL REGIONAL HERMILIO VALDIZAN";"240100";"HOSPITALIZACIÓN QUIRÚRGICA CIRUGÍA GENERAL ";"60";"117";"45";"30";"30";"110";"0"
"2023";"06";"100101";"HUANUCO";"HUANUCO";"HUANUCO";"GOBIERNO REGIONAL";"II-2";"00000754";"HOSPITAL REGIONAL HERMILIO VALDIZAN";"250100";"UNIDAD DE CUIDADOS CRITICOS UNIDAD  DE CUIDADOS INTENSIVOS GENERALES (UCI) ";"5";"10";"89";"10";"4";"93";"5"
"2023";"06";"100101";"HUANUCO";"HUANUCO";"HUANUCO";"GOBIERNO REGIONAL";"II-2";"00000754";"HOSPITAL REGIONAL HERMILIO VALDIZAN";"241400";"HOSPITALIZACIÓN QUIRÚRGICA GINECO - OBSTETRICIA ";"105";"143";"60";"63";"20";"145";"0"
"2023";"06";"100101";"HUANUCO";"HUANUCO";"HUANUCO";"GOBIERNO REGIONAL";"II-2";"00000754";"HOSPITAL REGIONAL HERMILIO VALDIZAN";"243200";"HOSPITALIZACIÓN DE PEDIATRÍA PEDIATRIA NEONATOLOGÍA";"55";"85";"60";"35";"23";"90";"0"
"2023";"06";"100101";"HUANUCO";"HUANUCO";"HUANUCO";"GOBIERNO REGIONAL";"II-2";"00000754";"HOSPITAL REGIONAL HERMILIO VALDIZAN";"241500";"HOSPITALIZACIÓN QUIRÚRGICA GINECOLOGÍA  ";"6";"12";"20";"12";"8";"92";"0"
"2023";"06";"150140";"LIMA";"LIMA";"SANTIAGO DE SURCO";"PRIVADO";"I-3";"00024299";"CLINICA INTERNACIONAL - SEDE SURCO";"NE_0001";"";"NE_0001";"NE_0001";"NE_0001";"NE_0001";"NE_0001";"NE_0001";"NE_0001"
"2023";"07";"110211";"ICA";"CHINCHA";"TAMBO DE MORA";"ESSALUD";"I-2";"00012023";"TAMBO DE MORA";"NE_0001";"";"NE_0001";"NE_0001";"NE_0001";"NE_0001";"NE_0001";"NE_0001";"NE_0001"
"2023";"07";"090201";"HUANCAVELICA";"ACOBAMBA";"ACOBAMBA";"GOBIERNO REGIONAL";"I-3";"00022075";"CENTRO DE SALUD MENTAL COMUNITARIO ACOBAMBA";"NE_0001";"";"NE_0001";"NE_0001";"NE_0001";"NE_0001";"NE_0001";"NE_0001";"NE_0001"
"2023";"07";"060301";"CAJAMARCA";"CELENDIN";"CELENDIN";"GOBIERNO REGIONAL";"II-1";"00004466";"DE APOYO CELENDIN";"241800";"HOSPITALIZACIÓN DE MEDICINA MEDICINA GENERAL ";"84";"84";"201";"206";"27";"837";"2"
"2023";"07";"220901";"SAN MARTIN";"SAN MARTIN";"TARAPOTO";"ESSALUD";"II-1";"00027733";"HOSPITAL II TARAPOTO";"241800";"HOSPITALIZACIÓN DE MEDICINA MEDICINA GENERAL ";"119";"118";"706";"732";"26";"806";"8"
"2023";"07";"220901";"SAN MARTIN";"SAN MARTIN";"TARAPOTO";"ESSALUD";"II-1";"00027733";"HOSPITAL II TARAPOTO";"250304";"HOSPIT. EN UNIDAD DE CUID.INTEN.-UNIDAD DE VIGILANCIA INTENSIVA (UVI)-MEDICINA";"5";"2";"8";"116";"8";"248";"1"
"2023";"07";"220901";"SAN MARTIN";"SAN MARTIN";"TARAPOTO";"ESSALUD";"II-1";"00027733";"HOSPITAL II TARAPOTO";"240100";"HOSPITALIZACIÓN QUIRÚRGICA CIRUGÍA GENERAL ";"152";"151";"778";"556";"19";"589";"0"
"2023";"07";"220901";"SAN MARTIN";"SAN MARTIN";"TARAPOTO";"ESSALUD";"II-1";"00027733";"HOSPITAL II TARAPOTO";"241400";"HOSPITALIZACIÓN QUIRÚRGICA GINECO - OBSTETRICIA ";"159";"157";"499";"293";"13";"403";"0"
"2023";"07";"220901";"SAN MARTIN";"SAN MARTIN";"TARAPOTO";"ESSALUD";"II-1";"00027733";"HOSPITAL II TARAPOTO";"242300";"HOSPITALIZACIÓN DE PEDIATRÍA  PEDIATRÍA  GENERAL ";"96";"96";"517";"423";"15";"465";"2"
"2023";"07";"130301";"LA LIBERTAD";"BOLIVAR";"BOLIVAR";"GOBIERNO REGIONAL";"II-1";"00005366";"HOSPITAL PROVINCIAL DE BOLIVAR";"241600";"HOSPITALIZACIÓN QUIRÚRGICA OBSTETRICIA   ";"5";"7";"13";"7";"4";"124";"0"
"2023";"07";"130301";"LA LIBERTAD";"BOLIVAR";"BOLIVAR";"GOBIERNO REGIONAL";"II-1";"00005366";"HOSPITAL PROVINCIAL DE BOLIVAR";"241800";"HOSPITALIZACIÓN DE MEDICINA MEDICINA GENERAL ";"3";"3";"11";"11";"4";"124";"0"
"2023";"07";"150116";"LIMA";"LIMA";"LINCE";"PRIVADO";"II-E";"00029299";"MAS VISION S.A.C.";"NE_0001";"";"NE_0001";"NE_0001";"NE_0001";"NE_0001";"NE_0001";"NE_0001";"NE_0001"
"2023";"07";"070106";"CALLAO";"CALLAO";"VENTANILLA";"GOBIERNO REGIONAL";"I-2";"00006262";"PUESTO DE SALUD HIJOS DEL ALMIRANTE GRAU";"NE_0001";"";"NE_0001";"NE_0001";"NE_0001";"NE_0001";"NE_0001";"NE_0001";"NE_0001"
"2023";"07";"070106";"CALLAO";"CALLAO";"VENTANILLA";"GOBIERNO REGIONAL";"I-2";"00006255";"PUESTO DE SALUD VENTANILLA ALTA";"NE_0001";"";"NE_0001";"NE_0001";"NE_0001";"NE_0001";"NE_0001";"NE_0001";"NE_0001"
"2023";"07";"070106";"CALLAO";"CALLAO";"VENTANILLA";"GOBIERNO REGIONAL";"I-2";"00006257";"PUESTO DE SALUD ANGAMOS";"NE_0001";"";"NE_0001";"NE_0001";"NE_0001";"NE_0001";"NE_0001";"NE_0001";"NE_0001"
"2023";"03";"050407";"AYACUCHO";"HUANTA";"SIVIA";"GOBIERNO REGIONAL";"II-1";"00003770";"HOSPITAL DE APOYO SIVIA";"240100";"HOSPITALIZACIÓN QUIRÚRGICA CIRUGÍA GENERAL ";"1";"1";"5";"10";"1";"31";"0"
"2023";"03";"050407";"AYACUCHO";"HUANTA";"SIVIA";"GOBIERNO REGIONAL";"II-1";"00003770";"HOSPITAL DE APOYO SIVIA";"241400";"HOSPITALIZACIÓN QUIRÚRGICA GINECO - OBSTETRICIA ";"9";"11";"28";"30";"5";"155";"0"
"2023";"03";"050407";"AYACUCHO";"HUANTA";"SIVIA";"GOBIERNO REGIONAL";"II-1";"00003770";"HOSPITAL DE APOYO SIVIA";"241800";"HOSPITALIZACIÓN DE MEDICINA MEDICINA GENERAL ";"2";"2";"3";"20";"7";"217";"0"
"2023";"03";"050407";"AYACUCHO";"HUANTA";"SIVIA";"GOBIERNO REGIONAL";"II-1";"00003770";"HOSPITAL DE APOYO SIVIA";"242500";"HOSPITALIZACIÓN-PEDIATRÍA GENERAL-";"2";"2";"3";"15";"2";"62";"0"
"2023";"03";"200110";"PIURA";"PIURA";"LA UNION";"ESSALUD";"I-3";"00011733";"CENTRO MEDICO ""LEONCIO AMAYA TUME""";"NE_0001";"";"NE_0001";"NE_0001";"NE_0001";"NE_0001";"NE_0001";"NE_0001";"NE_0001"
"2023";"03";"090304";"HUANCAVELICA";"ANGARAES";"CCOCHACCASA";"GOBIERNO REGIONAL";"I-1";"00003957";"CCASCCABAMBA";"NE_0001";"";"NE_0001";"NE_0001";"NE_0001";"NE_0001";"NE_0001";"NE_0001";"NE_0001"
"2023";"03";"090305";"HUANCAVELICA";"ANGARAES";"CHINCHO";"GOBIERNO REGIONAL";"I-1";"00011787";"LLAMOCCTACHI";"NE_0001";"";"NE_0001";"NE_0001";"NE_0001";"NE_0001";"NE_0001";"NE_0001";"NE_0001"
"2023";"03";"090301";"HUANCAVELICA";"ANGARAES";"LIRCAY";"GOBIERNO REGIONAL";"I-3";"00028484";"CENTRO DE SALUD MENTAL COMUNITARIO ANGARAES";"NE_0002";"";"NE_0002";"NE_0002";"NE_0002";"NE_0002";"NE_0002";"NE_0002";"NE_0002"
"2023";"03";"090301";"HUANCAVELICA";"ANGARAES";"LIRCAY";"GOBIERNO REGIONAL";"I-2";"00003945";"CARHUAPATA";"NE_0001";"";"NE_0001";"NE_0001";"NE_0001";"NE_0001";"NE_0001";"NE_0001";"NE_0001"
"2023";"03";"090301";"HUANCAVELICA";"ANGARAES";"LIRCAY";"GOBIERNO REGIONAL";"I-1";"00003946";"PIRCAPAHUANA";"NE_0001";"";"NE_0001";"NE_0001";"NE_0001";"NE_0001";"NE_0001";"NE_0001";"NE_0001"
"2023";"03";"090301";"HUANCAVELICA";"ANGARAES";"LIRCAY";"GOBIERNO REGIONAL";"I-2";"00003949";"CHAHUARMA";"NE_0001";"";"NE_0001";"NE_0001";"NE_0001";"NE_0001";"NE_0001";"NE_0001";"NE_0001"
"2023";"03";"090301";"HUANCAVELICA";"ANGARAES";"LIRCAY";"GOBIERNO REGIONAL";"I-1";"00003951";"TUCSIPAMPA";"NE_0001";"";"NE_0001";"NE_0001";"NE_0001";"NE_0001";"NE_0001";"NE_0001";"NE_0001"
"2023";"03";"090308";"HUANCAVELICA";"ANGARAES";"HUALLAY-GRANDE";"GOBIERNO REGIONAL";"I-2";"00003954";"HUAYLLAY GRANDE";"NE_0001";"";"NE_0001";"NE_0001";"NE_0001";"NE_0001";"NE_0001";"NE_0001";"NE_0001"
"2023";"03";"090304";"HUANCAVELICA";"ANGARAES";"CCOCHACCASA";"GOBIERNO REGIONAL";"I-3";"00003955";"CCOCHACCASA";"NE_0002";"";"NE_0002";"NE_0002";"NE_0002";"NE_0002";"NE_0002";"NE_0002";"NE_0002"
"2023";"03";"090302";"HUANCAVELICA";"ANGARAES";"ANCHONGA";"GOBIERNO REGIONAL";"I-1";"00003958";"ANCHONGA";"NE_0001";"";"NE_0001";"NE_0001";"NE_0001";"NE_0001";"NE_0001";"NE_0001";"NE_0001"
"2023";"03";"090305";"HUANCAVELICA";"ANGARAES";"CHINCHO";"GOBIERNO REGIONAL";"I-1";"00003963";"CHINCHO";"NE_0001";"";"NE_0001";"NE_0001";"NE_0001";"NE_0001";"NE_0001";"NE_0001";"NE_0001"
"2023";"03";"090306";"HUANCAVELICA";"ANGARAES";"CONGALLA";"GOBIERNO REGIONAL";"I-1";"00011199";"CHAYNABAMBA";"NE_0001";"";"NE_0001";"NE_0001";"NE_0001";"NE_0001";"NE_0001";"NE_0001";"NE_0001"
"2023";"03";"090311";"HUANCAVELICA";"ANGARAES";"SANTO TOMAS DE PATA";"GOBIERNO REGIONAL";"I-1";"00003968";"CHUPACC";"NE_0001";"";"NE_0001";"NE_0001";"NE_0001";"NE_0001";"NE_0001";"NE_0001";"NE_0001"
"2023";"04";"210111";"PUNO";"PUNO";"PICHACANI";"ESSALUD";"I-3";"00025342";"CAP I LARAQUERI";"NE_0001";"";"NE_0001";"NE_0001";"NE_0001";"NE_0001";"NE_0001";"NE_0001";"NE_0001"
"2023";"04";"060812";"CAJAMARCA";"JAEN";"SANTA ROSA";"GOBIERNO REGIONAL";"I-3";"00004262";"PUENTECILLOS";"NE_0001";"";"NE_0001";"NE_0001";"NE_0001";"NE_0001";"NE_0001";"NE_0001";"NE_0001"
"2023";"04";"040126";"AREQUIPA";"AREQUIPA";"YANAHUARA";"ESSALUD";"II-1";"00013291";"HOSPITAL III YANAHUARA";"241900";"HOSPITALIZACIÓN DE MEDICINA MEDICINA INTERNA ";"89";"84";"1249";"928";"33";"990";"5"
"2023";"04";"040126";"AREQUIPA";"AREQUIPA";"YANAHUARA";"ESSALUD";"II-1";"00013291";"HOSPITAL III YANAHUARA";"240100";"HOSPITALIZACIÓN QUIRÚRGICA CIRUGÍA GENERAL ";"267";"265";"970";"1201";"42";"1260";"0"
"2023";"04";"040126";"AREQUIPA";"AREQUIPA";"YANAHUARA";"ESSALUD";"II-1";"00013291";"HOSPITAL III YANAHUARA";"241600";"HOSPITALIZACIÓN QUIRÚRGICA OBSTETRICIA   ";"275";"281";"699";"606";"25";"750";"0"
"2023";"04";"040126";"AREQUIPA";"AREQUIPA";"YANAHUARA";"ESSALUD";"II-1";"00013291";"HOSPITAL III YANAHUARA";"241400";"HOSPITALIZACIÓN QUIRÚRGICA GINECO - OBSTETRICIA ";"148";"147";"442";"371";"13";"390";"0"
"2023";"04";"040126";"AREQUIPA";"AREQUIPA";"YANAHUARA";"ESSALUD";"II-1";"00013291";"HOSPITAL III YANAHUARA";"242300";"HOSPITALIZACIÓN DE PEDIATRÍA  PEDIATRÍA  GENERAL ";"71";"68";"390";"284";"10";"300";"0"
"2023";"04";"040126";"AREQUIPA";"AREQUIPA";"YANAHUARA";"ESSALUD";"II-1";"00013291";"HOSPITAL III YANAHUARA";"243200";"HOSPITALIZACIÓN DE PEDIATRÍA PEDIATRIA NEONATOLOGÍA";"177";"176";"726";"655";"26";"780";"0"
"2023";"04";"040126";"AREQUIPA";"AREQUIPA";"YANAHUARA";"ESSALUD";"II-1";"00013291";"HOSPITAL III YANAHUARA";"250100";"UNIDAD DE CUIDADOS CRITICOS UNIDAD  DE CUIDADOS INTENSIVOS GENERALES (UCI) ";"21";"2";"10";"286";"12";"360";"0"
"2023";"04";"060807";"CAJAMARCA";"JAEN";"POMAHUACA";"GOBIERNO REGIONAL";"I-2";"00004248";"PALO BLANCO";"NE_0002";"";"NE_0002";"NE_0002";"NE_0002";"NE_0002";"NE_0002";"NE_0002";"NE_0002"
"2023";"04";"060201";"CAJAMARCA";"CAJABAMBA";"CAJABAMBA";"GOBIERNO REGIONAL";"II-1";"00004511";"DE APOYO CAJABAMBA";"240100";"HOSPITALIZACIÓN QUIRÚRGICA CIRUGÍA GENERAL ";"21";"22";"97";"88";"5";"150";"0"
"2023";"04";"060201";"CAJAMARCA";"CAJABAMBA";"CAJABAMBA";"GOBIERNO REGIONAL";"II-1";"00004511";"DE APOYO CAJABAMBA";"241400";"HOSPITALIZACIÓN QUIRÚRGICA GINECO - OBSTETRICIA ";"123";"131";"286";"232";"14";"420";"0"
"2023";"04";"060201";"CAJAMARCA";"CAJABAMBA";"CAJABAMBA";"GOBIERNO REGIONAL";"II-1";"00004511";"DE APOYO CAJABAMBA";"241800";"HOSPITALIZACIÓN DE MEDICINA MEDICINA GENERAL ";"26";"27";"107";"100";"6";"180";"4"
"2023";"04";"060201";"CAJAMARCA";"CAJABAMBA";"CAJABAMBA";"GOBIERNO REGIONAL";"II-1";"00004511";"DE APOYO CAJABAMBA";"242500";"HOSPITALIZACIÓN-PEDIATRÍA GENERAL-";"18";"19";"67";"40";"1";"155";"1"
"2023";"04";"220305";"SAN MARTIN";"EL DORADO";"SHATOJA";"GOBIERNO REGIONAL";"I-1";"00006491";"AMINIO";"NE_0001";"";"NE_0001";"NE_0001";"NE_0001";"NE_0001";"NE_0001";"NE_0001";"NE_0001"
"2023";"04";"220301";"SAN MARTIN";"EL DORADO";"SAN JOSE DE SISA";"GOBIERNO REGIONAL";"I-1";"00006489";"SAN JUAN DE MIRAFLORES";"NE_0001";"";"NE_0001";"NE_0001";"NE_0001";"NE_0001";"NE_0001";"NE_0001";"NE_0001"
"2023";"04";"220301";"SAN MARTIN";"EL DORADO";"SAN JOSE DE SISA";"GOBIERNO REGIONAL";"I-4";"00006485";"HOSPITAL RURAL SAN JOSE DE SISA";"241600";"HOSPITALIZACIÓN QUIRÚRGICA OBSTETRICIA   ";"17";"20";"36";"20";"9";"270";"0"
"2023";"04";"220301";"SAN MARTIN";"EL DORADO";"SAN JOSE DE SISA";"GOBIERNO REGIONAL";"I-4";"00006485";"HOSPITAL RURAL SAN JOSE DE SISA";"241800";"HOSPITALIZACIÓN DE MEDICINA MEDICINA GENERAL ";"20";"22";"111";"22";"6";"180";"0"
"2023";"04";"150132";"LIMA";"LIMA";"SAN JUAN DE LURIGANCHO";"PRIVADO";"II-2";"00009104";"CLINICA SAN MIGUEL ARCANGEL S.A.C.";"241800";"HOSPITALIZACIÓN DE MEDICINA MEDICINA GENERAL ";"1";"2";"6";"5";"2";"30";"0"
"2023";"04";"150132";"LIMA";"LIMA";"SAN JUAN DE LURIGANCHO";"PRIVADO";"II-2";"00009104";"CLINICA SAN MIGUEL ARCANGEL S.A.C.";"241900";"HOSPITALIZACIÓN DE MEDICINA MEDICINA INTERNA ";"1";"1";"2";"2";"1";"30";"0"
"2023";"04";"150132";"LIMA";"LIMA";"SAN JUAN DE LURIGANCHO";"PRIVADO";"II-2";"00009104";"CLINICA SAN MIGUEL ARCANGEL S.A.C.";"240100";"HOSPITALIZACIÓN QUIRÚRGICA CIRUGÍA GENERAL ";"7";"9";"17";"13";"2";"60";"0"
"2023";"04";"150132";"LIMA";"LIMA";"SAN JUAN DE LURIGANCHO";"PRIVADO";"II-2";"00009104";"CLINICA SAN MIGUEL ARCANGEL S.A.C.";"241400";"HOSPITALIZACIÓN QUIRÚRGICA GINECO - OBSTETRICIA ";"8";"9";"20";"19";"3";"90";"0"
"2023";"04";"150132";"LIMA";"LIMA";"SAN JUAN DE LURIGANCHO";"PRIVADO";"II-2";"00009104";"CLINICA SAN MIGUEL ARCANGEL S.A.C.";"241500";"HOSPITALIZACIÓN QUIRÚRGICA GINECOLOGÍA  ";"2";"2";"4";"5";"1";"30";"0"
"2023";"04";"150132";"LIMA";"LIMA";"SAN JUAN DE LURIGANCHO";"PRIVADO";"II-2";"00009104";"CLINICA SAN MIGUEL ARCANGEL S.A.C.";"241600";"HOSPITALIZACIÓN QUIRÚRGICA OBSTETRICIA   ";"3";"3";"3";"3";"1";"30";"0"
"2023";"04";"150132";"LIMA";"LIMA";"SAN JUAN DE LURIGANCHO";"PRIVADO";"II-2";"00009104";"CLINICA SAN MIGUEL ARCANGEL S.A.C.";"241300";"HOSPITALIZACIÓN QUIRÚRGICA UROLOGÍA  ";"1";"1";"2";"2";"1";"30";"0"
"2023";"03";"150106";"LIMA";"LIMA";"CARABAYLLO";"ESSALUD";"I-3";"00026009";"CAP III CARABAYLLO";"NE_0001";"";"NE_0001";"NE_0001";"NE_0001";"NE_0001";"NE_0001";"NE_0001";"NE_0001"
"2023";"06";"021806";"ANCASH";"SANTA";"NEPEÑA";"GOBIERNO REGIONAL";"I-3";"00001714";"CENTRO DE SALUD NEPEÑA";"NE_0001";"";"NE_0001";"NE_0001";"NE_0001";"NE_0001";"NE_0001";"NE_0001";"NE_0001"
"2023";"06";"021805";"ANCASH";"SANTA";"MORO";"GOBIERNO REGIONAL";"I-1";"00001717";"PUESTO DE SALUD POCOS";"NE_0001";"";"NE_0001";"NE_0001";"NE_0001";"NE_0001";"NE_0001";"NE_0001";"NE_0001"
"2023";"06";"021806";"ANCASH";"SANTA";"NEPEÑA";"GOBIERNO REGIONAL";"I-3";"00001715";"CENTRO DE SALUD SAN JACINTO";"NE_0001";"";"NE_0001";"NE_0001";"NE_0001";"NE_0001";"NE_0001";"NE_0001";"NE_0001"
"2023";"06";"021805";"ANCASH";"SANTA";"MORO";"GOBIERNO REGIONAL";"I-1";"00001718";"PUESTO DE SALUD CAPTUY";"NE_0001";"";"NE_0001";"NE_0001";"NE_0001";"NE_0001";"NE_0001";"NE_0001";"NE_0001"
"2023";"06";"020802";"ANCASH";"CASMA";"BUENA VISTA ALTA";"GOBIERNO REGIONAL";"I-2";"00001725";"PUESTO DE SALUD EL OLIVAR";"NE_0001";"";"NE_0001";"NE_0001";"NE_0001";"NE_0001";"NE_0001";"NE_0001";"NE_0001"
"2023";"06";"020803";"ANCASH";"CASMA";"COMANDANTE NOEL";"GOBIERNO REGIONAL";"I-1";"00001727";"PUESTO DE SALUD TORTUGAS";"NE_0001";"";"NE_0001";"NE_0001";"NE_0001";"NE_0001";"NE_0001";"NE_0001";"NE_0001"
"2023";"06";"020804";"ANCASH";"CASMA";"YAUTAN";"GOBIERNO REGIONAL";"I-1";"00001729";"PUESTO DE SALUD CACHIPAMPA";"NE_0001";"";"NE_0001";"NE_0001";"NE_0001";"NE_0001";"NE_0001";"NE_0001";"NE_0001"
"2023";"06";"020102";"ANCASH";"HUARAZ";"COCHABAMBA";"GOBIERNO REGIONAL";"I-2";"00001730";"PUESTO DE SALUD COCHABAMBA";"NE_0001";"";"NE_0001";"NE_0001";"NE_0001";"NE_0001";"NE_0001";"NE_0001";"NE_0001"
"2023";"06";"022005";"ANCASH";"YUNGAY";"QUILLO";"GOBIERNO REGIONAL";"I-2";"00001739";"PUESTO DE SALUD HUACHO";"NE_0001";"";"NE_0001";"NE_0001";"NE_0001";"NE_0001";"NE_0001";"NE_0001";"NE_0001"
"2023";"06";"021103";"ANCASH";"HUARMEY";"CULEBRAS";"GOBIERNO REGIONAL";"I-2";"00001743";"PUESTO DE SALUD CULEBRAS";"NE_0001";"";"NE_0001";"NE_0001";"NE_0001";"NE_0001";"NE_0001";"NE_0001";"NE_0001"
"2023";"06";"021101";"ANCASH";"HUARMEY";"HUARMEY";"GOBIERNO REGIONAL";"I-1";"00001751";"PUESTO DE SALUD HUAMBA";"NE_0001";"";"NE_0001";"NE_0001";"NE_0001";"NE_0001";"NE_0001";"NE_0001";"NE_0001"
"2023";"06";"230101";"TACNA";"TACNA";"TACNA";"SANIDAD DE LA POLICIA NACIONAL DEL PERU";"I-3";"00011528";"POLICLINICO POLICIAL TACNA";"NE_0001";"";"NE_0001";"NE_0001";"NE_0001";"NE_0001";"NE_0001";"NE_0001";"NE_0001"
"2023";"06";"150810";"LIMA";"HUAURA";"SANTA MARIA";"SANIDAD DE LA POLICIA NACIONAL DEL PERU";"I-2";"00010834";"POSTA MEDICA POLICIAL HUACHO";"NE_0001";"";"NE_0001";"NE_0001";"NE_0001";"NE_0001";"NE_0001";"NE_0001";"NE_0001"
"2023";"06";"250101";"UCAYALI";"CORONEL PORTILLO";"CALLERIA";"SANIDAD DE LA POLICIA NACIONAL DEL PERU";"I-3";"00010148";"POLICLINICO POLICIAL PUCALLPA";"NE_0001";"";"NE_0001";"NE_0001";"NE_0001";"NE_0001";"NE_0001";"NE_0001";"NE_0001"
"2023";"06";"180104";"MOQUEGUA";"MARISCAL NIETO";"SAMEGUA";"SANIDAD DE LA POLICIA NACIONAL DEL PERU";"I-2";"00015236";"POSTA MEDICA POLICIAL MOQUEGUA";"NE_0001";"";"NE_0001";"NE_0001";"NE_0001";"NE_0001";"NE_0001";"NE_0001";"NE_0001"
"2023";"06";"150143";"LIMA";"LIMA";"VILLA MARIA DEL TRIUNFO";"PRIVADO";"II-2";"00018580";"GUILLERMO KAELIN DE LA FUENTE";"240100";"HOSPITALIZACIÓN QUIRÚRGICA CIRUGÍA GENERAL ";"119";"190";"1334";"1087";"37";"1110";"11"
"2023";"06";"150143";"LIMA";"LIMA";"VILLA MARIA DEL TRIUNFO";"PRIVADO";"II-2";"00018580";"GUILLERMO KAELIN DE LA FUENTE";"241500";"HOSPITALIZACIÓN QUIRÚRGICA GINECOLOGÍA  ";"130";"258";"989";"1009";"46";"1380";"6"
"2023";"06";"150143";"LIMA";"LIMA";"VILLA MARIA DEL TRIUNFO";"PRIVADO";"II-2";"00018580";"GUILLERMO KAELIN DE LA FUENTE";"241800";"HOSPITALIZACIÓN DE MEDICINA MEDICINA GENERAL ";"181";"180";"1470";"1495";"50";"1500";"18"
"2023";"06";"150143";"LIMA";"LIMA";"VILLA MARIA DEL TRIUNFO";"PRIVADO";"II-2";"00018580";"GUILLERMO KAELIN DE LA FUENTE";"242300";"HOSPITALIZACIÓN DE PEDIATRÍA  PEDIATRÍA  GENERAL ";"99";"108";"430";"412";"35";"1050";"0"
"2023";"06";"150143";"LIMA";"LIMA";"VILLA MARIA DEL TRIUNFO";"PRIVADO";"II-2";"00018580";"GUILLERMO KAELIN DE LA FUENTE";"250100";"UNIDAD DE CUIDADOS CRITICOS UNIDAD  DE CUIDADOS INTENSIVOS GENERALES (UCI) ";"23";"14";"124";"296";"18";"540";"5"
"2023";"06";"150143";"LIMA";"LIMA";"VILLA MARIA DEL TRIUNFO";"PRIVADO";"II-2";"00018580";"GUILLERMO KAELIN DE LA FUENTE";"250200";"UNIDAD DE CUIDADOS CRITICOS UNIDAD DE CUIDADOS INTERMEDIOS GENERAL  (UCIN) ";"9";"19";"125";"191";"20";"600";"0"
"2023";"06";"160107";"LORETO";"MAYNAS";"NAPO";"GOBIERNO REGIONAL";"II-1";"00000066";"HOSPITAL II-1 SANTA CLOTILDE";"241800";"HOSPITALIZACIÓN DE MEDICINA MEDICINA GENERAL ";"15";"15";"64";"79";"16";"480";"0"
"2023";"06";"160107";"LORETO";"MAYNAS";"NAPO";"GOBIERNO REGIONAL";"II-1";"00000066";"HOSPITAL II-1 SANTA CLOTILDE";"242300";"HOSPITALIZACIÓN DE PEDIATRÍA  PEDIATRÍA  GENERAL ";"24";"25";"88";"113";"7";"210";"0"
"2023";"06";"160107";"LORETO";"MAYNAS";"NAPO";"GOBIERNO REGIONAL";"II-1";"00000066";"HOSPITAL II-1 SANTA CLOTILDE";"241600";"HOSPITALIZACIÓN QUIRÚRGICA OBSTETRICIA   ";"8";"8";"14";"22";"6";"180";"0"
"2023";"06";"160107";"LORETO";"MAYNAS";"NAPO";"GOBIERNO REGIONAL";"II-1";"00000066";"HOSPITAL II-1 SANTA CLOTILDE";"242000";"HOSPITALIZACIÓN DE MEDICINA MEDICINA TROPICAL E INFECCIOSAS ";"2";"2";"11";"13";"3";"90";"0"
"2023";"06";"211101";"PUNO";"SAN ROMAN";"JULIACA";"PRIVADO";"II-E";"00011978";"CLINICA MONTE SINAI JULIACA E.I.R.L.";"241800";"HOSPITALIZACIÓN DE MEDICINA MEDICINA GENERAL ";"5";"5";"25";"35";"3";"150";"0"
"2023";"06";"211101";"PUNO";"SAN ROMAN";"JULIACA";"PRIVADO";"II-E";"00011978";"CLINICA MONTE SINAI JULIACA E.I.R.L.";"240100";"HOSPITALIZACIÓN QUIRÚRGICA CIRUGÍA GENERAL ";"24";"22";"110";"15";"9";"92";"0"
"2023";"06";"211101";"PUNO";"SAN ROMAN";"JULIACA";"PRIVADO";"II-E";"00011978";"CLINICA MONTE SINAI JULIACA E.I.R.L.";"242500";"HOSPITALIZACIÓN-PEDIATRÍA GENERAL-";"1";"1";"25";"10";"1";"92";"0"
"2023";"06";"150131";"LIMA";"LIMA";"SAN ISIDRO";"PRIVADO";"II-E";"00010402";"LASER VISION CENTER & ASOCIADOS S.A.C.";"NE_0001";"";"NE_0001";"NE_0001";"NE_0001";"NE_0001";"NE_0001";"NE_0001";"NE_0001"
"2023";"06";"150132";"LIMA";"LIMA";"SAN JUAN DE LURIGANCHO";"PRIVADO";"II-2";"00008271";"CLINICA SAN JUAN BAUTISTA";"250100";"UNIDAD DE CUIDADOS CRITICOS UNIDAD  DE CUIDADOS INTENSIVOS GENERALES (UCI) ";"34";"35";"93";"126";"7";"210";"1"
"2023";"06";"150132";"LIMA";"LIMA";"SAN JUAN DE LURIGANCHO";"PRIVADO";"II-2";"00008271";"CLINICA SAN JUAN BAUTISTA";"240000";"HOSPITALIZACIÓN";"185";"187";"551";"648";"40";"1200";"0"
"2023";"06";"130102";"LA LIBERTAD";"TRUJILLO";"EL PORVENIR";"GOBIERNO REGIONAL";"II-1";"00005209";"HOSPITAL DISTRITAL DE EL PORVENIR SANTA ISABEL";"241800";"HOSPITALIZACIÓN DE MEDICINA MEDICINA GENERAL ";"43";"39";"96";"96";"6";"180";"0"
"2023";"06";"130102";"LA LIBERTAD";"TRUJILLO";"EL PORVENIR";"GOBIERNO REGIONAL";"II-1";"00005209";"HOSPITAL DISTRITAL DE EL PORVENIR SANTA ISABEL";"243200";"HOSPITALIZACIÓN DE PEDIATRÍA PEDIATRIA NEONATOLOGÍA";"4";"4";"9";"9";"8";"240";"0"
"2023";"06";"130102";"LA LIBERTAD";"TRUJILLO";"EL PORVENIR";"GOBIERNO REGIONAL";"II-1";"00005209";"HOSPITAL DISTRITAL DE EL PORVENIR SANTA ISABEL";"242300";"HOSPITALIZACIÓN DE PEDIATRÍA  PEDIATRÍA  GENERAL ";"13";"14";"25";"25";"3";"90";"0"
"2023";"06";"130102";"LA LIBERTAD";"TRUJILLO";"EL PORVENIR";"GOBIERNO REGIONAL";"II-1";"00005209";"HOSPITAL DISTRITAL DE EL PORVENIR SANTA ISABEL";"241400";"HOSPITALIZACIÓN QUIRÚRGICA GINECO - OBSTETRICIA ";"52";"53";"85";"85";"10";"300";"0"
"2023";"06";"130102";"LA LIBERTAD";"TRUJILLO";"EL PORVENIR";"GOBIERNO REGIONAL";"II-1";"00005209";"HOSPITAL DISTRITAL DE EL PORVENIR SANTA ISABEL";"241500";"HOSPITALIZACIÓN QUIRÚRGICA GINECOLOGÍA  ";"13";"13";"21";"21";"3";"90";"0"
"2023";"06";"240105";"TUMBES";"TUMBES";"SAN JACINTO";"GOBIERNO REGIONAL";"I-1";"00001874";"OIDOR.";"NE_0001";"";"NE_0001";"NE_0001";"NE_0001";"NE_0001";"NE_0001";"NE_0001";"NE_0001"
"2023";"06";"240103";"TUMBES";"TUMBES";"LA CRUZ";"GOBIERNO REGIONAL";"I-3";"00001869";"CLAS LA CRUZ";"NE_0001";"";"NE_0001";"NE_0001";"NE_0001";"NE_0001";"NE_0001";"NE_0001";"NE_0001"
"2023";"06";"240105";"TUMBES";"TUMBES";"SAN JACINTO";"GOBIERNO REGIONAL";"I-3";"00001870";"SAN JACINTO";"NE_0001";"";"NE_0001";"NE_0001";"NE_0001";"NE_0001";"NE_0001";"NE_0001";"NE_0001"
"2023";"06";"220205";"SAN MARTIN";"BELLAVISTA";"SAN PABLO";"GOBIERNO REGIONAL";"I-1";"00006507";"FAUSA SAPINA";"NE_0002";"";"NE_0002";"NE_0002";"NE_0002";"NE_0002";"NE_0002";"NE_0002";"NE_0002"
"2023";"06";"220205";"SAN MARTIN";"BELLAVISTA";"SAN PABLO";"GOBIERNO REGIONAL";"I-1";"00006508";"SAN PABLO";"NE_0002";"";"NE_0002";"NE_0002";"NE_0002";"NE_0002";"NE_0002";"NE_0002";"NE_0002"
"2023";"06";"220205";"SAN MARTIN";"BELLAVISTA";"SAN PABLO";"GOBIERNO REGIONAL";"I-2";"00006499";"FAUSA LAMISTA";"NE_0002";"";"NE_0002";"NE_0002";"NE_0002";"NE_0002";"NE_0002";"NE_0002";"NE_0002"
"2023";"03";"200104";"PIURA";"PIURA";"CASTILLA";"ESSALUD";"III-1";"00015230";"HOSPITAL III JOSE CAYETANO HEREDIA";"241900";"HOSPITALIZACIÓN DE MEDICINA MEDICINA INTERNA ";"220";"233";"1910";"1544";"53";"1643";"21"
"2023";"03";"200104";"PIURA";"PIURA";"CASTILLA";"ESSALUD";"III-1";"00015230";"HOSPITAL III JOSE CAYETANO HEREDIA";"240100";"HOSPITALIZACIÓN QUIRÚRGICA CIRUGÍA GENERAL ";"294";"272";"2045";"1744";"60";"1860";"2"
"2023";"03";"200104";"PIURA";"PIURA";"CASTILLA";"ESSALUD";"III-1";"00015230";"HOSPITAL III JOSE CAYETANO HEREDIA";"241500";"HOSPITALIZACIÓN QUIRÚRGICA GINECOLOGÍA  ";"54";"55";"261";"243";"8";"248";"0"
"2023";"03";"200104";"PIURA";"PIURA";"CASTILLA";"ESSALUD";"III-1";"00015230";"HOSPITAL III JOSE CAYETANO HEREDIA";"241600";"HOSPITALIZACIÓN QUIRÚRGICA OBSTETRICIA   ";"194";"198";"1033";"993";"33";"1023";"0"
"2023";"03";"200104";"PIURA";"PIURA";"CASTILLA";"ESSALUD";"III-1";"00015230";"HOSPITAL III JOSE CAYETANO HEREDIA";"242300";"HOSPITALIZACIÓN DE PEDIATRÍA  PEDIATRÍA  GENERAL ";"61";"78";"715";"601";"20";"620";"0"
"2023";"03";"200104";"PIURA";"PIURA";"CASTILLA";"ESSALUD";"III-1";"00015230";"HOSPITAL III JOSE CAYETANO HEREDIA";"250100";"UNIDAD DE CUIDADOS CRITICOS UNIDAD  DE CUIDADOS INTENSIVOS GENERALES (UCI) ";"17";"51";"590";"491";"17";"527";"11"
"2023";"03";"200104";"PIURA";"PIURA";"CASTILLA";"ESSALUD";"III-1";"00015230";"HOSPITAL III JOSE CAYETANO HEREDIA";"250200";"UNIDAD DE CUIDADOS CRITICOS UNIDAD DE CUIDADOS INTERMEDIOS GENERAL  (UCIN) ";"34";"105";"1290";"728";"25";"775";"2"
"2023";"03";"150116";"LIMA";"LIMA";"LINCE";"PRIVADO";"II-E";"00015684";"CLINICA GONZALEZ S.A.";"241600";"HOSPITALIZACIÓN QUIRÚRGICA OBSTETRICIA   ";"5";"5";"10";"10";"10";"300";"0"
"2023";"03";"150116";"LIMA";"LIMA";"LINCE";"PRIVADO";"II-E";"00015684";"CLINICA GONZALEZ S.A.";"240000";"HOSPITALIZACIÓN";"52";"52";"98";"98";"12";"360";"0"
"2023";"03";"150108";"LIMA";"LIMA";"CHORRILLOS";"PRIVADO";"II-E";"00019839";"CLINICA SANTA LEONOR";"240000";"HOSPITALIZACIÓN";"31";"31";"52";"54";"5";"155";"0"
"2023";"03";"210601";"PUNO";"HUANCANE";"HUANCANE";"GOBIERNO REGIONAL";"II-1";"00003068";"HOSPITAL LUCIO ALDAZABAL PAUCA";"240100";"HOSPITALIZACIÓN QUIRÚRGICA CIRUGÍA GENERAL ";"22";"22";"64";"64";"4";"124";"0"
"2023";"03";"210601";"PUNO";"HUANCANE";"HUANCANE";"GOBIERNO REGIONAL";"II-1";"00003068";"HOSPITAL LUCIO ALDAZABAL PAUCA";"241500";"HOSPITALIZACIÓN QUIRÚRGICA GINECOLOGÍA  ";"32";"32";"56";"56";"4";"124";"0"
"2023";"03";"210601";"PUNO";"HUANCANE";"HUANCANE";"GOBIERNO REGIONAL";"II-1";"00003068";"HOSPITAL LUCIO ALDAZABAL PAUCA";"241600";"HOSPITALIZACIÓN QUIRÚRGICA OBSTETRICIA   ";"23";"23";"54";"54";"5";"155";"0"
"2023";"03";"210601";"PUNO";"HUANCANE";"HUANCANE";"GOBIERNO REGIONAL";"II-1";"00003068";"HOSPITAL LUCIO ALDAZABAL PAUCA";"241800";"HOSPITALIZACIÓN DE MEDICINA MEDICINA GENERAL ";"16";"16";"11";"22";"10";"310";"0"
"2023";"03";"210601";"PUNO";"HUANCANE";"HUANCANE";"GOBIERNO REGIONAL";"II-1";"00003068";"HOSPITAL LUCIO ALDAZABAL PAUCA";"242500";"HOSPITALIZACIÓN-PEDIATRÍA GENERAL-";"1";"1";"4";"4";"3";"93";"1"
"2023";"03";"210601";"PUNO";"HUANCANE";"HUANCANE";"GOBIERNO REGIONAL";"II-1";"00003068";"HOSPITAL LUCIO ALDAZABAL PAUCA";"243200";"HOSPITALIZACIÓN DE PEDIATRÍA PEDIATRIA NEONATOLOGÍA";"3";"3";"13";"13";"3";"93";"0"
"2023";"03";"120214";"JUNIN";"CONCEPCION";"SAN JOSE DE QUERO";"GOBIERNO REGIONAL";"I-3";"00000641";"SAN JOSE DE QUERO";"NE_0001";"";"NE_0001";"NE_0001";"NE_0001";"NE_0001";"NE_0001";"NE_0001";"NE_0001"
"2023";"03";"120214";"JUNIN";"CONCEPCION";"SAN JOSE DE QUERO";"GOBIERNO REGIONAL";"I-1";"00000644";"SANTA ROSA DE HUARMITA";"NE_0001";"";"NE_0001";"NE_0001";"NE_0001";"NE_0001";"NE_0001";"NE_0001";"NE_0001"
"2023";"03";"120214";"JUNIN";"CONCEPCION";"SAN JOSE DE QUERO";"GOBIERNO REGIONAL";"I-1";"00006738";"SULCAN";"NE_0001";"";"NE_0001";"NE_0001";"NE_0001";"NE_0001";"NE_0001";"NE_0001";"NE_0001"
"2023";"03";"120214";"JUNIN";"CONCEPCION";"SAN JOSE DE QUERO";"GOBIERNO REGIONAL";"I-1";"00000643";"SAN ROQUE DE HUARMITA";"NE_0001";"";"NE_0001";"NE_0001";"NE_0001";"NE_0001";"NE_0001";"NE_0001";"NE_0001"
"2023";"03";"120214";"JUNIN";"CONCEPCION";"SAN JOSE DE QUERO";"GOBIERNO REGIONAL";"I-2";"00000645";"USIBAMBA";"NE_0001";"";"NE_0001";"NE_0001";"NE_0001";"NE_0001";"NE_0001";"NE_0001";"NE_0001"
"2023";"03";"120214";"JUNIN";"CONCEPCION";"SAN JOSE DE QUERO";"GOBIERNO REGIONAL";"I-2";"00000642";"CHAQUICOCHA";"NE_0001";"";"NE_0001";"NE_0001";"NE_0001";"NE_0001";"NE_0001";"NE_0001";"NE_0001"
"2023";"03";"040501";"AREQUIPA";"CAYLLOMA";"CHIVAY";"ESSALUD";"I-2";"00013292";"POSTA MEDICA CHIVAY";"NE_0001";"";"NE_0001";"NE_0001";"NE_0001";"NE_0001";"NE_0001";"NE_0001";"NE_0001"
"2023";"03";"120906";"JUNIN";"CHUPACA";"SAN JUAN DE YSCOS";"GOBIERNO REGIONAL";"I-1";"00000658";"TINYARI GRANDE";"NE_0001";"";"NE_0001";"NE_0001";"NE_0001";"NE_0001";"NE_0001";"NE_0001";"NE_0001"
"2023";"03";"120905";"JUNIN";"CHUPACA";"HUAMANCACA CHICO";"GOBIERNO REGIONAL";"I-2";"00000655";"HUAMANCACA CHICO";"NE_0001";"";"NE_0001";"NE_0001";"NE_0001";"NE_0001";"NE_0001";"NE_0001";"NE_0001"
"2023";"03";"120906";"JUNIN";"CHUPACA";"SAN JUAN DE YSCOS";"GOBIERNO REGIONAL";"I-2";"00000656";"SAN JUAN DE ISCOS";"NE_0001";"";"NE_0001";"NE_0001";"NE_0001";"NE_0001";"NE_0001";"NE_0001";"NE_0001"
"2023";"03";"120908";"JUNIN";"CHUPACA";"TRES DE DICIEMBRE";"GOBIERNO REGIONAL";"I-2";"00000660";"TRES DE DICIEMBRE";"NE_0001";"";"NE_0001";"NE_0001";"NE_0001";"NE_0001";"NE_0001";"NE_0001";"NE_0001"
"2023";"03";"120902";"JUNIN";"CHUPACA";"AHUAC";"GOBIERNO REGIONAL";"I-2";"00000647";"AHUAC";"NE_0001";"";"NE_0001";"NE_0001";"NE_0001";"NE_0001";"NE_0001";"NE_0001";"NE_0001"
"2023";"03";"120903";"JUNIN";"CHUPACA";"CHONGOS BAJO";"GOBIERNO REGIONAL";"I-1";"00000650";"PUMPUNYA";"NE_0001";"";"NE_0001";"NE_0001";"NE_0001";"NE_0001";"NE_0001";"NE_0001";"NE_0001"
"2023";"03";"120901";"JUNIN";"CHUPACA";"CHUPACA";"GOBIERNO REGIONAL";"I-4";"00000646";"PEDRO SANCHEZ MEZA";"NE_0001";"";"NE_0001";"NE_0001";"NE_0001";"NE_0001";"NE_0001";"NE_0001";"NE_0001"
"2023";"03";"120902";"JUNIN";"CHUPACA";"AHUAC";"GOBIERNO REGIONAL";"I-1";"00000648";"HUARISCA";"NE_0001";"";"NE_0001";"NE_0001";"NE_0001";"NE_0001";"NE_0001";"NE_0001";"NE_0001"
"2023";"03";"120903";"JUNIN";"CHUPACA";"CHONGOS BAJO";"GOBIERNO REGIONAL";"I-3";"00000649";"CHONGOS BAJO";"NE_0001";"";"NE_0001";"NE_0001";"NE_0001";"NE_0001";"NE_0001";"NE_0001";"NE_0001"
"2023";"03";"120906";"JUNIN";"CHUPACA";"SAN JUAN DE YSCOS";"GOBIERNO REGIONAL";"I-1";"00000657";"TINYARI CHICO";"NE_0001";"";"NE_0001";"NE_0001";"NE_0001";"NE_0001";"NE_0001";"NE_0001";"NE_0001"
"2023";"03";"130601";"LA LIBERTAD";"OTUZCO";"OTUZCO";"GOBIERNO REGIONAL";"II-1";"00005314";"HOSPITAL DE APOYO OTUZCO ELPIDIO BEROVIDES PEREZ";"240100";"HOSPITALIZACIÓN QUIRÚRGICA CIRUGÍA GENERAL ";"23";"22";"38";"38";"3";"85";"0"
"2023";"03";"130601";"LA LIBERTAD";"OTUZCO";"OTUZCO";"GOBIERNO REGIONAL";"II-1";"00005314";"HOSPITAL DE APOYO OTUZCO ELPIDIO BEROVIDES PEREZ";"241800";"HOSPITALIZACIÓN DE MEDICINA MEDICINA GENERAL ";"24";"25";"143";"142";"5";"164";"0"
"2023";"03";"130601";"LA LIBERTAD";"OTUZCO";"OTUZCO";"GOBIERNO REGIONAL";"II-1";"00005314";"HOSPITAL DE APOYO OTUZCO ELPIDIO BEROVIDES PEREZ";"243200";"HOSPITALIZACIÓN DE PEDIATRÍA PEDIATRIA NEONATOLOGÍA";"2";"3";"11";"4";"3";"93";"0"
"2023";"03";"130601";"LA LIBERTAD";"OTUZCO";"OTUZCO";"GOBIERNO REGIONAL";"II-1";"00005314";"HOSPITAL DE APOYO OTUZCO ELPIDIO BEROVIDES PEREZ";"242300";"HOSPITALIZACIÓN DE PEDIATRÍA  PEDIATRÍA  GENERAL ";"6";"5";"21";"22";"4";"123";"0"
"2023";"03";"130601";"LA LIBERTAD";"OTUZCO";"OTUZCO";"GOBIERNO REGIONAL";"II-1";"00005314";"HOSPITAL DE APOYO OTUZCO ELPIDIO BEROVIDES PEREZ";"241400";"HOSPITALIZACIÓN QUIRÚRGICA GINECO - OBSTETRICIA ";"24";"23";"46";"43";"3";"93";"0"
"2023";"03";"130601";"LA LIBERTAD";"OTUZCO";"OTUZCO";"GOBIERNO REGIONAL";"II-1";"00005314";"HOSPITAL DE APOYO OTUZCO ELPIDIO BEROVIDES PEREZ";"241500";"HOSPITALIZACIÓN QUIRÚRGICA GINECOLOGÍA  ";"29";"27";"50";"49";"3";"93";"0"
"2023";"03";"130601";"LA LIBERTAD";"OTUZCO";"OTUZCO";"GOBIERNO REGIONAL";"II-1";"00005314";"HOSPITAL DE APOYO OTUZCO ELPIDIO BEROVIDES PEREZ";"241600";"HOSPITALIZACIÓN QUIRÚRGICA OBSTETRICIA   ";"36";"36";"62";"56";"3";"93";"0"
"2023";"03";"220508";"SAN MARTIN";"LAMAS";"SAN ROQUE DE CUMBAZA";"GOBIERNO REGIONAL";"I-1";"00006357";"ALTO SHAMBOYACU";"NE_0001";"";"NE_0001";"NE_0001";"NE_0001";"NE_0001";"NE_0001";"NE_0001";"NE_0001"
"2023";"03";"220501";"SAN MARTIN";"LAMAS";"LAMAS";"GOBIERNO REGIONAL";"I-1";"00006353";"HUAYCO LAMAS";"NE_0001";"";"NE_0001";"NE_0001";"NE_0001";"NE_0001";"NE_0001";"NE_0001";"NE_0001"
"2023";"03";"220507";"SAN MARTIN";"LAMAS";"RUMISAPA";"GOBIERNO REGIONAL";"I-1";"00006392";"MACEDA";"NE_0001";"";"NE_0001";"NE_0001";"NE_0001";"NE_0001";"NE_0001";"NE_0001";"NE_0001"
"2023";"03";"220511";"SAN MARTIN";"LAMAS";"ZAPATERO";"GOBIERNO REGIONAL";"I-1";"00006394";"SANTA ANA DEL RIO MAYO";"NE_0001";"";"NE_0001";"NE_0001";"NE_0001";"NE_0001";"NE_0001";"NE_0001";"NE_0001"
"2023";"03";"220507";"SAN MARTIN";"LAMAS";"RUMISAPA";"GOBIERNO REGIONAL";"I-1";"00006354";"CHIRAPA LA LIBERTAD";"NE_0001";"";"NE_0001";"NE_0001";"NE_0001";"NE_0001";"NE_0001";"NE_0001";"NE_0001"
"2023";"03";"220508";"SAN MARTIN";"LAMAS";"SAN ROQUE DE CUMBAZA";"GOBIERNO REGIONAL";"I-1";"00006355";"CHIRICYACU";"NE_0001";"";"NE_0001";"NE_0001";"NE_0001";"NE_0001";"NE_0001";"NE_0001";"NE_0001"
"2023";"03";"220508";"SAN MARTIN";"LAMAS";"SAN ROQUE DE CUMBAZA";"GOBIERNO REGIONAL";"I-2";"00006356";"PAMASHTO";"NE_0001";"";"NE_0001";"NE_0001";"NE_0001";"NE_0001";"NE_0001";"NE_0001";"NE_0001"
"2023";"03";"220912";"SAN MARTIN";"SAN MARTIN";"SAN ANTONIO";"GOBIERNO REGIONAL";"I-1";"00006387";"AUCALOMA";"NE_0001";"";"NE_0001";"NE_0001";"NE_0001";"NE_0001";"NE_0001";"NE_0001";"NE_0001"
"2023";"03";"220507";"SAN MARTIN";"LAMAS";"RUMISAPA";"GOBIERNO REGIONAL";"I-1";"00006391";"RUMIZAPA";"NE_0001";"";"NE_0001";"NE_0001";"NE_0001";"NE_0001";"NE_0001";"NE_0001";"NE_0001"
"2023";"03";"220508";"SAN MARTIN";"LAMAS";"SAN ROQUE DE CUMBAZA";"GOBIERNO REGIONAL";"I-1";"00006358";"YURILAMAS";"NE_0001";"";"NE_0001";"NE_0001";"NE_0001";"NE_0001";"NE_0001";"NE_0001";"NE_0001"
"2023";"03";"220507";"SAN MARTIN";"LAMAS";"RUMISAPA";"GOBIERNO REGIONAL";"I-1";"00006389";"CHURUZAPA";"NE_0001";"";"NE_0001";"NE_0001";"NE_0001";"NE_0001";"NE_0001";"NE_0001";"NE_0001"
"2023";"03";"220501";"SAN MARTIN";"LAMAS";"LAMAS";"GOBIERNO REGIONAL";"I-1";"00006390";"LAS FLORES DEL RIO MAYO";"NE_0001";"";"NE_0001";"NE_0001";"NE_0001";"NE_0001";"NE_0001";"NE_0001";"NE_0001"
"2023";"03";"220501";"SAN MARTIN";"LAMAS";"LAMAS";"GOBIERNO REGIONAL";"I-1";"00006388";"SAN ANTONIO RIO MAYO";"NE_0001";"";"NE_0001";"NE_0001";"NE_0001";"NE_0001";"NE_0001";"NE_0001";"NE_0001"
"2023";"03";"220508";"SAN MARTIN";"LAMAS";"SAN ROQUE DE CUMBAZA";"GOBIERNO REGIONAL";"I-1";"00006386";"SAN ROQUE DE CUMBAZA";"NE_0001";"";"NE_0001";"NE_0001";"NE_0001";"NE_0001";"NE_0001";"NE_0001";"NE_0001"
"2023";"03";"220507";"SAN MARTIN";"LAMAS";"RUMISAPA";"GOBIERNO REGIONAL";"I-1";"00006393";"PACCHILLA";"NE_0001";"";"NE_0001";"NE_0001";"NE_0001";"NE_0001";"NE_0001";"NE_0001";"NE_0001"
"2023";"03";"021801";"ANCASH";"SANTA";"CHIMBOTE";"PRIVADO";"II-1";"00017075";"CLINICA BELEN";"240000";"HOSPITALIZACIÓN";"34";"34";"36";"36";"16";"496";"0"
"2023";"03";"080701";"CUSCO";"CHUMBIVILCAS";"SANTO TOMAS";"GOBIERNO REGIONAL";"II-1";"00002398";"SANTO TOMAS";"240100";"HOSPITALIZACIÓN QUIRÚRGICA CIRUGÍA GENERAL ";"40";"133";"134";"120";"6";"186";"0"
"2023";"03";"080701";"CUSCO";"CHUMBIVILCAS";"SANTO TOMAS";"GOBIERNO REGIONAL";"II-1";"00002398";"SANTO TOMAS";"241400";"HOSPITALIZACIÓN QUIRÚRGICA GINECO - OBSTETRICIA ";"46";"118";"102";"102";"4";"124";"0"
"2023";"03";"080701";"CUSCO";"CHUMBIVILCAS";"SANTO TOMAS";"GOBIERNO REGIONAL";"II-1";"00002398";"SANTO TOMAS";"241600";"HOSPITALIZACIÓN QUIRÚRGICA OBSTETRICIA   ";"31";"54";"77";"125";"7";"217";"0"
"2023";"03";"080701";"CUSCO";"CHUMBIVILCAS";"SANTO TOMAS";"GOBIERNO REGIONAL";"II-1";"00002398";"SANTO TOMAS";"241800";"HOSPITALIZACIÓN DE MEDICINA MEDICINA GENERAL ";"18";"65";"85";"135";"6";"186";"0"
"2023";"03";"080701";"CUSCO";"CHUMBIVILCAS";"SANTO TOMAS";"GOBIERNO REGIONAL";"II-1";"00002398";"SANTO TOMAS";"242500";"HOSPITALIZACIÓN-PEDIATRÍA GENERAL-";"1";"6";"11";"87";"4";"124";"0"
"2023";"03";"080701";"CUSCO";"CHUMBIVILCAS";"SANTO TOMAS";"GOBIERNO REGIONAL";"II-1";"00002398";"SANTO TOMAS";"243200";"HOSPITALIZACIÓN DE PEDIATRÍA PEDIATRIA NEONATOLOGÍA";"9";"17";"29";"61";"3";"93";"0"
"2023";"03";"130903";"LA LIBERTAD";"SANCHEZ CARRION";"COCHORCO";"GOBIERNO REGIONAL";"I-2";"00013810";"ARAGOSTAY";"NE_0001";"";"NE_0001";"NE_0001";"NE_0001";"NE_0001";"NE_0001";"NE_0001";"NE_0001"
"2023";"03";"130903";"LA LIBERTAD";"SANCHEZ CARRION";"COCHORCO";"GOBIERNO REGIONAL";"I-2";"00005356";"ARICAPAMPA";"NE_0001";"";"NE_0001";"NE_0001";"NE_0001";"NE_0001";"NE_0001";"NE_0001";"NE_0001"
"2023";"03";"130903";"LA LIBERTAD";"SANCHEZ CARRION";"COCHORCO";"GOBIERNO REGIONAL";"I-1";"00013808";"MOLINO VIEJO";"NE_0001";"";"NE_0001";"NE_0001";"NE_0001";"NE_0001";"NE_0001";"NE_0001";"NE_0001"
"2023";"03";"130903";"LA LIBERTAD";"SANCHEZ CARRION";"COCHORCO";"GOBIERNO REGIONAL";"I-2";"00013802";"SUCCHAMARCA";"NE_0001";"";"NE_0001";"NE_0001";"NE_0001";"NE_0001";"NE_0001";"NE_0001";"NE_0001"
"2023";"03";"130903";"LA LIBERTAD";"SANCHEZ CARRION";"COCHORCO";"GOBIERNO REGIONAL";"I-2";"00013800";"SUCCHACENTRO";"NE_0001";"";"NE_0001";"NE_0001";"NE_0001";"NE_0001";"NE_0001";"NE_0001";"NE_0001"
"2023";"05";"101002";"HUANUCO";"LAURICOCHA";"BAÑOS";"ESSALUD";"I-2";"00027081";"POSTA MÉDICA BAÑOS";"NE_0001";"";"NE_0001";"NE_0001";"NE_0001";"NE_0001";"NE_0001";"NE_0001";"NE_0001"
"2023";"05";"150131";"LIMA";"LIMA";"SAN ISIDRO";"PRIVADO";"II-E";"00017099";"OFTALMOLOGOS CONTRERAS  C.SCRL";"NE_0001";"";"NE_0001";"NE_0001";"NE_0001";"NE_0001";"NE_0001";"NE_0001";"NE_0001"
"2023";"05";"080503";"CUSCO";"CANAS";"KUNTURKANKI";"GOBIERNO REGIONAL";"I-4";"00007700";"EL DESCANSO";"NE_0001";"";"NE_0001";"NE_0001";"NE_0001";"NE_0001";"NE_0001";"NE_0001";"NE_0001"
"2023";"05";"080502";"CUSCO";"CANAS";"CHECCA";"GOBIERNO REGIONAL";"I-1";"00002367";"CHITIBAMBA";"NE_0001";"";"NE_0001";"NE_0001";"NE_0001";"NE_0001";"NE_0001";"NE_0001";"NE_0001"
"2023";"05";"080502";"CUSCO";"CANAS";"CHECCA";"GOBIERNO REGIONAL";"I-2";"00002366";"CHECCA";"NE_0001";"";"NE_0001";"NE_0001";"NE_0001";"NE_0001";"NE_0001";"NE_0001";"NE_0001"
"2023";"06";"220101";"SAN MARTIN";"MOYOBAMBA";"MOYOBAMBA";"ESSALUD";"II-1";"00015598";"HOSPITAL I ALTO MAYO";"241800";"HOSPITALIZACIÓN DE MEDICINA MEDICINA GENERAL ";"64";"62";"324";"273";"15";"450";"2"
"2023";"06";"220101";"SAN MARTIN";"MOYOBAMBA";"MOYOBAMBA";"ESSALUD";"II-1";"00015598";"HOSPITAL I ALTO MAYO";"240100";"HOSPITALIZACIÓN QUIRÚRGICA CIRUGÍA GENERAL ";"67";"61";"268";"193";"7";"210";"0"
"2023";"06";"220101";"SAN MARTIN";"MOYOBAMBA";"MOYOBAMBA";"ESSALUD";"II-1";"00015598";"HOSPITAL I ALTO MAYO";"241500";"HOSPITALIZACIÓN QUIRÚRGICA GINECOLOGÍA  ";"21";"19";"65";"52";"2";"60";"0"
"2023";"06";"220101";"SAN MARTIN";"MOYOBAMBA";"MOYOBAMBA";"ESSALUD";"II-1";"00015598";"HOSPITAL I ALTO MAYO";"241600";"HOSPITALIZACIÓN QUIRÚRGICA OBSTETRICIA   ";"57";"52";"160";"127";"9";"270";"0"
"2023";"06";"220101";"SAN MARTIN";"MOYOBAMBA";"MOYOBAMBA";"ESSALUD";"II-1";"00015598";"HOSPITAL I ALTO MAYO";"242300";"HOSPITALIZACIÓN DE PEDIATRÍA  PEDIATRÍA  GENERAL ";"17";"18";"75";"54";"2";"60";"0"
"2023";"06";"140101";"LAMBAYEQUE";"CHICLAYO";"CHICLAYO";"PRIVADO";"II-E";"00030057";"CLINICAS AUNAS SEDE CHICLAYO";"240000";"HOSPITALIZACIÓN";"293";"227";"732";"1069";"41";"1230";"0"
"2023";"06";"140101";"LAMBAYEQUE";"CHICLAYO";"CHICLAYO";"PRIVADO";"II-E";"00030057";"CLINICAS AUNAS SEDE CHICLAYO";"250100";"UNIDAD DE CUIDADOS CRITICOS UNIDAD  DE CUIDADOS INTENSIVOS GENERALES (UCI) ";"10";"6";"98";"84";"6";"180";"3"
"2023";"06";"120709";"JUNIN";"TARMA";"TAPO";"GOBIERNO REGIONAL";"I-1";"00000581";"QUETA";"NE_0001";"";"NE_0001";"NE_0001";"NE_0001";"NE_0001";"NE_0001";"NE_0001";"NE_0001"
"2023";"06";"120709";"JUNIN";"TARMA";"TAPO";"GOBIERNO REGIONAL";"I-1";"00000578";"YURACMAYO";"NE_0001";"";"NE_0001";"NE_0001";"NE_0001";"NE_0001";"NE_0001";"NE_0001";"NE_0001"
"2023";"06";"120709";"JUNIN";"TARMA";"TAPO";"GOBIERNO REGIONAL";"I-1";"00000579";"MACO";"NE_0001";"";"NE_0001";"NE_0001";"NE_0001";"NE_0001";"NE_0001";"NE_0001";"NE_0001"
"2023";"06";"120709";"JUNIN";"TARMA";"TAPO";"GOBIERNO REGIONAL";"I-2";"00000577";"TAPO";"NE_0001";"";"NE_0001";"NE_0001";"NE_0001";"NE_0001";"NE_0001";"NE_0001";"NE_0001"
"2023";"04";"150134";"LIMA";"LIMA";"SAN LUIS";"ESSALUD";"I-3";"00008289";"POLICLÍNICO DE COMPLEJIDAD CRECIENTE SAN LUIS";"NE_0001";"";"NE_0001";"NE_0001";"NE_0001";"NE_0001";"NE_0001";"NE_0001";"NE_0001"
"2023";"04";"200101";"PIURA";"PIURA";"PIURA";"ESSALUD";"II-1";"00010244";"HOSPITAL II JORGE REATEGUI DELGADO";"241900";"HOSPITALIZACIÓN DE MEDICINA MEDICINA INTERNA ";"62";"53";"406";"566";"21";"630";"6"
"2023";"04";"200101";"PIURA";"PIURA";"PIURA";"ESSALUD";"II-1";"00010244";"HOSPITAL II JORGE REATEGUI DELGADO";"240100";"HOSPITALIZACIÓN QUIRÚRGICA CIRUGÍA GENERAL ";"107";"104";"306";"453";"18";"540";"0"
"2023";"04";"200101";"PIURA";"PIURA";"PIURA";"ESSALUD";"II-1";"00010244";"HOSPITAL II JORGE REATEGUI DELGADO";"241400";"HOSPITALIZACIÓN QUIRÚRGICA GINECO - OBSTETRICIA ";"210";"210";"526";"598";"29";"870";"0"
"2023";"04";"200101";"PIURA";"PIURA";"PIURA";"ESSALUD";"II-1";"00010244";"HOSPITAL II JORGE REATEGUI DELGADO";"242300";"HOSPITALIZACIÓN DE PEDIATRÍA  PEDIATRÍA  GENERAL ";"61";"61";"257";"320";"11";"330";"0"
"2023";"04";"200101";"PIURA";"PIURA";"PIURA";"ESSALUD";"II-1";"00010244";"HOSPITAL II JORGE REATEGUI DELGADO";"243200";"HOSPITALIZACIÓN DE PEDIATRÍA PEDIATRIA NEONATOLOGÍA";"153";"153";"292";"103";"5";"150";"0"
"2023";"04";"130906";"LA LIBERTAD";"SANCHEZ CARRION";"SANAGORAN";"GOBIERNO REGIONAL";"I-2";"00005360";"VENTANAS";"NE_0001";"";"NE_0001";"NE_0001";"NE_0001";"NE_0001";"NE_0001";"NE_0001";"NE_0001"
"2023";"05";"230101";"TACNA";"TACNA";"TACNA";"PRIVADO";"II-1";"00027462";"CLINICA LA LUZ";"240100";"HOSPITALIZACIÓN QUIRÚRGICA CIRUGÍA GENERAL ";"19";"19";"64";"67";"3";"121";"0"
"2023";"05";"230101";"TACNA";"TACNA";"TACNA";"PRIVADO";"II-1";"00027462";"CLINICA LA LUZ";"240300";"HOSPITALIZACIÓN QUIRÚRGICA CIRUGÍA DIGESTIVA ";"14";"14";"19";"28";"4";"46";"0"
"2023";"05";"230101";"TACNA";"TACNA";"TACNA";"PRIVADO";"II-1";"00027462";"CLINICA LA LUZ";"240400";"HOSPITALIZACIÓN QUIRÚRGICA CIRUGÍA DE TÓRAX Y CARDIOVASCULAR ";"1";"1";"1";"2";"3";"4";"0"
"2023";"05";"230101";"TACNA";"TACNA";"TACNA";"PRIVADO";"II-1";"00027462";"CLINICA LA LUZ";"240800";"HOSPITALIZACIÓN QUIRÚRGICA CIRUGÍA PLÁSTICA/RECONSTRUCTIVA/ REPARADORA ";"7";"7";"7";"9";"2";"18";"0"
"2023";"05";"230101";"TACNA";"TACNA";"TACNA";"PRIVADO";"II-1";"00027462";"CLINICA LA LUZ";"240900";"HOSPITALIZACIÓN QUIRÚRGICA NEUROCIRUGÍA ";"1";"1";"1";"2";"3";"4";"0"
"2023";"05";"230101";"TACNA";"TACNA";"TACNA";"PRIVADO";"II-1";"00027462";"CLINICA LA LUZ";"241000";"HOSPITALIZACIÓN QUIRÚRGICA ONCOLOGÍA QUIRÚRGICA  ";"1";"1";"6";"7";"3";"11";"0"
"2023";"05";"230101";"TACNA";"TACNA";"TACNA";"PRIVADO";"II-1";"00027462";"CLINICA LA LUZ";"241200";"HOSPITALIZACIÓN QUIRÚRGICA TRAUMATOLOGÍA Y ORTOPEDIA ";"6";"6";"20";"15";"2";"20";"0"
"2023";"05";"230101";"TACNA";"TACNA";"TACNA";"PRIVADO";"II-1";"00027462";"CLINICA LA LUZ";"241300";"HOSPITALIZACIÓN QUIRÚRGICA UROLOGÍA  ";"15";"15";"24";"19";"2";"28";"0"
"2023";"05";"230101";"TACNA";"TACNA";"TACNA";"PRIVADO";"II-1";"00027462";"CLINICA LA LUZ";"241500";"HOSPITALIZACIÓN QUIRÚRGICA GINECOLOGÍA  ";"13";"13";"77";"56";"4";"152";"0"
"2023";"05";"230101";"TACNA";"TACNA";"TACNA";"PRIVADO";"II-1";"00027462";"CLINICA LA LUZ";"241800";"HOSPITALIZACIÓN DE MEDICINA MEDICINA GENERAL ";"1";"1";"1";"2";"3";"4";"0"
"2023";"05";"230101";"TACNA";"TACNA";"TACNA";"PRIVADO";"II-1";"00027462";"CLINICA LA LUZ";"242900";"HOSPITALIZACIÓN DE PEDIATRÍA PEDIATRIA GASTROENTEROLOGÍA PEDIÁTRICA";"2";"2";"4";"3";"2";"3";"0"
"2023";"05";"230101";"TACNA";"TACNA";"TACNA";"PRIVADO";"II-1";"00027462";"CLINICA LA LUZ";"245300";"HOSPITALIZACIÓN DE MEDICINA NEUMOLOGÍA  ";"2";"2";"4";"4";"3";"4";"0"
"2023";"06";"040514";"AREQUIPA";"CAYLLOMA";"SAN ANTONIO DE CHUCA";"GOBIERNO REGIONAL";"I-2";"00001242";"PUESTO DE SALUD IMATA";"NE_0002";"";"NE_0002";"NE_0002";"NE_0002";"NE_0002";"NE_0002";"NE_0002";"NE_0002"
"2023";"06";"040128";"AREQUIPA";"AREQUIPA";"YURA";"GOBIERNO REGIONAL";"I-3";"00001253";"CENTRO DE SALUD CIUDAD DE DIOS";"NE_0002";"";"NE_0002";"NE_0002";"NE_0002";"NE_0002";"NE_0002";"NE_0002";"NE_0002"
"2023";"06";"040511";"AREQUIPA";"CAYLLOMA";"LLUTA";"GOBIERNO REGIONAL";"I-2";"00001255";"PUESTO DE SALUD LLUTA";"NE_0002";"";"NE_0002";"NE_0002";"NE_0002";"NE_0002";"NE_0002";"NE_0002";"NE_0002"
"2023";"06";"040511";"AREQUIPA";"CAYLLOMA";"LLUTA";"GOBIERNO REGIONAL";"I-2";"00001256";"PUESTO DE SALUD TAYA";"NE_0002";"";"NE_0002";"NE_0002";"NE_0002";"NE_0002";"NE_0002";"NE_0002";"NE_0002"
"2023";"06";"040126";"AREQUIPA";"AREQUIPA";"YANAHUARA";"GOBIERNO REGIONAL";"I-1";"00001241";"PUESTO DE SALUD SUMBAY - CHASQUIPAMPA";"NE_0002";"";"NE_0002";"NE_0002";"NE_0002";"NE_0002";"NE_0002";"NE_0002";"NE_0002"
"2023";"06";"040514";"AREQUIPA";"CAYLLOMA";"SAN ANTONIO DE CHUCA";"GOBIERNO REGIONAL";"I-1";"00001243";"PUESTO DE SALUD PILLONES";"NE_0002";"";"NE_0002";"NE_0002";"NE_0002";"NE_0002";"NE_0002";"NE_0002";"NE_0002"
"2023";"06";"040128";"AREQUIPA";"AREQUIPA";"YURA";"GOBIERNO REGIONAL";"I-2";"00001254";"PUESTO DE SALUD YURA";"NE_0002";"";"NE_0002";"NE_0002";"NE_0002";"NE_0002";"NE_0002";"NE_0002";"NE_0002"
"2023";"06";"040508";"AREQUIPA";"CAYLLOMA";"HUANCA";"GOBIERNO REGIONAL";"I-2";"00001239";"PUESTO DE SALUD HUANCA";"NE_0002";"";"NE_0002";"NE_0002";"NE_0002";"NE_0002";"NE_0002";"NE_0002";"NE_0002"
"2023";"06";"040101";"AREQUIPA";"AREQUIPA";"AREQUIPA";"PRIVADO";"II-E";"00013722";"CLINICA AREQUIPA S.A.";"240100";"HOSPITALIZACIÓN QUIRÚRGICA CIRUGÍA GENERAL ";"141";"132";"474";"545";"42";"1260";"0"
"2023";"06";"040101";"AREQUIPA";"AREQUIPA";"AREQUIPA";"PRIVADO";"II-E";"00013722";"CLINICA AREQUIPA S.A.";"241400";"HOSPITALIZACIÓN QUIRÚRGICA GINECO - OBSTETRICIA ";"49";"49";"103";"233";"28";"840";"0"
"2023";"06";"040101";"AREQUIPA";"AREQUIPA";"AREQUIPA";"PRIVADO";"II-E";"00013722";"CLINICA AREQUIPA S.A.";"241900";"HOSPITALIZACIÓN DE MEDICINA MEDICINA INTERNA ";"45";"42";"199";"209";"25";"750";"4"
"2023";"06";"110201";"ICA";"CHINCHA";"CHINCHA ALTA";"PRIVADO";"II-1";"00020979";"CLINICA DE LOS VASQUEZ S.A.C.";"240000";"HOSPITALIZACIÓN";"59";"61";"215";"66";"19";"570";"0"
"2023";"06";"220301";"SAN MARTIN";"EL DORADO";"SAN JOSE DE SISA";"GOBIERNO REGIONAL";"I-1";"00006490";"HUAJA";"NE_0001";"";"NE_0001";"NE_0001";"NE_0001";"NE_0001";"NE_0001";"NE_0001";"NE_0001"
"2023";"06";"220305";"SAN MARTIN";"EL DORADO";"SHATOJA";"GOBIERNO REGIONAL";"I-1";"00006491";"AMINIO";"NE_0001";"";"NE_0001";"NE_0001";"NE_0001";"NE_0001";"NE_0001";"NE_0001";"NE_0001"
"2023";"06";"220301";"SAN MARTIN";"EL DORADO";"SAN JOSE DE SISA";"GOBIERNO REGIONAL";"I-1";"00006487";"SANTA CRUZ";"NE_0001";"";"NE_0001";"NE_0001";"NE_0001";"NE_0001";"NE_0001";"NE_0001";"NE_0001"
"2023";"06";"220301";"SAN MARTIN";"EL DORADO";"SAN JOSE DE SISA";"GOBIERNO REGIONAL";"I-1";"00006489";"SAN JUAN DE MIRAFLORES";"NE_0001";"";"NE_0001";"NE_0001";"NE_0001";"NE_0001";"NE_0001";"NE_0001";"NE_0001"
"2023";"06";"220301";"SAN MARTIN";"EL DORADO";"SAN JOSE DE SISA";"GOBIERNO REGIONAL";"I-1";"00006486";"NAUTA";"NE_0001";"";"NE_0001";"NE_0001";"NE_0001";"NE_0001";"NE_0001";"NE_0001";"NE_0001"
"2023";"06";"220301";"SAN MARTIN";"EL DORADO";"SAN JOSE DE SISA";"GOBIERNO REGIONAL";"I-4";"00006485";"HOSPITAL RURAL SAN JOSE DE SISA";"241600";"HOSPITALIZACIÓN QUIRÚRGICA OBSTETRICIA   ";"20";"20";"36";"20";"9";"270";"0"
"2023";"06";"220301";"SAN MARTIN";"EL DORADO";"SAN JOSE DE SISA";"GOBIERNO REGIONAL";"I-4";"00006485";"HOSPITAL RURAL SAN JOSE DE SISA";"241800";"HOSPITALIZACIÓN DE MEDICINA MEDICINA GENERAL ";"6";"6";"22";"6";"6";"180";"0"
"2023";"07";"120606";"JUNIN";"SATIPO";"PANGOA";"GOBIERNO REGIONAL";"I-2";"00000451";"MATERENI";"NE_0001";"";"NE_0001";"NE_0001";"NE_0001";"NE_0001";"NE_0001";"NE_0001";"NE_0001"
"2023";"07";"120606";"JUNIN";"SATIPO";"PANGOA";"GOBIERNO REGIONAL";"I-1";"00021802";"SAN JUAN DE PUEBLO LIBRE";"NE_0001";"";"NE_0001";"NE_0001";"NE_0001";"NE_0001";"NE_0001";"NE_0001";"NE_0001"
"2023";"07";"150114";"LIMA";"LIMA";"LA MOLINA";"ESSALUD";"II-1";"00010135";"HOSPITAL I CARLOS ALCANTARA BUTTERFIELD";"241800";"HOSPITALIZACIÓN DE MEDICINA MEDICINA GENERAL ";"44";"48";"269";"233";"9";"279";"1"
"2023";"07";"150114";"LIMA";"LIMA";"LA MOLINA";"ESSALUD";"II-1";"00010135";"HOSPITAL I CARLOS ALCANTARA BUTTERFIELD";"240100";"HOSPITALIZACIÓN QUIRÚRGICA CIRUGÍA GENERAL ";"233";"230";"507";"481";"19";"589";"0"
"2023";"07";"150114";"LIMA";"LIMA";"LA MOLINA";"ESSALUD";"II-1";"00010135";"HOSPITAL I CARLOS ALCANTARA BUTTERFIELD";"242500";"HOSPITALIZACIÓN-PEDIATRÍA GENERAL-";"45";"44";"167";"169";"6";"186";"0"
"2023";"07";"150114";"LIMA";"LIMA";"LA MOLINA";"ESSALUD";"II-1";"00010135";"HOSPITAL I CARLOS ALCANTARA BUTTERFIELD";"241600";"HOSPITALIZACIÓN QUIRÚRGICA OBSTETRICIA   ";"79";"73";"153";"170";"7";"217";"0"
"2023";"07";"210101";"PUNO";"PUNO";"PUNO";"ESSALUD";"II-2";"00009215";"HOSPITAL III BASE  (PUNO) - RED ASISTENCIAL PUNO";"240000";"HOSPITALIZACIÓN";"129";"140";"928";"880";"31";"961";"6"
"2023";"07";"210101";"PUNO";"PUNO";"PUNO";"ESSALUD";"II-2";"00009215";"HOSPITAL III BASE  (PUNO) - RED ASISTENCIAL PUNO";"241900";"HOSPITALIZACIÓN DE MEDICINA MEDICINA INTERNA ";"42";"36";"280";"282";"12";"372";"0"
"2023";"07";"210101";"PUNO";"PUNO";"PUNO";"ESSALUD";"II-2";"00009215";"HOSPITAL III BASE  (PUNO) - RED ASISTENCIAL PUNO";"240100";"HOSPITALIZACIÓN QUIRÚRGICA CIRUGÍA GENERAL ";"64";"61";"164";"219";"8";"248";"0"
"2023";"07";"210101";"PUNO";"PUNO";"PUNO";"ESSALUD";"II-2";"00009215";"HOSPITAL III BASE  (PUNO) - RED ASISTENCIAL PUNO";"241500";"HOSPITALIZACIÓN QUIRÚRGICA GINECOLOGÍA  ";"40";"36";"104";"107";"5";"155";"0"
"2023";"07";"210101";"PUNO";"PUNO";"PUNO";"ESSALUD";"II-2";"00009215";"HOSPITAL III BASE  (PUNO) - RED ASISTENCIAL PUNO";"241600";"HOSPITALIZACIÓN QUIRÚRGICA OBSTETRICIA   ";"75";"75";"191";"194";"12";"372";"0"
"2023";"07";"210101";"PUNO";"PUNO";"PUNO";"ESSALUD";"II-2";"00009215";"HOSPITAL III BASE  (PUNO) - RED ASISTENCIAL PUNO";"242300";"HOSPITALIZACIÓN DE PEDIATRÍA  PEDIATRÍA  GENERAL ";"111";"118";"340";"324";"14";"434";"1"
"2023";"07";"210101";"PUNO";"PUNO";"PUNO";"ESSALUD";"II-2";"00009215";"HOSPITAL III BASE  (PUNO) - RED ASISTENCIAL PUNO";"250100";"UNIDAD DE CUIDADOS CRITICOS UNIDAD  DE CUIDADOS INTENSIVOS GENERALES (UCI) ";"2";"2";"48";"68";"4";"124";"2"
"2023";"07";"210101";"PUNO";"PUNO";"PUNO";"ESSALUD";"II-2";"00009215";"HOSPITAL III BASE  (PUNO) - RED ASISTENCIAL PUNO";"250200";"UNIDAD DE CUIDADOS CRITICOS UNIDAD DE CUIDADOS INTERMEDIOS GENERAL  (UCIN) ";"6";"5";"143";"94";"4";"124";"4"
"2023";"08";"050903";"AYACUCHO";"SUCRE";"CHALCOS";"GOBIERNO REGIONAL";"I-1";"00003804";"PUESTO DE SALUD CHALCOS";"NE_0001";"";"NE_0001";"NE_0001";"NE_0001";"NE_0001";"NE_0001";"NE_0001";"NE_0001"
"2023";"08";"061007";"CAJAMARCA";"SAN MARCOS";"JOSE SABOGAL";"GOBIERNO REGIONAL";"I-1";"00004496";"TINYAYOC";"NE_0001";"";"NE_0001";"NE_0001";"NE_0001";"NE_0001";"NE_0001";"NE_0001";"NE_0001"
"2023";"08";"061007";"CAJAMARCA";"SAN MARCOS";"JOSE SABOGAL";"GOBIERNO REGIONAL";"I-2";"00004497";"MALAT";"NE_0001";"";"NE_0001";"NE_0001";"NE_0001";"NE_0001";"NE_0001";"NE_0001";"NE_0001"
"2023";"08";"061007";"CAJAMARCA";"SAN MARCOS";"JOSE SABOGAL";"GOBIERNO REGIONAL";"I-1";"00004499";"MATIBAMBA";"NE_0001";"";"NE_0001";"NE_0001";"NE_0001";"NE_0001";"NE_0001";"NE_0001";"NE_0001"
"2023";"08";"061007";"CAJAMARCA";"SAN MARCOS";"JOSE SABOGAL";"GOBIERNO REGIONAL";"I-1";"00004495";"HUAGAL";"NE_0001";"";"NE_0001";"NE_0001";"NE_0001";"NE_0001";"NE_0001";"NE_0001";"NE_0001"
"2023";"08";"061007";"CAJAMARCA";"SAN MARCOS";"JOSE SABOGAL";"GOBIERNO REGIONAL";"I-2";"00004498";"LICLICONGA";"NE_0001";"";"NE_0001";"NE_0001";"NE_0001";"NE_0001";"NE_0001";"NE_0001";"NE_0001"
"2023";"08";"061007";"CAJAMARCA";"SAN MARCOS";"JOSE SABOGAL";"GOBIERNO REGIONAL";"I-3";"00004500";"JOSE SABOGAL";"NE_0001";"";"NE_0001";"NE_0001";"NE_0001";"NE_0001";"NE_0001";"NE_0001";"NE_0001"
"2023";"07";"130704";"LA LIBERTAD";"PACASMAYO";"PACASMAYO";"GOBIERNO REGIONAL";"II-1";"00005296";"HOSPITAL DISTRITAL DE PACASMAYO";"241800";"HOSPITALIZACIÓN DE MEDICINA MEDICINA GENERAL ";"29";"26";"96";"135";"4";"124";"4"
"2023";"07";"130704";"LA LIBERTAD";"PACASMAYO";"PACASMAYO";"GOBIERNO REGIONAL";"II-1";"00005296";"HOSPITAL DISTRITAL DE PACASMAYO";"242300";"HOSPITALIZACIÓN DE PEDIATRÍA  PEDIATRÍA  GENERAL ";"4";"3";"8";"9";"4";"124";"0"
"2023";"07";"130704";"LA LIBERTAD";"PACASMAYO";"PACASMAYO";"GOBIERNO REGIONAL";"II-1";"00005296";"HOSPITAL DISTRITAL DE PACASMAYO";"241600";"HOSPITALIZACIÓN QUIRÚRGICA OBSTETRICIA   ";"21";"21";"48";"50";"4";"124";"0"
"2023";"07";"130704";"LA LIBERTAD";"PACASMAYO";"PACASMAYO";"GOBIERNO REGIONAL";"II-1";"00005296";"HOSPITAL DISTRITAL DE PACASMAYO";"241500";"HOSPITALIZACIÓN QUIRÚRGICA GINECOLOGÍA  ";"2";"12";"17";"17";"4";"124";"0"
"2023";"08";"100801";"HUANUCO";"PACHITEA";"PANAO";"ESSALUD";"I-2";"00009958";"POSTA MEDICA PANAO";"NE_0001";"";"NE_0001";"NE_0001";"NE_0001";"NE_0001";"NE_0001";"NE_0001";"NE_0001"
"2023";"09";"221005";"SAN MARTIN";"TOCACHE";"UCHIZA";"SANIDAD DE LA POLICIA NACIONAL DEL PERU";"I-1";"00025272";"PUESTO SANITARIO PNP SANTA LUCIA";"NE_0001";"";"NE_0001";"NE_0001";"NE_0001";"NE_0001";"NE_0001";"NE_0001";"NE_0001"
"2023";"09";"090208";"HUANCAVELICA";"ACOBAMBA";"ROSARIO";"GOBIERNO REGIONAL";"I-3";"00003938";"CENTRO DE SALUD PUCA CRUZ";"NE_0001";"";"NE_0001";"NE_0001";"NE_0001";"NE_0001";"NE_0001";"NE_0001";"NE_0001"
"2023";"09";"090208";"HUANCAVELICA";"ACOBAMBA";"ROSARIO";"GOBIERNO REGIONAL";"I-2";"00003942";"PUESTO DE SALUD CHANQUIL";"NE_0001";"";"NE_0001";"NE_0001";"NE_0001";"NE_0001";"NE_0001";"NE_0001";"NE_0001"
"2023";"09";"090208";"HUANCAVELICA";"ACOBAMBA";"ROSARIO";"GOBIERNO REGIONAL";"I-1";"00007418";"PUESTO DE SALUD DE LECCLESPAMPA";"NE_0001";"";"NE_0001";"NE_0001";"NE_0001";"NE_0001";"NE_0001";"NE_0001";"NE_0001"
"2023";"09";"090208";"HUANCAVELICA";"ACOBAMBA";"ROSARIO";"GOBIERNO REGIONAL";"I-1";"00009693";"PUESTO DE SALUD DE PUNCHAYPAMPA";"NE_0001";"";"NE_0001";"NE_0001";"NE_0001";"NE_0001";"NE_0001";"NE_0001";"NE_0001"
"2023";"09";"090208";"HUANCAVELICA";"ACOBAMBA";"ROSARIO";"GOBIERNO REGIONAL";"I-1";"00009706";"PUESTO DE SALUD TORORUMI";"NE_0001";"";"NE_0001";"NE_0001";"NE_0001";"NE_0001";"NE_0001";"NE_0001";"NE_0001"
"2023";"09";"090208";"HUANCAVELICA";"ACOBAMBA";"ROSARIO";"GOBIERNO REGIONAL";"I-1";"00011231";"PUESTO DE SALUD  SANTA ROSA DE ACCOMACHAY";"NE_0001";"";"NE_0001";"NE_0001";"NE_0001";"NE_0001";"NE_0001";"NE_0001";"NE_0001"
"2023";"09";"090208";"HUANCAVELICA";"ACOBAMBA";"ROSARIO";"GOBIERNO REGIONAL";"I-1";"00009503";"PUESTO DE SALUD DE VILLA MANTARO";"NE_0001";"";"NE_0001";"NE_0001";"NE_0001";"NE_0001";"NE_0001";"NE_0001";"NE_0001"
"2023";"09";"090208";"HUANCAVELICA";"ACOBAMBA";"ROSARIO";"GOBIERNO REGIONAL";"I-1";"00007372";"PUESTO DE SALUD LLIPLLINA";"NE_0001";"";"NE_0001";"NE_0001";"NE_0001";"NE_0001";"NE_0001";"NE_0001";"NE_0001"
"2023";"09";"090208";"HUANCAVELICA";"ACOBAMBA";"ROSARIO";"GOBIERNO REGIONAL";"I-2";"00003937";"PUESTO DE SALUD ROSARIO";"NE_0001";"";"NE_0001";"NE_0001";"NE_0001";"NE_0001";"NE_0001";"NE_0001";"NE_0001"
"2023";"09";"090208";"HUANCAVELICA";"ACOBAMBA";"ROSARIO";"GOBIERNO REGIONAL";"I-1";"00009710";"PUESTO  DE SALUD ICHUPAMPA";"NE_0001";"";"NE_0001";"NE_0001";"NE_0001";"NE_0001";"NE_0001";"NE_0001";"NE_0001"
"2023";"09";"150143";"LIMA";"LIMA";"VILLA MARIA DEL TRIUNFO";"PRIVADO";"I-4";"00010229";"CENTRO MEDICO ESPECIALIZADO VIRGEN DE LAS MERCEDES E.I.R.L";"NE_0002";"";"NE_0002";"NE_0002";"NE_0002";"NE_0002";"NE_0002";"NE_0002";"NE_0002"
"2023";"09";"030601";"APURIMAC";"CHINCHEROS";"CHINCHEROS";"SANIDAD DE LA POLICIA NACIONAL DEL PERU";"I-2";"00011894";"POSTA MÉDICA SANIDAD CHINCHEROS";"NE_0001";"";"NE_0001";"NE_0001";"NE_0001";"NE_0001";"NE_0001";"NE_0001";"NE_0001"
"2023";"09";"150113";"LIMA";"LIMA";"JESUS MARIA";"PRIVADO";"II-E";"00015716";"CLÍNICA VISTA";"NE_0001";"";"NE_0001";"NE_0001";"NE_0001";"NE_0001";"NE_0001";"NE_0001";"NE_0001"
"2023";"09";"150112";"LIMA";"LIMA";"INDEPENDENCIA";"SANIDAD DE LA POLICIA NACIONAL DEL PERU";"I-2";"00012741";"POSTA MEDICA POLICIAL INDEPENDENCIA";"NE_0001";"";"NE_0001";"NE_0001";"NE_0001";"NE_0001";"NE_0001";"NE_0001";"NE_0001"
"2023";"09";"110101";"ICA";"ICA";"ICA";"ESSALUD";"II-2";"00016374";"HOSPITAL IV AUGUSTO HERNANDEZ MENDOZA";"242500";"HOSPITALIZACIÓN-PEDIATRÍA GENERAL-";"39";"45";"255";"216";"9";"270";"0"
"2023";"09";"210111";"PUNO";"PUNO";"PICHACANI";"ESSALUD";"I-3";"00025342";"CAP I LARAQUERI";"NE_0001";"";"NE_0001";"NE_0001";"NE_0001";"NE_0001";"NE_0001";"NE_0001";"NE_0001"
"2023";"09";"150143";"LIMA";"LIMA";"VILLA MARIA DEL TRIUNFO";"PRIVADO";"I-2";"00018825";"GUILLERMO KAELIN DE LA FUENTE";"NE_0001";"";"NE_0001";"NE_0001";"NE_0001";"NE_0001";"NE_0001";"NE_0001";"NE_0001"
"2023";"09";"150134";"LIMA";"LIMA";"SAN LUIS";"ESSALUD";"I-3";"00008289";"POLICLÍNICO DE COMPLEJIDAD CRECIENTE SAN LUIS";"NE_0001";"";"NE_0001";"NE_0001";"NE_0001";"NE_0001";"NE_0001";"NE_0001";"NE_0001"
"2023";"09";"110101";"ICA";"ICA";"ICA";"ESSALUD";"II-2";"00016374";"HOSPITAL IV AUGUSTO HERNANDEZ MENDOZA";"245500";"HOSPITALIZACIÓN DE MEDICINA REUMATOLOGÍA    ";"1";"1";"14";"25";"1";"30";"0"
"2023";"09";"110101";"ICA";"ICA";"ICA";"ESSALUD";"II-2";"00016374";"HOSPITAL IV AUGUSTO HERNANDEZ MENDOZA";"241300";"HOSPITALIZACIÓN QUIRÚRGICA UROLOGÍA  ";"32";"39";"184";"168";"6";"180";"0"
"2023";"09";"110101";"ICA";"ICA";"ICA";"ESSALUD";"II-2";"00016374";"HOSPITAL IV AUGUSTO HERNANDEZ MENDOZA";"250100";"UNIDAD DE CUIDADOS CRITICOS UNIDAD  DE CUIDADOS INTENSIVOS GENERALES (UCI) ";"5";"4";"49";"118";"5";"150";"7"
"2023";"09";"110101";"ICA";"ICA";"ICA";"ESSALUD";"II-2";"00016374";"HOSPITAL IV AUGUSTO HERNANDEZ MENDOZA";"250105";"UNIDAD DE CUIDADOS CRITICOS UNIDAD  DE CUIDADOS INTENSIVOS  (UCI) NEONATOLOGÍA";"6";"2";"18";"79";"3";"90";"2"
"2023";"09";"110101";"ICA";"ICA";"ICA";"ESSALUD";"II-2";"00016374";"HOSPITAL IV AUGUSTO HERNANDEZ MENDOZA";"250200";"UNIDAD DE CUIDADOS CRITICOS UNIDAD DE CUIDADOS INTERMEDIOS GENERAL  (UCIN) ";"3";"2";"40";"208";"8";"240";"0"
"2023";"09";"110101";"ICA";"ICA";"ICA";"ESSALUD";"II-2";"00016374";"HOSPITAL IV AUGUSTO HERNANDEZ MENDOZA";"250201";"UNIDAD DE CUIDADOS CRITICOS UNIDAD DE CUIDADOS INTERMEDIOS  (UCIN) NEONATAL";"13";"14";"72";"66";"5";"150";"0"
"2023";"07";"130101";"LA LIBERTAD";"TRUJILLO";"TRUJILLO";"GOBIERNO REGIONAL";"III-2";"00007277";"INSTITUTO REGIONAL DE ENFERMEDADES NEOPLASICAS - NORTE - DR. LUIS PINILLOS GANOZA";"241000";"HOSPITALIZACIÓN QUIRÚRGICA ONCOLOGÍA QUIRÚRGICA  ";"128";"131";"587";"643";"22";"682";"6"
"2023";"07";"130101";"LA LIBERTAD";"TRUJILLO";"TRUJILLO";"GOBIERNO REGIONAL";"III-2";"00007277";"INSTITUTO REGIONAL DE ENFERMEDADES NEOPLASICAS - NORTE - DR. LUIS PINILLOS GANOZA";"242100";"HOSPITALIZACIÓN DE MEDICINA ONCOLOGÍA MÉDICA ";"60";"58";"220";"271";"9";"279";"2"
"2023";"07";"150131";"LIMA";"LIMA";"SAN ISIDRO";"PRIVADO";"II-2";"00009437";"CLINICA LIMATAMBO";"240000";"HOSPITALIZACIÓN";"124";"125";"387";"295";"38";"1178";"4"
"2023";"07";"021801";"ANCASH";"SANTA";"CHIMBOTE";"PRIVADO";"II-1";"00017075";"CLINICA BELEN";"NE_0002";"";"NE_0002";"NE_0002";"NE_0002";"NE_0002";"NE_0002";"NE_0002";"NE_0002"
"2023";"07";"040201";"AREQUIPA";"CAMANA";"CAMANA";"GOBIERNO REGIONAL";"II-1";"00001344";"HOSPITAL DE CAMANA";"240100";"HOSPITALIZACIÓN QUIRÚRGICA CIRUGÍA GENERAL ";"26";"33";"228";"290";"12";"372";"0"
"2023";"07";"040201";"AREQUIPA";"CAMANA";"CAMANA";"GOBIERNO REGIONAL";"II-1";"00001344";"HOSPITAL DE CAMANA";"241200";"HOSPITALIZACIÓN QUIRÚRGICA TRAUMATOLOGÍA Y ORTOPEDIA ";"16";"20";"134";"196";"3";"233";"0"
"2023";"07";"040201";"AREQUIPA";"CAMANA";"CAMANA";"GOBIERNO REGIONAL";"II-1";"00001344";"HOSPITAL DE CAMANA";"241500";"HOSPITALIZACIÓN QUIRÚRGICA GINECOLOGÍA  ";"100";"110";"277";"339";"17";"527";"0"
"2023";"07";"040201";"AREQUIPA";"CAMANA";"CAMANA";"GOBIERNO REGIONAL";"II-1";"00001344";"HOSPITAL DE CAMANA";"241900";"HOSPITALIZACIÓN DE MEDICINA MEDICINA INTERNA ";"27";"32";"185";"247";"18";"558";"3"
"2023";"07";"040201";"AREQUIPA";"CAMANA";"CAMANA";"GOBIERNO REGIONAL";"II-1";"00001344";"HOSPITAL DE CAMANA";"242500";"HOSPITALIZACIÓN-PEDIATRÍA GENERAL-";"27";"29";"92";"154";"13";"203";"0"
"2023";"07";"040201";"AREQUIPA";"CAMANA";"CAMANA";"GOBIERNO REGIONAL";"II-1";"00001344";"HOSPITAL DE CAMANA";"243200";"HOSPITALIZACIÓN DE PEDIATRÍA PEDIATRIA NEONATOLOGÍA";"25";"28";"83";"145";"8";"248";"0"
"2023";"08";"081205";"CUSCO";"QUISPICANCHI";"CCATCA";"GOBIERNO REGIONAL";"I-2";"00002529";"KCAURY";"NE_0002";"";"NE_0002";"NE_0002";"NE_0002";"NE_0002";"NE_0002";"NE_0002";"NE_0002"
"2023";"08";"081210";"CUSCO";"QUISPICANCHI";"OCONGATE";"GOBIERNO REGIONAL";"I-2";"00006977";"TINKI";"NE_0002";"";"NE_0002";"NE_0002";"NE_0002";"NE_0002";"NE_0002";"NE_0002";"NE_0002"
"2023";"08";"081209";"CUSCO";"QUISPICANCHI";"MARCAPATA";"GOBIERNO REGIONAL";"I-1";"00007110";"INCACANCHA";"NE_0002";"";"NE_0002";"NE_0002";"NE_0002";"NE_0002";"NE_0002";"NE_0002";"NE_0002"
"2023";"08";"081205";"CUSCO";"QUISPICANCHI";"CCATCA";"GOBIERNO REGIONAL";"I-1";"00012931";"CHICHINA";"NE_0002";"";"NE_0002";"NE_0002";"NE_0002";"NE_0002";"NE_0002";"NE_0002";"NE_0002"
"2023";"08";"081205";"CUSCO";"QUISPICANCHI";"CCATCA";"GOBIERNO REGIONAL";"I-1";"00016335";"CCAPANA";"NE_0002";"";"NE_0002";"NE_0002";"NE_0002";"NE_0002";"NE_0002";"NE_0002";"NE_0002"
"2023";"08";"081205";"CUSCO";"QUISPICANCHI";"CCATCA";"GOBIERNO REGIONAL";"I-2";"00002524";"PAMPACAMARA";"NE_0002";"";"NE_0002";"NE_0002";"NE_0002";"NE_0002";"NE_0002";"NE_0002";"NE_0002"
"2023";"08";"081209";"CUSCO";"QUISPICANCHI";"MARCAPATA";"GOBIERNO REGIONAL";"I-2";"00002535";"MARCAPATA";"NE_0002";"";"NE_0002";"NE_0002";"NE_0002";"NE_0002";"NE_0002";"NE_0002";"NE_0002"
"2023";"08";"081203";"CUSCO";"QUISPICANCHI";"CAMANTI";"GOBIERNO REGIONAL";"I-3";"00002526";"QUINCE MIL";"NE_0002";"";"NE_0002";"NE_0002";"NE_0002";"NE_0002";"NE_0002";"NE_0002";"NE_0002"
"2023";"08";"081205";"CUSCO";"QUISPICANCHI";"CCATCA";"GOBIERNO REGIONAL";"I-4";"00002528";"CCATCCA";"NE_0002";"";"NE_0002";"NE_0002";"NE_0002";"NE_0002";"NE_0002";"NE_0002";"NE_0002"
"2023";"08";"081210";"CUSCO";"QUISPICANCHI";"OCONGATE";"GOBIERNO REGIONAL";"I-4";"00002536";"OCONGATE";"NE_0002";"";"NE_0002";"NE_0002";"NE_0002";"NE_0002";"NE_0002";"NE_0002";"NE_0002"
"2023";"08";"140101";"LAMBAYEQUE";"CHICLAYO";"CHICLAYO";"PRIVADO";"II-E";"00026706";"CLINICA UNION SAC.";"241400";"HOSPITALIZACIÓN QUIRÚRGICA GINECO - OBSTETRICIA ";"92";"79";"123";"150";"6";"160";"0"
"2023";"08";"140101";"LAMBAYEQUE";"CHICLAYO";"CHICLAYO";"PRIVADO";"II-E";"00026706";"CLINICA UNION SAC.";"240100";"HOSPITALIZACIÓN QUIRÚRGICA CIRUGÍA GENERAL ";"83";"59";"108";"115";"3";"120";"0"
"2023";"08";"140101";"LAMBAYEQUE";"CHICLAYO";"CHICLAYO";"PRIVADO";"II-E";"00026706";"CLINICA UNION SAC.";"241300";"HOSPITALIZACIÓN QUIRÚRGICA UROLOGÍA  ";"24";"32";"46";"55";"2";"60";"0"
"2023";"08";"140101";"LAMBAYEQUE";"CHICLAYO";"CHICLAYO";"PRIVADO";"II-E";"00026706";"CLINICA UNION SAC.";"240200";"HOSPITALIZACIÓN QUIRÚRGICA CIRUGÍA DE CABEZA Y CUELLO / MÁXILO FACIAL ";"11";"8";"13";"5";"1";"75";"0"
"2023";"08";"140101";"LAMBAYEQUE";"CHICLAYO";"CHICLAYO";"PRIVADO";"II-E";"00026706";"CLINICA UNION SAC.";"241200";"HOSPITALIZACIÓN QUIRÚRGICA TRAUMATOLOGÍA Y ORTOPEDIA ";"15";"5";"16";"18";"1";"25";"0"
"2023";"08";"140101";"LAMBAYEQUE";"CHICLAYO";"CHICLAYO";"PRIVADO";"II-E";"00026706";"CLINICA UNION SAC.";"240800";"HOSPITALIZACIÓN QUIRÚRGICA CIRUGÍA PLÁSTICA/RECONSTRUCTIVA/ REPARADORA ";"5";"4";"6";"18";"1";"36";"0"
"2023";"08";"140101";"LAMBAYEQUE";"CHICLAYO";"CHICLAYO";"PRIVADO";"II-E";"00026706";"CLINICA UNION SAC.";"240400";"HOSPITALIZACIÓN QUIRÚRGICA CIRUGÍA DE TÓRAX Y CARDIOVASCULAR ";"7";"3";"8";"18";"1";"24";"0"
"2023";"08";"140101";"LAMBAYEQUE";"CHICLAYO";"CHICLAYO";"PRIVADO";"II-E";"00026706";"CLINICA UNION SAC.";"240900";"HOSPITALIZACIÓN QUIRÚRGICA NEUROCIRUGÍA ";"2";"5";"7";"20";"1";"30";"0"
"2023";"08";"140101";"LAMBAYEQUE";"CHICLAYO";"CHICLAYO";"PRIVADO";"II-E";"00026706";"CLINICA UNION SAC.";"241900";"HOSPITALIZACIÓN DE MEDICINA MEDICINA INTERNA ";"3";"2";"6";"7";"1";"12";"0"
"2023";"08";"220202";"SAN MARTIN";"BELLAVISTA";"ALTO BIAVO";"GOBIERNO REGIONAL";"I-1";"00006528";"NUEVA ARICA";"NE_0002";"";"NE_0002";"NE_0002";"NE_0002";"NE_0002";"NE_0002";"NE_0002";"NE_0002"
"2023";"08";"220803";"SAN MARTIN";"RIOJA";"ELIAS SOPLIN VARGAS";"GOBIERNO REGIONAL";"I-1";"00006279";"PUERTO BAGAZAN";"NE_0002";"";"NE_0002";"NE_0002";"NE_0002";"NE_0002";"NE_0002";"NE_0002";"NE_0002"
"2023";"08";"220803";"SAN MARTIN";"RIOJA";"ELIAS SOPLIN VARGAS";"GOBIERNO REGIONAL";"I-1";"00017707";"LA VICTORIA";"NE_0002";"";"NE_0002";"NE_0002";"NE_0002";"NE_0002";"NE_0002";"NE_0002";"NE_0002"
"2023";"08";"220803";"SAN MARTIN";"RIOJA";"ELIAS SOPLIN VARGAS";"GOBIERNO REGIONAL";"I-3";"00006277";"SEGUNDA JERUSALEN";"241600";"HOSPITALIZACIÓN QUIRÚRGICA OBSTETRICIA   ";"3";"3";"3";"3";"3";"93";"0"
"2023";"08";"220803";"SAN MARTIN";"RIOJA";"ELIAS SOPLIN VARGAS";"GOBIERNO REGIONAL";"I-3";"00006277";"SEGUNDA JERUSALEN";"241800";"HOSPITALIZACIÓN DE MEDICINA MEDICINA GENERAL ";"3";"3";"3";"6";"7";"217";"0"
"2023";"08";"060607";"CAJAMARCA";"CUTERVO";"QUEROCOTILLO";"GOBIERNO REGIONAL";"I-3";"00004968";"SILLANGATE";"NE_0001";"";"NE_0001";"NE_0001";"NE_0001";"NE_0001";"NE_0001";"NE_0001";"NE_0001"
"2023";"08";"060607";"CAJAMARCA";"CUTERVO";"QUEROCOTILLO";"GOBIERNO REGIONAL";"I-1";"00005011";"PARIC";"NE_0001";"";"NE_0001";"NE_0001";"NE_0001";"NE_0001";"NE_0001";"NE_0001";"NE_0001"
"2023";"08";"060607";"CAJAMARCA";"CUTERVO";"QUEROCOTILLO";"GOBIERNO REGIONAL";"I-3";"00005006";"QUEROCOTILLO";"NE_0001";"";"NE_0001";"NE_0001";"NE_0001";"NE_0001";"NE_0001";"NE_0001";"NE_0001"
"2023";"08";"060607";"CAJAMARCA";"CUTERVO";"QUEROCOTILLO";"GOBIERNO REGIONAL";"I-1";"00006943";"BALCONCILLO";"NE_0001";"";"NE_0001";"NE_0001";"NE_0001";"NE_0001";"NE_0001";"NE_0001";"NE_0001"
"2023";"08";"150131";"LIMA";"LIMA";"SAN ISIDRO";"PRIVADO";"II-2";"00009123";"CLINICA ANGLOAMERICANA";"240000";"HOSPITALIZACIÓN";"497";"490";"1693";"1906";"93";"2866";"4"
"2023";"08";"150140";"LIMA";"LIMA";"SANTIAGO DE SURCO";"PRIVADO";"II-E";"00012219";"CLINICA MONTESUR";"241800";"HOSPITALIZACIÓN DE MEDICINA MEDICINA GENERAL ";"191";"188";"224";"174";"34";"155";"0"
"2023";"08";"150140";"LIMA";"LIMA";"SANTIAGO DE SURCO";"PRIVADO";"II-E";"00012219";"CLINICA MONTESUR";"243200";"HOSPITALIZACIÓN DE PEDIATRÍA PEDIATRIA NEONATOLOGÍA";"30";"30";"48";"28";"5";"986";"0"
"2023";"08";"080108";"CUSCO";"CUSCO";"WANCHAQ";"PRIVADO";"II-E";"00011338";"PARDO";"240100";"HOSPITALIZACIÓN QUIRÚRGICA CIRUGÍA GENERAL ";"11";"9";"41";"11";"33";"999";"0"
"2023";"08";"080108";"CUSCO";"CUSCO";"WANCHAQ";"PRIVADO";"II-E";"00011338";"PARDO";"240200";"HOSPITALIZACIÓN QUIRÚRGICA CIRUGÍA DE CABEZA Y CUELLO / MÁXILO FACIAL ";"2";"2";"3";"2";"33";"999";"0"
"2023";"08";"080108";"CUSCO";"CUSCO";"WANCHAQ";"PRIVADO";"II-E";"00011338";"PARDO";"240400";"HOSPITALIZACIÓN QUIRÚRGICA CIRUGÍA DE TÓRAX Y CARDIOVASCULAR ";"3";"3";"10";"3";"33";"999";"0"
"2023";"08";"080108";"CUSCO";"CUSCO";"WANCHAQ";"PRIVADO";"II-E";"00011338";"PARDO";"240700";"HOSPITALIZACIÓN QUIRÚRGICA CIRUGÍA PEDIÁTRICA ";"1";"1";"2";"1";"33";"999";"0"
"2023";"08";"080108";"CUSCO";"CUSCO";"WANCHAQ";"PRIVADO";"II-E";"00011338";"PARDO";"240900";"HOSPITALIZACIÓN QUIRÚRGICA NEUROCIRUGÍA ";"33";"31";"98";"32";"33";"999";"0"
"2023";"08";"080108";"CUSCO";"CUSCO";"WANCHAQ";"PRIVADO";"II-E";"00011338";"PARDO";"241100";"HOSPITALIZACIÓN QUIRÚRGICA OTORRINOLARINGOLOGÍA  ";"1";"1";"1";"1";"33";"999";"0"
"2023";"08";"080108";"CUSCO";"CUSCO";"WANCHAQ";"PRIVADO";"II-E";"00011338";"PARDO";"241200";"HOSPITALIZACIÓN QUIRÚRGICA TRAUMATOLOGÍA Y ORTOPEDIA ";"34";"29";"114";"33";"33";"999";"0"
"2023";"08";"080108";"CUSCO";"CUSCO";"WANCHAQ";"PRIVADO";"II-E";"00011338";"PARDO";"241300";"HOSPITALIZACIÓN QUIRÚRGICA UROLOGÍA  ";"4";"3";"14";"4";"33";"999";"0"
"2023";"08";"080108";"CUSCO";"CUSCO";"WANCHAQ";"PRIVADO";"II-E";"00011338";"PARDO";"241600";"HOSPITALIZACIÓN QUIRÚRGICA OBSTETRICIA   ";"19";"16";"38";"19";"33";"999";"0"
"2023";"08";"080108";"CUSCO";"CUSCO";"WANCHAQ";"PRIVADO";"II-E";"00011338";"PARDO";"241700";"HOSPITALIZACIÓN QUIRÚRGICA GINECOLOGÍA   GINECOLOGIA ONCOLOGiCA";"8";"8";"31";"8";"33";"999";"0"
"2023";"08";"080108";"CUSCO";"CUSCO";"WANCHAQ";"PRIVADO";"II-E";"00011338";"PARDO";"241900";"HOSPITALIZACIÓN DE MEDICINA MEDICINA INTERNA ";"3";"3";"7";"3";"33";"999";"0"
"2023";"08";"080108";"CUSCO";"CUSCO";"WANCHAQ";"PRIVADO";"II-E";"00011338";"PARDO";"242100";"HOSPITALIZACIÓN DE MEDICINA ONCOLOGÍA MÉDICA ";"1";"1";"21";"1";"33";"999";"0"
"2023";"08";"080108";"CUSCO";"CUSCO";"WANCHAQ";"PRIVADO";"II-E";"00011338";"PARDO";"244300";"HOSPITALIZACIÓN DE MEDICINA GASTROENTEROLOGÍA  ";"2";"2";"9";"2";"33";"999";"0"
"2023";"08";"080108";"CUSCO";"CUSCO";"WANCHAQ";"PRIVADO";"II-E";"00011338";"PARDO";"244700";"HOSPITALIZACIÓN DE MEDICINA NEUROLOGIA  ";"6";"6";"18";"6";"33";"999";"0"
"2023";"08";"080108";"CUSCO";"CUSCO";"WANCHAQ";"PRIVADO";"II-E";"00011338";"PARDO";"245300";"HOSPITALIZACIÓN DE MEDICINA NEUMOLOGÍA  ";"4";"4";"13";"4";"33";"999";"0"
"2023";"08";"080108";"CUSCO";"CUSCO";"WANCHAQ";"PRIVADO";"II-E";"00011338";"PARDO";"250100";"UNIDAD DE CUIDADOS CRITICOS UNIDAD  DE CUIDADOS INTENSIVOS GENERALES (UCI) ";"11";"7";"85";"10";"33";"999";"0"
"2023";"02";"061104";"CAJAMARCA";"SAN MIGUEL";"CATILLUC";"GOBIERNO REGIONAL";"I-3";"00004621";"CATILLUC";"NE_0001";"";"NE_0001";"NE_0001";"NE_0001";"NE_0001";"NE_0001";"NE_0001";"NE_0001"
"2023";"02";"061111";"CAJAMARCA";"SAN MIGUEL";"SAN SILVESTRE DE COCHAN";"GOBIERNO REGIONAL";"I-1";"00004608";"QUEBRADA HONDA";"NE_0001";"";"NE_0001";"NE_0001";"NE_0001";"NE_0001";"NE_0001";"NE_0001";"NE_0001"
"2023";"02";"061104";"CAJAMARCA";"SAN MIGUEL";"CATILLUC";"GOBIERNO REGIONAL";"I-1";"00004606";"QUILCATE ALTO";"NE_0001";"";"NE_0001";"NE_0001";"NE_0001";"NE_0001";"NE_0001";"NE_0001";"NE_0001"
"2023";"02";"061111";"CAJAMARCA";"SAN MIGUEL";"SAN SILVESTRE DE COCHAN";"GOBIERNO REGIONAL";"I-1";"00004569";"EL COBRO NEGRO";"NE_0001";"";"NE_0001";"NE_0001";"NE_0001";"NE_0001";"NE_0001";"NE_0001";"NE_0001"
"2023";"03";"061104";"CAJAMARCA";"SAN MIGUEL";"CATILLUC";"GOBIERNO REGIONAL";"I-3";"00004621";"CATILLUC";"NE_0001";"";"NE_0001";"NE_0001";"NE_0001";"NE_0001";"NE_0001";"NE_0001";"NE_0001"
"2023";"03";"061111";"CAJAMARCA";"SAN MIGUEL";"SAN SILVESTRE DE COCHAN";"GOBIERNO REGIONAL";"I-1";"00004608";"QUEBRADA HONDA";"NE_0001";"";"NE_0001";"NE_0001";"NE_0001";"NE_0001";"NE_0001";"NE_0001";"NE_0001"
"2023";"03";"061104";"CAJAMARCA";"SAN MIGUEL";"CATILLUC";"GOBIERNO REGIONAL";"I-1";"00004606";"QUILCATE ALTO";"NE_0001";"";"NE_0001";"NE_0001";"NE_0001";"NE_0001";"NE_0001";"NE_0001";"NE_0001"
"2023";"03";"061111";"CAJAMARCA";"SAN MIGUEL";"SAN SILVESTRE DE COCHAN";"GOBIERNO REGIONAL";"I-1";"00004569";"EL COBRO NEGRO";"NE_0001";"";"NE_0001";"NE_0001";"NE_0001";"NE_0001";"NE_0001";"NE_0001";"NE_0001"
"2023";"04";"061104";"CAJAMARCA";"SAN MIGUEL";"CATILLUC";"GOBIERNO REGIONAL";"I-3";"00004621";"CATILLUC";"NE_0001";"";"NE_0001";"NE_0001";"NE_0001";"NE_0001";"NE_0001";"NE_0001";"NE_0001"
"2023";"04";"061111";"CAJAMARCA";"SAN MIGUEL";"SAN SILVESTRE DE COCHAN";"GOBIERNO REGIONAL";"I-1";"00004608";"QUEBRADA HONDA";"NE_0001";"";"NE_0001";"NE_0001";"NE_0001";"NE_0001";"NE_0001";"NE_0001";"NE_0001"
"2023";"04";"061104";"CAJAMARCA";"SAN MIGUEL";"CATILLUC";"GOBIERNO REGIONAL";"I-1";"00004606";"QUILCATE ALTO";"NE_0001";"";"NE_0001";"NE_0001";"NE_0001";"NE_0001";"NE_0001";"NE_0001";"NE_0001"
"2023";"04";"061111";"CAJAMARCA";"SAN MIGUEL";"SAN SILVESTRE DE COCHAN";"GOBIERNO REGIONAL";"I-1";"00004569";"EL COBRO NEGRO";"NE_0001";"";"NE_0001";"NE_0001";"NE_0001";"NE_0001";"NE_0001";"NE_0001";"NE_0001"
"2023";"08";"220510";"SAN MARTIN";"LAMAS";"TABALOSOS";"GOBIERNO REGIONAL";"I-1";"00015377";"HUNGURAHUI PAMPA";"NE_0001";"";"NE_0001";"NE_0001";"NE_0001";"NE_0001";"NE_0001";"NE_0001";"NE_0001"
"2023";"08";"220506";"SAN MARTIN";"LAMAS";"PINTO RECODO";"GOBIERNO REGIONAL";"I-1";"00006411";"MISHQUIYACU PINTO RECODO";"NE_0001";"";"NE_0001";"NE_0001";"NE_0001";"NE_0001";"NE_0001";"NE_0001";"NE_0001"
"2023";"08";"220510";"SAN MARTIN";"LAMAS";"TABALOSOS";"GOBIERNO REGIONAL";"I-1";"00006413";"SAN MIGUEL DEL RIO MAYO";"NE_0001";"";"NE_0001";"NE_0001";"NE_0001";"NE_0001";"NE_0001";"NE_0001";"NE_0001"
"2023";"08";"220506";"SAN MARTIN";"LAMAS";"PINTO RECODO";"GOBIERNO REGIONAL";"I-1";"00006410";"CHURUZAPA PINTO RECODO";"NE_0001";"";"NE_0001";"NE_0001";"NE_0001";"NE_0001";"NE_0001";"NE_0001";"NE_0001"
"2023";"08";"220510";"SAN MARTIN";"LAMAS";"TABALOSOS";"GOBIERNO REGIONAL";"I-4";"00006408";"TABALOSOS";"241600";"HOSPITALIZACIÓN QUIRÚRGICA OBSTETRICIA   ";"19";"19";"19";"19";"10";"310";"0"
"2023";"08";"220510";"SAN MARTIN";"LAMAS";"TABALOSOS";"GOBIERNO REGIONAL";"I-1";"00006414";"PUCAYACU PANJUI";"NE_0001";"";"NE_0001";"NE_0001";"NE_0001";"NE_0001";"NE_0001";"NE_0001";"NE_0001"
"2023";"08";"220506";"SAN MARTIN";"LAMAS";"PINTO RECODO";"GOBIERNO REGIONAL";"I-1";"00006409";"PINTO RECODO";"NE_0001";"";"NE_0001";"NE_0001";"NE_0001";"NE_0001";"NE_0001";"NE_0001";"NE_0001"
"2023";"08";"220509";"SAN MARTIN";"LAMAS";"SHANAO";"GOBIERNO REGIONAL";"I-1";"00006412";"SHANAO";"NE_0001";"";"NE_0001";"NE_0001";"NE_0001";"NE_0001";"NE_0001";"NE_0001";"NE_0001"
"2023";"08";"220101";"SAN MARTIN";"MOYOBAMBA";"MOYOBAMBA";"GOBIERNO REGIONAL";"I-2";"00006291";"ATUMPLAYA";"NE_0001";"";"NE_0001";"NE_0001";"NE_0001";"NE_0001";"NE_0001";"NE_0001";"NE_0001"
"2023";"08";"220807";"SAN MARTIN";"RIOJA";"SAN FERNANDO";"GOBIERNO REGIONAL";"I-3";"00006290";"SAN FERNANDO";"NE_0002";"";"NE_0002";"NE_0002";"NE_0002";"NE_0002";"NE_0002";"NE_0002";"NE_0002"
"2023";"08";"220807";"SAN MARTIN";"RIOJA";"SAN FERNANDO";"GOBIERNO REGIONAL";"I-1";"00006294";"PERLA MAYO";"NE_0001";"";"NE_0001";"NE_0001";"NE_0001";"NE_0001";"NE_0001";"NE_0001";"NE_0001"
"2023";"07";"150143";"LIMA";"LIMA";"VILLA MARIA DEL TRIUNFO";"PRIVADO";"II-1";"00017824";"CLINICA MARIA HUARHUA E.I.R.L";"241600";"HOSPITALIZACIÓN QUIRÚRGICA OBSTETRICIA   ";"5";"5";"10";"10";"10";"15";"0"
"2023";"07";"250301";"UCAYALI";"PADRE ABAD";"PADRE ABAD";"GOBIERNO REGIONAL";"I-1";"00030640";"PUESTO DE SALUD YAMINO";"NE_0002";"";"NE_0002";"NE_0002";"NE_0002";"NE_0002";"NE_0002";"NE_0002";"NE_0002"
"2023";"07";"250301";"UCAYALI";"PADRE ABAD";"PADRE ABAD";"GOBIERNO REGIONAL";"I-1";"00030639";"PUESTO DE SALUD VALLE DE SION";"NE_0002";"";"NE_0002";"NE_0002";"NE_0002";"NE_0002";"NE_0002";"NE_0002";"NE_0002"
"2023";"07";"250301";"UCAYALI";"PADRE ABAD";"PADRE ABAD";"GOBIERNO REGIONAL";"I-1";"00030638";"PUESTO DE SALUD LOS OLIVOS";"NE_0002";"";"NE_0002";"NE_0002";"NE_0002";"NE_0002";"NE_0002";"NE_0002";"NE_0002"
"2023";"07";"250301";"UCAYALI";"PADRE ABAD";"PADRE ABAD";"GOBIERNO REGIONAL";"I-1";"00019070";"NUEVA CHONTA";"NE_0001";"";"NE_0001";"NE_0001";"NE_0001";"NE_0001";"NE_0001";"NE_0001";"NE_0001"
"2023";"07";"250301";"UCAYALI";"PADRE ABAD";"PADRE ABAD";"GOBIERNO REGIONAL";"I-2";"00006802";"SHAMBILLO";"NE_0001";"";"NE_0001";"NE_0001";"NE_0001";"NE_0001";"NE_0001";"NE_0001";"NE_0001"
"2023";"07";"250301";"UCAYALI";"PADRE ABAD";"PADRE ABAD";"GOBIERNO REGIONAL";"I-2";"00005411";"SANTA ROSA DE AGUAYTIA";"NE_0001";"";"NE_0001";"NE_0001";"NE_0001";"NE_0001";"NE_0001";"NE_0001";"NE_0001"
"2023";"04";"150130";"LIMA";"LIMA";"SAN BORJA";"PRIVADO";"II-1";"00008258";"REJUVENECIMIENTO Y ESTETICA CABANI SRL";"240800";"HOSPITALIZACIÓN QUIRÚRGICA CIRUGÍA PLÁSTICA/RECONSTRUCTIVA/ REPARADORA ";"36";"35";"23";"59";"6";"180";"0"
"2023";"02";"040802";"AREQUIPA";"LA UNION";"ALCA";"MINSA";"I-3";"00001464";"CENTRO DE SALUD ALCA";"NE_0001";"";"NE_0001";"NE_0001";"NE_0001";"NE_0001";"NE_0001";"NE_0001";"NE_0001"
"2023";"04";"130901";"LA LIBERTAD";"SANCHEZ CARRION";"HUAMACHUCO";"GOBIERNO REGIONAL";"I-2";"00005355";"EL PALLAR";"NE_0001";"";"NE_0001";"NE_0001";"NE_0001";"NE_0001";"NE_0001";"NE_0001";"NE_0001"
"2023";"04";"130901";"LA LIBERTAD";"SANCHEZ CARRION";"HUAMACHUCO";"GOBIERNO REGIONAL";"I-1";"00018226";"EL CAPULI";"NE_0001";"";"NE_0001";"NE_0001";"NE_0001";"NE_0001";"NE_0001";"NE_0001";"NE_0001"
"2023";"04";"130901";"LA LIBERTAD";"SANCHEZ CARRION";"HUAMACHUCO";"GOBIERNO REGIONAL";"I-1";"00029010";"PALLAR ALTO";"NE_0001";"";"NE_0001";"NE_0001";"NE_0001";"NE_0001";"NE_0001";"NE_0001";"NE_0001"
"2023";"04";"150140";"LIMA";"LIMA";"SANTIAGO DE SURCO";"ESSALUD";"I-3";"00008378";"POLICLINICO PROCERES";"NE_0001";"";"NE_0001";"NE_0001";"NE_0001";"NE_0001";"NE_0001";"NE_0001";"NE_0001"
"2023";"04";"130101";"LA LIBERTAD";"TRUJILLO";"TRUJILLO";"PRIVADO";"II-1";"00013373";"CLINICA PERUANO AMERICANA S. A.";"241800";"HOSPITALIZACIÓN DE MEDICINA MEDICINA GENERAL ";"69";"50";"188";"322";"11";"330";"0"
"2023";"04";"130101";"LA LIBERTAD";"TRUJILLO";"TRUJILLO";"PRIVADO";"II-1";"00013373";"CLINICA PERUANO AMERICANA S. A.";"240100";"HOSPITALIZACIÓN QUIRÚRGICA CIRUGÍA GENERAL ";"132";"108";"242";"418";"17";"510";"0"
"2023";"04";"130101";"LA LIBERTAD";"TRUJILLO";"TRUJILLO";"PRIVADO";"II-1";"00013373";"CLINICA PERUANO AMERICANA S. A.";"242300";"HOSPITALIZACIÓN DE PEDIATRÍA  PEDIATRÍA  GENERAL ";"18";"13";"31";"74";"7";"210";"0"
"2023";"04";"130101";"LA LIBERTAD";"TRUJILLO";"TRUJILLO";"PRIVADO";"II-1";"00013373";"CLINICA PERUANO AMERICANA S. A.";"241400";"HOSPITALIZACIÓN QUIRÚRGICA GINECO - OBSTETRICIA ";"18";"14";"32";"111";"5";"150";"0"
"2023";"05";"040111";"AREQUIPA";"AREQUIPA";"MOLLEBAYA";"GOBIERNO REGIONAL";"I-2";"00001285";"PUESTO DE SALUD MOLLEBAYA";"NE_0001";"";"NE_0001";"NE_0001";"NE_0001";"NE_0001";"NE_0001";"NE_0001";"NE_0001"
"2023";"05";"040114";"AREQUIPA";"AREQUIPA";"POLOBAYA";"GOBIERNO REGIONAL";"I-2";"00001262";"PUESTO DE SALUD POLOBAYA";"NE_0001";"";"NE_0001";"NE_0001";"NE_0001";"NE_0001";"NE_0001";"NE_0001";"NE_0001"
"2023";"05";"040111";"AREQUIPA";"AREQUIPA";"MOLLEBAYA";"GOBIERNO REGIONAL";"I-2";"00011677";"PUESTO DE SALUD MACHAHUAYA";"NE_0001";"";"NE_0001";"NE_0001";"NE_0001";"NE_0001";"NE_0001";"NE_0001";"NE_0001"
"2023";"01";"150108";"LIMA";"LIMA";"CHORRILLOS";"PRIVADO";"II-1";"00011950";"CLINICA CHORRILLOS";"NE_0002";"";"NE_0002";"NE_0002";"NE_0002";"NE_0002";"NE_0002";"NE_0002";"NE_0002"
"2023";"06";"200301";"PIURA";"HUANCABAMBA";"HUANCABAMBA";"SANIDAD DE LA POLICIA NACIONAL DEL PERU";"I-1";"00010680";"PUESTO SANITARIO PNP HUANCABAMBA";"NE_0002";"";"NE_0002";"NE_0002";"NE_0002";"NE_0002";"NE_0002";"NE_0002";"NE_0002"
"2023";"06";"150510";"LIMA";"CAÑETE";"NUEVO IMPERIAL";"SANIDAD DE LA POLICIA NACIONAL DEL PERU";"I-3";"00017849";"POLICLINICO POLICIAL CAÑETE";"NE_0001";"";"NE_0001";"NE_0001";"NE_0001";"NE_0001";"NE_0001";"NE_0001";"NE_0001"
"2023";"06";"220601";"SAN MARTIN";"MARISCAL CACERES";"JUANJUI";"GOBIERNO REGIONAL";"II-E";"00006919";"HOSPITAL II-E JUANJUI - MC LUIS IZQUIERDO VÁSQUEZ";"240100";"HOSPITALIZACIÓN QUIRÚRGICA CIRUGÍA GENERAL ";"23";"25";"64";"64";"5";"150";"0"
"2023";"06";"220601";"SAN MARTIN";"MARISCAL CACERES";"JUANJUI";"GOBIERNO REGIONAL";"II-E";"00006919";"HOSPITAL II-E JUANJUI - MC LUIS IZQUIERDO VÁSQUEZ";"241400";"HOSPITALIZACIÓN QUIRÚRGICA GINECO - OBSTETRICIA ";"82";"86";"204";"204";"8";"240";"0"
"2023";"06";"220601";"SAN MARTIN";"MARISCAL CACERES";"JUANJUI";"GOBIERNO REGIONAL";"II-E";"00006919";"HOSPITAL II-E JUANJUI - MC LUIS IZQUIERDO VÁSQUEZ";"241600";"HOSPITALIZACIÓN QUIRÚRGICA OBSTETRICIA   ";"46";"49";"81";"81";"8";"240";"0"
"2023";"06";"220601";"SAN MARTIN";"MARISCAL CACERES";"JUANJUI";"GOBIERNO REGIONAL";"II-E";"00006919";"HOSPITAL II-E JUANJUI - MC LUIS IZQUIERDO VÁSQUEZ";"241800";"HOSPITALIZACIÓN DE MEDICINA MEDICINA GENERAL ";"65";"72";"252";"252";"16";"480";"0"
"2023";"06";"220601";"SAN MARTIN";"MARISCAL CACERES";"JUANJUI";"GOBIERNO REGIONAL";"II-E";"00006919";"HOSPITAL II-E JUANJUI - MC LUIS IZQUIERDO VÁSQUEZ";"242500";"HOSPITALIZACIÓN-PEDIATRÍA GENERAL-";"81";"88";"178";"178";"6";"180";"0"
"2023";"06";"150136";"LIMA";"LIMA";"SAN MIGUEL";"PRIVADO";"II-2";"00011401";"CLINICA SAN JUDAS TADEO";"240000";"HOSPITALIZACIÓN";"385";"348";"1164";"1267";"54";"1620";"4"
"2023";"06";"060602";"CAJAMARCA";"CUTERVO";"CALLAYUC";"GOBIERNO REGIONAL";"I-3";"00004959";"CALLAYUC";"NE_0001";"";"NE_0001";"NE_0001";"NE_0001";"NE_0001";"NE_0001";"NE_0001";"NE_0001"
"2023";"06";"060602";"CAJAMARCA";"CUTERVO";"CALLAYUC";"GOBIERNO REGIONAL";"I-1";"00006835";"CHURAS";"NE_0001";"";"NE_0001";"NE_0001";"NE_0001";"NE_0001";"NE_0001";"NE_0001";"NE_0001"
"2023";"06";"060602";"CAJAMARCA";"CUTERVO";"CALLAYUC";"GOBIERNO REGIONAL";"I-1";"00006944";"VILUCO";"NE_0001";"";"NE_0001";"NE_0001";"NE_0001";"NE_0001";"NE_0001";"NE_0001";"NE_0001"
"2023";"06";"060602";"CAJAMARCA";"CUTERVO";"CALLAYUC";"GOBIERNO REGIONAL";"I-1";"00006829";"PUQUIO DE CALLAYUC";"NE_0001";"";"NE_0001";"NE_0001";"NE_0001";"NE_0001";"NE_0001";"NE_0001";"NE_0001"
"2023";"06";"060602";"CAJAMARCA";"CUTERVO";"CALLAYUC";"GOBIERNO REGIONAL";"I-1";"00007368";"CUCHEA";"NE_0001";"";"NE_0001";"NE_0001";"NE_0001";"NE_0001";"NE_0001";"NE_0001";"NE_0001"
"2023";"06";"060602";"CAJAMARCA";"CUTERVO";"CALLAYUC";"GOBIERNO REGIONAL";"I-1";"00007100";"SAN JUAN DE CHORILLOS";"NE_0001";"";"NE_0001";"NE_0001";"NE_0001";"NE_0001";"NE_0001";"NE_0001";"NE_0001"
"2023";"06";"060602";"CAJAMARCA";"CUTERVO";"CALLAYUC";"GOBIERNO REGIONAL";"I-1";"00007369";"CHONTAS";"NE_0001";"";"NE_0001";"NE_0001";"NE_0001";"NE_0001";"NE_0001";"NE_0001";"NE_0001"
"2023";"06";"060602";"CAJAMARCA";"CUTERVO";"CALLAYUC";"GOBIERNO REGIONAL";"I-1";"00004961";"SAN JOSE DE LIRIO";"NE_0001";"";"NE_0001";"NE_0001";"NE_0001";"NE_0001";"NE_0001";"NE_0001";"NE_0001"
"2023";"06";"060602";"CAJAMARCA";"CUTERVO";"CALLAYUC";"GOBIERNO REGIONAL";"I-1";"00006830";"FILADELFIA";"NE_0001";"";"NE_0001";"NE_0001";"NE_0001";"NE_0001";"NE_0001";"NE_0001";"NE_0001"
"2023";"06";"060602";"CAJAMARCA";"CUTERVO";"CALLAYUC";"GOBIERNO REGIONAL";"I-2";"00004960";"EL CUMBE";"NE_0001";"";"NE_0001";"NE_0001";"NE_0001";"NE_0001";"NE_0001";"NE_0001";"NE_0001"
"2023";"06";"040104";"AREQUIPA";"AREQUIPA";"CERRO COLORADO";"GOBIERNO REGIONAL";"I-3";"00001238";"CENTRO DE SALUD MARISCAL CASTILLA";"NE_0001";"";"NE_0001";"NE_0001";"NE_0001";"NE_0001";"NE_0001";"NE_0001";"NE_0001"
"2023";"06";"040104";"AREQUIPA";"AREQUIPA";"CERRO COLORADO";"GOBIERNO REGIONAL";"I-3";"00001249";"CENTRO DE SALUD SEMI RURAL PACHACUTEC";"NE_0001";"";"NE_0001";"NE_0001";"NE_0001";"NE_0001";"NE_0001";"NE_0001";"NE_0001"
"2023";"06";"040104";"AREQUIPA";"AREQUIPA";"CERRO COLORADO";"GOBIERNO REGIONAL";"I-2";"00001250";"PUESTO DE SALUD JOSE SANTOS ATAHUALPA";"NE_0001";"";"NE_0001";"NE_0001";"NE_0001";"NE_0001";"NE_0001";"NE_0001";"NE_0001"
"2023";"06";"040104";"AREQUIPA";"AREQUIPA";"CERRO COLORADO";"GOBIERNO REGIONAL";"I-1";"00001252";"PUESTO DE SALUD EL CURAL";"NE_0001";"";"NE_0001";"NE_0001";"NE_0001";"NE_0001";"NE_0001";"NE_0001";"NE_0001"
"2023";"06";"080702";"CUSCO";"CHUMBIVILCAS";"CAPACMARCA";"GOBIERNO REGIONAL";"I-1";"00027009";"TAHUAY";"NE_0001";"";"NE_0001";"NE_0001";"NE_0001";"NE_0001";"NE_0001";"NE_0001";"NE_0001"
"2023";"06";"061001";"CAJAMARCA";"SAN MARCOS";"PEDRO GALVEZ";"ESSALUD";"I-2";"00010275";"POSTA MEDICA DE SAN MARCOS";"NE_0001";"";"NE_0001";"NE_0001";"NE_0001";"NE_0001";"NE_0001";"NE_0001";"NE_0001"
"2023";"06";"120101";"JUNIN";"HUANCAYO";"HUANCAYO";"GOBIERNO REGIONAL";"III-E";"00000753";"HOSPITAL REGIONAL DOCENTE CLINICO QUIRURGICO DANIEL ALCIDES CARRION";"241900";"HOSPITALIZACIÓN DE MEDICINA MEDICINA INTERNA ";"117";"117";"1376";"1506";"51";"1530";"19"
"2023";"06";"120101";"JUNIN";"HUANCAYO";"HUANCAYO";"GOBIERNO REGIONAL";"III-E";"00000753";"HOSPITAL REGIONAL DOCENTE CLINICO QUIRURGICO DANIEL ALCIDES CARRION";"242000";"HOSPITALIZACIÓN DE MEDICINA MEDICINA TROPICAL E INFECCIOSAS ";"21";"21";"438";"362";"13";"390";"3"
"2023";"06";"120101";"JUNIN";"HUANCAYO";"HUANCAYO";"GOBIERNO REGIONAL";"III-E";"00000753";"HOSPITAL REGIONAL DOCENTE CLINICO QUIRURGICO DANIEL ALCIDES CARRION";"244000";"HOSPITALIZACIÓN DE MEDICINA CARDIOLOGIA ";"53";"52";"172";"286";"10";"300";"2"
"2023";"06";"120101";"JUNIN";"HUANCAYO";"HUANCAYO";"GOBIERNO REGIONAL";"III-E";"00000753";"HOSPITAL REGIONAL DOCENTE CLINICO QUIRURGICO DANIEL ALCIDES CARRION";"244200";"HOSPITALIZACIÓN DE MEDICINA ENDOCRINOLOGIA ";"21";"20";"312";"110";"4";"120";"1"
"2023";"06";"120101";"JUNIN";"HUANCAYO";"HUANCAYO";"GOBIERNO REGIONAL";"III-E";"00000753";"HOSPITAL REGIONAL DOCENTE CLINICO QUIRURGICO DANIEL ALCIDES CARRION";"244300";"HOSPITALIZACIÓN DE MEDICINA GASTROENTEROLOGÍA  ";"37";"36";"294";"198";"7";"210";"7"
"2023";"06";"120101";"JUNIN";"HUANCAYO";"HUANCAYO";"GOBIERNO REGIONAL";"III-E";"00000753";"HOSPITAL REGIONAL DOCENTE CLINICO QUIRURGICO DANIEL ALCIDES CARRION";"244400";"HOSPITALIZACIÓN DE MEDICINA GERIATRIA ";"15";"15";"165";"82";"3";"90";"3"
"2023";"06";"120101";"JUNIN";"HUANCAYO";"HUANCAYO";"GOBIERNO REGIONAL";"III-E";"00000753";"HOSPITAL REGIONAL DOCENTE CLINICO QUIRURGICO DANIEL ALCIDES CARRION";"245300";"HOSPITALIZACIÓN DE MEDICINA NEUMOLOGÍA  ";"32";"30";"346";"426";"15";"450";"8"
"2023";"06";"120101";"JUNIN";"HUANCAYO";"HUANCAYO";"GOBIERNO REGIONAL";"III-E";"00000753";"HOSPITAL REGIONAL DOCENTE CLINICO QUIRURGICO DANIEL ALCIDES CARRION";"240100";"HOSPITALIZACIÓN QUIRÚRGICA CIRUGÍA GENERAL ";"162";"180";"976";"813";"28";"840";"4"
"2023";"06";"120101";"JUNIN";"HUANCAYO";"HUANCAYO";"GOBIERNO REGIONAL";"III-E";"00000753";"HOSPITAL REGIONAL DOCENTE CLINICO QUIRURGICO DANIEL ALCIDES CARRION";"240200";"HOSPITALIZACIÓN QUIRÚRGICA CIRUGÍA DE CABEZA Y CUELLO / MÁXILO FACIAL ";"13";"14";"98";"120";"4";"120";"0"
"2023";"06";"120101";"JUNIN";"HUANCAYO";"HUANCAYO";"GOBIERNO REGIONAL";"III-E";"00000753";"HOSPITAL REGIONAL DOCENTE CLINICO QUIRURGICO DANIEL ALCIDES CARRION";"240600";"HOSPITALIZACIÓN QUIRÚRGICA CIRUGÍA OFTALMOLÓGICA ";"2";"2";"10";"17";"1";"30";"0"
"2023";"06";"120101";"JUNIN";"HUANCAYO";"HUANCAYO";"GOBIERNO REGIONAL";"III-E";"00000753";"HOSPITAL REGIONAL DOCENTE CLINICO QUIRURGICO DANIEL ALCIDES CARRION";"240800";"HOSPITALIZACIÓN QUIRÚRGICA CIRUGÍA PLÁSTICA/RECONSTRUCTIVA/ REPARADORA ";"17";"19";"333";"162";"6";"180";"0"
"2023";"06";"120101";"JUNIN";"HUANCAYO";"HUANCAYO";"GOBIERNO REGIONAL";"III-E";"00000753";"HOSPITAL REGIONAL DOCENTE CLINICO QUIRURGICO DANIEL ALCIDES CARRION";"240900";"HOSPITALIZACIÓN QUIRÚRGICA NEUROCIRUGÍA ";"35";"39";"412";"333";"12";"360";"1"
"2023";"06";"120101";"JUNIN";"HUANCAYO";"HUANCAYO";"GOBIERNO REGIONAL";"III-E";"00000753";"HOSPITAL REGIONAL DOCENTE CLINICO QUIRURGICO DANIEL ALCIDES CARRION";"241100";"HOSPITALIZACIÓN QUIRÚRGICA OTORRINOLARINGOLOGÍA  ";"4";"4";"15";"34";"2";"60";"0"
"2023";"06";"120101";"JUNIN";"HUANCAYO";"HUANCAYO";"GOBIERNO REGIONAL";"III-E";"00000753";"HOSPITAL REGIONAL DOCENTE CLINICO QUIRURGICO DANIEL ALCIDES CARRION";"241200";"HOSPITALIZACIÓN QUIRÚRGICA TRAUMATOLOGÍA Y ORTOPEDIA ";"79";"68";"811";"1070";"36";"1080";"2"
"2023";"06";"120101";"JUNIN";"HUANCAYO";"HUANCAYO";"GOBIERNO REGIONAL";"III-E";"00000753";"HOSPITAL REGIONAL DOCENTE CLINICO QUIRURGICO DANIEL ALCIDES CARRION";"241300";"HOSPITALIZACIÓN QUIRÚRGICA UROLOGÍA  ";"14";"15";"115";"128";"5";"150";"0"
"2023";"06";"120101";"JUNIN";"HUANCAYO";"HUANCAYO";"GOBIERNO REGIONAL";"III-E";"00000753";"HOSPITAL REGIONAL DOCENTE CLINICO QUIRURGICO DANIEL ALCIDES CARRION";"242100";"HOSPITALIZACIÓN DE MEDICINA ONCOLOGÍA MÉDICA ";"13";"16";"162";"138";"5";"150";"1"
"2023";"07";"080105";"CUSCO";"CUSCO";"SAN SEBASTIAN";"SANIDAD DE LA POLICIA NACIONAL DEL PERU";"I-3";"00011743";"POLICIAL ""SANTA ROSA""  CUSCO";"NE_0001";"";"NE_0001";"NE_0001";"NE_0001";"NE_0001";"NE_0001";"NE_0001";"NE_0001"
"2023";"04";"200501";"PIURA";"PAITA";"PAITA";"GOBIERNO REGIONAL";"II-1";"00002021";"HOSPITAL DE APOYO II - 1 NUESTRA SEÑORA DE LAS MERCEDES - PAITA";"240100";"HOSPITALIZACIÓN QUIRÚRGICA CIRUGÍA GENERAL ";"59";"59";"242";"242";"12";"360";"0"
"2023";"04";"200501";"PIURA";"PAITA";"PAITA";"GOBIERNO REGIONAL";"II-1";"00002021";"HOSPITAL DE APOYO II - 1 NUESTRA SEÑORA DE LAS MERCEDES - PAITA";"241500";"HOSPITALIZACIÓN QUIRÚRGICA GINECOLOGÍA  ";"5";"5";"26";"26";"2";"60";"0"
"2023";"04";"200501";"PIURA";"PAITA";"PAITA";"GOBIERNO REGIONAL";"II-1";"00002021";"HOSPITAL DE APOYO II - 1 NUESTRA SEÑORA DE LAS MERCEDES - PAITA";"241600";"HOSPITALIZACIÓN QUIRÚRGICA OBSTETRICIA   ";"185";"188";"458";"458";"18";"605";"0"
"2023";"04";"200501";"PIURA";"PAITA";"PAITA";"GOBIERNO REGIONAL";"II-1";"00002021";"HOSPITAL DE APOYO II - 1 NUESTRA SEÑORA DE LAS MERCEDES - PAITA";"241900";"HOSPITALIZACIÓN DE MEDICINA MEDICINA INTERNA ";"66";"66";"483";"425";"12";"425";"0"
"2023";"04";"200501";"PIURA";"PAITA";"PAITA";"GOBIERNO REGIONAL";"II-1";"00002021";"HOSPITAL DE APOYO II - 1 NUESTRA SEÑORA DE LAS MERCEDES - PAITA";"242500";"HOSPITALIZACIÓN-PEDIATRÍA GENERAL-";"38";"34";"206";"206";"7";"210";"0"
"2023";"04";"200501";"PIURA";"PAITA";"PAITA";"GOBIERNO REGIONAL";"II-1";"00002021";"HOSPITAL DE APOYO II - 1 NUESTRA SEÑORA DE LAS MERCEDES - PAITA";"243200";"HOSPITALIZACIÓN DE PEDIATRÍA PEDIATRIA NEONATOLOGÍA";"16";"16";"52";"52";"5";"150";"0"
"2023";"05";"200501";"PIURA";"PAITA";"PAITA";"GOBIERNO REGIONAL";"II-1";"00002021";"HOSPITAL DE APOYO II - 1 NUESTRA SEÑORA DE LAS MERCEDES - PAITA";"240100";"HOSPITALIZACIÓN QUIRÚRGICA CIRUGÍA GENERAL ";"60";"60";"256";"256";"10";"311";"0"
"2023";"05";"200501";"PIURA";"PAITA";"PAITA";"GOBIERNO REGIONAL";"II-1";"00002021";"HOSPITAL DE APOYO II - 1 NUESTRA SEÑORA DE LAS MERCEDES - PAITA";"241500";"HOSPITALIZACIÓN QUIRÚRGICA GINECOLOGÍA  ";"6";"7";"25";"25";"2";"62";"0"
"2023";"05";"200501";"PIURA";"PAITA";"PAITA";"GOBIERNO REGIONAL";"II-1";"00002021";"HOSPITAL DE APOYO II - 1 NUESTRA SEÑORA DE LAS MERCEDES - PAITA";"241600";"HOSPITALIZACIÓN QUIRÚRGICA OBSTETRICIA   ";"174";"173";"381";"381";"23";"713";"0"
"2023";"05";"200501";"PIURA";"PAITA";"PAITA";"GOBIERNO REGIONAL";"II-1";"00002021";"HOSPITAL DE APOYO II - 1 NUESTRA SEÑORA DE LAS MERCEDES - PAITA";"241900";"HOSPITALIZACIÓN DE MEDICINA MEDICINA INTERNA ";"126";"113";"549";"549";"27";"587";"0"
"2023";"05";"200501";"PIURA";"PAITA";"PAITA";"GOBIERNO REGIONAL";"II-1";"00002021";"HOSPITAL DE APOYO II - 1 NUESTRA SEÑORA DE LAS MERCEDES - PAITA";"242500";"HOSPITALIZACIÓN-PEDIATRÍA GENERAL-";"38";"39";"205";"205";"7";"217";"0"
"2023";"05";"200501";"PIURA";"PAITA";"PAITA";"GOBIERNO REGIONAL";"II-1";"00002021";"HOSPITAL DE APOYO II - 1 NUESTRA SEÑORA DE LAS MERCEDES - PAITA";"243200";"HOSPITALIZACIÓN DE PEDIATRÍA PEDIATRIA NEONATOLOGÍA";"20";"20";"92";"92";"5";"155";"0"
"2023";"07";"050904";"AYACUCHO";"SUCRE";"CHILCAYOC";"GOBIERNO REGIONAL";"I-2";"00003805";"PUESTO DE SALUD CHILCAYOCC";"NE_0001";"";"NE_0001";"NE_0001";"NE_0001";"NE_0001";"NE_0001";"NE_0001";"NE_0001"
"2023";"07";"050909";"AYACUCHO";"SUCRE";"SAN SALVADOR DE QUIJE";"GOBIERNO REGIONAL";"I-1";"00003806";"PUESTO DE SALUD SAN SALVADOR DE QUIJE";"NE_0001";"";"NE_0001";"NE_0001";"NE_0001";"NE_0001";"NE_0001";"NE_0001";"NE_0001"
"2023";"07";"050906";"AYACUCHO";"SUCRE";"MORCOLLA";"GOBIERNO REGIONAL";"I-1";"00003811";"PUESTO DE SALUD TINTAY";"NE_0001";"";"NE_0001";"NE_0001";"NE_0001";"NE_0001";"NE_0001";"NE_0001";"NE_0001"
"2023";"07";"050907";"AYACUCHO";"SUCRE";"PAICO";"GOBIERNO REGIONAL";"I-1";"00003814";"PUESTO DE SALUD SIHUE";"NE_0001";"";"NE_0001";"NE_0001";"NE_0001";"NE_0001";"NE_0001";"NE_0001";"NE_0001"
"2023";"07";"050910";"AYACUCHO";"SUCRE";"SANTIAGO DE PAUCARAY";"GOBIERNO REGIONAL";"I-1";"00003816";"PUESTO DE SALUD SANTIAGO DE PAUCARAY";"NE_0001";"";"NE_0001";"NE_0001";"NE_0001";"NE_0001";"NE_0001";"NE_0001";"NE_0001"
"2023";"07";"050911";"AYACUCHO";"SUCRE";"SORAS";"GOBIERNO REGIONAL";"I-3";"00003818";"CENTRO DE SALUD SORAS";"NE_0001";"";"NE_0001";"NE_0001";"NE_0001";"NE_0001";"NE_0001";"NE_0001";"NE_0001"
"2023";"07";"050902";"AYACUCHO";"SUCRE";"BELEN";"GOBIERNO REGIONAL";"I-1";"00003803";"PUESTO DE SALUD BELEN";"NE_0001";"";"NE_0001";"NE_0001";"NE_0001";"NE_0001";"NE_0001";"NE_0001";"NE_0001"
"2023";"07";"050909";"AYACUCHO";"SUCRE";"SAN SALVADOR DE QUIJE";"GOBIERNO REGIONAL";"I-1";"00003807";"PUESTO DE SALUD SANTIAGO DE PALLCCA";"NE_0001";"";"NE_0001";"NE_0001";"NE_0001";"NE_0001";"NE_0001";"NE_0001";"NE_0001"
"2023";"07";"050903";"AYACUCHO";"SUCRE";"CHALCOS";"GOBIERNO REGIONAL";"I-1";"00003804";"PUESTO DE SALUD CHALCOS";"NE_0001";"";"NE_0001";"NE_0001";"NE_0001";"NE_0001";"NE_0001";"NE_0001";"NE_0001"
"2023";"07";"050908";"AYACUCHO";"SUCRE";"SAN PEDRO DE LARCAY";"GOBIERNO REGIONAL";"I-2";"00003815";"SAN PEDRO DE LARCAY";"NE_0001";"";"NE_0001";"NE_0001";"NE_0001";"NE_0001";"NE_0001";"NE_0001";"NE_0001"
"2023";"07";"050910";"AYACUCHO";"SUCRE";"SANTIAGO DE PAUCARAY";"GOBIERNO REGIONAL";"I-1";"00003817";"PUESTO DE SALUD ATIHUARA";"NE_0001";"";"NE_0001";"NE_0001";"NE_0001";"NE_0001";"NE_0001";"NE_0001";"NE_0001"
"2023";"07";"050909";"AYACUCHO";"SUCRE";"SAN SALVADOR DE QUIJE";"GOBIERNO REGIONAL";"I-1";"00006900";"PUESTO DE SALUD VISTA ALEGRE - SUCRE";"NE_0001";"";"NE_0001";"NE_0001";"NE_0001";"NE_0001";"NE_0001";"NE_0001";"NE_0001"
"2023";"07";"160201";"LORETO";"ALTO AMAZONAS";"YURIMAGUAS";"ESSALUD";"II-1";"00020274";"ESSALUD - HOSPITAL I YURIMAGUAS";"241800";"HOSPITALIZACIÓN DE MEDICINA MEDICINA GENERAL ";"41";"44";"194";"180";"6";"186";"0"
"2023";"07";"160201";"LORETO";"ALTO AMAZONAS";"YURIMAGUAS";"ESSALUD";"II-1";"00020274";"ESSALUD - HOSPITAL I YURIMAGUAS";"241600";"HOSPITALIZACIÓN QUIRÚRGICA OBSTETRICIA   ";"17";"19";"74";"67";"3";"93";"0"
"2023";"07";"190301";"PASCO";"OXAPAMPA";"OXAPAMPA";"ESSALUD";"II-1";"00009748";"HOSPITAL I OXAPAMPA";"241800";"HOSPITALIZACIÓN DE MEDICINA MEDICINA GENERAL ";"27";"26";"99";"136";"5";"155";"0"
"2023";"07";"190301";"PASCO";"OXAPAMPA";"OXAPAMPA";"ESSALUD";"II-1";"00009748";"HOSPITAL I OXAPAMPA";"240100";"HOSPITALIZACIÓN QUIRÚRGICA CIRUGÍA GENERAL ";"18";"18";"54";"72";"3";"93";"0"
"2023";"07";"190301";"PASCO";"OXAPAMPA";"OXAPAMPA";"ESSALUD";"II-1";"00009748";"HOSPITAL I OXAPAMPA";"241400";"HOSPITALIZACIÓN QUIRÚRGICA GINECO - OBSTETRICIA ";"25";"24";"75";"110";"4";"124";"0"
"2023";"07";"190301";"PASCO";"OXAPAMPA";"OXAPAMPA";"ESSALUD";"II-1";"00009748";"HOSPITAL I OXAPAMPA";"242300";"HOSPITALIZACIÓN DE PEDIATRÍA  PEDIATRÍA  GENERAL ";"11";"11";"37";"48";"2";"62";"0"
"2023";"07";"040101";"AREQUIPA";"AREQUIPA";"AREQUIPA";"ESSALUD";"I-3";"00013297";"POLICLINICO METROPOLITANO ESSALUD";"NE_0001";"";"NE_0001";"NE_0001";"NE_0001";"NE_0001";"NE_0001";"NE_0001";"NE_0001"
"2023";"07";"100201";"HUANUCO";"AMBO";"AMBO";"ESSALUD";"I-3";"00009957";"CENTRO MEDICO LEONCIO PRADO - AMBO";"NE_0001";"";"NE_0001";"NE_0001";"NE_0001";"NE_0001";"NE_0001";"NE_0001";"NE_0001"
"2023";"05";"060807";"CAJAMARCA";"JAEN";"POMAHUACA";"GOBIERNO REGIONAL";"I-1";"00016134";"COLAGUAY";"NE_0001";"";"NE_0001";"NE_0001";"NE_0001";"NE_0001";"NE_0001";"NE_0001";"NE_0001"
"2023";"05";"060807";"CAJAMARCA";"JAEN";"POMAHUACA";"GOBIERNO REGIONAL";"I-1";"00027935";"TAYAS";"NE_0001";"";"NE_0001";"NE_0001";"NE_0001";"NE_0001";"NE_0001";"NE_0001";"NE_0001"
"2023";"05";"060807";"CAJAMARCA";"JAEN";"POMAHUACA";"GOBIERNO REGIONAL";"I-3";"00004247";"POMAHUACA";"NE_0001";"";"NE_0001";"NE_0001";"NE_0001";"NE_0001";"NE_0001";"NE_0001";"NE_0001"
"2023";"05";"060807";"CAJAMARCA";"JAEN";"POMAHUACA";"GOBIERNO REGIONAL";"I-1";"00016139";"YAMBOLON";"NE_0001";"";"NE_0001";"NE_0001";"NE_0001";"NE_0001";"NE_0001";"NE_0001";"NE_0001"
"2023";"05";"060807";"CAJAMARCA";"JAEN";"POMAHUACA";"GOBIERNO REGIONAL";"I-1";"00007166";"MANGAYPA";"NE_0001";"";"NE_0001";"NE_0001";"NE_0001";"NE_0001";"NE_0001";"NE_0001";"NE_0001"
"2023";"05";"220504";"SAN MARTIN";"LAMAS";"CAYNARACHI";"GOBIERNO REGIONAL";"I-4";"00006415";"PONGO DEL CAYNARACHI";"241600";"HOSPITALIZACIÓN QUIRÚRGICA OBSTETRICIA   ";"8";"8";"9";"8";"4";"124";"0"
"2023";"05";"080105";"CUSCO";"CUSCO";"SAN SEBASTIAN";"GOBIERNO REGIONAL";"I-2";"00026181";"MENTAL SAN SEBASTIAN";"NE_0001";"";"NE_0001";"NE_0001";"NE_0001";"NE_0001";"NE_0001";"NE_0001";"NE_0001"
"2023";"08";"150113";"LIMA";"LIMA";"JESUS MARIA";"SANIDAD DEL EJERCITO DEL PERU";"III-1";"00017024";"HOSPITAL  MILITAR LUIS ARIAS SCHEREIBER";"243200";"HOSPITALIZACIÓN DE PEDIATRÍA PEDIATRIA NEONATOLOGÍA";"9";"7";"20";"21";"15";"465";"0"
"2023";"08";"150113";"LIMA";"LIMA";"JESUS MARIA";"SANIDAD DEL EJERCITO DEL PERU";"III-1";"00017024";"HOSPITAL  MILITAR LUIS ARIAS SCHEREIBER";"244300";"HOSPITALIZACIÓN DE MEDICINA GASTROENTEROLOGÍA  ";"30";"27";"180";"270";"14";"434";"1"
"2023";"08";"150113";"LIMA";"LIMA";"JESUS MARIA";"SANIDAD DEL EJERCITO DEL PERU";"III-1";"00017024";"HOSPITAL  MILITAR LUIS ARIAS SCHEREIBER";"244700";"HOSPITALIZACIÓN DE MEDICINA NEUROLOGIA  ";"14";"12";"166";"292";"13";"403";"0"
"2023";"05";"130901";"LA LIBERTAD";"SANCHEZ CARRION";"HUAMACHUCO";"GOBIERNO REGIONAL";"II-1";"00005349";"HOSPITAL DE APOYO LEONCIO PRADO";"240100";"HOSPITALIZACIÓN QUIRÚRGICA CIRUGÍA GENERAL ";"15";"16";"48";"50";"7";"217";"0"
"2023";"05";"130901";"LA LIBERTAD";"SANCHEZ CARRION";"HUAMACHUCO";"GOBIERNO REGIONAL";"II-1";"00005349";"HOSPITAL DE APOYO LEONCIO PRADO";"241500";"HOSPITALIZACIÓN QUIRÚRGICA GINECOLOGÍA  ";"3";"3";"10";"12";"2";"62";"0"
"2023";"05";"130901";"LA LIBERTAD";"SANCHEZ CARRION";"HUAMACHUCO";"GOBIERNO REGIONAL";"II-1";"00005349";"HOSPITAL DE APOYO LEONCIO PRADO";"241600";"HOSPITALIZACIÓN QUIRÚRGICA OBSTETRICIA   ";"192";"203";"326";"322";"17";"527";"0"
"2023";"05";"130901";"LA LIBERTAD";"SANCHEZ CARRION";"HUAMACHUCO";"GOBIERNO REGIONAL";"II-1";"00005349";"HOSPITAL DE APOYO LEONCIO PRADO";"241800";"HOSPITALIZACIÓN DE MEDICINA MEDICINA GENERAL ";"32";"38";"178";"138";"6";"186";"2"
"2023";"05";"130901";"LA LIBERTAD";"SANCHEZ CARRION";"HUAMACHUCO";"GOBIERNO REGIONAL";"II-1";"00005349";"HOSPITAL DE APOYO LEONCIO PRADO";"242500";"HOSPITALIZACIÓN-PEDIATRÍA GENERAL-";"51";"57";"245";"230";"11";"341";"0"
"2023";"08";"150113";"LIMA";"LIMA";"JESUS MARIA";"SANIDAD DEL EJERCITO DEL PERU";"III-1";"00017024";"HOSPITAL  MILITAR LUIS ARIAS SCHEREIBER";"245300";"HOSPITALIZACIÓN DE MEDICINA NEUMOLOGÍA  ";"17";"14";"379";"449";"29";"899";"0"
"2023";"08";"150113";"LIMA";"LIMA";"JESUS MARIA";"SANIDAD DEL EJERCITO DEL PERU";"III-1";"00017024";"HOSPITAL  MILITAR LUIS ARIAS SCHEREIBER";"250101";"UNIDAD DE CUIDADOS CRITICOS UNIDAD  DE CUIDADOS INTENSIVOS GENERALES (UCI) CARDIOLOGIA";"10";"8";"97";"149";"6";"186";"0"
"2023";"08";"150113";"LIMA";"LIMA";"JESUS MARIA";"SANIDAD DEL EJERCITO DEL PERU";"III-1";"00017024";"HOSPITAL  MILITAR LUIS ARIAS SCHEREIBER";"250103";"UNIDAD DE CUIDADOS CRITICOS UNIDAD  DE CUIDADOS INTENSIVOS GENERALES  (UCI) MEDICINA";"6";"3";"26";"192";"7";"217";"1"
"2023";"08";"120604";"JUNIN";"SATIPO";"MAZAMARI";"GOBIERNO REGIONAL";"I-4";"00000434";"MAZAMARI";"241800";"HOSPITALIZACIÓN DE MEDICINA MEDICINA GENERAL ";"11";"15";"71";"71";"8";"248";"0"
"2023";"08";"120604";"JUNIN";"SATIPO";"MAZAMARI";"GOBIERNO REGIONAL";"I-4";"00000434";"MAZAMARI";"242500";"HOSPITALIZACIÓN-PEDIATRÍA GENERAL-";"20";"21";"77";"77";"6";"186";"0"
"2023";"08";"120604";"JUNIN";"SATIPO";"MAZAMARI";"GOBIERNO REGIONAL";"I-2";"00000437";"PANGA";"NE_0001";"";"NE_0001";"NE_0001";"NE_0001";"NE_0001";"NE_0001";"NE_0001";"NE_0001"
"2023";"08";"120606";"JUNIN";"SATIPO";"PANGOA";"GOBIERNO REGIONAL";"I-3";"00000438";"TZIRIARI";"NE_0001";"";"NE_0001";"NE_0001";"NE_0001";"NE_0001";"NE_0001";"NE_0001";"NE_0001"
"2023";"08";"120604";"JUNIN";"SATIPO";"MAZAMARI";"GOBIERNO REGIONAL";"I-2";"00000435";"CAPIRUSHARI";"NE_0001";"";"NE_0001";"NE_0001";"NE_0001";"NE_0001";"NE_0001";"NE_0001";"NE_0001"
"2023";"08";"120604";"JUNIN";"SATIPO";"MAZAMARI";"GOBIERNO REGIONAL";"I-1";"00016908";"GLORIABAMBA";"NE_0001";"";"NE_0001";"NE_0001";"NE_0001";"NE_0001";"NE_0001";"NE_0001";"NE_0001"
"2023";"08";"120604";"JUNIN";"SATIPO";"MAZAMARI";"GOBIERNO REGIONAL";"I-1";"00016912";"VILLA PROGRESO DE EDEN";"NE_0001";"";"NE_0001";"NE_0001";"NE_0001";"NE_0001";"NE_0001";"NE_0001";"NE_0001"
"2023";"08";"130101";"LA LIBERTAD";"TRUJILLO";"TRUJILLO";"GOBIERNO REGIONAL";"II-1";"00005204";"HOSPITAL DE ESPECIALIDADES BASICAS LA NORIA";"241800";"HOSPITALIZACIÓN DE MEDICINA MEDICINA GENERAL ";"9";"8";"17";"18";"4";"124";"0"
"2023";"08";"130101";"LA LIBERTAD";"TRUJILLO";"TRUJILLO";"GOBIERNO REGIONAL";"II-1";"00005204";"HOSPITAL DE ESPECIALIDADES BASICAS LA NORIA";"243200";"HOSPITALIZACIÓN DE PEDIATRÍA PEDIATRIA NEONATOLOGÍA";"3";"3";"5";"5";"4";"124";"0"
"2023";"08";"130101";"LA LIBERTAD";"TRUJILLO";"TRUJILLO";"GOBIERNO REGIONAL";"II-1";"00005204";"HOSPITAL DE ESPECIALIDADES BASICAS LA NORIA";"241400";"HOSPITALIZACIÓN QUIRÚRGICA GINECO - OBSTETRICIA ";"31";"31";"53";"53";"4";"124";"0"
"2023";"08";"130101";"LA LIBERTAD";"TRUJILLO";"TRUJILLO";"GOBIERNO REGIONAL";"II-1";"00005204";"HOSPITAL DE ESPECIALIDADES BASICAS LA NORIA";"241600";"HOSPITALIZACIÓN QUIRÚRGICA OBSTETRICIA   ";"21";"21";"21";"21";"5";"155";"0"
"2023";"01";"130704";"LA LIBERTAD";"PACASMAYO";"PACASMAYO";"GOBIERNO REGIONAL";"II-1";"00005296";"HOSPITAL DISTRITAL DE PACASMAYO";"241800";"HOSPITALIZACIÓN DE MEDICINA MEDICINA GENERAL ";"20";"15";"76";"111";"4";"124";"0"
"2023";"01";"130704";"LA LIBERTAD";"PACASMAYO";"PACASMAYO";"GOBIERNO REGIONAL";"II-1";"00005296";"HOSPITAL DISTRITAL DE PACASMAYO";"240100";"HOSPITALIZACIÓN QUIRÚRGICA CIRUGÍA GENERAL ";"27";"22";"42";"47";"4";"124";"0"
"2023";"01";"130704";"LA LIBERTAD";"PACASMAYO";"PACASMAYO";"GOBIERNO REGIONAL";"II-1";"00005296";"HOSPITAL DISTRITAL DE PACASMAYO";"242300";"HOSPITALIZACIÓN DE PEDIATRÍA  PEDIATRÍA  GENERAL ";"7";"7";"27";"27";"4";"124";"0"
"2023";"01";"130704";"LA LIBERTAD";"PACASMAYO";"PACASMAYO";"GOBIERNO REGIONAL";"II-1";"00005296";"HOSPITAL DISTRITAL DE PACASMAYO";"241600";"HOSPITALIZACIÓN QUIRÚRGICA OBSTETRICIA   ";"53";"53";"104";"110";"4";"124";"0"
"2023";"01";"130704";"LA LIBERTAD";"PACASMAYO";"PACASMAYO";"GOBIERNO REGIONAL";"II-1";"00005296";"HOSPITAL DISTRITAL DE PACASMAYO";"241500";"HOSPITALIZACIÓN QUIRÚRGICA GINECOLOGÍA  ";"24";"21";"51";"58";"4";"124";"0"
"2023";"08";"211101";"PUNO";"SAN ROMAN";"JULIACA";"ESSALUD";"II-2";"00009899";"HOSPITAL BASE III JULIACA - ESSALUD - RED ASISTENCIAL JULIACA";"241900";"HOSPITALIZACIÓN DE MEDICINA MEDICINA INTERNA ";"55";"45";"248";"248";"8";"248";"4"
"2023";"08";"211101";"PUNO";"SAN ROMAN";"JULIACA";"ESSALUD";"II-2";"00009899";"HOSPITAL BASE III JULIACA - ESSALUD - RED ASISTENCIAL JULIACA";"244000";"HOSPITALIZACIÓN DE MEDICINA CARDIOLOGIA ";"2";"6";"62";"62";"2";"62";"0"
"2023";"08";"211101";"PUNO";"SAN ROMAN";"JULIACA";"ESSALUD";"II-2";"00009899";"HOSPITAL BASE III JULIACA - ESSALUD - RED ASISTENCIAL JULIACA";"244300";"HOSPITALIZACIÓN DE MEDICINA GASTROENTEROLOGÍA  ";"17";"20";"106";"106";"4";"124";"1"
"2023";"08";"211101";"PUNO";"SAN ROMAN";"JULIACA";"ESSALUD";"II-2";"00009899";"HOSPITAL BASE III JULIACA - ESSALUD - RED ASISTENCIAL JULIACA";"244700";"HOSPITALIZACIÓN DE MEDICINA NEUROLOGIA  ";"7";"7";"33";"33";"2";"62";"0"
"2023";"08";"211101";"PUNO";"SAN ROMAN";"JULIACA";"ESSALUD";"II-2";"00009899";"HOSPITAL BASE III JULIACA - ESSALUD - RED ASISTENCIAL JULIACA";"245300";"HOSPITALIZACIÓN DE MEDICINA NEUMOLOGÍA  ";"8";"15";"175";"175";"8";"248";"0"
"2023";"08";"211101";"PUNO";"SAN ROMAN";"JULIACA";"ESSALUD";"II-2";"00009899";"HOSPITAL BASE III JULIACA - ESSALUD - RED ASISTENCIAL JULIACA";"240100";"HOSPITALIZACIÓN QUIRÚRGICA CIRUGÍA GENERAL ";"94";"86";"279";"279";"10";"310";"1"
"2023";"08";"211101";"PUNO";"SAN ROMAN";"JULIACA";"ESSALUD";"II-2";"00009899";"HOSPITAL BASE III JULIACA - ESSALUD - RED ASISTENCIAL JULIACA";"240400";"HOSPITALIZACIÓN QUIRÚRGICA CIRUGÍA DE TÓRAX Y CARDIOVASCULAR ";"6";"5";"20";"20";"4";"124";"0"
"2023";"08";"211101";"PUNO";"SAN ROMAN";"JULIACA";"ESSALUD";"II-2";"00009899";"HOSPITAL BASE III JULIACA - ESSALUD - RED ASISTENCIAL JULIACA";"240900";"HOSPITALIZACIÓN QUIRÚRGICA NEUROCIRUGÍA ";"10";"11";"62";"62";"2";"62";"0"
"2023";"08";"211101";"PUNO";"SAN ROMAN";"JULIACA";"ESSALUD";"II-2";"00009899";"HOSPITAL BASE III JULIACA - ESSALUD - RED ASISTENCIAL JULIACA";"241200";"HOSPITALIZACIÓN QUIRÚRGICA TRAUMATOLOGÍA Y ORTOPEDIA ";"25";"31";"124";"124";"4";"124";"0"
"2023";"08";"211101";"PUNO";"SAN ROMAN";"JULIACA";"ESSALUD";"II-2";"00009899";"HOSPITAL BASE III JULIACA - ESSALUD - RED ASISTENCIAL JULIACA";"241100";"HOSPITALIZACIÓN QUIRÚRGICA OTORRINOLARINGOLOGÍA  ";"7";"7";"23";"23";"1";"31";"0"
"2023";"08";"211101";"PUNO";"SAN ROMAN";"JULIACA";"ESSALUD";"II-2";"00009899";"HOSPITAL BASE III JULIACA - ESSALUD - RED ASISTENCIAL JULIACA";"241300";"HOSPITALIZACIÓN QUIRÚRGICA UROLOGÍA  ";"13";"12";"78";"78";"3";"93";"0"
"2023";"08";"211101";"PUNO";"SAN ROMAN";"JULIACA";"ESSALUD";"II-2";"00009899";"HOSPITAL BASE III JULIACA - ESSALUD - RED ASISTENCIAL JULIACA";"241400";"HOSPITALIZACIÓN QUIRÚRGICA GINECO - OBSTETRICIA ";"179";"172";"447";"447";"18";"558";"0"
"2023";"08";"211101";"PUNO";"SAN ROMAN";"JULIACA";"ESSALUD";"II-2";"00009899";"HOSPITAL BASE III JULIACA - ESSALUD - RED ASISTENCIAL JULIACA";"242300";"HOSPITALIZACIÓN DE PEDIATRÍA  PEDIATRÍA  GENERAL ";"46";"45";"212";"212";"16";"496";"0"
"2023";"08";"211101";"PUNO";"SAN ROMAN";"JULIACA";"ESSALUD";"II-2";"00009899";"HOSPITAL BASE III JULIACA - ESSALUD - RED ASISTENCIAL JULIACA";"243200";"HOSPITALIZACIÓN DE PEDIATRÍA PEDIATRIA NEONATOLOGÍA";"108";"98";"256";"256";"9";"279";"0"
"2023";"08";"211101";"PUNO";"SAN ROMAN";"JULIACA";"ESSALUD";"II-2";"00009899";"HOSPITAL BASE III JULIACA - ESSALUD - RED ASISTENCIAL JULIACA";"250100";"UNIDAD DE CUIDADOS CRITICOS UNIDAD  DE CUIDADOS INTENSIVOS GENERALES (UCI) ";"5";"2";"32";"32";"3";"93";"2"
"2023";"08";"250101";"UCAYALI";"CORONEL PORTILLO";"CALLERIA";"PRIVADO";"II-1";"00012118";"CLÍNICA MONTE HOREB S.A.";"241200";"HOSPITALIZACIÓN QUIRÚRGICA TRAUMATOLOGÍA Y ORTOPEDIA ";"4";"5";"1";"1";"1";"35";"0"
"2023";"08";"250101";"UCAYALI";"CORONEL PORTILLO";"CALLERIA";"PRIVADO";"II-1";"00012118";"CLÍNICA MONTE HOREB S.A.";"241800";"HOSPITALIZACIÓN DE MEDICINA MEDICINA GENERAL ";"15";"17";"2";"2";"1";"31";"0"
"2023";"08";"050701";"AYACUCHO";"PARINACOCHAS";"CORACORA";"ESSALUD";"I-2";"00011443";"CORACORA";"NE_0001";"";"NE_0001";"NE_0001";"NE_0001";"NE_0001";"NE_0001";"NE_0001";"NE_0001"
"2023";"08";"110207";"ICA";"CHINCHA";"PUEBLO NUEVO";"ESSALUD";"I-3";"00012277";"PUEBLO NUEVO";"NE_0001";"";"NE_0001";"NE_0001";"NE_0001";"NE_0001";"NE_0001";"NE_0001";"NE_0001"
"2023";"08";"080108";"CUSCO";"CUSCO";"WANCHAQ";"PRIVADO";"II-E";"00010023";"CORNEJO";"NE_0002";"";"NE_0002";"NE_0002";"NE_0002";"NE_0002";"NE_0002";"NE_0002";"NE_0002"
"2023";"08";"130107";"LA LIBERTAD";"TRUJILLO";"MOCHE";"ESSALUD";"I-4";"00009038";"CENTRO DE SALUD CON INTERNAMIENTO MOCHE";"241800";"HOSPITALIZACIÓN DE MEDICINA MEDICINA GENERAL ";"41";"42";"204";"218";"8";"248";"0"
"2023";"08";"180101";"MOQUEGUA";"MARISCAL NIETO";"MOQUEGUA";"ESSALUD";"II-1";"00016157";"HOSPITAL II MOQUEGUA";"241800";"HOSPITALIZACIÓN DE MEDICINA MEDICINA GENERAL ";"35";"37";"293";"266";"10";"310";"7"
"2023";"08";"180101";"MOQUEGUA";"MARISCAL NIETO";"MOQUEGUA";"ESSALUD";"II-1";"00016157";"HOSPITAL II MOQUEGUA";"240100";"HOSPITALIZACIÓN QUIRÚRGICA CIRUGÍA GENERAL ";"72";"69";"379";"424";"18";"558";"0"
"2023";"08";"180101";"MOQUEGUA";"MARISCAL NIETO";"MOQUEGUA";"ESSALUD";"II-1";"00016157";"HOSPITAL II MOQUEGUA";"241500";"HOSPITALIZACIÓN QUIRÚRGICA GINECOLOGÍA  ";"20";"18";"59";"57";"2";"62";"0"
"2023";"08";"180101";"MOQUEGUA";"MARISCAL NIETO";"MOQUEGUA";"ESSALUD";"II-1";"00016157";"HOSPITAL II MOQUEGUA";"241600";"HOSPITALIZACIÓN QUIRÚRGICA OBSTETRICIA   ";"53";"47";"103";"108";"6";"186";"0"
"2023";"08";"180101";"MOQUEGUA";"MARISCAL NIETO";"MOQUEGUA";"ESSALUD";"II-1";"00016157";"HOSPITAL II MOQUEGUA";"242300";"HOSPITALIZACIÓN DE PEDIATRÍA  PEDIATRÍA  GENERAL ";"44";"43";"101";"103";"5";"155";"0"
"2023";"08";"180101";"MOQUEGUA";"MARISCAL NIETO";"MOQUEGUA";"ESSALUD";"II-1";"00016157";"HOSPITAL II MOQUEGUA";"250304";"HOSPIT. EN UNIDAD DE CUID.INTEN.-UNIDAD DE VIGILANCIA INTENSIVA (UVI)-MEDICINA";"3";"3";"50";"92";"4";"124";"0"
"2023";"08";"070101";"CALLAO";"CALLAO";"CALLAO";"GOBIERNO REGIONAL";"I-2";"00006669";"SANIDAD AEREA INTERNACIONAL";"NE_0001";"";"NE_0001";"NE_0001";"NE_0001";"NE_0001";"NE_0001";"NE_0001";"NE_0001"
"2023";"08";"070101";"CALLAO";"CALLAO";"CALLAO";"GOBIERNO REGIONAL";"I-2";"00006668";"SANIDAD MARITIMA";"NE_0001";"";"NE_0001";"NE_0001";"NE_0001";"NE_0001";"NE_0001";"NE_0001";"NE_0001"
"2023";"08";"110101";"ICA";"ICA";"ICA";"PRIVADO";"I-3";"00019056";"EL GALENO DE ICA";"NE_0001";"";"NE_0001";"NE_0001";"NE_0001";"NE_0001";"NE_0001";"NE_0001";"NE_0001"
"2023";"08";"110101";"ICA";"ICA";"ICA";"PRIVADO";"I-3";"00028251";"EL GALENO";"NE_0001";"";"NE_0001";"NE_0001";"NE_0001";"NE_0001";"NE_0001";"NE_0001";"NE_0001"
"2023";"08";"120303";"JUNIN";"CHANCHAMAYO";"PICHANAQUI";"GOBIERNO REGIONAL";"I-3";"00000351";"HUACHIRIKI";"NE_0001";"";"NE_0001";"NE_0001";"NE_0001";"NE_0001";"NE_0001";"NE_0001";"NE_0001"
"2023";"08";"060602";"CAJAMARCA";"CUTERVO";"CALLAYUC";"GOBIERNO REGIONAL";"I-1";"00006829";"PUQUIO DE CALLAYUC";"NE_0001";"";"NE_0001";"NE_0001";"NE_0001";"NE_0001";"NE_0001";"NE_0001";"NE_0001"
"2023";"08";"190113";"PASCO";"PASCO";"YANACANCHA";"MINSA";"II-2";"00000979";"HOSPITAL REGIONAL DR. DANIEL ALCIDES CARRION GARCIA";"240100";"HOSPITALIZACIÓN QUIRÚRGICA CIRUGÍA GENERAL ";"84";"87";"368";"365";"28";"868";"0"
"2023";"08";"190113";"PASCO";"PASCO";"YANACANCHA";"MINSA";"II-2";"00000979";"HOSPITAL REGIONAL DR. DANIEL ALCIDES CARRION GARCIA";"241400";"HOSPITALIZACIÓN QUIRÚRGICA GINECO - OBSTETRICIA ";"121";"129";"264";"256";"24";"744";"0"
"2023";"08";"190113";"PASCO";"PASCO";"YANACANCHA";"MINSA";"II-2";"00000979";"HOSPITAL REGIONAL DR. DANIEL ALCIDES CARRION GARCIA";"241800";"HOSPITALIZACIÓN DE MEDICINA MEDICINA GENERAL ";"47";"55";"332";"324";"17";"527";"2"
"2023";"08";"190113";"PASCO";"PASCO";"YANACANCHA";"MINSA";"II-2";"00000979";"HOSPITAL REGIONAL DR. DANIEL ALCIDES CARRION GARCIA";"243200";"HOSPITALIZACIÓN DE PEDIATRÍA PEDIATRIA NEONATOLOGÍA";"41";"43";"103";"101";"13";"403";"0"
"2023";"08";"190113";"PASCO";"PASCO";"YANACANCHA";"MINSA";"II-2";"00000979";"HOSPITAL REGIONAL DR. DANIEL ALCIDES CARRION GARCIA";"242500";"HOSPITALIZACIÓN-PEDIATRÍA GENERAL-";"24";"27";"74";"71";"15";"465";"0"
"2023";"08";"190113";"PASCO";"PASCO";"YANACANCHA";"MINSA";"II-2";"00000979";"HOSPITAL REGIONAL DR. DANIEL ALCIDES CARRION GARCIA";"242200";"HOSPITALIZACIÓN DE MEDICINA PSIQUIATRÍA ";"5";"8";"113";"110";"10";"310";"0"
"2023";"08";"120701";"JUNIN";"TARMA";"TARMA";"GOBIERNO REGIONAL";"I-1";"00000584";"TARMATAMBO";"NE_0001";"";"NE_0001";"NE_0001";"NE_0001";"NE_0001";"NE_0001";"NE_0001";"NE_0001"
"2023";"08";"120701";"JUNIN";"TARMA";"TARMA";"GOBIERNO REGIONAL";"I-1";"00000586";"MUYLO";"NE_0001";"";"NE_0001";"NE_0001";"NE_0001";"NE_0001";"NE_0001";"NE_0001";"NE_0001"
"2023";"08";"120701";"JUNIN";"TARMA";"TARMA";"GOBIERNO REGIONAL";"I-1";"00000593";"SANYACANCHA";"NE_0001";"";"NE_0001";"NE_0001";"NE_0001";"NE_0001";"NE_0001";"NE_0001";"NE_0001"
"2023";"08";"120701";"JUNIN";"TARMA";"TARMA";"GOBIERNO REGIONAL";"I-1";"00000590";"MISARURASHA";"NE_0001";"";"NE_0001";"NE_0001";"NE_0001";"NE_0001";"NE_0001";"NE_0001";"NE_0001"
"2023";"08";"120701";"JUNIN";"TARMA";"TARMA";"GOBIERNO REGIONAL";"I-1";"00000591";"CARHUACATAC";"NE_0001";"";"NE_0001";"NE_0001";"NE_0001";"NE_0001";"NE_0001";"NE_0001";"NE_0001"
"2023";"08";"060613";"CAJAMARCA";"CUTERVO";"SANTO TOMAS";"GOBIERNO REGIONAL";"I-3";"00005020";"SANTO TOMAS";"NE_0001";"";"NE_0001";"NE_0001";"NE_0001";"NE_0001";"NE_0001";"NE_0001";"NE_0001"
"2023";"08";"060613";"CAJAMARCA";"CUTERVO";"SANTO TOMAS";"GOBIERNO REGIONAL";"I-1";"00005022";"EL ARENAL DE SANTO TOMAS";"NE_0001";"";"NE_0001";"NE_0001";"NE_0001";"NE_0001";"NE_0001";"NE_0001";"NE_0001"
"2023";"08";"060613";"CAJAMARCA";"CUTERVO";"SANTO TOMAS";"GOBIERNO REGIONAL";"I-1";"00011065";"PALMA CENTRAL";"NE_0001";"";"NE_0001";"NE_0001";"NE_0001";"NE_0001";"NE_0001";"NE_0001";"NE_0001"
"2023";"08";"060606";"CAJAMARCA";"CUTERVO";"PIMPINGOS";"GOBIERNO REGIONAL";"I-1";"00005016";"PANDALLE";"NE_0001";"";"NE_0001";"NE_0001";"NE_0001";"NE_0001";"NE_0001";"NE_0001";"NE_0001"
"2023";"08";"060613";"CAJAMARCA";"CUTERVO";"SANTO TOMAS";"GOBIERNO REGIONAL";"I-1";"00006836";"SANTA ROSA DE SANTO TOMAS";"NE_0001";"";"NE_0001";"NE_0001";"NE_0001";"NE_0001";"NE_0001";"NE_0001";"NE_0001"
"2023";"08";"060606";"CAJAMARCA";"CUTERVO";"PIMPINGOS";"GOBIERNO REGIONAL";"I-3";"00005012";"PIMPINCOS";"NE_0001";"";"NE_0001";"NE_0001";"NE_0001";"NE_0001";"NE_0001";"NE_0001";"NE_0001"
"2023";"08";"060802";"CAJAMARCA";"JAEN";"BELLAVISTA";"GOBIERNO REGIONAL";"I-3";"00004225";"AMBATO TAMBORAPA";"NE_0001";"";"NE_0001";"NE_0001";"NE_0001";"NE_0001";"NE_0001";"NE_0001";"NE_0001"
"2023";"08";"140101";"LAMBAYEQUE";"CHICLAYO";"CHICLAYO";"PRIVADO";"II-E";"00012457";"CLINICA PROVIDA";"240800";"HOSPITALIZACIÓN QUIRÚRGICA CIRUGÍA PLÁSTICA/RECONSTRUCTIVA/ REPARADORA ";"22";"22";"17";"22";"2";"62";"0"
"2023";"08";"140101";"LAMBAYEQUE";"CHICLAYO";"CHICLAYO";"PRIVADO";"II-E";"00012457";"CLINICA PROVIDA";"240400";"HOSPITALIZACIÓN QUIRÚRGICA CIRUGÍA DE TÓRAX Y CARDIOVASCULAR ";"3";"3";"4";"3";"1";"31";"0"
"2023";"08";"140101";"LAMBAYEQUE";"CHICLAYO";"CHICLAYO";"PRIVADO";"II-E";"00012457";"CLINICA PROVIDA";"240100";"HOSPITALIZACIÓN QUIRÚRGICA CIRUGÍA GENERAL ";"17";"17";"15";"17";"1";"31";"0"
"2023";"08";"140101";"LAMBAYEQUE";"CHICLAYO";"CHICLAYO";"PRIVADO";"II-E";"00012457";"CLINICA PROVIDA";"241200";"HOSPITALIZACIÓN QUIRÚRGICA TRAUMATOLOGÍA Y ORTOPEDIA ";"40";"38";"77";"40";"3";"93";"0"
"2023";"08";"140101";"LAMBAYEQUE";"CHICLAYO";"CHICLAYO";"PRIVADO";"II-E";"00012457";"CLINICA PROVIDA";"241400";"HOSPITALIZACIÓN QUIRÚRGICA GINECO - OBSTETRICIA ";"33";"33";"36";"33";"3";"93";"0"
"2023";"08";"140101";"LAMBAYEQUE";"CHICLAYO";"CHICLAYO";"PRIVADO";"II-E";"00012457";"CLINICA PROVIDA";"242100";"HOSPITALIZACIÓN DE MEDICINA ONCOLOGÍA MÉDICA ";"2";"2";"5";"2";"1";"31";"0"
"2023";"08";"140101";"LAMBAYEQUE";"CHICLAYO";"CHICLAYO";"PRIVADO";"II-E";"00012457";"CLINICA PROVIDA";"240700";"HOSPITALIZACIÓN QUIRÚRGICA CIRUGÍA PEDIÁTRICA ";"1";"1";"0";"1";"1";"31";"0"
"2023";"08";"140101";"LAMBAYEQUE";"CHICLAYO";"CHICLAYO";"PRIVADO";"II-E";"00012457";"CLINICA PROVIDA";"241300";"HOSPITALIZACIÓN QUIRÚRGICA UROLOGÍA  ";"7";"4";"4";"7";"1";"31";"0"
"2023";"08";"140101";"LAMBAYEQUE";"CHICLAYO";"CHICLAYO";"PRIVADO";"II-E";"00012457";"CLINICA PROVIDA";"241900";"HOSPITALIZACIÓN DE MEDICINA MEDICINA INTERNA ";"4";"3";"8";"4";"1";"31";"1"
"2023";"08";"140101";"LAMBAYEQUE";"CHICLAYO";"CHICLAYO";"PRIVADO";"II-E";"00012457";"CLINICA PROVIDA";"244300";"HOSPITALIZACIÓN DE MEDICINA GASTROENTEROLOGÍA  ";"2";"1";"5";"2";"1";"31";"0"
"2023";"08";"140101";"LAMBAYEQUE";"CHICLAYO";"CHICLAYO";"PRIVADO";"II-E";"00012457";"CLINICA PROVIDA";"242300";"HOSPITALIZACIÓN DE PEDIATRÍA  PEDIATRÍA  GENERAL ";"1";"1";"1";"1";"1";"31";"0"
"2023";"04";"061004";"CAJAMARCA";"SAN MARCOS";"GREGORIO PITA";"GOBIERNO REGIONAL";"I-1";"00004502";"PUESTO DE SALUD MUYOC";"NE_0001";"";"NE_0001";"NE_0001";"NE_0001";"NE_0001";"NE_0001";"NE_0001";"NE_0001"
"2023";"04";"061004";"CAJAMARCA";"SAN MARCOS";"GREGORIO PITA";"GOBIERNO REGIONAL";"I-2";"00004508";"PAUCAMARCA";"NE_0001";"";"NE_0001";"NE_0001";"NE_0001";"NE_0001";"NE_0001";"NE_0001";"NE_0001"
"2023";"04";"061001";"CAJAMARCA";"SAN MARCOS";"PEDRO GALVEZ";"GOBIERNO REGIONAL";"I-1";"00004509";"CONDORMARCA";"NE_0001";"";"NE_0001";"NE_0001";"NE_0001";"NE_0001";"NE_0001";"NE_0001";"NE_0001"
"2023";"04";"061001";"CAJAMARCA";"SAN MARCOS";"PEDRO GALVEZ";"GOBIERNO REGIONAL";"I-1";"00004510";"CHUCO";"NE_0001";"";"NE_0001";"NE_0001";"NE_0001";"NE_0001";"NE_0001";"NE_0001";"NE_0001"
"2023";"01";"150113";"LIMA";"LIMA";"JESUS MARIA";"PRIVADO";"II-E";"00015716";"CLÍNICA VISTA";"NE_0001";"";"NE_0001";"NE_0001";"NE_0001";"NE_0001";"NE_0001";"NE_0001";"NE_0001"
"2023";"02";"150113";"LIMA";"LIMA";"JESUS MARIA";"PRIVADO";"II-E";"00015716";"CLÍNICA VISTA";"NE_0001";"";"NE_0001";"NE_0001";"NE_0001";"NE_0001";"NE_0001";"NE_0001";"NE_0001"
"2023";"03";"150113";"LIMA";"LIMA";"JESUS MARIA";"PRIVADO";"II-E";"00015716";"CLÍNICA VISTA";"NE_0001";"";"NE_0001";"NE_0001";"NE_0001";"NE_0001";"NE_0001";"NE_0001";"NE_0001"
"2023";"04";"150113";"LIMA";"LIMA";"JESUS MARIA";"PRIVADO";"II-E";"00015716";"CLÍNICA VISTA";"NE_0001";"";"NE_0001";"NE_0001";"NE_0001";"NE_0001";"NE_0001";"NE_0001";"NE_0001"
"2023";"05";"100502";"HUANUCO";"HUAMALIES";"ARANCAY";"GOBIERNO REGIONAL";"I-2";"00000905";"ARANCAY";"NE_0001";"";"NE_0001";"NE_0001";"NE_0001";"NE_0001";"NE_0001";"NE_0001";"NE_0001"
"2023";"05";"100502";"HUANUCO";"HUAMALIES";"ARANCAY";"GOBIERNO REGIONAL";"0";"00025485";"AISPED TAZO CHICO -  ARANCAY";"NE_0001";"";"NE_0001";"NE_0001";"NE_0001";"NE_0001";"NE_0001";"NE_0001";"NE_0001"
"2023";"05";"061109";"CAJAMARCA";"SAN MIGUEL";"NIEPOS";"GOBIERNO REGIONAL";"I-1";"00004560";"EL NARANJO";"NE_0001";"";"NE_0001";"NE_0001";"NE_0001";"NE_0001";"NE_0001";"NE_0001";"NE_0001"
"2023";"05";"061109";"CAJAMARCA";"SAN MIGUEL";"NIEPOS";"GOBIERNO REGIONAL";"I-2";"00004557";"NIEPOS";"NE_0001";"";"NE_0001";"NE_0001";"NE_0001";"NE_0001";"NE_0001";"NE_0001";"NE_0001"
"2023";"05";"061109";"CAJAMARCA";"SAN MIGUEL";"NIEPOS";"GOBIERNO REGIONAL";"I-1";"00004558";"LANCHEZ";"NE_0001";"";"NE_0001";"NE_0001";"NE_0001";"NE_0001";"NE_0001";"NE_0001";"NE_0001"
"2023";"05";"061109";"CAJAMARCA";"SAN MIGUEL";"NIEPOS";"GOBIERNO REGIONAL";"I-1";"00004559";"MIRAVALLES";"NE_0001";"";"NE_0001";"NE_0001";"NE_0001";"NE_0001";"NE_0001";"NE_0001";"NE_0001"
"2023";"05";"061106";"CAJAMARCA";"SAN MIGUEL";"LA FLORIDA";"GOBIERNO REGIONAL";"I-3";"00004556";"LA FLORIDA";"NE_0001";"";"NE_0001";"NE_0001";"NE_0001";"NE_0001";"NE_0001";"NE_0001";"NE_0001"
"2023";"06";"150131";"LIMA";"LIMA";"SAN ISIDRO";"PRIVADO";"II-E";"00009505";"OFTALMOSALUD";"NE_0001";"";"NE_0001";"NE_0001";"NE_0001";"NE_0001";"NE_0001";"NE_0001";"NE_0001"
"2023";"06";"050110";"AYACUCHO";"HUAMANGA";"SAN JUAN BAUTISTA";"GOBIERNO REGIONAL";"I-4";"00003598";"CENTRO DE SALUD DE SAN JUAN BAUTISTA";"NE_0001";"";"NE_0001";"NE_0001";"NE_0001";"NE_0001";"NE_0001";"NE_0001";"NE_0001"
"2023";"06";"050110";"AYACUCHO";"HUAMANGA";"SAN JUAN BAUTISTA";"GOBIERNO REGIONAL";"I-3";"00003600";"CENTRO DE SALUD MIRAFLORES";"NE_0001";"";"NE_0001";"NE_0001";"NE_0001";"NE_0001";"NE_0001";"NE_0001";"NE_0001"
"2023";"06";"050110";"AYACUCHO";"HUAMANGA";"SAN JUAN BAUTISTA";"GOBIERNO REGIONAL";"I-3";"00006882";"LOS OLIVOS";"NE_0001";"";"NE_0001";"NE_0001";"NE_0001";"NE_0001";"NE_0001";"NE_0001";"NE_0001"
"2023";"06";"050110";"AYACUCHO";"HUAMANGA";"SAN JUAN BAUTISTA";"GOBIERNO REGIONAL";"I-2";"00003599";"PUESTO DE SALUD ÑAHUINPUQUIO";"NE_0001";"";"NE_0001";"NE_0001";"NE_0001";"NE_0001";"NE_0001";"NE_0001";"NE_0001"
"2023";"06";"060811";"CAJAMARCA";"JAEN";"SAN JOSE DEL ALTO";"GOBIERNO REGIONAL";"I-1";"00013058";"SAN PEDRO";"NE_0001";"";"NE_0001";"NE_0001";"NE_0001";"NE_0001";"NE_0001";"NE_0001";"NE_0001"
"2023";"06";"060811";"CAJAMARCA";"JAEN";"SAN JOSE DEL ALTO";"GOBIERNO REGIONAL";"I-1";"00004259";"HUAHUAYA";"NE_0001";"";"NE_0001";"NE_0001";"NE_0001";"NE_0001";"NE_0001";"NE_0001";"NE_0001"
"2023";"06";"060811";"CAJAMARCA";"JAEN";"SAN JOSE DEL ALTO";"GOBIERNO REGIONAL";"I-1";"00004257";"SAN JOSE DEL ALTO";"NE_0001";"";"NE_0001";"NE_0001";"NE_0001";"NE_0001";"NE_0001";"NE_0001";"NE_0001"
"2023";"06";"060811";"CAJAMARCA";"JAEN";"SAN JOSE DEL ALTO";"GOBIERNO REGIONAL";"I-1";"00009965";"SAN ANTONIO";"NE_0001";"";"NE_0001";"NE_0001";"NE_0001";"NE_0001";"NE_0001";"NE_0001";"NE_0001"
"2023";"06";"060811";"CAJAMARCA";"JAEN";"SAN JOSE DEL ALTO";"GOBIERNO REGIONAL";"I-3";"00004256";"COCHALAN";"NE_0001";"";"NE_0001";"NE_0001";"NE_0001";"NE_0001";"NE_0001";"NE_0001";"NE_0001"
"2023";"06";"060811";"CAJAMARCA";"JAEN";"SAN JOSE DEL ALTO";"GOBIERNO REGIONAL";"I-2";"00004258";"ANGASH";"NE_0001";"";"NE_0001";"NE_0001";"NE_0001";"NE_0001";"NE_0001";"NE_0001";"NE_0001"
"2023";"06";"150140";"LIMA";"LIMA";"SANTIAGO DE SURCO";"PRIVADO";"II-E";"00011110";"CLINICA CAMPBELL";"240800";"HOSPITALIZACIÓN QUIRÚRGICA CIRUGÍA PLÁSTICA/RECONSTRUCTIVA/ REPARADORA ";"8";"8";"8";"8";"2";"60";"0"
"2023";"06";"070101";"CALLAO";"CALLAO";"CALLAO";"GOBIERNO REGIONAL";"I-2";"00006243";"PUESTO DE SALUD FAUCETT";"NE_0001";"";"NE_0001";"NE_0001";"NE_0001";"NE_0001";"NE_0001";"NE_0001";"NE_0001"
"2023";"06";"080502";"CUSCO";"CANAS";"CHECCA";"GOBIERNO REGIONAL";"I-2";"00002366";"CHECCA";"NE_0001";"";"NE_0001";"NE_0001";"NE_0001";"NE_0001";"NE_0001";"NE_0001";"NE_0001"
"2023";"07";"120107";"JUNIN";"HUANCAYO";"CHILCA";"GOBIERNO REGIONAL";"I-4";"00000608";"CHILCA";"NE_0002";"";"NE_0002";"NE_0002";"NE_0002";"NE_0002";"NE_0002";"NE_0002";"NE_0002"
"2023";"07";"120136";"JUNIN";"HUANCAYO";"VIQUES";"GOBIERNO REGIONAL";"I-2";"00000635";"VIQUES";"NE_0001";"";"NE_0001";"NE_0001";"NE_0001";"NE_0001";"NE_0001";"NE_0001";"NE_0001"
"2023";"07";"120111";"JUNIN";"HUANCAYO";"CHUPURO";"GOBIERNO REGIONAL";"I-1";"00000614";"SOCOS";"NE_0001";"";"NE_0001";"NE_0001";"NE_0001";"NE_0001";"NE_0001";"NE_0001";"NE_0001"
"2023";"07";"120126";"JUNIN";"HUANCAYO";"PUCARA";"GOBIERNO REGIONAL";"I-1";"00000628";"DOS DE MAYO";"NE_0001";"";"NE_0001";"NE_0001";"NE_0001";"NE_0001";"NE_0001";"NE_0001";"NE_0001"
"2023";"07";"120133";"JUNIN";"HUANCAYO";"SAPALLANGA";"GOBIERNO REGIONAL";"I-3";"00000629";"SAPALLANGA";"NE_0001";"";"NE_0001";"NE_0001";"NE_0001";"NE_0001";"NE_0001";"NE_0001";"NE_0001"
"2023";"07";"120111";"JUNIN";"HUANCAYO";"CHUPURO";"GOBIERNO REGIONAL";"I-2";"00000612";"CHUPURO";"NE_0001";"";"NE_0001";"NE_0001";"NE_0001";"NE_0001";"NE_0001";"NE_0001";"NE_0001"
"2023";"07";"120126";"JUNIN";"HUANCAYO";"PUCARA";"GOBIERNO REGIONAL";"I-2";"00000625";"MARCAVALLE";"NE_0001";"";"NE_0001";"NE_0001";"NE_0001";"NE_0001";"NE_0001";"NE_0001";"NE_0001"
"2023";"07";"120126";"JUNIN";"HUANCAYO";"PUCARA";"GOBIERNO REGIONAL";"I-1";"00000626";"RAQUINA";"NE_0001";"";"NE_0001";"NE_0001";"NE_0001";"NE_0001";"NE_0001";"NE_0001";"NE_0001"
"2023";"07";"120133";"JUNIN";"HUANCAYO";"SAPALLANGA";"GOBIERNO REGIONAL";"I-2";"00000630";"LA PUNTA";"NE_0001";"";"NE_0001";"NE_0001";"NE_0001";"NE_0001";"NE_0001";"NE_0001";"NE_0001"
"2023";"07";"120133";"JUNIN";"HUANCAYO";"SAPALLANGA";"GOBIERNO REGIONAL";"I-1";"00000634";"HUAYLLASPANCA";"NE_0001";"";"NE_0001";"NE_0001";"NE_0001";"NE_0001";"NE_0001";"NE_0001";"NE_0001"
"2023";"07";"120111";"JUNIN";"HUANCAYO";"CHUPURO";"GOBIERNO REGIONAL";"I-1";"00000613";"CARHUAPACCHA";"NE_0001";"";"NE_0001";"NE_0001";"NE_0001";"NE_0001";"NE_0001";"NE_0001";"NE_0001"
"2023";"07";"120113";"JUNIN";"HUANCAYO";"CULLHUAS";"GOBIERNO REGIONAL";"I-1";"00000616";"PIHUAS";"NE_0001";"";"NE_0001";"NE_0001";"NE_0001";"NE_0001";"NE_0001";"NE_0001";"NE_0001"
"2023";"07";"120121";"JUNIN";"HUANCAYO";"HUAYUCACHI";"GOBIERNO REGIONAL";"I-3";"00000622";"HUAYUCACHI";"NE_0001";"";"NE_0001";"NE_0001";"NE_0001";"NE_0001";"NE_0001";"NE_0001";"NE_0001"
"2023";"07";"120133";"JUNIN";"HUANCAYO";"SAPALLANGA";"GOBIERNO REGIONAL";"I-1";"00000631";"COCHARCAS";"NE_0001";"";"NE_0001";"NE_0001";"NE_0001";"NE_0001";"NE_0001";"NE_0001";"NE_0001"
"2023";"07";"120107";"JUNIN";"HUANCAYO";"CHILCA";"GOBIERNO REGIONAL";"I-3";"00000610";"AUQUIMARCA";"NE_0001";"";"NE_0001";"NE_0001";"NE_0001";"NE_0001";"NE_0001";"NE_0001";"NE_0001"
"2023";"07";"120107";"JUNIN";"HUANCAYO";"CHILCA";"GOBIERNO REGIONAL";"I-2";"00000611";"LA ESPERANZA";"NE_0001";"";"NE_0001";"NE_0001";"NE_0001";"NE_0001";"NE_0001";"NE_0001";"NE_0001"
"2023";"07";"120113";"JUNIN";"HUANCAYO";"CULLHUAS";"GOBIERNO REGIONAL";"I-2";"00000615";"CULLHUAS";"NE_0001";"";"NE_0001";"NE_0001";"NE_0001";"NE_0001";"NE_0001";"NE_0001";"NE_0001"
"2023";"07";"120119";"JUNIN";"HUANCAYO";"HUANCAN";"GOBIERNO REGIONAL";"I-2";"00000621";"HUARI";"NE_0001";"";"NE_0001";"NE_0001";"NE_0001";"NE_0001";"NE_0001";"NE_0001";"NE_0001"
"2023";"07";"120133";"JUNIN";"HUANCAYO";"SAPALLANGA";"GOBIERNO REGIONAL";"I-1";"00000632";"MILUCHACA";"NE_0001";"";"NE_0001";"NE_0001";"NE_0001";"NE_0001";"NE_0001";"NE_0001";"NE_0001"
"2023";"07";"120133";"JUNIN";"HUANCAYO";"SAPALLANGA";"GOBIERNO REGIONAL";"I-1";"00000633";"MIRAFLORES";"NE_0001";"";"NE_0001";"NE_0001";"NE_0001";"NE_0001";"NE_0001";"NE_0001";"NE_0001"
"2023";"07";"120112";"JUNIN";"HUANCAYO";"COLCA";"GOBIERNO REGIONAL";"I-1";"00000702";"SANTA CRUZ DE LARIA";"NE_0001";"";"NE_0001";"NE_0001";"NE_0001";"NE_0001";"NE_0001";"NE_0001";"NE_0001"
"2023";"08";"070102";"CALLAO";"CALLAO";"BELLAVISTA";"ESSALUD";"III-1";"00008265";"HOSPITAL NACIONAL ALBERTO SABOGAL SOLOGUREN DE LA RED ASISTENCIAL SABOGAL";"241900";"HOSPITALIZACIÓN DE MEDICINA MEDICINA INTERNA ";"443";"462";"5775";"5509";"193";"5983";"33"
"2023";"08";"070102";"CALLAO";"CALLAO";"BELLAVISTA";"ESSALUD";"III-1";"00008265";"HOSPITAL NACIONAL ALBERTO SABOGAL SOLOGUREN DE LA RED ASISTENCIAL SABOGAL";"240100";"HOSPITALIZACIÓN QUIRÚRGICA CIRUGÍA GENERAL ";"147";"127";"1137";"1048";"39";"1209";"0"
"2023";"08";"070102";"CALLAO";"CALLAO";"BELLAVISTA";"ESSALUD";"III-1";"00008265";"HOSPITAL NACIONAL ALBERTO SABOGAL SOLOGUREN DE LA RED ASISTENCIAL SABOGAL";"240200";"HOSPITALIZACIÓN QUIRÚRGICA CIRUGÍA DE CABEZA Y CUELLO / MÁXILO FACIAL ";"51";"47";"163";"202";"8";"248";"0"
"2023";"08";"070102";"CALLAO";"CALLAO";"BELLAVISTA";"ESSALUD";"III-1";"00008265";"HOSPITAL NACIONAL ALBERTO SABOGAL SOLOGUREN DE LA RED ASISTENCIAL SABOGAL";"240400";"HOSPITALIZACIÓN QUIRÚRGICA CIRUGÍA DE TÓRAX Y CARDIOVASCULAR ";"17";"16";"92";"70";"3";"93";"0"
"2023";"08";"070102";"CALLAO";"CALLAO";"BELLAVISTA";"ESSALUD";"III-1";"00008265";"HOSPITAL NACIONAL ALBERTO SABOGAL SOLOGUREN DE LA RED ASISTENCIAL SABOGAL";"240800";"HOSPITALIZACIÓN QUIRÚRGICA CIRUGÍA PLÁSTICA/RECONSTRUCTIVA/ REPARADORA ";"8";"8";"30";"29";"1";"31";"0"
"2023";"08";"070102";"CALLAO";"CALLAO";"BELLAVISTA";"ESSALUD";"III-1";"00008265";"HOSPITAL NACIONAL ALBERTO SABOGAL SOLOGUREN DE LA RED ASISTENCIAL SABOGAL";"241700";"HOSPITALIZACIÓN QUIRÚRGICA GINECOLOGÍA   GINECOLOGIA ONCOLOGiCA";"74";"76";"201";"185";"6";"186";"0"
"2023";"08";"070102";"CALLAO";"CALLAO";"BELLAVISTA";"ESSALUD";"III-1";"00008265";"HOSPITAL NACIONAL ALBERTO SABOGAL SOLOGUREN DE LA RED ASISTENCIAL SABOGAL";"241900";"HOSPITALIZACIÓN DE MEDICINA MEDICINA INTERNA ";"17";"17";"173";"143";"5";"155";"0"
"2023";"08";"070102";"CALLAO";"CALLAO";"BELLAVISTA";"ESSALUD";"III-1";"00008265";"HOSPITAL NACIONAL ALBERTO SABOGAL SOLOGUREN DE LA RED ASISTENCIAL SABOGAL";"242000";"HOSPITALIZACIÓN DE MEDICINA MEDICINA TROPICAL E INFECCIOSAS ";"19";"17";"253";"324";"11";"341";"3"
"2023";"03";"150140";"LIMA";"LIMA";"SANTIAGO DE SURCO";"PRIVADO";"II-2";"00009989";"CLINICA PADRE LUIS TEZZA";"240000";"HOSPITALIZACIÓN";"284";"275";"1518";"1335";"58";"1798";"5"
"2023";"03";"130101";"LA LIBERTAD";"TRUJILLO";"TRUJILLO";"PRIVADO";"II-E";"00021354";"CLINICA LUZ Y VIDA";"NE_0001";"";"NE_0001";"NE_0001";"NE_0001";"NE_0001";"NE_0001";"NE_0001";"NE_0001"
"2023";"03";"120701";"JUNIN";"TARMA";"TARMA";"GOBIERNO REGIONAL";"I-1";"00000584";"TARMATAMBO";"NE_0001";"";"NE_0001";"NE_0001";"NE_0001";"NE_0001";"NE_0001";"NE_0001";"NE_0001"
"2023";"03";"120701";"JUNIN";"TARMA";"TARMA";"GOBIERNO REGIONAL";"I-1";"00000586";"MUYLO";"NE_0001";"";"NE_0001";"NE_0001";"NE_0001";"NE_0001";"NE_0001";"NE_0001";"NE_0001"
"2023";"03";"120701";"JUNIN";"TARMA";"TARMA";"GOBIERNO REGIONAL";"I-2";"00000587";"POMACHACA";"NE_0001";"";"NE_0001";"NE_0001";"NE_0001";"NE_0001";"NE_0001";"NE_0001";"NE_0001"
"2023";"03";"120701";"JUNIN";"TARMA";"TARMA";"GOBIERNO REGIONAL";"I-1";"00000593";"SANYACANCHA";"NE_0001";"";"NE_0001";"NE_0001";"NE_0001";"NE_0001";"NE_0001";"NE_0001";"NE_0001"
"2023";"03";"120701";"JUNIN";"TARMA";"TARMA";"GOBIERNO REGIONAL";"I-1";"00000591";"CARHUACATAC";"NE_0001";"";"NE_0001";"NE_0001";"NE_0001";"NE_0001";"NE_0001";"NE_0001";"NE_0001"
"2023";"03";"120704";"JUNIN";"TARMA";"HUASAHUASI";"GOBIERNO REGIONAL";"I-1";"00000547";"CHIRAS";"NE_0001";"";"NE_0001";"NE_0001";"NE_0001";"NE_0001";"NE_0001";"NE_0001";"NE_0001"
"2023";"03";"120704";"JUNIN";"TARMA";"HUASAHUASI";"GOBIERNO REGIONAL";"I-1";"00000544";"PUNRAY";"NE_0001";"";"NE_0001";"NE_0001";"NE_0001";"NE_0001";"NE_0001";"NE_0001";"NE_0001"
"2023";"03";"120704";"JUNIN";"TARMA";"HUASAHUASI";"GOBIERNO REGIONAL";"I-1";"00000543";"CASCA";"NE_0001";"";"NE_0001";"NE_0001";"NE_0001";"NE_0001";"NE_0001";"NE_0001";"NE_0001"
"2023";"03";"120704";"JUNIN";"TARMA";"HUASAHUASI";"GOBIERNO REGIONAL";"I-4";"00000542";"HUASAHUASI";"241600";"HOSPITALIZACIÓN QUIRÚRGICA OBSTETRICIA   ";"6";"6";"6";"6";"6";"186";"0"
"2023";"03";"120704";"JUNIN";"TARMA";"HUASAHUASI";"GOBIERNO REGIONAL";"I-1";"00000546";"SAN JUAN DE LA LIBERTAD";"NE_0001";"";"NE_0001";"NE_0001";"NE_0001";"NE_0001";"NE_0001";"NE_0001";"NE_0001"
"2023";"03";"120704";"JUNIN";"TARMA";"HUASAHUASI";"GOBIERNO REGIONAL";"I-1";"00000545";"HUACUAS";"NE_0001";"";"NE_0001";"NE_0001";"NE_0001";"NE_0001";"NE_0001";"NE_0001";"NE_0001"
"2023";"03";"120704";"JUNIN";"TARMA";"HUASAHUASI";"GOBIERNO REGIONAL";"I-1";"00000548";"TIAMBRA";"NE_0001";"";"NE_0001";"NE_0001";"NE_0001";"NE_0001";"NE_0001";"NE_0001";"NE_0001"
"2023";"03";"060811";"CAJAMARCA";"JAEN";"SAN JOSE DEL ALTO";"GOBIERNO REGIONAL";"I-1";"00018121";"EL PORVENIR";"NE_0001";"";"NE_0001";"NE_0001";"NE_0001";"NE_0001";"NE_0001";"NE_0001";"NE_0001"
"2023";"03";"060811";"CAJAMARCA";"JAEN";"SAN JOSE DEL ALTO";"GOBIERNO REGIONAL";"I-2";"00004260";"PEÑA BLANCA";"NE_0001";"";"NE_0001";"NE_0001";"NE_0001";"NE_0001";"NE_0001";"NE_0001";"NE_0001"
"2023";"03";"060811";"CAJAMARCA";"JAEN";"SAN JOSE DEL ALTO";"GOBIERNO REGIONAL";"I-1";"00013058";"SAN PEDRO";"NE_0001";"";"NE_0001";"NE_0001";"NE_0001";"NE_0001";"NE_0001";"NE_0001";"NE_0001"
"2023";"03";"060811";"CAJAMARCA";"JAEN";"SAN JOSE DEL ALTO";"GOBIERNO REGIONAL";"I-1";"00004259";"HUAHUAYA";"NE_0001";"";"NE_0001";"NE_0001";"NE_0001";"NE_0001";"NE_0001";"NE_0001";"NE_0001"
"2023";"03";"060811";"CAJAMARCA";"JAEN";"SAN JOSE DEL ALTO";"GOBIERNO REGIONAL";"I-1";"00004257";"SAN JOSE DEL ALTO";"NE_0001";"";"NE_0001";"NE_0001";"NE_0001";"NE_0001";"NE_0001";"NE_0001";"NE_0001"
"2023";"03";"060811";"CAJAMARCA";"JAEN";"SAN JOSE DEL ALTO";"GOBIERNO REGIONAL";"I-1";"00009965";"SAN ANTONIO";"NE_0001";"";"NE_0001";"NE_0001";"NE_0001";"NE_0001";"NE_0001";"NE_0001";"NE_0001"
"2023";"03";"060811";"CAJAMARCA";"JAEN";"SAN JOSE DEL ALTO";"GOBIERNO REGIONAL";"I-3";"00004256";"COCHALAN";"NE_0001";"";"NE_0001";"NE_0001";"NE_0001";"NE_0001";"NE_0001";"NE_0001";"NE_0001"
"2023";"03";"060811";"CAJAMARCA";"JAEN";"SAN JOSE DEL ALTO";"GOBIERNO REGIONAL";"I-2";"00004258";"ANGASH";"NE_0001";"";"NE_0001";"NE_0001";"NE_0001";"NE_0001";"NE_0001";"NE_0001";"NE_0001"
"2023";"03";"170101";"MADRE DE DIOS";"TAMBOPATA";"TAMBOPATA";"ESSALUD";"II-1";"00009319";"HOSPITAL I VICTOR ALFREDO LAZO PERALTA";"241800";"HOSPITALIZACIÓN DE MEDICINA MEDICINA GENERAL ";"98";"98";"372";"134";"13";"38";"3"
"2023";"03";"170101";"MADRE DE DIOS";"TAMBOPATA";"TAMBOPATA";"ESSALUD";"II-1";"00009319";"HOSPITAL I VICTOR ALFREDO LAZO PERALTA";"250103";"UNIDAD DE CUIDADOS CRITICOS UNIDAD  DE CUIDADOS INTENSIVOS GENERALES  (UCI) MEDICINA";"6";"6";"32";"10";"6";"12";"1"
"2023";"03";"170101";"MADRE DE DIOS";"TAMBOPATA";"TAMBOPATA";"ESSALUD";"II-1";"00009319";"HOSPITAL I VICTOR ALFREDO LAZO PERALTA";"240100";"HOSPITALIZACIÓN QUIRÚRGICA CIRUGÍA GENERAL ";"37";"37";"67";"20";"9";"38";"0"
"2023";"03";"170101";"MADRE DE DIOS";"TAMBOPATA";"TAMBOPATA";"ESSALUD";"II-1";"00009319";"HOSPITAL I VICTOR ALFREDO LAZO PERALTA";"241200";"HOSPITALIZACIÓN QUIRÚRGICA TRAUMATOLOGÍA Y ORTOPEDIA ";"16";"16";"34";"5";"3";"8";"0"
"2023";"03";"170101";"MADRE DE DIOS";"TAMBOPATA";"TAMBOPATA";"ESSALUD";"II-1";"00009319";"HOSPITAL I VICTOR ALFREDO LAZO PERALTA";"245400";"HOSPITALIZACIÓN DE MEDICINA GINECOLOGIA ";"54";"54";"146";"12";"10";"30";"0"
"2023";"03";"170101";"MADRE DE DIOS";"TAMBOPATA";"TAMBOPATA";"ESSALUD";"II-1";"00009319";"HOSPITAL I VICTOR ALFREDO LAZO PERALTA";"242500";"HOSPITALIZACIÓN-PEDIATRÍA GENERAL-";"14";"14";"47";"20";"3";"23";"0"
"2023";"03";"170101";"MADRE DE DIOS";"TAMBOPATA";"TAMBOPATA";"ESSALUD";"II-1";"00009319";"HOSPITAL I VICTOR ALFREDO LAZO PERALTA";"243200";"HOSPITALIZACIÓN DE PEDIATRÍA PEDIATRIA NEONATOLOGÍA";"44";"44";"58";"10";"3";"38";"0"
"2023";"03";"100102";"HUANUCO";"HUANUCO";"AMARILIS";"GOBIERNO REGIONAL";"I-3";"00027051";"CENTRO DE SALUD MENTAL COMUNITARIO PAKKARIN";"NE_0001";"";"NE_0001";"NE_0001";"NE_0001";"NE_0001";"NE_0001";"NE_0001";"NE_0001"
"2023";"03";"100102";"HUANUCO";"HUANUCO";"AMARILIS";"GOBIERNO REGIONAL";"I-2";"00000760";"LA ESPERANZA";"NE_0001";"";"NE_0001";"NE_0001";"NE_0001";"NE_0001";"NE_0001";"NE_0001";"NE_0001"
"2023";"03";"100102";"HUANUCO";"HUANUCO";"AMARILIS";"GOBIERNO REGIONAL";"I-3";"00027821";"CENTRO DE SALUD AMARILIS";"NE_0001";"";"NE_0001";"NE_0001";"NE_0001";"NE_0001";"NE_0001";"NE_0001";"NE_0001"
"2023";"04";"060703";"CAJAMARCA";"HUALGAYOC";"HUALGAYOC";"ESSALUD";"I-2";"00010270";"POSTA MEDICA DE HUALGAYOC";"NE_0001";"";"NE_0001";"NE_0001";"NE_0001";"NE_0001";"NE_0001";"NE_0001";"NE_0001"
"2023";"04";"150122";"LIMA";"LIMA";"MIRAFLORES";"SANIDAD DE LA FUERZA AEREA DEL PERU";"III-1";"00010751";"HOSPITAL CENTRAL DE LA FUERZA AEREA DEL PERU";"240000";"HOSPITALIZACIÓN";"365";"354";"2781";"3203";"264";"5050";"20"
"2023";"04";"150131";"LIMA";"LIMA";"SAN ISIDRO";"PRIVADO";"II-E";"00018581";"CLINICA PETRAS";"240800";"HOSPITALIZACIÓN QUIRÚRGICA CIRUGÍA PLÁSTICA/RECONSTRUCTIVA/ REPARADORA ";"4";"4";"4";"2";"2,00";"60";"0"
"2023";"04";"140101";"LAMBAYEQUE";"CHICLAYO";"CHICLAYO";"GOBIERNO REGIONAL";"II-2";"00004317";"HOSPITAL REGIONAL DOCENTE LAS MERCEDES";"240100";"HOSPITALIZACIÓN QUIRÚRGICA CIRUGÍA GENERAL ";"58";"69";"143";"4";"30";"900";"0"
"2023";"04";"140101";"LAMBAYEQUE";"CHICLAYO";"CHICLAYO";"GOBIERNO REGIONAL";"II-2";"00004317";"HOSPITAL REGIONAL DOCENTE LAS MERCEDES";"243200";"HOSPITALIZACIÓN DE PEDIATRÍA PEDIATRIA NEONATOLOGÍA";"29";"41";"126";"3";"20";"600";"0"
"2023";"04";"140101";"LAMBAYEQUE";"CHICLAYO";"CHICLAYO";"GOBIERNO REGIONAL";"II-2";"00004317";"HOSPITAL REGIONAL DOCENTE LAS MERCEDES";"242300";"HOSPITALIZACIÓN DE PEDIATRÍA  PEDIATRÍA  GENERAL ";"41";"56";"286";"6";"29";"870";"1"
"2023";"04";"140101";"LAMBAYEQUE";"CHICLAYO";"CHICLAYO";"GOBIERNO REGIONAL";"II-2";"00004317";"HOSPITAL REGIONAL DOCENTE LAS MERCEDES";"241800";"HOSPITALIZACIÓN DE MEDICINA MEDICINA GENERAL ";"73";"102";"484";"11";"57";"1710";"10"
"2023";"04";"140101";"LAMBAYEQUE";"CHICLAYO";"CHICLAYO";"GOBIERNO REGIONAL";"II-2";"00004317";"HOSPITAL REGIONAL DOCENTE LAS MERCEDES";"241200";"HOSPITALIZACIÓN QUIRÚRGICA TRAUMATOLOGÍA Y ORTOPEDIA ";"6";"13";"149";"3";"14";"420";"0"
"2023";"04";"140101";"LAMBAYEQUE";"CHICLAYO";"CHICLAYO";"GOBIERNO REGIONAL";"II-2";"00004317";"HOSPITAL REGIONAL DOCENTE LAS MERCEDES";"241600";"HOSPITALIZACIÓN QUIRÚRGICA OBSTETRICIA   ";"83";"98";"215";"7";"43";"1290";"0"
"2023";"04";"140101";"LAMBAYEQUE";"CHICLAYO";"CHICLAYO";"GOBIERNO REGIONAL";"II-2";"00004317";"HOSPITAL REGIONAL DOCENTE LAS MERCEDES";"241500";"HOSPITALIZACIÓN QUIRÚRGICA GINECOLOGÍA  ";"15";"18";"39";"1";"14";"420";"0"
"2023";"04";"140101";"LAMBAYEQUE";"CHICLAYO";"CHICLAYO";"GOBIERNO REGIONAL";"II-2";"00004317";"HOSPITAL REGIONAL DOCENTE LAS MERCEDES";"240801";"HOSPITALIZACIÓN QUIRÚRGICA CIRUGÍA PLÁSTICA/RECONSTRUCTIVA/ REPARADORA QUEMADOS";"1";"2";"13";"1";"13";"390";"0"
"2023";"04";"140101";"LAMBAYEQUE";"CHICLAYO";"CHICLAYO";"GOBIERNO REGIONAL";"II-2";"00004317";"HOSPITAL REGIONAL DOCENTE LAS MERCEDES";"250100";"UNIDAD DE CUIDADOS CRITICOS UNIDAD  DE CUIDADOS INTENSIVOS GENERALES (UCI) ";"0";"1";"2";"1";"6";"180";"1"
"2023";"04";"090101";"HUANCAVELICA";"HUANCAVELICA";"HUANCAVELICA";"GOBIERNO REGIONAL";"II-2";"00003853";"HOSPITAL DEPARTAMENTAL DE HUANCAVELICA";"240100";"HOSPITALIZACIÓN QUIRÚRGICA CIRUGÍA GENERAL ";"92";"92";"396";"330";"20";"600";"1"
"2023";"04";"090101";"HUANCAVELICA";"HUANCAVELICA";"HUANCAVELICA";"GOBIERNO REGIONAL";"II-2";"00003853";"HOSPITAL DEPARTAMENTAL DE HUANCAVELICA";"241200";"HOSPITALIZACIÓN QUIRÚRGICA TRAUMATOLOGÍA Y ORTOPEDIA ";"31";"31";"141";"270";"9";"270";"1"
"2023";"04";"090101";"HUANCAVELICA";"HUANCAVELICA";"HUANCAVELICA";"GOBIERNO REGIONAL";"II-2";"00003853";"HOSPITAL DEPARTAMENTAL DE HUANCAVELICA";"241400";"HOSPITALIZACIÓN QUIRÚRGICA GINECO - OBSTETRICIA ";"74";"74";"215";"360";"18";"540";"0"
"2023";"04";"090101";"HUANCAVELICA";"HUANCAVELICA";"HUANCAVELICA";"GOBIERNO REGIONAL";"II-2";"00003853";"HOSPITAL DEPARTAMENTAL DE HUANCAVELICA";"241500";"HOSPITALIZACIÓN QUIRÚRGICA GINECOLOGÍA  ";"59";"59";"161";"270";"18";"540";"0"
"2023";"04";"090101";"HUANCAVELICA";"HUANCAVELICA";"HUANCAVELICA";"GOBIERNO REGIONAL";"II-2";"00003853";"HOSPITAL DEPARTAMENTAL DE HUANCAVELICA";"241800";"HOSPITALIZACIÓN DE MEDICINA MEDICINA GENERAL ";"75";"75";"385";"180";"20";"600";"3"
"2023";"04";"090101";"HUANCAVELICA";"HUANCAVELICA";"HUANCAVELICA";"GOBIERNO REGIONAL";"II-2";"00003853";"HOSPITAL DEPARTAMENTAL DE HUANCAVELICA";"242300";"HOSPITALIZACIÓN DE PEDIATRÍA  PEDIATRÍA  GENERAL ";"49";"49";"212";"240";"11";"330";"0"
"2023";"04";"090101";"HUANCAVELICA";"HUANCAVELICA";"HUANCAVELICA";"GOBIERNO REGIONAL";"II-2";"00003853";"HOSPITAL DEPARTAMENTAL DE HUANCAVELICA";"243200";"HOSPITALIZACIÓN DE PEDIATRÍA PEDIATRIA NEONATOLOGÍA";"43";"43";"217";"330";"16";"480";"0"
"2023";"04";"090101";"HUANCAVELICA";"HUANCAVELICA";"HUANCAVELICA";"GOBIERNO REGIONAL";"II-2";"00003853";"HOSPITAL DEPARTAMENTAL DE HUANCAVELICA";"250103";"UNIDAD DE CUIDADOS CRITICOS UNIDAD  DE CUIDADOS INTENSIVOS GENERALES  (UCI) MEDICINA";"6";"6";"66";"240";"20";"600";"2"
"2023";"04";"090101";"HUANCAVELICA";"HUANCAVELICA";"HUANCAVELICA";"GOBIERNO REGIONAL";"II-2";"00003853";"HOSPITAL DEPARTAMENTAL DE HUANCAVELICA";"250105";"UNIDAD DE CUIDADOS CRITICOS UNIDAD  DE CUIDADOS INTENSIVOS  (UCI) NEONATOLOGÍA";"2";"2";"2";"240";"16";"480";"2"
"2023";"04";"120606";"JUNIN";"SATIPO";"PANGOA";"GOBIERNO REGIONAL";"I-2";"00000447";"VILLA MARIA";"NE_0001";"";"NE_0001";"NE_0001";"NE_0001";"NE_0001";"NE_0001";"NE_0001";"NE_0001"
"2023";"04";"040101";"AREQUIPA";"AREQUIPA";"AREQUIPA";"GOBIERNO REGIONAL";"III-1";"00001231";"HOSPITAL REGIONAL HONORIO DELGADO ESPINOZA";"241800";"HOSPITALIZACIÓN DE MEDICINA MEDICINA GENERAL ";"310";"305";"3925";"3813";"146";"4381";"46"
"2023";"04";"040101";"AREQUIPA";"AREQUIPA";"AREQUIPA";"GOBIERNO REGIONAL";"III-1";"00001231";"HOSPITAL REGIONAL HONORIO DELGADO ESPINOZA";"245300";"HOSPITALIZACIÓN DE MEDICINA NEUMOLOGÍA  ";"31";"46";"686";"590";"32";"948";"7"
"2023";"04";"040101";"AREQUIPA";"AREQUIPA";"AREQUIPA";"GOBIERNO REGIONAL";"III-1";"00001231";"HOSPITAL REGIONAL HONORIO DELGADO ESPINOZA";"244000";"HOSPITALIZACIÓN DE MEDICINA CARDIOLOGIA ";"18";"13";"95";"102";"4";"120";"0"
"2023";"04";"040101";"AREQUIPA";"AREQUIPA";"AREQUIPA";"GOBIERNO REGIONAL";"III-1";"00001231";"HOSPITAL REGIONAL HONORIO DELGADO ESPINOZA";"242200";"HOSPITALIZACIÓN DE MEDICINA PSIQUIATRÍA ";"33";"33";"567";"743";"32";"965";"0"
"2023";"04";"040101";"AREQUIPA";"AREQUIPA";"AREQUIPA";"GOBIERNO REGIONAL";"III-1";"00001231";"HOSPITAL REGIONAL HONORIO DELGADO ESPINOZA";"240100";"HOSPITALIZACIÓN QUIRÚRGICA CIRUGÍA GENERAL ";"372";"387";"4202";"3697";"138";"4142";"10"
"2023";"04";"040101";"AREQUIPA";"AREQUIPA";"AREQUIPA";"GOBIERNO REGIONAL";"III-1";"00001231";"HOSPITAL REGIONAL HONORIO DELGADO ESPINOZA";"240900";"HOSPITALIZACIÓN QUIRÚRGICA NEUROCIRUGÍA ";"30";"37";"792";"572";"24";"720";"0"
"2023";"04";"040101";"AREQUIPA";"AREQUIPA";"AREQUIPA";"GOBIERNO REGIONAL";"III-1";"00001231";"HOSPITAL REGIONAL HONORIO DELGADO ESPINOZA";"240800";"HOSPITALIZACIÓN QUIRÚRGICA CIRUGÍA PLÁSTICA/RECONSTRUCTIVA/ REPARADORA ";"11";"15";"303";"223";"10";"300";"0"
"2023";"04";"040101";"AREQUIPA";"AREQUIPA";"AREQUIPA";"GOBIERNO REGIONAL";"III-1";"00001231";"HOSPITAL REGIONAL HONORIO DELGADO ESPINOZA";"250100";"UNIDAD DE CUIDADOS CRITICOS UNIDAD  DE CUIDADOS INTENSIVOS GENERALES (UCI) ";"35";"9";"121";"597";"22";"660";"18"
"2023";"04";"040101";"AREQUIPA";"AREQUIPA";"AREQUIPA";"GOBIERNO REGIONAL";"III-1";"00001231";"HOSPITAL REGIONAL HONORIO DELGADO ESPINOZA";"250108";"UNIDAD DE CUIDADOS CRITICOS UNIDAD  DE CUIDADOS INTENSIVOS  (UCI) PEDIÁTRICA";"6";"1";"8";"111";"4";"120";"0"
"2023";"04";"040101";"AREQUIPA";"AREQUIPA";"AREQUIPA";"GOBIERNO REGIONAL";"III-1";"00001231";"HOSPITAL REGIONAL HONORIO DELGADO ESPINOZA";"242300";"HOSPITALIZACIÓN DE PEDIATRÍA  PEDIATRÍA  GENERAL ";"146";"162";"1546";"1503";"56";"1689";"1"
"2023";"04";"040101";"AREQUIPA";"AREQUIPA";"AREQUIPA";"GOBIERNO REGIONAL";"III-1";"00001231";"HOSPITAL REGIONAL HONORIO DELGADO ESPINOZA";"243200";"HOSPITALIZACIÓN DE PEDIATRÍA PEDIATRIA NEONATOLOGÍA";"80";"91";"825";"600";"30";"900";"1"
"2023";"04";"040101";"AREQUIPA";"AREQUIPA";"AREQUIPA";"GOBIERNO REGIONAL";"III-1";"00001231";"HOSPITAL REGIONAL HONORIO DELGADO ESPINOZA";"250105";"UNIDAD DE CUIDADOS CRITICOS UNIDAD  DE CUIDADOS INTENSIVOS  (UCI) NEONATOLOGÍA";"8";"2";"16";"207";"7";"210";"3"
"2023";"04";"040101";"AREQUIPA";"AREQUIPA";"AREQUIPA";"GOBIERNO REGIONAL";"III-1";"00001231";"HOSPITAL REGIONAL HONORIO DELGADO ESPINOZA";"241600";"HOSPITALIZACIÓN QUIRÚRGICA OBSTETRICIA   ";"465";"477";"1396";"1318";"86";"2580";"0"
"2023";"04";"040101";"AREQUIPA";"AREQUIPA";"AREQUIPA";"GOBIERNO REGIONAL";"III-1";"00001231";"HOSPITAL REGIONAL HONORIO DELGADO ESPINOZA";"241500";"HOSPITALIZACIÓN QUIRÚRGICA GINECOLOGÍA  ";"49";"52";"207";"267";"27";"810";"0"
"2023";"04";"150121";"LIMA";"LIMA";"PUEBLO LIBRE";"MINSA";"III-1";"00006211";"HOSPITAL DE APOYO SANTA ROSA";"240100";"HOSPITALIZACIÓN QUIRÚRGICA CIRUGÍA GENERAL ";"136";"145";"635";"635";"27";"810";"2"
"2023";"04";"150121";"LIMA";"LIMA";"PUEBLO LIBRE";"MINSA";"III-1";"00006211";"HOSPITAL DE APOYO SANTA ROSA";"240700";"HOSPITALIZACIÓN QUIRÚRGICA CIRUGÍA PEDIÁTRICA ";"38";"38";"182";"182";"10";"300";"0"
"2023";"04";"150121";"LIMA";"LIMA";"PUEBLO LIBRE";"MINSA";"III-1";"00006211";"HOSPITAL DE APOYO SANTA ROSA";"241500";"HOSPITALIZACIÓN QUIRÚRGICA GINECOLOGÍA  ";"45";"52";"358";"358";"16";"480";"0"
"2023";"04";"150121";"LIMA";"LIMA";"PUEBLO LIBRE";"MINSA";"III-1";"00006211";"HOSPITAL DE APOYO SANTA ROSA";"241600";"HOSPITALIZACIÓN QUIRÚRGICA OBSTETRICIA   ";"170";"173";"633";"633";"30";"900";"0"
"2023";"04";"150121";"LIMA";"LIMA";"PUEBLO LIBRE";"MINSA";"III-1";"00006211";"HOSPITAL DE APOYO SANTA ROSA";"241800";"HOSPITALIZACIÓN DE MEDICINA MEDICINA GENERAL ";"72";"67";"606";"606";"30";"900";"8"
"2023";"04";"150121";"LIMA";"LIMA";"PUEBLO LIBRE";"MINSA";"III-1";"00006211";"HOSPITAL DE APOYO SANTA ROSA";"242100";"HOSPITALIZACIÓN DE MEDICINA ONCOLOGÍA MÉDICA ";"59";"66";"326";"326";"15";"450";"1"
"2023";"04";"150121";"LIMA";"LIMA";"PUEBLO LIBRE";"MINSA";"III-1";"00006211";"HOSPITAL DE APOYO SANTA ROSA";"242500";"HOSPITALIZACIÓN-PEDIATRÍA GENERAL-";"61";"62";"282";"282";"10";"300";"0"
"2023";"04";"150121";"LIMA";"LIMA";"PUEBLO LIBRE";"MINSA";"III-1";"00006211";"HOSPITAL DE APOYO SANTA ROSA";"243200";"HOSPITALIZACIÓN DE PEDIATRÍA PEDIATRIA NEONATOLOGÍA";"33";"39";"249";"249";"15";"450";"0"
"2023";"04";"040201";"AREQUIPA";"CAMANA";"CAMANA";"GOBIERNO REGIONAL";"II-1";"00001344";"HOSPITAL DE CAMANA";"240100";"HOSPITALIZACIÓN QUIRÚRGICA CIRUGÍA GENERAL ";"18";"25";"152";"214";"10";"300";"0"
"2023";"04";"040201";"AREQUIPA";"CAMANA";"CAMANA";"GOBIERNO REGIONAL";"II-1";"00001344";"HOSPITAL DE CAMANA";"241200";"HOSPITALIZACIÓN QUIRÚRGICA TRAUMATOLOGÍA Y ORTOPEDIA ";"11";"12";"71";"90";"3";"230";"0"
"2023";"04";"040201";"AREQUIPA";"CAMANA";"CAMANA";"GOBIERNO REGIONAL";"II-1";"00001344";"HOSPITAL DE CAMANA";"241500";"HOSPITALIZACIÓN QUIRÚRGICA GINECOLOGÍA  ";"88";"93";"215";"277";"13";"390";"0"
"2023";"04";"040201";"AREQUIPA";"CAMANA";"CAMANA";"GOBIERNO REGIONAL";"II-1";"00001344";"HOSPITAL DE CAMANA";"241800";"HOSPITALIZACIÓN DE MEDICINA MEDICINA GENERAL ";"3";"3";"21";"83";"18";"240";"0"
"2023";"04";"040201";"AREQUIPA";"CAMANA";"CAMANA";"GOBIERNO REGIONAL";"II-1";"00001344";"HOSPITAL DE CAMANA";"241900";"HOSPITALIZACIÓN DE MEDICINA MEDICINA INTERNA ";"22";"35";"328";"390";"16";"480";"1"
"2023";"04";"040201";"AREQUIPA";"CAMANA";"CAMANA";"GOBIERNO REGIONAL";"II-1";"00001344";"HOSPITAL DE CAMANA";"242500";"HOSPITALIZACIÓN-PEDIATRÍA GENERAL-";"9";"11";"38";"100";"16";"280";"0"
"2023";"04";"040201";"AREQUIPA";"CAMANA";"CAMANA";"GOBIERNO REGIONAL";"II-1";"00001344";"HOSPITAL DE CAMANA";"243200";"HOSPITALIZACIÓN DE PEDIATRÍA PEDIATRIA NEONATOLOGÍA";"30";"32";"81";"143";"8";"240";"0"
"2023";"04";"120114";"JUNIN";"HUANCAYO";"EL TAMBO";"PRIVADO";"II-1";"00008024";"CLINICA CAYETANO HEREDIA";"240000";"HOSPITALIZACIÓN";"192";"198";"578";"586";"45";"1350";"0"
"2023";"04";"120114";"JUNIN";"HUANCAYO";"EL TAMBO";"PRIVADO";"II-1";"00008024";"CLINICA CAYETANO HEREDIA";"241400";"HOSPITALIZACIÓN QUIRÚRGICA GINECO - OBSTETRICIA ";"44";"42";"108";"85";"8";"241";"0"
"2023";"04";"060605";"CAJAMARCA";"CUTERVO";"LA RAMADA";"GOBIERNO REGIONAL";"I-1";"00006947";"LAGUNA";"NE_0001";"";"NE_0001";"NE_0001";"NE_0001";"NE_0001";"NE_0001";"NE_0001";"NE_0001"
"2023";"04";"060609";"CAJAMARCA";"CUTERVO";"SAN JUAN DE CUTERVO";"GOBIERNO REGIONAL";"I-1";"00007103";"SANTA ROSA DE SAN JUAN";"NE_0001";"";"NE_0001";"NE_0001";"NE_0001";"NE_0001";"NE_0001";"NE_0001";"NE_0001"
"2023";"04";"060605";"CAJAMARCA";"CUTERVO";"LA RAMADA";"GOBIERNO REGIONAL";"I-3";"00005027";"LA RAMADA";"NE_0001";"";"NE_0001";"NE_0001";"NE_0001";"NE_0001";"NE_0001";"NE_0001";"NE_0001"
"2023";"06";"150130";"LIMA";"LIMA";"SAN BORJA";"PRIVADO";"II-E";"00010467";"CLINICA FLEMING";"NE_0002";"";"NE_0002";"NE_0002";"NE_0002";"NE_0002";"NE_0002";"NE_0002";"NE_0002"
"2023";"03";"130101";"LA LIBERTAD";"TRUJILLO";"TRUJILLO";"ESSALUD";"III-1";"00009042";"VICTOR LAZARTE ECHEGARAY";"250200";"UNIDAD DE CUIDADOS CRITICOS UNIDAD DE CUIDADOS INTERMEDIOS GENERAL  (UCIN) ";"23";"20";"238";"872";"33";"1023";"7"
"2023";"03";"130101";"LA LIBERTAD";"TRUJILLO";"TRUJILLO";"ESSALUD";"III-1";"00009042";"VICTOR LAZARTE ECHEGARAY";"241900";"HOSPITALIZACIÓN DE MEDICINA MEDICINA INTERNA ";"127";"111";"1275";"1840";"64";"1984";"17"
"2023";"03";"130101";"LA LIBERTAD";"TRUJILLO";"TRUJILLO";"ESSALUD";"III-1";"00009042";"VICTOR LAZARTE ECHEGARAY";"241300";"HOSPITALIZACIÓN QUIRÚRGICA UROLOGÍA  ";"30";"29";"307";"75";"12";"372";"0"
"2023";"03";"130101";"LA LIBERTAD";"TRUJILLO";"TRUJILLO";"ESSALUD";"III-1";"00009042";"VICTOR LAZARTE ECHEGARAY";"240100";"HOSPITALIZACIÓN QUIRÚRGICA CIRUGÍA GENERAL ";"805";"802";"932";"969";"43";"1333";"1"
"2023";"03";"130101";"LA LIBERTAD";"TRUJILLO";"TRUJILLO";"ESSALUD";"III-1";"00009042";"VICTOR LAZARTE ECHEGARAY";"241200";"HOSPITALIZACIÓN QUIRÚRGICA TRAUMATOLOGÍA Y ORTOPEDIA ";"65";"64";"538";"272";"20";"620";"3"
"2023";"03";"130101";"LA LIBERTAD";"TRUJILLO";"TRUJILLO";"ESSALUD";"III-1";"00009042";"VICTOR LAZARTE ECHEGARAY";"241500";"HOSPITALIZACIÓN QUIRÚRGICA GINECOLOGÍA  ";"46";"46";"105";"11";"5";"155";"1"
"2023";"03";"130101";"LA LIBERTAD";"TRUJILLO";"TRUJILLO";"ESSALUD";"III-1";"00009042";"VICTOR LAZARTE ECHEGARAY";"241600";"HOSPITALIZACIÓN QUIRÚRGICA OBSTETRICIA   ";"356";"354";"898";"859";"35";"1085";"0"
"2023";"03";"130101";"LA LIBERTAD";"TRUJILLO";"TRUJILLO";"ESSALUD";"III-1";"00009042";"VICTOR LAZARTE ECHEGARAY";"242300";"HOSPITALIZACIÓN DE PEDIATRÍA  PEDIATRÍA  GENERAL ";"308";"297";"1054";"282";"18";"558";"0"
"2023";"07";"130101";"LA LIBERTAD";"TRUJILLO";"TRUJILLO";"PRIVADO";"I-3";"00027028";"EL GALENO DE ICA";"NE_0001";"";"NE_0001";"NE_0001";"NE_0001";"NE_0001";"NE_0001";"NE_0001";"NE_0001"
"2023";"07";"120707";"JUNIN";"TARMA";"PALCAMAYO";"GOBIERNO REGIONAL";"I-3";"00000527";"PALCAMAYO";"NE_0001";"";"NE_0001";"NE_0001";"NE_0001";"NE_0001";"NE_0001";"NE_0001";"NE_0001"
"2023";"07";"120707";"JUNIN";"TARMA";"PALCAMAYO";"GOBIERNO REGIONAL";"I-1";"00000529";"OCHONGA";"NE_0001";"";"NE_0001";"NE_0001";"NE_0001";"NE_0001";"NE_0001";"NE_0001";"NE_0001"
"2023";"07";"120707";"JUNIN";"TARMA";"PALCAMAYO";"GOBIERNO REGIONAL";"I-1";"00000533";"CALCA";"NE_0001";"";"NE_0001";"NE_0001";"NE_0001";"NE_0001";"NE_0001";"NE_0001";"NE_0001"
"2023";"07";"250105";"UCAYALI";"CORONEL PORTILLO";"YARINACOCHA";"ESSALUD";"I-3";"00032194";"CENTRO  DE SALUD ALAMEDAS - ESSALUD";"NE_0001";"";"NE_0001";"NE_0001";"NE_0001";"NE_0001";"NE_0001";"NE_0001";"NE_0001"
"2023";"07";"150130";"LIMA";"LIMA";"SAN BORJA";"PRIVADO";"II-2";"00009850";"CLÍNICA VESALIO";"240000";"HOSPITALIZACIÓN";"318";"311";"1331";"1517";"55";"1667";"0"
"2023";"07";"150113";"LIMA";"LIMA";"JESUS MARIA";"PRIVADO";"II-1";"00010776";"TRAUMATOLOGIA Y ORTOPEDIA AYBAR & AS SAC";"240000";"HOSPITALIZACIÓN";"3";"3";"4";"4";"6";"186";"0"
"2023";"07";"160107";"LORETO";"MAYNAS";"NAPO";"GOBIERNO REGIONAL";"II-1";"00000066";"HOSPITAL II-1 SANTA CLOTILDE";"241800";"HOSPITALIZACIÓN DE MEDICINA MEDICINA GENERAL ";"8";"13";"110";"122";"16";"496";"2"
"2023";"07";"160107";"LORETO";"MAYNAS";"NAPO";"GOBIERNO REGIONAL";"II-1";"00000066";"HOSPITAL II-1 SANTA CLOTILDE";"242300";"HOSPITALIZACIÓN DE PEDIATRÍA  PEDIATRÍA  GENERAL ";"8";"9";"53";"62";"7";"217";"0"
"2023";"07";"160107";"LORETO";"MAYNAS";"NAPO";"GOBIERNO REGIONAL";"II-1";"00000066";"HOSPITAL II-1 SANTA CLOTILDE";"241600";"HOSPITALIZACIÓN QUIRÚRGICA OBSTETRICIA   ";"13";"13";"30";"43";"6";"186";"0"
"2023";"07";"160107";"LORETO";"MAYNAS";"NAPO";"GOBIERNO REGIONAL";"II-1";"00000066";"HOSPITAL II-1 SANTA CLOTILDE";"242000";"HOSPITALIZACIÓN DE MEDICINA MEDICINA TROPICAL E INFECCIOSAS ";"1";"1";"8";"9";"3";"93";"0"
"2023";"07";"120605";"JUNIN";"SATIPO";"PAMPA HERMOSA";"GOBIERNO REGIONAL";"I-2";"00000492";"SANTA ROSITA";"NE_0001";"";"NE_0001";"NE_0001";"NE_0001";"NE_0001";"NE_0001";"NE_0001";"NE_0001"
"2023";"07";"120703";"JUNIN";"TARMA";"HUARICOLCA";"GOBIERNO REGIONAL";"I-2";"00000595";"HUARICOLCA";"NE_0001";"";"NE_0001";"NE_0001";"NE_0001";"NE_0001";"NE_0001";"NE_0001";"NE_0001"
"2023";"07";"040108";"AREQUIPA";"AREQUIPA";"LA JOYA";"GOBIERNO REGIONAL";"I-3";"00001322";"LA JOYA";"NE_0001";"";"NE_0001";"NE_0001";"NE_0001";"NE_0001";"NE_0001";"NE_0001";"NE_0001"
"2023";"07";"040108";"AREQUIPA";"AREQUIPA";"LA JOYA";"GOBIERNO REGIONAL";"I-1";"00001327";"PUESTO DE SALUD CERRITO BUENA VISTA";"NE_0001";"";"NE_0001";"NE_0001";"NE_0001";"NE_0001";"NE_0001";"NE_0001";"NE_0001"
"2023";"07";"040108";"AREQUIPA";"AREQUIPA";"LA JOYA";"GOBIERNO REGIONAL";"I-3";"00001330";"CENTRO DE SALUD EL CRUCE - TRIUNFO";"NE_0001";"";"NE_0001";"NE_0001";"NE_0001";"NE_0001";"NE_0001";"NE_0001";"NE_0001"
"2023";"05";"120708";"JUNIN";"TARMA";"SAN PEDRO DE CAJAS";"GOBIERNO REGIONAL";"I-1";"00000557";"YANEC";"NE_0001";"";"NE_0001";"NE_0001";"NE_0001";"NE_0001";"NE_0001";"NE_0001";"NE_0001"
"2023";"05";"120708";"JUNIN";"TARMA";"SAN PEDRO DE CAJAS";"GOBIERNO REGIONAL";"I-1";"00000556";"CHUPAN";"NE_0001";"";"NE_0001";"NE_0001";"NE_0001";"NE_0001";"NE_0001";"NE_0001";"NE_0001"
"2023";"05";"120504";"JUNIN";"JUNIN";"ULCUMAYO";"GOBIERNO REGIONAL";"I-1";"00000555";"RAYANNIOC";"NE_0001";"";"NE_0001";"NE_0001";"NE_0001";"NE_0001";"NE_0001";"NE_0001";"NE_0001"
"2023";"05";"120504";"JUNIN";"JUNIN";"ULCUMAYO";"GOBIERNO REGIONAL";"I-1";"00000554";"SHALACANCHA";"NE_0001";"";"NE_0001";"NE_0001";"NE_0001";"NE_0001";"NE_0001";"NE_0001";"NE_0001"
"2023";"05";"120503";"JUNIN";"JUNIN";"ONDORES";"GOBIERNO REGIONAL";"I-1";"00000553";"ATOCSAICO";"NE_0001";"";"NE_0001";"NE_0001";"NE_0001";"NE_0001";"NE_0001";"NE_0001";"NE_0001"
"2023";"05";"120503";"JUNIN";"JUNIN";"ONDORES";"GOBIERNO REGIONAL";"I-1";"00000552";"PARI";"NE_0001";"";"NE_0001";"NE_0001";"NE_0001";"NE_0001";"NE_0001";"NE_0001";"NE_0001"
"2023";"08";"040520";"AREQUIPA";"CAYLLOMA";"MAJES";"GOBIERNO REGIONAL";"0";"00030864";"HOGAR PROTEGIDO ""HACIA UNA NUEVA VIDA""";"NE_0002";"";"NE_0002";"NE_0002";"NE_0002";"NE_0002";"NE_0002";"NE_0002";"NE_0002"
"2023";"08";"120608";"JUNIN";"SATIPO";"RIO TAMBO";"GOBIERNO REGIONAL";"I-2";"00000515";"YAVIRO";"NE_0001";"";"NE_0001";"NE_0001";"NE_0001";"NE_0001";"NE_0001";"NE_0001";"NE_0001"
"2023";"08";"120608";"JUNIN";"SATIPO";"RIO TAMBO";"GOBIERNO REGIONAL";"I-1";"00015914";"SELVA DE ORO";"NE_0001";"";"NE_0001";"NE_0001";"NE_0001";"NE_0001";"NE_0001";"NE_0001";"NE_0001"
"2023";"08";"060806";"CAJAMARCA";"JAEN";"LAS PIRIAS";"GOBIERNO REGIONAL";"I-3";"00004245";"LAS PIRIAS DE JAEN";"NE_0001";"";"NE_0001";"NE_0001";"NE_0001";"NE_0001";"NE_0001";"NE_0001";"NE_0001"
"2023";"08";"100601";"HUANUCO";"LEONCIO PRADO";"RUPA-RUPA";"ESSALUD";"II-1";"00009180";"HOSPITAL I TINGO MARIA";"241800";"HOSPITALIZACIÓN DE MEDICINA MEDICINA GENERAL ";"18";"20";"86";"97";"6";"186";"0"
"2023";"08";"100601";"HUANUCO";"LEONCIO PRADO";"RUPA-RUPA";"ESSALUD";"II-1";"00009180";"HOSPITAL I TINGO MARIA";"240100";"HOSPITALIZACIÓN QUIRÚRGICA CIRUGÍA GENERAL ";"45";"43";"126";"141";"6";"186";"0"
"2023";"08";"100601";"HUANUCO";"LEONCIO PRADO";"RUPA-RUPA";"ESSALUD";"II-1";"00009180";"HOSPITAL I TINGO MARIA";"241500";"HOSPITALIZACIÓN QUIRÚRGICA GINECOLOGÍA  ";"28";"30";"90";"111";"4";"124";"0"
"2023";"08";"100601";"HUANUCO";"LEONCIO PRADO";"RUPA-RUPA";"ESSALUD";"II-1";"00009180";"HOSPITAL I TINGO MARIA";"241600";"HOSPITALIZACIÓN QUIRÚRGICA OBSTETRICIA   ";"18";"11";"24";"25";"3";"93";"0"
"2023";"08";"100601";"HUANUCO";"LEONCIO PRADO";"RUPA-RUPA";"ESSALUD";"II-1";"00009180";"HOSPITAL I TINGO MARIA";"242300";"HOSPITALIZACIÓN DE PEDIATRÍA  PEDIATRÍA  GENERAL ";"41";"39";"114";"123";"4";"124";"0"
"2023";"08";"050104";"AYACUCHO";"HUAMANGA";"CARMEN ALTO";"GOBIERNO REGIONAL";"I-1";"00011354";"PUESTO DE SALUD YANAMA";"NE_0001";"";"NE_0001";"NE_0001";"NE_0001";"NE_0001";"NE_0001";"NE_0001";"NE_0001"
"2023";"08";"050104";"AYACUCHO";"HUAMANGA";"CARMEN ALTO";"GOBIERNO REGIONAL";"I-1";"00003561";"POKRAS";"NE_0001";"";"NE_0001";"NE_0001";"NE_0001";"NE_0001";"NE_0001";"NE_0001";"NE_0001"
"2023";"08";"150131";"LIMA";"LIMA";"SAN ISIDRO";"PRIVADO";"II-E";"00017099";"OFTALMOLOGOS CONTRERAS  C.SCRL";"NE_0001";"";"NE_0001";"NE_0001";"NE_0001";"NE_0001";"NE_0001";"NE_0001";"NE_0001"
"2023";"08";"070103";"CALLAO";"CALLAO";"CARMEN DE LA LEGUA-REYNOSO";"GOBIERNO REGIONAL";"I-2";"00029132";"Centro de Salud Mental Comunitario ""Carmen de la Legua - Reynoso""";"NE_0001";"";"NE_0001";"NE_0001";"NE_0001";"NE_0001";"NE_0001";"NE_0001";"NE_0001"
"2023";"08";"070103";"CALLAO";"CALLAO";"CARMEN DE LA LEGUA-REYNOSO";"GOBIERNO REGIONAL";"I-2";"00006253";"PUESTO DE SALUD VILLA SEÑOR. DE LOS MILAGROS";"NE_0001";"";"NE_0001";"NE_0001";"NE_0001";"NE_0001";"NE_0001";"NE_0001";"NE_0001"
"2023";"08";"130102";"LA LIBERTAD";"TRUJILLO";"EL PORVENIR";"GOBIERNO REGIONAL";"II-1";"00005209";"HOSPITAL DISTRITAL DE EL PORVENIR SANTA ISABEL";"241800";"HOSPITALIZACIÓN DE MEDICINA MEDICINA GENERAL ";"33";"33";"98";"98";"6";"186";"0"
"2023";"08";"130102";"LA LIBERTAD";"TRUJILLO";"EL PORVENIR";"GOBIERNO REGIONAL";"II-1";"00005209";"HOSPITAL DISTRITAL DE EL PORVENIR SANTA ISABEL";"243200";"HOSPITALIZACIÓN DE PEDIATRÍA PEDIATRIA NEONATOLOGÍA";"8";"6";"25";"25";"8";"248";"0"
"2023";"08";"130102";"LA LIBERTAD";"TRUJILLO";"EL PORVENIR";"GOBIERNO REGIONAL";"II-1";"00005209";"HOSPITAL DISTRITAL DE EL PORVENIR SANTA ISABEL";"242300";"HOSPITALIZACIÓN DE PEDIATRÍA  PEDIATRÍA  GENERAL ";"18";"19";"41";"41";"3";"93";"0"
"2023";"08";"130102";"LA LIBERTAD";"TRUJILLO";"EL PORVENIR";"GOBIERNO REGIONAL";"II-1";"00005209";"HOSPITAL DISTRITAL DE EL PORVENIR SANTA ISABEL";"241400";"HOSPITALIZACIÓN QUIRÚRGICA GINECO - OBSTETRICIA ";"43";"44";"79";"79";"10";"310";"0"
"2023";"08";"130102";"LA LIBERTAD";"TRUJILLO";"EL PORVENIR";"GOBIERNO REGIONAL";"II-1";"00005209";"HOSPITAL DISTRITAL DE EL PORVENIR SANTA ISABEL";"241500";"HOSPITALIZACIÓN QUIRÚRGICA GINECOLOGÍA  ";"13";"13";"18";"18";"3";"93";"0"
"2023";"08";"150130";"LIMA";"LIMA";"SAN BORJA";"MINSA";"III-2";"00016918";"INSTITUTO NACIONAL DE SALUD NIÑO SAN BORJA";"242100";"HOSPITALIZACIÓN DE MEDICINA ONCOLOGÍA MÉDICA ";"14";"18";"370";"423";"17";"527";"0"
"2023";"08";"150130";"LIMA";"LIMA";"SAN BORJA";"MINSA";"III-2";"00016918";"INSTITUTO NACIONAL DE SALUD NIÑO SAN BORJA";"244500";"HOSPITALIZACIÓN DE MEDICINA HEMATOLOGÍA ";"24";"23";"594";"667";"22";"690";"0"
"2023";"08";"150130";"LIMA";"LIMA";"SAN BORJA";"MINSA";"III-2";"00016918";"INSTITUTO NACIONAL DE SALUD NIÑO SAN BORJA";"240400";"HOSPITALIZACIÓN QUIRÚRGICA CIRUGÍA DE TÓRAX Y CARDIOVASCULAR ";"41";"57";"1557";"1073";"35";"1085";"2"
"2023";"08";"150130";"LIMA";"LIMA";"SAN BORJA";"MINSA";"III-2";"00016918";"INSTITUTO NACIONAL DE SALUD NIÑO SAN BORJA";"240700";"HOSPITALIZACIÓN QUIRÚRGICA CIRUGÍA PEDIÁTRICA ";"48";"43";"506";"975";"32";"988";"1"
"2023";"08";"150130";"LIMA";"LIMA";"SAN BORJA";"MINSA";"III-2";"00016918";"INSTITUTO NACIONAL DE SALUD NIÑO SAN BORJA";"240900";"HOSPITALIZACIÓN QUIRÚRGICA NEUROCIRUGÍA ";"64";"68";"1295";"995";"33";"1025";"1"
"2023";"08";"150130";"LIMA";"LIMA";"SAN BORJA";"MINSA";"III-2";"00016918";"INSTITUTO NACIONAL DE SALUD NIÑO SAN BORJA";"240100";"HOSPITALIZACIÓN QUIRÚRGICA CIRUGÍA GENERAL ";"117";"109";"1004";"1018";"34";"1043";"0"
"2023";"08";"150130";"LIMA";"LIMA";"SAN BORJA";"MINSA";"III-2";"00016918";"INSTITUTO NACIONAL DE SALUD NIÑO SAN BORJA";"242300";"HOSPITALIZACIÓN DE PEDIATRÍA  PEDIATRÍA  GENERAL ";"52";"51";"766";"894";"30";"926";"2"
"2023";"08";"150130";"LIMA";"LIMA";"SAN BORJA";"MINSA";"III-2";"00016918";"INSTITUTO NACIONAL DE SALUD NIÑO SAN BORJA";"240801";"HOSPITALIZACIÓN QUIRÚRGICA CIRUGÍA PLÁSTICA/RECONSTRUCTIVA/ REPARADORA QUEMADOS";"56";"60";"549";"537";"18";"558";"0"
"2023";"08";"150130";"LIMA";"LIMA";"SAN BORJA";"MINSA";"III-2";"00016918";"INSTITUTO NACIONAL DE SALUD NIÑO SAN BORJA";"250201";"UNIDAD DE CUIDADOS CRITICOS UNIDAD DE CUIDADOS INTERMEDIOS  (UCIN) NEONATAL";"2";"1";"16";"175";"6";"186";"0"
"2023";"08";"150130";"LIMA";"LIMA";"SAN BORJA";"MINSA";"III-2";"00016918";"INSTITUTO NACIONAL DE SALUD NIÑO SAN BORJA";"250101";"UNIDAD DE CUIDADOS CRITICOS UNIDAD  DE CUIDADOS INTENSIVOS GENERALES (UCI) CARDIOLOGIA";"5";"1";"2";"277";"9";"279";"1"
"2023";"08";"150130";"LIMA";"LIMA";"SAN BORJA";"MINSA";"III-2";"00016918";"INSTITUTO NACIONAL DE SALUD NIÑO SAN BORJA";"250111";"UNIDAD DE CUIDADOS CRITICOS UNIDAD  DE CUIDADOS INTENSIVOS  (UCI) CARDIOVASCULAR";"10";"1";"17";"394";"14";"425";"1"
"2023";"08";"150130";"LIMA";"LIMA";"SAN BORJA";"MINSA";"III-2";"00016918";"INSTITUTO NACIONAL DE SALUD NIÑO SAN BORJA";"250105";"UNIDAD DE CUIDADOS CRITICOS UNIDAD  DE CUIDADOS INTENSIVOS  (UCI) NEONATOLOGÍA";"2";"0";"0";"234";"8";"248";"0"
"2023";"08";"150130";"LIMA";"LIMA";"SAN BORJA";"MINSA";"III-2";"00016918";"INSTITUTO NACIONAL DE SALUD NIÑO SAN BORJA";"250107";"UNIDAD DE CUIDADOS CRITICOS UNIDAD  DE CUIDADOS INTENSIVOS  (UCI) NEUROQUIRÚRGICA";"7";"4";"57";"300";"10";"310";"4"
"2023";"08";"150130";"LIMA";"LIMA";"SAN BORJA";"MINSA";"III-2";"00016918";"INSTITUTO NACIONAL DE SALUD NIÑO SAN BORJA";"250400";"UNIDAD DE CUIDADOS CRITICOS UNIDAD DE QUEMADOS (GRAN QUEMADO) ";"2";"1";"44";"177";"6";"186";"1"
"2023";"08";"150130";"LIMA";"LIMA";"SAN BORJA";"MINSA";"III-2";"00016918";"INSTITUTO NACIONAL DE SALUD NIÑO SAN BORJA";"240500";"HOSPITALIZACIÓN QUIRÚRGICA CIRUGÍA DE TRANSPLANTES ";"8";"9";"135";"151";"6";"186";"0"
"2023";"08";"150130";"LIMA";"LIMA";"SAN BORJA";"MINSA";"III-2";"00016918";"INSTITUTO NACIONAL DE SALUD NIÑO SAN BORJA";"243600";"HOSPITALIZACIÓN DE PEDIATRÍA PEDIATRIA ONCOLOGÍA PEDIÁTRICA";"6";"5";"115";"90";"3";"93";"0"
"2023";"08";"120707";"JUNIN";"TARMA";"PALCAMAYO";"GOBIERNO REGIONAL";"I-1";"00000530";"RICRICAN CAUQUIRAN";"NE_0001";"";"NE_0001";"NE_0001";"NE_0001";"NE_0001";"NE_0001";"NE_0001";"NE_0001"
"2023";"08";"120707";"JUNIN";"TARMA";"PALCAMAYO";"GOBIERNO REGIONAL";"I-1";"00000528";"YANAPUQUIO";"NE_0001";"";"NE_0001";"NE_0001";"NE_0001";"NE_0001";"NE_0001";"NE_0001";"NE_0001"
"2023";"08";"120707";"JUNIN";"TARMA";"PALCAMAYO";"GOBIERNO REGIONAL";"I-3";"00000527";"PALCAMAYO";"NE_0001";"";"NE_0001";"NE_0001";"NE_0001";"NE_0001";"NE_0001";"NE_0001";"NE_0001"
"2023";"08";"130101";"LA LIBERTAD";"TRUJILLO";"TRUJILLO";"GOBIERNO REGIONAL";"III-2";"00005197";"IRO JSU";"NE_0001";"";"NE_0001";"NE_0001";"NE_0001";"NE_0001";"NE_0001";"NE_0001";"NE_0001"
"2023";"08";"090301";"HUANCAVELICA";"ANGARAES";"LIRCAY";"GOBIERNO REGIONAL";"I-1";"00003944";"BUENA VISTA";"NE_0001";"";"NE_0001";"NE_0001";"NE_0001";"NE_0001";"NE_0001";"NE_0001";"NE_0001"
"2023";"08";"090301";"HUANCAVELICA";"ANGARAES";"LIRCAY";"GOBIERNO REGIONAL";"I-2";"00003945";"CARHUAPATA";"NE_0001";"";"NE_0001";"NE_0001";"NE_0001";"NE_0001";"NE_0001";"NE_0001";"NE_0001"
"2023";"08";"090301";"HUANCAVELICA";"ANGARAES";"LIRCAY";"GOBIERNO REGIONAL";"I-1";"00003947";"CONSTANCIA";"NE_0001";"";"NE_0001";"NE_0001";"NE_0001";"NE_0001";"NE_0001";"NE_0001";"NE_0001"
"2023";"08";"090301";"HUANCAVELICA";"ANGARAES";"LIRCAY";"GOBIERNO REGIONAL";"I-1";"00003950";"CHALLHUAPUQUIO";"NE_0001";"";"NE_0001";"NE_0001";"NE_0001";"NE_0001";"NE_0001";"NE_0001";"NE_0001"
"2023";"08";"090307";"HUANCAVELICA";"ANGARAES";"HUANCA-HUANCA";"GOBIERNO REGIONAL";"I-2";"00003953";"HUANCA HUANCA";"NE_0001";"";"NE_0001";"NE_0001";"NE_0001";"NE_0001";"NE_0001";"NE_0001";"NE_0001"
"2023";"08";"090312";"HUANCAVELICA";"ANGARAES";"SECCLLA";"GOBIERNO REGIONAL";"I-1";"00003970";"QUISPICANCHA";"NE_0001";"";"NE_0001";"NE_0001";"NE_0001";"NE_0001";"NE_0001";"NE_0001";"NE_0001"
"2023";"08";"090303";"HUANCAVELICA";"ANGARAES";"CALLANMARCA";"GOBIERNO REGIONAL";"I-1";"00003952";"CALLANMARCA";"NE_0001";"";"NE_0001";"NE_0001";"NE_0001";"NE_0001";"NE_0001";"NE_0001";"NE_0001"
"2023";"08";"090302";"HUANCAVELICA";"ANGARAES";"ANCHONGA";"GOBIERNO REGIONAL";"I-3";"00003959";"PARCO ALTO";"NE_0002";"";"NE_0002";"NE_0002";"NE_0002";"NE_0002";"NE_0002";"NE_0002";"NE_0002"
"2023";"08";"090301";"HUANCAVELICA";"ANGARAES";"LIRCAY";"GOBIERNO REGIONAL";"I-1";"00007384";"SAN JUAN DE AHUAY";"NE_0001";"";"NE_0001";"NE_0001";"NE_0001";"NE_0001";"NE_0001";"NE_0001";"NE_0001"
"2023";"08";"090301";"HUANCAVELICA";"ANGARAES";"LIRCAY";"GOBIERNO REGIONAL";"I-2";"00007385";"SAN JUAN DE DIOS DE CCOLLPAPAMPA";"NE_0001";"";"NE_0001";"NE_0001";"NE_0001";"NE_0001";"NE_0001";"NE_0001";"NE_0001"
"2023";"08";"090311";"HUANCAVELICA";"ANGARAES";"SANTO TOMAS DE PATA";"GOBIERNO REGIONAL";"I-1";"00011768";"CUTICSA";"NE_0001";"";"NE_0001";"NE_0001";"NE_0001";"NE_0001";"NE_0001";"NE_0001";"NE_0001"
"2023";"08";"090302";"HUANCAVELICA";"ANGARAES";"ANCHONGA";"GOBIERNO REGIONAL";"I-2";"00003960";"TUCO";"NE_0001";"";"NE_0001";"NE_0001";"NE_0001";"NE_0001";"NE_0001";"NE_0001";"NE_0001"
"2023";"08";"090309";"HUANCAVELICA";"ANGARAES";"JULCAMARCA";"GOBIERNO REGIONAL";"I-3";"00003962";"JULCAMARCA";"NE_0002";"";"NE_0002";"NE_0002";"NE_0002";"NE_0002";"NE_0002";"NE_0002";"NE_0002"
"2023";"08";"090310";"HUANCAVELICA";"ANGARAES";"SAN ANTONIO DE ANTAPARCO";"GOBIERNO REGIONAL";"I-1";"00003965";"SAN ANTONIO DE ANTAPARCO";"NE_0001";"";"NE_0001";"NE_0001";"NE_0001";"NE_0001";"NE_0001";"NE_0001";"NE_0001"
"2023";"08";"090312";"HUANCAVELICA";"ANGARAES";"SECCLLA";"GOBIERNO REGIONAL";"I-1";"00003971";"TRANCA";"NE_0001";"";"NE_0001";"NE_0001";"NE_0001";"NE_0001";"NE_0001";"NE_0001";"NE_0001"
"2023";"08";"090301";"HUANCAVELICA";"ANGARAES";"LIRCAY";"GOBIERNO REGIONAL";"I-1";"00007290";"PERCAPAMPA";"NE_0001";"";"NE_0001";"NE_0001";"NE_0001";"NE_0001";"NE_0001";"NE_0001";"NE_0001"
"2023";"04";"060801";"CAJAMARCA";"JAEN";"JAEN";"GOBIERNO REGIONAL";"I-1";"00004215";"CHAMAYA";"NE_0001";"";"NE_0001";"NE_0001";"NE_0001";"NE_0001";"NE_0001";"NE_0001";"NE_0001"
"2023";"04";"060801";"CAJAMARCA";"JAEN";"JAEN";"GOBIERNO REGIONAL";"I-2";"00007168";"MONTEGRANDE";"NE_0001";"";"NE_0001";"NE_0001";"NE_0001";"NE_0001";"NE_0001";"NE_0001";"NE_0001"
"2023";"04";"060801";"CAJAMARCA";"JAEN";"JAEN";"GOBIERNO REGIONAL";"I-1";"00004220";"PALMA CENTRAL";"NE_0001";"";"NE_0001";"NE_0001";"NE_0001";"NE_0001";"NE_0001";"NE_0001";"NE_0001"
"2023";"04";"060801";"CAJAMARCA";"JAEN";"JAEN";"GOBIERNO REGIONAL";"I-4";"00004211";"MORRO SOLAR";"241800";"HOSPITALIZACIÓN DE MEDICINA MEDICINA GENERAL ";"47";"45";"51";"47";"8";"189";"0"
"2023";"04";"060801";"CAJAMARCA";"JAEN";"JAEN";"GOBIERNO REGIONAL";"I-1";"00004214";"LAS NARANJAS";"NE_0001";"";"NE_0001";"NE_0001";"NE_0001";"NE_0001";"NE_0001";"NE_0001";"NE_0001"
"2023";"04";"060801";"CAJAMARCA";"JAEN";"JAEN";"GOBIERNO REGIONAL";"I-1";"00007024";"SAN MARTIN DE PORRES";"NE_0001";"";"NE_0001";"NE_0001";"NE_0001";"NE_0001";"NE_0001";"NE_0001";"NE_0001"
"2023";"04";"060801";"CAJAMARCA";"JAEN";"JAEN";"GOBIERNO REGIONAL";"I-1";"00004221";"VALILLO";"NE_0001";"";"NE_0001";"NE_0001";"NE_0001";"NE_0001";"NE_0001";"NE_0001";"NE_0001"
"2023";"04";"060801";"CAJAMARCA";"JAEN";"JAEN";"GOBIERNO REGIONAL";"I-2";"00025858";"NUEVO HORIZONTE";"NE_0001";"";"NE_0001";"NE_0001";"NE_0001";"NE_0001";"NE_0001";"NE_0001";"NE_0001"
"2023";"04";"150136";"LIMA";"LIMA";"SAN MIGUEL";"PRIVADO";"II-2";"00011401";"CLINICA SAN JUDAS TADEO";"240000";"HOSPITALIZACIÓN";"347";"315";"1000";"1145";"54";"1620";"5"
"2023";"04";"120409";"JUNIN";"JAUJA";"HUARIPAMPA";"GOBIERNO REGIONAL";"I-1";"00000400";"HUARIPAMPA";"NE_0001";"";"NE_0001";"NE_0001";"NE_0001";"NE_0001";"NE_0001";"NE_0001";"NE_0001"
"2023";"04";"120420";"JUNIN";"JAUJA";"MUQUI";"GOBIERNO REGIONAL";"I-1";"00000402";"MUQUI";"NE_0001";"";"NE_0001";"NE_0001";"NE_0001";"NE_0001";"NE_0001";"NE_0001";"NE_0001"
"2023";"04";"120431";"JUNIN";"JAUJA";"SINCOS";"GOBIERNO REGIONAL";"I-1";"00000407";"SALLAHUACHAC";"NE_0001";"";"NE_0001";"NE_0001";"NE_0001";"NE_0001";"NE_0001";"NE_0001";"NE_0001"
"2023";"04";"120431";"JUNIN";"JAUJA";"SINCOS";"GOBIERNO REGIONAL";"I-3";"00000404";"SINCOS";"NE_0001";"";"NE_0001";"NE_0001";"NE_0001";"NE_0001";"NE_0001";"NE_0001";"NE_0001"
"2023";"04";"120431";"JUNIN";"JAUJA";"SINCOS";"GOBIERNO REGIONAL";"I-1";"00000405";"LLACUARIPAMPA";"NE_0001";"";"NE_0001";"NE_0001";"NE_0001";"NE_0001";"NE_0001";"NE_0001";"NE_0001"
"2023";"04";"120413";"JUNIN";"JAUJA";"LEONOR ORDOÑEZ";"GOBIERNO REGIONAL";"I-1";"00000401";"HUANCANI";"NE_0001";"";"NE_0001";"NE_0001";"NE_0001";"NE_0001";"NE_0001";"NE_0001";"NE_0001"
"2023";"04";"120431";"JUNIN";"JAUJA";"SINCOS";"GOBIERNO REGIONAL";"I-2";"00000406";"ARAMACHAY";"NE_0001";"";"NE_0001";"NE_0001";"NE_0001";"NE_0001";"NE_0001";"NE_0001";"NE_0001"
"2023";"04";"120431";"JUNIN";"JAUJA";"SINCOS";"GOBIERNO REGIONAL";"I-1";"00000408";"CHALHUAS";"NE_0001";"";"NE_0001";"NE_0001";"NE_0001";"NE_0001";"NE_0001";"NE_0001";"NE_0001"
"2023";"04";"120421";"JUNIN";"JAUJA";"MUQUIYAUYO";"GOBIERNO REGIONAL";"I-2";"00000403";"MUQUIYAUYO";"NE_0001";"";"NE_0001";"NE_0001";"NE_0001";"NE_0001";"NE_0001";"NE_0001";"NE_0001"
"2023";"04";"150101";"LIMA";"LIMA";"LIMA";"PRIVADO";"II-E";"00025804";"OPERO SCRL";"NE_0001";"";"NE_0001";"NE_0001";"NE_0001";"NE_0001";"NE_0001";"NE_0001";"NE_0001"
"2023";"04";"021801";"ANCASH";"SANTA";"CHIMBOTE";"PRIVADO";"II-1";"00017075";"CLINICA BELEN";"240000";"HOSPITALIZACIÓN";"24";"26";"26";"26";"16";"480";"0"
"2023";"04";"220603";"SAN MARTIN";"MARISCAL CACERES";"HUICUNGO";"GOBIERNO REGIONAL";"I-1";"00006555";"SHEPTE";"NE_0001";"";"NE_0001";"NE_0001";"NE_0001";"NE_0001";"NE_0001";"NE_0001";"NE_0001"
"2023";"04";"220603";"SAN MARTIN";"MARISCAL CACERES";"HUICUNGO";"GOBIERNO REGIONAL";"I-1";"00006556";"MIRAFLORES";"NE_0001";"";"NE_0001";"NE_0001";"NE_0001";"NE_0001";"NE_0001";"NE_0001";"NE_0001"
"2023";"04";"220604";"SAN MARTIN";"MARISCAL CACERES";"PACHIZA";"GOBIERNO REGIONAL";"I-1";"00006559";"SAN RAMON";"NE_0001";"";"NE_0001";"NE_0001";"NE_0001";"NE_0001";"NE_0001";"NE_0001";"NE_0001"
"2023";"04";"220601";"SAN MARTIN";"MARISCAL CACERES";"JUANJUI";"GOBIERNO REGIONAL";"I-1";"00006550";"QUINILLA";"NE_0001";"";"NE_0001";"NE_0001";"NE_0001";"NE_0001";"NE_0001";"NE_0001";"NE_0001"
"2023";"04";"220605";"SAN MARTIN";"MARISCAL CACERES";"PAJARILLO";"GOBIERNO REGIONAL";"I-1";"00006560";"ARMAYARI";"NE_0001";"";"NE_0001";"NE_0001";"NE_0001";"NE_0001";"NE_0001";"NE_0001";"NE_0001"
"2023";"04";"220601";"SAN MARTIN";"MARISCAL CACERES";"JUANJUI";"GOBIERNO REGIONAL";"I-1";"00006553";"HUAYABAMBA";"NE_0001";"";"NE_0001";"NE_0001";"NE_0001";"NE_0001";"NE_0001";"NE_0001";"NE_0001"
"2023";"04";"220601";"SAN MARTIN";"MARISCAL CACERES";"JUANJUI";"GOBIERNO REGIONAL";"I-1";"00006551";"CAYENA";"NE_0001";"";"NE_0001";"NE_0001";"NE_0001";"NE_0001";"NE_0001";"NE_0001";"NE_0001"
"2023";"04";"220604";"SAN MARTIN";"MARISCAL CACERES";"PACHIZA";"GOBIERNO REGIONAL";"I-1";"00006557";"BAGAZAN";"NE_0001";"";"NE_0001";"NE_0001";"NE_0001";"NE_0001";"NE_0001";"NE_0001";"NE_0001"
"2023";"04";"220604";"SAN MARTIN";"MARISCAL CACERES";"PACHIZA";"GOBIERNO REGIONAL";"I-1";"00006558";"SAN JUAN DEL CAÑO";"NE_0001";"";"NE_0001";"NE_0001";"NE_0001";"NE_0001";"NE_0001";"NE_0001";"NE_0001"
"2023";"04";"220601";"SAN MARTIN";"MARISCAL CACERES";"JUANJUI";"GOBIERNO REGIONAL";"I-1";"00006549";"LA VICTORIA";"NE_0001";"";"NE_0001";"NE_0001";"NE_0001";"NE_0001";"NE_0001";"NE_0001";"NE_0001"
"2023";"04";"220601";"SAN MARTIN";"MARISCAL CACERES";"JUANJUI";"GOBIERNO REGIONAL";"I-1";"00006552";"HUINGUILLO";"NE_0001";"";"NE_0001";"NE_0001";"NE_0001";"NE_0001";"NE_0001";"NE_0001";"NE_0001"
"2023";"04";"220601";"SAN MARTIN";"MARISCAL CACERES";"JUANJUI";"GOBIERNO REGIONAL";"I-1";"00006554";"VILLA PRADO";"NE_0001";"";"NE_0001";"NE_0001";"NE_0001";"NE_0001";"NE_0001";"NE_0001";"NE_0001"
"2023";"04";"220605";"SAN MARTIN";"MARISCAL CACERES";"PAJARILLO";"GOBIERNO REGIONAL";"I-1";"00006561";"PAJARILLO";"NE_0001";"";"NE_0001";"NE_0001";"NE_0001";"NE_0001";"NE_0001";"NE_0001";"NE_0001"
"2023";"04";"150136";"LIMA";"LIMA";"SAN MIGUEL";"PRIVADO";"II-2";"00014501";"CLINICA SAN GABRIEL S.A.C.";"250100";"UNIDAD DE CUIDADOS CRITICOS UNIDAD  DE CUIDADOS INTENSIVOS GENERALES (UCI) ";"71";"71";"249";"296";"12";"360";"9"
"2023";"04";"150136";"LIMA";"LIMA";"SAN MIGUEL";"PRIVADO";"II-2";"00014501";"CLINICA SAN GABRIEL S.A.C.";"250105";"UNIDAD DE CUIDADOS CRITICOS UNIDAD  DE CUIDADOS INTENSIVOS  (UCI) NEONATOLOGÍA";"6";"9";"50";"34";"6";"180";"0"
"2023";"04";"150136";"LIMA";"LIMA";"SAN MIGUEL";"PRIVADO";"II-2";"00014501";"CLINICA SAN GABRIEL S.A.C.";"240000";"HOSPITALIZACIÓN";"721";"750";"2542";"2822";"99";"2970";"0"
"2023";"04";"150135";"LIMA";"LIMA";"SAN MARTIN DE PORRES";"PRIVADO";"II-1";"00011241";"CLINICA SAN VICENTE S.A.";"240000";"HOSPITALIZACIÓN";"5";"10";"40";"50";"22";"660";"0"
"2023";"04";"120705";"JUNIN";"TARMA";"LA UNION";"GOBIERNO REGIONAL";"I-2";"00000597";"LA UNION LETICIA";"NE_0001";"";"NE_0001";"NE_0001";"NE_0001";"NE_0001";"NE_0001";"NE_0001";"NE_0001"
"2023";"04";"120705";"JUNIN";"TARMA";"LA UNION";"GOBIERNO REGIONAL";"I-1";"00000598";"CUYRUHUASI";"NE_0001";"";"NE_0001";"NE_0001";"NE_0001";"NE_0001";"NE_0001";"NE_0001";"NE_0001"
"2023";"04";"120705";"JUNIN";"TARMA";"LA UNION";"GOBIERNO REGIONAL";"I-1";"00000599";"CONDORCOCHA";"NE_0001";"";"NE_0001";"NE_0001";"NE_0001";"NE_0001";"NE_0001";"NE_0001";"NE_0001"
"2023";"04";"140101";"LAMBAYEQUE";"CHICLAYO";"CHICLAYO";"PRIVADO";"II-E";"00011129";"MAX SALUD AVISAL S.A.";"244700";"HOSPITALIZACIÓN DE MEDICINA NEUROLOGIA  ";"2";"1";"2";"2";"2";"60";"0"
"2023";"04";"140101";"LAMBAYEQUE";"CHICLAYO";"CHICLAYO";"PRIVADO";"II-E";"00011129";"MAX SALUD AVISAL S.A.";"243500";"HOSPITALIZACIÓN DE PEDIATRÍA PEDIATRIA OFTALMOLOGÍA PEDIÁTRICA";"10";"10";"44";"37";"8";"248";"0"
"2023";"04";"140101";"LAMBAYEQUE";"CHICLAYO";"CHICLAYO";"PRIVADO";"II-E";"00011129";"MAX SALUD AVISAL S.A.";"242400";"HOSPITALIZACIÓN DE PEDIATRÍA ADOLESCENTES ";"4";"4";"11";"9";"3";"93";"0"
"2023";"04";"140101";"LAMBAYEQUE";"CHICLAYO";"CHICLAYO";"PRIVADO";"II-E";"00011129";"MAX SALUD AVISAL S.A.";"241600";"HOSPITALIZACIÓN QUIRÚRGICA OBSTETRICIA   ";"1";"3";"6";"3";"2";"62";"0"
"2023";"04";"140101";"LAMBAYEQUE";"CHICLAYO";"CHICLAYO";"PRIVADO";"II-E";"00011129";"MAX SALUD AVISAL S.A.";"241500";"HOSPITALIZACIÓN QUIRÚRGICA GINECOLOGÍA  ";"18";"13";"27";"15";"6";"180";"0"
"2023";"04";"140101";"LAMBAYEQUE";"CHICLAYO";"CHICLAYO";"PRIVADO";"II-E";"00011129";"MAX SALUD AVISAL S.A.";"241400";"HOSPITALIZACIÓN QUIRÚRGICA GINECO - OBSTETRICIA ";"10";"10";"23";"16";"4";"120";"0"
"2023";"04";"140101";"LAMBAYEQUE";"CHICLAYO";"CHICLAYO";"PRIVADO";"II-E";"00011129";"MAX SALUD AVISAL S.A.";"241300";"HOSPITALIZACIÓN QUIRÚRGICA UROLOGÍA  ";"8";"9";"15";"10";"6";"180";"0"
"2023";"04";"140101";"LAMBAYEQUE";"CHICLAYO";"CHICLAYO";"PRIVADO";"II-E";"00011129";"MAX SALUD AVISAL S.A.";"240100";"HOSPITALIZACIÓN QUIRÚRGICA CIRUGÍA GENERAL ";"30";"31";"70";"45";"11";"330";"0"
"2023";"04";"130105";"LA LIBERTAD";"TRUJILLO";"LA ESPERANZA";"GOBIERNO REGIONAL";"II-1";"00005226";"HOSPITAL DISTRITAL JERUSALEN";"241400";"HOSPITALIZACIÓN QUIRÚRGICA GINECO - OBSTETRICIA ";"5";"5";"9";"35";"6";"186";"0"
"2023";"04";"130105";"LA LIBERTAD";"TRUJILLO";"LA ESPERANZA";"GOBIERNO REGIONAL";"II-1";"00005226";"HOSPITAL DISTRITAL JERUSALEN";"241600";"HOSPITALIZACIÓN QUIRÚRGICA OBSTETRICIA   ";"50";"51";"59";"87";"6";"186";"0"
"2023";"04";"120601";"JUNIN";"SATIPO";"SATIPO";"GOBIERNO REGIONAL";"I-2";"00000482";"HUANTASHIRI";"NE_0001";"";"NE_0001";"NE_0001";"NE_0001";"NE_0001";"NE_0001";"NE_0001";"NE_0001"
"2023";"04";"120607";"JUNIN";"SATIPO";"RIO NEGRO";"GOBIERNO REGIONAL";"I-2";"00000496";"VILLA CAPIRI";"NE_0001";"";"NE_0001";"NE_0001";"NE_0001";"NE_0001";"NE_0001";"NE_0001";"NE_0001"
"2023";"04";"120607";"JUNIN";"SATIPO";"RIO NEGRO";"GOBIERNO REGIONAL";"I-1";"00013862";"MIGUEL GRAU";"NE_0001";"";"NE_0001";"NE_0001";"NE_0001";"NE_0001";"NE_0001";"NE_0001";"NE_0001"
"2023";"04";"120607";"JUNIN";"SATIPO";"RIO NEGRO";"GOBIERNO REGIONAL";"I-1";"00013863";"ALTO VILLA VICTORIA";"NE_0001";"";"NE_0001";"NE_0001";"NE_0001";"NE_0001";"NE_0001";"NE_0001";"NE_0001"
"2023";"04";"120607";"JUNIN";"SATIPO";"RIO NEGRO";"GOBIERNO REGIONAL";"I-2";"00000499";"PUENTE IPOKI";"NE_0001";"";"NE_0001";"NE_0001";"NE_0001";"NE_0001";"NE_0001";"NE_0001";"NE_0001"
"2023";"04";"120601";"JUNIN";"SATIPO";"SATIPO";"GOBIERNO REGIONAL";"I-2";"00000481";"PARATUSHALI";"NE_0001";"";"NE_0001";"NE_0001";"NE_0001";"NE_0001";"NE_0001";"NE_0001";"NE_0001"
"2023";"04";"120607";"JUNIN";"SATIPO";"RIO NEGRO";"GOBIERNO REGIONAL";"I-2";"00000497";"RIO CHARI ALTO";"NE_0001";"";"NE_0001";"NE_0001";"NE_0001";"NE_0001";"NE_0001";"NE_0001";"NE_0001"
"2023";"04";"120608";"JUNIN";"SATIPO";"RIO TAMBO";"GOBIERNO REGIONAL";"I-2";"00000500";"AOTI";"NE_0001";"";"NE_0001";"NE_0001";"NE_0001";"NE_0001";"NE_0001";"NE_0001";"NE_0001"
"2023";"04";"120607";"JUNIN";"SATIPO";"RIO NEGRO";"GOBIERNO REGIONAL";"I-2";"00000501";"ALTO PITOCUNA";"NE_0001";"";"NE_0001";"NE_0001";"NE_0001";"NE_0001";"NE_0001";"NE_0001";"NE_0001"
"2023";"04";"120601";"JUNIN";"SATIPO";"SATIPO";"GOBIERNO REGIONAL";"I-1";"00010502";"BELLA ESPERANZA";"NE_0001";"";"NE_0001";"NE_0001";"NE_0001";"NE_0001";"NE_0001";"NE_0001";"NE_0001"
"2023";"04";"120607";"JUNIN";"SATIPO";"RIO NEGRO";"GOBIERNO REGIONAL";"I-2";"00000498";"PITOCUNA";"NE_0001";"";"NE_0001";"NE_0001";"NE_0001";"NE_0001";"NE_0001";"NE_0001";"NE_0001"
"2023";"04";"100111";"HUANUCO";"HUANUCO";"PILLCO MARCA";"GOBIERNO REGIONAL";"I-3";"00000757";"POTRACANCHA";"NE_0001";"";"NE_0001";"NE_0001";"NE_0001";"NE_0001";"NE_0001";"NE_0001";"NE_0001"
"2023";"02";"110201";"ICA";"CHINCHA";"CHINCHA ALTA";"GOBIERNO REGIONAL";"II-1";"00003414";"HOSPITAL SAN JOSE DE CHINCHA";"240100";"HOSPITALIZACIÓN QUIRÚRGICA CIRUGÍA GENERAL ";"104";"106";"498";"631";"32";"896";"1"
"2023";"02";"110201";"ICA";"CHINCHA";"CHINCHA ALTA";"GOBIERNO REGIONAL";"II-1";"00003414";"HOSPITAL SAN JOSE DE CHINCHA";"241400";"HOSPITALIZACIÓN QUIRÚRGICA GINECO - OBSTETRICIA ";"281";"280";"675";"518";"40";"1120";"0"
"2023";"02";"110201";"ICA";"CHINCHA";"CHINCHA ALTA";"GOBIERNO REGIONAL";"II-1";"00003414";"HOSPITAL SAN JOSE DE CHINCHA";"241800";"HOSPITALIZACIÓN DE MEDICINA MEDICINA GENERAL ";"71";"78";"771";"563";"68";"1904";"15"
"2023";"02";"110201";"ICA";"CHINCHA";"CHINCHA ALTA";"GOBIERNO REGIONAL";"II-1";"00003414";"HOSPITAL SAN JOSE DE CHINCHA";"242500";"HOSPITALIZACIÓN-PEDIATRÍA GENERAL-";"90";"94";"281";"135";"14";"392";"0"
"2023";"05";"050601";"AYACUCHO";"LUCANAS";"PUQUIO";"GOBIERNO REGIONAL";"II-1";"00003727";"HOSPITAL DE APOYO DE PUQUIO ""FELIPE HUAMÁN POMA DE AYALA""";"240100";"HOSPITALIZACIÓN QUIRÚRGICA CIRUGÍA GENERAL ";"11";"16";"58";"11";"8";"248";"0"
"2023";"05";"050601";"AYACUCHO";"LUCANAS";"PUQUIO";"GOBIERNO REGIONAL";"II-1";"00003727";"HOSPITAL DE APOYO DE PUQUIO ""FELIPE HUAMÁN POMA DE AYALA""";"241400";"HOSPITALIZACIÓN QUIRÚRGICA GINECO - OBSTETRICIA ";"1";"4";"6";"1";"2";"62";"0"
"2023";"05";"050601";"AYACUCHO";"LUCANAS";"PUQUIO";"GOBIERNO REGIONAL";"II-1";"00003727";"HOSPITAL DE APOYO DE PUQUIO ""FELIPE HUAMÁN POMA DE AYALA""";"241500";"HOSPITALIZACIÓN QUIRÚRGICA GINECOLOGÍA  ";"17";"17";"35";"17";"2";"62";"0"
"2023";"05";"050601";"AYACUCHO";"LUCANAS";"PUQUIO";"GOBIERNO REGIONAL";"II-1";"00003727";"HOSPITAL DE APOYO DE PUQUIO ""FELIPE HUAMÁN POMA DE AYALA""";"241600";"HOSPITALIZACIÓN QUIRÚRGICA OBSTETRICIA   ";"33";"35";"69";"33";"8";"248";"0"
"2023";"05";"050601";"AYACUCHO";"LUCANAS";"PUQUIO";"GOBIERNO REGIONAL";"II-1";"00003727";"HOSPITAL DE APOYO DE PUQUIO ""FELIPE HUAMÁN POMA DE AYALA""";"241800";"HOSPITALIZACIÓN DE MEDICINA MEDICINA GENERAL ";"10";"15";"68";"10";"10";"310";"0"
"2023";"05";"050601";"AYACUCHO";"LUCANAS";"PUQUIO";"GOBIERNO REGIONAL";"II-1";"00003727";"HOSPITAL DE APOYO DE PUQUIO ""FELIPE HUAMÁN POMA DE AYALA""";"242500";"HOSPITALIZACIÓN-PEDIATRÍA GENERAL-";"7";"8";"36";"7";"11";"341";"0"
"2023";"05";"050601";"AYACUCHO";"LUCANAS";"PUQUIO";"GOBIERNO REGIONAL";"II-1";"00003727";"HOSPITAL DE APOYO DE PUQUIO ""FELIPE HUAMÁN POMA DE AYALA""";"250105";"UNIDAD DE CUIDADOS CRITICOS UNIDAD  DE CUIDADOS INTENSIVOS  (UCI) NEONATOLOGÍA";"1";"1";"4";"1";"9";"279";"0"
"2023";"05";"040108";"AREQUIPA";"AREQUIPA";"LA JOYA";"GOBIERNO REGIONAL";"I-2";"00001332";"PUESTO DE SALUD SAN CAMILO 6";"NE_0001";"";"NE_0001";"NE_0001";"NE_0001";"NE_0001";"NE_0001";"NE_0001";"NE_0001"
"2023";"05";"060601";"CAJAMARCA";"CUTERVO";"CUTERVO";"GOBIERNO REGIONAL";"I-3";"00004987";"SUMIDERO";"NE_0001";"";"NE_0001";"NE_0001";"NE_0001";"NE_0001";"NE_0001";"NE_0001";"NE_0001"
"2023";"05";"060601";"CAJAMARCA";"CUTERVO";"CUTERVO";"GOBIERNO REGIONAL";"I-1";"00006854";"CARAMARCA CHICA";"NE_0001";"";"NE_0001";"NE_0001";"NE_0001";"NE_0001";"NE_0001";"NE_0001";"NE_0001"
"2023";"05";"060601";"CAJAMARCA";"CUTERVO";"CUTERVO";"GOBIERNO REGIONAL";"I-3";"00006857";"NUEVO ORIENTE";"NE_0001";"";"NE_0001";"NE_0001";"NE_0001";"NE_0001";"NE_0001";"NE_0001";"NE_0001"
"2023";"05";"060601";"CAJAMARCA";"CUTERVO";"CUTERVO";"GOBIERNO REGIONAL";"I-1";"00006936";"CORRALES";"NE_0001";"";"NE_0001";"NE_0001";"NE_0001";"NE_0001";"NE_0001";"NE_0001";"NE_0001"
"2023";"05";"060601";"CAJAMARCA";"CUTERVO";"CUTERVO";"GOBIERNO REGIONAL";"I-1";"00011066";"VISTA ALEGRE DE LA SOLA";"NE_0001";"";"NE_0001";"NE_0001";"NE_0001";"NE_0001";"NE_0001";"NE_0001";"NE_0001"
"2023";"05";"060601";"CAJAMARCA";"CUTERVO";"CUTERVO";"GOBIERNO REGIONAL";"I-1";"00004985";"REJOPAMPA";"NE_0001";"";"NE_0001";"NE_0001";"NE_0001";"NE_0001";"NE_0001";"NE_0001";"NE_0001"
"2023";"06";"210101";"PUNO";"PUNO";"PUNO";"ESSALUD";"I-3";"00009217";"CENTRO DE ATENCION PRIMARIA III METROPOLITANO DE PUNO";"NE_0001";"";"NE_0001";"NE_0001";"NE_0001";"NE_0001";"NE_0001";"NE_0001";"NE_0001"
"2023";"06";"210101";"PUNO";"PUNO";"PUNO";"ESSALUD";"II-E";"00032596";"HOSPITAL I CLINICA UNIVERSITARIA";"240000";"HOSPITALIZACIÓN";"23";"23";"192";"195";"8";"240";"0"
"2023";"06";"100102";"HUANUCO";"HUANUCO";"AMARILIS";"ESSALUD";"II-2";"00010571";"HOSPITAL II HUANUCO";"241800";"HOSPITALIZACIÓN DE MEDICINA MEDICINA GENERAL ";"117";"109";"594";"612";"21";"630";"8"
"2023";"06";"100102";"HUANUCO";"HUANUCO";"AMARILIS";"ESSALUD";"II-2";"00010571";"HOSPITAL II HUANUCO";"241300";"HOSPITALIZACIÓN QUIRÚRGICA UROLOGÍA  ";"18";"16";"70";"71";"3";"90";"0"
"2023";"06";"100102";"HUANUCO";"HUANUCO";"AMARILIS";"ESSALUD";"II-2";"00010571";"HOSPITAL II HUANUCO";"240100";"HOSPITALIZACIÓN QUIRÚRGICA CIRUGÍA GENERAL ";"85";"88";"313";"313";"11";"330";"0"
"2023";"06";"100102";"HUANUCO";"HUANUCO";"AMARILIS";"ESSALUD";"II-2";"00010571";"HOSPITAL II HUANUCO";"241200";"HOSPITALIZACIÓN QUIRÚRGICA TRAUMATOLOGÍA Y ORTOPEDIA ";"29";"27";"198";"223";"8";"240";"0"
"2023";"06";"100102";"HUANUCO";"HUANUCO";"AMARILIS";"ESSALUD";"II-2";"00010571";"HOSPITAL II HUANUCO";"241100";"HOSPITALIZACIÓN QUIRÚRGICA OTORRINOLARINGOLOGÍA  ";"1";"1";"4";"4";"1";"30";"0"
"2023";"06";"100102";"HUANUCO";"HUANUCO";"AMARILIS";"ESSALUD";"II-2";"00010571";"HOSPITAL II HUANUCO";"241500";"HOSPITALIZACIÓN QUIRÚRGICA GINECOLOGÍA  ";"19";"20";"95";"76";"4";"120";"0"
"2023";"06";"100102";"HUANUCO";"HUANUCO";"AMARILIS";"ESSALUD";"II-2";"00010571";"HOSPITAL II HUANUCO";"241600";"HOSPITALIZACIÓN QUIRÚRGICA OBSTETRICIA   ";"125";"163";"352";"372";"15";"450";"0"
"2023";"06";"100102";"HUANUCO";"HUANUCO";"AMARILIS";"ESSALUD";"II-2";"00010571";"HOSPITAL II HUANUCO";"242300";"HOSPITALIZACIÓN DE PEDIATRÍA  PEDIATRÍA  GENERAL ";"59";"60";"202";"217";"9";"270";"0"
"2023";"06";"100102";"HUANUCO";"HUANUCO";"AMARILIS";"ESSALUD";"II-2";"00010571";"HOSPITAL II HUANUCO";"243200";"HOSPITALIZACIÓN DE PEDIATRÍA PEDIATRIA NEONATOLOGÍA";"125";"107";"207";"183";"10";"300";"0"
"2023";"06";"100102";"HUANUCO";"HUANUCO";"AMARILIS";"ESSALUD";"II-2";"00010571";"HOSPITAL II HUANUCO";"250100";"UNIDAD DE CUIDADOS CRITICOS UNIDAD  DE CUIDADOS INTENSIVOS GENERALES (UCI) ";"14";"6";"143";"215";"9";"270";"1"
"2023";"06";"100102";"HUANUCO";"HUANUCO";"AMARILIS";"ESSALUD";"II-2";"00010571";"HOSPITAL II HUANUCO";"250200";"UNIDAD DE CUIDADOS CRITICOS UNIDAD DE CUIDADOS INTERMEDIOS GENERAL  (UCIN) ";"7";"2";"6";"112";"4";"120";"3"
"2023";"06";"100102";"HUANUCO";"HUANUCO";"AMARILIS";"ESSALUD";"II-2";"00010571";"HOSPITAL II HUANUCO";"250201";"UNIDAD DE CUIDADOS CRITICOS UNIDAD DE CUIDADOS INTERMEDIOS  (UCIN) NEONATAL";"9";"2";"33";"96";"6";"180";"0"
"2023";"06";"210601";"PUNO";"HUANCANE";"HUANCANE";"GOBIERNO REGIONAL";"II-1";"00003068";"HOSPITAL LUCIO ALDAZABAL PAUCA";"240100";"HOSPITALIZACIÓN QUIRÚRGICA CIRUGÍA GENERAL ";"23";"23";"60";"60";"4";"120";"0"
"2023";"06";"210601";"PUNO";"HUANCANE";"HUANCANE";"GOBIERNO REGIONAL";"II-1";"00003068";"HOSPITAL LUCIO ALDAZABAL PAUCA";"241500";"HOSPITALIZACIÓN QUIRÚRGICA GINECOLOGÍA  ";"33";"33";"102";"102";"4";"120";"0"
"2023";"06";"210601";"PUNO";"HUANCANE";"HUANCANE";"GOBIERNO REGIONAL";"II-1";"00003068";"HOSPITAL LUCIO ALDAZABAL PAUCA";"241600";"HOSPITALIZACIÓN QUIRÚRGICA OBSTETRICIA   ";"20";"20";"45";"45";"5";"150";"0"
"2023";"06";"210601";"PUNO";"HUANCANE";"HUANCANE";"GOBIERNO REGIONAL";"II-1";"00003068";"HOSPITAL LUCIO ALDAZABAL PAUCA";"241800";"HOSPITALIZACIÓN DE MEDICINA MEDICINA GENERAL ";"19";"19";"11";"22";"10";"300";"2"
"2023";"06";"210601";"PUNO";"HUANCANE";"HUANCANE";"GOBIERNO REGIONAL";"II-1";"00003068";"HOSPITAL LUCIO ALDAZABAL PAUCA";"242500";"HOSPITALIZACIÓN-PEDIATRÍA GENERAL-";"10";"10";"37";"37";"5";"150";"0"
"2023";"06";"210601";"PUNO";"HUANCANE";"HUANCANE";"GOBIERNO REGIONAL";"II-1";"00003068";"HOSPITAL LUCIO ALDAZABAL PAUCA";"243200";"HOSPITALIZACIÓN DE PEDIATRÍA PEDIATRIA NEONATOLOGÍA";"4";"4";"18";"18";"3";"90";"0"
"2023";"06";"131101";"LA LIBERTAD";"GRAN CHIMU";"CASCAS";"GOBIERNO REGIONAL";"II-1";"00005277";"HOSPITAL PROVINCIAL DE CASCAS";"241600";"HOSPITALIZACIÓN QUIRÚRGICA OBSTETRICIA   ";"9";"11";"31";"70";"12";"324";"0"
"2023";"06";"131101";"LA LIBERTAD";"GRAN CHIMU";"CASCAS";"GOBIERNO REGIONAL";"II-1";"00005277";"HOSPITAL PROVINCIAL DE CASCAS";"241800";"HOSPITALIZACIÓN DE MEDICINA MEDICINA GENERAL ";"23";"24";"91";"9";"6";"52";"0"
"2023";"06";"131101";"LA LIBERTAD";"GRAN CHIMU";"CASCAS";"GOBIERNO REGIONAL";"II-1";"00005277";"HOSPITAL PROVINCIAL DE CASCAS";"242500";"HOSPITALIZACIÓN-PEDIATRÍA GENERAL-";"3";"3";"11";"9";"6";"62";"0"
"2023";"06";"150201";"LIMA";"BARRANCA";"BARRANCA";"GOBIERNO REGIONAL";"II-2";"00007635";"HOSPITAL DE BARRANCA";"240100";"HOSPITALIZACIÓN QUIRÚRGICA CIRUGÍA GENERAL ";"80";"91";"319";"558";"12";"360";"0"
"2023";"06";"150201";"LIMA";"BARRANCA";"BARRANCA";"GOBIERNO REGIONAL";"II-2";"00007635";"HOSPITAL DE BARRANCA";"241200";"HOSPITALIZACIÓN QUIRÚRGICA TRAUMATOLOGÍA Y ORTOPEDIA ";"21";"25";"146";"2";"8";"240";"0"
"2023";"06";"150201";"LIMA";"BARRANCA";"BARRANCA";"GOBIERNO REGIONAL";"II-2";"00007635";"HOSPITAL DE BARRANCA";"241300";"HOSPITALIZACIÓN QUIRÚRGICA UROLOGÍA  ";"9";"10";"35";"1";"3";"90";"0"
"2023";"06";"150201";"LIMA";"BARRANCA";"BARRANCA";"GOBIERNO REGIONAL";"II-2";"00007635";"HOSPITAL DE BARRANCA";"241500";"HOSPITALIZACIÓN QUIRÚRGICA GINECOLOGÍA  ";"95";"102";"240";"201";"16";"480";"0"
"2023";"06";"150201";"LIMA";"BARRANCA";"BARRANCA";"GOBIERNO REGIONAL";"II-2";"00007635";"HOSPITAL DE BARRANCA";"241600";"HOSPITALIZACIÓN QUIRÚRGICA OBSTETRICIA   ";"44";"48";"68";"195";"15";"450";"0"
"2023";"06";"150201";"LIMA";"BARRANCA";"BARRANCA";"GOBIERNO REGIONAL";"II-2";"00007635";"HOSPITAL DE BARRANCA";"241800";"HOSPITALIZACIÓN DE MEDICINA MEDICINA GENERAL ";"42";"60";"525";"394";"25";"750";"0"
"2023";"06";"150201";"LIMA";"BARRANCA";"BARRANCA";"GOBIERNO REGIONAL";"II-2";"00007635";"HOSPITAL DE BARRANCA";"242500";"HOSPITALIZACIÓN-PEDIATRÍA GENERAL-";"49";"61";"294";"180";"20";"600";"0"
"2023";"06";"150201";"LIMA";"BARRANCA";"BARRANCA";"GOBIERNO REGIONAL";"II-2";"00007635";"HOSPITAL DE BARRANCA";"243200";"HOSPITALIZACIÓN DE PEDIATRÍA PEDIATRIA NEONATOLOGÍA";"74";"81";"110";"114";"22";"660";"0"
"2023";"06";"081207";"CUSCO";"QUISPICANCHI";"HUARO";"GOBIERNO REGIONAL";"I-2";"00030708";"MENTAL COMUNITARIO HUARO";"NE_0001";"";"NE_0001";"NE_0001";"NE_0001";"NE_0001";"NE_0001";"NE_0001";"NE_0001"
"2023";"03";"130704";"LA LIBERTAD";"PACASMAYO";"PACASMAYO";"GOBIERNO REGIONAL";"II-1";"00005296";"HOSPITAL DISTRITAL DE PACASMAYO";"241800";"HOSPITALIZACIÓN DE MEDICINA MEDICINA GENERAL ";"38";"40";"219";"207";"4";"124";"0"
"2023";"03";"130704";"LA LIBERTAD";"PACASMAYO";"PACASMAYO";"GOBIERNO REGIONAL";"II-1";"00005296";"HOSPITAL DISTRITAL DE PACASMAYO";"240100";"HOSPITALIZACIÓN QUIRÚRGICA CIRUGÍA GENERAL ";"4";"7";"19";"14";"4";"124";"0"
"2023";"03";"130704";"LA LIBERTAD";"PACASMAYO";"PACASMAYO";"GOBIERNO REGIONAL";"II-1";"00005296";"HOSPITAL DISTRITAL DE PACASMAYO";"242300";"HOSPITALIZACIÓN DE PEDIATRÍA  PEDIATRÍA  GENERAL ";"8";"11";"22";"18";"4";"124";"0"
"2023";"03";"130704";"LA LIBERTAD";"PACASMAYO";"PACASMAYO";"GOBIERNO REGIONAL";"II-1";"00005296";"HOSPITAL DISTRITAL DE PACASMAYO";"241600";"HOSPITALIZACIÓN QUIRÚRGICA OBSTETRICIA   ";"47";"51";"116";"111";"4";"124";"0"
"2023";"03";"130704";"LA LIBERTAD";"PACASMAYO";"PACASMAYO";"GOBIERNO REGIONAL";"II-1";"00005296";"HOSPITAL DISTRITAL DE PACASMAYO";"241500";"HOSPITALIZACIÓN QUIRÚRGICA GINECOLOGÍA  ";"28";"32";"64";"58";"4";"124";"0"
"2023";"07";"130105";"LA LIBERTAD";"TRUJILLO";"LA ESPERANZA";"ESSALUD";"II-1";"00009040";"HOSPITAL I - LA ESPERANZA";"241800";"HOSPITALIZACIÓN DE MEDICINA MEDICINA GENERAL ";"64";"61";"225";"212";"10";"310";"0"
"2023";"08";"070102";"CALLAO";"CALLAO";"BELLAVISTA";"ESSALUD";"III-1";"00008265";"HOSPITAL NACIONAL ALBERTO SABOGAL SOLOGUREN DE LA RED ASISTENCIAL SABOGAL";"242100";"HOSPITALIZACIÓN DE MEDICINA ONCOLOGÍA MÉDICA ";"85";"95";"518";"396";"14";"434";"3"
"2023";"08";"070102";"CALLAO";"CALLAO";"BELLAVISTA";"ESSALUD";"III-1";"00008265";"HOSPITAL NACIONAL ALBERTO SABOGAL SOLOGUREN DE LA RED ASISTENCIAL SABOGAL";"240700";"HOSPITALIZACIÓN QUIRÚRGICA CIRUGÍA PEDIÁTRICA ";"59";"56";"273";"285";"11";"341";"0"
"2023";"08";"070102";"CALLAO";"CALLAO";"BELLAVISTA";"ESSALUD";"III-1";"00008265";"HOSPITAL NACIONAL ALBERTO SABOGAL SOLOGUREN DE LA RED ASISTENCIAL SABOGAL";"240900";"HOSPITALIZACIÓN QUIRÚRGICA NEUROCIRUGÍA ";"53";"57";"541";"342";"13";"403";"0"
"2023";"08";"070102";"CALLAO";"CALLAO";"BELLAVISTA";"ESSALUD";"III-1";"00008265";"HOSPITAL NACIONAL ALBERTO SABOGAL SOLOGUREN DE LA RED ASISTENCIAL SABOGAL";"241100";"HOSPITALIZACIÓN QUIRÚRGICA OTORRINOLARINGOLOGÍA  ";"50";"51";"114";"106";"4";"124";"0"
"2023";"08";"070102";"CALLAO";"CALLAO";"BELLAVISTA";"ESSALUD";"III-1";"00008265";"HOSPITAL NACIONAL ALBERTO SABOGAL SOLOGUREN DE LA RED ASISTENCIAL SABOGAL";"241200";"HOSPITALIZACIÓN QUIRÚRGICA TRAUMATOLOGÍA Y ORTOPEDIA ";"145";"146";"1109";"1120";"40";"1240";"1"
"2023";"08";"070102";"CALLAO";"CALLAO";"BELLAVISTA";"ESSALUD";"III-1";"00008265";"HOSPITAL NACIONAL ALBERTO SABOGAL SOLOGUREN DE LA RED ASISTENCIAL SABOGAL";"241300";"HOSPITALIZACIÓN QUIRÚRGICA UROLOGÍA  ";"108";"106";"518";"467";"16";"496";"0"
"2023";"08";"070102";"CALLAO";"CALLAO";"BELLAVISTA";"ESSALUD";"III-1";"00008265";"HOSPITAL NACIONAL ALBERTO SABOGAL SOLOGUREN DE LA RED ASISTENCIAL SABOGAL";"241500";"HOSPITALIZACIÓN QUIRÚRGICA GINECOLOGÍA  ";"80";"78";"251";"254";"10";"310";"0"
"2023";"08";"070102";"CALLAO";"CALLAO";"BELLAVISTA";"ESSALUD";"III-1";"00008265";"HOSPITAL NACIONAL ALBERTO SABOGAL SOLOGUREN DE LA RED ASISTENCIAL SABOGAL";"241600";"HOSPITALIZACIÓN QUIRÚRGICA OBSTETRICIA   ";"238";"227";"948";"970";"45";"1395";"0"
"2023";"08";"070102";"CALLAO";"CALLAO";"BELLAVISTA";"ESSALUD";"III-1";"00008265";"HOSPITAL NACIONAL ALBERTO SABOGAL SOLOGUREN DE LA RED ASISTENCIAL SABOGAL";"242300";"HOSPITALIZACIÓN DE PEDIATRÍA  PEDIATRÍA  GENERAL ";"93";"98";"1549";"970";"34";"1054";"0"
"2023";"08";"070102";"CALLAO";"CALLAO";"BELLAVISTA";"ESSALUD";"III-1";"00008265";"HOSPITAL NACIONAL ALBERTO SABOGAL SOLOGUREN DE LA RED ASISTENCIAL SABOGAL";"250100";"UNIDAD DE CUIDADOS CRITICOS UNIDAD  DE CUIDADOS INTENSIVOS GENERALES (UCI) ";"20";"35";"504";"319";"11";"341";"22"
"2023";"08";"070102";"CALLAO";"CALLAO";"BELLAVISTA";"ESSALUD";"III-1";"00008265";"HOSPITAL NACIONAL ALBERTO SABOGAL SOLOGUREN DE LA RED ASISTENCIAL SABOGAL";"250200";"UNIDAD DE CUIDADOS CRITICOS UNIDAD DE CUIDADOS INTERMEDIOS GENERAL  (UCIN) ";"14";"31";"716";"296";"10";"310";"1"
"2023";"08";"120114";"JUNIN";"HUANCAYO";"EL TAMBO";"PRIVADO";"II-1";"00025970";"CLINICA REBAGLIATI";"240100";"HOSPITALIZACIÓN QUIRÚRGICA CIRUGÍA GENERAL ";"51";"51";"51";"71";"9";"51";"0"
"2023";"08";"120114";"JUNIN";"HUANCAYO";"EL TAMBO";"PRIVADO";"II-1";"00025970";"CLINICA REBAGLIATI";"240200";"HOSPITALIZACIÓN QUIRÚRGICA CIRUGÍA DE CABEZA Y CUELLO / MÁXILO FACIAL ";"2";"2";"2";"4";"3";"9";"0"
"2023";"08";"120114";"JUNIN";"HUANCAYO";"EL TAMBO";"PRIVADO";"II-1";"00025970";"CLINICA REBAGLIATI";"240900";"HOSPITALIZACIÓN QUIRÚRGICA NEUROCIRUGÍA ";"4";"4";"6";"2";"1";"2";"0"
"2023";"08";"120114";"JUNIN";"HUANCAYO";"EL TAMBO";"PRIVADO";"II-1";"00025970";"CLINICA REBAGLIATI";"241100";"HOSPITALIZACIÓN QUIRÚRGICA OTORRINOLARINGOLOGÍA  ";"12";"12";"12";"16";"17";"20";"0"
"2023";"08";"120114";"JUNIN";"HUANCAYO";"EL TAMBO";"PRIVADO";"II-1";"00025970";"CLINICA REBAGLIATI";"241200";"HOSPITALIZACIÓN QUIRÚRGICA TRAUMATOLOGÍA Y ORTOPEDIA ";"5";"5";"5";"20";"5";"22";"0"
"2023";"08";"120114";"JUNIN";"HUANCAYO";"EL TAMBO";"PRIVADO";"II-1";"00025970";"CLINICA REBAGLIATI";"241300";"HOSPITALIZACIÓN QUIRÚRGICA UROLOGÍA  ";"8";"8";"8";"9";"10";"12";"0"
"2023";"08";"120114";"JUNIN";"HUANCAYO";"EL TAMBO";"PRIVADO";"II-1";"00025970";"CLINICA REBAGLIATI";"241400";"HOSPITALIZACIÓN QUIRÚRGICA GINECO - OBSTETRICIA ";"18";"18";"18";"19";"19";"20";"0"
"2023";"08";"120114";"JUNIN";"HUANCAYO";"EL TAMBO";"PRIVADO";"II-1";"00025970";"CLINICA REBAGLIATI";"241500";"HOSPITALIZACIÓN QUIRÚRGICA GINECOLOGÍA  ";"6";"6";"6";"33";"12";"34";"0"
"2023";"08";"120114";"JUNIN";"HUANCAYO";"EL TAMBO";"PRIVADO";"II-1";"00025970";"CLINICA REBAGLIATI";"241600";"HOSPITALIZACIÓN QUIRÚRGICA OBSTETRICIA   ";"2";"2";"2";"5";"4";"7";"0"
"2023";"08";"120114";"JUNIN";"HUANCAYO";"EL TAMBO";"PRIVADO";"II-1";"00025970";"CLINICA REBAGLIATI";"241700";"HOSPITALIZACIÓN QUIRÚRGICA GINECOLOGÍA   GINECOLOGIA ONCOLOGiCA";"17";"17";"17";"17";"18";"20";"0"
"2023";"08";"120114";"JUNIN";"HUANCAYO";"EL TAMBO";"PRIVADO";"II-1";"00025970";"CLINICA REBAGLIATI";"241800";"HOSPITALIZACIÓN DE MEDICINA MEDICINA GENERAL ";"2";"2";"2";"3";"4";"5";"0"
"2023";"08";"120114";"JUNIN";"HUANCAYO";"EL TAMBO";"PRIVADO";"II-1";"00025970";"CLINICA REBAGLIATI";"242100";"HOSPITALIZACIÓN DE MEDICINA ONCOLOGÍA MÉDICA ";"3";"3";"6";"9";"3";"11";"1"
"2023";"08";"120114";"JUNIN";"HUANCAYO";"EL TAMBO";"PRIVADO";"II-1";"00025970";"CLINICA REBAGLIATI";"245400";"HOSPITALIZACIÓN DE MEDICINA GINECOLOGIA ";"1";"1";"2";"3";"4";"6";"0"
"2023";"08";"060101";"CAJAMARCA";"CAJAMARCA";"CAJAMARCA";"GOBIERNO REGIONAL";"I-3";"00027069";"CENTRO DE SALUD MENTAL COMUNITARIO ""ESPERANZA DE VIDA""";"NE_0001";"";"NE_0001";"NE_0001";"NE_0001";"NE_0001";"NE_0001";"NE_0001";"NE_0001"
"2023";"08";"120704";"JUNIN";"TARMA";"HUASAHUASI";"GOBIERNO REGIONAL";"I-1";"00000544";"PUNRAY";"NE_0001";"";"NE_0001";"NE_0001";"NE_0001";"NE_0001";"NE_0001";"NE_0001";"NE_0001"
"2023";"08";"120704";"JUNIN";"TARMA";"HUASAHUASI";"GOBIERNO REGIONAL";"I-1";"00000543";"CASCA";"NE_0001";"";"NE_0001";"NE_0001";"NE_0001";"NE_0001";"NE_0001";"NE_0001";"NE_0001"
"2023";"08";"120704";"JUNIN";"TARMA";"HUASAHUASI";"GOBIERNO REGIONAL";"I-4";"00000542";"HUASAHUASI";"241600";"HOSPITALIZACIÓN QUIRÚRGICA OBSTETRICIA   ";"4";"4";"4";"4";"4";"124";"0"
"2023";"08";"120704";"JUNIN";"TARMA";"HUASAHUASI";"GOBIERNO REGIONAL";"I-1";"00000546";"SAN JUAN DE LA LIBERTAD";"NE_0001";"";"NE_0001";"NE_0001";"NE_0001";"NE_0001";"NE_0001";"NE_0001";"NE_0001"
"2023";"08";"120704";"JUNIN";"TARMA";"HUASAHUASI";"GOBIERNO REGIONAL";"I-1";"00000545";"HUACUAS";"NE_0001";"";"NE_0001";"NE_0001";"NE_0001";"NE_0001";"NE_0001";"NE_0001";"NE_0001"
"2023";"08";"120704";"JUNIN";"TARMA";"HUASAHUASI";"GOBIERNO REGIONAL";"I-1";"00000548";"TIAMBRA";"NE_0001";"";"NE_0001";"NE_0001";"NE_0001";"NE_0001";"NE_0001";"NE_0001";"NE_0001"
"2023";"08";"120808";"JUNIN";"YAULI";"SANTA ROSA DE SACCO";"ESSALUD";"II-1";"00008653";"HOSPITAL II ALBERTO HURTADO ABADIA";"241800";"HOSPITALIZACIÓN DE MEDICINA MEDICINA GENERAL ";"29";"30";"194";"181";"12";"372";"1"
"2023";"08";"120808";"JUNIN";"YAULI";"SANTA ROSA DE SACCO";"ESSALUD";"II-1";"00008653";"HOSPITAL II ALBERTO HURTADO ABADIA";"240100";"HOSPITALIZACIÓN QUIRÚRGICA CIRUGÍA GENERAL ";"40";"43";"214";"183";"8";"248";"0"
"2023";"08";"120808";"JUNIN";"YAULI";"SANTA ROSA DE SACCO";"ESSALUD";"II-1";"00008653";"HOSPITAL II ALBERTO HURTADO ABADIA";"241200";"HOSPITALIZACIÓN QUIRÚRGICA TRAUMATOLOGÍA Y ORTOPEDIA ";"33";"31";"177";"190";"8";"248";"1"
"2023";"08";"120808";"JUNIN";"YAULI";"SANTA ROSA DE SACCO";"ESSALUD";"II-1";"00008653";"HOSPITAL II ALBERTO HURTADO ABADIA";"241500";"HOSPITALIZACIÓN QUIRÚRGICA GINECOLOGÍA  ";"7";"8";"12";"13";"2";"62";"0"
"2023";"08";"120808";"JUNIN";"YAULI";"SANTA ROSA DE SACCO";"ESSALUD";"II-1";"00008653";"HOSPITAL II ALBERTO HURTADO ABADIA";"241600";"HOSPITALIZACIÓN QUIRÚRGICA OBSTETRICIA   ";"26";"25";"62";"63";"5";"155";"0"
"2023";"08";"120808";"JUNIN";"YAULI";"SANTA ROSA DE SACCO";"ESSALUD";"II-1";"00008653";"HOSPITAL II ALBERTO HURTADO ABADIA";"242300";"HOSPITALIZACIÓN DE PEDIATRÍA  PEDIATRÍA  GENERAL ";"33";"33";"102";"98";"5";"155";"0"
"2023";"08";"120808";"JUNIN";"YAULI";"SANTA ROSA DE SACCO";"ESSALUD";"II-1";"00008653";"HOSPITAL II ALBERTO HURTADO ABADIA";"250304";"HOSPIT. EN UNIDAD DE CUID.INTEN.-UNIDAD DE VIGILANCIA INTENSIVA (UVI)-MEDICINA";"10";"13";"84";"86";"4";"92";"1"
"2023";"08";"220504";"SAN MARTIN";"LAMAS";"CAYNARACHI";"GOBIERNO REGIONAL";"I-1";"00006417";"SAN MIGUEL DE ACHINAMIZA";"NE_0001";"";"NE_0001";"NE_0001";"NE_0001";"NE_0001";"NE_0001";"NE_0001";"NE_0001"
"2023";"08";"220504";"SAN MARTIN";"LAMAS";"CAYNARACHI";"GOBIERNO REGIONAL";"I-1";"00006421";"YUMBATOS";"NE_0001";"";"NE_0001";"NE_0001";"NE_0001";"NE_0001";"NE_0001";"NE_0001";"NE_0001"
"2023";"08";"220504";"SAN MARTIN";"LAMAS";"CAYNARACHI";"GOBIERNO REGIONAL";"I-4";"00006415";"PONGO DEL CAYNARACHI";"241600";"HOSPITALIZACIÓN QUIRÚRGICA OBSTETRICIA   ";"5";"5";"5";"7";"4";"124";"0"
"2023";"08";"220504";"SAN MARTIN";"LAMAS";"CAYNARACHI";"GOBIERNO REGIONAL";"I-1";"00019769";"NUEVO TOCACHE";"NE_0001";"";"NE_0001";"NE_0001";"NE_0001";"NE_0001";"NE_0001";"NE_0001";"NE_0001"
"2023";"08";"220504";"SAN MARTIN";"LAMAS";"CAYNARACHI";"GOBIERNO REGIONAL";"I-1";"00006416";"ALFONSO UGARTE";"NE_0001";"";"NE_0001";"NE_0001";"NE_0001";"NE_0001";"NE_0001";"NE_0001";"NE_0001"
"2023";"08";"040401";"AREQUIPA";"CASTILLA";"APLAO";"ESSALUD";"I-3";"00013299";"CENTRO MEDICO APLAO";"NE_0001";"";"NE_0001";"NE_0001";"NE_0001";"NE_0001";"NE_0001";"NE_0001";"NE_0001"
"2023";"08";"080602";"CUSCO";"CANCHIS";"CHECACUPE";"GOBIERNO REGIONAL";"I-2";"00002385";"CHECACUPE";"NE_0001";"";"NE_0001";"NE_0001";"NE_0001";"NE_0001";"NE_0001";"NE_0001";"NE_0001"
"2023";"08";"080608";"CUSCO";"CANCHIS";"TINTA";"GOBIERNO REGIONAL";"I-3";"00002397";"TINTA";"NE_0001";"";"NE_0001";"NE_0001";"NE_0001";"NE_0001";"NE_0001";"NE_0001";"NE_0001"
"2023";"08";"080204";"CUSCO";"ACOMAYO";"MOSOC LLACTA";"GOBIERNO REGIONAL";"I-2";"00002320";"MOSOCLLACTA";"NE_0001";"";"NE_0001";"NE_0001";"NE_0001";"NE_0001";"NE_0001";"NE_0001";"NE_0001"
"2023";"08";"080605";"CUSCO";"CANCHIS";"PITUMARCA";"GOBIERNO REGIONAL";"I-3";"00002392";"PITUMARCA";"NE_0001";"";"NE_0001";"NE_0001";"NE_0001";"NE_0001";"NE_0001";"NE_0001";"NE_0001"
"2023";"08";"080603";"CUSCO";"CANCHIS";"COMBAPATA";"GOBIERNO REGIONAL";"I-4";"00002386";"COMBAPATA CANCHIS";"NE_0001";"";"NE_0001";"NE_0001";"NE_0001";"NE_0001";"NE_0001";"NE_0001";"NE_0001"
"2023";"08";"080603";"CUSCO";"CANCHIS";"COMBAPATA";"GOBIERNO REGIONAL";"I-2";"00002387";"CHIARA";"NE_0001";"";"NE_0001";"NE_0001";"NE_0001";"NE_0001";"NE_0001";"NE_0001";"NE_0001"
"2023";"08";"080503";"CUSCO";"CANAS";"KUNTURKANKI";"GOBIERNO REGIONAL";"I-4";"00007700";"EL DESCANSO";"NE_0001";"";"NE_0001";"NE_0001";"NE_0001";"NE_0001";"NE_0001";"NE_0001";"NE_0001"
"2023";"08";"080502";"CUSCO";"CANAS";"CHECCA";"GOBIERNO REGIONAL";"I-1";"00002367";"CHITIBAMBA";"NE_0001";"";"NE_0001";"NE_0001";"NE_0001";"NE_0001";"NE_0001";"NE_0001";"NE_0001"
"2023";"08";"080502";"CUSCO";"CANAS";"CHECCA";"GOBIERNO REGIONAL";"I-2";"00002366";"CHECCA";"NE_0001";"";"NE_0001";"NE_0001";"NE_0001";"NE_0001";"NE_0001";"NE_0001";"NE_0001"
"2023";"08";"220804";"SAN MARTIN";"RIOJA";"NUEVA CAJAMARCA";"GOBIERNO REGIONAL";"I-1";"00006289";"MIRAFLORES";"NE_0001";"";"NE_0001";"NE_0001";"NE_0001";"NE_0001";"NE_0001";"NE_0001";"NE_0001"
"2023";"08";"220804";"SAN MARTIN";"RIOJA";"NUEVA CAJAMARCA";"GOBIERNO REGIONAL";"I-4";"00006283";"HOSPITAL RURAL NUEVA CAJAMARCA";"241600";"HOSPITALIZACIÓN QUIRÚRGICA OBSTETRICIA   ";"49";"51";"63";"63";"8";"248";"0"
"2023";"08";"220804";"SAN MARTIN";"RIOJA";"NUEVA CAJAMARCA";"GOBIERNO REGIONAL";"I-4";"00006283";"HOSPITAL RURAL NUEVA CAJAMARCA";"241800";"HOSPITALIZACIÓN DE MEDICINA MEDICINA GENERAL ";"28";"28";"75";"75";"8";"248";"0"
"2023";"08";"220804";"SAN MARTIN";"RIOJA";"NUEVA CAJAMARCA";"GOBIERNO REGIONAL";"I-4";"00006283";"HOSPITAL RURAL NUEVA CAJAMARCA";"242500";"HOSPITALIZACIÓN-PEDIATRÍA GENERAL-";"2";"2";"3";"3";"5";"155";"0"
"2023";"08";"220804";"SAN MARTIN";"RIOJA";"NUEVA CAJAMARCA";"GOBIERNO REGIONAL";"I-1";"00006287";"TAHUANTINSUYO";"NE_0001";"";"NE_0001";"NE_0001";"NE_0001";"NE_0001";"NE_0001";"NE_0001";"NE_0001"
"2023";"08";"220804";"SAN MARTIN";"RIOJA";"NUEVA CAJAMARCA";"GOBIERNO REGIONAL";"I-1";"00006284";"LA FLORIDA";"NE_0001";"";"NE_0001";"NE_0001";"NE_0001";"NE_0001";"NE_0001";"NE_0001";"NE_0001"
"2023";"08";"220804";"SAN MARTIN";"RIOJA";"NUEVA CAJAMARCA";"GOBIERNO REGIONAL";"I-1";"00006285";"LA UNION";"NE_0001";"";"NE_0001";"NE_0001";"NE_0001";"NE_0001";"NE_0001";"NE_0001";"NE_0001"
"2023";"08";"220804";"SAN MARTIN";"RIOJA";"NUEVA CAJAMARCA";"GOBIERNO REGIONAL";"I-1";"00006286";"PALESTINA";"NE_0001";"";"NE_0001";"NE_0001";"NE_0001";"NE_0001";"NE_0001";"NE_0001";"NE_0001"
"2023";"03";"100102";"HUANUCO";"HUANUCO";"AMARILIS";"GOBIERNO REGIONAL";"II-E";"00000756";"HOSPITAL MATERNO INFANTIL CARLOS SHOWING FERRARI";"241400";"HOSPITALIZACIÓN QUIRÚRGICA GINECO - OBSTETRICIA ";"223";"233";"504";"737";"28";"868";"0"
"2023";"03";"100102";"HUANUCO";"HUANUCO";"AMARILIS";"GOBIERNO REGIONAL";"II-E";"00000756";"HOSPITAL MATERNO INFANTIL CARLOS SHOWING FERRARI";"242500";"HOSPITALIZACIÓN-PEDIATRÍA GENERAL-";"33";"36";"119";"155";"10";"310";"0"
"2023";"03";"100102";"HUANUCO";"HUANUCO";"AMARILIS";"GOBIERNO REGIONAL";"II-E";"00000756";"HOSPITAL MATERNO INFANTIL CARLOS SHOWING FERRARI";"243200";"HOSPITALIZACIÓN DE PEDIATRÍA PEDIATRIA NEONATOLOGÍA";"63";"71";"237";"308";"10";"310";"0"
"2023";"04";"060601";"CAJAMARCA";"CUTERVO";"CUTERVO";"GOBIERNO REGIONAL";"I-3";"00004987";"SUMIDERO";"NE_0001";"";"NE_0001";"NE_0001";"NE_0001";"NE_0001";"NE_0001";"NE_0001";"NE_0001"
"2023";"04";"060601";"CAJAMARCA";"CUTERVO";"CUTERVO";"GOBIERNO REGIONAL";"I-1";"00006852";"LLIPA";"NE_0001";"";"NE_0001";"NE_0001";"NE_0001";"NE_0001";"NE_0001";"NE_0001";"NE_0001"
"2023";"04";"060601";"CAJAMARCA";"CUTERVO";"CUTERVO";"GOBIERNO REGIONAL";"I-1";"00006854";"CARAMARCA CHICA";"NE_0001";"";"NE_0001";"NE_0001";"NE_0001";"NE_0001";"NE_0001";"NE_0001";"NE_0001"
"2023";"04";"060601";"CAJAMARCA";"CUTERVO";"CUTERVO";"GOBIERNO REGIONAL";"I-3";"00006857";"NUEVO ORIENTE";"NE_0001";"";"NE_0001";"NE_0001";"NE_0001";"NE_0001";"NE_0001";"NE_0001";"NE_0001"
"2023";"04";"060601";"CAJAMARCA";"CUTERVO";"CUTERVO";"GOBIERNO REGIONAL";"I-1";"00006936";"CORRALES";"NE_0001";"";"NE_0001";"NE_0001";"NE_0001";"NE_0001";"NE_0001";"NE_0001";"NE_0001"
"2023";"04";"060601";"CAJAMARCA";"CUTERVO";"CUTERVO";"GOBIERNO REGIONAL";"I-1";"00007701";"EL VERDE";"NE_0001";"";"NE_0001";"NE_0001";"NE_0001";"NE_0001";"NE_0001";"NE_0001";"NE_0001"
"2023";"04";"060601";"CAJAMARCA";"CUTERVO";"CUTERVO";"GOBIERNO REGIONAL";"I-1";"00011066";"VISTA ALEGRE DE LA SOLA";"NE_0001";"";"NE_0001";"NE_0001";"NE_0001";"NE_0001";"NE_0001";"NE_0001";"NE_0001"
"2023";"04";"060601";"CAJAMARCA";"CUTERVO";"CUTERVO";"GOBIERNO REGIONAL";"I-1";"00004995";"PALMAS DE HUICHUD";"NE_0001";"";"NE_0001";"NE_0001";"NE_0001";"NE_0001";"NE_0001";"NE_0001";"NE_0001"
"2023";"04";"060601";"CAJAMARCA";"CUTERVO";"CUTERVO";"GOBIERNO REGIONAL";"I-1";"00006788";"YANGACHIS";"NE_0001";"";"NE_0001";"NE_0001";"NE_0001";"NE_0001";"NE_0001";"NE_0001";"NE_0001"
"2023";"04";"060601";"CAJAMARCA";"CUTERVO";"CUTERVO";"GOBIERNO REGIONAL";"I-1";"00004985";"REJOPAMPA";"NE_0001";"";"NE_0001";"NE_0001";"NE_0001";"NE_0001";"NE_0001";"NE_0001";"NE_0001"
"2023";"04";"060601";"CAJAMARCA";"CUTERVO";"CUTERVO";"GOBIERNO REGIONAL";"I-1";"00004986";"EL ARENAL DE CUTERVO";"NE_0001";"";"NE_0001";"NE_0001";"NE_0001";"NE_0001";"NE_0001";"NE_0001";"NE_0001"
"2023";"04";"060601";"CAJAMARCA";"CUTERVO";"CUTERVO";"GOBIERNO REGIONAL";"I-2";"00004989";"AMBULCO GRANDE";"NE_0001";"";"NE_0001";"NE_0001";"NE_0001";"NE_0001";"NE_0001";"NE_0001";"NE_0001"
"2023";"04";"060601";"CAJAMARCA";"CUTERVO";"CUTERVO";"GOBIERNO REGIONAL";"I-1";"00007748";"CULLANMAYO";"NE_0001";"";"NE_0001";"NE_0001";"NE_0001";"NE_0001";"NE_0001";"NE_0001";"NE_0001"
"2023";"04";"060601";"CAJAMARCA";"CUTERVO";"CUTERVO";"GOBIERNO REGIONAL";"I-1";"00004990";"YATUN";"NE_0001";"";"NE_0001";"NE_0001";"NE_0001";"NE_0001";"NE_0001";"NE_0001";"NE_0001"
"2023";"04";"060601";"CAJAMARCA";"CUTERVO";"CUTERVO";"GOBIERNO REGIONAL";"I-1";"00007697";"CHUGUR";"NE_0001";"";"NE_0001";"NE_0001";"NE_0001";"NE_0001";"NE_0001";"NE_0001";"NE_0001"
"2023";"04";"060601";"CAJAMARCA";"CUTERVO";"CUTERVO";"GOBIERNO REGIONAL";"I-1";"00006831";"LA SUCCHA DE CUTERVO";"NE_0001";"";"NE_0001";"NE_0001";"NE_0001";"NE_0001";"NE_0001";"NE_0001";"NE_0001"
"2023";"04";"060601";"CAJAMARCA";"CUTERVO";"CUTERVO";"GOBIERNO REGIONAL";"I-1";"00004988";"LA COLCA";"NE_0001";"";"NE_0001";"NE_0001";"NE_0001";"NE_0001";"NE_0001";"NE_0001";"NE_0001"
"2023";"04";"060601";"CAJAMARCA";"CUTERVO";"CUTERVO";"GOBIERNO REGIONAL";"I-1";"00006837";"SAN CRISTOBAL DE NUDILLO";"NE_0001";"";"NE_0001";"NE_0001";"NE_0001";"NE_0001";"NE_0001";"NE_0001";"NE_0001"
"2023";"04";"060605";"CAJAMARCA";"CUTERVO";"LA RAMADA";"GOBIERNO REGIONAL";"I-1";"00005028";"LLUSHCAPAMPA";"NE_0001";"";"NE_0001";"NE_0001";"NE_0001";"NE_0001";"NE_0001";"NE_0001";"NE_0001"
"2023";"04";"060604";"CAJAMARCA";"CUTERVO";"CUJILLO";"GOBIERNO REGIONAL";"I-1";"00005026";"EL PAGO";"NE_0001";"";"NE_0001";"NE_0001";"NE_0001";"NE_0001";"NE_0001";"NE_0001";"NE_0001"
"2023";"04";"060609";"CAJAMARCA";"CUTERVO";"SAN JUAN DE CUTERVO";"GOBIERNO REGIONAL";"I-3";"00005029";"SAN JUAN DE CUTERVO";"NE_0001";"";"NE_0001";"NE_0001";"NE_0001";"NE_0001";"NE_0001";"NE_0001";"NE_0001"
"2023";"04";"060605";"CAJAMARCA";"CUTERVO";"LA RAMADA";"GOBIERNO REGIONAL";"I-1";"00007049";"SURO CHICO";"NE_0001";"";"NE_0001";"NE_0001";"NE_0001";"NE_0001";"NE_0001";"NE_0001";"NE_0001"
"2023";"04";"060605";"CAJAMARCA";"CUTERVO";"LA RAMADA";"GOBIERNO REGIONAL";"I-1";"00007180";"TAMBILLO DE LA RAMADA";"NE_0001";"";"NE_0001";"NE_0001";"NE_0001";"NE_0001";"NE_0001";"NE_0001";"NE_0001"
"2023";"04";"060609";"CAJAMARCA";"CUTERVO";"SAN JUAN DE CUTERVO";"GOBIERNO REGIONAL";"I-1";"00005031";"SANTA CRUZ DE LA SUCCHA";"NE_0001";"";"NE_0001";"NE_0001";"NE_0001";"NE_0001";"NE_0001";"NE_0001";"NE_0001"
"2023";"04";"060614";"CAJAMARCA";"CUTERVO";"SOCOTA";"GOBIERNO REGIONAL";"I-1";"00005033";"EL PORVENIR";"NE_0001";"";"NE_0001";"NE_0001";"NE_0001";"NE_0001";"NE_0001";"NE_0001";"NE_0001"
"2023";"04";"060614";"CAJAMARCA";"CUTERVO";"SOCOTA";"GOBIERNO REGIONAL";"I-1";"00006939";"QUIJOS";"NE_0001";"";"NE_0001";"NE_0001";"NE_0001";"NE_0001";"NE_0001";"NE_0001";"NE_0001"
"2023";"04";"060614";"CAJAMARCA";"CUTERVO";"SOCOTA";"GOBIERNO REGIONAL";"I-1";"00007751";"CHANGAY";"NE_0001";"";"NE_0001";"NE_0001";"NE_0001";"NE_0001";"NE_0001";"NE_0001";"NE_0001"
"2023";"04";"060605";"CAJAMARCA";"CUTERVO";"LA RAMADA";"GOBIERNO REGIONAL";"I-1";"00008923";"CARHUALLO";"NE_0001";"";"NE_0001";"NE_0001";"NE_0001";"NE_0001";"NE_0001";"NE_0001";"NE_0001"
"2023";"04";"150121";"LIMA";"LIMA";"PUEBLO LIBRE";"PRIVADO";"II-2";"00010743";"CLINICA STELLA MARIS";"241400";"HOSPITALIZACIÓN QUIRÚRGICA GINECO - OBSTETRICIA ";"53";"43";"101";"103";"16";"480";"0"
"2023";"04";"150121";"LIMA";"LIMA";"PUEBLO LIBRE";"PRIVADO";"II-2";"00010743";"CLINICA STELLA MARIS";"240000";"HOSPITALIZACIÓN";"431";"386";"1504";"1399";"53";"1590";"1"
"2023";"04";"150121";"LIMA";"LIMA";"PUEBLO LIBRE";"PRIVADO";"II-2";"00010743";"CLINICA STELLA MARIS";"243200";"HOSPITALIZACIÓN DE PEDIATRÍA PEDIATRIA NEONATOLOGÍA";"4";"3";"13";"15";"2";"60";"0"
"2023";"04";"150121";"LIMA";"LIMA";"PUEBLO LIBRE";"PRIVADO";"II-2";"00010743";"CLINICA STELLA MARIS";"250100";"UNIDAD DE CUIDADOS CRITICOS UNIDAD  DE CUIDADOS INTENSIVOS GENERALES (UCI) ";"5";"3";"31";"39";"10";"300";"3"
"2023";"04";"150121";"LIMA";"LIMA";"PUEBLO LIBRE";"PRIVADO";"II-2";"00010743";"CLINICA STELLA MARIS";"250200";"UNIDAD DE CUIDADOS CRITICOS UNIDAD DE CUIDADOS INTERMEDIOS GENERAL  (UCIN) ";"32";"29";"102";"96";"5";"150";"1"
"2023";"04";"040101";"AREQUIPA";"AREQUIPA";"AREQUIPA";"PRIVADO";"II-E";"00013722";"CLINICA AREQUIPA S.A.";"240100";"HOSPITALIZACIÓN QUIRÚRGICA CIRUGÍA GENERAL ";"130";"137";"412";"664";"44";"1320";"1"
"2023";"04";"040101";"AREQUIPA";"AREQUIPA";"AREQUIPA";"PRIVADO";"II-E";"00013722";"CLINICA AREQUIPA S.A.";"241400";"HOSPITALIZACIÓN QUIRÚRGICA GINECO - OBSTETRICIA ";"54";"53";"112";"249";"31";"930";"0"
"2023";"04";"040101";"AREQUIPA";"AREQUIPA";"AREQUIPA";"PRIVADO";"II-E";"00013722";"CLINICA AREQUIPA S.A.";"241900";"HOSPITALIZACIÓN DE MEDICINA MEDICINA INTERNA ";"51";"48";"274";"259";"27";"810";"1"
"2023";"04";"221001";"SAN MARTIN";"TOCACHE";"TOCACHE";"ESSALUD";"I-3";"00010703";"POSTA MEDICA TOCACHE";"NE_0001";"";"NE_0001";"NE_0001";"NE_0001";"NE_0001";"NE_0001";"NE_0001";"NE_0001"
"2023";"03";"250301";"UCAYALI";"PADRE ABAD";"PADRE ABAD";"GOBIERNO REGIONAL";"I-1";"00030638";"PUESTO DE SALUD LOS OLIVOS";"NE_0002";"";"NE_0002";"NE_0002";"NE_0002";"NE_0002";"NE_0002";"NE_0002";"NE_0002"
"2023";"03";"250301";"UCAYALI";"PADRE ABAD";"PADRE ABAD";"GOBIERNO REGIONAL";"I-1";"00019070";"NUEVA CHONTA";"NE_0001";"";"NE_0001";"NE_0001";"NE_0001";"NE_0001";"NE_0001";"NE_0001";"NE_0001"
"2023";"03";"250301";"UCAYALI";"PADRE ABAD";"PADRE ABAD";"GOBIERNO REGIONAL";"I-2";"00006802";"SHAMBILLO";"NE_0001";"";"NE_0001";"NE_0001";"NE_0001";"NE_0001";"NE_0001";"NE_0001";"NE_0001"
"2023";"03";"250301";"UCAYALI";"PADRE ABAD";"PADRE ABAD";"GOBIERNO REGIONAL";"I-2";"00005411";"SANTA ROSA DE AGUAYTIA";"NE_0001";"";"NE_0001";"NE_0001";"NE_0001";"NE_0001";"NE_0001";"NE_0001";"NE_0001"
"2023";"03";"250301";"UCAYALI";"PADRE ABAD";"PADRE ABAD";"GOBIERNO REGIONAL";"I-1";"00005410";"SANTA ANA";"NE_0001";"";"NE_0001";"NE_0001";"NE_0001";"NE_0001";"NE_0001";"NE_0001";"NE_0001"
"2023";"03";"250301";"UCAYALI";"PADRE ABAD";"PADRE ABAD";"GOBIERNO REGIONAL";"I-2";"00005407";"COMUNIDAD NATIVA DE PUERTO AZUL";"NE_0001";"";"NE_0001";"NE_0001";"NE_0001";"NE_0001";"NE_0001";"NE_0001";"NE_0001"
"2023";"03";"250301";"UCAYALI";"PADRE ABAD";"PADRE ABAD";"GOBIERNO REGIONAL";"I-2";"00005406";"PREVISTO";"NE_0001";"";"NE_0001";"NE_0001";"NE_0001";"NE_0001";"NE_0001";"NE_0001";"NE_0001"
"2023";"03";"250301";"UCAYALI";"PADRE ABAD";"PADRE ABAD";"GOBIERNO REGIONAL";"I-1";"00005403";"MIGUEL GRAU SEMINARIO";"NE_0001";"";"NE_0001";"NE_0001";"NE_0001";"NE_0001";"NE_0001";"NE_0001";"NE_0001"
"2023";"03";"250301";"UCAYALI";"PADRE ABAD";"PADRE ABAD";"GOBIERNO REGIONAL";"I-1";"00005402";"MARISCAL CACERES.";"NE_0001";"";"NE_0001";"NE_0001";"NE_0001";"NE_0001";"NE_0001";"NE_0001";"NE_0001"
"2023";"03";"250301";"UCAYALI";"PADRE ABAD";"PADRE ABAD";"GOBIERNO REGIONAL";"I-1";"00005401";"LA DIVISORIA";"NE_0001";"";"NE_0001";"NE_0001";"NE_0001";"NE_0001";"NE_0001";"NE_0001";"NE_0001"
"2023";"03";"250301";"UCAYALI";"PADRE ABAD";"PADRE ABAD";"GOBIERNO REGIONAL";"I-2";"00005400";"HUIPOCA";"NE_0001";"";"NE_0001";"NE_0001";"NE_0001";"NE_0001";"NE_0001";"NE_0001";"NE_0001"
"2023";"03";"250301";"UCAYALI";"PADRE ABAD";"PADRE ABAD";"GOBIERNO REGIONAL";"I-2";"00005399";"BOQUERON";"NE_0001";"";"NE_0001";"NE_0001";"NE_0001";"NE_0001";"NE_0001";"NE_0001";"NE_0001"
"2023";"03";"250301";"UCAYALI";"PADRE ABAD";"PADRE ABAD";"GOBIERNO REGIONAL";"I-1";"00005398";"ALTO AGUAYTIA.";"NE_0001";"";"NE_0001";"NE_0001";"NE_0001";"NE_0001";"NE_0001";"NE_0001";"NE_0001"
"2023";"03";"250301";"UCAYALI";"PADRE ABAD";"PADRE ABAD";"GOBIERNO REGIONAL";"I-1";"00005397";"3 DE OCTUBRE";"NE_0001";"";"NE_0001";"NE_0001";"NE_0001";"NE_0001";"NE_0001";"NE_0001";"NE_0001"
"2023";"03";"250301";"UCAYALI";"PADRE ABAD";"PADRE ABAD";"GOBIERNO REGIONAL";"I-4";"00005395";"AGUAYTIA";"NE_0002";"";"NE_0002";"NE_0002";"NE_0002";"NE_0002";"NE_0002";"NE_0002";"NE_0002"
"2023";"03";"250102";"UCAYALI";"CORONEL PORTILLO";"CAMPOVERDE";"GOBIERNO REGIONAL";"I-1";"00025879";"PUESTO DE SALUD AMAKELLA";"NE_0001";"";"NE_0001";"NE_0001";"NE_0001";"NE_0001";"NE_0001";"NE_0001";"NE_0001"
"2023";"03";"250102";"UCAYALI";"CORONEL PORTILLO";"CAMPOVERDE";"GOBIERNO REGIONAL";"I-1";"00021550";"ALTO 9 DE FEBRERO";"NE_0001";"";"NE_0001";"NE_0001";"NE_0001";"NE_0001";"NE_0001";"NE_0001";"NE_0001"
"2023";"03";"250102";"UCAYALI";"CORONEL PORTILLO";"CAMPOVERDE";"GOBIERNO REGIONAL";"I-1";"00012260";"TIERRA BUENA";"NE_0001";"";"NE_0001";"NE_0001";"NE_0001";"NE_0001";"NE_0001";"NE_0001";"NE_0001"
"2023";"03";"250102";"UCAYALI";"CORONEL PORTILLO";"CAMPOVERDE";"GOBIERNO REGIONAL";"I-1";"00011909";"NUEVA TUNUYA";"NE_0001";"";"NE_0001";"NE_0001";"NE_0001";"NE_0001";"NE_0001";"NE_0001";"NE_0001"
"2023";"03";"250102";"UCAYALI";"CORONEL PORTILLO";"CAMPOVERDE";"GOBIERNO REGIONAL";"I-1";"00011626";"NUEVA ESPERANZA";"NE_0001";"";"NE_0001";"NE_0001";"NE_0001";"NE_0001";"NE_0001";"NE_0001";"NE_0001"
"2023";"03";"250102";"UCAYALI";"CORONEL PORTILLO";"CAMPOVERDE";"GOBIERNO REGIONAL";"I-2";"00007081";"LA MERCED DE NESHUYA";"NE_0001";"";"NE_0001";"NE_0001";"NE_0001";"NE_0001";"NE_0001";"NE_0001";"NE_0001"
"2023";"03";"250102";"UCAYALI";"CORONEL PORTILLO";"CAMPOVERDE";"GOBIERNO REGIONAL";"I-1";"00007080";"YERBAS BUENAS";"NE_0001";"";"NE_0001";"NE_0001";"NE_0001";"NE_0001";"NE_0001";"NE_0001";"NE_0001"
"2023";"04";"080904";"CUSCO";"LA CONVENCION";"MARANURA";"GOBIERNO REGIONAL";"I-2";"00002460";"SANTA MARIA";"NE_0001";"";"NE_0001";"NE_0001";"NE_0001";"NE_0001";"NE_0001";"NE_0001";"NE_0001"
"2023";"04";"080908";"CUSCO";"LA CONVENCION";"SANTA TERESA";"GOBIERNO REGIONAL";"I-4";"00002476";"SANTA TERESA";"NE_0001";"";"NE_0001";"NE_0001";"NE_0001";"NE_0001";"NE_0001";"NE_0001";"NE_0001"
"2023";"04";"080903";"CUSCO";"LA CONVENCION";"HUAYOPATA";"GOBIERNO REGIONAL";"I-3";"00002453";"HUYRO";"NE_0001";"";"NE_0001";"NE_0001";"NE_0001";"NE_0001";"NE_0001";"NE_0001";"NE_0001"
"2023";"04";"080908";"CUSCO";"LA CONVENCION";"SANTA TERESA";"GOBIERNO REGIONAL";"I-1";"00002478";"TOTORA";"NE_0001";"";"NE_0001";"NE_0001";"NE_0001";"NE_0001";"NE_0001";"NE_0001";"NE_0001"
"2023";"04";"080903";"CUSCO";"LA CONVENCION";"HUAYOPATA";"GOBIERNO REGIONAL";"I-1";"00002454";"ALFAMAYO";"NE_0001";"";"NE_0001";"NE_0001";"NE_0001";"NE_0001";"NE_0001";"NE_0001";"NE_0001"
"2023";"04";"080903";"CUSCO";"LA CONVENCION";"HUAYOPATA";"GOBIERNO REGIONAL";"I-2";"00002456";"AMAYBAMBA";"NE_0001";"";"NE_0001";"NE_0001";"NE_0001";"NE_0001";"NE_0001";"NE_0001";"NE_0001"
"2023";"04";"080904";"CUSCO";"LA CONVENCION";"MARANURA";"GOBIERNO REGIONAL";"I-1";"00002461";"UCHUMAYO";"NE_0001";"";"NE_0001";"NE_0001";"NE_0001";"NE_0001";"NE_0001";"NE_0001";"NE_0001"
"2023";"04";"080903";"CUSCO";"LA CONVENCION";"HUAYOPATA";"GOBIERNO REGIONAL";"I-1";"00002455";"HUAYOPATA";"NE_0001";"";"NE_0001";"NE_0001";"NE_0001";"NE_0001";"NE_0001";"NE_0001";"NE_0001"
"2023";"04";"080908";"CUSCO";"LA CONVENCION";"SANTA TERESA";"GOBIERNO REGIONAL";"I-2";"00002477";"SULLUCUYOC";"NE_0001";"";"NE_0001";"NE_0001";"NE_0001";"NE_0001";"NE_0001";"NE_0001";"NE_0001"
"2023";"04";"080903";"CUSCO";"LA CONVENCION";"HUAYOPATA";"GOBIERNO REGIONAL";"I-1";"00002457";"SAN PABLO HUAYOPATA";"NE_0001";"";"NE_0001";"NE_0001";"NE_0001";"NE_0001";"NE_0001";"NE_0001";"NE_0001"
"2023";"04";"080904";"CUSCO";"LA CONVENCION";"MARANURA";"GOBIERNO REGIONAL";"I-4";"00002458";"MARANURA";"NE_0001";"";"NE_0001";"NE_0001";"NE_0001";"NE_0001";"NE_0001";"NE_0001";"NE_0001"
"2023";"03";"150131";"LIMA";"LIMA";"SAN ISIDRO";"PRIVADO";"I-4";"00008389";"IPOR: INSTITUTO PERUANO DE ONCOLOGIA & RADIOTERAPIA";"NE_0001";"";"NE_0001";"NE_0001";"NE_0001";"NE_0001";"NE_0001";"NE_0001";"NE_0001"
"2023";"04";"021909";"ANCASH";"SIHUAS";"SAN JUAN";"GOBIERNO REGIONAL";"I-2";"00001808";"PUESTO DE SALUD SAN JUAN CHULLIN";"NE_0002";"";"NE_0002";"NE_0002";"NE_0002";"NE_0002";"NE_0002";"NE_0002";"NE_0002"
"2023";"04";"021904";"ANCASH";"SIHUAS";"CASHAPAMPA";"GOBIERNO REGIONAL";"I-1";"00001798";"PUESTO DE SALUD PASACANCHA";"NE_0002";"";"NE_0002";"NE_0002";"NE_0002";"NE_0002";"NE_0002";"NE_0002";"NE_0002"
"2023";"04";"021909";"ANCASH";"SIHUAS";"SAN JUAN";"GOBIERNO REGIONAL";"I-2";"00001809";"PUESTO DE SALUD ANDAYMAYO";"NE_0002";"";"NE_0002";"NE_0002";"NE_0002";"NE_0002";"NE_0002";"NE_0002";"NE_0002"
"2023";"04";"021909";"ANCASH";"SIHUAS";"SAN JUAN";"GOBIERNO REGIONAL";"I-1";"00001810";"PUESTO DE SALUD CHINCHOBAMBA";"NE_0002";"";"NE_0002";"NE_0002";"NE_0002";"NE_0002";"NE_0002";"NE_0002";"NE_0002"
"2023";"04";"021904";"ANCASH";"SIHUAS";"CASHAPAMPA";"GOBIERNO REGIONAL";"I-1";"00001797";"PUESTO DE SALUD CASHAPAMPA";"NE_0002";"";"NE_0002";"NE_0002";"NE_0002";"NE_0002";"NE_0002";"NE_0002";"NE_0002"
"2023";"04";"021906";"ANCASH";"SIHUAS";"HUAYLLABAMBA";"GOBIERNO REGIONAL";"I-1";"00001804";"PUESTO DE SALUD PIRPO";"NE_0002";"";"NE_0002";"NE_0002";"NE_0002";"NE_0002";"NE_0002";"NE_0002";"NE_0002"
"2023";"04";"021906";"ANCASH";"SIHUAS";"HUAYLLABAMBA";"GOBIERNO REGIONAL";"I-2";"00001803";"PUESTO DE SALUD SANTA CLARA";"NE_0002";"";"NE_0002";"NE_0002";"NE_0002";"NE_0002";"NE_0002";"NE_0002";"NE_0002"
"2023";"04";"021909";"ANCASH";"SIHUAS";"SAN JUAN";"GOBIERNO REGIONAL";"I-1";"00007449";"PUESTO DE SALUD PARIASHPAMPA";"NE_0002";"";"NE_0002";"NE_0002";"NE_0002";"NE_0002";"NE_0002";"NE_0002";"NE_0002"
"2023";"04";"021908";"ANCASH";"SIHUAS";"RAGASH";"GOBIERNO REGIONAL";"I-1";"00001796";"PUESTO DE SALUD RAGASH";"NE_0002";"";"NE_0002";"NE_0002";"NE_0002";"NE_0002";"NE_0002";"NE_0002";"NE_0002"
"2023";"04";"021910";"ANCASH";"SIHUAS";"SICSIBAMBA";"GOBIERNO REGIONAL";"I-2";"00001811";"PUESTO DE SALUD SICSIBAMBA";"NE_0002";"";"NE_0002";"NE_0002";"NE_0002";"NE_0002";"NE_0002";"NE_0002";"NE_0002"
"2023";"04";"021910";"ANCASH";"SIHUAS";"SICSIBAMBA";"GOBIERNO REGIONAL";"I-1";"00001812";"PUESTO DE SALUD UMBE";"NE_0002";"";"NE_0002";"NE_0002";"NE_0002";"NE_0002";"NE_0002";"NE_0002";"NE_0002"
"2023";"04";"021901";"ANCASH";"SIHUAS";"SIHUAS";"GOBIERNO REGIONAL";"I-1";"00009731";"PUESTO DE SALUD SAURAPA";"NE_0002";"";"NE_0002";"NE_0002";"NE_0002";"NE_0002";"NE_0002";"NE_0002";"NE_0002"
"2023";"04";"021906";"ANCASH";"SIHUAS";"HUAYLLABAMBA";"GOBIERNO REGIONAL";"I-3";"00001802";"CENTRO DE SALUD HUAYLLABAMBA";"NE_0002";"";"NE_0002";"NE_0002";"NE_0002";"NE_0002";"NE_0002";"NE_0002";"NE_0002"
"2023";"04";"021908";"ANCASH";"SIHUAS";"RAGASH";"GOBIERNO REGIONAL";"I-1";"00009734";"PUESTO DE SALUD QUINGAO";"NE_0002";"";"NE_0002";"NE_0002";"NE_0002";"NE_0002";"NE_0002";"NE_0002";"NE_0002"
"2023";"04";"240101";"TUMBES";"TUMBES";"TUMBES";"GOBIERNO REGIONAL";"II-2";"00017077";"HOSPITAL REGIONAL JOSE ALFREDO MENDOZA OLAVARRIA JAMO II-2";"240100";"HOSPITALIZACIÓN QUIRÚRGICA CIRUGÍA GENERAL ";"129";"149";"807";"680";"30";"900";"0"
"2023";"04";"240101";"TUMBES";"TUMBES";"TUMBES";"GOBIERNO REGIONAL";"II-2";"00017077";"HOSPITAL REGIONAL JOSE ALFREDO MENDOZA OLAVARRIA JAMO II-2";"241800";"HOSPITALIZACIÓN DE MEDICINA MEDICINA GENERAL ";"22";"45";"524";"481";"22";"660";"8"
"2023";"04";"240101";"TUMBES";"TUMBES";"TUMBES";"GOBIERNO REGIONAL";"II-2";"00017077";"HOSPITAL REGIONAL JOSE ALFREDO MENDOZA OLAVARRIA JAMO II-2";"242500";"HOSPITALIZACIÓN-PEDIATRÍA GENERAL-";"56";"65";"316";"259";"12";"360";"0"
"2023";"04";"240101";"TUMBES";"TUMBES";"TUMBES";"GOBIERNO REGIONAL";"II-2";"00017077";"HOSPITAL REGIONAL JOSE ALFREDO MENDOZA OLAVARRIA JAMO II-2";"243200";"HOSPITALIZACIÓN DE PEDIATRÍA PEDIATRIA NEONATOLOGÍA";"26";"33";"200";"135";"5";"150";"0"
"2023";"04";"240101";"TUMBES";"TUMBES";"TUMBES";"GOBIERNO REGIONAL";"II-2";"00017077";"HOSPITAL REGIONAL JOSE ALFREDO MENDOZA OLAVARRIA JAMO II-2";"250103";"UNIDAD DE CUIDADOS CRITICOS UNIDAD  DE CUIDADOS INTENSIVOS GENERALES  (UCI) MEDICINA";"18";"25";"190";"165";"6";"180";"15"
"2023";"04";"240101";"TUMBES";"TUMBES";"TUMBES";"GOBIERNO REGIONAL";"II-2";"00017077";"HOSPITAL REGIONAL JOSE ALFREDO MENDOZA OLAVARRIA JAMO II-2";"250105";"UNIDAD DE CUIDADOS CRITICOS UNIDAD  DE CUIDADOS INTENSIVOS  (UCI) NEONATOLOGÍA";"2";"3";"24";"21";"4";"120";"1"
"2023";"04";"240101";"TUMBES";"TUMBES";"TUMBES";"GOBIERNO REGIONAL";"II-2";"00017077";"HOSPITAL REGIONAL JOSE ALFREDO MENDOZA OLAVARRIA JAMO II-2";"241400";"HOSPITALIZACIÓN QUIRÚRGICA GINECO - OBSTETRICIA ";"306";"331";"728";"521";"30";"900";"0"
"2023";"04";"060601";"CAJAMARCA";"CUTERVO";"CUTERVO";"GOBIERNO REGIONAL";"I-3";"00028745";"CENTRO DE SALUD MENTAL COMUNITARIO PLENITUD";"NE_0001";"";"NE_0001";"NE_0001";"NE_0001";"NE_0001";"NE_0001";"NE_0001";"NE_0001"
"2023";"04";"060301";"CAJAMARCA";"CELENDIN";"CELENDIN";"GOBIERNO REGIONAL";"II-1";"00004466";"DE APOYO CELENDIN";"241800";"HOSPITALIZACIÓN DE MEDICINA MEDICINA GENERAL ";"112";"106";"283";"284";"27";"810";"2"
"2023";"04";"150122";"LIMA";"LIMA";"MIRAFLORES";"ESSALUD";"I-3";"00009148";"POLICLINICO SANTA CRUZ";"NE_0001";"";"NE_0001";"NE_0001";"NE_0001";"NE_0001";"NE_0001";"NE_0001";"NE_0001"
"2023";"05";"130111";"LA LIBERTAD";"TRUJILLO";"VICTOR LARCO HERRERA";"PRIVADO";"II-1";"00010581";"SANNA/SANCHEZ FERRER S.A.";"241900";"HOSPITALIZACIÓN DE MEDICINA MEDICINA INTERNA ";"37";"36";"133";"169";"8";"205";"4"
"2023";"05";"130111";"LA LIBERTAD";"TRUJILLO";"VICTOR LARCO HERRERA";"PRIVADO";"II-1";"00010581";"SANNA/SANCHEZ FERRER S.A.";"241400";"HOSPITALIZACIÓN QUIRÚRGICA GINECO - OBSTETRICIA ";"55";"60";"89";"149";"5";"209";"0"
"2023";"05";"130111";"LA LIBERTAD";"TRUJILLO";"VICTOR LARCO HERRERA";"PRIVADO";"II-1";"00010581";"SANNA/SANCHEZ FERRER S.A.";"242300";"HOSPITALIZACIÓN DE PEDIATRÍA  PEDIATRÍA  GENERAL ";"40";"36";"141";"177";"5";"213";"0"
"2023";"05";"130111";"LA LIBERTAD";"TRUJILLO";"VICTOR LARCO HERRERA";"PRIVADO";"II-1";"00010581";"SANNA/SANCHEZ FERRER S.A.";"240100";"HOSPITALIZACIÓN QUIRÚRGICA CIRUGÍA GENERAL ";"68";"66";"85";"151";"4";"217";"0"
"2023";"05";"130111";"LA LIBERTAD";"TRUJILLO";"VICTOR LARCO HERRERA";"PRIVADO";"II-1";"00010581";"SANNA/SANCHEZ FERRER S.A.";"241200";"HOSPITALIZACIÓN QUIRÚRGICA TRAUMATOLOGÍA Y ORTOPEDIA ";"57";"60";"111";"171";"5";"231";"0"
"2023";"05";"130111";"LA LIBERTAD";"TRUJILLO";"VICTOR LARCO HERRERA";"PRIVADO";"II-1";"00010581";"SANNA/SANCHEZ FERRER S.A.";"240900";"HOSPITALIZACIÓN QUIRÚRGICA NEUROCIRUGÍA ";"13";"13";"26";"39";"1";"52";"0"
"2023";"05";"130111";"LA LIBERTAD";"TRUJILLO";"VICTOR LARCO HERRERA";"PRIVADO";"II-1";"00010581";"SANNA/SANCHEZ FERRER S.A.";"244300";"HOSPITALIZACIÓN DE MEDICINA GASTROENTEROLOGÍA  ";"6";"8";"18";"26";"1";"34";"0"
"2023";"05";"130111";"LA LIBERTAD";"TRUJILLO";"VICTOR LARCO HERRERA";"PRIVADO";"II-1";"00010581";"SANNA/SANCHEZ FERRER S.A.";"241300";"HOSPITALIZACIÓN QUIRÚRGICA UROLOGÍA  ";"8";"8";"15";"23";"1";"31";"0"
"2023";"05";"130111";"LA LIBERTAD";"TRUJILLO";"VICTOR LARCO HERRERA";"PRIVADO";"II-1";"00010581";"SANNA/SANCHEZ FERRER S.A.";"240200";"HOSPITALIZACIÓN QUIRÚRGICA CIRUGÍA DE CABEZA Y CUELLO / MÁXILO FACIAL ";"4";"4";"8";"12";"1";"16";"0"
"2023";"05";"130111";"LA LIBERTAD";"TRUJILLO";"VICTOR LARCO HERRERA";"PRIVADO";"II-1";"00010581";"SANNA/SANCHEZ FERRER S.A.";"240800";"HOSPITALIZACIÓN QUIRÚRGICA CIRUGÍA PLÁSTICA/RECONSTRUCTIVA/ REPARADORA ";"3";"4";"16";"20";"1";"24";"0"
"2023";"05";"130111";"LA LIBERTAD";"TRUJILLO";"VICTOR LARCO HERRERA";"PRIVADO";"II-1";"00010581";"SANNA/SANCHEZ FERRER S.A.";"242100";"HOSPITALIZACIÓN DE MEDICINA ONCOLOGÍA MÉDICA ";"7";"6";"12";"18";"1";"24";"0"
"2023";"05";"130111";"LA LIBERTAD";"TRUJILLO";"VICTOR LARCO HERRERA";"PRIVADO";"II-1";"00010581";"SANNA/SANCHEZ FERRER S.A.";"241100";"HOSPITALIZACIÓN QUIRÚRGICA OTORRINOLARINGOLOGÍA  ";"3";"3";"4";"7";"1";"10";"0"
"2023";"05";"130111";"LA LIBERTAD";"TRUJILLO";"VICTOR LARCO HERRERA";"PRIVADO";"II-1";"00010581";"SANNA/SANCHEZ FERRER S.A.";"244700";"HOSPITALIZACIÓN DE MEDICINA NEUROLOGIA  ";"2";"3";"14";"17";"1";"20";"0"
"2023";"05";"130111";"LA LIBERTAD";"TRUJILLO";"VICTOR LARCO HERRERA";"PRIVADO";"II-1";"00010581";"SANNA/SANCHEZ FERRER S.A.";"240000";"HOSPITALIZACIÓN";"2";"1";"5";"6";"1";"7";"0"
"2023";"05";"130111";"LA LIBERTAD";"TRUJILLO";"VICTOR LARCO HERRERA";"PRIVADO";"II-1";"00010581";"SANNA/SANCHEZ FERRER S.A.";"240700";"HOSPITALIZACIÓN QUIRÚRGICA CIRUGÍA PEDIÁTRICA ";"1";"1";"3";"4";"1";"5";"0"
"2023";"05";"080601";"CUSCO";"CANCHIS";"SICUANI";"GOBIERNO REGIONAL";"II-1";"00002378";"SICUANI";"240100";"HOSPITALIZACIÓN QUIRÚRGICA CIRUGÍA GENERAL ";"64";"76";"401";"449";"19";"589";"1"
"2023";"05";"080601";"CUSCO";"CANCHIS";"SICUANI";"GOBIERNO REGIONAL";"II-1";"00002378";"SICUANI";"241500";"HOSPITALIZACIÓN QUIRÚRGICA GINECOLOGÍA  ";"19";"22";"68";"79";"7";"217";"0"
"2023";"05";"080601";"CUSCO";"CANCHIS";"SICUANI";"GOBIERNO REGIONAL";"II-1";"00002378";"SICUANI";"241600";"HOSPITALIZACIÓN QUIRÚRGICA OBSTETRICIA   ";"89";"96";"256";"314";"17";"527";"0"
"2023";"05";"080601";"CUSCO";"CANCHIS";"SICUANI";"GOBIERNO REGIONAL";"II-1";"00002378";"SICUANI";"241800";"HOSPITALIZACIÓN DE MEDICINA MEDICINA GENERAL ";"40";"45";"280";"298";"17";"527";"4"
"2023";"05";"080601";"CUSCO";"CANCHIS";"SICUANI";"GOBIERNO REGIONAL";"II-1";"00002378";"SICUANI";"242500";"HOSPITALIZACIÓN-PEDIATRÍA GENERAL-";"42";"43";"200";"67";"16";"496";"1"
"2023";"05";"080601";"CUSCO";"CANCHIS";"SICUANI";"GOBIERNO REGIONAL";"II-1";"00002378";"SICUANI";"243200";"HOSPITALIZACIÓN DE PEDIATRÍA PEDIATRIA NEONATOLOGÍA";"12";"13";"64";"127";"7";"217";"0"
"2023";"05";"211101";"PUNO";"SAN ROMAN";"JULIACA";"PRIVADO";"II-E";"00020181";"CLINICA INTERNACIONAL NACER";"241600";"HOSPITALIZACIÓN QUIRÚRGICA OBSTETRICIA   ";"58";"58";"97";"58";"10";"203";"0"
"2023";"05";"040603";"AREQUIPA";"CONDESUYOS";"CAYARANI";"GOBIERNO REGIONAL";"I-3";"00001440";"CENTRO DE SALUD CAYARANI";"NE_0001";"";"NE_0001";"NE_0001";"NE_0001";"NE_0001";"NE_0001";"NE_0001";"NE_0001"
"2023";"05";"040404";"AREQUIPA";"CASTILLA";"CHACHAS";"GOBIERNO REGIONAL";"I-2";"00001442";"PUESTO DE SALUD TOLCONI";"NE_0001";"";"NE_0001";"NE_0001";"NE_0001";"NE_0001";"NE_0001";"NE_0001";"NE_0001"
"2023";"05";"040505";"AREQUIPA";"CAYLLOMA";"CAYLLOMA";"GOBIERNO REGIONAL";"I-3";"00001422";"CENTRO DE SALUD CAYLLOMA";"NE_0001";"";"NE_0001";"NE_0001";"NE_0001";"NE_0001";"NE_0001";"NE_0001";"NE_0001"
"2023";"05";"040603";"AREQUIPA";"CONDESUYOS";"CAYARANI";"GOBIERNO REGIONAL";"I-2";"00007407";"PUESTO DE SALUD ARCATA";"NE_0001";"";"NE_0001";"NE_0001";"NE_0001";"NE_0001";"NE_0001";"NE_0001";"NE_0001"
"2023";"05";"040505";"AREQUIPA";"CAYLLOMA";"CAYLLOMA";"GOBIERNO REGIONAL";"I-2";"00001418";"PUESTO DE SALUD JACHAÑA";"NE_0001";"";"NE_0001";"NE_0001";"NE_0001";"NE_0001";"NE_0001";"NE_0001";"NE_0001"
"2023";"06";"150113";"LIMA";"LIMA";"JESUS MARIA";"PRIVADO";"II-E";"00010669";"CLÍNICA PERUANA DE LA VISION";"NE_0001";"";"NE_0001";"NE_0001";"NE_0001";"NE_0001";"NE_0001";"NE_0001";"NE_0001"
"2023";"06";"040126";"AREQUIPA";"AREQUIPA";"YANAHUARA";"PRIVADO";"II-E";"00018935";"CEFERGIN";"241400";"HOSPITALIZACIÓN QUIRÚRGICA GINECO - OBSTETRICIA ";"13";"13";"13";"13";"2";"47";"0"
"2023";"06";"060806";"CAJAMARCA";"JAEN";"LAS PIRIAS";"GOBIERNO REGIONAL";"I-1";"00004246";"RUMIBAMBA";"NE_0001";"";"NE_0001";"NE_0001";"NE_0001";"NE_0001";"NE_0001";"NE_0001";"NE_0001"
"2023";"06";"130207";"LA LIBERTAD";"ASCOPE";"SANTIAGO DE CAO";"ESSALUD";"I-2";"00012114";"POSTA DE SALUD SANTIAGO DE CAO";"NE_0001";"";"NE_0001";"NE_0001";"NE_0001";"NE_0001";"NE_0001";"NE_0001";"NE_0001"
"2023";"06";"040501";"AREQUIPA";"CAYLLOMA";"CHIVAY";"ESSALUD";"I-2";"00013292";"POSTA MEDICA CHIVAY";"NE_0001";"";"NE_0001";"NE_0001";"NE_0001";"NE_0001";"NE_0001";"NE_0001";"NE_0001"
"2023";"06";"200601";"PIURA";"SULLANA";"SULLANA";"GOBIERNO REGIONAL";"II-2";"00001910";"HOSPITAL DE APOYO II - 2 SULLANA";"241900";"HOSPITALIZACIÓN DE MEDICINA MEDICINA INTERNA ";"64";"68";"776";"771";"29";"870";"4"
"2023";"06";"200601";"PIURA";"SULLANA";"SULLANA";"GOBIERNO REGIONAL";"II-2";"00001910";"HOSPITAL DE APOYO II - 2 SULLANA";"244000";"HOSPITALIZACIÓN DE MEDICINA CARDIOLOGIA ";"12";"13";"103";"101";"6";"180";"0"
"2023";"06";"200601";"PIURA";"SULLANA";"SULLANA";"GOBIERNO REGIONAL";"II-2";"00001910";"HOSPITAL DE APOYO II - 2 SULLANA";"240100";"HOSPITALIZACIÓN QUIRÚRGICA CIRUGÍA GENERAL ";"124";"123";"627";"616";"20";"643";"0"
"2023";"06";"200601";"PIURA";"SULLANA";"SULLANA";"GOBIERNO REGIONAL";"II-2";"00001910";"HOSPITAL DE APOYO II - 2 SULLANA";"240700";"HOSPITALIZACIÓN QUIRÚRGICA CIRUGÍA PEDIÁTRICA ";"39";"38";"126";"145";"6";"180";"0"
"2023";"06";"200601";"PIURA";"SULLANA";"SULLANA";"GOBIERNO REGIONAL";"II-2";"00001910";"HOSPITAL DE APOYO II - 2 SULLANA";"241200";"HOSPITALIZACIÓN QUIRÚRGICA TRAUMATOLOGÍA Y ORTOPEDIA ";"5";"3";"24";"64";"6";"137";"0"
"2023";"06";"200601";"PIURA";"SULLANA";"SULLANA";"GOBIERNO REGIONAL";"II-2";"00001910";"HOSPITAL DE APOYO II - 2 SULLANA";"243200";"HOSPITALIZACIÓN DE PEDIATRÍA PEDIATRIA NEONATOLOGÍA";"27";"54";"601";"284";"18";"540";"0"
"2023";"06";"200601";"PIURA";"SULLANA";"SULLANA";"GOBIERNO REGIONAL";"II-2";"00001910";"HOSPITAL DE APOYO II - 2 SULLANA";"250105";"UNIDAD DE CUIDADOS CRITICOS UNIDAD  DE CUIDADOS INTENSIVOS  (UCI) NEONATOLOGÍA";"26";"5";"72";"208";"12";"360";"3"
"2023";"06";"200601";"PIURA";"SULLANA";"SULLANA";"GOBIERNO REGIONAL";"II-2";"00001910";"HOSPITAL DE APOYO II - 2 SULLANA";"242300";"HOSPITALIZACIÓN DE PEDIATRÍA  PEDIATRÍA  GENERAL ";"101";"101";"412";"389";"16";"480";"2"
"2023";"06";"200601";"PIURA";"SULLANA";"SULLANA";"GOBIERNO REGIONAL";"II-2";"00001910";"HOSPITAL DE APOYO II - 2 SULLANA";"241500";"HOSPITALIZACIÓN QUIRÚRGICA GINECOLOGÍA  ";"21";"19";"78";"75";"6";"179";"0"
"2023";"06";"200601";"PIURA";"SULLANA";"SULLANA";"GOBIERNO REGIONAL";"II-2";"00001910";"HOSPITAL DE APOYO II - 2 SULLANA";"241600";"HOSPITALIZACIÓN QUIRÚRGICA OBSTETRICIA   ";"336";"362";"1250";"896";"38";"1141";"0"
"2023";"06";"200601";"PIURA";"SULLANA";"SULLANA";"GOBIERNO REGIONAL";"II-2";"00001910";"HOSPITAL DE APOYO II - 2 SULLANA";"250100";"UNIDAD DE CUIDADOS CRITICOS UNIDAD  DE CUIDADOS INTENSIVOS GENERALES (UCI) ";"28";"12";"239";"442";"15";"450";"8"
"2023";"06";"150122";"LIMA";"LIMA";"MIRAFLORES";"PRIVADO";"II-E";"00011849";"CLINICA MIRAFLORES SAC";"240000";"HOSPITALIZACIÓN";"16";"17";"37";"52";"10";"300";"0"
"2023";"06";"150122";"LIMA";"LIMA";"MIRAFLORES";"PRIVADO";"II-E";"00011849";"CLINICA MIRAFLORES SAC";"250200";"UNIDAD DE CUIDADOS CRITICOS UNIDAD DE CUIDADOS INTERMEDIOS GENERAL  (UCIN) ";"1";"1";"2";"2";"1";"30";"0"
"2023";"06";"150122";"LIMA";"LIMA";"MIRAFLORES";"PRIVADO";"II-E";"00011849";"CLINICA MIRAFLORES SAC";"243200";"HOSPITALIZACIÓN DE PEDIATRÍA PEDIATRIA NEONATOLOGÍA";"4";"5";"13";"14";"3";"90";"0"
"2023";"06";"050401";"AYACUCHO";"HUANTA";"HUANTA";"GOBIERNO REGIONAL";"II-1";"00003655";"HOSPITAL DE APOYO DE HUANTA ""DANIEL ALCIDES CARRIÓN""";"241800";"HOSPITALIZACIÓN DE MEDICINA MEDICINA GENERAL ";"18";"16";"123";"124";"18";"367";"1"
"2023";"06";"050401";"AYACUCHO";"HUANTA";"HUANTA";"GOBIERNO REGIONAL";"II-1";"00003655";"HOSPITAL DE APOYO DE HUANTA ""DANIEL ALCIDES CARRIÓN""";"240100";"HOSPITALIZACIÓN QUIRÚRGICA CIRUGÍA GENERAL ";"28";"27";"84";"99";"14";"362";"0"
"2023";"06";"050401";"AYACUCHO";"HUANTA";"HUANTA";"GOBIERNO REGIONAL";"II-1";"00003655";"HOSPITAL DE APOYO DE HUANTA ""DANIEL ALCIDES CARRIÓN""";"242500";"HOSPITALIZACIÓN-PEDIATRÍA GENERAL-";"7";"7";"17";"20";"10";"300";"1"
"2023";"06";"050401";"AYACUCHO";"HUANTA";"HUANTA";"GOBIERNO REGIONAL";"II-1";"00003655";"HOSPITAL DE APOYO DE HUANTA ""DANIEL ALCIDES CARRIÓN""";"241500";"HOSPITALIZACIÓN QUIRÚRGICA GINECOLOGÍA  ";"29";"26";"46";"53";"6";"243";"0"
"2023";"07";"100605";"HUANUCO";"LEONCIO PRADO";"LUYANDO";"GOBIERNO REGIONAL";"II-1";"00000932";"HOSPITAL DE TINGO MARIA (HOSPITAL DE CONTINGENCIA)";"241800";"HOSPITALIZACIÓN DE MEDICINA MEDICINA GENERAL ";"69";"75";"653";"473";"10";"489";"10"
"2023";"07";"100605";"HUANUCO";"LEONCIO PRADO";"LUYANDO";"GOBIERNO REGIONAL";"II-1";"00000932";"HOSPITAL DE TINGO MARIA (HOSPITAL DE CONTINGENCIA)";"240100";"HOSPITALIZACIÓN QUIRÚRGICA CIRUGÍA GENERAL ";"64";"58";"352";"425";"16";"494";"0"
"2023";"07";"100605";"HUANUCO";"LEONCIO PRADO";"LUYANDO";"GOBIERNO REGIONAL";"II-1";"00000932";"HOSPITAL DE TINGO MARIA (HOSPITAL DE CONTINGENCIA)";"243200";"HOSPITALIZACIÓN DE PEDIATRÍA PEDIATRIA NEONATOLOGÍA";"18";"20";"114";"82";"10";"310";"1"
"2023";"07";"100605";"HUANUCO";"LEONCIO PRADO";"LUYANDO";"GOBIERNO REGIONAL";"II-1";"00000932";"HOSPITAL DE TINGO MARIA (HOSPITAL DE CONTINGENCIA)";"242500";"HOSPITALIZACIÓN-PEDIATRÍA GENERAL-";"21";"24";"132";"121";"8";"249";"0"
"2023";"07";"100605";"HUANUCO";"LEONCIO PRADO";"LUYANDO";"GOBIERNO REGIONAL";"II-1";"00000932";"HOSPITAL DE TINGO MARIA (HOSPITAL DE CONTINGENCIA)";"241400";"HOSPITALIZACIÓN QUIRÚRGICA GINECO - OBSTETRICIA ";"295";"233";"534";"564";"25";"795";"0"
"2023";"07";"100605";"HUANUCO";"LEONCIO PRADO";"LUYANDO";"GOBIERNO REGIONAL";"II-1";"00000932";"HOSPITAL DE TINGO MARIA (HOSPITAL DE CONTINGENCIA)";"250304";"HOSPIT. EN UNIDAD DE CUID.INTEN.-UNIDAD DE VIGILANCIA INTENSIVA (UVI)-MEDICINA";"10";"3";"41";"128";"6";"186";"2"
"2023";"07";"100605";"HUANUCO";"LEONCIO PRADO";"LUYANDO";"GOBIERNO REGIONAL";"II-1";"00000932";"HOSPITAL DE TINGO MARIA (HOSPITAL DE CONTINGENCIA)";"242205";"HOSPITALIZACIÓN MEDICINA PSIQUIATRÍA PISIQUIATRIA/ SALUD MENTAL Y ADICCIONES";"19";"16";"279";"243";"10";"300";"0"
"2023";"07";"150101";"LIMA";"LIMA";"LIMA";"PRIVADO";"I-2";"00018921";"ARIE";"NE_0002";"";"NE_0002";"NE_0002";"NE_0002";"NE_0002";"NE_0002";"NE_0002";"NE_0002"
"2023";"07";"211101";"PUNO";"SAN ROMAN";"JULIACA";"PRIVADO";"II-1";"00010815";"CLINICA ADVENTISTA AMERICANA DE JULIACA";"240000";"HOSPITALIZACIÓN";"186";"184";"667";"709";"39";"1211";"3"
"2023";"07";"110201";"ICA";"CHINCHA";"CHINCHA ALTA";"GOBIERNO REGIONAL";"II-1";"00003414";"HOSPITAL SAN JOSE DE CHINCHA";"240100";"HOSPITALIZACIÓN QUIRÚRGICA CIRUGÍA GENERAL ";"87";"87";"411";"409";"32";"960";"0"
"2023";"07";"110201";"ICA";"CHINCHA";"CHINCHA ALTA";"GOBIERNO REGIONAL";"II-1";"00003414";"HOSPITAL SAN JOSE DE CHINCHA";"241400";"HOSPITALIZACIÓN QUIRÚRGICA GINECO - OBSTETRICIA ";"221";"221";"453";"452";"40";"1200";"0"
"2023";"07";"110201";"ICA";"CHINCHA";"CHINCHA ALTA";"GOBIERNO REGIONAL";"II-1";"00003414";"HOSPITAL SAN JOSE DE CHINCHA";"241800";"HOSPITALIZACIÓN DE MEDICINA MEDICINA GENERAL ";"122";"122";"716";"713";"68";"2040";"16"
"2023";"07";"110201";"ICA";"CHINCHA";"CHINCHA ALTA";"GOBIERNO REGIONAL";"II-1";"00003414";"HOSPITAL SAN JOSE DE CHINCHA";"242500";"HOSPITALIZACIÓN-PEDIATRÍA GENERAL-";"114";"114";"318";"317";"14";"420";"3"
"2023";"07";"150110";"LIMA";"LIMA";"COMAS";"PRIVADO";"II-1";"00008519";"CLINICA UNIVERSITARIA";"240000";"HOSPITALIZACIÓN";"262";"245";"446";"289";"25";"453";"0"
"2023";"07";"040608";"AREQUIPA";"CONDESUYOS";"YANAQUIHUA";"GOBIERNO REGIONAL";"I-2";"00001414";"PUESTO DE SALUD ISPACAS";"NE_0001";"";"NE_0001";"NE_0001";"NE_0001";"NE_0001";"NE_0001";"NE_0001";"NE_0001"
"2023";"07";"040605";"AREQUIPA";"CONDESUYOS";"IRAY";"GOBIERNO REGIONAL";"I-2";"00001409";"IRAY";"NE_0001";"";"NE_0001";"NE_0001";"NE_0001";"NE_0001";"NE_0001";"NE_0001";"NE_0001"
"2023";"07";"040607";"AREQUIPA";"CONDESUYOS";"SALAMANCA";"GOBIERNO REGIONAL";"I-1";"00001413";"PUESTO DE SALUD PUCUNCHO";"NE_0001";"";"NE_0001";"NE_0001";"NE_0001";"NE_0001";"NE_0001";"NE_0001";"NE_0001"
"2023";"07";"040604";"AREQUIPA";"CONDESUYOS";"CHICHAS";"GOBIERNO REGIONAL";"I-2";"00001410";"PUESTO DE SALUD CHICHAS";"NE_0001";"";"NE_0001";"NE_0001";"NE_0001";"NE_0001";"NE_0001";"NE_0001";"NE_0001"
"2023";"07";"040604";"AREQUIPA";"CONDESUYOS";"CHICHAS";"GOBIERNO REGIONAL";"I-2";"00001411";"PUESTO DE SALUD YACHANGUILLO";"NE_0001";"";"NE_0001";"NE_0001";"NE_0001";"NE_0001";"NE_0001";"NE_0001";"NE_0001"
"2023";"05";"150108";"LIMA";"LIMA";"CHORRILLOS";"PRIVADO";"II-E";"00019839";"CLINICA SANTA LEONOR";"240000";"HOSPITALIZACIÓN";"40";"40";"75";"73";"5";"155";"0"
"2023";"05";"080108";"CUSCO";"CUSCO";"WANCHAQ";"PRIVADO";"II-E";"00010023";"CORNEJO";"NE_0002";"";"NE_0002";"NE_0002";"NE_0002";"NE_0002";"NE_0002";"NE_0002";"NE_0002"
"2023";"07";"130111";"LA LIBERTAD";"TRUJILLO";"VICTOR LARCO HERRERA";"PRIVADO";"II-1";"00026935";"CLÍNICA FÁTIMA";"240100";"HOSPITALIZACIÓN QUIRÚRGICA CIRUGÍA GENERAL ";"16";"12";"18";"78";"6";"174";"0"
"2023";"07";"130111";"LA LIBERTAD";"TRUJILLO";"VICTOR LARCO HERRERA";"PRIVADO";"II-1";"00026935";"CLÍNICA FÁTIMA";"241400";"HOSPITALIZACIÓN QUIRÚRGICA GINECO - OBSTETRICIA ";"10";"8";"8";"25";"6";"174";"0"
"2023";"03";"240201";"TUMBES";"CONTRALMIRANTE VILLAR";"ZORRITOS";"ESSALUD";"I-2";"00012273";"POSTA MEDICA ZORRITOS";"NE_0001";"";"NE_0001";"NE_0001";"NE_0001";"NE_0001";"NE_0001";"NE_0001";"NE_0001"
"2023";"07";"080701";"CUSCO";"CHUMBIVILCAS";"SANTO TOMAS";"GOBIERNO REGIONAL";"II-1";"00002398";"SANTO TOMAS";"240100";"HOSPITALIZACIÓN QUIRÚRGICA CIRUGÍA GENERAL ";"41";"41";"156";"140";"6";"186";"0"
"2023";"07";"080701";"CUSCO";"CHUMBIVILCAS";"SANTO TOMAS";"GOBIERNO REGIONAL";"II-1";"00002398";"SANTO TOMAS";"241400";"HOSPITALIZACIÓN QUIRÚRGICA GINECO - OBSTETRICIA ";"30";"30";"71";"102";"4";"124";"0"
"2023";"07";"080701";"CUSCO";"CHUMBIVILCAS";"SANTO TOMAS";"GOBIERNO REGIONAL";"II-1";"00002398";"SANTO TOMAS";"241600";"HOSPITALIZACIÓN QUIRÚRGICA OBSTETRICIA   ";"41";"41";"115";"174";"7";"217";"0"
"2023";"07";"080701";"CUSCO";"CHUMBIVILCAS";"SANTO TOMAS";"GOBIERNO REGIONAL";"II-1";"00002398";"SANTO TOMAS";"241800";"HOSPITALIZACIÓN DE MEDICINA MEDICINA GENERAL ";"15";"15";"67";"97";"6";"186";"0"
"2023";"07";"080701";"CUSCO";"CHUMBIVILCAS";"SANTO TOMAS";"GOBIERNO REGIONAL";"II-1";"00002398";"SANTO TOMAS";"242500";"HOSPITALIZACIÓN-PEDIATRÍA GENERAL-";"1";"1";"5";"37";"4";"124";"0"
"2023";"07";"120706";"JUNIN";"TARMA";"PALCA";"GOBIERNO REGIONAL";"I-1";"00000572";"LLACSACACA";"NE_0001";"";"NE_0001";"NE_0001";"NE_0001";"NE_0001";"NE_0001";"NE_0001";"NE_0001"
"2023";"07";"220205";"SAN MARTIN";"BELLAVISTA";"SAN PABLO";"GOBIERNO REGIONAL";"I-1";"00006507";"FAUSA SAPINA";"NE_0001";"";"NE_0001";"NE_0001";"NE_0001";"NE_0001";"NE_0001";"NE_0001";"NE_0001"
"2023";"07";"220205";"SAN MARTIN";"BELLAVISTA";"SAN PABLO";"GOBIERNO REGIONAL";"I-1";"00029371";"CENTRO AMERICA - SAN PABLO";"NE_0001";"";"NE_0001";"NE_0001";"NE_0001";"NE_0001";"NE_0001";"NE_0001";"NE_0001"
"2023";"07";"220205";"SAN MARTIN";"BELLAVISTA";"SAN PABLO";"GOBIERNO REGIONAL";"I-3";"00006506";"CONSUELO";"NE_0001";"";"NE_0001";"NE_0001";"NE_0001";"NE_0001";"NE_0001";"NE_0001";"NE_0001"
"2023";"07";"150121";"LIMA";"LIMA";"PUEBLO LIBRE";"PRIVADO";"II-E";"00021096";"CLINICA ESPECIALIZADA EN CIRUGÍA PLÁSTICA SAN AGUSTIN";"NE_0001";"";"NE_0001";"NE_0001";"NE_0001";"NE_0001";"NE_0001";"NE_0001";"NE_0001"
"2023";"07";"180106";"MOQUEGUA";"MARISCAL NIETO";"TORATA";"ESSALUD";"I-3";"00016151";"CENTRO DE ATENCION PRIMARIA II TORATA";"NE_0001";"";"NE_0001";"NE_0001";"NE_0001";"NE_0001";"NE_0001";"NE_0001";"NE_0001"
"2023";"07";"020105";"ANCASH";"HUARAZ";"INDEPENDENCIA";"GOBIERNO REGIONAL";"I-3";"00028701";"CENTRO DE SALUD MENTAL COMUNITARIO ""ALLY WARAQ""";"NE_0001";"";"NE_0001";"NE_0001";"NE_0001";"NE_0001";"NE_0001";"NE_0001";"NE_0001"
"2023";"07";"150133";"LIMA";"LIMA";"SAN JUAN DE MIRAFLORES";"PRIVADO";"II-E";"00016794";"CLINICA DIVINO NIÑO JESUS - ORDEN DE MALTA";"240000";"HOSPITALIZACIÓN";"47";"44";"142";"445";"16";"496";"0"
"2023";"07";"130102";"LA LIBERTAD";"TRUJILLO";"EL PORVENIR";"GOBIERNO REGIONAL";"II-1";"00005209";"HOSPITAL DISTRITAL DE EL PORVENIR SANTA ISABEL";"241800";"HOSPITALIZACIÓN DE MEDICINA MEDICINA GENERAL ";"46";"47";"164";"164";"6";"186";"0"
"2023";"07";"130102";"LA LIBERTAD";"TRUJILLO";"EL PORVENIR";"GOBIERNO REGIONAL";"II-1";"00005209";"HOSPITAL DISTRITAL DE EL PORVENIR SANTA ISABEL";"243200";"HOSPITALIZACIÓN DE PEDIATRÍA PEDIATRIA NEONATOLOGÍA";"7";"8";"38";"38";"8";"248";"0"
"2023";"07";"130102";"LA LIBERTAD";"TRUJILLO";"EL PORVENIR";"GOBIERNO REGIONAL";"II-1";"00005209";"HOSPITAL DISTRITAL DE EL PORVENIR SANTA ISABEL";"242300";"HOSPITALIZACIÓN DE PEDIATRÍA  PEDIATRÍA  GENERAL ";"18";"18";"69";"69";"3";"93";"0"
"2023";"07";"130102";"LA LIBERTAD";"TRUJILLO";"EL PORVENIR";"GOBIERNO REGIONAL";"II-1";"00005209";"HOSPITAL DISTRITAL DE EL PORVENIR SANTA ISABEL";"241400";"HOSPITALIZACIÓN QUIRÚRGICA GINECO - OBSTETRICIA ";"53";"54";"89";"89";"10";"310";"0"
"2023";"07";"130102";"LA LIBERTAD";"TRUJILLO";"EL PORVENIR";"GOBIERNO REGIONAL";"II-1";"00005209";"HOSPITAL DISTRITAL DE EL PORVENIR SANTA ISABEL";"241500";"HOSPITALIZACIÓN QUIRÚRGICA GINECOLOGÍA  ";"11";"11";"30";"30";"3";"93";"0"
"2023";"07";"150140";"LIMA";"LIMA";"SANTIAGO DE SURCO";"PRIVADO";"II-E";"00011110";"CLINICA CAMPBELL";"240800";"HOSPITALIZACIÓN QUIRÚRGICA CIRUGÍA PLÁSTICA/RECONSTRUCTIVA/ REPARADORA ";"10";"10";"10";"10";"2";"60";"0"
"2023";"07";"150121";"LIMA";"LIMA";"PUEBLO LIBRE";"PRIVADO";"II-2";"00010743";"CLINICA STELLA MARIS";"241400";"HOSPITALIZACIÓN QUIRÚRGICA GINECO - OBSTETRICIA ";"51";"43";"127";"127";"16";"496";"0"
"2023";"07";"150121";"LIMA";"LIMA";"PUEBLO LIBRE";"PRIVADO";"II-2";"00010743";"CLINICA STELLA MARIS";"240000";"HOSPITALIZACIÓN";"487";"426";"1427";"1431";"53";"1643";"2"
"2023";"07";"150121";"LIMA";"LIMA";"PUEBLO LIBRE";"PRIVADO";"II-2";"00010743";"CLINICA STELLA MARIS";"243200";"HOSPITALIZACIÓN DE PEDIATRÍA PEDIATRIA NEONATOLOGÍA";"2";"3";"8";"3";"2";"62";"0"
"2023";"07";"150121";"LIMA";"LIMA";"PUEBLO LIBRE";"PRIVADO";"II-2";"00010743";"CLINICA STELLA MARIS";"250100";"UNIDAD DE CUIDADOS CRITICOS UNIDAD  DE CUIDADOS INTENSIVOS GENERALES (UCI) ";"14";"7";"22";"31";"10";"310";"3"
"2023";"07";"150121";"LIMA";"LIMA";"PUEBLO LIBRE";"PRIVADO";"II-2";"00010743";"CLINICA STELLA MARIS";"250200";"UNIDAD DE CUIDADOS CRITICOS UNIDAD DE CUIDADOS INTERMEDIOS GENERAL  (UCIN) ";"44";"35";"118";"119";"5";"155";"1"
"2023";"08";"090206";"HUANCAVELICA";"ACOBAMBA";"PAUCARA";"GOBIERNO REGIONAL";"I-4";"00003930";"CENTRO DE SALUD PAUCARA";"241400";"HOSPITALIZACIÓN QUIRÚRGICA GINECO - OBSTETRICIA ";"30";"30";"25";"25";"25";"744";"0"
"2023";"08";"051107";"AYACUCHO";"VILCAS HUAMAN";"SAURAMA";"GOBIERNO REGIONAL";"I-1";"00003846";"PUESTO DE SALUD SAURAMA";"NE_0001";"";"NE_0001";"NE_0001";"NE_0001";"NE_0001";"NE_0001";"NE_0001";"NE_0001"
"2023";"08";"051108";"AYACUCHO";"VILCAS HUAMAN";"VISCHONGO";"GOBIERNO REGIONAL";"I-3";"00006609";"CENTRO DE SALUD VISCHONGO";"NE_0001";"";"NE_0001";"NE_0001";"NE_0001";"NE_0001";"NE_0001";"NE_0001";"NE_0001"
"2023";"08";"051108";"AYACUCHO";"VILCAS HUAMAN";"VISCHONGO";"GOBIERNO REGIONAL";"I-1";"00006612";"PUESTO DE SALUD PALLCCACANCHA";"NE_0001";"";"NE_0001";"NE_0001";"NE_0001";"NE_0001";"NE_0001";"NE_0001";"NE_0001"
"2023";"08";"051106";"AYACUCHO";"VILCAS HUAMAN";"INDEPENDENCIA";"GOBIERNO REGIONAL";"I-1";"00021259";"PUESTO DE SALUD OCCO";"NE_0001";"";"NE_0001";"NE_0001";"NE_0001";"NE_0001";"NE_0001";"NE_0001";"NE_0001"
"2023";"08";"051101";"AYACUCHO";"VILCAS HUAMAN";"VILCAS HUAMAN";"GOBIERNO REGIONAL";"I-1";"00011416";"PUESTO DE SALUD COLPAPAMPA";"NE_0001";"";"NE_0001";"NE_0001";"NE_0001";"NE_0001";"NE_0001";"NE_0001";"NE_0001"
"2023";"08";"051101";"AYACUCHO";"VILCAS HUAMAN";"VILCAS HUAMAN";"GOBIERNO REGIONAL";"I-1";"00003848";"PUESTO DE SALUD HUACCAÑA";"NE_0001";"";"NE_0001";"NE_0001";"NE_0001";"NE_0001";"NE_0001";"NE_0001";"NE_0001"
"2023";"08";"051101";"AYACUCHO";"VILCAS HUAMAN";"VILCAS HUAMAN";"GOBIERNO REGIONAL";"I-1";"00003850";"PUESTO DE SALUD SAN FRANCISCO DE PUJAS";"NE_0001";"";"NE_0001";"NE_0001";"NE_0001";"NE_0001";"NE_0001";"NE_0001";"NE_0001"
"2023";"08";"051102";"AYACUCHO";"VILCAS HUAMAN";"ACCOMARCA";"GOBIERNO REGIONAL";"I-1";"00003843";"PUESTO DE SALUD PONGOCOCHA";"NE_0001";"";"NE_0001";"NE_0001";"NE_0001";"NE_0001";"NE_0001";"NE_0001";"NE_0001"
"2023";"08";"051108";"AYACUCHO";"VILCAS HUAMAN";"VISCHONGO";"GOBIERNO REGIONAL";"I-1";"00006614";"PUESTO DE SALUD POMACOCHA";"NE_0001";"";"NE_0001";"NE_0001";"NE_0001";"NE_0001";"NE_0001";"NE_0001";"NE_0001"
"2023";"08";"051102";"AYACUCHO";"VILCAS HUAMAN";"ACCOMARCA";"GOBIERNO REGIONAL";"I-2";"00003841";"PUESTO DE SALUD ACCOMARCA";"NE_0001";"";"NE_0001";"NE_0001";"NE_0001";"NE_0001";"NE_0001";"NE_0001";"NE_0001"
"2023";"08";"051102";"AYACUCHO";"VILCAS HUAMAN";"ACCOMARCA";"GOBIERNO REGIONAL";"I-1";"00003842";"PUESTO DE SALUD HUARCAS";"NE_0001";"";"NE_0001";"NE_0001";"NE_0001";"NE_0001";"NE_0001";"NE_0001";"NE_0001"
"2023";"08";"051101";"AYACUCHO";"VILCAS HUAMAN";"VILCAS HUAMAN";"GOBIERNO REGIONAL";"I-4";"00003847";"CENTRO DE SALUD VILCASHUAMAN";"NE_0001";"";"NE_0001";"NE_0001";"NE_0001";"NE_0001";"NE_0001";"NE_0001";"NE_0001"
"2023";"08";"051106";"AYACUCHO";"VILCAS HUAMAN";"INDEPENDENCIA";"GOBIERNO REGIONAL";"I-2";"00003844";"PUESTO DE SALUD PACCHAHUALLHUA";"NE_0001";"";"NE_0001";"NE_0001";"NE_0001";"NE_0001";"NE_0001";"NE_0001";"NE_0001"
"2023";"08";"051101";"AYACUCHO";"VILCAS HUAMAN";"VILCAS HUAMAN";"GOBIERNO REGIONAL";"I-1";"00003849";"POMATAMBO";"NE_0001";"";"NE_0001";"NE_0001";"NE_0001";"NE_0001";"NE_0001";"NE_0001";"NE_0001"
"2023";"08";"051104";"AYACUCHO";"VILCAS HUAMAN";"CONCEPCION";"GOBIERNO REGIONAL";"I-2";"00003852";"PUESTO DE SALUD CONCEPCION";"NE_0001";"";"NE_0001";"NE_0001";"NE_0001";"NE_0001";"NE_0001";"NE_0001";"NE_0001"
"2023";"08";"051108";"AYACUCHO";"VILCAS HUAMAN";"VISCHONGO";"GOBIERNO REGIONAL";"I-1";"00006611";"PUESTO DE SALUD DE CHIRIBAMBA";"NE_0001";"";"NE_0001";"NE_0001";"NE_0001";"NE_0001";"NE_0001";"NE_0001";"NE_0001"
"2023";"08";"061101";"CAJAMARCA";"SAN MIGUEL";"SAN MIGUEL";"ESSALUD";"I-2";"00010273";"POSTA MEDICA ESSALUD SAN MIGUEL";"NE_0001";"";"NE_0001";"NE_0001";"NE_0001";"NE_0001";"NE_0001";"NE_0001";"NE_0001"
"2023";"08";"060301";"CAJAMARCA";"CELENDIN";"CELENDIN";"ESSALUD";"I-3";"00010269";"CENTRO MEDICO ESSALUD CELENDIN";"NE_0001";"";"NE_0001";"NE_0001";"NE_0001";"NE_0001";"NE_0001";"NE_0001";"NE_0001"
"2023";"08";"021801";"ANCASH";"SANTA";"CHIMBOTE";"PRIVADO";"II-1";"00013164";"CLINICA SANTA MARIA DE CHIMBOTE S.A.C.";"240100";"HOSPITALIZACIÓN QUIRÚRGICA CIRUGÍA GENERAL ";"43";"43";"51";"51";"6";"215";"0"
"2023";"08";"021801";"ANCASH";"SANTA";"CHIMBOTE";"PRIVADO";"II-1";"00013164";"CLINICA SANTA MARIA DE CHIMBOTE S.A.C.";"241400";"HOSPITALIZACIÓN QUIRÚRGICA GINECO - OBSTETRICIA ";"6";"6";"9";"9";"4";"129";"0"
"2023";"08";"130704";"LA LIBERTAD";"PACASMAYO";"PACASMAYO";"ESSALUD";"I-4";"00008514";"HOSPITAL I PACASMAYO";"241900";"HOSPITALIZACIÓN DE MEDICINA MEDICINA INTERNA ";"58";"57";"202";"256";"12";"372";"0"
"2023";"08";"130111";"LA LIBERTAD";"TRUJILLO";"VICTOR LARCO HERRERA";"PRIVADO";"II-1";"00026935";"CLÍNICA FÁTIMA";"240100";"HOSPITALIZACIÓN QUIRÚRGICA CIRUGÍA GENERAL ";"16";"12";"18";"78";"6";"174";"0"
"2023";"08";"130111";"LA LIBERTAD";"TRUJILLO";"VICTOR LARCO HERRERA";"PRIVADO";"II-1";"00026935";"CLÍNICA FÁTIMA";"241400";"HOSPITALIZACIÓN QUIRÚRGICA GINECO - OBSTETRICIA ";"10";"8";"8";"25";"6";"170";"0"
"2023";"08";"081104";"CUSCO";"PAUCARTAMBO";"COLQUEPATA";"GOBIERNO REGIONAL";"I-1";"00002517";"PICHIHUA COLQUEPATA";"NE_0002";"";"NE_0002";"NE_0002";"NE_0002";"NE_0002";"NE_0002";"NE_0002";"NE_0002"
"2023";"08";"081106";"CUSCO";"PAUCARTAMBO";"KOSÑIPATA";"GOBIERNO REGIONAL";"I-2";"00002522";"PATRIA";"NE_0002";"";"NE_0002";"NE_0002";"NE_0002";"NE_0002";"NE_0002";"NE_0002";"NE_0002"
"2023";"08";"081101";"CUSCO";"PAUCARTAMBO";"PAUCARTAMBO";"GOBIERNO REGIONAL";"I-2";"00002511";"MOLLOMARCA";"NE_0002";"";"NE_0002";"NE_0002";"NE_0002";"NE_0002";"NE_0002";"NE_0002";"NE_0002"
"2023";"08";"150605";"LIMA";"HUARAL";"CHANCAY";"GOBIERNO REGIONAL";"II-2";"00007638";"HOSPITAL DE CHANCAY Y SBS Dr. HIDALGO ATOCHE L¿PEZ";"240100";"HOSPITALIZACIÓN QUIRÚRGICA CIRUGÍA GENERAL ";"39";"42";"124";"124";"4";"124";"0"
"2023";"08";"150605";"LIMA";"HUARAL";"CHANCAY";"GOBIERNO REGIONAL";"II-2";"00007638";"HOSPITAL DE CHANCAY Y SBS Dr. HIDALGO ATOCHE L¿PEZ";"241200";"HOSPITALIZACIÓN QUIRÚRGICA TRAUMATOLOGÍA Y ORTOPEDIA ";"16";"18";"68";"68";"3";"93";"0"
"2023";"08";"150605";"LIMA";"HUARAL";"CHANCAY";"GOBIERNO REGIONAL";"II-2";"00007638";"HOSPITAL DE CHANCAY Y SBS Dr. HIDALGO ATOCHE L¿PEZ";"241300";"HOSPITALIZACIÓN QUIRÚRGICA UROLOGÍA  ";"6";"7";"31";"31";"1";"31";"0"
"2023";"08";"150605";"LIMA";"HUARAL";"CHANCAY";"GOBIERNO REGIONAL";"II-2";"00007638";"HOSPITAL DE CHANCAY Y SBS Dr. HIDALGO ATOCHE L¿PEZ";"241500";"HOSPITALIZACIÓN QUIRÚRGICA GINECOLOGÍA  ";"14";"14";"36";"36";"8";"248";"0"
"2023";"08";"150605";"LIMA";"HUARAL";"CHANCAY";"GOBIERNO REGIONAL";"II-2";"00007638";"HOSPITAL DE CHANCAY Y SBS Dr. HIDALGO ATOCHE L¿PEZ";"241600";"HOSPITALIZACIÓN QUIRÚRGICA OBSTETRICIA   ";"95";"101";"182";"182";"13";"403";"0"
"2023";"08";"150605";"LIMA";"HUARAL";"CHANCAY";"GOBIERNO REGIONAL";"II-2";"00007638";"HOSPITAL DE CHANCAY Y SBS Dr. HIDALGO ATOCHE L¿PEZ";"241800";"HOSPITALIZACIÓN DE MEDICINA MEDICINA GENERAL ";"45";"59";"496";"496";"16";"496";"5"
"2023";"08";"150605";"LIMA";"HUARAL";"CHANCAY";"GOBIERNO REGIONAL";"II-2";"00007638";"HOSPITAL DE CHANCAY Y SBS Dr. HIDALGO ATOCHE L¿PEZ";"242500";"HOSPITALIZACIÓN-PEDIATRÍA GENERAL-";"33";"36";"118";"118";"14";"434";"0"
"2023";"08";"150605";"LIMA";"HUARAL";"CHANCAY";"GOBIERNO REGIONAL";"II-2";"00007638";"HOSPITAL DE CHANCAY Y SBS Dr. HIDALGO ATOCHE L¿PEZ";"243200";"HOSPITALIZACIÓN DE PEDIATRÍA PEDIATRIA NEONATOLOGÍA";"10";"13";"127";"127";"6";"186";"0"
"2023";"08";"150605";"LIMA";"HUARAL";"CHANCAY";"GOBIERNO REGIONAL";"II-2";"00007638";"HOSPITAL DE CHANCAY Y SBS Dr. HIDALGO ATOCHE L¿PEZ";"250103";"UNIDAD DE CUIDADOS CRITICOS UNIDAD  DE CUIDADOS INTENSIVOS GENERALES  (UCI) MEDICINA";"4";"4";"25";"25";"4";"124";"2"
"2023";"08";"150605";"LIMA";"HUARAL";"CHANCAY";"GOBIERNO REGIONAL";"II-2";"00007638";"HOSPITAL DE CHANCAY Y SBS Dr. HIDALGO ATOCHE L¿PEZ";"250105";"UNIDAD DE CUIDADOS CRITICOS UNIDAD  DE CUIDADOS INTENSIVOS  (UCI) NEONATOLOGÍA";"3";"3";"6";"6";"2";"62";"0"
"2023";"08";"130103";"LA LIBERTAD";"TRUJILLO";"FLORENCIA DE MORA";"ESSALUD";"II-E";"00009278";"FLORENCIA DE MORA";"241800";"HOSPITALIZACIÓN DE MEDICINA MEDICINA GENERAL ";"10";"10";"67";"82";"3";"93";"0"
"2023";"08";"130103";"LA LIBERTAD";"TRUJILLO";"FLORENCIA DE MORA";"ESSALUD";"II-E";"00009278";"FLORENCIA DE MORA";"240100";"HOSPITALIZACIÓN QUIRÚRGICA CIRUGÍA GENERAL ";"51";"52";"126";"117";"5";"155";"0"
"2023";"08";"130103";"LA LIBERTAD";"TRUJILLO";"FLORENCIA DE MORA";"ESSALUD";"II-E";"00009278";"FLORENCIA DE MORA";"241500";"HOSPITALIZACIÓN QUIRÚRGICA GINECOLOGÍA  ";"15";"14";"49";"64";"3";"93";"0"
"2023";"08";"130103";"LA LIBERTAD";"TRUJILLO";"FLORENCIA DE MORA";"ESSALUD";"II-E";"00009278";"FLORENCIA DE MORA";"241600";"HOSPITALIZACIÓN QUIRÚRGICA OBSTETRICIA   ";"19";"17";"37";"36";"4";"124";"0"
"2023";"08";"140101";"LAMBAYEQUE";"CHICLAYO";"CHICLAYO";"PRIVADO";"II-E";"00008151";"CLÍNICA METROPOLITANA";"240000";"HOSPITALIZACIÓN";"177";"177";"197";"466";"24";"720";"0"
"2023";"08";"120101";"JUNIN";"HUANCAYO";"HUANCAYO";"PRIVADO";"II-E";"00024425";"CLÍNICA MEDICA SALAZAR";"241800";"HOSPITALIZACIÓN DE MEDICINA MEDICINA GENERAL ";"60";"55";"160";"418";"15";"465";"0"
"2023";"08";"150101";"LIMA";"LIMA";"LIMA";"MINSA";"III-2";"00006209";"INSTITUTO NACIONAL DE CIENCIAS NEUROLOGICAS";"244800";"HOSPITALIZACIÓN DE MEDICINA-NEUROLOGIA -NEUROLOGIA DE LA CONDUCTA";"28";"23";"295";"217";"15";"465";"0"
"2023";"08";"150101";"LIMA";"LIMA";"LIMA";"MINSA";"III-2";"00006209";"INSTITUTO NACIONAL DE CIENCIAS NEUROLOGICAS";"245200";"HOSPITALIZACIÓN DE MEDICINA NEUROLOGIA  EPILEPSIA/EPILEPTOLOGIA";"30";"16";"273";"248";"10";"310";"0"
"2023";"08";"150101";"LIMA";"LIMA";"LIMA";"MINSA";"III-2";"00006209";"INSTITUTO NACIONAL DE CIENCIAS NEUROLOGICAS";"243400";"HOSPITALIZACIÓN DE PEDIATRÍA PEDIATRIA NEUROLOGÍA PEDIÁTRICA";"23";"20";"278";"372";"14";"434";"0"
"2023";"08";"150101";"LIMA";"LIMA";"LIMA";"MINSA";"III-2";"00006209";"INSTITUTO NACIONAL DE CIENCIAS NEUROLOGICAS";"245100";"HOSPITALIZACIÓN DE MEDICINA NEUROLOGIA  ENFERMEDADES INFECCIOSAS/TRANSMISIBLES DEL SISTEMA NERVIOSO";"32";"28";"642";"434";"16";"496";"0"
"2023";"08";"150101";"LIMA";"LIMA";"LIMA";"MINSA";"III-2";"00006209";"INSTITUTO NACIONAL DE CIENCIAS NEUROLOGICAS";"245000";"HOSPITALIZACIÓN DE MEDICINA NEUROLOGIA  NEUROVASCULARES Y METABOLICAS";"31";"24";"410";"341";"12";"372";"0"
"2023";"08";"150101";"LIMA";"LIMA";"LIMA";"MINSA";"III-2";"00006209";"INSTITUTO NACIONAL DE CIENCIAS NEUROLOGICAS";"244900";"HOSPITALIZACIÓN DE MEDICINA NEUROLOGIA  NEURODEGENERATIVAS";"33";"21";"372";"620";"21";"651";"0"
"2023";"08";"150101";"LIMA";"LIMA";"LIMA";"MINSA";"III-2";"00006209";"INSTITUTO NACIONAL DE CIENCIAS NEUROLOGICAS";"240900";"HOSPITALIZACIÓN QUIRÚRGICA NEUROCIRUGÍA ";"137";"69";"1274";"930";"33";"1023";"0"
"2023";"08";"150101";"LIMA";"LIMA";"LIMA";"MINSA";"III-2";"00006209";"INSTITUTO NACIONAL DE CIENCIAS NEUROLOGICAS";"250106";"UNIDAD DE CUIDADOS CRITICOS UNIDAD  DE CUIDADOS INTENSIVOS  (UCI) NEUROLÓGICA";"16";"5";"49";"155";"7";"217";"3"
"2023";"08";"150101";"LIMA";"LIMA";"LIMA";"MINSA";"III-2";"00006209";"INSTITUTO NACIONAL DE CIENCIAS NEUROLOGICAS";"250200";"UNIDAD DE CUIDADOS CRITICOS UNIDAD DE CUIDADOS INTERMEDIOS GENERAL  (UCIN) ";"4";"1";"63";"93";"6";"186";"1"
"2023";"08";"040125";"AREQUIPA";"AREQUIPA";"VITOR";"GOBIERNO REGIONAL";"I-3";"00001324";"CENTRO DE SALUD VITOR";"NE_0001";"";"NE_0001";"NE_0001";"NE_0001";"NE_0001";"NE_0001";"NE_0001";"NE_0001"
"2023";"08";"040121";"AREQUIPA";"AREQUIPA";"SANTA RITA DE SIHUAS";"GOBIERNO REGIONAL";"I-3";"00001335";"CENTRO  DE SALUD SANTA RITA DE SIGUAS";"NE_0001";"";"NE_0001";"NE_0001";"NE_0001";"NE_0001";"NE_0001";"NE_0001";"NE_0001"
"2023";"08";"040125";"AREQUIPA";"AREQUIPA";"VITOR";"GOBIERNO REGIONAL";"I-2";"00001334";"PUESTO DE SALUD YURAMAYO";"NE_0001";"";"NE_0001";"NE_0001";"NE_0001";"NE_0001";"NE_0001";"NE_0001";"NE_0001"
"2023";"08";"040103";"AREQUIPA";"AREQUIPA";"CAYMA";"GOBIERNO REGIONAL";"I-3";"00001235";"BUENOS AIRES DE CAYMA";"NE_0001";"";"NE_0001";"NE_0001";"NE_0001";"NE_0001";"NE_0001";"NE_0001";"NE_0001"
"2023";"08";"040103";"AREQUIPA";"AREQUIPA";"CAYMA";"GOBIERNO REGIONAL";"I-2";"00001245";"SAN JOSE";"NE_0001";"";"NE_0001";"NE_0001";"NE_0001";"NE_0001";"NE_0001";"NE_0001";"NE_0001"
"2023";"05";"150121";"LIMA";"LIMA";"PUEBLO LIBRE";"PRIVADO";"II-2";"00008325";"CLINICA CENTENARIO PERUANO JAPONESA";"242300";"HOSPITALIZACIÓN DE PEDIATRÍA  PEDIATRÍA  GENERAL ";"104";"105";"320";"313";"21";"651";"0"
"2023";"05";"150121";"LIMA";"LIMA";"PUEBLO LIBRE";"PRIVADO";"II-2";"00008325";"CLINICA CENTENARIO PERUANO JAPONESA";"241900";"HOSPITALIZACIÓN DE MEDICINA MEDICINA INTERNA ";"77";"78";"480";"461";"21";"651";"1"
"2023";"05";"150121";"LIMA";"LIMA";"PUEBLO LIBRE";"PRIVADO";"II-2";"00008325";"CLINICA CENTENARIO PERUANO JAPONESA";"241900";"HOSPITALIZACIÓN DE MEDICINA MEDICINA INTERNA ";"82";"85";"549";"473";"21";"651";"0"
"2023";"05";"150121";"LIMA";"LIMA";"PUEBLO LIBRE";"PRIVADO";"II-2";"00008325";"CLINICA CENTENARIO PERUANO JAPONESA";"241600";"HOSPITALIZACIÓN QUIRÚRGICA OBSTETRICIA   ";"54";"56";"148";"57";"11";"341";"0"
"2023";"05";"150121";"LIMA";"LIMA";"PUEBLO LIBRE";"PRIVADO";"II-2";"00008325";"CLINICA CENTENARIO PERUANO JAPONESA";"241900";"HOSPITALIZACIÓN DE MEDICINA MEDICINA INTERNA ";"73";"71";"369";"394";"21";"651";"0"
"2023";"05";"150121";"LIMA";"LIMA";"PUEBLO LIBRE";"PRIVADO";"II-2";"00008325";"CLINICA CENTENARIO PERUANO JAPONESA";"240100";"HOSPITALIZACIÓN QUIRÚRGICA CIRUGÍA GENERAL ";"131";"129";"336";"341";"14";"434";"1"
"2023";"04";"080703";"CUSCO";"CHUMBIVILCAS";"CHAMACA";"GOBIERNO REGIONAL";"I-2";"00002402";"CHAMACA";"NE_0001";"";"NE_0001";"NE_0001";"NE_0001";"NE_0001";"NE_0001";"NE_0001";"NE_0001"
"2023";"04";"080703";"CUSCO";"CHUMBIVILCAS";"CHAMACA";"GOBIERNO REGIONAL";"I-2";"00002403";"AÑAHUICHI";"NE_0001";"";"NE_0001";"NE_0001";"NE_0001";"NE_0001";"NE_0001";"NE_0001";"NE_0001"
"2023";"04";"080703";"CUSCO";"CHUMBIVILCAS";"CHAMACA";"GOBIERNO REGIONAL";"I-1";"00016328";"UCCHUCCARCCO";"NE_0001";"";"NE_0001";"NE_0001";"NE_0001";"NE_0001";"NE_0001";"NE_0001";"NE_0001"
"2023";"04";"080703";"CUSCO";"CHUMBIVILCAS";"CHAMACA";"GOBIERNO REGIONAL";"I-1";"00016330";"CCONCHACCOLLO";"NE_0001";"";"NE_0001";"NE_0001";"NE_0001";"NE_0001";"NE_0001";"NE_0001";"NE_0001"
"2023";"04";"080705";"CUSCO";"CHUMBIVILCAS";"LIVITACA";"GOBIERNO REGIONAL";"I-1";"00016325";"CHILLOROYA - LIVITACA";"NE_0001";"";"NE_0001";"NE_0001";"NE_0001";"NE_0001";"NE_0001";"NE_0001";"NE_0001"
"2023";"04";"080705";"CUSCO";"CHUMBIVILCAS";"LIVITACA";"GOBIERNO REGIONAL";"I-1";"00016327";"AUSANTA";"NE_0001";"";"NE_0001";"NE_0001";"NE_0001";"NE_0001";"NE_0001";"NE_0001";"NE_0001"
"2023";"04";"080705";"CUSCO";"CHUMBIVILCAS";"LIVITACA";"GOBIERNO REGIONAL";"I-1";"00016334";"KISIO";"NE_0001";"";"NE_0001";"NE_0001";"NE_0001";"NE_0001";"NE_0001";"NE_0001";"NE_0001"
"2023";"04";"080705";"CUSCO";"CHUMBIVILCAS";"LIVITACA";"GOBIERNO REGIONAL";"I-4";"00002406";"LIVITACA";"NE_0001";"";"NE_0001";"NE_0001";"NE_0001";"NE_0001";"NE_0001";"NE_0001";"NE_0001"
"2023";"04";"080705";"CUSCO";"CHUMBIVILCAS";"LIVITACA";"GOBIERNO REGIONAL";"I-1";"00025739";"PISQUICOCHA";"NE_0001";"";"NE_0001";"NE_0001";"NE_0001";"NE_0001";"NE_0001";"NE_0001";"NE_0001"
"2023";"04";"080705";"CUSCO";"CHUMBIVILCAS";"LIVITACA";"GOBIERNO REGIONAL";"I-1";"00025740";"TOTORA - REYNA DE LOS ANGELES";"NE_0001";"";"NE_0001";"NE_0001";"NE_0001";"NE_0001";"NE_0001";"NE_0001";"NE_0001"
"2023";"04";"080703";"CUSCO";"CHUMBIVILCAS";"CHAMACA";"GOBIERNO REGIONAL";"I-1";"00016329";"INGATA";"NE_0001";"";"NE_0001";"NE_0001";"NE_0001";"NE_0001";"NE_0001";"NE_0001";"NE_0001"
"2023";"04";"080705";"CUSCO";"CHUMBIVILCAS";"LIVITACA";"GOBIERNO REGIONAL";"I-2";"00016332";"PATAQUEÑA - LIVITACA";"NE_0001";"";"NE_0001";"NE_0001";"NE_0001";"NE_0001";"NE_0001";"NE_0001";"NE_0001"
"2023";"04";"150141";"LIMA";"LIMA";"SURQUILLO";"PRIVADO";"II-E";"00025930";"CLINICA SANENS";"240000";"HOSPITALIZACIÓN";"92";"95";"98";"95";"7";"210";"0"
"2023";"08";"040109";"AREQUIPA";"AREQUIPA";"MARIANO MELGAR";"GOBIERNO REGIONAL";"I-4";"00001294";"CENTRO DE SALUD MARIANO MELGAR";"241400";"HOSPITALIZACIÓN QUIRÚRGICA GINECO - OBSTETRICIA ";"10";"10";"9";"10";"3";"100";"0"
"2023";"08";"040109";"AREQUIPA";"AREQUIPA";"MARIANO MELGAR";"GOBIERNO REGIONAL";"I-2";"00001308";"PUESTO DE SALUD ATALAYA";"NE_0001";"";"NE_0001";"NE_0001";"NE_0001";"NE_0001";"NE_0001";"NE_0001";"NE_0001"
"2023";"04";"040410";"AREQUIPA";"CASTILLA";"PAMPACOLCA";"GOBIERNO REGIONAL";"I-3";"00001385";"CENTRO DE SALUD PAMPACOLCA";"NE_0001";"";"NE_0001";"NE_0001";"NE_0001";"NE_0001";"NE_0001";"NE_0001";"NE_0001"
"2023";"04";"040410";"AREQUIPA";"CASTILLA";"PAMPACOLCA";"GOBIERNO REGIONAL";"I-2";"00001398";"PUESTO DE SALUD SAN ANTONIO";"NE_0001";"";"NE_0001";"NE_0001";"NE_0001";"NE_0001";"NE_0001";"NE_0001";"NE_0001"
"2023";"04";"040410";"AREQUIPA";"CASTILLA";"PAMPACOLCA";"GOBIERNO REGIONAL";"I-1";"00001399";"PUESTO DE SALUD PISCOPAMPA";"NE_0001";"";"NE_0001";"NE_0001";"NE_0001";"NE_0001";"NE_0001";"NE_0001";"NE_0001"
"2023";"01";"200101";"PIURA";"PIURA";"PIURA";"PRIVADO";"III-E";"00013727";"INSTITUTO MEDICO ESPECIALIZADO EN DIABETES SOY DIABETICO EIRL";"240000";"HOSPITALIZACIÓN";"9";"9";"10";"20";"4";"124";"0"
"2023";"06";"040126";"AREQUIPA";"AREQUIPA";"YANAHUARA";"GOBIERNO REGIONAL";"I-3";"00001233";"CENTRO DE SALUD YANAHUARA";"NE_0001";"";"NE_0001";"NE_0001";"NE_0001";"NE_0001";"NE_0001";"NE_0001";"NE_0001"
"2023";"06";"040117";"AREQUIPA";"AREQUIPA";"SACHACA";"GOBIERNO REGIONAL";"I-2";"00001283";"PUESTO DE SALUD PAMPA DE CAMARONES";"NE_0001";"";"NE_0001";"NE_0001";"NE_0001";"NE_0001";"NE_0001";"NE_0001";"NE_0001"
"2023";"06";"040117";"AREQUIPA";"AREQUIPA";"SACHACA";"GOBIERNO REGIONAL";"I-2";"00001282";"PUESTO DE SALUD SACHACA";"NE_0001";"";"NE_0001";"NE_0001";"NE_0001";"NE_0001";"NE_0001";"NE_0001";"NE_0001"
"2023";"06";"100102";"HUANUCO";"HUANUCO";"AMARILIS";"PRIVADO";"II-E";"00027693";"CENTRO MEDICO ESPECIALIZADO PRIMAVERA";"NE_0002";"";"NE_0002";"NE_0002";"NE_0002";"NE_0002";"NE_0002";"NE_0002";"NE_0002"
"2023";"06";"150140";"LIMA";"LIMA";"SANTIAGO DE SURCO";"PRIVADO";"II-E";"00028189";"GLAUCOMA SALUD";"NE_0001";"";"NE_0001";"NE_0001";"NE_0001";"NE_0001";"NE_0001";"NE_0001";"NE_0001"
"2023";"06";"220104";"SAN MARTIN";"MOYOBAMBA";"JEPELACIO";"GOBIERNO REGIONAL";"I-2";"00006340";"NUEVO SAN MIGUEL";"NE_0001";"";"NE_0001";"NE_0001";"NE_0001";"NE_0001";"NE_0001";"NE_0001";"NE_0001"
"2023";"06";"110101";"ICA";"ICA";"ICA";"GOBIERNO REGIONAL";"II-2";"00003358";"HOSPITAL REGIONAL DE ICA";"240100";"HOSPITALIZACIÓN QUIRÚRGICA CIRUGÍA GENERAL ";"120";"173";"1963";"2622";"63";"1953";"0"
"2023";"06";"110101";"ICA";"ICA";"ICA";"GOBIERNO REGIONAL";"II-2";"00003358";"HOSPITAL REGIONAL DE ICA";"241200";"HOSPITALIZACIÓN QUIRÚRGICA TRAUMATOLOGÍA Y ORTOPEDIA ";"17";"26";"497";"713";"17";"727";"0"
"2023";"06";"110101";"ICA";"ICA";"ICA";"GOBIERNO REGIONAL";"II-2";"00003358";"HOSPITAL REGIONAL DE ICA";"241500";"HOSPITALIZACIÓN QUIRÚRGICA GINECOLOGÍA  ";"64";"68";"231";"276";"15";"465";"0"
"2023";"06";"110101";"ICA";"ICA";"ICA";"GOBIERNO REGIONAL";"II-2";"00003358";"HOSPITAL REGIONAL DE ICA";"241600";"HOSPITALIZACIÓN QUIRÚRGICA OBSTETRICIA   ";"250";"269";"572";"722";"26";"806";"0"
"2023";"06";"110101";"ICA";"ICA";"ICA";"GOBIERNO REGIONAL";"II-2";"00003358";"HOSPITAL REGIONAL DE ICA";"241900";"HOSPITALIZACIÓN DE MEDICINA MEDICINA INTERNA ";"133";"178";"1418";"1555";"134";"4154";"16"
"2023";"06";"110101";"ICA";"ICA";"ICA";"GOBIERNO REGIONAL";"II-2";"00003358";"HOSPITAL REGIONAL DE ICA";"242200";"HOSPITALIZACIÓN DE MEDICINA PSIQUIATRÍA ";"2";"2";"90";"124";"5";"155";"0"
"2023";"06";"110101";"ICA";"ICA";"ICA";"GOBIERNO REGIONAL";"II-2";"00003358";"HOSPITAL REGIONAL DE ICA";"242500";"HOSPITALIZACIÓN-PEDIATRÍA GENERAL-";"84";"104";"845";"876";"9";"879";"1"
"2023";"06";"110101";"ICA";"ICA";"ICA";"GOBIERNO REGIONAL";"II-2";"00003358";"HOSPITAL REGIONAL DE ICA";"243200";"HOSPITALIZACIÓN DE PEDIATRÍA PEDIATRIA NEONATOLOGÍA";"15";"25";"334";"354";"12";"372";"0"
"2023";"06";"110101";"ICA";"ICA";"ICA";"GOBIERNO REGIONAL";"II-2";"00003358";"HOSPITAL REGIONAL DE ICA";"250103";"UNIDAD DE CUIDADOS CRITICOS UNIDAD  DE CUIDADOS INTENSIVOS GENERALES  (UCI) MEDICINA";"5";"9";"207";"209";"10";"310";"7"
"2023";"06";"110101";"ICA";"ICA";"ICA";"GOBIERNO REGIONAL";"II-2";"00003358";"HOSPITAL REGIONAL DE ICA";"250108";"UNIDAD DE CUIDADOS CRITICOS UNIDAD  DE CUIDADOS INTENSIVOS  (UCI) PEDIÁTRICA";"3";"4";"30";"32";"5";"155";"3"
"2023";"06";"040413";"AREQUIPA";"CASTILLA";"URACA";"ESSALUD";"I-2";"00013300";"POSTA MEDICA  CORIRE";"NE_0001";"";"NE_0001";"NE_0001";"NE_0001";"NE_0001";"NE_0001";"NE_0001";"NE_0001"
"2023";"07";"081207";"CUSCO";"QUISPICANCHI";"HUARO";"SANIDAD DE LA POLICIA NACIONAL DEL PERU";"I-2";"00011747";"POSTA MEDICA POLICIAL PUCUTO";"NE_0001";"";"NE_0001";"NE_0001";"NE_0001";"NE_0001";"NE_0001";"NE_0001";"NE_0001"
"2023";"07";"150117";"LIMA";"LIMA";"LOS OLIVOS";"PRIVADO";"I-2";"00012429";"OFTALMOLOGICA WONG";"NE_0001";"";"NE_0001";"NE_0001";"NE_0001";"NE_0001";"NE_0001";"NE_0001";"NE_0001"
"2023";"08";"150130";"LIMA";"LIMA";"SAN BORJA";"PRIVADO";"II-E";"00010467";"CLINICA FLEMING";"240000";"HOSPITALIZACIÓN";"3";"3";"7";"7";"8";"248";"0"
"2023";"08";"090301";"HUANCAVELICA";"ANGARAES";"LIRCAY";"GOBIERNO REGIONAL";"I-1";"00011769";"YANAUTUTO";"NE_0001";"";"NE_0001";"NE_0001";"NE_0001";"NE_0001";"NE_0001";"NE_0001";"NE_0001"
"2023";"08";"090303";"HUANCAVELICA";"ANGARAES";"CALLANMARCA";"GOBIERNO REGIONAL";"I-1";"00003952";"CALLANMARCA";"NE_0001";"";"NE_0001";"NE_0001";"NE_0001";"NE_0001";"NE_0001";"NE_0001";"NE_0001"
"2023";"08";"090304";"HUANCAVELICA";"ANGARAES";"CCOCHACCASA";"GOBIERNO REGIONAL";"I-1";"00003957";"CCASCCABAMBA";"NE_0001";"";"NE_0001";"NE_0001";"NE_0001";"NE_0001";"NE_0001";"NE_0001";"NE_0001"
"2023";"08";"090302";"HUANCAVELICA";"ANGARAES";"ANCHONGA";"GOBIERNO REGIONAL";"I-3";"00003959";"PARCO ALTO";"NE_0002";"";"NE_0002";"NE_0002";"NE_0002";"NE_0002";"NE_0002";"NE_0002";"NE_0002"
"2023";"08";"090306";"HUANCAVELICA";"ANGARAES";"CONGALLA";"GOBIERNO REGIONAL";"I-2";"00003972";"CONGALLA";"NE_0001";"";"NE_0001";"NE_0001";"NE_0001";"NE_0001";"NE_0001";"NE_0001";"NE_0001"
"2023";"08";"150101";"LIMA";"LIMA";"LIMA";"ESSALUD";"I-3";"00008880";"CENTRO MEDICO ANCIJE";"NE_0001";"";"NE_0001";"NE_0001";"NE_0001";"NE_0001";"NE_0001";"NE_0001";"NE_0001"
"2023";"08";"150131";"LIMA";"LIMA";"SAN ISIDRO";"PRIVADO";"II-E";"00009288";"NOVOCLINIC";"240000";"HOSPITALIZACIÓN";"138";"136";"179";"106";"16";"394";"0"
"2023";"08";"080913";"CUSCO";"LA CONVENCION";"VILLA KINTIARINA";"GOBIERNO REGIONAL";"I-3";"00002488";"VILLA KINTIARINA";"NE_0001";"";"NE_0001";"NE_0001";"NE_0001";"NE_0001";"NE_0001";"NE_0001";"NE_0001"
"2023";"08";"080907";"CUSCO";"LA CONVENCION";"KIMBIRI";"GOBIERNO REGIONAL";"I-2";"00002472";"MAPITUNARI";"NE_0001";"";"NE_0001";"NE_0001";"NE_0001";"NE_0001";"NE_0001";"NE_0001";"NE_0001"
"2023";"08";"080907";"CUSCO";"LA CONVENCION";"KIMBIRI";"GOBIERNO REGIONAL";"I-2";"00002475";"KIMBIRI ALTO";"NE_0001";"";"NE_0001";"NE_0001";"NE_0001";"NE_0001";"NE_0001";"NE_0001";"NE_0001"
"2023";"08";"080912";"CUSCO";"LA CONVENCION";"VILLA VIRGEN";"GOBIERNO REGIONAL";"I-2";"00002479";"VILLA VIRGEN";"NE_0001";"";"NE_0001";"NE_0001";"NE_0001";"NE_0001";"NE_0001";"NE_0001";"NE_0001"
"2023";"08";"080907";"CUSCO";"LA CONVENCION";"KIMBIRI";"GOBIERNO REGIONAL";"I-1";"00002473";"UNION ROSALES";"NE_0001";"";"NE_0001";"NE_0001";"NE_0001";"NE_0001";"NE_0001";"NE_0001";"NE_0001"
"2023";"08";"080907";"CUSCO";"LA CONVENCION";"KIMBIRI";"GOBIERNO REGIONAL";"I-2";"00002474";"SAMANIATO";"NE_0001";"";"NE_0001";"NE_0001";"NE_0001";"NE_0001";"NE_0001";"NE_0001";"NE_0001"
"2023";"08";"080907";"CUSCO";"LA CONVENCION";"KIMBIRI";"GOBIERNO REGIONAL";"I-2";"00008285";"ANGELES";"NE_0001";"";"NE_0001";"NE_0001";"NE_0001";"NE_0001";"NE_0001";"NE_0001";"NE_0001"
"2023";"08";"220804";"SAN MARTIN";"RIOJA";"NUEVA CAJAMARCA";"GOBIERNO REGIONAL";"I-1";"00006288";"UCRANIA";"NE_0001";"";"NE_0001";"NE_0001";"NE_0001";"NE_0001";"NE_0001";"NE_0001";"NE_0001"
"2023";"08";"240301";"TUMBES";"ZARUMILLA";"ZARUMILLA";"ESSALUD";"I-2";"00012271";"POSTA MEDICA ZARUMILLA";"NE_0001";"";"NE_0001";"NE_0001";"NE_0001";"NE_0001";"NE_0001";"NE_0001";"NE_0001"
"2023";"08";"130704";"LA LIBERTAD";"PACASMAYO";"PACASMAYO";"GOBIERNO REGIONAL";"II-1";"00005296";"HOSPITAL DISTRITAL DE PACASMAYO";"241800";"HOSPITALIZACIÓN DE MEDICINA MEDICINA GENERAL ";"21";"27";"178";"132";"4";"124";"1"
"2023";"08";"130704";"LA LIBERTAD";"PACASMAYO";"PACASMAYO";"GOBIERNO REGIONAL";"II-1";"00005296";"HOSPITAL DISTRITAL DE PACASMAYO";"242300";"HOSPITALIZACIÓN DE PEDIATRÍA  PEDIATRÍA  GENERAL ";"9";"9";"17";"19";"4";"124";"0"
"2023";"08";"130704";"LA LIBERTAD";"PACASMAYO";"PACASMAYO";"GOBIERNO REGIONAL";"II-1";"00005296";"HOSPITAL DISTRITAL DE PACASMAYO";"241600";"HOSPITALIZACIÓN QUIRÚRGICA OBSTETRICIA   ";"16";"16";"29";"29";"4";"124";"0"
"2023";"08";"130704";"LA LIBERTAD";"PACASMAYO";"PACASMAYO";"GOBIERNO REGIONAL";"II-1";"00005296";"HOSPITAL DISTRITAL DE PACASMAYO";"241500";"HOSPITALIZACIÓN QUIRÚRGICA GINECOLOGÍA  ";"15";"14";"31";"34";"4";"124";"0"
"2023";"08";"021801";"ANCASH";"SANTA";"CHIMBOTE";"GOBIERNO REGIONAL";"II-2";"00001652";"HOSPITAL LA CALETA";"241800";"HOSPITALIZACIÓN DE MEDICINA MEDICINA GENERAL ";"50";"56";"285";"244";"9";"279";"12"
"2023";"08";"021801";"ANCASH";"SANTA";"CHIMBOTE";"GOBIERNO REGIONAL";"II-2";"00001652";"HOSPITAL LA CALETA";"244000";"HOSPITALIZACIÓN DE MEDICINA CARDIOLOGIA ";"5";"9";"61";"53";"2";"62";"0"
"2023";"08";"021801";"ANCASH";"SANTA";"CHIMBOTE";"GOBIERNO REGIONAL";"II-2";"00001652";"HOSPITAL LA CALETA";"244700";"HOSPITALIZACIÓN DE MEDICINA NEUROLOGIA  ";"5";"4";"74";"46";"2";"62";"0"
"2023";"08";"021801";"ANCASH";"SANTA";"CHIMBOTE";"GOBIERNO REGIONAL";"II-2";"00001652";"HOSPITAL LA CALETA";"244300";"HOSPITALIZACIÓN DE MEDICINA GASTROENTEROLOGÍA  ";"5";"6";"78";"67";"3";"93";"0"
"2023";"08";"021801";"ANCASH";"SANTA";"CHIMBOTE";"GOBIERNO REGIONAL";"II-2";"00001652";"HOSPITAL LA CALETA";"245300";"HOSPITALIZACIÓN DE MEDICINA NEUMOLOGÍA  ";"9";"10";"119";"91";"4";"124";"0"
"2023";"08";"021801";"ANCASH";"SANTA";"CHIMBOTE";"GOBIERNO REGIONAL";"II-2";"00001652";"HOSPITAL LA CALETA";"242200";"HOSPITALIZACIÓN DE MEDICINA PSIQUIATRÍA ";"6";"2";"66";"155";"6";"186";"0"
"2023";"08";"021801";"ANCASH";"SANTA";"CHIMBOTE";"GOBIERNO REGIONAL";"II-2";"00001652";"HOSPITAL LA CALETA";"244600";"HOSPITALIZACIÓN DE MEDICINA NEFROLOGIA ";"3";"2";"28";"13";"1";"31";"0"
"2023";"08";"021801";"ANCASH";"SANTA";"CHIMBOTE";"GOBIERNO REGIONAL";"II-2";"00001652";"HOSPITAL LA CALETA";"240100";"HOSPITALIZACIÓN QUIRÚRGICA CIRUGÍA GENERAL ";"96";"105";"306";"338";"11";"341";"0"
"2023";"08";"021801";"ANCASH";"SANTA";"CHIMBOTE";"GOBIERNO REGIONAL";"II-2";"00001652";"HOSPITAL LA CALETA";"241200";"HOSPITALIZACIÓN QUIRÚRGICA TRAUMATOLOGÍA Y ORTOPEDIA ";"18";"18";"98";"104";"5";"155";"0"
"2023";"08";"021801";"ANCASH";"SANTA";"CHIMBOTE";"GOBIERNO REGIONAL";"II-2";"00001652";"HOSPITAL LA CALETA";"241300";"HOSPITALIZACIÓN QUIRÚRGICA UROLOGÍA  ";"20";"21";"121";"87";"3";"93";"0"
"2023";"08";"021801";"ANCASH";"SANTA";"CHIMBOTE";"GOBIERNO REGIONAL";"II-2";"00001652";"HOSPITAL LA CALETA";"240800";"HOSPITALIZACIÓN QUIRÚRGICA CIRUGÍA PLÁSTICA/RECONSTRUCTIVA/ REPARADORA ";"6";"6";"11";"11";"1";"31";"0"
"2023";"08";"021801";"ANCASH";"SANTA";"CHIMBOTE";"GOBIERNO REGIONAL";"II-2";"00001652";"HOSPITAL LA CALETA";"242500";"HOSPITALIZACIÓN-PEDIATRÍA GENERAL-";"150";"151";"587";"566";"22";"682";"3"
"2023";"08";"021801";"ANCASH";"SANTA";"CHIMBOTE";"GOBIERNO REGIONAL";"II-2";"00001652";"HOSPITAL LA CALETA";"241600";"HOSPITALIZACIÓN QUIRÚRGICA OBSTETRICIA   ";"200";"211";"211";"608";"20";"620";"0"
"2023";"08";"021801";"ANCASH";"SANTA";"CHIMBOTE";"GOBIERNO REGIONAL";"II-2";"00001652";"HOSPITAL LA CALETA";"241500";"HOSPITALIZACIÓN QUIRÚRGICA GINECOLOGÍA  ";"23";"22";"69";"43";"2";"62";"0"
"2023";"08";"120305";"JUNIN";"CHANCHAMAYO";"SAN RAMON";"GOBIERNO REGIONAL";"I-4";"00000354";"SAN RAMON";"241600";"HOSPITALIZACIÓN QUIRÚRGICA OBSTETRICIA   ";"4";"4";"6";"6";"5";"150";"0"
"2023";"08";"120306";"JUNIN";"CHANCHAMAYO";"VITOC";"GOBIERNO REGIONAL";"I-1";"00000359";"VISCATAN";"NE_0001";"";"NE_0001";"NE_0001";"NE_0001";"NE_0001";"NE_0001";"NE_0001";"NE_0001"
"2023";"08";"120416";"JUNIN";"JAUJA";"MASMA";"GOBIERNO REGIONAL";"I-1";"00000361";"UCHUBAMBA";"NE_0001";"";"NE_0001";"NE_0001";"NE_0001";"NE_0001";"NE_0001";"NE_0001";"NE_0001"
"2023";"08";"120305";"JUNIN";"CHANCHAMAYO";"SAN RAMON";"GOBIERNO REGIONAL";"I-2";"00000356";"LA ESPERANZA";"NE_0001";"";"NE_0001";"NE_0001";"NE_0001";"NE_0001";"NE_0001";"NE_0001";"NE_0001"
"2023";"08";"120419";"JUNIN";"JAUJA";"MONOBAMBA";"GOBIERNO REGIONAL";"I-1";"00000363";"CHACAYBAMBA";"NE_0001";"";"NE_0001";"NE_0001";"NE_0001";"NE_0001";"NE_0001";"NE_0001";"NE_0001"
"2023";"08";"120419";"JUNIN";"JAUJA";"MONOBAMBA";"GOBIERNO REGIONAL";"I-2";"00000362";"MONOBAMBA";"NE_0001";"";"NE_0001";"NE_0001";"NE_0001";"NE_0001";"NE_0001";"NE_0001";"NE_0001"
"2023";"08";"120306";"JUNIN";"CHANCHAMAYO";"VITOC";"GOBIERNO REGIONAL";"I-2";"00000358";"VITOC";"NE_0001";"";"NE_0001";"NE_0001";"NE_0001";"NE_0001";"NE_0001";"NE_0001";"NE_0001"
"2023";"08";"120306";"JUNIN";"CHANCHAMAYO";"VITOC";"GOBIERNO REGIONAL";"I-1";"00000360";"UTCUYACU";"NE_0001";"";"NE_0001";"NE_0001";"NE_0001";"NE_0001";"NE_0001";"NE_0001";"NE_0001"
"2023";"08";"120305";"JUNIN";"CHANCHAMAYO";"SAN RAMON";"GOBIERNO REGIONAL";"I-2";"00000355";"NARANJAL";"NE_0001";"";"NE_0001";"NE_0001";"NE_0001";"NE_0001";"NE_0001";"NE_0001";"NE_0001"
"2023";"05";"150120";"LIMA";"LIMA";"MAGDALENA DEL MAR";"MINSA";"III-1";"00006214";"HOSPITAL VICTOR LARCO HERRERA";"242202";"HOSPITALIZACIÓN DE MEDICINA PSIQUIATRÍA PSIQUIATRÍA DEL ADULTO Y GERONTE";"35";"18";"702";"2032";"88";"2790";"0"
"2023";"05";"110211";"ICA";"CHINCHA";"TAMBO DE MORA";"ESSALUD";"I-2";"00012023";"TAMBO DE MORA";"NE_0001";"";"NE_0001";"NE_0001";"NE_0001";"NE_0001";"NE_0001";"NE_0001";"NE_0001"
"2023";"04";"250304";"UCAYALI";"PADRE ABAD";"NESHUYA";"GOBIERNO REGIONAL";"I-1";"00030507";"PUESTO DE SALUD MAR DE PLATA";"NE_0001";"";"NE_0001";"NE_0001";"NE_0001";"NE_0001";"NE_0001";"NE_0001";"NE_0001"
"2023";"04";"250304";"UCAYALI";"PADRE ABAD";"NESHUYA";"GOBIERNO REGIONAL";"I-1";"00007461";"SANTA ROSA DE GUINEA";"NE_0001";"";"NE_0001";"NE_0001";"NE_0001";"NE_0001";"NE_0001";"NE_0001";"NE_0001"
"2023";"04";"250304";"UCAYALI";"PADRE ABAD";"NESHUYA";"GOBIERNO REGIONAL";"I-1";"00007116";"VILLA DEL CAMPO";"NE_0001";"";"NE_0001";"NE_0001";"NE_0001";"NE_0001";"NE_0001";"NE_0001";"NE_0001"
"2023";"04";"250305";"UCAYALI";"PADRE ABAD";"ALEXANDER VON HUMBOLDT";"GOBIERNO REGIONAL";"I-1";"00005421";"EL MILAGRO KM   83";"NE_0001";"";"NE_0001";"NE_0001";"NE_0001";"NE_0001";"NE_0001";"NE_0001";"NE_0001"
"2023";"04";"250304";"UCAYALI";"PADRE ABAD";"NESHUYA";"GOBIERNO REGIONAL";"I-1";"00005420";"NUEVO SAN JUAN KM. 69";"NE_0001";"";"NE_0001";"NE_0001";"NE_0001";"NE_0001";"NE_0001";"NE_0001";"NE_0001"
"2023";"04";"250304";"UCAYALI";"PADRE ABAD";"NESHUYA";"GOBIERNO REGIONAL";"I-1";"00005419";"LA UNION";"NE_0001";"";"NE_0001";"NE_0001";"NE_0001";"NE_0001";"NE_0001";"NE_0001";"NE_0001"
"2023";"04";"250304";"UCAYALI";"PADRE ABAD";"NESHUYA";"GOBIERNO REGIONAL";"I-2";"00005418";"MONTE DE LOS OLIVOS";"NE_0001";"";"NE_0001";"NE_0001";"NE_0001";"NE_0001";"NE_0001";"NE_0001";"NE_0001"
"2023";"04";"250304";"UCAYALI";"PADRE ABAD";"NESHUYA";"GOBIERNO REGIONAL";"I-1";"00005417";"SAN JUAN KM. 71";"NE_0001";"";"NE_0001";"NE_0001";"NE_0001";"NE_0001";"NE_0001";"NE_0001";"NE_0001"
"2023";"04";"250305";"UCAYALI";"PADRE ABAD";"ALEXANDER VON HUMBOLDT";"GOBIERNO REGIONAL";"I-2";"00005416";"VON HUMBOLTD";"NE_0001";"";"NE_0001";"NE_0001";"NE_0001";"NE_0001";"NE_0001";"NE_0001";"NE_0001"
"2023";"04";"250304";"UCAYALI";"PADRE ABAD";"NESHUYA";"GOBIERNO REGIONAL";"I-3";"00005415";"MONTE ALEGRE-NESHUYA";"NE_0001";"";"NE_0001";"NE_0001";"NE_0001";"NE_0001";"NE_0001";"NE_0001";"NE_0001"
"2023";"05";"130105";"LA LIBERTAD";"TRUJILLO";"LA ESPERANZA";"ESSALUD";"III-E";"00020925";"HOSPITAL DE ALTA COMPLEJIDAD DE LA LIBERTAD VIRGEN DE LA PUERTA";"241900";"HOSPITALIZACIÓN DE MEDICINA MEDICINA INTERNA ";"191";"305";"2935";"2730";"96";"2880";"17"
"2023";"05";"130105";"LA LIBERTAD";"TRUJILLO";"LA ESPERANZA";"ESSALUD";"III-E";"00020925";"HOSPITAL DE ALTA COMPLEJIDAD DE LA LIBERTAD VIRGEN DE LA PUERTA";"250100";"UNIDAD DE CUIDADOS CRITICOS UNIDAD  DE CUIDADOS INTENSIVOS GENERALES (UCI) ";"37";"14";"221";"396";"14";"420";"3"
"2023";"05";"130105";"LA LIBERTAD";"TRUJILLO";"LA ESPERANZA";"ESSALUD";"III-E";"00020925";"HOSPITAL DE ALTA COMPLEJIDAD DE LA LIBERTAD VIRGEN DE LA PUERTA";"250200";"UNIDAD DE CUIDADOS CRITICOS UNIDAD DE CUIDADOS INTERMEDIOS GENERAL  (UCIN) ";"92";"72";"544";"873";"30";"900";"1"
"2023";"05";"130105";"LA LIBERTAD";"TRUJILLO";"LA ESPERANZA";"ESSALUD";"III-E";"00020925";"HOSPITAL DE ALTA COMPLEJIDAD DE LA LIBERTAD VIRGEN DE LA PUERTA";"240100";"HOSPITALIZACIÓN QUIRÚRGICA CIRUGÍA GENERAL ";"170";"194";"1370";"971";"36";"1080";"0"
"2023";"05";"130105";"LA LIBERTAD";"TRUJILLO";"LA ESPERANZA";"ESSALUD";"III-E";"00020925";"HOSPITAL DE ALTA COMPLEJIDAD DE LA LIBERTAD VIRGEN DE LA PUERTA";"241500";"HOSPITALIZACIÓN QUIRÚRGICA GINECOLOGÍA  ";"136";"132";"453";"414";"15";"450";"0"
"2023";"05";"130105";"LA LIBERTAD";"TRUJILLO";"LA ESPERANZA";"ESSALUD";"III-E";"00020925";"HOSPITAL DE ALTA COMPLEJIDAD DE LA LIBERTAD VIRGEN DE LA PUERTA";"242300";"HOSPITALIZACIÓN DE PEDIATRÍA  PEDIATRÍA  GENERAL ";"48";"81";"681";"405";"15";"450";"2"
"2023";"05";"080708";"CUSCO";"CHUMBIVILCAS";"VELILLE";"GOBIERNO REGIONAL";"I-1";"00025371";"TUNTUMA";"NE_0001";"";"NE_0001";"NE_0001";"NE_0001";"NE_0001";"NE_0001";"NE_0001";"NE_0001"
"2023";"05";"080701";"CUSCO";"CHUMBIVILCAS";"SANTO TOMAS";"GOBIERNO REGIONAL";"I-2";"00002399";"PULPERA";"NE_0001";"";"NE_0001";"NE_0001";"NE_0001";"NE_0001";"NE_0001";"NE_0001";"NE_0001"
"2023";"05";"080708";"CUSCO";"CHUMBIVILCAS";"VELILLE";"GOBIERNO REGIONAL";"I-1";"00008912";"ALCCA VICTORIA";"NE_0001";"";"NE_0001";"NE_0001";"NE_0001";"NE_0001";"NE_0001";"NE_0001";"NE_0001"
"2023";"05";"040401";"AREQUIPA";"CASTILLA";"APLAO";"GOBIERNO REGIONAL";"I-3";"00024409";"CENTRO DE SALUD MENTAL COMUNITARIO LA REAL C.C.U.";"NE_0001";"";"NE_0001";"NE_0001";"NE_0001";"NE_0001";"NE_0001";"NE_0001";"NE_0001"
"2023";"05";"070101";"CALLAO";"CALLAO";"CALLAO";"GOBIERNO REGIONAL";"I-2";"00006242";"PUESTO DE SALUD PLAYA RIMAC";"NE_0001";"";"NE_0001";"NE_0001";"NE_0001";"NE_0001";"NE_0001";"NE_0001";"NE_0001"
"2023";"05";"070101";"CALLAO";"CALLAO";"CALLAO";"GOBIERNO REGIONAL";"I-2";"00006248";"PUESTO DE SALUD POLIGONO IV";"NE_0001";"";"NE_0001";"NE_0001";"NE_0001";"NE_0001";"NE_0001";"NE_0001";"NE_0001"
"2023";"05";"070101";"CALLAO";"CALLAO";"CALLAO";"GOBIERNO REGIONAL";"I-2";"00006241";"PUESTO DE SALUD AEROPUERTO";"NE_0001";"";"NE_0001";"NE_0001";"NE_0001";"NE_0001";"NE_0001";"NE_0001";"NE_0001"
"2023";"05";"081210";"CUSCO";"QUISPICANCHI";"OCONGATE";"GOBIERNO REGIONAL";"I-4";"00002536";"OCONGATE";"NE_0002";"";"NE_0002";"NE_0002";"NE_0002";"NE_0002";"NE_0002";"NE_0002";"NE_0002"
"2023";"05";"080702";"CUSCO";"CHUMBIVILCAS";"CAPACMARCA";"GOBIERNO REGIONAL";"I-3";"00002401";"CCAPACMARCA";"NE_0001";"";"NE_0001";"NE_0001";"NE_0001";"NE_0001";"NE_0001";"NE_0001";"NE_0001"
"2023";"05";"080702";"CUSCO";"CHUMBIVILCAS";"CAPACMARCA";"GOBIERNO REGIONAL";"I-1";"00009963";"CANCAHUANI";"NE_0001";"";"NE_0001";"NE_0001";"NE_0001";"NE_0001";"NE_0001";"NE_0001";"NE_0001"
"2023";"05";"070101";"CALLAO";"CALLAO";"CALLAO";"GOBIERNO REGIONAL";"I-2";"00006669";"SANIDAD AEREA INTERNACIONAL";"NE_0001";"";"NE_0001";"NE_0001";"NE_0001";"NE_0001";"NE_0001";"NE_0001";"NE_0001"
"2023";"05";"070101";"CALLAO";"CALLAO";"CALLAO";"GOBIERNO REGIONAL";"I-2";"00006668";"SANIDAD MARITIMA";"NE_0001";"";"NE_0001";"NE_0001";"NE_0001";"NE_0001";"NE_0001";"NE_0001";"NE_0001"
"2023";"05";"150113";"LIMA";"LIMA";"JESUS MARIA";"PRIVADO";"II-E";"00009089";"ONCOGYN CLINICA INTEGRAL";"241400";"HOSPITALIZACIÓN QUIRÚRGICA GINECO - OBSTETRICIA ";"3";"3";"3";"3";"4";"124";"0"
"2023";"05";"150140";"LIMA";"LIMA";"SANTIAGO DE SURCO";"PRIVADO";"II-E";"00023741";"CLINICA OFTALMO VISSUM";"NE_0001";"";"NE_0001";"NE_0001";"NE_0001";"NE_0001";"NE_0001";"NE_0001";"NE_0001"
"2023";"07";"110102";"ICA";"ICA";"LA TINGUIÑA";"ESSALUD";"I-3";"00024531";"LA TINGUIÑA";"NE_0001";"";"NE_0001";"NE_0001";"NE_0001";"NE_0001";"NE_0001";"NE_0001";"NE_0001"
"2023";"07";"220602";"SAN MARTIN";"MARISCAL CACERES";"CAMPANILLA";"GOBIERNO REGIONAL";"I-3";"00006575";"CAMPANILLA";"NE_0001";"";"NE_0001";"NE_0001";"NE_0001";"NE_0001";"NE_0001";"NE_0001";"NE_0001"
"2023";"07";"220602";"SAN MARTIN";"MARISCAL CACERES";"CAMPANILLA";"GOBIERNO REGIONAL";"I-1";"00006579";"NUEVO JAEN";"NE_0001";"";"NE_0001";"NE_0001";"NE_0001";"NE_0001";"NE_0001";"NE_0001";"NE_0001"
"2023";"07";"220602";"SAN MARTIN";"MARISCAL CACERES";"CAMPANILLA";"GOBIERNO REGIONAL";"I-1";"00006577";"SHUMANZA";"NE_0001";"";"NE_0001";"NE_0001";"NE_0001";"NE_0001";"NE_0001";"NE_0001";"NE_0001"
"2023";"07";"220602";"SAN MARTIN";"MARISCAL CACERES";"CAMPANILLA";"GOBIERNO REGIONAL";"I-1";"00006578";"SION";"NE_0001";"";"NE_0001";"NE_0001";"NE_0001";"NE_0001";"NE_0001";"NE_0001";"NE_0001"
"2023";"07";"220602";"SAN MARTIN";"MARISCAL CACERES";"CAMPANILLA";"GOBIERNO REGIONAL";"I-1";"00006576";"BALZAYACU";"NE_0001";"";"NE_0001";"NE_0001";"NE_0001";"NE_0001";"NE_0001";"NE_0001";"NE_0001"
"2023";"07";"220602";"SAN MARTIN";"MARISCAL CACERES";"CAMPANILLA";"GOBIERNO REGIONAL";"I-1";"00006715";"PERLAMAYO";"NE_0001";"";"NE_0001";"NE_0001";"NE_0001";"NE_0001";"NE_0001";"NE_0001";"NE_0001"
"2023";"07";"120603";"JUNIN";"SATIPO";"LLAYLLA";"GOBIERNO REGIONAL";"I-3";"00000490";"LLAYLLA";"NE_0001";"";"NE_0001";"NE_0001";"NE_0001";"NE_0001";"NE_0001";"NE_0001";"NE_0001"
"2023";"07";"120603";"JUNIN";"SATIPO";"LLAYLLA";"GOBIERNO REGIONAL";"I-2";"00000491";"HERMOSA PAMPA";"NE_0001";"";"NE_0001";"NE_0001";"NE_0001";"NE_0001";"NE_0001";"NE_0001";"NE_0001"
"2023";"07";"140101";"LAMBAYEQUE";"CHICLAYO";"CHICLAYO";"PRIVADO";"II-E";"00012457";"CLINICA PROVIDA";"240800";"HOSPITALIZACIÓN QUIRÚRGICA CIRUGÍA PLÁSTICA/RECONSTRUCTIVA/ REPARADORA ";"15";"15";"9";"15";"1";"31";"0"
"2023";"07";"140101";"LAMBAYEQUE";"CHICLAYO";"CHICLAYO";"PRIVADO";"II-E";"00012457";"CLINICA PROVIDA";"240400";"HOSPITALIZACIÓN QUIRÚRGICA CIRUGÍA DE TÓRAX Y CARDIOVASCULAR ";"5";"4";"14";"5";"1";"31";"0"
"2023";"07";"140101";"LAMBAYEQUE";"CHICLAYO";"CHICLAYO";"PRIVADO";"II-E";"00012457";"CLINICA PROVIDA";"240100";"HOSPITALIZACIÓN QUIRÚRGICA CIRUGÍA GENERAL ";"19";"17";"27";"19";"1";"31";"0"
"2023";"07";"140101";"LAMBAYEQUE";"CHICLAYO";"CHICLAYO";"PRIVADO";"II-E";"00012457";"CLINICA PROVIDA";"241200";"HOSPITALIZACIÓN QUIRÚRGICA TRAUMATOLOGÍA Y ORTOPEDIA ";"25";"23";"63";"25";"4";"124";"1"
"2023";"07";"140101";"LAMBAYEQUE";"CHICLAYO";"CHICLAYO";"PRIVADO";"II-E";"00012457";"CLINICA PROVIDA";"241400";"HOSPITALIZACIÓN QUIRÚRGICA GINECO - OBSTETRICIA ";"30";"28";"30";"30";"2";"62";"0"
"2023";"07";"140101";"LAMBAYEQUE";"CHICLAYO";"CHICLAYO";"PRIVADO";"II-E";"00012457";"CLINICA PROVIDA";"242100";"HOSPITALIZACIÓN DE MEDICINA ONCOLOGÍA MÉDICA ";"5";"4";"30";"5";"1";"31";"2"
"2023";"07";"140101";"LAMBAYEQUE";"CHICLAYO";"CHICLAYO";"PRIVADO";"II-E";"00012457";"CLINICA PROVIDA";"240700";"HOSPITALIZACIÓN QUIRÚRGICA CIRUGÍA PEDIÁTRICA ";"2";"2";"6";"2";"1";"31";"0"
"2023";"07";"140101";"LAMBAYEQUE";"CHICLAYO";"CHICLAYO";"PRIVADO";"II-E";"00012457";"CLINICA PROVIDA";"241300";"HOSPITALIZACIÓN QUIRÚRGICA UROLOGÍA  ";"8";"7";"3";"8";"1";"31";"0"
"2023";"07";"140101";"LAMBAYEQUE";"CHICLAYO";"CHICLAYO";"PRIVADO";"II-E";"00012457";"CLINICA PROVIDA";"241900";"HOSPITALIZACIÓN DE MEDICINA MEDICINA INTERNA ";"5";"5";"25";"5";"1";"31";"0"
"2023";"07";"140101";"LAMBAYEQUE";"CHICLAYO";"CHICLAYO";"PRIVADO";"II-E";"00012457";"CLINICA PROVIDA";"244300";"HOSPITALIZACIÓN DE MEDICINA GASTROENTEROLOGÍA  ";"1";"1";"10";"1";"1";"31";"0"
"2023";"07";"140101";"LAMBAYEQUE";"CHICLAYO";"CHICLAYO";"PRIVADO";"II-E";"00012457";"CLINICA PROVIDA";"240900";"HOSPITALIZACIÓN QUIRÚRGICA NEUROCIRUGÍA ";"1";"1";"7";"1";"1";"31";"0"
"2023";"07";"140101";"LAMBAYEQUE";"CHICLAYO";"CHICLAYO";"PRIVADO";"II-E";"00012457";"CLINICA PROVIDA";"241800";"HOSPITALIZACIÓN DE MEDICINA MEDICINA GENERAL ";"1";"1";"4";"1";"1";"31";"0"
"2023";"07";"140101";"LAMBAYEQUE";"CHICLAYO";"CHICLAYO";"PRIVADO";"II-E";"00012457";"CLINICA PROVIDA";"244600";"HOSPITALIZACIÓN DE MEDICINA NEFROLOGIA ";"1";"1";"1";"1";"1";"31";"0"
"2023";"07";"140101";"LAMBAYEQUE";"CHICLAYO";"CHICLAYO";"PRIVADO";"II-E";"00012457";"CLINICA PROVIDA";"241500";"HOSPITALIZACIÓN QUIRÚRGICA GINECOLOGÍA  ";"1";"1";"1";"1";"1";"31";"0"
"2023";"07";"150117";"LIMA";"LIMA";"LOS OLIVOS";"MUNICIPALIDAD DISTRITAL";"II-1";"00019787";"HOSPITAL MUNICIPAL LOS OLIVOS";"241800";"HOSPITALIZACIÓN DE MEDICINA MEDICINA GENERAL ";"9";"10";"27";"36";"25";"750";"0"
"2023";"07";"150117";"LIMA";"LIMA";"LOS OLIVOS";"MUNICIPALIDAD DISTRITAL";"II-1";"00019787";"HOSPITAL MUNICIPAL LOS OLIVOS";"240100";"HOSPITALIZACIÓN QUIRÚRGICA CIRUGÍA GENERAL ";"22";"22";"44";"66";"25";"750";"0"
"2023";"07";"150117";"LIMA";"LIMA";"LOS OLIVOS";"MUNICIPALIDAD DISTRITAL";"II-1";"00019787";"HOSPITAL MUNICIPAL LOS OLIVOS";"241300";"HOSPITALIZACIÓN QUIRÚRGICA UROLOGÍA  ";"2";"2";"5";"7";"25";"750";"0"
"2023";"07";"150117";"LIMA";"LIMA";"LOS OLIVOS";"MUNICIPALIDAD DISTRITAL";"II-1";"00019787";"HOSPITAL MUNICIPAL LOS OLIVOS";"241200";"HOSPITALIZACIÓN QUIRÚRGICA TRAUMATOLOGÍA Y ORTOPEDIA ";"2";"2";"4";"6";"25";"750";"0"
"2023";"07";"150117";"LIMA";"LIMA";"LOS OLIVOS";"MUNICIPALIDAD DISTRITAL";"II-1";"00019787";"HOSPITAL MUNICIPAL LOS OLIVOS";"241500";"HOSPITALIZACIÓN QUIRÚRGICA GINECOLOGÍA  ";"22";"23";"47";"23";"11";"330";"0"
"2023";"07";"130901";"LA LIBERTAD";"SANCHEZ CARRION";"HUAMACHUCO";"GOBIERNO REGIONAL";"I-2";"00005351";"PUENTE PIEDRA";"NE_0001";"";"NE_0001";"NE_0001";"NE_0001";"NE_0001";"NE_0001";"NE_0001";"NE_0001"
"2023";"07";"130901";"LA LIBERTAD";"SANCHEZ CARRION";"HUAMACHUCO";"GOBIERNO REGIONAL";"I-2";"00005355";"EL PALLAR";"NE_0001";"";"NE_0001";"NE_0001";"NE_0001";"NE_0001";"NE_0001";"NE_0001";"NE_0001"
"2023";"07";"130901";"LA LIBERTAD";"SANCHEZ CARRION";"HUAMACHUCO";"GOBIERNO REGIONAL";"I-2";"00005350";"CHOQUIZONGUILLO";"NE_0001";"";"NE_0001";"NE_0001";"NE_0001";"NE_0001";"NE_0001";"NE_0001";"NE_0001"
"2023";"07";"130901";"LA LIBERTAD";"SANCHEZ CARRION";"HUAMACHUCO";"GOBIERNO REGIONAL";"I-1";"00018226";"EL CAPULI";"NE_0001";"";"NE_0001";"NE_0001";"NE_0001";"NE_0001";"NE_0001";"NE_0001";"NE_0001"
"2023";"07";"130901";"LA LIBERTAD";"SANCHEZ CARRION";"HUAMACHUCO";"GOBIERNO REGIONAL";"I-1";"00029010";"PALLAR ALTO";"NE_0001";"";"NE_0001";"NE_0001";"NE_0001";"NE_0001";"NE_0001";"NE_0001";"NE_0001"
"2023";"07";"130901";"LA LIBERTAD";"SANCHEZ CARRION";"HUAMACHUCO";"GOBIERNO REGIONAL";"I-1";"00018123";"EL OLIVO";"NE_0001";"";"NE_0001";"NE_0001";"NE_0001";"NE_0001";"NE_0001";"NE_0001";"NE_0001"
"2023";"07";"040703";"AREQUIPA";"ISLAY";"DEAN VALDIVIA";"GOBIERNO REGIONAL";"I-3";"00001449";"CENTRO DE SALUD LA CURVA";"NE_0001";"";"NE_0001";"NE_0001";"NE_0001";"NE_0001";"NE_0001";"NE_0001";"NE_0001"
"2023";"07";"040703";"AREQUIPA";"ISLAY";"DEAN VALDIVIA";"GOBIERNO REGIONAL";"I-2";"00001450";"PUESTO DE SALUD ALTO ENSENADA";"NE_0001";"";"NE_0001";"NE_0001";"NE_0001";"NE_0001";"NE_0001";"NE_0001";"NE_0001"
"2023";"07";"040703";"AREQUIPA";"ISLAY";"DEAN VALDIVIA";"GOBIERNO REGIONAL";"I-2";"00001451";"PUESTO DE SALUD EL ARENAL";"NE_0001";"";"NE_0001";"NE_0001";"NE_0001";"NE_0001";"NE_0001";"NE_0001";"NE_0001"
"2023";"07";"040706";"AREQUIPA";"ISLAY";"PUNTA DE BOMBON";"GOBIERNO REGIONAL";"I-3";"00001446";"CENTRO DE SALUD LA PUNTA";"NE_0001";"";"NE_0001";"NE_0001";"NE_0001";"NE_0001";"NE_0001";"NE_0001";"NE_0001"
"2023";"08";"150801";"LIMA";"HUAURA";"HUACHO";"ESSALUD";"II-2";"00011337";"HOSPITAL II GUSTAVO LANATTA LUJAN - ESSALUD";"241800";"HOSPITALIZACIÓN DE MEDICINA MEDICINA GENERAL ";"97";"96";"793";"873";"36";"1116";"16"
"2023";"08";"150801";"LIMA";"HUAURA";"HUACHO";"ESSALUD";"II-2";"00011337";"HOSPITAL II GUSTAVO LANATTA LUJAN - ESSALUD";"240100";"HOSPITALIZACIÓN QUIRÚRGICA CIRUGÍA GENERAL ";"123";"125";"444";"479";"28";"868";"0"
"2023";"04";"021801";"ANCASH";"SANTA";"CHIMBOTE";"SANIDAD DE LA POLICIA NACIONAL DEL PERU";"I-3";"00017690";"POLICLINICO PNP CHIMBOTE";"NE_0001";"";"NE_0001";"NE_0001";"NE_0001";"NE_0001";"NE_0001";"NE_0001";"NE_0001"
"2023";"04";"220602";"SAN MARTIN";"MARISCAL CACERES";"CAMPANILLA";"GOBIERNO REGIONAL";"I-1";"00006577";"SHUMANZA";"NE_0001";"";"NE_0001";"NE_0001";"NE_0001";"NE_0001";"NE_0001";"NE_0001";"NE_0001"
"2023";"04";"220602";"SAN MARTIN";"MARISCAL CACERES";"CAMPANILLA";"GOBIERNO REGIONAL";"I-1";"00006578";"SION";"NE_0001";"";"NE_0001";"NE_0001";"NE_0001";"NE_0001";"NE_0001";"NE_0001";"NE_0001"
"2023";"04";"220602";"SAN MARTIN";"MARISCAL CACERES";"CAMPANILLA";"GOBIERNO REGIONAL";"I-1";"00006576";"BALZAYACU";"NE_0001";"";"NE_0001";"NE_0001";"NE_0001";"NE_0001";"NE_0001";"NE_0001";"NE_0001"
"2023";"04";"220602";"SAN MARTIN";"MARISCAL CACERES";"CAMPANILLA";"GOBIERNO REGIONAL";"I-1";"00006715";"PERLAMAYO";"NE_0001";"";"NE_0001";"NE_0001";"NE_0001";"NE_0001";"NE_0001";"NE_0001";"NE_0001"
"2023";"06";"060508";"CAJAMARCA";"CONTUMAZA";"YONAN";"ESSALUD";"I-2";"00010274";"POSTA MEDICA TEMBLADERA";"NE_0001";"";"NE_0001";"NE_0001";"NE_0001";"NE_0001";"NE_0001";"NE_0001";"NE_0001"
"2023";"06";"060101";"CAJAMARCA";"CAJAMARCA";"CAJAMARCA";"PRIVADO";"I-3";"00010487";"MARIA BELEN SRL";"NE_0001";"";"NE_0001";"NE_0001";"NE_0001";"NE_0001";"NE_0001";"NE_0001";"NE_0001"
"2023";"07";"040411";"AREQUIPA";"CASTILLA";"TIPAN";"GOBIERNO REGIONAL";"I-1";"00001400";"PUESTO DE SALUD TIPAN";"NE_0001";"";"NE_0001";"NE_0001";"NE_0001";"NE_0001";"NE_0001";"NE_0001";"NE_0001"
"2023";"07";"040412";"AREQUIPA";"CASTILLA";"UÑON";"GOBIERNO REGIONAL";"I-2";"00001403";"PUESTO DE SALUD UÑON";"NE_0001";"";"NE_0001";"NE_0001";"NE_0001";"NE_0001";"NE_0001";"NE_0001";"NE_0001"
"2023";"07";"040414";"AREQUIPA";"CASTILLA";"VIRACO";"GOBIERNO REGIONAL";"I-1";"00006766";"PUESTO DE SALUD HUAMI";"NE_0001";"";"NE_0001";"NE_0001";"NE_0001";"NE_0001";"NE_0001";"NE_0001";"NE_0001"
"2023";"07";"040408";"AREQUIPA";"CASTILLA";"MACHAGUAY";"GOBIERNO REGIONAL";"I-2";"00001402";"PUESTO DE SALUD MACHAGUAY";"NE_0001";"";"NE_0001";"NE_0001";"NE_0001";"NE_0001";"NE_0001";"NE_0001";"NE_0001"
"2023";"07";"040411";"AREQUIPA";"CASTILLA";"TIPAN";"GOBIERNO REGIONAL";"I-1";"00001401";"PUESTO DE SALUD TAGRE";"NE_0001";"";"NE_0001";"NE_0001";"NE_0001";"NE_0001";"NE_0001";"NE_0001";"NE_0001"
"2023";"07";"040414";"AREQUIPA";"CASTILLA";"VIRACO";"GOBIERNO REGIONAL";"I-3";"00001386";"CENTRO DE SALUD VIRACO";"NE_0001";"";"NE_0001";"NE_0001";"NE_0001";"NE_0001";"NE_0001";"NE_0001";"NE_0001"
"2023";"07";"150137";"LIMA";"LIMA";"SANTA ANITA";"MINSA";"III-1";"00005948";"HOSPITAL HERMILIO VALDIZAN";"242202";"HOSPITALIZACIÓN DE MEDICINA PSIQUIATRÍA PSIQUIATRÍA DEL ADULTO Y GERONTE";"46";"46";"22716";"3202";"159";"4929";"1"
"2023";"07";"040604";"AREQUIPA";"CONDESUYOS";"CHICHAS";"GOBIERNO REGIONAL";"I-1";"00001416";"YANQUE";"NE_0001";"";"NE_0001";"NE_0001";"NE_0001";"NE_0001";"NE_0001";"NE_0001";"NE_0001"
"2023";"07";"040607";"AREQUIPA";"CONDESUYOS";"SALAMANCA";"GOBIERNO REGIONAL";"I-2";"00001412";"PUESTO DE SALUD SALAMANCA";"NE_0001";"";"NE_0001";"NE_0001";"NE_0001";"NE_0001";"NE_0001";"NE_0001";"NE_0001"
"2023";"07";"040601";"AREQUIPA";"CONDESUYOS";"CHUQUIBAMBA";"GOBIERNO REGIONAL";"I-4";"00001388";"CENTRO DE SALUD CHUQUIBAMBA";"241600";"HOSPITALIZACIÓN QUIRÚRGICA OBSTETRICIA   ";"3";"3";"3";"4";"3";"89";"0"
"2023";"07";"040601";"AREQUIPA";"CONDESUYOS";"CHUQUIBAMBA";"GOBIERNO REGIONAL";"I-4";"00001388";"CENTRO DE SALUD CHUQUIBAMBA";"241800";"HOSPITALIZACIÓN DE MEDICINA MEDICINA GENERAL ";"1";"1";"1";"2";"11";"339";"0"
"2023";"07";"040608";"AREQUIPA";"CONDESUYOS";"YANAQUIHUA";"GOBIERNO REGIONAL";"I-3";"00001389";"CENTRO DE SALUD YANAQUIHUA";"NE_0001";"";"NE_0001";"NE_0001";"NE_0001";"NE_0001";"NE_0001";"NE_0001";"NE_0001"
"2023";"07";"040602";"AREQUIPA";"CONDESUYOS";"ANDARAY";"GOBIERNO REGIONAL";"I-2";"00001415";"PUESTO DE SALUD ANDARAY";"NE_0001";"";"NE_0001";"NE_0001";"NE_0001";"NE_0001";"NE_0001";"NE_0001";"NE_0001"
"2023";"08";"060807";"CAJAMARCA";"JAEN";"POMAHUACA";"GOBIERNO REGIONAL";"I-2";"00004248";"PALO BLANCO";"NE_0002";"";"NE_0002";"NE_0002";"NE_0002";"NE_0002";"NE_0002";"NE_0002";"NE_0002"
"2023";"08";"060804";"CAJAMARCA";"JAEN";"COLASAY";"GOBIERNO REGIONAL";"I-1";"00031333";"CHUNCHUCA";"NE_0002";"";"NE_0002";"NE_0002";"NE_0002";"NE_0002";"NE_0002";"NE_0002";"NE_0002"
"2023";"08";"060804";"CAJAMARCA";"JAEN";"COLASAY";"GOBIERNO REGIONAL";"I-1";"00007171";"LOS CEDROS DE COLASAY";"NE_0002";"";"NE_0002";"NE_0002";"NE_0002";"NE_0002";"NE_0002";"NE_0002";"NE_0002"
"2023";"08";"060804";"CAJAMARCA";"JAEN";"COLASAY";"GOBIERNO REGIONAL";"I-3";"00004237";"CHUNCHUQUILLO";"NE_0001";"";"NE_0001";"NE_0001";"NE_0001";"NE_0001";"NE_0001";"NE_0001";"NE_0001"
"2023";"08";"060804";"CAJAMARCA";"JAEN";"COLASAY";"GOBIERNO REGIONAL";"I-2";"00004238";"SAN LORENZO DE BARBASCO";"NE_0001";"";"NE_0001";"NE_0001";"NE_0001";"NE_0001";"NE_0001";"NE_0001";"NE_0001"
"2023";"08";"060807";"CAJAMARCA";"JAEN";"POMAHUACA";"GOBIERNO REGIONAL";"I-1";"00007122";"TAMBILLO";"NE_0002";"";"NE_0002";"NE_0002";"NE_0002";"NE_0002";"NE_0002";"NE_0002";"NE_0002"
"2023";"08";"040112";"AREQUIPA";"AREQUIPA";"PAUCARPATA";"GOBIERNO REGIONAL";"I-3";"00001313";"CENTRO DE SALUD NUEVA ALBORADA";"NE_0001";"";"NE_0001";"NE_0001";"NE_0001";"NE_0001";"NE_0001";"NE_0001";"NE_0001"
"2023";"08";"060401";"CAJAMARCA";"CHOTA";"CHOTA";"GOBIERNO REGIONAL";"II-1";"00004659";"HOSPITAL DE APOYO CHOTA - JOSE SOTO CADENILLAS";"240100";"HOSPITALIZACIÓN QUIRÚRGICA CIRUGÍA GENERAL ";"50";"62";"249";"382";"16";"496";"0"
"2023";"08";"060401";"CAJAMARCA";"CHOTA";"CHOTA";"GOBIERNO REGIONAL";"II-1";"00004659";"HOSPITAL DE APOYO CHOTA - JOSE SOTO CADENILLAS";"241400";"HOSPITALIZACIÓN QUIRÚRGICA GINECO - OBSTETRICIA ";"161";"169";"369";"328";"20";"620";"0"
"2023";"08";"060401";"CAJAMARCA";"CHOTA";"CHOTA";"GOBIERNO REGIONAL";"II-1";"00004659";"HOSPITAL DE APOYO CHOTA - JOSE SOTO CADENILLAS";"241800";"HOSPITALIZACIÓN DE MEDICINA MEDICINA GENERAL ";"77";"92";"341";"310";"11";"341";"0"
"2023";"08";"060401";"CAJAMARCA";"CHOTA";"CHOTA";"GOBIERNO REGIONAL";"II-1";"00004659";"HOSPITAL DE APOYO CHOTA - JOSE SOTO CADENILLAS";"242500";"HOSPITALIZACIÓN-PEDIATRÍA GENERAL-";"78";"84";"259";"222";"8";"248";"0"
"2023";"08";"060607";"CAJAMARCA";"CUTERVO";"QUEROCOTILLO";"GOBIERNO REGIONAL";"I-1";"00007101";"EL GUAYO";"NE_0001";"";"NE_0001";"NE_0001";"NE_0001";"NE_0001";"NE_0001";"NE_0001";"NE_0001"
"2023";"08";"060601";"CAJAMARCA";"CUTERVO";"CUTERVO";"GOBIERNO REGIONAL";"I-1";"00006851";"HUICHUD";"NE_0001";"";"NE_0001";"NE_0001";"NE_0001";"NE_0001";"NE_0001";"NE_0001";"NE_0001"
"2023";"08";"060601";"CAJAMARCA";"CUTERVO";"CUTERVO";"GOBIERNO REGIONAL";"I-1";"00007102";"SANICULLO ALTO";"NE_0001";"";"NE_0001";"NE_0001";"NE_0001";"NE_0001";"NE_0001";"NE_0001";"NE_0001"
"2023";"08";"060607";"CAJAMARCA";"CUTERVO";"QUEROCOTILLO";"GOBIERNO REGIONAL";"I-1";"00007746";"LAGUNAS";"NE_0001";"";"NE_0001";"NE_0001";"NE_0001";"NE_0001";"NE_0001";"NE_0001";"NE_0001"
"2023";"08";"060607";"CAJAMARCA";"CUTERVO";"QUEROCOTILLO";"GOBIERNO REGIONAL";"I-1";"00007747";"PAJURILLO";"NE_0001";"";"NE_0001";"NE_0001";"NE_0001";"NE_0001";"NE_0001";"NE_0001";"NE_0001"
"2023";"08";"060601";"CAJAMARCA";"CUTERVO";"CUTERVO";"GOBIERNO REGIONAL";"I-1";"00007752";"SANTA CLARA DE CAMSE";"NE_0001";"";"NE_0001";"NE_0001";"NE_0001";"NE_0001";"NE_0001";"NE_0001";"NE_0001"
"2023";"08";"060601";"CAJAMARCA";"CUTERVO";"CUTERVO";"GOBIERNO REGIONAL";"I-2";"00004994";"PAYAC";"NE_0001";"";"NE_0001";"NE_0001";"NE_0001";"NE_0001";"NE_0001";"NE_0001";"NE_0001"
"2023";"08";"070102";"CALLAO";"CALLAO";"BELLAVISTA";"PRIVADO";"II-1";"00009250";"CLINICAS AUNA - SEDE BELLAVISTA";"240000";"HOSPITALIZACIÓN";"139";"142";"367";"359";"19";"589";"0"
"2023";"08";"070102";"CALLAO";"CALLAO";"BELLAVISTA";"PRIVADO";"II-1";"00009250";"CLINICAS AUNA - SEDE BELLAVISTA";"250100";"UNIDAD DE CUIDADOS CRITICOS UNIDAD  DE CUIDADOS INTENSIVOS GENERALES (UCI) ";"2";"2";"31";"33";"3";"93";"1"
"2023";"08";"140101";"LAMBAYEQUE";"CHICLAYO";"CHICLAYO";"PRIVADO";"I-3";"00008229";"SERVIMEDICOS S.A.C.";"NE_0001";"";"NE_0001";"NE_0001";"NE_0001";"NE_0001";"NE_0001";"NE_0001";"NE_0001"
"2023";"08";"100102";"HUANUCO";"HUANUCO";"AMARILIS";"PRIVADO";"II-E";"00027693";"CENTRO MEDICO ESPECIALIZADO PRIMAVERA";"NE_0002";"";"NE_0002";"NE_0002";"NE_0002";"NE_0002";"NE_0002";"NE_0002";"NE_0002"
"2023";"08";"150136";"LIMA";"LIMA";"SAN MIGUEL";"ESSALUD";"II-1";"00008564";"HOSPITAL I OCTAVIO MONGRUT MUÑOZ";"241900";"HOSPITALIZACIÓN DE MEDICINA MEDICINA INTERNA ";"79";"77";"432";"442";"18";"567";"4"
"2023";"08";"150136";"LIMA";"LIMA";"SAN MIGUEL";"ESSALUD";"II-1";"00008564";"HOSPITAL I OCTAVIO MONGRUT MUÑOZ";"240100";"HOSPITALIZACIÓN QUIRÚRGICA CIRUGÍA GENERAL ";"49";"47";"73";"75";"5";"150";"0"
"2023";"08";"150136";"LIMA";"LIMA";"SAN MIGUEL";"ESSALUD";"II-1";"00008564";"HOSPITAL I OCTAVIO MONGRUT MUÑOZ";"241500";"HOSPITALIZACIÓN QUIRÚRGICA GINECOLOGÍA  ";"22";"25";"61";"47";"3";"82";"0"
"2023";"08";"150136";"LIMA";"LIMA";"SAN MIGUEL";"ESSALUD";"II-1";"00008564";"HOSPITAL I OCTAVIO MONGRUT MUÑOZ";"241600";"HOSPITALIZACIÓN QUIRÚRGICA OBSTETRICIA   ";"81";"74";"157";"164";"9";"268";"0"
"2023";"08";"150136";"LIMA";"LIMA";"SAN MIGUEL";"ESSALUD";"II-1";"00008564";"HOSPITAL I OCTAVIO MONGRUT MUÑOZ";"242300";"HOSPITALIZACIÓN DE PEDIATRÍA  PEDIATRÍA  GENERAL ";"45";"46";"136";"135";"11";"350";"0"
"2023";"08";"021701";"ANCASH";"RECUAY";"RECUAY";"GOBIERNO REGIONAL";"II-1";"00001472";"HOSPITAL DE APOYO RECUAY";"241500";"HOSPITALIZACIÓN QUIRÚRGICA GINECOLOGÍA  ";"4";"4";"17";"14";"1";"31";"0"
"2023";"08";"021701";"ANCASH";"RECUAY";"RECUAY";"GOBIERNO REGIONAL";"II-1";"00001472";"HOSPITAL DE APOYO RECUAY";"241600";"HOSPITALIZACIÓN QUIRÚRGICA OBSTETRICIA   ";"4";"5";"10";"7";"1";"31";"0"
"2023";"08";"021701";"ANCASH";"RECUAY";"RECUAY";"GOBIERNO REGIONAL";"II-1";"00001472";"HOSPITAL DE APOYO RECUAY";"241800";"HOSPITALIZACIÓN DE MEDICINA MEDICINA GENERAL ";"10";"10";"27";"27";"4";"124";"0"
"2023";"08";"021701";"ANCASH";"RECUAY";"RECUAY";"GOBIERNO REGIONAL";"II-1";"00001472";"HOSPITAL DE APOYO RECUAY";"242500";"HOSPITALIZACIÓN-PEDIATRÍA GENERAL-";"3";"3";"9";"9";"1";"31";"0"
"2023";"08";"090301";"HUANCAVELICA";"ANGARAES";"LIRCAY";"GOBIERNO REGIONAL";"I-1";"00003951";"TUCSIPAMPA";"NE_0001";"";"NE_0001";"NE_0001";"NE_0001";"NE_0001";"NE_0001";"NE_0001";"NE_0001"
"2023";"08";"090301";"HUANCAVELICA";"ANGARAES";"LIRCAY";"GOBIERNO REGIONAL";"I-1";"00003950";"CHALLHUAPUQUIO";"NE_0001";"";"NE_0001";"NE_0001";"NE_0001";"NE_0001";"NE_0001";"NE_0001";"NE_0001"
"2023";"08";"090307";"HUANCAVELICA";"ANGARAES";"HUANCA-HUANCA";"GOBIERNO REGIONAL";"I-2";"00003953";"HUANCA HUANCA";"NE_0001";"";"NE_0001";"NE_0001";"NE_0001";"NE_0001";"NE_0001";"NE_0001";"NE_0001"
"2023";"08";"090312";"HUANCAVELICA";"ANGARAES";"SECCLLA";"GOBIERNO REGIONAL";"I-1";"00003970";"QUISPICANCHA";"NE_0001";"";"NE_0001";"NE_0001";"NE_0001";"NE_0001";"NE_0001";"NE_0001";"NE_0001"
"2023";"08";"090301";"HUANCAVELICA";"ANGARAES";"LIRCAY";"GOBIERNO REGIONAL";"I-1";"00011769";"YANAUTUTO";"NE_0001";"";"NE_0001";"NE_0001";"NE_0001";"NE_0001";"NE_0001";"NE_0001";"NE_0001"
"2023";"08";"090303";"HUANCAVELICA";"ANGARAES";"CALLANMARCA";"GOBIERNO REGIONAL";"I-1";"00003952";"CALLANMARCA";"NE_0001";"";"NE_0001";"NE_0001";"NE_0001";"NE_0001";"NE_0001";"NE_0001";"NE_0001"
"2023";"08";"090304";"HUANCAVELICA";"ANGARAES";"CCOCHACCASA";"GOBIERNO REGIONAL";"I-1";"00003957";"CCASCCABAMBA";"NE_0001";"";"NE_0001";"NE_0001";"NE_0001";"NE_0001";"NE_0001";"NE_0001";"NE_0001"
"2023";"08";"090302";"HUANCAVELICA";"ANGARAES";"ANCHONGA";"GOBIERNO REGIONAL";"I-3";"00003959";"PARCO ALTO";"NE_0002";"";"NE_0002";"NE_0002";"NE_0002";"NE_0002";"NE_0002";"NE_0002";"NE_0002"
"2023";"08";"090306";"HUANCAVELICA";"ANGARAES";"CONGALLA";"GOBIERNO REGIONAL";"I-2";"00003972";"CONGALLA";"NE_0001";"";"NE_0001";"NE_0001";"NE_0001";"NE_0001";"NE_0001";"NE_0001";"NE_0001"
"2023";"08";"090301";"HUANCAVELICA";"ANGARAES";"LIRCAY";"GOBIERNO REGIONAL";"I-1";"00007384";"SAN JUAN DE AHUAY";"NE_0001";"";"NE_0001";"NE_0001";"NE_0001";"NE_0001";"NE_0001";"NE_0001";"NE_0001"
"2023";"08";"090301";"HUANCAVELICA";"ANGARAES";"LIRCAY";"GOBIERNO REGIONAL";"I-2";"00007385";"SAN JUAN DE DIOS DE CCOLLPAPAMPA";"NE_0001";"";"NE_0001";"NE_0001";"NE_0001";"NE_0001";"NE_0001";"NE_0001";"NE_0001"
"2023";"08";"090302";"HUANCAVELICA";"ANGARAES";"ANCHONGA";"GOBIERNO REGIONAL";"I-2";"00003960";"TUCO";"NE_0001";"";"NE_0001";"NE_0001";"NE_0001";"NE_0001";"NE_0001";"NE_0001";"NE_0001"
"2023";"08";"090309";"HUANCAVELICA";"ANGARAES";"JULCAMARCA";"GOBIERNO REGIONAL";"I-3";"00003962";"JULCAMARCA";"NE_0002";"";"NE_0002";"NE_0002";"NE_0002";"NE_0002";"NE_0002";"NE_0002";"NE_0002"
"2023";"08";"090310";"HUANCAVELICA";"ANGARAES";"SAN ANTONIO DE ANTAPARCO";"GOBIERNO REGIONAL";"I-1";"00003965";"SAN ANTONIO DE ANTAPARCO";"NE_0001";"";"NE_0001";"NE_0001";"NE_0001";"NE_0001";"NE_0001";"NE_0001";"NE_0001"
"2023";"08";"090312";"HUANCAVELICA";"ANGARAES";"SECCLLA";"GOBIERNO REGIONAL";"I-1";"00003971";"TRANCA";"NE_0001";"";"NE_0001";"NE_0001";"NE_0001";"NE_0001";"NE_0001";"NE_0001";"NE_0001"
"2023";"08";"090302";"HUANCAVELICA";"ANGARAES";"ANCHONGA";"GOBIERNO REGIONAL";"I-3";"00006901";"BUENOS AIRES DE PARCO CHACAPUNCU";"NE_0001";"";"NE_0001";"NE_0001";"NE_0001";"NE_0001";"NE_0001";"NE_0001";"NE_0001"
"2023";"08";"090301";"HUANCAVELICA";"ANGARAES";"LIRCAY";"GOBIERNO REGIONAL";"I-1";"00007373";"SOCCLLABAMBA";"NE_0001";"";"NE_0001";"NE_0001";"NE_0001";"NE_0001";"NE_0001";"NE_0001";"NE_0001"
"2023";"08";"090301";"HUANCAVELICA";"ANGARAES";"LIRCAY";"GOBIERNO REGIONAL";"I-1";"00003946";"PIRCAPAHUANA";"NE_0001";"";"NE_0001";"NE_0001";"NE_0001";"NE_0001";"NE_0001";"NE_0001";"NE_0001"
"2023";"08";"090301";"HUANCAVELICA";"ANGARAES";"LIRCAY";"GOBIERNO REGIONAL";"I-2";"00003949";"CHAHUARMA";"NE_0001";"";"NE_0001";"NE_0001";"NE_0001";"NE_0001";"NE_0001";"NE_0001";"NE_0001"
"2023";"08";"090308";"HUANCAVELICA";"ANGARAES";"HUALLAY-GRANDE";"GOBIERNO REGIONAL";"I-2";"00003954";"HUAYLLAY GRANDE";"NE_0001";"";"NE_0001";"NE_0001";"NE_0001";"NE_0001";"NE_0001";"NE_0001";"NE_0001"
"2023";"08";"090302";"HUANCAVELICA";"ANGARAES";"ANCHONGA";"GOBIERNO REGIONAL";"I-1";"00003958";"ANCHONGA";"NE_0001";"";"NE_0001";"NE_0001";"NE_0001";"NE_0001";"NE_0001";"NE_0001";"NE_0001"
"2023";"08";"090305";"HUANCAVELICA";"ANGARAES";"CHINCHO";"GOBIERNO REGIONAL";"I-1";"00003963";"CHINCHO";"NE_0001";"";"NE_0001";"NE_0001";"NE_0001";"NE_0001";"NE_0001";"NE_0001";"NE_0001"
"2023";"08";"090306";"HUANCAVELICA";"ANGARAES";"CONGALLA";"GOBIERNO REGIONAL";"I-1";"00011199";"CHAYNABAMBA";"NE_0001";"";"NE_0001";"NE_0001";"NE_0001";"NE_0001";"NE_0001";"NE_0001";"NE_0001"
"2023";"08";"090302";"HUANCAVELICA";"ANGARAES";"ANCHONGA";"GOBIERNO REGIONAL";"I-1";"00011454";"ALTO MARAYNIYOCC";"NE_0001";"";"NE_0001";"NE_0001";"NE_0001";"NE_0001";"NE_0001";"NE_0001";"NE_0001"
"2023";"08";"090302";"HUANCAVELICA";"ANGARAES";"ANCHONGA";"GOBIERNO REGIONAL";"I-1";"00006930";"HUARIRUMI - CHONTACANCHA";"NE_0001";"";"NE_0001";"NE_0001";"NE_0001";"NE_0001";"NE_0001";"NE_0001";"NE_0001"
"2023";"08";"090302";"HUANCAVELICA";"ANGARAES";"ANCHONGA";"GOBIERNO REGIONAL";"I-2";"00003961";"SAN PABLO DE OCCO";"NE_0001";"";"NE_0001";"NE_0001";"NE_0001";"NE_0001";"NE_0001";"NE_0001";"NE_0001"
"2023";"08";"090306";"HUANCAVELICA";"ANGARAES";"CONGALLA";"GOBIERNO REGIONAL";"I-1";"00003973";"YUNYACCASA";"NE_0001";"";"NE_0001";"NE_0001";"NE_0001";"NE_0001";"NE_0001";"NE_0001";"NE_0001"
"2023";"08";"090306";"HUANCAVELICA";"ANGARAES";"CONGALLA";"GOBIERNO REGIONAL";"I-1";"00003974";"CARCOSI";"NE_0001";"";"NE_0001";"NE_0001";"NE_0001";"NE_0001";"NE_0001";"NE_0001";"NE_0001"
"2023";"04";"150110";"LIMA";"LIMA";"COMAS";"PRIVADO";"II-E";"00030606";"VISANA CLINICA  ESPECIALIZADA OFTALMOLOGICA";"NE_0001";"";"NE_0001";"NE_0001";"NE_0001";"NE_0001";"NE_0001";"NE_0001";"NE_0001"
"2023";"04";"060601";"CAJAMARCA";"CUTERVO";"CUTERVO";"GOBIERNO REGIONAL";"I-2";"00004983";"CRUZ ROJA";"NE_0001";"";"NE_0001";"NE_0001";"NE_0001";"NE_0001";"NE_0001";"NE_0001";"NE_0001"
"2023";"04";"060601";"CAJAMARCA";"CUTERVO";"CUTERVO";"GOBIERNO REGIONAL";"I-1";"00004999";"LAS PALMAS DE TINYAYOC";"NE_0001";"";"NE_0001";"NE_0001";"NE_0001";"NE_0001";"NE_0001";"NE_0001";"NE_0001"
"2023";"01";"021803";"ANCASH";"SANTA";"COISHCO";"ESSALUD";"I-4";"00009055";"CENTRO MEDICO COISHCO";"NE_0001";"";"NE_0001";"NE_0001";"NE_0001";"NE_0001";"NE_0001";"NE_0001";"NE_0001"
"2023";"07";"220909";"SAN MARTIN";"SAN MARTIN";"LA BANDA DE SHILCAYO";"GOBIERNO REGIONAL";"I-1";"00006365";"PUESTO DE SALUD BELLO HORIZONTE";"NE_0001";"";"NE_0001";"NE_0001";"NE_0001";"NE_0001";"NE_0001";"NE_0001";"NE_0001"
"2023";"07";"220909";"SAN MARTIN";"SAN MARTIN";"LA BANDA DE SHILCAYO";"GOBIERNO REGIONAL";"I-1";"00006367";"LA UNION (SANIRARCA)";"NE_0001";"";"NE_0001";"NE_0001";"NE_0001";"NE_0001";"NE_0001";"NE_0001";"NE_0001"
"2023";"07";"220909";"SAN MARTIN";"SAN MARTIN";"LA BANDA DE SHILCAYO";"GOBIERNO REGIONAL";"I-1";"00006366";"LAS PALMAS";"NE_0001";"";"NE_0001";"NE_0001";"NE_0001";"NE_0001";"NE_0001";"NE_0001";"NE_0001"
"2023";"07";"220909";"SAN MARTIN";"SAN MARTIN";"LA BANDA DE SHILCAYO";"GOBIERNO REGIONAL";"I-1";"00006368";"PROGRESO KM.30";"NE_0001";"";"NE_0001";"NE_0001";"NE_0001";"NE_0001";"NE_0001";"NE_0001";"NE_0001"
"2023";"07";"220909";"SAN MARTIN";"SAN MARTIN";"LA BANDA DE SHILCAYO";"GOBIERNO REGIONAL";"I-1";"00006369";"SAN JOSE KM.34";"NE_0001";"";"NE_0001";"NE_0001";"NE_0001";"NE_0001";"NE_0001";"NE_0001";"NE_0001"
"2023";"07";"220909";"SAN MARTIN";"SAN MARTIN";"LA BANDA DE SHILCAYO";"GOBIERNO REGIONAL";"I-3";"00026698";"CENTRO DE SALUD MENTAL COMUNITARIO ""LA BANDA DE SHILCAYO""";"NE_0001";"";"NE_0001";"NE_0001";"NE_0001";"NE_0001";"NE_0001";"NE_0001";"NE_0001"
"2023";"06";"250302";"UCAYALI";"PADRE ABAD";"IRAZOLA";"GOBIERNO REGIONAL";"I-1";"00030643";"PUESTO DE SALUD NUEVA FLORIDA";"NE_0002";"";"NE_0002";"NE_0002";"NE_0002";"NE_0002";"NE_0002";"NE_0002";"NE_0002"
"2023";"06";"250302";"UCAYALI";"PADRE ABAD";"IRAZOLA";"GOBIERNO REGIONAL";"I-1";"00030642";"PUESTO DE SALUD NUEVA UNIÓN PALOMETA";"NE_0002";"";"NE_0002";"NE_0002";"NE_0002";"NE_0002";"NE_0002";"NE_0002";"NE_0002"
"2023";"06";"250302";"UCAYALI";"PADRE ABAD";"IRAZOLA";"GOBIERNO REGIONAL";"I-1";"00030641";"PUESTO DE SALUD DE SHANANTIA";"NE_0002";"";"NE_0002";"NE_0002";"NE_0002";"NE_0002";"NE_0002";"NE_0002";"NE_0002"
"2023";"06";"250302";"UCAYALI";"PADRE ABAD";"IRAZOLA";"GOBIERNO REGIONAL";"I-1";"00010765";"PUERTO NUEVO";"NE_0001";"";"NE_0001";"NE_0001";"NE_0001";"NE_0001";"NE_0001";"NE_0001";"NE_0001"
"2023";"06";"250302";"UCAYALI";"PADRE ABAD";"IRAZOLA";"MINSA";"I-2";"00006884";"NUEVO UCAYALI KM.98";"NE_0001";"";"NE_0001";"NE_0001";"NE_0001";"NE_0001";"NE_0001";"NE_0001";"NE_0001"
"2023";"05";"150121";"LIMA";"LIMA";"PUEBLO LIBRE";"PRIVADO";"II-2";"00008325";"CLINICA CENTENARIO PERUANO JAPONESA";"250100";"UNIDAD DE CUIDADOS CRITICOS UNIDAD  DE CUIDADOS INTENSIVOS GENERALES (UCI) ";"31";"31";"91";"152";"8";"248";"2"
"2023";"05";"150121";"LIMA";"LIMA";"PUEBLO LIBRE";"PRIVADO";"II-2";"00008325";"CLINICA CENTENARIO PERUANO JAPONESA";"250200";"UNIDAD DE CUIDADOS CRITICOS UNIDAD DE CUIDADOS INTERMEDIOS GENERAL  (UCIN) ";"38";"36";"73";"152";"6";"186";"0"
"2023";"05";"150121";"LIMA";"LIMA";"PUEBLO LIBRE";"PRIVADO";"II-2";"00008325";"CLINICA CENTENARIO PERUANO JAPONESA";"250105";"UNIDAD DE CUIDADOS CRITICOS UNIDAD  DE CUIDADOS INTENSIVOS  (UCI) NEONATOLOGÍA";"2";"2";"40";"71";"4";"124";"1"
"2023";"05";"150121";"LIMA";"LIMA";"PUEBLO LIBRE";"PRIVADO";"II-2";"00008325";"CLINICA CENTENARIO PERUANO JAPONESA";"250305";"HOSPIT. EN UNIDAD DE CUID.INTEN.-UNIDAD DE VIGILANCIA INTENSIVA (UVI)-NEONATOLOGÍA";"5";"5";"41";"71";"4";"124";"1"
"2023";"08";"150113";"LIMA";"LIMA";"JESUS MARIA";"PRIVADO";"II-E";"00026793";"CLINICA BELLAFORMA";"NE_0001";"";"NE_0001";"NE_0001";"NE_0001";"NE_0001";"NE_0001";"NE_0001";"NE_0001"
"2023";"08";"080701";"CUSCO";"CHUMBIVILCAS";"SANTO TOMAS";"GOBIERNO REGIONAL";"II-1";"00002398";"SANTO TOMAS";"240100";"HOSPITALIZACIÓN QUIRÚRGICA CIRUGÍA GENERAL ";"39";"39";"129";"127";"6";"186";"0"
"2023";"08";"080701";"CUSCO";"CHUMBIVILCAS";"SANTO TOMAS";"GOBIERNO REGIONAL";"II-1";"00002398";"SANTO TOMAS";"241400";"HOSPITALIZACIÓN QUIRÚRGICA GINECO - OBSTETRICIA ";"54";"54";"147";"79";"4";"124";"0"
"2023";"08";"080701";"CUSCO";"CHUMBIVILCAS";"SANTO TOMAS";"GOBIERNO REGIONAL";"II-1";"00002398";"SANTO TOMAS";"241600";"HOSPITALIZACIÓN QUIRÚRGICA OBSTETRICIA   ";"37";"37";"69";"154";"7";"217";"0"
"2023";"08";"080701";"CUSCO";"CHUMBIVILCAS";"SANTO TOMAS";"GOBIERNO REGIONAL";"II-1";"00002398";"SANTO TOMAS";"241800";"HOSPITALIZACIÓN DE MEDICINA MEDICINA GENERAL ";"17";"17";"67";"99";"6";"186";"0"
"2023";"08";"080701";"CUSCO";"CHUMBIVILCAS";"SANTO TOMAS";"GOBIERNO REGIONAL";"II-1";"00002398";"SANTO TOMAS";"242500";"HOSPITALIZACIÓN-PEDIATRÍA GENERAL-";"10";"10";"43";"71";"4";"124";"0"
"2023";"08";"080701";"CUSCO";"CHUMBIVILCAS";"SANTO TOMAS";"GOBIERNO REGIONAL";"II-1";"00002398";"SANTO TOMAS";"243200";"HOSPITALIZACIÓN DE PEDIATRÍA PEDIATRIA NEONATOLOGÍA";"5";"5";"15";"9";"3";"93";"0"
"2023";"08";"130901";"LA LIBERTAD";"SANCHEZ CARRION";"HUAMACHUCO";"GOBIERNO REGIONAL";"II-1";"00005349";"HOSPITAL DE APOYO LEONCIO PRADO";"240100";"HOSPITALIZACIÓN QUIRÚRGICA CIRUGÍA GENERAL ";"11";"11";"43";"57";"7";"217";"0"
"2023";"08";"130901";"LA LIBERTAD";"SANCHEZ CARRION";"HUAMACHUCO";"GOBIERNO REGIONAL";"II-1";"00005349";"HOSPITAL DE APOYO LEONCIO PRADO";"241500";"HOSPITALIZACIÓN QUIRÚRGICA GINECOLOGÍA  ";"3";"3";"5";"5";"2";"62";"0"
"2023";"08";"130901";"LA LIBERTAD";"SANCHEZ CARRION";"HUAMACHUCO";"GOBIERNO REGIONAL";"II-1";"00005349";"HOSPITAL DE APOYO LEONCIO PRADO";"241600";"HOSPITALIZACIÓN QUIRÚRGICA OBSTETRICIA   ";"202";"214";"381";"376";"16";"496";"0"
"2023";"08";"130901";"LA LIBERTAD";"SANCHEZ CARRION";"HUAMACHUCO";"GOBIERNO REGIONAL";"II-1";"00005349";"HOSPITAL DE APOYO LEONCIO PRADO";"241800";"HOSPITALIZACIÓN DE MEDICINA MEDICINA GENERAL ";"37";"44";"174";"162";"6";"186";"2"
"2023";"08";"130901";"LA LIBERTAD";"SANCHEZ CARRION";"HUAMACHUCO";"GOBIERNO REGIONAL";"II-1";"00005349";"HOSPITAL DE APOYO LEONCIO PRADO";"242500";"HOSPITALIZACIÓN-PEDIATRÍA GENERAL-";"40";"42";"130";"120";"11";"341";"0"
"2023";"08";"150131";"LIMA";"LIMA";"SAN ISIDRO";"PRIVADO";"II-2";"00012633";"CLINICA JAVIER PRADO";"240100";"HOSPITALIZACIÓN QUIRÚRGICA CIRUGÍA GENERAL ";"166";"160";"488";"626";"59";"1829";"1"
"2023";"08";"150131";"LIMA";"LIMA";"SAN ISIDRO";"PRIVADO";"II-2";"00012633";"CLINICA JAVIER PRADO";"241400";"HOSPITALIZACIÓN QUIRÚRGICA GINECO - OBSTETRICIA ";"50";"51";"139";"215";"16";"496";"0"
"2023";"08";"150131";"LIMA";"LIMA";"SAN ISIDRO";"PRIVADO";"II-2";"00012633";"CLINICA JAVIER PRADO";"241900";"HOSPITALIZACIÓN DE MEDICINA MEDICINA INTERNA ";"144";"152";"517";"575";"53";"1643";"1"
"2023";"08";"150131";"LIMA";"LIMA";"SAN ISIDRO";"PRIVADO";"II-2";"00012633";"CLINICA JAVIER PRADO";"242300";"HOSPITALIZACIÓN DE PEDIATRÍA  PEDIATRÍA  GENERAL ";"73";"71";"164";"227";"42";"1302";"0"
"2023";"08";"120701";"JUNIN";"TARMA";"TARMA";"GOBIERNO REGIONAL";"I-1";"00000589";"VICORA CONGAS";"NE_0001";"";"NE_0001";"NE_0001";"NE_0001";"NE_0001";"NE_0001";"NE_0001";"NE_0001"
"2023";"08";"120701";"JUNIN";"TARMA";"TARMA";"GOBIERNO REGIONAL";"I-1";"00000585";"COCHAS";"NE_0001";"";"NE_0001";"NE_0001";"NE_0001";"NE_0001";"NE_0001";"NE_0001";"NE_0001"
"2023";"08";"120701";"JUNIN";"TARMA";"TARMA";"GOBIERNO REGIONAL";"I-1";"00000592";"PALCAPACCHA";"NE_0001";"";"NE_0001";"NE_0001";"NE_0001";"NE_0001";"NE_0001";"NE_0001";"NE_0001"
"2023";"08";"120701";"JUNIN";"TARMA";"TARMA";"GOBIERNO REGIONAL";"I-1";"00000588";"MULLUCRO";"NE_0001";"";"NE_0001";"NE_0001";"NE_0001";"NE_0001";"NE_0001";"NE_0001";"NE_0001"
"2023";"08";"060613";"CAJAMARCA";"CUTERVO";"SANTO TOMAS";"GOBIERNO REGIONAL";"I-1";"00005023";"TAMBILLO DE SANTO TOMAS";"NE_0001";"";"NE_0001";"NE_0001";"NE_0001";"NE_0001";"NE_0001";"NE_0001";"NE_0001"
"2023";"08";"060613";"CAJAMARCA";"CUTERVO";"SANTO TOMAS";"GOBIERNO REGIONAL";"I-1";"00007750";"TAYALES";"NE_0001";"";"NE_0001";"NE_0001";"NE_0001";"NE_0001";"NE_0001";"NE_0001";"NE_0001"
"2023";"08";"060613";"CAJAMARCA";"CUTERVO";"SANTO TOMAS";"GOBIERNO REGIONAL";"I-1";"00011067";"PLAYA GRANDE";"NE_0001";"";"NE_0001";"NE_0001";"NE_0001";"NE_0001";"NE_0001";"NE_0001";"NE_0001"
"2023";"08";"060606";"CAJAMARCA";"CUTERVO";"PIMPINGOS";"GOBIERNO REGIONAL";"I-1";"00005015";"PANAMA";"NE_0001";"";"NE_0001";"NE_0001";"NE_0001";"NE_0001";"NE_0001";"NE_0001";"NE_0001"
"2023";"08";"060606";"CAJAMARCA";"CUTERVO";"PIMPINGOS";"GOBIERNO REGIONAL";"I-1";"00005018";"EL PALTO";"NE_0001";"";"NE_0001";"NE_0001";"NE_0001";"NE_0001";"NE_0001";"NE_0001";"NE_0001"
"2023";"08";"190103";"PASCO";"PASCO";"HUARIACA";"ESSALUD";"II-E";"00009749";"HOSPITAL II - E HUARIACA";"241800";"HOSPITALIZACIÓN DE MEDICINA MEDICINA GENERAL ";"30";"30";"95";"97";"9";"279";"0"
"2023";"08";"190103";"PASCO";"PASCO";"HUARIACA";"ESSALUD";"II-E";"00009749";"HOSPITAL II - E HUARIACA";"242100";"HOSPITALIZACIÓN DE MEDICINA ONCOLOGÍA MÉDICA ";"42";"37";"97";"105";"10";"310";"0"
"2023";"08";"190103";"PASCO";"PASCO";"HUARIACA";"ESSALUD";"II-E";"00009749";"HOSPITAL II - E HUARIACA";"242200";"HOSPITALIZACIÓN DE MEDICINA PSIQUIATRÍA ";"10";"5";"106";"987";"70";"2170";"0"
"2023";"08";"190103";"PASCO";"PASCO";"HUARIACA";"ESSALUD";"II-E";"00009749";"HOSPITAL II - E HUARIACA";"240100";"HOSPITALIZACIÓN QUIRÚRGICA CIRUGÍA GENERAL ";"25";"24";"70";"64";"3";"93";"1"
"2023";"08";"190103";"PASCO";"PASCO";"HUARIACA";"ESSALUD";"II-E";"00009749";"HOSPITAL II - E HUARIACA";"241400";"HOSPITALIZACIÓN QUIRÚRGICA GINECO - OBSTETRICIA ";"17";"17";"46";"42";"2";"62";"0"
"2023";"08";"060613";"CAJAMARCA";"CUTERVO";"SANTO TOMAS";"GOBIERNO REGIONAL";"I-1";"00007047";"ANDAMARCA";"NE_0001";"";"NE_0001";"NE_0001";"NE_0001";"NE_0001";"NE_0001";"NE_0001";"NE_0001"
"2023";"08";"060606";"CAJAMARCA";"CUTERVO";"PIMPINGOS";"GOBIERNO REGIONAL";"I-1";"00011068";"PUCALA";"NE_0001";"";"NE_0001";"NE_0001";"NE_0001";"NE_0001";"NE_0001";"NE_0001";"NE_0001"
"2023";"08";"120707";"JUNIN";"TARMA";"PALCAMAYO";"GOBIERNO REGIONAL";"I-1";"00000533";"CALCA";"NE_0001";"";"NE_0001";"NE_0001";"NE_0001";"NE_0001";"NE_0001";"NE_0001";"NE_0001"
"2023";"08";"120707";"JUNIN";"TARMA";"PALCAMAYO";"GOBIERNO REGIONAL";"I-1";"00000531";"INCACHACA YANAMACHAY";"NE_0001";"";"NE_0001";"NE_0001";"NE_0001";"NE_0001";"NE_0001";"NE_0001";"NE_0001"
"2023";"08";"120707";"JUNIN";"TARMA";"PALCAMAYO";"GOBIERNO REGIONAL";"I-1";"00000532";"HUAMANIA";"NE_0001";"";"NE_0001";"NE_0001";"NE_0001";"NE_0001";"NE_0001";"NE_0001";"NE_0001"
"2023";"08";"140101";"LAMBAYEQUE";"CHICLAYO";"CHICLAYO";"PRIVADO";"II-E";"00012457";"CLINICA PROVIDA";"245300";"HOSPITALIZACIÓN DE MEDICINA NEUMOLOGÍA  ";"1";"1";"7";"1";"1";"31";"0"
"2023";"08";"140101";"LAMBAYEQUE";"CHICLAYO";"CHICLAYO";"PRIVADO";"II-E";"00012457";"CLINICA PROVIDA";"241800";"HOSPITALIZACIÓN DE MEDICINA MEDICINA GENERAL ";"1";"1";"1";"1";"1";"31";"0"
"2023";"08";"140101";"LAMBAYEQUE";"CHICLAYO";"CHICLAYO";"PRIVADO";"II-E";"00012457";"CLINICA PROVIDA";"244600";"HOSPITALIZACIÓN DE MEDICINA NEFROLOGIA ";"1";"1";"1";"1";"1";"31";"0"
"2023";"08";"140101";"LAMBAYEQUE";"CHICLAYO";"CHICLAYO";"PRIVADO";"II-E";"00012457";"CLINICA PROVIDA";"241700";"HOSPITALIZACIÓN QUIRÚRGICA GINECOLOGÍA   GINECOLOGIA ONCOLOGiCA";"1";"1";"1";"1";"1";"31";"0"
"2023";"08";"220104";"SAN MARTIN";"MOYOBAMBA";"JEPELACIO";"GOBIERNO REGIONAL";"I-1";"00006346";"RAMIREZ";"NE_0001";"";"NE_0001";"NE_0001";"NE_0001";"NE_0001";"NE_0001";"NE_0001";"NE_0001"
"2023";"08";"220104";"SAN MARTIN";"MOYOBAMBA";"JEPELACIO";"GOBIERNO REGIONAL";"I-3";"00006349";"LA HUARPIA";"NE_0001";"";"NE_0001";"NE_0001";"NE_0001";"NE_0001";"NE_0001";"NE_0001";"NE_0001"
"2023";"08";"220104";"SAN MARTIN";"MOYOBAMBA";"JEPELACIO";"GOBIERNO REGIONAL";"I-3";"00006341";"JERILLO";"241600";"HOSPITALIZACIÓN QUIRÚRGICA OBSTETRICIA   ";"3";"3";"3";"1";"1";"31";"0"
"2023";"08";"220104";"SAN MARTIN";"MOYOBAMBA";"JEPELACIO";"GOBIERNO REGIONAL";"I-1";"00006346";"RAMIREZ";"NE_0001";"";"NE_0001";"NE_0001";"NE_0001";"NE_0001";"NE_0001";"NE_0001";"NE_0001"
"2023";"08";"150130";"LIMA";"LIMA";"SAN BORJA";"PRIVADO";"II-2";"00009850";"CLÍNICA VESALIO";"240000";"HOSPITALIZACIÓN";"332";"340";"1485";"1499";"57";"1642";"0"
"2023";"08";"220104";"SAN MARTIN";"MOYOBAMBA";"JEPELACIO";"GOBIERNO REGIONAL";"I-3";"00006349";"LA HUARPIA";"NE_0001";"";"NE_0001";"NE_0001";"NE_0001";"NE_0001";"NE_0001";"NE_0001";"NE_0001"
"2023";"08";"220912";"SAN MARTIN";"SAN MARTIN";"SAN ANTONIO";"GOBIERNO REGIONAL";"I-3";"00006384";"SAN ANTONIO DE CUMBAZA";"NE_0001";"";"NE_0001";"NE_0001";"NE_0001";"NE_0001";"NE_0001";"NE_0001";"NE_0001"
"2023";"08";"220903";"SAN MARTIN";"SAN MARTIN";"CACATACHI";"GOBIERNO REGIONAL";"I-3";"00006395";"CACATACHI";"NE_0001";"";"NE_0001";"NE_0001";"NE_0001";"NE_0001";"NE_0001";"NE_0001";"NE_0001"
"2023";"08";"220910";"SAN MARTIN";"SAN MARTIN";"MORALES";"GOBIERNO REGIONAL";"I-4";"00006361";"MORALES";"241400";"HOSPITALIZACIÓN QUIRÚRGICA GINECO - OBSTETRICIA ";"33";"33";"33";"31";"12";"372";"0"
"2023";"08";"120404";"JUNIN";"JAUJA";"ATAURA";"GOBIERNO REGIONAL";"I-1";"00000367";"ATAURA";"NE_0002";"";"NE_0002";"NE_0002";"NE_0002";"NE_0002";"NE_0002";"NE_0002";"NE_0002"
"2023";"08";"220912";"SAN MARTIN";"SAN MARTIN";"SAN ANTONIO";"GOBIERNO REGIONAL";"I-1";"00006385";"SAN PEDRO DE CUMBAZA";"NE_0001";"";"NE_0001";"NE_0001";"NE_0001";"NE_0001";"NE_0001";"NE_0001";"NE_0001"
"2023";"08";"120423";"JUNIN";"JAUJA";"PACCHA";"GOBIERNO REGIONAL";"I-1";"00000372";"MASAJCANCHA";"NE_0002";"";"NE_0002";"NE_0002";"NE_0002";"NE_0002";"NE_0002";"NE_0002";"NE_0002"
"2023";"08";"120430";"JUNIN";"JAUJA";"SAUSA";"GOBIERNO REGIONAL";"I-1";"00000376";"SAUSA";"NE_0002";"";"NE_0002";"NE_0002";"NE_0002";"NE_0002";"NE_0002";"NE_0002";"NE_0002"
"2023";"08";"120434";"JUNIN";"JAUJA";"YAUYOS";"GOBIERNO REGIONAL";"I-3";"00000377";"YAUYOS";"NE_0002";"";"NE_0002";"NE_0002";"NE_0002";"NE_0002";"NE_0002";"NE_0002";"NE_0002"
"2023";"08";"120423";"JUNIN";"JAUJA";"PACCHA";"GOBIERNO REGIONAL";"I-1";"00000371";"PACCHA MIRAFLORES";"NE_0002";"";"NE_0002";"NE_0002";"NE_0002";"NE_0002";"NE_0002";"NE_0002";"NE_0002"
"2023";"08";"120423";"JUNIN";"JAUJA";"PACCHA";"GOBIERNO REGIONAL";"I-1";"00000370";"CANCHAPUNCO";"NE_0002";"";"NE_0002";"NE_0002";"NE_0002";"NE_0002";"NE_0002";"NE_0002";"NE_0002"
"2023";"08";"120410";"JUNIN";"JAUJA";"HUERTAS";"GOBIERNO REGIONAL";"I-1";"00000368";"HUERTAS";"NE_0002";"";"NE_0002";"NE_0002";"NE_0002";"NE_0002";"NE_0002";"NE_0002";"NE_0002"
"2023";"08";"120422";"JUNIN";"JAUJA";"PACA";"GOBIERNO REGIONAL";"I-2";"00000369";"PACA";"NE_0002";"";"NE_0002";"NE_0002";"NE_0002";"NE_0002";"NE_0002";"NE_0002";"NE_0002"
"2023";"08";"120423";"JUNIN";"JAUJA";"PACCHA";"GOBIERNO REGIONAL";"I-1";"00000373";"PATACANCHA";"NE_0002";"";"NE_0002";"NE_0002";"NE_0002";"NE_0002";"NE_0002";"NE_0002";"NE_0002"
"2023";"08";"120434";"JUNIN";"JAUJA";"YAUYOS";"GOBIERNO REGIONAL";"I-1";"00000378";"HUANCAS";"NE_0002";"";"NE_0002";"NE_0002";"NE_0002";"NE_0002";"NE_0002";"NE_0002";"NE_0002"
"2023";"08";"090301";"HUANCAVELICA";"ANGARAES";"LIRCAY";"GOBIERNO REGIONAL";"I-2";"00003945";"CARHUAPATA";"NE_0001";"";"NE_0001";"NE_0001";"NE_0001";"NE_0001";"NE_0001";"NE_0001";"NE_0001"
"2023";"08";"090301";"HUANCAVELICA";"ANGARAES";"LIRCAY";"GOBIERNO REGIONAL";"I-1";"00003947";"CONSTANCIA";"NE_0001";"";"NE_0001";"NE_0001";"NE_0001";"NE_0001";"NE_0001";"NE_0001";"NE_0001"
"2023";"08";"090301";"HUANCAVELICA";"ANGARAES";"LIRCAY";"GOBIERNO REGIONAL";"I-1";"00003950";"CHALLHUAPUQUIO";"NE_0001";"";"NE_0001";"NE_0001";"NE_0001";"NE_0001";"NE_0001";"NE_0001";"NE_0001"
"2023";"06";"150140";"LIMA";"LIMA";"SANTIAGO DE SURCO";"PRIVADO";"II-E";"00023741";"CLINICA OFTALMO VISSUM";"NE_0001";"";"NE_0001";"NE_0001";"NE_0001";"NE_0001";"NE_0001";"NE_0001";"NE_0001"
"2023";"06";"150101";"LIMA";"LIMA";"LIMA";"MINSA";"III-E";"00006215";"HOSPITAL NACIONAL DOCENTE MADRE NIÑO SAN BARTOLOME";"240100";"HOSPITALIZACIÓN QUIRÚRGICA CIRUGÍA GENERAL ";"79";"82";"491";"593";"32";"1050";"0"
"2023";"06";"150101";"LIMA";"LIMA";"LIMA";"MINSA";"III-E";"00006215";"HOSPITAL NACIONAL DOCENTE MADRE NIÑO SAN BARTOLOME";"241400";"HOSPITALIZACIÓN QUIRÚRGICA GINECO - OBSTETRICIA ";"68";"1";"1";"159";"5";"163";"0"
"2023";"06";"150101";"LIMA";"LIMA";"LIMA";"MINSA";"III-E";"00006215";"HOSPITAL NACIONAL DOCENTE MADRE NIÑO SAN BARTOLOME";"241500";"HOSPITALIZACIÓN QUIRÚRGICA GINECOLOGÍA  ";"88";"102";"319";"307";"17";"510";"0"
"2023";"06";"150101";"LIMA";"LIMA";"LIMA";"MINSA";"III-E";"00006215";"HOSPITAL NACIONAL DOCENTE MADRE NIÑO SAN BARTOLOME";"241600";"HOSPITALIZACIÓN QUIRÚRGICA OBSTETRICIA   ";"356";"396";"1560";"1680";"39";"2000";"0"
"2023";"06";"150101";"LIMA";"LIMA";"LIMA";"MINSA";"III-E";"00006215";"HOSPITAL NACIONAL DOCENTE MADRE NIÑO SAN BARTOLOME";"242100";"HOSPITALIZACIÓN DE MEDICINA ONCOLOGÍA MÉDICA ";"28";"27";"81";"86";"4";"120";"0"
"2023";"06";"150101";"LIMA";"LIMA";"LIMA";"MINSA";"III-E";"00006215";"HOSPITAL NACIONAL DOCENTE MADRE NIÑO SAN BARTOLOME";"242500";"HOSPITALIZACIÓN-PEDIATRÍA GENERAL-";"50";"60";"671";"758";"34";"838";"0"
"2023";"06";"150101";"LIMA";"LIMA";"LIMA";"MINSA";"III-E";"00006215";"HOSPITAL NACIONAL DOCENTE MADRE NIÑO SAN BARTOLOME";"243200";"HOSPITALIZACIÓN DE PEDIATRÍA PEDIATRIA NEONATOLOGÍA";"89";"97";"1074";"339";"17";"514";"0"
"2023";"06";"150101";"LIMA";"LIMA";"LIMA";"MINSA";"III-E";"00006215";"HOSPITAL NACIONAL DOCENTE MADRE NIÑO SAN BARTOLOME";"250102";"UNIDAD DE CUIDADOS CRITICOS UNIDAD  DE CUIDADOS INTENSIVOS GENERALES (UCI) GINECO-OBSTETRICIA";"0";"1";"60";"30";"3";"90";"1"
"2023";"06";"150101";"LIMA";"LIMA";"LIMA";"MINSA";"III-E";"00006215";"HOSPITAL NACIONAL DOCENTE MADRE NIÑO SAN BARTOLOME";"250105";"UNIDAD DE CUIDADOS CRITICOS UNIDAD  DE CUIDADOS INTENSIVOS  (UCI) NEONATOLOGÍA";"13";"2";"82";"310";"12";"360";"2"
"2023";"06";"150101";"LIMA";"LIMA";"LIMA";"MINSA";"III-E";"00006215";"HOSPITAL NACIONAL DOCENTE MADRE NIÑO SAN BARTOLOME";"250108";"UNIDAD DE CUIDADOS CRITICOS UNIDAD  DE CUIDADOS INTENSIVOS  (UCI) PEDIÁTRICA";"14";"4";"56";"191";"7";"210";"1"
"2023";"07";"180104";"MOQUEGUA";"MARISCAL NIETO";"SAMEGUA";"SANIDAD DE LA POLICIA NACIONAL DEL PERU";"I-2";"00015236";"POSTA MEDICA POLICIAL MOQUEGUA";"NE_0001";"";"NE_0001";"NE_0001";"NE_0001";"NE_0001";"NE_0001";"NE_0001";"NE_0001"
"2023";"07";"120709";"JUNIN";"TARMA";"TAPO";"GOBIERNO REGIONAL";"I-1";"00000581";"QUETA";"NE_0001";"";"NE_0001";"NE_0001";"NE_0001";"NE_0001";"NE_0001";"NE_0001";"NE_0001"
"2023";"07";"120709";"JUNIN";"TARMA";"TAPO";"GOBIERNO REGIONAL";"I-1";"00000578";"YURACMAYO";"NE_0001";"";"NE_0001";"NE_0001";"NE_0001";"NE_0001";"NE_0001";"NE_0001";"NE_0001"
"2023";"07";"120709";"JUNIN";"TARMA";"TAPO";"GOBIERNO REGIONAL";"I-1";"00000579";"MACO";"NE_0001";"";"NE_0001";"NE_0001";"NE_0001";"NE_0001";"NE_0001";"NE_0001";"NE_0001"
"2023";"07";"120709";"JUNIN";"TARMA";"TAPO";"GOBIERNO REGIONAL";"I-2";"00000577";"TAPO";"NE_0001";"";"NE_0001";"NE_0001";"NE_0001";"NE_0001";"NE_0001";"NE_0001";"NE_0001"
"2023";"07";"120709";"JUNIN";"TARMA";"TAPO";"GOBIERNO REGIONAL";"I-1";"00000580";"CASACOTO - SAN ANTONIO";"NE_0001";"";"NE_0001";"NE_0001";"NE_0001";"NE_0001";"NE_0001";"NE_0001";"NE_0001"
"2023";"07";"120709";"JUNIN";"TARMA";"TAPO";"GOBIERNO REGIONAL";"I-1";"00000582";"PACCHAC";"NE_0001";"";"NE_0001";"NE_0001";"NE_0001";"NE_0001";"NE_0001";"NE_0001";"NE_0001"
"2023";"07";"190109";"PASCO";"PASCO";"SIMON BOLIVAR";"ESSALUD";"II-2";"00009747";"HOSPITAL II PASCO";"241800";"HOSPITALIZACIÓN DE MEDICINA MEDICINA GENERAL ";"63";"63";"265";"221";"12";"372";"1"
"2023";"07";"190109";"PASCO";"PASCO";"SIMON BOLIVAR";"ESSALUD";"II-2";"00009747";"HOSPITAL II PASCO";"240100";"HOSPITALIZACIÓN QUIRÚRGICA CIRUGÍA GENERAL ";"66";"66";"328";"317";"13";"403";"0"
"2023";"07";"190109";"PASCO";"PASCO";"SIMON BOLIVAR";"ESSALUD";"II-2";"00009747";"HOSPITAL II PASCO";"241400";"HOSPITALIZACIÓN QUIRÚRGICA GINECO - OBSTETRICIA ";"77";"77";"155";"154";"8";"248";"1"
"2023";"07";"190109";"PASCO";"PASCO";"SIMON BOLIVAR";"ESSALUD";"II-2";"00009747";"HOSPITAL II PASCO";"242300";"HOSPITALIZACIÓN DE PEDIATRÍA  PEDIATRÍA  GENERAL ";"82";"82";"231";"175";"7";"217";"0"
"2023";"07";"190109";"PASCO";"PASCO";"SIMON BOLIVAR";"ESSALUD";"II-2";"00009747";"HOSPITAL II PASCO";"250100";"UNIDAD DE CUIDADOS CRITICOS UNIDAD  DE CUIDADOS INTENSIVOS GENERALES (UCI) ";"2";"2";"3";"59";"4";"124";"1"
"2023";"07";"190109";"PASCO";"PASCO";"SIMON BOLIVAR";"ESSALUD";"II-2";"00009747";"HOSPITAL II PASCO";"243200";"HOSPITALIZACIÓN DE PEDIATRÍA PEDIATRIA NEONATOLOGÍA";"57";"57";"231";"168";"12";"372";"1"
"2023";"07";"130101";"LA LIBERTAD";"TRUJILLO";"TRUJILLO";"PRIVADO";"II-1";"00012301";"CLINICA SAN ANTONIO";"240900";"HOSPITALIZACIÓN QUIRÚRGICA NEUROCIRUGÍA ";"4";"10";"26";"104";"59";"60";"0"
"2023";"07";"130101";"LA LIBERTAD";"TRUJILLO";"TRUJILLO";"PRIVADO";"II-1";"00012301";"CLINICA SAN ANTONIO";"241300";"HOSPITALIZACIÓN QUIRÚRGICA UROLOGÍA  ";"2";"1";"7";"2";"13";"14";"0"
"2023";"07";"130101";"LA LIBERTAD";"TRUJILLO";"TRUJILLO";"PRIVADO";"II-1";"00012301";"CLINICA SAN ANTONIO";"240100";"HOSPITALIZACIÓN QUIRÚRGICA CIRUGÍA GENERAL ";"9";"12";"28";"256";"29";"256";"0"
"2023";"07";"130101";"LA LIBERTAD";"TRUJILLO";"TRUJILLO";"PRIVADO";"II-1";"00012301";"CLINICA SAN ANTONIO";"250100";"UNIDAD DE CUIDADOS CRITICOS UNIDAD  DE CUIDADOS INTENSIVOS GENERALES (UCI) ";"1";"1";"1";"2";"1";"2";"0"
"2023";"07";"130101";"LA LIBERTAD";"TRUJILLO";"TRUJILLO";"PRIVADO";"II-1";"00012301";"CLINICA SAN ANTONIO";"242400";"HOSPITALIZACIÓN DE PEDIATRÍA ADOLESCENTES ";"2";"1";"3";"6";"1";"6";"0"
"2023";"07";"130101";"LA LIBERTAD";"TRUJILLO";"TRUJILLO";"PRIVADO";"II-1";"00012301";"CLINICA SAN ANTONIO";"241900";"HOSPITALIZACIÓN DE MEDICINA MEDICINA INTERNA ";"3";"1";"12";"36";"1";"36";"0"
"2023";"07";"130101";"LA LIBERTAD";"TRUJILLO";"TRUJILLO";"PRIVADO";"II-1";"00012301";"CLINICA SAN ANTONIO";"241800";"HOSPITALIZACIÓN DE MEDICINA MEDICINA GENERAL ";"30";"35";"73";"2190";"1";"2190";"0"
"2023";"07";"130101";"LA LIBERTAD";"TRUJILLO";"TRUJILLO";"PRIVADO";"II-1";"00012301";"CLINICA SAN ANTONIO";"240000";"HOSPITALIZACIÓN";"4";"9";"8";"682";"22";"682";"0"
"2023";"07";"130101";"LA LIBERTAD";"TRUJILLO";"TRUJILLO";"PRIVADO";"II-1";"00012301";"CLINICA SAN ANTONIO";"240400";"HOSPITALIZACIÓN QUIRÚRGICA CIRUGÍA DE TÓRAX Y CARDIOVASCULAR ";"2";"1";"10";"20";"1";"20";"0"
"2023";"07";"130101";"LA LIBERTAD";"TRUJILLO";"TRUJILLO";"PRIVADO";"II-1";"00012301";"CLINICA SAN ANTONIO";"241200";"HOSPITALIZACIÓN QUIRÚRGICA TRAUMATOLOGÍA Y ORTOPEDIA ";"11";"9";"46";"506";"1";"506";"0"
"2023";"07";"130101";"LA LIBERTAD";"TRUJILLO";"TRUJILLO";"PRIVADO";"II-1";"00012301";"CLINICA SAN ANTONIO";"244300";"HOSPITALIZACIÓN DE MEDICINA GASTROENTEROLOGÍA  ";"14";"10";"34";"476";"1";"476";"0"
"2023";"07";"150131";"LIMA";"LIMA";"SAN ISIDRO";"PRIVADO";"II-1";"00009888";"CLINICA UNIPLAST S.A.C.";"240800";"HOSPITALIZACIÓN QUIRÚRGICA CIRUGÍA PLÁSTICA/RECONSTRUCTIVA/ REPARADORA ";"15";"15";"15";"15";"3";"93";"0"
"2023";"07";"150122";"LIMA";"LIMA";"MIRAFLORES";"PRIVADO";"0";"00023901";"INSTITUTO DE GAMMA KNIFE DEL PACIFICO SAC";"NE_0001";"";"NE_0001";"NE_0001";"NE_0001";"NE_0001";"NE_0001";"NE_0001";"NE_0001"
"2023";"07";"070101";"CALLAO";"CALLAO";"CALLAO";"GOBIERNO REGIONAL";"0";"00031162";"HOGAR PROTEGIDO ACAPULCO";"NE_0001";"";"NE_0001";"NE_0001";"NE_0001";"NE_0001";"NE_0001";"NE_0001";"NE_0001"
"2023";"07";"070101";"CALLAO";"CALLAO";"CALLAO";"GOBIERNO REGIONAL";"I-2";"00020823";"CENTRO DE SALUD MENTAL COMUNITARIO SARITA COLONIA";"NE_0001";"";"NE_0001";"NE_0001";"NE_0001";"NE_0001";"NE_0001";"NE_0001";"NE_0001"
"2023";"07";"070101";"CALLAO";"CALLAO";"CALLAO";"GOBIERNO REGIONAL";"I-2";"00006233";"PUESTO DE SALUD JUAN PABLO II";"NE_0001";"";"NE_0001";"NE_0001";"NE_0001";"NE_0001";"NE_0001";"NE_0001";"NE_0001"
"2023";"07";"070101";"CALLAO";"CALLAO";"CALLAO";"GOBIERNO REGIONAL";"I-4";"00006230";"CENTRO DE SALUD ACAPULCO";"241400";"HOSPITALIZACIÓN QUIRÚRGICA GINECO - OBSTETRICIA ";"1";"1";"1";"31";"8";"248";"0"
"2023";"07";"210101";"PUNO";"PUNO";"PUNO";"ESSALUD";"II-E";"00032596";"HOSPITAL I CLINICA UNIVERSITARIA";"240000";"HOSPITALIZACIÓN";"26";"26";"144";"146";"8";"248";"0"
"2023";"02";"040205";"AREQUIPA";"CAMANA";"NICOLAS DE PIEROLA";"GOBIERNO REGIONAL";"I-2";"00001361";"SONAY";"NE_0001";"";"NE_0001";"NE_0001";"NE_0001";"NE_0001";"NE_0001";"NE_0001";"NE_0001"
"2023";"02";"040205";"AREQUIPA";"CAMANA";"NICOLAS DE PIEROLA";"GOBIERNO REGIONAL";"I-2";"00001360";"PUESTO DE SALUD HACIENDA DEL MEDIO";"NE_0001";"";"NE_0001";"NE_0001";"NE_0001";"NE_0001";"NE_0001";"NE_0001";"NE_0001"
"2023";"02";"040205";"AREQUIPA";"CAMANA";"NICOLAS DE PIEROLA";"GOBIERNO REGIONAL";"I-3";"00001347";"CENTRO DE SALUD SAN GREGORIO";"NE_0001";"";"NE_0001";"NE_0001";"NE_0001";"NE_0001";"NE_0001";"NE_0001";"NE_0001"
"2023";"07";"200104";"PIURA";"PIURA";"CASTILLA";"ESSALUD";"I-3";"00010243";"CAP III CASTILLA";"NE_0001";"";"NE_0001";"NE_0001";"NE_0001";"NE_0001";"NE_0001";"NE_0001";"NE_0001"
"2023";"08";"120417";"JUNIN";"JAUJA";"MASMA CHICCHE";"GOBIERNO REGIONAL";"I-1";"00000395";"MASMA CHICCHE";"NE_0001";"";"NE_0001";"NE_0001";"NE_0001";"NE_0001";"NE_0001";"NE_0001";"NE_0001"
"2023";"08";"120418";"JUNIN";"JAUJA";"MOLINOS";"GOBIERNO REGIONAL";"I-2";"00000397";"MOLINOS";"NE_0001";"";"NE_0001";"NE_0001";"NE_0001";"NE_0001";"NE_0001";"NE_0001";"NE_0001"
"2023";"08";"120412";"JUNIN";"JAUJA";"JULCAN";"GOBIERNO REGIONAL";"I-2";"00000393";"JULCAN";"NE_0001";"";"NE_0001";"NE_0001";"NE_0001";"NE_0001";"NE_0001";"NE_0001";"NE_0001"
"2023";"08";"120418";"JUNIN";"JAUJA";"MOLINOS";"GOBIERNO REGIONAL";"I-1";"00000398";"QUERO";"NE_0001";"";"NE_0001";"NE_0001";"NE_0001";"NE_0001";"NE_0001";"NE_0001";"NE_0001"
"2023";"08";"120418";"JUNIN";"JAUJA";"MOLINOS";"GOBIERNO REGIONAL";"I-2";"00000399";"CURIMARCA";"NE_0001";"";"NE_0001";"NE_0001";"NE_0001";"NE_0001";"NE_0001";"NE_0001";"NE_0001"
"2023";"08";"150141";"LIMA";"LIMA";"SURQUILLO";"PRIVADO";"II-E";"00025930";"CLINICA SANENS";"240000";"HOSPITALIZACIÓN";"78";"74";"81";"78";"7";"210";"0"
"2023";"08";"150103";"LIMA";"LIMA";"ATE";"MINSA";"II-1";"00005945";"HOSPITAL VITARTE";"241900";"HOSPITALIZACIÓN DE MEDICINA MEDICINA INTERNA ";"95";"105";"721";"690";"34";"1054";"6"
"2023";"08";"150103";"LIMA";"LIMA";"ATE";"MINSA";"II-1";"00005945";"HOSPITAL VITARTE";"242300";"HOSPITALIZACIÓN DE PEDIATRÍA  PEDIATRÍA  GENERAL ";"138";"139";"683";"718";"24";"744";"0"
"2023";"08";"150103";"LIMA";"LIMA";"ATE";"MINSA";"II-1";"00005945";"HOSPITAL VITARTE";"243200";"HOSPITALIZACIÓN DE PEDIATRÍA PEDIATRIA NEONATOLOGÍA";"83";"89";"419";"401";"14";"434";"1"
"2023";"08";"150103";"LIMA";"LIMA";"ATE";"MINSA";"II-1";"00005945";"HOSPITAL VITARTE";"241500";"HOSPITALIZACIÓN QUIRÚRGICA GINECOLOGÍA  ";"53";"51";"186";"190";"7";"217";"0"
"2023";"08";"150103";"LIMA";"LIMA";"ATE";"MINSA";"II-1";"00005945";"HOSPITAL VITARTE";"241400";"HOSPITALIZACIÓN QUIRÚRGICA GINECO - OBSTETRICIA ";"352";"358";"775";"753";"33";"1023";"0"
"2023";"08";"150103";"LIMA";"LIMA";"ATE";"MINSA";"II-1";"00005945";"HOSPITAL VITARTE";"240100";"HOSPITALIZACIÓN QUIRÚRGICA CIRUGÍA GENERAL ";"272";"261";"675";"783";"29";"899";"0"
"2023";"08";"150103";"LIMA";"LIMA";"ATE";"MINSA";"II-1";"00005945";"HOSPITAL VITARTE";"241200";"HOSPITALIZACIÓN QUIRÚRGICA TRAUMATOLOGÍA Y ORTOPEDIA ";"51";"51";"262";"212";"8";"248";"0"
"2023";"08";"150103";"LIMA";"LIMA";"ATE";"MINSA";"II-1";"00005945";"HOSPITAL VITARTE";"241100";"HOSPITALIZACIÓN QUIRÚRGICA OTORRINOLARINGOLOGÍA  ";"14";"13";"13";"23";"1";"31";"0"
"2023";"08";"150103";"LIMA";"LIMA";"ATE";"MINSA";"II-1";"00005945";"HOSPITAL VITARTE";"241300";"HOSPITALIZACIÓN QUIRÚRGICA UROLOGÍA  ";"5";"5";"12";"12";"1";"31";"0"
"2023";"08";"150103";"LIMA";"LIMA";"ATE";"MINSA";"II-1";"00005945";"HOSPITAL VITARTE";"240600";"HOSPITALIZACIÓN QUIRÚRGICA CIRUGÍA OFTALMOLÓGICA ";"21";"21";"22";"22";"1";"31";"0"
"2023";"08";"100102";"HUANUCO";"HUANUCO";"AMARILIS";"ESSALUD";"II-2";"00010571";"HOSPITAL II HUANUCO";"241800";"HOSPITALIZACIÓN DE MEDICINA MEDICINA GENERAL ";"82";"77";"659";"555";"20";"620";"6"
"2023";"08";"100102";"HUANUCO";"HUANUCO";"AMARILIS";"ESSALUD";"II-2";"00010571";"HOSPITAL II HUANUCO";"241300";"HOSPITALIZACIÓN QUIRÚRGICA UROLOGÍA  ";"15";"14";"71";"77";"3";"93";"0"
"2023";"08";"100102";"HUANUCO";"HUANUCO";"AMARILIS";"ESSALUD";"II-2";"00010571";"HOSPITAL II HUANUCO";"240100";"HOSPITALIZACIÓN QUIRÚRGICA CIRUGÍA GENERAL ";"82";"79";"244";"264";"12";"372";"0"
"2023";"08";"100102";"HUANUCO";"HUANUCO";"AMARILIS";"ESSALUD";"II-2";"00010571";"HOSPITAL II HUANUCO";"241200";"HOSPITALIZACIÓN QUIRÚRGICA TRAUMATOLOGÍA Y ORTOPEDIA ";"27";"27";"344";"353";"12";"372";"0"
"2023";"08";"100102";"HUANUCO";"HUANUCO";"AMARILIS";"ESSALUD";"II-2";"00010571";"HOSPITAL II HUANUCO";"241100";"HOSPITALIZACIÓN QUIRÚRGICA OTORRINOLARINGOLOGÍA  ";"2";"2";"3";"3";"1";"31";"0"
"2023";"08";"100102";"HUANUCO";"HUANUCO";"AMARILIS";"ESSALUD";"II-2";"00010571";"HOSPITAL II HUANUCO";"241500";"HOSPITALIZACIÓN QUIRÚRGICA GINECOLOGÍA  ";"21";"19";"67";"71";"3";"93";"0"
"2023";"08";"100102";"HUANUCO";"HUANUCO";"AMARILIS";"ESSALUD";"II-2";"00010571";"HOSPITAL II HUANUCO";"241600";"HOSPITALIZACIÓN QUIRÚRGICA OBSTETRICIA   ";"198";"137";"313";"318";"15";"465";"0"
"2023";"08";"100102";"HUANUCO";"HUANUCO";"AMARILIS";"ESSALUD";"II-2";"00010571";"HOSPITAL II HUANUCO";"242300";"HOSPITALIZACIÓN DE PEDIATRÍA  PEDIATRÍA  GENERAL ";"31";"31";"123";"113";"9";"279";"0"
"2023";"08";"100102";"HUANUCO";"HUANUCO";"AMARILIS";"ESSALUD";"II-2";"00010571";"HOSPITAL II HUANUCO";"243200";"HOSPITALIZACIÓN DE PEDIATRÍA PEDIATRIA NEONATOLOGÍA";"97";"81";"0";"147";"10";"310";"0"
"2023";"08";"100102";"HUANUCO";"HUANUCO";"AMARILIS";"ESSALUD";"II-2";"00010571";"HOSPITAL II HUANUCO";"250100";"UNIDAD DE CUIDADOS CRITICOS UNIDAD  DE CUIDADOS INTENSIVOS GENERALES (UCI) ";"13";"12";"217";"168";"9";"279";"0"
"2023";"08";"100102";"HUANUCO";"HUANUCO";"AMARILIS";"ESSALUD";"II-2";"00010571";"HOSPITAL II HUANUCO";"250200";"UNIDAD DE CUIDADOS CRITICOS UNIDAD DE CUIDADOS INTERMEDIOS GENERAL  (UCIN) ";"2";"2";"326";"84";"4";"124";"5"
"2023";"08";"100102";"HUANUCO";"HUANUCO";"AMARILIS";"ESSALUD";"II-2";"00010571";"HOSPITAL II HUANUCO";"250201";"UNIDAD DE CUIDADOS CRITICOS UNIDAD DE CUIDADOS INTERMEDIOS  (UCIN) NEONATAL";"7";"7";"0";"64";"6";"186";"0"
"2023";"08";"150103";"LIMA";"LIMA";"ATE";"ESSALUD";"II-1";"00008353";"HOSPITAL II VITARTE - ESSALUD";"241800";"HOSPITALIZACIÓN DE MEDICINA MEDICINA GENERAL ";"95";"112";"864";"829";"30";"930";"3"
"2023";"08";"150103";"LIMA";"LIMA";"ATE";"ESSALUD";"II-1";"00008353";"HOSPITAL II VITARTE - ESSALUD";"240100";"HOSPITALIZACIÓN QUIRÚRGICA CIRUGÍA GENERAL ";"116";"120";"218";"360";"12";"372";"0"
"2023";"08";"150103";"LIMA";"LIMA";"ATE";"ESSALUD";"II-1";"00008353";"HOSPITAL II VITARTE - ESSALUD";"241300";"HOSPITALIZACIÓN QUIRÚRGICA UROLOGÍA  ";"18";"20";"77";"79";"3";"93";"0"
"2023";"08";"150103";"LIMA";"LIMA";"ATE";"ESSALUD";"II-1";"00008353";"HOSPITAL II VITARTE - ESSALUD";"241200";"HOSPITALIZACIÓN QUIRÚRGICA TRAUMATOLOGÍA Y ORTOPEDIA ";"78";"74";"228";"183";"6";"186";"0"
"2023";"08";"150103";"LIMA";"LIMA";"ATE";"ESSALUD";"II-1";"00008353";"HOSPITAL II VITARTE - ESSALUD";"241500";"HOSPITALIZACIÓN QUIRÚRGICA GINECOLOGÍA  ";"42";"40";"131";"151";"6";"186";"0"
"2023";"08";"150103";"LIMA";"LIMA";"ATE";"ESSALUD";"II-1";"00008353";"HOSPITAL II VITARTE - ESSALUD";"242300";"HOSPITALIZACIÓN DE PEDIATRÍA  PEDIATRÍA  GENERAL ";"60";"60";"166";"268";"9";"279";"0"
"2023";"08";"150103";"LIMA";"LIMA";"ATE";"ESSALUD";"II-1";"00008353";"HOSPITAL II VITARTE - ESSALUD";"250100";"UNIDAD DE CUIDADOS CRITICOS UNIDAD  DE CUIDADOS INTENSIVOS GENERALES (UCI) ";"9";"11";"64";"53";"3";"93";"4"
"2023";"08";"150103";"LIMA";"LIMA";"ATE";"ESSALUD";"II-1";"00008353";"HOSPITAL II VITARTE - ESSALUD";"250101";"UNIDAD DE CUIDADOS CRITICOS UNIDAD  DE CUIDADOS INTENSIVOS GENERALES (UCI) CARDIOLOGIA";"6";"6";"16";"48";"3";"93";"2"
"2023";"08";"030501";"APURIMAC";"COTABAMBAS";"TAMBOBAMBA";"GOBIERNO REGIONAL";"II-1";"00002625";"TAMBOBAMBA";"241400";"HOSPITALIZACIÓN QUIRÚRGICA GINECO - OBSTETRICIA ";"40";"40";"100";"40";"4";"48";"0"
"2023";"08";"030501";"APURIMAC";"COTABAMBAS";"TAMBOBAMBA";"GOBIERNO REGIONAL";"II-1";"00002625";"TAMBOBAMBA";"242300";"HOSPITALIZACIÓN DE PEDIATRÍA  PEDIATRÍA  GENERAL ";"1";"1";"4";"1";"4";"5";"0"
"2023";"08";"030501";"APURIMAC";"COTABAMBAS";"TAMBOBAMBA";"GOBIERNO REGIONAL";"II-1";"00002625";"TAMBOBAMBA";"241600";"HOSPITALIZACIÓN QUIRÚRGICA OBSTETRICIA   ";"2";"2";"4";"2";"2";"4";"0"
"2023";"08";"030501";"APURIMAC";"COTABAMBAS";"TAMBOBAMBA";"GOBIERNO REGIONAL";"II-1";"00002625";"TAMBOBAMBA";"241800";"HOSPITALIZACIÓN DE MEDICINA MEDICINA GENERAL ";"20";"20";"35";"20";"8";"100";"0"
"2023";"08";"040603";"AREQUIPA";"CONDESUYOS";"CAYARANI";"GOBIERNO REGIONAL";"I-3";"00001440";"CENTRO DE SALUD CAYARANI";"NE_0001";"";"NE_0001";"NE_0001";"NE_0001";"NE_0001";"NE_0001";"NE_0001";"NE_0001"
"2023";"08";"040404";"AREQUIPA";"CASTILLA";"CHACHAS";"GOBIERNO REGIONAL";"I-2";"00001442";"PUESTO DE SALUD TOLCONI";"NE_0001";"";"NE_0001";"NE_0001";"NE_0001";"NE_0001";"NE_0001";"NE_0001";"NE_0001"
"2023";"08";"040505";"AREQUIPA";"CAYLLOMA";"CAYLLOMA";"GOBIERNO REGIONAL";"I-3";"00001422";"CENTRO DE SALUD CAYLLOMA";"NE_0001";"";"NE_0001";"NE_0001";"NE_0001";"NE_0001";"NE_0001";"NE_0001";"NE_0001"
"2023";"08";"040603";"AREQUIPA";"CONDESUYOS";"CAYARANI";"GOBIERNO REGIONAL";"I-2";"00007407";"PUESTO DE SALUD ARCATA";"NE_0001";"";"NE_0001";"NE_0001";"NE_0001";"NE_0001";"NE_0001";"NE_0001";"NE_0001"
"2023";"08";"040505";"AREQUIPA";"CAYLLOMA";"CAYLLOMA";"GOBIERNO REGIONAL";"I-2";"00001418";"PUESTO DE SALUD JACHAÑA";"NE_0001";"";"NE_0001";"NE_0001";"NE_0001";"NE_0001";"NE_0001";"NE_0001";"NE_0001"
"2023";"08";"120305";"JUNIN";"CHANCHAMAYO";"SAN RAMON";"GOBIERNO REGIONAL";"I-1";"00000357";"PEDREGAL";"NE_0001";"";"NE_0001";"NE_0001";"NE_0001";"NE_0001";"NE_0001";"NE_0001";"NE_0001"
"2023";"08";"080910";"CUSCO";"LA CONVENCION";"PICHARI";"GOBIERNO REGIONAL";"I-1";"00015104";"TAMBO DEL ENE";"NE_0001";"";"NE_0001";"NE_0001";"NE_0001";"NE_0001";"NE_0001";"NE_0001";"NE_0001"
"2023";"08";"080910";"CUSCO";"LA CONVENCION";"PICHARI";"GOBIERNO REGIONAL";"I-3";"00002495";"MANTARO";"NE_0001";"";"NE_0001";"NE_0001";"NE_0001";"NE_0001";"NE_0001";"NE_0001";"NE_0001"
"2023";"08";"080910";"CUSCO";"LA CONVENCION";"PICHARI";"GOBIERNO REGIONAL";"I-1";"00015169";"PITIRINQUINI";"NE_0001";"";"NE_0001";"NE_0001";"NE_0001";"NE_0001";"NE_0001";"NE_0001";"NE_0001"
"2023";"08";"050401";"AYACUCHO";"HUANTA";"HUANTA";"GOBIERNO REGIONAL";"II-1";"00003655";"HOSPITAL DE APOYO DE HUANTA ""DANIEL ALCIDES CARRIÓN""";"241800";"HOSPITALIZACIÓN DE MEDICINA MEDICINA GENERAL ";"48";"47";"204";"224";"18";"367";"5"
"2023";"04";"030601";"APURIMAC";"CHINCHEROS";"CHINCHEROS";"SANIDAD DE LA POLICIA NACIONAL DEL PERU";"I-2";"00011894";"POSTA MÉDICA SANIDAD CHINCHEROS";"NE_0001";"";"NE_0001";"NE_0001";"NE_0001";"NE_0001";"NE_0001";"NE_0001";"NE_0001"
"2023";"05";"200104";"PIURA";"PIURA";"CASTILLA";"PRIVADO";"II-E";"00013165";"CENTRO DE REPOSO SAN JUAN DE DIOS";"242202";"HOSPITALIZACIÓN DE MEDICINA PSIQUIATRÍA PSIQUIATRÍA DEL ADULTO Y GERONTE";"47";"51";"1256";"721";"46";"1426";"0"
"2023";"05";"220805";"SAN MARTIN";"RIOJA";"PARDO MIGUEL";"GOBIERNO REGIONAL";"I-1";"00006306";"EL MIRADOR";"NE_0001";"";"NE_0001";"NE_0001";"NE_0001";"NE_0001";"NE_0001";"NE_0001";"NE_0001"
"2023";"05";"220805";"SAN MARTIN";"RIOJA";"PARDO MIGUEL";"GOBIERNO REGIONAL";"I-1";"00006309";"TUMBARO";"NE_0001";"";"NE_0001";"NE_0001";"NE_0001";"NE_0001";"NE_0001";"NE_0001";"NE_0001"
"2023";"05";"220805";"SAN MARTIN";"RIOJA";"PARDO MIGUEL";"GOBIERNO REGIONAL";"I-2";"00006304";"AGUAS CLARAS";"NE_0001";"";"NE_0001";"NE_0001";"NE_0001";"NE_0001";"NE_0001";"NE_0001";"NE_0001"
"2023";"04";"080106";"CUSCO";"CUSCO";"SANTIAGO";"PRIVADO";"II-E";"00024173";"OXIGEN MEDICAL NETWORK";"240100";"HOSPITALIZACIÓN QUIRÚRGICA CIRUGÍA GENERAL ";"38";"41";"132";"42";"13";"390";"0"
"2023";"04";"080106";"CUSCO";"CUSCO";"SANTIAGO";"PRIVADO";"II-E";"00024173";"OXIGEN MEDICAL NETWORK";"241800";"HOSPITALIZACIÓN DE MEDICINA MEDICINA GENERAL ";"162";"160";"426";"164";"12";"360";"0"
"2023";"04";"080106";"CUSCO";"CUSCO";"SANTIAGO";"PRIVADO";"II-E";"00024173";"OXIGEN MEDICAL NETWORK";"250100";"UNIDAD DE CUIDADOS CRITICOS UNIDAD  DE CUIDADOS INTENSIVOS GENERALES (UCI) ";"5";"3";"54";"5";"10";"300";"1"
"2023";"04";"080106";"CUSCO";"CUSCO";"SANTIAGO";"PRIVADO";"II-E";"00024173";"OXIGEN MEDICAL NETWORK";"250200";"UNIDAD DE CUIDADOS CRITICOS UNIDAD DE CUIDADOS INTERMEDIOS GENERAL  (UCIN) ";"1";"1";"1";"2";"10";"300";"0"
"2023";"05";"150136";"LIMA";"LIMA";"SAN MIGUEL";"PRIVADO";"II-E";"00020976";"VISUAL CENTER CLINICA DE OJOS";"NE_0001";"";"NE_0001";"NE_0001";"NE_0001";"NE_0001";"NE_0001";"NE_0001";"NE_0001"
"2023";"05";"220805";"SAN MARTIN";"RIOJA";"PARDO MIGUEL";"GOBIERNO REGIONAL";"I-1";"00006308";"SAN AGUSTIN";"NE_0001";"";"NE_0001";"NE_0001";"NE_0001";"NE_0001";"NE_0001";"NE_0001";"NE_0001"
"2023";"05";"220805";"SAN MARTIN";"RIOJA";"PARDO MIGUEL";"GOBIERNO REGIONAL";"I-2";"00006305";"AGUAS VERDES";"NE_0001";"";"NE_0001";"NE_0001";"NE_0001";"NE_0001";"NE_0001";"NE_0001";"NE_0001"
"2023";"05";"220805";"SAN MARTIN";"RIOJA";"PARDO MIGUEL";"GOBIERNO REGIONAL";"I-1";"00006310";"PERLA DEL MAYO";"NE_0001";"";"NE_0001";"NE_0001";"NE_0001";"NE_0001";"NE_0001";"NE_0001";"NE_0001"
"2023";"05";"220805";"SAN MARTIN";"RIOJA";"PARDO MIGUEL";"GOBIERNO REGIONAL";"I-1";"00006307";"PIONEROS BAJO (SAN JUAN DEL MAYO)";"NE_0001";"";"NE_0001";"NE_0001";"NE_0001";"NE_0001";"NE_0001";"NE_0001";"NE_0001"
"2023";"05";"220805";"SAN MARTIN";"RIOJA";"PARDO MIGUEL";"GOBIERNO REGIONAL";"I-1";"00006306";"EL MIRADOR";"NE_0001";"";"NE_0001";"NE_0001";"NE_0001";"NE_0001";"NE_0001";"NE_0001";"NE_0001"
"2023";"05";"220805";"SAN MARTIN";"RIOJA";"PARDO MIGUEL";"GOBIERNO REGIONAL";"I-1";"00006309";"TUMBARO";"NE_0001";"";"NE_0001";"NE_0001";"NE_0001";"NE_0001";"NE_0001";"NE_0001";"NE_0001"
"2023";"05";"220805";"SAN MARTIN";"RIOJA";"PARDO MIGUEL";"GOBIERNO REGIONAL";"I-2";"00006304";"AGUAS CLARAS";"NE_0001";"";"NE_0001";"NE_0001";"NE_0001";"NE_0001";"NE_0001";"NE_0001";"NE_0001"
"2023";"05";"220805";"SAN MARTIN";"RIOJA";"PARDO MIGUEL";"GOBIERNO REGIONAL";"I-1";"00006308";"SAN AGUSTIN";"NE_0001";"";"NE_0001";"NE_0001";"NE_0001";"NE_0001";"NE_0001";"NE_0001";"NE_0001"
"2023";"05";"220805";"SAN MARTIN";"RIOJA";"PARDO MIGUEL";"GOBIERNO REGIONAL";"I-2";"00006305";"AGUAS VERDES";"NE_0001";"";"NE_0001";"NE_0001";"NE_0001";"NE_0001";"NE_0001";"NE_0001";"NE_0001"
"2023";"05";"220805";"SAN MARTIN";"RIOJA";"PARDO MIGUEL";"GOBIERNO REGIONAL";"I-1";"00006310";"PERLA DEL MAYO";"NE_0001";"";"NE_0001";"NE_0001";"NE_0001";"NE_0001";"NE_0001";"NE_0001";"NE_0001"
"2023";"05";"220805";"SAN MARTIN";"RIOJA";"PARDO MIGUEL";"GOBIERNO REGIONAL";"I-1";"00006307";"PIONEROS BAJO (SAN JUAN DEL MAYO)";"NE_0001";"";"NE_0001";"NE_0001";"NE_0001";"NE_0001";"NE_0001";"NE_0001";"NE_0001"
"2023";"05";"150140";"LIMA";"LIMA";"SANTIAGO DE SURCO";"PRIVADO";"II-E";"00020674";"SAN MARTIN PLASTICA & ESTETICA";"NE_0002";"";"NE_0002";"NE_0002";"NE_0002";"NE_0002";"NE_0002";"NE_0002";"NE_0002"
"2023";"07";"220101";"SAN MARTIN";"MOYOBAMBA";"MOYOBAMBA";"GOBIERNO REGIONAL";"I-2";"00006291";"ATUMPLAYA";"NE_0001";"";"NE_0001";"NE_0001";"NE_0001";"NE_0001";"NE_0001";"NE_0001";"NE_0001"
"2023";"07";"220807";"SAN MARTIN";"RIOJA";"SAN FERNANDO";"GOBIERNO REGIONAL";"I-1";"00006294";"PERLA MAYO";"NE_0001";"";"NE_0001";"NE_0001";"NE_0001";"NE_0001";"NE_0001";"NE_0001";"NE_0001"
"2023";"07";"220101";"SAN MARTIN";"MOYOBAMBA";"MOYOBAMBA";"GOBIERNO REGIONAL";"I-2";"00006291";"ATUMPLAYA";"NE_0001";"";"NE_0001";"NE_0001";"NE_0001";"NE_0001";"NE_0001";"NE_0001";"NE_0001"
"2023";"07";"220807";"SAN MARTIN";"RIOJA";"SAN FERNANDO";"GOBIERNO REGIONAL";"I-3";"00006290";"SAN FERNANDO";"241400";"HOSPITALIZACIÓN QUIRÚRGICA GINECO - OBSTETRICIA ";"1";"1";"1";"1";"1";"2";"0"
"2023";"07";"220303";"SAN MARTIN";"EL DORADO";"SAN MARTIN";"GOBIERNO REGIONAL";"I-1";"00007392";"BUENA VISTA";"NE_0001";"";"NE_0001";"NE_0001";"NE_0001";"NE_0001";"NE_0001";"NE_0001";"NE_0001"
"2023";"07";"220303";"SAN MARTIN";"EL DORADO";"SAN MARTIN";"GOBIERNO REGIONAL";"I-1";"00007644";"PACAYPAMPA";"NE_0001";"";"NE_0001";"NE_0001";"NE_0001";"NE_0001";"NE_0001";"NE_0001";"NE_0001"
"2023";"07";"220305";"SAN MARTIN";"EL DORADO";"SHATOJA";"GOBIERNO REGIONAL";"I-1";"00006493";"SHATOJA";"NE_0001";"";"NE_0001";"NE_0001";"NE_0001";"NE_0001";"NE_0001";"NE_0001";"NE_0001"
"2023";"07";"060810";"CAJAMARCA";"JAEN";"SAN FELIPE";"GOBIERNO REGIONAL";"I-2";"00004255";"PIQUIJACA";"NE_0001";"";"NE_0001";"NE_0001";"NE_0001";"NE_0001";"NE_0001";"NE_0001";"NE_0001"
"2023";"07";"060801";"CAJAMARCA";"JAEN";"JAEN";"GOBIERNO REGIONAL";"II-2";"00004210";"HOSPITAL GENERAL DE JAEN";"241800";"HOSPITALIZACIÓN DE MEDICINA MEDICINA GENERAL ";"70";"99";"630";"100";"40";"1240";"7"
"2023";"07";"060801";"CAJAMARCA";"JAEN";"JAEN";"GOBIERNO REGIONAL";"II-2";"00004210";"HOSPITAL GENERAL DE JAEN";"240100";"HOSPITALIZACIÓN QUIRÚRGICA CIRUGÍA GENERAL ";"179";"203";"645";"203";"34";"1054";"0"
"2023";"07";"060801";"CAJAMARCA";"JAEN";"JAEN";"GOBIERNO REGIONAL";"II-2";"00004210";"HOSPITAL GENERAL DE JAEN";"241600";"HOSPITALIZACIÓN QUIRÚRGICA OBSTETRICIA   ";"270";"279";"646";"290";"25";"775";"1"
"2023";"07";"060801";"CAJAMARCA";"JAEN";"JAEN";"GOBIERNO REGIONAL";"II-2";"00004210";"HOSPITAL GENERAL DE JAEN";"242500";"HOSPITALIZACIÓN-PEDIATRÍA GENERAL-";"102";"125";"537";"125";"15";"465";"1"
"2023";"07";"060801";"CAJAMARCA";"JAEN";"JAEN";"GOBIERNO REGIONAL";"II-2";"00004210";"HOSPITAL GENERAL DE JAEN";"243200";"HOSPITALIZACIÓN DE PEDIATRÍA PEDIATRIA NEONATOLOGÍA";"27";"41";"251";"41";"17";"527";"2"
"2023";"07";"150113";"LIMA";"LIMA";"JESUS MARIA";"PRIVADO";"II-E";"00017173";"CLINICA PORVENIR";"240100";"HOSPITALIZACIÓN QUIRÚRGICA CIRUGÍA GENERAL ";"98";"92";"100";"98";"5";"155";"0"
"2023";"07";"150113";"LIMA";"LIMA";"JESUS MARIA";"PRIVADO";"II-E";"00017173";"CLINICA PORVENIR";"241400";"HOSPITALIZACIÓN QUIRÚRGICA GINECO - OBSTETRICIA ";"30";"29";"47";"30";"3";"93";"0"
"2023";"07";"150113";"LIMA";"LIMA";"JESUS MARIA";"PRIVADO";"II-E";"00017173";"CLINICA PORVENIR";"241300";"HOSPITALIZACIÓN QUIRÚRGICA UROLOGÍA  ";"16";"15";"21";"16";"1";"31";"0"
"2023";"07";"150113";"LIMA";"LIMA";"JESUS MARIA";"PRIVADO";"II-E";"00017173";"CLINICA PORVENIR";"240000";"HOSPITALIZACIÓN";"11";"10";"18";"11";"1";"31";"0"
"2023";"07";"150113";"LIMA";"LIMA";"JESUS MARIA";"PRIVADO";"II-E";"00017173";"CLINICA PORVENIR";"241200";"HOSPITALIZACIÓN QUIRÚRGICA TRAUMATOLOGÍA Y ORTOPEDIA ";"4";"4";"4";"4";"1";"31";"0"
"2023";"07";"150113";"LIMA";"LIMA";"JESUS MARIA";"PRIVADO";"II-E";"00017173";"CLINICA PORVENIR";"241000";"HOSPITALIZACIÓN QUIRÚRGICA ONCOLOGÍA QUIRÚRGICA  ";"1";"1";"1";"1";"1";"31";"0"
"2023";"07";"150113";"LIMA";"LIMA";"JESUS MARIA";"PRIVADO";"II-E";"00017173";"CLINICA PORVENIR";"240800";"HOSPITALIZACIÓN QUIRÚRGICA CIRUGÍA PLÁSTICA/RECONSTRUCTIVA/ REPARADORA ";"1";"1";"1";"1";"1";"31";"0"
"2023";"07";"070102";"CALLAO";"CALLAO";"BELLAVISTA";"ESSALUD";"III-1";"00008265";"HOSPITAL NACIONAL ALBERTO SABOGAL SOLOGUREN DE LA RED ASISTENCIAL SABOGAL";"241900";"HOSPITALIZACIÓN DE MEDICINA MEDICINA INTERNA ";"404";"443";"5733";"5432";"193";"5983";"26"
"2023";"07";"070102";"CALLAO";"CALLAO";"BELLAVISTA";"ESSALUD";"III-1";"00008265";"HOSPITAL NACIONAL ALBERTO SABOGAL SOLOGUREN DE LA RED ASISTENCIAL SABOGAL";"240100";"HOSPITALIZACIÓN QUIRÚRGICA CIRUGÍA GENERAL ";"137";"135";"1128";"1070";"40";"1233";"2"
"2023";"07";"070102";"CALLAO";"CALLAO";"BELLAVISTA";"ESSALUD";"III-1";"00008265";"HOSPITAL NACIONAL ALBERTO SABOGAL SOLOGUREN DE LA RED ASISTENCIAL SABOGAL";"240200";"HOSPITALIZACIÓN QUIRÚRGICA CIRUGÍA DE CABEZA Y CUELLO / MÁXILO FACIAL ";"46";"49";"301";"240";"9";"279";"0"
"2023";"07";"070102";"CALLAO";"CALLAO";"BELLAVISTA";"ESSALUD";"III-1";"00008265";"HOSPITAL NACIONAL ALBERTO SABOGAL SOLOGUREN DE LA RED ASISTENCIAL SABOGAL";"240400";"HOSPITALIZACIÓN QUIRÚRGICA CIRUGÍA DE TÓRAX Y CARDIOVASCULAR ";"18";"13";"101";"101";"4";"124";"0"
"2023";"07";"070102";"CALLAO";"CALLAO";"BELLAVISTA";"ESSALUD";"III-1";"00008265";"HOSPITAL NACIONAL ALBERTO SABOGAL SOLOGUREN DE LA RED ASISTENCIAL SABOGAL";"240800";"HOSPITALIZACIÓN QUIRÚRGICA CIRUGÍA PLÁSTICA/RECONSTRUCTIVA/ REPARADORA ";"5";"6";"28";"26";"1";"31";"0"
"2023";"07";"070102";"CALLAO";"CALLAO";"BELLAVISTA";"ESSALUD";"III-1";"00008265";"HOSPITAL NACIONAL ALBERTO SABOGAL SOLOGUREN DE LA RED ASISTENCIAL SABOGAL";"241700";"HOSPITALIZACIÓN QUIRÚRGICA GINECOLOGÍA   GINECOLOGIA ONCOLOGiCA";"60";"60";"165";"158";"6";"186";"0"
"2023";"07";"070102";"CALLAO";"CALLAO";"BELLAVISTA";"ESSALUD";"III-1";"00008265";"HOSPITAL NACIONAL ALBERTO SABOGAL SOLOGUREN DE LA RED ASISTENCIAL SABOGAL";"241900";"HOSPITALIZACIÓN DE MEDICINA MEDICINA INTERNA ";"8";"9";"112";"139";"5";"155";"0"
"2023";"07";"070102";"CALLAO";"CALLAO";"BELLAVISTA";"ESSALUD";"III-1";"00008265";"HOSPITAL NACIONAL ALBERTO SABOGAL SOLOGUREN DE LA RED ASISTENCIAL SABOGAL";"242000";"HOSPITALIZACIÓN DE MEDICINA MEDICINA TROPICAL E INFECCIOSAS ";"23";"24";"478";"294";"11";"341";"1"
"2023";"07";"070102";"CALLAO";"CALLAO";"BELLAVISTA";"ESSALUD";"III-1";"00008265";"HOSPITAL NACIONAL ALBERTO SABOGAL SOLOGUREN DE LA RED ASISTENCIAL SABOGAL";"242100";"HOSPITALIZACIÓN DE MEDICINA ONCOLOGÍA MÉDICA ";"95";"95";"453";"429";"15";"465";"1"
"2023";"07";"070102";"CALLAO";"CALLAO";"BELLAVISTA";"ESSALUD";"III-1";"00008265";"HOSPITAL NACIONAL ALBERTO SABOGAL SOLOGUREN DE LA RED ASISTENCIAL SABOGAL";"240700";"HOSPITALIZACIÓN QUIRÚRGICA CIRUGÍA PEDIÁTRICA ";"58";"56";"271";"294";"11";"341";"0"
"2023";"07";"070102";"CALLAO";"CALLAO";"BELLAVISTA";"ESSALUD";"III-1";"00008265";"HOSPITAL NACIONAL ALBERTO SABOGAL SOLOGUREN DE LA RED ASISTENCIAL SABOGAL";"240900";"HOSPITALIZACIÓN QUIRÚRGICA NEUROCIRUGÍA ";"41";"41";"303";"370";"13";"410";"0"
"2023";"07";"070102";"CALLAO";"CALLAO";"BELLAVISTA";"ESSALUD";"III-1";"00008265";"HOSPITAL NACIONAL ALBERTO SABOGAL SOLOGUREN DE LA RED ASISTENCIAL SABOGAL";"241100";"HOSPITALIZACIÓN QUIRÚRGICA OTORRINOLARINGOLOGÍA  ";"52";"53";"85";"79";"3";"93";"0"
"2023";"07";"070102";"CALLAO";"CALLAO";"BELLAVISTA";"ESSALUD";"III-1";"00008265";"HOSPITAL NACIONAL ALBERTO SABOGAL SOLOGUREN DE LA RED ASISTENCIAL SABOGAL";"241200";"HOSPITALIZACIÓN QUIRÚRGICA TRAUMATOLOGÍA Y ORTOPEDIA ";"145";"138";"1110";"1060";"39";"1209";"1"
"2023";"07";"070102";"CALLAO";"CALLAO";"BELLAVISTA";"ESSALUD";"III-1";"00008265";"HOSPITAL NACIONAL ALBERTO SABOGAL SOLOGUREN DE LA RED ASISTENCIAL SABOGAL";"241300";"HOSPITALIZACIÓN QUIRÚRGICA UROLOGÍA  ";"101";"98";"464";"454";"16";"496";"0"
"2023";"07";"070102";"CALLAO";"CALLAO";"BELLAVISTA";"ESSALUD";"III-1";"00008265";"HOSPITAL NACIONAL ALBERTO SABOGAL SOLOGUREN DE LA RED ASISTENCIAL SABOGAL";"241500";"HOSPITALIZACIÓN QUIRÚRGICA GINECOLOGÍA  ";"81";"82";"285";"249";"10";"310";"0"
"2023";"07";"070102";"CALLAO";"CALLAO";"BELLAVISTA";"ESSALUD";"III-1";"00008265";"HOSPITAL NACIONAL ALBERTO SABOGAL SOLOGUREN DE LA RED ASISTENCIAL SABOGAL";"241600";"HOSPITALIZACIÓN QUIRÚRGICA OBSTETRICIA   ";"260";"267";"1235";"1152";"45";"1395";"0"
"2023";"07";"070102";"CALLAO";"CALLAO";"BELLAVISTA";"ESSALUD";"III-1";"00008265";"HOSPITAL NACIONAL ALBERTO SABOGAL SOLOGUREN DE LA RED ASISTENCIAL SABOGAL";"242300";"HOSPITALIZACIÓN DE PEDIATRÍA  PEDIATRÍA  GENERAL ";"66";"61";"675";"873";"32";"992";"1"
"2023";"07";"070102";"CALLAO";"CALLAO";"BELLAVISTA";"ESSALUD";"III-1";"00008265";"HOSPITAL NACIONAL ALBERTO SABOGAL SOLOGUREN DE LA RED ASISTENCIAL SABOGAL";"250100";"UNIDAD DE CUIDADOS CRITICOS UNIDAD  DE CUIDADOS INTENSIVOS GENERALES (UCI) ";"16";"24";"271";"153";"5";"155";"9"
"2023";"07";"070102";"CALLAO";"CALLAO";"BELLAVISTA";"ESSALUD";"III-1";"00008265";"HOSPITAL NACIONAL ALBERTO SABOGAL SOLOGUREN DE LA RED ASISTENCIAL SABOGAL";"250200";"UNIDAD DE CUIDADOS CRITICOS UNIDAD DE CUIDADOS INTERMEDIOS GENERAL  (UCIN) ";"23";"42";"937";"414";"14";"434";"5"
"2023";"02";"120106";"JUNIN";"HUANCAYO";"CHICCHE";"GOBIERNO REGIONAL";"I-1";"00000699";"YANA YANA";"NE_0002";"";"NE_0002";"NE_0002";"NE_0002";"NE_0002";"NE_0002";"NE_0002";"NE_0002"
"2023";"02";"120106";"JUNIN";"HUANCAYO";"CHICCHE";"GOBIERNO REGIONAL";"I-1";"00000698";"VISTA ALEGRE";"NE_0002";"";"NE_0002";"NE_0002";"NE_0002";"NE_0002";"NE_0002";"NE_0002";"NE_0002"
"2023";"02";"120106";"JUNIN";"HUANCAYO";"CHICCHE";"GOBIERNO REGIONAL";"I-1";"00000697";"CHICCHE";"NE_0002";"";"NE_0002";"NE_0002";"NE_0002";"NE_0002";"NE_0002";"NE_0002";"NE_0002"
"2023";"02";"120105";"JUNIN";"HUANCAYO";"CHACAPAMPA";"GOBIERNO REGIONAL";"I-1";"00000696";"LOS ANGELES";"NE_0002";"";"NE_0002";"NE_0002";"NE_0002";"NE_0002";"NE_0002";"NE_0002";"NE_0002"
"2023";"02";"120105";"JUNIN";"HUANCAYO";"CHACAPAMPA";"GOBIERNO REGIONAL";"I-1";"00000695";"HUACAN";"NE_0002";"";"NE_0002";"NE_0002";"NE_0002";"NE_0002";"NE_0002";"NE_0002";"NE_0002"
"2023";"02";"120104";"JUNIN";"HUANCAYO";"CARHUACALLANGA";"GOBIERNO REGIONAL";"I-1";"00000693";"CARHUACALLANGA";"NE_0002";"";"NE_0002";"NE_0002";"NE_0002";"NE_0002";"NE_0002";"NE_0002";"NE_0002"
"2023";"05";"040123";"AREQUIPA";"AREQUIPA";"TIABAYA";"GOBIERNO REGIONAL";"I-3";"00001260";"CENTRO DE SALUD TIABAYA";"NE_0001";"";"NE_0001";"NE_0001";"NE_0001";"NE_0001";"NE_0001";"NE_0001";"NE_0001"
"2023";"05";"220503";"SAN MARTIN";"LAMAS";"BARRANQUITA";"GOBIERNO REGIONAL";"I-1";"00006450";"SANTA ELENA";"NE_0001";"";"NE_0001";"NE_0001";"NE_0001";"NE_0001";"NE_0001";"NE_0001";"NE_0001"
"2023";"05";"040401";"AREQUIPA";"CASTILLA";"APLAO";"GOBIERNO REGIONAL";"II-1";"00001382";"HOSPITAL APLAO";"240100";"HOSPITALIZACIÓN QUIRÚRGICA CIRUGÍA GENERAL ";"22";"26";"91";"117";"10";"310";"0"
"2023";"05";"040401";"AREQUIPA";"CASTILLA";"APLAO";"GOBIERNO REGIONAL";"II-1";"00001382";"HOSPITAL APLAO";"241200";"HOSPITALIZACIÓN QUIRÚRGICA TRAUMATOLOGÍA Y ORTOPEDIA ";"5";"6";"36";"42";"4";"124";"0"
"2023";"05";"040401";"AREQUIPA";"CASTILLA";"APLAO";"GOBIERNO REGIONAL";"II-1";"00001382";"HOSPITAL APLAO";"241500";"HOSPITALIZACIÓN QUIRÚRGICA GINECOLOGÍA  ";"41";"43";"93";"136";"7";"217";"0"
"2023";"05";"040401";"AREQUIPA";"CASTILLA";"APLAO";"GOBIERNO REGIONAL";"II-1";"00001382";"HOSPITAL APLAO";"241800";"HOSPITALIZACIÓN DE MEDICINA MEDICINA GENERAL ";"15";"18";"73";"91";"13";"403";"0"
"2023";"05";"040401";"AREQUIPA";"CASTILLA";"APLAO";"GOBIERNO REGIONAL";"II-1";"00001382";"HOSPITAL APLAO";"242500";"HOSPITALIZACIÓN-PEDIATRÍA GENERAL-";"10";"10";"21";"31";"15";"465";"0"
"2023";"05";"060601";"CAJAMARCA";"CUTERVO";"CUTERVO";"GOBIERNO REGIONAL";"I-1";"00006850";"CONDAY";"NE_0001";"";"NE_0001";"NE_0001";"NE_0001";"NE_0001";"NE_0001";"NE_0001";"NE_0001"
"2023";"05";"060601";"CAJAMARCA";"CUTERVO";"CUTERVO";"GOBIERNO REGIONAL";"I-1";"00007178";"RAYME";"NE_0001";"";"NE_0001";"NE_0001";"NE_0001";"NE_0001";"NE_0001";"NE_0001";"NE_0001"
"2023";"05";"060601";"CAJAMARCA";"CUTERVO";"CUTERVO";"GOBIERNO REGIONAL";"I-1";"00004996";"RAMBRAN";"NE_0001";"";"NE_0001";"NE_0001";"NE_0001";"NE_0001";"NE_0001";"NE_0001";"NE_0001"
"2023";"05";"060601";"CAJAMARCA";"CUTERVO";"CUTERVO";"GOBIERNO REGIONAL";"I-1";"00006856";"CHACAF";"NE_0001";"";"NE_0001";"NE_0001";"NE_0001";"NE_0001";"NE_0001";"NE_0001";"NE_0001"
"2023";"05";"060601";"CAJAMARCA";"CUTERVO";"CUTERVO";"GOBIERNO REGIONAL";"I-1";"00007431";"CONGA DE ALLANGA";"NE_0001";"";"NE_0001";"NE_0001";"NE_0001";"NE_0001";"NE_0001";"NE_0001";"NE_0001"
"2023";"05";"060601";"CAJAMARCA";"CUTERVO";"CUTERVO";"GOBIERNO REGIONAL";"I-1";"00004997";"TRIGOPAMPA";"NE_0001";"";"NE_0001";"NE_0001";"NE_0001";"NE_0001";"NE_0001";"NE_0001";"NE_0001"
"2023";"05";"060601";"CAJAMARCA";"CUTERVO";"CUTERVO";"GOBIERNO REGIONAL";"I-1";"00004998";"EL CARDON";"NE_0001";"";"NE_0001";"NE_0001";"NE_0001";"NE_0001";"NE_0001";"NE_0001";"NE_0001"
"2023";"05";"060601";"CAJAMARCA";"CUTERVO";"CUTERVO";"GOBIERNO REGIONAL";"I-1";"00006855";"AULLAN";"NE_0001";"";"NE_0001";"NE_0001";"NE_0001";"NE_0001";"NE_0001";"NE_0001";"NE_0001"
"2023";"05";"060601";"CAJAMARCA";"CUTERVO";"CUTERVO";"GOBIERNO REGIONAL";"I-1";"00007097";"AÑALCATE";"NE_0001";"";"NE_0001";"NE_0001";"NE_0001";"NE_0001";"NE_0001";"NE_0001";"NE_0001"
"2023";"05";"060601";"CAJAMARCA";"CUTERVO";"CUTERVO";"GOBIERNO REGIONAL";"I-2";"00007745";"URCURUME";"NE_0001";"";"NE_0001";"NE_0001";"NE_0001";"NE_0001";"NE_0001";"NE_0001";"NE_0001"
"2023";"05";"060601";"CAJAMARCA";"CUTERVO";"CUTERVO";"GOBIERNO REGIONAL";"I-1";"00008925";"LA LLICA";"NE_0001";"";"NE_0001";"NE_0001";"NE_0001";"NE_0001";"NE_0001";"NE_0001";"NE_0001"
"2023";"05";"060601";"CAJAMARCA";"CUTERVO";"CUTERVO";"GOBIERNO REGIONAL";"I-3";"00006858";"SALOMON VILCHEZ MURGA";"NE_0001";"";"NE_0001";"NE_0001";"NE_0001";"NE_0001";"NE_0001";"NE_0001";"NE_0001"
"2023";"05";"060601";"CAJAMARCA";"CUTERVO";"CUTERVO";"GOBIERNO REGIONAL";"I-2";"00007696";"MAMABAMBA";"NE_0001";"";"NE_0001";"NE_0001";"NE_0001";"NE_0001";"NE_0001";"NE_0001";"NE_0001"
"2023";"05";"060601";"CAJAMARCA";"CUTERVO";"CUTERVO";"GOBIERNO REGIONAL";"I-2";"00004982";"SALABAMBA";"NE_0001";"";"NE_0001";"NE_0001";"NE_0001";"NE_0001";"NE_0001";"NE_0001";"NE_0001"
"2023";"05";"060601";"CAJAMARCA";"CUTERVO";"CUTERVO";"GOBIERNO REGIONAL";"I-1";"00005000";"MUÑUNO";"NE_0001";"";"NE_0001";"NE_0001";"NE_0001";"NE_0001";"NE_0001";"NE_0001";"NE_0001"
"2023";"05";"060601";"CAJAMARCA";"CUTERVO";"CUTERVO";"GOBIERNO REGIONAL";"I-1";"00006834";"LUZPAMPA";"NE_0001";"";"NE_0001";"NE_0001";"NE_0001";"NE_0001";"NE_0001";"NE_0001";"NE_0001"
"2023";"05";"060601";"CAJAMARCA";"CUTERVO";"CUTERVO";"GOBIERNO REGIONAL";"I-1";"00006865";"ADCUÑAC";"NE_0001";"";"NE_0001";"NE_0001";"NE_0001";"NE_0001";"NE_0001";"NE_0001";"NE_0001"
"2023";"05";"060601";"CAJAMARCA";"CUTERVO";"CUTERVO";"GOBIERNO REGIONAL";"I-2";"00006938";"CACHACARA";"NE_0001";"";"NE_0001";"NE_0001";"NE_0001";"NE_0001";"NE_0001";"NE_0001";"NE_0001"
"2023";"05";"060601";"CAJAMARCA";"CUTERVO";"CUTERVO";"GOBIERNO REGIONAL";"I-2";"00004983";"CRUZ ROJA";"NE_0001";"";"NE_0001";"NE_0001";"NE_0001";"NE_0001";"NE_0001";"NE_0001";"NE_0001"
"2023";"05";"060601";"CAJAMARCA";"CUTERVO";"CUTERVO";"GOBIERNO REGIONAL";"I-1";"00004999";"LAS PALMAS DE TINYAYOC";"NE_0001";"";"NE_0001";"NE_0001";"NE_0001";"NE_0001";"NE_0001";"NE_0001";"NE_0001"
"2023";"05";"060601";"CAJAMARCA";"CUTERVO";"CUTERVO";"GOBIERNO REGIONAL";"I-1";"00007098";"YACANCATE";"NE_0001";"";"NE_0001";"NE_0001";"NE_0001";"NE_0001";"NE_0001";"NE_0001";"NE_0001"
"2023";"05";"060601";"CAJAMARCA";"CUTERVO";"CUTERVO";"GOBIERNO REGIONAL";"I-2";"00004984";"VALLE CALLACATE";"NE_0001";"";"NE_0001";"NE_0001";"NE_0001";"NE_0001";"NE_0001";"NE_0001";"NE_0001"
"2023";"05";"060601";"CAJAMARCA";"CUTERVO";"CUTERVO";"GOBIERNO REGIONAL";"I-2";"00004991";"LANCHE";"NE_0001";"";"NE_0001";"NE_0001";"NE_0001";"NE_0001";"NE_0001";"NE_0001";"NE_0001"
"2023";"05";"060601";"CAJAMARCA";"CUTERVO";"CUTERVO";"GOBIERNO REGIONAL";"I-1";"00005001";"PATAHUAZ";"NE_0001";"";"NE_0001";"NE_0001";"NE_0001";"NE_0001";"NE_0001";"NE_0001";"NE_0001"
"2023";"05";"060601";"CAJAMARCA";"CUTERVO";"CUTERVO";"GOBIERNO REGIONAL";"I-1";"00006832";"LA CONGONA";"NE_0001";"";"NE_0001";"NE_0001";"NE_0001";"NE_0001";"NE_0001";"NE_0001";"NE_0001"
"2023";"05";"060601";"CAJAMARCA";"CUTERVO";"CUTERVO";"GOBIERNO REGIONAL";"I-1";"00006833";"LA JAYUA";"NE_0001";"";"NE_0001";"NE_0001";"NE_0001";"NE_0001";"NE_0001";"NE_0001";"NE_0001"
"2023";"06";"160113";"LORETO";"MAYNAS";"SAN JUAN BAUTISTA";"SANIDAD DE LA POLICIA NACIONAL DEL PERU";"I-3";"00011369";"POLICLINICO POLICIAL IQUITOS";"NE_0001";"";"NE_0001";"NE_0001";"NE_0001";"NE_0001";"NE_0001";"NE_0001";"NE_0001"
"2023";"06";"220803";"SAN MARTIN";"RIOJA";"ELIAS SOPLIN VARGAS";"GOBIERNO REGIONAL";"I-1";"00006279";"PUERTO BAGAZAN";"NE_0002";"";"NE_0002";"NE_0002";"NE_0002";"NE_0002";"NE_0002";"NE_0002";"NE_0002"
"2023";"06";"220803";"SAN MARTIN";"RIOJA";"ELIAS SOPLIN VARGAS";"GOBIERNO REGIONAL";"I-1";"00017707";"LA VICTORIA";"NE_0002";"";"NE_0002";"NE_0002";"NE_0002";"NE_0002";"NE_0002";"NE_0002";"NE_0002"
"2023";"06";"220803";"SAN MARTIN";"RIOJA";"ELIAS SOPLIN VARGAS";"GOBIERNO REGIONAL";"I-1";"00007298";"LA NACIENTE DEL RIO NEGRO";"NE_0002";"";"NE_0002";"NE_0002";"NE_0002";"NE_0002";"NE_0002";"NE_0002";"NE_0002"
"2023";"06";"220803";"SAN MARTIN";"RIOJA";"ELIAS SOPLIN VARGAS";"GOBIERNO REGIONAL";"I-1";"00006903";"SANTA FE";"NE_0002";"";"NE_0002";"NE_0002";"NE_0002";"NE_0002";"NE_0002";"NE_0002";"NE_0002"
"2023";"06";"220803";"SAN MARTIN";"RIOJA";"ELIAS SOPLIN VARGAS";"GOBIERNO REGIONAL";"I-3";"00006277";"SEGUNDA JERUSALEN";"241600";"HOSPITALIZACIÓN QUIRÚRGICA OBSTETRICIA   ";"3";"3";"3";"1";"3";"90";"0"
"2023";"06";"220803";"SAN MARTIN";"RIOJA";"ELIAS SOPLIN VARGAS";"GOBIERNO REGIONAL";"I-3";"00006277";"SEGUNDA JERUSALEN";"241800";"HOSPITALIZACIÓN DE MEDICINA MEDICINA GENERAL ";"3";"3";"3";"7";"7";"210";"0"
"2023";"06";"220803";"SAN MARTIN";"RIOJA";"ELIAS SOPLIN VARGAS";"GOBIERNO REGIONAL";"I-1";"00006278";"VALLE GRANDE";"NE_0002";"";"NE_0002";"NE_0002";"NE_0002";"NE_0002";"NE_0002";"NE_0002";"NE_0002"
"2023";"08";"130101";"LA LIBERTAD";"TRUJILLO";"TRUJILLO";"PRIVADO";"II-E";"00025536";"OFTALMONORTE";"NE_0001";"";"NE_0001";"NE_0001";"NE_0001";"NE_0001";"NE_0001";"NE_0001";"NE_0001"
"2023";"08";"010101";"AMAZONAS";"CHACHAPOYAS";"CHACHAPOYAS";"PRIVADO";"I-3";"00026399";"CENTRO MEDICO AMAZONAS EIRL";"NE_0001";"";"NE_0001";"NE_0001";"NE_0001";"NE_0001";"NE_0001";"NE_0001";"NE_0001"
"2023";"08";"220909";"SAN MARTIN";"SAN MARTIN";"LA BANDA DE SHILCAYO";"GOBIERNO REGIONAL";"II-E";"00006359";"BANDA SHILCAYO";"241400";"HOSPITALIZACIÓN QUIRÚRGICA GINECO - OBSTETRICIA ";"107";"111";"207";"200";"17";"527";"0"
"2023";"08";"220909";"SAN MARTIN";"SAN MARTIN";"LA BANDA DE SHILCAYO";"GOBIERNO REGIONAL";"II-E";"00006359";"BANDA SHILCAYO";"241800";"HOSPITALIZACIÓN DE MEDICINA MEDICINA GENERAL ";"34";"39";"157";"160";"23";"713";"0"
"2023";"08";"220909";"SAN MARTIN";"SAN MARTIN";"LA BANDA DE SHILCAYO";"GOBIERNO REGIONAL";"II-E";"00006359";"BANDA SHILCAYO";"242500";"HOSPITALIZACIÓN-PEDIATRÍA GENERAL-";"19";"21";"83";"78";"7";"217";"0"
"2023";"08";"150116";"LIMA";"LIMA";"LINCE";"PRIVADO";"II-E";"00029299";"MAS VISION S.A.C.";"NE_0001";"";"NE_0001";"NE_0001";"NE_0001";"NE_0001";"NE_0001";"NE_0001";"NE_0001"
"2023";"08";"150601";"LIMA";"HUARAL";"HUARAL";"GOBIERNO REGIONAL";"II-2";"00007637";"HOSPITAL SAN JUAN BAUTISTA HUARAL";"240100";"HOSPITALIZACIÓN QUIRÚRGICA CIRUGÍA GENERAL ";"98";"108";"325";"90";"11";"341";"0"
"2023";"08";"150601";"LIMA";"HUARAL";"HUARAL";"GOBIERNO REGIONAL";"II-2";"00007637";"HOSPITAL SAN JUAN BAUTISTA HUARAL";"241200";"HOSPITALIZACIÓN QUIRÚRGICA TRAUMATOLOGÍA Y ORTOPEDIA ";"8";"12";"114";"8";"8";"248";"0"
"2023";"08";"150601";"LIMA";"HUARAL";"HUARAL";"GOBIERNO REGIONAL";"II-2";"00007637";"HOSPITAL SAN JUAN BAUTISTA HUARAL";"241400";"HOSPITALIZACIÓN QUIRÚRGICA GINECO - OBSTETRICIA ";"102";"113";"277";"94";"25";"775";"0"
"2023";"08";"150601";"LIMA";"HUARAL";"HUARAL";"GOBIERNO REGIONAL";"II-2";"00007637";"HOSPITAL SAN JUAN BAUTISTA HUARAL";"241500";"HOSPITALIZACIÓN QUIRÚRGICA GINECOLOGÍA  ";"21";"23";"62";"38";"2";"62";"0"
"2023";"08";"150601";"LIMA";"HUARAL";"HUARAL";"GOBIERNO REGIONAL";"II-2";"00007637";"HOSPITAL SAN JUAN BAUTISTA HUARAL";"241800";"HOSPITALIZACIÓN DE MEDICINA MEDICINA GENERAL ";"48";"60";"557";"40";"14";"434";"6"
"2023";"08";"150601";"LIMA";"HUARAL";"HUARAL";"GOBIERNO REGIONAL";"II-2";"00007637";"HOSPITAL SAN JUAN BAUTISTA HUARAL";"242500";"HOSPITALIZACIÓN-PEDIATRÍA GENERAL-";"13";"18";"72";"24";"5";"155";"0"
"2023";"08";"150601";"LIMA";"HUARAL";"HUARAL";"GOBIERNO REGIONAL";"II-2";"00007637";"HOSPITAL SAN JUAN BAUTISTA HUARAL";"243200";"HOSPITALIZACIÓN DE PEDIATRÍA PEDIATRIA NEONATOLOGÍA";"16";"19";"68";"17";"5";"155";"0"
"2023";"08";"150601";"LIMA";"HUARAL";"HUARAL";"GOBIERNO REGIONAL";"II-2";"00007637";"HOSPITAL SAN JUAN BAUTISTA HUARAL";"250103";"UNIDAD DE CUIDADOS CRITICOS UNIDAD  DE CUIDADOS INTENSIVOS GENERALES  (UCI) MEDICINA";"3";"5";"58";"9";"8";"248";"2"
"2023";"08";"150601";"LIMA";"HUARAL";"HUARAL";"GOBIERNO REGIONAL";"II-2";"00007637";"HOSPITAL SAN JUAN BAUTISTA HUARAL";"250105";"UNIDAD DE CUIDADOS CRITICOS UNIDAD  DE CUIDADOS INTENSIVOS  (UCI) NEONATOLOGÍA";"2";"3";"17";"5";"2";"62";"0"
"2023";"08";"120303";"JUNIN";"CHANCHAMAYO";"PICHANAQUI";"GOBIERNO REGIONAL";"I-2";"00000349";"BELEN DE ANAPIARI";"NE_0001";"";"NE_0001";"NE_0001";"NE_0001";"NE_0001";"NE_0001";"NE_0001";"NE_0001"
"2023";"08";"120303";"JUNIN";"CHANCHAMAYO";"PICHANAQUI";"GOBIERNO REGIONAL";"I-2";"00006711";"SAN FRANCISCO CENTRO KUVIRIANI";"NE_0001";"";"NE_0001";"NE_0001";"NE_0001";"NE_0001";"NE_0001";"NE_0001";"NE_0001"
"2023";"08";"120303";"JUNIN";"CHANCHAMAYO";"PICHANAQUI";"GOBIERNO REGIONAL";"I-2";"00014383";"SAN JOSE DE ANAPIARI";"NE_0001";"";"NE_0001";"NE_0001";"NE_0001";"NE_0001";"NE_0001";"NE_0001";"NE_0001"
"2023";"08";"120303";"JUNIN";"CHANCHAMAYO";"PICHANAQUI";"GOBIERNO REGIONAL";"I-2";"00007371";"28 DE JULIO";"NE_0001";"";"NE_0001";"NE_0001";"NE_0001";"NE_0001";"NE_0001";"NE_0001";"NE_0001"
"2023";"08";"120303";"JUNIN";"CHANCHAMAYO";"PICHANAQUI";"GOBIERNO REGIONAL";"I-2";"00000346";"HUANTININI";"NE_0001";"";"NE_0001";"NE_0001";"NE_0001";"NE_0001";"NE_0001";"NE_0001";"NE_0001"
"2023";"08";"120303";"JUNIN";"CHANCHAMAYO";"PICHANAQUI";"GOBIERNO REGIONAL";"I-2";"00000348";"SAN JUAN CENTRO AUTIKI";"NE_0001";"";"NE_0001";"NE_0001";"NE_0001";"NE_0001";"NE_0001";"NE_0001";"NE_0001"
"2023";"08";"090301";"HUANCAVELICA";"ANGARAES";"LIRCAY";"GOBIERNO REGIONAL";"I-1";"00003944";"BUENA VISTA";"NE_0001";"";"NE_0001";"NE_0001";"NE_0001";"NE_0001";"NE_0001";"NE_0001";"NE_0001"
"2023";"08";"090301";"HUANCAVELICA";"ANGARAES";"LIRCAY";"GOBIERNO REGIONAL";"I-2";"00003945";"CARHUAPATA";"NE_0001";"";"NE_0001";"NE_0001";"NE_0001";"NE_0001";"NE_0001";"NE_0001";"NE_0001"
"2023";"08";"090301";"HUANCAVELICA";"ANGARAES";"LIRCAY";"GOBIERNO REGIONAL";"I-1";"00003947";"CONSTANCIA";"NE_0001";"";"NE_0001";"NE_0001";"NE_0001";"NE_0001";"NE_0001";"NE_0001";"NE_0001"
"2023";"08";"090301";"HUANCAVELICA";"ANGARAES";"LIRCAY";"GOBIERNO REGIONAL";"I-1";"00003950";"CHALLHUAPUQUIO";"NE_0001";"";"NE_0001";"NE_0001";"NE_0001";"NE_0001";"NE_0001";"NE_0001";"NE_0001"
"2023";"08";"090307";"HUANCAVELICA";"ANGARAES";"HUANCA-HUANCA";"GOBIERNO REGIONAL";"I-2";"00003953";"HUANCA HUANCA";"NE_0001";"";"NE_0001";"NE_0001";"NE_0001";"NE_0001";"NE_0001";"NE_0001";"NE_0001"
"2023";"08";"090312";"HUANCAVELICA";"ANGARAES";"SECCLLA";"GOBIERNO REGIONAL";"I-1";"00003970";"QUISPICANCHA";"NE_0001";"";"NE_0001";"NE_0001";"NE_0001";"NE_0001";"NE_0001";"NE_0001";"NE_0001"
"2023";"08";"090301";"HUANCAVELICA";"ANGARAES";"LIRCAY";"GOBIERNO REGIONAL";"I-1";"00007384";"SAN JUAN DE AHUAY";"NE_0001";"";"NE_0001";"NE_0001";"NE_0001";"NE_0001";"NE_0001";"NE_0001";"NE_0001"
"2023";"08";"090301";"HUANCAVELICA";"ANGARAES";"LIRCAY";"GOBIERNO REGIONAL";"I-2";"00007385";"SAN JUAN DE DIOS DE CCOLLPAPAMPA";"NE_0001";"";"NE_0001";"NE_0001";"NE_0001";"NE_0001";"NE_0001";"NE_0001";"NE_0001"
"2023";"08";"090311";"HUANCAVELICA";"ANGARAES";"SANTO TOMAS DE PATA";"GOBIERNO REGIONAL";"I-1";"00011768";"CUTICSA";"NE_0001";"";"NE_0001";"NE_0001";"NE_0001";"NE_0001";"NE_0001";"NE_0001";"NE_0001"
"2023";"08";"090302";"HUANCAVELICA";"ANGARAES";"ANCHONGA";"GOBIERNO REGIONAL";"I-2";"00003960";"TUCO";"NE_0001";"";"NE_0001";"NE_0001";"NE_0001";"NE_0001";"NE_0001";"NE_0001";"NE_0001"
"2023";"08";"090310";"HUANCAVELICA";"ANGARAES";"SAN ANTONIO DE ANTAPARCO";"GOBIERNO REGIONAL";"I-1";"00003965";"SAN ANTONIO DE ANTAPARCO";"NE_0001";"";"NE_0001";"NE_0001";"NE_0001";"NE_0001";"NE_0001";"NE_0001";"NE_0001"
"2023";"08";"090312";"HUANCAVELICA";"ANGARAES";"SECCLLA";"GOBIERNO REGIONAL";"I-3";"00003969";"SECCLLA";"240000";"HOSPITALIZACIÓN";"5";"5";"8";"10";"4";"15";"0"
"2023";"04";"150112";"LIMA";"LIMA";"INDEPENDENCIA";"SANIDAD DE LA POLICIA NACIONAL DEL PERU";"I-2";"00012741";"POSTA MEDICA POLICIAL INDEPENDENCIA";"NE_0001";"";"NE_0001";"NE_0001";"NE_0001";"NE_0001";"NE_0001";"NE_0001";"NE_0001"
"2023";"04";"110207";"ICA";"CHINCHA";"PUEBLO NUEVO";"SANIDAD DE LA POLICIA NACIONAL DEL PERU";"I-3";"00011398";"POLICLINICO POLICIAL CHINCHA";"NE_0001";"";"NE_0001";"NE_0001";"NE_0001";"NE_0001";"NE_0001";"NE_0001";"NE_0001"
"2023";"07";"190307";"PASCO";"OXAPAMPA";"VILLA RICA";"GOBIERNO REGIONAL";"II-1";"00000981";"HOSP. ""ROMAN EGOAVIL PANDO"" VILLA RICA";"241400";"HOSPITALIZACIÓN QUIRÚRGICA GINECO - OBSTETRICIA ";"28";"30";"76";"88";"12";"1314";"0"
"2023";"07";"190307";"PASCO";"OXAPAMPA";"VILLA RICA";"GOBIERNO REGIONAL";"II-1";"00000981";"HOSP. ""ROMAN EGOAVIL PANDO"" VILLA RICA";"241800";"HOSPITALIZACIÓN DE MEDICINA MEDICINA GENERAL ";"68";"70";"176";"28";"16";"1328";"0"
"2023";"07";"200104";"PIURA";"PIURA";"CASTILLA";"ESSALUD";"III-1";"00015230";"HOSPITAL III JOSE CAYETANO HEREDIA";"241900";"HOSPITALIZACIÓN DE MEDICINA MEDICINA INTERNA ";"231";"262";"2219";"1852";"66";"2046";"10"
"2023";"07";"200104";"PIURA";"PIURA";"CASTILLA";"ESSALUD";"III-1";"00015230";"HOSPITAL III JOSE CAYETANO HEREDIA";"240100";"HOSPITALIZACIÓN QUIRÚRGICA CIRUGÍA GENERAL ";"322";"297";"2011";"1864";"65";"2015";"6"
"2023";"07";"200104";"PIURA";"PIURA";"CASTILLA";"ESSALUD";"III-1";"00015230";"HOSPITAL III JOSE CAYETANO HEREDIA";"241500";"HOSPITALIZACIÓN QUIRÚRGICA GINECOLOGÍA  ";"76";"80";"316";"274";"9";"279";"0"
"2023";"07";"200104";"PIURA";"PIURA";"CASTILLA";"ESSALUD";"III-1";"00015230";"HOSPITAL III JOSE CAYETANO HEREDIA";"241600";"HOSPITALIZACIÓN QUIRÚRGICA OBSTETRICIA   ";"182";"182";"895";"800";"26";"806";"0"
"2023";"07";"200104";"PIURA";"PIURA";"CASTILLA";"ESSALUD";"III-1";"00015230";"HOSPITAL III JOSE CAYETANO HEREDIA";"242300";"HOSPITALIZACIÓN DE PEDIATRÍA  PEDIATRÍA  GENERAL ";"90";"106";"780";"617";"22";"682";"0"
"2023";"07";"200104";"PIURA";"PIURA";"CASTILLA";"ESSALUD";"III-1";"00015230";"HOSPITAL III JOSE CAYETANO HEREDIA";"250100";"UNIDAD DE CUIDADOS CRITICOS UNIDAD  DE CUIDADOS INTENSIVOS GENERALES (UCI) ";"21";"51";"825";"769";"26";"806";"5"
"2023";"07";"200104";"PIURA";"PIURA";"CASTILLA";"ESSALUD";"III-1";"00015230";"HOSPITAL III JOSE CAYETANO HEREDIA";"250200";"UNIDAD DE CUIDADOS CRITICOS UNIDAD DE CUIDADOS INTERMEDIOS GENERAL  (UCIN) ";"59";"65";"918";"588";"20";"620";"1"
"2023";"07";"220506";"SAN MARTIN";"LAMAS";"PINTO RECODO";"GOBIERNO REGIONAL";"I-1";"00006411";"MISHQUIYACU PINTO RECODO";"NE_0001";"";"NE_0001";"NE_0001";"NE_0001";"NE_0001";"NE_0001";"NE_0001";"NE_0001"
"2023";"07";"220506";"SAN MARTIN";"LAMAS";"PINTO RECODO";"GOBIERNO REGIONAL";"I-1";"00006409";"PINTO RECODO";"NE_0001";"";"NE_0001";"NE_0001";"NE_0001";"NE_0001";"NE_0001";"NE_0001";"NE_0001"
"2023";"07";"030201";"APURIMAC";"ANDAHUAYLAS";"ANDAHUAYLAS";"PRIVADO";"I-3";"00021664";"ADMEDICAL CENTRO MEDICO";"NE_0001";"";"NE_0001";"NE_0001";"NE_0001";"NE_0001";"NE_0001";"NE_0001";"NE_0001"
"2023";"07";"100401";"HUANUCO";"HUACAYBAMBA";"HUACAYBAMBA";"GOBIERNO REGIONAL";"I-2";"00000880";"QUICHIRRAGRA";"NE_0001";"";"NE_0001";"NE_0001";"NE_0001";"NE_0001";"NE_0001";"NE_0001";"NE_0001"
"2023";"07";"100401";"HUANUCO";"HUACAYBAMBA";"HUACAYBAMBA";"GOBIERNO REGIONAL";"I-3";"00000877";"CENTRO DE SALUD DE HUACAYBAMBA";"NE_0001";"";"NE_0001";"NE_0001";"NE_0001";"NE_0001";"NE_0001";"NE_0001";"NE_0001"
"2023";"07";"100401";"HUANUCO";"HUACAYBAMBA";"HUACAYBAMBA";"GOBIERNO REGIONAL";"I-1";"00000881";"PUESTO DE SALUD DE RONDOBAMBA";"NE_0001";"";"NE_0001";"NE_0001";"NE_0001";"NE_0001";"NE_0001";"NE_0001";"NE_0001"
"2023";"08";"040126";"AREQUIPA";"AREQUIPA";"YANAHUARA";"PRIVADO";"II-E";"00018935";"CEFERGIN";"241400";"HOSPITALIZACIÓN QUIRÚRGICA GINECO - OBSTETRICIA ";"7";"7";"7";"7";"2";"55";"0"
"2023";"08";"150130";"LIMA";"LIMA";"SAN BORJA";"PRIVADO";"II-1";"00010515";"CLINICA SANTA LUCIA S.A.C.";"241300";"HOSPITALIZACIÓN QUIRÚRGICA UROLOGÍA  ";"29";"29";"29";"29";"10";"300";"0"
"2023";"08";"150130";"LIMA";"LIMA";"SAN BORJA";"PRIVADO";"II-1";"00010515";"CLINICA SANTA LUCIA S.A.C.";"241200";"HOSPITALIZACIÓN QUIRÚRGICA TRAUMATOLOGÍA Y ORTOPEDIA ";"10";"10";"10";"10";"8";"240";"0"
"2023";"08";"150130";"LIMA";"LIMA";"SAN BORJA";"PRIVADO";"II-1";"00010515";"CLINICA SANTA LUCIA S.A.C.";"240800";"HOSPITALIZACIÓN QUIRÚRGICA CIRUGÍA PLÁSTICA/RECONSTRUCTIVA/ REPARADORA ";"4";"4";"4";"4";"2";"60";"0"
"2023";"08";"150130";"LIMA";"LIMA";"SAN BORJA";"PRIVADO";"II-1";"00010515";"CLINICA SANTA LUCIA S.A.C.";"241400";"HOSPITALIZACIÓN QUIRÚRGICA GINECO - OBSTETRICIA ";"6";"6";"6";"6";"5";"150";"0"
"2023";"08";"150130";"LIMA";"LIMA";"SAN BORJA";"PRIVADO";"II-1";"00010515";"CLINICA SANTA LUCIA S.A.C.";"241100";"HOSPITALIZACIÓN QUIRÚRGICA OTORRINOLARINGOLOGÍA  ";"14";"14";"14";"14";"5";"150";"0"
"2023";"08";"120114";"JUNIN";"HUANCAYO";"EL TAMBO";"PRIVADO";"II-E";"00027694";"CHENET CLINICA ESPECIALIZADA";"240100";"HOSPITALIZACIÓN QUIRÚRGICA CIRUGÍA GENERAL ";"45";"45";"99";"77";"10";"310";"0"
"2023";"08";"150121";"LIMA";"LIMA";"PUEBLO LIBRE";"PRIVADO";"II-2";"00010743";"CLINICA STELLA MARIS";"241400";"HOSPITALIZACIÓN QUIRÚRGICA GINECO - OBSTETRICIA ";"47";"43";"97";"100";"16";"496";"0"
"2023";"08";"100111";"HUANUCO";"HUANUCO";"PILLCO MARCA";"GOBIERNO REGIONAL";"I-3";"00000757";"POTRACANCHA";"NE_0001";"";"NE_0001";"NE_0001";"NE_0001";"NE_0001";"NE_0001";"NE_0001";"NE_0001"
"2023";"08";"110201";"ICA";"CHINCHA";"CHINCHA ALTA";"PRIVADO";"II-1";"00018704";"FAMISALUD";"241500";"HOSPITALIZACIÓN QUIRÚRGICA GINECOLOGÍA  ";"2";"2";"2";"7";"2";"60";"0"
"2023";"08";"110201";"ICA";"CHINCHA";"CHINCHA ALTA";"PRIVADO";"II-1";"00018704";"FAMISALUD";"241200";"HOSPITALIZACIÓN QUIRÚRGICA TRAUMATOLOGÍA Y ORTOPEDIA ";"1";"1";"1";"7";"1";"30";"0"
"2023";"08";"110201";"ICA";"CHINCHA";"CHINCHA ALTA";"PRIVADO";"II-1";"00018704";"FAMISALUD";"240100";"HOSPITALIZACIÓN QUIRÚRGICA CIRUGÍA GENERAL ";"4";"4";"4";"7";"4";"120";"0"
"2023";"08";"150121";"LIMA";"LIMA";"PUEBLO LIBRE";"PRIVADO";"II-2";"00010743";"CLINICA STELLA MARIS";"240000";"HOSPITALIZACIÓN";"469";"397";"1386";"1391";"53";"1643";"2"
"2023";"08";"150121";"LIMA";"LIMA";"PUEBLO LIBRE";"PRIVADO";"II-2";"00010743";"CLINICA STELLA MARIS";"243200";"HOSPITALIZACIÓN DE PEDIATRÍA PEDIATRIA NEONATOLOGÍA";"1";"2";"8";"6";"2";"62";"0"
"2023";"08";"150121";"LIMA";"LIMA";"PUEBLO LIBRE";"PRIVADO";"II-2";"00010743";"CLINICA STELLA MARIS";"250100";"UNIDAD DE CUIDADOS CRITICOS UNIDAD  DE CUIDADOS INTENSIVOS GENERALES (UCI) ";"11";"7";"28";"37";"10";"310";"3"
"2023";"08";"150121";"LIMA";"LIMA";"PUEBLO LIBRE";"PRIVADO";"II-2";"00010743";"CLINICA STELLA MARIS";"250200";"UNIDAD DE CUIDADOS CRITICOS UNIDAD DE CUIDADOS INTERMEDIOS GENERAL  (UCIN) ";"43";"37";"161";"140";"5";"155";"2"
"2023";"08";"120706";"JUNIN";"TARMA";"PALCA";"GOBIERNO REGIONAL";"I-1";"00000572";"LLACSACACA";"NE_0001";"";"NE_0001";"NE_0001";"NE_0001";"NE_0001";"NE_0001";"NE_0001";"NE_0001"
"2023";"08";"120706";"JUNIN";"TARMA";"PALCA";"GOBIERNO REGIONAL";"I-3";"00000569";"PALCA";"NE_0001";"";"NE_0001";"NE_0001";"NE_0001";"NE_0001";"NE_0001";"NE_0001";"NE_0001"
"2023";"08";"120706";"JUNIN";"TARMA";"PALCA";"GOBIERNO REGIONAL";"I-1";"00000574";"YAROCA";"NE_0001";"";"NE_0001";"NE_0001";"NE_0001";"NE_0001";"NE_0001";"NE_0001";"NE_0001"
"2023";"08";"120706";"JUNIN";"TARMA";"PALCA";"GOBIERNO REGIONAL";"I-1";"00000575";"HUARIPAMPA";"NE_0001";"";"NE_0001";"NE_0001";"NE_0001";"NE_0001";"NE_0001";"NE_0001";"NE_0001"
"2023";"08";"120706";"JUNIN";"TARMA";"PALCA";"GOBIERNO REGIONAL";"I-1";"00000576";"PATAY";"NE_0001";"";"NE_0001";"NE_0001";"NE_0001";"NE_0001";"NE_0001";"NE_0001";"NE_0001"
"2023";"08";"120706";"JUNIN";"TARMA";"PALCA";"GOBIERNO REGIONAL";"I-1";"00000570";"ÑAHUIN";"NE_0001";"";"NE_0001";"NE_0001";"NE_0001";"NE_0001";"NE_0001";"NE_0001";"NE_0001"
"2023";"08";"120706";"JUNIN";"TARMA";"PALCA";"GOBIERNO REGIONAL";"I-1";"00000571";"CARPAPATA";"NE_0001";"";"NE_0001";"NE_0001";"NE_0001";"NE_0001";"NE_0001";"NE_0001";"NE_0001"
"2023";"08";"090304";"HUANCAVELICA";"ANGARAES";"CCOCHACCASA";"GOBIERNO REGIONAL";"I-3";"00003955";"CCOCHACCASA";"NE_0002";"";"NE_0002";"NE_0002";"NE_0002";"NE_0002";"NE_0002";"NE_0002";"NE_0002"
"2023";"08";"090306";"HUANCAVELICA";"ANGARAES";"CONGALLA";"GOBIERNO REGIONAL";"I-1";"00003975";"LIRCAYCCASA";"NE_0001";"";"NE_0001";"NE_0001";"NE_0001";"NE_0001";"NE_0001";"NE_0001";"NE_0001"
"2023";"08";"090307";"HUANCAVELICA";"ANGARAES";"HUANCA-HUANCA";"GOBIERNO REGIONAL";"I-1";"00011200";"CCARAPA";"NE_0001";"";"NE_0001";"NE_0001";"NE_0001";"NE_0001";"NE_0001";"NE_0001";"NE_0001"
"2023";"08";"090301";"HUANCAVELICA";"ANGARAES";"LIRCAY";"GOBIERNO REGIONAL";"I-1";"00003948";"UCHCUPAMPA";"NE_0001";"";"NE_0001";"NE_0001";"NE_0001";"NE_0001";"NE_0001";"NE_0001";"NE_0001"
"2023";"08";"080106";"CUSCO";"CUSCO";"SANTIAGO";"GOBIERNO REGIONAL";"III-1";"00002305";"ANTONIO LORENA DEL CUSCO";"250100";"UNIDAD DE CUIDADOS CRITICOS UNIDAD  DE CUIDADOS INTENSIVOS GENERALES (UCI) ";"28";"23";"131";"147";"6";"186";"3"
"2023";"08";"080106";"CUSCO";"CUSCO";"SANTIAGO";"GOBIERNO REGIONAL";"III-1";"00002305";"ANTONIO LORENA DEL CUSCO";"250200";"UNIDAD DE CUIDADOS CRITICOS UNIDAD DE CUIDADOS INTERMEDIOS GENERAL  (UCIN) ";"22";"15";"197";"226";"8";"248";"2"
"2023";"08";"080106";"CUSCO";"CUSCO";"SANTIAGO";"GOBIERNO REGIONAL";"III-1";"00002305";"ANTONIO LORENA DEL CUSCO";"240100";"HOSPITALIZACIÓN QUIRÚRGICA CIRUGÍA GENERAL ";"142";"119";"948";"833";"31";"961";"2"
"2023";"08";"080106";"CUSCO";"CUSCO";"SANTIAGO";"GOBIERNO REGIONAL";"III-1";"00002305";"ANTONIO LORENA DEL CUSCO";"240900";"HOSPITALIZACIÓN QUIRÚRGICA NEUROCIRUGÍA ";"37";"28";"300";"293";"10";"310";"1"
"2023";"08";"080106";"CUSCO";"CUSCO";"SANTIAGO";"GOBIERNO REGIONAL";"III-1";"00002305";"ANTONIO LORENA DEL CUSCO";"241200";"HOSPITALIZACIÓN QUIRÚRGICA TRAUMATOLOGÍA Y ORTOPEDIA ";"43";"33";"175";"228";"10";"310";"0"
"2023";"08";"080106";"CUSCO";"CUSCO";"SANTIAGO";"GOBIERNO REGIONAL";"III-1";"00002305";"ANTONIO LORENA DEL CUSCO";"244000";"HOSPITALIZACIÓN DE MEDICINA CARDIOLOGIA ";"26";"23";"147";"146";"10";"310";"3"
"2023";"08";"080106";"CUSCO";"CUSCO";"SANTIAGO";"GOBIERNO REGIONAL";"III-1";"00002305";"ANTONIO LORENA DEL CUSCO";"241900";"HOSPITALIZACIÓN DE MEDICINA MEDICINA INTERNA ";"115";"93";"689";"652";"28";"868";"12"
"2023";"08";"080106";"CUSCO";"CUSCO";"SANTIAGO";"GOBIERNO REGIONAL";"III-1";"00002305";"ANTONIO LORENA DEL CUSCO";"245300";"HOSPITALIZACIÓN DE MEDICINA NEUMOLOGÍA  ";"29";"22";"120";"117";"9";"279";"2"
"2023";"08";"080106";"CUSCO";"CUSCO";"SANTIAGO";"GOBIERNO REGIONAL";"III-1";"00002305";"ANTONIO LORENA DEL CUSCO";"242204";"HOSPITALIZACIÓN DE MEDICINA PSIQUIATRÍA REHABILITACIÓN PSIQUIÁTRICA / REINSERCIÓN ";"19";"10";"273";"293";"10";"310";"0"
"2023";"08";"080106";"CUSCO";"CUSCO";"SANTIAGO";"GOBIERNO REGIONAL";"III-1";"00002305";"ANTONIO LORENA DEL CUSCO";"242000";"HOSPITALIZACIÓN DE MEDICINA MEDICINA TROPICAL E INFECCIOSAS ";"19";"13";"209";"190";"8";"248";"0"
"2023";"08";"080106";"CUSCO";"CUSCO";"SANTIAGO";"GOBIERNO REGIONAL";"III-1";"00002305";"ANTONIO LORENA DEL CUSCO";"241000";"HOSPITALIZACIÓN QUIRÚRGICA ONCOLOGÍA QUIRÚRGICA  ";"23";"18";"132";"163";"7";"217";"0"
"2023";"08";"080106";"CUSCO";"CUSCO";"SANTIAGO";"GOBIERNO REGIONAL";"III-1";"00002305";"ANTONIO LORENA DEL CUSCO";"241500";"HOSPITALIZACIÓN QUIRÚRGICA GINECOLOGÍA  ";"103";"98";"236";"208";"10";"310";"0"
"2023";"08";"080106";"CUSCO";"CUSCO";"SANTIAGO";"GOBIERNO REGIONAL";"III-1";"00002305";"ANTONIO LORENA DEL CUSCO";"241400";"HOSPITALIZACIÓN QUIRÚRGICA GINECO - OBSTETRICIA ";"194";"179";"503";"495";"20";"620";"0"
"2023";"08";"080106";"CUSCO";"CUSCO";"SANTIAGO";"GOBIERNO REGIONAL";"III-1";"00002305";"ANTONIO LORENA DEL CUSCO";"242300";"HOSPITALIZACIÓN DE PEDIATRÍA  PEDIATRÍA  GENERAL ";"41";"33";"259";"260";"12";"372";"0"
"2023";"08";"080106";"CUSCO";"CUSCO";"SANTIAGO";"GOBIERNO REGIONAL";"III-1";"00002305";"ANTONIO LORENA DEL CUSCO";"243200";"HOSPITALIZACIÓN DE PEDIATRÍA PEDIATRIA NEONATOLOGÍA";"53";"41";"357";"415";"15";"465";"0"
"2023";"08";"080106";"CUSCO";"CUSCO";"SANTIAGO";"GOBIERNO REGIONAL";"III-1";"00002305";"ANTONIO LORENA DEL CUSCO";"250105";"UNIDAD DE CUIDADOS CRITICOS UNIDAD  DE CUIDADOS INTENSIVOS  (UCI) NEONATOLOGÍA";"14";"11";"175";"159";"8";"248";"1"
"2023";"08";"080106";"CUSCO";"CUSCO";"SANTIAGO";"GOBIERNO REGIONAL";"III-1";"00002305";"ANTONIO LORENA DEL CUSCO";"243600";"HOSPITALIZACIÓN DE PEDIATRÍA PEDIATRIA ONCOLOGÍA PEDIÁTRICA";"8";"5";"125";"76";"9";"279";"0"
"2023";"08";"090309";"HUANCAVELICA";"ANGARAES";"JULCAMARCA";"GOBIERNO REGIONAL";"I-3";"00003962";"JULCAMARCA";"NE_0002";"";"NE_0002";"NE_0002";"NE_0002";"NE_0002";"NE_0002";"NE_0002";"NE_0002"
"2023";"08";"090301";"HUANCAVELICA";"ANGARAES";"LIRCAY";"GOBIERNO REGIONAL";"I-1";"00007290";"PERCAPAMPA";"NE_0001";"";"NE_0001";"NE_0001";"NE_0001";"NE_0001";"NE_0001";"NE_0001";"NE_0001"
"2023";"08";"090301";"HUANCAVELICA";"ANGARAES";"LIRCAY";"GOBIERNO REGIONAL";"I-1";"00007373";"SOCCLLABAMBA";"NE_0001";"";"NE_0001";"NE_0001";"NE_0001";"NE_0001";"NE_0001";"NE_0001";"NE_0001"
"2023";"08";"090305";"HUANCAVELICA";"ANGARAES";"CHINCHO";"GOBIERNO REGIONAL";"I-1";"00011787";"LLAMOCCTACHI";"NE_0001";"";"NE_0001";"NE_0001";"NE_0001";"NE_0001";"NE_0001";"NE_0001";"NE_0001"
"2023";"08";"090301";"HUANCAVELICA";"ANGARAES";"LIRCAY";"GOBIERNO REGIONAL";"I-1";"00003946";"PIRCAPAHUANA";"NE_0001";"";"NE_0001";"NE_0001";"NE_0001";"NE_0001";"NE_0001";"NE_0001";"NE_0001"
"2023";"08";"090301";"HUANCAVELICA";"ANGARAES";"LIRCAY";"GOBIERNO REGIONAL";"I-2";"00003949";"CHAHUARMA";"NE_0001";"";"NE_0001";"NE_0001";"NE_0001";"NE_0001";"NE_0001";"NE_0001";"NE_0001"
"2023";"08";"090301";"HUANCAVELICA";"ANGARAES";"LIRCAY";"GOBIERNO REGIONAL";"I-1";"00003951";"TUCSIPAMPA";"NE_0001";"";"NE_0001";"NE_0001";"NE_0001";"NE_0001";"NE_0001";"NE_0001";"NE_0001"
"2023";"08";"090305";"HUANCAVELICA";"ANGARAES";"CHINCHO";"GOBIERNO REGIONAL";"I-1";"00003963";"CHINCHO";"NE_0001";"";"NE_0001";"NE_0001";"NE_0001";"NE_0001";"NE_0001";"NE_0001";"NE_0001"
"2023";"08";"090306";"HUANCAVELICA";"ANGARAES";"CONGALLA";"GOBIERNO REGIONAL";"I-1";"00011199";"CHAYNABAMBA";"NE_0001";"";"NE_0001";"NE_0001";"NE_0001";"NE_0001";"NE_0001";"NE_0001";"NE_0001"
"2023";"08";"090302";"HUANCAVELICA";"ANGARAES";"ANCHONGA";"GOBIERNO REGIONAL";"I-1";"00011454";"ALTO MARAYNIYOCC";"NE_0001";"";"NE_0001";"NE_0001";"NE_0001";"NE_0001";"NE_0001";"NE_0001";"NE_0001"
"2023";"08";"090302";"HUANCAVELICA";"ANGARAES";"ANCHONGA";"GOBIERNO REGIONAL";"I-1";"00006930";"HUARIRUMI - CHONTACANCHA";"NE_0001";"";"NE_0001";"NE_0001";"NE_0001";"NE_0001";"NE_0001";"NE_0001";"NE_0001"
"2023";"08";"090302";"HUANCAVELICA";"ANGARAES";"ANCHONGA";"GOBIERNO REGIONAL";"I-1";"00028780";"LLANCAPUQUIO";"NE_0001";"";"NE_0001";"NE_0001";"NE_0001";"NE_0001";"NE_0001";"NE_0001";"NE_0001"
"2023";"08";"090301";"HUANCAVELICA";"ANGARAES";"LIRCAY";"GOBIERNO REGIONAL";"I-1";"00003948";"UCHCUPAMPA";"NE_0001";"";"NE_0001";"NE_0001";"NE_0001";"NE_0001";"NE_0001";"NE_0001";"NE_0001"
"2023";"08";"090311";"HUANCAVELICA";"ANGARAES";"SANTO TOMAS DE PATA";"GOBIERNO REGIONAL";"I-1";"00003967";"SANTO TOMAS DE PATA";"NE_0001";"";"NE_0001";"NE_0001";"NE_0001";"NE_0001";"NE_0001";"NE_0001";"NE_0001"
"2023";"08";"090301";"HUANCAVELICA";"ANGARAES";"LIRCAY";"GOBIERNO REGIONAL";"I-1";"00011202";"PAMPAHUASI";"NE_0001";"";"NE_0001";"NE_0001";"NE_0001";"NE_0001";"NE_0001";"NE_0001";"NE_0001"
"2023";"08";"120805";"JUNIN";"YAULI";"MOROCOCHA";"GOBIERNO REGIONAL";"I-3";"00000563";"MOROCOCHA";"NE_0001";"";"NE_0001";"NE_0001";"NE_0001";"NE_0001";"NE_0001";"NE_0001";"NE_0001"
"2023";"08";"120805";"JUNIN";"YAULI";"MOROCOCHA";"GOBIERNO REGIONAL";"I-1";"00021450";"SAN FRANCISCO DE ASIS DE PUCARA";"NE_0001";"";"NE_0001";"NE_0001";"NE_0001";"NE_0001";"NE_0001";"NE_0001";"NE_0001"
"2023";"08";"120803";"JUNIN";"YAULI";"HUAY HUAY";"GOBIERNO REGIONAL";"I-2";"00000430";"HUAYHUAY";"NE_0001";"";"NE_0001";"NE_0001";"NE_0001";"NE_0001";"NE_0001";"NE_0001";"NE_0001"
"2023";"08";"120804";"JUNIN";"YAULI";"MARCAPOMACOCHA";"GOBIERNO REGIONAL";"I-2";"00000561";"MARCAPOMACOCHA";"NE_0001";"";"NE_0001";"NE_0001";"NE_0001";"NE_0001";"NE_0001";"NE_0001";"NE_0001"
"2023";"08";"120801";"JUNIN";"YAULI";"LA OROYA";"GOBIERNO REGIONAL";"I-1";"00021481";"HUARI";"NE_0001";"";"NE_0001";"NE_0001";"NE_0001";"NE_0001";"NE_0001";"NE_0001";"NE_0001"
"2023";"08";"120809";"JUNIN";"YAULI";"SUITUCANCHA";"GOBIERNO REGIONAL";"I-2";"00000431";"SUITUCANCHA";"NE_0001";"";"NE_0001";"NE_0001";"NE_0001";"NE_0001";"NE_0001";"NE_0001";"NE_0001"
"2023";"08";"120808";"JUNIN";"YAULI";"SANTA ROSA DE SACCO";"GOBIERNO REGIONAL";"I-3";"00000566";"SANTA ROSA DE SACCO";"NE_0001";"";"NE_0001";"NE_0001";"NE_0001";"NE_0001";"NE_0001";"NE_0001";"NE_0001"
"2023";"08";"120801";"JUNIN";"YAULI";"LA OROYA";"GOBIERNO REGIONAL";"I-4";"00000559";"LA OROYA";"NE_0001";"";"NE_0001";"NE_0001";"NE_0001";"NE_0001";"NE_0001";"NE_0001";"NE_0001"
"2023";"08";"120801";"JUNIN";"YAULI";"LA OROYA";"GOBIERNO REGIONAL";"I-2";"00000560";"HUAYNACANCHA";"NE_0001";"";"NE_0001";"NE_0001";"NE_0001";"NE_0001";"NE_0001";"NE_0001";"NE_0001"
"2023";"03";"220404";"SAN MARTIN";"HUALLAGA";"PISCOYACU";"GOBIERNO REGIONAL";"I-2";"00006545";"NUEVO SACANCHE";"NE_0001";"";"NE_0001";"NE_0001";"NE_0001";"NE_0001";"NE_0001";"NE_0001";"NE_0001"
"2023";"03";"220404";"SAN MARTIN";"HUALLAGA";"PISCOYACU";"GOBIERNO REGIONAL";"I-2";"00006545";"NUEVO SACANCHE";"NE_0001";"";"NE_0001";"NE_0001";"NE_0001";"NE_0001";"NE_0001";"NE_0001";"NE_0001"
"2023";"03";"220405";"SAN MARTIN";"HUALLAGA";"SACANCHE";"GOBIERNO REGIONAL";"I-1";"00027002";"LA UNION";"NE_0001";"";"NE_0001";"NE_0001";"NE_0001";"NE_0001";"NE_0001";"NE_0001";"NE_0001"
"2023";"03";"220403";"SAN MARTIN";"HUALLAGA";"EL ESLABON";"GOBIERNO REGIONAL";"I-3";"00006542";"EL ESLABON";"NE_0001";"";"NE_0001";"NE_0001";"NE_0001";"NE_0001";"NE_0001";"NE_0001";"NE_0001"
"2023";"03";"220403";"SAN MARTIN";"HUALLAGA";"EL ESLABON";"GOBIERNO REGIONAL";"I-1";"00006544";"COLLPA";"NE_0001";"";"NE_0001";"NE_0001";"NE_0001";"NE_0001";"NE_0001";"NE_0001";"NE_0001"
"2023";"04";"040701";"AREQUIPA";"ISLAY";"MOLLENDO";"SANIDAD DE LA POLICIA NACIONAL DEL PERU";"I-2";"00017336";"IX MACRO REGION DE SANIDAD POLICIAL  AREQUIPA / HOSREPOL AREQUIPA/ POSTA MEDICA POLICIAL ISLAY";"NE_0001";"";"NE_0001";"NE_0001";"NE_0001";"NE_0001";"NE_0001";"NE_0001";"NE_0001"
"2023";"04";"090203";"HUANCAVELICA";"ACOBAMBA";"ANTA";"GOBIERNO REGIONAL";"I-1";"00003941";"PUESTO DE SALUD MANYACC";"NE_0001";"";"NE_0001";"NE_0001";"NE_0001";"NE_0001";"NE_0001";"NE_0001";"NE_0001"
"2023";"04";"090203";"HUANCAVELICA";"ACOBAMBA";"ANTA";"GOBIERNO REGIONAL";"I-1";"00011230";"PUESTO DE SALUD RAYANNIYOCC";"NE_0001";"";"NE_0001";"NE_0001";"NE_0001";"NE_0001";"NE_0001";"NE_0001";"NE_0001"
"2023";"04";"090203";"HUANCAVELICA";"ACOBAMBA";"ANTA";"GOBIERNO REGIONAL";"I-3";"00003939";"CENTRO DE SALUD ANTA";"NE_0001";"";"NE_0001";"NE_0001";"NE_0001";"NE_0001";"NE_0001";"NE_0001";"NE_0001"
"2023";"04";"090203";"HUANCAVELICA";"ACOBAMBA";"ANTA";"GOBIERNO REGIONAL";"I-1";"00009697";"PUESTO DE SALUD DE CASACANCHA";"NE_0001";"";"NE_0001";"NE_0001";"NE_0001";"NE_0001";"NE_0001";"NE_0001";"NE_0001"
"2023";"04";"090203";"HUANCAVELICA";"ACOBAMBA";"ANTA";"GOBIERNO REGIONAL";"I-1";"00009469";"PUESTO DE SALUD VISTA ALEGRE DE ANTA";"NE_0001";"";"NE_0001";"NE_0001";"NE_0001";"NE_0001";"NE_0001";"NE_0001";"NE_0001"
"2023";"04";"120708";"JUNIN";"TARMA";"SAN PEDRO DE CAJAS";"GOBIERNO REGIONAL";"I-3";"00000534";"SAN PEDRO DE CAJAS";"NE_0001";"";"NE_0001";"NE_0001";"NE_0001";"NE_0001";"NE_0001";"NE_0001";"NE_0001"
"2023";"04";"080503";"CUSCO";"CANAS";"KUNTURKANKI";"GOBIERNO REGIONAL";"I-4";"00007700";"EL DESCANSO";"NE_0001";"";"NE_0001";"NE_0001";"NE_0001";"NE_0001";"NE_0001";"NE_0001";"NE_0001"
"2023";"04";"080502";"CUSCO";"CANAS";"CHECCA";"GOBIERNO REGIONAL";"I-1";"00002367";"CHITIBAMBA";"NE_0001";"";"NE_0001";"NE_0001";"NE_0001";"NE_0001";"NE_0001";"NE_0001";"NE_0001"
"2023";"04";"080502";"CUSCO";"CANAS";"CHECCA";"GOBIERNO REGIONAL";"I-2";"00002366";"CHECCA";"NE_0001";"";"NE_0001";"NE_0001";"NE_0001";"NE_0001";"NE_0001";"NE_0001";"NE_0001"
"2023";"06";"210111";"PUNO";"PUNO";"PICHACANI";"ESSALUD";"I-3";"00025342";"CAP I LARAQUERI";"NE_0001";"";"NE_0001";"NE_0001";"NE_0001";"NE_0001";"NE_0001";"NE_0001";"NE_0001"
"2023";"06";"150113";"LIMA";"LIMA";"JESUS MARIA";"SANIDAD DEL EJERCITO DEL PERU";"III-1";"00017024";"HOSPITAL  MILITAR LUIS ARIAS SCHEREIBER";"240100";"HOSPITALIZACIÓN QUIRÚRGICA CIRUGÍA GENERAL ";"73";"75";"877";"1025";"66";"1980";"1"
"2023";"06";"150113";"LIMA";"LIMA";"JESUS MARIA";"SANIDAD DEL EJERCITO DEL PERU";"III-1";"00017024";"HOSPITAL  MILITAR LUIS ARIAS SCHEREIBER";"240800";"HOSPITALIZACIÓN QUIRÚRGICA CIRUGÍA PLÁSTICA/RECONSTRUCTIVA/ REPARADORA ";"18";"21";"215";"185";"9";"270";"0"
"2023";"06";"150113";"LIMA";"LIMA";"JESUS MARIA";"SANIDAD DEL EJERCITO DEL PERU";"III-1";"00017024";"HOSPITAL  MILITAR LUIS ARIAS SCHEREIBER";"240900";"HOSPITALIZACIÓN QUIRÚRGICA NEUROCIRUGÍA ";"11";"9";"228";"247";"15";"450";"0"
"2023";"06";"150113";"LIMA";"LIMA";"JESUS MARIA";"SANIDAD DEL EJERCITO DEL PERU";"III-1";"00017024";"HOSPITAL  MILITAR LUIS ARIAS SCHEREIBER";"241200";"HOSPITALIZACIÓN QUIRÚRGICA TRAUMATOLOGÍA Y ORTOPEDIA ";"46";"48";"1409";"684";"63";"1890";"0"
"2023";"06";"150113";"LIMA";"LIMA";"JESUS MARIA";"SANIDAD DEL EJERCITO DEL PERU";"III-1";"00017024";"HOSPITAL  MILITAR LUIS ARIAS SCHEREIBER";"241300";"HOSPITALIZACIÓN QUIRÚRGICA UROLOGÍA  ";"19";"22";"132";"125";"8";"240";"0"
"2023";"06";"150113";"LIMA";"LIMA";"JESUS MARIA";"SANIDAD DEL EJERCITO DEL PERU";"III-1";"00017024";"HOSPITAL  MILITAR LUIS ARIAS SCHEREIBER";"241400";"HOSPITALIZACIÓN QUIRÚRGICA GINECO - OBSTETRICIA ";"37";"39";"157";"156";"11";"330";"0"
"2023";"06";"150113";"LIMA";"LIMA";"JESUS MARIA";"SANIDAD DEL EJERCITO DEL PERU";"III-1";"00017024";"HOSPITAL  MILITAR LUIS ARIAS SCHEREIBER";"241900";"HOSPITALIZACIÓN DE MEDICINA MEDICINA INTERNA ";"87";"89";"1801";"1342";"80";"2400";"7"
"2023";"06";"150113";"LIMA";"LIMA";"JESUS MARIA";"SANIDAD DEL EJERCITO DEL PERU";"III-1";"00017024";"HOSPITAL  MILITAR LUIS ARIAS SCHEREIBER";"242100";"HOSPITALIZACIÓN DE MEDICINA ONCOLOGÍA MÉDICA ";"13";"18";"432";"118";"9";"270";"3"
"2023";"06";"150113";"LIMA";"LIMA";"JESUS MARIA";"SANIDAD DEL EJERCITO DEL PERU";"III-1";"00017024";"HOSPITAL  MILITAR LUIS ARIAS SCHEREIBER";"242200";"HOSPITALIZACIÓN DE MEDICINA PSIQUIATRÍA ";"14";"16";"302";"290";"18";"540";"0"
"2023";"06";"150113";"LIMA";"LIMA";"JESUS MARIA";"SANIDAD DEL EJERCITO DEL PERU";"III-1";"00017024";"HOSPITAL  MILITAR LUIS ARIAS SCHEREIBER";"242300";"HOSPITALIZACIÓN DE PEDIATRÍA  PEDIATRÍA  GENERAL ";"25";"25";"103";"105";"13";"390";"0"
"2023";"06";"150113";"LIMA";"LIMA";"JESUS MARIA";"SANIDAD DEL EJERCITO DEL PERU";"III-1";"00017024";"HOSPITAL  MILITAR LUIS ARIAS SCHEREIBER";"243200";"HOSPITALIZACIÓN DE PEDIATRÍA PEDIATRIA NEONATOLOGÍA";"17";"15";"51";"61";"15";"450";"0"
"2023";"06";"150113";"LIMA";"LIMA";"JESUS MARIA";"SANIDAD DEL EJERCITO DEL PERU";"III-1";"00017024";"HOSPITAL  MILITAR LUIS ARIAS SCHEREIBER";"244300";"HOSPITALIZACIÓN DE MEDICINA GASTROENTEROLOGÍA  ";"32";"27";"208";"276";"14";"420";"1"
"2023";"06";"150113";"LIMA";"LIMA";"JESUS MARIA";"SANIDAD DEL EJERCITO DEL PERU";"III-1";"00017024";"HOSPITAL  MILITAR LUIS ARIAS SCHEREIBER";"244700";"HOSPITALIZACIÓN DE MEDICINA NEUROLOGIA  ";"15";"15";"433";"257";"13";"390";"0"
"2023";"06";"150113";"LIMA";"LIMA";"JESUS MARIA";"SANIDAD DEL EJERCITO DEL PERU";"III-1";"00017024";"HOSPITAL  MILITAR LUIS ARIAS SCHEREIBER";"245300";"HOSPITALIZACIÓN DE MEDICINA NEUMOLOGÍA  ";"11";"18";"480";"427";"29";"870";"1"
"2023";"06";"150113";"LIMA";"LIMA";"JESUS MARIA";"SANIDAD DEL EJERCITO DEL PERU";"III-1";"00017024";"HOSPITAL  MILITAR LUIS ARIAS SCHEREIBER";"250101";"UNIDAD DE CUIDADOS CRITICOS UNIDAD  DE CUIDADOS INTENSIVOS GENERALES (UCI) CARDIOLOGIA";"9";"8";"73";"99";"6";"180";"0"
"2023";"06";"150113";"LIMA";"LIMA";"JESUS MARIA";"SANIDAD DEL EJERCITO DEL PERU";"III-1";"00017024";"HOSPITAL  MILITAR LUIS ARIAS SCHEREIBER";"250103";"UNIDAD DE CUIDADOS CRITICOS UNIDAD  DE CUIDADOS INTENSIVOS GENERALES  (UCI) MEDICINA";"2";"1";"46";"122";"7";"210";"1"
"2023";"06";"200101";"PIURA";"PIURA";"PIURA";"PRIVADO";"II-1";"00018310";"SANNA - CLINICA BELEN";"240000";"HOSPITALIZACIÓN";"396";"417";"1289";"1239";"45";"1350";"3"
"2023";"06";"200101";"PIURA";"PIURA";"PIURA";"PRIVADO";"II-1";"00018310";"SANNA - CLINICA BELEN";"250100";"UNIDAD DE CUIDADOS CRITICOS UNIDAD  DE CUIDADOS INTENSIVOS GENERALES (UCI) ";"16";"5";"87";"101";"5";"150";"1"
"2023";"06";"040129";"AREQUIPA";"AREQUIPA";"JOSE LUIS BUSTAMANTE Y RIVERO";"GOBIERNO REGIONAL";"I-3";"00023488";"CENTRO DE SALUD MENTAL COMUNITARIO SIMON BOLIVAR";"NE_0001";"";"NE_0001";"NE_0001";"NE_0001";"NE_0001";"NE_0001";"NE_0001";"NE_0001"
"2023";"06";"040129";"AREQUIPA";"AREQUIPA";"JOSE LUIS BUSTAMANTE Y RIVERO";"GOBIERNO REGIONAL";"I-2";"00001263";"PUESTO DE SALUD 13 DE ENERO";"NE_0001";"";"NE_0001";"NE_0001";"NE_0001";"NE_0001";"NE_0001";"NE_0001";"NE_0001"
"2023";"06";"040129";"AREQUIPA";"AREQUIPA";"JOSE LUIS BUSTAMANTE Y RIVERO";"GOBIERNO REGIONAL";"I-3";"00001264";"CENTRO DE SALUD LAS ESMERALDAS";"NE_0001";"";"NE_0001";"NE_0001";"NE_0001";"NE_0001";"NE_0001";"NE_0001";"NE_0001"
"2023";"06";"040129";"AREQUIPA";"AREQUIPA";"JOSE LUIS BUSTAMANTE Y RIVERO";"GOBIERNO REGIONAL";"I-2";"00001267";"PUESTO DE SALUD CERRO JULI";"NE_0001";"";"NE_0001";"NE_0001";"NE_0001";"NE_0001";"NE_0001";"NE_0001";"NE_0001"
"2023";"06";"250101";"UCAYALI";"CORONEL PORTILLO";"CALLERIA";"ESSALUD";"II-2";"00009600";"HOSPITAL II PUCALLPA- ESSALUD";"241800";"HOSPITALIZACIÓN DE MEDICINA MEDICINA GENERAL ";"164";"153";"1195";"1116";"50";"1500";"8"
"2023";"06";"250101";"UCAYALI";"CORONEL PORTILLO";"CALLERIA";"ESSALUD";"II-2";"00009600";"HOSPITAL II PUCALLPA- ESSALUD";"250300";"UNIDAD DE CUIDADOS CRITICOS UNIDAD DE VIGILANCIA INTENSIVA  CLINICA (UVIC) ";"21";"22";"180";"129";"7";"210";"5"
"2023";"06";"250101";"UCAYALI";"CORONEL PORTILLO";"CALLERIA";"ESSALUD";"II-2";"00009600";"HOSPITAL II PUCALLPA- ESSALUD";"240100";"HOSPITALIZACIÓN QUIRÚRGICA CIRUGÍA GENERAL ";"215";"210";"926";"858";"48";"1440";"0"
"2023";"06";"250101";"UCAYALI";"CORONEL PORTILLO";"CALLERIA";"ESSALUD";"II-2";"00009600";"HOSPITAL II PUCALLPA- ESSALUD";"241600";"HOSPITALIZACIÓN QUIRÚRGICA OBSTETRICIA   ";"167";"168";"400";"265";"18";"540";"0"
"2023";"06";"250101";"UCAYALI";"CORONEL PORTILLO";"CALLERIA";"ESSALUD";"II-2";"00009600";"HOSPITAL II PUCALLPA- ESSALUD";"241500";"HOSPITALIZACIÓN QUIRÚRGICA GINECOLOGÍA  ";"70";"77";"233";"222";"12";"360";"0"
"2023";"06";"250101";"UCAYALI";"CORONEL PORTILLO";"CALLERIA";"ESSALUD";"II-2";"00009600";"HOSPITAL II PUCALLPA- ESSALUD";"242300";"HOSPITALIZACIÓN DE PEDIATRÍA  PEDIATRÍA  GENERAL ";"82";"85";"352";"300";"15";"450";"0"
"2023";"06";"250101";"UCAYALI";"CORONEL PORTILLO";"CALLERIA";"ESSALUD";"II-2";"00009600";"HOSPITAL II PUCALLPA- ESSALUD";"243200";"HOSPITALIZACIÓN DE PEDIATRÍA PEDIATRIA NEONATOLOGÍA";"36";"33";"79";"87";"5";"150";"1"
"2023";"06";"140101";"LAMBAYEQUE";"CHICLAYO";"CHICLAYO";"PRIVADO";"II-E";"00008730";"BM CLINICA";"240000";"HOSPITALIZACIÓN";"36";"36";"75";"36";"12";"360";"0"
"2023";"06";"140101";"LAMBAYEQUE";"CHICLAYO";"CHICLAYO";"PRIVADO";"II-E";"00008730";"BM CLINICA";"250100";"UNIDAD DE CUIDADOS CRITICOS UNIDAD  DE CUIDADOS INTENSIVOS GENERALES (UCI) ";"7";"7";"25";"7";"6";"180";"2"
"2023";"06";"210701";"PUNO";"LAMPA";"LAMPA";"ESSALUD";"II-1";"00009900";"HOSPITAL I LAMPA - ESSALUD - RED ASISTENCIAL JULIACA";"242200";"HOSPITALIZACIÓN DE MEDICINA PSIQUIATRÍA ";"19";"19";"179";"192";"10";"256";"0"
"2023";"06";"220203";"SAN MARTIN";"BELLAVISTA";"BAJO BIAVO";"GOBIERNO REGIONAL";"I-1";"00006520";"NUEVO TARAPOTO";"NE_0002";"";"NE_0002";"NE_0002";"NE_0002";"NE_0002";"NE_0002";"NE_0002";"NE_0002"
"2023";"06";"220203";"SAN MARTIN";"BELLAVISTA";"BAJO BIAVO";"GOBIERNO REGIONAL";"I-1";"00006523";"SANTA ELENA";"NE_0002";"";"NE_0002";"NE_0002";"NE_0002";"NE_0002";"NE_0002";"NE_0002";"NE_0002"
"2023";"06";"220203";"SAN MARTIN";"BELLAVISTA";"BAJO BIAVO";"GOBIERNO REGIONAL";"I-4";"00006519";"NUEVO LIMA";"241600";"HOSPITALIZACIÓN QUIRÚRGICA OBSTETRICIA   ";"9";"9";"9";"9";"3";"90";"0"
"2023";"06";"220203";"SAN MARTIN";"BELLAVISTA";"BAJO BIAVO";"GOBIERNO REGIONAL";"I-1";"00006522";"LA UNION";"NE_0002";"";"NE_0002";"NE_0002";"NE_0002";"NE_0002";"NE_0002";"NE_0002";"NE_0002"
"2023";"06";"220203";"SAN MARTIN";"BELLAVISTA";"BAJO BIAVO";"GOBIERNO REGIONAL";"I-1";"00006521";"DOS UNIDOS";"NE_0002";"";"NE_0002";"NE_0002";"NE_0002";"NE_0002";"NE_0002";"NE_0002";"NE_0002"
"2023";"06";"220203";"SAN MARTIN";"BELLAVISTA";"BAJO BIAVO";"GOBIERNO REGIONAL";"I-1";"00011343";"YANAYACU";"NE_0002";"";"NE_0002";"NE_0002";"NE_0002";"NE_0002";"NE_0002";"NE_0002";"NE_0002"
"2023";"06";"150601";"LIMA";"HUARAL";"HUARAL";"PRIVADO";"II-E";"00017081";"CLINICA SAN ANDRES";"241200";"HOSPITALIZACIÓN QUIRÚRGICA TRAUMATOLOGÍA Y ORTOPEDIA ";"4";"4";"6";"6";"2";"30";"0"
"2023";"06";"150601";"LIMA";"HUARAL";"HUARAL";"PRIVADO";"II-E";"00017081";"CLINICA SAN ANDRES";"241300";"HOSPITALIZACIÓN QUIRÚRGICA UROLOGÍA  ";"7";"7";"9";"9";"1";"30";"0"
"2023";"06";"150601";"LIMA";"HUARAL";"HUARAL";"PRIVADO";"II-E";"00017081";"CLINICA SAN ANDRES";"241800";"HOSPITALIZACIÓN DE MEDICINA MEDICINA GENERAL ";"6";"6";"8";"8";"2";"30";"0"
"2023";"06";"150601";"LIMA";"HUARAL";"HUARAL";"PRIVADO";"II-E";"00017081";"CLINICA SAN ANDRES";"240100";"HOSPITALIZACIÓN QUIRÚRGICA CIRUGÍA GENERAL ";"22";"22";"24";"24";"1";"30";"0"
"2023";"06";"150601";"LIMA";"HUARAL";"HUARAL";"PRIVADO";"II-E";"00017081";"CLINICA SAN ANDRES";"241500";"HOSPITALIZACIÓN QUIRÚRGICA GINECOLOGÍA  ";"1";"1";"3";"3";"1";"30";"0"
"2023";"06";"150108";"LIMA";"LIMA";"CHORRILLOS";"PRIVADO";"II-E";"00019839";"CLINICA SANTA LEONOR";"240000";"HOSPITALIZACIÓN";"28";"28";"53";"55";"5";"150";"0"
"2023";"06";"150131";"LIMA";"LIMA";"SAN ISIDRO";"PRIVADO";"II-E";"00017099";"OFTALMOLOGOS CONTRERAS  C.SCRL";"NE_0001";"";"NE_0001";"NE_0001";"NE_0001";"NE_0001";"NE_0001";"NE_0001";"NE_0001"
"2023";"06";"010101";"AMAZONAS";"CHACHAPOYAS";"CHACHAPOYAS";"PRIVADO";"I-3";"00026399";"CENTRO MEDICO AMAZONAS EIRL";"NE_0001";"";"NE_0001";"NE_0001";"NE_0001";"NE_0001";"NE_0001";"NE_0001";"NE_0001"
"2023";"06";"120201";"JUNIN";"CONCEPCION";"CONCEPCION";"ESSALUD";"I-3";"00008668";"CENTRO MEDICO CONCEPCION";"NE_0001";"";"NE_0001";"NE_0001";"NE_0001";"NE_0001";"NE_0001";"NE_0001";"NE_0001"
"2023";"05";"120201";"JUNIN";"CONCEPCION";"CONCEPCION";"ESSALUD";"I-3";"00008668";"CENTRO MEDICO CONCEPCION";"NE_0001";"";"NE_0001";"NE_0001";"NE_0001";"NE_0001";"NE_0001";"NE_0001";"NE_0001"
"2023";"06";"110101";"ICA";"ICA";"ICA";"GOBIERNO REGIONAL";"I-2";"00003375";"SENOR DE LUREN";"NE_0001";"";"NE_0001";"NE_0001";"NE_0001";"NE_0001";"NE_0001";"NE_0001";"NE_0001"
"2023";"06";"110101";"ICA";"ICA";"ICA";"GOBIERNO REGIONAL";"I-3";"00003360";"SAN JOAQUIN";"NE_0001";"";"NE_0001";"NE_0001";"NE_0001";"NE_0001";"NE_0001";"NE_0001";"NE_0001"
"2023";"06";"110101";"ICA";"ICA";"ICA";"GOBIERNO REGIONAL";"I-2";"00003376";"CACHICHE";"NE_0001";"";"NE_0001";"NE_0001";"NE_0001";"NE_0001";"NE_0001";"NE_0001";"NE_0001"
"2023";"06";"110101";"ICA";"ICA";"ICA";"GOBIERNO REGIONAL";"I-3";"00003361";"LA PALMA GRANDE";"NE_0002";"";"NE_0002";"NE_0002";"NE_0002";"NE_0002";"NE_0002";"NE_0002";"NE_0002"
"2023";"06";"110101";"ICA";"ICA";"ICA";"MINSA";"I-2";"00003377";"EL HUARANGO";"NE_0001";"";"NE_0001";"NE_0001";"NE_0001";"NE_0001";"NE_0001";"NE_0001";"NE_0001"
"2023";"06";"211201";"PUNO";"SANDIA";"SANDIA";"MINSA";"II-1";"00003335";"HOSPITAL SANDIA";"240100";"HOSPITALIZACIÓN QUIRÚRGICA CIRUGÍA GENERAL ";"0";"1";"5";"5";"3";"90";"0"
"2023";"06";"211201";"PUNO";"SANDIA";"SANDIA";"MINSA";"II-1";"00003335";"HOSPITAL SANDIA";"241400";"HOSPITALIZACIÓN QUIRÚRGICA GINECO - OBSTETRICIA ";"17";"17";"46";"46";"3";"90";"0"
"2023";"06";"211201";"PUNO";"SANDIA";"SANDIA";"MINSA";"II-1";"00003335";"HOSPITAL SANDIA";"241600";"HOSPITALIZACIÓN QUIRÚRGICA OBSTETRICIA   ";"14";"14";"27";"27";"4";"120";"0"
"2023";"06";"211201";"PUNO";"SANDIA";"SANDIA";"MINSA";"II-1";"00003335";"HOSPITAL SANDIA";"241800";"HOSPITALIZACIÓN DE MEDICINA MEDICINA GENERAL ";"11";"13";"39";"39";"6";"180";"0"
"2023";"06";"211201";"PUNO";"SANDIA";"SANDIA";"MINSA";"II-1";"00003335";"HOSPITAL SANDIA";"242500";"HOSPITALIZACIÓN-PEDIATRÍA GENERAL-";"8";"8";"15";"15";"4";"120";"0"
"2023";"07";"080104";"CUSCO";"CUSCO";"SAN JERONIMO";"GOBIERNO REGIONAL";"0";"00030727";"PATRÓN SAN SEBASTIAN";"NE_0001";"";"NE_0001";"NE_0001";"NE_0001";"NE_0001";"NE_0001";"NE_0001";"NE_0001"
"2023";"07";"150115";"LIMA";"LIMA";"LA VICTORIA";"MINSA";"III-E";"00006212";"HOSPITAL DE EMERGENCIAS PEDIATRICAS";"240700";"HOSPITALIZACIÓN QUIRÚRGICA CIRUGÍA PEDIÁTRICA ";"43";"44";"236";"186";"7";"217";"0"
"2023";"07";"150115";"LIMA";"LIMA";"LA VICTORIA";"MINSA";"III-E";"00006212";"HOSPITAL DE EMERGENCIAS PEDIATRICAS";"250105";"UNIDAD DE CUIDADOS CRITICOS UNIDAD  DE CUIDADOS INTENSIVOS  (UCI) NEONATOLOGÍA";"8";"6";"59";"95";"4";"124";"1"
"2023";"07";"150115";"LIMA";"LIMA";"LA VICTORIA";"MINSA";"III-E";"00006212";"HOSPITAL DE EMERGENCIAS PEDIATRICAS";"250108";"UNIDAD DE CUIDADOS CRITICOS UNIDAD  DE CUIDADOS INTENSIVOS  (UCI) PEDIÁTRICA";"17";"18";"22";"196";"8";"248";"2"
"2023";"07";"150115";"LIMA";"LIMA";"LA VICTORIA";"MINSA";"III-E";"00006212";"HOSPITAL DE EMERGENCIAS PEDIATRICAS";"240900";"HOSPITALIZACIÓN QUIRÚRGICA NEUROCIRUGÍA ";"18";"19";"196";"113";"6";"186";"0"
"2023";"07";"150115";"LIMA";"LIMA";"LA VICTORIA";"MINSA";"III-E";"00006212";"HOSPITAL DE EMERGENCIAS PEDIATRICAS";"241200";"HOSPITALIZACIÓN QUIRÚRGICA TRAUMATOLOGÍA Y ORTOPEDIA ";"41";"37";"219";"130";"6";"186";"0"
"2023";"07";"150115";"LIMA";"LIMA";"LA VICTORIA";"MINSA";"III-E";"00006212";"HOSPITAL DE EMERGENCIAS PEDIATRICAS";"242300";"HOSPITALIZACIÓN DE PEDIATRÍA  PEDIATRÍA  GENERAL ";"63";"52";"637";"714";"24";"755";"1"
"2023";"08";"021906";"ANCASH";"SIHUAS";"HUAYLLABAMBA";"GOBIERNO REGIONAL";"I-2";"00001803";"PUESTO DE SALUD SANTA CLARA";"NE_0002";"";"NE_0002";"NE_0002";"NE_0002";"NE_0002";"NE_0002";"NE_0002";"NE_0002"
"2023";"08";"021909";"ANCASH";"SIHUAS";"SAN JUAN";"GOBIERNO REGIONAL";"I-1";"00007449";"PUESTO DE SALUD PARIASHPAMPA";"NE_0002";"";"NE_0002";"NE_0002";"NE_0002";"NE_0002";"NE_0002";"NE_0002";"NE_0002"
"2023";"08";"080601";"CUSCO";"CANCHIS";"SICUANI";"ESSALUD";"II-1";"00010063";"ESSALUD SICUANI";"240100";"HOSPITALIZACIÓN QUIRÚRGICA CIRUGÍA GENERAL ";"26";"26";"73";"75";"4";"124";"0"
"2023";"08";"080601";"CUSCO";"CANCHIS";"SICUANI";"ESSALUD";"II-1";"00010063";"ESSALUD SICUANI";"241500";"HOSPITALIZACIÓN QUIRÚRGICA GINECOLOGÍA  ";"22";"20";"56";"56";"2";"62";"0"
"2023";"08";"080601";"CUSCO";"CANCHIS";"SICUANI";"ESSALUD";"II-1";"00010063";"ESSALUD SICUANI";"241900";"HOSPITALIZACIÓN DE MEDICINA MEDICINA INTERNA ";"41";"43";"149";"150";"8";"248";"1"
"2023";"08";"080601";"CUSCO";"CANCHIS";"SICUANI";"ESSALUD";"II-1";"00010063";"ESSALUD SICUANI";"241600";"HOSPITALIZACIÓN QUIRÚRGICA OBSTETRICIA   ";"13";"14";"21";"22";"2";"62";"0"
"2023";"08";"080601";"CUSCO";"CANCHIS";"SICUANI";"ESSALUD";"II-1";"00010063";"ESSALUD SICUANI";"242300";"HOSPITALIZACIÓN DE PEDIATRÍA  PEDIATRÍA  GENERAL ";"7";"6";"20";"20";"2";"62";"0"
"2023";"08";"050401";"AYACUCHO";"HUANTA";"HUANTA";"GOBIERNO REGIONAL";"II-1";"00003655";"HOSPITAL DE APOYO DE HUANTA ""DANIEL ALCIDES CARRIÓN""";"240100";"HOSPITALIZACIÓN QUIRÚRGICA CIRUGÍA GENERAL ";"21";"26";"102";"111";"14";"362";"0"
"2023";"08";"050401";"AYACUCHO";"HUANTA";"HUANTA";"GOBIERNO REGIONAL";"II-1";"00003655";"HOSPITAL DE APOYO DE HUANTA ""DANIEL ALCIDES CARRIÓN""";"242500";"HOSPITALIZACIÓN-PEDIATRÍA GENERAL-";"5";"5";"14";"16";"10";"300";"0"
"2023";"08";"050401";"AYACUCHO";"HUANTA";"HUANTA";"GOBIERNO REGIONAL";"II-1";"00003655";"HOSPITAL DE APOYO DE HUANTA ""DANIEL ALCIDES CARRIÓN""";"241500";"HOSPITALIZACIÓN QUIRÚRGICA GINECOLOGÍA  ";"31";"32";"50";"56";"6";"243";"0"
"2023";"08";"040608";"AREQUIPA";"CONDESUYOS";"YANAQUIHUA";"GOBIERNO REGIONAL";"I-2";"00001414";"PUESTO DE SALUD ISPACAS";"NE_0001";"";"NE_0001";"NE_0001";"NE_0001";"NE_0001";"NE_0001";"NE_0001";"NE_0001"
"2023";"07";"040104";"AREQUIPA";"AREQUIPA";"CERRO COLORADO";"SANIDAD DE LA FUERZA AEREA DEL PERU";"II-E";"00011448";"HOSPITAL REGIONAL DEL SUR";"240000";"HOSPITALIZACIÓN";"7";"7";"21";"36";"20";"586";"0"
"2023";"07";"120304";"JUNIN";"CHANCHAMAYO";"SAN LUIS DE SHUARO";"GOBIERNO REGIONAL";"I-3";"00000314";"SAN LUIS DE SHUARO";"NE_0001";"";"NE_0001";"NE_0001";"NE_0001";"NE_0001";"NE_0001";"NE_0001";"NE_0001"
"2023";"07";"120301";"JUNIN";"CHANCHAMAYO";"CHANCHAMAYO";"GOBIERNO REGIONAL";"I-1";"00000312";"PUEBLO PARDO";"NE_0001";"";"NE_0001";"NE_0001";"NE_0001";"NE_0001";"NE_0001";"NE_0001";"NE_0001"
"2023";"07";"120301";"JUNIN";"CHANCHAMAYO";"CHANCHAMAYO";"GOBIERNO REGIONAL";"I-2";"00000311";"VILLA PROGRESO";"NE_0001";"";"NE_0001";"NE_0001";"NE_0001";"NE_0001";"NE_0001";"NE_0001";"NE_0001"
"2023";"08";"150801";"LIMA";"HUAURA";"HUACHO";"ESSALUD";"II-2";"00011337";"HOSPITAL II GUSTAVO LANATTA LUJAN - ESSALUD";"241200";"HOSPITALIZACIÓN QUIRÚRGICA TRAUMATOLOGÍA Y ORTOPEDIA ";"31";"38";"128";"105";"6";"186";"0"
"2023";"08";"150801";"LIMA";"HUAURA";"HUACHO";"ESSALUD";"II-2";"00011337";"HOSPITAL II GUSTAVO LANATTA LUJAN - ESSALUD";"241500";"HOSPITALIZACIÓN QUIRÚRGICA GINECOLOGÍA  ";"49";"47";"95";"97";"6";"186";"0"
"2023";"08";"150801";"LIMA";"HUAURA";"HUACHO";"ESSALUD";"II-2";"00011337";"HOSPITAL II GUSTAVO LANATTA LUJAN - ESSALUD";"241600";"HOSPITALIZACIÓN QUIRÚRGICA OBSTETRICIA   ";"162";"162";"329";"336";"17";"527";"0"
"2023";"08";"150801";"LIMA";"HUAURA";"HUACHO";"ESSALUD";"II-2";"00011337";"HOSPITAL II GUSTAVO LANATTA LUJAN - ESSALUD";"242300";"HOSPITALIZACIÓN DE PEDIATRÍA  PEDIATRÍA  GENERAL ";"56";"54";"202";"212";"12";"372";"0"
"2023";"08";"150801";"LIMA";"HUAURA";"HUACHO";"ESSALUD";"II-2";"00011337";"HOSPITAL II GUSTAVO LANATTA LUJAN - ESSALUD";"243200";"HOSPITALIZACIÓN DE PEDIATRÍA PEDIATRIA NEONATOLOGÍA";"33";"35";"62";"59";"5";"155";"0"
"2023";"08";"150801";"LIMA";"HUAURA";"HUACHO";"ESSALUD";"II-2";"00011337";"HOSPITAL II GUSTAVO LANATTA LUJAN - ESSALUD";"250100";"UNIDAD DE CUIDADOS CRITICOS UNIDAD  DE CUIDADOS INTENSIVOS GENERALES (UCI) ";"7";"7";"65";"110";"4";"124";"2"
"2023";"08";"150120";"LIMA";"LIMA";"MAGDALENA DEL MAR";"MINSA";"III-1";"00006214";"HOSPITAL VICTOR LARCO HERRERA";"242202";"HOSPITALIZACIÓN DE MEDICINA PSIQUIATRÍA PSIQUIATRÍA DEL ADULTO Y GERONTE";"34";"31";"1364";"2526";"84";"3100";"0"
"2023";"08";"150117";"LIMA";"LIMA";"LOS OLIVOS";"PRIVADO";"II-E";"00023151";"CLINICA CORI";"240000";"HOSPITALIZACIÓN";"76";"74";"99";"125";"14";"434";"0"
"2023";"08";"040101";"AREQUIPA";"AREQUIPA";"AREQUIPA";"PRIVADO";"II-E";"00017588";"MELO CLINICA DE FERTILIDAD, GINECOLOGIA Y OBSTETRICIA";"241400";"HOSPITALIZACIÓN QUIRÚRGICA GINECO - OBSTETRICIA ";"21";"21";"21";"21";"4";"120";"0"
"2023";"08";"040126";"AREQUIPA";"AREQUIPA";"YANAHUARA";"PRIVADO";"II-E";"00021966";"CLINICA ALIVIARI";"NE_0001";"";"NE_0001";"NE_0001";"NE_0001";"NE_0001";"NE_0001";"NE_0001";"NE_0001"
"2023";"08";"120427";"JUNIN";"JAUJA";"RICRAN";"GOBIERNO REGIONAL";"I-1";"00000421";"APAYCANCHA";"NE_0001";"";"NE_0001";"NE_0001";"NE_0001";"NE_0001";"NE_0001";"NE_0001";"NE_0001"
"2023";"08";"120424";"JUNIN";"JAUJA";"PANCAN";"GOBIERNO REGIONAL";"I-1";"00000417";"PANCAN";"NE_0001";"";"NE_0001";"NE_0001";"NE_0001";"NE_0001";"NE_0001";"NE_0001";"NE_0001"
"2023";"08";"120427";"JUNIN";"JAUJA";"RICRAN";"GOBIERNO REGIONAL";"I-2";"00000419";"RICRAN";"NE_0001";"";"NE_0001";"NE_0001";"NE_0001";"NE_0001";"NE_0001";"NE_0001";"NE_0001"
"2023";"08";"090701";"HUANCAVELICA";"TAYACAJA";"PAMPAS";"GOBIERNO REGIONAL";"II-1";"00004074";"HOSPITAL DE PAMPAS";"241800";"HOSPITALIZACIÓN DE MEDICINA MEDICINA GENERAL ";"9";"9";"41";"52";"6";"7";"2"
"2023";"08";"090701";"HUANCAVELICA";"TAYACAJA";"PAMPAS";"GOBIERNO REGIONAL";"II-1";"00004074";"HOSPITAL DE PAMPAS";"240100";"HOSPITALIZACIÓN QUIRÚRGICA CIRUGÍA GENERAL ";"25";"25";"118";"107";"6";"180";"0"
"2023";"08";"090701";"HUANCAVELICA";"TAYACAJA";"PAMPAS";"GOBIERNO REGIONAL";"II-1";"00004074";"HOSPITAL DE PAMPAS";"241400";"HOSPITALIZACIÓN QUIRÚRGICA GINECO - OBSTETRICIA ";"78";"77";"281";"181";"12";"372";"0"
"2023";"08";"090701";"HUANCAVELICA";"TAYACAJA";"PAMPAS";"GOBIERNO REGIONAL";"II-1";"00004074";"HOSPITAL DE PAMPAS";"242500";"HOSPITALIZACIÓN-PEDIATRÍA GENERAL-";"9";"10";"41";"35";"6";"186";"0"
"2023";"08";"090701";"HUANCAVELICA";"TAYACAJA";"PAMPAS";"GOBIERNO REGIONAL";"II-1";"00004074";"HOSPITAL DE PAMPAS";"243200";"HOSPITALIZACIÓN DE PEDIATRÍA PEDIATRIA NEONATOLOGÍA";"12";"13";"44";"44";"5";"155";"0"
"2023";"08";"090701";"HUANCAVELICA";"TAYACAJA";"PAMPAS";"GOBIERNO REGIONAL";"II-1";"00004074";"HOSPITAL DE PAMPAS";"243200";"HOSPITALIZACIÓN DE PEDIATRÍA PEDIATRIA NEONATOLOGÍA";"2";"2";"2";"2";"1";"31";"1"
"2023";"08";"120204";"JUNIN";"CONCEPCION";"CHAMBARA";"GOBIERNO REGIONAL";"I-1";"00000638";"SAN BLAS";"NE_0002";"";"NE_0002";"NE_0002";"NE_0002";"NE_0002";"NE_0002";"NE_0002";"NE_0002"
"2023";"08";"120904";"JUNIN";"CHUPACA";"HUACHAC";"GOBIERNO REGIONAL";"I-1";"00000654";"ANTAPAMPA";"NE_0002";"";"NE_0002";"NE_0002";"NE_0002";"NE_0002";"NE_0002";"NE_0002";"NE_0002"
"2023";"08";"120204";"JUNIN";"CONCEPCION";"CHAMBARA";"GOBIERNO REGIONAL";"I-1";"00000637";"STA. ROSA DE TISTES";"NE_0002";"";"NE_0002";"NE_0002";"NE_0002";"NE_0002";"NE_0002";"NE_0002";"NE_0002"
"2023";"08";"120204";"JUNIN";"CONCEPCION";"CHAMBARA";"GOBIERNO REGIONAL";"I-2";"00000636";"CHAMBARA";"NE_0002";"";"NE_0002";"NE_0002";"NE_0002";"NE_0002";"NE_0002";"NE_0002";"NE_0002"
"2023";"08";"120208";"JUNIN";"CONCEPCION";"MANZANARES";"GOBIERNO REGIONAL";"I-1";"00000640";"MANZANARES";"NE_0002";"";"NE_0002";"NE_0002";"NE_0002";"NE_0002";"NE_0002";"NE_0002";"NE_0002"
"2023";"08";"120204";"JUNIN";"CONCEPCION";"CHAMBARA";"GOBIERNO REGIONAL";"I-1";"00000639";"ANGASMAYO";"NE_0002";"";"NE_0002";"NE_0002";"NE_0002";"NE_0002";"NE_0002";"NE_0002";"NE_0002"
"2023";"08";"120904";"JUNIN";"CHUPACA";"HUACHAC";"GOBIERNO REGIONAL";"I-1";"00000653";"MARCATUNA";"NE_0002";"";"NE_0002";"NE_0002";"NE_0002";"NE_0002";"NE_0002";"NE_0002";"NE_0002"
"2023";"08";"120904";"JUNIN";"CHUPACA";"HUACHAC";"GOBIERNO REGIONAL";"I-3";"00000651";"HUACHAC";"NE_0002";"";"NE_0002";"NE_0002";"NE_0002";"NE_0002";"NE_0002";"NE_0002";"NE_0002"
"2023";"08";"120904";"JUNIN";"CHUPACA";"HUACHAC";"GOBIERNO REGIONAL";"I-1";"00000652";"HUAYAO";"NE_0002";"";"NE_0002";"NE_0002";"NE_0002";"NE_0002";"NE_0002";"NE_0002";"NE_0002"
"2023";"08";"220301";"SAN MARTIN";"EL DORADO";"SAN JOSE DE SISA";"GOBIERNO REGIONAL";"I-1";"00006487";"SANTA CRUZ";"NE_0001";"";"NE_0001";"NE_0001";"NE_0001";"NE_0001";"NE_0001";"NE_0001";"NE_0001"
"2023";"08";"220301";"SAN MARTIN";"EL DORADO";"SAN JOSE DE SISA";"GOBIERNO REGIONAL";"I-1";"00006489";"SAN JUAN DE MIRAFLORES";"NE_0001";"";"NE_0001";"NE_0001";"NE_0001";"NE_0001";"NE_0001";"NE_0001";"NE_0001"
"2023";"08";"060610";"CAJAMARCA";"CUTERVO";"SAN LUIS DE LUCMA";"GOBIERNO REGIONAL";"I-3";"00005038";"SAN LUIS DE LA LUCMA";"NE_0001";"";"NE_0001";"NE_0001";"NE_0001";"NE_0001";"NE_0001";"NE_0001";"NE_0001"
"2023";"08";"060610";"CAJAMARCA";"CUTERVO";"SAN LUIS DE LUCMA";"GOBIERNO REGIONAL";"I-1";"00006870";"SANTA ROSA DEL TINGO";"NE_0001";"";"NE_0001";"NE_0001";"NE_0001";"NE_0001";"NE_0001";"NE_0001";"NE_0001"
"2023";"08";"060614";"CAJAMARCA";"CUTERVO";"SOCOTA";"GOBIERNO REGIONAL";"I-1";"00006937";"MINAS DE SOCOTA";"NE_0001";"";"NE_0001";"NE_0001";"NE_0001";"NE_0001";"NE_0001";"NE_0001";"NE_0001"
"2023";"08";"060610";"CAJAMARCA";"CUTERVO";"SAN LUIS DE LUCMA";"GOBIERNO REGIONAL";"I-1";"00006853";"SAIREPAMPA";"NE_0001";"";"NE_0001";"NE_0001";"NE_0001";"NE_0001";"NE_0001";"NE_0001";"NE_0001"
"2023";"08";"060614";"CAJAMARCA";"CUTERVO";"SOCOTA";"GOBIERNO REGIONAL";"I-1";"00011258";"RINCONADA MIRAFLORES";"NE_0001";"";"NE_0001";"NE_0001";"NE_0001";"NE_0001";"NE_0001";"NE_0001";"NE_0001"
"2023";"08";"060614";"CAJAMARCA";"CUTERVO";"SOCOTA";"GOBIERNO REGIONAL";"I-1";"00011262";"PUQUIO DE SOCOTA";"NE_0001";"";"NE_0001";"NE_0001";"NE_0001";"NE_0001";"NE_0001";"NE_0001";"NE_0001"
"2023";"08";"060614";"CAJAMARCA";"CUTERVO";"SOCOTA";"GOBIERNO REGIONAL";"I-1";"00005032";"PAMPA LA RIOJA";"NE_0001";"";"NE_0001";"NE_0001";"NE_0001";"NE_0001";"NE_0001";"NE_0001";"NE_0001"
"2023";"08";"060614";"CAJAMARCA";"CUTERVO";"SOCOTA";"GOBIERNO REGIONAL";"I-3";"00005040";" VIRGEN DE LA CANDELARIA ";"NE_0001";"";"NE_0001";"NE_0001";"NE_0001";"NE_0001";"NE_0001";"NE_0001";"NE_0001"
"2023";"08";"060614";"CAJAMARCA";"CUTERVO";"SOCOTA";"GOBIERNO REGIONAL";"I-1";"00007749";"CHURUMAYO";"NE_0001";"";"NE_0001";"NE_0001";"NE_0001";"NE_0001";"NE_0001";"NE_0001";"NE_0001"
"2023";"08";"060614";"CAJAMARCA";"CUTERVO";"SOCOTA";"GOBIERNO REGIONAL";"I-1";"00011061";"NUEVO ORIENTE DE SOCOTA";"NE_0001";"";"NE_0001";"NE_0001";"NE_0001";"NE_0001";"NE_0001";"NE_0001";"NE_0001"
"2023";"08";"060307";"CAJAMARCA";"CELENDIN";"MIGUEL IGLESIAS";"GOBIERNO REGIONAL";"I-3";"00004478";"MIGUEL IGLESIAS";"NE_0001";"";"NE_0001";"NE_0001";"NE_0001";"NE_0001";"NE_0001";"NE_0001";"NE_0001"
"2023";"08";"060307";"CAJAMARCA";"CELENDIN";"MIGUEL IGLESIAS";"GOBIERNO REGIONAL";"I-1";"00009085";"MUYOC GRANDE";"NE_0001";"";"NE_0001";"NE_0001";"NE_0001";"NE_0001";"NE_0001";"NE_0001";"NE_0001"
"2023";"08";"060302";"CAJAMARCA";"CELENDIN";"CHUMUCH";"GOBIERNO REGIONAL";"I-1";"00004479";"CHUMUCH";"NE_0001";"";"NE_0001";"NE_0001";"NE_0001";"NE_0001";"NE_0001";"NE_0001";"NE_0001"
"2023";"08";"060312";"CAJAMARCA";"CELENDIN";"LA LIBERTAD DE PALLAN";"GOBIERNO REGIONAL";"I-2";"00004481";"LA LIBERTAD DE PALLAN";"NE_0001";"";"NE_0001";"NE_0001";"NE_0001";"NE_0001";"NE_0001";"NE_0001";"NE_0001"
"2023";"08";"060312";"CAJAMARCA";"CELENDIN";"LA LIBERTAD DE PALLAN";"GOBIERNO REGIONAL";"I-1";"00004480";"NUEVA ESPERANZA";"NE_0001";"";"NE_0001";"NE_0001";"NE_0001";"NE_0001";"NE_0001";"NE_0001";"NE_0001"
"2023";"08";"060312";"CAJAMARCA";"CELENDIN";"LA LIBERTAD DE PALLAN";"GOBIERNO REGIONAL";"I-1";"00006756";"RAMOSCUCHO";"NE_0001";"";"NE_0001";"NE_0001";"NE_0001";"NE_0001";"NE_0001";"NE_0001";"NE_0001"
"2023";"08";"060307";"CAJAMARCA";"CELENDIN";"MIGUEL IGLESIAS";"GOBIERNO REGIONAL";"I-1";"00009088";"PIZON";"NE_0001";"";"NE_0001";"NE_0001";"NE_0001";"NE_0001";"NE_0001";"NE_0001";"NE_0001"
"2023";"08";"060307";"CAJAMARCA";"CELENDIN";"MIGUEL IGLESIAS";"GOBIERNO REGIONAL";"I-1";"00011156";"MUYOC CHICO";"NE_0001";"";"NE_0001";"NE_0001";"NE_0001";"NE_0001";"NE_0001";"NE_0001";"NE_0001"
"2023";"08";"040501";"AREQUIPA";"CAYLLOMA";"CHIVAY";"ESSALUD";"I-2";"00013292";"POSTA MEDICA CHIVAY";"NE_0001";"";"NE_0001";"NE_0001";"NE_0001";"NE_0001";"NE_0001";"NE_0001";"NE_0001"
"2023";"08";"060615";"CAJAMARCA";"CUTERVO";"TORIBIO CASANOVA";"GOBIERNO REGIONAL";"I-1";"00005017";"PERLAMAYO";"NE_0001";"";"NE_0001";"NE_0001";"NE_0001";"NE_0001";"NE_0001";"NE_0001";"NE_0001"
"2023";"08";"060615";"CAJAMARCA";"CUTERVO";"TORIBIO CASANOVA";"GOBIERNO REGIONAL";"I-3";"00005019";"LA SACILIA";"NE_0001";"";"NE_0001";"NE_0001";"NE_0001";"NE_0001";"NE_0001";"NE_0001";"NE_0001"
"2023";"08";"060604";"CAJAMARCA";"CUTERVO";"CUJILLO";"GOBIERNO REGIONAL";"I-3";"00004974";"CUJILLO";"NE_0001";"";"NE_0001";"NE_0001";"NE_0001";"NE_0001";"NE_0001";"NE_0001";"NE_0001"
"2023";"08";"060604";"CAJAMARCA";"CUTERVO";"CUJILLO";"GOBIERNO REGIONAL";"I-1";"00006959";"CUNUAT";"NE_0001";"";"NE_0001";"NE_0001";"NE_0001";"NE_0001";"NE_0001";"NE_0001";"NE_0001"
"2023";"04";"090101";"HUANCAVELICA";"HUANCAVELICA";"HUANCAVELICA";"SANIDAD DE LA POLICIA NACIONAL DEL PERU";"I-2";"00009476";"POSTA  MEDICA  POLICIAL- HUANCAVELICA";"NE_0001";"";"NE_0001";"NE_0001";"NE_0001";"NE_0001";"NE_0001";"NE_0001";"NE_0001"
"2023";"04";"190113";"PASCO";"PASCO";"YANACANCHA";"SANIDAD DE LA POLICIA NACIONAL DEL PERU";"I-2";"00011773";"POSTA MEDICA PNP CERRO DE PASCO";"NE_0001";"";"NE_0001";"NE_0001";"NE_0001";"NE_0001";"NE_0001";"NE_0001";"NE_0001"
"2023";"04";"060401";"CAJAMARCA";"CHOTA";"CHOTA";"SANIDAD DE LA POLICIA NACIONAL DEL PERU";"I-2";"00010929";"POSTA MEDICA POLICIAL CHOTA";"NE_0001";"";"NE_0001";"NE_0001";"NE_0001";"NE_0001";"NE_0001";"NE_0001";"NE_0001"
"2023";"04";"021101";"ANCASH";"HUARMEY";"HUARMEY";"GOBIERNO REGIONAL";"II-1";"00001741";"HOSPITAL DE APOYO HUARMEY";"240100";"HOSPITALIZACIÓN QUIRÚRGICA CIRUGÍA GENERAL ";"6";"7";"47";"40";"3";"90";"0"
"2023";"04";"021101";"ANCASH";"HUARMEY";"HUARMEY";"GOBIERNO REGIONAL";"II-1";"00001741";"HOSPITAL DE APOYO HUARMEY";"241400";"HOSPITALIZACIÓN QUIRÚRGICA GINECO - OBSTETRICIA ";"40";"43";"80";"76";"10";"300";"0"
"2023";"04";"021101";"ANCASH";"HUARMEY";"HUARMEY";"GOBIERNO REGIONAL";"II-1";"00001741";"HOSPITAL DE APOYO HUARMEY";"241800";"HOSPITALIZACIÓN DE MEDICINA MEDICINA GENERAL ";"22";"24";"101";"100";"5";"150";"3"
"2023";"04";"021101";"ANCASH";"HUARMEY";"HUARMEY";"GOBIERNO REGIONAL";"II-1";"00001741";"HOSPITAL DE APOYO HUARMEY";"242300";"HOSPITALIZACIÓN DE PEDIATRÍA  PEDIATRÍA  GENERAL ";"4";"5";"17";"15";"3";"90";"0"
"2023";"04";"010701";"AMAZONAS";"UTCUBAMBA";"BAGUA GRANDE";"ESSALUD";"II-1";"00009067";"HOSPITAL EL BUEN SAMARITANO";"241800";"HOSPITALIZACIÓN DE MEDICINA MEDICINA GENERAL ";"34";"36";"161";"156";"7";"210";"0"
"2023";"04";"010701";"AMAZONAS";"UTCUBAMBA";"BAGUA GRANDE";"ESSALUD";"II-1";"00009067";"HOSPITAL EL BUEN SAMARITANO";"240100";"HOSPITALIZACIÓN QUIRÚRGICA CIRUGÍA GENERAL ";"11";"12";"41";"45";"3";"90";"0"
"2023";"04";"010701";"AMAZONAS";"UTCUBAMBA";"BAGUA GRANDE";"ESSALUD";"II-1";"00009067";"HOSPITAL EL BUEN SAMARITANO";"241500";"HOSPITALIZACIÓN QUIRÚRGICA GINECOLOGÍA  ";"31";"32";"76";"75";"3";"90";"0"
"2023";"04";"010701";"AMAZONAS";"UTCUBAMBA";"BAGUA GRANDE";"ESSALUD";"II-1";"00009067";"HOSPITAL EL BUEN SAMARITANO";"242300";"HOSPITALIZACIÓN DE PEDIATRÍA  PEDIATRÍA  GENERAL ";"19";"22";"58";"51";"3";"90";"0"
"2023";"04";"060601";"CAJAMARCA";"CUTERVO";"CUTERVO";"GOBIERNO REGIONAL";"II-1";"00004981";"SANTA MARIA DE CUTERVO";"240100";"HOSPITALIZACIÓN QUIRÚRGICA CIRUGÍA GENERAL ";"48";"50";"141";"170";"6";"180";"0"
"2023";"04";"060601";"CAJAMARCA";"CUTERVO";"CUTERVO";"GOBIERNO REGIONAL";"II-1";"00004981";"SANTA MARIA DE CUTERVO";"241400";"HOSPITALIZACIÓN QUIRÚRGICA GINECO - OBSTETRICIA ";"135";"134";"215";"218";"10";"300";"0"
"2023";"04";"060601";"CAJAMARCA";"CUTERVO";"CUTERVO";"GOBIERNO REGIONAL";"II-1";"00004981";"SANTA MARIA DE CUTERVO";"241800";"HOSPITALIZACIÓN DE MEDICINA MEDICINA GENERAL ";"19";"23";"125";"136";"5";"150";"2"
"2023";"04";"060601";"CAJAMARCA";"CUTERVO";"CUTERVO";"GOBIERNO REGIONAL";"II-1";"00004981";"SANTA MARIA DE CUTERVO";"242500";"HOSPITALIZACIÓN-PEDIATRÍA GENERAL-";"48";"47";"109";"111";"5";"150";"0"
"2023";"04";"200601";"PIURA";"SULLANA";"SULLANA";"ESSALUD";"I-4";"00010267";"HOSPITAL I ESSALUD-SULLANA";"241800";"HOSPITALIZACIÓN DE MEDICINA MEDICINA GENERAL ";"74";"62";"284";"286";"9";"270";"9"
"2023";"04";"200601";"PIURA";"SULLANA";"SULLANA";"ESSALUD";"I-4";"00010267";"HOSPITAL I ESSALUD-SULLANA";"241500";"HOSPITALIZACIÓN QUIRÚRGICA GINECOLOGÍA  ";"1";"1";"6";"5";"1";"30";"0"
"2023";"04";"200601";"PIURA";"SULLANA";"SULLANA";"ESSALUD";"I-4";"00010267";"HOSPITAL I ESSALUD-SULLANA";"242300";"HOSPITALIZACIÓN DE PEDIATRÍA  PEDIATRÍA  GENERAL ";"33";"32";"41";"41";"2";"60";"0"
"2023";"04";"200601";"PIURA";"SULLANA";"SULLANA";"ESSALUD";"I-4";"00010267";"HOSPITAL I ESSALUD-SULLANA";"241600";"HOSPITALIZACIÓN QUIRÚRGICA OBSTETRICIA   ";"7";"6";"20";"18";"1";"30";"0"
"2023";"04";"200601";"PIURA";"SULLANA";"SULLANA";"ESSALUD";"I-4";"00010267";"HOSPITAL I ESSALUD-SULLANA";"240100";"HOSPITALIZACIÓN QUIRÚRGICA CIRUGÍA GENERAL ";"26";"24";"51";"55";"2";"60";"0"
"2023";"04";"160301";"LORETO";"LORETO";"NAUTA";"ESSALUD";"I-3";"00011403";"CENTRO DE ATENCION PRIMARIA II NAUTA";"NE_0001";"";"NE_0001";"NE_0001";"NE_0001";"NE_0001";"NE_0001";"NE_0001";"NE_0001"
"2023";"04";"110107";"ICA";"ICA";"PUEBLO NUEVO";"MINSA";"I-3";"00003370";"CENTRO DE SALUD PUEBLO NUEVO";"NE_0001";"";"NE_0001";"NE_0001";"NE_0001";"NE_0001";"NE_0001";"NE_0001";"NE_0001"
"2023";"04";"110113";"ICA";"ICA";"TATE";"GOBIERNO REGIONAL";"I-3";"00003371";"TATE";"NE_0001";"";"NE_0001";"NE_0001";"NE_0001";"NE_0001";"NE_0001";"NE_0001";"NE_0001"
"2023";"04";"110107";"ICA";"ICA";"PUEBLO NUEVO";"GOBIERNO REGIONAL";"I-1";"00003403";"CALLEJON LOS ESPINOS";"NE_0001";"";"NE_0001";"NE_0001";"NE_0001";"NE_0001";"NE_0001";"NE_0001";"NE_0001"
"2023";"04";"110113";"ICA";"ICA";"TATE";"GOBIERNO REGIONAL";"I-1";"00003404";"LUJARAJA";"NE_0001";"";"NE_0001";"NE_0001";"NE_0001";"NE_0001";"NE_0001";"NE_0001";"NE_0001"
"2023";"04";"110113";"ICA";"ICA";"TATE";"GOBIERNO REGIONAL";"I-1";"00003406";"LOS CALDERONES";"NE_0001";"";"NE_0001";"NE_0001";"NE_0001";"NE_0001";"NE_0001";"NE_0001";"NE_0001"
"2023";"04";"110105";"ICA";"ICA";"PACHACUTEC";"GOBIERNO REGIONAL";"I-2";"00003407";"EL PALTO";"NE_0001";"";"NE_0001";"NE_0001";"NE_0001";"NE_0001";"NE_0001";"NE_0001";"NE_0001"
"2023";"04";"110107";"ICA";"ICA";"PUEBLO NUEVO";"GOBIERNO REGIONAL";"I-1";"00003402";"PARIÑA GRANDE";"NE_0001";"";"NE_0001";"NE_0001";"NE_0001";"NE_0001";"NE_0001";"NE_0001";"NE_0001"
"2023";"04";"110113";"ICA";"ICA";"TATE";"GOBIERNO REGIONAL";"I-1";"00003405";"PUNO";"NE_0001";"";"NE_0001";"NE_0001";"NE_0001";"NE_0001";"NE_0001";"NE_0001";"NE_0001"
"2023";"04";"110105";"ICA";"ICA";"PACHACUTEC";"MINSA";"I-2";"00003372";"PACHACUTEC";"NE_0001";"";"NE_0001";"NE_0001";"NE_0001";"NE_0001";"NE_0001";"NE_0001";"NE_0001"
"2023";"04";"110107";"ICA";"ICA";"PUEBLO NUEVO";"GOBIERNO REGIONAL";"I-1";"00003401";"SAN RAFAEL";"NE_0001";"";"NE_0001";"NE_0001";"NE_0001";"NE_0001";"NE_0001";"NE_0001";"NE_0001"
"2023";"04";"221001";"SAN MARTIN";"TOCACHE";"TOCACHE";"GOBIERNO REGIONAL";"II-1";"00006580";"HOSPITAL II-1 ""DR. JOSE PEÑA PORTUGUEZ "" - TOCACHE";"240100";"HOSPITALIZACIÓN QUIRÚRGICA CIRUGÍA GENERAL ";"45";"50";"221";"311";"10";"300";"0"
"2023";"04";"221001";"SAN MARTIN";"TOCACHE";"TOCACHE";"GOBIERNO REGIONAL";"II-1";"00006580";"HOSPITAL II-1 ""DR. JOSE PEÑA PORTUGUEZ "" - TOCACHE";"241400";"HOSPITALIZACIÓN QUIRÚRGICA GINECO - OBSTETRICIA ";"67";"73";"100";"100";"7";"210";"0"
"2023";"04";"221001";"SAN MARTIN";"TOCACHE";"TOCACHE";"GOBIERNO REGIONAL";"II-1";"00006580";"HOSPITAL II-1 ""DR. JOSE PEÑA PORTUGUEZ "" - TOCACHE";"241600";"HOSPITALIZACIÓN QUIRÚRGICA OBSTETRICIA   ";"64";"66";"105";"137";"11";"330";"0"
"2023";"04";"221001";"SAN MARTIN";"TOCACHE";"TOCACHE";"GOBIERNO REGIONAL";"II-1";"00006580";"HOSPITAL II-1 ""DR. JOSE PEÑA PORTUGUEZ "" - TOCACHE";"241800";"HOSPITALIZACIÓN DE MEDICINA MEDICINA GENERAL ";"37";"45";"234";"284";"12";"360";"2"
"2023";"04";"221001";"SAN MARTIN";"TOCACHE";"TOCACHE";"GOBIERNO REGIONAL";"II-1";"00006580";"HOSPITAL II-1 ""DR. JOSE PEÑA PORTUGUEZ "" - TOCACHE";"242500";"HOSPITALIZACIÓN-PEDIATRÍA GENERAL-";"13";"13";"58";"93";"5";"150";"0"
"2023";"04";"221001";"SAN MARTIN";"TOCACHE";"TOCACHE";"GOBIERNO REGIONAL";"II-1";"00006580";"HOSPITAL II-1 ""DR. JOSE PEÑA PORTUGUEZ "" - TOCACHE";"243200";"HOSPITALIZACIÓN DE PEDIATRÍA PEDIATRIA NEONATOLOGÍA";"31";"31";"119";"133";"15";"450";"0"
"2023";"04";"120303";"JUNIN";"CHANCHAMAYO";"PICHANAQUI";"GOBIERNO REGIONAL";"II-1";"00000340";"HOSPITAL DE APOYO PICHANAKI";"241800";"HOSPITALIZACIÓN DE MEDICINA MEDICINA GENERAL ";"67";"67";"272";"272";"10";"300";"2"
"2023";"04";"120303";"JUNIN";"CHANCHAMAYO";"PICHANAQUI";"GOBIERNO REGIONAL";"II-1";"00000340";"HOSPITAL DE APOYO PICHANAKI";"240100";"HOSPITALIZACIÓN QUIRÚRGICA CIRUGÍA GENERAL ";"35";"40";"164";"164";"6";"180";"0"
"2023";"04";"120303";"JUNIN";"CHANCHAMAYO";"PICHANAQUI";"GOBIERNO REGIONAL";"II-1";"00000340";"HOSPITAL DE APOYO PICHANAKI";"241200";"HOSPITALIZACIÓN QUIRÚRGICA TRAUMATOLOGÍA Y ORTOPEDIA ";"3";"3";"14";"14";"1";"30";"0"
"2023";"04";"120303";"JUNIN";"CHANCHAMAYO";"PICHANAQUI";"GOBIERNO REGIONAL";"II-1";"00000340";"HOSPITAL DE APOYO PICHANAKI";"242500";"HOSPITALIZACIÓN-PEDIATRÍA GENERAL-";"34";"35";"141";"141";"5";"150";"0"
"2023";"04";"120303";"JUNIN";"CHANCHAMAYO";"PICHANAQUI";"GOBIERNO REGIONAL";"II-1";"00000340";"HOSPITAL DE APOYO PICHANAKI";"241600";"HOSPITALIZACIÓN QUIRÚRGICA OBSTETRICIA   ";"98";"98";"186";"186";"12";"360";"0"
"2023";"04";"120303";"JUNIN";"CHANCHAMAYO";"PICHANAQUI";"GOBIERNO REGIONAL";"II-1";"00000340";"HOSPITAL DE APOYO PICHANAKI";"241400";"HOSPITALIZACIÓN QUIRÚRGICA GINECO - OBSTETRICIA ";"32";"33";"67";"67";"8";"240";"0"
"2023";"04";"150117";"LIMA";"LIMA";"LOS OLIVOS";"PRIVADO";"II-E";"00013044";"MEGASALUD NARANJAL S.A.C.";"240000";"HOSPITALIZACIÓN";"15";"15";"36";"31";"3";"90";"0"
"2023";"04";"150120";"LIMA";"LIMA";"MAGDALENA DEL MAR";"PRIVADO";"II-E";"00023022";"CLINICA AVANSALUD";"240000";"HOSPITALIZACIÓN";"58";"55";"102";"52";"4";"341";"0"
"2023";"04";"150122";"LIMA";"LIMA";"MIRAFLORES";"OTRO";"II-2";"00010827";"HOGAR DE LA MADRE CLINICA-HOSPITAL";"241500";"HOSPITALIZACIÓN QUIRÚRGICA GINECOLOGÍA  ";"134";"126";"378";"402";"25";"410";"0"
"2023";"03";"250106";"UCAYALI";"CORONEL PORTILLO";"NUEVA REQUENA";"GOBIERNO REGIONAL";"I-1";"00013174";"SAN PABLO DE JUANTIA";"NE_0001";"";"NE_0001";"NE_0001";"NE_0001";"NE_0001";"NE_0001";"NE_0001";"NE_0001"
"2023";"03";"250106";"UCAYALI";"CORONEL PORTILLO";"NUEVA REQUENA";"GOBIERNO REGIONAL";"I-1";"00005450";"NARANJAL";"NE_0001";"";"NE_0001";"NE_0001";"NE_0001";"NE_0001";"NE_0001";"NE_0001";"NE_0001"
"2023";"03";"250106";"UCAYALI";"CORONEL PORTILLO";"NUEVA REQUENA";"GOBIERNO REGIONAL";"I-1";"00005449";"SHAMBO PORVENIR";"NE_0001";"";"NE_0001";"NE_0001";"NE_0001";"NE_0001";"NE_0001";"NE_0001";"NE_0001"
"2023";"03";"250106";"UCAYALI";"CORONEL PORTILLO";"NUEVA REQUENA";"GOBIERNO REGIONAL";"I-1";"00005448";"MIRAFLORES";"NE_0001";"";"NE_0001";"NE_0001";"NE_0001";"NE_0001";"NE_0001";"NE_0001";"NE_0001"
"2023";"03";"250106";"UCAYALI";"CORONEL PORTILLO";"NUEVA REQUENA";"GOBIERNO REGIONAL";"I-1";"00005447";"ESPERANZA  DE AGUAYTIA";"NE_0001";"";"NE_0001";"NE_0001";"NE_0001";"NE_0001";"NE_0001";"NE_0001";"NE_0001"
"2023";"03";"250106";"UCAYALI";"CORONEL PORTILLO";"NUEVA REQUENA";"GOBIERNO REGIONAL";"I-1";"00005446";"NUEVO PIURA";"NE_0001";"";"NE_0001";"NE_0001";"NE_0001";"NE_0001";"NE_0001";"NE_0001";"NE_0001"
"2023";"03";"250106";"UCAYALI";"CORONEL PORTILLO";"NUEVA REQUENA";"GOBIERNO REGIONAL";"I-1";"00005445";"JUVENTUD";"NE_0001";"";"NE_0001";"NE_0001";"NE_0001";"NE_0001";"NE_0001";"NE_0001";"NE_0001"
"2023";"03";"250102";"UCAYALI";"CORONEL PORTILLO";"CAMPOVERDE";"GOBIERNO REGIONAL";"I-1";"00005444";"SARITA COLONIA";"NE_0001";"";"NE_0001";"NE_0001";"NE_0001";"NE_0001";"NE_0001";"NE_0001";"NE_0001"
"2023";"03";"250106";"UCAYALI";"CORONEL PORTILLO";"NUEVA REQUENA";"GOBIERNO REGIONAL";"I-3";"00005443";"NUEVA REQUENA";"NE_0001";"";"NE_0001";"NE_0001";"NE_0001";"NE_0001";"NE_0001";"NE_0001";"NE_0001"
"2023";"05";"120605";"JUNIN";"SATIPO";"PAMPA HERMOSA";"GOBIERNO REGIONAL";"I-1";"00007185";"PAMPA MANDARINA";"NE_0001";"";"NE_0001";"NE_0001";"NE_0001";"NE_0001";"NE_0001";"NE_0001";"NE_0001"
"2023";"05";"120602";"JUNIN";"SATIPO";"COVIRIALI";"GOBIERNO REGIONAL";"I-2";"00000486";"SAN PEDRO";"NE_0001";"";"NE_0001";"NE_0001";"NE_0001";"NE_0001";"NE_0001";"NE_0001";"NE_0001"
"2023";"05";"120602";"JUNIN";"SATIPO";"COVIRIALI";"GOBIERNO REGIONAL";"I-1";"00000487";"SANTA MARIA";"NE_0001";"";"NE_0001";"NE_0001";"NE_0001";"NE_0001";"NE_0001";"NE_0001";"NE_0001"
"2023";"05";"120605";"JUNIN";"SATIPO";"PAMPA HERMOSA";"GOBIERNO REGIONAL";"I-2";"00000494";"APALLA CALABAZA";"NE_0001";"";"NE_0001";"NE_0001";"NE_0001";"NE_0001";"NE_0001";"NE_0001";"NE_0001"
"2023";"05";"120602";"JUNIN";"SATIPO";"COVIRIALI";"GOBIERNO REGIONAL";"I-1";"00007186";"PALMAPAMPA";"NE_0001";"";"NE_0001";"NE_0001";"NE_0001";"NE_0001";"NE_0001";"NE_0001";"NE_0001"
"2023";"06";"220913";"SAN MARTIN";"SAN MARTIN";"SAUCE";"GOBIERNO REGIONAL";"I-1";"00006381";"DOS DE MAYO";"NE_0001";"";"NE_0001";"NE_0001";"NE_0001";"NE_0001";"NE_0001";"NE_0001";"NE_0001"
"2023";"06";"220913";"SAN MARTIN";"SAN MARTIN";"SAUCE";"GOBIERNO REGIONAL";"I-3";"00006380";"SAUCE";"241600";"HOSPITALIZACIÓN QUIRÚRGICA OBSTETRICIA   ";"6";"7";"7";"7";"2";"60";"0"
"2023";"06";"070101";"CALLAO";"CALLAO";"CALLAO";"PRIVADO";"II-E";"00025535";"CLÍNICA  OQUENDO";"240000";"HOSPITALIZACIÓN";"15";"14";"24";"15";"11";"330";"0"
"2023";"06";"150142";"LIMA";"LIMA";"VILLA EL SALVADOR";"PRIVADO";"II-E";"00024178";"CLINIC NOVASALUD";"240000";"HOSPITALIZACIÓN";"12";"12";"10";"1";"7";"13";"0"
"2023";"06";"130702";"LA LIBERTAD";"PACASMAYO";"GUADALUPE";"GOBIERNO REGIONAL";"II-1";"00005292";"HOSPITAL DE APOYO TOMAS LAFORA";"241800";"HOSPITALIZACIÓN DE MEDICINA MEDICINA GENERAL ";"39";"40";"155";"156";"18";"540";"1"
"2023";"06";"130702";"LA LIBERTAD";"PACASMAYO";"GUADALUPE";"GOBIERNO REGIONAL";"II-1";"00005292";"HOSPITAL DE APOYO TOMAS LAFORA";"240100";"HOSPITALIZACIÓN QUIRÚRGICA CIRUGÍA GENERAL ";"28";"28";"77";"85";"13";"390";"0"
"2023";"06";"130702";"LA LIBERTAD";"PACASMAYO";"GUADALUPE";"GOBIERNO REGIONAL";"II-1";"00005292";"HOSPITAL DE APOYO TOMAS LAFORA";"242300";"HOSPITALIZACIÓN DE PEDIATRÍA  PEDIATRÍA  GENERAL ";"15";"16";"52";"52";"12";"360";"0"
"2023";"06";"130702";"LA LIBERTAD";"PACASMAYO";"GUADALUPE";"GOBIERNO REGIONAL";"II-1";"00005292";"HOSPITAL DE APOYO TOMAS LAFORA";"243200";"HOSPITALIZACIÓN DE PEDIATRÍA PEDIATRIA NEONATOLOGÍA";"5";"6";"11";"8";"4";"120";"0"
"2023";"06";"130702";"LA LIBERTAD";"PACASMAYO";"GUADALUPE";"GOBIERNO REGIONAL";"II-1";"00005292";"HOSPITAL DE APOYO TOMAS LAFORA";"241600";"HOSPITALIZACIÓN QUIRÚRGICA OBSTETRICIA   ";"138";"138";"284";"277";"30";"900";"0"
"2023";"06";"130702";"LA LIBERTAD";"PACASMAYO";"GUADALUPE";"GOBIERNO REGIONAL";"II-1";"00005292";"HOSPITAL DE APOYO TOMAS LAFORA";"241500";"HOSPITALIZACIÓN QUIRÚRGICA GINECOLOGÍA  ";"24";"23";"40";"41";"7";"210";"0"
"2023";"07";"040109";"AREQUIPA";"AREQUIPA";"MARIANO MELGAR";"GOBIERNO REGIONAL";"I-4";"00001294";"CENTRO DE SALUD MARIANO MELGAR";"241400";"HOSPITALIZACIÓN QUIRÚRGICA GINECO - OBSTETRICIA ";"12";"12";"11";"11";"3";"360";"0"
"2023";"07";"040109";"AREQUIPA";"AREQUIPA";"MARIANO MELGAR";"GOBIERNO REGIONAL";"I-2";"00001308";"PUESTO DE SALUD ATALAYA";"NE_0001";"";"NE_0001";"NE_0001";"NE_0001";"NE_0001";"NE_0001";"NE_0001";"NE_0001"
"2023";"07";"040410";"AREQUIPA";"CASTILLA";"PAMPACOLCA";"GOBIERNO REGIONAL";"I-3";"00001385";"CENTRO DE SALUD PAMPACOLCA";"NE_0001";"";"NE_0001";"NE_0001";"NE_0001";"NE_0001";"NE_0001";"NE_0001";"NE_0001"
"2023";"07";"040410";"AREQUIPA";"CASTILLA";"PAMPACOLCA";"GOBIERNO REGIONAL";"I-2";"00001398";"PUESTO DE SALUD SAN ANTONIO";"NE_0001";"";"NE_0001";"NE_0001";"NE_0001";"NE_0001";"NE_0001";"NE_0001";"NE_0001"
"2023";"07";"040410";"AREQUIPA";"CASTILLA";"PAMPACOLCA";"GOBIERNO REGIONAL";"I-1";"00001399";"PUESTO DE SALUD PISCOPAMPA";"NE_0001";"";"NE_0001";"NE_0001";"NE_0001";"NE_0001";"NE_0001";"NE_0001";"NE_0001"
"2023";"08";"090312";"HUANCAVELICA";"ANGARAES";"SECCLLA";"GOBIERNO REGIONAL";"I-1";"00003971";"TRANCA";"NE_0001";"";"NE_0001";"NE_0001";"NE_0001";"NE_0001";"NE_0001";"NE_0001";"NE_0001"
"2023";"08";"090302";"HUANCAVELICA";"ANGARAES";"ANCHONGA";"GOBIERNO REGIONAL";"I-3";"00006901";"BUENOS AIRES DE PARCO CHACAPUNCU";"NE_0001";"";"NE_0001";"NE_0001";"NE_0001";"NE_0001";"NE_0001";"NE_0001";"NE_0001"
"2023";"08";"090304";"HUANCAVELICA";"ANGARAES";"CCOCHACCASA";"GOBIERNO REGIONAL";"I-1";"00003956";"SAN PEDRO DE MIMOSA";"NE_0001";"";"NE_0001";"NE_0001";"NE_0001";"NE_0001";"NE_0001";"NE_0001";"NE_0001"
"2023";"08";"090308";"HUANCAVELICA";"ANGARAES";"HUALLAY-GRANDE";"GOBIERNO REGIONAL";"I-2";"00003954";"HUAYLLAY GRANDE";"NE_0001";"";"NE_0001";"NE_0001";"NE_0001";"NE_0001";"NE_0001";"NE_0001";"NE_0001"
"2023";"08";"090304";"HUANCAVELICA";"ANGARAES";"CCOCHACCASA";"GOBIERNO REGIONAL";"I-3";"00003955";"CCOCHACCASA";"NE_0002";"";"NE_0002";"NE_0002";"NE_0002";"NE_0002";"NE_0002";"NE_0002";"NE_0002"
"2023";"08";"090302";"HUANCAVELICA";"ANGARAES";"ANCHONGA";"GOBIERNO REGIONAL";"I-1";"00003958";"ANCHONGA";"NE_0001";"";"NE_0001";"NE_0001";"NE_0001";"NE_0001";"NE_0001";"NE_0001";"NE_0001"
"2023";"08";"090302";"HUANCAVELICA";"ANGARAES";"ANCHONGA";"GOBIERNO REGIONAL";"I-2";"00003961";"SAN PABLO DE OCCO";"NE_0001";"";"NE_0001";"NE_0001";"NE_0001";"NE_0001";"NE_0001";"NE_0001";"NE_0001"
"2023";"08";"090306";"HUANCAVELICA";"ANGARAES";"CONGALLA";"GOBIERNO REGIONAL";"I-1";"00003973";"YUNYACCASA";"NE_0001";"";"NE_0001";"NE_0001";"NE_0001";"NE_0001";"NE_0001";"NE_0001";"NE_0001"
"2023";"08";"090306";"HUANCAVELICA";"ANGARAES";"CONGALLA";"GOBIERNO REGIONAL";"I-1";"00003974";"CARCOSI";"NE_0001";"";"NE_0001";"NE_0001";"NE_0001";"NE_0001";"NE_0001";"NE_0001";"NE_0001"
"2023";"08";"090306";"HUANCAVELICA";"ANGARAES";"CONGALLA";"GOBIERNO REGIONAL";"I-1";"00003975";"LIRCAYCCASA";"NE_0001";"";"NE_0001";"NE_0001";"NE_0001";"NE_0001";"NE_0001";"NE_0001";"NE_0001"
"2023";"08";"090307";"HUANCAVELICA";"ANGARAES";"HUANCA-HUANCA";"GOBIERNO REGIONAL";"I-1";"00011200";"CCARAPA";"NE_0001";"";"NE_0001";"NE_0001";"NE_0001";"NE_0001";"NE_0001";"NE_0001";"NE_0001"
"2023";"08";"090301";"HUANCAVELICA";"ANGARAES";"LIRCAY";"GOBIERNO REGIONAL";"I-1";"00011201";"CIENEGUILLA";"NE_0001";"";"NE_0001";"NE_0001";"NE_0001";"NE_0001";"NE_0001";"NE_0001";"NE_0001"
"2023";"07";"150135";"LIMA";"LIMA";"SAN MARTIN DE PORRES";"PRIVADO";"II-2";"00010603";"CLÍNICA MÉDICA CAYETANO HEREDIA";"240000";"HOSPITALIZACIÓN";"323";"325";"1078";"1022";"50";"1550";"1"
"2023";"07";"150135";"LIMA";"LIMA";"SAN MARTIN DE PORRES";"PRIVADO";"II-2";"00010603";"CLÍNICA MÉDICA CAYETANO HEREDIA";"250100";"UNIDAD DE CUIDADOS CRITICOS UNIDAD  DE CUIDADOS INTENSIVOS GENERALES (UCI) ";"16";"16";"75";"78";"9";"279";"0"
"2023";"07";"150135";"LIMA";"LIMA";"SAN MARTIN DE PORRES";"PRIVADO";"II-2";"00010603";"CLÍNICA MÉDICA CAYETANO HEREDIA";"250105";"UNIDAD DE CUIDADOS CRITICOS UNIDAD  DE CUIDADOS INTENSIVOS  (UCI) NEONATOLOGÍA";"5";"10";"83";"38";"4";"124";"0"
"2023";"07";"150135";"LIMA";"LIMA";"SAN MARTIN DE PORRES";"PRIVADO";"II-2";"00010603";"CLÍNICA MÉDICA CAYETANO HEREDIA";"250108";"UNIDAD DE CUIDADOS CRITICOS UNIDAD  DE CUIDADOS INTENSIVOS  (UCI) PEDIÁTRICA";"6";"7";"43";"36";"5";"155";"0"
"2023";"07";"021901";"ANCASH";"SIHUAS";"SIHUAS";"GOBIERNO REGIONAL";"II-1";"00001795";"HOSPITAL DE APOYO SIHUAS";"241800";"HOSPITALIZACIÓN DE MEDICINA MEDICINA GENERAL ";"24";"25";"78";"74";"11";"341";"0"
"2023";"07";"021901";"ANCASH";"SIHUAS";"SIHUAS";"GOBIERNO REGIONAL";"II-1";"00001795";"HOSPITAL DE APOYO SIHUAS";"240100";"HOSPITALIZACIÓN QUIRÚRGICA CIRUGÍA GENERAL ";"11";"11";"37";"36";"4";"124";"0"
"2023";"07";"021901";"ANCASH";"SIHUAS";"SIHUAS";"GOBIERNO REGIONAL";"II-1";"00001795";"HOSPITAL DE APOYO SIHUAS";"241500";"HOSPITALIZACIÓN QUIRÚRGICA GINECOLOGÍA  ";"18";"19";"41";"34";"4";"124";"0"
"2023";"07";"021901";"ANCASH";"SIHUAS";"SIHUAS";"GOBIERNO REGIONAL";"II-1";"00001795";"HOSPITAL DE APOYO SIHUAS";"241600";"HOSPITALIZACIÓN QUIRÚRGICA OBSTETRICIA   ";"27";"29";"86";"78";"4";"124";"0"
"2023";"08";"070101";"CALLAO";"CALLAO";"CALLAO";"SANIDAD DE LA POLICIA NACIONAL DEL PERU";"I-2";"00010451";"POSTA MÉDICA POLICIAL VIPOL";"NE_0001";"";"NE_0001";"NE_0001";"NE_0001";"NE_0001";"NE_0001";"NE_0001";"NE_0001"
"2023";"08";"120125";"JUNIN";"HUANCAYO";"PILCOMAYO";"SANIDAD DE LA POLICIA NACIONAL DEL PERU";"I-2";"00025776";"POSTA MEDICA POLICIAL EESTP - HYO";"NE_0001";"";"NE_0001";"NE_0001";"NE_0001";"NE_0001";"NE_0001";"NE_0001";"NE_0001"
"2023";"08";"150140";"LIMA";"LIMA";"SANTIAGO DE SURCO";"PRIVADO";"II-E";"00017823";"OFTALMOLOGICA SANTO TORIBIO";"NE_0001";"";"NE_0001";"NE_0001";"NE_0001";"NE_0001";"NE_0001";"NE_0001";"NE_0001"
"2023";"08";"120301";"JUNIN";"CHANCHAMAYO";"CHANCHAMAYO";"GOBIERNO REGIONAL";"II-2";"00000308";"HOSPITAL REGIONAL DOCENTE DE MEDICINA TROPICAL DR. JULIO CESAR DEMARINI CARO";"241800";"HOSPITALIZACIÓN DE MEDICINA MEDICINA GENERAL ";"80";"71";"493";"405";"22";"682";"5"
"2023";"08";"120301";"JUNIN";"CHANCHAMAYO";"CHANCHAMAYO";"GOBIERNO REGIONAL";"II-2";"00000308";"HOSPITAL REGIONAL DOCENTE DE MEDICINA TROPICAL DR. JULIO CESAR DEMARINI CARO";"242500";"HOSPITALIZACIÓN-PEDIATRÍA GENERAL-";"50";"48";"231";"280";"16";"496";"1"
"2023";"08";"120301";"JUNIN";"CHANCHAMAYO";"CHANCHAMAYO";"GOBIERNO REGIONAL";"II-2";"00000308";"HOSPITAL REGIONAL DOCENTE DE MEDICINA TROPICAL DR. JULIO CESAR DEMARINI CARO";"240100";"HOSPITALIZACIÓN QUIRÚRGICA CIRUGÍA GENERAL ";"99";"102";"436";"358";"25";"775";"1"
"2023";"08";"120301";"JUNIN";"CHANCHAMAYO";"CHANCHAMAYO";"GOBIERNO REGIONAL";"II-2";"00000308";"HOSPITAL REGIONAL DOCENTE DE MEDICINA TROPICAL DR. JULIO CESAR DEMARINI CARO";"241200";"HOSPITALIZACIÓN QUIRÚRGICA TRAUMATOLOGÍA Y ORTOPEDIA ";"43";"46";"227";"178";"8";"248";"0"
"2023";"08";"030201";"APURIMAC";"ANDAHUAYLAS";"ANDAHUAYLAS";"SANIDAD DE LA POLICIA NACIONAL DEL PERU";"I-2";"00011892";"POSTA MEDICA POLICIAL DE ANDAHUAYLAS";"NE_0001";"";"NE_0001";"NE_0001";"NE_0001";"NE_0001";"NE_0001";"NE_0001";"NE_0001"
"2023";"08";"150112";"LIMA";"LIMA";"INDEPENDENCIA";"SANIDAD DE LA POLICIA NACIONAL DEL PERU";"I-2";"00012741";"POSTA MEDICA POLICIAL INDEPENDENCIA";"NE_0001";"";"NE_0001";"NE_0001";"NE_0001";"NE_0001";"NE_0001";"NE_0001";"NE_0001"
"2023";"08";"150136";"LIMA";"LIMA";"SAN MIGUEL";"PRIVADO";"II-E";"00020976";"VISUAL CENTER CLINICA DE OJOS";"NE_0001";"";"NE_0001";"NE_0001";"NE_0001";"NE_0001";"NE_0001";"NE_0001";"NE_0001"
"2023";"08";"050503";"AYACUCHO";"LA MAR";"AYNA";"GOBIERNO REGIONAL";"II-1";"00003754";"HOSPITAL DE APOYO SAN FRANCISCO";"240100";"HOSPITALIZACIÓN QUIRÚRGICA CIRUGÍA GENERAL ";"36";"33";"112";"123";"5";"155";"0"
"2023";"08";"050503";"AYACUCHO";"LA MAR";"AYNA";"GOBIERNO REGIONAL";"II-1";"00003754";"HOSPITAL DE APOYO SAN FRANCISCO";"241400";"HOSPITALIZACIÓN QUIRÚRGICA GINECO - OBSTETRICIA ";"60";"57";"154";"196";"10";"310";"0"
"2023";"08";"050503";"AYACUCHO";"LA MAR";"AYNA";"GOBIERNO REGIONAL";"II-1";"00003754";"HOSPITAL DE APOYO SAN FRANCISCO";"241800";"HOSPITALIZACIÓN DE MEDICINA MEDICINA GENERAL ";"36";"35";"178";"175";"7";"217";"1"
"2023";"08";"050503";"AYACUCHO";"LA MAR";"AYNA";"GOBIERNO REGIONAL";"II-1";"00003754";"HOSPITAL DE APOYO SAN FRANCISCO";"242200";"HOSPITALIZACIÓN DE MEDICINA PSIQUIATRÍA ";"8";"5";"127";"182";"8";"248";"0"
"2023";"08";"050503";"AYACUCHO";"LA MAR";"AYNA";"GOBIERNO REGIONAL";"II-1";"00003754";"HOSPITAL DE APOYO SAN FRANCISCO";"242500";"HOSPITALIZACIÓN-PEDIATRÍA GENERAL-";"23";"21";"72";"94";"5";"155";"0"
"2023";"08";"050503";"AYACUCHO";"LA MAR";"AYNA";"GOBIERNO REGIONAL";"II-1";"00003754";"HOSPITAL DE APOYO SAN FRANCISCO";"243200";"HOSPITALIZACIÓN DE PEDIATRÍA PEDIATRIA NEONATOLOGÍA";"14";"14";"56";"102";"5";"155";"0"
"2023";"08";"150131";"LIMA";"LIMA";"SAN ISIDRO";"SANIDAD DE LA POLICIA NACIONAL DEL PERU";"I-3";"00012740";"POLICLINICO POLICIAL MININTER";"NE_0001";"";"NE_0001";"NE_0001";"NE_0001";"NE_0001";"NE_0001";"NE_0001";"NE_0001"
"2023";"08";"120301";"JUNIN";"CHANCHAMAYO";"CHANCHAMAYO";"GOBIERNO REGIONAL";"II-2";"00000308";"HOSPITAL REGIONAL DOCENTE DE MEDICINA TROPICAL DR. JULIO CESAR DEMARINI CARO";"241500";"HOSPITALIZACIÓN QUIRÚRGICA GINECOLOGÍA  ";"23";"20";"59";"67";"3";"93";"0"
"2023";"08";"120301";"JUNIN";"CHANCHAMAYO";"CHANCHAMAYO";"GOBIERNO REGIONAL";"II-2";"00000308";"HOSPITAL REGIONAL DOCENTE DE MEDICINA TROPICAL DR. JULIO CESAR DEMARINI CARO";"241600";"HOSPITALIZACIÓN QUIRÚRGICA OBSTETRICIA   ";"93";"98";"319";"276";"13";"403";"0"
"2023";"08";"120301";"JUNIN";"CHANCHAMAYO";"CHANCHAMAYO";"GOBIERNO REGIONAL";"II-2";"00000308";"HOSPITAL REGIONAL DOCENTE DE MEDICINA TROPICAL DR. JULIO CESAR DEMARINI CARO";"241400";"HOSPITALIZACIÓN QUIRÚRGICA GINECO - OBSTETRICIA ";"45";"46";"113";"103";"7";"217";"0"
"2023";"08";"120301";"JUNIN";"CHANCHAMAYO";"CHANCHAMAYO";"GOBIERNO REGIONAL";"II-2";"00000308";"HOSPITAL REGIONAL DOCENTE DE MEDICINA TROPICAL DR. JULIO CESAR DEMARINI CARO";"242200";"HOSPITALIZACIÓN DE MEDICINA PSIQUIATRÍA ";"5";"6";"349";"197";"8";"248";"0"
"2023";"08";"120301";"JUNIN";"CHANCHAMAYO";"CHANCHAMAYO";"GOBIERNO REGIONAL";"II-2";"00000308";"HOSPITAL REGIONAL DOCENTE DE MEDICINA TROPICAL DR. JULIO CESAR DEMARINI CARO";"250103";"UNIDAD DE CUIDADOS CRITICOS UNIDAD  DE CUIDADOS INTENSIVOS GENERALES  (UCI) MEDICINA";"15";"2";"30";"151";"6";"186";"2"
"2023";"08";"060108";"CAJAMARCA";"CAJAMARCA";"LOS BAÑOS DEL INCA";"ESSALUD";"I-3";"00010821";"CENTRO DE ATENCION PRIMARIA II";"NE_0001";"";"NE_0001";"NE_0001";"NE_0001";"NE_0001";"NE_0001";"NE_0001";"NE_0001"
"2023";"08";"200601";"PIURA";"SULLANA";"SULLANA";"GOBIERNO REGIONAL";"II-2";"00001910";"HOSPITAL DE APOYO II - 2 SULLANA";"241900";"HOSPITALIZACIÓN DE MEDICINA MEDICINA INTERNA ";"71";"79";"920";"720";"29";"899";"10"
"2023";"08";"200601";"PIURA";"SULLANA";"SULLANA";"GOBIERNO REGIONAL";"II-2";"00001910";"HOSPITAL DE APOYO II - 2 SULLANA";"244000";"HOSPITALIZACIÓN DE MEDICINA CARDIOLOGIA ";"15";"19";"161";"136";"6";"186";"1"
"2023";"08";"200601";"PIURA";"SULLANA";"SULLANA";"GOBIERNO REGIONAL";"II-2";"00001910";"HOSPITAL DE APOYO II - 2 SULLANA";"240100";"HOSPITALIZACIÓN QUIRÚRGICA CIRUGÍA GENERAL ";"156";"153";"673";"684";"28";"812";"1"
"2023";"08";"200601";"PIURA";"SULLANA";"SULLANA";"GOBIERNO REGIONAL";"II-2";"00001910";"HOSPITAL DE APOYO II - 2 SULLANA";"240700";"HOSPITALIZACIÓN QUIRÚRGICA CIRUGÍA PEDIÁTRICA ";"39";"40";"146";"127";"6";"186";"0"
"2023";"08";"200601";"PIURA";"SULLANA";"SULLANA";"GOBIERNO REGIONAL";"II-2";"00001910";"HOSPITAL DE APOYO II - 2 SULLANA";"241200";"HOSPITALIZACIÓN QUIRÚRGICA TRAUMATOLOGÍA Y ORTOPEDIA ";"7";"10";"134";"159";"6";"180";"0"
"2023";"08";"200601";"PIURA";"SULLANA";"SULLANA";"GOBIERNO REGIONAL";"II-2";"00001910";"HOSPITAL DE APOYO II - 2 SULLANA";"243200";"HOSPITALIZACIÓN DE PEDIATRÍA PEDIATRIA NEONATOLOGÍA";"29";"53";"506";"294";"18";"558";"0"
"2023";"08";"200601";"PIURA";"SULLANA";"SULLANA";"GOBIERNO REGIONAL";"II-2";"00001910";"HOSPITAL DE APOYO II - 2 SULLANA";"250105";"UNIDAD DE CUIDADOS CRITICOS UNIDAD  DE CUIDADOS INTENSIVOS  (UCI) NEONATOLOGÍA";"27";"4";"11";"297";"12";"372";"3"
"2023";"08";"200601";"PIURA";"SULLANA";"SULLANA";"GOBIERNO REGIONAL";"II-2";"00001910";"HOSPITAL DE APOYO II - 2 SULLANA";"242300";"HOSPITALIZACIÓN DE PEDIATRÍA  PEDIATRÍA  GENERAL ";"80";"84";"379";"321";"16";"475";"0"
"2023";"08";"200601";"PIURA";"SULLANA";"SULLANA";"GOBIERNO REGIONAL";"II-2";"00001910";"HOSPITAL DE APOYO II - 2 SULLANA";"241500";"HOSPITALIZACIÓN QUIRÚRGICA GINECOLOGÍA  ";"21";"25";"124";"102";"6";"188";"0"
"2023";"08";"200601";"PIURA";"SULLANA";"SULLANA";"GOBIERNO REGIONAL";"II-2";"00001910";"HOSPITAL DE APOYO II - 2 SULLANA";"241600";"HOSPITALIZACIÓN QUIRÚRGICA OBSTETRICIA   ";"373";"384";"1278";"998";"38";"1178";"0"
"2023";"08";"200601";"PIURA";"SULLANA";"SULLANA";"GOBIERNO REGIONAL";"II-2";"00001910";"HOSPITAL DE APOYO II - 2 SULLANA";"250100";"UNIDAD DE CUIDADOS CRITICOS UNIDAD  DE CUIDADOS INTENSIVOS GENERALES (UCI) ";"24";"10";"137";"451";"15";"465";"10"
"2023";"08";"120804";"JUNIN";"YAULI";"MARCAPOMACOCHA";"GOBIERNO REGIONAL";"I-1";"00000562";"SAN FRANCISCO DE YANTAC";"NE_0001";"";"NE_0001";"NE_0001";"NE_0001";"NE_0001";"NE_0001";"NE_0001";"NE_0001"
"2023";"08";"120810";"JUNIN";"YAULI";"YAULI";"GOBIERNO REGIONAL";"I-2";"00000567";"YAULI - LA OROYA";"NE_0001";"";"NE_0001";"NE_0001";"NE_0001";"NE_0001";"NE_0001";"NE_0001";"NE_0001"
"2023";"08";"120808";"JUNIN";"YAULI";"SANTA ROSA DE SACCO";"GOBIERNO REGIONAL";"I-1";"00021449";"JUAN PABLO II";"NE_0001";"";"NE_0001";"NE_0001";"NE_0001";"NE_0001";"NE_0001";"NE_0001";"NE_0001"
"2023";"08";"120802";"JUNIN";"YAULI";"CHACAPALPA";"GOBIERNO REGIONAL";"I-1";"00000429";"CHACAPALPA";"NE_0001";"";"NE_0001";"NE_0001";"NE_0001";"NE_0001";"NE_0001";"NE_0001";"NE_0001"
"2023";"08";"120806";"JUNIN";"YAULI";"PACCHA";"GOBIERNO REGIONAL";"I-2";"00000564";"PACCHA - LA OROYA";"NE_0001";"";"NE_0001";"NE_0001";"NE_0001";"NE_0001";"NE_0001";"NE_0001";"NE_0001"
"2023";"08";"250107";"UCAYALI";"CORONEL PORTILLO";"MANANTAY";"ESSALUD";"I-3";"00032739";"CENTRO DE SALUD MANANTAY - ESSALUD";"NE_0001";"";"NE_0001";"NE_0001";"NE_0001";"NE_0001";"NE_0001";"NE_0001";"NE_0001"
"2023";"08";"210101";"PUNO";"PUNO";"PUNO";"GOBIERNO REGIONAL";"II-2";"00003251";"HOSPITAL REGIONAL MANUEL NUÑEZ BUTRON";"244000";"HOSPITALIZACIÓN DE MEDICINA CARDIOLOGIA ";"2";"2";"12";"14";"2";"62";"0"
"2023";"08";"210101";"PUNO";"PUNO";"PUNO";"GOBIERNO REGIONAL";"II-2";"00003251";"HOSPITAL REGIONAL MANUEL NUÑEZ BUTRON";"240100";"HOSPITALIZACIÓN QUIRÚRGICA CIRUGÍA GENERAL ";"100";"118";"510";"651";"35";"1085";"2"
"2023";"08";"210101";"PUNO";"PUNO";"PUNO";"GOBIERNO REGIONAL";"II-2";"00003251";"HOSPITAL REGIONAL MANUEL NUÑEZ BUTRON";"244700";"HOSPITALIZACIÓN DE MEDICINA NEUROLOGIA  ";"2";"3";"8";"11";"4";"124";"0"
"2023";"08";"210101";"PUNO";"PUNO";"PUNO";"GOBIERNO REGIONAL";"II-2";"00003251";"HOSPITAL REGIONAL MANUEL NUÑEZ BUTRON";"244600";"HOSPITALIZACIÓN DE MEDICINA NEFROLOGIA ";"0";"1";"7";"8";"1";"31";"0"
"2023";"08";"210101";"PUNO";"PUNO";"PUNO";"GOBIERNO REGIONAL";"II-2";"00003251";"HOSPITAL REGIONAL MANUEL NUÑEZ BUTRON";"244200";"HOSPITALIZACIÓN DE MEDICINA ENDOCRINOLOGIA ";"3";"3";"6";"9";"3";"93";"0"
"2023";"08";"210101";"PUNO";"PUNO";"PUNO";"GOBIERNO REGIONAL";"II-2";"00003251";"HOSPITAL REGIONAL MANUEL NUÑEZ BUTRON";"240400";"HOSPITALIZACIÓN QUIRÚRGICA CIRUGÍA DE TÓRAX Y CARDIOVASCULAR ";"4";"4";"4";"4";"1";"31";"0"
"2023";"08";"210101";"PUNO";"PUNO";"PUNO";"GOBIERNO REGIONAL";"II-2";"00003251";"HOSPITAL REGIONAL MANUEL NUÑEZ BUTRON";"240700";"HOSPITALIZACIÓN QUIRÚRGICA CIRUGÍA PEDIÁTRICA ";"5";"5";"23";"28";"3";"93";"0"
"2023";"08";"210101";"PUNO";"PUNO";"PUNO";"GOBIERNO REGIONAL";"II-2";"00003251";"HOSPITAL REGIONAL MANUEL NUÑEZ BUTRON";"240900";"HOSPITALIZACIÓN QUIRÚRGICA NEUROCIRUGÍA ";"7";"12";"160";"173";"12";"372";"0"
"2023";"08";"210101";"PUNO";"PUNO";"PUNO";"GOBIERNO REGIONAL";"II-2";"00003251";"HOSPITAL REGIONAL MANUEL NUÑEZ BUTRON";"241200";"HOSPITALIZACIÓN QUIRÚRGICA TRAUMATOLOGÍA Y ORTOPEDIA ";"30";"37";"176";"219";"14";"434";"1"
"2023";"08";"210101";"PUNO";"PUNO";"PUNO";"GOBIERNO REGIONAL";"II-2";"00003251";"HOSPITAL REGIONAL MANUEL NUÑEZ BUTRON";"241300";"HOSPITALIZACIÓN QUIRÚRGICA UROLOGÍA  ";"3";"4";"51";"55";"2";"62";"0"
"2023";"08";"210101";"PUNO";"PUNO";"PUNO";"GOBIERNO REGIONAL";"II-2";"00003251";"HOSPITAL REGIONAL MANUEL NUÑEZ BUTRON";"241500";"HOSPITALIZACIÓN QUIRÚRGICA GINECOLOGÍA  ";"9";"10";"24";"34";"3";"93";"0"
"2023";"08";"210101";"PUNO";"PUNO";"PUNO";"GOBIERNO REGIONAL";"II-2";"00003251";"HOSPITAL REGIONAL MANUEL NUÑEZ BUTRON";"241600";"HOSPITALIZACIÓN QUIRÚRGICA OBSTETRICIA   ";"155";"168";"355";"523";"19";"589";"0"
"2023";"08";"210101";"PUNO";"PUNO";"PUNO";"GOBIERNO REGIONAL";"II-2";"00003251";"HOSPITAL REGIONAL MANUEL NUÑEZ BUTRON";"241800";"HOSPITALIZACIÓN DE MEDICINA MEDICINA GENERAL ";"45";"60";"341";"398";"27";"837";"4"
"2023";"08";"210101";"PUNO";"PUNO";"PUNO";"GOBIERNO REGIONAL";"II-2";"00003251";"HOSPITAL REGIONAL MANUEL NUÑEZ BUTRON";"241900";"HOSPITALIZACIÓN DE MEDICINA MEDICINA INTERNA ";"66";"81";"392";"472";"21";"651";"11"
"2023";"08";"210101";"PUNO";"PUNO";"PUNO";"GOBIERNO REGIONAL";"II-2";"00003251";"HOSPITAL REGIONAL MANUEL NUÑEZ BUTRON";"242100";"HOSPITALIZACIÓN DE MEDICINA ONCOLOGÍA MÉDICA ";"2";"2";"6";"8";"1";"31";"0"
"2023";"08";"210101";"PUNO";"PUNO";"PUNO";"GOBIERNO REGIONAL";"II-2";"00003251";"HOSPITAL REGIONAL MANUEL NUÑEZ BUTRON";"242200";"HOSPITALIZACIÓN DE MEDICINA PSIQUIATRÍA ";"2";"2";"4";"6";"1";"31";"0"
"2023";"08";"210101";"PUNO";"PUNO";"PUNO";"GOBIERNO REGIONAL";"II-2";"00003251";"HOSPITAL REGIONAL MANUEL NUÑEZ BUTRON";"242500";"HOSPITALIZACIÓN-PEDIATRÍA GENERAL-";"20";"29";"214";"239";"27";"837";"0"
"2023";"08";"210101";"PUNO";"PUNO";"PUNO";"GOBIERNO REGIONAL";"II-2";"00003251";"HOSPITAL REGIONAL MANUEL NUÑEZ BUTRON";"243200";"HOSPITALIZACIÓN DE PEDIATRÍA PEDIATRIA NEONATOLOGÍA";"62";"69";"289";"538";"28";"868";"1"
"2023";"08";"210101";"PUNO";"PUNO";"PUNO";"GOBIERNO REGIONAL";"II-2";"00003251";"HOSPITAL REGIONAL MANUEL NUÑEZ BUTRON";"250103";"UNIDAD DE CUIDADOS CRITICOS UNIDAD  DE CUIDADOS INTENSIVOS GENERALES  (UCI) MEDICINA";"5";"9";"103";"112";"4";"124";"2"
"2023";"08";"220511";"SAN MARTIN";"LAMAS";"ZAPATERO";"GOBIERNO REGIONAL";"I-1";"00006401";"PROGRESO";"NE_0002";"";"NE_0002";"NE_0002";"NE_0002";"NE_0002";"NE_0002";"NE_0002";"NE_0002"
"2023";"08";"220511";"SAN MARTIN";"LAMAS";"ZAPATERO";"GOBIERNO REGIONAL";"I-1";"00006405";"BAGAZAN";"NE_0002";"";"NE_0002";"NE_0002";"NE_0002";"NE_0002";"NE_0002";"NE_0002";"NE_0002"
"2023";"08";"220505";"SAN MARTIN";"LAMAS";"CUÑUMBUQUI";"GOBIERNO REGIONAL";"I-1";"00006397";"SAN RAFAEL DEL RIO MAYO";"NE_0002";"";"NE_0002";"NE_0002";"NE_0002";"NE_0002";"NE_0002";"NE_0002";"NE_0002"
"2023";"08";"220511";"SAN MARTIN";"LAMAS";"ZAPATERO";"GOBIERNO REGIONAL";"I-1";"00006398";"SAN FERNANDO";"NE_0002";"";"NE_0002";"NE_0002";"NE_0002";"NE_0002";"NE_0002";"NE_0002";"NE_0002"
"2023";"08";"220511";"SAN MARTIN";"LAMAS";"ZAPATERO";"GOBIERNO REGIONAL";"I-1";"00006402";"UCHUMULLACA";"NE_0002";"";"NE_0002";"NE_0002";"NE_0002";"NE_0002";"NE_0002";"NE_0002";"NE_0002"
"2023";"08";"220511";"SAN MARTIN";"LAMAS";"ZAPATERO";"GOBIERNO REGIONAL";"I-1";"00006399";"ZAPATERO";"NE_0002";"";"NE_0002";"NE_0002";"NE_0002";"NE_0002";"NE_0002";"NE_0002";"NE_0002"
"2023";"08";"220505";"SAN MARTIN";"LAMAS";"CUÑUMBUQUI";"GOBIERNO REGIONAL";"I-1";"00006377";"LAS FLORES DE MAMONAQUIHUA";"NE_0002";"";"NE_0002";"NE_0002";"NE_0002";"NE_0002";"NE_0002";"NE_0002";"NE_0002"
"2023";"08";"220505";"SAN MARTIN";"LAMAS";"CUÑUMBUQUI";"GOBIERNO REGIONAL";"I-1";"00006378";"MAMONAQUIHUA";"NE_0002";"";"NE_0002";"NE_0002";"NE_0002";"NE_0002";"NE_0002";"NE_0002";"NE_0002"
"2023";"08";"220511";"SAN MARTIN";"LAMAS";"ZAPATERO";"GOBIERNO REGIONAL";"I-1";"00006404";"SANTA CRUZ DE SHITARIYACU";"NE_0002";"";"NE_0002";"NE_0002";"NE_0002";"NE_0002";"NE_0002";"NE_0002";"NE_0002"
"2023";"08";"220505";"SAN MARTIN";"LAMAS";"CUÑUMBUQUI";"GOBIERNO REGIONAL";"I-1";"00006784";"ALTO ANDINO";"NE_0002";"";"NE_0002";"NE_0002";"NE_0002";"NE_0002";"NE_0002";"NE_0002";"NE_0002"
"2023";"08";"220511";"SAN MARTIN";"LAMAS";"ZAPATERO";"GOBIERNO REGIONAL";"I-1";"00006810";"VISTOSO GRANDE";"NE_0002";"";"NE_0002";"NE_0002";"NE_0002";"NE_0002";"NE_0002";"NE_0002";"NE_0002"
"2023";"08";"220505";"SAN MARTIN";"LAMAS";"CUÑUMBUQUI";"GOBIERNO REGIONAL";"I-1";"00006372";"SAN FRANCISCO DEL RIO MAYO";"NE_0002";"";"NE_0002";"NE_0002";"NE_0002";"NE_0002";"NE_0002";"NE_0002";"NE_0002"
"2023";"08";"150114";"LIMA";"LIMA";"LA MOLINA";"PRIVADO";"I-3";"00010464";"CLINICA ANGLO AMERICANA";"NE_0001";"";"NE_0001";"NE_0001";"NE_0001";"NE_0001";"NE_0001";"NE_0001";"NE_0001"
"2023";"08";"150117";"LIMA";"LIMA";"LOS OLIVOS";"MUNICIPALIDAD DISTRITAL";"II-1";"00019787";"HOSPITAL MUNICIPAL LOS OLIVOS";"241800";"HOSPITALIZACIÓN DE MEDICINA MEDICINA GENERAL ";"12";"12";"48";"60";"25";"775";"0"
"2023";"08";"150117";"LIMA";"LIMA";"LOS OLIVOS";"MUNICIPALIDAD DISTRITAL";"II-1";"00019787";"HOSPITAL MUNICIPAL LOS OLIVOS";"240100";"HOSPITALIZACIÓN QUIRÚRGICA CIRUGÍA GENERAL ";"16";"17";"56";"72";"25";"775";"0"
"2023";"08";"150117";"LIMA";"LIMA";"LOS OLIVOS";"MUNICIPALIDAD DISTRITAL";"II-1";"00019787";"HOSPITAL MUNICIPAL LOS OLIVOS";"241300";"HOSPITALIZACIÓN QUIRÚRGICA UROLOGÍA  ";"6";"7";"25";"31";"25";"775";"0"
"2023";"08";"150117";"LIMA";"LIMA";"LOS OLIVOS";"MUNICIPALIDAD DISTRITAL";"II-1";"00019787";"HOSPITAL MUNICIPAL LOS OLIVOS";"241200";"HOSPITALIZACIÓN QUIRÚRGICA TRAUMATOLOGÍA Y ORTOPEDIA ";"1";"1";"4";"6";"25";"775";"0"
"2023";"08";"150117";"LIMA";"LIMA";"LOS OLIVOS";"MUNICIPALIDAD DISTRITAL";"II-1";"00019787";"HOSPITAL MUNICIPAL LOS OLIVOS";"241500";"HOSPITALIZACIÓN QUIRÚRGICA GINECOLOGÍA  ";"17";"17";"28";"17";"11";"330";"0"
"2023";"08";"150131";"LIMA";"LIMA";"SAN ISIDRO";"PRIVADO";"I-2";"00025076";"CONSULTORIOS EXTERNOS ANGLO AMERICANA";"NE_0001";"";"NE_0001";"NE_0001";"NE_0001";"NE_0001";"NE_0001";"NE_0001";"NE_0001"
"2023";"08";"021301";"ANCASH";"MARISCAL LUZURIAGA";"PISCOBAMBA";"GOBIERNO REGIONAL";"I-1";"00001784";"PUESTO DE SALUD SOCOSBAMBA";"NE_0001";"";"NE_0001";"NE_0001";"NE_0001";"NE_0001";"NE_0001";"NE_0001";"NE_0001"
"2023";"08";"100101";"HUANUCO";"HUANUCO";"HUANUCO";"GOBIERNO REGIONAL";"II-2";"00000754";"HOSPITAL REGIONAL HERMILIO VALDIZAN";"242500";"HOSPITALIZACIÓN-PEDIATRÍA GENERAL-";"120";"73";"656";"1120";"35";"1220";"0"
"2023";"08";"100101";"HUANUCO";"HUANUCO";"HUANUCO";"GOBIERNO REGIONAL";"II-2";"00000754";"HOSPITAL REGIONAL HERMILIO VALDIZAN";"241900";"HOSPITALIZACIÓN DE MEDICINA MEDICINA INTERNA ";"90";"70";"30";"490";"25";"680";"3"
"2023";"08";"100101";"HUANUCO";"HUANUCO";"HUANUCO";"GOBIERNO REGIONAL";"II-2";"00000754";"HOSPITAL REGIONAL HERMILIO VALDIZAN";"240100";"HOSPITALIZACIÓN QUIRÚRGICA CIRUGÍA GENERAL ";"119";"89";"345";"680";"32";"890";"0"
"2023";"08";"100101";"HUANUCO";"HUANUCO";"HUANUCO";"GOBIERNO REGIONAL";"II-2";"00000754";"HOSPITAL REGIONAL HERMILIO VALDIZAN";"250100";"UNIDAD DE CUIDADOS CRITICOS UNIDAD  DE CUIDADOS INTENSIVOS GENERALES (UCI) ";"20";"11";"465";"400";"9";"540";"1"
"2023";"08";"100101";"HUANUCO";"HUANUCO";"HUANUCO";"GOBIERNO REGIONAL";"II-2";"00000754";"HOSPITAL REGIONAL HERMILIO VALDIZAN";"241400";"HOSPITALIZACIÓN QUIRÚRGICA GINECO - OBSTETRICIA ";"150";"135";"325";"360";"25";"410";"0"
"2023";"08";"100101";"HUANUCO";"HUANUCO";"HUANUCO";"GOBIERNO REGIONAL";"II-2";"00000754";"HOSPITAL REGIONAL HERMILIO VALDIZAN";"243200";"HOSPITALIZACIÓN DE PEDIATRÍA PEDIATRIA NEONATOLOGÍA";"60";"50";"145";"640";"20";"845";"0"
"2023";"08";"100101";"HUANUCO";"HUANUCO";"HUANUCO";"GOBIERNO REGIONAL";"II-2";"00000754";"HOSPITAL REGIONAL HERMILIO VALDIZAN";"241500";"HOSPITALIZACIÓN QUIRÚRGICA GINECOLOGÍA  ";"10";"4";"80";"308";"6";"318";"0"
"2023";"08";"150103";"LIMA";"LIMA";"ATE";"MINSA";"II-1";"00005883";"HOSPITAL DE HUAYCAN";"241800";"HOSPITALIZACIÓN DE MEDICINA MEDICINA GENERAL ";"18";"16";"128";"123";"7";"217";"1"
"2023";"08";"150103";"LIMA";"LIMA";"ATE";"MINSA";"II-1";"00005883";"HOSPITAL DE HUAYCAN";"240100";"HOSPITALIZACIÓN QUIRÚRGICA CIRUGÍA GENERAL ";"46";"48";"161";"155";"11";"341";"0"
"2023";"08";"150103";"LIMA";"LIMA";"ATE";"MINSA";"II-1";"00005883";"HOSPITAL DE HUAYCAN";"241200";"HOSPITALIZACIÓN QUIRÚRGICA TRAUMATOLOGÍA Y ORTOPEDIA ";"14";"16";"49";"40";"4";"124";"0"
"2023";"04";"220602";"SAN MARTIN";"MARISCAL CACERES";"CAMPANILLA";"GOBIERNO REGIONAL";"I-3";"00006575";"CAMPANILLA";"NE_0001";"";"NE_0001";"NE_0001";"NE_0001";"NE_0001";"NE_0001";"NE_0001";"NE_0001"
"2023";"04";"220602";"SAN MARTIN";"MARISCAL CACERES";"CAMPANILLA";"GOBIERNO REGIONAL";"I-1";"00006579";"NUEVO JAEN";"NE_0001";"";"NE_0001";"NE_0001";"NE_0001";"NE_0001";"NE_0001";"NE_0001";"NE_0001"
"2023";"04";"100102";"HUANUCO";"HUANUCO";"AMARILIS";"ESSALUD";"II-2";"00010571";"HOSPITAL II HUANUCO";"241800";"HOSPITALIZACIÓN DE MEDICINA MEDICINA GENERAL ";"89";"71";"439";"501";"20";"600";"4"
"2023";"04";"100102";"HUANUCO";"HUANUCO";"AMARILIS";"ESSALUD";"II-2";"00010571";"HOSPITAL II HUANUCO";"241300";"HOSPITALIZACIÓN QUIRÚRGICA UROLOGÍA  ";"15";"13";"57";"81";"4";"120";"0"
"2023";"04";"100102";"HUANUCO";"HUANUCO";"AMARILIS";"ESSALUD";"II-2";"00010571";"HOSPITAL II HUANUCO";"240100";"HOSPITALIZACIÓN QUIRÚRGICA CIRUGÍA GENERAL ";"73";"73";"330";"294";"13";"390";"0"
"2023";"04";"100102";"HUANUCO";"HUANUCO";"AMARILIS";"ESSALUD";"II-2";"00010571";"HOSPITAL II HUANUCO";"241200";"HOSPITALIZACIÓN QUIRÚRGICA TRAUMATOLOGÍA Y ORTOPEDIA ";"30";"29";"209";"290";"10";"300";"0"
"2023";"04";"100102";"HUANUCO";"HUANUCO";"AMARILIS";"ESSALUD";"II-2";"00010571";"HOSPITAL II HUANUCO";"241500";"HOSPITALIZACIÓN QUIRÚRGICA GINECOLOGÍA  ";"17";"15";"68";"63";"4";"120";"0"
"2023";"04";"100102";"HUANUCO";"HUANUCO";"AMARILIS";"ESSALUD";"II-2";"00010571";"HOSPITAL II HUANUCO";"241600";"HOSPITALIZACIÓN QUIRÚRGICA OBSTETRICIA   ";"121";"168";"349";"327";"18";"540";"0"
"2023";"04";"100102";"HUANUCO";"HUANUCO";"AMARILIS";"ESSALUD";"II-2";"00010571";"HOSPITAL II HUANUCO";"242300";"HOSPITALIZACIÓN DE PEDIATRÍA  PEDIATRÍA  GENERAL ";"46";"42";"183";"220";"8";"240";"0"
"2023";"04";"100102";"HUANUCO";"HUANUCO";"AMARILIS";"ESSALUD";"II-2";"00010571";"HOSPITAL II HUANUCO";"243200";"HOSPITALIZACIÓN DE PEDIATRÍA PEDIATRIA NEONATOLOGÍA";"120";"114";"174";"174";"9";"270";"0"
"2023";"04";"100102";"HUANUCO";"HUANUCO";"AMARILIS";"ESSALUD";"II-2";"00010571";"HOSPITAL II HUANUCO";"250100";"UNIDAD DE CUIDADOS CRITICOS UNIDAD  DE CUIDADOS INTENSIVOS GENERALES (UCI) ";"16";"16";"141";"228";"9";"270";"3"
"2023";"04";"100102";"HUANUCO";"HUANUCO";"AMARILIS";"ESSALUD";"II-2";"00010571";"HOSPITAL II HUANUCO";"250200";"UNIDAD DE CUIDADOS CRITICOS UNIDAD DE CUIDADOS INTERMEDIOS GENERAL  (UCIN) ";"10";"9";"125";"103";"4";"120";"0"
"2023";"04";"100102";"HUANUCO";"HUANUCO";"AMARILIS";"ESSALUD";"II-2";"00010571";"HOSPITAL II HUANUCO";"250201";"UNIDAD DE CUIDADOS CRITICOS UNIDAD DE CUIDADOS INTERMEDIOS  (UCIN) NEONATAL";"7";"2";"33";"105";"6";"180";"0"
"2023";"04";"080108";"CUSCO";"CUSCO";"WANCHAQ";"PRIVADO";"II-2";"00012161";"MACSALUD";"250103";"UNIDAD DE CUIDADOS CRITICOS UNIDAD  DE CUIDADOS INTENSIVOS GENERALES  (UCI) MEDICINA";"10";"7";"35";"70";"6";"180";"1"
"2023";"04";"080108";"CUSCO";"CUSCO";"WANCHAQ";"PRIVADO";"II-2";"00012161";"MACSALUD";"241800";"HOSPITALIZACIÓN DE MEDICINA MEDICINA GENERAL ";"68";"58";"185";"255";"15";"450";"2"
"2023";"04";"080108";"CUSCO";"CUSCO";"WANCHAQ";"PRIVADO";"II-2";"00012161";"MACSALUD";"240100";"HOSPITALIZACIÓN QUIRÚRGICA CIRUGÍA GENERAL ";"140";"125";"250";"315";"15";"450";"0"
"2023";"04";"080108";"CUSCO";"CUSCO";"WANCHAQ";"PRIVADO";"II-2";"00012161";"MACSALUD";"241400";"HOSPITALIZACIÓN QUIRÚRGICA GINECO - OBSTETRICIA ";"68";"63";"89";"186";"8";"240";"0"
"2023";"05";"210701";"PUNO";"LAMPA";"LAMPA";"GOBIERNO REGIONAL";"I-4";"00003128";"ANTONIO BARRIONUEVO (LAMPA)";"240100";"HOSPITALIZACIÓN QUIRÚRGICA CIRUGÍA GENERAL ";"12";"12";"40";"1";"4";"120";"0"
"2023";"05";"210701";"PUNO";"LAMPA";"LAMPA";"GOBIERNO REGIONAL";"I-4";"00003128";"ANTONIO BARRIONUEVO (LAMPA)";"241200";"HOSPITALIZACIÓN QUIRÚRGICA TRAUMATOLOGÍA Y ORTOPEDIA ";"1";"1";"1";"1";"1";"30";"0"
"2023";"05";"210701";"PUNO";"LAMPA";"LAMPA";"GOBIERNO REGIONAL";"I-4";"00003128";"ANTONIO BARRIONUEVO (LAMPA)";"241400";"HOSPITALIZACIÓN QUIRÚRGICA GINECO - OBSTETRICIA ";"2";"2";"5";"1";"1";"30";"0"
"2023";"05";"210701";"PUNO";"LAMPA";"LAMPA";"GOBIERNO REGIONAL";"I-4";"00003128";"ANTONIO BARRIONUEVO (LAMPA)";"241500";"HOSPITALIZACIÓN QUIRÚRGICA GINECOLOGÍA  ";"1";"1";"1";"1";"1";"30";"0"
"2023";"05";"210701";"PUNO";"LAMPA";"LAMPA";"GOBIERNO REGIONAL";"I-4";"00003128";"ANTONIO BARRIONUEVO (LAMPA)";"241600";"HOSPITALIZACIÓN QUIRÚRGICA OBSTETRICIA   ";"7";"7";"7";"1";"2";"60";"0"
"2023";"05";"210701";"PUNO";"LAMPA";"LAMPA";"GOBIERNO REGIONAL";"I-4";"00003128";"ANTONIO BARRIONUEVO (LAMPA)";"241800";"HOSPITALIZACIÓN DE MEDICINA MEDICINA GENERAL ";"11";"11";"50";"1";"4";"120";"1"
"2023";"05";"210701";"PUNO";"LAMPA";"LAMPA";"GOBIERNO REGIONAL";"I-4";"00003128";"ANTONIO BARRIONUEVO (LAMPA)";"242500";"HOSPITALIZACIÓN-PEDIATRÍA GENERAL-";"4";"4";"11";"1";"1";"30";"0"
"2023";"05";"150108";"LIMA";"LIMA";"CHORRILLOS";"SANIDAD DEL EJERCITO DEL PERU";"I-4";"00018171";"POLICLINICO MILITAR CHORRILLOS";"NE_0001";"";"NE_0001";"NE_0001";"NE_0001";"NE_0001";"NE_0001";"NE_0001";"NE_0001"
"2023";"05";"180301";"MOQUEGUA";"ILO";"ILO";"ESSALUD";"II-1";"00016153";"HOSPITAL II ILO";"241800";"HOSPITALIZACIÓN DE MEDICINA MEDICINA GENERAL ";"24";"25";"140";"152";"5";"155";"8"
"2023";"05";"180301";"MOQUEGUA";"ILO";"ILO";"ESSALUD";"II-1";"00016153";"HOSPITAL II ILO";"240100";"HOSPITALIZACIÓN QUIRÚRGICA CIRUGÍA GENERAL ";"55";"50";"146";"156";"6";"186";"0"
"2023";"05";"180301";"MOQUEGUA";"ILO";"ILO";"ESSALUD";"II-1";"00016153";"HOSPITAL II ILO";"241500";"HOSPITALIZACIÓN QUIRÚRGICA GINECOLOGÍA  ";"20";"16";"60";"66";"3";"93";"0"
"2023";"05";"180301";"MOQUEGUA";"ILO";"ILO";"ESSALUD";"II-1";"00016153";"HOSPITAL II ILO";"241600";"HOSPITALIZACIÓN QUIRÚRGICA OBSTETRICIA   ";"35";"34";"82";"82";"3";"93";"0"
"2023";"05";"180301";"MOQUEGUA";"ILO";"ILO";"ESSALUD";"II-1";"00016153";"HOSPITAL II ILO";"242300";"HOSPITALIZACIÓN DE PEDIATRÍA  PEDIATRÍA  GENERAL ";"29";"28";"120";"110";"4";"124";"0"
"2023";"05";"180301";"MOQUEGUA";"ILO";"ILO";"ESSALUD";"II-1";"00016153";"HOSPITAL II ILO";"250304";"HOSPIT. EN UNIDAD DE CUID.INTEN.-UNIDAD DE VIGILANCIA INTENSIVA (UVI)-MEDICINA";"7";"7";"7";"7";"1";"31";"0"
"2023";"05";"150119";"LIMA";"LIMA";"LURIN";"ESSALUD";"I-3";"00009979";"CENTRO DE ATENCION PRIMARIA II LURIN";"NE_0001";"";"NE_0001";"NE_0001";"NE_0001";"NE_0001";"NE_0001";"NE_0001";"NE_0001"
"2023";"06";"080703";"CUSCO";"CHUMBIVILCAS";"CHAMACA";"GOBIERNO REGIONAL";"I-1";"00016330";"CCONCHACCOLLO";"NE_0001";"";"NE_0001";"NE_0001";"NE_0001";"NE_0001";"NE_0001";"NE_0001";"NE_0001"
"2023";"06";"080703";"CUSCO";"CHUMBIVILCAS";"CHAMACA";"GOBIERNO REGIONAL";"I-1";"00016329";"INGATA";"NE_0001";"";"NE_0001";"NE_0001";"NE_0001";"NE_0001";"NE_0001";"NE_0001";"NE_0001"
"2023";"07";"150107";"LIMA";"LIMA";"CHACLACAYO";"SANIDAD DE LA POLICIA NACIONAL DEL PERU";"I-2";"00011227";"POSTA MEDICA POLICIAL CHACLACAYO";"NE_0001";"";"NE_0001";"NE_0001";"NE_0001";"NE_0001";"NE_0001";"NE_0001";"NE_0001"
"2023";"07";"150801";"LIMA";"HUAURA";"HUACHO";"GOBIERNO REGIONAL";"II-2";"00007639";"HOSPITAL GENERAL DE HUACHO";"240100";"HOSPITALIZACIÓN QUIRÚRGICA CIRUGÍA GENERAL ";"120";"145";"758";"700";"40";"1240";"0"
"2023";"07";"150801";"LIMA";"HUAURA";"HUACHO";"GOBIERNO REGIONAL";"II-2";"00007639";"HOSPITAL GENERAL DE HUACHO";"241500";"HOSPITALIZACIÓN QUIRÚRGICA GINECOLOGÍA  ";"46";"49";"213";"194";"9";"279";"0"
"2023";"07";"150801";"LIMA";"HUAURA";"HUACHO";"GOBIERNO REGIONAL";"II-2";"00007639";"HOSPITAL GENERAL DE HUACHO";"241600";"HOSPITALIZACIÓN QUIRÚRGICA OBSTETRICIA   ";"294";"316";"653";"568";"29";"899";"0"
"2023";"07";"150801";"LIMA";"HUAURA";"HUACHO";"GOBIERNO REGIONAL";"II-2";"00007639";"HOSPITAL GENERAL DE HUACHO";"241800";"HOSPITALIZACIÓN DE MEDICINA MEDICINA GENERAL ";"75";"102";"884";"924";"35";"1085";"12"
"2023";"07";"150801";"LIMA";"HUAURA";"HUACHO";"GOBIERNO REGIONAL";"II-2";"00007639";"HOSPITAL GENERAL DE HUACHO";"242500";"HOSPITALIZACIÓN-PEDIATRÍA GENERAL-";"40";"48";"207";"205";"29";"899";"0"
"2023";"07";"150801";"LIMA";"HUAURA";"HUACHO";"GOBIERNO REGIONAL";"II-2";"00007639";"HOSPITAL GENERAL DE HUACHO";"243200";"HOSPITALIZACIÓN DE PEDIATRÍA PEDIATRIA NEONATOLOGÍA";"23";"27";"99";"82";"11";"341";"0"
"2023";"07";"150801";"LIMA";"HUAURA";"HUACHO";"GOBIERNO REGIONAL";"II-2";"00007639";"HOSPITAL GENERAL DE HUACHO";"250103";"UNIDAD DE CUIDADOS CRITICOS UNIDAD  DE CUIDADOS INTENSIVOS GENERALES  (UCI) MEDICINA";"15";"23";"217";"272";"12";"372";"10"
"2023";"07";"150801";"LIMA";"HUAURA";"HUACHO";"GOBIERNO REGIONAL";"II-2";"00007639";"HOSPITAL GENERAL DE HUACHO";"250105";"UNIDAD DE CUIDADOS CRITICOS UNIDAD  DE CUIDADOS INTENSIVOS  (UCI) NEONATOLOGÍA";"6";"7";"17";"18";"4";"124";"0"
"2023";"07";"080601";"CUSCO";"CANCHIS";"SICUANI";"SANIDAD DE LA POLICIA NACIONAL DEL PERU";"I-2";"00024663";"SANIDAD PNP  SICUANI";"NE_0001";"";"NE_0001";"NE_0001";"NE_0001";"NE_0001";"NE_0001";"NE_0001";"NE_0001"
"2023";"08";"150131";"LIMA";"LIMA";"SAN ISIDRO";"PRIVADO";"II-E";"00009505";"OFTALMOSALUD";"NE_0001";"";"NE_0001";"NE_0001";"NE_0001";"NE_0001";"NE_0001";"NE_0001";"NE_0001"
"2023";"08";"040126";"AREQUIPA";"AREQUIPA";"YANAHUARA";"PRIVADO";"II-1";"00028448";"CLINICA EMMEL";"245700";"HOSPITALIZACIÓN QUIRÚRGICA CARDIOLOGIA ";"1";"1";"1";"1";"1";"31";"0"
"2023";"08";"040126";"AREQUIPA";"AREQUIPA";"YANAHUARA";"PRIVADO";"II-1";"00028448";"CLINICA EMMEL";"240200";"HOSPITALIZACIÓN QUIRÚRGICA CIRUGÍA DE CABEZA Y CUELLO / MÁXILO FACIAL ";"2";"2";"3";"3";"1";"31";"0"
"2023";"08";"040126";"AREQUIPA";"AREQUIPA";"YANAHUARA";"PRIVADO";"II-1";"00028448";"CLINICA EMMEL";"240400";"HOSPITALIZACIÓN QUIRÚRGICA CIRUGÍA DE TÓRAX Y CARDIOVASCULAR ";"5";"5";"11";"11";"1";"31";"0"
"2023";"08";"040126";"AREQUIPA";"AREQUIPA";"YANAHUARA";"PRIVADO";"II-1";"00028448";"CLINICA EMMEL";"240100";"HOSPITALIZACIÓN QUIRÚRGICA CIRUGÍA GENERAL ";"100";"104";"151";"141";"5";"155";"0"
"2023";"08";"040126";"AREQUIPA";"AREQUIPA";"YANAHUARA";"PRIVADO";"II-1";"00028448";"CLINICA EMMEL";"241000";"HOSPITALIZACIÓN QUIRÚRGICA ONCOLOGÍA QUIRÚRGICA  ";"6";"6";"10";"10";"2";"62";"0"
"2023";"08";"040126";"AREQUIPA";"AREQUIPA";"YANAHUARA";"PRIVADO";"II-1";"00028448";"CLINICA EMMEL";"240800";"HOSPITALIZACIÓN QUIRÚRGICA CIRUGÍA PLÁSTICA/RECONSTRUCTIVA/ REPARADORA ";"4";"4";"5";"5";"1";"31";"0"
"2023";"08";"040126";"AREQUIPA";"AREQUIPA";"YANAHUARA";"PRIVADO";"II-1";"00028448";"CLINICA EMMEL";"240300";"HOSPITALIZACIÓN QUIRÚRGICA CIRUGÍA DIGESTIVA ";"3";"2";"2";"2";"1";"31";"0"
"2023";"08";"040126";"AREQUIPA";"AREQUIPA";"YANAHUARA";"PRIVADO";"II-1";"00028448";"CLINICA EMMEL";"241400";"HOSPITALIZACIÓN QUIRÚRGICA GINECO - OBSTETRICIA ";"10";"10";"11";"11";"1";"31";"0"
"2023";"08";"040126";"AREQUIPA";"AREQUIPA";"YANAHUARA";"PRIVADO";"II-1";"00028448";"CLINICA EMMEL";"240000";"HOSPITALIZACIÓN";"3";"3";"21";"21";"1";"31";"0"
"2023";"08";"040126";"AREQUIPA";"AREQUIPA";"YANAHUARA";"PRIVADO";"II-1";"00028448";"CLINICA EMMEL";"240900";"HOSPITALIZACIÓN QUIRÚRGICA NEUROCIRUGÍA ";"10";"9";"33";"33";"2";"62";"0"
"2023";"08";"040126";"AREQUIPA";"AREQUIPA";"YANAHUARA";"PRIVADO";"II-1";"00028448";"CLINICA EMMEL";"241200";"HOSPITALIZACIÓN QUIRÚRGICA TRAUMATOLOGÍA Y ORTOPEDIA ";"24";"24";"47";"46";"2";"62";"0"
"2023";"08";"040126";"AREQUIPA";"AREQUIPA";"YANAHUARA";"PRIVADO";"II-1";"00028448";"CLINICA EMMEL";"241300";"HOSPITALIZACIÓN QUIRÚRGICA UROLOGÍA  ";"5";"5";"15";"15";"1";"31";"0"
"2023";"08";"060201";"CAJAMARCA";"CAJABAMBA";"CAJABAMBA";"GOBIERNO REGIONAL";"II-1";"00004511";"DE APOYO CAJABAMBA";"240100";"HOSPITALIZACIÓN QUIRÚRGICA CIRUGÍA GENERAL ";"8";"9";"34";"38";"4";"124";"0"
"2023";"08";"060201";"CAJAMARCA";"CAJABAMBA";"CAJABAMBA";"GOBIERNO REGIONAL";"II-1";"00004511";"DE APOYO CAJABAMBA";"241400";"HOSPITALIZACIÓN QUIRÚRGICA GINECO - OBSTETRICIA ";"125";"132";"269";"235";"14";"434";"0"
"2023";"08";"060201";"CAJAMARCA";"CAJABAMBA";"CAJABAMBA";"GOBIERNO REGIONAL";"II-1";"00004511";"DE APOYO CAJABAMBA";"241800";"HOSPITALIZACIÓN DE MEDICINA MEDICINA GENERAL ";"25";"27";"98";"99";"6";"186";"2"
"2023";"08";"060201";"CAJAMARCA";"CAJABAMBA";"CAJABAMBA";"GOBIERNO REGIONAL";"II-1";"00004511";"DE APOYO CAJABAMBA";"242500";"HOSPITALIZACIÓN-PEDIATRÍA GENERAL-";"27";"28";"54";"48";"6";"186";"1"
"2023";"08";"120605";"JUNIN";"SATIPO";"PAMPA HERMOSA";"GOBIERNO REGIONAL";"I-2";"00000493";"MARIPOSA";"NE_0001";"";"NE_0001";"NE_0001";"NE_0001";"NE_0001";"NE_0001";"NE_0001";"NE_0001"
"2023";"08";"120605";"JUNIN";"SATIPO";"PAMPA HERMOSA";"GOBIERNO REGIONAL";"I-2";"00006876";"TOLDOPAMPA";"NE_0001";"";"NE_0001";"NE_0001";"NE_0001";"NE_0001";"NE_0001";"NE_0001";"NE_0001"
"2023";"08";"120602";"JUNIN";"SATIPO";"COVIRIALI";"GOBIERNO REGIONAL";"I-1";"00000487";"SANTA MARIA";"NE_0001";"";"NE_0001";"NE_0001";"NE_0001";"NE_0001";"NE_0001";"NE_0001";"NE_0001"
"2023";"08";"120605";"JUNIN";"SATIPO";"PAMPA HERMOSA";"GOBIERNO REGIONAL";"I-2";"00017678";"HUANCAMACHAY";"NE_0001";"";"NE_0001";"NE_0001";"NE_0001";"NE_0001";"NE_0001";"NE_0001";"NE_0001"
"2023";"08";"120602";"JUNIN";"SATIPO";"COVIRIALI";"GOBIERNO REGIONAL";"I-1";"00000489";"BUENOS AIRES";"NE_0001";"";"NE_0001";"NE_0001";"NE_0001";"NE_0001";"NE_0001";"NE_0001";"NE_0001"
"2023";"08";"120605";"JUNIN";"SATIPO";"PAMPA HERMOSA";"GOBIERNO REGIONAL";"I-2";"00000494";"APALLA CALABAZA";"NE_0001";"";"NE_0001";"NE_0001";"NE_0001";"NE_0001";"NE_0001";"NE_0001";"NE_0001"
"2023";"08";"120605";"JUNIN";"SATIPO";"PAMPA HERMOSA";"GOBIERNO REGIONAL";"I-2";"00000492";"SANTA ROSITA";"NE_0001";"";"NE_0001";"NE_0001";"NE_0001";"NE_0001";"NE_0001";"NE_0001";"NE_0001"
"2023";"08";"150132";"LIMA";"LIMA";"SAN JUAN DE LURIGANCHO";"ESSALUD";"II-1";"00008317";"HOSPITAL AURELIO DIAZ UFANO Y PERAL";"240100";"HOSPITALIZACIÓN QUIRÚRGICA CIRUGÍA GENERAL ";"93";"93";"196";"195";"7";"225";"0"
"2023";"08";"150132";"LIMA";"LIMA";"SAN JUAN DE LURIGANCHO";"ESSALUD";"II-1";"00008317";"HOSPITAL AURELIO DIAZ UFANO Y PERAL";"241400";"HOSPITALIZACIÓN QUIRÚRGICA GINECO - OBSTETRICIA ";"41";"39";"91";"105";"4";"111";"0"
"2023";"08";"150132";"LIMA";"LIMA";"SAN JUAN DE LURIGANCHO";"ESSALUD";"II-1";"00008317";"HOSPITAL AURELIO DIAZ UFANO Y PERAL";"241600";"HOSPITALIZACIÓN QUIRÚRGICA OBSTETRICIA   ";"126";"131";"261";"254";"11";"349";"0"
"2023";"08";"150132";"LIMA";"LIMA";"SAN JUAN DE LURIGANCHO";"ESSALUD";"II-1";"00008317";"HOSPITAL AURELIO DIAZ UFANO Y PERAL";"241900";"HOSPITALIZACIÓN DE MEDICINA MEDICINA INTERNA ";"79";"78";"284";"271";"10";"310";"7"
"2023";"08";"150132";"LIMA";"LIMA";"SAN JUAN DE LURIGANCHO";"ESSALUD";"II-1";"00008317";"HOSPITAL AURELIO DIAZ UFANO Y PERAL";"242300";"HOSPITALIZACIÓN DE PEDIATRÍA  PEDIATRÍA  GENERAL ";"69";"66";"204";"210";"8";"245";"0"
"2023";"08";"150132";"LIMA";"LIMA";"SAN JUAN DE LURIGANCHO";"ESSALUD";"II-1";"00008317";"HOSPITAL AURELIO DIAZ UFANO Y PERAL";"243200";"HOSPITALIZACIÓN DE PEDIATRÍA PEDIATRIA NEONATOLOGÍA";"16";"17";"39";"38";"3";"93";"0"
"2023";"08";"060307";"CAJAMARCA";"CELENDIN";"MIGUEL IGLESIAS";"GOBIERNO REGIONAL";"I-1";"00025042";"JORGE CHAVEZ DE MIGUEL IGLESIAS";"NE_0001";"";"NE_0001";"NE_0001";"NE_0001";"NE_0001";"NE_0001";"NE_0001";"NE_0001"
"2023";"08";"060307";"CAJAMARCA";"CELENDIN";"MIGUEL IGLESIAS";"GOBIERNO REGIONAL";"I-3";"00004478";"MIGUEL IGLESIAS";"NE_0001";"";"NE_0001";"NE_0001";"NE_0001";"NE_0001";"NE_0001";"NE_0001";"NE_0001"
"2023";"08";"060307";"CAJAMARCA";"CELENDIN";"MIGUEL IGLESIAS";"GOBIERNO REGIONAL";"I-1";"00009085";"MUYOC GRANDE";"NE_0001";"";"NE_0001";"NE_0001";"NE_0001";"NE_0001";"NE_0001";"NE_0001";"NE_0001"
"2023";"08";"060302";"CAJAMARCA";"CELENDIN";"CHUMUCH";"GOBIERNO REGIONAL";"I-1";"00004479";"CHUMUCH";"NE_0001";"";"NE_0001";"NE_0001";"NE_0001";"NE_0001";"NE_0001";"NE_0001";"NE_0001"
"2023";"08";"060312";"CAJAMARCA";"CELENDIN";"LA LIBERTAD DE PALLAN";"GOBIERNO REGIONAL";"I-2";"00004481";"LA LIBERTAD DE PALLAN";"NE_0001";"";"NE_0001";"NE_0001";"NE_0001";"NE_0001";"NE_0001";"NE_0001";"NE_0001"
"2023";"08";"060312";"CAJAMARCA";"CELENDIN";"LA LIBERTAD DE PALLAN";"GOBIERNO REGIONAL";"I-1";"00004480";"NUEVA ESPERANZA";"NE_0001";"";"NE_0001";"NE_0001";"NE_0001";"NE_0001";"NE_0001";"NE_0001";"NE_0001"
"2023";"08";"060312";"CAJAMARCA";"CELENDIN";"LA LIBERTAD DE PALLAN";"GOBIERNO REGIONAL";"I-1";"00006756";"RAMOSCUCHO";"NE_0001";"";"NE_0001";"NE_0001";"NE_0001";"NE_0001";"NE_0001";"NE_0001";"NE_0001"
"2023";"08";"060307";"CAJAMARCA";"CELENDIN";"MIGUEL IGLESIAS";"GOBIERNO REGIONAL";"I-1";"00009088";"PIZON";"NE_0001";"";"NE_0001";"NE_0001";"NE_0001";"NE_0001";"NE_0001";"NE_0001";"NE_0001"
"2023";"08";"060307";"CAJAMARCA";"CELENDIN";"MIGUEL IGLESIAS";"GOBIERNO REGIONAL";"I-1";"00011156";"MUYOC CHICO";"NE_0001";"";"NE_0001";"NE_0001";"NE_0001";"NE_0001";"NE_0001";"NE_0001";"NE_0001"
"2023";"08";"060302";"CAJAMARCA";"CELENDIN";"CHUMUCH";"GOBIERNO REGIONAL";"I-1";"00006759";"RAMBRAN";"NE_0001";"";"NE_0001";"NE_0001";"NE_0001";"NE_0001";"NE_0001";"NE_0001";"NE_0001"
"2023";"08";"060307";"CAJAMARCA";"CELENDIN";"MIGUEL IGLESIAS";"GOBIERNO REGIONAL";"I-1";"00025042";"JORGE CHAVEZ DE MIGUEL IGLESIAS";"NE_0001";"";"NE_0001";"NE_0001";"NE_0001";"NE_0001";"NE_0001";"NE_0001";"NE_0001"
"2023";"08";"150130";"LIMA";"LIMA";"SAN BORJA";"SANIDAD DEL EJERCITO DEL PERU";"I-3";"00014889";"CENTRO DE SALUD MILITAR DEL CUARTEL GENERAL DEL EJERCITO-SAN BORJA";"NE_0001";"";"NE_0001";"NE_0001";"NE_0001";"NE_0001";"NE_0001";"NE_0001";"NE_0001"
"2023";"08";"180301";"MOQUEGUA";"ILO";"ILO";"GOBIERNO REGIONAL";"II-1";"00002818";"HOSPITAL ILO";"240100";"HOSPITALIZACIÓN QUIRÚRGICA CIRUGÍA GENERAL ";"7";"7";"23";"114";"9";"279";"0"
"2023";"08";"180301";"MOQUEGUA";"ILO";"ILO";"GOBIERNO REGIONAL";"II-1";"00002818";"HOSPITAL ILO";"241800";"HOSPITALIZACIÓN DE MEDICINA MEDICINA GENERAL ";"20";"20";"113";"113";"30";"930";"0"
"2023";"08";"180301";"MOQUEGUA";"ILO";"ILO";"GOBIERNO REGIONAL";"II-1";"00002818";"HOSPITAL ILO";"242500";"HOSPITALIZACIÓN-PEDIATRÍA GENERAL-";"25";"25";"73";"71";"4";"124";"0"
"2023";"08";"180301";"MOQUEGUA";"ILO";"ILO";"GOBIERNO REGIONAL";"II-1";"00002818";"HOSPITAL ILO";"241500";"HOSPITALIZACIÓN QUIRÚRGICA GINECOLOGÍA  ";"9";"9";"34";"73";"3";"93";"0"
"2023";"08";"180301";"MOQUEGUA";"ILO";"ILO";"GOBIERNO REGIONAL";"II-1";"00002818";"HOSPITAL ILO";"243200";"HOSPITALIZACIÓN DE PEDIATRÍA PEDIATRIA NEONATOLOGÍA";"18";"18";"40";"22";"3";"93";"0"
"2023";"08";"180301";"MOQUEGUA";"ILO";"ILO";"GOBIERNO REGIONAL";"II-1";"00002818";"HOSPITAL ILO";"241400";"HOSPITALIZACIÓN QUIRÚRGICA GINECO - OBSTETRICIA ";"15";"15";"50";"136";"7";"217";"0"
"2023";"08";"180301";"MOQUEGUA";"ILO";"ILO";"GOBIERNO REGIONAL";"II-1";"00002818";"HOSPITAL ILO";"241600";"HOSPITALIZACIÓN QUIRÚRGICA OBSTETRICIA   ";"77";"77";"161";"172";"10";"310";"0"
"2023";"08";"040126";"AREQUIPA";"AREQUIPA";"YANAHUARA";"PRIVADO";"II-1";"00012907";"SISTEMAS DE ADMINISTRACION HOSPITALARIA S.A.C.";"242300";"HOSPITALIZACIÓN DE PEDIATRÍA  PEDIATRÍA  GENERAL ";"6";"6";"9";"6";"5";"155";"0"
"2023";"08";"040126";"AREQUIPA";"AREQUIPA";"YANAHUARA";"PRIVADO";"II-1";"00012907";"SISTEMAS DE ADMINISTRACION HOSPITALARIA S.A.C.";"240100";"HOSPITALIZACIÓN QUIRÚRGICA CIRUGÍA GENERAL ";"100";"100";"672";"100";"9";"279";"0"
"2023";"08";"040126";"AREQUIPA";"AREQUIPA";"YANAHUARA";"PRIVADO";"II-1";"00012907";"SISTEMAS DE ADMINISTRACION HOSPITALARIA S.A.C.";"241400";"HOSPITALIZACIÓN QUIRÚRGICA GINECO - OBSTETRICIA ";"66";"66";"472";"64";"5";"155";"0"
"2023";"08";"040126";"AREQUIPA";"AREQUIPA";"YANAHUARA";"PRIVADO";"II-1";"00012907";"SISTEMAS DE ADMINISTRACION HOSPITALARIA S.A.C.";"241900";"HOSPITALIZACIÓN DE MEDICINA MEDICINA INTERNA ";"21";"21";"223";"19";"5";"155";"0"
"2023";"08";"220506";"SAN MARTIN";"LAMAS";"PINTO RECODO";"GOBIERNO REGIONAL";"I-1";"00006343";"GOSEN";"NE_0001";"";"NE_0001";"NE_0001";"NE_0001";"NE_0001";"NE_0001";"NE_0001";"NE_0001"
"2023";"04";"021001";"ANCASH";"HUARI";"HUARI";"GOBIERNO REGIONAL";"II-1";"00001813";"HOSPITAL DE APOYO HUARI";"241500";"HOSPITALIZACIÓN QUIRÚRGICA GINECOLOGÍA  ";"14";"14";"35";"30";"6";"180";"0"
"2023";"04";"021001";"ANCASH";"HUARI";"HUARI";"GOBIERNO REGIONAL";"II-1";"00001813";"HOSPITAL DE APOYO HUARI";"241600";"HOSPITALIZACIÓN QUIRÚRGICA OBSTETRICIA   ";"41";"48";"90";"95";"6";"180";"0"
"2023";"04";"021001";"ANCASH";"HUARI";"HUARI";"GOBIERNO REGIONAL";"II-1";"00001813";"HOSPITAL DE APOYO HUARI";"241800";"HOSPITALIZACIÓN DE MEDICINA MEDICINA GENERAL ";"27";"28";"107";"116";"12";"360";"0"
"2023";"04";"021001";"ANCASH";"HUARI";"HUARI";"GOBIERNO REGIONAL";"II-1";"00001813";"HOSPITAL DE APOYO HUARI";"242500";"HOSPITALIZACIÓN-PEDIATRÍA GENERAL-";"5";"6";"14";"15";"4";"120";"0"
"2023";"04";"021001";"ANCASH";"HUARI";"HUARI";"GOBIERNO REGIONAL";"II-1";"00001813";"HOSPITAL DE APOYO HUARI";"243200";"HOSPITALIZACIÓN DE PEDIATRÍA PEDIATRIA NEONATOLOGÍA";"2";"3";"13";"13";"1";"30";"0"
"2023";"04";"070101";"CALLAO";"CALLAO";"CALLAO";"PRIVADO";"II-2";"00018319";"HOSPITAL ALBERTO LEONARDO BARTON THOMPSON";"240100";"HOSPITALIZACIÓN QUIRÚRGICA CIRUGÍA GENERAL ";"16";"178";"778";"718";"26";"780";"0"
"2023";"04";"070101";"CALLAO";"CALLAO";"CALLAO";"PRIVADO";"II-2";"00018319";"HOSPITAL ALBERTO LEONARDO BARTON THOMPSON";"241500";"HOSPITALIZACIÓN QUIRÚRGICA GINECOLOGÍA  ";"64";"190";"868";"848";"30";"900";"3"
"2023";"04";"070101";"CALLAO";"CALLAO";"CALLAO";"PRIVADO";"II-2";"00018319";"HOSPITAL ALBERTO LEONARDO BARTON THOMPSON";"241800";"HOSPITALIZACIÓN DE MEDICINA MEDICINA GENERAL ";"214";"237";"2758";"2297";"78";"2340";"37"
"2023";"04";"070101";"CALLAO";"CALLAO";"CALLAO";"PRIVADO";"II-2";"00018319";"HOSPITAL ALBERTO LEONARDO BARTON THOMPSON";"242300";"HOSPITALIZACIÓN DE PEDIATRÍA  PEDIATRÍA  GENERAL ";"130";"160";"499";"515";"33";"990";"0"
"2023";"04";"070101";"CALLAO";"CALLAO";"CALLAO";"PRIVADO";"II-2";"00018319";"HOSPITAL ALBERTO LEONARDO BARTON THOMPSON";"250100";"UNIDAD DE CUIDADOS CRITICOS UNIDAD  DE CUIDADOS INTENSIVOS GENERALES (UCI) ";"12";"5";"97";"338";"14";"420";"4"
"2023";"04";"070101";"CALLAO";"CALLAO";"CALLAO";"PRIVADO";"II-2";"00018319";"HOSPITAL ALBERTO LEONARDO BARTON THOMPSON";"250200";"UNIDAD DE CUIDADOS CRITICOS UNIDAD DE CUIDADOS INTERMEDIOS GENERAL  (UCIN) ";"9";"23";"252";"358";"20";"600";"0"
"2023";"04";"150501";"LIMA";"CAÑETE";"SAN VICENTE DE CAÑETE";"GOBIERNO REGIONAL";"II-2";"00005986";"HOSPITAL REZOLA";"240100";"HOSPITALIZACIÓN QUIRÚRGICA CIRUGÍA GENERAL ";"132";"148";"504";"453";"20";"600";"0"
"2023";"04";"150501";"LIMA";"CAÑETE";"SAN VICENTE DE CAÑETE";"GOBIERNO REGIONAL";"II-2";"00005986";"HOSPITAL REZOLA";"241400";"HOSPITALIZACIÓN QUIRÚRGICA GINECO - OBSTETRICIA ";"204";"223";"456";"427";"24";"720";"0"
"2023";"04";"150501";"LIMA";"CAÑETE";"SAN VICENTE DE CAÑETE";"GOBIERNO REGIONAL";"II-2";"00005986";"HOSPITAL REZOLA";"241500";"HOSPITALIZACIÓN QUIRÚRGICA GINECOLOGÍA  ";"17";"18";"47";"46";"6";"180";"0"
"2023";"04";"150501";"LIMA";"CAÑETE";"SAN VICENTE DE CAÑETE";"GOBIERNO REGIONAL";"II-2";"00005986";"HOSPITAL REZOLA";"241800";"HOSPITALIZACIÓN DE MEDICINA MEDICINA GENERAL ";"77";"93";"518";"429";"25";"750";"14"
"2023";"04";"150501";"LIMA";"CAÑETE";"SAN VICENTE DE CAÑETE";"GOBIERNO REGIONAL";"II-2";"00005986";"HOSPITAL REZOLA";"242500";"HOSPITALIZACIÓN-PEDIATRÍA GENERAL-";"38";"46";"202";"166";"10";"300";"0"
"2023";"04";"150501";"LIMA";"CAÑETE";"SAN VICENTE DE CAÑETE";"GOBIERNO REGIONAL";"II-2";"00005986";"HOSPITAL REZOLA";"243200";"HOSPITALIZACIÓN DE PEDIATRÍA PEDIATRIA NEONATOLOGÍA";"28";"33";"143";"129";"10";"300";"0"
"2023";"04";"150501";"LIMA";"CAÑETE";"SAN VICENTE DE CAÑETE";"GOBIERNO REGIONAL";"II-2";"00005986";"HOSPITAL REZOLA";"250103";"UNIDAD DE CUIDADOS CRITICOS UNIDAD  DE CUIDADOS INTENSIVOS GENERALES  (UCI) MEDICINA";"6";"8";"42";"34";"4";"120";"3"
"2023";"04";"150501";"LIMA";"CAÑETE";"SAN VICENTE DE CAÑETE";"GOBIERNO REGIONAL";"II-2";"00005986";"HOSPITAL REZOLA";"250105";"UNIDAD DE CUIDADOS CRITICOS UNIDAD  DE CUIDADOS INTENSIVOS  (UCI) NEONATOLOGÍA";"5";"8";"70";"29";"5";"150";"0"
"2023";"04";"040123";"AREQUIPA";"AREQUIPA";"TIABAYA";"GOBIERNO REGIONAL";"I-3";"00001260";"CENTRO DE SALUD TIABAYA";"NE_0001";"";"NE_0001";"NE_0001";"NE_0001";"NE_0001";"NE_0001";"NE_0001";"NE_0001"
"2023";"04";"040124";"AREQUIPA";"AREQUIPA";"UCHUMAYO";"GOBIERNO REGIONAL";"I-2";"00001290";"PUESTO DE SALUD UCHUMAYO";"NE_0001";"";"NE_0001";"NE_0001";"NE_0001";"NE_0001";"NE_0001";"NE_0001";"NE_0001"
"2023";"04";"040124";"AREQUIPA";"AREQUIPA";"UCHUMAYO";"GOBIERNO REGIONAL";"I-3";"00001281";"CENTRO DE SALUD CONGATA";"NE_0001";"";"NE_0001";"NE_0001";"NE_0001";"NE_0001";"NE_0001";"NE_0001";"NE_0001"
"2023";"04";"040124";"AREQUIPA";"AREQUIPA";"UCHUMAYO";"GOBIERNO REGIONAL";"I-3";"00001280";"CENTRO DE SALUD CERRO VERDE";"NE_0001";"";"NE_0001";"NE_0001";"NE_0001";"NE_0001";"NE_0001";"NE_0001";"NE_0001"
"2023";"04";"120608";"JUNIN";"SATIPO";"RIO TAMBO";"GOBIERNO REGIONAL";"I-2";"00000472";"OVIRI";"NE_0001";"";"NE_0001";"NE_0001";"NE_0001";"NE_0001";"NE_0001";"NE_0001";"NE_0001"
"2023";"04";"120608";"JUNIN";"SATIPO";"RIO TAMBO";"GOBIERNO REGIONAL";"I-3";"00000462";"POYENI";"NE_0001";"";"NE_0001";"NE_0001";"NE_0001";"NE_0001";"NE_0001";"NE_0001";"NE_0001"
"2023";"04";"120608";"JUNIN";"SATIPO";"RIO TAMBO";"GOBIERNO REGIONAL";"I-2";"00000465";"CAPITIRI";"NE_0001";"";"NE_0001";"NE_0001";"NE_0001";"NE_0001";"NE_0001";"NE_0001";"NE_0001"
"2023";"04";"120608";"JUNIN";"SATIPO";"RIO TAMBO";"GOBIERNO REGIONAL";"I-2";"00000467";"SHIMA";"NE_0001";"";"NE_0001";"NE_0001";"NE_0001";"NE_0001";"NE_0001";"NE_0001";"NE_0001"
"2023";"04";"120608";"JUNIN";"SATIPO";"RIO TAMBO";"GOBIERNO REGIONAL";"I-3";"00000473";"SAN VICENTE DE CANAAN";"NE_0001";"";"NE_0001";"NE_0001";"NE_0001";"NE_0001";"NE_0001";"NE_0001";"NE_0001"
"2023";"04";"110101";"ICA";"ICA";"ICA";"PRIVADO";"II-1";"00015963";"LA CLINICA DE ICA DR. JULIO TATAJE BARRIGA SRL";"240600";"HOSPITALIZACIÓN QUIRÚRGICA CIRUGÍA OFTALMOLÓGICA ";"8";"8";"8";"1";"7";"210";"0"
"2023";"05";"150140";"LIMA";"LIMA";"SANTIAGO DE SURCO";"PRIVADO";"II-E";"00013900";"OFTALMOSALUD";"NE_0001";"";"NE_0001";"NE_0001";"NE_0001";"NE_0001";"NE_0001";"NE_0001";"NE_0001"
"2023";"05";"220504";"SAN MARTIN";"LAMAS";"CAYNARACHI";"GOBIERNO REGIONAL";"I-2";"00006418";"ALIANZA";"NE_0001";"";"NE_0001";"NE_0001";"NE_0001";"NE_0001";"NE_0001";"NE_0001";"NE_0001"
"2023";"05";"220905";"SAN MARTIN";"SAN MARTIN";"CHIPURANA";"GOBIERNO REGIONAL";"I-1";"00006440";"TIPISHCA";"NE_0002";"";"NE_0002";"NE_0002";"NE_0002";"NE_0002";"NE_0002";"NE_0002";"NE_0002"
"2023";"05";"220907";"SAN MARTIN";"SAN MARTIN";"HUIMBAYOC";"GOBIERNO REGIONAL";"I-1";"00006443";"LECHE";"NE_0002";"";"NE_0002";"NE_0002";"NE_0002";"NE_0002";"NE_0002";"NE_0002";"NE_0002"
"2023";"07";"150142";"LIMA";"LIMA";"VILLA EL SALVADOR";"PRIVADO";"II-E";"00024178";"CLINIC NOVASALUD";"240000";"HOSPITALIZACIÓN";"16";"16";"14";"1";"7";"13";"0"
"2023";"08";"120114";"JUNIN";"HUANCAYO";"EL TAMBO";"GOBIERNO REGIONAL";"I-3";"00000714";"JUAN PARRA DEL RIEGO";"NE_0002";"";"NE_0002";"NE_0002";"NE_0002";"NE_0002";"NE_0002";"NE_0002";"NE_0002"
"2023";"08";"150141";"LIMA";"LIMA";"SURQUILLO";"MINSA";"III-2";"00006210";"INSTITUTO NACIONAL DE ENFERMEDADES NEOPLASICAS";"243600";"HOSPITALIZACIÓN DE PEDIATRÍA PEDIATRIA ONCOLOGÍA PEDIÁTRICA";"11";"43";"1854";"1854";"47";"1829";"3"
"2023";"08";"150141";"LIMA";"LIMA";"SURQUILLO";"MINSA";"III-2";"00006210";"INSTITUTO NACIONAL DE ENFERMEDADES NEOPLASICAS";"241000";"HOSPITALIZACIÓN QUIRÚRGICA ONCOLOGÍA QUIRÚRGICA  ";"283";"314";"2803";"2803";"118";"3689";"1"
"2023";"08";"150141";"LIMA";"LIMA";"SURQUILLO";"MINSA";"III-2";"00006210";"INSTITUTO NACIONAL DE ENFERMEDADES NEOPLASICAS";"250000";"UNIDAD DE CUIDADOS CRITICOS  ";"0";"11";"216";"216";"10";"899";"11"
"2023";"08";"150141";"LIMA";"LIMA";"SURQUILLO";"MINSA";"III-2";"00006210";"INSTITUTO NACIONAL DE ENFERMEDADES NEOPLASICAS";"242100";"HOSPITALIZACIÓN DE MEDICINA ONCOLOGÍA MÉDICA ";"180";"246";"3624";"3624";"126";"4433";"5"
"2023";"08";"150141";"LIMA";"LIMA";"SURQUILLO";"MINSA";"III-2";"00006210";"INSTITUTO NACIONAL DE ENFERMEDADES NEOPLASICAS";"241700";"HOSPITALIZACIÓN QUIRÚRGICA GINECOLOGÍA   GINECOLOGIA ONCOLOGiCA";"49";"53";"337";"337";"15";"434";"0"
"2023";"08";"060603";"CAJAMARCA";"CUTERVO";"CHOROS";"GOBIERNO REGIONAL";"I-1";"00007698";"SAN PEDRO DE CHOROS";"NE_0001";"";"NE_0001";"NE_0001";"NE_0001";"NE_0001";"NE_0001";"NE_0001";"NE_0001"
"2023";"08";"060603";"CAJAMARCA";"CUTERVO";"CHOROS";"GOBIERNO REGIONAL";"I-1";"00004972";"MESARRUME";"NE_0001";"";"NE_0001";"NE_0001";"NE_0001";"NE_0001";"NE_0001";"NE_0001";"NE_0001"
"2023";"08";"060603";"CAJAMARCA";"CUTERVO";"CHOROS";"GOBIERNO REGIONAL";"I-3";"00004971";"CHOROS";"NE_0001";"";"NE_0001";"NE_0001";"NE_0001";"NE_0001";"NE_0001";"NE_0001";"NE_0001"
"2023";"08";"060604";"CAJAMARCA";"CUTERVO";"CUJILLO";"GOBIERNO REGIONAL";"I-1";"00004975";"YUNCHACO";"NE_0001";"";"NE_0001";"NE_0001";"NE_0001";"NE_0001";"NE_0001";"NE_0001";"NE_0001"
"2023";"08";"060613";"CAJAMARCA";"CUTERVO";"SANTO TOMAS";"GOBIERNO REGIONAL";"I-1";"00004976";"MALLETA";"NE_0001";"";"NE_0001";"NE_0001";"NE_0001";"NE_0001";"NE_0001";"NE_0001";"NE_0001"
"2023";"08";"190109";"PASCO";"PASCO";"SIMON BOLIVAR";"ESSALUD";"II-2";"00009747";"HOSPITAL II PASCO";"241800";"HOSPITALIZACIÓN DE MEDICINA MEDICINA GENERAL ";"55";"53";"211";"196";"12";"372";"1"
"2023";"08";"190109";"PASCO";"PASCO";"SIMON BOLIVAR";"ESSALUD";"II-2";"00009747";"HOSPITAL II PASCO";"250100";"UNIDAD DE CUIDADOS CRITICOS UNIDAD  DE CUIDADOS INTENSIVOS GENERALES (UCI) ";"1";"1";"16";"16";"4";"93";"1"
"2023";"08";"190109";"PASCO";"PASCO";"SIMON BOLIVAR";"ESSALUD";"II-2";"00009747";"HOSPITAL II PASCO";"240100";"HOSPITALIZACIÓN QUIRÚRGICA CIRUGÍA GENERAL ";"72";"70";"310";"304";"13";"403";"0"
"2023";"08";"190109";"PASCO";"PASCO";"SIMON BOLIVAR";"ESSALUD";"II-2";"00009747";"HOSPITAL II PASCO";"241400";"HOSPITALIZACIÓN QUIRÚRGICA GINECO - OBSTETRICIA ";"80";"78";"178";"176";"8";"248";"0"
"2023";"08";"190109";"PASCO";"PASCO";"SIMON BOLIVAR";"ESSALUD";"II-2";"00009747";"HOSPITAL II PASCO";"242300";"HOSPITALIZACIÓN DE PEDIATRÍA  PEDIATRÍA  GENERAL ";"64";"62";"147";"154";"7";"217";"0"
"2023";"08";"190109";"PASCO";"PASCO";"SIMON BOLIVAR";"ESSALUD";"II-2";"00009747";"HOSPITAL II PASCO";"243200";"HOSPITALIZACIÓN DE PEDIATRÍA PEDIATRIA NEONATOLOGÍA";"67";"54";"119";"200";"12";"372";"0"
"2023";"08";"150130";"LIMA";"LIMA";"SAN BORJA";"PRIVADO";"II-E";"00015143";"CLINICA ASTOCONDOR";"240800";"HOSPITALIZACIÓN QUIRÚRGICA CIRUGÍA PLÁSTICA/RECONSTRUCTIVA/ REPARADORA ";"1";"1";"1";"1";"3";"42";"0"
"2023";"08";"150108";"LIMA";"LIMA";"CHORRILLOS";"PRIVADO";"II-E";"00019839";"CLINICA SANTA LEONOR";"240000";"HOSPITALIZACIÓN";"42";"42";"64";"59";"5";"155";"0"
"2023";"08";"150132";"LIMA";"LIMA";"SAN JUAN DE LURIGANCHO";"PRIVADO";"II-2";"00008271";"CLINICA SAN JUAN BAUTISTA";"250100";"UNIDAD DE CUIDADOS CRITICOS UNIDAD  DE CUIDADOS INTENSIVOS GENERALES (UCI) ";"24";"23";"79";"110";"7";"217";"0"
"2023";"08";"150132";"LIMA";"LIMA";"SAN JUAN DE LURIGANCHO";"PRIVADO";"II-2";"00008271";"CLINICA SAN JUAN BAUTISTA";"240000";"HOSPITALIZACIÓN";"185";"187";"402";"588";"40";"1240";"0"
"2023";"08";"050101";"AYACUCHO";"HUAMANGA";"AYACUCHO";"GOBIERNO REGIONAL";"II-2";"00003543";"HOSPITAL REGIONAL DE AYACUCHO ""MIGUEL ANGEL MARISCAL LLERENA""";"241800";"HOSPITALIZACIÓN DE MEDICINA MEDICINA GENERAL ";"192";"140";"1602";"1120";"46";"1426";"3"
"2023";"08";"050101";"AYACUCHO";"HUAMANGA";"AYACUCHO";"GOBIERNO REGIONAL";"II-2";"00003543";"HOSPITAL REGIONAL DE AYACUCHO ""MIGUEL ANGEL MARISCAL LLERENA""";"242200";"HOSPITALIZACIÓN DE MEDICINA PSIQUIATRÍA ";"13";"8";"169";"168";"4";"168";"0"
"2023";"08";"050101";"AYACUCHO";"HUAMANGA";"AYACUCHO";"GOBIERNO REGIONAL";"II-2";"00003543";"HOSPITAL REGIONAL DE AYACUCHO ""MIGUEL ANGEL MARISCAL LLERENA""";"250304";"HOSPIT. EN UNIDAD DE CUID.INTEN.-UNIDAD DE VIGILANCIA INTENSIVA (UVI)-MEDICINA";"40";"9";"137";"226";"8";"248";"9"
"2023";"08";"050101";"AYACUCHO";"HUAMANGA";"AYACUCHO";"GOBIERNO REGIONAL";"II-2";"00003543";"HOSPITAL REGIONAL DE AYACUCHO ""MIGUEL ANGEL MARISCAL LLERENA""";"240100";"HOSPITALIZACIÓN QUIRÚRGICA CIRUGÍA GENERAL ";"225";"200";"1167";"733";"26";"856";"0"
"2023";"08";"050101";"AYACUCHO";"HUAMANGA";"AYACUCHO";"GOBIERNO REGIONAL";"II-2";"00003543";"HOSPITAL REGIONAL DE AYACUCHO ""MIGUEL ANGEL MARISCAL LLERENA""";"241200";"HOSPITALIZACIÓN QUIRÚRGICA TRAUMATOLOGÍA Y ORTOPEDIA ";"154";"134";"644";"548";"24";"744";"1"
"2023";"08";"050101";"AYACUCHO";"HUAMANGA";"AYACUCHO";"GOBIERNO REGIONAL";"II-2";"00003543";"HOSPITAL REGIONAL DE AYACUCHO ""MIGUEL ANGEL MARISCAL LLERENA""";"242500";"HOSPITALIZACIÓN-PEDIATRÍA GENERAL-";"131";"106";"677";"547";"28";"836";"0"
"2023";"08";"050101";"AYACUCHO";"HUAMANGA";"AYACUCHO";"GOBIERNO REGIONAL";"II-2";"00003543";"HOSPITAL REGIONAL DE AYACUCHO ""MIGUEL ANGEL MARISCAL LLERENA""";"240700";"HOSPITALIZACIÓN QUIRÚRGICA CIRUGÍA PEDIÁTRICA ";"46";"36";"155";"143";"8";"249";"0"
"2023";"08";"050101";"AYACUCHO";"HUAMANGA";"AYACUCHO";"GOBIERNO REGIONAL";"II-2";"00003543";"HOSPITAL REGIONAL DE AYACUCHO ""MIGUEL ANGEL MARISCAL LLERENA""";"250108";"UNIDAD DE CUIDADOS CRITICOS UNIDAD  DE CUIDADOS INTENSIVOS  (UCI) PEDIÁTRICA";"33";"5";"66";"125";"8";"248";"4"
"2023";"08";"050101";"AYACUCHO";"HUAMANGA";"AYACUCHO";"GOBIERNO REGIONAL";"II-2";"00003543";"HOSPITAL REGIONAL DE AYACUCHO ""MIGUEL ANGEL MARISCAL LLERENA""";"250105";"UNIDAD DE CUIDADOS CRITICOS UNIDAD  DE CUIDADOS INTENSIVOS  (UCI) NEONATOLOGÍA";"75";"8";"78";"430";"24";"744";"6"
"2023";"08";"050101";"AYACUCHO";"HUAMANGA";"AYACUCHO";"GOBIERNO REGIONAL";"II-2";"00003543";"HOSPITAL REGIONAL DE AYACUCHO ""MIGUEL ANGEL MARISCAL LLERENA""";"250305";"HOSPIT. EN UNIDAD DE CUID.INTEN.-UNIDAD DE VIGILANCIA INTENSIVA (UVI)-NEONATOLOGÍA";"63";"46";"853";"344";"20";"617";"0"
"2023";"08";"050101";"AYACUCHO";"HUAMANGA";"AYACUCHO";"GOBIERNO REGIONAL";"II-2";"00003543";"HOSPITAL REGIONAL DE AYACUCHO ""MIGUEL ANGEL MARISCAL LLERENA""";"243200";"HOSPITALIZACIÓN DE PEDIATRÍA PEDIATRIA NEONATOLOGÍA";"34";"25";"195";"127";"7";"220";"0"
"2023";"08";"050101";"AYACUCHO";"HUAMANGA";"AYACUCHO";"GOBIERNO REGIONAL";"II-2";"00003543";"HOSPITAL REGIONAL DE AYACUCHO ""MIGUEL ANGEL MARISCAL LLERENA""";"241400";"HOSPITALIZACIÓN QUIRÚRGICA GINECO - OBSTETRICIA ";"521";"362";"1381";"1031";"54";"1674";"0"
"2023";"08";"050101";"AYACUCHO";"HUAMANGA";"AYACUCHO";"GOBIERNO REGIONAL";"II-2";"00003543";"HOSPITAL REGIONAL DE AYACUCHO ""MIGUEL ANGEL MARISCAL LLERENA""";"250302";"HOSPIT. EN UNIDAD DE CUID.INTEN.-UNIDAD DE VIGILANCIA INTENSIVA (UVI)-GINECO-OBSTETRICIA";"29";"1";"5";"77";"4";"124";"0"
"2023";"08";"050101";"AYACUCHO";"HUAMANGA";"AYACUCHO";"GOBIERNO REGIONAL";"II-2";"00003543";"HOSPITAL REGIONAL DE AYACUCHO ""MIGUEL ANGEL MARISCAL LLERENA""";"250100";"UNIDAD DE CUIDADOS CRITICOS UNIDAD  DE CUIDADOS INTENSIVOS GENERALES (UCI) ";"43";"6";"51";"289";"12";"372";"5"
"2023";"08";"140101";"LAMBAYEQUE";"CHICLAYO";"CHICLAYO";"PRIVADO";"II-E";"00008750";"CLINICA DEL PACIFICO S.A";"240000";"HOSPITALIZACIÓN";"307";"314";"914";"788";"51";"1530";"3"
"2023";"08";"140101";"LAMBAYEQUE";"CHICLAYO";"CHICLAYO";"PRIVADO";"II-E";"00008750";"CLINICA DEL PACIFICO S.A";"250100";"UNIDAD DE CUIDADOS CRITICOS UNIDAD  DE CUIDADOS INTENSIVOS GENERALES (UCI) ";"2";"2";"4";"5";"4";"120";"0"
"2023";"08";"120706";"JUNIN";"TARMA";"PALCA";"GOBIERNO REGIONAL";"I-1";"00000573";"CHIPOCAYO";"NE_0001";"";"NE_0001";"NE_0001";"NE_0001";"NE_0001";"NE_0001";"NE_0001";"NE_0001"
"2023";"08";"240101";"TUMBES";"TUMBES";"TUMBES";"SANIDAD DEL EJERCITO DEL PERU";"I-3";"00011996";"CENTRO DE SALUD MILITAR VIRGEN DE FÁTIMA DE LA 9ª BRIGADA BLINDADA";"NE_0001";"";"NE_0001";"NE_0001";"NE_0001";"NE_0001";"NE_0001";"NE_0001";"NE_0001"
"2023";"08";"150142";"LIMA";"LIMA";"VILLA EL SALVADOR";"PRIVADO";"II-E";"00024178";"CLINIC NOVASALUD";"241400";"HOSPITALIZACIÓN QUIRÚRGICA GINECO - OBSTETRICIA ";"5";"10";"10";"2";"3";"90";"0"
"2023";"08";"150142";"LIMA";"LIMA";"VILLA EL SALVADOR";"PRIVADO";"II-E";"00024178";"CLINIC NOVASALUD";"241500";"HOSPITALIZACIÓN QUIRÚRGICA GINECOLOGÍA  ";"1";"1";"1";"1";"1";"30";"0"
"2023";"01";"040413";"AREQUIPA";"CASTILLA";"URACA";"ESSALUD";"I-2";"00013300";"POSTA MEDICA  CORIRE";"NE_0001";"";"NE_0001";"NE_0001";"NE_0001";"NE_0001";"NE_0001";"NE_0001";"NE_0001"
"2023";"07";"250203";"UCAYALI";"ATALAYA";"TAHUANIA";"MINSA";"I-1";"00032189";"PUESTO DE SALUD MENCORIARI.";"NE_0001";"";"NE_0001";"NE_0001";"NE_0001";"NE_0001";"NE_0001";"NE_0001";"NE_0001"
"2023";"07";"250203";"UCAYALI";"ATALAYA";"TAHUANIA";"MINSA";"I-1";"00031894";"PUESTO DE SALUD NUEVO PARAISO-TAHUANIA.";"NE_0001";"";"NE_0001";"NE_0001";"NE_0001";"NE_0001";"NE_0001";"NE_0001";"NE_0001"
"2023";"07";"250202";"UCAYALI";"ATALAYA";"SEPAHUA";"GOBIERNO REGIONAL";"I-1";"00019549";"SANTA ROSA DE SERJALI";"NE_0001";"";"NE_0001";"NE_0001";"NE_0001";"NE_0001";"NE_0001";"NE_0001";"NE_0001"
"2023";"07";"250203";"UCAYALI";"ATALAYA";"TAHUANIA";"GOBIERNO REGIONAL";"I-1";"00007106";"TONIROMASHI";"NE_0001";"";"NE_0001";"NE_0001";"NE_0001";"NE_0001";"NE_0001";"NE_0001";"NE_0001"
"2023";"07";"250202";"UCAYALI";"ATALAYA";"SEPAHUA";"GOBIERNO REGIONAL";"I-1";"00005525";"PUIJA";"NE_0001";"";"NE_0001";"NE_0001";"NE_0001";"NE_0001";"NE_0001";"NE_0001";"NE_0001"
"2023";"07";"250202";"UCAYALI";"ATALAYA";"SEPAHUA";"GOBIERNO REGIONAL";"I-1";"00005524";"BUFEO POZO";"NE_0001";"";"NE_0001";"NE_0001";"NE_0001";"NE_0001";"NE_0001";"NE_0001";"NE_0001"
"2023";"07";"250202";"UCAYALI";"ATALAYA";"SEPAHUA";"GOBIERNO REGIONAL";"I-3";"00005523";"SEPAHUA";"NE_0001";"";"NE_0001";"NE_0001";"NE_0001";"NE_0001";"NE_0001";"NE_0001";"NE_0001"
"2023";"07";"250203";"UCAYALI";"ATALAYA";"TAHUANIA";"GOBIERNO REGIONAL";"I-1";"00005522";"TUPAC AMARU";"NE_0001";"";"NE_0001";"NE_0001";"NE_0001";"NE_0001";"NE_0001";"NE_0001";"NE_0001"
"2023";"07";"250203";"UCAYALI";"ATALAYA";"TAHUANIA";"GOBIERNO REGIONAL";"I-2";"00005521";"NUEVA ITALIA";"NE_0001";"";"NE_0001";"NE_0001";"NE_0001";"NE_0001";"NE_0001";"NE_0001";"NE_0001"
"2023";"07";"250203";"UCAYALI";"ATALAYA";"TAHUANIA";"GOBIERNO REGIONAL";"I-1";"00005520";"SHAHUAYA";"NE_0001";"";"NE_0001";"NE_0001";"NE_0001";"NE_0001";"NE_0001";"NE_0001";"NE_0001"
"2023";"07";"250203";"UCAYALI";"ATALAYA";"TAHUANIA";"GOBIERNO REGIONAL";"I-1";"00005519";"SEMPAYA";"NE_0001";"";"NE_0001";"NE_0001";"NE_0001";"NE_0001";"NE_0001";"NE_0001";"NE_0001"
"2023";"07";"250203";"UCAYALI";"ATALAYA";"TAHUANIA";"GOBIERNO REGIONAL";"I-3";"00005518";"BOLOGNESI";"NE_0001";"";"NE_0001";"NE_0001";"NE_0001";"NE_0001";"NE_0001";"NE_0001";"NE_0001"
"2023";"07";"250201";"UCAYALI";"ATALAYA";"RAIMONDI";"GOBIERNO REGIONAL";"I-1";"00005517";"SERJALI";"NE_0001";"";"NE_0001";"NE_0001";"NE_0001";"NE_0001";"NE_0001";"NE_0001";"NE_0001"
"2023";"07";"250201";"UCAYALI";"ATALAYA";"RAIMONDI";"GOBIERNO REGIONAL";"I-1";"00005516";"RIMA";"NE_0001";"";"NE_0001";"NE_0001";"NE_0001";"NE_0001";"NE_0001";"NE_0001";"NE_0001"
"2023";"07";"250201";"UCAYALI";"ATALAYA";"RAIMONDI";"GOBIERNO REGIONAL";"I-1";"00005515";"ALTO CHENCORENI";"NE_0001";"";"NE_0001";"NE_0001";"NE_0001";"NE_0001";"NE_0001";"NE_0001";"NE_0001"
"2023";"06";"160201";"LORETO";"ALTO AMAZONAS";"YURIMAGUAS";"ESSALUD";"II-1";"00020274";"ESSALUD - HOSPITAL I YURIMAGUAS";"241800";"HOSPITALIZACIÓN DE MEDICINA MEDICINA GENERAL ";"47";"56";"228";"192";"7";"210";"2"
"2023";"06";"160201";"LORETO";"ALTO AMAZONAS";"YURIMAGUAS";"ESSALUD";"II-1";"00020274";"ESSALUD - HOSPITAL I YURIMAGUAS";"241600";"HOSPITALIZACIÓN QUIRÚRGICA OBSTETRICIA   ";"23";"27";"76";"69";"3";"90";"0"
"2023";"06";"120301";"JUNIN";"CHANCHAMAYO";"CHANCHAMAYO";"GOBIERNO REGIONAL";"II-2";"00000308";"HOSPITAL REGIONAL DOCENTE DE MEDICINA TROPICAL DR. JULIO CESAR DEMARINI CARO";"241800";"HOSPITALIZACIÓN DE MEDICINA MEDICINA GENERAL ";"72";"69";"454";"359";"22";"660";"4"
"2023";"06";"120301";"JUNIN";"CHANCHAMAYO";"CHANCHAMAYO";"GOBIERNO REGIONAL";"II-2";"00000308";"HOSPITAL REGIONAL DOCENTE DE MEDICINA TROPICAL DR. JULIO CESAR DEMARINI CARO";"242500";"HOSPITALIZACIÓN-PEDIATRÍA GENERAL-";"63";"60";"366";"345";"16";"480";"2"
"2023";"06";"120301";"JUNIN";"CHANCHAMAYO";"CHANCHAMAYO";"GOBIERNO REGIONAL";"II-2";"00000308";"HOSPITAL REGIONAL DOCENTE DE MEDICINA TROPICAL DR. JULIO CESAR DEMARINI CARO";"240100";"HOSPITALIZACIÓN QUIRÚRGICA CIRUGÍA GENERAL ";"82";"85";"327";"311";"25";"750";"1"
"2023";"06";"120301";"JUNIN";"CHANCHAMAYO";"CHANCHAMAYO";"GOBIERNO REGIONAL";"II-2";"00000308";"HOSPITAL REGIONAL DOCENTE DE MEDICINA TROPICAL DR. JULIO CESAR DEMARINI CARO";"241200";"HOSPITALIZACIÓN QUIRÚRGICA TRAUMATOLOGÍA Y ORTOPEDIA ";"37";"36";"188";"162";"8";"240";"0"
"2023";"06";"120301";"JUNIN";"CHANCHAMAYO";"CHANCHAMAYO";"GOBIERNO REGIONAL";"II-2";"00000308";"HOSPITAL REGIONAL DOCENTE DE MEDICINA TROPICAL DR. JULIO CESAR DEMARINI CARO";"241500";"HOSPITALIZACIÓN QUIRÚRGICA GINECOLOGÍA  ";"27";"17";"59";"87";"3";"90";"0"
"2023";"06";"120301";"JUNIN";"CHANCHAMAYO";"CHANCHAMAYO";"GOBIERNO REGIONAL";"II-2";"00000308";"HOSPITAL REGIONAL DOCENTE DE MEDICINA TROPICAL DR. JULIO CESAR DEMARINI CARO";"241600";"HOSPITALIZACIÓN QUIRÚRGICA OBSTETRICIA   ";"89";"95";"298";"276";"13";"390";"0"
"2023";"06";"120301";"JUNIN";"CHANCHAMAYO";"CHANCHAMAYO";"GOBIERNO REGIONAL";"II-2";"00000308";"HOSPITAL REGIONAL DOCENTE DE MEDICINA TROPICAL DR. JULIO CESAR DEMARINI CARO";"241400";"HOSPITALIZACIÓN QUIRÚRGICA GINECO - OBSTETRICIA ";"39";"44";"127";"84";"7";"210";"0"
"2023";"06";"120301";"JUNIN";"CHANCHAMAYO";"CHANCHAMAYO";"GOBIERNO REGIONAL";"II-2";"00000308";"HOSPITAL REGIONAL DOCENTE DE MEDICINA TROPICAL DR. JULIO CESAR DEMARINI CARO";"242200";"HOSPITALIZACIÓN DE MEDICINA PSIQUIATRÍA ";"4";"3";"222";"235";"8";"240";"0"
"2023";"06";"120301";"JUNIN";"CHANCHAMAYO";"CHANCHAMAYO";"GOBIERNO REGIONAL";"II-2";"00000308";"HOSPITAL REGIONAL DOCENTE DE MEDICINA TROPICAL DR. JULIO CESAR DEMARINI CARO";"250103";"UNIDAD DE CUIDADOS CRITICOS UNIDAD  DE CUIDADOS INTENSIVOS GENERALES  (UCI) MEDICINA";"9";"2";"13";"96";"6";"180";"2"
"2023";"07";"040126";"AREQUIPA";"AREQUIPA";"YANAHUARA";"PRIVADO";"I-3";"00032181";"POLICLINICO MISTI";"NE_0001";"";"NE_0001";"NE_0001";"NE_0001";"NE_0001";"NE_0001";"NE_0001";"NE_0001"
"2023";"06";"090201";"HUANCAVELICA";"ACOBAMBA";"ACOBAMBA";"GOBIERNO REGIONAL";"II-1";"00003917";"HOSPITAL PROVINCIAL DE ACOBAMBA";"240100";"HOSPITALIZACIÓN QUIRÚRGICA CIRUGÍA GENERAL ";"10";"11";"46";"57";"4";"120";"0"
"2023";"06";"090201";"HUANCAVELICA";"ACOBAMBA";"ACOBAMBA";"GOBIERNO REGIONAL";"II-1";"00003917";"HOSPITAL PROVINCIAL DE ACOBAMBA";"241400";"HOSPITALIZACIÓN QUIRÚRGICA GINECO - OBSTETRICIA ";"35";"35";"65";"100";"8";"240";"0"
"2023";"06";"090201";"HUANCAVELICA";"ACOBAMBA";"ACOBAMBA";"GOBIERNO REGIONAL";"II-1";"00003917";"HOSPITAL PROVINCIAL DE ACOBAMBA";"241800";"HOSPITALIZACIÓN DE MEDICINA MEDICINA GENERAL ";"13";"16";"66";"82";"6";"180";"1"
"2023";"06";"090201";"HUANCAVELICA";"ACOBAMBA";"ACOBAMBA";"GOBIERNO REGIONAL";"II-1";"00003917";"HOSPITAL PROVINCIAL DE ACOBAMBA";"242500";"HOSPITALIZACIÓN-PEDIATRÍA GENERAL-";"7";"7";"18";"25";"4";"120";"0"
"2023";"07";"200701";"PIURA";"TALARA";"PARIÑAS";"ESSALUD";"II-1";"00012243";"HOSPITAL II TALARA";"241800";"HOSPITALIZACIÓN DE MEDICINA MEDICINA GENERAL ";"171";"143";"1057";"1435";"48";"1440";"69"
"2023";"06";"200401";"PIURA";"MORROPON";"CHULUCANAS";"GOBIERNO REGIONAL";"II-1";"00002161";"E.S  II-1  HOSPITAL  CHULUCANAS";"240100";"HOSPITALIZACIÓN QUIRÚRGICA CIRUGÍA GENERAL ";"30";"22";"112";"108";"13";"390";"0"
"2023";"06";"200401";"PIURA";"MORROPON";"CHULUCANAS";"GOBIERNO REGIONAL";"II-1";"00002161";"E.S  II-1  HOSPITAL  CHULUCANAS";"241400";"HOSPITALIZACIÓN QUIRÚRGICA GINECO - OBSTETRICIA ";"239";"237";"608";"580";"22";"660";"0"
"2023";"06";"200401";"PIURA";"MORROPON";"CHULUCANAS";"GOBIERNO REGIONAL";"II-1";"00002161";"E.S  II-1  HOSPITAL  CHULUCANAS";"241800";"HOSPITALIZACIÓN DE MEDICINA MEDICINA GENERAL ";"55";"54";"284";"272";"10";"300";"2"
"2023";"06";"200401";"PIURA";"MORROPON";"CHULUCANAS";"GOBIERNO REGIONAL";"II-1";"00002161";"E.S  II-1  HOSPITAL  CHULUCANAS";"242500";"HOSPITALIZACIÓN-PEDIATRÍA GENERAL-";"30";"26";"79";"90";"5";"150";"0"
"2023";"06";"200401";"PIURA";"MORROPON";"CHULUCANAS";"GOBIERNO REGIONAL";"II-1";"00002161";"E.S  II-1  HOSPITAL  CHULUCANAS";"243200";"HOSPITALIZACIÓN DE PEDIATRÍA PEDIATRIA NEONATOLOGÍA";"18";"22";"138";"143";"8";"224";"0"
"2023";"06";"130401";"LA LIBERTAD";"CHEPEN";"CHEPEN";"GOBIERNO REGIONAL";"II-1";"00005299";"HOSPITAL DE APOYO CHEPEN";"240100";"HOSPITALIZACIÓN QUIRÚRGICA CIRUGÍA GENERAL ";"43";"40";"138";"182";"16";"480";"0"
"2023";"06";"130401";"LA LIBERTAD";"CHEPEN";"CHEPEN";"GOBIERNO REGIONAL";"II-1";"00005299";"HOSPITAL DE APOYO CHEPEN";"241400";"HOSPITALIZACIÓN QUIRÚRGICA GINECO - OBSTETRICIA ";"149";"145";"314";"408";"24";"720";"0"
"2023";"06";"130401";"LA LIBERTAD";"CHEPEN";"CHEPEN";"GOBIERNO REGIONAL";"II-1";"00005299";"HOSPITAL DE APOYO CHEPEN";"241800";"HOSPITALIZACIÓN DE MEDICINA MEDICINA GENERAL ";"50";"41";"175";"309";"20";"600";"3"
"2023";"06";"130401";"LA LIBERTAD";"CHEPEN";"CHEPEN";"GOBIERNO REGIONAL";"II-1";"00005299";"HOSPITAL DE APOYO CHEPEN";"242500";"HOSPITALIZACIÓN-PEDIATRÍA GENERAL-";"24";"17";"73";"119";"24";"720";"0"
"2023";"06";"170101";"MADRE DE DIOS";"TAMBOPATA";"TAMBOPATA";"SANIDAD DEL EJERCITO DEL PERU";"I-2";"00009323";"POSTA MEDICA DE LA 6ta BRIGADA DE FUERZAS ESPECIALES";"NE_0001";"";"NE_0001";"NE_0001";"NE_0001";"NE_0001";"NE_0001";"NE_0001";"NE_0001"
"2023";"01";"090201";"HUANCAVELICA";"ACOBAMBA";"ACOBAMBA";"GOBIERNO REGIONAL";"II-1";"00003917";"HOSPITAL PROVINCIAL DE ACOBAMBA";"240100";"HOSPITALIZACIÓN QUIRÚRGICA CIRUGÍA GENERAL ";"17";"17";"55";"72";"4";"124";"0"
"2023";"01";"090201";"HUANCAVELICA";"ACOBAMBA";"ACOBAMBA";"GOBIERNO REGIONAL";"II-1";"00003917";"HOSPITAL PROVINCIAL DE ACOBAMBA";"241400";"HOSPITALIZACIÓN QUIRÚRGICA GINECO - OBSTETRICIA ";"31";"31";"57";"88";"8";"248";"0"
"2023";"01";"090201";"HUANCAVELICA";"ACOBAMBA";"ACOBAMBA";"GOBIERNO REGIONAL";"II-1";"00003917";"HOSPITAL PROVINCIAL DE ACOBAMBA";"242500";"HOSPITALIZACIÓN-PEDIATRÍA GENERAL-";"2";"2";"8";"10";"3";"93";"0"
"2023";"01";"090201";"HUANCAVELICA";"ACOBAMBA";"ACOBAMBA";"GOBIERNO REGIONAL";"II-1";"00003917";"HOSPITAL PROVINCIAL DE ACOBAMBA";"241800";"HOSPITALIZACIÓN DE MEDICINA MEDICINA GENERAL ";"9";"9";"28";"37";"6";"186";"1"
"2023";"07";"200701";"PIURA";"TALARA";"PARIÑAS";"ESSALUD";"II-1";"00012243";"HOSPITAL II TALARA";"240100";"HOSPITALIZACIÓN QUIRÚRGICA CIRUGÍA GENERAL ";"05";"1";"5";"5";"1";"30";"0"
"2023";"07";"200701";"PIURA";"TALARA";"PARIÑAS";"ESSALUD";"II-1";"00012243";"HOSPITAL II TALARA";"241400";"HOSPITALIZACIÓN QUIRÚRGICA GINECO - OBSTETRICIA ";"47";"43";"159";"39";"8";"240";"0"
"2023";"07";"200701";"PIURA";"TALARA";"PARIÑAS";"ESSALUD";"II-1";"00012243";"HOSPITAL II TALARA";"242300";"HOSPITALIZACIÓN DE PEDIATRÍA  PEDIATRÍA  GENERAL ";"5";"5";"16";"12";"6";"180";"0"
"2023";"08";"120609";"JUNIN";"SATIPO";"VIZCATAN DEL ENE";"GOBIERNO REGIONAL";"I-1";"00000509";"SAN MIGUEL DE ENE SHINPINSHARIATO";"NE_0001";"";"NE_0001";"NE_0001";"NE_0001";"NE_0001";"NE_0001";"NE_0001";"NE_0001"
"2023";"08";"060806";"CAJAMARCA";"JAEN";"LAS PIRIAS";"GOBIERNO REGIONAL";"I-1";"00004246";"RUMIBAMBA";"NE_0001";"";"NE_0001";"NE_0001";"NE_0001";"NE_0001";"NE_0001";"NE_0001";"NE_0001"
"2023";"08";"200115";"PIURA";"PIURA";"VEINTISEIS DE OCTUBRE";"PRIVADO";"II-1";"00027260";"CLÍNICA BELLO HORIZONTE S.A.";"240000";"HOSPITALIZACIÓN";"53";"52";"127";"165";"16";"496";"0"
"2023";"08";"150101";"LIMA";"LIMA";"LIMA";"MINSA";"III-2";"00006208";"INSTITUTO NACIONAL MATERNO PERINATAL";"241400";"HOSPITALIZACIÓN QUIRÚRGICA GINECO - OBSTETRICIA ";"1247";"1179";"4391";"4788";"189";"5859";"0"
"2023";"08";"150101";"LIMA";"LIMA";"LIMA";"MINSA";"III-2";"00006208";"INSTITUTO NACIONAL MATERNO PERINATAL";"241500";"HOSPITALIZACIÓN QUIRÚRGICA GINECOLOGÍA  ";"120";"105";"396";"419";"19";"589";"0"
"2023";"08";"150101";"LIMA";"LIMA";"LIMA";"MINSA";"III-2";"00006208";"INSTITUTO NACIONAL MATERNO PERINATAL";"250102";"UNIDAD DE CUIDADOS CRITICOS UNIDAD  DE CUIDADOS INTENSIVOS GENERALES (UCI) GINECO-OBSTETRICIA";"39";"32";"161";"167";"9";"279";"0"
"2023";"08";"150101";"LIMA";"LIMA";"LIMA";"MINSA";"III-2";"00006208";"INSTITUTO NACIONAL MATERNO PERINATAL";"250105";"UNIDAD DE CUIDADOS CRITICOS UNIDAD  DE CUIDADOS INTENSIVOS  (UCI) NEONATOLOGÍA";"57";"54";"916";"922";"30";"930";"15"
"2023";"08";"150101";"LIMA";"LIMA";"LIMA";"MINSA";"III-2";"00006208";"INSTITUTO NACIONAL MATERNO PERINATAL";"243200";"HOSPITALIZACIÓN DE PEDIATRÍA PEDIATRIA NEONATOLOGÍA";"281";"246";"2549";"2588";"85";"2635";"9"
"2023";"08";"090304";"HUANCAVELICA";"ANGARAES";"CCOCHACCASA";"GOBIERNO REGIONAL";"I-1";"00011204";"VELASCO PUCAPAMPA";"NE_0001";"";"NE_0001";"NE_0001";"NE_0001";"NE_0001";"NE_0001";"NE_0001";"NE_0001"
"2023";"08";"090310";"HUANCAVELICA";"ANGARAES";"SAN ANTONIO DE ANTAPARCO";"GOBIERNO REGIONAL";"I-1";"00003966";"MAICENA";"NE_0001";"";"NE_0001";"NE_0001";"NE_0001";"NE_0001";"NE_0001";"NE_0001";"NE_0001"
"2023";"08";"090311";"HUANCAVELICA";"ANGARAES";"SANTO TOMAS DE PATA";"GOBIERNO REGIONAL";"I-1";"00003968";"CHUPACC";"NE_0001";"";"NE_0001";"NE_0001";"NE_0001";"NE_0001";"NE_0001";"NE_0001";"NE_0001"
"2023";"08";"090301";"HUANCAVELICA";"ANGARAES";"LIRCAY";"GOBIERNO REGIONAL";"I-1";"00011205";"UNION PROGRESO PATAHUASI";"NE_0001";"";"NE_0001";"NE_0001";"NE_0001";"NE_0001";"NE_0001";"NE_0001";"NE_0001"
"2023";"08";"090301";"HUANCAVELICA";"ANGARAES";"LIRCAY";"GOBIERNO REGIONAL";"I-3";"00028484";"CENTRO DE SALUD MENTAL COMUNITARIO ANGARAES";"NE_0002";"";"NE_0002";"NE_0002";"NE_0002";"NE_0002";"NE_0002";"NE_0002";"NE_0002"
"2023";"08";"220504";"SAN MARTIN";"LAMAS";"CAYNARACHI";"GOBIERNO REGIONAL";"I-1";"00006422";"SAN JUAN DE SHANUSI";"NE_0001";"";"NE_0001";"NE_0001";"NE_0001";"NE_0001";"NE_0001";"NE_0001";"NE_0001"
"2023";"08";"150110";"LIMA";"LIMA";"COMAS";"PRIVADO";"II-E";"00025598";"CLINICA MATER PURISSIMA";"241400";"HOSPITALIZACIÓN QUIRÚRGICA GINECO - OBSTETRICIA ";"13";"15";"26";"15";"8";"248";"0"
"2023";"08";"070106";"CALLAO";"CALLAO";"VENTANILLA";"PRIVADO";"II-E";"00009917";"CLINICA CARRION";"NE_0002";"";"NE_0002";"NE_0002";"NE_0002";"NE_0002";"NE_0002";"NE_0002";"NE_0002"
"2023";"08";"150101";"LIMA";"LIMA";"LIMA";"PRIVADO";"II-1";"00011087";"CLINICA LA LUZ S.A.C.";"240000";"HOSPITALIZACIÓN";"98";"93";"100";"148";"9";"350";"0"
"2023";"08";"060802";"CAJAMARCA";"JAEN";"BELLAVISTA";"GOBIERNO REGIONAL";"I-3";"00004224";"CRUCE SHUMBA";"NE_0001";"";"NE_0001";"NE_0001";"NE_0001";"NE_0001";"NE_0001";"NE_0001";"NE_0001"
"2023";"08";"150116";"LIMA";"LIMA";"LINCE";"PRIVADO";"I-3";"00017909";"POLICLINICO RISSO";"NE_0001";"";"NE_0001";"NE_0001";"NE_0001";"NE_0001";"NE_0001";"NE_0001";"NE_0001"
"2023";"08";"150101";"LIMA";"LIMA";"LIMA";"PRIVADO";"II-E";"00011167";"OFTALMOMEDIC";"NE_0001";"";"NE_0001";"NE_0001";"NE_0001";"NE_0001";"NE_0001";"NE_0001";"NE_0001"
"2023";"07";"140101";"LAMBAYEQUE";"CHICLAYO";"CHICLAYO";"PRIVADO";"II-E";"00017589";"INSTITUTO OFTALMOLÓGICO LA LUZ SAC";"NE_0001";"";"NE_0001";"NE_0001";"NE_0001";"NE_0001";"NE_0001";"NE_0001";"NE_0001"
"2023";"08";"150140";"LIMA";"LIMA";"SANTIAGO DE SURCO";"PRIVADO";"II-E";"00032409";"CLÍNICA ALVAREZ";"240000";"HOSPITALIZACIÓN";"13";"14";"19";"17";"8";"248";"0"
"2023";"07";"130701";"LA LIBERTAD";"PACASMAYO";"SAN PEDRO DE LLOC";"ESSALUD";"I-2";"00012097";"POSTA DE SALUD SAN PEDRO DE LLOC";"NE_0001";"";"NE_0001";"NE_0001";"NE_0001";"NE_0001";"NE_0001";"NE_0001";"NE_0001"
"2023";"06";"130704";"LA LIBERTAD";"PACASMAYO";"PACASMAYO";"GOBIERNO REGIONAL";"II-1";"00005296";"HOSPITAL DISTRITAL DE PACASMAYO";"241800";"HOSPITALIZACIÓN DE MEDICINA MEDICINA GENERAL ";"22";"24";"126";"105";"4";"120";"1"
"2023";"06";"130704";"LA LIBERTAD";"PACASMAYO";"PACASMAYO";"GOBIERNO REGIONAL";"II-1";"00005296";"HOSPITAL DISTRITAL DE PACASMAYO";"242300";"HOSPITALIZACIÓN DE PEDIATRÍA  PEDIATRÍA  GENERAL ";"11";"12";"26";"24";"4";"120";"0"
"2023";"06";"130704";"LA LIBERTAD";"PACASMAYO";"PACASMAYO";"GOBIERNO REGIONAL";"II-1";"00005296";"HOSPITAL DISTRITAL DE PACASMAYO";"241600";"HOSPITALIZACIÓN QUIRÚRGICA OBSTETRICIA   ";"24";"26";"59";"56";"4";"120";"0"
"2023";"06";"130704";"LA LIBERTAD";"PACASMAYO";"PACASMAYO";"GOBIERNO REGIONAL";"II-1";"00005296";"HOSPITAL DISTRITAL DE PACASMAYO";"241500";"HOSPITALIZACIÓN QUIRÚRGICA GINECOLOGÍA  ";"11";"11";"27";"27";"4";"120";"0"
"2023";"05";"130704";"LA LIBERTAD";"PACASMAYO";"PACASMAYO";"GOBIERNO REGIONAL";"II-1";"00005296";"HOSPITAL DISTRITAL DE PACASMAYO";"241800";"HOSPITALIZACIÓN DE MEDICINA MEDICINA GENERAL ";"32";"30";"143";"161";"4";"124";"3"
"2023";"05";"130704";"LA LIBERTAD";"PACASMAYO";"PACASMAYO";"GOBIERNO REGIONAL";"II-1";"00005296";"HOSPITAL DISTRITAL DE PACASMAYO";"242300";"HOSPITALIZACIÓN DE PEDIATRÍA  PEDIATRÍA  GENERAL ";"7";"6";"19";"21";"4";"124";"0"
"2023";"05";"130704";"LA LIBERTAD";"PACASMAYO";"PACASMAYO";"GOBIERNO REGIONAL";"II-1";"00005296";"HOSPITAL DISTRITAL DE PACASMAYO";"241600";"HOSPITALIZACIÓN QUIRÚRGICA OBSTETRICIA   ";"19";"17";"38";"41";"4";"124";"0"
"2023";"05";"130704";"LA LIBERTAD";"PACASMAYO";"PACASMAYO";"GOBIERNO REGIONAL";"II-1";"00005296";"HOSPITAL DISTRITAL DE PACASMAYO";"241500";"HOSPITALIZACIÓN QUIRÚRGICA GINECOLOGÍA  ";"6";"9";"19";"14";"4";"124";"0"
"2023";"08";"120107";"JUNIN";"HUANCAYO";"CHILCA";"GOBIERNO REGIONAL";"I-4";"00000608";"CHILCA";"NE_0002";"";"NE_0002";"NE_0002";"NE_0002";"NE_0002";"NE_0002";"NE_0002";"NE_0002"
"2023";"08";"120136";"JUNIN";"HUANCAYO";"VIQUES";"GOBIERNO REGIONAL";"I-2";"00000635";"VIQUES";"NE_0001";"";"NE_0001";"NE_0001";"NE_0001";"NE_0001";"NE_0001";"NE_0001";"NE_0001"
"2023";"08";"120111";"JUNIN";"HUANCAYO";"CHUPURO";"GOBIERNO REGIONAL";"I-1";"00000614";"SOCOS";"NE_0001";"";"NE_0001";"NE_0001";"NE_0001";"NE_0001";"NE_0001";"NE_0001";"NE_0001"
"2023";"08";"120126";"JUNIN";"HUANCAYO";"PUCARA";"GOBIERNO REGIONAL";"I-3";"00000624";"PUCARA";"NE_0001";"";"NE_0001";"NE_0001";"NE_0001";"NE_0001";"NE_0001";"NE_0001";"NE_0001"
"2023";"08";"120113";"JUNIN";"HUANCAYO";"CULLHUAS";"GOBIERNO REGIONAL";"I-1";"00000617";"RETAMA BAJA";"NE_0001";"";"NE_0001";"NE_0001";"NE_0001";"NE_0001";"NE_0001";"NE_0001";"NE_0001"
"2023";"08";"120116";"JUNIN";"HUANCAYO";"HUACRAPUQUIO";"GOBIERNO REGIONAL";"I-2";"00000619";"HUACRAPUQUIO";"NE_0001";"";"NE_0001";"NE_0001";"NE_0001";"NE_0001";"NE_0001";"NE_0001";"NE_0001"
"2023";"08";"120121";"JUNIN";"HUANCAYO";"HUAYUCACHI";"GOBIERNO REGIONAL";"I-1";"00000623";"HUMANMARCA";"NE_0001";"";"NE_0001";"NE_0001";"NE_0001";"NE_0001";"NE_0001";"NE_0001";"NE_0001"
"2023";"08";"120126";"JUNIN";"HUANCAYO";"PUCARA";"GOBIERNO REGIONAL";"I-1";"00000628";"DOS DE MAYO";"NE_0001";"";"NE_0001";"NE_0001";"NE_0001";"NE_0001";"NE_0001";"NE_0001";"NE_0001"
"2023";"08";"120133";"JUNIN";"HUANCAYO";"SAPALLANGA";"GOBIERNO REGIONAL";"I-3";"00000629";"SAPALLANGA";"NE_0001";"";"NE_0001";"NE_0001";"NE_0001";"NE_0001";"NE_0001";"NE_0001";"NE_0001"
"2023";"08";"120111";"JUNIN";"HUANCAYO";"CHUPURO";"GOBIERNO REGIONAL";"I-2";"00000612";"CHUPURO";"NE_0001";"";"NE_0001";"NE_0001";"NE_0001";"NE_0001";"NE_0001";"NE_0001";"NE_0001"
"2023";"08";"120126";"JUNIN";"HUANCAYO";"PUCARA";"GOBIERNO REGIONAL";"I-2";"00000625";"MARCAVALLE";"NE_0001";"";"NE_0001";"NE_0001";"NE_0001";"NE_0001";"NE_0001";"NE_0001";"NE_0001"
"2023";"08";"120126";"JUNIN";"HUANCAYO";"PUCARA";"GOBIERNO REGIONAL";"I-1";"00000627";"JATUN SUCLLA";"NE_0001";"";"NE_0001";"NE_0001";"NE_0001";"NE_0001";"NE_0001";"NE_0001";"NE_0001"
"2023";"08";"120119";"JUNIN";"HUANCAYO";"HUANCAN";"GOBIERNO REGIONAL";"I-3";"00000620";"HUANCAN";"NE_0001";"";"NE_0001";"NE_0001";"NE_0001";"NE_0001";"NE_0001";"NE_0001";"NE_0001"
"2023";"08";"120126";"JUNIN";"HUANCAYO";"PUCARA";"GOBIERNO REGIONAL";"I-1";"00000626";"RAQUINA";"NE_0001";"";"NE_0001";"NE_0001";"NE_0001";"NE_0001";"NE_0001";"NE_0001";"NE_0001"
"2023";"08";"120133";"JUNIN";"HUANCAYO";"SAPALLANGA";"GOBIERNO REGIONAL";"I-2";"00000630";"LA PUNTA";"NE_0001";"";"NE_0001";"NE_0001";"NE_0001";"NE_0001";"NE_0001";"NE_0001";"NE_0001"
"2023";"08";"120133";"JUNIN";"HUANCAYO";"SAPALLANGA";"GOBIERNO REGIONAL";"I-1";"00000634";"HUAYLLASPANCA";"NE_0001";"";"NE_0001";"NE_0001";"NE_0001";"NE_0001";"NE_0001";"NE_0001";"NE_0001"
"2023";"08";"120111";"JUNIN";"HUANCAYO";"CHUPURO";"GOBIERNO REGIONAL";"I-1";"00000613";"CARHUAPACCHA";"NE_0001";"";"NE_0001";"NE_0001";"NE_0001";"NE_0001";"NE_0001";"NE_0001";"NE_0001"
"2023";"08";"120113";"JUNIN";"HUANCAYO";"CULLHUAS";"GOBIERNO REGIONAL";"I-1";"00000616";"PIHUAS";"NE_0001";"";"NE_0001";"NE_0001";"NE_0001";"NE_0001";"NE_0001";"NE_0001";"NE_0001"
"2023";"08";"120121";"JUNIN";"HUANCAYO";"HUAYUCACHI";"GOBIERNO REGIONAL";"I-3";"00000622";"HUAYUCACHI";"NE_0001";"";"NE_0001";"NE_0001";"NE_0001";"NE_0001";"NE_0001";"NE_0001";"NE_0001"
"2023";"08";"120133";"JUNIN";"HUANCAYO";"SAPALLANGA";"GOBIERNO REGIONAL";"I-1";"00000631";"COCHARCAS";"NE_0001";"";"NE_0001";"NE_0001";"NE_0001";"NE_0001";"NE_0001";"NE_0001";"NE_0001"
"2023";"08";"120113";"JUNIN";"HUANCAYO";"CULLHUAS";"GOBIERNO REGIONAL";"I-1";"00012469";"CHUAMBA";"NE_0001";"";"NE_0001";"NE_0001";"NE_0001";"NE_0001";"NE_0001";"NE_0001";"NE_0001"
"2023";"08";"120107";"JUNIN";"HUANCAYO";"CHILCA";"GOBIERNO REGIONAL";"I-2";"00000609";"AZAPAMPA";"NE_0001";"";"NE_0001";"NE_0001";"NE_0001";"NE_0001";"NE_0001";"NE_0001";"NE_0001"
"2023";"08";"120107";"JUNIN";"HUANCAYO";"CHILCA";"GOBIERNO REGIONAL";"I-3";"00000610";"AUQUIMARCA";"NE_0001";"";"NE_0001";"NE_0001";"NE_0001";"NE_0001";"NE_0001";"NE_0001";"NE_0001"
"2023";"08";"120107";"JUNIN";"HUANCAYO";"CHILCA";"GOBIERNO REGIONAL";"I-2";"00000611";"LA ESPERANZA";"NE_0001";"";"NE_0001";"NE_0001";"NE_0001";"NE_0001";"NE_0001";"NE_0001";"NE_0001"
"2023";"08";"120113";"JUNIN";"HUANCAYO";"CULLHUAS";"GOBIERNO REGIONAL";"I-2";"00000615";"CULLHUAS";"NE_0001";"";"NE_0001";"NE_0001";"NE_0001";"NE_0001";"NE_0001";"NE_0001";"NE_0001"
"2023";"03";"030101";"APURIMAC";"ABANCAY";"ABANCAY";"ESSALUD";"II-2";"00011213";"HOSPITAL II ESSALUD ABANCAY";"241900";"HOSPITALIZACIÓN DE MEDICINA MEDICINA INTERNA ";"62";"61";"443";"426";"13";"426";"1"
"2023";"03";"030101";"APURIMAC";"ABANCAY";"ABANCAY";"ESSALUD";"II-2";"00011213";"HOSPITAL II ESSALUD ABANCAY";"250100";"UNIDAD DE CUIDADOS CRITICOS UNIDAD  DE CUIDADOS INTENSIVOS GENERALES (UCI) ";"5";"4";"32";"109";"5";"155";"0"
"2023";"03";"030101";"APURIMAC";"ABANCAY";"ABANCAY";"ESSALUD";"II-2";"00011213";"HOSPITAL II ESSALUD ABANCAY";"240100";"HOSPITALIZACIÓN QUIRÚRGICA CIRUGÍA GENERAL ";"97";"97";"460";"440";"15";"442";"0"
"2023";"03";"030101";"APURIMAC";"ABANCAY";"ABANCAY";"ESSALUD";"II-2";"00011213";"HOSPITAL II ESSALUD ABANCAY";"241400";"HOSPITALIZACIÓN QUIRÚRGICA GINECO - OBSTETRICIA ";"34";"34";"93";"97";"3";"97";"0"
"2023";"03";"030101";"APURIMAC";"ABANCAY";"ABANCAY";"ESSALUD";"II-2";"00011213";"HOSPITAL II ESSALUD ABANCAY";"241600";"HOSPITALIZACIÓN QUIRÚRGICA OBSTETRICIA   ";"65";"65";"167";"138";"5";"145";"0"
"2023";"03";"030101";"APURIMAC";"ABANCAY";"ABANCAY";"ESSALUD";"II-2";"00011213";"HOSPITAL II ESSALUD ABANCAY";"242300";"HOSPITALIZACIÓN DE PEDIATRÍA  PEDIATRÍA  GENERAL ";"41";"41";"176";"192";"6";"192";"0"
"2023";"03";"040201";"AREQUIPA";"CAMANA";"CAMANA";"GOBIERNO REGIONAL";"II-1";"00001344";"HOSPITAL DE CAMANA";"240100";"HOSPITALIZACIÓN QUIRÚRGICA CIRUGÍA GENERAL ";"27";"30";"194";"256";"10";"310";"0"
"2023";"03";"040201";"AREQUIPA";"CAMANA";"CAMANA";"GOBIERNO REGIONAL";"II-1";"00001344";"HOSPITAL DE CAMANA";"241200";"HOSPITALIZACIÓN QUIRÚRGICA TRAUMATOLOGÍA Y ORTOPEDIA ";"10";"14";"105";"124";"3";"285";"0"
"2023";"03";"040201";"AREQUIPA";"CAMANA";"CAMANA";"GOBIERNO REGIONAL";"II-1";"00001344";"HOSPITAL DE CAMANA";"241500";"HOSPITALIZACIÓN QUIRÚRGICA GINECOLOGÍA  ";"94";"104";"215";"277";"13";"403";"0"
"2023";"03";"040201";"AREQUIPA";"CAMANA";"CAMANA";"GOBIERNO REGIONAL";"II-1";"00001344";"HOSPITAL DE CAMANA";"241800";"HOSPITALIZACIÓN DE MEDICINA MEDICINA GENERAL ";"1";"1";"3";"65";"18";"115";"0"
"2023";"03";"040201";"AREQUIPA";"CAMANA";"CAMANA";"GOBIERNO REGIONAL";"II-1";"00001344";"HOSPITAL DE CAMANA";"241900";"HOSPITALIZACIÓN DE MEDICINA MEDICINA INTERNA ";"25";"31";"201";"263";"16";"320";"0"
"2023";"03";"040201";"AREQUIPA";"CAMANA";"CAMANA";"GOBIERNO REGIONAL";"II-1";"00001344";"HOSPITAL DE CAMANA";"242500";"HOSPITALIZACIÓN-PEDIATRÍA GENERAL-";"15";"17";"65";"127";"16";"215";"0"
"2023";"03";"040201";"AREQUIPA";"CAMANA";"CAMANA";"GOBIERNO REGIONAL";"II-1";"00001344";"HOSPITAL DE CAMANA";"243200";"HOSPITALIZACIÓN DE PEDIATRÍA PEDIATRIA NEONATOLOGÍA";"34";"39";"92";"154";"8";"248";"0"
"2023";"07";"220502";"SAN MARTIN";"LAMAS";"ALONSO DE ALVARADO";"GOBIERNO REGIONAL";"I-1";"00010516";"PORVENIR DEL NORTE";"NE_0001";"";"NE_0001";"NE_0001";"NE_0001";"NE_0001";"NE_0001";"NE_0001";"NE_0001"
"2023";"07";"220502";"SAN MARTIN";"LAMAS";"ALONSO DE ALVARADO";"GOBIERNO REGIONAL";"I-1";"00007297";"ALAN GARCIA";"NE_0001";"";"NE_0001";"NE_0001";"NE_0001";"NE_0001";"NE_0001";"NE_0001";"NE_0001"
"2023";"07";"220901";"SAN MARTIN";"SAN MARTIN";"TARAPOTO";"PRIVADO";"II-E";"00008269";"CLINICA SAN MARTIN";"240100";"HOSPITALIZACIÓN QUIRÚRGICA CIRUGÍA GENERAL ";"11";"11";"16";"16";"13";"32";"0"
"2023";"07";"220901";"SAN MARTIN";"SAN MARTIN";"TARAPOTO";"PRIVADO";"II-E";"00008269";"CLINICA SAN MARTIN";"241200";"HOSPITALIZACIÓN QUIRÚRGICA TRAUMATOLOGÍA Y ORTOPEDIA ";"4";"4";"5";"8";"13";"16";"0"
"2023";"07";"220901";"SAN MARTIN";"SAN MARTIN";"TARAPOTO";"PRIVADO";"II-E";"00008269";"CLINICA SAN MARTIN";"241500";"HOSPITALIZACIÓN QUIRÚRGICA GINECOLOGÍA  ";"11";"11";"16";"18";"13";"36";"0"
"2023";"07";"220901";"SAN MARTIN";"SAN MARTIN";"TARAPOTO";"PRIVADO";"II-E";"00008269";"CLINICA SAN MARTIN";"241800";"HOSPITALIZACIÓN DE MEDICINA MEDICINA GENERAL ";"14";"14";"36";"20";"13";"40";"0"
"2023";"07";"220901";"SAN MARTIN";"SAN MARTIN";"TARAPOTO";"PRIVADO";"II-E";"00008269";"CLINICA SAN MARTIN";"241900";"HOSPITALIZACIÓN DE MEDICINA MEDICINA INTERNA ";"2";"2";"4";"2";"13";"36";"0"
"2023";"07";"220901";"SAN MARTIN";"SAN MARTIN";"TARAPOTO";"PRIVADO";"II-E";"00008269";"CLINICA SAN MARTIN";"242300";"HOSPITALIZACIÓN DE PEDIATRÍA  PEDIATRÍA  GENERAL ";"17";"17";"43";"22";"13";"44";"0"
"2023";"07";"220901";"SAN MARTIN";"SAN MARTIN";"TARAPOTO";"PRIVADO";"II-E";"00008269";"CLINICA SAN MARTIN";"242900";"HOSPITALIZACIÓN DE PEDIATRÍA PEDIATRIA GASTROENTEROLOGÍA PEDIÁTRICA";"1";"1";"1";"2";"13";"31";"0"
"2023";"08";"150128";"LIMA";"LIMA";"RIMAC";"SANIDAD DE LA POLICIA NACIONAL DEL PERU";"II-1";"00016094";"HOSPITAL PNP ""AUGUSTO B. LEGUIA""";"240100";"HOSPITALIZACIÓN QUIRÚRGICA CIRUGÍA GENERAL ";"37";"39";"146";"156";"22";"682";"0"
"2023";"08";"150128";"LIMA";"LIMA";"RIMAC";"SANIDAD DE LA POLICIA NACIONAL DEL PERU";"II-1";"00016094";"HOSPITAL PNP ""AUGUSTO B. LEGUIA""";"241800";"HOSPITALIZACIÓN DE MEDICINA MEDICINA GENERAL ";"22";"26";"349";"184";"39";"1209";"0"
"2023";"08";"150103";"LIMA";"LIMA";"ATE";"MINSA";"II-1";"00005883";"HOSPITAL DE HUAYCAN";"242500";"HOSPITALIZACIÓN-PEDIATRÍA GENERAL-";"30";"32";"101";"98";"11";"341";"0"
"2023";"08";"150103";"LIMA";"LIMA";"ATE";"MINSA";"II-1";"00005883";"HOSPITAL DE HUAYCAN";"241600";"HOSPITALIZACIÓN QUIRÚRGICA OBSTETRICIA   ";"133";"126";"277";"281";"16";"496";"0"
"2023";"08";"150103";"LIMA";"LIMA";"ATE";"MINSA";"II-1";"00005883";"HOSPITAL DE HUAYCAN";"241500";"HOSPITALIZACIÓN QUIRÚRGICA GINECOLOGÍA  ";"6";"5";"13";"16";"1";"31";"0"
"2023";"08";"220909";"SAN MARTIN";"SAN MARTIN";"LA BANDA DE SHILCAYO";"PRIVADO";"II-E";"00015835";"CLINICA OFTALMOLOGICA DE LA SELVA";"NE_0001";"";"NE_0001";"NE_0001";"NE_0001";"NE_0001";"NE_0001";"NE_0001";"NE_0001"
"2023";"08";"160108";"LORETO";"MAYNAS";"PUNCHANA";"ESSALUD";"I-3";"00011397";"CENTRO DE ATENCION PRIMARIA III PUNCHANA";"NE_0001";"";"NE_0001";"NE_0001";"NE_0001";"NE_0001";"NE_0001";"NE_0001";"NE_0001"
"2023";"08";"200101";"PIURA";"PIURA";"PIURA";"PRIVADO";"II-E";"00012918";"OFTALMOLOGOS ASOCIADOS VER SAC";"NE_0001";"";"NE_0001";"NE_0001";"NE_0001";"NE_0001";"NE_0001";"NE_0001";"NE_0001"
"2023";"07";"150101";"LIMA";"LIMA";"LIMA";"PRIVADO";"II-E";"00011167";"OFTALMOMEDIC";"NE_0001";"";"NE_0001";"NE_0001";"NE_0001";"NE_0001";"NE_0001";"NE_0001";"NE_0001"
"2023";"08";"090203";"HUANCAVELICA";"ACOBAMBA";"ANTA";"GOBIERNO REGIONAL";"I-1";"00003941";"PUESTO DE SALUD MANYACC";"NE_0001";"";"NE_0001";"NE_0001";"NE_0001";"NE_0001";"NE_0001";"NE_0001";"NE_0001"
"2023";"08";"090203";"HUANCAVELICA";"ACOBAMBA";"ANTA";"GOBIERNO REGIONAL";"I-1";"00011230";"PUESTO DE SALUD RAYANNIYOCC";"NE_0001";"";"NE_0001";"NE_0001";"NE_0001";"NE_0001";"NE_0001";"NE_0001";"NE_0001"
"2023";"08";"090203";"HUANCAVELICA";"ACOBAMBA";"ANTA";"GOBIERNO REGIONAL";"I-3";"00003939";"CENTRO DE SALUD ANTA";"NE_0001";"";"NE_0001";"NE_0001";"NE_0001";"NE_0001";"NE_0001";"NE_0001";"NE_0001"
"2023";"08";"090203";"HUANCAVELICA";"ACOBAMBA";"ANTA";"GOBIERNO REGIONAL";"I-1";"00009697";"PUESTO DE SALUD DE CASACANCHA";"NE_0001";"";"NE_0001";"NE_0001";"NE_0001";"NE_0001";"NE_0001";"NE_0001";"NE_0001"
"2023";"08";"090203";"HUANCAVELICA";"ACOBAMBA";"ANTA";"GOBIERNO REGIONAL";"I-1";"00009469";"PUESTO DE SALUD VISTA ALEGRE DE ANTA";"NE_0001";"";"NE_0001";"NE_0001";"NE_0001";"NE_0001";"NE_0001";"NE_0001";"NE_0001"
"2023";"08";"110101";"ICA";"ICA";"ICA";"GOBIERNO REGIONAL";"I-2";"00003375";"SENOR DE LUREN";"NE_0001";"";"NE_0001";"NE_0001";"NE_0001";"NE_0001";"NE_0001";"NE_0001";"NE_0001"
"2023";"08";"110101";"ICA";"ICA";"ICA";"GOBIERNO REGIONAL";"I-3";"00003360";"SAN JOAQUIN";"NE_0001";"";"NE_0001";"NE_0001";"NE_0001";"NE_0001";"NE_0001";"NE_0001";"NE_0001"
"2023";"08";"110101";"ICA";"ICA";"ICA";"GOBIERNO REGIONAL";"I-2";"00003376";"CACHICHE";"NE_0001";"";"NE_0001";"NE_0001";"NE_0001";"NE_0001";"NE_0001";"NE_0001";"NE_0001"
"2023";"08";"110101";"ICA";"ICA";"ICA";"GOBIERNO REGIONAL";"I-3";"00003361";"LA PALMA GRANDE";"NE_0002";"";"NE_0002";"NE_0002";"NE_0002";"NE_0002";"NE_0002";"NE_0002";"NE_0002"
"2023";"08";"110101";"ICA";"ICA";"ICA";"MINSA";"I-2";"00003377";"EL HUARANGO";"NE_0001";"";"NE_0001";"NE_0001";"NE_0001";"NE_0001";"NE_0001";"NE_0001";"NE_0001"
"2023";"08";"220401";"SAN MARTIN";"HUALLAGA";"SAPOSOA";"GOBIERNO REGIONAL";"I-1";"00006534";"SAN ANDRES";"NE_0001";"";"NE_0001";"NE_0001";"NE_0001";"NE_0001";"NE_0001";"NE_0001";"NE_0001"
"2023";"08";"220401";"SAN MARTIN";"HUALLAGA";"SAPOSOA";"GOBIERNO REGIONAL";"I-1";"00006535";"SAN REGIS";"NE_0001";"";"NE_0001";"NE_0001";"NE_0001";"NE_0001";"NE_0001";"NE_0001";"NE_0001"
"2023";"08";"220402";"SAN MARTIN";"HUALLAGA";"ALTO SAPOSOA";"GOBIERNO REGIONAL";"I-1";"00006540";"NUEVA VIDA";"NE_0001";"";"NE_0001";"NE_0001";"NE_0001";"NE_0001";"NE_0001";"NE_0001";"NE_0001"
"2023";"08";"220401";"SAN MARTIN";"HUALLAGA";"SAPOSOA";"GOBIERNO REGIONAL";"I-1";"00006531";"ALMENDRAS";"NE_0001";"";"NE_0001";"NE_0001";"NE_0001";"NE_0001";"NE_0001";"NE_0001";"NE_0001"
"2023";"08";"220404";"SAN MARTIN";"HUALLAGA";"PISCOYACU";"GOBIERNO REGIONAL";"I-1";"00006533";"PISCOYACU";"NE_0001";"";"NE_0001";"NE_0001";"NE_0001";"NE_0001";"NE_0001";"NE_0001";"NE_0001"
"2023";"08";"220401";"SAN MARTIN";"HUALLAGA";"SAPOSOA";"GOBIERNO REGIONAL";"I-1";"00021587";"ALTO PACHIZA";"NE_0001";"";"NE_0001";"NE_0001";"NE_0001";"NE_0001";"NE_0001";"NE_0001";"NE_0001"
"2023";"08";"220401";"SAN MARTIN";"HUALLAGA";"SAPOSOA";"GOBIERNO REGIONAL";"I-1";"00006532";"PALTAICO";"NE_0001";"";"NE_0001";"NE_0001";"NE_0001";"NE_0001";"NE_0001";"NE_0001";"NE_0001"
"2023";"08";"220401";"SAN MARTIN";"HUALLAGA";"SAPOSOA";"GOBIERNO REGIONAL";"I-1";"00006530";"7 DE JUNIO-AHUIHUA";"NE_0001";"";"NE_0001";"NE_0001";"NE_0001";"NE_0001";"NE_0001";"NE_0001";"NE_0001"
"2023";"08";"220402";"SAN MARTIN";"HUALLAGA";"ALTO SAPOSOA";"GOBIERNO REGIONAL";"I-1";"00006541";"YACUSISA";"NE_0001";"";"NE_0001";"NE_0001";"NE_0001";"NE_0001";"NE_0001";"NE_0001";"NE_0001"
"2023";"08";"220401";"SAN MARTIN";"HUALLAGA";"SAPOSOA";"GOBIERNO REGIONAL";"I-3";"00006538";"EL DORADO";"241600";"HOSPITALIZACIÓN QUIRÚRGICA OBSTETRICIA   ";"3";"5";"6";"60";"4";"30";"0"
"2023";"08";"220401";"SAN MARTIN";"HUALLAGA";"SAPOSOA";"GOBIERNO REGIONAL";"I-1";"00006536";"INTIYACU";"NE_0001";"";"NE_0001";"NE_0001";"NE_0001";"NE_0001";"NE_0001";"NE_0001";"NE_0001"
"2023";"08";"220401";"SAN MARTIN";"HUALLAGA";"SAPOSOA";"GOBIERNO REGIONAL";"I-1";"00006537";"CHAMBIRA";"NE_0001";"";"NE_0001";"NE_0001";"NE_0001";"NE_0001";"NE_0001";"NE_0001";"NE_0001"
"2023";"08";"220402";"SAN MARTIN";"HUALLAGA";"ALTO SAPOSOA";"GOBIERNO REGIONAL";"I-2";"00006539";"PASARRAYA";"NE_0001";"";"NE_0001";"NE_0001";"NE_0001";"NE_0001";"NE_0001";"NE_0001";"NE_0001"
"2023";"08";"220401";"SAN MARTIN";"HUALLAGA";"SAPOSOA";"GOBIERNO REGIONAL";"I-1";"00026163";"AGUA AZUL";"NE_0001";"";"NE_0001";"NE_0001";"NE_0001";"NE_0001";"NE_0001";"NE_0001";"NE_0001"
"2023";"08";"240102";"TUMBES";"TUMBES";"CORRALES";"GOBIERNO REGIONAL";"I-2";"00001868";"MALVAL";"NE_0001";"";"NE_0001";"NE_0001";"NE_0001";"NE_0001";"NE_0001";"NE_0001";"NE_0001"
"2023";"08";"240102";"TUMBES";"TUMBES";"CORRALES";"GOBIERNO REGIONAL";"I-2";"00001867";"SAN ISIDRO";"NE_0001";"";"NE_0001";"NE_0001";"NE_0001";"NE_0001";"NE_0001";"NE_0001";"NE_0001"
"2023";"08";"240105";"TUMBES";"TUMBES";"SAN JACINTO";"GOBIERNO REGIONAL";"I-2";"00001873";"CASA BLANQUEADA";"NE_0001";"";"NE_0001";"NE_0001";"NE_0001";"NE_0001";"NE_0001";"NE_0001";"NE_0001"
"2023";"08";"240105";"TUMBES";"TUMBES";"SAN JACINTO";"GOBIERNO REGIONAL";"I-1";"00001871";"RICA PLAYA";"NE_0001";"";"NE_0001";"NE_0001";"NE_0001";"NE_0001";"NE_0001";"NE_0001";"NE_0001"
"2023";"08";"240105";"TUMBES";"TUMBES";"SAN JACINTO";"GOBIERNO REGIONAL";"I-2";"00001872";"VAQUERIA";"NE_0001";"";"NE_0001";"NE_0001";"NE_0001";"NE_0001";"NE_0001";"NE_0001";"NE_0001"
"2023";"08";"240102";"TUMBES";"TUMBES";"CORRALES";"GOBIERNO REGIONAL";"I-4";"00001866";"CLAS CORRALES";"241800";"HOSPITALIZACIÓN DE MEDICINA MEDICINA GENERAL ";"4";"4";"6";"4";"1";"31";"0"
"2023";"08";"240102";"TUMBES";"TUMBES";"CORRALES";"GOBIERNO REGIONAL";"I-4";"00001866";"CLAS CORRALES";"241600";"HOSPITALIZACIÓN QUIRÚRGICA OBSTETRICIA   ";"2";"2";"2";"2";"1";"31";"0"
"2023";"08";"240105";"TUMBES";"TUMBES";"SAN JACINTO";"GOBIERNO REGIONAL";"I-1";"00001874";"OIDOR.";"NE_0001";"";"NE_0001";"NE_0001";"NE_0001";"NE_0001";"NE_0001";"NE_0001";"NE_0001"
"2023";"08";"240103";"TUMBES";"TUMBES";"LA CRUZ";"GOBIERNO REGIONAL";"I-3";"00001869";"CLAS LA CRUZ";"NE_0001";"";"NE_0001";"NE_0001";"NE_0001";"NE_0001";"NE_0001";"NE_0001";"NE_0001"
"2023";"08";"240105";"TUMBES";"TUMBES";"SAN JACINTO";"GOBIERNO REGIONAL";"I-3";"00001870";"SAN JACINTO";"NE_0001";"";"NE_0001";"NE_0001";"NE_0001";"NE_0001";"NE_0001";"NE_0001";"NE_0001"
"2023";"07";"250304";"UCAYALI";"PADRE ABAD";"NESHUYA";"GOBIERNO REGIONAL";"I-1";"00030508";"PUESTO DE SALUD NOLBERTH DE ALTO ARUYA";"NE_0001";"";"NE_0001";"NE_0001";"NE_0001";"NE_0001";"NE_0001";"NE_0001";"NE_0001"
"2023";"07";"250304";"UCAYALI";"PADRE ABAD";"NESHUYA";"GOBIERNO REGIONAL";"I-1";"00030507";"PUESTO DE SALUD MAR DE PLATA";"NE_0001";"";"NE_0001";"NE_0001";"NE_0001";"NE_0001";"NE_0001";"NE_0001";"NE_0001"
"2023";"07";"250304";"UCAYALI";"PADRE ABAD";"NESHUYA";"GOBIERNO REGIONAL";"I-1";"00021850";"VIRGEN DEL CARMEN";"NE_0001";"";"NE_0001";"NE_0001";"NE_0001";"NE_0001";"NE_0001";"NE_0001";"NE_0001"
"2023";"07";"250304";"UCAYALI";"PADRE ABAD";"NESHUYA";"GOBIERNO REGIONAL";"I-1";"00007461";"SANTA ROSA DE GUINEA";"NE_0001";"";"NE_0001";"NE_0001";"NE_0001";"NE_0001";"NE_0001";"NE_0001";"NE_0001"
"2023";"07";"250304";"UCAYALI";"PADRE ABAD";"NESHUYA";"GOBIERNO REGIONAL";"I-1";"00007116";"VILLA DEL CAMPO";"NE_0001";"";"NE_0001";"NE_0001";"NE_0001";"NE_0001";"NE_0001";"NE_0001";"NE_0001"
"2023";"07";"250305";"UCAYALI";"PADRE ABAD";"ALEXANDER VON HUMBOLDT";"GOBIERNO REGIONAL";"I-1";"00005421";"EL MILAGRO KM   83";"NE_0001";"";"NE_0001";"NE_0001";"NE_0001";"NE_0001";"NE_0001";"NE_0001";"NE_0001"
"2023";"07";"250304";"UCAYALI";"PADRE ABAD";"NESHUYA";"GOBIERNO REGIONAL";"I-1";"00005420";"NUEVO SAN JUAN KM. 69";"NE_0001";"";"NE_0001";"NE_0001";"NE_0001";"NE_0001";"NE_0001";"NE_0001";"NE_0001"
"2023";"07";"250304";"UCAYALI";"PADRE ABAD";"NESHUYA";"GOBIERNO REGIONAL";"I-1";"00005419";"LA UNION";"NE_0001";"";"NE_0001";"NE_0001";"NE_0001";"NE_0001";"NE_0001";"NE_0001";"NE_0001"
"2023";"07";"250304";"UCAYALI";"PADRE ABAD";"NESHUYA";"GOBIERNO REGIONAL";"I-2";"00005418";"MONTE DE LOS OLIVOS";"NE_0001";"";"NE_0001";"NE_0001";"NE_0001";"NE_0001";"NE_0001";"NE_0001";"NE_0001"
"2023";"07";"250304";"UCAYALI";"PADRE ABAD";"NESHUYA";"GOBIERNO REGIONAL";"I-1";"00005417";"SAN JUAN KM. 71";"NE_0001";"";"NE_0001";"NE_0001";"NE_0001";"NE_0001";"NE_0001";"NE_0001";"NE_0001"
"2023";"07";"250305";"UCAYALI";"PADRE ABAD";"ALEXANDER VON HUMBOLDT";"GOBIERNO REGIONAL";"I-2";"00005416";"VON HUMBOLTD";"NE_0001";"";"NE_0001";"NE_0001";"NE_0001";"NE_0001";"NE_0001";"NE_0001";"NE_0001"
"2023";"07";"250304";"UCAYALI";"PADRE ABAD";"NESHUYA";"GOBIERNO REGIONAL";"I-3";"00005415";"MONTE ALEGRE-NESHUYA";"NE_0001";"";"NE_0001";"NE_0001";"NE_0001";"NE_0001";"NE_0001";"NE_0001";"NE_0001"
"2023";"04";"130101";"LA LIBERTAD";"TRUJILLO";"TRUJILLO";"ESSALUD";"III-1";"00009042";"VICTOR LAZARTE ECHEGARAY";"250200";"UNIDAD DE CUIDADOS CRITICOS UNIDAD DE CUIDADOS INTERMEDIOS GENERAL  (UCIN) ";"19";"16";"256";"872";"33";"1023";"7"
"2023";"04";"130101";"LA LIBERTAD";"TRUJILLO";"TRUJILLO";"ESSALUD";"III-1";"00009042";"VICTOR LAZARTE ECHEGARAY";"241900";"HOSPITALIZACIÓN DE MEDICINA MEDICINA INTERNA ";"145";"143";"1532";"1840";"64";"1984";"20"
"2023";"04";"130101";"LA LIBERTAD";"TRUJILLO";"TRUJILLO";"ESSALUD";"III-1";"00009042";"VICTOR LAZARTE ECHEGARAY";"241300";"HOSPITALIZACIÓN QUIRÚRGICA UROLOGÍA  ";"36";"36";"202";"75";"12";"372";"0"
"2023";"04";"130101";"LA LIBERTAD";"TRUJILLO";"TRUJILLO";"ESSALUD";"III-1";"00009042";"VICTOR LAZARTE ECHEGARAY";"240100";"HOSPITALIZACIÓN QUIRÚRGICA CIRUGÍA GENERAL ";"749";"748";"991";"969";"43";"1333";"1"
"2023";"04";"130101";"LA LIBERTAD";"TRUJILLO";"TRUJILLO";"ESSALUD";"III-1";"00009042";"VICTOR LAZARTE ECHEGARAY";"241200";"HOSPITALIZACIÓN QUIRÚRGICA TRAUMATOLOGÍA Y ORTOPEDIA ";"70";"70";"519";"272";"20";"620";"0"
"2023";"04";"130101";"LA LIBERTAD";"TRUJILLO";"TRUJILLO";"ESSALUD";"III-1";"00009042";"VICTOR LAZARTE ECHEGARAY";"241500";"HOSPITALIZACIÓN QUIRÚRGICA GINECOLOGÍA  ";"26";"26";"93";"11";"5";"155";"0"
"2023";"04";"130101";"LA LIBERTAD";"TRUJILLO";"TRUJILLO";"ESSALUD";"III-1";"00009042";"VICTOR LAZARTE ECHEGARAY";"241600";"HOSPITALIZACIÓN QUIRÚRGICA OBSTETRICIA   ";"303";"303";"928";"859";"35";"1085";"0"
"2023";"04";"130101";"LA LIBERTAD";"TRUJILLO";"TRUJILLO";"ESSALUD";"III-1";"00009042";"VICTOR LAZARTE ECHEGARAY";"242300";"HOSPITALIZACIÓN DE PEDIATRÍA  PEDIATRÍA  GENERAL ";"263";"262";"1230";"282";"18";"558";"2"
"2023";"05";"110108";"ICA";"ICA";"SALAS";"GOBIERNO REGIONAL";"I-3";"00003363";"GUADALUPE";"NE_0001";"";"NE_0001";"NE_0001";"NE_0001";"NE_0001";"NE_0001";"NE_0001";"NE_0001"
"2023";"05";"110112";"ICA";"ICA";"SUBTANJALLA";"GOBIERNO REGIONAL";"I-3";"00003362";"SUBTANJALLA";"NE_0001";"";"NE_0001";"NE_0001";"NE_0001";"NE_0001";"NE_0001";"NE_0001";"NE_0001"
"2023";"05";"110108";"ICA";"ICA";"SALAS";"GOBIERNO REGIONAL";"I-2";"00003384";"PAMPA DE VILLACURI";"NE_0001";"";"NE_0001";"NE_0001";"NE_0001";"NE_0001";"NE_0001";"NE_0001";"NE_0001"
"2023";"05";"110112";"ICA";"ICA";"SUBTANJALLA";"GOBIERNO REGIONAL";"I-3";"00003378";"LA ANGOSTURA";"NE_0001";"";"NE_0001";"NE_0001";"NE_0001";"NE_0001";"NE_0001";"NE_0001";"NE_0001"
"2023";"05";"110112";"ICA";"ICA";"SUBTANJALLA";"GOBIERNO REGIONAL";"I-2";"00003380";"YANQUIZA";"NE_0001";"";"NE_0001";"NE_0001";"NE_0001";"NE_0001";"NE_0001";"NE_0001";"NE_0001"
"2023";"05";"110108";"ICA";"ICA";"SALAS";"GOBIERNO REGIONAL";"I-2";"00003382";"COLLAZOS";"NE_0001";"";"NE_0001";"NE_0001";"NE_0001";"NE_0001";"NE_0001";"NE_0001";"NE_0001"
"2023";"05";"110112";"ICA";"ICA";"SUBTANJALLA";"GOBIERNO REGIONAL";"I-2";"00003379";"ARRABALES";"NE_0001";"";"NE_0001";"NE_0001";"NE_0001";"NE_0001";"NE_0001";"NE_0001";"NE_0001"
"2023";"05";"110108";"ICA";"ICA";"SALAS";"GOBIERNO REGIONAL";"I-2";"00003383";"CERRO PRIETO";"NE_0001";"";"NE_0001";"NE_0001";"NE_0001";"NE_0001";"NE_0001";"NE_0001";"NE_0001"
"2023";"07";"090208";"HUANCAVELICA";"ACOBAMBA";"ROSARIO";"GOBIERNO REGIONAL";"I-1";"00009693";"PUESTO DE SALUD DE PUNCHAYPAMPA";"NE_0001";"";"NE_0001";"NE_0001";"NE_0001";"NE_0001";"NE_0001";"NE_0001";"NE_0001"
"2023";"07";"090208";"HUANCAVELICA";"ACOBAMBA";"ROSARIO";"GOBIERNO REGIONAL";"I-1";"00009706";"PUESTO DE SALUD TORORUMI";"NE_0001";"";"NE_0001";"NE_0001";"NE_0001";"NE_0001";"NE_0001";"NE_0001";"NE_0001"
"2023";"07";"090208";"HUANCAVELICA";"ACOBAMBA";"ROSARIO";"GOBIERNO REGIONAL";"I-1";"00011231";"PUESTO DE SALUD  SANTA ROSA DE ACCOMACHAY";"NE_0001";"";"NE_0001";"NE_0001";"NE_0001";"NE_0001";"NE_0001";"NE_0001";"NE_0001"
"2023";"07";"090208";"HUANCAVELICA";"ACOBAMBA";"ROSARIO";"GOBIERNO REGIONAL";"I-1";"00009503";"PUESTO DE SALUD DE VILLA MANTARO";"NE_0001";"";"NE_0001";"NE_0001";"NE_0001";"NE_0001";"NE_0001";"NE_0001";"NE_0001"
"2023";"07";"090208";"HUANCAVELICA";"ACOBAMBA";"ROSARIO";"GOBIERNO REGIONAL";"I-1";"00007372";"PUESTO DE SALUD LLIPLLINA";"NE_0001";"";"NE_0001";"NE_0001";"NE_0001";"NE_0001";"NE_0001";"NE_0001";"NE_0001"
"2023";"07";"090208";"HUANCAVELICA";"ACOBAMBA";"ROSARIO";"GOBIERNO REGIONAL";"I-2";"00003937";"PUESTO DE SALUD ROSARIO";"NE_0001";"";"NE_0001";"NE_0001";"NE_0001";"NE_0001";"NE_0001";"NE_0001";"NE_0001"
"2023";"07";"090208";"HUANCAVELICA";"ACOBAMBA";"ROSARIO";"GOBIERNO REGIONAL";"I-1";"00009710";"PUESTO  DE SALUD ICHUPAMPA";"NE_0001";"";"NE_0001";"NE_0001";"NE_0001";"NE_0001";"NE_0001";"NE_0001";"NE_0001"
"2023";"07";"120114";"JUNIN";"HUANCAYO";"EL TAMBO";"PRIVADO";"II-E";"00025383";"CLINICA MEDICO QUIRURGICO HUANCAYO E.I.R.L.";"241200";"HOSPITALIZACIÓN QUIRÚRGICA TRAUMATOLOGÍA Y ORTOPEDIA ";"5";"5";"30";"10";"14";"150";"0"
"2023";"07";"120114";"JUNIN";"HUANCAYO";"EL TAMBO";"PRIVADO";"II-E";"00025383";"CLINICA MEDICO QUIRURGICO HUANCAYO E.I.R.L.";"240900";"HOSPITALIZACIÓN QUIRÚRGICA NEUROCIRUGÍA ";"3";"3";"5";"5";"13";"75";"0"
"2023";"07";"120114";"JUNIN";"HUANCAYO";"EL TAMBO";"PRIVADO";"II-E";"00025383";"CLINICA MEDICO QUIRURGICO HUANCAYO E.I.R.L.";"241100";"HOSPITALIZACIÓN QUIRÚRGICA OTORRINOLARINGOLOGÍA  ";"4";"4";"8";"2";"13";"30";"0"
"2023";"05";"040205";"AREQUIPA";"CAMANA";"NICOLAS DE PIEROLA";"GOBIERNO REGIONAL";"I-2";"00001361";"SONAY";"NE_0001";"";"NE_0001";"NE_0001";"NE_0001";"NE_0001";"NE_0001";"NE_0001";"NE_0001"
"2023";"07";"090208";"HUANCAVELICA";"ACOBAMBA";"ROSARIO";"GOBIERNO REGIONAL";"I-3";"00003938";"CENTRO DE SALUD PUCA CRUZ";"NE_0001";"";"NE_0001";"NE_0001";"NE_0001";"NE_0001";"NE_0001";"NE_0001";"NE_0001"
"2023";"07";"090208";"HUANCAVELICA";"ACOBAMBA";"ROSARIO";"GOBIERNO REGIONAL";"I-2";"00003942";"PUESTO DE SALUD CHANQUIL";"NE_0001";"";"NE_0001";"NE_0001";"NE_0001";"NE_0001";"NE_0001";"NE_0001";"NE_0001"
"2023";"07";"090208";"HUANCAVELICA";"ACOBAMBA";"ROSARIO";"GOBIERNO REGIONAL";"I-1";"00007418";"PUESTO DE SALUD DE LECCLESPAMPA";"NE_0001";"";"NE_0001";"NE_0001";"NE_0001";"NE_0001";"NE_0001";"NE_0001";"NE_0001"
"2023";"08";"150140";"LIMA";"LIMA";"SANTIAGO DE SURCO";"PRIVADO";"II-E";"00023741";"CLINICA OFTALMO VISSUM";"NE_0001";"";"NE_0001";"NE_0001";"NE_0001";"NE_0001";"NE_0001";"NE_0001";"NE_0001"
"2023";"08";"150101";"LIMA";"LIMA";"LIMA";"PRIVADO";"II-E";"00009483";"OCULASER SAC";"NE_0001";"";"NE_0001";"NE_0001";"NE_0001";"NE_0001";"NE_0001";"NE_0001";"NE_0001"
"2023";"07";"160201";"LORETO";"ALTO AMAZONAS";"YURIMAGUAS";"GOBIERNO REGIONAL";"II-2";"00000210";"HOSPITAL II-2 SANTA GEMA DE YURIMAGUAS";"240100";"HOSPITALIZACIÓN QUIRÚRGICA CIRUGÍA GENERAL ";"60";"67";"404";"407";"14";"217";"0"
"2023";"07";"160201";"LORETO";"ALTO AMAZONAS";"YURIMAGUAS";"GOBIERNO REGIONAL";"II-2";"00000210";"HOSPITAL II-2 SANTA GEMA DE YURIMAGUAS";"241200";"HOSPITALIZACIÓN QUIRÚRGICA TRAUMATOLOGÍA Y ORTOPEDIA ";"16";"21";"147";"160";"7";"217";"1"
"2023";"07";"160201";"LORETO";"ALTO AMAZONAS";"YURIMAGUAS";"GOBIERNO REGIONAL";"II-2";"00000210";"HOSPITAL II-2 SANTA GEMA DE YURIMAGUAS";"241300";"HOSPITALIZACIÓN QUIRÚRGICA UROLOGÍA  ";"1";"3";"18";"18";"1";"31";"0"
"2023";"07";"160201";"LORETO";"ALTO AMAZONAS";"YURIMAGUAS";"GOBIERNO REGIONAL";"II-2";"00000210";"HOSPITAL II-2 SANTA GEMA DE YURIMAGUAS";"241500";"HOSPITALIZACIÓN QUIRÚRGICA GINECOLOGÍA  ";"59";"60";"150";"150";"8";"248";"0"
"2023";"07";"160201";"LORETO";"ALTO AMAZONAS";"YURIMAGUAS";"GOBIERNO REGIONAL";"II-2";"00000210";"HOSPITAL II-2 SANTA GEMA DE YURIMAGUAS";"241600";"HOSPITALIZACIÓN QUIRÚRGICA OBSTETRICIA   ";"173";"185";"423";"423";"15";"775";"0"
"2023";"07";"160201";"LORETO";"ALTO AMAZONAS";"YURIMAGUAS";"GOBIERNO REGIONAL";"II-2";"00000210";"HOSPITAL II-2 SANTA GEMA DE YURIMAGUAS";"241900";"HOSPITALIZACIÓN DE MEDICINA MEDICINA INTERNA ";"59";"71";"383";"42";"12";"589";"4"
"2023";"07";"160201";"LORETO";"ALTO AMAZONAS";"YURIMAGUAS";"GOBIERNO REGIONAL";"II-2";"00000210";"HOSPITAL II-2 SANTA GEMA DE YURIMAGUAS";"242500";"HOSPITALIZACIÓN-PEDIATRÍA GENERAL-";"44";"50";"193";"183";"8";"248";"0"
"2023";"07";"160201";"LORETO";"ALTO AMAZONAS";"YURIMAGUAS";"GOBIERNO REGIONAL";"II-2";"00000210";"HOSPITAL II-2 SANTA GEMA DE YURIMAGUAS";"243200";"HOSPITALIZACIÓN DE PEDIATRÍA PEDIATRIA NEONATOLOGÍA";"7";"7";"21";"95";"6";"248";"0"
"2023";"07";"160201";"LORETO";"ALTO AMAZONAS";"YURIMAGUAS";"GOBIERNO REGIONAL";"II-2";"00000210";"HOSPITAL II-2 SANTA GEMA DE YURIMAGUAS";"250103";"UNIDAD DE CUIDADOS CRITICOS UNIDAD  DE CUIDADOS INTENSIVOS GENERALES  (UCI) MEDICINA";"2";"5";"67";"215";"2";"217";"0"
"2023";"07";"160201";"LORETO";"ALTO AMAZONAS";"YURIMAGUAS";"GOBIERNO REGIONAL";"II-2";"00000210";"HOSPITAL II-2 SANTA GEMA DE YURIMAGUAS";"250105";"UNIDAD DE CUIDADOS CRITICOS UNIDAD  DE CUIDADOS INTENSIVOS  (UCI) NEONATOLOGÍA";"7";"10";"65";"1";"1";"31";"4"
"2023";"08";"110101";"ICA";"ICA";"ICA";"ESSALUD";"II-1";"00013912";"FELIX TORREALVA GUTIERREZ";"241900";"HOSPITALIZACIÓN DE MEDICINA MEDICINA INTERNA ";"279";"278";"1402";"1351";"48";"1488";"15"
"2023";"08";"110101";"ICA";"ICA";"ICA";"ESSALUD";"II-1";"00013912";"FELIX TORREALVA GUTIERREZ";"241900";"HOSPITALIZACIÓN DE MEDICINA MEDICINA INTERNA ";"9";"14";"383";"111";"6";"186";"2"
"2023";"08";"110101";"ICA";"ICA";"ICA";"ESSALUD";"II-1";"00013912";"FELIX TORREALVA GUTIERREZ";"240100";"HOSPITALIZACIÓN QUIRÚRGICA CIRUGÍA GENERAL ";"114";"108";"309";"322";"12";"372";"0"
"2023";"08";"110101";"ICA";"ICA";"ICA";"ESSALUD";"II-1";"00013912";"FELIX TORREALVA GUTIERREZ";"241500";"HOSPITALIZACIÓN QUIRÚRGICA GINECOLOGÍA  ";"24";"29";"72";"72";"4";"124";"0"
"2023";"08";"110101";"ICA";"ICA";"ICA";"ESSALUD";"II-1";"00013912";"FELIX TORREALVA GUTIERREZ";"241500";"HOSPITALIZACIÓN QUIRÚRGICA GINECOLOGÍA  ";"149";"148";"318";"331";"12";"372";"0"
"2023";"08";"150116";"LIMA";"LIMA";"LINCE";"PRIVADO";"II-E";"00015684";"CLINICA GONZALEZ S.A.";"240000";"HOSPITALIZACIÓN";"3";"3";"4";"3";"3";"90";"0"
"2023";"08";"150116";"LIMA";"LIMA";"LINCE";"PRIVADO";"II-E";"00015684";"CLINICA GONZALEZ S.A.";"240100";"HOSPITALIZACIÓN QUIRÚRGICA CIRUGÍA GENERAL ";"14";"14";"19";"14";"6";"180";"0"
"2023";"08";"150116";"LIMA";"LIMA";"LINCE";"PRIVADO";"II-E";"00015684";"CLINICA GONZALEZ S.A.";"240200";"HOSPITALIZACIÓN QUIRÚRGICA CIRUGÍA DE CABEZA Y CUELLO / MÁXILO FACIAL ";"1";"1";"1";"1";"1";"30";"0"
"2023";"05";"040205";"AREQUIPA";"CAMANA";"NICOLAS DE PIEROLA";"GOBIERNO REGIONAL";"I-2";"00001360";"PUESTO DE SALUD HACIENDA DEL MEDIO";"NE_0001";"";"NE_0001";"NE_0001";"NE_0001";"NE_0001";"NE_0001";"NE_0001";"NE_0001"
"2023";"07";"080702";"CUSCO";"CHUMBIVILCAS";"CAPACMARCA";"GOBIERNO REGIONAL";"I-3";"00002401";"CCAPACMARCA";"NE_0001";"";"NE_0001";"NE_0001";"NE_0001";"NE_0001";"NE_0001";"NE_0001";"NE_0001"
"2023";"07";"080702";"CUSCO";"CHUMBIVILCAS";"CAPACMARCA";"GOBIERNO REGIONAL";"I-1";"00009963";"CANCAHUANI";"NE_0001";"";"NE_0001";"NE_0001";"NE_0001";"NE_0001";"NE_0001";"NE_0001";"NE_0001"
"2023";"07";"080702";"CUSCO";"CHUMBIVILCAS";"CAPACMARCA";"GOBIERNO REGIONAL";"I-1";"00027009";"TAHUAY";"NE_0001";"";"NE_0001";"NE_0001";"NE_0001";"NE_0001";"NE_0001";"NE_0001";"NE_0001"
"2023";"08";"100101";"HUANUCO";"HUANUCO";"HUANUCO";"PRIVADO";"II-E";"00021062";"CLINICA SAN JUAN BOSCO E.I.R.L.";"240000";"HOSPITALIZACIÓN";"9";"9";"10";"9";"11";"330";"0"
"2023";"08";"150130";"LIMA";"LIMA";"SAN BORJA";"PRIVADO";"II-E";"00011372";"FUTURO VISION";"NE_0001";"";"NE_0001";"NE_0001";"NE_0001";"NE_0001";"NE_0001";"NE_0001";"NE_0001"
"2023";"08";"150116";"LIMA";"LIMA";"LINCE";"PRIVADO";"II-E";"00015684";"CLINICA GONZALEZ S.A.";"240300";"HOSPITALIZACIÓN QUIRÚRGICA CIRUGÍA DIGESTIVA ";"1";"0";"1";"1";"1";"30";"0"
"2023";"08";"150116";"LIMA";"LIMA";"LINCE";"PRIVADO";"II-E";"00015684";"CLINICA GONZALEZ S.A.";"241000";"HOSPITALIZACIÓN QUIRÚRGICA ONCOLOGÍA QUIRÚRGICA  ";"2";"1";"5";"2";"2";"60";"0"
"2023";"08";"150116";"LIMA";"LIMA";"LINCE";"PRIVADO";"II-E";"00015684";"CLINICA GONZALEZ S.A.";"241300";"HOSPITALIZACIÓN QUIRÚRGICA UROLOGÍA  ";"11";"8";"25";"11";"8";"240";"0"
"2023";"08";"150116";"LIMA";"LIMA";"LINCE";"PRIVADO";"II-E";"00015684";"CLINICA GONZALEZ S.A.";"241400";"HOSPITALIZACIÓN QUIRÚRGICA GINECO - OBSTETRICIA ";"11";"8";"21";"11";"5";"150";"0"
"2023";"08";"150116";"LIMA";"LIMA";"LINCE";"PRIVADO";"II-E";"00015684";"CLINICA GONZALEZ S.A.";"245400";"HOSPITALIZACIÓN DE MEDICINA GINECOLOGIA ";"1";"1";"1";"1";"1";"30";"0"
"2023";"08";"110112";"ICA";"ICA";"SUBTANJALLA";"ESSALUD";"I-3";"00011967";"MACACONA";"NE_0001";"";"NE_0001";"NE_0001";"NE_0001";"NE_0001";"NE_0001";"NE_0001";"NE_0001"
"2023";"08";"210801";"PUNO";"MELGAR";"AYAVIRI";"GOBIERNO REGIONAL";"II-1";"00003156";"SAN JUAN DE DIOS (AYAVIRI)";"240100";"HOSPITALIZACIÓN QUIRÚRGICA CIRUGÍA GENERAL ";"46";"53";"253";"260";"19";"589";"0"
"2023";"08";"210801";"PUNO";"MELGAR";"AYAVIRI";"GOBIERNO REGIONAL";"II-1";"00003156";"SAN JUAN DE DIOS (AYAVIRI)";"241500";"HOSPITALIZACIÓN QUIRÚRGICA GINECOLOGÍA  ";"48";"48";"113";"113";"6";"186";"0"
"2023";"08";"210801";"PUNO";"MELGAR";"AYAVIRI";"GOBIERNO REGIONAL";"II-1";"00003156";"SAN JUAN DE DIOS (AYAVIRI)";"241600";"HOSPITALIZACIÓN QUIRÚRGICA OBSTETRICIA   ";"49";"49";"80";"118";"7";"217";"0"
"2023";"08";"210801";"PUNO";"MELGAR";"AYAVIRI";"GOBIERNO REGIONAL";"II-1";"00003156";"SAN JUAN DE DIOS (AYAVIRI)";"241800";"HOSPITALIZACIÓN DE MEDICINA MEDICINA GENERAL ";"16";"26";"208";"208";"14";"434";"3"
"2023";"08";"210801";"PUNO";"MELGAR";"AYAVIRI";"GOBIERNO REGIONAL";"II-1";"00003156";"SAN JUAN DE DIOS (AYAVIRI)";"242500";"HOSPITALIZACIÓN-PEDIATRÍA GENERAL-";"18";"18";"62";"76";"7";"217";"0"
"2023";"08";"210801";"PUNO";"MELGAR";"AYAVIRI";"GOBIERNO REGIONAL";"II-1";"00003156";"SAN JUAN DE DIOS (AYAVIRI)";"243200";"HOSPITALIZACIÓN DE PEDIATRÍA PEDIATRIA NEONATOLOGÍA";"29";"31";"91";"93";"3";"139";"0"
"2023";"08";"060614";"CAJAMARCA";"CUTERVO";"SOCOTA";"GOBIERNO REGIONAL";"I-1";"00005037";"CHISIGLE";"NE_0001";"";"NE_0001";"NE_0001";"NE_0001";"NE_0001";"NE_0001";"NE_0001";"NE_0001"
"2023";"08";"060614";"CAJAMARCA";"CUTERVO";"SOCOTA";"GOBIERNO REGIONAL";"I-1";"00005042";"SAN ANTONIO";"NE_0001";"";"NE_0001";"NE_0001";"NE_0001";"NE_0001";"NE_0001";"NE_0001";"NE_0001"
"2023";"08";"060614";"CAJAMARCA";"CUTERVO";"SOCOTA";"GOBIERNO REGIONAL";"I-1";"00005043";"LAGUNA SHITA";"NE_0001";"";"NE_0001";"NE_0001";"NE_0001";"NE_0001";"NE_0001";"NE_0001";"NE_0001"
"2023";"08";"060614";"CAJAMARCA";"CUTERVO";"SOCOTA";"GOBIERNO REGIONAL";"I-1";"00005041";"MOCHADIN";"NE_0001";"";"NE_0001";"NE_0001";"NE_0001";"NE_0001";"NE_0001";"NE_0001";"NE_0001"
"2023";"08";"040701";"AREQUIPA";"ISLAY";"MOLLENDO";"ESSALUD";"II-1";"00013295";"HOSPITAL II MANUEL DE TORRES MUÑOZ -  MOLLENDO";"241800";"HOSPITALIZACIÓN DE MEDICINA MEDICINA GENERAL ";"43";"44";"297";"261";"9";"279";"12"
"2023";"08";"040701";"AREQUIPA";"ISLAY";"MOLLENDO";"ESSALUD";"II-1";"00013295";"HOSPITAL II MANUEL DE TORRES MUÑOZ -  MOLLENDO";"240100";"HOSPITALIZACIÓN QUIRÚRGICA CIRUGÍA GENERAL ";"43";"40";"133";"152";"7";"217";"0"
"2023";"08";"040701";"AREQUIPA";"ISLAY";"MOLLENDO";"ESSALUD";"II-1";"00013295";"HOSPITAL II MANUEL DE TORRES MUÑOZ -  MOLLENDO";"241500";"HOSPITALIZACIÓN QUIRÚRGICA GINECOLOGÍA  ";"18";"15";"35";"40";"2";"62";"0"
"2023";"08";"040701";"AREQUIPA";"ISLAY";"MOLLENDO";"ESSALUD";"II-1";"00013295";"HOSPITAL II MANUEL DE TORRES MUÑOZ -  MOLLENDO";"241600";"HOSPITALIZACIÓN QUIRÚRGICA OBSTETRICIA   ";"20";"23";"45";"41";"5";"155";"0"
"2023";"08";"040701";"AREQUIPA";"ISLAY";"MOLLENDO";"ESSALUD";"II-1";"00013295";"HOSPITAL II MANUEL DE TORRES MUÑOZ -  MOLLENDO";"242300";"HOSPITALIZACIÓN DE PEDIATRÍA  PEDIATRÍA  GENERAL ";"27";"32";"65";"58";"4";"124";"0"
"2023";"08";"050407";"AYACUCHO";"HUANTA";"SIVIA";"GOBIERNO REGIONAL";"II-1";"00003770";"HOSPITAL DE APOYO SIVIA";"240100";"HOSPITALIZACIÓN QUIRÚRGICA CIRUGÍA GENERAL ";"2";"3";"15";"16";"3";"93";"0"
"2023";"08";"050407";"AYACUCHO";"HUANTA";"SIVIA";"GOBIERNO REGIONAL";"II-1";"00003770";"HOSPITAL DE APOYO SIVIA";"241400";"HOSPITALIZACIÓN QUIRÚRGICA GINECO - OBSTETRICIA ";"8";"8";"18";"28";"4";"124";"0"
"2023";"08";"050407";"AYACUCHO";"HUANTA";"SIVIA";"GOBIERNO REGIONAL";"II-1";"00003770";"HOSPITAL DE APOYO SIVIA";"241800";"HOSPITALIZACIÓN DE MEDICINA MEDICINA GENERAL ";"1";"1";"6";"10";"5";"155";"0"
"2023";"08";"050407";"AYACUCHO";"HUANTA";"SIVIA";"GOBIERNO REGIONAL";"II-1";"00003770";"HOSPITAL DE APOYO SIVIA";"242500";"HOSPITALIZACIÓN-PEDIATRÍA GENERAL-";"5";"5";"9";"22";"2";"62";"0"
"2023";"08";"131201";"LA LIBERTAD";"VIRU";"VIRU";"GOBIERNO REGIONAL";"II-1";"00005251";"HOSPITAL PROVINCIAL DE VIRU";"241600";"HOSPITALIZACIÓN QUIRÚRGICA OBSTETRICIA   ";"42";"42";"88";"88";"7";"217";"0"
"2023";"08";"131201";"LA LIBERTAD";"VIRU";"VIRU";"GOBIERNO REGIONAL";"II-1";"00005251";"HOSPITAL PROVINCIAL DE VIRU";"242500";"HOSPITALIZACIÓN-PEDIATRÍA GENERAL-";"8";"9";"29";"29";"5";"155";"0"
"2023";"08";"131201";"LA LIBERTAD";"VIRU";"VIRU";"GOBIERNO REGIONAL";"II-1";"00005251";"HOSPITAL PROVINCIAL DE VIRU";"241800";"HOSPITALIZACIÓN DE MEDICINA MEDICINA GENERAL ";"32";"34";"130";"87";"6";"186";"0"
"2023";"08";"131201";"LA LIBERTAD";"VIRU";"VIRU";"GOBIERNO REGIONAL";"II-1";"00005251";"HOSPITAL PROVINCIAL DE VIRU";"241500";"HOSPITALIZACIÓN QUIRÚRGICA GINECOLOGÍA  ";"25";"24";"65";"65";"3";"93";"0"
"2023";"08";"050202";"AYACUCHO";"CANGALLO";"CHUSCHI";"GOBIERNO REGIONAL";"I-1";"00003593";"PUESTO DE SALUD PUNKUPATA";"NE_0002";"";"NE_0002";"NE_0002";"NE_0002";"NE_0002";"NE_0002";"NE_0002";"NE_0002"
"2023";"08";"050202";"AYACUCHO";"CANGALLO";"CHUSCHI";"GOBIERNO REGIONAL";"I-2";"00003592";"PUESTO DE SALUD CATALINAYOC";"NE_0002";"";"NE_0002";"NE_0002";"NE_0002";"NE_0002";"NE_0002";"NE_0002";"NE_0002"
"2023";"08";"050114";"AYACUCHO";"HUAMANGA";"VINCHOS";"GOBIERNO REGIONAL";"I-3";"00003590";"CENTRO DE  SALUD PUTACCA";"NE_0002";"";"NE_0002";"NE_0002";"NE_0002";"NE_0002";"NE_0002";"NE_0002";"NE_0002"
"2023";"08";"050114";"AYACUCHO";"HUAMANGA";"VINCHOS";"GOBIERNO REGIONAL";"I-1";"00003591";"ROSASPATA";"NE_0002";"";"NE_0002";"NE_0002";"NE_0002";"NE_0002";"NE_0002";"NE_0002";"NE_0002"
"2023";"08";"050202";"AYACUCHO";"CANGALLO";"CHUSCHI";"GOBIERNO REGIONAL";"I-1";"00006753";"PUESTO DE SALUD CUCHUQUESERA";"NE_0002";"";"NE_0002";"NE_0002";"NE_0002";"NE_0002";"NE_0002";"NE_0002";"NE_0002"
"2023";"08";"050114";"AYACUCHO";"HUAMANGA";"VINCHOS";"GOBIERNO REGIONAL";"I-1";"00003589";"PUESTO DE SALUD MILLPO";"NE_0002";"";"NE_0002";"NE_0002";"NE_0002";"NE_0002";"NE_0002";"NE_0002";"NE_0002"
"2023";"08";"130903";"LA LIBERTAD";"SANCHEZ CARRION";"COCHORCO";"GOBIERNO REGIONAL";"I-2";"00005356";"ARICAPAMPA";"NE_0001";"";"NE_0001";"NE_0001";"NE_0001";"NE_0001";"NE_0001";"NE_0001";"NE_0001"
"2023";"08";"130903";"LA LIBERTAD";"SANCHEZ CARRION";"COCHORCO";"GOBIERNO REGIONAL";"I-1";"00013808";"MOLINO VIEJO";"NE_0001";"";"NE_0001";"NE_0001";"NE_0001";"NE_0001";"NE_0001";"NE_0001";"NE_0001"
"2023";"08";"130903";"LA LIBERTAD";"SANCHEZ CARRION";"COCHORCO";"GOBIERNO REGIONAL";"I-2";"00013802";"SUCCHAMARCA";"NE_0001";"";"NE_0001";"NE_0001";"NE_0001";"NE_0001";"NE_0001";"NE_0001";"NE_0001"
"2023";"08";"220506";"SAN MARTIN";"LAMAS";"PINTO RECODO";"GOBIERNO REGIONAL";"I-1";"00006344";"LA LIBERTAD BAJO MAYO";"NE_0001";"";"NE_0001";"NE_0001";"NE_0001";"NE_0001";"NE_0001";"NE_0001";"NE_0001"
"2023";"08";"220506";"SAN MARTIN";"LAMAS";"PINTO RECODO";"GOBIERNO REGIONAL";"I-1";"00006347";"VENCEDOR";"NE_0001";"";"NE_0001";"NE_0001";"NE_0001";"NE_0001";"NE_0001";"NE_0001";"NE_0001"
"2023";"08";"220506";"SAN MARTIN";"LAMAS";"PINTO RECODO";"GOBIERNO REGIONAL";"I-1";"00006342";"BETANIA";"NE_0001";"";"NE_0001";"NE_0001";"NE_0001";"NE_0001";"NE_0001";"NE_0001";"NE_0001"
"2023";"04";"170101";"MADRE DE DIOS";"TAMBOPATA";"TAMBOPATA";"GOBIERNO REGIONAL";"II-1";"00002698";"HOSPITAL SANTA ROSA";"243200";"HOSPITALIZACIÓN DE PEDIATRÍA PEDIATRIA NEONATOLOGÍA";"223";"220";"402";"223";"17";"510";"0"
"2023";"04";"170101";"MADRE DE DIOS";"TAMBOPATA";"TAMBOPATA";"GOBIERNO REGIONAL";"II-1";"00002698";"HOSPITAL SANTA ROSA";"241600";"HOSPITALIZACIÓN QUIRÚRGICA OBSTETRICIA   ";"312";"298";"726";"312";"37";"1110";"0"
"2023";"04";"170101";"MADRE DE DIOS";"TAMBOPATA";"TAMBOPATA";"GOBIERNO REGIONAL";"II-1";"00002698";"HOSPITAL SANTA ROSA";"241200";"HOSPITALIZACIÓN QUIRÚRGICA TRAUMATOLOGÍA Y ORTOPEDIA ";"74";"48";"258";"74";"24";"720";"0"
"2023";"04";"170101";"MADRE DE DIOS";"TAMBOPATA";"TAMBOPATA";"GOBIERNO REGIONAL";"II-1";"00002698";"HOSPITAL SANTA ROSA";"241800";"HOSPITALIZACIÓN DE MEDICINA MEDICINA GENERAL ";"183";"159";"882";"183";"40";"1200";"0"
"2023";"04";"170101";"MADRE DE DIOS";"TAMBOPATA";"TAMBOPATA";"GOBIERNO REGIONAL";"II-1";"00002698";"HOSPITAL SANTA ROSA";"240100";"HOSPITALIZACIÓN QUIRÚRGICA CIRUGÍA GENERAL ";"105";"88";"395";"105";"19";"570";"0"
"2023";"04";"170101";"MADRE DE DIOS";"TAMBOPATA";"TAMBOPATA";"GOBIERNO REGIONAL";"II-1";"00002698";"HOSPITAL SANTA ROSA";"242300";"HOSPITALIZACIÓN DE PEDIATRÍA  PEDIATRÍA  GENERAL ";"97";"93";"320";"97";"18";"540";"0"
"2023";"04";"170101";"MADRE DE DIOS";"TAMBOPATA";"TAMBOPATA";"GOBIERNO REGIONAL";"II-1";"00002698";"HOSPITAL SANTA ROSA";"250100";"UNIDAD DE CUIDADOS CRITICOS UNIDAD  DE CUIDADOS INTENSIVOS GENERALES (UCI) ";"7";"4";"19";"7";"6";"180";"0"
"2023";"04";"170101";"MADRE DE DIOS";"TAMBOPATA";"TAMBOPATA";"GOBIERNO REGIONAL";"II-1";"00002698";"HOSPITAL SANTA ROSA";"250105";"UNIDAD DE CUIDADOS CRITICOS UNIDAD  DE CUIDADOS INTENSIVOS  (UCI) NEONATOLOGÍA";"6";"5";"28";"6";"4";"120";"0"
"2023";"04";"170101";"MADRE DE DIOS";"TAMBOPATA";"TAMBOPATA";"GOBIERNO REGIONAL";"II-1";"00002698";"HOSPITAL SANTA ROSA";"241500";"HOSPITALIZACIÓN QUIRÚRGICA GINECOLOGÍA  ";"11";"11";"57";"11";"6";"180";"0"
"2023";"04";"060101";"CAJAMARCA";"CAJAMARCA";"CAJAMARCA";"SANIDAD DE LA POLICIA NACIONAL DEL PERU";"I-3";"00009296";"POLICLINICO PNP CAJAMARCA";"NE_0002";"";"NE_0002";"NE_0002";"NE_0002";"NE_0002";"NE_0002";"NE_0002";"NE_0002"
"2023";"05";"230110";"TACNA";"TACNA";"CORONEL GREGORIO ALBARRACIN L.";"ESSALUD";"I-3";"00010222";"CENTRO  DE ATENCION PRIMARIA II ""LUIS PALZA LEVANO""";"NE_0001";"";"NE_0001";"NE_0001";"NE_0001";"NE_0001";"NE_0001";"NE_0001";"NE_0001"
"2023";"05";"080101";"CUSCO";"CUSCO";"CUSCO";"PRIVADO";"II-E";"00016541";"HOGAR CLINICA SAN JUAN DE DIOS-CUSCO";"240000";"HOSPITALIZACIÓN";"66";"63";"465";"7";"15";"465";"0"
"2023";"05";"090201";"HUANCAVELICA";"ACOBAMBA";"ACOBAMBA";"GOBIERNO REGIONAL";"I-3";"00022075";"CENTRO DE SALUD MENTAL COMUNITARIO ACOBAMBA";"NE_0001";"";"NE_0001";"NE_0001";"NE_0001";"NE_0001";"NE_0001";"NE_0001";"NE_0001"
"2023";"05";"060801";"CAJAMARCA";"JAEN";"JAEN";"GOBIERNO REGIONAL";"I-1";"00010804";"PUENTE ZONANGA";"NE_0001";"";"NE_0001";"NE_0001";"NE_0001";"NE_0001";"NE_0001";"NE_0001";"NE_0001"
"2023";"04";"250101";"UCAYALI";"CORONEL PORTILLO";"CALLERIA";"GOBIERNO REGIONAL";"I-3";"00030785";"CENTRO DE SALUD MENTAL COMUNITARIO UNIVERSITARIO MAYUSHIN";"NE_0001";"";"NE_0001";"NE_0001";"NE_0001";"NE_0001";"NE_0001";"NE_0001";"NE_0001"
"2023";"04";"250101";"UCAYALI";"CORONEL PORTILLO";"CALLERIA";"GOBIERNO REGIONAL";"I-2";"00005568";"DOS DE MAYO";"NE_0001";"";"NE_0001";"NE_0001";"NE_0001";"NE_0001";"NE_0001";"NE_0001";"NE_0001"
"2023";"04";"250101";"UCAYALI";"CORONEL PORTILLO";"CALLERIA";"GOBIERNO REGIONAL";"I-3";"00005567";"JOSE OLAYA";"NE_0001";"";"NE_0001";"NE_0001";"NE_0001";"NE_0001";"NE_0001";"NE_0001";"NE_0001"
"2023";"04";"250105";"UCAYALI";"CORONEL PORTILLO";"YARINACOCHA";"GOBIERNO REGIONAL";"I-1";"00005547";"SANTA TERESITA";"NE_0001";"";"NE_0001";"NE_0001";"NE_0001";"NE_0001";"NE_0001";"NE_0001";"NE_0001"
"2023";"05";"190103";"PASCO";"PASCO";"HUARIACA";"ESSALUD";"II-E";"00009749";"HOSPITAL II - E HUARIACA";"241800";"HOSPITALIZACIÓN DE MEDICINA MEDICINA GENERAL ";"40";"37";"234";"199";"9";"279";"0"
"2023";"05";"190103";"PASCO";"PASCO";"HUARIACA";"ESSALUD";"II-E";"00009749";"HOSPITAL II - E HUARIACA";"242100";"HOSPITALIZACIÓN DE MEDICINA ONCOLOGÍA MÉDICA ";"46";"51";"197";"175";"10";"310";"0"
"2023";"05";"190103";"PASCO";"PASCO";"HUARIACA";"ESSALUD";"II-E";"00009749";"HOSPITAL II - E HUARIACA";"242200";"HOSPITALIZACIÓN DE MEDICINA PSIQUIATRÍA ";"8";"5";"105";"1087";"70";"2170";"0"
"2023";"05";"190103";"PASCO";"PASCO";"HUARIACA";"ESSALUD";"II-E";"00009749";"HOSPITAL II - E HUARIACA";"240100";"HOSPITALIZACIÓN QUIRÚRGICA CIRUGÍA GENERAL ";"13";"13";"46";"47";"2";"62";"0"
"2023";"05";"190103";"PASCO";"PASCO";"HUARIACA";"ESSALUD";"II-E";"00009749";"HOSPITAL II - E HUARIACA";"241400";"HOSPITALIZACIÓN QUIRÚRGICA GINECO - OBSTETRICIA ";"23";"23";"71";"71";"3";"93";"0"
"2023";"07";"040804";"AREQUIPA";"LA UNION";"HUAYNACOTAS";"GOBIERNO REGIONAL";"I-2";"00001461";"PUESTO DE SALUD TAURISMA";"NE_0001";"";"NE_0001";"NE_0001";"NE_0001";"NE_0001";"NE_0001";"NE_0001";"NE_0001"
"2023";"07";"040804";"AREQUIPA";"LA UNION";"HUAYNACOTAS";"MINSA";"I-2";"00001463";"PUESTO DE SALUD HUAYNACOTAS";"NE_0001";"";"NE_0001";"NE_0001";"NE_0001";"NE_0001";"NE_0001";"NE_0001";"NE_0001"
"2023";"07";"040802";"AREQUIPA";"LA UNION";"ALCA";"MINSA";"I-3";"00001464";"CENTRO DE SALUD ALCA";"NE_0001";"";"NE_0001";"NE_0001";"NE_0001";"NE_0001";"NE_0001";"NE_0001";"NE_0001"
"2023";"07";"040804";"AREQUIPA";"LA UNION";"HUAYNACOTAS";"GOBIERNO REGIONAL";"I-2";"00007265";"PUESTO DE SALUD HUARCAYA";"NE_0001";"";"NE_0001";"NE_0001";"NE_0001";"NE_0001";"NE_0001";"NE_0001";"NE_0001"
"2023";"07";"040806";"AREQUIPA";"LA UNION";"PUYCA";"GOBIERNO REGIONAL";"I-2";"00001465";"PUESTO DE SALUD PUYCA";"NE_0001";"";"NE_0001";"NE_0001";"NE_0001";"NE_0001";"NE_0001";"NE_0001";"NE_0001"
"2023";"07";"040806";"AREQUIPA";"LA UNION";"PUYCA";"GOBIERNO REGIONAL";"I-2";"00001471";"PUESTO DE SALUD CHURCA";"NE_0001";"";"NE_0001";"NE_0001";"NE_0001";"NE_0001";"NE_0001";"NE_0001";"NE_0001"
"2023";"08";"150101";"LIMA";"LIMA";"LIMA";"MINSA";"III-1";"00006206";"NACIONAL  DOS DE MAYO";"241800";"HOSPITALIZACIÓN DE MEDICINA MEDICINA GENERAL ";"461";"526";"6453";"7330";"266";"8246";"50"
"2023";"08";"150101";"LIMA";"LIMA";"LIMA";"MINSA";"III-1";"00006206";"NACIONAL  DOS DE MAYO";"240100";"HOSPITALIZACIÓN QUIRÚRGICA CIRUGÍA GENERAL ";"255";"303";"1656";"1778";"80";"2480";"3"
"2023";"08";"150101";"LIMA";"LIMA";"LIMA";"MINSA";"III-1";"00006206";"NACIONAL  DOS DE MAYO";"241200";"HOSPITALIZACIÓN QUIRÚRGICA TRAUMATOLOGÍA Y ORTOPEDIA ";"72";"64";"996";"753";"32";"992";"0"
"2023";"08";"150101";"LIMA";"LIMA";"LIMA";"MINSA";"III-1";"00006206";"NACIONAL  DOS DE MAYO";"241300";"HOSPITALIZACIÓN QUIRÚRGICA UROLOGÍA  ";"59";"66";"576";"567";"23";"713";"0"
"2023";"08";"150101";"LIMA";"LIMA";"LIMA";"MINSA";"III-1";"00006206";"NACIONAL  DOS DE MAYO";"240900";"HOSPITALIZACIÓN QUIRÚRGICA NEUROCIRUGÍA ";"45";"45";"563";"620";"20";"620";"1"
"2023";"08";"150101";"LIMA";"LIMA";"LIMA";"MINSA";"III-1";"00006206";"NACIONAL  DOS DE MAYO";"241100";"HOSPITALIZACIÓN QUIRÚRGICA OTORRINOLARINGOLOGÍA  ";"10";"11";"55";"53";"2";"62";"0"
"2023";"08";"150101";"LIMA";"LIMA";"LIMA";"MINSA";"III-1";"00006206";"NACIONAL  DOS DE MAYO";"240700";"HOSPITALIZACIÓN QUIRÚRGICA CIRUGÍA PEDIÁTRICA ";"26";"26";"103";"139";"6";"186";"0"
"2023";"08";"150101";"LIMA";"LIMA";"LIMA";"MINSA";"III-1";"00006206";"NACIONAL  DOS DE MAYO";"240200";"HOSPITALIZACIÓN QUIRÚRGICA CIRUGÍA DE CABEZA Y CUELLO / MÁXILO FACIAL ";"36";"30";"221";"231";"10";"310";"0"
"2023";"08";"150101";"LIMA";"LIMA";"LIMA";"MINSA";"III-1";"00006206";"NACIONAL  DOS DE MAYO";"240800";"HOSPITALIZACIÓN QUIRÚRGICA CIRUGÍA PLÁSTICA/RECONSTRUCTIVA/ REPARADORA ";"11";"10";"74";"69";"4";"124";"0"
"2023";"08";"150101";"LIMA";"LIMA";"LIMA";"MINSA";"III-1";"00006206";"NACIONAL  DOS DE MAYO";"241400";"HOSPITALIZACIÓN QUIRÚRGICA GINECO - OBSTETRICIA ";"382";"376";"1122";"1434";"53";"1643";"0"
"2023";"08";"150101";"LIMA";"LIMA";"LIMA";"MINSA";"III-1";"00006206";"NACIONAL  DOS DE MAYO";"243200";"HOSPITALIZACIÓN DE PEDIATRÍA PEDIATRIA NEONATOLOGÍA";"123";"131";"474";"623";"24";"744";"0"
"2023";"08";"150101";"LIMA";"LIMA";"LIMA";"MINSA";"III-1";"00006206";"NACIONAL  DOS DE MAYO";"242300";"HOSPITALIZACIÓN DE PEDIATRÍA  PEDIATRÍA  GENERAL ";"99";"99";"450";"678";"24";"744";"0"
"2023";"08";"150101";"LIMA";"LIMA";"LIMA";"MINSA";"III-1";"00006206";"NACIONAL  DOS DE MAYO";"250100";"UNIDAD DE CUIDADOS CRITICOS UNIDAD  DE CUIDADOS INTENSIVOS GENERALES (UCI) ";"40";"33";"369";"1264";"68";"2108";"19"
"2023";"08";"060803";"CAJAMARCA";"JAEN";"CHONTALI";"GOBIERNO REGIONAL";"I-3";"00004232";"CHONTALI";"NE_0001";"";"NE_0001";"NE_0001";"NE_0001";"NE_0001";"NE_0001";"NE_0001";"NE_0001"
"2023";"08";"060803";"CAJAMARCA";"JAEN";"CHONTALI";"GOBIERNO REGIONAL";"I-1";"00004235";"TABACAL CHONTALI";"NE_0001";"";"NE_0001";"NE_0001";"NE_0001";"NE_0001";"NE_0001";"NE_0001";"NE_0001"
"2023";"08";"060803";"CAJAMARCA";"JAEN";"CHONTALI";"GOBIERNO REGIONAL";"I-2";"00004234";"HUALATAN";"NE_0001";"";"NE_0001";"NE_0001";"NE_0001";"NE_0001";"NE_0001";"NE_0001";"NE_0001"
"2023";"08";"060803";"CAJAMARCA";"JAEN";"CHONTALI";"GOBIERNO REGIONAL";"I-2";"00004233";"PACHAPIRIANA";"NE_0001";"";"NE_0001";"NE_0001";"NE_0001";"NE_0001";"NE_0001";"NE_0001";"NE_0001"
"2023";"07";"250201";"UCAYALI";"ATALAYA";"RAIMONDI";"GOBIERNO REGIONAL";"I-1";"00005514";"CHEQUITAVO";"NE_0001";"";"NE_0001";"NE_0001";"NE_0001";"NE_0001";"NE_0001";"NE_0001";"NE_0001"
"2023";"07";"250201";"UCAYALI";"ATALAYA";"RAIMONDI";"GOBIERNO REGIONAL";"I-1";"00005512";"MAPALCA";"NE_0001";"";"NE_0001";"NE_0001";"NE_0001";"NE_0001";"NE_0001";"NE_0001";"NE_0001"
"2023";"07";"250201";"UCAYALI";"ATALAYA";"RAIMONDI";"GOBIERNO REGIONAL";"I-1";"00005511";"PAOTI";"NE_0001";"";"NE_0001";"NE_0001";"NE_0001";"NE_0001";"NE_0001";"NE_0001";"NE_0001"
"2023";"07";"250201";"UCAYALI";"ATALAYA";"RAIMONDI";"GOBIERNO REGIONAL";"I-1";"00005510";"LA FLORESTA";"NE_0001";"";"NE_0001";"NE_0001";"NE_0001";"NE_0001";"NE_0001";"NE_0001";"NE_0001"
"2023";"07";"250201";"UCAYALI";"ATALAYA";"RAIMONDI";"MINSA";"I-1";"00005509";"CHICOSA";"NE_0001";"";"NE_0001";"NE_0001";"NE_0001";"NE_0001";"NE_0001";"NE_0001";"NE_0001"
"2023";"07";"250201";"UCAYALI";"ATALAYA";"RAIMONDI";"MINSA";"I-1";"00005508";"UNINI";"NE_0001";"";"NE_0001";"NE_0001";"NE_0001";"NE_0001";"NE_0001";"NE_0001";"NE_0001"
"2023";"07";"250201";"UCAYALI";"ATALAYA";"RAIMONDI";"GOBIERNO REGIONAL";"I-1";"00005507";"BOCA PUCANI";"NE_0001";"";"NE_0001";"NE_0001";"NE_0001";"NE_0001";"NE_0001";"NE_0001";"NE_0001"
"2023";"07";"250201";"UCAYALI";"ATALAYA";"RAIMONDI";"MINSA";"I-1";"00005506";"P.S RAMON CASTILLA";"NE_0001";"";"NE_0001";"NE_0001";"NE_0001";"NE_0001";"NE_0001";"NE_0001";"NE_0001"
"2023";"07";"250201";"UCAYALI";"ATALAYA";"RAIMONDI";"GOBIERNO REGIONAL";"I-2";"00005505";"OBENTENI";"NE_0001";"";"NE_0001";"NE_0001";"NE_0001";"NE_0001";"NE_0001";"NE_0001";"NE_0001"
"2023";"07";"250201";"UCAYALI";"ATALAYA";"RAIMONDI";"MINSA";"I-1";"00005504";"COCANI";"NE_0001";"";"NE_0001";"NE_0001";"NE_0001";"NE_0001";"NE_0001";"NE_0001";"NE_0001"
"2023";"07";"250201";"UCAYALI";"ATALAYA";"RAIMONDI";"MINSA";"I-2";"00005503";"MALDONADILLO";"NE_0001";"";"NE_0001";"NE_0001";"NE_0001";"NE_0001";"NE_0001";"NE_0001";"NE_0001"
"2023";"07";"250201";"UCAYALI";"ATALAYA";"RAIMONDI";"GOBIERNO REGIONAL";"I-4";"00005502";"ATALAYA";"NE_0002";"";"NE_0002";"NE_0002";"NE_0002";"NE_0002";"NE_0002";"NE_0002";"NE_0002"
"2023";"07";"250301";"UCAYALI";"PADRE ABAD";"PADRE ABAD";"GOBIERNO REGIONAL";"I-1";"00005410";"SANTA ANA";"NE_0001";"";"NE_0001";"NE_0001";"NE_0001";"NE_0001";"NE_0001";"NE_0001";"NE_0001"
"2023";"07";"250301";"UCAYALI";"PADRE ABAD";"PADRE ABAD";"GOBIERNO REGIONAL";"I-2";"00005407";"COMUNIDAD NATIVA DE PUERTO AZUL";"NE_0001";"";"NE_0001";"NE_0001";"NE_0001";"NE_0001";"NE_0001";"NE_0001";"NE_0001"
"2023";"07";"250301";"UCAYALI";"PADRE ABAD";"PADRE ABAD";"GOBIERNO REGIONAL";"I-2";"00005406";"PREVISTO";"NE_0001";"";"NE_0001";"NE_0001";"NE_0001";"NE_0001";"NE_0001";"NE_0001";"NE_0001"
"2023";"07";"250301";"UCAYALI";"PADRE ABAD";"PADRE ABAD";"GOBIERNO REGIONAL";"I-1";"00005403";"MIGUEL GRAU SEMINARIO";"NE_0001";"";"NE_0001";"NE_0001";"NE_0001";"NE_0001";"NE_0001";"NE_0001";"NE_0001"
"2023";"07";"250301";"UCAYALI";"PADRE ABAD";"PADRE ABAD";"GOBIERNO REGIONAL";"I-1";"00005402";"MARISCAL CACERES.";"NE_0001";"";"NE_0001";"NE_0001";"NE_0001";"NE_0001";"NE_0001";"NE_0001";"NE_0001"
"2023";"07";"250301";"UCAYALI";"PADRE ABAD";"PADRE ABAD";"GOBIERNO REGIONAL";"I-1";"00005401";"LA DIVISORIA";"NE_0001";"";"NE_0001";"NE_0001";"NE_0001";"NE_0001";"NE_0001";"NE_0001";"NE_0001"
"2023";"07";"250301";"UCAYALI";"PADRE ABAD";"PADRE ABAD";"GOBIERNO REGIONAL";"I-2";"00005400";"HUIPOCA";"NE_0001";"";"NE_0001";"NE_0001";"NE_0001";"NE_0001";"NE_0001";"NE_0001";"NE_0001"
"2023";"07";"250301";"UCAYALI";"PADRE ABAD";"PADRE ABAD";"GOBIERNO REGIONAL";"I-2";"00005399";"BOQUERON";"NE_0001";"";"NE_0001";"NE_0001";"NE_0001";"NE_0001";"NE_0001";"NE_0001";"NE_0001"
"2023";"07";"250301";"UCAYALI";"PADRE ABAD";"PADRE ABAD";"GOBIERNO REGIONAL";"I-1";"00005398";"ALTO AGUAYTIA.";"NE_0001";"";"NE_0001";"NE_0001";"NE_0001";"NE_0001";"NE_0001";"NE_0001";"NE_0001"
"2023";"07";"250301";"UCAYALI";"PADRE ABAD";"PADRE ABAD";"GOBIERNO REGIONAL";"I-1";"00005397";"3 DE OCTUBRE";"NE_0001";"";"NE_0001";"NE_0001";"NE_0001";"NE_0001";"NE_0001";"NE_0001";"NE_0001"
"2023";"07";"250301";"UCAYALI";"PADRE ABAD";"PADRE ABAD";"GOBIERNO REGIONAL";"I-4";"00005395";"AGUAYTIA";"NE_0002";"";"NE_0002";"NE_0002";"NE_0002";"NE_0002";"NE_0002";"NE_0002";"NE_0002"
"2023";"08";"080501";"CUSCO";"CANAS";"YANAOCA";"GOBIERNO REGIONAL";"I-2";"00018241";"HAMPATURA";"NE_0001";"";"NE_0001";"NE_0001";"NE_0001";"NE_0001";"NE_0001";"NE_0001";"NE_0001"
"2023";"08";"080506";"CUSCO";"CANAS";"PAMPAMARCA";"GOBIERNO REGIONAL";"I-2";"00002372";"PAMPAMARCA";"NE_0001";"";"NE_0001";"NE_0001";"NE_0001";"NE_0001";"NE_0001";"NE_0001";"NE_0001"
"2023";"08";"080508";"CUSCO";"CANAS";"TUPAC AMARU";"GOBIERNO REGIONAL";"I-1";"00002375";"SURIMANA";"NE_0001";"";"NE_0001";"NE_0001";"NE_0001";"NE_0001";"NE_0001";"NE_0001";"NE_0001"
"2023";"08";"080507";"CUSCO";"CANAS";"QUEHUE";"GOBIERNO REGIONAL";"I-2";"00002373";"QUEHUE";"NE_0001";"";"NE_0001";"NE_0001";"NE_0001";"NE_0001";"NE_0001";"NE_0001";"NE_0001"
"2023";"08";"080501";"CUSCO";"CANAS";"YANAOCA";"GOBIERNO REGIONAL";"I-4";"00002364";"YANAOCA";"NE_0001";"";"NE_0001";"NE_0001";"NE_0001";"NE_0001";"NE_0001";"NE_0001";"NE_0001"
"2023";"08";"080508";"CUSCO";"CANAS";"TUPAC AMARU";"GOBIERNO REGIONAL";"I-2";"00002376";"TUNGASUCA";"NE_0001";"";"NE_0001";"NE_0001";"NE_0001";"NE_0001";"NE_0001";"NE_0001";"NE_0001"
"2023";"08";"080501";"CUSCO";"CANAS";"YANAOCA";"GOBIERNO REGIONAL";"I-2";"00002365";"PONGOÑA";"NE_0001";"";"NE_0001";"NE_0001";"NE_0001";"NE_0001";"NE_0001";"NE_0001";"NE_0001"
"2023";"08";"080507";"CUSCO";"CANAS";"QUEHUE";"GOBIERNO REGIONAL";"I-2";"00002374";"HUINCHIRI";"NE_0001";"";"NE_0001";"NE_0001";"NE_0001";"NE_0001";"NE_0001";"NE_0001";"NE_0001"
"2023";"08";"080508";"CUSCO";"CANAS";"TUPAC AMARU";"GOBIERNO REGIONAL";"I-1";"00002377";"TOCCOCCORI";"NE_0001";"";"NE_0001";"NE_0001";"NE_0001";"NE_0001";"NE_0001";"NE_0001";"NE_0001"
"2023";"03";"130101";"LA LIBERTAD";"TRUJILLO";"TRUJILLO";"PRIVADO";"I-4";"00013371";"FARMEDICA SAC";"NE_0001";"";"NE_0001";"NE_0001";"NE_0001";"NE_0001";"NE_0001";"NE_0001";"NE_0001"
"2023";"08";"150143";"LIMA";"LIMA";"VILLA MARIA DEL TRIUNFO";"PRIVADO";"II-1";"00017824";"CLINICA MARIA HUARHUA E.I.R.L";"241600";"HOSPITALIZACIÓN QUIRÚRGICA OBSTETRICIA   ";"6";"6";"12";"12";"10";"15";"0"
"2023";"08";"100504";"HUANUCO";"HUAMALIES";"JACAS GRANDE";"GOBIERNO REGIONAL";"I-2";"00000906";"CARHUAPATA";"NE_0001";"";"NE_0001";"NE_0001";"NE_0001";"NE_0001";"NE_0001";"NE_0001";"NE_0001"
"2023";"08";"100504";"HUANUCO";"HUAMALIES";"JACAS GRANDE";"GOBIERNO REGIONAL";"I-2";"00000897";"JACAS GRANDE";"NE_0001";"";"NE_0001";"NE_0001";"NE_0001";"NE_0001";"NE_0001";"NE_0001";"NE_0001"
"2023";"03";"120404";"JUNIN";"JAUJA";"ATAURA";"GOBIERNO REGIONAL";"I-1";"00000367";"ATAURA";"NE_0002";"";"NE_0002";"NE_0002";"NE_0002";"NE_0002";"NE_0002";"NE_0002";"NE_0002"
"2023";"03";"120423";"JUNIN";"JAUJA";"PACCHA";"GOBIERNO REGIONAL";"I-1";"00000372";"MASAJCANCHA";"NE_0002";"";"NE_0002";"NE_0002";"NE_0002";"NE_0002";"NE_0002";"NE_0002";"NE_0002"
"2023";"03";"120430";"JUNIN";"JAUJA";"SAUSA";"GOBIERNO REGIONAL";"I-1";"00000376";"SAUSA";"NE_0002";"";"NE_0002";"NE_0002";"NE_0002";"NE_0002";"NE_0002";"NE_0002";"NE_0002"
"2023";"03";"120434";"JUNIN";"JAUJA";"YAUYOS";"GOBIERNO REGIONAL";"I-3";"00000377";"YAUYOS";"NE_0002";"";"NE_0002";"NE_0002";"NE_0002";"NE_0002";"NE_0002";"NE_0002";"NE_0002"
"2023";"03";"120423";"JUNIN";"JAUJA";"PACCHA";"GOBIERNO REGIONAL";"I-1";"00000371";"PACCHA MIRAFLORES";"NE_0002";"";"NE_0002";"NE_0002";"NE_0002";"NE_0002";"NE_0002";"NE_0002";"NE_0002"
"2023";"03";"120423";"JUNIN";"JAUJA";"PACCHA";"GOBIERNO REGIONAL";"I-1";"00000370";"CANCHAPUNCO";"NE_0002";"";"NE_0002";"NE_0002";"NE_0002";"NE_0002";"NE_0002";"NE_0002";"NE_0002"
"2023";"03";"120410";"JUNIN";"JAUJA";"HUERTAS";"GOBIERNO REGIONAL";"I-1";"00000368";"HUERTAS";"NE_0002";"";"NE_0002";"NE_0002";"NE_0002";"NE_0002";"NE_0002";"NE_0002";"NE_0002"
"2023";"03";"120422";"JUNIN";"JAUJA";"PACA";"GOBIERNO REGIONAL";"I-2";"00000369";"PACA";"NE_0002";"";"NE_0002";"NE_0002";"NE_0002";"NE_0002";"NE_0002";"NE_0002";"NE_0002"
"2023";"03";"120423";"JUNIN";"JAUJA";"PACCHA";"GOBIERNO REGIONAL";"I-1";"00000373";"PATACANCHA";"NE_0002";"";"NE_0002";"NE_0002";"NE_0002";"NE_0002";"NE_0002";"NE_0002";"NE_0002"
"2023";"03";"120434";"JUNIN";"JAUJA";"YAUYOS";"GOBIERNO REGIONAL";"I-1";"00000378";"HUANCAS";"NE_0002";"";"NE_0002";"NE_0002";"NE_0002";"NE_0002";"NE_0002";"NE_0002";"NE_0002"
"2023";"04";"060812";"CAJAMARCA";"JAEN";"SANTA ROSA";"GOBIERNO REGIONAL";"I-3";"00004261";"SANTA ROSA";"NE_0001";"";"NE_0001";"NE_0001";"NE_0001";"NE_0001";"NE_0001";"NE_0001";"NE_0001"
"2023";"04";"060812";"CAJAMARCA";"JAEN";"SANTA ROSA";"GOBIERNO REGIONAL";"I-1";"00004266";"SHUMBANA";"NE_0001";"";"NE_0001";"NE_0001";"NE_0001";"NE_0001";"NE_0001";"NE_0001";"NE_0001"
"2023";"04";"060812";"CAJAMARCA";"JAEN";"SANTA ROSA";"GOBIERNO REGIONAL";"I-1";"00004263";"PUYAYA";"NE_0001";"";"NE_0001";"NE_0001";"NE_0001";"NE_0001";"NE_0001";"NE_0001";"NE_0001"
"2023";"04";"060812";"CAJAMARCA";"JAEN";"SANTA ROSA";"GOBIERNO REGIONAL";"I-2";"00004264";"MONTANGO";"NE_0001";"";"NE_0001";"NE_0001";"NE_0001";"NE_0001";"NE_0001";"NE_0001";"NE_0001"
"2023";"04";"150130";"LIMA";"LIMA";"SAN BORJA";"PRIVADO";"II-E";"00015179";"CLINICA KIRSCHBAUM";"240800";"HOSPITALIZACIÓN QUIRÚRGICA CIRUGÍA PLÁSTICA/RECONSTRUCTIVA/ REPARADORA ";"34";"34";"51";"34";"10";"310";"0"
"2023";"04";"150121";"LIMA";"LIMA";"PUEBLO LIBRE";"PRIVADO";"II-E";"00015077";"LIGA CONTRA EL CÁNCER";"NE_0001";"";"NE_0001";"NE_0001";"NE_0001";"NE_0001";"NE_0001";"NE_0001";"NE_0001"
"2023";"04";"150131";"LIMA";"LIMA";"SAN ISIDRO";"PRIVADO";"II-E";"00018667";"CLINICA ARROYO";"NE_0001";"";"NE_0001";"NE_0001";"NE_0001";"NE_0001";"NE_0001";"NE_0001";"NE_0001"
"2023";"06";"220901";"SAN MARTIN";"SAN MARTIN";"TARAPOTO";"ESSALUD";"I-2";"00027727";"CENTRO DE ATENCIÓN PRIMARIA METROPOLITANO - ESSALUD";"NE_0001";"";"NE_0001";"NE_0001";"NE_0001";"NE_0001";"NE_0001";"NE_0001";"NE_0001"
"2023";"07";"150129";"LIMA";"LIMA";"SAN BARTOLO";"SANIDAD DE LA POLICIA NACIONAL DEL PERU";"I-2";"00019390";"POSTA MEDICA ETS. PNP. SAN BARTOLO";"NE_0001";"";"NE_0001";"NE_0001";"NE_0001";"NE_0001";"NE_0001";"NE_0001";"NE_0001"
"2023";"07";"150108";"LIMA";"LIMA";"CHORRILLOS";"PRIVADO";"II-2";"00010251";"CLINICA MAISON DE SANTE DEL SUR";"240000";"HOSPITALIZACIÓN";"85";"80";"391";"319";"20";"620";"1"
"2023";"07";"150108";"LIMA";"LIMA";"CHORRILLOS";"PRIVADO";"II-2";"00010251";"CLINICA MAISON DE SANTE DEL SUR";"241400";"HOSPITALIZACIÓN QUIRÚRGICA GINECO - OBSTETRICIA ";"26";"27";"48";"112";"7";"217";"0"
"2023";"07";"150108";"LIMA";"LIMA";"CHORRILLOS";"PRIVADO";"II-2";"00010251";"CLINICA MAISON DE SANTE DEL SUR";"250100";"UNIDAD DE CUIDADOS CRITICOS UNIDAD  DE CUIDADOS INTENSIVOS GENERALES (UCI) ";"3";"2";"68";"68";"6";"186";"0"
"2023";"07";"040122";"AREQUIPA";"AREQUIPA";"SOCABAYA";"ESSALUD";"I-3";"00013298";"CAP III MELITON SALAS TEJADA";"NE_0001";"";"NE_0001";"NE_0001";"NE_0001";"NE_0001";"NE_0001";"NE_0001";"NE_0001"
"2023";"07";"100102";"HUANUCO";"HUANUCO";"AMARILIS";"ESSALUD";"II-2";"00010571";"HOSPITAL II HUANUCO";"241800";"HOSPITALIZACIÓN DE MEDICINA MEDICINA GENERAL ";"99";"106";"851";"629";"22";"682";"8"
"2023";"07";"100102";"HUANUCO";"HUANUCO";"AMARILIS";"ESSALUD";"II-2";"00010571";"HOSPITAL II HUANUCO";"241300";"HOSPITALIZACIÓN QUIRÚRGICA UROLOGÍA  ";"15";"14";"40";"46";"2";"62";"0"
"2023";"07";"100102";"HUANUCO";"HUANUCO";"AMARILIS";"ESSALUD";"II-2";"00010571";"HOSPITAL II HUANUCO";"240100";"HOSPITALIZACIÓN QUIRÚRGICA CIRUGÍA GENERAL ";"78";"80";"322";"286";"12";"372";"0"
"2023";"07";"100102";"HUANUCO";"HUANUCO";"AMARILIS";"ESSALUD";"II-2";"00010571";"HOSPITAL II HUANUCO";"241200";"HOSPITALIZACIÓN QUIRÚRGICA TRAUMATOLOGÍA Y ORTOPEDIA ";"34";"33";"253";"235";"8";"248";"0"
"2023";"07";"100102";"HUANUCO";"HUANUCO";"AMARILIS";"ESSALUD";"II-2";"00010571";"HOSPITAL II HUANUCO";"241100";"HOSPITALIZACIÓN QUIRÚRGICA OTORRINOLARINGOLOGÍA  ";"1";"1";"1";"2";"1";"31";"0"
"2023";"07";"100102";"HUANUCO";"HUANUCO";"AMARILIS";"ESSALUD";"II-2";"00010571";"HOSPITAL II HUANUCO";"241500";"HOSPITALIZACIÓN QUIRÚRGICA GINECOLOGÍA  ";"11";"10";"49";"41";"3";"93";"0"
"2023";"07";"100102";"HUANUCO";"HUANUCO";"AMARILIS";"ESSALUD";"II-2";"00010571";"HOSPITAL II HUANUCO";"241600";"HOSPITALIZACIÓN QUIRÚRGICA OBSTETRICIA   ";"244";"175";"400";"412";"15";"465";"0"
"2023";"07";"100102";"HUANUCO";"HUANUCO";"AMARILIS";"ESSALUD";"II-2";"00010571";"HOSPITAL II HUANUCO";"242300";"HOSPITALIZACIÓN DE PEDIATRÍA  PEDIATRÍA  GENERAL ";"31";"34";"179";"174";"9";"279";"0"
"2023";"07";"100102";"HUANUCO";"HUANUCO";"AMARILIS";"ESSALUD";"II-2";"00010571";"HOSPITAL II HUANUCO";"243200";"HOSPITALIZACIÓN DE PEDIATRÍA PEDIATRIA NEONATOLOGÍA";"138";"115";"0";"207";"10";"310";"0"
"2023";"07";"100102";"HUANUCO";"HUANUCO";"AMARILIS";"ESSALUD";"II-2";"00010571";"HOSPITAL II HUANUCO";"250100";"UNIDAD DE CUIDADOS CRITICOS UNIDAD  DE CUIDADOS INTENSIVOS GENERALES (UCI) ";"23";"23";"138";"193";"9";"279";"1"
"2023";"07";"100102";"HUANUCO";"HUANUCO";"AMARILIS";"ESSALUD";"II-2";"00010571";"HOSPITAL II HUANUCO";"250200";"UNIDAD DE CUIDADOS CRITICOS UNIDAD DE CUIDADOS INTERMEDIOS GENERAL  (UCIN) ";"4";"5";"57";"103";"4";"124";"7"
"2023";"07";"100102";"HUANUCO";"HUANUCO";"AMARILIS";"ESSALUD";"II-2";"00010571";"HOSPITAL II HUANUCO";"250201";"UNIDAD DE CUIDADOS CRITICOS UNIDAD DE CUIDADOS INTERMEDIOS  (UCIN) NEONATAL";"15";"15";"51";"105";"6";"186";"0"
"2023";"07";"030501";"APURIMAC";"COTABAMBAS";"TAMBOBAMBA";"GOBIERNO REGIONAL";"II-1";"00002625";"TAMBOBAMBA";"241400";"HOSPITALIZACIÓN QUIRÚRGICA GINECO - OBSTETRICIA ";"40";"40";"100";"40";"4";"48";"0"
"2023";"07";"030501";"APURIMAC";"COTABAMBAS";"TAMBOBAMBA";"GOBIERNO REGIONAL";"II-1";"00002625";"TAMBOBAMBA";"242300";"HOSPITALIZACIÓN DE PEDIATRÍA  PEDIATRÍA  GENERAL ";"1";"1";"4";"1";"4";"5";"0"
"2023";"07";"030501";"APURIMAC";"COTABAMBAS";"TAMBOBAMBA";"GOBIERNO REGIONAL";"II-1";"00002625";"TAMBOBAMBA";"241600";"HOSPITALIZACIÓN QUIRÚRGICA OBSTETRICIA   ";"2";"2";"4";"2";"2";"4";"0"
"2023";"07";"030501";"APURIMAC";"COTABAMBAS";"TAMBOBAMBA";"GOBIERNO REGIONAL";"II-1";"00002625";"TAMBOBAMBA";"241800";"HOSPITALIZACIÓN DE MEDICINA MEDICINA GENERAL ";"20";"20";"35";"20";"8";"100";"0"
"2023";"07";"040122";"AREQUIPA";"AREQUIPA";"SOCABAYA";"GOBIERNO REGIONAL";"I-2";"00001272";"PUESTO DE SALUD SALAVERRY";"NE_0001";"";"NE_0001";"NE_0001";"NE_0001";"NE_0001";"NE_0001";"NE_0001";"NE_0001"
"2023";"07";"040122";"AREQUIPA";"AREQUIPA";"SOCABAYA";"GOBIERNO REGIONAL";"I-3";"00030346";"CENTRO DE SALUD MENTAL COMUNITARIO SOCABAYA";"NE_0001";"";"NE_0001";"NE_0001";"NE_0001";"NE_0001";"NE_0001";"NE_0001";"NE_0001"
"2023";"07";"040122";"AREQUIPA";"AREQUIPA";"SOCABAYA";"GOBIERNO REGIONAL";"I-2";"00001269";"PUESTO DE SALUD CIUDAD MI TRABAJO";"NE_0001";"";"NE_0001";"NE_0001";"NE_0001";"NE_0001";"NE_0001";"NE_0001";"NE_0001"
"2023";"07";"040122";"AREQUIPA";"AREQUIPA";"SOCABAYA";"GOBIERNO REGIONAL";"I-3";"00001271";"CENTRO DE SALUD SAN FERNANDO";"NE_0001";"";"NE_0001";"NE_0001";"NE_0001";"NE_0001";"NE_0001";"NE_0001";"NE_0001"
"2023";"07";"040122";"AREQUIPA";"AREQUIPA";"SOCABAYA";"GOBIERNO REGIONAL";"I-2";"00001270";"PUESTO DE SALUD LARA";"NE_0001";"";"NE_0001";"NE_0001";"NE_0001";"NE_0001";"NE_0001";"NE_0001";"NE_0001"
"2023";"07";"040122";"AREQUIPA";"AREQUIPA";"SOCABAYA";"GOBIERNO REGIONAL";"I-2";"00023338";"PUESTO DE SALUD HORACIO ZEBALLOS GÁMEZ";"NE_0001";"";"NE_0001";"NE_0001";"NE_0001";"NE_0001";"NE_0001";"NE_0001";"NE_0001"
"2023";"07";"040122";"AREQUIPA";"AREQUIPA";"SOCABAYA";"GOBIERNO REGIONAL";"I-3";"00001258";"CENTRO DE SALUD SAN MARTIN DE SOCABAYA";"NE_0001";"";"NE_0001";"NE_0001";"NE_0001";"NE_0001";"NE_0001";"NE_0001";"NE_0001"
"2023";"07";"040122";"AREQUIPA";"AREQUIPA";"SOCABAYA";"GOBIERNO REGIONAL";"I-3";"00001268";"CENTRO DE SALUD 4 DE OCTUBRE";"NE_0001";"";"NE_0001";"NE_0001";"NE_0001";"NE_0001";"NE_0001";"NE_0001";"NE_0001"
"2023";"07";"240101";"TUMBES";"TUMBES";"TUMBES";"GOBIERNO REGIONAL";"I-3";"00028923";"CENTRO DE SALUD MENTAL COMUNITARIO ""VIRGEN DEL CISNE""";"NE_0001";"";"NE_0001";"NE_0001";"NE_0001";"NE_0001";"NE_0001";"NE_0001";"NE_0001"
"2023";"07";"240101";"TUMBES";"TUMBES";"TUMBES";"GOBIERNO REGIONAL";"0";"00029717";"I HOGAR PROTEGIDO TUMBES";"NE_0001";"";"NE_0001";"NE_0001";"NE_0001";"NE_0001";"NE_0001";"NE_0001";"NE_0001"
"2023";"07";"240104";"TUMBES";"TUMBES";"PAMPAS DE HOSPITAL";"GOBIERNO REGIONAL";"I-1";"00001877";"CRUZ BLANCA.";"NE_0001";"";"NE_0001";"NE_0001";"NE_0001";"NE_0001";"NE_0001";"NE_0001";"NE_0001"
"2023";"07";"240106";"TUMBES";"TUMBES";"SAN JUAN DE LA VIRGEN";"GOBIERNO REGIONAL";"I-1";"00001880";"CERRO BLANCO";"NE_0001";"";"NE_0001";"NE_0001";"NE_0001";"NE_0001";"NE_0001";"NE_0001";"NE_0001"
"2023";"07";"240101";"TUMBES";"TUMBES";"TUMBES";"GOBIERNO REGIONAL";"I-2";"00001883";"PUERTO PIZARRO";"NE_0001";"";"NE_0001";"NE_0001";"NE_0001";"NE_0001";"NE_0001";"NE_0001";"NE_0001"
"2023";"07";"240101";"TUMBES";"TUMBES";"TUMBES";"GOBIERNO REGIONAL";"I-3";"00001884";"CLAS ANDRES ARAUJO MORAN";"NE_0001";"";"NE_0001";"NE_0001";"NE_0001";"NE_0001";"NE_0001";"NE_0001";"NE_0001"
"2023";"07";"240101";"TUMBES";"TUMBES";"TUMBES";"GOBIERNO REGIONAL";"0";"00013886";"LABORATORIO DE REFERENCIA REGIONAL DE SALUD PUBLICA";"NE_0001";"";"NE_0001";"NE_0001";"NE_0001";"NE_0001";"NE_0001";"NE_0001";"NE_0001"
"2023";"07";"240104";"TUMBES";"TUMBES";"PAMPAS DE HOSPITAL";"GOBIERNO REGIONAL";"I-2";"00001876";"CABUYAL";"NE_0001";"";"NE_0001";"NE_0001";"NE_0001";"NE_0001";"NE_0001";"NE_0001";"NE_0001"
"2023";"07";"240106";"TUMBES";"TUMBES";"SAN JUAN DE LA VIRGEN";"GOBIERNO REGIONAL";"I-1";"00001881";"GARBANZAL";"NE_0001";"";"NE_0001";"NE_0001";"NE_0001";"NE_0001";"NE_0001";"NE_0001";"NE_0001"
"2023";"07";"240101";"TUMBES";"TUMBES";"TUMBES";"GOBIERNO REGIONAL";"0";"00027613";"SAMU -TUMBES";"NE_0001";"";"NE_0001";"NE_0001";"NE_0001";"NE_0001";"NE_0001";"NE_0001";"NE_0001"
"2023";"07";"240104";"TUMBES";"TUMBES";"PAMPAS DE HOSPITAL";"GOBIERNO REGIONAL";"I-3";"00001875";"PAMPAS DE HOSPITAL";"NE_0001";"";"NE_0001";"NE_0001";"NE_0001";"NE_0001";"NE_0001";"NE_0001";"NE_0001"
"2023";"07";"240101";"TUMBES";"TUMBES";"TUMBES";"GOBIERNO REGIONAL";"I-4";"00001882";"PAMPA GRANDE";"241800";"HOSPITALIZACIÓN DE MEDICINA MEDICINA GENERAL ";"11";"11";"12";"11";"1";"31";"0"
"2023";"07";"240101";"TUMBES";"TUMBES";"TUMBES";"GOBIERNO REGIONAL";"I-2";"00023014";"GERARDO GONZALES VILLEGAS";"NE_0001";"";"NE_0001";"NE_0001";"NE_0001";"NE_0001";"NE_0001";"NE_0001";"NE_0001"
"2023";"08";"070101";"CALLAO";"CALLAO";"CALLAO";"GOBIERNO REGIONAL";"I-2";"00006226";"PUESTO DE SALUD PUERTO NUEVO";"NE_0001";"";"NE_0001";"NE_0001";"NE_0001";"NE_0001";"NE_0001";"NE_0001";"NE_0001"
"2023";"08";"070101";"CALLAO";"CALLAO";"CALLAO";"GOBIERNO REGIONAL";"I-2";"00006220";"PUESTO DE SALUD MANUEL BONILLA";"NE_0001";"";"NE_0001";"NE_0001";"NE_0001";"NE_0001";"NE_0001";"NE_0001";"NE_0001"
"2023";"08";"060610";"CAJAMARCA";"CUTERVO";"SAN LUIS DE LUCMA";"GOBIERNO REGIONAL";"I-1";"00005039";"SANTO DOMINGO DE LA LUCMA";"NE_0001";"";"NE_0001";"NE_0001";"NE_0001";"NE_0001";"NE_0001";"NE_0001";"NE_0001"
"2023";"08";"120607";"JUNIN";"SATIPO";"RIO NEGRO";"GOBIERNO REGIONAL";"I-2";"00000503";"UNION CUVIRIAKI";"NE_0001";"";"NE_0001";"NE_0001";"NE_0001";"NE_0001";"NE_0001";"NE_0001";"NE_0001"
"2023";"08";"120607";"JUNIN";"SATIPO";"RIO NEGRO";"GOBIERNO REGIONAL";"I-1";"00000504";"SHABASHIPANGO";"NE_0001";"";"NE_0001";"NE_0001";"NE_0001";"NE_0001";"NE_0001";"NE_0001";"NE_0001"
"2023";"08";"120601";"JUNIN";"SATIPO";"SATIPO";"GOBIERNO REGIONAL";"I-1";"00013864";"CANAAN DEL NORTE";"NE_0001";"";"NE_0001";"NE_0001";"NE_0001";"NE_0001";"NE_0001";"NE_0001";"NE_0001"
"2023";"08";"120601";"JUNIN";"SATIPO";"SATIPO";"GOBIERNO REGIONAL";"I-2";"00000478";"RIO VENADO";"NE_0001";"";"NE_0001";"NE_0001";"NE_0001";"NE_0001";"NE_0001";"NE_0001";"NE_0001"
"2023";"08";"120607";"JUNIN";"SATIPO";"RIO NEGRO";"GOBIERNO REGIONAL";"I-2";"00000502";"CUSHIVIANI";"NE_0001";"";"NE_0001";"NE_0001";"NE_0001";"NE_0001";"NE_0001";"NE_0001";"NE_0001"
"2023";"08";"120607";"JUNIN";"SATIPO";"RIO NEGRO";"GOBIERNO REGIONAL";"I-2";"00000477";"HUAHUARI";"NE_0001";"";"NE_0001";"NE_0001";"NE_0001";"NE_0001";"NE_0001";"NE_0001";"NE_0001"
"2023";"08";"120601";"JUNIN";"SATIPO";"SATIPO";"GOBIERNO REGIONAL";"I-2";"00000479";"SANTO DOMINGO DE MARANKIARI";"NE_0001";"";"NE_0001";"NE_0001";"NE_0001";"NE_0001";"NE_0001";"NE_0001";"NE_0001"
"2023";"08";"120601";"JUNIN";"SATIPO";"SATIPO";"GOBIERNO REGIONAL";"I-1";"00000484";"ALTO PAURELI";"NE_0001";"";"NE_0001";"NE_0001";"NE_0001";"NE_0001";"NE_0001";"NE_0001";"NE_0001"
"2023";"08";"120607";"JUNIN";"SATIPO";"RIO NEGRO";"GOBIERNO REGIONAL";"I-3";"00000495";"RIO NEGRO";"NE_0001";"";"NE_0001";"NE_0001";"NE_0001";"NE_0001";"NE_0001";"NE_0001";"NE_0001"
"2023";"08";"120607";"JUNIN";"SATIPO";"RIO NEGRO";"GOBIERNO REGIONAL";"I-2";"00000505";"SAN JUAN DE CHENI";"NE_0001";"";"NE_0001";"NE_0001";"NE_0001";"NE_0001";"NE_0001";"NE_0001";"NE_0001"
"2023";"08";"230101";"TACNA";"TACNA";"TACNA";"PRIVADO";"II-1";"00027462";"CLINICA LA LUZ";"240300";"HOSPITALIZACIÓN QUIRÚRGICA CIRUGÍA DIGESTIVA ";"37";"37";"42";"37";"13";"185";"0"
"2023";"08";"230101";"TACNA";"TACNA";"TACNA";"PRIVADO";"II-1";"00027462";"CLINICA LA LUZ";"240800";"HOSPITALIZACIÓN QUIRÚRGICA CIRUGÍA PLÁSTICA/RECONSTRUCTIVA/ REPARADORA ";"16";"16";"16";"16";"10";"132";"0"
"2023";"08";"230101";"TACNA";"TACNA";"TACNA";"PRIVADO";"II-1";"00027462";"CLINICA LA LUZ";"241500";"HOSPITALIZACIÓN QUIRÚRGICA GINECOLOGÍA  ";"8";"8";"11";"8";"6";"64";"0"
"2023";"08";"230101";"TACNA";"TACNA";"TACNA";"PRIVADO";"II-1";"00027462";"CLINICA LA LUZ";"243200";"HOSPITALIZACIÓN DE PEDIATRÍA PEDIATRIA NEONATOLOGÍA";"8";"8";"13";"8";"5";"58";"0"
"2023";"08";"230101";"TACNA";"TACNA";"TACNA";"PRIVADO";"II-1";"00027462";"CLINICA LA LUZ";"241200";"HOSPITALIZACIÓN QUIRÚRGICA TRAUMATOLOGÍA Y ORTOPEDIA ";"7";"7";"8";"7";"5";"32";"0"
"2023";"08";"230101";"TACNA";"TACNA";"TACNA";"PRIVADO";"II-1";"00027462";"CLINICA LA LUZ";"241300";"HOSPITALIZACIÓN QUIRÚRGICA UROLOGÍA  ";"5";"5";"12";"5";"5";"25";"0"
"2023";"08";"230101";"TACNA";"TACNA";"TACNA";"PRIVADO";"II-1";"00027462";"CLINICA LA LUZ";"240900";"HOSPITALIZACIÓN QUIRÚRGICA NEUROCIRUGÍA ";"4";"4";"15";"4";"4";"18";"0"
"2023";"08";"230101";"TACNA";"TACNA";"TACNA";"PRIVADO";"II-1";"00027462";"CLINICA LA LUZ";"242300";"HOSPITALIZACIÓN DE PEDIATRÍA  PEDIATRÍA  GENERAL ";"3";"3";"14";"3";"2";"7";"0"
"2023";"08";"230101";"TACNA";"TACNA";"TACNA";"PRIVADO";"II-1";"00027462";"CLINICA LA LUZ";"241600";"HOSPITALIZACIÓN QUIRÚRGICA OBSTETRICIA   ";"1";"1";"2";"1";"1";"3";"0"
"2023";"08";"230101";"TACNA";"TACNA";"TACNA";"PRIVADO";"II-1";"00027462";"CLINICA LA LUZ";"240400";"HOSPITALIZACIÓN QUIRÚRGICA CIRUGÍA DE TÓRAX Y CARDIOVASCULAR ";"1";"1";"6";"1";"1";"3";"0"
"2023";"08";"120119";"JUNIN";"HUANCAYO";"HUANCAN";"GOBIERNO REGIONAL";"I-2";"00000621";"HUARI";"NE_0001";"";"NE_0001";"NE_0001";"NE_0001";"NE_0001";"NE_0001";"NE_0001";"NE_0001"
"2023";"08";"130705";"LA LIBERTAD";"PACASMAYO";"SAN JOSE";"GOBIERNO REGIONAL";"I-3";"00005297";"SAN JOSE";"NE_0001";"";"NE_0001";"NE_0001";"NE_0001";"NE_0001";"NE_0001";"NE_0001";"NE_0001"
"2023";"08";"180104";"MOQUEGUA";"MARISCAL NIETO";"SAMEGUA";"SANIDAD DE LA POLICIA NACIONAL DEL PERU";"I-2";"00015236";"POSTA MEDICA POLICIAL MOQUEGUA";"NE_0001";"";"NE_0001";"NE_0001";"NE_0001";"NE_0001";"NE_0001";"NE_0001";"NE_0001"
"2023";"08";"220801";"SAN MARTIN";"RIOJA";"RIOJA";"GOBIERNO REGIONAL";"II-1";"00006732";"HOSPITAL DE RIOJA";"240100";"HOSPITALIZACIÓN QUIRÚRGICA CIRUGÍA GENERAL ";"65";"72";"331";"331";"11";"341";"0"
"2023";"08";"220801";"SAN MARTIN";"RIOJA";"RIOJA";"GOBIERNO REGIONAL";"II-1";"00006732";"HOSPITAL DE RIOJA";"241200";"HOSPITALIZACIÓN QUIRÚRGICA TRAUMATOLOGÍA Y ORTOPEDIA ";"29";"32";"178";"178";"6";"186";"0"
"2023";"08";"220801";"SAN MARTIN";"RIOJA";"RIOJA";"GOBIERNO REGIONAL";"II-1";"00006732";"HOSPITAL DE RIOJA";"241300";"HOSPITALIZACIÓN QUIRÚRGICA UROLOGÍA  ";"3";"3";"18";"18";"1";"31";"0"
"2023";"08";"220801";"SAN MARTIN";"RIOJA";"RIOJA";"GOBIERNO REGIONAL";"II-1";"00006732";"HOSPITAL DE RIOJA";"241500";"HOSPITALIZACIÓN QUIRÚRGICA GINECOLOGÍA  ";"77";"81";"194";"194";"9";"279";"0"
"2023";"08";"220801";"SAN MARTIN";"RIOJA";"RIOJA";"GOBIERNO REGIONAL";"II-1";"00006732";"HOSPITAL DE RIOJA";"241600";"HOSPITALIZACIÓN QUIRÚRGICA OBSTETRICIA   ";"103";"108";"252";"252";"14";"434";"0"
"2023";"08";"220801";"SAN MARTIN";"RIOJA";"RIOJA";"GOBIERNO REGIONAL";"II-1";"00006732";"HOSPITAL DE RIOJA";"241800";"HOSPITALIZACIÓN DE MEDICINA MEDICINA GENERAL ";"34";"47";"365";"365";"12";"372";"5"
"2023";"08";"220801";"SAN MARTIN";"RIOJA";"RIOJA";"GOBIERNO REGIONAL";"II-1";"00006732";"HOSPITAL DE RIOJA";"242500";"HOSPITALIZACIÓN-PEDIATRÍA GENERAL-";"49";"54";"208";"208";"10";"310";"0"
"2023";"08";"220801";"SAN MARTIN";"RIOJA";"RIOJA";"GOBIERNO REGIONAL";"II-1";"00006732";"HOSPITAL DE RIOJA";"243200";"HOSPITALIZACIÓN DE PEDIATRÍA PEDIATRIA NEONATOLOGÍA";"20";"21";"81";"81";"7";"217";"1"
"2023";"08";"070101";"CALLAO";"CALLAO";"CALLAO";"GOBIERNO REGIONAL";"0";"00031162";"HOGAR PROTEGIDO ACAPULCO";"NE_0001";"";"NE_0001";"NE_0001";"NE_0001";"NE_0001";"NE_0001";"NE_0001";"NE_0001"
"2023";"08";"070101";"CALLAO";"CALLAO";"CALLAO";"GOBIERNO REGIONAL";"I-2";"00020823";"CENTRO DE SALUD MENTAL COMUNITARIO SARITA COLONIA";"NE_0001";"";"NE_0001";"NE_0001";"NE_0001";"NE_0001";"NE_0001";"NE_0001";"NE_0001"
"2023";"08";"070101";"CALLAO";"CALLAO";"CALLAO";"GOBIERNO REGIONAL";"I-2";"00006233";"PUESTO DE SALUD JUAN PABLO II";"NE_0001";"";"NE_0001";"NE_0001";"NE_0001";"NE_0001";"NE_0001";"NE_0001";"NE_0001"
"2023";"08";"070101";"CALLAO";"CALLAO";"CALLAO";"GOBIERNO REGIONAL";"I-4";"00006230";"CENTRO DE SALUD ACAPULCO";"241400";"HOSPITALIZACIÓN QUIRÚRGICA GINECO - OBSTETRICIA ";"2";"2";"2";"62";"8";"248";"0"
"2023";"08";"130107";"LA LIBERTAD";"TRUJILLO";"MOCHE";"GOBIERNO REGIONAL";"II-1";"00007152";"HOSPITAL DISTRITAL ALTO MOCHE-WALTER CRUZ VILCA";"241400";"HOSPITALIZACIÓN QUIRÚRGICA GINECO - OBSTETRICIA ";"25";"26";"28";"12";"12";"372";"0"
"2023";"08";"150801";"LIMA";"HUAURA";"HUACHO";"PRIVADO";"II-1";"00010883";"CLINICA SAN PEDRO";"240100";"HOSPITALIZACIÓN QUIRÚRGICA CIRUGÍA GENERAL ";"30";"29";"32";"29";"2";"60";"0"
"2023";"08";"150801";"LIMA";"HUAURA";"HUACHO";"PRIVADO";"II-1";"00010883";"CLINICA SAN PEDRO";"240800";"HOSPITALIZACIÓN QUIRÚRGICA CIRUGÍA PLÁSTICA/RECONSTRUCTIVA/ REPARADORA ";"2";"2";"0";"2";"1";"30";"0"
"2023";"08";"150801";"LIMA";"HUAURA";"HUACHO";"PRIVADO";"II-1";"00010883";"CLINICA SAN PEDRO";"241500";"HOSPITALIZACIÓN QUIRÚRGICA GINECOLOGÍA  ";"19";"19";"29";"19";"4";"120";"0"
"2023";"08";"150801";"LIMA";"HUAURA";"HUACHO";"PRIVADO";"II-1";"00010883";"CLINICA SAN PEDRO";"241900";"HOSPITALIZACIÓN DE MEDICINA MEDICINA INTERNA ";"5";"3";"7";"5";"5";"150";"0"
"2023";"08";"150801";"LIMA";"HUAURA";"HUACHO";"PRIVADO";"II-1";"00010883";"CLINICA SAN PEDRO";"241200";"HOSPITALIZACIÓN QUIRÚRGICA TRAUMATOLOGÍA Y ORTOPEDIA ";"53";"53";"47";"40";"2";"60";"0"
"2023";"08";"150801";"LIMA";"HUAURA";"HUACHO";"PRIVADO";"II-1";"00010883";"CLINICA SAN PEDRO";"241300";"HOSPITALIZACIÓN QUIRÚRGICA UROLOGÍA  ";"4";"4";"6";"4";"1";"30";"0"
"2023";"08";"150801";"LIMA";"HUAURA";"HUACHO";"PRIVADO";"II-1";"00010883";"CLINICA SAN PEDRO";"242500";"HOSPITALIZACIÓN-PEDIATRÍA GENERAL-";"1";"1";"1";"1";"1";"30";"0"
"2023";"08";"150801";"LIMA";"HUAURA";"HUACHO";"PRIVADO";"II-1";"00010883";"CLINICA SAN PEDRO";"240400";"HOSPITALIZACIÓN QUIRÚRGICA CIRUGÍA DE TÓRAX Y CARDIOVASCULAR ";"1";"1";"1";"1";"1";"30";"0"
"2023";"08";"160101";"LORETO";"MAYNAS";"IQUITOS";"SANIDAD DE LA FUERZA AEREA DEL PERU";"I-4";"00010605";"HOSPITAL REGIONAL DEL ORIENTE - FAP";"241800";"HOSPITALIZACIÓN DE MEDICINA MEDICINA GENERAL ";"1";"1";"132";"52";"20";"310";"0"
"2023";"08";"130111";"LA LIBERTAD";"TRUJILLO";"VICTOR LARCO HERRERA";"PRIVADO";"II-1";"00010581";"SANNA/SANCHEZ FERRER S.A.";"241900";"HOSPITALIZACIÓN DE MEDICINA MEDICINA INTERNA ";"45";"46";"206";"232";"7";"278";"4"
"2023";"08";"130111";"LA LIBERTAD";"TRUJILLO";"VICTOR LARCO HERRERA";"PRIVADO";"II-1";"00010581";"SANNA/SANCHEZ FERRER S.A.";"241400";"HOSPITALIZACIÓN QUIRÚRGICA GINECO - OBSTETRICIA ";"52";"52";"106";"150";"4";"202";"0"
"2023";"08";"130111";"LA LIBERTAD";"TRUJILLO";"VICTOR LARCO HERRERA";"PRIVADO";"II-1";"00010581";"SANNA/SANCHEZ FERRER S.A.";"242300";"HOSPITALIZACIÓN DE PEDIATRÍA  PEDIATRÍA  GENERAL ";"20";"22";"69";"81";"3";"103";"0"
"2023";"08";"130111";"LA LIBERTAD";"TRUJILLO";"VICTOR LARCO HERRERA";"PRIVADO";"II-1";"00010581";"SANNA/SANCHEZ FERRER S.A.";"240100";"HOSPITALIZACIÓN QUIRÚRGICA CIRUGÍA GENERAL ";"48";"49";"72";"115";"4";"164";"0"
"2023";"08";"130111";"LA LIBERTAD";"TRUJILLO";"VICTOR LARCO HERRERA";"PRIVADO";"II-1";"00010581";"SANNA/SANCHEZ FERRER S.A.";"241200";"HOSPITALIZACIÓN QUIRÚRGICA TRAUMATOLOGÍA Y ORTOPEDIA ";"38";"38";"90";"122";"3";"160";"0"
"2023";"08";"130111";"LA LIBERTAD";"TRUJILLO";"VICTOR LARCO HERRERA";"PRIVADO";"II-1";"00010581";"SANNA/SANCHEZ FERRER S.A.";"240900";"HOSPITALIZACIÓN QUIRÚRGICA NEUROCIRUGÍA ";"13";"13";"33";"42";"2";"55";"0"
"2023";"08";"130111";"LA LIBERTAD";"TRUJILLO";"VICTOR LARCO HERRERA";"PRIVADO";"II-1";"00010581";"SANNA/SANCHEZ FERRER S.A.";"244300";"HOSPITALIZACIÓN DE MEDICINA GASTROENTEROLOGÍA  ";"4";"5";"18";"15";"2";"20";"0"
"2023";"08";"130111";"LA LIBERTAD";"TRUJILLO";"VICTOR LARCO HERRERA";"PRIVADO";"II-1";"00010581";"SANNA/SANCHEZ FERRER S.A.";"241300";"HOSPITALIZACIÓN QUIRÚRGICA UROLOGÍA  ";"12";"12";"21";"34";"2";"46";"0"
"2023";"08";"130111";"LA LIBERTAD";"TRUJILLO";"VICTOR LARCO HERRERA";"PRIVADO";"II-1";"00010581";"SANNA/SANCHEZ FERRER S.A.";"240200";"HOSPITALIZACIÓN QUIRÚRGICA CIRUGÍA DE CABEZA Y CUELLO / MÁXILO FACIAL ";"8";"8";"12";"20";"3";"28";"0"
"2023";"08";"130111";"LA LIBERTAD";"TRUJILLO";"VICTOR LARCO HERRERA";"PRIVADO";"II-1";"00010581";"SANNA/SANCHEZ FERRER S.A.";"240400";"HOSPITALIZACIÓN QUIRÚRGICA CIRUGÍA DE TÓRAX Y CARDIOVASCULAR ";"6";"5";"17";"22";"1";"27";"0"
"2023";"08";"130111";"LA LIBERTAD";"TRUJILLO";"VICTOR LARCO HERRERA";"PRIVADO";"II-1";"00010581";"SANNA/SANCHEZ FERRER S.A.";"242100";"HOSPITALIZACIÓN DE MEDICINA ONCOLOGÍA MÉDICA ";"2";"2";"5";"7";"1";"9";"0"
"2023";"08";"130111";"LA LIBERTAD";"TRUJILLO";"VICTOR LARCO HERRERA";"PRIVADO";"II-1";"00010581";"SANNA/SANCHEZ FERRER S.A.";"241100";"HOSPITALIZACIÓN QUIRÚRGICA OTORRINOLARINGOLOGÍA  ";"5";"5";"14";"19";"1";"24";"0"
"2023";"08";"130111";"LA LIBERTAD";"TRUJILLO";"VICTOR LARCO HERRERA";"PRIVADO";"II-1";"00010581";"SANNA/SANCHEZ FERRER S.A.";"250103";"UNIDAD DE CUIDADOS CRITICOS UNIDAD  DE CUIDADOS INTENSIVOS GENERALES  (UCI) MEDICINA";"2";"2";"21";"24";"1";"26";"0"
"2023";"08";"130111";"LA LIBERTAD";"TRUJILLO";"VICTOR LARCO HERRERA";"PRIVADO";"II-1";"00010581";"SANNA/SANCHEZ FERRER S.A.";"241000";"HOSPITALIZACIÓN QUIRÚRGICA ONCOLOGÍA QUIRÚRGICA  ";"2";"2";"7";"9";"1";"11";"0"
"2023";"08";"130111";"LA LIBERTAD";"TRUJILLO";"VICTOR LARCO HERRERA";"PRIVADO";"II-1";"00010581";"SANNA/SANCHEZ FERRER S.A.";"245300";"HOSPITALIZACIÓN DE MEDICINA NEUMOLOGÍA  ";"2";"1";"2";"3";"1";"4";"0"
"2023";"08";"130111";"LA LIBERTAD";"TRUJILLO";"VICTOR LARCO HERRERA";"PRIVADO";"II-1";"00010581";"SANNA/SANCHEZ FERRER S.A.";"240700";"HOSPITALIZACIÓN QUIRÚRGICA CIRUGÍA PEDIÁTRICA ";"2";"1";"5";"6";"1";"7";"0"
"2023";"08";"080106";"CUSCO";"CUSCO";"SANTIAGO";"PRIVADO";"II-E";"00024173";"OXIGEN MEDICAL NETWORK";"240100";"HOSPITALIZACIÓN QUIRÚRGICA CIRUGÍA GENERAL ";"33";"31";"133";"36";"13";"403";"0"
"2023";"08";"080106";"CUSCO";"CUSCO";"SANTIAGO";"PRIVADO";"II-E";"00024173";"OXIGEN MEDICAL NETWORK";"241800";"HOSPITALIZACIÓN DE MEDICINA MEDICINA GENERAL ";"149";"151";"129";"159";"12";"372";"0"
"2023";"08";"080106";"CUSCO";"CUSCO";"SANTIAGO";"PRIVADO";"II-E";"00024173";"OXIGEN MEDICAL NETWORK";"250100";"UNIDAD DE CUIDADOS CRITICOS UNIDAD  DE CUIDADOS INTENSIVOS GENERALES (UCI) ";"2";"2";"11";"2";"10";"310";"0"
"2023";"08";"210101";"PUNO";"PUNO";"PUNO";"PRIVADO";"II-1";"00009685";"CLINICA PUNO";"240100";"HOSPITALIZACIÓN QUIRÚRGICA CIRUGÍA GENERAL ";"3";"3";"6";"3";"1";"24";"0"
"2023";"08";"210101";"PUNO";"PUNO";"PUNO";"PRIVADO";"II-1";"00009685";"CLINICA PUNO";"240100";"HOSPITALIZACIÓN QUIRÚRGICA CIRUGÍA GENERAL ";"16";"16";"32";"20";"2";"28";"0"
"2023";"08";"210101";"PUNO";"PUNO";"PUNO";"PRIVADO";"II-1";"00009685";"CLINICA PUNO";"241400";"HOSPITALIZACIÓN QUIRÚRGICA GINECO - OBSTETRICIA ";"5";"5";"12";"5";"2";"40";"0"
"2023";"08";"210101";"PUNO";"PUNO";"PUNO";"PRIVADO";"II-1";"00009685";"CLINICA PUNO";"241300";"HOSPITALIZACIÓN QUIRÚRGICA UROLOGÍA  ";"2";"2";"7";"2";"1";"23";"0"
"2023";"08";"210101";"PUNO";"PUNO";"PUNO";"PRIVADO";"II-1";"00009685";"CLINICA PUNO";"241200";"HOSPITALIZACIÓN QUIRÚRGICA TRAUMATOLOGÍA Y ORTOPEDIA ";"4";"4";"5";"5";"1";"25";"0"
"2023";"08";"021806";"ANCASH";"SANTA";"NEPEÑA";"ESSALUD";"I-3";"00009921";"CENTRO DE ATENCION PRIMARIA II SAN JACINTO";"NE_0001";"";"NE_0001";"NE_0001";"NE_0001";"NE_0001";"NE_0001";"NE_0001";"NE_0001"
"2023";"07";"240101";"TUMBES";"TUMBES";"TUMBES";"PRIVADO";"I-4";"00007795";"CENTRO MEDICO LA FAMILIA";"NE_0002";"";"NE_0002";"NE_0002";"NE_0002";"NE_0002";"NE_0002";"NE_0002";"NE_0002"
"2023";"08";"060303";"CAJAMARCA";"CELENDIN";"CORTEGANA";"GOBIERNO REGIONAL";"I-1";"00004474";"YAGEN";"NE_0001";"";"NE_0001";"NE_0001";"NE_0001";"NE_0001";"NE_0001";"NE_0001";"NE_0001"
"2023";"08";"060303";"CAJAMARCA";"CELENDIN";"CORTEGANA";"GOBIERNO REGIONAL";"I-1";"00006757";"CANDEN";"NE_0001";"";"NE_0001";"NE_0001";"NE_0001";"NE_0001";"NE_0001";"NE_0001";"NE_0001"
"2023";"08";"060303";"CAJAMARCA";"CELENDIN";"CORTEGANA";"GOBIERNO REGIONAL";"I-1";"00006758";"MUSADEN";"NE_0001";"";"NE_0001";"NE_0001";"NE_0001";"NE_0001";"NE_0001";"NE_0001";"NE_0001"
"2023";"08";"060303";"CAJAMARCA";"CELENDIN";"CORTEGANA";"GOBIERNO REGIONAL";"I-1";"00004475";"ANDAMACHAY";"NE_0001";"";"NE_0001";"NE_0001";"NE_0001";"NE_0001";"NE_0001";"NE_0001";"NE_0001"
"2023";"08";"060303";"CAJAMARCA";"CELENDIN";"CORTEGANA";"GOBIERNO REGIONAL";"I-3";"00004477";"CORTEGANA";"NE_0001";"";"NE_0001";"NE_0001";"NE_0001";"NE_0001";"NE_0001";"NE_0001";"NE_0001"
"2023";"08";"060303";"CAJAMARCA";"CELENDIN";"CORTEGANA";"GOBIERNO REGIONAL";"I-1";"00004476";"VILLANUEVA";"NE_0001";"";"NE_0001";"NE_0001";"NE_0001";"NE_0001";"NE_0001";"NE_0001";"NE_0001"
"2023";"08";"040119";"AREQUIPA";"AREQUIPA";"SAN JUAN DE TARUCANI";"GOBIERNO REGIONAL";"I-2";"00001319";"PUESTO DE SALUD SAN JUAN DE TARUCANI";"NE_0001";"";"NE_0001";"NE_0001";"NE_0001";"NE_0001";"NE_0001";"NE_0001";"NE_0001"
"2023";"08";"040106";"AREQUIPA";"AREQUIPA";"CHIGUATA";"GOBIERNO REGIONAL";"I-3";"00001299";"CENTRO DE SALUD CHIGUATA";"NE_0001";"";"NE_0001";"NE_0001";"NE_0001";"NE_0001";"NE_0001";"NE_0001";"NE_0001"
"2023";"08";"040119";"AREQUIPA";"AREQUIPA";"SAN JUAN DE TARUCANI";"GOBIERNO REGIONAL";"I-2";"00001321";"PUESTO DE SALUD SALINAS HUITO";"NE_0001";"";"NE_0001";"NE_0001";"NE_0001";"NE_0001";"NE_0001";"NE_0001";"NE_0001"
"2023";"08";"040106";"AREQUIPA";"AREQUIPA";"CHIGUATA";"GOBIERNO REGIONAL";"I-2";"00001320";"PUESTO DE SALUD ARENALES";"NE_0001";"";"NE_0001";"NE_0001";"NE_0001";"NE_0001";"NE_0001";"NE_0001";"NE_0001"
"2023";"08";"150141";"LIMA";"LIMA";"SURQUILLO";"PRIVADO";"II-1";"00009645";"INVERSIONES GENERALES SALOMON S.A.";"NE_0001";"";"NE_0001";"NE_0001";"NE_0001";"NE_0001";"NE_0001";"NE_0001";"NE_0001"
"2023";"08";"200601";"PIURA";"SULLANA";"SULLANA";"PRIVADO";"II-1";"00012261";"CLINICA INMACULADA";"240000";"HOSPITALIZACIÓN";"140";"160";"170";"164";"30";"900";"0"
"2023";"08";"150101";"LIMA";"LIMA";"LIMA";"PRIVADO";"II-E";"00025804";"OPERO SCRL";"NE_0001";"";"NE_0001";"NE_0001";"NE_0001";"NE_0001";"NE_0001";"NE_0001";"NE_0001"
"2023";"08";"110507";"ICA";"PISCO";"SAN CLEMENTE";"ESSALUD";"I-3";"00027769";"CAP I SAN CLEMENTE";"NE_0001";"";"NE_0001";"NE_0001";"NE_0001";"NE_0001";"NE_0001";"NE_0001";"NE_0001"
"2023";"08";"190107";"PASCO";"PASCO";"PAUCARTAMBO";"ESSALUD";"I-2";"00009762";"POSTA MEDICA DE PAUCARTAMBO";"NE_0001";"";"NE_0001";"NE_0001";"NE_0001";"NE_0001";"NE_0001";"NE_0001";"NE_0001"
"2023";"08";"100105";"HUANUCO";"HUANUCO";"MARGOS";"GOBIERNO REGIONAL";"I-3";"00000797";"MARGOS";"NE_0001";"";"NE_0001";"NE_0001";"NE_0001";"NE_0001";"NE_0001";"NE_0001";"NE_0001"
"2023";"08";"100105";"HUANUCO";"HUANUCO";"MARGOS";"GOBIERNO REGIONAL";"I-1";"00000798";"JESUS DE NAZARETH DE COCHAS";"NE_0001";"";"NE_0001";"NE_0001";"NE_0001";"NE_0001";"NE_0001";"NE_0001";"NE_0001"
"2023";"08";"100105";"HUANUCO";"HUANUCO";"MARGOS";"GOBIERNO REGIONAL";"I-1";"00000799";"SAN FRANCISCO DE LLAMAPASHILLUM";"NE_0001";"";"NE_0001";"NE_0001";"NE_0001";"NE_0001";"NE_0001";"NE_0001";"NE_0001"
"2023";"08";"100105";"HUANUCO";"HUANUCO";"MARGOS";"GOBIERNO REGIONAL";"I-1";"00000800";"PACAYHUA";"NE_0001";"";"NE_0001";"NE_0001";"NE_0001";"NE_0001";"NE_0001";"NE_0001";"NE_0001"
"2023";"08";"050116";"AYACUCHO";"HUAMANGA";"ANDRES AVELINO CACERES D.";"GOBIERNO REGIONAL";"I-3";"00003603";"CENTRO DE SALUD CONCHOPATA";"241600";"HOSPITALIZACIÓN QUIRÚRGICA OBSTETRICIA   ";"1";"1";"2";"2";"2";"3";"0"
"2023";"08";"050116";"AYACUCHO";"HUAMANGA";"ANDRES AVELINO CACERES D.";"GOBIERNO REGIONAL";"I-1";"00011362";"PUESTO DE SALUD YANAMILLA";"NE_0001";"";"NE_0001";"NE_0001";"NE_0001";"NE_0001";"NE_0001";"NE_0001";"NE_0001"
"2023";"08";"050116";"AYACUCHO";"HUAMANGA";"ANDRES AVELINO CACERES D.";"GOBIERNO REGIONAL";"I-3";"00003602";"CENTRO DE SALUD SANTA ELENA";"241600";"HOSPITALIZACIÓN QUIRÚRGICA OBSTETRICIA   ";"10";"10";"18";"2";"4";"6";"0"
"2023";"08";"050113";"AYACUCHO";"HUAMANGA";"TAMBILLO";"GOBIERNO REGIONAL";"I-1";"00003604";"PUESTO DE SALUD HUAYHUACONDO";"NE_0001";"";"NE_0001";"NE_0001";"NE_0001";"NE_0001";"NE_0001";"NE_0001";"NE_0001"
"2023";"08";"050113";"AYACUCHO";"HUAMANGA";"TAMBILLO";"GOBIERNO REGIONAL";"I-2";"00003549";"TAMBILLO";"NE_0001";"";"NE_0001";"NE_0001";"NE_0001";"NE_0001";"NE_0001";"NE_0001";"NE_0001"
"2023";"08";"100511";"HUANUCO";"HUAMALIES";"TANTAMAYO";"GOBIERNO REGIONAL";"I-2";"00000903";"TANTAMAYO";"NE_0001";"";"NE_0001";"NE_0001";"NE_0001";"NE_0001";"NE_0001";"NE_0001";"NE_0001"
"2023";"08";"100511";"HUANUCO";"HUAMALIES";"TANTAMAYO";"GOBIERNO REGIONAL";"I-1";"00011166";"PAMPA FLORIDA";"NE_0001";"";"NE_0001";"NE_0001";"NE_0001";"NE_0001";"NE_0001";"NE_0001";"NE_0001"
"2023";"08";"100511";"HUANUCO";"HUAMALIES";"TANTAMAYO";"GOBIERNO REGIONAL";"I-1";"00022037";"SAN PEDRO DE  PARIARCA";"NE_0001";"";"NE_0001";"NE_0001";"NE_0001";"NE_0001";"NE_0001";"NE_0001";"NE_0001"
"2023";"08";"061103";"CAJAMARCA";"SAN MIGUEL";"CALQUIS";"GOBIERNO REGIONAL";"I-1";"00019286";"GORDILLOS";"NE_0001";"";"NE_0001";"NE_0001";"NE_0001";"NE_0001";"NE_0001";"NE_0001";"NE_0001"
"2023";"08";"061103";"CAJAMARCA";"SAN MIGUEL";"CALQUIS";"GOBIERNO REGIONAL";"I-2";"00004576";"CALQUIS";"NE_0001";"";"NE_0001";"NE_0001";"NE_0001";"NE_0001";"NE_0001";"NE_0001";"NE_0001"
"2023";"08";"061107";"CAJAMARCA";"SAN MIGUEL";"LLAPA";"GOBIERNO REGIONAL";"I-1";"00006809";"PAMPA LA CALZADA";"NE_0001";"";"NE_0001";"NE_0001";"NE_0001";"NE_0001";"NE_0001";"NE_0001";"NE_0001"
"2023";"08";"061101";"CAJAMARCA";"SAN MIGUEL";"SAN MIGUEL";"GOBIERNO REGIONAL";"I-4";"00004561";"SAN MIGUEL";"241800";"HOSPITALIZACIÓN DE MEDICINA MEDICINA GENERAL ";"26";"30";"158";"61";"6";"186";"NE_0002"
"2023";"08";"061101";"CAJAMARCA";"SAN MIGUEL";"SAN MIGUEL";"GOBIERNO REGIONAL";"I-4";"00004561";"SAN MIGUEL";"241600";"HOSPITALIZACIÓN QUIRÚRGICA OBSTETRICIA   ";"NE_0002";"NE_0002";"NE_0002";"NE_0002";"4";"124";"NE_0002"
"2023";"08";"061101";"CAJAMARCA";"SAN MIGUEL";"SAN MIGUEL";"GOBIERNO REGIONAL";"I-4";"00004561";"SAN MIGUEL";"241500";"HOSPITALIZACIÓN QUIRÚRGICA GINECOLOGÍA  ";"17";"17";"22";"41";"4";"124";"NE_0002"
"2023";"08";"061103";"CAJAMARCA";"SAN MIGUEL";"CALQUIS";"GOBIERNO REGIONAL";"I-1";"00004570";"TAULIS";"NE_0001";"";"NE_0001";"NE_0001";"NE_0001";"NE_0001";"NE_0001";"NE_0001";"NE_0001"
"2023";"08";"061101";"CAJAMARCA";"SAN MIGUEL";"SAN MIGUEL";"GOBIERNO REGIONAL";"I-1";"00004572";"SANTA ROSA";"NE_0001";"";"NE_0001";"NE_0001";"NE_0001";"NE_0001";"NE_0001";"NE_0001";"NE_0001"
"2023";"08";"061101";"CAJAMARCA";"SAN MIGUEL";"SAN MIGUEL";"GOBIERNO REGIONAL";"I-1";"00004574";"TAYAPAMPA";"NE_0001";"";"NE_0001";"NE_0001";"NE_0001";"NE_0001";"NE_0001";"NE_0001";"NE_0001"
"2023";"08";"061101";"CAJAMARCA";"SAN MIGUEL";"SAN MIGUEL";"GOBIERNO REGIONAL";"I-1";"00008996";"CHUAD";"NE_0001";"";"NE_0001";"NE_0001";"NE_0001";"NE_0001";"NE_0001";"NE_0001";"NE_0001"
"2023";"08";"061113";"CAJAMARCA";"SAN MIGUEL";"UNION AGUA BLANCA";"GOBIERNO REGIONAL";"I-2";"00004546";"UNION AGUA BLANCA";"NE_0001";"";"NE_0001";"NE_0001";"NE_0001";"NE_0001";"NE_0001";"NE_0001";"NE_0001"
"2023";"08";"061101";"CAJAMARCA";"SAN MIGUEL";"SAN MIGUEL";"GOBIERNO REGIONAL";"I-1";"00004571";"NITISUYO ALTO";"NE_0001";"";"NE_0001";"NE_0001";"NE_0001";"NE_0001";"NE_0001";"NE_0001";"NE_0001"
"2023";"08";"061105";"CAJAMARCA";"SAN MIGUEL";"EL PRADO";"GOBIERNO REGIONAL";"I-2";"00004575";"EL PRADO";"NE_0001";"";"NE_0001";"NE_0001";"NE_0001";"NE_0001";"NE_0001";"NE_0001";"NE_0001"
"2023";"08";"061101";"CAJAMARCA";"SAN MIGUEL";"SAN MIGUEL";"GOBIERNO REGIONAL";"I-1";"00019285";"CHIAPON";"NE_0001";"";"NE_0001";"NE_0001";"NE_0001";"NE_0001";"NE_0001";"NE_0001";"NE_0001"
"2023";"03";"150101";"LIMA";"LIMA";"LIMA";"MINSA";"III-2";"00006208";"INSTITUTO NACIONAL MATERNO PERINATAL";"241400";"HOSPITALIZACIÓN QUIRÚRGICA GINECO - OBSTETRICIA ";"1195";"1241";"4825";"5286";"210";"6510";"0"
"2023";"03";"150101";"LIMA";"LIMA";"LIMA";"MINSA";"III-2";"00006208";"INSTITUTO NACIONAL MATERNO PERINATAL";"241500";"HOSPITALIZACIÓN QUIRÚRGICA GINECOLOGÍA  ";"96";"94";"385";"454";"19";"589";"0"
"2023";"03";"150101";"LIMA";"LIMA";"LIMA";"MINSA";"III-2";"00006208";"INSTITUTO NACIONAL MATERNO PERINATAL";"250102";"UNIDAD DE CUIDADOS CRITICOS UNIDAD  DE CUIDADOS INTENSIVOS GENERALES (UCI) GINECO-OBSTETRICIA";"39";"35";"142";"223";"9";"279";"0"
"2023";"03";"150101";"LIMA";"LIMA";"LIMA";"MINSA";"III-2";"00006208";"INSTITUTO NACIONAL MATERNO PERINATAL";"250105";"UNIDAD DE CUIDADOS CRITICOS UNIDAD  DE CUIDADOS INTENSIVOS  (UCI) NEONATOLOGÍA";"64";"60";"844";"916";"30";"930";"15"
"2023";"03";"150101";"LIMA";"LIMA";"LIMA";"MINSA";"III-2";"00006208";"INSTITUTO NACIONAL MATERNO PERINATAL";"243200";"HOSPITALIZACIÓN DE PEDIATRÍA PEDIATRIA NEONATOLOGÍA";"223";"197";"2510";"2545";"85";"2635";"5"
"2023";"03";"100510";"HUANUCO";"HUAMALIES";"SINGA";"GOBIERNO REGIONAL";"I-1";"00019155";"SAN JUAN DE VISCAS";"NE_0001";"";"NE_0001";"NE_0001";"NE_0001";"NE_0001";"NE_0001";"NE_0001";"NE_0001"
"2023";"03";"100510";"HUANUCO";"HUAMALIES";"SINGA";"GOBIERNO REGIONAL";"I-1";"00000902";"BELLAS FLORES";"NE_0001";"";"NE_0001";"NE_0001";"NE_0001";"NE_0001";"NE_0001";"NE_0001";"NE_0001"
"2023";"03";"100510";"HUANUCO";"HUAMALIES";"SINGA";"GOBIERNO REGIONAL";"I-3";"00000900";"SINGA";"NE_0001";"";"NE_0001";"NE_0001";"NE_0001";"NE_0001";"NE_0001";"NE_0001";"NE_0001"
"2023";"03";"100510";"HUANUCO";"HUAMALIES";"SINGA";"GOBIERNO REGIONAL";"I-1";"00017149";"SANTA ROSA DE PAMPAN";"NE_0001";"";"NE_0001";"NE_0001";"NE_0001";"NE_0001";"NE_0001";"NE_0001";"NE_0001"
"2023";"04";"200701";"PIURA";"TALARA";"PARIÑAS";"PRIVADO";"I-3";"00012085";"CENTRO MEDICO SAN PABLO-TALARA EIRL";"NE_0001";"";"NE_0001";"NE_0001";"NE_0001";"NE_0001";"NE_0001";"NE_0001";"NE_0001"
"2023";"04";"040101";"AREQUIPA";"AREQUIPA";"AREQUIPA";"PRIVADO";"II-E";"00011995";"CLINICA ALMONTE SAC";"240800";"HOSPITALIZACIÓN QUIRÚRGICA CIRUGÍA PLÁSTICA/RECONSTRUCTIVA/ REPARADORA ";"8";"8";"8";"8";"3";"62";"0"
"2023";"04";"240101";"TUMBES";"TUMBES";"TUMBES";"PRIVADO";"II-E";"00007874";"CLINICA FEIJOO EIRL";"240100";"HOSPITALIZACIÓN QUIRÚRGICA CIRUGÍA GENERAL ";"8";"8";"8";"8";"3";"90";"0"
"2023";"05";"080108";"CUSCO";"CUSCO";"WANCHAQ";"ESSALUD";"III-1";"00010041";"ADOLFO GUEVARA VELASCO";"241900";"HOSPITALIZACIÓN DE MEDICINA MEDICINA INTERNA ";"11";"17";"120";"71";"3";"93";"1"
"2023";"05";"080108";"CUSCO";"CUSCO";"WANCHAQ";"ESSALUD";"III-1";"00010041";"ADOLFO GUEVARA VELASCO";"241900";"HOSPITALIZACIÓN DE MEDICINA MEDICINA INTERNA ";"45";"45";"421";"462";"15";"465";"0"
"2023";"05";"080108";"CUSCO";"CUSCO";"WANCHAQ";"ESSALUD";"III-1";"00010041";"ADOLFO GUEVARA VELASCO";"241900";"HOSPITALIZACIÓN DE MEDICINA MEDICINA INTERNA ";"18";"15";"110";"218";"8";"248";"1"
"2023";"05";"080108";"CUSCO";"CUSCO";"WANCHAQ";"ESSALUD";"III-1";"00010041";"ADOLFO GUEVARA VELASCO";"241900";"HOSPITALIZACIÓN DE MEDICINA MEDICINA INTERNA ";"6";"47";"613";"390";"13";"403";"0"
"2023";"05";"080108";"CUSCO";"CUSCO";"WANCHAQ";"ESSALUD";"III-1";"00010041";"ADOLFO GUEVARA VELASCO";"241900";"HOSPITALIZACIÓN DE MEDICINA MEDICINA INTERNA ";"123";"90";"1351";"1462";"48";"1488";"16"
"2023";"05";"080108";"CUSCO";"CUSCO";"WANCHAQ";"ESSALUD";"III-1";"00010041";"ADOLFO GUEVARA VELASCO";"241900";"HOSPITALIZACIÓN DE MEDICINA MEDICINA INTERNA ";"45";"42";"374";"356";"12";"372";"1"
"2023";"05";"080108";"CUSCO";"CUSCO";"WANCHAQ";"ESSALUD";"III-1";"00010041";"ADOLFO GUEVARA VELASCO";"241900";"HOSPITALIZACIÓN DE MEDICINA MEDICINA INTERNA ";"15";"17";"212";"224";"8";"248";"1"
"2023";"05";"080108";"CUSCO";"CUSCO";"WANCHAQ";"ESSALUD";"III-1";"00010041";"ADOLFO GUEVARA VELASCO";"242100";"HOSPITALIZACIÓN DE MEDICINA ONCOLOGÍA MÉDICA ";"79";"82";"617";"538";"18";"558";"8"
"2023";"05";"080108";"CUSCO";"CUSCO";"WANCHAQ";"ESSALUD";"III-1";"00010041";"ADOLFO GUEVARA VELASCO";"240200";"HOSPITALIZACIÓN QUIRÚRGICA CIRUGÍA DE CABEZA Y CUELLO / MÁXILO FACIAL ";"17";"19";"122";"98";"4";"124";"0"
"2023";"05";"080108";"CUSCO";"CUSCO";"WANCHAQ";"ESSALUD";"III-1";"00010041";"ADOLFO GUEVARA VELASCO";"240400";"HOSPITALIZACIÓN QUIRÚRGICA CIRUGÍA DE TÓRAX Y CARDIOVASCULAR ";"31";"26";"141";"182";"6";"186";"0"
"2023";"05";"080108";"CUSCO";"CUSCO";"WANCHAQ";"ESSALUD";"III-1";"00010041";"ADOLFO GUEVARA VELASCO";"241000";"HOSPITALIZACIÓN QUIRÚRGICA ONCOLOGÍA QUIRÚRGICA  ";"41";"38";"125";"187";"7";"217";"0"
"2023";"05";"080108";"CUSCO";"CUSCO";"WANCHAQ";"ESSALUD";"III-1";"00010041";"ADOLFO GUEVARA VELASCO";"240100";"HOSPITALIZACIÓN QUIRÚRGICA CIRUGÍA GENERAL ";"204";"199";"645";"654";"26";"806";"1"
"2023";"05";"080108";"CUSCO";"CUSCO";"WANCHAQ";"ESSALUD";"III-1";"00010041";"ADOLFO GUEVARA VELASCO";"240800";"HOSPITALIZACIÓN QUIRÚRGICA CIRUGÍA PLÁSTICA/RECONSTRUCTIVA/ REPARADORA ";"0";"2";"25";"4";"1";"31";"0"
"2023";"05";"080108";"CUSCO";"CUSCO";"WANCHAQ";"ESSALUD";"III-1";"00010041";"ADOLFO GUEVARA VELASCO";"240900";"HOSPITALIZACIÓN QUIRÚRGICA NEUROCIRUGÍA ";"29";"32";"314";"257";"9";"279";"0"
"2023";"05";"080108";"CUSCO";"CUSCO";"WANCHAQ";"ESSALUD";"III-1";"00010041";"ADOLFO GUEVARA VELASCO";"241200";"HOSPITALIZACIÓN QUIRÚRGICA TRAUMATOLOGÍA Y ORTOPEDIA ";"102";"102";"674";"770";"25";"775";"0"
"2023";"05";"080108";"CUSCO";"CUSCO";"WANCHAQ";"ESSALUD";"III-1";"00010041";"ADOLFO GUEVARA VELASCO";"241100";"HOSPITALIZACIÓN QUIRÚRGICA OTORRINOLARINGOLOGÍA  ";"51";"44";"203";"232";"8";"248";"0"
"2023";"05";"080108";"CUSCO";"CUSCO";"WANCHAQ";"ESSALUD";"III-1";"00010041";"ADOLFO GUEVARA VELASCO";"241300";"HOSPITALIZACIÓN QUIRÚRGICA UROLOGÍA  ";"62";"54";"374";"382";"13";"403";"0"
"2023";"05";"080108";"CUSCO";"CUSCO";"WANCHAQ";"ESSALUD";"III-1";"00010041";"ADOLFO GUEVARA VELASCO";"241500";"HOSPITALIZACIÓN QUIRÚRGICA GINECOLOGÍA  ";"122";"117";"358";"326";"14";"434";"0"
"2023";"05";"080108";"CUSCO";"CUSCO";"WANCHAQ";"ESSALUD";"III-1";"00010041";"ADOLFO GUEVARA VELASCO";"241600";"HOSPITALIZACIÓN QUIRÚRGICA OBSTETRICIA   ";"283";"292";"751";"736";"30";"930";"0"
"2023";"05";"080108";"CUSCO";"CUSCO";"WANCHAQ";"ESSALUD";"III-1";"00010041";"ADOLFO GUEVARA VELASCO";"242300";"HOSPITALIZACIÓN DE PEDIATRÍA  PEDIATRÍA  GENERAL ";"133";"116";"633";"690";"23";"713";"0"
"2023";"05";"080108";"CUSCO";"CUSCO";"WANCHAQ";"ESSALUD";"III-1";"00010041";"ADOLFO GUEVARA VELASCO";"240700";"HOSPITALIZACIÓN QUIRÚRGICA CIRUGÍA PEDIÁTRICA ";"10";"12";"50";"41";"3";"93";"0"
"2023";"05";"080108";"CUSCO";"CUSCO";"WANCHAQ";"ESSALUD";"III-1";"00010041";"ADOLFO GUEVARA VELASCO";"250100";"UNIDAD DE CUIDADOS CRITICOS UNIDAD  DE CUIDADOS INTENSIVOS GENERALES (UCI) ";"29";"9";"117";"372";"12";"372";"9"
"2023";"05";"080108";"CUSCO";"CUSCO";"WANCHAQ";"ESSALUD";"III-1";"00010041";"ADOLFO GUEVARA VELASCO";"250108";"UNIDAD DE CUIDADOS CRITICOS UNIDAD  DE CUIDADOS INTENSIVOS  (UCI) PEDIÁTRICA";"5";"1";"98";"86";"3";"93";"0"
"2023";"05";"080108";"CUSCO";"CUSCO";"WANCHAQ";"ESSALUD";"III-1";"00010041";"ADOLFO GUEVARA VELASCO";"250105";"UNIDAD DE CUIDADOS CRITICOS UNIDAD  DE CUIDADOS INTENSIVOS  (UCI) NEONATOLOGÍA";"28";"5";"54";"223";"10";"310";"0"
"2023";"05";"080108";"CUSCO";"CUSCO";"WANCHAQ";"ESSALUD";"III-1";"00010041";"ADOLFO GUEVARA VELASCO";"250200";"UNIDAD DE CUIDADOS CRITICOS UNIDAD DE CUIDADOS INTERMEDIOS GENERAL  (UCIN) ";"5";"4";"140";"233";"8";"248";"0"
"2023";"05";"080108";"CUSCO";"CUSCO";"WANCHAQ";"ESSALUD";"III-1";"00010041";"ADOLFO GUEVARA VELASCO";"250105";"UNIDAD DE CUIDADOS CRITICOS UNIDAD  DE CUIDADOS INTENSIVOS  (UCI) NEONATOLOGÍA";"5";"12";"308";"161";"10";"310";"3"
"2023";"05";"080108";"CUSCO";"CUSCO";"WANCHAQ";"ESSALUD";"III-1";"00010041";"ADOLFO GUEVARA VELASCO";"250105";"UNIDAD DE CUIDADOS CRITICOS UNIDAD  DE CUIDADOS INTENSIVOS  (UCI) NEONATOLOGÍA";"6";"32";"467";"153";"10";"310";"0"
"2023";"05";"080108";"CUSCO";"CUSCO";"WANCHAQ";"ESSALUD";"III-1";"00010041";"ADOLFO GUEVARA VELASCO";"250105";"UNIDAD DE CUIDADOS CRITICOS UNIDAD  DE CUIDADOS INTENSIVOS  (UCI) NEONATOLOGÍA";"3";"26";"214";"148";"8";"248";"0"
"2023";"06";"250102";"UCAYALI";"CORONEL PORTILLO";"CAMPOVERDE";"ESSALUD";"I-2";"00031881";"POSTA MEDICA-CAMPOVERDE-ESSALUD";"NE_0001";"";"NE_0001";"NE_0001";"NE_0001";"NE_0001";"NE_0001";"NE_0001";"NE_0001"
"2023";"06";"120401";"JUNIN";"JAUJA";"JAUJA";"GOBIERNO REGIONAL";"II-1";"00000365";"HOSPITAL DOMINGO OLAVEGOYA";"240100";"HOSPITALIZACIÓN QUIRÚRGICA CIRUGÍA GENERAL ";"68";"77";"386";"350";"24";"720";"0"
"2023";"06";"120401";"JUNIN";"JAUJA";"JAUJA";"GOBIERNO REGIONAL";"II-1";"00000365";"HOSPITAL DOMINGO OLAVEGOYA";"241400";"HOSPITALIZACIÓN QUIRÚRGICA GINECO - OBSTETRICIA ";"82";"90";"217";"219";"16";"480";"0"
"2023";"06";"120401";"JUNIN";"JAUJA";"JAUJA";"GOBIERNO REGIONAL";"II-1";"00000365";"HOSPITAL DOMINGO OLAVEGOYA";"241500";"HOSPITALIZACIÓN QUIRÚRGICA GINECOLOGÍA  ";"14";"14";"51";"31";"10";"300";"0"
"2023";"06";"120401";"JUNIN";"JAUJA";"JAUJA";"GOBIERNO REGIONAL";"II-1";"00000365";"HOSPITAL DOMINGO OLAVEGOYA";"241800";"HOSPITALIZACIÓN DE MEDICINA MEDICINA GENERAL ";"37";"50";"361";"439";"21";"630";"2"
"2023";"06";"120401";"JUNIN";"JAUJA";"JAUJA";"GOBIERNO REGIONAL";"II-1";"00000365";"HOSPITAL DOMINGO OLAVEGOYA";"242300";"HOSPITALIZACIÓN DE PEDIATRÍA  PEDIATRÍA  GENERAL ";"55";"61";"231";"227";"26";"780";"0"
"2023";"06";"080105";"CUSCO";"CUSCO";"SAN SEBASTIAN";"GOBIERNO REGIONAL";"I-2";"00026181";"MENTAL SAN SEBASTIAN";"NE_0001";"";"NE_0001";"NE_0001";"NE_0001";"NE_0001";"NE_0001";"NE_0001";"NE_0001"
"2023";"05";"120807";"JUNIN";"YAULI";"SANTA BARBARA DE CARHUACAYAN";"GOBIERNO REGIONAL";"I-1";"00000565";"SANTA BARBARA DE CARHUACAYAN";"NE_0001";"";"NE_0001";"NE_0001";"NE_0001";"NE_0001";"NE_0001";"NE_0001";"NE_0001"
"2023";"05";"120708";"JUNIN";"TARMA";"SAN PEDRO DE CAJAS";"GOBIERNO REGIONAL";"I-1";"00000558";"ACANCOCHA";"NE_0001";"";"NE_0001";"NE_0001";"NE_0001";"NE_0001";"NE_0001";"NE_0001";"NE_0001"
"2023";"05";"120503";"JUNIN";"JUNIN";"ONDORES";"GOBIERNO REGIONAL";"I-3";"00000551";"ONDORES";"NE_0001";"";"NE_0001";"NE_0001";"NE_0001";"NE_0001";"NE_0001";"NE_0001";"NE_0001"
"2023";"05";"120501";"JUNIN";"JUNIN";"JUNIN";"GOBIERNO REGIONAL";"I-1";"00000550";"SASICUCHO";"NE_0001";"";"NE_0001";"NE_0001";"NE_0001";"NE_0001";"NE_0001";"NE_0001";"NE_0001"
"2023";"05";"150117";"LIMA";"LIMA";"LOS OLIVOS";"PRIVADO";"II-E";"00023151";"CLINICA CORI";"240000";"HOSPITALIZACIÓN";"73";"67";"25";"94";"14";"434";"0"
"2023";"08";"130101";"LA LIBERTAD";"TRUJILLO";"TRUJILLO";"PRIVADO";"II-E";"00024168";"NORLASER";"NE_0001";"";"NE_0001";"NE_0001";"NE_0001";"NE_0001";"NE_0001";"NE_0001";"NE_0001"
"2023";"08";"220602";"SAN MARTIN";"MARISCAL CACERES";"CAMPANILLA";"GOBIERNO REGIONAL";"I-3";"00006575";"CAMPANILLA";"NE_0001";"";"NE_0001";"NE_0001";"NE_0001";"NE_0001";"NE_0001";"NE_0001";"NE_0001"
"2023";"08";"220602";"SAN MARTIN";"MARISCAL CACERES";"CAMPANILLA";"GOBIERNO REGIONAL";"I-1";"00006579";"NUEVO JAEN";"NE_0001";"";"NE_0001";"NE_0001";"NE_0001";"NE_0001";"NE_0001";"NE_0001";"NE_0001"
"2023";"08";"150106";"LIMA";"LIMA";"CARABAYLLO";"PRIVADO";"I-3";"00017468";"POLICLINICO NIÑO DE LA ESPINA SAC";"NE_0001";"";"NE_0001";"NE_0001";"NE_0001";"NE_0001";"NE_0001";"NE_0001";"NE_0001"
"2023";"08";"220502";"SAN MARTIN";"LAMAS";"ALONSO DE ALVARADO";"GOBIERNO REGIONAL";"I-1";"00006351";"SAN JUAN DE PACAYZAPA";"NE_0001";"";"NE_0001";"NE_0001";"NE_0001";"NE_0001";"NE_0001";"NE_0001";"NE_0001"
"2023";"08";"220506";"SAN MARTIN";"LAMAS";"PINTO RECODO";"GOBIERNO REGIONAL";"I-1";"00006345";"MIRAFLORES";"NE_0001";"";"NE_0001";"NE_0001";"NE_0001";"NE_0001";"NE_0001";"NE_0001";"NE_0001"
"2023";"08";"220603";"SAN MARTIN";"MARISCAL CACERES";"HUICUNGO";"GOBIERNO REGIONAL";"I-1";"00006555";"SHEPTE";"NE_0001";"";"NE_0001";"NE_0001";"NE_0001";"NE_0001";"NE_0001";"NE_0001";"NE_0001"
"2023";"08";"220603";"SAN MARTIN";"MARISCAL CACERES";"HUICUNGO";"GOBIERNO REGIONAL";"I-1";"00006556";"MIRAFLORES";"NE_0001";"";"NE_0001";"NE_0001";"NE_0001";"NE_0001";"NE_0001";"NE_0001";"NE_0001"
"2023";"08";"220604";"SAN MARTIN";"MARISCAL CACERES";"PACHIZA";"GOBIERNO REGIONAL";"I-1";"00006559";"SAN RAMON";"NE_0001";"";"NE_0001";"NE_0001";"NE_0001";"NE_0001";"NE_0001";"NE_0001";"NE_0001"
"2023";"08";"220601";"SAN MARTIN";"MARISCAL CACERES";"JUANJUI";"GOBIERNO REGIONAL";"I-1";"00006550";"QUINILLA";"NE_0001";"";"NE_0001";"NE_0001";"NE_0001";"NE_0001";"NE_0001";"NE_0001";"NE_0001"
"2023";"08";"220605";"SAN MARTIN";"MARISCAL CACERES";"PAJARILLO";"GOBIERNO REGIONAL";"I-1";"00006560";"ARMAYARI";"NE_0001";"";"NE_0001";"NE_0001";"NE_0001";"NE_0001";"NE_0001";"NE_0001";"NE_0001"
"2023";"08";"220601";"SAN MARTIN";"MARISCAL CACERES";"JUANJUI";"GOBIERNO REGIONAL";"I-1";"00006553";"HUAYABAMBA";"NE_0001";"";"NE_0001";"NE_0001";"NE_0001";"NE_0001";"NE_0001";"NE_0001";"NE_0001"
"2023";"08";"220601";"SAN MARTIN";"MARISCAL CACERES";"JUANJUI";"GOBIERNO REGIONAL";"I-1";"00006551";"CAYENA";"NE_0001";"";"NE_0001";"NE_0001";"NE_0001";"NE_0001";"NE_0001";"NE_0001";"NE_0001"
"2023";"08";"220604";"SAN MARTIN";"MARISCAL CACERES";"PACHIZA";"GOBIERNO REGIONAL";"I-1";"00006557";"BAGAZAN";"NE_0001";"";"NE_0001";"NE_0001";"NE_0001";"NE_0001";"NE_0001";"NE_0001";"NE_0001"
"2023";"08";"220604";"SAN MARTIN";"MARISCAL CACERES";"PACHIZA";"GOBIERNO REGIONAL";"I-1";"00006558";"SAN JUAN DEL CAÑO";"NE_0001";"";"NE_0001";"NE_0001";"NE_0001";"NE_0001";"NE_0001";"NE_0001";"NE_0001"
"2023";"08";"220601";"SAN MARTIN";"MARISCAL CACERES";"JUANJUI";"GOBIERNO REGIONAL";"I-1";"00006549";"LA VICTORIA";"NE_0001";"";"NE_0001";"NE_0001";"NE_0001";"NE_0001";"NE_0001";"NE_0001";"NE_0001"
"2023";"08";"220601";"SAN MARTIN";"MARISCAL CACERES";"JUANJUI";"GOBIERNO REGIONAL";"I-1";"00006552";"HUINGUILLO";"NE_0001";"";"NE_0001";"NE_0001";"NE_0001";"NE_0001";"NE_0001";"NE_0001";"NE_0001"
"2023";"08";"220601";"SAN MARTIN";"MARISCAL CACERES";"JUANJUI";"GOBIERNO REGIONAL";"I-1";"00006554";"VILLA PRADO";"NE_0001";"";"NE_0001";"NE_0001";"NE_0001";"NE_0001";"NE_0001";"NE_0001";"NE_0001"
"2023";"08";"220605";"SAN MARTIN";"MARISCAL CACERES";"PAJARILLO";"GOBIERNO REGIONAL";"I-1";"00006561";"PAJARILLO";"NE_0001";"";"NE_0001";"NE_0001";"NE_0001";"NE_0001";"NE_0001";"NE_0001";"NE_0001"
"2023";"08";"040410";"AREQUIPA";"CASTILLA";"PAMPACOLCA";"GOBIERNO REGIONAL";"I-3";"00001385";"CENTRO DE SALUD PAMPACOLCA";"NE_0001";"";"NE_0001";"NE_0001";"NE_0001";"NE_0001";"NE_0001";"NE_0001";"NE_0001"
"2023";"08";"040410";"AREQUIPA";"CASTILLA";"PAMPACOLCA";"GOBIERNO REGIONAL";"I-2";"00001398";"PUESTO DE SALUD SAN ANTONIO";"NE_0001";"";"NE_0001";"NE_0001";"NE_0001";"NE_0001";"NE_0001";"NE_0001";"NE_0001"
"2023";"08";"040410";"AREQUIPA";"CASTILLA";"PAMPACOLCA";"GOBIERNO REGIONAL";"I-1";"00001399";"PUESTO DE SALUD PISCOPAMPA";"NE_0001";"";"NE_0001";"NE_0001";"NE_0001";"NE_0001";"NE_0001";"NE_0001";"NE_0001"
"2023";"08";"061001";"CAJAMARCA";"SAN MARCOS";"PEDRO GALVEZ";"GOBIERNO REGIONAL";"I-1";"00004505";"HUAYOBAMBA";"NE_0001";"";"NE_0001";"NE_0001";"NE_0001";"NE_0001";"NE_0001";"NE_0001";"NE_0001"
"2023";"08";"061004";"CAJAMARCA";"SAN MARCOS";"GREGORIO PITA";"GOBIERNO REGIONAL";"I-1";"00004503";"PUESTO DE SALUD ULLILLIN";"NE_0001";"";"NE_0001";"NE_0001";"NE_0001";"NE_0001";"NE_0001";"NE_0001";"NE_0001"
"2023";"08";"061001";"CAJAMARCA";"SAN MARCOS";"PEDRO GALVEZ";"GOBIERNO REGIONAL";"I-1";"00004509";"CONDORMARCA";"NE_0001";"";"NE_0001";"NE_0001";"NE_0001";"NE_0001";"NE_0001";"NE_0001";"NE_0001"
"2023";"08";"061001";"CAJAMARCA";"SAN MARCOS";"PEDRO GALVEZ";"GOBIERNO REGIONAL";"I-1";"00004504";"EDELMIRA";"NE_0001";"";"NE_0001";"NE_0001";"NE_0001";"NE_0001";"NE_0001";"NE_0001";"NE_0001"
"2023";"08";"061004";"CAJAMARCA";"SAN MARCOS";"GREGORIO PITA";"GOBIERNO REGIONAL";"I-1";"00004506";"PUESTO DE SALUD MANZANILLA";"NE_0001";"";"NE_0001";"NE_0001";"NE_0001";"NE_0001";"NE_0001";"NE_0001";"NE_0001"
"2023";"08";"061004";"CAJAMARCA";"SAN MARCOS";"GREGORIO PITA";"GOBIERNO REGIONAL";"I-2";"00004507";"RIO SECO";"NE_0001";"";"NE_0001";"NE_0001";"NE_0001";"NE_0001";"NE_0001";"NE_0001";"NE_0001"
"2023";"08";"061001";"CAJAMARCA";"SAN MARCOS";"PEDRO GALVEZ";"GOBIERNO REGIONAL";"I-4";"00004501";"SAN MARCOS";"241600";"HOSPITALIZACIÓN QUIRÚRGICA OBSTETRICIA   ";"20";"22";"37";"56";"3";"93";"0"
"2023";"08";"061001";"CAJAMARCA";"SAN MARCOS";"PEDRO GALVEZ";"GOBIERNO REGIONAL";"I-4";"00004501";"SAN MARCOS";"241800";"HOSPITALIZACIÓN DE MEDICINA MEDICINA GENERAL ";"9";"9";"24";"32";"3";"93";"0"
"2023";"08";"061001";"CAJAMARCA";"SAN MARCOS";"PEDRO GALVEZ";"GOBIERNO REGIONAL";"I-4";"00004501";"SAN MARCOS";"242500";"HOSPITALIZACIÓN-PEDIATRÍA GENERAL-";"3";"3";"5";"9";"3";"93";"0"
"2023";"08";"061004";"CAJAMARCA";"SAN MARCOS";"GREGORIO PITA";"GOBIERNO REGIONAL";"I-1";"00004502";"PUESTO DE SALUD MUYOC";"NE_0001";"";"NE_0001";"NE_0001";"NE_0001";"NE_0001";"NE_0001";"NE_0001";"NE_0001"
"2023";"08";"061004";"CAJAMARCA";"SAN MARCOS";"GREGORIO PITA";"GOBIERNO REGIONAL";"I-2";"00004508";"PAUCAMARCA";"NE_0001";"";"NE_0001";"NE_0001";"NE_0001";"NE_0001";"NE_0001";"NE_0001";"NE_0001"
"2023";"08";"061001";"CAJAMARCA";"SAN MARCOS";"PEDRO GALVEZ";"GOBIERNO REGIONAL";"I-1";"00004510";"CHUCO";"NE_0001";"";"NE_0001";"NE_0001";"NE_0001";"NE_0001";"NE_0001";"NE_0001";"NE_0001"
"2023";"08";"100604";"HUANUCO";"LEONCIO PRADO";"JOSE CRESPO Y CASTILLO";"ESSALUD";"I-2";"00027083";"POSTA MÉDICA AUCAYACU";"NE_0001";"";"NE_0001";"NE_0001";"NE_0001";"NE_0001";"NE_0001";"NE_0001";"NE_0001"
"2023";"08";"150108";"LIMA";"LIMA";"CHORRILLOS";"PRIVADO";"II-E";"00012220";"CLINICA REAL LOS LAURELES";"NE_0002";"";"NE_0002";"NE_0002";"NE_0002";"NE_0002";"NE_0002";"NE_0002";"NE_0002"
"2023";"05";"130105";"LA LIBERTAD";"TRUJILLO";"LA ESPERANZA";"ESSALUD";"II-1";"00009040";"HOSPITAL I - LA ESPERANZA";"241800";"HOSPITALIZACIÓN DE MEDICINA MEDICINA GENERAL ";"65";"66";"259";"252";"10";"310";"0"
"2023";"05";"110201";"ICA";"CHINCHA";"CHINCHA ALTA";"ESSALUD";"II-1";"00013910";"RENE TOCHE GROPPO";"241800";"HOSPITALIZACIÓN DE MEDICINA MEDICINA GENERAL ";"128";"138";"615";"662";"24";"744";"13"
"2023";"05";"110201";"ICA";"CHINCHA";"CHINCHA ALTA";"ESSALUD";"II-1";"00013910";"RENE TOCHE GROPPO";"240100";"HOSPITALIZACIÓN QUIRÚRGICA CIRUGÍA GENERAL ";"161";"158";"616";"665";"23";"713";"0"
"2023";"05";"110201";"ICA";"CHINCHA";"CHINCHA ALTA";"ESSALUD";"II-1";"00013910";"RENE TOCHE GROPPO";"241500";"HOSPITALIZACIÓN QUIRÚRGICA GINECOLOGÍA  ";"21";"24";"88";"82";"3";"93";"0"
"2023";"05";"110201";"ICA";"CHINCHA";"CHINCHA ALTA";"ESSALUD";"II-1";"00013910";"RENE TOCHE GROPPO";"241600";"HOSPITALIZACIÓN QUIRÚRGICA OBSTETRICIA   ";"145";"142";"395";"330";"18";"558";"0"
"2023";"05";"110201";"ICA";"CHINCHA";"CHINCHA ALTA";"ESSALUD";"II-1";"00013910";"RENE TOCHE GROPPO";"242300";"HOSPITALIZACIÓN DE PEDIATRÍA  PEDIATRÍA  GENERAL ";"88";"92";"259";"255";"9";"279";"0"
"2023";"05";"110201";"ICA";"CHINCHA";"CHINCHA ALTA";"ESSALUD";"II-1";"00013910";"RENE TOCHE GROPPO";"243200";"HOSPITALIZACIÓN DE PEDIATRÍA PEDIATRIA NEONATOLOGÍA";"103";"101";"152";"196";"10";"310";"0"
"2023";"05";"110201";"ICA";"CHINCHA";"CHINCHA ALTA";"ESSALUD";"II-1";"00013910";"RENE TOCHE GROPPO";"250304";"HOSPIT. EN UNIDAD DE CUID.INTEN.-UNIDAD DE VIGILANCIA INTENSIVA (UVI)-MEDICINA";"36";"16";"32";"67";"4";"124";"5"
"2023";"05";"110201";"ICA";"CHINCHA";"CHINCHA ALTA";"ESSALUD";"II-1";"00013910";"RENE TOCHE GROPPO";"242204";"HOSPITALIZACIÓN DE MEDICINA PSIQUIATRÍA REHABILITACIÓN PSIQUIÁTRICA / REINSERCIÓN ";"0";"0";"0";"217";"8";"248";"0"
"2023";"05";"060801";"CAJAMARCA";"JAEN";"JAEN";"GOBIERNO REGIONAL";"I-3";"00025207";"CENTRO DE SALUD MENTAL COMUNITARIO JAEN";"NE_0001";"";"NE_0001";"NE_0001";"NE_0001";"NE_0001";"NE_0001";"NE_0001";"NE_0001"
"2023";"05";"220503";"SAN MARTIN";"LAMAS";"BARRANQUITA";"GOBIERNO REGIONAL";"I-1";"00006436";"EL PIÑAL";"NE_0001";"";"NE_0001";"NE_0001";"NE_0001";"NE_0001";"NE_0001";"NE_0001";"NE_0001"
"2023";"07";"120101";"JUNIN";"HUANCAYO";"HUANCAYO";"PRIVADO";"II-E";"00024425";"CLÍNICA MEDICA SALAZAR";"241800";"HOSPITALIZACIÓN DE MEDICINA MEDICINA GENERAL ";"60";"55";"160";"418";"15";"465";"0"
"2023";"08";"040413";"AREQUIPA";"CASTILLA";"URACA";"ESSALUD";"I-2";"00013300";"POSTA MEDICA  CORIRE";"NE_0001";"";"NE_0001";"NE_0001";"NE_0001";"NE_0001";"NE_0001";"NE_0001";"NE_0001"
"2023";"08";"100504";"HUANUCO";"HUAMALIES";"JACAS GRANDE";"GOBIERNO REGIONAL";"I-2";"00006888";"CASCANGA";"NE_0001";"";"NE_0001";"NE_0001";"NE_0001";"NE_0001";"NE_0001";"NE_0001";"NE_0001"
"2023";"08";"100504";"HUANUCO";"HUAMALIES";"JACAS GRANDE";"GOBIERNO REGIONAL";"I-2";"00000898";"ANDAS";"NE_0001";"";"NE_0001";"NE_0001";"NE_0001";"NE_0001";"NE_0001";"NE_0001";"NE_0001"
"2023";"08";"100504";"HUANUCO";"HUAMALIES";"JACAS GRANDE";"GOBIERNO REGIONAL";"I-1";"00006674";"NUEVAS FLORES";"NE_0001";"";"NE_0001";"NE_0001";"NE_0001";"NE_0001";"NE_0001";"NE_0001";"NE_0001"
"2023";"08";"110108";"ICA";"ICA";"SALAS";"GOBIERNO REGIONAL";"I-3";"00003363";"GUADALUPE";"NE_0001";"";"NE_0001";"NE_0001";"NE_0001";"NE_0001";"NE_0001";"NE_0001";"NE_0001"
"2023";"08";"110112";"ICA";"ICA";"SUBTANJALLA";"GOBIERNO REGIONAL";"I-3";"00003362";"SUBTANJALLA";"NE_0001";"";"NE_0001";"NE_0001";"NE_0001";"NE_0001";"NE_0001";"NE_0001";"NE_0001"
"2023";"08";"110108";"ICA";"ICA";"SALAS";"GOBIERNO REGIONAL";"I-2";"00003384";"PAMPA DE VILLACURI";"NE_0001";"";"NE_0001";"NE_0001";"NE_0001";"NE_0001";"NE_0001";"NE_0001";"NE_0001"
"2023";"08";"110112";"ICA";"ICA";"SUBTANJALLA";"GOBIERNO REGIONAL";"I-3";"00003378";"LA ANGOSTURA";"NE_0001";"";"NE_0001";"NE_0001";"NE_0001";"NE_0001";"NE_0001";"NE_0001";"NE_0001"
"2023";"08";"110112";"ICA";"ICA";"SUBTANJALLA";"GOBIERNO REGIONAL";"I-2";"00003380";"YANQUIZA";"NE_0001";"";"NE_0001";"NE_0001";"NE_0001";"NE_0001";"NE_0001";"NE_0001";"NE_0001"
"2023";"08";"110108";"ICA";"ICA";"SALAS";"GOBIERNO REGIONAL";"I-2";"00003382";"COLLAZOS";"NE_0001";"";"NE_0001";"NE_0001";"NE_0001";"NE_0001";"NE_0001";"NE_0001";"NE_0001"
"2023";"08";"110112";"ICA";"ICA";"SUBTANJALLA";"GOBIERNO REGIONAL";"I-2";"00003379";"ARRABALES";"NE_0001";"";"NE_0001";"NE_0001";"NE_0001";"NE_0001";"NE_0001";"NE_0001";"NE_0001"
"2023";"08";"110108";"ICA";"ICA";"SALAS";"GOBIERNO REGIONAL";"I-2";"00003383";"CERRO PRIETO";"NE_0001";"";"NE_0001";"NE_0001";"NE_0001";"NE_0001";"NE_0001";"NE_0001";"NE_0001"
"2023";"08";"050101";"AYACUCHO";"HUAMANGA";"AYACUCHO";"GOBIERNO REGIONAL";"I-3";"00006898";"CENTRO DE  SALUD MOLLEPATA";"NE_0001";"";"NE_0001";"NE_0001";"NE_0001";"NE_0001";"NE_0001";"NE_0001";"NE_0001"
"2023";"08";"050101";"AYACUCHO";"HUAMANGA";"AYACUCHO";"GOBIERNO REGIONAL";"I-4";"00003576";"CENTRO DE SALUD LOS LICENCIADOS";"241600";"HOSPITALIZACIÓN QUIRÚRGICA OBSTETRICIA   ";"18";"18";"34";"3";"7";"10";"0"
"2023";"08";"050115";"AYACUCHO";"HUAMANGA";"JESUS NAZARENO";"GOBIERNO REGIONAL";"I-2";"00011365";"PUESTO DE SALUD VILLA SAN CRISTOBAL";"NE_0001";"";"NE_0001";"NE_0001";"NE_0001";"NE_0001";"NE_0001";"NE_0001";"NE_0001"
"2023";"08";"050206";"AYACUCHO";"CANGALLO";"TOTOS";"GOBIERNO REGIONAL";"I-1";"00003625";"QUIÑASI";"NE_0001";"";"NE_0001";"NE_0001";"NE_0001";"NE_0001";"NE_0001";"NE_0001";"NE_0001"
"2023";"08";"051012";"AYACUCHO";"VICTOR FAJARDO";"VILCANCHOS";"GOBIERNO REGIONAL";"I-1";"00003627";"COCAS";"NE_0001";"";"NE_0001";"NE_0001";"NE_0001";"NE_0001";"NE_0001";"NE_0001";"NE_0001"
"2023";"08";"050206";"AYACUCHO";"CANGALLO";"TOTOS";"GOBIERNO REGIONAL";"I-1";"00003622";"CHUYMAY";"NE_0001";"";"NE_0001";"NE_0001";"NE_0001";"NE_0001";"NE_0001";"NE_0001";"NE_0001"
"2023";"08";"051012";"AYACUCHO";"VICTOR FAJARDO";"VILCANCHOS";"GOBIERNO REGIONAL";"I-2";"00003628";"PUESTO DE SALUD VILCANCHOS";"NE_0001";"";"NE_0001";"NE_0001";"NE_0001";"NE_0001";"NE_0001";"NE_0001";"NE_0001"
"2023";"08";"050206";"AYACUCHO";"CANGALLO";"TOTOS";"GOBIERNO REGIONAL";"I-1";"00003625";"QUIÑASI";"NE_0001";"";"NE_0001";"NE_0001";"NE_0001";"NE_0001";"NE_0001";"NE_0001";"NE_0001"
"2023";"08";"051012";"AYACUCHO";"VICTOR FAJARDO";"VILCANCHOS";"GOBIERNO REGIONAL";"I-1";"00003627";"COCAS";"NE_0001";"";"NE_0001";"NE_0001";"NE_0001";"NE_0001";"NE_0001";"NE_0001";"NE_0001"
"2023";"08";"050206";"AYACUCHO";"CANGALLO";"TOTOS";"GOBIERNO REGIONAL";"I-1";"00003622";"CHUYMAY";"NE_0001";"";"NE_0001";"NE_0001";"NE_0001";"NE_0001";"NE_0001";"NE_0001";"NE_0001"
"2023";"08";"051012";"AYACUCHO";"VICTOR FAJARDO";"VILCANCHOS";"GOBIERNO REGIONAL";"I-2";"00003628";"PUESTO DE SALUD VILCANCHOS";"NE_0001";"";"NE_0001";"NE_0001";"NE_0001";"NE_0001";"NE_0001";"NE_0001";"NE_0001"
"2023";"08";"050206";"AYACUCHO";"CANGALLO";"TOTOS";"GOBIERNO REGIONAL";"I-1";"00003625";"QUIÑASI";"NE_0001";"";"NE_0001";"NE_0001";"NE_0001";"NE_0001";"NE_0001";"NE_0001";"NE_0001"
"2023";"08";"051012";"AYACUCHO";"VICTOR FAJARDO";"VILCANCHOS";"GOBIERNO REGIONAL";"I-1";"00003627";"COCAS";"NE_0001";"";"NE_0001";"NE_0001";"NE_0001";"NE_0001";"NE_0001";"NE_0001";"NE_0001"
"2023";"08";"050206";"AYACUCHO";"CANGALLO";"TOTOS";"GOBIERNO REGIONAL";"I-1";"00003622";"CHUYMAY";"NE_0001";"";"NE_0001";"NE_0001";"NE_0001";"NE_0001";"NE_0001";"NE_0001";"NE_0001"
"2023";"08";"051012";"AYACUCHO";"VICTOR FAJARDO";"VILCANCHOS";"GOBIERNO REGIONAL";"I-2";"00003628";"PUESTO DE SALUD VILCANCHOS";"NE_0001";"";"NE_0001";"NE_0001";"NE_0001";"NE_0001";"NE_0001";"NE_0001";"NE_0001"
"2023";"08";"050206";"AYACUCHO";"CANGALLO";"TOTOS";"GOBIERNO REGIONAL";"I-1";"00003625";"QUIÑASI";"NE_0001";"";"NE_0001";"NE_0001";"NE_0001";"NE_0001";"NE_0001";"NE_0001";"NE_0001"
"2023";"08";"051012";"AYACUCHO";"VICTOR FAJARDO";"VILCANCHOS";"GOBIERNO REGIONAL";"I-1";"00003627";"COCAS";"NE_0001";"";"NE_0001";"NE_0001";"NE_0001";"NE_0001";"NE_0001";"NE_0001";"NE_0001"
"2023";"08";"050206";"AYACUCHO";"CANGALLO";"TOTOS";"GOBIERNO REGIONAL";"I-1";"00003622";"CHUYMAY";"NE_0001";"";"NE_0001";"NE_0001";"NE_0001";"NE_0001";"NE_0001";"NE_0001";"NE_0001"
"2023";"08";"050206";"AYACUCHO";"CANGALLO";"TOTOS";"GOBIERNO REGIONAL";"I-3";"00003623";"CENTRO DE SALUD TOTOS";"241400";"HOSPITALIZACIÓN QUIRÚRGICA GINECO - OBSTETRICIA ";"2";"2";"3";"3";"2";"3";"0"
"2023";"08";"051012";"AYACUCHO";"VICTOR FAJARDO";"VILCANCHOS";"GOBIERNO REGIONAL";"I-2";"00003628";"PUESTO DE SALUD VILCANCHOS";"NE_0001";"";"NE_0001";"NE_0001";"NE_0001";"NE_0001";"NE_0001";"NE_0001";"NE_0001"
"2023";"08";"050110";"AYACUCHO";"HUAMANGA";"SAN JUAN BAUTISTA";"ESSALUD";"II-1";"00011775";"HOSPITAL II HUAMANGA";"240100";"HOSPITALIZACIÓN QUIRÚRGICA CIRUGÍA GENERAL ";"86";"87";"279";"270";"13";"403";"0"
"2023";"08";"050110";"AYACUCHO";"HUAMANGA";"SAN JUAN BAUTISTA";"ESSALUD";"II-1";"00011775";"HOSPITAL II HUAMANGA";"241200";"HOSPITALIZACIÓN QUIRÚRGICA TRAUMATOLOGÍA Y ORTOPEDIA ";"28";"28";"162";"150";"6";"186";"0"
"2023";"08";"050110";"AYACUCHO";"HUAMANGA";"SAN JUAN BAUTISTA";"ESSALUD";"II-1";"00011775";"HOSPITAL II HUAMANGA";"241500";"HOSPITALIZACIÓN QUIRÚRGICA GINECOLOGÍA  ";"19";"19";"63";"60";"3";"93";"0"
"2023";"08";"050110";"AYACUCHO";"HUAMANGA";"SAN JUAN BAUTISTA";"ESSALUD";"II-1";"00011775";"HOSPITAL II HUAMANGA";"241400";"HOSPITALIZACIÓN QUIRÚRGICA GINECO - OBSTETRICIA ";"131";"130";"259";"249";"12";"372";"0"
"2023";"08";"050110";"AYACUCHO";"HUAMANGA";"SAN JUAN BAUTISTA";"ESSALUD";"II-1";"00011775";"HOSPITAL II HUAMANGA";"241800";"HOSPITALIZACIÓN DE MEDICINA MEDICINA GENERAL ";"84";"83";"502";"400";"13";"403";"0"
"2023";"08";"050110";"AYACUCHO";"HUAMANGA";"SAN JUAN BAUTISTA";"ESSALUD";"II-1";"00011775";"HOSPITAL II HUAMANGA";"250100";"UNIDAD DE CUIDADOS CRITICOS UNIDAD  DE CUIDADOS INTENSIVOS GENERALES (UCI) ";"7";"7";"100";"73";"6";"186";"5"
"2023";"08";"050110";"AYACUCHO";"HUAMANGA";"SAN JUAN BAUTISTA";"ESSALUD";"II-1";"00011775";"HOSPITAL II HUAMANGA";"250200";"UNIDAD DE CUIDADOS CRITICOS UNIDAD DE CUIDADOS INTERMEDIOS GENERAL  (UCIN) ";"26";"26";"162";"130";"11";"341";"5"
"2023";"08";"050110";"AYACUCHO";"HUAMANGA";"SAN JUAN BAUTISTA";"ESSALUD";"II-1";"00011775";"HOSPITAL II HUAMANGA";"243200";"HOSPITALIZACIÓN DE PEDIATRÍA PEDIATRIA NEONATOLOGÍA";"45";"45";"130";"121";"5";"155";"0"
"2023";"08";"050110";"AYACUCHO";"HUAMANGA";"SAN JUAN BAUTISTA";"ESSALUD";"II-1";"00011775";"HOSPITAL II HUAMANGA";"242300";"HOSPITALIZACIÓN DE PEDIATRÍA  PEDIATRÍA  GENERAL ";"92";"92";"307";"281";"11";"341";"0"
"2023";"06";"150101";"LIMA";"LIMA";"LIMA";"PRIVADO";"I-3";"00027276";"POLICLINICO  ARTHRO MEDS";"NE_0001";"";"NE_0001";"NE_0001";"NE_0001";"NE_0001";"NE_0001";"NE_0001";"NE_0001"
"2023";"04";"150101";"LIMA";"LIMA";"LIMA";"PRIVADO";"I-3";"00027276";"POLICLINICO  ARTHRO MEDS";"NE_0001";"";"NE_0001";"NE_0001";"NE_0001";"NE_0001";"NE_0001";"NE_0001";"NE_0001"
"2023";"03";"150101";"LIMA";"LIMA";"LIMA";"PRIVADO";"I-3";"00027276";"POLICLINICO  ARTHRO MEDS";"NE_0001";"";"NE_0001";"NE_0001";"NE_0001";"NE_0001";"NE_0001";"NE_0001";"NE_0001"
"2023";"02";"150101";"LIMA";"LIMA";"LIMA";"PRIVADO";"I-3";"00027276";"POLICLINICO  ARTHRO MEDS";"NE_0001";"";"NE_0001";"NE_0001";"NE_0001";"NE_0001";"NE_0001";"NE_0001";"NE_0001"
"2023";"01";"150101";"LIMA";"LIMA";"LIMA";"PRIVADO";"I-3";"00027276";"POLICLINICO  ARTHRO MEDS";"NE_0001";"";"NE_0001";"NE_0001";"NE_0001";"NE_0001";"NE_0001";"NE_0001";"NE_0001"
"2023";"08";"040703";"AREQUIPA";"ISLAY";"DEAN VALDIVIA";"GOBIERNO REGIONAL";"I-3";"00001449";"CENTRO DE SALUD LA CURVA";"NE_0001";"";"NE_0001";"NE_0001";"NE_0001";"NE_0001";"NE_0001";"NE_0001";"NE_0001"
"2023";"08";"040703";"AREQUIPA";"ISLAY";"DEAN VALDIVIA";"GOBIERNO REGIONAL";"I-2";"00001450";"PUESTO DE SALUD ALTO ENSENADA";"NE_0001";"";"NE_0001";"NE_0001";"NE_0001";"NE_0001";"NE_0001";"NE_0001";"NE_0001"
"2023";"08";"040703";"AREQUIPA";"ISLAY";"DEAN VALDIVIA";"GOBIERNO REGIONAL";"I-2";"00001451";"PUESTO DE SALUD EL ARENAL";"NE_0001";"";"NE_0001";"NE_0001";"NE_0001";"NE_0001";"NE_0001";"NE_0001";"NE_0001"
"2023";"08";"040706";"AREQUIPA";"ISLAY";"PUNTA DE BOMBON";"GOBIERNO REGIONAL";"I-3";"00001446";"CENTRO DE SALUD LA PUNTA";"NE_0001";"";"NE_0001";"NE_0001";"NE_0001";"NE_0001";"NE_0001";"NE_0001";"NE_0001"
"2023";"08";"160113";"LORETO";"MAYNAS";"SAN JUAN BAUTISTA";"ESSALUD";"I-3";"00011386";"CAP II SAN JUAN BAUTISTA";"NE_0001";"";"NE_0001";"NE_0001";"NE_0001";"NE_0001";"NE_0001";"NE_0001";"NE_0001"
"2023";"08";"040605";"AREQUIPA";"CONDESUYOS";"IRAY";"GOBIERNO REGIONAL";"I-2";"00001409";"IRAY";"NE_0001";"";"NE_0001";"NE_0001";"NE_0001";"NE_0001";"NE_0001";"NE_0001";"NE_0001"
"2023";"08";"040607";"AREQUIPA";"CONDESUYOS";"SALAMANCA";"GOBIERNO REGIONAL";"I-1";"00001413";"PUESTO DE SALUD PUCUNCHO";"NE_0001";"";"NE_0001";"NE_0001";"NE_0001";"NE_0001";"NE_0001";"NE_0001";"NE_0001"
"2023";"08";"040604";"AREQUIPA";"CONDESUYOS";"CHICHAS";"GOBIERNO REGIONAL";"I-2";"00001410";"PUESTO DE SALUD CHICHAS";"NE_0001";"";"NE_0001";"NE_0001";"NE_0001";"NE_0001";"NE_0001";"NE_0001";"NE_0001"
"2023";"08";"040604";"AREQUIPA";"CONDESUYOS";"CHICHAS";"GOBIERNO REGIONAL";"I-2";"00001411";"PUESTO DE SALUD YACHANGUILLO";"NE_0001";"";"NE_0001";"NE_0001";"NE_0001";"NE_0001";"NE_0001";"NE_0001";"NE_0001"
"2023";"08";"040604";"AREQUIPA";"CONDESUYOS";"CHICHAS";"GOBIERNO REGIONAL";"I-1";"00001416";"YANQUE";"NE_0001";"";"NE_0001";"NE_0001";"NE_0001";"NE_0001";"NE_0001";"NE_0001";"NE_0001"
"2023";"08";"040607";"AREQUIPA";"CONDESUYOS";"SALAMANCA";"GOBIERNO REGIONAL";"I-2";"00001412";"PUESTO DE SALUD SALAMANCA";"NE_0001";"";"NE_0001";"NE_0001";"NE_0001";"NE_0001";"NE_0001";"NE_0001";"NE_0001"
"2023";"08";"040601";"AREQUIPA";"CONDESUYOS";"CHUQUIBAMBA";"GOBIERNO REGIONAL";"I-4";"00001388";"CENTRO DE SALUD CHUQUIBAMBA";"NE_0002";"";"NE_0002";"NE_0002";"NE_0002";"NE_0002";"NE_0002";"NE_0002";"NE_0002"
"2023";"08";"040608";"AREQUIPA";"CONDESUYOS";"YANAQUIHUA";"GOBIERNO REGIONAL";"I-3";"00001389";"CENTRO DE SALUD YANAQUIHUA";"NE_0001";"";"NE_0001";"NE_0001";"NE_0001";"NE_0001";"NE_0001";"NE_0001";"NE_0001"
"2023";"08";"040602";"AREQUIPA";"CONDESUYOS";"ANDARAY";"GOBIERNO REGIONAL";"I-2";"00001415";"PUESTO DE SALUD ANDARAY";"NE_0001";"";"NE_0001";"NE_0001";"NE_0001";"NE_0001";"NE_0001";"NE_0001";"NE_0001"
"2023";"05";"150128";"LIMA";"LIMA";"RIMAC";"ESSALUD";"I-3";"00008881";"FRANCISCO PIZARRO";"NE_0001";"";"NE_0001";"NE_0001";"NE_0001";"NE_0001";"NE_0001";"NE_0001";"NE_0001"
"2023";"06";"030101";"APURIMAC";"ABANCAY";"ABANCAY";"SANIDAD DE LA POLICIA NACIONAL DEL PERU";"I-3";"00008036";"POLICLINICO POLICIAL ABANCAY";"NE_0001";"";"NE_0001";"NE_0001";"NE_0001";"NE_0001";"NE_0001";"NE_0001";"NE_0001"
"2023";"06";"110101";"ICA";"ICA";"ICA";"PRIVADO";"I-3";"00019056";"EL GALENO DE ICA";"NE_0001";"";"NE_0001";"NE_0001";"NE_0001";"NE_0001";"NE_0001";"NE_0001";"NE_0001"
"2023";"05";"120504";"JUNIN";"JUNIN";"ULCUMAYO";"GOBIERNO REGIONAL";"I-1";"00000607";"PISCURRURAY";"NE_0001";"";"NE_0001";"NE_0001";"NE_0001";"NE_0001";"NE_0001";"NE_0001";"NE_0001"
"2023";"05";"120504";"JUNIN";"JUNIN";"ULCUMAYO";"GOBIERNO REGIONAL";"I-1";"00000606";"QUIPACANCHA";"NE_0001";"";"NE_0001";"NE_0001";"NE_0001";"NE_0001";"NE_0001";"NE_0001";"NE_0001"
"2023";"05";"120504";"JUNIN";"JUNIN";"ULCUMAYO";"GOBIERNO REGIONAL";"I-1";"00000605";"SHOGUE";"NE_0001";"";"NE_0001";"NE_0001";"NE_0001";"NE_0001";"NE_0001";"NE_0001";"NE_0001"
"2023";"05";"120504";"JUNIN";"JUNIN";"ULCUMAYO";"GOBIERNO REGIONAL";"I-2";"00000604";"TAMBOS";"NE_0001";"";"NE_0001";"NE_0001";"NE_0001";"NE_0001";"NE_0001";"NE_0001";"NE_0001"
"2023";"05";"120504";"JUNIN";"JUNIN";"ULCUMAYO";"GOBIERNO REGIONAL";"I-1";"00000603";"YAPACMARCA";"NE_0001";"";"NE_0001";"NE_0001";"NE_0001";"NE_0001";"NE_0001";"NE_0001";"NE_0001"
"2023";"05";"120504";"JUNIN";"JUNIN";"ULCUMAYO";"GOBIERNO REGIONAL";"I-2";"00000602";"QUILCATACTA";"NE_0001";"";"NE_0001";"NE_0001";"NE_0001";"NE_0001";"NE_0001";"NE_0001";"NE_0001"
"2023";"05";"120504";"JUNIN";"JUNIN";"ULCUMAYO";"GOBIERNO REGIONAL";"I-3";"00000601";"ULCUMAYO";"NE_0001";"";"NE_0001";"NE_0001";"NE_0001";"NE_0001";"NE_0001";"NE_0001";"NE_0001"
"2023";"06";"040126";"AREQUIPA";"AREQUIPA";"YANAHUARA";"PRIVADO";"II-E";"00025732";"NOVA CLINICA QUIRURGICA";"240800";"HOSPITALIZACIÓN QUIRÚRGICA CIRUGÍA PLÁSTICA/RECONSTRUCTIVA/ REPARADORA ";"8";"8";"8";"8";"3";"62";"0"
"2023";"06";"170101";"MADRE DE DIOS";"TAMBOPATA";"TAMBOPATA";"SANIDAD DE LA POLICIA NACIONAL DEL PERU";"I-2";"00009320";"POSTA MEDICA DE LA PNP";"NE_0001";"";"NE_0001";"NE_0001";"NE_0001";"NE_0001";"NE_0001";"NE_0001";"NE_0001"
"2023";"06";"130106";"LA LIBERTAD";"TRUJILLO";"LAREDO";"GOBIERNO REGIONAL";"II-1";"00005231";"HOSPITAL DISTRITAL LAREDO";"241400";"HOSPITALIZACIÓN QUIRÚRGICA GINECO - OBSTETRICIA ";"17";"17";"35";"52";"6";"180";"0"
"2023";"06";"130106";"LA LIBERTAD";"TRUJILLO";"LAREDO";"GOBIERNO REGIONAL";"II-1";"00005231";"HOSPITAL DISTRITAL LAREDO";"241800";"HOSPITALIZACIÓN DE MEDICINA MEDICINA GENERAL ";"54";"54";"201";"255";"12";"360";"0"
"2023";"06";"130106";"LA LIBERTAD";"TRUJILLO";"LAREDO";"GOBIERNO REGIONAL";"II-1";"00005231";"HOSPITAL DISTRITAL LAREDO";"242500";"HOSPITALIZACIÓN-PEDIATRÍA GENERAL-";"11";"11";"43";"54";"3";"90";"0"
"2023";"06";"150106";"LIMA";"LIMA";"CARABAYLLO";"ESSALUD";"I-3";"00026009";"CAP III CARABAYLLO";"NE_0001";"";"NE_0001";"NE_0001";"NE_0001";"NE_0001";"NE_0001";"NE_0001";"NE_0001"
"2023";"06";"150130";"LIMA";"LIMA";"SAN BORJA";"PRIVADO";"II-1";"00008258";"REJUVENECIMIENTO Y ESTETICA CABANI SRL";"240800";"HOSPITALIZACIÓN QUIRÚRGICA CIRUGÍA PLÁSTICA/RECONSTRUCTIVA/ REPARADORA ";"37";"36";"11";"47";"6";"180";"0"
"2023";"06";"070101";"CALLAO";"CALLAO";"CALLAO";"GOBIERNO REGIONAL";"I-2";"00006242";"PUESTO DE SALUD PLAYA RIMAC";"NE_0001";"";"NE_0001";"NE_0001";"NE_0001";"NE_0001";"NE_0001";"NE_0001";"NE_0001"
"2023";"06";"070101";"CALLAO";"CALLAO";"CALLAO";"GOBIERNO REGIONAL";"I-2";"00006248";"PUESTO DE SALUD POLIGONO IV";"NE_0001";"";"NE_0001";"NE_0001";"NE_0001";"NE_0001";"NE_0001";"NE_0001";"NE_0001"
"2023";"06";"070101";"CALLAO";"CALLAO";"CALLAO";"GOBIERNO REGIONAL";"I-2";"00006241";"PUESTO DE SALUD AEROPUERTO";"NE_0001";"";"NE_0001";"NE_0001";"NE_0001";"NE_0001";"NE_0001";"NE_0001";"NE_0001"
"2023";"06";"150501";"LIMA";"CAÑETE";"SAN VICENTE DE CAÑETE";"GOBIERNO REGIONAL";"II-2";"00005986";"HOSPITAL REZOLA";"240100";"HOSPITALIZACIÓN QUIRÚRGICA CIRUGÍA GENERAL ";"126";"140";"567";"509";"20";"600";"4"
"2023";"06";"150501";"LIMA";"CAÑETE";"SAN VICENTE DE CAÑETE";"GOBIERNO REGIONAL";"II-2";"00005986";"HOSPITAL REZOLA";"241400";"HOSPITALIZACIÓN QUIRÚRGICA GINECO - OBSTETRICIA ";"197";"214";"452";"430";"24";"720";"0"
"2023";"06";"150501";"LIMA";"CAÑETE";"SAN VICENTE DE CAÑETE";"GOBIERNO REGIONAL";"II-2";"00005986";"HOSPITAL REZOLA";"241500";"HOSPITALIZACIÓN QUIRÚRGICA GINECOLOGÍA  ";"8";"9";"22";"21";"6";"180";"0"
"2023";"06";"150501";"LIMA";"CAÑETE";"SAN VICENTE DE CAÑETE";"GOBIERNO REGIONAL";"II-2";"00005986";"HOSPITAL REZOLA";"241800";"HOSPITALIZACIÓN DE MEDICINA MEDICINA GENERAL ";"83";"103";"623";"526";"25";"750";"9"
"2023";"06";"150501";"LIMA";"CAÑETE";"SAN VICENTE DE CAÑETE";"GOBIERNO REGIONAL";"II-2";"00005986";"HOSPITAL REZOLA";"242500";"HOSPITALIZACIÓN-PEDIATRÍA GENERAL-";"39";"42";"248";"236";"10";"300";"0"
"2023";"06";"150501";"LIMA";"CAÑETE";"SAN VICENTE DE CAÑETE";"GOBIERNO REGIONAL";"II-2";"00005986";"HOSPITAL REZOLA";"243200";"HOSPITALIZACIÓN DE PEDIATRÍA PEDIATRIA NEONATOLOGÍA";"30";"31";"127";"126";"10";"300";"1"
"2023";"06";"150501";"LIMA";"CAÑETE";"SAN VICENTE DE CAÑETE";"GOBIERNO REGIONAL";"II-2";"00005986";"HOSPITAL REZOLA";"250103";"UNIDAD DE CUIDADOS CRITICOS UNIDAD  DE CUIDADOS INTENSIVOS GENERALES  (UCI) MEDICINA";"2";"3";"49";"34";"4";"120";"2"
"2023";"06";"150501";"LIMA";"CAÑETE";"SAN VICENTE DE CAÑETE";"GOBIERNO REGIONAL";"II-2";"00005986";"HOSPITAL REZOLA";"250105";"UNIDAD DE CUIDADOS CRITICOS UNIDAD  DE CUIDADOS INTENSIVOS  (UCI) NEONATOLOGÍA";"9";"11";"47";"36";"5";"150";"1"
"2023";"06";"040126";"AREQUIPA";"AREQUIPA";"YANAHUARA";"PRIVADO";"II-1";"00028448";"CLINICA EMMEL";"240100";"HOSPITALIZACIÓN QUIRÚRGICA CIRUGÍA GENERAL ";"109";"103";"156";"147";"5";"150";"0"
"2023";"06";"040126";"AREQUIPA";"AREQUIPA";"YANAHUARA";"PRIVADO";"II-1";"00028448";"CLINICA EMMEL";"240200";"HOSPITALIZACIÓN QUIRÚRGICA CIRUGÍA DE CABEZA Y CUELLO / MÁXILO FACIAL ";"4";"5";"6";"3";"2";"60";"0"
"2023";"06";"040126";"AREQUIPA";"AREQUIPA";"YANAHUARA";"PRIVADO";"II-1";"00028448";"CLINICA EMMEL";"240300";"HOSPITALIZACIÓN QUIRÚRGICA CIRUGÍA DIGESTIVA ";"2";"2";"5";"5";"1";"30";"0"
"2023";"06";"040126";"AREQUIPA";"AREQUIPA";"YANAHUARA";"PRIVADO";"II-1";"00028448";"CLINICA EMMEL";"240800";"HOSPITALIZACIÓN QUIRÚRGICA CIRUGÍA PLÁSTICA/RECONSTRUCTIVA/ REPARADORA ";"1";"1";"1";"1";"1";"30";"0"
"2023";"06";"040126";"AREQUIPA";"AREQUIPA";"YANAHUARA";"PRIVADO";"II-1";"00028448";"CLINICA EMMEL";"240900";"HOSPITALIZACIÓN QUIRÚRGICA NEUROCIRUGÍA ";"5";"7";"22";"14";"2";"60";"0"
"2023";"06";"040126";"AREQUIPA";"AREQUIPA";"YANAHUARA";"PRIVADO";"II-1";"00028448";"CLINICA EMMEL";"241000";"HOSPITALIZACIÓN QUIRÚRGICA ONCOLOGÍA QUIRÚRGICA  ";"5";"6";"16";"15";"1";"30";"0"
"2023";"06";"040126";"AREQUIPA";"AREQUIPA";"YANAHUARA";"PRIVADO";"II-1";"00028448";"CLINICA EMMEL";"241200";"HOSPITALIZACIÓN QUIRÚRGICA TRAUMATOLOGÍA Y ORTOPEDIA ";"18";"19";"29";"25";"2";"60";"0"
"2023";"06";"040126";"AREQUIPA";"AREQUIPA";"YANAHUARA";"PRIVADO";"II-1";"00028448";"CLINICA EMMEL";"241300";"HOSPITALIZACIÓN QUIRÚRGICA UROLOGÍA  ";"3";"3";"17";"17";"2";"60";"0"
"2023";"06";"040126";"AREQUIPA";"AREQUIPA";"YANAHUARA";"PRIVADO";"II-1";"00028448";"CLINICA EMMEL";"241400";"HOSPITALIZACIÓN QUIRÚRGICA GINECO - OBSTETRICIA ";"7";"8";"8";"7";"1";"30";"0"
"2023";"06";"040126";"AREQUIPA";"AREQUIPA";"YANAHUARA";"PRIVADO";"II-1";"00028448";"CLINICA EMMEL";"245700";"HOSPITALIZACIÓN QUIRÚRGICA CARDIOLOGIA ";"1";"1";"1";"1";"1";"30";"0"
"2023";"04";"200115";"PIURA";"PIURA";"VEINTISEIS DE OCTUBRE";"GOBIERNO REGIONAL";"II-2";"00002084";"HOSPITAL DE LA AMISTAD PERU - COREA SANTA ROSA II-2";"240100";"HOSPITALIZACIÓN QUIRÚRGICA CIRUGÍA GENERAL ";"80";"99";"764";"574";"40";"1240";"4"
"2023";"04";"200115";"PIURA";"PIURA";"VEINTISEIS DE OCTUBRE";"GOBIERNO REGIONAL";"II-2";"00002084";"HOSPITAL DE LA AMISTAD PERU - COREA SANTA ROSA II-2";"241500";"HOSPITALIZACIÓN QUIRÚRGICA GINECOLOGÍA  ";"173";"188";"522";"427";"16";"496";"0"
"2023";"04";"200115";"PIURA";"PIURA";"VEINTISEIS DE OCTUBRE";"GOBIERNO REGIONAL";"II-2";"00002084";"HOSPITAL DE LA AMISTAD PERU - COREA SANTA ROSA II-2";"241600";"HOSPITALIZACIÓN QUIRÚRGICA OBSTETRICIA   ";"270";"280";"497";"534";"25";"775";"0"
"2023";"04";"200115";"PIURA";"PIURA";"VEINTISEIS DE OCTUBRE";"GOBIERNO REGIONAL";"II-2";"00002084";"HOSPITAL DE LA AMISTAD PERU - COREA SANTA ROSA II-2";"241800";"HOSPITALIZACIÓN DE MEDICINA MEDICINA GENERAL ";"80";"110";"901";"1336";"50";"1550";"15"
"2023";"04";"200115";"PIURA";"PIURA";"VEINTISEIS DE OCTUBRE";"GOBIERNO REGIONAL";"II-2";"00002084";"HOSPITAL DE LA AMISTAD PERU - COREA SANTA ROSA II-2";"242500";"HOSPITALIZACIÓN-PEDIATRÍA GENERAL-";"42";"49";"255";"314";"13";"403";"0"
"2023";"04";"200115";"PIURA";"PIURA";"VEINTISEIS DE OCTUBRE";"GOBIERNO REGIONAL";"II-2";"00002084";"HOSPITAL DE LA AMISTAD PERU - COREA SANTA ROSA II-2";"243200";"HOSPITALIZACIÓN DE PEDIATRÍA PEDIATRIA NEONATOLOGÍA";"84";"106";"696";"652";"23";"713";"2"
"2023";"08";"090207";"HUANCAVELICA";"ACOBAMBA";"POMACOCHA";"GOBIERNO REGIONAL";"I-2";"00003923";"PUESTO DE SALUD POMACOCHA";"NE_0001";"";"NE_0001";"NE_0001";"NE_0001";"NE_0001";"NE_0001";"NE_0001";"NE_0001"
"2023";"08";"090207";"HUANCAVELICA";"ACOBAMBA";"POMACOCHA";"GOBIERNO REGIONAL";"I-1";"00009698";"PUESTO DE SALUD INCAPACCHAN";"NE_0001";"";"NE_0001";"NE_0001";"NE_0001";"NE_0001";"NE_0001";"NE_0001";"NE_0001"
"2023";"08";"090201";"HUANCAVELICA";"ACOBAMBA";"ACOBAMBA";"GOBIERNO REGIONAL";"I-1";"00003922";"PUESTO DE SALUD CCARABAMBA";"NE_0001";"";"NE_0001";"NE_0001";"NE_0001";"NE_0001";"NE_0001";"NE_0001";"NE_0001"
"2023";"08";"090201";"HUANCAVELICA";"ACOBAMBA";"ACOBAMBA";"GOBIERNO REGIONAL";"I-1";"00009502";"PUESTO DE SALUD TRES DE OCTUBRE";"NE_0001";"";"NE_0001";"NE_0001";"NE_0001";"NE_0001";"NE_0001";"NE_0001";"NE_0001"
"2023";"08";"090207";"HUANCAVELICA";"ACOBAMBA";"POMACOCHA";"GOBIERNO REGIONAL";"I-1";"00009707";"PUESTO DE SALUD AYAHUASAN";"NE_0001";"";"NE_0001";"NE_0001";"NE_0001";"NE_0001";"NE_0001";"NE_0001";"NE_0001"
"2023";"08";"090201";"HUANCAVELICA";"ACOBAMBA";"ACOBAMBA";"GOBIERNO REGIONAL";"I-1";"00003920";"PUESTO DE SALUD DE CCARHUACC";"NE_0001";"";"NE_0001";"NE_0001";"NE_0001";"NE_0001";"NE_0001";"NE_0001";"NE_0001"
"2023";"08";"090207";"HUANCAVELICA";"ACOBAMBA";"POMACOCHA";"GOBIERNO REGIONAL";"I-3";"00003924";"CENTRO DE SALUD CHOCLOCOCHA";"NE_0001";"";"NE_0001";"NE_0001";"NE_0001";"NE_0001";"NE_0001";"NE_0001";"NE_0001"
"2023";"08";"090201";"HUANCAVELICA";"ACOBAMBA";"ACOBAMBA";"GOBIERNO REGIONAL";"I-1";"00003921";"PUESTO DE SALUD DE VILLA RICA";"NE_0001";"";"NE_0001";"NE_0001";"NE_0001";"NE_0001";"NE_0001";"NE_0001";"NE_0001"
"2023";"08";"090201";"HUANCAVELICA";"ACOBAMBA";"ACOBAMBA";"GOBIERNO REGIONAL";"I-2";"00003918";"PUESTO DE SALUD CURIMARAY";"NE_0001";"";"NE_0001";"NE_0001";"NE_0001";"NE_0001";"NE_0001";"NE_0001";"NE_0001"
"2023";"08";"090207";"HUANCAVELICA";"ACOBAMBA";"POMACOCHA";"GOBIERNO REGIONAL";"I-1";"00003925";"PUESTO DE SALUD YANACCOCHA";"NE_0001";"";"NE_0001";"NE_0001";"NE_0001";"NE_0001";"NE_0001";"NE_0001";"NE_0001"
"2023";"08";"090201";"HUANCAVELICA";"ACOBAMBA";"ACOBAMBA";"GOBIERNO REGIONAL";"I-1";"00003919";"PUESTO DE SALUD POMAVILCA";"NE_0001";"";"NE_0001";"NE_0001";"NE_0001";"NE_0001";"NE_0001";"NE_0001";"NE_0001"
"2023";"08";"080207";"CUSCO";"ACOMAYO";"SANGARARA";"GOBIERNO REGIONAL";"I-2";"00002325";"PUESTO DE SALUD MARCACONGA";"NE_0002";"";"NE_0002";"NE_0002";"NE_0002";"NE_0002";"NE_0002";"NE_0002";"NE_0002"
"2023";"08";"080201";"CUSCO";"ACOMAYO";"ACOMAYO";"GOBIERNO REGIONAL";"I-4";"00002317";"ACOMAYO";"NE_0002";"";"NE_0002";"NE_0002";"NE_0002";"NE_0002";"NE_0002";"NE_0002";"NE_0002"
"2023";"08";"080202";"CUSCO";"ACOMAYO";"ACOPIA";"GOBIERNO REGIONAL";"I-1";"00002318";"ACOPIA";"NE_0002";"";"NE_0002";"NE_0002";"NE_0002";"NE_0002";"NE_0002";"NE_0002";"NE_0002"
"2023";"08";"080205";"CUSCO";"ACOMAYO";"POMACANCHI";"GOBIERNO REGIONAL";"I-4";"00002321";"POMACANCHI";"NE_0002";"";"NE_0002";"NE_0002";"NE_0002";"NE_0002";"NE_0002";"NE_0002";"NE_0002"
"2023";"08";"080205";"CUSCO";"ACOMAYO";"POMACANCHI";"GOBIERNO REGIONAL";"I-1";"00002322";"SAN JUAN DE POMACANCHI";"NE_0002";"";"NE_0002";"NE_0002";"NE_0002";"NE_0002";"NE_0002";"NE_0002";"NE_0002"
"2023";"08";"060812";"CAJAMARCA";"JAEN";"SANTA ROSA";"GOBIERNO REGIONAL";"I-3";"00004261";"SANTA ROSA";"NE_0001";"";"NE_0001";"NE_0001";"NE_0001";"NE_0001";"NE_0001";"NE_0001";"NE_0001"
"2023";"08";"080203";"CUSCO";"ACOMAYO";"ACOS";"GOBIERNO REGIONAL";"I-1";"00002319";"ACOS";"NE_0002";"";"NE_0002";"NE_0002";"NE_0002";"NE_0002";"NE_0002";"NE_0002";"NE_0002"
"2023";"08";"080205";"CUSCO";"ACOMAYO";"POMACANCHI";"GOBIERNO REGIONAL";"I-1";"00012926";"SANTA LUCIA";"NE_0002";"";"NE_0002";"NE_0002";"NE_0002";"NE_0002";"NE_0002";"NE_0002";"NE_0002"
"2023";"08";"080207";"CUSCO";"ACOMAYO";"SANGARARA";"GOBIERNO REGIONAL";"I-1";"00002324";"PUESTO DE SALUD SANGARARA";"NE_0002";"";"NE_0002";"NE_0002";"NE_0002";"NE_0002";"NE_0002";"NE_0002";"NE_0002"
"2023";"08";"081008";"CUSCO";"PARURO";"PILLPINTO";"GOBIERNO REGIONAL";"I-1";"00002508";"PILLPINTO";"NE_0002";"";"NE_0002";"NE_0002";"NE_0002";"NE_0002";"NE_0002";"NE_0002";"NE_0002"
"2023";"08";"150141";"LIMA";"LIMA";"SURQUILLO";"PRIVADO";"II-E";"00012947";"CLINICA SANTA MARIA";"240000";"HOSPITALIZACIÓN";"193";"190";"257";"268";"20";"620";"0"
"2023";"08";"120608";"JUNIN";"SATIPO";"RIO TAMBO";"GOBIERNO REGIONAL";"I-1";"00000459";"CUSHIRENI";"NE_0001";"";"NE_0001";"NE_0001";"NE_0001";"NE_0001";"NE_0001";"NE_0001";"NE_0001"
"2023";"08";"120608";"JUNIN";"SATIPO";"RIO TAMBO";"GOBIERNO REGIONAL";"I-1";"00000466";"SANTA ROSITA DE SHIRINTIARI";"NE_0001";"";"NE_0001";"NE_0001";"NE_0001";"NE_0001";"NE_0001";"NE_0001";"NE_0001"
"2023";"08";"120606";"JUNIN";"SATIPO";"PANGOA";"GOBIERNO REGIONAL";"I-1";"00006879";"UNION PUERTO ASHANINKA";"NE_0001";"";"NE_0001";"NE_0001";"NE_0001";"NE_0001";"NE_0001";"NE_0001";"NE_0001"
"2023";"08";"120608";"JUNIN";"SATIPO";"RIO TAMBO";"GOBIERNO REGIONAL";"I-2";"00000474";"QUITENI";"NE_0001";"";"NE_0001";"NE_0001";"NE_0001";"NE_0001";"NE_0001";"NE_0001";"NE_0001"
"2023";"08";"120608";"JUNIN";"SATIPO";"RIO TAMBO";"GOBIERNO REGIONAL";"I-1";"00000461";"SHEVOJA";"NE_0001";"";"NE_0001";"NE_0001";"NE_0001";"NE_0001";"NE_0001";"NE_0001";"NE_0001"
"2023";"08";"120303";"JUNIN";"CHANCHAMAYO";"PICHANAQUI";"GOBIERNO REGIONAL";"I-2";"00000341";"IMPITATO CASCADA";"NE_0001";"";"NE_0001";"NE_0001";"NE_0001";"NE_0001";"NE_0001";"NE_0001";"NE_0001"
"2023";"08";"120303";"JUNIN";"CHANCHAMAYO";"PICHANAQUI";"GOBIERNO REGIONAL";"I-2";"00000345";"PAMPA CAMONA";"NE_0001";"";"NE_0001";"NE_0001";"NE_0001";"NE_0001";"NE_0001";"NE_0001";"NE_0001"
"2023";"08";"120606";"JUNIN";"SATIPO";"PANGOA";"GOBIERNO REGIONAL";"I-1";"00006878";"POTSOTENI";"NE_0001";"";"NE_0001";"NE_0001";"NE_0001";"NE_0001";"NE_0001";"NE_0001";"NE_0001"
"2023";"08";"120303";"JUNIN";"CHANCHAMAYO";"PICHANAQUI";"GOBIERNO REGIONAL";"I-2";"00000352";"UNION SHIMASHIRO";"NE_0001";"";"NE_0001";"NE_0001";"NE_0001";"NE_0001";"NE_0001";"NE_0001";"NE_0001"
"2023";"08";"120608";"JUNIN";"SATIPO";"RIO TAMBO";"GOBIERNO REGIONAL";"I-1";"00000475";"CAPERUSIA";"NE_0001";"";"NE_0001";"NE_0001";"NE_0001";"NE_0001";"NE_0001";"NE_0001";"NE_0001"
"2023";"08";"120303";"JUNIN";"CHANCHAMAYO";"PICHANAQUI";"GOBIERNO REGIONAL";"I-2";"00000342";"PRIMAVERA";"NE_0001";"";"NE_0001";"NE_0001";"NE_0001";"NE_0001";"NE_0001";"NE_0001";"NE_0001"
"2023";"08";"120608";"JUNIN";"SATIPO";"RIO TAMBO";"GOBIERNO REGIONAL";"I-2";"00007187";"VISTA  ALEGRE DEL VALLE DE SANTA CRUZ";"NE_0001";"";"NE_0001";"NE_0001";"NE_0001";"NE_0001";"NE_0001";"NE_0001";"NE_0001"
"2023";"08";"120303";"JUNIN";"CHANCHAMAYO";"PICHANAQUI";"GOBIERNO REGIONAL";"I-3";"00000344";"LAS PALMAS";"NE_0001";"";"NE_0001";"NE_0001";"NE_0001";"NE_0001";"NE_0001";"NE_0001";"NE_0001"
"2023";"08";"120608";"JUNIN";"SATIPO";"RIO TAMBO";"GOBIERNO REGIONAL";"I-3";"00000460";"BETANIA";"NE_0001";"";"NE_0001";"NE_0001";"NE_0001";"NE_0001";"NE_0001";"NE_0001";"NE_0001"
"2023";"08";"120303";"JUNIN";"CHANCHAMAYO";"PICHANAQUI";"GOBIERNO REGIONAL";"I-2";"00007361";"COLONIA HUANCA";"NE_0001";"";"NE_0001";"NE_0001";"NE_0001";"NE_0001";"NE_0001";"NE_0001";"NE_0001"
"2023";"08";"120608";"JUNIN";"SATIPO";"RIO TAMBO";"GOBIERNO REGIONAL";"I-3";"00000469";"PUERTO OCOPA";"NE_0001";"";"NE_0001";"NE_0001";"NE_0001";"NE_0001";"NE_0001";"NE_0001";"NE_0001"
"2023";"08";"150122";"LIMA";"LIMA";"MIRAFLORES";"PRIVADO";"III-1";"00019049";"AUNA CLÍNICA DELGADO";"240000";"HOSPITALIZACIÓN";"558";"814";"2991";"2894";"127";"3937";"5"
"2023";"08";"150122";"LIMA";"LIMA";"MIRAFLORES";"PRIVADO";"III-1";"00019049";"AUNA CLÍNICA DELGADO";"250100";"UNIDAD DE CUIDADOS CRITICOS UNIDAD  DE CUIDADOS INTENSIVOS GENERALES (UCI) ";"25";"9";"73";"234";"15";"465";"2"
"2023";"08";"150122";"LIMA";"LIMA";"MIRAFLORES";"PRIVADO";"III-1";"00019049";"AUNA CLÍNICA DELGADO";"250105";"UNIDAD DE CUIDADOS CRITICOS UNIDAD  DE CUIDADOS INTENSIVOS  (UCI) NEONATOLOGÍA";"2";"8";"73";"130";"10";"310";"0"
"2023";"08";"150122";"LIMA";"LIMA";"MIRAFLORES";"PRIVADO";"III-1";"00019049";"AUNA CLÍNICA DELGADO";"250108";"UNIDAD DE CUIDADOS CRITICOS UNIDAD  DE CUIDADOS INTENSIVOS  (UCI) PEDIÁTRICA";"0";"1";"16";"45";"3";"93";"0"
"2023";"08";"150137";"LIMA";"LIMA";"SANTA ANITA";"MINSA";"III-1";"00005948";"HOSPITAL HERMILIO VALDIZAN";"242202";"HOSPITALIZACIÓN DE MEDICINA PSIQUIATRÍA PSIQUIATRÍA DEL ADULTO Y GERONTE";"52";"52";"2213";"3079";"159";"4929";"0"
"2023";"08";"030101";"APURIMAC";"ABANCAY";"ABANCAY";"GOBIERNO REGIONAL";"II-2";"00007719";"HOSPITAL REGIONAL GUILLERMO DIAZ DE LA VEGA";"241600";"HOSPITALIZACIÓN QUIRÚRGICA OBSTETRICIA   ";"135";"107";"268";"292";"10";"336";"0"
"2023";"08";"030101";"APURIMAC";"ABANCAY";"ABANCAY";"GOBIERNO REGIONAL";"II-2";"00007719";"HOSPITAL REGIONAL GUILLERMO DIAZ DE LA VEGA";"240100";"HOSPITALIZACIÓN QUIRÚRGICA CIRUGÍA GENERAL ";"152";"157";"585";"526";"10";"526";"0"
"2023";"08";"030101";"APURIMAC";"ABANCAY";"ABANCAY";"GOBIERNO REGIONAL";"II-2";"00007719";"HOSPITAL REGIONAL GUILLERMO DIAZ DE LA VEGA";"241500";"HOSPITALIZACIÓN QUIRÚRGICA GINECOLOGÍA  ";"92";"90";"258";"267";"14";"435";"0"
"2023";"08";"030101";"APURIMAC";"ABANCAY";"ABANCAY";"GOBIERNO REGIONAL";"II-2";"00007719";"HOSPITAL REGIONAL GUILLERMO DIAZ DE LA VEGA";"241900";"HOSPITALIZACIÓN DE MEDICINA MEDICINA INTERNA ";"89";"87";"378";"488";"11";"497";"10"
"2023";"08";"030101";"APURIMAC";"ABANCAY";"ABANCAY";"GOBIERNO REGIONAL";"II-2";"00007719";"HOSPITAL REGIONAL GUILLERMO DIAZ DE LA VEGA";"250201";"UNIDAD DE CUIDADOS CRITICOS UNIDAD DE CUIDADOS INTERMEDIOS  (UCIN) NEONATAL";"10";"9";"32";"138";"6";"186";"0"
"2023";"08";"030101";"APURIMAC";"ABANCAY";"ABANCAY";"GOBIERNO REGIONAL";"II-2";"00007719";"HOSPITAL REGIONAL GUILLERMO DIAZ DE LA VEGA";"242300";"HOSPITALIZACIÓN DE PEDIATRÍA  PEDIATRÍA  GENERAL ";"37";"33";"138";"148";"10";"310";"0"
"2023";"08";"030101";"APURIMAC";"ABANCAY";"ABANCAY";"GOBIERNO REGIONAL";"II-2";"00007719";"HOSPITAL REGIONAL GUILLERMO DIAZ DE LA VEGA";"241200";"HOSPITALIZACIÓN QUIRÚRGICA TRAUMATOLOGÍA Y ORTOPEDIA ";"58";"53";"553";"554";"11";"556";"0"
"2023";"08";"030101";"APURIMAC";"ABANCAY";"ABANCAY";"GOBIERNO REGIONAL";"II-2";"00007719";"HOSPITAL REGIONAL GUILLERMO DIAZ DE LA VEGA";"250103";"UNIDAD DE CUIDADOS CRITICOS UNIDAD  DE CUIDADOS INTENSIVOS GENERALES  (UCI) MEDICINA";"9";"5";"73";"92";"4";"125";"2"
"2023";"04";"040701";"AREQUIPA";"ISLAY";"MOLLENDO";"GOBIERNO REGIONAL";"I-2";"00001447";"PUESTO DE SALUD VILLA LOURDES";"NE_0001";"";"NE_0001";"NE_0001";"NE_0001";"NE_0001";"NE_0001";"NE_0001";"NE_0001"
"2023";"04";"040705";"AREQUIPA";"ISLAY";"MEJIA";"GOBIERNO REGIONAL";"I-2";"00001448";"PUESTO DE SALUD MEJIA";"NE_0001";"";"NE_0001";"NE_0001";"NE_0001";"NE_0001";"NE_0001";"NE_0001";"NE_0001"
"2023";"08";"030101";"APURIMAC";"ABANCAY";"ABANCAY";"GOBIERNO REGIONAL";"II-2";"00007719";"HOSPITAL REGIONAL GUILLERMO DIAZ DE LA VEGA";"250105";"UNIDAD DE CUIDADOS CRITICOS UNIDAD  DE CUIDADOS INTENSIVOS  (UCI) NEONATOLOGÍA";"3";"5";"42";"68";"4";"124";"0"
"2023";"08";"030101";"APURIMAC";"ABANCAY";"ABANCAY";"GOBIERNO REGIONAL";"II-2";"00007719";"HOSPITAL REGIONAL GUILLERMO DIAZ DE LA VEGA";"250200";"UNIDAD DE CUIDADOS CRITICOS UNIDAD DE CUIDADOS INTERMEDIOS GENERAL  (UCIN) ";"4";"4";"39";"51";"4";"124";"1"
"2023";"08";"220909";"SAN MARTIN";"SAN MARTIN";"LA BANDA DE SHILCAYO";"GOBIERNO REGIONAL";"I-1";"00006368";"PROGRESO KM.30";"NE_0001";"";"NE_0001";"NE_0001";"NE_0001";"NE_0001";"NE_0001";"NE_0001";"NE_0001"
"2023";"08";"220909";"SAN MARTIN";"SAN MARTIN";"LA BANDA DE SHILCAYO";"GOBIERNO REGIONAL";"I-1";"00006369";"SAN JOSE KM.34";"NE_0001";"";"NE_0001";"NE_0001";"NE_0001";"NE_0001";"NE_0001";"NE_0001";"NE_0001"
"2023";"08";"061105";"CAJAMARCA";"SAN MIGUEL";"EL PRADO";"GOBIERNO REGIONAL";"I-2";"00004573";"LAMASPAMPA";"NE_0001";"";"NE_0001";"NE_0001";"NE_0001";"NE_0001";"NE_0001";"NE_0001";"NE_0001"
"2023";"08";"061105";"CAJAMARCA";"SAN MIGUEL";"EL PRADO";"GOBIERNO REGIONAL";"I-1";"00008995";"LAS PENCAS";"NE_0001";"";"NE_0001";"NE_0001";"NE_0001";"NE_0001";"NE_0001";"NE_0001";"NE_0001"
"2023";"08";"100509";"HUANUCO";"HUAMALIES";"PUÑOS";"GOBIERNO REGIONAL";"I-3";"00000892";"PUÑOS";"NE_0001";"";"NE_0001";"NE_0001";"NE_0001";"NE_0001";"NE_0001";"NE_0001";"NE_0001"
"2023";"08";"100509";"HUANUCO";"HUAMALIES";"PUÑOS";"GOBIERNO REGIONAL";"I-1";"00000894";"ILLAHUASI";"NE_0001";"";"NE_0001";"NE_0001";"NE_0001";"NE_0001";"NE_0001";"NE_0001";"NE_0001"
"2023";"08";"100509";"HUANUCO";"HUAMALIES";"PUÑOS";"GOBIERNO REGIONAL";"I-2";"00000893";"POQUE";"NE_0001";"";"NE_0001";"NE_0001";"NE_0001";"NE_0001";"NE_0001";"NE_0001";"NE_0001"
"2023";"07";"100109";"HUANUCO";"HUANUCO";"SANTA MARIA DEL VALLE";"GOBIERNO REGIONAL";"I-1";"00027658";"SAN PEDRO DE CHOQUECANCHA";"NE_0001";"";"NE_0001";"NE_0001";"NE_0001";"NE_0001";"NE_0001";"NE_0001";"NE_0001"
"2023";"07";"100109";"HUANUCO";"HUANUCO";"SANTA MARIA DEL VALLE";"GOBIERNO REGIONAL";"I-3";"00027635";"SANTA MARIA DEL VALLE";"NE_0001";"";"NE_0001";"NE_0001";"NE_0001";"NE_0001";"NE_0001";"NE_0001";"NE_0001"
"2023";"07";"100109";"HUANUCO";"HUANUCO";"SANTA MARIA DEL VALLE";"GOBIERNO REGIONAL";"I-1";"00013848";"INGENIO BAJO";"NE_0001";"";"NE_0001";"NE_0001";"NE_0001";"NE_0001";"NE_0001";"NE_0001";"NE_0001"
"2023";"07";"100109";"HUANUCO";"HUANUCO";"SANTA MARIA DEL VALLE";"GOBIERNO REGIONAL";"I-2";"00007079";"SAN MIGUEL DE MITOQUERA";"NE_0001";"";"NE_0001";"NE_0001";"NE_0001";"NE_0001";"NE_0001";"NE_0001";"NE_0001"
"2023";"07";"100109";"HUANUCO";"HUANUCO";"SANTA MARIA DEL VALLE";"GOBIERNO REGIONAL";"I-2";"00007044";"LLACSA";"NE_0001";"";"NE_0001";"NE_0001";"NE_0001";"NE_0001";"NE_0001";"NE_0001";"NE_0001"
"2023";"07";"100109";"HUANUCO";"HUANUCO";"SANTA MARIA DEL VALLE";"GOBIERNO REGIONAL";"I-2";"00000774";"SANTA CRUZ DE RATACOCHA";"NE_0001";"";"NE_0001";"NE_0001";"NE_0001";"NE_0001";"NE_0001";"NE_0001";"NE_0001"
"2023";"07";"100109";"HUANUCO";"HUANUCO";"SANTA MARIA DEL VALLE";"GOBIERNO REGIONAL";"I-2";"00000773";"SANTA ROSA DE SIRABAMBA";"NE_0001";"";"NE_0001";"NE_0001";"NE_0001";"NE_0001";"NE_0001";"NE_0001";"NE_0001"
"2023";"07";"100109";"HUANUCO";"HUANUCO";"SANTA MARIA DEL VALLE";"GOBIERNO REGIONAL";"I-3";"00000772";"SAN SEBASTIAN DE QUERA";"NE_0001";"";"NE_0001";"NE_0001";"NE_0001";"NE_0001";"NE_0001";"NE_0001";"NE_0001"
"2023";"07";"100109";"HUANUCO";"HUANUCO";"SANTA MARIA DEL VALLE";"GOBIERNO REGIONAL";"I-2";"00000771";"PUESTO DE SALUD DE PACHABAMBA";"NE_0001";"";"NE_0001";"NE_0001";"NE_0001";"NE_0001";"NE_0001";"NE_0001";"NE_0001"
"2023";"07";"100109";"HUANUCO";"HUANUCO";"SANTA MARIA DEL VALLE";"GOBIERNO REGIONAL";"I-2";"00000770";"SANTIAGO DE LLACON";"NE_0001";"";"NE_0001";"NE_0001";"NE_0001";"NE_0001";"NE_0001";"NE_0001";"NE_0001"
"2023";"07";"100109";"HUANUCO";"HUANUCO";"SANTA MARIA DEL VALLE";"GOBIERNO REGIONAL";"I-2";"00000769";"POMACUCHO";"NE_0001";"";"NE_0001";"NE_0001";"NE_0001";"NE_0001";"NE_0001";"NE_0001";"NE_0001"
"2023";"07";"100109";"HUANUCO";"HUANUCO";"SANTA MARIA DEL VALLE";"GOBIERNO REGIONAL";"I-2";"00000768";"TAMBO DE SAN JOSE";"NE_0001";"";"NE_0001";"NE_0001";"NE_0001";"NE_0001";"NE_0001";"NE_0001";"NE_0001"
"2023";"08";"100109";"HUANUCO";"HUANUCO";"SANTA MARIA DEL VALLE";"GOBIERNO REGIONAL";"I-3";"00000772";"SAN SEBASTIAN DE QUERA";"NE_0001";"";"NE_0001";"NE_0001";"NE_0001";"NE_0001";"NE_0001";"NE_0001";"NE_0001"
"2023";"08";"100109";"HUANUCO";"HUANUCO";"SANTA MARIA DEL VALLE";"GOBIERNO REGIONAL";"I-2";"00000768";"TAMBO DE SAN JOSE";"NE_0001";"";"NE_0001";"NE_0001";"NE_0001";"NE_0001";"NE_0001";"NE_0001";"NE_0001"
"2023";"08";"100109";"HUANUCO";"HUANUCO";"SANTA MARIA DEL VALLE";"GOBIERNO REGIONAL";"I-2";"00000769";"POMACUCHO";"NE_0001";"";"NE_0001";"NE_0001";"NE_0001";"NE_0001";"NE_0001";"NE_0001";"NE_0001"
"2023";"08";"100109";"HUANUCO";"HUANUCO";"SANTA MARIA DEL VALLE";"GOBIERNO REGIONAL";"I-2";"00000770";"SANTIAGO DE LLACON";"NE_0001";"";"NE_0001";"NE_0001";"NE_0001";"NE_0001";"NE_0001";"NE_0001";"NE_0001"
"2023";"08";"100109";"HUANUCO";"HUANUCO";"SANTA MARIA DEL VALLE";"GOBIERNO REGIONAL";"I-2";"00000773";"SANTA ROSA DE SIRABAMBA";"NE_0001";"";"NE_0001";"NE_0001";"NE_0001";"NE_0001";"NE_0001";"NE_0001";"NE_0001"
"2023";"08";"100109";"HUANUCO";"HUANUCO";"SANTA MARIA DEL VALLE";"GOBIERNO REGIONAL";"I-2";"00007079";"SAN MIGUEL DE MITOQUERA";"NE_0001";"";"NE_0001";"NE_0001";"NE_0001";"NE_0001";"NE_0001";"NE_0001";"NE_0001"
"2023";"08";"100109";"HUANUCO";"HUANUCO";"SANTA MARIA DEL VALLE";"GOBIERNO REGIONAL";"I-1";"00013848";"INGENIO BAJO";"NE_0001";"";"NE_0001";"NE_0001";"NE_0001";"NE_0001";"NE_0001";"NE_0001";"NE_0001"
"2023";"08";"100109";"HUANUCO";"HUANUCO";"SANTA MARIA DEL VALLE";"GOBIERNO REGIONAL";"I-3";"00027635";"SANTA MARIA DEL VALLE";"NE_0001";"";"NE_0001";"NE_0001";"NE_0001";"NE_0001";"NE_0001";"NE_0001";"NE_0001"
"2023";"08";"100109";"HUANUCO";"HUANUCO";"SANTA MARIA DEL VALLE";"GOBIERNO REGIONAL";"I-2";"00000774";"SANTA CRUZ DE RATACOCHA";"NE_0001";"";"NE_0001";"NE_0001";"NE_0001";"NE_0001";"NE_0001";"NE_0001";"NE_0001"
"2023";"08";"100109";"HUANUCO";"HUANUCO";"SANTA MARIA DEL VALLE";"GOBIERNO REGIONAL";"I-2";"00000771";"PUESTO DE SALUD DE PACHABAMBA";"NE_0001";"";"NE_0001";"NE_0001";"NE_0001";"NE_0001";"NE_0001";"NE_0001";"NE_0001"
"2023";"08";"100109";"HUANUCO";"HUANUCO";"SANTA MARIA DEL VALLE";"GOBIERNO REGIONAL";"I-2";"00007044";"LLACSA";"NE_0001";"";"NE_0001";"NE_0001";"NE_0001";"NE_0001";"NE_0001";"NE_0001";"NE_0001"
"2023";"08";"100109";"HUANUCO";"HUANUCO";"SANTA MARIA DEL VALLE";"GOBIERNO REGIONAL";"I-1";"00027658";"SAN PEDRO DE CHOQUECANCHA";"NE_0001";"";"NE_0001";"NE_0001";"NE_0001";"NE_0001";"NE_0001";"NE_0001";"NE_0001"
"2023";"07";"130705";"LA LIBERTAD";"PACASMAYO";"SAN JOSE";"ESSALUD";"I-2";"00012110";"POSTA DE SALUD SAN JOSE";"NE_0001";"";"NE_0001";"NE_0001";"NE_0001";"NE_0001";"NE_0001";"NE_0001";"NE_0001"
"2023";"07";"150101";"LIMA";"LIMA";"LIMA";"PRIVADO";"I-3";"00027276";"POLICLINICO  ARTHRO MEDS";"NE_0001";"";"NE_0001";"NE_0001";"NE_0001";"NE_0001";"NE_0001";"NE_0001";"NE_0001"
"2023";"08";"120502";"JUNIN";"JUNIN";"CARHUAMAYO";"GOBIERNO REGIONAL";"I-3";"00000537";"CARHUAMAYO";"NE_0001";"";"NE_0001";"NE_0001";"NE_0001";"NE_0001";"NE_0001";"NE_0001";"NE_0001"
"2023";"08";"120504";"JUNIN";"JUNIN";"ULCUMAYO";"GOBIERNO REGIONAL";"I-1";"00000538";"LLAUPI";"NE_0001";"";"NE_0001";"NE_0001";"NE_0001";"NE_0001";"NE_0001";"NE_0001";"NE_0001"
"2023";"08";"120504";"JUNIN";"JUNIN";"ULCUMAYO";"GOBIERNO REGIONAL";"I-1";"00000540";"JACHAHUANCA";"NE_0001";"";"NE_0001";"NE_0001";"NE_0001";"NE_0001";"NE_0001";"NE_0001";"NE_0001"
"2023";"08";"120502";"JUNIN";"JUNIN";"CARHUAMAYO";"GOBIERNO REGIONAL";"I-3";"00030166";"CENTRO DE SALUD MENTAL COMUNITARIO CARHUAMAYO";"NE_0001";"";"NE_0001";"NE_0001";"NE_0001";"NE_0001";"NE_0001";"NE_0001";"NE_0001"
"2023";"08";"120501";"JUNIN";"JUNIN";"JUNIN";"GOBIERNO REGIONAL";"I-1";"00000536";"HUAYRE";"NE_0001";"";"NE_0001";"NE_0001";"NE_0001";"NE_0001";"NE_0001";"NE_0001";"NE_0001"
"2023";"08";"120504";"JUNIN";"JUNIN";"ULCUMAYO";"GOBIERNO REGIONAL";"I-1";"00000539";"PUYAY";"NE_0001";"";"NE_0001";"NE_0001";"NE_0001";"NE_0001";"NE_0001";"NE_0001";"NE_0001"
"2023";"08";"120504";"JUNIN";"JUNIN";"ULCUMAYO";"GOBIERNO REGIONAL";"I-1";"00000541";"CARAPACHO";"NE_0001";"";"NE_0001";"NE_0001";"NE_0001";"NE_0001";"NE_0001";"NE_0001";"NE_0001"
"2023";"08";"230301";"TACNA";"JORGE BASADRE";"LOCUMBA";"ESSALUD";"I-2";"00018550";"CENTRO DE ATENCION PRIMARIA  I  LOCUMBA";"NE_0001";"";"NE_0001";"NE_0001";"NE_0001";"NE_0001";"NE_0001";"NE_0001";"NE_0001"
"2023";"08";"160108";"LORETO";"MAYNAS";"PUNCHANA";"GOBIERNO REGIONAL";"III-1";"00000003";"HOSPITAL REGIONAL DE LORETO ""FELIPE SANTIAGO ARRIOLA IGLESIAS""";"240100";"HOSPITALIZACIÓN QUIRÚRGICA CIRUGÍA GENERAL ";"116";"119";"642";"589";"28";"840";"0"
"2023";"08";"160108";"LORETO";"MAYNAS";"PUNCHANA";"GOBIERNO REGIONAL";"III-1";"00000003";"HOSPITAL REGIONAL DE LORETO ""FELIPE SANTIAGO ARRIOLA IGLESIAS""";"241500";"HOSPITALIZACIÓN QUIRÚRGICA GINECOLOGÍA  ";"22";"29";"171";"245";"15";"450";"0"
"2023";"08";"160108";"LORETO";"MAYNAS";"PUNCHANA";"GOBIERNO REGIONAL";"III-1";"00000003";"HOSPITAL REGIONAL DE LORETO ""FELIPE SANTIAGO ARRIOLA IGLESIAS""";"241900";"HOSPITALIZACIÓN DE MEDICINA MEDICINA INTERNA ";"75";"84";"835";"733";"29";"870";"14"
"2023";"08";"160108";"LORETO";"MAYNAS";"PUNCHANA";"GOBIERNO REGIONAL";"III-1";"00000003";"HOSPITAL REGIONAL DE LORETO ""FELIPE SANTIAGO ARRIOLA IGLESIAS""";"242000";"HOSPITALIZACIÓN DE MEDICINA MEDICINA TROPICAL E INFECCIOSAS ";"96";"87";"549";"630";"25";"750";"11"
"2023";"08";"160108";"LORETO";"MAYNAS";"PUNCHANA";"GOBIERNO REGIONAL";"III-1";"00000003";"HOSPITAL REGIONAL DE LORETO ""FELIPE SANTIAGO ARRIOLA IGLESIAS""";"243200";"HOSPITALIZACIÓN DE PEDIATRÍA PEDIATRIA NEONATOLOGÍA";"12";"2";"27";"160";"6";"180";"2"
"2023";"08";"160108";"LORETO";"MAYNAS";"PUNCHANA";"GOBIERNO REGIONAL";"III-1";"00000003";"HOSPITAL REGIONAL DE LORETO ""FELIPE SANTIAGO ARRIOLA IGLESIAS""";"241400";"HOSPITALIZACIÓN QUIRÚRGICA GINECO - OBSTETRICIA ";"321";"324";"720";"637";"37";"1110";"0"
"2023";"08";"160108";"LORETO";"MAYNAS";"PUNCHANA";"GOBIERNO REGIONAL";"III-1";"00000003";"HOSPITAL REGIONAL DE LORETO ""FELIPE SANTIAGO ARRIOLA IGLESIAS""";"242300";"HOSPITALIZACIÓN DE PEDIATRÍA  PEDIATRÍA  GENERAL ";"56";"62";"911";"673";"24";"720";"0"
"2023";"08";"160108";"LORETO";"MAYNAS";"PUNCHANA";"GOBIERNO REGIONAL";"III-1";"00000003";"HOSPITAL REGIONAL DE LORETO ""FELIPE SANTIAGO ARRIOLA IGLESIAS""";"250103";"UNIDAD DE CUIDADOS CRITICOS UNIDAD  DE CUIDADOS INTENSIVOS GENERALES  (UCI) MEDICINA";"9";"4";"40";"125";"7";"210";"4"
"2023";"08";"160108";"LORETO";"MAYNAS";"PUNCHANA";"GOBIERNO REGIONAL";"III-1";"00000003";"HOSPITAL REGIONAL DE LORETO ""FELIPE SANTIAGO ARRIOLA IGLESIAS""";"250108";"UNIDAD DE CUIDADOS CRITICOS UNIDAD  DE CUIDADOS INTENSIVOS  (UCI) PEDIÁTRICA";"14";"5";"25";"58";"6";"180";"5"
"2023";"08";"160108";"LORETO";"MAYNAS";"PUNCHANA";"GOBIERNO REGIONAL";"III-1";"00000003";"HOSPITAL REGIONAL DE LORETO ""FELIPE SANTIAGO ARRIOLA IGLESIAS""";"250109";"UNIDAD DE CUIDADOS CRITICOS UNIDAD  DE CUIDADOS INTENSIVOS  (UCI) QUIRÚRGICA";"12";"11";"236";"106";"6";"180";"3"
"2023";"08";"160108";"LORETO";"MAYNAS";"PUNCHANA";"GOBIERNO REGIONAL";"III-1";"00000003";"HOSPITAL REGIONAL DE LORETO ""FELIPE SANTIAGO ARRIOLA IGLESIAS""";"250400";"UNIDAD DE CUIDADOS CRITICOS UNIDAD DE QUEMADOS (GRAN QUEMADO) ";"6";"7";"209";"176";"7";"210";"0"
"2023";"08";"160108";"LORETO";"MAYNAS";"PUNCHANA";"GOBIERNO REGIONAL";"III-1";"00000003";"HOSPITAL REGIONAL DE LORETO ""FELIPE SANTIAGO ARRIOLA IGLESIAS""";"250105";"UNIDAD DE CUIDADOS CRITICOS UNIDAD  DE CUIDADOS INTENSIVOS  (UCI) NEONATOLOGÍA";"17";"27";"315";"362";"13";"390";"0"
"2023";"08";"160108";"LORETO";"MAYNAS";"PUNCHANA";"GOBIERNO REGIONAL";"III-1";"00000003";"HOSPITAL REGIONAL DE LORETO ""FELIPE SANTIAGO ARRIOLA IGLESIAS""";"242205";"HOSPITALIZACIÓN MEDICINA PSIQUIATRÍA PISIQUIATRIA/ SALUD MENTAL Y ADICCIONES";"3";"2";"98";"329";"11";"331";"0"
"2023";"08";"160108";"LORETO";"MAYNAS";"PUNCHANA";"GOBIERNO REGIONAL";"III-1";"00000003";"HOSPITAL REGIONAL DE LORETO ""FELIPE SANTIAGO ARRIOLA IGLESIAS""";"242100";"HOSPITALIZACIÓN DE MEDICINA ONCOLOGÍA MÉDICA ";"20";"19";"90";"85";"4";"120";"0"
"2023";"08";"040104";"AREQUIPA";"AREQUIPA";"CERRO COLORADO";"MUNICIPALIDAD PROVINCIAL";"0";"00021551";"HOSPITAL MUNICIPAL DE AREQUIPA";"NE_0001";"";"NE_0001";"NE_0001";"NE_0001";"NE_0001";"NE_0001";"NE_0001";"NE_0001"
"2023";"09";"150121";"LIMA";"LIMA";"PUEBLO LIBRE";"PRIVADO";"II-E";"00012492";"CLINICA DE OJOS VISUAL OPHTHALMICS";"NE_0001";"";"NE_0001";"NE_0001";"NE_0001";"NE_0001";"NE_0001";"NE_0001";"NE_0001"
"2023";"01";"240101";"TUMBES";"TUMBES";"TUMBES";"ESSALUD";"II-1";"00012272";"CARLOS ALBERTO CORTEZ JIMENEZ";"241800";"HOSPITALIZACIÓN DE MEDICINA MEDICINA GENERAL ";"3";"4";"58";"13";"10";"310";"0"
"2023";"01";"240101";"TUMBES";"TUMBES";"TUMBES";"ESSALUD";"II-1";"00012272";"CARLOS ALBERTO CORTEZ JIMENEZ";"241900";"HOSPITALIZACIÓN DE MEDICINA MEDICINA INTERNA ";"44";"43";"256";"220";"10";"310";"0"
"2023";"01";"240101";"TUMBES";"TUMBES";"TUMBES";"ESSALUD";"II-1";"00012272";"CARLOS ALBERTO CORTEZ JIMENEZ";"240100";"HOSPITALIZACIÓN QUIRÚRGICA CIRUGÍA GENERAL ";"64";"59";"294";"169";"6";"186";"0"
"2023";"01";"240101";"TUMBES";"TUMBES";"TUMBES";"ESSALUD";"II-1";"00012272";"CARLOS ALBERTO CORTEZ JIMENEZ";"241400";"HOSPITALIZACIÓN QUIRÚRGICA GINECO - OBSTETRICIA ";"28";"30";"84";"83";"8";"248";"0"
"2023";"01";"240101";"TUMBES";"TUMBES";"TUMBES";"ESSALUD";"II-1";"00012272";"CARLOS ALBERTO CORTEZ JIMENEZ";"241600";"HOSPITALIZACIÓN QUIRÚRGICA OBSTETRICIA   ";"97";"89";"161";"151";"11";"341";"0"
"2023";"01";"240101";"TUMBES";"TUMBES";"TUMBES";"ESSALUD";"II-1";"00012272";"CARLOS ALBERTO CORTEZ JIMENEZ";"242300";"HOSPITALIZACIÓN DE PEDIATRÍA  PEDIATRÍA  GENERAL ";"77";"75";"188";"170";"8";"248";"0"
"2023";"01";"240101";"TUMBES";"TUMBES";"TUMBES";"ESSALUD";"II-1";"00012272";"CARLOS ALBERTO CORTEZ JIMENEZ";"250103";"UNIDAD DE CUIDADOS CRITICOS UNIDAD  DE CUIDADOS INTENSIVOS GENERALES  (UCI) MEDICINA";"6";"3";"37";"18";"4";"124";"2"
"2023";"09";"180301";"MOQUEGUA";"ILO";"ILO";"SANIDAD DE LA POLICIA NACIONAL DEL PERU";"I-2";"00025870";"POSTA MEDICA POLICIAL ILO";"NE_0001";"";"NE_0001";"NE_0001";"NE_0001";"NE_0001";"NE_0001";"NE_0001";"NE_0001"
"2023";"09";"061105";"CAJAMARCA";"SAN MIGUEL";"EL PRADO";"GOBIERNO REGIONAL";"I-1";"00004540";"EL GUAYO";"NE_0001";"";"NE_0001";"NE_0001";"NE_0001";"NE_0001";"NE_0001";"NE_0001";"NE_0001"
"2023";"09";"061113";"CAJAMARCA";"SAN MIGUEL";"UNION AGUA BLANCA";"GOBIERNO REGIONAL";"I-1";"00004543";"LIVES";"NE_0001";"";"NE_0001";"NE_0001";"NE_0001";"NE_0001";"NE_0001";"NE_0001";"NE_0001"
"2023";"09";"061101";"CAJAMARCA";"SAN MIGUEL";"SAN MIGUEL";"GOBIERNO REGIONAL";"I-1";"00004541";"TANON CAMPO ALEGRE";"NE_0001";"";"NE_0001";"NE_0001";"NE_0001";"NE_0001";"NE_0001";"NE_0001";"NE_0001"
"2023";"04";"070101";"CALLAO";"CALLAO";"CALLAO";"SANIDAD DE LA POLICIA NACIONAL DEL PERU";"I-2";"00010451";"POSTA MÉDICA POLICIAL VIPOL";"NE_0001";"";"NE_0001";"NE_0001";"NE_0001";"NE_0001";"NE_0001";"NE_0001";"NE_0001"
"2023";"06";"150122";"LIMA";"LIMA";"MIRAFLORES";"PRIVADO";"II-E";"00019671";"CLINICA RENACER";"NE_0002";"";"NE_0002";"NE_0002";"NE_0002";"NE_0002";"NE_0002";"NE_0002";"NE_0002"
"2023";"06";"010201";"AMAZONAS";"BAGUA";"BAGUA";"SANIDAD DE LA POLICIA NACIONAL DEL PERU";"I-2";"00012954";"POSTA MEDICA  POLICIAL  BAGUA";"NE_0001";"";"NE_0001";"NE_0001";"NE_0001";"NE_0001";"NE_0001";"NE_0001";"NE_0001"
"2023";"06";"120125";"JUNIN";"HUANCAYO";"PILCOMAYO";"SANIDAD DE LA POLICIA NACIONAL DEL PERU";"I-2";"00025776";"POSTA MEDICA POLICIAL EESTP - HYO";"NE_0001";"";"NE_0001";"NE_0001";"NE_0001";"NE_0001";"NE_0001";"NE_0001";"NE_0001"
"2023";"06";"140101";"LAMBAYEQUE";"CHICLAYO";"CHICLAYO";"GOBIERNO REGIONAL";"III-1";"00011470";"HOSPITAL REGIONAL LAMBAYEQUE";"240000";"HOSPITALIZACIÓN";"499";"429";"1745";"2619";"101";"3030";"14"
"2023";"06";"140101";"LAMBAYEQUE";"CHICLAYO";"CHICLAYO";"GOBIERNO REGIONAL";"III-1";"00011470";"HOSPITAL REGIONAL LAMBAYEQUE";"242300";"HOSPITALIZACIÓN DE PEDIATRÍA  PEDIATRÍA  GENERAL ";"110";"98";"531";"634";"24";"720";"1"
"2023";"06";"140101";"LAMBAYEQUE";"CHICLAYO";"CHICLAYO";"GOBIERNO REGIONAL";"III-1";"00011470";"HOSPITAL REGIONAL LAMBAYEQUE";"243200";"HOSPITALIZACIÓN DE PEDIATRÍA PEDIATRIA NEONATOLOGÍA";"88";"37";"195";"635";"24";"720";"1"
"2023";"06";"140101";"LAMBAYEQUE";"CHICLAYO";"CHICLAYO";"GOBIERNO REGIONAL";"III-1";"00011470";"HOSPITAL REGIONAL LAMBAYEQUE";"250100";"UNIDAD DE CUIDADOS CRITICOS UNIDAD  DE CUIDADOS INTENSIVOS GENERALES (UCI) ";"13";"4";"63";"223";"8";"240";"4"
"2023";"06";"140101";"LAMBAYEQUE";"CHICLAYO";"CHICLAYO";"GOBIERNO REGIONAL";"III-1";"00011470";"HOSPITAL REGIONAL LAMBAYEQUE";"250200";"UNIDAD DE CUIDADOS CRITICOS UNIDAD DE CUIDADOS INTERMEDIOS GENERAL  (UCIN) ";"26";"8";"32";"276";"10";"300";"7"
"2023";"06";"140101";"LAMBAYEQUE";"CHICLAYO";"CHICLAYO";"GOBIERNO REGIONAL";"III-1";"00011470";"HOSPITAL REGIONAL LAMBAYEQUE";"250105";"UNIDAD DE CUIDADOS CRITICOS UNIDAD  DE CUIDADOS INTENSIVOS  (UCI) NEONATOLOGÍA";"16";"2";"6";"173";"6";"180";"2"
"2023";"06";"140101";"LAMBAYEQUE";"CHICLAYO";"CHICLAYO";"GOBIERNO REGIONAL";"III-1";"00011470";"HOSPITAL REGIONAL LAMBAYEQUE";"250108";"UNIDAD DE CUIDADOS CRITICOS UNIDAD  DE CUIDADOS INTENSIVOS  (UCI) PEDIÁTRICA";"9";"2";"25";"112";"4";"120";"0"
"2023";"06";"090701";"HUANCAVELICA";"TAYACAJA";"PAMPAS";"SANIDAD DE LA POLICIA NACIONAL DEL PERU";"I-2";"00010153";"POSTA MEDICA POLICIAL PAMPAS";"NE_0001";"";"NE_0001";"NE_0001";"NE_0001";"NE_0001";"NE_0001";"NE_0001";"NE_0001"
"2023";"06";"050401";"AYACUCHO";"HUANTA";"HUANTA";"SANIDAD DE LA POLICIA NACIONAL DEL PERU";"I-2";"00011437";"POSTA MEDICA PNP HUANTA";"NE_0001";"";"NE_0001";"NE_0001";"NE_0001";"NE_0001";"NE_0001";"NE_0001";"NE_0001"
"2023";"06";"120427";"JUNIN";"JAUJA";"RICRAN";"GOBIERNO REGIONAL";"I-1";"00000421";"APAYCANCHA";"NE_0001";"";"NE_0001";"NE_0001";"NE_0001";"NE_0001";"NE_0001";"NE_0001";"NE_0001"
"2023";"06";"120424";"JUNIN";"JAUJA";"PANCAN";"GOBIERNO REGIONAL";"I-1";"00000417";"PANCAN";"NE_0001";"";"NE_0001";"NE_0001";"NE_0001";"NE_0001";"NE_0001";"NE_0001";"NE_0001"
"2023";"06";"120424";"JUNIN";"JAUJA";"PANCAN";"GOBIERNO REGIONAL";"I-1";"00000418";"HUASQUICHA";"NE_0001";"";"NE_0001";"NE_0001";"NE_0001";"NE_0001";"NE_0001";"NE_0001";"NE_0001"
"2023";"06";"040101";"AREQUIPA";"AREQUIPA";"AREQUIPA";"GOBIERNO REGIONAL";"III-2";"00007397";"INSTITUTO REGIONAL DE ENFERMEDADES NEOPLASICAS DEL SUR";"240000";"HOSPITALIZACIÓN";"125";"131";"912";"956";"36";"1080";"15"
"2023";"06";"040101";"AREQUIPA";"AREQUIPA";"AREQUIPA";"GOBIERNO REGIONAL";"III-2";"00007397";"INSTITUTO REGIONAL DE ENFERMEDADES NEOPLASICAS DEL SUR";"250100";"UNIDAD DE CUIDADOS CRITICOS UNIDAD  DE CUIDADOS INTENSIVOS GENERALES (UCI) ";"7";"7";"22";"37";"2";"60";"0"
"2023";"06";"040101";"AREQUIPA";"AREQUIPA";"AREQUIPA";"ESSALUD";"III-1";"00013290";"HOSPITAL NACIONAL III-1 CARLOS ALBERTO SEGUÍN ESCOBEDO";"241900";"HOSPITALIZACIÓN DE MEDICINA MEDICINA INTERNA ";"372";"334";"4319";"4291";"153";"4590";"18"
"2023";"06";"040101";"AREQUIPA";"AREQUIPA";"AREQUIPA";"ESSALUD";"III-1";"00013290";"HOSPITAL NACIONAL III-1 CARLOS ALBERTO SEGUÍN ESCOBEDO";"240200";"HOSPITALIZACIÓN QUIRÚRGICA CIRUGÍA DE CABEZA Y CUELLO / MÁXILO FACIAL ";"42";"42";"233";"202";"7";"210";"0"
"2023";"06";"040101";"AREQUIPA";"AREQUIPA";"AREQUIPA";"ESSALUD";"III-1";"00013290";"HOSPITAL NACIONAL III-1 CARLOS ALBERTO SEGUÍN ESCOBEDO";"240400";"HOSPITALIZACIÓN QUIRÚRGICA CIRUGÍA DE TÓRAX Y CARDIOVASCULAR ";"26";"18";"463";"296";"10";"300";"0"
"2023";"06";"040101";"AREQUIPA";"AREQUIPA";"AREQUIPA";"ESSALUD";"III-1";"00013290";"HOSPITAL NACIONAL III-1 CARLOS ALBERTO SEGUÍN ESCOBEDO";"241000";"HOSPITALIZACIÓN QUIRÚRGICA ONCOLOGÍA QUIRÚRGICA  ";"21";"23";"176";"159";"8";"240";"0"
"2023";"06";"040101";"AREQUIPA";"AREQUIPA";"AREQUIPA";"ESSALUD";"III-1";"00013290";"HOSPITAL NACIONAL III-1 CARLOS ALBERTO SEGUÍN ESCOBEDO";"240800";"HOSPITALIZACIÓN QUIRÚRGICA CIRUGÍA PLÁSTICA/RECONSTRUCTIVA/ REPARADORA ";"21";"24";"285";"241";"10";"300";"0"
"2023";"06";"040101";"AREQUIPA";"AREQUIPA";"AREQUIPA";"ESSALUD";"III-1";"00013290";"HOSPITAL NACIONAL III-1 CARLOS ALBERTO SEGUÍN ESCOBEDO";"240900";"HOSPITALIZACIÓN QUIRÚRGICA NEUROCIRUGÍA ";"43";"34";"492";"397";"14";"420";"0"
"2023";"06";"040101";"AREQUIPA";"AREQUIPA";"AREQUIPA";"ESSALUD";"III-1";"00013290";"HOSPITAL NACIONAL III-1 CARLOS ALBERTO SEGUÍN ESCOBEDO";"240100";"HOSPITALIZACIÓN QUIRÚRGICA CIRUGÍA GENERAL ";"86";"82";"364";"393";"14";"420";"1"
"2023";"06";"040101";"AREQUIPA";"AREQUIPA";"AREQUIPA";"ESSALUD";"III-1";"00013290";"HOSPITAL NACIONAL III-1 CARLOS ALBERTO SEGUÍN ESCOBEDO";"241100";"HOSPITALIZACIÓN QUIRÚRGICA OTORRINOLARINGOLOGÍA  ";"35";"36";"135";"112";"5";"150";"0"
"2023";"06";"040101";"AREQUIPA";"AREQUIPA";"AREQUIPA";"ESSALUD";"III-1";"00013290";"HOSPITAL NACIONAL III-1 CARLOS ALBERTO SEGUÍN ESCOBEDO";"242202";"HOSPITALIZACIÓN DE MEDICINA PSIQUIATRÍA PSIQUIATRÍA DEL ADULTO Y GERONTE";"29";"27";"755";"627";"24";"720";"0"
"2023";"06";"040101";"AREQUIPA";"AREQUIPA";"AREQUIPA";"ESSALUD";"III-1";"00013290";"HOSPITAL NACIONAL III-1 CARLOS ALBERTO SEGUÍN ESCOBEDO";"241200";"HOSPITALIZACIÓN QUIRÚRGICA TRAUMATOLOGÍA Y ORTOPEDIA ";"99";"96";"1045";"789";"27";"810";"2"
"2023";"06";"040101";"AREQUIPA";"AREQUIPA";"AREQUIPA";"ESSALUD";"III-1";"00013290";"HOSPITAL NACIONAL III-1 CARLOS ALBERTO SEGUÍN ESCOBEDO";"241300";"HOSPITALIZACIÓN QUIRÚRGICA UROLOGÍA  ";"43";"40";"230";"231";"8";"240";"0"
"2023";"06";"040101";"AREQUIPA";"AREQUIPA";"AREQUIPA";"ESSALUD";"III-1";"00013290";"HOSPITAL NACIONAL III-1 CARLOS ALBERTO SEGUÍN ESCOBEDO";"240100";"HOSPITALIZACIÓN QUIRÚRGICA CIRUGÍA GENERAL ";"110";"105";"1035";"831";"28";"840";"2"
"2023";"06";"040101";"AREQUIPA";"AREQUIPA";"AREQUIPA";"ESSALUD";"III-1";"00013290";"HOSPITAL NACIONAL III-1 CARLOS ALBERTO SEGUÍN ESCOBEDO";"240700";"HOSPITALIZACIÓN QUIRÚRGICA CIRUGÍA PEDIÁTRICA ";"3";"2";"19";"19";"1";"30";"0"
"2023";"06";"040101";"AREQUIPA";"AREQUIPA";"AREQUIPA";"ESSALUD";"III-1";"00013290";"HOSPITAL NACIONAL III-1 CARLOS ALBERTO SEGUÍN ESCOBEDO";"241500";"HOSPITALIZACIÓN QUIRÚRGICA GINECOLOGÍA  ";"39";"40";"154";"136";"6";"180";"0"
"2023";"06";"040101";"AREQUIPA";"AREQUIPA";"AREQUIPA";"ESSALUD";"III-1";"00013290";"HOSPITAL NACIONAL III-1 CARLOS ALBERTO SEGUÍN ESCOBEDO";"242300";"HOSPITALIZACIÓN DE PEDIATRÍA  PEDIATRÍA  GENERAL ";"14";"11";"170";"212";"10";"300";"0"
"2023";"06";"040101";"AREQUIPA";"AREQUIPA";"AREQUIPA";"ESSALUD";"III-1";"00013290";"HOSPITAL NACIONAL III-1 CARLOS ALBERTO SEGUÍN ESCOBEDO";"243200";"HOSPITALIZACIÓN DE PEDIATRÍA PEDIATRIA NEONATOLOGÍA";"77";"66";"360";"200";"9";"270";"0"
"2023";"06";"040101";"AREQUIPA";"AREQUIPA";"AREQUIPA";"ESSALUD";"III-1";"00013290";"HOSPITAL NACIONAL III-1 CARLOS ALBERTO SEGUÍN ESCOBEDO";"241600";"HOSPITALIZACIÓN QUIRÚRGICA OBSTETRICIA   ";"116";"122";"443";"396";"16";"480";"0"
"2023";"06";"040101";"AREQUIPA";"AREQUIPA";"AREQUIPA";"ESSALUD";"III-1";"00013290";"HOSPITAL NACIONAL III-1 CARLOS ALBERTO SEGUÍN ESCOBEDO";"241700";"HOSPITALIZACIÓN QUIRÚRGICA GINECOLOGÍA   GINECOLOGIA ONCOLOGiCA";"29";"30";"84";"97";"5";"150";"0"
"2023";"06";"040101";"AREQUIPA";"AREQUIPA";"AREQUIPA";"ESSALUD";"III-1";"00013290";"HOSPITAL NACIONAL III-1 CARLOS ALBERTO SEGUÍN ESCOBEDO";"242300";"HOSPITALIZACIÓN DE PEDIATRÍA  PEDIATRÍA  GENERAL ";"35";"29";"402";"274";"10";"300";"0"
"2023";"06";"040101";"AREQUIPA";"AREQUIPA";"AREQUIPA";"ESSALUD";"III-1";"00013290";"HOSPITAL NACIONAL III-1 CARLOS ALBERTO SEGUÍN ESCOBEDO";"250100";"UNIDAD DE CUIDADOS CRITICOS UNIDAD  DE CUIDADOS INTENSIVOS GENERALES (UCI) ";"107";"105";"1731";"1333";"48";"1440";"10"
"2023";"06";"040101";"AREQUIPA";"AREQUIPA";"AREQUIPA";"ESSALUD";"III-1";"00013290";"HOSPITAL NACIONAL III-1 CARLOS ALBERTO SEGUÍN ESCOBEDO";"250200";"UNIDAD DE CUIDADOS CRITICOS UNIDAD DE CUIDADOS INTERMEDIOS GENERAL  (UCIN) ";"67";"61";"486";"362";"15";"450";"1"
"2023";"03";"120101";"JUNIN";"HUANCAYO";"HUANCAYO";"GOBIERNO REGIONAL";"III-E";"00006615";"HOSPITAL REGIONAL DOCENTE MATERNO INFANTIL EL CARMEN";"241600";"HOSPITALIZACIÓN QUIRÚRGICA OBSTETRICIA   ";"600";"514";"1462";"1393";"59";"1829";"0"
"2023";"03";"120101";"JUNIN";"HUANCAYO";"HUANCAYO";"GOBIERNO REGIONAL";"III-E";"00006615";"HOSPITAL REGIONAL DOCENTE MATERNO INFANTIL EL CARMEN";"250201";"UNIDAD DE CUIDADOS CRITICOS UNIDAD DE CUIDADOS INTERMEDIOS  (UCIN) NEONATAL";"100";"129";"855";"999";"42";"1302";"1"
"2023";"03";"120101";"JUNIN";"HUANCAYO";"HUANCAYO";"GOBIERNO REGIONAL";"III-E";"00006615";"HOSPITAL REGIONAL DOCENTE MATERNO INFANTIL EL CARMEN";"240700";"HOSPITALIZACIÓN QUIRÚRGICA CIRUGÍA PEDIÁTRICA ";"100";"106";"422";"451";"13";"464";"0"
"2023";"03";"120101";"JUNIN";"HUANCAYO";"HUANCAYO";"GOBIERNO REGIONAL";"III-E";"00006615";"HOSPITAL REGIONAL DOCENTE MATERNO INFANTIL EL CARMEN";"242300";"HOSPITALIZACIÓN DE PEDIATRÍA  PEDIATRÍA  GENERAL ";"90";"87";"486";"449";"21";"590";"0"
"2023";"03";"120101";"JUNIN";"HUANCAYO";"HUANCAYO";"GOBIERNO REGIONAL";"III-E";"00006615";"HOSPITAL REGIONAL DOCENTE MATERNO INFANTIL EL CARMEN";"241500";"HOSPITALIZACIÓN QUIRÚRGICA GINECOLOGÍA  ";"52";"58";"291";"232";"10";"310";"0"
"2023";"03";"120101";"JUNIN";"HUANCAYO";"HUANCAYO";"GOBIERNO REGIONAL";"III-E";"00006615";"HOSPITAL REGIONAL DOCENTE MATERNO INFANTIL EL CARMEN";"250102";"UNIDAD DE CUIDADOS CRITICOS UNIDAD  DE CUIDADOS INTENSIVOS GENERALES (UCI) GINECO-OBSTETRICIA";"11";"1";"0";"49";"3";"93";"0"
"2023";"03";"120101";"JUNIN";"HUANCAYO";"HUANCAYO";"GOBIERNO REGIONAL";"III-E";"00006615";"HOSPITAL REGIONAL DOCENTE MATERNO INFANTIL EL CARMEN";"250105";"UNIDAD DE CUIDADOS CRITICOS UNIDAD  DE CUIDADOS INTENSIVOS  (UCI) NEONATOLOGÍA";"21";"6";"48";"359";"12";"372";"6"
"2023";"03";"120101";"JUNIN";"HUANCAYO";"HUANCAYO";"GOBIERNO REGIONAL";"III-E";"00006615";"HOSPITAL REGIONAL DOCENTE MATERNO INFANTIL EL CARMEN";"250108";"UNIDAD DE CUIDADOS CRITICOS UNIDAD  DE CUIDADOS INTENSIVOS  (UCI) PEDIÁTRICA";"3";"1";"3";"93";"3";"93";"1"
"2023";"03";"120101";"JUNIN";"HUANCAYO";"HUANCAYO";"GOBIERNO REGIONAL";"III-E";"00006615";"HOSPITAL REGIONAL DOCENTE MATERNO INFANTIL EL CARMEN";"250200";"UNIDAD DE CUIDADOS CRITICOS UNIDAD DE CUIDADOS INTERMEDIOS GENERAL  (UCIN) ";"7";"0";"0";"48";"3";"93";"0"
"2023";"03";"120101";"JUNIN";"HUANCAYO";"HUANCAYO";"GOBIERNO REGIONAL";"III-E";"00006615";"HOSPITAL REGIONAL DOCENTE MATERNO INFANTIL EL CARMEN";"250202";"UNIDAD DE CUIDADOS CRITICOS UNIDAD DE CUIDADOS INTERMEDIOS  (UCIN) PEDIÁTRICOS";"5";"1";"8";"80";"3";"93";"0"
"2023";"06";"190109";"PASCO";"PASCO";"SIMON BOLIVAR";"ESSALUD";"II-2";"00009747";"HOSPITAL II PASCO";"241800";"HOSPITALIZACIÓN DE MEDICINA MEDICINA GENERAL ";"67";"67";"269";"239";"12";"360";"0"
"2023";"06";"190109";"PASCO";"PASCO";"SIMON BOLIVAR";"ESSALUD";"II-2";"00009747";"HOSPITAL II PASCO";"250100";"UNIDAD DE CUIDADOS CRITICOS UNIDAD  DE CUIDADOS INTENSIVOS GENERALES (UCI) ";"1";"1";"4";"4";"3";"90";"1"
"2023";"06";"190109";"PASCO";"PASCO";"SIMON BOLIVAR";"ESSALUD";"II-2";"00009747";"HOSPITAL II PASCO";"240100";"HOSPITALIZACIÓN QUIRÚRGICA CIRUGÍA GENERAL ";"72";"72";"326";"348";"13";"390";"1"
"2023";"06";"190109";"PASCO";"PASCO";"SIMON BOLIVAR";"ESSALUD";"II-2";"00009747";"HOSPITAL II PASCO";"241400";"HOSPITALIZACIÓN QUIRÚRGICA GINECO - OBSTETRICIA ";"81";"81";"194";"176";"8";"240";"0"
"2023";"06";"190109";"PASCO";"PASCO";"SIMON BOLIVAR";"ESSALUD";"II-2";"00009747";"HOSPITAL II PASCO";"242300";"HOSPITALIZACIÓN DE PEDIATRÍA  PEDIATRÍA  GENERAL ";"73";"73";"227";"240";"8";"240";"0"
"2023";"06";"190109";"PASCO";"PASCO";"SIMON BOLIVAR";"ESSALUD";"II-2";"00009747";"HOSPITAL II PASCO";"243200";"HOSPITALIZACIÓN DE PEDIATRÍA PEDIATRIA NEONATOLOGÍA";"64";"64";"211";"221";"12";"360";"0"
"2023";"06";"050104";"AYACUCHO";"HUAMANGA";"CARMEN ALTO";"GOBIERNO REGIONAL";"I-1";"00011354";"PUESTO DE SALUD YANAMA";"NE_0001";"";"NE_0001";"NE_0001";"NE_0001";"NE_0001";"NE_0001";"NE_0001";"NE_0001"
"2023";"06";"050104";"AYACUCHO";"HUAMANGA";"CARMEN ALTO";"GOBIERNO REGIONAL";"I-3";"00003560";"CENTRO DE SALUD CARMEN ALTO";"NE_0001";"";"NE_0001";"NE_0001";"NE_0001";"NE_0001";"NE_0001";"NE_0001";"NE_0001"
"2023";"06";"050104";"AYACUCHO";"HUAMANGA";"CARMEN ALTO";"GOBIERNO REGIONAL";"I-3";"00003562";"CENTRO DE SALUD VISTA ALEGRE";"NE_0001";"";"NE_0001";"NE_0001";"NE_0001";"NE_0001";"NE_0001";"NE_0001";"NE_0001"
"2023";"06";"050104";"AYACUCHO";"HUAMANGA";"CARMEN ALTO";"GOBIERNO REGIONAL";"I-1";"00003561";"POKRAS";"NE_0001";"";"NE_0001";"NE_0001";"NE_0001";"NE_0001";"NE_0001";"NE_0001";"NE_0001"
"2023";"07";"061001";"CAJAMARCA";"SAN MARCOS";"PEDRO GALVEZ";"ESSALUD";"I-2";"00010275";"POSTA MEDICA DE SAN MARCOS";"NE_0001";"";"NE_0001";"NE_0001";"NE_0001";"NE_0001";"NE_0001";"NE_0001";"NE_0001"
"2023";"07";"050509";"AYACUCHO";"LA MAR";"SAMUGARI";"SANIDAD DE LA POLICIA NACIONAL DEL PERU";"I-2";"00027203";"PUESTO DE SALUD PNP PALMAPAMPA";"NE_0002";"";"NE_0002";"NE_0002";"NE_0002";"NE_0002";"NE_0002";"NE_0002";"NE_0002"
"2023";"07";"060801";"CAJAMARCA";"JAEN";"JAEN";"GOBIERNO REGIONAL";"I-2";"00010007";"GRANADILLAS";"NE_0001";"";"NE_0001";"NE_0001";"NE_0001";"NE_0001";"NE_0001";"NE_0001";"NE_0001"
"2023";"07";"060801";"CAJAMARCA";"JAEN";"JAEN";"GOBIERNO REGIONAL";"I-1";"00004218";"VISTA ALEGRE  DE ZONANGA";"NE_0001";"";"NE_0001";"NE_0001";"NE_0001";"NE_0001";"NE_0001";"NE_0001";"NE_0001"
"2023";"07";"060801";"CAJAMARCA";"JAEN";"JAEN";"GOBIERNO REGIONAL";"I-1";"00004217";"TABACAL";"NE_0001";"";"NE_0001";"NE_0001";"NE_0001";"NE_0001";"NE_0001";"NE_0001";"NE_0001"
"2023";"07";"150130";"LIMA";"LIMA";"SAN BORJA";"PRIVADO";"II-E";"00018626";"OFTALMICA S.A";"NE_0001";"";"NE_0001";"NE_0001";"NE_0001";"NE_0001";"NE_0001";"NE_0001";"NE_0001"
"2023";"07";"130902";"LA LIBERTAD";"SANCHEZ CARRION";"CHUGAY";"GOBIERNO REGIONAL";"I-2";"00005353";"UCHUBAMBA";"NE_0001";"";"NE_0001";"NE_0001";"NE_0001";"NE_0001";"NE_0001";"NE_0001";"NE_0001"
"2023";"07";"130902";"LA LIBERTAD";"SANCHEZ CARRION";"CHUGAY";"GOBIERNO REGIONAL";"I-2";"00005354";"COCHABAMBA";"NE_0001";"";"NE_0001";"NE_0001";"NE_0001";"NE_0001";"NE_0001";"NE_0001";"NE_0001"
"2023";"07";"130902";"LA LIBERTAD";"SANCHEZ CARRION";"CHUGAY";"GOBIERNO REGIONAL";"I-2";"00017924";"UCHUY";"NE_0001";"";"NE_0001";"NE_0001";"NE_0001";"NE_0001";"NE_0001";"NE_0001";"NE_0001"
"2023";"07";"130902";"LA LIBERTAD";"SANCHEZ CARRION";"CHUGAY";"GOBIERNO REGIONAL";"I-2";"00005352";"CHUGAY";"NE_0001";"";"NE_0001";"NE_0001";"NE_0001";"NE_0001";"NE_0001";"NE_0001";"NE_0001"
"2023";"07";"130902";"LA LIBERTAD";"SANCHEZ CARRION";"CHUGAY";"GOBIERNO REGIONAL";"I-1";"00018297";"HUAGUIL";"NE_0001";"";"NE_0001";"NE_0001";"NE_0001";"NE_0001";"NE_0001";"NE_0001";"NE_0001"
"2023";"07";"130902";"LA LIBERTAD";"SANCHEZ CARRION";"CHUGAY";"GOBIERNO REGIONAL";"I-1";"00029509";"PUESTO DE SALUD AHIJADERO";"NE_0001";"";"NE_0001";"NE_0001";"NE_0001";"NE_0001";"NE_0001";"NE_0001";"NE_0001"
"2023";"07";"130902";"LA LIBERTAD";"SANCHEZ CARRION";"CHUGAY";"GOBIERNO REGIONAL";"I-1";"00024527";"NUEVO HUAYCHO";"NE_0001";"";"NE_0001";"NE_0001";"NE_0001";"NE_0001";"NE_0001";"NE_0001";"NE_0001"
"2023";"07";"130902";"LA LIBERTAD";"SANCHEZ CARRION";"CHUGAY";"GOBIERNO REGIONAL";"I-2";"00018225";"CANUCUBAMBA";"NE_0001";"";"NE_0001";"NE_0001";"NE_0001";"NE_0001";"NE_0001";"NE_0001";"NE_0001"
"2023";"07";"130902";"LA LIBERTAD";"SANCHEZ CARRION";"CHUGAY";"GOBIERNO REGIONAL";"I-1";"00031804";"PUESTO DE SALUD PAJA BLANCA";"NE_0001";"";"NE_0001";"NE_0001";"NE_0001";"NE_0001";"NE_0001";"NE_0001";"NE_0001"
"2023";"07";"100111";"HUANUCO";"HUANUCO";"PILLCO MARCA";"GOBIERNO REGIONAL";"I-3";"00000757";"POTRACANCHA";"NE_0001";"";"NE_0001";"NE_0001";"NE_0001";"NE_0001";"NE_0001";"NE_0001";"NE_0001"
"2023";"07";"210801";"PUNO";"MELGAR";"AYAVIRI";"GOBIERNO REGIONAL";"II-1";"00003156";"SAN JUAN DE DIOS (AYAVIRI)";"240100";"HOSPITALIZACIÓN QUIRÚRGICA CIRUGÍA GENERAL ";"33";"39";"185";"205";"19";"589";"0"
"2023";"07";"210801";"PUNO";"MELGAR";"AYAVIRI";"GOBIERNO REGIONAL";"II-1";"00003156";"SAN JUAN DE DIOS (AYAVIRI)";"241500";"HOSPITALIZACIÓN QUIRÚRGICA GINECOLOGÍA  ";"64";"66";"132";"132";"6";"186";"0"
"2023";"07";"210801";"PUNO";"MELGAR";"AYAVIRI";"GOBIERNO REGIONAL";"II-1";"00003156";"SAN JUAN DE DIOS (AYAVIRI)";"241600";"HOSPITALIZACIÓN QUIRÚRGICA OBSTETRICIA   ";"44";"45";"73";"100";"7";"217";"0"
"2023";"07";"210801";"PUNO";"MELGAR";"AYAVIRI";"GOBIERNO REGIONAL";"II-1";"00003156";"SAN JUAN DE DIOS (AYAVIRI)";"241800";"HOSPITALIZACIÓN DE MEDICINA MEDICINA GENERAL ";"9";"13";"59";"134";"14";"434";"2"
"2023";"07";"210801";"PUNO";"MELGAR";"AYAVIRI";"GOBIERNO REGIONAL";"II-1";"00003156";"SAN JUAN DE DIOS (AYAVIRI)";"242500";"HOSPITALIZACIÓN-PEDIATRÍA GENERAL-";"26";"31";"141";"141";"7";"217";"0"
"2023";"07";"210801";"PUNO";"MELGAR";"AYAVIRI";"GOBIERNO REGIONAL";"II-1";"00003156";"SAN JUAN DE DIOS (AYAVIRI)";"243200";"HOSPITALIZACIÓN DE PEDIATRÍA PEDIATRIA NEONATOLOGÍA";"34";"35";"100";"93";"3";"121";"0"
"2023";"07";"120204";"JUNIN";"CONCEPCION";"CHAMBARA";"GOBIERNO REGIONAL";"I-1";"00000638";"SAN BLAS";"NE_0002";"";"NE_0002";"NE_0002";"NE_0002";"NE_0002";"NE_0002";"NE_0002";"NE_0002"
"2023";"07";"120904";"JUNIN";"CHUPACA";"HUACHAC";"GOBIERNO REGIONAL";"I-1";"00000654";"ANTAPAMPA";"NE_0002";"";"NE_0002";"NE_0002";"NE_0002";"NE_0002";"NE_0002";"NE_0002";"NE_0002"
"2023";"07";"120204";"JUNIN";"CONCEPCION";"CHAMBARA";"GOBIERNO REGIONAL";"I-1";"00000637";"STA. ROSA DE TISTES";"NE_0002";"";"NE_0002";"NE_0002";"NE_0002";"NE_0002";"NE_0002";"NE_0002";"NE_0002"
"2023";"07";"120204";"JUNIN";"CONCEPCION";"CHAMBARA";"GOBIERNO REGIONAL";"I-2";"00000636";"CHAMBARA";"NE_0002";"";"NE_0002";"NE_0002";"NE_0002";"NE_0002";"NE_0002";"NE_0002";"NE_0002"
"2023";"07";"120208";"JUNIN";"CONCEPCION";"MANZANARES";"GOBIERNO REGIONAL";"I-1";"00000640";"MANZANARES";"NE_0002";"";"NE_0002";"NE_0002";"NE_0002";"NE_0002";"NE_0002";"NE_0002";"NE_0002"
"2023";"07";"120204";"JUNIN";"CONCEPCION";"CHAMBARA";"GOBIERNO REGIONAL";"I-1";"00000639";"ANGASMAYO";"NE_0002";"";"NE_0002";"NE_0002";"NE_0002";"NE_0002";"NE_0002";"NE_0002";"NE_0002"
"2023";"07";"120904";"JUNIN";"CHUPACA";"HUACHAC";"GOBIERNO REGIONAL";"I-1";"00000653";"MARCATUNA";"NE_0002";"";"NE_0002";"NE_0002";"NE_0002";"NE_0002";"NE_0002";"NE_0002";"NE_0002"
"2023";"07";"120904";"JUNIN";"CHUPACA";"HUACHAC";"GOBIERNO REGIONAL";"I-3";"00000651";"HUACHAC";"NE_0002";"";"NE_0002";"NE_0002";"NE_0002";"NE_0002";"NE_0002";"NE_0002";"NE_0002"
"2023";"07";"120904";"JUNIN";"CHUPACA";"HUACHAC";"GOBIERNO REGIONAL";"I-1";"00000652";"HUAYAO";"NE_0002";"";"NE_0002";"NE_0002";"NE_0002";"NE_0002";"NE_0002";"NE_0002";"NE_0002"
"2023";"08";"060101";"CAJAMARCA";"CAJAMARCA";"CAJAMARCA";"GOBIERNO REGIONAL";"II-E";"00004655";"SIMON BOLIVAR";"241400";"HOSPITALIZACIÓN QUIRÚRGICA GINECO - OBSTETRICIA ";"297";"284";"421";"626";"21";"651";"0"
"2023";"04";"061001";"CAJAMARCA";"SAN MARCOS";"PEDRO GALVEZ";"GOBIERNO REGIONAL";"I-1";"00004505";"HUAYOBAMBA";"NE_0001";"";"NE_0001";"NE_0001";"NE_0001";"NE_0001";"NE_0001";"NE_0001";"NE_0001"
"2023";"04";"061004";"CAJAMARCA";"SAN MARCOS";"GREGORIO PITA";"GOBIERNO REGIONAL";"I-1";"00004503";"PUESTO DE SALUD ULLILLIN";"NE_0001";"";"NE_0001";"NE_0001";"NE_0001";"NE_0001";"NE_0001";"NE_0001";"NE_0001"
"2023";"04";"061001";"CAJAMARCA";"SAN MARCOS";"PEDRO GALVEZ";"GOBIERNO REGIONAL";"I-1";"00004504";"EDELMIRA";"NE_0001";"";"NE_0001";"NE_0001";"NE_0001";"NE_0001";"NE_0001";"NE_0001";"NE_0001"
"2023";"04";"061004";"CAJAMARCA";"SAN MARCOS";"GREGORIO PITA";"GOBIERNO REGIONAL";"I-1";"00004506";"PUESTO DE SALUD MANZANILLA";"NE_0001";"";"NE_0001";"NE_0001";"NE_0001";"NE_0001";"NE_0001";"NE_0001";"NE_0001"
"2023";"04";"061004";"CAJAMARCA";"SAN MARCOS";"GREGORIO PITA";"GOBIERNO REGIONAL";"I-2";"00004507";"RIO SECO";"NE_0001";"";"NE_0001";"NE_0001";"NE_0001";"NE_0001";"NE_0001";"NE_0001";"NE_0001"
"2023";"04";"061001";"CAJAMARCA";"SAN MARCOS";"PEDRO GALVEZ";"GOBIERNO REGIONAL";"I-4";"00004501";"SAN MARCOS";"241400";"HOSPITALIZACIÓN QUIRÚRGICA GINECO - OBSTETRICIA ";"3";"3";"4";"7";"3";"90";"0"
"2023";"04";"061001";"CAJAMARCA";"SAN MARCOS";"PEDRO GALVEZ";"GOBIERNO REGIONAL";"I-4";"00004501";"SAN MARCOS";"241600";"HOSPITALIZACIÓN QUIRÚRGICA OBSTETRICIA   ";"28";"29";"45";"72";"9";"270";"0"
"2023";"04";"061001";"CAJAMARCA";"SAN MARCOS";"PEDRO GALVEZ";"GOBIERNO REGIONAL";"I-4";"00004501";"SAN MARCOS";"241800";"HOSPITALIZACIÓN DE MEDICINA MEDICINA GENERAL ";"9";"11";"37";"43";"3";"90";"0"
"2023";"07";"220401";"SAN MARTIN";"HUALLAGA";"SAPOSOA";"GOBIERNO REGIONAL";"I-3";"00006538";"EL DORADO";"241600";"HOSPITALIZACIÓN QUIRÚRGICA OBSTETRICIA   ";"2";"2";"2";"10";"4";"30";"0"
"2023";"08";"200101";"PIURA";"PIURA";"PIURA";"PRIVADO";"III-E";"00013727";"INSTITUTO MEDICO ESPECIALIZADO EN DIABETES SOY DIABETICO EIRL";"240000";"HOSPITALIZACIÓN";"8";"8";"23";"23";"6";"186";"0"
"2023";"08";"150122";"LIMA";"LIMA";"MIRAFLORES";"PRIVADO";"II-2";"00008746";"CLINICA GOOD HOPE";"240000";"HOSPITALIZACIÓN";"746";"855";"2723";"2482";"138";"4278";"4"
"2023";"08";"130501";"LA LIBERTAD";"JULCAN";"JULCAN";"GOBIERNO REGIONAL";"I-3";"00006775";"AYANGAY";"NE_0002";"";"NE_0002";"NE_0002";"NE_0002";"NE_0002";"NE_0002";"NE_0002";"NE_0002"
"2023";"08";"081212";"CUSCO";"QUISPICANCHI";"QUIQUIJANA";"GOBIERNO REGIONAL";"I-4";"00002538";"QUIQUIJANA";"NE_0001";"";"NE_0001";"NE_0001";"NE_0001";"NE_0001";"NE_0001";"NE_0001";"NE_0001"
"2023";"08";"130501";"LA LIBERTAD";"JULCAN";"JULCAN";"GOBIERNO REGIONAL";"I-2";"00016423";"SAN ANTONIO";"NE_0002";"";"NE_0002";"NE_0002";"NE_0002";"NE_0002";"NE_0002";"NE_0002";"NE_0002"
"2023";"08";"081206";"CUSCO";"QUISPICANCHI";"CUSIPATA";"GOBIERNO REGIONAL";"I-1";"00006980";"CHILLIHUANI";"NE_0001";"";"NE_0001";"NE_0001";"NE_0001";"NE_0001";"NE_0001";"NE_0001";"NE_0001"
"2023";"08";"130501";"LA LIBERTAD";"JULCAN";"JULCAN";"GOBIERNO REGIONAL";"I-2";"00006963";"CHUGURPAMPA";"NE_0002";"";"NE_0002";"NE_0002";"NE_0002";"NE_0002";"NE_0002";"NE_0002";"NE_0002"
"2023";"08";"081207";"CUSCO";"QUISPICANCHI";"HUARO";"GOBIERNO REGIONAL";"I-1";"00002533";"URPAY";"NE_0001";"";"NE_0001";"NE_0001";"NE_0001";"NE_0001";"NE_0001";"NE_0001";"NE_0001"
"2023";"08";"130501";"LA LIBERTAD";"JULCAN";"JULCAN";"GOBIERNO REGIONAL";"I-2";"00007249";"SAN AGUSTIN";"NE_0002";"";"NE_0002";"NE_0002";"NE_0002";"NE_0002";"NE_0002";"NE_0002";"NE_0002"
"2023";"08";"081208";"CUSCO";"QUISPICANCHI";"LUCRE";"GOBIERNO REGIONAL";"I-2";"00002534";"LUCRE";"NE_0001";"";"NE_0001";"NE_0001";"NE_0001";"NE_0001";"NE_0001";"NE_0001";"NE_0001"
"2023";"08";"130501";"LA LIBERTAD";"JULCAN";"JULCAN";"GOBIERNO REGIONAL";"I-2";"00005307";"SANTA TERESA";"NE_0002";"";"NE_0002";"NE_0002";"NE_0002";"NE_0002";"NE_0002";"NE_0002";"NE_0002"
"2023";"08";"081205";"CUSCO";"QUISPICANCHI";"CCATCA";"GOBIERNO REGIONAL";"I-1";"00008911";"HUARA HUARA";"NE_0001";"";"NE_0001";"NE_0001";"NE_0001";"NE_0001";"NE_0001";"NE_0001";"NE_0001"
"2023";"08";"081202";"CUSCO";"QUISPICANCHI";"ANDAHUAYLILLAS";"GOBIERNO REGIONAL";"I-2";"00002525";"ANDAHUAYLILLAS";"NE_0001";"";"NE_0001";"NE_0001";"NE_0001";"NE_0001";"NE_0001";"NE_0001";"NE_0001"
"2023";"08";"081212";"CUSCO";"QUISPICANCHI";"QUIQUIJANA";"GOBIERNO REGIONAL";"I-1";"00002539";"CCOLCA";"NE_0001";"";"NE_0001";"NE_0001";"NE_0001";"NE_0001";"NE_0001";"NE_0001";"NE_0001"
"2023";"08";"130501";"LA LIBERTAD";"JULCAN";"JULCAN";"GOBIERNO REGIONAL";"I-2";"00006774";"PARUQUE BAJO";"NE_0002";"";"NE_0002";"NE_0002";"NE_0002";"NE_0002";"NE_0002";"NE_0002";"NE_0002"
"2023";"08";"081201";"CUSCO";"QUISPICANCHI";"URCOS";"GOBIERNO REGIONAL";"I-4";"00002523";"URCOS";"NE_0001";"";"NE_0001";"NE_0001";"NE_0001";"NE_0001";"NE_0001";"NE_0001";"NE_0001"
"2023";"08";"081206";"CUSCO";"QUISPICANCHI";"CUSIPATA";"GOBIERNO REGIONAL";"I-3";"00002530";"CUSIPATA";"NE_0001";"";"NE_0001";"NE_0001";"NE_0001";"NE_0001";"NE_0001";"NE_0001";"NE_0001"
"2023";"08";"081211";"CUSCO";"QUISPICANCHI";"OROPESA";"GOBIERNO REGIONAL";"I-3";"00002537";"OROPESA";"NE_0001";"";"NE_0001";"NE_0001";"NE_0001";"NE_0001";"NE_0001";"NE_0001";"NE_0001"
"2023";"08";"081207";"CUSCO";"QUISPICANCHI";"HUARO";"GOBIERNO REGIONAL";"I-2";"00002532";"HUARO";"NE_0001";"";"NE_0001";"NE_0001";"NE_0001";"NE_0001";"NE_0001";"NE_0001";"NE_0001"
"2023";"08";"130701";"LA LIBERTAD";"PACASMAYO";"SAN PEDRO DE LLOC";"ESSALUD";"I-2";"00012097";"POSTA DE SALUD SAN PEDRO DE LLOC";"NE_0001";"";"NE_0001";"NE_0001";"NE_0001";"NE_0001";"NE_0001";"NE_0001";"NE_0001"
"2023";"08";"080101";"CUSCO";"CUSCO";"CUSCO";"GOBIERNO REGIONAL";"III-1";"00002289";"HOSPITAL DE APOYO DEPARTAMENTAL CUSCO";"240100";"HOSPITALIZACIÓN QUIRÚRGICA CIRUGÍA GENERAL ";"165";"164";"879";"829";"34";"1054";"0"
"2023";"08";"080101";"CUSCO";"CUSCO";"CUSCO";"GOBIERNO REGIONAL";"III-1";"00002289";"HOSPITAL DE APOYO DEPARTAMENTAL CUSCO";"240100";"HOSPITALIZACIÓN QUIRÚRGICA CIRUGÍA GENERAL ";"80";"83";"785";"629";"32";"992";"0"
"2023";"08";"080101";"CUSCO";"CUSCO";"CUSCO";"GOBIERNO REGIONAL";"III-1";"00002289";"HOSPITAL DE APOYO DEPARTAMENTAL CUSCO";"242000";"HOSPITALIZACIÓN DE MEDICINA MEDICINA TROPICAL E INFECCIOSAS ";"20";"19";"353";"621";"24";"744";"1"
"2023";"08";"080101";"CUSCO";"CUSCO";"CUSCO";"GOBIERNO REGIONAL";"III-1";"00002289";"HOSPITAL DE APOYO DEPARTAMENTAL CUSCO";"241500";"HOSPITALIZACIÓN QUIRÚRGICA GINECOLOGÍA  ";"216";"203";"525";"690";"29";"899";"0"
"2023";"08";"080101";"CUSCO";"CUSCO";"CUSCO";"GOBIERNO REGIONAL";"III-1";"00002289";"HOSPITAL DE APOYO DEPARTAMENTAL CUSCO";"241400";"HOSPITALIZACIÓN QUIRÚRGICA GINECO - OBSTETRICIA ";"233";"241";"614";"677";"31";"961";"0"
"2023";"08";"080101";"CUSCO";"CUSCO";"CUSCO";"GOBIERNO REGIONAL";"III-1";"00002289";"HOSPITAL DE APOYO DEPARTAMENTAL CUSCO";"241800";"HOSPITALIZACIÓN DE MEDICINA MEDICINA GENERAL ";"69";"70";"934";"872";"32";"992";"10"
"2023";"08";"080101";"CUSCO";"CUSCO";"CUSCO";"GOBIERNO REGIONAL";"III-1";"00002289";"HOSPITAL DE APOYO DEPARTAMENTAL CUSCO";"241800";"HOSPITALIZACIÓN DE MEDICINA MEDICINA GENERAL ";"48";"50";"688";"549";"25";"775";"4"
"2023";"08";"080101";"CUSCO";"CUSCO";"CUSCO";"GOBIERNO REGIONAL";"III-1";"00002289";"HOSPITAL DE APOYO DEPARTAMENTAL CUSCO";"241900";"HOSPITALIZACIÓN DE MEDICINA MEDICINA INTERNA ";"26";"28";"551";"549";"22";"682";"4"
"2023";"08";"080101";"CUSCO";"CUSCO";"CUSCO";"GOBIERNO REGIONAL";"III-1";"00002289";"HOSPITAL DE APOYO DEPARTAMENTAL CUSCO";"240900";"HOSPITALIZACIÓN QUIRÚRGICA NEUROCIRUGÍA ";"44";"39";"506";"639";"25";"775";"1"
"2023";"08";"080101";"CUSCO";"CUSCO";"CUSCO";"GOBIERNO REGIONAL";"III-1";"00002289";"HOSPITAL DE APOYO DEPARTAMENTAL CUSCO";"242100";"HOSPITALIZACIÓN DE MEDICINA ONCOLOGÍA MÉDICA ";"45";"49";"447";"393";"20";"620";"2"
"2023";"08";"080101";"CUSCO";"CUSCO";"CUSCO";"GOBIERNO REGIONAL";"III-1";"00002289";"HOSPITAL DE APOYO DEPARTAMENTAL CUSCO";"242300";"HOSPITALIZACIÓN DE PEDIATRÍA  PEDIATRÍA  GENERAL ";"55";"54";"605";"584";"21";"651";"0"
"2023";"08";"080101";"CUSCO";"CUSCO";"CUSCO";"GOBIERNO REGIONAL";"III-1";"00002289";"HOSPITAL DE APOYO DEPARTAMENTAL CUSCO";"243200";"HOSPITALIZACIÓN DE PEDIATRÍA PEDIATRIA NEONATOLOGÍA";"40";"45";"571";"775";"30";"930";"1"
"2023";"08";"080101";"CUSCO";"CUSCO";"CUSCO";"GOBIERNO REGIONAL";"III-1";"00002289";"HOSPITAL DE APOYO DEPARTAMENTAL CUSCO";"242204";"HOSPITALIZACIÓN DE MEDICINA PSIQUIATRÍA REHABILITACIÓN PSIQUIÁTRICA / REINSERCIÓN ";"10";"10";"226";"198";"7";"217";"0"
"2023";"08";"080101";"CUSCO";"CUSCO";"CUSCO";"GOBIERNO REGIONAL";"III-1";"00002289";"HOSPITAL DE APOYO DEPARTAMENTAL CUSCO";"241200";"HOSPITALIZACIÓN QUIRÚRGICA TRAUMATOLOGÍA Y ORTOPEDIA ";"47";"48";"860";"511";"30";"930";"0"
"2023";"08";"080101";"CUSCO";"CUSCO";"CUSCO";"GOBIERNO REGIONAL";"III-1";"00002289";"HOSPITAL DE APOYO DEPARTAMENTAL CUSCO";"240801";"HOSPITALIZACIÓN QUIRÚRGICA CIRUGÍA PLÁSTICA/RECONSTRUCTIVA/ REPARADORA QUEMADOS";"16";"20";"406";"462";"18";"558";"0"
"2023";"08";"080101";"CUSCO";"CUSCO";"CUSCO";"GOBIERNO REGIONAL";"III-1";"00002289";"HOSPITAL DE APOYO DEPARTAMENTAL CUSCO";"250100";"UNIDAD DE CUIDADOS CRITICOS UNIDAD  DE CUIDADOS INTENSIVOS GENERALES (UCI) ";"36";"37";"335";"392";"17";"527";"7"
"2023";"08";"150140";"LIMA";"LIMA";"SANTIAGO DE SURCO";"ESSALUD";"I-3";"00008378";"POLICLINICO PROCERES";"NE_0001";"";"NE_0001";"NE_0001";"NE_0001";"NE_0001";"NE_0001";"NE_0001";"NE_0001"
"2023";"08";"061002";"CAJAMARCA";"SAN MARCOS";"CHANCAY";"GOBIERNO REGIONAL";"I-1";"00004493";"SOCCHAGON";"NE_0001";"";"NE_0001";"NE_0001";"NE_0001";"NE_0001";"NE_0001";"NE_0001";"NE_0001"
"2023";"08";"061002";"CAJAMARCA";"SAN MARCOS";"CHANCAY";"GOBIERNO REGIONAL";"I-1";"00004491";"PUESTO DE SALUD CHANCAY";"NE_0001";"";"NE_0001";"NE_0001";"NE_0001";"NE_0001";"NE_0001";"NE_0001";"NE_0001"
"2023";"08";"061002";"CAJAMARCA";"SAN MARCOS";"CHANCAY";"GOBIERNO REGIONAL";"I-1";"00004490";"PUESTO DE SALUD POMARONGO";"NE_0001";"";"NE_0001";"NE_0001";"NE_0001";"NE_0001";"NE_0001";"NE_0001";"NE_0001"
"2023";"08";"061006";"CAJAMARCA";"SAN MARCOS";"JOSE MANUEL QUIROZ";"GOBIERNO REGIONAL";"I-2";"00004494";"SHIRAC";"NE_0001";"";"NE_0001";"NE_0001";"NE_0001";"NE_0001";"NE_0001";"NE_0001";"NE_0001"
"2023";"08";"061005";"CAJAMARCA";"SAN MARCOS";"ICHOCAN";"GOBIERNO REGIONAL";"I-3";"00004489";"ICHOCAN";"NE_0001";"";"NE_0001";"NE_0001";"NE_0001";"NE_0001";"NE_0001";"NE_0001";"NE_0001"
"2023";"08";"061003";"CAJAMARCA";"SAN MARCOS";"EDUARDO VILLANUEVA";"GOBIERNO REGIONAL";"I-2";"00004492";"LA GRAMA";"NE_0001";"";"NE_0001";"NE_0001";"NE_0001";"NE_0001";"NE_0001";"NE_0001";"NE_0001"
"2023";"08";"040701";"AREQUIPA";"ISLAY";"MOLLENDO";"GOBIERNO REGIONAL";"I-2";"00001447";"PUESTO DE SALUD VILLA LOURDES";"NE_0001";"";"NE_0001";"NE_0001";"NE_0001";"NE_0001";"NE_0001";"NE_0001";"NE_0001"
"2023";"08";"040705";"AREQUIPA";"ISLAY";"MEJIA";"GOBIERNO REGIONAL";"I-2";"00001448";"PUESTO DE SALUD MEJIA";"NE_0001";"";"NE_0001";"NE_0001";"NE_0001";"NE_0001";"NE_0001";"NE_0001";"NE_0001"
"2023";"08";"040701";"AREQUIPA";"ISLAY";"MOLLENDO";"GOBIERNO REGIONAL";"I-4";"00001444";"CENTRO DE SALUD ALTO INCLAN";"241600";"HOSPITALIZACIÓN QUIRÚRGICA OBSTETRICIA   ";"5";"5";"5";"1";"5";"150";"0"
"2023";"08";"040701";"AREQUIPA";"ISLAY";"MOLLENDO";"GOBIERNO REGIONAL";"I-4";"00001444";"CENTRO DE SALUD ALTO INCLAN";"241800";"HOSPITALIZACIÓN DE MEDICINA MEDICINA GENERAL ";"5";"5";"5";"1";"11";"330";"0"
"2023";"08";"040704";"AREQUIPA";"ISLAY";"ISLAY";"GOBIERNO REGIONAL";"I-3";"00001443";"CENTRO DE SALUD MATARANI";"NE_0001";"";"NE_0001";"NE_0001";"NE_0001";"NE_0001";"NE_0001";"NE_0001";"NE_0001"
"2023";"08";"120101";"JUNIN";"HUANCAYO";"HUANCAYO";"GOBIERNO REGIONAL";"I-1";"00015905";"ACOPALCA";"NE_0001";"";"NE_0001";"NE_0001";"NE_0001";"NE_0001";"NE_0001";"NE_0001";"NE_0001"
"2023";"08";"120124";"JUNIN";"HUANCAYO";"PARIAHUANCA";"GOBIERNO REGIONAL";"I-1";"00015577";"NUEVO OCCORO";"NE_0001";"";"NE_0001";"NE_0001";"NE_0001";"NE_0001";"NE_0001";"NE_0001";"NE_0001"
"2023";"08";"120124";"JUNIN";"HUANCAYO";"PARIAHUANCA";"GOBIERNO REGIONAL";"I-1";"00012471";"HUAYCHULA";"NE_0001";"";"NE_0001";"NE_0001";"NE_0001";"NE_0001";"NE_0001";"NE_0001";"NE_0001"
"2023";"08";"120124";"JUNIN";"HUANCAYO";"PARIAHUANCA";"GOBIERNO REGIONAL";"I-1";"00000743";"ROCCHAC";"NE_0001";"";"NE_0001";"NE_0001";"NE_0001";"NE_0001";"NE_0001";"NE_0001";"NE_0001"
"2023";"08";"120124";"JUNIN";"HUANCAYO";"PARIAHUANCA";"GOBIERNO REGIONAL";"I-2";"00000742";"LLACSAPIRCA";"NE_0001";"";"NE_0001";"NE_0001";"NE_0001";"NE_0001";"NE_0001";"NE_0001";"NE_0001"
"2023";"08";"120124";"JUNIN";"HUANCAYO";"PARIAHUANCA";"GOBIERNO REGIONAL";"I-1";"00000741";"CEDRUYO";"NE_0001";"";"NE_0001";"NE_0001";"NE_0001";"NE_0001";"NE_0001";"NE_0001";"NE_0001"
"2023";"08";"120124";"JUNIN";"HUANCAYO";"PARIAHUANCA";"GOBIERNO REGIONAL";"I-1";"00000740";"ANTARPA";"NE_0001";"";"NE_0001";"NE_0001";"NE_0001";"NE_0001";"NE_0001";"NE_0001";"NE_0001"
"2023";"08";"120124";"JUNIN";"HUANCAYO";"PARIAHUANCA";"GOBIERNO REGIONAL";"I-2";"00000739";"SAN BALVIN";"NE_0001";"";"NE_0001";"NE_0001";"NE_0001";"NE_0001";"NE_0001";"NE_0001";"NE_0001"
"2023";"08";"120124";"JUNIN";"HUANCAYO";"PARIAHUANCA";"GOBIERNO REGIONAL";"I-1";"00000738";"PANTY";"NE_0001";"";"NE_0001";"NE_0001";"NE_0001";"NE_0001";"NE_0001";"NE_0001";"NE_0001"
"2023";"08";"120124";"JUNIN";"HUANCAYO";"PARIAHUANCA";"GOBIERNO REGIONAL";"I-2";"00000737";"LAMPA";"NE_0001";"";"NE_0001";"NE_0001";"NE_0001";"NE_0001";"NE_0001";"NE_0001";"NE_0001"
"2023";"08";"120124";"JUNIN";"HUANCAYO";"PARIAHUANCA";"GOBIERNO REGIONAL";"I-3";"00000736";"PARIAHUANCA";"NE_0001";"";"NE_0001";"NE_0001";"NE_0001";"NE_0001";"NE_0001";"NE_0001";"NE_0001"
"2023";"08";"120101";"JUNIN";"HUANCAYO";"HUANCAYO";"GOBIERNO REGIONAL";"I-2";"00000732";"SAN FRANCISCO";"NE_0001";"";"NE_0001";"NE_0001";"NE_0001";"NE_0001";"NE_0001";"NE_0001";"NE_0001"
"2023";"08";"120101";"JUNIN";"HUANCAYO";"HUANCAYO";"GOBIERNO REGIONAL";"I-2";"00000731";"PALIAN";"NE_0001";"";"NE_0001";"NE_0001";"NE_0001";"NE_0001";"NE_0001";"NE_0001";"NE_0001"
"2023";"08";"120101";"JUNIN";"HUANCAYO";"HUANCAYO";"GOBIERNO REGIONAL";"I-2";"00000730";"VILCACOTO";"NE_0001";"";"NE_0001";"NE_0001";"NE_0001";"NE_0001";"NE_0001";"NE_0001";"NE_0001"
"2023";"08";"120101";"JUNIN";"HUANCAYO";"HUANCAYO";"GOBIERNO REGIONAL";"I-2";"00000729";"PUESTO DE SALUD UÑAS";"NE_0001";"";"NE_0001";"NE_0001";"NE_0001";"NE_0001";"NE_0001";"NE_0001";"NE_0001"
"2023";"08";"120101";"JUNIN";"HUANCAYO";"HUANCAYO";"GOBIERNO REGIONAL";"I-3";"00000728";"OCOPILLA";"NE_0001";"";"NE_0001";"NE_0001";"NE_0001";"NE_0001";"NE_0001";"NE_0001";"NE_0001"
"2023";"08";"120101";"JUNIN";"HUANCAYO";"HUANCAYO";"GOBIERNO REGIONAL";"I-4";"00000727";"LA LIBERTAD";"241400";"HOSPITALIZACIÓN QUIRÚRGICA GINECO - OBSTETRICIA ";"40";"43";"58";"1";"6";"15";"0"
"2023";"09";"150131";"LIMA";"LIMA";"SAN ISIDRO";"SANIDAD DE LA POLICIA NACIONAL DEL PERU";"I-3";"00012740";"POLICLINICO POLICIAL MININTER";"NE_0001";"";"NE_0001";"NE_0001";"NE_0001";"NE_0001";"NE_0001";"NE_0001";"NE_0001"
"2023";"09";"070101";"CALLAO";"CALLAO";"CALLAO";"SANIDAD DE LA POLICIA NACIONAL DEL PERU";"I-2";"00010451";"POSTA MÉDICA POLICIAL VIPOL";"NE_0001";"";"NE_0001";"NE_0001";"NE_0001";"NE_0001";"NE_0001";"NE_0001";"NE_0001"
"2023";"09";"150122";"LIMA";"LIMA";"MIRAFLORES";"PRIVADO";"II-E";"00019671";"CLINICA RENACER";"NE_0002";"";"NE_0002";"NE_0002";"NE_0002";"NE_0002";"NE_0002";"NE_0002";"NE_0002"
"2023";"09";"150132";"LIMA";"LIMA";"SAN JUAN DE LURIGANCHO";"SANIDAD DE LA POLICIA NACIONAL DEL PERU";"I-3";"00030839";"POLICLINICO POLICIAL ZARATE";"NE_0001";"";"NE_0001";"NE_0001";"NE_0001";"NE_0001";"NE_0001";"NE_0001";"NE_0001"
"2023";"09";"040201";"AREQUIPA";"CAMANA";"CAMANA";"SANIDAD DE LA POLICIA NACIONAL DEL PERU";"I-2";"00011661";"POSTA MEDICA POLICIAL CAMANA";"NE_0001";"";"NE_0001";"NE_0001";"NE_0001";"NE_0001";"NE_0001";"NE_0001";"NE_0001"
"2023";"09";"240101";"TUMBES";"TUMBES";"TUMBES";"SANIDAD DE LA POLICIA NACIONAL DEL PERU";"I-3";"00012088";"POLICLINICO POLICIAL ""LA CRUZ"" TUMBES";"NE_0001";"";"NE_0001";"NE_0001";"NE_0001";"NE_0001";"NE_0001";"NE_0001";"NE_0001"
"2023";"09";"061101";"CAJAMARCA";"SAN MIGUEL";"SAN MIGUEL";"ESSALUD";"I-2";"00010273";"POSTA MEDICA ESSALUD SAN MIGUEL";"NE_0001";"";"NE_0001";"NE_0001";"NE_0001";"NE_0001";"NE_0001";"NE_0001";"NE_0001"
"2023";"05";"120305";"JUNIN";"CHANCHAMAYO";"SAN RAMON";"GOBIERNO REGIONAL";"I-4";"00000354";"SAN RAMON";"241600";"HOSPITALIZACIÓN QUIRÚRGICA OBSTETRICIA   ";"2";"2";"4";"4";"5";"150";"0"
"2023";"05";"120305";"JUNIN";"CHANCHAMAYO";"SAN RAMON";"GOBIERNO REGIONAL";"I-4";"00000354";"SAN RAMON";"241800";"HOSPITALIZACIÓN DE MEDICINA MEDICINA GENERAL ";"5";"5";"11";"11";"3";"90";"0"
"2023";"05";"120306";"JUNIN";"CHANCHAMAYO";"VITOC";"GOBIERNO REGIONAL";"I-1";"00000359";"VISCATAN";"NE_0001";"";"NE_0001";"NE_0001";"NE_0001";"NE_0001";"NE_0001";"NE_0001";"NE_0001"
"2023";"05";"120416";"JUNIN";"JAUJA";"MASMA";"GOBIERNO REGIONAL";"I-1";"00000361";"UCHUBAMBA";"NE_0001";"";"NE_0001";"NE_0001";"NE_0001";"NE_0001";"NE_0001";"NE_0001";"NE_0001"
"2023";"05";"120305";"JUNIN";"CHANCHAMAYO";"SAN RAMON";"GOBIERNO REGIONAL";"I-2";"00000356";"LA ESPERANZA";"NE_0001";"";"NE_0001";"NE_0001";"NE_0001";"NE_0001";"NE_0001";"NE_0001";"NE_0001"
"2023";"05";"120419";"JUNIN";"JAUJA";"MONOBAMBA";"GOBIERNO REGIONAL";"I-1";"00000363";"CHACAYBAMBA";"NE_0001";"";"NE_0001";"NE_0001";"NE_0001";"NE_0001";"NE_0001";"NE_0001";"NE_0001"
"2023";"05";"120419";"JUNIN";"JAUJA";"MONOBAMBA";"GOBIERNO REGIONAL";"I-2";"00000362";"MONOBAMBA";"NE_0001";"";"NE_0001";"NE_0001";"NE_0001";"NE_0001";"NE_0001";"NE_0001";"NE_0001"
"2023";"05";"120306";"JUNIN";"CHANCHAMAYO";"VITOC";"GOBIERNO REGIONAL";"I-2";"00000358";"VITOC";"NE_0001";"";"NE_0001";"NE_0001";"NE_0001";"NE_0001";"NE_0001";"NE_0001";"NE_0001"
"2023";"05";"120306";"JUNIN";"CHANCHAMAYO";"VITOC";"GOBIERNO REGIONAL";"I-1";"00000360";"UTCUYACU";"NE_0001";"";"NE_0001";"NE_0001";"NE_0001";"NE_0001";"NE_0001";"NE_0001";"NE_0001"
"2023";"05";"120305";"JUNIN";"CHANCHAMAYO";"SAN RAMON";"GOBIERNO REGIONAL";"I-2";"00000355";"NARANJAL";"NE_0001";"";"NE_0001";"NE_0001";"NE_0001";"NE_0001";"NE_0001";"NE_0001";"NE_0001"
"2023";"05";"120305";"JUNIN";"CHANCHAMAYO";"SAN RAMON";"GOBIERNO REGIONAL";"I-1";"00000357";"PEDREGAL";"NE_0001";"";"NE_0001";"NE_0001";"NE_0001";"NE_0001";"NE_0001";"NE_0001";"NE_0001"
"2023";"03";"200101";"PIURA";"PIURA";"PIURA";"PRIVADO";"III-E";"00013727";"INSTITUTO MEDICO ESPECIALIZADO EN DIABETES SOY DIABETICO EIRL";"240000";"HOSPITALIZACIÓN";"14";"14";"30";"35";"4";"124";"0"
"2023";"06";"130101";"LA LIBERTAD";"TRUJILLO";"TRUJILLO";"PRIVADO";"I-3";"00027028";"EL GALENO DE ICA";"NE_0001";"";"NE_0001";"NE_0001";"NE_0001";"NE_0001";"NE_0001";"NE_0001";"NE_0001"
"2023";"06";"110101";"ICA";"ICA";"ICA";"PRIVADO";"II-1";"00013386";"LAS CONDES SAC";"240000";"HOSPITALIZACIÓN";"38";"38";"38";"38";"8";"240";"0"
"2023";"06";"061201";"CAJAMARCA";"SAN PABLO";"SAN PABLO";"ESSALUD";"I-1";"00010271";"POSTA MEDICA ESSALUD SAN PABLO";"NE_0001";"";"NE_0001";"NE_0001";"NE_0001";"NE_0001";"NE_0001";"NE_0001";"NE_0001"
"2023";"06";"150131";"LIMA";"LIMA";"SAN ISIDRO";"PRIVADO";"II-2";"00009437";"CLINICA LIMATAMBO";"240000";"HOSPITALIZACIÓN";"124";"125";"387";"295";"38";"1178";"4"
"2023";"06";"070106";"CALLAO";"CALLAO";"VENTANILLA";"PRIVADO";"II-E";"00009917";"CLINICA CARRION";"NE_0002";"";"NE_0002";"NE_0002";"NE_0002";"NE_0002";"NE_0002";"NE_0002";"NE_0002"
"2023";"08";"130907";"LA LIBERTAD";"SANCHEZ CARRION";"SARIN";"GOBIERNO REGIONAL";"I-2";"00011627";"CERPAQUINO";"NE_0001";"";"NE_0001";"NE_0001";"NE_0001";"NE_0001";"NE_0001";"NE_0001";"NE_0001"
"2023";"08";"130907";"LA LIBERTAD";"SANCHEZ CARRION";"SARIN";"GOBIERNO REGIONAL";"I-2";"00005361";"SARIN";"NE_0001";"";"NE_0001";"NE_0001";"NE_0001";"NE_0001";"NE_0001";"NE_0001";"NE_0001"
"2023";"08";"130907";"LA LIBERTAD";"SANCHEZ CARRION";"SARIN";"GOBIERNO REGIONAL";"I-2";"00011624";"MUNMALCA";"NE_0001";"";"NE_0001";"NE_0001";"NE_0001";"NE_0001";"NE_0001";"NE_0001";"NE_0001"
"2023";"08";"130907";"LA LIBERTAD";"SANCHEZ CARRION";"SARIN";"GOBIERNO REGIONAL";"I-2";"00011628";"SHIRACORRAL";"NE_0001";"";"NE_0001";"NE_0001";"NE_0001";"NE_0001";"NE_0001";"NE_0001";"NE_0001"
"2023";"08";"130907";"LA LIBERTAD";"SANCHEZ CARRION";"SARIN";"GOBIERNO REGIONAL";"I-2";"00005362";"OROGOLDAY";"NE_0001";"";"NE_0001";"NE_0001";"NE_0001";"NE_0001";"NE_0001";"NE_0001";"NE_0001"
"2023";"08";"060601";"CAJAMARCA";"CUTERVO";"CUTERVO";"GOBIERNO REGIONAL";"I-3";"00004992";"SINCHIMACHE";"NE_0001";"";"NE_0001";"NE_0001";"NE_0001";"NE_0001";"NE_0001";"NE_0001";"NE_0001"
"2023";"08";"060601";"CAJAMARCA";"CUTERVO";"CUTERVO";"GOBIERNO REGIONAL";"I-3";"00004993";"NARANJITO DE CAMSE";"NE_0001";"";"NE_0001";"NE_0001";"NE_0001";"NE_0001";"NE_0001";"NE_0001";"NE_0001"
"2023";"08";"060601";"CAJAMARCA";"CUTERVO";"CUTERVO";"GOBIERNO REGIONAL";"I-1";"00008922";"LA CASCARILLA";"NE_0001";"";"NE_0001";"NE_0001";"NE_0001";"NE_0001";"NE_0001";"NE_0001";"NE_0001"
"2023";"08";"060701";"CAJAMARCA";"HUALGAYOC";"BAMBAMARCA";"ESSALUD";"I-2";"00010277";"POSTA MEDICA ESSALUD BAMBAMARCA";"NE_0001";"";"NE_0001";"NE_0001";"NE_0001";"NE_0001";"NE_0001";"NE_0001";"NE_0001"
"2023";"08";"200101";"PIURA";"PIURA";"PIURA";"PRIVADO";"II-1";"00025208";"GRUPO CARITA FELIZ S.A.";"242300";"HOSPITALIZACIÓN DE PEDIATRÍA  PEDIATRÍA  GENERAL ";"16";"15";"37";"34";"2";"62";"0"
"2023";"08";"200101";"PIURA";"PIURA";"PIURA";"PRIVADO";"II-1";"00025208";"GRUPO CARITA FELIZ S.A.";"241900";"HOSPITALIZACIÓN DE MEDICINA MEDICINA INTERNA ";"32";"32";"116";"143";"5";"155";"0"
"2023";"08";"200101";"PIURA";"PIURA";"PIURA";"PRIVADO";"II-1";"00025208";"GRUPO CARITA FELIZ S.A.";"240100";"HOSPITALIZACIÓN QUIRÚRGICA CIRUGÍA GENERAL ";"97";"100";"249";"238";"8";"248";"0"
"2023";"08";"200101";"PIURA";"PIURA";"PIURA";"PRIVADO";"II-1";"00025208";"GRUPO CARITA FELIZ S.A.";"241400";"HOSPITALIZACIÓN QUIRÚRGICA GINECO - OBSTETRICIA ";"43";"45";"88";"117";"5";"155";"0"
"2023";"08";"200101";"PIURA";"PIURA";"PIURA";"PRIVADO";"II-1";"00025208";"GRUPO CARITA FELIZ S.A.";"250100";"UNIDAD DE CUIDADOS CRITICOS UNIDAD  DE CUIDADOS INTENSIVOS GENERALES (UCI) ";"9";"4";"20";"39";"3";"93";"0"
"2023";"08";"200101";"PIURA";"PIURA";"PIURA";"PRIVADO";"II-1";"00025208";"GRUPO CARITA FELIZ S.A.";"250105";"UNIDAD DE CUIDADOS CRITICOS UNIDAD  DE CUIDADOS INTENSIVOS  (UCI) NEONATOLOGÍA";"1";"1";"1";"1";"2";"62";"0"
"2023";"08";"200101";"PIURA";"PIURA";"PIURA";"PRIVADO";"II-1";"00025208";"GRUPO CARITA FELIZ S.A.";"250201";"UNIDAD DE CUIDADOS CRITICOS UNIDAD DE CUIDADOS INTERMEDIOS  (UCIN) NEONATAL";"9";"9";"25";"25";"2";"62";"0"
"2023";"08";"120603";"JUNIN";"SATIPO";"LLAYLLA";"GOBIERNO REGIONAL";"I-1";"00000433";"BELEN";"NE_0001";"";"NE_0001";"NE_0001";"NE_0001";"NE_0001";"NE_0001";"NE_0001";"NE_0001"
"2023";"08";"120604";"JUNIN";"SATIPO";"MAZAMARI";"GOBIERNO REGIONAL";"I-2";"00000436";"PUEBLO LIBRE DE PAURIALI";"NE_0001";"";"NE_0001";"NE_0001";"NE_0001";"NE_0001";"NE_0001";"NE_0001";"NE_0001"
"2023";"08";"110201";"ICA";"CHINCHA";"CHINCHA ALTA";"PRIVADO";"II-1";"00017493";"CLINICA GAXAY";"240000";"HOSPITALIZACIÓN";"46";"45";"65";"47";"7";"217";"0"
"2023";"08";"120608";"JUNIN";"SATIPO";"RIO TAMBO";"GOBIERNO REGIONAL";"I-2";"00000470";"SAN MIGUEL DE OTICA";"NE_0001";"";"NE_0001";"NE_0001";"NE_0001";"NE_0001";"NE_0001";"NE_0001";"NE_0001"
"2023";"08";"120608";"JUNIN";"SATIPO";"RIO TAMBO";"GOBIERNO REGIONAL";"I-2";"00000472";"OVIRI";"NE_0001";"";"NE_0001";"NE_0001";"NE_0001";"NE_0001";"NE_0001";"NE_0001";"NE_0001"
"2023";"08";"120608";"JUNIN";"SATIPO";"RIO TAMBO";"GOBIERNO REGIONAL";"I-3";"00000462";"POYENI";"NE_0001";"";"NE_0001";"NE_0001";"NE_0001";"NE_0001";"NE_0001";"NE_0001";"NE_0001"
"2023";"08";"120608";"JUNIN";"SATIPO";"RIO TAMBO";"GOBIERNO REGIONAL";"I-2";"00000465";"CAPITIRI";"NE_0001";"";"NE_0001";"NE_0001";"NE_0001";"NE_0001";"NE_0001";"NE_0001";"NE_0001"
"2023";"08";"120608";"JUNIN";"SATIPO";"RIO TAMBO";"GOBIERNO REGIONAL";"I-2";"00000467";"SHIMA";"NE_0001";"";"NE_0001";"NE_0001";"NE_0001";"NE_0001";"NE_0001";"NE_0001";"NE_0001"
"2023";"08";"120608";"JUNIN";"SATIPO";"RIO TAMBO";"GOBIERNO REGIONAL";"I-3";"00000473";"SAN VICENTE DE CANAAN";"NE_0001";"";"NE_0001";"NE_0001";"NE_0001";"NE_0001";"NE_0001";"NE_0001";"NE_0001"
"2023";"08";"150140";"LIMA";"LIMA";"SANTIAGO DE SURCO";"PRIVADO";"III-1";"00009988";"CLINICA SAN PABLO SAC";"240000";"HOSPITALIZACIÓN";"624";"635";"2084";"2301";"101";"3131";"5"
"2023";"08";"150140";"LIMA";"LIMA";"SANTIAGO DE SURCO";"PRIVADO";"III-1";"00009988";"CLINICA SAN PABLO SAC";"250200";"UNIDAD DE CUIDADOS CRITICOS UNIDAD DE CUIDADOS INTERMEDIOS GENERAL  (UCIN) ";"3";"1";"19";"30";"10";"310";"0"
"2023";"08";"150140";"LIMA";"LIMA";"SANTIAGO DE SURCO";"PRIVADO";"III-1";"00009988";"CLINICA SAN PABLO SAC";"250108";"UNIDAD DE CUIDADOS CRITICOS UNIDAD  DE CUIDADOS INTENSIVOS  (UCI) PEDIÁTRICA";"13";"12";"65";"85";"8";"248";"0"
"2023";"08";"150140";"LIMA";"LIMA";"SANTIAGO DE SURCO";"PRIVADO";"III-1";"00009988";"CLINICA SAN PABLO SAC";"250100";"UNIDAD DE CUIDADOS CRITICOS UNIDAD  DE CUIDADOS INTENSIVOS GENERALES (UCI) ";"51";"51";"162";"205";"13";"403";"2"
"2023";"08";"060101";"CAJAMARCA";"CAJAMARCA";"CAJAMARCA";"PRIVADO";"II-1";"00012761";"CLINICA SAN LORENZO S.R.L.";"240100";"HOSPITALIZACIÓN QUIRÚRGICA CIRUGÍA GENERAL ";"1";"1";"2";"3";"16";"496";"0"
"2023";"08";"060101";"CAJAMARCA";"CAJAMARCA";"CAJAMARCA";"PRIVADO";"II-1";"00012761";"CLINICA SAN LORENZO S.R.L.";"240200";"HOSPITALIZACIÓN QUIRÚRGICA CIRUGÍA DE CABEZA Y CUELLO / MÁXILO FACIAL ";"1";"1";"1";"2";"16";"496";"0"
"2023";"08";"060101";"CAJAMARCA";"CAJAMARCA";"CAJAMARCA";"PRIVADO";"II-1";"00012761";"CLINICA SAN LORENZO S.R.L.";"240300";"HOSPITALIZACIÓN QUIRÚRGICA CIRUGÍA DIGESTIVA ";"18";"18";"25";"33";"16";"496";"0"
"2023";"08";"060101";"CAJAMARCA";"CAJAMARCA";"CAJAMARCA";"PRIVADO";"II-1";"00012761";"CLINICA SAN LORENZO S.R.L.";"240801";"HOSPITALIZACIÓN QUIRÚRGICA CIRUGÍA PLÁSTICA/RECONSTRUCTIVA/ REPARADORA QUEMADOS";"4";"4";"6";"10";"16";"496";"0"
"2023";"08";"060101";"CAJAMARCA";"CAJAMARCA";"CAJAMARCA";"PRIVADO";"II-1";"00012761";"CLINICA SAN LORENZO S.R.L.";"241000";"HOSPITALIZACIÓN QUIRÚRGICA ONCOLOGÍA QUIRÚRGICA  ";"7";"7";"11";"18";"16";"496";"0"
"2023";"08";"060101";"CAJAMARCA";"CAJAMARCA";"CAJAMARCA";"PRIVADO";"II-1";"00012761";"CLINICA SAN LORENZO S.R.L.";"241200";"HOSPITALIZACIÓN QUIRÚRGICA TRAUMATOLOGÍA Y ORTOPEDIA ";"23";"23";"31";"44";"16";"496";"0"
"2023";"08";"060101";"CAJAMARCA";"CAJAMARCA";"CAJAMARCA";"PRIVADO";"II-1";"00012761";"CLINICA SAN LORENZO S.R.L.";"241300";"HOSPITALIZACIÓN QUIRÚRGICA UROLOGÍA  ";"5";"5";"12";"17";"16";"496";"0"
"2023";"08";"060101";"CAJAMARCA";"CAJAMARCA";"CAJAMARCA";"PRIVADO";"II-1";"00012761";"CLINICA SAN LORENZO S.R.L.";"241500";"HOSPITALIZACIÓN QUIRÚRGICA GINECOLOGÍA  ";"2";"2";"2";"4";"16";"496";"0"
"2023";"08";"060101";"CAJAMARCA";"CAJAMARCA";"CAJAMARCA";"PRIVADO";"II-1";"00012761";"CLINICA SAN LORENZO S.R.L.";"242100";"HOSPITALIZACIÓN DE MEDICINA ONCOLOGÍA MÉDICA ";"1";"1";"7";"8";"16";"496";"0"
"2023";"08";"060101";"CAJAMARCA";"CAJAMARCA";"CAJAMARCA";"PRIVADO";"II-1";"00012761";"CLINICA SAN LORENZO S.R.L.";"244000";"HOSPITALIZACIÓN DE MEDICINA CARDIOLOGIA ";"2";"2";"3";"5";"16";"496";"0"
"2023";"08";"150501";"LIMA";"CAÑETE";"SAN VICENTE DE CAÑETE";"GOBIERNO REGIONAL";"II-2";"00005986";"HOSPITAL REZOLA";"240100";"HOSPITALIZACIÓN QUIRÚRGICA CIRUGÍA GENERAL ";"116";"133";"517";"440";"28";"868";"1"
"2023";"08";"150501";"LIMA";"CAÑETE";"SAN VICENTE DE CAÑETE";"GOBIERNO REGIONAL";"II-2";"00005986";"HOSPITAL REZOLA";"241400";"HOSPITALIZACIÓN QUIRÚRGICA GINECO - OBSTETRICIA ";"205";"217";"468";"456";"24";"744";"0"
"2023";"08";"150501";"LIMA";"CAÑETE";"SAN VICENTE DE CAÑETE";"GOBIERNO REGIONAL";"II-2";"00005986";"HOSPITAL REZOLA";"241500";"HOSPITALIZACIÓN QUIRÚRGICA GINECOLOGÍA  ";"14";"15";"37";"35";"6";"186";"0"
"2023";"08";"150501";"LIMA";"CAÑETE";"SAN VICENTE DE CAÑETE";"GOBIERNO REGIONAL";"II-2";"00005986";"HOSPITAL REZOLA";"241800";"HOSPITALIZACIÓN DE MEDICINA MEDICINA GENERAL ";"73";"99";"712";"547";"31";"961";"18"
"2023";"08";"150501";"LIMA";"CAÑETE";"SAN VICENTE DE CAÑETE";"GOBIERNO REGIONAL";"II-2";"00005986";"HOSPITAL REZOLA";"242500";"HOSPITALIZACIÓN-PEDIATRÍA GENERAL-";"51";"58";"253";"237";"12";"372";"0"
"2023";"08";"150501";"LIMA";"CAÑETE";"SAN VICENTE DE CAÑETE";"GOBIERNO REGIONAL";"II-2";"00005986";"HOSPITAL REZOLA";"243200";"HOSPITALIZACIÓN DE PEDIATRÍA PEDIATRIA NEONATOLOGÍA";"26";"27";"116";"112";"10";"310";"0"
"2023";"08";"150501";"LIMA";"CAÑETE";"SAN VICENTE DE CAÑETE";"GOBIERNO REGIONAL";"II-2";"00005986";"HOSPITAL REZOLA";"250103";"UNIDAD DE CUIDADOS CRITICOS UNIDAD  DE CUIDADOS INTENSIVOS GENERALES  (UCI) MEDICINA";"2";"3";"4";"4";"4";"124";"3"
"2023";"08";"150501";"LIMA";"CAÑETE";"SAN VICENTE DE CAÑETE";"GOBIERNO REGIONAL";"II-2";"00005986";"HOSPITAL REZOLA";"250105";"UNIDAD DE CUIDADOS CRITICOS UNIDAD  DE CUIDADOS INTENSIVOS  (UCI) NEONATOLOGÍA";"5";"6";"53";"36";"7";"217";"0"
"2023";"08";"021801";"ANCASH";"SANTA";"CHIMBOTE";"ESSALUD";"I-3";"00010013";"POLICLÍNICO DE COMPLEJIDAD CRECIENTE ""VICTOR PANTA RODRIGUEZ""";"NE_0001";"";"NE_0001";"NE_0001";"NE_0001";"NE_0001";"NE_0001";"NE_0001";"NE_0001"
"2023";"08";"080101";"CUSCO";"CUSCO";"CUSCO";"PRIVADO";"II-E";"00016758";"HERMANA JOSEFINA SERRANO";"240000";"HOSPITALIZACIÓN";"25";"22";"148";"29";"44";"1364";"0"
"2023";"08";"120703";"JUNIN";"TARMA";"HUARICOLCA";"GOBIERNO REGIONAL";"I-1";"00000596";"APAYCANCHILLA";"NE_0001";"";"NE_0001";"NE_0001";"NE_0001";"NE_0001";"NE_0001";"NE_0001";"NE_0001"
"2023";"08";"120703";"JUNIN";"TARMA";"HUARICOLCA";"GOBIERNO REGIONAL";"I-1";"00000568";"CONGAS ANTACUCHO";"NE_0001";"";"NE_0001";"NE_0001";"NE_0001";"NE_0001";"NE_0001";"NE_0001";"NE_0001"
"2023";"08";"080704";"CUSCO";"CHUMBIVILCAS";"COLQUEMARCA";"GOBIERNO REGIONAL";"I-1";"00008914";"HUAYLLANI";"NE_0001";"";"NE_0001";"NE_0001";"NE_0001";"NE_0001";"NE_0001";"NE_0001";"NE_0001"
"2023";"08";"080704";"CUSCO";"CHUMBIVILCAS";"COLQUEMARCA";"GOBIERNO REGIONAL";"I-3";"00002404";"COLQUEMARCA";"NE_0001";"";"NE_0001";"NE_0001";"NE_0001";"NE_0001";"NE_0001";"NE_0001";"NE_0001"
"2023";"08";"080704";"CUSCO";"CHUMBIVILCAS";"COLQUEMARCA";"GOBIERNO REGIONAL";"I-1";"00002405";"CHARAMURAY";"NE_0001";"";"NE_0001";"NE_0001";"NE_0001";"NE_0001";"NE_0001";"NE_0001";"NE_0001"
"2023";"08";"080704";"CUSCO";"CHUMBIVILCAS";"COLQUEMARCA";"GOBIERNO REGIONAL";"I-2";"00012932";"YANQUE";"NE_0001";"";"NE_0001";"NE_0001";"NE_0001";"NE_0001";"NE_0001";"NE_0001";"NE_0001"
"2023";"08";"120701";"JUNIN";"TARMA";"TARMA";"GOBIERNO REGIONAL";"II-2";"00000520";"DE APOYO FELIX MAYORCA SOTO";"241800";"HOSPITALIZACIÓN DE MEDICINA MEDICINA GENERAL ";"50";"48";"290";"277";"12";"372";"10"
"2023";"08";"120701";"JUNIN";"TARMA";"TARMA";"GOBIERNO REGIONAL";"II-2";"00000520";"DE APOYO FELIX MAYORCA SOTO";"250103";"UNIDAD DE CUIDADOS CRITICOS UNIDAD  DE CUIDADOS INTENSIVOS GENERALES  (UCI) MEDICINA";"1";"2";"22";"34";"2";"62";"1"
"2023";"08";"120701";"JUNIN";"TARMA";"TARMA";"GOBIERNO REGIONAL";"II-2";"00000520";"DE APOYO FELIX MAYORCA SOTO";"240100";"HOSPITALIZACIÓN QUIRÚRGICA CIRUGÍA GENERAL ";"57";"59";"346";"255";"10";"310";"1"
"2023";"08";"120701";"JUNIN";"TARMA";"TARMA";"GOBIERNO REGIONAL";"II-2";"00000520";"DE APOYO FELIX MAYORCA SOTO";"241200";"HOSPITALIZACIÓN QUIRÚRGICA TRAUMATOLOGÍA Y ORTOPEDIA ";"33";"32";"149";"164";"10";"310";"0"
"2023";"08";"120701";"JUNIN";"TARMA";"TARMA";"GOBIERNO REGIONAL";"II-2";"00000520";"DE APOYO FELIX MAYORCA SOTO";"243200";"HOSPITALIZACIÓN DE PEDIATRÍA PEDIATRIA NEONATOLOGÍA";"11";"14";"125";"103";"4";"124";"0"
"2023";"08";"120701";"JUNIN";"TARMA";"TARMA";"GOBIERNO REGIONAL";"II-2";"00000520";"DE APOYO FELIX MAYORCA SOTO";"250105";"UNIDAD DE CUIDADOS CRITICOS UNIDAD  DE CUIDADOS INTENSIVOS  (UCI) NEONATOLOGÍA";"3";"1";"3";"27";"2";"62";"1"
"2023";"08";"120701";"JUNIN";"TARMA";"TARMA";"GOBIERNO REGIONAL";"II-2";"00000520";"DE APOYO FELIX MAYORCA SOTO";"242500";"HOSPITALIZACIÓN-PEDIATRÍA GENERAL-";"32";"35";"128";"95";"5";"155";"0"
"2023";"08";"120701";"JUNIN";"TARMA";"TARMA";"GOBIERNO REGIONAL";"II-2";"00000520";"DE APOYO FELIX MAYORCA SOTO";"241400";"HOSPITALIZACIÓN QUIRÚRGICA GINECO - OBSTETRICIA ";"116";"118";"345";"349";"20";"620";"0"
"2023";"08";"060602";"CAJAMARCA";"CUTERVO";"CALLAYUC";"GOBIERNO REGIONAL";"I-2";"00004960";"EL CUMBE";"NE_0001";"";"NE_0001";"NE_0001";"NE_0001";"NE_0001";"NE_0001";"NE_0001";"NE_0001"
"2023";"08";"040101";"AREQUIPA";"AREQUIPA";"AREQUIPA";"PRIVADO";"II-1";"00016744";"CLÍNICAS AUNA SEDE VALLESUR";"240000";"HOSPITALIZACIÓN";"270";"340";"1061";"1051";"42";"1302";"2"
"2023";"08";"040101";"AREQUIPA";"AREQUIPA";"AREQUIPA";"PRIVADO";"II-1";"00016744";"CLÍNICAS AUNA SEDE VALLESUR";"250100";"UNIDAD DE CUIDADOS CRITICOS UNIDAD  DE CUIDADOS INTENSIVOS GENERALES (UCI) ";"10";"1";"2";"109";"6";"186";"0"
"2023";"08";"040101";"AREQUIPA";"AREQUIPA";"AREQUIPA";"PRIVADO";"II-1";"00016744";"CLÍNICAS AUNA SEDE VALLESUR";"250105";"UNIDAD DE CUIDADOS CRITICOS UNIDAD  DE CUIDADOS INTENSIVOS  (UCI) NEONATOLOGÍA";"0";"0";"0";"42";"3";"93";"0"
"2023";"08";"230110";"TACNA";"TACNA";"CORONEL GREGORIO ALBARRACIN L.";"ESSALUD";"I-3";"00010222";"CENTRO  DE ATENCION PRIMARIA II ""LUIS PALZA LEVANO""";"NE_0001";"";"NE_0001";"NE_0001";"NE_0001";"NE_0001";"NE_0001";"NE_0001";"NE_0001"
"2023";"08";"060101";"CAJAMARCA";"CAJAMARCA";"CAJAMARCA";"PRIVADO";"I-3";"00029378";"SALUD OCUPACIONAL  EL GALENO";"NE_0001";"";"NE_0001";"NE_0001";"NE_0001";"NE_0001";"NE_0001";"NE_0001";"NE_0001"
"2023";"08";"040406";"AREQUIPA";"CASTILLA";"CHOCO";"GOBIERNO REGIONAL";"I-2";"00001441";"PUESTO DE SALUD CHOCO";"NE_0001";"";"NE_0001";"NE_0001";"NE_0001";"NE_0001";"NE_0001";"NE_0001";"NE_0001"
"2023";"08";"040503";"AREQUIPA";"CAYLLOMA";"CABANACONDE";"GOBIERNO REGIONAL";"I-2";"00001432";"PUESTO DE SALUD PINCHOLLO";"NE_0001";"";"NE_0001";"NE_0001";"NE_0001";"NE_0001";"NE_0001";"NE_0001";"NE_0001"
"2023";"08";"220901";"SAN MARTIN";"SAN MARTIN";"TARAPOTO";"PRIVADO";"II-E";"00008269";"CLINICA SAN MARTIN";"240100";"HOSPITALIZACIÓN QUIRÚRGICA CIRUGÍA GENERAL ";"5";"5";"6";"8";"13";"16";"0"
"2023";"08";"220901";"SAN MARTIN";"SAN MARTIN";"TARAPOTO";"PRIVADO";"II-E";"00008269";"CLINICA SAN MARTIN";"241200";"HOSPITALIZACIÓN QUIRÚRGICA TRAUMATOLOGÍA Y ORTOPEDIA ";"1";"1";"6";"2";"13";"21";"0"
"2023";"08";"220901";"SAN MARTIN";"SAN MARTIN";"TARAPOTO";"PRIVADO";"II-E";"00008269";"CLINICA SAN MARTIN";"241300";"HOSPITALIZACIÓN QUIRÚRGICA UROLOGÍA  ";"2";"2";"2";"4";"13";"32";"0"
"2023";"08";"120602";"JUNIN";"SATIPO";"COVIRIALI";"GOBIERNO REGIONAL";"I-1";"00000488";"SAN ANDRES";"NE_0001";"";"NE_0001";"NE_0001";"NE_0001";"NE_0001";"NE_0001";"NE_0001";"NE_0001"
"2023";"08";"120605";"JUNIN";"SATIPO";"PAMPA HERMOSA";"GOBIERNO REGIONAL";"I-1";"00007185";"PAMPA MANDARINA";"NE_0001";"";"NE_0001";"NE_0001";"NE_0001";"NE_0001";"NE_0001";"NE_0001";"NE_0001"
"2023";"08";"130101";"LA LIBERTAD";"TRUJILLO";"TRUJILLO";"GOBIERNO REGIONAL";"III-1";"00005196";"REGIONAL DOCENTE DE TRUJILLO";"241900";"HOSPITALIZACIÓN DE MEDICINA MEDICINA INTERNA ";"109";"114";"2017";"1039";"34";"1054";"11"
"2023";"08";"130101";"LA LIBERTAD";"TRUJILLO";"TRUJILLO";"GOBIERNO REGIONAL";"III-1";"00005196";"REGIONAL DOCENTE DE TRUJILLO";"245300";"HOSPITALIZACIÓN DE MEDICINA NEUMOLOGÍA  ";"39";"27";"462";"399";"19";"589";"2"
"2023";"08";"130101";"LA LIBERTAD";"TRUJILLO";"TRUJILLO";"GOBIERNO REGIONAL";"III-1";"00005196";"REGIONAL DOCENTE DE TRUJILLO";"245300";"HOSPITALIZACIÓN DE MEDICINA NEUMOLOGÍA  ";"16";"21";"436";"338";"11";"341";"1"
"2023";"08";"130101";"LA LIBERTAD";"TRUJILLO";"TRUJILLO";"GOBIERNO REGIONAL";"III-1";"00005196";"REGIONAL DOCENTE DE TRUJILLO";"244300";"HOSPITALIZACIÓN DE MEDICINA GASTROENTEROLOGÍA  ";"22";"26";"215";"330";"11";"341";"1"
"2023";"05";"021801";"ANCASH";"SANTA";"CHIMBOTE";"ESSALUD";"0";"00009047";"HOSPITAL III CHIMBOTE";"241900";"HOSPITALIZACIÓN DE MEDICINA MEDICINA INTERNA ";"251";"255";"1183";"1885";"62";"1918";"28"
"2023";"05";"021801";"ANCASH";"SANTA";"CHIMBOTE";"ESSALUD";"0";"00009047";"HOSPITAL III CHIMBOTE";"240100";"HOSPITALIZACIÓN QUIRÚRGICA CIRUGÍA GENERAL ";"154";"154";"561";"464";"19";"589";"0"
"2023";"05";"021801";"ANCASH";"SANTA";"CHIMBOTE";"ESSALUD";"0";"00009047";"HOSPITAL III CHIMBOTE";"241200";"HOSPITALIZACIÓN QUIRÚRGICA TRAUMATOLOGÍA Y ORTOPEDIA ";"58";"58";"613";"572";"20";"620";"0"
"2023";"05";"021801";"ANCASH";"SANTA";"CHIMBOTE";"ESSALUD";"0";"00009047";"HOSPITAL III CHIMBOTE";"241300";"HOSPITALIZACIÓN QUIRÚRGICA UROLOGÍA  ";"25";"25";"96";"94";"4";"124";"0"
"2023";"05";"021801";"ANCASH";"SANTA";"CHIMBOTE";"ESSALUD";"0";"00009047";"HOSPITAL III CHIMBOTE";"240900";"HOSPITALIZACIÓN QUIRÚRGICA NEUROCIRUGÍA ";"3";"3";"13";"14";"1";"31";"0"
"2023";"05";"021801";"ANCASH";"SANTA";"CHIMBOTE";"ESSALUD";"0";"00009047";"HOSPITAL III CHIMBOTE";"241500";"HOSPITALIZACIÓN QUIRÚRGICA GINECOLOGÍA  ";"73";"70";"182";"184";"6";"186";"0"
"2023";"05";"021801";"ANCASH";"SANTA";"CHIMBOTE";"ESSALUD";"0";"00009047";"HOSPITAL III CHIMBOTE";"241600";"HOSPITALIZACIÓN QUIRÚRGICA OBSTETRICIA   ";"159";"154";"307";"302";"18";"558";"0"
"2023";"05";"021801";"ANCASH";"SANTA";"CHIMBOTE";"ESSALUD";"0";"00009047";"HOSPITAL III CHIMBOTE";"242300";"HOSPITALIZACIÓN DE PEDIATRÍA  PEDIATRÍA  GENERAL ";"84";"84";"403";"348";"11";"350";"0"
"2023";"05";"021801";"ANCASH";"SANTA";"CHIMBOTE";"ESSALUD";"0";"00009047";"HOSPITAL III CHIMBOTE";"240700";"HOSPITALIZACIÓN QUIRÚRGICA CIRUGÍA PEDIÁTRICA ";"30";"30";"71";"78";"3";"80";"0"
"2023";"05";"021801";"ANCASH";"SANTA";"CHIMBOTE";"ESSALUD";"0";"00009047";"HOSPITAL III CHIMBOTE";"243200";"HOSPITALIZACIÓN DE PEDIATRÍA PEDIATRIA NEONATOLOGÍA";"114";"114";"352";"201";"10";"310";"2"
"2023";"05";"021801";"ANCASH";"SANTA";"CHIMBOTE";"ESSALUD";"0";"00009047";"HOSPITAL III CHIMBOTE";"240100";"HOSPITALIZACIÓN QUIRÚRGICA CIRUGÍA GENERAL ";"14";"14";"149";"132";"5";"155";"6"
"2023";"05";"021801";"ANCASH";"SANTA";"CHIMBOTE";"ESSALUD";"0";"00009047";"HOSPITAL III CHIMBOTE";"250200";"UNIDAD DE CUIDADOS CRITICOS UNIDAD DE CUIDADOS INTERMEDIOS GENERAL  (UCIN) ";"17";"17";"257";"218";"8";"248";"7"
"2023";"05";"150131";"LIMA";"LIMA";"SAN ISIDRO";"ESSALUD";"I-3";"00015471";"CENTRO DE ATENCION PRIMARIA-CAP III SAN ISIDRO-ESSALUD";"NE_0001";"";"NE_0001";"NE_0001";"NE_0001";"NE_0001";"NE_0001";"NE_0001";"NE_0001"
"2023";"08";"130101";"LA LIBERTAD";"TRUJILLO";"TRUJILLO";"GOBIERNO REGIONAL";"III-1";"00005196";"REGIONAL DOCENTE DE TRUJILLO";"244000";"HOSPITALIZACIÓN DE MEDICINA CARDIOLOGIA ";"5";"5";"34";"34";"2";"62";"0"
"2023";"08";"130101";"LA LIBERTAD";"TRUJILLO";"TRUJILLO";"GOBIERNO REGIONAL";"III-1";"00005196";"REGIONAL DOCENTE DE TRUJILLO";"244100";"HOSPITALIZACIÓN DE MEDICINA DERMATOLOGÍA    ";"1";"1";"6";"6";"1";"31";"0"
"2023";"08";"130101";"LA LIBERTAD";"TRUJILLO";"TRUJILLO";"GOBIERNO REGIONAL";"III-1";"00005196";"REGIONAL DOCENTE DE TRUJILLO";"242200";"HOSPITALIZACIÓN DE MEDICINA PSIQUIATRÍA ";"16";"14";"328";"362";"14";"434";"0"
"2023";"08";"130101";"LA LIBERTAD";"TRUJILLO";"TRUJILLO";"GOBIERNO REGIONAL";"III-1";"00005196";"REGIONAL DOCENTE DE TRUJILLO";"250103";"UNIDAD DE CUIDADOS CRITICOS UNIDAD  DE CUIDADOS INTENSIVOS GENERALES  (UCI) MEDICINA";"19";"4";"44";"392";"13";"403";"4"
"2023";"08";"130101";"LA LIBERTAD";"TRUJILLO";"TRUJILLO";"GOBIERNO REGIONAL";"III-1";"00005196";"REGIONAL DOCENTE DE TRUJILLO";"240100";"HOSPITALIZACIÓN QUIRÚRGICA CIRUGÍA GENERAL ";"179";"174";"714";"545";"21";"651";"1"
"2023";"08";"130101";"LA LIBERTAD";"TRUJILLO";"TRUJILLO";"GOBIERNO REGIONAL";"III-1";"00005196";"REGIONAL DOCENTE DE TRUJILLO";"240800";"HOSPITALIZACIÓN QUIRÚRGICA CIRUGÍA PLÁSTICA/RECONSTRUCTIVA/ REPARADORA ";"11";"14";"197";"170";"6";"186";"0"
"2023";"08";"130101";"LA LIBERTAD";"TRUJILLO";"TRUJILLO";"GOBIERNO REGIONAL";"III-1";"00005196";"REGIONAL DOCENTE DE TRUJILLO";"240400";"HOSPITALIZACIÓN QUIRÚRGICA CIRUGÍA DE TÓRAX Y CARDIOVASCULAR ";"5";"9";"164";"115";"4";"124";"0"
"2023";"08";"130101";"LA LIBERTAD";"TRUJILLO";"TRUJILLO";"GOBIERNO REGIONAL";"III-1";"00005196";"REGIONAL DOCENTE DE TRUJILLO";"241200";"HOSPITALIZACIÓN QUIRÚRGICA TRAUMATOLOGÍA Y ORTOPEDIA ";"46";"50";"634";"296";"13";"403";"1"
"2023";"08";"130101";"LA LIBERTAD";"TRUJILLO";"TRUJILLO";"GOBIERNO REGIONAL";"III-1";"00005196";"REGIONAL DOCENTE DE TRUJILLO";"241100";"HOSPITALIZACIÓN QUIRÚRGICA OTORRINOLARINGOLOGÍA  ";"13";"16";"49";"43";"2";"62";"0"
"2023";"08";"130101";"LA LIBERTAD";"TRUJILLO";"TRUJILLO";"GOBIERNO REGIONAL";"III-1";"00005196";"REGIONAL DOCENTE DE TRUJILLO";"241300";"HOSPITALIZACIÓN QUIRÚRGICA UROLOGÍA  ";"23";"25";"91";"79";"3";"93";"0"
"2023";"08";"130101";"LA LIBERTAD";"TRUJILLO";"TRUJILLO";"GOBIERNO REGIONAL";"III-1";"00005196";"REGIONAL DOCENTE DE TRUJILLO";"240900";"HOSPITALIZACIÓN QUIRÚRGICA NEUROCIRUGÍA ";"21";"28";"607";"339";"13";"403";"1"
"2023";"08";"130101";"LA LIBERTAD";"TRUJILLO";"TRUJILLO";"GOBIERNO REGIONAL";"III-1";"00005196";"REGIONAL DOCENTE DE TRUJILLO";"242300";"HOSPITALIZACIÓN DE PEDIATRÍA  PEDIATRÍA  GENERAL ";"62";"72";"647";"392";"16";"496";"0"
"2023";"08";"130101";"LA LIBERTAD";"TRUJILLO";"TRUJILLO";"GOBIERNO REGIONAL";"III-1";"00005196";"REGIONAL DOCENTE DE TRUJILLO";"250108";"UNIDAD DE CUIDADOS CRITICOS UNIDAD  DE CUIDADOS INTENSIVOS  (UCI) PEDIÁTRICA";"4";"1";"30";"123";"5";"155";"1"
"2023";"08";"130101";"LA LIBERTAD";"TRUJILLO";"TRUJILLO";"GOBIERNO REGIONAL";"III-1";"00005196";"REGIONAL DOCENTE DE TRUJILLO";"243200";"HOSPITALIZACIÓN DE PEDIATRÍA PEDIATRIA NEONATOLOGÍA";"23";"49";"681";"378";"13";"403";"0"
"2023";"08";"130101";"LA LIBERTAD";"TRUJILLO";"TRUJILLO";"GOBIERNO REGIONAL";"III-1";"00005196";"REGIONAL DOCENTE DE TRUJILLO";"250105";"UNIDAD DE CUIDADOS CRITICOS UNIDAD  DE CUIDADOS INTENSIVOS  (UCI) NEONATOLOGÍA";"34";"3";"12";"445";"15";"465";"3"
"2023";"08";"130101";"LA LIBERTAD";"TRUJILLO";"TRUJILLO";"GOBIERNO REGIONAL";"III-1";"00005196";"REGIONAL DOCENTE DE TRUJILLO";"241500";"HOSPITALIZACIÓN QUIRÚRGICA GINECOLOGÍA  ";"126";"124";"494";"464";"17";"527";"0"
"2023";"08";"130101";"LA LIBERTAD";"TRUJILLO";"TRUJILLO";"GOBIERNO REGIONAL";"III-1";"00005196";"REGIONAL DOCENTE DE TRUJILLO";"241600";"HOSPITALIZACIÓN QUIRÚRGICA OBSTETRICIA   ";"164";"174";"519";"494";"21";"651";"0"
"2023";"08";"211101";"PUNO";"SAN ROMAN";"JULIACA";"GOBIERNO REGIONAL";"II-2";"00003299";"CARLOS MONJE MEDRANO";"240100";"HOSPITALIZACIÓN QUIRÚRGICA CIRUGÍA GENERAL ";"49";"63";"393";"63";"27";"837";"1"
"2023";"08";"211101";"PUNO";"SAN ROMAN";"JULIACA";"GOBIERNO REGIONAL";"II-2";"00003299";"CARLOS MONJE MEDRANO";"244300";"HOSPITALIZACIÓN DE MEDICINA GASTROENTEROLOGÍA  ";"18";"22";"117";"22";"6";"186";"1"
"2023";"08";"211101";"PUNO";"SAN ROMAN";"JULIACA";"GOBIERNO REGIONAL";"II-2";"00003299";"CARLOS MONJE MEDRANO";"241500";"HOSPITALIZACIÓN QUIRÚRGICA GINECOLOGÍA  ";"65";"69";"256";"69";"6";"186";"0"
"2023";"08";"211101";"PUNO";"SAN ROMAN";"JULIACA";"GOBIERNO REGIONAL";"II-2";"00003299";"CARLOS MONJE MEDRANO";"241800";"HOSPITALIZACIÓN DE MEDICINA MEDICINA GENERAL ";"74";"90";"712";"90";"9";"279";"10"
"2023";"08";"211101";"PUNO";"SAN ROMAN";"JULIACA";"GOBIERNO REGIONAL";"II-2";"00003299";"CARLOS MONJE MEDRANO";"243200";"HOSPITALIZACIÓN DE PEDIATRÍA PEDIATRIA NEONATOLOGÍA";"22";"25";"166";"25";"39";"1209";"0"
"2023";"08";"211101";"PUNO";"SAN ROMAN";"JULIACA";"GOBIERNO REGIONAL";"II-2";"00003299";"CARLOS MONJE MEDRANO";"245300";"HOSPITALIZACIÓN DE MEDICINA NEUMOLOGÍA  ";"6";"9";"71";"9";"6";"186";"0"
"2023";"08";"211101";"PUNO";"SAN ROMAN";"JULIACA";"GOBIERNO REGIONAL";"II-2";"00003299";"CARLOS MONJE MEDRANO";"240900";"HOSPITALIZACIÓN QUIRÚRGICA NEUROCIRUGÍA ";"12";"19";"141";"19";"12";"372";"0"
"2023";"08";"211101";"PUNO";"SAN ROMAN";"JULIACA";"GOBIERNO REGIONAL";"II-2";"00003299";"CARLOS MONJE MEDRANO";"241600";"HOSPITALIZACIÓN QUIRÚRGICA OBSTETRICIA   ";"243";"257";"837";"257";"27";"837";"0"
"2023";"08";"211101";"PUNO";"SAN ROMAN";"JULIACA";"GOBIERNO REGIONAL";"II-2";"00003299";"CARLOS MONJE MEDRANO";"242500";"HOSPITALIZACIÓN-PEDIATRÍA GENERAL-";"52";"67";"319";"67";"29";"899";"2"
"2023";"08";"211101";"PUNO";"SAN ROMAN";"JULIACA";"GOBIERNO REGIONAL";"II-2";"00003299";"CARLOS MONJE MEDRANO";"242200";"HOSPITALIZACIÓN DE MEDICINA PSIQUIATRÍA ";"1";"3";"35";"3";"3";"93";"0"
"2023";"08";"211101";"PUNO";"SAN ROMAN";"JULIACA";"GOBIERNO REGIONAL";"II-2";"00003299";"CARLOS MONJE MEDRANO";"241200";"HOSPITALIZACIÓN QUIRÚRGICA TRAUMATOLOGÍA Y ORTOPEDIA ";"42";"50";"267";"50";"12";"372";"0"
"2023";"08";"211101";"PUNO";"SAN ROMAN";"JULIACA";"GOBIERNO REGIONAL";"II-2";"00003299";"CARLOS MONJE MEDRANO";"250100";"UNIDAD DE CUIDADOS CRITICOS UNIDAD  DE CUIDADOS INTENSIVOS GENERALES (UCI) ";"2";"5";"48";"5";"6";"186";"4"
"2023";"08";"211101";"PUNO";"SAN ROMAN";"JULIACA";"GOBIERNO REGIONAL";"II-2";"00003299";"CARLOS MONJE MEDRANO";"250105";"UNIDAD DE CUIDADOS CRITICOS UNIDAD  DE CUIDADOS INTENSIVOS  (UCI) NEONATOLOGÍA";"19";"29";"338";"29";"6";"186";"2"
"2023";"08";"211101";"PUNO";"SAN ROMAN";"JULIACA";"GOBIERNO REGIONAL";"II-2";"00003299";"CARLOS MONJE MEDRANO";"250108";"UNIDAD DE CUIDADOS CRITICOS UNIDAD  DE CUIDADOS INTENSIVOS  (UCI) PEDIÁTRICA";"4";"4";"24";"4";"6";"186";"1"
"2023";"08";"211101";"PUNO";"SAN ROMAN";"JULIACA";"GOBIERNO REGIONAL";"II-2";"00003299";"CARLOS MONJE MEDRANO";"250200";"UNIDAD DE CUIDADOS CRITICOS UNIDAD DE CUIDADOS INTERMEDIOS GENERAL  (UCIN) ";"2";"4";"69";"4";"6";"186";"0"
"2023";"08";"211101";"PUNO";"SAN ROMAN";"JULIACA";"GOBIERNO REGIONAL";"II-2";"00003299";"CARLOS MONJE MEDRANO";"241300";"HOSPITALIZACIÓN QUIRÚRGICA UROLOGÍA  ";"8";"8";"39";"8";"3";"93";"0"
"2023";"08";"150130";"LIMA";"LIMA";"SAN BORJA";"PRIVADO";"II-2";"00009682";"CLÍNICA INTERNACIONAL";"240000";"HOSPITALIZACIÓN";"533";"615";"2694";"2627";"102";"3162";"0"
"2023";"08";"070103";"CALLAO";"CALLAO";"CARMEN DE LA LEGUA-REYNOSO";"GOBIERNO REGIONAL";"II-2";"00006219";"HOSPITAL SAN JOSE";"241800";"HOSPITALIZACIÓN DE MEDICINA MEDICINA GENERAL ";"55";"54";"395";"349";"21";"651";"2"
"2023";"08";"070103";"CALLAO";"CALLAO";"CARMEN DE LA LEGUA-REYNOSO";"GOBIERNO REGIONAL";"II-2";"00006219";"HOSPITAL SAN JOSE";"241600";"HOSPITALIZACIÓN QUIRÚRGICA OBSTETRICIA   ";"157";"163";"474";"461";"17";"527";"0"
"2023";"08";"070103";"CALLAO";"CALLAO";"CARMEN DE LA LEGUA-REYNOSO";"GOBIERNO REGIONAL";"II-2";"00006219";"HOSPITAL SAN JOSE";"240100";"HOSPITALIZACIÓN QUIRÚRGICA CIRUGÍA GENERAL ";"92";"90";"272";"258";"11";"341";"0"
"2023";"08";"070103";"CALLAO";"CALLAO";"CARMEN DE LA LEGUA-REYNOSO";"GOBIERNO REGIONAL";"II-2";"00006219";"HOSPITAL SAN JOSE";"242500";"HOSPITALIZACIÓN-PEDIATRÍA GENERAL-";"21";"24";"138";"117";"6";"186";"0"
"2023";"08";"070103";"CALLAO";"CALLAO";"CARMEN DE LA LEGUA-REYNOSO";"GOBIERNO REGIONAL";"II-2";"00006219";"HOSPITAL SAN JOSE";"243200";"HOSPITALIZACIÓN DE PEDIATRÍA PEDIATRIA NEONATOLOGÍA";"20";"22";"109";"107";"8";"248";"0"
"2023";"08";"070103";"CALLAO";"CALLAO";"CARMEN DE LA LEGUA-REYNOSO";"GOBIERNO REGIONAL";"II-2";"00006219";"HOSPITAL SAN JOSE";"241500";"HOSPITALIZACIÓN QUIRÚRGICA GINECOLOGÍA  ";"23";"25";"94";"85";"7";"217";"0"
"2023";"01";"061104";"CAJAMARCA";"SAN MIGUEL";"CATILLUC";"GOBIERNO REGIONAL";"I-3";"00004621";"CATILLUC";"NE_0001";"";"NE_0001";"NE_0001";"NE_0001";"NE_0001";"NE_0001";"NE_0001";"NE_0001"
"2023";"01";"061104";"CAJAMARCA";"SAN MIGUEL";"CATILLUC";"GOBIERNO REGIONAL";"I-1";"00004606";"QUILCATE ALTO";"NE_0001";"";"NE_0001";"NE_0001";"NE_0001";"NE_0001";"NE_0001";"NE_0001";"NE_0001"
"2023";"09";"061105";"CAJAMARCA";"SAN MIGUEL";"EL PRADO";"GOBIERNO REGIONAL";"I-1";"00004542";"QUINDEN BAJO";"NE_0001";"";"NE_0001";"NE_0001";"NE_0001";"NE_0001";"NE_0001";"NE_0001";"NE_0001"
"2023";"09";"120601";"JUNIN";"SATIPO";"SATIPO";"SANIDAD DE LA POLICIA NACIONAL DEL PERU";"I-2";"00011485";"POSTA MEDICA POLICIAL SATIPO";"NE_0001";"";"NE_0001";"NE_0001";"NE_0001";"NE_0001";"NE_0001";"NE_0001";"NE_0001"
"2023";"09";"150116";"LIMA";"LIMA";"LINCE";"PRIVADO";"II-E";"00029299";"MAS VISION S.A.C.";"NE_0001";"";"NE_0001";"NE_0001";"NE_0001";"NE_0001";"NE_0001";"NE_0001";"NE_0001"
"2023";"09";"040112";"AREQUIPA";"AREQUIPA";"PAUCARPATA";"SANIDAD DE LA POLICIA NACIONAL DEL PERU";"I-2";"00011664";"POSTA MEDICA POLICIAL ""SAN MARTIN DE PORRES""  AREQUIPA";"NE_0001";"";"NE_0001";"NE_0001";"NE_0001";"NE_0001";"NE_0001";"NE_0001";"NE_0001"
"2023";"09";"090204";"HUANCAVELICA";"ACOBAMBA";"CAJA";"GOBIERNO REGIONAL";"I-1";"00011225";"PUESTO DE SALUD HUANCCALLACO";"NE_0001";"";"NE_0001";"NE_0001";"NE_0001";"NE_0001";"NE_0001";"NE_0001";"NE_0001"
"2023";"09";"090205";"HUANCAVELICA";"ACOBAMBA";"MARCAS";"GOBIERNO REGIONAL";"I-1";"00011232";"PUESTO DE SALUD PALOMA";"NE_0001";"";"NE_0001";"NE_0001";"NE_0001";"NE_0001";"NE_0001";"NE_0001";"NE_0001"
"2023";"09";"090204";"HUANCAVELICA";"ACOBAMBA";"CAJA";"GOBIERNO REGIONAL";"I-3";"00003926";"CENTRO DE SALUD CAJA ESPIRITU";"NE_0001";"";"NE_0001";"NE_0001";"NE_0001";"NE_0001";"NE_0001";"NE_0001";"NE_0001"
"2023";"09";"090204";"HUANCAVELICA";"ACOBAMBA";"CAJA";"GOBIERNO REGIONAL";"I-1";"00003927";"PUESTO DE SALUD POMACANCHA";"NE_0001";"";"NE_0001";"NE_0001";"NE_0001";"NE_0001";"NE_0001";"NE_0001";"NE_0001"
"2023";"09";"090205";"HUANCAVELICA";"ACOBAMBA";"MARCAS";"GOBIERNO REGIONAL";"I-1";"00011220";"PUESTO DE SALUD HUARPA";"NE_0001";"";"NE_0001";"NE_0001";"NE_0001";"NE_0001";"NE_0001";"NE_0001";"NE_0001"
"2023";"09";"090205";"HUANCAVELICA";"ACOBAMBA";"MARCAS";"GOBIERNO REGIONAL";"I-2";"00003928";"PUESTO DE SALUD MARCAS";"NE_0001";"";"NE_0001";"NE_0001";"NE_0001";"NE_0001";"NE_0001";"NE_0001";"NE_0001"
"2023";"09";"090205";"HUANCAVELICA";"ACOBAMBA";"MARCAS";"GOBIERNO REGIONAL";"I-1";"00003929";"PUESTO DE SALUD CUÑI";"NE_0001";"";"NE_0001";"NE_0001";"NE_0001";"NE_0001";"NE_0001";"NE_0001";"NE_0001"
"2023";"09";"090204";"HUANCAVELICA";"ACOBAMBA";"CAJA";"GOBIERNO REGIONAL";"I-1";"00007389";"PUESTO DE SALUD RURUNMARCA";"NE_0001";"";"NE_0001";"NE_0001";"NE_0001";"NE_0001";"NE_0001";"NE_0001";"NE_0001"
"2023";"09";"150122";"LIMA";"LIMA";"MIRAFLORES";"PRIVADO";"II-E";"00014361";"INSTITUTO DEL CEREBRO Y LA COLUMNA VERTEBRAL";"240000";"HOSPITALIZACIÓN";"62";"62";"76";"62";"8";"248";"0"
"2023";"09";"040101";"AREQUIPA";"AREQUIPA";"AREQUIPA";"PRIVADO";"II-E";"00016486";"CLÍNICA DE OJOS Y LA VISTA FUNDAR E.I.R.L.";"NE_0001";"";"NE_0001";"NE_0001";"NE_0001";"NE_0001";"NE_0001";"NE_0001";"NE_0001"
"2023";"09";"150142";"LIMA";"LIMA";"VILLA EL SALVADOR";"PRIVADO";"I-2";"00013687";"ARIE";"NE_0002";"";"NE_0002";"NE_0002";"NE_0002";"NE_0002";"NE_0002";"NE_0002";"NE_0002"
"2023";"09";"050904";"AYACUCHO";"SUCRE";"CHILCAYOC";"GOBIERNO REGIONAL";"I-2";"00003805";"PUESTO DE SALUD CHILCAYOCC";"NE_0001";"";"NE_0001";"NE_0001";"NE_0001";"NE_0001";"NE_0001";"NE_0001";"NE_0001"
"2023";"09";"050909";"AYACUCHO";"SUCRE";"SAN SALVADOR DE QUIJE";"GOBIERNO REGIONAL";"I-1";"00003806";"PUESTO DE SALUD SAN SALVADOR DE QUIJE";"NE_0001";"";"NE_0001";"NE_0001";"NE_0001";"NE_0001";"NE_0001";"NE_0001";"NE_0001"
"2023";"09";"050907";"AYACUCHO";"SUCRE";"PAICO";"GOBIERNO REGIONAL";"I-1";"00003813";"PUESTO DE SALUD PAICO";"NE_0001";"";"NE_0001";"NE_0001";"NE_0001";"NE_0001";"NE_0001";"NE_0001";"NE_0001"
"2023";"09";"050905";"AYACUCHO";"SUCRE";"HUACAÑA";"GOBIERNO REGIONAL";"I-1";"00003719";"PUESTO DE SALUD HUACAÑA";"NE_0001";"";"NE_0001";"NE_0001";"NE_0001";"NE_0001";"NE_0001";"NE_0001";"NE_0001"
"2023";"09";"050901";"AYACUCHO";"SUCRE";"QUEROBAMBA";"GOBIERNO REGIONAL";"I-1";"00003802";"PUESTO DE SALUD POTONGO";"NE_0001";"";"NE_0001";"NE_0001";"NE_0001";"NE_0001";"NE_0001";"NE_0001";"NE_0001"
"2023";"09";"050910";"AYACUCHO";"SUCRE";"SANTIAGO DE PAUCARAY";"GOBIERNO REGIONAL";"I-1";"00007096";"PUESTO DE SALUD AUTAMA";"NE_0001";"";"NE_0001";"NE_0001";"NE_0001";"NE_0001";"NE_0001";"NE_0001";"NE_0001"
"2023";"09";"050906";"AYACUCHO";"SUCRE";"MORCOLLA";"GOBIERNO REGIONAL";"I-1";"00003812";"PUESTO DE SALUD HUACO";"NE_0001";"";"NE_0001";"NE_0001";"NE_0001";"NE_0001";"NE_0001";"NE_0001";"NE_0001"
"2023";"09";"050901";"AYACUCHO";"SUCRE";"QUEROBAMBA";"GOBIERNO REGIONAL";"I-1";"00003809";"PUESTO DE SALUD CHONTA";"NE_0001";"";"NE_0001";"NE_0001";"NE_0001";"NE_0001";"NE_0001";"NE_0001";"NE_0001"
"2023";"09";"050906";"AYACUCHO";"SUCRE";"MORCOLLA";"GOBIERNO REGIONAL";"I-1";"00003810";"PUESTO DE SALUD MORCOLLA";"NE_0001";"";"NE_0001";"NE_0001";"NE_0001";"NE_0001";"NE_0001";"NE_0001";"NE_0001"
"2023";"09";"050906";"AYACUCHO";"SUCRE";"MORCOLLA";"GOBIERNO REGIONAL";"I-1";"00003811";"PUESTO DE SALUD TINTAY";"NE_0001";"";"NE_0001";"NE_0001";"NE_0001";"NE_0001";"NE_0001";"NE_0001";"NE_0001"
"2023";"09";"050907";"AYACUCHO";"SUCRE";"PAICO";"GOBIERNO REGIONAL";"I-1";"00003814";"PUESTO DE SALUD SIHUE";"NE_0001";"";"NE_0001";"NE_0001";"NE_0001";"NE_0001";"NE_0001";"NE_0001";"NE_0001"
"2023";"09";"050910";"AYACUCHO";"SUCRE";"SANTIAGO DE PAUCARAY";"GOBIERNO REGIONAL";"I-1";"00003816";"PUESTO DE SALUD SANTIAGO DE PAUCARAY";"NE_0001";"";"NE_0001";"NE_0001";"NE_0001";"NE_0001";"NE_0001";"NE_0001";"NE_0001"
"2023";"09";"050902";"AYACUCHO";"SUCRE";"BELEN";"GOBIERNO REGIONAL";"I-1";"00003803";"PUESTO DE SALUD BELEN";"NE_0001";"";"NE_0001";"NE_0001";"NE_0001";"NE_0001";"NE_0001";"NE_0001";"NE_0001"
"2023";"09";"050909";"AYACUCHO";"SUCRE";"SAN SALVADOR DE QUIJE";"GOBIERNO REGIONAL";"I-1";"00003807";"PUESTO DE SALUD SANTIAGO DE PALLCCA";"NE_0001";"";"NE_0001";"NE_0001";"NE_0001";"NE_0001";"NE_0001";"NE_0001";"NE_0001"
"2023";"09";"050903";"AYACUCHO";"SUCRE";"CHALCOS";"GOBIERNO REGIONAL";"I-1";"00003804";"PUESTO DE SALUD CHALCOS";"NE_0001";"";"NE_0001";"NE_0001";"NE_0001";"NE_0001";"NE_0001";"NE_0001";"NE_0001"
"2023";"09";"050908";"AYACUCHO";"SUCRE";"SAN PEDRO DE LARCAY";"GOBIERNO REGIONAL";"I-2";"00003815";"SAN PEDRO DE LARCAY";"NE_0001";"";"NE_0001";"NE_0001";"NE_0001";"NE_0001";"NE_0001";"NE_0001";"NE_0001"
"2023";"01";"100501";"HUANUCO";"HUAMALIES";"LLATA";"GOBIERNO REGIONAL";"I-2";"00000891";"ISHANCA";"NE_0001";"";"NE_0001";"NE_0001";"NE_0001";"NE_0001";"NE_0001";"NE_0001";"NE_0001"
"2023";"01";"100501";"HUANUCO";"HUAMALIES";"LLATA";"GOBIERNO REGIONAL";"I-2";"00000890";"LIBERTAD";"NE_0001";"";"NE_0001";"NE_0001";"NE_0001";"NE_0001";"NE_0001";"NE_0001";"NE_0001"
"2023";"01";"100501";"HUANUCO";"HUAMALIES";"LLATA";"GOBIERNO REGIONAL";"I-2";"00000889";"EL PORVENIR";"NE_0001";"";"NE_0001";"NE_0001";"NE_0001";"NE_0001";"NE_0001";"NE_0001";"NE_0001"
"2023";"01";"100501";"HUANUCO";"HUAMALIES";"LLATA";"GOBIERNO REGIONAL";"I-2";"00000888";"PAMPAS DEL CARMEN";"NE_0001";"";"NE_0001";"NE_0001";"NE_0001";"NE_0001";"NE_0001";"NE_0001";"NE_0001"
"2023";"05";"150116";"LIMA";"LIMA";"LINCE";"PRIVADO";"II-E";"00015927";"CLINICA DE OJOS D´OPELUCE";"NE_0001";"";"NE_0001";"NE_0001";"NE_0001";"NE_0001";"NE_0001";"NE_0001";"NE_0001"
"2023";"05";"080913";"CUSCO";"LA CONVENCION";"VILLA KINTIARINA";"GOBIERNO REGIONAL";"I-3";"00002488";"VILLA KINTIARINA";"NE_0001";"";"NE_0001";"NE_0001";"NE_0001";"NE_0001";"NE_0001";"NE_0001";"NE_0001"
"2023";"05";"080907";"CUSCO";"LA CONVENCION";"KIMBIRI";"GOBIERNO REGIONAL";"I-2";"00002472";"MAPITUNARI";"NE_0001";"";"NE_0001";"NE_0001";"NE_0001";"NE_0001";"NE_0001";"NE_0001";"NE_0001"
"2023";"05";"080907";"CUSCO";"LA CONVENCION";"KIMBIRI";"GOBIERNO REGIONAL";"I-2";"00002475";"KIMBIRI ALTO";"NE_0001";"";"NE_0001";"NE_0001";"NE_0001";"NE_0001";"NE_0001";"NE_0001";"NE_0001"
"2023";"05";"080912";"CUSCO";"LA CONVENCION";"VILLA VIRGEN";"GOBIERNO REGIONAL";"I-2";"00002479";"VILLA VIRGEN";"NE_0001";"";"NE_0001";"NE_0001";"NE_0001";"NE_0001";"NE_0001";"NE_0001";"NE_0001"
"2023";"05";"080907";"CUSCO";"LA CONVENCION";"KIMBIRI";"GOBIERNO REGIONAL";"I-1";"00002473";"UNION ROSALES";"NE_0001";"";"NE_0001";"NE_0001";"NE_0001";"NE_0001";"NE_0001";"NE_0001";"NE_0001"
"2023";"05";"080907";"CUSCO";"LA CONVENCION";"KIMBIRI";"GOBIERNO REGIONAL";"I-2";"00002474";"SAMANIATO";"NE_0001";"";"NE_0001";"NE_0001";"NE_0001";"NE_0001";"NE_0001";"NE_0001";"NE_0001"
"2023";"05";"080907";"CUSCO";"LA CONVENCION";"KIMBIRI";"GOBIERNO REGIONAL";"I-1";"00008284";"MANITEA ALTA";"NE_0001";"";"NE_0001";"NE_0001";"NE_0001";"NE_0001";"NE_0001";"NE_0001";"NE_0001"
"2023";"05";"080907";"CUSCO";"LA CONVENCION";"KIMBIRI";"GOBIERNO REGIONAL";"I-2";"00008285";"ANGELES";"NE_0001";"";"NE_0001";"NE_0001";"NE_0001";"NE_0001";"NE_0001";"NE_0001";"NE_0001"
"2023";"05";"150130";"LIMA";"LIMA";"SAN BORJA";"PRIVADO";"0";"00012366";"MISION MEDICA SAC";"NE_0001";"";"NE_0001";"NE_0001";"NE_0001";"NE_0001";"NE_0001";"NE_0001";"NE_0001"
"2023";"05";"040101";"AREQUIPA";"AREQUIPA";"AREQUIPA";"PRIVADO";"II-E";"00013722";"CLINICA AREQUIPA S.A.";"240100";"HOSPITALIZACIÓN QUIRÚRGICA CIRUGÍA GENERAL ";"137";"131";"431";"669";"39";"1209";"0"
"2023";"05";"040101";"AREQUIPA";"AREQUIPA";"AREQUIPA";"PRIVADO";"II-E";"00013722";"CLINICA AREQUIPA S.A.";"241400";"HOSPITALIZACIÓN QUIRÚRGICA GINECO - OBSTETRICIA ";"51";"48";"110";"247";"25";"775";"0"
"2023";"05";"040101";"AREQUIPA";"AREQUIPA";"AREQUIPA";"PRIVADO";"II-E";"00013722";"CLINICA AREQUIPA S.A.";"241900";"HOSPITALIZACIÓN DE MEDICINA MEDICINA INTERNA ";"41";"47";"245";"233";"25";"775";"3"
"2023";"05";"220508";"SAN MARTIN";"LAMAS";"SAN ROQUE DE CUMBAZA";"GOBIERNO REGIONAL";"I-1";"00006357";"ALTO SHAMBOYACU";"NE_0001";"";"NE_0001";"NE_0001";"NE_0001";"NE_0001";"NE_0001";"NE_0001";"NE_0001"
"2023";"05";"220501";"SAN MARTIN";"LAMAS";"LAMAS";"GOBIERNO REGIONAL";"I-1";"00006353";"HUAYCO LAMAS";"NE_0001";"";"NE_0001";"NE_0001";"NE_0001";"NE_0001";"NE_0001";"NE_0001";"NE_0001"
"2023";"05";"220507";"SAN MARTIN";"LAMAS";"RUMISAPA";"GOBIERNO REGIONAL";"I-1";"00006392";"MACEDA";"NE_0001";"";"NE_0001";"NE_0001";"NE_0001";"NE_0001";"NE_0001";"NE_0001";"NE_0001"
"2023";"05";"220511";"SAN MARTIN";"LAMAS";"ZAPATERO";"GOBIERNO REGIONAL";"I-1";"00006394";"SANTA ANA DEL RIO MAYO";"NE_0001";"";"NE_0001";"NE_0001";"NE_0001";"NE_0001";"NE_0001";"NE_0001";"NE_0001"
"2023";"05";"220508";"SAN MARTIN";"LAMAS";"SAN ROQUE DE CUMBAZA";"GOBIERNO REGIONAL";"I-1";"00006386";"SAN ROQUE DE CUMBAZA";"NE_0001";"";"NE_0001";"NE_0001";"NE_0001";"NE_0001";"NE_0001";"NE_0001";"NE_0001"
"2023";"05";"200115";"PIURA";"PIURA";"VEINTISEIS DE OCTUBRE";"GOBIERNO REGIONAL";"II-2";"00002084";"HOSPITAL DE LA AMISTAD PERU - COREA SANTA ROSA II-2";"240100";"HOSPITALIZACIÓN QUIRÚRGICA CIRUGÍA GENERAL ";"130";"110";"557";"703";"35";"1085";"2"
"2023";"05";"200115";"PIURA";"PIURA";"VEINTISEIS DE OCTUBRE";"GOBIERNO REGIONAL";"II-2";"00002084";"HOSPITAL DE LA AMISTAD PERU - COREA SANTA ROSA II-2";"241500";"HOSPITALIZACIÓN QUIRÚRGICA GINECOLOGÍA  ";"196";"195";"409";"460";"16";"496";"0"
"2023";"05";"200115";"PIURA";"PIURA";"VEINTISEIS DE OCTUBRE";"GOBIERNO REGIONAL";"II-2";"00002084";"HOSPITAL DE LA AMISTAD PERU - COREA SANTA ROSA II-2";"241600";"HOSPITALIZACIÓN QUIRÚRGICA OBSTETRICIA   ";"267";"266";"569";"570";"25";"775";"0"
"2023";"05";"200115";"PIURA";"PIURA";"VEINTISEIS DE OCTUBRE";"GOBIERNO REGIONAL";"II-2";"00002084";"HOSPITAL DE LA AMISTAD PERU - COREA SANTA ROSA II-2";"241800";"HOSPITALIZACIÓN DE MEDICINA MEDICINA GENERAL ";"207";"194";"1304";"1397";"50";"1550";"14"
"2023";"05";"200115";"PIURA";"PIURA";"VEINTISEIS DE OCTUBRE";"GOBIERNO REGIONAL";"II-2";"00002084";"HOSPITAL DE LA AMISTAD PERU - COREA SANTA ROSA II-2";"242500";"HOSPITALIZACIÓN-PEDIATRÍA GENERAL-";"47";"45";"279";"343";"13";"403";"1"
"2023";"05";"200115";"PIURA";"PIURA";"VEINTISEIS DE OCTUBRE";"GOBIERNO REGIONAL";"II-2";"00002084";"HOSPITAL DE LA AMISTAD PERU - COREA SANTA ROSA II-2";"243200";"HOSPITALIZACIÓN DE PEDIATRÍA PEDIATRIA NEONATOLOGÍA";"88";"99";"611";"704";"23";"713";"2"
"2023";"06";"150117";"LIMA";"LIMA";"LOS OLIVOS";"PRIVADO";"I-2";"00012429";"OFTALMOLOGICA WONG";"NE_0001";"";"NE_0001";"NE_0001";"NE_0001";"NE_0001";"NE_0001";"NE_0001";"NE_0001"
"2023";"06";"040118";"AREQUIPA";"AREQUIPA";"SAN JUAN DE SIGUAS";"GOBIERNO REGIONAL";"I-1";"00001339";"PUESTO DE SALUD SAN JUAN DE SIGUAS - TAMBILLO";"NE_0002";"";"NE_0002";"NE_0002";"NE_0002";"NE_0002";"NE_0002";"NE_0002";"NE_0002"
"2023";"06";"040520";"AREQUIPA";"CAYLLOMA";"MAJES";"GOBIERNO REGIONAL";"I-3";"00023969";"CENTRO DE SALUD MENTAL COMUNITARIO MAJES";"NE_0002";"";"NE_0002";"NE_0002";"NE_0002";"NE_0002";"NE_0002";"NE_0002";"NE_0002"
"2023";"06";"040520";"AREQUIPA";"CAYLLOMA";"MAJES";"GOBIERNO REGIONAL";"I-2";"00001341";"ASENTAMIENTO B-1";"NE_0001";"";"NE_0001";"NE_0001";"NE_0001";"NE_0001";"NE_0001";"NE_0001";"NE_0001"
"2023";"06";"040520";"AREQUIPA";"CAYLLOMA";"MAJES";"GOBIERNO REGIONAL";"0";"00030864";"HOGAR PROTEGIDO ""HACIA UNA NUEVA VIDA""";"NE_0002";"";"NE_0002";"NE_0002";"NE_0002";"NE_0002";"NE_0002";"NE_0002";"NE_0002"
"2023";"06";"040120";"AREQUIPA";"AREQUIPA";"SANTA ISABEL DE SIGUAS";"GOBIERNO REGIONAL";"I-2";"00001378";"PUESTO DE SALUD SONDOR";"NE_0001";"";"NE_0001";"NE_0001";"NE_0001";"NE_0001";"NE_0001";"NE_0001";"NE_0001"
"2023";"06";"040520";"AREQUIPA";"CAYLLOMA";"MAJES";"GOBIERNO REGIONAL";"I-2";"00001342";"PUESTO DE SALUD  B-2";"NE_0001";"";"NE_0001";"NE_0001";"NE_0001";"NE_0001";"NE_0001";"NE_0001";"NE_0001"
"2023";"06";"040120";"AREQUIPA";"AREQUIPA";"SANTA ISABEL DE SIGUAS";"GOBIERNO REGIONAL";"I-2";"00001336";"SANTA ISABEL DE SIGUAS";"NE_0001";"";"NE_0001";"NE_0001";"NE_0001";"NE_0001";"NE_0001";"NE_0001";"NE_0001"
"2023";"06";"040520";"AREQUIPA";"CAYLLOMA";"MAJES";"GOBIERNO REGIONAL";"I-3";"00001326";"CENTRO DE SALUD LA COLINA";"NE_0001";"";"NE_0001";"NE_0001";"NE_0001";"NE_0001";"NE_0001";"NE_0001";"NE_0001"
"2023";"07";"221005";"SAN MARTIN";"TOCACHE";"UCHIZA";"ESSALUD";"I-2";"00010704";"POSTA MEDICA UCHIZA";"NE_0001";"";"NE_0001";"NE_0001";"NE_0001";"NE_0001";"NE_0001";"NE_0001";"NE_0001"
"2023";"07";"040701";"AREQUIPA";"ISLAY";"MOLLENDO";"GOBIERNO REGIONAL";"I-2";"00001447";"PUESTO DE SALUD VILLA LOURDES";"NE_0001";"";"NE_0001";"NE_0001";"NE_0001";"NE_0001";"NE_0001";"NE_0001";"NE_0001"
"2023";"07";"040705";"AREQUIPA";"ISLAY";"MEJIA";"GOBIERNO REGIONAL";"I-2";"00001448";"PUESTO DE SALUD MEJIA";"NE_0001";"";"NE_0001";"NE_0001";"NE_0001";"NE_0001";"NE_0001";"NE_0001";"NE_0001"
"2023";"07";"040701";"AREQUIPA";"ISLAY";"MOLLENDO";"GOBIERNO REGIONAL";"I-4";"00001444";"CENTRO DE SALUD ALTO INCLAN";"241600";"HOSPITALIZACIÓN QUIRÚRGICA OBSTETRICIA   ";"5";"5";"5";"1";"5";"150";"0"
"2023";"07";"040704";"AREQUIPA";"ISLAY";"ISLAY";"GOBIERNO REGIONAL";"I-3";"00001443";"CENTRO DE SALUD MATARANI";"NE_0001";"";"NE_0001";"NE_0001";"NE_0001";"NE_0001";"NE_0001";"NE_0001";"NE_0001"
"2023";"08";"040101";"AREQUIPA";"AREQUIPA";"AREQUIPA";"ESSALUD";"I-3";"00013297";"POLICLINICO METROPOLITANO ESSALUD";"NE_0001";"";"NE_0001";"NE_0001";"NE_0001";"NE_0001";"NE_0001";"NE_0001";"NE_0001"
"2023";"08";"060101";"CAJAMARCA";"CAJAMARCA";"CAJAMARCA";"GOBIERNO REGIONAL";"II-E";"00004655";"SIMON BOLIVAR";"240100";"HOSPITALIZACIÓN QUIRÚRGICA CIRUGÍA GENERAL ";"41";"38";"138";"442";"15";"465";"0"
"2023";"08";"060101";"CAJAMARCA";"CAJAMARCA";"CAJAMARCA";"GOBIERNO REGIONAL";"II-E";"00004655";"SIMON BOLIVAR";"241800";"HOSPITALIZACIÓN DE MEDICINA MEDICINA GENERAL ";"37";"38";"105";"292";"10";"310";"0"
"2023";"08";"060101";"CAJAMARCA";"CAJAMARCA";"CAJAMARCA";"GOBIERNO REGIONAL";"II-E";"00004655";"SIMON BOLIVAR";"242300";"HOSPITALIZACIÓN DE PEDIATRÍA  PEDIATRÍA  GENERAL ";"279";"268";"547";"126";"5";"155";"0"
"2023";"08";"200104";"PIURA";"PIURA";"CASTILLA";"ESSALUD";"II-E";"00016363";"INSTITUTO PERUANO DE OFTALMOLOGIA";"240000";"HOSPITALIZACIÓN";"148";"148";"182";"135";"6";"186";"0"
"2023";"08";"070101";"CALLAO";"CALLAO";"CALLAO";"GOBIERNO REGIONAL";"I-2";"00006768";"PUESTO DE SALUD PALMERAS DE OQUENDO";"NE_0001";"";"NE_0001";"NE_0001";"NE_0001";"NE_0001";"NE_0001";"NE_0001";"NE_0001"
"2023";"08";"070101";"CALLAO";"CALLAO";"CALLAO";"GOBIERNO REGIONAL";"I-2";"00006244";"PUESTO DE SALUD 200 MILLAS";"NE_0001";"";"NE_0001";"NE_0001";"NE_0001";"NE_0001";"NE_0001";"NE_0001";"NE_0001"
"2023";"08";"070101";"CALLAO";"CALLAO";"CALLAO";"GOBIERNO REGIONAL";"I-2";"00006243";"PUESTO DE SALUD FAUCETT";"NE_0001";"";"NE_0001";"NE_0001";"NE_0001";"NE_0001";"NE_0001";"NE_0001";"NE_0001"
"2023";"08";"040201";"AREQUIPA";"CAMANA";"CAMANA";"SANIDAD DE LA POLICIA NACIONAL DEL PERU";"I-2";"00011661";"POSTA MEDICA POLICIAL CAMANA";"NE_0001";"";"NE_0001";"NE_0001";"NE_0001";"NE_0001";"NE_0001";"NE_0001";"NE_0001"
"2023";"08";"060804";"CAJAMARCA";"JAEN";"COLASAY";"GOBIERNO REGIONAL";"I-3";"00004236";"COLASAY";"NE_0001";"";"NE_0001";"NE_0001";"NE_0001";"NE_0001";"NE_0001";"NE_0001";"NE_0001"
"2023";"08";"060804";"CAJAMARCA";"JAEN";"COLASAY";"GOBIERNO REGIONAL";"I-2";"00007017";"AHUYACA";"NE_0001";"";"NE_0001";"NE_0001";"NE_0001";"NE_0001";"NE_0001";"NE_0001";"NE_0001"
"2023";"08";"060804";"CAJAMARCA";"JAEN";"COLASAY";"GOBIERNO REGIONAL";"I-1";"00004239";"CEDRO PASTO";"NE_0001";"";"NE_0001";"NE_0001";"NE_0001";"NE_0001";"NE_0001";"NE_0001";"NE_0001"
"2023";"08";"070101";"CALLAO";"CALLAO";"CALLAO";"GOBIERNO REGIONAL";"I-2";"00006224";"PUESTO DE SALUD JOSE BOTERIN";"NE_0001";"";"NE_0001";"NE_0001";"NE_0001";"NE_0001";"NE_0001";"NE_0001";"NE_0001"
"2023";"08";"070101";"CALLAO";"CALLAO";"CALLAO";"GOBIERNO REGIONAL";"I-2";"00006222";"PUESTO DE SALUD CALLAO";"NE_0001";"";"NE_0001";"NE_0001";"NE_0001";"NE_0001";"NE_0001";"NE_0001";"NE_0001"
"2023";"08";"070101";"CALLAO";"CALLAO";"CALLAO";"GOBIERNO REGIONAL";"I-2";"00006223";"PUESTO DE SALUD SANTA FE";"NE_0001";"";"NE_0001";"NE_0001";"NE_0001";"NE_0001";"NE_0001";"NE_0001";"NE_0001"
"2023";"08";"120601";"JUNIN";"SATIPO";"SATIPO";"GOBIERNO REGIONAL";"I-3";"00027078";"CENTRO DE SALUD MENTAL COMUNITARIO SATIPO";"NE_0001";"";"NE_0001";"NE_0001";"NE_0001";"NE_0001";"NE_0001";"NE_0001";"NE_0001"
"2023";"08";"090101";"HUANCAVELICA";"HUANCAVELICA";"HUANCAVELICA";"PRIVADO";"I-3";"00009300";"JUAN PABLO II";"NE_0001";"";"NE_0001";"NE_0001";"NE_0001";"NE_0001";"NE_0001";"NE_0001";"NE_0001"
"2023";"08";"040112";"AREQUIPA";"AREQUIPA";"PAUCARPATA";"ESSALUD";"II-1";"00013296";"HOSPITAL I EDMUNDO ESCOMEL";"241800";"HOSPITALIZACIÓN DE MEDICINA MEDICINA GENERAL ";"36";"38";"350";"324";"11";"341";"0"
"2023";"08";"040112";"AREQUIPA";"AREQUIPA";"PAUCARPATA";"ESSALUD";"II-1";"00013296";"HOSPITAL I EDMUNDO ESCOMEL";"240100";"HOSPITALIZACIÓN QUIRÚRGICA CIRUGÍA GENERAL ";"150";"155";"372";"361";"15";"465";"0"
"2023";"08";"040112";"AREQUIPA";"AREQUIPA";"PAUCARPATA";"ESSALUD";"II-1";"00013296";"HOSPITAL I EDMUNDO ESCOMEL";"241200";"HOSPITALIZACIÓN QUIRÚRGICA TRAUMATOLOGÍA Y ORTOPEDIA ";"28";"23";"64";"94";"4";"124";"0"
"2023";"08";"040112";"AREQUIPA";"AREQUIPA";"PAUCARPATA";"ESSALUD";"II-1";"00013296";"HOSPITAL I EDMUNDO ESCOMEL";"241500";"HOSPITALIZACIÓN QUIRÚRGICA GINECOLOGÍA  ";"38";"36";"86";"99";"4";"124";"0"
"2023";"08";"040112";"AREQUIPA";"AREQUIPA";"PAUCARPATA";"ESSALUD";"II-1";"00013296";"HOSPITAL I EDMUNDO ESCOMEL";"241600";"HOSPITALIZACIÓN QUIRÚRGICA OBSTETRICIA   ";"185";"182";"379";"382";"14";"434";"0"
"2023";"08";"040112";"AREQUIPA";"AREQUIPA";"PAUCARPATA";"ESSALUD";"II-1";"00013296";"HOSPITAL I EDMUNDO ESCOMEL";"242300";"HOSPITALIZACIÓN DE PEDIATRÍA  PEDIATRÍA  GENERAL ";"82";"77";"235";"301";"10";"310";"0"
"2023";"08";"130105";"LA LIBERTAD";"TRUJILLO";"LA ESPERANZA";"ESSALUD";"III-E";"00020925";"HOSPITAL DE ALTA COMPLEJIDAD DE LA LIBERTAD VIRGEN DE LA PUERTA";"241900";"HOSPITALIZACIÓN DE MEDICINA MEDICINA INTERNA ";"182";"284";"3586";"2715";"96";"2880";"8"
"2023";"08";"130105";"LA LIBERTAD";"TRUJILLO";"LA ESPERANZA";"ESSALUD";"III-E";"00020925";"HOSPITAL DE ALTA COMPLEJIDAD DE LA LIBERTAD VIRGEN DE LA PUERTA";"250100";"UNIDAD DE CUIDADOS CRITICOS UNIDAD  DE CUIDADOS INTENSIVOS GENERALES (UCI) ";"33";"4";"213";"398";"14";"420";"3"
"2023";"08";"130105";"LA LIBERTAD";"TRUJILLO";"LA ESPERANZA";"ESSALUD";"III-E";"00020925";"HOSPITAL DE ALTA COMPLEJIDAD DE LA LIBERTAD VIRGEN DE LA PUERTA";"250200";"UNIDAD DE CUIDADOS CRITICOS UNIDAD DE CUIDADOS INTERMEDIOS GENERAL  (UCIN) ";"56";"28";"322";"620";"22";"660";"2"
"2023";"08";"130105";"LA LIBERTAD";"TRUJILLO";"LA ESPERANZA";"ESSALUD";"III-E";"00020925";"HOSPITAL DE ALTA COMPLEJIDAD DE LA LIBERTAD VIRGEN DE LA PUERTA";"240100";"HOSPITALIZACIÓN QUIRÚRGICA CIRUGÍA GENERAL ";"199";"203";"1271";"1063";"36";"1080";"1"
"2023";"08";"130105";"LA LIBERTAD";"TRUJILLO";"LA ESPERANZA";"ESSALUD";"III-E";"00020925";"HOSPITAL DE ALTA COMPLEJIDAD DE LA LIBERTAD VIRGEN DE LA PUERTA";"241500";"HOSPITALIZACIÓN QUIRÚRGICA GINECOLOGÍA  ";"136";"138";"480";"480";"17";"510";"0"
"2023";"08";"130105";"LA LIBERTAD";"TRUJILLO";"LA ESPERANZA";"ESSALUD";"III-E";"00020925";"HOSPITAL DE ALTA COMPLEJIDAD DE LA LIBERTAD VIRGEN DE LA PUERTA";"242300";"HOSPITALIZACIÓN DE PEDIATRÍA  PEDIATRÍA  GENERAL ";"29";"53";"331";"313";"13";"390";"0"
"2023";"08";"160101";"LORETO";"MAYNAS";"IQUITOS";"SANIDAD DEL EJERCITO DEL PERU";"I-4";"00020543";"IPRESS I-4 MILITAR DIVISIONARIO ""SANTA ROSA"" IQUITOS";"241800";"HOSPITALIZACIÓN DE MEDICINA MEDICINA GENERAL ";"8";"6";"79";"99";"20";"600";"0"
"2023";"08";"060602";"CAJAMARCA";"CUTERVO";"CALLAYUC";"GOBIERNO REGIONAL";"I-3";"00004959";"CALLAYUC";"NE_0001";"";"NE_0001";"NE_0001";"NE_0001";"NE_0001";"NE_0001";"NE_0001";"NE_0001"
"2023";"08";"060602";"CAJAMARCA";"CUTERVO";"CALLAYUC";"GOBIERNO REGIONAL";"I-1";"00006944";"VILUCO";"NE_0001";"";"NE_0001";"NE_0001";"NE_0001";"NE_0001";"NE_0001";"NE_0001";"NE_0001"
"2023";"08";"060602";"CAJAMARCA";"CUTERVO";"CALLAYUC";"GOBIERNO REGIONAL";"I-1";"00007100";"SAN JUAN DE CHORILLOS";"NE_0001";"";"NE_0001";"NE_0001";"NE_0001";"NE_0001";"NE_0001";"NE_0001";"NE_0001"
"2023";"08";"060602";"CAJAMARCA";"CUTERVO";"CALLAYUC";"GOBIERNO REGIONAL";"I-1";"00007369";"CHONTAS";"NE_0001";"";"NE_0001";"NE_0001";"NE_0001";"NE_0001";"NE_0001";"NE_0001";"NE_0001"
"2023";"08";"150117";"LIMA";"LIMA";"LOS OLIVOS";"PRIVADO";"II-E";"00013044";"MEGASALUD NARANJAL S.A.C.";"240000";"HOSPITALIZACIÓN";"24";"24";"58";"50";"3";"90";"0"
"2023";"08";"250105";"UCAYALI";"CORONEL PORTILLO";"YARINACOCHA";"ESSALUD";"I-3";"00032194";"CENTRO  DE SALUD ALAMEDAS - ESSALUD";"NE_0001";"";"NE_0001";"NE_0001";"NE_0001";"NE_0001";"NE_0001";"NE_0001";"NE_0001"
"2023";"08";"080108";"CUSCO";"CUSCO";"WANCHAQ";"ESSALUD";"III-1";"00010041";"ADOLFO GUEVARA VELASCO";"241900";"HOSPITALIZACIÓN DE MEDICINA MEDICINA INTERNA ";"10";"13";"102";"87";"4";"124";"0"
"2023";"08";"080108";"CUSCO";"CUSCO";"WANCHAQ";"ESSALUD";"III-1";"00010041";"ADOLFO GUEVARA VELASCO";"241900";"HOSPITALIZACIÓN DE MEDICINA MEDICINA INTERNA ";"49";"54";"502";"429";"14";"434";"3"
"2023";"08";"080108";"CUSCO";"CUSCO";"WANCHAQ";"ESSALUD";"III-1";"00010041";"ADOLFO GUEVARA VELASCO";"241900";"HOSPITALIZACIÓN DE MEDICINA MEDICINA INTERNA ";"13";"12";"201";"122";"4";"124";"0"
"2023";"08";"080108";"CUSCO";"CUSCO";"WANCHAQ";"ESSALUD";"III-1";"00010041";"ADOLFO GUEVARA VELASCO";"241900";"HOSPITALIZACIÓN DE MEDICINA MEDICINA INTERNA ";"19";"39";"550";"439";"15";"465";"0"
"2023";"08";"080108";"CUSCO";"CUSCO";"WANCHAQ";"ESSALUD";"III-1";"00010041";"ADOLFO GUEVARA VELASCO";"241900";"HOSPITALIZACIÓN DE MEDICINA MEDICINA INTERNA ";"2";"5";"89";"76";"3";"93";"0"
"2023";"08";"080108";"CUSCO";"CUSCO";"WANCHAQ";"ESSALUD";"III-1";"00010041";"ADOLFO GUEVARA VELASCO";"241900";"HOSPITALIZACIÓN DE MEDICINA MEDICINA INTERNA ";"7";"5";"42";"45";"2";"62";"0"
"2023";"08";"160107";"LORETO";"MAYNAS";"NAPO";"GOBIERNO REGIONAL";"II-1";"00000066";"HOSPITAL II-1 SANTA CLOTILDE";"241800";"HOSPITALIZACIÓN DE MEDICINA MEDICINA GENERAL ";"42";"43";"98";"143";"16";"496";"0"
"2023";"08";"160107";"LORETO";"MAYNAS";"NAPO";"GOBIERNO REGIONAL";"II-1";"00000066";"HOSPITAL II-1 SANTA CLOTILDE";"242300";"HOSPITALIZACIÓN DE PEDIATRÍA  PEDIATRÍA  GENERAL ";"5";"5";"19";"27";"7";"217";"0"
"2023";"08";"160107";"LORETO";"MAYNAS";"NAPO";"GOBIERNO REGIONAL";"II-1";"00000066";"HOSPITAL II-1 SANTA CLOTILDE";"241600";"HOSPITALIZACIÓN QUIRÚRGICA OBSTETRICIA   ";"7";"7";"14";"25";"6";"186";"0"
"2023";"08";"160107";"LORETO";"MAYNAS";"NAPO";"GOBIERNO REGIONAL";"II-1";"00000066";"HOSPITAL II-1 SANTA CLOTILDE";"242000";"HOSPITALIZACIÓN DE MEDICINA MEDICINA TROPICAL E INFECCIOSAS ";"1";"0";"6";"6";"3";"93";"0"
"2023";"07";"211201";"PUNO";"SANDIA";"SANDIA";"MINSA";"II-1";"00003335";"HOSPITAL SANDIA";"240100";"HOSPITALIZACIÓN QUIRÚRGICA CIRUGÍA GENERAL ";"3";"3";"8";"8";"3";"93";"0"
"2023";"07";"211201";"PUNO";"SANDIA";"SANDIA";"MINSA";"II-1";"00003335";"HOSPITAL SANDIA";"241400";"HOSPITALIZACIÓN QUIRÚRGICA GINECO - OBSTETRICIA ";"19";"20";"49";"49";"3";"93";"0"
"2023";"07";"211201";"PUNO";"SANDIA";"SANDIA";"MINSA";"II-1";"00003335";"HOSPITAL SANDIA";"241600";"HOSPITALIZACIÓN QUIRÚRGICA OBSTETRICIA   ";"11";"11";"18";"18";"4";"124";"0"
"2023";"07";"211201";"PUNO";"SANDIA";"SANDIA";"MINSA";"II-1";"00003335";"HOSPITAL SANDIA";"241800";"HOSPITALIZACIÓN DE MEDICINA MEDICINA GENERAL ";"22";"23";"79";"79";"6";"186";"0"
"2023";"07";"211201";"PUNO";"SANDIA";"SANDIA";"MINSA";"II-1";"00003335";"HOSPITAL SANDIA";"242500";"HOSPITALIZACIÓN-PEDIATRÍA GENERAL-";"5";"5";"10";"10";"4";"124";"0"
"2023";"08";"150136";"LIMA";"LIMA";"SAN MIGUEL";"PRIVADO";"II-2";"00014501";"CLINICA SAN GABRIEL S.A.C.";"250105";"UNIDAD DE CUIDADOS CRITICOS UNIDAD  DE CUIDADOS INTENSIVOS  (UCI) NEONATOLOGÍA";"1";"0";"4";"4";"6";"186";"0"
"2023";"08";"150136";"LIMA";"LIMA";"SAN MIGUEL";"PRIVADO";"II-2";"00014501";"CLINICA SAN GABRIEL S.A.C.";"240000";"HOSPITALIZACIÓN";"778";"779";"2235";"2958";"99";"3069";"4"
"2023";"08";"150136";"LIMA";"LIMA";"SAN MIGUEL";"PRIVADO";"II-2";"00014501";"CLINICA SAN GABRIEL S.A.C.";"250100";"UNIDAD DE CUIDADOS CRITICOS UNIDAD  DE CUIDADOS INTENSIVOS GENERALES (UCI) ";"62";"62";"188";"209";"12";"372";"3"
"2023";"08";"160301";"LORETO";"LORETO";"NAUTA";"ESSALUD";"I-3";"00011403";"CENTRO DE ATENCION PRIMARIA II NAUTA";"NE_0001";"";"NE_0001";"NE_0001";"NE_0001";"NE_0001";"NE_0001";"NE_0001";"NE_0001"
"2023";"08";"080601";"CUSCO";"CANCHIS";"SICUANI";"GOBIERNO REGIONAL";"I-4";"00002380";"TECHO OBRERO";"NE_0001";"";"NE_0001";"NE_0001";"NE_0001";"NE_0001";"NE_0001";"NE_0001";"NE_0001"
"2023";"08";"080604";"CUSCO";"CANCHIS";"MARANGANI";"GOBIERNO REGIONAL";"I-1";"00002389";"CHECTUYOC";"NE_0001";"";"NE_0001";"NE_0001";"NE_0001";"NE_0001";"NE_0001";"NE_0001";"NE_0001"
"2023";"08";"080504";"CUSCO";"CANAS";"LANGUI";"GOBIERNO REGIONAL";"I-2";"00002369";"LANGUI";"NE_0001";"";"NE_0001";"NE_0001";"NE_0001";"NE_0001";"NE_0001";"NE_0001";"NE_0001"
"2023";"08";"080604";"CUSCO";"CANCHIS";"MARANGANI";"GOBIERNO REGIONAL";"I-1";"00002390";"CCUYO";"NE_0001";"";"NE_0001";"NE_0001";"NE_0001";"NE_0001";"NE_0001";"NE_0001";"NE_0001"
"2023";"08";"080604";"CUSCO";"CANCHIS";"MARANGANI";"GOBIERNO REGIONAL";"I-2";"00002391";"OCCOBAMBA MARANGANI";"NE_0001";"";"NE_0001";"NE_0001";"NE_0001";"NE_0001";"NE_0001";"NE_0001";"NE_0001"
"2023";"08";"080601";"CUSCO";"CANCHIS";"SICUANI";"GOBIERNO REGIONAL";"I-1";"00002379";"HERCCA";"NE_0001";"";"NE_0001";"NE_0001";"NE_0001";"NE_0001";"NE_0001";"NE_0001";"NE_0001"
"2023";"08";"080504";"CUSCO";"CANAS";"LANGUI";"GOBIERNO REGIONAL";"I-1";"00002370";"CONDEVILUYO";"NE_0001";"";"NE_0001";"NE_0001";"NE_0001";"NE_0001";"NE_0001";"NE_0001";"NE_0001"
"2023";"08";"080505";"CUSCO";"CANAS";"LAYO";"GOBIERNO REGIONAL";"I-3";"00002371";"LAYO";"NE_0001";"";"NE_0001";"NE_0001";"NE_0001";"NE_0001";"NE_0001";"NE_0001";"NE_0001"
"2023";"08";"080604";"CUSCO";"CANCHIS";"MARANGANI";"GOBIERNO REGIONAL";"I-3";"00002388";"MARANGANI";"NE_0001";"";"NE_0001";"NE_0001";"NE_0001";"NE_0001";"NE_0001";"NE_0001";"NE_0001"
"2023";"08";"220206";"SAN MARTIN";"BELLAVISTA";"SAN RAFAEL";"GOBIERNO REGIONAL";"I-1";"00006518";"CRISTINO GARCIA CARHUAPOMA";"NE_0002";"";"NE_0002";"NE_0002";"NE_0002";"NE_0002";"NE_0002";"NE_0002";"NE_0002"
"2023";"08";"220206";"SAN MARTIN";"BELLAVISTA";"SAN RAFAEL";"GOBIERNO REGIONAL";"I-1";"00006504";"PALESTINA";"NE_0002";"";"NE_0002";"NE_0002";"NE_0002";"NE_0002";"NE_0002";"NE_0002";"NE_0002"
"2023";"08";"220205";"SAN MARTIN";"BELLAVISTA";"SAN PABLO";"GOBIERNO REGIONAL";"I-1";"00006514";"HUINGOYACU";"NE_0001";"";"NE_0001";"NE_0001";"NE_0001";"NE_0001";"NE_0001";"NE_0001";"NE_0001"
"2023";"08";"220204";"SAN MARTIN";"BELLAVISTA";"HUALLAGA";"GOBIERNO REGIONAL";"I-1";"00006562";"LEDOY";"NE_0001";"";"NE_0001";"NE_0001";"NE_0001";"NE_0001";"NE_0001";"NE_0001";"NE_0001"
"2023";"08";"220201";"SAN MARTIN";"BELLAVISTA";"BELLAVISTA";"GOBIERNO REGIONAL";"I-2";"00006511";"LAS  MERCEDES";"NE_0001";"";"NE_0001";"NE_0001";"NE_0001";"NE_0001";"NE_0001";"NE_0001";"NE_0001"
"2023";"08";"220206";"SAN MARTIN";"BELLAVISTA";"SAN RAFAEL";"GOBIERNO REGIONAL";"I-1";"00006517";"PANAMA";"NE_0002";"";"NE_0002";"NE_0002";"NE_0002";"NE_0002";"NE_0002";"NE_0002";"NE_0002"
"2023";"08";"220201";"SAN MARTIN";"BELLAVISTA";"BELLAVISTA";"GOBIERNO REGIONAL";"I-1";"00006503";"BUENOS AIRES";"NE_0002";"";"NE_0002";"NE_0002";"NE_0002";"NE_0002";"NE_0002";"NE_0002";"NE_0002"
"2023";"08";"220201";"SAN MARTIN";"BELLAVISTA";"BELLAVISTA";"GOBIERNO REGIONAL";"I-1";"00006785";"PERUATE";"NE_0001";"";"NE_0001";"NE_0001";"NE_0001";"NE_0001";"NE_0001";"NE_0001";"NE_0001"
"2023";"08";"220206";"SAN MARTIN";"BELLAVISTA";"SAN RAFAEL";"GOBIERNO REGIONAL";"I-3";"00006515";"SAN RAFAEL";"NE_0002";"";"NE_0002";"NE_0002";"NE_0002";"NE_0002";"NE_0002";"NE_0002";"NE_0002"
"2023";"08";"220206";"SAN MARTIN";"BELLAVISTA";"SAN RAFAEL";"GOBIERNO REGIONAL";"I-2";"00006516";"LA LIBERTAD";"NE_0002";"";"NE_0002";"NE_0002";"NE_0002";"NE_0002";"NE_0002";"NE_0002";"NE_0002"
"2023";"08";"220406";"SAN MARTIN";"HUALLAGA";"TINGO DE SAPOSOA";"GOBIERNO REGIONAL";"I-1";"00006546";"TINGO DE SAPOSOA";"NE_0001";"";"NE_0001";"NE_0001";"NE_0001";"NE_0001";"NE_0001";"NE_0001";"NE_0001"
"2023";"08";"220201";"SAN MARTIN";"BELLAVISTA";"BELLAVISTA";"GOBIERNO REGIONAL";"I-1";"00006512";"NUEVA FLORIDA";"NE_0001";"";"NE_0001";"NE_0001";"NE_0001";"NE_0001";"NE_0001";"NE_0001";"NE_0001"
"2023";"08";"220201";"SAN MARTIN";"BELLAVISTA";"BELLAVISTA";"GOBIERNO REGIONAL";"I-1";"00006513";"HUACHO";"NE_0001";"";"NE_0001";"NE_0001";"NE_0001";"NE_0001";"NE_0001";"NE_0001";"NE_0001"
"2023";"08";"220201";"SAN MARTIN";"BELLAVISTA";"BELLAVISTA";"GOBIERNO REGIONAL";"I-1";"00006505";"LIMON";"NE_0002";"";"NE_0002";"NE_0002";"NE_0002";"NE_0002";"NE_0002";"NE_0002";"NE_0002"
"2023";"09";"050101";"AYACUCHO";"HUAMANGA";"AYACUCHO";"SANIDAD DE LA POLICIA NACIONAL DEL PERU";"I-3";"00011426";"POLICLINICO POLICIAL DE AYACUCHO";"NE_0001";"";"NE_0001";"NE_0001";"NE_0001";"NE_0001";"NE_0001";"NE_0001";"NE_0001"
"2023";"09";"110501";"ICA";"PISCO";"PISCO";"SANIDAD DE LA POLICIA NACIONAL DEL PERU";"I-2";"00011400";"POSTA MEDICA POLICIAL PISCO";"NE_0001";"";"NE_0001";"NE_0001";"NE_0001";"NE_0001";"NE_0001";"NE_0001";"NE_0001"
"2023";"09";"090701";"HUANCAVELICA";"TAYACAJA";"PAMPAS";"SANIDAD DE LA POLICIA NACIONAL DEL PERU";"I-2";"00010153";"POSTA MEDICA POLICIAL PAMPAS";"NE_0001";"";"NE_0001";"NE_0001";"NE_0001";"NE_0001";"NE_0001";"NE_0001";"NE_0001"
"2023";"09";"150140";"LIMA";"LIMA";"SANTIAGO DE SURCO";"PRIVADO";"I-2";"00010498";"ILA";"NE_0002";"";"NE_0002";"NE_0002";"NE_0002";"NE_0002";"NE_0002";"NE_0002";"NE_0002"
"2023";"09";"150510";"LIMA";"CAÑETE";"NUEVO IMPERIAL";"SANIDAD DE LA POLICIA NACIONAL DEL PERU";"I-3";"00017849";"POLICLINICO POLICIAL CAÑETE";"NE_0001";"";"NE_0001";"NE_0001";"NE_0001";"NE_0001";"NE_0001";"NE_0001";"NE_0001"
"2023";"09";"060401";"CAJAMARCA";"CHOTA";"CHOTA";"SANIDAD DE LA POLICIA NACIONAL DEL PERU";"I-2";"00010929";"POSTA MEDICA POLICIAL CHOTA";"NE_0001";"";"NE_0001";"NE_0001";"NE_0001";"NE_0001";"NE_0001";"NE_0001";"NE_0001"
"2023";"09";"220101";"SAN MARTIN";"MOYOBAMBA";"MOYOBAMBA";"SANIDAD DE LA POLICIA NACIONAL DEL PERU";"I-3";"00018077";"POLICLINICO PNP MOYOBAMBA";"NE_0001";"";"NE_0001";"NE_0001";"NE_0001";"NE_0001";"NE_0001";"NE_0001";"NE_0001"
"2023";"09";"150122";"LIMA";"LIMA";"MIRAFLORES";"PRIVADO";"0";"00023901";"INSTITUTO DE GAMMA KNIFE DEL PACIFICO SAC";"NE_0001";"";"NE_0001";"NE_0001";"NE_0001";"NE_0001";"NE_0001";"NE_0001";"NE_0001"
"2023";"09";"120101";"JUNIN";"HUANCAYO";"HUANCAYO";"SANIDAD DE LA POLICIA NACIONAL DEL PERU";"I-3";"00010710";"POLICLINICO POLICIAL HUANCAYO ENRIQUE TORRES GONZALES";"NE_0001";"";"NE_0001";"NE_0001";"NE_0001";"NE_0001";"NE_0001";"NE_0001";"NE_0001"
"2023";"09";"100101";"HUANUCO";"HUANUCO";"HUANUCO";"SANIDAD DE LA POLICIA NACIONAL DEL PERU";"I-3";"00011421";"POLICLINICO POLICIAL HUÀNUCO";"NE_0001";"";"NE_0001";"NE_0001";"NE_0001";"NE_0001";"NE_0001";"NE_0001";"NE_0001"
"2023";"08";"100101";"HUANUCO";"HUANUCO";"HUANUCO";"ESSALUD";"I-3";"00018081";"CENTRO DE ATENCIÓN PRIMARIA III - METROPOLITANO";"NE_0001";"";"NE_0001";"NE_0001";"NE_0001";"NE_0001";"NE_0001";"NE_0001";"NE_0001"
"2023";"09";"040702";"AREQUIPA";"ISLAY";"COCACHACRA";"GOBIERNO REGIONAL";"I-3";"00001445";"CENTRO DE SALUD COCACHACRA";"NE_0001";"";"NE_0001";"NE_0001";"NE_0001";"NE_0001";"NE_0001";"NE_0001";"NE_0001"
"2023";"09";"040702";"AREQUIPA";"ISLAY";"COCACHACRA";"GOBIERNO REGIONAL";"I-1";"00001453";"PUESTO DE SALUD EL TORO";"NE_0001";"";"NE_0001";"NE_0001";"NE_0001";"NE_0001";"NE_0001";"NE_0001";"NE_0001"
"2023";"09";"040702";"AREQUIPA";"ISLAY";"COCACHACRA";"GOBIERNO REGIONAL";"I-2";"00001454";"PUESTO DE SALUD LA PASCANA";"NE_0001";"";"NE_0001";"NE_0001";"NE_0001";"NE_0001";"NE_0001";"NE_0001";"NE_0001"
"2023";"09";"040702";"AREQUIPA";"ISLAY";"COCACHACRA";"GOBIERNO REGIONAL";"I-2";"00001452";"PUESTO DE SALUD EL FISCAL";"NE_0001";"";"NE_0001";"NE_0001";"NE_0001";"NE_0001";"NE_0001";"NE_0001";"NE_0001"
"2023";"09";"050904";"AYACUCHO";"SUCRE";"CHILCAYOC";"GOBIERNO REGIONAL";"I-2";"00003805";"PUESTO DE SALUD CHILCAYOCC";"NE_0001";"";"NE_0001";"NE_0001";"NE_0001";"NE_0001";"NE_0001";"NE_0001";"NE_0001"
"2023";"09";"050909";"AYACUCHO";"SUCRE";"SAN SALVADOR DE QUIJE";"GOBIERNO REGIONAL";"I-1";"00003806";"PUESTO DE SALUD SAN SALVADOR DE QUIJE";"NE_0001";"";"NE_0001";"NE_0001";"NE_0001";"NE_0001";"NE_0001";"NE_0001";"NE_0001"
"2023";"09";"050907";"AYACUCHO";"SUCRE";"PAICO";"GOBIERNO REGIONAL";"I-1";"00003813";"PUESTO DE SALUD PAICO";"NE_0001";"";"NE_0001";"NE_0001";"NE_0001";"NE_0001";"NE_0001";"NE_0001";"NE_0001"
"2023";"09";"050905";"AYACUCHO";"SUCRE";"HUACAÑA";"GOBIERNO REGIONAL";"I-1";"00003719";"PUESTO DE SALUD HUACAÑA";"NE_0001";"";"NE_0001";"NE_0001";"NE_0001";"NE_0001";"NE_0001";"NE_0001";"NE_0001"
"2023";"09";"050901";"AYACUCHO";"SUCRE";"QUEROBAMBA";"GOBIERNO REGIONAL";"I-1";"00003802";"PUESTO DE SALUD POTONGO";"NE_0001";"";"NE_0001";"NE_0001";"NE_0001";"NE_0001";"NE_0001";"NE_0001";"NE_0001"
"2023";"09";"050910";"AYACUCHO";"SUCRE";"SANTIAGO DE PAUCARAY";"GOBIERNO REGIONAL";"I-1";"00007096";"PUESTO DE SALUD AUTAMA";"NE_0001";"";"NE_0001";"NE_0001";"NE_0001";"NE_0001";"NE_0001";"NE_0001";"NE_0001"
"2023";"09";"050906";"AYACUCHO";"SUCRE";"MORCOLLA";"GOBIERNO REGIONAL";"I-1";"00003812";"PUESTO DE SALUD HUACO";"NE_0001";"";"NE_0001";"NE_0001";"NE_0001";"NE_0001";"NE_0001";"NE_0001";"NE_0001"
"2023";"09";"050901";"AYACUCHO";"SUCRE";"QUEROBAMBA";"GOBIERNO REGIONAL";"I-1";"00003809";"PUESTO DE SALUD CHONTA";"NE_0001";"";"NE_0001";"NE_0001";"NE_0001";"NE_0001";"NE_0001";"NE_0001";"NE_0001"
"2023";"09";"050906";"AYACUCHO";"SUCRE";"MORCOLLA";"GOBIERNO REGIONAL";"I-1";"00003810";"PUESTO DE SALUD MORCOLLA";"NE_0001";"";"NE_0001";"NE_0001";"NE_0001";"NE_0001";"NE_0001";"NE_0001";"NE_0001"
"2023";"09";"050906";"AYACUCHO";"SUCRE";"MORCOLLA";"GOBIERNO REGIONAL";"I-1";"00003811";"PUESTO DE SALUD TINTAY";"NE_0001";"";"NE_0001";"NE_0001";"NE_0001";"NE_0001";"NE_0001";"NE_0001";"NE_0001"
"2023";"09";"050907";"AYACUCHO";"SUCRE";"PAICO";"GOBIERNO REGIONAL";"I-1";"00003814";"PUESTO DE SALUD SIHUE";"NE_0001";"";"NE_0001";"NE_0001";"NE_0001";"NE_0001";"NE_0001";"NE_0001";"NE_0001"
"2023";"09";"050910";"AYACUCHO";"SUCRE";"SANTIAGO DE PAUCARAY";"GOBIERNO REGIONAL";"I-1";"00003816";"PUESTO DE SALUD SANTIAGO DE PAUCARAY";"NE_0001";"";"NE_0001";"NE_0001";"NE_0001";"NE_0001";"NE_0001";"NE_0001";"NE_0001"
"2023";"09";"050902";"AYACUCHO";"SUCRE";"BELEN";"GOBIERNO REGIONAL";"I-1";"00003803";"PUESTO DE SALUD BELEN";"NE_0001";"";"NE_0001";"NE_0001";"NE_0001";"NE_0001";"NE_0001";"NE_0001";"NE_0001"
"2023";"09";"050909";"AYACUCHO";"SUCRE";"SAN SALVADOR DE QUIJE";"GOBIERNO REGIONAL";"I-1";"00003807";"PUESTO DE SALUD SANTIAGO DE PALLCCA";"NE_0001";"";"NE_0001";"NE_0001";"NE_0001";"NE_0001";"NE_0001";"NE_0001";"NE_0001"
"2023";"09";"050903";"AYACUCHO";"SUCRE";"CHALCOS";"GOBIERNO REGIONAL";"I-1";"00003804";"PUESTO DE SALUD CHALCOS";"NE_0001";"";"NE_0001";"NE_0001";"NE_0001";"NE_0001";"NE_0001";"NE_0001";"NE_0001"
"2023";"09";"050908";"AYACUCHO";"SUCRE";"SAN PEDRO DE LARCAY";"GOBIERNO REGIONAL";"I-2";"00003815";"SAN PEDRO DE LARCAY";"NE_0001";"";"NE_0001";"NE_0001";"NE_0001";"NE_0001";"NE_0001";"NE_0001";"NE_0001"
"2023";"09";"050910";"AYACUCHO";"SUCRE";"SANTIAGO DE PAUCARAY";"GOBIERNO REGIONAL";"I-1";"00003817";"PUESTO DE SALUD ATIHUARA";"NE_0001";"";"NE_0001";"NE_0001";"NE_0001";"NE_0001";"NE_0001";"NE_0001";"NE_0001"
"2023";"09";"050909";"AYACUCHO";"SUCRE";"SAN SALVADOR DE QUIJE";"GOBIERNO REGIONAL";"I-1";"00006900";"PUESTO DE SALUD VISTA ALEGRE - SUCRE";"NE_0001";"";"NE_0001";"NE_0001";"NE_0001";"NE_0001";"NE_0001";"NE_0001";"NE_0001"
"2023";"09";"090101";"HUANCAVELICA";"HUANCAVELICA";"HUANCAVELICA";"SANIDAD DE LA POLICIA NACIONAL DEL PERU";"I-2";"00009476";"POSTA  MEDICA  POLICIAL- HUANCAVELICA";"NE_0001";"";"NE_0001";"NE_0001";"NE_0001";"NE_0001";"NE_0001";"NE_0001";"NE_0001"
"2023";"09";"140301";"LAMBAYEQUE";"LAMBAYEQUE";"LAMBAYEQUE";"GOBIERNO REGIONAL";"II-1";"00004370";"HOSPITAL BELEN - LAMBAYEQUE";"240100";"HOSPITALIZACIÓN QUIRÚRGICA CIRUGÍA GENERAL ";"74";"72";"278";"4";"20";"600";"0"
"2023";"09";"140301";"LAMBAYEQUE";"LAMBAYEQUE";"LAMBAYEQUE";"GOBIERNO REGIONAL";"II-1";"00004370";"HOSPITAL BELEN - LAMBAYEQUE";"241200";"HOSPITALIZACIÓN QUIRÚRGICA TRAUMATOLOGÍA Y ORTOPEDIA ";"21";"27";"296";"11";"7";"210";"0"
"2023";"09";"140301";"LAMBAYEQUE";"LAMBAYEQUE";"LAMBAYEQUE";"GOBIERNO REGIONAL";"II-1";"00004370";"HOSPITAL BELEN - LAMBAYEQUE";"241300";"HOSPITALIZACIÓN QUIRÚRGICA UROLOGÍA  ";"19";"20";"125";"6";"6";"180";"0"
"2023";"09";"140301";"LAMBAYEQUE";"LAMBAYEQUE";"LAMBAYEQUE";"GOBIERNO REGIONAL";"II-1";"00004370";"HOSPITAL BELEN - LAMBAYEQUE";"241500";"HOSPITALIZACIÓN QUIRÚRGICA GINECOLOGÍA  ";"132";"138";"448";"3";"17";"510";"0"
"2023";"04";"130101";"LA LIBERTAD";"TRUJILLO";"TRUJILLO";"PRIVADO";"I-3";"00027028";"EL GALENO DE ICA";"NE_0001";"";"NE_0001";"NE_0001";"NE_0001";"NE_0001";"NE_0001";"NE_0001";"NE_0001"
"2023";"05";"020801";"ANCASH";"CASMA";"CASMA";"ESSALUD";"I-3";"00009057";"CENTRO MEDICO CASMA";"NE_0001";"";"NE_0001";"NE_0001";"NE_0001";"NE_0001";"NE_0001";"NE_0001";"NE_0001"
"2023";"06";"021904";"ANCASH";"SIHUAS";"CASHAPAMPA";"GOBIERNO REGIONAL";"I-1";"00001798";"PUESTO DE SALUD PASACANCHA";"NE_0002";"";"NE_0002";"NE_0002";"NE_0002";"NE_0002";"NE_0002";"NE_0002";"NE_0002"
"2023";"06";"130107";"LA LIBERTAD";"TRUJILLO";"MOCHE";"ESSALUD";"I-4";"00009038";"CENTRO DE SALUD CON INTERNAMIENTO MOCHE";"241800";"HOSPITALIZACIÓN DE MEDICINA MEDICINA GENERAL ";"32";"32";"205";"174";"8";"240";"1"
"2023";"06";"060801";"CAJAMARCA";"JAEN";"JAEN";"GOBIERNO REGIONAL";"II-2";"00004210";"HOSPITAL GENERAL DE JAEN";"241800";"HOSPITALIZACIÓN DE MEDICINA MEDICINA GENERAL ";"67";"90";"674";"92";"40";"1240";"12"
"2023";"06";"060801";"CAJAMARCA";"JAEN";"JAEN";"GOBIERNO REGIONAL";"II-2";"00004210";"HOSPITAL GENERAL DE JAEN";"240100";"HOSPITALIZACIÓN QUIRÚRGICA CIRUGÍA GENERAL ";"142";"158";"599";"160";"34";"1054";"1"
"2023";"06";"060801";"CAJAMARCA";"JAEN";"JAEN";"GOBIERNO REGIONAL";"II-2";"00004210";"HOSPITAL GENERAL DE JAEN";"241600";"HOSPITALIZACIÓN QUIRÚRGICA OBSTETRICIA   ";"286";"293";"701";"305";"25";"775";"0"
"2023";"06";"060801";"CAJAMARCA";"JAEN";"JAEN";"GOBIERNO REGIONAL";"II-2";"00004210";"HOSPITAL GENERAL DE JAEN";"242500";"HOSPITALIZACIÓN-PEDIATRÍA GENERAL-";"105";"107";"550";"125";"15";"465";"0"
"2023";"06";"060801";"CAJAMARCA";"JAEN";"JAEN";"GOBIERNO REGIONAL";"II-2";"00004210";"HOSPITAL GENERAL DE JAEN";"243200";"HOSPITALIZACIÓN DE PEDIATRÍA PEDIATRIA NEONATOLOGÍA";"35";"38";"251";"45";"17";"527";"0"
"2023";"06";"220104";"SAN MARTIN";"MOYOBAMBA";"JEPELACIO";"GOBIERNO REGIONAL";"I-1";"00006338";"CARRIZAL";"NE_0001";"";"NE_0001";"NE_0001";"NE_0001";"NE_0001";"NE_0001";"NE_0001";"NE_0001"
"2023";"06";"220104";"SAN MARTIN";"MOYOBAMBA";"JEPELACIO";"GOBIERNO REGIONAL";"I-1";"00007238";"PACAYPITE";"NE_0001";"";"NE_0001";"NE_0001";"NE_0001";"NE_0001";"NE_0001";"NE_0001";"NE_0001"
"2023";"06";"220104";"SAN MARTIN";"MOYOBAMBA";"JEPELACIO";"GOBIERNO REGIONAL";"I-4";"00006337";"JEPELACIO";"241400";"HOSPITALIZACIÓN QUIRÚRGICA GINECO - OBSTETRICIA ";"3";"3";"3";"3";"3";"60";"0"
"2023";"06";"220104";"SAN MARTIN";"MOYOBAMBA";"JEPELACIO";"GOBIERNO REGIONAL";"I-2";"00006339";"SHUCSHUYACU";"NE_0001";"";"NE_0001";"NE_0001";"NE_0001";"NE_0001";"NE_0001";"NE_0001";"NE_0001"
"2023";"06";"021903";"ANCASH";"SIHUAS";"ALFONSO UGARTE";"GOBIERNO REGIONAL";"I-1";"00001805";"PUESTO DE SALUD ULLOLLUCO";"NE_0002";"";"NE_0002";"NE_0002";"NE_0002";"NE_0002";"NE_0002";"NE_0002";"NE_0002"
"2023";"06";"021907";"ANCASH";"SIHUAS";"QUICHES";"GOBIERNO REGIONAL";"I-1";"00001807";"PUESTO DE SALUD JOCOSBAMBA";"NE_0002";"";"NE_0002";"NE_0002";"NE_0002";"NE_0002";"NE_0002";"NE_0002";"NE_0002"
"2023";"06";"021907";"ANCASH";"SIHUAS";"QUICHES";"GOBIERNO REGIONAL";"I-3";"00001806";"CENTRO DE SALUD QUICHES";"241400";"HOSPITALIZACIÓN QUIRÚRGICA GINECO - OBSTETRICIA ";"1";"1";"1";"1";"1";"2";"0"
"2023";"06";"120101";"JUNIN";"HUANCAYO";"HUANCAYO";"PRIVADO";"II-1";"00025971";"CLINICA BILBAO";"241500";"HOSPITALIZACIÓN QUIRÚRGICA GINECOLOGÍA  ";"11";"11";"20";"20";"3";"90";"0"
"2023";"06";"120101";"JUNIN";"HUANCAYO";"HUANCAYO";"PRIVADO";"II-1";"00025971";"CLINICA BILBAO";"241400";"HOSPITALIZACIÓN QUIRÚRGICA GINECO - OBSTETRICIA ";"12";"12";"22";"23";"2";"60";"0"
"2023";"06";"120101";"JUNIN";"HUANCAYO";"HUANCAYO";"PRIVADO";"II-1";"00025971";"CLINICA BILBAO";"241200";"HOSPITALIZACIÓN QUIRÚRGICA TRAUMATOLOGÍA Y ORTOPEDIA ";"10";"10";"10";"11";"2";"60";"0"
"2023";"06";"120101";"JUNIN";"HUANCAYO";"HUANCAYO";"PRIVADO";"II-1";"00025971";"CLINICA BILBAO";"240100";"HOSPITALIZACIÓN QUIRÚRGICA CIRUGÍA GENERAL ";"15";"15";"21";"22";"3";"90";"0"
"2023";"06";"120101";"JUNIN";"HUANCAYO";"HUANCAYO";"PRIVADO";"II-1";"00025971";"CLINICA BILBAO";"241300";"HOSPITALIZACIÓN QUIRÚRGICA UROLOGÍA  ";"1";"1";"1";"2";"1";"30";"0"
"2023";"06";"120101";"JUNIN";"HUANCAYO";"HUANCAYO";"PRIVADO";"II-1";"00025971";"CLINICA BILBAO";"241100";"HOSPITALIZACIÓN QUIRÚRGICA OTORRINOLARINGOLOGÍA  ";"1";"1";"1";"1";"1";"30";"0"
"2023";"06";"120101";"JUNIN";"HUANCAYO";"HUANCAYO";"PRIVADO";"II-1";"00025971";"CLINICA BILBAO";"244300";"HOSPITALIZACIÓN DE MEDICINA GASTROENTEROLOGÍA  ";"1";"1";"3";"4";"1";"30";"0"
"2023";"07";"040129";"AREQUIPA";"AREQUIPA";"JOSE LUIS BUSTAMANTE Y RIVERO";"GOBIERNO REGIONAL";"I-3";"00001257";"CENTRO DE SALUD VICTOR RAUL HINOJOSA LLERENA";"NE_0001";"";"NE_0001";"NE_0001";"NE_0001";"NE_0001";"NE_0001";"NE_0001";"NE_0001"
"2023";"08";"110304";"ICA";"NAZCA";"MARCONA";"ESSALUD";"I-4";"00013911";"MARIA REICHE NEUMAN";"241800";"HOSPITALIZACIÓN DE MEDICINA MEDICINA GENERAL ";"42";"41";"209";"168";"6";"186";"2"
"2023";"08";"110304";"ICA";"NAZCA";"MARCONA";"ESSALUD";"I-4";"00013911";"MARIA REICHE NEUMAN";"240100";"HOSPITALIZACIÓN QUIRÚRGICA CIRUGÍA GENERAL ";"8";"5";"24";"19";"1";"31";"0"
"2023";"08";"110304";"ICA";"NAZCA";"MARCONA";"ESSALUD";"I-4";"00013911";"MARIA REICHE NEUMAN";"241500";"HOSPITALIZACIÓN QUIRÚRGICA GINECOLOGÍA  ";"14";"14";"54";"40";"2";"62";"0"
"2023";"08";"110304";"ICA";"NAZCA";"MARCONA";"ESSALUD";"I-4";"00013911";"MARIA REICHE NEUMAN";"242300";"HOSPITALIZACIÓN DE PEDIATRÍA  PEDIATRÍA  GENERAL ";"7";"12";"48";"36";"2";"62";"0"
"2023";"08";"060602";"CAJAMARCA";"CUTERVO";"CALLAYUC";"GOBIERNO REGIONAL";"I-1";"00007368";"CUCHEA";"NE_0001";"";"NE_0001";"NE_0001";"NE_0001";"NE_0001";"NE_0001";"NE_0001";"NE_0001"
"2023";"08";"060602";"CAJAMARCA";"CUTERVO";"CALLAYUC";"GOBIERNO REGIONAL";"I-1";"00006830";"FILADELFIA";"NE_0001";"";"NE_0001";"NE_0001";"NE_0001";"NE_0001";"NE_0001";"NE_0001";"NE_0001"
"2023";"08";"060602";"CAJAMARCA";"CUTERVO";"CALLAYUC";"GOBIERNO REGIONAL";"I-1";"00004961";"SAN JOSE DE LIRIO";"NE_0001";"";"NE_0001";"NE_0001";"NE_0001";"NE_0001";"NE_0001";"NE_0001";"NE_0001"
"2023";"08";"230101";"TACNA";"TACNA";"TACNA";"GOBIERNO REGIONAL";"II-2";"00002864";"HOSPITAL HIPOLITO UNANUE DE TACNA";"240100";"HOSPITALIZACIÓN QUIRÚRGICA CIRUGÍA GENERAL ";"176";"149";"642";"1133";"39";"1209";"3"
"2023";"08";"230101";"TACNA";"TACNA";"TACNA";"GOBIERNO REGIONAL";"II-2";"00002864";"HOSPITAL HIPOLITO UNANUE DE TACNA";"240700";"HOSPITALIZACIÓN QUIRÚRGICA CIRUGÍA PEDIÁTRICA ";"31";"32";"109";"214";"10";"310";"0"
"2023";"08";"230101";"TACNA";"TACNA";"TACNA";"GOBIERNO REGIONAL";"II-2";"00002864";"HOSPITAL HIPOLITO UNANUE DE TACNA";"241400";"HOSPITALIZACIÓN QUIRÚRGICA GINECO - OBSTETRICIA ";"225";"218";"667";"690";"46";"1426";"0"
"2023";"08";"230101";"TACNA";"TACNA";"TACNA";"GOBIERNO REGIONAL";"II-2";"00002864";"HOSPITAL HIPOLITO UNANUE DE TACNA";"241500";"HOSPITALIZACIÓN QUIRÚRGICA GINECOLOGÍA  ";"132";"122";"202";"211";"8";"248";"0"
"2023";"08";"230101";"TACNA";"TACNA";"TACNA";"GOBIERNO REGIONAL";"II-2";"00002864";"HOSPITAL HIPOLITO UNANUE DE TACNA";"241900";"HOSPITALIZACIÓN DE MEDICINA MEDICINA INTERNA ";"151";"134";"563";"1214";"41";"1271";"33"
"2023";"08";"230101";"TACNA";"TACNA";"TACNA";"GOBIERNO REGIONAL";"II-2";"00002864";"HOSPITAL HIPOLITO UNANUE DE TACNA";"242200";"HOSPITALIZACIÓN DE MEDICINA PSIQUIATRÍA ";"10";"11";"63";"363";"16";"496";"0"
"2023";"08";"230101";"TACNA";"TACNA";"TACNA";"GOBIERNO REGIONAL";"II-2";"00002864";"HOSPITAL HIPOLITO UNANUE DE TACNA";"242300";"HOSPITALIZACIÓN DE PEDIATRÍA  PEDIATRÍA  GENERAL ";"50";"48";"174";"280";"10";"310";"0"
"2023";"08";"230101";"TACNA";"TACNA";"TACNA";"GOBIERNO REGIONAL";"II-2";"00002864";"HOSPITAL HIPOLITO UNANUE DE TACNA";"243200";"HOSPITALIZACIÓN DE PEDIATRÍA PEDIATRIA NEONATOLOGÍA";"196";"181";"295";"303";"10";"310";"1"
"2023";"08";"230101";"TACNA";"TACNA";"TACNA";"GOBIERNO REGIONAL";"II-2";"00002864";"HOSPITAL HIPOLITO UNANUE DE TACNA";"245300";"HOSPITALIZACIÓN DE MEDICINA NEUMOLOGÍA  ";"14";"9";"75";"212";"8";"248";"1"
"2023";"08";"230101";"TACNA";"TACNA";"TACNA";"GOBIERNO REGIONAL";"II-2";"00002864";"HOSPITAL HIPOLITO UNANUE DE TACNA";"250100";"UNIDAD DE CUIDADOS CRITICOS UNIDAD  DE CUIDADOS INTENSIVOS GENERALES (UCI) ";"10";"10";"35";"124";"6";"186";"4"
"2023";"08";"230101";"TACNA";"TACNA";"TACNA";"GOBIERNO REGIONAL";"II-2";"00002864";"HOSPITAL HIPOLITO UNANUE DE TACNA";"250400";"UNIDAD DE CUIDADOS CRITICOS UNIDAD DE QUEMADOS (GRAN QUEMADO) ";"9";"8";"56";"56";"3";"93";"0"
"2023";"08";"220101";"SAN MARTIN";"MOYOBAMBA";"MOYOBAMBA";"SANIDAD DE LA POLICIA NACIONAL DEL PERU";"I-3";"00018077";"POLICLINICO PNP MOYOBAMBA";"NE_0001";"";"NE_0001";"NE_0001";"NE_0001";"NE_0001";"NE_0001";"NE_0001";"NE_0001"
"2023";"08";"220901";"SAN MARTIN";"SAN MARTIN";"TARAPOTO";"PRIVADO";"II-E";"00008269";"CLINICA SAN MARTIN";"241500";"HOSPITALIZACIÓN QUIRÚRGICA GINECOLOGÍA  ";"12";"12";"17";"18";"13";"36";"0"
"2023";"08";"220901";"SAN MARTIN";"SAN MARTIN";"TARAPOTO";"PRIVADO";"II-E";"00008269";"CLINICA SAN MARTIN";"241800";"HOSPITALIZACIÓN DE MEDICINA MEDICINA GENERAL ";"19";"19";"39";"28";"13";"56";"0"
"2023";"08";"220901";"SAN MARTIN";"SAN MARTIN";"TARAPOTO";"PRIVADO";"II-E";"00008269";"CLINICA SAN MARTIN";"241900";"HOSPITALIZACIÓN DE MEDICINA MEDICINA INTERNA ";"6";"6";"17";"10";"13";"36";"0"
"2023";"08";"220901";"SAN MARTIN";"SAN MARTIN";"TARAPOTO";"PRIVADO";"II-E";"00008269";"CLINICA SAN MARTIN";"242300";"HOSPITALIZACIÓN DE PEDIATRÍA  PEDIATRÍA  GENERAL ";"16";"16";"44";"26";"13";"51";"0"
"2023";"08";"130101";"LA LIBERTAD";"TRUJILLO";"TRUJILLO";"PRIVADO";"II-E";"00008044";"OFTALMOVISION";"NE_0001";"";"NE_0001";"NE_0001";"NE_0001";"NE_0001";"NE_0001";"NE_0001";"NE_0001"
"2023";"08";"040112";"AREQUIPA";"AREQUIPA";"PAUCARPATA";"GOBIERNO REGIONAL";"I-2";"00001317";"CENTRO DE SALUD MIGUEL GRAU  B";"NE_0001";"";"NE_0001";"NE_0001";"NE_0001";"NE_0001";"NE_0001";"NE_0001";"NE_0001"
"2023";"08";"040112";"AREQUIPA";"AREQUIPA";"PAUCARPATA";"GOBIERNO REGIONAL";"I-2";"00001318";"PUESTO DE SALUD MIGUEL GRAU  MODULO C-D";"NE_0001";"";"NE_0001";"NE_0001";"NE_0001";"NE_0001";"NE_0001";"NE_0001";"NE_0001"
"2023";"08";"040112";"AREQUIPA";"AREQUIPA";"PAUCARPATA";"GOBIERNO REGIONAL";"I-3";"00001298";"CENTRO DE SALUD 15 DE AGOSTO";"NE_0001";"";"NE_0001";"NE_0001";"NE_0001";"NE_0001";"NE_0001";"NE_0001";"NE_0001"
"2023";"08";"040112";"AREQUIPA";"AREQUIPA";"PAUCARPATA";"GOBIERNO REGIONAL";"I-2";"00001316";"PUESTO DE SALUD MIGUEL GRAU  MODULO A";"NE_0001";"";"NE_0001";"NE_0001";"NE_0001";"NE_0001";"NE_0001";"NE_0001";"NE_0001"
"2023";"01";"061111";"CAJAMARCA";"SAN MIGUEL";"SAN SILVESTRE DE COCHAN";"GOBIERNO REGIONAL";"I-1";"00004608";"QUEBRADA HONDA";"NE_0001";"";"NE_0001";"NE_0001";"NE_0001";"NE_0001";"NE_0001";"NE_0001";"NE_0001"
"2023";"01";"061111";"CAJAMARCA";"SAN MIGUEL";"SAN SILVESTRE DE COCHAN";"GOBIERNO REGIONAL";"I-1";"00004569";"EL COBRO NEGRO";"NE_0001";"";"NE_0001";"NE_0001";"NE_0001";"NE_0001";"NE_0001";"NE_0001";"NE_0001"
"2023";"07";"040413";"AREQUIPA";"CASTILLA";"URACA";"ESSALUD";"I-2";"00013300";"POSTA MEDICA  CORIRE";"NE_0001";"";"NE_0001";"NE_0001";"NE_0001";"NE_0001";"NE_0001";"NE_0001";"NE_0001"
"2023";"08";"080805";"CUSCO";"ESPINAR";"PALLPATA";"GOBIERNO REGIONAL";"I-3";"00002416";"PALLPATA";"NE_0001";"";"NE_0001";"NE_0001";"NE_0001";"NE_0001";"NE_0001";"NE_0001";"NE_0001"
"2023";"08";"080803";"CUSCO";"ESPINAR";"COPORAQUE";"GOBIERNO REGIONAL";"I-2";"00002412";"COPORAQUE";"NE_0001";"";"NE_0001";"NE_0001";"NE_0001";"NE_0001";"NE_0001";"NE_0001";"NE_0001"
"2023";"08";"080808";"CUSCO";"ESPINAR";"ALTO PICHIGUA";"GOBIERNO REGIONAL";"I-2";"00002420";"ACCOCUNCA";"NE_0001";"";"NE_0001";"NE_0001";"NE_0001";"NE_0001";"NE_0001";"NE_0001";"NE_0001"
"2023";"08";"080801";"CUSCO";"ESPINAR";"ESPINAR";"GOBIERNO REGIONAL";"I-1";"00006745";"TINTAYA MARQUIRI";"NE_0001";"";"NE_0001";"NE_0001";"NE_0001";"NE_0001";"NE_0001";"NE_0001";"NE_0001"
"2023";"08";"080801";"CUSCO";"ESPINAR";"ESPINAR";"GOBIERNO REGIONAL";"I-4";"00002410";"YAURI";"NE_0001";"";"NE_0001";"NE_0001";"NE_0001";"NE_0001";"NE_0001";"NE_0001";"NE_0001"
"2023";"08";"080806";"CUSCO";"ESPINAR";"PICHIGUA";"GOBIERNO REGIONAL";"I-1";"00002418";"SAN MIGUEL";"NE_0001";"";"NE_0001";"NE_0001";"NE_0001";"NE_0001";"NE_0001";"NE_0001";"NE_0001"
"2023";"08";"080804";"CUSCO";"ESPINAR";"OCORURO";"GOBIERNO REGIONAL";"I-2";"00002415";"OCCORURO";"NE_0001";"";"NE_0001";"NE_0001";"NE_0001";"NE_0001";"NE_0001";"NE_0001";"NE_0001"
"2023";"08";"080806";"CUSCO";"ESPINAR";"PICHIGUA";"GOBIERNO REGIONAL";"I-2";"00002417";"PICHIGUA ESPINAR";"NE_0001";"";"NE_0001";"NE_0001";"NE_0001";"NE_0001";"NE_0001";"NE_0001";"NE_0001"
"2023";"08";"080802";"CUSCO";"ESPINAR";"CONDOROMA";"GOBIERNO REGIONAL";"I-1";"00002411";"CONDOROMA";"NE_0001";"";"NE_0001";"NE_0001";"NE_0001";"NE_0001";"NE_0001";"NE_0001";"NE_0001"
"2023";"08";"080807";"CUSCO";"ESPINAR";"SUYCKUTAMBO";"GOBIERNO REGIONAL";"I-2";"00002419";"SUYKUTAMBO";"NE_0001";"";"NE_0001";"NE_0001";"NE_0001";"NE_0001";"NE_0001";"NE_0001";"NE_0001"
"2023";"08";"080803";"CUSCO";"ESPINAR";"COPORAQUE";"GOBIERNO REGIONAL";"I-2";"00002413";"URINSAYA";"NE_0001";"";"NE_0001";"NE_0001";"NE_0001";"NE_0001";"NE_0001";"NE_0001";"NE_0001"
"2023";"08";"080803";"CUSCO";"ESPINAR";"COPORAQUE";"GOBIERNO REGIONAL";"I-2";"00002414";"HUAYHUAHUASI";"NE_0001";"";"NE_0001";"NE_0001";"NE_0001";"NE_0001";"NE_0001";"NE_0001";"NE_0001"
"2023";"08";"120133";"JUNIN";"HUANCAYO";"SAPALLANGA";"GOBIERNO REGIONAL";"I-1";"00000632";"MILUCHACA";"NE_0001";"";"NE_0001";"NE_0001";"NE_0001";"NE_0001";"NE_0001";"NE_0001";"NE_0001"
"2023";"08";"120133";"JUNIN";"HUANCAYO";"SAPALLANGA";"GOBIERNO REGIONAL";"I-1";"00000633";"MIRAFLORES";"NE_0001";"";"NE_0001";"NE_0001";"NE_0001";"NE_0001";"NE_0001";"NE_0001";"NE_0001"
"2023";"08";"120112";"JUNIN";"HUANCAYO";"COLCA";"GOBIERNO REGIONAL";"I-1";"00000702";"SANTA CRUZ DE LARIA";"NE_0001";"";"NE_0001";"NE_0001";"NE_0001";"NE_0001";"NE_0001";"NE_0001";"NE_0001"
"2023";"08";"150601";"LIMA";"HUARAL";"HUARAL";"ESSALUD";"I-4";"00010333";"CENTRO DE ATENCION PRIMARIA III HUARAL";"NE_0001";"";"NE_0001";"NE_0001";"NE_0001";"NE_0001";"NE_0001";"NE_0001";"NE_0001"
"2023";"08";"150106";"LIMA";"LIMA";"CARABAYLLO";"ESSALUD";"I-3";"00026009";"CAP III CARABAYLLO";"NE_0001";"";"NE_0001";"NE_0001";"NE_0001";"NE_0001";"NE_0001";"NE_0001";"NE_0001"
"2023";"09";"200301";"PIURA";"HUANCABAMBA";"HUANCABAMBA";"SANIDAD DE LA POLICIA NACIONAL DEL PERU";"I-1";"00010680";"PUESTO SANITARIO PNP HUANCABAMBA";"NE_0002";"";"NE_0002";"NE_0002";"NE_0002";"NE_0002";"NE_0002";"NE_0002";"NE_0002"
"2023";"09";"040701";"AREQUIPA";"ISLAY";"MOLLENDO";"SANIDAD DE LA POLICIA NACIONAL DEL PERU";"I-2";"00017336";"IX MACRO REGION DE SANIDAD POLICIAL  AREQUIPA / HOSREPOL AREQUIPA/ POSTA MEDICA POLICIAL ISLAY";"NE_0001";"";"NE_0001";"NE_0001";"NE_0001";"NE_0001";"NE_0001";"NE_0001";"NE_0001"
"2023";"09";"110207";"ICA";"CHINCHA";"PUEBLO NUEVO";"SANIDAD DE LA POLICIA NACIONAL DEL PERU";"I-3";"00011398";"POLICLINICO POLICIAL CHINCHA";"NE_0001";"";"NE_0001";"NE_0001";"NE_0001";"NE_0001";"NE_0001";"NE_0001";"NE_0001"
"2023";"09";"060101";"CAJAMARCA";"CAJAMARCA";"CAJAMARCA";"SANIDAD DE LA POLICIA NACIONAL DEL PERU";"I-3";"00009296";"POLICLINICO PNP CAJAMARCA";"NE_0002";"";"NE_0002";"NE_0002";"NE_0002";"NE_0002";"NE_0002";"NE_0002";"NE_0002"
"2023";"09";"020110";"ANCASH";"HUARAZ";"PARIACOTO";"GOBIERNO REGIONAL";"I-1";"00001735";"PUESTO DE SALUD FORTALEZA";"NE_0001";"";"NE_0001";"NE_0001";"NE_0001";"NE_0001";"NE_0001";"NE_0001";"NE_0001"
"2023";"09";"021105";"ANCASH";"HUARMEY";"MALVAS";"GOBIERNO REGIONAL";"I-1";"00001801";"PUESTO DE SALUD SAN MIGUEL";"NE_0001";"";"NE_0001";"NE_0001";"NE_0001";"NE_0001";"NE_0001";"NE_0001";"NE_0001"
"2023";"09";"021809";"ANCASH";"SANTA";"NUEVO CHIMBOTE";"GOBIERNO REGIONAL";"I-2";"00001707";"PUESTO DE SALUD SATELITE";"NE_0001";"";"NE_0001";"NE_0001";"NE_0001";"NE_0001";"NE_0001";"NE_0001";"NE_0001"
"2023";"09";"020801";"ANCASH";"CASMA";"CASMA";"GOBIERNO REGIONAL";"I-1";"00001721";"PUESTO DE SALUD LA GRAMITA";"NE_0001";"";"NE_0001";"NE_0001";"NE_0001";"NE_0001";"NE_0001";"NE_0001";"NE_0001"
"2023";"09";"021101";"ANCASH";"HUARMEY";"HUARMEY";"GOBIERNO REGIONAL";"I-2";"00001742";"PUESTO DE SALUD PUERTO HUARMEY";"NE_0001";"";"NE_0001";"NE_0001";"NE_0001";"NE_0001";"NE_0001";"NE_0001";"NE_0001"
"2023";"09";"021105";"ANCASH";"HUARMEY";"MALVAS";"GOBIERNO REGIONAL";"I-1";"00001753";"PUESTO DE SALUD MALVAS";"NE_0001";"";"NE_0001";"NE_0001";"NE_0001";"NE_0001";"NE_0001";"NE_0001";"NE_0001"
"2023";"09";"020801";"ANCASH";"CASMA";"CASMA";"GOBIERNO REGIONAL";"I-1";"00001720";"PUESTO DE SALUD SAN RAFAEL";"NE_0001";"";"NE_0001";"NE_0001";"NE_0001";"NE_0001";"NE_0001";"NE_0001";"NE_0001"
"2023";"09";"020801";"ANCASH";"CASMA";"CASMA";"GOBIERNO REGIONAL";"I-1";"00001722";"PUESTO DE SALUD CASA BLANCA";"NE_0001";"";"NE_0001";"NE_0001";"NE_0001";"NE_0001";"NE_0001";"NE_0001";"NE_0001"
"2023";"07";"240104";"TUMBES";"TUMBES";"PAMPAS DE HOSPITAL";"GOBIERNO REGIONAL";"I-1";"00001878";"EL LIMON";"NE_0001";"";"NE_0001";"NE_0001";"NE_0001";"NE_0001";"NE_0001";"NE_0001";"NE_0001"
"2023";"07";"240106";"TUMBES";"TUMBES";"SAN JUAN DE LA VIRGEN";"GOBIERNO REGIONAL";"I-3";"00001879";"CLAS SAN JUAN DE LA VIRGEN";"NE_0001";"";"NE_0001";"NE_0001";"NE_0001";"NE_0001";"NE_0001";"NE_0001";"NE_0001"
"2023";"07";"100403";"HUANUCO";"HUACAYBAMBA";"COCHABAMBA";"GOBIERNO REGIONAL";"I-1";"00000882";"SANTA ANA PIRUSHTO";"NE_0001";"";"NE_0001";"NE_0001";"NE_0001";"NE_0001";"NE_0001";"NE_0001";"NE_0001"
"2023";"07";"100403";"HUANUCO";"HUACAYBAMBA";"COCHABAMBA";"GOBIERNO REGIONAL";"I-1";"00000879";"COCHABAMBA";"NE_0001";"";"NE_0001";"NE_0001";"NE_0001";"NE_0001";"NE_0001";"NE_0001";"NE_0001"
"2023";"08";"110501";"ICA";"PISCO";"PISCO";"ESSALUD";"II-1";"00014147";"ANTONIO SKRABONJA ANTONCICH";"240100";"HOSPITALIZACIÓN QUIRÚRGICA CIRUGÍA GENERAL ";"78";"75";"270";"260";"13";"403";"0"
"2023";"08";"110501";"ICA";"PISCO";"PISCO";"ESSALUD";"II-1";"00014147";"ANTONIO SKRABONJA ANTONCICH";"241800";"HOSPITALIZACIÓN DE MEDICINA MEDICINA GENERAL ";"47";"52";"259";"232";"18";"558";"5"
"2023";"08";"110501";"ICA";"PISCO";"PISCO";"ESSALUD";"II-1";"00014147";"ANTONIO SKRABONJA ANTONCICH";"241500";"HOSPITALIZACIÓN QUIRÚRGICA GINECOLOGÍA  ";"14";"14";"37";"36";"4";"124";"0"
"2023";"08";"110501";"ICA";"PISCO";"PISCO";"ESSALUD";"II-1";"00014147";"ANTONIO SKRABONJA ANTONCICH";"241600";"HOSPITALIZACIÓN QUIRÚRGICA OBSTETRICIA   ";"84";"83";"169";"168";"8";"248";"0"
"2023";"08";"110501";"ICA";"PISCO";"PISCO";"ESSALUD";"II-1";"00014147";"ANTONIO SKRABONJA ANTONCICH";"242300";"HOSPITALIZACIÓN DE PEDIATRÍA  PEDIATRÍA  GENERAL ";"36";"40";"137";"117";"7";"217";"0"
"2023";"08";"110501";"ICA";"PISCO";"PISCO";"ESSALUD";"II-1";"00014147";"ANTONIO SKRABONJA ANTONCICH";"250304";"HOSPIT. EN UNIDAD DE CUID.INTEN.-UNIDAD DE VIGILANCIA INTENSIVA (UVI)-MEDICINA";"27";"29";"91";"83";"4";"124";"6"
"2023";"08";"040101";"AREQUIPA";"AREQUIPA";"AREQUIPA";"PRIVADO";"I-4";"00014765";"CENTRO MEDICO MONTE CARMELO";"240000";"HOSPITALIZACIÓN";"6";"11";"28";"22";"10";"310";"0"
"2023";"08";"150113";"LIMA";"LIMA";"JESUS MARIA";"PRIVADO";"II-E";"00009982";"CLINICA REPROMEDIC";"240000";"HOSPITALIZACIÓN";"136";"136";"302";"291";"10";"320";"0"
"2023";"08";"021901";"ANCASH";"SIHUAS";"SIHUAS";"GOBIERNO REGIONAL";"II-1";"00001795";"HOSPITAL DE APOYO SIHUAS";"241800";"HOSPITALIZACIÓN DE MEDICINA MEDICINA GENERAL ";"31";"29";"69";"55";"11";"341";"0"
"2023";"08";"021901";"ANCASH";"SIHUAS";"SIHUAS";"GOBIERNO REGIONAL";"II-1";"00001795";"HOSPITAL DE APOYO SIHUAS";"240100";"HOSPITALIZACIÓN QUIRÚRGICA CIRUGÍA GENERAL ";"9";"7";"34";"27";"4";"124";"0"
"2023";"08";"021901";"ANCASH";"SIHUAS";"SIHUAS";"GOBIERNO REGIONAL";"II-1";"00001795";"HOSPITAL DE APOYO SIHUAS";"241500";"HOSPITALIZACIÓN QUIRÚRGICA GINECOLOGÍA  ";"15";"15";"39";"33";"4";"124";"0"
"2023";"08";"021901";"ANCASH";"SIHUAS";"SIHUAS";"GOBIERNO REGIONAL";"II-1";"00001795";"HOSPITAL DE APOYO SIHUAS";"241600";"HOSPITALIZACIÓN QUIRÚRGICA OBSTETRICIA   ";"14";"14";"43";"43";"4";"124";"0"
"2023";"08";"150108";"LIMA";"LIMA";"CHORRILLOS";"PRIVADO";"II-1";"00016005";"CLINICA PARROQUIAL SAN FRANCISCO DE ASIS";"240100";"HOSPITALIZACIÓN QUIRÚRGICA CIRUGÍA GENERAL ";"16";"16";"16";"16";"12";"360";"0"
"2023";"08";"150108";"LIMA";"LIMA";"CHORRILLOS";"PRIVADO";"II-1";"00016005";"CLINICA PARROQUIAL SAN FRANCISCO DE ASIS";"240100";"HOSPITALIZACIÓN QUIRÚRGICA CIRUGÍA GENERAL ";"7";"7";"7";"7";"12";"360";"0"
"2023";"08";"150108";"LIMA";"LIMA";"CHORRILLOS";"PRIVADO";"II-1";"00016005";"CLINICA PARROQUIAL SAN FRANCISCO DE ASIS";"240100";"HOSPITALIZACIÓN QUIRÚRGICA CIRUGÍA GENERAL ";"5";"5";"5";"5";"12";"360";"0"
"2023";"08";"150108";"LIMA";"LIMA";"CHORRILLOS";"PRIVADO";"II-1";"00016005";"CLINICA PARROQUIAL SAN FRANCISCO DE ASIS";"240100";"HOSPITALIZACIÓN QUIRÚRGICA CIRUGÍA GENERAL ";"3";"3";"3";"3";"12";"360";"0"
"2023";"08";"150108";"LIMA";"LIMA";"CHORRILLOS";"PRIVADO";"II-1";"00016005";"CLINICA PARROQUIAL SAN FRANCISCO DE ASIS";"240100";"HOSPITALIZACIÓN QUIRÚRGICA CIRUGÍA GENERAL ";"3";"3";"3";"3";"12";"360";"0"
"2023";"08";"150108";"LIMA";"LIMA";"CHORRILLOS";"PRIVADO";"II-1";"00016005";"CLINICA PARROQUIAL SAN FRANCISCO DE ASIS";"240100";"HOSPITALIZACIÓN QUIRÚRGICA CIRUGÍA GENERAL ";"2";"2";"2";"2";"12";"360";"0"
"2023";"08";"150108";"LIMA";"LIMA";"CHORRILLOS";"PRIVADO";"II-1";"00016005";"CLINICA PARROQUIAL SAN FRANCISCO DE ASIS";"240100";"HOSPITALIZACIÓN QUIRÚRGICA CIRUGÍA GENERAL ";"1";"1";"1";"1";"12";"360";"0"
"2023";"08";"150108";"LIMA";"LIMA";"CHORRILLOS";"PRIVADO";"II-1";"00016005";"CLINICA PARROQUIAL SAN FRANCISCO DE ASIS";"240100";"HOSPITALIZACIÓN QUIRÚRGICA CIRUGÍA GENERAL ";"1";"1";"1";"1";"12";"360";"0"
"2023";"08";"150108";"LIMA";"LIMA";"CHORRILLOS";"PRIVADO";"II-1";"00016005";"CLINICA PARROQUIAL SAN FRANCISCO DE ASIS";"240100";"HOSPITALIZACIÓN QUIRÚRGICA CIRUGÍA GENERAL ";"1";"1";"1";"1";"12";"360";"0"
"2023";"08";"150130";"LIMA";"LIMA";"SAN BORJA";"PRIVADO";"II-1";"00008258";"REJUVENECIMIENTO Y ESTETICA CABANI SRL";"240800";"HOSPITALIZACIÓN QUIRÚRGICA CIRUGÍA PLÁSTICA/RECONSTRUCTIVA/ REPARADORA ";"48";"48";"30";"78";"6";"186";"0"
"2023";"08";"050701";"AYACUCHO";"PARINACOCHAS";"CORACORA";"GOBIERNO REGIONAL";"II-1";"00003523";"HOSPITAL DE APOYO DE CORACORA";"240100";"HOSPITALIZACIÓN QUIRÚRGICA CIRUGÍA GENERAL ";"11";"11";"37";"37";"8";"248";"0"
"2023";"08";"050701";"AYACUCHO";"PARINACOCHAS";"CORACORA";"GOBIERNO REGIONAL";"II-1";"00003523";"HOSPITAL DE APOYO DE CORACORA";"241400";"HOSPITALIZACIÓN QUIRÚRGICA GINECO - OBSTETRICIA ";"26";"27";"52";"52";"5";"155";"0"
"2023";"08";"050701";"AYACUCHO";"PARINACOCHAS";"CORACORA";"GOBIERNO REGIONAL";"II-1";"00003523";"HOSPITAL DE APOYO DE CORACORA";"241500";"HOSPITALIZACIÓN QUIRÚRGICA GINECOLOGÍA  ";"29";"29";"80";"80";"7";"217";"0"
"2023";"08";"050701";"AYACUCHO";"PARINACOCHAS";"CORACORA";"GOBIERNO REGIONAL";"II-1";"00003523";"HOSPITAL DE APOYO DE CORACORA";"241800";"HOSPITALIZACIÓN DE MEDICINA MEDICINA GENERAL ";"21";"21";"76";"76";"16";"496";"4"
"2023";"08";"050701";"AYACUCHO";"PARINACOCHAS";"CORACORA";"GOBIERNO REGIONAL";"II-1";"00003523";"HOSPITAL DE APOYO DE CORACORA";"242500";"HOSPITALIZACIÓN-PEDIATRÍA GENERAL-";"45";"45";"78";"78";"4";"124";"0"
"2023";"08";"200101";"PIURA";"PIURA";"PIURA";"PRIVADO";"I-3";"00024833";"MEDITRAN PERU EIRL";"NE_0001";"";"NE_0001";"NE_0001";"NE_0001";"NE_0001";"NE_0001";"NE_0001";"NE_0001"
"2023";"08";"220904";"SAN MARTIN";"SAN MARTIN";"CHAZUTA";"GOBIERNO REGIONAL";"I-1";"00006424";"ACHINAMIZA";"NE_0001";"";"NE_0001";"NE_0001";"NE_0001";"NE_0001";"NE_0001";"NE_0001";"NE_0001"
"2023";"08";"220904";"SAN MARTIN";"SAN MARTIN";"CHAZUTA";"GOBIERNO REGIONAL";"I-1";"00006430";"SANTA ROSA DE CHIPAOTA";"NE_0001";"";"NE_0001";"NE_0001";"NE_0001";"NE_0001";"NE_0001";"NE_0001";"NE_0001"
"2023";"08";"220904";"SAN MARTIN";"SAN MARTIN";"CHAZUTA";"GOBIERNO REGIONAL";"I-1";"00006427";"TUNUNTUNUMBA";"NE_0001";"";"NE_0001";"NE_0001";"NE_0001";"NE_0001";"NE_0001";"NE_0001";"NE_0001"
"2023";"08";"220904";"SAN MARTIN";"SAN MARTIN";"CHAZUTA";"GOBIERNO REGIONAL";"I-1";"00006428";"SHILCAYO";"NE_0001";"";"NE_0001";"NE_0001";"NE_0001";"NE_0001";"NE_0001";"NE_0001";"NE_0001"
"2023";"08";"220904";"SAN MARTIN";"SAN MARTIN";"CHAZUTA";"GOBIERNO REGIONAL";"I-4";"00006423";"CHAZUTA";"241600";"HOSPITALIZACIÓN QUIRÚRGICA OBSTETRICIA   ";"7";"7";"7";"8";"5";"40";"0"
"2023";"08";"220904";"SAN MARTIN";"SAN MARTIN";"CHAZUTA";"GOBIERNO REGIONAL";"I-4";"00006423";"CHAZUTA";"241800";"HOSPITALIZACIÓN DE MEDICINA MEDICINA GENERAL ";"4";"4";"8";"7";"5";"35";"0"
"2023";"08";"220904";"SAN MARTIN";"SAN MARTIN";"CHAZUTA";"GOBIERNO REGIONAL";"I-1";"00006429";"CURIYACU";"NE_0001";"";"NE_0001";"NE_0001";"NE_0001";"NE_0001";"NE_0001";"NE_0001";"NE_0001"
"2023";"08";"220904";"SAN MARTIN";"SAN MARTIN";"CHAZUTA";"GOBIERNO REGIONAL";"I-1";"00006425";"AGUANO MUYUNA";"NE_0001";"";"NE_0001";"NE_0001";"NE_0001";"NE_0001";"NE_0001";"NE_0001";"NE_0001"
"2023";"08";"220904";"SAN MARTIN";"SAN MARTIN";"CHAZUTA";"GOBIERNO REGIONAL";"I-1";"00006426";"CALLANAYACU";"NE_0001";"";"NE_0001";"NE_0001";"NE_0001";"NE_0001";"NE_0001";"NE_0001";"NE_0001"
"2023";"08";"220203";"SAN MARTIN";"BELLAVISTA";"BAJO BIAVO";"GOBIERNO REGIONAL";"I-1";"00006520";"NUEVO TARAPOTO";"NE_0002";"";"NE_0002";"NE_0002";"NE_0002";"NE_0002";"NE_0002";"NE_0002";"NE_0002"
"2023";"08";"220203";"SAN MARTIN";"BELLAVISTA";"BAJO BIAVO";"GOBIERNO REGIONAL";"I-1";"00006523";"SANTA ELENA";"NE_0002";"";"NE_0002";"NE_0002";"NE_0002";"NE_0002";"NE_0002";"NE_0002";"NE_0002"
"2023";"08";"220203";"SAN MARTIN";"BELLAVISTA";"BAJO BIAVO";"GOBIERNO REGIONAL";"I-4";"00006519";"NUEVO LIMA";"241600";"HOSPITALIZACIÓN QUIRÚRGICA OBSTETRICIA   ";"1";"1";"1";"1";"3";"93";"0"
"2023";"08";"220203";"SAN MARTIN";"BELLAVISTA";"BAJO BIAVO";"GOBIERNO REGIONAL";"I-1";"00006522";"LA UNION";"NE_0002";"";"NE_0002";"NE_0002";"NE_0002";"NE_0002";"NE_0002";"NE_0002";"NE_0002"
"2023";"08";"220203";"SAN MARTIN";"BELLAVISTA";"BAJO BIAVO";"GOBIERNO REGIONAL";"I-1";"00006521";"DOS UNIDOS";"NE_0002";"";"NE_0002";"NE_0002";"NE_0002";"NE_0002";"NE_0002";"NE_0002";"NE_0002"
"2023";"08";"220203";"SAN MARTIN";"BELLAVISTA";"BAJO BIAVO";"GOBIERNO REGIONAL";"I-1";"00011343";"YANAYACU";"NE_0002";"";"NE_0002";"NE_0002";"NE_0002";"NE_0002";"NE_0002";"NE_0002";"NE_0002"
"2023";"09";"050910";"AYACUCHO";"SUCRE";"SANTIAGO DE PAUCARAY";"GOBIERNO REGIONAL";"I-1";"00003817";"PUESTO DE SALUD ATIHUARA";"NE_0001";"";"NE_0001";"NE_0001";"NE_0001";"NE_0001";"NE_0001";"NE_0001";"NE_0001"
"2023";"09";"050909";"AYACUCHO";"SUCRE";"SAN SALVADOR DE QUIJE";"GOBIERNO REGIONAL";"I-1";"00006900";"PUESTO DE SALUD VISTA ALEGRE - SUCRE";"NE_0001";"";"NE_0001";"NE_0001";"NE_0001";"NE_0001";"NE_0001";"NE_0001";"NE_0001"
"2023";"09";"050904";"AYACUCHO";"SUCRE";"CHILCAYOC";"GOBIERNO REGIONAL";"I-2";"00003805";"PUESTO DE SALUD CHILCAYOCC";"NE_0001";"";"NE_0001";"NE_0001";"NE_0001";"NE_0001";"NE_0001";"NE_0001";"NE_0001"
"2023";"09";"050909";"AYACUCHO";"SUCRE";"SAN SALVADOR DE QUIJE";"GOBIERNO REGIONAL";"I-1";"00003806";"PUESTO DE SALUD SAN SALVADOR DE QUIJE";"NE_0001";"";"NE_0001";"NE_0001";"NE_0001";"NE_0001";"NE_0001";"NE_0001";"NE_0001"
"2023";"09";"050901";"AYACUCHO";"SUCRE";"QUEROBAMBA";"GOBIERNO REGIONAL";"I-4";"00003808";"CENTRO DE SALUD QUEROBAMBA";"241600";"HOSPITALIZACIÓN QUIRÚRGICA OBSTETRICIA   ";"5";"5";"9";"2";"10";"11";"0"
"2023";"09";"050907";"AYACUCHO";"SUCRE";"PAICO";"GOBIERNO REGIONAL";"I-1";"00003813";"PUESTO DE SALUD PAICO";"NE_0001";"";"NE_0001";"NE_0001";"NE_0001";"NE_0001";"NE_0001";"NE_0001";"NE_0001"
"2023";"09";"050905";"AYACUCHO";"SUCRE";"HUACAÑA";"GOBIERNO REGIONAL";"I-1";"00003719";"PUESTO DE SALUD HUACAÑA";"NE_0001";"";"NE_0001";"NE_0001";"NE_0001";"NE_0001";"NE_0001";"NE_0001";"NE_0001"
"2023";"09";"050901";"AYACUCHO";"SUCRE";"QUEROBAMBA";"GOBIERNO REGIONAL";"I-1";"00003802";"PUESTO DE SALUD POTONGO";"NE_0001";"";"NE_0001";"NE_0001";"NE_0001";"NE_0001";"NE_0001";"NE_0001";"NE_0001"
"2023";"09";"050910";"AYACUCHO";"SUCRE";"SANTIAGO DE PAUCARAY";"GOBIERNO REGIONAL";"I-1";"00007096";"PUESTO DE SALUD AUTAMA";"NE_0001";"";"NE_0001";"NE_0001";"NE_0001";"NE_0001";"NE_0001";"NE_0001";"NE_0001"
"2023";"09";"050906";"AYACUCHO";"SUCRE";"MORCOLLA";"GOBIERNO REGIONAL";"I-1";"00003812";"PUESTO DE SALUD HUACO";"NE_0001";"";"NE_0001";"NE_0001";"NE_0001";"NE_0001";"NE_0001";"NE_0001";"NE_0001"
"2023";"09";"050901";"AYACUCHO";"SUCRE";"QUEROBAMBA";"GOBIERNO REGIONAL";"I-1";"00003809";"PUESTO DE SALUD CHONTA";"NE_0001";"";"NE_0001";"NE_0001";"NE_0001";"NE_0001";"NE_0001";"NE_0001";"NE_0001"
"2023";"09";"050906";"AYACUCHO";"SUCRE";"MORCOLLA";"GOBIERNO REGIONAL";"I-1";"00003810";"PUESTO DE SALUD MORCOLLA";"NE_0001";"";"NE_0001";"NE_0001";"NE_0001";"NE_0001";"NE_0001";"NE_0001";"NE_0001"
"2023";"09";"050906";"AYACUCHO";"SUCRE";"MORCOLLA";"GOBIERNO REGIONAL";"I-1";"00003811";"PUESTO DE SALUD TINTAY";"NE_0001";"";"NE_0001";"NE_0001";"NE_0001";"NE_0001";"NE_0001";"NE_0001";"NE_0001"
"2023";"09";"050907";"AYACUCHO";"SUCRE";"PAICO";"GOBIERNO REGIONAL";"I-1";"00003814";"PUESTO DE SALUD SIHUE";"NE_0001";"";"NE_0001";"NE_0001";"NE_0001";"NE_0001";"NE_0001";"NE_0001";"NE_0001"
"2023";"09";"050910";"AYACUCHO";"SUCRE";"SANTIAGO DE PAUCARAY";"GOBIERNO REGIONAL";"I-1";"00003816";"PUESTO DE SALUD SANTIAGO DE PAUCARAY";"NE_0001";"";"NE_0001";"NE_0001";"NE_0001";"NE_0001";"NE_0001";"NE_0001";"NE_0001"
"2023";"09";"050911";"AYACUCHO";"SUCRE";"SORAS";"GOBIERNO REGIONAL";"I-3";"00003818";"CENTRO DE SALUD SORAS";"241600";"HOSPITALIZACIÓN QUIRÚRGICA OBSTETRICIA   ";"1";"1";"1";"1";"2";"3";"0"
"2023";"09";"050902";"AYACUCHO";"SUCRE";"BELEN";"GOBIERNO REGIONAL";"I-1";"00003803";"PUESTO DE SALUD BELEN";"NE_0001";"";"NE_0001";"NE_0001";"NE_0001";"NE_0001";"NE_0001";"NE_0001";"NE_0001"
"2023";"09";"050909";"AYACUCHO";"SUCRE";"SAN SALVADOR DE QUIJE";"GOBIERNO REGIONAL";"I-1";"00003807";"PUESTO DE SALUD SANTIAGO DE PALLCCA";"NE_0001";"";"NE_0001";"NE_0001";"NE_0001";"NE_0001";"NE_0001";"NE_0001";"NE_0001"
"2023";"09";"050903";"AYACUCHO";"SUCRE";"CHALCOS";"GOBIERNO REGIONAL";"I-1";"00003804";"PUESTO DE SALUD CHALCOS";"NE_0001";"";"NE_0001";"NE_0001";"NE_0001";"NE_0001";"NE_0001";"NE_0001";"NE_0001"
"2023";"09";"050908";"AYACUCHO";"SUCRE";"SAN PEDRO DE LARCAY";"GOBIERNO REGIONAL";"I-2";"00003815";"SAN PEDRO DE LARCAY";"NE_0001";"";"NE_0001";"NE_0001";"NE_0001";"NE_0001";"NE_0001";"NE_0001";"NE_0001"
"2023";"09";"050910";"AYACUCHO";"SUCRE";"SANTIAGO DE PAUCARAY";"GOBIERNO REGIONAL";"I-1";"00003817";"PUESTO DE SALUD ATIHUARA";"NE_0001";"";"NE_0001";"NE_0001";"NE_0001";"NE_0001";"NE_0001";"NE_0001";"NE_0001"
"2023";"09";"020102";"ANCASH";"HUARAZ";"COCHABAMBA";"GOBIERNO REGIONAL";"I-1";"00001732";"PUESTO DE SALUD PUMA PUCLLANAN";"NE_0001";"";"NE_0001";"NE_0001";"NE_0001";"NE_0001";"NE_0001";"NE_0001";"NE_0001"
"2023";"09";"020110";"ANCASH";"HUARAZ";"PARIACOTO";"GOBIERNO REGIONAL";"I-1";"00001736";"PUESTO DE SALUD CHACCHAN";"NE_0001";"";"NE_0001";"NE_0001";"NE_0001";"NE_0001";"NE_0001";"NE_0001";"NE_0001"
"2023";"09";"021807";"ANCASH";"SANTA";"SAMANCO";"GOBIERNO REGIONAL";"I-1";"00001712";"PUESTO DE SALUD LOS CHIMUS";"NE_0001";"";"NE_0001";"NE_0001";"NE_0001";"NE_0001";"NE_0001";"NE_0001";"NE_0001"
"2023";"09";"021806";"ANCASH";"SANTA";"NEPEÑA";"GOBIERNO REGIONAL";"I-3";"00001715";"CENTRO DE SALUD SAN JACINTO";"NE_0001";"";"NE_0001";"NE_0001";"NE_0001";"NE_0001";"NE_0001";"NE_0001";"NE_0001"
"2023";"09";"021805";"ANCASH";"SANTA";"MORO";"GOBIERNO REGIONAL";"I-1";"00001718";"PUESTO DE SALUD CAPTUY";"NE_0001";"";"NE_0001";"NE_0001";"NE_0001";"NE_0001";"NE_0001";"NE_0001";"NE_0001"
"2023";"09";"020110";"ANCASH";"HUARAZ";"PARIACOTO";"GOBIERNO REGIONAL";"I-4";"00001734";"CENTRO DE SALUD PARIACOTO";"NE_0001";"";"NE_0001";"NE_0001";"NE_0001";"NE_0001";"NE_0001";"NE_0001";"NE_0001"
"2023";"09";"022005";"ANCASH";"YUNGAY";"QUILLO";"GOBIERNO REGIONAL";"I-4";"00001738";"CENTRO DE SALUD QUILLO";"NE_0001";"";"NE_0001";"NE_0001";"NE_0001";"NE_0001";"NE_0001";"NE_0001";"NE_0001"
"2023";"09";"021103";"ANCASH";"HUARMEY";"CULEBRAS";"GOBIERNO REGIONAL";"I-2";"00001746";"PUESTO DE SALUD QUIAN";"NE_0001";"";"NE_0001";"NE_0001";"NE_0001";"NE_0001";"NE_0001";"NE_0001";"NE_0001"
"2023";"09";"020104";"ANCASH";"HUARAZ";"HUANCHAY";"GOBIERNO REGIONAL";"I-1";"00001747";"PUESTO DE SALUD RAYPA";"NE_0001";"";"NE_0001";"NE_0001";"NE_0001";"NE_0001";"NE_0001";"NE_0001";"NE_0001"
"2023";"09";"021802";"ANCASH";"SANTA";"CACERES DEL PERU";"GOBIERNO REGIONAL";"I-2";"00001710";"PUESTO DE SALUD COLCAP";"NE_0001";"";"NE_0001";"NE_0001";"NE_0001";"NE_0001";"NE_0001";"NE_0001";"NE_0001"
"2023";"09";"021807";"ANCASH";"SANTA";"SAMANCO";"GOBIERNO REGIONAL";"I-1";"00001713";"PUESTO DE SALUD HUAMBACHO";"NE_0001";"";"NE_0001";"NE_0001";"NE_0001";"NE_0001";"NE_0001";"NE_0001";"NE_0001"
"2023";"09";"020802";"ANCASH";"CASMA";"BUENA VISTA ALTA";"GOBIERNO REGIONAL";"I-2";"00001725";"PUESTO DE SALUD EL OLIVAR";"NE_0001";"";"NE_0001";"NE_0001";"NE_0001";"NE_0001";"NE_0001";"NE_0001";"NE_0001"
"2023";"09";"020803";"ANCASH";"CASMA";"COMANDANTE NOEL";"GOBIERNO REGIONAL";"I-1";"00001727";"PUESTO DE SALUD TORTUGAS";"NE_0001";"";"NE_0001";"NE_0001";"NE_0001";"NE_0001";"NE_0001";"NE_0001";"NE_0001"
"2023";"09";"020804";"ANCASH";"CASMA";"YAUTAN";"GOBIERNO REGIONAL";"I-1";"00001729";"PUESTO DE SALUD CACHIPAMPA";"NE_0001";"";"NE_0001";"NE_0001";"NE_0001";"NE_0001";"NE_0001";"NE_0001";"NE_0001"
"2023";"09";"020102";"ANCASH";"HUARAZ";"COCHABAMBA";"GOBIERNO REGIONAL";"I-2";"00001730";"PUESTO DE SALUD COCHABAMBA";"NE_0001";"";"NE_0001";"NE_0001";"NE_0001";"NE_0001";"NE_0001";"NE_0001";"NE_0001"
"2023";"09";"022005";"ANCASH";"YUNGAY";"QUILLO";"GOBIERNO REGIONAL";"I-2";"00001739";"PUESTO DE SALUD HUACHO";"NE_0001";"";"NE_0001";"NE_0001";"NE_0001";"NE_0001";"NE_0001";"NE_0001";"NE_0001"
"2023";"04";"090201";"HUANCAVELICA";"ACOBAMBA";"ACOBAMBA";"GOBIERNO REGIONAL";"II-1";"00003917";"HOSPITAL PROVINCIAL DE ACOBAMBA";"240100";"HOSPITALIZACIÓN QUIRÚRGICA CIRUGÍA GENERAL ";"19";"19";"66";"85";"4";"120";"0"
"2023";"04";"090201";"HUANCAVELICA";"ACOBAMBA";"ACOBAMBA";"GOBIERNO REGIONAL";"II-1";"00003917";"HOSPITAL PROVINCIAL DE ACOBAMBA";"241400";"HOSPITALIZACIÓN QUIRÚRGICA GINECO - OBSTETRICIA ";"29";"29";"59";"88";"8";"240";"0"
"2023";"04";"090201";"HUANCAVELICA";"ACOBAMBA";"ACOBAMBA";"GOBIERNO REGIONAL";"II-1";"00003917";"HOSPITAL PROVINCIAL DE ACOBAMBA";"242500";"HOSPITALIZACIÓN-PEDIATRÍA GENERAL-";"8";"9";"19";"28";"4";"120";"1"
"2023";"04";"090201";"HUANCAVELICA";"ACOBAMBA";"ACOBAMBA";"GOBIERNO REGIONAL";"II-1";"00003917";"HOSPITAL PROVINCIAL DE ACOBAMBA";"241800";"HOSPITALIZACIÓN DE MEDICINA MEDICINA GENERAL ";"14";"16";"51";"67";"6";"180";"2"
"2023";"04";"130705";"LA LIBERTAD";"PACASMAYO";"SAN JOSE";"ESSALUD";"I-2";"00012110";"POSTA DE SALUD SAN JOSE";"NE_0001";"";"NE_0001";"NE_0001";"NE_0001";"NE_0001";"NE_0001";"NE_0001";"NE_0001"
"2023";"04";"120601";"JUNIN";"SATIPO";"SATIPO";"GOBIERNO REGIONAL";"II-1";"00000432";"DE APOYO MANUEL HIGA ARAKAKI";"240100";"HOSPITALIZACIÓN QUIRÚRGICA CIRUGÍA GENERAL ";"43";"50";"203";"251";"9";"270";"1"
"2023";"04";"120601";"JUNIN";"SATIPO";"SATIPO";"GOBIERNO REGIONAL";"II-1";"00000432";"DE APOYO MANUEL HIGA ARAKAKI";"241200";"HOSPITALIZACIÓN QUIRÚRGICA TRAUMATOLOGÍA Y ORTOPEDIA ";"19";"22";"121";"155";"6";"180";"0"
"2023";"04";"120601";"JUNIN";"SATIPO";"SATIPO";"GOBIERNO REGIONAL";"II-1";"00000432";"DE APOYO MANUEL HIGA ARAKAKI";"241500";"HOSPITALIZACIÓN QUIRÚRGICA GINECOLOGÍA  ";"47";"55";"116";"121";"5";"150";"0"
"2023";"04";"120601";"JUNIN";"SATIPO";"SATIPO";"GOBIERNO REGIONAL";"II-1";"00000432";"DE APOYO MANUEL HIGA ARAKAKI";"241600";"HOSPITALIZACIÓN QUIRÚRGICA OBSTETRICIA   ";"105";"118";"308";"333";"12";"360";"0"
"2023";"04";"120601";"JUNIN";"SATIPO";"SATIPO";"GOBIERNO REGIONAL";"II-1";"00000432";"DE APOYO MANUEL HIGA ARAKAKI";"241900";"HOSPITALIZACIÓN DE MEDICINA MEDICINA INTERNA ";"22";"28";"130";"154";"7";"210";"10"
"2023";"04";"120601";"JUNIN";"SATIPO";"SATIPO";"GOBIERNO REGIONAL";"II-1";"00000432";"DE APOYO MANUEL HIGA ARAKAKI";"242500";"HOSPITALIZACIÓN-PEDIATRÍA GENERAL-";"17";"20";"85";"90";"4";"120";"4"
"2023";"04";"120601";"JUNIN";"SATIPO";"SATIPO";"GOBIERNO REGIONAL";"II-1";"00000432";"DE APOYO MANUEL HIGA ARAKAKI";"243200";"HOSPITALIZACIÓN DE PEDIATRÍA PEDIATRIA NEONATOLOGÍA";"13";"19";"115";"122";"5";"150";"0"
"2023";"04";"120704";"JUNIN";"TARMA";"HUASAHUASI";"GOBIERNO REGIONAL";"I-1";"00000547";"CHIRAS";"NE_0001";"";"NE_0001";"NE_0001";"NE_0001";"NE_0001";"NE_0001";"NE_0001";"NE_0001"
"2023";"04";"120704";"JUNIN";"TARMA";"HUASAHUASI";"GOBIERNO REGIONAL";"I-1";"00000544";"PUNRAY";"NE_0001";"";"NE_0001";"NE_0001";"NE_0001";"NE_0001";"NE_0001";"NE_0001";"NE_0001"
"2023";"04";"120704";"JUNIN";"TARMA";"HUASAHUASI";"GOBIERNO REGIONAL";"I-1";"00000543";"CASCA";"NE_0001";"";"NE_0001";"NE_0001";"NE_0001";"NE_0001";"NE_0001";"NE_0001";"NE_0001"
"2023";"04";"120704";"JUNIN";"TARMA";"HUASAHUASI";"GOBIERNO REGIONAL";"I-4";"00000542";"HUASAHUASI";"241600";"HOSPITALIZACIÓN QUIRÚRGICA OBSTETRICIA   ";"15";"15";"15";"15";"15";"450";"0"
"2023";"04";"120704";"JUNIN";"TARMA";"HUASAHUASI";"GOBIERNO REGIONAL";"I-1";"00000546";"SAN JUAN DE LA LIBERTAD";"NE_0001";"";"NE_0001";"NE_0001";"NE_0001";"NE_0001";"NE_0001";"NE_0001";"NE_0001"
"2023";"04";"120704";"JUNIN";"TARMA";"HUASAHUASI";"GOBIERNO REGIONAL";"I-1";"00000545";"HUACUAS";"NE_0001";"";"NE_0001";"NE_0001";"NE_0001";"NE_0001";"NE_0001";"NE_0001";"NE_0001"
"2023";"04";"120704";"JUNIN";"TARMA";"HUASAHUASI";"GOBIERNO REGIONAL";"I-1";"00000548";"TIAMBRA";"NE_0001";"";"NE_0001";"NE_0001";"NE_0001";"NE_0001";"NE_0001";"NE_0001";"NE_0001"
"2023";"04";"150110";"LIMA";"LIMA";"COMAS";"PRIVADO";"II-E";"00025598";"CLINICA MATER PURISSIMA";"241400";"HOSPITALIZACIÓN QUIRÚRGICA GINECO - OBSTETRICIA ";"13";"14";"22";"22";"8";"240";"0"
"2023";"05";"010201";"AMAZONAS";"BAGUA";"BAGUA";"SANIDAD DE LA POLICIA NACIONAL DEL PERU";"I-2";"00012954";"POSTA MEDICA  POLICIAL  BAGUA";"NE_0001";"";"NE_0001";"NE_0001";"NE_0001";"NE_0001";"NE_0001";"NE_0001";"NE_0001"
"2023";"05";"150142";"LIMA";"LIMA";"VILLA EL SALVADOR";"PRIVADO";"I-2";"00013687";"ARIE";"NE_0002";"";"NE_0002";"NE_0002";"NE_0002";"NE_0002";"NE_0002";"NE_0002";"NE_0002"
"2023";"05";"150137";"LIMA";"LIMA";"SANTA ANITA";"ESSALUD";"II-1";"00008318";"ESSALUD - HOSPITAL I JORGE VOTO BERNALES CORPANCHO";"241800";"HOSPITALIZACIÓN DE MEDICINA MEDICINA GENERAL ";"25";"24";"85";"118";"6";"186";"1"
"2023";"05";"150137";"LIMA";"LIMA";"SANTA ANITA";"ESSALUD";"II-1";"00008318";"ESSALUD - HOSPITAL I JORGE VOTO BERNALES CORPANCHO";"243200";"HOSPITALIZACIÓN DE PEDIATRÍA PEDIATRIA NEONATOLOGÍA";"2";"1";"19";"57";"4";"124";"1"
"2023";"05";"150137";"LIMA";"LIMA";"SANTA ANITA";"ESSALUD";"II-1";"00008318";"ESSALUD - HOSPITAL I JORGE VOTO BERNALES CORPANCHO";"240100";"HOSPITALIZACIÓN QUIRÚRGICA CIRUGÍA GENERAL ";"74";"69";"234";"246";"11";"341";"0"
"2023";"05";"150137";"LIMA";"LIMA";"SANTA ANITA";"ESSALUD";"II-1";"00008318";"ESSALUD - HOSPITAL I JORGE VOTO BERNALES CORPANCHO";"241400";"HOSPITALIZACIÓN QUIRÚRGICA GINECO - OBSTETRICIA ";"19";"16";"41";"48";"3";"93";"0"
"2023";"05";"150137";"LIMA";"LIMA";"SANTA ANITA";"ESSALUD";"II-1";"00008318";"ESSALUD - HOSPITAL I JORGE VOTO BERNALES CORPANCHO";"242300";"HOSPITALIZACIÓN DE PEDIATRÍA  PEDIATRÍA  GENERAL ";"21";"21";"91";"90";"3";"93";"0"
"2023";"05";"150137";"LIMA";"LIMA";"SANTA ANITA";"ESSALUD";"II-1";"00008318";"ESSALUD - HOSPITAL I JORGE VOTO BERNALES CORPANCHO";"250100";"UNIDAD DE CUIDADOS CRITICOS UNIDAD  DE CUIDADOS INTENSIVOS GENERALES (UCI) ";"55";"59";"96";"101";"4";"124";"0"
"2023";"05";"150137";"LIMA";"LIMA";"SANTA ANITA";"ESSALUD";"II-1";"00008318";"ESSALUD - HOSPITAL I JORGE VOTO BERNALES CORPANCHO";"241500";"HOSPITALIZACIÓN QUIRÚRGICA GINECOLOGÍA  ";"228";"228";"509";"348";"17";"527";"0"
"2023";"05";"040411";"AREQUIPA";"CASTILLA";"TIPAN";"GOBIERNO REGIONAL";"I-1";"00001400";"PUESTO DE SALUD TIPAN";"NE_0001";"";"NE_0001";"NE_0001";"NE_0001";"NE_0001";"NE_0001";"NE_0001";"NE_0001"
"2023";"05";"040412";"AREQUIPA";"CASTILLA";"UÑON";"GOBIERNO REGIONAL";"I-2";"00001403";"PUESTO DE SALUD UÑON";"NE_0001";"";"NE_0001";"NE_0001";"NE_0001";"NE_0001";"NE_0001";"NE_0001";"NE_0001"
"2023";"05";"040414";"AREQUIPA";"CASTILLA";"VIRACO";"GOBIERNO REGIONAL";"I-1";"00006766";"PUESTO DE SALUD HUAMI";"NE_0001";"";"NE_0001";"NE_0001";"NE_0001";"NE_0001";"NE_0001";"NE_0001";"NE_0001"
"2023";"05";"040408";"AREQUIPA";"CASTILLA";"MACHAGUAY";"GOBIERNO REGIONAL";"I-2";"00001402";"PUESTO DE SALUD MACHAGUAY";"NE_0001";"";"NE_0001";"NE_0001";"NE_0001";"NE_0001";"NE_0001";"NE_0001";"NE_0001"
"2023";"05";"040411";"AREQUIPA";"CASTILLA";"TIPAN";"GOBIERNO REGIONAL";"I-1";"00001401";"PUESTO DE SALUD TAGRE";"NE_0001";"";"NE_0001";"NE_0001";"NE_0001";"NE_0001";"NE_0001";"NE_0001";"NE_0001"
"2023";"05";"040414";"AREQUIPA";"CASTILLA";"VIRACO";"GOBIERNO REGIONAL";"I-3";"00001386";"CENTRO DE SALUD VIRACO";"NE_0001";"";"NE_0001";"NE_0001";"NE_0001";"NE_0001";"NE_0001";"NE_0001";"NE_0001"
"2023";"05";"220511";"SAN MARTIN";"LAMAS";"ZAPATERO";"GOBIERNO REGIONAL";"I-1";"00006403";"CARAÑAYACU";"NE_0002";"";"NE_0002";"NE_0002";"NE_0002";"NE_0002";"NE_0002";"NE_0002";"NE_0002"
"2023";"05";"220511";"SAN MARTIN";"LAMAS";"ZAPATERO";"GOBIERNO REGIONAL";"I-1";"00006404";"SANTA CRUZ DE SHITARIYACU";"NE_0002";"";"NE_0002";"NE_0002";"NE_0002";"NE_0002";"NE_0002";"NE_0002";"NE_0002"
"2023";"05";"220505";"SAN MARTIN";"LAMAS";"CUÑUMBUQUI";"GOBIERNO REGIONAL";"I-1";"00006372";"SAN FRANCISCO DEL RIO MAYO";"NE_0002";"";"NE_0002";"NE_0002";"NE_0002";"NE_0002";"NE_0002";"NE_0002";"NE_0002"
"2023";"05";"220505";"SAN MARTIN";"LAMAS";"CUÑUMBUQUI";"GOBIERNO REGIONAL";"I-1";"00006784";"ALTO ANDINO";"NE_0002";"";"NE_0002";"NE_0002";"NE_0002";"NE_0002";"NE_0002";"NE_0002";"NE_0002"
"2023";"05";"220511";"SAN MARTIN";"LAMAS";"ZAPATERO";"GOBIERNO REGIONAL";"I-1";"00006810";"VISTOSO GRANDE";"NE_0002";"";"NE_0002";"NE_0002";"NE_0002";"NE_0002";"NE_0002";"NE_0002";"NE_0002"
"2023";"05";"220511";"SAN MARTIN";"LAMAS";"ZAPATERO";"GOBIERNO REGIONAL";"I-1";"00006400";"NUEVO CELENDIN";"NE_0002";"";"NE_0002";"NE_0002";"NE_0002";"NE_0002";"NE_0002";"NE_0002";"NE_0002"
"2023";"05";"080901";"CUSCO";"LA CONVENCION";"SANTA ANA";"GOBIERNO REGIONAL";"II-1";"00002421";"QUILLABAMBA";"240100";"HOSPITALIZACIÓN QUIRÚRGICA CIRUGÍA GENERAL ";"99";"96";"472";"572";"30";"930";"0"
"2023";"05";"080901";"CUSCO";"LA CONVENCION";"SANTA ANA";"GOBIERNO REGIONAL";"II-1";"00002421";"QUILLABAMBA";"241400";"HOSPITALIZACIÓN QUIRÚRGICA GINECO - OBSTETRICIA ";"137";"128";"290";"309";"31";"961";"0"
"2023";"05";"080901";"CUSCO";"LA CONVENCION";"SANTA ANA";"GOBIERNO REGIONAL";"II-1";"00002421";"QUILLABAMBA";"241800";"HOSPITALIZACIÓN DE MEDICINA MEDICINA GENERAL ";"107";"113";"548";"486";"32";"992";"12"
"2023";"05";"080901";"CUSCO";"LA CONVENCION";"SANTA ANA";"GOBIERNO REGIONAL";"II-1";"00002421";"QUILLABAMBA";"242500";"HOSPITALIZACIÓN-PEDIATRÍA GENERAL-";"60";"56";"182";"220";"25";"775";"0"
"2023";"05";"080901";"CUSCO";"LA CONVENCION";"SANTA ANA";"GOBIERNO REGIONAL";"II-1";"00002421";"QUILLABAMBA";"242200";"HOSPITALIZACIÓN DE MEDICINA PSIQUIATRÍA ";"10";"12";"257";"238";"10";"310";"0"
"2023";"05";"090701";"HUANCAVELICA";"TAYACAJA";"PAMPAS";"GOBIERNO REGIONAL";"II-1";"00004074";"HOSPITAL DE PAMPAS";"241800";"HOSPITALIZACIÓN DE MEDICINA MEDICINA GENERAL ";"19";"17";"164";"140";"6";"180";"2"
"2023";"05";"090701";"HUANCAVELICA";"TAYACAJA";"PAMPAS";"GOBIERNO REGIONAL";"II-1";"00004074";"HOSPITAL DE PAMPAS";"240100";"HOSPITALIZACIÓN QUIRÚRGICA CIRUGÍA GENERAL ";"29";"26";"107";"128";"6";"180";"0"
"2023";"05";"090701";"HUANCAVELICA";"TAYACAJA";"PAMPAS";"GOBIERNO REGIONAL";"II-1";"00004074";"HOSPITAL DE PAMPAS";"241400";"HOSPITALIZACIÓN QUIRÚRGICA GINECO - OBSTETRICIA ";"91";"90";"258";"189";"12";"372";"0"
"2023";"05";"090701";"HUANCAVELICA";"TAYACAJA";"PAMPAS";"GOBIERNO REGIONAL";"II-1";"00004074";"HOSPITAL DE PAMPAS";"242500";"HOSPITALIZACIÓN-PEDIATRÍA GENERAL-";"35";"30";"153";"163";"6";"186";"0"
"2023";"05";"090701";"HUANCAVELICA";"TAYACAJA";"PAMPAS";"GOBIERNO REGIONAL";"II-1";"00004074";"HOSPITAL DE PAMPAS";"243200";"HOSPITALIZACIÓN DE PEDIATRÍA PEDIATRIA NEONATOLOGÍA";"17";"17";"64";"67";"5";"155";"0"
"2023";"05";"090701";"HUANCAVELICA";"TAYACAJA";"PAMPAS";"GOBIERNO REGIONAL";"II-1";"00004074";"HOSPITAL DE PAMPAS";"243200";"HOSPITALIZACIÓN DE PEDIATRÍA PEDIATRIA NEONATOLOGÍA";"2";"2";"3";"3";"1";"31";"1"
"2023";"05";"220303";"SAN MARTIN";"EL DORADO";"SAN MARTIN";"GOBIERNO REGIONAL";"I-4";"00006492";"SAN MARTIN DE ALAO";"241600";"HOSPITALIZACIÓN QUIRÚRGICA OBSTETRICIA   ";"7";"7";"7";"7";"3";"90";"0"
"2023";"05";"220303";"SAN MARTIN";"EL DORADO";"SAN MARTIN";"GOBIERNO REGIONAL";"I-4";"00006492";"SAN MARTIN DE ALAO";"241800";"HOSPITALIZACIÓN DE MEDICINA MEDICINA GENERAL ";"1";"1";"1";"1";"4";"120";"0"
"2023";"05";"080106";"CUSCO";"CUSCO";"SANTIAGO";"PRIVADO";"II-E";"00023570";"MIR SALUD";"240000";"HOSPITALIZACIÓN";"34";"29";"47";"151";"9";"279";"0"
"2023";"05";"120606";"JUNIN";"SATIPO";"PANGOA";"GOBIERNO REGIONAL";"I-1";"00000468";"MICAELA BASTIDAS MORALES";"NE_0001";"";"NE_0001";"NE_0001";"NE_0001";"NE_0001";"NE_0001";"NE_0001";"NE_0001"
"2023";"05";"120609";"JUNIN";"SATIPO";"VIZCATAN DEL ENE";"GOBIERNO REGIONAL";"I-2";"00000507";"BOCA MANTARO";"NE_0001";"";"NE_0001";"NE_0001";"NE_0001";"NE_0001";"NE_0001";"NE_0001";"NE_0001"
"2023";"05";"120609";"JUNIN";"SATIPO";"VIZCATAN DEL ENE";"GOBIERNO REGIONAL";"I-1";"00000511";"SAN JUAN DE MANTARO";"NE_0001";"";"NE_0001";"NE_0001";"NE_0001";"NE_0001";"NE_0001";"NE_0001";"NE_0001"
"2023";"05";"120608";"JUNIN";"SATIPO";"RIO TAMBO";"GOBIERNO REGIONAL";"I-1";"00000513";"QUEMPIRI";"NE_0001";"";"NE_0001";"NE_0001";"NE_0001";"NE_0001";"NE_0001";"NE_0001";"NE_0001"
"2023";"05";"120608";"JUNIN";"SATIPO";"RIO TAMBO";"GOBIERNO REGIONAL";"I-2";"00000471";"CUTIVIRENI";"NE_0001";"";"NE_0001";"NE_0001";"NE_0001";"NE_0001";"NE_0001";"NE_0001";"NE_0001"
"2023";"05";"120608";"JUNIN";"SATIPO";"RIO TAMBO";"GOBIERNO REGIONAL";"I-2";"00000515";"YAVIRO";"NE_0001";"";"NE_0001";"NE_0001";"NE_0001";"NE_0001";"NE_0001";"NE_0001";"NE_0001"
"2023";"05";"120608";"JUNIN";"SATIPO";"RIO TAMBO";"GOBIERNO REGIONAL";"I-1";"00015914";"SELVA DE ORO";"NE_0001";"";"NE_0001";"NE_0001";"NE_0001";"NE_0001";"NE_0001";"NE_0001";"NE_0001"
"2023";"05";"150130";"LIMA";"LIMA";"SAN BORJA";"PRIVADO";"III-1";"00009886";"CLINICA SAN BORJA";"240000";"HOSPITALIZACIÓN";"446";"462";"1993";"64";"83";"2573";"2"
"2023";"05";"150130";"LIMA";"LIMA";"SAN BORJA";"PRIVADO";"III-1";"00009886";"CLINICA SAN BORJA";"240500";"HOSPITALIZACIÓN QUIRÚRGICA CIRUGÍA DE TRANSPLANTES ";"2";"4";"61";"2";"4";"124";"0"
"2023";"05";"150130";"LIMA";"LIMA";"SAN BORJA";"PRIVADO";"III-1";"00009886";"CLINICA SAN BORJA";"250105";"UNIDAD DE CUIDADOS CRITICOS UNIDAD  DE CUIDADOS INTENSIVOS  (UCI) NEONATOLOGÍA";"6";"10";"88";"3";"4";"124";"0"
"2023";"05";"150130";"LIMA";"LIMA";"SAN BORJA";"PRIVADO";"III-1";"00009886";"CLINICA SAN BORJA";"250306";"HOSPIT. EN UNIDAD DE CUID.INTEN.-UNIDAD DE VIGILANCIA INTENSIVA (UVI)-PEDIATRÍA";"6";"2";"119";"4";"4";"124";"2"
"2023";"05";"150130";"LIMA";"LIMA";"SAN BORJA";"PRIVADO";"III-1";"00009886";"CLINICA SAN BORJA";"250100";"UNIDAD DE CUIDADOS CRITICOS UNIDAD  DE CUIDADOS INTENSIVOS GENERALES (UCI) ";"70";"31";"427";"14";"19";"589";"5"
"2023";"07";"021602";"ANCASH";"POMABAMBA";"HUAYLLAN";"GOBIERNO REGIONAL";"I-1";"00001774";"PUESTO DE SALUD HUAYCHO";"NE_0001";"";"NE_0001";"NE_0001";"NE_0001";"NE_0001";"NE_0001";"NE_0001";"NE_0001"
"2023";"07";"021307";"ANCASH";"MARISCAL LUZURIAGA";"LUCMA";"GOBIERNO REGIONAL";"I-2";"00001790";"PUESTO DE SALUD LUCMA";"NE_0001";"";"NE_0001";"NE_0001";"NE_0001";"NE_0001";"NE_0001";"NE_0001";"NE_0001"
"2023";"07";"021307";"ANCASH";"MARISCAL LUZURIAGA";"LUCMA";"GOBIERNO REGIONAL";"I-1";"00001791";"PUESTO DE SALUD SECCHA";"NE_0001";"";"NE_0001";"NE_0001";"NE_0001";"NE_0001";"NE_0001";"NE_0001";"NE_0001"
"2023";"07";"021601";"ANCASH";"POMABAMBA";"POMABAMBA";"GOBIERNO REGIONAL";"I-2";"00001768";"PUESTO DE SALUD VILCABAMBA";"NE_0001";"";"NE_0001";"NE_0001";"NE_0001";"NE_0001";"NE_0001";"NE_0001";"NE_0001"
"2023";"07";"021601";"ANCASH";"POMABAMBA";"POMABAMBA";"GOBIERNO REGIONAL";"I-1";"00001766";"PUESTO DE SALUD SOCSI";"NE_0001";"";"NE_0001";"NE_0001";"NE_0001";"NE_0001";"NE_0001";"NE_0001";"NE_0001"
"2023";"07";"021601";"ANCASH";"POMABAMBA";"POMABAMBA";"GOBIERNO REGIONAL";"I-1";"00001767";"PUESTO DE SALUD CHUYAS";"NE_0001";"";"NE_0001";"NE_0001";"NE_0001";"NE_0001";"NE_0001";"NE_0001";"NE_0001"
"2023";"07";"021602";"ANCASH";"POMABAMBA";"HUAYLLAN";"GOBIERNO REGIONAL";"I-1";"00001772";"PUESTO DE SALUD HUAYLLAN";"NE_0001";"";"NE_0001";"NE_0001";"NE_0001";"NE_0001";"NE_0001";"NE_0001";"NE_0001"
"2023";"07";"021602";"ANCASH";"POMABAMBA";"HUAYLLAN";"GOBIERNO REGIONAL";"I-1";"00001773";"PUESTO DE SALUD ACOBAMBA";"NE_0001";"";"NE_0001";"NE_0001";"NE_0001";"NE_0001";"NE_0001";"NE_0001";"NE_0001"
"2023";"07";"021601";"ANCASH";"POMABAMBA";"POMABAMBA";"GOBIERNO REGIONAL";"I-2";"00001769";"PUESTO DE SALUD CONOPA";"NE_0001";"";"NE_0001";"NE_0001";"NE_0001";"NE_0001";"NE_0001";"NE_0001";"NE_0001"
"2023";"07";"021601";"ANCASH";"POMABAMBA";"POMABAMBA";"GOBIERNO REGIONAL";"I-1";"00001770";"PUESTO DE SALUD JANCAPAMPA";"NE_0001";"";"NE_0001";"NE_0001";"NE_0001";"NE_0001";"NE_0001";"NE_0001";"NE_0001"
"2023";"07";"021302";"ANCASH";"MARISCAL LUZURIAGA";"CASCA";"GOBIERNO REGIONAL";"I-2";"00001785";"PUESTO DE SALUD CASCA";"NE_0001";"";"NE_0001";"NE_0001";"NE_0001";"NE_0001";"NE_0001";"NE_0001";"NE_0001"
"2023";"07";"021307";"ANCASH";"MARISCAL LUZURIAGA";"LUCMA";"GOBIERNO REGIONAL";"0";"00017687";"P. S. MASQUI";"NE_0001";"";"NE_0001";"NE_0001";"NE_0001";"NE_0001";"NE_0001";"NE_0001";"NE_0001"
"2023";"05";"200701";"PIURA";"TALARA";"PARIÑAS";"PRIVADO";"II-1";"00011395";"CLINICA VIGO 2000 S. CIVIL DE R.L.";"NE_0002";"";"NE_0002";"NE_0002";"NE_0002";"NE_0002";"NE_0002";"NE_0002";"NE_0002"
"2023";"05";"040109";"AREQUIPA";"AREQUIPA";"MARIANO MELGAR";"SANIDAD DEL EJERCITO DEL PERU";"II-1";"00018659";"HOSPITAL MILITAR DIVISIONARIO III DE AREQUIPA";"241800";"HOSPITALIZACIÓN DE MEDICINA MEDICINA GENERAL ";"9";"8";"30";"28";"15";"464";"0"
"2023";"05";"040109";"AREQUIPA";"AREQUIPA";"MARIANO MELGAR";"SANIDAD DEL EJERCITO DEL PERU";"II-1";"00018659";"HOSPITAL MILITAR DIVISIONARIO III DE AREQUIPA";"241200";"HOSPITALIZACIÓN QUIRÚRGICA TRAUMATOLOGÍA Y ORTOPEDIA ";"3";"2";"19";"19";"4";"105";"0"
"2023";"05";"040109";"AREQUIPA";"AREQUIPA";"MARIANO MELGAR";"SANIDAD DEL EJERCITO DEL PERU";"II-1";"00018659";"HOSPITAL MILITAR DIVISIONARIO III DE AREQUIPA";"240100";"HOSPITALIZACIÓN QUIRÚRGICA CIRUGÍA GENERAL ";"17";"15";"57";"58";"15";"366";"0"
"2023";"05";"040302";"AREQUIPA";"CARAVELI";"ACARI";"ESSALUD";"I-2";"00012195";"POSTA MEDICA ACARI";"NE_0001";"";"NE_0001";"NE_0001";"NE_0001";"NE_0001";"NE_0001";"NE_0001";"NE_0001"
"2023";"05";"150113";"LIMA";"LIMA";"JESUS MARIA";"ESSALUD";"I-3";"00008711";"POLICLINICO PABLO BERMUDEZ";"NE_0001";"";"NE_0001";"NE_0001";"NE_0001";"NE_0001";"NE_0001";"NE_0001";"NE_0001"
"2023";"05";"150122";"LIMA";"LIMA";"MIRAFLORES";"PRIVADO";"0";"00023901";"INSTITUTO DE GAMMA KNIFE DEL PACIFICO SAC";"NE_0001";"";"NE_0001";"NE_0001";"NE_0001";"NE_0001";"NE_0001";"NE_0001";"NE_0001"
"2023";"05";"150117";"LIMA";"LIMA";"LOS OLIVOS";"PRIVADO";"II-E";"00026936";"CLINICA AVIVA SEDE LOS OLIVOS";"240000";"HOSPITALIZACIÓN";"362";"334";"755";"362";"22";"682";"2"
"2023";"05";"150501";"LIMA";"CAÑETE";"SAN VICENTE DE CAÑETE";"ESSALUD";"II-1";"00010536";"HOSPITAL II CAÑETE";"241800";"HOSPITALIZACIÓN DE MEDICINA MEDICINA GENERAL ";"76";"73";"357";"361";"18";"557";"7"
"2023";"05";"150501";"LIMA";"CAÑETE";"SAN VICENTE DE CAÑETE";"ESSALUD";"II-1";"00010536";"HOSPITAL II CAÑETE";"240100";"HOSPITALIZACIÓN QUIRÚRGICA CIRUGÍA GENERAL ";"73";"78";"362";"359";"12";"359";"0"
"2023";"05";"150501";"LIMA";"CAÑETE";"SAN VICENTE DE CAÑETE";"ESSALUD";"II-1";"00010536";"HOSPITAL II CAÑETE";"241600";"HOSPITALIZACIÓN QUIRÚRGICA OBSTETRICIA   ";"87";"87";"195";"190";"8";"252";"0"
"2023";"05";"150501";"LIMA";"CAÑETE";"SAN VICENTE DE CAÑETE";"ESSALUD";"II-1";"00010536";"HOSPITAL II CAÑETE";"241500";"HOSPITALIZACIÓN QUIRÚRGICA GINECOLOGÍA  ";"4";"4";"10";"10";"1";"24";"0"
"2023";"05";"150501";"LIMA";"CAÑETE";"SAN VICENTE DE CAÑETE";"ESSALUD";"II-1";"00010536";"HOSPITAL II CAÑETE";"242500";"HOSPITALIZACIÓN-PEDIATRÍA GENERAL-";"51";"51";"166";"164";"5";"166";"0"
"2023";"05";"021801";"ANCASH";"SANTA";"CHIMBOTE";"PRIVADO";"II-1";"00013164";"CLINICA SANTA MARIA DE CHIMBOTE S.A.C.";"240100";"HOSPITALIZACIÓN QUIRÚRGICA CIRUGÍA GENERAL ";"42";"42";"51";"51";"8";"240";"0"
"2023";"05";"021801";"ANCASH";"SANTA";"CHIMBOTE";"PRIVADO";"II-1";"00013164";"CLINICA SANTA MARIA DE CHIMBOTE S.A.C.";"241400";"HOSPITALIZACIÓN QUIRÚRGICA GINECO - OBSTETRICIA ";"15";"15";"12";"12";"7";"210";"0"
"2023";"07";"021801";"ANCASH";"SANTA";"CHIMBOTE";"PRIVADO";"II-1";"00016552";"CLINICA ROBLES S.A.C.";"240100";"HOSPITALIZACIÓN QUIRÚRGICA CIRUGÍA GENERAL ";"62";"53";"54";"181";"9";"273";"0"
"2023";"07";"021801";"ANCASH";"SANTA";"CHIMBOTE";"PRIVADO";"II-1";"00016552";"CLINICA ROBLES S.A.C.";"241400";"HOSPITALIZACIÓN QUIRÚRGICA GINECO - OBSTETRICIA ";"49";"35";"52";"307";"11";"319";"0"
"2023";"07";"150131";"LIMA";"LIMA";"SAN ISIDRO";"PRIVADO";"II-E";"00009933";"CLINICA OFTALMOLOGICA MACULA D&T";"NE_0001";"";"NE_0001";"NE_0001";"NE_0001";"NE_0001";"NE_0001";"NE_0001";"NE_0001"
"2023";"07";"220510";"SAN MARTIN";"LAMAS";"TABALOSOS";"GOBIERNO REGIONAL";"I-1";"00006413";"SAN MIGUEL DEL RIO MAYO";"NE_0001";"";"NE_0001";"NE_0001";"NE_0001";"NE_0001";"NE_0001";"NE_0001";"NE_0001"
"2023";"07";"220509";"SAN MARTIN";"LAMAS";"SHANAO";"GOBIERNO REGIONAL";"I-1";"00006412";"SHANAO";"NE_0001";"";"NE_0001";"NE_0001";"NE_0001";"NE_0001";"NE_0001";"NE_0001";"NE_0001"
"2023";"07";"080904";"CUSCO";"LA CONVENCION";"MARANURA";"GOBIERNO REGIONAL";"I-2";"00002460";"SANTA MARIA";"NE_0001";"";"NE_0001";"NE_0001";"NE_0001";"NE_0001";"NE_0001";"NE_0001";"NE_0001"
"2023";"07";"080908";"CUSCO";"LA CONVENCION";"SANTA TERESA";"GOBIERNO REGIONAL";"I-4";"00002476";"SANTA TERESA";"NE_0001";"";"NE_0001";"NE_0001";"NE_0001";"NE_0001";"NE_0001";"NE_0001";"NE_0001"
"2023";"07";"080903";"CUSCO";"LA CONVENCION";"HUAYOPATA";"GOBIERNO REGIONAL";"I-3";"00002453";"HUYRO";"NE_0001";"";"NE_0001";"NE_0001";"NE_0001";"NE_0001";"NE_0001";"NE_0001";"NE_0001"
"2023";"07";"080908";"CUSCO";"LA CONVENCION";"SANTA TERESA";"GOBIERNO REGIONAL";"I-1";"00002478";"TOTORA";"NE_0001";"";"NE_0001";"NE_0001";"NE_0001";"NE_0001";"NE_0001";"NE_0001";"NE_0001"
"2023";"07";"080903";"CUSCO";"LA CONVENCION";"HUAYOPATA";"GOBIERNO REGIONAL";"I-1";"00002454";"ALFAMAYO";"NE_0001";"";"NE_0001";"NE_0001";"NE_0001";"NE_0001";"NE_0001";"NE_0001";"NE_0001"
"2023";"07";"080903";"CUSCO";"LA CONVENCION";"HUAYOPATA";"GOBIERNO REGIONAL";"I-2";"00002456";"AMAYBAMBA";"NE_0001";"";"NE_0001";"NE_0001";"NE_0001";"NE_0001";"NE_0001";"NE_0001";"NE_0001"
"2023";"07";"080904";"CUSCO";"LA CONVENCION";"MARANURA";"GOBIERNO REGIONAL";"I-1";"00002461";"UCHUMAYO";"NE_0001";"";"NE_0001";"NE_0001";"NE_0001";"NE_0001";"NE_0001";"NE_0001";"NE_0001"
"2023";"07";"080903";"CUSCO";"LA CONVENCION";"HUAYOPATA";"GOBIERNO REGIONAL";"I-1";"00002455";"HUAYOPATA";"NE_0001";"";"NE_0001";"NE_0001";"NE_0001";"NE_0001";"NE_0001";"NE_0001";"NE_0001"
"2023";"07";"080908";"CUSCO";"LA CONVENCION";"SANTA TERESA";"GOBIERNO REGIONAL";"I-2";"00002477";"SULLUCUYOC";"NE_0001";"";"NE_0001";"NE_0001";"NE_0001";"NE_0001";"NE_0001";"NE_0001";"NE_0001"
"2023";"07";"080904";"CUSCO";"LA CONVENCION";"MARANURA";"GOBIERNO REGIONAL";"I-4";"00002458";"MARANURA";"NE_0001";"";"NE_0001";"NE_0001";"NE_0001";"NE_0001";"NE_0001";"NE_0001";"NE_0001"
"2023";"08";"150122";"LIMA";"LIMA";"MIRAFLORES";"PRIVADO";"0";"00023901";"INSTITUTO DE GAMMA KNIFE DEL PACIFICO SAC";"NE_0001";"";"NE_0001";"NE_0001";"NE_0001";"NE_0001";"NE_0001";"NE_0001";"NE_0001"
"2023";"09";"211101";"PUNO";"SAN ROMAN";"JULIACA";"SANIDAD DE LA POLICIA NACIONAL DEL PERU";"I-2";"00010236";"POSTA MEDICA DE SALUD PNP - JULIACA";"NE_0001";"";"NE_0001";"NE_0001";"NE_0001";"NE_0001";"NE_0001";"NE_0001";"NE_0001"
"2023";"09";"040101";"AREQUIPA";"AREQUIPA";"AREQUIPA";"PRIVADO";"II-E";"00011995";"CLINICA ALMONTE SAC";"240800";"HOSPITALIZACIÓN QUIRÚRGICA CIRUGÍA PLÁSTICA/RECONSTRUCTIVA/ REPARADORA ";"8";"8";"8";"8";"3";"62";"0"
"2023";"09";"150136";"LIMA";"LIMA";"SAN MIGUEL";"SANIDAD DE LA POLICIA NACIONAL DEL PERU";"II-E";"00014718";"HOSPITAL GERIATRICO PNP SAN JOSE";"244400";"HOSPITALIZACIÓN DE MEDICINA GERIATRIA ";"18";"17";"441";"272";"26";"780";"5"
"2023";"09";"080105";"CUSCO";"CUSCO";"SAN SEBASTIAN";"SANIDAD DE LA POLICIA NACIONAL DEL PERU";"I-3";"00011743";"POLICIAL ""SANTA ROSA""  CUSCO";"NE_0001";"";"NE_0001";"NE_0001";"NE_0001";"NE_0001";"NE_0001";"NE_0001";"NE_0001"
"2023";"08";"130705";"LA LIBERTAD";"PACASMAYO";"SAN JOSE";"ESSALUD";"I-2";"00012110";"POSTA DE SALUD SAN JOSE";"NE_0001";"";"NE_0001";"NE_0001";"NE_0001";"NE_0001";"NE_0001";"NE_0001";"NE_0001"
"2023";"08";"040126";"AREQUIPA";"AREQUIPA";"YANAHUARA";"GOBIERNO REGIONAL";"I-3";"00001233";"CENTRO DE SALUD YANAHUARA";"NE_0001";"";"NE_0001";"NE_0001";"NE_0001";"NE_0001";"NE_0001";"NE_0001";"NE_0001"
"2023";"08";"040117";"AREQUIPA";"AREQUIPA";"SACHACA";"GOBIERNO REGIONAL";"I-2";"00001283";"PUESTO DE SALUD PAMPA DE CAMARONES";"NE_0001";"";"NE_0001";"NE_0001";"NE_0001";"NE_0001";"NE_0001";"NE_0001";"NE_0001"
"2023";"08";"040117";"AREQUIPA";"AREQUIPA";"SACHACA";"GOBIERNO REGIONAL";"I-2";"00001282";"PUESTO DE SALUD SACHACA";"NE_0001";"";"NE_0001";"NE_0001";"NE_0001";"NE_0001";"NE_0001";"NE_0001";"NE_0001"
"2023";"09";"140301";"LAMBAYEQUE";"LAMBAYEQUE";"LAMBAYEQUE";"GOBIERNO REGIONAL";"II-1";"00004370";"HOSPITAL BELEN - LAMBAYEQUE";"241600";"HOSPITALIZACIÓN QUIRÚRGICA OBSTETRICIA   ";"281";"290";"884";"3";"33";"990";"0"
"2023";"09";"140301";"LAMBAYEQUE";"LAMBAYEQUE";"LAMBAYEQUE";"GOBIERNO REGIONAL";"II-1";"00004370";"HOSPITAL BELEN - LAMBAYEQUE";"241800";"HOSPITALIZACIÓN DE MEDICINA MEDICINA GENERAL ";"38";"47";"318";"7";"14";"420";"0"
"2023";"09";"140301";"LAMBAYEQUE";"LAMBAYEQUE";"LAMBAYEQUE";"GOBIERNO REGIONAL";"II-1";"00004370";"HOSPITAL BELEN - LAMBAYEQUE";"242300";"HOSPITALIZACIÓN DE PEDIATRÍA  PEDIATRÍA  GENERAL ";"38";"44";"248";"6";"15";"450";"0"
"2023";"09";"140301";"LAMBAYEQUE";"LAMBAYEQUE";"LAMBAYEQUE";"GOBIERNO REGIONAL";"II-1";"00004370";"HOSPITAL BELEN - LAMBAYEQUE";"243200";"HOSPITALIZACIÓN DE PEDIATRÍA PEDIATRIA NEONATOLOGÍA";"307";"313";"906";"3";"20";"600";"1"
"2023";"09";"050909";"AYACUCHO";"SUCRE";"SAN SALVADOR DE QUIJE";"GOBIERNO REGIONAL";"I-1";"00006900";"PUESTO DE SALUD VISTA ALEGRE - SUCRE";"NE_0001";"";"NE_0001";"NE_0001";"NE_0001";"NE_0001";"NE_0001";"NE_0001";"NE_0001"
"2023";"09";"080106";"CUSCO";"CUSCO";"SANTIAGO";"SANIDAD DEL EJERCITO DEL PERU";"I-3";"00010920";"QUINTA BRIGADA DE MONTAÑA";"NE_0001";"";"NE_0001";"NE_0001";"NE_0001";"NE_0001";"NE_0001";"NE_0001";"NE_0001"
"2023";"09";"220501";"SAN MARTIN";"LAMAS";"LAMAS";"GOBIERNO REGIONAL";"II-E";"00006352";"HOSPITAL II-E LAMAS";"241400";"HOSPITALIZACIÓN QUIRÚRGICA GINECO - OBSTETRICIA ";"23";"23";"35";"35";"6";"180";"0"
"2023";"09";"220501";"SAN MARTIN";"LAMAS";"LAMAS";"GOBIERNO REGIONAL";"II-E";"00006352";"HOSPITAL II-E LAMAS";"241800";"HOSPITALIZACIÓN DE MEDICINA MEDICINA GENERAL ";"37";"45";"195";"195";"14";"420";"1"
"2023";"09";"070101";"CALLAO";"CALLAO";"CALLAO";"GOBIERNO REGIONAL";"I-2";"00006242";"PUESTO DE SALUD PLAYA RIMAC";"NE_0001";"";"NE_0001";"NE_0001";"NE_0001";"NE_0001";"NE_0001";"NE_0001";"NE_0001"
"2023";"09";"070101";"CALLAO";"CALLAO";"CALLAO";"GOBIERNO REGIONAL";"I-2";"00006248";"PUESTO DE SALUD POLIGONO IV";"NE_0001";"";"NE_0001";"NE_0001";"NE_0001";"NE_0001";"NE_0001";"NE_0001";"NE_0001"
"2023";"09";"070101";"CALLAO";"CALLAO";"CALLAO";"GOBIERNO REGIONAL";"I-2";"00006241";"PUESTO DE SALUD AEROPUERTO";"NE_0001";"";"NE_0001";"NE_0001";"NE_0001";"NE_0001";"NE_0001";"NE_0001";"NE_0001"
"2023";"09";"100101";"HUANUCO";"HUANUCO";"HUANUCO";"PRIVADO";"II-E";"00021062";"CLINICA SAN JUAN BOSCO E.I.R.L.";"240000";"HOSPITALIZACIÓN";"16";"16";"19";"16";"11";"330";"0"
"2023";"09";"080601";"CUSCO";"CANCHIS";"SICUANI";"SANIDAD DE LA POLICIA NACIONAL DEL PERU";"I-2";"00024663";"SANIDAD PNP  SICUANI";"NE_0001";"";"NE_0001";"NE_0001";"NE_0001";"NE_0001";"NE_0001";"NE_0001";"NE_0001"
"2023";"09";"060703";"CAJAMARCA";"HUALGAYOC";"HUALGAYOC";"ESSALUD";"I-2";"00010270";"POSTA MEDICA DE HUALGAYOC";"NE_0001";"";"NE_0001";"NE_0001";"NE_0001";"NE_0001";"NE_0001";"NE_0001";"NE_0001"
"2023";"09";"110101";"ICA";"ICA";"ICA";"PRIVADO";"I-3";"00009648";"TATAJE  DI FLORIO SAC";"NE_0002";"";"NE_0002";"NE_0002";"NE_0002";"NE_0002";"NE_0002";"NE_0002";"NE_0002"
"2023";"09";"150110";"LIMA";"LIMA";"COMAS";"ESSALUD";"II-1";"00027565";"Hospital I Marino Molina Scippa - EsSalud";"241800";"HOSPITALIZACIÓN DE MEDICINA MEDICINA GENERAL ";"98";"104";"999";"1052";"37";"1110";"1"
"2023";"09";"150110";"LIMA";"LIMA";"COMAS";"ESSALUD";"II-1";"00027565";"Hospital I Marino Molina Scippa - EsSalud";"240100";"HOSPITALIZACIÓN QUIRÚRGICA CIRUGÍA GENERAL ";"168";"168";"545";"555";"19";"570";"0"
"2023";"09";"150110";"LIMA";"LIMA";"COMAS";"ESSALUD";"II-1";"00027565";"Hospital I Marino Molina Scippa - EsSalud";"241600";"HOSPITALIZACIÓN QUIRÚRGICA OBSTETRICIA   ";"285";"295";"783";"744";"28";"840";"0"
"2023";"09";"150110";"LIMA";"LIMA";"COMAS";"ESSALUD";"II-1";"00027565";"Hospital I Marino Molina Scippa - EsSalud";"241500";"HOSPITALIZACIÓN QUIRÚRGICA GINECOLOGÍA  ";"20";"18";"99";"85";"3";"90";"0"
"2023";"09";"150110";"LIMA";"LIMA";"COMAS";"ESSALUD";"II-1";"00027565";"Hospital I Marino Molina Scippa - EsSalud";"242300";"HOSPITALIZACIÓN DE PEDIATRÍA  PEDIATRÍA  GENERAL ";"66";"67";"336";"325";"14";"420";"0"
"2023";"09";"150110";"LIMA";"LIMA";"COMAS";"ESSALUD";"II-1";"00027565";"Hospital I Marino Molina Scippa - EsSalud";"243200";"HOSPITALIZACIÓN DE PEDIATRÍA PEDIATRIA NEONATOLOGÍA";"36";"35";"131";"136";"7";"210";"0"
"2023";"09";"040126";"AREQUIPA";"AREQUIPA";"YANAHUARA";"PRIVADO";"II-E";"00018935";"CEFERGIN";"241400";"HOSPITALIZACIÓN QUIRÚRGICA GINECO - OBSTETRICIA ";"6";"6";"6";"6";"2";"54";"0"
"2023";"09";"150122";"LIMA";"LIMA";"MIRAFLORES";"PRIVADO";"II-E";"00028941";"Instituto de Glaucoma y Catarata";"NE_0001";"";"NE_0001";"NE_0001";"NE_0001";"NE_0001";"NE_0001";"NE_0001";"NE_0001"
"2023";"09";"110101";"ICA";"ICA";"ICA";"PRIVADO";"II-1";"00015963";"LA CLINICA DE ICA DR. JULIO TATAJE BARRIGA SRL";"NE_0002";"";"NE_0002";"NE_0002";"NE_0002";"NE_0002";"NE_0002";"NE_0002";"NE_0002"
"2023";"09";"200104";"PIURA";"PIURA";"CASTILLA";"PRIVADO";"II-E";"00013165";"CENTRO DE REPOSO SAN JUAN DE DIOS";"242202";"HOSPITALIZACIÓN DE MEDICINA PSIQUIATRÍA PSIQUIATRÍA DEL ADULTO Y GERONTE";"33";"39";"1333";"708";"46";"1380";"0"
"2023";"09";"150103";"LIMA";"LIMA";"ATE";"MINSA";"II-E";"00028025";"HOSPITAL EMERGENCIA ATE VITARTE";"241900";"HOSPITALIZACIÓN DE MEDICINA MEDICINA INTERNA ";"64";"64";"584";"427";"40";"1200";"4"
"2023";"09";"150103";"LIMA";"LIMA";"ATE";"MINSA";"II-E";"00028025";"HOSPITAL EMERGENCIA ATE VITARTE";"242300";"HOSPITALIZACIÓN DE PEDIATRÍA  PEDIATRÍA  GENERAL ";"19";"15";"104";"142";"22";"660";"0"
"2023";"09";"150103";"LIMA";"LIMA";"ATE";"MINSA";"II-E";"00028025";"HOSPITAL EMERGENCIA ATE VITARTE";"243200";"HOSPITALIZACIÓN DE PEDIATRÍA PEDIATRIA NEONATOLOGÍA";"7";"2";"1";"83";"5";"150";"0"
"2023";"09";"150103";"LIMA";"LIMA";"ATE";"MINSA";"II-E";"00028025";"HOSPITAL EMERGENCIA ATE VITARTE";"241500";"HOSPITALIZACIÓN QUIRÚRGICA GINECOLOGÍA  ";"3";"2";"1";"17";"5";"150";"0"
"2023";"09";"150103";"LIMA";"LIMA";"ATE";"MINSA";"II-E";"00028025";"HOSPITAL EMERGENCIA ATE VITARTE";"240100";"HOSPITALIZACIÓN QUIRÚRGICA CIRUGÍA GENERAL ";"45";"40";"915";"324";"28";"840";"0"
"2023";"09";"060801";"CAJAMARCA";"JAEN";"JAEN";"GOBIERNO REGIONAL";"I-2";"00004216";"LA CASCARILLA";"NE_0001";"";"NE_0001";"NE_0001";"NE_0001";"NE_0001";"NE_0001";"NE_0001";"NE_0001"
"2023";"09";"060801";"CAJAMARCA";"JAEN";"JAEN";"GOBIERNO REGIONAL";"I-1";"00024719";"LA VIRGINIA";"NE_0001";"";"NE_0001";"NE_0001";"NE_0001";"NE_0001";"NE_0001";"NE_0001";"NE_0001"
"2023";"09";"060801";"CAJAMARCA";"JAEN";"JAEN";"GOBIERNO REGIONAL";"I-1";"00004222";"ALTO VISTA ALEGRE";"NE_0001";"";"NE_0001";"NE_0001";"NE_0001";"NE_0001";"NE_0001";"NE_0001";"NE_0001"
"2023";"09";"060801";"CAJAMARCA";"JAEN";"JAEN";"GOBIERNO REGIONAL";"I-1";"00006994";"LOMA SANTA";"NE_0001";"";"NE_0001";"NE_0001";"NE_0001";"NE_0001";"NE_0001";"NE_0001";"NE_0001"
"2023";"09";"060801";"CAJAMARCA";"JAEN";"JAEN";"GOBIERNO REGIONAL";"I-3";"00025526";"LOS SAUCES";"NE_0001";"";"NE_0001";"NE_0001";"NE_0001";"NE_0001";"NE_0001";"NE_0001";"NE_0001"
"2023";"09";"060801";"CAJAMARCA";"JAEN";"JAEN";"GOBIERNO REGIONAL";"I-3";"00004212";"MAGLLANAL";"NE_0001";"";"NE_0001";"NE_0001";"NE_0001";"NE_0001";"NE_0001";"NE_0001";"NE_0001"
"2023";"09";"060801";"CAJAMARCA";"JAEN";"JAEN";"GOBIERNO REGIONAL";"I-1";"00016137";"RINCONADA LAJEÑA";"NE_0001";"";"NE_0001";"NE_0001";"NE_0001";"NE_0001";"NE_0001";"NE_0001";"NE_0001"
"2023";"09";"060801";"CAJAMARCA";"JAEN";"JAEN";"GOBIERNO REGIONAL";"I-1";"00015392";"SAN JOSE DE LA ALIANZA";"NE_0001";"";"NE_0001";"NE_0001";"NE_0001";"NE_0001";"NE_0001";"NE_0001";"NE_0001"
"2023";"09";"040704";"AREQUIPA";"ISLAY";"ISLAY";"ESSALUD";"I-2";"00012192";"POSTA MEDICA MATARANI";"NE_0002";"";"NE_0002";"NE_0002";"NE_0002";"NE_0002";"NE_0002";"NE_0002";"NE_0002"
"2023";"09";"150119";"LIMA";"LIMA";"LURIN";"ESSALUD";"I-3";"00009979";"CENTRO DE ATENCION PRIMARIA II LURIN";"NE_0001";"";"NE_0001";"NE_0001";"NE_0001";"NE_0001";"NE_0001";"NE_0001";"NE_0001"
"2023";"09";"230401";"TACNA";"TARATA";"TARATA";"ESSALUD";"I-2";"00010192";"CENTRO DE ATENCION PRIMARIA I TARATA";"NE_0001";"";"NE_0001";"NE_0001";"NE_0001";"NE_0001";"NE_0001";"NE_0001";"NE_0001"
"2023";"09";"120101";"JUNIN";"HUANCAYO";"HUANCAYO";"PRIVADO";"II-2";"00008858";"CLINICA ORTEGA";"240100";"HOSPITALIZACIÓN QUIRÚRGICA CIRUGÍA GENERAL ";"46";"46";"146";"146";"7";"210";"0"
"2023";"09";"120101";"JUNIN";"HUANCAYO";"HUANCAYO";"PRIVADO";"II-2";"00008858";"CLINICA ORTEGA";"240200";"HOSPITALIZACIÓN QUIRÚRGICA CIRUGÍA DE CABEZA Y CUELLO / MÁXILO FACIAL ";"1";"1";"4";"4";"3";"90";"0"
"2023";"09";"120101";"JUNIN";"HUANCAYO";"HUANCAYO";"PRIVADO";"II-2";"00008858";"CLINICA ORTEGA";"240900";"HOSPITALIZACIÓN QUIRÚRGICA NEUROCIRUGÍA ";"13";"13";"61";"61";"4";"120";"0"
"2023";"09";"120101";"JUNIN";"HUANCAYO";"HUANCAYO";"PRIVADO";"II-2";"00008858";"CLINICA ORTEGA";"241000";"HOSPITALIZACIÓN QUIRÚRGICA ONCOLOGÍA QUIRÚRGICA  ";"8";"8";"29";"29";"3";"90";"0"
"2023";"09";"120101";"JUNIN";"HUANCAYO";"HUANCAYO";"PRIVADO";"II-2";"00008858";"CLINICA ORTEGA";"241100";"HOSPITALIZACIÓN QUIRÚRGICA OTORRINOLARINGOLOGÍA  ";"8";"8";"13";"13";"3";"90";"0"
"2023";"09";"120101";"JUNIN";"HUANCAYO";"HUANCAYO";"PRIVADO";"II-2";"00008858";"CLINICA ORTEGA";"241200";"HOSPITALIZACIÓN QUIRÚRGICA TRAUMATOLOGÍA Y ORTOPEDIA ";"79";"79";"239";"239";"10";"300";"0"
"2023";"09";"120101";"JUNIN";"HUANCAYO";"HUANCAYO";"PRIVADO";"II-2";"00008858";"CLINICA ORTEGA";"241300";"HOSPITALIZACIÓN QUIRÚRGICA UROLOGÍA  ";"16";"16";"42";"42";"4";"120";"0"
"2023";"09";"120101";"JUNIN";"HUANCAYO";"HUANCAYO";"PRIVADO";"II-2";"00008858";"CLINICA ORTEGA";"241400";"HOSPITALIZACIÓN QUIRÚRGICA GINECO - OBSTETRICIA ";"24";"24";"62";"62";"4";"120";"0"
"2023";"04";"220901";"SAN MARTIN";"SAN MARTIN";"TARAPOTO";"GOBIERNO REGIONAL";"II-2";"00006918";"HOSPITAL TARAPOTO";"240100";"HOSPITALIZACIÓN QUIRÚRGICA CIRUGÍA GENERAL ";"245";"244";"1210";"1210";"42";"1260";"1"
"2023";"04";"220901";"SAN MARTIN";"SAN MARTIN";"TARAPOTO";"GOBIERNO REGIONAL";"II-2";"00006918";"HOSPITAL TARAPOTO";"241400";"HOSPITALIZACIÓN QUIRÚRGICA GINECO - OBSTETRICIA ";"242";"240";"595";"595";"28";"840";"0"
"2023";"04";"220901";"SAN MARTIN";"SAN MARTIN";"TARAPOTO";"GOBIERNO REGIONAL";"II-2";"00006918";"HOSPITAL TARAPOTO";"241500";"HOSPITALIZACIÓN QUIRÚRGICA GINECOLOGÍA  ";"35";"35";"107";"107";"7";"210";"0"
"2023";"04";"220901";"SAN MARTIN";"SAN MARTIN";"TARAPOTO";"GOBIERNO REGIONAL";"II-2";"00006918";"HOSPITAL TARAPOTO";"241800";"HOSPITALIZACIÓN DE MEDICINA MEDICINA GENERAL ";"148";"161";"1433";"1433";"48";"1440";"8"
"2023";"04";"220901";"SAN MARTIN";"SAN MARTIN";"TARAPOTO";"GOBIERNO REGIONAL";"II-2";"00006918";"HOSPITAL TARAPOTO";"242500";"HOSPITALIZACIÓN-PEDIATRÍA GENERAL-";"52";"54";"345";"345";"15";"450";"0"
"2023";"04";"150120";"LIMA";"LIMA";"MAGDALENA DEL MAR";"PRIVADO";"II-E";"00017703";"OPRECE";"NE_0001";"";"NE_0001";"NE_0001";"NE_0001";"NE_0001";"NE_0001";"NE_0001";"NE_0001"
"2023";"04";"120701";"JUNIN";"TARMA";"TARMA";"GOBIERNO REGIONAL";"I-1";"00000586";"MUYLO";"NE_0001";"";"NE_0001";"NE_0001";"NE_0001";"NE_0001";"NE_0001";"NE_0001";"NE_0001"
"2023";"04";"120701";"JUNIN";"TARMA";"TARMA";"GOBIERNO REGIONAL";"I-1";"00000589";"VICORA CONGAS";"NE_0001";"";"NE_0001";"NE_0001";"NE_0001";"NE_0001";"NE_0001";"NE_0001";"NE_0001"
"2023";"04";"040516";"AREQUIPA";"CAYLLOMA";"TAPAY";"GOBIERNO REGIONAL";"I-2";"00001434";"PUESTO DE SALUD TAPAY";"NE_0001";"";"NE_0001";"NE_0001";"NE_0001";"NE_0001";"NE_0001";"NE_0001";"NE_0001"
"2023";"04";"040507";"AREQUIPA";"CAYLLOMA";"HUAMBO";"GOBIERNO REGIONAL";"I-2";"00001433";"PUESTO DE SALUD HUAMBO";"NE_0001";"";"NE_0001";"NE_0001";"NE_0001";"NE_0001";"NE_0001";"NE_0001";"NE_0001"
"2023";"04";"040503";"AREQUIPA";"CAYLLOMA";"CABANACONDE";"GOBIERNO REGIONAL";"I-3";"00001420";"CENTRO DE SALUD CABANACONDE";"NE_0001";"";"NE_0001";"NE_0001";"NE_0001";"NE_0001";"NE_0001";"NE_0001";"NE_0001"
"2023";"04";"040406";"AREQUIPA";"CASTILLA";"CHOCO";"GOBIERNO REGIONAL";"I-2";"00001441";"PUESTO DE SALUD CHOCO";"NE_0001";"";"NE_0001";"NE_0001";"NE_0001";"NE_0001";"NE_0001";"NE_0001";"NE_0001"
"2023";"04";"040503";"AREQUIPA";"CAYLLOMA";"CABANACONDE";"GOBIERNO REGIONAL";"I-2";"00001432";"PUESTO DE SALUD PINCHOLLO";"NE_0001";"";"NE_0001";"NE_0001";"NE_0001";"NE_0001";"NE_0001";"NE_0001";"NE_0001"
"2023";"05";"050401";"AYACUCHO";"HUANTA";"HUANTA";"GOBIERNO REGIONAL";"II-1";"00003655";"HOSPITAL DE APOYO DE HUANTA ""DANIEL ALCIDES CARRIÓN""";"241800";"HOSPITALIZACIÓN DE MEDICINA MEDICINA GENERAL ";"9";"9";"69";"70";"18";"367";"0"
"2023";"05";"050401";"AYACUCHO";"HUANTA";"HUANTA";"GOBIERNO REGIONAL";"II-1";"00003655";"HOSPITAL DE APOYO DE HUANTA ""DANIEL ALCIDES CARRIÓN""";"240100";"HOSPITALIZACIÓN QUIRÚRGICA CIRUGÍA GENERAL ";"12";"11";"29";"36";"14";"362";"0"
"2023";"05";"050401";"AYACUCHO";"HUANTA";"HUANTA";"GOBIERNO REGIONAL";"II-1";"00003655";"HOSPITAL DE APOYO DE HUANTA ""DANIEL ALCIDES CARRIÓN""";"242500";"HOSPITALIZACIÓN-PEDIATRÍA GENERAL-";"5";"3";"4";"4";"10";"300";"0"
"2023";"05";"050401";"AYACUCHO";"HUANTA";"HUANTA";"GOBIERNO REGIONAL";"II-1";"00003655";"HOSPITAL DE APOYO DE HUANTA ""DANIEL ALCIDES CARRIÓN""";"241500";"HOSPITALIZACIÓN QUIRÚRGICA GINECOLOGÍA  ";"30";"30";"47";"59";"6";"243";"0"
"2023";"05";"120107";"JUNIN";"HUANCAYO";"CHILCA";"GOBIERNO REGIONAL";"I-4";"00000608";"CHILCA";"NE_0002";"";"NE_0002";"NE_0002";"NE_0002";"NE_0002";"NE_0002";"NE_0002";"NE_0002"
"2023";"05";"120136";"JUNIN";"HUANCAYO";"VIQUES";"GOBIERNO REGIONAL";"I-2";"00000635";"VIQUES";"NE_0001";"";"NE_0001";"NE_0001";"NE_0001";"NE_0001";"NE_0001";"NE_0001";"NE_0001"
"2023";"05";"120111";"JUNIN";"HUANCAYO";"CHUPURO";"GOBIERNO REGIONAL";"I-1";"00000614";"SOCOS";"NE_0001";"";"NE_0001";"NE_0001";"NE_0001";"NE_0001";"NE_0001";"NE_0001";"NE_0001"
"2023";"05";"120126";"JUNIN";"HUANCAYO";"PUCARA";"GOBIERNO REGIONAL";"I-3";"00000624";"PUCARA";"NE_0001";"";"NE_0001";"NE_0001";"NE_0001";"NE_0001";"NE_0001";"NE_0001";"NE_0001"
"2023";"05";"120113";"JUNIN";"HUANCAYO";"CULLHUAS";"GOBIERNO REGIONAL";"I-1";"00000617";"RETAMA BAJA";"NE_0001";"";"NE_0001";"NE_0001";"NE_0001";"NE_0001";"NE_0001";"NE_0001";"NE_0001"
"2023";"05";"120116";"JUNIN";"HUANCAYO";"HUACRAPUQUIO";"GOBIERNO REGIONAL";"I-2";"00000619";"HUACRAPUQUIO";"NE_0001";"";"NE_0001";"NE_0001";"NE_0001";"NE_0001";"NE_0001";"NE_0001";"NE_0001"
"2023";"05";"120121";"JUNIN";"HUANCAYO";"HUAYUCACHI";"GOBIERNO REGIONAL";"I-1";"00000623";"HUMANMARCA";"NE_0001";"";"NE_0001";"NE_0001";"NE_0001";"NE_0001";"NE_0001";"NE_0001";"NE_0001"
"2023";"05";"120126";"JUNIN";"HUANCAYO";"PUCARA";"GOBIERNO REGIONAL";"I-1";"00000628";"DOS DE MAYO";"NE_0001";"";"NE_0001";"NE_0001";"NE_0001";"NE_0001";"NE_0001";"NE_0001";"NE_0001"
"2023";"05";"120133";"JUNIN";"HUANCAYO";"SAPALLANGA";"GOBIERNO REGIONAL";"I-3";"00000629";"SAPALLANGA";"NE_0001";"";"NE_0001";"NE_0001";"NE_0001";"NE_0001";"NE_0001";"NE_0001";"NE_0001"
"2023";"05";"120111";"JUNIN";"HUANCAYO";"CHUPURO";"GOBIERNO REGIONAL";"I-2";"00000612";"CHUPURO";"NE_0001";"";"NE_0001";"NE_0001";"NE_0001";"NE_0001";"NE_0001";"NE_0001";"NE_0001"
"2023";"05";"120126";"JUNIN";"HUANCAYO";"PUCARA";"GOBIERNO REGIONAL";"I-2";"00000625";"MARCAVALLE";"NE_0001";"";"NE_0001";"NE_0001";"NE_0001";"NE_0001";"NE_0001";"NE_0001";"NE_0001"
"2023";"05";"120126";"JUNIN";"HUANCAYO";"PUCARA";"GOBIERNO REGIONAL";"I-1";"00000627";"JATUN SUCLLA";"NE_0001";"";"NE_0001";"NE_0001";"NE_0001";"NE_0001";"NE_0001";"NE_0001";"NE_0001"
"2023";"05";"120119";"JUNIN";"HUANCAYO";"HUANCAN";"GOBIERNO REGIONAL";"I-3";"00000620";"HUANCAN";"NE_0001";"";"NE_0001";"NE_0001";"NE_0001";"NE_0001";"NE_0001";"NE_0001";"NE_0001"
"2023";"05";"120126";"JUNIN";"HUANCAYO";"PUCARA";"GOBIERNO REGIONAL";"I-1";"00000626";"RAQUINA";"NE_0001";"";"NE_0001";"NE_0001";"NE_0001";"NE_0001";"NE_0001";"NE_0001";"NE_0001"
"2023";"05";"120133";"JUNIN";"HUANCAYO";"SAPALLANGA";"GOBIERNO REGIONAL";"I-2";"00000630";"LA PUNTA";"NE_0001";"";"NE_0001";"NE_0001";"NE_0001";"NE_0001";"NE_0001";"NE_0001";"NE_0001"
"2023";"05";"120133";"JUNIN";"HUANCAYO";"SAPALLANGA";"GOBIERNO REGIONAL";"I-1";"00000634";"HUAYLLASPANCA";"NE_0001";"";"NE_0001";"NE_0001";"NE_0001";"NE_0001";"NE_0001";"NE_0001";"NE_0001"
"2023";"05";"120111";"JUNIN";"HUANCAYO";"CHUPURO";"GOBIERNO REGIONAL";"I-1";"00000613";"CARHUAPACCHA";"NE_0001";"";"NE_0001";"NE_0001";"NE_0001";"NE_0001";"NE_0001";"NE_0001";"NE_0001"
"2023";"05";"120113";"JUNIN";"HUANCAYO";"CULLHUAS";"GOBIERNO REGIONAL";"I-1";"00000616";"PIHUAS";"NE_0001";"";"NE_0001";"NE_0001";"NE_0001";"NE_0001";"NE_0001";"NE_0001";"NE_0001"
"2023";"05";"120121";"JUNIN";"HUANCAYO";"HUAYUCACHI";"GOBIERNO REGIONAL";"I-3";"00000622";"HUAYUCACHI";"NE_0001";"";"NE_0001";"NE_0001";"NE_0001";"NE_0001";"NE_0001";"NE_0001";"NE_0001"
"2023";"05";"120133";"JUNIN";"HUANCAYO";"SAPALLANGA";"GOBIERNO REGIONAL";"I-1";"00000631";"COCHARCAS";"NE_0001";"";"NE_0001";"NE_0001";"NE_0001";"NE_0001";"NE_0001";"NE_0001";"NE_0001"
"2023";"05";"120113";"JUNIN";"HUANCAYO";"CULLHUAS";"GOBIERNO REGIONAL";"I-1";"00012469";"CHUAMBA";"NE_0001";"";"NE_0001";"NE_0001";"NE_0001";"NE_0001";"NE_0001";"NE_0001";"NE_0001"
"2023";"05";"120107";"JUNIN";"HUANCAYO";"CHILCA";"GOBIERNO REGIONAL";"I-2";"00000609";"AZAPAMPA";"NE_0001";"";"NE_0001";"NE_0001";"NE_0001";"NE_0001";"NE_0001";"NE_0001";"NE_0001"
"2023";"05";"120107";"JUNIN";"HUANCAYO";"CHILCA";"GOBIERNO REGIONAL";"I-3";"00000610";"AUQUIMARCA";"NE_0001";"";"NE_0001";"NE_0001";"NE_0001";"NE_0001";"NE_0001";"NE_0001";"NE_0001"
"2023";"05";"120107";"JUNIN";"HUANCAYO";"CHILCA";"GOBIERNO REGIONAL";"I-2";"00000611";"LA ESPERANZA";"NE_0001";"";"NE_0001";"NE_0001";"NE_0001";"NE_0001";"NE_0001";"NE_0001";"NE_0001"
"2023";"05";"120113";"JUNIN";"HUANCAYO";"CULLHUAS";"GOBIERNO REGIONAL";"I-2";"00000615";"CULLHUAS";"NE_0001";"";"NE_0001";"NE_0001";"NE_0001";"NE_0001";"NE_0001";"NE_0001";"NE_0001"
"2023";"05";"120119";"JUNIN";"HUANCAYO";"HUANCAN";"GOBIERNO REGIONAL";"I-2";"00000621";"HUARI";"NE_0001";"";"NE_0001";"NE_0001";"NE_0001";"NE_0001";"NE_0001";"NE_0001";"NE_0001"
"2023";"05";"120133";"JUNIN";"HUANCAYO";"SAPALLANGA";"GOBIERNO REGIONAL";"I-1";"00000632";"MILUCHACA";"NE_0001";"";"NE_0001";"NE_0001";"NE_0001";"NE_0001";"NE_0001";"NE_0001";"NE_0001"
"2023";"05";"120133";"JUNIN";"HUANCAYO";"SAPALLANGA";"GOBIERNO REGIONAL";"I-1";"00000633";"MIRAFLORES";"NE_0001";"";"NE_0001";"NE_0001";"NE_0001";"NE_0001";"NE_0001";"NE_0001";"NE_0001"
"2023";"05";"120112";"JUNIN";"HUANCAYO";"COLCA";"GOBIERNO REGIONAL";"I-1";"00000702";"SANTA CRUZ DE LARIA";"NE_0001";"";"NE_0001";"NE_0001";"NE_0001";"NE_0001";"NE_0001";"NE_0001";"NE_0001"
"2023";"05";"080910";"CUSCO";"LA CONVENCION";"PICHARI";"GOBIERNO REGIONAL";"I-2";"00007114";"QUISTO CENTRAL";"NE_0001";"";"NE_0001";"NE_0001";"NE_0001";"NE_0001";"NE_0001";"NE_0001";"NE_0001"
"2023";"05";"080910";"CUSCO";"LA CONVENCION";"PICHARI";"GOBIERNO REGIONAL";"I-1";"00015170";"PICHARI BAJA";"NE_0001";"";"NE_0001";"NE_0001";"NE_0001";"NE_0001";"NE_0001";"NE_0001";"NE_0001"
"2023";"05";"080910";"CUSCO";"LA CONVENCION";"PICHARI";"GOBIERNO REGIONAL";"I-2";"00002496";"OMAYA";"NE_0001";"";"NE_0001";"NE_0001";"NE_0001";"NE_0001";"NE_0001";"NE_0001";"NE_0001"
"2023";"06";"150114";"LIMA";"LIMA";"LA MOLINA";"PRIVADO";"I-2";"00009093";"ARIE";"NE_0002";"";"NE_0002";"NE_0002";"NE_0002";"NE_0002";"NE_0002";"NE_0002";"NE_0002"
"2023";"06";"030601";"APURIMAC";"CHINCHEROS";"CHINCHEROS";"SANIDAD DE LA POLICIA NACIONAL DEL PERU";"I-2";"00011894";"POSTA MÉDICA SANIDAD CHINCHEROS";"NE_0001";"";"NE_0001";"NE_0001";"NE_0001";"NE_0001";"NE_0001";"NE_0001";"NE_0001"
"2023";"06";"080601";"CUSCO";"CANCHIS";"SICUANI";"SANIDAD DE LA POLICIA NACIONAL DEL PERU";"I-2";"00024663";"SANIDAD PNP  SICUANI";"NE_0001";"";"NE_0001";"NE_0001";"NE_0001";"NE_0001";"NE_0001";"NE_0001";"NE_0001"
"2023";"06";"150113";"LIMA";"LIMA";"JESUS MARIA";"ESSALUD";"I-3";"00008711";"POLICLINICO PABLO BERMUDEZ";"NE_0001";"";"NE_0001";"NE_0001";"NE_0001";"NE_0001";"NE_0001";"NE_0001";"NE_0001"
"2023";"06";"050201";"AYACUCHO";"CANGALLO";"CANGALLO";"GOBIERNO REGIONAL";"I-1";"00003506";"PUESTO DE SALUD INCARACCAY";"NE_0001";"";"NE_0001";"NE_0001";"NE_0001";"NE_0001";"NE_0001";"NE_0001";"NE_0001"
"2023";"06";"050201";"AYACUCHO";"CANGALLO";"CANGALLO";"GOBIERNO REGIONAL";"I-1";"00006607";"PUESTO DE SALUD CHICHUCANCHA";"NE_0001";"";"NE_0001";"NE_0001";"NE_0001";"NE_0001";"NE_0001";"NE_0001";"NE_0001"
"2023";"06";"050203";"AYACUCHO";"CANGALLO";"LOS MOROCHUCOS";"GOBIERNO REGIONAL";"I-1";"00007302";"PUESTO DE SALUD SATICA";"NE_0001";"";"NE_0001";"NE_0001";"NE_0001";"NE_0001";"NE_0001";"NE_0001";"NE_0001"
"2023";"06";"050201";"AYACUCHO";"CANGALLO";"CANGALLO";"GOBIERNO REGIONAL";"I-1";"00003496";"PUESTO DE SALUD HUANCARUCMA";"NE_0001";"";"NE_0001";"NE_0001";"NE_0001";"NE_0001";"NE_0001";"NE_0001";"NE_0001"
"2023";"06";"050201";"AYACUCHO";"CANGALLO";"CANGALLO";"GOBIERNO REGIONAL";"I-1";"00003497";"PUESTO DE SALUD PUTICA";"NE_0001";"";"NE_0001";"NE_0001";"NE_0001";"NE_0001";"NE_0001";"NE_0001";"NE_0001"
"2023";"06";"050203";"AYACUCHO";"CANGALLO";"LOS MOROCHUCOS";"GOBIERNO REGIONAL";"I-4";"00003507";"CENTRO DE SALUD PAMPA CANGALLO";"240100";"HOSPITALIZACIÓN QUIRÚRGICA CIRUGÍA GENERAL ";"22";"9";"9";"8";"8";"10";"0"
"2023";"06";"050203";"AYACUCHO";"CANGALLO";"LOS MOROCHUCOS";"GOBIERNO REGIONAL";"I-2";"00003508";"PUESTO DE SALUD CHANQUIL";"NE_0001";"";"NE_0001";"NE_0001";"NE_0001";"NE_0001";"NE_0001";"NE_0001";"NE_0001"
"2023";"06";"050201";"AYACUCHO";"CANGALLO";"CANGALLO";"GOBIERNO REGIONAL";"I-1";"00003495";"PUESTO DE SALUD HUAHUAPUQUIO";"NE_0001";"";"NE_0001";"NE_0001";"NE_0001";"NE_0001";"NE_0001";"NE_0001";"NE_0001"
"2023";"06";"050203";"AYACUCHO";"CANGALLO";"LOS MOROCHUCOS";"GOBIERNO REGIONAL";"I-1";"00017084";"PUESTO DE SALUD JUSCAYMARCA";"NE_0001";"";"NE_0001";"NE_0001";"NE_0001";"NE_0001";"NE_0001";"NE_0001";"NE_0001"
"2023";"06";"051002";"AYACUCHO";"VICTOR FAJARDO";"ALCAMENCA";"GOBIERNO REGIONAL";"I-1";"00003498";"PUESTO DE SALUD ALCAMENCA";"NE_0001";"";"NE_0001";"NE_0001";"NE_0001";"NE_0001";"NE_0001";"NE_0001";"NE_0001"
"2023";"06";"100111";"HUANUCO";"HUANUCO";"PILLCO MARCA";"GOBIERNO REGIONAL";"I-3";"00000757";"POTRACANCHA";"NE_0001";"";"NE_0001";"NE_0001";"NE_0001";"NE_0001";"NE_0001";"NE_0001";"NE_0001"
"2023";"06";"150801";"LIMA";"HUAURA";"HUACHO";"GOBIERNO REGIONAL";"II-2";"00007639";"HOSPITAL GENERAL DE HUACHO";"240100";"HOSPITALIZACIÓN QUIRÚRGICA CIRUGÍA GENERAL ";"127";"157";"925";"877";"39";"1170";"0"
"2023";"06";"150801";"LIMA";"HUAURA";"HUACHO";"GOBIERNO REGIONAL";"II-2";"00007639";"HOSPITAL GENERAL DE HUACHO";"241500";"HOSPITALIZACIÓN QUIRÚRGICA GINECOLOGÍA  ";"37";"45";"188";"173";"8";"240";"0"
"2023";"06";"150801";"LIMA";"HUAURA";"HUACHO";"GOBIERNO REGIONAL";"II-2";"00007639";"HOSPITAL GENERAL DE HUACHO";"241600";"HOSPITALIZACIÓN QUIRÚRGICA OBSTETRICIA   ";"301";"326";"700";"572";"30";"900";"0"
"2023";"06";"150801";"LIMA";"HUAURA";"HUACHO";"GOBIERNO REGIONAL";"II-2";"00007639";"HOSPITAL GENERAL DE HUACHO";"241800";"HOSPITALIZACIÓN DE MEDICINA MEDICINA GENERAL ";"87";"107";"789";"940";"35";"1050";"10"
"2023";"06";"150801";"LIMA";"HUAURA";"HUACHO";"GOBIERNO REGIONAL";"II-2";"00007639";"HOSPITAL GENERAL DE HUACHO";"242500";"HOSPITALIZACIÓN-PEDIATRÍA GENERAL-";"44";"53";"216";"237";"28";"840";"1"
"2023";"06";"150801";"LIMA";"HUAURA";"HUACHO";"GOBIERNO REGIONAL";"II-2";"00007639";"HOSPITAL GENERAL DE HUACHO";"243200";"HOSPITALIZACIÓN DE PEDIATRÍA PEDIATRIA NEONATOLOGÍA";"24";"27";"92";"94";"11";"330";"0"
"2023";"06";"150801";"LIMA";"HUAURA";"HUACHO";"GOBIERNO REGIONAL";"II-2";"00007639";"HOSPITAL GENERAL DE HUACHO";"250103";"UNIDAD DE CUIDADOS CRITICOS UNIDAD  DE CUIDADOS INTENSIVOS GENERALES  (UCI) MEDICINA";"13";"23";"355";"266";"12";"360";"7"
"2023";"06";"150801";"LIMA";"HUAURA";"HUACHO";"GOBIERNO REGIONAL";"II-2";"00007639";"HOSPITAL GENERAL DE HUACHO";"250105";"UNIDAD DE CUIDADOS CRITICOS UNIDAD  DE CUIDADOS INTENSIVOS  (UCI) NEONATOLOGÍA";"9";"10";"33";"32";"4";"120";"3"
"2023";"06";"060804";"CAJAMARCA";"JAEN";"COLASAY";"GOBIERNO REGIONAL";"I-3";"00004236";"COLASAY";"NE_0001";"";"NE_0001";"NE_0001";"NE_0001";"NE_0001";"NE_0001";"NE_0001";"NE_0001"
"2023";"06";"060804";"CAJAMARCA";"JAEN";"COLASAY";"GOBIERNO REGIONAL";"I-2";"00007017";"AHUYACA";"NE_0001";"";"NE_0001";"NE_0001";"NE_0001";"NE_0001";"NE_0001";"NE_0001";"NE_0001"
"2023";"06";"060804";"CAJAMARCA";"JAEN";"COLASAY";"GOBIERNO REGIONAL";"I-1";"00004239";"CEDRO PASTO";"NE_0001";"";"NE_0001";"NE_0001";"NE_0001";"NE_0001";"NE_0001";"NE_0001";"NE_0001"
"2023";"06";"160601";"LORETO";"UCAYALI";"CONTAMANA";"ESSALUD";"I-3";"00010843";"POSTA MEDICA ESSALUD CONTAMANA";"NE_0001";"";"NE_0001";"NE_0001";"NE_0001";"NE_0001";"NE_0001";"NE_0001";"NE_0001"
"2023";"06";"060607";"CAJAMARCA";"CUTERVO";"QUEROCOTILLO";"GOBIERNO REGIONAL";"I-1";"00004969";"EL MOLINO";"NE_0001";"";"NE_0001";"NE_0001";"NE_0001";"NE_0001";"NE_0001";"NE_0001";"NE_0001"
"2023";"06";"060607";"CAJAMARCA";"CUTERVO";"QUEROCOTILLO";"GOBIERNO REGIONAL";"I-1";"00006860";"TECHIN";"NE_0001";"";"NE_0001";"NE_0001";"NE_0001";"NE_0001";"NE_0001";"NE_0001";"NE_0001"
"2023";"08";"220104";"SAN MARTIN";"MOYOBAMBA";"JEPELACIO";"GOBIERNO REGIONAL";"I-1";"00006346";"RAMIREZ";"NE_0001";"";"NE_0001";"NE_0001";"NE_0001";"NE_0001";"NE_0001";"NE_0001";"NE_0001"
"2023";"08";"220104";"SAN MARTIN";"MOYOBAMBA";"JEPELACIO";"GOBIERNO REGIONAL";"I-3";"00006349";"LA HUARPIA";"NE_0001";"";"NE_0001";"NE_0001";"NE_0001";"NE_0001";"NE_0001";"NE_0001";"NE_0001"
"2023";"08";"021809";"ANCASH";"SANTA";"NUEVO CHIMBOTE";"ESSALUD";"I-4";"00009054";"HOSPITAL I CONO SUR";"241800";"HOSPITALIZACIÓN DE MEDICINA MEDICINA GENERAL ";"15";"12";"36";"36";"2";"47";"0"
"2023";"08";"021809";"ANCASH";"SANTA";"NUEVO CHIMBOTE";"ESSALUD";"I-4";"00009054";"HOSPITAL I CONO SUR";"241500";"HOSPITALIZACIÓN QUIRÚRGICA GINECOLOGÍA  ";"11";"11";"31";"31";"1";"31";"0"
"2023";"08";"100508";"HUANUCO";"HUAMALIES";"PUNCHAO";"GOBIERNO REGIONAL";"I-2";"00000901";"PUNCHAO";"NE_0001";"";"NE_0001";"NE_0001";"NE_0001";"NE_0001";"NE_0001";"NE_0001";"NE_0001"
"2023";"09";"021103";"ANCASH";"HUARMEY";"CULEBRAS";"GOBIERNO REGIONAL";"I-2";"00001743";"PUESTO DE SALUD CULEBRAS";"NE_0001";"";"NE_0001";"NE_0001";"NE_0001";"NE_0001";"NE_0001";"NE_0001";"NE_0001"
"2023";"09";"021101";"ANCASH";"HUARMEY";"HUARMEY";"GOBIERNO REGIONAL";"I-1";"00001751";"PUESTO DE SALUD HUAMBA";"NE_0001";"";"NE_0001";"NE_0001";"NE_0001";"NE_0001";"NE_0001";"NE_0001";"NE_0001"
"2023";"09";"050509";"AYACUCHO";"LA MAR";"SAMUGARI";"SANIDAD DE LA POLICIA NACIONAL DEL PERU";"I-2";"00027203";"PUESTO DE SALUD PNP PALMAPAMPA";"NE_0002";"";"NE_0002";"NE_0002";"NE_0002";"NE_0002";"NE_0002";"NE_0002";"NE_0002"
"2023";"09";"080705";"CUSCO";"CHUMBIVILCAS";"LIVITACA";"GOBIERNO REGIONAL";"I-1";"00016325";"CHILLOROYA - LIVITACA";"NE_0001";"";"NE_0001";"NE_0001";"NE_0001";"NE_0001";"NE_0001";"NE_0001";"NE_0001"
"2023";"09";"080705";"CUSCO";"CHUMBIVILCAS";"LIVITACA";"GOBIERNO REGIONAL";"I-1";"00016327";"AUSANTA";"NE_0001";"";"NE_0001";"NE_0001";"NE_0001";"NE_0001";"NE_0001";"NE_0001";"NE_0001"
"2023";"09";"080705";"CUSCO";"CHUMBIVILCAS";"LIVITACA";"GOBIERNO REGIONAL";"I-1";"00016334";"KISIO";"NE_0001";"";"NE_0001";"NE_0001";"NE_0001";"NE_0001";"NE_0001";"NE_0001";"NE_0001"
"2023";"09";"080705";"CUSCO";"CHUMBIVILCAS";"LIVITACA";"GOBIERNO REGIONAL";"I-4";"00002406";"LIVITACA";"NE_0001";"";"NE_0001";"NE_0001";"NE_0001";"NE_0001";"NE_0001";"NE_0001";"NE_0001"
"2023";"09";"080705";"CUSCO";"CHUMBIVILCAS";"LIVITACA";"GOBIERNO REGIONAL";"I-1";"00025739";"PISQUICOCHA";"NE_0001";"";"NE_0001";"NE_0001";"NE_0001";"NE_0001";"NE_0001";"NE_0001";"NE_0001"
"2023";"09";"080705";"CUSCO";"CHUMBIVILCAS";"LIVITACA";"GOBIERNO REGIONAL";"I-1";"00025740";"TOTORA - REYNA DE LOS ANGELES";"NE_0001";"";"NE_0001";"NE_0001";"NE_0001";"NE_0001";"NE_0001";"NE_0001";"NE_0001"
"2023";"09";"080705";"CUSCO";"CHUMBIVILCAS";"LIVITACA";"GOBIERNO REGIONAL";"I-2";"00016332";"PATAQUEÑA - LIVITACA";"NE_0001";"";"NE_0001";"NE_0001";"NE_0001";"NE_0001";"NE_0001";"NE_0001";"NE_0001"
"2023";"09";"100601";"HUANUCO";"LEONCIO PRADO";"RUPA-RUPA";"SANIDAD DE LA POLICIA NACIONAL DEL PERU";"I-2";"00015771";"POSTA MEDICA POLICIAL TINGO MARIA";"NE_0001";"";"NE_0001";"NE_0001";"NE_0001";"NE_0001";"NE_0001";"NE_0001";"NE_0001"
"2023";"09";"150120";"LIMA";"LIMA";"MAGDALENA DEL MAR";"PRIVADO";"II-E";"00011803";"CLINICA VIRGEN DEL ROSARIO SRL";"240000";"HOSPITALIZACIÓN";"173";"169";"1965";"177";"24";"690";"0"
"2023";"09";"150131";"LIMA";"LIMA";"SAN ISIDRO";"ESSALUD";"I-3";"00015471";"CENTRO DE ATENCION PRIMARIA-CAP III SAN ISIDRO-ESSALUD";"NE_0001";"";"NE_0001";"NE_0001";"NE_0001";"NE_0001";"NE_0001";"NE_0001";"NE_0001"
"2023";"09";"211101";"PUNO";"SAN ROMAN";"JULIACA";"ESSALUD";"II-2";"00009899";"HOSPITAL BASE III JULIACA - ESSALUD - RED ASISTENCIAL JULIACA";"241900";"HOSPITALIZACIÓN DE MEDICINA MEDICINA INTERNA ";"34";"35";"289";"289";"8";"240";"2"
"2023";"09";"211101";"PUNO";"SAN ROMAN";"JULIACA";"ESSALUD";"II-2";"00009899";"HOSPITAL BASE III JULIACA - ESSALUD - RED ASISTENCIAL JULIACA";"244000";"HOSPITALIZACIÓN DE MEDICINA CARDIOLOGIA ";"2";"1";"25";"25";"2";"60";"1"
"2023";"09";"211101";"PUNO";"SAN ROMAN";"JULIACA";"ESSALUD";"II-2";"00009899";"HOSPITAL BASE III JULIACA - ESSALUD - RED ASISTENCIAL JULIACA";"244300";"HOSPITALIZACIÓN DE MEDICINA GASTROENTEROLOGÍA  ";"24";"19";"108";"108";"4";"120";"0"
"2023";"09";"211101";"PUNO";"SAN ROMAN";"JULIACA";"ESSALUD";"II-2";"00009899";"HOSPITAL BASE III JULIACA - ESSALUD - RED ASISTENCIAL JULIACA";"244700";"HOSPITALIZACIÓN DE MEDICINA NEUROLOGIA  ";"5";"5";"11";"11";"2";"60";"0"
"2023";"09";"211101";"PUNO";"SAN ROMAN";"JULIACA";"ESSALUD";"II-2";"00009899";"HOSPITAL BASE III JULIACA - ESSALUD - RED ASISTENCIAL JULIACA";"245300";"HOSPITALIZACIÓN DE MEDICINA NEUMOLOGÍA  ";"4";"5";"43";"43";"8";"240";"0"
"2023";"09";"211101";"PUNO";"SAN ROMAN";"JULIACA";"ESSALUD";"II-2";"00009899";"HOSPITAL BASE III JULIACA - ESSALUD - RED ASISTENCIAL JULIACA";"240100";"HOSPITALIZACIÓN QUIRÚRGICA CIRUGÍA GENERAL ";"98";"109";"300";"300";"10";"300";"2"
"2023";"09";"211101";"PUNO";"SAN ROMAN";"JULIACA";"ESSALUD";"II-2";"00009899";"HOSPITAL BASE III JULIACA - ESSALUD - RED ASISTENCIAL JULIACA";"240400";"HOSPITALIZACIÓN QUIRÚRGICA CIRUGÍA DE TÓRAX Y CARDIOVASCULAR ";"6";"6";"39";"39";"4";"120";"0"
"2023";"09";"211101";"PUNO";"SAN ROMAN";"JULIACA";"ESSALUD";"II-2";"00009899";"HOSPITAL BASE III JULIACA - ESSALUD - RED ASISTENCIAL JULIACA";"240900";"HOSPITALIZACIÓN QUIRÚRGICA NEUROCIRUGÍA ";"3";"9";"60";"60";"2";"60";"0"
"2023";"09";"211101";"PUNO";"SAN ROMAN";"JULIACA";"ESSALUD";"II-2";"00009899";"HOSPITAL BASE III JULIACA - ESSALUD - RED ASISTENCIAL JULIACA";"240600";"HOSPITALIZACIÓN QUIRÚRGICA CIRUGÍA OFTALMOLÓGICA ";"1";"1";"5";"5";"1";"30";"0"
"2023";"09";"211101";"PUNO";"SAN ROMAN";"JULIACA";"ESSALUD";"II-2";"00009899";"HOSPITAL BASE III JULIACA - ESSALUD - RED ASISTENCIAL JULIACA";"241200";"HOSPITALIZACIÓN QUIRÚRGICA TRAUMATOLOGÍA Y ORTOPEDIA ";"38";"39";"120";"120";"4";"120";"0"
"2023";"09";"211101";"PUNO";"SAN ROMAN";"JULIACA";"ESSALUD";"II-2";"00009899";"HOSPITAL BASE III JULIACA - ESSALUD - RED ASISTENCIAL JULIACA";"241100";"HOSPITALIZACIÓN QUIRÚRGICA OTORRINOLARINGOLOGÍA  ";"10";"11";"30";"30";"1";"30";"0"
"2023";"09";"211101";"PUNO";"SAN ROMAN";"JULIACA";"ESSALUD";"II-2";"00009899";"HOSPITAL BASE III JULIACA - ESSALUD - RED ASISTENCIAL JULIACA";"241300";"HOSPITALIZACIÓN QUIRÚRGICA UROLOGÍA  ";"14";"15";"90";"90";"3";"90";"1"
"2023";"09";"211101";"PUNO";"SAN ROMAN";"JULIACA";"ESSALUD";"II-2";"00009899";"HOSPITAL BASE III JULIACA - ESSALUD - RED ASISTENCIAL JULIACA";"241400";"HOSPITALIZACIÓN QUIRÚRGICA GINECO - OBSTETRICIA ";"158";"163";"540";"540";"18";"540";"0"
"2023";"09";"211101";"PUNO";"SAN ROMAN";"JULIACA";"ESSALUD";"II-2";"00009899";"HOSPITAL BASE III JULIACA - ESSALUD - RED ASISTENCIAL JULIACA";"242300";"HOSPITALIZACIÓN DE PEDIATRÍA  PEDIATRÍA  GENERAL ";"57";"56";"215";"215";"16";"480";"1"
"2023";"09";"211101";"PUNO";"SAN ROMAN";"JULIACA";"ESSALUD";"II-2";"00009899";"HOSPITAL BASE III JULIACA - ESSALUD - RED ASISTENCIAL JULIACA";"243200";"HOSPITALIZACIÓN DE PEDIATRÍA PEDIATRIA NEONATOLOGÍA";"86";"90";"233";"233";"9";"270";"0"
"2023";"09";"211101";"PUNO";"SAN ROMAN";"JULIACA";"ESSALUD";"II-2";"00009899";"HOSPITAL BASE III JULIACA - ESSALUD - RED ASISTENCIAL JULIACA";"250100";"UNIDAD DE CUIDADOS CRITICOS UNIDAD  DE CUIDADOS INTENSIVOS GENERALES (UCI) ";"4";"4";"106";"106";"3";"106";"2"
"2023";"09";"081207";"CUSCO";"QUISPICANCHI";"HUARO";"SANIDAD DE LA POLICIA NACIONAL DEL PERU";"I-2";"00011747";"POSTA MEDICA POLICIAL PUCUTO";"NE_0001";"";"NE_0001";"NE_0001";"NE_0001";"NE_0001";"NE_0001";"NE_0001";"NE_0001"
"2023";"09";"150131";"LIMA";"LIMA";"SAN ISIDRO";"PRIVADO";"II-2";"00008398";"CLINICA EL GOLF";"240000";"HOSPITALIZACIÓN";"292";"297";"1053";"319";"54";"1620";"2"
"2023";"09";"150131";"LIMA";"LIMA";"SAN ISIDRO";"PRIVADO";"II-2";"00008398";"CLINICA EL GOLF";"250103";"UNIDAD DE CUIDADOS CRITICOS UNIDAD  DE CUIDADOS INTENSIVOS GENERALES  (UCI) MEDICINA";"14";"4";"21";"72";"6";"180";"1"
"2023";"09";"150117";"LIMA";"LIMA";"LOS OLIVOS";"PRIVADO";"II-E";"00018307";"CLINICA MARIA SRL";"240100";"HOSPITALIZACIÓN QUIRÚRGICA CIRUGÍA GENERAL ";"23";"23";"26";"26";"8";"214";"0"
"2023";"09";"060801";"CAJAMARCA";"JAEN";"JAEN";"SANIDAD DE LA POLICIA NACIONAL DEL PERU";"I-3";"00018950";"POLICLINICO POLICIAL JAEN";"NE_0001";"";"NE_0001";"NE_0001";"NE_0001";"NE_0001";"NE_0001";"NE_0001";"NE_0001"
"2023";"09";"150131";"LIMA";"LIMA";"SAN ISIDRO";"PRIVADO";"II-E";"00016397";"CLINICA ESPECIALIZADA EN CIRUGIA PLASTICA - DR. LUIS VIZCARRA / CIRUESTHETIC";"240800";"HOSPITALIZACIÓN QUIRÚRGICA CIRUGÍA PLÁSTICA/RECONSTRUCTIVA/ REPARADORA ";"6";"6";"0";"1";"2";"40";"0"
"2023";"09";"050202";"AYACUCHO";"CANGALLO";"CHUSCHI";"GOBIERNO REGIONAL";"I-1";"00003593";"PUESTO DE SALUD PUNKUPATA";"NE_0002";"";"NE_0002";"NE_0002";"NE_0002";"NE_0002";"NE_0002";"NE_0002";"NE_0002"
"2023";"09";"050202";"AYACUCHO";"CANGALLO";"CHUSCHI";"GOBIERNO REGIONAL";"I-2";"00003592";"PUESTO DE SALUD CATALINAYOC";"NE_0002";"";"NE_0002";"NE_0002";"NE_0002";"NE_0002";"NE_0002";"NE_0002";"NE_0002"
"2023";"09";"050114";"AYACUCHO";"HUAMANGA";"VINCHOS";"GOBIERNO REGIONAL";"I-1";"00003591";"ROSASPATA";"NE_0002";"";"NE_0002";"NE_0002";"NE_0002";"NE_0002";"NE_0002";"NE_0002";"NE_0002"
"2023";"09";"050202";"AYACUCHO";"CANGALLO";"CHUSCHI";"GOBIERNO REGIONAL";"I-1";"00006753";"PUESTO DE SALUD CUCHUQUESERA";"NE_0002";"";"NE_0002";"NE_0002";"NE_0002";"NE_0002";"NE_0002";"NE_0002";"NE_0002"
"2023";"09";"050114";"AYACUCHO";"HUAMANGA";"VINCHOS";"GOBIERNO REGIONAL";"I-1";"00003589";"PUESTO DE SALUD MILLPO";"NE_0002";"";"NE_0002";"NE_0002";"NE_0002";"NE_0002";"NE_0002";"NE_0002";"NE_0002"
"2023";"09";"120201";"JUNIN";"CONCEPCION";"CONCEPCION";"ESSALUD";"I-3";"00008668";"CENTRO MEDICO CONCEPCION";"NE_0001";"";"NE_0001";"NE_0001";"NE_0001";"NE_0001";"NE_0001";"NE_0001";"NE_0001"
"2023";"09";"110111";"ICA";"ICA";"SANTIAGO";"ESSALUD";"I-3";"00011968";"SANTA MARGARITA";"NE_0001";"";"NE_0001";"NE_0001";"NE_0001";"NE_0001";"NE_0001";"NE_0001";"NE_0001"
"2023";"09";"090203";"HUANCAVELICA";"ACOBAMBA";"ANTA";"GOBIERNO REGIONAL";"I-1";"00003941";"PUESTO DE SALUD MANYACC";"NE_0001";"";"NE_0001";"NE_0001";"NE_0001";"NE_0001";"NE_0001";"NE_0001";"NE_0001"
"2023";"09";"090203";"HUANCAVELICA";"ACOBAMBA";"ANTA";"GOBIERNO REGIONAL";"I-1";"00011230";"PUESTO DE SALUD RAYANNIYOCC";"NE_0001";"";"NE_0001";"NE_0001";"NE_0001";"NE_0001";"NE_0001";"NE_0001";"NE_0001"
"2023";"09";"090203";"HUANCAVELICA";"ACOBAMBA";"ANTA";"GOBIERNO REGIONAL";"I-3";"00003939";"CENTRO DE SALUD ANTA";"NE_0001";"";"NE_0001";"NE_0001";"NE_0001";"NE_0001";"NE_0001";"NE_0001";"NE_0001"
"2023";"09";"090203";"HUANCAVELICA";"ACOBAMBA";"ANTA";"GOBIERNO REGIONAL";"I-1";"00009697";"PUESTO DE SALUD DE CASACANCHA";"NE_0001";"";"NE_0001";"NE_0001";"NE_0001";"NE_0001";"NE_0001";"NE_0001";"NE_0001"
"2023";"09";"090203";"HUANCAVELICA";"ACOBAMBA";"ANTA";"GOBIERNO REGIONAL";"I-1";"00009469";"PUESTO DE SALUD VISTA ALEGRE DE ANTA";"NE_0001";"";"NE_0001";"NE_0001";"NE_0001";"NE_0001";"NE_0001";"NE_0001";"NE_0001"
"2023";"09";"200701";"PIURA";"TALARA";"PARIÑAS";"PRIVADO";"I-2";"00012359";"CENTRO OFTALMOLOGICO DE TALARA SRL";"NE_0001";"";"NE_0001";"NE_0001";"NE_0001";"NE_0001";"NE_0001";"NE_0001";"NE_0001"
"2023";"09";"040109";"AREQUIPA";"AREQUIPA";"MARIANO MELGAR";"SANIDAD DEL EJERCITO DEL PERU";"II-1";"00018659";"HOSPITAL MILITAR DIVISIONARIO III DE AREQUIPA";"240100";"HOSPITALIZACIÓN QUIRÚRGICA CIRUGÍA GENERAL ";"16";"15";"65";"66";"8";"183";"0"
"2023";"09";"040109";"AREQUIPA";"AREQUIPA";"MARIANO MELGAR";"SANIDAD DEL EJERCITO DEL PERU";"II-1";"00018659";"HOSPITAL MILITAR DIVISIONARIO III DE AREQUIPA";"241800";"HOSPITALIZACIÓN DE MEDICINA MEDICINA GENERAL ";"8";"9";"79";"83";"26";"731";"0"
"2023";"09";"150130";"LIMA";"LIMA";"SAN BORJA";"SANIDAD DEL EJERCITO DEL PERU";"I-3";"00014889";"CENTRO DE SALUD MILITAR DEL CUARTEL GENERAL DEL EJERCITO-SAN BORJA";"NE_0001";"";"NE_0001";"NE_0001";"NE_0001";"NE_0001";"NE_0001";"NE_0001";"NE_0001"
"2023";"09";"060101";"CAJAMARCA";"CAJAMARCA";"CAJAMARCA";"PRIVADO";"0";"00018126";"LABORATORIO LLONTOP S.R.L.";"NE_0001";"";"NE_0001";"NE_0001";"NE_0001";"NE_0001";"NE_0001";"NE_0001";"NE_0001"
"2023";"09";"120202";"JUNIN";"CONCEPCION";"ACO";"GOBIERNO REGIONAL";"I-1";"00000746";"QUICHA CHICO";"NE_0001";"";"NE_0001";"NE_0001";"NE_0001";"NE_0001";"NE_0001";"NE_0001";"NE_0001"
"2023";"09";"120211";"JUNIN";"CONCEPCION";"MITO";"GOBIERNO REGIONAL";"I-1";"00000748";"MITO";"NE_0001";"";"NE_0001";"NE_0001";"NE_0001";"NE_0001";"NE_0001";"NE_0001";"NE_0001"
"2023";"09";"120213";"JUNIN";"CONCEPCION";"ORCOTUNA";"GOBIERNO REGIONAL";"I-3";"00000751";"ORCOTUNA";"NE_0001";"";"NE_0001";"NE_0001";"NE_0001";"NE_0001";"NE_0001";"NE_0001";"NE_0001"
"2023";"09";"120122";"JUNIN";"HUANCAYO";"INGENIO";"GOBIERNO REGIONAL";"I-2";"00000663";"INGENIO";"NE_0001";"";"NE_0001";"NE_0001";"NE_0001";"NE_0001";"NE_0001";"NE_0001";"NE_0001"
"2023";"09";"120212";"JUNIN";"CONCEPCION";"NUEVE DE JULIO";"GOBIERNO REGIONAL";"I-1";"00000690";"NUEVE DE JULIO";"NE_0001";"";"NE_0001";"NE_0001";"NE_0001";"NE_0001";"NE_0001";"NE_0001";"NE_0001"
"2023";"09";"120202";"JUNIN";"CONCEPCION";"ACO";"GOBIERNO REGIONAL";"I-2";"00000745";"ACO";"NE_0001";"";"NE_0001";"NE_0001";"NE_0001";"NE_0001";"NE_0001";"NE_0001";"NE_0001"
"2023";"09";"120211";"JUNIN";"CONCEPCION";"MITO";"GOBIERNO REGIONAL";"I-1";"00000749";"SAN LUIS YAICO";"NE_0001";"";"NE_0001";"NE_0001";"NE_0001";"NE_0001";"NE_0001";"NE_0001";"NE_0001"
"2023";"09";"120122";"JUNIN";"HUANCAYO";"INGENIO";"GOBIERNO REGIONAL";"I-1";"00000664";"CASACANCHA";"NE_0001";"";"NE_0001";"NE_0001";"NE_0001";"NE_0001";"NE_0001";"NE_0001";"NE_0001"
"2023";"09";"120201";"JUNIN";"CONCEPCION";"CONCEPCION";"GOBIERNO REGIONAL";"I-4";"00000671";"DAVID GUERRERO DUARTE";"NE_0001";"";"NE_0001";"NE_0001";"NE_0001";"NE_0001";"NE_0001";"NE_0001";"NE_0001"
"2023";"09";"120210";"JUNIN";"CONCEPCION";"MATAHUASI";"GOBIERNO REGIONAL";"I-3";"00000687";"MATAHUASI";"NE_0001";"";"NE_0001";"NE_0001";"NE_0001";"NE_0001";"NE_0001";"NE_0001";"NE_0001"
"2023";"09";"120211";"JUNIN";"CONCEPCION";"MITO";"GOBIERNO REGIONAL";"I-1";"00000750";"MATAHULO";"NE_0001";"";"NE_0001";"NE_0001";"NE_0001";"NE_0001";"NE_0001";"NE_0001";"NE_0001"
"2023";"09";"120202";"JUNIN";"CONCEPCION";"ACO";"GOBIERNO REGIONAL";"I-1";"00000747";"QUICHA GRANDE";"NE_0001";"";"NE_0001";"NE_0001";"NE_0001";"NE_0001";"NE_0001";"NE_0001";"NE_0001"
"2023";"09";"120213";"JUNIN";"CONCEPCION";"ORCOTUNA";"GOBIERNO REGIONAL";"I-1";"00000752";"VICSO";"NE_0001";"";"NE_0001";"NE_0001";"NE_0001";"NE_0001";"NE_0001";"NE_0001";"NE_0001"
"2023";"09";"120207";"JUNIN";"CONCEPCION";"HEROINAS TOLEDO";"GOBIERNO REGIONAL";"I-1";"00000685";"HEROINAS TOLEDO";"NE_0001";"";"NE_0001";"NE_0001";"NE_0001";"NE_0001";"NE_0001";"NE_0001";"NE_0001"
"2023";"09";"120215";"JUNIN";"CONCEPCION";"SANTA ROSA DE OCOPA";"GOBIERNO REGIONAL";"I-1";"00000692";"HUANCHAR";"NE_0001";"";"NE_0001";"NE_0001";"NE_0001";"NE_0001";"NE_0001";"NE_0001";"NE_0001"
"2023";"09";"120127";"JUNIN";"HUANCAYO";"QUICHUAY";"GOBIERNO REGIONAL";"I-2";"00000665";"QUICHUAY";"NE_0001";"";"NE_0001";"NE_0001";"NE_0001";"NE_0001";"NE_0001";"NE_0001";"NE_0001"
"2023";"09";"120210";"JUNIN";"CONCEPCION";"MATAHUASI";"GOBIERNO REGIONAL";"I-1";"00000688";"MARAVILCA";"NE_0001";"";"NE_0001";"NE_0001";"NE_0001";"NE_0001";"NE_0001";"NE_0001";"NE_0001"
"2023";"09";"120210";"JUNIN";"CONCEPCION";"MATAHUASI";"GOBIERNO REGIONAL";"I-1";"00000689";"YANAMUCLO";"NE_0001";"";"NE_0001";"NE_0001";"NE_0001";"NE_0001";"NE_0001";"NE_0001";"NE_0001"
"2023";"09";"120215";"JUNIN";"CONCEPCION";"SANTA ROSA DE OCOPA";"GOBIERNO REGIONAL";"I-3";"00000691";"SANTA ROSA DE OCOPA";"NE_0001";"";"NE_0001";"NE_0001";"NE_0001";"NE_0001";"NE_0001";"NE_0001";"NE_0001"
"2023";"09";"140301";"LAMBAYEQUE";"LAMBAYEQUE";"LAMBAYEQUE";"SANIDAD DEL EJERCITO DEL PERU";"I-3";"00025198";"CENTRO MEDICO MILITAR ""DIVINO NIÑO DEL MILAGRO DE ETEN""";"NE_0001";"";"NE_0001";"NE_0001";"NE_0001";"NE_0001";"NE_0001";"NE_0001";"NE_0001"
"2023";"09";"100101";"HUANUCO";"HUANUCO";"HUANUCO";"PRIVADO";"II-E";"00011592";"CLINICA HUANUCO E-I-R-LTDA.";"241400";"HOSPITALIZACIÓN QUIRÚRGICA GINECO - OBSTETRICIA ";"13";"13";"27";"27";"3";"63";"0"
"2023";"09";"100101";"HUANUCO";"HUANUCO";"HUANUCO";"PRIVADO";"II-E";"00011592";"CLINICA HUANUCO E-I-R-LTDA.";"241200";"HOSPITALIZACIÓN QUIRÚRGICA TRAUMATOLOGÍA Y ORTOPEDIA ";"30";"30";"75";"75";"5";"75";"0"
"2023";"09";"100101";"HUANUCO";"HUANUCO";"HUANUCO";"PRIVADO";"II-E";"00011592";"CLINICA HUANUCO E-I-R-LTDA.";"241300";"HOSPITALIZACIÓN QUIRÚRGICA UROLOGÍA  ";"17";"17";"57";"57";"4";"63";"0"
"2023";"09";"100101";"HUANUCO";"HUANUCO";"HUANUCO";"PRIVADO";"II-E";"00011592";"CLINICA HUANUCO E-I-R-LTDA.";"240100";"HOSPITALIZACIÓN QUIRÚRGICA CIRUGÍA GENERAL ";"21";"21";"40";"40";"3";"50";"0"
"2023";"09";"100101";"HUANUCO";"HUANUCO";"HUANUCO";"PRIVADO";"II-E";"00011592";"CLINICA HUANUCO E-I-R-LTDA.";"241900";"HOSPITALIZACIÓN DE MEDICINA MEDICINA INTERNA ";"8";"8";"14";"14";"1";"16";"0"
"2023";"09";"100101";"HUANUCO";"HUANUCO";"HUANUCO";"PRIVADO";"II-E";"00011592";"CLINICA HUANUCO E-I-R-LTDA.";"242300";"HOSPITALIZACIÓN DE PEDIATRÍA  PEDIATRÍA  GENERAL ";"4";"4";"10";"10";"1";"20";"0"
"2023";"09";"100101";"HUANUCO";"HUANUCO";"HUANUCO";"PRIVADO";"II-E";"00011592";"CLINICA HUANUCO E-I-R-LTDA.";"240900";"HOSPITALIZACIÓN QUIRÚRGICA NEUROCIRUGÍA ";"3";"3";"16";"16";"2";"44";"0"
"2023";"06";"040501";"AREQUIPA";"CAYLLOMA";"CHIVAY";"GOBIERNO REGIONAL";"I-1";"00001423";"PUESTO DE SALUD CANOCOTA";"NE_0001";"";"NE_0001";"NE_0001";"NE_0001";"NE_0001";"NE_0001";"NE_0001";"NE_0001"
"2023";"06";"040509";"AREQUIPA";"CAYLLOMA";"ICHUPAMPA";"GOBIERNO REGIONAL";"I-2";"00001425";"PUESTO DE SALUD ICHUPAMPA";"NE_0001";"";"NE_0001";"NE_0001";"NE_0001";"NE_0001";"NE_0001";"NE_0001";"NE_0001"
"2023";"06";"040519";"AREQUIPA";"CAYLLOMA";"YANQUE";"GOBIERNO REGIONAL";"I-2";"00001428";"PUESTO DE SALUD YANQUE";"NE_0001";"";"NE_0001";"NE_0001";"NE_0001";"NE_0001";"NE_0001";"NE_0001";"NE_0001"
"2023";"06";"040506";"AREQUIPA";"CAYLLOMA";"COPORAQUE";"GOBIERNO REGIONAL";"I-2";"00001424";"PUESTO DE SALUD COPORAQUE";"NE_0001";"";"NE_0001";"NE_0001";"NE_0001";"NE_0001";"NE_0001";"NE_0001";"NE_0001"
"2023";"06";"040510";"AREQUIPA";"CAYLLOMA";"LARI";"GOBIERNO REGIONAL";"I-2";"00001426";"PUESTO DE SALUD LARI";"NE_0001";"";"NE_0001";"NE_0001";"NE_0001";"NE_0001";"NE_0001";"NE_0001";"NE_0001"
"2023";"06";"040502";"AREQUIPA";"CAYLLOMA";"ACHOMA";"GOBIERNO REGIONAL";"I-2";"00001429";"PUESTO DE SALUD ACHOMA";"NE_0001";"";"NE_0001";"NE_0001";"NE_0001";"NE_0001";"NE_0001";"NE_0001";"NE_0001"
"2023";"06";"040512";"AREQUIPA";"CAYLLOMA";"MACA";"GOBIERNO REGIONAL";"I-2";"00001430";"PUESTO DE SALUD MACA";"NE_0001";"";"NE_0001";"NE_0001";"NE_0001";"NE_0001";"NE_0001";"NE_0001";"NE_0001"
"2023";"06";"040513";"AREQUIPA";"CAYLLOMA";"MADRIGAL";"GOBIERNO REGIONAL";"I-2";"00001427";"PUESTO DE SALUD MADRIGAL";"NE_0001";"";"NE_0001";"NE_0001";"NE_0001";"NE_0001";"NE_0001";"NE_0001";"NE_0001"
"2023";"06";"200501";"PIURA";"PAITA";"PAITA";"ESSALUD";"I-4";"00011763";"HOSPITAL I MIGUEL CRUZADO VERA - PAITA";"241800";"HOSPITALIZACIÓN DE MEDICINA MEDICINA GENERAL ";"87";"85";"380";"386";"13";"390";"4"
"2023";"06";"200501";"PIURA";"PAITA";"PAITA";"ESSALUD";"I-4";"00011763";"HOSPITAL I MIGUEL CRUZADO VERA - PAITA";"240100";"HOSPITALIZACIÓN QUIRÚRGICA CIRUGÍA GENERAL ";"7";"5";"8";"7";"1";"30";"0"
"2023";"06";"200501";"PIURA";"PAITA";"PAITA";"ESSALUD";"I-4";"00011763";"HOSPITAL I MIGUEL CRUZADO VERA - PAITA";"241400";"HOSPITALIZACIÓN QUIRÚRGICA GINECO - OBSTETRICIA ";"16";"16";"30";"27";"1";"30";"0"
"2023";"06";"200501";"PIURA";"PAITA";"PAITA";"ESSALUD";"I-4";"00011763";"HOSPITAL I MIGUEL CRUZADO VERA - PAITA";"242300";"HOSPITALIZACIÓN DE PEDIATRÍA  PEDIATRÍA  GENERAL ";"48";"47";"93";"105";"4";"120";"0"
"2023";"06";"040501";"AREQUIPA";"CAYLLOMA";"CHIVAY";"GOBIERNO REGIONAL";"I-4";"00001419";"CENTRO DE SALUD CHIVAY";"241600";"HOSPITALIZACIÓN QUIRÚRGICA OBSTETRICIA   ";"4";"4";"8";"8";"4";"240";"0"
"2023";"06";"040501";"AREQUIPA";"CAYLLOMA";"CHIVAY";"GOBIERNO REGIONAL";"I-1";"00001423";"PUESTO DE SALUD CANOCOTA";"NE_0001";"";"NE_0001";"NE_0001";"NE_0001";"NE_0001";"NE_0001";"NE_0001";"NE_0001"
"2023";"06";"040509";"AREQUIPA";"CAYLLOMA";"ICHUPAMPA";"GOBIERNO REGIONAL";"I-2";"00001425";"PUESTO DE SALUD ICHUPAMPA";"NE_0001";"";"NE_0001";"NE_0001";"NE_0001";"NE_0001";"NE_0001";"NE_0001";"NE_0001"
"2023";"06";"040519";"AREQUIPA";"CAYLLOMA";"YANQUE";"GOBIERNO REGIONAL";"I-2";"00001428";"PUESTO DE SALUD YANQUE";"NE_0001";"";"NE_0001";"NE_0001";"NE_0001";"NE_0001";"NE_0001";"NE_0001";"NE_0001"
"2023";"06";"040506";"AREQUIPA";"CAYLLOMA";"COPORAQUE";"GOBIERNO REGIONAL";"I-2";"00001424";"PUESTO DE SALUD COPORAQUE";"NE_0001";"";"NE_0001";"NE_0001";"NE_0001";"NE_0001";"NE_0001";"NE_0001";"NE_0001"
"2023";"06";"040510";"AREQUIPA";"CAYLLOMA";"LARI";"GOBIERNO REGIONAL";"I-2";"00001426";"PUESTO DE SALUD LARI";"NE_0001";"";"NE_0001";"NE_0001";"NE_0001";"NE_0001";"NE_0001";"NE_0001";"NE_0001"
"2023";"06";"040502";"AREQUIPA";"CAYLLOMA";"ACHOMA";"GOBIERNO REGIONAL";"I-2";"00001429";"PUESTO DE SALUD ACHOMA";"NE_0001";"";"NE_0001";"NE_0001";"NE_0001";"NE_0001";"NE_0001";"NE_0001";"NE_0001"
"2023";"06";"040512";"AREQUIPA";"CAYLLOMA";"MACA";"GOBIERNO REGIONAL";"I-2";"00001430";"PUESTO DE SALUD MACA";"NE_0001";"";"NE_0001";"NE_0001";"NE_0001";"NE_0001";"NE_0001";"NE_0001";"NE_0001"
"2023";"06";"040513";"AREQUIPA";"CAYLLOMA";"MADRIGAL";"GOBIERNO REGIONAL";"I-2";"00001427";"PUESTO DE SALUD MADRIGAL";"NE_0001";"";"NE_0001";"NE_0001";"NE_0001";"NE_0001";"NE_0001";"NE_0001";"NE_0001"
"2023";"06";"120702";"JUNIN";"TARMA";"ACOBAMBA";"GOBIERNO REGIONAL";"I-1";"00000522";"PICOY";"NE_0001";"";"NE_0001";"NE_0001";"NE_0001";"NE_0001";"NE_0001";"NE_0001";"NE_0001"
"2023";"06";"120702";"JUNIN";"TARMA";"ACOBAMBA";"GOBIERNO REGIONAL";"I-1";"00000526";"COLLPA";"NE_0001";"";"NE_0001";"NE_0001";"NE_0001";"NE_0001";"NE_0001";"NE_0001";"NE_0001"
"2023";"06";"040122";"AREQUIPA";"AREQUIPA";"SOCABAYA";"GOBIERNO REGIONAL";"I-2";"00001272";"PUESTO DE SALUD SALAVERRY";"NE_0001";"";"NE_0001";"NE_0001";"NE_0001";"NE_0001";"NE_0001";"NE_0001";"NE_0001"
"2023";"06";"120702";"JUNIN";"TARMA";"ACOBAMBA";"GOBIERNO REGIONAL";"I-1";"00000523";"HUARACAYO";"NE_0001";"";"NE_0001";"NE_0001";"NE_0001";"NE_0001";"NE_0001";"NE_0001";"NE_0001"
"2023";"06";"120702";"JUNIN";"TARMA";"ACOBAMBA";"GOBIERNO REGIONAL";"I-1";"00000524";"TUPIN";"NE_0001";"";"NE_0001";"NE_0001";"NE_0001";"NE_0001";"NE_0001";"NE_0001";"NE_0001"
"2023";"06";"040122";"AREQUIPA";"AREQUIPA";"SOCABAYA";"GOBIERNO REGIONAL";"I-3";"00001271";"CENTRO DE SALUD SAN FERNANDO";"NE_0001";"";"NE_0001";"NE_0001";"NE_0001";"NE_0001";"NE_0001";"NE_0001";"NE_0001"
"2023";"06";"040122";"AREQUIPA";"AREQUIPA";"SOCABAYA";"GOBIERNO REGIONAL";"I-2";"00001270";"PUESTO DE SALUD LARA";"NE_0001";"";"NE_0001";"NE_0001";"NE_0001";"NE_0001";"NE_0001";"NE_0001";"NE_0001"
"2023";"06";"040122";"AREQUIPA";"AREQUIPA";"SOCABAYA";"GOBIERNO REGIONAL";"I-2";"00023338";"PUESTO DE SALUD HORACIO ZEBALLOS GÁMEZ";"NE_0001";"";"NE_0001";"NE_0001";"NE_0001";"NE_0001";"NE_0001";"NE_0001";"NE_0001"
"2023";"06";"040122";"AREQUIPA";"AREQUIPA";"SOCABAYA";"GOBIERNO REGIONAL";"I-3";"00001258";"CENTRO DE SALUD SAN MARTIN DE SOCABAYA";"NE_0001";"";"NE_0001";"NE_0001";"NE_0001";"NE_0001";"NE_0001";"NE_0001";"NE_0001"
"2023";"06";"040122";"AREQUIPA";"AREQUIPA";"SOCABAYA";"GOBIERNO REGIONAL";"I-3";"00001268";"CENTRO DE SALUD 4 DE OCTUBRE";"NE_0001";"";"NE_0001";"NE_0001";"NE_0001";"NE_0001";"NE_0001";"NE_0001";"NE_0001"
"2023";"06";"150131";"LIMA";"LIMA";"SAN ISIDRO";"PRIVADO";"I-2";"00025076";"CONSULTORIOS EXTERNOS ANGLO AMERICANA";"NE_0001";"";"NE_0001";"NE_0001";"NE_0001";"NE_0001";"NE_0001";"NE_0001";"NE_0001"
"2023";"06";"180106";"MOQUEGUA";"MARISCAL NIETO";"TORATA";"PRIVADO";"II-1";"00017393";"HOSPITAL CUAJONE DE LA SOUTHERN PERU";"240100";"HOSPITALIZACIÓN QUIRÚRGICA CIRUGÍA GENERAL ";"14";"18";"60";"71";"14";"420";"0"
"2023";"06";"180106";"MOQUEGUA";"MARISCAL NIETO";"TORATA";"PRIVADO";"II-1";"00017393";"HOSPITAL CUAJONE DE LA SOUTHERN PERU";"241800";"HOSPITALIZACIÓN DE MEDICINA MEDICINA GENERAL ";"37";"42";"113";"140";"16";"480";"0"
"2023";"06";"230302";"TACNA";"JORGE BASADRE";"ILABAYA";"PRIVADO";"I-4";"00018230";"HOSPITAL TOQUEPALA";"240100";"HOSPITALIZACIÓN QUIRÚRGICA CIRUGÍA GENERAL ";"6";"7";"47";"175";"12";"360";"0"
"2023";"06";"230302";"TACNA";"JORGE BASADRE";"ILABAYA";"PRIVADO";"I-4";"00018230";"HOSPITAL TOQUEPALA";"241400";"HOSPITALIZACIÓN QUIRÚRGICA GINECO - OBSTETRICIA ";"0";"1";"2";"50";"2";"60";"0"
"2023";"06";"230302";"TACNA";"JORGE BASADRE";"ILABAYA";"PRIVADO";"I-4";"00018230";"HOSPITAL TOQUEPALA";"241800";"HOSPITALIZACIÓN DE MEDICINA MEDICINA GENERAL ";"4";"5";"20";"146";"14";"420";"0"
"2023";"06";"200601";"PIURA";"SULLANA";"SULLANA";"PRIVADO";"II-1";"00012261";"CLINICA INMACULADA";"240000";"HOSPITALIZACIÓN";"138";"135";"182";"190";"30";"900";"0"
"2023";"01";"060109";"CAJAMARCA";"CAJAMARCA";"MAGDALENA";"GOBIERNO REGIONAL";"I-1";"00016886";"SAN CRISTOBAL";"NE_0001";"";"NE_0001";"NE_0001";"NE_0001";"NE_0001";"NE_0001";"NE_0001";"NE_0001"
"2023";"01";"060101";"CAJAMARCA";"CAJAMARCA";"CAJAMARCA";"GOBIERNO REGIONAL";"I-3";"00004657";"PACHACUTEC";"NE_0001";"";"NE_0001";"NE_0001";"NE_0001";"NE_0001";"NE_0001";"NE_0001";"NE_0001"
"2023";"01";"060101";"CAJAMARCA";"CAJAMARCA";"CAJAMARCA";"GOBIERNO REGIONAL";"I-1";"00004656";"ATAHUALPA";"NE_0001";"";"NE_0001";"NE_0001";"NE_0001";"NE_0001";"NE_0001";"NE_0001";"NE_0001"
"2023";"01";"060101";"CAJAMARCA";"CAJAMARCA";"CAJAMARCA";"GOBIERNO REGIONAL";"I-1";"00004654";"SAMANACRUZ";"NE_0001";"";"NE_0001";"NE_0001";"NE_0001";"NE_0001";"NE_0001";"NE_0001";"NE_0001"
"2023";"01";"060103";"CAJAMARCA";"CAJAMARCA";"CHETILLA";"GOBIERNO REGIONAL";"I-2";"00004653";"CHETILLA";"NE_0001";"";"NE_0001";"NE_0001";"NE_0001";"NE_0001";"NE_0001";"NE_0001";"NE_0001"
"2023";"07";"021905";"ANCASH";"SIHUAS";"CHINGALPO";"GOBIERNO REGIONAL";"I-1";"00001800";"PUESTO DE SALUD CHINGALPO";"NE_0002";"";"NE_0002";"NE_0002";"NE_0002";"NE_0002";"NE_0002";"NE_0002";"NE_0002"
"2023";"07";"021905";"ANCASH";"SIHUAS";"CHINGALPO";"GOBIERNO REGIONAL";"I-1";"00001754";"PUESTO DE SALUD SAN MIGUEL";"NE_0002";"";"NE_0002";"NE_0002";"NE_0002";"NE_0002";"NE_0002";"NE_0002";"NE_0002"
"2023";"07";"021903";"ANCASH";"SIHUAS";"ALFONSO UGARTE";"GOBIERNO REGIONAL";"I-1";"00001805";"PUESTO DE SALUD ULLOLLUCO";"NE_0002";"";"NE_0002";"NE_0002";"NE_0002";"NE_0002";"NE_0002";"NE_0002";"NE_0002"
"2023";"07";"080106";"CUSCO";"CUSCO";"SANTIAGO";"OTRO";"II-E";"00012995";"SAN JUAN PABLO II";"242200";"HOSPITALIZACIÓN DE MEDICINA PSIQUIATRÍA ";"46";"7";"107";"2461";"40";"1240";"0"
"2023";"07";"070106";"CALLAO";"CALLAO";"VENTANILLA";"GOBIERNO REGIONAL";"I-4";"00006256";"CENTRO DE SALUD VILLA LOS REYES";"241600";"HOSPITALIZACIÓN QUIRÚRGICA OBSTETRICIA   ";"13";"13";"13";"124";"4";"124";"0"
"2023";"07";"220801";"SAN MARTIN";"RIOJA";"RIOJA";"ESSALUD";"I-4";"00021003";"CENTRO MEDICO RIOJA - ESSALUD";"241800";"HOSPITALIZACIÓN DE MEDICINA MEDICINA GENERAL ";"49";"44";"154";"147";"5";"155";"0"
"2023";"07";"220801";"SAN MARTIN";"RIOJA";"RIOJA";"ESSALUD";"I-4";"00021003";"CENTRO MEDICO RIOJA - ESSALUD";"241600";"HOSPITALIZACIÓN QUIRÚRGICA OBSTETRICIA   ";"9";"7";"14";"18";"1";"31";"0"
"2023";"07";"220801";"SAN MARTIN";"RIOJA";"RIOJA";"ESSALUD";"I-4";"00021003";"CENTRO MEDICO RIOJA - ESSALUD";"242300";"HOSPITALIZACIÓN DE PEDIATRÍA  PEDIATRÍA  GENERAL ";"16";"15";"39";"41";"2";"62";"0"
"2023";"07";"020601";"ANCASH";"CARHUAZ";"CARHUAZ";"GOBIERNO REGIONAL";"II-1";"00001516";"HOSPITAL DE APOYO CARHUAZ";"240100";"HOSPITALIZACIÓN QUIRÚRGICA CIRUGÍA GENERAL ";"2";"2";"20";"20";"2";"62";"0"
"2023";"07";"020601";"ANCASH";"CARHUAZ";"CARHUAZ";"GOBIERNO REGIONAL";"II-1";"00001516";"HOSPITAL DE APOYO CARHUAZ";"241500";"HOSPITALIZACIÓN QUIRÚRGICA GINECOLOGÍA  ";"20";"20";"35";"34";"3";"93";"0"
"2023";"07";"020601";"ANCASH";"CARHUAZ";"CARHUAZ";"GOBIERNO REGIONAL";"II-1";"00001516";"HOSPITAL DE APOYO CARHUAZ";"241600";"HOSPITALIZACIÓN QUIRÚRGICA OBSTETRICIA   ";"35";"37";"54";"52";"4";"124";"0"
"2023";"07";"020601";"ANCASH";"CARHUAZ";"CARHUAZ";"GOBIERNO REGIONAL";"II-1";"00001516";"HOSPITAL DE APOYO CARHUAZ";"241800";"HOSPITALIZACIÓN DE MEDICINA MEDICINA GENERAL ";"12";"9";"35";"45";"3";"93";"1"
"2023";"07";"020601";"ANCASH";"CARHUAZ";"CARHUAZ";"GOBIERNO REGIONAL";"II-1";"00001516";"HOSPITAL DE APOYO CARHUAZ";"242500";"HOSPITALIZACIÓN-PEDIATRÍA GENERAL-";"5";"5";"25";"25";"5";"155";"0"
"2023";"07";"021201";"ANCASH";"HUAYLAS";"CARAZ";"GOBIERNO REGIONAL";"II-1";"00001587";"HOSPITAL DE APOYO CARAZ";"241800";"HOSPITALIZACIÓN DE MEDICINA MEDICINA GENERAL ";"22";"20";"83";"126";"16";"496";"1"
"2023";"07";"021201";"ANCASH";"HUAYLAS";"CARAZ";"GOBIERNO REGIONAL";"II-1";"00001587";"HOSPITAL DE APOYO CARAZ";"240100";"HOSPITALIZACIÓN QUIRÚRGICA CIRUGÍA GENERAL ";"25";"22";"74";"110";"6";"186";"0"
"2023";"07";"021201";"ANCASH";"HUAYLAS";"CARAZ";"GOBIERNO REGIONAL";"II-1";"00001587";"HOSPITAL DE APOYO CARAZ";"242500";"HOSPITALIZACIÓN-PEDIATRÍA GENERAL-";"16";"14";"53";"62";"9";"279";"0"
"2023";"07";"021201";"ANCASH";"HUAYLAS";"CARAZ";"GOBIERNO REGIONAL";"II-1";"00001587";"HOSPITAL DE APOYO CARAZ";"241600";"HOSPITALIZACIÓN QUIRÚRGICA OBSTETRICIA   ";"41";"42";"61";"86";"6";"186";"0"
"2023";"07";"021201";"ANCASH";"HUAYLAS";"CARAZ";"GOBIERNO REGIONAL";"II-1";"00001587";"HOSPITAL DE APOYO CARAZ";"241500";"HOSPITALIZACIÓN QUIRÚRGICA GINECOLOGÍA  ";"71";"70";"130";"186";"6";"186";"0"
"2023";"07";"150137";"LIMA";"LIMA";"SANTA ANITA";"ESSALUD";"II-E";"00010434";"ESSALUD - HOSPITAL IIE SAN ISIDRO LABRADOR";"241900";"HOSPITALIZACIÓN DE MEDICINA MEDICINA INTERNA ";"194";"203";"3575";"4227";"180";"5580";"16"
"2023";"07";"150137";"LIMA";"LIMA";"SANTA ANITA";"ESSALUD";"II-E";"00010434";"ESSALUD - HOSPITAL IIE SAN ISIDRO LABRADOR";"250200";"UNIDAD DE CUIDADOS CRITICOS UNIDAD DE CUIDADOS INTERMEDIOS GENERAL  (UCIN) ";"6";"9";"121";"153";"12";"372";"9"
"2023";"07";"150137";"LIMA";"LIMA";"SANTA ANITA";"ESSALUD";"II-E";"00010434";"ESSALUD - HOSPITAL IIE SAN ISIDRO LABRADOR";"250103";"UNIDAD DE CUIDADOS CRITICOS UNIDAD  DE CUIDADOS INTENSIVOS GENERALES  (UCI) MEDICINA";"4";"5";"342";"146";"8";"186";"5"
"2023";"07";"021801";"ANCASH";"SANTA";"CHIMBOTE";"PRIVADO";"II-1";"00015375";"CLINICA SAN PEDRO";"241800";"HOSPITALIZACIÓN DE MEDICINA MEDICINA GENERAL ";"13";"11";"47";"53";"6";"186";"0"
"2023";"07";"021801";"ANCASH";"SANTA";"CHIMBOTE";"PRIVADO";"II-1";"00015375";"CLINICA SAN PEDRO";"240100";"HOSPITALIZACIÓN QUIRÚRGICA CIRUGÍA GENERAL ";"37";"33";"61";"69";"6";"186";"0"
"2023";"07";"021801";"ANCASH";"SANTA";"CHIMBOTE";"PRIVADO";"II-1";"00015375";"CLINICA SAN PEDRO";"241400";"HOSPITALIZACIÓN QUIRÚRGICA GINECO - OBSTETRICIA ";"52";"49";"74";"84";"6";"186";"0"
"2023";"07";"050701";"AYACUCHO";"PARINACOCHAS";"CORACORA";"ESSALUD";"I-2";"00011443";"CORACORA";"NE_0001";"";"NE_0001";"NE_0001";"NE_0001";"NE_0001";"NE_0001";"NE_0001";"NE_0001"
"2023";"07";"120101";"JUNIN";"HUANCAYO";"HUANCAYO";"ESSALUD";"I-3";"00012190";"CAP III MANTARO";"NE_0001";"";"NE_0001";"NE_0001";"NE_0001";"NE_0001";"NE_0001";"NE_0001";"NE_0001"
"2023";"07";"100503";"HUANUCO";"HUAMALIES";"CHAVIN DE PARIARCA";"GOBIERNO REGIONAL";"I-1";"00000899";"SAN JUAN DE PAMPAS";"NE_0001";"";"NE_0001";"NE_0001";"NE_0001";"NE_0001";"NE_0001";"NE_0001";"NE_0001"
"2023";"07";"100503";"HUANUCO";"HUAMALIES";"CHAVIN DE PARIARCA";"GOBIERNO REGIONAL";"I-1";"00007720";"QUIPRAN";"NE_0001";"";"NE_0001";"NE_0001";"NE_0001";"NE_0001";"NE_0001";"NE_0001";"NE_0001"
"2023";"07";"100503";"HUANUCO";"HUAMALIES";"CHAVIN DE PARIARCA";"GOBIERNO REGIONAL";"I-3";"00000896";"CHAVIN DE PARIARCA";"NE_0001";"";"NE_0001";"NE_0001";"NE_0001";"NE_0001";"NE_0001";"NE_0001";"NE_0001"
"2023";"07";"240301";"TUMBES";"ZARUMILLA";"ZARUMILLA";"ESSALUD";"I-2";"00012271";"POSTA MEDICA ZARUMILLA";"NE_0001";"";"NE_0001";"NE_0001";"NE_0001";"NE_0001";"NE_0001";"NE_0001";"NE_0001"
"2023";"07";"120501";"JUNIN";"JUNIN";"JUNIN";"GOBIERNO REGIONAL";"II-1";"00000519";"DE APOYO JUNIN";"241800";"HOSPITALIZACIÓN DE MEDICINA MEDICINA GENERAL ";"1";"2";"9";"8";"10";"310";"0"
"2023";"07";"120501";"JUNIN";"JUNIN";"JUNIN";"GOBIERNO REGIONAL";"II-1";"00000519";"DE APOYO JUNIN";"242500";"HOSPITALIZACIÓN-PEDIATRÍA GENERAL-";"3";"2";"7";"8";"4";"124";"0"
"2023";"07";"120501";"JUNIN";"JUNIN";"JUNIN";"GOBIERNO REGIONAL";"II-1";"00000519";"DE APOYO JUNIN";"240100";"HOSPITALIZACIÓN QUIRÚRGICA CIRUGÍA GENERAL ";"10";"10";"24";"24";"10";"310";"0"
"2023";"07";"120501";"JUNIN";"JUNIN";"JUNIN";"GOBIERNO REGIONAL";"II-1";"00000519";"DE APOYO JUNIN";"241500";"HOSPITALIZACIÓN QUIRÚRGICA GINECOLOGÍA  ";"14";"9";"21";"27";"4";"124";"0"
"2023";"07";"120501";"JUNIN";"JUNIN";"JUNIN";"GOBIERNO REGIONAL";"II-1";"00000519";"DE APOYO JUNIN";"242200";"HOSPITALIZACIÓN DE MEDICINA PSIQUIATRÍA ";"1";"4";"142";"139";"10";"310";"0"
"2023";"07";"120501";"JUNIN";"JUNIN";"JUNIN";"GOBIERNO REGIONAL";"II-1";"00000519";"DE APOYO JUNIN";"241600";"HOSPITALIZACIÓN QUIRÚRGICA OBSTETRICIA   ";"11";"12";"21";"20";"4";"124";"0"
"2023";"08";"221005";"SAN MARTIN";"TOCACHE";"UCHIZA";"SANIDAD DE LA POLICIA NACIONAL DEL PERU";"I-1";"00025272";"PUESTO SANITARIO PNP SANTA LUCIA";"NE_0001";"";"NE_0001";"NE_0001";"NE_0001";"NE_0001";"NE_0001";"NE_0001";"NE_0001"
"2023";"08";"010601";"AMAZONAS";"RODRIGUEZ DE MENDOZA";"SAN NICOLAS";"GOBIERNO REGIONAL";"II-1";"00004950";"MARIA AUXILIADORA";"241600";"HOSPITALIZACIÓN QUIRÚRGICA OBSTETRICIA   ";"19";"19";"44";"44";"5";"155";"0"
"2023";"08";"010601";"AMAZONAS";"RODRIGUEZ DE MENDOZA";"SAN NICOLAS";"GOBIERNO REGIONAL";"II-1";"00004950";"MARIA AUXILIADORA";"241800";"HOSPITALIZACIÓN DE MEDICINA MEDICINA GENERAL ";"18";"18";"69";"69";"10";"310";"0"
"2023";"01";"150135";"LIMA";"LIMA";"SAN MARTIN DE PORRES";"MINSA";"III-1";"00007633";"HOSPITAL NACIONAL CAYETANO HEREDIA";"241900";"HOSPITALIZACIÓN DE MEDICINA MEDICINA INTERNA ";"242";"239";"3670";"2690";"92";"2852";"22"
"2023";"01";"150135";"LIMA";"LIMA";"SAN MARTIN DE PORRES";"MINSA";"III-1";"00007633";"HOSPITAL NACIONAL CAYETANO HEREDIA";"245300";"HOSPITALIZACIÓN DE MEDICINA NEUMOLOGÍA  ";"47";"45";"427";"644";"22";"682";"9"
"2023";"01";"150135";"LIMA";"LIMA";"SAN MARTIN DE PORRES";"MINSA";"III-1";"00007633";"HOSPITAL NACIONAL CAYETANO HEREDIA";"242000";"HOSPITALIZACIÓN DE MEDICINA MEDICINA TROPICAL E INFECCIOSAS ";"51";"42";"813";"962";"32";"992";"1"
"2023";"01";"150135";"LIMA";"LIMA";"SAN MARTIN DE PORRES";"MINSA";"III-1";"00007633";"HOSPITAL NACIONAL CAYETANO HEREDIA";"240100";"HOSPITALIZACIÓN QUIRÚRGICA CIRUGÍA GENERAL ";"233";"239";"2196";"1824";"64";"1984";"2"
"2023";"01";"150135";"LIMA";"LIMA";"SAN MARTIN DE PORRES";"MINSA";"III-1";"00007633";"HOSPITAL NACIONAL CAYETANO HEREDIA";"240500";"HOSPITALIZACIÓN QUIRÚRGICA CIRUGÍA DE TRANSPLANTES ";"15";"13";"234";"204";"7";"217";"0"
"2023";"01";"150135";"LIMA";"LIMA";"SAN MARTIN DE PORRES";"MINSA";"III-1";"00007633";"HOSPITAL NACIONAL CAYETANO HEREDIA";"241200";"HOSPITALIZACIÓN QUIRÚRGICA TRAUMATOLOGÍA Y ORTOPEDIA ";"112";"65";"1210";"1741";"58";"1798";"0"
"2023";"01";"150135";"LIMA";"LIMA";"SAN MARTIN DE PORRES";"MINSA";"III-1";"00007633";"HOSPITAL NACIONAL CAYETANO HEREDIA";"242300";"HOSPITALIZACIÓN DE PEDIATRÍA  PEDIATRÍA  GENERAL ";"119";"132";"809";"739";"27";"837";"0"
"2023";"03";"150110";"LIMA";"LIMA";"COMAS";"MINSA";"III-1";"00007634";"HOSPITAL SERGIO E. BERNALES";"241900";"HOSPITALIZACIÓN DE MEDICINA MEDICINA INTERNA ";"115";"112";"1414";"1343";"48";"2418";"19"
"2023";"03";"150110";"LIMA";"LIMA";"COMAS";"MINSA";"III-1";"00007634";"HOSPITAL SERGIO E. BERNALES";"245300";"HOSPITALIZACIÓN DE MEDICINA NEUMOLOGÍA  ";"24";"26";"480";"654";"30";"930";"1"
"2023";"03";"150110";"LIMA";"LIMA";"COMAS";"MINSA";"III-1";"00007634";"HOSPITAL SERGIO E. BERNALES";"240100";"HOSPITALIZACIÓN QUIRÚRGICA CIRUGÍA GENERAL ";"267";"251";"1385";"1613";"65";"2015";"1"
"2023";"03";"150110";"LIMA";"LIMA";"COMAS";"MINSA";"III-1";"00007634";"HOSPITAL SERGIO E. BERNALES";"241200";"HOSPITALIZACIÓN QUIRÚRGICA TRAUMATOLOGÍA Y ORTOPEDIA ";"34";"44";"635";"616";"22";"682";"0"
"2023";"03";"150110";"LIMA";"LIMA";"COMAS";"MINSA";"III-1";"00007634";"HOSPITAL SERGIO E. BERNALES";"242300";"HOSPITALIZACIÓN DE PEDIATRÍA  PEDIATRÍA  GENERAL ";"121";"110";"368";"440";"28";"868";"0"
"2023";"03";"150110";"LIMA";"LIMA";"COMAS";"MINSA";"III-1";"00007634";"HOSPITAL SERGIO E. BERNALES";"243200";"HOSPITALIZACIÓN DE PEDIATRÍA PEDIATRIA NEONATOLOGÍA";"368";"343";"1113";"785";"26";"806";"1"
"2023";"03";"150110";"LIMA";"LIMA";"COMAS";"MINSA";"III-1";"00007634";"HOSPITAL SERGIO E. BERNALES";"241600";"HOSPITALIZACIÓN QUIRÚRGICA OBSTETRICIA   ";"79";"90";"350";"313";"14";"434";"0"
"2023";"03";"150110";"LIMA";"LIMA";"COMAS";"MINSA";"III-1";"00007634";"HOSPITAL SERGIO E. BERNALES";"241500";"HOSPITALIZACIÓN QUIRÚRGICA GINECOLOGÍA  ";"518";"501";"1307";"1303";"66";"2046";"0"
"2023";"03";"130905";"LA LIBERTAD";"SANCHEZ CARRION";"MARCABAL";"GOBIERNO REGIONAL";"I-2";"00013552";"AGOCAS";"NE_0001";"";"NE_0001";"NE_0001";"NE_0001";"NE_0001";"NE_0001";"NE_0001";"NE_0001"
"2023";"03";"130905";"LA LIBERTAD";"SANCHEZ CARRION";"MARCABAL";"GOBIERNO REGIONAL";"I-1";"00013827";"NARANJOPAMPA";"NE_0001";"";"NE_0001";"NE_0001";"NE_0001";"NE_0001";"NE_0001";"NE_0001";"NE_0001"
"2023";"03";"130905";"LA LIBERTAD";"SANCHEZ CARRION";"MARCABAL";"GOBIERNO REGIONAL";"I-2";"00013550";"SHITA";"NE_0001";"";"NE_0001";"NE_0001";"NE_0001";"NE_0001";"NE_0001";"NE_0001";"NE_0001"
"2023";"03";"130905";"LA LIBERTAD";"SANCHEZ CARRION";"MARCABAL";"GOBIERNO REGIONAL";"I-2";"00013825";"CHAQUILBAMBA";"NE_0001";"";"NE_0001";"NE_0001";"NE_0001";"NE_0001";"NE_0001";"NE_0001";"NE_0001"
"2023";"03";"130905";"LA LIBERTAD";"SANCHEZ CARRION";"MARCABAL";"GOBIERNO REGIONAL";"I-2";"00005358";"MARCABALITO";"NE_0001";"";"NE_0001";"NE_0001";"NE_0001";"NE_0001";"NE_0001";"NE_0001";"NE_0001"
"2023";"03";"130905";"LA LIBERTAD";"SANCHEZ CARRION";"MARCABAL";"GOBIERNO REGIONAL";"I-2";"00013794";"LLUCHUBAMBA";"NE_0001";"";"NE_0001";"NE_0001";"NE_0001";"NE_0001";"NE_0001";"NE_0001";"NE_0001"
"2023";"04";"150141";"LIMA";"LIMA";"SURQUILLO";"MINSA";"III-2";"00006210";"INSTITUTO NACIONAL DE ENFERMEDADES NEOPLASICAS";"243600";"HOSPITALIZACIÓN DE PEDIATRÍA PEDIATRIA ONCOLOGÍA PEDIÁTRICA";"8";"47";"1898";"1898";"43";"1770";"2"
"2023";"04";"150141";"LIMA";"LIMA";"SURQUILLO";"MINSA";"III-2";"00006210";"INSTITUTO NACIONAL DE ENFERMEDADES NEOPLASICAS";"242100";"HOSPITALIZACIÓN DE MEDICINA ONCOLOGÍA MÉDICA ";"182";"234";"3576";"3576";"140";"4500";"6"
"2023";"04";"150141";"LIMA";"LIMA";"SURQUILLO";"MINSA";"III-2";"00006210";"INSTITUTO NACIONAL DE ENFERMEDADES NEOPLASICAS";"250000";"UNIDAD DE CUIDADOS CRITICOS  ";"0";"11";"303";"303";"10";"1110";"9"
"2023";"04";"150141";"LIMA";"LIMA";"SURQUILLO";"MINSA";"III-2";"00006210";"INSTITUTO NACIONAL DE ENFERMEDADES NEOPLASICAS";"241000";"HOSPITALIZACIÓN QUIRÚRGICA ONCOLOGÍA QUIRÚRGICA  ";"284";"316";"2772";"2772";"119";"3510";"1"
"2023";"04";"120302";"JUNIN";"CHANCHAMAYO";"PERENE";"GOBIERNO REGIONAL";"I-2";"00000337";"MIRICHARO";"NE_0001";"";"NE_0001";"NE_0001";"NE_0001";"NE_0001";"NE_0001";"NE_0001";"NE_0001"
"2023";"04";"120302";"JUNIN";"CHANCHAMAYO";"PERENE";"GOBIERNO REGIONAL";"I-3";"00006716";"CIUDAD SATELITE";"NE_0001";"";"NE_0001";"NE_0001";"NE_0001";"NE_0001";"NE_0001";"NE_0001";"NE_0001"
"2023";"04";"120302";"JUNIN";"CHANCHAMAYO";"PERENE";"GOBIERNO REGIONAL";"I-1";"00000338";"SAN CRISTOBAL";"NE_0001";"";"NE_0001";"NE_0001";"NE_0001";"NE_0001";"NE_0001";"NE_0001";"NE_0001"
"2023";"04";"120302";"JUNIN";"CHANCHAMAYO";"PERENE";"GOBIERNO REGIONAL";"I-1";"00000339";"SAN ANTONIO ALTO PICHANAKI";"NE_0001";"";"NE_0001";"NE_0001";"NE_0001";"NE_0001";"NE_0001";"NE_0001";"NE_0001"
"2023";"04";"040411";"AREQUIPA";"CASTILLA";"TIPAN";"GOBIERNO REGIONAL";"I-1";"00001400";"PUESTO DE SALUD TIPAN";"NE_0001";"";"NE_0001";"NE_0001";"NE_0001";"NE_0001";"NE_0001";"NE_0001";"NE_0001"
"2023";"04";"040412";"AREQUIPA";"CASTILLA";"UÑON";"GOBIERNO REGIONAL";"I-2";"00001403";"PUESTO DE SALUD UÑON";"NE_0001";"";"NE_0001";"NE_0001";"NE_0001";"NE_0001";"NE_0001";"NE_0001";"NE_0001"
"2023";"04";"040414";"AREQUIPA";"CASTILLA";"VIRACO";"GOBIERNO REGIONAL";"I-1";"00006766";"PUESTO DE SALUD HUAMI";"NE_0001";"";"NE_0001";"NE_0001";"NE_0001";"NE_0001";"NE_0001";"NE_0001";"NE_0001"
"2023";"04";"040408";"AREQUIPA";"CASTILLA";"MACHAGUAY";"GOBIERNO REGIONAL";"I-2";"00001402";"PUESTO DE SALUD MACHAGUAY";"NE_0001";"";"NE_0001";"NE_0001";"NE_0001";"NE_0001";"NE_0001";"NE_0001";"NE_0001"
"2023";"04";"040411";"AREQUIPA";"CASTILLA";"TIPAN";"GOBIERNO REGIONAL";"I-1";"00001401";"PUESTO DE SALUD TAGRE";"NE_0001";"";"NE_0001";"NE_0001";"NE_0001";"NE_0001";"NE_0001";"NE_0001";"NE_0001"
"2023";"04";"040414";"AREQUIPA";"CASTILLA";"VIRACO";"GOBIERNO REGIONAL";"I-3";"00001386";"CENTRO DE SALUD VIRACO";"NE_0001";"";"NE_0001";"NE_0001";"NE_0001";"NE_0001";"NE_0001";"NE_0001";"NE_0001"
"2023";"07";"160101";"LORETO";"MAYNAS";"IQUITOS";"PRIVADO";"II-1";"00012170";"SERVICIOS MEDICOS CLINICA SANTA ANITA SRL";"NE_0002";"";"NE_0002";"NE_0002";"NE_0002";"NE_0002";"NE_0002";"NE_0002";"NE_0002"
"2023";"07";"040401";"AREQUIPA";"CASTILLA";"APLAO";"GOBIERNO REGIONAL";"I-3";"00024409";"CENTRO DE SALUD MENTAL COMUNITARIO LA REAL C.C.U.";"NE_0001";"";"NE_0001";"NE_0001";"NE_0001";"NE_0001";"NE_0001";"NE_0001";"NE_0001"
"2023";"04";"190301";"PASCO";"OXAPAMPA";"OXAPAMPA";"GOBIERNO REGIONAL";"II-1";"00000980";"ERNESTO GERMAN GUZMÁN GONZALES";"250103";"UNIDAD DE CUIDADOS CRITICOS UNIDAD  DE CUIDADOS INTENSIVOS GENERALES  (UCI) MEDICINA";"7";"7";"77";"77";"2";"80";"1"
"2023";"04";"190301";"PASCO";"OXAPAMPA";"OXAPAMPA";"GOBIERNO REGIONAL";"II-1";"00000980";"ERNESTO GERMAN GUZMÁN GONZALES";"250108";"UNIDAD DE CUIDADOS CRITICOS UNIDAD  DE CUIDADOS INTENSIVOS  (UCI) PEDIÁTRICA";"1";"1";"3";"3";"1";"5";"3"
"2023";"04";"190301";"PASCO";"OXAPAMPA";"OXAPAMPA";"GOBIERNO REGIONAL";"II-1";"00000980";"ERNESTO GERMAN GUZMÁN GONZALES";"241800";"HOSPITALIZACIÓN DE MEDICINA MEDICINA GENERAL ";"14";"14";"82";"82";"2";"90";"0"
"2023";"04";"190301";"PASCO";"OXAPAMPA";"OXAPAMPA";"GOBIERNO REGIONAL";"II-1";"00000980";"ERNESTO GERMAN GUZMÁN GONZALES";"240100";"HOSPITALIZACIÓN QUIRÚRGICA CIRUGÍA GENERAL ";"20";"20";"74";"74";"5";"150";"0"
"2023";"04";"190301";"PASCO";"OXAPAMPA";"OXAPAMPA";"GOBIERNO REGIONAL";"II-1";"00000980";"ERNESTO GERMAN GUZMÁN GONZALES";"241200";"HOSPITALIZACIÓN QUIRÚRGICA TRAUMATOLOGÍA Y ORTOPEDIA ";"10";"10";"57";"57";"1";"67";"0"
"2023";"04";"190301";"PASCO";"OXAPAMPA";"OXAPAMPA";"GOBIERNO REGIONAL";"II-1";"00000980";"ERNESTO GERMAN GUZMÁN GONZALES";"241400";"HOSPITALIZACIÓN QUIRÚRGICA GINECO - OBSTETRICIA ";"58";"58";"111";"111";"4";"180";"0"
"2023";"04";"190301";"PASCO";"OXAPAMPA";"OXAPAMPA";"GOBIERNO REGIONAL";"II-1";"00000980";"ERNESTO GERMAN GUZMÁN GONZALES";"242500";"HOSPITALIZACIÓN-PEDIATRÍA GENERAL-";"5";"5";"13";"13";"2";"60";"0"
"2023";"04";"190301";"PASCO";"OXAPAMPA";"OXAPAMPA";"GOBIERNO REGIONAL";"II-1";"00000980";"ERNESTO GERMAN GUZMÁN GONZALES";"240700";"HOSPITALIZACIÓN QUIRÚRGICA CIRUGÍA PEDIÁTRICA ";"1";"1";"1";"1";"1";"30";"0"
"2023";"04";"190301";"PASCO";"OXAPAMPA";"OXAPAMPA";"GOBIERNO REGIONAL";"II-1";"00000980";"ERNESTO GERMAN GUZMÁN GONZALES";"243200";"HOSPITALIZACIÓN DE PEDIATRÍA PEDIATRIA NEONATOLOGÍA";"5";"5";"10";"10";"3";"90";"0"
"2023";"08";"150118";"LIMA";"LIMA";"LURIGANCHO";"PRIVADO";"II-E";"00016951";"CLINICA MADRE ZORAIDA";"241400";"HOSPITALIZACIÓN QUIRÚRGICA GINECO - OBSTETRICIA ";"8";"8";"26";"27";"6";"155";"0"
"2023";"08";"150118";"LIMA";"LIMA";"LURIGANCHO";"PRIVADO";"II-E";"00016951";"CLINICA MADRE ZORAIDA";"240100";"HOSPITALIZACIÓN QUIRÚRGICA CIRUGÍA GENERAL ";"2";"2";"4";"4";"6";"151";"0"
"2023";"08";"220803";"SAN MARTIN";"RIOJA";"ELIAS SOPLIN VARGAS";"GOBIERNO REGIONAL";"I-1";"00006903";"SANTA FE";"NE_0002";"";"NE_0002";"NE_0002";"NE_0002";"NE_0002";"NE_0002";"NE_0002";"NE_0002"
"2023";"08";"220803";"SAN MARTIN";"RIOJA";"ELIAS SOPLIN VARGAS";"GOBIERNO REGIONAL";"I-1";"00006278";"VALLE GRANDE";"NE_0002";"";"NE_0002";"NE_0002";"NE_0002";"NE_0002";"NE_0002";"NE_0002";"NE_0002"
"2023";"08";"060607";"CAJAMARCA";"CUTERVO";"QUEROCOTILLO";"GOBIERNO REGIONAL";"I-2";"00005007";"SANTA ROSA DE QUEROCOTILLO";"NE_0001";"";"NE_0001";"NE_0001";"NE_0001";"NE_0001";"NE_0001";"NE_0001";"NE_0001"
"2023";"08";"060607";"CAJAMARCA";"CUTERVO";"QUEROCOTILLO";"GOBIERNO REGIONAL";"I-1";"00006869";"LAS DELICIAS";"NE_0001";"";"NE_0001";"NE_0001";"NE_0001";"NE_0001";"NE_0001";"NE_0001";"NE_0001"
"2023";"08";"060607";"CAJAMARCA";"CUTERVO";"QUEROCOTILLO";"GOBIERNO REGIONAL";"I-2";"00005010";"INGUER";"NE_0001";"";"NE_0001";"NE_0001";"NE_0001";"NE_0001";"NE_0001";"NE_0001";"NE_0001"
"2023";"08";"060607";"CAJAMARCA";"CUTERVO";"QUEROCOTILLO";"GOBIERNO REGIONAL";"I-1";"00006942";"LA SUCCHA ALTA";"NE_0001";"";"NE_0001";"NE_0001";"NE_0001";"NE_0001";"NE_0001";"NE_0001";"NE_0001"
"2023";"08";"060607";"CAJAMARCA";"CUTERVO";"QUEROCOTILLO";"GOBIERNO REGIONAL";"I-1";"00007099";"AGUA BLANCA";"NE_0001";"";"NE_0001";"NE_0001";"NE_0001";"NE_0001";"NE_0001";"NE_0001";"NE_0001"
"2023";"08";"060607";"CAJAMARCA";"CUTERVO";"QUEROCOTILLO";"GOBIERNO REGIONAL";"I-1";"00007365";"MINAS DE QUEROCOTILLO";"NE_0001";"";"NE_0001";"NE_0001";"NE_0001";"NE_0001";"NE_0001";"NE_0001";"NE_0001"
"2023";"08";"060607";"CAJAMARCA";"CUTERVO";"QUEROCOTILLO";"GOBIERNO REGIONAL";"I-1";"00007753";"BARBASCO";"NE_0001";"";"NE_0001";"NE_0001";"NE_0001";"NE_0001";"NE_0001";"NE_0001";"NE_0001"
"2023";"08";"060607";"CAJAMARCA";"CUTERVO";"QUEROCOTILLO";"GOBIERNO REGIONAL";"I-1";"00005009";"QUIPAYUC";"NE_0001";"";"NE_0001";"NE_0001";"NE_0001";"NE_0001";"NE_0001";"NE_0001";"NE_0001"
"2023";"08";"060607";"CAJAMARCA";"CUTERVO";"QUEROCOTILLO";"GOBIERNO REGIONAL";"I-1";"00006941";"MARAYBAMBA ALTO";"NE_0001";"";"NE_0001";"NE_0001";"NE_0001";"NE_0001";"NE_0001";"NE_0001";"NE_0001"
"2023";"08";"060607";"CAJAMARCA";"CUTERVO";"QUEROCOTILLO";"GOBIERNO REGIONAL";"I-1";"00007226";"LA SUCCHA DE QUEROCOTILLO";"NE_0001";"";"NE_0001";"NE_0001";"NE_0001";"NE_0001";"NE_0001";"NE_0001";"NE_0001"
"2023";"08";"060607";"CAJAMARCA";"CUTERVO";"QUEROCOTILLO";"GOBIERNO REGIONAL";"I-1";"00007366";"EL CORRAL";"NE_0001";"";"NE_0001";"NE_0001";"NE_0001";"NE_0001";"NE_0001";"NE_0001";"NE_0001"
"2023";"08";"120101";"JUNIN";"HUANCAYO";"HUANCAYO";"PRIVADO";"II-1";"00008516";"CLINICA SANTO DOMINGO";"240100";"HOSPITALIZACIÓN QUIRÚRGICA CIRUGÍA GENERAL ";"14";"14";"26";"26";"2";"31";"0"
"2023";"08";"120101";"JUNIN";"HUANCAYO";"HUANCAYO";"PRIVADO";"II-1";"00008516";"CLINICA SANTO DOMINGO";"245300";"HOSPITALIZACIÓN DE MEDICINA NEUMOLOGÍA  ";"1";"1";"3";"3";"1";"31";"0"
"2023";"08";"120101";"JUNIN";"HUANCAYO";"HUANCAYO";"PRIVADO";"II-1";"00008516";"CLINICA SANTO DOMINGO";"241200";"HOSPITALIZACIÓN QUIRÚRGICA TRAUMATOLOGÍA Y ORTOPEDIA ";"6";"6";"9";"9";"1";"31";"0"
"2023";"08";"120101";"JUNIN";"HUANCAYO";"HUANCAYO";"PRIVADO";"II-1";"00008516";"CLINICA SANTO DOMINGO";"241500";"HOSPITALIZACIÓN QUIRÚRGICA GINECOLOGÍA  ";"12";"12";"21";"21";"2";"30";"0"
"2023";"08";"120101";"JUNIN";"HUANCAYO";"HUANCAYO";"PRIVADO";"II-1";"00008516";"CLINICA SANTO DOMINGO";"244200";"HOSPITALIZACIÓN DE MEDICINA ENDOCRINOLOGIA ";"2";"2";"2";"2";"1";"20";"0"
"2023";"08";"120101";"JUNIN";"HUANCAYO";"HUANCAYO";"PRIVADO";"II-1";"00008516";"CLINICA SANTO DOMINGO";"245400";"HOSPITALIZACIÓN DE MEDICINA GINECOLOGIA ";"2";"2";"3";"3";"1";"20";"0"
"2023";"08";"120101";"JUNIN";"HUANCAYO";"HUANCAYO";"PRIVADO";"II-1";"00008516";"CLINICA SANTO DOMINGO";"241300";"HOSPITALIZACIÓN QUIRÚRGICA UROLOGÍA  ";"3";"3";"3";"3";"1";"20";"0"
"2023";"08";"150140";"LIMA";"LIMA";"SANTIAGO DE SURCO";"PRIVADO";"I-3";"00024299";"CLINICA INTERNACIONAL - SEDE SURCO";"NE_0001";"";"NE_0001";"NE_0001";"NE_0001";"NE_0001";"NE_0001";"NE_0001";"NE_0001"
"2023";"08";"130101";"LA LIBERTAD";"TRUJILLO";"TRUJILLO";"PRIVADO";"II-E";"00021508";"SMQ QUIRUMEDIC SAC";"240000";"HOSPITALIZACIÓN";"302";"294";"294";"294";"15";"604";"0"
"2023";"08";"140201";"LAMBAYEQUE";"FERREÑAFE";"FERREÑAFE";"GOBIERNO REGIONAL";"II-1";"00004440";"HOSPITAL PROVINCIA DE FERREÑAFE (HP_F)";"241600";"HOSPITALIZACIÓN QUIRÚRGICA OBSTETRICIA   ";"56";"56";"61";"137";"11";"341";"0"
"2023";"08";"140201";"LAMBAYEQUE";"FERREÑAFE";"FERREÑAFE";"GOBIERNO REGIONAL";"II-1";"00004440";"HOSPITAL PROVINCIA DE FERREÑAFE (HP_F)";"240000";"HOSPITALIZACIÓN";"77";"76";"188";"185";"17";"527";"0"
"2023";"08";"240201";"TUMBES";"CONTRALMIRANTE VILLAR";"ZORRITOS";"GOBIERNO REGIONAL";"I-1";"00001904";"BOCAPAN.";"NE_0001";"";"NE_0001";"NE_0001";"NE_0001";"NE_0001";"NE_0001";"NE_0001";"NE_0001"
"2023";"08";"240201";"TUMBES";"CONTRALMIRANTE VILLAR";"ZORRITOS";"GOBIERNO REGIONAL";"I-1";"00001901";"GRAU";"NE_0001";"";"NE_0001";"NE_0001";"NE_0001";"NE_0001";"NE_0001";"NE_0001";"NE_0001"
"2023";"08";"240201";"TUMBES";"CONTRALMIRANTE VILLAR";"ZORRITOS";"GOBIERNO REGIONAL";"I-2";"00001903";"ACAPULCO.";"NE_0001";"";"NE_0001";"NE_0001";"NE_0001";"NE_0001";"NE_0001";"NE_0001";"NE_0001"
"2023";"08";"240105";"TUMBES";"TUMBES";"SAN JACINTO";"GOBIERNO REGIONAL";"I-1";"00001907";"CAPITAN HOYLE  *";"NE_0001";"";"NE_0001";"NE_0001";"NE_0001";"NE_0001";"NE_0001";"NE_0001";"NE_0001"
"2023";"08";"240202";"TUMBES";"CONTRALMIRANTE VILLAR";"CASITAS";"GOBIERNO REGIONAL";"I-3";"00001897";"CAÑAVERAL";"NE_0001";"";"NE_0001";"NE_0001";"NE_0001";"NE_0001";"NE_0001";"NE_0001";"NE_0001"
"2023";"08";"240202";"TUMBES";"CONTRALMIRANTE VILLAR";"CASITAS";"GOBIERNO REGIONAL";"I-1";"00001898";"TRIGAL";"NE_0001";"";"NE_0001";"NE_0001";"NE_0001";"NE_0001";"NE_0001";"NE_0001";"NE_0001"
"2023";"08";"240202";"TUMBES";"CONTRALMIRANTE VILLAR";"CASITAS";"GOBIERNO REGIONAL";"I-2";"00001899";"LA CHOZA";"NE_0001";"";"NE_0001";"NE_0001";"NE_0001";"NE_0001";"NE_0001";"NE_0001";"NE_0001"
"2023";"08";"240203";"TUMBES";"CONTRALMIRANTE VILLAR";"CANOAS DE PUNTA SAL";"GOBIERNO REGIONAL";"I-1";"00001905";"BARRANCOS.";"NE_0001";"";"NE_0001";"NE_0001";"NE_0001";"NE_0001";"NE_0001";"NE_0001";"NE_0001"
"2023";"08";"240203";"TUMBES";"CONTRALMIRANTE VILLAR";"CANOAS DE PUNTA SAL";"GOBIERNO REGIONAL";"I-1";"00001906";"PAJARITOS";"NE_0001";"";"NE_0001";"NE_0001";"NE_0001";"NE_0001";"NE_0001";"NE_0001";"NE_0001"
"2023";"08";"240201";"TUMBES";"CONTRALMIRANTE VILLAR";"ZORRITOS";"GOBIERNO REGIONAL";"I-4";"00001900";"ZORRITOS";"241800";"HOSPITALIZACIÓN DE MEDICINA MEDICINA GENERAL ";"8";"8";"15";"10";"1";"31";"0"
"2023";"08";"240201";"TUMBES";"CONTRALMIRANTE VILLAR";"ZORRITOS";"GOBIERNO REGIONAL";"I-4";"00001900";"ZORRITOS";"242500";"HOSPITALIZACIÓN-PEDIATRÍA GENERAL-";"1";"1";"1";"1";"1";"31";"0"
"2023";"08";"240201";"TUMBES";"CONTRALMIRANTE VILLAR";"ZORRITOS";"GOBIERNO REGIONAL";"I-4";"00001900";"ZORRITOS";"241600";"HOSPITALIZACIÓN QUIRÚRGICA OBSTETRICIA   ";"11";"11";"13";"11";"1";"31";"0"
"2023";"08";"240203";"TUMBES";"CONTRALMIRANTE VILLAR";"CANOAS DE PUNTA SAL";"GOBIERNO REGIONAL";"I-3";"00001902";"CANCAS";"NE_0001";"";"NE_0001";"NE_0001";"NE_0001";"NE_0001";"NE_0001";"NE_0001";"NE_0001"
"2023";"09";"150131";"LIMA";"LIMA";"SAN ISIDRO";"PRIVADO";"II-E";"00018581";"CLINICA PETRAS";"240800";"HOSPITALIZACIÓN QUIRÚRGICA CIRUGÍA PLÁSTICA/RECONSTRUCTIVA/ REPARADORA ";"3";"3";"3";"3";"2,00";"60";"0"
"2023";"09";"120101";"JUNIN";"HUANCAYO";"HUANCAYO";"PRIVADO";"II-2";"00008858";"CLINICA ORTEGA";"241800";"HOSPITALIZACIÓN DE MEDICINA MEDICINA GENERAL ";"3";"3";"6";"6";"3";"90";"0"
"2023";"09";"120101";"JUNIN";"HUANCAYO";"HUANCAYO";"PRIVADO";"II-2";"00008858";"CLINICA ORTEGA";"241900";"HOSPITALIZACIÓN DE MEDICINA MEDICINA INTERNA ";"15";"15";"75";"75";"5";"150";"0"
"2023";"09";"120101";"JUNIN";"HUANCAYO";"HUANCAYO";"PRIVADO";"II-2";"00008858";"CLINICA ORTEGA";"242100";"HOSPITALIZACIÓN DE MEDICINA ONCOLOGÍA MÉDICA ";"2";"2";"12";"12";"3";"90";"0"
"2023";"09";"120101";"JUNIN";"HUANCAYO";"HUANCAYO";"PRIVADO";"II-2";"00008858";"CLINICA ORTEGA";"242300";"HOSPITALIZACIÓN DE PEDIATRÍA  PEDIATRÍA  GENERAL ";"2";"2";"8";"8";"3";"90";"0"
"2023";"09";"120101";"JUNIN";"HUANCAYO";"HUANCAYO";"PRIVADO";"II-2";"00008858";"CLINICA ORTEGA";"242900";"HOSPITALIZACIÓN DE PEDIATRÍA PEDIATRIA GASTROENTEROLOGÍA PEDIÁTRICA";"1";"1";"3";"3";"3";"90";"0"
"2023";"09";"120101";"JUNIN";"HUANCAYO";"HUANCAYO";"PRIVADO";"II-2";"00008858";"CLINICA ORTEGA";"250100";"UNIDAD DE CUIDADOS CRITICOS UNIDAD  DE CUIDADOS INTENSIVOS GENERALES (UCI) ";"1";"1";"5";"5";"3";"90";"1"
"2023";"09";"070102";"CALLAO";"CALLAO";"BELLAVISTA";"SANIDAD DE LA MARINA DE GUERRA DEL PERU";"III-1";"00008266";"HOSPITAL NAVAL";"241300";"HOSPITALIZACIÓN QUIRÚRGICA UROLOGÍA  ";"74";"65";"497";"517";"21";"630";"0"
"2023";"05";"150141";"LIMA";"LIMA";"SURQUILLO";"PRIVADO";"II-E";"00012206";"DETECTA CLINICA";"240000";"HOSPITALIZACIÓN";"141";"45";"73";"130";"11";"330";"0"
"2023";"05";"070101";"CALLAO";"CALLAO";"CALLAO";"GOBIERNO REGIONAL";"0";"00031162";"HOGAR PROTEGIDO ACAPULCO";"NE_0001";"";"NE_0001";"NE_0001";"NE_0001";"NE_0001";"NE_0001";"NE_0001";"NE_0001"
"2023";"05";"070101";"CALLAO";"CALLAO";"CALLAO";"GOBIERNO REGIONAL";"I-2";"00020823";"CENTRO DE SALUD MENTAL COMUNITARIO SARITA COLONIA";"NE_0001";"";"NE_0001";"NE_0001";"NE_0001";"NE_0001";"NE_0001";"NE_0001";"NE_0001"
"2023";"05";"070101";"CALLAO";"CALLAO";"CALLAO";"GOBIERNO REGIONAL";"I-2";"00006233";"PUESTO DE SALUD JUAN PABLO II";"NE_0001";"";"NE_0001";"NE_0001";"NE_0001";"NE_0001";"NE_0001";"NE_0001";"NE_0001"
"2023";"06";"060602";"CAJAMARCA";"CUTERVO";"CALLAYUC";"GOBIERNO REGIONAL";"I-1";"00004962";"HUABAL";"NE_0001";"";"NE_0001";"NE_0001";"NE_0001";"NE_0001";"NE_0001";"NE_0001";"NE_0001"
"2023";"06";"060607";"CAJAMARCA";"CUTERVO";"QUEROCOTILLO";"GOBIERNO REGIONAL";"I-1";"00005008";"CHUMBICATE";"NE_0001";"";"NE_0001";"NE_0001";"NE_0001";"NE_0001";"NE_0001";"NE_0001";"NE_0001"
"2023";"06";"060607";"CAJAMARCA";"CUTERVO";"QUEROCOTILLO";"GOBIERNO REGIONAL";"I-1";"00006859";"MOSHOQUEQUE";"NE_0001";"";"NE_0001";"NE_0001";"NE_0001";"NE_0001";"NE_0001";"NE_0001";"NE_0001"
"2023";"06";"060602";"CAJAMARCA";"CUTERVO";"CALLAYUC";"GOBIERNO REGIONAL";"I-3";"00004964";"CHIPLE";"NE_0001";"";"NE_0001";"NE_0001";"NE_0001";"NE_0001";"NE_0001";"NE_0001";"NE_0001"
"2023";"06";"060611";"CAJAMARCA";"CUTERVO";"SANTA CRUZ";"GOBIERNO REGIONAL";"I-1";"00011260";"LA VIÑA";"NE_0001";"";"NE_0001";"NE_0001";"NE_0001";"NE_0001";"NE_0001";"NE_0001";"NE_0001"
"2023";"06";"060607";"CAJAMARCA";"CUTERVO";"QUEROCOTILLO";"GOBIERNO REGIONAL";"I-1";"00004970";"SANTOS";"NE_0001";"";"NE_0001";"NE_0001";"NE_0001";"NE_0001";"NE_0001";"NE_0001";"NE_0001"
"2023";"06";"060611";"CAJAMARCA";"CUTERVO";"SANTA CRUZ";"GOBIERNO REGIONAL";"I-3";"00004977";"SANTA CRUZ DE CUTERVO";"NE_0001";"";"NE_0001";"NE_0001";"NE_0001";"NE_0001";"NE_0001";"NE_0001";"NE_0001"
"2023";"06";"060611";"CAJAMARCA";"CUTERVO";"SANTA CRUZ";"GOBIERNO REGIONAL";"I-1";"00004979";"CAMPO FLORIDO";"NE_0001";"";"NE_0001";"NE_0001";"NE_0001";"NE_0001";"NE_0001";"NE_0001";"NE_0001"
"2023";"06";"021806";"ANCASH";"SANTA";"NEPEÑA";"ESSALUD";"I-3";"00009921";"CENTRO DE ATENCION PRIMARIA II SAN JACINTO";"NE_0001";"";"NE_0001";"NE_0001";"NE_0001";"NE_0001";"NE_0001";"NE_0001";"NE_0001"
"2023";"05";"150118";"LIMA";"LIMA";"LURIGANCHO";"PRIVADO";"II-E";"00016951";"CLINICA MADRE ZORAIDA";"241400";"HOSPITALIZACIÓN QUIRÚRGICA GINECO - OBSTETRICIA ";"6";"6";"21";"18";"6";"87";"0"
"2023";"06";"150101";"LIMA";"LIMA";"LIMA";"PRIVADO";"II-E";"00009483";"OCULASER SAC";"NE_0001";"";"NE_0001";"NE_0001";"NE_0001";"NE_0001";"NE_0001";"NE_0001";"NE_0001"
"2023";"06";"130111";"LA LIBERTAD";"TRUJILLO";"VICTOR LARCO HERRERA";"PRIVADO";"II-1";"00026935";"CLÍNICA FÁTIMA";"240100";"HOSPITALIZACIÓN QUIRÚRGICA CIRUGÍA GENERAL ";"43";"43";"58";"58";"6";"200";"0"
"2023";"06";"130111";"LA LIBERTAD";"TRUJILLO";"VICTOR LARCO HERRERA";"PRIVADO";"II-1";"00026935";"CLÍNICA FÁTIMA";"241400";"HOSPITALIZACIÓN QUIRÚRGICA GINECO - OBSTETRICIA ";"15";"15";"10";"10";"6";"185";"0"
"2023";"06";"130111";"LA LIBERTAD";"TRUJILLO";"VICTOR LARCO HERRERA";"PRIVADO";"II-1";"00026935";"CLÍNICA FÁTIMA";"241800";"HOSPITALIZACIÓN DE MEDICINA MEDICINA GENERAL ";"9";"8";"9";"36";"4";"125";"0"
"2023";"06";"130101";"LA LIBERTAD";"TRUJILLO";"TRUJILLO";"PRIVADO";"II-E";"00024168";"NORLASER";"NE_0001";"";"NE_0001";"NE_0001";"NE_0001";"NE_0001";"NE_0001";"NE_0001";"NE_0001"
"2023";"06";"040101";"AREQUIPA";"AREQUIPA";"AREQUIPA";"GOBIERNO REGIONAL";"III-1";"00001231";"HOSPITAL REGIONAL HONORIO DELGADO ESPINOZA";"241800";"HOSPITALIZACIÓN DE MEDICINA MEDICINA GENERAL ";"256";"257";"3840";"3812";"141";"4216";"30"
"2023";"06";"040101";"AREQUIPA";"AREQUIPA";"AREQUIPA";"GOBIERNO REGIONAL";"III-1";"00001231";"HOSPITAL REGIONAL HONORIO DELGADO ESPINOZA";"245300";"HOSPITALIZACIÓN DE MEDICINA NEUMOLOGÍA  ";"55";"56";"759";"875";"47";"1410";"6"
"2023";"06";"040101";"AREQUIPA";"AREQUIPA";"AREQUIPA";"GOBIERNO REGIONAL";"III-1";"00001231";"HOSPITAL REGIONAL HONORIO DELGADO ESPINOZA";"244000";"HOSPITALIZACIÓN DE MEDICINA CARDIOLOGIA ";"23";"16";"168";"103";"4";"120";"0"
"2023";"06";"040101";"AREQUIPA";"AREQUIPA";"AREQUIPA";"GOBIERNO REGIONAL";"III-1";"00001231";"HOSPITAL REGIONAL HONORIO DELGADO ESPINOZA";"242200";"HOSPITALIZACIÓN DE MEDICINA PSIQUIATRÍA ";"31";"31";"531";"773";"32";"963";"0"
"2023";"06";"040101";"AREQUIPA";"AREQUIPA";"AREQUIPA";"GOBIERNO REGIONAL";"III-1";"00001231";"HOSPITAL REGIONAL HONORIO DELGADO ESPINOZA";"240100";"HOSPITALIZACIÓN QUIRÚRGICA CIRUGÍA GENERAL ";"368";"375";"3806";"3713";"150";"4501";"3"
"2023";"06";"040101";"AREQUIPA";"AREQUIPA";"AREQUIPA";"GOBIERNO REGIONAL";"III-1";"00001231";"HOSPITAL REGIONAL HONORIO DELGADO ESPINOZA";"240900";"HOSPITALIZACIÓN QUIRÚRGICA NEUROCIRUGÍA ";"45";"42";"784";"547";"22";"660";"0"
"2023";"06";"040101";"AREQUIPA";"AREQUIPA";"AREQUIPA";"GOBIERNO REGIONAL";"III-1";"00001231";"HOSPITAL REGIONAL HONORIO DELGADO ESPINOZA";"240800";"HOSPITALIZACIÓN QUIRÚRGICA CIRUGÍA PLÁSTICA/RECONSTRUCTIVA/ REPARADORA ";"12";"11";"205";"196";"10";"300";"0"
"2023";"06";"040101";"AREQUIPA";"AREQUIPA";"AREQUIPA";"GOBIERNO REGIONAL";"III-1";"00001231";"HOSPITAL REGIONAL HONORIO DELGADO ESPINOZA";"250100";"UNIDAD DE CUIDADOS CRITICOS UNIDAD  DE CUIDADOS INTENSIVOS GENERALES (UCI) ";"28";"14";"187";"595";"22";"660";"19"
"2023";"06";"040101";"AREQUIPA";"AREQUIPA";"AREQUIPA";"GOBIERNO REGIONAL";"III-1";"00001231";"HOSPITAL REGIONAL HONORIO DELGADO ESPINOZA";"250108";"UNIDAD DE CUIDADOS CRITICOS UNIDAD  DE CUIDADOS INTENSIVOS  (UCI) PEDIÁTRICA";"4";"2";"57";"157";"6";"180";"0"
"2023";"06";"040101";"AREQUIPA";"AREQUIPA";"AREQUIPA";"GOBIERNO REGIONAL";"III-1";"00001231";"HOSPITAL REGIONAL HONORIO DELGADO ESPINOZA";"242300";"HOSPITALIZACIÓN DE PEDIATRÍA  PEDIATRÍA  GENERAL ";"243";"241";"1678";"1880";"66";"1972";"0"
"2023";"06";"040101";"AREQUIPA";"AREQUIPA";"AREQUIPA";"GOBIERNO REGIONAL";"III-1";"00001231";"HOSPITAL REGIONAL HONORIO DELGADO ESPINOZA";"243200";"HOSPITALIZACIÓN DE PEDIATRÍA PEDIATRIA NEONATOLOGÍA";"86";"95";"641";"449";"30";"900";"4"
"2023";"06";"040101";"AREQUIPA";"AREQUIPA";"AREQUIPA";"GOBIERNO REGIONAL";"III-1";"00001231";"HOSPITAL REGIONAL HONORIO DELGADO ESPINOZA";"250105";"UNIDAD DE CUIDADOS CRITICOS UNIDAD  DE CUIDADOS INTENSIVOS  (UCI) NEONATOLOGÍA";"5";"0";"0";"206";"7";"210";"2"
"2023";"06";"040101";"AREQUIPA";"AREQUIPA";"AREQUIPA";"GOBIERNO REGIONAL";"III-1";"00001231";"HOSPITAL REGIONAL HONORIO DELGADO ESPINOZA";"241600";"HOSPITALIZACIÓN QUIRÚRGICA OBSTETRICIA   ";"431";"447";"1416";"1239";"86";"2580";"0"
"2023";"06";"040101";"AREQUIPA";"AREQUIPA";"AREQUIPA";"GOBIERNO REGIONAL";"III-1";"00001231";"HOSPITAL REGIONAL HONORIO DELGADO ESPINOZA";"241500";"HOSPITALIZACIÓN QUIRÚRGICA GINECOLOGÍA  ";"68";"87";"530";"484";"27";"810";"0"
"2023";"06";"160101";"LORETO";"MAYNAS";"IQUITOS";"PRIVADO";"II-2";"00012854";"ASOC. PAST. DE SERV. MEDICO ASIST. CLINICA ADVENTISTA ANA STAHL DE LA IGLESIA ADV. DEL SEPTIMO DIA";"241800";"HOSPITALIZACIÓN DE MEDICINA MEDICINA GENERAL ";"130";"132";"511";"570";"42";"1218";"0"
"2023";"06";"060101";"CAJAMARCA";"CAJAMARCA";"CAJAMARCA";"ESSALUD";"II-2";"00010272";"HOSPITAL II CAJAMARCA";"241800";"HOSPITALIZACIÓN DE MEDICINA MEDICINA GENERAL ";"53";"49";"698";"477";"17";"510";"4"
"2023";"06";"060101";"CAJAMARCA";"CAJAMARCA";"CAJAMARCA";"ESSALUD";"II-2";"00010272";"HOSPITAL II CAJAMARCA";"240100";"HOSPITALIZACIÓN QUIRÚRGICA CIRUGÍA GENERAL ";"136";"135";"387";"378";"14";"420";"0"
"2023";"06";"060101";"CAJAMARCA";"CAJAMARCA";"CAJAMARCA";"ESSALUD";"II-2";"00010272";"HOSPITAL II CAJAMARCA";"241500";"HOSPITALIZACIÓN QUIRÚRGICA GINECOLOGÍA  ";"36";"36";"104";"97";"4";"120";"0"
"2023";"06";"060101";"CAJAMARCA";"CAJAMARCA";"CAJAMARCA";"ESSALUD";"II-2";"00010272";"HOSPITAL II CAJAMARCA";"241600";"HOSPITALIZACIÓN QUIRÚRGICA OBSTETRICIA   ";"183";"172";"346";"368";"16";"480";"0"
"2023";"06";"060101";"CAJAMARCA";"CAJAMARCA";"CAJAMARCA";"ESSALUD";"II-2";"00010272";"HOSPITAL II CAJAMARCA";"242300";"HOSPITALIZACIÓN DE PEDIATRÍA  PEDIATRÍA  GENERAL ";"53";"59";"222";"192";"9";"210";"0"
"2023";"06";"060101";"CAJAMARCA";"CAJAMARCA";"CAJAMARCA";"ESSALUD";"II-2";"00010272";"HOSPITAL II CAJAMARCA";"243200";"HOSPITALIZACIÓN DE PEDIATRÍA PEDIATRIA NEONATOLOGÍA";"28";"24";"54";"68";"6";"180";"0"
"2023";"06";"060101";"CAJAMARCA";"CAJAMARCA";"CAJAMARCA";"ESSALUD";"II-2";"00010272";"HOSPITAL II CAJAMARCA";"250100";"UNIDAD DE CUIDADOS CRITICOS UNIDAD  DE CUIDADOS INTENSIVOS GENERALES (UCI) ";"4";"1";"174";"174";"6";"180";"1"
"2023";"06";"060101";"CAJAMARCA";"CAJAMARCA";"CAJAMARCA";"ESSALUD";"II-2";"00010272";"HOSPITAL II CAJAMARCA";"250200";"UNIDAD DE CUIDADOS CRITICOS UNIDAD DE CUIDADOS INTERMEDIOS GENERAL  (UCIN) ";"8";"1";"17";"92";"4";"120";"0"
"2023";"06";"040101";"AREQUIPA";"AREQUIPA";"AREQUIPA";"GOBIERNO REGIONAL";"III-1";"00001232";"HOSPITAL GOYENECHE";"241900";"HOSPITALIZACIÓN DE MEDICINA MEDICINA INTERNA ";"120";"117";"1047";"1290";"53";"1590";"9"
"2023";"06";"040101";"AREQUIPA";"AREQUIPA";"AREQUIPA";"GOBIERNO REGIONAL";"III-1";"00001232";"HOSPITAL GOYENECHE";"240100";"HOSPITALIZACIÓN QUIRÚRGICA CIRUGÍA GENERAL ";"137";"144";"1310";"1191";"48";"1440";"0"
"2023";"06";"040101";"AREQUIPA";"AREQUIPA";"AREQUIPA";"GOBIERNO REGIONAL";"III-1";"00001232";"HOSPITAL GOYENECHE";"240000";"HOSPITALIZACIÓN";"79";"74";"888";"841";"30";"900";"0"
"2023";"06";"040101";"AREQUIPA";"AREQUIPA";"AREQUIPA";"GOBIERNO REGIONAL";"III-1";"00001232";"HOSPITAL GOYENECHE";"242100";"HOSPITALIZACIÓN DE MEDICINA ONCOLOGÍA MÉDICA ";"63";"66";"382";"390";"22";"660";"5"
"2023";"06";"040101";"AREQUIPA";"AREQUIPA";"AREQUIPA";"GOBIERNO REGIONAL";"III-1";"00001232";"HOSPITAL GOYENECHE";"242500";"HOSPITALIZACIÓN-PEDIATRÍA GENERAL-";"115";"119";"447";"453";"28";"840";"0"
"2023";"06";"040101";"AREQUIPA";"AREQUIPA";"AREQUIPA";"GOBIERNO REGIONAL";"III-1";"00001232";"HOSPITAL GOYENECHE";"240700";"HOSPITALIZACIÓN QUIRÚRGICA CIRUGÍA PEDIÁTRICA ";"22";"25";"187";"139";"7";"210";"0"
"2023";"06";"040101";"AREQUIPA";"AREQUIPA";"AREQUIPA";"GOBIERNO REGIONAL";"III-1";"00001232";"HOSPITAL GOYENECHE";"243200";"HOSPITALIZACIÓN DE PEDIATRÍA PEDIATRIA NEONATOLOGÍA";"130";"156";"593";"431";"15";"450";"0"
"2023";"06";"040101";"AREQUIPA";"AREQUIPA";"AREQUIPA";"GOBIERNO REGIONAL";"III-1";"00001232";"HOSPITAL GOYENECHE";"241500";"HOSPITALIZACIÓN QUIRÚRGICA GINECOLOGÍA  ";"146";"153";"583";"363";"20";"600";"1"
"2023";"06";"040101";"AREQUIPA";"AREQUIPA";"AREQUIPA";"GOBIERNO REGIONAL";"III-1";"00001232";"HOSPITAL GOYENECHE";"241600";"HOSPITALIZACIÓN QUIRÚRGICA OBSTETRICIA   ";"245";"262";"787";"748";"36";"1080";"0"
"2023";"06";"040101";"AREQUIPA";"AREQUIPA";"AREQUIPA";"GOBIERNO REGIONAL";"III-1";"00001232";"HOSPITAL GOYENECHE";"250100";"UNIDAD DE CUIDADOS CRITICOS UNIDAD  DE CUIDADOS INTENSIVOS GENERALES (UCI) ";"12";"2";"13";"161";"6";"180";"2"
"2023";"06";"040101";"AREQUIPA";"AREQUIPA";"AREQUIPA";"GOBIERNO REGIONAL";"III-1";"00001232";"HOSPITAL GOYENECHE";"250105";"UNIDAD DE CUIDADOS CRITICOS UNIDAD  DE CUIDADOS INTENSIVOS  (UCI) NEONATOLOGÍA";"20";"2";"45";"147";"6";"180";"2"
"2023";"07";"060601";"CAJAMARCA";"CUTERVO";"CUTERVO";"GOBIERNO REGIONAL";"I-3";"00004987";"SUMIDERO";"NE_0001";"";"NE_0001";"NE_0001";"NE_0001";"NE_0001";"NE_0001";"NE_0001";"NE_0001"
"2023";"07";"060601";"CAJAMARCA";"CUTERVO";"CUTERVO";"GOBIERNO REGIONAL";"I-1";"00004990";"YATUN";"NE_0001";"";"NE_0001";"NE_0001";"NE_0001";"NE_0001";"NE_0001";"NE_0001";"NE_0001"
"2023";"07";"060601";"CAJAMARCA";"CUTERVO";"CUTERVO";"GOBIERNO REGIONAL";"I-1";"00007697";"CHUGUR";"NE_0001";"";"NE_0001";"NE_0001";"NE_0001";"NE_0001";"NE_0001";"NE_0001";"NE_0001"
"2023";"07";"060601";"CAJAMARCA";"CUTERVO";"CUTERVO";"GOBIERNO REGIONAL";"I-1";"00006831";"LA SUCCHA DE CUTERVO";"NE_0001";"";"NE_0001";"NE_0001";"NE_0001";"NE_0001";"NE_0001";"NE_0001";"NE_0001"
"2023";"07";"060601";"CAJAMARCA";"CUTERVO";"CUTERVO";"GOBIERNO REGIONAL";"I-1";"00004988";"LA COLCA";"NE_0001";"";"NE_0001";"NE_0001";"NE_0001";"NE_0001";"NE_0001";"NE_0001";"NE_0001"
"2023";"07";"060601";"CAJAMARCA";"CUTERVO";"CUTERVO";"GOBIERNO REGIONAL";"I-1";"00006787";"SANTA ROSA DE TAPO";"NE_0001";"";"NE_0001";"NE_0001";"NE_0001";"NE_0001";"NE_0001";"NE_0001";"NE_0001"
"2023";"07";"060601";"CAJAMARCA";"CUTERVO";"CUTERVO";"GOBIERNO REGIONAL";"I-1";"00006837";"SAN CRISTOBAL DE NUDILLO";"NE_0001";"";"NE_0001";"NE_0001";"NE_0001";"NE_0001";"NE_0001";"NE_0001";"NE_0001"
"2023";"07";"120805";"JUNIN";"YAULI";"MOROCOCHA";"GOBIERNO REGIONAL";"I-3";"00000563";"MOROCOCHA";"NE_0001";"";"NE_0001";"NE_0001";"NE_0001";"NE_0001";"NE_0001";"NE_0001";"NE_0001"
"2023";"07";"120805";"JUNIN";"YAULI";"MOROCOCHA";"GOBIERNO REGIONAL";"I-1";"00021450";"SAN FRANCISCO DE ASIS DE PUCARA";"NE_0001";"";"NE_0001";"NE_0001";"NE_0001";"NE_0001";"NE_0001";"NE_0001";"NE_0001"
"2023";"07";"120803";"JUNIN";"YAULI";"HUAY HUAY";"GOBIERNO REGIONAL";"I-2";"00000430";"HUAYHUAY";"NE_0001";"";"NE_0001";"NE_0001";"NE_0001";"NE_0001";"NE_0001";"NE_0001";"NE_0001"
"2023";"07";"120804";"JUNIN";"YAULI";"MARCAPOMACOCHA";"GOBIERNO REGIONAL";"I-2";"00000561";"MARCAPOMACOCHA";"NE_0001";"";"NE_0001";"NE_0001";"NE_0001";"NE_0001";"NE_0001";"NE_0001";"NE_0001"
"2023";"07";"120801";"JUNIN";"YAULI";"LA OROYA";"GOBIERNO REGIONAL";"I-1";"00021481";"HUARI";"NE_0001";"";"NE_0001";"NE_0001";"NE_0001";"NE_0001";"NE_0001";"NE_0001";"NE_0001"
"2023";"07";"120809";"JUNIN";"YAULI";"SUITUCANCHA";"GOBIERNO REGIONAL";"I-2";"00000431";"SUITUCANCHA";"NE_0001";"";"NE_0001";"NE_0001";"NE_0001";"NE_0001";"NE_0001";"NE_0001";"NE_0001"
"2023";"07";"120808";"JUNIN";"YAULI";"SANTA ROSA DE SACCO";"GOBIERNO REGIONAL";"I-3";"00000566";"SANTA ROSA DE SACCO";"NE_0001";"";"NE_0001";"NE_0001";"NE_0001";"NE_0001";"NE_0001";"NE_0001";"NE_0001"
"2023";"07";"120801";"JUNIN";"YAULI";"LA OROYA";"GOBIERNO REGIONAL";"I-4";"00000559";"LA OROYA";"NE_0001";"";"NE_0001";"NE_0001";"NE_0001";"NE_0001";"NE_0001";"NE_0001";"NE_0001"
"2023";"07";"120801";"JUNIN";"YAULI";"LA OROYA";"GOBIERNO REGIONAL";"I-2";"00000560";"HUAYNACANCHA";"NE_0001";"";"NE_0001";"NE_0001";"NE_0001";"NE_0001";"NE_0001";"NE_0001";"NE_0001"
"2023";"07";"120804";"JUNIN";"YAULI";"MARCAPOMACOCHA";"GOBIERNO REGIONAL";"I-1";"00000562";"SAN FRANCISCO DE YANTAC";"NE_0001";"";"NE_0001";"NE_0001";"NE_0001";"NE_0001";"NE_0001";"NE_0001";"NE_0001"
"2023";"07";"120810";"JUNIN";"YAULI";"YAULI";"GOBIERNO REGIONAL";"I-2";"00000567";"YAULI - LA OROYA";"NE_0001";"";"NE_0001";"NE_0001";"NE_0001";"NE_0001";"NE_0001";"NE_0001";"NE_0001"
"2023";"07";"120808";"JUNIN";"YAULI";"SANTA ROSA DE SACCO";"GOBIERNO REGIONAL";"I-1";"00021449";"JUAN PABLO II";"NE_0001";"";"NE_0001";"NE_0001";"NE_0001";"NE_0001";"NE_0001";"NE_0001";"NE_0001"
"2023";"07";"120802";"JUNIN";"YAULI";"CHACAPALPA";"GOBIERNO REGIONAL";"I-1";"00000429";"CHACAPALPA";"NE_0001";"";"NE_0001";"NE_0001";"NE_0001";"NE_0001";"NE_0001";"NE_0001";"NE_0001"
"2023";"07";"120806";"JUNIN";"YAULI";"PACCHA";"GOBIERNO REGIONAL";"I-2";"00000564";"PACCHA - LA OROYA";"NE_0001";"";"NE_0001";"NE_0001";"NE_0001";"NE_0001";"NE_0001";"NE_0001";"NE_0001"
"2023";"07";"060303";"CAJAMARCA";"CELENDIN";"CORTEGANA";"GOBIERNO REGIONAL";"I-1";"00004474";"YAGEN";"NE_0001";"";"NE_0001";"NE_0001";"NE_0001";"NE_0001";"NE_0001";"NE_0001";"NE_0001"
"2023";"07";"060303";"CAJAMARCA";"CELENDIN";"CORTEGANA";"GOBIERNO REGIONAL";"I-1";"00006757";"CANDEN";"NE_0001";"";"NE_0001";"NE_0001";"NE_0001";"NE_0001";"NE_0001";"NE_0001";"NE_0001"
"2023";"07";"060303";"CAJAMARCA";"CELENDIN";"CORTEGANA";"GOBIERNO REGIONAL";"I-1";"00006758";"MUSADEN";"NE_0001";"";"NE_0001";"NE_0001";"NE_0001";"NE_0001";"NE_0001";"NE_0001";"NE_0001"
"2023";"07";"060303";"CAJAMARCA";"CELENDIN";"CORTEGANA";"GOBIERNO REGIONAL";"I-1";"00004475";"ANDAMACHAY";"NE_0001";"";"NE_0001";"NE_0001";"NE_0001";"NE_0001";"NE_0001";"NE_0001";"NE_0001"
"2023";"07";"060303";"CAJAMARCA";"CELENDIN";"CORTEGANA";"GOBIERNO REGIONAL";"I-3";"00004477";"CORTEGANA";"NE_0001";"";"NE_0001";"NE_0001";"NE_0001";"NE_0001";"NE_0001";"NE_0001";"NE_0001"
"2023";"07";"060303";"CAJAMARCA";"CELENDIN";"CORTEGANA";"GOBIERNO REGIONAL";"I-1";"00004476";"VILLANUEVA";"NE_0001";"";"NE_0001";"NE_0001";"NE_0001";"NE_0001";"NE_0001";"NE_0001";"NE_0001"
"2023";"08";"120603";"JUNIN";"SATIPO";"LLAYLLA";"GOBIERNO REGIONAL";"I-2";"00000491";"HERMOSA PAMPA";"NE_0001";"";"NE_0001";"NE_0001";"NE_0001";"NE_0001";"NE_0001";"NE_0001";"NE_0001"
"2023";"08";"120604";"JUNIN";"SATIPO";"MAZAMARI";"GOBIERNO REGIONAL";"I-1";"00016911";"BUENOS AIRES";"NE_0001";"";"NE_0001";"NE_0001";"NE_0001";"NE_0001";"NE_0001";"NE_0001";"NE_0001"
"2023";"08";"120603";"JUNIN";"SATIPO";"LLAYLLA";"GOBIERNO REGIONAL";"I-3";"00000490";"LLAYLLA";"NE_0001";"";"NE_0001";"NE_0001";"NE_0001";"NE_0001";"NE_0001";"NE_0001";"NE_0001"
"2023";"08";"120606";"JUNIN";"SATIPO";"PANGOA";"GOBIERNO REGIONAL";"I-1";"00000439";"SAN CRISTOBAL";"NE_0001";"";"NE_0001";"NE_0001";"NE_0001";"NE_0001";"NE_0001";"NE_0001";"NE_0001"
"2023";"08";"120604";"JUNIN";"SATIPO";"MAZAMARI";"GOBIERNO REGIONAL";"I-1";"00016909";"TEORIA";"NE_0001";"";"NE_0001";"NE_0001";"NE_0001";"NE_0001";"NE_0001";"NE_0001";"NE_0001"
"2023";"08";"120604";"JUNIN";"SATIPO";"MAZAMARI";"GOBIERNO REGIONAL";"I-4";"00000434";"MAZAMARI";"241600";"HOSPITALIZACIÓN QUIRÚRGICA OBSTETRICIA   ";"44";"46";"92";"92";"6";"186";"0"
"2023";"07";"240101";"TUMBES";"TUMBES";"TUMBES";"GOBIERNO REGIONAL";"II-2";"00017077";"HOSPITAL REGIONAL JOSE ALFREDO MENDOZA OLAVARRIA JAMO II-2";"240100";"HOSPITALIZACIÓN QUIRÚRGICA CIRUGÍA GENERAL ";"136";"162";"733";"610";"30";"930";"1"
"2023";"07";"240101";"TUMBES";"TUMBES";"TUMBES";"GOBIERNO REGIONAL";"II-2";"00017077";"HOSPITAL REGIONAL JOSE ALFREDO MENDOZA OLAVARRIA JAMO II-2";"241800";"HOSPITALIZACIÓN DE MEDICINA MEDICINA GENERAL ";"54";"85";"794";"650";"22";"682";"12"
"2023";"07";"240101";"TUMBES";"TUMBES";"TUMBES";"GOBIERNO REGIONAL";"II-2";"00017077";"HOSPITAL REGIONAL JOSE ALFREDO MENDOZA OLAVARRIA JAMO II-2";"242500";"HOSPITALIZACIÓN-PEDIATRÍA GENERAL-";"48";"56";"300";"252";"12";"372";"0"
"2023";"07";"240101";"TUMBES";"TUMBES";"TUMBES";"GOBIERNO REGIONAL";"II-2";"00017077";"HOSPITAL REGIONAL JOSE ALFREDO MENDOZA OLAVARRIA JAMO II-2";"243200";"HOSPITALIZACIÓN DE PEDIATRÍA PEDIATRIA NEONATOLOGÍA";"21";"30";"200";"140";"5";"155";"0"
"2023";"07";"240101";"TUMBES";"TUMBES";"TUMBES";"GOBIERNO REGIONAL";"II-2";"00017077";"HOSPITAL REGIONAL JOSE ALFREDO MENDOZA OLAVARRIA JAMO II-2";"250103";"UNIDAD DE CUIDADOS CRITICOS UNIDAD  DE CUIDADOS INTENSIVOS GENERALES  (UCI) MEDICINA";"8";"12";"223";"170";"6";"186";"5"
"2023";"07";"240101";"TUMBES";"TUMBES";"TUMBES";"GOBIERNO REGIONAL";"II-2";"00017077";"HOSPITAL REGIONAL JOSE ALFREDO MENDOZA OLAVARRIA JAMO II-2";"250105";"UNIDAD DE CUIDADOS CRITICOS UNIDAD  DE CUIDADOS INTENSIVOS  (UCI) NEONATOLOGÍA";"3";"3";"26";"24";"4";"124";"3"
"2023";"07";"240101";"TUMBES";"TUMBES";"TUMBES";"GOBIERNO REGIONAL";"II-2";"00017077";"HOSPITAL REGIONAL JOSE ALFREDO MENDOZA OLAVARRIA JAMO II-2";"241400";"HOSPITALIZACIÓN QUIRÚRGICA GINECO - OBSTETRICIA ";"308";"348";"928";"706";"30";"930";"0"
"2023";"07";"220912";"SAN MARTIN";"SAN MARTIN";"SAN ANTONIO";"GOBIERNO REGIONAL";"I-3";"00006384";"SAN ANTONIO DE CUMBAZA";"NE_0001";"";"NE_0001";"NE_0001";"NE_0001";"NE_0001";"NE_0001";"NE_0001";"NE_0001"
"2023";"07";"220903";"SAN MARTIN";"SAN MARTIN";"CACATACHI";"GOBIERNO REGIONAL";"I-3";"00006395";"CACATACHI";"NE_0001";"";"NE_0001";"NE_0001";"NE_0001";"NE_0001";"NE_0001";"NE_0001";"NE_0001"
"2023";"07";"220910";"SAN MARTIN";"SAN MARTIN";"MORALES";"GOBIERNO REGIONAL";"I-4";"00006361";"MORALES";"241400";"HOSPITALIZACIÓN QUIRÚRGICA GINECO - OBSTETRICIA ";"31";"31";"31";"31";"12";"372";"0"
"2023";"07";"220912";"SAN MARTIN";"SAN MARTIN";"SAN ANTONIO";"GOBIERNO REGIONAL";"I-1";"00006385";"SAN PEDRO DE CUMBAZA";"NE_0001";"";"NE_0001";"NE_0001";"NE_0001";"NE_0001";"NE_0001";"NE_0001";"NE_0001"
"2023";"07";"150122";"LIMA";"LIMA";"MIRAFLORES";"ESSALUD";"I-3";"00009298";"POLICLINICO CENTRAL DE PREVENCION LARCO";"NE_0001";"";"NE_0001";"NE_0001";"NE_0001";"NE_0001";"NE_0001";"NE_0001";"NE_0001"
"2023";"07";"150101";"LIMA";"LIMA";"LIMA";"MINSA";"III-2";"00006208";"INSTITUTO NACIONAL MATERNO PERINATAL";"241400";"HOSPITALIZACIÓN QUIRÚRGICA GINECO - OBSTETRICIA ";"1215";"1142";"4468";"4952";"202";"6262";"0"
"2023";"07";"150101";"LIMA";"LIMA";"LIMA";"MINSA";"III-2";"00006208";"INSTITUTO NACIONAL MATERNO PERINATAL";"241500";"HOSPITALIZACIÓN QUIRÚRGICA GINECOLOGÍA  ";"126";"102";"388";"433";"19";"589";"0"
"2023";"07";"150101";"LIMA";"LIMA";"LIMA";"MINSA";"III-2";"00006208";"INSTITUTO NACIONAL MATERNO PERINATAL";"250102";"UNIDAD DE CUIDADOS CRITICOS UNIDAD  DE CUIDADOS INTENSIVOS GENERALES (UCI) GINECO-OBSTETRICIA";"41";"37";"162";"188";"9";"279";"0"
"2023";"07";"150101";"LIMA";"LIMA";"LIMA";"MINSA";"III-2";"00006208";"INSTITUTO NACIONAL MATERNO PERINATAL";"250105";"UNIDAD DE CUIDADOS CRITICOS UNIDAD  DE CUIDADOS INTENSIVOS  (UCI) NEONATOLOGÍA";"74";"71";"923";"926";"30";"930";"14"
"2023";"07";"150101";"LIMA";"LIMA";"LIMA";"MINSA";"III-2";"00006208";"INSTITUTO NACIONAL MATERNO PERINATAL";"243200";"HOSPITALIZACIÓN DE PEDIATRÍA PEDIATRIA NEONATOLOGÍA";"228";"212";"2188";"2488";"85";"2635";"15"
"2023";"08";"220908";"SAN MARTIN";"SAN MARTIN";"JUAN GUERRA";"GOBIERNO REGIONAL";"I-1";"00006379";"YACUCATINA";"NE_0002";"";"NE_0002";"NE_0002";"NE_0002";"NE_0002";"NE_0002";"NE_0002";"NE_0002"
"2023";"08";"220914";"SAN MARTIN";"SAN MARTIN";"SHAPAJA";"GOBIERNO REGIONAL";"I-2";"00006375";"SHAPAJA";"NE_0002";"";"NE_0002";"NE_0002";"NE_0002";"NE_0002";"NE_0002";"NE_0002";"NE_0002"
"2023";"08";"220902";"SAN MARTIN";"SAN MARTIN";"ALBERTO LEVEAU";"GOBIERNO REGIONAL";"I-1";"00006383";"MACHUNGO";"NE_0002";"";"NE_0002";"NE_0002";"NE_0002";"NE_0002";"NE_0002";"NE_0002";"NE_0002"
"2023";"08";"220902";"SAN MARTIN";"SAN MARTIN";"ALBERTO LEVEAU";"GOBIERNO REGIONAL";"I-1";"00006382";"UTCURARCA";"NE_0002";"";"NE_0002";"NE_0002";"NE_0002";"NE_0002";"NE_0002";"NE_0002";"NE_0002"
"2023";"08";"220908";"SAN MARTIN";"SAN MARTIN";"JUAN GUERRA";"GOBIERNO REGIONAL";"I-3";"00006374";"JUAN GUERRA";"NE_0002";"";"NE_0002";"NE_0002";"NE_0002";"NE_0002";"NE_0002";"NE_0002";"NE_0002"
"2023";"08";"120606";"JUNIN";"SATIPO";"PANGOA";"GOBIERNO REGIONAL";"II-1";"00000442";"SAN MARTIN DE PANGOA";"241800";"HOSPITALIZACIÓN DE MEDICINA MEDICINA GENERAL ";"25";"27";"108";"164";"6";"186";"0"
"2023";"08";"120606";"JUNIN";"SATIPO";"PANGOA";"GOBIERNO REGIONAL";"II-1";"00000442";"SAN MARTIN DE PANGOA";"242500";"HOSPITALIZACIÓN-PEDIATRÍA GENERAL-";"13";"14";"47";"64";"8";"248";"0"
"2023";"08";"120606";"JUNIN";"SATIPO";"PANGOA";"GOBIERNO REGIONAL";"II-1";"00000442";"SAN MARTIN DE PANGOA";"240100";"HOSPITALIZACIÓN QUIRÚRGICA CIRUGÍA GENERAL ";"17";"18";"44";"106";"4";"124";"0"
"2023";"08";"120606";"JUNIN";"SATIPO";"PANGOA";"GOBIERNO REGIONAL";"II-1";"00000442";"SAN MARTIN DE PANGOA";"241500";"HOSPITALIZACIÓN QUIRÚRGICA GINECOLOGÍA  ";"54";"56";"132";"65";"8";"248";"0"
"2023";"08";"120606";"JUNIN";"SATIPO";"PANGOA";"GOBIERNO REGIONAL";"II-1";"00000442";"SAN MARTIN DE PANGOA";"241400";"HOSPITALIZACIÓN QUIRÚRGICA GINECO - OBSTETRICIA ";"49";"55";"111";"132";"8";"248";"0"
"2023";"08";"120606";"JUNIN";"SATIPO";"PANGOA";"GOBIERNO REGIONAL";"II-1";"00000442";"SAN MARTIN DE PANGOA";"243200";"HOSPITALIZACIÓN DE PEDIATRÍA PEDIATRIA NEONATOLOGÍA";"8";"11";"81";"60";"6";"186";"0"
"2023";"08";"200101";"PIURA";"PIURA";"PIURA";"PRIVADO";"II-1";"00013042";"CLÍNICA LOS COCOS";"240100";"HOSPITALIZACIÓN QUIRÚRGICA CIRUGÍA GENERAL ";"82";"77";"141";"147";"12";"372";"0"
"2023";"08";"200101";"PIURA";"PIURA";"PIURA";"PRIVADO";"II-1";"00013042";"CLÍNICA LOS COCOS";"241400";"HOSPITALIZACIÓN QUIRÚRGICA GINECO - OBSTETRICIA ";"155";"153";"218";"224";"16";"496";"0"
"2023";"08";"200101";"PIURA";"PIURA";"PIURA";"PRIVADO";"II-1";"00013042";"CLÍNICA LOS COCOS";"241800";"HOSPITALIZACIÓN DE MEDICINA MEDICINA GENERAL ";"11";"12";"23";"24";"11";"341";"0"
"2023";"08";"110401";"ICA";"PALPA";"PALPA";"ESSALUD";"I-3";"00010483";"PALPA";"NE_0001";"";"NE_0001";"NE_0001";"NE_0001";"NE_0001";"NE_0001";"NE_0001";"NE_0001"
"2023";"08";"120303";"JUNIN";"CHANCHAMAYO";"PICHANAQUI";"GOBIERNO REGIONAL";"I-3";"00000343";"CENTRO CUYANI";"NE_0001";"";"NE_0001";"NE_0001";"NE_0001";"NE_0001";"NE_0001";"NE_0001";"NE_0001"
"2023";"08";"120303";"JUNIN";"CHANCHAMAYO";"PICHANAQUI";"GOBIERNO REGIONAL";"I-2";"00000350";"VALLE HERMOSO";"NE_0001";"";"NE_0001";"NE_0001";"NE_0001";"NE_0001";"NE_0001";"NE_0001";"NE_0001"
"2023";"08";"150101";"LIMA";"LIMA";"LIMA";"OTRO";"III-2";"00027929";"INSTITUTO DE MEDICINA LEGAL DEL PERÚ";"NE_0001";"";"NE_0001";"NE_0001";"NE_0001";"NE_0001";"NE_0001";"NE_0001";"NE_0001"
"2023";"08";"130101";"LA LIBERTAD";"TRUJILLO";"TRUJILLO";"PRIVADO";"II-E";"00029964";"OFTALMOCENTER";"NE_0001";"";"NE_0001";"NE_0001";"NE_0001";"NE_0001";"NE_0001";"NE_0001";"NE_0001"
"2023";"08";"130101";"LA LIBERTAD";"TRUJILLO";"TRUJILLO";"GOBIERNO REGIONAL";"III-1";"00005195";"HOSPITAL BELEN DE TRUJILLO";"244000";"HOSPITALIZACIÓN DE MEDICINA CARDIOLOGIA ";"7";"10";"136";"180";"6";"186";"1"
"2023";"08";"130101";"LA LIBERTAD";"TRUJILLO";"TRUJILLO";"GOBIERNO REGIONAL";"III-1";"00005195";"HOSPITAL BELEN DE TRUJILLO";"244300";"HOSPITALIZACIÓN DE MEDICINA GASTROENTEROLOGÍA  ";"52";"18";"191";"131";"5";"155";"0"
"2023";"08";"130101";"LA LIBERTAD";"TRUJILLO";"TRUJILLO";"GOBIERNO REGIONAL";"III-1";"00005195";"HOSPITAL BELEN DE TRUJILLO";"241900";"HOSPITALIZACIÓN DE MEDICINA MEDICINA INTERNA ";"110";"121";"1220";"998";"33";"1023";"7"
"2023";"08";"130101";"LA LIBERTAD";"TRUJILLO";"TRUJILLO";"GOBIERNO REGIONAL";"III-1";"00005195";"HOSPITAL BELEN DE TRUJILLO";"245300";"HOSPITALIZACIÓN DE MEDICINA NEUMOLOGÍA  ";"11";"22";"515";"285";"10";"310";"6"
"2023";"08";"130101";"LA LIBERTAD";"TRUJILLO";"TRUJILLO";"GOBIERNO REGIONAL";"III-1";"00005195";"HOSPITAL BELEN DE TRUJILLO";"244700";"HOSPITALIZACIÓN DE MEDICINA NEUROLOGIA  ";"13";"25";"448";"243";"13";"403";"6"
"2023";"08";"130101";"LA LIBERTAD";"TRUJILLO";"TRUJILLO";"GOBIERNO REGIONAL";"III-1";"00005195";"HOSPITAL BELEN DE TRUJILLO";"242100";"HOSPITALIZACIÓN DE MEDICINA ONCOLOGÍA MÉDICA ";"3";"8";"111";"115";"4";"124";"0"
"2023";"08";"130101";"LA LIBERTAD";"TRUJILLO";"TRUJILLO";"GOBIERNO REGIONAL";"III-1";"00005195";"HOSPITAL BELEN DE TRUJILLO";"240801";"HOSPITALIZACIÓN QUIRÚRGICA CIRUGÍA PLÁSTICA/RECONSTRUCTIVA/ REPARADORA QUEMADOS";"2";"10";"68";"74";"3";"93";"0"
"2023";"08";"130101";"LA LIBERTAD";"TRUJILLO";"TRUJILLO";"GOBIERNO REGIONAL";"III-1";"00005195";"HOSPITAL BELEN DE TRUJILLO";"240800";"HOSPITALIZACIÓN QUIRÚRGICA CIRUGÍA PLÁSTICA/RECONSTRUCTIVA/ REPARADORA ";"5";"10";"115";"119";"4";"124";"0"
"2023";"08";"130101";"LA LIBERTAD";"TRUJILLO";"TRUJILLO";"GOBIERNO REGIONAL";"III-1";"00005195";"HOSPITAL BELEN DE TRUJILLO";"240400";"HOSPITALIZACIÓN QUIRÚRGICA CIRUGÍA DE TÓRAX Y CARDIOVASCULAR ";"8";"9";"165";"167";"6";"186";"0"
"2023";"08";"130101";"LA LIBERTAD";"TRUJILLO";"TRUJILLO";"GOBIERNO REGIONAL";"III-1";"00005195";"HOSPITAL BELEN DE TRUJILLO";"240100";"HOSPITALIZACIÓN QUIRÚRGICA CIRUGÍA GENERAL ";"170";"153";"1036";"936";"34";"1054";"2"
"2023";"08";"130101";"LA LIBERTAD";"TRUJILLO";"TRUJILLO";"GOBIERNO REGIONAL";"III-1";"00005195";"HOSPITAL BELEN DE TRUJILLO";"241000";"HOSPITALIZACIÓN QUIRÚRGICA ONCOLOGÍA QUIRÚRGICA  ";"1";"5";"44";"45";"2";"62";"0"
"2023";"08";"130101";"LA LIBERTAD";"TRUJILLO";"TRUJILLO";"GOBIERNO REGIONAL";"III-1";"00005195";"HOSPITAL BELEN DE TRUJILLO";"240700";"HOSPITALIZACIÓN QUIRÚRGICA CIRUGÍA PEDIÁTRICA ";"10";"26";"161";"172";"6";"186";"0"
"2023";"08";"130101";"LA LIBERTAD";"TRUJILLO";"TRUJILLO";"GOBIERNO REGIONAL";"III-1";"00005195";"HOSPITAL BELEN DE TRUJILLO";"240900";"HOSPITALIZACIÓN QUIRÚRGICA NEUROCIRUGÍA ";"11";"17";"242";"164";"6";"186";"2"
"2023";"08";"130101";"LA LIBERTAD";"TRUJILLO";"TRUJILLO";"GOBIERNO REGIONAL";"III-1";"00005195";"HOSPITAL BELEN DE TRUJILLO";"241100";"HOSPITALIZACIÓN QUIRÚRGICA OTORRINOLARINGOLOGÍA  ";"1";"1";"1";"2";"1";"31";"0"
"2023";"08";"130101";"LA LIBERTAD";"TRUJILLO";"TRUJILLO";"GOBIERNO REGIONAL";"III-1";"00005195";"HOSPITAL BELEN DE TRUJILLO";"241200";"HOSPITALIZACIÓN QUIRÚRGICA TRAUMATOLOGÍA Y ORTOPEDIA ";"48";"49";"491";"529";"18";"558";"0"
"2023";"08";"130101";"LA LIBERTAD";"TRUJILLO";"TRUJILLO";"GOBIERNO REGIONAL";"III-1";"00005195";"HOSPITAL BELEN DE TRUJILLO";"241300";"HOSPITALIZACIÓN QUIRÚRGICA UROLOGÍA  ";"12";"13";"84";"88";"3";"93";"0"
"2023";"08";"130101";"LA LIBERTAD";"TRUJILLO";"TRUJILLO";"GOBIERNO REGIONAL";"III-1";"00005195";"HOSPITAL BELEN DE TRUJILLO";"243200";"HOSPITALIZACIÓN DE PEDIATRÍA PEDIATRIA NEONATOLOGÍA";"63";"91";"1049";"638";"30";"930";"4"
"2023";"08";"130101";"LA LIBERTAD";"TRUJILLO";"TRUJILLO";"GOBIERNO REGIONAL";"III-1";"00005195";"HOSPITAL BELEN DE TRUJILLO";"250105";"UNIDAD DE CUIDADOS CRITICOS UNIDAD  DE CUIDADOS INTENSIVOS  (UCI) NEONATOLOGÍA";"1";"6";"200";"320";"12";"372";"5"
"2023";"08";"130101";"LA LIBERTAD";"TRUJILLO";"TRUJILLO";"GOBIERNO REGIONAL";"III-1";"00005195";"HOSPITAL BELEN DE TRUJILLO";"242300";"HOSPITALIZACIÓN DE PEDIATRÍA  PEDIATRÍA  GENERAL ";"51";"61";"506";"359";"20";"620";"1"
"2023";"08";"130101";"LA LIBERTAD";"TRUJILLO";"TRUJILLO";"GOBIERNO REGIONAL";"III-1";"00005195";"HOSPITAL BELEN DE TRUJILLO";"250108";"UNIDAD DE CUIDADOS CRITICOS UNIDAD  DE CUIDADOS INTENSIVOS  (UCI) PEDIÁTRICA";"5";"2";"25";"74";"5";"155";"2"
"2023";"08";"130101";"LA LIBERTAD";"TRUJILLO";"TRUJILLO";"GOBIERNO REGIONAL";"III-1";"00005195";"HOSPITAL BELEN DE TRUJILLO";"241500";"HOSPITALIZACIÓN QUIRÚRGICA GINECOLOGÍA  ";"23";"64";"278";"263";"10";"310";"0"
"2023";"08";"130101";"LA LIBERTAD";"TRUJILLO";"TRUJILLO";"GOBIERNO REGIONAL";"III-1";"00005195";"HOSPITAL BELEN DE TRUJILLO";"241600";"HOSPITALIZACIÓN QUIRÚRGICA OBSTETRICIA   ";"258";"246";"905";"968";"38";"1178";"1"
"2023";"08";"130101";"LA LIBERTAD";"TRUJILLO";"TRUJILLO";"GOBIERNO REGIONAL";"III-1";"00005195";"HOSPITAL BELEN DE TRUJILLO";"250100";"UNIDAD DE CUIDADOS CRITICOS UNIDAD  DE CUIDADOS INTENSIVOS GENERALES (UCI) ";"2";"5";"83";"271";"10";"310";"5"
"2023";"08";"060811";"CAJAMARCA";"JAEN";"SAN JOSE DEL ALTO";"GOBIERNO REGIONAL";"I-1";"00018121";"EL PORVENIR";"NE_0001";"";"NE_0001";"NE_0001";"NE_0001";"NE_0001";"NE_0001";"NE_0001";"NE_0001"
"2023";"08";"060811";"CAJAMARCA";"JAEN";"SAN JOSE DEL ALTO";"GOBIERNO REGIONAL";"I-2";"00004260";"PEÑA BLANCA";"NE_0001";"";"NE_0001";"NE_0001";"NE_0001";"NE_0001";"NE_0001";"NE_0001";"NE_0001"
"2023";"08";"060811";"CAJAMARCA";"JAEN";"SAN JOSE DEL ALTO";"GOBIERNO REGIONAL";"I-1";"00013058";"SAN PEDRO";"NE_0001";"";"NE_0001";"NE_0001";"NE_0001";"NE_0001";"NE_0001";"NE_0001";"NE_0001"
"2023";"08";"060811";"CAJAMARCA";"JAEN";"SAN JOSE DEL ALTO";"GOBIERNO REGIONAL";"I-1";"00004259";"HUAHUAYA";"NE_0001";"";"NE_0001";"NE_0001";"NE_0001";"NE_0001";"NE_0001";"NE_0001";"NE_0001"
"2023";"08";"060811";"CAJAMARCA";"JAEN";"SAN JOSE DEL ALTO";"GOBIERNO REGIONAL";"I-1";"00004257";"SAN JOSE DEL ALTO";"NE_0001";"";"NE_0001";"NE_0001";"NE_0001";"NE_0001";"NE_0001";"NE_0001";"NE_0001"
"2023";"08";"060811";"CAJAMARCA";"JAEN";"SAN JOSE DEL ALTO";"GOBIERNO REGIONAL";"I-1";"00009965";"SAN ANTONIO";"NE_0001";"";"NE_0001";"NE_0001";"NE_0001";"NE_0001";"NE_0001";"NE_0001";"NE_0001"
"2023";"08";"060811";"CAJAMARCA";"JAEN";"SAN JOSE DEL ALTO";"GOBIERNO REGIONAL";"I-3";"00004256";"COCHALAN";"NE_0001";"";"NE_0001";"NE_0001";"NE_0001";"NE_0001";"NE_0001";"NE_0001";"NE_0001"
"2023";"08";"060811";"CAJAMARCA";"JAEN";"SAN JOSE DEL ALTO";"GOBIERNO REGIONAL";"I-2";"00004258";"ANGASH";"NE_0001";"";"NE_0001";"NE_0001";"NE_0001";"NE_0001";"NE_0001";"NE_0001";"NE_0001"
"2023";"08";"190301";"PASCO";"OXAPAMPA";"OXAPAMPA";"GOBIERNO REGIONAL";"II-1";"00000980";"ERNESTO GERMAN GUZMÁN GONZALES";"250103";"UNIDAD DE CUIDADOS CRITICOS UNIDAD  DE CUIDADOS INTENSIVOS GENERALES  (UCI) MEDICINA";"6";"6";"37";"37";"2";"62";"1"
"2023";"08";"190301";"PASCO";"OXAPAMPA";"OXAPAMPA";"GOBIERNO REGIONAL";"II-1";"00000980";"ERNESTO GERMAN GUZMÁN GONZALES";"241800";"HOSPITALIZACIÓN DE MEDICINA MEDICINA GENERAL ";"14";"14";"90";"90";"2";"92";"0"
"2023";"08";"190301";"PASCO";"OXAPAMPA";"OXAPAMPA";"GOBIERNO REGIONAL";"II-1";"00000980";"ERNESTO GERMAN GUZMÁN GONZALES";"241900";"HOSPITALIZACIÓN DE MEDICINA MEDICINA INTERNA ";"1";"1";"3";"3";"1";"31";"0"
"2023";"08";"190301";"PASCO";"OXAPAMPA";"OXAPAMPA";"GOBIERNO REGIONAL";"II-1";"00000980";"ERNESTO GERMAN GUZMÁN GONZALES";"240100";"HOSPITALIZACIÓN QUIRÚRGICA CIRUGÍA GENERAL ";"6";"6";"23";"23";"5";"155";"0"
"2023";"08";"190301";"PASCO";"OXAPAMPA";"OXAPAMPA";"GOBIERNO REGIONAL";"II-1";"00000980";"ERNESTO GERMAN GUZMÁN GONZALES";"241200";"HOSPITALIZACIÓN QUIRÚRGICA TRAUMATOLOGÍA Y ORTOPEDIA ";"12";"12";"51";"51";"1";"61";"0"
"2023";"08";"190301";"PASCO";"OXAPAMPA";"OXAPAMPA";"GOBIERNO REGIONAL";"II-1";"00000980";"ERNESTO GERMAN GUZMÁN GONZALES";"241400";"HOSPITALIZACIÓN QUIRÚRGICA GINECO - OBSTETRICIA ";"37";"37";"81";"81";"4";"186";"0"
"2023";"08";"190301";"PASCO";"OXAPAMPA";"OXAPAMPA";"GOBIERNO REGIONAL";"II-1";"00000980";"ERNESTO GERMAN GUZMÁN GONZALES";"242500";"HOSPITALIZACIÓN-PEDIATRÍA GENERAL-";"5";"5";"19";"19";"2";"62";"0"
"2023";"08";"190301";"PASCO";"OXAPAMPA";"OXAPAMPA";"GOBIERNO REGIONAL";"II-1";"00000980";"ERNESTO GERMAN GUZMÁN GONZALES";"243200";"HOSPITALIZACIÓN DE PEDIATRÍA PEDIATRIA NEONATOLOGÍA";"3";"3";"4";"4";"3";"93";"0"
"2023";"08";"060508";"CAJAMARCA";"CONTUMAZA";"YONAN";"ESSALUD";"I-2";"00010274";"POSTA MEDICA TEMBLADERA";"NE_0001";"";"NE_0001";"NE_0001";"NE_0001";"NE_0001";"NE_0001";"NE_0001";"NE_0001"
"2023";"08";"080605";"CUSCO";"CANCHIS";"PITUMARCA";"GOBIERNO REGIONAL";"I-1";"00002393";"PHINAYA";"NE_0001";"";"NE_0001";"NE_0001";"NE_0001";"NE_0001";"NE_0001";"NE_0001";"NE_0001"
"2023";"08";"080601";"CUSCO";"CANCHIS";"SICUANI";"GOBIERNO REGIONAL";"I-2";"00002381";"QUEHUAR";"NE_0001";"";"NE_0001";"NE_0001";"NE_0001";"NE_0001";"NE_0001";"NE_0001";"NE_0001"
"2023";"08";"080606";"CUSCO";"CANCHIS";"SAN PABLO";"GOBIERNO REGIONAL";"I-2";"00002394";"SAN PABLO CANCHIS";"NE_0001";"";"NE_0001";"NE_0001";"NE_0001";"NE_0001";"NE_0001";"NE_0001";"NE_0001"
"2023";"08";"080606";"CUSCO";"CANCHIS";"SAN PABLO";"GOBIERNO REGIONAL";"I-2";"00002395";"SANTA BARBARA";"NE_0001";"";"NE_0001";"NE_0001";"NE_0001";"NE_0001";"NE_0001";"NE_0001";"NE_0001"
"2023";"08";"080601";"CUSCO";"CANCHIS";"SICUANI";"GOBIERNO REGIONAL";"I-1";"00002382";"UZCUPATA";"NE_0001";"";"NE_0001";"NE_0001";"NE_0001";"NE_0001";"NE_0001";"NE_0001";"NE_0001"
"2023";"08";"080601";"CUSCO";"CANCHIS";"SICUANI";"GOBIERNO REGIONAL";"I-3";"00002384";"PAMPAPHALLA";"NE_0001";"";"NE_0001";"NE_0001";"NE_0001";"NE_0001";"NE_0001";"NE_0001";"NE_0001"
"2023";"08";"080601";"CUSCO";"CANCHIS";"SICUANI";"GOBIERNO REGIONAL";"I-2";"00026387";"MENTAL COMUNITARIO SICUANI";"NE_0001";"";"NE_0001";"NE_0001";"NE_0001";"NE_0001";"NE_0001";"NE_0001";"NE_0001"
"2023";"08";"080601";"CUSCO";"CANCHIS";"SICUANI";"GOBIERNO REGIONAL";"I-2";"00002383";"LA FLORIDA";"NE_0001";"";"NE_0001";"NE_0001";"NE_0001";"NE_0001";"NE_0001";"NE_0001";"NE_0001"
"2023";"08";"080607";"CUSCO";"CANCHIS";"SAN PEDRO";"GOBIERNO REGIONAL";"I-2";"00002396";"SAN PEDRO CANCHIS";"NE_0001";"";"NE_0001";"NE_0001";"NE_0001";"NE_0001";"NE_0001";"NE_0001";"NE_0001"
"2023";"09";"100101";"HUANUCO";"HUANUCO";"HUANUCO";"PRIVADO";"II-E";"00011592";"CLINICA HUANUCO E-I-R-LTDA.";"240700";"HOSPITALIZACIÓN QUIRÚRGICA CIRUGÍA PEDIÁTRICA ";"1";"1";"3";"3";"1";"27";"0"
"2023";"09";"100101";"HUANUCO";"HUANUCO";"HUANUCO";"PRIVADO";"II-E";"00011592";"CLINICA HUANUCO E-I-R-LTDA.";"241100";"HOSPITALIZACIÓN QUIRÚRGICA OTORRINOLARINGOLOGÍA  ";"6";"6";"6";"6";"1";"24";"0"
"2023";"09";"200104";"PIURA";"PIURA";"CASTILLA";"ESSALUD";"II-E";"00016363";"INSTITUTO PERUANO DE OFTALMOLOGIA";"240000";"HOSPITALIZACIÓN";"149";"149";"156";"153";"6";"180";"0"
"2023";"09";"010101";"AMAZONAS";"CHACHAPOYAS";"CHACHAPOYAS";"GOBIERNO REGIONAL";"II-2";"00004838";"HOSPITAL REGIONAL VIRGEN DE FATIMA";"240100";"HOSPITALIZACIÓN QUIRÚRGICA CIRUGÍA GENERAL ";"68";"81";"391";"413";"20";"600";"0"
"2023";"09";"010101";"AMAZONAS";"CHACHAPOYAS";"CHACHAPOYAS";"GOBIERNO REGIONAL";"II-2";"00004838";"HOSPITAL REGIONAL VIRGEN DE FATIMA";"240700";"HOSPITALIZACIÓN QUIRÚRGICA CIRUGÍA PEDIÁTRICA ";"2";"2";"0";"2";"3";"90";"0"
"2023";"09";"010101";"AMAZONAS";"CHACHAPOYAS";"CHACHAPOYAS";"GOBIERNO REGIONAL";"II-2";"00004838";"HOSPITAL REGIONAL VIRGEN DE FATIMA";"241200";"HOSPITALIZACIÓN QUIRÚRGICA TRAUMATOLOGÍA Y ORTOPEDIA ";"23";"31";"251";"242";"9";"270";"0"
"2023";"09";"010101";"AMAZONAS";"CHACHAPOYAS";"CHACHAPOYAS";"GOBIERNO REGIONAL";"II-2";"00004838";"HOSPITAL REGIONAL VIRGEN DE FATIMA";"241500";"HOSPITALIZACIÓN QUIRÚRGICA GINECOLOGÍA  ";"21";"26";"78";"83";"6";"180";"0"
"2023";"09";"010101";"AMAZONAS";"CHACHAPOYAS";"CHACHAPOYAS";"GOBIERNO REGIONAL";"II-2";"00004838";"HOSPITAL REGIONAL VIRGEN DE FATIMA";"241600";"HOSPITALIZACIÓN QUIRÚRGICA OBSTETRICIA   ";"138";"146";"248";"384";"20";"600";"0"
"2023";"09";"010101";"AMAZONAS";"CHACHAPOYAS";"CHACHAPOYAS";"GOBIERNO REGIONAL";"II-2";"00004838";"HOSPITAL REGIONAL VIRGEN DE FATIMA";"241900";"HOSPITALIZACIÓN DE MEDICINA MEDICINA INTERNA ";"58";"73";"318";"338";"23";"690";"5"
"2023";"09";"010101";"AMAZONAS";"CHACHAPOYAS";"CHACHAPOYAS";"GOBIERNO REGIONAL";"II-2";"00004838";"HOSPITAL REGIONAL VIRGEN DE FATIMA";"242205";"HOSPITALIZACIÓN MEDICINA PSIQUIATRÍA PISIQUIATRIA/ SALUD MENTAL Y ADICCIONES";"7";"7";"44";"51";"6";"180";"0"
"2023";"06";"220505";"SAN MARTIN";"LAMAS";"CUÑUMBUQUI";"GOBIERNO REGIONAL";"I-1";"00006377";"LAS FLORES DE MAMONAQUIHUA";"NE_0002";"";"NE_0002";"NE_0002";"NE_0002";"NE_0002";"NE_0002";"NE_0002";"NE_0002"
"2023";"07";"220501";"SAN MARTIN";"LAMAS";"LAMAS";"ESSALUD";"I-2";"00016484";"POSTA MEDICA LAMAS - ESSALUD";"NE_0001";"";"NE_0001";"NE_0001";"NE_0001";"NE_0001";"NE_0001";"NE_0001";"NE_0001"
"2023";"07";"120302";"JUNIN";"CHANCHAMAYO";"PERENE";"GOBIERNO REGIONAL";"I-2";"00000337";"MIRICHARO";"NE_0001";"";"NE_0001";"NE_0001";"NE_0001";"NE_0001";"NE_0001";"NE_0001";"NE_0001"
"2023";"07";"120302";"JUNIN";"CHANCHAMAYO";"PERENE";"GOBIERNO REGIONAL";"I-3";"00006716";"CIUDAD SATELITE";"NE_0001";"";"NE_0001";"NE_0001";"NE_0001";"NE_0001";"NE_0001";"NE_0001";"NE_0001"
"2023";"07";"120302";"JUNIN";"CHANCHAMAYO";"PERENE";"GOBIERNO REGIONAL";"I-1";"00000339";"SAN ANTONIO ALTO PICHANAKI";"NE_0001";"";"NE_0001";"NE_0001";"NE_0001";"NE_0001";"NE_0001";"NE_0001";"NE_0001"
"2023";"07";"150103";"LIMA";"LIMA";"ATE";"MINSA";"II-1";"00005945";"HOSPITAL VITARTE";"241900";"HOSPITALIZACIÓN DE MEDICINA MEDICINA INTERNA ";"133";"136";"910";"904";"32";"992";"6"
"2023";"04";"150501";"LIMA";"CAÑETE";"SAN VICENTE DE CAÑETE";"PRIVADO";"II-1";"00026070";"CLINICA CORAZON DE JESUS";"240100";"HOSPITALIZACIÓN QUIRÚRGICA CIRUGÍA GENERAL ";"26";"22";"76";"75";"8";"248";"0"
"2023";"04";"150501";"LIMA";"CAÑETE";"SAN VICENTE DE CAÑETE";"PRIVADO";"II-1";"00026070";"CLINICA CORAZON DE JESUS";"241400";"HOSPITALIZACIÓN QUIRÚRGICA GINECO - OBSTETRICIA ";"6";"6";"14";"13";"3";"93";"0"
"2023";"04";"120101";"JUNIN";"HUANCAYO";"HUANCAYO";"GOBIERNO REGIONAL";"III-E";"00000753";"HOSPITAL REGIONAL DOCENTE CLINICO QUIRURGICO DANIEL ALCIDES CARRION";"241900";"HOSPITALIZACIÓN DE MEDICINA MEDICINA INTERNA ";"93";"102";"1251";"1431";"49";"1470";"10"
"2023";"04";"120101";"JUNIN";"HUANCAYO";"HUANCAYO";"GOBIERNO REGIONAL";"III-E";"00000753";"HOSPITAL REGIONAL DOCENTE CLINICO QUIRURGICO DANIEL ALCIDES CARRION";"242000";"HOSPITALIZACIÓN DE MEDICINA MEDICINA TROPICAL E INFECCIOSAS ";"27";"21";"370";"351";"12";"360";"1"
"2023";"04";"120101";"JUNIN";"HUANCAYO";"HUANCAYO";"GOBIERNO REGIONAL";"III-E";"00000753";"HOSPITAL REGIONAL DOCENTE CLINICO QUIRURGICO DANIEL ALCIDES CARRION";"244000";"HOSPITALIZACIÓN DE MEDICINA CARDIOLOGIA ";"43";"43";"200";"279";"10";"300";"2"
"2023";"04";"120101";"JUNIN";"HUANCAYO";"HUANCAYO";"GOBIERNO REGIONAL";"III-E";"00000753";"HOSPITAL REGIONAL DOCENTE CLINICO QUIRURGICO DANIEL ALCIDES CARRION";"244200";"HOSPITALIZACIÓN DE MEDICINA ENDOCRINOLOGIA ";"10";"10";"131";"65";"3";"90";"0"
"2023";"04";"120101";"JUNIN";"HUANCAYO";"HUANCAYO";"GOBIERNO REGIONAL";"III-E";"00000753";"HOSPITAL REGIONAL DOCENTE CLINICO QUIRURGICO DANIEL ALCIDES CARRION";"244300";"HOSPITALIZACIÓN DE MEDICINA GASTROENTEROLOGÍA  ";"32";"32";"317";"207";"8";"240";"4"
"2023";"04";"120101";"JUNIN";"HUANCAYO";"HUANCAYO";"GOBIERNO REGIONAL";"III-E";"00000753";"HOSPITAL REGIONAL DOCENTE CLINICO QUIRURGICO DANIEL ALCIDES CARRION";"244400";"HOSPITALIZACIÓN DE MEDICINA GERIATRIA ";"19";"19";"196";"123";"5";"150";"4"
"2023";"04";"120101";"JUNIN";"HUANCAYO";"HUANCAYO";"GOBIERNO REGIONAL";"III-E";"00000753";"HOSPITAL REGIONAL DOCENTE CLINICO QUIRURGICO DANIEL ALCIDES CARRION";"245300";"HOSPITALIZACIÓN DE MEDICINA NEUMOLOGÍA  ";"22";"27";"327";"375";"13";"390";"6"
"2023";"04";"120101";"JUNIN";"HUANCAYO";"HUANCAYO";"GOBIERNO REGIONAL";"III-E";"00000753";"HOSPITAL REGIONAL DOCENTE CLINICO QUIRURGICO DANIEL ALCIDES CARRION";"240100";"HOSPITALIZACIÓN QUIRÚRGICA CIRUGÍA GENERAL ";"179";"185";"953";"906";"31";"930";"2"
"2023";"04";"120101";"JUNIN";"HUANCAYO";"HUANCAYO";"GOBIERNO REGIONAL";"III-E";"00000753";"HOSPITAL REGIONAL DOCENTE CLINICO QUIRURGICO DANIEL ALCIDES CARRION";"240200";"HOSPITALIZACIÓN QUIRÚRGICA CIRUGÍA DE CABEZA Y CUELLO / MÁXILO FACIAL ";"14";"15";"89";"183";"7";"210";"0"
"2023";"04";"120101";"JUNIN";"HUANCAYO";"HUANCAYO";"GOBIERNO REGIONAL";"III-E";"00000753";"HOSPITAL REGIONAL DOCENTE CLINICO QUIRURGICO DANIEL ALCIDES CARRION";"240800";"HOSPITALIZACIÓN QUIRÚRGICA CIRUGÍA PLÁSTICA/RECONSTRUCTIVA/ REPARADORA ";"5";"4";"88";"49";"2";"60";"0"
"2023";"04";"120101";"JUNIN";"HUANCAYO";"HUANCAYO";"GOBIERNO REGIONAL";"III-E";"00000753";"HOSPITAL REGIONAL DOCENTE CLINICO QUIRURGICO DANIEL ALCIDES CARRION";"240900";"HOSPITALIZACIÓN QUIRÚRGICA NEUROCIRUGÍA ";"43";"39";"442";"476";"16";"480";"2"
"2023";"04";"120101";"JUNIN";"HUANCAYO";"HUANCAYO";"GOBIERNO REGIONAL";"III-E";"00000753";"HOSPITAL REGIONAL DOCENTE CLINICO QUIRURGICO DANIEL ALCIDES CARRION";"241100";"HOSPITALIZACIÓN QUIRÚRGICA OTORRINOLARINGOLOGÍA  ";"1";"1";"1";"12";"1";"30";"0"
"2023";"04";"120101";"JUNIN";"HUANCAYO";"HUANCAYO";"GOBIERNO REGIONAL";"III-E";"00000753";"HOSPITAL REGIONAL DOCENTE CLINICO QUIRURGICO DANIEL ALCIDES CARRION";"241200";"HOSPITALIZACIÓN QUIRÚRGICA TRAUMATOLOGÍA Y ORTOPEDIA ";"76";"82";"987";"850";"29";"870";"0"
"2023";"04";"120101";"JUNIN";"HUANCAYO";"HUANCAYO";"GOBIERNO REGIONAL";"III-E";"00000753";"HOSPITAL REGIONAL DOCENTE CLINICO QUIRURGICO DANIEL ALCIDES CARRION";"241300";"HOSPITALIZACIÓN QUIRÚRGICA UROLOGÍA  ";"15";"14";"106";"171";"6";"180";"0"
"2023";"07";"150103";"LIMA";"LIMA";"ATE";"MINSA";"II-1";"00005945";"HOSPITAL VITARTE";"242300";"HOSPITALIZACIÓN DE PEDIATRÍA  PEDIATRÍA  GENERAL ";"159";"154";"770";"904";"30";"930";"0"
"2023";"07";"150103";"LIMA";"LIMA";"ATE";"MINSA";"II-1";"00005945";"HOSPITAL VITARTE";"243200";"HOSPITALIZACIÓN DE PEDIATRÍA PEDIATRIA NEONATOLOGÍA";"67";"70";"247";"270";"10";"310";"0"
"2023";"07";"150103";"LIMA";"LIMA";"ATE";"MINSA";"II-1";"00005945";"HOSPITAL VITARTE";"241500";"HOSPITALIZACIÓN QUIRÚRGICA GINECOLOGÍA  ";"57";"54";"138";"177";"7";"217";"0"
"2023";"07";"150103";"LIMA";"LIMA";"ATE";"MINSA";"II-1";"00005945";"HOSPITAL VITARTE";"241400";"HOSPITALIZACIÓN QUIRÚRGICA GINECO - OBSTETRICIA ";"417";"417";"902";"958";"33";"1023";"0"
"2023";"07";"150103";"LIMA";"LIMA";"ATE";"MINSA";"II-1";"00005945";"HOSPITAL VITARTE";"240100";"HOSPITALIZACIÓN QUIRÚRGICA CIRUGÍA GENERAL ";"244";"248";"632";"707";"29";"899";"0"
"2023";"07";"150103";"LIMA";"LIMA";"ATE";"MINSA";"II-1";"00005945";"HOSPITAL VITARTE";"241200";"HOSPITALIZACIÓN QUIRÚRGICA TRAUMATOLOGÍA Y ORTOPEDIA ";"48";"50";"173";"180";"8";"248";"0"
"2023";"07";"150103";"LIMA";"LIMA";"ATE";"MINSA";"II-1";"00005945";"HOSPITAL VITARTE";"241100";"HOSPITALIZACIÓN QUIRÚRGICA OTORRINOLARINGOLOGÍA  ";"17";"17";"19";"19";"1";"31";"0"
"2023";"07";"150103";"LIMA";"LIMA";"ATE";"MINSA";"II-1";"00005945";"HOSPITAL VITARTE";"241300";"HOSPITALIZACIÓN QUIRÚRGICA UROLOGÍA  ";"6";"6";"12";"12";"1";"31";"0"
"2023";"07";"150103";"LIMA";"LIMA";"ATE";"MINSA";"II-1";"00005945";"HOSPITAL VITARTE";"240600";"HOSPITALIZACIÓN QUIRÚRGICA CIRUGÍA OFTALMOLÓGICA ";"13";"13";"13";"13";"1";"31";"0"
"2023";"08";"050509";"AYACUCHO";"LA MAR";"SAMUGARI";"SANIDAD DE LA POLICIA NACIONAL DEL PERU";"I-2";"00027203";"PUESTO DE SALUD PNP PALMAPAMPA";"NE_0002";"";"NE_0002";"NE_0002";"NE_0002";"NE_0002";"NE_0002";"NE_0002";"NE_0002"
"2023";"08";"120301";"JUNIN";"CHANCHAMAYO";"CHANCHAMAYO";"SANIDAD DE LA POLICIA NACIONAL DEL PERU";"I-2";"00011913";"POSTA MEDICA POLICIAL LA MERCED";"NE_0001";"";"NE_0001";"NE_0001";"NE_0001";"NE_0001";"NE_0001";"NE_0001";"NE_0001"
"2023";"08";"240101";"TUMBES";"TUMBES";"TUMBES";"PRIVADO";"II-E";"00007874";"CLINICA FEIJOO EIRL";"241400";"HOSPITALIZACIÓN QUIRÚRGICA GINECO - OBSTETRICIA ";"2";"2";"2";"2";"3";"93";"0"
"2023";"08";"240101";"TUMBES";"TUMBES";"TUMBES";"PRIVADO";"II-E";"00007874";"CLINICA FEIJOO EIRL";"240100";"HOSPITALIZACIÓN QUIRÚRGICA CIRUGÍA GENERAL ";"10";"10";"10";"10";"3";"93";"0"
"2023";"08";"050204";"AYACUCHO";"CANGALLO";"MARIA PARADO DE BELLIDO";"GOBIERNO REGIONAL";"I-1";"00007303";"PUESTO DE SALUD ÑUÑUNHUAYCCO";"NE_0001";"";"NE_0001";"NE_0001";"NE_0001";"NE_0001";"NE_0001";"NE_0001";"NE_0001"
"2023";"08";"050203";"AYACUCHO";"CANGALLO";"LOS MOROCHUCOS";"GOBIERNO REGIONAL";"I-1";"00017085";"PUESTO DE SALUD HUALLCHANCCA";"NE_0001";"";"NE_0001";"NE_0001";"NE_0001";"NE_0001";"NE_0001";"NE_0001";"NE_0001"
"2023";"08";"050201";"AYACUCHO";"CANGALLO";"CANGALLO";"GOBIERNO REGIONAL";"I-1";"00003506";"PUESTO DE SALUD INCARACCAY";"NE_0001";"";"NE_0001";"NE_0001";"NE_0001";"NE_0001";"NE_0001";"NE_0001";"NE_0001"
"2023";"01";"150135";"LIMA";"LIMA";"SAN MARTIN DE PORRES";"MINSA";"III-1";"00007633";"HOSPITAL NACIONAL CAYETANO HEREDIA";"241500";"HOSPITALIZACIÓN QUIRÚRGICA GINECOLOGÍA  ";"119";"102";"373";"624";"22";"682";"1"
"2023";"01";"150135";"LIMA";"LIMA";"SAN MARTIN DE PORRES";"MINSA";"III-1";"00007633";"HOSPITAL NACIONAL CAYETANO HEREDIA";"241600";"HOSPITALIZACIÓN QUIRÚRGICA OBSTETRICIA   ";"386";"365";"1177";"999";"34";"1054";"0"
"2023";"08";"150121";"LIMA";"LIMA";"PUEBLO LIBRE";"MINSA";"III-1";"00006211";"HOSPITAL DE APOYO SANTA ROSA";"240100";"HOSPITALIZACIÓN QUIRÚRGICA CIRUGÍA GENERAL ";"109";"104";"573";"677";"23";"713";"0"
"2023";"08";"150121";"LIMA";"LIMA";"PUEBLO LIBRE";"MINSA";"III-1";"00006211";"HOSPITAL DE APOYO SANTA ROSA";"240700";"HOSPITALIZACIÓN QUIRÚRGICA CIRUGÍA PEDIÁTRICA ";"20";"19";"90";"152";"10";"310";"0"
"2023";"08";"150121";"LIMA";"LIMA";"PUEBLO LIBRE";"MINSA";"III-1";"00006211";"HOSPITAL DE APOYO SANTA ROSA";"241500";"HOSPITALIZACIÓN QUIRÚRGICA GINECOLOGÍA  ";"61";"60";"323";"366";"16";"496";"0"
"2023";"08";"150121";"LIMA";"LIMA";"PUEBLO LIBRE";"MINSA";"III-1";"00006211";"HOSPITAL DE APOYO SANTA ROSA";"241600";"HOSPITALIZACIÓN QUIRÚRGICA OBSTETRICIA   ";"145";"151";"614";"723";"30";"930";"0"
"2023";"08";"150121";"LIMA";"LIMA";"PUEBLO LIBRE";"MINSA";"III-1";"00006211";"HOSPITAL DE APOYO SANTA ROSA";"241800";"HOSPITALIZACIÓN DE MEDICINA MEDICINA GENERAL ";"96";"96";"926";"905";"32";"992";"9"
"2023";"08";"150121";"LIMA";"LIMA";"PUEBLO LIBRE";"MINSA";"III-1";"00006211";"HOSPITAL DE APOYO SANTA ROSA";"242100";"HOSPITALIZACIÓN DE MEDICINA ONCOLOGÍA MÉDICA ";"43";"46";"289";"252";"12";"372";"0"
"2023";"08";"150121";"LIMA";"LIMA";"PUEBLO LIBRE";"MINSA";"III-1";"00006211";"HOSPITAL DE APOYO SANTA ROSA";"242500";"HOSPITALIZACIÓN-PEDIATRÍA GENERAL-";"54";"54";"240";"310";"12";"372";"0"
"2023";"08";"150121";"LIMA";"LIMA";"PUEBLO LIBRE";"MINSA";"III-1";"00006211";"HOSPITAL DE APOYO SANTA ROSA";"243200";"HOSPITALIZACIÓN DE PEDIATRÍA PEDIATRIA NEONATOLOGÍA";"26";"26";"117";"151";"7";"217";"1"
"2023";"08";"120602";"JUNIN";"SATIPO";"COVIRIALI";"GOBIERNO REGIONAL";"I-2";"00000486";"SAN PEDRO";"NE_0001";"";"NE_0001";"NE_0001";"NE_0001";"NE_0001";"NE_0001";"NE_0001";"NE_0001"
"2023";"08";"120602";"JUNIN";"SATIPO";"COVIRIALI";"GOBIERNO REGIONAL";"I-3";"00000485";"COVIRIALI";"NE_0001";"";"NE_0001";"NE_0001";"NE_0001";"NE_0001";"NE_0001";"NE_0001";"NE_0001"
"2023";"08";"120602";"JUNIN";"SATIPO";"COVIRIALI";"GOBIERNO REGIONAL";"I-1";"00007186";"PALMAPAMPA";"NE_0001";"";"NE_0001";"NE_0001";"NE_0001";"NE_0001";"NE_0001";"NE_0001";"NE_0001"
"2023";"08";"120205";"JUNIN";"CONCEPCION";"COCHAS";"GOBIERNO REGIONAL";"I-2";"00000676";"COCHAS";"NE_0001";"";"NE_0001";"NE_0001";"NE_0001";"NE_0001";"NE_0001";"NE_0001";"NE_0001"
"2023";"08";"120206";"JUNIN";"CONCEPCION";"COMAS";"GOBIERNO REGIONAL";"I-1";"00000684";"RUNATULLO";"NE_0001";"";"NE_0001";"NE_0001";"NE_0001";"NE_0001";"NE_0001";"NE_0001";"NE_0001"
"2023";"08";"120203";"JUNIN";"CONCEPCION";"ANDAMARCA";"GOBIERNO REGIONAL";"I-1";"00019790";"PUNCO";"NE_0001";"";"NE_0001";"NE_0001";"NE_0001";"NE_0001";"NE_0001";"NE_0001";"NE_0001"
"2023";"08";"120135";"JUNIN";"HUANCAYO";"SANTO DOMINGO DE ACOBAMBA";"GOBIERNO REGIONAL";"I-1";"00024428";"POTRERO";"NE_0001";"";"NE_0001";"NE_0001";"NE_0001";"NE_0001";"NE_0001";"NE_0001";"NE_0001"
"2023";"08";"120135";"JUNIN";"HUANCAYO";"SANTO DOMINGO DE ACOBAMBA";"GOBIERNO REGIONAL";"I-3";"00000666";"SANTO DOMINGO DE ACOBAMBA";"NE_0001";"";"NE_0001";"NE_0001";"NE_0001";"NE_0001";"NE_0001";"NE_0001";"NE_0001"
"2023";"08";"120205";"JUNIN";"CONCEPCION";"COCHAS";"GOBIERNO REGIONAL";"I-1";"00000677";"PILCOLLAMA";"NE_0001";"";"NE_0001";"NE_0001";"NE_0001";"NE_0001";"NE_0001";"NE_0001";"NE_0001"
"2023";"08";"120206";"JUNIN";"CONCEPCION";"COMAS";"GOBIERNO REGIONAL";"I-3";"00000678";"COMAS";"NE_0001";"";"NE_0001";"NE_0001";"NE_0001";"NE_0001";"NE_0001";"NE_0001";"NE_0001"
"2023";"08";"120206";"JUNIN";"CONCEPCION";"COMAS";"GOBIERNO REGIONAL";"I-1";"00000682";"TALHUIS";"NE_0001";"";"NE_0001";"NE_0001";"NE_0001";"NE_0001";"NE_0001";"NE_0001";"NE_0001"
"2023";"08";"120209";"JUNIN";"CONCEPCION";"MARISCAL CASTILLA";"GOBIERNO REGIONAL";"I-2";"00000686";"MARISCAL CASTILLA";"NE_0001";"";"NE_0001";"NE_0001";"NE_0001";"NE_0001";"NE_0001";"NE_0001";"NE_0001"
"2023";"08";"120135";"JUNIN";"HUANCAYO";"SANTO DOMINGO DE ACOBAMBA";"GOBIERNO REGIONAL";"I-2";"00000667";"MATICHACRA";"NE_0001";"";"NE_0001";"NE_0001";"NE_0001";"NE_0001";"NE_0001";"NE_0001";"NE_0001"
"2023";"08";"120135";"JUNIN";"HUANCAYO";"SANTO DOMINGO DE ACOBAMBA";"GOBIERNO REGIONAL";"I-1";"00000668";"PAURAN ATICOCHA";"NE_0001";"";"NE_0001";"NE_0001";"NE_0001";"NE_0001";"NE_0001";"NE_0001";"NE_0001"
"2023";"08";"120135";"JUNIN";"HUANCAYO";"SANTO DOMINGO DE ACOBAMBA";"GOBIERNO REGIONAL";"I-1";"00023381";"YANABAMBA";"NE_0001";"";"NE_0001";"NE_0001";"NE_0001";"NE_0001";"NE_0001";"NE_0001";"NE_0001"
"2023";"08";"120135";"JUNIN";"HUANCAYO";"SANTO DOMINGO DE ACOBAMBA";"GOBIERNO REGIONAL";"I-1";"00024779";"DURAZNO PATA";"NE_0001";"";"NE_0001";"NE_0001";"NE_0001";"NE_0001";"NE_0001";"NE_0001";"NE_0001"
"2023";"08";"120135";"JUNIN";"HUANCAYO";"SANTO DOMINGO DE ACOBAMBA";"GOBIERNO REGIONAL";"I-1";"00024780";"ROSASPAMPA";"NE_0001";"";"NE_0001";"NE_0001";"NE_0001";"NE_0001";"NE_0001";"NE_0001";"NE_0001"
"2023";"08";"120135";"JUNIN";"HUANCAYO";"SANTO DOMINGO DE ACOBAMBA";"GOBIERNO REGIONAL";"I-2";"00000669";"PUMABAMBA";"NE_0001";"";"NE_0001";"NE_0001";"NE_0001";"NE_0001";"NE_0001";"NE_0001";"NE_0001"
"2023";"08";"120135";"JUNIN";"HUANCAYO";"SANTO DOMINGO DE ACOBAMBA";"GOBIERNO REGIONAL";"I-1";"00000670";"SANTA ROSA DE ASTILLERIA";"NE_0001";"";"NE_0001";"NE_0001";"NE_0001";"NE_0001";"NE_0001";"NE_0001";"NE_0001"
"2023";"08";"120205";"JUNIN";"CONCEPCION";"COCHAS";"GOBIERNO REGIONAL";"I-1";"00019792";"ANDAS";"NE_0001";"";"NE_0001";"NE_0001";"NE_0001";"NE_0001";"NE_0001";"NE_0001";"NE_0001"
"2023";"08";"120205";"JUNIN";"CONCEPCION";"COCHAS";"GOBIERNO REGIONAL";"I-1";"00019794";"SAN FRANCISCO DE MACON";"NE_0001";"";"NE_0001";"NE_0001";"NE_0001";"NE_0001";"NE_0001";"NE_0001";"NE_0001"
"2023";"08";"120203";"JUNIN";"CONCEPCION";"ANDAMARCA";"GOBIERNO REGIONAL";"I-2";"00000672";"ANDAMARCA";"NE_0001";"";"NE_0001";"NE_0001";"NE_0001";"NE_0001";"NE_0001";"NE_0001";"NE_0001"
"2023";"08";"120206";"JUNIN";"CONCEPCION";"COMAS";"GOBIERNO REGIONAL";"I-2";"00000680";"RACRACALLA";"NE_0001";"";"NE_0001";"NE_0001";"NE_0001";"NE_0001";"NE_0001";"NE_0001";"NE_0001"
"2023";"08";"120206";"JUNIN";"CONCEPCION";"COMAS";"GOBIERNO REGIONAL";"I-1";"00000681";"POMAMANTA";"NE_0001";"";"NE_0001";"NE_0001";"NE_0001";"NE_0001";"NE_0001";"NE_0001";"NE_0001"
"2023";"08";"120206";"JUNIN";"CONCEPCION";"COMAS";"GOBIERNO REGIONAL";"I-1";"00000683";"PUQUIAN";"NE_0001";"";"NE_0001";"NE_0001";"NE_0001";"NE_0001";"NE_0001";"NE_0001";"NE_0001"
"2023";"08";"080701";"CUSCO";"CHUMBIVILCAS";"SANTO TOMAS";"GOBIERNO REGIONAL";"I-1";"00006981";"CCOYO";"NE_0001";"";"NE_0001";"NE_0001";"NE_0001";"NE_0001";"NE_0001";"NE_0001";"NE_0001"
"2023";"08";"080701";"CUSCO";"CHUMBIVILCAS";"SANTO TOMAS";"GOBIERNO REGIONAL";"I-1";"00006982";"MELLOTOTORA";"NE_0001";"";"NE_0001";"NE_0001";"NE_0001";"NE_0001";"NE_0001";"NE_0001";"NE_0001"
"2023";"08";"080706";"CUSCO";"CHUMBIVILCAS";"LLUSCO";"GOBIERNO REGIONAL";"I-2";"00006748";"COLLPA";"NE_0001";"";"NE_0001";"NE_0001";"NE_0001";"NE_0001";"NE_0001";"NE_0001";"NE_0001"
"2023";"08";"080701";"CUSCO";"CHUMBIVILCAS";"SANTO TOMAS";"GOBIERNO REGIONAL";"I-2";"00006746";"LLIQUE";"NE_0001";"";"NE_0001";"NE_0001";"NE_0001";"NE_0001";"NE_0001";"NE_0001";"NE_0001"
"2023";"08";"150115";"LIMA";"LIMA";"LA VICTORIA";"MINSA";"III-E";"00006212";"HOSPITAL DE EMERGENCIAS PEDIATRICAS";"240700";"HOSPITALIZACIÓN QUIRÚRGICA CIRUGÍA PEDIÁTRICA ";"40";"40";"185";"162";"7";"211";"0"
"2023";"08";"150115";"LIMA";"LIMA";"LA VICTORIA";"MINSA";"III-E";"00006212";"HOSPITAL DE EMERGENCIAS PEDIATRICAS";"250105";"UNIDAD DE CUIDADOS CRITICOS UNIDAD  DE CUIDADOS INTENSIVOS  (UCI) NEONATOLOGÍA";"7";"7";"80";"98";"4";"124";"1"
"2023";"08";"150115";"LIMA";"LIMA";"LA VICTORIA";"MINSA";"III-E";"00006212";"HOSPITAL DE EMERGENCIAS PEDIATRICAS";"250108";"UNIDAD DE CUIDADOS CRITICOS UNIDAD  DE CUIDADOS INTENSIVOS  (UCI) PEDIÁTRICA";"10";"10";"70";"223";"8";"248";"1"
"2023";"08";"150115";"LIMA";"LIMA";"LA VICTORIA";"MINSA";"III-E";"00006212";"HOSPITAL DE EMERGENCIAS PEDIATRICAS";"240900";"HOSPITALIZACIÓN QUIRÚRGICA NEUROCIRUGÍA ";"24";"17";"94";"134";"6";"186";"0"
"2023";"08";"150115";"LIMA";"LIMA";"LA VICTORIA";"MINSA";"III-E";"00006212";"HOSPITAL DE EMERGENCIAS PEDIATRICAS";"241200";"HOSPITALIZACIÓN QUIRÚRGICA TRAUMATOLOGÍA Y ORTOPEDIA ";"40";"34";"119";"141";"6";"186";"0"
"2023";"08";"150115";"LIMA";"LIMA";"LA VICTORIA";"MINSA";"III-E";"00006212";"HOSPITAL DE EMERGENCIAS PEDIATRICAS";"242300";"HOSPITALIZACIÓN DE PEDIATRÍA  PEDIATRÍA  GENERAL ";"78";"67";"542";"729";"25";"770";"0"
"2023";"08";"130901";"LA LIBERTAD";"SANCHEZ CARRION";"HUAMACHUCO";"GOBIERNO REGIONAL";"I-2";"00005351";"PUENTE PIEDRA";"NE_0001";"";"NE_0001";"NE_0001";"NE_0001";"NE_0001";"NE_0001";"NE_0001";"NE_0001"
"2023";"08";"130901";"LA LIBERTAD";"SANCHEZ CARRION";"HUAMACHUCO";"GOBIERNO REGIONAL";"I-2";"00005355";"EL PALLAR";"NE_0001";"";"NE_0001";"NE_0001";"NE_0001";"NE_0001";"NE_0001";"NE_0001";"NE_0001"
"2023";"08";"130901";"LA LIBERTAD";"SANCHEZ CARRION";"HUAMACHUCO";"GOBIERNO REGIONAL";"I-2";"00005350";"CHOQUIZONGUILLO";"NE_0001";"";"NE_0001";"NE_0001";"NE_0001";"NE_0001";"NE_0001";"NE_0001";"NE_0001"
"2023";"08";"130901";"LA LIBERTAD";"SANCHEZ CARRION";"HUAMACHUCO";"GOBIERNO REGIONAL";"I-1";"00018226";"EL CAPULI";"NE_0001";"";"NE_0001";"NE_0001";"NE_0001";"NE_0001";"NE_0001";"NE_0001";"NE_0001"
"2023";"08";"130901";"LA LIBERTAD";"SANCHEZ CARRION";"HUAMACHUCO";"GOBIERNO REGIONAL";"I-1";"00029010";"PALLAR ALTO";"NE_0001";"";"NE_0001";"NE_0001";"NE_0001";"NE_0001";"NE_0001";"NE_0001";"NE_0001"
"2023";"05";"120214";"JUNIN";"CONCEPCION";"SAN JOSE DE QUERO";"GOBIERNO REGIONAL";"I-3";"00000641";"SAN JOSE DE QUERO";"NE_0001";"";"NE_0001";"NE_0001";"NE_0001";"NE_0001";"NE_0001";"NE_0001";"NE_0001"
"2023";"05";"120214";"JUNIN";"CONCEPCION";"SAN JOSE DE QUERO";"GOBIERNO REGIONAL";"I-1";"00000644";"SANTA ROSA DE HUARMITA";"NE_0001";"";"NE_0001";"NE_0001";"NE_0001";"NE_0001";"NE_0001";"NE_0001";"NE_0001"
"2023";"05";"120214";"JUNIN";"CONCEPCION";"SAN JOSE DE QUERO";"GOBIERNO REGIONAL";"I-1";"00006738";"SULCAN";"NE_0001";"";"NE_0001";"NE_0001";"NE_0001";"NE_0001";"NE_0001";"NE_0001";"NE_0001"
"2023";"05";"120214";"JUNIN";"CONCEPCION";"SAN JOSE DE QUERO";"GOBIERNO REGIONAL";"I-1";"00000643";"SAN ROQUE DE HUARMITA";"NE_0001";"";"NE_0001";"NE_0001";"NE_0001";"NE_0001";"NE_0001";"NE_0001";"NE_0001"
"2023";"05";"120214";"JUNIN";"CONCEPCION";"SAN JOSE DE QUERO";"GOBIERNO REGIONAL";"I-2";"00000645";"USIBAMBA";"NE_0001";"";"NE_0001";"NE_0001";"NE_0001";"NE_0001";"NE_0001";"NE_0001";"NE_0001"
"2023";"08";"150133";"LIMA";"LIMA";"SAN JUAN DE MIRAFLORES";"PRIVADO";"II-E";"00027478";"CLINICA BUENAVENTURA";"241400";"HOSPITALIZACIÓN QUIRÚRGICA GINECO - OBSTETRICIA ";"2";"2";"2";"3";"2";"62";"0"
"2023";"08";"150133";"LIMA";"LIMA";"SAN JUAN DE MIRAFLORES";"PRIVADO";"II-E";"00027478";"CLINICA BUENAVENTURA";"241800";"HOSPITALIZACIÓN DE MEDICINA MEDICINA GENERAL ";"1";"1";"1";"1";"1";"31";"0"
"2023";"08";"150133";"LIMA";"LIMA";"SAN JUAN DE MIRAFLORES";"PRIVADO";"II-E";"00027478";"CLINICA BUENAVENTURA";"240100";"HOSPITALIZACIÓN QUIRÚRGICA CIRUGÍA GENERAL ";"4";"4";"4";"4";"4";"124";"0"
"2023";"08";"150133";"LIMA";"LIMA";"SAN JUAN DE MIRAFLORES";"PRIVADO";"II-E";"00027478";"CLINICA BUENAVENTURA";"241900";"HOSPITALIZACIÓN DE MEDICINA MEDICINA INTERNA ";"3";"3";"3";"15";"7";"217";"0"
"2023";"08";"150133";"LIMA";"LIMA";"SAN JUAN DE MIRAFLORES";"PRIVADO";"II-E";"00027478";"CLINICA BUENAVENTURA";"250200";"UNIDAD DE CUIDADOS CRITICOS UNIDAD DE CUIDADOS INTERMEDIOS GENERAL  (UCIN) ";"1";"1";"1";"3";"3";"93";"0"
"2023";"08";"150133";"LIMA";"LIMA";"SAN JUAN DE MIRAFLORES";"PRIVADO";"II-E";"00027478";"CLINICA BUENAVENTURA";"250100";"UNIDAD DE CUIDADOS CRITICOS UNIDAD  DE CUIDADOS INTENSIVOS GENERALES (UCI) ";"2";"2";"2";"33";"3";"93";"1"
"2023";"08";"220201";"SAN MARTIN";"BELLAVISTA";"BELLAVISTA";"ESSALUD";"I-2";"00016482";"POSTA MEDICA BELLAVISTA - ESSALUD";"NE_0001";"";"NE_0001";"NE_0001";"NE_0001";"NE_0001";"NE_0001";"NE_0001";"NE_0001"
"2023";"08";"060804";"CAJAMARCA";"JAEN";"COLASAY";"GOBIERNO REGIONAL";"I-1";"00004240";"CUYCA";"NE_0001";"";"NE_0001";"NE_0001";"NE_0001";"NE_0001";"NE_0001";"NE_0001";"NE_0001"
"2023";"08";"060808";"CAJAMARCA";"JAEN";"PUCARA";"GOBIERNO REGIONAL";"I-4";"00004249";"PUCARA";"241800";"HOSPITALIZACIÓN DE MEDICINA MEDICINA GENERAL ";"10";"10";"14";"10";"08";"80";"0"
"2023";"08";"060808";"CAJAMARCA";"JAEN";"PUCARA";"GOBIERNO REGIONAL";"I-4";"00004249";"PUCARA";"241600";"HOSPITALIZACIÓN QUIRÚRGICA OBSTETRICIA   ";"11";"11";"16";"11";"04";"44";"0"
"2023";"08";"210101";"PUNO";"PUNO";"PUNO";"GOBIERNO REGIONAL";"I-4";"00003254";"JOSE ANTONIO ENCINAS";"241600";"HOSPITALIZACIÓN QUIRÚRGICA OBSTETRICIA   ";"19";"19";"30";"52";"5";"312";"0"
"2023";"08";"130901";"LA LIBERTAD";"SANCHEZ CARRION";"HUAMACHUCO";"GOBIERNO REGIONAL";"I-3";"00026446";"CENTRO DE SALUD MENTAL COMUNITARIO SEMBRANDO ESPERANZA DE HUAMACHUCO";"NE_0001";"";"NE_0001";"NE_0001";"NE_0001";"NE_0001";"NE_0001";"NE_0001";"NE_0001"
"2023";"08";"230303";"TACNA";"JORGE BASADRE";"ITE";"ESSALUD";"I-2";"00027545";"CENTRO DE ATENCION PRIMARIA I ITE";"NE_0001";"";"NE_0001";"NE_0001";"NE_0001";"NE_0001";"NE_0001";"NE_0001";"NE_0001"
"2023";"08";"150136";"LIMA";"LIMA";"SAN MIGUEL";"PRIVADO";"II-2";"00011401";"CLINICA SAN JUDAS TADEO";"240000";"HOSPITALIZACIÓN";"349";"321";"1119";"1208";"54";"1674";"5"
"2023";"08";"130502";"LA LIBERTAD";"JULCAN";"CALAMARCA";"GOBIERNO REGIONAL";"I-2";"00007247";"BARRO NEGRO";"NE_0001";"";"NE_0001";"NE_0001";"NE_0001";"NE_0001";"NE_0001";"NE_0001";"NE_0001"
"2023";"08";"130502";"LA LIBERTAD";"JULCAN";"CALAMARCA";"GOBIERNO REGIONAL";"I-4";"00005308";"CALAMARCA";"NE_0001";"";"NE_0001";"NE_0001";"NE_0001";"NE_0001";"NE_0001";"NE_0001";"NE_0001"
"2023";"08";"130502";"LA LIBERTAD";"JULCAN";"CALAMARCA";"GOBIERNO REGIONAL";"I-1";"00007248";"CHAZKA";"NE_0001";"";"NE_0001";"NE_0001";"NE_0001";"NE_0001";"NE_0001";"NE_0001";"NE_0001"
"2023";"08";"130502";"LA LIBERTAD";"JULCAN";"CALAMARCA";"GOBIERNO REGIONAL";"I-1";"00016424";"HUAGAL";"NE_0001";"";"NE_0001";"NE_0001";"NE_0001";"NE_0001";"NE_0001";"NE_0001";"NE_0001"
"2023";"08";"130502";"LA LIBERTAD";"JULCAN";"CALAMARCA";"GOBIERNO REGIONAL";"I-3";"00005309";"SICCHAL";"NE_0001";"";"NE_0001";"NE_0001";"NE_0001";"NE_0001";"NE_0001";"NE_0001";"NE_0001"
"2023";"08";"010701";"AMAZONAS";"UTCUBAMBA";"BAGUA GRANDE";"GOBIERNO REGIONAL";"II-1";"00005125";"HOSPITAL  SANTIAGO APOSTOL DE UTCUBAMBA";"240100";"HOSPITALIZACIÓN QUIRÚRGICA CIRUGÍA GENERAL ";"17";"23";"66";"106";"7";"217";"0"
"2023";"08";"010701";"AMAZONAS";"UTCUBAMBA";"BAGUA GRANDE";"GOBIERNO REGIONAL";"II-1";"00005125";"HOSPITAL  SANTIAGO APOSTOL DE UTCUBAMBA";"241200";"HOSPITALIZACIÓN QUIRÚRGICA TRAUMATOLOGÍA Y ORTOPEDIA ";"3";"4";"7";"9";"4";"124";"0"
"2023";"08";"010701";"AMAZONAS";"UTCUBAMBA";"BAGUA GRANDE";"GOBIERNO REGIONAL";"II-1";"00005125";"HOSPITAL  SANTIAGO APOSTOL DE UTCUBAMBA";"241400";"HOSPITALIZACIÓN QUIRÚRGICA GINECO - OBSTETRICIA ";"5";"5";"5";"5";"2";"62";"0"
"2023";"08";"010701";"AMAZONAS";"UTCUBAMBA";"BAGUA GRANDE";"GOBIERNO REGIONAL";"II-1";"00005125";"HOSPITAL  SANTIAGO APOSTOL DE UTCUBAMBA";"241600";"HOSPITALIZACIÓN QUIRÚRGICA OBSTETRICIA   ";"135";"138";"202";"213";"17";"527";"0"
"2023";"08";"010701";"AMAZONAS";"UTCUBAMBA";"BAGUA GRANDE";"GOBIERNO REGIONAL";"II-1";"00005125";"HOSPITAL  SANTIAGO APOSTOL DE UTCUBAMBA";"241800";"HOSPITALIZACIÓN DE MEDICINA MEDICINA GENERAL ";"2";"3";"4";"5";"9";"279";"0"
"2023";"08";"010701";"AMAZONAS";"UTCUBAMBA";"BAGUA GRANDE";"GOBIERNO REGIONAL";"II-1";"00005125";"HOSPITAL  SANTIAGO APOSTOL DE UTCUBAMBA";"242500";"HOSPITALIZACIÓN-PEDIATRÍA GENERAL-";"2";"5";"4";"11";"5";"155";"0"
"2023";"08";"010701";"AMAZONAS";"UTCUBAMBA";"BAGUA GRANDE";"GOBIERNO REGIONAL";"II-1";"00005125";"HOSPITAL  SANTIAGO APOSTOL DE UTCUBAMBA";"243200";"HOSPITALIZACIÓN DE PEDIATRÍA PEDIATRIA NEONATOLOGÍA";"1";"2";"2";"4";"6";"186";"0"
"2023";"08";"010701";"AMAZONAS";"UTCUBAMBA";"BAGUA GRANDE";"GOBIERNO REGIONAL";"II-1";"00005125";"HOSPITAL  SANTIAGO APOSTOL DE UTCUBAMBA";"250304";"HOSPIT. EN UNIDAD DE CUID.INTEN.-UNIDAD DE VIGILANCIA INTENSIVA (UVI)-MEDICINA";"4";"7";"10";"19";"3";"93";"3"
"2023";"08";"060607";"CAJAMARCA";"CUTERVO";"QUEROCOTILLO";"GOBIERNO REGIONAL";"I-1";"00004969";"EL MOLINO";"NE_0001";"";"NE_0001";"NE_0001";"NE_0001";"NE_0001";"NE_0001";"NE_0001";"NE_0001"
"2023";"08";"060603";"CAJAMARCA";"CUTERVO";"CHOROS";"GOBIERNO REGIONAL";"I-1";"00004973";"EL ROLLO";"NE_0001";"";"NE_0001";"NE_0001";"NE_0001";"NE_0001";"NE_0001";"NE_0001";"NE_0001"
"2023";"08";"060607";"CAJAMARCA";"CUTERVO";"QUEROCOTILLO";"GOBIERNO REGIONAL";"I-1";"00006860";"TECHIN";"NE_0001";"";"NE_0001";"NE_0001";"NE_0001";"NE_0001";"NE_0001";"NE_0001";"NE_0001"
"2023";"08";"060602";"CAJAMARCA";"CUTERVO";"CALLAYUC";"GOBIERNO REGIONAL";"I-1";"00004962";"HUABAL";"NE_0001";"";"NE_0001";"NE_0001";"NE_0001";"NE_0001";"NE_0001";"NE_0001";"NE_0001"
"2023";"08";"060607";"CAJAMARCA";"CUTERVO";"QUEROCOTILLO";"GOBIERNO REGIONAL";"I-1";"00005008";"CHUMBICATE";"NE_0001";"";"NE_0001";"NE_0001";"NE_0001";"NE_0001";"NE_0001";"NE_0001";"NE_0001"
"2023";"08";"060607";"CAJAMARCA";"CUTERVO";"QUEROCOTILLO";"GOBIERNO REGIONAL";"I-1";"00006859";"MOSHOQUEQUE";"NE_0001";"";"NE_0001";"NE_0001";"NE_0001";"NE_0001";"NE_0001";"NE_0001";"NE_0001"
"2023";"08";"060602";"CAJAMARCA";"CUTERVO";"CALLAYUC";"GOBIERNO REGIONAL";"I-3";"00004964";"CHIPLE";"NE_0001";"";"NE_0001";"NE_0001";"NE_0001";"NE_0001";"NE_0001";"NE_0001";"NE_0001"
"2023";"08";"060602";"CAJAMARCA";"CUTERVO";"CALLAYUC";"GOBIERNO REGIONAL";"I-1";"00004965";"QUEROMARCA";"NE_0001";"";"NE_0001";"NE_0001";"NE_0001";"NE_0001";"NE_0001";"NE_0001";"NE_0001"
"2023";"08";"060606";"CAJAMARCA";"CUTERVO";"PIMPINGOS";"GOBIERNO REGIONAL";"I-2";"00005013";"CASA BLANCA";"NE_0001";"";"NE_0001";"NE_0001";"NE_0001";"NE_0001";"NE_0001";"NE_0001";"NE_0001"
"2023";"08";"060602";"CAJAMARCA";"CUTERVO";"CALLAYUC";"GOBIERNO REGIONAL";"I-1";"00007367";"CONGA";"NE_0001";"";"NE_0001";"NE_0001";"NE_0001";"NE_0001";"NE_0001";"NE_0001";"NE_0001"
"2023";"08";"060611";"CAJAMARCA";"CUTERVO";"SANTA CRUZ";"GOBIERNO REGIONAL";"I-1";"00004978";"CHIPLE LIMON";"NE_0001";"";"NE_0001";"NE_0001";"NE_0001";"NE_0001";"NE_0001";"NE_0001";"NE_0001"
"2023";"08";"060611";"CAJAMARCA";"CUTERVO";"SANTA CRUZ";"GOBIERNO REGIONAL";"I-1";"00004980";"SAN JUAN DE LIMON";"NE_0001";"";"NE_0001";"NE_0001";"NE_0001";"NE_0001";"NE_0001";"NE_0001";"NE_0001"
"2023";"08";"060602";"CAJAMARCA";"CUTERVO";"CALLAYUC";"GOBIERNO REGIONAL";"I-2";"00004966";"SANTA TERESA DE QUEROMARCA";"NE_0001";"";"NE_0001";"NE_0001";"NE_0001";"NE_0001";"NE_0001";"NE_0001";"NE_0001"
"2023";"08";"060602";"CAJAMARCA";"CUTERVO";"CALLAYUC";"GOBIERNO REGIONAL";"I-1";"00006828";"SANTA ROSA DE CALLAYUC";"NE_0001";"";"NE_0001";"NE_0001";"NE_0001";"NE_0001";"NE_0001";"NE_0001";"NE_0001"
"2023";"08";"060611";"CAJAMARCA";"CUTERVO";"SANTA CRUZ";"GOBIERNO REGIONAL";"I-1";"00011260";"LA VIÑA";"NE_0001";"";"NE_0001";"NE_0001";"NE_0001";"NE_0001";"NE_0001";"NE_0001";"NE_0001"
"2023";"08";"060607";"CAJAMARCA";"CUTERVO";"QUEROCOTILLO";"GOBIERNO REGIONAL";"I-1";"00004970";"SANTOS";"NE_0001";"";"NE_0001";"NE_0001";"NE_0001";"NE_0001";"NE_0001";"NE_0001";"NE_0001"
"2023";"08";"060611";"CAJAMARCA";"CUTERVO";"SANTA CRUZ";"GOBIERNO REGIONAL";"I-3";"00004977";"SANTA CRUZ DE CUTERVO";"NE_0001";"";"NE_0001";"NE_0001";"NE_0001";"NE_0001";"NE_0001";"NE_0001";"NE_0001"
"2023";"08";"060611";"CAJAMARCA";"CUTERVO";"SANTA CRUZ";"GOBIERNO REGIONAL";"I-1";"00004979";"CAMPO FLORIDO";"NE_0001";"";"NE_0001";"NE_0001";"NE_0001";"NE_0001";"NE_0001";"NE_0001";"NE_0001"
"2023";"08";"060602";"CAJAMARCA";"CUTERVO";"CALLAYUC";"GOBIERNO REGIONAL";"I-2";"00004967";"SECTOR EL CAMPO";"NE_0001";"";"NE_0001";"NE_0001";"NE_0001";"NE_0001";"NE_0001";"NE_0001";"NE_0001"
"2023";"08";"060611";"CAJAMARCA";"CUTERVO";"SANTA CRUZ";"GOBIERNO REGIONAL";"I-1";"00007050";"AMBATO";"NE_0001";"";"NE_0001";"NE_0001";"NE_0001";"NE_0001";"NE_0001";"NE_0001";"NE_0001"
"2023";"08";"060611";"CAJAMARCA";"CUTERVO";"SANTA CRUZ";"GOBIERNO REGIONAL";"I-1";"00011261";"GRAMALOTILLO";"NE_0001";"";"NE_0001";"NE_0001";"NE_0001";"NE_0001";"NE_0001";"NE_0001";"NE_0001"
"2023";"08";"040111";"AREQUIPA";"AREQUIPA";"MOLLEBAYA";"GOBIERNO REGIONAL";"I-2";"00001285";"PUESTO DE SALUD MOLLEBAYA";"NE_0001";"";"NE_0001";"NE_0001";"NE_0001";"NE_0001";"NE_0001";"NE_0001";"NE_0001"
"2023";"08";"081102";"CUSCO";"PAUCARTAMBO";"CAICAY";"GOBIERNO REGIONAL";"I-1";"00002512";"CAICAY";"NE_0002";"";"NE_0002";"NE_0002";"NE_0002";"NE_0002";"NE_0002";"NE_0002";"NE_0002"
"2023";"08";"081103";"CUSCO";"PAUCARTAMBO";"CHALLABAMBA";"GOBIERNO REGIONAL";"I-3";"00002514";"CHALLABAMBA";"NE_0002";"";"NE_0002";"NE_0002";"NE_0002";"NE_0002";"NE_0002";"NE_0002";"NE_0002"
"2023";"08";"081104";"CUSCO";"PAUCARTAMBO";"COLQUEPATA";"GOBIERNO REGIONAL";"I-2";"00002516";"COLQUEPATA";"NE_0002";"";"NE_0002";"NE_0002";"NE_0002";"NE_0002";"NE_0002";"NE_0002";"NE_0002"
"2023";"08";"081104";"CUSCO";"PAUCARTAMBO";"COLQUEPATA";"GOBIERNO REGIONAL";"I-1";"00002519";"AYRE";"NE_0002";"";"NE_0002";"NE_0002";"NE_0002";"NE_0002";"NE_0002";"NE_0002";"NE_0002"
"2023";"08";"081102";"CUSCO";"PAUCARTAMBO";"CAICAY";"GOBIERNO REGIONAL";"I-1";"00002513";"HUASAC";"NE_0002";"";"NE_0002";"NE_0002";"NE_0002";"NE_0002";"NE_0002";"NE_0002";"NE_0002"
"2023";"08";"150117";"LIMA";"LIMA";"LOS OLIVOS";"PRIVADO";"II-E";"00023852";"OFTALMOSALUD";"NE_0001";"";"NE_0001";"NE_0001";"NE_0001";"NE_0001";"NE_0001";"NE_0001";"NE_0001"
"2023";"08";"020801";"ANCASH";"CASMA";"CASMA";"GOBIERNO REGIONAL";"II-1";"00001719";"HOSPITAL DE APOYO CASMA";"241800";"HOSPITALIZACIÓN DE MEDICINA MEDICINA GENERAL ";"73";"69";"286";"339";"5";"155";"0"
"2023";"08";"020801";"ANCASH";"CASMA";"CASMA";"GOBIERNO REGIONAL";"II-1";"00001719";"HOSPITAL DE APOYO CASMA";"240100";"HOSPITALIZACIÓN QUIRÚRGICA CIRUGÍA GENERAL ";"27";"30";"268";"168";"5";"186";"0"
"2023";"08";"020801";"ANCASH";"CASMA";"CASMA";"GOBIERNO REGIONAL";"II-1";"00001719";"HOSPITAL DE APOYO CASMA";"242300";"HOSPITALIZACIÓN DE PEDIATRÍA  PEDIATRÍA  GENERAL ";"38";"39";"123";"120";"9";"279";"0"
"2023";"08";"020801";"ANCASH";"CASMA";"CASMA";"GOBIERNO REGIONAL";"II-1";"00001719";"HOSPITAL DE APOYO CASMA";"241600";"HOSPITALIZACIÓN QUIRÚRGICA OBSTETRICIA   ";"34";"31";"48";"54";"9";"279";"0"
"2023";"08";"020801";"ANCASH";"CASMA";"CASMA";"GOBIERNO REGIONAL";"II-1";"00001719";"HOSPITAL DE APOYO CASMA";"241500";"HOSPITALIZACIÓN QUIRÚRGICA GINECOLOGÍA  ";"45";"43";"119";"122";"6";"186";"0"
"2023";"08";"150101";"LIMA";"LIMA";"LIMA";"MINSA";"III-1";"00006207";"HOSPITAL NACIONAL ARZOBISPO LOAYZA";"241900";"HOSPITALIZACIÓN DE MEDICINA MEDICINA INTERNA ";"668";"607";"5608";"6091";"213";"6603";"45"
"2023";"08";"150101";"LIMA";"LIMA";"LIMA";"MINSA";"III-1";"00006207";"HOSPITAL NACIONAL ARZOBISPO LOAYZA";"240100";"HOSPITALIZACIÓN QUIRÚRGICA CIRUGÍA GENERAL ";"484";"554";"3703";"3930";"150";"4650";"10"
"2023";"08";"150101";"LIMA";"LIMA";"LIMA";"MINSA";"III-1";"00006207";"HOSPITAL NACIONAL ARZOBISPO LOAYZA";"241500";"HOSPITALIZACIÓN QUIRÚRGICA GINECOLOGÍA  ";"106";"110";"750";"822";"34";"1054";"0"
"2023";"08";"150101";"LIMA";"LIMA";"LIMA";"MINSA";"III-1";"00006207";"HOSPITAL NACIONAL ARZOBISPO LOAYZA";"241600";"HOSPITALIZACIÓN QUIRÚRGICA OBSTETRICIA   ";"187";"202";"870";"865";"53";"1643";"0"
"2023";"08";"150101";"LIMA";"LIMA";"LIMA";"MINSA";"III-1";"00006207";"HOSPITAL NACIONAL ARZOBISPO LOAYZA";"242300";"HOSPITALIZACIÓN DE PEDIATRÍA  PEDIATRÍA  GENERAL ";"100";"99";"467";"676";"38";"1178";"0"
"2023";"08";"150101";"LIMA";"LIMA";"LIMA";"MINSA";"III-1";"00006207";"HOSPITAL NACIONAL ARZOBISPO LOAYZA";"250100";"UNIDAD DE CUIDADOS CRITICOS UNIDAD  DE CUIDADOS INTENSIVOS GENERALES (UCI) ";"41";"19";"1062";"1152";"45";"1395";"18"
"2023";"08";"150101";"LIMA";"LIMA";"LIMA";"MINSA";"III-1";"00006207";"HOSPITAL NACIONAL ARZOBISPO LOAYZA";"250200";"UNIDAD DE CUIDADOS CRITICOS UNIDAD DE CUIDADOS INTERMEDIOS GENERAL  (UCIN) ";"2";"3";"261";"143";"6";"186";"0"
"2023";"08";"150101";"LIMA";"LIMA";"LIMA";"MINSA";"III-1";"00006207";"HOSPITAL NACIONAL ARZOBISPO LOAYZA";"240801";"HOSPITALIZACIÓN QUIRÚRGICA CIRUGÍA PLÁSTICA/RECONSTRUCTIVA/ REPARADORA QUEMADOS";"28";"30";"693";"698";"23";"713";"0"
"2023";"08";"150101";"LIMA";"LIMA";"LIMA";"MINSA";"III-1";"00006207";"HOSPITAL NACIONAL ARZOBISPO LOAYZA";"250105";"UNIDAD DE CUIDADOS CRITICOS UNIDAD  DE CUIDADOS INTENSIVOS  (UCI) NEONATOLOGÍA";"14";"18";"133";"268";"26";"806";"5"
"2023";"08";"150101";"LIMA";"LIMA";"LIMA";"MINSA";"III-1";"00006207";"HOSPITAL NACIONAL ARZOBISPO LOAYZA";"250101";"UNIDAD DE CUIDADOS CRITICOS UNIDAD  DE CUIDADOS INTENSIVOS GENERALES (UCI) CARDIOLOGIA";"12";"14";"129";"158";"6";"186";"1"
"2023";"08";"150101";"LIMA";"LIMA";"LIMA";"MINSA";"III-1";"00006207";"HOSPITAL NACIONAL ARZOBISPO LOAYZA";"241200";"HOSPITALIZACIÓN QUIRÚRGICA TRAUMATOLOGÍA Y ORTOPEDIA ";"53";"56";"528";"545";"20";"620";"1"
"2023";"08";"150101";"LIMA";"LIMA";"LIMA";"MINSA";"III-1";"00006207";"HOSPITAL NACIONAL ARZOBISPO LOAYZA";"245300";"HOSPITALIZACIÓN DE MEDICINA NEUMOLOGÍA  ";"1";"4";"76";"112";"4";"124";"0"
"2023";"08";"130301";"LA LIBERTAD";"BOLIVAR";"BOLIVAR";"GOBIERNO REGIONAL";"II-1";"00005366";"HOSPITAL PROVINCIAL DE BOLIVAR";"241600";"HOSPITALIZACIÓN QUIRÚRGICA OBSTETRICIA   ";"2";"2";"4";"4";"4";"124";"0"
"2023";"08";"130301";"LA LIBERTAD";"BOLIVAR";"BOLIVAR";"GOBIERNO REGIONAL";"II-1";"00005366";"HOSPITAL PROVINCIAL DE BOLIVAR";"241800";"HOSPITALIZACIÓN DE MEDICINA MEDICINA GENERAL ";"1";"1";"2";"2";"4";"124";"0"
"2023";"03";"150122";"LIMA";"LIMA";"MIRAFLORES";"PRIVADO";"II-E";"00011849";"CLINICA MIRAFLORES SAC";"240000";"HOSPITALIZACIÓN";"25";"27";"56";"84";"10";"310";"0"
"2023";"03";"150122";"LIMA";"LIMA";"MIRAFLORES";"PRIVADO";"II-E";"00011849";"CLINICA MIRAFLORES SAC";"243200";"HOSPITALIZACIÓN DE PEDIATRÍA PEDIATRIA NEONATOLOGÍA";"5";"6";"17";"22";"6";"186";"0"
"2023";"03";"070102";"CALLAO";"CALLAO";"BELLAVISTA";"PRIVADO";"II-E";"00018670";"CLINICA G'STAR";"240000";"HOSPITALIZACIÓN";"34";"34";"73";"77";"10";"300";"0"
"2023";"04";"130702";"LA LIBERTAD";"PACASMAYO";"GUADALUPE";"ESSALUD";"I-2";"00012101";"POSTA DE SALUD GUADALUPE";"NE_0001";"";"NE_0001";"NE_0001";"NE_0001";"NE_0001";"NE_0001";"NE_0001";"NE_0001"
"2023";"04";"050104";"AYACUCHO";"HUAMANGA";"CARMEN ALTO";"GOBIERNO REGIONAL";"I-1";"00011354";"PUESTO DE SALUD YANAMA";"NE_0001";"";"NE_0001";"NE_0001";"NE_0001";"NE_0001";"NE_0001";"NE_0001";"NE_0001"
"2023";"04";"050104";"AYACUCHO";"HUAMANGA";"CARMEN ALTO";"GOBIERNO REGIONAL";"I-3";"00003560";"CENTRO DE SALUD CARMEN ALTO";"NE_0001";"";"NE_0001";"NE_0001";"NE_0001";"NE_0001";"NE_0001";"NE_0001";"NE_0001"
"2023";"04";"050104";"AYACUCHO";"HUAMANGA";"CARMEN ALTO";"GOBIERNO REGIONAL";"I-3";"00003562";"CENTRO DE SALUD VISTA ALEGRE";"NE_0001";"";"NE_0001";"NE_0001";"NE_0001";"NE_0001";"NE_0001";"NE_0001";"NE_0001"
"2023";"04";"050104";"AYACUCHO";"HUAMANGA";"CARMEN ALTO";"GOBIERNO REGIONAL";"I-1";"00003561";"POKRAS";"NE_0001";"";"NE_0001";"NE_0001";"NE_0001";"NE_0001";"NE_0001";"NE_0001";"NE_0001"
"2023";"04";"100105";"HUANUCO";"HUANUCO";"MARGOS";"GOBIERNO REGIONAL";"I-3";"00000797";"MARGOS";"NE_0001";"";"NE_0001";"NE_0001";"NE_0001";"NE_0001";"NE_0001";"NE_0001";"NE_0001"
"2023";"04";"100105";"HUANUCO";"HUANUCO";"MARGOS";"GOBIERNO REGIONAL";"I-1";"00000798";"JESUS DE NAZARETH DE COCHAS";"NE_0001";"";"NE_0001";"NE_0001";"NE_0001";"NE_0001";"NE_0001";"NE_0001";"NE_0001"
"2023";"04";"100105";"HUANUCO";"HUANUCO";"MARGOS";"GOBIERNO REGIONAL";"I-1";"00000799";"SAN FRANCISCO DE LLAMAPASHILLUM";"NE_0001";"";"NE_0001";"NE_0001";"NE_0001";"NE_0001";"NE_0001";"NE_0001";"NE_0001"
"2023";"04";"100105";"HUANUCO";"HUANUCO";"MARGOS";"GOBIERNO REGIONAL";"I-1";"00000800";"PACAYHUA";"NE_0001";"";"NE_0001";"NE_0001";"NE_0001";"NE_0001";"NE_0001";"NE_0001";"NE_0001"
"2023";"04";"120303";"JUNIN";"CHANCHAMAYO";"PICHANAQUI";"GOBIERNO REGIONAL";"I-2";"00000341";"IMPITATO CASCADA";"NE_0001";"";"NE_0001";"NE_0001";"NE_0001";"NE_0001";"NE_0001";"NE_0001";"NE_0001"
"2023";"04";"120303";"JUNIN";"CHANCHAMAYO";"PICHANAQUI";"GOBIERNO REGIONAL";"I-2";"00000345";"PAMPA CAMONA";"NE_0001";"";"NE_0001";"NE_0001";"NE_0001";"NE_0001";"NE_0001";"NE_0001";"NE_0001"
"2023";"04";"120303";"JUNIN";"CHANCHAMAYO";"PICHANAQUI";"GOBIERNO REGIONAL";"I-2";"00000352";"UNION SHIMASHIRO";"NE_0001";"";"NE_0001";"NE_0001";"NE_0001";"NE_0001";"NE_0001";"NE_0001";"NE_0001"
"2023";"04";"120303";"JUNIN";"CHANCHAMAYO";"PICHANAQUI";"GOBIERNO REGIONAL";"I-2";"00000342";"PRIMAVERA";"NE_0001";"";"NE_0001";"NE_0001";"NE_0001";"NE_0001";"NE_0001";"NE_0001";"NE_0001"
"2023";"04";"120303";"JUNIN";"CHANCHAMAYO";"PICHANAQUI";"GOBIERNO REGIONAL";"I-3";"00000344";"LAS PALMAS";"NE_0001";"";"NE_0001";"NE_0001";"NE_0001";"NE_0001";"NE_0001";"NE_0001";"NE_0001"
"2023";"04";"120303";"JUNIN";"CHANCHAMAYO";"PICHANAQUI";"GOBIERNO REGIONAL";"I-2";"00007361";"COLONIA HUANCA";"NE_0001";"";"NE_0001";"NE_0001";"NE_0001";"NE_0001";"NE_0001";"NE_0001";"NE_0001"
"2023";"04";"080601";"CUSCO";"CANCHIS";"SICUANI";"GOBIERNO REGIONAL";"II-1";"00002378";"SICUANI";"240100";"HOSPITALIZACIÓN QUIRÚRGICA CIRUGÍA GENERAL ";"76";"83";"369";"380";"19";"570";"1"
"2023";"04";"080601";"CUSCO";"CANCHIS";"SICUANI";"GOBIERNO REGIONAL";"II-1";"00002378";"SICUANI";"241500";"HOSPITALIZACIÓN QUIRÚRGICA GINECOLOGÍA  ";"26";"28";"62";"74";"7";"210";"0"
"2023";"04";"080601";"CUSCO";"CANCHIS";"SICUANI";"GOBIERNO REGIONAL";"II-1";"00002378";"SICUANI";"241600";"HOSPITALIZACIÓN QUIRÚRGICA OBSTETRICIA   ";"80";"91";"251";"241";"17";"510";"0"
"2023";"04";"080601";"CUSCO";"CANCHIS";"SICUANI";"GOBIERNO REGIONAL";"II-1";"00002378";"SICUANI";"241800";"HOSPITALIZACIÓN DE MEDICINA MEDICINA GENERAL ";"33";"38";"196";"205";"17";"510";"5"
"2023";"04";"080601";"CUSCO";"CANCHIS";"SICUANI";"GOBIERNO REGIONAL";"II-1";"00002378";"SICUANI";"242500";"HOSPITALIZACIÓN-PEDIATRÍA GENERAL-";"28";"31";"155";"157";"16";"480";"0"
"2023";"04";"080601";"CUSCO";"CANCHIS";"SICUANI";"GOBIERNO REGIONAL";"II-1";"00002378";"SICUANI";"243200";"HOSPITALIZACIÓN DE PEDIATRÍA PEDIATRIA NEONATOLOGÍA";"9";"17";"74";"51";"7";"210";"0"
"2023";"06";"150131";"LIMA";"LIMA";"SAN ISIDRO";"PRIVADO";"II-E";"00011358";"CONFÍA INSTITUTO OFTALMOLÓGICO";"NE_0001";"";"NE_0001";"NE_0001";"NE_0001";"NE_0001";"NE_0001";"NE_0001";"NE_0001"
"2023";"06";"220501";"SAN MARTIN";"LAMAS";"LAMAS";"ESSALUD";"I-2";"00016484";"POSTA MEDICA LAMAS - ESSALUD";"NE_0001";"";"NE_0001";"NE_0001";"NE_0001";"NE_0001";"NE_0001";"NE_0001";"NE_0001"
"2023";"06";"150103";"LIMA";"LIMA";"ATE";"MINSA";"II-1";"00005945";"HOSPITAL VITARTE";"241900";"HOSPITALIZACIÓN DE MEDICINA MEDICINA INTERNA ";"155";"152";"949";"991";"34";"1020";"8"
"2023";"06";"150103";"LIMA";"LIMA";"ATE";"MINSA";"II-1";"00005945";"HOSPITAL VITARTE";"242300";"HOSPITALIZACIÓN DE PEDIATRÍA  PEDIATRÍA  GENERAL ";"162";"165";"806";"835";"28";"840";"0"
"2023";"06";"150103";"LIMA";"LIMA";"ATE";"MINSA";"II-1";"00005945";"HOSPITAL VITARTE";"243200";"HOSPITALIZACIÓN DE PEDIATRÍA PEDIATRIA NEONATOLOGÍA";"52";"49";"218";"246";"10";"300";"1"
"2023";"06";"150103";"LIMA";"LIMA";"ATE";"MINSA";"II-1";"00005945";"HOSPITAL VITARTE";"241500";"HOSPITALIZACIÓN QUIRÚRGICA GINECOLOGÍA  ";"60";"65";"208";"196";"7";"210";"0"
"2023";"06";"150103";"LIMA";"LIMA";"ATE";"MINSA";"II-1";"00005945";"HOSPITAL VITARTE";"241400";"HOSPITALIZACIÓN QUIRÚRGICA GINECO - OBSTETRICIA ";"392";"388";"873";"869";"33";"990";"0"
"2023";"06";"150103";"LIMA";"LIMA";"ATE";"MINSA";"II-1";"00005945";"HOSPITAL VITARTE";"240100";"HOSPITALIZACIÓN QUIRÚRGICA CIRUGÍA GENERAL ";"262";"246";"598";"734";"28";"840";"0"
"2023";"06";"150103";"LIMA";"LIMA";"ATE";"MINSA";"II-1";"00005945";"HOSPITAL VITARTE";"241200";"HOSPITALIZACIÓN QUIRÚRGICA TRAUMATOLOGÍA Y ORTOPEDIA ";"40";"47";"215";"171";"8";"240";"0"
"2023";"06";"150103";"LIMA";"LIMA";"ATE";"MINSA";"II-1";"00005945";"HOSPITAL VITARTE";"241100";"HOSPITALIZACIÓN QUIRÚRGICA OTORRINOLARINGOLOGÍA  ";"14";"15";"15";"37";"2";"60";"0"
"2023";"06";"150103";"LIMA";"LIMA";"ATE";"MINSA";"II-1";"00005945";"HOSPITAL VITARTE";"241300";"HOSPITALIZACIÓN QUIRÚRGICA UROLOGÍA  ";"8";"10";"20";"16";"1";"30";"0"
"2023";"06";"150103";"LIMA";"LIMA";"ATE";"MINSA";"II-1";"00005945";"HOSPITAL VITARTE";"240600";"HOSPITALIZACIÓN QUIRÚRGICA CIRUGÍA OFTALMOLÓGICA ";"16";"16";"16";"16";"1";"30";"0"
"2023";"06";"120302";"JUNIN";"CHANCHAMAYO";"PERENE";"GOBIERNO REGIONAL";"I-2";"00000337";"MIRICHARO";"NE_0001";"";"NE_0001";"NE_0001";"NE_0001";"NE_0001";"NE_0001";"NE_0001";"NE_0001"
"2023";"06";"120302";"JUNIN";"CHANCHAMAYO";"PERENE";"GOBIERNO REGIONAL";"I-3";"00006716";"CIUDAD SATELITE";"NE_0001";"";"NE_0001";"NE_0001";"NE_0001";"NE_0001";"NE_0001";"NE_0001";"NE_0001"
"2023";"06";"120302";"JUNIN";"CHANCHAMAYO";"PERENE";"GOBIERNO REGIONAL";"I-1";"00000338";"SAN CRISTOBAL";"NE_0001";"";"NE_0001";"NE_0001";"NE_0001";"NE_0001";"NE_0001";"NE_0001";"NE_0001"
"2023";"06";"120302";"JUNIN";"CHANCHAMAYO";"PERENE";"GOBIERNO REGIONAL";"I-1";"00000339";"SAN ANTONIO ALTO PICHANAKI";"NE_0001";"";"NE_0001";"NE_0001";"NE_0001";"NE_0001";"NE_0001";"NE_0001";"NE_0001"
"2023";"06";"150501";"LIMA";"CAÑETE";"SAN VICENTE DE CAÑETE";"ESSALUD";"II-1";"00010536";"HOSPITAL II CAÑETE";"241800";"HOSPITALIZACIÓN DE MEDICINA MEDICINA GENERAL ";"97";"101";"407";"396";"18";"539";"4"
"2023";"06";"150501";"LIMA";"CAÑETE";"SAN VICENTE DE CAÑETE";"ESSALUD";"II-1";"00010536";"HOSPITAL II CAÑETE";"240100";"HOSPITALIZACIÓN QUIRÚRGICA CIRUGÍA GENERAL ";"60";"64";"286";"274";"12";"360";"0"
"2023";"06";"150501";"LIMA";"CAÑETE";"SAN VICENTE DE CAÑETE";"ESSALUD";"II-1";"00010536";"HOSPITAL II CAÑETE";"241500";"HOSPITALIZACIÓN QUIRÚRGICA GINECOLOGÍA  ";"8";"7";"17";"20";"1";"31";"0"
"2023";"06";"150501";"LIMA";"CAÑETE";"SAN VICENTE DE CAÑETE";"ESSALUD";"II-1";"00010536";"HOSPITAL II CAÑETE";"241600";"HOSPITALIZACIÓN QUIRÚRGICA OBSTETRICIA   ";"78";"74";"157";"163";"8";"231";"0"
"2023";"06";"150501";"LIMA";"CAÑETE";"SAN VICENTE DE CAÑETE";"ESSALUD";"II-1";"00010536";"HOSPITAL II CAÑETE";"242500";"HOSPITALIZACIÓN-PEDIATRÍA GENERAL-";"24";"38";"115";"106";"5";"137";"0"
"2023";"06";"230101";"TACNA";"TACNA";"TACNA";"GOBIERNO REGIONAL";"II-2";"00002864";"HOSPITAL HIPOLITO UNANUE DE TACNA";"240100";"HOSPITALIZACIÓN QUIRÚRGICA CIRUGÍA GENERAL ";"168";"154";"114";"1231";"59";"1829";"2"
"2023";"06";"230101";"TACNA";"TACNA";"TACNA";"GOBIERNO REGIONAL";"II-2";"00002864";"HOSPITAL HIPOLITO UNANUE DE TACNA";"240700";"HOSPITALIZACIÓN QUIRÚRGICA CIRUGÍA PEDIÁTRICA ";"15";"18";"11";"113";"10";"310";"0"
"2023";"06";"230101";"TACNA";"TACNA";"TACNA";"GOBIERNO REGIONAL";"II-2";"00002864";"HOSPITAL HIPOLITO UNANUE DE TACNA";"241400";"HOSPITALIZACIÓN QUIRÚRGICA GINECO - OBSTETRICIA ";"266";"261";"241";"708";"46";"1426";"0"
"2023";"06";"230101";"TACNA";"TACNA";"TACNA";"GOBIERNO REGIONAL";"II-2";"00002864";"HOSPITAL HIPOLITO UNANUE DE TACNA";"241500";"HOSPITALIZACIÓN QUIRÚRGICA GINECOLOGÍA  ";"85";"88";"78";"134";"8";"248";"0"
"2023";"06";"230101";"TACNA";"TACNA";"TACNA";"GOBIERNO REGIONAL";"II-2";"00002864";"HOSPITAL HIPOLITO UNANUE DE TACNA";"241900";"HOSPITALIZACIÓN DE MEDICINA MEDICINA INTERNA ";"162";"145";"102";"1160";"41";"1271";"34"
"2023";"06";"230101";"TACNA";"TACNA";"TACNA";"GOBIERNO REGIONAL";"II-2";"00002864";"HOSPITAL HIPOLITO UNANUE DE TACNA";"242200";"HOSPITALIZACIÓN DE MEDICINA PSIQUIATRÍA ";"17";"17";"8";"374";"16";"496";"0"
"2023";"06";"230101";"TACNA";"TACNA";"TACNA";"GOBIERNO REGIONAL";"II-2";"00002864";"HOSPITAL HIPOLITO UNANUE DE TACNA";"242300";"HOSPITALIZACIÓN DE PEDIATRÍA  PEDIATRÍA  GENERAL ";"52";"54";"41";"235";"10";"310";"0"
"2023";"06";"230101";"TACNA";"TACNA";"TACNA";"GOBIERNO REGIONAL";"II-2";"00002864";"HOSPITAL HIPOLITO UNANUE DE TACNA";"243200";"HOSPITALIZACIÓN DE PEDIATRÍA PEDIATRIA NEONATOLOGÍA";"205";"196";"183";"261";"10";"310";"0"
"2023";"06";"230101";"TACNA";"TACNA";"TACNA";"GOBIERNO REGIONAL";"II-2";"00002864";"HOSPITAL HIPOLITO UNANUE DE TACNA";"245300";"HOSPITALIZACIÓN DE MEDICINA NEUMOLOGÍA  ";"11";"13";"10";"128";"8";"248";"1"
"2023";"06";"230101";"TACNA";"TACNA";"TACNA";"GOBIERNO REGIONAL";"II-2";"00002864";"HOSPITAL HIPOLITO UNANUE DE TACNA";"250100";"UNIDAD DE CUIDADOS CRITICOS UNIDAD  DE CUIDADOS INTENSIVOS GENERALES (UCI) ";"8";"4";"2";"114";"6";"186";"0"
"2023";"06";"230101";"TACNA";"TACNA";"TACNA";"GOBIERNO REGIONAL";"II-2";"00002864";"HOSPITAL HIPOLITO UNANUE DE TACNA";"250400";"UNIDAD DE CUIDADOS CRITICOS UNIDAD DE QUEMADOS (GRAN QUEMADO) ";"14";"12";"80";"92";"3";"93";"0"
"2023";"06";"140101";"LAMBAYEQUE";"CHICLAYO";"CHICLAYO";"GOBIERNO REGIONAL";"II-2";"00004317";"HOSPITAL REGIONAL DOCENTE LAS MERCEDES";"243200";"HOSPITALIZACIÓN DE PEDIATRÍA PEDIATRIA NEONATOLOGÍA";"135";"147";"495";"12";"20";"600";"2"
"2023";"06";"140101";"LAMBAYEQUE";"CHICLAYO";"CHICLAYO";"GOBIERNO REGIONAL";"II-2";"00004317";"HOSPITAL REGIONAL DOCENTE LAS MERCEDES";"240100";"HOSPITALIZACIÓN QUIRÚRGICA CIRUGÍA GENERAL ";"113";"131";"645";"14";"30";"900";"1"
"2023";"06";"140101";"LAMBAYEQUE";"CHICLAYO";"CHICLAYO";"GOBIERNO REGIONAL";"II-2";"00004317";"HOSPITAL REGIONAL DOCENTE LAS MERCEDES";"241600";"HOSPITALIZACIÓN QUIRÚRGICA OBSTETRICIA   ";"224";"250";"629";"20";"43";"1290";"1"
"2023";"06";"140101";"LAMBAYEQUE";"CHICLAYO";"CHICLAYO";"GOBIERNO REGIONAL";"II-2";"00004317";"HOSPITAL REGIONAL DOCENTE LAS MERCEDES";"241800";"HOSPITALIZACIÓN DE MEDICINA MEDICINA GENERAL ";"194";"251";"1358";"36";"57";"1710";"17"
"2023";"06";"140101";"LAMBAYEQUE";"CHICLAYO";"CHICLAYO";"GOBIERNO REGIONAL";"II-2";"00004317";"HOSPITAL REGIONAL DOCENTE LAS MERCEDES";"241500";"HOSPITALIZACIÓN QUIRÚRGICA GINECOLOGÍA  ";"21";"21";"73";"2";"14";"420";"0"
"2023";"06";"140101";"LAMBAYEQUE";"CHICLAYO";"CHICLAYO";"GOBIERNO REGIONAL";"II-2";"00004317";"HOSPITAL REGIONAL DOCENTE LAS MERCEDES";"242300";"HOSPITALIZACIÓN DE PEDIATRÍA  PEDIATRÍA  GENERAL ";"68";"79";"296";"9";"29";"870";"3"
"2023";"06";"140101";"LAMBAYEQUE";"CHICLAYO";"CHICLAYO";"GOBIERNO REGIONAL";"II-2";"00004317";"HOSPITAL REGIONAL DOCENTE LAS MERCEDES";"241200";"HOSPITALIZACIÓN QUIRÚRGICA TRAUMATOLOGÍA Y ORTOPEDIA ";"15";"21";"127";"4";"14";"420";"0"
"2023";"06";"140101";"LAMBAYEQUE";"CHICLAYO";"CHICLAYO";"GOBIERNO REGIONAL";"II-2";"00004317";"HOSPITAL REGIONAL DOCENTE LAS MERCEDES";"240801";"HOSPITALIZACIÓN QUIRÚRGICA CIRUGÍA PLÁSTICA/RECONSTRUCTIVA/ REPARADORA QUEMADOS";"6";"8";"62";"2";"13";"390";"0"
"2023";"06";"030601";"APURIMAC";"CHINCHEROS";"CHINCHEROS";"GOBIERNO REGIONAL";"II-1";"00004140";"HOSPITAL CHINCHEROS";"240100";"HOSPITALIZACIÓN QUIRÚRGICA CIRUGÍA GENERAL ";"16";"16";"52";"52";"7";"210";"0"
"2023";"06";"030601";"APURIMAC";"CHINCHEROS";"CHINCHEROS";"GOBIERNO REGIONAL";"II-1";"00004140";"HOSPITAL CHINCHEROS";"241500";"HOSPITALIZACIÓN QUIRÚRGICA GINECOLOGÍA  ";"14";"15";"37";"37";"4";"120";"0"
"2023";"06";"030601";"APURIMAC";"CHINCHEROS";"CHINCHEROS";"GOBIERNO REGIONAL";"II-1";"00004140";"HOSPITAL CHINCHEROS";"241800";"HOSPITALIZACIÓN DE MEDICINA MEDICINA GENERAL ";"8";"10";"29";"29";"23";"690";"0"
"2023";"06";"030601";"APURIMAC";"CHINCHEROS";"CHINCHEROS";"GOBIERNO REGIONAL";"II-1";"00004140";"HOSPITAL CHINCHEROS";"241600";"HOSPITALIZACIÓN QUIRÚRGICA OBSTETRICIA   ";"24";"27";"65";"65";"8";"240";"0"
"2023";"06";"030601";"APURIMAC";"CHINCHEROS";"CHINCHEROS";"GOBIERNO REGIONAL";"II-1";"00004140";"HOSPITAL CHINCHEROS";"242500";"HOSPITALIZACIÓN-PEDIATRÍA GENERAL-";"1";"1";"4";"4";"3";"90";"0"
"2023";"06";"030601";"APURIMAC";"CHINCHEROS";"CHINCHEROS";"GOBIERNO REGIONAL";"II-1";"00004140";"HOSPITAL CHINCHEROS";"243200";"HOSPITALIZACIÓN DE PEDIATRÍA PEDIATRIA NEONATOLOGÍA";"3";"3";"6";"6";"2";"60";"0"
"2023";"06";"030601";"APURIMAC";"CHINCHEROS";"CHINCHEROS";"GOBIERNO REGIONAL";"II-1";"00004140";"HOSPITAL CHINCHEROS";"242200";"HOSPITALIZACIÓN DE MEDICINA PSIQUIATRÍA ";"1";"2";"62";"62";"4";"120";"0"
"2023";"06";"040103";"AREQUIPA";"AREQUIPA";"CAYMA";"PRIVADO";"II-1";"00015730";"CLINICA SAN JUAN DE DIOS";"240000";"HOSPITALIZACIÓN";"504";"499";"1914";"1912";"80";"2400";"7"
"2023";"06";"120114";"JUNIN";"HUANCAYO";"EL TAMBO";"PRIVADO";"II-1";"00008024";"CLINICA CAYETANO HEREDIA";"240000";"HOSPITALIZACIÓN";"178";"168";"466";"515";"45";"1350";"0"
"2023";"06";"120114";"JUNIN";"HUANCAYO";"EL TAMBO";"PRIVADO";"II-1";"00008024";"CLINICA CAYETANO HEREDIA";"241400";"HOSPITALIZACIÓN QUIRÚRGICA GINECO - OBSTETRICIA ";"52";"50";"115";"66";"8";"238";"0"
"2023";"07";"150141";"LIMA";"LIMA";"SURQUILLO";"ESSALUD";"I-3";"00013091";"CENTRO DE ATENCION PRIMARIA III SURQUILLO";"NE_0001";"";"NE_0001";"NE_0001";"NE_0001";"NE_0001";"NE_0001";"NE_0001";"NE_0001"
"2023";"07";"070102";"CALLAO";"CALLAO";"BELLAVISTA";"GOBIERNO REGIONAL";"III-1";"00006218";"NAC. DANIEL A. CARRION";"241900";"HOSPITALIZACIÓN DE MEDICINA MEDICINA INTERNA ";"260";"295";"4768";"4360";"144";"4440";"34"
"2023";"07";"070102";"CALLAO";"CALLAO";"BELLAVISTA";"GOBIERNO REGIONAL";"III-1";"00006218";"NAC. DANIEL A. CARRION";"245300";"HOSPITALIZACIÓN DE MEDICINA NEUMOLOGÍA  ";"5";"6";"116";"342";"13";"403";"0"
"2023";"07";"070102";"CALLAO";"CALLAO";"BELLAVISTA";"GOBIERNO REGIONAL";"III-1";"00006218";"NAC. DANIEL A. CARRION";"240100";"HOSPITALIZACIÓN QUIRÚRGICA CIRUGÍA GENERAL ";"289";"280";"1942";"2033";"82";"2551";"9"
"2023";"07";"070102";"CALLAO";"CALLAO";"BELLAVISTA";"GOBIERNO REGIONAL";"III-1";"00006218";"NAC. DANIEL A. CARRION";"241200";"HOSPITALIZACIÓN QUIRÚRGICA TRAUMATOLOGÍA Y ORTOPEDIA ";"43";"51";"843";"920";"31";"968";"0"
"2023";"07";"070102";"CALLAO";"CALLAO";"BELLAVISTA";"GOBIERNO REGIONAL";"III-1";"00006218";"NAC. DANIEL A. CARRION";"240900";"HOSPITALIZACIÓN QUIRÚRGICA NEUROCIRUGÍA ";"64";"47";"644";"759";"31";"961";"1"
"2023";"07";"070102";"CALLAO";"CALLAO";"BELLAVISTA";"GOBIERNO REGIONAL";"III-1";"00006218";"NAC. DANIEL A. CARRION";"240700";"HOSPITALIZACIÓN QUIRÚRGICA CIRUGÍA PEDIÁTRICA ";"65";"54";"323";"300";"18";"558";"0"
"2023";"07";"070102";"CALLAO";"CALLAO";"BELLAVISTA";"GOBIERNO REGIONAL";"III-1";"00006218";"NAC. DANIEL A. CARRION";"250105";"UNIDAD DE CUIDADOS CRITICOS UNIDAD  DE CUIDADOS INTENSIVOS  (UCI) NEONATOLOGÍA";"16";"85";"968";"742";"37";"1147";"3"
"2023";"07";"070102";"CALLAO";"CALLAO";"BELLAVISTA";"GOBIERNO REGIONAL";"III-1";"00006218";"NAC. DANIEL A. CARRION";"242300";"HOSPITALIZACIÓN DE PEDIATRÍA  PEDIATRÍA  GENERAL ";"126";"140";"936";"605";"24";"744";"0"
"2023";"07";"070102";"CALLAO";"CALLAO";"BELLAVISTA";"GOBIERNO REGIONAL";"III-1";"00006218";"NAC. DANIEL A. CARRION";"241500";"HOSPITALIZACIÓN QUIRÚRGICA GINECOLOGÍA  ";"120";"167";"605";"620";"26";"806";"0"
"2023";"07";"070102";"CALLAO";"CALLAO";"BELLAVISTA";"GOBIERNO REGIONAL";"III-1";"00006218";"NAC. DANIEL A. CARRION";"241600";"HOSPITALIZACIÓN QUIRÚRGICA OBSTETRICIA   ";"20";"149";"360";"276";"15";"463";"0"
"2023";"07";"070102";"CALLAO";"CALLAO";"BELLAVISTA";"GOBIERNO REGIONAL";"III-1";"00006218";"NAC. DANIEL A. CARRION";"241400";"HOSPITALIZACIÓN QUIRÚRGICA GINECO - OBSTETRICIA ";"118";"44";"168";"181";"16";"496";"0"
"2023";"07";"070102";"CALLAO";"CALLAO";"BELLAVISTA";"GOBIERNO REGIONAL";"III-1";"00006218";"NAC. DANIEL A. CARRION";"250100";"UNIDAD DE CUIDADOS CRITICOS UNIDAD  DE CUIDADOS INTENSIVOS GENERALES (UCI) ";"10";"2";"20";"186";"6";"199";"0"
"2023";"07";"070102";"CALLAO";"CALLAO";"BELLAVISTA";"GOBIERNO REGIONAL";"III-1";"00006218";"NAC. DANIEL A. CARRION";"250200";"UNIDAD DE CUIDADOS CRITICOS UNIDAD DE CUIDADOS INTERMEDIOS GENERAL  (UCIN) ";"8";"3";"105";"248";"8";"248";"2"
"2023";"07";"070102";"CALLAO";"CALLAO";"BELLAVISTA";"GOBIERNO REGIONAL";"III-1";"00006218";"NAC. DANIEL A. CARRION";"242100";"HOSPITALIZACIÓN DE MEDICINA ONCOLOGÍA MÉDICA ";"43";"56";"672";"391";"19";"597";"2"
"2023";"07";"070102";"CALLAO";"CALLAO";"BELLAVISTA";"GOBIERNO REGIONAL";"III-1";"00006218";"NAC. DANIEL A. CARRION";"250108";"UNIDAD DE CUIDADOS CRITICOS UNIDAD  DE CUIDADOS INTENSIVOS  (UCI) PEDIÁTRICA";"10";"2";"7";"137";"6";"186";"2"
"2023";"07";"060607";"CAJAMARCA";"CUTERVO";"QUEROCOTILLO";"GOBIERNO REGIONAL";"I-1";"00005009";"QUIPAYUC";"NE_0001";"";"NE_0001";"NE_0001";"NE_0001";"NE_0001";"NE_0001";"NE_0001";"NE_0001"
"2023";"08";"040103";"AREQUIPA";"AREQUIPA";"CAYMA";"SANIDAD DE LA POLICIA NACIONAL DEL PERU";"II-1";"00011794";"HOSPITAL REGIONAL PNP AREQUIPA";"240100";"HOSPITALIZACIÓN QUIRÚRGICA CIRUGÍA GENERAL ";"39";"34";"179";"179";"20";"620";"0"
"2023";"08";"040103";"AREQUIPA";"AREQUIPA";"CAYMA";"SANIDAD DE LA POLICIA NACIONAL DEL PERU";"II-1";"00011794";"HOSPITAL REGIONAL PNP AREQUIPA";"241400";"HOSPITALIZACIÓN QUIRÚRGICA GINECO - OBSTETRICIA ";"17";"17";"38";"18";"3";"93";"0"
"2023";"08";"040103";"AREQUIPA";"AREQUIPA";"CAYMA";"SANIDAD DE LA POLICIA NACIONAL DEL PERU";"II-1";"00011794";"HOSPITAL REGIONAL PNP AREQUIPA";"241500";"HOSPITALIZACIÓN QUIRÚRGICA GINECOLOGÍA  ";"5";"5";"19";"19";"4";"124";"0"
"2023";"08";"220603";"SAN MARTIN";"MARISCAL CACERES";"HUICUNGO";"GOBIERNO REGIONAL";"I-1";"00006568";"DOS DE MAYO";"NE_0001";"";"NE_0001";"NE_0001";"NE_0001";"NE_0001";"NE_0001";"NE_0001";"NE_0001"
"2023";"08";"070102";"CALLAO";"CALLAO";"BELLAVISTA";"GOBIERNO REGIONAL";"I-2";"00030821";"CONSULTORIO OCUPACIONAL DE LA UNIDAD FUNCIONAL DE  SEGURIDAD Y SALUD EN EL TRABAJO - UFSST";"NE_0001";"";"NE_0001";"NE_0001";"NE_0001";"NE_0001";"NE_0001";"NE_0001";"NE_0001"
"2023";"08";"150110";"LIMA";"LIMA";"COMAS";"ESSALUD";"II-1";"00027565";"Hospital I Marino Molina Scippa - EsSalud";"241800";"HOSPITALIZACIÓN DE MEDICINA MEDICINA GENERAL ";"131";"130";"1066";"1118";"37";"1147";"2"
"2023";"08";"150110";"LIMA";"LIMA";"COMAS";"ESSALUD";"II-1";"00027565";"Hospital I Marino Molina Scippa - EsSalud";"240100";"HOSPITALIZACIÓN QUIRÚRGICA CIRUGÍA GENERAL ";"162";"162";"463";"525";"19";"589";"0"
"2023";"08";"150110";"LIMA";"LIMA";"COMAS";"ESSALUD";"II-1";"00027565";"Hospital I Marino Molina Scippa - EsSalud";"241600";"HOSPITALIZACIÓN QUIRÚRGICA OBSTETRICIA   ";"296";"280";"734";"770";"28";"868";"0"
"2023";"08";"150110";"LIMA";"LIMA";"COMAS";"ESSALUD";"II-1";"00027565";"Hospital I Marino Molina Scippa - EsSalud";"241500";"HOSPITALIZACIÓN QUIRÚRGICA GINECOLOGÍA  ";"24";"25";"122";"86";"3";"93";"0"
"2023";"08";"150110";"LIMA";"LIMA";"COMAS";"ESSALUD";"II-1";"00027565";"Hospital I Marino Molina Scippa - EsSalud";"242300";"HOSPITALIZACIÓN DE PEDIATRÍA  PEDIATRÍA  GENERAL ";"67";"71";"384";"367";"14";"434";"0"
"2023";"08";"150110";"LIMA";"LIMA";"COMAS";"ESSALUD";"II-1";"00027565";"Hospital I Marino Molina Scippa - EsSalud";"243200";"HOSPITALIZACIÓN DE PEDIATRÍA PEDIATRIA NEONATOLOGÍA";"48";"48";"162";"163";"7";"217";"0"
"2023";"08";"060601";"CAJAMARCA";"CUTERVO";"CUTERVO";"GOBIERNO REGIONAL";"I-3";"00028745";"CENTRO DE SALUD MENTAL COMUNITARIO PLENITUD";"NE_0001";"";"NE_0001";"NE_0001";"NE_0001";"NE_0001";"NE_0001";"NE_0001";"NE_0001"
"2023";"08";"150101";"LIMA";"LIMA";"LIMA";"ESSALUD";"I-3";"00008539";"POLICLINICO CHINCHA";"NE_0001";"";"NE_0001";"NE_0001";"NE_0001";"NE_0001";"NE_0001";"NE_0001";"NE_0001"
"2023";"08";"090301";"HUANCAVELICA";"ANGARAES";"LIRCAY";"GOBIERNO REGIONAL";"II-1";"00003943";"HOSPITAL DE LIRCAY";"240100";"HOSPITALIZACIÓN QUIRÚRGICA CIRUGÍA GENERAL ";"11";"11";"44";"11";"6";"186";"0"
"2023";"08";"090301";"HUANCAVELICA";"ANGARAES";"LIRCAY";"GOBIERNO REGIONAL";"II-1";"00003943";"HOSPITAL DE LIRCAY";"241400";"HOSPITALIZACIÓN QUIRÚRGICA GINECO - OBSTETRICIA ";"47";"49";"94";"47";"9";"279";"0"
"2023";"08";"090301";"HUANCAVELICA";"ANGARAES";"LIRCAY";"GOBIERNO REGIONAL";"II-1";"00003943";"HOSPITAL DE LIRCAY";"241900";"HOSPITALIZACIÓN DE MEDICINA MEDICINA INTERNA ";"4";"5";"17";"4";"26";"806";"0"
"2023";"08";"090301";"HUANCAVELICA";"ANGARAES";"LIRCAY";"GOBIERNO REGIONAL";"II-1";"00003943";"HOSPITAL DE LIRCAY";"242500";"HOSPITALIZACIÓN-PEDIATRÍA GENERAL-";"10";"11";"71";"10";"3";"93";"0"
"2023";"08";"220503";"SAN MARTIN";"LAMAS";"BARRANQUITA";"GOBIERNO REGIONAL";"I-1";"00006435";"SANTA CLARA";"NE_0001";"";"NE_0001";"NE_0001";"NE_0001";"NE_0001";"NE_0001";"NE_0001";"NE_0001"
"2023";"08";"220503";"SAN MARTIN";"LAMAS";"BARRANQUITA";"GOBIERNO REGIONAL";"I-1";"00007401";"SANANGO";"NE_0001";"";"NE_0001";"NE_0001";"NE_0001";"NE_0001";"NE_0001";"NE_0001";"NE_0001"
"2023";"08";"220503";"SAN MARTIN";"LAMAS";"BARRANQUITA";"GOBIERNO REGIONAL";"I-3";"00006432";"BARRANQUITA CAYNARACHI";"NE_0001";"";"NE_0001";"NE_0001";"NE_0001";"NE_0001";"NE_0001";"NE_0001";"NE_0001"
"2023";"08";"220503";"SAN MARTIN";"LAMAS";"BARRANQUITA";"GOBIERNO REGIONAL";"I-1";"00006434";"SANTIAGO DE BORJA";"NE_0001";"";"NE_0001";"NE_0001";"NE_0001";"NE_0001";"NE_0001";"NE_0001";"NE_0001"
"2023";"08";"220503";"SAN MARTIN";"LAMAS";"BARRANQUITA";"GOBIERNO REGIONAL";"I-1";"00006450";"SANTA ELENA";"NE_0001";"";"NE_0001";"NE_0001";"NE_0001";"NE_0001";"NE_0001";"NE_0001";"NE_0001"
"2023";"08";"220503";"SAN MARTIN";"LAMAS";"BARRANQUITA";"GOBIERNO REGIONAL";"I-1";"00006436";"EL PIÑAL";"NE_0001";"";"NE_0001";"NE_0001";"NE_0001";"NE_0001";"NE_0001";"NE_0001";"NE_0001"
"2023";"05";"150101";"LIMA";"LIMA";"LIMA";"PRIVADO";"I-3";"00027276";"POLICLINICO  ARTHRO MEDS";"NE_0001";"";"NE_0001";"NE_0001";"NE_0001";"NE_0001";"NE_0001";"NE_0001";"NE_0001"
"2023";"09";"211301";"PUNO";"YUNGUYO";"YUNGUYO";"ESSALUD";"I-3";"00009219";"YUNGUYO";"NE_0001";"";"NE_0001";"NE_0001";"NE_0001";"NE_0001";"NE_0001";"NE_0001";"NE_0001"
"2023";"09";"010101";"AMAZONAS";"CHACHAPOYAS";"CHACHAPOYAS";"GOBIERNO REGIONAL";"II-2";"00004838";"HOSPITAL REGIONAL VIRGEN DE FATIMA";"242500";"HOSPITALIZACIÓN-PEDIATRÍA GENERAL-";"11";"17";"114";"72";"14";"420";"0"
"2023";"09";"010101";"AMAZONAS";"CHACHAPOYAS";"CHACHAPOYAS";"GOBIERNO REGIONAL";"II-2";"00004838";"HOSPITAL REGIONAL VIRGEN DE FATIMA";"243200";"HOSPITALIZACIÓN DE PEDIATRÍA PEDIATRIA NEONATOLOGÍA";"89";"101";"296";"300";"10";"300";"0"
"2023";"09";"010101";"AMAZONAS";"CHACHAPOYAS";"CHACHAPOYAS";"GOBIERNO REGIONAL";"II-2";"00004838";"HOSPITAL REGIONAL VIRGEN DE FATIMA";"250103";"UNIDAD DE CUIDADOS CRITICOS UNIDAD  DE CUIDADOS INTENSIVOS GENERALES  (UCI) MEDICINA";"5";"8";"120";"93";"18";"540";"5"
"2023";"09";"010101";"AMAZONAS";"CHACHAPOYAS";"CHACHAPOYAS";"GOBIERNO REGIONAL";"II-2";"00004838";"HOSPITAL REGIONAL VIRGEN DE FATIMA";"250105";"UNIDAD DE CUIDADOS CRITICOS UNIDAD  DE CUIDADOS INTENSIVOS  (UCI) NEONATOLOGÍA";"0";"3";"87";"58";"10";"300";"0"
"2023";"09";"150137";"LIMA";"LIMA";"SANTA ANITA";"ESSALUD";"II-E";"00010434";"ESSALUD - HOSPITAL IIE SAN ISIDRO LABRADOR";"241800";"HOSPITALIZACIÓN DE MEDICINA MEDICINA GENERAL ";"209";"202";"4343";"4966";"180";"5400";"33"
"2023";"09";"150137";"LIMA";"LIMA";"SANTA ANITA";"ESSALUD";"II-E";"00010434";"ESSALUD - HOSPITAL IIE SAN ISIDRO LABRADOR";"250200";"UNIDAD DE CUIDADOS CRITICOS UNIDAD DE CUIDADOS INTERMEDIOS GENERAL  (UCIN) ";"9";"5";"84";"228";"12";"360";"3"
"2023";"09";"150137";"LIMA";"LIMA";"SANTA ANITA";"ESSALUD";"II-E";"00010434";"ESSALUD - HOSPITAL IIE SAN ISIDRO LABRADOR";"250103";"UNIDAD DE CUIDADOS CRITICOS UNIDAD  DE CUIDADOS INTENSIVOS GENERALES  (UCI) MEDICINA";"2";"8";"179";"173";"8";"240";"7"
"2023";"09";"020105";"ANCASH";"HUARAZ";"INDEPENDENCIA";"GOBIERNO REGIONAL";"I-3";"00028701";"CENTRO DE SALUD MENTAL COMUNITARIO ""ALLY WARAQ""";"NE_0001";"";"NE_0001";"NE_0001";"NE_0001";"NE_0001";"NE_0001";"NE_0001";"NE_0001"
"2023";"09";"010701";"AMAZONAS";"UTCUBAMBA";"BAGUA GRANDE";"ESSALUD";"II-1";"00009067";"HOSPITAL EL BUEN SAMARITANO";"241800";"HOSPITALIZACIÓN DE MEDICINA MEDICINA GENERAL ";"23";"21";"87";"97";"6";"180";"0"
"2023";"09";"010701";"AMAZONAS";"UTCUBAMBA";"BAGUA GRANDE";"ESSALUD";"II-1";"00009067";"HOSPITAL EL BUEN SAMARITANO";"240100";"HOSPITALIZACIÓN QUIRÚRGICA CIRUGÍA GENERAL ";"14";"16";"54";"50";"3";"90";"0"
"2023";"09";"010701";"AMAZONAS";"UTCUBAMBA";"BAGUA GRANDE";"ESSALUD";"II-1";"00009067";"HOSPITAL EL BUEN SAMARITANO";"241500";"HOSPITALIZACIÓN QUIRÚRGICA GINECOLOGÍA  ";"28";"27";"74";"75";"4";"120";"0"
"2023";"09";"010701";"AMAZONAS";"UTCUBAMBA";"BAGUA GRANDE";"ESSALUD";"II-1";"00009067";"HOSPITAL EL BUEN SAMARITANO";"242300";"HOSPITALIZACIÓN DE PEDIATRÍA  PEDIATRÍA  GENERAL ";"27";"27";"68";"66";"3";"90";"0"
"2023";"09";"040104";"AREQUIPA";"AREQUIPA";"CERRO COLORADO";"GOBIERNO REGIONAL";"I-3";"00001236";"CENTRO DE SALUD CERRO COLORADO";"NE_0001";"";"NE_0001";"NE_0001";"NE_0001";"NE_0001";"NE_0001";"NE_0001";"NE_0001"
"2023";"09";"040104";"AREQUIPA";"AREQUIPA";"CERRO COLORADO";"GOBIERNO REGIONAL";"I-3";"00027843";"CENTRO DE SALUD MENTAL COMUNITARIO SAN MARTIN DE PORRES";"NE_0001";"";"NE_0001";"NE_0001";"NE_0001";"NE_0001";"NE_0001";"NE_0001";"NE_0001"
"2023";"09";"040104";"AREQUIPA";"AREQUIPA";"CERRO COLORADO";"GOBIERNO REGIONAL";"I-3";"00001248";"CENTRO DE SALUD ALTO LIBERTAD";"NE_0001";"";"NE_0001";"NE_0001";"NE_0001";"NE_0001";"NE_0001";"NE_0001";"NE_0001"
"2023";"09";"150113";"LIMA";"LIMA";"JESUS MARIA";"ESSALUD";"I-3";"00008711";"POLICLINICO PABLO BERMUDEZ";"NE_0001";"";"NE_0001";"NE_0001";"NE_0001";"NE_0001";"NE_0001";"NE_0001";"NE_0001"
"2023";"09";"150121";"LIMA";"LIMA";"PUEBLO LIBRE";"PRIVADO";"II-2";"00008325";"CLINICA CENTENARIO PERUANO JAPONESA";"242300";"HOSPITALIZACIÓN DE PEDIATRÍA  PEDIATRÍA  GENERAL ";"100";"96";"266";"201";"21";"630";"0"
"2023";"09";"150121";"LIMA";"LIMA";"PUEBLO LIBRE";"PRIVADO";"II-2";"00008325";"CLINICA CENTENARIO PERUANO JAPONESA";"241900";"HOSPITALIZACIÓN DE MEDICINA MEDICINA INTERNA ";"80";"71";"399";"359";"21";"630";"3"
"2023";"09";"150121";"LIMA";"LIMA";"PUEBLO LIBRE";"PRIVADO";"II-2";"00008325";"CLINICA CENTENARIO PERUANO JAPONESA";"241900";"HOSPITALIZACIÓN DE MEDICINA MEDICINA INTERNA ";"86";"87";"486";"382";"21";"630";"1"
"2023";"09";"150121";"LIMA";"LIMA";"PUEBLO LIBRE";"PRIVADO";"II-2";"00008325";"CLINICA CENTENARIO PERUANO JAPONESA";"241600";"HOSPITALIZACIÓN QUIRÚRGICA OBSTETRICIA   ";"66";"66";"176";"179";"11";"330";"0"
"2023";"09";"150121";"LIMA";"LIMA";"PUEBLO LIBRE";"PRIVADO";"II-2";"00008325";"CLINICA CENTENARIO PERUANO JAPONESA";"241900";"HOSPITALIZACIÓN DE MEDICINA MEDICINA INTERNA ";"58";"61";"390";"397";"21";"630";"2"
"2023";"09";"150121";"LIMA";"LIMA";"PUEBLO LIBRE";"PRIVADO";"II-2";"00008325";"CLINICA CENTENARIO PERUANO JAPONESA";"240100";"HOSPITALIZACIÓN QUIRÚRGICA CIRUGÍA GENERAL ";"124";"119";"290";"324";"14";"420";"0"
"2023";"09";"150121";"LIMA";"LIMA";"PUEBLO LIBRE";"PRIVADO";"II-2";"00008325";"CLINICA CENTENARIO PERUANO JAPONESA";"250100";"UNIDAD DE CUIDADOS CRITICOS UNIDAD  DE CUIDADOS INTENSIVOS GENERALES (UCI) ";"29";"29";"129";"151";"8";"240";"4"
"2023";"09";"150121";"LIMA";"LIMA";"PUEBLO LIBRE";"PRIVADO";"II-2";"00008325";"CLINICA CENTENARIO PERUANO JAPONESA";"250200";"UNIDAD DE CUIDADOS CRITICOS UNIDAD DE CUIDADOS INTERMEDIOS GENERAL  (UCIN) ";"35";"36";"109";"96";"6";"180";"2"
"2023";"09";"150121";"LIMA";"LIMA";"PUEBLO LIBRE";"PRIVADO";"II-2";"00008325";"CLINICA CENTENARIO PERUANO JAPONESA";"250105";"UNIDAD DE CUIDADOS CRITICOS UNIDAD  DE CUIDADOS INTENSIVOS  (UCI) NEONATOLOGÍA";"4";"4";"14";"32";"4";"120";"1"
"2023";"09";"150121";"LIMA";"LIMA";"PUEBLO LIBRE";"PRIVADO";"II-2";"00008325";"CLINICA CENTENARIO PERUANO JAPONESA";"250305";"HOSPIT. EN UNIDAD DE CUID.INTEN.-UNIDAD DE VIGILANCIA INTENSIVA (UVI)-NEONATOLOGÍA";"7";"5";"37";"36";"4";"120";"1"
"2023";"09";"160101";"LORETO";"MAYNAS";"IQUITOS";"ESSALUD";"I-3";"00011408";"CAP III IQUITOS";"NE_0001";"";"NE_0001";"NE_0001";"NE_0001";"NE_0001";"NE_0001";"NE_0001";"NE_0001"
"2023";"09";"150115";"LIMA";"LIMA";"LA VICTORIA";"PRIVADO";"II-E";"00009431";"CLÍNICA SANTA CATALINA";"NE_0002";"";"NE_0002";"NE_0002";"NE_0002";"NE_0002";"NE_0002";"NE_0002";"NE_0002"
"2023";"09";"150140";"LIMA";"LIMA";"SANTIAGO DE SURCO";"PRIVADO";"II-E";"00024304";"CLINICA BINOMIUM";"NE_0002";"";"NE_0002";"NE_0002";"NE_0002";"NE_0002";"NE_0002";"NE_0002";"NE_0002"
"2023";"09";"021904";"ANCASH";"SIHUAS";"CASHAPAMPA";"GOBIERNO REGIONAL";"I-1";"00001798";"PUESTO DE SALUD PASACANCHA";"NE_0002";"";"NE_0002";"NE_0002";"NE_0002";"NE_0002";"NE_0002";"NE_0002";"NE_0002"
"2023";"09";"021909";"ANCASH";"SIHUAS";"SAN JUAN";"GOBIERNO REGIONAL";"I-2";"00001809";"PUESTO DE SALUD ANDAYMAYO";"NE_0002";"";"NE_0002";"NE_0002";"NE_0002";"NE_0002";"NE_0002";"NE_0002";"NE_0002"
"2023";"09";"021909";"ANCASH";"SIHUAS";"SAN JUAN";"GOBIERNO REGIONAL";"I-2";"00001808";"PUESTO DE SALUD SAN JUAN CHULLIN";"NE_0002";"";"NE_0002";"NE_0002";"NE_0002";"NE_0002";"NE_0002";"NE_0002";"NE_0002"
"2023";"09";"021909";"ANCASH";"SIHUAS";"SAN JUAN";"GOBIERNO REGIONAL";"I-1";"00001810";"PUESTO DE SALUD CHINCHOBAMBA";"NE_0002";"";"NE_0002";"NE_0002";"NE_0002";"NE_0002";"NE_0002";"NE_0002";"NE_0002"
"2023";"09";"021904";"ANCASH";"SIHUAS";"CASHAPAMPA";"GOBIERNO REGIONAL";"I-1";"00001797";"PUESTO DE SALUD CASHAPAMPA";"NE_0002";"";"NE_0002";"NE_0002";"NE_0002";"NE_0002";"NE_0002";"NE_0002";"NE_0002"
"2023";"09";"021906";"ANCASH";"SIHUAS";"HUAYLLABAMBA";"GOBIERNO REGIONAL";"I-1";"00001804";"PUESTO DE SALUD PIRPO";"NE_0002";"";"NE_0002";"NE_0002";"NE_0002";"NE_0002";"NE_0002";"NE_0002";"NE_0002"
"2023";"09";"021906";"ANCASH";"SIHUAS";"HUAYLLABAMBA";"GOBIERNO REGIONAL";"I-2";"00001803";"PUESTO DE SALUD SANTA CLARA";"NE_0002";"";"NE_0002";"NE_0002";"NE_0002";"NE_0002";"NE_0002";"NE_0002";"NE_0002"
"2023";"09";"021909";"ANCASH";"SIHUAS";"SAN JUAN";"GOBIERNO REGIONAL";"I-1";"00007449";"PUESTO DE SALUD PARIASHPAMPA";"NE_0002";"";"NE_0002";"NE_0002";"NE_0002";"NE_0002";"NE_0002";"NE_0002";"NE_0002"
"2023";"09";"021908";"ANCASH";"SIHUAS";"RAGASH";"GOBIERNO REGIONAL";"I-1";"00001796";"PUESTO DE SALUD RAGASH";"NE_0002";"";"NE_0002";"NE_0002";"NE_0002";"NE_0002";"NE_0002";"NE_0002";"NE_0002"
"2023";"09";"021910";"ANCASH";"SIHUAS";"SICSIBAMBA";"GOBIERNO REGIONAL";"I-2";"00001811";"PUESTO DE SALUD SICSIBAMBA";"NE_0002";"";"NE_0002";"NE_0002";"NE_0002";"NE_0002";"NE_0002";"NE_0002";"NE_0002"
"2023";"09";"021910";"ANCASH";"SIHUAS";"SICSIBAMBA";"GOBIERNO REGIONAL";"I-1";"00001812";"PUESTO DE SALUD UMBE";"NE_0002";"";"NE_0002";"NE_0002";"NE_0002";"NE_0002";"NE_0002";"NE_0002";"NE_0002"
"2023";"09";"021901";"ANCASH";"SIHUAS";"SIHUAS";"GOBIERNO REGIONAL";"I-1";"00009731";"PUESTO DE SALUD SAURAPA";"NE_0002";"";"NE_0002";"NE_0002";"NE_0002";"NE_0002";"NE_0002";"NE_0002";"NE_0002"
"2023";"09";"021906";"ANCASH";"SIHUAS";"HUAYLLABAMBA";"GOBIERNO REGIONAL";"I-3";"00001802";"CENTRO DE SALUD HUAYLLABAMBA";"NE_0002";"";"NE_0002";"NE_0002";"NE_0002";"NE_0002";"NE_0002";"NE_0002";"NE_0002"
"2023";"09";"021908";"ANCASH";"SIHUAS";"RAGASH";"GOBIERNO REGIONAL";"I-1";"00009734";"PUESTO DE SALUD QUINGAO";"NE_0002";"";"NE_0002";"NE_0002";"NE_0002";"NE_0002";"NE_0002";"NE_0002";"NE_0002"
"2023";"09";"150810";"LIMA";"HUAURA";"SANTA MARIA";"SANIDAD DE LA POLICIA NACIONAL DEL PERU";"I-2";"00010834";"POSTA MEDICA POLICIAL HUACHO";"NE_0001";"";"NE_0001";"NE_0001";"NE_0001";"NE_0001";"NE_0001";"NE_0001";"NE_0001"
"2023";"09";"250101";"UCAYALI";"CORONEL PORTILLO";"CALLERIA";"PRIVADO";"II-1";"00012118";"CLÍNICA MONTE HOREB S.A.";"240100";"HOSPITALIZACIÓN QUIRÚRGICA CIRUGÍA GENERAL ";"4";"4";"4";"3";"1";"30";"0"
"2023";"09";"250101";"UCAYALI";"CORONEL PORTILLO";"CALLERIA";"PRIVADO";"II-1";"00012118";"CLÍNICA MONTE HOREB S.A.";"241400";"HOSPITALIZACIÓN QUIRÚRGICA GINECO - OBSTETRICIA ";"3";"3";"3";"3";"1";"30";"0"
"2023";"09";"250101";"UCAYALI";"CORONEL PORTILLO";"CALLERIA";"PRIVADO";"II-1";"00012118";"CLÍNICA MONTE HOREB S.A.";"241800";"HOSPITALIZACIÓN DE MEDICINA MEDICINA GENERAL ";"2";"2";"14";"14";"1";"30";"0"
"2023";"09";"250101";"UCAYALI";"CORONEL PORTILLO";"CALLERIA";"PRIVADO";"II-1";"00012118";"CLÍNICA MONTE HOREB S.A.";"241300";"HOSPITALIZACIÓN QUIRÚRGICA UROLOGÍA  ";"1";"1";"1";"1";"1";"30";"0"
"2023";"09";"180104";"MOQUEGUA";"MARISCAL NIETO";"SAMEGUA";"SANIDAD DE LA POLICIA NACIONAL DEL PERU";"I-2";"00015236";"POSTA MEDICA POLICIAL MOQUEGUA";"NE_0001";"";"NE_0001";"NE_0001";"NE_0001";"NE_0001";"NE_0001";"NE_0001";"NE_0001"
"2023";"09";"040103";"AREQUIPA";"AREQUIPA";"CAYMA";"SANIDAD DE LA POLICIA NACIONAL DEL PERU";"II-1";"00011794";"HOSPITAL REGIONAL PNP AREQUIPA";"240100";"HOSPITALIZACIÓN QUIRÚRGICA CIRUGÍA GENERAL ";"30";"30";"154";"154";"20";"600";"0"
"2023";"09";"040103";"AREQUIPA";"AREQUIPA";"CAYMA";"SANIDAD DE LA POLICIA NACIONAL DEL PERU";"II-1";"00011794";"HOSPITAL REGIONAL PNP AREQUIPA";"241400";"HOSPITALIZACIÓN QUIRÚRGICA GINECO - OBSTETRICIA ";"8";"8";"29";"29";"3";"90";"0"
"2023";"09";"040103";"AREQUIPA";"AREQUIPA";"CAYMA";"SANIDAD DE LA POLICIA NACIONAL DEL PERU";"II-1";"00011794";"HOSPITAL REGIONAL PNP AREQUIPA";"241500";"HOSPITALIZACIÓN QUIRÚRGICA GINECOLOGÍA  ";"7";"5";"24";"24";"4";"120";"0"
"2023";"09";"040103";"AREQUIPA";"AREQUIPA";"CAYMA";"SANIDAD DE LA POLICIA NACIONAL DEL PERU";"II-1";"00011794";"HOSPITAL REGIONAL PNP AREQUIPA";"241800";"HOSPITALIZACIÓN DE MEDICINA MEDICINA GENERAL ";"17";"20";"149";"149";"20";"600";"0"
"2023";"09";"040103";"AREQUIPA";"AREQUIPA";"CAYMA";"SANIDAD DE LA POLICIA NACIONAL DEL PERU";"II-1";"00011794";"HOSPITAL REGIONAL PNP AREQUIPA";"242300";"HOSPITALIZACIÓN DE PEDIATRÍA  PEDIATRÍA  GENERAL ";"7";"7";"19";"19";"6";"180";"0"
"2023";"09";"061001";"CAJAMARCA";"SAN MARCOS";"PEDRO GALVEZ";"ESSALUD";"I-2";"00010275";"POSTA MEDICA DE SAN MARCOS";"NE_0001";"";"NE_0001";"NE_0001";"NE_0001";"NE_0001";"NE_0001";"NE_0001";"NE_0001"
"2023";"09";"150137";"LIMA";"LIMA";"SANTA ANITA";"ESSALUD";"II-1";"00008318";"ESSALUD - HOSPITAL I JORGE VOTO BERNALES CORPANCHO";"241800";"HOSPITALIZACIÓN DE MEDICINA MEDICINA GENERAL ";"18";"21";"82";"77";"5";"150";"0"
"2023";"09";"150137";"LIMA";"LIMA";"SANTA ANITA";"ESSALUD";"II-1";"00008318";"ESSALUD - HOSPITAL I JORGE VOTO BERNALES CORPANCHO";"243200";"HOSPITALIZACIÓN DE PEDIATRÍA PEDIATRIA NEONATOLOGÍA";"7";"1";"54";"34";"4";"120";"0"
"2023";"09";"150137";"LIMA";"LIMA";"SANTA ANITA";"ESSALUD";"II-1";"00008318";"ESSALUD - HOSPITAL I JORGE VOTO BERNALES CORPANCHO";"240100";"HOSPITALIZACIÓN QUIRÚRGICA CIRUGÍA GENERAL ";"89";"89";"297";"323";"12";"360";"0"
"2023";"09";"150137";"LIMA";"LIMA";"SANTA ANITA";"ESSALUD";"II-1";"00008318";"ESSALUD - HOSPITAL I JORGE VOTO BERNALES CORPANCHO";"241400";"HOSPITALIZACIÓN QUIRÚRGICA GINECO - OBSTETRICIA ";"27";"27";"78";"87";"3";"90";"0"
"2023";"09";"150137";"LIMA";"LIMA";"SANTA ANITA";"ESSALUD";"II-1";"00008318";"ESSALUD - HOSPITAL I JORGE VOTO BERNALES CORPANCHO";"242300";"HOSPITALIZACIÓN DE PEDIATRÍA  PEDIATRÍA  GENERAL ";"18";"17";"66";"80";"3";"90";"0"
"2023";"09";"150137";"LIMA";"LIMA";"SANTA ANITA";"ESSALUD";"II-1";"00008318";"ESSALUD - HOSPITAL I JORGE VOTO BERNALES CORPANCHO";"250100";"UNIDAD DE CUIDADOS CRITICOS UNIDAD  DE CUIDADOS INTENSIVOS GENERALES (UCI) ";"44";"43";"114";"108";"4";"120";"0"
"2023";"09";"150137";"LIMA";"LIMA";"SANTA ANITA";"ESSALUD";"II-1";"00008318";"ESSALUD - HOSPITAL I JORGE VOTO BERNALES CORPANCHO";"241500";"HOSPITALIZACIÓN QUIRÚRGICA GINECOLOGÍA  ";"195";"195";"429";"440";"17";"510";"0"
"2023";"09";"060807";"CAJAMARCA";"JAEN";"POMAHUACA";"GOBIERNO REGIONAL";"I-1";"00027935";"TAYAS";"NE_0001";"";"NE_0001";"NE_0001";"NE_0001";"NE_0001";"NE_0001";"NE_0001";"NE_0001"
"2023";"09";"060807";"CAJAMARCA";"JAEN";"POMAHUACA";"GOBIERNO REGIONAL";"I-3";"00004247";"POMAHUACA";"NE_0001";"";"NE_0001";"NE_0001";"NE_0001";"NE_0001";"NE_0001";"NE_0001";"NE_0001"
"2023";"09";"060807";"CAJAMARCA";"JAEN";"POMAHUACA";"GOBIERNO REGIONAL";"I-1";"00016139";"YAMBOLON";"NE_0001";"";"NE_0001";"NE_0001";"NE_0001";"NE_0001";"NE_0001";"NE_0001";"NE_0001"
"2023";"09";"060807";"CAJAMARCA";"JAEN";"POMAHUACA";"GOBIERNO REGIONAL";"I-1";"00007166";"MANGAYPA";"NE_0001";"";"NE_0001";"NE_0001";"NE_0001";"NE_0001";"NE_0001";"NE_0001";"NE_0001"
"2023";"09";"080703";"CUSCO";"CHUMBIVILCAS";"CHAMACA";"GOBIERNO REGIONAL";"I-2";"00002402";"CHAMACA";"NE_0001";"";"NE_0001";"NE_0001";"NE_0001";"NE_0001";"NE_0001";"NE_0001";"NE_0001"
"2023";"02";"250304";"UCAYALI";"PADRE ABAD";"NESHUYA";"GOBIERNO REGIONAL";"I-1";"00030508";"PUESTO DE SALUD NOLBERTH DE ALTO ARUYA";"NE_0001";"";"NE_0001";"NE_0001";"NE_0001";"NE_0001";"NE_0001";"NE_0001";"NE_0001"
"2023";"02";"250304";"UCAYALI";"PADRE ABAD";"NESHUYA";"GOBIERNO REGIONAL";"I-1";"00030507";"PUESTO DE SALUD MAR DE PLATA";"NE_0001";"";"NE_0001";"NE_0001";"NE_0001";"NE_0001";"NE_0001";"NE_0001";"NE_0001"
"2023";"02";"250304";"UCAYALI";"PADRE ABAD";"NESHUYA";"GOBIERNO REGIONAL";"I-1";"00021850";"VIRGEN DEL CARMEN";"NE_0001";"";"NE_0001";"NE_0001";"NE_0001";"NE_0001";"NE_0001";"NE_0001";"NE_0001"
"2023";"02";"250304";"UCAYALI";"PADRE ABAD";"NESHUYA";"GOBIERNO REGIONAL";"I-1";"00007461";"SANTA ROSA DE GUINEA";"NE_0001";"";"NE_0001";"NE_0001";"NE_0001";"NE_0001";"NE_0001";"NE_0001";"NE_0001"
"2023";"02";"250304";"UCAYALI";"PADRE ABAD";"NESHUYA";"GOBIERNO REGIONAL";"I-1";"00007116";"VILLA DEL CAMPO";"NE_0001";"";"NE_0001";"NE_0001";"NE_0001";"NE_0001";"NE_0001";"NE_0001";"NE_0001"
"2023";"02";"250305";"UCAYALI";"PADRE ABAD";"ALEXANDER VON HUMBOLDT";"GOBIERNO REGIONAL";"I-1";"00005421";"EL MILAGRO KM   83";"NE_0001";"";"NE_0001";"NE_0001";"NE_0001";"NE_0001";"NE_0001";"NE_0001";"NE_0001"
"2023";"02";"250304";"UCAYALI";"PADRE ABAD";"NESHUYA";"GOBIERNO REGIONAL";"I-1";"00005420";"NUEVO SAN JUAN KM. 69";"NE_0001";"";"NE_0001";"NE_0001";"NE_0001";"NE_0001";"NE_0001";"NE_0001";"NE_0001"
"2023";"02";"250304";"UCAYALI";"PADRE ABAD";"NESHUYA";"GOBIERNO REGIONAL";"I-1";"00005419";"LA UNION";"NE_0001";"";"NE_0001";"NE_0001";"NE_0001";"NE_0001";"NE_0001";"NE_0001";"NE_0001"
"2023";"02";"250304";"UCAYALI";"PADRE ABAD";"NESHUYA";"GOBIERNO REGIONAL";"I-2";"00005418";"MONTE DE LOS OLIVOS";"NE_0001";"";"NE_0001";"NE_0001";"NE_0001";"NE_0001";"NE_0001";"NE_0001";"NE_0001"
"2023";"02";"250304";"UCAYALI";"PADRE ABAD";"NESHUYA";"GOBIERNO REGIONAL";"I-1";"00005417";"SAN JUAN KM. 71";"NE_0001";"";"NE_0001";"NE_0001";"NE_0001";"NE_0001";"NE_0001";"NE_0001";"NE_0001"
"2023";"02";"250305";"UCAYALI";"PADRE ABAD";"ALEXANDER VON HUMBOLDT";"GOBIERNO REGIONAL";"I-2";"00005416";"VON HUMBOLTD";"NE_0001";"";"NE_0001";"NE_0001";"NE_0001";"NE_0001";"NE_0001";"NE_0001";"NE_0001"
"2023";"02";"250304";"UCAYALI";"PADRE ABAD";"NESHUYA";"GOBIERNO REGIONAL";"I-3";"00005415";"MONTE ALEGRE-NESHUYA";"NE_0001";"";"NE_0001";"NE_0001";"NE_0001";"NE_0001";"NE_0001";"NE_0001";"NE_0001"
"2023";"07";"150130";"LIMA";"LIMA";"SAN BORJA";"PRIVADO";"I-2";"00024872";"LINE CONTROL CENTER";"NE_0001";"";"NE_0001";"NE_0001";"NE_0001";"NE_0001";"NE_0001";"NE_0001";"NE_0001"
"2023";"07";"100101";"HUANUCO";"HUANUCO";"HUANUCO";"SANIDAD DE LA POLICIA NACIONAL DEL PERU";"I-3";"00011421";"POLICLINICO POLICIAL HUÀNUCO";"NE_0001";"";"NE_0001";"NE_0001";"NE_0001";"NE_0001";"NE_0001";"NE_0001";"NE_0001"
"2023";"08";"150115";"LIMA";"LIMA";"LA VICTORIA";"PRIVADO";"II-E";"00009431";"CLÍNICA SANTA CATALINA";"NE_0002";"";"NE_0002";"NE_0002";"NE_0002";"NE_0002";"NE_0002";"NE_0002";"NE_0002"
"2023";"07";"150140";"LIMA";"LIMA";"SANTIAGO DE SURCO";"PRIVADO";"II-E";"00013064";"CLINICA CEDRON";"240000";"HOSPITALIZACIÓN";"43";"43";"60";"60";"6";"186";"0"
"2023";"05";"190301";"PASCO";"OXAPAMPA";"OXAPAMPA";"GOBIERNO REGIONAL";"II-1";"00000980";"ERNESTO GERMAN GUZMÁN GONZALES";"250200";"UNIDAD DE CUIDADOS CRITICOS UNIDAD DE CUIDADOS INTERMEDIOS GENERAL  (UCIN) ";"11";"11";"91";"91";"2";"101";"0"
"2023";"05";"190301";"PASCO";"OXAPAMPA";"OXAPAMPA";"GOBIERNO REGIONAL";"II-1";"00000980";"ERNESTO GERMAN GUZMÁN GONZALES";"241800";"HOSPITALIZACIÓN DE MEDICINA MEDICINA GENERAL ";"15";"15";"112";"112";"2";"122";"6"
"2023";"05";"190301";"PASCO";"OXAPAMPA";"OXAPAMPA";"GOBIERNO REGIONAL";"II-1";"00000980";"ERNESTO GERMAN GUZMÁN GONZALES";"240100";"HOSPITALIZACIÓN QUIRÚRGICA CIRUGÍA GENERAL ";"14";"14";"50";"50";"5";"155";"0"
"2023";"05";"190301";"PASCO";"OXAPAMPA";"OXAPAMPA";"GOBIERNO REGIONAL";"II-1";"00000980";"ERNESTO GERMAN GUZMÁN GONZALES";"241200";"HOSPITALIZACIÓN QUIRÚRGICA TRAUMATOLOGÍA Y ORTOPEDIA ";"9";"9";"52";"52";"1";"62";"0"
"2023";"05";"190301";"PASCO";"OXAPAMPA";"OXAPAMPA";"GOBIERNO REGIONAL";"II-1";"00000980";"ERNESTO GERMAN GUZMÁN GONZALES";"241400";"HOSPITALIZACIÓN QUIRÚRGICA GINECO - OBSTETRICIA ";"65";"65";"131";"131";"4";"186";"0"
"2023";"05";"190301";"PASCO";"OXAPAMPA";"OXAPAMPA";"GOBIERNO REGIONAL";"II-1";"00000980";"ERNESTO GERMAN GUZMÁN GONZALES";"242500";"HOSPITALIZACIÓN-PEDIATRÍA GENERAL-";"7";"7";"16";"16";"2";"62";"0"
"2023";"05";"190301";"PASCO";"OXAPAMPA";"OXAPAMPA";"GOBIERNO REGIONAL";"II-1";"00000980";"ERNESTO GERMAN GUZMÁN GONZALES";"243200";"HOSPITALIZACIÓN DE PEDIATRÍA PEDIATRIA NEONATOLOGÍA";"7";"7";"42";"42";"3";"93";"1"
"2023";"08";"060612";"CAJAMARCA";"CUTERVO";"SANTO DOMINGO DE LA CAPILLA";"GOBIERNO REGIONAL";"I-1";"00006861";"CHAUPECRUZ";"NE_0001";"";"NE_0001";"NE_0001";"NE_0001";"NE_0001";"NE_0001";"NE_0001";"NE_0001"
"2023";"08";"060602";"CAJAMARCA";"CUTERVO";"CALLAYUC";"GOBIERNO REGIONAL";"I-1";"00004963";"SANTA CLARA";"NE_0001";"";"NE_0001";"NE_0001";"NE_0001";"NE_0001";"NE_0001";"NE_0001";"NE_0001"
"2023";"08";"060612";"CAJAMARCA";"CUTERVO";"SANTO DOMINGO DE LA CAPILLA";"GOBIERNO REGIONAL";"I-1";"00005004";"SAN PEDRO DE LA CAPILLA";"NE_0001";"";"NE_0001";"NE_0001";"NE_0001";"NE_0001";"NE_0001";"NE_0001";"NE_0001"
"2023";"08";"060612";"CAJAMARCA";"CUTERVO";"SANTO DOMINGO DE LA CAPILLA";"GOBIERNO REGIONAL";"I-1";"00006960";"PAN DE AZUCAR";"NE_0001";"";"NE_0001";"NE_0001";"NE_0001";"NE_0001";"NE_0001";"NE_0001";"NE_0001"
"2023";"08";"060612";"CAJAMARCA";"CUTERVO";"SANTO DOMINGO DE LA CAPILLA";"GOBIERNO REGIONAL";"I-1";"00007370";"CEDROPAMPA";"NE_0001";"";"NE_0001";"NE_0001";"NE_0001";"NE_0001";"NE_0001";"NE_0001";"NE_0001"
"2023";"08";"060612";"CAJAMARCA";"CUTERVO";"SANTO DOMINGO DE LA CAPILLA";"GOBIERNO REGIONAL";"I-1";"00005005";"SANTA ROSA DE LA CAPILLA";"NE_0001";"";"NE_0001";"NE_0001";"NE_0001";"NE_0001";"NE_0001";"NE_0001";"NE_0001"
"2023";"08";"060612";"CAJAMARCA";"CUTERVO";"SANTO DOMINGO DE LA CAPILLA";"GOBIERNO REGIONAL";"I-1";"00006862";"PALO QUEMADO";"NE_0001";"";"NE_0001";"NE_0001";"NE_0001";"NE_0001";"NE_0001";"NE_0001";"NE_0001"
"2023";"08";"060612";"CAJAMARCA";"CUTERVO";"SANTO DOMINGO DE LA CAPILLA";"GOBIERNO REGIONAL";"I-1";"00006958";"PLAYA HERMOZA";"NE_0001";"";"NE_0001";"NE_0001";"NE_0001";"NE_0001";"NE_0001";"NE_0001";"NE_0001"
"2023";"08";"060612";"CAJAMARCA";"CUTERVO";"SANTO DOMINGO DE LA CAPILLA";"GOBIERNO REGIONAL";"I-3";"00005002";"STO. DOMINGO DE LA CAPILLA";"NE_0001";"";"NE_0001";"NE_0001";"NE_0001";"NE_0001";"NE_0001";"NE_0001";"NE_0001"
"2023";"08";"060612";"CAJAMARCA";"CUTERVO";"SANTO DOMINGO DE LA CAPILLA";"GOBIERNO REGIONAL";"I-1";"00005003";"MIRAFLORES";"NE_0001";"";"NE_0001";"NE_0001";"NE_0001";"NE_0001";"NE_0001";"NE_0001";"NE_0001"
"2023";"08";"060612";"CAJAMARCA";"CUTERVO";"SANTO DOMINGO DE LA CAPILLA";"GOBIERNO REGIONAL";"I-1";"00006863";"NARANJOS";"NE_0001";"";"NE_0001";"NE_0001";"NE_0001";"NE_0001";"NE_0001";"NE_0001";"NE_0001"
"2023";"08";"060612";"CAJAMARCA";"CUTERVO";"SANTO DOMINGO DE LA CAPILLA";"GOBIERNO REGIONAL";"I-1";"00006864";"NARANJOYACU";"NE_0001";"";"NE_0001";"NE_0001";"NE_0001";"NE_0001";"NE_0001";"NE_0001";"NE_0001"
"2023";"08";"060612";"CAJAMARCA";"CUTERVO";"SANTO DOMINGO DE LA CAPILLA";"GOBIERNO REGIONAL";"I-1";"00008924";"NUEVO ORIENTE DE LA CAPILLA";"NE_0001";"";"NE_0001";"NE_0001";"NE_0001";"NE_0001";"NE_0001";"NE_0001";"NE_0001"
"2023";"08";"130901";"LA LIBERTAD";"SANCHEZ CARRION";"HUAMACHUCO";"GOBIERNO REGIONAL";"I-1";"00018123";"EL OLIVO";"NE_0001";"";"NE_0001";"NE_0001";"NE_0001";"NE_0001";"NE_0001";"NE_0001";"NE_0001"
"2023";"08";"060807";"CAJAMARCA";"JAEN";"POMAHUACA";"GOBIERNO REGIONAL";"I-1";"00016134";"COLAGUAY";"NE_0001";"";"NE_0001";"NE_0001";"NE_0001";"NE_0001";"NE_0001";"NE_0001";"NE_0001"
"2023";"08";"060807";"CAJAMARCA";"JAEN";"POMAHUACA";"GOBIERNO REGIONAL";"I-1";"00027935";"TAYAS";"NE_0001";"";"NE_0001";"NE_0001";"NE_0001";"NE_0001";"NE_0001";"NE_0001";"NE_0001"
"2023";"08";"060807";"CAJAMARCA";"JAEN";"POMAHUACA";"GOBIERNO REGIONAL";"I-3";"00004247";"POMAHUACA";"NE_0001";"";"NE_0001";"NE_0001";"NE_0001";"NE_0001";"NE_0001";"NE_0001";"NE_0001"
"2023";"08";"060807";"CAJAMARCA";"JAEN";"POMAHUACA";"GOBIERNO REGIONAL";"I-1";"00016139";"YAMBOLON";"NE_0001";"";"NE_0001";"NE_0001";"NE_0001";"NE_0001";"NE_0001";"NE_0001";"NE_0001"
"2023";"08";"060807";"CAJAMARCA";"JAEN";"POMAHUACA";"GOBIERNO REGIONAL";"I-1";"00007166";"MANGAYPA";"NE_0001";"";"NE_0001";"NE_0001";"NE_0001";"NE_0001";"NE_0001";"NE_0001";"NE_0001"
"2023";"08";"060101";"CAJAMARCA";"CAJAMARCA";"CAJAMARCA";"ESSALUD";"II-2";"00010272";"HOSPITAL II CAJAMARCA";"241800";"HOSPITALIZACIÓN DE MEDICINA MEDICINA GENERAL ";"50";"46";"509";"482";"17";"527";"2"
"2023";"08";"060101";"CAJAMARCA";"CAJAMARCA";"CAJAMARCA";"ESSALUD";"II-2";"00010272";"HOSPITAL II CAJAMARCA";"240100";"HOSPITALIZACIÓN QUIRÚRGICA CIRUGÍA GENERAL ";"147";"148";"394";"369";"14";"434";"0"
"2023";"08";"060101";"CAJAMARCA";"CAJAMARCA";"CAJAMARCA";"ESSALUD";"II-2";"00010272";"HOSPITAL II CAJAMARCA";"241500";"HOSPITALIZACIÓN QUIRÚRGICA GINECOLOGÍA  ";"36";"36";"108";"107";"4";"124";"0"
"2023";"08";"060101";"CAJAMARCA";"CAJAMARCA";"CAJAMARCA";"ESSALUD";"II-2";"00010272";"HOSPITAL II CAJAMARCA";"241600";"HOSPITALIZACIÓN QUIRÚRGICA OBSTETRICIA   ";"152";"149";"298";"290";"16";"496";"0"
"2023";"08";"060101";"CAJAMARCA";"CAJAMARCA";"CAJAMARCA";"ESSALUD";"II-2";"00010272";"HOSPITAL II CAJAMARCA";"242300";"HOSPITALIZACIÓN DE PEDIATRÍA  PEDIATRÍA  GENERAL ";"44";"39";"121";"149";"7";"217";"0"
"2023";"08";"060101";"CAJAMARCA";"CAJAMARCA";"CAJAMARCA";"ESSALUD";"II-2";"00010272";"HOSPITAL II CAJAMARCA";"243200";"HOSPITALIZACIÓN DE PEDIATRÍA PEDIATRIA NEONATOLOGÍA";"29";"29";"80";"77";"6";"186";"0"
"2023";"08";"060101";"CAJAMARCA";"CAJAMARCA";"CAJAMARCA";"ESSALUD";"II-2";"00010272";"HOSPITAL II CAJAMARCA";"250100";"UNIDAD DE CUIDADOS CRITICOS UNIDAD  DE CUIDADOS INTENSIVOS GENERALES (UCI) ";"1";"1";"28";"175";"6";"186";"0"
"2023";"08";"060101";"CAJAMARCA";"CAJAMARCA";"CAJAMARCA";"ESSALUD";"II-2";"00010272";"HOSPITAL II CAJAMARCA";"250304";"HOSPIT. EN UNIDAD DE CUID.INTEN.-UNIDAD DE VIGILANCIA INTENSIVA (UVI)-MEDICINA";"7";"3";"59";"117";"4";"124";"2"
"2023";"08";"070101";"CALLAO";"CALLAO";"CALLAO";"GOBIERNO REGIONAL";"I-2";"00006242";"PUESTO DE SALUD PLAYA RIMAC";"NE_0001";"";"NE_0001";"NE_0001";"NE_0001";"NE_0001";"NE_0001";"NE_0001";"NE_0001"
"2023";"08";"070101";"CALLAO";"CALLAO";"CALLAO";"GOBIERNO REGIONAL";"I-2";"00006248";"PUESTO DE SALUD POLIGONO IV";"NE_0001";"";"NE_0001";"NE_0001";"NE_0001";"NE_0001";"NE_0001";"NE_0001";"NE_0001"
"2023";"08";"070101";"CALLAO";"CALLAO";"CALLAO";"GOBIERNO REGIONAL";"I-2";"00006241";"PUESTO DE SALUD AEROPUERTO";"NE_0001";"";"NE_0001";"NE_0001";"NE_0001";"NE_0001";"NE_0001";"NE_0001";"NE_0001"
"2023";"08";"150101";"LIMA";"LIMA";"LIMA";"MINSA";"III-E";"00006215";"HOSPITAL NACIONAL DOCENTE MADRE NIÑO SAN BARTOLOME";"240100";"HOSPITALIZACIÓN QUIRÚRGICA CIRUGÍA GENERAL ";"84";"80";"323";"515";"32";"992";"0"
"2023";"08";"150101";"LIMA";"LIMA";"LIMA";"MINSA";"III-E";"00006215";"HOSPITAL NACIONAL DOCENTE MADRE NIÑO SAN BARTOLOME";"241400";"HOSPITALIZACIÓN QUIRÚRGICA GINECO - OBSTETRICIA ";"90";"3";"4";"170";"6";"175";"0"
"2023";"08";"150101";"LIMA";"LIMA";"LIMA";"MINSA";"III-E";"00006215";"HOSPITAL NACIONAL DOCENTE MADRE NIÑO SAN BARTOLOME";"241500";"HOSPITALIZACIÓN QUIRÚRGICA GINECOLOGÍA  ";"105";"110";"308";"290";"17";"527";"0"
"2023";"08";"150101";"LIMA";"LIMA";"LIMA";"MINSA";"III-E";"00006215";"HOSPITAL NACIONAL DOCENTE MADRE NIÑO SAN BARTOLOME";"241600";"HOSPITALIZACIÓN QUIRÚRGICA OBSTETRICIA   ";"312";"399";"1545";"1485";"70";"2170";"0"
"2023";"08";"150101";"LIMA";"LIMA";"LIMA";"MINSA";"III-E";"00006215";"HOSPITAL NACIONAL DOCENTE MADRE NIÑO SAN BARTOLOME";"242100";"HOSPITALIZACIÓN DE MEDICINA ONCOLOGÍA MÉDICA ";"35";"37";"112";"92";"4";"124";"0"
"2023";"08";"150101";"LIMA";"LIMA";"LIMA";"MINSA";"III-E";"00006215";"HOSPITAL NACIONAL DOCENTE MADRE NIÑO SAN BARTOLOME";"242500";"HOSPITALIZACIÓN-PEDIATRÍA GENERAL-";"32";"32";"376";"594";"21";"631";"0"
"2023";"08";"150101";"LIMA";"LIMA";"LIMA";"MINSA";"III-E";"00006215";"HOSPITAL NACIONAL DOCENTE MADRE NIÑO SAN BARTOLOME";"243200";"HOSPITALIZACIÓN DE PEDIATRÍA PEDIATRIA NEONATOLOGÍA";"61";"69";"812";"455";"17";"514";"0"
"2023";"08";"150101";"LIMA";"LIMA";"LIMA";"MINSA";"III-E";"00006215";"HOSPITAL NACIONAL DOCENTE MADRE NIÑO SAN BARTOLOME";"250105";"UNIDAD DE CUIDADOS CRITICOS UNIDAD  DE CUIDADOS INTENSIVOS  (UCI) NEONATOLOGÍA";"12";"3";"23";"329";"12";"372";"2"
"2023";"08";"150101";"LIMA";"LIMA";"LIMA";"MINSA";"III-E";"00006215";"HOSPITAL NACIONAL DOCENTE MADRE NIÑO SAN BARTOLOME";"250108";"UNIDAD DE CUIDADOS CRITICOS UNIDAD  DE CUIDADOS INTENSIVOS  (UCI) PEDIÁTRICA";"4";"2";"92";"212";"7";"217";"0"
"2023";"08";"080108";"CUSCO";"CUSCO";"WANCHAQ";"ESSALUD";"III-1";"00010041";"ADOLFO GUEVARA VELASCO";"241900";"HOSPITALIZACIÓN DE MEDICINA MEDICINA INTERNA ";"109";"95";"1116";"1325";"46";"1426";"14"
"2023";"08";"080108";"CUSCO";"CUSCO";"WANCHAQ";"ESSALUD";"III-1";"00010041";"ADOLFO GUEVARA VELASCO";"241900";"HOSPITALIZACIÓN DE MEDICINA MEDICINA INTERNA ";"30";"29";"227";"275";"9";"279";"2"
"2023";"08";"080108";"CUSCO";"CUSCO";"WANCHAQ";"ESSALUD";"III-1";"00010041";"ADOLFO GUEVARA VELASCO";"241900";"HOSPITALIZACIÓN DE MEDICINA MEDICINA INTERNA ";"16";"22";"270";"230";"8";"248";"1"
"2023";"08";"080108";"CUSCO";"CUSCO";"WANCHAQ";"ESSALUD";"III-1";"00010041";"ADOLFO GUEVARA VELASCO";"242100";"HOSPITALIZACIÓN DE MEDICINA ONCOLOGÍA MÉDICA ";"97";"96";"620";"606";"20";"620";"4"
"2023";"08";"080108";"CUSCO";"CUSCO";"WANCHAQ";"ESSALUD";"III-1";"00010041";"ADOLFO GUEVARA VELASCO";"240200";"HOSPITALIZACIÓN QUIRÚRGICA CIRUGÍA DE CABEZA Y CUELLO / MÁXILO FACIAL ";"13";"16";"115";"120";"4";"124";"0"
"2023";"08";"080108";"CUSCO";"CUSCO";"WANCHAQ";"ESSALUD";"III-1";"00010041";"ADOLFO GUEVARA VELASCO";"240400";"HOSPITALIZACIÓN QUIRÚRGICA CIRUGÍA DE TÓRAX Y CARDIOVASCULAR ";"21";"21";"132";"171";"6";"186";"0"
"2023";"08";"080108";"CUSCO";"CUSCO";"WANCHAQ";"ESSALUD";"III-1";"00010041";"ADOLFO GUEVARA VELASCO";"241000";"HOSPITALIZACIÓN QUIRÚRGICA ONCOLOGÍA QUIRÚRGICA  ";"33";"39";"157";"157";"6";"186";"0"
"2023";"08";"080108";"CUSCO";"CUSCO";"WANCHAQ";"ESSALUD";"III-1";"00010041";"ADOLFO GUEVARA VELASCO";"240100";"HOSPITALIZACIÓN QUIRÚRGICA CIRUGÍA GENERAL ";"249";"244";"681";"634";"22";"682";"1"
"2023";"08";"080108";"CUSCO";"CUSCO";"WANCHAQ";"ESSALUD";"III-1";"00010041";"ADOLFO GUEVARA VELASCO";"240800";"HOSPITALIZACIÓN QUIRÚRGICA CIRUGÍA PLÁSTICA/RECONSTRUCTIVA/ REPARADORA ";"3";"4";"93";"46";"2";"62";"0"
"2023";"08";"080108";"CUSCO";"CUSCO";"WANCHAQ";"ESSALUD";"III-1";"00010041";"ADOLFO GUEVARA VELASCO";"240900";"HOSPITALIZACIÓN QUIRÚRGICA NEUROCIRUGÍA ";"33";"38";"492";"374";"13";"403";"0"
"2023";"08";"080108";"CUSCO";"CUSCO";"WANCHAQ";"ESSALUD";"III-1";"00010041";"ADOLFO GUEVARA VELASCO";"241200";"HOSPITALIZACIÓN QUIRÚRGICA TRAUMATOLOGÍA Y ORTOPEDIA ";"113";"111";"689";"749";"25";"775";"0"
"2023";"08";"080108";"CUSCO";"CUSCO";"WANCHAQ";"ESSALUD";"III-1";"00010041";"ADOLFO GUEVARA VELASCO";"241100";"HOSPITALIZACIÓN QUIRÚRGICA OTORRINOLARINGOLOGÍA  ";"42";"46";"198";"193";"7";"217";"0"
"2023";"08";"080108";"CUSCO";"CUSCO";"WANCHAQ";"ESSALUD";"III-1";"00010041";"ADOLFO GUEVARA VELASCO";"241300";"HOSPITALIZACIÓN QUIRÚRGICA UROLOGÍA  ";"74";"72";"361";"371";"12";"372";"0"
"2023";"08";"080108";"CUSCO";"CUSCO";"WANCHAQ";"ESSALUD";"III-1";"00010041";"ADOLFO GUEVARA VELASCO";"241500";"HOSPITALIZACIÓN QUIRÚRGICA GINECOLOGÍA  ";"143";"135";"391";"382";"16";"496";"0"
"2023";"08";"080108";"CUSCO";"CUSCO";"WANCHAQ";"ESSALUD";"III-1";"00010041";"ADOLFO GUEVARA VELASCO";"241600";"HOSPITALIZACIÓN QUIRÚRGICA OBSTETRICIA   ";"239";"241";"712";"689";"30";"930";"0"
"2023";"08";"080108";"CUSCO";"CUSCO";"WANCHAQ";"ESSALUD";"III-1";"00010041";"ADOLFO GUEVARA VELASCO";"242300";"HOSPITALIZACIÓN DE PEDIATRÍA  PEDIATRÍA  GENERAL ";"60";"64";"582";"440";"17";"527";"1"
"2023";"08";"080108";"CUSCO";"CUSCO";"WANCHAQ";"ESSALUD";"III-1";"00010041";"ADOLFO GUEVARA VELASCO";"240700";"HOSPITALIZACIÓN QUIRÚRGICA CIRUGÍA PEDIÁTRICA ";"23";"20";"121";"177";"9";"279";"0"
"2023";"08";"080108";"CUSCO";"CUSCO";"WANCHAQ";"ESSALUD";"III-1";"00010041";"ADOLFO GUEVARA VELASCO";"250100";"UNIDAD DE CUIDADOS CRITICOS UNIDAD  DE CUIDADOS INTENSIVOS GENERALES (UCI) ";"35";"15";"164";"197";"12";"372";"13"
"2023";"08";"080108";"CUSCO";"CUSCO";"WANCHAQ";"ESSALUD";"III-1";"00010041";"ADOLFO GUEVARA VELASCO";"250108";"UNIDAD DE CUIDADOS CRITICOS UNIDAD  DE CUIDADOS INTENSIVOS  (UCI) PEDIÁTRICA";"2";"0";"0";"23";"3";"93";"0"
"2023";"08";"080108";"CUSCO";"CUSCO";"WANCHAQ";"ESSALUD";"III-1";"00010041";"ADOLFO GUEVARA VELASCO";"250105";"UNIDAD DE CUIDADOS CRITICOS UNIDAD  DE CUIDADOS INTENSIVOS  (UCI) NEONATOLOGÍA";"21";"5";"42";"78";"10";"310";"0"
"2023";"08";"080108";"CUSCO";"CUSCO";"WANCHAQ";"ESSALUD";"III-1";"00010041";"ADOLFO GUEVARA VELASCO";"250200";"UNIDAD DE CUIDADOS CRITICOS UNIDAD DE CUIDADOS INTERMEDIOS GENERAL  (UCIN) ";"3";"2";"33";"161";"8";"248";"0"
"2023";"08";"080108";"CUSCO";"CUSCO";"WANCHAQ";"ESSALUD";"III-1";"00010041";"ADOLFO GUEVARA VELASCO";"250105";"UNIDAD DE CUIDADOS CRITICOS UNIDAD  DE CUIDADOS INTENSIVOS  (UCI) NEONATOLOGÍA";"2";"15";"190";"156";"8";"248";"3"
"2023";"08";"080108";"CUSCO";"CUSCO";"WANCHAQ";"ESSALUD";"III-1";"00010041";"ADOLFO GUEVARA VELASCO";"250105";"UNIDAD DE CUIDADOS CRITICOS UNIDAD  DE CUIDADOS INTENSIVOS  (UCI) NEONATOLOGÍA";"3";"18";"174";"204";"8";"248";"0"
"2023";"08";"080108";"CUSCO";"CUSCO";"WANCHAQ";"ESSALUD";"III-1";"00010041";"ADOLFO GUEVARA VELASCO";"250105";"UNIDAD DE CUIDADOS CRITICOS UNIDAD  DE CUIDADOS INTENSIVOS  (UCI) NEONATOLOGÍA";"1";"16";"162";"143";"8";"248";"0"
"2023";"08";"150122";"LIMA";"LIMA";"MIRAFLORES";"PRIVADO";"II-E";"00011849";"CLINICA MIRAFLORES SAC";"250200";"UNIDAD DE CUIDADOS CRITICOS UNIDAD DE CUIDADOS INTERMEDIOS GENERAL  (UCIN) ";"1";"1";"5";"6";"1";"31";"0"
"2023";"08";"150122";"LIMA";"LIMA";"MIRAFLORES";"PRIVADO";"II-E";"00011849";"CLINICA MIRAFLORES SAC";"243200";"HOSPITALIZACIÓN DE PEDIATRÍA PEDIATRIA NEONATOLOGÍA";"5";"6";"16";"21";"6";"186";"0"
"2023";"08";"150122";"LIMA";"LIMA";"MIRAFLORES";"PRIVADO";"II-E";"00011849";"CLINICA MIRAFLORES SAC";"240000";"HOSPITALIZACIÓN";"25";"27";"50";"70";"10";"310";"0"
"2023";"08";"120114";"JUNIN";"HUANCAYO";"EL TAMBO";"PRIVADO";"II-E";"00028966";"CLÍNICA ESPECIALIZADA MIRANDA";"241200";"HOSPITALIZACIÓN QUIRÚRGICA TRAUMATOLOGÍA Y ORTOPEDIA ";"12";"12";"12";"26";"9";"26";"0"
"2023";"08";"120114";"JUNIN";"HUANCAYO";"EL TAMBO";"PRIVADO";"II-E";"00028966";"CLÍNICA ESPECIALIZADA MIRANDA";"245400";"HOSPITALIZACIÓN DE MEDICINA GINECOLOGIA ";"13";"13";"13";"30";"9";"30";"0"
"2023";"08";"120114";"JUNIN";"HUANCAYO";"EL TAMBO";"PRIVADO";"II-E";"00028966";"CLÍNICA ESPECIALIZADA MIRANDA";"240100";"HOSPITALIZACIÓN QUIRÚRGICA CIRUGÍA GENERAL ";"34";"34";"34";"70";"9";"70";"0"
"2023";"03";"021809";"ANCASH";"SANTA";"NUEVO CHIMBOTE";"PRIVADO";"II-E";"00010475";"CENTRO MEDICO ESPECIALIZADO CLINICA DE LA MUJER Y EL NIÑO EIRL";"241400";"HOSPITALIZACIÓN QUIRÚRGICA GINECO - OBSTETRICIA ";"17";"17";"36";"50";"5";"155";"0"
"2023";"03";"130101";"LA LIBERTAD";"TRUJILLO";"TRUJILLO";"PRIVADO";"II-1";"00013395";"CLÍNICA MATERNO INFANTIL DEL NORTE S.A";"241400";"HOSPITALIZACIÓN QUIRÚRGICA GINECO - OBSTETRICIA ";"64";"69";"164";"64";"13";"403";"0"
"2023";"03";"130101";"LA LIBERTAD";"TRUJILLO";"TRUJILLO";"PRIVADO";"II-1";"00013395";"CLÍNICA MATERNO INFANTIL DEL NORTE S.A";"242300";"HOSPITALIZACIÓN DE PEDIATRÍA  PEDIATRÍA  GENERAL ";"1";"1";"4";"1";"13";"403";"0"
"2023";"03";"130101";"LA LIBERTAD";"TRUJILLO";"TRUJILLO";"PRIVADO";"II-1";"00013395";"CLÍNICA MATERNO INFANTIL DEL NORTE S.A";"240100";"HOSPITALIZACIÓN QUIRÚRGICA CIRUGÍA GENERAL ";"4";"5";"9";"4";"13";"403";"0"
"2023";"04";"190109";"PASCO";"PASCO";"SIMON BOLIVAR";"ESSALUD";"II-2";"00009747";"HOSPITAL II PASCO";"241800";"HOSPITALIZACIÓN DE MEDICINA MEDICINA GENERAL ";"65";"65";"257";"276";"12";"360";"0"
"2023";"04";"190109";"PASCO";"PASCO";"SIMON BOLIVAR";"ESSALUD";"II-2";"00009747";"HOSPITAL II PASCO";"250100";"UNIDAD DE CUIDADOS CRITICOS UNIDAD  DE CUIDADOS INTENSIVOS GENERALES (UCI) ";"12";"11";"49";"50";"3";"90";"2"
"2023";"04";"190109";"PASCO";"PASCO";"SIMON BOLIVAR";"ESSALUD";"II-2";"00009747";"HOSPITAL II PASCO";"240100";"HOSPITALIZACIÓN QUIRÚRGICA CIRUGÍA GENERAL ";"67";"67";"243";"265";"13";"390";"0"
"2023";"04";"190109";"PASCO";"PASCO";"SIMON BOLIVAR";"ESSALUD";"II-2";"00009747";"HOSPITAL II PASCO";"241400";"HOSPITALIZACIÓN QUIRÚRGICA GINECO - OBSTETRICIA ";"72";"72";"156";"143";"8";"240";"0"
"2023";"04";"190109";"PASCO";"PASCO";"SIMON BOLIVAR";"ESSALUD";"II-2";"00009747";"HOSPITAL II PASCO";"242300";"HOSPITALIZACIÓN DE PEDIATRÍA  PEDIATRÍA  GENERAL ";"52";"52";"167";"192";"7";"210";"0"
"2023";"04";"190109";"PASCO";"PASCO";"SIMON BOLIVAR";"ESSALUD";"II-2";"00009747";"HOSPITAL II PASCO";"243200";"HOSPITALIZACIÓN DE PEDIATRÍA PEDIATRIA NEONATOLOGÍA";"63";"63";"166";"159";"12";"360";"0"
"2023";"04";"140112";"LAMBAYEQUE";"CHICLAYO";"PIMENTEL";"ESSALUD";"II-1";"00011020";"HOSPITAL II LUIS HEYSEN INCHAUSTEGUI";"250300";"UNIDAD DE CUIDADOS CRITICOS UNIDAD DE VIGILANCIA INTENSIVA  CLINICA (UVIC) ";"3";"1";"8";"98";"6";"180";"0"
"2023";"04";"140112";"LAMBAYEQUE";"CHICLAYO";"PIMENTEL";"ESSALUD";"II-1";"00011020";"HOSPITAL II LUIS HEYSEN INCHAUSTEGUI";"241900";"HOSPITALIZACIÓN DE MEDICINA MEDICINA INTERNA ";"93";"92";"1135";"975";"34";"1009";"14"
"2023";"04";"140112";"LAMBAYEQUE";"CHICLAYO";"PIMENTEL";"ESSALUD";"II-1";"00011020";"HOSPITAL II LUIS HEYSEN INCHAUSTEGUI";"240100";"HOSPITALIZACIÓN QUIRÚRGICA CIRUGÍA GENERAL ";"284";"303";"1105";"937";"43";"1294";"0"
"2023";"04";"140112";"LAMBAYEQUE";"CHICLAYO";"PIMENTEL";"ESSALUD";"II-1";"00011020";"HOSPITAL II LUIS HEYSEN INCHAUSTEGUI";"241400";"HOSPITALIZACIÓN QUIRÚRGICA GINECO - OBSTETRICIA ";"373";"363";"861";"847";"37";"1117";"0"
"2023";"04";"140112";"LAMBAYEQUE";"CHICLAYO";"PIMENTEL";"ESSALUD";"II-1";"00011020";"HOSPITAL II LUIS HEYSEN INCHAUSTEGUI";"242300";"HOSPITALIZACIÓN DE PEDIATRÍA  PEDIATRÍA  GENERAL ";"112";"114";"463";"580";"24";"720";"0"
"2023";"04";"080901";"CUSCO";"LA CONVENCION";"SANTA ANA";"GOBIERNO REGIONAL";"II-1";"00002421";"QUILLABAMBA";"240100";"HOSPITALIZACIÓN QUIRÚRGICA CIRUGÍA GENERAL ";"101";"107";"714";"650";"30";"900";"1"
"2023";"04";"080901";"CUSCO";"LA CONVENCION";"SANTA ANA";"GOBIERNO REGIONAL";"II-1";"00002421";"QUILLABAMBA";"241400";"HOSPITALIZACIÓN QUIRÚRGICA GINECO - OBSTETRICIA ";"126";"133";"316";"302";"31";"930";"0"
"2023";"04";"080901";"CUSCO";"LA CONVENCION";"SANTA ANA";"GOBIERNO REGIONAL";"II-1";"00002421";"QUILLABAMBA";"241800";"HOSPITALIZACIÓN DE MEDICINA MEDICINA GENERAL ";"101";"98";"461";"480";"32";"960";"10"
"2023";"04";"080901";"CUSCO";"LA CONVENCION";"SANTA ANA";"GOBIERNO REGIONAL";"II-1";"00002421";"QUILLABAMBA";"242500";"HOSPITALIZACIÓN-PEDIATRÍA GENERAL-";"51";"55";"203";"166";"25";"750";"0"
"2023";"04";"080901";"CUSCO";"LA CONVENCION";"SANTA ANA";"GOBIERNO REGIONAL";"II-1";"00002421";"QUILLABAMBA";"242200";"HOSPITALIZACIÓN DE MEDICINA PSIQUIATRÍA ";"14";"11";"210";"249";"10";"300";"0"
"2023";"04";"210601";"PUNO";"HUANCANE";"HUANCANE";"GOBIERNO REGIONAL";"II-1";"00003068";"HOSPITAL LUCIO ALDAZABAL PAUCA";"240100";"HOSPITALIZACIÓN QUIRÚRGICA CIRUGÍA GENERAL ";"12";"12";"29";"29";"4";"120";"1"
"2023";"04";"210601";"PUNO";"HUANCANE";"HUANCANE";"GOBIERNO REGIONAL";"II-1";"00003068";"HOSPITAL LUCIO ALDAZABAL PAUCA";"241500";"HOSPITALIZACIÓN QUIRÚRGICA GINECOLOGÍA  ";"39";"39";"85";"85";"4";"120";"0"
"2023";"04";"210601";"PUNO";"HUANCANE";"HUANCANE";"GOBIERNO REGIONAL";"II-1";"00003068";"HOSPITAL LUCIO ALDAZABAL PAUCA";"241600";"HOSPITALIZACIÓN QUIRÚRGICA OBSTETRICIA   ";"14";"14";"35";"35";"5";"150";"0"
"2023";"04";"210601";"PUNO";"HUANCANE";"HUANCANE";"GOBIERNO REGIONAL";"II-1";"00003068";"HOSPITAL LUCIO ALDAZABAL PAUCA";"241800";"HOSPITALIZACIÓN DE MEDICINA MEDICINA GENERAL ";"22";"22";"11";"22";"10";"300";"1"
"2023";"04";"210601";"PUNO";"HUANCANE";"HUANCANE";"GOBIERNO REGIONAL";"II-1";"00003068";"HOSPITAL LUCIO ALDAZABAL PAUCA";"242500";"HOSPITALIZACIÓN-PEDIATRÍA GENERAL-";"9";"9";"14";"14";"3";"90";"0"
"2023";"04";"210601";"PUNO";"HUANCANE";"HUANCANE";"GOBIERNO REGIONAL";"II-1";"00003068";"HOSPITAL LUCIO ALDAZABAL PAUCA";"243200";"HOSPITALIZACIÓN DE PEDIATRÍA PEDIATRIA NEONATOLOGÍA";"4";"4";"8";"8";"3";"90";"0"
"2023";"04";"240201";"TUMBES";"CONTRALMIRANTE VILLAR";"ZORRITOS";"GOBIERNO REGIONAL";"I-1";"00001904";"BOCAPAN.";"NE_0001";"";"NE_0001";"NE_0001";"NE_0001";"NE_0001";"NE_0001";"NE_0001";"NE_0001"
"2023";"04";"240201";"TUMBES";"CONTRALMIRANTE VILLAR";"ZORRITOS";"GOBIERNO REGIONAL";"I-1";"00001901";"GRAU";"NE_0001";"";"NE_0001";"NE_0001";"NE_0001";"NE_0001";"NE_0001";"NE_0001";"NE_0001"
"2023";"04";"240201";"TUMBES";"CONTRALMIRANTE VILLAR";"ZORRITOS";"GOBIERNO REGIONAL";"I-2";"00001903";"ACAPULCO.";"NE_0001";"";"NE_0001";"NE_0001";"NE_0001";"NE_0001";"NE_0001";"NE_0001";"NE_0001"
"2023";"04";"240105";"TUMBES";"TUMBES";"SAN JACINTO";"GOBIERNO REGIONAL";"I-1";"00001907";"CAPITAN HOYLE  *";"NE_0001";"";"NE_0001";"NE_0001";"NE_0001";"NE_0001";"NE_0001";"NE_0001";"NE_0001"
"2023";"04";"240202";"TUMBES";"CONTRALMIRANTE VILLAR";"CASITAS";"GOBIERNO REGIONAL";"I-3";"00001897";"CAÑAVERAL";"NE_0001";"";"NE_0001";"NE_0001";"NE_0001";"NE_0001";"NE_0001";"NE_0001";"NE_0001"
"2023";"04";"240202";"TUMBES";"CONTRALMIRANTE VILLAR";"CASITAS";"GOBIERNO REGIONAL";"I-1";"00001898";"TRIGAL";"NE_0001";"";"NE_0001";"NE_0001";"NE_0001";"NE_0001";"NE_0001";"NE_0001";"NE_0001"
"2023";"04";"240202";"TUMBES";"CONTRALMIRANTE VILLAR";"CASITAS";"GOBIERNO REGIONAL";"I-2";"00001899";"LA CHOZA";"NE_0001";"";"NE_0001";"NE_0001";"NE_0001";"NE_0001";"NE_0001";"NE_0001";"NE_0001"
"2023";"04";"240203";"TUMBES";"CONTRALMIRANTE VILLAR";"CANOAS DE PUNTA SAL";"GOBIERNO REGIONAL";"I-1";"00001905";"BARRANCOS.";"NE_0001";"";"NE_0001";"NE_0001";"NE_0001";"NE_0001";"NE_0001";"NE_0001";"NE_0001"
"2023";"04";"240203";"TUMBES";"CONTRALMIRANTE VILLAR";"CANOAS DE PUNTA SAL";"GOBIERNO REGIONAL";"I-1";"00001906";"PAJARITOS";"NE_0001";"";"NE_0001";"NE_0001";"NE_0001";"NE_0001";"NE_0001";"NE_0001";"NE_0001"
"2023";"04";"240201";"TUMBES";"CONTRALMIRANTE VILLAR";"ZORRITOS";"GOBIERNO REGIONAL";"I-4";"00001900";"ZORRITOS";"241800";"HOSPITALIZACIÓN DE MEDICINA MEDICINA GENERAL ";"3";"3";"6";"4";"1";"30";"0"
"2023";"04";"240201";"TUMBES";"CONTRALMIRANTE VILLAR";"ZORRITOS";"GOBIERNO REGIONAL";"I-4";"00001900";"ZORRITOS";"241600";"HOSPITALIZACIÓN QUIRÚRGICA OBSTETRICIA   ";"5";"5";"12";"9";"1";"30";"0"
"2023";"04";"240203";"TUMBES";"CONTRALMIRANTE VILLAR";"CANOAS DE PUNTA SAL";"GOBIERNO REGIONAL";"I-3";"00001902";"CANCAS";"NE_0001";"";"NE_0001";"NE_0001";"NE_0001";"NE_0001";"NE_0001";"NE_0001";"NE_0001"
"2023";"07";"130101";"LA LIBERTAD";"TRUJILLO";"TRUJILLO";"PRIVADO";"II-E";"00024168";"NORLASER";"NE_0001";"";"NE_0001";"NE_0001";"NE_0001";"NE_0001";"NE_0001";"NE_0001";"NE_0001"
"2023";"07";"130101";"LA LIBERTAD";"TRUJILLO";"TRUJILLO";"GOBIERNO REGIONAL";"III-2";"00005197";"IRO JSU";"NE_0001";"";"NE_0001";"NE_0001";"NE_0001";"NE_0001";"NE_0001";"NE_0001";"NE_0001"
"2023";"08";"220205";"SAN MARTIN";"BELLAVISTA";"SAN PABLO";"GOBIERNO REGIONAL";"I-1";"00006508";"SAN PABLO";"NE_0001";"";"NE_0001";"NE_0001";"NE_0001";"NE_0001";"NE_0001";"NE_0001";"NE_0001"
"2023";"08";"220205";"SAN MARTIN";"BELLAVISTA";"SAN PABLO";"GOBIERNO REGIONAL";"I-2";"00006499";"FAUSA LAMISTA";"NE_0001";"";"NE_0001";"NE_0001";"NE_0001";"NE_0001";"NE_0001";"NE_0001";"NE_0001"
"2023";"08";"220205";"SAN MARTIN";"BELLAVISTA";"SAN PABLO";"GOBIERNO REGIONAL";"I-1";"00006509";"DOS DE MAYO";"NE_0001";"";"NE_0001";"NE_0001";"NE_0001";"NE_0001";"NE_0001";"NE_0001";"NE_0001"
"2023";"08";"220205";"SAN MARTIN";"BELLAVISTA";"SAN PABLO";"GOBIERNO REGIONAL";"I-1";"00029371";"CENTRO AMERICA - SAN PABLO";"NE_0001";"";"NE_0001";"NE_0001";"NE_0001";"NE_0001";"NE_0001";"NE_0001";"NE_0001"
"2023";"08";"220205";"SAN MARTIN";"BELLAVISTA";"SAN PABLO";"GOBIERNO REGIONAL";"I-3";"00006506";"CONSUELO";"NE_0001";"";"NE_0001";"NE_0001";"NE_0001";"NE_0001";"NE_0001";"NE_0001";"NE_0001"
"2023";"08";"220202";"SAN MARTIN";"BELLAVISTA";"ALTO BIAVO";"GOBIERNO REGIONAL";"I-1";"00006525";"CUZCO";"NE_0002";"";"NE_0002";"NE_0002";"NE_0002";"NE_0002";"NE_0002";"NE_0002";"NE_0002"
"2023";"08";"150131";"LIMA";"LIMA";"SAN ISIDRO";"PRIVADO";"II-E";"00009933";"CLINICA OFTALMOLOGICA MACULA D&T";"NE_0001";"";"NE_0001";"NE_0001";"NE_0001";"NE_0001";"NE_0001";"NE_0001";"NE_0001"
"2023";"08";"220205";"SAN MARTIN";"BELLAVISTA";"SAN PABLO";"GOBIERNO REGIONAL";"I-1";"00006507";"FAUSA SAPINA";"NE_0001";"";"NE_0001";"NE_0001";"NE_0001";"NE_0001";"NE_0001";"NE_0001";"NE_0001"
"2023";"08";"220202";"SAN MARTIN";"BELLAVISTA";"ALTO BIAVO";"GOBIERNO REGIONAL";"I-2";"00006524";"BARRANCA";"NE_0002";"";"NE_0002";"NE_0002";"NE_0002";"NE_0002";"NE_0002";"NE_0002";"NE_0002"
"2023";"08";"220202";"SAN MARTIN";"BELLAVISTA";"ALTO BIAVO";"GOBIERNO REGIONAL";"I-1";"00006526";"INCAICO";"NE_0002";"";"NE_0002";"NE_0002";"NE_0002";"NE_0002";"NE_0002";"NE_0002";"NE_0002"
"2023";"08";"220202";"SAN MARTIN";"BELLAVISTA";"ALTO BIAVO";"GOBIERNO REGIONAL";"I-1";"00006527";"JOSE OLAYA";"NE_0002";"";"NE_0002";"NE_0002";"NE_0002";"NE_0002";"NE_0002";"NE_0002";"NE_0002"
"2023";"08";"220506";"SAN MARTIN";"LAMAS";"PINTO RECODO";"GOBIERNO REGIONAL";"I-1";"00006343";"GOSEN";"NE_0001";"";"NE_0001";"NE_0001";"NE_0001";"NE_0001";"NE_0001";"NE_0001";"NE_0001"
"2023";"08";"220506";"SAN MARTIN";"LAMAS";"PINTO RECODO";"GOBIERNO REGIONAL";"I-1";"00006344";"LA LIBERTAD BAJO MAYO";"NE_0001";"";"NE_0001";"NE_0001";"NE_0001";"NE_0001";"NE_0001";"NE_0001";"NE_0001"
"2023";"08";"220506";"SAN MARTIN";"LAMAS";"PINTO RECODO";"GOBIERNO REGIONAL";"I-1";"00006347";"VENCEDOR";"NE_0001";"";"NE_0001";"NE_0001";"NE_0001";"NE_0001";"NE_0001";"NE_0001";"NE_0001"
"2023";"08";"220502";"SAN MARTIN";"LAMAS";"ALONSO DE ALVARADO";"GOBIERNO REGIONAL";"I-3";"00006350";"PACAYZAPA";"241600";"HOSPITALIZACIÓN QUIRÚRGICA OBSTETRICIA   ";"1";"1";"1";"2";"2";"62";"0"
"2023";"08";"220506";"SAN MARTIN";"LAMAS";"PINTO RECODO";"GOBIERNO REGIONAL";"I-1";"00006342";"BETANIA";"NE_0001";"";"NE_0001";"NE_0001";"NE_0001";"NE_0001";"NE_0001";"NE_0001";"NE_0001"
"2023";"08";"220502";"SAN MARTIN";"LAMAS";"ALONSO DE ALVARADO";"GOBIERNO REGIONAL";"I-1";"00006351";"SAN JUAN DE PACAYZAPA";"NE_0001";"";"NE_0001";"NE_0001";"NE_0001";"NE_0001";"NE_0001";"NE_0001";"NE_0001"
"2023";"08";"220506";"SAN MARTIN";"LAMAS";"PINTO RECODO";"GOBIERNO REGIONAL";"I-1";"00006345";"MIRAFLORES";"NE_0001";"";"NE_0001";"NE_0001";"NE_0001";"NE_0001";"NE_0001";"NE_0001";"NE_0001"
"2023";"08";"170101";"MADRE DE DIOS";"TAMBOPATA";"TAMBOPATA";"SANIDAD DEL EJERCITO DEL PERU";"I-2";"00009323";"POSTA MEDICA DE LA 6ta BRIGADA DE FUERZAS ESPECIALES";"NE_0001";"";"NE_0001";"NE_0001";"NE_0001";"NE_0001";"NE_0001";"NE_0001";"NE_0001"
"2023";"09";"021809";"ANCASH";"SANTA";"NUEVO CHIMBOTE";"GOBIERNO REGIONAL";"I-2";"00001705";"PUESTO DE SALUD 3 DE OCTUBRE";"NE_0001";"";"NE_0001";"NE_0001";"NE_0001";"NE_0001";"NE_0001";"NE_0001";"NE_0001"
"2023";"08";"150114";"LIMA";"LIMA";"LA MOLINA";"PRIVADO";"II-E";"00022113";"CLINICA SANTA JULIA  S.A.C.";"NE_0001";"";"NE_0001";"NE_0001";"NE_0001";"NE_0001";"NE_0001";"NE_0001";"NE_0001"
"2023";"09";"190113";"PASCO";"PASCO";"YANACANCHA";"SANIDAD DE LA POLICIA NACIONAL DEL PERU";"I-2";"00011773";"POSTA MEDICA PNP CERRO DE PASCO";"NE_0001";"";"NE_0001";"NE_0001";"NE_0001";"NE_0001";"NE_0001";"NE_0001";"NE_0001"
"2023";"09";"021802";"ANCASH";"SANTA";"CACERES DEL PERU";"GOBIERNO REGIONAL";"I-1";"00001709";"PUESTO DE SALUD LAMPANIN";"NE_0001";"";"NE_0001";"NE_0001";"NE_0001";"NE_0001";"NE_0001";"NE_0001";"NE_0001"
"2023";"09";"021805";"ANCASH";"SANTA";"MORO";"GOBIERNO REGIONAL";"I-3";"00001716";"CENTRO DE SALUD MORO";"NE_0001";"";"NE_0001";"NE_0001";"NE_0001";"NE_0001";"NE_0001";"NE_0001";"NE_0001"
"2023";"09";"022005";"ANCASH";"YUNGAY";"QUILLO";"GOBIERNO REGIONAL";"I-1";"00001737";"PUESTO DE SALUD PAMPACANCHA";"NE_0001";"";"NE_0001";"NE_0001";"NE_0001";"NE_0001";"NE_0001";"NE_0001";"NE_0001"
"2023";"09";"020104";"ANCASH";"HUARAZ";"HUANCHAY";"GOBIERNO REGIONAL";"I-2";"00001748";"PUESTO DE SALUD HUANCHAY HZ";"NE_0001";"";"NE_0001";"NE_0001";"NE_0001";"NE_0001";"NE_0001";"NE_0001";"NE_0001"
"2023";"09";"021809";"ANCASH";"SANTA";"NUEVO CHIMBOTE";"GOBIERNO REGIONAL";"I-2";"00007266";"PUESTO DE SALUD NICOLAS DE GARATEA";"NE_0001";"";"NE_0001";"NE_0001";"NE_0001";"NE_0001";"NE_0001";"NE_0001";"NE_0001"
"2023";"09";"020801";"ANCASH";"CASMA";"CASMA";"GOBIERNO REGIONAL";"I-2";"00031617";"PUESTO DE SALUD VILLA HERMOSA";"NE_0001";"";"NE_0001";"NE_0001";"NE_0001";"NE_0001";"NE_0001";"NE_0001";"NE_0001"
"2023";"09";"021809";"ANCASH";"SANTA";"NUEVO CHIMBOTE";"GOBIERNO REGIONAL";"I-4";"00001704";"CENTRO DE SALUD YUGOSLAVIA";"NE_0001";"";"NE_0001";"NE_0001";"NE_0001";"NE_0001";"NE_0001";"NE_0001";"NE_0001"
"2023";"09";"021809";"ANCASH";"SANTA";"NUEVO CHIMBOTE";"GOBIERNO REGIONAL";"I-2";"00001706";"PUESTO DE SALUD VILLA MARIA";"NE_0001";"";"NE_0001";"NE_0001";"NE_0001";"NE_0001";"NE_0001";"NE_0001";"NE_0001"
"2023";"09";"021802";"ANCASH";"SANTA";"CACERES DEL PERU";"GOBIERNO REGIONAL";"I-2";"00001708";"PUESTO DE SALUD JIMBE";"NE_0001";"";"NE_0001";"NE_0001";"NE_0001";"NE_0001";"NE_0001";"NE_0001";"NE_0001"
"2023";"09";"021807";"ANCASH";"SANTA";"SAMANCO";"GOBIERNO REGIONAL";"I-2";"00001711";"PUESTO DE SALUD SAMANCO";"NE_0001";"";"NE_0001";"NE_0001";"NE_0001";"NE_0001";"NE_0001";"NE_0001";"NE_0001"
"2023";"09";"021806";"ANCASH";"SANTA";"NEPEÑA";"GOBIERNO REGIONAL";"I-3";"00001714";"CENTRO DE SALUD NEPEÑA";"NE_0001";"";"NE_0001";"NE_0001";"NE_0001";"NE_0001";"NE_0001";"NE_0001";"NE_0001"
"2023";"09";"021805";"ANCASH";"SANTA";"MORO";"GOBIERNO REGIONAL";"I-1";"00001717";"PUESTO DE SALUD POCOS";"NE_0001";"";"NE_0001";"NE_0001";"NE_0001";"NE_0001";"NE_0001";"NE_0001";"NE_0001"
"2023";"09";"020802";"ANCASH";"CASMA";"BUENA VISTA ALTA";"GOBIERNO REGIONAL";"I-2";"00001724";"PUESTO DE SALUD HUANCHUY";"NE_0001";"";"NE_0001";"NE_0001";"NE_0001";"NE_0001";"NE_0001";"NE_0001";"NE_0001"
"2023";"09";"020804";"ANCASH";"CASMA";"YAUTAN";"GOBIERNO REGIONAL";"I-4";"00001728";"CENTRO DE SALUD YAUTAN";"NE_0001";"";"NE_0001";"NE_0001";"NE_0001";"NE_0001";"NE_0001";"NE_0001";"NE_0001"
"2023";"09";"021103";"ANCASH";"HUARMEY";"CULEBRAS";"GOBIERNO REGIONAL";"I-1";"00001745";"PUESTO DE SALUD MOLINO";"NE_0001";"";"NE_0001";"NE_0001";"NE_0001";"NE_0001";"NE_0001";"NE_0001";"NE_0001"
"2023";"09";"021104";"ANCASH";"HUARMEY";"HUAYAN";"GOBIERNO REGIONAL";"I-2";"00001752";"PUESTO DE SALUD HUAYAN";"NE_0001";"";"NE_0001";"NE_0001";"NE_0001";"NE_0001";"NE_0001";"NE_0001";"NE_0001"
"2023";"09";"020102";"ANCASH";"HUARAZ";"COCHABAMBA";"GOBIERNO REGIONAL";"I-1";"00001731";"PUESTO DE SALUD CHIPRE";"NE_0001";"";"NE_0001";"NE_0001";"NE_0001";"NE_0001";"NE_0001";"NE_0001";"NE_0001"
"2023";"09";"020103";"ANCASH";"HUARAZ";"COLCABAMBA";"GOBIERNO REGIONAL";"I-1";"00001733";"COLCABAMBA";"NE_0001";"";"NE_0001";"NE_0001";"NE_0001";"NE_0001";"NE_0001";"NE_0001";"NE_0001"
"2023";"09";"021101";"ANCASH";"HUARMEY";"HUARMEY";"GOBIERNO REGIONAL";"I-3";"00001744";"CENTRO DE SALUD LA VICTORIA";"NE_0001";"";"NE_0001";"NE_0001";"NE_0001";"NE_0001";"NE_0001";"NE_0001";"NE_0001"
"2023";"09";"020802";"ANCASH";"CASMA";"BUENA VISTA ALTA";"GOBIERNO REGIONAL";"I-3";"00001723";"CENTRO DE SALUD BUENAVISTA";"NE_0001";"";"NE_0001";"NE_0001";"NE_0001";"NE_0001";"NE_0001";"NE_0001";"NE_0001"
"2023";"09";"020803";"ANCASH";"CASMA";"COMANDANTE NOEL";"GOBIERNO REGIONAL";"I-1";"00001726";"PUESTO DE SALUD COMANDANTE NOEL";"NE_0001";"";"NE_0001";"NE_0001";"NE_0001";"NE_0001";"NE_0001";"NE_0001";"NE_0001"
"2023";"06";"200701";"PIURA";"TALARA";"PARIÑAS";"PRIVADO";"I-3";"00012085";"CENTRO MEDICO SAN PABLO-TALARA EIRL";"NE_0001";"";"NE_0001";"NE_0001";"NE_0001";"NE_0001";"NE_0001";"NE_0001";"NE_0001"
"2023";"06";"120303";"JUNIN";"CHANCHAMAYO";"PICHANAQUI";"GOBIERNO REGIONAL";"II-1";"00000340";"HOSPITAL DE APOYO PICHANAKI";"241800";"HOSPITALIZACIÓN DE MEDICINA MEDICINA GENERAL ";"41";"32";"145";"145";"7";"217";"2"
"2023";"06";"120303";"JUNIN";"CHANCHAMAYO";"PICHANAQUI";"GOBIERNO REGIONAL";"II-1";"00000340";"HOSPITAL DE APOYO PICHANAKI";"240100";"HOSPITALIZACIÓN QUIRÚRGICA CIRUGÍA GENERAL ";"31";"29";"107";"107";"6";"186";"0"
"2023";"06";"120303";"JUNIN";"CHANCHAMAYO";"PICHANAQUI";"GOBIERNO REGIONAL";"II-1";"00000340";"HOSPITAL DE APOYO PICHANAKI";"241200";"HOSPITALIZACIÓN QUIRÚRGICA TRAUMATOLOGÍA Y ORTOPEDIA ";"12";"12";"76";"76";"3";"93";"0"
"2023";"06";"120303";"JUNIN";"CHANCHAMAYO";"PICHANAQUI";"GOBIERNO REGIONAL";"II-1";"00000340";"HOSPITAL DE APOYO PICHANAKI";"242500";"HOSPITALIZACIÓN-PEDIATRÍA GENERAL-";"38";"38";"127";"127";"5";"155";"0"
"2023";"06";"120303";"JUNIN";"CHANCHAMAYO";"PICHANAQUI";"GOBIERNO REGIONAL";"II-1";"00000340";"HOSPITAL DE APOYO PICHANAKI";"241600";"HOSPITALIZACIÓN QUIRÚRGICA OBSTETRICIA   ";"109";"108";"203";"203";"12";"372";"0"
"2023";"06";"120303";"JUNIN";"CHANCHAMAYO";"PICHANAQUI";"GOBIERNO REGIONAL";"II-1";"00000340";"HOSPITAL DE APOYO PICHANAKI";"241400";"HOSPITALIZACIÓN QUIRÚRGICA GINECO - OBSTETRICIA ";"29";"28";"55";"55";"9";"279";"0"
"2023";"06";"220503";"SAN MARTIN";"LAMAS";"BARRANQUITA";"GOBIERNO REGIONAL";"I-1";"00006434";"SANTIAGO DE BORJA";"NE_0001";"";"NE_0001";"NE_0001";"NE_0001";"NE_0001";"NE_0001";"NE_0001";"NE_0001"
"2023";"06";"220503";"SAN MARTIN";"LAMAS";"BARRANQUITA";"GOBIERNO REGIONAL";"I-1";"00006450";"SANTA ELENA";"NE_0001";"";"NE_0001";"NE_0001";"NE_0001";"NE_0001";"NE_0001";"NE_0001";"NE_0001"
"2023";"06";"220503";"SAN MARTIN";"LAMAS";"BARRANQUITA";"GOBIERNO REGIONAL";"I-1";"00006436";"EL PIÑAL";"NE_0001";"";"NE_0001";"NE_0001";"NE_0001";"NE_0001";"NE_0001";"NE_0001";"NE_0001"
"2023";"06";"060811";"CAJAMARCA";"JAEN";"SAN JOSE DEL ALTO";"GOBIERNO REGIONAL";"I-1";"00018121";"EL PORVENIR";"NE_0001";"";"NE_0001";"NE_0001";"NE_0001";"NE_0001";"NE_0001";"NE_0001";"NE_0001"
"2023";"06";"060811";"CAJAMARCA";"JAEN";"SAN JOSE DEL ALTO";"GOBIERNO REGIONAL";"I-2";"00004260";"PEÑA BLANCA";"NE_0001";"";"NE_0001";"NE_0001";"NE_0001";"NE_0001";"NE_0001";"NE_0001";"NE_0001"
"2023";"07";"160113";"LORETO";"MAYNAS";"SAN JUAN BAUTISTA";"SANIDAD DE LA POLICIA NACIONAL DEL PERU";"I-3";"00011369";"POLICLINICO POLICIAL IQUITOS";"NE_0001";"";"NE_0001";"NE_0001";"NE_0001";"NE_0001";"NE_0001";"NE_0001";"NE_0001"
"2023";"07";"130504";"LA LIBERTAD";"JULCAN";"HUASO";"GOBIERNO REGIONAL";"I-2";"00006770";"CHINCHINVARA";"NE_0001";"";"NE_0001";"NE_0001";"NE_0001";"NE_0001";"NE_0001";"NE_0001";"NE_0001"
"2023";"07";"130504";"LA LIBERTAD";"JULCAN";"HUASO";"GOBIERNO REGIONAL";"I-4";"00005312";"HUASO";"NE_0001";"";"NE_0001";"NE_0001";"NE_0001";"NE_0001";"NE_0001";"NE_0001";"NE_0001"
"2023";"07";"130504";"LA LIBERTAD";"JULCAN";"HUASO";"GOBIERNO REGIONAL";"I-2";"00006772";"LA VEGA";"NE_0001";"";"NE_0001";"NE_0001";"NE_0001";"NE_0001";"NE_0001";"NE_0001";"NE_0001"
"2023";"07";"130504";"LA LIBERTAD";"JULCAN";"HUASO";"GOBIERNO REGIONAL";"I-1";"00016422";"LA UNION";"NE_0001";"";"NE_0001";"NE_0001";"NE_0001";"NE_0001";"NE_0001";"NE_0001";"NE_0001"
"2023";"07";"130504";"LA LIBERTAD";"JULCAN";"HUASO";"GOBIERNO REGIONAL";"I-2";"00005313";"PARASIVE";"NE_0002";"";"NE_0002";"NE_0002";"NE_0002";"NE_0002";"NE_0002";"NE_0002";"NE_0002"
"2023";"07";"130504";"LA LIBERTAD";"JULCAN";"HUASO";"GOBIERNO REGIONAL";"I-2";"00005335";"UNINGAMBAL";"NE_0001";"";"NE_0001";"NE_0001";"NE_0001";"NE_0001";"NE_0001";"NE_0001";"NE_0001"
"2023";"07";"130504";"LA LIBERTAD";"JULCAN";"HUASO";"GOBIERNO REGIONAL";"I-3";"00006771";"CANRAZ";"NE_0001";"";"NE_0001";"NE_0001";"NE_0001";"NE_0001";"NE_0001";"NE_0001";"NE_0001"
"2023";"07";"150122";"LIMA";"LIMA";"MIRAFLORES";"PRIVADO";"II-E";"00028941";"Instituto de Glaucoma y Catarata";"NE_0001";"";"NE_0001";"NE_0001";"NE_0001";"NE_0001";"NE_0001";"NE_0001";"NE_0001"
"2023";"07";"150135";"LIMA";"LIMA";"SAN MARTIN DE PORRES";"SANIDAD DE LA POLICIA NACIONAL DEL PERU";"I-3";"00011876";"POLICLINICO PNP SAN MARTIN DE PORRES";"NE_0001";"";"NE_0001";"NE_0001";"NE_0001";"NE_0001";"NE_0001";"NE_0001";"NE_0001"
"2023";"07";"070101";"CALLAO";"CALLAO";"CALLAO";"PRIVADO";"II-2";"00018319";"HOSPITAL ALBERTO LEONARDO BARTON THOMPSON";"240100";"HOSPITALIZACIÓN QUIRÚRGICA CIRUGÍA GENERAL ";"18";"220";"970";"683";"26";"806";"1"
"2023";"07";"070101";"CALLAO";"CALLAO";"CALLAO";"PRIVADO";"II-2";"00018319";"HOSPITAL ALBERTO LEONARDO BARTON THOMPSON";"241500";"HOSPITALIZACIÓN QUIRÚRGICA GINECOLOGÍA  ";"87";"247";"926";"839";"30";"930";"10"
"2023";"07";"070101";"CALLAO";"CALLAO";"CALLAO";"PRIVADO";"II-2";"00018319";"HOSPITAL ALBERTO LEONARDO BARTON THOMPSON";"241800";"HOSPITALIZACIÓN DE MEDICINA MEDICINA GENERAL ";"220";"241";"2593";"2359";"78";"2418";"37"
"2023";"07";"070101";"CALLAO";"CALLAO";"CALLAO";"PRIVADO";"II-2";"00018319";"HOSPITAL ALBERTO LEONARDO BARTON THOMPSON";"242300";"HOSPITALIZACIÓN DE PEDIATRÍA  PEDIATRÍA  GENERAL ";"128";"145";"502";"494";"33";"1023";"0"
"2023";"07";"070101";"CALLAO";"CALLAO";"CALLAO";"PRIVADO";"II-2";"00018319";"HOSPITAL ALBERTO LEONARDO BARTON THOMPSON";"250100";"UNIDAD DE CUIDADOS CRITICOS UNIDAD  DE CUIDADOS INTENSIVOS GENERALES (UCI) ";"22";"9";"124";"325";"17";"527";"6"
"2023";"07";"070101";"CALLAO";"CALLAO";"CALLAO";"PRIVADO";"II-2";"00018319";"HOSPITAL ALBERTO LEONARDO BARTON THOMPSON";"250200";"UNIDAD DE CUIDADOS CRITICOS UNIDAD DE CUIDADOS INTERMEDIOS GENERAL  (UCIN) ";"8";"9";"68";"329";"25";"775";"3"
"2023";"07";"040126";"AREQUIPA";"AREQUIPA";"YANAHUARA";"PRIVADO";"II-E";"00018935";"CEFERGIN";"NE_0002";"";"NE_0002";"NE_0002";"NE_0002";"NE_0002";"NE_0002";"NE_0002";"NE_0002"
"2023";"07";"050202";"AYACUCHO";"CANGALLO";"CHUSCHI";"GOBIERNO REGIONAL";"I-1";"00003593";"PUESTO DE SALUD PUNKUPATA";"NE_0002";"";"NE_0002";"NE_0002";"NE_0002";"NE_0002";"NE_0002";"NE_0002";"NE_0002"
"2023";"07";"050202";"AYACUCHO";"CANGALLO";"CHUSCHI";"GOBIERNO REGIONAL";"I-2";"00003592";"PUESTO DE SALUD CATALINAYOC";"NE_0002";"";"NE_0002";"NE_0002";"NE_0002";"NE_0002";"NE_0002";"NE_0002";"NE_0002"
"2023";"07";"050114";"AYACUCHO";"HUAMANGA";"VINCHOS";"GOBIERNO REGIONAL";"I-3";"00003590";"CENTRO DE  SALUD PUTACCA";"NE_0002";"";"NE_0002";"NE_0002";"NE_0002";"NE_0002";"NE_0002";"NE_0002";"NE_0002"
"2023";"07";"050114";"AYACUCHO";"HUAMANGA";"VINCHOS";"GOBIERNO REGIONAL";"I-1";"00003591";"ROSASPATA";"NE_0002";"";"NE_0002";"NE_0002";"NE_0002";"NE_0002";"NE_0002";"NE_0002";"NE_0002"
"2023";"07";"050202";"AYACUCHO";"CANGALLO";"CHUSCHI";"GOBIERNO REGIONAL";"I-1";"00006753";"PUESTO DE SALUD CUCHUQUESERA";"NE_0002";"";"NE_0002";"NE_0002";"NE_0002";"NE_0002";"NE_0002";"NE_0002";"NE_0002"
"2023";"07";"050114";"AYACUCHO";"HUAMANGA";"VINCHOS";"GOBIERNO REGIONAL";"I-1";"00003589";"PUESTO DE SALUD MILLPO";"NE_0002";"";"NE_0002";"NE_0002";"NE_0002";"NE_0002";"NE_0002";"NE_0002";"NE_0002"
"2023";"07";"050206";"AYACUCHO";"CANGALLO";"TOTOS";"GOBIERNO REGIONAL";"I-1";"00003625";"QUIÑASI";"NE_0001";"";"NE_0001";"NE_0001";"NE_0001";"NE_0001";"NE_0001";"NE_0001";"NE_0001"
"2023";"07";"051012";"AYACUCHO";"VICTOR FAJARDO";"VILCANCHOS";"GOBIERNO REGIONAL";"I-1";"00003627";"COCAS";"NE_0001";"";"NE_0001";"NE_0001";"NE_0001";"NE_0001";"NE_0001";"NE_0001";"NE_0001"
"2023";"07";"050206";"AYACUCHO";"CANGALLO";"TOTOS";"GOBIERNO REGIONAL";"I-1";"00003622";"CHUYMAY";"NE_0001";"";"NE_0001";"NE_0001";"NE_0001";"NE_0001";"NE_0001";"NE_0001";"NE_0001"
"2023";"07";"050206";"AYACUCHO";"CANGALLO";"TOTOS";"GOBIERNO REGIONAL";"I-3";"00003623";"CENTRO DE SALUD TOTOS";"NE_0002";"";"NE_0002";"NE_0002";"NE_0002";"NE_0002";"NE_0002";"NE_0002";"NE_0002"
"2023";"07";"051012";"AYACUCHO";"VICTOR FAJARDO";"VILCANCHOS";"GOBIERNO REGIONAL";"I-2";"00003628";"PUESTO DE SALUD VILCANCHOS";"NE_0001";"";"NE_0001";"NE_0001";"NE_0001";"NE_0001";"NE_0001";"NE_0001";"NE_0001"
"2023";"06";"150120";"LIMA";"LIMA";"MAGDALENA DEL MAR";"PRIVADO";"II-E";"00025749";"MEDAVAN";"240000";"HOSPITALIZACIÓN";"60";"62";"77";"78";"4";"120";"0"
"2023";"07";"050904";"AYACUCHO";"SUCRE";"CHILCAYOC";"GOBIERNO REGIONAL";"I-2";"00003805";"PUESTO DE SALUD CHILCAYOCC";"NE_0001";"";"NE_0001";"NE_0001";"NE_0001";"NE_0001";"NE_0001";"NE_0001";"NE_0001"
"2023";"07";"050909";"AYACUCHO";"SUCRE";"SAN SALVADOR DE QUIJE";"GOBIERNO REGIONAL";"I-1";"00003806";"PUESTO DE SALUD SAN SALVADOR DE QUIJE";"NE_0001";"";"NE_0001";"NE_0001";"NE_0001";"NE_0001";"NE_0001";"NE_0001";"NE_0001"
"2023";"07";"050907";"AYACUCHO";"SUCRE";"PAICO";"GOBIERNO REGIONAL";"I-1";"00003813";"PUESTO DE SALUD PAICO";"NE_0001";"";"NE_0001";"NE_0001";"NE_0001";"NE_0001";"NE_0001";"NE_0001";"NE_0001"
"2023";"07";"050905";"AYACUCHO";"SUCRE";"HUACAÑA";"GOBIERNO REGIONAL";"I-1";"00003719";"PUESTO DE SALUD HUACAÑA";"NE_0001";"";"NE_0001";"NE_0001";"NE_0001";"NE_0001";"NE_0001";"NE_0001";"NE_0001"
"2023";"07";"050901";"AYACUCHO";"SUCRE";"QUEROBAMBA";"GOBIERNO REGIONAL";"I-1";"00003802";"PUESTO DE SALUD POTONGO";"NE_0001";"";"NE_0001";"NE_0001";"NE_0001";"NE_0001";"NE_0001";"NE_0001";"NE_0001"
"2023";"07";"080902";"CUSCO";"LA CONVENCION";"ECHARATE";"GOBIERNO REGIONAL";"I-2";"00002440";"PANGOA";"NE_0001";"";"NE_0001";"NE_0001";"NE_0001";"NE_0001";"NE_0001";"NE_0001";"NE_0001"
"2023";"07";"080902";"CUSCO";"LA CONVENCION";"ECHARATE";"GOBIERNO REGIONAL";"I-2";"00002431";"IVOCHOTE";"NE_0001";"";"NE_0001";"NE_0001";"NE_0001";"NE_0001";"NE_0001";"NE_0001";"NE_0001"
"2023";"07";"080902";"CUSCO";"LA CONVENCION";"ECHARATE";"GOBIERNO REGIONAL";"I-3";"00002432";"KEPASHIATO";"NE_0001";"";"NE_0001";"NE_0001";"NE_0001";"NE_0001";"NE_0001";"NE_0001";"NE_0001"
"2023";"07";"080909";"CUSCO";"LA CONVENCION";"VILCABAMBA";"GOBIERNO REGIONAL";"I-1";"00002493";"SELVA ALEGRE";"NE_0001";"";"NE_0001";"NE_0001";"NE_0001";"NE_0001";"NE_0001";"NE_0001";"NE_0001"
"2023";"07";"080902";"CUSCO";"LA CONVENCION";"ECHARATE";"GOBIERNO REGIONAL";"I-4";"00002427";"KITENI";"NE_0001";"";"NE_0001";"NE_0001";"NE_0001";"NE_0001";"NE_0001";"NE_0001";"NE_0001"
"2023";"07";"080902";"CUSCO";"LA CONVENCION";"ECHARATE";"GOBIERNO REGIONAL";"I-1";"00002443";"SANIRIATO";"NE_0001";"";"NE_0001";"NE_0001";"NE_0001";"NE_0001";"NE_0001";"NE_0001";"NE_0001"
"2023";"07";"080902";"CUSCO";"LA CONVENCION";"ECHARATE";"GOBIERNO REGIONAL";"I-1";"00013068";"TRIO RIO";"NE_0001";"";"NE_0001";"NE_0001";"NE_0001";"NE_0001";"NE_0001";"NE_0001";"NE_0001"
"2023";"07";"080902";"CUSCO";"LA CONVENCION";"ECHARATE";"GOBIERNO REGIONAL";"I-2";"00002434";"MATERIATO";"NE_0001";"";"NE_0001";"NE_0001";"NE_0001";"NE_0001";"NE_0001";"NE_0001";"NE_0001"
"2023";"07";"080902";"CUSCO";"LA CONVENCION";"ECHARATE";"GOBIERNO REGIONAL";"I-1";"00002438";"PACHIRI";"NE_0001";"";"NE_0001";"NE_0001";"NE_0001";"NE_0001";"NE_0001";"NE_0001";"NE_0001"
"2023";"07";"080909";"CUSCO";"LA CONVENCION";"VILCABAMBA";"GOBIERNO REGIONAL";"I-1";"00006976";"CHONTABAMBA";"NE_0001";"";"NE_0001";"NE_0001";"NE_0001";"NE_0001";"NE_0001";"NE_0001";"NE_0001"
"2023";"07";"080902";"CUSCO";"LA CONVENCION";"ECHARATE";"GOBIERNO REGIONAL";"I-2";"00002447";"KAMANQUIRIATO";"NE_0001";"";"NE_0001";"NE_0001";"NE_0001";"NE_0001";"NE_0001";"NE_0001";"NE_0001"
"2023";"07";"080902";"CUSCO";"LA CONVENCION";"ECHARATE";"GOBIERNO REGIONAL";"I-1";"00013069";"PUGUIENTIMARI";"NE_0001";"";"NE_0001";"NE_0001";"NE_0001";"NE_0001";"NE_0001";"NE_0001";"NE_0001"
"2023";"08";"040103";"AREQUIPA";"AREQUIPA";"CAYMA";"SANIDAD DE LA POLICIA NACIONAL DEL PERU";"II-1";"00011794";"HOSPITAL REGIONAL PNP AREQUIPA";"241800";"HOSPITALIZACIÓN DE MEDICINA MEDICINA GENERAL ";"21";"26";"219";"219";"20";"620";"1"
"2023";"08";"040103";"AREQUIPA";"AREQUIPA";"CAYMA";"SANIDAD DE LA POLICIA NACIONAL DEL PERU";"II-1";"00011794";"HOSPITAL REGIONAL PNP AREQUIPA";"242300";"HOSPITALIZACIÓN DE PEDIATRÍA  PEDIATRÍA  GENERAL ";"5";"5";"10";"10";"6";"186";"0"
"2023";"08";"120101";"JUNIN";"HUANCAYO";"HUANCAYO";"GOBIERNO REGIONAL";"III-E";"00000753";"HOSPITAL REGIONAL DOCENTE CLINICO QUIRURGICO DANIEL ALCIDES CARRION";"241900";"HOSPITALIZACIÓN DE MEDICINA MEDICINA INTERNA ";"122";"116";"1297";"1496";"49";"1519";"11"
"2023";"08";"120101";"JUNIN";"HUANCAYO";"HUANCAYO";"GOBIERNO REGIONAL";"III-E";"00000753";"HOSPITAL REGIONAL DOCENTE CLINICO QUIRURGICO DANIEL ALCIDES CARRION";"242000";"HOSPITALIZACIÓN DE MEDICINA MEDICINA TROPICAL E INFECCIOSAS ";"13";"12";"294";"223";"11";"341";"0"
"2023";"08";"120101";"JUNIN";"HUANCAYO";"HUANCAYO";"GOBIERNO REGIONAL";"III-E";"00000753";"HOSPITAL REGIONAL DOCENTE CLINICO QUIRURGICO DANIEL ALCIDES CARRION";"244000";"HOSPITALIZACIÓN DE MEDICINA CARDIOLOGIA ";"54";"50";"156";"299";"10";"310";"1"
"2023";"08";"120101";"JUNIN";"HUANCAYO";"HUANCAYO";"GOBIERNO REGIONAL";"III-E";"00000753";"HOSPITAL REGIONAL DOCENTE CLINICO QUIRURGICO DANIEL ALCIDES CARRION";"244200";"HOSPITALIZACIÓN DE MEDICINA ENDOCRINOLOGIA ";"19";"18";"242";"108";"4";"124";"0"
"2023";"08";"120101";"JUNIN";"HUANCAYO";"HUANCAYO";"GOBIERNO REGIONAL";"III-E";"00000753";"HOSPITAL REGIONAL DOCENTE CLINICO QUIRURGICO DANIEL ALCIDES CARRION";"244300";"HOSPITALIZACIÓN DE MEDICINA GASTROENTEROLOGÍA  ";"34";"31";"303";"185";"6";"186";"3"
"2023";"08";"120101";"JUNIN";"HUANCAYO";"HUANCAYO";"GOBIERNO REGIONAL";"III-E";"00000753";"HOSPITAL REGIONAL DOCENTE CLINICO QUIRURGICO DANIEL ALCIDES CARRION";"244400";"HOSPITALIZACIÓN DE MEDICINA GERIATRIA ";"10";"9";"132";"54";"2";"62";"1"
"2023";"08";"120101";"JUNIN";"HUANCAYO";"HUANCAYO";"GOBIERNO REGIONAL";"III-E";"00000753";"HOSPITAL REGIONAL DOCENTE CLINICO QUIRURGICO DANIEL ALCIDES CARRION";"245300";"HOSPITALIZACIÓN DE MEDICINA NEUMOLOGÍA  ";"31";"29";"328";"502";"17";"527";"7"
"2023";"08";"120101";"JUNIN";"HUANCAYO";"HUANCAYO";"GOBIERNO REGIONAL";"III-E";"00000753";"HOSPITAL REGIONAL DOCENTE CLINICO QUIRURGICO DANIEL ALCIDES CARRION";"240100";"HOSPITALIZACIÓN QUIRÚRGICA CIRUGÍA GENERAL ";"164";"164";"1044";"1153";"40";"1240";"6"
"2023";"08";"120101";"JUNIN";"HUANCAYO";"HUANCAYO";"GOBIERNO REGIONAL";"III-E";"00000753";"HOSPITAL REGIONAL DOCENTE CLINICO QUIRURGICO DANIEL ALCIDES CARRION";"240200";"HOSPITALIZACIÓN QUIRÚRGICA CIRUGÍA DE CABEZA Y CUELLO / MÁXILO FACIAL ";"14";"18";"143";"207";"7";"217";"0"
"2023";"08";"120101";"JUNIN";"HUANCAYO";"HUANCAYO";"GOBIERNO REGIONAL";"III-E";"00000753";"HOSPITAL REGIONAL DOCENTE CLINICO QUIRURGICO DANIEL ALCIDES CARRION";"240400";"HOSPITALIZACIÓN QUIRÚRGICA CIRUGÍA DE TÓRAX Y CARDIOVASCULAR ";"1";"1";"4";"12";"1";"31";"0"
"2023";"08";"120101";"JUNIN";"HUANCAYO";"HUANCAYO";"GOBIERNO REGIONAL";"III-E";"00000753";"HOSPITAL REGIONAL DOCENTE CLINICO QUIRURGICO DANIEL ALCIDES CARRION";"240600";"HOSPITALIZACIÓN QUIRÚRGICA CIRUGÍA OFTALMOLÓGICA ";"1";"1";"5";"11";"1";"31";"0"
"2023";"08";"120101";"JUNIN";"HUANCAYO";"HUANCAYO";"GOBIERNO REGIONAL";"III-E";"00000753";"HOSPITAL REGIONAL DOCENTE CLINICO QUIRURGICO DANIEL ALCIDES CARRION";"240800";"HOSPITALIZACIÓN QUIRÚRGICA CIRUGÍA PLÁSTICA/RECONSTRUCTIVA/ REPARADORA ";"9";"11";"319";"126";"5";"155";"0"
"2023";"08";"120101";"JUNIN";"HUANCAYO";"HUANCAYO";"GOBIERNO REGIONAL";"III-E";"00000753";"HOSPITAL REGIONAL DOCENTE CLINICO QUIRURGICO DANIEL ALCIDES CARRION";"240900";"HOSPITALIZACIÓN QUIRÚRGICA NEUROCIRUGÍA ";"33";"42";"536";"482";"16";"496";"5"
"2023";"08";"120101";"JUNIN";"HUANCAYO";"HUANCAYO";"GOBIERNO REGIONAL";"III-E";"00000753";"HOSPITAL REGIONAL DOCENTE CLINICO QUIRURGICO DANIEL ALCIDES CARRION";"241100";"HOSPITALIZACIÓN QUIRÚRGICA OTORRINOLARINGOLOGÍA  ";"2";"2";"4";"23";"1";"31";"0"
"2023";"08";"120101";"JUNIN";"HUANCAYO";"HUANCAYO";"GOBIERNO REGIONAL";"III-E";"00000753";"HOSPITAL REGIONAL DOCENTE CLINICO QUIRURGICO DANIEL ALCIDES CARRION";"241200";"HOSPITALIZACIÓN QUIRÚRGICA TRAUMATOLOGÍA Y ORTOPEDIA ";"85";"87";"970";"1031";"34";"1054";"1"
"2023";"08";"120101";"JUNIN";"HUANCAYO";"HUANCAYO";"GOBIERNO REGIONAL";"III-E";"00000753";"HOSPITAL REGIONAL DOCENTE CLINICO QUIRURGICO DANIEL ALCIDES CARRION";"241300";"HOSPITALIZACIÓN QUIRÚRGICA UROLOGÍA  ";"4";"5";"35";"57";"2";"62";"0"
"2023";"08";"120101";"JUNIN";"HUANCAYO";"HUANCAYO";"GOBIERNO REGIONAL";"III-E";"00000753";"HOSPITAL REGIONAL DOCENTE CLINICO QUIRURGICO DANIEL ALCIDES CARRION";"242100";"HOSPITALIZACIÓN DE MEDICINA ONCOLOGÍA MÉDICA ";"10";"17";"243";"138";"8";"248";"2"
"2023";"08";"150113";"LIMA";"LIMA";"JESUS MARIA";"SANIDAD DEL EJERCITO DEL PERU";"III-1";"00017024";"HOSPITAL  MILITAR LUIS ARIAS SCHEREIBER";"240100";"HOSPITALIZACIÓN QUIRÚRGICA CIRUGÍA GENERAL ";"84";"78";"711";"822";"66";"2046";"5"
"2023";"08";"150113";"LIMA";"LIMA";"JESUS MARIA";"SANIDAD DEL EJERCITO DEL PERU";"III-1";"00017024";"HOSPITAL  MILITAR LUIS ARIAS SCHEREIBER";"240800";"HOSPITALIZACIÓN QUIRÚRGICA CIRUGÍA PLÁSTICA/RECONSTRUCTIVA/ REPARADORA ";"25";"17";"130";"157";"9";"279";"0"
"2023";"08";"150113";"LIMA";"LIMA";"JESUS MARIA";"SANIDAD DEL EJERCITO DEL PERU";"III-1";"00017024";"HOSPITAL  MILITAR LUIS ARIAS SCHEREIBER";"240900";"HOSPITALIZACIÓN QUIRÚRGICA NEUROCIRUGÍA ";"11";"11";"85";"284";"15";"465";"1"
"2023";"08";"150113";"LIMA";"LIMA";"JESUS MARIA";"SANIDAD DEL EJERCITO DEL PERU";"III-1";"00017024";"HOSPITAL  MILITAR LUIS ARIAS SCHEREIBER";"241200";"HOSPITALIZACIÓN QUIRÚRGICA TRAUMATOLOGÍA Y ORTOPEDIA ";"41";"38";"579";"775";"63";"1953";"0"
"2023";"08";"150113";"LIMA";"LIMA";"JESUS MARIA";"SANIDAD DEL EJERCITO DEL PERU";"III-1";"00017024";"HOSPITAL  MILITAR LUIS ARIAS SCHEREIBER";"241300";"HOSPITALIZACIÓN QUIRÚRGICA UROLOGÍA  ";"17";"14";"85";"188";"8";"248";"0"
"2023";"08";"150113";"LIMA";"LIMA";"JESUS MARIA";"SANIDAD DEL EJERCITO DEL PERU";"III-1";"00017024";"HOSPITAL  MILITAR LUIS ARIAS SCHEREIBER";"241400";"HOSPITALIZACIÓN QUIRÚRGICA GINECO - OBSTETRICIA ";"30";"25";"71";"82";"11";"341";"0"
"2023";"08";"150113";"LIMA";"LIMA";"JESUS MARIA";"SANIDAD DEL EJERCITO DEL PERU";"III-1";"00017024";"HOSPITAL  MILITAR LUIS ARIAS SCHEREIBER";"241900";"HOSPITALIZACIÓN DE MEDICINA MEDICINA INTERNA ";"120";"110";"1175";"1363";"80";"2480";"9"
"2023";"08";"150113";"LIMA";"LIMA";"JESUS MARIA";"SANIDAD DEL EJERCITO DEL PERU";"III-1";"00017024";"HOSPITAL  MILITAR LUIS ARIAS SCHEREIBER";"242100";"HOSPITALIZACIÓN DE MEDICINA ONCOLOGÍA MÉDICA ";"18";"20";"228";"166";"9";"279";"3"
"2023";"08";"150113";"LIMA";"LIMA";"JESUS MARIA";"SANIDAD DEL EJERCITO DEL PERU";"III-1";"00017024";"HOSPITAL  MILITAR LUIS ARIAS SCHEREIBER";"242200";"HOSPITALIZACIÓN DE MEDICINA PSIQUIATRÍA ";"6";"10";"379";"148";"18";"558";"0"
"2023";"08";"150113";"LIMA";"LIMA";"JESUS MARIA";"SANIDAD DEL EJERCITO DEL PERU";"III-1";"00017024";"HOSPITAL  MILITAR LUIS ARIAS SCHEREIBER";"242300";"HOSPITALIZACIÓN DE PEDIATRÍA  PEDIATRÍA  GENERAL ";"22";"21";"92";"103";"13";"403";"0"
"2023";"04";"120301";"JUNIN";"CHANCHAMAYO";"CHANCHAMAYO";"SANIDAD DE LA POLICIA NACIONAL DEL PERU";"I-2";"00011913";"POSTA MEDICA POLICIAL LA MERCED";"NE_0001";"";"NE_0001";"NE_0001";"NE_0001";"NE_0001";"NE_0001";"NE_0001";"NE_0001"
"2023";"04";"230303";"TACNA";"JORGE BASADRE";"ITE";"ESSALUD";"I-2";"00027545";"CENTRO DE ATENCION PRIMARIA I ITE";"NE_0001";"";"NE_0001";"NE_0001";"NE_0001";"NE_0001";"NE_0001";"NE_0001";"NE_0001"
"2023";"04";"120401";"JUNIN";"JAUJA";"JAUJA";"SANIDAD DE LA POLICIA NACIONAL DEL PERU";"I-2";"00011874";"POSTA MEDICA POLICIAL JAUJA";"NE_0001";"";"NE_0001";"NE_0001";"NE_0001";"NE_0001";"NE_0001";"NE_0001";"NE_0001"
"2023";"04";"040109";"AREQUIPA";"AREQUIPA";"MARIANO MELGAR";"GOBIERNO REGIONAL";"I-2";"00001309";"PUESTO DE SALUD JERUSALEN";"NE_0001";"";"NE_0001";"NE_0001";"NE_0001";"NE_0001";"NE_0001";"NE_0001";"NE_0001"
"2023";"04";"040109";"AREQUIPA";"AREQUIPA";"MARIANO MELGAR";"GOBIERNO REGIONAL";"I-2";"00007722";"PUESTO DE SALUD EL MIRADOR";"NE_0001";"";"NE_0001";"NE_0001";"NE_0001";"NE_0001";"NE_0001";"NE_0001";"NE_0001"
"2023";"04";"040109";"AREQUIPA";"AREQUIPA";"MARIANO MELGAR";"GOBIERNO REGIONAL";"I-3";"00001295";"CENTRO DE SALUD GENERALISIMO SAN MARTIN";"NE_0001";"";"NE_0001";"NE_0001";"NE_0001";"NE_0001";"NE_0001";"NE_0001";"NE_0001"
"2023";"05";"210101";"PUNO";"PUNO";"PUNO";"ESSALUD";"II-E";"00032596";"HOSPITAL I CLINICA UNIVERSITARIA";"240000";"HOSPITALIZACIÓN";"23";"23";"165";"167";"8";"248";"0"
"2023";"08";"120101";"JUNIN";"HUANCAYO";"HUANCAYO";"PRIVADO";"II-E";"00025973";"CLINICA ZARATE";"241800";"HOSPITALIZACIÓN DE MEDICINA MEDICINA GENERAL ";"76";"79";"21";"182";"15";"280";"1"
"2023";"08";"020101";"ANCASH";"HUARAZ";"HUARAZ";"GOBIERNO REGIONAL";"II-2";"00001543";"HOSPITAL ""VICTOR RAMOS GUARDIA"" - HUARAZ";"244000";"HOSPITALIZACIÓN DE MEDICINA CARDIOLOGIA ";"3";"5";"45";"26";"1";"31";"1"
"2023";"08";"020101";"ANCASH";"HUARAZ";"HUARAZ";"GOBIERNO REGIONAL";"II-2";"00001543";"HOSPITAL ""VICTOR RAMOS GUARDIA"" - HUARAZ";"244300";"HOSPITALIZACIÓN DE MEDICINA GASTROENTEROLOGÍA  ";"17";"22";"131";"130";"6";"186";"0"
"2023";"08";"020101";"ANCASH";"HUARAZ";"HUARAZ";"GOBIERNO REGIONAL";"II-2";"00001543";"HOSPITAL ""VICTOR RAMOS GUARDIA"" - HUARAZ";"241800";"HOSPITALIZACIÓN DE MEDICINA MEDICINA GENERAL ";"37";"42";"263";"299";"12";"372";"1"
"2023";"08";"020101";"ANCASH";"HUARAZ";"HUARAZ";"GOBIERNO REGIONAL";"II-2";"00001543";"HOSPITAL ""VICTOR RAMOS GUARDIA"" - HUARAZ";"245300";"HOSPITALIZACIÓN DE MEDICINA NEUMOLOGÍA  ";"11";"17";"159";"113";"5";"155";"6"
"2023";"08";"020101";"ANCASH";"HUARAZ";"HUARAZ";"GOBIERNO REGIONAL";"II-2";"00001543";"HOSPITAL ""VICTOR RAMOS GUARDIA"" - HUARAZ";"244700";"HOSPITALIZACIÓN DE MEDICINA NEUROLOGIA  ";"9";"11";"124";"113";"5";"155";"2"
"2023";"08";"020101";"ANCASH";"HUARAZ";"HUARAZ";"GOBIERNO REGIONAL";"II-2";"00001543";"HOSPITAL ""VICTOR RAMOS GUARDIA"" - HUARAZ";"242200";"HOSPITALIZACIÓN DE MEDICINA PSIQUIATRÍA ";"6";"11";"143";"236";"9";"279";"0"
"2023";"08";"020101";"ANCASH";"HUARAZ";"HUARAZ";"GOBIERNO REGIONAL";"II-2";"00001543";"HOSPITAL ""VICTOR RAMOS GUARDIA"" - HUARAZ";"240100";"HOSPITALIZACIÓN QUIRÚRGICA CIRUGÍA GENERAL ";"107";"127";"743";"512";"18";"558";"0"
"2023";"08";"020101";"ANCASH";"HUARAZ";"HUARAZ";"GOBIERNO REGIONAL";"II-2";"00001543";"HOSPITAL ""VICTOR RAMOS GUARDIA"" - HUARAZ";"240900";"HOSPITALIZACIÓN QUIRÚRGICA NEUROCIRUGÍA ";"8";"13";"144";"89";"4";"124";"0"
"2023";"08";"020101";"ANCASH";"HUARAZ";"HUARAZ";"GOBIERNO REGIONAL";"II-2";"00001543";"HOSPITAL ""VICTOR RAMOS GUARDIA"" - HUARAZ";"241200";"HOSPITALIZACIÓN QUIRÚRGICA TRAUMATOLOGÍA Y ORTOPEDIA ";"19";"41";"701";"794";"26";"806";"1"
"2023";"08";"020101";"ANCASH";"HUARAZ";"HUARAZ";"GOBIERNO REGIONAL";"II-2";"00001543";"HOSPITAL ""VICTOR RAMOS GUARDIA"" - HUARAZ";"241300";"HOSPITALIZACIÓN QUIRÚRGICA UROLOGÍA  ";"7";"9";"31";"25";"2";"62";"0"
"2023";"08";"020101";"ANCASH";"HUARAZ";"HUARAZ";"GOBIERNO REGIONAL";"II-2";"00001543";"HOSPITAL ""VICTOR RAMOS GUARDIA"" - HUARAZ";"241100";"HOSPITALIZACIÓN QUIRÚRGICA OTORRINOLARINGOLOGÍA  ";"2";"2";"4";"4";"1";"31";"0"
"2023";"08";"020101";"ANCASH";"HUARAZ";"HUARAZ";"GOBIERNO REGIONAL";"II-2";"00001543";"HOSPITAL ""VICTOR RAMOS GUARDIA"" - HUARAZ";"241500";"HOSPITALIZACIÓN QUIRÚRGICA GINECOLOGÍA  ";"28";"31";"74";"76";"3";"93";"0"
"2023";"08";"020101";"ANCASH";"HUARAZ";"HUARAZ";"GOBIERNO REGIONAL";"II-2";"00001543";"HOSPITAL ""VICTOR RAMOS GUARDIA"" - HUARAZ";"241600";"HOSPITALIZACIÓN QUIRÚRGICA OBSTETRICIA   ";"284";"297";"666";"593";"24";"744";"0"
"2023";"08";"020101";"ANCASH";"HUARAZ";"HUARAZ";"GOBIERNO REGIONAL";"II-2";"00001543";"HOSPITAL ""VICTOR RAMOS GUARDIA"" - HUARAZ";"242500";"HOSPITALIZACIÓN-PEDIATRÍA GENERAL-";"59";"75";"405";"349";"14";"434";"0"
"2023";"08";"020101";"ANCASH";"HUARAZ";"HUARAZ";"GOBIERNO REGIONAL";"II-2";"00001543";"HOSPITAL ""VICTOR RAMOS GUARDIA"" - HUARAZ";"243200";"HOSPITALIZACIÓN DE PEDIATRÍA PEDIATRIA NEONATOLOGÍA";"27";"35";"418";"337";"18";"558";"2"
"2023";"08";"020101";"ANCASH";"HUARAZ";"HUARAZ";"GOBIERNO REGIONAL";"II-2";"00001543";"HOSPITAL ""VICTOR RAMOS GUARDIA"" - HUARAZ";"250000";"UNIDAD DE CUIDADOS CRITICOS  ";"5";"8";"74";"206";"8";"248";"5"
"2023";"08";"120601";"JUNIN";"SATIPO";"SATIPO";"GOBIERNO REGIONAL";"I-2";"00000482";"HUANTASHIRI";"NE_0001";"";"NE_0001";"NE_0001";"NE_0001";"NE_0001";"NE_0001";"NE_0001";"NE_0001"
"2023";"08";"120607";"JUNIN";"SATIPO";"RIO NEGRO";"GOBIERNO REGIONAL";"I-2";"00000496";"VILLA CAPIRI";"NE_0001";"";"NE_0001";"NE_0001";"NE_0001";"NE_0001";"NE_0001";"NE_0001";"NE_0001"
"2023";"08";"120607";"JUNIN";"SATIPO";"RIO NEGRO";"GOBIERNO REGIONAL";"I-1";"00013862";"MIGUEL GRAU";"NE_0001";"";"NE_0001";"NE_0001";"NE_0001";"NE_0001";"NE_0001";"NE_0001";"NE_0001"
"2023";"08";"120607";"JUNIN";"SATIPO";"RIO NEGRO";"GOBIERNO REGIONAL";"I-1";"00013863";"ALTO VILLA VICTORIA";"NE_0001";"";"NE_0001";"NE_0001";"NE_0001";"NE_0001";"NE_0001";"NE_0001";"NE_0001"
"2023";"08";"120607";"JUNIN";"SATIPO";"RIO NEGRO";"GOBIERNO REGIONAL";"I-2";"00000499";"PUENTE IPOKI";"NE_0001";"";"NE_0001";"NE_0001";"NE_0001";"NE_0001";"NE_0001";"NE_0001";"NE_0001"
"2023";"08";"120601";"JUNIN";"SATIPO";"SATIPO";"GOBIERNO REGIONAL";"I-2";"00000481";"PARATUSHALI";"NE_0001";"";"NE_0001";"NE_0001";"NE_0001";"NE_0001";"NE_0001";"NE_0001";"NE_0001"
"2023";"08";"120607";"JUNIN";"SATIPO";"RIO NEGRO";"GOBIERNO REGIONAL";"I-2";"00000497";"RIO CHARI ALTO";"NE_0001";"";"NE_0001";"NE_0001";"NE_0001";"NE_0001";"NE_0001";"NE_0001";"NE_0001"
"2023";"08";"120608";"JUNIN";"SATIPO";"RIO TAMBO";"GOBIERNO REGIONAL";"I-2";"00000500";"AOTI";"NE_0001";"";"NE_0001";"NE_0001";"NE_0001";"NE_0001";"NE_0001";"NE_0001";"NE_0001"
"2023";"08";"120607";"JUNIN";"SATIPO";"RIO NEGRO";"GOBIERNO REGIONAL";"I-2";"00000501";"ALTO PITOCUNA";"NE_0001";"";"NE_0001";"NE_0001";"NE_0001";"NE_0001";"NE_0001";"NE_0001";"NE_0001"
"2023";"08";"120601";"JUNIN";"SATIPO";"SATIPO";"GOBIERNO REGIONAL";"I-1";"00010502";"BELLA ESPERANZA";"NE_0001";"";"NE_0001";"NE_0001";"NE_0001";"NE_0001";"NE_0001";"NE_0001";"NE_0001"
"2023";"08";"120607";"JUNIN";"SATIPO";"RIO NEGRO";"GOBIERNO REGIONAL";"I-2";"00000498";"PITOCUNA";"NE_0001";"";"NE_0001";"NE_0001";"NE_0001";"NE_0001";"NE_0001";"NE_0001";"NE_0001"
"2023";"08";"120608";"JUNIN";"SATIPO";"RIO TAMBO";"GOBIERNO REGIONAL";"I-1";"00006877";"CHONTAKIARI";"NE_0001";"";"NE_0001";"NE_0001";"NE_0001";"NE_0001";"NE_0001";"NE_0001";"NE_0001"
"2023";"08";"120601";"JUNIN";"SATIPO";"SATIPO";"GOBIERNO REGIONAL";"I-1";"00000480";"BAJO CAPIRO";"NE_0001";"";"NE_0001";"NE_0001";"NE_0001";"NE_0001";"NE_0001";"NE_0001";"NE_0001"
"2023";"08";"120607";"JUNIN";"SATIPO";"RIO NEGRO";"GOBIERNO REGIONAL";"I-3";"00000506";"UNION CAPIRI";"NE_0001";"";"NE_0001";"NE_0001";"NE_0001";"NE_0001";"NE_0001";"NE_0001";"NE_0001"
"2023";"08";"120601";"JUNIN";"SATIPO";"SATIPO";"GOBIERNO REGIONAL";"I-2";"00000483";"SANIBENI";"NE_0001";"";"NE_0001";"NE_0001";"NE_0001";"NE_0001";"NE_0001";"NE_0001";"NE_0001"
"2023";"08";"120601";"JUNIN";"SATIPO";"SATIPO";"GOBIERNO REGIONAL";"I-1";"00029375";"COMUNIDAD NATIVA SHANQUI";"NE_0001";"";"NE_0001";"NE_0001";"NE_0001";"NE_0001";"NE_0001";"NE_0001";"NE_0001"
"2023";"08";"060608";"CAJAMARCA";"CUTERVO";"SAN ANDRES DE CUTERVO";"GOBIERNO REGIONAL";"I-1";"00006868";"ILLUGAN";"NE_0001";"";"NE_0001";"NE_0001";"NE_0001";"NE_0001";"NE_0001";"NE_0001";"NE_0001"
"2023";"08";"060608";"CAJAMARCA";"CUTERVO";"SAN ANDRES DE CUTERVO";"GOBIERNO REGIONAL";"I-1";"00005036";"QUILLUGAY";"NE_0001";"";"NE_0001";"NE_0001";"NE_0001";"NE_0001";"NE_0001";"NE_0001";"NE_0001"
"2023";"08";"060608";"CAJAMARCA";"CUTERVO";"SAN ANDRES DE CUTERVO";"GOBIERNO REGIONAL";"I-1";"00006940";"PAJONAL";"NE_0001";"";"NE_0001";"NE_0001";"NE_0001";"NE_0001";"NE_0001";"NE_0001";"NE_0001"
"2023";"08";"060608";"CAJAMARCA";"CUTERVO";"SAN ANDRES DE CUTERVO";"GOBIERNO REGIONAL";"I-3";"00005034";"SAN ANDRES";"NE_0001";"";"NE_0001";"NE_0001";"NE_0001";"NE_0001";"NE_0001";"NE_0001";"NE_0001"
"2023";"08";"060608";"CAJAMARCA";"CUTERVO";"SAN ANDRES DE CUTERVO";"GOBIERNO REGIONAL";"I-1";"00005035";"LA FLOR";"NE_0001";"";"NE_0001";"NE_0001";"NE_0001";"NE_0001";"NE_0001";"NE_0001";"NE_0001"
"2023";"08";"020105";"ANCASH";"HUARAZ";"INDEPENDENCIA";"PRIVADO";"II-1";"00012671";"CLINICA SAN PABLO SEDE HUARAZ";"250100";"UNIDAD DE CUIDADOS CRITICOS UNIDAD  DE CUIDADOS INTENSIVOS GENERALES (UCI) ";"12";"11";"36";"43";"5";"155";"0"
"2023";"08";"020105";"ANCASH";"HUARAZ";"INDEPENDENCIA";"PRIVADO";"II-1";"00012671";"CLINICA SAN PABLO SEDE HUARAZ";"240000";"HOSPITALIZACIÓN";"97";"96";"223";"311";"24";"744";"0"
"2023";"08";"110101";"ICA";"ICA";"ICA";"PRIVADO";"I-4";"00009660";"SEÑOR DE LUREN DE ICA";"240000";"HOSPITALIZACIÓN";"60";"56";"85";"94";"14";"434";"17"
"2023";"01";"130101";"LA LIBERTAD";"TRUJILLO";"TRUJILLO";"PRIVADO";"I-4";"00013371";"FARMEDICA SAC";"NE_0001";"";"NE_0001";"NE_0001";"NE_0001";"NE_0001";"NE_0001";"NE_0001";"NE_0001"
"2023";"02";"130101";"LA LIBERTAD";"TRUJILLO";"TRUJILLO";"PRIVADO";"I-4";"00013371";"FARMEDICA SAC";"NE_0001";"";"NE_0001";"NE_0001";"NE_0001";"NE_0001";"NE_0001";"NE_0001";"NE_0001"
"2023";"08";"080105";"CUSCO";"CUSCO";"SAN SEBASTIAN";"PRIVADO";"II-E";"00024584";"VIRGEN GUADALUPE CUSCO";"240100";"HOSPITALIZACIÓN QUIRÚRGICA CIRUGÍA GENERAL ";"65";"65";"65";"65";"65";"67";"0"
"2023";"08";"080105";"CUSCO";"CUSCO";"SAN SEBASTIAN";"PRIVADO";"II-E";"00024584";"VIRGEN GUADALUPE CUSCO";"241800";"HOSPITALIZACIÓN DE MEDICINA MEDICINA GENERAL ";"3";"3";"3";"3";"3";"6";"0"
"2023";"09";"230101";"TACNA";"TACNA";"TACNA";"SANIDAD DE LA POLICIA NACIONAL DEL PERU";"I-3";"00011528";"POLICLINICO POLICIAL TACNA";"NE_0001";"";"NE_0001";"NE_0001";"NE_0001";"NE_0001";"NE_0001";"NE_0001";"NE_0001"
"2023";"09";"080703";"CUSCO";"CHUMBIVILCAS";"CHAMACA";"GOBIERNO REGIONAL";"I-2";"00002403";"AÑAHUICHI";"NE_0001";"";"NE_0001";"NE_0001";"NE_0001";"NE_0001";"NE_0001";"NE_0001";"NE_0001"
"2023";"09";"080703";"CUSCO";"CHUMBIVILCAS";"CHAMACA";"GOBIERNO REGIONAL";"I-1";"00016328";"UCCHUCCARCCO";"NE_0001";"";"NE_0001";"NE_0001";"NE_0001";"NE_0001";"NE_0001";"NE_0001";"NE_0001"
"2023";"09";"080703";"CUSCO";"CHUMBIVILCAS";"CHAMACA";"GOBIERNO REGIONAL";"I-1";"00016330";"CCONCHACCOLLO";"NE_0001";"";"NE_0001";"NE_0001";"NE_0001";"NE_0001";"NE_0001";"NE_0001";"NE_0001"
"2023";"09";"080703";"CUSCO";"CHUMBIVILCAS";"CHAMACA";"GOBIERNO REGIONAL";"I-1";"00016329";"INGATA";"NE_0001";"";"NE_0001";"NE_0001";"NE_0001";"NE_0001";"NE_0001";"NE_0001";"NE_0001"
"2023";"09";"070102";"CALLAO";"CALLAO";"BELLAVISTA";"SANIDAD DE LA MARINA DE GUERRA DEL PERU";"III-1";"00008266";"HOSPITAL NAVAL";"242200";"HOSPITALIZACIÓN DE MEDICINA PSIQUIATRÍA ";"14";"9";"164";"249";"28";"840";"0"
"2023";"09";"070102";"CALLAO";"CALLAO";"BELLAVISTA";"SANIDAD DE LA MARINA DE GUERRA DEL PERU";"III-1";"00008266";"HOSPITAL NAVAL";"245300";"HOSPITALIZACIÓN DE MEDICINA NEUMOLOGÍA  ";"34";"34";"248";"242";"10";"300";"0"
"2023";"09";"070102";"CALLAO";"CALLAO";"BELLAVISTA";"SANIDAD DE LA MARINA DE GUERRA DEL PERU";"III-1";"00008266";"HOSPITAL NAVAL";"242000";"HOSPITALIZACIÓN DE MEDICINA MEDICINA TROPICAL E INFECCIOSAS ";"33";"30";"411";"221";"19";"570";"1"
"2023";"09";"070102";"CALLAO";"CALLAO";"BELLAVISTA";"SANIDAD DE LA MARINA DE GUERRA DEL PERU";"III-1";"00008266";"HOSPITAL NAVAL";"242300";"HOSPITALIZACIÓN DE PEDIATRÍA  PEDIATRÍA  GENERAL ";"82";"84";"265";"300";"18";"540";"0"
"2023";"09";"070102";"CALLAO";"CALLAO";"BELLAVISTA";"SANIDAD DE LA MARINA DE GUERRA DEL PERU";"III-1";"00008266";"HOSPITAL NAVAL";"241200";"HOSPITALIZACIÓN QUIRÚRGICA TRAUMATOLOGÍA Y ORTOPEDIA ";"25";"25";"456";"450";"15";"450";"0"
"2023";"09";"070102";"CALLAO";"CALLAO";"BELLAVISTA";"SANIDAD DE LA MARINA DE GUERRA DEL PERU";"III-1";"00008266";"HOSPITAL NAVAL";"241400";"HOSPITALIZACIÓN QUIRÚRGICA GINECO - OBSTETRICIA ";"83";"81";"411";"316";"18";"540";"0"
"2023";"09";"070102";"CALLAO";"CALLAO";"BELLAVISTA";"SANIDAD DE LA MARINA DE GUERRA DEL PERU";"III-1";"00008266";"HOSPITAL NAVAL";"243200";"HOSPITALIZACIÓN DE PEDIATRÍA PEDIATRIA NEONATOLOGÍA";"45";"41";"186";"208";"12";"360";"0"
"2023";"09";"070102";"CALLAO";"CALLAO";"BELLAVISTA";"SANIDAD DE LA MARINA DE GUERRA DEL PERU";"III-1";"00008266";"HOSPITAL NAVAL";"244400";"HOSPITALIZACIÓN DE MEDICINA GERIATRIA ";"29";"24";"180";"190";"14";"420";"3"
"2023";"09";"070102";"CALLAO";"CALLAO";"BELLAVISTA";"SANIDAD DE LA MARINA DE GUERRA DEL PERU";"III-1";"00008266";"HOSPITAL NAVAL";"240100";"HOSPITALIZACIÓN QUIRÚRGICA CIRUGÍA GENERAL ";"166";"144";"965";"1211";"55";"1650";"0"
"2023";"09";"070102";"CALLAO";"CALLAO";"BELLAVISTA";"SANIDAD DE LA MARINA DE GUERRA DEL PERU";"III-1";"00008266";"HOSPITAL NAVAL";"241800";"HOSPITALIZACIÓN DE MEDICINA MEDICINA GENERAL ";"48";"48";"533";"567";"20";"600";"2"
"2023";"09";"070102";"CALLAO";"CALLAO";"BELLAVISTA";"SANIDAD DE LA MARINA DE GUERRA DEL PERU";"III-1";"00008266";"HOSPITAL NAVAL";"240000";"HOSPITALIZACIÓN";"123";"120";"1096";"1323";"95";"2850";"2"
"2023";"09";"110301";"ICA";"NAZCA";"NAZCA";"SANIDAD DE LA POLICIA NACIONAL DEL PERU";"I-2";"00011399";"UNIDAD EJECUTORA 020:SANIDAD DE LA PNP";"NE_0001";"";"NE_0001";"NE_0001";"NE_0001";"NE_0001";"NE_0001";"NE_0001";"NE_0001"
"2023";"09";"150101";"LIMA";"LIMA";"LIMA";"PRIVADO";"II-E";"00009483";"OCULASER SAC";"NE_0001";"";"NE_0001";"NE_0001";"NE_0001";"NE_0001";"NE_0001";"NE_0001";"NE_0001"
"2023";"09";"120701";"JUNIN";"TARMA";"TARMA";"GOBIERNO REGIONAL";"II-2";"00000520";"DE APOYO FELIX MAYORCA SOTO";"241800";"HOSPITALIZACIÓN DE MEDICINA MEDICINA GENERAL ";"41";"40";"222";"261";"12";"360";"5"
"2023";"09";"120701";"JUNIN";"TARMA";"TARMA";"GOBIERNO REGIONAL";"II-2";"00000520";"DE APOYO FELIX MAYORCA SOTO";"250103";"UNIDAD DE CUIDADOS CRITICOS UNIDAD  DE CUIDADOS INTENSIVOS GENERALES  (UCI) MEDICINA";"2";"3";"41";"26";"2";"60";"3"
"2023";"09";"120701";"JUNIN";"TARMA";"TARMA";"GOBIERNO REGIONAL";"II-2";"00000520";"DE APOYO FELIX MAYORCA SOTO";"240100";"HOSPITALIZACIÓN QUIRÚRGICA CIRUGÍA GENERAL ";"55";"58";"192";"183";"10";"300";"0"
"2023";"09";"120701";"JUNIN";"TARMA";"TARMA";"GOBIERNO REGIONAL";"II-2";"00000520";"DE APOYO FELIX MAYORCA SOTO";"241200";"HOSPITALIZACIÓN QUIRÚRGICA TRAUMATOLOGÍA Y ORTOPEDIA ";"31";"32";"147";"145";"10";"300";"1"
"2023";"09";"120701";"JUNIN";"TARMA";"TARMA";"GOBIERNO REGIONAL";"II-2";"00000520";"DE APOYO FELIX MAYORCA SOTO";"243200";"HOSPITALIZACIÓN DE PEDIATRÍA PEDIATRIA NEONATOLOGÍA";"20";"15";"74";"72";"3";"90";"0"
"2023";"09";"120701";"JUNIN";"TARMA";"TARMA";"GOBIERNO REGIONAL";"II-2";"00000520";"DE APOYO FELIX MAYORCA SOTO";"250105";"UNIDAD DE CUIDADOS CRITICOS UNIDAD  DE CUIDADOS INTENSIVOS  (UCI) NEONATOLOGÍA";"4";"5";"23";"56";"3";"90";"1"
"2023";"09";"120701";"JUNIN";"TARMA";"TARMA";"GOBIERNO REGIONAL";"II-2";"00000520";"DE APOYO FELIX MAYORCA SOTO";"242500";"HOSPITALIZACIÓN-PEDIATRÍA GENERAL-";"24";"24";"59";"59";"5";"150";"0"
"2023";"09";"120701";"JUNIN";"TARMA";"TARMA";"GOBIERNO REGIONAL";"II-2";"00000520";"DE APOYO FELIX MAYORCA SOTO";"241400";"HOSPITALIZACIÓN QUIRÚRGICA GINECO - OBSTETRICIA ";"134";"130";"393";"385";"20";"600";"0"
"2023";"09";"150116";"LIMA";"LIMA";"LINCE";"ESSALUD";"I-3";"00017695";"CENTRO DE ATENCION PRIMARIA III ALFREDO PIAZZA ROBERTS-GSPN I Y II-RPA-ESSALUD";"NE_0001";"";"NE_0001";"NE_0001";"NE_0001";"NE_0001";"NE_0001";"NE_0001";"NE_0001"
"2023";"09";"110101";"ICA";"ICA";"ICA";"ESSALUD";"II-2";"00016374";"HOSPITAL IV AUGUSTO HERNANDEZ MENDOZA";"240100";"HOSPITALIZACIÓN QUIRÚRGICA CIRUGÍA GENERAL ";"74";"89";"421";"432";"16";"480";"0"
"2023";"09";"110101";"ICA";"ICA";"ICA";"ESSALUD";"II-2";"00016374";"HOSPITAL IV AUGUSTO HERNANDEZ MENDOZA";"241000";"HOSPITALIZACIÓN QUIRÚRGICA ONCOLOGÍA QUIRÚRGICA  ";"7";"15";"63";"58";"2";"60";"0"
"2023";"09";"110101";"ICA";"ICA";"ICA";"ESSALUD";"II-2";"00016374";"HOSPITAL IV AUGUSTO HERNANDEZ MENDOZA";"240801";"HOSPITALIZACIÓN QUIRÚRGICA CIRUGÍA PLÁSTICA/RECONSTRUCTIVA/ REPARADORA QUEMADOS";"3";"4";"10";"28";"1";"30";"0"
"2023";"09";"110101";"ICA";"ICA";"ICA";"ESSALUD";"II-2";"00016374";"HOSPITAL IV AUGUSTO HERNANDEZ MENDOZA";"244200";"HOSPITALIZACIÓN DE MEDICINA ENDOCRINOLOGIA ";"1";"3";"44";"57";"2";"60";"0"
"2023";"09";"110101";"ICA";"ICA";"ICA";"ESSALUD";"II-2";"00016374";"HOSPITAL IV AUGUSTO HERNANDEZ MENDOZA";"241500";"HOSPITALIZACIÓN QUIRÚRGICA GINECOLOGÍA  ";"34";"44";"210";"161";"6";"180";"0"
"2023";"09";"110101";"ICA";"ICA";"ICA";"ESSALUD";"II-2";"00016374";"HOSPITAL IV AUGUSTO HERNANDEZ MENDOZA";"241900";"HOSPITALIZACIÓN DE MEDICINA MEDICINA INTERNA ";"59";"55";"696";"588";"20";"600";"11"
"2023";"09";"110101";"ICA";"ICA";"ICA";"ESSALUD";"II-2";"00016374";"HOSPITAL IV AUGUSTO HERNANDEZ MENDOZA";"244600";"HOSPITALIZACIÓN DE MEDICINA NEFROLOGIA ";"2";"6";"61";"86";"3";"90";"0"
"2023";"09";"110101";"ICA";"ICA";"ICA";"ESSALUD";"II-2";"00016374";"HOSPITAL IV AUGUSTO HERNANDEZ MENDOZA";"240900";"HOSPITALIZACIÓN QUIRÚRGICA NEUROCIRUGÍA ";"10";"10";"275";"55";"2";"60";"1"
"2023";"09";"110101";"ICA";"ICA";"ICA";"ESSALUD";"II-2";"00016374";"HOSPITAL IV AUGUSTO HERNANDEZ MENDOZA";"244700";"HOSPITALIZACIÓN DE MEDICINA NEUROLOGIA  ";"6";"5";"21";"28";"1";"30";"0"
"2023";"09";"110101";"ICA";"ICA";"ICA";"ESSALUD";"II-2";"00016374";"HOSPITAL IV AUGUSTO HERNANDEZ MENDOZA";"241400";"HOSPITALIZACIÓN QUIRÚRGICA GINECO - OBSTETRICIA ";"83";"96";"332";"348";"12";"360";"0"
"2023";"09";"110101";"ICA";"ICA";"ICA";"ESSALUD";"II-2";"00016374";"HOSPITAL IV AUGUSTO HERNANDEZ MENDOZA";"242100";"HOSPITALIZACIÓN DE MEDICINA ONCOLOGÍA MÉDICA ";"8";"16";"68";"59";"2";"60";"0"
"2023";"09";"110101";"ICA";"ICA";"ICA";"ESSALUD";"II-2";"00016374";"HOSPITAL IV AUGUSTO HERNANDEZ MENDOZA";"241200";"HOSPITALIZACIÓN QUIRÚRGICA TRAUMATOLOGÍA Y ORTOPEDIA ";"92";"92";"466";"585";"20";"600";"0"
"2023";"09";"110101";"ICA";"ICA";"ICA";"ESSALUD";"II-2";"00016374";"HOSPITAL IV AUGUSTO HERNANDEZ MENDOZA";"241100";"HOSPITALIZACIÓN QUIRÚRGICA OTORRINOLARINGOLOGÍA  ";"9";"12";"19";"26";"1";"30";"0"
"2023";"04";"090101";"HUANCAVELICA";"HUANCAVELICA";"HUANCAVELICA";"PRIVADO";"I-3";"00009300";"JUAN PABLO II";"NE_0001";"";"NE_0001";"NE_0001";"NE_0001";"NE_0001";"NE_0001";"NE_0001";"NE_0001"
"2023";"01";"120120";"JUNIN";"HUANCAYO";"HUASICANCHA";"GOBIERNO REGIONAL";"I-1";"00000703";"HUASICANCHA";"NE_0002";"";"NE_0002";"NE_0002";"NE_0002";"NE_0002";"NE_0002";"NE_0002";"NE_0002"
"2023";"01";"120112";"JUNIN";"HUANCAYO";"COLCA";"GOBIERNO REGIONAL";"I-2";"00000701";"COLCA";"NE_0002";"";"NE_0002";"NE_0002";"NE_0002";"NE_0002";"NE_0002";"NE_0002";"NE_0002"
"2023";"01";"120108";"JUNIN";"HUANCAYO";"CHONGOS ALTO";"GOBIERNO REGIONAL";"I-3";"00000700";"CHONGOS ALTO";"NE_0002";"";"NE_0002";"NE_0002";"NE_0002";"NE_0002";"NE_0002";"NE_0002";"NE_0002"
"2023";"01";"120106";"JUNIN";"HUANCAYO";"CHICCHE";"GOBIERNO REGIONAL";"I-1";"00000699";"YANA YANA";"NE_0002";"";"NE_0002";"NE_0002";"NE_0002";"NE_0002";"NE_0002";"NE_0002";"NE_0002"
"2023";"01";"120106";"JUNIN";"HUANCAYO";"CHICCHE";"GOBIERNO REGIONAL";"I-1";"00000698";"VISTA ALEGRE";"NE_0002";"";"NE_0002";"NE_0002";"NE_0002";"NE_0002";"NE_0002";"NE_0002";"NE_0002"
"2023";"01";"120106";"JUNIN";"HUANCAYO";"CHICCHE";"GOBIERNO REGIONAL";"I-1";"00000697";"CHICCHE";"NE_0002";"";"NE_0002";"NE_0002";"NE_0002";"NE_0002";"NE_0002";"NE_0002";"NE_0002"
"2023";"01";"120105";"JUNIN";"HUANCAYO";"CHACAPAMPA";"GOBIERNO REGIONAL";"I-1";"00000696";"LOS ANGELES";"NE_0002";"";"NE_0002";"NE_0002";"NE_0002";"NE_0002";"NE_0002";"NE_0002";"NE_0002"
"2023";"01";"120105";"JUNIN";"HUANCAYO";"CHACAPAMPA";"GOBIERNO REGIONAL";"I-1";"00000695";"HUACAN";"NE_0002";"";"NE_0002";"NE_0002";"NE_0002";"NE_0002";"NE_0002";"NE_0002";"NE_0002"
"2023";"05";"150103";"LIMA";"LIMA";"ATE";"MINSA";"II-1";"00005945";"HOSPITAL VITARTE";"241900";"HOSPITALIZACIÓN DE MEDICINA MEDICINA INTERNA ";"152";"162";"980";"889";"33";"1023";"4"
"2023";"05";"150103";"LIMA";"LIMA";"ATE";"MINSA";"II-1";"00005945";"HOSPITAL VITARTE";"242300";"HOSPITALIZACIÓN DE PEDIATRÍA  PEDIATRÍA  GENERAL ";"180";"183";"981";"893";"29";"899";"0"
"2023";"05";"150103";"LIMA";"LIMA";"ATE";"MINSA";"II-1";"00005945";"HOSPITAL VITARTE";"243200";"HOSPITALIZACIÓN DE PEDIATRÍA PEDIATRIA NEONATOLOGÍA";"76";"82";"245";"249";"10";"310";"1"
"2023";"05";"150103";"LIMA";"LIMA";"ATE";"MINSA";"II-1";"00005945";"HOSPITAL VITARTE";"241500";"HOSPITALIZACIÓN QUIRÚRGICA GINECOLOGÍA  ";"60";"52";"142";"166";"7";"217";"0"
"2023";"05";"150103";"LIMA";"LIMA";"ATE";"MINSA";"II-1";"00005945";"HOSPITAL VITARTE";"241400";"HOSPITALIZACIÓN QUIRÚRGICA GINECO - OBSTETRICIA ";"419";"423";"886";"878";"33";"1023";"0"
"2023";"05";"150103";"LIMA";"LIMA";"ATE";"MINSA";"II-1";"00005945";"HOSPITAL VITARTE";"240100";"HOSPITALIZACIÓN QUIRÚRGICA CIRUGÍA GENERAL ";"229";"220";"612";"670";"29";"899";"0"
"2023";"05";"150103";"LIMA";"LIMA";"ATE";"MINSA";"II-1";"00005945";"HOSPITAL VITARTE";"241200";"HOSPITALIZACIÓN QUIRÚRGICA TRAUMATOLOGÍA Y ORTOPEDIA ";"48";"44";"140";"177";"8";"248";"1"
"2023";"05";"150103";"LIMA";"LIMA";"ATE";"MINSA";"II-1";"00005945";"HOSPITAL VITARTE";"241100";"HOSPITALIZACIÓN QUIRÚRGICA OTORRINOLARINGOLOGÍA  ";"20";"18";"18";"20";"1";"31";"0"
"2023";"05";"150103";"LIMA";"LIMA";"ATE";"MINSA";"II-1";"00005945";"HOSPITAL VITARTE";"241300";"HOSPITALIZACIÓN QUIRÚRGICA UROLOGÍA  ";"10";"8";"13";"17";"1";"31";"0"
"2023";"05";"150103";"LIMA";"LIMA";"ATE";"MINSA";"II-1";"00005945";"HOSPITAL VITARTE";"240600";"HOSPITALIZACIÓN QUIRÚRGICA CIRUGÍA OFTALMOLÓGICA ";"14";"14";"14";"14";"1";"31";"0"
"2023";"05";"240301";"TUMBES";"ZARUMILLA";"ZARUMILLA";"ESSALUD";"I-2";"00012271";"POSTA MEDICA ZARUMILLA";"NE_0001";"";"NE_0001";"NE_0001";"NE_0001";"NE_0001";"NE_0001";"NE_0001";"NE_0001"
"2023";"05";"080902";"CUSCO";"LA CONVENCION";"ECHARATE";"GOBIERNO REGIONAL";"I-1";"00002450";"SAN ANTONIO";"NE_0001";"";"NE_0001";"NE_0001";"NE_0001";"NE_0001";"NE_0001";"NE_0001";"NE_0001"
"2023";"05";"080902";"CUSCO";"LA CONVENCION";"ECHARATE";"GOBIERNO REGIONAL";"I-2";"00002429";"CIRIALO";"NE_0001";"";"NE_0001";"NE_0001";"NE_0001";"NE_0001";"NE_0001";"NE_0001";"NE_0001"
"2023";"05";"080902";"CUSCO";"LA CONVENCION";"ECHARATE";"GOBIERNO REGIONAL";"I-2";"00002433";"KORIBENI";"NE_0001";"";"NE_0001";"NE_0001";"NE_0001";"NE_0001";"NE_0001";"NE_0001";"NE_0001"
"2023";"05";"080902";"CUSCO";"LA CONVENCION";"ECHARATE";"GOBIERNO REGIONAL";"I-4";"00002439";"PALMA REAL";"NE_0001";"";"NE_0001";"NE_0001";"NE_0001";"NE_0001";"NE_0001";"NE_0001";"NE_0001"
"2023";"05";"080902";"CUSCO";"LA CONVENCION";"ECHARATE";"GOBIERNO REGIONAL";"I-1";"00002449";"ICHIQUIATO";"NE_0001";"";"NE_0001";"NE_0001";"NE_0001";"NE_0001";"NE_0001";"NE_0001";"NE_0001"
"2023";"05";"150106";"LIMA";"LIMA";"CARABAYLLO";"ESSALUD";"I-3";"00026009";"CAP III CARABAYLLO";"NE_0001";"";"NE_0001";"NE_0001";"NE_0001";"NE_0001";"NE_0001";"NE_0001";"NE_0001"
"2023";"05";"040608";"AREQUIPA";"CONDESUYOS";"YANAQUIHUA";"GOBIERNO REGIONAL";"I-2";"00001414";"PUESTO DE SALUD ISPACAS";"NE_0001";"";"NE_0001";"NE_0001";"NE_0001";"NE_0001";"NE_0001";"NE_0001";"NE_0001"
"2023";"05";"040605";"AREQUIPA";"CONDESUYOS";"IRAY";"GOBIERNO REGIONAL";"I-2";"00001409";"IRAY";"NE_0001";"";"NE_0001";"NE_0001";"NE_0001";"NE_0001";"NE_0001";"NE_0001";"NE_0001"
"2023";"05";"040607";"AREQUIPA";"CONDESUYOS";"SALAMANCA";"GOBIERNO REGIONAL";"I-1";"00001413";"PUESTO DE SALUD PUCUNCHO";"NE_0001";"";"NE_0001";"NE_0001";"NE_0001";"NE_0001";"NE_0001";"NE_0001";"NE_0001"
"2023";"05";"040604";"AREQUIPA";"CONDESUYOS";"CHICHAS";"GOBIERNO REGIONAL";"I-2";"00001410";"PUESTO DE SALUD CHICHAS";"NE_0001";"";"NE_0001";"NE_0001";"NE_0001";"NE_0001";"NE_0001";"NE_0001";"NE_0001"
"2023";"05";"040604";"AREQUIPA";"CONDESUYOS";"CHICHAS";"GOBIERNO REGIONAL";"I-2";"00001411";"PUESTO DE SALUD YACHANGUILLO";"NE_0001";"";"NE_0001";"NE_0001";"NE_0001";"NE_0001";"NE_0001";"NE_0001";"NE_0001"
"2023";"05";"040604";"AREQUIPA";"CONDESUYOS";"CHICHAS";"GOBIERNO REGIONAL";"I-1";"00001416";"YANQUE";"NE_0001";"";"NE_0001";"NE_0001";"NE_0001";"NE_0001";"NE_0001";"NE_0001";"NE_0001"
"2023";"05";"040607";"AREQUIPA";"CONDESUYOS";"SALAMANCA";"GOBIERNO REGIONAL";"I-2";"00001412";"PUESTO DE SALUD SALAMANCA";"NE_0001";"";"NE_0001";"NE_0001";"NE_0001";"NE_0001";"NE_0001";"NE_0001";"NE_0001"
"2023";"05";"040601";"AREQUIPA";"CONDESUYOS";"CHUQUIBAMBA";"GOBIERNO REGIONAL";"I-4";"00001388";"CENTRO DE SALUD CHUQUIBAMBA";"241600";"HOSPITALIZACIÓN QUIRÚRGICA OBSTETRICIA   ";"2";"2";"2";"3";"3";"90";"0"
"2023";"05";"040608";"AREQUIPA";"CONDESUYOS";"YANAQUIHUA";"GOBIERNO REGIONAL";"I-3";"00001389";"CENTRO DE SALUD YANAQUIHUA";"NE_0001";"";"NE_0001";"NE_0001";"NE_0001";"NE_0001";"NE_0001";"NE_0001";"NE_0001"
"2023";"05";"040602";"AREQUIPA";"CONDESUYOS";"ANDARAY";"GOBIERNO REGIONAL";"I-2";"00001415";"PUESTO DE SALUD ANDARAY";"NE_0001";"";"NE_0001";"NE_0001";"NE_0001";"NE_0001";"NE_0001";"NE_0001";"NE_0001"
"2023";"04";"150120";"LIMA";"LIMA";"MAGDALENA DEL MAR";"PRIVADO";"II-E";"00025749";"MEDAVAN";"240000";"HOSPITALIZACIÓN";"56";"56";"63";"41";"4";"120";"0"
"2023";"06";"090101";"HUANCAVELICA";"HUANCAVELICA";"HUANCAVELICA";"SANIDAD DE LA POLICIA NACIONAL DEL PERU";"I-2";"00009476";"POSTA  MEDICA  POLICIAL- HUANCAVELICA";"NE_0001";"";"NE_0001";"NE_0001";"NE_0001";"NE_0001";"NE_0001";"NE_0001";"NE_0001"
"2023";"06";"060401";"CAJAMARCA";"CHOTA";"CHOTA";"SANIDAD DE LA POLICIA NACIONAL DEL PERU";"I-2";"00010929";"POSTA MEDICA POLICIAL CHOTA";"NE_0001";"";"NE_0001";"NE_0001";"NE_0001";"NE_0001";"NE_0001";"NE_0001";"NE_0001"
"2023";"06";"080901";"CUSCO";"LA CONVENCION";"SANTA ANA";"SANIDAD DE LA POLICIA NACIONAL DEL PERU";"I-2";"00011744";"POSTA MEDICO POLICIAL LA CONVENCION - QUILLABAMBA";"NE_0001";"";"NE_0001";"NE_0001";"NE_0001";"NE_0001";"NE_0001";"NE_0001";"NE_0001"
"2023";"06";"120101";"JUNIN";"HUANCAYO";"HUANCAYO";"SANIDAD DE LA POLICIA NACIONAL DEL PERU";"I-3";"00010710";"POLICLINICO POLICIAL HUANCAYO ENRIQUE TORRES GONZALES";"NE_0001";"";"NE_0001";"NE_0001";"NE_0001";"NE_0001";"NE_0001";"NE_0001";"NE_0001"
"2023";"06";"021801";"ANCASH";"SANTA";"CHIMBOTE";"PRIVADO";"II-1";"00017075";"CLINICA BELEN";"NE_0002";"";"NE_0002";"NE_0002";"NE_0002";"NE_0002";"NE_0002";"NE_0002";"NE_0002"
"2023";"07";"220503";"SAN MARTIN";"LAMAS";"BARRANQUITA";"GOBIERNO REGIONAL";"I-1";"00006435";"SANTA CLARA";"NE_0001";"";"NE_0001";"NE_0001";"NE_0001";"NE_0001";"NE_0001";"NE_0001";"NE_0001"
"2023";"07";"220503";"SAN MARTIN";"LAMAS";"BARRANQUITA";"GOBIERNO REGIONAL";"I-1";"00006433";"PUERTO PIZARRO";"NE_0001";"";"NE_0001";"NE_0001";"NE_0001";"NE_0001";"NE_0001";"NE_0001";"NE_0001"
"2023";"07";"220503";"SAN MARTIN";"LAMAS";"BARRANQUITA";"GOBIERNO REGIONAL";"I-1";"00007401";"SANANGO";"NE_0001";"";"NE_0001";"NE_0001";"NE_0001";"NE_0001";"NE_0001";"NE_0001";"NE_0001"
"2023";"07";"220503";"SAN MARTIN";"LAMAS";"BARRANQUITA";"GOBIERNO REGIONAL";"I-3";"00006432";"BARRANQUITA CAYNARACHI";"NE_0001";"";"NE_0001";"NE_0001";"NE_0001";"NE_0001";"NE_0001";"NE_0001";"NE_0001"
"2023";"07";"220503";"SAN MARTIN";"LAMAS";"BARRANQUITA";"GOBIERNO REGIONAL";"I-1";"00006434";"SANTIAGO DE BORJA";"NE_0001";"";"NE_0001";"NE_0001";"NE_0001";"NE_0001";"NE_0001";"NE_0001";"NE_0001"
"2023";"07";"220503";"SAN MARTIN";"LAMAS";"BARRANQUITA";"GOBIERNO REGIONAL";"I-1";"00006450";"SANTA ELENA";"NE_0001";"";"NE_0001";"NE_0001";"NE_0001";"NE_0001";"NE_0001";"NE_0001";"NE_0001"
"2023";"07";"220503";"SAN MARTIN";"LAMAS";"BARRANQUITA";"GOBIERNO REGIONAL";"I-1";"00006436";"EL PIÑAL";"NE_0001";"";"NE_0001";"NE_0001";"NE_0001";"NE_0001";"NE_0001";"NE_0001";"NE_0001"
"2023";"07";"010201";"AMAZONAS";"BAGUA";"BAGUA";"ESSALUD";"II-1";"00009068";"HOSPITAL I HEROES DEL CENEPA";"241800";"HOSPITALIZACIÓN DE MEDICINA MEDICINA GENERAL ";"49";"49";"169";"130";"4";"124";"0"
"2023";"07";"010201";"AMAZONAS";"BAGUA";"BAGUA";"ESSALUD";"II-1";"00009068";"HOSPITAL I HEROES DEL CENEPA";"240100";"HOSPITALIZACIÓN QUIRÚRGICA CIRUGÍA GENERAL ";"9";"9";"36";"49";"3";"93";"0"
"2023";"07";"010201";"AMAZONAS";"BAGUA";"BAGUA";"ESSALUD";"II-1";"00009068";"HOSPITAL I HEROES DEL CENEPA";"241500";"HOSPITALIZACIÓN QUIRÚRGICA GINECOLOGÍA  ";"21";"21";"57";"81";"3";"93";"0"
"2023";"07";"010201";"AMAZONAS";"BAGUA";"BAGUA";"ESSALUD";"II-1";"00009068";"HOSPITAL I HEROES DEL CENEPA";"242300";"HOSPITALIZACIÓN DE PEDIATRÍA  PEDIATRÍA  GENERAL ";"27";"27";"67";"72";"3";"93";"0"
"2023";"07";"150140";"LIMA";"LIMA";"SANTIAGO DE SURCO";"PRIVADO";"II-2";"00009989";"CLINICA PADRE LUIS TEZZA";"240000";"HOSPITALIZACIÓN";"305";"277";"1014";"1304";"62";"1922";"2"
"2023";"07";"070101";"CALLAO";"CALLAO";"CALLAO";"GOBIERNO REGIONAL";"I-2";"00006226";"PUESTO DE SALUD PUERTO NUEVO";"NE_0001";"";"NE_0001";"NE_0001";"NE_0001";"NE_0001";"NE_0001";"NE_0001";"NE_0001"
"2023";"07";"070105";"CALLAO";"CALLAO";"LA PUNTA";"GOBIERNO REGIONAL";"I-2";"00006227";"PUESTO DE SALUD LA PUNTA";"NE_0001";"";"NE_0001";"NE_0001";"NE_0001";"NE_0001";"NE_0001";"NE_0001";"NE_0001"
"2023";"07";"070101";"CALLAO";"CALLAO";"CALLAO";"GOBIERNO REGIONAL";"I-2";"00006225";"PUESTO DE SALUD  SAN JUAN BOSCO";"NE_0001";"";"NE_0001";"NE_0001";"NE_0001";"NE_0001";"NE_0001";"NE_0001";"NE_0001"
"2023";"07";"070101";"CALLAO";"CALLAO";"CALLAO";"GOBIERNO REGIONAL";"I-3";"00006221";"C.S. ALBERTO BARTON";"NE_0001";"";"NE_0001";"NE_0001";"NE_0001";"NE_0001";"NE_0001";"NE_0001";"NE_0001"
"2023";"07";"070101";"CALLAO";"CALLAO";"CALLAO";"GOBIERNO REGIONAL";"I-2";"00006220";"PUESTO DE SALUD MANUEL BONILLA";"NE_0001";"";"NE_0001";"NE_0001";"NE_0001";"NE_0001";"NE_0001";"NE_0001";"NE_0001"
"2023";"07";"250301";"UCAYALI";"PADRE ABAD";"PADRE ABAD";"ESSALUD";"I-2";"00031880";"POSTA DE SALUD AGUAYTIA";"NE_0001";"";"NE_0001";"NE_0001";"NE_0001";"NE_0001";"NE_0001";"NE_0001";"NE_0001"
"2023";"08";"090204";"HUANCAVELICA";"ACOBAMBA";"CAJA";"GOBIERNO REGIONAL";"I-1";"00011225";"PUESTO DE SALUD HUANCCALLACO";"NE_0001";"";"NE_0001";"NE_0001";"NE_0001";"NE_0001";"NE_0001";"NE_0001";"NE_0001"
"2023";"08";"090205";"HUANCAVELICA";"ACOBAMBA";"MARCAS";"GOBIERNO REGIONAL";"I-1";"00011232";"PUESTO DE SALUD PALOMA";"NE_0001";"";"NE_0001";"NE_0001";"NE_0001";"NE_0001";"NE_0001";"NE_0001";"NE_0001"
"2023";"08";"200110";"PIURA";"PIURA";"LA UNION";"ESSALUD";"I-3";"00011733";"CENTRO MEDICO ""LEONCIO AMAYA TUME""";"NE_0001";"";"NE_0001";"NE_0001";"NE_0001";"NE_0001";"NE_0001";"NE_0001";"NE_0001"
"2023";"08";"090201";"HUANCAVELICA";"ACOBAMBA";"ACOBAMBA";"GOBIERNO REGIONAL";"II-1";"00003917";"HOSPITAL PROVINCIAL DE ACOBAMBA";"240100";"HOSPITALIZACIÓN QUIRÚRGICA CIRUGÍA GENERAL ";"14";"15";"84";"99";"4";"124";"0"
"2023";"08";"090201";"HUANCAVELICA";"ACOBAMBA";"ACOBAMBA";"GOBIERNO REGIONAL";"II-1";"00003917";"HOSPITAL PROVINCIAL DE ACOBAMBA";"241400";"HOSPITALIZACIÓN QUIRÚRGICA GINECO - OBSTETRICIA ";"35";"35";"60";"95";"8";"248";"0"
"2023";"08";"090201";"HUANCAVELICA";"ACOBAMBA";"ACOBAMBA";"GOBIERNO REGIONAL";"II-1";"00003917";"HOSPITAL PROVINCIAL DE ACOBAMBA";"241800";"HOSPITALIZACIÓN DE MEDICINA MEDICINA GENERAL ";"10";"11";"46";"57";"6";"186";"0"
"2023";"08";"090201";"HUANCAVELICA";"ACOBAMBA";"ACOBAMBA";"GOBIERNO REGIONAL";"II-1";"00003917";"HOSPITAL PROVINCIAL DE ACOBAMBA";"242500";"HOSPITALIZACIÓN-PEDIATRÍA GENERAL-";"7";"7";"14";"21";"4";"124";"0"
"2023";"08";"120114";"JUNIN";"HUANCAYO";"EL TAMBO";"PRIVADO";"II-E";"00028966";"CLÍNICA ESPECIALIZADA MIRANDA";"241300";"HOSPITALIZACIÓN QUIRÚRGICA UROLOGÍA  ";"1";"1";"1";"10";"9";"10";"0"
"2023";"08";"160601";"LORETO";"UCAYALI";"CONTAMANA";"ESSALUD";"I-3";"00010843";"POSTA MEDICA ESSALUD CONTAMANA";"NE_0001";"";"NE_0001";"NE_0001";"NE_0001";"NE_0001";"NE_0001";"NE_0001";"NE_0001"
"2023";"08";"021801";"ANCASH";"SANTA";"CHIMBOTE";"PRIVADO";"II-1";"00016552";"CLINICA ROBLES S.A.C.";"240100";"HOSPITALIZACIÓN QUIRÚRGICA CIRUGÍA GENERAL ";"58";"49";"31";"122";"6";"204";"0"
"2023";"08";"021801";"ANCASH";"SANTA";"CHIMBOTE";"PRIVADO";"II-1";"00016552";"CLINICA ROBLES S.A.C.";"241400";"HOSPITALIZACIÓN QUIRÚRGICA GINECO - OBSTETRICIA ";"41";"28";"40";"245";"8";"271";"0"
"2023";"08";"150110";"LIMA";"LIMA";"COMAS";"MINSA";"III-1";"00007634";"HOSPITAL SERGIO E. BERNALES";"241900";"HOSPITALIZACIÓN DE MEDICINA MEDICINA INTERNA ";"97";"121";"1312";"1344";"48";"1488";"17"
"2023";"08";"150110";"LIMA";"LIMA";"COMAS";"MINSA";"III-1";"00007634";"HOSPITAL SERGIO E. BERNALES";"245300";"HOSPITALIZACIÓN DE MEDICINA NEUMOLOGÍA  ";"21";"20";"256";"525";"25";"775";"6"
"2023";"08";"150110";"LIMA";"LIMA";"COMAS";"MINSA";"III-1";"00007634";"HOSPITAL SERGIO E. BERNALES";"240100";"HOSPITALIZACIÓN QUIRÚRGICA CIRUGÍA GENERAL ";"248";"242";"1666";"1672";"65";"2015";"2"
"2023";"08";"150110";"LIMA";"LIMA";"COMAS";"MINSA";"III-1";"00007634";"HOSPITAL SERGIO E. BERNALES";"241200";"HOSPITALIZACIÓN QUIRÚRGICA TRAUMATOLOGÍA Y ORTOPEDIA ";"36";"40";"557";"614";"22";"682";"0"
"2023";"08";"150110";"LIMA";"LIMA";"COMAS";"MINSA";"III-1";"00007634";"HOSPITAL SERGIO E. BERNALES";"242300";"HOSPITALIZACIÓN DE PEDIATRÍA  PEDIATRÍA  GENERAL ";"164";"159";"526";"792";"28";"868";"0"
"2023";"08";"150110";"LIMA";"LIMA";"COMAS";"MINSA";"III-1";"00007634";"HOSPITAL SERGIO E. BERNALES";"243200";"HOSPITALIZACIÓN DE PEDIATRÍA PEDIATRIA NEONATOLOGÍA";"335";"322";"1024";"633";"29";"899";"6"
"2023";"08";"150110";"LIMA";"LIMA";"COMAS";"MINSA";"III-1";"00007634";"HOSPITAL SERGIO E. BERNALES";"241600";"HOSPITALIZACIÓN QUIRÚRGICA OBSTETRICIA   ";"83";"84";"277";"338";"14";"434";"0"
"2023";"08";"150110";"LIMA";"LIMA";"COMAS";"MINSA";"III-1";"00007634";"HOSPITAL SERGIO E. BERNALES";"241500";"HOSPITALIZACIÓN QUIRÚRGICA GINECOLOGÍA  ";"446";"371";"848";"1481";"58";"1798";"0"
"2023";"08";"150101";"LIMA";"LIMA";"LIMA";"PRIVADO";"II-E";"00023833";"INSTITUTO OFTALMOLOGICO LA LUZ SOCIEDAD ANONIMA CERRADA - INSTITUTO OFTALMOLOGICO LA LUZ S.A.C.";"NE_0001";"";"NE_0001";"NE_0001";"NE_0001";"NE_0001";"NE_0001";"NE_0001";"NE_0001"
"2023";"08";"110201";"ICA";"CHINCHA";"CHINCHA ALTA";"GOBIERNO REGIONAL";"II-1";"00003414";"HOSPITAL SAN JOSE DE CHINCHA";"240100";"HOSPITALIZACIÓN QUIRÚRGICA CIRUGÍA GENERAL ";"91";"91";"430";"429";"32";"992";"0"
"2023";"08";"110201";"ICA";"CHINCHA";"CHINCHA ALTA";"GOBIERNO REGIONAL";"II-1";"00003414";"HOSPITAL SAN JOSE DE CHINCHA";"241400";"HOSPITALIZACIÓN QUIRÚRGICA GINECO - OBSTETRICIA ";"261";"261";"607";"607";"40";"1240";"0"
"2023";"08";"110201";"ICA";"CHINCHA";"CHINCHA ALTA";"GOBIERNO REGIONAL";"II-1";"00003414";"HOSPITAL SAN JOSE DE CHINCHA";"241800";"HOSPITALIZACIÓN DE MEDICINA MEDICINA GENERAL ";"113";"113";"722";"718";"68";"2108";"16"
"2023";"08";"110201";"ICA";"CHINCHA";"CHINCHA ALTA";"GOBIERNO REGIONAL";"II-1";"00003414";"HOSPITAL SAN JOSE DE CHINCHA";"242500";"HOSPITALIZACIÓN-PEDIATRÍA GENERAL-";"84";"84";"268";"265";"14";"434";"3"
"2023";"08";"040103";"AREQUIPA";"AREQUIPA";"CAYMA";"PRIVADO";"II-1";"00015730";"CLINICA SAN JUAN DE DIOS";"240000";"HOSPITALIZACIÓN";"501";"486";"1774";"1770";"80";"2480";"3"
"2023";"05";"200115";"PIURA";"PIURA";"VEINTISEIS DE OCTUBRE";"PRIVADO";"II-1";"00027260";"CLÍNICA BELLO HORIZONTE S.A.";"240000";"HOSPITALIZACIÓN";"156";"145";"428";"585";"16";"496";"2"
"2023";"05";"200115";"PIURA";"PIURA";"VEINTISEIS DE OCTUBRE";"PRIVADO";"II-1";"00027260";"CLÍNICA BELLO HORIZONTE S.A.";"250100";"UNIDAD DE CUIDADOS CRITICOS UNIDAD  DE CUIDADOS INTENSIVOS GENERALES (UCI) ";"3";"5";"28";"28";"4";"124";"1"
"2023";"05";"210101";"PUNO";"PUNO";"PUNO";"PRIVADO";"II-1";"00009685";"CLINICA PUNO";"241300";"HOSPITALIZACIÓN QUIRÚRGICA UROLOGÍA  ";"1";"1";"3";"1";"1";"27";"0"
"2023";"05";"210101";"PUNO";"PUNO";"PUNO";"PRIVADO";"II-1";"00009685";"CLINICA PUNO";"240100";"HOSPITALIZACIÓN QUIRÚRGICA CIRUGÍA GENERAL ";"11";"11";"18";"11";"2";"42";"0"
"2023";"05";"210101";"PUNO";"PUNO";"PUNO";"PRIVADO";"II-1";"00009685";"CLINICA PUNO";"241200";"HOSPITALIZACIÓN QUIRÚRGICA TRAUMATOLOGÍA Y ORTOPEDIA ";"9";"9";"15";"15";"1";"15";"0"
"2023";"05";"210101";"PUNO";"PUNO";"PUNO";"PRIVADO";"II-1";"00009685";"CLINICA PUNO";"241400";"HOSPITALIZACIÓN QUIRÚRGICA GINECO - OBSTETRICIA ";"6";"6";"9";"6";"1";"21";"0"
"2023";"05";"040126";"AREQUIPA";"AREQUIPA";"YANAHUARA";"PRIVADO";"II-1";"00028448";"CLINICA EMMEL";"245700";"HOSPITALIZACIÓN QUIRÚRGICA CARDIOLOGIA ";"1";"1";"1";"1";"2";"62";"0"
"2023";"04";"080601";"CUSCO";"CANCHIS";"SICUANI";"SANIDAD DE LA POLICIA NACIONAL DEL PERU";"I-2";"00024663";"SANIDAD PNP  SICUANI";"NE_0001";"";"NE_0001";"NE_0001";"NE_0001";"NE_0001";"NE_0001";"NE_0001";"NE_0001"
"2023";"04";"150108";"LIMA";"LIMA";"CHORRILLOS";"MINSA";"III-E";"00007734";"INSTITUTO NACIONAL DE REHABILITACION DRA. ADRIANA REBAZA FLORES - AMISTAD PERU-JAPON";"240000";"HOSPITALIZACIÓN";"11";"13";"1135";"663";"24";"720";"0"
"2023";"04";"150101";"LIMA";"LIMA";"LIMA";"PRIVADO";"I-2";"00018921";"ARIE";"NE_0002";"";"NE_0002";"NE_0002";"NE_0002";"NE_0002";"NE_0002";"NE_0002";"NE_0002"
"2023";"04";"100101";"HUANUCO";"HUANUCO";"HUANUCO";"PRIVADO";"II-E";"00021062";"CLINICA SAN JUAN BOSCO E.I.R.L.";"240000";"HOSPITALIZACIÓN";"7";"7";"8";"7";"11";"330";"0"
"2023";"04";"051011";"AYACUCHO";"VICTOR FAJARDO";"SARHUA";"GOBIERNO REGIONAL";"I-1";"00003505";"TOMANGA";"NE_0001";"";"NE_0001";"NE_0001";"NE_0001";"NE_0001";"NE_0001";"NE_0001";"NE_0001"
"2023";"04";"051011";"AYACUCHO";"VICTOR FAJARDO";"SARHUA";"GOBIERNO REGIONAL";"I-1";"00003500";"PUESTO DE SALUD CHUQUI HUARCAYA";"NE_0001";"";"NE_0001";"NE_0001";"NE_0001";"NE_0001";"NE_0001";"NE_0001";"NE_0001"
"2023";"04";"050202";"AYACUCHO";"CANGALLO";"CHUSCHI";"GOBIERNO REGIONAL";"I-3";"00003502";"CENTRO DE SALUD CHUSCHI";"241400";"HOSPITALIZACIÓN QUIRÚRGICA GINECO - OBSTETRICIA ";"4";"4";"9";"1";"3";"4";"0"
"2023";"04";"050202";"AYACUCHO";"CANGALLO";"CHUSCHI";"GOBIERNO REGIONAL";"I-1";"00003504";"PUESTO DE SALUD CANCHA CANCHA";"NE_0001";"";"NE_0001";"NE_0001";"NE_0001";"NE_0001";"NE_0001";"NE_0001";"NE_0001"
"2023";"04";"050204";"AYACUCHO";"CANGALLO";"MARIA PARADO DE BELLIDO";"GOBIERNO REGIONAL";"I-3";"00003509";"CENTRO DE SALUD POMABAMBA";"240100";"HOSPITALIZACIÓN QUIRÚRGICA CIRUGÍA GENERAL ";"3";"3";"7";"2";"5";"6";"0"
"2023";"04";"050204";"AYACUCHO";"CANGALLO";"MARIA PARADO DE BELLIDO";"GOBIERNO REGIONAL";"I-3";"00003509";"CENTRO DE SALUD POMABAMBA";"241400";"HOSPITALIZACIÓN QUIRÚRGICA GINECO - OBSTETRICIA ";"1";"1";"1";"1";"3";"4";"0"
"2023";"04";"051011";"AYACUCHO";"VICTOR FAJARDO";"SARHUA";"GOBIERNO REGIONAL";"I-3";"00003512";"PUESTO DE SALUD SARHUA";"NE_0002";"";"NE_0002";"NE_0002";"NE_0002";"NE_0002";"NE_0002";"NE_0002";"NE_0002"
"2023";"04";"051008";"AYACUCHO";"VICTOR FAJARDO";"HUAMANQUIQUIA";"GOBIERNO REGIONAL";"I-1";"00003832";"PUESTO DE SALUD PATARA";"NE_0001";"";"NE_0001";"NE_0001";"NE_0001";"NE_0001";"NE_0001";"NE_0001";"NE_0001"
"2023";"04";"051002";"AYACUCHO";"VICTOR FAJARDO";"ALCAMENCA";"GOBIERNO REGIONAL";"I-1";"00003510";"PUESTO DE SALUD CARAMPA";"NE_0001";"";"NE_0001";"NE_0001";"NE_0001";"NE_0001";"NE_0001";"NE_0001";"NE_0001"
"2023";"04";"051011";"AYACUCHO";"VICTOR FAJARDO";"SARHUA";"GOBIERNO REGIONAL";"I-1";"00003511";"PUESTO DE SALUD AUQUILLA";"NE_0001";"";"NE_0001";"NE_0001";"NE_0001";"NE_0001";"NE_0001";"NE_0001";"NE_0001"
"2023";"04";"150801";"LIMA";"HUAURA";"HUACHO";"ESSALUD";"II-2";"00011337";"HOSPITAL II GUSTAVO LANATTA LUJAN - ESSALUD";"241800";"HOSPITALIZACIÓN DE MEDICINA MEDICINA GENERAL ";"82";"82";"878";"874";"30";"900";"17"
"2023";"04";"150801";"LIMA";"HUAURA";"HUACHO";"ESSALUD";"II-2";"00011337";"HOSPITAL II GUSTAVO LANATTA LUJAN - ESSALUD";"240100";"HOSPITALIZACIÓN QUIRÚRGICA CIRUGÍA GENERAL ";"77";"82";"400";"384";"28";"840";"0"
"2023";"04";"150801";"LIMA";"HUAURA";"HUACHO";"ESSALUD";"II-2";"00011337";"HOSPITAL II GUSTAVO LANATTA LUJAN - ESSALUD";"241200";"HOSPITALIZACIÓN QUIRÚRGICA TRAUMATOLOGÍA Y ORTOPEDIA ";"35";"36";"127";"131";"6";"180";"0"
"2023";"04";"150801";"LIMA";"HUAURA";"HUACHO";"ESSALUD";"II-2";"00011337";"HOSPITAL II GUSTAVO LANATTA LUJAN - ESSALUD";"241500";"HOSPITALIZACIÓN QUIRÚRGICA GINECOLOGÍA  ";"25";"26";"50";"49";"6";"180";"0"
"2023";"04";"150801";"LIMA";"HUAURA";"HUACHO";"ESSALUD";"II-2";"00011337";"HOSPITAL II GUSTAVO LANATTA LUJAN - ESSALUD";"241600";"HOSPITALIZACIÓN QUIRÚRGICA OBSTETRICIA   ";"158";"157";"292";"294";"21";"630";"0"
"2023";"04";"150801";"LIMA";"HUAURA";"HUACHO";"ESSALUD";"II-2";"00011337";"HOSPITAL II GUSTAVO LANATTA LUJAN - ESSALUD";"242300";"HOSPITALIZACIÓN DE PEDIATRÍA  PEDIATRÍA  GENERAL ";"35";"35";"108";"124";"12";"360";"0"
"2023";"04";"150801";"LIMA";"HUAURA";"HUACHO";"ESSALUD";"II-2";"00011337";"HOSPITAL II GUSTAVO LANATTA LUJAN - ESSALUD";"243200";"HOSPITALIZACIÓN DE PEDIATRÍA PEDIATRIA NEONATOLOGÍA";"36";"32";"51";"67";"5";"150";"0"
"2023";"04";"150801";"LIMA";"HUAURA";"HUACHO";"ESSALUD";"II-2";"00011337";"HOSPITAL II GUSTAVO LANATTA LUJAN - ESSALUD";"250100";"UNIDAD DE CUIDADOS CRITICOS UNIDAD  DE CUIDADOS INTENSIVOS GENERALES (UCI) ";"14";"14";"121";"76";"4";"120";"5"
"2023";"04";"130107";"LA LIBERTAD";"TRUJILLO";"MOCHE";"GOBIERNO REGIONAL";"II-1";"00007152";"HOSPITAL DISTRITAL ALTO MOCHE-WALTER CRUZ VILCA";"241400";"HOSPITALIZACIÓN QUIRÚRGICA GINECO - OBSTETRICIA ";"32";"34";"37";"12";"12";"360";"0"
"2023";"05";"040126";"AREQUIPA";"AREQUIPA";"YANAHUARA";"PRIVADO";"II-1";"00028448";"CLINICA EMMEL";"240200";"HOSPITALIZACIÓN QUIRÚRGICA CIRUGÍA DE CABEZA Y CUELLO / MÁXILO FACIAL ";"6";"5";"9";"9";"2";"62";"0"
"2023";"05";"040126";"AREQUIPA";"AREQUIPA";"YANAHUARA";"PRIVADO";"II-1";"00028448";"CLINICA EMMEL";"240100";"HOSPITALIZACIÓN QUIRÚRGICA CIRUGÍA GENERAL ";"89";"90";"142";"130";"5";"130";"0"
"2023";"05";"040126";"AREQUIPA";"AREQUIPA";"YANAHUARA";"PRIVADO";"II-1";"00028448";"CLINICA EMMEL";"241000";"HOSPITALIZACIÓN QUIRÚRGICA ONCOLOGÍA QUIRÚRGICA  ";"6";"5";"7";"7";"2";"62";"0"
"2023";"05";"040126";"AREQUIPA";"AREQUIPA";"YANAHUARA";"PRIVADO";"II-1";"00028448";"CLINICA EMMEL";"240800";"HOSPITALIZACIÓN QUIRÚRGICA CIRUGÍA PLÁSTICA/RECONSTRUCTIVA/ REPARADORA ";"3";"3";"5";"5";"1";"31";"0"
"2023";"05";"040126";"AREQUIPA";"AREQUIPA";"YANAHUARA";"PRIVADO";"II-1";"00028448";"CLINICA EMMEL";"240000";"HOSPITALIZACIÓN";"2";"2";"14";"14";"2";"62";"0"
"2023";"05";"040126";"AREQUIPA";"AREQUIPA";"YANAHUARA";"PRIVADO";"II-1";"00028448";"CLINICA EMMEL";"240300";"HOSPITALIZACIÓN QUIRÚRGICA CIRUGÍA DIGESTIVA ";"1";"1";"1";"1";"1";"31";"0"
"2023";"05";"040126";"AREQUIPA";"AREQUIPA";"YANAHUARA";"PRIVADO";"II-1";"00028448";"CLINICA EMMEL";"241400";"HOSPITALIZACIÓN QUIRÚRGICA GINECO - OBSTETRICIA ";"4";"3";"3";"3";"1";"31";"0"
"2023";"05";"040126";"AREQUIPA";"AREQUIPA";"YANAHUARA";"PRIVADO";"II-1";"00028448";"CLINICA EMMEL";"240900";"HOSPITALIZACIÓN QUIRÚRGICA NEUROCIRUGÍA ";"4";"2";"5";"5";"2";"62";"0"
"2023";"05";"040126";"AREQUIPA";"AREQUIPA";"YANAHUARA";"PRIVADO";"II-1";"00028448";"CLINICA EMMEL";"241200";"HOSPITALIZACIÓN QUIRÚRGICA TRAUMATOLOGÍA Y ORTOPEDIA ";"11";"9";"15";"15";"2";"62";"0"
"2023";"05";"040126";"AREQUIPA";"AREQUIPA";"YANAHUARA";"PRIVADO";"II-1";"00028448";"CLINICA EMMEL";"241300";"HOSPITALIZACIÓN QUIRÚRGICA UROLOGÍA  ";"2";"2";"8";"8";"1";"31";"0"
"2023";"05";"120114";"JUNIN";"HUANCAYO";"EL TAMBO";"PRIVADO";"II-E";"00027694";"CHENET CLINICA ESPECIALIZADA";"240100";"HOSPITALIZACIÓN QUIRÚRGICA CIRUGÍA GENERAL ";"46";"39";"85";"176";"10";"310";"0"
"2023";"08";"150141";"LIMA";"LIMA";"SURQUILLO";"SANIDAD DE LA POLICIA NACIONAL DEL PERU";"I-3";"00012885";"POLICLINICO PNP WALTER ROSALES LEON";"NE_0001";"";"NE_0001";"NE_0001";"NE_0001";"NE_0001";"NE_0001";"NE_0001";"NE_0001"
"2023";"08";"120416";"JUNIN";"JAUJA";"MASMA";"GOBIERNO REGIONAL";"I-3";"00000394";"MASMA";"NE_0001";"";"NE_0001";"NE_0001";"NE_0001";"NE_0001";"NE_0001";"NE_0001";"NE_0001"
"2023";"08";"060809";"CAJAMARCA";"JAEN";"SALLIQUE";"GOBIERNO REGIONAL";"I-2";"00004253";"LA UNION";"NE_0001";"";"NE_0001";"NE_0001";"NE_0001";"NE_0001";"NE_0001";"NE_0001";"NE_0001"
"2023";"08";"060809";"CAJAMARCA";"JAEN";"SALLIQUE";"GOBIERNO REGIONAL";"I-1";"00009967";"CHALANMACHE";"NE_0001";"";"NE_0001";"NE_0001";"NE_0001";"NE_0001";"NE_0001";"NE_0001";"NE_0001"
"2023";"08";"060809";"CAJAMARCA";"JAEN";"SALLIQUE";"GOBIERNO REGIONAL";"I-1";"00024940";"EL ESPINO";"NE_0001";"";"NE_0001";"NE_0001";"NE_0001";"NE_0001";"NE_0001";"NE_0001";"NE_0001"
"2023";"08";"060809";"CAJAMARCA";"JAEN";"SALLIQUE";"GOBIERNO REGIONAL";"I-1";"00025537";"TAILIN";"NE_0001";"";"NE_0001";"NE_0001";"NE_0001";"NE_0001";"NE_0001";"NE_0001";"NE_0001"
"2023";"08";"060809";"CAJAMARCA";"JAEN";"SALLIQUE";"GOBIERNO REGIONAL";"I-3";"00004250";"SALLIQUE";"NE_0001";"";"NE_0001";"NE_0001";"NE_0001";"NE_0001";"NE_0001";"NE_0001";"NE_0001"
"2023";"08";"060809";"CAJAMARCA";"JAEN";"SALLIQUE";"GOBIERNO REGIONAL";"I-1";"00004251";"MAZIN";"NE_0001";"";"NE_0001";"NE_0001";"NE_0001";"NE_0001";"NE_0001";"NE_0001";"NE_0001"
"2023";"08";"060809";"CAJAMARCA";"JAEN";"SALLIQUE";"GOBIERNO REGIONAL";"I-2";"00007053";"PALAMBE";"NE_0001";"";"NE_0001";"NE_0001";"NE_0001";"NE_0001";"NE_0001";"NE_0001";"NE_0001"
"2023";"08";"060809";"CAJAMARCA";"JAEN";"SALLIQUE";"GOBIERNO REGIONAL";"I-1";"00004252";"SAULACA";"NE_0001";"";"NE_0001";"NE_0001";"NE_0001";"NE_0001";"NE_0001";"NE_0001";"NE_0001"
"2023";"08";"120403";"JUNIN";"JAUJA";"APATA";"GOBIERNO REGIONAL";"I-3";"00000409";"APATA";"NE_0001";"";"NE_0001";"NE_0001";"NE_0001";"NE_0001";"NE_0001";"NE_0001";"NE_0001"
"2023";"08";"120403";"JUNIN";"JAUJA";"APATA";"GOBIERNO REGIONAL";"I-1";"00000413";"PAUCAR APATA";"NE_0001";"";"NE_0001";"NE_0001";"NE_0001";"NE_0001";"NE_0001";"NE_0001";"NE_0001"
"2023";"08";"120407";"JUNIN";"JAUJA";"EL MANTARO";"GOBIERNO REGIONAL";"I-1";"00000414";"EL MANTARO";"NE_0001";"";"NE_0001";"NE_0001";"NE_0001";"NE_0001";"NE_0001";"NE_0001";"NE_0001"
"2023";"08";"120403";"JUNIN";"JAUJA";"APATA";"GOBIERNO REGIONAL";"I-1";"00000412";"CHICCHE";"NE_0001";"";"NE_0001";"NE_0001";"NE_0001";"NE_0001";"NE_0001";"NE_0001";"NE_0001"
"2023";"08";"120403";"JUNIN";"JAUJA";"APATA";"GOBIERNO REGIONAL";"I-1";"00000411";"SAN JOSE DE APATA";"NE_0001";"";"NE_0001";"NE_0001";"NE_0001";"NE_0001";"NE_0001";"NE_0001";"NE_0001"
"2023";"08";"120428";"JUNIN";"JAUJA";"SAN LORENZO";"GOBIERNO REGIONAL";"I-1";"00000416";"SAN LORENZO";"NE_0001";"";"NE_0001";"NE_0001";"NE_0001";"NE_0001";"NE_0001";"NE_0001";"NE_0001"
"2023";"08";"120403";"JUNIN";"JAUJA";"APATA";"GOBIERNO REGIONAL";"I-1";"00000410";"NUEVA ESPERANZA";"NE_0001";"";"NE_0001";"NE_0001";"NE_0001";"NE_0001";"NE_0001";"NE_0001";"NE_0001"
"2023";"08";"120408";"JUNIN";"JAUJA";"HUAMALI";"GOBIERNO REGIONAL";"I-2";"00000415";"HUAMALI";"NE_0001";"";"NE_0001";"NE_0001";"NE_0001";"NE_0001";"NE_0001";"NE_0001";"NE_0001"
"2023";"08";"050115";"AYACUCHO";"HUAMANGA";"JESUS NAZARENO";"PRIVADO";"I-3";"00028119";"EL GALENO";"NE_0001";"";"NE_0001";"NE_0001";"NE_0001";"NE_0001";"NE_0001";"NE_0001";"NE_0001"
"2023";"08";"060602";"CAJAMARCA";"CUTERVO";"CALLAYUC";"GOBIERNO REGIONAL";"I-1";"00006835";"CHURAS";"NE_0001";"";"NE_0001";"NE_0001";"NE_0001";"NE_0001";"NE_0001";"NE_0001";"NE_0001"
"2023";"08";"150122";"LIMA";"LIMA";"MIRAFLORES";"PRIVADO";"III-2";"00008956";"CLINICA DEL INCA";"240000";"HOSPITALIZACIÓN";"3";"3";"5";"3";"14";"434";"0"
"2023";"08";"150122";"LIMA";"LIMA";"MIRAFLORES";"PRIVADO";"III-2";"00008956";"CLINICA DEL INCA";"250100";"UNIDAD DE CUIDADOS CRITICOS UNIDAD  DE CUIDADOS INTENSIVOS GENERALES (UCI) ";"2";"2";"10";"12";"5";"155";"0"
"2023";"08";"210501";"PUNO";"EL COLLAO";"ILAVE";"GOBIERNO REGIONAL";"II-1";"00003032";"ILAVE";"240100";"HOSPITALIZACIÓN QUIRÚRGICA CIRUGÍA GENERAL ";"6";"5";"21";"27";"4";"124";"0"
"2023";"08";"210501";"PUNO";"EL COLLAO";"ILAVE";"GOBIERNO REGIONAL";"II-1";"00003032";"ILAVE";"241200";"HOSPITALIZACIÓN QUIRÚRGICA TRAUMATOLOGÍA Y ORTOPEDIA ";"2";"1";"1";"3";"1";"31";"0"
"2023";"08";"210501";"PUNO";"EL COLLAO";"ILAVE";"GOBIERNO REGIONAL";"II-1";"00003032";"ILAVE";"241600";"HOSPITALIZACIÓN QUIRÚRGICA OBSTETRICIA   ";"64";"63";"123";"187";"12";"372";"0"
"2023";"08";"210501";"PUNO";"EL COLLAO";"ILAVE";"GOBIERNO REGIONAL";"II-1";"00003032";"ILAVE";"241800";"HOSPITALIZACIÓN DE MEDICINA MEDICINA GENERAL ";"41";"40";"172";"213";"9";"279";"0"
"2023";"08";"210501";"PUNO";"EL COLLAO";"ILAVE";"GOBIERNO REGIONAL";"II-1";"00003032";"ILAVE";"242500";"HOSPITALIZACIÓN-PEDIATRÍA GENERAL-";"12";"14";"80";"92";"9";"279";"0"
"2023";"08";"060101";"CAJAMARCA";"CAJAMARCA";"CAJAMARCA";"PRIVADO";"I-3";"00024687";"MEDITRAN PERU";"NE_0001";"";"NE_0001";"NE_0001";"NE_0001";"NE_0001";"NE_0001";"NE_0001";"NE_0001"
"2023";"08";"220201";"SAN MARTIN";"BELLAVISTA";"BELLAVISTA";"GOBIERNO REGIONAL";"II-E";"00006502";"HOSPITAL BELLAVISTA";"240100";"HOSPITALIZACIÓN QUIRÚRGICA CIRUGÍA GENERAL ";"18";"19";"48";"48";"8";"248";"0"
"2023";"08";"220201";"SAN MARTIN";"BELLAVISTA";"BELLAVISTA";"GOBIERNO REGIONAL";"II-E";"00006502";"HOSPITAL BELLAVISTA";"241500";"HOSPITALIZACIÓN QUIRÚRGICA GINECOLOGÍA  ";"82";"86";"147";"147";"6";"186";"0"
"2023";"08";"220201";"SAN MARTIN";"BELLAVISTA";"BELLAVISTA";"GOBIERNO REGIONAL";"II-E";"00006502";"HOSPITAL BELLAVISTA";"241900";"HOSPITALIZACIÓN DE MEDICINA MEDICINA INTERNA ";"26";"28";"89";"89";"10";"310";"1"
"2023";"08";"220201";"SAN MARTIN";"BELLAVISTA";"BELLAVISTA";"GOBIERNO REGIONAL";"II-E";"00006502";"HOSPITAL BELLAVISTA";"242500";"HOSPITALIZACIÓN-PEDIATRÍA GENERAL-";"11";"14";"65";"65";"6";"186";"0"
"2023";"08";"220201";"SAN MARTIN";"BELLAVISTA";"BELLAVISTA";"GOBIERNO REGIONAL";"II-E";"00006502";"HOSPITAL BELLAVISTA";"243200";"HOSPITALIZACIÓN DE PEDIATRÍA PEDIATRIA NEONATOLOGÍA";"4";"4";"12";"12";"2";"62";"0"
"2023";"08";"150101";"LIMA";"LIMA";"LIMA";"ESSALUD";"II-1";"00009188";"HOSPITAL II RAMON CASTILLA";"241800";"HOSPITALIZACIÓN DE MEDICINA MEDICINA GENERAL ";"41";"42";"211";"238";"12";"372";"0"
"2023";"08";"150101";"LIMA";"LIMA";"LIMA";"ESSALUD";"II-1";"00009188";"HOSPITAL II RAMON CASTILLA";"240100";"HOSPITALIZACIÓN QUIRÚRGICA CIRUGÍA GENERAL ";"153";"148";"489";"489";"18";"558";"0"
"2023";"08";"150101";"LIMA";"LIMA";"LIMA";"ESSALUD";"II-1";"00009188";"HOSPITAL II RAMON CASTILLA";"241400";"HOSPITALIZACIÓN QUIRÚRGICA GINECO - OBSTETRICIA ";"23";"21";"89";"91";"3";"93";"0"
"2023";"08";"150101";"LIMA";"LIMA";"LIMA";"ESSALUD";"II-1";"00009188";"HOSPITAL II RAMON CASTILLA";"241600";"HOSPITALIZACIÓN QUIRÚRGICA OBSTETRICIA   ";"88";"88";"205";"204";"12";"372";"0"
"2023";"08";"150101";"LIMA";"LIMA";"LIMA";"ESSALUD";"II-1";"00009188";"HOSPITAL II RAMON CASTILLA";"242300";"HOSPITALIZACIÓN DE PEDIATRÍA  PEDIATRÍA  GENERAL ";"48";"47";"159";"160";"7";"217";"0"
"2023";"08";"150101";"LIMA";"LIMA";"LIMA";"ESSALUD";"II-1";"00009188";"HOSPITAL II RAMON CASTILLA";"243200";"HOSPITALIZACIÓN DE PEDIATRÍA PEDIATRIA NEONATOLOGÍA";"15";"14";"31";"31";"1";"31";"0"
"2023";"08";"090101";"HUANCAVELICA";"HUANCAVELICA";"HUANCAVELICA";"GOBIERNO REGIONAL";"II-2";"00003853";"HOSPITAL DEPARTAMENTAL DE HUANCAVELICA";"240100";"HOSPITALIZACIÓN QUIRÚRGICA CIRUGÍA GENERAL ";"89";"89";"461";"372";"20";"600";"0"
"2023";"08";"090101";"HUANCAVELICA";"HUANCAVELICA";"HUANCAVELICA";"GOBIERNO REGIONAL";"II-2";"00003853";"HOSPITAL DEPARTAMENTAL DE HUANCAVELICA";"241200";"HOSPITALIZACIÓN QUIRÚRGICA TRAUMATOLOGÍA Y ORTOPEDIA ";"22";"22";"94";"279";"9";"372";"0"
"2023";"08";"090101";"HUANCAVELICA";"HUANCAVELICA";"HUANCAVELICA";"GOBIERNO REGIONAL";"II-2";"00003853";"HOSPITAL DEPARTAMENTAL DE HUANCAVELICA";"241400";"HOSPITALIZACIÓN QUIRÚRGICA GINECO - OBSTETRICIA ";"117";"117";"301";"403";"18";"540";"0"
"2023";"08";"090101";"HUANCAVELICA";"HUANCAVELICA";"HUANCAVELICA";"GOBIERNO REGIONAL";"II-2";"00003853";"HOSPITAL DEPARTAMENTAL DE HUANCAVELICA";"241500";"HOSPITALIZACIÓN QUIRÚRGICA GINECOLOGÍA  ";"12";"12";"26";"310";"18";"540";"0"
"2023";"08";"090101";"HUANCAVELICA";"HUANCAVELICA";"HUANCAVELICA";"GOBIERNO REGIONAL";"II-2";"00003853";"HOSPITAL DEPARTAMENTAL DE HUANCAVELICA";"241800";"HOSPITALIZACIÓN DE MEDICINA MEDICINA GENERAL ";"69";"69";"354";"217";"20";"600";"1"
"2023";"08";"090101";"HUANCAVELICA";"HUANCAVELICA";"HUANCAVELICA";"GOBIERNO REGIONAL";"II-2";"00003853";"HOSPITAL DEPARTAMENTAL DE HUANCAVELICA";"241900";"HOSPITALIZACIÓN DE MEDICINA MEDICINA INTERNA ";"27";"27";"266";"279";"11";"330";"0"
"2023";"08";"090101";"HUANCAVELICA";"HUANCAVELICA";"HUANCAVELICA";"GOBIERNO REGIONAL";"II-2";"00003853";"HOSPITAL DEPARTAMENTAL DE HUANCAVELICA";"242300";"HOSPITALIZACIÓN DE PEDIATRÍA  PEDIATRÍA  GENERAL ";"62";"62";"195";"341";"16";"480";"0"
"2023";"08";"090101";"HUANCAVELICA";"HUANCAVELICA";"HUANCAVELICA";"GOBIERNO REGIONAL";"II-2";"00003853";"HOSPITAL DEPARTAMENTAL DE HUANCAVELICA";"243200";"HOSPITALIZACIÓN DE PEDIATRÍA PEDIATRIA NEONATOLOGÍA";"8";"8";"66";"279";"20";"600";"0"
"2023";"08";"090101";"HUANCAVELICA";"HUANCAVELICA";"HUANCAVELICA";"GOBIERNO REGIONAL";"II-2";"00003853";"HOSPITAL DEPARTAMENTAL DE HUANCAVELICA";"243200";"HOSPITALIZACIÓN DE PEDIATRÍA PEDIATRIA NEONATOLOGÍA";"3";"3";"34";"279";"16";"480";"0"
"2023";"08";"070104";"CALLAO";"CALLAO";"LA PERLA";"GOBIERNO REGIONAL";"I-2";"00006251";"PUESTO DE SALUD  LA PERLA";"NE_0001";"";"NE_0001";"NE_0001";"NE_0001";"NE_0001";"NE_0001";"NE_0001";"NE_0001"
"2023";"08";"070103";"CALLAO";"CALLAO";"CARMEN DE LA LEGUA-REYNOSO";"GOBIERNO REGIONAL";"I-3";"00006252";"CENTRO DE SALUD CARMEN DE LA LEGUA";"NE_0001";"";"NE_0001";"NE_0001";"NE_0001";"NE_0001";"NE_0001";"NE_0001";"NE_0001"
"2023";"08";"070104";"CALLAO";"CALLAO";"LA PERLA";"GOBIERNO REGIONAL";"I-2";"00006250";"PUESTO DE SALUD ALTA MAR";"NE_0001";"";"NE_0001";"NE_0001";"NE_0001";"NE_0001";"NE_0001";"NE_0001";"NE_0001"
"2023";"08";"070104";"CALLAO";"CALLAO";"LA PERLA";"GOBIERNO REGIONAL";"I-2";"00026983";"CENTRO DE SALUD MENTAL COMUNITARIO LA PERLA";"NE_0001";"";"NE_0001";"NE_0001";"NE_0001";"NE_0001";"NE_0001";"NE_0001";"NE_0001"
"2023";"08";"070102";"CALLAO";"CALLAO";"BELLAVISTA";"GOBIERNO REGIONAL";"I-4";"00006249";"C.S. BELLAVISTA PERU COREA";"241600";"HOSPITALIZACIÓN QUIRÚRGICA OBSTETRICIA   ";"5";"5";"5";"155";"13";"403";"0"
"2023";"08";"070102";"CALLAO";"CALLAO";"BELLAVISTA";"GOBIERNO REGIONAL";"I-2";"00031271";"CENTRO DE SALUD MENTAL COMUNITARIO UNIVERSITARIO CALLAO";"NE_0001";"";"NE_0001";"NE_0001";"NE_0001";"NE_0001";"NE_0001";"NE_0001";"NE_0001"
"2023";"03";"150141";"LIMA";"LIMA";"SURQUILLO";"PRIVADO";"II-E";"00012947";"CLINICA SANTA MARIA";"240000";"HOSPITALIZACIÓN";"212";"219";"305";"298";"20";"620";"1"
"2023";"03";"110101";"ICA";"ICA";"ICA";"GOBIERNO REGIONAL";"II-1";"00003359";"SANTA MARIA DEL SOCORRO";"240100";"HOSPITALIZACIÓN QUIRÚRGICA CIRUGÍA GENERAL ";"64";"78";"484";"458";"23";"713";"0"
"2023";"03";"110101";"ICA";"ICA";"ICA";"GOBIERNO REGIONAL";"II-1";"00003359";"SANTA MARIA DEL SOCORRO";"241400";"HOSPITALIZACIÓN QUIRÚRGICA GINECO - OBSTETRICIA ";"194";"207";"575";"690";"31";"961";"0"
"2023";"03";"110101";"ICA";"ICA";"ICA";"GOBIERNO REGIONAL";"II-1";"00003359";"SANTA MARIA DEL SOCORRO";"241500";"HOSPITALIZACIÓN QUIRÚRGICA GINECOLOGÍA  ";"50";"54";"162";"234";"12";"372";"0"
"2023";"03";"110101";"ICA";"ICA";"ICA";"GOBIERNO REGIONAL";"II-1";"00003359";"SANTA MARIA DEL SOCORRO";"241900";"HOSPITALIZACIÓN DE MEDICINA MEDICINA INTERNA ";"37";"43";"231";"321";"14";"434";"3"
"2023";"03";"110101";"ICA";"ICA";"ICA";"GOBIERNO REGIONAL";"II-1";"00003359";"SANTA MARIA DEL SOCORRO";"242500";"HOSPITALIZACIÓN-PEDIATRÍA GENERAL-";"40";"45";"221";"430";"18";"558";"0"
"2023";"03";"110101";"ICA";"ICA";"ICA";"GOBIERNO REGIONAL";"II-1";"00003359";"SANTA MARIA DEL SOCORRO";"243200";"HOSPITALIZACIÓN DE PEDIATRÍA PEDIATRIA NEONATOLOGÍA";"16";"18";"86";"163";"7";"217";"0"
"2023";"03";"110101";"ICA";"ICA";"ICA";"GOBIERNO REGIONAL";"II-1";"00003359";"SANTA MARIA DEL SOCORRO";"250103";"UNIDAD DE CUIDADOS CRITICOS UNIDAD  DE CUIDADOS INTENSIVOS GENERALES  (UCI) MEDICINA";"4";"4";"31";"20";"3";"93";"1"
"2023";"03";"060610";"CAJAMARCA";"CUTERVO";"SAN LUIS DE LUCMA";"GOBIERNO REGIONAL";"I-3";"00005038";"SAN LUIS DE LA LUCMA";"NE_0001";"";"NE_0001";"NE_0001";"NE_0001";"NE_0001";"NE_0001";"NE_0001";"NE_0001"
"2023";"03";"060610";"CAJAMARCA";"CUTERVO";"SAN LUIS DE LUCMA";"GOBIERNO REGIONAL";"I-1";"00006870";"SANTA ROSA DEL TINGO";"NE_0001";"";"NE_0001";"NE_0001";"NE_0001";"NE_0001";"NE_0001";"NE_0001";"NE_0001"
"2023";"03";"060614";"CAJAMARCA";"CUTERVO";"SOCOTA";"GOBIERNO REGIONAL";"I-1";"00006937";"MINAS DE SOCOTA";"NE_0001";"";"NE_0001";"NE_0001";"NE_0001";"NE_0001";"NE_0001";"NE_0001";"NE_0001"
"2023";"03";"060610";"CAJAMARCA";"CUTERVO";"SAN LUIS DE LUCMA";"GOBIERNO REGIONAL";"I-1";"00006853";"SAIREPAMPA";"NE_0001";"";"NE_0001";"NE_0001";"NE_0001";"NE_0001";"NE_0001";"NE_0001";"NE_0001"
"2023";"03";"060614";"CAJAMARCA";"CUTERVO";"SOCOTA";"GOBIERNO REGIONAL";"I-1";"00011258";"RINCONADA MIRAFLORES";"NE_0001";"";"NE_0001";"NE_0001";"NE_0001";"NE_0001";"NE_0001";"NE_0001";"NE_0001"
"2023";"03";"060614";"CAJAMARCA";"CUTERVO";"SOCOTA";"GOBIERNO REGIONAL";"I-1";"00011262";"PUQUIO DE SOCOTA";"NE_0001";"";"NE_0001";"NE_0001";"NE_0001";"NE_0001";"NE_0001";"NE_0001";"NE_0001"
"2023";"03";"060614";"CAJAMARCA";"CUTERVO";"SOCOTA";"GOBIERNO REGIONAL";"I-1";"00005032";"PAMPA LA RIOJA";"NE_0001";"";"NE_0001";"NE_0001";"NE_0001";"NE_0001";"NE_0001";"NE_0001";"NE_0001"
"2023";"03";"060614";"CAJAMARCA";"CUTERVO";"SOCOTA";"GOBIERNO REGIONAL";"I-1";"00005041";"MOCHADIN";"NE_0001";"";"NE_0001";"NE_0001";"NE_0001";"NE_0001";"NE_0001";"NE_0001";"NE_0001"
"2023";"03";"060614";"CAJAMARCA";"CUTERVO";"SOCOTA";"GOBIERNO REGIONAL";"I-1";"00006866";"CUÑANQUE";"NE_0001";"";"NE_0001";"NE_0001";"NE_0001";"NE_0001";"NE_0001";"NE_0001";"NE_0001"
"2023";"03";"060614";"CAJAMARCA";"CUTERVO";"SOCOTA";"GOBIERNO REGIONAL";"I-1";"00006948";"SANTA ELENA";"NE_0001";"";"NE_0001";"NE_0001";"NE_0001";"NE_0001";"NE_0001";"NE_0001";"NE_0001"
"2023";"03";"060610";"CAJAMARCA";"CUTERVO";"SAN LUIS DE LUCMA";"GOBIERNO REGIONAL";"I-1";"00007048";"SEXESHITA";"NE_0001";"";"NE_0001";"NE_0001";"NE_0001";"NE_0001";"NE_0001";"NE_0001";"NE_0001"
"2023";"03";"150601";"LIMA";"HUARAL";"HUARAL";"PRIVADO";"II-E";"00017081";"CLINICA SAN ANDRES";"241200";"HOSPITALIZACIÓN QUIRÚRGICA TRAUMATOLOGÍA Y ORTOPEDIA ";"7";"7";"9";"9";"2";"31";"0"
"2023";"03";"150601";"LIMA";"HUARAL";"HUARAL";"PRIVADO";"II-E";"00017081";"CLINICA SAN ANDRES";"241300";"HOSPITALIZACIÓN QUIRÚRGICA UROLOGÍA  ";"2";"2";"4";"4";"1";"31";"0"
"2023";"03";"150601";"LIMA";"HUARAL";"HUARAL";"PRIVADO";"II-E";"00017081";"CLINICA SAN ANDRES";"241800";"HOSPITALIZACIÓN DE MEDICINA MEDICINA GENERAL ";"2";"2";"4";"4";"2";"31";"0"
"2023";"03";"150601";"LIMA";"HUARAL";"HUARAL";"PRIVADO";"II-E";"00017081";"CLINICA SAN ANDRES";"240100";"HOSPITALIZACIÓN QUIRÚRGICA CIRUGÍA GENERAL ";"26";"26";"28";"28";"1";"31";"0"
"2023";"03";"150601";"LIMA";"HUARAL";"HUARAL";"PRIVADO";"II-E";"00017081";"CLINICA SAN ANDRES";"241500";"HOSPITALIZACIÓN QUIRÚRGICA GINECOLOGÍA  ";"2";"2";"4";"4";"1";"31";"0"
"2023";"03";"150110";"LIMA";"LIMA";"COMAS";"PRIVADO";"II-1";"00008519";"CLINICA UNIVERSITARIA";"240000";"HOSPITALIZACIÓN";"251";"224";"346";"125";"25";"7250";"0"
"2023";"03";"150122";"LIMA";"LIMA";"MIRAFLORES";"PRIVADO";"II-E";"00015182";"OPTIMA VISION S.R.L.";"NE_0001";"";"NE_0001";"NE_0001";"NE_0001";"NE_0001";"NE_0001";"NE_0001";"NE_0001"
"2023";"03";"030601";"APURIMAC";"CHINCHEROS";"CHINCHEROS";"GOBIERNO REGIONAL";"II-1";"00004140";"HOSPITAL CHINCHEROS";"240100";"HOSPITALIZACIÓN QUIRÚRGICA CIRUGÍA GENERAL ";"12";"13";"44";"44";"7";"224";"1"
"2023";"03";"030601";"APURIMAC";"CHINCHEROS";"CHINCHEROS";"GOBIERNO REGIONAL";"II-1";"00004140";"HOSPITAL CHINCHEROS";"241500";"HOSPITALIZACIÓN QUIRÚRGICA GINECOLOGÍA  ";"9";"10";"23";"23";"4";"128";"0"
"2023";"03";"030601";"APURIMAC";"CHINCHEROS";"CHINCHEROS";"GOBIERNO REGIONAL";"II-1";"00004140";"HOSPITAL CHINCHEROS";"241800";"HOSPITALIZACIÓN DE MEDICINA MEDICINA GENERAL ";"17";"17";"72";"72";"23";"736";"0"
"2023";"03";"030601";"APURIMAC";"CHINCHEROS";"CHINCHEROS";"GOBIERNO REGIONAL";"II-1";"00004140";"HOSPITAL CHINCHEROS";"241600";"HOSPITALIZACIÓN QUIRÚRGICA OBSTETRICIA   ";"38";"40";"120";"120";"8";"256";"0"
"2023";"03";"030601";"APURIMAC";"CHINCHEROS";"CHINCHEROS";"GOBIERNO REGIONAL";"II-1";"00004140";"HOSPITAL CHINCHEROS";"242500";"HOSPITALIZACIÓN-PEDIATRÍA GENERAL-";"3";"3";"9";"9";"3";"96";"0"
"2023";"03";"030601";"APURIMAC";"CHINCHEROS";"CHINCHEROS";"GOBIERNO REGIONAL";"II-1";"00004140";"HOSPITAL CHINCHEROS";"243200";"HOSPITALIZACIÓN DE PEDIATRÍA PEDIATRIA NEONATOLOGÍA";"3";"3";"4";"4";"2";"64";"0"
"2023";"03";"030601";"APURIMAC";"CHINCHEROS";"CHINCHEROS";"GOBIERNO REGIONAL";"II-1";"00004140";"HOSPITAL CHINCHEROS";"242204";"HOSPITALIZACIÓN DE MEDICINA PSIQUIATRÍA REHABILITACIÓN PSIQUIÁTRICA / REINSERCIÓN ";"0";"1";"9";"9";"4";"128";"0"
"2023";"03";"030601";"APURIMAC";"CHINCHEROS";"CHINCHEROS";"GOBIERNO REGIONAL";"II-1";"00004140";"HOSPITAL CHINCHEROS";"242200";"HOSPITALIZACIÓN DE MEDICINA PSIQUIATRÍA ";"1";"2";"51";"51";"4";"128";"0"
"2023";"03";"120204";"JUNIN";"CONCEPCION";"CHAMBARA";"GOBIERNO REGIONAL";"I-1";"00000638";"SAN BLAS";"NE_0001";"";"NE_0001";"NE_0001";"NE_0001";"NE_0001";"NE_0001";"NE_0001";"NE_0001"
"2023";"03";"120904";"JUNIN";"CHUPACA";"HUACHAC";"GOBIERNO REGIONAL";"I-1";"00000654";"ANTAPAMPA";"NE_0001";"";"NE_0001";"NE_0001";"NE_0001";"NE_0001";"NE_0001";"NE_0001";"NE_0001"
"2023";"03";"120204";"JUNIN";"CONCEPCION";"CHAMBARA";"GOBIERNO REGIONAL";"I-1";"00000637";"STA. ROSA DE TISTES";"NE_0001";"";"NE_0001";"NE_0001";"NE_0001";"NE_0001";"NE_0001";"NE_0001";"NE_0001"
"2023";"03";"120204";"JUNIN";"CONCEPCION";"CHAMBARA";"GOBIERNO REGIONAL";"I-2";"00000636";"CHAMBARA";"NE_0001";"";"NE_0001";"NE_0001";"NE_0001";"NE_0001";"NE_0001";"NE_0001";"NE_0001"
"2023";"03";"120208";"JUNIN";"CONCEPCION";"MANZANARES";"GOBIERNO REGIONAL";"I-1";"00000640";"MANZANARES";"NE_0001";"";"NE_0001";"NE_0001";"NE_0001";"NE_0001";"NE_0001";"NE_0001";"NE_0001"
"2023";"03";"120204";"JUNIN";"CONCEPCION";"CHAMBARA";"GOBIERNO REGIONAL";"I-1";"00000639";"ANGASMAYO";"NE_0001";"";"NE_0001";"NE_0001";"NE_0001";"NE_0001";"NE_0001";"NE_0001";"NE_0001"
"2023";"03";"120904";"JUNIN";"CHUPACA";"HUACHAC";"GOBIERNO REGIONAL";"I-1";"00000653";"MARCATUNA";"NE_0001";"";"NE_0001";"NE_0001";"NE_0001";"NE_0001";"NE_0001";"NE_0001";"NE_0001"
"2023";"03";"120904";"JUNIN";"CHUPACA";"HUACHAC";"GOBIERNO REGIONAL";"I-3";"00000651";"HUACHAC";"NE_0001";"";"NE_0001";"NE_0001";"NE_0001";"NE_0001";"NE_0001";"NE_0001";"NE_0001"
"2023";"03";"120904";"JUNIN";"CHUPACA";"HUACHAC";"GOBIERNO REGIONAL";"I-1";"00000652";"HUAYAO";"NE_0001";"";"NE_0001";"NE_0001";"NE_0001";"NE_0001";"NE_0001";"NE_0001";"NE_0001"
"2023";"03";"150131";"LIMA";"LIMA";"SAN ISIDRO";"PRIVADO";"I-2";"00025076";"CONSULTORIOS EXTERNOS ANGLO AMERICANA";"NE_0001";"";"NE_0001";"NE_0001";"NE_0001";"NE_0001";"NE_0001";"NE_0001";"NE_0001"
"2023";"04";"131101";"LA LIBERTAD";"GRAN CHIMU";"CASCAS";"ESSALUD";"I-2";"00012104";"POSTA DE SALUD CASCAS";"NE_0001";"";"NE_0001";"NE_0001";"NE_0001";"NE_0001";"NE_0001";"NE_0001";"NE_0001"
"2023";"04";"130703";"LA LIBERTAD";"PACASMAYO";"JEQUETEPEQUE";"ESSALUD";"I-2";"00009646";"POSTA DE SALUD JEQUETEPEQUE";"NE_0001";"";"NE_0001";"NE_0001";"NE_0001";"NE_0001";"NE_0001";"NE_0001";"NE_0001"
"2023";"04";"150131";"LIMA";"LIMA";"SAN ISIDRO";"PRIVADO";"II-E";"00010739";"CLINICA OFTALMOLOGICA WONG";"NE_0001";"";"NE_0001";"NE_0001";"NE_0001";"NE_0001";"NE_0001";"NE_0001";"NE_0001"
"2023";"04";"020801";"ANCASH";"CASMA";"CASMA";"GOBIERNO REGIONAL";"II-1";"00001719";"HOSPITAL DE APOYO CASMA";"241800";"HOSPITALIZACIÓN DE MEDICINA MEDICINA GENERAL ";"26";"29";"212";"187";"5";"150";"2"
"2023";"04";"020801";"ANCASH";"CASMA";"CASMA";"GOBIERNO REGIONAL";"II-1";"00001719";"HOSPITAL DE APOYO CASMA";"240100";"HOSPITALIZACIÓN QUIRÚRGICA CIRUGÍA GENERAL ";"19";"19";"96";"112";"5";"150";"0"
"2023";"04";"020801";"ANCASH";"CASMA";"CASMA";"GOBIERNO REGIONAL";"II-1";"00001719";"HOSPITAL DE APOYO CASMA";"242300";"HOSPITALIZACIÓN DE PEDIATRÍA  PEDIATRÍA  GENERAL ";"14";"15";"49";"48";"10";"300";"0"
"2023";"04";"020801";"ANCASH";"CASMA";"CASMA";"GOBIERNO REGIONAL";"II-1";"00001719";"HOSPITAL DE APOYO CASMA";"241600";"HOSPITALIZACIÓN QUIRÚRGICA OBSTETRICIA   ";"21";"26";"35";"30";"9";"270";"0"
"2023";"04";"020801";"ANCASH";"CASMA";"CASMA";"GOBIERNO REGIONAL";"II-1";"00001719";"HOSPITAL DE APOYO CASMA";"241500";"HOSPITALIZACIÓN QUIRÚRGICA GINECOLOGÍA  ";"50";"49";"138";"133";"6";"180";"0"
"2023";"04";"040307";"AREQUIPA";"CARAVELI";"CHALA";"ESSALUD";"I-2";"00012198";"POSTA MEDICA CHALA";"NE_0001";"";"NE_0001";"NE_0001";"NE_0001";"NE_0001";"NE_0001";"NE_0001";"NE_0001"
"2023";"04";"230110";"TACNA";"TACNA";"CORONEL GREGORIO ALBARRACIN L.";"ESSALUD";"I-3";"00010222";"CENTRO  DE ATENCION PRIMARIA II ""LUIS PALZA LEVANO""";"NE_0001";"";"NE_0001";"NE_0001";"NE_0001";"NE_0001";"NE_0001";"NE_0001";"NE_0001"
"2023";"07";"130908";"LA LIBERTAD";"SANCHEZ CARRION";"SARTIMBAMBA";"GOBIERNO REGIONAL";"I-2";"00005363";"SARTIMBAMBA";"NE_0001";"";"NE_0001";"NE_0001";"NE_0001";"NE_0001";"NE_0001";"NE_0001";"NE_0001"
"2023";"07";"130908";"LA LIBERTAD";"SANCHEZ CARRION";"SARTIMBAMBA";"GOBIERNO REGIONAL";"I-2";"00005364";"SAN ALFONSO";"NE_0001";"";"NE_0001";"NE_0001";"NE_0001";"NE_0001";"NE_0001";"NE_0001";"NE_0001"
"2023";"07";"130908";"LA LIBERTAD";"SANCHEZ CARRION";"SARTIMBAMBA";"GOBIERNO REGIONAL";"I-2";"00005365";"MARCABAL GRANDE";"NE_0001";"";"NE_0001";"NE_0001";"NE_0001";"NE_0001";"NE_0001";"NE_0001";"NE_0001"
"2023";"07";"130908";"LA LIBERTAD";"SANCHEZ CARRION";"SARTIMBAMBA";"GOBIERNO REGIONAL";"I-2";"00017925";"LA VICTORIA";"NE_0001";"";"NE_0001";"NE_0001";"NE_0001";"NE_0001";"NE_0001";"NE_0001";"NE_0001"
"2023";"07";"110101";"ICA";"ICA";"ICA";"GOBIERNO REGIONAL";"II-1";"00003359";"SANTA MARIA DEL SOCORRO";"240100";"HOSPITALIZACIÓN QUIRÚRGICA CIRUGÍA GENERAL ";"62";"77";"487";"473";"23";"713";"0"
"2023";"07";"110101";"ICA";"ICA";"ICA";"GOBIERNO REGIONAL";"II-1";"00003359";"SANTA MARIA DEL SOCORRO";"241400";"HOSPITALIZACIÓN QUIRÚRGICA GINECO - OBSTETRICIA ";"189";"200";"588";"688";"31";"961";"0"
"2023";"07";"110101";"ICA";"ICA";"ICA";"GOBIERNO REGIONAL";"II-1";"00003359";"SANTA MARIA DEL SOCORRO";"241500";"HOSPITALIZACIÓN QUIRÚRGICA GINECOLOGÍA  ";"62";"67";"229";"185";"12";"372";"0"
"2023";"07";"110101";"ICA";"ICA";"ICA";"GOBIERNO REGIONAL";"II-1";"00003359";"SANTA MARIA DEL SOCORRO";"241900";"HOSPITALIZACIÓN DE MEDICINA MEDICINA INTERNA ";"46";"50";"230";"133";"14";"434";"1"
"2023";"07";"110101";"ICA";"ICA";"ICA";"GOBIERNO REGIONAL";"II-1";"00003359";"SANTA MARIA DEL SOCORRO";"242500";"HOSPITALIZACIÓN-PEDIATRÍA GENERAL-";"54";"59";"221";"440";"18";"558";"0"
"2023";"07";"110101";"ICA";"ICA";"ICA";"GOBIERNO REGIONAL";"II-1";"00003359";"SANTA MARIA DEL SOCORRO";"243200";"HOSPITALIZACIÓN DE PEDIATRÍA PEDIATRIA NEONATOLOGÍA";"26";"28";"101";"125";"7";"217";"0"
"2023";"07";"110101";"ICA";"ICA";"ICA";"GOBIERNO REGIONAL";"II-1";"00003359";"SANTA MARIA DEL SOCORRO";"250103";"UNIDAD DE CUIDADOS CRITICOS UNIDAD  DE CUIDADOS INTENSIVOS GENERALES  (UCI) MEDICINA";"3";"3";"6";"76";"3";"93";"2"
"2023";"07";"150133";"LIMA";"LIMA";"SAN JUAN DE MIRAFLORES";"ESSALUD";"I-3";"00013012";"CENTRO DE ATENCIÓN PRIMARIA III SAN JUAN DE MIRAFLORES";"NE_0001";"";"NE_0001";"NE_0001";"NE_0001";"NE_0001";"NE_0001";"NE_0001";"NE_0001"
"2023";"07";"080903";"CUSCO";"LA CONVENCION";"HUAYOPATA";"GOBIERNO REGIONAL";"I-1";"00002457";"SAN PABLO HUAYOPATA";"NE_0001";"";"NE_0001";"NE_0001";"NE_0001";"NE_0001";"NE_0001";"NE_0001";"NE_0001"
"2023";"07";"110113";"ICA";"ICA";"TATE";"GOBIERNO REGIONAL";"I-3";"00003371";"TATE";"NE_0001";"";"NE_0001";"NE_0001";"NE_0001";"NE_0001";"NE_0001";"NE_0001";"NE_0001"
"2023";"07";"110107";"ICA";"ICA";"PUEBLO NUEVO";"GOBIERNO REGIONAL";"I-1";"00003403";"CALLEJON LOS ESPINOS";"NE_0001";"";"NE_0001";"NE_0001";"NE_0001";"NE_0001";"NE_0001";"NE_0001";"NE_0001"
"2023";"07";"110113";"ICA";"ICA";"TATE";"GOBIERNO REGIONAL";"I-1";"00003404";"LUJARAJA";"NE_0001";"";"NE_0001";"NE_0001";"NE_0001";"NE_0001";"NE_0001";"NE_0001";"NE_0001"
"2023";"07";"110107";"ICA";"ICA";"PUEBLO NUEVO";"MINSA";"I-3";"00003370";"CENTRO DE SALUD PUEBLO NUEVO";"NE_0001";"";"NE_0001";"NE_0001";"NE_0001";"NE_0001";"NE_0001";"NE_0001";"NE_0001"
"2023";"07";"110113";"ICA";"ICA";"TATE";"GOBIERNO REGIONAL";"I-1";"00003406";"LOS CALDERONES";"NE_0001";"";"NE_0001";"NE_0001";"NE_0001";"NE_0001";"NE_0001";"NE_0001";"NE_0001"
"2023";"07";"110105";"ICA";"ICA";"PACHACUTEC";"GOBIERNO REGIONAL";"I-2";"00003407";"EL PALTO";"NE_0001";"";"NE_0001";"NE_0001";"NE_0001";"NE_0001";"NE_0001";"NE_0001";"NE_0001"
"2023";"07";"110107";"ICA";"ICA";"PUEBLO NUEVO";"GOBIERNO REGIONAL";"I-1";"00003402";"PARIÑA GRANDE";"NE_0001";"";"NE_0001";"NE_0001";"NE_0001";"NE_0001";"NE_0001";"NE_0001";"NE_0001"
"2023";"07";"110113";"ICA";"ICA";"TATE";"GOBIERNO REGIONAL";"I-1";"00003405";"PUNO";"NE_0001";"";"NE_0001";"NE_0001";"NE_0001";"NE_0001";"NE_0001";"NE_0001";"NE_0001"
"2023";"07";"110105";"ICA";"ICA";"PACHACUTEC";"MINSA";"I-2";"00003372";"PACHACUTEC";"NE_0001";"";"NE_0001";"NE_0001";"NE_0001";"NE_0001";"NE_0001";"NE_0001";"NE_0001"
"2023";"07";"110107";"ICA";"ICA";"PUEBLO NUEVO";"GOBIERNO REGIONAL";"I-1";"00003401";"SAN RAFAEL";"NE_0001";"";"NE_0001";"NE_0001";"NE_0001";"NE_0001";"NE_0001";"NE_0001";"NE_0001"
"2023";"08";"060801";"CAJAMARCA";"JAEN";"JAEN";"GOBIERNO REGIONAL";"I-2";"00004216";"LA CASCARILLA";"NE_0001";"";"NE_0001";"NE_0001";"NE_0001";"NE_0001";"NE_0001";"NE_0001";"NE_0001"
"2023";"08";"060801";"CAJAMARCA";"JAEN";"JAEN";"GOBIERNO REGIONAL";"I-1";"00024719";"LA VIRGINIA";"NE_0001";"";"NE_0001";"NE_0001";"NE_0001";"NE_0001";"NE_0001";"NE_0001";"NE_0001"
"2023";"08";"060801";"CAJAMARCA";"JAEN";"JAEN";"GOBIERNO REGIONAL";"I-1";"00004222";"ALTO VISTA ALEGRE";"NE_0001";"";"NE_0001";"NE_0001";"NE_0001";"NE_0001";"NE_0001";"NE_0001";"NE_0001"
"2023";"08";"060801";"CAJAMARCA";"JAEN";"JAEN";"GOBIERNO REGIONAL";"I-1";"00006994";"LOMA SANTA";"NE_0001";"";"NE_0001";"NE_0001";"NE_0001";"NE_0001";"NE_0001";"NE_0001";"NE_0001"
"2023";"03";"110101";"ICA";"ICA";"ICA";"PRIVADO";"II-1";"00015963";"LA CLINICA DE ICA DR. JULIO TATAJE BARRIGA SRL";"240100";"HOSPITALIZACIÓN QUIRÚRGICA CIRUGÍA GENERAL ";"10";"10";"10";"1";"7";"217";"0"
"2023";"05";"060306";"CAJAMARCA";"CELENDIN";"JOSE GALVEZ";"GOBIERNO REGIONAL";"I-1";"00004486";"FRAYLECOCHA";"NE_0001";"";"NE_0001";"NE_0001";"NE_0001";"NE_0001";"NE_0001";"NE_0001";"NE_0001"
"2023";"05";"060308";"CAJAMARCA";"CELENDIN";"OXAMARCA";"GOBIERNO REGIONAL";"I-1";"00009049";"LA QUINUA";"NE_0001";"";"NE_0001";"NE_0001";"NE_0001";"NE_0001";"NE_0001";"NE_0001";"NE_0001"
"2023";"05";"060308";"CAJAMARCA";"CELENDIN";"OXAMARCA";"GOBIERNO REGIONAL";"I-2";"00004483";"PIOBAMBA";"NE_0001";"";"NE_0001";"NE_0001";"NE_0001";"NE_0001";"NE_0001";"NE_0001";"NE_0001"
"2023";"05";"060308";"CAJAMARCA";"CELENDIN";"OXAMARCA";"GOBIERNO REGIONAL";"I-2";"00004484";"OXAMARCA";"NE_0001";"";"NE_0001";"NE_0001";"NE_0001";"NE_0001";"NE_0001";"NE_0001";"NE_0001"
"2023";"05";"060310";"CAJAMARCA";"CELENDIN";"SUCRE";"GOBIERNO REGIONAL";"I-3";"00004482";"SUCRE";"NE_0001";"";"NE_0001";"NE_0001";"NE_0001";"NE_0001";"NE_0001";"NE_0001";"NE_0001"
"2023";"05";"060310";"CAJAMARCA";"CELENDIN";"SUCRE";"GOBIERNO REGIONAL";"I-1";"00009084";"VIGASPAMPA";"NE_0001";"";"NE_0001";"NE_0001";"NE_0001";"NE_0001";"NE_0001";"NE_0001";"NE_0001"
"2023";"05";"060310";"CAJAMARCA";"CELENDIN";"SUCRE";"GOBIERNO REGIONAL";"I-1";"00004485";"CALCONGA";"NE_0001";"";"NE_0001";"NE_0001";"NE_0001";"NE_0001";"NE_0001";"NE_0001";"NE_0001"
"2023";"05";"060305";"CAJAMARCA";"CELENDIN";"JORGE CHAVEZ";"GOBIERNO REGIONAL";"I-1";"00004487";"JORGE CHAVEZ";"NE_0001";"";"NE_0001";"NE_0001";"NE_0001";"NE_0001";"NE_0001";"NE_0001";"NE_0001"
"2023";"05";"060306";"CAJAMARCA";"CELENDIN";"JOSE GALVEZ";"GOBIERNO REGIONAL";"I-2";"00004488";"JOSE GALVEZ";"NE_0001";"";"NE_0001";"NE_0001";"NE_0001";"NE_0001";"NE_0001";"NE_0001";"NE_0001"
"2023";"05";"060308";"CAJAMARCA";"CELENDIN";"OXAMARCA";"GOBIERNO REGIONAL";"I-1";"00009046";"MINASCONGA";"NE_0001";"";"NE_0001";"NE_0001";"NE_0001";"NE_0001";"NE_0001";"NE_0001";"NE_0001"
"2023";"05";"060310";"CAJAMARCA";"CELENDIN";"SUCRE";"GOBIERNO REGIONAL";"I-1";"00025043";"CRUZCONGA";"NE_0001";"";"NE_0001";"NE_0001";"NE_0001";"NE_0001";"NE_0001";"NE_0001";"NE_0001"
"2023";"05";"040104";"AREQUIPA";"AREQUIPA";"CERRO COLORADO";"MUNICIPALIDAD PROVINCIAL";"0";"00021551";"HOSPITAL MUNICIPAL DE AREQUIPA";"NE_0001";"";"NE_0001";"NE_0001";"NE_0001";"NE_0001";"NE_0001";"NE_0001";"NE_0001"
"2023";"06";"150132";"LIMA";"LIMA";"SAN JUAN DE LURIGANCHO";"ESSALUD";"II-1";"00008317";"HOSPITAL AURELIO DIAZ UFANO Y PERAL";"240100";"HOSPITALIZACIÓN QUIRÚRGICA CIRUGÍA GENERAL ";"87";"87";"181";"176";"7";"217";"0"
"2023";"06";"150132";"LIMA";"LIMA";"SAN JUAN DE LURIGANCHO";"ESSALUD";"II-1";"00008317";"HOSPITAL AURELIO DIAZ UFANO Y PERAL";"241400";"HOSPITALIZACIÓN QUIRÚRGICA GINECO - OBSTETRICIA ";"33";"33";"98";"96";"3";"98";"0"
"2023";"06";"150132";"LIMA";"LIMA";"SAN JUAN DE LURIGANCHO";"ESSALUD";"II-1";"00008317";"HOSPITAL AURELIO DIAZ UFANO Y PERAL";"241600";"HOSPITALIZACIÓN QUIRÚRGICA OBSTETRICIA   ";"152";"154";"293";"292";"12";"358";"0"
"2023";"06";"150132";"LIMA";"LIMA";"SAN JUAN DE LURIGANCHO";"ESSALUD";"II-1";"00008317";"HOSPITAL AURELIO DIAZ UFANO Y PERAL";"241900";"HOSPITALIZACIÓN DE MEDICINA MEDICINA INTERNA ";"67";"63";"240";"237";"10";"289";"8"
"2023";"06";"150132";"LIMA";"LIMA";"SAN JUAN DE LURIGANCHO";"ESSALUD";"II-1";"00008317";"HOSPITAL AURELIO DIAZ UFANO Y PERAL";"242300";"HOSPITALIZACIÓN DE PEDIATRÍA  PEDIATRÍA  GENERAL ";"61";"63";"183";"177";"8";"237";"0"
"2023";"06";"150132";"LIMA";"LIMA";"SAN JUAN DE LURIGANCHO";"ESSALUD";"II-1";"00008317";"HOSPITAL AURELIO DIAZ UFANO Y PERAL";"243200";"HOSPITALIZACIÓN DE PEDIATRÍA PEDIATRIA NEONATOLOGÍA";"28";"26";"44";"48";"3";"91";"0"
"2023";"06";"220401";"SAN MARTIN";"HUALLAGA";"SAPOSOA";"ESSALUD";"I-2";"00031567";"POSTA MEDICA DE SAPOSOA - ESSALUD";"NE_0001";"";"NE_0001";"NE_0001";"NE_0001";"NE_0001";"NE_0001";"NE_0001";"NE_0001"
"2023";"06";"120303";"JUNIN";"CHANCHAMAYO";"PICHANAQUI";"GOBIERNO REGIONAL";"I-1";"00000353";"ANDRES AVELINO CACERES";"NE_0001";"";"NE_0001";"NE_0001";"NE_0001";"NE_0001";"NE_0001";"NE_0001";"NE_0001"
"2023";"06";"120303";"JUNIN";"CHANCHAMAYO";"PICHANAQUI";"GOBIERNO REGIONAL";"I-1";"00006712";"BARINETTI REAL";"NE_0001";"";"NE_0001";"NE_0001";"NE_0001";"NE_0001";"NE_0001";"NE_0001";"NE_0001"
"2023";"06";"130901";"LA LIBERTAD";"SANCHEZ CARRION";"HUAMACHUCO";"GOBIERNO REGIONAL";"II-1";"00005349";"HOSPITAL DE APOYO LEONCIO PRADO";"240100";"HOSPITALIZACIÓN QUIRÚRGICA CIRUGÍA GENERAL ";"16";"20";"44";"40";"7";"210";"0"
"2023";"06";"130901";"LA LIBERTAD";"SANCHEZ CARRION";"HUAMACHUCO";"GOBIERNO REGIONAL";"II-1";"00005349";"HOSPITAL DE APOYO LEONCIO PRADO";"241500";"HOSPITALIZACIÓN QUIRÚRGICA GINECOLOGÍA  ";"3";"5";"15";"17";"2";"60";"0"
"2023";"06";"130901";"LA LIBERTAD";"SANCHEZ CARRION";"HUAMACHUCO";"GOBIERNO REGIONAL";"II-1";"00005349";"HOSPITAL DE APOYO LEONCIO PRADO";"241600";"HOSPITALIZACIÓN QUIRÚRGICA OBSTETRICIA   ";"190";"199";"332";"326";"16";"480";"0"
"2023";"06";"130901";"LA LIBERTAD";"SANCHEZ CARRION";"HUAMACHUCO";"GOBIERNO REGIONAL";"II-1";"00005349";"HOSPITAL DE APOYO LEONCIO PRADO";"241800";"HOSPITALIZACIÓN DE MEDICINA MEDICINA GENERAL ";"32";"35";"139";"150";"6";"180";"2"
"2023";"06";"130901";"LA LIBERTAD";"SANCHEZ CARRION";"HUAMACHUCO";"GOBIERNO REGIONAL";"II-1";"00005349";"HOSPITAL DE APOYO LEONCIO PRADO";"242500";"HOSPITALIZACIÓN-PEDIATRÍA GENERAL-";"48";"50";"165";"150";"11";"330";"0"
"2023";"06";"150140";"LIMA";"LIMA";"SANTIAGO DE SURCO";"PRIVADO";"II-E";"00012572";"CLINICA PAULISTA";"240000";"HOSPITALIZACIÓN";"8";"8";"15";"9";"1";"48";"0"
"2023";"06";"120602";"JUNIN";"SATIPO";"COVIRIALI";"GOBIERNO REGIONAL";"I-1";"00000488";"SAN ANDRES";"NE_0001";"";"NE_0001";"NE_0001";"NE_0001";"NE_0001";"NE_0001";"NE_0001";"NE_0001"
"2023";"06";"120605";"JUNIN";"SATIPO";"PAMPA HERMOSA";"GOBIERNO REGIONAL";"I-1";"00007185";"PAMPA MANDARINA";"NE_0001";"";"NE_0001";"NE_0001";"NE_0001";"NE_0001";"NE_0001";"NE_0001";"NE_0001"
"2023";"06";"120602";"JUNIN";"SATIPO";"COVIRIALI";"GOBIERNO REGIONAL";"I-2";"00000486";"SAN PEDRO";"NE_0001";"";"NE_0001";"NE_0001";"NE_0001";"NE_0001";"NE_0001";"NE_0001";"NE_0001"
"2023";"06";"120605";"JUNIN";"SATIPO";"PAMPA HERMOSA";"GOBIERNO REGIONAL";"I-2";"00000493";"MARIPOSA";"NE_0001";"";"NE_0001";"NE_0001";"NE_0001";"NE_0001";"NE_0001";"NE_0001";"NE_0001"
"2023";"06";"120602";"JUNIN";"SATIPO";"COVIRIALI";"GOBIERNO REGIONAL";"I-3";"00000485";"COVIRIALI";"NE_0001";"";"NE_0001";"NE_0001";"NE_0001";"NE_0001";"NE_0001";"NE_0001";"NE_0001"
"2023";"06";"120605";"JUNIN";"SATIPO";"PAMPA HERMOSA";"GOBIERNO REGIONAL";"I-2";"00006876";"TOLDOPAMPA";"NE_0001";"";"NE_0001";"NE_0001";"NE_0001";"NE_0001";"NE_0001";"NE_0001";"NE_0001"
"2023";"06";"120602";"JUNIN";"SATIPO";"COVIRIALI";"GOBIERNO REGIONAL";"I-1";"00000487";"SANTA MARIA";"NE_0001";"";"NE_0001";"NE_0001";"NE_0001";"NE_0001";"NE_0001";"NE_0001";"NE_0001"
"2023";"06";"120605";"JUNIN";"SATIPO";"PAMPA HERMOSA";"GOBIERNO REGIONAL";"I-2";"00017678";"HUANCAMACHAY";"NE_0001";"";"NE_0001";"NE_0001";"NE_0001";"NE_0001";"NE_0001";"NE_0001";"NE_0001"
"2023";"06";"120602";"JUNIN";"SATIPO";"COVIRIALI";"GOBIERNO REGIONAL";"I-1";"00000489";"BUENOS AIRES";"NE_0001";"";"NE_0001";"NE_0001";"NE_0001";"NE_0001";"NE_0001";"NE_0001";"NE_0001"
"2023";"06";"120605";"JUNIN";"SATIPO";"PAMPA HERMOSA";"GOBIERNO REGIONAL";"I-2";"00000494";"APALLA CALABAZA";"NE_0001";"";"NE_0001";"NE_0001";"NE_0001";"NE_0001";"NE_0001";"NE_0001";"NE_0001"
"2023";"06";"120605";"JUNIN";"SATIPO";"PAMPA HERMOSA";"GOBIERNO REGIONAL";"I-2";"00000492";"SANTA ROSITA";"NE_0001";"";"NE_0001";"NE_0001";"NE_0001";"NE_0001";"NE_0001";"NE_0001";"NE_0001"
"2023";"06";"120602";"JUNIN";"SATIPO";"COVIRIALI";"GOBIERNO REGIONAL";"I-1";"00007186";"PALMAPAMPA";"NE_0001";"";"NE_0001";"NE_0001";"NE_0001";"NE_0001";"NE_0001";"NE_0001";"NE_0001"
"2023";"06";"120608";"JUNIN";"SATIPO";"RIO TAMBO";"GOBIERNO REGIONAL";"I-2";"00000516";"PUERTO ROCA";"NE_0001";"";"NE_0001";"NE_0001";"NE_0001";"NE_0001";"NE_0001";"NE_0001";"NE_0001"
"2023";"06";"120608";"JUNIN";"SATIPO";"RIO TAMBO";"GOBIERNO REGIONAL";"I-1";"00000518";"SAN CARLOS ALTO ENE";"NE_0001";"";"NE_0001";"NE_0001";"NE_0001";"NE_0001";"NE_0001";"NE_0001";"NE_0001"
"2023";"06";"120609";"JUNIN";"SATIPO";"VIZCATAN DEL ENE";"GOBIERNO REGIONAL";"I-1";"00000510";"FLORIDA";"NE_0001";"";"NE_0001";"NE_0001";"NE_0001";"NE_0001";"NE_0001";"NE_0001";"NE_0001"
"2023";"06";"120608";"JUNIN";"SATIPO";"RIO TAMBO";"GOBIERNO REGIONAL";"I-1";"00000514";"FE Y ALEGRIA LA PRIMAVERA";"NE_0001";"";"NE_0001";"NE_0001";"NE_0001";"NE_0001";"NE_0001";"NE_0001";"NE_0001"
"2023";"06";"060106";"CAJAMARCA";"CAJAMARCA";"JESUS";"GOBIERNO REGIONAL";"I-1";"00004637";"YANAMARCA";"NE_0001";"";"NE_0001";"NE_0001";"NE_0001";"NE_0001";"NE_0001";"NE_0001";"NE_0001"
"2023";"06";"060101";"CAJAMARCA";"CAJAMARCA";"CAJAMARCA";"GOBIERNO REGIONAL";"I-3";"00004645";"MAGNA VALLEJO";"NE_0001";"";"NE_0001";"NE_0001";"NE_0001";"NE_0001";"NE_0001";"NE_0001";"NE_0001"
"2023";"06";"060101";"CAJAMARCA";"CAJAMARCA";"CAJAMARCA";"GOBIERNO REGIONAL";"I-1";"00012831";"AYLAMBO";"NE_0001";"";"NE_0001";"NE_0001";"NE_0001";"NE_0001";"NE_0001";"NE_0001";"NE_0001"
"2023";"06";"060101";"CAJAMARCA";"CAJAMARCA";"CAJAMARCA";"GOBIERNO REGIONAL";"I-1";"00004642";"PATA PATA";"NE_0001";"";"NE_0001";"NE_0001";"NE_0001";"NE_0001";"NE_0001";"NE_0001";"NE_0001"
"2023";"06";"060101";"CAJAMARCA";"CAJAMARCA";"CAJAMARCA";"GOBIERNO REGIONAL";"I-1";"00004644";"PARIAMARCA";"NE_0001";"";"NE_0001";"NE_0001";"NE_0001";"NE_0001";"NE_0001";"NE_0001";"NE_0001"
"2023";"06";"060101";"CAJAMARCA";"CAJAMARCA";"CAJAMARCA";"GOBIERNO REGIONAL";"I-2";"00004641";"MICAELA BASTIDAS";"NE_0001";"";"NE_0001";"NE_0001";"NE_0001";"NE_0001";"NE_0001";"NE_0001";"NE_0001"
"2023";"06";"060101";"CAJAMARCA";"CAJAMARCA";"CAJAMARCA";"GOBIERNO REGIONAL";"I-3";"00004640";"LA TULPUNA";"NE_0001";"";"NE_0001";"NE_0001";"NE_0001";"NE_0001";"NE_0001";"NE_0001";"NE_0001"
"2023";"06";"060101";"CAJAMARCA";"CAJAMARCA";"CAJAMARCA";"GOBIERNO REGIONAL";"I-1";"00004643";"AGOCUCHO";"NE_0001";"";"NE_0001";"NE_0001";"NE_0001";"NE_0001";"NE_0001";"NE_0001";"NE_0001"
"2023";"07";"021905";"ANCASH";"SIHUAS";"CHINGALPO";"GOBIERNO REGIONAL";"I-1";"00001754";"PUESTO DE SALUD SAN MIGUEL";"NE_0002";"";"NE_0002";"NE_0002";"NE_0002";"NE_0002";"NE_0002";"NE_0002";"NE_0002"
"2023";"07";"021903";"ANCASH";"SIHUAS";"ALFONSO UGARTE";"GOBIERNO REGIONAL";"I-1";"00001805";"PUESTO DE SALUD ULLOLLUCO";"NE_0002";"";"NE_0002";"NE_0002";"NE_0002";"NE_0002";"NE_0002";"NE_0002";"NE_0002"
"2023";"07";"021905";"ANCASH";"SIHUAS";"CHINGALPO";"GOBIERNO REGIONAL";"I-1";"00001800";"PUESTO DE SALUD CHINGALPO";"NE_0002";"";"NE_0002";"NE_0002";"NE_0002";"NE_0002";"NE_0002";"NE_0002";"NE_0002"
"2023";"07";"021907";"ANCASH";"SIHUAS";"QUICHES";"GOBIERNO REGIONAL";"I-1";"00001807";"PUESTO DE SALUD JOCOSBAMBA";"241400";"HOSPITALIZACIÓN QUIRÚRGICA GINECO - OBSTETRICIA ";"1";"1";"1";"1";"1";"2";"0"
"2023";"07";"021907";"ANCASH";"SIHUAS";"QUICHES";"GOBIERNO REGIONAL";"I-3";"00001806";"CENTRO DE SALUD QUICHES";"NE_0002";"";"NE_0002";"NE_0002";"NE_0002";"NE_0002";"NE_0002";"NE_0002";"NE_0002"
"2023";"07";"150142";"LIMA";"LIMA";"VILLA EL SALVADOR";"MINSA";"II-2";"00023159";"HOSPITAL DE EMERGENCIAS VILLA EL SALVADOR";"241800";"HOSPITALIZACIÓN DE MEDICINA MEDICINA GENERAL ";"5";"5";"139";"110";"4";"124";"0"
"2023";"07";"150142";"LIMA";"LIMA";"VILLA EL SALVADOR";"MINSA";"II-2";"00023159";"HOSPITAL DE EMERGENCIAS VILLA EL SALVADOR";"241700";"HOSPITALIZACIÓN QUIRÚRGICA GINECOLOGÍA   GINECOLOGIA ONCOLOGiCA";"20";"10";"54";"50";"3";"93";"0"
"2023";"07";"021902";"ANCASH";"SIHUAS";"ACOBAMBA";"GOBIERNO REGIONAL";"I-1";"00001799";"PUESTO DE SALUD ACOBAMBA";"241400";"HOSPITALIZACIÓN QUIRÚRGICA GINECO - OBSTETRICIA ";"1";"1";"1";"1";"1";"2";"0"
"2023";"07";"021905";"ANCASH";"SIHUAS";"CHINGALPO";"GOBIERNO REGIONAL";"I-1";"00001800";"PUESTO DE SALUD CHINGALPO";"NE_0002";"";"NE_0002";"NE_0002";"NE_0002";"NE_0002";"NE_0002";"NE_0002";"NE_0002"
"2023";"07";"021905";"ANCASH";"SIHUAS";"CHINGALPO";"GOBIERNO REGIONAL";"I-1";"00001754";"PUESTO DE SALUD SAN MIGUEL";"NE_0002";"";"NE_0002";"NE_0002";"NE_0002";"NE_0002";"NE_0002";"NE_0002";"NE_0002"
"2023";"07";"021903";"ANCASH";"SIHUAS";"ALFONSO UGARTE";"GOBIERNO REGIONAL";"I-1";"00001805";"PUESTO DE SALUD ULLOLLUCO";"NE_0002";"";"NE_0002";"NE_0002";"NE_0002";"NE_0002";"NE_0002";"NE_0002";"NE_0002"
"2023";"07";"021907";"ANCASH";"SIHUAS";"QUICHES";"GOBIERNO REGIONAL";"I-1";"00001807";"PUESTO DE SALUD JOCOSBAMBA";"241400";"HOSPITALIZACIÓN QUIRÚRGICA GINECO - OBSTETRICIA ";"1";"1";"1";"1";"1";"2";"0"
"2023";"07";"021907";"ANCASH";"SIHUAS";"QUICHES";"GOBIERNO REGIONAL";"I-3";"00001806";"CENTRO DE SALUD QUICHES";"NE_0002";"";"NE_0002";"NE_0002";"NE_0002";"NE_0002";"NE_0002";"NE_0002";"NE_0002"
"2023";"07";"120201";"JUNIN";"CONCEPCION";"CONCEPCION";"ESSALUD";"I-3";"00008668";"CENTRO MEDICO CONCEPCION";"NE_0001";"";"NE_0001";"NE_0001";"NE_0001";"NE_0001";"NE_0001";"NE_0001";"NE_0001"
"2023";"07";"080101";"CUSCO";"CUSCO";"CUSCO";"PRIVADO";"II-E";"00016541";"HOGAR CLINICA SAN JUAN DE DIOS-CUSCO";"240000";"HOSPITALIZACIÓN";"45";"42";"465";"7";"15";"465";"0"
"2023";"07";"150142";"LIMA";"LIMA";"VILLA EL SALVADOR";"MINSA";"II-2";"00023159";"HOSPITAL DE EMERGENCIAS VILLA EL SALVADOR";"241800";"HOSPITALIZACIÓN DE MEDICINA MEDICINA GENERAL ";"146";"130";"1338";"1462";"48";"1488";"12"
"2023";"07";"150142";"LIMA";"LIMA";"VILLA EL SALVADOR";"MINSA";"II-2";"00023159";"HOSPITAL DE EMERGENCIAS VILLA EL SALVADOR";"241600";"HOSPITALIZACIÓN QUIRÚRGICA OBSTETRICIA   ";"534";"448";"912";"906";"42";"1302";"0"
"2023";"07";"150142";"LIMA";"LIMA";"VILLA EL SALVADOR";"MINSA";"II-2";"00023159";"HOSPITAL DE EMERGENCIAS VILLA EL SALVADOR";"242500";"HOSPITALIZACIÓN-PEDIATRÍA GENERAL-";"191";"179";"929";"980";"37";"1147";"1"
"2023";"07";"150142";"LIMA";"LIMA";"VILLA EL SALVADOR";"MINSA";"II-2";"00023159";"HOSPITAL DE EMERGENCIAS VILLA EL SALVADOR";"240100";"HOSPITALIZACIÓN QUIRÚRGICA CIRUGÍA GENERAL ";"303";"222";"1452";"1609";"54";"1674";"3"
"2023";"07";"150142";"LIMA";"LIMA";"VILLA EL SALVADOR";"MINSA";"II-2";"00023159";"HOSPITAL DE EMERGENCIAS VILLA EL SALVADOR";"250103";"UNIDAD DE CUIDADOS CRITICOS UNIDAD  DE CUIDADOS INTENSIVOS GENERALES  (UCI) MEDICINA";"57";"9";"437";"522";"18";"558";"7"
"2023";"07";"150142";"LIMA";"LIMA";"VILLA EL SALVADOR";"MINSA";"II-2";"00023159";"HOSPITAL DE EMERGENCIAS VILLA EL SALVADOR";"250108";"UNIDAD DE CUIDADOS CRITICOS UNIDAD  DE CUIDADOS INTENSIVOS  (UCI) PEDIÁTRICA";"14";"0";"219";"183";"6";"186";"1"
"2023";"07";"150142";"LIMA";"LIMA";"VILLA EL SALVADOR";"MINSA";"II-2";"00023159";"HOSPITAL DE EMERGENCIAS VILLA EL SALVADOR";"250105";"UNIDAD DE CUIDADOS CRITICOS UNIDAD  DE CUIDADOS INTENSIVOS  (UCI) NEONATOLOGÍA";"26";"3";"239";"212";"8";"248";"2"
"2023";"07";"150142";"LIMA";"LIMA";"VILLA EL SALVADOR";"MINSA";"II-2";"00023159";"HOSPITAL DE EMERGENCIAS VILLA EL SALVADOR";"250201";"UNIDAD DE CUIDADOS CRITICOS UNIDAD DE CUIDADOS INTERMEDIOS  (UCIN) NEONATAL";"90";"51";"367";"369";"16";"496";"0"
"2023";"07";"150142";"LIMA";"LIMA";"VILLA EL SALVADOR";"MINSA";"II-2";"00023159";"HOSPITAL DE EMERGENCIAS VILLA EL SALVADOR";"241500";"HOSPITALIZACIÓN QUIRÚRGICA GINECOLOGÍA  ";"104";"86";"235";"179";"9";"279";"0"
"2023";"07";"150116";"LIMA";"LIMA";"LINCE";"PRIVADO";"II-E";"00015684";"CLINICA GONZALEZ S.A.";"241600";"HOSPITALIZACIÓN QUIRÚRGICA OBSTETRICIA   ";"4";"4";"9";"9";"10";"300";"0"
"2023";"07";"150116";"LIMA";"LIMA";"LINCE";"PRIVADO";"II-E";"00015684";"CLINICA GONZALEZ S.A.";"240000";"HOSPITALIZACIÓN";"30";"30";"43";"43";"12";"360";"0"
"2023";"07";"220104";"SAN MARTIN";"MOYOBAMBA";"JEPELACIO";"GOBIERNO REGIONAL";"I-1";"00006329";"OCHAME";"NE_0002";"";"NE_0002";"NE_0002";"NE_0002";"NE_0002";"NE_0002";"NE_0002";"NE_0002"
"2023";"07";"080106";"CUSCO";"CUSCO";"SANTIAGO";"PRIVADO";"II-E";"00023570";"MIR SALUD";"240000";"HOSPITALIZACIÓN";"32";"31";"68";"131";"9";"279";"0"
"2023";"07";"021809";"ANCASH";"SANTA";"NUEVO CHIMBOTE";"PRIVADO";"II-E";"00010475";"CENTRO MEDICO ESPECIALIZADO CLINICA DE LA MUJER Y EL NIÑO EIRL";"241400";"HOSPITALIZACIÓN QUIRÚRGICA GINECO - OBSTETRICIA ";"9";"9";"9";"17";"5";"155";"0"
"2023";"07";"220504";"SAN MARTIN";"LAMAS";"CAYNARACHI";"GOBIERNO REGIONAL";"I-1";"00006422";"SAN JUAN DE SHANUSI";"NE_0001";"";"NE_0001";"NE_0001";"NE_0001";"NE_0001";"NE_0001";"NE_0001";"NE_0001"
"2023";"02";"200501";"PIURA";"PAITA";"PAITA";"GOBIERNO REGIONAL";"II-1";"00002021";"HOSPITAL DE APOYO II - 1 NUESTRA SEÑORA DE LAS MERCEDES - PAITA";"241500";"HOSPITALIZACIÓN QUIRÚRGICA GINECOLOGÍA  ";"5";"6";"27";"27";"2";"56";"0"
"2023";"02";"200501";"PIURA";"PAITA";"PAITA";"GOBIERNO REGIONAL";"II-1";"00002021";"HOSPITAL DE APOYO II - 1 NUESTRA SEÑORA DE LAS MERCEDES - PAITA";"241600";"HOSPITALIZACIÓN QUIRÚRGICA OBSTETRICIA   ";"177";"180";"419";"419";"18";"504";"0"
"2023";"02";"200501";"PIURA";"PAITA";"PAITA";"GOBIERNO REGIONAL";"II-1";"00002021";"HOSPITAL DE APOYO II - 1 NUESTRA SEÑORA DE LAS MERCEDES - PAITA";"241900";"HOSPITALIZACIÓN DE MEDICINA MEDICINA INTERNA ";"42";"37";"321";"321";"12";"336";"1"
"2023";"02";"200501";"PIURA";"PAITA";"PAITA";"GOBIERNO REGIONAL";"II-1";"00002021";"HOSPITAL DE APOYO II - 1 NUESTRA SEÑORA DE LAS MERCEDES - PAITA";"242500";"HOSPITALIZACIÓN-PEDIATRÍA GENERAL-";"23";"22";"135";"135";"10";"280";"0"
"2023";"02";"200501";"PIURA";"PAITA";"PAITA";"GOBIERNO REGIONAL";"II-1";"00002021";"HOSPITAL DE APOYO II - 1 NUESTRA SEÑORA DE LAS MERCEDES - PAITA";"243200";"HOSPITALIZACIÓN DE PEDIATRÍA PEDIATRIA NEONATOLOGÍA";"20";"21";"134";"134";"5";"140";"1"
"2023";"03";"200501";"PIURA";"PAITA";"PAITA";"GOBIERNO REGIONAL";"II-1";"00002021";"HOSPITAL DE APOYO II - 1 NUESTRA SEÑORA DE LAS MERCEDES - PAITA";"240100";"HOSPITALIZACIÓN QUIRÚRGICA CIRUGÍA GENERAL ";"55";"56";"219";"219";"12";"372";"0"
"2023";"03";"200501";"PIURA";"PAITA";"PAITA";"GOBIERNO REGIONAL";"II-1";"00002021";"HOSPITAL DE APOYO II - 1 NUESTRA SEÑORA DE LAS MERCEDES - PAITA";"241500";"HOSPITALIZACIÓN QUIRÚRGICA GINECOLOGÍA  ";"10";"8";"44";"44";"2";"62";"0"
"2023";"03";"200501";"PIURA";"PAITA";"PAITA";"GOBIERNO REGIONAL";"II-1";"00002021";"HOSPITAL DE APOYO II - 1 NUESTRA SEÑORA DE LAS MERCEDES - PAITA";"241600";"HOSPITALIZACIÓN QUIRÚRGICA OBSTETRICIA   ";"218";"217";"481";"481";"18";"558";"0"
"2023";"03";"200501";"PIURA";"PAITA";"PAITA";"GOBIERNO REGIONAL";"II-1";"00002021";"HOSPITAL DE APOYO II - 1 NUESTRA SEÑORA DE LAS MERCEDES - PAITA";"241900";"HOSPITALIZACIÓN DE MEDICINA MEDICINA INTERNA ";"43";"47";"392";"372";"12";"372";"5"
"2023";"03";"200501";"PIURA";"PAITA";"PAITA";"GOBIERNO REGIONAL";"II-1";"00002021";"HOSPITAL DE APOYO II - 1 NUESTRA SEÑORA DE LAS MERCEDES - PAITA";"242500";"HOSPITALIZACIÓN-PEDIATRÍA GENERAL-";"19";"18";"120";"120";"10";"310";"0"
"2023";"03";"200501";"PIURA";"PAITA";"PAITA";"GOBIERNO REGIONAL";"II-1";"00002021";"HOSPITAL DE APOYO II - 1 NUESTRA SEÑORA DE LAS MERCEDES - PAITA";"243200";"HOSPITALIZACIÓN DE PEDIATRÍA PEDIATRIA NEONATOLOGÍA";"26";"28";"154";"154";"5";"156";"1"
"2023";"07";"180101";"MOQUEGUA";"MARISCAL NIETO";"MOQUEGUA";"ESSALUD";"II-1";"00016157";"HOSPITAL II MOQUEGUA";"241800";"HOSPITALIZACIÓN DE MEDICINA MEDICINA GENERAL ";"26";"23";"272";"261";"10";"310";"2"
"2023";"07";"180101";"MOQUEGUA";"MARISCAL NIETO";"MOQUEGUA";"ESSALUD";"II-1";"00016157";"HOSPITAL II MOQUEGUA";"240100";"HOSPITALIZACIÓN QUIRÚRGICA CIRUGÍA GENERAL ";"66";"65";"378";"374";"18";"558";"0"
"2023";"07";"180101";"MOQUEGUA";"MARISCAL NIETO";"MOQUEGUA";"ESSALUD";"II-1";"00016157";"HOSPITAL II MOQUEGUA";"241500";"HOSPITALIZACIÓN QUIRÚRGICA GINECOLOGÍA  ";"14";"14";"42";"38";"2";"62";"0"
"2023";"07";"180101";"MOQUEGUA";"MARISCAL NIETO";"MOQUEGUA";"ESSALUD";"II-1";"00016157";"HOSPITAL II MOQUEGUA";"241600";"HOSPITALIZACIÓN QUIRÚRGICA OBSTETRICIA   ";"56";"57";"114";"108";"6";"186";"0"
"2023";"07";"180101";"MOQUEGUA";"MARISCAL NIETO";"MOQUEGUA";"ESSALUD";"II-1";"00016157";"HOSPITAL II MOQUEGUA";"242300";"HOSPITALIZACIÓN DE PEDIATRÍA  PEDIATRÍA  GENERAL ";"53";"57";"134";"124";"5";"155";"0"
"2023";"07";"180101";"MOQUEGUA";"MARISCAL NIETO";"MOQUEGUA";"ESSALUD";"II-1";"00016157";"HOSPITAL II MOQUEGUA";"250304";"HOSPIT. EN UNIDAD DE CUID.INTEN.-UNIDAD DE VIGILANCIA INTENSIVA (UVI)-MEDICINA";"5";"4";"100";"73";"4";"124";"2"
"2023";"07";"150801";"LIMA";"HUAURA";"HUACHO";"ESSALUD";"II-2";"00011337";"HOSPITAL II GUSTAVO LANATTA LUJAN - ESSALUD";"241800";"HOSPITALIZACIÓN DE MEDICINA MEDICINA GENERAL ";"85";"89";"915";"881";"30";"930";"15"
"2023";"07";"150801";"LIMA";"HUAURA";"HUACHO";"ESSALUD";"II-2";"00011337";"HOSPITAL II GUSTAVO LANATTA LUJAN - ESSALUD";"240100";"HOSPITALIZACIÓN QUIRÚRGICA CIRUGÍA GENERAL ";"130";"125";"576";"566";"28";"868";"0"
"2023";"07";"150801";"LIMA";"HUAURA";"HUACHO";"ESSALUD";"II-2";"00011337";"HOSPITAL II GUSTAVO LANATTA LUJAN - ESSALUD";"241200";"HOSPITALIZACIÓN QUIRÚRGICA TRAUMATOLOGÍA Y ORTOPEDIA ";"23";"16";"119";"147";"6";"186";"0"
"2023";"07";"150801";"LIMA";"HUAURA";"HUACHO";"ESSALUD";"II-2";"00011337";"HOSPITAL II GUSTAVO LANATTA LUJAN - ESSALUD";"241500";"HOSPITALIZACIÓN QUIRÚRGICA GINECOLOGÍA  ";"40";"42";"99";"85";"6";"186";"0"
"2023";"07";"150801";"LIMA";"HUAURA";"HUACHO";"ESSALUD";"II-2";"00011337";"HOSPITAL II GUSTAVO LANATTA LUJAN - ESSALUD";"241600";"HOSPITALIZACIÓN QUIRÚRGICA OBSTETRICIA   ";"159";"160";"321";"317";"18";"558";"0"
"2023";"07";"150801";"LIMA";"HUAURA";"HUACHO";"ESSALUD";"II-2";"00011337";"HOSPITAL II GUSTAVO LANATTA LUJAN - ESSALUD";"242300";"HOSPITALIZACIÓN DE PEDIATRÍA  PEDIATRÍA  GENERAL ";"37";"39";"138";"142";"12";"372";"0"
"2023";"07";"150801";"LIMA";"HUAURA";"HUACHO";"ESSALUD";"II-2";"00011337";"HOSPITAL II GUSTAVO LANATTA LUJAN - ESSALUD";"243200";"HOSPITALIZACIÓN DE PEDIATRÍA PEDIATRIA NEONATOLOGÍA";"38";"37";"66";"67";"5";"155";"0"
"2023";"07";"150801";"LIMA";"HUAURA";"HUACHO";"ESSALUD";"II-2";"00011337";"HOSPITAL II GUSTAVO LANATTA LUJAN - ESSALUD";"250100";"UNIDAD DE CUIDADOS CRITICOS UNIDAD  DE CUIDADOS INTENSIVOS GENERALES (UCI) ";"10";"10";"92";"105";"4";"124";"0"
"2023";"07";"150120";"LIMA";"LIMA";"MAGDALENA DEL MAR";"MINSA";"III-1";"00006214";"HOSPITAL VICTOR LARCO HERRERA";"242202";"HOSPITALIZACIÓN DE MEDICINA PSIQUIATRÍA PSIQUIATRÍA DEL ADULTO Y GERONTE";"26";"18";"684";"1905";"84";"2604";"0"
"2023";"07";"150130";"LIMA";"LIMA";"SAN BORJA";"PRIVADO";"II-1";"00010515";"CLINICA SANTA LUCIA S.A.C.";"240100";"HOSPITALIZACIÓN QUIRÚRGICA CIRUGÍA GENERAL ";"13";"13";"13";"13";"10";"310";"0"
"2023";"07";"150130";"LIMA";"LIMA";"SAN BORJA";"PRIVADO";"II-1";"00010515";"CLINICA SANTA LUCIA S.A.C.";"240800";"HOSPITALIZACIÓN QUIRÚRGICA CIRUGÍA PLÁSTICA/RECONSTRUCTIVA/ REPARADORA ";"5";"10";"10";"10";"5";"155";"0"
"2023";"07";"150130";"LIMA";"LIMA";"SAN BORJA";"PRIVADO";"II-1";"00010515";"CLINICA SANTA LUCIA S.A.C.";"241200";"HOSPITALIZACIÓN QUIRÚRGICA TRAUMATOLOGÍA Y ORTOPEDIA ";"10";"15";"15";"15";"5";"155";"0"
"2023";"07";"150130";"LIMA";"LIMA";"SAN BORJA";"PRIVADO";"II-1";"00010515";"CLINICA SANTA LUCIA S.A.C.";"241300";"HOSPITALIZACIÓN QUIRÚRGICA UROLOGÍA  ";"35";"35";"35";"35";"10";"310";"0"
"2023";"07";"120114";"JUNIN";"HUANCAYO";"EL TAMBO";"ESSALUD";"I-4";"00008660";"POLICLINICO METROPOLITANO HUANCAYO";"NE_0001";"";"NE_0001";"NE_0001";"NE_0001";"NE_0001";"NE_0001";"NE_0001";"NE_0001"
"2023";"07";"120301";"JUNIN";"CHANCHAMAYO";"CHANCHAMAYO";"ESSALUD";"II-1";"00008656";"HOSPITAL  SELVA CENTRAL Y ENFERMEDADES TROPICALES LA MERCED";"241800";"HOSPITALIZACIÓN DE MEDICINA MEDICINA GENERAL ";"43";"36";"189";"154";"6";"186";"0"
"2023";"07";"120301";"JUNIN";"CHANCHAMAYO";"CHANCHAMAYO";"ESSALUD";"II-1";"00008656";"HOSPITAL  SELVA CENTRAL Y ENFERMEDADES TROPICALES LA MERCED";"240100";"HOSPITALIZACIÓN QUIRÚRGICA CIRUGÍA GENERAL ";"55";"53";"222";"220";"9";"279";"0"
"2023";"07";"120301";"JUNIN";"CHANCHAMAYO";"CHANCHAMAYO";"ESSALUD";"II-1";"00008656";"HOSPITAL  SELVA CENTRAL Y ENFERMEDADES TROPICALES LA MERCED";"241500";"HOSPITALIZACIÓN QUIRÚRGICA GINECOLOGÍA  ";"13";"13";"52";"52";"2";"62";"0"
"2023";"07";"120301";"JUNIN";"CHANCHAMAYO";"CHANCHAMAYO";"ESSALUD";"II-1";"00008656";"HOSPITAL  SELVA CENTRAL Y ENFERMEDADES TROPICALES LA MERCED";"241600";"HOSPITALIZACIÓN QUIRÚRGICA OBSTETRICIA   ";"43";"40";"85";"81";"4";"124";"0"
"2023";"07";"120301";"JUNIN";"CHANCHAMAYO";"CHANCHAMAYO";"ESSALUD";"II-1";"00008656";"HOSPITAL  SELVA CENTRAL Y ENFERMEDADES TROPICALES LA MERCED";"242300";"HOSPITALIZACIÓN DE PEDIATRÍA  PEDIATRÍA  GENERAL ";"49";"48";"85";"85";"4";"124";"0"
"2023";"07";"150131";"LIMA";"LIMA";"SAN ISIDRO";"PRIVADO";"II-2";"00008398";"CLINICA EL GOLF";"240000";"HOSPITALIZACIÓN";"318";"311";"1087";"344";"54";"1674";"0"
"2023";"07";"150131";"LIMA";"LIMA";"SAN ISIDRO";"PRIVADO";"II-2";"00008398";"CLINICA EL GOLF";"250103";"UNIDAD DE CUIDADOS CRITICOS UNIDAD  DE CUIDADOS INTENSIVOS GENERALES  (UCI) MEDICINA";"19";"5";"86";"28";"6";"186";"1"
"2023";"07";"070101";"CALLAO";"CALLAO";"CALLAO";"GOBIERNO REGIONAL";"I-3";"00006239";"C.S. SESQUICENTENARIO";"NE_0001";"";"NE_0001";"NE_0001";"NE_0001";"NE_0001";"NE_0001";"NE_0001";"NE_0001"
"2023";"07";"070101";"CALLAO";"CALLAO";"CALLAO";"GOBIERNO REGIONAL";"I-2";"00006240";"PUESTO DE SALUD PREVI";"NE_0001";"";"NE_0001";"NE_0001";"NE_0001";"NE_0001";"NE_0001";"NE_0001";"NE_0001"
"2023";"07";"070101";"CALLAO";"CALLAO";"CALLAO";"GOBIERNO REGIONAL";"I-2";"00006245";"PUESTO DE SALUD BOCANEGRA";"NE_0001";"";"NE_0001";"NE_0001";"NE_0001";"NE_0001";"NE_0001";"NE_0001";"NE_0001"
"2023";"07";"070101";"CALLAO";"CALLAO";"CALLAO";"GOBIERNO REGIONAL";"I-2";"00006246";"PUESTO DE SALUD EL ÁLAMO";"NE_0001";"";"NE_0001";"NE_0001";"NE_0001";"NE_0001";"NE_0001";"NE_0001";"NE_0001"
"2023";"07";"061112";"CAJAMARCA";"SAN MIGUEL";"TONGOD";"GOBIERNO REGIONAL";"I-1";"00007085";"PISIT";"NE_0001";"";"NE_0001";"NE_0001";"NE_0001";"NE_0001";"NE_0001";"NE_0001";"NE_0001"
"2023";"07";"061112";"CAJAMARCA";"SAN MIGUEL";"TONGOD";"GOBIERNO REGIONAL";"I-1";"00008751";"LA CORONILLA";"NE_0001";"";"NE_0001";"NE_0001";"NE_0001";"NE_0001";"NE_0001";"NE_0001";"NE_0001"
"2023";"07";"061112";"CAJAMARCA";"SAN MIGUEL";"TONGOD";"GOBIERNO REGIONAL";"I-3";"00004607";"TONGOD";"NE_0001";"";"NE_0001";"NE_0001";"NE_0001";"NE_0001";"NE_0001";"NE_0001";"NE_0001"
"2023";"07";"130101";"LA LIBERTAD";"TRUJILLO";"TRUJILLO";"PRIVADO";"II-E";"00021009";"CLINICA SAN LUIS ASISTENCIAL DOCENTE S.R.L.";"240100";"HOSPITALIZACIÓN QUIRÚRGICA CIRUGÍA GENERAL ";"144";"166";"179";"194";"24";"720";"0"
"2023";"07";"130101";"LA LIBERTAD";"TRUJILLO";"TRUJILLO";"PRIVADO";"II-E";"00021009";"CLINICA SAN LUIS ASISTENCIAL DOCENTE S.R.L.";"241400";"HOSPITALIZACIÓN QUIRÚRGICA GINECO - OBSTETRICIA ";"9";"9";"23";"32";"24";"720";"0"
"2023";"07";"131101";"LA LIBERTAD";"GRAN CHIMU";"CASCAS";"ESSALUD";"I-2";"00012104";"POSTA DE SALUD CASCAS";"NE_0001";"";"NE_0001";"NE_0001";"NE_0001";"NE_0001";"NE_0001";"NE_0001";"NE_0001"
"2023";"07";"150137";"LIMA";"LIMA";"SANTA ANITA";"ESSALUD";"II-1";"00008318";"ESSALUD - HOSPITAL I JORGE VOTO BERNALES CORPANCHO";"241800";"HOSPITALIZACIÓN DE MEDICINA MEDICINA GENERAL ";"18";"17";"46";"48";"5";"155";"0"
"2023";"07";"150137";"LIMA";"LIMA";"SANTA ANITA";"ESSALUD";"II-1";"00008318";"ESSALUD - HOSPITAL I JORGE VOTO BERNALES CORPANCHO";"243200";"HOSPITALIZACIÓN DE PEDIATRÍA PEDIATRIA NEONATOLOGÍA";"11";"7";"29";"29";"4";"124";"3"
"2023";"07";"150137";"LIMA";"LIMA";"SANTA ANITA";"ESSALUD";"II-1";"00008318";"ESSALUD - HOSPITAL I JORGE VOTO BERNALES CORPANCHO";"240100";"HOSPITALIZACIÓN QUIRÚRGICA CIRUGÍA GENERAL ";"67";"74";"236";"227";"12";"372";"0"
"2023";"07";"150137";"LIMA";"LIMA";"SANTA ANITA";"ESSALUD";"II-1";"00008318";"ESSALUD - HOSPITAL I JORGE VOTO BERNALES CORPANCHO";"241400";"HOSPITALIZACIÓN QUIRÚRGICA GINECO - OBSTETRICIA ";"25";"21";"57";"91";"3";"93";"0"
"2023";"07";"150137";"LIMA";"LIMA";"SANTA ANITA";"ESSALUD";"II-1";"00008318";"ESSALUD - HOSPITAL I JORGE VOTO BERNALES CORPANCHO";"242300";"HOSPITALIZACIÓN DE PEDIATRÍA  PEDIATRÍA  GENERAL ";"25";"25";"90";"80";"3";"93";"0"
"2023";"07";"150137";"LIMA";"LIMA";"SANTA ANITA";"ESSALUD";"II-1";"00008318";"ESSALUD - HOSPITAL I JORGE VOTO BERNALES CORPANCHO";"250100";"UNIDAD DE CUIDADOS CRITICOS UNIDAD  DE CUIDADOS INTENSIVOS GENERALES (UCI) ";"44";"42";"84";"122";"4";"124";"0"
"2023";"07";"150137";"LIMA";"LIMA";"SANTA ANITA";"ESSALUD";"II-1";"00008318";"ESSALUD - HOSPITAL I JORGE VOTO BERNALES CORPANCHO";"241500";"HOSPITALIZACIÓN QUIRÚRGICA GINECOLOGÍA  ";"184";"179";"371";"384";"17";"527";"0"
"2023";"07";"110101";"ICA";"ICA";"ICA";"ESSALUD";"II-1";"00013912";"FELIX TORREALVA GUTIERREZ";"241900";"HOSPITALIZACIÓN DE MEDICINA MEDICINA INTERNA ";"316";"302";"1636";"1582";"64";"1984";"11"
"2023";"07";"110101";"ICA";"ICA";"ICA";"ESSALUD";"II-1";"00013912";"FELIX TORREALVA GUTIERREZ";"241900";"HOSPITALIZACIÓN DE MEDICINA MEDICINA INTERNA ";"8";"16";"383";"152";"6";"186";"2"
"2023";"07";"110101";"ICA";"ICA";"ICA";"ESSALUD";"II-1";"00013912";"FELIX TORREALVA GUTIERREZ";"240100";"HOSPITALIZACIÓN QUIRÚRGICA CIRUGÍA GENERAL ";"96";"116";"345";"317";"14";"434";"0"
"2023";"07";"110101";"ICA";"ICA";"ICA";"ESSALUD";"II-1";"00013912";"FELIX TORREALVA GUTIERREZ";"241500";"HOSPITALIZACIÓN QUIRÚRGICA GINECOLOGÍA  ";"28";"32";"87";"73";"4";"124";"0"
"2023";"07";"110101";"ICA";"ICA";"ICA";"ESSALUD";"II-1";"00013912";"FELIX TORREALVA GUTIERREZ";"241500";"HOSPITALIZACIÓN QUIRÚRGICA GINECOLOGÍA  ";"130";"123";"217";"249";"14";"434";"0"
"2023";"07";"220601";"SAN MARTIN";"MARISCAL CACERES";"JUANJUI";"ESSALUD";"I-4";"00016481";"HOSPITAL I JUANJUI - ESSALUD";"241800";"HOSPITALIZACIÓN DE MEDICINA MEDICINA GENERAL ";"62";"66";"268";"202";"8";"248";"0"
"2023";"07";"160108";"LORETO";"MAYNAS";"PUNCHANA";"ESSALUD";"III-1";"00011409";"HOSPITAL III IQUITOS";"241900";"HOSPITALIZACIÓN DE MEDICINA MEDICINA INTERNA ";"133";"128";"903";"1258";"44";"1364";"9"
"2023";"07";"160108";"LORETO";"MAYNAS";"PUNCHANA";"ESSALUD";"III-1";"00011409";"HOSPITAL III IQUITOS";"240100";"HOSPITALIZACIÓN QUIRÚRGICA CIRUGÍA GENERAL ";"197";"201";"813";"730";"40";"1240";"0"
"2023";"07";"160108";"LORETO";"MAYNAS";"PUNCHANA";"ESSALUD";"III-1";"00011409";"HOSPITAL III IQUITOS";"241400";"HOSPITALIZACIÓN QUIRÚRGICA GINECO - OBSTETRICIA ";"40";"38";"117";"124";"5";"155";"0"
"2023";"07";"160108";"LORETO";"MAYNAS";"PUNCHANA";"ESSALUD";"III-1";"00011409";"HOSPITAL III IQUITOS";"241600";"HOSPITALIZACIÓN QUIRÚRGICA OBSTETRICIA   ";"153";"150";"343";"358";"18";"558";"0"
"2023";"07";"160108";"LORETO";"MAYNAS";"PUNCHANA";"ESSALUD";"III-1";"00011409";"HOSPITAL III IQUITOS";"242300";"HOSPITALIZACIÓN DE PEDIATRÍA  PEDIATRÍA  GENERAL ";"81";"84";"377";"376";"14";"434";"0"
"2023";"07";"160108";"LORETO";"MAYNAS";"PUNCHANA";"ESSALUD";"III-1";"00011409";"HOSPITAL III IQUITOS";"250100";"UNIDAD DE CUIDADOS CRITICOS UNIDAD  DE CUIDADOS INTENSIVOS GENERALES (UCI) ";"25";"26";"351";"310";"10";"310";"5"
"2023";"07";"160108";"LORETO";"MAYNAS";"PUNCHANA";"ESSALUD";"III-1";"00011409";"HOSPITAL III IQUITOS";"250200";"UNIDAD DE CUIDADOS CRITICOS UNIDAD DE CUIDADOS INTERMEDIOS GENERAL  (UCIN) ";"69";"68";"343";"338";"12";"372";"3"
"2023";"07";"070101";"CALLAO";"CALLAO";"CALLAO";"GOBIERNO REGIONAL";"I-2";"00025474";"PUESTO DE SALUD JOSE OLAYA";"NE_0001";"";"NE_0001";"NE_0001";"NE_0001";"NE_0001";"NE_0001";"NE_0001";"NE_0001"
"2023";"07";"110101";"ICA";"ICA";"ICA";"PRIVADO";"I-3";"00019056";"EL GALENO DE ICA";"NE_0001";"";"NE_0001";"NE_0001";"NE_0001";"NE_0001";"NE_0001";"NE_0001";"NE_0001"
"2023";"07";"150110";"LIMA";"LIMA";"COMAS";"PRIVADO";"I-3";"00025575";"CENTRO CLÍNICO SAN NICOLAS";"NE_0001";"";"NE_0001";"NE_0001";"NE_0001";"NE_0001";"NE_0001";"NE_0001";"NE_0001"
"2023";"07";"090118";"HUANCAVELICA";"HUANCAVELICA";"ASCENSION";"ESSALUD";"II-1";"00009132";"HOSPITAL II HUANCAVELICA";"241800";"HOSPITALIZACIÓN DE MEDICINA MEDICINA GENERAL ";"39";"34";"171";"207";"9";"279";"0"
"2023";"07";"090118";"HUANCAVELICA";"HUANCAVELICA";"ASCENSION";"ESSALUD";"II-1";"00009132";"HOSPITAL II HUANCAVELICA";"240100";"HOSPITALIZACIÓN QUIRÚRGICA CIRUGÍA GENERAL ";"42";"42";"175";"209";"8";"248";"0"
"2023";"07";"090118";"HUANCAVELICA";"HUANCAVELICA";"ASCENSION";"ESSALUD";"II-1";"00009132";"HOSPITAL II HUANCAVELICA";"241200";"HOSPITALIZACIÓN QUIRÚRGICA TRAUMATOLOGÍA Y ORTOPEDIA ";"6";"6";"29";"29";"4";"124";"0"
"2023";"07";"090118";"HUANCAVELICA";"HUANCAVELICA";"ASCENSION";"ESSALUD";"II-1";"00009132";"HOSPITAL II HUANCAVELICA";"241400";"HOSPITALIZACIÓN QUIRÚRGICA GINECO - OBSTETRICIA ";"5";"6";"24";"22";"2";"62";"0"
"2023";"07";"090118";"HUANCAVELICA";"HUANCAVELICA";"ASCENSION";"ESSALUD";"II-1";"00009132";"HOSPITAL II HUANCAVELICA";"241600";"HOSPITALIZACIÓN QUIRÚRGICA OBSTETRICIA   ";"43";"42";"102";"147";"6";"186";"0"
"2023";"07";"090118";"HUANCAVELICA";"HUANCAVELICA";"ASCENSION";"ESSALUD";"II-1";"00009132";"HOSPITAL II HUANCAVELICA";"242300";"HOSPITALIZACIÓN DE PEDIATRÍA  PEDIATRÍA  GENERAL ";"44";"45";"185";"185";"6";"186";"0"
"2023";"07";"090118";"HUANCAVELICA";"HUANCAVELICA";"ASCENSION";"ESSALUD";"II-1";"00009132";"HOSPITAL II HUANCAVELICA";"250300";"UNIDAD DE CUIDADOS CRITICOS UNIDAD DE VIGILANCIA INTENSIVA  CLINICA (UVIC) ";"16";"16";"36";"36";"2";"62";"3"
"2023";"07";"061201";"CAJAMARCA";"SAN PABLO";"SAN PABLO";"ESSALUD";"I-1";"00010271";"POSTA MEDICA ESSALUD SAN PABLO";"NE_0001";"";"NE_0001";"NE_0001";"NE_0001";"NE_0001";"NE_0001";"NE_0001";"NE_0001"
"2023";"07";"200101";"PIURA";"PIURA";"PIURA";"PRIVADO";"II-1";"00013042";"CLÍNICA LOS COCOS";"240100";"HOSPITALIZACIÓN QUIRÚRGICA CIRUGÍA GENERAL ";"94";"96";"179";"181";"12";"372";"0"
"2023";"07";"200101";"PIURA";"PIURA";"PIURA";"PRIVADO";"II-1";"00013042";"CLÍNICA LOS COCOS";"241400";"HOSPITALIZACIÓN QUIRÚRGICA GINECO - OBSTETRICIA ";"164";"161";"232";"236";"16";"496";"0"
"2023";"07";"200101";"PIURA";"PIURA";"PIURA";"PRIVADO";"II-1";"00013042";"CLÍNICA LOS COCOS";"241800";"HOSPITALIZACIÓN DE MEDICINA MEDICINA GENERAL ";"8";"14";"20";"21";"11";"341";"0"
"2023";"07";"080108";"CUSCO";"CUSCO";"WANCHAQ";"PRIVADO";"II-E";"00010023";"CORNEJO";"240800";"HOSPITALIZACIÓN QUIRÚRGICA CIRUGÍA PLÁSTICA/RECONSTRUCTIVA/ REPARADORA ";"1";"1";"2";"4";"4";"180";"0"
"2023";"07";"060801";"CAJAMARCA";"JAEN";"JAEN";"GOBIERNO REGIONAL";"I-3";"00025207";"CENTRO DE SALUD MENTAL COMUNITARIO JAEN";"NE_0001";"";"NE_0001";"NE_0001";"NE_0001";"NE_0001";"NE_0001";"NE_0001";"NE_0001"
"2023";"07";"150142";"LIMA";"LIMA";"VILLA EL SALVADOR";"ESSALUD";"II-1";"00008741";"ULDARICO ROCCA FERNANDEZ";"241800";"HOSPITALIZACIÓN DE MEDICINA MEDICINA GENERAL ";"77";"81";"373";"367";"16";"496";"7"
"2023";"07";"150142";"LIMA";"LIMA";"VILLA EL SALVADOR";"ESSALUD";"II-1";"00008741";"ULDARICO ROCCA FERNANDEZ";"240100";"HOSPITALIZACIÓN QUIRÚRGICA CIRUGÍA GENERAL ";"120";"121";"235";"235";"15";"465";"0"
"2023";"07";"150142";"LIMA";"LIMA";"VILLA EL SALVADOR";"ESSALUD";"II-1";"00008741";"ULDARICO ROCCA FERNANDEZ";"241500";"HOSPITALIZACIÓN QUIRÚRGICA GINECOLOGÍA  ";"21";"18";"54";"66";"3";"93";"0"
"2023";"07";"150142";"LIMA";"LIMA";"VILLA EL SALVADOR";"ESSALUD";"II-1";"00008741";"ULDARICO ROCCA FERNANDEZ";"241600";"HOSPITALIZACIÓN QUIRÚRGICA OBSTETRICIA   ";"190";"191";"362";"362";"15";"465";"0"
"2023";"07";"150142";"LIMA";"LIMA";"VILLA EL SALVADOR";"ESSALUD";"II-1";"00008741";"ULDARICO ROCCA FERNANDEZ";"242300";"HOSPITALIZACIÓN DE PEDIATRÍA  PEDIATRÍA  GENERAL ";"88";"92";"318";"279";"9";"279";"0"
"2023";"07";"150142";"LIMA";"LIMA";"VILLA EL SALVADOR";"ESSALUD";"II-1";"00008741";"ULDARICO ROCCA FERNANDEZ";"250100";"UNIDAD DE CUIDADOS CRITICOS UNIDAD  DE CUIDADOS INTENSIVOS GENERALES (UCI) ";"11";"10";"63";"87";"4";"124";"3"
"2023";"07";"060807";"CAJAMARCA";"JAEN";"POMAHUACA";"GOBIERNO REGIONAL";"I-2";"00004248";"PALO BLANCO";"NE_0002";"";"NE_0002";"NE_0002";"NE_0002";"NE_0002";"NE_0002";"NE_0002";"NE_0002"
"2023";"07";"060804";"CAJAMARCA";"JAEN";"COLASAY";"GOBIERNO REGIONAL";"I-1";"00031333";"CHUNCHUCA";"NE_0002";"";"NE_0002";"NE_0002";"NE_0002";"NE_0002";"NE_0002";"NE_0002";"NE_0002"
"2023";"07";"060804";"CAJAMARCA";"JAEN";"COLASAY";"GOBIERNO REGIONAL";"I-1";"00007171";"LOS CEDROS DE COLASAY";"NE_0002";"";"NE_0002";"NE_0002";"NE_0002";"NE_0002";"NE_0002";"NE_0002";"NE_0002"
"2023";"07";"060804";"CAJAMARCA";"JAEN";"COLASAY";"GOBIERNO REGIONAL";"I-3";"00004237";"CHUNCHUQUILLO";"NE_0001";"";"NE_0001";"NE_0001";"NE_0001";"NE_0001";"NE_0001";"NE_0001";"NE_0001"
"2023";"07";"060804";"CAJAMARCA";"JAEN";"COLASAY";"GOBIERNO REGIONAL";"I-2";"00004238";"SAN LORENZO DE BARBASCO";"NE_0001";"";"NE_0001";"NE_0001";"NE_0001";"NE_0001";"NE_0001";"NE_0001";"NE_0001"
"2023";"07";"060807";"CAJAMARCA";"JAEN";"POMAHUACA";"GOBIERNO REGIONAL";"I-1";"00007122";"TAMBILLO";"NE_0002";"";"NE_0002";"NE_0002";"NE_0002";"NE_0002";"NE_0002";"NE_0002";"NE_0002"
"2023";"07";"150134";"LIMA";"LIMA";"SAN LUIS";"PRIVADO";"II-1";"00008786";"CLINICA SAN JUAN DE DIOS";"240000";"HOSPITALIZACIÓN";"48";"51";"98";"197";"25";"775";"1"
"2023";"07";"080107";"CUSCO";"CUSCO";"SAYLLA";"GOBIERNO REGIONAL";"I-2";"00002314";"SAYLLA";"NE_0002";"";"NE_0002";"NE_0002";"NE_0002";"NE_0002";"NE_0002";"NE_0002";"NE_0002"
"2023";"07";"080104";"CUSCO";"CUSCO";"SAN JERONIMO";"GOBIERNO REGIONAL";"I-4";"00002300";"SAN JERONIMO";"NE_0002";"";"NE_0002";"NE_0002";"NE_0002";"NE_0002";"NE_0002";"NE_0002";"NE_0002"
"2023";"05";"140101";"LAMBAYEQUE";"CHICLAYO";"CHICLAYO";"PRIVADO";"I-3";"00008229";"SERVIMEDICOS S.A.C.";"NE_0001";"";"NE_0001";"NE_0001";"NE_0001";"NE_0001";"NE_0001";"NE_0001";"NE_0001"
"2023";"05";"060801";"CAJAMARCA";"JAEN";"JAEN";"GOBIERNO REGIONAL";"I-3";"00004213";"FILA ALTA";"NE_0001";"";"NE_0001";"NE_0001";"NE_0001";"NE_0001";"NE_0001";"NE_0001";"NE_0001"
"2023";"05";"150134";"LIMA";"LIMA";"SAN LUIS";"PRIVADO";"II-1";"00008786";"CLINICA SAN JUAN DE DIOS";"240000";"HOSPITALIZACIÓN";"82";"71";"168";"177";"25";"775";"0"
"2023";"07";"090311";"HUANCAVELICA";"ANGARAES";"SANTO TOMAS DE PATA";"GOBIERNO REGIONAL";"I-1";"00003967";"SANTO TOMAS DE PATA";"NE_0001";"";"NE_0001";"NE_0001";"NE_0001";"NE_0001";"NE_0001";"NE_0001";"NE_0001"
"2023";"07";"090311";"HUANCAVELICA";"ANGARAES";"SANTO TOMAS DE PATA";"GOBIERNO REGIONAL";"I-1";"00003968";"CHUPACC";"NE_0001";"";"NE_0001";"NE_0001";"NE_0001";"NE_0001";"NE_0001";"NE_0001";"NE_0001"
"2023";"07";"090301";"HUANCAVELICA";"ANGARAES";"LIRCAY";"GOBIERNO REGIONAL";"I-1";"00011202";"PAMPAHUASI";"NE_0001";"";"NE_0001";"NE_0001";"NE_0001";"NE_0001";"NE_0001";"NE_0001";"NE_0001"
"2023";"07";"090301";"HUANCAVELICA";"ANGARAES";"LIRCAY";"GOBIERNO REGIONAL";"I-1";"00011205";"UNION PROGRESO PATAHUASI";"NE_0001";"";"NE_0001";"NE_0001";"NE_0001";"NE_0001";"NE_0001";"NE_0001";"NE_0001"
"2023";"04";"150114";"LIMA";"LIMA";"LA MOLINA";"PRIVADO";"II-E";"00009010";"CLINICA DE LA FAMILIA";"240000";"HOSPITALIZACIÓN";"76";"76";"44";"44";"11";"316";"0"
"2023";"02";"120807";"JUNIN";"YAULI";"SANTA BARBARA DE CARHUACAYAN";"GOBIERNO REGIONAL";"I-1";"00000565";"SANTA BARBARA DE CARHUACAYAN";"NE_0001";"";"NE_0001";"NE_0001";"NE_0001";"NE_0001";"NE_0001";"NE_0001";"NE_0001"
"2023";"02";"120708";"JUNIN";"TARMA";"SAN PEDRO DE CAJAS";"GOBIERNO REGIONAL";"I-1";"00000558";"ACANCOCHA";"NE_0001";"";"NE_0001";"NE_0001";"NE_0001";"NE_0001";"NE_0001";"NE_0001";"NE_0001"
"2023";"02";"120708";"JUNIN";"TARMA";"SAN PEDRO DE CAJAS";"GOBIERNO REGIONAL";"I-1";"00000557";"YANEC";"NE_0001";"";"NE_0001";"NE_0001";"NE_0001";"NE_0001";"NE_0001";"NE_0001";"NE_0001"
"2023";"07";"240201";"TUMBES";"CONTRALMIRANTE VILLAR";"ZORRITOS";"ESSALUD";"I-2";"00012273";"POSTA MEDICA ZORRITOS";"NE_0001";"";"NE_0001";"NE_0001";"NE_0001";"NE_0001";"NE_0001";"NE_0001";"NE_0001"
"2023";"04";"060101";"CAJAMARCA";"CAJAMARCA";"CAJAMARCA";"PRIVADO";"I-3";"00024687";"MEDITRAN PERU";"NE_0001";"";"NE_0001";"NE_0001";"NE_0001";"NE_0001";"NE_0001";"NE_0001";"NE_0001"
"2023";"07";"100102";"HUANUCO";"HUANUCO";"AMARILIS";"GOBIERNO REGIONAL";"I-4";"00000755";"PERU-COREA";"241600";"HOSPITALIZACIÓN QUIRÚRGICA OBSTETRICIA   ";"93";"88";"184";"59";"6";"156";"0"
"2023";"07";"100102";"HUANUCO";"HUANUCO";"AMARILIS";"GOBIERNO REGIONAL";"I-2";"00000763";"PUESTO DE SALUD DE LLICUA";"NE_0001";"";"NE_0001";"NE_0001";"NE_0001";"NE_0001";"NE_0001";"NE_0001";"NE_0001"
"2023";"07";"100102";"HUANUCO";"HUANUCO";"AMARILIS";"GOBIERNO REGIONAL";"I-2";"00000761";"MALCONGA";"NE_0001";"";"NE_0001";"NE_0001";"NE_0001";"NE_0001";"NE_0001";"NE_0001";"NE_0001"
"2023";"07";"100102";"HUANUCO";"HUANUCO";"AMARILIS";"GOBIERNO REGIONAL";"I-2";"00000762";"PAUCAR";"NE_0001";"";"NE_0001";"NE_0001";"NE_0001";"NE_0001";"NE_0001";"NE_0001";"NE_0001"
"2023";"07";"100102";"HUANUCO";"HUANUCO";"AMARILIS";"GOBIERNO REGIONAL";"I-3";"00027051";"CENTRO DE SALUD MENTAL COMUNITARIO PAKKARIN";"NE_0001";"";"NE_0001";"NE_0001";"NE_0001";"NE_0001";"NE_0001";"NE_0001";"NE_0001"
"2023";"07";"100102";"HUANUCO";"HUANUCO";"AMARILIS";"GOBIERNO REGIONAL";"I-2";"00000760";"LA ESPERANZA";"NE_0001";"";"NE_0001";"NE_0001";"NE_0001";"NE_0001";"NE_0001";"NE_0001";"NE_0001"
"2023";"07";"100102";"HUANUCO";"HUANUCO";"AMARILIS";"GOBIERNO REGIONAL";"I-3";"00027821";"CENTRO DE SALUD AMARILIS";"NE_0001";"";"NE_0001";"NE_0001";"NE_0001";"NE_0001";"NE_0001";"NE_0001";"NE_0001"
"2023";"07";"190301";"PASCO";"OXAPAMPA";"OXAPAMPA";"GOBIERNO REGIONAL";"II-1";"00000980";"ERNESTO GERMAN GUZMÁN GONZALES";"250103";"UNIDAD DE CUIDADOS CRITICOS UNIDAD  DE CUIDADOS INTENSIVOS GENERALES  (UCI) MEDICINA";"9";"9";"86";"86";"2";"90";"2"
"2023";"07";"190301";"PASCO";"OXAPAMPA";"OXAPAMPA";"GOBIERNO REGIONAL";"II-1";"00000980";"ERNESTO GERMAN GUZMÁN GONZALES";"241800";"HOSPITALIZACIÓN DE MEDICINA MEDICINA GENERAL ";"15";"15";"88";"88";"2";"92";"4"
"2023";"07";"190301";"PASCO";"OXAPAMPA";"OXAPAMPA";"GOBIERNO REGIONAL";"II-1";"00000980";"ERNESTO GERMAN GUZMÁN GONZALES";"240100";"HOSPITALIZACIÓN QUIRÚRGICA CIRUGÍA GENERAL ";"17";"17";"63";"63";"5";"155";"0"
"2023";"07";"190301";"PASCO";"OXAPAMPA";"OXAPAMPA";"GOBIERNO REGIONAL";"II-1";"00000980";"ERNESTO GERMAN GUZMÁN GONZALES";"241400";"HOSPITALIZACIÓN QUIRÚRGICA GINECO - OBSTETRICIA ";"42";"42";"78";"78";"4";"186";"0"
"2023";"07";"190301";"PASCO";"OXAPAMPA";"OXAPAMPA";"GOBIERNO REGIONAL";"II-1";"00000980";"ERNESTO GERMAN GUZMÁN GONZALES";"242500";"HOSPITALIZACIÓN-PEDIATRÍA GENERAL-";"5";"5";"29";"29";"2";"62";"0"
"2023";"03";"040208";"AREQUIPA";"CAMANA";"SAMUEL PASTOR";"ESSALUD";"I-4";"00011009";"HOSPITAL I SAMUEL PASTOR DE CAMANA ESSALUD";"241800";"HOSPITALIZACIÓN DE MEDICINA MEDICINA GENERAL ";"33";"30";"153";"146";"5";"155";"1"
"2023";"03";"040208";"AREQUIPA";"CAMANA";"SAMUEL PASTOR";"ESSALUD";"I-4";"00011009";"HOSPITAL I SAMUEL PASTOR DE CAMANA ESSALUD";"240100";"HOSPITALIZACIÓN QUIRÚRGICA CIRUGÍA GENERAL ";"24";"23";"46";"52";"2";"62";"0"
"2023";"03";"040208";"AREQUIPA";"CAMANA";"SAMUEL PASTOR";"ESSALUD";"I-4";"00011009";"HOSPITAL I SAMUEL PASTOR DE CAMANA ESSALUD";"241500";"HOSPITALIZACIÓN QUIRÚRGICA GINECOLOGÍA  ";"9";"9";"17";"17";"1";"31";"0"
"2023";"03";"040208";"AREQUIPA";"CAMANA";"SAMUEL PASTOR";"ESSALUD";"I-4";"00011009";"HOSPITAL I SAMUEL PASTOR DE CAMANA ESSALUD";"241600";"HOSPITALIZACIÓN QUIRÚRGICA OBSTETRICIA   ";"2";"2";"4";"4";"1";"31";"0"
"2023";"07";"150601";"LIMA";"HUARAL";"HUARAL";"ESSALUD";"I-4";"00010333";"CENTRO DE ATENCION PRIMARIA III HUARAL";"NE_0001";"";"NE_0001";"NE_0001";"NE_0001";"NE_0001";"NE_0001";"NE_0001";"NE_0001"
"2023";"05";"040208";"AREQUIPA";"CAMANA";"SAMUEL PASTOR";"ESSALUD";"I-4";"00011009";"HOSPITAL I SAMUEL PASTOR DE CAMANA ESSALUD";"241800";"HOSPITALIZACIÓN DE MEDICINA MEDICINA GENERAL ";"23";"25";"139";"124";"4";"124";"2"
"2023";"05";"040208";"AREQUIPA";"CAMANA";"SAMUEL PASTOR";"ESSALUD";"I-4";"00011009";"HOSPITAL I SAMUEL PASTOR DE CAMANA ESSALUD";"240100";"HOSPITALIZACIÓN QUIRÚRGICA CIRUGÍA GENERAL ";"18";"19";"40";"37";"2";"62";"0"
"2023";"05";"040208";"AREQUIPA";"CAMANA";"SAMUEL PASTOR";"ESSALUD";"I-4";"00011009";"HOSPITAL I SAMUEL PASTOR DE CAMANA ESSALUD";"241500";"HOSPITALIZACIÓN QUIRÚRGICA GINECOLOGÍA  ";"18";"18";"37";"37";"2";"62";"0"
"2023";"05";"040208";"AREQUIPA";"CAMANA";"SAMUEL PASTOR";"ESSALUD";"I-4";"00011009";"HOSPITAL I SAMUEL PASTOR DE CAMANA ESSALUD";"241600";"HOSPITALIZACIÓN QUIRÚRGICA OBSTETRICIA   ";"3";"3";"3";"3";"1";"31";"0"
"2023";"07";"061001";"CAJAMARCA";"SAN MARCOS";"PEDRO GALVEZ";"GOBIERNO REGIONAL";"I-1";"00004505";"HUAYOBAMBA";"NE_0001";"";"NE_0001";"NE_0001";"NE_0001";"NE_0001";"NE_0001";"NE_0001";"NE_0001"
"2023";"07";"061004";"CAJAMARCA";"SAN MARCOS";"GREGORIO PITA";"GOBIERNO REGIONAL";"I-1";"00004503";"PUESTO DE SALUD ULLILLIN";"NE_0001";"";"NE_0001";"NE_0001";"NE_0001";"NE_0001";"NE_0001";"NE_0001";"NE_0001"
"2023";"07";"061001";"CAJAMARCA";"SAN MARCOS";"PEDRO GALVEZ";"GOBIERNO REGIONAL";"I-1";"00004509";"CONDORMARCA";"NE_0001";"";"NE_0001";"NE_0001";"NE_0001";"NE_0001";"NE_0001";"NE_0001";"NE_0001"
"2023";"07";"061001";"CAJAMARCA";"SAN MARCOS";"PEDRO GALVEZ";"GOBIERNO REGIONAL";"I-1";"00004504";"EDELMIRA";"NE_0001";"";"NE_0001";"NE_0001";"NE_0001";"NE_0001";"NE_0001";"NE_0001";"NE_0001"
"2023";"07";"061004";"CAJAMARCA";"SAN MARCOS";"GREGORIO PITA";"GOBIERNO REGIONAL";"I-1";"00004506";"PUESTO DE SALUD MANZANILLA";"NE_0001";"";"NE_0001";"NE_0001";"NE_0001";"NE_0001";"NE_0001";"NE_0001";"NE_0001"
"2023";"07";"061004";"CAJAMARCA";"SAN MARCOS";"GREGORIO PITA";"GOBIERNO REGIONAL";"I-2";"00004507";"RIO SECO";"NE_0001";"";"NE_0001";"NE_0001";"NE_0001";"NE_0001";"NE_0001";"NE_0001";"NE_0001"
"2023";"07";"061001";"CAJAMARCA";"SAN MARCOS";"PEDRO GALVEZ";"GOBIERNO REGIONAL";"I-4";"00004501";"SAN MARCOS";"241600";"HOSPITALIZACIÓN QUIRÚRGICA OBSTETRICIA   ";"2";"2";"5";"7";"3";"93";"0"
"2023";"07";"061001";"CAJAMARCA";"SAN MARCOS";"PEDRO GALVEZ";"GOBIERNO REGIONAL";"I-4";"00004501";"SAN MARCOS";"241800";"HOSPITALIZACIÓN DE MEDICINA MEDICINA GENERAL ";"28";"28";"38";"64";"6";"186";"0"
"2023";"07";"061001";"CAJAMARCA";"SAN MARCOS";"PEDRO GALVEZ";"GOBIERNO REGIONAL";"I-4";"00004501";"SAN MARCOS";"242500";"HOSPITALIZACIÓN-PEDIATRÍA GENERAL-";"10";"10";"41";"50";"3";"93";"0"
"2023";"07";"061004";"CAJAMARCA";"SAN MARCOS";"GREGORIO PITA";"GOBIERNO REGIONAL";"I-1";"00004502";"PUESTO DE SALUD MUYOC";"NE_0001";"";"NE_0001";"NE_0001";"NE_0001";"NE_0001";"NE_0001";"NE_0001";"NE_0001"
"2023";"07";"061004";"CAJAMARCA";"SAN MARCOS";"GREGORIO PITA";"GOBIERNO REGIONAL";"I-2";"00004508";"PAUCAMARCA";"NE_0001";"";"NE_0001";"NE_0001";"NE_0001";"NE_0001";"NE_0001";"NE_0001";"NE_0001"
"2023";"07";"061001";"CAJAMARCA";"SAN MARCOS";"PEDRO GALVEZ";"GOBIERNO REGIONAL";"I-1";"00004510";"CHUCO";"NE_0001";"";"NE_0001";"NE_0001";"NE_0001";"NE_0001";"NE_0001";"NE_0001";"NE_0001"
"2023";"07";"160113";"LORETO";"MAYNAS";"SAN JUAN BAUTISTA";"ESSALUD";"I-3";"00011386";"CAP II SAN JUAN BAUTISTA";"NE_0001";"";"NE_0001";"NE_0001";"NE_0001";"NE_0001";"NE_0001";"NE_0001";"NE_0001"
"2023";"07";"080501";"CUSCO";"CANAS";"YANAOCA";"GOBIERNO REGIONAL";"I-2";"00018241";"HAMPATURA";"NE_0001";"";"NE_0001";"NE_0001";"NE_0001";"NE_0001";"NE_0001";"NE_0001";"NE_0001"
"2023";"07";"080506";"CUSCO";"CANAS";"PAMPAMARCA";"GOBIERNO REGIONAL";"I-2";"00002372";"PAMPAMARCA";"NE_0001";"";"NE_0001";"NE_0001";"NE_0001";"NE_0001";"NE_0001";"NE_0001";"NE_0001"
"2023";"07";"080508";"CUSCO";"CANAS";"TUPAC AMARU";"GOBIERNO REGIONAL";"I-1";"00002375";"SURIMANA";"NE_0001";"";"NE_0001";"NE_0001";"NE_0001";"NE_0001";"NE_0001";"NE_0001";"NE_0001"
"2023";"07";"080507";"CUSCO";"CANAS";"QUEHUE";"GOBIERNO REGIONAL";"I-2";"00002373";"QUEHUE";"NE_0001";"";"NE_0001";"NE_0001";"NE_0001";"NE_0001";"NE_0001";"NE_0001";"NE_0001"
"2023";"07";"080501";"CUSCO";"CANAS";"YANAOCA";"GOBIERNO REGIONAL";"I-4";"00002364";"YANAOCA";"NE_0001";"";"NE_0001";"NE_0001";"NE_0001";"NE_0001";"NE_0001";"NE_0001";"NE_0001"
"2023";"07";"080508";"CUSCO";"CANAS";"TUPAC AMARU";"GOBIERNO REGIONAL";"I-2";"00002376";"TUNGASUCA";"NE_0001";"";"NE_0001";"NE_0001";"NE_0001";"NE_0001";"NE_0001";"NE_0001";"NE_0001"
"2023";"07";"080501";"CUSCO";"CANAS";"YANAOCA";"GOBIERNO REGIONAL";"I-2";"00002365";"PONGOÑA";"NE_0001";"";"NE_0001";"NE_0001";"NE_0001";"NE_0001";"NE_0001";"NE_0001";"NE_0001"
"2023";"07";"080507";"CUSCO";"CANAS";"QUEHUE";"GOBIERNO REGIONAL";"I-2";"00002374";"HUINCHIRI";"NE_0001";"";"NE_0001";"NE_0001";"NE_0001";"NE_0001";"NE_0001";"NE_0001";"NE_0001"
"2023";"07";"080508";"CUSCO";"CANAS";"TUPAC AMARU";"GOBIERNO REGIONAL";"I-1";"00002377";"TOCCOCCORI";"NE_0001";"";"NE_0001";"NE_0001";"NE_0001";"NE_0001";"NE_0001";"NE_0001";"NE_0001"
"2023";"07";"040603";"AREQUIPA";"CONDESUYOS";"CAYARANI";"GOBIERNO REGIONAL";"I-3";"00001440";"CENTRO DE SALUD CAYARANI";"NE_0001";"";"NE_0001";"NE_0001";"NE_0001";"NE_0001";"NE_0001";"NE_0001";"NE_0001"
"2023";"07";"040404";"AREQUIPA";"CASTILLA";"CHACHAS";"GOBIERNO REGIONAL";"I-2";"00001442";"PUESTO DE SALUD TOLCONI";"NE_0001";"";"NE_0001";"NE_0001";"NE_0001";"NE_0001";"NE_0001";"NE_0001";"NE_0001"
"2023";"07";"040505";"AREQUIPA";"CAYLLOMA";"CAYLLOMA";"GOBIERNO REGIONAL";"I-3";"00001422";"CENTRO DE SALUD CAYLLOMA";"NE_0001";"";"NE_0001";"NE_0001";"NE_0001";"NE_0001";"NE_0001";"NE_0001";"NE_0001"
"2023";"07";"040603";"AREQUIPA";"CONDESUYOS";"CAYARANI";"GOBIERNO REGIONAL";"I-2";"00007407";"PUESTO DE SALUD ARCATA";"NE_0001";"";"NE_0001";"NE_0001";"NE_0001";"NE_0001";"NE_0001";"NE_0001";"NE_0001"
"2023";"07";"040505";"AREQUIPA";"CAYLLOMA";"CAYLLOMA";"GOBIERNO REGIONAL";"I-2";"00001418";"PUESTO DE SALUD JACHAÑA";"NE_0001";"";"NE_0001";"NE_0001";"NE_0001";"NE_0001";"NE_0001";"NE_0001";"NE_0001"
"2023";"02";"150117";"LIMA";"LIMA";"LOS OLIVOS";"PRIVADO";"II-E";"00023151";"CLINICA CORI";"240000";"HOSPITALIZACIÓN";"60";"56";"101";"152";"14";"392";"0"
"2023";"03";"150117";"LIMA";"LIMA";"LOS OLIVOS";"PRIVADO";"II-E";"00023151";"CLINICA CORI";"240000";"HOSPITALIZACIÓN";"89";"82";"133";"185";"14";"406";"0"
"2023";"04";"220101";"SAN MARTIN";"MOYOBAMBA";"MOYOBAMBA";"GOBIERNO REGIONAL";"I-2";"00006291";"ATUMPLAYA";"NE_0001";"";"NE_0001";"NE_0001";"NE_0001";"NE_0001";"NE_0001";"NE_0001";"NE_0001"
"2023";"04";"220807";"SAN MARTIN";"RIOJA";"SAN FERNANDO";"GOBIERNO REGIONAL";"I-3";"00006290";"SAN FERNANDO";"NE_0002";"";"NE_0002";"NE_0002";"NE_0002";"NE_0002";"NE_0002";"NE_0002";"NE_0002"
"2023";"04";"220807";"SAN MARTIN";"RIOJA";"SAN FERNANDO";"GOBIERNO REGIONAL";"I-1";"00006294";"PERLA MAYO";"NE_0001";"";"NE_0001";"NE_0001";"NE_0001";"NE_0001";"NE_0001";"NE_0001";"NE_0001"
"2023";"04";"220202";"SAN MARTIN";"BELLAVISTA";"ALTO BIAVO";"GOBIERNO REGIONAL";"I-1";"00006528";"NUEVA ARICA";"NE_0002";"";"NE_0002";"NE_0002";"NE_0002";"NE_0002";"NE_0002";"NE_0002";"NE_0002"
"2023";"04";"220202";"SAN MARTIN";"BELLAVISTA";"ALTO BIAVO";"GOBIERNO REGIONAL";"I-1";"00006525";"CUZCO";"NE_0002";"";"NE_0002";"NE_0002";"NE_0002";"NE_0002";"NE_0002";"NE_0002";"NE_0002"
"2023";"04";"220202";"SAN MARTIN";"BELLAVISTA";"ALTO BIAVO";"GOBIERNO REGIONAL";"I-2";"00006524";"BARRANCA";"NE_0002";"";"NE_0002";"NE_0002";"NE_0002";"NE_0002";"NE_0002";"NE_0002";"NE_0002"
"2023";"04";"220202";"SAN MARTIN";"BELLAVISTA";"ALTO BIAVO";"GOBIERNO REGIONAL";"I-1";"00006526";"INCAICO";"NE_0002";"";"NE_0002";"NE_0002";"NE_0002";"NE_0002";"NE_0002";"NE_0002";"NE_0002"
"2023";"04";"220202";"SAN MARTIN";"BELLAVISTA";"ALTO BIAVO";"GOBIERNO REGIONAL";"I-1";"00006527";"JOSE OLAYA";"NE_0002";"";"NE_0002";"NE_0002";"NE_0002";"NE_0002";"NE_0002";"NE_0002";"NE_0002"
"2023";"04";"021907";"ANCASH";"SIHUAS";"QUICHES";"GOBIERNO REGIONAL";"I-3";"00001806";"CENTRO DE SALUD QUICHES";"241400";"HOSPITALIZACIÓN QUIRÚRGICA GINECO - OBSTETRICIA ";"2";"2";"2";"2";"2";"5";"0"
"2023";"04";"021905";"ANCASH";"SIHUAS";"CHINGALPO";"GOBIERNO REGIONAL";"I-1";"00001800";"PUESTO DE SALUD CHINGALPO";"241400";"HOSPITALIZACIÓN QUIRÚRGICA GINECO - OBSTETRICIA ";"2";"2";"2";"2";"2";"3";"0"
"2023";"04";"021905";"ANCASH";"SIHUAS";"CHINGALPO";"GOBIERNO REGIONAL";"I-1";"00001754";"PUESTO DE SALUD SAN MIGUEL";"NE_0002";"";"NE_0002";"NE_0002";"NE_0002";"NE_0002";"NE_0002";"NE_0002";"NE_0002"
"2023";"04";"021903";"ANCASH";"SIHUAS";"ALFONSO UGARTE";"GOBIERNO REGIONAL";"I-1";"00001805";"PUESTO DE SALUD ULLOLLUCO";"NE_0002";"";"NE_0002";"NE_0002";"NE_0002";"NE_0002";"NE_0002";"NE_0002";"NE_0002"
"2023";"04";"021907";"ANCASH";"SIHUAS";"QUICHES";"GOBIERNO REGIONAL";"I-1";"00001807";"PUESTO DE SALUD JOCOSBAMBA";"241400";"HOSPITALIZACIÓN QUIRÚRGICA GINECO - OBSTETRICIA ";"1";"1";"1";"1";"1";"2";"0"
"2023";"04";"021907";"ANCASH";"SIHUAS";"QUICHES";"GOBIERNO REGIONAL";"I-3";"00001806";"CENTRO DE SALUD QUICHES";"241400";"HOSPITALIZACIÓN QUIRÚRGICA GINECO - OBSTETRICIA ";"2";"2";"2";"2";"2";"5";"0"
"2023";"04";"150113";"LIMA";"LIMA";"JESUS MARIA";"PRIVADO";"II-E";"00026793";"CLINICA BELLAFORMA";"NE_0001";"";"NE_0001";"NE_0001";"NE_0001";"NE_0001";"NE_0001";"NE_0001";"NE_0001"
"2023";"04";"130101";"LA LIBERTAD";"TRUJILLO";"TRUJILLO";"ESSALUD";"II-1";"00008685";"HOSPITAL I ALBRECHT";"241800";"HOSPITALIZACIÓN DE MEDICINA MEDICINA GENERAL ";"28";"30";"192";"182";"7";"182";"0"
"2023";"04";"130101";"LA LIBERTAD";"TRUJILLO";"TRUJILLO";"ESSALUD";"II-1";"00008685";"HOSPITAL I ALBRECHT";"240100";"HOSPITALIZACIÓN QUIRÚRGICA CIRUGÍA GENERAL ";"43";"43";"85";"84";"3";"119";"0"
"2023";"04";"130101";"LA LIBERTAD";"TRUJILLO";"TRUJILLO";"ESSALUD";"II-1";"00008685";"HOSPITAL I ALBRECHT";"241500";"HOSPITALIZACIÓN QUIRÚRGICA GINECOLOGÍA  ";"73";"78";"118";"112";"4";"125";"0"
"2023";"04";"130101";"LA LIBERTAD";"TRUJILLO";"TRUJILLO";"ESSALUD";"II-1";"00008685";"HOSPITAL I ALBRECHT";"241600";"HOSPITALIZACIÓN QUIRÚRGICA OBSTETRICIA   ";"25";"25";"46";"48";"3";"90";"0"
"2023";"04";"130101";"LA LIBERTAD";"TRUJILLO";"TRUJILLO";"ESSALUD";"II-1";"00008685";"HOSPITAL I ALBRECHT";"242300";"HOSPITALIZACIÓN DE PEDIATRÍA  PEDIATRÍA  GENERAL ";"37";"36";"99";"102";"4";"120";"0"
"2023";"04";"040103";"AREQUIPA";"AREQUIPA";"CAYMA";"GOBIERNO REGIONAL";"I-2";"00001244";"PUESTO DE SALUD LA TOMILLA";"NE_0001";"";"NE_0001";"NE_0001";"NE_0001";"NE_0001";"NE_0001";"NE_0001";"NE_0001"
"2023";"04";"040103";"AREQUIPA";"AREQUIPA";"CAYMA";"GOBIERNO REGIONAL";"I-3";"00001234";"CENTRO DE SALUD FRANCISCO BOLOGNESI";"NE_0001";"";"NE_0001";"NE_0001";"NE_0001";"NE_0001";"NE_0001";"NE_0001";"NE_0001"
"2023";"04";"040103";"AREQUIPA";"AREQUIPA";"CAYMA";"GOBIERNO REGIONAL";"I-3";"00006890";"PUESTO DE SALUD RAFAEL BELAUNDE";"NE_0001";"";"NE_0001";"NE_0001";"NE_0001";"NE_0001";"NE_0001";"NE_0001";"NE_0001"
"2023";"04";"040103";"AREQUIPA";"AREQUIPA";"CAYMA";"GOBIERNO REGIONAL";"I-3";"00027464";"CENTRO DE SALUD MENTAL COMUNITARIO CAYMA";"NE_0001";"";"NE_0001";"NE_0001";"NE_0001";"NE_0001";"NE_0001";"NE_0001";"NE_0001"
"2023";"04";"150140";"LIMA";"LIMA";"SANTIAGO DE SURCO";"PRIVADO";"II-E";"00013900";"OFTALMOSALUD";"NE_0001";"";"NE_0001";"NE_0001";"NE_0001";"NE_0001";"NE_0001";"NE_0001";"NE_0001"
"2023";"04";"130906";"LA LIBERTAD";"SANCHEZ CARRION";"SANAGORAN";"GOBIERNO REGIONAL";"I-2";"00005359";"SANAGORAN";"NE_0001";"";"NE_0001";"NE_0001";"NE_0001";"NE_0001";"NE_0001";"NE_0001";"NE_0001"
"2023";"04";"130906";"LA LIBERTAD";"SANCHEZ CARRION";"SANAGORAN";"GOBIERNO REGIONAL";"I-2";"00007240";"HUALASGOSDAY";"NE_0001";"";"NE_0001";"NE_0001";"NE_0001";"NE_0001";"NE_0001";"NE_0001";"NE_0001"
"2023";"04";"130906";"LA LIBERTAD";"SANCHEZ CARRION";"SANAGORAN";"GOBIERNO REGIONAL";"I-2";"00007241";"CORRAL GRANDE";"NE_0001";"";"NE_0001";"NE_0001";"NE_0001";"NE_0001";"NE_0001";"NE_0001";"NE_0001"
"2023";"05";"110101";"ICA";"ICA";"ICA";"PRIVADO";"I-3";"00009648";"TATAJE  DI FLORIO SAC";"NE_0002";"";"NE_0002";"NE_0002";"NE_0002";"NE_0002";"NE_0002";"NE_0002";"NE_0002"
"2023";"05";"040103";"AREQUIPA";"AREQUIPA";"CAYMA";"SANIDAD DE LA POLICIA NACIONAL DEL PERU";"II-1";"00011794";"HOSPITAL REGIONAL PNP AREQUIPA";"240100";"HOSPITALIZACIÓN QUIRÚRGICA CIRUGÍA GENERAL ";"32";"25";"114";"114";"20";"620";"0"
"2023";"05";"040103";"AREQUIPA";"AREQUIPA";"CAYMA";"SANIDAD DE LA POLICIA NACIONAL DEL PERU";"II-1";"00011794";"HOSPITAL REGIONAL PNP AREQUIPA";"241400";"HOSPITALIZACIÓN QUIRÚRGICA GINECO - OBSTETRICIA ";"12";"11";"66";"66";"3";"93";"0"
"2023";"05";"040103";"AREQUIPA";"AREQUIPA";"CAYMA";"SANIDAD DE LA POLICIA NACIONAL DEL PERU";"II-1";"00011794";"HOSPITAL REGIONAL PNP AREQUIPA";"241500";"HOSPITALIZACIÓN QUIRÚRGICA GINECOLOGÍA  ";"3";"3";"9";"9";"4";"124";"0"
"2023";"05";"040103";"AREQUIPA";"AREQUIPA";"CAYMA";"SANIDAD DE LA POLICIA NACIONAL DEL PERU";"II-1";"00011794";"HOSPITAL REGIONAL PNP AREQUIPA";"241800";"HOSPITALIZACIÓN DE MEDICINA MEDICINA GENERAL ";"37";"29";"221";"221";"20";"620";"1"
"2023";"05";"040103";"AREQUIPA";"AREQUIPA";"CAYMA";"SANIDAD DE LA POLICIA NACIONAL DEL PERU";"II-1";"00011794";"HOSPITAL REGIONAL PNP AREQUIPA";"242300";"HOSPITALIZACIÓN DE PEDIATRÍA  PEDIATRÍA  GENERAL ";"10";"9";"46";"46";"6";"186";"0"
"2023";"04";"150133";"LIMA";"LIMA";"SAN JUAN DE MIRAFLORES";"PRIVADO";"II-E";"00017676";"OFTALMOSALUD";"NE_0001";"";"NE_0001";"NE_0001";"NE_0001";"NE_0001";"NE_0001";"NE_0001";"NE_0001"
"2023";"04";"150117";"LIMA";"LIMA";"LOS OLIVOS";"PRIVADO";"II-E";"00023852";"OFTALMOSALUD";"NE_0001";"";"NE_0001";"NE_0001";"NE_0001";"NE_0001";"NE_0001";"NE_0001";"NE_0001"
"2023";"04";"130906";"LA LIBERTAD";"SANCHEZ CARRION";"SANAGORAN";"GOBIERNO REGIONAL";"I-2";"00005360";"VENTANAS";"NE_0001";"";"NE_0001";"NE_0001";"NE_0001";"NE_0001";"NE_0001";"NE_0001";"NE_0001"
"2023";"04";"130906";"LA LIBERTAD";"SANCHEZ CARRION";"SANAGORAN";"GOBIERNO REGIONAL";"I-1";"00019765";"24 DE JUNIO";"NE_0001";"";"NE_0001";"NE_0001";"NE_0001";"NE_0001";"NE_0001";"NE_0001";"NE_0001"
"2023";"08";"060805";"CAJAMARCA";"JAEN";"HUABAL";"GOBIERNO REGIONAL";"I-1";"00007124";"CORAZON DE JESUS";"NE_0001";"";"NE_0001";"NE_0001";"NE_0001";"NE_0001";"NE_0001";"NE_0001";"NE_0001"
"2023";"08";"050401";"AYACUCHO";"HUANTA";"HUANTA";"SANIDAD DE LA POLICIA NACIONAL DEL PERU";"I-2";"00011437";"POSTA MEDICA PNP HUANTA";"NE_0001";"";"NE_0001";"NE_0001";"NE_0001";"NE_0001";"NE_0001";"NE_0001";"NE_0001"
"2023";"08";"060805";"CAJAMARCA";"JAEN";"HUABAL";"GOBIERNO REGIONAL";"I-1";"00004242";"SAN FRANCISCO DE ASIS";"NE_0001";"";"NE_0001";"NE_0001";"NE_0001";"NE_0001";"NE_0001";"NE_0001";"NE_0001"
"2023";"08";"060805";"CAJAMARCA";"JAEN";"HUABAL";"GOBIERNO REGIONAL";"I-2";"00007687";"HUACO";"NE_0001";"";"NE_0001";"NE_0001";"NE_0001";"NE_0001";"NE_0001";"NE_0001";"NE_0001"
"2023";"08";"060805";"CAJAMARCA";"JAEN";"HUABAL";"GOBIERNO REGIONAL";"I-3";"00004241";"HUABAL";"NE_0001";"";"NE_0001";"NE_0001";"NE_0001";"NE_0001";"NE_0001";"NE_0001";"NE_0001"
"2023";"08";"060805";"CAJAMARCA";"JAEN";"HUABAL";"GOBIERNO REGIONAL";"I-1";"00023956";"LA HUACA";"NE_0001";"";"NE_0001";"NE_0001";"NE_0001";"NE_0001";"NE_0001";"NE_0001";"NE_0001"
"2023";"08";"060805";"CAJAMARCA";"JAEN";"HUABAL";"GOBIERNO REGIONAL";"I-1";"00024938";"SAN PABLO";"NE_0001";"";"NE_0001";"NE_0001";"NE_0001";"NE_0001";"NE_0001";"NE_0001";"NE_0001"
"2023";"08";"010401";"AMAZONAS";"CONDORCANQUI";"NIEVA";"GOBIERNO REGIONAL";"II-1";"00005145";"SANTA MARIA DE NIEVA";"240100";"HOSPITALIZACIÓN QUIRÚRGICA CIRUGÍA GENERAL ";"9";"10";"33";"8";"2";"6";"0"
"2023";"08";"010401";"AMAZONAS";"CONDORCANQUI";"NIEVA";"GOBIERNO REGIONAL";"II-1";"00005145";"SANTA MARIA DE NIEVA";"241400";"HOSPITALIZACIÓN QUIRÚRGICA GINECO - OBSTETRICIA ";"44";"47";"101";"12";"11";"30";"0"
"2023";"08";"010401";"AMAZONAS";"CONDORCANQUI";"NIEVA";"GOBIERNO REGIONAL";"II-1";"00005145";"SANTA MARIA DE NIEVA";"241800";"HOSPITALIZACIÓN DE MEDICINA MEDICINA GENERAL ";"28";"36";"106";"16";"8";"22";"0"
"2023";"08";"010401";"AMAZONAS";"CONDORCANQUI";"NIEVA";"GOBIERNO REGIONAL";"II-1";"00005145";"SANTA MARIA DE NIEVA";"242500";"HOSPITALIZACIÓN-PEDIATRÍA GENERAL-";"19";"21";"57";"8";"2";"12";"0"
"2023";"08";"180106";"MOQUEGUA";"MARISCAL NIETO";"TORATA";"ESSALUD";"I-3";"00016151";"CENTRO DE ATENCION PRIMARIA II TORATA";"NE_0001";"";"NE_0001";"NE_0001";"NE_0001";"NE_0001";"NE_0001";"NE_0001";"NE_0001"
"2023";"08";"020601";"ANCASH";"CARHUAZ";"CARHUAZ";"GOBIERNO REGIONAL";"II-1";"00001516";"HOSPITAL DE APOYO CARHUAZ";"240100";"HOSPITALIZACIÓN QUIRÚRGICA CIRUGÍA GENERAL ";"4";"4";"17";"17";"2";"62";"0"
"2023";"08";"020601";"ANCASH";"CARHUAZ";"CARHUAZ";"GOBIERNO REGIONAL";"II-1";"00001516";"HOSPITAL DE APOYO CARHUAZ";"241500";"HOSPITALIZACIÓN QUIRÚRGICA GINECOLOGÍA  ";"23";"23";"35";"35";"3";"93";"0"
"2023";"08";"020601";"ANCASH";"CARHUAZ";"CARHUAZ";"GOBIERNO REGIONAL";"II-1";"00001516";"HOSPITAL DE APOYO CARHUAZ";"241600";"HOSPITALIZACIÓN QUIRÚRGICA OBSTETRICIA   ";"36";"34";"46";"46";"4";"124";"0"
"2023";"08";"020601";"ANCASH";"CARHUAZ";"CARHUAZ";"GOBIERNO REGIONAL";"II-1";"00001516";"HOSPITAL DE APOYO CARHUAZ";"241800";"HOSPITALIZACIÓN DE MEDICINA MEDICINA GENERAL ";"10";"10";"52";"50";"3";"93";"0"
"2023";"08";"020601";"ANCASH";"CARHUAZ";"CARHUAZ";"GOBIERNO REGIONAL";"II-1";"00001516";"HOSPITAL DE APOYO CARHUAZ";"242500";"HOSPITALIZACIÓN-PEDIATRÍA GENERAL-";"4";"3";"5";"7";"5";"155";"0"
"2023";"08";"040101";"AREQUIPA";"AREQUIPA";"AREQUIPA";"PRIVADO";"II-E";"00024208";"PRAXIS MEDICAL S.A.C.";"240800";"HOSPITALIZACIÓN QUIRÚRGICA CIRUGÍA PLÁSTICA/RECONSTRUCTIVA/ REPARADORA ";"7";"7";"17";"27";"12";"372";"0"
"2023";"08";"230401";"TACNA";"TARATA";"TARATA";"ESSALUD";"I-2";"00010192";"CENTRO DE ATENCION PRIMARIA I TARATA";"NE_0001";"";"NE_0001";"NE_0001";"NE_0001";"NE_0001";"NE_0001";"NE_0001";"NE_0001"
"2023";"08";"040112";"AREQUIPA";"AREQUIPA";"PAUCARPATA";"GOBIERNO REGIONAL";"I-2";"00001311";"PUESTO DE SALUD ALTO JESUS";"NE_0001";"";"NE_0001";"NE_0001";"NE_0001";"NE_0001";"NE_0001";"NE_0001";"NE_0001"
"2023";"08";"040112";"AREQUIPA";"AREQUIPA";"PAUCARPATA";"GOBIERNO REGIONAL";"I-3";"00001297";"CENTRO DE SALUD CIUDAD BLANCA";"NE_0001";"";"NE_0001";"NE_0001";"NE_0001";"NE_0001";"NE_0001";"NE_0001";"NE_0001"
"2023";"08";"040112";"AREQUIPA";"AREQUIPA";"PAUCARPATA";"GOBIERNO REGIONAL";"I-2";"00001312";"PUESTO DE SALUD ISRAEL";"NE_0001";"";"NE_0001";"NE_0001";"NE_0001";"NE_0001";"NE_0001";"NE_0001";"NE_0001"
"2023";"08";"040112";"AREQUIPA";"AREQUIPA";"PAUCARPATA";"GOBIERNO REGIONAL";"I-2";"00007744";"PUESTO DE SALUD VILLA JESUS";"NE_0001";"";"NE_0001";"NE_0001";"NE_0001";"NE_0001";"NE_0001";"NE_0001";"NE_0001"
"2023";"08";"040112";"AREQUIPA";"AREQUIPA";"PAUCARPATA";"GOBIERNO REGIONAL";"I-3";"00001314";"SAN JUAN DE CIUDAD BLANCA";"NE_0001";"";"NE_0001";"NE_0001";"NE_0001";"NE_0001";"NE_0001";"NE_0001";"NE_0001"
"2023";"08";"040112";"AREQUIPA";"AREQUIPA";"PAUCARPATA";"GOBIERNO REGIONAL";"I-3";"00025066";"CENTRO DE SALUD MENTAL COMUNITARIO AYELEN";"NE_0001";"";"NE_0001";"NE_0001";"NE_0001";"NE_0001";"NE_0001";"NE_0001";"NE_0001"
"2023";"08";"150120";"LIMA";"LIMA";"MAGDALENA DEL MAR";"PRIVADO";"II-E";"00011803";"CLINICA VIRGEN DEL ROSARIO SRL";"240000";"HOSPITALIZACIÓN";"180";"181";"299";"185";"24";"690";"0"
"2023";"08";"150131";"LIMA";"LIMA";"SAN ISIDRO";"PRIVADO";"III-1";"00009409";"CLINICA RICARDO PALMA";"240000";"HOSPITALIZACIÓN";"896";"741";"3628";"3560";"149";"3926";"16"
"2023";"08";"150131";"LIMA";"LIMA";"SAN ISIDRO";"PRIVADO";"III-1";"00009409";"CLINICA RICARDO PALMA";"242300";"HOSPITALIZACIÓN DE PEDIATRÍA  PEDIATRÍA  GENERAL ";"77";"76";"571";"493";"18";"626";"0"
"2023";"08";"150131";"LIMA";"LIMA";"SAN ISIDRO";"PRIVADO";"III-1";"00009409";"CLINICA RICARDO PALMA";"241400";"HOSPITALIZACIÓN QUIRÚRGICA GINECO - OBSTETRICIA ";"67";"68";"158";"140";"8";"240";"0"
"2023";"08";"150131";"LIMA";"LIMA";"SAN ISIDRO";"PRIVADO";"III-1";"00009409";"CLINICA RICARDO PALMA";"250105";"UNIDAD DE CUIDADOS CRITICOS UNIDAD  DE CUIDADOS INTENSIVOS  (UCI) NEONATOLOGÍA";"3";"6";"53";"37";"4";"231";"1"
"2023";"08";"150131";"LIMA";"LIMA";"SAN ISIDRO";"PRIVADO";"II-E";"00016113";"CLINICA ZIEGLER CIRUGIA PLASTICA";"240800";"HOSPITALIZACIÓN QUIRÚRGICA CIRUGÍA PLÁSTICA/RECONSTRUCTIVA/ REPARADORA ";"6";"6";"4";"4";"3";"12";"0"
"2023";"08";"070106";"CALLAO";"CALLAO";"VENTANILLA";"GOBIERNO REGIONAL";"I-4";"00006256";"CENTRO DE SALUD VILLA LOS REYES";"241600";"HOSPITALIZACIÓN QUIRÚRGICA OBSTETRICIA   ";"12";"12";"12";"124";"4";"124";"0"
"2023";"08";"070106";"CALLAO";"CALLAO";"VENTANILLA";"GOBIERNO REGIONAL";"I-2";"00032158";"CENTRO DE SALUD MENTAL COMUNITARIO VENTANILLA NORTE";"NE_0001";"";"NE_0001";"NE_0001";"NE_0001";"NE_0001";"NE_0001";"NE_0001";"NE_0001"
"2023";"08";"070107";"CALLAO";"CALLAO";"MI PERU";"GOBIERNO REGIONAL";"I-2";"00029381";"CENTRO DE SALUD MENTAL COMUNITARIO MI PERU";"NE_0001";"";"NE_0001";"NE_0001";"NE_0001";"NE_0001";"NE_0001";"NE_0001";"NE_0001"
"2023";"08";"070107";"CALLAO";"CALLAO";"MI PERU";"GOBIERNO REGIONAL";"I-4";"00006260";"CENTRO DE SALUD  MI PERU";"241800";"HOSPITALIZACIÓN DE MEDICINA MEDICINA GENERAL ";"16";"15";"15";"186";"6";"186";"0"
"2023";"08";"070106";"CALLAO";"CALLAO";"VENTANILLA";"GOBIERNO REGIONAL";"I-2";"00006261";"PUESTO DE SALUD LUIS FELIPE DE LAS CASAS";"NE_0001";"";"NE_0001";"NE_0001";"NE_0001";"NE_0001";"NE_0001";"NE_0001";"NE_0001"
"2023";"08";"070101";"CALLAO";"CALLAO";"CALLAO";"GOBIERNO REGIONAL";"I-3";"00006239";"C.S. SESQUICENTENARIO";"NE_0001";"";"NE_0001";"NE_0001";"NE_0001";"NE_0001";"NE_0001";"NE_0001";"NE_0001"
"2023";"08";"070101";"CALLAO";"CALLAO";"CALLAO";"GOBIERNO REGIONAL";"I-2";"00006240";"PUESTO DE SALUD PREVI";"NE_0001";"";"NE_0001";"NE_0001";"NE_0001";"NE_0001";"NE_0001";"NE_0001";"NE_0001"
"2023";"08";"070101";"CALLAO";"CALLAO";"CALLAO";"GOBIERNO REGIONAL";"I-2";"00006245";"PUESTO DE SALUD BOCANEGRA";"NE_0001";"";"NE_0001";"NE_0001";"NE_0001";"NE_0001";"NE_0001";"NE_0001";"NE_0001"
"2023";"08";"070101";"CALLAO";"CALLAO";"CALLAO";"GOBIERNO REGIONAL";"I-2";"00006246";"PUESTO DE SALUD EL ÁLAMO";"NE_0001";"";"NE_0001";"NE_0001";"NE_0001";"NE_0001";"NE_0001";"NE_0001";"NE_0001"
"2023";"08";"150131";"LIMA";"LIMA";"SAN ISIDRO";"PRIVADO";"II-2";"00009437";"CLINICA LIMATAMBO";"240000";"HOSPITALIZACIÓN";"124";"125";"387";"295";"38";"1178";"4"
"2023";"08";"040307";"AREQUIPA";"CARAVELI";"CHALA";"ESSALUD";"I-2";"00012198";"POSTA MEDICA CHALA";"NE_0001";"";"NE_0001";"NE_0001";"NE_0001";"NE_0001";"NE_0001";"NE_0001";"NE_0001"
"2023";"08";"150132";"LIMA";"LIMA";"SAN JUAN DE LURIGANCHO";"PRIVADO";"II-1";"00009090";"CLINICA "" LIMATAMBO""";"240000";"HOSPITALIZACIÓN";"105";"99";"234";"297";"30";"930";"0"
"2023";"08";"060301";"CAJAMARCA";"CELENDIN";"CELENDIN";"GOBIERNO REGIONAL";"II-1";"00004466";"DE APOYO CELENDIN";"241800";"HOSPITALIZACIÓN DE MEDICINA MEDICINA GENERAL ";"109";"109";"278";"286";"27";"837";"2"
"2023";"08";"110201";"ICA";"CHINCHA";"CHINCHA ALTA";"PRIVADO";"II-1";"00020979";"CLINICA DE LOS VASQUEZ S.A.C.";"240000";"HOSPITALIZACIÓN";"54";"50";"143";"57";"19";"589";"0"
"2023";"08";"060101";"CAJAMARCA";"CAJAMARCA";"CAJAMARCA";"PRIVADO";"II-1";"00009599";"CLINICA SAN FRANCISCO DE ASIS S.A.";"240100";"HOSPITALIZACIÓN QUIRÚRGICA CIRUGÍA GENERAL ";"7";"7";"7";"7";"2";"62";"0"
"2023";"08";"060101";"CAJAMARCA";"CAJAMARCA";"CAJAMARCA";"PRIVADO";"II-1";"00009599";"CLINICA SAN FRANCISCO DE ASIS S.A.";"241100";"HOSPITALIZACIÓN QUIRÚRGICA OTORRINOLARINGOLOGÍA  ";"1";"1";"1";"1";"2";"62";"0"
"2023";"08";"060101";"CAJAMARCA";"CAJAMARCA";"CAJAMARCA";"PRIVADO";"II-1";"00009599";"CLINICA SAN FRANCISCO DE ASIS S.A.";"241200";"HOSPITALIZACIÓN QUIRÚRGICA TRAUMATOLOGÍA Y ORTOPEDIA ";"5";"5";"4";"5";"2";"62";"0"
"2023";"08";"060101";"CAJAMARCA";"CAJAMARCA";"CAJAMARCA";"PRIVADO";"II-1";"00009599";"CLINICA SAN FRANCISCO DE ASIS S.A.";"241300";"HOSPITALIZACIÓN QUIRÚRGICA UROLOGÍA  ";"1";"1";"2";"1";"2";"62";"0"
"2023";"08";"060101";"CAJAMARCA";"CAJAMARCA";"CAJAMARCA";"PRIVADO";"II-1";"00009599";"CLINICA SAN FRANCISCO DE ASIS S.A.";"241400";"HOSPITALIZACIÓN QUIRÚRGICA GINECO - OBSTETRICIA ";"3";"3";"3";"3";"2";"62";"0"
"2023";"03";"250105";"UCAYALI";"CORONEL PORTILLO";"YARINACOCHA";"GOBIERNO REGIONAL";"II-2";"00005577";"HOSPITAL AMAZONICO - YARINACOCHA";"241400";"HOSPITALIZACIÓN QUIRÚRGICA GINECO - OBSTETRICIA ";"349";"407";"1099";"1502";"62";"1922";"0"
"2023";"03";"250105";"UCAYALI";"CORONEL PORTILLO";"YARINACOCHA";"GOBIERNO REGIONAL";"II-2";"00005577";"HOSPITAL AMAZONICO - YARINACOCHA";"242500";"HOSPITALIZACIÓN-PEDIATRÍA GENERAL-";"48";"57";"274";"278";"21";"651";"0"
"2023";"03";"250105";"UCAYALI";"CORONEL PORTILLO";"YARINACOCHA";"GOBIERNO REGIONAL";"II-2";"00005577";"HOSPITAL AMAZONICO - YARINACOCHA";"250105";"UNIDAD DE CUIDADOS CRITICOS UNIDAD  DE CUIDADOS INTENSIVOS  (UCI) NEONATOLOGÍA";"8";"6";"42";"47";"6";"186";"2"
"2023";"03";"250105";"UCAYALI";"CORONEL PORTILLO";"YARINACOCHA";"GOBIERNO REGIONAL";"II-2";"00005577";"HOSPITAL AMAZONICO - YARINACOCHA";"240100";"HOSPITALIZACIÓN QUIRÚRGICA CIRUGÍA GENERAL ";"96";"114";"651";"664";"26";"806";"0"
"2023";"03";"250105";"UCAYALI";"CORONEL PORTILLO";"YARINACOCHA";"GOBIERNO REGIONAL";"II-2";"00005577";"HOSPITAL AMAZONICO - YARINACOCHA";"241800";"HOSPITALIZACIÓN DE MEDICINA MEDICINA GENERAL ";"59";"79";"635";"674";"35";"1085";"8"
"2023";"03";"250105";"UCAYALI";"CORONEL PORTILLO";"YARINACOCHA";"GOBIERNO REGIONAL";"II-2";"00005577";"HOSPITAL AMAZONICO - YARINACOCHA";"242200";"HOSPITALIZACIÓN DE MEDICINA PSIQUIATRÍA ";"6";"11";"143";"149";"9";"279";"0"
"2023";"03";"250105";"UCAYALI";"CORONEL PORTILLO";"YARINACOCHA";"GOBIERNO REGIONAL";"II-2";"00005577";"HOSPITAL AMAZONICO - YARINACOCHA";"243200";"HOSPITALIZACIÓN DE PEDIATRÍA PEDIATRIA NEONATOLOGÍA";"18";"33";"252";"283";"12";"372";"0"
"2023";"03";"250105";"UCAYALI";"CORONEL PORTILLO";"YARINACOCHA";"GOBIERNO REGIONAL";"II-2";"00005577";"HOSPITAL AMAZONICO - YARINACOCHA";"250103";"UNIDAD DE CUIDADOS CRITICOS UNIDAD  DE CUIDADOS INTENSIVOS GENERALES  (UCI) MEDICINA";"15";"5";"31";"36";"9";"279";"5"
"2023";"03";"250105";"UCAYALI";"CORONEL PORTILLO";"YARINACOCHA";"GOBIERNO REGIONAL";"II-2";"00005577";"HOSPITAL AMAZONICO - YARINACOCHA";"250302";"HOSPIT. EN UNIDAD DE CUID.INTEN.-UNIDAD DE VIGILANCIA INTENSIVA (UVI)-GINECO-OBSTETRICIA";"25";"5";"14";"19";"3";"93";"0"
"2023";"03";"210101";"PUNO";"PUNO";"PUNO";"GOBIERNO REGIONAL";"II-2";"00003251";"HOSPITAL REGIONAL MANUEL NUÑEZ BUTRON";"240100";"HOSPITALIZACIÓN QUIRÚRGICA CIRUGÍA GENERAL ";"84";"101";"505";"606";"34";"1054";"3"
"2023";"03";"210101";"PUNO";"PUNO";"PUNO";"GOBIERNO REGIONAL";"II-2";"00003251";"HOSPITAL REGIONAL MANUEL NUÑEZ BUTRON";"240700";"HOSPITALIZACIÓN QUIRÚRGICA CIRUGÍA PEDIÁTRICA ";"9";"10";"31";"46";"3";"93";"0"
"2023";"03";"210101";"PUNO";"PUNO";"PUNO";"GOBIERNO REGIONAL";"II-2";"00003251";"HOSPITAL REGIONAL MANUEL NUÑEZ BUTRON";"240900";"HOSPITALIZACIÓN QUIRÚRGICA NEUROCIRUGÍA ";"8";"12";"81";"94";"12";"372";"0"
"2023";"03";"210101";"PUNO";"PUNO";"PUNO";"GOBIERNO REGIONAL";"II-2";"00003251";"HOSPITAL REGIONAL MANUEL NUÑEZ BUTRON";"241200";"HOSPITALIZACIÓN QUIRÚRGICA TRAUMATOLOGÍA Y ORTOPEDIA ";"25";"30";"190";"220";"14";"434";"0"
"2023";"03";"210101";"PUNO";"PUNO";"PUNO";"GOBIERNO REGIONAL";"II-2";"00003251";"HOSPITAL REGIONAL MANUEL NUÑEZ BUTRON";"241300";"HOSPITALIZACIÓN QUIRÚRGICA UROLOGÍA  ";"5";"5";"31";"36";"2";"62";"0"
"2023";"03";"210101";"PUNO";"PUNO";"PUNO";"GOBIERNO REGIONAL";"II-2";"00003251";"HOSPITAL REGIONAL MANUEL NUÑEZ BUTRON";"241500";"HOSPITALIZACIÓN QUIRÚRGICA GINECOLOGÍA  ";"8";"10";"36";"44";"3";"93";"0"
"2023";"03";"210101";"PUNO";"PUNO";"PUNO";"GOBIERNO REGIONAL";"II-2";"00003251";"HOSPITAL REGIONAL MANUEL NUÑEZ BUTRON";"241600";"HOSPITALIZACIÓN QUIRÚRGICA OBSTETRICIA   ";"163";"180";"322";"487";"19";"589";"0"
"2023";"03";"210101";"PUNO";"PUNO";"PUNO";"GOBIERNO REGIONAL";"II-2";"00003251";"HOSPITAL REGIONAL MANUEL NUÑEZ BUTRON";"241800";"HOSPITALIZACIÓN DE MEDICINA MEDICINA GENERAL ";"51";"65";"352";"412";"27";"837";"5"
"2023";"03";"210101";"PUNO";"PUNO";"PUNO";"GOBIERNO REGIONAL";"II-2";"00003251";"HOSPITAL REGIONAL MANUEL NUÑEZ BUTRON";"241900";"HOSPITALIZACIÓN DE MEDICINA MEDICINA INTERNA ";"27";"32";"185";"215";"21";"651";"3"
"2023";"03";"210101";"PUNO";"PUNO";"PUNO";"GOBIERNO REGIONAL";"II-2";"00003251";"HOSPITAL REGIONAL MANUEL NUÑEZ BUTRON";"242200";"HOSPITALIZACIÓN DE MEDICINA PSIQUIATRÍA ";"1";"1";"3";"4";"1";"31";"0"
"2023";"03";"210101";"PUNO";"PUNO";"PUNO";"GOBIERNO REGIONAL";"II-2";"00003251";"HOSPITAL REGIONAL MANUEL NUÑEZ BUTRON";"242500";"HOSPITALIZACIÓN-PEDIATRÍA GENERAL-";"28";"33";"184";"197";"27";"837";"0"
"2023";"03";"210101";"PUNO";"PUNO";"PUNO";"GOBIERNO REGIONAL";"II-2";"00003251";"HOSPITAL REGIONAL MANUEL NUÑEZ BUTRON";"243200";"HOSPITALIZACIÓN DE PEDIATRÍA PEDIATRIA NEONATOLOGÍA";"54";"72";"406";"466";"28";"868";"1"
"2023";"03";"210101";"PUNO";"PUNO";"PUNO";"GOBIERNO REGIONAL";"II-2";"00003251";"HOSPITAL REGIONAL MANUEL NUÑEZ BUTRON";"250103";"UNIDAD DE CUIDADOS CRITICOS UNIDAD  DE CUIDADOS INTENSIVOS GENERALES  (UCI) MEDICINA";"8";"11";"141";"152";"5";"155";"3"
"2023";"03";"210101";"PUNO";"PUNO";"PUNO";"GOBIERNO REGIONAL";"II-2";"00003251";"HOSPITAL REGIONAL MANUEL NUÑEZ BUTRON";"244000";"HOSPITALIZACIÓN DE MEDICINA CARDIOLOGIA ";"9";"9";"43";"51";"3";"93";"0"
"2023";"03";"210101";"PUNO";"PUNO";"PUNO";"GOBIERNO REGIONAL";"II-2";"00003251";"HOSPITAL REGIONAL MANUEL NUÑEZ BUTRON";"244700";"HOSPITALIZACIÓN DE MEDICINA NEUROLOGIA  ";"7";"8";"50";"55";"3";"93";"0"
"2023";"03";"210101";"PUNO";"PUNO";"PUNO";"GOBIERNO REGIONAL";"II-2";"00003251";"HOSPITAL REGIONAL MANUEL NUÑEZ BUTRON";"244300";"HOSPITALIZACIÓN DE MEDICINA GASTROENTEROLOGÍA  ";"2";"3";"11";"14";"1";"31";"0"
"2023";"03";"210101";"PUNO";"PUNO";"PUNO";"GOBIERNO REGIONAL";"II-2";"00003251";"HOSPITAL REGIONAL MANUEL NUÑEZ BUTRON";"244600";"HOSPITALIZACIÓN DE MEDICINA NEFROLOGIA ";"1";"1";"8";"9";"1";"31";"0"
"2023";"03";"210101";"PUNO";"PUNO";"PUNO";"GOBIERNO REGIONAL";"II-2";"00003251";"HOSPITAL REGIONAL MANUEL NUÑEZ BUTRON";"244200";"HOSPITALIZACIÓN DE MEDICINA ENDOCRINOLOGIA ";"6";"8";"38";"45";"3";"93";"1"
"2023";"04";"110201";"ICA";"CHINCHA";"CHINCHA ALTA";"PRIVADO";"II-1";"00017493";"CLINICA GAXAY";"240000";"HOSPITALIZACIÓN";"40";"40";"51";"41";"7";"210";"0"
"2023";"04";"050407";"AYACUCHO";"HUANTA";"SIVIA";"GOBIERNO REGIONAL";"II-1";"00003770";"HOSPITAL DE APOYO SIVIA";"240100";"HOSPITALIZACIÓN QUIRÚRGICA CIRUGÍA GENERAL ";"3";"3";"6";"15";"1";"30";"0"
"2023";"04";"050407";"AYACUCHO";"HUANTA";"SIVIA";"GOBIERNO REGIONAL";"II-1";"00003770";"HOSPITAL DE APOYO SIVIA";"241400";"HOSPITALIZACIÓN QUIRÚRGICA GINECO - OBSTETRICIA ";"11";"11";"23";"29";"4";"120";"0"
"2023";"04";"050407";"AYACUCHO";"HUANTA";"SIVIA";"GOBIERNO REGIONAL";"II-1";"00003770";"HOSPITAL DE APOYO SIVIA";"241800";"HOSPITALIZACIÓN DE MEDICINA MEDICINA GENERAL ";"10";"11";"25";"38";"7";"210";"0"
"2023";"04";"050407";"AYACUCHO";"HUANTA";"SIVIA";"GOBIERNO REGIONAL";"II-1";"00003770";"HOSPITAL DE APOYO SIVIA";"242500";"HOSPITALIZACIÓN-PEDIATRÍA GENERAL-";"8";"8";"19";"35";"2";"60";"0"
"2023";"05";"200104";"PIURA";"PIURA";"CASTILLA";"ESSALUD";"I-3";"00010243";"CAP III CASTILLA";"NE_0001";"";"NE_0001";"NE_0001";"NE_0001";"NE_0001";"NE_0001";"NE_0001";"NE_0001"
"2023";"05";"150120";"LIMA";"LIMA";"MAGDALENA DEL MAR";"PRIVADO";"II-E";"00017703";"OPRECE";"NE_0001";"";"NE_0001";"NE_0001";"NE_0001";"NE_0001";"NE_0001";"NE_0001";"NE_0001"
"2023";"05";"050202";"AYACUCHO";"CANGALLO";"CHUSCHI";"GOBIERNO REGIONAL";"I-1";"00003593";"PUESTO DE SALUD PUNKUPATA";"NE_0002";"";"NE_0002";"NE_0002";"NE_0002";"NE_0002";"NE_0002";"NE_0002";"NE_0002"
"2023";"05";"050202";"AYACUCHO";"CANGALLO";"CHUSCHI";"GOBIERNO REGIONAL";"I-2";"00003592";"PUESTO DE SALUD CATALINAYOC";"NE_0002";"";"NE_0002";"NE_0002";"NE_0002";"NE_0002";"NE_0002";"NE_0002";"NE_0002"
"2023";"05";"050114";"AYACUCHO";"HUAMANGA";"VINCHOS";"GOBIERNO REGIONAL";"I-3";"00003590";"CENTRO DE  SALUD PUTACCA";"NE_0002";"";"NE_0002";"NE_0002";"NE_0002";"NE_0002";"NE_0002";"NE_0002";"NE_0002"
"2023";"05";"050114";"AYACUCHO";"HUAMANGA";"VINCHOS";"GOBIERNO REGIONAL";"I-1";"00003591";"ROSASPATA";"NE_0002";"";"NE_0002";"NE_0002";"NE_0002";"NE_0002";"NE_0002";"NE_0002";"NE_0002"
"2023";"05";"050202";"AYACUCHO";"CANGALLO";"CHUSCHI";"GOBIERNO REGIONAL";"I-1";"00006753";"PUESTO DE SALUD CUCHUQUESERA";"NE_0002";"";"NE_0002";"NE_0002";"NE_0002";"NE_0002";"NE_0002";"NE_0002";"NE_0002"
"2023";"05";"050114";"AYACUCHO";"HUAMANGA";"VINCHOS";"GOBIERNO REGIONAL";"I-1";"00003589";"PUESTO DE SALUD MILLPO";"NE_0002";"";"NE_0002";"NE_0002";"NE_0002";"NE_0002";"NE_0002";"NE_0002";"NE_0002"
"2023";"06";"150141";"LIMA";"LIMA";"SURQUILLO";"ESSALUD";"I-3";"00013091";"CENTRO DE ATENCION PRIMARIA III SURQUILLO";"NE_0001";"";"NE_0001";"NE_0001";"NE_0001";"NE_0001";"NE_0001";"NE_0001";"NE_0001"
"2023";"06";"120409";"JUNIN";"JAUJA";"HUARIPAMPA";"GOBIERNO REGIONAL";"I-1";"00000400";"HUARIPAMPA";"NE_0001";"";"NE_0001";"NE_0001";"NE_0001";"NE_0001";"NE_0001";"NE_0001";"NE_0001"
"2023";"06";"120420";"JUNIN";"JAUJA";"MUQUI";"GOBIERNO REGIONAL";"I-1";"00000402";"MUQUI";"NE_0001";"";"NE_0001";"NE_0001";"NE_0001";"NE_0001";"NE_0001";"NE_0001";"NE_0001"
"2023";"06";"120431";"JUNIN";"JAUJA";"SINCOS";"GOBIERNO REGIONAL";"I-1";"00000407";"SALLAHUACHAC";"NE_0001";"";"NE_0001";"NE_0001";"NE_0001";"NE_0001";"NE_0001";"NE_0001";"NE_0001"
"2023";"06";"070101";"CALLAO";"CALLAO";"CALLAO";"GOBIERNO REGIONAL";"I-2";"00006244";"PUESTO DE SALUD 200 MILLAS";"NE_0001";"";"NE_0001";"NE_0001";"NE_0001";"NE_0001";"NE_0001";"NE_0001";"NE_0001"
"2023";"06";"221005";"SAN MARTIN";"TOCACHE";"UCHIZA";"ESSALUD";"I-2";"00010702";"POSTA MEDICA SANTA LUCIA";"NE_0001";"";"NE_0001";"NE_0001";"NE_0001";"NE_0001";"NE_0001";"NE_0001";"NE_0001"
"2023";"06";"150117";"LIMA";"LIMA";"LOS OLIVOS";"PRIVADO";"II-E";"00017385";"CLINICA SAN BARTOLOME";"240000";"HOSPITALIZACIÓN";"25";"25";"15";"25";"7";"210";"0"
"2023";"06";"130908";"LA LIBERTAD";"SANCHEZ CARRION";"SARTIMBAMBA";"GOBIERNO REGIONAL";"I-2";"00005363";"SARTIMBAMBA";"NE_0001";"";"NE_0001";"NE_0001";"NE_0001";"NE_0001";"NE_0001";"NE_0001";"NE_0001"
"2023";"06";"130908";"LA LIBERTAD";"SANCHEZ CARRION";"SARTIMBAMBA";"GOBIERNO REGIONAL";"I-2";"00005364";"SAN ALFONSO";"NE_0001";"";"NE_0001";"NE_0001";"NE_0001";"NE_0001";"NE_0001";"NE_0001";"NE_0001"
"2023";"06";"130908";"LA LIBERTAD";"SANCHEZ CARRION";"SARTIMBAMBA";"GOBIERNO REGIONAL";"I-2";"00005365";"MARCABAL GRANDE";"NE_0001";"";"NE_0001";"NE_0001";"NE_0001";"NE_0001";"NE_0001";"NE_0001";"NE_0001"
"2023";"06";"130908";"LA LIBERTAD";"SANCHEZ CARRION";"SARTIMBAMBA";"GOBIERNO REGIONAL";"I-2";"00017925";"LA VICTORIA";"NE_0001";"";"NE_0001";"NE_0001";"NE_0001";"NE_0001";"NE_0001";"NE_0001";"NE_0001"
"2023";"06";"150116";"LIMA";"LIMA";"LINCE";"PRIVADO";"II-E";"00029299";"MAS VISION S.A.C.";"NE_0001";"";"NE_0001";"NE_0001";"NE_0001";"NE_0001";"NE_0001";"NE_0001";"NE_0001"
"2023";"06";"090306";"HUANCAVELICA";"ANGARAES";"CONGALLA";"GOBIERNO REGIONAL";"I-2";"00003972";"CONGALLA";"NE_0001";"";"NE_0001";"NE_0001";"NE_0001";"NE_0001";"NE_0001";"NE_0001";"NE_0001"
"2023";"06";"090301";"HUANCAVELICA";"ANGARAES";"LIRCAY";"GOBIERNO REGIONAL";"I-1";"00007384";"SAN JUAN DE AHUAY";"NE_0001";"";"NE_0001";"NE_0001";"NE_0001";"NE_0001";"NE_0001";"NE_0001";"NE_0001"
"2023";"06";"090310";"HUANCAVELICA";"ANGARAES";"SAN ANTONIO DE ANTAPARCO";"GOBIERNO REGIONAL";"I-1";"00003965";"SAN ANTONIO DE ANTAPARCO";"NE_0001";"";"NE_0001";"NE_0001";"NE_0001";"NE_0001";"NE_0001";"NE_0001";"NE_0001"
"2023";"06";"090301";"HUANCAVELICA";"ANGARAES";"LIRCAY";"GOBIERNO REGIONAL";"I-1";"00007290";"PERCAPAMPA";"NE_0001";"";"NE_0001";"NE_0001";"NE_0001";"NE_0001";"NE_0001";"NE_0001";"NE_0001"
"2023";"06";"090301";"HUANCAVELICA";"ANGARAES";"LIRCAY";"GOBIERNO REGIONAL";"I-1";"00007373";"SOCCLLABAMBA";"NE_0001";"";"NE_0001";"NE_0001";"NE_0001";"NE_0001";"NE_0001";"NE_0001";"NE_0001"
"2023";"06";"090301";"HUANCAVELICA";"ANGARAES";"LIRCAY";"GOBIERNO REGIONAL";"I-3";"00028484";"CENTRO DE SALUD MENTAL COMUNITARIO ANGARAES";"NE_0002";"";"NE_0002";"NE_0002";"NE_0002";"NE_0002";"NE_0002";"NE_0002";"NE_0002"
"2023";"06";"090301";"HUANCAVELICA";"ANGARAES";"LIRCAY";"GOBIERNO REGIONAL";"I-2";"00003945";"CARHUAPATA";"NE_0001";"";"NE_0001";"NE_0001";"NE_0001";"NE_0001";"NE_0001";"NE_0001";"NE_0001"
"2023";"06";"090301";"HUANCAVELICA";"ANGARAES";"LIRCAY";"GOBIERNO REGIONAL";"I-2";"00003949";"CHAHUARMA";"NE_0001";"";"NE_0001";"NE_0001";"NE_0001";"NE_0001";"NE_0001";"NE_0001";"NE_0001"
"2023";"06";"090301";"HUANCAVELICA";"ANGARAES";"LIRCAY";"GOBIERNO REGIONAL";"I-1";"00003951";"TUCSIPAMPA";"NE_0001";"";"NE_0001";"NE_0001";"NE_0001";"NE_0001";"NE_0001";"NE_0001";"NE_0001"
"2023";"06";"090305";"HUANCAVELICA";"ANGARAES";"CHINCHO";"GOBIERNO REGIONAL";"I-1";"00003963";"CHINCHO";"NE_0001";"";"NE_0001";"NE_0001";"NE_0001";"NE_0001";"NE_0001";"NE_0001";"NE_0001"
"2023";"06";"090306";"HUANCAVELICA";"ANGARAES";"CONGALLA";"GOBIERNO REGIONAL";"I-1";"00011199";"CHAYNABAMBA";"NE_0001";"";"NE_0001";"NE_0001";"NE_0001";"NE_0001";"NE_0001";"NE_0001";"NE_0001"
"2023";"06";"090302";"HUANCAVELICA";"ANGARAES";"ANCHONGA";"GOBIERNO REGIONAL";"I-1";"00006930";"HUARIRUMI - CHONTACANCHA";"NE_0001";"";"NE_0001";"NE_0001";"NE_0001";"NE_0001";"NE_0001";"NE_0001";"NE_0001"
"2023";"06";"090306";"HUANCAVELICA";"ANGARAES";"CONGALLA";"GOBIERNO REGIONAL";"I-1";"00003973";"YUNYACCASA";"NE_0001";"";"NE_0001";"NE_0001";"NE_0001";"NE_0001";"NE_0001";"NE_0001";"NE_0001"
"2023";"06";"090306";"HUANCAVELICA";"ANGARAES";"CONGALLA";"GOBIERNO REGIONAL";"I-1";"00003974";"CARCOSI";"NE_0001";"";"NE_0001";"NE_0001";"NE_0001";"NE_0001";"NE_0001";"NE_0001";"NE_0001"
"2023";"06";"090307";"HUANCAVELICA";"ANGARAES";"HUANCA-HUANCA";"GOBIERNO REGIONAL";"I-1";"00011200";"CCARAPA";"NE_0001";"";"NE_0001";"NE_0001";"NE_0001";"NE_0001";"NE_0001";"NE_0001";"NE_0001"
"2023";"06";"090301";"HUANCAVELICA";"ANGARAES";"LIRCAY";"GOBIERNO REGIONAL";"I-1";"00011201";"CIENEGUILLA";"NE_0001";"";"NE_0001";"NE_0001";"NE_0001";"NE_0001";"NE_0001";"NE_0001";"NE_0001"
"2023";"06";"090311";"HUANCAVELICA";"ANGARAES";"SANTO TOMAS DE PATA";"GOBIERNO REGIONAL";"I-1";"00003968";"CHUPACC";"NE_0001";"";"NE_0001";"NE_0001";"NE_0001";"NE_0001";"NE_0001";"NE_0001";"NE_0001"
"2023";"06";"090301";"HUANCAVELICA";"ANGARAES";"LIRCAY";"GOBIERNO REGIONAL";"I-1";"00011202";"PAMPAHUASI";"NE_0001";"";"NE_0001";"NE_0001";"NE_0001";"NE_0001";"NE_0001";"NE_0001";"NE_0001"
"2023";"05";"250203";"UCAYALI";"ATALAYA";"TAHUANIA";"MINSA";"I-1";"00032189";"PUESTO DE SALUD MENCORIARI.";"NE_0001";"";"NE_0001";"NE_0001";"NE_0001";"NE_0001";"NE_0001";"NE_0001";"NE_0001"
"2023";"05";"250203";"UCAYALI";"ATALAYA";"TAHUANIA";"MINSA";"I-1";"00031894";"PUESTO DE SALUD NUEVO PARAISO-TAHUANIA.";"NE_0001";"";"NE_0001";"NE_0001";"NE_0001";"NE_0001";"NE_0001";"NE_0001";"NE_0001"
"2023";"05";"250202";"UCAYALI";"ATALAYA";"SEPAHUA";"GOBIERNO REGIONAL";"I-1";"00019549";"SANTA ROSA DE SERJALI";"NE_0001";"";"NE_0001";"NE_0001";"NE_0001";"NE_0001";"NE_0001";"NE_0001";"NE_0001"
"2023";"05";"250203";"UCAYALI";"ATALAYA";"TAHUANIA";"GOBIERNO REGIONAL";"I-1";"00007106";"TONIROMASHI";"NE_0001";"";"NE_0001";"NE_0001";"NE_0001";"NE_0001";"NE_0001";"NE_0001";"NE_0001"
"2023";"05";"250202";"UCAYALI";"ATALAYA";"SEPAHUA";"GOBIERNO REGIONAL";"I-1";"00005525";"PUIJA";"NE_0001";"";"NE_0001";"NE_0001";"NE_0001";"NE_0001";"NE_0001";"NE_0001";"NE_0001"
"2023";"05";"250202";"UCAYALI";"ATALAYA";"SEPAHUA";"GOBIERNO REGIONAL";"I-1";"00005524";"BUFEO POZO";"NE_0001";"";"NE_0001";"NE_0001";"NE_0001";"NE_0001";"NE_0001";"NE_0001";"NE_0001"
"2023";"05";"250202";"UCAYALI";"ATALAYA";"SEPAHUA";"GOBIERNO REGIONAL";"I-3";"00005523";"SEPAHUA";"NE_0001";"";"NE_0001";"NE_0001";"NE_0001";"NE_0001";"NE_0001";"NE_0001";"NE_0001"
"2023";"05";"250203";"UCAYALI";"ATALAYA";"TAHUANIA";"GOBIERNO REGIONAL";"I-1";"00005522";"TUPAC AMARU";"NE_0001";"";"NE_0001";"NE_0001";"NE_0001";"NE_0001";"NE_0001";"NE_0001";"NE_0001"
"2023";"05";"250203";"UCAYALI";"ATALAYA";"TAHUANIA";"GOBIERNO REGIONAL";"I-2";"00005521";"NUEVA ITALIA";"NE_0001";"";"NE_0001";"NE_0001";"NE_0001";"NE_0001";"NE_0001";"NE_0001";"NE_0001"
"2023";"05";"250203";"UCAYALI";"ATALAYA";"TAHUANIA";"GOBIERNO REGIONAL";"I-1";"00005520";"SHAHUAYA";"NE_0001";"";"NE_0001";"NE_0001";"NE_0001";"NE_0001";"NE_0001";"NE_0001";"NE_0001"
"2023";"05";"250203";"UCAYALI";"ATALAYA";"TAHUANIA";"GOBIERNO REGIONAL";"I-1";"00005519";"SEMPAYA";"NE_0001";"";"NE_0001";"NE_0001";"NE_0001";"NE_0001";"NE_0001";"NE_0001";"NE_0001"
"2023";"05";"250203";"UCAYALI";"ATALAYA";"TAHUANIA";"GOBIERNO REGIONAL";"I-3";"00005518";"BOLOGNESI";"NE_0001";"";"NE_0001";"NE_0001";"NE_0001";"NE_0001";"NE_0001";"NE_0001";"NE_0001"
"2023";"05";"250201";"UCAYALI";"ATALAYA";"RAIMONDI";"GOBIERNO REGIONAL";"I-1";"00005517";"SERJALI";"NE_0001";"";"NE_0001";"NE_0001";"NE_0001";"NE_0001";"NE_0001";"NE_0001";"NE_0001"
"2023";"05";"250201";"UCAYALI";"ATALAYA";"RAIMONDI";"GOBIERNO REGIONAL";"I-1";"00005516";"RIMA";"NE_0001";"";"NE_0001";"NE_0001";"NE_0001";"NE_0001";"NE_0001";"NE_0001";"NE_0001"
"2023";"05";"040101";"AREQUIPA";"AREQUIPA";"AREQUIPA";"ESSALUD";"III-1";"00013290";"HOSPITAL NACIONAL III-1 CARLOS ALBERTO SEGUÍN ESCOBEDO";"241900";"HOSPITALIZACIÓN DE MEDICINA MEDICINA INTERNA ";"419";"364";"4709";"4461";"155";"4805";"35"
"2023";"05";"040101";"AREQUIPA";"AREQUIPA";"AREQUIPA";"ESSALUD";"III-1";"00013290";"HOSPITAL NACIONAL III-1 CARLOS ALBERTO SEGUÍN ESCOBEDO";"240200";"HOSPITALIZACIÓN QUIRÚRGICA CIRUGÍA DE CABEZA Y CUELLO / MÁXILO FACIAL ";"47";"44";"197";"213";"7";"217";"0"
"2023";"05";"040101";"AREQUIPA";"AREQUIPA";"AREQUIPA";"ESSALUD";"III-1";"00013290";"HOSPITAL NACIONAL III-1 CARLOS ALBERTO SEGUÍN ESCOBEDO";"240400";"HOSPITALIZACIÓN QUIRÚRGICA CIRUGÍA DE TÓRAX Y CARDIOVASCULAR ";"25";"16";"233";"327";"12";"372";"0"
"2023";"05";"040101";"AREQUIPA";"AREQUIPA";"AREQUIPA";"ESSALUD";"III-1";"00013290";"HOSPITAL NACIONAL III-1 CARLOS ALBERTO SEGUÍN ESCOBEDO";"241000";"HOSPITALIZACIÓN QUIRÚRGICA ONCOLOGÍA QUIRÚRGICA  ";"33";"33";"309";"219";"9";"279";"0"
"2023";"05";"040101";"AREQUIPA";"AREQUIPA";"AREQUIPA";"ESSALUD";"III-1";"00013290";"HOSPITAL NACIONAL III-1 CARLOS ALBERTO SEGUÍN ESCOBEDO";"240800";"HOSPITALIZACIÓN QUIRÚRGICA CIRUGÍA PLÁSTICA/RECONSTRUCTIVA/ REPARADORA ";"22";"21";"191";"191";"10";"310";"0"
"2023";"05";"040101";"AREQUIPA";"AREQUIPA";"AREQUIPA";"ESSALUD";"III-1";"00013290";"HOSPITAL NACIONAL III-1 CARLOS ALBERTO SEGUÍN ESCOBEDO";"240900";"HOSPITALIZACIÓN QUIRÚRGICA NEUROCIRUGÍA ";"48";"41";"435";"418";"14";"434";"2"
"2023";"05";"040101";"AREQUIPA";"AREQUIPA";"AREQUIPA";"ESSALUD";"III-1";"00013290";"HOSPITAL NACIONAL III-1 CARLOS ALBERTO SEGUÍN ESCOBEDO";"240100";"HOSPITALIZACIÓN QUIRÚRGICA CIRUGÍA GENERAL ";"80";"79";"418";"333";"11";"341";"3"
"2023";"05";"040101";"AREQUIPA";"AREQUIPA";"AREQUIPA";"ESSALUD";"III-1";"00013290";"HOSPITAL NACIONAL III-1 CARLOS ALBERTO SEGUÍN ESCOBEDO";"241100";"HOSPITALIZACIÓN QUIRÚRGICA OTORRINOLARINGOLOGÍA  ";"36";"34";"132";"118";"5";"155";"0"
"2023";"05";"040101";"AREQUIPA";"AREQUIPA";"AREQUIPA";"ESSALUD";"III-1";"00013290";"HOSPITAL NACIONAL III-1 CARLOS ALBERTO SEGUÍN ESCOBEDO";"242202";"HOSPITALIZACIÓN DE MEDICINA PSIQUIATRÍA PSIQUIATRÍA DEL ADULTO Y GERONTE";"32";"33";"828";"666";"24";"744";"0"
"2023";"05";"040101";"AREQUIPA";"AREQUIPA";"AREQUIPA";"ESSALUD";"III-1";"00013290";"HOSPITAL NACIONAL III-1 CARLOS ALBERTO SEGUÍN ESCOBEDO";"241200";"HOSPITALIZACIÓN QUIRÚRGICA TRAUMATOLOGÍA Y ORTOPEDIA ";"91";"90";"849";"775";"26";"806";"0"
"2023";"05";"040101";"AREQUIPA";"AREQUIPA";"AREQUIPA";"ESSALUD";"III-1";"00013290";"HOSPITAL NACIONAL III-1 CARLOS ALBERTO SEGUÍN ESCOBEDO";"241300";"HOSPITALIZACIÓN QUIRÚRGICA UROLOGÍA  ";"41";"40";"267";"251";"9";"279";"0"
"2023";"05";"040101";"AREQUIPA";"AREQUIPA";"AREQUIPA";"ESSALUD";"III-1";"00013290";"HOSPITAL NACIONAL III-1 CARLOS ALBERTO SEGUÍN ESCOBEDO";"240100";"HOSPITALIZACIÓN QUIRÚRGICA CIRUGÍA GENERAL ";"104";"103";"793";"852";"28";"868";"5"
"2023";"05";"040101";"AREQUIPA";"AREQUIPA";"AREQUIPA";"ESSALUD";"III-1";"00013290";"HOSPITAL NACIONAL III-1 CARLOS ALBERTO SEGUÍN ESCOBEDO";"240700";"HOSPITALIZACIÓN QUIRÚRGICA CIRUGÍA PEDIÁTRICA ";"2";"1";"10";"16";"1";"31";"0"
"2023";"05";"040101";"AREQUIPA";"AREQUIPA";"AREQUIPA";"ESSALUD";"III-1";"00013290";"HOSPITAL NACIONAL III-1 CARLOS ALBERTO SEGUÍN ESCOBEDO";"241500";"HOSPITALIZACIÓN QUIRÚRGICA GINECOLOGÍA  ";"48";"46";"142";"159";"6";"186";"0"
"2023";"05";"040101";"AREQUIPA";"AREQUIPA";"AREQUIPA";"ESSALUD";"III-1";"00013290";"HOSPITAL NACIONAL III-1 CARLOS ALBERTO SEGUÍN ESCOBEDO";"242300";"HOSPITALIZACIÓN DE PEDIATRÍA  PEDIATRÍA  GENERAL ";"13";"13";"231";"196";"10";"310";"0"
"2023";"05";"040101";"AREQUIPA";"AREQUIPA";"AREQUIPA";"ESSALUD";"III-1";"00013290";"HOSPITAL NACIONAL III-1 CARLOS ALBERTO SEGUÍN ESCOBEDO";"243200";"HOSPITALIZACIÓN DE PEDIATRÍA PEDIATRIA NEONATOLOGÍA";"79";"73";"727";"195";"9";"279";"0"
"2023";"05";"040101";"AREQUIPA";"AREQUIPA";"AREQUIPA";"ESSALUD";"III-1";"00013290";"HOSPITAL NACIONAL III-1 CARLOS ALBERTO SEGUÍN ESCOBEDO";"241600";"HOSPITALIZACIÓN QUIRÚRGICA OBSTETRICIA   ";"112";"108";"420";"366";"16";"496";"0"
"2023";"05";"040101";"AREQUIPA";"AREQUIPA";"AREQUIPA";"ESSALUD";"III-1";"00013290";"HOSPITAL NACIONAL III-1 CARLOS ALBERTO SEGUÍN ESCOBEDO";"241700";"HOSPITALIZACIÓN QUIRÚRGICA GINECOLOGÍA   GINECOLOGIA ONCOLOGiCA";"35";"36";"124";"113";"5";"155";"0"
"2023";"05";"040101";"AREQUIPA";"AREQUIPA";"AREQUIPA";"ESSALUD";"III-1";"00013290";"HOSPITAL NACIONAL III-1 CARLOS ALBERTO SEGUÍN ESCOBEDO";"242300";"HOSPITALIZACIÓN DE PEDIATRÍA  PEDIATRÍA  GENERAL ";"30";"31";"630";"402";"14";"434";"1"
"2023";"05";"040101";"AREQUIPA";"AREQUIPA";"AREQUIPA";"ESSALUD";"III-1";"00013290";"HOSPITAL NACIONAL III-1 CARLOS ALBERTO SEGUÍN ESCOBEDO";"250100";"UNIDAD DE CUIDADOS CRITICOS UNIDAD  DE CUIDADOS INTENSIVOS GENERALES (UCI) ";"78";"80";"2071";"1349";"46";"1426";"12"
"2023";"05";"040101";"AREQUIPA";"AREQUIPA";"AREQUIPA";"ESSALUD";"III-1";"00013290";"HOSPITAL NACIONAL III-1 CARLOS ALBERTO SEGUÍN ESCOBEDO";"250200";"UNIDAD DE CUIDADOS CRITICOS UNIDAD DE CUIDADOS INTERMEDIOS GENERAL  (UCIN) ";"55";"58";"479";"298";"11";"341";"3"
"2023";"05";"130901";"LA LIBERTAD";"SANCHEZ CARRION";"HUAMACHUCO";"GOBIERNO REGIONAL";"I-1";"00018226";"EL CAPULI";"NE_0001";"";"NE_0001";"NE_0001";"NE_0001";"NE_0001";"NE_0001";"NE_0001";"NE_0001"
"2023";"05";"130901";"LA LIBERTAD";"SANCHEZ CARRION";"HUAMACHUCO";"GOBIERNO REGIONAL";"I-1";"00018123";"EL OLIVO";"NE_0001";"";"NE_0001";"NE_0001";"NE_0001";"NE_0001";"NE_0001";"NE_0001";"NE_0001"
"2023";"05";"150131";"LIMA";"LIMA";"SAN ISIDRO";"PRIVADO";"II-2";"00009437";"CLINICA LIMATAMBO";"240000";"HOSPITALIZACIÓN";"124";"125";"387";"295";"38";"1178";"4"
"2023";"05";"040127";"AREQUIPA";"AREQUIPA";"YARABAMBA";"GOBIERNO REGIONAL";"I-2";"00001287";"PUESTO DE SALUD YARABAMBA";"NE_0001";"";"NE_0001";"NE_0001";"NE_0001";"NE_0001";"NE_0001";"NE_0001";"NE_0001"
"2023";"05";"010701";"AMAZONAS";"UTCUBAMBA";"BAGUA GRANDE";"GOBIERNO REGIONAL";"II-1";"00005125";"HOSPITAL  SANTIAGO APOSTOL DE UTCUBAMBA";"240100";"HOSPITALIZACIÓN QUIRÚRGICA CIRUGÍA GENERAL ";"47";"48";"41";"164";"8";"248";"0"
"2023";"05";"010701";"AMAZONAS";"UTCUBAMBA";"BAGUA GRANDE";"GOBIERNO REGIONAL";"II-1";"00005125";"HOSPITAL  SANTIAGO APOSTOL DE UTCUBAMBA";"241200";"HOSPITALIZACIÓN QUIRÚRGICA TRAUMATOLOGÍA Y ORTOPEDIA ";"8";"6";"6";"17";"2";"62";"0"
"2023";"05";"010701";"AMAZONAS";"UTCUBAMBA";"BAGUA GRANDE";"GOBIERNO REGIONAL";"II-1";"00005125";"HOSPITAL  SANTIAGO APOSTOL DE UTCUBAMBA";"241400";"HOSPITALIZACIÓN QUIRÚRGICA GINECO - OBSTETRICIA ";"22";"22";"22";"43";"2";"62";"0"
"2023";"05";"010701";"AMAZONAS";"UTCUBAMBA";"BAGUA GRANDE";"GOBIERNO REGIONAL";"II-1";"00005125";"HOSPITAL  SANTIAGO APOSTOL DE UTCUBAMBA";"241600";"HOSPITALIZACIÓN QUIRÚRGICA OBSTETRICIA   ";"131";"135";"128";"266";"15";"465";"0"
"2023";"05";"010701";"AMAZONAS";"UTCUBAMBA";"BAGUA GRANDE";"GOBIERNO REGIONAL";"II-1";"00005125";"HOSPITAL  SANTIAGO APOSTOL DE UTCUBAMBA";"241800";"HOSPITALIZACIÓN DE MEDICINA MEDICINA GENERAL ";"36";"36";"31";"137";"11";"341";"0"
"2023";"05";"010701";"AMAZONAS";"UTCUBAMBA";"BAGUA GRANDE";"GOBIERNO REGIONAL";"II-1";"00005125";"HOSPITAL  SANTIAGO APOSTOL DE UTCUBAMBA";"242500";"HOSPITALIZACIÓN-PEDIATRÍA GENERAL-";"45";"43";"38";"141";"8";"248";"0"
"2023";"05";"010701";"AMAZONAS";"UTCUBAMBA";"BAGUA GRANDE";"GOBIERNO REGIONAL";"II-1";"00005125";"HOSPITAL  SANTIAGO APOSTOL DE UTCUBAMBA";"243200";"HOSPITALIZACIÓN DE PEDIATRÍA PEDIATRIA NEONATOLOGÍA";"21";"19";"19";"34";"7";"217";"0"
"2023";"05";"010701";"AMAZONAS";"UTCUBAMBA";"BAGUA GRANDE";"GOBIERNO REGIONAL";"II-1";"00005125";"HOSPITAL  SANTIAGO APOSTOL DE UTCUBAMBA";"250304";"HOSPIT. EN UNIDAD DE CUID.INTEN.-UNIDAD DE VIGILANCIA INTENSIVA (UVI)-MEDICINA";"13";"10";"10";"39";"5";"155";"4"
"2023";"05";"080207";"CUSCO";"ACOMAYO";"SANGARARA";"GOBIERNO REGIONAL";"I-1";"00002324";"PUESTO DE SALUD SANGARARA";"NE_0002";"";"NE_0002";"NE_0002";"NE_0002";"NE_0002";"NE_0002";"NE_0002";"NE_0002"
"2023";"05";"081008";"CUSCO";"PARURO";"PILLPINTO";"GOBIERNO REGIONAL";"I-1";"00002508";"PILLPINTO";"NE_0002";"";"NE_0002";"NE_0002";"NE_0002";"NE_0002";"NE_0002";"NE_0002";"NE_0002"
"2023";"05";"220511";"SAN MARTIN";"LAMAS";"ZAPATERO";"GOBIERNO REGIONAL";"I-1";"00006401";"PROGRESO";"NE_0002";"";"NE_0002";"NE_0002";"NE_0002";"NE_0002";"NE_0002";"NE_0002";"NE_0002"
"2023";"05";"080704";"CUSCO";"CHUMBIVILCAS";"COLQUEMARCA";"GOBIERNO REGIONAL";"I-2";"00012932";"YANQUE";"NE_0001";"";"NE_0001";"NE_0001";"NE_0001";"NE_0001";"NE_0001";"NE_0001";"NE_0001"
"2023";"05";"081104";"CUSCO";"PAUCARTAMBO";"COLQUEPATA";"GOBIERNO REGIONAL";"I-1";"00006979";"TOCRA";"NE_0002";"";"NE_0002";"NE_0002";"NE_0002";"NE_0002";"NE_0002";"NE_0002";"NE_0002"
"2023";"05";"081106";"CUSCO";"PAUCARTAMBO";"KOSÑIPATA";"GOBIERNO REGIONAL";"I-2";"00002522";"PATRIA";"NE_0002";"";"NE_0002";"NE_0002";"NE_0002";"NE_0002";"NE_0002";"NE_0002";"NE_0002"
"2023";"05";"081104";"CUSCO";"PAUCARTAMBO";"COLQUEPATA";"GOBIERNO REGIONAL";"I-1";"00002519";"AYRE";"NE_0002";"";"NE_0002";"NE_0002";"NE_0002";"NE_0002";"NE_0002";"NE_0002";"NE_0002"
"2023";"05";"081102";"CUSCO";"PAUCARTAMBO";"CAICAY";"GOBIERNO REGIONAL";"I-1";"00002513";"HUASAC";"NE_0002";"";"NE_0002";"NE_0002";"NE_0002";"NE_0002";"NE_0002";"NE_0002";"NE_0002"
"2023";"07";"080206";"CUSCO";"ACOMAYO";"RONDOCAN";"GOBIERNO REGIONAL";"I-3";"00002323";"RONDOCAN";"NE_0002";"";"NE_0002";"NE_0002";"NE_0002";"NE_0002";"NE_0002";"NE_0002";"NE_0002"
"2023";"07";"080105";"CUSCO";"CUSCO";"SAN SEBASTIAN";"GOBIERNO REGIONAL";"I-3";"00002301";"SAN SEBASTIAN";"NE_0002";"";"NE_0002";"NE_0002";"NE_0002";"NE_0002";"NE_0002";"NE_0002";"NE_0002"
"2023";"07";"080104";"CUSCO";"CUSCO";"SAN JERONIMO";"GOBIERNO REGIONAL";"I-1";"00007699";"CONCHACALLE";"NE_0002";"";"NE_0002";"NE_0002";"NE_0002";"NE_0002";"NE_0002";"NE_0002";"NE_0002"
"2023";"07";"080105";"CUSCO";"CUSCO";"SAN SEBASTIAN";"GOBIERNO REGIONAL";"I-3";"00002303";"SANTA ROSA";"NE_0002";"";"NE_0002";"NE_0002";"NE_0002";"NE_0002";"NE_0002";"NE_0002";"NE_0002"
"2023";"07";"070106";"CALLAO";"CALLAO";"VENTANILLA";"GOBIERNO REGIONAL";"I-2";"00006258";"PUESTO DE SALUD VENTANILLA BAJA";"NE_0001";"";"NE_0001";"NE_0001";"NE_0001";"NE_0001";"NE_0001";"NE_0001";"NE_0001"
"2023";"07";"070101";"CALLAO";"CALLAO";"CALLAO";"GOBIERNO REGIONAL";"I-4";"00006238";"C.S. MARQUEZ";"241600";"HOSPITALIZACIÓN QUIRÚRGICA OBSTETRICIA   ";"5";"5";"5";"155";"8";"248";"0"
"2023";"07";"070106";"CALLAO";"CALLAO";"VENTANILLA";"GOBIERNO REGIONAL";"I-2";"00006259";"PUESTO DE SALUD VENTANILLA ESTE";"NE_0001";"";"NE_0001";"NE_0001";"NE_0001";"NE_0001";"NE_0001";"NE_0001";"NE_0001"
"2023";"07";"150113";"LIMA";"LIMA";"JESUS MARIA";"ESSALUD";"III-2";"00008720";"HOSPITAL NACIONAL EDGARDO REBAGLIATI MARTINS";"240000";"HOSPITALIZACIÓN";"641";"645";"8733";"9238";"310";"9610";"20"
"2023";"07";"150113";"LIMA";"LIMA";"JESUS MARIA";"ESSALUD";"III-2";"00008720";"HOSPITAL NACIONAL EDGARDO REBAGLIATI MARTINS";"240100";"HOSPITALIZACIÓN QUIRÚRGICA CIRUGÍA GENERAL ";"292";"332";"4021";"3646";"120";"3720";"3"
"2023";"07";"150113";"LIMA";"LIMA";"JESUS MARIA";"ESSALUD";"III-2";"00008720";"HOSPITAL NACIONAL EDGARDO REBAGLIATI MARTINS";"240200";"HOSPITALIZACIÓN QUIRÚRGICA CIRUGÍA DE CABEZA Y CUELLO / MÁXILO FACIAL ";"49";"54";"481";"428";"14";"434";"0"
"2023";"07";"150113";"LIMA";"LIMA";"JESUS MARIA";"ESSALUD";"III-2";"00008720";"HOSPITAL NACIONAL EDGARDO REBAGLIATI MARTINS";"240400";"HOSPITALIZACIÓN QUIRÚRGICA CIRUGÍA DE TÓRAX Y CARDIOVASCULAR ";"26";"37";"626";"673";"27";"837";"1"
"2023";"07";"150113";"LIMA";"LIMA";"JESUS MARIA";"ESSALUD";"III-2";"00008720";"HOSPITAL NACIONAL EDGARDO REBAGLIATI MARTINS";"240600";"HOSPITALIZACIÓN QUIRÚRGICA CIRUGÍA OFTALMOLÓGICA ";"12";"12";"94";"119";"4";"124";"0"
"2023";"07";"150113";"LIMA";"LIMA";"JESUS MARIA";"ESSALUD";"III-2";"00008720";"HOSPITAL NACIONAL EDGARDO REBAGLIATI MARTINS";"240700";"HOSPITALIZACIÓN QUIRÚRGICA CIRUGÍA PEDIÁTRICA ";"121";"129";"742";"1091";"45";"1395";"0"
"2023";"07";"150113";"LIMA";"LIMA";"JESUS MARIA";"ESSALUD";"III-2";"00008720";"HOSPITAL NACIONAL EDGARDO REBAGLIATI MARTINS";"240800";"HOSPITALIZACIÓN QUIRÚRGICA CIRUGÍA PLÁSTICA/RECONSTRUCTIVA/ REPARADORA ";"22";"26";"546";"473";"16";"496";"0"
"2023";"07";"150113";"LIMA";"LIMA";"JESUS MARIA";"ESSALUD";"III-2";"00008720";"HOSPITAL NACIONAL EDGARDO REBAGLIATI MARTINS";"240900";"HOSPITALIZACIÓN QUIRÚRGICA NEUROCIRUGÍA ";"140";"110";"1477";"1779";"63";"1953";"4"
"2023";"07";"150113";"LIMA";"LIMA";"JESUS MARIA";"ESSALUD";"III-2";"00008720";"HOSPITAL NACIONAL EDGARDO REBAGLIATI MARTINS";"241100";"HOSPITALIZACIÓN QUIRÚRGICA OTORRINOLARINGOLOGÍA  ";"42";"37";"320";"368";"12";"372";"0"
"2023";"07";"150113";"LIMA";"LIMA";"JESUS MARIA";"ESSALUD";"III-2";"00008720";"HOSPITAL NACIONAL EDGARDO REBAGLIATI MARTINS";"241200";"HOSPITALIZACIÓN QUIRÚRGICA TRAUMATOLOGÍA Y ORTOPEDIA ";"278";"280";"4353";"3546";"118";"3658";"3"
"2023";"07";"150113";"LIMA";"LIMA";"JESUS MARIA";"ESSALUD";"III-2";"00008720";"HOSPITAL NACIONAL EDGARDO REBAGLIATI MARTINS";"241300";"HOSPITALIZACIÓN QUIRÚRGICA UROLOGÍA  ";"155";"171";"1701";"1476";"48";"1488";"0"
"2023";"07";"150113";"LIMA";"LIMA";"JESUS MARIA";"ESSALUD";"III-2";"00008720";"HOSPITAL NACIONAL EDGARDO REBAGLIATI MARTINS";"241500";"HOSPITALIZACIÓN QUIRÚRGICA GINECOLOGÍA  ";"101";"99";"613";"715";"24";"744";"0"
"2023";"07";"150113";"LIMA";"LIMA";"JESUS MARIA";"ESSALUD";"III-2";"00008720";"HOSPITAL NACIONAL EDGARDO REBAGLIATI MARTINS";"241600";"HOSPITALIZACIÓN QUIRÚRGICA OBSTETRICIA   ";"451";"452";"2590";"2740";"109";"3379";"0"
"2023";"07";"150113";"LIMA";"LIMA";"JESUS MARIA";"ESSALUD";"III-2";"00008720";"HOSPITAL NACIONAL EDGARDO REBAGLIATI MARTINS";"241700";"HOSPITALIZACIÓN QUIRÚRGICA GINECOLOGÍA   GINECOLOGIA ONCOLOGiCA";"102";"105";"740";"742";"24";"744";"0"
"2023";"07";"150113";"LIMA";"LIMA";"JESUS MARIA";"ESSALUD";"III-2";"00008720";"HOSPITAL NACIONAL EDGARDO REBAGLIATI MARTINS";"241900";"HOSPITALIZACIÓN DE MEDICINA MEDICINA INTERNA ";"536";"498";"8705";"7990";"268";"8308";"84"
"2023";"07";"150113";"LIMA";"LIMA";"JESUS MARIA";"ESSALUD";"III-2";"00008720";"HOSPITAL NACIONAL EDGARDO REBAGLIATI MARTINS";"242100";"HOSPITALIZACIÓN DE MEDICINA ONCOLOGÍA MÉDICA ";"126";"144";"1543";"1022";"33";"1023";"3"
"2023";"07";"150113";"LIMA";"LIMA";"JESUS MARIA";"ESSALUD";"III-2";"00008720";"HOSPITAL NACIONAL EDGARDO REBAGLIATI MARTINS";"242200";"HOSPITALIZACIÓN DE MEDICINA PSIQUIATRÍA ";"79";"81";"1329";"1535";"56";"1736";"0"
"2023";"07";"150113";"LIMA";"LIMA";"JESUS MARIA";"ESSALUD";"III-2";"00008720";"HOSPITAL NACIONAL EDGARDO REBAGLIATI MARTINS";"242300";"HOSPITALIZACIÓN DE PEDIATRÍA  PEDIATRÍA  GENERAL ";"72";"69";"631";"715";"24";"744";"0"
"2023";"07";"150113";"LIMA";"LIMA";"JESUS MARIA";"ESSALUD";"III-2";"00008720";"HOSPITAL NACIONAL EDGARDO REBAGLIATI MARTINS";"242500";"HOSPITALIZACIÓN-PEDIATRÍA GENERAL-";"72";"81";"860";"973";"35";"1085";"3"
"2023";"07";"150113";"LIMA";"LIMA";"JESUS MARIA";"ESSALUD";"III-2";"00008720";"HOSPITAL NACIONAL EDGARDO REBAGLIATI MARTINS";"243200";"HOSPITALIZACIÓN DE PEDIATRÍA PEDIATRIA NEONATOLOGÍA";"30";"3";"77";"744";"24";"744";"2"
"2023";"07";"150113";"LIMA";"LIMA";"JESUS MARIA";"ESSALUD";"III-2";"00008720";"HOSPITAL NACIONAL EDGARDO REBAGLIATI MARTINS";"243600";"HOSPITALIZACIÓN DE PEDIATRÍA PEDIATRIA ONCOLOGÍA PEDIÁTRICA";"61";"62";"517";"489";"16";"496";"0"
"2023";"07";"150113";"LIMA";"LIMA";"JESUS MARIA";"ESSALUD";"III-2";"00008720";"HOSPITAL NACIONAL EDGARDO REBAGLIATI MARTINS";"250100";"UNIDAD DE CUIDADOS CRITICOS UNIDAD  DE CUIDADOS INTENSIVOS GENERALES (UCI) ";"76";"29";"878";"1855";"61";"1891";"28"
"2023";"07";"150113";"LIMA";"LIMA";"JESUS MARIA";"ESSALUD";"III-2";"00008720";"HOSPITAL NACIONAL EDGARDO REBAGLIATI MARTINS";"250101";"UNIDAD DE CUIDADOS CRITICOS UNIDAD  DE CUIDADOS INTENSIVOS GENERALES (UCI) CARDIOLOGIA";"55";"29";"224";"464";"15";"465";"2"
"2023";"07";"150113";"LIMA";"LIMA";"JESUS MARIA";"ESSALUD";"III-2";"00008720";"HOSPITAL NACIONAL EDGARDO REBAGLIATI MARTINS";"250105";"UNIDAD DE CUIDADOS CRITICOS UNIDAD  DE CUIDADOS INTENSIVOS  (UCI) NEONATOLOGÍA";"10";"43";"913";"961";"31";"961";"0"
"2023";"07";"150113";"LIMA";"LIMA";"JESUS MARIA";"ESSALUD";"III-2";"00008720";"HOSPITAL NACIONAL EDGARDO REBAGLIATI MARTINS";"250108";"UNIDAD DE CUIDADOS CRITICOS UNIDAD  DE CUIDADOS INTENSIVOS  (UCI) PEDIÁTRICA";"18";"3";"41";"328";"13";"403";"2"
"2023";"07";"150113";"LIMA";"LIMA";"JESUS MARIA";"ESSALUD";"III-2";"00008720";"HOSPITAL NACIONAL EDGARDO REBAGLIATI MARTINS";"250200";"UNIDAD DE CUIDADOS CRITICOS UNIDAD DE CUIDADOS INTERMEDIOS GENERAL  (UCIN) ";"3";"2";"50";"743";"24";"744";"0"
"2023";"07";"160101";"LORETO";"MAYNAS";"IQUITOS";"ESSALUD";"I-3";"00011408";"CAP III IQUITOS";"NE_0001";"";"NE_0001";"NE_0001";"NE_0001";"NE_0001";"NE_0001";"NE_0001";"NE_0001"
"2023";"07";"090201";"HUANCAVELICA";"ACOBAMBA";"ACOBAMBA";"GOBIERNO REGIONAL";"II-1";"00003917";"HOSPITAL PROVINCIAL DE ACOBAMBA";"240100";"HOSPITALIZACIÓN QUIRÚRGICA CIRUGÍA GENERAL ";"13";"13";"48";"61";"4";"124";"0"
"2023";"07";"090201";"HUANCAVELICA";"ACOBAMBA";"ACOBAMBA";"GOBIERNO REGIONAL";"II-1";"00003917";"HOSPITAL PROVINCIAL DE ACOBAMBA";"241400";"HOSPITALIZACIÓN QUIRÚRGICA GINECO - OBSTETRICIA ";"42";"42";"67";"109";"8";"248";"0"
"2023";"07";"090201";"HUANCAVELICA";"ACOBAMBA";"ACOBAMBA";"GOBIERNO REGIONAL";"II-1";"00003917";"HOSPITAL PROVINCIAL DE ACOBAMBA";"241800";"HOSPITALIZACIÓN DE MEDICINA MEDICINA GENERAL ";"11";"11";"21";"32";"6";"186";"1"
"2023";"07";"090201";"HUANCAVELICA";"ACOBAMBA";"ACOBAMBA";"GOBIERNO REGIONAL";"II-1";"00003917";"HOSPITAL PROVINCIAL DE ACOBAMBA";"242500";"HOSPITALIZACIÓN-PEDIATRÍA GENERAL-";"7";"7";"17";"24";"4";"124";"0"
"2023";"07";"130901";"LA LIBERTAD";"SANCHEZ CARRION";"HUAMACHUCO";"GOBIERNO REGIONAL";"I-3";"00026446";"CENTRO DE SALUD MENTAL COMUNITARIO SEMBRANDO ESPERANZA DE HUAMACHUCO";"NE_0001";"";"NE_0001";"NE_0001";"NE_0001";"NE_0001";"NE_0001";"NE_0001";"NE_0001"
"2023";"07";"010701";"AMAZONAS";"UTCUBAMBA";"BAGUA GRANDE";"GOBIERNO REGIONAL";"II-1";"00005125";"HOSPITAL  SANTIAGO APOSTOL DE UTCUBAMBA";"240100";"HOSPITALIZACIÓN QUIRÚRGICA CIRUGÍA GENERAL ";"32";"27";"27";"83";"8";"248";"0"
"2023";"07";"010701";"AMAZONAS";"UTCUBAMBA";"BAGUA GRANDE";"GOBIERNO REGIONAL";"II-1";"00005125";"HOSPITAL  SANTIAGO APOSTOL DE UTCUBAMBA";"241200";"HOSPITALIZACIÓN QUIRÚRGICA TRAUMATOLOGÍA Y ORTOPEDIA ";"9";"8";"7";"31";"2";"62";"0"
"2023";"07";"010701";"AMAZONAS";"UTCUBAMBA";"BAGUA GRANDE";"GOBIERNO REGIONAL";"II-1";"00005125";"HOSPITAL  SANTIAGO APOSTOL DE UTCUBAMBA";"241400";"HOSPITALIZACIÓN QUIRÚRGICA GINECO - OBSTETRICIA ";"24";"24";"23";"57";"2";"62";"0"
"2023";"07";"010701";"AMAZONAS";"UTCUBAMBA";"BAGUA GRANDE";"GOBIERNO REGIONAL";"II-1";"00005125";"HOSPITAL  SANTIAGO APOSTOL DE UTCUBAMBA";"241600";"HOSPITALIZACIÓN QUIRÚRGICA OBSTETRICIA   ";"144";"141";"135";"257";"15";"465";"0"
"2023";"07";"010701";"AMAZONAS";"UTCUBAMBA";"BAGUA GRANDE";"GOBIERNO REGIONAL";"II-1";"00005125";"HOSPITAL  SANTIAGO APOSTOL DE UTCUBAMBA";"241800";"HOSPITALIZACIÓN DE MEDICINA MEDICINA GENERAL ";"30";"33";"27";"121";"11";"341";"0"
"2023";"07";"010701";"AMAZONAS";"UTCUBAMBA";"BAGUA GRANDE";"GOBIERNO REGIONAL";"II-1";"00005125";"HOSPITAL  SANTIAGO APOSTOL DE UTCUBAMBA";"242500";"HOSPITALIZACIÓN-PEDIATRÍA GENERAL-";"36";"36";"35";"94";"8";"248";"0"
"2023";"07";"010701";"AMAZONAS";"UTCUBAMBA";"BAGUA GRANDE";"GOBIERNO REGIONAL";"II-1";"00005125";"HOSPITAL  SANTIAGO APOSTOL DE UTCUBAMBA";"243200";"HOSPITALIZACIÓN DE PEDIATRÍA PEDIATRIA NEONATOLOGÍA";"12";"10";"10";"29";"7";"217";"0"
"2023";"07";"010701";"AMAZONAS";"UTCUBAMBA";"BAGUA GRANDE";"GOBIERNO REGIONAL";"II-1";"00005125";"HOSPITAL  SANTIAGO APOSTOL DE UTCUBAMBA";"250304";"HOSPIT. EN UNIDAD DE CUID.INTEN.-UNIDAD DE VIGILANCIA INTENSIVA (UVI)-MEDICINA";"10";"11";"8";"51";"5";"155";"6"
"2023";"07";"210401";"PUNO";"CHUCUITO";"JULI";"GOBIERNO REGIONAL";"II-1";"00002990";"JULI";"240100";"HOSPITALIZACIÓN QUIRÚRGICA CIRUGÍA GENERAL ";"14";"14";"23";"30";"5";"155";"0"
"2023";"07";"210401";"PUNO";"CHUCUITO";"JULI";"GOBIERNO REGIONAL";"II-1";"00002990";"JULI";"241600";"HOSPITALIZACIÓN QUIRÚRGICA OBSTETRICIA   ";"33";"33";"84";"99";"9";"279";"0"
"2023";"07";"210401";"PUNO";"CHUCUITO";"JULI";"GOBIERNO REGIONAL";"II-1";"00002990";"JULI";"241800";"HOSPITALIZACIÓN DE MEDICINA MEDICINA GENERAL ";"9";"9";"31";"28";"6";"186";"1"
"2023";"07";"210401";"PUNO";"CHUCUITO";"JULI";"GOBIERNO REGIONAL";"II-1";"00002990";"JULI";"242500";"HOSPITALIZACIÓN-PEDIATRÍA GENERAL-";"6";"6";"25";"32";"6";"186";"0"
"2023";"07";"190103";"PASCO";"PASCO";"HUARIACA";"ESSALUD";"II-E";"00009749";"HOSPITAL II - E HUARIACA";"241800";"HOSPITALIZACIÓN DE MEDICINA MEDICINA GENERAL ";"29";"29";"109";"109";"8";"248";"1"
"2023";"07";"190103";"PASCO";"PASCO";"HUARIACA";"ESSALUD";"II-E";"00009749";"HOSPITAL II - E HUARIACA";"242100";"HOSPITALIZACIÓN DE MEDICINA ONCOLOGÍA MÉDICA ";"51";"54";"178";"171";"10";"310";"0"
"2023";"07";"190103";"PASCO";"PASCO";"HUARIACA";"ESSALUD";"II-E";"00009749";"HOSPITAL II - E HUARIACA";"242200";"HOSPITALIZACIÓN DE MEDICINA PSIQUIATRÍA ";"13";"12";"75";"1035";"70";"2170";"0"
"2023";"07";"190103";"PASCO";"PASCO";"HUARIACA";"ESSALUD";"II-E";"00009749";"HOSPITAL II - E HUARIACA";"240100";"HOSPITALIZACIÓN QUIRÚRGICA CIRUGÍA GENERAL ";"22";"22";"133";"98";"4";"124";"0"
"2023";"07";"190103";"PASCO";"PASCO";"HUARIACA";"ESSALUD";"II-E";"00009749";"HOSPITAL II - E HUARIACA";"241400";"HOSPITALIZACIÓN QUIRÚRGICA GINECO - OBSTETRICIA ";"8";"8";"18";"17";"2";"62";"0"
"2023";"07";"120907";"JUNIN";"CHUPACA";"SAN JUAN DE JARPA";"GOBIERNO REGIONAL";"I-3";"00000659";"SAN JUAN DE JARPA";"NE_0001";"";"NE_0001";"NE_0001";"NE_0001";"NE_0001";"NE_0001";"NE_0001";"NE_0001"
"2023";"07";"120909";"JUNIN";"CHUPACA";"YANACANCHA";"GOBIERNO REGIONAL";"I-1";"00000662";"SANTO DOMINGO DE CACHI";"NE_0001";"";"NE_0001";"NE_0001";"NE_0001";"NE_0001";"NE_0001";"NE_0001";"NE_0001"
"2023";"07";"040704";"AREQUIPA";"ISLAY";"ISLAY";"ESSALUD";"I-2";"00012192";"POSTA MEDICA MATARANI";"NE_0002";"";"NE_0002";"NE_0002";"NE_0002";"NE_0002";"NE_0002";"NE_0002";"NE_0002"
"2023";"07";"080101";"CUSCO";"CUSCO";"CUSCO";"PRIVADO";"II-E";"00016758";"HERMANA JOSEFINA SERRANO";"240000";"HOSPITALIZACIÓN";"36";"30";"178";"29";"44";"1364";"0"
"2023";"07";"070101";"CALLAO";"CALLAO";"CALLAO";"PRIVADO";"I-3";"00021094";"LIMATAMBO SEDE MINKA II";"NE_0001";"";"NE_0001";"NE_0001";"NE_0001";"NE_0001";"NE_0001";"NE_0001";"NE_0001"
"2023";"07";"220205";"SAN MARTIN";"BELLAVISTA";"SAN PABLO";"GOBIERNO REGIONAL";"I-1";"00006508";"SAN PABLO";"NE_0001";"";"NE_0001";"NE_0001";"NE_0001";"NE_0001";"NE_0001";"NE_0001";"NE_0001"
"2023";"07";"220205";"SAN MARTIN";"BELLAVISTA";"SAN PABLO";"GOBIERNO REGIONAL";"I-2";"00006499";"FAUSA LAMISTA";"NE_0001";"";"NE_0001";"NE_0001";"NE_0001";"NE_0001";"NE_0001";"NE_0001";"NE_0001"
"2023";"07";"220205";"SAN MARTIN";"BELLAVISTA";"SAN PABLO";"GOBIERNO REGIONAL";"I-1";"00006509";"DOS DE MAYO";"NE_0001";"";"NE_0001";"NE_0001";"NE_0001";"NE_0001";"NE_0001";"NE_0001";"NE_0001"
"2023";"07";"130111";"LA LIBERTAD";"TRUJILLO";"VICTOR LARCO HERRERA";"PRIVADO";"II-1";"00010581";"SANNA/SANCHEZ FERRER S.A.";"241900";"HOSPITALIZACIÓN DE MEDICINA MEDICINA INTERNA ";"35";"50";"176";"198";"6";"248";"8"
"2023";"07";"130111";"LA LIBERTAD";"TRUJILLO";"VICTOR LARCO HERRERA";"PRIVADO";"II-1";"00010581";"SANNA/SANCHEZ FERRER S.A.";"241400";"HOSPITALIZACIÓN QUIRÚRGICA GINECO - OBSTETRICIA ";"65";"78";"130";"205";"5";"283";"0"
"2023";"07";"130111";"LA LIBERTAD";"TRUJILLO";"VICTOR LARCO HERRERA";"PRIVADO";"II-1";"00010581";"SANNA/SANCHEZ FERRER S.A.";"242300";"HOSPITALIZACIÓN DE PEDIATRÍA  PEDIATRÍA  GENERAL ";"8";"32";"125";"150";"5";"182";"0"
"2023";"07";"130111";"LA LIBERTAD";"TRUJILLO";"VICTOR LARCO HERRERA";"PRIVADO";"II-1";"00010581";"SANNA/SANCHEZ FERRER S.A.";"240100";"HOSPITALIZACIÓN QUIRÚRGICA CIRUGÍA GENERAL ";"65";"63";"106";"162";"4";"225";"0"
"2023";"07";"130111";"LA LIBERTAD";"TRUJILLO";"VICTOR LARCO HERRERA";"PRIVADO";"II-1";"00010581";"SANNA/SANCHEZ FERRER S.A.";"241200";"HOSPITALIZACIÓN QUIRÚRGICA TRAUMATOLOGÍA Y ORTOPEDIA ";"23";"43";"132";"155";"5";"198";"0"
"2023";"07";"130111";"LA LIBERTAD";"TRUJILLO";"VICTOR LARCO HERRERA";"PRIVADO";"II-1";"00010581";"SANNA/SANCHEZ FERRER S.A.";"240900";"HOSPITALIZACIÓN QUIRÚRGICA NEUROCIRUGÍA ";"7";"6";"19";"25";"1";"31";"0"
"2023";"07";"130111";"LA LIBERTAD";"TRUJILLO";"VICTOR LARCO HERRERA";"PRIVADO";"II-1";"00010581";"SANNA/SANCHEZ FERRER S.A.";"244300";"HOSPITALIZACIÓN DE MEDICINA GASTROENTEROLOGÍA  ";"1";"6";"12";"15";"1";"21";"0"
"2023";"07";"130111";"LA LIBERTAD";"TRUJILLO";"VICTOR LARCO HERRERA";"PRIVADO";"II-1";"00010581";"SANNA/SANCHEZ FERRER S.A.";"241300";"HOSPITALIZACIÓN QUIRÚRGICA UROLOGÍA  ";"6";"14";"24";"38";"1";"52";"0"
"2023";"07";"130111";"LA LIBERTAD";"TRUJILLO";"VICTOR LARCO HERRERA";"PRIVADO";"II-1";"00010581";"SANNA/SANCHEZ FERRER S.A.";"240200";"HOSPITALIZACIÓN QUIRÚRGICA CIRUGÍA DE CABEZA Y CUELLO / MÁXILO FACIAL ";"7";"6";"18";"23";"1";"29";"0"
"2023";"07";"130111";"LA LIBERTAD";"TRUJILLO";"VICTOR LARCO HERRERA";"PRIVADO";"II-1";"00010581";"SANNA/SANCHEZ FERRER S.A.";"240800";"HOSPITALIZACIÓN QUIRÚRGICA CIRUGÍA PLÁSTICA/RECONSTRUCTIVA/ REPARADORA ";"5";"4";"36";"32";"2";"36";"0"
"2023";"07";"130111";"LA LIBERTAD";"TRUJILLO";"VICTOR LARCO HERRERA";"PRIVADO";"II-1";"00010581";"SANNA/SANCHEZ FERRER S.A.";"240400";"HOSPITALIZACIÓN QUIRÚRGICA CIRUGÍA DE TÓRAX Y CARDIOVASCULAR ";"2";"2";"20";"15";"1";"17";"0"
"2023";"07";"130111";"LA LIBERTAD";"TRUJILLO";"VICTOR LARCO HERRERA";"PRIVADO";"II-1";"00010581";"SANNA/SANCHEZ FERRER S.A.";"242100";"HOSPITALIZACIÓN DE MEDICINA ONCOLOGÍA MÉDICA ";"4";"2";"45";"29";"2";"31";"0"
"2023";"07";"130111";"LA LIBERTAD";"TRUJILLO";"VICTOR LARCO HERRERA";"PRIVADO";"II-1";"00010581";"SANNA/SANCHEZ FERRER S.A.";"241100";"HOSPITALIZACIÓN QUIRÚRGICA OTORRINOLARINGOLOGÍA  ";"4";"1";"1";"2";"1";"3";"0"
"2023";"07";"130111";"LA LIBERTAD";"TRUJILLO";"VICTOR LARCO HERRERA";"PRIVADO";"II-1";"00010581";"SANNA/SANCHEZ FERRER S.A.";"244700";"HOSPITALIZACIÓN DE MEDICINA NEUROLOGIA  ";"1";"4";"18";"22";"1";"26";"0"
"2023";"07";"130111";"LA LIBERTAD";"TRUJILLO";"VICTOR LARCO HERRERA";"PRIVADO";"II-1";"00010581";"SANNA/SANCHEZ FERRER S.A.";"250103";"UNIDAD DE CUIDADOS CRITICOS UNIDAD  DE CUIDADOS INTENSIVOS GENERALES  (UCI) MEDICINA";"3";"1";"6";"7";"1";"8";"0"
"2023";"05";"060101";"CAJAMARCA";"CAJAMARCA";"CAJAMARCA";"GOBIERNO REGIONAL";"II-2";"00007686";"HOSPITAL REGIONAL DOCENTE CAJAMARCA";"240100";"HOSPITALIZACIÓN QUIRÚRGICA CIRUGÍA GENERAL ";"288";"286";"1763";"1686";"72";"2232";"0"
"2023";"05";"060101";"CAJAMARCA";"CAJAMARCA";"CAJAMARCA";"GOBIERNO REGIONAL";"II-2";"00007686";"HOSPITAL REGIONAL DOCENTE CAJAMARCA";"241400";"HOSPITALIZACIÓN QUIRÚRGICA GINECO - OBSTETRICIA ";"293";"290";"776";"713";"35";"1085";"0"
"2023";"05";"060101";"CAJAMARCA";"CAJAMARCA";"CAJAMARCA";"GOBIERNO REGIONAL";"II-2";"00007686";"HOSPITAL REGIONAL DOCENTE CAJAMARCA";"241800";"HOSPITALIZACIÓN DE MEDICINA MEDICINA GENERAL ";"185";"178";"957";"925";"32";"992";"20"
"2023";"05";"060101";"CAJAMARCA";"CAJAMARCA";"CAJAMARCA";"GOBIERNO REGIONAL";"II-2";"00007686";"HOSPITAL REGIONAL DOCENTE CAJAMARCA";"243200";"HOSPITALIZACIÓN DE PEDIATRÍA PEDIATRIA NEONATOLOGÍA";"104";"100";"918";"929";"35";"1085";"2"
"2023";"05";"060101";"CAJAMARCA";"CAJAMARCA";"CAJAMARCA";"GOBIERNO REGIONAL";"II-2";"00007686";"HOSPITAL REGIONAL DOCENTE CAJAMARCA";"242500";"HOSPITALIZACIÓN-PEDIATRÍA GENERAL-";"111";"113";"555";"513";"17";"527";"1"
"2023";"05";"060101";"CAJAMARCA";"CAJAMARCA";"CAJAMARCA";"GOBIERNO REGIONAL";"II-2";"00007686";"HOSPITAL REGIONAL DOCENTE CAJAMARCA";"250103";"UNIDAD DE CUIDADOS CRITICOS UNIDAD  DE CUIDADOS INTENSIVOS GENERALES  (UCI) MEDICINA";"35";"33";"313";"347";"13";"403";"7"
"2023";"05";"060101";"CAJAMARCA";"CAJAMARCA";"CAJAMARCA";"GOBIERNO REGIONAL";"II-2";"00007686";"HOSPITAL REGIONAL DOCENTE CAJAMARCA";"250200";"UNIDAD DE CUIDADOS CRITICOS UNIDAD DE CUIDADOS INTERMEDIOS GENERAL  (UCIN) ";"17";"16";"119";"161";"6";"186";"2"
"2023";"05";"060101";"CAJAMARCA";"CAJAMARCA";"CAJAMARCA";"GOBIERNO REGIONAL";"II-2";"00007686";"HOSPITAL REGIONAL DOCENTE CAJAMARCA";"250105";"UNIDAD DE CUIDADOS CRITICOS UNIDAD  DE CUIDADOS INTENSIVOS  (UCI) NEONATOLOGÍA";"50";"51";"418";"385";"15";"465";"6"
"2023";"05";"060101";"CAJAMARCA";"CAJAMARCA";"CAJAMARCA";"GOBIERNO REGIONAL";"II-2";"00007686";"HOSPITAL REGIONAL DOCENTE CAJAMARCA";"242200";"HOSPITALIZACIÓN DE MEDICINA PSIQUIATRÍA ";"16";"15";"147";"133";"6";"186";"0"
"2023";"07";"130705";"LA LIBERTAD";"PACASMAYO";"SAN JOSE";"GOBIERNO REGIONAL";"I-3";"00005297";"SAN JOSE";"NE_0001";"";"NE_0001";"NE_0001";"NE_0001";"NE_0001";"NE_0001";"NE_0001";"NE_0001"
"2023";"07";"080910";"CUSCO";"LA CONVENCION";"PICHARI";"GOBIERNO REGIONAL";"I-2";"00007113";"NATIVIDAD";"NE_0001";"";"NE_0001";"NE_0001";"NE_0001";"NE_0001";"NE_0001";"NE_0001";"NE_0001"
"2023";"07";"080910";"CUSCO";"LA CONVENCION";"PICHARI";"GOBIERNO REGIONAL";"I-2";"00002498";"PUERTO MAYO";"NE_0001";"";"NE_0001";"NE_0001";"NE_0001";"NE_0001";"NE_0001";"NE_0001";"NE_0001"
"2023";"07";"080910";"CUSCO";"LA CONVENCION";"PICHARI";"GOBIERNO REGIONAL";"I-4";"00002494";"PICHARI";"NE_0001";"";"NE_0001";"NE_0001";"NE_0001";"NE_0001";"NE_0001";"NE_0001";"NE_0001"
"2023";"07";"080910";"CUSCO";"LA CONVENCION";"PICHARI";"GOBIERNO REGIONAL";"I-1";"00002497";"OTARI";"NE_0001";"";"NE_0001";"NE_0001";"NE_0001";"NE_0001";"NE_0001";"NE_0001";"NE_0001"
"2023";"07";"080910";"CUSCO";"LA CONVENCION";"PICHARI";"GOBIERNO REGIONAL";"I-2";"00007114";"QUISTO CENTRAL";"NE_0001";"";"NE_0001";"NE_0001";"NE_0001";"NE_0001";"NE_0001";"NE_0001";"NE_0001"
"2023";"07";"080910";"CUSCO";"LA CONVENCION";"PICHARI";"GOBIERNO REGIONAL";"I-1";"00015170";"PICHARI BAJA";"NE_0001";"";"NE_0001";"NE_0001";"NE_0001";"NE_0001";"NE_0001";"NE_0001";"NE_0001"
"2023";"07";"080910";"CUSCO";"LA CONVENCION";"PICHARI";"GOBIERNO REGIONAL";"I-2";"00002496";"OMAYA";"NE_0001";"";"NE_0001";"NE_0001";"NE_0001";"NE_0001";"NE_0001";"NE_0001";"NE_0001"
"2023";"05";"100110";"HUANUCO";"HUANUCO";"YARUMAYO";"GOBIERNO REGIONAL";"I-2";"00006906";"TRES DE MAYO DE ANDAS CHICO";"NE_0001";"";"NE_0001";"NE_0001";"NE_0001";"NE_0001";"NE_0001";"NE_0001";"NE_0001"
"2023";"05";"100110";"HUANUCO";"HUANUCO";"YARUMAYO";"GOBIERNO REGIONAL";"I-1";"00000795";"CHULLAY";"NE_0001";"";"NE_0001";"NE_0001";"NE_0001";"NE_0001";"NE_0001";"NE_0001";"NE_0001"
"2023";"05";"100110";"HUANUCO";"HUANUCO";"YARUMAYO";"GOBIERNO REGIONAL";"I-3";"00000793";"YARUMAYO";"NE_0001";"";"NE_0001";"NE_0001";"NE_0001";"NE_0001";"NE_0001";"NE_0001";"NE_0001"
"2023";"04";"150117";"LIMA";"LIMA";"LOS OLIVOS";"PRIVADO";"II-E";"00023151";"CLINICA CORI";"240000";"HOSPITALIZACIÓN";"62";"64";"124";"142";"14";"420";"0"
"2023";"06";"150117";"LIMA";"LIMA";"LOS OLIVOS";"PRIVADO";"II-E";"00023151";"CLINICA CORI";"240000";"HOSPITALIZACIÓN";"76";"75";"124";"126";"14";"420";"0"
"2023";"06";"150141";"LIMA";"LIMA";"SURQUILLO";"PRIVADO";"II-E";"00025930";"CLINICA SANENS";"240000";"HOSPITALIZACIÓN";"82";"78";"92";"82";"7";"210";"0"
"2023";"07";"050110";"AYACUCHO";"HUAMANGA";"SAN JUAN BAUTISTA";"ESSALUD";"II-1";"00011775";"HOSPITAL II HUAMANGA";"240100";"HOSPITALIZACIÓN QUIRÚRGICA CIRUGÍA GENERAL ";"89";"88";"291";"274";"13";"403";"0"
"2023";"07";"050110";"AYACUCHO";"HUAMANGA";"SAN JUAN BAUTISTA";"ESSALUD";"II-1";"00011775";"HOSPITAL II HUAMANGA";"241200";"HOSPITALIZACIÓN QUIRÚRGICA TRAUMATOLOGÍA Y ORTOPEDIA ";"26";"26";"157";"144";"6";"186";"0"
"2023";"07";"050110";"AYACUCHO";"HUAMANGA";"SAN JUAN BAUTISTA";"ESSALUD";"II-1";"00011775";"HOSPITAL II HUAMANGA";"241500";"HOSPITALIZACIÓN QUIRÚRGICA GINECOLOGÍA  ";"15";"14";"55";"46";"3";"93";"0"
"2023";"07";"050110";"AYACUCHO";"HUAMANGA";"SAN JUAN BAUTISTA";"ESSALUD";"II-1";"00011775";"HOSPITAL II HUAMANGA";"241400";"HOSPITALIZACIÓN QUIRÚRGICA GINECO - OBSTETRICIA ";"136";"135";"274";"260";"12";"372";"0"
"2023";"07";"050110";"AYACUCHO";"HUAMANGA";"SAN JUAN BAUTISTA";"ESSALUD";"II-1";"00011775";"HOSPITAL II HUAMANGA";"241800";"HOSPITALIZACIÓN DE MEDICINA MEDICINA GENERAL ";"66";"65";"466";"377";"13";"403";"1"
"2023";"07";"050110";"AYACUCHO";"HUAMANGA";"SAN JUAN BAUTISTA";"ESSALUD";"II-1";"00011775";"HOSPITAL II HUAMANGA";"250100";"UNIDAD DE CUIDADOS CRITICOS UNIDAD  DE CUIDADOS INTENSIVOS GENERALES (UCI) ";"3";"3";"36";"9";"6";"186";"1"
"2023";"07";"050110";"AYACUCHO";"HUAMANGA";"SAN JUAN BAUTISTA";"ESSALUD";"II-1";"00011775";"HOSPITAL II HUAMANGA";"250200";"UNIDAD DE CUIDADOS CRITICOS UNIDAD DE CUIDADOS INTERMEDIOS GENERAL  (UCIN) ";"15";"15";"146";"88";"11";"341";"5"
"2023";"07";"050110";"AYACUCHO";"HUAMANGA";"SAN JUAN BAUTISTA";"ESSALUD";"II-1";"00011775";"HOSPITAL II HUAMANGA";"243200";"HOSPITALIZACIÓN DE PEDIATRÍA PEDIATRIA NEONATOLOGÍA";"46";"46";"128";"123";"5";"155";"0"
"2023";"07";"050110";"AYACUCHO";"HUAMANGA";"SAN JUAN BAUTISTA";"ESSALUD";"II-1";"00011775";"HOSPITAL II HUAMANGA";"242300";"HOSPITALIZACIÓN DE PEDIATRÍA  PEDIATRÍA  GENERAL ";"89";"89";"299";"279";"11";"341";"0"
"2023";"07";"120305";"JUNIN";"CHANCHAMAYO";"SAN RAMON";"GOBIERNO REGIONAL";"I-4";"00000354";"SAN RAMON";"241600";"HOSPITALIZACIÓN QUIRÚRGICA OBSTETRICIA   ";"3";"3";"4";"4";"5";"150";"0"
"2023";"07";"120305";"JUNIN";"CHANCHAMAYO";"SAN RAMON";"GOBIERNO REGIONAL";"I-4";"00000354";"SAN RAMON";"241800";"HOSPITALIZACIÓN DE MEDICINA MEDICINA GENERAL ";"4";"4";"14";"14";"3";"90";"0"
"2023";"07";"120306";"JUNIN";"CHANCHAMAYO";"VITOC";"GOBIERNO REGIONAL";"I-1";"00000359";"VISCATAN";"NE_0001";"";"NE_0001";"NE_0001";"NE_0001";"NE_0001";"NE_0001";"NE_0001";"NE_0001"
"2023";"07";"120416";"JUNIN";"JAUJA";"MASMA";"GOBIERNO REGIONAL";"I-1";"00000361";"UCHUBAMBA";"NE_0001";"";"NE_0001";"NE_0001";"NE_0001";"NE_0001";"NE_0001";"NE_0001";"NE_0001"
"2023";"07";"120305";"JUNIN";"CHANCHAMAYO";"SAN RAMON";"GOBIERNO REGIONAL";"I-2";"00000356";"LA ESPERANZA";"NE_0001";"";"NE_0001";"NE_0001";"NE_0001";"NE_0001";"NE_0001";"NE_0001";"NE_0001"
"2023";"07";"120419";"JUNIN";"JAUJA";"MONOBAMBA";"GOBIERNO REGIONAL";"I-1";"00000363";"CHACAYBAMBA";"NE_0001";"";"NE_0001";"NE_0001";"NE_0001";"NE_0001";"NE_0001";"NE_0001";"NE_0001"
"2023";"07";"120419";"JUNIN";"JAUJA";"MONOBAMBA";"GOBIERNO REGIONAL";"I-2";"00000362";"MONOBAMBA";"NE_0001";"";"NE_0001";"NE_0001";"NE_0001";"NE_0001";"NE_0001";"NE_0001";"NE_0001"
"2023";"07";"120306";"JUNIN";"CHANCHAMAYO";"VITOC";"GOBIERNO REGIONAL";"I-2";"00000358";"VITOC";"NE_0001";"";"NE_0001";"NE_0001";"NE_0001";"NE_0001";"NE_0001";"NE_0001";"NE_0001"
"2023";"07";"120306";"JUNIN";"CHANCHAMAYO";"VITOC";"GOBIERNO REGIONAL";"I-1";"00000360";"UTCUYACU";"NE_0001";"";"NE_0001";"NE_0001";"NE_0001";"NE_0001";"NE_0001";"NE_0001";"NE_0001"
"2023";"07";"120305";"JUNIN";"CHANCHAMAYO";"SAN RAMON";"GOBIERNO REGIONAL";"I-2";"00000355";"NARANJAL";"NE_0001";"";"NE_0001";"NE_0001";"NE_0001";"NE_0001";"NE_0001";"NE_0001";"NE_0001"
"2023";"07";"120305";"JUNIN";"CHANCHAMAYO";"SAN RAMON";"GOBIERNO REGIONAL";"I-1";"00000357";"PEDREGAL";"NE_0001";"";"NE_0001";"NE_0001";"NE_0001";"NE_0001";"NE_0001";"NE_0001";"NE_0001"
"2023";"07";"100506";"HUANUCO";"HUAMALIES";"MIRAFLORES";"GOBIERNO REGIONAL";"I-2";"00000895";"MIRAFLORES";"NE_0001";"";"NE_0001";"NE_0001";"NE_0001";"NE_0001";"NE_0001";"NE_0001";"NE_0001"
"2023";"07";"100509";"HUANUCO";"HUAMALIES";"PUÑOS";"GOBIERNO REGIONAL";"I-3";"00000892";"PUÑOS";"NE_0001";"";"NE_0001";"NE_0001";"NE_0001";"NE_0001";"NE_0001";"NE_0001";"NE_0001"
"2023";"07";"100509";"HUANUCO";"HUAMALIES";"PUÑOS";"GOBIERNO REGIONAL";"I-1";"00000894";"ILLAHUASI";"NE_0001";"";"NE_0001";"NE_0001";"NE_0001";"NE_0001";"NE_0001";"NE_0001";"NE_0001"
"2023";"07";"100509";"HUANUCO";"HUAMALIES";"PUÑOS";"GOBIERNO REGIONAL";"I-2";"00000893";"POQUE";"NE_0001";"";"NE_0001";"NE_0001";"NE_0001";"NE_0001";"NE_0001";"NE_0001";"NE_0001"
"2023";"01";"030104";"APURIMAC";"ABANCAY";"CURAHUASI";"PRIVADO";"II-1";"00008108";"HOSPITAL  DIOSPI SUYANA";"240000";"HOSPITALIZACIÓN";"107";"106";"371";"450";"39";"1420";"0"
"2023";"02";"030104";"APURIMAC";"ABANCAY";"CURAHUASI";"PRIVADO";"II-1";"00008108";"HOSPITAL  DIOSPI SUYANA";"240000";"HOSPITALIZACIÓN";"103";"100";"416";"468";"39";"1300";"0"
"2023";"03";"030104";"APURIMAC";"ABANCAY";"CURAHUASI";"PRIVADO";"II-1";"00008108";"HOSPITAL  DIOSPI SUYANA";"240000";"HOSPITALIZACIÓN";"179";"182";"678";"724";"39";"1515";"0"
"2023";"04";"030104";"APURIMAC";"ABANCAY";"CURAHUASI";"PRIVADO";"II-1";"00008108";"HOSPITAL  DIOSPI SUYANA";"240000";"HOSPITALIZACIÓN";"130";"135";"466";"533";"39";"1475";"2"
"2023";"07";"130801";"LA LIBERTAD";"PATAZ";"TAYABAMBA";"GOBIERNO REGIONAL";"II-1";"00005375";"HOSPITAL PROVINCIAL DE TAYABAMBA";"241800";"HOSPITALIZACIÓN DE MEDICINA MEDICINA GENERAL ";"11";"11";"38";"40";"11";"341";"0"
"2023";"07";"130801";"LA LIBERTAD";"PATAZ";"TAYABAMBA";"GOBIERNO REGIONAL";"II-1";"00005375";"HOSPITAL PROVINCIAL DE TAYABAMBA";"241600";"HOSPITALIZACIÓN QUIRÚRGICA OBSTETRICIA   ";"32";"32";"66";"66";"5";"155";"0"
"2023";"08";"150113";"LIMA";"LIMA";"JESUS MARIA";"PRIVADO";"II-E";"00015716";"CLÍNICA VISTA";"NE_0001";"";"NE_0001";"NE_0001";"NE_0001";"NE_0001";"NE_0001";"NE_0001";"NE_0001"
"2023";"08";"230101";"TACNA";"TACNA";"TACNA";"SANIDAD DE LA POLICIA NACIONAL DEL PERU";"I-3";"00011528";"POLICLINICO POLICIAL TACNA";"NE_0001";"";"NE_0001";"NE_0001";"NE_0001";"NE_0001";"NE_0001";"NE_0001";"NE_0001"
"2023";"08";"120101";"JUNIN";"HUANCAYO";"HUANCAYO";"SANIDAD DE LA POLICIA NACIONAL DEL PERU";"I-3";"00010710";"POLICLINICO POLICIAL HUANCAYO ENRIQUE TORRES GONZALES";"NE_0001";"";"NE_0001";"NE_0001";"NE_0001";"NE_0001";"NE_0001";"NE_0001";"NE_0001"
"2023";"03";"120401";"JUNIN";"JAUJA";"JAUJA";"GOBIERNO REGIONAL";"II-1";"00000365";"HOSPITAL DOMINGO OLAVEGOYA";"240100";"HOSPITALIZACIÓN QUIRÚRGICA CIRUGÍA GENERAL ";"83";"92";"386";"404";"24";"744";"0"
"2023";"03";"120401";"JUNIN";"JAUJA";"JAUJA";"GOBIERNO REGIONAL";"II-1";"00000365";"HOSPITAL DOMINGO OLAVEGOYA";"241400";"HOSPITALIZACIÓN QUIRÚRGICA GINECO - OBSTETRICIA ";"102";"111";"303";"265";"16";"496";"0"
"2023";"03";"120401";"JUNIN";"JAUJA";"JAUJA";"GOBIERNO REGIONAL";"II-1";"00000365";"HOSPITAL DOMINGO OLAVEGOYA";"241500";"HOSPITALIZACIÓN QUIRÚRGICA GINECOLOGÍA  ";"14";"17";"59";"83";"10";"310";"0"
"2023";"03";"120401";"JUNIN";"JAUJA";"JAUJA";"GOBIERNO REGIONAL";"II-1";"00000365";"HOSPITAL DOMINGO OLAVEGOYA";"241800";"HOSPITALIZACIÓN DE MEDICINA MEDICINA GENERAL ";"31";"46";"409";"431";"21";"651";"10"
"2023";"03";"120401";"JUNIN";"JAUJA";"JAUJA";"GOBIERNO REGIONAL";"II-1";"00000365";"HOSPITAL DOMINGO OLAVEGOYA";"242300";"HOSPITALIZACIÓN DE PEDIATRÍA  PEDIATRÍA  GENERAL ";"35";"39";"148";"165";"26";"806";"0"
"2023";"03";"061109";"CAJAMARCA";"SAN MIGUEL";"NIEPOS";"GOBIERNO REGIONAL";"I-1";"00004560";"EL NARANJO";"NE_0001";"";"NE_0001";"NE_0001";"NE_0001";"NE_0001";"NE_0001";"NE_0001";"NE_0001"
"2023";"03";"061109";"CAJAMARCA";"SAN MIGUEL";"NIEPOS";"GOBIERNO REGIONAL";"I-2";"00004557";"NIEPOS";"NE_0001";"";"NE_0001";"NE_0001";"NE_0001";"NE_0001";"NE_0001";"NE_0001";"NE_0001"
"2023";"03";"061109";"CAJAMARCA";"SAN MIGUEL";"NIEPOS";"GOBIERNO REGIONAL";"I-1";"00004558";"LANCHEZ";"NE_0001";"";"NE_0001";"NE_0001";"NE_0001";"NE_0001";"NE_0001";"NE_0001";"NE_0001"
"2023";"03";"061109";"CAJAMARCA";"SAN MIGUEL";"NIEPOS";"GOBIERNO REGIONAL";"I-1";"00004559";"MIRAVALLES";"NE_0001";"";"NE_0001";"NE_0001";"NE_0001";"NE_0001";"NE_0001";"NE_0001";"NE_0001"
"2023";"03";"061106";"CAJAMARCA";"SAN MIGUEL";"LA FLORIDA";"GOBIERNO REGIONAL";"I-3";"00004556";"LA FLORIDA";"NE_0001";"";"NE_0001";"NE_0001";"NE_0001";"NE_0001";"NE_0001";"NE_0001";"NE_0001"
"2023";"04";"220804";"SAN MARTIN";"RIOJA";"NUEVA CAJAMARCA";"GOBIERNO REGIONAL";"I-1";"00006299";"PERLA DAGUAS";"NE_0001";"";"NE_0001";"NE_0001";"NE_0001";"NE_0001";"NE_0001";"NE_0001";"NE_0001"
"2023";"04";"220804";"SAN MARTIN";"RIOJA";"NUEVA CAJAMARCA";"GOBIERNO REGIONAL";"I-3";"00006300";"SAN JUAN RIO SORITOR";"NE_0002";"";"NE_0002";"NE_0002";"NE_0002";"NE_0002";"NE_0002";"NE_0002";"NE_0002"
"2023";"04";"150140";"LIMA";"LIMA";"SANTIAGO DE SURCO";"PRIVADO";"II-E";"00023741";"CLINICA OFTALMO VISSUM";"NE_0001";"";"NE_0001";"NE_0001";"NE_0001";"NE_0001";"NE_0001";"NE_0001";"NE_0001"
"2023";"04";"140101";"LAMBAYEQUE";"CHICLAYO";"CHICLAYO";"PRIVADO";"II-E";"00008151";"CLÍNICA METROPOLITANA";"240000";"HOSPITALIZACIÓN";"190";"183";"197";"466";"24";"744";"1"
"2023";"04";"210101";"PUNO";"PUNO";"PUNO";"PRIVADO";"II-1";"00009685";"CLINICA PUNO";"240100";"HOSPITALIZACIÓN QUIRÚRGICA CIRUGÍA GENERAL ";"11";"11";"24";"27";"4";"120";"0"
"2023";"04";"210101";"PUNO";"PUNO";"PUNO";"PRIVADO";"II-1";"00009685";"CLINICA PUNO";"241400";"HOSPITALIZACIÓN QUIRÚRGICA GINECO - OBSTETRICIA ";"18";"18";"32";"34";"2";"60";"0"
"2023";"04";"210101";"PUNO";"PUNO";"PUNO";"PRIVADO";"II-1";"00009685";"CLINICA PUNO";"241300";"HOSPITALIZACIÓN QUIRÚRGICA UROLOGÍA  ";"3";"3";"18";"20";"1";"30";"0"
"2023";"04";"210101";"PUNO";"PUNO";"PUNO";"PRIVADO";"II-1";"00009685";"CLINICA PUNO";"241200";"HOSPITALIZACIÓN QUIRÚRGICA TRAUMATOLOGÍA Y ORTOPEDIA ";"18";"18";"18";"27";"1";"30";"0"
"2023";"05";"150140";"LIMA";"LIMA";"SANTIAGO DE SURCO";"PRIVADO";"II-2";"00015118";"CLINICA MAISON DE SANTE DEL ESTE";"240000";"HOSPITALIZACIÓN";"92";"108";"832";"579";"35";"1085";"4"
"2023";"05";"150140";"LIMA";"LIMA";"SANTIAGO DE SURCO";"PRIVADO";"II-2";"00015118";"CLINICA MAISON DE SANTE DEL ESTE";"241400";"HOSPITALIZACIÓN QUIRÚRGICA GINECO - OBSTETRICIA ";"27";"27";"51";"53";"4";"124";"0"
"2023";"05";"150140";"LIMA";"LIMA";"SANTIAGO DE SURCO";"PRIVADO";"II-2";"00015118";"CLINICA MAISON DE SANTE DEL ESTE";"250100";"UNIDAD DE CUIDADOS CRITICOS UNIDAD  DE CUIDADOS INTENSIVOS GENERALES (UCI) ";"7";"9";"139";"110";"4";"124";"0"
"2023";"05";"150140";"LIMA";"LIMA";"SANTIAGO DE SURCO";"PRIVADO";"II-2";"00015118";"CLINICA MAISON DE SANTE DEL ESTE";"250105";"UNIDAD DE CUIDADOS CRITICOS UNIDAD  DE CUIDADOS INTENSIVOS  (UCI) NEONATOLOGÍA";"3";"2";"9";"47";"4";"124";"1"
"2023";"05";"130101";"LA LIBERTAD";"TRUJILLO";"TRUJILLO";"PRIVADO";"II-E";"00029964";"OFTALMOCENTER";"NE_0001";"";"NE_0001";"NE_0001";"NE_0001";"NE_0001";"NE_0001";"NE_0001";"NE_0001"
"2023";"05";"120403";"JUNIN";"JAUJA";"APATA";"GOBIERNO REGIONAL";"I-3";"00000409";"APATA";"NE_0001";"";"NE_0001";"NE_0001";"NE_0001";"NE_0001";"NE_0001";"NE_0001";"NE_0001"
"2023";"05";"120403";"JUNIN";"JAUJA";"APATA";"GOBIERNO REGIONAL";"I-1";"00000413";"PAUCAR APATA";"NE_0001";"";"NE_0001";"NE_0001";"NE_0001";"NE_0001";"NE_0001";"NE_0001";"NE_0001"
"2023";"05";"120407";"JUNIN";"JAUJA";"EL MANTARO";"GOBIERNO REGIONAL";"I-1";"00000414";"EL MANTARO";"NE_0001";"";"NE_0001";"NE_0001";"NE_0001";"NE_0001";"NE_0001";"NE_0001";"NE_0001"
"2023";"05";"120403";"JUNIN";"JAUJA";"APATA";"GOBIERNO REGIONAL";"I-1";"00000412";"CHICCHE";"NE_0001";"";"NE_0001";"NE_0001";"NE_0001";"NE_0001";"NE_0001";"NE_0001";"NE_0001"
"2023";"05";"120403";"JUNIN";"JAUJA";"APATA";"GOBIERNO REGIONAL";"I-1";"00000411";"SAN JOSE DE APATA";"NE_0001";"";"NE_0001";"NE_0001";"NE_0001";"NE_0001";"NE_0001";"NE_0001";"NE_0001"
"2023";"05";"120428";"JUNIN";"JAUJA";"SAN LORENZO";"GOBIERNO REGIONAL";"I-1";"00000416";"SAN LORENZO";"NE_0001";"";"NE_0001";"NE_0001";"NE_0001";"NE_0001";"NE_0001";"NE_0001";"NE_0001"
"2023";"05";"120403";"JUNIN";"JAUJA";"APATA";"GOBIERNO REGIONAL";"I-1";"00000410";"NUEVA ESPERANZA";"NE_0001";"";"NE_0001";"NE_0001";"NE_0001";"NE_0001";"NE_0001";"NE_0001";"NE_0001"
"2023";"05";"120408";"JUNIN";"JAUJA";"HUAMALI";"GOBIERNO REGIONAL";"I-2";"00000415";"HUAMALI";"NE_0001";"";"NE_0001";"NE_0001";"NE_0001";"NE_0001";"NE_0001";"NE_0001";"NE_0001"
"2023";"05";"120706";"JUNIN";"TARMA";"PALCA";"GOBIERNO REGIONAL";"I-1";"00000572";"LLACSACACA";"NE_0001";"";"NE_0001";"NE_0001";"NE_0001";"NE_0001";"NE_0001";"NE_0001";"NE_0001"
"2023";"05";"120706";"JUNIN";"TARMA";"PALCA";"GOBIERNO REGIONAL";"I-1";"00000573";"CHIPOCAYO";"NE_0001";"";"NE_0001";"NE_0001";"NE_0001";"NE_0001";"NE_0001";"NE_0001";"NE_0001"
"2023";"05";"120706";"JUNIN";"TARMA";"PALCA";"GOBIERNO REGIONAL";"I-3";"00000569";"PALCA";"NE_0001";"";"NE_0001";"NE_0001";"NE_0001";"NE_0001";"NE_0001";"NE_0001";"NE_0001"
"2023";"05";"120706";"JUNIN";"TARMA";"PALCA";"GOBIERNO REGIONAL";"I-1";"00000574";"YAROCA";"NE_0001";"";"NE_0001";"NE_0001";"NE_0001";"NE_0001";"NE_0001";"NE_0001";"NE_0001"
"2023";"05";"120706";"JUNIN";"TARMA";"PALCA";"GOBIERNO REGIONAL";"I-1";"00000575";"HUARIPAMPA";"NE_0001";"";"NE_0001";"NE_0001";"NE_0001";"NE_0001";"NE_0001";"NE_0001";"NE_0001"
"2023";"05";"120706";"JUNIN";"TARMA";"PALCA";"GOBIERNO REGIONAL";"I-1";"00000570";"ÑAHUIN";"NE_0001";"";"NE_0001";"NE_0001";"NE_0001";"NE_0001";"NE_0001";"NE_0001";"NE_0001"
"2023";"05";"080107";"CUSCO";"CUSCO";"SAYLLA";"GOBIERNO REGIONAL";"I-2";"00002314";"SAYLLA";"NE_0002";"";"NE_0002";"NE_0002";"NE_0002";"NE_0002";"NE_0002";"NE_0002";"NE_0002"
"2023";"05";"080104";"CUSCO";"CUSCO";"SAN JERONIMO";"GOBIERNO REGIONAL";"I-4";"00002300";"SAN JERONIMO";"NE_0002";"";"NE_0002";"NE_0002";"NE_0002";"NE_0002";"NE_0002";"NE_0002";"NE_0002"
"2023";"05";"080206";"CUSCO";"ACOMAYO";"RONDOCAN";"GOBIERNO REGIONAL";"I-3";"00002323";"RONDOCAN";"NE_0002";"";"NE_0002";"NE_0002";"NE_0002";"NE_0002";"NE_0002";"NE_0002";"NE_0002"
"2023";"05";"080105";"CUSCO";"CUSCO";"SAN SEBASTIAN";"GOBIERNO REGIONAL";"I-3";"00002301";"SAN SEBASTIAN";"NE_0002";"";"NE_0002";"NE_0002";"NE_0002";"NE_0002";"NE_0002";"NE_0002";"NE_0002"
"2023";"05";"080104";"CUSCO";"CUSCO";"SAN JERONIMO";"GOBIERNO REGIONAL";"I-1";"00007699";"CONCHACALLE";"NE_0002";"";"NE_0002";"NE_0002";"NE_0002";"NE_0002";"NE_0002";"NE_0002";"NE_0002"
"2023";"05";"080105";"CUSCO";"CUSCO";"SAN SEBASTIAN";"GOBIERNO REGIONAL";"I-3";"00002303";"SANTA ROSA";"NE_0002";"";"NE_0002";"NE_0002";"NE_0002";"NE_0002";"NE_0002";"NE_0002";"NE_0002"
"2023";"07";"120608";"JUNIN";"SATIPO";"RIO TAMBO";"GOBIERNO REGIONAL";"I-1";"00000459";"CUSHIRENI";"NE_0001";"";"NE_0001";"NE_0001";"NE_0001";"NE_0001";"NE_0001";"NE_0001";"NE_0001"
"2023";"07";"120608";"JUNIN";"SATIPO";"RIO TAMBO";"GOBIERNO REGIONAL";"I-1";"00000466";"SANTA ROSITA DE SHIRINTIARI";"NE_0001";"";"NE_0001";"NE_0001";"NE_0001";"NE_0001";"NE_0001";"NE_0001";"NE_0001"
"2023";"07";"120606";"JUNIN";"SATIPO";"PANGOA";"GOBIERNO REGIONAL";"I-1";"00006879";"UNION PUERTO ASHANINKA";"NE_0001";"";"NE_0001";"NE_0001";"NE_0001";"NE_0001";"NE_0001";"NE_0001";"NE_0001"
"2023";"07";"120608";"JUNIN";"SATIPO";"RIO TAMBO";"GOBIERNO REGIONAL";"I-2";"00000474";"QUITENI";"NE_0001";"";"NE_0001";"NE_0001";"NE_0001";"NE_0001";"NE_0001";"NE_0001";"NE_0001"
"2023";"07";"120608";"JUNIN";"SATIPO";"RIO TAMBO";"GOBIERNO REGIONAL";"I-1";"00000461";"SHEVOJA";"NE_0001";"";"NE_0001";"NE_0001";"NE_0001";"NE_0001";"NE_0001";"NE_0001";"NE_0001"
"2023";"07";"120608";"JUNIN";"SATIPO";"RIO TAMBO";"GOBIERNO REGIONAL";"I-2";"00000463";"BOCA CHEMBO";"NE_0001";"";"NE_0001";"NE_0001";"NE_0001";"NE_0001";"NE_0001";"NE_0001";"NE_0001"
"2023";"07";"120608";"JUNIN";"SATIPO";"RIO TAMBO";"GOBIERNO REGIONAL";"I-1";"00000464";"IMPANEKIARI";"NE_0001";"";"NE_0001";"NE_0001";"NE_0001";"NE_0001";"NE_0001";"NE_0001";"NE_0001"
"2023";"07";"120608";"JUNIN";"SATIPO";"RIO TAMBO";"GOBIERNO REGIONAL";"I-2";"00000467";"SHIMA";"NE_0001";"";"NE_0001";"NE_0001";"NE_0001";"NE_0001";"NE_0001";"NE_0001";"NE_0001"
"2023";"07";"120608";"JUNIN";"SATIPO";"RIO TAMBO";"GOBIERNO REGIONAL";"I-3";"00000473";"SAN VICENTE DE CANAAN";"NE_0001";"";"NE_0001";"NE_0001";"NE_0001";"NE_0001";"NE_0001";"NE_0001";"NE_0001"
"2023";"07";"150101";"LIMA";"LIMA";"LIMA";"MINSA";"III-1";"00006206";"NACIONAL  DOS DE MAYO";"241800";"HOSPITALIZACIÓN DE MEDICINA MEDICINA GENERAL ";"474";"518";"6356";"7297";"266";"8246";"34"
"2023";"07";"150101";"LIMA";"LIMA";"LIMA";"MINSA";"III-1";"00006206";"NACIONAL  DOS DE MAYO";"240100";"HOSPITALIZACIÓN QUIRÚRGICA CIRUGÍA GENERAL ";"281";"309";"1654";"2765";"97";"3007";"0"
"2023";"07";"150101";"LIMA";"LIMA";"LIMA";"MINSA";"III-1";"00006206";"NACIONAL  DOS DE MAYO";"241200";"HOSPITALIZACIÓN QUIRÚRGICA TRAUMATOLOGÍA Y ORTOPEDIA ";"50";"50";"795";"353";"32";"992";"0"
"2023";"07";"150101";"LIMA";"LIMA";"LIMA";"MINSA";"III-1";"00006206";"NACIONAL  DOS DE MAYO";"241300";"HOSPITALIZACIÓN QUIRÚRGICA UROLOGÍA  ";"54";"57";"474";"430";"23";"713";"0"
"2023";"07";"150101";"LIMA";"LIMA";"LIMA";"MINSA";"III-1";"00006206";"NACIONAL  DOS DE MAYO";"240900";"HOSPITALIZACIÓN QUIRÚRGICA NEUROCIRUGÍA ";"29";"30";"561";"648";"21";"651";"0"
"2023";"07";"150101";"LIMA";"LIMA";"LIMA";"MINSA";"III-1";"00006206";"NACIONAL  DOS DE MAYO";"241100";"HOSPITALIZACIÓN QUIRÚRGICA OTORRINOLARINGOLOGÍA  ";"10";"9";"39";"51";"2";"62";"0"
"2023";"07";"150101";"LIMA";"LIMA";"LIMA";"MINSA";"III-1";"00006206";"NACIONAL  DOS DE MAYO";"240700";"HOSPITALIZACIÓN QUIRÚRGICA CIRUGÍA PEDIÁTRICA ";"25";"26";"105";"137";"5";"155";"0"
"2023";"07";"150101";"LIMA";"LIMA";"LIMA";"MINSA";"III-1";"00006206";"NACIONAL  DOS DE MAYO";"240200";"HOSPITALIZACIÓN QUIRÚRGICA CIRUGÍA DE CABEZA Y CUELLO / MÁXILO FACIAL ";"29";"30";"151";"83";"10";"310";"0"
"2023";"07";"150101";"LIMA";"LIMA";"LIMA";"MINSA";"III-1";"00006206";"NACIONAL  DOS DE MAYO";"240800";"HOSPITALIZACIÓN QUIRÚRGICA CIRUGÍA PLÁSTICA/RECONSTRUCTIVA/ REPARADORA ";"7";"7";"38";"31";"4";"124";"0"
"2023";"07";"150101";"LIMA";"LIMA";"LIMA";"MINSA";"III-1";"00006206";"NACIONAL  DOS DE MAYO";"241400";"HOSPITALIZACIÓN QUIRÚRGICA GINECO - OBSTETRICIA ";"381";"382";"1107";"1220";"45";"1395";"0"
"2023";"07";"150101";"LIMA";"LIMA";"LIMA";"MINSA";"III-1";"00006206";"NACIONAL  DOS DE MAYO";"243200";"HOSPITALIZACIÓN DE PEDIATRÍA PEDIATRIA NEONATOLOGÍA";"131";"137";"449";"605";"27";"837";"0"
"2023";"07";"150101";"LIMA";"LIMA";"LIMA";"MINSA";"III-1";"00006206";"NACIONAL  DOS DE MAYO";"242300";"HOSPITALIZACIÓN DE PEDIATRÍA  PEDIATRÍA  GENERAL ";"111";"112";"462";"672";"30";"930";"0"
"2023";"07";"150101";"LIMA";"LIMA";"LIMA";"MINSA";"III-1";"00006206";"NACIONAL  DOS DE MAYO";"250100";"UNIDAD DE CUIDADOS CRITICOS UNIDAD  DE CUIDADOS INTENSIVOS GENERALES (UCI) ";"31";"34";"400";"1228";"58";"1798";"25"
"2023";"07";"100501";"HUANUCO";"HUAMALIES";"LLATA";"ESSALUD";"I-3";"00027591";"POSTA MEDICA LLATA";"NE_0001";"";"NE_0001";"NE_0001";"NE_0001";"NE_0001";"NE_0001";"NE_0001";"NE_0001"
"2023";"07";"120105";"JUNIN";"HUANCAYO";"CHACAPAMPA";"GOBIERNO REGIONAL";"I-1";"00000696";"LOS ANGELES";"NE_0002";"";"NE_0002";"NE_0002";"NE_0002";"NE_0002";"NE_0002";"NE_0002";"NE_0002"
"2023";"07";"120112";"JUNIN";"HUANCAYO";"COLCA";"GOBIERNO REGIONAL";"I-2";"00000701";"COLCA";"NE_0002";"";"NE_0002";"NE_0002";"NE_0002";"NE_0002";"NE_0002";"NE_0002";"NE_0002"
"2023";"07";"120105";"JUNIN";"HUANCAYO";"CHACAPAMPA";"GOBIERNO REGIONAL";"I-1";"00000695";"HUACAN";"NE_0002";"";"NE_0002";"NE_0002";"NE_0002";"NE_0002";"NE_0002";"NE_0002";"NE_0002"
"2023";"05";"240201";"TUMBES";"CONTRALMIRANTE VILLAR";"ZORRITOS";"ESSALUD";"I-2";"00012273";"POSTA MEDICA ZORRITOS";"NE_0001";"";"NE_0001";"NE_0001";"NE_0001";"NE_0001";"NE_0001";"NE_0001";"NE_0001"
"2023";"08";"160101";"LORETO";"MAYNAS";"IQUITOS";"PRIVADO";"I-3";"00012075";"SARLOR";"NE_0002";"";"NE_0002";"NE_0002";"NE_0002";"NE_0002";"NE_0002";"NE_0002";"NE_0002"
"2023";"08";"090208";"HUANCAVELICA";"ACOBAMBA";"ROSARIO";"GOBIERNO REGIONAL";"I-3";"00003938";"CENTRO DE SALUD PUCA CRUZ";"NE_0001";"";"NE_0001";"NE_0001";"NE_0001";"NE_0001";"NE_0001";"NE_0001";"NE_0001"
"2023";"08";"090208";"HUANCAVELICA";"ACOBAMBA";"ROSARIO";"GOBIERNO REGIONAL";"I-2";"00003942";"PUESTO DE SALUD CHANQUIL";"NE_0001";"";"NE_0001";"NE_0001";"NE_0001";"NE_0001";"NE_0001";"NE_0001";"NE_0001"
"2023";"08";"090208";"HUANCAVELICA";"ACOBAMBA";"ROSARIO";"GOBIERNO REGIONAL";"I-1";"00007418";"PUESTO DE SALUD DE LECCLESPAMPA";"NE_0001";"";"NE_0001";"NE_0001";"NE_0001";"NE_0001";"NE_0001";"NE_0001";"NE_0001"
"2023";"08";"090208";"HUANCAVELICA";"ACOBAMBA";"ROSARIO";"GOBIERNO REGIONAL";"I-1";"00009693";"PUESTO DE SALUD DE PUNCHAYPAMPA";"NE_0001";"";"NE_0001";"NE_0001";"NE_0001";"NE_0001";"NE_0001";"NE_0001";"NE_0001"
"2023";"08";"090208";"HUANCAVELICA";"ACOBAMBA";"ROSARIO";"GOBIERNO REGIONAL";"I-1";"00009706";"PUESTO DE SALUD TORORUMI";"NE_0001";"";"NE_0001";"NE_0001";"NE_0001";"NE_0001";"NE_0001";"NE_0001";"NE_0001"
"2023";"08";"090208";"HUANCAVELICA";"ACOBAMBA";"ROSARIO";"GOBIERNO REGIONAL";"I-1";"00011231";"PUESTO DE SALUD  SANTA ROSA DE ACCOMACHAY";"NE_0001";"";"NE_0001";"NE_0001";"NE_0001";"NE_0001";"NE_0001";"NE_0001";"NE_0001"
"2023";"08";"090208";"HUANCAVELICA";"ACOBAMBA";"ROSARIO";"GOBIERNO REGIONAL";"I-1";"00009503";"PUESTO DE SALUD DE VILLA MANTARO";"NE_0001";"";"NE_0001";"NE_0001";"NE_0001";"NE_0001";"NE_0001";"NE_0001";"NE_0001"
"2023";"08";"090208";"HUANCAVELICA";"ACOBAMBA";"ROSARIO";"GOBIERNO REGIONAL";"I-1";"00007372";"PUESTO DE SALUD LLIPLLINA";"NE_0001";"";"NE_0001";"NE_0001";"NE_0001";"NE_0001";"NE_0001";"NE_0001";"NE_0001"
"2023";"08";"090208";"HUANCAVELICA";"ACOBAMBA";"ROSARIO";"GOBIERNO REGIONAL";"I-2";"00003937";"PUESTO DE SALUD ROSARIO";"NE_0001";"";"NE_0001";"NE_0001";"NE_0001";"NE_0001";"NE_0001";"NE_0001";"NE_0001"
"2023";"08";"090208";"HUANCAVELICA";"ACOBAMBA";"ROSARIO";"GOBIERNO REGIONAL";"I-1";"00009710";"PUESTO  DE SALUD ICHUPAMPA";"NE_0001";"";"NE_0001";"NE_0001";"NE_0001";"NE_0001";"NE_0001";"NE_0001";"NE_0001"
"2023";"08";"220501";"SAN MARTIN";"LAMAS";"LAMAS";"GOBIERNO REGIONAL";"II-E";"00006352";"HOSPITAL II-E LAMAS";"241400";"HOSPITALIZACIÓN QUIRÚRGICA GINECO - OBSTETRICIA ";"17";"17";"30";"30";"6";"186";"0"
"2023";"03";"150101";"LIMA";"LIMA";"LIMA";"MINSA";"III-E";"00006215";"HOSPITAL NACIONAL DOCENTE MADRE NIÑO SAN BARTOLOME";"240100";"HOSPITALIZACIÓN QUIRÚRGICA CIRUGÍA GENERAL ";"75";"82";"588";"751";"32";"975";"0"
"2023";"03";"150101";"LIMA";"LIMA";"LIMA";"MINSA";"III-E";"00006215";"HOSPITAL NACIONAL DOCENTE MADRE NIÑO SAN BARTOLOME";"241400";"HOSPITALIZACIÓN QUIRÚRGICA GINECO - OBSTETRICIA ";"89";"3";"6";"160";"5";"168";"0"
"2023";"03";"150101";"LIMA";"LIMA";"LIMA";"MINSA";"III-E";"00006215";"HOSPITAL NACIONAL DOCENTE MADRE NIÑO SAN BARTOLOME";"241500";"HOSPITALIZACIÓN QUIRÚRGICA GINECOLOGÍA  ";"109";"118";"374";"360";"18";"558";"0"
"2023";"03";"150101";"LIMA";"LIMA";"LIMA";"MINSA";"III-E";"00006215";"HOSPITAL NACIONAL DOCENTE MADRE NIÑO SAN BARTOLOME";"241600";"HOSPITALIZACIÓN QUIRÚRGICA OBSTETRICIA   ";"406";"482";"1462";"1491";"67";"2077";"0"
"2023";"03";"150101";"LIMA";"LIMA";"LIMA";"MINSA";"III-E";"00006215";"HOSPITAL NACIONAL DOCENTE MADRE NIÑO SAN BARTOLOME";"242100";"HOSPITALIZACIÓN DE MEDICINA ONCOLOGÍA MÉDICA ";"34";"37";"69";"70";"4";"124";"0"
"2023";"03";"150101";"LIMA";"LIMA";"LIMA";"MINSA";"III-E";"00006215";"HOSPITAL NACIONAL DOCENTE MADRE NIÑO SAN BARTOLOME";"242500";"HOSPITALIZACIÓN-PEDIATRÍA GENERAL-";"44";"53";"788";"735";"28";"870";"1"
"2023";"03";"150101";"LIMA";"LIMA";"LIMA";"MINSA";"III-E";"00006215";"HOSPITAL NACIONAL DOCENTE MADRE NIÑO SAN BARTOLOME";"243200";"HOSPITALIZACIÓN DE PEDIATRÍA PEDIATRIA NEONATOLOGÍA";"67";"79";"797";"1068";"34";"1068";"4"
"2023";"03";"150101";"LIMA";"LIMA";"LIMA";"MINSA";"III-E";"00006215";"HOSPITAL NACIONAL DOCENTE MADRE NIÑO SAN BARTOLOME";"250102";"UNIDAD DE CUIDADOS CRITICOS UNIDAD  DE CUIDADOS INTENSIVOS GENERALES (UCI) GINECO-OBSTETRICIA";"3";"2";"3";"26";"3";"93";"0"
"2023";"03";"150101";"LIMA";"LIMA";"LIMA";"MINSA";"III-E";"00006215";"HOSPITAL NACIONAL DOCENTE MADRE NIÑO SAN BARTOLOME";"250105";"UNIDAD DE CUIDADOS CRITICOS UNIDAD  DE CUIDADOS INTENSIVOS  (UCI) NEONATOLOGÍA";"8";"1";"2";"350";"12";"372";"0"
"2023";"03";"150101";"LIMA";"LIMA";"LIMA";"MINSA";"III-E";"00006215";"HOSPITAL NACIONAL DOCENTE MADRE NIÑO SAN BARTOLOME";"250108";"UNIDAD DE CUIDADOS CRITICOS UNIDAD  DE CUIDADOS INTENSIVOS  (UCI) PEDIÁTRICA";"5";"1";"4";"200";"7";"215";"1"
"2023";"04";"150119";"LIMA";"LIMA";"LURIN";"ESSALUD";"I-3";"00009979";"CENTRO DE ATENCION PRIMARIA II LURIN";"NE_0001";"";"NE_0001";"NE_0001";"NE_0001";"NE_0001";"NE_0001";"NE_0001";"NE_0001"
"2023";"04";"050115";"AYACUCHO";"HUAMANGA";"JESUS NAZARENO";"PRIVADO";"I-3";"00028119";"EL GALENO";"NE_0001";"";"NE_0001";"NE_0001";"NE_0001";"NE_0001";"NE_0001";"NE_0001";"NE_0001"
"2023";"04";"040101";"AREQUIPA";"AREQUIPA";"AREQUIPA";"GOBIERNO REGIONAL";"III-1";"00001232";"HOSPITAL GOYENECHE";"241900";"HOSPITALIZACIÓN DE MEDICINA MEDICINA INTERNA ";"106";"102";"1305";"1275";"53";"1643";"19"
"2023";"04";"040101";"AREQUIPA";"AREQUIPA";"AREQUIPA";"GOBIERNO REGIONAL";"III-1";"00001232";"HOSPITAL GOYENECHE";"240100";"HOSPITALIZACIÓN QUIRÚRGICA CIRUGÍA GENERAL ";"157";"163";"1252";"1255";"48";"1488";"0"
"2023";"04";"040101";"AREQUIPA";"AREQUIPA";"AREQUIPA";"GOBIERNO REGIONAL";"III-1";"00001232";"HOSPITAL GOYENECHE";"240000";"HOSPITALIZACIÓN";"74";"75";"976";"861";"30";"930";"0"
"2023";"04";"040101";"AREQUIPA";"AREQUIPA";"AREQUIPA";"GOBIERNO REGIONAL";"III-1";"00001232";"HOSPITAL GOYENECHE";"242100";"HOSPITALIZACIÓN DE MEDICINA ONCOLOGÍA MÉDICA ";"71";"69";"347";"347";"22";"682";"1"
"2023";"04";"040101";"AREQUIPA";"AREQUIPA";"AREQUIPA";"GOBIERNO REGIONAL";"III-1";"00001232";"HOSPITAL GOYENECHE";"242500";"HOSPITALIZACIÓN-PEDIATRÍA GENERAL-";"81";"83";"277";"284";"28";"868";"0"
"2023";"04";"040101";"AREQUIPA";"AREQUIPA";"AREQUIPA";"GOBIERNO REGIONAL";"III-1";"00001232";"HOSPITAL GOYENECHE";"240700";"HOSPITALIZACIÓN QUIRÚRGICA CIRUGÍA PEDIÁTRICA ";"32";"37";"198";"182";"7";"217";"0"
"2023";"04";"040101";"AREQUIPA";"AREQUIPA";"AREQUIPA";"GOBIERNO REGIONAL";"III-1";"00001232";"HOSPITAL GOYENECHE";"243200";"HOSPITALIZACIÓN DE PEDIATRÍA PEDIATRIA NEONATOLOGÍA";"108";"123";"513";"424";"15";"465";"0"
"2023";"04";"040101";"AREQUIPA";"AREQUIPA";"AREQUIPA";"GOBIERNO REGIONAL";"III-1";"00001232";"HOSPITAL GOYENECHE";"241500";"HOSPITALIZACIÓN QUIRÚRGICA GINECOLOGÍA  ";"203";"196";"504";"507";"20";"620";"0"
"2023";"04";"040101";"AREQUIPA";"AREQUIPA";"AREQUIPA";"GOBIERNO REGIONAL";"III-1";"00001232";"HOSPITAL GOYENECHE";"241600";"HOSPITALIZACIÓN QUIRÚRGICA OBSTETRICIA   ";"270";"275";"874";"761";"36";"1116";"0"
"2023";"04";"040101";"AREQUIPA";"AREQUIPA";"AREQUIPA";"GOBIERNO REGIONAL";"III-1";"00001232";"HOSPITAL GOYENECHE";"250100";"UNIDAD DE CUIDADOS CRITICOS UNIDAD  DE CUIDADOS INTENSIVOS GENERALES (UCI) ";"3";"3";"54";"165";"6";"186";"2"
"2023";"04";"040101";"AREQUIPA";"AREQUIPA";"AREQUIPA";"GOBIERNO REGIONAL";"III-1";"00001232";"HOSPITAL GOYENECHE";"250105";"UNIDAD DE CUIDADOS CRITICOS UNIDAD  DE CUIDADOS INTENSIVOS  (UCI) NEONATOLOGÍA";"16";"1";"6";"163";"6";"186";"1"
"2023";"04";"040101";"AREQUIPA";"AREQUIPA";"AREQUIPA";"GOBIERNO REGIONAL";"III-1";"00001232";"HOSPITAL GOYENECHE";"250000";"UNIDAD DE CUIDADOS CRITICOS  ";"0";"2";"57";"7";"13";"78";"0"
"2023";"03";"200601";"PIURA";"SULLANA";"SULLANA";"PRIVADO";"II-1";"00012261";"CLINICA INMACULADA";"240000";"HOSPITALIZACIÓN";"115";"113";"179";"160";"30";"900";"0"
"2023";"04";"080601";"CUSCO";"CANCHIS";"SICUANI";"GOBIERNO REGIONAL";"I-4";"00002380";"TECHO OBRERO";"NE_0001";"";"NE_0001";"NE_0001";"NE_0001";"NE_0001";"NE_0001";"NE_0001";"NE_0001"
"2023";"04";"080604";"CUSCO";"CANCHIS";"MARANGANI";"GOBIERNO REGIONAL";"I-1";"00002389";"CHECTUYOC";"NE_0001";"";"NE_0001";"NE_0001";"NE_0001";"NE_0001";"NE_0001";"NE_0001";"NE_0001"
"2023";"04";"080504";"CUSCO";"CANAS";"LANGUI";"GOBIERNO REGIONAL";"I-2";"00002369";"LANGUI";"NE_0001";"";"NE_0001";"NE_0001";"NE_0001";"NE_0001";"NE_0001";"NE_0001";"NE_0001"
"2023";"04";"080604";"CUSCO";"CANCHIS";"MARANGANI";"GOBIERNO REGIONAL";"I-1";"00002390";"CCUYO";"NE_0001";"";"NE_0001";"NE_0001";"NE_0001";"NE_0001";"NE_0001";"NE_0001";"NE_0001"
"2023";"04";"080604";"CUSCO";"CANCHIS";"MARANGANI";"GOBIERNO REGIONAL";"I-2";"00002391";"OCCOBAMBA MARANGANI";"NE_0001";"";"NE_0001";"NE_0001";"NE_0001";"NE_0001";"NE_0001";"NE_0001";"NE_0001"
"2023";"04";"080601";"CUSCO";"CANCHIS";"SICUANI";"GOBIERNO REGIONAL";"I-1";"00002379";"HERCCA";"NE_0001";"";"NE_0001";"NE_0001";"NE_0001";"NE_0001";"NE_0001";"NE_0001";"NE_0001"
"2023";"04";"080504";"CUSCO";"CANAS";"LANGUI";"GOBIERNO REGIONAL";"I-1";"00002370";"CONDEVILUYO";"NE_0001";"";"NE_0001";"NE_0001";"NE_0001";"NE_0001";"NE_0001";"NE_0001";"NE_0001"
"2023";"04";"080505";"CUSCO";"CANAS";"LAYO";"GOBIERNO REGIONAL";"I-3";"00002371";"LAYO";"NE_0001";"";"NE_0001";"NE_0001";"NE_0001";"NE_0001";"NE_0001";"NE_0001";"NE_0001"
"2023";"04";"080604";"CUSCO";"CANCHIS";"MARANGANI";"GOBIERNO REGIONAL";"I-3";"00002388";"MARANGANI";"NE_0001";"";"NE_0001";"NE_0001";"NE_0001";"NE_0001";"NE_0001";"NE_0001";"NE_0001"
"2023";"04";"080914";"CUSCO";"LA CONVENCION";"MEGANTONI";"GOBIERNO REGIONAL";"I-2";"00002435";"MIARIA";"NE_0001";"";"NE_0001";"NE_0001";"NE_0001";"NE_0001";"NE_0001";"NE_0001";"NE_0001"
"2023";"04";"080914";"CUSCO";"LA CONVENCION";"MEGANTONI";"GOBIERNO REGIONAL";"I-2";"00002445";"TIMPIA";"NE_0001";"";"NE_0001";"NE_0001";"NE_0001";"NE_0001";"NE_0001";"NE_0001";"NE_0001"
"2023";"04";"080914";"CUSCO";"LA CONVENCION";"MEGANTONI";"GOBIERNO REGIONAL";"I-1";"00013067";"TANGOSHIARI";"NE_0001";"";"NE_0001";"NE_0001";"NE_0001";"NE_0001";"NE_0001";"NE_0001";"NE_0001"
"2023";"04";"080914";"CUSCO";"LA CONVENCION";"MEGANTONI";"GOBIERNO REGIONAL";"I-1";"00015235";"NUEVA VIDA";"NE_0001";"";"NE_0001";"NE_0001";"NE_0001";"NE_0001";"NE_0001";"NE_0001";"NE_0001"
"2023";"04";"080914";"CUSCO";"LA CONVENCION";"MEGANTONI";"GOBIERNO REGIONAL";"I-1";"00002436";"NUEVA LUZ";"NE_0001";"";"NE_0001";"NE_0001";"NE_0001";"NE_0001";"NE_0001";"NE_0001";"NE_0001"
"2023";"04";"080914";"CUSCO";"LA CONVENCION";"MEGANTONI";"GOBIERNO REGIONAL";"I-1";"00013066";"MONTETONI";"NE_0001";"";"NE_0001";"NE_0001";"NE_0001";"NE_0001";"NE_0001";"NE_0001";"NE_0001"
"2023";"04";"080914";"CUSCO";"LA CONVENCION";"MEGANTONI";"GOBIERNO REGIONAL";"I-1";"00015843";"CASHIRIARI";"NE_0001";"";"NE_0001";"NE_0001";"NE_0001";"NE_0001";"NE_0001";"NE_0001";"NE_0001"
"2023";"04";"080914";"CUSCO";"LA CONVENCION";"MEGANTONI";"GOBIERNO REGIONAL";"I-1";"00015844";"CAMANA";"NE_0001";"";"NE_0001";"NE_0001";"NE_0001";"NE_0001";"NE_0001";"NE_0001";"NE_0001"
"2023";"04";"080914";"CUSCO";"LA CONVENCION";"MEGANTONI";"GOBIERNO REGIONAL";"I-2";"00002437";"NUEVO MUNDO";"NE_0001";"";"NE_0001";"NE_0001";"NE_0001";"NE_0001";"NE_0001";"NE_0001";"NE_0001"
"2023";"04";"080914";"CUSCO";"LA CONVENCION";"MEGANTONI";"GOBIERNO REGIONAL";"I-1";"00002428";"CHOCORIARI";"NE_0001";"";"NE_0001";"NE_0001";"NE_0001";"NE_0001";"NE_0001";"NE_0001";"NE_0001"
"2023";"04";"080914";"CUSCO";"LA CONVENCION";"MEGANTONI";"GOBIERNO REGIONAL";"I-1";"00002441";"PUERTO HUALLANA";"NE_0001";"";"NE_0001";"NE_0001";"NE_0001";"NE_0001";"NE_0001";"NE_0001";"NE_0001"
"2023";"04";"080914";"CUSCO";"LA CONVENCION";"MEGANTONI";"GOBIERNO REGIONAL";"I-1";"00002442";"PUERTO RICO";"NE_0001";"";"NE_0001";"NE_0001";"NE_0001";"NE_0001";"NE_0001";"NE_0001";"NE_0001"
"2023";"04";"080914";"CUSCO";"LA CONVENCION";"MEGANTONI";"GOBIERNO REGIONAL";"I-2";"00002452";"SHIVANKORENI";"NE_0001";"";"NE_0001";"NE_0001";"NE_0001";"NE_0001";"NE_0001";"NE_0001";"NE_0001"
"2023";"04";"080914";"CUSCO";"LA CONVENCION";"MEGANTONI";"GOBIERNO REGIONAL";"I-3";"00002426";"KIRIGUETI";"NE_0001";"";"NE_0001";"NE_0001";"NE_0001";"NE_0001";"NE_0001";"NE_0001";"NE_0001"
"2023";"04";"080914";"CUSCO";"LA CONVENCION";"MEGANTONI";"GOBIERNO REGIONAL";"I-1";"00002444";"SENSA";"NE_0001";"";"NE_0001";"NE_0001";"NE_0001";"NE_0001";"NE_0001";"NE_0001";"NE_0001"
"2023";"04";"080914";"CUSCO";"LA CONVENCION";"MEGANTONI";"GOBIERNO REGIONAL";"I-4";"00002448";"KAMISEA";"NE_0001";"";"NE_0001";"NE_0001";"NE_0001";"NE_0001";"NE_0001";"NE_0001";"NE_0001"
"2023";"04";"040703";"AREQUIPA";"ISLAY";"DEAN VALDIVIA";"GOBIERNO REGIONAL";"I-3";"00001449";"CENTRO DE SALUD LA CURVA";"NE_0001";"";"NE_0001";"NE_0001";"NE_0001";"NE_0001";"NE_0001";"NE_0001";"NE_0001"
"2023";"04";"040703";"AREQUIPA";"ISLAY";"DEAN VALDIVIA";"GOBIERNO REGIONAL";"I-2";"00001450";"PUESTO DE SALUD ALTO ENSENADA";"NE_0001";"";"NE_0001";"NE_0001";"NE_0001";"NE_0001";"NE_0001";"NE_0001";"NE_0001"
"2023";"04";"040703";"AREQUIPA";"ISLAY";"DEAN VALDIVIA";"GOBIERNO REGIONAL";"I-2";"00001451";"PUESTO DE SALUD EL ARENAL";"NE_0001";"";"NE_0001";"NE_0001";"NE_0001";"NE_0001";"NE_0001";"NE_0001";"NE_0001"
"2023";"04";"040706";"AREQUIPA";"ISLAY";"PUNTA DE BOMBON";"GOBIERNO REGIONAL";"I-3";"00001446";"CENTRO DE SALUD LA PUNTA";"NE_0001";"";"NE_0001";"NE_0001";"NE_0001";"NE_0001";"NE_0001";"NE_0001";"NE_0001"
"2023";"04";"040702";"AREQUIPA";"ISLAY";"COCACHACRA";"GOBIERNO REGIONAL";"I-3";"00001445";"CENTRO DE SALUD COCACHACRA";"NE_0001";"";"NE_0001";"NE_0001";"NE_0001";"NE_0001";"NE_0001";"NE_0001";"NE_0001"
"2023";"04";"040702";"AREQUIPA";"ISLAY";"COCACHACRA";"GOBIERNO REGIONAL";"I-1";"00001453";"PUESTO DE SALUD EL TORO";"NE_0001";"";"NE_0001";"NE_0001";"NE_0001";"NE_0001";"NE_0001";"NE_0001";"NE_0001"
"2023";"04";"040702";"AREQUIPA";"ISLAY";"COCACHACRA";"GOBIERNO REGIONAL";"I-2";"00001454";"PUESTO DE SALUD LA PASCANA";"NE_0001";"";"NE_0001";"NE_0001";"NE_0001";"NE_0001";"NE_0001";"NE_0001";"NE_0001"
"2023";"04";"040702";"AREQUIPA";"ISLAY";"COCACHACRA";"GOBIERNO REGIONAL";"I-2";"00001452";"PUESTO DE SALUD EL FISCAL";"NE_0001";"";"NE_0001";"NE_0001";"NE_0001";"NE_0001";"NE_0001";"NE_0001";"NE_0001"
"2023";"05";"220501";"SAN MARTIN";"LAMAS";"LAMAS";"GOBIERNO REGIONAL";"II-E";"00006352";"HOSPITAL II-E LAMAS";"241600";"HOSPITALIZACIÓN QUIRÚRGICA OBSTETRICIA   ";"16";"16";"23";"23";"6";"186";"0"
"2023";"05";"220501";"SAN MARTIN";"LAMAS";"LAMAS";"GOBIERNO REGIONAL";"II-E";"00006352";"HOSPITAL II-E LAMAS";"241800";"HOSPITALIZACIÓN DE MEDICINA MEDICINA GENERAL ";"40";"47";"237";"237";"14";"434";"0"
"2023";"05";"180104";"MOQUEGUA";"MARISCAL NIETO";"SAMEGUA";"SANIDAD DE LA POLICIA NACIONAL DEL PERU";"I-2";"00015236";"POSTA MEDICA POLICIAL MOQUEGUA";"NE_0001";"";"NE_0001";"NE_0001";"NE_0001";"NE_0001";"NE_0001";"NE_0001";"NE_0001"
"2023";"05";"230101";"TACNA";"TACNA";"TACNA";"SANIDAD DE LA POLICIA NACIONAL DEL PERU";"I-3";"00011528";"POLICLINICO POLICIAL TACNA";"NE_0001";"";"NE_0001";"NE_0001";"NE_0001";"NE_0001";"NE_0001";"NE_0001";"NE_0001"
"2023";"05";"150122";"LIMA";"LIMA";"MIRAFLORES";"PRIVADO";"II-E";"00019671";"CLINICA RENACER";"NE_0002";"";"NE_0002";"NE_0002";"NE_0002";"NE_0002";"NE_0002";"NE_0002";"NE_0002"
"2023";"05";"160101";"LORETO";"MAYNAS";"IQUITOS";"ESSALUD";"I-3";"00011408";"CAP III IQUITOS";"NE_0001";"";"NE_0001";"NE_0001";"NE_0001";"NE_0001";"NE_0001";"NE_0001";"NE_0001"
"2023";"05";"150128";"LIMA";"LIMA";"RIMAC";"SANIDAD DE LA POLICIA NACIONAL DEL PERU";"II-1";"00016094";"HOSPITAL PNP ""AUGUSTO B. LEGUIA""";"240100";"HOSPITALIZACIÓN QUIRÚRGICA CIRUGÍA GENERAL ";"14";"14";"78";"77";"22";"682";"0"
"2023";"05";"150128";"LIMA";"LIMA";"RIMAC";"SANIDAD DE LA POLICIA NACIONAL DEL PERU";"II-1";"00016094";"HOSPITAL PNP ""AUGUSTO B. LEGUIA""";"241800";"HOSPITALIZACIÓN DE MEDICINA MEDICINA GENERAL ";"71";"81";"480";"369";"39";"1209";"0"
"2023";"05";"200104";"PIURA";"PIURA";"CASTILLA";"ESSALUD";"II-E";"00016363";"INSTITUTO PERUANO DE OFTALMOLOGIA";"240000";"HOSPITALIZACIÓN";"24";"24";"42";"6";"6";"186";"0"
"2023";"04";"250302";"UCAYALI";"PADRE ABAD";"IRAZOLA";"GOBIERNO REGIONAL";"I-1";"00030641";"PUESTO DE SALUD DE SHANANTIA";"NE_0002";"";"NE_0002";"NE_0002";"NE_0002";"NE_0002";"NE_0002";"NE_0002";"NE_0002"
"2023";"04";"250302";"UCAYALI";"PADRE ABAD";"IRAZOLA";"GOBIERNO REGIONAL";"I-1";"00010765";"PUERTO NUEVO";"NE_0001";"";"NE_0001";"NE_0001";"NE_0001";"NE_0001";"NE_0001";"NE_0001";"NE_0001"
"2023";"04";"250302";"UCAYALI";"PADRE ABAD";"IRAZOLA";"GOBIERNO REGIONAL";"I-1";"00005413";"NUEVO TAHUANTINSUYO";"NE_0001";"";"NE_0001";"NE_0001";"NE_0001";"NE_0001";"NE_0001";"NE_0001";"NE_0001"
"2023";"05";"060805";"CAJAMARCA";"JAEN";"HUABAL";"GOBIERNO REGIONAL";"I-1";"00004242";"SAN FRANCISCO DE ASIS";"NE_0001";"";"NE_0001";"NE_0001";"NE_0001";"NE_0001";"NE_0001";"NE_0001";"NE_0001"
"2023";"05";"060805";"CAJAMARCA";"JAEN";"HUABAL";"GOBIERNO REGIONAL";"I-1";"00024938";"SAN PABLO";"NE_0001";"";"NE_0001";"NE_0001";"NE_0001";"NE_0001";"NE_0001";"NE_0001";"NE_0001"
"2023";"02";"200101";"PIURA";"PIURA";"PIURA";"PRIVADO";"III-E";"00013727";"INSTITUTO MEDICO ESPECIALIZADO EN DIABETES SOY DIABETICO EIRL";"240000";"HOSPITALIZACIÓN";"11";"11";"21";"23";"4";"112";"0"
"2023";"06";"010201";"AMAZONAS";"BAGUA";"BAGUA";"ESSALUD";"II-1";"00009068";"HOSPITAL I HEROES DEL CENEPA";"241800";"HOSPITALIZACIÓN DE MEDICINA MEDICINA GENERAL ";"42";"42";"119";"84";"4";"120";"0"
"2023";"06";"010201";"AMAZONAS";"BAGUA";"BAGUA";"ESSALUD";"II-1";"00009068";"HOSPITAL I HEROES DEL CENEPA";"240100";"HOSPITALIZACIÓN QUIRÚRGICA CIRUGÍA GENERAL ";"15";"15";"49";"43";"3";"90";"0"
"2023";"06";"010201";"AMAZONAS";"BAGUA";"BAGUA";"ESSALUD";"II-1";"00009068";"HOSPITAL I HEROES DEL CENEPA";"241500";"HOSPITALIZACIÓN QUIRÚRGICA GINECOLOGÍA  ";"21";"21";"78";"77";"3";"90";"0"
"2023";"06";"010201";"AMAZONAS";"BAGUA";"BAGUA";"ESSALUD";"II-1";"00009068";"HOSPITAL I HEROES DEL CENEPA";"242300";"HOSPITALIZACIÓN DE PEDIATRÍA  PEDIATRÍA  GENERAL ";"22";"22";"66";"76";"3";"90";"0"
"2023";"06";"051002";"AYACUCHO";"VICTOR FAJARDO";"ALCAMENCA";"GOBIERNO REGIONAL";"I-1";"00003510";"PUESTO DE SALUD CARAMPA";"NE_0001";"";"NE_0001";"NE_0001";"NE_0001";"NE_0001";"NE_0001";"NE_0001";"NE_0001"
"2023";"06";"150101";"LIMA";"LIMA";"LIMA";"OTRO";"III-2";"00027929";"INSTITUTO DE MEDICINA LEGAL DEL PERÚ";"NE_0001";"";"NE_0001";"NE_0001";"NE_0001";"NE_0001";"NE_0001";"NE_0001";"NE_0001"
"2023";"06";"200101";"PIURA";"PIURA";"PIURA";"PRIVADO";"III-E";"00013727";"INSTITUTO MEDICO ESPECIALIZADO EN DIABETES SOY DIABETICO EIRL";"240000";"HOSPITALIZACIÓN";"10";"10";"25";"23";"4";"120";"0"
"2023";"06";"200104";"PIURA";"PIURA";"CASTILLA";"ESSALUD";"II-E";"00016363";"INSTITUTO PERUANO DE OFTALMOLOGIA";"240000";"HOSPITALIZACIÓN";"93";"93";"98";"102";"6";"180";"0"
"2023";"06";"050201";"AYACUCHO";"CANGALLO";"CANGALLO";"GOBIERNO REGIONAL";"II-1";"00003494";"HOSPITAL DE APOYO CANGALLO";"240100";"HOSPITALIZACIÓN QUIRÚRGICA CIRUGÍA GENERAL ";"15";"16";"52";"41";"4";"124";"0"
"2023";"06";"050201";"AYACUCHO";"CANGALLO";"CANGALLO";"GOBIERNO REGIONAL";"II-1";"00003494";"HOSPITAL DE APOYO CANGALLO";"241400";"HOSPITALIZACIÓN QUIRÚRGICA GINECO - OBSTETRICIA ";"13";"14";"29";"15";"2";"62";"0"
"2023";"06";"050201";"AYACUCHO";"CANGALLO";"CANGALLO";"GOBIERNO REGIONAL";"II-1";"00003494";"HOSPITAL DE APOYO CANGALLO";"241600";"HOSPITALIZACIÓN QUIRÚRGICA OBSTETRICIA   ";"1";"1";"6";"6";"6";"186";"0"
"2023";"06";"050201";"AYACUCHO";"CANGALLO";"CANGALLO";"GOBIERNO REGIONAL";"II-1";"00003494";"HOSPITAL DE APOYO CANGALLO";"241800";"HOSPITALIZACIÓN DE MEDICINA MEDICINA GENERAL ";"6";"7";"35";"21";"4";"124";"1"
"2023";"06";"050201";"AYACUCHO";"CANGALLO";"CANGALLO";"GOBIERNO REGIONAL";"II-1";"00003494";"HOSPITAL DE APOYO CANGALLO";"242200";"HOSPITALIZACIÓN DE MEDICINA PSIQUIATRÍA ";"0";"4";"111";"37";"5";"185";"0"
"2023";"06";"050201";"AYACUCHO";"CANGALLO";"CANGALLO";"GOBIERNO REGIONAL";"II-1";"00003494";"HOSPITAL DE APOYO CANGALLO";"243200";"HOSPITALIZACIÓN DE PEDIATRÍA PEDIATRIA NEONATOLOGÍA";"3";"3";"6";"5";"4";"124";"0"
"2023";"03";"130102";"LA LIBERTAD";"TRUJILLO";"EL PORVENIR";"GOBIERNO REGIONAL";"II-1";"00005209";"HOSPITAL DISTRITAL DE EL PORVENIR SANTA ISABEL";"241800";"HOSPITALIZACIÓN DE MEDICINA MEDICINA GENERAL ";"12";"15";"72";"259";"6";"186";"0"
"2023";"03";"130102";"LA LIBERTAD";"TRUJILLO";"EL PORVENIR";"GOBIERNO REGIONAL";"II-1";"00005209";"HOSPITAL DISTRITAL DE EL PORVENIR SANTA ISABEL";"243200";"HOSPITALIZACIÓN DE PEDIATRÍA PEDIATRIA NEONATOLOGÍA";"15";"15";"68";"68";"8";"248";"0"
"2023";"03";"130102";"LA LIBERTAD";"TRUJILLO";"EL PORVENIR";"GOBIERNO REGIONAL";"II-1";"00005209";"HOSPITAL DISTRITAL DE EL PORVENIR SANTA ISABEL";"242300";"HOSPITALIZACIÓN DE PEDIATRÍA  PEDIATRÍA  GENERAL ";"5";"5";"10";"10";"3";"93";"0"
"2023";"03";"130102";"LA LIBERTAD";"TRUJILLO";"EL PORVENIR";"GOBIERNO REGIONAL";"II-1";"00005209";"HOSPITAL DISTRITAL DE EL PORVENIR SANTA ISABEL";"241400";"HOSPITALIZACIÓN QUIRÚRGICA GINECO - OBSTETRICIA ";"50";"53";"73";"73";"10";"310";"0"
"2023";"03";"130102";"LA LIBERTAD";"TRUJILLO";"EL PORVENIR";"GOBIERNO REGIONAL";"II-1";"00005209";"HOSPITAL DISTRITAL DE EL PORVENIR SANTA ISABEL";"241500";"HOSPITALIZACIÓN QUIRÚRGICA GINECOLOGÍA  ";"17";"15";"36";"36";"3";"93";"0"
"2023";"03";"130101";"LA LIBERTAD";"TRUJILLO";"TRUJILLO";"GOBIERNO REGIONAL";"III-1";"00005196";"REGIONAL DOCENTE DE TRUJILLO";"241900";"HOSPITALIZACIÓN DE MEDICINA MEDICINA INTERNA ";"145";"139";"1549";"995";"33";"1023";"24"
"2023";"03";"130101";"LA LIBERTAD";"TRUJILLO";"TRUJILLO";"GOBIERNO REGIONAL";"III-1";"00005196";"REGIONAL DOCENTE DE TRUJILLO";"245300";"HOSPITALIZACIÓN DE MEDICINA NEUMOLOGÍA  ";"30";"25";"186";"502";"20";"620";"0"
"2023";"03";"130101";"LA LIBERTAD";"TRUJILLO";"TRUJILLO";"GOBIERNO REGIONAL";"III-1";"00005196";"REGIONAL DOCENTE DE TRUJILLO";"244700";"HOSPITALIZACIÓN DE MEDICINA NEUROLOGIA  ";"24";"21";"121";"129";"10";"310";"1"
"2023";"03";"130101";"LA LIBERTAD";"TRUJILLO";"TRUJILLO";"GOBIERNO REGIONAL";"III-1";"00005196";"REGIONAL DOCENTE DE TRUJILLO";"244300";"HOSPITALIZACIÓN DE MEDICINA GASTROENTEROLOGÍA  ";"29";"26";"141";"237";"13";"403";"0"
"2023";"03";"130101";"LA LIBERTAD";"TRUJILLO";"TRUJILLO";"GOBIERNO REGIONAL";"III-1";"00005196";"REGIONAL DOCENTE DE TRUJILLO";"244000";"HOSPITALIZACIÓN DE MEDICINA CARDIOLOGIA ";"9";"10";"61";"52";"3";"93";"0"
"2023";"03";"130101";"LA LIBERTAD";"TRUJILLO";"TRUJILLO";"GOBIERNO REGIONAL";"III-1";"00005196";"REGIONAL DOCENTE DE TRUJILLO";"242200";"HOSPITALIZACIÓN DE MEDICINA PSIQUIATRÍA ";"16";"17";"389";"417";"15";"465";"0"
"2023";"03";"130101";"LA LIBERTAD";"TRUJILLO";"TRUJILLO";"GOBIERNO REGIONAL";"III-1";"00005196";"REGIONAL DOCENTE DE TRUJILLO";"250103";"UNIDAD DE CUIDADOS CRITICOS UNIDAD  DE CUIDADOS INTENSIVOS GENERALES  (UCI) MEDICINA";"16";"10";"355";"390";"13";"403";"10"
"2023";"03";"130101";"LA LIBERTAD";"TRUJILLO";"TRUJILLO";"GOBIERNO REGIONAL";"III-1";"00005196";"REGIONAL DOCENTE DE TRUJILLO";"240100";"HOSPITALIZACIÓN QUIRÚRGICA CIRUGÍA GENERAL ";"168";"172";"655";"551";"20";"620";"3"
"2023";"03";"130101";"LA LIBERTAD";"TRUJILLO";"TRUJILLO";"GOBIERNO REGIONAL";"III-1";"00005196";"REGIONAL DOCENTE DE TRUJILLO";"240801";"HOSPITALIZACIÓN QUIRÚRGICA CIRUGÍA PLÁSTICA/RECONSTRUCTIVA/ REPARADORA QUEMADOS";"8";"18";"296";"165";"6";"186";"0"
"2023";"03";"130101";"LA LIBERTAD";"TRUJILLO";"TRUJILLO";"GOBIERNO REGIONAL";"III-1";"00005196";"REGIONAL DOCENTE DE TRUJILLO";"240400";"HOSPITALIZACIÓN QUIRÚRGICA CIRUGÍA DE TÓRAX Y CARDIOVASCULAR ";"6";"7";"277";"120";"6";"186";"0"
"2023";"03";"130101";"LA LIBERTAD";"TRUJILLO";"TRUJILLO";"GOBIERNO REGIONAL";"III-1";"00005196";"REGIONAL DOCENTE DE TRUJILLO";"241200";"HOSPITALIZACIÓN QUIRÚRGICA TRAUMATOLOGÍA Y ORTOPEDIA ";"52";"45";"375";"365";"13";"403";"0"
"2023";"03";"130101";"LA LIBERTAD";"TRUJILLO";"TRUJILLO";"GOBIERNO REGIONAL";"III-1";"00005196";"REGIONAL DOCENTE DE TRUJILLO";"241100";"HOSPITALIZACIÓN QUIRÚRGICA OTORRINOLARINGOLOGÍA  ";"12";"11";"21";"42";"3";"93";"0"
"2023";"03";"130101";"LA LIBERTAD";"TRUJILLO";"TRUJILLO";"GOBIERNO REGIONAL";"III-1";"00005196";"REGIONAL DOCENTE DE TRUJILLO";"241300";"HOSPITALIZACIÓN QUIRÚRGICA UROLOGÍA  ";"16";"17";"83";"96";"6";"186";"0"
"2023";"03";"130101";"LA LIBERTAD";"TRUJILLO";"TRUJILLO";"GOBIERNO REGIONAL";"III-1";"00005196";"REGIONAL DOCENTE DE TRUJILLO";"240900";"HOSPITALIZACIÓN QUIRÚRGICA NEUROCIRUGÍA ";"12";"14";"140";"320";"11";"341";"0"
"2023";"03";"130101";"LA LIBERTAD";"TRUJILLO";"TRUJILLO";"GOBIERNO REGIONAL";"III-1";"00005196";"REGIONAL DOCENTE DE TRUJILLO";"242300";"HOSPITALIZACIÓN DE PEDIATRÍA  PEDIATRÍA  GENERAL ";"48";"56";"676";"347";"14";"434";"1"
"2023";"03";"130101";"LA LIBERTAD";"TRUJILLO";"TRUJILLO";"GOBIERNO REGIONAL";"III-1";"00005196";"REGIONAL DOCENTE DE TRUJILLO";"250108";"UNIDAD DE CUIDADOS CRITICOS UNIDAD  DE CUIDADOS INTENSIVOS  (UCI) PEDIÁTRICA";"4";"2";"31";"149";"5";"155";"1"
"2023";"03";"130101";"LA LIBERTAD";"TRUJILLO";"TRUJILLO";"GOBIERNO REGIONAL";"III-1";"00005196";"REGIONAL DOCENTE DE TRUJILLO";"250201";"UNIDAD DE CUIDADOS CRITICOS UNIDAD DE CUIDADOS INTERMEDIOS  (UCIN) NEONATAL";"39";"68";"889";"241";"12";"372";"0"
"2023";"03";"130101";"LA LIBERTAD";"TRUJILLO";"TRUJILLO";"GOBIERNO REGIONAL";"III-1";"00005196";"REGIONAL DOCENTE DE TRUJILLO";"250105";"UNIDAD DE CUIDADOS CRITICOS UNIDAD  DE CUIDADOS INTENSIVOS  (UCI) NEONATOLOGÍA";"25";"3";"54";"400";"13";"403";"3"
"2023";"03";"130101";"LA LIBERTAD";"TRUJILLO";"TRUJILLO";"GOBIERNO REGIONAL";"III-1";"00005196";"REGIONAL DOCENTE DE TRUJILLO";"241600";"HOSPITALIZACIÓN QUIRÚRGICA OBSTETRICIA   ";"90";"96";"341";"319";"17";"527";"0"
"2023";"03";"130101";"LA LIBERTAD";"TRUJILLO";"TRUJILLO";"GOBIERNO REGIONAL";"III-1";"00005196";"REGIONAL DOCENTE DE TRUJILLO";"241500";"HOSPITALIZACIÓN QUIRÚRGICA GINECOLOGÍA  ";"139";"143";"383";"355";"21";"651";"0"
"2023";"03";"150108";"LIMA";"LIMA";"CHORRILLOS";"PRIVADO";"II-1";"00016005";"CLINICA PARROQUIAL SAN FRANCISCO DE ASIS";"240100";"HOSPITALIZACIÓN QUIRÚRGICA CIRUGÍA GENERAL ";"32";"32";"32";"32";"12";"360";"0"
"2023";"03";"150108";"LIMA";"LIMA";"CHORRILLOS";"PRIVADO";"II-1";"00016005";"CLINICA PARROQUIAL SAN FRANCISCO DE ASIS";"240100";"HOSPITALIZACIÓN QUIRÚRGICA CIRUGÍA GENERAL ";"8";"8";"8";"8";"12";"360";"0"
"2023";"03";"150108";"LIMA";"LIMA";"CHORRILLOS";"PRIVADO";"II-1";"00016005";"CLINICA PARROQUIAL SAN FRANCISCO DE ASIS";"240100";"HOSPITALIZACIÓN QUIRÚRGICA CIRUGÍA GENERAL ";"6";"6";"6";"6";"12";"360";"0"
"2023";"03";"150108";"LIMA";"LIMA";"CHORRILLOS";"PRIVADO";"II-1";"00016005";"CLINICA PARROQUIAL SAN FRANCISCO DE ASIS";"240100";"HOSPITALIZACIÓN QUIRÚRGICA CIRUGÍA GENERAL ";"4";"4";"4";"4";"12";"360";"0"
"2023";"03";"150108";"LIMA";"LIMA";"CHORRILLOS";"PRIVADO";"II-1";"00016005";"CLINICA PARROQUIAL SAN FRANCISCO DE ASIS";"240100";"HOSPITALIZACIÓN QUIRÚRGICA CIRUGÍA GENERAL ";"4";"4";"4";"4";"12";"360";"0"
"2023";"03";"150108";"LIMA";"LIMA";"CHORRILLOS";"PRIVADO";"II-1";"00016005";"CLINICA PARROQUIAL SAN FRANCISCO DE ASIS";"240100";"HOSPITALIZACIÓN QUIRÚRGICA CIRUGÍA GENERAL ";"1";"1";"1";"1";"12";"360";"0"
"2023";"03";"150108";"LIMA";"LIMA";"CHORRILLOS";"PRIVADO";"II-1";"00016005";"CLINICA PARROQUIAL SAN FRANCISCO DE ASIS";"241400";"HOSPITALIZACIÓN QUIRÚRGICA GINECO - OBSTETRICIA ";"2";"2";"4";"2";"12";"360";"0"
"2023";"03";"030201";"APURIMAC";"ANDAHUAYLAS";"ANDAHUAYLAS";"PRIVADO";"I-3";"00021664";"ADMEDICAL CENTRO MEDICO";"NE_0001";"";"NE_0001";"NE_0001";"NE_0001";"NE_0001";"NE_0001";"NE_0001";"NE_0001"
"2023";"03";"090301";"HUANCAVELICA";"ANGARAES";"LIRCAY";"GOBIERNO REGIONAL";"I-1";"00003944";"BUENA VISTA";"NE_0001";"";"NE_0001";"NE_0001";"NE_0001";"NE_0001";"NE_0001";"NE_0001";"NE_0001"
"2023";"03";"090301";"HUANCAVELICA";"ANGARAES";"LIRCAY";"GOBIERNO REGIONAL";"I-1";"00003947";"CONSTANCIA";"NE_0001";"";"NE_0001";"NE_0001";"NE_0001";"NE_0001";"NE_0001";"NE_0001";"NE_0001"
"2023";"03";"090301";"HUANCAVELICA";"ANGARAES";"LIRCAY";"GOBIERNO REGIONAL";"I-1";"00003950";"CHALLHUAPUQUIO";"NE_0001";"";"NE_0001";"NE_0001";"NE_0001";"NE_0001";"NE_0001";"NE_0001";"NE_0001"
"2023";"03";"090307";"HUANCAVELICA";"ANGARAES";"HUANCA-HUANCA";"GOBIERNO REGIONAL";"I-2";"00003953";"HUANCA HUANCA";"NE_0001";"";"NE_0001";"NE_0001";"NE_0001";"NE_0001";"NE_0001";"NE_0001";"NE_0001"
"2023";"03";"090312";"HUANCAVELICA";"ANGARAES";"SECCLLA";"GOBIERNO REGIONAL";"I-1";"00003970";"QUISPICANCHA";"NE_0001";"";"NE_0001";"NE_0001";"NE_0001";"NE_0001";"NE_0001";"NE_0001";"NE_0001"
"2023";"03";"090303";"HUANCAVELICA";"ANGARAES";"CALLANMARCA";"GOBIERNO REGIONAL";"I-1";"00003952";"CALLANMARCA";"NE_0001";"";"NE_0001";"NE_0001";"NE_0001";"NE_0001";"NE_0001";"NE_0001";"NE_0001"
"2023";"04";"200701";"PIURA";"TALARA";"PARIÑAS";"PRIVADO";"I-2";"00012359";"CENTRO OFTALMOLOGICO DE TALARA SRL";"NE_0001";"";"NE_0001";"NE_0001";"NE_0001";"NE_0001";"NE_0001";"NE_0001";"NE_0001"
"2023";"05";"110101";"ICA";"ICA";"ICA";"PRIVADO";"II-1";"00012765";"SAN VICENTE";"240000";"HOSPITALIZACIÓN";"24";"26";"51";"26";"8";"248";"0"
"2023";"05";"200104";"PIURA";"PIURA";"CASTILLA";"SANIDAD DE LA POLICIA NACIONAL DEL PERU";"I-3";"00010679";"POLICLINICO PNP ""ALMIRANTE MIGUEL GRAU""";"241800";"HOSPITALIZACIÓN DE MEDICINA MEDICINA GENERAL ";"4";"4";"4";"4";"13";"399";"0"
"2023";"05";"180301";"MOQUEGUA";"ILO";"ILO";"SANIDAD DE LA POLICIA NACIONAL DEL PERU";"I-2";"00025870";"POSTA MEDICA POLICIAL ILO";"NE_0001";"";"NE_0001";"NE_0001";"NE_0001";"NE_0001";"NE_0001";"NE_0001";"NE_0001"
"2023";"05";"220506";"SAN MARTIN";"LAMAS";"PINTO RECODO";"GOBIERNO REGIONAL";"I-1";"00006344";"LA LIBERTAD BAJO MAYO";"NE_0001";"";"NE_0001";"NE_0001";"NE_0001";"NE_0001";"NE_0001";"NE_0001";"NE_0001"
"2023";"05";"200301";"PIURA";"HUANCABAMBA";"HUANCABAMBA";"SANIDAD DE LA POLICIA NACIONAL DEL PERU";"I-1";"00010680";"PUESTO SANITARIO PNP HUANCABAMBA";"NE_0002";"";"NE_0002";"NE_0002";"NE_0002";"NE_0002";"NE_0002";"NE_0002";"NE_0002"
"2023";"05";"150113";"LIMA";"LIMA";"JESUS MARIA";"ESSALUD";"0";"00016488";"CENTRO NACIONAL DE SALUD RENAL - ESSALUD";"NE_0001";"";"NE_0001";"NE_0001";"NE_0001";"NE_0001";"NE_0001";"NE_0001";"NE_0001"
"2023";"05";"150135";"LIMA";"LIMA";"SAN MARTIN DE PORRES";"PRIVADO";"II-E";"00025573";"CREO Clínica Renal y Oncológica";"NE_0001";"";"NE_0001";"NE_0001";"NE_0001";"NE_0001";"NE_0001";"NE_0001";"NE_0001"
"2023";"05";"150101";"LIMA";"LIMA";"LIMA";"MINSA";"III-2";"00006209";"INSTITUTO NACIONAL DE CIENCIAS NEUROLOGICAS";"244800";"HOSPITALIZACIÓN DE MEDICINA-NEUROLOGIA -NEUROLOGIA DE LA CONDUCTA";"26";"23";"181";"173";"15";"465";"0"
"2023";"05";"150101";"LIMA";"LIMA";"LIMA";"MINSA";"III-2";"00006209";"INSTITUTO NACIONAL DE CIENCIAS NEUROLOGICAS";"245200";"HOSPITALIZACIÓN DE MEDICINA NEUROLOGIA  EPILEPSIA/EPILEPTOLOGIA";"24";"21";"129";"176";"9";"279";"0"
"2023";"05";"150101";"LIMA";"LIMA";"LIMA";"MINSA";"III-2";"00006209";"INSTITUTO NACIONAL DE CIENCIAS NEUROLOGICAS";"243400";"HOSPITALIZACIÓN DE PEDIATRÍA PEDIATRIA NEUROLOGÍA PEDIÁTRICA";"15";"12";"237";"294";"14";"434";"0"
"2023";"05";"150101";"LIMA";"LIMA";"LIMA";"MINSA";"III-2";"00006209";"INSTITUTO NACIONAL DE CIENCIAS NEUROLOGICAS";"245100";"HOSPITALIZACIÓN DE MEDICINA NEUROLOGIA  ENFERMEDADES INFECCIOSAS/TRANSMISIBLES DEL SISTEMA NERVIOSO";"23";"18";"502";"479";"16";"496";"0"
"2023";"05";"150101";"LIMA";"LIMA";"LIMA";"MINSA";"III-2";"00006209";"INSTITUTO NACIONAL DE CIENCIAS NEUROLOGICAS";"245000";"HOSPITALIZACIÓN DE MEDICINA NEUROLOGIA  NEUROVASCULARES Y METABOLICAS";"24";"26";"344";"261";"11";"341";"0"
"2023";"05";"150101";"LIMA";"LIMA";"LIMA";"MINSA";"III-2";"00006209";"INSTITUTO NACIONAL DE CIENCIAS NEUROLOGICAS";"244900";"HOSPITALIZACIÓN DE MEDICINA NEUROLOGIA  NEURODEGENERATIVAS";"34";"27";"588";"509";"20";"620";"0"
"2023";"05";"150101";"LIMA";"LIMA";"LIMA";"MINSA";"III-2";"00006209";"INSTITUTO NACIONAL DE CIENCIAS NEUROLOGICAS";"240900";"HOSPITALIZACIÓN QUIRÚRGICA NEUROCIRUGÍA ";"172";"83";"1030";"877";"33";"1023";"1"
"2023";"05";"150101";"LIMA";"LIMA";"LIMA";"MINSA";"III-2";"00006209";"INSTITUTO NACIONAL DE CIENCIAS NEUROLOGICAS";"250106";"UNIDAD DE CUIDADOS CRITICOS UNIDAD  DE CUIDADOS INTENSIVOS  (UCI) NEUROLÓGICA";"13";"1";"61";"196";"7";"217";"1"
"2023";"05";"150101";"LIMA";"LIMA";"LIMA";"MINSA";"III-2";"00006209";"INSTITUTO NACIONAL DE CIENCIAS NEUROLOGICAS";"250200";"UNIDAD DE CUIDADOS CRITICOS UNIDAD DE CUIDADOS INTERMEDIOS GENERAL  (UCIN) ";"6";"2";"150";"117";"6";"186";"1"
"2023";"07";"060602";"CAJAMARCA";"CUTERVO";"CALLAYUC";"GOBIERNO REGIONAL";"I-1";"00006835";"CHURAS";"NE_0001";"";"NE_0001";"NE_0001";"NE_0001";"NE_0001";"NE_0001";"NE_0001";"NE_0001"
"2023";"07";"120907";"JUNIN";"CHUPACA";"SAN JUAN DE JARPA";"GOBIERNO REGIONAL";"I-1";"00012470";"SHICUY";"NE_0001";"";"NE_0001";"NE_0001";"NE_0001";"NE_0001";"NE_0001";"NE_0001";"NE_0001"
"2023";"07";"060602";"CAJAMARCA";"CUTERVO";"CALLAYUC";"GOBIERNO REGIONAL";"I-1";"00006944";"VILUCO";"NE_0001";"";"NE_0001";"NE_0001";"NE_0001";"NE_0001";"NE_0001";"NE_0001";"NE_0001"
"2023";"07";"060602";"CAJAMARCA";"CUTERVO";"CALLAYUC";"GOBIERNO REGIONAL";"I-1";"00006829";"PUQUIO DE CALLAYUC";"NE_0001";"";"NE_0001";"NE_0001";"NE_0001";"NE_0001";"NE_0001";"NE_0001";"NE_0001"
"2023";"07";"060602";"CAJAMARCA";"CUTERVO";"CALLAYUC";"GOBIERNO REGIONAL";"I-1";"00007368";"CUCHEA";"NE_0001";"";"NE_0001";"NE_0001";"NE_0001";"NE_0001";"NE_0001";"NE_0001";"NE_0001"
"2023";"07";"060602";"CAJAMARCA";"CUTERVO";"CALLAYUC";"GOBIERNO REGIONAL";"I-1";"00007100";"SAN JUAN DE CHORILLOS";"NE_0001";"";"NE_0001";"NE_0001";"NE_0001";"NE_0001";"NE_0001";"NE_0001";"NE_0001"
"2023";"07";"060602";"CAJAMARCA";"CUTERVO";"CALLAYUC";"GOBIERNO REGIONAL";"I-1";"00007369";"CHONTAS";"NE_0001";"";"NE_0001";"NE_0001";"NE_0001";"NE_0001";"NE_0001";"NE_0001";"NE_0001"
"2023";"07";"060602";"CAJAMARCA";"CUTERVO";"CALLAYUC";"GOBIERNO REGIONAL";"I-1";"00004961";"SAN JOSE DE LIRIO";"NE_0001";"";"NE_0001";"NE_0001";"NE_0001";"NE_0001";"NE_0001";"NE_0001";"NE_0001"
"2023";"07";"060602";"CAJAMARCA";"CUTERVO";"CALLAYUC";"GOBIERNO REGIONAL";"I-1";"00006830";"FILADELFIA";"NE_0001";"";"NE_0001";"NE_0001";"NE_0001";"NE_0001";"NE_0001";"NE_0001";"NE_0001"
"2023";"07";"060602";"CAJAMARCA";"CUTERVO";"CALLAYUC";"GOBIERNO REGIONAL";"I-2";"00004960";"EL CUMBE";"NE_0001";"";"NE_0001";"NE_0001";"NE_0001";"NE_0001";"NE_0001";"NE_0001";"NE_0001"
"2023";"07";"110101";"ICA";"ICA";"ICA";"GOBIERNO REGIONAL";"II-2";"00003358";"HOSPITAL REGIONAL DE ICA";"240100";"HOSPITALIZACIÓN QUIRÚRGICA CIRUGÍA GENERAL ";"141";"198";"1847";"1988";"63";"1953";"2"
"2023";"07";"110101";"ICA";"ICA";"ICA";"GOBIERNO REGIONAL";"II-2";"00003358";"HOSPITAL REGIONAL DE ICA";"241500";"HOSPITALIZACIÓN QUIRÚRGICA GINECOLOGÍA  ";"60";"64";"262";"288";"15";"465";"0"
"2023";"07";"110101";"ICA";"ICA";"ICA";"GOBIERNO REGIONAL";"II-2";"00003358";"HOSPITAL REGIONAL DE ICA";"241600";"HOSPITALIZACIÓN QUIRÚRGICA OBSTETRICIA   ";"231";"246";"628";"782";"26";"806";"0"
"2023";"07";"110101";"ICA";"ICA";"ICA";"GOBIERNO REGIONAL";"II-2";"00003358";"HOSPITAL REGIONAL DE ICA";"241900";"HOSPITALIZACIÓN DE MEDICINA MEDICINA INTERNA ";"122";"172";"1610";"1915";"134";"4154";"11"
"2023";"07";"110101";"ICA";"ICA";"ICA";"GOBIERNO REGIONAL";"II-2";"00003358";"HOSPITAL REGIONAL DE ICA";"242500";"HOSPITALIZACIÓN-PEDIATRÍA GENERAL-";"55";"64";"298";"210";"7";"217";"0"
"2023";"07";"110101";"ICA";"ICA";"ICA";"GOBIERNO REGIONAL";"II-2";"00003358";"HOSPITAL REGIONAL DE ICA";"243200";"HOSPITALIZACIÓN DE PEDIATRÍA PEDIATRIA NEONATOLOGÍA";"14";"20";"95";"157";"12";"372";"0"
"2023";"07";"110101";"ICA";"ICA";"ICA";"GOBIERNO REGIONAL";"II-2";"00003358";"HOSPITAL REGIONAL DE ICA";"250103";"UNIDAD DE CUIDADOS CRITICOS UNIDAD  DE CUIDADOS INTENSIVOS GENERALES  (UCI) MEDICINA";"4";"7";"97";"104";"10";"310";"6"
"2023";"07";"110101";"ICA";"ICA";"ICA";"GOBIERNO REGIONAL";"II-2";"00003358";"HOSPITAL REGIONAL DE ICA";"250105";"UNIDAD DE CUIDADOS CRITICOS UNIDAD  DE CUIDADOS INTENSIVOS  (UCI) NEONATOLOGÍA";"2";"6";"159";"160";"7";"217";"0"
"2023";"07";"110101";"ICA";"ICA";"ICA";"GOBIERNO REGIONAL";"II-2";"00003358";"HOSPITAL REGIONAL DE ICA";"250108";"UNIDAD DE CUIDADOS CRITICOS UNIDAD  DE CUIDADOS INTENSIVOS  (UCI) PEDIÁTRICA";"7";"9";"85";"90";"5";"155";"1"
"2023";"07";"081207";"CUSCO";"QUISPICANCHI";"HUARO";"GOBIERNO REGIONAL";"I-2";"00030708";"MENTAL COMUNITARIO HUARO";"NE_0001";"";"NE_0001";"NE_0001";"NE_0001";"NE_0001";"NE_0001";"NE_0001";"NE_0001"
"2023";"07";"070104";"CALLAO";"CALLAO";"LA PERLA";"GOBIERNO REGIONAL";"I-2";"00006251";"PUESTO DE SALUD  LA PERLA";"NE_0001";"";"NE_0001";"NE_0001";"NE_0001";"NE_0001";"NE_0001";"NE_0001";"NE_0001"
"2023";"07";"070103";"CALLAO";"CALLAO";"CARMEN DE LA LEGUA-REYNOSO";"GOBIERNO REGIONAL";"I-3";"00006252";"CENTRO DE SALUD CARMEN DE LA LEGUA";"NE_0001";"";"NE_0001";"NE_0001";"NE_0001";"NE_0001";"NE_0001";"NE_0001";"NE_0001"
"2023";"07";"070104";"CALLAO";"CALLAO";"LA PERLA";"GOBIERNO REGIONAL";"I-2";"00006250";"PUESTO DE SALUD ALTA MAR";"NE_0001";"";"NE_0001";"NE_0001";"NE_0001";"NE_0001";"NE_0001";"NE_0001";"NE_0001"
"2023";"07";"070104";"CALLAO";"CALLAO";"LA PERLA";"GOBIERNO REGIONAL";"I-2";"00026983";"CENTRO DE SALUD MENTAL COMUNITARIO LA PERLA";"NE_0001";"";"NE_0001";"NE_0001";"NE_0001";"NE_0001";"NE_0001";"NE_0001";"NE_0001"
"2023";"07";"070102";"CALLAO";"CALLAO";"BELLAVISTA";"GOBIERNO REGIONAL";"I-4";"00006249";"C.S. BELLAVISTA PERU COREA";"241400";"HOSPITALIZACIÓN QUIRÚRGICA GINECO - OBSTETRICIA ";"11";"1";"12";"240";"13";"390";"0"
"2023";"07";"070102";"CALLAO";"CALLAO";"BELLAVISTA";"GOBIERNO REGIONAL";"I-2";"00031271";"CENTRO DE SALUD MENTAL COMUNITARIO UNIVERSITARIO CALLAO";"NE_0001";"";"NE_0001";"NE_0001";"NE_0001";"NE_0001";"NE_0001";"NE_0001";"NE_0001"
"2023";"07";"070103";"CALLAO";"CALLAO";"CARMEN DE LA LEGUA-REYNOSO";"GOBIERNO REGIONAL";"I-2";"00029132";"Centro de Salud Mental Comunitario ""Carmen de la Legua - Reynoso""";"NE_0001";"";"NE_0001";"NE_0001";"NE_0001";"NE_0001";"NE_0001";"NE_0001";"NE_0001"
"2023";"07";"070103";"CALLAO";"CALLAO";"CARMEN DE LA LEGUA-REYNOSO";"GOBIERNO REGIONAL";"I-2";"00006253";"PUESTO DE SALUD VILLA SEÑOR. DE LOS MILAGROS";"NE_0001";"";"NE_0001";"NE_0001";"NE_0001";"NE_0001";"NE_0001";"NE_0001";"NE_0001"
"2023";"07";"120101";"JUNIN";"HUANCAYO";"HUANCAYO";"GOBIERNO REGIONAL";"III-E";"00000753";"HOSPITAL REGIONAL DOCENTE CLINICO QUIRURGICO DANIEL ALCIDES CARRION";"241900";"HOSPITALIZACIÓN DE MEDICINA MEDICINA INTERNA ";"97";"95";"1228";"1654";"54";"1674";"15"
"2023";"07";"120101";"JUNIN";"HUANCAYO";"HUANCAYO";"GOBIERNO REGIONAL";"III-E";"00000753";"HOSPITAL REGIONAL DOCENTE CLINICO QUIRURGICO DANIEL ALCIDES CARRION";"242000";"HOSPITALIZACIÓN DE MEDICINA MEDICINA TROPICAL E INFECCIOSAS ";"15";"17";"285";"302";"10";"310";"2"
"2023";"07";"120101";"JUNIN";"HUANCAYO";"HUANCAYO";"GOBIERNO REGIONAL";"III-E";"00000753";"HOSPITAL REGIONAL DOCENTE CLINICO QUIRURGICO DANIEL ALCIDES CARRION";"244000";"HOSPITALIZACIÓN DE MEDICINA CARDIOLOGIA ";"54";"57";"269";"274";"10";"310";"2"
"2023";"07";"120101";"JUNIN";"HUANCAYO";"HUANCAYO";"GOBIERNO REGIONAL";"III-E";"00000753";"HOSPITAL REGIONAL DOCENTE CLINICO QUIRURGICO DANIEL ALCIDES CARRION";"244200";"HOSPITALIZACIÓN DE MEDICINA ENDOCRINOLOGIA ";"15";"16";"205";"77";"3";"93";"0"
"2023";"07";"120101";"JUNIN";"HUANCAYO";"HUANCAYO";"GOBIERNO REGIONAL";"III-E";"00000753";"HOSPITAL REGIONAL DOCENTE CLINICO QUIRURGICO DANIEL ALCIDES CARRION";"244300";"HOSPITALIZACIÓN DE MEDICINA GASTROENTEROLOGÍA  ";"32";"34";"287";"163";"6";"186";"4"
"2023";"07";"120101";"JUNIN";"HUANCAYO";"HUANCAYO";"GOBIERNO REGIONAL";"III-E";"00000753";"HOSPITAL REGIONAL DOCENTE CLINICO QUIRURGICO DANIEL ALCIDES CARRION";"244400";"HOSPITALIZACIÓN DE MEDICINA GERIATRIA ";"10";"10";"108";"48";"2";"62";"1"
"2023";"07";"120101";"JUNIN";"HUANCAYO";"HUANCAYO";"GOBIERNO REGIONAL";"III-E";"00000753";"HOSPITAL REGIONAL DOCENTE CLINICO QUIRURGICO DANIEL ALCIDES CARRION";"245300";"HOSPITALIZACIÓN DE MEDICINA NEUMOLOGÍA  ";"29";"33";"394";"534";"19";"589";"4"
"2023";"07";"120101";"JUNIN";"HUANCAYO";"HUANCAYO";"GOBIERNO REGIONAL";"III-E";"00000753";"HOSPITAL REGIONAL DOCENTE CLINICO QUIRURGICO DANIEL ALCIDES CARRION";"240100";"HOSPITALIZACIÓN QUIRÚRGICA CIRUGÍA GENERAL ";"177";"162";"856";"1002";"33";"1023";"3"
"2023";"07";"120101";"JUNIN";"HUANCAYO";"HUANCAYO";"GOBIERNO REGIONAL";"III-E";"00000753";"HOSPITAL REGIONAL DOCENTE CLINICO QUIRURGICO DANIEL ALCIDES CARRION";"240200";"HOSPITALIZACIÓN QUIRÚRGICA CIRUGÍA DE CABEZA Y CUELLO / MÁXILO FACIAL ";"25";"21";"144";"273";"9";"279";"0"
"2023";"07";"120101";"JUNIN";"HUANCAYO";"HUANCAYO";"GOBIERNO REGIONAL";"III-E";"00000753";"HOSPITAL REGIONAL DOCENTE CLINICO QUIRURGICO DANIEL ALCIDES CARRION";"240800";"HOSPITALIZACIÓN QUIRÚRGICA CIRUGÍA PLÁSTICA/RECONSTRUCTIVA/ REPARADORA ";"3";"3";"52";"39";"2";"62";"0"
"2023";"07";"120101";"JUNIN";"HUANCAYO";"HUANCAYO";"GOBIERNO REGIONAL";"III-E";"00000753";"HOSPITAL REGIONAL DOCENTE CLINICO QUIRURGICO DANIEL ALCIDES CARRION";"240900";"HOSPITALIZACIÓN QUIRÚRGICA NEUROCIRUGÍA ";"43";"31";"378";"403";"13";"403";"2"
"2023";"05";"150103";"LIMA";"LIMA";"ATE";"ESSALUD";"II-1";"00008353";"HOSPITAL II VITARTE - ESSALUD";"241800";"HOSPITALIZACIÓN DE MEDICINA MEDICINA GENERAL ";"102";"103";"854";"777";"30";"930";"4"
"2023";"05";"150103";"LIMA";"LIMA";"ATE";"ESSALUD";"II-1";"00008353";"HOSPITAL II VITARTE - ESSALUD";"240100";"HOSPITALIZACIÓN QUIRÚRGICA CIRUGÍA GENERAL ";"112";"111";"225";"264";"14";"434";"0"
"2023";"05";"150103";"LIMA";"LIMA";"ATE";"ESSALUD";"II-1";"00008353";"HOSPITAL II VITARTE - ESSALUD";"241300";"HOSPITALIZACIÓN QUIRÚRGICA UROLOGÍA  ";"15";"14";"63";"31";"1";"31";"0"
"2023";"05";"150103";"LIMA";"LIMA";"ATE";"ESSALUD";"II-1";"00008353";"HOSPITAL II VITARTE - ESSALUD";"241200";"HOSPITALIZACIÓN QUIRÚRGICA TRAUMATOLOGÍA Y ORTOPEDIA ";"71";"67";"235";"180";"6";"186";"0"
"2023";"05";"150103";"LIMA";"LIMA";"ATE";"ESSALUD";"II-1";"00008353";"HOSPITAL II VITARTE - ESSALUD";"241500";"HOSPITALIZACIÓN QUIRÚRGICA GINECOLOGÍA  ";"48";"48";"128";"132";"6";"186";"0"
"2023";"05";"150103";"LIMA";"LIMA";"ATE";"ESSALUD";"II-1";"00008353";"HOSPITAL II VITARTE - ESSALUD";"242300";"HOSPITALIZACIÓN DE PEDIATRÍA  PEDIATRÍA  GENERAL ";"84";"82";"249";"254";"9";"279";"0"
"2023";"05";"150103";"LIMA";"LIMA";"ATE";"ESSALUD";"II-1";"00008353";"HOSPITAL II VITARTE - ESSALUD";"250100";"UNIDAD DE CUIDADOS CRITICOS UNIDAD  DE CUIDADOS INTENSIVOS GENERALES (UCI) ";"4";"8";"151";"70";"3";"93";"1"
"2023";"05";"150103";"LIMA";"LIMA";"ATE";"ESSALUD";"II-1";"00008353";"HOSPITAL II VITARTE - ESSALUD";"250101";"UNIDAD DE CUIDADOS CRITICOS UNIDAD  DE CUIDADOS INTENSIVOS GENERALES (UCI) CARDIOLOGIA";"10";"11";"68";"77";"3";"93";"1"
"2023";"05";"040104";"AREQUIPA";"AREQUIPA";"CERRO COLORADO";"GOBIERNO REGIONAL";"I-3";"00001236";"CENTRO DE SALUD CERRO COLORADO";"NE_0001";"";"NE_0001";"NE_0001";"NE_0001";"NE_0001";"NE_0001";"NE_0001";"NE_0001"
"2023";"05";"040104";"AREQUIPA";"AREQUIPA";"CERRO COLORADO";"GOBIERNO REGIONAL";"I-3";"00027843";"CENTRO DE SALUD MENTAL COMUNITARIO SAN MARTIN DE PORRES";"NE_0001";"";"NE_0001";"NE_0001";"NE_0001";"NE_0001";"NE_0001";"NE_0001";"NE_0001"
"2023";"05";"040104";"AREQUIPA";"AREQUIPA";"CERRO COLORADO";"GOBIERNO REGIONAL";"I-3";"00001248";"CENTRO DE SALUD ALTO LIBERTAD";"NE_0001";"";"NE_0001";"NE_0001";"NE_0001";"NE_0001";"NE_0001";"NE_0001";"NE_0001"
"2023";"05";"220503";"SAN MARTIN";"LAMAS";"BARRANQUITA";"GOBIERNO REGIONAL";"I-1";"00007401";"SANANGO";"NE_0001";"";"NE_0001";"NE_0001";"NE_0001";"NE_0001";"NE_0001";"NE_0001";"NE_0001"
"2023";"05";"220503";"SAN MARTIN";"LAMAS";"BARRANQUITA";"GOBIERNO REGIONAL";"I-3";"00006432";"BARRANQUITA CAYNARACHI";"NE_0001";"";"NE_0001";"NE_0001";"NE_0001";"NE_0001";"NE_0001";"NE_0001";"NE_0001"
"2023";"07";"130903";"LA LIBERTAD";"SANCHEZ CARRION";"COCHORCO";"GOBIERNO REGIONAL";"I-2";"00013810";"ARAGOSTAY";"NE_0001";"";"NE_0001";"NE_0001";"NE_0001";"NE_0001";"NE_0001";"NE_0001";"NE_0001"
"2023";"07";"130903";"LA LIBERTAD";"SANCHEZ CARRION";"COCHORCO";"GOBIERNO REGIONAL";"I-2";"00005356";"ARICAPAMPA";"NE_0001";"";"NE_0001";"NE_0001";"NE_0001";"NE_0001";"NE_0001";"NE_0001";"NE_0001"
"2023";"07";"130903";"LA LIBERTAD";"SANCHEZ CARRION";"COCHORCO";"GOBIERNO REGIONAL";"I-1";"00013808";"MOLINO VIEJO";"NE_0001";"";"NE_0001";"NE_0001";"NE_0001";"NE_0001";"NE_0001";"NE_0001";"NE_0001"
"2023";"07";"130903";"LA LIBERTAD";"SANCHEZ CARRION";"COCHORCO";"GOBIERNO REGIONAL";"I-2";"00013802";"SUCCHAMARCA";"NE_0001";"";"NE_0001";"NE_0001";"NE_0001";"NE_0001";"NE_0001";"NE_0001";"NE_0001"
"2023";"07";"130903";"LA LIBERTAD";"SANCHEZ CARRION";"COCHORCO";"GOBIERNO REGIONAL";"I-2";"00013800";"SUCCHACENTRO";"NE_0001";"";"NE_0001";"NE_0001";"NE_0001";"NE_0001";"NE_0001";"NE_0001";"NE_0001"
"2023";"08";"200104";"PIURA";"PIURA";"CASTILLA";"PRIVADO";"II-E";"00013165";"CENTRO DE REPOSO SAN JUAN DE DIOS";"242202";"HOSPITALIZACIÓN DE MEDICINA PSIQUIATRÍA PSIQUIATRÍA DEL ADULTO Y GERONTE";"43";"44";"1224";"840";"46";"1426";"0"
"2023";"08";"150121";"LIMA";"LIMA";"PUEBLO LIBRE";"PRIVADO";"II-E";"00012492";"CLINICA DE OJOS VISUAL OPHTHALMICS";"NE_0001";"";"NE_0001";"NE_0001";"NE_0001";"NE_0001";"NE_0001";"NE_0001";"NE_0001"
"2023";"08";"200601";"PIURA";"SULLANA";"SULLANA";"SANIDAD DE LA POLICIA NACIONAL DEL PERU";"I-2";"00010688";"POSTA  MEDICA  POLICIAL  SULLANA";"NE_0001";"";"NE_0001";"NE_0001";"NE_0001";"NE_0001";"NE_0001";"NE_0001";"NE_0001"
"2023";"08";"021805";"ANCASH";"SANTA";"MORO";"GOBIERNO REGIONAL";"I-3";"00001716";"CENTRO DE SALUD MORO";"NE_0001";"";"NE_0001";"NE_0001";"NE_0001";"NE_0001";"NE_0001";"NE_0001";"NE_0001"
"2023";"08";"022005";"ANCASH";"YUNGAY";"QUILLO";"GOBIERNO REGIONAL";"I-1";"00001737";"PUESTO DE SALUD PAMPACANCHA";"NE_0001";"";"NE_0001";"NE_0001";"NE_0001";"NE_0001";"NE_0001";"NE_0001";"NE_0001"
"2023";"08";"020104";"ANCASH";"HUARAZ";"HUANCHAY";"GOBIERNO REGIONAL";"I-2";"00001748";"PUESTO DE SALUD HUANCHAY HZ";"NE_0001";"";"NE_0001";"NE_0001";"NE_0001";"NE_0001";"NE_0001";"NE_0001";"NE_0001"
"2023";"08";"021809";"ANCASH";"SANTA";"NUEVO CHIMBOTE";"GOBIERNO REGIONAL";"I-2";"00007266";"PUESTO DE SALUD NICOLAS DE GARATEA";"NE_0001";"";"NE_0001";"NE_0001";"NE_0001";"NE_0001";"NE_0001";"NE_0001";"NE_0001"
"2023";"08";"020801";"ANCASH";"CASMA";"CASMA";"GOBIERNO REGIONAL";"I-2";"00031617";"PUESTO DE SALUD VILLA HERMOSA";"NE_0001";"";"NE_0001";"NE_0001";"NE_0001";"NE_0001";"NE_0001";"NE_0001";"NE_0001"
"2023";"08";"021809";"ANCASH";"SANTA";"NUEVO CHIMBOTE";"GOBIERNO REGIONAL";"I-4";"00001704";"CENTRO DE SALUD YUGOSLAVIA";"NE_0001";"";"NE_0001";"NE_0001";"NE_0001";"NE_0001";"NE_0001";"NE_0001";"NE_0001"
"2023";"08";"021809";"ANCASH";"SANTA";"NUEVO CHIMBOTE";"GOBIERNO REGIONAL";"I-2";"00001706";"PUESTO DE SALUD VILLA MARIA";"NE_0001";"";"NE_0001";"NE_0001";"NE_0001";"NE_0001";"NE_0001";"NE_0001";"NE_0001"
"2023";"08";"021802";"ANCASH";"SANTA";"CACERES DEL PERU";"GOBIERNO REGIONAL";"I-2";"00001708";"PUESTO DE SALUD JIMBE";"NE_0001";"";"NE_0001";"NE_0001";"NE_0001";"NE_0001";"NE_0001";"NE_0001";"NE_0001"
"2023";"08";"021807";"ANCASH";"SANTA";"SAMANCO";"GOBIERNO REGIONAL";"I-2";"00001711";"PUESTO DE SALUD SAMANCO";"NE_0001";"";"NE_0001";"NE_0001";"NE_0001";"NE_0001";"NE_0001";"NE_0001";"NE_0001"
"2023";"08";"021105";"ANCASH";"HUARMEY";"MALVAS";"GOBIERNO REGIONAL";"I-1";"00001753";"PUESTO DE SALUD MALVAS";"NE_0001";"";"NE_0001";"NE_0001";"NE_0001";"NE_0001";"NE_0001";"NE_0001";"NE_0001"
"2023";"08";"020801";"ANCASH";"CASMA";"CASMA";"GOBIERNO REGIONAL";"I-1";"00001720";"PUESTO DE SALUD SAN RAFAEL";"NE_0001";"";"NE_0001";"NE_0001";"NE_0001";"NE_0001";"NE_0001";"NE_0001";"NE_0001"
"2023";"08";"020801";"ANCASH";"CASMA";"CASMA";"GOBIERNO REGIONAL";"I-1";"00001722";"PUESTO DE SALUD CASA BLANCA";"NE_0001";"";"NE_0001";"NE_0001";"NE_0001";"NE_0001";"NE_0001";"NE_0001";"NE_0001"
"2023";"08";"020102";"ANCASH";"HUARAZ";"COCHABAMBA";"GOBIERNO REGIONAL";"I-1";"00001732";"PUESTO DE SALUD PUMA PUCLLANAN";"NE_0001";"";"NE_0001";"NE_0001";"NE_0001";"NE_0001";"NE_0001";"NE_0001";"NE_0001"
"2023";"08";"020110";"ANCASH";"HUARAZ";"PARIACOTO";"GOBIERNO REGIONAL";"I-1";"00001736";"PUESTO DE SALUD CHACCHAN";"NE_0001";"";"NE_0001";"NE_0001";"NE_0001";"NE_0001";"NE_0001";"NE_0001";"NE_0001"
"2023";"08";"021807";"ANCASH";"SANTA";"SAMANCO";"GOBIERNO REGIONAL";"I-1";"00001712";"PUESTO DE SALUD LOS CHIMUS";"NE_0001";"";"NE_0001";"NE_0001";"NE_0001";"NE_0001";"NE_0001";"NE_0001";"NE_0001"
"2023";"08";"021806";"ANCASH";"SANTA";"NEPEÑA";"GOBIERNO REGIONAL";"I-3";"00001715";"CENTRO DE SALUD SAN JACINTO";"NE_0001";"";"NE_0001";"NE_0001";"NE_0001";"NE_0001";"NE_0001";"NE_0001";"NE_0001"
"2023";"08";"021805";"ANCASH";"SANTA";"MORO";"GOBIERNO REGIONAL";"I-1";"00001718";"PUESTO DE SALUD CAPTUY";"NE_0001";"";"NE_0001";"NE_0001";"NE_0001";"NE_0001";"NE_0001";"NE_0001";"NE_0001"
"2023";"08";"020104";"ANCASH";"HUARAZ";"HUANCHAY";"GOBIERNO REGIONAL";"I-1";"00001747";"PUESTO DE SALUD RAYPA";"NE_0001";"";"NE_0001";"NE_0001";"NE_0001";"NE_0001";"NE_0001";"NE_0001";"NE_0001"
"2023";"08";"021802";"ANCASH";"SANTA";"CACERES DEL PERU";"GOBIERNO REGIONAL";"I-2";"00001710";"PUESTO DE SALUD COLCAP";"NE_0001";"";"NE_0001";"NE_0001";"NE_0001";"NE_0001";"NE_0001";"NE_0001";"NE_0001"
"2023";"08";"021807";"ANCASH";"SANTA";"SAMANCO";"GOBIERNO REGIONAL";"I-1";"00001713";"PUESTO DE SALUD HUAMBACHO";"NE_0001";"";"NE_0001";"NE_0001";"NE_0001";"NE_0001";"NE_0001";"NE_0001";"NE_0001"
"2023";"08";"020802";"ANCASH";"CASMA";"BUENA VISTA ALTA";"GOBIERNO REGIONAL";"I-2";"00001725";"PUESTO DE SALUD EL OLIVAR";"NE_0001";"";"NE_0001";"NE_0001";"NE_0001";"NE_0001";"NE_0001";"NE_0001";"NE_0001"
"2023";"08";"020803";"ANCASH";"CASMA";"COMANDANTE NOEL";"GOBIERNO REGIONAL";"I-1";"00001727";"PUESTO DE SALUD TORTUGAS";"NE_0001";"";"NE_0001";"NE_0001";"NE_0001";"NE_0001";"NE_0001";"NE_0001";"NE_0001"
"2023";"08";"020804";"ANCASH";"CASMA";"YAUTAN";"GOBIERNO REGIONAL";"I-1";"00001729";"PUESTO DE SALUD CACHIPAMPA";"NE_0001";"";"NE_0001";"NE_0001";"NE_0001";"NE_0001";"NE_0001";"NE_0001";"NE_0001"
"2023";"08";"020102";"ANCASH";"HUARAZ";"COCHABAMBA";"GOBIERNO REGIONAL";"I-2";"00001730";"PUESTO DE SALUD COCHABAMBA";"NE_0001";"";"NE_0001";"NE_0001";"NE_0001";"NE_0001";"NE_0001";"NE_0001";"NE_0001"
"2023";"08";"022005";"ANCASH";"YUNGAY";"QUILLO";"GOBIERNO REGIONAL";"I-2";"00001739";"PUESTO DE SALUD HUACHO";"NE_0001";"";"NE_0001";"NE_0001";"NE_0001";"NE_0001";"NE_0001";"NE_0001";"NE_0001"
"2023";"08";"021103";"ANCASH";"HUARMEY";"CULEBRAS";"GOBIERNO REGIONAL";"I-2";"00001743";"PUESTO DE SALUD CULEBRAS";"NE_0001";"";"NE_0001";"NE_0001";"NE_0001";"NE_0001";"NE_0001";"NE_0001";"NE_0001"
"2023";"08";"021101";"ANCASH";"HUARMEY";"HUARMEY";"GOBIERNO REGIONAL";"I-1";"00001751";"PUESTO DE SALUD HUAMBA";"NE_0001";"";"NE_0001";"NE_0001";"NE_0001";"NE_0001";"NE_0001";"NE_0001";"NE_0001"
"2023";"08";"150101";"LIMA";"LIMA";"LIMA";"PRIVADO";"II-E";"00022102";"CLINICA SEÑOR DE LOS MILAGROS E.I.R.L.";"NE_0001";"";"NE_0001";"NE_0001";"NE_0001";"NE_0001";"NE_0001";"NE_0001";"NE_0001"
"2023";"08";"130401";"LA LIBERTAD";"CHEPEN";"CHEPEN";"SANIDAD DE LA POLICIA NACIONAL DEL PERU";"I-1";"00025659";"Puesto de Salud de la Sanidad PNP. Chepén  I - 1";"NE_0001";"";"NE_0001";"NE_0001";"NE_0001";"NE_0001";"NE_0001";"NE_0001";"NE_0001"
"2023";"08";"200701";"PIURA";"TALARA";"PARIÑAS";"PRIVADO";"I-2";"00012359";"CENTRO OFTALMOLOGICO DE TALARA SRL";"NE_0001";"";"NE_0001";"NE_0001";"NE_0001";"NE_0001";"NE_0001";"NE_0001";"NE_0001"
"2023";"08";"120601";"JUNIN";"SATIPO";"SATIPO";"SANIDAD DE LA POLICIA NACIONAL DEL PERU";"I-2";"00011485";"POSTA MEDICA POLICIAL SATIPO";"NE_0001";"";"NE_0001";"NE_0001";"NE_0001";"NE_0001";"NE_0001";"NE_0001";"NE_0001"
"2023";"07";"150122";"LIMA";"LIMA";"MIRAFLORES";"PRIVADO";"II-E";"00019748";"CLINICA HIGUERETA";"240000";"HOSPITALIZACIÓN";"148";"137";"513";"376";"17";"531";"0"
"2023";"07";"150122";"LIMA";"LIMA";"MIRAFLORES";"PRIVADO";"II-E";"00019748";"CLINICA HIGUERETA";"250100";"UNIDAD DE CUIDADOS CRITICOS UNIDAD  DE CUIDADOS INTENSIVOS GENERALES (UCI) ";"1";"0";"1";"1";"2";"62";"0"
"2023";"08";"150801";"LIMA";"HUAURA";"HUACHO";"GOBIERNO REGIONAL";"II-2";"00007639";"HOSPITAL GENERAL DE HUACHO";"240100";"HOSPITALIZACIÓN QUIRÚRGICA CIRUGÍA GENERAL ";"105";"127";"702";"927";"39";"1209";"0"
"2023";"08";"150801";"LIMA";"HUAURA";"HUACHO";"GOBIERNO REGIONAL";"II-2";"00007639";"HOSPITAL GENERAL DE HUACHO";"241500";"HOSPITALIZACIÓN QUIRÚRGICA GINECOLOGÍA  ";"27";"29";"89";"90";"8";"248";"0"
"2023";"08";"150801";"LIMA";"HUAURA";"HUACHO";"GOBIERNO REGIONAL";"II-2";"00007639";"HOSPITAL GENERAL DE HUACHO";"241600";"HOSPITALIZACIÓN QUIRÚRGICA OBSTETRICIA   ";"259";"271";"494";"461";"29";"899";"0"
"2023";"08";"150801";"LIMA";"HUAURA";"HUACHO";"GOBIERNO REGIONAL";"II-2";"00007639";"HOSPITAL GENERAL DE HUACHO";"241800";"HOSPITALIZACIÓN DE MEDICINA MEDICINA GENERAL ";"74";"100";"899";"986";"36";"1116";"8"
"2023";"08";"150801";"LIMA";"HUAURA";"HUACHO";"GOBIERNO REGIONAL";"II-2";"00007639";"HOSPITAL GENERAL DE HUACHO";"242500";"HOSPITALIZACIÓN-PEDIATRÍA GENERAL-";"45";"51";"268";"204";"29";"899";"0"
"2023";"08";"150801";"LIMA";"HUAURA";"HUACHO";"GOBIERNO REGIONAL";"II-2";"00007639";"HOSPITAL GENERAL DE HUACHO";"243200";"HOSPITALIZACIÓN DE PEDIATRÍA PEDIATRIA NEONATOLOGÍA";"18";"20";"69";"78";"11";"341";"0"
"2023";"08";"150801";"LIMA";"HUAURA";"HUACHO";"GOBIERNO REGIONAL";"II-2";"00007639";"HOSPITAL GENERAL DE HUACHO";"250103";"UNIDAD DE CUIDADOS CRITICOS UNIDAD  DE CUIDADOS INTENSIVOS GENERALES  (UCI) MEDICINA";"15";"21";"182";"239";"10";"310";"9"
"2023";"08";"150801";"LIMA";"HUAURA";"HUACHO";"GOBIERNO REGIONAL";"II-2";"00007639";"HOSPITAL GENERAL DE HUACHO";"250105";"UNIDAD DE CUIDADOS CRITICOS UNIDAD  DE CUIDADOS INTENSIVOS  (UCI) NEONATOLOGÍA";"5";"7";"26";"21";"4";"124";"0"
"2023";"07";"060101";"CAJAMARCA";"CAJAMARCA";"CAJAMARCA";"PRIVADO";"II-1";"00019315";"CLINICA SANTA ANA";"241400";"HOSPITALIZACIÓN QUIRÚRGICA GINECO - OBSTETRICIA ";"10";"9";"9";"1";"6";"38";"0"
"2023";"07";"060101";"CAJAMARCA";"CAJAMARCA";"CAJAMARCA";"PRIVADO";"II-1";"00019315";"CLINICA SANTA ANA";"240100";"HOSPITALIZACIÓN QUIRÚRGICA CIRUGÍA GENERAL ";"15";"14";"16";"1";"4";"124";"0"
"2023";"07";"060101";"CAJAMARCA";"CAJAMARCA";"CAJAMARCA";"PRIVADO";"II-1";"00019315";"CLINICA SANTA ANA";"241900";"HOSPITALIZACIÓN DE MEDICINA MEDICINA INTERNA ";"1";"1";"7";"1";"2";"3";"0"
"2023";"07";"060101";"CAJAMARCA";"CAJAMARCA";"CAJAMARCA";"PRIVADO";"II-1";"00019315";"CLINICA SANTA ANA";"242300";"HOSPITALIZACIÓN DE PEDIATRÍA  PEDIATRÍA  GENERAL ";"1";"1";"1";"1";"1";"62";"0"
"2023";"07";"220911";"SAN MARTIN";"SAN MARTIN";"PAPAPLAYA";"GOBIERNO REGIONAL";"I-1";"00006455";"SAN ANTONIO  RIO HUALLAGA";"NE_0001";"";"NE_0001";"NE_0001";"NE_0001";"NE_0001";"NE_0001";"NE_0001";"NE_0001"
"2023";"07";"220906";"SAN MARTIN";"SAN MARTIN";"EL PORVENIR";"GOBIERNO REGIONAL";"I-1";"00006456";"NUEVO SAN JUAN";"NE_0001";"";"NE_0001";"NE_0001";"NE_0001";"NE_0001";"NE_0001";"NE_0001";"NE_0001"
"2023";"07";"220911";"SAN MARTIN";"SAN MARTIN";"PAPAPLAYA";"GOBIERNO REGIONAL";"I-3";"00006449";"HOSPITAL RURAL DE PAPAPLAYA";"241800";"HOSPITALIZACIÓN DE MEDICINA MEDICINA GENERAL ";"4";"5";"5";"5";"4";"124";"0"
"2023";"07";"220911";"SAN MARTIN";"SAN MARTIN";"PAPAPLAYA";"GOBIERNO REGIONAL";"I-1";"00006448";"REFORMA";"NE_0001";"";"NE_0001";"NE_0001";"NE_0001";"NE_0001";"NE_0001";"NE_0001";"NE_0001"
"2023";"07";"220911";"SAN MARTIN";"SAN MARTIN";"PAPAPLAYA";"GOBIERNO REGIONAL";"I-1";"00006454";"SAN JUAN RIO HUALLAGA";"NE_0001";"";"NE_0001";"NE_0001";"NE_0001";"NE_0001";"NE_0001";"NE_0001";"NE_0001"
"2023";"07";"220906";"SAN MARTIN";"SAN MARTIN";"EL PORVENIR";"GOBIERNO REGIONAL";"I-1";"00006451";"PELEJO";"NE_0001";"";"NE_0001";"NE_0001";"NE_0001";"NE_0001";"NE_0001";"NE_0001";"NE_0001"
"2023";"07";"220911";"SAN MARTIN";"SAN MARTIN";"PAPAPLAYA";"GOBIERNO REGIONAL";"I-1";"00006452";"ASUNCION";"NE_0001";"";"NE_0001";"NE_0001";"NE_0001";"NE_0001";"NE_0001";"NE_0001";"NE_0001"
"2023";"07";"220911";"SAN MARTIN";"SAN MARTIN";"PAPAPLAYA";"GOBIERNO REGIONAL";"I-1";"00006453";"PUERTO MERCEDES";"NE_0001";"";"NE_0001";"NE_0001";"NE_0001";"NE_0001";"NE_0001";"NE_0001";"NE_0001"
"2023";"07";"200601";"PIURA";"SULLANA";"SULLANA";"PRIVADO";"II-1";"00010777";"CLINICA VIRGEN DEL PILAR SCRL";"241900";"HOSPITALIZACIÓN DE MEDICINA MEDICINA INTERNA ";"4";"4";"70";"82";"24";"250";"1"
"2023";"07";"200601";"PIURA";"SULLANA";"SULLANA";"PRIVADO";"II-1";"00010777";"CLINICA VIRGEN DEL PILAR SCRL";"240100";"HOSPITALIZACIÓN QUIRÚRGICA CIRUGÍA GENERAL ";"26";"26";"152";"169";"24";"510";"0"
"2023";"07";"150801";"LIMA";"HUAURA";"HUACHO";"PRIVADO";"II-1";"00010883";"CLINICA SAN PEDRO";"240100";"HOSPITALIZACIÓN QUIRÚRGICA CIRUGÍA GENERAL ";"43";"40";"54";"43";"2";"60";"0"
"2023";"07";"150801";"LIMA";"HUAURA";"HUACHO";"PRIVADO";"II-1";"00010883";"CLINICA SAN PEDRO";"240800";"HOSPITALIZACIÓN QUIRÚRGICA CIRUGÍA PLÁSTICA/RECONSTRUCTIVA/ REPARADORA ";"1";"1";"0";"1";"1";"30";"0"
"2023";"07";"150801";"LIMA";"HUAURA";"HUACHO";"PRIVADO";"II-1";"00010883";"CLINICA SAN PEDRO";"241500";"HOSPITALIZACIÓN QUIRÚRGICA GINECOLOGÍA  ";"17";"16";"26";"17";"4";"120";"0"
"2023";"07";"150801";"LIMA";"HUAURA";"HUACHO";"PRIVADO";"II-1";"00010883";"CLINICA SAN PEDRO";"241900";"HOSPITALIZACIÓN DE MEDICINA MEDICINA INTERNA ";"2";"2";"4";"2";"5";"150";"0"
"2023";"07";"150801";"LIMA";"HUAURA";"HUACHO";"PRIVADO";"II-1";"00010883";"CLINICA SAN PEDRO";"241200";"HOSPITALIZACIÓN QUIRÚRGICA TRAUMATOLOGÍA Y ORTOPEDIA ";"44";"44";"34";"30";"2";"60";"0"
"2023";"07";"150801";"LIMA";"HUAURA";"HUACHO";"PRIVADO";"II-1";"00010883";"CLINICA SAN PEDRO";"241300";"HOSPITALIZACIÓN QUIRÚRGICA UROLOGÍA  ";"3";"3";"6";"3";"1";"30";"0"
"2023";"07";"150801";"LIMA";"HUAURA";"HUACHO";"PRIVADO";"II-1";"00010883";"CLINICA SAN PEDRO";"242500";"HOSPITALIZACIÓN-PEDIATRÍA GENERAL-";"1";"1";"1";"1";"1";"30";"0"
"2023";"07";"150801";"LIMA";"HUAURA";"HUACHO";"PRIVADO";"II-1";"00010883";"CLINICA SAN PEDRO";"240400";"HOSPITALIZACIÓN QUIRÚRGICA CIRUGÍA DE TÓRAX Y CARDIOVASCULAR ";"3";"3";"2";"3";"1";"30";"0"
"2023";"03";"120807";"JUNIN";"YAULI";"SANTA BARBARA DE CARHUACAYAN";"GOBIERNO REGIONAL";"I-1";"00000565";"SANTA BARBARA DE CARHUACAYAN";"NE_0001";"";"NE_0001";"NE_0001";"NE_0001";"NE_0001";"NE_0001";"NE_0001";"NE_0001"
"2023";"03";"120708";"JUNIN";"TARMA";"SAN PEDRO DE CAJAS";"GOBIERNO REGIONAL";"I-1";"00000558";"ACANCOCHA";"NE_0001";"";"NE_0001";"NE_0001";"NE_0001";"NE_0001";"NE_0001";"NE_0001";"NE_0001"
"2023";"03";"120708";"JUNIN";"TARMA";"SAN PEDRO DE CAJAS";"GOBIERNO REGIONAL";"I-1";"00000557";"YANEC";"NE_0001";"";"NE_0001";"NE_0001";"NE_0001";"NE_0001";"NE_0001";"NE_0001";"NE_0001"
"2023";"03";"120708";"JUNIN";"TARMA";"SAN PEDRO DE CAJAS";"GOBIERNO REGIONAL";"I-1";"00000556";"CHUPAN";"NE_0001";"";"NE_0001";"NE_0001";"NE_0001";"NE_0001";"NE_0001";"NE_0001";"NE_0001"
"2023";"03";"120504";"JUNIN";"JUNIN";"ULCUMAYO";"GOBIERNO REGIONAL";"I-1";"00000555";"RAYANNIOC";"NE_0001";"";"NE_0001";"NE_0001";"NE_0001";"NE_0001";"NE_0001";"NE_0001";"NE_0001"
"2023";"03";"120504";"JUNIN";"JUNIN";"ULCUMAYO";"GOBIERNO REGIONAL";"I-1";"00000554";"SHALACANCHA";"NE_0001";"";"NE_0001";"NE_0001";"NE_0001";"NE_0001";"NE_0001";"NE_0001";"NE_0001"
"2023";"03";"120503";"JUNIN";"JUNIN";"ONDORES";"GOBIERNO REGIONAL";"I-1";"00000553";"ATOCSAICO";"NE_0001";"";"NE_0001";"NE_0001";"NE_0001";"NE_0001";"NE_0001";"NE_0001";"NE_0001"
"2023";"03";"120503";"JUNIN";"JUNIN";"ONDORES";"GOBIERNO REGIONAL";"I-1";"00000552";"PARI";"NE_0001";"";"NE_0001";"NE_0001";"NE_0001";"NE_0001";"NE_0001";"NE_0001";"NE_0001"
"2023";"03";"120503";"JUNIN";"JUNIN";"ONDORES";"GOBIERNO REGIONAL";"I-3";"00000551";"ONDORES";"NE_0001";"";"NE_0001";"NE_0001";"NE_0001";"NE_0001";"NE_0001";"NE_0001";"NE_0001"
"2023";"03";"120501";"JUNIN";"JUNIN";"JUNIN";"GOBIERNO REGIONAL";"I-1";"00000550";"SASICUCHO";"NE_0001";"";"NE_0001";"NE_0001";"NE_0001";"NE_0001";"NE_0001";"NE_0001";"NE_0001"
"2023";"07";"100504";"HUANUCO";"HUAMALIES";"JACAS GRANDE";"GOBIERNO REGIONAL";"I-2";"00000906";"CARHUAPATA";"NE_0001";"";"NE_0001";"NE_0001";"NE_0001";"NE_0001";"NE_0001";"NE_0001";"NE_0001"
"2023";"07";"100504";"HUANUCO";"HUAMALIES";"JACAS GRANDE";"GOBIERNO REGIONAL";"I-2";"00000897";"JACAS GRANDE";"NE_0001";"";"NE_0001";"NE_0001";"NE_0001";"NE_0001";"NE_0001";"NE_0001";"NE_0001"
"2023";"07";"100504";"HUANUCO";"HUAMALIES";"JACAS GRANDE";"GOBIERNO REGIONAL";"I-2";"00006888";"CASCANGA";"NE_0001";"";"NE_0001";"NE_0001";"NE_0001";"NE_0001";"NE_0001";"NE_0001";"NE_0001"
"2023";"07";"100504";"HUANUCO";"HUAMALIES";"JACAS GRANDE";"GOBIERNO REGIONAL";"I-2";"00000898";"ANDAS";"NE_0001";"";"NE_0001";"NE_0001";"NE_0001";"NE_0001";"NE_0001";"NE_0001";"NE_0001"
"2023";"07";"100504";"HUANUCO";"HUAMALIES";"JACAS GRANDE";"GOBIERNO REGIONAL";"I-1";"00006674";"NUEVAS FLORES";"NE_0001";"";"NE_0001";"NE_0001";"NE_0001";"NE_0001";"NE_0001";"NE_0001";"NE_0001"
"2023";"08";"061112";"CAJAMARCA";"SAN MIGUEL";"TONGOD";"GOBIERNO REGIONAL";"I-1";"00007085";"PISIT";"NE_0001";"";"NE_0001";"NE_0001";"NE_0001";"NE_0001";"NE_0001";"NE_0001";"NE_0001"
"2023";"08";"061112";"CAJAMARCA";"SAN MIGUEL";"TONGOD";"GOBIERNO REGIONAL";"I-1";"00008751";"LA CORONILLA";"NE_0001";"";"NE_0001";"NE_0001";"NE_0001";"NE_0001";"NE_0001";"NE_0001";"NE_0001"
"2023";"08";"061112";"CAJAMARCA";"SAN MIGUEL";"TONGOD";"GOBIERNO REGIONAL";"I-3";"00004607";"TONGOD";"NE_0001";"";"NE_0001";"NE_0001";"NE_0001";"NE_0001";"NE_0001";"NE_0001";"NE_0001"
"2023";"08";"150108";"LIMA";"LIMA";"CHORRILLOS";"PRIVADO";"II-2";"00010251";"CLINICA MAISON DE SANTE DEL SUR";"240000";"HOSPITALIZACIÓN";"97";"87";"445";"323";"20";"620";"1"
"2023";"08";"150108";"LIMA";"LIMA";"CHORRILLOS";"PRIVADO";"II-2";"00010251";"CLINICA MAISON DE SANTE DEL SUR";"241400";"HOSPITALIZACIÓN QUIRÚRGICA GINECO - OBSTETRICIA ";"23";"21";"44";"73";"7";"217";"0"
"2023";"08";"150108";"LIMA";"LIMA";"CHORRILLOS";"PRIVADO";"II-2";"00010251";"CLINICA MAISON DE SANTE DEL SUR";"250100";"UNIDAD DE CUIDADOS CRITICOS UNIDAD  DE CUIDADOS INTENSIVOS GENERALES (UCI) ";"4";"4";"40";"45";"6";"186";"2"
"2023";"08";"150101";"LIMA";"LIMA";"LIMA";"PRIVADO";"II-2";"00008281";"CLINICA MAISON DE SANTE  DE LIMA";"240000";"HOSPITALIZACIÓN";"87";"87";"308";"127";"20";"620";"1"
"2023";"08";"220501";"SAN MARTIN";"LAMAS";"LAMAS";"GOBIERNO REGIONAL";"II-E";"00006352";"HOSPITAL II-E LAMAS";"241800";"HOSPITALIZACIÓN DE MEDICINA MEDICINA GENERAL ";"37";"39";"114";"114";"14";"434";"1"
"2023";"08";"060601";"CAJAMARCA";"CUTERVO";"CUTERVO";"GOBIERNO REGIONAL";"II-1";"00004981";"SANTA MARIA DE CUTERVO";"240100";"HOSPITALIZACIÓN QUIRÚRGICA CIRUGÍA GENERAL ";"44";"45";"155";"165";"7";"217";"0"
"2023";"08";"060601";"CAJAMARCA";"CUTERVO";"CUTERVO";"GOBIERNO REGIONAL";"II-1";"00004981";"SANTA MARIA DE CUTERVO";"241400";"HOSPITALIZACIÓN QUIRÚRGICA GINECO - OBSTETRICIA ";"129";"125";"228";"224";"12";"372";"0"
"2023";"08";"060601";"CAJAMARCA";"CUTERVO";"CUTERVO";"GOBIERNO REGIONAL";"II-1";"00004981";"SANTA MARIA DE CUTERVO";"241800";"HOSPITALIZACIÓN DE MEDICINA MEDICINA GENERAL ";"17";"15";"82";"140";"6";"186";"0"
"2023";"08";"060601";"CAJAMARCA";"CUTERVO";"CUTERVO";"GOBIERNO REGIONAL";"II-1";"00004981";"SANTA MARIA DE CUTERVO";"242500";"HOSPITALIZACIÓN-PEDIATRÍA GENERAL-";"47";"45";"118";"78";"5";"155";"0"
"2023";"08";"150117";"LIMA";"LIMA";"LOS OLIVOS";"PRIVADO";"II-E";"00026936";"CLINICA AVIVA SEDE LOS OLIVOS";"240000";"HOSPITALIZACIÓN";"369";"344";"752";"369";"22";"682";"1"
"2023";"08";"050201";"AYACUCHO";"CANGALLO";"CANGALLO";"GOBIERNO REGIONAL";"I-1";"00006607";"PUESTO DE SALUD CHICHUCANCHA";"NE_0001";"";"NE_0001";"NE_0001";"NE_0001";"NE_0001";"NE_0001";"NE_0001";"NE_0001"
"2023";"08";"050203";"AYACUCHO";"CANGALLO";"LOS MOROCHUCOS";"GOBIERNO REGIONAL";"I-1";"00007302";"PUESTO DE SALUD SATICA";"NE_0001";"";"NE_0001";"NE_0001";"NE_0001";"NE_0001";"NE_0001";"NE_0001";"NE_0001"
"2023";"08";"050201";"AYACUCHO";"CANGALLO";"CANGALLO";"GOBIERNO REGIONAL";"I-1";"00003496";"PUESTO DE SALUD HUANCARUCMA";"NE_0001";"";"NE_0001";"NE_0001";"NE_0001";"NE_0001";"NE_0001";"NE_0001";"NE_0001"
"2023";"08";"050201";"AYACUCHO";"CANGALLO";"CANGALLO";"GOBIERNO REGIONAL";"I-1";"00003497";"PUESTO DE SALUD PUTICA";"NE_0001";"";"NE_0001";"NE_0001";"NE_0001";"NE_0001";"NE_0001";"NE_0001";"NE_0001"
"2023";"08";"050203";"AYACUCHO";"CANGALLO";"LOS MOROCHUCOS";"GOBIERNO REGIONAL";"I-4";"00003507";"CENTRO DE SALUD PAMPA CANGALLO";"240100";"HOSPITALIZACIÓN QUIRÚRGICA CIRUGÍA GENERAL ";"22";"9";"9";"8";"8";"10";"0"
"2023";"08";"050203";"AYACUCHO";"CANGALLO";"LOS MOROCHUCOS";"GOBIERNO REGIONAL";"I-2";"00003508";"PUESTO DE SALUD CHANQUIL";"NE_0001";"";"NE_0001";"NE_0001";"NE_0001";"NE_0001";"NE_0001";"NE_0001";"NE_0001"
"2023";"08";"050201";"AYACUCHO";"CANGALLO";"CANGALLO";"GOBIERNO REGIONAL";"I-1";"00003495";"PUESTO DE SALUD HUAHUAPUQUIO";"NE_0001";"";"NE_0001";"NE_0001";"NE_0001";"NE_0001";"NE_0001";"NE_0001";"NE_0001"
"2023";"08";"051002";"AYACUCHO";"VICTOR FAJARDO";"ALCAMENCA";"GOBIERNO REGIONAL";"I-1";"00003499";"PUESTO DE SALUD HUAMBO";"NE_0001";"";"NE_0001";"NE_0001";"NE_0001";"NE_0001";"NE_0001";"NE_0001";"NE_0001"
"2023";"08";"050203";"AYACUCHO";"CANGALLO";"LOS MOROCHUCOS";"GOBIERNO REGIONAL";"I-1";"00017084";"PUESTO DE SALUD JUSCAYMARCA";"NE_0001";"";"NE_0001";"NE_0001";"NE_0001";"NE_0001";"NE_0001";"NE_0001";"NE_0001"
"2023";"08";"051002";"AYACUCHO";"VICTOR FAJARDO";"ALCAMENCA";"GOBIERNO REGIONAL";"I-1";"00003498";"PUESTO DE SALUD ALCAMENCA";"NE_0001";"";"NE_0001";"NE_0001";"NE_0001";"NE_0001";"NE_0001";"NE_0001";"NE_0001"
"2023";"08";"150118";"LIMA";"LIMA";"LURIGANCHO";"MINSA";"II-2";"00005947";"HOSPITAL DE MEDIANA COMPLEJIDAD JOSE AGURTO TELLO";"241900";"HOSPITALIZACIÓN DE MEDICINA MEDICINA INTERNA ";"57";"46";"357";"346";"12";"372";"2"
"2023";"08";"150118";"LIMA";"LIMA";"LURIGANCHO";"MINSA";"II-2";"00005947";"HOSPITAL DE MEDIANA COMPLEJIDAD JOSE AGURTO TELLO";"240100";"HOSPITALIZACIÓN QUIRÚRGICA CIRUGÍA GENERAL ";"124";"114";"303";"324";"17";"527";"0"
"2023";"08";"150118";"LIMA";"LIMA";"LURIGANCHO";"MINSA";"II-2";"00005947";"HOSPITAL DE MEDIANA COMPLEJIDAD JOSE AGURTO TELLO";"241200";"HOSPITALIZACIÓN QUIRÚRGICA TRAUMATOLOGÍA Y ORTOPEDIA ";"41";"39";"148";"125";"5";"155";"0"
"2023";"08";"150118";"LIMA";"LIMA";"LURIGANCHO";"MINSA";"II-2";"00005947";"HOSPITAL DE MEDIANA COMPLEJIDAD JOSE AGURTO TELLO";"243200";"HOSPITALIZACIÓN DE PEDIATRÍA PEDIATRIA NEONATOLOGÍA";"24";"21";"89";"94";"5";"155";"0"
"2023";"08";"150118";"LIMA";"LIMA";"LURIGANCHO";"MINSA";"II-2";"00005947";"HOSPITAL DE MEDIANA COMPLEJIDAD JOSE AGURTO TELLO";"242500";"HOSPITALIZACIÓN-PEDIATRÍA GENERAL-";"35";"30";"156";"162";"7";"217";"0"
"2023";"08";"150118";"LIMA";"LIMA";"LURIGANCHO";"MINSA";"II-2";"00005947";"HOSPITAL DE MEDIANA COMPLEJIDAD JOSE AGURTO TELLO";"241500";"HOSPITALIZACIÓN QUIRÚRGICA GINECOLOGÍA  ";"13";"10";"44";"55";"5";"155";"0"
"2023";"08";"150118";"LIMA";"LIMA";"LURIGANCHO";"MINSA";"II-2";"00005947";"HOSPITAL DE MEDIANA COMPLEJIDAD JOSE AGURTO TELLO";"241600";"HOSPITALIZACIÓN QUIRÚRGICA OBSTETRICIA   ";"134";"124";"296";"302";"16";"496";"0"
"2023";"08";"200701";"PIURA";"TALARA";"PARIÑAS";"PRIVADO";"II-1";"00011396";"ADMINISTRADORA CLINICA TRESA";"241900";"HOSPITALIZACIÓN DE MEDICINA MEDICINA INTERNA ";"18";"16";"33";"168";"6";"186";"0"
"2023";"08";"200701";"PIURA";"TALARA";"PARIÑAS";"PRIVADO";"II-1";"00011396";"ADMINISTRADORA CLINICA TRESA";"240100";"HOSPITALIZACIÓN QUIRÚRGICA CIRUGÍA GENERAL ";"11";"11";"27";"83";"3";"93";"0"
"2023";"08";"200701";"PIURA";"TALARA";"PARIÑAS";"PRIVADO";"II-1";"00011396";"ADMINISTRADORA CLINICA TRESA";"241200";"HOSPITALIZACIÓN QUIRÚRGICA TRAUMATOLOGÍA Y ORTOPEDIA ";"6";"4";"15";"28";"1";"31";"0"
"2023";"08";"200701";"PIURA";"TALARA";"PARIÑAS";"PRIVADO";"II-1";"00011396";"ADMINISTRADORA CLINICA TRESA";"241500";"HOSPITALIZACIÓN QUIRÚRGICA GINECOLOGÍA  ";"2";"2";"4";"56";"2";"62";"0"
"2023";"08";"200701";"PIURA";"TALARA";"PARIÑAS";"PRIVADO";"II-1";"00011396";"ADMINISTRADORA CLINICA TRESA";"242300";"HOSPITALIZACIÓN DE PEDIATRÍA  PEDIATRÍA  GENERAL ";"7";"6";"15";"84";"3";"93";"0"
"2023";"08";"150101";"LIMA";"LIMA";"LIMA";"PRIVADO";"II-2";"00008281";"CLINICA MAISON DE SANTE  DE LIMA";"250100";"UNIDAD DE CUIDADOS CRITICOS UNIDAD  DE CUIDADOS INTENSIVOS GENERALES (UCI) ";"6";"4";"175";"179";"8";"248";"2"
"2023";"08";"200104";"PIURA";"PIURA";"CASTILLA";"PRIVADO";"0";"00013494";"AUNA CLINICA MIRAFLORES";"240000";"HOSPITALIZACIÓN";"65";"254";"1034";"981";"40";"1240";"1"
"2023";"08";"200104";"PIURA";"PIURA";"CASTILLA";"PRIVADO";"0";"00013494";"AUNA CLINICA MIRAFLORES";"250100";"UNIDAD DE CUIDADOS CRITICOS UNIDAD  DE CUIDADOS INTENSIVOS GENERALES (UCI) ";"2";"0";"0";"69";"6";"186";"0"
"2023";"08";"060101";"CAJAMARCA";"CAJAMARCA";"CAJAMARCA";"PRIVADO";"II-1";"00009599";"CLINICA SAN FRANCISCO DE ASIS S.A.";"241500";"HOSPITALIZACIÓN QUIRÚRGICA GINECOLOGÍA  ";"1";"1";"1";"1";"2";"62";"0"
"2023";"08";"060101";"CAJAMARCA";"CAJAMARCA";"CAJAMARCA";"PRIVADO";"II-1";"00009599";"CLINICA SAN FRANCISCO DE ASIS S.A.";"241900";"HOSPITALIZACIÓN DE MEDICINA MEDICINA INTERNA ";"3";"3";"6";"3";"2";"62";"0"
"2023";"08";"060101";"CAJAMARCA";"CAJAMARCA";"CAJAMARCA";"PRIVADO";"II-1";"00009599";"CLINICA SAN FRANCISCO DE ASIS S.A.";"244300";"HOSPITALIZACIÓN DE MEDICINA GASTROENTEROLOGÍA  ";"1";"1";"2";"1";"2";"62";"0"
"2023";"08";"060101";"CAJAMARCA";"CAJAMARCA";"CAJAMARCA";"PRIVADO";"II-1";"00009599";"CLINICA SAN FRANCISCO DE ASIS S.A.";"244700";"HOSPITALIZACIÓN DE MEDICINA NEUROLOGIA  ";"1";"1";"5";"1";"2";"62";"0"
"2023";"08";"070101";"CALLAO";"CALLAO";"CALLAO";"PRIVADO";"I-3";"00021094";"LIMATAMBO SEDE MINKA II";"NE_0001";"";"NE_0001";"NE_0001";"NE_0001";"NE_0001";"NE_0001";"NE_0001";"NE_0001"
"2023";"08";"100201";"HUANUCO";"AMBO";"AMBO";"ESSALUD";"I-3";"00009957";"CENTRO MEDICO LEONCIO PRADO - AMBO";"NE_0001";"";"NE_0001";"NE_0001";"NE_0001";"NE_0001";"NE_0001";"NE_0001";"NE_0001"
"2023";"08";"150113";"LIMA";"LIMA";"JESUS MARIA";"PRIVADO";"II-E";"00017173";"CLINICA PORVENIR";"241400";"HOSPITALIZACIÓN QUIRÚRGICA GINECO - OBSTETRICIA ";"38";"37";"59";"38";"3";"93";"0"
"2023";"08";"150113";"LIMA";"LIMA";"JESUS MARIA";"PRIVADO";"II-E";"00017173";"CLINICA PORVENIR";"241300";"HOSPITALIZACIÓN QUIRÚRGICA UROLOGÍA  ";"14";"13";"22";"14";"2";"62";"0"
"2023";"08";"150113";"LIMA";"LIMA";"JESUS MARIA";"PRIVADO";"II-E";"00017173";"CLINICA PORVENIR";"241000";"HOSPITALIZACIÓN QUIRÚRGICA ONCOLOGÍA QUIRÚRGICA  ";"1";"1";"1";"1";"1";"31";"0"
"2023";"08";"150113";"LIMA";"LIMA";"JESUS MARIA";"PRIVADO";"II-E";"00017173";"CLINICA PORVENIR";"240200";"HOSPITALIZACIÓN QUIRÚRGICA CIRUGÍA DE CABEZA Y CUELLO / MÁXILO FACIAL ";"1";"1";"1";"1";"1";"31";"0"
"2023";"08";"150113";"LIMA";"LIMA";"JESUS MARIA";"PRIVADO";"II-E";"00017173";"CLINICA PORVENIR";"241200";"HOSPITALIZACIÓN QUIRÚRGICA TRAUMATOLOGÍA Y ORTOPEDIA ";"1";"1";"1";"1";"1";"31";"0"
"2023";"08";"070101";"CALLAO";"CALLAO";"CALLAO";"PRIVADO";"I-2";"00011182";"CONSULTORIOS LIMATAMBO SEDE MINKA";"NE_0001";"";"NE_0001";"NE_0001";"NE_0001";"NE_0001";"NE_0001";"NE_0001";"NE_0001"
"2023";"08";"240101";"TUMBES";"TUMBES";"TUMBES";"GOBIERNO REGIONAL";"II-2";"00017077";"HOSPITAL REGIONAL JOSE ALFREDO MENDOZA OLAVARRIA JAMO II-2";"240100";"HOSPITALIZACIÓN QUIRÚRGICA CIRUGÍA GENERAL ";"144";"156";"685";"555";"30";"930";"1"
"2023";"08";"240101";"TUMBES";"TUMBES";"TUMBES";"GOBIERNO REGIONAL";"II-2";"00017077";"HOSPITAL REGIONAL JOSE ALFREDO MENDOZA OLAVARRIA JAMO II-2";"241800";"HOSPITALIZACIÓN DE MEDICINA MEDICINA GENERAL ";"46";"70";"596";"537";"22";"682";"5"
"2023";"08";"240101";"TUMBES";"TUMBES";"TUMBES";"GOBIERNO REGIONAL";"II-2";"00017077";"HOSPITAL REGIONAL JOSE ALFREDO MENDOZA OLAVARRIA JAMO II-2";"242500";"HOSPITALIZACIÓN-PEDIATRÍA GENERAL-";"57";"70";"349";"288";"12";"372";"0"
"2023";"08";"240101";"TUMBES";"TUMBES";"TUMBES";"GOBIERNO REGIONAL";"II-2";"00017077";"HOSPITAL REGIONAL JOSE ALFREDO MENDOZA OLAVARRIA JAMO II-2";"243200";"HOSPITALIZACIÓN DE PEDIATRÍA PEDIATRIA NEONATOLOGÍA";"20";"25";"198";"140";"5";"155";"2"
"2023";"08";"240101";"TUMBES";"TUMBES";"TUMBES";"GOBIERNO REGIONAL";"II-2";"00017077";"HOSPITAL REGIONAL JOSE ALFREDO MENDOZA OLAVARRIA JAMO II-2";"250103";"UNIDAD DE CUIDADOS CRITICOS UNIDAD  DE CUIDADOS INTENSIVOS GENERALES  (UCI) MEDICINA";"6";"10";"136";"126";"6";"186";"6"
"2023";"05";"080910";"CUSCO";"LA CONVENCION";"PICHARI";"GOBIERNO REGIONAL";"I-2";"00002498";"PUERTO MAYO";"NE_0001";"";"NE_0001";"NE_0001";"NE_0001";"NE_0001";"NE_0001";"NE_0001";"NE_0001"
"2023";"03";"060602";"CAJAMARCA";"CUTERVO";"CALLAYUC";"GOBIERNO REGIONAL";"I-3";"00004959";"CALLAYUC";"NE_0001";"";"NE_0001";"NE_0001";"NE_0001";"NE_0001";"NE_0001";"NE_0001";"NE_0001"
"2023";"03";"060602";"CAJAMARCA";"CUTERVO";"CALLAYUC";"GOBIERNO REGIONAL";"I-1";"00006835";"CHURAS";"NE_0001";"";"NE_0001";"NE_0001";"NE_0001";"NE_0001";"NE_0001";"NE_0001";"NE_0001"
"2023";"03";"060602";"CAJAMARCA";"CUTERVO";"CALLAYUC";"GOBIERNO REGIONAL";"I-1";"00006829";"PUQUIO DE CALLAYUC";"NE_0001";"";"NE_0001";"NE_0001";"NE_0001";"NE_0001";"NE_0001";"NE_0001";"NE_0001"
"2023";"03";"060602";"CAJAMARCA";"CUTERVO";"CALLAYUC";"GOBIERNO REGIONAL";"I-1";"00007369";"CHONTAS";"NE_0001";"";"NE_0001";"NE_0001";"NE_0001";"NE_0001";"NE_0001";"NE_0001";"NE_0001"
"2023";"03";"060602";"CAJAMARCA";"CUTERVO";"CALLAYUC";"GOBIERNO REGIONAL";"I-1";"00004961";"SAN JOSE DE LIRIO";"NE_0001";"";"NE_0001";"NE_0001";"NE_0001";"NE_0001";"NE_0001";"NE_0001";"NE_0001"
"2023";"03";"060602";"CAJAMARCA";"CUTERVO";"CALLAYUC";"GOBIERNO REGIONAL";"I-1";"00006830";"FILADELFIA";"NE_0001";"";"NE_0001";"NE_0001";"NE_0001";"NE_0001";"NE_0001";"NE_0001";"NE_0001"
"2023";"03";"060602";"CAJAMARCA";"CUTERVO";"CALLAYUC";"GOBIERNO REGIONAL";"I-2";"00004960";"EL CUMBE";"NE_0001";"";"NE_0001";"NE_0001";"NE_0001";"NE_0001";"NE_0001";"NE_0001";"NE_0001"
"2023";"05";"150801";"LIMA";"HUAURA";"HUACHO";"PRIVADO";"II-1";"00010883";"CLINICA SAN PEDRO";"240100";"HOSPITALIZACIÓN QUIRÚRGICA CIRUGÍA GENERAL ";"23";"22";"21";"23";"2";"60";"0"
"2023";"05";"150801";"LIMA";"HUAURA";"HUACHO";"PRIVADO";"II-1";"00010883";"CLINICA SAN PEDRO";"240800";"HOSPITALIZACIÓN QUIRÚRGICA CIRUGÍA PLÁSTICA/RECONSTRUCTIVA/ REPARADORA ";"3";"3";"0";"3";"1";"30";"0"
"2023";"05";"150801";"LIMA";"HUAURA";"HUACHO";"PRIVADO";"II-1";"00010883";"CLINICA SAN PEDRO";"241500";"HOSPITALIZACIÓN QUIRÚRGICA GINECOLOGÍA  ";"20";"19";"27";"20";"4";"120";"0"
"2023";"05";"150801";"LIMA";"HUAURA";"HUACHO";"PRIVADO";"II-1";"00010883";"CLINICA SAN PEDRO";"241200";"HOSPITALIZACIÓN QUIRÚRGICA TRAUMATOLOGÍA Y ORTOPEDIA ";"39";"37";"45";"29";"2";"60";"0"
"2023";"05";"080910";"CUSCO";"LA CONVENCION";"PICHARI";"GOBIERNO REGIONAL";"I-2";"00007113";"NATIVIDAD";"NE_0001";"";"NE_0001";"NE_0001";"NE_0001";"NE_0001";"NE_0001";"NE_0001";"NE_0001"
"2023";"05";"080910";"CUSCO";"LA CONVENCION";"PICHARI";"GOBIERNO REGIONAL";"I-4";"00002494";"PICHARI";"NE_0001";"";"NE_0001";"NE_0001";"NE_0001";"NE_0001";"NE_0001";"NE_0001";"NE_0001"
"2023";"05";"080910";"CUSCO";"LA CONVENCION";"PICHARI";"GOBIERNO REGIONAL";"I-1";"00002497";"OTARI";"NE_0001";"";"NE_0001";"NE_0001";"NE_0001";"NE_0001";"NE_0001";"NE_0001";"NE_0001"
"2023";"06";"040129";"AREQUIPA";"AREQUIPA";"JOSE LUIS BUSTAMANTE Y RIVERO";"GOBIERNO REGIONAL";"I-3";"00001257";"CENTRO DE SALUD VICTOR RAUL HINOJOSA LLERENA";"NE_0001";"";"NE_0001";"NE_0001";"NE_0001";"NE_0001";"NE_0001";"NE_0001";"NE_0001"
"2023";"06";"150136";"LIMA";"LIMA";"SAN MIGUEL";"PRIVADO";"II-2";"00014501";"CLINICA SAN GABRIEL S.A.C.";"240000";"HOSPITALIZACIÓN";"738";"722";"2177";"2841";"99";"2970";"2"
"2023";"06";"150136";"LIMA";"LIMA";"SAN MIGUEL";"PRIVADO";"II-2";"00014501";"CLINICA SAN GABRIEL S.A.C.";"250100";"UNIDAD DE CUIDADOS CRITICOS UNIDAD  DE CUIDADOS INTENSIVOS GENERALES (UCI) ";"46";"47";"131";"161";"12";"360";"5"
"2023";"06";"150136";"LIMA";"LIMA";"SAN MIGUEL";"PRIVADO";"II-2";"00014501";"CLINICA SAN GABRIEL S.A.C.";"250105";"UNIDAD DE CUIDADOS CRITICOS UNIDAD  DE CUIDADOS INTENSIVOS  (UCI) NEONATOLOGÍA";"4";"4";"50";"24";"6";"180";"0"
"2023";"06";"081102";"CUSCO";"PAUCARTAMBO";"CAICAY";"GOBIERNO REGIONAL";"I-1";"00002512";"CAICAY";"NE_0002";"";"NE_0002";"NE_0002";"NE_0002";"NE_0002";"NE_0002";"NE_0002";"NE_0002"
"2023";"06";"081104";"CUSCO";"PAUCARTAMBO";"COLQUEPATA";"GOBIERNO REGIONAL";"I-1";"00006979";"TOCRA";"NE_0002";"";"NE_0002";"NE_0002";"NE_0002";"NE_0002";"NE_0002";"NE_0002";"NE_0002"
"2023";"06";"081101";"CUSCO";"PAUCARTAMBO";"PAUCARTAMBO";"GOBIERNO REGIONAL";"I-4";"00002510";"PAUCARTAMBO";"NE_0002";"";"NE_0002";"NE_0002";"NE_0002";"NE_0002";"NE_0002";"NE_0002";"NE_0002"
"2023";"06";"081104";"CUSCO";"PAUCARTAMBO";"COLQUEPATA";"GOBIERNO REGIONAL";"I-1";"00002517";"PICHIHUA COLQUEPATA";"NE_0002";"";"NE_0002";"NE_0002";"NE_0002";"NE_0002";"NE_0002";"NE_0002";"NE_0002"
"2023";"06";"081106";"CUSCO";"PAUCARTAMBO";"KOSÑIPATA";"GOBIERNO REGIONAL";"I-3";"00002521";"PILCOPATA";"NE_0002";"";"NE_0002";"NE_0002";"NE_0002";"NE_0002";"NE_0002";"NE_0002";"NE_0002"
"2023";"06";"081104";"CUSCO";"PAUCARTAMBO";"COLQUEPATA";"GOBIERNO REGIONAL";"I-2";"00002518";"VIZCOCHONI";"NE_0002";"";"NE_0002";"NE_0002";"NE_0002";"NE_0002";"NE_0002";"NE_0002";"NE_0002"
"2023";"06";"081105";"CUSCO";"PAUCARTAMBO";"HUANCARANI";"GOBIERNO REGIONAL";"I-4";"00002520";"HUANCARANI";"NE_0002";"";"NE_0002";"NE_0002";"NE_0002";"NE_0002";"NE_0002";"NE_0002";"NE_0002"
"2023";"06";"081106";"CUSCO";"PAUCARTAMBO";"KOSÑIPATA";"GOBIERNO REGIONAL";"I-2";"00002522";"PATRIA";"NE_0002";"";"NE_0002";"NE_0002";"NE_0002";"NE_0002";"NE_0002";"NE_0002";"NE_0002"
"2023";"06";"081101";"CUSCO";"PAUCARTAMBO";"PAUCARTAMBO";"GOBIERNO REGIONAL";"I-2";"00002511";"MOLLOMARCA";"NE_0002";"";"NE_0002";"NE_0002";"NE_0002";"NE_0002";"NE_0002";"NE_0002";"NE_0002"
"2023";"06";"081103";"CUSCO";"PAUCARTAMBO";"CHALLABAMBA";"GOBIERNO REGIONAL";"I-3";"00002514";"CHALLABAMBA";"NE_0002";"";"NE_0002";"NE_0002";"NE_0002";"NE_0002";"NE_0002";"NE_0002";"NE_0002"
"2023";"06";"081104";"CUSCO";"PAUCARTAMBO";"COLQUEPATA";"GOBIERNO REGIONAL";"I-2";"00002516";"COLQUEPATA";"NE_0002";"";"NE_0002";"NE_0002";"NE_0002";"NE_0002";"NE_0002";"NE_0002";"NE_0002"
"2023";"06";"081104";"CUSCO";"PAUCARTAMBO";"COLQUEPATA";"GOBIERNO REGIONAL";"I-1";"00002519";"AYRE";"NE_0002";"";"NE_0002";"NE_0002";"NE_0002";"NE_0002";"NE_0002";"NE_0002";"NE_0002"
"2023";"06";"081102";"CUSCO";"PAUCARTAMBO";"CAICAY";"GOBIERNO REGIONAL";"I-1";"00002513";"HUASAC";"NE_0002";"";"NE_0002";"NE_0002";"NE_0002";"NE_0002";"NE_0002";"NE_0002";"NE_0002"
"2023";"06";"040104";"AREQUIPA";"AREQUIPA";"CERRO COLORADO";"SANIDAD DE LA FUERZA AEREA DEL PERU";"II-E";"00011448";"HOSPITAL REGIONAL DEL SUR";"240000";"HOSPITALIZACIÓN";"6";"6";"39";"75";"20";"525";"0"
"2023";"06";"060101";"CAJAMARCA";"CAJAMARCA";"CAJAMARCA";"PRIVADO";"II-1";"00009591";"CLINICA LIMATAMBO CAJAMARCA S.A.C.";"240000";"HOSPITALIZACIÓN";"152";"148";"344";"348";"33";"720";"2"
"2023";"06";"210501";"PUNO";"EL COLLAO";"ILAVE";"GOBIERNO REGIONAL";"II-1";"00003032";"ILAVE";"240100";"HOSPITALIZACIÓN QUIRÚRGICA CIRUGÍA GENERAL ";"8";"9";"24";"32";"5";"150";"0"
"2023";"06";"210501";"PUNO";"EL COLLAO";"ILAVE";"GOBIERNO REGIONAL";"II-1";"00003032";"ILAVE";"241500";"HOSPITALIZACIÓN QUIRÚRGICA GINECOLOGÍA  ";"1";"1";"2";"3";"1";"30";"0"
"2023";"06";"210501";"PUNO";"EL COLLAO";"ILAVE";"GOBIERNO REGIONAL";"II-1";"00003032";"ILAVE";"241600";"HOSPITALIZACIÓN QUIRÚRGICA OBSTETRICIA   ";"78";"78";"159";"237";"11";"330";"0"
"2023";"06";"210501";"PUNO";"EL COLLAO";"ILAVE";"GOBIERNO REGIONAL";"II-1";"00003032";"ILAVE";"241800";"HOSPITALIZACIÓN DE MEDICINA MEDICINA GENERAL ";"29";"32";"133";"162";"9";"270";"4"
"2023";"06";"210501";"PUNO";"EL COLLAO";"ILAVE";"GOBIERNO REGIONAL";"II-1";"00003032";"ILAVE";"242500";"HOSPITALIZACIÓN-PEDIATRÍA GENERAL-";"14";"11";"49";"63";"3";"90";"0"
"2023";"06";"210501";"PUNO";"EL COLLAO";"ILAVE";"GOBIERNO REGIONAL";"II-1";"00003032";"ILAVE";"243200";"HOSPITALIZACIÓN DE PEDIATRÍA PEDIATRIA NEONATOLOGÍA";"4";"3";"20";"24";"2";"60";"0"
"2023";"06";"130601";"LA LIBERTAD";"OTUZCO";"OTUZCO";"GOBIERNO REGIONAL";"II-1";"00005314";"HOSPITAL DE APOYO OTUZCO ELPIDIO BEROVIDES PEREZ";"240100";"HOSPITALIZACIÓN QUIRÚRGICA CIRUGÍA GENERAL ";"22";"24";"71";"54";"3";"97";"0"
"2023";"06";"130601";"LA LIBERTAD";"OTUZCO";"OTUZCO";"GOBIERNO REGIONAL";"II-1";"00005314";"HOSPITAL DE APOYO OTUZCO ELPIDIO BEROVIDES PEREZ";"241800";"HOSPITALIZACIÓN DE MEDICINA MEDICINA GENERAL ";"19";"17";"75";"90";"5";"143";"3"
"2023";"06";"130601";"LA LIBERTAD";"OTUZCO";"OTUZCO";"GOBIERNO REGIONAL";"II-1";"00005314";"HOSPITAL DE APOYO OTUZCO ELPIDIO BEROVIDES PEREZ";"242300";"HOSPITALIZACIÓN DE PEDIATRÍA  PEDIATRÍA  GENERAL ";"11";"11";"54";"54";"4";"120";"0"
"2023";"06";"130601";"LA LIBERTAD";"OTUZCO";"OTUZCO";"GOBIERNO REGIONAL";"II-1";"00005314";"HOSPITAL DE APOYO OTUZCO ELPIDIO BEROVIDES PEREZ";"241400";"HOSPITALIZACIÓN QUIRÚRGICA GINECO - OBSTETRICIA ";"17";"18";"39";"36";"3";"90";"0"
"2023";"06";"130601";"LA LIBERTAD";"OTUZCO";"OTUZCO";"GOBIERNO REGIONAL";"II-1";"00005314";"HOSPITAL DE APOYO OTUZCO ELPIDIO BEROVIDES PEREZ";"241500";"HOSPITALIZACIÓN QUIRÚRGICA GINECOLOGÍA  ";"31";"27";"42";"51";"3";"90";"0"
"2023";"06";"130601";"LA LIBERTAD";"OTUZCO";"OTUZCO";"GOBIERNO REGIONAL";"II-1";"00005314";"HOSPITAL DE APOYO OTUZCO ELPIDIO BEROVIDES PEREZ";"241600";"HOSPITALIZACIÓN QUIRÚRGICA OBSTETRICIA   ";"25";"28";"55";"45";"3";"90";"0"
"2023";"06";"150120";"LIMA";"LIMA";"MAGDALENA DEL MAR";"PRIVADO";"II-E";"00011803";"CLINICA VIRGEN DEL ROSARIO SRL";"240000";"HOSPITALIZACIÓN";"160";"150";"426";"166";"24";"690";"0"
"2023";"06";"021801";"ANCASH";"SANTA";"CHIMBOTE";"PRIVADO";"II-1";"00016552";"CLINICA ROBLES S.A.C.";"240100";"HOSPITALIZACIÓN QUIRÚRGICA CIRUGÍA GENERAL ";"54";"46";"60";"114";"10";"300";"0"
"2023";"06";"021801";"ANCASH";"SANTA";"CHIMBOTE";"PRIVADO";"II-1";"00016552";"CLINICA ROBLES S.A.C.";"241400";"HOSPITALIZACIÓN QUIRÚRGICA GINECO - OBSTETRICIA ";"31";"17";"18";"150";"10";"300";"0"
"2023";"06";"140101";"LAMBAYEQUE";"CHICLAYO";"CHICLAYO";"PRIVADO";"II-E";"00016192";"CLÍNICA CHICLAYO S.A";"240100";"HOSPITALIZACIÓN QUIRÚRGICA CIRUGÍA GENERAL ";"70";"70";"72";"98";"6";"186";"0"
"2023";"06";"140101";"LAMBAYEQUE";"CHICLAYO";"CHICLAYO";"PRIVADO";"II-E";"00016192";"CLÍNICA CHICLAYO S.A";"241400";"HOSPITALIZACIÓN QUIRÚRGICA GINECO - OBSTETRICIA ";"66";"65";"81";"98";"7";"215";"0"
"2023";"06";"140101";"LAMBAYEQUE";"CHICLAYO";"CHICLAYO";"PRIVADO";"II-E";"00016192";"CLÍNICA CHICLAYO S.A";"242300";"HOSPITALIZACIÓN DE PEDIATRÍA  PEDIATRÍA  GENERAL ";"44";"43";"45";"49";"5";"153";"0"
"2023";"06";"140101";"LAMBAYEQUE";"CHICLAYO";"CHICLAYO";"PRIVADO";"II-E";"00016192";"CLÍNICA CHICLAYO S.A";"241200";"HOSPITALIZACIÓN QUIRÚRGICA TRAUMATOLOGÍA Y ORTOPEDIA ";"31";"31";"32";"70";"5";"153";"0"
"2023";"06";"140101";"LAMBAYEQUE";"CHICLAYO";"CHICLAYO";"PRIVADO";"II-E";"00016192";"CLÍNICA CHICLAYO S.A";"240800";"HOSPITALIZACIÓN QUIRÚRGICA CIRUGÍA PLÁSTICA/RECONSTRUCTIVA/ REPARADORA ";"1";"1";"2";"2";"1";"23";"0"
"2023";"06";"140101";"LAMBAYEQUE";"CHICLAYO";"CHICLAYO";"PRIVADO";"II-E";"00016192";"CLÍNICA CHICLAYO S.A";"241300";"HOSPITALIZACIÓN QUIRÚRGICA UROLOGÍA  ";"6";"6";"7";"19";"1";"30";"0"
"2023";"06";"140101";"LAMBAYEQUE";"CHICLAYO";"CHICLAYO";"PRIVADO";"II-E";"00016192";"CLÍNICA CHICLAYO S.A";"241900";"HOSPITALIZACIÓN DE MEDICINA MEDICINA INTERNA ";"5";"5";"6";"14";"1";"31";"1"
"2023";"06";"140101";"LAMBAYEQUE";"CHICLAYO";"CHICLAYO";"PRIVADO";"II-E";"00016192";"CLÍNICA CHICLAYO S.A";"244700";"HOSPITALIZACIÓN DE MEDICINA NEUROLOGIA  ";"1";"1";"2";"2";"1";"22";"0"
"2023";"06";"060307";"CAJAMARCA";"CELENDIN";"MIGUEL IGLESIAS";"GOBIERNO REGIONAL";"I-3";"00004478";"MIGUEL IGLESIAS";"NE_0001";"";"NE_0001";"NE_0001";"NE_0001";"NE_0001";"NE_0001";"NE_0001";"NE_0001"
"2023";"06";"060307";"CAJAMARCA";"CELENDIN";"MIGUEL IGLESIAS";"GOBIERNO REGIONAL";"I-1";"00009085";"MUYOC GRANDE";"NE_0001";"";"NE_0001";"NE_0001";"NE_0001";"NE_0001";"NE_0001";"NE_0001";"NE_0001"
"2023";"06";"060302";"CAJAMARCA";"CELENDIN";"CHUMUCH";"GOBIERNO REGIONAL";"I-1";"00004479";"CHUMUCH";"NE_0001";"";"NE_0001";"NE_0001";"NE_0001";"NE_0001";"NE_0001";"NE_0001";"NE_0001"
"2023";"06";"200101";"PIURA";"PIURA";"PIURA";"PRIVADO";"II-E";"00012918";"OFTALMOLOGOS ASOCIADOS VER SAC";"NE_0001";"";"NE_0001";"NE_0001";"NE_0001";"NE_0001";"NE_0001";"NE_0001";"NE_0001"
"2023";"06";"080913";"CUSCO";"LA CONVENCION";"VILLA KINTIARINA";"GOBIERNO REGIONAL";"I-3";"00002488";"VILLA KINTIARINA";"NE_0001";"";"NE_0001";"NE_0001";"NE_0001";"NE_0001";"NE_0001";"NE_0001";"NE_0001"
"2023";"06";"080907";"CUSCO";"LA CONVENCION";"KIMBIRI";"GOBIERNO REGIONAL";"I-2";"00002472";"MAPITUNARI";"NE_0001";"";"NE_0001";"NE_0001";"NE_0001";"NE_0001";"NE_0001";"NE_0001";"NE_0001"
"2023";"06";"080907";"CUSCO";"LA CONVENCION";"KIMBIRI";"GOBIERNO REGIONAL";"I-2";"00002475";"KIMBIRI ALTO";"NE_0001";"";"NE_0001";"NE_0001";"NE_0001";"NE_0001";"NE_0001";"NE_0001";"NE_0001"
"2023";"06";"080912";"CUSCO";"LA CONVENCION";"VILLA VIRGEN";"GOBIERNO REGIONAL";"I-2";"00002479";"VILLA VIRGEN";"NE_0001";"";"NE_0001";"NE_0001";"NE_0001";"NE_0001";"NE_0001";"NE_0001";"NE_0001"
"2023";"06";"080907";"CUSCO";"LA CONVENCION";"KIMBIRI";"GOBIERNO REGIONAL";"I-1";"00002473";"UNION ROSALES";"NE_0001";"";"NE_0001";"NE_0001";"NE_0001";"NE_0001";"NE_0001";"NE_0001";"NE_0001"
"2023";"06";"080907";"CUSCO";"LA CONVENCION";"KIMBIRI";"GOBIERNO REGIONAL";"I-2";"00002474";"SAMANIATO";"NE_0001";"";"NE_0001";"NE_0001";"NE_0001";"NE_0001";"NE_0001";"NE_0001";"NE_0001"
"2023";"06";"080907";"CUSCO";"LA CONVENCION";"KIMBIRI";"GOBIERNO REGIONAL";"I-1";"00008284";"MANITEA ALTA";"NE_0001";"";"NE_0001";"NE_0001";"NE_0001";"NE_0001";"NE_0001";"NE_0001";"NE_0001"
"2023";"06";"080907";"CUSCO";"LA CONVENCION";"KIMBIRI";"GOBIERNO REGIONAL";"I-2";"00008285";"ANGELES";"NE_0001";"";"NE_0001";"NE_0001";"NE_0001";"NE_0001";"NE_0001";"NE_0001";"NE_0001"
"2023";"05";"250201";"UCAYALI";"ATALAYA";"RAIMONDI";"GOBIERNO REGIONAL";"I-1";"00005515";"ALTO CHENCORENI";"NE_0001";"";"NE_0001";"NE_0001";"NE_0001";"NE_0001";"NE_0001";"NE_0001";"NE_0001"
"2023";"05";"250201";"UCAYALI";"ATALAYA";"RAIMONDI";"GOBIERNO REGIONAL";"I-1";"00005514";"CHEQUITAVO";"NE_0001";"";"NE_0001";"NE_0001";"NE_0001";"NE_0001";"NE_0001";"NE_0001";"NE_0001"
"2023";"05";"250201";"UCAYALI";"ATALAYA";"RAIMONDI";"GOBIERNO REGIONAL";"I-1";"00005512";"MAPALCA";"NE_0001";"";"NE_0001";"NE_0001";"NE_0001";"NE_0001";"NE_0001";"NE_0001";"NE_0001"
"2023";"05";"250201";"UCAYALI";"ATALAYA";"RAIMONDI";"GOBIERNO REGIONAL";"I-1";"00005511";"PAOTI";"NE_0001";"";"NE_0001";"NE_0001";"NE_0001";"NE_0001";"NE_0001";"NE_0001";"NE_0001"
"2023";"05";"250201";"UCAYALI";"ATALAYA";"RAIMONDI";"GOBIERNO REGIONAL";"I-1";"00005510";"LA FLORESTA";"NE_0001";"";"NE_0001";"NE_0001";"NE_0001";"NE_0001";"NE_0001";"NE_0001";"NE_0001"
"2023";"05";"250201";"UCAYALI";"ATALAYA";"RAIMONDI";"MINSA";"I-1";"00005509";"CHICOSA";"NE_0001";"";"NE_0001";"NE_0001";"NE_0001";"NE_0001";"NE_0001";"NE_0001";"NE_0001"
"2023";"05";"250201";"UCAYALI";"ATALAYA";"RAIMONDI";"MINSA";"I-1";"00005508";"UNINI";"NE_0001";"";"NE_0001";"NE_0001";"NE_0001";"NE_0001";"NE_0001";"NE_0001";"NE_0001"
"2023";"05";"250201";"UCAYALI";"ATALAYA";"RAIMONDI";"GOBIERNO REGIONAL";"I-1";"00005507";"BOCA PUCANI";"NE_0001";"";"NE_0001";"NE_0001";"NE_0001";"NE_0001";"NE_0001";"NE_0001";"NE_0001"
"2023";"05";"250201";"UCAYALI";"ATALAYA";"RAIMONDI";"MINSA";"I-1";"00005506";"P.S RAMON CASTILLA";"NE_0001";"";"NE_0001";"NE_0001";"NE_0001";"NE_0001";"NE_0001";"NE_0001";"NE_0001"
"2023";"05";"250201";"UCAYALI";"ATALAYA";"RAIMONDI";"GOBIERNO REGIONAL";"I-2";"00005505";"OBENTENI";"NE_0001";"";"NE_0001";"NE_0001";"NE_0001";"NE_0001";"NE_0001";"NE_0001";"NE_0001"
"2023";"05";"250201";"UCAYALI";"ATALAYA";"RAIMONDI";"MINSA";"I-1";"00005504";"COCANI";"NE_0001";"";"NE_0001";"NE_0001";"NE_0001";"NE_0001";"NE_0001";"NE_0001";"NE_0001"
"2023";"05";"250201";"UCAYALI";"ATALAYA";"RAIMONDI";"MINSA";"I-2";"00005503";"MALDONADILLO";"NE_0001";"";"NE_0001";"NE_0001";"NE_0001";"NE_0001";"NE_0001";"NE_0001";"NE_0001"
"2023";"05";"250201";"UCAYALI";"ATALAYA";"RAIMONDI";"GOBIERNO REGIONAL";"I-4";"00005502";"ATALAYA";"NE_0002";"";"NE_0002";"NE_0002";"NE_0002";"NE_0002";"NE_0002";"NE_0002";"NE_0002"
"2023";"05";"250301";"UCAYALI";"PADRE ABAD";"PADRE ABAD";"GOBIERNO REGIONAL";"I-1";"00030640";"PUESTO DE SALUD YAMINO";"NE_0002";"";"NE_0002";"NE_0002";"NE_0002";"NE_0002";"NE_0002";"NE_0002";"NE_0002"
"2023";"05";"250301";"UCAYALI";"PADRE ABAD";"PADRE ABAD";"GOBIERNO REGIONAL";"I-1";"00030639";"PUESTO DE SALUD VALLE DE SION";"NE_0002";"";"NE_0002";"NE_0002";"NE_0002";"NE_0002";"NE_0002";"NE_0002";"NE_0002"
"2023";"05";"080701";"CUSCO";"CHUMBIVILCAS";"SANTO TOMAS";"GOBIERNO REGIONAL";"I-1";"00006981";"CCOYO";"NE_0001";"";"NE_0001";"NE_0001";"NE_0001";"NE_0001";"NE_0001";"NE_0001";"NE_0001"
"2023";"05";"080701";"CUSCO";"CHUMBIVILCAS";"SANTO TOMAS";"GOBIERNO REGIONAL";"I-1";"00006982";"MELLOTOTORA";"NE_0001";"";"NE_0001";"NE_0001";"NE_0001";"NE_0001";"NE_0001";"NE_0001";"NE_0001"
"2023";"05";"080706";"CUSCO";"CHUMBIVILCAS";"LLUSCO";"GOBIERNO REGIONAL";"I-2";"00006748";"COLLPA";"NE_0001";"";"NE_0001";"NE_0001";"NE_0001";"NE_0001";"NE_0001";"NE_0001";"NE_0001"
"2023";"05";"080701";"CUSCO";"CHUMBIVILCAS";"SANTO TOMAS";"GOBIERNO REGIONAL";"I-2";"00006746";"LLIQUE";"NE_0001";"";"NE_0001";"NE_0001";"NE_0001";"NE_0001";"NE_0001";"NE_0001";"NE_0001"
"2023";"05";"080701";"CUSCO";"CHUMBIVILCAS";"SANTO TOMAS";"GOBIERNO REGIONAL";"I-1";"00007111";"YAVINA";"NE_0001";"";"NE_0001";"NE_0001";"NE_0001";"NE_0001";"NE_0001";"NE_0001";"NE_0001"
"2023";"05";"080701";"CUSCO";"CHUMBIVILCAS";"SANTO TOMAS";"GOBIERNO REGIONAL";"I-2";"00008915";"PFULLPURI CONDEPAMPA";"NE_0001";"";"NE_0001";"NE_0001";"NE_0001";"NE_0001";"NE_0001";"NE_0001";"NE_0001"
"2023";"05";"080701";"CUSCO";"CHUMBIVILCAS";"SANTO TOMAS";"GOBIERNO REGIONAL";"I-1";"00006983";"ORCCOMA";"NE_0001";"";"NE_0001";"NE_0001";"NE_0001";"NE_0001";"NE_0001";"NE_0001";"NE_0001"
"2023";"07";"120101";"JUNIN";"HUANCAYO";"HUANCAYO";"GOBIERNO REGIONAL";"III-E";"00000753";"HOSPITAL REGIONAL DOCENTE CLINICO QUIRURGICO DANIEL ALCIDES CARRION";"241100";"HOSPITALIZACIÓN QUIRÚRGICA OTORRINOLARINGOLOGÍA  ";"2";"2";"11";"26";"2";"62";"0"
"2023";"07";"120101";"JUNIN";"HUANCAYO";"HUANCAYO";"GOBIERNO REGIONAL";"III-E";"00000753";"HOSPITAL REGIONAL DOCENTE CLINICO QUIRURGICO DANIEL ALCIDES CARRION";"241200";"HOSPITALIZACIÓN QUIRÚRGICA TRAUMATOLOGÍA Y ORTOPEDIA ";"85";"92";"1207";"1146";"37";"1147";"1"
"2023";"07";"120101";"JUNIN";"HUANCAYO";"HUANCAYO";"GOBIERNO REGIONAL";"III-E";"00000753";"HOSPITAL REGIONAL DOCENTE CLINICO QUIRURGICO DANIEL ALCIDES CARRION";"241300";"HOSPITALIZACIÓN QUIRÚRGICA UROLOGÍA  ";"11";"14";"81";"182";"6";"186";"0"
"2023";"07";"120101";"JUNIN";"HUANCAYO";"HUANCAYO";"GOBIERNO REGIONAL";"III-E";"00000753";"HOSPITAL REGIONAL DOCENTE CLINICO QUIRURGICO DANIEL ALCIDES CARRION";"242100";"HOSPITALIZACIÓN DE MEDICINA ONCOLOGÍA MÉDICA ";"13";"19";"256";"193";"8";"248";"3"
"2023";"07";"150121";"LIMA";"LIMA";"PUEBLO LIBRE";"PRIVADO";"II-E";"00011741";"CLÍNICA NORVISION";"NE_0001";"";"NE_0001";"NE_0001";"NE_0001";"NE_0001";"NE_0001";"NE_0001";"NE_0001"
"2023";"07";"021603";"ANCASH";"POMABAMBA";"PAROBAMBA";"GOBIERNO REGIONAL";"I-1";"00001776";"PUESTO DE SALUD PAROBAMBA NUEVO";"NE_0002";"";"NE_0002";"NE_0002";"NE_0002";"NE_0002";"NE_0002";"NE_0002";"NE_0002"
"2023";"07";"021604";"ANCASH";"POMABAMBA";"QUINUABAMBA";"GOBIERNO REGIONAL";"I-2";"00001781";"PUESTO DE SALUD QUINUABAMBA";"NE_0002";"";"NE_0002";"NE_0002";"NE_0002";"NE_0002";"NE_0002";"NE_0002";"NE_0002"
"2023";"07";"040112";"AREQUIPA";"AREQUIPA";"PAUCARPATA";"GOBIERNO REGIONAL";"I-3";"00001310";"CENTRO DE SALUD MANUEL PRADO";"NE_0001";"";"NE_0001";"NE_0001";"NE_0001";"NE_0001";"NE_0001";"NE_0001";"NE_0001"
"2023";"07";"040112";"AREQUIPA";"AREQUIPA";"PAUCARPATA";"GOBIERNO REGIONAL";"I-3";"00001315";"CENTRO DE SALUD CAMPO MARTE";"NE_0001";"";"NE_0001";"NE_0001";"NE_0001";"NE_0001";"NE_0001";"NE_0001";"NE_0001"
"2023";"07";"100102";"HUANUCO";"HUANUCO";"AMARILIS";"GOBIERNO REGIONAL";"II-E";"00000756";"HOSPITAL MATERNO INFANTIL CARLOS SHOWING FERRARI";"241400";"HOSPITALIZACIÓN QUIRÚRGICA GINECO - OBSTETRICIA ";"182";"196";"406";"602";"25";"775";"0"
"2023";"07";"100102";"HUANUCO";"HUANUCO";"AMARILIS";"GOBIERNO REGIONAL";"II-E";"00000756";"HOSPITAL MATERNO INFANTIL CARLOS SHOWING FERRARI";"242500";"HOSPITALIZACIÓN-PEDIATRÍA GENERAL-";"38";"45";"185";"230";"11";"341";"0"
"2023";"07";"100102";"HUANUCO";"HUANUCO";"AMARILIS";"GOBIERNO REGIONAL";"II-E";"00000756";"HOSPITAL MATERNO INFANTIL CARLOS SHOWING FERRARI";"243200";"HOSPITALIZACIÓN DE PEDIATRÍA PEDIATRIA NEONATOLOGÍA";"35";"37";"117";"154";"11";"341";"0"
"2023";"07";"070101";"CALLAO";"CALLAO";"CALLAO";"PRIVADO";"0";"00016115";"DIAGNOCENTRO OLAZ";"NE_0001";"";"NE_0001";"NE_0001";"NE_0001";"NE_0001";"NE_0001";"NE_0001";"NE_0001"
"2023";"07";"040101";"AREQUIPA";"AREQUIPA";"AREQUIPA";"GOBIERNO REGIONAL";"III-2";"00007397";"INSTITUTO REGIONAL DE ENFERMEDADES NEOPLASICAS DEL SUR";"240000";"HOSPITALIZACIÓN";"124";"118";"1049";"1064";"36";"1116";"6"
"2023";"07";"040101";"AREQUIPA";"AREQUIPA";"AREQUIPA";"GOBIERNO REGIONAL";"III-2";"00007397";"INSTITUTO REGIONAL DE ENFERMEDADES NEOPLASICAS DEL SUR";"250100";"UNIDAD DE CUIDADOS CRITICOS UNIDAD  DE CUIDADOS INTENSIVOS GENERALES (UCI) ";"3";"3";"49";"50";"2";"62";"0"
"2023";"07";"130106";"LA LIBERTAD";"TRUJILLO";"LAREDO";"GOBIERNO REGIONAL";"II-1";"00005231";"HOSPITAL DISTRITAL LAREDO";"241400";"HOSPITALIZACIÓN QUIRÚRGICA GINECO - OBSTETRICIA ";"26";"26";"40";"66";"6";"186";"0"
"2023";"07";"130106";"LA LIBERTAD";"TRUJILLO";"LAREDO";"GOBIERNO REGIONAL";"II-1";"00005231";"HOSPITAL DISTRITAL LAREDO";"241800";"HOSPITALIZACIÓN DE MEDICINA MEDICINA GENERAL ";"51";"52";"194";"246";"12";"372";"0"
"2023";"07";"130106";"LA LIBERTAD";"TRUJILLO";"LAREDO";"GOBIERNO REGIONAL";"II-1";"00005231";"HOSPITAL DISTRITAL LAREDO";"242500";"HOSPITALIZACIÓN-PEDIATRÍA GENERAL-";"4";"4";"12";"16";"3";"93";"0"
"2023";"07";"120114";"JUNIN";"HUANCAYO";"EL TAMBO";"PRIVADO";"II-E";"00027694";"CHENET CLINICA ESPECIALIZADA";"240100";"HOSPITALIZACIÓN QUIRÚRGICA CIRUGÍA GENERAL ";"360";"40";"103";"88";"10";"287";"0"
"2023";"07";"220910";"SAN MARTIN";"SAN MARTIN";"MORALES";"ESSALUD";"I-2";"00027730";"CENTRO DE ATENCIÓN PRIMARIA MORALES - ESSALUD";"NE_0001";"";"NE_0001";"NE_0001";"NE_0001";"NE_0001";"NE_0001";"NE_0001";"NE_0001"
"2023";"07";"160101";"LORETO";"MAYNAS";"IQUITOS";"MINSA";"II-2";"00000001";"HOSPITAL IQUITOS ""CESAR GARAYAR GARCÍA""";"241800";"HOSPITALIZACIÓN DE MEDICINA MEDICINA GENERAL ";"74";"74";"357";"330";"17";"442";"4"
"2023";"07";"160101";"LORETO";"MAYNAS";"IQUITOS";"MINSA";"II-2";"00000001";"HOSPITAL IQUITOS ""CESAR GARAYAR GARCÍA""";"240100";"HOSPITALIZACIÓN QUIRÚRGICA CIRUGÍA GENERAL ";"94";"94";"439";"294";"21";"546";"0"
"2023";"07";"160101";"LORETO";"MAYNAS";"IQUITOS";"MINSA";"II-2";"00000001";"HOSPITAL IQUITOS ""CESAR GARAYAR GARCÍA""";"242300";"HOSPITALIZACIÓN DE PEDIATRÍA  PEDIATRÍA  GENERAL ";"54";"54";"271";"234";"12";"312";"2"
"2023";"07";"160101";"LORETO";"MAYNAS";"IQUITOS";"MINSA";"II-2";"00000001";"HOSPITAL IQUITOS ""CESAR GARAYAR GARCÍA""";"241500";"HOSPITALIZACIÓN QUIRÚRGICA GINECOLOGÍA  ";"78";"78";"121";"99";"5";"130";"0"
"2023";"07";"160101";"LORETO";"MAYNAS";"IQUITOS";"MINSA";"II-2";"00000001";"HOSPITAL IQUITOS ""CESAR GARAYAR GARCÍA""";"241600";"HOSPITALIZACIÓN QUIRÚRGICA OBSTETRICIA   ";"244";"244";"517";"463";"26";"676";"0"
"2023";"07";"160101";"LORETO";"MAYNAS";"IQUITOS";"MINSA";"II-2";"00000001";"HOSPITAL IQUITOS ""CESAR GARAYAR GARCÍA""";"243200";"HOSPITALIZACIÓN DE PEDIATRÍA PEDIATRIA NEONATOLOGÍA";"53";"53";"357";"297";"14";"364";"2"
"2023";"07";"040307";"AREQUIPA";"CARAVELI";"CHALA";"ESSALUD";"I-2";"00012198";"POSTA MEDICA CHALA";"NE_0001";"";"NE_0001";"NE_0001";"NE_0001";"NE_0001";"NE_0001";"NE_0001";"NE_0001"
"2023";"07";"150130";"LIMA";"LIMA";"SAN BORJA";"PRIVADO";"II-1";"00008258";"REJUVENECIMIENTO Y ESTETICA CABANI SRL";"240800";"HOSPITALIZACIÓN QUIRÚRGICA CIRUGÍA PLÁSTICA/RECONSTRUCTIVA/ REPARADORA ";"46";"45";"43";"87";"6";"186";"0"
"2023";"07";"040126";"AREQUIPA";"AREQUIPA";"YANAHUARA";"GOBIERNO REGIONAL";"I-3";"00001233";"CENTRO DE SALUD YANAHUARA";"NE_0001";"";"NE_0001";"NE_0001";"NE_0001";"NE_0001";"NE_0001";"NE_0001";"NE_0001"
"2023";"07";"040117";"AREQUIPA";"AREQUIPA";"SACHACA";"GOBIERNO REGIONAL";"I-2";"00001283";"PUESTO DE SALUD PAMPA DE CAMARONES";"NE_0001";"";"NE_0001";"NE_0001";"NE_0001";"NE_0001";"NE_0001";"NE_0001";"NE_0001"
"2023";"07";"040117";"AREQUIPA";"AREQUIPA";"SACHACA";"GOBIERNO REGIONAL";"I-2";"00001282";"PUESTO DE SALUD SACHACA";"NE_0001";"";"NE_0001";"NE_0001";"NE_0001";"NE_0001";"NE_0001";"NE_0001";"NE_0001"
"2023";"07";"220909";"SAN MARTIN";"SAN MARTIN";"LA BANDA DE SHILCAYO";"GOBIERNO REGIONAL";"II-E";"00006359";"BANDA SHILCAYO";"241400";"HOSPITALIZACIÓN QUIRÚRGICA GINECO - OBSTETRICIA ";"103";"109";"190";"179";"17";"526";"0"
"2023";"07";"220909";"SAN MARTIN";"SAN MARTIN";"LA BANDA DE SHILCAYO";"GOBIERNO REGIONAL";"II-E";"00006359";"BANDA SHILCAYO";"241800";"HOSPITALIZACIÓN DE MEDICINA MEDICINA GENERAL ";"52";"60";"194";"184";"23";"713";"0"
"2023";"07";"220909";"SAN MARTIN";"SAN MARTIN";"LA BANDA DE SHILCAYO";"GOBIERNO REGIONAL";"II-E";"00006359";"BANDA SHILCAYO";"242500";"HOSPITALIZACIÓN-PEDIATRÍA GENERAL-";"48";"56";"153";"145";"7";"221";"0"
"2023";"07";"150130";"LIMA";"LIMA";"SAN BORJA";"PRIVADO";"II-E";"00011372";"FUTURO VISION";"NE_0001";"";"NE_0001";"NE_0001";"NE_0001";"NE_0001";"NE_0001";"NE_0001";"NE_0001"
"2023";"07";"160101";"LORETO";"MAYNAS";"IQUITOS";"SANIDAD DE LA FUERZA AEREA DEL PERU";"I-4";"00010605";"HOSPITAL REGIONAL DEL ORIENTE - FAP";"241800";"HOSPITALIZACIÓN DE MEDICINA MEDICINA GENERAL ";"2";"2";"16";"78";"20";"310";"0"
"2023";"07";"150101";"LIMA";"LIMA";"LIMA";"PRIVADO";"II-E";"00009483";"OCULASER SAC";"NE_0001";"";"NE_0001";"NE_0001";"NE_0001";"NE_0001";"NE_0001";"NE_0001";"NE_0001"
"2023";"07";"150131";"LIMA";"LIMA";"SAN ISIDRO";"PRIVADO";"II-E";"00010402";"LASER VISION CENTER & ASOCIADOS S.A.C.";"NE_0001";"";"NE_0001";"NE_0001";"NE_0001";"NE_0001";"NE_0001";"NE_0001";"NE_0001"
"2023";"07";"040109";"AREQUIPA";"AREQUIPA";"MARIANO MELGAR";"GOBIERNO REGIONAL";"I-2";"00001309";"PUESTO DE SALUD JERUSALEN";"NE_0001";"";"NE_0001";"NE_0001";"NE_0001";"NE_0001";"NE_0001";"NE_0001";"NE_0001"
"2023";"07";"040109";"AREQUIPA";"AREQUIPA";"MARIANO MELGAR";"GOBIERNO REGIONAL";"I-2";"00007722";"PUESTO DE SALUD EL MIRADOR";"NE_0001";"";"NE_0001";"NE_0001";"NE_0001";"NE_0001";"NE_0001";"NE_0001";"NE_0001"
"2023";"07";"040109";"AREQUIPA";"AREQUIPA";"MARIANO MELGAR";"GOBIERNO REGIONAL";"I-3";"00001295";"CENTRO DE SALUD GENERALISIMO SAN MARTIN";"NE_0001";"";"NE_0001";"NE_0001";"NE_0001";"NE_0001";"NE_0001";"NE_0001";"NE_0001"
"2023";"07";"021701";"ANCASH";"RECUAY";"RECUAY";"GOBIERNO REGIONAL";"II-1";"00001472";"HOSPITAL DE APOYO RECUAY";"241500";"HOSPITALIZACIÓN QUIRÚRGICA GINECOLOGÍA  ";"9";"9";"36";"36";"1";"30";"0"
"2023";"07";"021701";"ANCASH";"RECUAY";"RECUAY";"GOBIERNO REGIONAL";"II-1";"00001472";"HOSPITAL DE APOYO RECUAY";"241600";"HOSPITALIZACIÓN QUIRÚRGICA OBSTETRICIA   ";"10";"10";"24";"24";"2";"60";"0"
"2023";"07";"021701";"ANCASH";"RECUAY";"RECUAY";"GOBIERNO REGIONAL";"II-1";"00001472";"HOSPITAL DE APOYO RECUAY";"242500";"HOSPITALIZACIÓN-PEDIATRÍA GENERAL-";"1";"1";"1";"1";"1";"30";"0"
"2023";"07";"021701";"ANCASH";"RECUAY";"RECUAY";"GOBIERNO REGIONAL";"II-1";"00001472";"HOSPITAL DE APOYO RECUAY";"241600";"HOSPITALIZACIÓN QUIRÚRGICA OBSTETRICIA   ";"5";"4";"6";"6";"2";"60";"0"
"2023";"07";"110507";"ICA";"PISCO";"SAN CLEMENTE";"ESSALUD";"I-3";"00027769";"CAP I SAN CLEMENTE";"NE_0001";"";"NE_0001";"NE_0001";"NE_0001";"NE_0001";"NE_0001";"NE_0001";"NE_0001"
"2023";"07";"130601";"LA LIBERTAD";"OTUZCO";"OTUZCO";"GOBIERNO REGIONAL";"II-1";"00005314";"HOSPITAL DE APOYO OTUZCO ELPIDIO BEROVIDES PEREZ";"240100";"HOSPITALIZACIÓN QUIRÚRGICA CIRUGÍA GENERAL ";"16";"15";"37";"29";"3";"92";"0"
"2023";"07";"130601";"LA LIBERTAD";"OTUZCO";"OTUZCO";"GOBIERNO REGIONAL";"II-1";"00005314";"HOSPITAL DE APOYO OTUZCO ELPIDIO BEROVIDES PEREZ";"241800";"HOSPITALIZACIÓN DE MEDICINA MEDICINA GENERAL ";"18";"18";"77";"80";"5";"156";"3"
"2023";"07";"130601";"LA LIBERTAD";"OTUZCO";"OTUZCO";"GOBIERNO REGIONAL";"II-1";"00005314";"HOSPITAL DE APOYO OTUZCO ELPIDIO BEROVIDES PEREZ";"243200";"HOSPITALIZACIÓN DE PEDIATRÍA PEDIATRIA NEONATOLOGÍA";"2";"1";"1";"21";"3";"93";"0"
"2023";"07";"130601";"LA LIBERTAD";"OTUZCO";"OTUZCO";"GOBIERNO REGIONAL";"II-1";"00005314";"HOSPITAL DE APOYO OTUZCO ELPIDIO BEROVIDES PEREZ";"242300";"HOSPITALIZACIÓN DE PEDIATRÍA  PEDIATRÍA  GENERAL ";"7";"5";"21";"28";"4";"124";"0"
"2023";"07";"130601";"LA LIBERTAD";"OTUZCO";"OTUZCO";"GOBIERNO REGIONAL";"II-1";"00005314";"HOSPITAL DE APOYO OTUZCO ELPIDIO BEROVIDES PEREZ";"241400";"HOSPITALIZACIÓN QUIRÚRGICA GINECO - OBSTETRICIA ";"19";"17";"36";"37";"3";"94";"0"
"2023";"07";"130601";"LA LIBERTAD";"OTUZCO";"OTUZCO";"GOBIERNO REGIONAL";"II-1";"00005314";"HOSPITAL DE APOYO OTUZCO ELPIDIO BEROVIDES PEREZ";"241500";"HOSPITALIZACIÓN QUIRÚRGICA GINECOLOGÍA  ";"23";"23";"48";"41";"3";"92";"0"
"2023";"07";"130601";"LA LIBERTAD";"OTUZCO";"OTUZCO";"GOBIERNO REGIONAL";"II-1";"00005314";"HOSPITAL DE APOYO OTUZCO ELPIDIO BEROVIDES PEREZ";"241600";"HOSPITALIZACIÓN QUIRÚRGICA OBSTETRICIA   ";"24";"23";"32";"34";"3";"93";"0"
"2023";"07";"150113";"LIMA";"LIMA";"JESUS MARIA";"PRIVADO";"II-E";"00020346";"CLINICA SANTA BEATRIZ";"240000";"HOSPITALIZACIÓN";"251";"247";"310";"418";"22";"373";"0"
"2023";"07";"150140";"LIMA";"LIMA";"SANTIAGO DE SURCO";"PRIVADO";"II-E";"00017823";"OFTALMOLOGICA SANTO TORIBIO";"NE_0001";"";"NE_0001";"NE_0001";"NE_0001";"NE_0001";"NE_0001";"NE_0001";"NE_0001"
"2023";"07";"060809";"CAJAMARCA";"JAEN";"SALLIQUE";"GOBIERNO REGIONAL";"I-1";"00009967";"CHALANMACHE";"NE_0001";"";"NE_0001";"NE_0001";"NE_0001";"NE_0001";"NE_0001";"NE_0001";"NE_0001"
"2023";"07";"060809";"CAJAMARCA";"JAEN";"SALLIQUE";"GOBIERNO REGIONAL";"I-1";"00024940";"EL ESPINO";"NE_0001";"";"NE_0001";"NE_0001";"NE_0001";"NE_0001";"NE_0001";"NE_0001";"NE_0001"
"2023";"07";"060809";"CAJAMARCA";"JAEN";"SALLIQUE";"GOBIERNO REGIONAL";"I-1";"00025537";"TAILIN";"NE_0001";"";"NE_0001";"NE_0001";"NE_0001";"NE_0001";"NE_0001";"NE_0001";"NE_0001"
"2023";"07";"060809";"CAJAMARCA";"JAEN";"SALLIQUE";"GOBIERNO REGIONAL";"I-3";"00004250";"SALLIQUE";"NE_0001";"";"NE_0001";"NE_0001";"NE_0001";"NE_0001";"NE_0001";"NE_0001";"NE_0001"
"2023";"07";"060809";"CAJAMARCA";"JAEN";"SALLIQUE";"GOBIERNO REGIONAL";"I-1";"00004251";"MAZIN";"NE_0001";"";"NE_0001";"NE_0001";"NE_0001";"NE_0001";"NE_0001";"NE_0001";"NE_0001"
"2023";"07";"060809";"CAJAMARCA";"JAEN";"SALLIQUE";"GOBIERNO REGIONAL";"I-2";"00007053";"PALAMBE";"NE_0001";"";"NE_0001";"NE_0001";"NE_0001";"NE_0001";"NE_0001";"NE_0001";"NE_0001"
"2023";"07";"060809";"CAJAMARCA";"JAEN";"SALLIQUE";"GOBIERNO REGIONAL";"I-1";"00004252";"SAULACA";"NE_0001";"";"NE_0001";"NE_0001";"NE_0001";"NE_0001";"NE_0001";"NE_0001";"NE_0001"
"2023";"07";"030101";"APURIMAC";"ABANCAY";"ABANCAY";"GOBIERNO REGIONAL";"II-2";"00007719";"HOSPITAL REGIONAL GUILLERMO DIAZ DE LA VEGA";"241600";"HOSPITALIZACIÓN QUIRÚRGICA OBSTETRICIA   ";"129";"116";"315";"312";"10";"361";"0"
"2023";"07";"030101";"APURIMAC";"ABANCAY";"ABANCAY";"GOBIERNO REGIONAL";"II-2";"00007719";"HOSPITAL REGIONAL GUILLERMO DIAZ DE LA VEGA";"240100";"HOSPITALIZACIÓN QUIRÚRGICA CIRUGÍA GENERAL ";"166";"153";"613";"351";"10";"443";"0"
"2023";"07";"030101";"APURIMAC";"ABANCAY";"ABANCAY";"GOBIERNO REGIONAL";"II-2";"00007719";"HOSPITAL REGIONAL GUILLERMO DIAZ DE LA VEGA";"241500";"HOSPITALIZACIÓN QUIRÚRGICA GINECOLOGÍA  ";"105";"114";"330";"303";"14";"434";"0"
"2023";"07";"030101";"APURIMAC";"ABANCAY";"ABANCAY";"GOBIERNO REGIONAL";"II-2";"00007719";"HOSPITAL REGIONAL GUILLERMO DIAZ DE LA VEGA";"241900";"HOSPITALIZACIÓN DE MEDICINA MEDICINA INTERNA ";"84";"94";"574";"553";"11";"553";"5"
"2023";"07";"030101";"APURIMAC";"ABANCAY";"ABANCAY";"GOBIERNO REGIONAL";"II-2";"00007719";"HOSPITAL REGIONAL GUILLERMO DIAZ DE LA VEGA";"250201";"UNIDAD DE CUIDADOS CRITICOS UNIDAD DE CUIDADOS INTERMEDIOS  (UCIN) NEONATAL";"28";"28";"149";"142";"6";"189";"0"
"2023";"07";"030101";"APURIMAC";"ABANCAY";"ABANCAY";"GOBIERNO REGIONAL";"II-2";"00007719";"HOSPITAL REGIONAL GUILLERMO DIAZ DE LA VEGA";"242300";"HOSPITALIZACIÓN DE PEDIATRÍA  PEDIATRÍA  GENERAL ";"27";"32";"181";"141";"10";"310";"1"
"2023";"07";"030101";"APURIMAC";"ABANCAY";"ABANCAY";"GOBIERNO REGIONAL";"II-2";"00007719";"HOSPITAL REGIONAL GUILLERMO DIAZ DE LA VEGA";"241200";"HOSPITALIZACIÓN QUIRÚRGICA TRAUMATOLOGÍA Y ORTOPEDIA ";"52";"60";"645";"559";"11";"559";"0"
"2023";"07";"030101";"APURIMAC";"ABANCAY";"ABANCAY";"GOBIERNO REGIONAL";"II-2";"00007719";"HOSPITAL REGIONAL GUILLERMO DIAZ DE LA VEGA";"250103";"UNIDAD DE CUIDADOS CRITICOS UNIDAD  DE CUIDADOS INTENSIVOS GENERALES  (UCI) MEDICINA";"8";"11";"121";"60";"4";"124";"3"
"2023";"07";"030101";"APURIMAC";"ABANCAY";"ABANCAY";"GOBIERNO REGIONAL";"II-2";"00007719";"HOSPITAL REGIONAL GUILLERMO DIAZ DE LA VEGA";"250105";"UNIDAD DE CUIDADOS CRITICOS UNIDAD  DE CUIDADOS INTENSIVOS  (UCI) NEONATOLOGÍA";"9";"6";"61";"83";"4";"125";"1"
"2023";"07";"030101";"APURIMAC";"ABANCAY";"ABANCAY";"GOBIERNO REGIONAL";"II-2";"00007719";"HOSPITAL REGIONAL GUILLERMO DIAZ DE LA VEGA";"250200";"UNIDAD DE CUIDADOS CRITICOS UNIDAD DE CUIDADOS INTERMEDIOS GENERAL  (UCIN) ";"2";"1";"128";"63";"4";"124";"0"
"2023";"07";"220102";"SAN MARTIN";"MOYOBAMBA";"CALZADA";"GOBIERNO REGIONAL";"I-1";"00006331";"SANTA ROSA BAJO TANGUMI";"NE_0002";"";"NE_0002";"NE_0002";"NE_0002";"NE_0002";"NE_0002";"NE_0002";"NE_0002"
"2023";"07";"220101";"SAN MARTIN";"MOYOBAMBA";"MOYOBAMBA";"GOBIERNO REGIONAL";"I-1";"00006330";"SANTA ROSA DE OROMINA";"NE_0002";"";"NE_0002";"NE_0002";"NE_0002";"NE_0002";"NE_0002";"NE_0002";"NE_0002"
"2023";"07";"220102";"SAN MARTIN";"MOYOBAMBA";"CALZADA";"GOBIERNO REGIONAL";"I-3";"00006326";"CALZADA";"NE_0002";"";"NE_0002";"NE_0002";"NE_0002";"NE_0002";"NE_0002";"NE_0002";"NE_0002"
"2023";"03";"060801";"CAJAMARCA";"JAEN";"JAEN";"GOBIERNO REGIONAL";"I-1";"00004215";"CHAMAYA";"NE_0001";"";"NE_0001";"NE_0001";"NE_0001";"NE_0001";"NE_0001";"NE_0001";"NE_0001"
"2023";"03";"060801";"CAJAMARCA";"JAEN";"JAEN";"GOBIERNO REGIONAL";"I-2";"00007168";"MONTEGRANDE";"NE_0001";"";"NE_0001";"NE_0001";"NE_0001";"NE_0001";"NE_0001";"NE_0001";"NE_0001"
"2023";"03";"060801";"CAJAMARCA";"JAEN";"JAEN";"GOBIERNO REGIONAL";"I-1";"00004220";"PALMA CENTRAL";"NE_0001";"";"NE_0001";"NE_0001";"NE_0001";"NE_0001";"NE_0001";"NE_0001";"NE_0001"
"2023";"03";"060801";"CAJAMARCA";"JAEN";"JAEN";"GOBIERNO REGIONAL";"I-4";"00004211";"MORRO SOLAR";"241800";"HOSPITALIZACIÓN DE MEDICINA MEDICINA GENERAL ";"62";"60";"93";"62";"8";"178";"0"
"2023";"03";"060801";"CAJAMARCA";"JAEN";"JAEN";"GOBIERNO REGIONAL";"I-1";"00004214";"LAS NARANJAS";"NE_0001";"";"NE_0001";"NE_0001";"NE_0001";"NE_0001";"NE_0001";"NE_0001";"NE_0001"
"2023";"03";"060801";"CAJAMARCA";"JAEN";"JAEN";"GOBIERNO REGIONAL";"I-1";"00007024";"SAN MARTIN DE PORRES";"NE_0001";"";"NE_0001";"NE_0001";"NE_0001";"NE_0001";"NE_0001";"NE_0001";"NE_0001"
"2023";"03";"060801";"CAJAMARCA";"JAEN";"JAEN";"GOBIERNO REGIONAL";"I-1";"00004221";"VALILLO";"NE_0001";"";"NE_0001";"NE_0001";"NE_0001";"NE_0001";"NE_0001";"NE_0001";"NE_0001"
"2023";"03";"060801";"CAJAMARCA";"JAEN";"JAEN";"GOBIERNO REGIONAL";"I-2";"00025858";"NUEVO HORIZONTE";"NE_0001";"";"NE_0001";"NE_0001";"NE_0001";"NE_0001";"NE_0001";"NE_0001";"NE_0001"
"2023";"03";"070102";"CALLAO";"CALLAO";"BELLAVISTA";"GOBIERNO REGIONAL";"III-1";"00006218";"NAC. DANIEL A. CARRION";"241900";"HOSPITALIZACIÓN DE MEDICINA MEDICINA INTERNA ";"276";"266";"4246";"4428";"146";"4526";"32"
"2023";"03";"070102";"CALLAO";"CALLAO";"BELLAVISTA";"GOBIERNO REGIONAL";"III-1";"00006218";"NAC. DANIEL A. CARRION";"245300";"HOSPITALIZACIÓN DE MEDICINA NEUMOLOGÍA  ";"7";"7";"254";"434";"14";"434";"0"
"2023";"03";"070102";"CALLAO";"CALLAO";"BELLAVISTA";"GOBIERNO REGIONAL";"III-1";"00006218";"NAC. DANIEL A. CARRION";"240100";"HOSPITALIZACIÓN QUIRÚRGICA CIRUGÍA GENERAL ";"314";"304";"2105";"2268";"88";"2728";"5"
"2023";"03";"070102";"CALLAO";"CALLAO";"BELLAVISTA";"GOBIERNO REGIONAL";"III-1";"00006218";"NAC. DANIEL A. CARRION";"241200";"HOSPITALIZACIÓN QUIRÚRGICA TRAUMATOLOGÍA Y ORTOPEDIA ";"33";"47";"1140";"914";"32";"992";"1"
"2023";"03";"070102";"CALLAO";"CALLAO";"BELLAVISTA";"GOBIERNO REGIONAL";"III-1";"00006218";"NAC. DANIEL A. CARRION";"240900";"HOSPITALIZACIÓN QUIRÚRGICA NEUROCIRUGÍA ";"69";"62";"1075";"707";"32";"992";"3"
"2023";"03";"070102";"CALLAO";"CALLAO";"BELLAVISTA";"GOBIERNO REGIONAL";"III-1";"00006218";"NAC. DANIEL A. CARRION";"240700";"HOSPITALIZACIÓN QUIRÚRGICA CIRUGÍA PEDIÁTRICA ";"87";"86";"388";"470";"16";"501";"0"
"2023";"03";"070102";"CALLAO";"CALLAO";"BELLAVISTA";"GOBIERNO REGIONAL";"III-1";"00006218";"NAC. DANIEL A. CARRION";"250105";"UNIDAD DE CUIDADOS CRITICOS UNIDAD  DE CUIDADOS INTENSIVOS  (UCI) NEONATOLOGÍA";"18";"82";"804";"730";"37";"1147";"3"
"2023";"03";"070102";"CALLAO";"CALLAO";"BELLAVISTA";"GOBIERNO REGIONAL";"III-1";"00006218";"NAC. DANIEL A. CARRION";"242300";"HOSPITALIZACIÓN DE PEDIATRÍA  PEDIATRÍA  GENERAL ";"107";"112";"626";"244";"24";"744";"0"
"2023";"03";"070102";"CALLAO";"CALLAO";"BELLAVISTA";"GOBIERNO REGIONAL";"III-1";"00006218";"NAC. DANIEL A. CARRION";"241500";"HOSPITALIZACIÓN QUIRÚRGICA GINECOLOGÍA  ";"118";"168";"680";"507";"24";"744";"0"
"2023";"03";"070102";"CALLAO";"CALLAO";"BELLAVISTA";"GOBIERNO REGIONAL";"III-1";"00006218";"NAC. DANIEL A. CARRION";"241600";"HOSPITALIZACIÓN QUIRÚRGICA OBSTETRICIA   ";"21";"148";"342";"339";"15";"465";"0"
"2023";"03";"070102";"CALLAO";"CALLAO";"BELLAVISTA";"GOBIERNO REGIONAL";"III-1";"00006218";"NAC. DANIEL A. CARRION";"241400";"HOSPITALIZACIÓN QUIRÚRGICA GINECO - OBSTETRICIA ";"148";"66";"182";"356";"15";"456";"0"
"2023";"03";"070102";"CALLAO";"CALLAO";"BELLAVISTA";"GOBIERNO REGIONAL";"III-1";"00006218";"NAC. DANIEL A. CARRION";"250100";"UNIDAD DE CUIDADOS CRITICOS UNIDAD  DE CUIDADOS INTENSIVOS GENERALES (UCI) ";"4";"2";"55";"186";"6";"186";"1"
"2023";"03";"070102";"CALLAO";"CALLAO";"BELLAVISTA";"GOBIERNO REGIONAL";"III-1";"00006218";"NAC. DANIEL A. CARRION";"250200";"UNIDAD DE CUIDADOS CRITICOS UNIDAD DE CUIDADOS INTERMEDIOS GENERAL  (UCIN) ";"6";"1";"20";"246";"8";"248";"1"
"2023";"03";"070102";"CALLAO";"CALLAO";"BELLAVISTA";"GOBIERNO REGIONAL";"III-1";"00006218";"NAC. DANIEL A. CARRION";"242100";"HOSPITALIZACIÓN DE MEDICINA ONCOLOGÍA MÉDICA ";"40";"39";"440";"374";"20";"620";"3"
"2023";"03";"070102";"CALLAO";"CALLAO";"BELLAVISTA";"GOBIERNO REGIONAL";"III-1";"00006218";"NAC. DANIEL A. CARRION";"250108";"UNIDAD DE CUIDADOS CRITICOS UNIDAD  DE CUIDADOS INTENSIVOS  (UCI) PEDIÁTRICA";"5";"5";"467";"161";"6";"186";"2"
"2023";"03";"230101";"TACNA";"TACNA";"TACNA";"GOBIERNO REGIONAL";"II-2";"00002864";"HOSPITAL HIPOLITO UNANUE DE TACNA";"240100";"HOSPITALIZACIÓN QUIRÚRGICA CIRUGÍA GENERAL ";"121";"156";"718";"800";"55";"1705";"5"
"2023";"03";"230101";"TACNA";"TACNA";"TACNA";"GOBIERNO REGIONAL";"II-2";"00002864";"HOSPITAL HIPOLITO UNANUE DE TACNA";"240700";"HOSPITALIZACIÓN QUIRÚRGICA CIRUGÍA PEDIÁTRICA ";"29";"34";"144";"148";"8";"248";"0"
"2023";"03";"230101";"TACNA";"TACNA";"TACNA";"GOBIERNO REGIONAL";"II-2";"00002864";"HOSPITAL HIPOLITO UNANUE DE TACNA";"241400";"HOSPITALIZACIÓN QUIRÚRGICA GINECO - OBSTETRICIA ";"236";"254";"771";"675";"50";"1550";"0"
"2023";"03";"230101";"TACNA";"TACNA";"TACNA";"GOBIERNO REGIONAL";"II-2";"00002864";"HOSPITAL HIPOLITO UNANUE DE TACNA";"241500";"HOSPITALIZACIÓN QUIRÚRGICA GINECOLOGÍA  ";"88";"94";"294";"168";"8";"248";"0"
"2023";"03";"230101";"TACNA";"TACNA";"TACNA";"GOBIERNO REGIONAL";"II-2";"00002864";"HOSPITAL HIPOLITO UNANUE DE TACNA";"241900";"HOSPITALIZACIÓN DE MEDICINA MEDICINA INTERNA ";"116";"156";"719";"1226";"40";"1240";"18"
"2023";"03";"230101";"TACNA";"TACNA";"TACNA";"GOBIERNO REGIONAL";"II-2";"00002864";"HOSPITAL HIPOLITO UNANUE DE TACNA";"242200";"HOSPITALIZACIÓN DE MEDICINA PSIQUIATRÍA ";"5";"12";"56";"363";"17";"527";"0"
"2023";"03";"230101";"TACNA";"TACNA";"TACNA";"GOBIERNO REGIONAL";"II-2";"00002864";"HOSPITAL HIPOLITO UNANUE DE TACNA";"242300";"HOSPITALIZACIÓN DE PEDIATRÍA  PEDIATRÍA  GENERAL ";"34";"42";"218";"268";"15";"465";"1"
"2023";"03";"230101";"TACNA";"TACNA";"TACNA";"GOBIERNO REGIONAL";"II-2";"00002864";"HOSPITAL HIPOLITO UNANUE DE TACNA";"243200";"HOSPITALIZACIÓN DE PEDIATRÍA PEDIATRIA NEONATOLOGÍA";"187";"201";"465";"376";"15";"465";"2"
"2023";"03";"230101";"TACNA";"TACNA";"TACNA";"GOBIERNO REGIONAL";"II-2";"00002864";"HOSPITAL HIPOLITO UNANUE DE TACNA";"245300";"HOSPITALIZACIÓN DE MEDICINA NEUMOLOGÍA  ";"14";"20";"145";"247";"17";"527";"0"
"2023";"03";"230101";"TACNA";"TACNA";"TACNA";"GOBIERNO REGIONAL";"II-2";"00002864";"HOSPITAL HIPOLITO UNANUE DE TACNA";"250100";"UNIDAD DE CUIDADOS CRITICOS UNIDAD  DE CUIDADOS INTENSIVOS GENERALES (UCI) ";"8";"9";"46";"85";"6";"186";"1"
"2023";"03";"230101";"TACNA";"TACNA";"TACNA";"GOBIERNO REGIONAL";"II-2";"00002864";"HOSPITAL HIPOLITO UNANUE DE TACNA";"250400";"UNIDAD DE CUIDADOS CRITICOS UNIDAD DE QUEMADOS (GRAN QUEMADO) ";"13";"19";"88";"86";"4";"124";"0"
"2023";"03";"230101";"TACNA";"TACNA";"TACNA";"GOBIERNO REGIONAL";"II-2";"00002864";"HOSPITAL HIPOLITO UNANUE DE TACNA";"242000";"HOSPITALIZACIÓN DE MEDICINA MEDICINA TROPICAL E INFECCIOSAS ";"3";"3";"7";"7";"34";"1054";"0"
"2023";"02";"060508";"CAJAMARCA";"CONTUMAZA";"YONAN";"ESSALUD";"I-2";"00010274";"POSTA MEDICA TEMBLADERA";"NE_0001";"";"NE_0001";"NE_0001";"NE_0001";"NE_0001";"NE_0001";"NE_0001";"NE_0001"
"2023";"04";"050101";"AYACUCHO";"HUAMANGA";"AYACUCHO";"SANIDAD DE LA POLICIA NACIONAL DEL PERU";"I-3";"00011426";"POLICLINICO POLICIAL DE AYACUCHO";"NE_0001";"";"NE_0001";"NE_0001";"NE_0001";"NE_0001";"NE_0001";"NE_0001";"NE_0001"
"2023";"04";"120708";"JUNIN";"TARMA";"SAN PEDRO DE CAJAS";"GOBIERNO REGIONAL";"I-1";"00000535";"SAN JOSE DE CAYASH";"NE_0001";"";"NE_0001";"NE_0001";"NE_0001";"NE_0001";"NE_0001";"NE_0001";"NE_0001"
"2023";"04";"120708";"JUNIN";"TARMA";"SAN PEDRO DE CAJAS";"GOBIERNO REGIONAL";"I-1";"00010344";"PURHUARACRA";"NE_0001";"";"NE_0001";"NE_0001";"NE_0001";"NE_0001";"NE_0001";"NE_0001";"NE_0001"
"2023";"04";"040129";"AREQUIPA";"AREQUIPA";"JOSE LUIS BUSTAMANTE Y RIVERO";"GOBIERNO REGIONAL";"I-3";"00001257";"CENTRO DE SALUD VICTOR RAUL HINOJOSA LLERENA";"NE_0001";"";"NE_0001";"NE_0001";"NE_0001";"NE_0001";"NE_0001";"NE_0001";"NE_0001"
"2023";"04";"040129";"AREQUIPA";"AREQUIPA";"JOSE LUIS BUSTAMANTE Y RIVERO";"GOBIERNO REGIONAL";"I-3";"00023488";"CENTRO DE SALUD MENTAL COMUNITARIO SIMON BOLIVAR";"NE_0001";"";"NE_0001";"NE_0001";"NE_0001";"NE_0001";"NE_0001";"NE_0001";"NE_0001"
"2023";"04";"040129";"AREQUIPA";"AREQUIPA";"JOSE LUIS BUSTAMANTE Y RIVERO";"GOBIERNO REGIONAL";"I-3";"00001264";"CENTRO DE SALUD LAS ESMERALDAS";"NE_0001";"";"NE_0001";"NE_0001";"NE_0001";"NE_0001";"NE_0001";"NE_0001";"NE_0001"
"2023";"04";"040129";"AREQUIPA";"AREQUIPA";"JOSE LUIS BUSTAMANTE Y RIVERO";"GOBIERNO REGIONAL";"I-2";"00001267";"PUESTO DE SALUD CERRO JULI";"NE_0001";"";"NE_0001";"NE_0001";"NE_0001";"NE_0001";"NE_0001";"NE_0001";"NE_0001"
"2023";"04";"130111";"LA LIBERTAD";"TRUJILLO";"VICTOR LARCO HERRERA";"PRIVADO";"II-1";"00010581";"SANNA/SANCHEZ FERRER S.A.";"241900";"HOSPITALIZACIÓN DE MEDICINA MEDICINA INTERNA ";"37";"36";"133";"169";"8";"205";"5"
"2023";"04";"130111";"LA LIBERTAD";"TRUJILLO";"VICTOR LARCO HERRERA";"PRIVADO";"II-1";"00010581";"SANNA/SANCHEZ FERRER S.A.";"241400";"HOSPITALIZACIÓN QUIRÚRGICA GINECO - OBSTETRICIA ";"55";"60";"89";"149";"5";"209";"0"
"2023";"04";"130111";"LA LIBERTAD";"TRUJILLO";"VICTOR LARCO HERRERA";"PRIVADO";"II-1";"00010581";"SANNA/SANCHEZ FERRER S.A.";"242300";"HOSPITALIZACIÓN DE PEDIATRÍA  PEDIATRÍA  GENERAL ";"40";"36";"141";"177";"5";"213";"0"
"2023";"04";"130111";"LA LIBERTAD";"TRUJILLO";"VICTOR LARCO HERRERA";"PRIVADO";"II-1";"00010581";"SANNA/SANCHEZ FERRER S.A.";"240100";"HOSPITALIZACIÓN QUIRÚRGICA CIRUGÍA GENERAL ";"68";"66";"85";"151";"4";"217";"0"
"2023";"04";"130111";"LA LIBERTAD";"TRUJILLO";"VICTOR LARCO HERRERA";"PRIVADO";"II-1";"00010581";"SANNA/SANCHEZ FERRER S.A.";"241200";"HOSPITALIZACIÓN QUIRÚRGICA TRAUMATOLOGÍA Y ORTOPEDIA ";"57";"60";"111";"171";"5";"231";"0"
"2023";"04";"130111";"LA LIBERTAD";"TRUJILLO";"VICTOR LARCO HERRERA";"PRIVADO";"II-1";"00010581";"SANNA/SANCHEZ FERRER S.A.";"240900";"HOSPITALIZACIÓN QUIRÚRGICA NEUROCIRUGÍA ";"13";"13";"26";"39";"1";"52";"0"
"2023";"04";"130111";"LA LIBERTAD";"TRUJILLO";"VICTOR LARCO HERRERA";"PRIVADO";"II-1";"00010581";"SANNA/SANCHEZ FERRER S.A.";"244300";"HOSPITALIZACIÓN DE MEDICINA GASTROENTEROLOGÍA  ";"6";"8";"18";"26";"1";"34";"0"
"2023";"04";"130111";"LA LIBERTAD";"TRUJILLO";"VICTOR LARCO HERRERA";"PRIVADO";"II-1";"00010581";"SANNA/SANCHEZ FERRER S.A.";"241300";"HOSPITALIZACIÓN QUIRÚRGICA UROLOGÍA  ";"8";"8";"15";"23";"1";"31";"0"
"2023";"04";"130111";"LA LIBERTAD";"TRUJILLO";"VICTOR LARCO HERRERA";"PRIVADO";"II-1";"00010581";"SANNA/SANCHEZ FERRER S.A.";"240200";"HOSPITALIZACIÓN QUIRÚRGICA CIRUGÍA DE CABEZA Y CUELLO / MÁXILO FACIAL ";"4";"4";"8";"12";"1";"16";"0"
"2023";"04";"130111";"LA LIBERTAD";"TRUJILLO";"VICTOR LARCO HERRERA";"PRIVADO";"II-1";"00010581";"SANNA/SANCHEZ FERRER S.A.";"240800";"HOSPITALIZACIÓN QUIRÚRGICA CIRUGÍA PLÁSTICA/RECONSTRUCTIVA/ REPARADORA ";"3";"4";"16";"20";"1";"24";"0"
"2023";"04";"130111";"LA LIBERTAD";"TRUJILLO";"VICTOR LARCO HERRERA";"PRIVADO";"II-1";"00010581";"SANNA/SANCHEZ FERRER S.A.";"242100";"HOSPITALIZACIÓN DE MEDICINA ONCOLOGÍA MÉDICA ";"7";"6";"12";"18";"1";"24";"0"
"2023";"04";"130111";"LA LIBERTAD";"TRUJILLO";"VICTOR LARCO HERRERA";"PRIVADO";"II-1";"00010581";"SANNA/SANCHEZ FERRER S.A.";"241100";"HOSPITALIZACIÓN QUIRÚRGICA OTORRINOLARINGOLOGÍA  ";"3";"3";"4";"7";"1";"10";"0"
"2023";"04";"130111";"LA LIBERTAD";"TRUJILLO";"VICTOR LARCO HERRERA";"PRIVADO";"II-1";"00010581";"SANNA/SANCHEZ FERRER S.A.";"244700";"HOSPITALIZACIÓN DE MEDICINA NEUROLOGIA  ";"2";"3";"14";"17";"1";"20";"0"
"2023";"04";"130111";"LA LIBERTAD";"TRUJILLO";"VICTOR LARCO HERRERA";"PRIVADO";"II-1";"00010581";"SANNA/SANCHEZ FERRER S.A.";"240000";"HOSPITALIZACIÓN";"2";"1";"5";"6";"1";"7";"0"
"2023";"04";"130111";"LA LIBERTAD";"TRUJILLO";"VICTOR LARCO HERRERA";"PRIVADO";"II-1";"00010581";"SANNA/SANCHEZ FERRER S.A.";"240700";"HOSPITALIZACIÓN QUIRÚRGICA CIRUGÍA PEDIÁTRICA ";"1";"1";"3";"4";"1";"5";"0"
"2023";"04";"150122";"LIMA";"LIMA";"MIRAFLORES";"PRIVADO";"II-E";"00015182";"OPTIMA VISION S.R.L.";"NE_0001";"";"NE_0001";"NE_0001";"NE_0001";"NE_0001";"NE_0001";"NE_0001";"NE_0001"
"2023";"05";"120417";"JUNIN";"JAUJA";"MASMA CHICCHE";"GOBIERNO REGIONAL";"I-1";"00000395";"MASMA CHICCHE";"NE_0001";"";"NE_0001";"NE_0001";"NE_0001";"NE_0001";"NE_0001";"NE_0001";"NE_0001"
"2023";"05";"120418";"JUNIN";"JAUJA";"MOLINOS";"GOBIERNO REGIONAL";"I-1";"00000398";"QUERO";"NE_0001";"";"NE_0001";"NE_0001";"NE_0001";"NE_0001";"NE_0001";"NE_0001";"NE_0001"
"2023";"05";"120416";"JUNIN";"JAUJA";"MASMA";"GOBIERNO REGIONAL";"I-3";"00000394";"MASMA";"NE_0001";"";"NE_0001";"NE_0001";"NE_0001";"NE_0001";"NE_0001";"NE_0001";"NE_0001"
"2023";"05";"150201";"LIMA";"BARRANCA";"BARRANCA";"GOBIERNO REGIONAL";"II-2";"00007635";"HOSPITAL DE BARRANCA";"240100";"HOSPITALIZACIÓN QUIRÚRGICA CIRUGÍA GENERAL ";"53";"60";"199";"406";"12";"372";"0"
"2023";"05";"150201";"LIMA";"BARRANCA";"BARRANCA";"GOBIERNO REGIONAL";"II-2";"00007635";"HOSPITAL DE BARRANCA";"241200";"HOSPITALIZACIÓN QUIRÚRGICA TRAUMATOLOGÍA Y ORTOPEDIA ";"23";"28";"227";"12";"8";"248";"0"
"2023";"05";"150201";"LIMA";"BARRANCA";"BARRANCA";"GOBIERNO REGIONAL";"II-2";"00007635";"HOSPITAL DE BARRANCA";"241300";"HOSPITALIZACIÓN QUIRÚRGICA UROLOGÍA  ";"2";"3";"10";"20";"3";"93";"0"
"2023";"05";"150201";"LIMA";"BARRANCA";"BARRANCA";"GOBIERNO REGIONAL";"II-2";"00007635";"HOSPITAL DE BARRANCA";"241500";"HOSPITALIZACIÓN QUIRÚRGICA GINECOLOGÍA  ";"112";"122";"292";"225";"16";"496";"0"
"2023";"05";"150201";"LIMA";"BARRANCA";"BARRANCA";"GOBIERNO REGIONAL";"II-2";"00007635";"HOSPITAL DE BARRANCA";"241600";"HOSPITALIZACIÓN QUIRÚRGICA OBSTETRICIA   ";"75";"77";"99";"225";"15";"465";"0"
"2023";"05";"150201";"LIMA";"BARRANCA";"BARRANCA";"GOBIERNO REGIONAL";"II-2";"00007635";"HOSPITAL DE BARRANCA";"241800";"HOSPITALIZACIÓN DE MEDICINA MEDICINA GENERAL ";"43";"63";"579";"498";"25";"775";"8"
"2023";"05";"150201";"LIMA";"BARRANCA";"BARRANCA";"GOBIERNO REGIONAL";"II-2";"00007635";"HOSPITAL DE BARRANCA";"242500";"HOSPITALIZACIÓN-PEDIATRÍA GENERAL-";"64";"74";"392";"291";"20";"620";"0"
"2023";"05";"150201";"LIMA";"BARRANCA";"BARRANCA";"GOBIERNO REGIONAL";"II-2";"00007635";"HOSPITAL DE BARRANCA";"243200";"HOSPITALIZACIÓN DE PEDIATRÍA PEDIATRIA NEONATOLOGÍA";"108";"111";"147";"157";"22";"682";"0"
"2023";"05";"150201";"LIMA";"BARRANCA";"BARRANCA";"GOBIERNO REGIONAL";"II-2";"00007635";"HOSPITAL DE BARRANCA";"250103";"UNIDAD DE CUIDADOS CRITICOS UNIDAD  DE CUIDADOS INTENSIVOS GENERALES  (UCI) MEDICINA";"4";"4";"15";"75";"4";"124";"1"
"2023";"05";"150201";"LIMA";"BARRANCA";"BARRANCA";"GOBIERNO REGIONAL";"II-2";"00007635";"HOSPITAL DE BARRANCA";"250108";"UNIDAD DE CUIDADOS CRITICOS UNIDAD  DE CUIDADOS INTENSIVOS  (UCI) PEDIÁTRICA";"1";"1";"3";"56";"7";"217";"0"
"2023";"05";"200105";"PIURA";"PIURA";"CATACAOS";"PRIVADO";"II-1";"00010723";"HOSPITAL PRIVADO DEL PERU";"240000";"HOSPITALIZACIÓN";"201";"169";"456";"756";"32";"992";"4"
"2023";"05";"120303";"JUNIN";"CHANCHAMAYO";"PICHANAQUI";"GOBIERNO REGIONAL";"I-2";"00006711";"SAN FRANCISCO CENTRO KUVIRIANI";"NE_0001";"";"NE_0001";"NE_0001";"NE_0001";"NE_0001";"NE_0001";"NE_0001";"NE_0001"
"2023";"05";"120303";"JUNIN";"CHANCHAMAYO";"PICHANAQUI";"GOBIERNO REGIONAL";"I-3";"00000351";"HUACHIRIKI";"NE_0001";"";"NE_0001";"NE_0001";"NE_0001";"NE_0001";"NE_0001";"NE_0001";"NE_0001"
"2023";"05";"120303";"JUNIN";"CHANCHAMAYO";"PICHANAQUI";"GOBIERNO REGIONAL";"I-2";"00007371";"28 DE JULIO";"NE_0001";"";"NE_0001";"NE_0001";"NE_0001";"NE_0001";"NE_0001";"NE_0001";"NE_0001"
"2023";"05";"120303";"JUNIN";"CHANCHAMAYO";"PICHANAQUI";"GOBIERNO REGIONAL";"I-2";"00000346";"HUANTININI";"NE_0001";"";"NE_0001";"NE_0001";"NE_0001";"NE_0001";"NE_0001";"NE_0001";"NE_0001"
"2023";"05";"090301";"HUANCAVELICA";"ANGARAES";"LIRCAY";"GOBIERNO REGIONAL";"I-1";"00011202";"PAMPAHUASI";"NE_0001";"";"NE_0001";"NE_0001";"NE_0001";"NE_0001";"NE_0001";"NE_0001";"NE_0001"
"2023";"05";"220801";"SAN MARTIN";"RIOJA";"RIOJA";"GOBIERNO REGIONAL";"II-1";"00006732";"HOSPITAL DE RIOJA";"240100";"HOSPITALIZACIÓN QUIRÚRGICA CIRUGÍA GENERAL ";"68";"75";"233";"233";"9";"279";"0"
"2023";"05";"220801";"SAN MARTIN";"RIOJA";"RIOJA";"GOBIERNO REGIONAL";"II-1";"00006732";"HOSPITAL DE RIOJA";"241200";"HOSPITALIZACIÓN QUIRÚRGICA TRAUMATOLOGÍA Y ORTOPEDIA ";"26";"28";"119";"119";"6";"186";"0"
"2023";"05";"220801";"SAN MARTIN";"RIOJA";"RIOJA";"GOBIERNO REGIONAL";"II-1";"00006732";"HOSPITAL DE RIOJA";"241500";"HOSPITALIZACIÓN QUIRÚRGICA GINECOLOGÍA  ";"56";"58";"117";"117";"11";"341";"0"
"2023";"05";"220801";"SAN MARTIN";"RIOJA";"RIOJA";"GOBIERNO REGIONAL";"II-1";"00006732";"HOSPITAL DE RIOJA";"241600";"HOSPITALIZACIÓN QUIRÚRGICA OBSTETRICIA   ";"97";"101";"257";"257";"14";"434";"0"
"2023";"05";"220801";"SAN MARTIN";"RIOJA";"RIOJA";"GOBIERNO REGIONAL";"II-1";"00006732";"HOSPITAL DE RIOJA";"241800";"HOSPITALIZACIÓN DE MEDICINA MEDICINA GENERAL ";"44";"58";"384";"384";"13";"403";"2"
"2023";"05";"220801";"SAN MARTIN";"RIOJA";"RIOJA";"GOBIERNO REGIONAL";"II-1";"00006732";"HOSPITAL DE RIOJA";"242500";"HOSPITALIZACIÓN-PEDIATRÍA GENERAL-";"64";"70";"296";"296";"10";"310";"0"
"2023";"05";"220801";"SAN MARTIN";"RIOJA";"RIOJA";"GOBIERNO REGIONAL";"II-1";"00006732";"HOSPITAL DE RIOJA";"243200";"HOSPITALIZACIÓN DE PEDIATRÍA PEDIATRIA NEONATOLOGÍA";"23";"25";"109";"109";"7";"217";"0"
"2023";"05";"150122";"LIMA";"LIMA";"MIRAFLORES";"PRIVADO";"II-E";"00011849";"CLINICA MIRAFLORES SAC";"240000";"HOSPITALIZACIÓN";"19";"19";"38";"54";"10";"310";"0"
"2023";"05";"150122";"LIMA";"LIMA";"MIRAFLORES";"PRIVADO";"II-E";"00011849";"CLINICA MIRAFLORES SAC";"243200";"HOSPITALIZACIÓN DE PEDIATRÍA PEDIATRIA NEONATOLOGÍA";"3";"2";"6";"9";"6";"186";"0"
"2023";"05";"240304";"TUMBES";"ZARUMILLA";"PAPAYAL";"GOBIERNO REGIONAL";"I-2";"00001893";"UÑA DE GATO";"NE_0001";"";"NE_0001";"NE_0001";"NE_0001";"NE_0001";"NE_0001";"NE_0001";"NE_0001"
"2023";"05";"240301";"TUMBES";"ZARUMILLA";"ZARUMILLA";"GOBIERNO REGIONAL";"I-3";"00026856";"Centro de Salud Mental Comunitario  ""LIC. ENF. SILVIA VIOLETA CONDE SOSA""";"NE_0001";"";"NE_0001";"NE_0001";"NE_0001";"NE_0001";"NE_0001";"NE_0001";"NE_0001"
"2023";"05";"240304";"TUMBES";"ZARUMILLA";"PAPAYAL";"GOBIERNO REGIONAL";"I-1";"00001894";"EL PORVENIR.";"NE_0001";"";"NE_0001";"NE_0001";"NE_0001";"NE_0001";"NE_0001";"NE_0001";"NE_0001"
"2023";"05";"240304";"TUMBES";"ZARUMILLA";"PAPAYAL";"GOBIERNO REGIONAL";"I-1";"00001895";"LECHUGAL";"NE_0001";"";"NE_0001";"NE_0001";"NE_0001";"NE_0001";"NE_0001";"NE_0001";"NE_0001"
"2023";"05";"240302";"TUMBES";"ZARUMILLA";"AGUAS VERDES";"GOBIERNO REGIONAL";"I-3";"00001885";"CLAS AGUAS VERDES";"NE_0001";"";"NE_0001";"NE_0001";"NE_0001";"NE_0001";"NE_0001";"NE_0001";"NE_0001"
"2023";"05";"240302";"TUMBES";"ZARUMILLA";"AGUAS VERDES";"GOBIERNO REGIONAL";"I-1";"00001889";"LOMA SAAVEDRA";"NE_0001";"";"NE_0001";"NE_0001";"NE_0001";"NE_0001";"NE_0001";"NE_0001";"NE_0001"
"2023";"05";"240301";"TUMBES";"ZARUMILLA";"ZARUMILLA";"GOBIERNO REGIONAL";"0";"00030270";"II HOGAR PROTEGIDO";"NE_0001";"";"NE_0001";"NE_0001";"NE_0001";"NE_0001";"NE_0001";"NE_0001";"NE_0001"
"2023";"07";"150117";"LIMA";"LIMA";"LOS OLIVOS";"PRIVADO";"II-E";"00009641";"CLINICA MUNDO SALUD SAC";"240000";"HOSPITALIZACIÓN";"73";"72";"176";"239";"12";"294";"0"
"2023";"07";"150140";"LIMA";"LIMA";"SANTIAGO DE SURCO";"PRIVADO";"II-E";"00023741";"CLINICA OFTALMO VISSUM";"NE_0001";"";"NE_0001";"NE_0001";"NE_0001";"NE_0001";"NE_0001";"NE_0001";"NE_0001"
"2023";"07";"060615";"CAJAMARCA";"CUTERVO";"TORIBIO CASANOVA";"GOBIERNO REGIONAL";"I-1";"00005017";"PERLAMAYO";"NE_0001";"";"NE_0001";"NE_0001";"NE_0001";"NE_0001";"NE_0001";"NE_0001";"NE_0001"
"2023";"07";"060615";"CAJAMARCA";"CUTERVO";"TORIBIO CASANOVA";"GOBIERNO REGIONAL";"I-3";"00005019";"LA SACILIA";"NE_0001";"";"NE_0001";"NE_0001";"NE_0001";"NE_0001";"NE_0001";"NE_0001";"NE_0001"
"2023";"07";"060604";"CAJAMARCA";"CUTERVO";"CUJILLO";"GOBIERNO REGIONAL";"I-3";"00004974";"CUJILLO";"NE_0001";"";"NE_0001";"NE_0001";"NE_0001";"NE_0001";"NE_0001";"NE_0001";"NE_0001"
"2023";"07";"060604";"CAJAMARCA";"CUTERVO";"CUJILLO";"GOBIERNO REGIONAL";"I-1";"00006959";"CUNUAT";"NE_0001";"";"NE_0001";"NE_0001";"NE_0001";"NE_0001";"NE_0001";"NE_0001";"NE_0001"
"2023";"07";"060603";"CAJAMARCA";"CUTERVO";"CHOROS";"GOBIERNO REGIONAL";"I-1";"00007698";"SAN PEDRO DE CHOROS";"NE_0001";"";"NE_0001";"NE_0001";"NE_0001";"NE_0001";"NE_0001";"NE_0001";"NE_0001"
"2023";"07";"060603";"CAJAMARCA";"CUTERVO";"CHOROS";"GOBIERNO REGIONAL";"I-1";"00004972";"MESARRUME";"NE_0001";"";"NE_0001";"NE_0001";"NE_0001";"NE_0001";"NE_0001";"NE_0001";"NE_0001"
"2023";"07";"060603";"CAJAMARCA";"CUTERVO";"CHOROS";"GOBIERNO REGIONAL";"I-3";"00004971";"CHOROS";"NE_0001";"";"NE_0001";"NE_0001";"NE_0001";"NE_0001";"NE_0001";"NE_0001";"NE_0001"
"2023";"07";"060604";"CAJAMARCA";"CUTERVO";"CUJILLO";"GOBIERNO REGIONAL";"I-1";"00004975";"YUNCHACO";"NE_0001";"";"NE_0001";"NE_0001";"NE_0001";"NE_0001";"NE_0001";"NE_0001";"NE_0001"
"2023";"07";"060613";"CAJAMARCA";"CUTERVO";"SANTO TOMAS";"GOBIERNO REGIONAL";"I-1";"00004976";"MALLETA";"NE_0001";"";"NE_0001";"NE_0001";"NE_0001";"NE_0001";"NE_0001";"NE_0001";"NE_0001"
"2023";"07";"040516";"AREQUIPA";"CAYLLOMA";"TAPAY";"GOBIERNO REGIONAL";"I-2";"00001434";"PUESTO DE SALUD TAPAY";"NE_0001";"";"NE_0001";"NE_0001";"NE_0001";"NE_0001";"NE_0001";"NE_0001";"NE_0001"
"2023";"07";"080108";"CUSCO";"CUSCO";"WANCHAQ";"PRIVADO";"II-E";"00011339";"SAN JOSE";"240100";"HOSPITALIZACIÓN QUIRÚRGICA CIRUGÍA GENERAL ";"108";"6";"756";"64";"24";"720";"0"
"2023";"07";"080108";"CUSCO";"CUSCO";"WANCHAQ";"PRIVADO";"II-E";"00011339";"SAN JOSE";"241700";"HOSPITALIZACIÓN QUIRÚRGICA GINECOLOGÍA   GINECOLOGIA ONCOLOGiCA";"24";"1";"129";"5";"24";"720";"0"
"2023";"07";"080108";"CUSCO";"CUSCO";"WANCHAQ";"PRIVADO";"II-E";"00011339";"SAN JOSE";"240400";"HOSPITALIZACIÓN QUIRÚRGICA CIRUGÍA DE TÓRAX Y CARDIOVASCULAR ";"12";"2";"105";"14";"24";"720";"0"
"2023";"07";"080108";"CUSCO";"CUSCO";"WANCHAQ";"PRIVADO";"II-E";"00011339";"SAN JOSE";"241200";"HOSPITALIZACIÓN QUIRÚRGICA TRAUMATOLOGÍA Y ORTOPEDIA ";"6";"1";"43";"23";"24";"720";"0"
"2023";"07";"080108";"CUSCO";"CUSCO";"WANCHAQ";"PRIVADO";"II-E";"00011339";"SAN JOSE";"241300";"HOSPITALIZACIÓN QUIRÚRGICA UROLOGÍA  ";"8";"2";"67";"14";"24";"720";"0"
"2023";"07";"150120";"LIMA";"LIMA";"MAGDALENA DEL MAR";"PRIVADO";"II-E";"00025749";"MEDAVAN";"240000";"HOSPITALIZACIÓN";"60";"62";"77";"78";"4";"120";"0"
"2023";"07";"040107";"AREQUIPA";"AREQUIPA";"JACOBO HUNTER";"GOBIERNO REGIONAL";"I-2";"00001273";"PUESTO DE SALUD DANIEL ALCIDES CARRION";"NE_0001";"";"NE_0001";"NE_0001";"NE_0001";"NE_0001";"NE_0001";"NE_0001";"NE_0001"
"2023";"07";"040107";"AREQUIPA";"AREQUIPA";"JACOBO HUNTER";"GOBIERNO REGIONAL";"I-4";"00001259";"CENTRO DE SALUD JAVIER LLOSA GARCIA -  HUNTER";"241600";"HOSPITALIZACIÓN QUIRÚRGICA OBSTETRICIA   ";"16";"16";"16";"1";"15";"16";"0"
"2023";"07";"040107";"AREQUIPA";"AREQUIPA";"JACOBO HUNTER";"GOBIERNO REGIONAL";"I-2";"00001276";"PUESTO DE SALUD CAMINOS DEL INCA";"NE_0001";"";"NE_0001";"NE_0001";"NE_0001";"NE_0001";"NE_0001";"NE_0001";"NE_0001"
"2023";"07";"040107";"AREQUIPA";"AREQUIPA";"JACOBO HUNTER";"GOBIERNO REGIONAL";"I-2";"00001274";"PUESTO DE SALUD AMPLIACION PAMPAS DEL CUZCO";"NE_0001";"";"NE_0001";"NE_0001";"NE_0001";"NE_0001";"NE_0001";"NE_0001";"NE_0001"
"2023";"07";"040107";"AREQUIPA";"AREQUIPA";"JACOBO HUNTER";"GOBIERNO REGIONAL";"I-2";"00001277";"PUESTO DE SALUD ALTO ALIANZA";"NE_0001";"";"NE_0001";"NE_0001";"NE_0001";"NE_0001";"NE_0001";"NE_0001";"NE_0001"
"2023";"07";"040107";"AREQUIPA";"AREQUIPA";"JACOBO HUNTER";"GOBIERNO REGIONAL";"I-3";"00001279";"PUESTO DE SALUD UPIS PAISAJISTA";"NE_0001";"";"NE_0001";"NE_0001";"NE_0001";"NE_0001";"NE_0001";"NE_0001";"NE_0001"
"2023";"07";"040107";"AREQUIPA";"AREQUIPA";"JACOBO HUNTER";"GOBIERNO REGIONAL";"I-2";"00001275";"PUESTO DE SALUD CHILPINILLA";"NE_0001";"";"NE_0001";"NE_0001";"NE_0001";"NE_0001";"NE_0001";"NE_0001";"NE_0001"
"2023";"07";"040107";"AREQUIPA";"AREQUIPA";"JACOBO HUNTER";"MINSA";"I-3";"00031488";"CENTRO DE SALUD MENTAL COMUNITARIO HUNTER";"NE_0001";"";"NE_0001";"NE_0001";"NE_0001";"NE_0001";"NE_0001";"NE_0001";"NE_0001"
"2023";"07";"150108";"LIMA";"LIMA";"CHORRILLOS";"PRIVADO";"II-1";"00011950";"CLINICA CHORRILLOS";"NE_0002";"";"NE_0002";"NE_0002";"NE_0002";"NE_0002";"NE_0002";"NE_0002";"NE_0002"
"2023";"07";"040102";"AREQUIPA";"AREQUIPA";"ALTO SELVA ALEGRE";"GOBIERNO REGIONAL";"I-2";"00001304";"PUESTO DE SALUD HEROES DEL CENEPA";"NE_0001";"";"NE_0001";"NE_0001";"NE_0001";"NE_0001";"NE_0001";"NE_0001";"NE_0001"
"2023";"07";"040102";"AREQUIPA";"AREQUIPA";"ALTO SELVA ALEGRE";"GOBIERNO REGIONAL";"I-3";"00001302";"CENTRO DE SALUD INDEPENDENCIA";"NE_0001";"";"NE_0001";"NE_0001";"NE_0001";"NE_0001";"NE_0001";"NE_0001";"NE_0001"
"2023";"07";"040102";"AREQUIPA";"AREQUIPA";"ALTO SELVA ALEGRE";"GOBIERNO REGIONAL";"I-2";"00001303";"PUESTO DE SALUD SAN JUAN BAUTISTA";"NE_0001";"";"NE_0001";"NE_0001";"NE_0001";"NE_0001";"NE_0001";"NE_0001";"NE_0001"
"2023";"07";"040102";"AREQUIPA";"AREQUIPA";"ALTO SELVA ALEGRE";"GOBIERNO REGIONAL";"I-3";"00001300";"CENTRO DE SALUD APURIMAC";"NE_0001";"";"NE_0001";"NE_0001";"NE_0001";"NE_0001";"NE_0001";"NE_0001";"NE_0001"
"2023";"07";"040102";"AREQUIPA";"AREQUIPA";"ALTO SELVA ALEGRE";"GOBIERNO REGIONAL";"I-3";"00001291";"CENTRO DE SALUD ALTO SELVA ALEGRE";"NE_0001";"";"NE_0001";"NE_0001";"NE_0001";"NE_0001";"NE_0001";"NE_0001";"NE_0001"
"2023";"07";"040102";"AREQUIPA";"AREQUIPA";"ALTO SELVA ALEGRE";"GOBIERNO REGIONAL";"I-2";"00001301";"PUESTO DE SALUD LEONES DEL MISTI";"NE_0001";"";"NE_0001";"NE_0001";"NE_0001";"NE_0001";"NE_0001";"NE_0001";"NE_0001"
"2023";"07";"030601";"APURIMAC";"CHINCHEROS";"CHINCHEROS";"GOBIERNO REGIONAL";"II-1";"00004140";"HOSPITAL CHINCHEROS";"241600";"HOSPITALIZACIÓN QUIRÚRGICA OBSTETRICIA   ";"3";"3";"9";"9";"8";"240";"0"
"2023";"07";"030601";"APURIMAC";"CHINCHEROS";"CHINCHEROS";"GOBIERNO REGIONAL";"II-1";"00004140";"HOSPITAL CHINCHEROS";"241800";"HOSPITALIZACIÓN DE MEDICINA MEDICINA GENERAL ";"1";"1";"3";"3";"23";"713";"0"
"2023";"07";"030601";"APURIMAC";"CHINCHEROS";"CHINCHEROS";"GOBIERNO REGIONAL";"II-1";"00004140";"HOSPITAL CHINCHEROS";"242200";"HOSPITALIZACIÓN DE MEDICINA PSIQUIATRÍA ";"1";"1";"5";"5";"4";"120";"0"
"2023";"07";"040101";"AREQUIPA";"AREQUIPA";"AREQUIPA";"GOBIERNO REGIONAL";"III-1";"00001232";"HOSPITAL GOYENECHE";"241900";"HOSPITALIZACIÓN DE MEDICINA MEDICINA INTERNA ";"125";"117";"1033";"1240";"53";"1643";"18"
"2023";"07";"040101";"AREQUIPA";"AREQUIPA";"AREQUIPA";"GOBIERNO REGIONAL";"III-1";"00001232";"HOSPITAL GOYENECHE";"240100";"HOSPITALIZACIÓN QUIRÚRGICA CIRUGÍA GENERAL ";"159";"159";"1283";"1379";"48";"1488";"0"
"2023";"07";"040101";"AREQUIPA";"AREQUIPA";"AREQUIPA";"GOBIERNO REGIONAL";"III-1";"00001232";"HOSPITAL GOYENECHE";"240000";"HOSPITALIZACIÓN";"60";"58";"809";"875";"30";"930";"1"
"2023";"07";"040101";"AREQUIPA";"AREQUIPA";"AREQUIPA";"GOBIERNO REGIONAL";"III-1";"00001232";"HOSPITAL GOYENECHE";"242100";"HOSPITALIZACIÓN DE MEDICINA ONCOLOGÍA MÉDICA ";"71";"77";"650";"459";"22";"682";"6"
"2023";"07";"040101";"AREQUIPA";"AREQUIPA";"AREQUIPA";"GOBIERNO REGIONAL";"III-1";"00001232";"HOSPITAL GOYENECHE";"242500";"HOSPITALIZACIÓN-PEDIATRÍA GENERAL-";"100";"104";"461";"415";"23";"713";"0"
"2023";"07";"040101";"AREQUIPA";"AREQUIPA";"AREQUIPA";"GOBIERNO REGIONAL";"III-1";"00001232";"HOSPITAL GOYENECHE";"240700";"HOSPITALIZACIÓN QUIRÚRGICA CIRUGÍA PEDIÁTRICA ";"25";"24";"161";"179";"7";"217";"0"
"2023";"07";"040101";"AREQUIPA";"AREQUIPA";"AREQUIPA";"GOBIERNO REGIONAL";"III-1";"00001232";"HOSPITAL GOYENECHE";"243200";"HOSPITALIZACIÓN DE PEDIATRÍA PEDIATRIA NEONATOLOGÍA";"123";"136";"506";"431";"15";"465";"0"
"2023";"07";"040101";"AREQUIPA";"AREQUIPA";"AREQUIPA";"GOBIERNO REGIONAL";"III-1";"00001232";"HOSPITAL GOYENECHE";"241500";"HOSPITALIZACIÓN QUIRÚRGICA GINECOLOGÍA  ";"144";"142";"409";"401";"22";"682";"0"
"2023";"07";"040101";"AREQUIPA";"AREQUIPA";"AREQUIPA";"GOBIERNO REGIONAL";"III-1";"00001232";"HOSPITAL GOYENECHE";"241600";"HOSPITALIZACIÓN QUIRÚRGICA OBSTETRICIA   ";"278";"269";"703";"710";"32";"992";"0"
"2023";"07";"040101";"AREQUIPA";"AREQUIPA";"AREQUIPA";"GOBIERNO REGIONAL";"III-1";"00001232";"HOSPITAL GOYENECHE";"250100";"UNIDAD DE CUIDADOS CRITICOS UNIDAD  DE CUIDADOS INTENSIVOS GENERALES (UCI) ";"4";"4";"76";"181";"6";"186";"4"
"2023";"07";"040101";"AREQUIPA";"AREQUIPA";"AREQUIPA";"GOBIERNO REGIONAL";"III-1";"00001232";"HOSPITAL GOYENECHE";"250105";"UNIDAD DE CUIDADOS CRITICOS UNIDAD  DE CUIDADOS INTENSIVOS  (UCI) NEONATOLOGÍA";"16";"3";"13";"105";"6";"186";"3"
"2023";"07";"150117";"LIMA";"LIMA";"LOS OLIVOS";"PRIVADO";"II-E";"00023151";"CLINICA CORI";"240000";"HOSPITALIZACIÓN";"87";"87";"138";"160";"14";"434";"0"
"2023";"08";"060801";"CAJAMARCA";"JAEN";"JAEN";"GOBIERNO REGIONAL";"I-3";"00025526";"LOS SAUCES";"NE_0001";"";"NE_0001";"NE_0001";"NE_0001";"NE_0001";"NE_0001";"NE_0001";"NE_0001"
"2023";"08";"060801";"CAJAMARCA";"JAEN";"JAEN";"GOBIERNO REGIONAL";"I-3";"00004212";"MAGLLANAL";"NE_0001";"";"NE_0001";"NE_0001";"NE_0001";"NE_0001";"NE_0001";"NE_0001";"NE_0001"
"2023";"08";"060801";"CAJAMARCA";"JAEN";"JAEN";"GOBIERNO REGIONAL";"I-1";"00016137";"RINCONADA LAJEÑA";"NE_0001";"";"NE_0001";"NE_0001";"NE_0001";"NE_0001";"NE_0001";"NE_0001";"NE_0001"
"2023";"08";"060801";"CAJAMARCA";"JAEN";"JAEN";"GOBIERNO REGIONAL";"I-1";"00015392";"SAN JOSE DE LA ALIANZA";"NE_0001";"";"NE_0001";"NE_0001";"NE_0001";"NE_0001";"NE_0001";"NE_0001";"NE_0001"
"2023";"08";"220910";"SAN MARTIN";"SAN MARTIN";"MORALES";"ESSALUD";"I-2";"00027730";"CENTRO DE ATENCIÓN PRIMARIA MORALES - ESSALUD";"NE_0001";"";"NE_0001";"NE_0001";"NE_0001";"NE_0001";"NE_0001";"NE_0001";"NE_0001"
"2023";"08";"110201";"ICA";"CHINCHA";"CHINCHA ALTA";"PRIVADO";"II-1";"00010559";"CLINICA DANIEL A. CARRION S.A.C.";"240100";"HOSPITALIZACIÓN QUIRÚRGICA CIRUGÍA GENERAL ";"20";"19";"35";"36";"4";"124";"0"
"2023";"08";"110201";"ICA";"CHINCHA";"CHINCHA ALTA";"PRIVADO";"II-1";"00010559";"CLINICA DANIEL A. CARRION S.A.C.";"241400";"HOSPITALIZACIÓN QUIRÚRGICA GINECO - OBSTETRICIA ";"19";"17";"18";"20";"4";"124";"0"
"2023";"08";"110201";"ICA";"CHINCHA";"CHINCHA ALTA";"PRIVADO";"II-1";"00010559";"CLINICA DANIEL A. CARRION S.A.C.";"242300";"HOSPITALIZACIÓN DE PEDIATRÍA  PEDIATRÍA  GENERAL ";"2";"2";"6";"6";"1";"31";"0"
"2023";"08";"060801";"CAJAMARCA";"JAEN";"JAEN";"GOBIERNO REGIONAL";"I-3";"00025207";"CENTRO DE SALUD MENTAL COMUNITARIO JAEN";"NE_0001";"";"NE_0001";"NE_0001";"NE_0001";"NE_0001";"NE_0001";"NE_0001";"NE_0001"
"2023";"08";"240101";"TUMBES";"TUMBES";"TUMBES";"GOBIERNO REGIONAL";"II-2";"00017077";"HOSPITAL REGIONAL JOSE ALFREDO MENDOZA OLAVARRIA JAMO II-2";"250105";"UNIDAD DE CUIDADOS CRITICOS UNIDAD  DE CUIDADOS INTENSIVOS  (UCI) NEONATOLOGÍA";"0";"1";"6";"5";"4";"124";"1"
"2023";"08";"240101";"TUMBES";"TUMBES";"TUMBES";"GOBIERNO REGIONAL";"II-2";"00017077";"HOSPITAL REGIONAL JOSE ALFREDO MENDOZA OLAVARRIA JAMO II-2";"241400";"HOSPITALIZACIÓN QUIRÚRGICA GINECO - OBSTETRICIA ";"273";"300";"754";"556";"30";"930";"0"
"2023";"08";"150108";"LIMA";"LIMA";"CHORRILLOS";"SANIDAD DEL EJERCITO DEL PERU";"I-3";"00008292";"CENTRO MEDICO DE LA ESCUELA MILITAR DE CHORRILLOS ""CORONEL FRANCISCO BOLOGNESI""";"NE_0001";"";"NE_0001";"NE_0001";"NE_0001";"NE_0001";"NE_0001";"NE_0001";"NE_0001"
"2023";"08";"210401";"PUNO";"CHUCUITO";"JULI";"GOBIERNO REGIONAL";"II-1";"00002990";"JULI";"240100";"HOSPITALIZACIÓN QUIRÚRGICA CIRUGÍA GENERAL ";"17";"17";"41";"62";"6";"155";"0"
"2023";"08";"210401";"PUNO";"CHUCUITO";"JULI";"GOBIERNO REGIONAL";"II-1";"00002990";"JULI";"241600";"HOSPITALIZACIÓN QUIRÚRGICA OBSTETRICIA   ";"50";"50";"106";"120";"9";"279";"0"
"2023";"08";"210401";"PUNO";"CHUCUITO";"JULI";"GOBIERNO REGIONAL";"II-1";"00002990";"JULI";"241800";"HOSPITALIZACIÓN DE MEDICINA MEDICINA GENERAL ";"14";"14";"49";"52";"5";"186";"0"
"2023";"08";"210401";"PUNO";"CHUCUITO";"JULI";"GOBIERNO REGIONAL";"II-1";"00002990";"JULI";"242500";"HOSPITALIZACIÓN-PEDIATRÍA GENERAL-";"2";"2";"6";"10";"5";"186";"0"
"2023";"08";"220502";"SAN MARTIN";"LAMAS";"ALONSO DE ALVARADO";"GOBIERNO REGIONAL";"I-1";"00010516";"PORVENIR DEL NORTE";"NE_0001";"";"NE_0001";"NE_0001";"NE_0001";"NE_0001";"NE_0001";"NE_0001";"NE_0001"
"2023";"08";"220502";"SAN MARTIN";"LAMAS";"ALONSO DE ALVARADO";"GOBIERNO REGIONAL";"I-1";"00007297";"ALAN GARCIA";"NE_0001";"";"NE_0001";"NE_0001";"NE_0001";"NE_0001";"NE_0001";"NE_0001";"NE_0001"
"2023";"08";"130101";"LA LIBERTAD";"TRUJILLO";"TRUJILLO";"PRIVADO";"II-1";"00013373";"CLINICA PERUANO AMERICANA S. A.";"241800";"HOSPITALIZACIÓN DE MEDICINA MEDICINA GENERAL ";"68";"56";"169";"307";"13";"390";"1"
"2023";"08";"130101";"LA LIBERTAD";"TRUJILLO";"TRUJILLO";"PRIVADO";"II-1";"00013373";"CLINICA PERUANO AMERICANA S. A.";"240100";"HOSPITALIZACIÓN QUIRÚRGICA CIRUGÍA GENERAL ";"145";"120";"302";"486";"20";"600";"0"
"2023";"08";"130101";"LA LIBERTAD";"TRUJILLO";"TRUJILLO";"PRIVADO";"II-1";"00013373";"CLINICA PERUANO AMERICANA S. A.";"242300";"HOSPITALIZACIÓN DE PEDIATRÍA  PEDIATRÍA  GENERAL ";"4";"3";"4";"5";"3";"92";"0"
"2023";"08";"130101";"LA LIBERTAD";"TRUJILLO";"TRUJILLO";"PRIVADO";"II-1";"00013373";"CLINICA PERUANO AMERICANA S. A.";"241400";"HOSPITALIZACIÓN QUIRÚRGICA GINECO - OBSTETRICIA ";"23";"18";"40";"78";"4";"120";"0"
"2023";"08";"220502";"SAN MARTIN";"LAMAS";"ALONSO DE ALVARADO";"GOBIERNO REGIONAL";"I-1";"00010516";"PORVENIR DEL NORTE";"NE_0001";"";"NE_0001";"NE_0001";"NE_0001";"NE_0001";"NE_0001";"NE_0001";"NE_0001"
"2023";"08";"220502";"SAN MARTIN";"LAMAS";"ALONSO DE ALVARADO";"GOBIERNO REGIONAL";"I-3";"00006348";"ROQUE";"241600";"HOSPITALIZACIÓN QUIRÚRGICA OBSTETRICIA   ";"6";"6";"6";"30";"6";"31";"0"
"2023";"08";"220502";"SAN MARTIN";"LAMAS";"ALONSO DE ALVARADO";"GOBIERNO REGIONAL";"I-1";"00007297";"ALAN GARCIA";"NE_0001";"";"NE_0001";"NE_0001";"NE_0001";"NE_0001";"NE_0001";"NE_0001";"NE_0001"
"2023";"08";"150130";"LIMA";"LIMA";"SAN BORJA";"PRIVADO";"II-E";"00013383";"CLINICA SANTA ISABEL";"241400";"HOSPITALIZACIÓN QUIRÚRGICA GINECO - OBSTETRICIA ";"186";"187";"497";"521";"26";"806";"0"
"2023";"08";"150122";"LIMA";"LIMA";"MIRAFLORES";"ESSALUD";"I-3";"00009298";"POLICLINICO CENTRAL DE PREVENCION LARCO";"NE_0001";"";"NE_0001";"NE_0001";"NE_0001";"NE_0001";"NE_0001";"NE_0001";"NE_0001"
"2023";"08";"150119";"LIMA";"LIMA";"LURIN";"ESSALUD";"I-3";"00009979";"CENTRO DE ATENCION PRIMARIA II LURIN";"NE_0001";"";"NE_0001";"NE_0001";"NE_0001";"NE_0001";"NE_0001";"NE_0001";"NE_0001"
"2023";"05";"220405";"SAN MARTIN";"HUALLAGA";"SACANCHE";"GOBIERNO REGIONAL";"I-3";"00006543";"SACANCHE";"NE_0002";"";"NE_0002";"NE_0002";"NE_0002";"NE_0002";"NE_0002";"NE_0002";"NE_0002"
"2023";"05";"220404";"SAN MARTIN";"HUALLAGA";"PISCOYACU";"GOBIERNO REGIONAL";"I-2";"00006545";"NUEVO SACANCHE";"NE_0001";"";"NE_0001";"NE_0001";"NE_0001";"NE_0001";"NE_0001";"NE_0001";"NE_0001"
"2023";"05";"220405";"SAN MARTIN";"HUALLAGA";"SACANCHE";"GOBIERNO REGIONAL";"I-1";"00027002";"LA UNION";"NE_0001";"";"NE_0001";"NE_0001";"NE_0001";"NE_0001";"NE_0001";"NE_0001";"NE_0001"
"2023";"05";"220403";"SAN MARTIN";"HUALLAGA";"EL ESLABON";"GOBIERNO REGIONAL";"I-3";"00006542";"EL ESLABON";"NE_0002";"";"NE_0002";"NE_0002";"NE_0002";"NE_0002";"NE_0002";"NE_0002";"NE_0002"
"2023";"05";"220403";"SAN MARTIN";"HUALLAGA";"EL ESLABON";"GOBIERNO REGIONAL";"I-1";"00006544";"COLLPA";"NE_0001";"";"NE_0001";"NE_0001";"NE_0001";"NE_0001";"NE_0001";"NE_0001";"NE_0001"
"2023";"06";"150108";"LIMA";"LIMA";"CHORRILLOS";"SANIDAD DE LA POLICIA NACIONAL DEL PERU";"I-3";"00018660";"POLICLINICO POLICIAL SEDE ESCUELA DE OFICIALES";"NE_0001";"";"NE_0001";"NE_0001";"NE_0001";"NE_0001";"NE_0001";"NE_0001";"NE_0001"
"2023";"06";"120606";"JUNIN";"SATIPO";"PANGOA";"GOBIERNO REGIONAL";"I-2";"00000451";"MATERENI";"NE_0001";"";"NE_0001";"NE_0001";"NE_0001";"NE_0001";"NE_0001";"NE_0001";"NE_0001"
"2023";"06";"120606";"JUNIN";"SATIPO";"PANGOA";"GOBIERNO REGIONAL";"I-1";"00021802";"SAN JUAN DE PUEBLO LIBRE";"NE_0001";"";"NE_0001";"NE_0001";"NE_0001";"NE_0001";"NE_0001";"NE_0001";"NE_0001"
"2023";"06";"120606";"JUNIN";"SATIPO";"PANGOA";"GOBIERNO REGIONAL";"I-3";"00000446";"CUBANTIA";"NE_0001";"";"NE_0001";"NE_0001";"NE_0001";"NE_0001";"NE_0001";"NE_0001";"NE_0001"
"2023";"06";"120606";"JUNIN";"SATIPO";"PANGOA";"GOBIERNO REGIONAL";"I-1";"00000449";"MAZARONQUIARI";"NE_0001";"";"NE_0001";"NE_0001";"NE_0001";"NE_0001";"NE_0001";"NE_0001";"NE_0001"
"2023";"06";"120606";"JUNIN";"SATIPO";"PANGOA";"GOBIERNO REGIONAL";"I-1";"00000452";"FORTALEZA";"NE_0001";"";"NE_0001";"NE_0001";"NE_0001";"NE_0001";"NE_0001";"NE_0001";"NE_0001"
"2023";"06";"120606";"JUNIN";"SATIPO";"PANGOA";"GOBIERNO REGIONAL";"I-1";"00021804";"ALTO CHICHIRENI";"NE_0001";"";"NE_0001";"NE_0001";"NE_0001";"NE_0001";"NE_0001";"NE_0001";"NE_0001"
"2023";"06";"120606";"JUNIN";"SATIPO";"PANGOA";"GOBIERNO REGIONAL";"I-1";"00000457";"BOCA KIATARI";"NE_0001";"";"NE_0001";"NE_0001";"NE_0001";"NE_0001";"NE_0001";"NE_0001";"NE_0001"
"2023";"06";"120606";"JUNIN";"SATIPO";"PANGOA";"GOBIERNO REGIONAL";"I-1";"00021801";"SANTA CRUZ DE ANAPATI";"NE_0001";"";"NE_0001";"NE_0001";"NE_0001";"NE_0001";"NE_0001";"NE_0001";"NE_0001"
"2023";"06";"120606";"JUNIN";"SATIPO";"PANGOA";"GOBIERNO REGIONAL";"I-1";"00027800";"MAVENI";"NE_0001";"";"NE_0001";"NE_0001";"NE_0001";"NE_0001";"NE_0001";"NE_0001";"NE_0001"
"2023";"06";"120606";"JUNIN";"SATIPO";"PANGOA";"GOBIERNO REGIONAL";"I-1";"00000454";"CAMPIRUSHARI";"NE_0001";"";"NE_0001";"NE_0001";"NE_0001";"NE_0001";"NE_0001";"NE_0001";"NE_0001"
"2023";"06";"120606";"JUNIN";"SATIPO";"PANGOA";"GOBIERNO REGIONAL";"I-1";"00021805";"SAN JUAN DE SANGARENI";"NE_0001";"";"NE_0001";"NE_0001";"NE_0001";"NE_0001";"NE_0001";"NE_0001";"NE_0001"
"2023";"06";"120606";"JUNIN";"SATIPO";"PANGOA";"GOBIERNO REGIONAL";"I-1";"00021806";"LIBERTAD DE ANAPATI";"NE_0001";"";"NE_0001";"NE_0001";"NE_0001";"NE_0001";"NE_0001";"NE_0001";"NE_0001"
"2023";"06";"120606";"JUNIN";"SATIPO";"PANGOA";"GOBIERNO REGIONAL";"I-1";"00024571";"PUERTO PORVENIR";"NE_0001";"";"NE_0001";"NE_0001";"NE_0001";"NE_0001";"NE_0001";"NE_0001";"NE_0001"
"2023";"06";"120606";"JUNIN";"SATIPO";"PANGOA";"GOBIERNO REGIONAL";"I-1";"00000455";"JERUSALEN DE MIÑARO DE NOMESTSIGUENGA";"NE_0001";"";"NE_0001";"NE_0001";"NE_0001";"NE_0001";"NE_0001";"NE_0001";"NE_0001"
"2023";"06";"120606";"JUNIN";"SATIPO";"PANGOA";"GOBIERNO REGIONAL";"I-1";"00027801";"PUERTO ANAPATI";"NE_0001";"";"NE_0001";"NE_0001";"NE_0001";"NE_0001";"NE_0001";"NE_0001";"NE_0001"
"2023";"06";"070102";"CALLAO";"CALLAO";"BELLAVISTA";"PRIVADO";"II-1";"00009250";"CLINICAS AUNA - SEDE BELLAVISTA";"240000";"HOSPITALIZACIÓN";"136";"133";"375";"376";"19";"570";"0"
"2023";"06";"070102";"CALLAO";"CALLAO";"BELLAVISTA";"PRIVADO";"II-1";"00009250";"CLINICAS AUNA - SEDE BELLAVISTA";"250100";"UNIDAD DE CUIDADOS CRITICOS UNIDAD  DE CUIDADOS INTENSIVOS GENERALES (UCI) ";"1";"0";"0";"8";"3";"90";"0"
"2023";"06";"130901";"LA LIBERTAD";"SANCHEZ CARRION";"HUAMACHUCO";"GOBIERNO REGIONAL";"I-3";"00026446";"CENTRO DE SALUD MENTAL COMUNITARIO SEMBRANDO ESPERANZA DE HUAMACHUCO";"NE_0001";"";"NE_0001";"NE_0001";"NE_0001";"NE_0001";"NE_0001";"NE_0001";"NE_0001"
"2023";"06";"230101";"TACNA";"TACNA";"TACNA";"PRIVADO";"I-4";"00011466";"CLINICA ISABEL";"240000";"HOSPITALIZACIÓN";"1";"1";"2";"1";"1";"30";"0"
"2023";"06";"230101";"TACNA";"TACNA";"TACNA";"PRIVADO";"I-4";"00011466";"CLINICA ISABEL";"240000";"HOSPITALIZACIÓN";"1";"1";"2";"1";"1";"30";"0"
"2023";"06";"230101";"TACNA";"TACNA";"TACNA";"PRIVADO";"I-4";"00011466";"CLINICA ISABEL";"240000";"HOSPITALIZACIÓN";"1";"1";"1";"1";"1";"30";"0"
"2023";"06";"230101";"TACNA";"TACNA";"TACNA";"PRIVADO";"I-4";"00011466";"CLINICA ISABEL";"240000";"HOSPITALIZACIÓN";"1";"1";"2";"1";"1";"30";"0"
"2023";"06";"230101";"TACNA";"TACNA";"TACNA";"PRIVADO";"I-4";"00011466";"CLINICA ISABEL";"240000";"HOSPITALIZACIÓN";"1";"1";"2";"1";"1";"30";"0"
"2023";"06";"230101";"TACNA";"TACNA";"TACNA";"PRIVADO";"I-4";"00011466";"CLINICA ISABEL";"240000";"HOSPITALIZACIÓN";"1";"1";"1";"1";"1";"30";"0"
"2023";"06";"040112";"AREQUIPA";"AREQUIPA";"PAUCARPATA";"GOBIERNO REGIONAL";"I-2";"00001311";"PUESTO DE SALUD ALTO JESUS";"NE_0001";"";"NE_0001";"NE_0001";"NE_0001";"NE_0001";"NE_0001";"NE_0001";"NE_0001"
"2023";"06";"040112";"AREQUIPA";"AREQUIPA";"PAUCARPATA";"GOBIERNO REGIONAL";"I-3";"00001297";"CENTRO DE SALUD CIUDAD BLANCA";"NE_0001";"";"NE_0001";"NE_0001";"NE_0001";"NE_0001";"NE_0001";"NE_0001";"NE_0001"
"2023";"06";"040112";"AREQUIPA";"AREQUIPA";"PAUCARPATA";"GOBIERNO REGIONAL";"I-2";"00001312";"PUESTO DE SALUD ISRAEL";"NE_0001";"";"NE_0001";"NE_0001";"NE_0001";"NE_0001";"NE_0001";"NE_0001";"NE_0001"
"2023";"06";"040112";"AREQUIPA";"AREQUIPA";"PAUCARPATA";"GOBIERNO REGIONAL";"I-2";"00007744";"PUESTO DE SALUD VILLA JESUS";"NE_0001";"";"NE_0001";"NE_0001";"NE_0001";"NE_0001";"NE_0001";"NE_0001";"NE_0001"
"2023";"06";"040112";"AREQUIPA";"AREQUIPA";"PAUCARPATA";"GOBIERNO REGIONAL";"I-3";"00001314";"SAN JUAN DE CIUDAD BLANCA";"NE_0001";"";"NE_0001";"NE_0001";"NE_0001";"NE_0001";"NE_0001";"NE_0001";"NE_0001"
"2023";"06";"040112";"AREQUIPA";"AREQUIPA";"PAUCARPATA";"GOBIERNO REGIONAL";"I-3";"00025066";"CENTRO DE SALUD MENTAL COMUNITARIO AYELEN";"NE_0001";"";"NE_0001";"NE_0001";"NE_0001";"NE_0001";"NE_0001";"NE_0001";"NE_0001"
"2023";"06";"110112";"ICA";"ICA";"SUBTANJALLA";"ESSALUD";"I-3";"00011967";"MACACONA";"NE_0001";"";"NE_0001";"NE_0001";"NE_0001";"NE_0001";"NE_0001";"NE_0001";"NE_0001"
"2023";"06";"060607";"CAJAMARCA";"CUTERVO";"QUEROCOTILLO";"GOBIERNO REGIONAL";"I-1";"00007101";"EL GUAYO";"NE_0001";"";"NE_0001";"NE_0001";"NE_0001";"NE_0001";"NE_0001";"NE_0001";"NE_0001"
"2023";"06";"060601";"CAJAMARCA";"CUTERVO";"CUTERVO";"GOBIERNO REGIONAL";"I-1";"00006851";"HUICHUD";"NE_0001";"";"NE_0001";"NE_0001";"NE_0001";"NE_0001";"NE_0001";"NE_0001";"NE_0001"
"2023";"06";"060601";"CAJAMARCA";"CUTERVO";"CUTERVO";"GOBIERNO REGIONAL";"I-1";"00007102";"SANICULLO ALTO";"NE_0001";"";"NE_0001";"NE_0001";"NE_0001";"NE_0001";"NE_0001";"NE_0001";"NE_0001"
"2023";"06";"060607";"CAJAMARCA";"CUTERVO";"QUEROCOTILLO";"GOBIERNO REGIONAL";"I-1";"00007746";"LAGUNAS";"NE_0001";"";"NE_0001";"NE_0001";"NE_0001";"NE_0001";"NE_0001";"NE_0001";"NE_0001"
"2023";"06";"060607";"CAJAMARCA";"CUTERVO";"QUEROCOTILLO";"GOBIERNO REGIONAL";"I-1";"00007747";"PAJURILLO";"NE_0001";"";"NE_0001";"NE_0001";"NE_0001";"NE_0001";"NE_0001";"NE_0001";"NE_0001"
"2023";"06";"060601";"CAJAMARCA";"CUTERVO";"CUTERVO";"GOBIERNO REGIONAL";"I-1";"00007752";"SANTA CLARA DE CAMSE";"NE_0001";"";"NE_0001";"NE_0001";"NE_0001";"NE_0001";"NE_0001";"NE_0001";"NE_0001"
"2023";"06";"060601";"CAJAMARCA";"CUTERVO";"CUTERVO";"GOBIERNO REGIONAL";"I-3";"00004992";"SINCHIMACHE";"NE_0001";"";"NE_0001";"NE_0001";"NE_0001";"NE_0001";"NE_0001";"NE_0001";"NE_0001"
"2023";"06";"060601";"CAJAMARCA";"CUTERVO";"CUTERVO";"GOBIERNO REGIONAL";"I-3";"00004993";"NARANJITO DE CAMSE";"NE_0001";"";"NE_0001";"NE_0001";"NE_0001";"NE_0001";"NE_0001";"NE_0001";"NE_0001"
"2023";"06";"060601";"CAJAMARCA";"CUTERVO";"CUTERVO";"GOBIERNO REGIONAL";"I-2";"00004994";"PAYAC";"NE_0001";"";"NE_0001";"NE_0001";"NE_0001";"NE_0001";"NE_0001";"NE_0001";"NE_0001"
"2023";"06";"060601";"CAJAMARCA";"CUTERVO";"CUTERVO";"GOBIERNO REGIONAL";"I-1";"00008922";"LA CASCARILLA";"NE_0001";"";"NE_0001";"NE_0001";"NE_0001";"NE_0001";"NE_0001";"NE_0001";"NE_0001"
"2023";"06";"070103";"CALLAO";"CALLAO";"CARMEN DE LA LEGUA-REYNOSO";"GOBIERNO REGIONAL";"I-3";"00006252";"CENTRO DE SALUD CARMEN DE LA LEGUA";"NE_0001";"";"NE_0001";"NE_0001";"NE_0001";"NE_0001";"NE_0001";"NE_0001";"NE_0001"
"2023";"06";"070104";"CALLAO";"CALLAO";"LA PERLA";"GOBIERNO REGIONAL";"I-2";"00006250";"PUESTO DE SALUD ALTA MAR";"NE_0001";"";"NE_0001";"NE_0001";"NE_0001";"NE_0001";"NE_0001";"NE_0001";"NE_0001"
"2023";"06";"070104";"CALLAO";"CALLAO";"LA PERLA";"GOBIERNO REGIONAL";"I-2";"00026983";"CENTRO DE SALUD MENTAL COMUNITARIO LA PERLA";"NE_0001";"";"NE_0001";"NE_0001";"NE_0001";"NE_0001";"NE_0001";"NE_0001";"NE_0001"
"2023";"06";"070102";"CALLAO";"CALLAO";"BELLAVISTA";"GOBIERNO REGIONAL";"I-4";"00006249";"C.S. BELLAVISTA PERU COREA";"NE_0001";"";"NE_0001";"NE_0001";"NE_0001";"NE_0001";"NE_0001";"NE_0001";"NE_0001"
"2023";"06";"070102";"CALLAO";"CALLAO";"BELLAVISTA";"GOBIERNO REGIONAL";"I-2";"00031271";"CENTRO DE SALUD MENTAL COMUNITARIO UNIVERSITARIO CALLAO";"NE_0001";"";"NE_0001";"NE_0001";"NE_0001";"NE_0001";"NE_0001";"NE_0001";"NE_0001"
"2023";"06";"120707";"JUNIN";"TARMA";"PALCAMAYO";"GOBIERNO REGIONAL";"I-1";"00000531";"INCACHACA YANAMACHAY";"NE_0001";"";"NE_0001";"NE_0001";"NE_0001";"NE_0001";"NE_0001";"NE_0001";"NE_0001"
"2023";"06";"120607";"JUNIN";"SATIPO";"RIO NEGRO";"GOBIERNO REGIONAL";"I-1";"00013862";"MIGUEL GRAU";"NE_0001";"";"NE_0001";"NE_0001";"NE_0001";"NE_0001";"NE_0001";"NE_0001";"NE_0001"
"2023";"06";"120607";"JUNIN";"SATIPO";"RIO NEGRO";"GOBIERNO REGIONAL";"I-1";"00013863";"ALTO VILLA VICTORIA";"NE_0001";"";"NE_0001";"NE_0001";"NE_0001";"NE_0001";"NE_0001";"NE_0001";"NE_0001"
"2023";"06";"120608";"JUNIN";"SATIPO";"RIO TAMBO";"GOBIERNO REGIONAL";"I-2";"00000500";"AOTI";"NE_0001";"";"NE_0001";"NE_0001";"NE_0001";"NE_0001";"NE_0001";"NE_0001";"NE_0001"
"2023";"06";"120607";"JUNIN";"SATIPO";"RIO NEGRO";"GOBIERNO REGIONAL";"I-2";"00000501";"ALTO PITOCUNA";"NE_0001";"";"NE_0001";"NE_0001";"NE_0001";"NE_0001";"NE_0001";"NE_0001";"NE_0001"
"2023";"06";"120601";"JUNIN";"SATIPO";"SATIPO";"GOBIERNO REGIONAL";"I-1";"00010502";"BELLA ESPERANZA";"NE_0001";"";"NE_0001";"NE_0001";"NE_0001";"NE_0001";"NE_0001";"NE_0001";"NE_0001"
"2023";"06";"120607";"JUNIN";"SATIPO";"RIO NEGRO";"GOBIERNO REGIONAL";"I-2";"00000498";"PITOCUNA";"NE_0001";"";"NE_0001";"NE_0001";"NE_0001";"NE_0001";"NE_0001";"NE_0001";"NE_0001"
"2023";"06";"120608";"JUNIN";"SATIPO";"RIO TAMBO";"GOBIERNO REGIONAL";"I-1";"00006877";"CHONTAKIARI";"NE_0001";"";"NE_0001";"NE_0001";"NE_0001";"NE_0001";"NE_0001";"NE_0001";"NE_0001"
"2023";"06";"120601";"JUNIN";"SATIPO";"SATIPO";"GOBIERNO REGIONAL";"I-1";"00000480";"BAJO CAPIRO";"NE_0001";"";"NE_0001";"NE_0001";"NE_0001";"NE_0001";"NE_0001";"NE_0001";"NE_0001"
"2023";"06";"120601";"JUNIN";"SATIPO";"SATIPO";"GOBIERNO REGIONAL";"I-2";"00000478";"RIO VENADO";"NE_0001";"";"NE_0001";"NE_0001";"NE_0001";"NE_0001";"NE_0001";"NE_0001";"NE_0001"
"2023";"06";"120607";"JUNIN";"SATIPO";"RIO NEGRO";"GOBIERNO REGIONAL";"I-2";"00000502";"CUSHIVIANI";"NE_0001";"";"NE_0001";"NE_0001";"NE_0001";"NE_0001";"NE_0001";"NE_0001";"NE_0001"
"2023";"06";"120607";"JUNIN";"SATIPO";"RIO NEGRO";"GOBIERNO REGIONAL";"I-3";"00000495";"RIO NEGRO";"NE_0001";"";"NE_0001";"NE_0001";"NE_0001";"NE_0001";"NE_0001";"NE_0001";"NE_0001"
"2023";"06";"120114";"JUNIN";"HUANCAYO";"EL TAMBO";"GOBIERNO REGIONAL";"I-2";"00000713";"BATANYACU";"NE_0002";"";"NE_0002";"NE_0002";"NE_0002";"NE_0002";"NE_0002";"NE_0002";"NE_0002"
"2023";"06";"120114";"JUNIN";"HUANCAYO";"EL TAMBO";"GOBIERNO REGIONAL";"I-1";"00018190";"1RO DE MAYO";"NE_0002";"";"NE_0002";"NE_0002";"NE_0002";"NE_0002";"NE_0002";"NE_0002";"NE_0002"
"2023";"06";"120114";"JUNIN";"HUANCAYO";"EL TAMBO";"GOBIERNO REGIONAL";"I-1";"00000706";"SAÑOS GRANDE";"NE_0002";"";"NE_0002";"NE_0002";"NE_0002";"NE_0002";"NE_0002";"NE_0002";"NE_0002"
"2023";"06";"120114";"JUNIN";"HUANCAYO";"EL TAMBO";"GOBIERNO REGIONAL";"I-1";"00000716";"HUALAHOYO";"NE_0002";"";"NE_0002";"NE_0002";"NE_0002";"NE_0002";"NE_0002";"NE_0002";"NE_0002"
"2023";"06";"120125";"JUNIN";"HUANCAYO";"PILCOMAYO";"GOBIERNO REGIONAL";"I-3";"00000719";"PILCOMAYO";"NE_0002";"";"NE_0002";"NE_0002";"NE_0002";"NE_0002";"NE_0002";"NE_0002";"NE_0002"
"2023";"06";"120701";"JUNIN";"TARMA";"TARMA";"GOBIERNO REGIONAL";"I-1";"00000584";"TARMATAMBO";"NE_0001";"";"NE_0001";"NE_0001";"NE_0001";"NE_0001";"NE_0001";"NE_0001";"NE_0001"
"2023";"06";"120701";"JUNIN";"TARMA";"TARMA";"GOBIERNO REGIONAL";"I-1";"00000586";"MUYLO";"NE_0001";"";"NE_0001";"NE_0001";"NE_0001";"NE_0001";"NE_0001";"NE_0001";"NE_0001"
"2023";"06";"120701";"JUNIN";"TARMA";"TARMA";"GOBIERNO REGIONAL";"I-1";"00000593";"SANYACANCHA";"NE_0001";"";"NE_0001";"NE_0001";"NE_0001";"NE_0001";"NE_0001";"NE_0001";"NE_0001"
"2023";"06";"120701";"JUNIN";"TARMA";"TARMA";"GOBIERNO REGIONAL";"I-1";"00000590";"MISARURASHA";"NE_0001";"";"NE_0001";"NE_0001";"NE_0001";"NE_0001";"NE_0001";"NE_0001";"NE_0001"
"2023";"06";"120701";"JUNIN";"TARMA";"TARMA";"GOBIERNO REGIONAL";"I-1";"00000588";"MULLUCRO";"NE_0001";"";"NE_0001";"NE_0001";"NE_0001";"NE_0001";"NE_0001";"NE_0001";"NE_0001"
"2023";"06";"160101";"LORETO";"MAYNAS";"IQUITOS";"PRIVADO";"II-1";"00012170";"SERVICIOS MEDICOS CLINICA SANTA ANITA SRL";"NE_0002";"";"NE_0002";"NE_0002";"NE_0002";"NE_0002";"NE_0002";"NE_0002";"NE_0002"
"2023";"04";"220901";"SAN MARTIN";"SAN MARTIN";"TARAPOTO";"SANIDAD DE LA POLICIA NACIONAL DEL PERU";"I-3";"00020827";"POLICLINICO  PNP TARAPOTO";"NE_0001";"";"NE_0001";"NE_0001";"NE_0001";"NE_0001";"NE_0001";"NE_0001";"NE_0001"
"2023";"04";"150135";"LIMA";"LIMA";"SAN MARTIN DE PORRES";"SANIDAD DE LA POLICIA NACIONAL DEL PERU";"I-3";"00011876";"POLICLINICO PNP SAN MARTIN DE PORRES";"NE_0001";"";"NE_0001";"NE_0001";"NE_0001";"NE_0001";"NE_0001";"NE_0001";"NE_0001"
"2023";"04";"150509";"LIMA";"CAÑETE";"MALA";"ESSALUD";"I-3";"00010569";"CENTRO MEDICO MALA";"NE_0001";"";"NE_0001";"NE_0001";"NE_0001";"NE_0001";"NE_0001";"NE_0001";"NE_0001"
"2023";"05";"150135";"LIMA";"LIMA";"SAN MARTIN DE PORRES";"SANIDAD DE LA POLICIA NACIONAL DEL PERU";"I-2";"00012739";"POLICLINICO POLICIAL SAN DIEGO";"NE_0001";"";"NE_0001";"NE_0001";"NE_0001";"NE_0001";"NE_0001";"NE_0001";"NE_0001"
"2023";"05";"150131";"LIMA";"LIMA";"SAN ISIDRO";"PRIVADO";"II-E";"00011358";"CONFÍA INSTITUTO OFTALMOLÓGICO";"NE_0001";"";"NE_0001";"NE_0001";"NE_0001";"NE_0001";"NE_0001";"NE_0001";"NE_0001"
"2023";"05";"150101";"LIMA";"LIMA";"LIMA";"PRIVADO";"II-2";"00008281";"CLINICA MAISON DE SANTE  DE LIMA";"240000";"HOSPITALIZACIÓN";"83";"74";"255";"151";"20";"620";"1"
"2023";"05";"150101";"LIMA";"LIMA";"LIMA";"PRIVADO";"II-2";"00008281";"CLINICA MAISON DE SANTE  DE LIMA";"250100";"UNIDAD DE CUIDADOS CRITICOS UNIDAD  DE CUIDADOS INTENSIVOS GENERALES (UCI) ";"8";"7";"11";"77";"8";"248";"1"
"2023";"05";"040101";"AREQUIPA";"AREQUIPA";"AREQUIPA";"PRIVADO";"II-E";"00011995";"CLINICA ALMONTE SAC";"240800";"HOSPITALIZACIÓN QUIRÚRGICA CIRUGÍA PLÁSTICA/RECONSTRUCTIVA/ REPARADORA ";"8";"8";"8";"8";"3";"62";"0"
"2023";"05";"120606";"JUNIN";"SATIPO";"PANGOA";"GOBIERNO REGIONAL";"I-2";"00000444";"CHAVINI";"NE_0001";"";"NE_0001";"NE_0001";"NE_0001";"NE_0001";"NE_0001";"NE_0001";"NE_0001"
"2023";"05";"120606";"JUNIN";"SATIPO";"PANGOA";"GOBIERNO REGIONAL";"I-1";"00000450";"ALTO KIATARI";"NE_0001";"";"NE_0001";"NE_0001";"NE_0001";"NE_0001";"NE_0001";"NE_0001";"NE_0001"
"2023";"05";"110201";"ICA";"CHINCHA";"CHINCHA ALTA";"GOBIERNO REGIONAL";"II-1";"00003414";"HOSPITAL SAN JOSE DE CHINCHA";"240100";"HOSPITALIZACIÓN QUIRÚRGICA CIRUGÍA GENERAL ";"100";"103";"569";"547";"32";"896";"2"
"2023";"05";"110201";"ICA";"CHINCHA";"CHINCHA ALTA";"GOBIERNO REGIONAL";"II-1";"00003414";"HOSPITAL SAN JOSE DE CHINCHA";"241400";"HOSPITALIZACIÓN QUIRÚRGICA GINECO - OBSTETRICIA ";"303";"302";"746";"942";"40";"1120";"0"
"2023";"05";"110201";"ICA";"CHINCHA";"CHINCHA ALTA";"GOBIERNO REGIONAL";"II-1";"00003414";"HOSPITAL SAN JOSE DE CHINCHA";"241800";"HOSPITALIZACIÓN DE MEDICINA MEDICINA GENERAL ";"323";"321";"1846";"1891";"68";"1904";"25"
"2023";"05";"110201";"ICA";"CHINCHA";"CHINCHA ALTA";"GOBIERNO REGIONAL";"II-1";"00003414";"HOSPITAL SAN JOSE DE CHINCHA";"242500";"HOSPITALIZACIÓN-PEDIATRÍA GENERAL-";"197";"202";"599";"223";"14";"392";"0"
"2023";"05";"200601";"PIURA";"SULLANA";"SULLANA";"PRIVADO";"II-1";"00010777";"CLINICA VIRGEN DEL PILAR SCRL";"241900";"HOSPITALIZACIÓN DE MEDICINA MEDICINA INTERNA ";"22";"22";"82";"93";"24";"250";"1"
"2023";"05";"200601";"PIURA";"SULLANA";"SULLANA";"PRIVADO";"II-1";"00010777";"CLINICA VIRGEN DEL PILAR SCRL";"240100";"HOSPITALIZACIÓN QUIRÚRGICA CIRUGÍA GENERAL ";"19";"19";"85";"93";"24";"510";"0"
"2023";"05";"150130";"LIMA";"LIMA";"SAN BORJA";"MINSA";"III-2";"00016918";"INSTITUTO NACIONAL DE SALUD NIÑO SAN BORJA";"242100";"HOSPITALIZACIÓN DE MEDICINA ONCOLOGÍA MÉDICA ";"16";"15";"468";"460";"17";"527";"0"
"2023";"05";"150130";"LIMA";"LIMA";"SAN BORJA";"MINSA";"III-2";"00016918";"INSTITUTO NACIONAL DE SALUD NIÑO SAN BORJA";"244500";"HOSPITALIZACIÓN DE MEDICINA HEMATOLOGÍA ";"26";"28";"915";"634";"21";"649";"1"
"2023";"05";"150130";"LIMA";"LIMA";"SAN BORJA";"MINSA";"III-2";"00016918";"INSTITUTO NACIONAL DE SALUD NIÑO SAN BORJA";"240400";"HOSPITALIZACIÓN QUIRÚRGICA CIRUGÍA DE TÓRAX Y CARDIOVASCULAR ";"41";"47";"1408";"990";"33";"1031";"0"
"2023";"05";"150130";"LIMA";"LIMA";"SAN BORJA";"MINSA";"III-2";"00016918";"INSTITUTO NACIONAL DE SALUD NIÑO SAN BORJA";"240700";"HOSPITALIZACIÓN QUIRÚRGICA CIRUGÍA PEDIÁTRICA ";"62";"55";"916";"991";"33";"1008";"0"
"2023";"05";"150130";"LIMA";"LIMA";"SAN BORJA";"MINSA";"III-2";"00016918";"INSTITUTO NACIONAL DE SALUD NIÑO SAN BORJA";"240900";"HOSPITALIZACIÓN QUIRÚRGICA NEUROCIRUGÍA ";"48";"54";"1094";"1025";"35";"1081";"0"
"2023";"05";"150130";"LIMA";"LIMA";"SAN BORJA";"MINSA";"III-2";"00016918";"INSTITUTO NACIONAL DE SALUD NIÑO SAN BORJA";"240100";"HOSPITALIZACIÓN QUIRÚRGICA CIRUGÍA GENERAL ";"132";"134";"1162";"1000";"34";"1040";"0"
"2023";"05";"150130";"LIMA";"LIMA";"SAN BORJA";"MINSA";"III-2";"00016918";"INSTITUTO NACIONAL DE SALUD NIÑO SAN BORJA";"242300";"HOSPITALIZACIÓN DE PEDIATRÍA  PEDIATRÍA  GENERAL ";"54";"60";"971";"868";"30";"923";"1"
"2023";"05";"150130";"LIMA";"LIMA";"SAN BORJA";"MINSA";"III-2";"00016918";"INSTITUTO NACIONAL DE SALUD NIÑO SAN BORJA";"240801";"HOSPITALIZACIÓN QUIRÚRGICA CIRUGÍA PLÁSTICA/RECONSTRUCTIVA/ REPARADORA QUEMADOS";"51";"54";"748";"504";"18";"558";"0"
"2023";"05";"150130";"LIMA";"LIMA";"SAN BORJA";"MINSA";"III-2";"00016918";"INSTITUTO NACIONAL DE SALUD NIÑO SAN BORJA";"250201";"UNIDAD DE CUIDADOS CRITICOS UNIDAD DE CUIDADOS INTERMEDIOS  (UCIN) NEONATAL";"8";"8";"197";"173";"6";"186";"0"
"2023";"05";"150130";"LIMA";"LIMA";"SAN BORJA";"MINSA";"III-2";"00016918";"INSTITUTO NACIONAL DE SALUD NIÑO SAN BORJA";"250101";"UNIDAD DE CUIDADOS CRITICOS UNIDAD  DE CUIDADOS INTENSIVOS GENERALES (UCI) CARDIOLOGIA";"1";"3";"87";"279";"9";"279";"3"
"2023";"05";"150130";"LIMA";"LIMA";"SAN BORJA";"MINSA";"III-2";"00016918";"INSTITUTO NACIONAL DE SALUD NIÑO SAN BORJA";"250111";"UNIDAD DE CUIDADOS CRITICOS UNIDAD  DE CUIDADOS INTENSIVOS  (UCI) CARDIOVASCULAR";"9";"1";"14";"415";"14";"434";"1"
"2023";"05";"150130";"LIMA";"LIMA";"SAN BORJA";"MINSA";"III-2";"00016918";"INSTITUTO NACIONAL DE SALUD NIÑO SAN BORJA";"250105";"UNIDAD DE CUIDADOS CRITICOS UNIDAD  DE CUIDADOS INTENSIVOS  (UCI) NEONATOLOGÍA";"2";"2";"35";"233";"8";"248";"2"
"2023";"05";"150130";"LIMA";"LIMA";"SAN BORJA";"MINSA";"III-2";"00016918";"INSTITUTO NACIONAL DE SALUD NIÑO SAN BORJA";"250107";"UNIDAD DE CUIDADOS CRITICOS UNIDAD  DE CUIDADOS INTENSIVOS  (UCI) NEUROQUIRÚRGICA";"4";"4";"273";"307";"10";"310";"4"
"2023";"05";"150130";"LIMA";"LIMA";"SAN BORJA";"MINSA";"III-2";"00016918";"INSTITUTO NACIONAL DE SALUD NIÑO SAN BORJA";"250400";"UNIDAD DE CUIDADOS CRITICOS UNIDAD DE QUEMADOS (GRAN QUEMADO) ";"2";"0";"0";"183";"6";"186";"0"
"2023";"05";"150130";"LIMA";"LIMA";"SAN BORJA";"MINSA";"III-2";"00016918";"INSTITUTO NACIONAL DE SALUD NIÑO SAN BORJA";"240500";"HOSPITALIZACIÓN QUIRÚRGICA CIRUGÍA DE TRANSPLANTES ";"14";"11";"127";"54";"5";"155";"0"
"2023";"05";"150130";"LIMA";"LIMA";"SAN BORJA";"MINSA";"III-2";"00016918";"INSTITUTO NACIONAL DE SALUD NIÑO SAN BORJA";"243600";"HOSPITALIZACIÓN DE PEDIATRÍA PEDIATRIA ONCOLOGÍA PEDIÁTRICA";"10";"13";"252";"84";"3";"93";"0"
"2023";"05";"150130";"LIMA";"LIMA";"SAN BORJA";"MINSA";"III-2";"00016918";"INSTITUTO NACIONAL DE SALUD NIÑO SAN BORJA";"250108";"UNIDAD DE CUIDADOS CRITICOS UNIDAD  DE CUIDADOS INTENSIVOS  (UCI) PEDIÁTRICA";"7";"4";"208";"366";"12";"372";"4"
"2023";"07";"220303";"SAN MARTIN";"EL DORADO";"SAN MARTIN";"GOBIERNO REGIONAL";"I-1";"00006494";"SINAMI";"NE_0001";"";"NE_0001";"NE_0001";"NE_0001";"NE_0001";"NE_0001";"NE_0001";"NE_0001"
"2023";"07";"220303";"SAN MARTIN";"EL DORADO";"SAN MARTIN";"GOBIERNO REGIONAL";"I-1";"00007391";"CASHNAHUASI";"NE_0001";"";"NE_0001";"NE_0001";"NE_0001";"NE_0001";"NE_0001";"NE_0001";"NE_0001"
"2023";"07";"220303";"SAN MARTIN";"EL DORADO";"SAN MARTIN";"GOBIERNO REGIONAL";"I-1";"00007392";"BUENA VISTA";"NE_0001";"";"NE_0001";"NE_0001";"NE_0001";"NE_0001";"NE_0001";"NE_0001";"NE_0001"
"2023";"07";"220303";"SAN MARTIN";"EL DORADO";"SAN MARTIN";"GOBIERNO REGIONAL";"I-1";"00007644";"PACAYPAMPA";"NE_0001";"";"NE_0001";"NE_0001";"NE_0001";"NE_0001";"NE_0001";"NE_0001";"NE_0001"
"2023";"07";"220305";"SAN MARTIN";"EL DORADO";"SHATOJA";"GOBIERNO REGIONAL";"I-1";"00006493";"SHATOJA";"NE_0001";"";"NE_0001";"NE_0001";"NE_0001";"NE_0001";"NE_0001";"NE_0001";"NE_0001"
"2023";"07";"220104";"SAN MARTIN";"MOYOBAMBA";"JEPELACIO";"GOBIERNO REGIONAL";"I-1";"00007238";"PACAYPITE";"NE_0001";"";"NE_0001";"NE_0001";"NE_0001";"NE_0001";"NE_0001";"NE_0001";"NE_0001"
"2023";"07";"220104";"SAN MARTIN";"MOYOBAMBA";"JEPELACIO";"GOBIERNO REGIONAL";"I-4";"00006337";"JEPELACIO";"241400";"HOSPITALIZACIÓN QUIRÚRGICA GINECO - OBSTETRICIA ";"3";"3";"3";"3";"3";"62";"0"
"2023";"07";"070101";"CALLAO";"CALLAO";"CALLAO";"PRIVADO";"II-E";"00025535";"CLÍNICA  OQUENDO";"240000";"HOSPITALIZACIÓN";"16";"17";"34";"17";"11";"330";"0"
"2023";"07";"120302";"JUNIN";"CHANCHAMAYO";"PERENE";"GOBIERNO REGIONAL";"I-1";"00000322";"LIBERTAD TOTERANI";"NE_0001";"";"NE_0001";"NE_0001";"NE_0001";"NE_0001";"NE_0001";"NE_0001";"NE_0001"
"2023";"07";"120302";"JUNIN";"CHANCHAMAYO";"PERENE";"GOBIERNO REGIONAL";"I-1";"00000323";"INCHATINGARI";"NE_0001";"";"NE_0001";"NE_0001";"NE_0001";"NE_0001";"NE_0001";"NE_0001";"NE_0001"
"2023";"07";"120302";"JUNIN";"CHANCHAMAYO";"PERENE";"GOBIERNO REGIONAL";"I-2";"00000324";"LOS ANGELES DE UBIRIKI";"NE_0001";"";"NE_0001";"NE_0001";"NE_0001";"NE_0001";"NE_0001";"NE_0001";"NE_0001"
"2023";"07";"120302";"JUNIN";"CHANCHAMAYO";"PERENE";"GOBIERNO REGIONAL";"I-1";"00000327";"ALTO PUMPURIANI";"NE_0001";"";"NE_0001";"NE_0001";"NE_0001";"NE_0001";"NE_0001";"NE_0001";"NE_0001"
"2023";"07";"120302";"JUNIN";"CHANCHAMAYO";"PERENE";"GOBIERNO REGIONAL";"I-1";"00000335";"ZONA PATRIA";"NE_0001";"";"NE_0001";"NE_0001";"NE_0001";"NE_0001";"NE_0001";"NE_0001";"NE_0001"
"2023";"07";"120302";"JUNIN";"CHANCHAMAYO";"PERENE";"GOBIERNO REGIONAL";"I-3";"00000320";"PUERTO YURINAKI";"NE_0001";"";"NE_0001";"NE_0001";"NE_0001";"NE_0001";"NE_0001";"NE_0001";"NE_0001"
"2023";"07";"120302";"JUNIN";"CHANCHAMAYO";"PERENE";"GOBIERNO REGIONAL";"I-2";"00000325";"CENTRO POBLADO MENOR LA FLORIDA";"NE_0001";"";"NE_0001";"NE_0001";"NE_0001";"NE_0001";"NE_0001";"NE_0001";"NE_0001"
"2023";"07";"120302";"JUNIN";"CHANCHAMAYO";"PERENE";"GOBIERNO REGIONAL";"I-1";"00000329";"HUACAMAYO";"NE_0001";"";"NE_0001";"NE_0001";"NE_0001";"NE_0001";"NE_0001";"NE_0001";"NE_0001"
"2023";"07";"120304";"JUNIN";"CHANCHAMAYO";"SAN LUIS DE SHUARO";"GOBIERNO REGIONAL";"I-1";"00000336";"ALTO YAPAZ";"NE_0001";"";"NE_0001";"NE_0001";"NE_0001";"NE_0001";"NE_0001";"NE_0001";"NE_0001"
"2023";"07";"120302";"JUNIN";"CHANCHAMAYO";"PERENE";"GOBIERNO REGIONAL";"I-4";"00000318";"VILLA PERENE";"241800";"HOSPITALIZACIÓN DE MEDICINA MEDICINA GENERAL ";"06";"06";"15";"19";"09";"279";"0"
"2023";"07";"120302";"JUNIN";"CHANCHAMAYO";"PERENE";"GOBIERNO REGIONAL";"I-4";"00000318";"VILLA PERENE";"241600";"HOSPITALIZACIÓN QUIRÚRGICA OBSTETRICIA   ";"11";"11";"28";"28";"3";"93";"0"
"2023";"07";"120302";"JUNIN";"CHANCHAMAYO";"PERENE";"GOBIERNO REGIONAL";"I-2";"00000319";"BAJO MARANKIARI";"NE_0001";"";"NE_0001";"NE_0001";"NE_0001";"NE_0001";"NE_0001";"NE_0001";"NE_0001"
"2023";"07";"120302";"JUNIN";"CHANCHAMAYO";"PERENE";"GOBIERNO REGIONAL";"I-1";"00000326";"SANTA ROSA DE RIO AMARILLO";"NE_0001";"";"NE_0001";"NE_0001";"NE_0001";"NE_0001";"NE_0001";"NE_0001";"NE_0001"
"2023";"07";"120302";"JUNIN";"CHANCHAMAYO";"PERENE";"GOBIERNO REGIONAL";"I-1";"00000332";"ALTO SAN JUAN";"NE_0001";"";"NE_0001";"NE_0001";"NE_0001";"NE_0001";"NE_0001";"NE_0001";"NE_0001"
"2023";"07";"120302";"JUNIN";"CHANCHAMAYO";"PERENE";"GOBIERNO REGIONAL";"I-1";"00000333";"CENTRO TOTERANI";"NE_0001";"";"NE_0001";"NE_0001";"NE_0001";"NE_0001";"NE_0001";"NE_0001";"NE_0001"
"2023";"07";"120302";"JUNIN";"CHANCHAMAYO";"PERENE";"GOBIERNO REGIONAL";"I-1";"00007319";"SANTA ROSA TOTERANI";"NE_0001";"";"NE_0001";"NE_0001";"NE_0001";"NE_0001";"NE_0001";"NE_0001";"NE_0001"
"2023";"07";"120302";"JUNIN";"CHANCHAMAYO";"PERENE";"GOBIERNO REGIONAL";"I-2";"00014385";"MARISCAL CACERES";"NE_0001";"";"NE_0001";"NE_0001";"NE_0001";"NE_0001";"NE_0001";"NE_0001";"NE_0001"
"2023";"07";"120302";"JUNIN";"CHANCHAMAYO";"PERENE";"GOBIERNO REGIONAL";"I-1";"00000331";"LOS ANGELES TOTERANI";"NE_0001";"";"NE_0001";"NE_0001";"NE_0001";"NE_0001";"NE_0001";"NE_0001";"NE_0001"
"2023";"07";"120302";"JUNIN";"CHANCHAMAYO";"PERENE";"GOBIERNO REGIONAL";"I-1";"00000328";"CHURINGAVENI";"NE_0001";"";"NE_0001";"NE_0001";"NE_0001";"NE_0001";"NE_0001";"NE_0001";"NE_0001"
"2023";"07";"120302";"JUNIN";"CHANCHAMAYO";"PERENE";"GOBIERNO REGIONAL";"I-3";"00000330";"SAN FERNANDO DE KIVINAKI";"NE_0001";"";"NE_0001";"NE_0001";"NE_0001";"NE_0001";"NE_0001";"NE_0001";"NE_0001"
"2023";"07";"120302";"JUNIN";"CHANCHAMAYO";"PERENE";"GOBIERNO REGIONAL";"I-1";"00006737";"JOSE OLAYA";"NE_0001";"";"NE_0001";"NE_0001";"NE_0001";"NE_0001";"NE_0001";"NE_0001";"NE_0001"
"2023";"07";"120302";"JUNIN";"CHANCHAMAYO";"PERENE";"GOBIERNO REGIONAL";"I-1";"00007362";"UNION PUCUSANI";"NE_0001";"";"NE_0001";"NE_0001";"NE_0001";"NE_0001";"NE_0001";"NE_0001";"NE_0001"
"2023";"07";"120301";"JUNIN";"CHANCHAMAYO";"CHANCHAMAYO";"GOBIERNO REGIONAL";"I-1";"00000310";"VILLA DORADA";"NE_0001";"";"NE_0001";"NE_0001";"NE_0001";"NE_0001";"NE_0001";"NE_0001";"NE_0001"
"2023";"07";"120302";"JUNIN";"CHANCHAMAYO";"PERENE";"GOBIERNO REGIONAL";"I-1";"00000334";"SANTA ROSA DE CAMONASHARI";"NE_0001";"";"NE_0001";"NE_0001";"NE_0001";"NE_0001";"NE_0001";"NE_0001";"NE_0001"
"2023";"07";"040520";"AREQUIPA";"CAYLLOMA";"MAJES";"GOBIERNO REGIONAL";"II-1";"00016721";"HOSPITAL CENTRAL DE MAJES ING. ANGEL GABRIEL CHURA GALLEGOS";"240100";"HOSPITALIZACIÓN QUIRÚRGICA CIRUGÍA GENERAL ";"48";"52";"184";"239";"8";"240";"0"
"2023";"07";"040520";"AREQUIPA";"CAYLLOMA";"MAJES";"GOBIERNO REGIONAL";"II-1";"00016721";"HOSPITAL CENTRAL DE MAJES ING. ANGEL GABRIEL CHURA GALLEGOS";"241500";"HOSPITALIZACIÓN QUIRÚRGICA GINECOLOGÍA  ";"36";"35";"101";"143";"8";"240";"0"
"2023";"07";"040520";"AREQUIPA";"CAYLLOMA";"MAJES";"GOBIERNO REGIONAL";"II-1";"00016721";"HOSPITAL CENTRAL DE MAJES ING. ANGEL GABRIEL CHURA GALLEGOS";"241800";"HOSPITALIZACIÓN DE MEDICINA MEDICINA GENERAL ";"22";"17";"78";"89";"10";"300";"2"
"2023";"07";"040520";"AREQUIPA";"CAYLLOMA";"MAJES";"GOBIERNO REGIONAL";"II-1";"00016721";"HOSPITAL CENTRAL DE MAJES ING. ANGEL GABRIEL CHURA GALLEGOS";"241600";"HOSPITALIZACIÓN QUIRÚRGICA OBSTETRICIA   ";"113";"112";"154";"241";"11";"330";"0"
"2023";"07";"040520";"AREQUIPA";"CAYLLOMA";"MAJES";"GOBIERNO REGIONAL";"II-1";"00016721";"HOSPITAL CENTRAL DE MAJES ING. ANGEL GABRIEL CHURA GALLEGOS";"242500";"HOSPITALIZACIÓN-PEDIATRÍA GENERAL-";"22";"24";"85";"109";"8";"240";"0"
"2023";"07";"040520";"AREQUIPA";"CAYLLOMA";"MAJES";"GOBIERNO REGIONAL";"II-1";"00016721";"HOSPITAL CENTRAL DE MAJES ING. ANGEL GABRIEL CHURA GALLEGOS";"241200";"HOSPITALIZACIÓN QUIRÚRGICA TRAUMATOLOGÍA Y ORTOPEDIA ";"12";"9";"43";"50";"6";"180";"0"
"2023";"07";"090101";"HUANCAVELICA";"HUANCAVELICA";"HUANCAVELICA";"GOBIERNO REGIONAL";"II-2";"00003853";"HOSPITAL DEPARTAMENTAL DE HUANCAVELICA";"240100";"HOSPITALIZACIÓN QUIRÚRGICA CIRUGÍA GENERAL ";"89";"89";"367";"360";"20";"600";"0"
"2023";"07";"090101";"HUANCAVELICA";"HUANCAVELICA";"HUANCAVELICA";"GOBIERNO REGIONAL";"II-2";"00003853";"HOSPITAL DEPARTAMENTAL DE HUANCAVELICA";"241200";"HOSPITALIZACIÓN QUIRÚRGICA TRAUMATOLOGÍA Y ORTOPEDIA ";"39";"39";"259";"270";"9";"270";"0"
"2023";"07";"090101";"HUANCAVELICA";"HUANCAVELICA";"HUANCAVELICA";"GOBIERNO REGIONAL";"II-2";"00003853";"HOSPITAL DEPARTAMENTAL DE HUANCAVELICA";"241400";"HOSPITALIZACIÓN QUIRÚRGICA GINECO - OBSTETRICIA ";"73";"73";"189";"360";"18";"540";"0"
"2023";"07";"090101";"HUANCAVELICA";"HUANCAVELICA";"HUANCAVELICA";"GOBIERNO REGIONAL";"II-2";"00003853";"HOSPITAL DEPARTAMENTAL DE HUANCAVELICA";"241500";"HOSPITALIZACIÓN QUIRÚRGICA GINECOLOGÍA  ";"70";"70";"166";"300";"18";"540";"0"
"2023";"07";"090101";"HUANCAVELICA";"HUANCAVELICA";"HUANCAVELICA";"GOBIERNO REGIONAL";"II-2";"00003853";"HOSPITAL DEPARTAMENTAL DE HUANCAVELICA";"241800";"HOSPITALIZACIÓN DE MEDICINA MEDICINA GENERAL ";"75";"75";"378";"180";"20";"600";"5"
"2023";"07";"090101";"HUANCAVELICA";"HUANCAVELICA";"HUANCAVELICA";"GOBIERNO REGIONAL";"II-2";"00003853";"HOSPITAL DEPARTAMENTAL DE HUANCAVELICA";"241900";"HOSPITALIZACIÓN DE MEDICINA MEDICINA INTERNA ";"1";"1";"109";"240";"20";"600";"1"
"2023";"07";"090101";"HUANCAVELICA";"HUANCAVELICA";"HUANCAVELICA";"GOBIERNO REGIONAL";"II-2";"00003853";"HOSPITAL DEPARTAMENTAL DE HUANCAVELICA";"242300";"HOSPITALIZACIÓN DE PEDIATRÍA  PEDIATRÍA  GENERAL ";"59";"59";"290";"330";"11";"330";"0"
"2023";"07";"090101";"HUANCAVELICA";"HUANCAVELICA";"HUANCAVELICA";"GOBIERNO REGIONAL";"II-2";"00003853";"HOSPITAL DEPARTAMENTAL DE HUANCAVELICA";"243200";"HOSPITALIZACIÓN DE PEDIATRÍA PEDIATRIA NEONATOLOGÍA";"37";"37";"126";"270";"16";"480";"0"
"2023";"07";"070101";"CALLAO";"CALLAO";"CALLAO";"PRIVADO";"I-2";"00011182";"CONSULTORIOS LIMATAMBO SEDE MINKA";"NE_0001";"";"NE_0001";"NE_0001";"NE_0001";"NE_0001";"NE_0001";"NE_0001";"NE_0001"
"2023";"07";"120404";"JUNIN";"JAUJA";"ATAURA";"GOBIERNO REGIONAL";"I-1";"00000367";"ATAURA";"NE_0002";"";"NE_0002";"NE_0002";"NE_0002";"NE_0002";"NE_0002";"NE_0002";"NE_0002"
"2023";"07";"120423";"JUNIN";"JAUJA";"PACCHA";"GOBIERNO REGIONAL";"I-1";"00000372";"MASAJCANCHA";"NE_0002";"";"NE_0002";"NE_0002";"NE_0002";"NE_0002";"NE_0002";"NE_0002";"NE_0002"
"2023";"07";"120430";"JUNIN";"JAUJA";"SAUSA";"GOBIERNO REGIONAL";"I-1";"00000376";"SAUSA";"NE_0002";"";"NE_0002";"NE_0002";"NE_0002";"NE_0002";"NE_0002";"NE_0002";"NE_0002"
"2023";"07";"120423";"JUNIN";"JAUJA";"PACCHA";"GOBIERNO REGIONAL";"I-1";"00000371";"PACCHA MIRAFLORES";"NE_0002";"";"NE_0002";"NE_0002";"NE_0002";"NE_0002";"NE_0002";"NE_0002";"NE_0002"
"2023";"07";"120422";"JUNIN";"JAUJA";"PACA";"GOBIERNO REGIONAL";"I-2";"00000369";"PACA";"NE_0002";"";"NE_0002";"NE_0002";"NE_0002";"NE_0002";"NE_0002";"NE_0002";"NE_0002"
"2023";"07";"120434";"JUNIN";"JAUJA";"YAUYOS";"GOBIERNO REGIONAL";"I-1";"00000378";"HUANCAS";"NE_0002";"";"NE_0002";"NE_0002";"NE_0002";"NE_0002";"NE_0002";"NE_0002";"NE_0002"
"2023";"07";"120606";"JUNIN";"SATIPO";"PANGOA";"GOBIERNO REGIONAL";"I-1";"00006878";"POTSOTENI";"NE_0001";"";"NE_0001";"NE_0001";"NE_0001";"NE_0001";"NE_0001";"NE_0001";"NE_0001"
"2023";"07";"120608";"JUNIN";"SATIPO";"RIO TAMBO";"GOBIERNO REGIONAL";"I-1";"00000475";"CAPERUSIA";"NE_0001";"";"NE_0001";"NE_0001";"NE_0001";"NE_0001";"NE_0001";"NE_0001";"NE_0001"
"2023";"03";"110201";"ICA";"CHINCHA";"CHINCHA ALTA";"GOBIERNO REGIONAL";"II-1";"00003414";"HOSPITAL SAN JOSE DE CHINCHA";"240100";"HOSPITALIZACIÓN QUIRÚRGICA CIRUGÍA GENERAL ";"79";"97";"585";"524";"32";"960";"1"
"2023";"03";"110201";"ICA";"CHINCHA";"CHINCHA ALTA";"GOBIERNO REGIONAL";"II-1";"00003414";"HOSPITAL SAN JOSE DE CHINCHA";"241400";"HOSPITALIZACIÓN QUIRÚRGICA GINECO - OBSTETRICIA ";"257";"289";"667";"539";"40";"1200";"0"
"2023";"03";"110201";"ICA";"CHINCHA";"CHINCHA ALTA";"GOBIERNO REGIONAL";"II-1";"00003414";"HOSPITAL SAN JOSE DE CHINCHA";"241800";"HOSPITALIZACIÓN DE MEDICINA MEDICINA GENERAL ";"84";"107";"803";"197";"52";"1560";"17"
"2023";"03";"110201";"ICA";"CHINCHA";"CHINCHA ALTA";"GOBIERNO REGIONAL";"II-1";"00003414";"HOSPITAL SAN JOSE DE CHINCHA";"242500";"HOSPITALIZACIÓN-PEDIATRÍA GENERAL-";"104";"115";"378";"285";"14";"420";"1"
"2023";"03";"080101";"CUSCO";"CUSCO";"CUSCO";"GOBIERNO REGIONAL";"III-1";"00002289";"HOSPITAL DE APOYO DEPARTAMENTAL CUSCO";"240100";"HOSPITALIZACIÓN QUIRÚRGICA CIRUGÍA GENERAL ";"182";"168";"774";"793";"34";"1054";"3"
"2023";"03";"080101";"CUSCO";"CUSCO";"CUSCO";"GOBIERNO REGIONAL";"III-1";"00002289";"HOSPITAL DE APOYO DEPARTAMENTAL CUSCO";"240100";"HOSPITALIZACIÓN QUIRÚRGICA CIRUGÍA GENERAL ";"92";"90";"598";"562";"32";"992";"0"
"2023";"03";"080101";"CUSCO";"CUSCO";"CUSCO";"GOBIERNO REGIONAL";"III-1";"00002289";"HOSPITAL DE APOYO DEPARTAMENTAL CUSCO";"241800";"HOSPITALIZACIÓN DE MEDICINA MEDICINA GENERAL ";"19";"20";"301";"309";"24";"744";"4"
"2023";"03";"080101";"CUSCO";"CUSCO";"CUSCO";"GOBIERNO REGIONAL";"III-1";"00002289";"HOSPITAL DE APOYO DEPARTAMENTAL CUSCO";"241500";"HOSPITALIZACIÓN QUIRÚRGICA GINECOLOGÍA  ";"146";"151";"488";"500";"29";"899";"1"
"2023";"03";"080101";"CUSCO";"CUSCO";"CUSCO";"GOBIERNO REGIONAL";"III-1";"00002289";"HOSPITAL DE APOYO DEPARTAMENTAL CUSCO";"241400";"HOSPITALIZACIÓN QUIRÚRGICA GINECO - OBSTETRICIA ";"273";"278";"639";"821";"31";"961";"0"
"2023";"03";"080101";"CUSCO";"CUSCO";"CUSCO";"GOBIERNO REGIONAL";"III-1";"00002289";"HOSPITAL DE APOYO DEPARTAMENTAL CUSCO";"241800";"HOSPITALIZACIÓN DE MEDICINA MEDICINA GENERAL ";"73";"66";"747";"895";"32";"992";"8"
"2023";"03";"080101";"CUSCO";"CUSCO";"CUSCO";"GOBIERNO REGIONAL";"III-1";"00002289";"HOSPITAL DE APOYO DEPARTAMENTAL CUSCO";"241800";"HOSPITALIZACIÓN DE MEDICINA MEDICINA GENERAL ";"37";"40";"527";"450";"21";"651";"6"
"2023";"03";"080101";"CUSCO";"CUSCO";"CUSCO";"GOBIERNO REGIONAL";"III-1";"00002289";"HOSPITAL DE APOYO DEPARTAMENTAL CUSCO";"241900";"HOSPITALIZACIÓN DE MEDICINA MEDICINA INTERNA ";"26";"27";"471";"535";"22";"682";"6"
"2023";"03";"080101";"CUSCO";"CUSCO";"CUSCO";"GOBIERNO REGIONAL";"III-1";"00002289";"HOSPITAL DE APOYO DEPARTAMENTAL CUSCO";"240900";"HOSPITALIZACIÓN QUIRÚRGICA NEUROCIRUGÍA ";"37";"37";"427";"506";"20";"620";"0"
"2023";"03";"080101";"CUSCO";"CUSCO";"CUSCO";"GOBIERNO REGIONAL";"III-1";"00002289";"HOSPITAL DE APOYO DEPARTAMENTAL CUSCO";"242100";"HOSPITALIZACIÓN DE MEDICINA ONCOLOGÍA MÉDICA ";"32";"30";"294";"251";"21";"651";"1"
"2023";"03";"080101";"CUSCO";"CUSCO";"CUSCO";"GOBIERNO REGIONAL";"III-1";"00002289";"HOSPITAL DE APOYO DEPARTAMENTAL CUSCO";"242300";"HOSPITALIZACIÓN DE PEDIATRÍA  PEDIATRÍA  GENERAL ";"45";"36";"271";"359";"29";"899";"0"
"2023";"03";"080101";"CUSCO";"CUSCO";"CUSCO";"GOBIERNO REGIONAL";"III-1";"00002289";"HOSPITAL DE APOYO DEPARTAMENTAL CUSCO";"243200";"HOSPITALIZACIÓN DE PEDIATRÍA PEDIATRIA NEONATOLOGÍA";"49";"42";"450";"588";"25";"775";"1"
"2023";"03";"080101";"CUSCO";"CUSCO";"CUSCO";"GOBIERNO REGIONAL";"III-1";"00002289";"HOSPITAL DE APOYO DEPARTAMENTAL CUSCO";"242204";"HOSPITALIZACIÓN DE MEDICINA PSIQUIATRÍA REHABILITACIÓN PSIQUIÁTRICA / REINSERCIÓN ";"13";"14";"265";"181";"7";"217";"0"
"2023";"03";"080101";"CUSCO";"CUSCO";"CUSCO";"GOBIERNO REGIONAL";"III-1";"00002289";"HOSPITAL DE APOYO DEPARTAMENTAL CUSCO";"241200";"HOSPITALIZACIÓN QUIRÚRGICA TRAUMATOLOGÍA Y ORTOPEDIA ";"64";"61";"716";"860";"30";"930";"0"
"2023";"03";"080101";"CUSCO";"CUSCO";"CUSCO";"GOBIERNO REGIONAL";"III-1";"00002289";"HOSPITAL DE APOYO DEPARTAMENTAL CUSCO";"240801";"HOSPITALIZACIÓN QUIRÚRGICA CIRUGÍA PLÁSTICA/RECONSTRUCTIVA/ REPARADORA QUEMADOS";"23";"26";"443";"333";"18";"558";"1"
"2023";"03";"080101";"CUSCO";"CUSCO";"CUSCO";"GOBIERNO REGIONAL";"III-1";"00002289";"HOSPITAL DE APOYO DEPARTAMENTAL CUSCO";"250100";"UNIDAD DE CUIDADOS CRITICOS UNIDAD  DE CUIDADOS INTENSIVOS GENERALES (UCI) ";"23";"23";"325";"327";"12";"372";"5"
"2023";"03";"140101";"LAMBAYEQUE";"CHICLAYO";"CHICLAYO";"PRIVADO";"II-E";"00017589";"INSTITUTO OFTALMOLÓGICO LA LUZ SAC";"NE_0001";"";"NE_0001";"NE_0001";"NE_0001";"NE_0001";"NE_0001";"NE_0001";"NE_0001"
"2023";"03";"150121";"LIMA";"LIMA";"PUEBLO LIBRE";"PRIVADO";"II-E";"00015077";"LIGA CONTRA EL CÁNCER";"NE_0001";"";"NE_0001";"NE_0001";"NE_0001";"NE_0001";"NE_0001";"NE_0001";"NE_0001"
"2023";"03";"030501";"APURIMAC";"COTABAMBAS";"TAMBOBAMBA";"GOBIERNO REGIONAL";"II-1";"00002625";"TAMBOBAMBA";"241400";"HOSPITALIZACIÓN QUIRÚRGICA GINECO - OBSTETRICIA ";"40";"40";"100";"40";"4";"48";"0"
"2023";"03";"030501";"APURIMAC";"COTABAMBAS";"TAMBOBAMBA";"GOBIERNO REGIONAL";"II-1";"00002625";"TAMBOBAMBA";"242300";"HOSPITALIZACIÓN DE PEDIATRÍA  PEDIATRÍA  GENERAL ";"1";"1";"4";"1";"4";"5";"0"
"2023";"03";"030501";"APURIMAC";"COTABAMBAS";"TAMBOBAMBA";"GOBIERNO REGIONAL";"II-1";"00002625";"TAMBOBAMBA";"241600";"HOSPITALIZACIÓN QUIRÚRGICA OBSTETRICIA   ";"2";"2";"4";"2";"2";"4";"0"
"2023";"03";"030501";"APURIMAC";"COTABAMBAS";"TAMBOBAMBA";"GOBIERNO REGIONAL";"II-1";"00002625";"TAMBOBAMBA";"241800";"HOSPITALIZACIÓN DE MEDICINA MEDICINA GENERAL ";"20";"20";"35";"20";"8";"100";"0"
"2023";"03";"040101";"AREQUIPA";"AREQUIPA";"AREQUIPA";"GOBIERNO REGIONAL";"III-1";"00001232";"HOSPITAL GOYENECHE";"241900";"HOSPITALIZACIÓN DE MEDICINA MEDICINA INTERNA ";"106";"102";"1305";"1275";"53";"1643";"19"
"2023";"03";"040101";"AREQUIPA";"AREQUIPA";"AREQUIPA";"GOBIERNO REGIONAL";"III-1";"00001232";"HOSPITAL GOYENECHE";"240100";"HOSPITALIZACIÓN QUIRÚRGICA CIRUGÍA GENERAL ";"157";"163";"1252";"1255";"48";"1488";"0"
"2023";"03";"040101";"AREQUIPA";"AREQUIPA";"AREQUIPA";"GOBIERNO REGIONAL";"III-1";"00001232";"HOSPITAL GOYENECHE";"240000";"HOSPITALIZACIÓN";"74";"75";"976";"861";"30";"930";"0"
"2023";"03";"040101";"AREQUIPA";"AREQUIPA";"AREQUIPA";"GOBIERNO REGIONAL";"III-1";"00001232";"HOSPITAL GOYENECHE";"242100";"HOSPITALIZACIÓN DE MEDICINA ONCOLOGÍA MÉDICA ";"71";"69";"347";"347";"22";"682";"1"
"2023";"03";"040101";"AREQUIPA";"AREQUIPA";"AREQUIPA";"GOBIERNO REGIONAL";"III-1";"00001232";"HOSPITAL GOYENECHE";"242500";"HOSPITALIZACIÓN-PEDIATRÍA GENERAL-";"81";"83";"277";"284";"28";"868";"0"
"2023";"03";"040101";"AREQUIPA";"AREQUIPA";"AREQUIPA";"GOBIERNO REGIONAL";"III-1";"00001232";"HOSPITAL GOYENECHE";"240700";"HOSPITALIZACIÓN QUIRÚRGICA CIRUGÍA PEDIÁTRICA ";"32";"37";"198";"182";"7";"217";"0"
"2023";"03";"040101";"AREQUIPA";"AREQUIPA";"AREQUIPA";"GOBIERNO REGIONAL";"III-1";"00001232";"HOSPITAL GOYENECHE";"243200";"HOSPITALIZACIÓN DE PEDIATRÍA PEDIATRIA NEONATOLOGÍA";"108";"123";"513";"424";"15";"465";"0"
"2023";"03";"040101";"AREQUIPA";"AREQUIPA";"AREQUIPA";"GOBIERNO REGIONAL";"III-1";"00001232";"HOSPITAL GOYENECHE";"241500";"HOSPITALIZACIÓN QUIRÚRGICA GINECOLOGÍA  ";"203";"196";"504";"507";"20";"620";"0"
"2023";"03";"040101";"AREQUIPA";"AREQUIPA";"AREQUIPA";"GOBIERNO REGIONAL";"III-1";"00001232";"HOSPITAL GOYENECHE";"241600";"HOSPITALIZACIÓN QUIRÚRGICA OBSTETRICIA   ";"270";"275";"874";"761";"36";"1116";"0"
"2023";"03";"040101";"AREQUIPA";"AREQUIPA";"AREQUIPA";"GOBIERNO REGIONAL";"III-1";"00001232";"HOSPITAL GOYENECHE";"250100";"UNIDAD DE CUIDADOS CRITICOS UNIDAD  DE CUIDADOS INTENSIVOS GENERALES (UCI) ";"3";"3";"54";"165";"6";"186";"2"
"2023";"03";"040101";"AREQUIPA";"AREQUIPA";"AREQUIPA";"GOBIERNO REGIONAL";"III-1";"00001232";"HOSPITAL GOYENECHE";"250105";"UNIDAD DE CUIDADOS CRITICOS UNIDAD  DE CUIDADOS INTENSIVOS  (UCI) NEONATOLOGÍA";"16";"1";"6";"163";"6";"186";"1"
"2023";"03";"040101";"AREQUIPA";"AREQUIPA";"AREQUIPA";"GOBIERNO REGIONAL";"III-1";"00001232";"HOSPITAL GOYENECHE";"250000";"UNIDAD DE CUIDADOS CRITICOS  ";"0";"2";"57";"7";"13";"78";"0"
"2023";"03";"150101";"LIMA";"LIMA";"LIMA";"PRIVADO";"II-E";"00026473";"OBRA DE SAN CAMILO";"240000";"HOSPITALIZACIÓN";"68";"79";"207";"79";"7";"25";"0"
"2023";"03";"150101";"LIMA";"LIMA";"LIMA";"PRIVADO";"II-E";"00026473";"OBRA DE SAN CAMILO";"240100";"HOSPITALIZACIÓN QUIRÚRGICA CIRUGÍA GENERAL ";"1";"1";"5";"1";"6";"25";"0"
"2023";"03";"100107";"HUANUCO";"HUANUCO";"SAN FRANCISCO DE CAYRAN";"GOBIERNO REGIONAL";"I-3";"00000759";"CAYRAN";"NE_0001";"";"NE_0001";"NE_0001";"NE_0001";"NE_0001";"NE_0001";"NE_0001";"NE_0001"
"2023";"03";"100107";"HUANUCO";"HUANUCO";"SAN FRANCISCO DE CAYRAN";"GOBIERNO REGIONAL";"I-2";"00000758";"HUANCACHUPAC";"NE_0001";"";"NE_0001";"NE_0001";"NE_0001";"NE_0001";"NE_0001";"NE_0001";"NE_0001"
"2023";"03";"061201";"CAJAMARCA";"SAN PABLO";"SAN PABLO";"ESSALUD";"I-1";"00010271";"POSTA MEDICA ESSALUD SAN PABLO";"NE_0001";"";"NE_0001";"NE_0001";"NE_0001";"NE_0001";"NE_0001";"NE_0001";"NE_0001"
"2023";"03";"061001";"CAJAMARCA";"SAN MARCOS";"PEDRO GALVEZ";"GOBIERNO REGIONAL";"I-1";"00004505";"HUAYOBAMBA";"NE_0001";"";"NE_0001";"NE_0001";"NE_0001";"NE_0001";"NE_0001";"NE_0001";"NE_0001"
"2023";"03";"061004";"CAJAMARCA";"SAN MARCOS";"GREGORIO PITA";"GOBIERNO REGIONAL";"I-1";"00004503";"PUESTO DE SALUD ULLILLIN";"NE_0001";"";"NE_0001";"NE_0001";"NE_0001";"NE_0001";"NE_0001";"NE_0001";"NE_0001"
"2023";"03";"061001";"CAJAMARCA";"SAN MARCOS";"PEDRO GALVEZ";"GOBIERNO REGIONAL";"I-1";"00004504";"EDELMIRA";"NE_0001";"";"NE_0001";"NE_0001";"NE_0001";"NE_0001";"NE_0001";"NE_0001";"NE_0001"
"2023";"03";"061004";"CAJAMARCA";"SAN MARCOS";"GREGORIO PITA";"GOBIERNO REGIONAL";"I-1";"00004506";"PUESTO DE SALUD MANZANILLA";"NE_0001";"";"NE_0001";"NE_0001";"NE_0001";"NE_0001";"NE_0001";"NE_0001";"NE_0001"
"2023";"03";"061004";"CAJAMARCA";"SAN MARCOS";"GREGORIO PITA";"GOBIERNO REGIONAL";"I-2";"00004507";"RIO SECO";"NE_0001";"";"NE_0001";"NE_0001";"NE_0001";"NE_0001";"NE_0001";"NE_0001";"NE_0001"
"2023";"03";"061001";"CAJAMARCA";"SAN MARCOS";"PEDRO GALVEZ";"GOBIERNO REGIONAL";"I-4";"00004501";"SAN MARCOS";"241400";"HOSPITALIZACIÓN QUIRÚRGICA GINECO - OBSTETRICIA ";"7";"7";"14";"23";"3";"93";"0"
"2023";"03";"061001";"CAJAMARCA";"SAN MARCOS";"PEDRO GALVEZ";"GOBIERNO REGIONAL";"I-4";"00004501";"SAN MARCOS";"241600";"HOSPITALIZACIÓN QUIRÚRGICA OBSTETRICIA   ";"15";"16";"20";"35";"9";"279";"0"
"2023";"03";"061001";"CAJAMARCA";"SAN MARCOS";"PEDRO GALVEZ";"GOBIERNO REGIONAL";"I-4";"00004501";"SAN MARCOS";"241800";"HOSPITALIZACIÓN DE MEDICINA MEDICINA GENERAL ";"13";"14";"51";"62";"3";"93";"0"
"2023";"03";"061004";"CAJAMARCA";"SAN MARCOS";"GREGORIO PITA";"GOBIERNO REGIONAL";"I-1";"00004502";"PUESTO DE SALUD MUYOC";"NE_0001";"";"NE_0001";"NE_0001";"NE_0001";"NE_0001";"NE_0001";"NE_0001";"NE_0001"
"2023";"03";"061004";"CAJAMARCA";"SAN MARCOS";"GREGORIO PITA";"GOBIERNO REGIONAL";"I-2";"00004508";"PAUCAMARCA";"NE_0001";"";"NE_0001";"NE_0001";"NE_0001";"NE_0001";"NE_0001";"NE_0001";"NE_0001"
"2023";"03";"061001";"CAJAMARCA";"SAN MARCOS";"PEDRO GALVEZ";"GOBIERNO REGIONAL";"I-1";"00004509";"CONDORMARCA";"NE_0001";"";"NE_0001";"NE_0001";"NE_0001";"NE_0001";"NE_0001";"NE_0001";"NE_0001"
"2023";"03";"061001";"CAJAMARCA";"SAN MARCOS";"PEDRO GALVEZ";"GOBIERNO REGIONAL";"I-1";"00004510";"CHUCO";"NE_0001";"";"NE_0001";"NE_0001";"NE_0001";"NE_0001";"NE_0001";"NE_0001";"NE_0001"
"2023";"05";"150132";"LIMA";"LIMA";"SAN JUAN DE LURIGANCHO";"PRIVADO";"II-E";"00012267";"CLINICA SAN MARCOS";"240100";"HOSPITALIZACIÓN QUIRÚRGICA CIRUGÍA GENERAL ";"61";"61";"61";"66";"6";"169";"0"
"2023";"05";"150132";"LIMA";"LIMA";"SAN JUAN DE LURIGANCHO";"PRIVADO";"II-E";"00012267";"CLINICA SAN MARCOS";"240400";"HOSPITALIZACIÓN QUIRÚRGICA CIRUGÍA DE TÓRAX Y CARDIOVASCULAR ";"1";"1";"1";"1";"1";"28";"0"
"2023";"05";"150132";"LIMA";"LIMA";"SAN JUAN DE LURIGANCHO";"PRIVADO";"II-E";"00012267";"CLINICA SAN MARCOS";"241200";"HOSPITALIZACIÓN QUIRÚRGICA TRAUMATOLOGÍA Y ORTOPEDIA ";"2";"2";"2";"2";"1";"27";"0"
"2023";"05";"150132";"LIMA";"LIMA";"SAN JUAN DE LURIGANCHO";"PRIVADO";"II-E";"00012267";"CLINICA SAN MARCOS";"241300";"HOSPITALIZACIÓN QUIRÚRGICA UROLOGÍA  ";"4";"4";"4";"11";"1";"29";"0"
"2023";"05";"150132";"LIMA";"LIMA";"SAN JUAN DE LURIGANCHO";"PRIVADO";"II-E";"00012267";"CLINICA SAN MARCOS";"241400";"HOSPITALIZACIÓN QUIRÚRGICA GINECO - OBSTETRICIA ";"17";"17";"17";"33";"3";"83";"0"
"2023";"05";"150132";"LIMA";"LIMA";"SAN JUAN DE LURIGANCHO";"PRIVADO";"II-E";"00012267";"CLINICA SAN MARCOS";"241600";"HOSPITALIZACIÓN QUIRÚRGICA OBSTETRICIA   ";"8";"8";"8";"11";"2";"56";"0"
"2023";"05";"150132";"LIMA";"LIMA";"SAN JUAN DE LURIGANCHO";"PRIVADO";"II-E";"00012267";"CLINICA SAN MARCOS";"245600";"HOSPITALIZACIÓN DE DÍA  ";"1";"1";"1";"1";"1";"28";"0"
"2023";"05";"240303";"TUMBES";"ZARUMILLA";"MATAPALO";"GOBIERNO REGIONAL";"I-3";"00001890";"C.S MATAPALO";"NE_0001";"";"NE_0001";"NE_0001";"NE_0001";"NE_0001";"NE_0001";"NE_0001";"NE_0001"
"2023";"05";"240302";"TUMBES";"ZARUMILLA";"AGUAS VERDES";"GOBIERNO REGIONAL";"I-2";"00001886";"CUCHARETA BAJA";"NE_0001";"";"NE_0001";"NE_0001";"NE_0001";"NE_0001";"NE_0001";"NE_0001";"NE_0001"
"2023";"01";"040205";"AREQUIPA";"CAMANA";"NICOLAS DE PIEROLA";"GOBIERNO REGIONAL";"I-2";"00001361";"SONAY";"NE_0001";"";"NE_0001";"NE_0001";"NE_0001";"NE_0001";"NE_0001";"NE_0001";"NE_0001"
"2023";"01";"040205";"AREQUIPA";"CAMANA";"NICOLAS DE PIEROLA";"GOBIERNO REGIONAL";"I-2";"00001360";"PUESTO DE SALUD HACIENDA DEL MEDIO";"NE_0001";"";"NE_0001";"NE_0001";"NE_0001";"NE_0001";"NE_0001";"NE_0001";"NE_0001"
"2023";"01";"040205";"AREQUIPA";"CAMANA";"NICOLAS DE PIEROLA";"GOBIERNO REGIONAL";"I-3";"00001347";"CENTRO DE SALUD SAN GREGORIO";"NE_0001";"";"NE_0001";"NE_0001";"NE_0001";"NE_0001";"NE_0001";"NE_0001";"NE_0001"
"2023";"05";"070101";"CALLAO";"CALLAO";"CALLAO";"GOBIERNO REGIONAL";"I-2";"00025474";"PUESTO DE SALUD JOSE OLAYA";"NE_0001";"";"NE_0001";"NE_0001";"NE_0001";"NE_0001";"NE_0001";"NE_0001";"NE_0001"
"2023";"05";"150140";"LIMA";"LIMA";"SANTIAGO DE SURCO";"PRIVADO";"II-E";"00012572";"CLINICA PAULISTA";"240000";"HOSPITALIZACIÓN";"8";"8";"15";"9";"1";"48";"0"
"2023";"05";"250102";"UCAYALI";"CORONEL PORTILLO";"CAMPOVERDE";"ESSALUD";"I-2";"00031881";"POSTA MEDICA-CAMPOVERDE-ESSALUD";"NE_0001";"";"NE_0001";"NE_0001";"NE_0001";"NE_0001";"NE_0001";"NE_0001";"NE_0001"
"2023";"07";"150141";"LIMA";"LIMA";"SURQUILLO";"PRIVADO";"II-E";"00012206";"DETECTA CLINICA";"240000";"HOSPITALIZACIÓN";"179";"153";"363";"180";"18";"330";"3"
"2023";"07";"150111";"LIMA";"LIMA";"EL AGUSTINO";"MINSA";"III-1";"00005946";"HOSPITAL NACIONAL HIPOLITO UNANUE";"241200";"HOSPITALIZACIÓN QUIRÚRGICA TRAUMATOLOGÍA Y ORTOPEDIA ";"65";"61";"897";"843";"29";"899";"0"
"2023";"07";"150111";"LIMA";"LIMA";"EL AGUSTINO";"MINSA";"III-1";"00005946";"HOSPITAL NACIONAL HIPOLITO UNANUE";"240400";"HOSPITALIZACIÓN QUIRÚRGICA CIRUGÍA DE TÓRAX Y CARDIOVASCULAR ";"129";"119";"2115";"2828";"122";"3782";"14"
"2023";"07";"150111";"LIMA";"LIMA";"EL AGUSTINO";"MINSA";"III-1";"00005946";"HOSPITAL NACIONAL HIPOLITO UNANUE";"240800";"HOSPITALIZACIÓN QUIRÚRGICA CIRUGÍA PLÁSTICA/RECONSTRUCTIVA/ REPARADORA ";"12";"15";"652";"401";"13";"403";"0"
"2023";"07";"150111";"LIMA";"LIMA";"EL AGUSTINO";"MINSA";"III-1";"00005946";"HOSPITAL NACIONAL HIPOLITO UNANUE";"241600";"HOSPITALIZACIÓN QUIRÚRGICA OBSTETRICIA   ";"389";"443";"1002";"694";"47";"1457";"0"
"2023";"07";"150111";"LIMA";"LIMA";"EL AGUSTINO";"MINSA";"III-1";"00005946";"HOSPITAL NACIONAL HIPOLITO UNANUE";"243200";"HOSPITALIZACIÓN DE PEDIATRÍA PEDIATRIA NEONATOLOGÍA";"83";"86";"1201";"1131";"50";"1550";"5"
"2023";"07";"150111";"LIMA";"LIMA";"EL AGUSTINO";"MINSA";"III-1";"00005946";"HOSPITAL NACIONAL HIPOLITO UNANUE";"241800";"HOSPITALIZACIÓN DE MEDICINA MEDICINA GENERAL ";"226";"253";"2639";"2594";"88";"2728";"28"
"2023";"07";"150111";"LIMA";"LIMA";"EL AGUSTINO";"MINSA";"III-1";"00005946";"HOSPITAL NACIONAL HIPOLITO UNANUE";"240100";"HOSPITALIZACIÓN QUIRÚRGICA CIRUGÍA GENERAL ";"232";"240";"2033";"1612";"69";"2139";"0"
"2023";"07";"150111";"LIMA";"LIMA";"EL AGUSTINO";"MINSA";"III-1";"00005946";"HOSPITAL NACIONAL HIPOLITO UNANUE";"242500";"HOSPITALIZACIÓN-PEDIATRÍA GENERAL-";"62";"63";"576";"421";"34";"1054";"2"
"2023";"07";"150111";"LIMA";"LIMA";"EL AGUSTINO";"MINSA";"III-1";"00005946";"HOSPITAL NACIONAL HIPOLITO UNANUE";"240900";"HOSPITALIZACIÓN QUIRÚRGICA NEUROCIRUGÍA ";"24";"23";"655";"497";"17";"527";"0"
"2023";"07";"150111";"LIMA";"LIMA";"EL AGUSTINO";"MINSA";"III-1";"00005946";"HOSPITAL NACIONAL HIPOLITO UNANUE";"241500";"HOSPITALIZACIÓN QUIRÚRGICA GINECOLOGÍA  ";"165";"94";"275";"882";"44";"1364";"0"
"2023";"07";"150111";"LIMA";"LIMA";"EL AGUSTINO";"MINSA";"III-1";"00005946";"HOSPITAL NACIONAL HIPOLITO UNANUE";"240300";"HOSPITALIZACIÓN QUIRÚRGICA CIRUGÍA DIGESTIVA ";"72";"66";"500";"433";"19";"589";"2"
"2023";"07";"150111";"LIMA";"LIMA";"EL AGUSTINO";"MINSA";"III-1";"00005946";"HOSPITAL NACIONAL HIPOLITO UNANUE";"242000";"HOSPITALIZACIÓN DE MEDICINA MEDICINA TROPICAL E INFECCIOSAS ";"18";"25";"425";"405";"18";"558";"1"
"2023";"07";"150111";"LIMA";"LIMA";"EL AGUSTINO";"MINSA";"III-1";"00005946";"HOSPITAL NACIONAL HIPOLITO UNANUE";"240700";"HOSPITALIZACIÓN QUIRÚRGICA CIRUGÍA PEDIÁTRICA ";"30";"34";"191";"178";"10";"310";"0"
"2023";"07";"150111";"LIMA";"LIMA";"EL AGUSTINO";"MINSA";"III-1";"00005946";"HOSPITAL NACIONAL HIPOLITO UNANUE";"241300";"HOSPITALIZACIÓN QUIRÚRGICA UROLOGÍA  ";"31";"32";"279";"316";"11";"341";"0"
"2023";"07";"150111";"LIMA";"LIMA";"EL AGUSTINO";"MINSA";"III-1";"00005946";"HOSPITAL NACIONAL HIPOLITO UNANUE";"241100";"HOSPITALIZACIÓN QUIRÚRGICA OTORRINOLARINGOLOGÍA  ";"18";"18";"73";"76";"3";"93";"0"
"2023";"07";"150111";"LIMA";"LIMA";"EL AGUSTINO";"MINSA";"III-1";"00005946";"HOSPITAL NACIONAL HIPOLITO UNANUE";"250100";"UNIDAD DE CUIDADOS CRITICOS UNIDAD  DE CUIDADOS INTENSIVOS GENERALES (UCI) ";"32";"9";"166";"360";"13";"403";"6"
"2023";"07";"150111";"LIMA";"LIMA";"EL AGUSTINO";"MINSA";"III-1";"00005946";"HOSPITAL NACIONAL HIPOLITO UNANUE";"240200";"HOSPITALIZACIÓN QUIRÚRGICA CIRUGÍA DE CABEZA Y CUELLO / MÁXILO FACIAL ";"27";"27";"338";"321";"11";"341";"0"
"2023";"07";"150111";"LIMA";"LIMA";"EL AGUSTINO";"MINSA";"III-1";"00005946";"HOSPITAL NACIONAL HIPOLITO UNANUE";"242200";"HOSPITALIZACIÓN DE MEDICINA PSIQUIATRÍA ";"12";"13";"60";"59";"4";"124";"0"
"2023";"07";"150111";"LIMA";"LIMA";"EL AGUSTINO";"MINSA";"III-1";"00005946";"HOSPITAL NACIONAL HIPOLITO UNANUE";"240600";"HOSPITALIZACIÓN QUIRÚRGICA CIRUGÍA OFTALMOLÓGICA ";"3";"3";"14";"14";"1";"31";"0"
"2023";"07";"200104";"PIURA";"PIURA";"CASTILLA";"PRIVADO";"0";"00013494";"AUNA CLINICA MIRAFLORES";"240000";"HOSPITALIZACIÓN";"86";"256";"992";"907";"40";"1240";"2"
"2023";"07";"200104";"PIURA";"PIURA";"CASTILLA";"PRIVADO";"0";"00013494";"AUNA CLINICA MIRAFLORES";"250100";"UNIDAD DE CUIDADOS CRITICOS UNIDAD  DE CUIDADOS INTENSIVOS GENERALES (UCI) ";"6";"1";"2";"133";"6";"186";"0"
"2023";"07";"220104";"SAN MARTIN";"MOYOBAMBA";"JEPELACIO";"GOBIERNO REGIONAL";"I-1";"00006346";"RAMIREZ";"NE_0001";"";"NE_0001";"NE_0001";"NE_0001";"NE_0001";"NE_0001";"NE_0001";"NE_0001"
"2023";"07";"070101";"CALLAO";"CALLAO";"CALLAO";"GOBIERNO REGIONAL";"I-2";"00006669";"SANIDAD AEREA INTERNACIONAL";"NE_0001";"";"NE_0001";"NE_0001";"NE_0001";"NE_0001";"NE_0001";"NE_0001";"NE_0001"
"2023";"07";"070102";"CALLAO";"CALLAO";"BELLAVISTA";"GOBIERNO REGIONAL";"II-E";"00017883";"HOSPITAL DE REHABILITACION DEL CALLAO";"NE_0001";"";"NE_0001";"NE_0001";"NE_0001";"NE_0001";"NE_0001";"NE_0001";"NE_0001"
"2023";"07";"210301";"PUNO";"CARABAYA";"MACUSANI";"GOBIERNO REGIONAL";"I-3";"00002974";"METROPOLITANO MACUSANI";"240100";"HOSPITALIZACIÓN QUIRÚRGICA CIRUGÍA GENERAL ";"74";"80";"276";"317";"10";"310";"0"
"2023";"07";"210301";"PUNO";"CARABAYA";"MACUSANI";"GOBIERNO REGIONAL";"I-3";"00002974";"METROPOLITANO MACUSANI";"241500";"HOSPITALIZACIÓN QUIRÚRGICA GINECOLOGÍA  ";"16";"17";"31";"43";"4";"124";"0"
"2023";"07";"210301";"PUNO";"CARABAYA";"MACUSANI";"GOBIERNO REGIONAL";"I-3";"00002974";"METROPOLITANO MACUSANI";"241600";"HOSPITALIZACIÓN QUIRÚRGICA OBSTETRICIA   ";"58";"64";"182";"237";"11";"341";"0"
"2023";"03";"150133";"LIMA";"LIMA";"SAN JUAN DE MIRAFLORES";"PRIVADO";"II-E";"00027478";"CLINICA BUENAVENTURA";"240000";"HOSPITALIZACIÓN";"9";"9";"0";"24";"27";"837";"0"
"2023";"03";"100301";"HUANUCO";"DOS DE MAYO";"LA UNION";"ESSALUD";"I-3";"00027084";"POSTA MEDICA LA UNION";"NE_0001";"";"NE_0001";"NE_0001";"NE_0001";"NE_0001";"NE_0001";"NE_0001";"NE_0001"
"2023";"04";"021801";"ANCASH";"SANTA";"CHIMBOTE";"ESSALUD";"I-3";"00010013";"POLICLÍNICO DE COMPLEJIDAD CRECIENTE ""VICTOR PANTA RODRIGUEZ""";"NE_0001";"";"NE_0001";"NE_0001";"NE_0001";"NE_0001";"NE_0001";"NE_0001";"NE_0001"
"2023";"04";"220805";"SAN MARTIN";"RIOJA";"PARDO MIGUEL";"GOBIERNO REGIONAL";"I-2";"00006304";"AGUAS CLARAS";"NE_0001";"";"NE_0001";"NE_0001";"NE_0001";"NE_0001";"NE_0001";"NE_0001";"NE_0001"
"2023";"04";"220805";"SAN MARTIN";"RIOJA";"PARDO MIGUEL";"GOBIERNO REGIONAL";"I-1";"00006308";"SAN AGUSTIN";"NE_0001";"";"NE_0001";"NE_0001";"NE_0001";"NE_0001";"NE_0001";"NE_0001";"NE_0001"
"2023";"04";"220805";"SAN MARTIN";"RIOJA";"PARDO MIGUEL";"GOBIERNO REGIONAL";"I-2";"00006305";"AGUAS VERDES";"NE_0001";"";"NE_0001";"NE_0001";"NE_0001";"NE_0001";"NE_0001";"NE_0001";"NE_0001"
"2023";"04";"220805";"SAN MARTIN";"RIOJA";"PARDO MIGUEL";"GOBIERNO REGIONAL";"I-1";"00006310";"PERLA DEL MAYO";"NE_0001";"";"NE_0001";"NE_0001";"NE_0001";"NE_0001";"NE_0001";"NE_0001";"NE_0001"
"2023";"04";"220805";"SAN MARTIN";"RIOJA";"PARDO MIGUEL";"GOBIERNO REGIONAL";"I-1";"00006307";"PIONEROS BAJO (SAN JUAN DEL MAYO)";"NE_0001";"";"NE_0001";"NE_0001";"NE_0001";"NE_0001";"NE_0001";"NE_0001";"NE_0001"
"2023";"04";"220805";"SAN MARTIN";"RIOJA";"PARDO MIGUEL";"GOBIERNO REGIONAL";"I-4";"00006303";"CENTRO DE NARANJOS";"241600";"HOSPITALIZACIÓN QUIRÚRGICA OBSTETRICIA   ";"12";"12";"16";"24";"6";"156";"0"
"2023";"04";"220805";"SAN MARTIN";"RIOJA";"PARDO MIGUEL";"GOBIERNO REGIONAL";"I-4";"00006303";"CENTRO DE NARANJOS";"241800";"HOSPITALIZACIÓN DE MEDICINA MEDICINA GENERAL ";"11";"13";"27";"26";"3";"54";"0"
"2023";"04";"120608";"JUNIN";"SATIPO";"RIO TAMBO";"GOBIERNO REGIONAL";"I-1";"00000459";"CUSHIRENI";"NE_0001";"";"NE_0001";"NE_0001";"NE_0001";"NE_0001";"NE_0001";"NE_0001";"NE_0001"
"2023";"04";"120608";"JUNIN";"SATIPO";"RIO TAMBO";"GOBIERNO REGIONAL";"I-1";"00000466";"SANTA ROSITA DE SHIRINTIARI";"NE_0001";"";"NE_0001";"NE_0001";"NE_0001";"NE_0001";"NE_0001";"NE_0001";"NE_0001"
"2023";"04";"120606";"JUNIN";"SATIPO";"PANGOA";"GOBIERNO REGIONAL";"I-1";"00006879";"UNION PUERTO ASHANINKA";"NE_0001";"";"NE_0001";"NE_0001";"NE_0001";"NE_0001";"NE_0001";"NE_0001";"NE_0001"
"2023";"04";"120608";"JUNIN";"SATIPO";"RIO TAMBO";"GOBIERNO REGIONAL";"I-2";"00000474";"QUITENI";"NE_0001";"";"NE_0001";"NE_0001";"NE_0001";"NE_0001";"NE_0001";"NE_0001";"NE_0001"
"2023";"04";"120608";"JUNIN";"SATIPO";"RIO TAMBO";"GOBIERNO REGIONAL";"I-1";"00000461";"SHEVOJA";"NE_0001";"";"NE_0001";"NE_0001";"NE_0001";"NE_0001";"NE_0001";"NE_0001";"NE_0001"
"2023";"04";"120608";"JUNIN";"SATIPO";"RIO TAMBO";"GOBIERNO REGIONAL";"I-1";"00000464";"IMPANEKIARI";"NE_0001";"";"NE_0001";"NE_0001";"NE_0001";"NE_0001";"NE_0001";"NE_0001";"NE_0001"
"2023";"05";"211101";"PUNO";"SAN ROMAN";"JULIACA";"SANIDAD DE LA POLICIA NACIONAL DEL PERU";"I-2";"00010236";"POSTA MEDICA DE SALUD PNP - JULIACA";"NE_0001";"";"NE_0001";"NE_0001";"NE_0001";"NE_0001";"NE_0001";"NE_0001";"NE_0001"
"2023";"05";"150140";"LIMA";"LIMA";"SANTIAGO DE SURCO";"PRIVADO";"II-E";"00015461";"VISTASALUD CENTRO OFTALMOLOGICO";"NE_0001";"";"NE_0001";"NE_0001";"NE_0001";"NE_0001";"NE_0001";"NE_0001";"NE_0001"
"2023";"07";"130105";"LA LIBERTAD";"TRUJILLO";"LA ESPERANZA";"PRIVADO";"II-1";"00021412";"CLÍNICA MADRE DE CRISTO";"241400";"HOSPITALIZACIÓN QUIRÚRGICA GINECO - OBSTETRICIA ";"20";"20";"24";"20";"4";"24";"0"
"2023";"07";"130105";"LA LIBERTAD";"TRUJILLO";"LA ESPERANZA";"PRIVADO";"II-1";"00021412";"CLÍNICA MADRE DE CRISTO";"240100";"HOSPITALIZACIÓN QUIRÚRGICA CIRUGÍA GENERAL ";"15";"15";"22";"15";"8";"22";"0"
"2023";"07";"220104";"SAN MARTIN";"MOYOBAMBA";"JEPELACIO";"GOBIERNO REGIONAL";"I-3";"00006341";"JERILLO";"241600";"HOSPITALIZACIÓN QUIRÚRGICA OBSTETRICIA   ";"5";"5";"7";"1";"1";"31";"0"
"2023";"07";"070101";"CALLAO";"CALLAO";"CALLAO";"GOBIERNO REGIONAL";"I-2";"00006668";"SANIDAD MARITIMA";"NE_0001";"";"NE_0001";"NE_0001";"NE_0001";"NE_0001";"NE_0001";"NE_0001";"NE_0001"
"2023";"07";"150136";"LIMA";"LIMA";"SAN MIGUEL";"ESSALUD";"II-1";"00008564";"HOSPITAL I OCTAVIO MONGRUT MUÑOZ";"241900";"HOSPITALIZACIÓN DE MEDICINA MEDICINA INTERNA ";"69";"69";"465";"416";"21";"651";"4"
"2023";"07";"150136";"LIMA";"LIMA";"SAN MIGUEL";"ESSALUD";"II-1";"00008564";"HOSPITAL I OCTAVIO MONGRUT MUÑOZ";"240100";"HOSPITALIZACIÓN QUIRÚRGICA CIRUGÍA GENERAL ";"54";"56";"98";"86";"5";"154";"0"
"2023";"07";"150136";"LIMA";"LIMA";"SAN MIGUEL";"ESSALUD";"II-1";"00008564";"HOSPITAL I OCTAVIO MONGRUT MUÑOZ";"241500";"HOSPITALIZACIÓN QUIRÚRGICA GINECOLOGÍA  ";"50";"40";"101";"110";"4";"131";"0"
"2023";"07";"150136";"LIMA";"LIMA";"SAN MIGUEL";"ESSALUD";"II-1";"00008564";"HOSPITAL I OCTAVIO MONGRUT MUÑOZ";"241600";"HOSPITALIZACIÓN QUIRÚRGICA OBSTETRICIA   ";"83";"67";"165";"164";"10";"310";"0"
"2023";"07";"150136";"LIMA";"LIMA";"SAN MIGUEL";"ESSALUD";"II-1";"00008564";"HOSPITAL I OCTAVIO MONGRUT MUÑOZ";"242300";"HOSPITALIZACIÓN DE PEDIATRÍA  PEDIATRÍA  GENERAL ";"74";"72";"198";"189";"12";"366";"0"
"2023";"07";"220511";"SAN MARTIN";"LAMAS";"ZAPATERO";"GOBIERNO REGIONAL";"I-1";"00006401";"PROGRESO";"NE_0002";"";"NE_0002";"NE_0002";"NE_0002";"NE_0002";"NE_0002";"NE_0002";"NE_0002"
"2023";"07";"220511";"SAN MARTIN";"LAMAS";"ZAPATERO";"GOBIERNO REGIONAL";"I-1";"00006403";"CARAÑAYACU";"NE_0002";"";"NE_0002";"NE_0002";"NE_0002";"NE_0002";"NE_0002";"NE_0002";"NE_0002"
"2023";"07";"220511";"SAN MARTIN";"LAMAS";"ZAPATERO";"GOBIERNO REGIONAL";"I-1";"00006402";"UCHUMULLACA";"NE_0002";"";"NE_0002";"NE_0002";"NE_0002";"NE_0002";"NE_0002";"NE_0002";"NE_0002"
"2023";"07";"220511";"SAN MARTIN";"LAMAS";"ZAPATERO";"GOBIERNO REGIONAL";"I-1";"00006398";"SAN FERNANDO";"NE_0002";"";"NE_0002";"NE_0002";"NE_0002";"NE_0002";"NE_0002";"NE_0002";"NE_0002"
"2023";"07";"140101";"LAMBAYEQUE";"CHICLAYO";"CHICLAYO";"GOBIERNO REGIONAL";"II-2";"00004317";"HOSPITAL REGIONAL DOCENTE LAS MERCEDES";"240100";"HOSPITALIZACIÓN QUIRÚRGICA CIRUGÍA GENERAL ";"144";"166";"781";"17";"30";"930";"2"
"2023";"07";"140101";"LAMBAYEQUE";"CHICLAYO";"CHICLAYO";"GOBIERNO REGIONAL";"II-2";"00004317";"HOSPITAL REGIONAL DOCENTE LAS MERCEDES";"241200";"HOSPITALIZACIÓN QUIRÚRGICA TRAUMATOLOGÍA Y ORTOPEDIA ";"25";"32";"254";"7";"14";"434";"2"
"2023";"07";"140101";"LAMBAYEQUE";"CHICLAYO";"CHICLAYO";"GOBIERNO REGIONAL";"II-2";"00004317";"HOSPITAL REGIONAL DOCENTE LAS MERCEDES";"241500";"HOSPITALIZACIÓN QUIRÚRGICA GINECOLOGÍA  ";"40";"43";"144";"4";"14";"434";"1"
"2023";"07";"140101";"LAMBAYEQUE";"CHICLAYO";"CHICLAYO";"GOBIERNO REGIONAL";"II-2";"00004317";"HOSPITAL REGIONAL DOCENTE LAS MERCEDES";"241800";"HOSPITALIZACIÓN DE MEDICINA MEDICINA GENERAL ";"223";"273";"1459";"36";"57";"1767";"19"
"2023";"07";"140101";"LAMBAYEQUE";"CHICLAYO";"CHICLAYO";"GOBIERNO REGIONAL";"II-2";"00004317";"HOSPITAL REGIONAL DOCENTE LAS MERCEDES";"241600";"HOSPITALIZACIÓN QUIRÚRGICA OBSTETRICIA   ";"245";"272";"684";"21";"43";"1333";"0"
"2023";"07";"140101";"LAMBAYEQUE";"CHICLAYO";"CHICLAYO";"GOBIERNO REGIONAL";"II-2";"00004317";"HOSPITAL REGIONAL DOCENTE LAS MERCEDES";"242300";"HOSPITALIZACIÓN DE PEDIATRÍA  PEDIATRÍA  GENERAL ";"53";"71";"342";"8";"29";"899";"2"
"2023";"07";"140101";"LAMBAYEQUE";"CHICLAYO";"CHICLAYO";"GOBIERNO REGIONAL";"II-2";"00004317";"HOSPITAL REGIONAL DOCENTE LAS MERCEDES";"240801";"HOSPITALIZACIÓN QUIRÚRGICA CIRUGÍA PLÁSTICA/RECONSTRUCTIVA/ REPARADORA QUEMADOS";"3";"4";"36";"1";"13";"403";"0"
"2023";"07";"140101";"LAMBAYEQUE";"CHICLAYO";"CHICLAYO";"GOBIERNO REGIONAL";"II-2";"00004317";"HOSPITAL REGIONAL DOCENTE LAS MERCEDES";"243200";"HOSPITALIZACIÓN DE PEDIATRÍA PEDIATRIA NEONATOLOGÍA";"115";"133";"523";"13";"20";"620";"2"
"2023";"07";"140101";"LAMBAYEQUE";"CHICLAYO";"CHICLAYO";"GOBIERNO REGIONAL";"II-2";"00004317";"HOSPITAL REGIONAL DOCENTE LAS MERCEDES";"250100";"UNIDAD DE CUIDADOS CRITICOS UNIDAD  DE CUIDADOS INTENSIVOS GENERALES (UCI) ";"0";"1";"76";"1";"6";"186";"1"
"2023";"07";"220101";"SAN MARTIN";"MOYOBAMBA";"MOYOBAMBA";"GOBIERNO REGIONAL";"I-1";"00006325";"NUEVA HUANCABAMBA";"NE_0002";"";"NE_0002";"NE_0002";"NE_0002";"NE_0002";"NE_0002";"NE_0002";"NE_0002"
"2023";"07";"150122";"LIMA";"LIMA";"MIRAFLORES";"MINSA";"III-E";"00006213";"HOSPITAL DE EMERGENCIAS JOSE CASIMIRO ULLOA";"240100";"HOSPITALIZACIÓN QUIRÚRGICA CIRUGÍA GENERAL ";"102";"115";"508";"501";"26";"806";"1"
"2023";"07";"150122";"LIMA";"LIMA";"MIRAFLORES";"MINSA";"III-E";"00006213";"HOSPITAL DE EMERGENCIAS JOSE CASIMIRO ULLOA";"241800";"HOSPITALIZACIÓN DE MEDICINA MEDICINA GENERAL ";"137";"178";"1583";"551";"20";"620";"16"
"2023";"07";"150122";"LIMA";"LIMA";"MIRAFLORES";"MINSA";"III-E";"00006213";"HOSPITAL DE EMERGENCIAS JOSE CASIMIRO ULLOA";"240900";"HOSPITALIZACIÓN QUIRÚRGICA NEUROCIRUGÍA ";"12";"19";"431";"227";"11";"341";"1"
"2023";"07";"150122";"LIMA";"LIMA";"MIRAFLORES";"MINSA";"III-E";"00006213";"HOSPITAL DE EMERGENCIAS JOSE CASIMIRO ULLOA";"241200";"HOSPITALIZACIÓN QUIRÚRGICA TRAUMATOLOGÍA Y ORTOPEDIA ";"46";"58";"503";"301";"14";"434";"0"
"2023";"07";"150122";"LIMA";"LIMA";"MIRAFLORES";"MINSA";"III-E";"00006213";"HOSPITAL DE EMERGENCIAS JOSE CASIMIRO ULLOA";"250000";"UNIDAD DE CUIDADOS CRITICOS  ";"30";"31";"299";"299";"10";"310";"0"
"2023";"07";"150122";"LIMA";"LIMA";"MIRAFLORES";"MINSA";"III-E";"00006213";"HOSPITAL DE EMERGENCIAS JOSE CASIMIRO ULLOA";"250103";"UNIDAD DE CUIDADOS CRITICOS UNIDAD  DE CUIDADOS INTENSIVOS GENERALES  (UCI) MEDICINA";"8";"12";"113";"113";"6";"186";"0"
"2023";"07";"070106";"CALLAO";"CALLAO";"VENTANILLA";"PRIVADO";"II-E";"00009917";"CLINICA CARRION";"NE_0002";"";"NE_0002";"NE_0002";"NE_0002";"NE_0002";"NE_0002";"NE_0002";"NE_0002"
"2023";"07";"220510";"SAN MARTIN";"LAMAS";"TABALOSOS";"GOBIERNO REGIONAL";"I-1";"00015377";"HUNGURAHUI PAMPA";"NE_0001";"";"NE_0001";"NE_0001";"NE_0001";"NE_0001";"NE_0001";"NE_0001";"NE_0001"
"2023";"07";"220506";"SAN MARTIN";"LAMAS";"PINTO RECODO";"GOBIERNO REGIONAL";"I-1";"00006410";"CHURUZAPA PINTO RECODO";"NE_0001";"";"NE_0001";"NE_0001";"NE_0001";"NE_0001";"NE_0001";"NE_0001";"NE_0001"
"2023";"07";"220510";"SAN MARTIN";"LAMAS";"TABALOSOS";"GOBIERNO REGIONAL";"I-1";"00006414";"PUCAYACU PANJUI";"NE_0001";"";"NE_0001";"NE_0001";"NE_0001";"NE_0001";"NE_0001";"NE_0001";"NE_0001"
"2023";"07";"200105";"PIURA";"PIURA";"CATACAOS";"PRIVADO";"II-1";"00010723";"HOSPITAL PRIVADO DEL PERU";"240000";"HOSPITALIZACIÓN";"121";"114";"163";"319";"32";"992";"1"
"2023";"07";"210501";"PUNO";"EL COLLAO";"ILAVE";"GOBIERNO REGIONAL";"II-1";"00003032";"ILAVE";"240100";"HOSPITALIZACIÓN QUIRÚRGICA CIRUGÍA GENERAL ";"10";"9";"18";"28";"4";"124";"0"
"2023";"07";"210501";"PUNO";"EL COLLAO";"ILAVE";"GOBIERNO REGIONAL";"II-1";"00003032";"ILAVE";"241200";"HOSPITALIZACIÓN QUIRÚRGICA TRAUMATOLOGÍA Y ORTOPEDIA ";"1";"1";"1";"2";"1";"3";"0"
"2023";"07";"210501";"PUNO";"EL COLLAO";"ILAVE";"GOBIERNO REGIONAL";"II-1";"00003032";"ILAVE";"241600";"HOSPITALIZACIÓN QUIRÚRGICA OBSTETRICIA   ";"64";"66";"115";"179";"12";"372";"0"
"2023";"07";"210501";"PUNO";"EL COLLAO";"ILAVE";"GOBIERNO REGIONAL";"II-1";"00003032";"ILAVE";"241800";"HOSPITALIZACIÓN DE MEDICINA MEDICINA GENERAL ";"28";"28";"136";"164";"9";"279";"3"
"2023";"07";"210501";"PUNO";"EL COLLAO";"ILAVE";"GOBIERNO REGIONAL";"II-1";"00003032";"ILAVE";"242500";"HOSPITALIZACIÓN-PEDIATRÍA GENERAL-";"24";"24";"132";"156";"9";"279";"0"
"2023";"07";"210501";"PUNO";"EL COLLAO";"ILAVE";"GOBIERNO REGIONAL";"II-1";"00003032";"ILAVE";"243200";"HOSPITALIZACIÓN DE PEDIATRÍA PEDIATRIA NEONATOLOGÍA";"2";"3";"14";"16";"1";"31";"0"
"2023";"07";"150121";"LIMA";"LIMA";"PUEBLO LIBRE";"PRIVADO";"II-E";"00015077";"LIGA CONTRA EL CÁNCER";"NE_0001";"";"NE_0001";"NE_0001";"NE_0001";"NE_0001";"NE_0001";"NE_0001";"NE_0001"
"2023";"07";"120104";"JUNIN";"HUANCAYO";"CARHUACALLANGA";"GOBIERNO REGIONAL";"I-1";"00000693";"CARHUACALLANGA";"NE_0002";"";"NE_0002";"NE_0002";"NE_0002";"NE_0002";"NE_0002";"NE_0002";"NE_0002"
"2023";"07";"120108";"JUNIN";"HUANCAYO";"CHONGOS ALTO";"GOBIERNO REGIONAL";"I-3";"00000700";"CHONGOS ALTO";"NE_0002";"";"NE_0002";"NE_0002";"NE_0002";"NE_0002";"NE_0002";"NE_0002";"NE_0002"
"2023";"07";"120106";"JUNIN";"HUANCAYO";"CHICCHE";"GOBIERNO REGIONAL";"I-1";"00000697";"CHICCHE";"NE_0002";"";"NE_0002";"NE_0002";"NE_0002";"NE_0002";"NE_0002";"NE_0002";"NE_0002"
"2023";"07";"120106";"JUNIN";"HUANCAYO";"CHICCHE";"GOBIERNO REGIONAL";"I-1";"00000699";"YANA YANA";"NE_0002";"";"NE_0002";"NE_0002";"NE_0002";"NE_0002";"NE_0002";"NE_0002";"NE_0002"
"2023";"07";"120120";"JUNIN";"HUANCAYO";"HUASICANCHA";"GOBIERNO REGIONAL";"I-1";"00000703";"HUASICANCHA";"NE_0002";"";"NE_0002";"NE_0002";"NE_0002";"NE_0002";"NE_0002";"NE_0002";"NE_0002"
"2023";"07";"120106";"JUNIN";"HUANCAYO";"CHICCHE";"GOBIERNO REGIONAL";"I-1";"00000698";"VISTA ALEGRE";"NE_0002";"";"NE_0002";"NE_0002";"NE_0002";"NE_0002";"NE_0002";"NE_0002";"NE_0002"
"2023";"07";"140101";"LAMBAYEQUE";"CHICLAYO";"CHICLAYO";"PRIVADO";"II-E";"00026706";"CLINICA UNION SAC.";"241400";"HOSPITALIZACIÓN QUIRÚRGICA GINECO - OBSTETRICIA ";"91";"78";"122";"150";"6";"160";"0"
"2023";"07";"140101";"LAMBAYEQUE";"CHICLAYO";"CHICLAYO";"PRIVADO";"II-E";"00026706";"CLINICA UNION SAC.";"240100";"HOSPITALIZACIÓN QUIRÚRGICA CIRUGÍA GENERAL ";"82";"58";"107";"115";"3";"120";"0"
"2023";"07";"140101";"LAMBAYEQUE";"CHICLAYO";"CHICLAYO";"PRIVADO";"II-E";"00026706";"CLINICA UNION SAC.";"241300";"HOSPITALIZACIÓN QUIRÚRGICA UROLOGÍA  ";"23";"31";"45";"55";"2";"60";"0"
"2023";"07";"140101";"LAMBAYEQUE";"CHICLAYO";"CHICLAYO";"PRIVADO";"II-E";"00026706";"CLINICA UNION SAC.";"240200";"HOSPITALIZACIÓN QUIRÚRGICA CIRUGÍA DE CABEZA Y CUELLO / MÁXILO FACIAL ";"10";"7";"12";"5";"1";"75";"0"
"2023";"07";"140101";"LAMBAYEQUE";"CHICLAYO";"CHICLAYO";"PRIVADO";"II-E";"00026706";"CLINICA UNION SAC.";"241200";"HOSPITALIZACIÓN QUIRÚRGICA TRAUMATOLOGÍA Y ORTOPEDIA ";"14";"4";"15";"18";"1";"25";"0"
"2023";"07";"140101";"LAMBAYEQUE";"CHICLAYO";"CHICLAYO";"PRIVADO";"II-E";"00026706";"CLINICA UNION SAC.";"240800";"HOSPITALIZACIÓN QUIRÚRGICA CIRUGÍA PLÁSTICA/RECONSTRUCTIVA/ REPARADORA ";"4";"3";"5";"18";"1";"36";"0"
"2023";"07";"140101";"LAMBAYEQUE";"CHICLAYO";"CHICLAYO";"PRIVADO";"II-E";"00026706";"CLINICA UNION SAC.";"240400";"HOSPITALIZACIÓN QUIRÚRGICA CIRUGÍA DE TÓRAX Y CARDIOVASCULAR ";"6";"2";"7";"18";"1";"24";"0"
"2023";"07";"140101";"LAMBAYEQUE";"CHICLAYO";"CHICLAYO";"PRIVADO";"II-E";"00026706";"CLINICA UNION SAC.";"240900";"HOSPITALIZACIÓN QUIRÚRGICA NEUROCIRUGÍA ";"1";"4";"6";"20";"1";"30";"0"
"2023";"07";"140101";"LAMBAYEQUE";"CHICLAYO";"CHICLAYO";"PRIVADO";"II-E";"00026706";"CLINICA UNION SAC.";"241900";"HOSPITALIZACIÓN DE MEDICINA MEDICINA INTERNA ";"2";"1";"5";"6";"1";"12";"0"
"2023";"07";"050201";"AYACUCHO";"CANGALLO";"CANGALLO";"GOBIERNO REGIONAL";"II-1";"00003494";"HOSPITAL DE APOYO CANGALLO";"240100";"HOSPITALIZACIÓN QUIRÚRGICA CIRUGÍA GENERAL ";"2";"4";"13";"30";"4";"124";"0"
"2023";"07";"050201";"AYACUCHO";"CANGALLO";"CANGALLO";"GOBIERNO REGIONAL";"II-1";"00003494";"HOSPITAL DE APOYO CANGALLO";"241400";"HOSPITALIZACIÓN QUIRÚRGICA GINECO - OBSTETRICIA ";"19";"19";"45";"18";"2";"62";"0"
"2023";"07";"050201";"AYACUCHO";"CANGALLO";"CANGALLO";"GOBIERNO REGIONAL";"II-1";"00003494";"HOSPITAL DE APOYO CANGALLO";"241600";"HOSPITALIZACIÓN QUIRÚRGICA OBSTETRICIA   ";"6";"6";"12";"6";"6";"186";"0"
"2023";"07";"050201";"AYACUCHO";"CANGALLO";"CANGALLO";"GOBIERNO REGIONAL";"II-1";"00003494";"HOSPITAL DE APOYO CANGALLO";"241800";"HOSPITALIZACIÓN DE MEDICINA MEDICINA GENERAL ";"6";"6";"25";"37";"4";"124";"0"
"2023";"07";"050201";"AYACUCHO";"CANGALLO";"CANGALLO";"GOBIERNO REGIONAL";"II-1";"00003494";"HOSPITAL DE APOYO CANGALLO";"242500";"HOSPITALIZACIÓN-PEDIATRÍA GENERAL-";"9";"9";"39";"16";"4";"124";"0"
"2023";"08";"080907";"CUSCO";"LA CONVENCION";"KIMBIRI";"GOBIERNO REGIONAL";"II-E";"00002469";"SAN JUAN DE KIMBIRI-VRAEM";"240100";"HOSPITALIZACIÓN QUIRÚRGICA CIRUGÍA GENERAL ";"113";"111";"253";"377";"10";"385";"0"
"2023";"08";"080907";"CUSCO";"LA CONVENCION";"KIMBIRI";"GOBIERNO REGIONAL";"II-E";"00002469";"SAN JUAN DE KIMBIRI-VRAEM";"241400";"HOSPITALIZACIÓN QUIRÚRGICA GINECO - OBSTETRICIA ";"26";"25";"112";"122";"13";"381";"0"
"2023";"08";"080907";"CUSCO";"LA CONVENCION";"KIMBIRI";"GOBIERNO REGIONAL";"II-E";"00002469";"SAN JUAN DE KIMBIRI-VRAEM";"241800";"HOSPITALIZACIÓN DE MEDICINA MEDICINA GENERAL ";"41";"37";"158";"162";"5";"177";"1"
"2023";"08";"080907";"CUSCO";"LA CONVENCION";"KIMBIRI";"GOBIERNO REGIONAL";"II-E";"00002469";"SAN JUAN DE KIMBIRI-VRAEM";"242500";"HOSPITALIZACIÓN-PEDIATRÍA GENERAL-";"36";"40";"133";"177";"15";"465";"0"
"2023";"08";"220801";"SAN MARTIN";"RIOJA";"RIOJA";"ESSALUD";"I-4";"00021003";"CENTRO MEDICO RIOJA - ESSALUD";"241800";"HOSPITALIZACIÓN DE MEDICINA MEDICINA GENERAL ";"52";"46";"145";"144";"5";"155";"0"
"2023";"08";"220801";"SAN MARTIN";"RIOJA";"RIOJA";"ESSALUD";"I-4";"00021003";"CENTRO MEDICO RIOJA - ESSALUD";"241600";"HOSPITALIZACIÓN QUIRÚRGICA OBSTETRICIA   ";"11";"10";"31";"30";"2";"62";"0"
"2023";"08";"220801";"SAN MARTIN";"RIOJA";"RIOJA";"ESSALUD";"I-4";"00021003";"CENTRO MEDICO RIOJA - ESSALUD";"242300";"HOSPITALIZACIÓN DE PEDIATRÍA  PEDIATRÍA  GENERAL ";"9";"9";"24";"25";"1";"31";"0"
"2023";"08";"060101";"CAJAMARCA";"CAJAMARCA";"CAJAMARCA";"PRIVADO";"II-1";"00009591";"CLINICA LIMATAMBO CAJAMARCA S.A.C.";"240000";"HOSPITALIZACIÓN";"153";"155";"162";"350";"33";"744";"1"
"2023";"08";"150137";"LIMA";"LIMA";"SANTA ANITA";"ESSALUD";"II-1";"00008318";"ESSALUD - HOSPITAL I JORGE VOTO BERNALES CORPANCHO";"241800";"HOSPITALIZACIÓN DE MEDICINA MEDICINA GENERAL ";"27";"26";"96";"91";"5";"155";"0"
"2023";"08";"150137";"LIMA";"LIMA";"SANTA ANITA";"ESSALUD";"II-1";"00008318";"ESSALUD - HOSPITAL I JORGE VOTO BERNALES CORPANCHO";"243200";"HOSPITALIZACIÓN DE PEDIATRÍA PEDIATRIA NEONATOLOGÍA";"14";"8";"39";"31";"4";"124";"0"
"2023";"08";"150137";"LIMA";"LIMA";"SANTA ANITA";"ESSALUD";"II-1";"00008318";"ESSALUD - HOSPITAL I JORGE VOTO BERNALES CORPANCHO";"240100";"HOSPITALIZACIÓN QUIRÚRGICA CIRUGÍA GENERAL ";"89";"82";"281";"327";"12";"372";"0"
"2023";"08";"150137";"LIMA";"LIMA";"SANTA ANITA";"ESSALUD";"II-1";"00008318";"ESSALUD - HOSPITAL I JORGE VOTO BERNALES CORPANCHO";"241400";"HOSPITALIZACIÓN QUIRÚRGICA GINECO - OBSTETRICIA ";"22";"23";"64";"66";"3";"93";"0"
"2023";"08";"150137";"LIMA";"LIMA";"SANTA ANITA";"ESSALUD";"II-1";"00008318";"ESSALUD - HOSPITAL I JORGE VOTO BERNALES CORPANCHO";"242300";"HOSPITALIZACIÓN DE PEDIATRÍA  PEDIATRÍA  GENERAL ";"16";"19";"92";"75";"3";"93";"0"
"2023";"08";"150137";"LIMA";"LIMA";"SANTA ANITA";"ESSALUD";"II-1";"00008318";"ESSALUD - HOSPITAL I JORGE VOTO BERNALES CORPANCHO";"250100";"UNIDAD DE CUIDADOS CRITICOS UNIDAD  DE CUIDADOS INTENSIVOS GENERALES (UCI) ";"34";"34";"68";"59";"4";"124";"0"
"2023";"08";"150137";"LIMA";"LIMA";"SANTA ANITA";"ESSALUD";"II-1";"00008318";"ESSALUD - HOSPITAL I JORGE VOTO BERNALES CORPANCHO";"241500";"HOSPITALIZACIÓN QUIRÚRGICA GINECOLOGÍA  ";"192";"192";"436";"461";"17";"527";"0"
"2023";"08";"150117";"LIMA";"LIMA";"LOS OLIVOS";"PRIVADO";"I-2";"00012429";"OFTALMOLOGICA WONG";"NE_0001";"";"NE_0001";"NE_0001";"NE_0001";"NE_0001";"NE_0001";"NE_0001";"NE_0001"
"2023";"06";"020101";"ANCASH";"HUARAZ";"HUARAZ";"SANIDAD DE LA POLICIA NACIONAL DEL PERU";"I-3";"00010205";"POLICLINICO PNP HUARAZ";"NE_0001";"";"NE_0001";"NE_0001";"NE_0001";"NE_0001";"NE_0001";"NE_0001";"NE_0001"
"2023";"06";"130401";"LA LIBERTAD";"CHEPEN";"CHEPEN";"SANIDAD DE LA POLICIA NACIONAL DEL PERU";"I-1";"00025659";"Puesto de Salud de la Sanidad PNP. Chepén  I - 1";"NE_0001";"";"NE_0001";"NE_0001";"NE_0001";"NE_0001";"NE_0001";"NE_0001";"NE_0001"
"2023";"06";"100601";"HUANUCO";"LEONCIO PRADO";"RUPA-RUPA";"SANIDAD DE LA POLICIA NACIONAL DEL PERU";"I-2";"00015771";"POSTA MEDICA POLICIAL TINGO MARIA";"NE_0001";"";"NE_0001";"NE_0001";"NE_0001";"NE_0001";"NE_0001";"NE_0001";"NE_0001"
"2023";"06";"120601";"JUNIN";"SATIPO";"SATIPO";"SANIDAD DE LA POLICIA NACIONAL DEL PERU";"I-2";"00011485";"POSTA MEDICA POLICIAL SATIPO";"NE_0001";"";"NE_0001";"NE_0001";"NE_0001";"NE_0001";"NE_0001";"NE_0001";"NE_0001"
"2023";"06";"120107";"JUNIN";"HUANCAYO";"CHILCA";"GOBIERNO REGIONAL";"I-4";"00000608";"CHILCA";"NE_0002";"";"NE_0002";"NE_0002";"NE_0002";"NE_0002";"NE_0002";"NE_0002";"NE_0002"
"2023";"06";"120136";"JUNIN";"HUANCAYO";"VIQUES";"GOBIERNO REGIONAL";"I-2";"00000635";"VIQUES";"NE_0001";"";"NE_0001";"NE_0001";"NE_0001";"NE_0001";"NE_0001";"NE_0001";"NE_0001"
"2023";"06";"120111";"JUNIN";"HUANCAYO";"CHUPURO";"GOBIERNO REGIONAL";"I-1";"00000614";"SOCOS";"NE_0001";"";"NE_0001";"NE_0001";"NE_0001";"NE_0001";"NE_0001";"NE_0001";"NE_0001"
"2023";"06";"120126";"JUNIN";"HUANCAYO";"PUCARA";"GOBIERNO REGIONAL";"I-3";"00000624";"PUCARA";"NE_0001";"";"NE_0001";"NE_0001";"NE_0001";"NE_0001";"NE_0001";"NE_0001";"NE_0001"
"2023";"06";"120113";"JUNIN";"HUANCAYO";"CULLHUAS";"GOBIERNO REGIONAL";"I-1";"00000617";"RETAMA BAJA";"NE_0001";"";"NE_0001";"NE_0001";"NE_0001";"NE_0001";"NE_0001";"NE_0001";"NE_0001"
"2023";"06";"120116";"JUNIN";"HUANCAYO";"HUACRAPUQUIO";"GOBIERNO REGIONAL";"I-2";"00000619";"HUACRAPUQUIO";"NE_0001";"";"NE_0001";"NE_0001";"NE_0001";"NE_0001";"NE_0001";"NE_0001";"NE_0001"
"2023";"06";"120121";"JUNIN";"HUANCAYO";"HUAYUCACHI";"GOBIERNO REGIONAL";"I-1";"00000623";"HUMANMARCA";"NE_0001";"";"NE_0001";"NE_0001";"NE_0001";"NE_0001";"NE_0001";"NE_0001";"NE_0001"
"2023";"06";"120126";"JUNIN";"HUANCAYO";"PUCARA";"GOBIERNO REGIONAL";"I-1";"00000628";"DOS DE MAYO";"NE_0001";"";"NE_0001";"NE_0001";"NE_0001";"NE_0001";"NE_0001";"NE_0001";"NE_0001"
"2023";"06";"120133";"JUNIN";"HUANCAYO";"SAPALLANGA";"GOBIERNO REGIONAL";"I-3";"00000629";"SAPALLANGA";"NE_0001";"";"NE_0001";"NE_0001";"NE_0001";"NE_0001";"NE_0001";"NE_0001";"NE_0001"
"2023";"06";"120111";"JUNIN";"HUANCAYO";"CHUPURO";"GOBIERNO REGIONAL";"I-2";"00000612";"CHUPURO";"NE_0001";"";"NE_0001";"NE_0001";"NE_0001";"NE_0001";"NE_0001";"NE_0001";"NE_0001"
"2023";"06";"120126";"JUNIN";"HUANCAYO";"PUCARA";"GOBIERNO REGIONAL";"I-2";"00000625";"MARCAVALLE";"NE_0001";"";"NE_0001";"NE_0001";"NE_0001";"NE_0001";"NE_0001";"NE_0001";"NE_0001"
"2023";"06";"120126";"JUNIN";"HUANCAYO";"PUCARA";"GOBIERNO REGIONAL";"I-1";"00000627";"JATUN SUCLLA";"NE_0001";"";"NE_0001";"NE_0001";"NE_0001";"NE_0001";"NE_0001";"NE_0001";"NE_0001"
"2023";"06";"120119";"JUNIN";"HUANCAYO";"HUANCAN";"GOBIERNO REGIONAL";"I-3";"00000620";"HUANCAN";"NE_0001";"";"NE_0001";"NE_0001";"NE_0001";"NE_0001";"NE_0001";"NE_0001";"NE_0001"
"2023";"06";"120126";"JUNIN";"HUANCAYO";"PUCARA";"GOBIERNO REGIONAL";"I-1";"00000626";"RAQUINA";"NE_0001";"";"NE_0001";"NE_0001";"NE_0001";"NE_0001";"NE_0001";"NE_0001";"NE_0001"
"2023";"06";"120133";"JUNIN";"HUANCAYO";"SAPALLANGA";"GOBIERNO REGIONAL";"I-2";"00000630";"LA PUNTA";"NE_0001";"";"NE_0001";"NE_0001";"NE_0001";"NE_0001";"NE_0001";"NE_0001";"NE_0001"
"2023";"06";"120133";"JUNIN";"HUANCAYO";"SAPALLANGA";"GOBIERNO REGIONAL";"I-1";"00000634";"HUAYLLASPANCA";"NE_0001";"";"NE_0001";"NE_0001";"NE_0001";"NE_0001";"NE_0001";"NE_0001";"NE_0001"
"2023";"06";"120111";"JUNIN";"HUANCAYO";"CHUPURO";"GOBIERNO REGIONAL";"I-1";"00000613";"CARHUAPACCHA";"NE_0001";"";"NE_0001";"NE_0001";"NE_0001";"NE_0001";"NE_0001";"NE_0001";"NE_0001"
"2023";"06";"120113";"JUNIN";"HUANCAYO";"CULLHUAS";"GOBIERNO REGIONAL";"I-1";"00000616";"PIHUAS";"NE_0001";"";"NE_0001";"NE_0001";"NE_0001";"NE_0001";"NE_0001";"NE_0001";"NE_0001"
"2023";"06";"120121";"JUNIN";"HUANCAYO";"HUAYUCACHI";"GOBIERNO REGIONAL";"I-3";"00000622";"HUAYUCACHI";"NE_0001";"";"NE_0001";"NE_0001";"NE_0001";"NE_0001";"NE_0001";"NE_0001";"NE_0001"
"2023";"06";"120133";"JUNIN";"HUANCAYO";"SAPALLANGA";"GOBIERNO REGIONAL";"I-1";"00000631";"COCHARCAS";"NE_0001";"";"NE_0001";"NE_0001";"NE_0001";"NE_0001";"NE_0001";"NE_0001";"NE_0001"
"2023";"06";"120113";"JUNIN";"HUANCAYO";"CULLHUAS";"GOBIERNO REGIONAL";"I-1";"00012469";"CHUAMBA";"NE_0001";"";"NE_0001";"NE_0001";"NE_0001";"NE_0001";"NE_0001";"NE_0001";"NE_0001"
"2023";"06";"120107";"JUNIN";"HUANCAYO";"CHILCA";"GOBIERNO REGIONAL";"I-2";"00000609";"AZAPAMPA";"NE_0001";"";"NE_0001";"NE_0001";"NE_0001";"NE_0001";"NE_0001";"NE_0001";"NE_0001"
"2023";"06";"120107";"JUNIN";"HUANCAYO";"CHILCA";"GOBIERNO REGIONAL";"I-3";"00000610";"AUQUIMARCA";"NE_0001";"";"NE_0001";"NE_0001";"NE_0001";"NE_0001";"NE_0001";"NE_0001";"NE_0001"
"2023";"06";"120107";"JUNIN";"HUANCAYO";"CHILCA";"GOBIERNO REGIONAL";"I-2";"00000611";"LA ESPERANZA";"NE_0001";"";"NE_0001";"NE_0001";"NE_0001";"NE_0001";"NE_0001";"NE_0001";"NE_0001"
"2023";"06";"120113";"JUNIN";"HUANCAYO";"CULLHUAS";"GOBIERNO REGIONAL";"I-2";"00000615";"CULLHUAS";"NE_0001";"";"NE_0001";"NE_0001";"NE_0001";"NE_0001";"NE_0001";"NE_0001";"NE_0001"
"2023";"06";"120119";"JUNIN";"HUANCAYO";"HUANCAN";"GOBIERNO REGIONAL";"I-2";"00000621";"HUARI";"NE_0001";"";"NE_0001";"NE_0001";"NE_0001";"NE_0001";"NE_0001";"NE_0001";"NE_0001"
"2023";"06";"120133";"JUNIN";"HUANCAYO";"SAPALLANGA";"GOBIERNO REGIONAL";"I-1";"00000632";"MILUCHACA";"NE_0001";"";"NE_0001";"NE_0001";"NE_0001";"NE_0001";"NE_0001";"NE_0001";"NE_0001"
"2023";"06";"120133";"JUNIN";"HUANCAYO";"SAPALLANGA";"GOBIERNO REGIONAL";"I-1";"00000633";"MIRAFLORES";"NE_0001";"";"NE_0001";"NE_0001";"NE_0001";"NE_0001";"NE_0001";"NE_0001";"NE_0001"
"2023";"06";"120112";"JUNIN";"HUANCAYO";"COLCA";"GOBIERNO REGIONAL";"I-1";"00000702";"SANTA CRUZ DE LARIA";"NE_0001";"";"NE_0001";"NE_0001";"NE_0001";"NE_0001";"NE_0001";"NE_0001";"NE_0001"
"2023";"06";"051005";"AYACUCHO";"VICTOR FAJARDO";"CANARIA";"GOBIERNO REGIONAL";"I-1";"00003825";"PUESTO DE SALUD RACCAYA";"NE_0002";"";"NE_0002";"NE_0002";"NE_0002";"NE_0002";"NE_0002";"NE_0002";"NE_0002"
"2023";"06";"051005";"AYACUCHO";"VICTOR FAJARDO";"CANARIA";"GOBIERNO REGIONAL";"I-1";"00003827";"PUESTO DE SALUD UMASI";"NE_0001";"";"NE_0001";"NE_0001";"NE_0001";"NE_0001";"NE_0001";"NE_0001";"NE_0001"
"2023";"06";"051009";"AYACUCHO";"VICTOR FAJARDO";"HUANCARAYLLA";"GOBIERNO REGIONAL";"I-1";"00003837";"PUESTO DE SALUD CIRCAMARCA";"NE_0001";"";"NE_0001";"NE_0001";"NE_0001";"NE_0001";"NE_0001";"NE_0001";"NE_0001"
"2023";"06";"051004";"AYACUCHO";"VICTOR FAJARDO";"ASQUIPATA";"GOBIERNO REGIONAL";"I-1";"00003822";"PUESTO DE SALUD CHIHUIRE";"NE_0002";"";"NE_0002";"NE_0002";"NE_0002";"NE_0002";"NE_0002";"NE_0002";"NE_0002"
"2023";"06";"051010";"AYACUCHO";"VICTOR FAJARDO";"HUALLA";"GOBIERNO REGIONAL";"I-3";"00003829";"CENTRO DE SALUD HUALLA";"NE_0002";"";"NE_0002";"NE_0002";"NE_0002";"NE_0002";"NE_0002";"NE_0002";"NE_0002"
"2023";"06";"051010";"AYACUCHO";"VICTOR FAJARDO";"HUALLA";"GOBIERNO REGIONAL";"I-1";"00003830";"PUESTO DE SALUD TIQUIHUA";"NE_0001";"";"NE_0001";"NE_0001";"NE_0001";"NE_0001";"NE_0001";"NE_0001";"NE_0001"
"2023";"06";"051009";"AYACUCHO";"VICTOR FAJARDO";"HUANCARAYLLA";"GOBIERNO REGIONAL";"I-2";"00003838";"PUESTO DE SALUD HUANCARAYLLA";"NE_0002";"";"NE_0002";"NE_0002";"NE_0002";"NE_0002";"NE_0002";"NE_0002";"NE_0002"
"2023";"06";"051003";"AYACUCHO";"VICTOR FAJARDO";"APONGO";"GOBIERNO REGIONAL";"I-1";"00003819";"APONGO";"NE_0001";"";"NE_0001";"NE_0001";"NE_0001";"NE_0001";"NE_0001";"NE_0001";"NE_0001"
"2023";"06";"051005";"AYACUCHO";"VICTOR FAJARDO";"CANARIA";"GOBIERNO REGIONAL";"I-2";"00003826";"PUESTO DE SALUD TACA";"NE_0002";"";"NE_0002";"NE_0002";"NE_0002";"NE_0002";"NE_0002";"NE_0002";"NE_0002"
"2023";"06";"051008";"AYACUCHO";"VICTOR FAJARDO";"HUAMANQUIQUIA";"GOBIERNO REGIONAL";"I-2";"00003831";"PUESTO DE SALUD HUAMANQUIQUIA";"NE_0002";"";"NE_0002";"NE_0002";"NE_0002";"NE_0002";"NE_0002";"NE_0002";"NE_0002"
"2023";"06";"051108";"AYACUCHO";"VILCAS HUAMAN";"VISCHONGO";"GOBIERNO REGIONAL";"I-1";"00003840";"PUESTO DE SALUD UMARO";"NE_0001";"";"NE_0001";"NE_0001";"NE_0001";"NE_0001";"NE_0001";"NE_0001";"NE_0001"
"2023";"06";"051004";"AYACUCHO";"VICTOR FAJARDO";"ASQUIPATA";"GOBIERNO REGIONAL";"I-1";"00003821";"PUESTO DE SALUD ASQUIPATA";"NE_0001";"";"NE_0001";"NE_0001";"NE_0001";"NE_0001";"NE_0001";"NE_0001";"NE_0001"
"2023";"06";"051004";"AYACUCHO";"VICTOR FAJARDO";"ASQUIPATA";"GOBIERNO REGIONAL";"I-1";"00003823";"PUESTO DE SALUD MORCOLLA CHICO";"NE_0001";"";"NE_0001";"NE_0001";"NE_0001";"NE_0001";"NE_0001";"NE_0001";"NE_0001"
"2023";"06";"051008";"AYACUCHO";"VICTOR FAJARDO";"HUAMANQUIQUIA";"GOBIERNO REGIONAL";"I-1";"00003833";"PUESTO DE SALUD TINCA";"NE_0001";"";"NE_0001";"NE_0001";"NE_0001";"NE_0001";"NE_0001";"NE_0001";"NE_0001"
"2023";"06";"051007";"AYACUCHO";"VICTOR FAJARDO";"COLCA";"GOBIERNO REGIONAL";"I-1";"00003836";"PUESTO DE SALUD QUILLA";"NE_0002";"";"NE_0002";"NE_0002";"NE_0002";"NE_0002";"NE_0002";"NE_0002";"NE_0002"
"2023";"06";"051001";"AYACUCHO";"VICTOR FAJARDO";"HUANCAPI";"GOBIERNO REGIONAL";"I-4";"00003834";"CENTRO DE SALUD HUANCAPI";"241800";"HOSPITALIZACIÓN DE MEDICINA MEDICINA GENERAL ";"4";"4";"15";"4";"5";"130";"0"
"2023";"06";"051001";"AYACUCHO";"VICTOR FAJARDO";"HUANCAPI";"GOBIERNO REGIONAL";"I-4";"00003834";"CENTRO DE SALUD HUANCAPI";"241600";"HOSPITALIZACIÓN QUIRÚRGICA OBSTETRICIA   ";"6";"6";"16";"6";"3";"90";"0"
"2023";"06";"051009";"AYACUCHO";"VICTOR FAJARDO";"HUANCARAYLLA";"GOBIERNO REGIONAL";"I-1";"00003839";"PUESTO DE SALUD LLUSITA";"NE_0002";"";"NE_0002";"NE_0002";"NE_0002";"NE_0002";"NE_0002";"NE_0002";"NE_0002"
"2023";"06";"051005";"AYACUCHO";"VICTOR FAJARDO";"CANARIA";"GOBIERNO REGIONAL";"I-3";"00003824";"CENTRO DE SALUD CANARIA";"NE_0002";"";"NE_0002";"NE_0002";"NE_0002";"NE_0002";"NE_0002";"NE_0002";"NE_0002"
"2023";"06";"051006";"AYACUCHO";"VICTOR FAJARDO";"CAYARA";"GOBIERNO REGIONAL";"I-2";"00003828";"PUESTO DE SALUD CAYARA";"NE_0002";"";"NE_0002";"NE_0002";"NE_0002";"NE_0002";"NE_0002";"NE_0002";"NE_0002"
"2023";"06";"051007";"AYACUCHO";"VICTOR FAJARDO";"COLCA";"GOBIERNO REGIONAL";"I-1";"00003835";"PUESTO DE SALUD COLCA";"NE_0002";"";"NE_0002";"NE_0002";"NE_0002";"NE_0002";"NE_0002";"NE_0002";"NE_0002"
"2023";"02";"060109";"CAJAMARCA";"CAJAMARCA";"MAGDALENA";"GOBIERNO REGIONAL";"I-1";"00016886";"SAN CRISTOBAL";"NE_0001";"";"NE_0001";"NE_0001";"NE_0001";"NE_0001";"NE_0001";"NE_0001";"NE_0001"
"2023";"02";"060101";"CAJAMARCA";"CAJAMARCA";"CAJAMARCA";"GOBIERNO REGIONAL";"I-2";"00015496";"CHONTAPACCHA";"NE_0001";"";"NE_0001";"NE_0001";"NE_0001";"NE_0001";"NE_0001";"NE_0001";"NE_0001"
"2023";"02";"060101";"CAJAMARCA";"CAJAMARCA";"CAJAMARCA";"GOBIERNO REGIONAL";"I-3";"00004657";"PACHACUTEC";"NE_0001";"";"NE_0001";"NE_0001";"NE_0001";"NE_0001";"NE_0001";"NE_0001";"NE_0001"
"2023";"02";"060101";"CAJAMARCA";"CAJAMARCA";"CAJAMARCA";"GOBIERNO REGIONAL";"I-1";"00004656";"ATAHUALPA";"NE_0001";"";"NE_0001";"NE_0001";"NE_0001";"NE_0001";"NE_0001";"NE_0001";"NE_0001"
"2023";"02";"060101";"CAJAMARCA";"CAJAMARCA";"CAJAMARCA";"GOBIERNO REGIONAL";"I-1";"00004654";"SAMANACRUZ";"NE_0001";"";"NE_0001";"NE_0001";"NE_0001";"NE_0001";"NE_0001";"NE_0001";"NE_0001"
"2023";"02";"060103";"CAJAMARCA";"CAJAMARCA";"CHETILLA";"GOBIERNO REGIONAL";"I-2";"00004653";"CHETILLA";"NE_0001";"";"NE_0001";"NE_0001";"NE_0001";"NE_0001";"NE_0001";"NE_0001";"NE_0001"
"2023";"02";"060101";"CAJAMARCA";"CAJAMARCA";"CAJAMARCA";"GOBIERNO REGIONAL";"I-1";"00004652";"LUCMACUCHO";"NE_0001";"";"NE_0001";"NE_0001";"NE_0001";"NE_0001";"NE_0001";"NE_0001";"NE_0001"
"2023";"02";"060101";"CAJAMARCA";"CAJAMARCA";"CAJAMARCA";"GOBIERNO REGIONAL";"I-1";"00004651";"CHAMIS";"NE_0001";"";"NE_0001";"NE_0001";"NE_0001";"NE_0001";"NE_0001";"NE_0001";"NE_0001"
"2023";"02";"060109";"CAJAMARCA";"CAJAMARCA";"MAGDALENA";"GOBIERNO REGIONAL";"I-1";"00004631";"CUMBICO";"NE_0002";"";"NE_0002";"NE_0002";"NE_0002";"NE_0002";"NE_0002";"NE_0002";"NE_0002"
"2023";"05";"250301";"UCAYALI";"PADRE ABAD";"PADRE ABAD";"GOBIERNO REGIONAL";"I-1";"00030638";"PUESTO DE SALUD LOS OLIVOS";"NE_0002";"";"NE_0002";"NE_0002";"NE_0002";"NE_0002";"NE_0002";"NE_0002";"NE_0002"
"2023";"05";"250301";"UCAYALI";"PADRE ABAD";"PADRE ABAD";"GOBIERNO REGIONAL";"I-1";"00019070";"NUEVA CHONTA";"NE_0001";"";"NE_0001";"NE_0001";"NE_0001";"NE_0001";"NE_0001";"NE_0001";"NE_0001"
"2023";"05";"250301";"UCAYALI";"PADRE ABAD";"PADRE ABAD";"GOBIERNO REGIONAL";"I-2";"00006802";"SHAMBILLO";"NE_0001";"";"NE_0001";"NE_0001";"NE_0001";"NE_0001";"NE_0001";"NE_0001";"NE_0001"
"2023";"05";"250301";"UCAYALI";"PADRE ABAD";"PADRE ABAD";"GOBIERNO REGIONAL";"I-2";"00005411";"SANTA ROSA DE AGUAYTIA";"NE_0001";"";"NE_0001";"NE_0001";"NE_0001";"NE_0001";"NE_0001";"NE_0001";"NE_0001"
"2023";"05";"250301";"UCAYALI";"PADRE ABAD";"PADRE ABAD";"GOBIERNO REGIONAL";"I-1";"00005410";"SANTA ANA";"NE_0001";"";"NE_0001";"NE_0001";"NE_0001";"NE_0001";"NE_0001";"NE_0001";"NE_0001"
"2023";"05";"250301";"UCAYALI";"PADRE ABAD";"PADRE ABAD";"GOBIERNO REGIONAL";"I-2";"00005407";"COMUNIDAD NATIVA DE PUERTO AZUL";"NE_0001";"";"NE_0001";"NE_0001";"NE_0001";"NE_0001";"NE_0001";"NE_0001";"NE_0001"
"2023";"05";"250301";"UCAYALI";"PADRE ABAD";"PADRE ABAD";"GOBIERNO REGIONAL";"I-2";"00005406";"PREVISTO";"NE_0001";"";"NE_0001";"NE_0001";"NE_0001";"NE_0001";"NE_0001";"NE_0001";"NE_0001"
"2023";"05";"250301";"UCAYALI";"PADRE ABAD";"PADRE ABAD";"GOBIERNO REGIONAL";"I-1";"00005403";"MIGUEL GRAU SEMINARIO";"NE_0001";"";"NE_0001";"NE_0001";"NE_0001";"NE_0001";"NE_0001";"NE_0001";"NE_0001"
"2023";"05";"250301";"UCAYALI";"PADRE ABAD";"PADRE ABAD";"GOBIERNO REGIONAL";"I-1";"00005402";"MARISCAL CACERES.";"NE_0001";"";"NE_0001";"NE_0001";"NE_0001";"NE_0001";"NE_0001";"NE_0001";"NE_0001"
"2023";"05";"250301";"UCAYALI";"PADRE ABAD";"PADRE ABAD";"GOBIERNO REGIONAL";"I-1";"00005401";"LA DIVISORIA";"NE_0001";"";"NE_0001";"NE_0001";"NE_0001";"NE_0001";"NE_0001";"NE_0001";"NE_0001"
"2023";"07";"120608";"JUNIN";"SATIPO";"RIO TAMBO";"GOBIERNO REGIONAL";"I-2";"00007187";"VISTA  ALEGRE DEL VALLE DE SANTA CRUZ";"NE_0001";"";"NE_0001";"NE_0001";"NE_0001";"NE_0001";"NE_0001";"NE_0001";"NE_0001"
"2023";"07";"120608";"JUNIN";"SATIPO";"RIO TAMBO";"GOBIERNO REGIONAL";"I-3";"00000460";"BETANIA";"NE_0001";"";"NE_0001";"NE_0001";"NE_0001";"NE_0001";"NE_0001";"NE_0001";"NE_0001"
"2023";"07";"120608";"JUNIN";"SATIPO";"RIO TAMBO";"GOBIERNO REGIONAL";"I-3";"00000469";"PUERTO OCOPA";"NE_0001";"";"NE_0001";"NE_0001";"NE_0001";"NE_0001";"NE_0001";"NE_0001";"NE_0001"
"2023";"07";"120608";"JUNIN";"SATIPO";"RIO TAMBO";"GOBIERNO REGIONAL";"I-2";"00000470";"SAN MIGUEL DE OTICA";"NE_0001";"";"NE_0001";"NE_0001";"NE_0001";"NE_0001";"NE_0001";"NE_0001";"NE_0001"
"2023";"07";"120608";"JUNIN";"SATIPO";"RIO TAMBO";"GOBIERNO REGIONAL";"I-2";"00000472";"OVIRI";"NE_0001";"";"NE_0001";"NE_0001";"NE_0001";"NE_0001";"NE_0001";"NE_0001";"NE_0001"
"2023";"07";"120608";"JUNIN";"SATIPO";"RIO TAMBO";"GOBIERNO REGIONAL";"I-3";"00000462";"POYENI";"NE_0001";"";"NE_0001";"NE_0001";"NE_0001";"NE_0001";"NE_0001";"NE_0001";"NE_0001"
"2023";"07";"120608";"JUNIN";"SATIPO";"RIO TAMBO";"GOBIERNO REGIONAL";"I-2";"00000465";"CAPITIRI";"NE_0001";"";"NE_0001";"NE_0001";"NE_0001";"NE_0001";"NE_0001";"NE_0001";"NE_0001"
"2023";"07";"220504";"SAN MARTIN";"LAMAS";"CAYNARACHI";"GOBIERNO REGIONAL";"I-1";"00019769";"NUEVO TOCACHE";"NE_0001";"";"NE_0001";"NE_0001";"NE_0001";"NE_0001";"NE_0001";"NE_0001";"NE_0001"
"2023";"07";"220504";"SAN MARTIN";"LAMAS";"CAYNARACHI";"GOBIERNO REGIONAL";"I-1";"00006416";"ALFONSO UGARTE";"NE_0001";"";"NE_0001";"NE_0001";"NE_0001";"NE_0001";"NE_0001";"NE_0001";"NE_0001"
"2023";"07";"220504";"SAN MARTIN";"LAMAS";"CAYNARACHI";"GOBIERNO REGIONAL";"I-1";"00006420";"NUEVO LAMAS";"NE_0001";"";"NE_0001";"NE_0001";"NE_0001";"NE_0001";"NE_0001";"NE_0001";"NE_0001"
"2023";"07";"040101";"AREQUIPA";"AREQUIPA";"AREQUIPA";"PRIVADO";"II-E";"00024208";"PRAXIS MEDICAL S.A.C.";"240800";"HOSPITALIZACIÓN QUIRÚRGICA CIRUGÍA PLÁSTICA/RECONSTRUCTIVA/ REPARADORA ";"10";"11";"21";"21";"12";"372";"0"
"2023";"07";"130203";"LA LIBERTAD";"ASCOPE";"CHOCOPE";"ESSALUD";"II-2";"00009037";"HOSPITAL II CHOCOPE";"241900";"HOSPITALIZACIÓN DE MEDICINA MEDICINA INTERNA ";"131";"127";"803";"792";"28";"868";"14"
"2023";"07";"130203";"LA LIBERTAD";"ASCOPE";"CHOCOPE";"ESSALUD";"II-2";"00009037";"HOSPITAL II CHOCOPE";"240100";"HOSPITALIZACIÓN QUIRÚRGICA CIRUGÍA GENERAL ";"108";"98";"363";"485";"16";"496";"0"
"2023";"07";"130203";"LA LIBERTAD";"ASCOPE";"CHOCOPE";"ESSALUD";"II-2";"00009037";"HOSPITAL II CHOCOPE";"241500";"HOSPITALIZACIÓN QUIRÚRGICA GINECOLOGÍA  ";"27";"28";"60";"62";"2";"62";"0"
"2023";"07";"130203";"LA LIBERTAD";"ASCOPE";"CHOCOPE";"ESSALUD";"II-2";"00009037";"HOSPITAL II CHOCOPE";"241600";"HOSPITALIZACIÓN QUIRÚRGICA OBSTETRICIA   ";"54";"52";"89";"104";"4";"124";"0"
"2023";"07";"130203";"LA LIBERTAD";"ASCOPE";"CHOCOPE";"ESSALUD";"II-2";"00009037";"HOSPITAL II CHOCOPE";"242300";"HOSPITALIZACIÓN DE PEDIATRÍA  PEDIATRÍA  GENERAL ";"41";"41";"159";"160";"6";"186";"0"
"2023";"07";"100301";"HUANUCO";"DOS DE MAYO";"LA UNION";"ESSALUD";"I-3";"00027084";"POSTA MEDICA LA UNION";"NE_0001";"";"NE_0001";"NE_0001";"NE_0001";"NE_0001";"NE_0001";"NE_0001";"NE_0001"
"2023";"07";"220904";"SAN MARTIN";"SAN MARTIN";"CHAZUTA";"GOBIERNO REGIONAL";"I-1";"00006424";"ACHINAMIZA";"NE_0001";"";"NE_0001";"NE_0001";"NE_0001";"NE_0001";"NE_0001";"NE_0001";"NE_0001"
"2023";"07";"220904";"SAN MARTIN";"SAN MARTIN";"CHAZUTA";"GOBIERNO REGIONAL";"I-1";"00006428";"SHILCAYO";"NE_0001";"";"NE_0001";"NE_0001";"NE_0001";"NE_0001";"NE_0001";"NE_0001";"NE_0001"
"2023";"07";"131201";"LA LIBERTAD";"VIRU";"VIRU";"GOBIERNO REGIONAL";"II-1";"00005251";"HOSPITAL PROVINCIAL DE VIRU";"241600";"HOSPITALIZACIÓN QUIRÚRGICA OBSTETRICIA   ";"32";"32";"67";"67";"6";"186";"0"
"2023";"07";"131201";"LA LIBERTAD";"VIRU";"VIRU";"GOBIERNO REGIONAL";"II-1";"00005251";"HOSPITAL PROVINCIAL DE VIRU";"242500";"HOSPITALIZACIÓN-PEDIATRÍA GENERAL-";"7";"6";"27";"27";"4";"124";"0"
"2023";"07";"131201";"LA LIBERTAD";"VIRU";"VIRU";"GOBIERNO REGIONAL";"II-1";"00005251";"HOSPITAL PROVINCIAL DE VIRU";"241800";"HOSPITALIZACIÓN DE MEDICINA MEDICINA GENERAL ";"43";"46";"143";"87";"6";"186";"0"
"2023";"07";"131201";"LA LIBERTAD";"VIRU";"VIRU";"GOBIERNO REGIONAL";"II-1";"00005251";"HOSPITAL PROVINCIAL DE VIRU";"241500";"HOSPITALIZACIÓN QUIRÚRGICA GINECOLOGÍA  ";"35";"36";"99";"96";"4";"124";"0"
"2023";"07";"220506";"SAN MARTIN";"LAMAS";"PINTO RECODO";"GOBIERNO REGIONAL";"I-1";"00006347";"VENCEDOR";"NE_0001";"";"NE_0001";"NE_0001";"NE_0001";"NE_0001";"NE_0001";"NE_0001";"NE_0001"
"2023";"07";"220502";"SAN MARTIN";"LAMAS";"ALONSO DE ALVARADO";"GOBIERNO REGIONAL";"I-3";"00006350";"PACAYZAPA";"NE_0002";"";"NE_0002";"NE_0002";"NE_0002";"NE_0002";"NE_0002";"NE_0002";"NE_0002"
"2023";"07";"220506";"SAN MARTIN";"LAMAS";"PINTO RECODO";"GOBIERNO REGIONAL";"I-1";"00006342";"BETANIA";"NE_0001";"";"NE_0001";"NE_0001";"NE_0001";"NE_0001";"NE_0001";"NE_0001";"NE_0001"
"2023";"07";"220502";"SAN MARTIN";"LAMAS";"ALONSO DE ALVARADO";"GOBIERNO REGIONAL";"I-1";"00006351";"SAN JUAN DE PACAYZAPA";"NE_0001";"";"NE_0001";"NE_0001";"NE_0001";"NE_0001";"NE_0001";"NE_0001";"NE_0001"
"2023";"07";"120301";"JUNIN";"CHANCHAMAYO";"CHANCHAMAYO";"GOBIERNO REGIONAL";"II-2";"00000308";"HOSPITAL REGIONAL DOCENTE DE MEDICINA TROPICAL DR. JULIO CESAR DEMARINI CARO";"241800";"HOSPITALIZACIÓN DE MEDICINA MEDICINA GENERAL ";"69";"68";"439";"313";"22";"682";"6"
"2023";"07";"120301";"JUNIN";"CHANCHAMAYO";"CHANCHAMAYO";"GOBIERNO REGIONAL";"II-2";"00000308";"HOSPITAL REGIONAL DOCENTE DE MEDICINA TROPICAL DR. JULIO CESAR DEMARINI CARO";"242500";"HOSPITALIZACIÓN-PEDIATRÍA GENERAL-";"47";"55";"333";"267";"16";"496";"0"
"2023";"07";"120301";"JUNIN";"CHANCHAMAYO";"CHANCHAMAYO";"GOBIERNO REGIONAL";"II-2";"00000308";"HOSPITAL REGIONAL DOCENTE DE MEDICINA TROPICAL DR. JULIO CESAR DEMARINI CARO";"240100";"HOSPITALIZACIÓN QUIRÚRGICA CIRUGÍA GENERAL ";"94";"91";"359";"353";"25";"775";"0"
"2023";"07";"120301";"JUNIN";"CHANCHAMAYO";"CHANCHAMAYO";"GOBIERNO REGIONAL";"II-2";"00000308";"HOSPITAL REGIONAL DOCENTE DE MEDICINA TROPICAL DR. JULIO CESAR DEMARINI CARO";"241200";"HOSPITALIZACIÓN QUIRÚRGICA TRAUMATOLOGÍA Y ORTOPEDIA ";"49";"48";"206";"208";"8";"248";"0"
"2023";"07";"120301";"JUNIN";"CHANCHAMAYO";"CHANCHAMAYO";"GOBIERNO REGIONAL";"II-2";"00000308";"HOSPITAL REGIONAL DOCENTE DE MEDICINA TROPICAL DR. JULIO CESAR DEMARINI CARO";"241500";"HOSPITALIZACIÓN QUIRÚRGICA GINECOLOGÍA  ";"10";"11";"45";"42";"2";"62";"0"
"2023";"07";"120301";"JUNIN";"CHANCHAMAYO";"CHANCHAMAYO";"GOBIERNO REGIONAL";"II-2";"00000308";"HOSPITAL REGIONAL DOCENTE DE MEDICINA TROPICAL DR. JULIO CESAR DEMARINI CARO";"241600";"HOSPITALIZACIÓN QUIRÚRGICA OBSTETRICIA   ";"99";"94";"291";"290";"13";"403";"0"
"2023";"07";"120301";"JUNIN";"CHANCHAMAYO";"CHANCHAMAYO";"GOBIERNO REGIONAL";"II-2";"00000308";"HOSPITAL REGIONAL DOCENTE DE MEDICINA TROPICAL DR. JULIO CESAR DEMARINI CARO";"241400";"HOSPITALIZACIÓN QUIRÚRGICA GINECO - OBSTETRICIA ";"52";"51";"119";"112";"8";"248";"0"
"2023";"07";"120301";"JUNIN";"CHANCHAMAYO";"CHANCHAMAYO";"GOBIERNO REGIONAL";"II-2";"00000308";"HOSPITAL REGIONAL DOCENTE DE MEDICINA TROPICAL DR. JULIO CESAR DEMARINI CARO";"242200";"HOSPITALIZACIÓN DE MEDICINA PSIQUIATRÍA ";"6";"6";"143";"219";"8";"248";"0"
"2023";"07";"120301";"JUNIN";"CHANCHAMAYO";"CHANCHAMAYO";"GOBIERNO REGIONAL";"II-2";"00000308";"HOSPITAL REGIONAL DOCENTE DE MEDICINA TROPICAL DR. JULIO CESAR DEMARINI CARO";"250103";"UNIDAD DE CUIDADOS CRITICOS UNIDAD  DE CUIDADOS INTENSIVOS GENERALES  (UCI) MEDICINA";"16";"4";"25";"126";"6";"186";"3"
"2023";"07";"220506";"SAN MARTIN";"LAMAS";"PINTO RECODO";"GOBIERNO REGIONAL";"I-1";"00006345";"MIRAFLORES";"NE_0001";"";"NE_0001";"NE_0001";"NE_0001";"NE_0001";"NE_0001";"NE_0001";"NE_0001"
"2023";"07";"150130";"LIMA";"LIMA";"SAN BORJA";"MINSA";"III-2";"00016918";"INSTITUTO NACIONAL DE SALUD NIÑO SAN BORJA";"242100";"HOSPITALIZACIÓN DE MEDICINA ONCOLOGÍA MÉDICA ";"13";"12";"412";"431";"17";"527";"0"
"2023";"07";"150130";"LIMA";"LIMA";"SAN BORJA";"MINSA";"III-2";"00016918";"INSTITUTO NACIONAL DE SALUD NIÑO SAN BORJA";"244500";"HOSPITALIZACIÓN DE MEDICINA HEMATOLOGÍA ";"27";"28";"699";"581";"19";"601";"0"
"2023";"07";"150130";"LIMA";"LIMA";"SAN BORJA";"MINSA";"III-2";"00016918";"INSTITUTO NACIONAL DE SALUD NIÑO SAN BORJA";"240400";"HOSPITALIZACIÓN QUIRÚRGICA CIRUGÍA DE TÓRAX Y CARDIOVASCULAR ";"61";"72";"1814";"1056";"35";"1085";"1"
"2023";"07";"150130";"LIMA";"LIMA";"SAN BORJA";"MINSA";"III-2";"00016918";"INSTITUTO NACIONAL DE SALUD NIÑO SAN BORJA";"240700";"HOSPITALIZACIÓN QUIRÚRGICA CIRUGÍA PEDIÁTRICA ";"55";"65";"1182";"966";"33";"1016";"0"
"2023";"07";"150130";"LIMA";"LIMA";"SAN BORJA";"MINSA";"III-2";"00016918";"INSTITUTO NACIONAL DE SALUD NIÑO SAN BORJA";"240900";"HOSPITALIZACIÓN QUIRÚRGICA NEUROCIRUGÍA ";"47";"48";"1156";"1020";"35";"1070";"2"
"2023";"07";"150130";"LIMA";"LIMA";"SAN BORJA";"MINSA";"III-2";"00016918";"INSTITUTO NACIONAL DE SALUD NIÑO SAN BORJA";"240100";"HOSPITALIZACIÓN QUIRÚRGICA CIRUGÍA GENERAL ";"100";"103";"1063";"967";"33";"1018";"0"
"2023";"07";"150130";"LIMA";"LIMA";"SAN BORJA";"MINSA";"III-2";"00016918";"INSTITUTO NACIONAL DE SALUD NIÑO SAN BORJA";"242300";"HOSPITALIZACIÓN DE PEDIATRÍA  PEDIATRÍA  GENERAL ";"60";"58";"974";"872";"30";"926";"2"
"2023";"07";"150130";"LIMA";"LIMA";"SAN BORJA";"MINSA";"III-2";"00016918";"INSTITUTO NACIONAL DE SALUD NIÑO SAN BORJA";"240801";"HOSPITALIZACIÓN QUIRÚRGICA CIRUGÍA PLÁSTICA/RECONSTRUCTIVA/ REPARADORA QUEMADOS";"62";"60";"480";"510";"18";"558";"0"
"2023";"07";"150130";"LIMA";"LIMA";"SAN BORJA";"MINSA";"III-2";"00016918";"INSTITUTO NACIONAL DE SALUD NIÑO SAN BORJA";"250201";"UNIDAD DE CUIDADOS CRITICOS UNIDAD DE CUIDADOS INTERMEDIOS  (UCIN) NEONATAL";"6";"3";"44";"172";"6";"186";"0"
"2023";"07";"150130";"LIMA";"LIMA";"SAN BORJA";"MINSA";"III-2";"00016918";"INSTITUTO NACIONAL DE SALUD NIÑO SAN BORJA";"250101";"UNIDAD DE CUIDADOS CRITICOS UNIDAD  DE CUIDADOS INTENSIVOS GENERALES (UCI) CARDIOLOGIA";"5";"2";"51";"276";"9";"279";"2"
"2023";"07";"150130";"LIMA";"LIMA";"SAN BORJA";"MINSA";"III-2";"00016918";"INSTITUTO NACIONAL DE SALUD NIÑO SAN BORJA";"250111";"UNIDAD DE CUIDADOS CRITICOS UNIDAD  DE CUIDADOS INTENSIVOS  (UCI) CARDIOVASCULAR";"7";"3";"99";"399";"14";"421";"3"
"2023";"07";"150130";"LIMA";"LIMA";"SAN BORJA";"MINSA";"III-2";"00016918";"INSTITUTO NACIONAL DE SALUD NIÑO SAN BORJA";"250105";"UNIDAD DE CUIDADOS CRITICOS UNIDAD  DE CUIDADOS INTENSIVOS  (UCI) NEONATOLOGÍA";"4";"0";"0";"238";"8";"248";"0"
"2023";"07";"150130";"LIMA";"LIMA";"SAN BORJA";"MINSA";"III-2";"00016918";"INSTITUTO NACIONAL DE SALUD NIÑO SAN BORJA";"250107";"UNIDAD DE CUIDADOS CRITICOS UNIDAD  DE CUIDADOS INTENSIVOS  (UCI) NEUROQUIRÚRGICA";"8";"3";"106";"296";"10";"310";"3"
"2023";"07";"150130";"LIMA";"LIMA";"SAN BORJA";"MINSA";"III-2";"00016918";"INSTITUTO NACIONAL DE SALUD NIÑO SAN BORJA";"250400";"UNIDAD DE CUIDADOS CRITICOS UNIDAD DE QUEMADOS (GRAN QUEMADO) ";"5";"0";"0";"148";"5";"167";"0"
"2023";"07";"150130";"LIMA";"LIMA";"SAN BORJA";"MINSA";"III-2";"00016918";"INSTITUTO NACIONAL DE SALUD NIÑO SAN BORJA";"240500";"HOSPITALIZACIÓN QUIRÚRGICA CIRUGÍA DE TRANSPLANTES ";"20";"17";"172";"120";"6";"186";"0"
"2023";"07";"150130";"LIMA";"LIMA";"SAN BORJA";"MINSA";"III-2";"00016918";"INSTITUTO NACIONAL DE SALUD NIÑO SAN BORJA";"243600";"HOSPITALIZACIÓN DE PEDIATRÍA PEDIATRIA ONCOLOGÍA PEDIÁTRICA";"5";"5";"89";"89";"3";"93";"0"
"2023";"07";"150130";"LIMA";"LIMA";"SAN BORJA";"MINSA";"III-2";"00016918";"INSTITUTO NACIONAL DE SALUD NIÑO SAN BORJA";"250108";"UNIDAD DE CUIDADOS CRITICOS UNIDAD  DE CUIDADOS INTENSIVOS  (UCI) PEDIÁTRICA";"3";"2";"68";"355";"12";"372";"2"
"2023";"07";"150120";"LIMA";"LIMA";"MAGDALENA DEL MAR";"PRIVADO";"II-E";"00017703";"OPRECE";"NE_0001";"";"NE_0001";"NE_0001";"NE_0001";"NE_0001";"NE_0001";"NE_0001";"NE_0001"
"2023";"07";"130101";"LA LIBERTAD";"TRUJILLO";"TRUJILLO";"GOBIERNO REGIONAL";"III-1";"00005196";"REGIONAL DOCENTE DE TRUJILLO";"241900";"HOSPITALIZACIÓN DE MEDICINA MEDICINA INTERNA ";"157";"166";"1376";"1092";"36";"1116";"8"
"2023";"07";"130101";"LA LIBERTAD";"TRUJILLO";"TRUJILLO";"GOBIERNO REGIONAL";"III-1";"00005196";"REGIONAL DOCENTE DE TRUJILLO";"245300";"HOSPITALIZACIÓN DE MEDICINA NEUMOLOGÍA  ";"22";"17";"202";"409";"19";"589";"0"
"2023";"07";"130101";"LA LIBERTAD";"TRUJILLO";"TRUJILLO";"GOBIERNO REGIONAL";"III-1";"00005196";"REGIONAL DOCENTE DE TRUJILLO";"244700";"HOSPITALIZACIÓN DE MEDICINA NEUROLOGIA  ";"27";"33";"444";"303";"10";"310";"1"
"2023";"07";"130101";"LA LIBERTAD";"TRUJILLO";"TRUJILLO";"GOBIERNO REGIONAL";"III-1";"00005196";"REGIONAL DOCENTE DE TRUJILLO";"244300";"HOSPITALIZACIÓN DE MEDICINA GASTROENTEROLOGÍA  ";"34";"32";"238";"325";"11";"341";"3"
"2023";"07";"130101";"LA LIBERTAD";"TRUJILLO";"TRUJILLO";"GOBIERNO REGIONAL";"III-1";"00005196";"REGIONAL DOCENTE DE TRUJILLO";"244000";"HOSPITALIZACIÓN DE MEDICINA CARDIOLOGIA ";"6";"5";"34";"41";"2";"62";"0"
"2023";"07";"130101";"LA LIBERTAD";"TRUJILLO";"TRUJILLO";"GOBIERNO REGIONAL";"III-1";"00005196";"REGIONAL DOCENTE DE TRUJILLO";"244100";"HOSPITALIZACIÓN DE MEDICINA DERMATOLOGÍA    ";"1";"1";"7";"7";"1";"31";"0"
"2023";"07";"130101";"LA LIBERTAD";"TRUJILLO";"TRUJILLO";"GOBIERNO REGIONAL";"III-1";"00005196";"REGIONAL DOCENTE DE TRUJILLO";"242200";"HOSPITALIZACIÓN DE MEDICINA PSIQUIATRÍA ";"15";"20";"640";"425";"15";"465";"0"
"2023";"07";"130101";"LA LIBERTAD";"TRUJILLO";"TRUJILLO";"GOBIERNO REGIONAL";"III-1";"00005196";"REGIONAL DOCENTE DE TRUJILLO";"250103";"UNIDAD DE CUIDADOS CRITICOS UNIDAD  DE CUIDADOS INTENSIVOS GENERALES  (UCI) MEDICINA";"24";"6";"26";"393";"13";"403";"5"
"2023";"07";"130101";"LA LIBERTAD";"TRUJILLO";"TRUJILLO";"GOBIERNO REGIONAL";"III-1";"00005196";"REGIONAL DOCENTE DE TRUJILLO";"240100";"HOSPITALIZACIÓN QUIRÚRGICA CIRUGÍA GENERAL ";"160";"158";"701";"525";"21";"651";"2"
"2023";"07";"130101";"LA LIBERTAD";"TRUJILLO";"TRUJILLO";"GOBIERNO REGIONAL";"III-1";"00005196";"REGIONAL DOCENTE DE TRUJILLO";"240800";"HOSPITALIZACIÓN QUIRÚRGICA CIRUGÍA PLÁSTICA/RECONSTRUCTIVA/ REPARADORA ";"12";"17";"244";"180";"6";"186";"0"
"2023";"07";"130101";"LA LIBERTAD";"TRUJILLO";"TRUJILLO";"GOBIERNO REGIONAL";"III-1";"00005196";"REGIONAL DOCENTE DE TRUJILLO";"240400";"HOSPITALIZACIÓN QUIRÚRGICA CIRUGÍA DE TÓRAX Y CARDIOVASCULAR ";"6";"7";"267";"153";"5";"155";"0"
"2023";"07";"130101";"LA LIBERTAD";"TRUJILLO";"TRUJILLO";"GOBIERNO REGIONAL";"III-1";"00005196";"REGIONAL DOCENTE DE TRUJILLO";"241200";"HOSPITALIZACIÓN QUIRÚRGICA TRAUMATOLOGÍA Y ORTOPEDIA ";"37";"40";"339";"410";"14";"434";"0"
"2023";"07";"130101";"LA LIBERTAD";"TRUJILLO";"TRUJILLO";"GOBIERNO REGIONAL";"III-1";"00005196";"REGIONAL DOCENTE DE TRUJILLO";"241100";"HOSPITALIZACIÓN QUIRÚRGICA OTORRINOLARINGOLOGÍA  ";"11";"10";"55";"43";"2";"62";"0"
"2023";"07";"130101";"LA LIBERTAD";"TRUJILLO";"TRUJILLO";"GOBIERNO REGIONAL";"III-1";"00005196";"REGIONAL DOCENTE DE TRUJILLO";"241300";"HOSPITALIZACIÓN QUIRÚRGICA UROLOGÍA  ";"25";"22";"94";"91";"4";"124";"0"
"2023";"07";"130101";"LA LIBERTAD";"TRUJILLO";"TRUJILLO";"GOBIERNO REGIONAL";"III-1";"00005196";"REGIONAL DOCENTE DE TRUJILLO";"240900";"HOSPITALIZACIÓN QUIRÚRGICA NEUROCIRUGÍA ";"16";"23";"511";"234";"13";"403";"0"
"2023";"07";"130101";"LA LIBERTAD";"TRUJILLO";"TRUJILLO";"GOBIERNO REGIONAL";"III-1";"00005196";"REGIONAL DOCENTE DE TRUJILLO";"242300";"HOSPITALIZACIÓN DE PEDIATRÍA  PEDIATRÍA  GENERAL ";"55";"52";"453";"437";"17";"527";"0"
"2023";"07";"130101";"LA LIBERTAD";"TRUJILLO";"TRUJILLO";"GOBIERNO REGIONAL";"III-1";"00005196";"REGIONAL DOCENTE DE TRUJILLO";"250108";"UNIDAD DE CUIDADOS CRITICOS UNIDAD  DE CUIDADOS INTENSIVOS  (UCI) PEDIÁTRICA";"0";"0";"0";"124";"5";"155";"0"
"2023";"07";"130101";"LA LIBERTAD";"TRUJILLO";"TRUJILLO";"GOBIERNO REGIONAL";"III-1";"00005196";"REGIONAL DOCENTE DE TRUJILLO";"250201";"UNIDAD DE CUIDADOS CRITICOS UNIDAD DE CUIDADOS INTERMEDIOS  (UCIN) NEONATAL";"42";"66";"780";"374";"13";"403";"0"
"2023";"07";"130101";"LA LIBERTAD";"TRUJILLO";"TRUJILLO";"GOBIERNO REGIONAL";"III-1";"00005196";"REGIONAL DOCENTE DE TRUJILLO";"250105";"UNIDAD DE CUIDADOS CRITICOS UNIDAD  DE CUIDADOS INTENSIVOS  (UCI) NEONATOLOGÍA";"26";"6";"114";"452";"15";"465";"6"
"2023";"07";"130101";"LA LIBERTAD";"TRUJILLO";"TRUJILLO";"GOBIERNO REGIONAL";"III-1";"00005196";"REGIONAL DOCENTE DE TRUJILLO";"241500";"HOSPITALIZACIÓN QUIRÚRGICA GINECOLOGÍA  ";"128";"123";"459";"464";"17";"527";"0"
"2023";"07";"130101";"LA LIBERTAD";"TRUJILLO";"TRUJILLO";"GOBIERNO REGIONAL";"III-1";"00005196";"REGIONAL DOCENTE DE TRUJILLO";"241600";"HOSPITALIZACIÓN QUIRÚRGICA OBSTETRICIA   ";"133";"136";"440";"408";"21";"651";"0"
"2023";"07";"050701";"AYACUCHO";"PARINACOCHAS";"CORACORA";"GOBIERNO REGIONAL";"II-1";"00003523";"HOSPITAL DE APOYO DE CORACORA";"240100";"HOSPITALIZACIÓN QUIRÚRGICA CIRUGÍA GENERAL ";"12";"12";"26";"26";"8";"248";"0"
"2023";"07";"050701";"AYACUCHO";"PARINACOCHAS";"CORACORA";"GOBIERNO REGIONAL";"II-1";"00003523";"HOSPITAL DE APOYO DE CORACORA";"241400";"HOSPITALIZACIÓN QUIRÚRGICA GINECO - OBSTETRICIA ";"32";"32";"61";"61";"5";"155";"0"
"2023";"07";"050701";"AYACUCHO";"PARINACOCHAS";"CORACORA";"GOBIERNO REGIONAL";"II-1";"00003523";"HOSPITAL DE APOYO DE CORACORA";"241500";"HOSPITALIZACIÓN QUIRÚRGICA GINECOLOGÍA  ";"28";"28";"62";"62";"7";"217";"0"
"2023";"07";"050701";"AYACUCHO";"PARINACOCHAS";"CORACORA";"GOBIERNO REGIONAL";"II-1";"00003523";"HOSPITAL DE APOYO DE CORACORA";"241800";"HOSPITALIZACIÓN DE MEDICINA MEDICINA GENERAL ";"15";"15";"65";"64";"16";"496";"3"
"2023";"07";"050701";"AYACUCHO";"PARINACOCHAS";"CORACORA";"GOBIERNO REGIONAL";"II-1";"00003523";"HOSPITAL DE APOYO DE CORACORA";"242500";"HOSPITALIZACIÓN-PEDIATRÍA GENERAL-";"40";"40";"57";"57";"4";"124";"0"
"2023";"07";"211101";"PUNO";"SAN ROMAN";"JULIACA";"ESSALUD";"II-2";"00009899";"HOSPITAL BASE III JULIACA - ESSALUD - RED ASISTENCIAL JULIACA";"241900";"HOSPITALIZACIÓN DE MEDICINA MEDICINA INTERNA ";"43";"44";"248";"248";"8";"248";"1"
"2023";"07";"211101";"PUNO";"SAN ROMAN";"JULIACA";"ESSALUD";"II-2";"00009899";"HOSPITAL BASE III JULIACA - ESSALUD - RED ASISTENCIAL JULIACA";"244000";"HOSPITALIZACIÓN DE MEDICINA CARDIOLOGIA ";"5";"9";"62";"62";"2";"62";"0"
"2023";"07";"211101";"PUNO";"SAN ROMAN";"JULIACA";"ESSALUD";"II-2";"00009899";"HOSPITAL BASE III JULIACA - ESSALUD - RED ASISTENCIAL JULIACA";"244300";"HOSPITALIZACIÓN DE MEDICINA GASTROENTEROLOGÍA  ";"18";"17";"115";"115";"4";"124";"2"
"2023";"07";"211101";"PUNO";"SAN ROMAN";"JULIACA";"ESSALUD";"II-2";"00009899";"HOSPITAL BASE III JULIACA - ESSALUD - RED ASISTENCIAL JULIACA";"244700";"HOSPITALIZACIÓN DE MEDICINA NEUROLOGIA  ";"4";"5";"35";"35";"2";"62";"1"
"2023";"07";"211101";"PUNO";"SAN ROMAN";"JULIACA";"ESSALUD";"II-2";"00009899";"HOSPITAL BASE III JULIACA - ESSALUD - RED ASISTENCIAL JULIACA";"245300";"HOSPITALIZACIÓN DE MEDICINA NEUMOLOGÍA  ";"12";"11";"91";"91";"8";"248";"0"
"2023";"07";"211101";"PUNO";"SAN ROMAN";"JULIACA";"ESSALUD";"II-2";"00009899";"HOSPITAL BASE III JULIACA - ESSALUD - RED ASISTENCIAL JULIACA";"240100";"HOSPITALIZACIÓN QUIRÚRGICA CIRUGÍA GENERAL ";"100";"99";"310";"310";"10";"310";"2"
"2023";"07";"211101";"PUNO";"SAN ROMAN";"JULIACA";"ESSALUD";"II-2";"00009899";"HOSPITAL BASE III JULIACA - ESSALUD - RED ASISTENCIAL JULIACA";"240400";"HOSPITALIZACIÓN QUIRÚRGICA CIRUGÍA DE TÓRAX Y CARDIOVASCULAR ";"5";"7";"26";"26";"4";"124";"0"
"2023";"07";"211101";"PUNO";"SAN ROMAN";"JULIACA";"ESSALUD";"II-2";"00009899";"HOSPITAL BASE III JULIACA - ESSALUD - RED ASISTENCIAL JULIACA";"240900";"HOSPITALIZACIÓN QUIRÚRGICA NEUROCIRUGÍA ";"8";"7";"46";"46";"2";"62";"0"
"2023";"07";"211101";"PUNO";"SAN ROMAN";"JULIACA";"ESSALUD";"II-2";"00009899";"HOSPITAL BASE III JULIACA - ESSALUD - RED ASISTENCIAL JULIACA";"240600";"HOSPITALIZACIÓN QUIRÚRGICA CIRUGÍA OFTALMOLÓGICA ";"3";"3";"5";"5";"1";"31";"0"
"2023";"07";"211101";"PUNO";"SAN ROMAN";"JULIACA";"ESSALUD";"II-2";"00009899";"HOSPITAL BASE III JULIACA - ESSALUD - RED ASISTENCIAL JULIACA";"241200";"HOSPITALIZACIÓN QUIRÚRGICA TRAUMATOLOGÍA Y ORTOPEDIA ";"41";"38";"124";"124";"4";"124";"0"
"2023";"07";"211101";"PUNO";"SAN ROMAN";"JULIACA";"ESSALUD";"II-2";"00009899";"HOSPITAL BASE III JULIACA - ESSALUD - RED ASISTENCIAL JULIACA";"241100";"HOSPITALIZACIÓN QUIRÚRGICA OTORRINOLARINGOLOGÍA  ";"10";"9";"19";"19";"1";"31";"0"
"2023";"07";"211101";"PUNO";"SAN ROMAN";"JULIACA";"ESSALUD";"II-2";"00009899";"HOSPITAL BASE III JULIACA - ESSALUD - RED ASISTENCIAL JULIACA";"241300";"HOSPITALIZACIÓN QUIRÚRGICA UROLOGÍA  ";"14";"18";"93";"93";"3";"93";"0"
"2023";"07";"211101";"PUNO";"SAN ROMAN";"JULIACA";"ESSALUD";"II-2";"00009899";"HOSPITAL BASE III JULIACA - ESSALUD - RED ASISTENCIAL JULIACA";"241400";"HOSPITALIZACIÓN QUIRÚRGICA GINECO - OBSTETRICIA ";"150";"162";"448";"448";"18";"558";"0"
"2023";"07";"211101";"PUNO";"SAN ROMAN";"JULIACA";"ESSALUD";"II-2";"00009899";"HOSPITAL BASE III JULIACA - ESSALUD - RED ASISTENCIAL JULIACA";"242300";"HOSPITALIZACIÓN DE PEDIATRÍA  PEDIATRÍA  GENERAL ";"67";"68";"307";"307";"16";"496";"0"
"2023";"07";"211101";"PUNO";"SAN ROMAN";"JULIACA";"ESSALUD";"II-2";"00009899";"HOSPITAL BASE III JULIACA - ESSALUD - RED ASISTENCIAL JULIACA";"243200";"HOSPITALIZACIÓN DE PEDIATRÍA PEDIATRIA NEONATOLOGÍA";"88";"96";"279";"279";"9";"279";"0"
"2023";"07";"211101";"PUNO";"SAN ROMAN";"JULIACA";"ESSALUD";"II-2";"00009899";"HOSPITAL BASE III JULIACA - ESSALUD - RED ASISTENCIAL JULIACA";"250100";"UNIDAD DE CUIDADOS CRITICOS UNIDAD  DE CUIDADOS INTENSIVOS GENERALES (UCI) ";"8";"6";"24";"24";"3";"93";"5"
"2023";"07";"060601";"CAJAMARCA";"CUTERVO";"CUTERVO";"GOBIERNO REGIONAL";"I-1";"00006856";"CHACAF";"NE_0001";"";"NE_0001";"NE_0001";"NE_0001";"NE_0001";"NE_0001";"NE_0001";"NE_0001"
"2023";"07";"060601";"CAJAMARCA";"CUTERVO";"CUTERVO";"GOBIERNO REGIONAL";"I-1";"00007431";"CONGA DE ALLANGA";"NE_0001";"";"NE_0001";"NE_0001";"NE_0001";"NE_0001";"NE_0001";"NE_0001";"NE_0001"
"2023";"04";"220913";"SAN MARTIN";"SAN MARTIN";"SAUCE";"GOBIERNO REGIONAL";"I-1";"00006381";"DOS DE MAYO";"NE_0001";"";"NE_0001";"NE_0001";"NE_0001";"NE_0001";"NE_0001";"NE_0001";"NE_0001"
"2023";"05";"120420";"JUNIN";"JAUJA";"MUQUI";"GOBIERNO REGIONAL";"I-1";"00000402";"MUQUI";"NE_0001";"";"NE_0001";"NE_0001";"NE_0001";"NE_0001";"NE_0001";"NE_0001";"NE_0001"
"2023";"05";"120431";"JUNIN";"JAUJA";"SINCOS";"GOBIERNO REGIONAL";"I-1";"00000407";"SALLAHUACHAC";"NE_0001";"";"NE_0001";"NE_0001";"NE_0001";"NE_0001";"NE_0001";"NE_0001";"NE_0001"
"2023";"07";"210301";"PUNO";"CARABAYA";"MACUSANI";"GOBIERNO REGIONAL";"I-3";"00002974";"METROPOLITANO MACUSANI";"241900";"HOSPITALIZACIÓN DE MEDICINA MEDICINA INTERNA ";"26";"29";"114";"139";"9";"279";"2"
"2023";"07";"210301";"PUNO";"CARABAYA";"MACUSANI";"GOBIERNO REGIONAL";"I-3";"00002974";"METROPOLITANO MACUSANI";"242500";"HOSPITALIZACIÓN-PEDIATRÍA GENERAL-";"18";"22";"77";"106";"6";"186";"1"
"2023";"07";"210301";"PUNO";"CARABAYA";"MACUSANI";"GOBIERNO REGIONAL";"I-3";"00002974";"METROPOLITANO MACUSANI";"243200";"HOSPITALIZACIÓN DE PEDIATRÍA PEDIATRIA NEONATOLOGÍA";"13";"16";"83";"95";"4";"124";"1"
"2023";"07";"130101";"LA LIBERTAD";"TRUJILLO";"TRUJILLO";"PRIVADO";"II-E";"00008044";"OFTALMOVISION";"NE_0001";"";"NE_0001";"NE_0001";"NE_0001";"NE_0001";"NE_0001";"NE_0001";"NE_0001"
"2023";"07";"220909";"SAN MARTIN";"SAN MARTIN";"LA BANDA DE SHILCAYO";"PRIVADO";"II-E";"00015835";"CLINICA OFTALMOLOGICA DE LA SELVA";"NE_0001";"";"NE_0001";"NE_0001";"NE_0001";"NE_0001";"NE_0001";"NE_0001";"NE_0001"
"2023";"06";"250102";"UCAYALI";"CORONEL PORTILLO";"CAMPOVERDE";"GOBIERNO REGIONAL";"I-1";"00005428";"SAN MARTIN DE MOJARAL";"NE_0001";"";"NE_0001";"NE_0001";"NE_0001";"NE_0001";"NE_0001";"NE_0001";"NE_0001"
"2023";"06";"250102";"UCAYALI";"CORONEL PORTILLO";"CAMPOVERDE";"GOBIERNO REGIONAL";"I-1";"00005427";"PUEBLO LIBRE";"NE_0001";"";"NE_0001";"NE_0001";"NE_0001";"NE_0001";"NE_0001";"NE_0001";"NE_0001"
"2023";"06";"250102";"UCAYALI";"CORONEL PORTILLO";"CAMPOVERDE";"GOBIERNO REGIONAL";"I-3";"00005426";"CAMPO VERDE";"NE_0001";"";"NE_0001";"NE_0001";"NE_0001";"NE_0001";"NE_0001";"NE_0001";"NE_0001"
"2023";"07";"120101";"JUNIN";"HUANCAYO";"HUANCAYO";"PRIVADO";"II-1";"00008516";"CLINICA SANTO DOMINGO";"240100";"HOSPITALIZACIÓN QUIRÚRGICA CIRUGÍA GENERAL ";"14";"14";"26";"26";"2";"31";"0"
"2023";"07";"120101";"JUNIN";"HUANCAYO";"HUANCAYO";"PRIVADO";"II-1";"00008516";"CLINICA SANTO DOMINGO";"245300";"HOSPITALIZACIÓN DE MEDICINA NEUMOLOGÍA  ";"1";"1";"3";"3";"1";"31";"0"
"2023";"07";"120101";"JUNIN";"HUANCAYO";"HUANCAYO";"PRIVADO";"II-1";"00008516";"CLINICA SANTO DOMINGO";"241200";"HOSPITALIZACIÓN QUIRÚRGICA TRAUMATOLOGÍA Y ORTOPEDIA ";"6";"6";"9";"9";"1";"31";"0"
"2023";"07";"120101";"JUNIN";"HUANCAYO";"HUANCAYO";"PRIVADO";"II-1";"00008516";"CLINICA SANTO DOMINGO";"241500";"HOSPITALIZACIÓN QUIRÚRGICA GINECOLOGÍA  ";"12";"12";"21";"21";"2";"30";"0"
"2023";"07";"120101";"JUNIN";"HUANCAYO";"HUANCAYO";"PRIVADO";"II-1";"00008516";"CLINICA SANTO DOMINGO";"244200";"HOSPITALIZACIÓN DE MEDICINA ENDOCRINOLOGIA ";"2";"2";"2";"2";"1";"20";"0"
"2023";"07";"120101";"JUNIN";"HUANCAYO";"HUANCAYO";"PRIVADO";"II-1";"00008516";"CLINICA SANTO DOMINGO";"245400";"HOSPITALIZACIÓN DE MEDICINA GINECOLOGIA ";"2";"2";"3";"3";"1";"20";"0"
"2023";"07";"120101";"JUNIN";"HUANCAYO";"HUANCAYO";"PRIVADO";"II-1";"00008516";"CLINICA SANTO DOMINGO";"241300";"HOSPITALIZACIÓN QUIRÚRGICA UROLOGÍA  ";"3";"3";"3";"3";"1";"20";"0"
"2023";"07";"080105";"CUSCO";"CUSCO";"SAN SEBASTIAN";"PRIVADO";"II-E";"00024584";"VIRGEN GUADALUPE CUSCO";"240100";"HOSPITALIZACIÓN QUIRÚRGICA CIRUGÍA GENERAL ";"65";"65";"65";"65";"65";"67";"0"
"2023";"07";"080105";"CUSCO";"CUSCO";"SAN SEBASTIAN";"PRIVADO";"II-E";"00024584";"VIRGEN GUADALUPE CUSCO";"241800";"HOSPITALIZACIÓN DE MEDICINA MEDICINA GENERAL ";"3";"3";"3";"3";"3";"6";"0"
"2023";"07";"040702";"AREQUIPA";"ISLAY";"COCACHACRA";"GOBIERNO REGIONAL";"I-3";"00001445";"CENTRO DE SALUD COCACHACRA";"NE_0001";"";"NE_0001";"NE_0001";"NE_0001";"NE_0001";"NE_0001";"NE_0001";"NE_0001"
"2023";"07";"040702";"AREQUIPA";"ISLAY";"COCACHACRA";"GOBIERNO REGIONAL";"I-1";"00001453";"PUESTO DE SALUD EL TORO";"NE_0001";"";"NE_0001";"NE_0001";"NE_0001";"NE_0001";"NE_0001";"NE_0001";"NE_0001"
"2023";"07";"040702";"AREQUIPA";"ISLAY";"COCACHACRA";"GOBIERNO REGIONAL";"I-2";"00001454";"PUESTO DE SALUD LA PASCANA";"NE_0001";"";"NE_0001";"NE_0001";"NE_0001";"NE_0001";"NE_0001";"NE_0001";"NE_0001"
"2023";"07";"040702";"AREQUIPA";"ISLAY";"COCACHACRA";"GOBIERNO REGIONAL";"I-2";"00001452";"PUESTO DE SALUD EL FISCAL";"NE_0001";"";"NE_0001";"NE_0001";"NE_0001";"NE_0001";"NE_0001";"NE_0001";"NE_0001"
"2023";"07";"160301";"LORETO";"LORETO";"NAUTA";"ESSALUD";"I-3";"00011403";"CENTRO DE ATENCION PRIMARIA II NAUTA";"NE_0001";"";"NE_0001";"NE_0001";"NE_0001";"NE_0001";"NE_0001";"NE_0001";"NE_0001"
"2023";"06";"240301";"TUMBES";"ZARUMILLA";"ZARUMILLA";"ESSALUD";"I-2";"00012271";"POSTA MEDICA ZARUMILLA";"NE_0001";"";"NE_0001";"NE_0001";"NE_0001";"NE_0001";"NE_0001";"NE_0001";"NE_0001"
"2023";"04";"040208";"AREQUIPA";"CAMANA";"SAMUEL PASTOR";"ESSALUD";"I-4";"00011009";"HOSPITAL I SAMUEL PASTOR DE CAMANA ESSALUD";"241800";"HOSPITALIZACIÓN DE MEDICINA MEDICINA GENERAL ";"31";"30";"163";"186";"6";"180";"1"
"2023";"04";"040208";"AREQUIPA";"CAMANA";"SAMUEL PASTOR";"ESSALUD";"I-4";"00011009";"HOSPITAL I SAMUEL PASTOR DE CAMANA ESSALUD";"240100";"HOSPITALIZACIÓN QUIRÚRGICA CIRUGÍA GENERAL ";"20";"20";"48";"47";"2";"60";"0"
"2023";"04";"040208";"AREQUIPA";"CAMANA";"SAMUEL PASTOR";"ESSALUD";"I-4";"00011009";"HOSPITAL I SAMUEL PASTOR DE CAMANA ESSALUD";"241500";"HOSPITALIZACIÓN QUIRÚRGICA GINECOLOGÍA  ";"19";"19";"37";"35";"2";"60";"0"
"2023";"04";"040208";"AREQUIPA";"CAMANA";"SAMUEL PASTOR";"ESSALUD";"I-4";"00011009";"HOSPITAL I SAMUEL PASTOR DE CAMANA ESSALUD";"241600";"HOSPITALIZACIÓN QUIRÚRGICA OBSTETRICIA   ";"2";"2";"5";"5";"1";"30";"0"
"2023";"07";"040108";"AREQUIPA";"AREQUIPA";"LA JOYA";"ESSALUD";"I-2";"00013305";"POSTA MEDICA LA JOYA";"NE_0001";"";"NE_0001";"NE_0001";"NE_0001";"NE_0001";"NE_0001";"NE_0001";"NE_0001"
"2023";"01";"150117";"LIMA";"LIMA";"LOS OLIVOS";"PRIVADO";"II-E";"00023151";"CLINICA CORI";"240000";"HOSPITALIZACIÓN";"89";"89";"438";"350";"14";"434";"0"
"2023";"05";"030104";"APURIMAC";"ABANCAY";"CURAHUASI";"PRIVADO";"II-1";"00008108";"HOSPITAL  DIOSPI SUYANA";"240000";"HOSPITALIZACIÓN";"157";"143";"446";"571";"39";"1548";"1"
"2023";"08";"061105";"CAJAMARCA";"SAN MIGUEL";"EL PRADO";"GOBIERNO REGIONAL";"I-1";"00004540";"EL GUAYO";"NE_0001";"";"NE_0001";"NE_0001";"NE_0001";"NE_0001";"NE_0001";"NE_0001";"NE_0001"
"2023";"08";"061113";"CAJAMARCA";"SAN MIGUEL";"UNION AGUA BLANCA";"GOBIERNO REGIONAL";"I-1";"00004543";"LIVES";"NE_0001";"";"NE_0001";"NE_0001";"NE_0001";"NE_0001";"NE_0001";"NE_0001";"NE_0001"
"2023";"08";"061101";"CAJAMARCA";"SAN MIGUEL";"SAN MIGUEL";"GOBIERNO REGIONAL";"I-1";"00004541";"TANON CAMPO ALEGRE";"NE_0001";"";"NE_0001";"NE_0001";"NE_0001";"NE_0001";"NE_0001";"NE_0001";"NE_0001"
"2023";"08";"061105";"CAJAMARCA";"SAN MIGUEL";"EL PRADO";"GOBIERNO REGIONAL";"I-1";"00004542";"QUINDEN BAJO";"NE_0001";"";"NE_0001";"NE_0001";"NE_0001";"NE_0001";"NE_0001";"NE_0001";"NE_0001"
"2023";"08";"150116";"LIMA";"LIMA";"LINCE";"PRIVADO";"II-E";"00015927";"CLINICA DE OJOS D´OPELUCE";"NE_0001";"";"NE_0001";"NE_0001";"NE_0001";"NE_0001";"NE_0001";"NE_0001";"NE_0001"
"2023";"08";"010201";"AMAZONAS";"BAGUA";"BAGUA";"SANIDAD DE LA POLICIA NACIONAL DEL PERU";"I-2";"00012954";"POSTA MEDICA  POLICIAL  BAGUA";"NE_0001";"";"NE_0001";"NE_0001";"NE_0001";"NE_0001";"NE_0001";"NE_0001";"NE_0001"
"2023";"06";"120101";"JUNIN";"HUANCAYO";"HUANCAYO";"GOBIERNO REGIONAL";"III-E";"00006615";"HOSPITAL REGIONAL DOCENTE MATERNO INFANTIL EL CARMEN";"241600";"HOSPITALIZACIÓN QUIRÚRGICA OBSTETRICIA   ";"534";"487";"1366";"1312";"65";"1701";"0"
"2023";"06";"120101";"JUNIN";"HUANCAYO";"HUANCAYO";"GOBIERNO REGIONAL";"III-E";"00006615";"HOSPITAL REGIONAL DOCENTE MATERNO INFANTIL EL CARMEN";"250201";"UNIDAD DE CUIDADOS CRITICOS UNIDAD DE CUIDADOS INTERMEDIOS  (UCIN) NEONATAL";"66";"98";"999";"1144";"42";"1247";"1"
"2023";"06";"120101";"JUNIN";"HUANCAYO";"HUANCAYO";"GOBIERNO REGIONAL";"III-E";"00006615";"HOSPITAL REGIONAL DOCENTE MATERNO INFANTIL EL CARMEN";"240700";"HOSPITALIZACIÓN QUIRÚRGICA CIRUGÍA PEDIÁTRICA ";"72";"68";"323";"335";"13";"339";"0"
"2023";"06";"120101";"JUNIN";"HUANCAYO";"HUANCAYO";"GOBIERNO REGIONAL";"III-E";"00006615";"HOSPITAL REGIONAL DOCENTE MATERNO INFANTIL EL CARMEN";"242300";"HOSPITALIZACIÓN DE PEDIATRÍA  PEDIATRÍA  GENERAL ";"165";"188";"1150";"968";"21";"970";"3"
"2023";"06";"120101";"JUNIN";"HUANCAYO";"HUANCAYO";"GOBIERNO REGIONAL";"III-E";"00006615";"HOSPITAL REGIONAL DOCENTE MATERNO INFANTIL EL CARMEN";"241500";"HOSPITALIZACIÓN QUIRÚRGICA GINECOLOGÍA  ";"31";"35";"174";"127";"10";"193";"0"
"2023";"06";"120101";"JUNIN";"HUANCAYO";"HUANCAYO";"GOBIERNO REGIONAL";"III-E";"00006615";"HOSPITAL REGIONAL DOCENTE MATERNO INFANTIL EL CARMEN";"250105";"UNIDAD DE CUIDADOS CRITICOS UNIDAD  DE CUIDADOS INTENSIVOS  (UCI) NEONATOLOGÍA";"22";"5";"14";"325";"12";"360";"5"
"2023";"06";"120101";"JUNIN";"HUANCAYO";"HUANCAYO";"GOBIERNO REGIONAL";"III-E";"00006615";"HOSPITAL REGIONAL DOCENTE MATERNO INFANTIL EL CARMEN";"250108";"UNIDAD DE CUIDADOS CRITICOS UNIDAD  DE CUIDADOS INTENSIVOS  (UCI) PEDIÁTRICA";"5";"2";"27";"175";"3";"181";"2"
"2023";"06";"120101";"JUNIN";"HUANCAYO";"HUANCAYO";"GOBIERNO REGIONAL";"III-E";"00006615";"HOSPITAL REGIONAL DOCENTE MATERNO INFANTIL EL CARMEN";"250202";"UNIDAD DE CUIDADOS CRITICOS UNIDAD DE CUIDADOS INTERMEDIOS  (UCIN) PEDIÁTRICOS";"7";"3";"7";"53";"3";"79";"2"
"2023";"07";"120101";"JUNIN";"HUANCAYO";"HUANCAYO";"GOBIERNO REGIONAL";"III-E";"00006615";"HOSPITAL REGIONAL DOCENTE MATERNO INFANTIL EL CARMEN";"241600";"HOSPITALIZACIÓN QUIRÚRGICA OBSTETRICIA   ";"523";"486";"837";"1407";"65";"2015";"0"
"2023";"07";"120101";"JUNIN";"HUANCAYO";"HUANCAYO";"GOBIERNO REGIONAL";"III-E";"00006615";"HOSPITAL REGIONAL DOCENTE MATERNO INFANTIL EL CARMEN";"250201";"UNIDAD DE CUIDADOS CRITICOS UNIDAD DE CUIDADOS INTERMEDIOS  (UCIN) NEONATAL";"86";"116";"1378";"1198";"42";"1302";"1"
"2023";"07";"120101";"JUNIN";"HUANCAYO";"HUANCAYO";"GOBIERNO REGIONAL";"III-E";"00006615";"HOSPITAL REGIONAL DOCENTE MATERNO INFANTIL EL CARMEN";"240700";"HOSPITALIZACIÓN QUIRÚRGICA CIRUGÍA PEDIÁTRICA ";"83";"79";"329";"278";"13";"403";"0"
"2023";"07";"120101";"JUNIN";"HUANCAYO";"HUANCAYO";"GOBIERNO REGIONAL";"III-E";"00006615";"HOSPITAL REGIONAL DOCENTE MATERNO INFANTIL EL CARMEN";"242300";"HOSPITALIZACIÓN DE PEDIATRÍA  PEDIATRÍA  GENERAL ";"132";"135";"766";"733";"21";"775";"1"
"2023";"07";"120101";"JUNIN";"HUANCAYO";"HUANCAYO";"GOBIERNO REGIONAL";"III-E";"00006615";"HOSPITAL REGIONAL DOCENTE MATERNO INFANTIL EL CARMEN";"241500";"HOSPITALIZACIÓN QUIRÚRGICA GINECOLOGÍA  ";"48";"44";"197";"166";"10";"186";"0"
"2023";"07";"120101";"JUNIN";"HUANCAYO";"HUANCAYO";"GOBIERNO REGIONAL";"III-E";"00006615";"HOSPITAL REGIONAL DOCENTE MATERNO INFANTIL EL CARMEN";"250105";"UNIDAD DE CUIDADOS CRITICOS UNIDAD  DE CUIDADOS INTENSIVOS  (UCI) NEONATOLOGÍA";"28";"4";"128";"355";"12";"372";"4"
"2023";"07";"120101";"JUNIN";"HUANCAYO";"HUANCAYO";"GOBIERNO REGIONAL";"III-E";"00006615";"HOSPITAL REGIONAL DOCENTE MATERNO INFANTIL EL CARMEN";"250108";"UNIDAD DE CUIDADOS CRITICOS UNIDAD  DE CUIDADOS INTENSIVOS  (UCI) PEDIÁTRICA";"12";"7";"233";"118";"6";"186";"2"
"2023";"08";"100101";"HUANUCO";"HUANUCO";"HUANUCO";"SANIDAD DE LA POLICIA NACIONAL DEL PERU";"I-3";"00011421";"POLICLINICO POLICIAL HUÀNUCO";"NE_0001";"";"NE_0001";"NE_0001";"NE_0001";"NE_0001";"NE_0001";"NE_0001";"NE_0001"
"2023";"08";"100601";"HUANUCO";"LEONCIO PRADO";"RUPA-RUPA";"SANIDAD DE LA POLICIA NACIONAL DEL PERU";"I-2";"00015771";"POSTA MEDICA POLICIAL TINGO MARIA";"NE_0001";"";"NE_0001";"NE_0001";"NE_0001";"NE_0001";"NE_0001";"NE_0001";"NE_0001"
"2023";"08";"120604";"JUNIN";"SATIPO";"MAZAMARI";"SANIDAD DE LA POLICIA NACIONAL DEL PERU";"I-2";"00012454";"POSTA MEDICA POLICIAL LOS SINCHIS";"NE_0001";"";"NE_0001";"NE_0001";"NE_0001";"NE_0001";"NE_0001";"NE_0001";"NE_0001"
"2023";"08";"180301";"MOQUEGUA";"ILO";"ILO";"SANIDAD DE LA POLICIA NACIONAL DEL PERU";"I-2";"00025870";"POSTA MEDICA POLICIAL ILO";"NE_0001";"";"NE_0001";"NE_0001";"NE_0001";"NE_0001";"NE_0001";"NE_0001";"NE_0001"
"2023";"08";"130101";"LA LIBERTAD";"TRUJILLO";"TRUJILLO";"SANIDAD DE LA POLICIA NACIONAL DEL PERU";"I-3";"00011154";"SANIDAD DE LA PNP - TRUJILLO";"NE_0001";"";"NE_0001";"NE_0001";"NE_0001";"NE_0001";"NE_0001";"NE_0001";"NE_0001"
"2023";"08";"080101";"CUSCO";"CUSCO";"CUSCO";"PRIVADO";"II-E";"00016541";"HOGAR CLINICA SAN JUAN DE DIOS-CUSCO";"240000";"HOSPITALIZACIÓN";"46";"42";"465";"7";"15";"465";"0"
"2023";"08";"021101";"ANCASH";"HUARMEY";"HUARMEY";"GOBIERNO REGIONAL";"II-1";"00001741";"HOSPITAL DE APOYO HUARMEY";"240100";"HOSPITALIZACIÓN QUIRÚRGICA CIRUGÍA GENERAL ";"6";"6";"15";"15";"5";"155";"0"
"2023";"08";"021101";"ANCASH";"HUARMEY";"HUARMEY";"GOBIERNO REGIONAL";"II-1";"00001741";"HOSPITAL DE APOYO HUARMEY";"241400";"HOSPITALIZACIÓN QUIRÚRGICA GINECO - OBSTETRICIA ";"36";"39";"66";"65";"10";"310";"0"
"2023";"08";"021101";"ANCASH";"HUARMEY";"HUARMEY";"GOBIERNO REGIONAL";"II-1";"00001741";"HOSPITAL DE APOYO HUARMEY";"241800";"HOSPITALIZACIÓN DE MEDICINA MEDICINA GENERAL ";"41";"49";"163";"141";"9";"279";"1"
"2023";"08";"021101";"ANCASH";"HUARMEY";"HUARMEY";"GOBIERNO REGIONAL";"II-1";"00001741";"HOSPITAL DE APOYO HUARMEY";"242300";"HOSPITALIZACIÓN DE PEDIATRÍA  PEDIATRÍA  GENERAL ";"10";"10";"24";"24";"3";"93";"0"
"2023";"07";"120504";"JUNIN";"JUNIN";"ULCUMAYO";"GOBIERNO REGIONAL";"I-1";"00000317";"RAYMONDI";"NE_0001";"";"NE_0001";"NE_0001";"NE_0001";"NE_0001";"NE_0001";"NE_0001";"NE_0001"
"2023";"07";"120304";"JUNIN";"CHANCHAMAYO";"SAN LUIS DE SHUARO";"GOBIERNO REGIONAL";"I-1";"00000316";"SANTA HERMINIA BAJA";"NE_0001";"";"NE_0001";"NE_0001";"NE_0001";"NE_0001";"NE_0001";"NE_0001";"NE_0001"
"2023";"07";"120304";"JUNIN";"CHANCHAMAYO";"SAN LUIS DE SHUARO";"GOBIERNO REGIONAL";"I-3";"00000315";"SANCHIRIO PALOMAR";"NE_0001";"";"NE_0001";"NE_0001";"NE_0001";"NE_0001";"NE_0001";"NE_0001";"NE_0001"
"2023";"08";"101002";"HUANUCO";"LAURICOCHA";"BAÑOS";"ESSALUD";"I-2";"00027081";"POSTA MÉDICA BAÑOS";"NE_0001";"";"NE_0001";"NE_0001";"NE_0001";"NE_0001";"NE_0001";"NE_0001";"NE_0001"
"2023";"08";"080901";"CUSCO";"LA CONVENCION";"SANTA ANA";"SANIDAD DE LA POLICIA NACIONAL DEL PERU";"I-2";"00011744";"POSTA MEDICO POLICIAL LA CONVENCION - QUILLABAMBA";"NE_0001";"";"NE_0001";"NE_0001";"NE_0001";"NE_0001";"NE_0001";"NE_0001";"NE_0001"
"2023";"08";"170101";"MADRE DE DIOS";"TAMBOPATA";"TAMBOPATA";"SANIDAD DE LA POLICIA NACIONAL DEL PERU";"I-2";"00009320";"POSTA MEDICA DE LA PNP";"NE_0001";"";"NE_0001";"NE_0001";"NE_0001";"NE_0001";"NE_0001";"NE_0001";"NE_0001"
"2023";"08";"021801";"ANCASH";"SANTA";"CHIMBOTE";"PRIVADO";"II-1";"00016551";"CLINICA JUAN PABLO II";"240000";"HOSPITALIZACIÓN";"11";"12";"23";"12";"18";"558";"0"
"2023";"08";"190113";"PASCO";"PASCO";"YANACANCHA";"SANIDAD DE LA POLICIA NACIONAL DEL PERU";"I-2";"00011773";"POSTA MEDICA PNP CERRO DE PASCO";"NE_0001";"";"NE_0001";"NE_0001";"NE_0001";"NE_0001";"NE_0001";"NE_0001";"NE_0001"
"2023";"08";"060801";"CAJAMARCA";"JAEN";"JAEN";"SANIDAD DE LA POLICIA NACIONAL DEL PERU";"I-3";"00018950";"POLICLINICO POLICIAL JAEN";"NE_0001";"";"NE_0001";"NE_0001";"NE_0001";"NE_0001";"NE_0001";"NE_0001";"NE_0001"
"2023";"08";"040123";"AREQUIPA";"AREQUIPA";"TIABAYA";"GOBIERNO REGIONAL";"I-3";"00001260";"CENTRO DE SALUD TIABAYA";"NE_0001";"";"NE_0001";"NE_0001";"NE_0001";"NE_0001";"NE_0001";"NE_0001";"NE_0001"
"2023";"08";"150101";"LIMA";"LIMA";"LIMA";"SANIDAD DE LA POLICIA NACIONAL DEL PERU";"I-3";"00017391";"POLICLINICO COIP";"NE_0001";"";"NE_0001";"NE_0001";"NE_0001";"NE_0001";"NE_0001";"NE_0001";"NE_0001"
"2023";"08";"040112";"AREQUIPA";"AREQUIPA";"PAUCARPATA";"ESSALUD";"I-2";"00012194";"CAP III - PAUCARPATA";"NE_0001";"";"NE_0001";"NE_0001";"NE_0001";"NE_0001";"NE_0001";"NE_0001";"NE_0001"
"2023";"08";"050101";"AYACUCHO";"HUAMANGA";"AYACUCHO";"SANIDAD DE LA POLICIA NACIONAL DEL PERU";"I-3";"00011426";"POLICLINICO POLICIAL DE AYACUCHO";"NE_0001";"";"NE_0001";"NE_0001";"NE_0001";"NE_0001";"NE_0001";"NE_0001";"NE_0001"
"2023";"08";"150142";"LIMA";"LIMA";"VILLA EL SALVADOR";"PRIVADO";"I-2";"00013687";"ARIE";"NE_0002";"";"NE_0002";"NE_0002";"NE_0002";"NE_0002";"NE_0002";"NE_0002";"NE_0002"
"2023";"08";"040101";"AREQUIPA";"AREQUIPA";"AREQUIPA";"PRIVADO";"II-E";"00011995";"CLINICA ALMONTE SAC";"240800";"HOSPITALIZACIÓN QUIRÚRGICA CIRUGÍA PLÁSTICA/RECONSTRUCTIVA/ REPARADORA ";"8";"8";"8";"8";"3";"62";"0"
"2023";"08";"090206";"HUANCAVELICA";"ACOBAMBA";"PAUCARA";"GOBIERNO REGIONAL";"I-1";"00009696";"PUESTO DE SALUD LIBERTADORES DE CHOPCCA";"NE_0001";"";"NE_0001";"NE_0001";"NE_0001";"NE_0001";"NE_0001";"NE_0001";"NE_0001"
"2023";"08";"090206";"HUANCAVELICA";"ACOBAMBA";"PAUCARA";"GOBIERNO REGIONAL";"I-3";"00003931";"TINQUERCCASA";"NE_0001";"";"NE_0001";"NE_0001";"NE_0001";"NE_0001";"NE_0001";"NE_0001";"NE_0001"
"2023";"03";"221001";"SAN MARTIN";"TOCACHE";"TOCACHE";"GOBIERNO REGIONAL";"II-1";"00006580";"HOSPITAL II-1 ""DR. JOSE PEÑA PORTUGUEZ "" - TOCACHE";"240100";"HOSPITALIZACIÓN QUIRÚRGICA CIRUGÍA GENERAL ";"56";"67";"368";"368";"10";"310";"0"
"2023";"03";"221001";"SAN MARTIN";"TOCACHE";"TOCACHE";"GOBIERNO REGIONAL";"II-1";"00006580";"HOSPITAL II-1 ""DR. JOSE PEÑA PORTUGUEZ "" - TOCACHE";"241400";"HOSPITALIZACIÓN QUIRÚRGICA GINECO - OBSTETRICIA ";"95";"102";"100";"100";"7";"196";"0"
"2023";"03";"221001";"SAN MARTIN";"TOCACHE";"TOCACHE";"GOBIERNO REGIONAL";"II-1";"00006580";"HOSPITAL II-1 ""DR. JOSE PEÑA PORTUGUEZ "" - TOCACHE";"241600";"HOSPITALIZACIÓN QUIRÚRGICA OBSTETRICIA   ";"85";"91";"135";"135";"11";"341";"0"
"2023";"03";"221001";"SAN MARTIN";"TOCACHE";"TOCACHE";"GOBIERNO REGIONAL";"II-1";"00006580";"HOSPITAL II-1 ""DR. JOSE PEÑA PORTUGUEZ "" - TOCACHE";"241800";"HOSPITALIZACIÓN DE MEDICINA MEDICINA GENERAL ";"37";"43";"199";"199";"12";"372";"2"
"2023";"03";"221001";"SAN MARTIN";"TOCACHE";"TOCACHE";"GOBIERNO REGIONAL";"II-1";"00006580";"HOSPITAL II-1 ""DR. JOSE PEÑA PORTUGUEZ "" - TOCACHE";"242500";"HOSPITALIZACIÓN-PEDIATRÍA GENERAL-";"11";"14";"62";"62";"5";"155";"0"
"2023";"03";"221001";"SAN MARTIN";"TOCACHE";"TOCACHE";"GOBIERNO REGIONAL";"II-1";"00006580";"HOSPITAL II-1 ""DR. JOSE PEÑA PORTUGUEZ "" - TOCACHE";"243200";"HOSPITALIZACIÓN DE PEDIATRÍA PEDIATRIA NEONATOLOGÍA";"49";"55";"165";"165";"15";"465";"2"
"2023";"03";"060607";"CAJAMARCA";"CUTERVO";"QUEROCOTILLO";"GOBIERNO REGIONAL";"I-1";"00007101";"EL GUAYO";"NE_0001";"";"NE_0001";"NE_0001";"NE_0001";"NE_0001";"NE_0001";"NE_0001";"NE_0001"
"2023";"03";"060601";"CAJAMARCA";"CUTERVO";"CUTERVO";"GOBIERNO REGIONAL";"I-1";"00006851";"HUICHUD";"NE_0001";"";"NE_0001";"NE_0001";"NE_0001";"NE_0001";"NE_0001";"NE_0001";"NE_0001"
"2023";"03";"060601";"CAJAMARCA";"CUTERVO";"CUTERVO";"GOBIERNO REGIONAL";"I-1";"00007752";"SANTA CLARA DE CAMSE";"NE_0001";"";"NE_0001";"NE_0001";"NE_0001";"NE_0001";"NE_0001";"NE_0001";"NE_0001"
"2023";"03";"060601";"CAJAMARCA";"CUTERVO";"CUTERVO";"GOBIERNO REGIONAL";"I-3";"00004992";"SINCHIMACHE";"NE_0001";"";"NE_0001";"NE_0001";"NE_0001";"NE_0001";"NE_0001";"NE_0001";"NE_0001"
"2023";"03";"060601";"CAJAMARCA";"CUTERVO";"CUTERVO";"GOBIERNO REGIONAL";"I-3";"00004993";"NARANJITO DE CAMSE";"NE_0001";"";"NE_0001";"NE_0001";"NE_0001";"NE_0001";"NE_0001";"NE_0001";"NE_0001"
"2023";"03";"060601";"CAJAMARCA";"CUTERVO";"CUTERVO";"GOBIERNO REGIONAL";"I-2";"00004994";"PAYAC";"NE_0001";"";"NE_0001";"NE_0001";"NE_0001";"NE_0001";"NE_0001";"NE_0001";"NE_0001"
"2023";"03";"060601";"CAJAMARCA";"CUTERVO";"CUTERVO";"GOBIERNO REGIONAL";"I-1";"00008922";"LA CASCARILLA";"NE_0001";"";"NE_0001";"NE_0001";"NE_0001";"NE_0001";"NE_0001";"NE_0001";"NE_0001"
"2023";"03";"060614";"CAJAMARCA";"CUTERVO";"SOCOTA";"GOBIERNO REGIONAL";"I-3";"00005040";" VIRGEN DE LA CANDELARIA ";"NE_0001";"";"NE_0001";"NE_0001";"NE_0001";"NE_0001";"NE_0001";"NE_0001";"NE_0001"
"2023";"03";"060614";"CAJAMARCA";"CUTERVO";"SOCOTA";"GOBIERNO REGIONAL";"I-1";"00005037";"CHISIGLE";"NE_0001";"";"NE_0001";"NE_0001";"NE_0001";"NE_0001";"NE_0001";"NE_0001";"NE_0001"
"2023";"03";"060614";"CAJAMARCA";"CUTERVO";"SOCOTA";"GOBIERNO REGIONAL";"I-1";"00005042";"SAN ANTONIO";"NE_0001";"";"NE_0001";"NE_0001";"NE_0001";"NE_0001";"NE_0001";"NE_0001";"NE_0001"
"2023";"03";"060614";"CAJAMARCA";"CUTERVO";"SOCOTA";"GOBIERNO REGIONAL";"I-1";"00005043";"LAGUNA SHITA";"NE_0001";"";"NE_0001";"NE_0001";"NE_0001";"NE_0001";"NE_0001";"NE_0001";"NE_0001"
"2023";"03";"060614";"CAJAMARCA";"CUTERVO";"SOCOTA";"GOBIERNO REGIONAL";"I-1";"00007749";"CHURUMAYO";"NE_0001";"";"NE_0001";"NE_0001";"NE_0001";"NE_0001";"NE_0001";"NE_0001";"NE_0001"
"2023";"03";"060614";"CAJAMARCA";"CUTERVO";"SOCOTA";"GOBIERNO REGIONAL";"I-1";"00011061";"NUEVO ORIENTE DE SOCOTA";"NE_0001";"";"NE_0001";"NE_0001";"NE_0001";"NE_0001";"NE_0001";"NE_0001";"NE_0001"
"2023";"03";"060614";"CAJAMARCA";"CUTERVO";"SOCOTA";"GOBIERNO REGIONAL";"I-1";"00011063";"LIBERTAD LA PALMA";"NE_0001";"";"NE_0001";"NE_0001";"NE_0001";"NE_0001";"NE_0001";"NE_0001";"NE_0001"
"2023";"03";"060610";"CAJAMARCA";"CUTERVO";"SAN LUIS DE LUCMA";"GOBIERNO REGIONAL";"I-1";"00005039";"SANTO DOMINGO DE LA LUCMA";"NE_0001";"";"NE_0001";"NE_0001";"NE_0001";"NE_0001";"NE_0001";"NE_0001";"NE_0001"
"2023";"04";"050503";"AYACUCHO";"LA MAR";"AYNA";"GOBIERNO REGIONAL";"II-1";"00003754";"HOSPITAL DE APOYO SAN FRANCISCO";"240100";"HOSPITALIZACIÓN QUIRÚRGICA CIRUGÍA GENERAL ";"34";"33";"115";"126";"5";"150";"0"
"2023";"04";"050503";"AYACUCHO";"LA MAR";"AYNA";"GOBIERNO REGIONAL";"II-1";"00003754";"HOSPITAL DE APOYO SAN FRANCISCO";"241400";"HOSPITALIZACIÓN QUIRÚRGICA GINECO - OBSTETRICIA ";"62";"60";"137";"196";"10";"300";"0"
"2023";"04";"050503";"AYACUCHO";"LA MAR";"AYNA";"GOBIERNO REGIONAL";"II-1";"00003754";"HOSPITAL DE APOYO SAN FRANCISCO";"241800";"HOSPITALIZACIÓN DE MEDICINA MEDICINA GENERAL ";"44";"42";"178";"165";"7";"210";"1"
"2023";"04";"050503";"AYACUCHO";"LA MAR";"AYNA";"GOBIERNO REGIONAL";"II-1";"00003754";"HOSPITAL DE APOYO SAN FRANCISCO";"242200";"HOSPITALIZACIÓN DE MEDICINA PSIQUIATRÍA ";"11";"9";"204";"203";"8";"240";"0"
"2023";"04";"050503";"AYACUCHO";"LA MAR";"AYNA";"GOBIERNO REGIONAL";"II-1";"00003754";"HOSPITAL DE APOYO SAN FRANCISCO";"242500";"HOSPITALIZACIÓN-PEDIATRÍA GENERAL-";"20";"17";"79";"128";"5";"150";"0"
"2023";"04";"050503";"AYACUCHO";"LA MAR";"AYNA";"GOBIERNO REGIONAL";"II-1";"00003754";"HOSPITAL DE APOYO SAN FRANCISCO";"243200";"HOSPITALIZACIÓN DE PEDIATRÍA PEDIATRIA NEONATOLOGÍA";"14";"14";"49";"84";"5";"151";"0"
"2023";"04";"150125";"LIMA";"LIMA";"PUENTE PIEDRA";"SANIDAD DE LA POLICIA NACIONAL DEL PERU";"I-2";"00012923";"POSTA MEDICA POLICIAL ETS  ESCUELA PUENTE PIEDRA";"NE_0002";"";"NE_0002";"NE_0002";"NE_0002";"NE_0002";"NE_0002";"NE_0002";"NE_0002"
"2023";"04";"150130";"LIMA";"LIMA";"SAN BORJA";"PRIVADO";"II-E";"00018626";"OFTALMICA S.A";"NE_0001";"";"NE_0001";"NE_0001";"NE_0001";"NE_0001";"NE_0001";"NE_0001";"NE_0001"
"2023";"04";"220201";"SAN MARTIN";"BELLAVISTA";"BELLAVISTA";"GOBIERNO REGIONAL";"I-1";"00006513";"HUACHO";"NE_0001";"";"NE_0001";"NE_0001";"NE_0001";"NE_0001";"NE_0001";"NE_0001";"NE_0001"
"2023";"04";"220201";"SAN MARTIN";"BELLAVISTA";"BELLAVISTA";"GOBIERNO REGIONAL";"I-1";"00006505";"LIMON";"NE_0001";"";"NE_0001";"NE_0001";"NE_0001";"NE_0001";"NE_0001";"NE_0001";"NE_0001"
"2023";"04";"210101";"PUNO";"PUNO";"PUNO";"GOBIERNO REGIONAL";"II-2";"00003251";"HOSPITAL REGIONAL MANUEL NUÑEZ BUTRON";"240100";"HOSPITALIZACIÓN QUIRÚRGICA CIRUGÍA GENERAL ";"70";"83";"348";"429";"34";"1020";"1"
"2023";"04";"210101";"PUNO";"PUNO";"PUNO";"GOBIERNO REGIONAL";"II-2";"00003251";"HOSPITAL REGIONAL MANUEL NUÑEZ BUTRON";"240700";"HOSPITALIZACIÓN QUIRÚRGICA CIRUGÍA PEDIÁTRICA ";"11";"11";"44";"55";"3";"90";"0"
"2023";"04";"210101";"PUNO";"PUNO";"PUNO";"GOBIERNO REGIONAL";"II-2";"00003251";"HOSPITAL REGIONAL MANUEL NUÑEZ BUTRON";"240900";"HOSPITALIZACIÓN QUIRÚRGICA NEUROCIRUGÍA ";"8";"12";"115";"127";"12";"360";"2"
"2023";"04";"210101";"PUNO";"PUNO";"PUNO";"GOBIERNO REGIONAL";"II-2";"00003251";"HOSPITAL REGIONAL MANUEL NUÑEZ BUTRON";"241200";"HOSPITALIZACIÓN QUIRÚRGICA TRAUMATOLOGÍA Y ORTOPEDIA ";"20";"26";"212";"238";"14";"420";"0"
"2023";"04";"210101";"PUNO";"PUNO";"PUNO";"GOBIERNO REGIONAL";"II-2";"00003251";"HOSPITAL REGIONAL MANUEL NUÑEZ BUTRON";"241300";"HOSPITALIZACIÓN QUIRÚRGICA UROLOGÍA  ";"1";"2";"14";"16";"2";"60";"0"
"2023";"04";"210101";"PUNO";"PUNO";"PUNO";"GOBIERNO REGIONAL";"II-2";"00003251";"HOSPITAL REGIONAL MANUEL NUÑEZ BUTRON";"241500";"HOSPITALIZACIÓN QUIRÚRGICA GINECOLOGÍA  ";"9";"10";"36";"44";"3";"90";"0"
"2023";"04";"210101";"PUNO";"PUNO";"PUNO";"GOBIERNO REGIONAL";"II-2";"00003251";"HOSPITAL REGIONAL MANUEL NUÑEZ BUTRON";"241600";"HOSPITALIZACIÓN QUIRÚRGICA OBSTETRICIA   ";"154";"165";"298";"458";"19";"570";"0"
"2023";"04";"210101";"PUNO";"PUNO";"PUNO";"GOBIERNO REGIONAL";"II-2";"00003251";"HOSPITAL REGIONAL MANUEL NUÑEZ BUTRON";"241800";"HOSPITALIZACIÓN DE MEDICINA MEDICINA GENERAL ";"58";"69";"309";"374";"27";"810";"5"
"2023";"04";"210101";"PUNO";"PUNO";"PUNO";"GOBIERNO REGIONAL";"II-2";"00003251";"HOSPITAL REGIONAL MANUEL NUÑEZ BUTRON";"241900";"HOSPITALIZACIÓN DE MEDICINA MEDICINA INTERNA ";"32";"40";"196";"234";"21";"630";"7"
"2023";"04";"210101";"PUNO";"PUNO";"PUNO";"GOBIERNO REGIONAL";"II-2";"00003251";"HOSPITAL REGIONAL MANUEL NUÑEZ BUTRON";"242500";"HOSPITALIZACIÓN-PEDIATRÍA GENERAL-";"52";"61";"339";"369";"27";"810";"0"
"2023";"04";"210101";"PUNO";"PUNO";"PUNO";"GOBIERNO REGIONAL";"II-2";"00003251";"HOSPITAL REGIONAL MANUEL NUÑEZ BUTRON";"243200";"HOSPITALIZACIÓN DE PEDIATRÍA PEDIATRIA NEONATOLOGÍA";"67";"76";"342";"418";"28";"840";"2"
"2023";"04";"210101";"PUNO";"PUNO";"PUNO";"GOBIERNO REGIONAL";"II-2";"00003251";"HOSPITAL REGIONAL MANUEL NUÑEZ BUTRON";"250103";"UNIDAD DE CUIDADOS CRITICOS UNIDAD  DE CUIDADOS INTENSIVOS GENERALES  (UCI) MEDICINA";"8";"11";"74";"33";"5";"150";"3"
"2023";"04";"210101";"PUNO";"PUNO";"PUNO";"GOBIERNO REGIONAL";"II-2";"00003251";"HOSPITAL REGIONAL MANUEL NUÑEZ BUTRON";"244000";"HOSPITALIZACIÓN DE MEDICINA CARDIOLOGIA ";"4";"5";"34";"39";"3";"90";"0"
"2023";"04";"210101";"PUNO";"PUNO";"PUNO";"GOBIERNO REGIONAL";"II-2";"00003251";"HOSPITAL REGIONAL MANUEL NUÑEZ BUTRON";"244700";"HOSPITALIZACIÓN DE MEDICINA NEUROLOGIA  ";"8";"9";"49";"55";"3";"90";"0"
"2023";"04";"210101";"PUNO";"PUNO";"PUNO";"GOBIERNO REGIONAL";"II-2";"00003251";"HOSPITAL REGIONAL MANUEL NUÑEZ BUTRON";"244200";"HOSPITALIZACIÓN DE MEDICINA ENDOCRINOLOGIA ";"8";"10";"60";"70";"3";"90";"2"
"2023";"04";"120707";"JUNIN";"TARMA";"PALCAMAYO";"GOBIERNO REGIONAL";"I-1";"00000530";"RICRICAN CAUQUIRAN";"NE_0001";"";"NE_0001";"NE_0001";"NE_0001";"NE_0001";"NE_0001";"NE_0001";"NE_0001"
"2023";"04";"120707";"JUNIN";"TARMA";"PALCAMAYO";"GOBIERNO REGIONAL";"I-1";"00000528";"YANAPUQUIO";"NE_0001";"";"NE_0001";"NE_0001";"NE_0001";"NE_0001";"NE_0001";"NE_0001";"NE_0001"
"2023";"04";"120707";"JUNIN";"TARMA";"PALCAMAYO";"GOBIERNO REGIONAL";"I-3";"00000527";"PALCAMAYO";"NE_0001";"";"NE_0001";"NE_0001";"NE_0001";"NE_0001";"NE_0001";"NE_0001";"NE_0001"
"2023";"04";"120707";"JUNIN";"TARMA";"PALCAMAYO";"GOBIERNO REGIONAL";"I-1";"00000529";"OCHONGA";"NE_0001";"";"NE_0001";"NE_0001";"NE_0001";"NE_0001";"NE_0001";"NE_0001";"NE_0001"
"2023";"04";"120707";"JUNIN";"TARMA";"PALCAMAYO";"GOBIERNO REGIONAL";"I-1";"00000533";"CALCA";"NE_0001";"";"NE_0001";"NE_0001";"NE_0001";"NE_0001";"NE_0001";"NE_0001";"NE_0001"
"2023";"04";"120707";"JUNIN";"TARMA";"PALCAMAYO";"GOBIERNO REGIONAL";"I-1";"00000531";"INCACHACA YANAMACHAY";"NE_0001";"";"NE_0001";"NE_0001";"NE_0001";"NE_0001";"NE_0001";"NE_0001";"NE_0001"
"2023";"04";"120707";"JUNIN";"TARMA";"PALCAMAYO";"GOBIERNO REGIONAL";"I-1";"00000532";"HUAMANIA";"NE_0001";"";"NE_0001";"NE_0001";"NE_0001";"NE_0001";"NE_0001";"NE_0001";"NE_0001"
"2023";"04";"120703";"JUNIN";"TARMA";"HUARICOLCA";"GOBIERNO REGIONAL";"I-1";"00000596";"APAYCANCHILLA";"NE_0001";"";"NE_0001";"NE_0001";"NE_0001";"NE_0001";"NE_0001";"NE_0001";"NE_0001"
"2023";"04";"220904";"SAN MARTIN";"SAN MARTIN";"CHAZUTA";"GOBIERNO REGIONAL";"I-1";"00006424";"ACHINAMIZA";"NE_0001";"";"NE_0001";"NE_0001";"NE_0001";"NE_0001";"NE_0001";"NE_0001";"NE_0001"
"2023";"04";"220904";"SAN MARTIN";"SAN MARTIN";"CHAZUTA";"GOBIERNO REGIONAL";"I-1";"00006430";"SANTA ROSA DE CHIPAOTA";"NE_0001";"";"NE_0001";"NE_0001";"NE_0001";"NE_0001";"NE_0001";"NE_0001";"NE_0001"
"2023";"04";"220904";"SAN MARTIN";"SAN MARTIN";"CHAZUTA";"GOBIERNO REGIONAL";"I-1";"00006427";"TUNUNTUNUMBA";"NE_0001";"";"NE_0001";"NE_0001";"NE_0001";"NE_0001";"NE_0001";"NE_0001";"NE_0001"
"2023";"04";"220904";"SAN MARTIN";"SAN MARTIN";"CHAZUTA";"GOBIERNO REGIONAL";"I-1";"00006428";"SHILCAYO";"NE_0001";"";"NE_0001";"NE_0001";"NE_0001";"NE_0001";"NE_0001";"NE_0001";"NE_0001"
"2023";"04";"220904";"SAN MARTIN";"SAN MARTIN";"CHAZUTA";"GOBIERNO REGIONAL";"I-4";"00006423";"CHAZUTA";"241600";"HOSPITALIZACIÓN QUIRÚRGICA OBSTETRICIA   ";"13";"17";"17";"17";"5";"105";"0"
"2023";"04";"220904";"SAN MARTIN";"SAN MARTIN";"CHAZUTA";"GOBIERNO REGIONAL";"I-4";"00006423";"CHAZUTA";"241800";"HOSPITALIZACIÓN DE MEDICINA MEDICINA GENERAL ";"4";"4";"7";"7";"5";"105";"0"
"2023";"04";"220904";"SAN MARTIN";"SAN MARTIN";"CHAZUTA";"GOBIERNO REGIONAL";"I-1";"00006429";"CURIYACU";"NE_0001";"";"NE_0001";"NE_0001";"NE_0001";"NE_0001";"NE_0001";"NE_0001";"NE_0001"
"2023";"04";"110301";"ICA";"NAZCA";"NAZCA";"GOBIERNO REGIONAL";"II-1";"00003443";"RICARDO CRUZADO RIVAROLA DE NASCA";"240100";"HOSPITALIZACIÓN QUIRÚRGICA CIRUGÍA GENERAL ";"56";"55";"178";"349";"11";"330";"0"
"2023";"04";"110301";"ICA";"NAZCA";"NAZCA";"GOBIERNO REGIONAL";"II-1";"00003443";"RICARDO CRUZADO RIVAROLA DE NASCA";"241500";"HOSPITALIZACIÓN QUIRÚRGICA GINECOLOGÍA  ";"35";"32";"58";"120";"4";"120";"0"
"2023";"04";"110301";"ICA";"NAZCA";"NAZCA";"GOBIERNO REGIONAL";"II-1";"00003443";"RICARDO CRUZADO RIVAROLA DE NASCA";"241600";"HOSPITALIZACIÓN QUIRÚRGICA OBSTETRICIA   ";"106";"106";"201";"420";"14";"420";"0"
"2023";"04";"110301";"ICA";"NAZCA";"NAZCA";"GOBIERNO REGIONAL";"II-1";"00003443";"RICARDO CRUZADO RIVAROLA DE NASCA";"241800";"HOSPITALIZACIÓN DE MEDICINA MEDICINA GENERAL ";"121";"126";"470";"516";"19";"570";"10"
"2023";"04";"110301";"ICA";"NAZCA";"NAZCA";"GOBIERNO REGIONAL";"II-1";"00003443";"RICARDO CRUZADO RIVAROLA DE NASCA";"242500";"HOSPITALIZACIÓN-PEDIATRÍA GENERAL-";"54";"58";"143";"276";"15";"450";"0"
"2023";"03";"250301";"UCAYALI";"PADRE ABAD";"PADRE ABAD";"GOBIERNO REGIONAL";"I-1";"00030640";"PUESTO DE SALUD YAMINO";"NE_0002";"";"NE_0002";"NE_0002";"NE_0002";"NE_0002";"NE_0002";"NE_0002";"NE_0002"
"2023";"03";"250301";"UCAYALI";"PADRE ABAD";"PADRE ABAD";"GOBIERNO REGIONAL";"I-1";"00030639";"PUESTO DE SALUD VALLE DE SION";"NE_0002";"";"NE_0002";"NE_0002";"NE_0002";"NE_0002";"NE_0002";"NE_0002";"NE_0002"
"2023";"05";"220101";"SAN MARTIN";"MOYOBAMBA";"MOYOBAMBA";"GOBIERNO REGIONAL";"I-1";"00006313";"MARONA";"NE_0002";"";"NE_0002";"NE_0002";"NE_0002";"NE_0002";"NE_0002";"NE_0002";"NE_0002"
"2023";"05";"220101";"SAN MARTIN";"MOYOBAMBA";"MOYOBAMBA";"GOBIERNO REGIONAL";"I-1";"00006707";"CORDILLERA ANDINA";"NE_0002";"";"NE_0002";"NE_0002";"NE_0002";"NE_0002";"NE_0002";"NE_0002";"NE_0002"
"2023";"05";"220101";"SAN MARTIN";"MOYOBAMBA";"MOYOBAMBA";"GOBIERNO REGIONAL";"I-2";"00031276";"LA PRIMAVERA";"NE_0002";"";"NE_0002";"NE_0002";"NE_0002";"NE_0002";"NE_0002";"NE_0002";"NE_0002"
"2023";"05";"220101";"SAN MARTIN";"MOYOBAMBA";"MOYOBAMBA";"GOBIERNO REGIONAL";"I-3";"00006312";"LLUYLLUCUCHA";"NE_0002";"";"NE_0002";"NE_0002";"NE_0002";"NE_0002";"NE_0002";"NE_0002";"NE_0002"
"2023";"05";"220101";"SAN MARTIN";"MOYOBAMBA";"MOYOBAMBA";"GOBIERNO REGIONAL";"I-1";"00006314";"QUILLOALLPA";"NE_0002";"";"NE_0002";"NE_0002";"NE_0002";"NE_0002";"NE_0002";"NE_0002";"NE_0002"
"2023";"05";"220101";"SAN MARTIN";"MOYOBAMBA";"MOYOBAMBA";"GOBIERNO REGIONAL";"I-2";"00006315";"SUGLLAQUIRO";"NE_0002";"";"NE_0002";"NE_0002";"NE_0002";"NE_0002";"NE_0002";"NE_0002";"NE_0002"
"2023";"05";"200601";"PIURA";"SULLANA";"SULLANA";"PRIVADO";"II-1";"00012261";"CLINICA INMACULADA";"240000";"HOSPITALIZACIÓN";"156";"150";"216";"175";"30";"900";"0"
"2023";"01";"120503";"JUNIN";"JUNIN";"ONDORES";"GOBIERNO REGIONAL";"I-1";"00000553";"ATOCSAICO";"NE_0001";"";"NE_0001";"NE_0001";"NE_0001";"NE_0001";"NE_0001";"NE_0001";"NE_0001"
"2023";"01";"120503";"JUNIN";"JUNIN";"ONDORES";"GOBIERNO REGIONAL";"I-1";"00000552";"PARI";"NE_0001";"";"NE_0001";"NE_0001";"NE_0001";"NE_0001";"NE_0001";"NE_0001";"NE_0001"
"2023";"01";"120503";"JUNIN";"JUNIN";"ONDORES";"GOBIERNO REGIONAL";"I-3";"00000551";"ONDORES";"NE_0001";"";"NE_0001";"NE_0001";"NE_0001";"NE_0001";"NE_0001";"NE_0001";"NE_0001"
"2023";"01";"120501";"JUNIN";"JUNIN";"JUNIN";"GOBIERNO REGIONAL";"I-1";"00000550";"SASICUCHO";"NE_0001";"";"NE_0001";"NE_0001";"NE_0001";"NE_0001";"NE_0001";"NE_0001";"NE_0001"
"2023";"05";"120101";"JUNIN";"HUANCAYO";"HUANCAYO";"GOBIERNO REGIONAL";"III-E";"00006615";"HOSPITAL REGIONAL DOCENTE MATERNO INFANTIL EL CARMEN";"241600";"HOSPITALIZACIÓN QUIRÚRGICA OBSTETRICIA   ";"642";"494";"1317";"1446";"65";"1775";"0"
"2023";"05";"120101";"JUNIN";"HUANCAYO";"HUANCAYO";"GOBIERNO REGIONAL";"III-E";"00006615";"HOSPITAL REGIONAL DOCENTE MATERNO INFANTIL EL CARMEN";"250201";"UNIDAD DE CUIDADOS CRITICOS UNIDAD DE CUIDADOS INTERMEDIOS  (UCIN) NEONATAL";"71";"103";"1137";"1194";"42";"1302";"0"
"2023";"05";"120101";"JUNIN";"HUANCAYO";"HUANCAYO";"GOBIERNO REGIONAL";"III-E";"00006615";"HOSPITAL REGIONAL DOCENTE MATERNO INFANTIL EL CARMEN";"240700";"HOSPITALIZACIÓN QUIRÚRGICA CIRUGÍA PEDIÁTRICA ";"73";"70";"307";"311";"13";"394";"0"
"2023";"05";"120101";"JUNIN";"HUANCAYO";"HUANCAYO";"GOBIERNO REGIONAL";"III-E";"00006615";"HOSPITAL REGIONAL DOCENTE MATERNO INFANTIL EL CARMEN";"242300";"HOSPITALIZACIÓN DE PEDIATRÍA  PEDIATRÍA  GENERAL ";"167";"161";"822";"921";"21";"921";"0"
"2023";"05";"120101";"JUNIN";"HUANCAYO";"HUANCAYO";"GOBIERNO REGIONAL";"III-E";"00006615";"HOSPITAL REGIONAL DOCENTE MATERNO INFANTIL EL CARMEN";"241500";"HOSPITALIZACIÓN QUIRÚRGICA GINECOLOGÍA  ";"47";"53";"241";"197";"10";"289";"0"
"2023";"05";"120101";"JUNIN";"HUANCAYO";"HUANCAYO";"GOBIERNO REGIONAL";"III-E";"00006615";"HOSPITAL REGIONAL DOCENTE MATERNO INFANTIL EL CARMEN";"250105";"UNIDAD DE CUIDADOS CRITICOS UNIDAD  DE CUIDADOS INTENSIVOS  (UCI) NEONATOLOGÍA";"23";"6";"29";"362";"12";"372";"6"
"2023";"05";"120101";"JUNIN";"HUANCAYO";"HUANCAYO";"GOBIERNO REGIONAL";"III-E";"00006615";"HOSPITAL REGIONAL DOCENTE MATERNO INFANTIL EL CARMEN";"250108";"UNIDAD DE CUIDADOS CRITICOS UNIDAD  DE CUIDADOS INTENSIVOS  (UCI) PEDIÁTRICA";"6";"3";"13";"112";"3";"112";"3"
"2023";"05";"120101";"JUNIN";"HUANCAYO";"HUANCAYO";"GOBIERNO REGIONAL";"III-E";"00006615";"HOSPITAL REGIONAL DOCENTE MATERNO INFANTIL EL CARMEN";"250202";"UNIDAD DE CUIDADOS CRITICOS UNIDAD DE CUIDADOS INTERMEDIOS  (UCIN) PEDIÁTRICOS";"3";"2";"21";"67";"3";"74";"2"
"2023";"03";"060612";"CAJAMARCA";"CUTERVO";"SANTO DOMINGO DE LA CAPILLA";"GOBIERNO REGIONAL";"I-1";"00006861";"CHAUPECRUZ";"NE_0001";"";"NE_0001";"NE_0001";"NE_0001";"NE_0001";"NE_0001";"NE_0001";"NE_0001"
"2023";"03";"060602";"CAJAMARCA";"CUTERVO";"CALLAYUC";"GOBIERNO REGIONAL";"I-1";"00004963";"SANTA CLARA";"NE_0001";"";"NE_0001";"NE_0001";"NE_0001";"NE_0001";"NE_0001";"NE_0001";"NE_0001"
"2023";"03";"060612";"CAJAMARCA";"CUTERVO";"SANTO DOMINGO DE LA CAPILLA";"GOBIERNO REGIONAL";"I-1";"00005004";"SAN PEDRO DE LA CAPILLA";"NE_0001";"";"NE_0001";"NE_0001";"NE_0001";"NE_0001";"NE_0001";"NE_0001";"NE_0001"
"2023";"03";"060612";"CAJAMARCA";"CUTERVO";"SANTO DOMINGO DE LA CAPILLA";"GOBIERNO REGIONAL";"I-1";"00006960";"PAN DE AZUCAR";"NE_0001";"";"NE_0001";"NE_0001";"NE_0001";"NE_0001";"NE_0001";"NE_0001";"NE_0001"
"2023";"03";"060612";"CAJAMARCA";"CUTERVO";"SANTO DOMINGO DE LA CAPILLA";"GOBIERNO REGIONAL";"I-1";"00007370";"CEDROPAMPA";"NE_0001";"";"NE_0001";"NE_0001";"NE_0001";"NE_0001";"NE_0001";"NE_0001";"NE_0001"
"2023";"03";"060612";"CAJAMARCA";"CUTERVO";"SANTO DOMINGO DE LA CAPILLA";"GOBIERNO REGIONAL";"I-1";"00005005";"SANTA ROSA DE LA CAPILLA";"NE_0001";"";"NE_0001";"NE_0001";"NE_0001";"NE_0001";"NE_0001";"NE_0001";"NE_0001"
"2023";"03";"060612";"CAJAMARCA";"CUTERVO";"SANTO DOMINGO DE LA CAPILLA";"GOBIERNO REGIONAL";"I-1";"00006862";"PALO QUEMADO";"NE_0001";"";"NE_0001";"NE_0001";"NE_0001";"NE_0001";"NE_0001";"NE_0001";"NE_0001"
"2023";"03";"060612";"CAJAMARCA";"CUTERVO";"SANTO DOMINGO DE LA CAPILLA";"GOBIERNO REGIONAL";"I-1";"00006958";"PLAYA HERMOZA";"NE_0001";"";"NE_0001";"NE_0001";"NE_0001";"NE_0001";"NE_0001";"NE_0001";"NE_0001"
"2023";"03";"060612";"CAJAMARCA";"CUTERVO";"SANTO DOMINGO DE LA CAPILLA";"GOBIERNO REGIONAL";"I-3";"00005002";"STO. DOMINGO DE LA CAPILLA";"NE_0001";"";"NE_0001";"NE_0001";"NE_0001";"NE_0001";"NE_0001";"NE_0001";"NE_0001"
"2023";"03";"060612";"CAJAMARCA";"CUTERVO";"SANTO DOMINGO DE LA CAPILLA";"GOBIERNO REGIONAL";"I-1";"00005003";"MIRAFLORES";"NE_0001";"";"NE_0001";"NE_0001";"NE_0001";"NE_0001";"NE_0001";"NE_0001";"NE_0001"
"2023";"03";"060612";"CAJAMARCA";"CUTERVO";"SANTO DOMINGO DE LA CAPILLA";"GOBIERNO REGIONAL";"I-1";"00006863";"NARANJOS";"NE_0001";"";"NE_0001";"NE_0001";"NE_0001";"NE_0001";"NE_0001";"NE_0001";"NE_0001"
"2023";"03";"060612";"CAJAMARCA";"CUTERVO";"SANTO DOMINGO DE LA CAPILLA";"GOBIERNO REGIONAL";"I-1";"00006864";"NARANJOYACU";"NE_0001";"";"NE_0001";"NE_0001";"NE_0001";"NE_0001";"NE_0001";"NE_0001";"NE_0001"
"2023";"03";"060612";"CAJAMARCA";"CUTERVO";"SANTO DOMINGO DE LA CAPILLA";"GOBIERNO REGIONAL";"I-1";"00008924";"NUEVO ORIENTE DE LA CAPILLA";"NE_0001";"";"NE_0001";"NE_0001";"NE_0001";"NE_0001";"NE_0001";"NE_0001";"NE_0001"
"2023";"03";"090301";"HUANCAVELICA";"ANGARAES";"LIRCAY";"GOBIERNO REGIONAL";"II-1";"00003943";"HOSPITAL DE LIRCAY";"240100";"HOSPITALIZACIÓN QUIRÚRGICA CIRUGÍA GENERAL ";"16";"17";"53";"16";"6";"186";"0"
"2023";"03";"090301";"HUANCAVELICA";"ANGARAES";"LIRCAY";"GOBIERNO REGIONAL";"II-1";"00003943";"HOSPITAL DE LIRCAY";"245400";"HOSPITALIZACIÓN DE MEDICINA GINECOLOGIA ";"78";"82";"149";"78";"9";"279";"0"
"2023";"03";"090301";"HUANCAVELICA";"ANGARAES";"LIRCAY";"GOBIERNO REGIONAL";"II-1";"00003943";"HOSPITAL DE LIRCAY";"242300";"HOSPITALIZACIÓN DE PEDIATRÍA  PEDIATRÍA  GENERAL ";"6";"6";"15";"6";"3";"93";"1"
"2023";"03";"090301";"HUANCAVELICA";"ANGARAES";"LIRCAY";"GOBIERNO REGIONAL";"II-1";"00003943";"HOSPITAL DE LIRCAY";"241800";"HOSPITALIZACIÓN DE MEDICINA MEDICINA GENERAL ";"10";"11";"53";"10";"26";"806";"0"
"2023";"04";"150110";"LIMA";"LIMA";"COMAS";"PRIVADO";"I-3";"00025575";"CENTRO CLÍNICO SAN NICOLAS";"NE_0001";"";"NE_0001";"NE_0001";"NE_0001";"NE_0001";"NE_0001";"NE_0001";"NE_0001"
"2023";"04";"110101";"ICA";"ICA";"ICA";"GOBIERNO REGIONAL";"II-2";"00003358";"HOSPITAL REGIONAL DE ICA";"240100";"HOSPITALIZACIÓN QUIRÚRGICA CIRUGÍA GENERAL ";"115";"164";"1648";"1768";"63";"1890";"6"
"2023";"04";"110101";"ICA";"ICA";"ICA";"GOBIERNO REGIONAL";"II-2";"00003358";"HOSPITAL REGIONAL DE ICA";"241500";"HOSPITALIZACIÓN QUIRÚRGICA GINECOLOGÍA  ";"52";"59";"189";"230";"15";"450";"0"
"2023";"04";"110101";"ICA";"ICA";"ICA";"GOBIERNO REGIONAL";"II-2";"00003358";"HOSPITAL REGIONAL DE ICA";"241600";"HOSPITALIZACIÓN QUIRÚRGICA OBSTETRICIA   ";"262";"282";"590";"707";"26";"780";"0"
"2023";"04";"110101";"ICA";"ICA";"ICA";"GOBIERNO REGIONAL";"II-2";"00003358";"HOSPITAL REGIONAL DE ICA";"241900";"HOSPITALIZACIÓN DE MEDICINA MEDICINA INTERNA ";"113";"157";"1327";"1449";"134";"4020";"10"
"2023";"04";"110101";"ICA";"ICA";"ICA";"GOBIERNO REGIONAL";"II-2";"00003358";"HOSPITAL REGIONAL DE ICA";"242500";"HOSPITALIZACIÓN-PEDIATRÍA GENERAL-";"75";"86";"101";"198";"7";"210";"0"
"2023";"04";"110101";"ICA";"ICA";"ICA";"GOBIERNO REGIONAL";"II-2";"00003358";"HOSPITAL REGIONAL DE ICA";"243200";"HOSPITALIZACIÓN DE PEDIATRÍA PEDIATRIA NEONATOLOGÍA";"25";"35";"246";"263";"12";"360";"0"
"2023";"04";"110101";"ICA";"ICA";"ICA";"GOBIERNO REGIONAL";"II-2";"00003358";"HOSPITAL REGIONAL DE ICA";"250103";"UNIDAD DE CUIDADOS CRITICOS UNIDAD  DE CUIDADOS INTENSIVOS GENERALES  (UCI) MEDICINA";"2";"7";"140";"122";"10";"300";"7"
"2023";"04";"110101";"ICA";"ICA";"ICA";"GOBIERNO REGIONAL";"II-2";"00003358";"HOSPITAL REGIONAL DE ICA";"250108";"UNIDAD DE CUIDADOS CRITICOS UNIDAD  DE CUIDADOS INTENSIVOS  (UCI) PEDIÁTRICA";"2";"2";"2";"2";"5";"150";"0"
"2023";"04";"211101";"PUNO";"SAN ROMAN";"JULIACA";"ESSALUD";"II-2";"00009899";"HOSPITAL BASE III JULIACA - ESSALUD - RED ASISTENCIAL JULIACA";"241900";"HOSPITALIZACIÓN DE MEDICINA MEDICINA INTERNA ";"46";"46";"339";"339";"13";"390";"3"
"2023";"04";"211101";"PUNO";"SAN ROMAN";"JULIACA";"ESSALUD";"II-2";"00009899";"HOSPITAL BASE III JULIACA - ESSALUD - RED ASISTENCIAL JULIACA";"244000";"HOSPITALIZACIÓN DE MEDICINA CARDIOLOGIA ";"2";"4";"34";"34";"2";"60";"1"
"2023";"04";"211101";"PUNO";"SAN ROMAN";"JULIACA";"ESSALUD";"II-2";"00009899";"HOSPITAL BASE III JULIACA - ESSALUD - RED ASISTENCIAL JULIACA";"244300";"HOSPITALIZACIÓN DE MEDICINA GASTROENTEROLOGÍA  ";"18";"17";"100";"100";"4";"120";"1"
"2023";"04";"211101";"PUNO";"SAN ROMAN";"JULIACA";"ESSALUD";"II-2";"00009899";"HOSPITAL BASE III JULIACA - ESSALUD - RED ASISTENCIAL JULIACA";"244700";"HOSPITALIZACIÓN DE MEDICINA NEUROLOGIA  ";"6";"8";"54";"54";"2";"60";"0"
"2023";"04";"211101";"PUNO";"SAN ROMAN";"JULIACA";"ESSALUD";"II-2";"00009899";"HOSPITAL BASE III JULIACA - ESSALUD - RED ASISTENCIAL JULIACA";"244600";"HOSPITALIZACIÓN DE MEDICINA NEFROLOGIA ";"4";"3";"15";"15";"1";"30";"0"
"2023";"04";"211101";"PUNO";"SAN ROMAN";"JULIACA";"ESSALUD";"II-2";"00009899";"HOSPITAL BASE III JULIACA - ESSALUD - RED ASISTENCIAL JULIACA";"245300";"HOSPITALIZACIÓN DE MEDICINA NEUMOLOGÍA  ";"12";"12";"98";"98";"8";"240";"0"
"2023";"04";"211101";"PUNO";"SAN ROMAN";"JULIACA";"ESSALUD";"II-2";"00009899";"HOSPITAL BASE III JULIACA - ESSALUD - RED ASISTENCIAL JULIACA";"245500";"HOSPITALIZACIÓN DE MEDICINA REUMATOLOGÍA    ";"1";"1";"2";"2";"1";"30";"0"
"2023";"04";"211101";"PUNO";"SAN ROMAN";"JULIACA";"ESSALUD";"II-2";"00009899";"HOSPITAL BASE III JULIACA - ESSALUD - RED ASISTENCIAL JULIACA";"240100";"HOSPITALIZACIÓN QUIRÚRGICA CIRUGÍA GENERAL ";"87";"96";"287";"287";"10";"300";"0"
"2023";"04";"211101";"PUNO";"SAN ROMAN";"JULIACA";"ESSALUD";"II-2";"00009899";"HOSPITAL BASE III JULIACA - ESSALUD - RED ASISTENCIAL JULIACA";"240900";"HOSPITALIZACIÓN QUIRÚRGICA NEUROCIRUGÍA ";"7";"13";"60";"60";"2";"60";"0"
"2023";"04";"211101";"PUNO";"SAN ROMAN";"JULIACA";"ESSALUD";"II-2";"00009899";"HOSPITAL BASE III JULIACA - ESSALUD - RED ASISTENCIAL JULIACA";"241200";"HOSPITALIZACIÓN QUIRÚRGICA TRAUMATOLOGÍA Y ORTOPEDIA ";"23";"23";"120";"120";"4";"120";"0"
"2023";"04";"211101";"PUNO";"SAN ROMAN";"JULIACA";"ESSALUD";"II-2";"00009899";"HOSPITAL BASE III JULIACA - ESSALUD - RED ASISTENCIAL JULIACA";"241100";"HOSPITALIZACIÓN QUIRÚRGICA OTORRINOLARINGOLOGÍA  ";"10";"10";"25";"25";"1";"30";"0"
"2023";"04";"211101";"PUNO";"SAN ROMAN";"JULIACA";"ESSALUD";"II-2";"00009899";"HOSPITAL BASE III JULIACA - ESSALUD - RED ASISTENCIAL JULIACA";"241300";"HOSPITALIZACIÓN QUIRÚRGICA UROLOGÍA  ";"7";"4";"19";"19";"3";"90";"0"
"2023";"04";"211101";"PUNO";"SAN ROMAN";"JULIACA";"ESSALUD";"II-2";"00009899";"HOSPITAL BASE III JULIACA - ESSALUD - RED ASISTENCIAL JULIACA";"241400";"HOSPITALIZACIÓN QUIRÚRGICA GINECO - OBSTETRICIA ";"150";"151";"439";"439";"18";"540";"0"
"2023";"04";"211101";"PUNO";"SAN ROMAN";"JULIACA";"ESSALUD";"II-2";"00009899";"HOSPITAL BASE III JULIACA - ESSALUD - RED ASISTENCIAL JULIACA";"242300";"HOSPITALIZACIÓN DE PEDIATRÍA  PEDIATRÍA  GENERAL ";"69";"64";"257";"257";"16";"480";"0"
"2023";"04";"211101";"PUNO";"SAN ROMAN";"JULIACA";"ESSALUD";"II-2";"00009899";"HOSPITAL BASE III JULIACA - ESSALUD - RED ASISTENCIAL JULIACA";"243200";"HOSPITALIZACIÓN DE PEDIATRÍA PEDIATRIA NEONATOLOGÍA";"77";"85";"270";"270";"9";"270";"0"
"2023";"04";"211101";"PUNO";"SAN ROMAN";"JULIACA";"ESSALUD";"II-2";"00009899";"HOSPITAL BASE III JULIACA - ESSALUD - RED ASISTENCIAL JULIACA";"250100";"UNIDAD DE CUIDADOS CRITICOS UNIDAD  DE CUIDADOS INTENSIVOS GENERALES (UCI) ";"6";"3";"16";"16";"3";"90";"2"
"2023";"04";"220401";"SAN MARTIN";"HUALLAGA";"SAPOSOA";"GOBIERNO REGIONAL";"I-1";"00006534";"SAN ANDRES";"NE_0001";"";"NE_0001";"NE_0001";"NE_0001";"NE_0001";"NE_0001";"NE_0001";"NE_0001"
"2023";"04";"220401";"SAN MARTIN";"HUALLAGA";"SAPOSOA";"GOBIERNO REGIONAL";"I-1";"00006535";"SAN REGIS";"NE_0001";"";"NE_0001";"NE_0001";"NE_0001";"NE_0001";"NE_0001";"NE_0001";"NE_0001"
"2023";"04";"220401";"SAN MARTIN";"HUALLAGA";"SAPOSOA";"GOBIERNO REGIONAL";"I-3";"00006538";"EL DORADO";"NE_0001";"";"NE_0001";"NE_0001";"NE_0001";"NE_0001";"NE_0001";"NE_0001";"NE_0001"
"2023";"04";"220402";"SAN MARTIN";"HUALLAGA";"ALTO SAPOSOA";"GOBIERNO REGIONAL";"I-1";"00006540";"NUEVA VIDA";"NE_0001";"";"NE_0001";"NE_0001";"NE_0001";"NE_0001";"NE_0001";"NE_0001";"NE_0001"
"2023";"04";"220401";"SAN MARTIN";"HUALLAGA";"SAPOSOA";"GOBIERNO REGIONAL";"I-1";"00006531";"ALMENDRAS";"NE_0001";"";"NE_0001";"NE_0001";"NE_0001";"NE_0001";"NE_0001";"NE_0001";"NE_0001"
"2023";"04";"220404";"SAN MARTIN";"HUALLAGA";"PISCOYACU";"GOBIERNO REGIONAL";"I-1";"00006533";"PISCOYACU";"NE_0001";"";"NE_0001";"NE_0001";"NE_0001";"NE_0001";"NE_0001";"NE_0001";"NE_0001"
"2023";"04";"220401";"SAN MARTIN";"HUALLAGA";"SAPOSOA";"GOBIERNO REGIONAL";"I-1";"00021587";"ALTO PACHIZA";"NE_0001";"";"NE_0001";"NE_0001";"NE_0001";"NE_0001";"NE_0001";"NE_0001";"NE_0001"
"2023";"04";"220401";"SAN MARTIN";"HUALLAGA";"SAPOSOA";"GOBIERNO REGIONAL";"I-1";"00006532";"PALTAICO";"NE_0001";"";"NE_0001";"NE_0001";"NE_0001";"NE_0001";"NE_0001";"NE_0001";"NE_0001"
"2023";"04";"220401";"SAN MARTIN";"HUALLAGA";"SAPOSOA";"GOBIERNO REGIONAL";"I-1";"00006530";"7 DE JUNIO-AHUIHUA";"NE_0001";"";"NE_0001";"NE_0001";"NE_0001";"NE_0001";"NE_0001";"NE_0001";"NE_0001"
"2023";"04";"220402";"SAN MARTIN";"HUALLAGA";"ALTO SAPOSOA";"GOBIERNO REGIONAL";"I-1";"00006541";"YACUSISA";"NE_0001";"";"NE_0001";"NE_0001";"NE_0001";"NE_0001";"NE_0001";"NE_0001";"NE_0001"
"2023";"04";"220401";"SAN MARTIN";"HUALLAGA";"SAPOSOA";"GOBIERNO REGIONAL";"I-1";"00006536";"INTIYACU";"NE_0001";"";"NE_0001";"NE_0001";"NE_0001";"NE_0001";"NE_0001";"NE_0001";"NE_0001"
"2023";"04";"220401";"SAN MARTIN";"HUALLAGA";"SAPOSOA";"GOBIERNO REGIONAL";"I-1";"00006537";"CHAMBIRA";"NE_0001";"";"NE_0001";"NE_0001";"NE_0001";"NE_0001";"NE_0001";"NE_0001";"NE_0001"
"2023";"04";"220402";"SAN MARTIN";"HUALLAGA";"ALTO SAPOSOA";"GOBIERNO REGIONAL";"I-2";"00006539";"PASARRAYA";"NE_0001";"";"NE_0001";"NE_0001";"NE_0001";"NE_0001";"NE_0001";"NE_0001";"NE_0001"
"2023";"04";"220401";"SAN MARTIN";"HUALLAGA";"SAPOSOA";"GOBIERNO REGIONAL";"I-1";"00026163";"AGUA AZUL";"NE_0001";"";"NE_0001";"NE_0001";"NE_0001";"NE_0001";"NE_0001";"NE_0001";"NE_0001"
"2023";"05";"070106";"CALLAO";"CALLAO";"VENTANILLA";"GOBIERNO REGIONAL";"I-2";"00006263";"PUESTO DE SALUD  SANTA ROSA DE PACHACUTEC";"NE_0001";"";"NE_0001";"NE_0001";"NE_0001";"NE_0001";"NE_0001";"NE_0001";"NE_0001"
"2023";"05";"070106";"CALLAO";"CALLAO";"VENTANILLA";"GOBIERNO REGIONAL";"I-2";"00006266";"PUESTO DE SALUD 3 DE FEBRERO";"NE_0001";"";"NE_0001";"NE_0001";"NE_0001";"NE_0001";"NE_0001";"NE_0001";"NE_0001"
"2023";"05";"070106";"CALLAO";"CALLAO";"VENTANILLA";"GOBIERNO REGIONAL";"I-2";"00006267";"PUESTO DE SALUD CIUDAD PACHACUTEC";"NE_0001";"";"NE_0001";"NE_0001";"NE_0001";"NE_0001";"NE_0001";"NE_0001";"NE_0001"
"2023";"05";"070106";"CALLAO";"CALLAO";"VENTANILLA";"GOBIERNO REGIONAL";"I-2";"00006264";"PUESTO DE SALUD BAHÍA BLANCA";"NE_0001";"";"NE_0001";"NE_0001";"NE_0001";"NE_0001";"NE_0001";"NE_0001";"NE_0001"
"2023";"01";"150117";"LIMA";"LIMA";"LOS OLIVOS";"PRIVADO";"II-E";"00012106";"CLINICA MEDICA PRIMAVERA";"240000";"HOSPITALIZACIÓN";"11";"11";"21";"19";"5";"155";"0"
"2023";"06";"040701";"AREQUIPA";"ISLAY";"MOLLENDO";"SANIDAD DE LA POLICIA NACIONAL DEL PERU";"I-2";"00017336";"IX MACRO REGION DE SANIDAD POLICIAL  AREQUIPA / HOSREPOL AREQUIPA/ POSTA MEDICA POLICIAL ISLAY";"NE_0001";"";"NE_0001";"NE_0001";"NE_0001";"NE_0001";"NE_0001";"NE_0001";"NE_0001"
"2023";"06";"130701";"LA LIBERTAD";"PACASMAYO";"SAN PEDRO DE LLOC";"ESSALUD";"I-2";"00012097";"POSTA DE SALUD SAN PEDRO DE LLOC";"NE_0001";"";"NE_0001";"NE_0001";"NE_0001";"NE_0001";"NE_0001";"NE_0001";"NE_0001"
"2023";"06";"210101";"PUNO";"PUNO";"PUNO";"GOBIERNO REGIONAL";"II-2";"00003251";"HOSPITAL REGIONAL MANUEL NUÑEZ BUTRON";"240100";"HOSPITALIZACIÓN QUIRÚRGICA CIRUGÍA GENERAL ";"94";"107";"507";"613";"34";"1020";"2"
"2023";"06";"210101";"PUNO";"PUNO";"PUNO";"GOBIERNO REGIONAL";"II-2";"00003251";"HOSPITAL REGIONAL MANUEL NUÑEZ BUTRON";"240700";"HOSPITALIZACIÓN QUIRÚRGICA CIRUGÍA PEDIÁTRICA ";"4";"7";"30";"37";"3";"90";"0"
"2023";"06";"210101";"PUNO";"PUNO";"PUNO";"GOBIERNO REGIONAL";"II-2";"00003251";"HOSPITAL REGIONAL MANUEL NUÑEZ BUTRON";"240900";"HOSPITALIZACIÓN QUIRÚRGICA NEUROCIRUGÍA ";"5";"11";"145";"156";"12";"360";"2"
"2023";"06";"210101";"PUNO";"PUNO";"PUNO";"GOBIERNO REGIONAL";"II-2";"00003251";"HOSPITAL REGIONAL MANUEL NUÑEZ BUTRON";"241200";"HOSPITALIZACIÓN QUIRÚRGICA TRAUMATOLOGÍA Y ORTOPEDIA ";"22";"30";"180";"210";"14";"420";"1"
"2023";"06";"210101";"PUNO";"PUNO";"PUNO";"GOBIERNO REGIONAL";"II-2";"00003251";"HOSPITAL REGIONAL MANUEL NUÑEZ BUTRON";"241300";"HOSPITALIZACIÓN QUIRÚRGICA UROLOGÍA  ";"1";"3";"33";"36";"2";"60";"0"
"2023";"06";"210101";"PUNO";"PUNO";"PUNO";"GOBIERNO REGIONAL";"II-2";"00003251";"HOSPITAL REGIONAL MANUEL NUÑEZ BUTRON";"241500";"HOSPITALIZACIÓN QUIRÚRGICA GINECOLOGÍA  ";"7";"10";"22";"27";"3";"90";"0"
"2023";"06";"210101";"PUNO";"PUNO";"PUNO";"GOBIERNO REGIONAL";"II-2";"00003251";"HOSPITAL REGIONAL MANUEL NUÑEZ BUTRON";"241600";"HOSPITALIZACIÓN QUIRÚRGICA OBSTETRICIA   ";"170";"179";"340";"442";"19";"570";"0"
"2023";"06";"210101";"PUNO";"PUNO";"PUNO";"GOBIERNO REGIONAL";"II-2";"00003251";"HOSPITAL REGIONAL MANUEL NUÑEZ BUTRON";"241800";"HOSPITALIZACIÓN DE MEDICINA MEDICINA GENERAL ";"57";"63";"293";"353";"27";"810";"8"
"2023";"06";"210101";"PUNO";"PUNO";"PUNO";"GOBIERNO REGIONAL";"II-2";"00003251";"HOSPITAL REGIONAL MANUEL NUÑEZ BUTRON";"241900";"HOSPITALIZACIÓN DE MEDICINA MEDICINA INTERNA ";"52";"66";"299";"362";"21";"630";"4"
"2023";"06";"210101";"PUNO";"PUNO";"PUNO";"GOBIERNO REGIONAL";"II-2";"00003251";"HOSPITAL REGIONAL MANUEL NUÑEZ BUTRON";"242100";"HOSPITALIZACIÓN DE MEDICINA ONCOLOGÍA MÉDICA ";"1";"1";"2";"3";"1";"30";"0"
"2023";"06";"210101";"PUNO";"PUNO";"PUNO";"GOBIERNO REGIONAL";"II-2";"00003251";"HOSPITAL REGIONAL MANUEL NUÑEZ BUTRON";"242200";"HOSPITALIZACIÓN DE MEDICINA PSIQUIATRÍA ";"1";"1";"7";"25";"1";"30";"0"
"2023";"06";"210101";"PUNO";"PUNO";"PUNO";"GOBIERNO REGIONAL";"II-2";"00003251";"HOSPITAL REGIONAL MANUEL NUÑEZ BUTRON";"242500";"HOSPITALIZACIÓN-PEDIATRÍA GENERAL-";"78";"96";"575";"666";"27";"810";"2"
"2023";"06";"210101";"PUNO";"PUNO";"PUNO";"GOBIERNO REGIONAL";"II-2";"00003251";"HOSPITAL REGIONAL MANUEL NUÑEZ BUTRON";"243200";"HOSPITALIZACIÓN DE PEDIATRÍA PEDIATRIA NEONATOLOGÍA";"56";"68";"481";"546";"28";"840";"3"
"2023";"06";"210101";"PUNO";"PUNO";"PUNO";"GOBIERNO REGIONAL";"II-2";"00003251";"HOSPITAL REGIONAL MANUEL NUÑEZ BUTRON";"250103";"UNIDAD DE CUIDADOS CRITICOS UNIDAD  DE CUIDADOS INTENSIVOS GENERALES  (UCI) MEDICINA";"8";"12";"98";"110";"4";"120";"1"
"2023";"06";"210101";"PUNO";"PUNO";"PUNO";"GOBIERNO REGIONAL";"II-2";"00003251";"HOSPITAL REGIONAL MANUEL NUÑEZ BUTRON";"244000";"HOSPITALIZACIÓN DE MEDICINA CARDIOLOGIA ";"4";"4";"10";"14";"2";"60";"0"
"2023";"06";"210101";"PUNO";"PUNO";"PUNO";"GOBIERNO REGIONAL";"II-2";"00003251";"HOSPITAL REGIONAL MANUEL NUÑEZ BUTRON";"244700";"HOSPITALIZACIÓN DE MEDICINA NEUROLOGIA  ";"8";"10";"42";"51";"4";"120";"0"
"2023";"06";"210101";"PUNO";"PUNO";"PUNO";"GOBIERNO REGIONAL";"II-2";"00003251";"HOSPITAL REGIONAL MANUEL NUÑEZ BUTRON";"244300";"HOSPITALIZACIÓN DE MEDICINA GASTROENTEROLOGÍA  ";"5";"5";"14";"19";"1";"30";"1"
"2023";"06";"210101";"PUNO";"PUNO";"PUNO";"GOBIERNO REGIONAL";"II-2";"00003251";"HOSPITAL REGIONAL MANUEL NUÑEZ BUTRON";"244600";"HOSPITALIZACIÓN DE MEDICINA NEFROLOGIA ";"0";"2";"20";"22";"1";"30";"0"
"2023";"06";"210101";"PUNO";"PUNO";"PUNO";"GOBIERNO REGIONAL";"II-2";"00003251";"HOSPITAL REGIONAL MANUEL NUÑEZ BUTRON";"244200";"HOSPITALIZACIÓN DE MEDICINA ENDOCRINOLOGIA ";"3";"3";"22";"25";"3";"90";"0"
"2023";"05";"250301";"UCAYALI";"PADRE ABAD";"PADRE ABAD";"GOBIERNO REGIONAL";"I-2";"00005400";"HUIPOCA";"NE_0001";"";"NE_0001";"NE_0001";"NE_0001";"NE_0001";"NE_0001";"NE_0001";"NE_0001"
"2023";"05";"250301";"UCAYALI";"PADRE ABAD";"PADRE ABAD";"GOBIERNO REGIONAL";"I-2";"00005399";"BOQUERON";"NE_0001";"";"NE_0001";"NE_0001";"NE_0001";"NE_0001";"NE_0001";"NE_0001";"NE_0001"
"2023";"05";"250301";"UCAYALI";"PADRE ABAD";"PADRE ABAD";"GOBIERNO REGIONAL";"I-1";"00005398";"ALTO AGUAYTIA.";"NE_0001";"";"NE_0001";"NE_0001";"NE_0001";"NE_0001";"NE_0001";"NE_0001";"NE_0001"
"2023";"05";"250301";"UCAYALI";"PADRE ABAD";"PADRE ABAD";"GOBIERNO REGIONAL";"I-1";"00005397";"3 DE OCTUBRE";"NE_0001";"";"NE_0001";"NE_0001";"NE_0001";"NE_0001";"NE_0001";"NE_0001";"NE_0001"
"2023";"05";"250301";"UCAYALI";"PADRE ABAD";"PADRE ABAD";"GOBIERNO REGIONAL";"I-4";"00005395";"AGUAYTIA";"NE_0002";"";"NE_0002";"NE_0002";"NE_0002";"NE_0002";"NE_0002";"NE_0002";"NE_0002"
"2023";"06";"150121";"LIMA";"LIMA";"PUEBLO LIBRE";"PRIVADO";"II-1";"00010831";"centro Especializado en Odontoestomatología";"NE_0001";"";"NE_0001";"NE_0001";"NE_0001";"NE_0001";"NE_0001";"NE_0001";"NE_0001"
"2023";"07";"120301";"JUNIN";"CHANCHAMAYO";"CHANCHAMAYO";"SANIDAD DE LA POLICIA NACIONAL DEL PERU";"I-2";"00011913";"POSTA MEDICA POLICIAL LA MERCED";"NE_0001";"";"NE_0001";"NE_0001";"NE_0001";"NE_0001";"NE_0001";"NE_0001";"NE_0001"
"2023";"07";"110111";"ICA";"ICA";"SANTIAGO";"ESSALUD";"I-3";"00011968";"SANTA MARGARITA";"NE_0001";"";"NE_0001";"NE_0001";"NE_0001";"NE_0001";"NE_0001";"NE_0001";"NE_0001"
"2023";"07";"070102";"CALLAO";"CALLAO";"BELLAVISTA";"PRIVADO";"II-E";"00018670";"CLINICA G'STAR";"240000";"HOSPITALIZACIÓN";"16";"16";"34";"36";"10";"300";"0"
"2023";"07";"110201";"ICA";"CHINCHA";"CHINCHA ALTA";"PRIVADO";"II-E";"00025160";"CLIN. DANIEL A. CARRION";"NE_0001";"";"NE_0001";"NE_0001";"NE_0001";"NE_0001";"NE_0001";"NE_0001";"NE_0001"
"2023";"07";"060601";"CAJAMARCA";"CUTERVO";"CUTERVO";"GOBIERNO REGIONAL";"I-1";"00004997";"TRIGOPAMPA";"NE_0001";"";"NE_0001";"NE_0001";"NE_0001";"NE_0001";"NE_0001";"NE_0001";"NE_0001"
"2023";"07";"060601";"CAJAMARCA";"CUTERVO";"CUTERVO";"GOBIERNO REGIONAL";"I-1";"00004998";"EL CARDON";"NE_0001";"";"NE_0001";"NE_0001";"NE_0001";"NE_0001";"NE_0001";"NE_0001";"NE_0001"
"2023";"07";"060601";"CAJAMARCA";"CUTERVO";"CUTERVO";"GOBIERNO REGIONAL";"I-1";"00006855";"AULLAN";"NE_0001";"";"NE_0001";"NE_0001";"NE_0001";"NE_0001";"NE_0001";"NE_0001";"NE_0001"
"2023";"07";"060601";"CAJAMARCA";"CUTERVO";"CUTERVO";"GOBIERNO REGIONAL";"I-1";"00007097";"AÑALCATE";"NE_0001";"";"NE_0001";"NE_0001";"NE_0001";"NE_0001";"NE_0001";"NE_0001";"NE_0001"
"2023";"07";"060601";"CAJAMARCA";"CUTERVO";"CUTERVO";"GOBIERNO REGIONAL";"I-2";"00007745";"URCURUME";"NE_0001";"";"NE_0001";"NE_0001";"NE_0001";"NE_0001";"NE_0001";"NE_0001";"NE_0001"
"2023";"07";"060601";"CAJAMARCA";"CUTERVO";"CUTERVO";"GOBIERNO REGIONAL";"I-1";"00008925";"LA LLICA";"NE_0001";"";"NE_0001";"NE_0001";"NE_0001";"NE_0001";"NE_0001";"NE_0001";"NE_0001"
"2023";"07";"060601";"CAJAMARCA";"CUTERVO";"CUTERVO";"GOBIERNO REGIONAL";"I-3";"00006858";"SALOMON VILCHEZ MURGA";"NE_0001";"";"NE_0001";"NE_0001";"NE_0001";"NE_0001";"NE_0001";"NE_0001";"NE_0001"
"2023";"07";"060601";"CAJAMARCA";"CUTERVO";"CUTERVO";"GOBIERNO REGIONAL";"I-2";"00007696";"MAMABAMBA";"NE_0001";"";"NE_0001";"NE_0001";"NE_0001";"NE_0001";"NE_0001";"NE_0001";"NE_0001"
"2023";"07";"060601";"CAJAMARCA";"CUTERVO";"CUTERVO";"GOBIERNO REGIONAL";"I-2";"00004982";"SALABAMBA";"NE_0001";"";"NE_0001";"NE_0001";"NE_0001";"NE_0001";"NE_0001";"NE_0001";"NE_0001"
"2023";"07";"060601";"CAJAMARCA";"CUTERVO";"CUTERVO";"GOBIERNO REGIONAL";"I-1";"00005000";"MUÑUNO";"NE_0001";"";"NE_0001";"NE_0001";"NE_0001";"NE_0001";"NE_0001";"NE_0001";"NE_0001"
"2023";"07";"060601";"CAJAMARCA";"CUTERVO";"CUTERVO";"GOBIERNO REGIONAL";"I-1";"00006834";"LUZPAMPA";"NE_0001";"";"NE_0001";"NE_0001";"NE_0001";"NE_0001";"NE_0001";"NE_0001";"NE_0001"
"2023";"07";"060601";"CAJAMARCA";"CUTERVO";"CUTERVO";"GOBIERNO REGIONAL";"I-1";"00007098";"YACANCATE";"NE_0001";"";"NE_0001";"NE_0001";"NE_0001";"NE_0001";"NE_0001";"NE_0001";"NE_0001"
"2023";"07";"120607";"JUNIN";"SATIPO";"RIO NEGRO";"GOBIERNO REGIONAL";"I-1";"00013862";"MIGUEL GRAU";"NE_0001";"";"NE_0001";"NE_0001";"NE_0001";"NE_0001";"NE_0001";"NE_0001";"NE_0001"
"2023";"07";"060601";"CAJAMARCA";"CUTERVO";"CUTERVO";"GOBIERNO REGIONAL";"I-2";"00004984";"VALLE CALLACATE";"NE_0001";"";"NE_0001";"NE_0001";"NE_0001";"NE_0001";"NE_0001";"NE_0001";"NE_0001"
"2023";"07";"120607";"JUNIN";"SATIPO";"RIO NEGRO";"GOBIERNO REGIONAL";"I-1";"00013863";"ALTO VILLA VICTORIA";"NE_0001";"";"NE_0001";"NE_0001";"NE_0001";"NE_0001";"NE_0001";"NE_0001";"NE_0001"
"2023";"07";"060601";"CAJAMARCA";"CUTERVO";"CUTERVO";"GOBIERNO REGIONAL";"I-2";"00004991";"LANCHE";"NE_0001";"";"NE_0001";"NE_0001";"NE_0001";"NE_0001";"NE_0001";"NE_0001";"NE_0001"
"2023";"07";"120607";"JUNIN";"SATIPO";"RIO NEGRO";"GOBIERNO REGIONAL";"I-2";"00000499";"PUENTE IPOKI";"NE_0001";"";"NE_0001";"NE_0001";"NE_0001";"NE_0001";"NE_0001";"NE_0001";"NE_0001"
"2023";"07";"060601";"CAJAMARCA";"CUTERVO";"CUTERVO";"GOBIERNO REGIONAL";"I-1";"00005001";"PATAHUAZ";"NE_0001";"";"NE_0001";"NE_0001";"NE_0001";"NE_0001";"NE_0001";"NE_0001";"NE_0001"
"2023";"07";"060601";"CAJAMARCA";"CUTERVO";"CUTERVO";"GOBIERNO REGIONAL";"I-1";"00006833";"LA JAYUA";"NE_0001";"";"NE_0001";"NE_0001";"NE_0001";"NE_0001";"NE_0001";"NE_0001";"NE_0001"
"2023";"07";"120607";"JUNIN";"SATIPO";"RIO NEGRO";"GOBIERNO REGIONAL";"I-2";"00000501";"ALTO PITOCUNA";"NE_0001";"";"NE_0001";"NE_0001";"NE_0001";"NE_0001";"NE_0001";"NE_0001";"NE_0001"
"2023";"07";"120601";"JUNIN";"SATIPO";"SATIPO";"GOBIERNO REGIONAL";"I-1";"00010502";"BELLA ESPERANZA";"NE_0001";"";"NE_0001";"NE_0001";"NE_0001";"NE_0001";"NE_0001";"NE_0001";"NE_0001"
"2023";"07";"120607";"JUNIN";"SATIPO";"RIO NEGRO";"GOBIERNO REGIONAL";"I-2";"00000498";"PITOCUNA";"NE_0001";"";"NE_0001";"NE_0001";"NE_0001";"NE_0001";"NE_0001";"NE_0001";"NE_0001"
"2023";"07";"120608";"JUNIN";"SATIPO";"RIO TAMBO";"GOBIERNO REGIONAL";"I-1";"00006877";"CHONTAKIARI";"NE_0001";"";"NE_0001";"NE_0001";"NE_0001";"NE_0001";"NE_0001";"NE_0001";"NE_0001"
"2023";"07";"120601";"JUNIN";"SATIPO";"SATIPO";"GOBIERNO REGIONAL";"I-1";"00000480";"BAJO CAPIRO";"NE_0001";"";"NE_0001";"NE_0001";"NE_0001";"NE_0001";"NE_0001";"NE_0001";"NE_0001"
"2023";"07";"120607";"JUNIN";"SATIPO";"RIO NEGRO";"GOBIERNO REGIONAL";"I-2";"00000503";"UNION CUVIRIAKI";"NE_0001";"";"NE_0001";"NE_0001";"NE_0001";"NE_0001";"NE_0001";"NE_0001";"NE_0001"
"2023";"07";"120607";"JUNIN";"SATIPO";"RIO NEGRO";"GOBIERNO REGIONAL";"I-1";"00000504";"SHABASHIPANGO";"NE_0001";"";"NE_0001";"NE_0001";"NE_0001";"NE_0001";"NE_0001";"NE_0001";"NE_0001"
"2023";"07";"120601";"JUNIN";"SATIPO";"SATIPO";"GOBIERNO REGIONAL";"I-1";"00013864";"CANAAN DEL NORTE";"NE_0001";"";"NE_0001";"NE_0001";"NE_0001";"NE_0001";"NE_0001";"NE_0001";"NE_0001"
"2023";"07";"120601";"JUNIN";"SATIPO";"SATIPO";"GOBIERNO REGIONAL";"I-2";"00000478";"RIO VENADO";"NE_0001";"";"NE_0001";"NE_0001";"NE_0001";"NE_0001";"NE_0001";"NE_0001";"NE_0001"
"2023";"07";"120607";"JUNIN";"SATIPO";"RIO NEGRO";"GOBIERNO REGIONAL";"I-2";"00000502";"CUSHIVIANI";"NE_0001";"";"NE_0001";"NE_0001";"NE_0001";"NE_0001";"NE_0001";"NE_0001";"NE_0001"
"2023";"07";"120601";"JUNIN";"SATIPO";"SATIPO";"GOBIERNO REGIONAL";"I-2";"00000483";"SANIBENI";"NE_0001";"";"NE_0001";"NE_0001";"NE_0001";"NE_0001";"NE_0001";"NE_0001";"NE_0001"
"2023";"07";"120607";"JUNIN";"SATIPO";"RIO NEGRO";"GOBIERNO REGIONAL";"I-2";"00000505";"SAN JUAN DE CHENI";"NE_0001";"";"NE_0001";"NE_0001";"NE_0001";"NE_0001";"NE_0001";"NE_0001";"NE_0001"
"2023";"07";"220511";"SAN MARTIN";"LAMAS";"ZAPATERO";"GOBIERNO REGIONAL";"I-1";"00006394";"SANTA ANA DEL RIO MAYO";"NE_0001";"";"NE_0001";"NE_0001";"NE_0001";"NE_0001";"NE_0001";"NE_0001";"NE_0001"
"2023";"07";"220507";"SAN MARTIN";"LAMAS";"RUMISAPA";"GOBIERNO REGIONAL";"I-1";"00006354";"CHIRAPA LA LIBERTAD";"NE_0001";"";"NE_0001";"NE_0001";"NE_0001";"NE_0001";"NE_0001";"NE_0001";"NE_0001"
"2023";"07";"220508";"SAN MARTIN";"LAMAS";"SAN ROQUE DE CUMBAZA";"GOBIERNO REGIONAL";"I-1";"00006355";"CHIRICYACU";"NE_0001";"";"NE_0001";"NE_0001";"NE_0001";"NE_0001";"NE_0001";"NE_0001";"NE_0001"
"2023";"07";"220508";"SAN MARTIN";"LAMAS";"SAN ROQUE DE CUMBAZA";"GOBIERNO REGIONAL";"I-2";"00006356";"PAMASHTO";"NE_0001";"";"NE_0001";"NE_0001";"NE_0001";"NE_0001";"NE_0001";"NE_0001";"NE_0001"
"2023";"07";"220912";"SAN MARTIN";"SAN MARTIN";"SAN ANTONIO";"GOBIERNO REGIONAL";"I-1";"00006387";"AUCALOMA";"NE_0001";"";"NE_0001";"NE_0001";"NE_0001";"NE_0001";"NE_0001";"NE_0001";"NE_0001"
"2023";"07";"220507";"SAN MARTIN";"LAMAS";"RUMISAPA";"GOBIERNO REGIONAL";"I-1";"00006391";"RUMIZAPA";"NE_0001";"";"NE_0001";"NE_0001";"NE_0001";"NE_0001";"NE_0001";"NE_0001";"NE_0001"
"2023";"07";"220508";"SAN MARTIN";"LAMAS";"SAN ROQUE DE CUMBAZA";"GOBIERNO REGIONAL";"I-1";"00006358";"YURILAMAS";"NE_0001";"";"NE_0001";"NE_0001";"NE_0001";"NE_0001";"NE_0001";"NE_0001";"NE_0001"
"2023";"07";"220501";"SAN MARTIN";"LAMAS";"LAMAS";"GOBIERNO REGIONAL";"I-1";"00006390";"LAS FLORES DEL RIO MAYO";"NE_0001";"";"NE_0001";"NE_0001";"NE_0001";"NE_0001";"NE_0001";"NE_0001";"NE_0001"
"2023";"07";"220501";"SAN MARTIN";"LAMAS";"LAMAS";"GOBIERNO REGIONAL";"I-1";"00006388";"SAN ANTONIO RIO MAYO";"NE_0001";"";"NE_0001";"NE_0001";"NE_0001";"NE_0001";"NE_0001";"NE_0001";"NE_0001"
"2023";"07";"250107";"UCAYALI";"CORONEL PORTILLO";"MANANTAY";"ESSALUD";"I-3";"00032739";"CENTRO DE SALUD MANANTAY - ESSALUD";"NE_0001";"";"NE_0001";"NE_0001";"NE_0001";"NE_0001";"NE_0001";"NE_0001";"NE_0001"
"2023";"07";"040119";"AREQUIPA";"AREQUIPA";"SAN JUAN DE TARUCANI";"GOBIERNO REGIONAL";"I-2";"00001319";"PUESTO DE SALUD SAN JUAN DE TARUCANI";"NE_0001";"";"NE_0001";"NE_0001";"NE_0001";"NE_0001";"NE_0001";"NE_0001";"NE_0001"
"2023";"07";"040119";"AREQUIPA";"AREQUIPA";"SAN JUAN DE TARUCANI";"GOBIERNO REGIONAL";"I-2";"00001321";"PUESTO DE SALUD SALINAS HUITO";"NE_0001";"";"NE_0001";"NE_0001";"NE_0001";"NE_0001";"NE_0001";"NE_0001";"NE_0001"
"2023";"07";"040106";"AREQUIPA";"AREQUIPA";"CHIGUATA";"GOBIERNO REGIONAL";"I-2";"00001320";"PUESTO DE SALUD ARENALES";"NE_0001";"";"NE_0001";"NE_0001";"NE_0001";"NE_0001";"NE_0001";"NE_0001";"NE_0001"
"2023";"07";"150101";"LIMA";"LIMA";"LIMA";"PRIVADO";"II-E";"00026473";"OBRA DE SAN CAMILO";"240000";"HOSPITALIZACIÓN";"71";"73";"226";"77";"5";"25";"0"
"2023";"07";"150101";"LIMA";"LIMA";"LIMA";"PRIVADO";"I-3";"00016948";"MEDICENTRO COLMENA DE LA CLÍNICA INTERNACIONAL";"NE_0001";"";"NE_0001";"NE_0001";"NE_0001";"NE_0001";"NE_0001";"NE_0001";"NE_0001"
"2023";"07";"200115";"PIURA";"PIURA";"VEINTISEIS DE OCTUBRE";"GOBIERNO REGIONAL";"II-2";"00002084";"HOSPITAL DE LA AMISTAD PERU - COREA SANTA ROSA II-2";"240100";"HOSPITALIZACIÓN QUIRÚRGICA CIRUGÍA GENERAL ";"140";"173";"910";"1016";"40";"1240";"0"
"2023";"07";"200115";"PIURA";"PIURA";"VEINTISEIS DE OCTUBRE";"GOBIERNO REGIONAL";"II-2";"00002084";"HOSPITAL DE LA AMISTAD PERU - COREA SANTA ROSA II-2";"241500";"HOSPITALIZACIÓN QUIRÚRGICA GINECOLOGÍA  ";"188";"200";"440";"426";"16";"496";"0"
"2023";"07";"200115";"PIURA";"PIURA";"VEINTISEIS DE OCTUBRE";"GOBIERNO REGIONAL";"II-2";"00002084";"HOSPITAL DE LA AMISTAD PERU - COREA SANTA ROSA II-2";"241600";"HOSPITALIZACIÓN QUIRÚRGICA OBSTETRICIA   ";"302";"316";"511";"545";"25";"775";"0"
"2023";"07";"200115";"PIURA";"PIURA";"VEINTISEIS DE OCTUBRE";"GOBIERNO REGIONAL";"II-2";"00002084";"HOSPITAL DE LA AMISTAD PERU - COREA SANTA ROSA II-2";"241800";"HOSPITALIZACIÓN DE MEDICINA MEDICINA GENERAL ";"120";"154";"1720";"1437";"50";"1550";"16"
"2023";"07";"200115";"PIURA";"PIURA";"VEINTISEIS DE OCTUBRE";"GOBIERNO REGIONAL";"II-2";"00002084";"HOSPITAL DE LA AMISTAD PERU - COREA SANTA ROSA II-2";"242500";"HOSPITALIZACIÓN-PEDIATRÍA GENERAL-";"40";"50";"296";"323";"13";"403";"0"
"2023";"07";"200115";"PIURA";"PIURA";"VEINTISEIS DE OCTUBRE";"GOBIERNO REGIONAL";"II-2";"00002084";"HOSPITAL DE LA AMISTAD PERU - COREA SANTA ROSA II-2";"243200";"HOSPITALIZACIÓN DE PEDIATRÍA PEDIATRIA NEONATOLOGÍA";"80";"83";"739";"646";"23";"713";"3"
"2023";"07";"190113";"PASCO";"PASCO";"YANACANCHA";"MINSA";"II-2";"00000979";"HOSPITAL REGIONAL DR. DANIEL ALCIDES CARRION GARCIA";"240100";"HOSPITALIZACIÓN QUIRÚRGICA CIRUGÍA GENERAL ";"65";"79";"307";"293";"18";"558";"0"
"2023";"07";"190113";"PASCO";"PASCO";"YANACANCHA";"MINSA";"II-2";"00000979";"HOSPITAL REGIONAL DR. DANIEL ALCIDES CARRION GARCIA";"240700";"HOSPITALIZACIÓN QUIRÚRGICA CIRUGÍA PEDIÁTRICA ";"1";"1";"3";"3";"4";"124";"0"
"2023";"07";"190113";"PASCO";"PASCO";"YANACANCHA";"MINSA";"II-2";"00000979";"HOSPITAL REGIONAL DR. DANIEL ALCIDES CARRION GARCIA";"241400";"HOSPITALIZACIÓN QUIRÚRGICA GINECO - OBSTETRICIA ";"127";"132";"294";"289";"24";"744";"0"
"2023";"07";"190113";"PASCO";"PASCO";"YANACANCHA";"MINSA";"II-2";"00000979";"HOSPITAL REGIONAL DR. DANIEL ALCIDES CARRION GARCIA";"241800";"HOSPITALIZACIÓN DE MEDICINA MEDICINA GENERAL ";"35";"49";"402";"388";"17";"527";"0"
"2023";"07";"190113";"PASCO";"PASCO";"YANACANCHA";"MINSA";"II-2";"00000979";"HOSPITAL REGIONAL DR. DANIEL ALCIDES CARRION GARCIA";"243200";"HOSPITALIZACIÓN DE PEDIATRÍA PEDIATRIA NEONATOLOGÍA";"35";"36";"96";"95";"13";"403";"2"
"2023";"07";"190113";"PASCO";"PASCO";"YANACANCHA";"MINSA";"II-2";"00000979";"HOSPITAL REGIONAL DR. DANIEL ALCIDES CARRION GARCIA";"241100";"HOSPITALIZACIÓN QUIRÚRGICA OTORRINOLARINGOLOGÍA  ";"3";"3";"6";"6";"2";"62";"0"
"2023";"07";"190113";"PASCO";"PASCO";"YANACANCHA";"MINSA";"II-2";"00000979";"HOSPITAL REGIONAL DR. DANIEL ALCIDES CARRION GARCIA";"242500";"HOSPITALIZACIÓN-PEDIATRÍA GENERAL-";"29";"34";"134";"129";"11";"341";"1"
"2023";"07";"190113";"PASCO";"PASCO";"YANACANCHA";"MINSA";"II-2";"00000979";"HOSPITAL REGIONAL DR. DANIEL ALCIDES CARRION GARCIA";"242200";"HOSPITALIZACIÓN DE MEDICINA PSIQUIATRÍA ";"4";"8";"110";"106";"10";"310";"0"
"2023";"07";"190113";"PASCO";"PASCO";"YANACANCHA";"MINSA";"II-2";"00000979";"HOSPITAL REGIONAL DR. DANIEL ALCIDES CARRION GARCIA";"241200";"HOSPITALIZACIÓN QUIRÚRGICA TRAUMATOLOGÍA Y ORTOPEDIA ";"12";"13";"58";"57";"4";"124";"0"
"2023";"07";"120602";"JUNIN";"SATIPO";"COVIRIALI";"GOBIERNO REGIONAL";"I-1";"00000488";"SAN ANDRES";"NE_0001";"";"NE_0001";"NE_0001";"NE_0001";"NE_0001";"NE_0001";"NE_0001";"NE_0001"
"2023";"07";"120605";"JUNIN";"SATIPO";"PAMPA HERMOSA";"GOBIERNO REGIONAL";"I-1";"00007185";"PAMPA MANDARINA";"NE_0001";"";"NE_0001";"NE_0001";"NE_0001";"NE_0001";"NE_0001";"NE_0001";"NE_0001"
"2023";"07";"120602";"JUNIN";"SATIPO";"COVIRIALI";"GOBIERNO REGIONAL";"I-2";"00000486";"SAN PEDRO";"NE_0001";"";"NE_0001";"NE_0001";"NE_0001";"NE_0001";"NE_0001";"NE_0001";"NE_0001"
"2023";"07";"120605";"JUNIN";"SATIPO";"PAMPA HERMOSA";"GOBIERNO REGIONAL";"I-2";"00006876";"TOLDOPAMPA";"NE_0001";"";"NE_0001";"NE_0001";"NE_0001";"NE_0001";"NE_0001";"NE_0001";"NE_0001"
"2023";"07";"120703";"JUNIN";"TARMA";"HUARICOLCA";"GOBIERNO REGIONAL";"I-1";"00000596";"APAYCANCHILLA";"NE_0001";"";"NE_0001";"NE_0001";"NE_0001";"NE_0001";"NE_0001";"NE_0001";"NE_0001"
"2023";"07";"150130";"LIMA";"LIMA";"SAN BORJA";"PRIVADO";"II-2";"00009682";"CLÍNICA INTERNACIONAL";"240000";"HOSPITALIZACIÓN";"533";"615";"2694";"2627";"102";"3162";"0"
"2023";"07";"221001";"SAN MARTIN";"TOCACHE";"TOCACHE";"GOBIERNO REGIONAL";"II-1";"00006580";"HOSPITAL II-1 ""DR. JOSE PEÑA PORTUGUEZ "" - TOCACHE";"240100";"HOSPITALIZACIÓN QUIRÚRGICA CIRUGÍA GENERAL ";"52";"56";"231";"231";"15";"465";"0"
"2023";"07";"221001";"SAN MARTIN";"TOCACHE";"TOCACHE";"GOBIERNO REGIONAL";"II-1";"00006580";"HOSPITAL II-1 ""DR. JOSE PEÑA PORTUGUEZ "" - TOCACHE";"241400";"HOSPITALIZACIÓN QUIRÚRGICA GINECO - OBSTETRICIA ";"61";"62";"138";"136";"8";"248";"0"
"2023";"07";"221001";"SAN MARTIN";"TOCACHE";"TOCACHE";"GOBIERNO REGIONAL";"II-1";"00006580";"HOSPITAL II-1 ""DR. JOSE PEÑA PORTUGUEZ "" - TOCACHE";"241600";"HOSPITALIZACIÓN QUIRÚRGICA OBSTETRICIA   ";"75";"78";"126";"126";"15";"465";"0"
"2023";"07";"221001";"SAN MARTIN";"TOCACHE";"TOCACHE";"GOBIERNO REGIONAL";"II-1";"00006580";"HOSPITAL II-1 ""DR. JOSE PEÑA PORTUGUEZ "" - TOCACHE";"241800";"HOSPITALIZACIÓN DE MEDICINA MEDICINA GENERAL ";"20";"28";"183";"183";"11";"341";"6"
"2023";"07";"221001";"SAN MARTIN";"TOCACHE";"TOCACHE";"GOBIERNO REGIONAL";"II-1";"00006580";"HOSPITAL II-1 ""DR. JOSE PEÑA PORTUGUEZ "" - TOCACHE";"242500";"HOSPITALIZACIÓN-PEDIATRÍA GENERAL-";"13";"17";"93";"93";"5";"155";"0"
"2023";"07";"221001";"SAN MARTIN";"TOCACHE";"TOCACHE";"GOBIERNO REGIONAL";"II-1";"00006580";"HOSPITAL II-1 ""DR. JOSE PEÑA PORTUGUEZ "" - TOCACHE";"243200";"HOSPITALIZACIÓN DE PEDIATRÍA PEDIATRIA NEONATOLOGÍA";"37";"42";"109";"109";"21";"651";"0"
"2023";"07";"080106";"CUSCO";"CUSCO";"SANTIAGO";"GOBIERNO REGIONAL";"III-1";"00002305";"ANTONIO LORENA DEL CUSCO";"250100";"UNIDAD DE CUIDADOS CRITICOS UNIDAD  DE CUIDADOS INTENSIVOS GENERALES (UCI) ";"25";"21";"138";"140";"6";"186";"9"
"2023";"07";"080106";"CUSCO";"CUSCO";"SANTIAGO";"GOBIERNO REGIONAL";"III-1";"00002305";"ANTONIO LORENA DEL CUSCO";"250200";"UNIDAD DE CUIDADOS CRITICOS UNIDAD DE CUIDADOS INTERMEDIOS GENERAL  (UCIN) ";"23";"16";"226";"198";"8";"248";"2"
"2023";"07";"080106";"CUSCO";"CUSCO";"SANTIAGO";"GOBIERNO REGIONAL";"III-1";"00002305";"ANTONIO LORENA DEL CUSCO";"240100";"HOSPITALIZACIÓN QUIRÚRGICA CIRUGÍA GENERAL ";"156";"131";"740";"799";"31";"961";"3"
"2023";"07";"080106";"CUSCO";"CUSCO";"SANTIAGO";"GOBIERNO REGIONAL";"III-1";"00002305";"ANTONIO LORENA DEL CUSCO";"240900";"HOSPITALIZACIÓN QUIRÚRGICA NEUROCIRUGÍA ";"41";"31";"261";"288";"10";"310";"0"
"2023";"07";"080106";"CUSCO";"CUSCO";"SANTIAGO";"GOBIERNO REGIONAL";"III-1";"00002305";"ANTONIO LORENA DEL CUSCO";"241200";"HOSPITALIZACIÓN QUIRÚRGICA TRAUMATOLOGÍA Y ORTOPEDIA ";"55";"49";"264";"244";"10";"310";"0"
"2023";"07";"080106";"CUSCO";"CUSCO";"SANTIAGO";"GOBIERNO REGIONAL";"III-1";"00002305";"ANTONIO LORENA DEL CUSCO";"244000";"HOSPITALIZACIÓN DE MEDICINA CARDIOLOGIA ";"31";"26";"203";"169";"10";"310";"2"
"2023";"07";"080106";"CUSCO";"CUSCO";"SANTIAGO";"GOBIERNO REGIONAL";"III-1";"00002305";"ANTONIO LORENA DEL CUSCO";"241900";"HOSPITALIZACIÓN DE MEDICINA MEDICINA INTERNA ";"114";"95";"695";"651";"28";"868";"8"
"2023";"07";"080106";"CUSCO";"CUSCO";"SANTIAGO";"GOBIERNO REGIONAL";"III-1";"00002305";"ANTONIO LORENA DEL CUSCO";"245300";"HOSPITALIZACIÓN DE MEDICINA NEUMOLOGÍA  ";"30";"24";"170";"166";"9";"279";"4"
"2023";"07";"220807";"SAN MARTIN";"RIOJA";"SAN FERNANDO";"GOBIERNO REGIONAL";"I-1";"00006294";"PERLA MAYO";"NE_0001";"";"NE_0001";"NE_0001";"NE_0001";"NE_0001";"NE_0001";"NE_0001";"NE_0001"
"2023";"07";"120303";"JUNIN";"CHANCHAMAYO";"PICHANAQUI";"GOBIERNO REGIONAL";"I-3";"00000351";"HUACHIRIKI";"NE_0001";"";"NE_0001";"NE_0001";"NE_0001";"NE_0001";"NE_0001";"NE_0001";"NE_0001"
"2023";"07";"120303";"JUNIN";"CHANCHAMAYO";"PICHANAQUI";"GOBIERNO REGIONAL";"I-2";"00014383";"SAN JOSE DE ANAPIARI";"NE_0001";"";"NE_0001";"NE_0001";"NE_0001";"NE_0001";"NE_0001";"NE_0001";"NE_0001"
"2023";"07";"120303";"JUNIN";"CHANCHAMAYO";"PICHANAQUI";"GOBIERNO REGIONAL";"I-2";"00007371";"28 DE JULIO";"NE_0001";"";"NE_0001";"NE_0001";"NE_0001";"NE_0001";"NE_0001";"NE_0001";"NE_0001"
"2023";"07";"120303";"JUNIN";"CHANCHAMAYO";"PICHANAQUI";"GOBIERNO REGIONAL";"I-2";"00000346";"HUANTININI";"NE_0001";"";"NE_0001";"NE_0001";"NE_0001";"NE_0001";"NE_0001";"NE_0001";"NE_0001"
"2023";"07";"120303";"JUNIN";"CHANCHAMAYO";"PICHANAQUI";"GOBIERNO REGIONAL";"I-2";"00000348";"SAN JUAN CENTRO AUTIKI";"NE_0001";"";"NE_0001";"NE_0001";"NE_0001";"NE_0001";"NE_0001";"NE_0001";"NE_0001"
"2023";"06";"250102";"UCAYALI";"CORONEL PORTILLO";"CAMPOVERDE";"GOBIERNO REGIONAL";"I-1";"00025879";"PUESTO DE SALUD AMAKELLA";"NE_0001";"";"NE_0001";"NE_0001";"NE_0001";"NE_0001";"NE_0001";"NE_0001";"NE_0001"
"2023";"06";"250102";"UCAYALI";"CORONEL PORTILLO";"CAMPOVERDE";"GOBIERNO REGIONAL";"I-1";"00021550";"ALTO 9 DE FEBRERO";"NE_0001";"";"NE_0001";"NE_0001";"NE_0001";"NE_0001";"NE_0001";"NE_0001";"NE_0001"
"2023";"06";"250102";"UCAYALI";"CORONEL PORTILLO";"CAMPOVERDE";"GOBIERNO REGIONAL";"I-1";"00012260";"TIERRA BUENA";"NE_0001";"";"NE_0001";"NE_0001";"NE_0001";"NE_0001";"NE_0001";"NE_0001";"NE_0001"
"2023";"06";"250102";"UCAYALI";"CORONEL PORTILLO";"CAMPOVERDE";"GOBIERNO REGIONAL";"I-1";"00011909";"NUEVA TUNUYA";"NE_0001";"";"NE_0001";"NE_0001";"NE_0001";"NE_0001";"NE_0001";"NE_0001";"NE_0001"
"2023";"06";"250102";"UCAYALI";"CORONEL PORTILLO";"CAMPOVERDE";"GOBIERNO REGIONAL";"I-1";"00011626";"NUEVA ESPERANZA";"NE_0001";"";"NE_0001";"NE_0001";"NE_0001";"NE_0001";"NE_0001";"NE_0001";"NE_0001"
"2023";"06";"250102";"UCAYALI";"CORONEL PORTILLO";"CAMPOVERDE";"GOBIERNO REGIONAL";"I-2";"00007081";"LA MERCED DE NESHUYA";"NE_0001";"";"NE_0001";"NE_0001";"NE_0001";"NE_0001";"NE_0001";"NE_0001";"NE_0001"
"2023";"06";"250102";"UCAYALI";"CORONEL PORTILLO";"CAMPOVERDE";"GOBIERNO REGIONAL";"I-1";"00007080";"YERBAS BUENAS";"NE_0001";"";"NE_0001";"NE_0001";"NE_0001";"NE_0001";"NE_0001";"NE_0001";"NE_0001"
"2023";"06";"250102";"UCAYALI";"CORONEL PORTILLO";"CAMPOVERDE";"GOBIERNO REGIONAL";"I-1";"00005441";"SEÑOR DE LOS MILAGROS KM 24";"NE_0001";"";"NE_0001";"NE_0001";"NE_0001";"NE_0001";"NE_0001";"NE_0001";"NE_0001"
"2023";"06";"250102";"UCAYALI";"CORONEL PORTILLO";"CAMPOVERDE";"GOBIERNO REGIONAL";"I-1";"00005440";"LOS PINOS";"NE_0001";"";"NE_0001";"NE_0001";"NE_0001";"NE_0001";"NE_0001";"NE_0001";"NE_0001"
"2023";"06";"250102";"UCAYALI";"CORONEL PORTILLO";"CAMPOVERDE";"GOBIERNO REGIONAL";"I-1";"00005439";"SAN PEDRO KM 47";"NE_0001";"";"NE_0001";"NE_0001";"NE_0001";"NE_0001";"NE_0001";"NE_0001";"NE_0001"
"2023";"06";"250102";"UCAYALI";"CORONEL PORTILLO";"CAMPOVERDE";"GOBIERNO REGIONAL";"I-1";"00005437";"ANTONIO RAYMONDI";"NE_0001";"";"NE_0001";"NE_0001";"NE_0001";"NE_0001";"NE_0001";"NE_0001";"NE_0001"
"2023";"06";"250102";"UCAYALI";"CORONEL PORTILLO";"CAMPOVERDE";"GOBIERNO REGIONAL";"I-1";"00005436";"LA VICTORIA";"NE_0001";"";"NE_0001";"NE_0001";"NE_0001";"NE_0001";"NE_0001";"NE_0001";"NE_0001"
"2023";"06";"250102";"UCAYALI";"CORONEL PORTILLO";"CAMPOVERDE";"GOBIERNO REGIONAL";"I-1";"00005435";"EL PORVENIR KM 25";"NE_0001";"";"NE_0001";"NE_0001";"NE_0001";"NE_0001";"NE_0001";"NE_0001";"NE_0001"
"2023";"06";"250102";"UCAYALI";"CORONEL PORTILLO";"CAMPOVERDE";"GOBIERNO REGIONAL";"I-1";"00005434";"PUESTO DE SALUD  ALTO MANANTAY";"NE_0001";"";"NE_0001";"NE_0001";"NE_0001";"NE_0001";"NE_0001";"NE_0001";"NE_0001"
"2023";"06";"250102";"UCAYALI";"CORONEL PORTILLO";"CAMPOVERDE";"GOBIERNO REGIONAL";"I-1";"00005433";"P.S  LAS MERCEDES KM. 42";"NE_0001";"";"NE_0001";"NE_0001";"NE_0001";"NE_0001";"NE_0001";"NE_0001";"NE_0001"
"2023";"06";"250102";"UCAYALI";"CORONEL PORTILLO";"CAMPOVERDE";"GOBIERNO REGIONAL";"I-2";"00005432";"PIMENTAL";"NE_0001";"";"NE_0001";"NE_0001";"NE_0001";"NE_0001";"NE_0001";"NE_0001";"NE_0001"
"2023";"06";"250102";"UCAYALI";"CORONEL PORTILLO";"CAMPOVERDE";"GOBIERNO REGIONAL";"I-1";"00005431";"SANTA ROSA KM. 50 CFB";"NE_0001";"";"NE_0001";"NE_0001";"NE_0001";"NE_0001";"NE_0001";"NE_0001";"NE_0001"
"2023";"06";"250102";"UCAYALI";"CORONEL PORTILLO";"CAMPOVERDE";"GOBIERNO REGIONAL";"I-1";"00005430";"SAN JOSE KM 26";"NE_0001";"";"NE_0001";"NE_0001";"NE_0001";"NE_0001";"NE_0001";"NE_0001";"NE_0001"
"2023";"06";"250102";"UCAYALI";"CORONEL PORTILLO";"CAMPOVERDE";"GOBIERNO REGIONAL";"I-1";"00005429";"AGUA BLANCA";"NE_0001";"";"NE_0001";"NE_0001";"NE_0001";"NE_0001";"NE_0001";"NE_0001";"NE_0001"
"2023";"08";"090206";"HUANCAVELICA";"ACOBAMBA";"PAUCARA";"GOBIERNO REGIONAL";"I-1";"00003932";"PUESTO DE SALUD HUACHHUA";"NE_0001";"";"NE_0001";"NE_0001";"NE_0001";"NE_0001";"NE_0001";"NE_0001";"NE_0001"
"2023";"08";"090206";"HUANCAVELICA";"ACOBAMBA";"PAUCARA";"GOBIERNO REGIONAL";"I-2";"00006823";"PUESTO DE SALUD CHOPCCAPAMPA";"NE_0001";"";"NE_0001";"NE_0001";"NE_0001";"NE_0001";"NE_0001";"NE_0001";"NE_0001"
"2023";"08";"080705";"CUSCO";"CHUMBIVILCAS";"LIVITACA";"GOBIERNO REGIONAL";"I-1";"00016325";"CHILLOROYA - LIVITACA";"NE_0001";"";"NE_0001";"NE_0001";"NE_0001";"NE_0001";"NE_0001";"NE_0001";"NE_0001"
"2023";"08";"080705";"CUSCO";"CHUMBIVILCAS";"LIVITACA";"GOBIERNO REGIONAL";"I-1";"00016327";"AUSANTA";"NE_0001";"";"NE_0001";"NE_0001";"NE_0001";"NE_0001";"NE_0001";"NE_0001";"NE_0001"
"2023";"08";"080705";"CUSCO";"CHUMBIVILCAS";"LIVITACA";"GOBIERNO REGIONAL";"I-1";"00016334";"KISIO";"NE_0001";"";"NE_0001";"NE_0001";"NE_0001";"NE_0001";"NE_0001";"NE_0001";"NE_0001"
"2023";"08";"080705";"CUSCO";"CHUMBIVILCAS";"LIVITACA";"GOBIERNO REGIONAL";"I-4";"00002406";"LIVITACA";"NE_0001";"";"NE_0001";"NE_0001";"NE_0001";"NE_0001";"NE_0001";"NE_0001";"NE_0001"
"2023";"08";"080705";"CUSCO";"CHUMBIVILCAS";"LIVITACA";"GOBIERNO REGIONAL";"I-1";"00025739";"PISQUICOCHA";"NE_0001";"";"NE_0001";"NE_0001";"NE_0001";"NE_0001";"NE_0001";"NE_0001";"NE_0001"
"2023";"08";"080705";"CUSCO";"CHUMBIVILCAS";"LIVITACA";"GOBIERNO REGIONAL";"I-1";"00025740";"TOTORA - REYNA DE LOS ANGELES";"NE_0001";"";"NE_0001";"NE_0001";"NE_0001";"NE_0001";"NE_0001";"NE_0001";"NE_0001"
"2023";"08";"080705";"CUSCO";"CHUMBIVILCAS";"LIVITACA";"GOBIERNO REGIONAL";"I-2";"00016332";"PATAQUEÑA - LIVITACA";"NE_0001";"";"NE_0001";"NE_0001";"NE_0001";"NE_0001";"NE_0001";"NE_0001";"NE_0001"
"2023";"08";"150122";"LIMA";"LIMA";"MIRAFLORES";"PRIVADO";"II-E";"00014361";"INSTITUTO DEL CEREBRO Y LA COLUMNA VERTEBRAL";"240000";"HOSPITALIZACIÓN";"39";"39";"73";"39";"8";"248";"0"
"2023";"08";"040118";"AREQUIPA";"AREQUIPA";"SAN JUAN DE SIGUAS";"GOBIERNO REGIONAL";"I-1";"00001339";"PUESTO DE SALUD SAN JUAN DE SIGUAS - TAMBILLO";"NE_0002";"";"NE_0002";"NE_0002";"NE_0002";"NE_0002";"NE_0002";"NE_0002";"NE_0002"
"2023";"08";"040520";"AREQUIPA";"CAYLLOMA";"MAJES";"GOBIERNO REGIONAL";"I-3";"00023969";"CENTRO DE SALUD MENTAL COMUNITARIO MAJES";"NE_0002";"";"NE_0002";"NE_0002";"NE_0002";"NE_0002";"NE_0002";"NE_0002";"NE_0002"
"2023";"08";"040520";"AREQUIPA";"CAYLLOMA";"MAJES";"GOBIERNO REGIONAL";"I-2";"00001341";"ASENTAMIENTO B-1";"NE_0001";"";"NE_0001";"NE_0001";"NE_0001";"NE_0001";"NE_0001";"NE_0001";"NE_0001"
"2023";"08";"040520";"AREQUIPA";"CAYLLOMA";"MAJES";"GOBIERNO REGIONAL";"I-4";"00001325";"CENTRO DE SALUD  SANDRITA PEREZ EL PEDREGAL";"241600";"HOSPITALIZACIÓN QUIRÚRGICA OBSTETRICIA   ";"7";"7";"7";"7";"6";"23";"0"
"2023";"08";"040120";"AREQUIPA";"AREQUIPA";"SANTA ISABEL DE SIGUAS";"GOBIERNO REGIONAL";"I-2";"00001378";"PUESTO DE SALUD SONDOR";"NE_0001";"";"NE_0001";"NE_0001";"NE_0001";"NE_0001";"NE_0001";"NE_0001";"NE_0001"
"2023";"08";"040520";"AREQUIPA";"CAYLLOMA";"MAJES";"GOBIERNO REGIONAL";"I-2";"00001342";"PUESTO DE SALUD  B-2";"NE_0001";"";"NE_0001";"NE_0001";"NE_0001";"NE_0001";"NE_0001";"NE_0001";"NE_0001"
"2023";"08";"040120";"AREQUIPA";"AREQUIPA";"SANTA ISABEL DE SIGUAS";"GOBIERNO REGIONAL";"I-2";"00001336";"SANTA ISABEL DE SIGUAS";"NE_0001";"";"NE_0001";"NE_0001";"NE_0001";"NE_0001";"NE_0001";"NE_0001";"NE_0001"
"2023";"08";"040120";"AREQUIPA";"AREQUIPA";"SANTA ISABEL DE SIGUAS";"GOBIERNO REGIONAL";"I-1";"00001337";"PUESTO DE SALUD PITAY";"NE_0002";"";"NE_0002";"NE_0002";"NE_0002";"NE_0002";"NE_0002";"NE_0002";"NE_0002"
"2023";"08";"040520";"AREQUIPA";"CAYLLOMA";"MAJES";"GOBIERNO REGIONAL";"I-3";"00001326";"CENTRO DE SALUD LA COLINA";"NE_0001";"";"NE_0001";"NE_0001";"NE_0001";"NE_0001";"NE_0001";"NE_0001";"NE_0001"
"2023";"08";"040511";"AREQUIPA";"CAYLLOMA";"LLUTA";"GOBIERNO REGIONAL";"I-2";"00001340";"PUESTO DE SALUD QUERQUE";"NE_0001";"";"NE_0001";"NE_0001";"NE_0001";"NE_0001";"NE_0001";"NE_0001";"NE_0001"
"2023";"08";"060801";"CAJAMARCA";"JAEN";"JAEN";"GOBIERNO REGIONAL";"I-2";"00010007";"GRANADILLAS";"NE_0001";"";"NE_0001";"NE_0001";"NE_0001";"NE_0001";"NE_0001";"NE_0001";"NE_0001"
"2023";"08";"220804";"SAN MARTIN";"RIOJA";"NUEVA CAJAMARCA";"GOBIERNO REGIONAL";"I-1";"00006299";"PERLA DAGUAS";"NE_0001";"";"NE_0001";"NE_0001";"NE_0001";"NE_0001";"NE_0001";"NE_0001";"NE_0001"
"2023";"08";"220804";"SAN MARTIN";"RIOJA";"NUEVA CAJAMARCA";"GOBIERNO REGIONAL";"I-3";"00006300";"SAN JUAN RIO SORITOR";"NE_0002";"";"NE_0002";"NE_0002";"NE_0002";"NE_0002";"NE_0002";"NE_0002";"NE_0002"
"2023";"08";"220901";"SAN MARTIN";"SAN MARTIN";"TARAPOTO";"SANIDAD DE LA POLICIA NACIONAL DEL PERU";"I-3";"00020827";"POLICLINICO  PNP TARAPOTO";"NE_0001";"";"NE_0001";"NE_0001";"NE_0001";"NE_0001";"NE_0001";"NE_0001";"NE_0001"
"2023";"08";"051103";"AYACUCHO";"VILCAS HUAMAN";"CARHUANCA";"GOBIERNO REGIONAL";"I-2";"00003845";"PUESTO DE SALUD CARHUANCA";"NE_0001";"";"NE_0001";"NE_0001";"NE_0001";"NE_0001";"NE_0001";"NE_0001";"NE_0001"
"2023";"08";"051108";"AYACUCHO";"VILCAS HUAMAN";"VISCHONGO";"GOBIERNO REGIONAL";"I-1";"00006613";"PUESTO DE SALUD PATAHUASI";"NE_0001";"";"NE_0001";"NE_0001";"NE_0001";"NE_0001";"NE_0001";"NE_0001";"NE_0001"
"2023";"08";"051105";"AYACUCHO";"VILCAS HUAMAN";"HUAMBALPA";"GOBIERNO REGIONAL";"I-1";"00006606";"PUESTO DE SALUD SAN ANTONIO DE COCHAS";"NE_0001";"";"NE_0001";"NE_0001";"NE_0001";"NE_0001";"NE_0001";"NE_0001";"NE_0001"
"2023";"08";"051104";"AYACUCHO";"VILCAS HUAMAN";"CONCEPCION";"GOBIERNO REGIONAL";"I-1";"00003851";"PUESTO DE SALUD SAN ANTONIO ASTANYA";"NE_0001";"";"NE_0001";"NE_0001";"NE_0001";"NE_0001";"NE_0001";"NE_0001";"NE_0001"
"2023";"08";"051108";"AYACUCHO";"VILCAS HUAMAN";"VISCHONGO";"GOBIERNO REGIONAL";"I-1";"00027647";"PUESTO DE SALUD SAN LORENZO DE ÑUÑUNHUAYCCO";"NE_0001";"";"NE_0001";"NE_0001";"NE_0001";"NE_0001";"NE_0001";"NE_0001";"NE_0001"
"2023";"08";"051105";"AYACUCHO";"VILCAS HUAMAN";"HUAMBALPA";"GOBIERNO REGIONAL";"I-2";"00006605";"PUESTO DE SALUD HUAMBALPA";"NE_0001";"";"NE_0001";"NE_0001";"NE_0001";"NE_0001";"NE_0001";"NE_0001";"NE_0001"
"2023";"08";"021307";"ANCASH";"MARISCAL LUZURIAGA";"LUCMA";"GOBIERNO REGIONAL";"I-1";"00001791";"PUESTO DE SALUD SECCHA";"NE_0001";"";"NE_0001";"NE_0001";"NE_0001";"NE_0001";"NE_0001";"NE_0001";"NE_0001"
"2023";"08";"021601";"ANCASH";"POMABAMBA";"POMABAMBA";"GOBIERNO REGIONAL";"I-1";"00001766";"PUESTO DE SALUD SOCSI";"NE_0001";"";"NE_0001";"NE_0001";"NE_0001";"NE_0001";"NE_0001";"NE_0001";"NE_0001"
"2023";"08";"021602";"ANCASH";"POMABAMBA";"HUAYLLAN";"GOBIERNO REGIONAL";"I-1";"00001773";"PUESTO DE SALUD ACOBAMBA";"NE_0001";"";"NE_0001";"NE_0001";"NE_0001";"NE_0001";"NE_0001";"NE_0001";"NE_0001"
"2023";"08";"021601";"ANCASH";"POMABAMBA";"POMABAMBA";"GOBIERNO REGIONAL";"I-1";"00001770";"PUESTO DE SALUD JANCAPAMPA";"NE_0001";"";"NE_0001";"NE_0001";"NE_0001";"NE_0001";"NE_0001";"NE_0001";"NE_0001"
"2023";"08";"021302";"ANCASH";"MARISCAL LUZURIAGA";"CASCA";"GOBIERNO REGIONAL";"I-2";"00001785";"PUESTO DE SALUD CASCA";"NE_0001";"";"NE_0001";"NE_0001";"NE_0001";"NE_0001";"NE_0001";"NE_0001";"NE_0001"
"2023";"08";"150131";"LIMA";"LIMA";"SAN ISIDRO";"PRIVADO";"II-E";"00018581";"CLINICA PETRAS";"NE_0002";"";"NE_0002";"NE_0002";"NE_0002";"NE_0002";"NE_0002";"NE_0002";"NE_0002"
"2023";"08";"080601";"CUSCO";"CANCHIS";"SICUANI";"SANIDAD DE LA POLICIA NACIONAL DEL PERU";"I-2";"00024663";"SANIDAD PNP  SICUANI";"NE_0001";"";"NE_0001";"NE_0001";"NE_0001";"NE_0001";"NE_0001";"NE_0001";"NE_0001"
"2023";"08";"080702";"CUSCO";"CHUMBIVILCAS";"CAPACMARCA";"GOBIERNO REGIONAL";"I-3";"00002401";"CCAPACMARCA";"NE_0001";"";"NE_0001";"NE_0001";"NE_0001";"NE_0001";"NE_0001";"NE_0001";"NE_0001"
"2023";"08";"080702";"CUSCO";"CHUMBIVILCAS";"CAPACMARCA";"GOBIERNO REGIONAL";"I-1";"00009963";"CANCAHUANI";"NE_0001";"";"NE_0001";"NE_0001";"NE_0001";"NE_0001";"NE_0001";"NE_0001";"NE_0001"
"2023";"08";"080702";"CUSCO";"CHUMBIVILCAS";"CAPACMARCA";"GOBIERNO REGIONAL";"I-1";"00027009";"TAHUAY";"NE_0001";"";"NE_0001";"NE_0001";"NE_0001";"NE_0001";"NE_0001";"NE_0001";"NE_0001"
"2023";"08";"150131";"LIMA";"LIMA";"SAN ISIDRO";"PRIVADO";"II-E";"00011358";"CONFÍA INSTITUTO OFTALMOLÓGICO";"NE_0001";"";"NE_0001";"NE_0001";"NE_0001";"NE_0001";"NE_0001";"NE_0001";"NE_0001"
"2023";"08";"060601";"CAJAMARCA";"CUTERVO";"CUTERVO";"GOBIERNO REGIONAL";"I-1";"00006854";"CARAMARCA CHICA";"NE_0001";"";"NE_0001";"NE_0001";"NE_0001";"NE_0001";"NE_0001";"NE_0001";"NE_0001"
"2023";"08";"060601";"CAJAMARCA";"CUTERVO";"CUTERVO";"GOBIERNO REGIONAL";"I-3";"00006857";"NUEVO ORIENTE";"NE_0001";"";"NE_0001";"NE_0001";"NE_0001";"NE_0001";"NE_0001";"NE_0001";"NE_0001"
"2023";"08";"060601";"CAJAMARCA";"CUTERVO";"CUTERVO";"GOBIERNO REGIONAL";"I-1";"00006936";"CORRALES";"NE_0001";"";"NE_0001";"NE_0001";"NE_0001";"NE_0001";"NE_0001";"NE_0001";"NE_0001"
"2023";"08";"060601";"CAJAMARCA";"CUTERVO";"CUTERVO";"GOBIERNO REGIONAL";"I-1";"00007701";"EL VERDE";"NE_0001";"";"NE_0001";"NE_0001";"NE_0001";"NE_0001";"NE_0001";"NE_0001";"NE_0001"
"2023";"08";"060601";"CAJAMARCA";"CUTERVO";"CUTERVO";"GOBIERNO REGIONAL";"I-1";"00011066";"VISTA ALEGRE DE LA SOLA";"NE_0001";"";"NE_0001";"NE_0001";"NE_0001";"NE_0001";"NE_0001";"NE_0001";"NE_0001"
"2023";"03";"120303";"JUNIN";"CHANCHAMAYO";"PICHANAQUI";"GOBIERNO REGIONAL";"I-3";"00000343";"CENTRO CUYANI";"NE_0001";"";"NE_0001";"NE_0001";"NE_0001";"NE_0001";"NE_0001";"NE_0001";"NE_0001"
"2023";"03";"120303";"JUNIN";"CHANCHAMAYO";"PICHANAQUI";"GOBIERNO REGIONAL";"I-2";"00000350";"VALLE HERMOSO";"NE_0001";"";"NE_0001";"NE_0001";"NE_0001";"NE_0001";"NE_0001";"NE_0001";"NE_0001"
"2023";"03";"120303";"JUNIN";"CHANCHAMAYO";"PICHANAQUI";"GOBIERNO REGIONAL";"I-2";"00000347";"CONDADO PICHIKIARI";"NE_0001";"";"NE_0001";"NE_0001";"NE_0001";"NE_0001";"NE_0001";"NE_0001";"NE_0001"
"2023";"03";"120303";"JUNIN";"CHANCHAMAYO";"PICHANAQUI";"GOBIERNO REGIONAL";"I-1";"00000353";"ANDRES AVELINO CACERES";"NE_0001";"";"NE_0001";"NE_0001";"NE_0001";"NE_0001";"NE_0001";"NE_0001";"NE_0001"
"2023";"03";"120303";"JUNIN";"CHANCHAMAYO";"PICHANAQUI";"GOBIERNO REGIONAL";"I-1";"00006712";"BARINETTI REAL";"NE_0001";"";"NE_0001";"NE_0001";"NE_0001";"NE_0001";"NE_0001";"NE_0001";"NE_0001"
"2023";"03";"120302";"JUNIN";"CHANCHAMAYO";"PERENE";"GOBIERNO REGIONAL";"I-2";"00000337";"MIRICHARO";"NE_0001";"";"NE_0001";"NE_0001";"NE_0001";"NE_0001";"NE_0001";"NE_0001";"NE_0001"
"2023";"03";"120302";"JUNIN";"CHANCHAMAYO";"PERENE";"GOBIERNO REGIONAL";"I-3";"00006716";"CIUDAD SATELITE";"NE_0001";"";"NE_0001";"NE_0001";"NE_0001";"NE_0001";"NE_0001";"NE_0001";"NE_0001"
"2023";"03";"120302";"JUNIN";"CHANCHAMAYO";"PERENE";"GOBIERNO REGIONAL";"I-1";"00000338";"SAN CRISTOBAL";"NE_0001";"";"NE_0001";"NE_0001";"NE_0001";"NE_0001";"NE_0001";"NE_0001";"NE_0001"
"2023";"03";"120302";"JUNIN";"CHANCHAMAYO";"PERENE";"GOBIERNO REGIONAL";"I-1";"00000339";"SAN ANTONIO ALTO PICHANAKI";"NE_0001";"";"NE_0001";"NE_0001";"NE_0001";"NE_0001";"NE_0001";"NE_0001";"NE_0001"
"2023";"03";"150135";"LIMA";"LIMA";"SAN MARTIN DE PORRES";"PRIVADO";"II-2";"00010603";"CLÍNICA MÉDICA CAYETANO HEREDIA";"240000";"HOSPITALIZACIÓN";"328";"334";"1025";"957";"50";"1550";"0"
"2023";"03";"150135";"LIMA";"LIMA";"SAN MARTIN DE PORRES";"PRIVADO";"II-2";"00010603";"CLÍNICA MÉDICA CAYETANO HEREDIA";"250100";"UNIDAD DE CUIDADOS CRITICOS UNIDAD  DE CUIDADOS INTENSIVOS GENERALES (UCI) ";"16";"14";"77";"84";"9";"279";"1"
"2023";"03";"150135";"LIMA";"LIMA";"SAN MARTIN DE PORRES";"PRIVADO";"II-2";"00010603";"CLÍNICA MÉDICA CAYETANO HEREDIA";"250105";"UNIDAD DE CUIDADOS CRITICOS UNIDAD  DE CUIDADOS INTENSIVOS  (UCI) NEONATOLOGÍA";"3";"2";"10";"11";"4";"124";"0"
"2023";"03";"150135";"LIMA";"LIMA";"SAN MARTIN DE PORRES";"PRIVADO";"II-2";"00010603";"CLÍNICA MÉDICA CAYETANO HEREDIA";"250108";"UNIDAD DE CUIDADOS CRITICOS UNIDAD  DE CUIDADOS INTENSIVOS  (UCI) PEDIÁTRICA";"4";"4";"18";"19";"5";"155";"0"
"2023";"03";"150101";"LIMA";"LIMA";"LIMA";"PRIVADO";"II-E";"00025804";"OPERO SCRL";"NE_0001";"";"NE_0001";"NE_0001";"NE_0001";"NE_0001";"NE_0001";"NE_0001";"NE_0001"
"2023";"02";"250202";"UCAYALI";"ATALAYA";"SEPAHUA";"GOBIERNO REGIONAL";"I-1";"00019549";"SANTA ROSA DE SERJALI";"NE_0001";"";"NE_0001";"NE_0001";"NE_0001";"NE_0001";"NE_0001";"NE_0001";"NE_0001"
"2023";"02";"250203";"UCAYALI";"ATALAYA";"TAHUANIA";"GOBIERNO REGIONAL";"I-1";"00007106";"TONIROMASHI";"NE_0001";"";"NE_0001";"NE_0001";"NE_0001";"NE_0001";"NE_0001";"NE_0001";"NE_0001"
"2023";"02";"250202";"UCAYALI";"ATALAYA";"SEPAHUA";"GOBIERNO REGIONAL";"I-1";"00005525";"PUIJA";"NE_0001";"";"NE_0001";"NE_0001";"NE_0001";"NE_0001";"NE_0001";"NE_0001";"NE_0001"
"2023";"02";"250202";"UCAYALI";"ATALAYA";"SEPAHUA";"GOBIERNO REGIONAL";"I-1";"00005524";"BUFEO POZO";"NE_0001";"";"NE_0001";"NE_0001";"NE_0001";"NE_0001";"NE_0001";"NE_0001";"NE_0001"
"2023";"02";"250202";"UCAYALI";"ATALAYA";"SEPAHUA";"GOBIERNO REGIONAL";"I-3";"00005523";"SEPAHUA";"NE_0001";"";"NE_0001";"NE_0001";"NE_0001";"NE_0001";"NE_0001";"NE_0001";"NE_0001"
"2023";"02";"250203";"UCAYALI";"ATALAYA";"TAHUANIA";"GOBIERNO REGIONAL";"I-1";"00005522";"TUPAC AMARU";"NE_0001";"";"NE_0001";"NE_0001";"NE_0001";"NE_0001";"NE_0001";"NE_0001";"NE_0001"
"2023";"02";"250203";"UCAYALI";"ATALAYA";"TAHUANIA";"GOBIERNO REGIONAL";"I-2";"00005521";"NUEVA ITALIA";"NE_0001";"";"NE_0001";"NE_0001";"NE_0001";"NE_0001";"NE_0001";"NE_0001";"NE_0001"
"2023";"02";"250201";"UCAYALI";"ATALAYA";"RAIMONDI";"GOBIERNO REGIONAL";"I-1";"00005515";"ALTO CHENCORENI";"NE_0001";"";"NE_0001";"NE_0001";"NE_0001";"NE_0001";"NE_0001";"NE_0001";"NE_0001"
"2023";"05";"130906";"LA LIBERTAD";"SANCHEZ CARRION";"SANAGORAN";"GOBIERNO REGIONAL";"I-2";"00005360";"VENTANAS";"NE_0001";"";"NE_0001";"NE_0001";"NE_0001";"NE_0001";"NE_0001";"NE_0001";"NE_0001"
"2023";"07";"120605";"JUNIN";"SATIPO";"PAMPA HERMOSA";"GOBIERNO REGIONAL";"I-2";"00000493";"MARIPOSA";"NE_0001";"";"NE_0001";"NE_0001";"NE_0001";"NE_0001";"NE_0001";"NE_0001";"NE_0001"
"2023";"07";"120602";"JUNIN";"SATIPO";"COVIRIALI";"GOBIERNO REGIONAL";"I-3";"00000485";"COVIRIALI";"NE_0001";"";"NE_0001";"NE_0001";"NE_0001";"NE_0001";"NE_0001";"NE_0001";"NE_0001"
"2023";"07";"120602";"JUNIN";"SATIPO";"COVIRIALI";"GOBIERNO REGIONAL";"I-1";"00000487";"SANTA MARIA";"NE_0001";"";"NE_0001";"NE_0001";"NE_0001";"NE_0001";"NE_0001";"NE_0001";"NE_0001"
"2023";"07";"120605";"JUNIN";"SATIPO";"PAMPA HERMOSA";"GOBIERNO REGIONAL";"I-2";"00017678";"HUANCAMACHAY";"NE_0001";"";"NE_0001";"NE_0001";"NE_0001";"NE_0001";"NE_0001";"NE_0001";"NE_0001"
"2023";"07";"120602";"JUNIN";"SATIPO";"COVIRIALI";"GOBIERNO REGIONAL";"I-1";"00000489";"BUENOS AIRES";"NE_0001";"";"NE_0001";"NE_0001";"NE_0001";"NE_0001";"NE_0001";"NE_0001";"NE_0001"
"2023";"07";"120605";"JUNIN";"SATIPO";"PAMPA HERMOSA";"GOBIERNO REGIONAL";"I-2";"00000494";"APALLA CALABAZA";"NE_0001";"";"NE_0001";"NE_0001";"NE_0001";"NE_0001";"NE_0001";"NE_0001";"NE_0001"
"2023";"07";"120602";"JUNIN";"SATIPO";"COVIRIALI";"GOBIERNO REGIONAL";"I-1";"00007186";"PALMAPAMPA";"NE_0001";"";"NE_0001";"NE_0001";"NE_0001";"NE_0001";"NE_0001";"NE_0001";"NE_0001"
"2023";"07";"120703";"JUNIN";"TARMA";"HUARICOLCA";"GOBIERNO REGIONAL";"I-1";"00000568";"CONGAS ANTACUCHO";"NE_0001";"";"NE_0001";"NE_0001";"NE_0001";"NE_0001";"NE_0001";"NE_0001";"NE_0001"
"2023";"07";"021301";"ANCASH";"MARISCAL LUZURIAGA";"PISCOBAMBA";"GOBIERNO REGIONAL";"I-1";"00001784";"PUESTO DE SALUD SOCOSBAMBA";"NE_0001";"";"NE_0001";"NE_0001";"NE_0001";"NE_0001";"NE_0001";"NE_0001";"NE_0001"
"2023";"07";"021304";"ANCASH";"MARISCAL LUZURIAGA";"FIDEL OLIVAS ESCUDERO";"GOBIERNO REGIONAL";"I-1";"00001793";"PUESTO DE SALUD SANASHGAN";"NE_0001";"";"NE_0001";"NE_0001";"NE_0001";"NE_0001";"NE_0001";"NE_0001";"NE_0001"
"2023";"07";"021301";"ANCASH";"MARISCAL LUZURIAGA";"PISCOBAMBA";"GOBIERNO REGIONAL";"I-4";"00001783";"CENTRO DE SALUD PISCOBAMBA";"241600";"HOSPITALIZACIÓN QUIRÚRGICA OBSTETRICIA   ";"2";"2";"7";"7";"6";"83";"0"
"2023";"07";"021301";"ANCASH";"MARISCAL LUZURIAGA";"PISCOBAMBA";"GOBIERNO REGIONAL";"I-4";"00001783";"CENTRO DE SALUD PISCOBAMBA";"241800";"HOSPITALIZACIÓN DE MEDICINA MEDICINA GENERAL ";"1";"1";"5";"5";"6";"175";"0"
"2023";"07";"021304";"ANCASH";"MARISCAL LUZURIAGA";"FIDEL OLIVAS ESCUDERO";"GOBIERNO REGIONAL";"I-1";"00001794";"PUESTO DE SALUD PARCO";"NE_0001";"";"NE_0001";"NE_0001";"NE_0001";"NE_0001";"NE_0001";"NE_0001";"NE_0001"
"2023";"07";"021306";"ANCASH";"MARISCAL LUZURIAGA";"LLUMPA";"GOBIERNO REGIONAL";"I-2";"00001789";"PUESTO DE SALUD LLUMPA";"NE_0001";"";"NE_0001";"NE_0001";"NE_0001";"NE_0001";"NE_0001";"NE_0001";"NE_0001"
"2023";"07";"150103";"LIMA";"LIMA";"ATE";"MINSA";"II-1";"00005883";"HOSPITAL DE HUAYCAN";"241800";"HOSPITALIZACIÓN DE MEDICINA MEDICINA GENERAL ";"21";"26";"235";"194";"7";"217";"1"
"2023";"07";"150103";"LIMA";"LIMA";"ATE";"MINSA";"II-1";"00005883";"HOSPITAL DE HUAYCAN";"240100";"HOSPITALIZACIÓN QUIRÚRGICA CIRUGÍA GENERAL ";"50";"46";"146";"154";"11";"341";"0"
"2023";"07";"150103";"LIMA";"LIMA";"ATE";"MINSA";"II-1";"00005883";"HOSPITAL DE HUAYCAN";"241200";"HOSPITALIZACIÓN QUIRÚRGICA TRAUMATOLOGÍA Y ORTOPEDIA ";"17";"17";"96";"91";"4";"124";"0"
"2023";"07";"150103";"LIMA";"LIMA";"ATE";"MINSA";"II-1";"00005883";"HOSPITAL DE HUAYCAN";"242500";"HOSPITALIZACIÓN-PEDIATRÍA GENERAL-";"46";"44";"164";"167";"11";"341";"0"
"2023";"07";"150103";"LIMA";"LIMA";"ATE";"MINSA";"II-1";"00005883";"HOSPITAL DE HUAYCAN";"241600";"HOSPITALIZACIÓN QUIRÚRGICA OBSTETRICIA   ";"126";"132";"302";"295";"16";"496";"0"
"2023";"07";"150103";"LIMA";"LIMA";"ATE";"MINSA";"II-1";"00005883";"HOSPITAL DE HUAYCAN";"241500";"HOSPITALIZACIÓN QUIRÚRGICA GINECOLOGÍA  ";"1";"1";"5";"5";"1";"31";"0"
"2023";"07";"220510";"SAN MARTIN";"LAMAS";"TABALOSOS";"GOBIERNO REGIONAL";"I-4";"00006408";"TABALOSOS";"240100";"HOSPITALIZACIÓN QUIRÚRGICA CIRUGÍA GENERAL ";"0";"1";"5";"2";"7";"210";"0"
"2023";"07";"150101";"LIMA";"LIMA";"LIMA";"ESSALUD";"II-2";"00008502";"HOSPITAL DE EMERGENCIAS GRAU";"241900";"HOSPITALIZACIÓN DE MEDICINA MEDICINA INTERNA ";"190";"188";"1479";"1498";"52";"1612";"12"
"2023";"07";"150101";"LIMA";"LIMA";"LIMA";"ESSALUD";"II-2";"00008502";"HOSPITAL DE EMERGENCIAS GRAU";"242000";"HOSPITALIZACIÓN DE MEDICINA MEDICINA TROPICAL E INFECCIOSAS ";"42";"37";"384";"261";"11";"341";"1"
"2023";"07";"150101";"LIMA";"LIMA";"LIMA";"ESSALUD";"II-2";"00008502";"HOSPITAL DE EMERGENCIAS GRAU";"240100";"HOSPITALIZACIÓN QUIRÚRGICA CIRUGÍA GENERAL ";"262";"255";"669";"549";"25";"775";"0"
"2023";"07";"150101";"LIMA";"LIMA";"LIMA";"ESSALUD";"II-2";"00008502";"HOSPITAL DE EMERGENCIAS GRAU";"241200";"HOSPITALIZACIÓN QUIRÚRGICA TRAUMATOLOGÍA Y ORTOPEDIA ";"78";"78";"332";"350";"14";"434";"0"
"2023";"07";"150101";"LIMA";"LIMA";"LIMA";"ESSALUD";"II-2";"00008502";"HOSPITAL DE EMERGENCIAS GRAU";"241300";"HOSPITALIZACIÓN QUIRÚRGICA UROLOGÍA  ";"65";"68";"349";"119";"12";"372";"0"
"2023";"07";"150101";"LIMA";"LIMA";"LIMA";"ESSALUD";"II-2";"00008502";"HOSPITAL DE EMERGENCIAS GRAU";"241400";"HOSPITALIZACIÓN QUIRÚRGICA GINECO - OBSTETRICIA ";"323";"323";"694";"608";"31";"961";"0"
"2023";"07";"150101";"LIMA";"LIMA";"LIMA";"ESSALUD";"II-2";"00008502";"HOSPITAL DE EMERGENCIAS GRAU";"242500";"HOSPITALIZACIÓN-PEDIATRÍA GENERAL-";"112";"118";"306";"289";"11";"341";"0"
"2023";"07";"150101";"LIMA";"LIMA";"LIMA";"ESSALUD";"II-2";"00008502";"HOSPITAL DE EMERGENCIAS GRAU";"243200";"HOSPITALIZACIÓN DE PEDIATRÍA PEDIATRIA NEONATOLOGÍA";"131";"134";"238";"136";"10";"310";"0"
"2023";"07";"150101";"LIMA";"LIMA";"LIMA";"ESSALUD";"II-2";"00008502";"HOSPITAL DE EMERGENCIAS GRAU";"250200";"UNIDAD DE CUIDADOS CRITICOS UNIDAD DE CUIDADOS INTERMEDIOS GENERAL  (UCIN) ";"17";"4";"45";"127";"5";"155";"0"
"2023";"07";"150101";"LIMA";"LIMA";"LIMA";"ESSALUD";"II-2";"00008502";"HOSPITAL DE EMERGENCIAS GRAU";"250100";"UNIDAD DE CUIDADOS CRITICOS UNIDAD  DE CUIDADOS INTENSIVOS GENERALES (UCI) ";"12";"2";"34";"245";"8";"248";"2"
"2023";"07";"240302";"TUMBES";"ZARUMILLA";"AGUAS VERDES";"GOBIERNO REGIONAL";"I-1";"00001887";"POCITOS";"NE_0001";"";"NE_0001";"NE_0001";"NE_0001";"NE_0001";"NE_0001";"NE_0001";"NE_0001"
"2023";"07";"240304";"TUMBES";"ZARUMILLA";"PAPAYAL";"GOBIERNO REGIONAL";"I-2";"00001893";"UÑA DE GATO";"NE_0001";"";"NE_0001";"NE_0001";"NE_0001";"NE_0001";"NE_0001";"NE_0001";"NE_0001"
"2023";"07";"240301";"TUMBES";"ZARUMILLA";"ZARUMILLA";"GOBIERNO REGIONAL";"I-3";"00026856";"Centro de Salud Mental Comunitario  ""LIC. ENF. SILVIA VIOLETA CONDE SOSA""";"NE_0001";"";"NE_0001";"NE_0001";"NE_0001";"NE_0001";"NE_0001";"NE_0001";"NE_0001"
"2023";"07";"240304";"TUMBES";"ZARUMILLA";"PAPAYAL";"GOBIERNO REGIONAL";"I-2";"00001892";"LA PALMA";"NE_0001";"";"NE_0001";"NE_0001";"NE_0001";"NE_0001";"NE_0001";"NE_0001";"NE_0001"
"2023";"07";"240304";"TUMBES";"ZARUMILLA";"PAPAYAL";"GOBIERNO REGIONAL";"I-1";"00001894";"EL PORVENIR.";"NE_0001";"";"NE_0001";"NE_0001";"NE_0001";"NE_0001";"NE_0001";"NE_0001";"NE_0001"
"2023";"07";"240304";"TUMBES";"ZARUMILLA";"PAPAYAL";"GOBIERNO REGIONAL";"I-1";"00001895";"LECHUGAL";"NE_0001";"";"NE_0001";"NE_0001";"NE_0001";"NE_0001";"NE_0001";"NE_0001";"NE_0001"
"2023";"07";"240301";"TUMBES";"ZARUMILLA";"ZARUMILLA";"GOBIERNO REGIONAL";"I-4";"00001896";"CENTRO DE SALUD ZARUMILLA";"241600";"HOSPITALIZACIÓN QUIRÚRGICA OBSTETRICIA   ";"18";"18";"19";"18";"1";"31";"0"
"2023";"07";"240302";"TUMBES";"ZARUMILLA";"AGUAS VERDES";"GOBIERNO REGIONAL";"I-3";"00001885";"CLAS AGUAS VERDES";"NE_0001";"";"NE_0001";"NE_0001";"NE_0001";"NE_0001";"NE_0001";"NE_0001";"NE_0001"
"2023";"07";"240302";"TUMBES";"ZARUMILLA";"AGUAS VERDES";"GOBIERNO REGIONAL";"I-1";"00001889";"LOMA SAAVEDRA";"NE_0001";"";"NE_0001";"NE_0001";"NE_0001";"NE_0001";"NE_0001";"NE_0001";"NE_0001"
"2023";"07";"240304";"TUMBES";"ZARUMILLA";"PAPAYAL";"GOBIERNO REGIONAL";"I-3";"00001891";"C.S. PAPAYAL";"NE_0001";"";"NE_0001";"NE_0001";"NE_0001";"NE_0001";"NE_0001";"NE_0001";"NE_0001"
"2023";"07";"240301";"TUMBES";"ZARUMILLA";"ZARUMILLA";"GOBIERNO REGIONAL";"0";"00030270";"II HOGAR PROTEGIDO";"NE_0001";"";"NE_0001";"NE_0001";"NE_0001";"NE_0001";"NE_0001";"NE_0001";"NE_0001"
"2023";"07";"240303";"TUMBES";"ZARUMILLA";"MATAPALO";"GOBIERNO REGIONAL";"I-3";"00001890";"C.S MATAPALO";"NE_0001";"";"NE_0001";"NE_0001";"NE_0001";"NE_0001";"NE_0001";"NE_0001";"NE_0001"
"2023";"07";"240302";"TUMBES";"ZARUMILLA";"AGUAS VERDES";"GOBIERNO REGIONAL";"I-2";"00001886";"CUCHARETA BAJA";"NE_0001";"";"NE_0001";"NE_0001";"NE_0001";"NE_0001";"NE_0001";"NE_0001";"NE_0001"
"2023";"07";"080913";"CUSCO";"LA CONVENCION";"VILLA KINTIARINA";"GOBIERNO REGIONAL";"I-3";"00002488";"VILLA KINTIARINA";"NE_0001";"";"NE_0001";"NE_0001";"NE_0001";"NE_0001";"NE_0001";"NE_0001";"NE_0001"
"2023";"07";"080907";"CUSCO";"LA CONVENCION";"KIMBIRI";"GOBIERNO REGIONAL";"I-2";"00002472";"MAPITUNARI";"NE_0001";"";"NE_0001";"NE_0001";"NE_0001";"NE_0001";"NE_0001";"NE_0001";"NE_0001"
"2023";"07";"080907";"CUSCO";"LA CONVENCION";"KIMBIRI";"GOBIERNO REGIONAL";"I-2";"00002475";"KIMBIRI ALTO";"NE_0001";"";"NE_0001";"NE_0001";"NE_0001";"NE_0001";"NE_0001";"NE_0001";"NE_0001"
"2023";"07";"080912";"CUSCO";"LA CONVENCION";"VILLA VIRGEN";"GOBIERNO REGIONAL";"I-2";"00002479";"VILLA VIRGEN";"NE_0001";"";"NE_0001";"NE_0001";"NE_0001";"NE_0001";"NE_0001";"NE_0001";"NE_0001"
"2023";"07";"080907";"CUSCO";"LA CONVENCION";"KIMBIRI";"GOBIERNO REGIONAL";"I-1";"00002473";"UNION ROSALES";"NE_0001";"";"NE_0001";"NE_0001";"NE_0001";"NE_0001";"NE_0001";"NE_0001";"NE_0001"
"2023";"07";"080907";"CUSCO";"LA CONVENCION";"KIMBIRI";"GOBIERNO REGIONAL";"I-2";"00002474";"SAMANIATO";"NE_0001";"";"NE_0001";"NE_0001";"NE_0001";"NE_0001";"NE_0001";"NE_0001";"NE_0001"
"2023";"07";"080907";"CUSCO";"LA CONVENCION";"KIMBIRI";"GOBIERNO REGIONAL";"I-1";"00008284";"MANITEA ALTA";"NE_0001";"";"NE_0001";"NE_0001";"NE_0001";"NE_0001";"NE_0001";"NE_0001";"NE_0001"
"2023";"03";"110108";"ICA";"ICA";"SALAS";"GOBIERNO REGIONAL";"I-3";"00003363";"GUADALUPE";"241600";"HOSPITALIZACIÓN QUIRÚRGICA OBSTETRICIA   ";"3";"3";"3";"1";"3";"93";"0"
"2023";"03";"110112";"ICA";"ICA";"SUBTANJALLA";"GOBIERNO REGIONAL";"I-3";"00003362";"SUBTANJALLA";"NE_0001";"";"NE_0001";"NE_0001";"NE_0001";"NE_0001";"NE_0001";"NE_0001";"NE_0001"
"2023";"03";"110108";"ICA";"ICA";"SALAS";"GOBIERNO REGIONAL";"I-2";"00003384";"PAMPA DE VILLACURI";"NE_0001";"";"NE_0001";"NE_0001";"NE_0001";"NE_0001";"NE_0001";"NE_0001";"NE_0001"
"2023";"03";"110112";"ICA";"ICA";"SUBTANJALLA";"GOBIERNO REGIONAL";"I-3";"00003378";"LA ANGOSTURA";"NE_0001";"";"NE_0001";"NE_0001";"NE_0001";"NE_0001";"NE_0001";"NE_0001";"NE_0001"
"2023";"03";"150131";"LIMA";"LIMA";"SAN ISIDRO";"PRIVADO";"I-2";"00008215";"MEDICENTRO SAN ISIDRO";"NE_0001";"";"NE_0001";"NE_0001";"NE_0001";"NE_0001";"NE_0001";"NE_0001";"NE_0001"
"2023";"03";"150121";"LIMA";"LIMA";"PUEBLO LIBRE";"PRIVADO";"II-2";"00010743";"CLINICA STELLA MARIS";"241400";"HOSPITALIZACIÓN QUIRÚRGICA GINECO - OBSTETRICIA ";"38";"36";"102";"107";"16";"496";"0"
"2023";"03";"150121";"LIMA";"LIMA";"PUEBLO LIBRE";"PRIVADO";"II-2";"00010743";"CLINICA STELLA MARIS";"240000";"HOSPITALIZACIÓN";"428";"361";"1433";"1512";"53";"1643";"4"
"2023";"03";"150121";"LIMA";"LIMA";"PUEBLO LIBRE";"PRIVADO";"II-2";"00010743";"CLINICA STELLA MARIS";"243200";"HOSPITALIZACIÓN DE PEDIATRÍA PEDIATRIA NEONATOLOGÍA";"6";"6";"11";"11";"2";"62";"0"
"2023";"03";"150121";"LIMA";"LIMA";"PUEBLO LIBRE";"PRIVADO";"II-2";"00010743";"CLINICA STELLA MARIS";"250100";"UNIDAD DE CUIDADOS CRITICOS UNIDAD  DE CUIDADOS INTENSIVOS GENERALES (UCI) ";"4";"2";"30";"46";"10";"310";"0"
"2023";"03";"150121";"LIMA";"LIMA";"PUEBLO LIBRE";"PRIVADO";"II-2";"00010743";"CLINICA STELLA MARIS";"250200";"UNIDAD DE CUIDADOS CRITICOS UNIDAD DE CUIDADOS INTERMEDIOS GENERAL  (UCIN) ";"39";"34";"148";"140";"5";"155";"1"
"2023";"04";"150101";"LIMA";"LIMA";"LIMA";"MINSA";"III-2";"00006209";"INSTITUTO NACIONAL DE CIENCIAS NEUROLOGICAS";"244800";"HOSPITALIZACIÓN DE MEDICINA-NEUROLOGIA -NEUROLOGIA DE LA CONDUCTA";"26";"24";"269";"281";"14";"426";"0"
"2023";"04";"150101";"LIMA";"LIMA";"LIMA";"MINSA";"III-2";"00006209";"INSTITUTO NACIONAL DE CIENCIAS NEUROLOGICAS";"245200";"HOSPITALIZACIÓN DE MEDICINA NEUROLOGIA  EPILEPSIA/EPILEPTOLOGIA";"30";"19";"215";"202";"9";"260";"0"
"2023";"04";"150101";"LIMA";"LIMA";"LIMA";"MINSA";"III-2";"00006209";"INSTITUTO NACIONAL DE CIENCIAS NEUROLOGICAS";"243400";"HOSPITALIZACIÓN DE PEDIATRÍA PEDIATRIA NEUROLOGÍA PEDIÁTRICA";"18";"16";"208";"255";"14";"420";"0"
"2023";"04";"150101";"LIMA";"LIMA";"LIMA";"MINSA";"III-2";"00006209";"INSTITUTO NACIONAL DE CIENCIAS NEUROLOGICAS";"245100";"HOSPITALIZACIÓN DE MEDICINA NEUROLOGIA  ENFERMEDADES INFECCIOSAS/TRANSMISIBLES DEL SISTEMA NERVIOSO";"20";"13";"330";"437";"16";"479";"0"
"2023";"04";"150101";"LIMA";"LIMA";"LIMA";"MINSA";"III-2";"00006209";"INSTITUTO NACIONAL DE CIENCIAS NEUROLOGICAS";"245000";"HOSPITALIZACIÓN DE MEDICINA NEUROLOGIA  NEUROVASCULARES Y METABOLICAS";"43";"32";"435";"318";"11";"328";"0"
"2023";"04";"150101";"LIMA";"LIMA";"LIMA";"MINSA";"III-2";"00006209";"INSTITUTO NACIONAL DE CIENCIAS NEUROLOGICAS";"244900";"HOSPITALIZACIÓN DE MEDICINA NEUROLOGIA  NEURODEGENERATIVAS";"40";"25";"415";"499";"20";"600";"0"
"2023";"04";"150101";"LIMA";"LIMA";"LIMA";"MINSA";"III-2";"00006209";"INSTITUTO NACIONAL DE CIENCIAS NEUROLOGICAS";"240900";"HOSPITALIZACIÓN QUIRÚRGICA NEUROCIRUGÍA ";"142";"68";"887";"894";"33";"989";"1"
"2023";"04";"150101";"LIMA";"LIMA";"LIMA";"MINSA";"III-2";"00006209";"INSTITUTO NACIONAL DE CIENCIAS NEUROLOGICAS";"250106";"UNIDAD DE CUIDADOS CRITICOS UNIDAD  DE CUIDADOS INTENSIVOS  (UCI) NEUROLÓGICA";"27";"7";"147";"150";"7";"205";"6"
"2023";"04";"150101";"LIMA";"LIMA";"LIMA";"MINSA";"III-2";"00006209";"INSTITUTO NACIONAL DE CIENCIAS NEUROLOGICAS";"250200";"UNIDAD DE CUIDADOS CRITICOS UNIDAD DE CUIDADOS INTERMEDIOS GENERAL  (UCIN) ";"4";"1";"64";"140";"6";"180";"0"
"2023";"04";"220101";"SAN MARTIN";"MOYOBAMBA";"MOYOBAMBA";"GOBIERNO REGIONAL";"I-1";"00006321";"LOS ANGELES";"NE_0001";"";"NE_0001";"NE_0001";"NE_0001";"NE_0001";"NE_0001";"NE_0001";"NE_0001"
"2023";"04";"220101";"SAN MARTIN";"MOYOBAMBA";"MOYOBAMBA";"GOBIERNO REGIONAL";"I-1";"00006320";"CAÑABRAVA";"NE_0001";"";"NE_0001";"NE_0001";"NE_0001";"NE_0001";"NE_0001";"NE_0001";"NE_0001"
"2023";"04";"220101";"SAN MARTIN";"MOYOBAMBA";"MOYOBAMBA";"GOBIERNO REGIONAL";"I-1";"00006319";"BUENOS AIRES";"NE_0001";"";"NE_0001";"NE_0001";"NE_0001";"NE_0001";"NE_0001";"NE_0001";"NE_0001"
"2023";"04";"220106";"SAN MARTIN";"MOYOBAMBA";"YANTALO";"GOBIERNO REGIONAL";"I-3";"00006318";"YANTALO";"NE_0002";"";"NE_0002";"NE_0002";"NE_0002";"NE_0002";"NE_0002";"NE_0002";"NE_0002"
"2023";"04";"130101";"LA LIBERTAD";"TRUJILLO";"TRUJILLO";"GOBIERNO REGIONAL";"III-2";"00007277";"INSTITUTO REGIONAL DE ENFERMEDADES NEOPLASICAS - NORTE - DR. LUIS PINILLOS GANOZA";"241000";"HOSPITALIZACIÓN QUIRÚRGICA ONCOLOGÍA QUIRÚRGICA  ";"115";"107";"440";"577";"22";"583";"3"
"2023";"04";"130101";"LA LIBERTAD";"TRUJILLO";"TRUJILLO";"GOBIERNO REGIONAL";"III-2";"00007277";"INSTITUTO REGIONAL DE ENFERMEDADES NEOPLASICAS - NORTE - DR. LUIS PINILLOS GANOZA";"242100";"HOSPITALIZACIÓN DE MEDICINA ONCOLOGÍA MÉDICA ";"62";"64";"182";"238";"9";"248";"1"
"2023";"04";"080101";"CUSCO";"CUSCO";"CUSCO";"PRIVADO";"II-E";"00010014";"DR. VICTOR PAREDES";"240000";"HOSPITALIZACIÓN";"109";"113";"191";"93";"19";"570";"0"
"2023";"04";"080106";"CUSCO";"CUSCO";"SANTIAGO";"PRIVADO";"II-E";"00023570";"MIR SALUD";"240000";"HOSPITALIZACIÓN";"23";"25";"51";"48";"9";"270";"0"
"2023";"04";"160107";"LORETO";"MAYNAS";"NAPO";"GOBIERNO REGIONAL";"II-1";"00000066";"HOSPITAL II-1 SANTA CLOTILDE";"241800";"HOSPITALIZACIÓN DE MEDICINA MEDICINA GENERAL ";"15";"15";"98";"108";"16";"480";"0"
"2023";"04";"160107";"LORETO";"MAYNAS";"NAPO";"GOBIERNO REGIONAL";"II-1";"00000066";"HOSPITAL II-1 SANTA CLOTILDE";"242300";"HOSPITALIZACIÓN DE PEDIATRÍA  PEDIATRÍA  GENERAL ";"4";"4";"15";"19";"7";"210";"0"
"2023";"04";"160107";"LORETO";"MAYNAS";"NAPO";"GOBIERNO REGIONAL";"II-1";"00000066";"HOSPITAL II-1 SANTA CLOTILDE";"241600";"HOSPITALIZACIÓN QUIRÚRGICA OBSTETRICIA   ";"10";"10";"21";"29";"6";"180";"0"
"2023";"04";"160107";"LORETO";"MAYNAS";"NAPO";"GOBIERNO REGIONAL";"II-1";"00000066";"HOSPITAL II-1 SANTA CLOTILDE";"242000";"HOSPITALIZACIÓN DE MEDICINA MEDICINA TROPICAL E INFECCIOSAS ";"1";"1";"2";"2";"3";"90";"1"
"2023";"06";"150131";"LIMA";"LIMA";"SAN ISIDRO";"SANIDAD DE LA POLICIA NACIONAL DEL PERU";"I-3";"00012740";"POLICLINICO POLICIAL MININTER";"NE_0001";"";"NE_0001";"NE_0001";"NE_0001";"NE_0001";"NE_0001";"NE_0001";"NE_0001"
"2023";"06";"100101";"HUANUCO";"HUANUCO";"HUANUCO";"SANIDAD DE LA POLICIA NACIONAL DEL PERU";"I-3";"00011421";"POLICLINICO POLICIAL HUÀNUCO";"NE_0001";"";"NE_0001";"NE_0001";"NE_0001";"NE_0001";"NE_0001";"NE_0001";"NE_0001"
"2023";"06";"130101";"LA LIBERTAD";"TRUJILLO";"TRUJILLO";"PRIVADO";"II-E";"00025536";"OFTALMONORTE";"NE_0001";"";"NE_0001";"NE_0001";"NE_0001";"NE_0001";"NE_0001";"NE_0001";"NE_0001"
"2023";"06";"150509";"LIMA";"CAÑETE";"MALA";"ESSALUD";"I-3";"00010569";"CENTRO MEDICO MALA";"NE_0001";"";"NE_0001";"NE_0001";"NE_0001";"NE_0001";"NE_0001";"NE_0001";"NE_0001"
"2023";"06";"060801";"CAJAMARCA";"JAEN";"JAEN";"PRIVADO";"I-3";"00030976";"CENTRO MEDICO SALUD & VIAL JAEN";"NE_0001";"";"NE_0001";"NE_0001";"NE_0001";"NE_0001";"NE_0001";"NE_0001";"NE_0001"
"2023";"06";"080106";"CUSCO";"CUSCO";"SANTIAGO";"PRIVADO";"II-E";"00023570";"MIR SALUD";"240000";"HOSPITALIZACIÓN";"29";"28";"54";"266";"9";"286";"0"
"2023";"06";"090301";"HUANCAVELICA";"ANGARAES";"LIRCAY";"GOBIERNO REGIONAL";"II-1";"00003943";"HOSPITAL DE LIRCAY";"240100";"HOSPITALIZACIÓN QUIRÚRGICA CIRUGÍA GENERAL ";"14";"14";"46";"14";"6";"180";"0"
"2023";"06";"090301";"HUANCAVELICA";"ANGARAES";"LIRCAY";"GOBIERNO REGIONAL";"II-1";"00003943";"HOSPITAL DE LIRCAY";"245400";"HOSPITALIZACIÓN DE MEDICINA GINECOLOGIA ";"60";"64";"113";"60";"9";"270";"0"
"2023";"06";"090301";"HUANCAVELICA";"ANGARAES";"LIRCAY";"GOBIERNO REGIONAL";"II-1";"00003943";"HOSPITAL DE LIRCAY";"242300";"HOSPITALIZACIÓN DE PEDIATRÍA  PEDIATRÍA  GENERAL ";"18";"20";"96";"18";"4";"120";"0"
"2023";"06";"090301";"HUANCAVELICA";"ANGARAES";"LIRCAY";"GOBIERNO REGIONAL";"II-1";"00003943";"HOSPITAL DE LIRCAY";"241900";"HOSPITALIZACIÓN DE MEDICINA MEDICINA INTERNA ";"10";"11";"48";"10";"26";"780";"0"
"2023";"06";"040401";"AREQUIPA";"CASTILLA";"APLAO";"GOBIERNO REGIONAL";"II-1";"00001382";"HOSPITAL APLAO";"240100";"HOSPITALIZACIÓN QUIRÚRGICA CIRUGÍA GENERAL ";"22";"25";"82";"107";"10";"300";"0"
"2023";"06";"040401";"AREQUIPA";"CASTILLA";"APLAO";"GOBIERNO REGIONAL";"II-1";"00001382";"HOSPITAL APLAO";"241200";"HOSPITALIZACIÓN QUIRÚRGICA TRAUMATOLOGÍA Y ORTOPEDIA ";"7";"8";"19";"27";"4";"120";"0"
"2023";"06";"040401";"AREQUIPA";"CASTILLA";"APLAO";"GOBIERNO REGIONAL";"II-1";"00001382";"HOSPITAL APLAO";"241500";"HOSPITALIZACIÓN QUIRÚRGICA GINECOLOGÍA  ";"33";"36";"91";"127";"7";"210";"0"
"2023";"06";"040401";"AREQUIPA";"CASTILLA";"APLAO";"GOBIERNO REGIONAL";"II-1";"00001382";"HOSPITAL APLAO";"241800";"HOSPITALIZACIÓN DE MEDICINA MEDICINA GENERAL ";"16";"21";"130";"151";"13";"390";"0"
"2023";"06";"040401";"AREQUIPA";"CASTILLA";"APLAO";"GOBIERNO REGIONAL";"II-1";"00001382";"HOSPITAL APLAO";"242500";"HOSPITALIZACIÓN-PEDIATRÍA GENERAL-";"8";"8";"16";"24";"15";"450";"0"
"2023";"04";"100109";"HUANUCO";"HUANUCO";"SANTA MARIA DEL VALLE";"GOBIERNO REGIONAL";"I-1";"00027658";"SAN PEDRO DE CHOQUECANCHA";"NE_0001";"";"NE_0001";"NE_0001";"NE_0001";"NE_0001";"NE_0001";"NE_0001";"NE_0001"
"2023";"04";"100109";"HUANUCO";"HUANUCO";"SANTA MARIA DEL VALLE";"GOBIERNO REGIONAL";"I-3";"00027635";"SANTA MARIA DEL VALLE";"NE_0001";"";"NE_0001";"NE_0001";"NE_0001";"NE_0001";"NE_0001";"NE_0001";"NE_0001"
"2023";"04";"100109";"HUANUCO";"HUANUCO";"SANTA MARIA DEL VALLE";"GOBIERNO REGIONAL";"I-1";"00013848";"INGENIO BAJO";"NE_0001";"";"NE_0001";"NE_0001";"NE_0001";"NE_0001";"NE_0001";"NE_0001";"NE_0001"
"2023";"04";"100109";"HUANUCO";"HUANUCO";"SANTA MARIA DEL VALLE";"GOBIERNO REGIONAL";"I-2";"00007079";"SAN MIGUEL DE MITOQUERA";"NE_0001";"";"NE_0001";"NE_0001";"NE_0001";"NE_0001";"NE_0001";"NE_0001";"NE_0001"
"2023";"04";"100109";"HUANUCO";"HUANUCO";"SANTA MARIA DEL VALLE";"GOBIERNO REGIONAL";"I-2";"00007044";"LLACSA";"NE_0001";"";"NE_0001";"NE_0001";"NE_0001";"NE_0001";"NE_0001";"NE_0001";"NE_0001"
"2023";"04";"100109";"HUANUCO";"HUANUCO";"SANTA MARIA DEL VALLE";"GOBIERNO REGIONAL";"I-2";"00000774";"SANTA CRUZ DE RATACOCHA";"NE_0001";"";"NE_0001";"NE_0001";"NE_0001";"NE_0001";"NE_0001";"NE_0001";"NE_0001"
"2023";"04";"100109";"HUANUCO";"HUANUCO";"SANTA MARIA DEL VALLE";"GOBIERNO REGIONAL";"I-2";"00000773";"SANTA ROSA DE SIRABAMBA";"NE_0001";"";"NE_0001";"NE_0001";"NE_0001";"NE_0001";"NE_0001";"NE_0001";"NE_0001"
"2023";"04";"100109";"HUANUCO";"HUANUCO";"SANTA MARIA DEL VALLE";"GOBIERNO REGIONAL";"I-3";"00000772";"SAN SEBASTIAN DE QUERA";"NE_0001";"";"NE_0001";"NE_0001";"NE_0001";"NE_0001";"NE_0001";"NE_0001";"NE_0001"
"2023";"04";"100109";"HUANUCO";"HUANUCO";"SANTA MARIA DEL VALLE";"GOBIERNO REGIONAL";"I-2";"00000771";"PUESTO DE SALUD DE PACHABAMBA";"NE_0001";"";"NE_0001";"NE_0001";"NE_0001";"NE_0001";"NE_0001";"NE_0001";"NE_0001"
"2023";"04";"100109";"HUANUCO";"HUANUCO";"SANTA MARIA DEL VALLE";"GOBIERNO REGIONAL";"I-2";"00000770";"SANTIAGO DE LLACON";"NE_0001";"";"NE_0001";"NE_0001";"NE_0001";"NE_0001";"NE_0001";"NE_0001";"NE_0001"
"2023";"04";"100109";"HUANUCO";"HUANUCO";"SANTA MARIA DEL VALLE";"GOBIERNO REGIONAL";"I-2";"00000769";"POMACUCHO";"NE_0001";"";"NE_0001";"NE_0001";"NE_0001";"NE_0001";"NE_0001";"NE_0001";"NE_0001"
"2023";"04";"100109";"HUANUCO";"HUANUCO";"SANTA MARIA DEL VALLE";"GOBIERNO REGIONAL";"I-2";"00000768";"TAMBO DE SAN JOSE";"NE_0001";"";"NE_0001";"NE_0001";"NE_0001";"NE_0001";"NE_0001";"NE_0001";"NE_0001"
"2023";"06";"040125";"AREQUIPA";"AREQUIPA";"VITOR";"GOBIERNO REGIONAL";"I-3";"00001324";"CENTRO DE SALUD VITOR";"NE_0001";"";"NE_0001";"NE_0001";"NE_0001";"NE_0001";"NE_0001";"NE_0001";"NE_0001"
"2023";"06";"040121";"AREQUIPA";"AREQUIPA";"SANTA RITA DE SIHUAS";"GOBIERNO REGIONAL";"I-3";"00001335";"CENTRO  DE SALUD SANTA RITA DE SIGUAS";"NE_0001";"";"NE_0001";"NE_0001";"NE_0001";"NE_0001";"NE_0001";"NE_0001";"NE_0001"
"2023";"06";"040125";"AREQUIPA";"AREQUIPA";"VITOR";"GOBIERNO REGIONAL";"I-2";"00001334";"PUESTO DE SALUD YURAMAYO";"NE_0001";"";"NE_0001";"NE_0001";"NE_0001";"NE_0001";"NE_0001";"NE_0001";"NE_0001"
"2023";"05";"100109";"HUANUCO";"HUANUCO";"SANTA MARIA DEL VALLE";"GOBIERNO REGIONAL";"I-1";"00027658";"SAN PEDRO DE CHOQUECANCHA";"NE_0001";"";"NE_0001";"NE_0001";"NE_0001";"NE_0001";"NE_0001";"NE_0001";"NE_0001"
"2023";"05";"100109";"HUANUCO";"HUANUCO";"SANTA MARIA DEL VALLE";"GOBIERNO REGIONAL";"I-3";"00027635";"SANTA MARIA DEL VALLE";"NE_0001";"";"NE_0001";"NE_0001";"NE_0001";"NE_0001";"NE_0001";"NE_0001";"NE_0001"
"2023";"05";"100109";"HUANUCO";"HUANUCO";"SANTA MARIA DEL VALLE";"GOBIERNO REGIONAL";"I-1";"00013848";"INGENIO BAJO";"NE_0001";"";"NE_0001";"NE_0001";"NE_0001";"NE_0001";"NE_0001";"NE_0001";"NE_0001"
"2023";"05";"100109";"HUANUCO";"HUANUCO";"SANTA MARIA DEL VALLE";"GOBIERNO REGIONAL";"I-2";"00007079";"SAN MIGUEL DE MITOQUERA";"NE_0001";"";"NE_0001";"NE_0001";"NE_0001";"NE_0001";"NE_0001";"NE_0001";"NE_0001"
"2023";"05";"100109";"HUANUCO";"HUANUCO";"SANTA MARIA DEL VALLE";"GOBIERNO REGIONAL";"I-2";"00007044";"LLACSA";"NE_0001";"";"NE_0001";"NE_0001";"NE_0001";"NE_0001";"NE_0001";"NE_0001";"NE_0001"
"2023";"05";"100109";"HUANUCO";"HUANUCO";"SANTA MARIA DEL VALLE";"GOBIERNO REGIONAL";"I-2";"00000774";"SANTA CRUZ DE RATACOCHA";"NE_0001";"";"NE_0001";"NE_0001";"NE_0001";"NE_0001";"NE_0001";"NE_0001";"NE_0001"
"2023";"05";"100109";"HUANUCO";"HUANUCO";"SANTA MARIA DEL VALLE";"GOBIERNO REGIONAL";"I-2";"00000773";"SANTA ROSA DE SIRABAMBA";"NE_0001";"";"NE_0001";"NE_0001";"NE_0001";"NE_0001";"NE_0001";"NE_0001";"NE_0001"
"2023";"05";"100109";"HUANUCO";"HUANUCO";"SANTA MARIA DEL VALLE";"GOBIERNO REGIONAL";"I-3";"00000772";"SAN SEBASTIAN DE QUERA";"NE_0001";"";"NE_0001";"NE_0001";"NE_0001";"NE_0001";"NE_0001";"NE_0001";"NE_0001"
"2023";"05";"100109";"HUANUCO";"HUANUCO";"SANTA MARIA DEL VALLE";"GOBIERNO REGIONAL";"I-2";"00000771";"PUESTO DE SALUD DE PACHABAMBA";"NE_0001";"";"NE_0001";"NE_0001";"NE_0001";"NE_0001";"NE_0001";"NE_0001";"NE_0001"
"2023";"05";"100109";"HUANUCO";"HUANUCO";"SANTA MARIA DEL VALLE";"GOBIERNO REGIONAL";"I-2";"00000770";"SANTIAGO DE LLACON";"NE_0001";"";"NE_0001";"NE_0001";"NE_0001";"NE_0001";"NE_0001";"NE_0001";"NE_0001"
"2023";"05";"100109";"HUANUCO";"HUANUCO";"SANTA MARIA DEL VALLE";"GOBIERNO REGIONAL";"I-2";"00000769";"POMACUCHO";"NE_0001";"";"NE_0001";"NE_0001";"NE_0001";"NE_0001";"NE_0001";"NE_0001";"NE_0001"
"2023";"05";"100109";"HUANUCO";"HUANUCO";"SANTA MARIA DEL VALLE";"GOBIERNO REGIONAL";"I-2";"00000768";"TAMBO DE SAN JOSE";"NE_0001";"";"NE_0001";"NE_0001";"NE_0001";"NE_0001";"NE_0001";"NE_0001";"NE_0001"
"2023";"06";"080910";"CUSCO";"LA CONVENCION";"PICHARI";"GOBIERNO REGIONAL";"I-2";"00007113";"NATIVIDAD";"NE_0001";"";"NE_0001";"NE_0001";"NE_0001";"NE_0001";"NE_0001";"NE_0001";"NE_0001"
"2023";"06";"080910";"CUSCO";"LA CONVENCION";"PICHARI";"GOBIERNO REGIONAL";"I-2";"00002498";"PUERTO MAYO";"NE_0001";"";"NE_0001";"NE_0001";"NE_0001";"NE_0001";"NE_0001";"NE_0001";"NE_0001"
"2023";"06";"080910";"CUSCO";"LA CONVENCION";"PICHARI";"GOBIERNO REGIONAL";"I-4";"00002494";"PICHARI";"NE_0001";"";"NE_0001";"NE_0001";"NE_0001";"NE_0001";"NE_0001";"NE_0001";"NE_0001"
"2023";"06";"080910";"CUSCO";"LA CONVENCION";"PICHARI";"GOBIERNO REGIONAL";"I-1";"00002497";"OTARI";"NE_0001";"";"NE_0001";"NE_0001";"NE_0001";"NE_0001";"NE_0001";"NE_0001";"NE_0001"
"2023";"06";"120114";"JUNIN";"HUANCAYO";"EL TAMBO";"ESSALUD";"I-4";"00008660";"POLICLINICO METROPOLITANO HUANCAYO";"NE_0001";"";"NE_0001";"NE_0001";"NE_0001";"NE_0001";"NE_0001";"NE_0001";"NE_0001"
"2023";"07";"150131";"LIMA";"LIMA";"SAN ISIDRO";"SANIDAD DE LA POLICIA NACIONAL DEL PERU";"I-3";"00012740";"POLICLINICO POLICIAL MININTER";"NE_0001";"";"NE_0001";"NE_0001";"NE_0001";"NE_0001";"NE_0001";"NE_0001";"NE_0001"
"2023";"07";"220101";"SAN MARTIN";"MOYOBAMBA";"MOYOBAMBA";"SANIDAD DE LA POLICIA NACIONAL DEL PERU";"I-3";"00018077";"POLICLINICO PNP MOYOBAMBA";"NE_0001";"";"NE_0001";"NE_0001";"NE_0001";"NE_0001";"NE_0001";"NE_0001";"NE_0001"
"2023";"07";"010101";"AMAZONAS";"CHACHAPOYAS";"CHACHAPOYAS";"SANIDAD DE LA POLICIA NACIONAL DEL PERU";"I-3";"00026723";"POLICLINICO POLICIAL CHACHAPOYAS";"NE_0001";"";"NE_0001";"NE_0001";"NE_0001";"NE_0001";"NE_0001";"NE_0001";"NE_0001"
"2023";"07";"110101";"ICA";"ICA";"ICA";"SANIDAD DE LA POLICIA NACIONAL DEL PERU";"I-3";"00010900";"POLICLINICO POLICIAL ICA";"NE_0001";"";"NE_0001";"NE_0001";"NE_0001";"NE_0001";"NE_0001";"NE_0001";"NE_0001"
"2023";"07";"211101";"PUNO";"SAN ROMAN";"JULIACA";"SANIDAD DE LA POLICIA NACIONAL DEL PERU";"I-2";"00010236";"POSTA MEDICA DE SALUD PNP - JULIACA";"NE_0001";"";"NE_0001";"NE_0001";"NE_0001";"NE_0001";"NE_0001";"NE_0001";"NE_0001"
"2023";"04";"021809";"ANCASH";"SANTA";"NUEVO CHIMBOTE";"GOBIERNO REGIONAL";"II-2";"00001703";"ELEAZAR GUZMAN BARRON";"241800";"HOSPITALIZACIÓN DE MEDICINA MEDICINA GENERAL ";"77";"72";"783";"711";"23";"713";"13"
"2023";"04";"021809";"ANCASH";"SANTA";"NUEVO CHIMBOTE";"GOBIERNO REGIONAL";"II-2";"00001703";"ELEAZAR GUZMAN BARRON";"245700";"HOSPITALIZACIÓN QUIRÚRGICA CARDIOLOGIA ";"1";"1";"7";"7";"1";"31";"0"
"2023";"04";"021809";"ANCASH";"SANTA";"NUEVO CHIMBOTE";"GOBIERNO REGIONAL";"II-2";"00001703";"ELEAZAR GUZMAN BARRON";"244300";"HOSPITALIZACIÓN DE MEDICINA GASTROENTEROLOGÍA  ";"4";"4";"32";"32";"2";"62";"0"
"2023";"04";"021809";"ANCASH";"SANTA";"NUEVO CHIMBOTE";"GOBIERNO REGIONAL";"II-2";"00001703";"ELEAZAR GUZMAN BARRON";"245500";"HOSPITALIZACIÓN DE MEDICINA REUMATOLOGÍA    ";"4";"6";"23";"12";"1";"31";"0"
"2023";"04";"021809";"ANCASH";"SANTA";"NUEVO CHIMBOTE";"GOBIERNO REGIONAL";"II-2";"00001703";"ELEAZAR GUZMAN BARRON";"245300";"HOSPITALIZACIÓN DE MEDICINA NEUMOLOGÍA  ";"12";"10";"118";"104";"4";"124";"0"
"2023";"04";"021809";"ANCASH";"SANTA";"NUEVO CHIMBOTE";"GOBIERNO REGIONAL";"II-2";"00001703";"ELEAZAR GUZMAN BARRON";"242200";"HOSPITALIZACIÓN DE MEDICINA PSIQUIATRÍA ";"6";"4";"85";"127";"7";"217";"0"
"2023";"04";"021809";"ANCASH";"SANTA";"NUEVO CHIMBOTE";"GOBIERNO REGIONAL";"II-2";"00001703";"ELEAZAR GUZMAN BARRON";"240100";"HOSPITALIZACIÓN QUIRÚRGICA CIRUGÍA GENERAL ";"56";"59";"296";"308";"10";"310";"2"
"2023";"04";"021809";"ANCASH";"SANTA";"NUEVO CHIMBOTE";"GOBIERNO REGIONAL";"II-2";"00001703";"ELEAZAR GUZMAN BARRON";"241200";"HOSPITALIZACIÓN QUIRÚRGICA TRAUMATOLOGÍA Y ORTOPEDIA ";"34";"41";"432";"360";"12";"372";"0"
"2023";"04";"021809";"ANCASH";"SANTA";"NUEVO CHIMBOTE";"GOBIERNO REGIONAL";"II-2";"00001703";"ELEAZAR GUZMAN BARRON";"241100";"HOSPITALIZACIÓN QUIRÚRGICA OTORRINOLARINGOLOGÍA  ";"1";"1";"2";"2";"1";"31";"0"
"2023";"04";"021809";"ANCASH";"SANTA";"NUEVO CHIMBOTE";"GOBIERNO REGIONAL";"II-2";"00001703";"ELEAZAR GUZMAN BARRON";"241300";"HOSPITALIZACIÓN QUIRÚRGICA UROLOGÍA  ";"4";"6";"14";"10";"1";"31";"0"
"2023";"04";"021809";"ANCASH";"SANTA";"NUEVO CHIMBOTE";"GOBIERNO REGIONAL";"II-2";"00001703";"ELEAZAR GUZMAN BARRON";"242100";"HOSPITALIZACIÓN DE MEDICINA ONCOLOGÍA MÉDICA ";"4";"5";"31";"24";"1";"31";"0"
"2023";"04";"021809";"ANCASH";"SANTA";"NUEVO CHIMBOTE";"GOBIERNO REGIONAL";"II-2";"00001703";"ELEAZAR GUZMAN BARRON";"240900";"HOSPITALIZACIÓN QUIRÚRGICA NEUROCIRUGÍA ";"8";"15";"256";"82";"3";"93";"0"
"2023";"04";"021809";"ANCASH";"SANTA";"NUEVO CHIMBOTE";"GOBIERNO REGIONAL";"II-2";"00001703";"ELEAZAR GUZMAN BARRON";"240801";"HOSPITALIZACIÓN QUIRÚRGICA CIRUGÍA PLÁSTICA/RECONSTRUCTIVA/ REPARADORA QUEMADOS";"2";"3";"14";"11";"1";"31";"0"
"2023";"04";"021809";"ANCASH";"SANTA";"NUEVO CHIMBOTE";"GOBIERNO REGIONAL";"II-2";"00001703";"ELEAZAR GUZMAN BARRON";"242300";"HOSPITALIZACIÓN DE PEDIATRÍA  PEDIATRÍA  GENERAL ";"163";"157";"750";"726";"26";"806";"4"
"2023";"04";"021809";"ANCASH";"SANTA";"NUEVO CHIMBOTE";"GOBIERNO REGIONAL";"II-2";"00001703";"ELEAZAR GUZMAN BARRON";"241600";"HOSPITALIZACIÓN QUIRÚRGICA OBSTETRICIA   ";"243";"249";"586";"500";"22";"682";"0"
"2023";"04";"021809";"ANCASH";"SANTA";"NUEVO CHIMBOTE";"GOBIERNO REGIONAL";"II-2";"00001703";"ELEAZAR GUZMAN BARRON";"241500";"HOSPITALIZACIÓN QUIRÚRGICA GINECOLOGÍA  ";"21";"26";"72";"56";"3";"93";"0"
"2023";"04";"021809";"ANCASH";"SANTA";"NUEVO CHIMBOTE";"GOBIERNO REGIONAL";"II-2";"00001703";"ELEAZAR GUZMAN BARRON";"250100";"UNIDAD DE CUIDADOS CRITICOS UNIDAD  DE CUIDADOS INTENSIVOS GENERALES (UCI) ";"15";"6";"82";"344";"16";"496";"6"
"2023";"04";"150133";"LIMA";"LIMA";"SAN JUAN DE MIRAFLORES";"PRIVADO";"II-E";"00027478";"CLINICA BUENAVENTURA";"240100";"HOSPITALIZACIÓN QUIRÚRGICA CIRUGÍA GENERAL ";"4";"5";"0";"27";"21";"630";"0"
"2023";"04";"150133";"LIMA";"LIMA";"SAN JUAN DE MIRAFLORES";"PRIVADO";"II-E";"00027478";"CLINICA BUENAVENTURA";"241300";"HOSPITALIZACIÓN QUIRÚRGICA UROLOGÍA  ";"0";"1";"0";"1";"21";"630";"0"
"2023";"04";"150133";"LIMA";"LIMA";"SAN JUAN DE MIRAFLORES";"PRIVADO";"II-E";"00027478";"CLINICA BUENAVENTURA";"241400";"HOSPITALIZACIÓN QUIRÚRGICA GINECO - OBSTETRICIA ";"1";"1";"0";"1";"21";"630";"0"
"2023";"04";"150133";"LIMA";"LIMA";"SAN JUAN DE MIRAFLORES";"PRIVADO";"II-E";"00027478";"CLINICA BUENAVENTURA";"240100";"HOSPITALIZACIÓN QUIRÚRGICA CIRUGÍA GENERAL ";"1";"1";"0";"1";"21";"630";"0"
"2023";"04";"180106";"MOQUEGUA";"MARISCAL NIETO";"TORATA";"ESSALUD";"I-3";"00016151";"CENTRO DE ATENCION PRIMARIA II TORATA";"NE_0001";"";"NE_0001";"NE_0001";"NE_0001";"NE_0001";"NE_0001";"NE_0001";"NE_0001"
"2023";"04";"100604";"HUANUCO";"LEONCIO PRADO";"JOSE CRESPO Y CASTILLO";"ESSALUD";"I-2";"00027083";"POSTA MÉDICA AUCAYACU";"NE_0001";"";"NE_0001";"NE_0001";"NE_0001";"NE_0001";"NE_0001";"NE_0001";"NE_0001"
"2023";"04";"040104";"AREQUIPA";"AREQUIPA";"CERRO COLORADO";"SANIDAD DE LA FUERZA AEREA DEL PERU";"II-E";"00011448";"HOSPITAL REGIONAL DEL SUR";"240000";"HOSPITALIZACIÓN";"12";"12";"73";"79";"20";"520";"0"
"2023";"05";"130105";"LA LIBERTAD";"TRUJILLO";"LA ESPERANZA";"PRIVADO";"II-1";"00021412";"CLÍNICA MADRE DE CRISTO";"241400";"HOSPITALIZACIÓN QUIRÚRGICA GINECO - OBSTETRICIA ";"15";"15";"16";"15";"4";"16";"0"
"2023";"05";"130105";"LA LIBERTAD";"TRUJILLO";"LA ESPERANZA";"PRIVADO";"II-1";"00021412";"CLÍNICA MADRE DE CRISTO";"240100";"HOSPITALIZACIÓN QUIRÚRGICA CIRUGÍA GENERAL ";"13";"13";"20";"13";"8";"20";"0"
"2023";"07";"080106";"CUSCO";"CUSCO";"SANTIAGO";"GOBIERNO REGIONAL";"III-1";"00002305";"ANTONIO LORENA DEL CUSCO";"242204";"HOSPITALIZACIÓN DE MEDICINA PSIQUIATRÍA REHABILITACIÓN PSIQUIÁTRICA / REINSERCIÓN ";"19";"9";"244";"299";"10";"310";"0"
"2023";"07";"080106";"CUSCO";"CUSCO";"SANTIAGO";"GOBIERNO REGIONAL";"III-1";"00002305";"ANTONIO LORENA DEL CUSCO";"242000";"HOSPITALIZACIÓN DE MEDICINA MEDICINA TROPICAL E INFECCIOSAS ";"14";"8";"121";"182";"8";"248";"1"
"2023";"07";"080106";"CUSCO";"CUSCO";"SANTIAGO";"GOBIERNO REGIONAL";"III-1";"00002305";"ANTONIO LORENA DEL CUSCO";"241000";"HOSPITALIZACIÓN QUIRÚRGICA ONCOLOGÍA QUIRÚRGICA  ";"27";"25";"190";"147";"7";"217";"0"
"2023";"07";"080106";"CUSCO";"CUSCO";"SANTIAGO";"GOBIERNO REGIONAL";"III-1";"00002305";"ANTONIO LORENA DEL CUSCO";"241500";"HOSPITALIZACIÓN QUIRÚRGICA GINECOLOGÍA  ";"90";"82";"240";"262";"10";"310";"0"
"2023";"07";"080106";"CUSCO";"CUSCO";"SANTIAGO";"GOBIERNO REGIONAL";"III-1";"00002305";"ANTONIO LORENA DEL CUSCO";"241400";"HOSPITALIZACIÓN QUIRÚRGICA GINECO - OBSTETRICIA ";"181";"164";"507";"523";"20";"620";"0"
"2023";"07";"080106";"CUSCO";"CUSCO";"SANTIAGO";"GOBIERNO REGIONAL";"III-1";"00002305";"ANTONIO LORENA DEL CUSCO";"242300";"HOSPITALIZACIÓN DE PEDIATRÍA  PEDIATRÍA  GENERAL ";"55";"47";"293";"305";"12";"372";"1"
"2023";"07";"080106";"CUSCO";"CUSCO";"SANTIAGO";"GOBIERNO REGIONAL";"III-1";"00002305";"ANTONIO LORENA DEL CUSCO";"243200";"HOSPITALIZACIÓN DE PEDIATRÍA PEDIATRIA NEONATOLOGÍA";"64";"49";"548";"420";"15";"465";"0"
"2023";"07";"080106";"CUSCO";"CUSCO";"SANTIAGO";"GOBIERNO REGIONAL";"III-1";"00002305";"ANTONIO LORENA DEL CUSCO";"250105";"UNIDAD DE CUIDADOS CRITICOS UNIDAD  DE CUIDADOS INTENSIVOS  (UCI) NEONATOLOGÍA";"23";"19";"162";"217";"8";"248";"2"
"2023";"07";"080106";"CUSCO";"CUSCO";"SANTIAGO";"GOBIERNO REGIONAL";"III-1";"00002305";"ANTONIO LORENA DEL CUSCO";"243600";"HOSPITALIZACIÓN DE PEDIATRÍA PEDIATRIA ONCOLOGÍA PEDIÁTRICA";"10";"5";"66";"135";"9";"279";"0"
"2023";"07";"120705";"JUNIN";"TARMA";"LA UNION";"GOBIERNO REGIONAL";"I-1";"00000599";"CONDORCOCHA";"NE_0001";"";"NE_0001";"NE_0001";"NE_0001";"NE_0001";"NE_0001";"NE_0001";"NE_0001"
"2023";"07";"060101";"CAJAMARCA";"CAJAMARCA";"CAJAMARCA";"ESSALUD";"II-2";"00010272";"HOSPITAL II CAJAMARCA";"241800";"HOSPITALIZACIÓN DE MEDICINA MEDICINA GENERAL ";"36";"37";"383";"499";"17";"527";"3"
"2023";"07";"060101";"CAJAMARCA";"CAJAMARCA";"CAJAMARCA";"ESSALUD";"II-2";"00010272";"HOSPITAL II CAJAMARCA";"240100";"HOSPITALIZACIÓN QUIRÚRGICA CIRUGÍA GENERAL ";"136";"133";"455";"425";"14";"434";"0"
"2023";"07";"060101";"CAJAMARCA";"CAJAMARCA";"CAJAMARCA";"ESSALUD";"II-2";"00010272";"HOSPITAL II CAJAMARCA";"241500";"HOSPITALIZACIÓN QUIRÚRGICA GINECOLOGÍA  ";"32";"32";"83";"82";"4";"124";"0"
"2023";"07";"060101";"CAJAMARCA";"CAJAMARCA";"CAJAMARCA";"ESSALUD";"II-2";"00010272";"HOSPITAL II CAJAMARCA";"241600";"HOSPITALIZACIÓN QUIRÚRGICA OBSTETRICIA   ";"144";"153";"342";"299";"16";"496";"0"
"2023";"07";"060101";"CAJAMARCA";"CAJAMARCA";"CAJAMARCA";"ESSALUD";"II-2";"00010272";"HOSPITAL II CAJAMARCA";"242300";"HOSPITALIZACIÓN DE PEDIATRÍA  PEDIATRÍA  GENERAL ";"40";"45";"166";"147";"7";"217";"0"
"2023";"07";"060101";"CAJAMARCA";"CAJAMARCA";"CAJAMARCA";"ESSALUD";"II-2";"00010272";"HOSPITAL II CAJAMARCA";"243200";"HOSPITALIZACIÓN DE PEDIATRÍA PEDIATRIA NEONATOLOGÍA";"35";"37";"83";"77";"6";"186";"0"
"2023";"07";"060101";"CAJAMARCA";"CAJAMARCA";"CAJAMARCA";"ESSALUD";"II-2";"00010272";"HOSPITAL II CAJAMARCA";"250100";"UNIDAD DE CUIDADOS CRITICOS UNIDAD  DE CUIDADOS INTENSIVOS GENERALES (UCI) ";"3";"0";"0";"184";"6";"186";"0"
"2023";"07";"060101";"CAJAMARCA";"CAJAMARCA";"CAJAMARCA";"ESSALUD";"II-2";"00010272";"HOSPITAL II CAJAMARCA";"250304";"HOSPIT. EN UNIDAD DE CUID.INTEN.-UNIDAD DE VIGILANCIA INTENSIVA (UVI)-MEDICINA";"8";"6";"60";"107";"4";"124";"2"
"2023";"07";"190107";"PASCO";"PASCO";"PAUCARTAMBO";"ESSALUD";"I-2";"00009762";"POSTA MEDICA DE PAUCARTAMBO";"NE_0001";"";"NE_0001";"NE_0001";"NE_0001";"NE_0001";"NE_0001";"NE_0001";"NE_0001"
"2023";"07";"120114";"JUNIN";"HUANCAYO";"EL TAMBO";"PRIVADO";"II-1";"00025970";"CLINICA REBAGLIATI";"240100";"HOSPITALIZACIÓN QUIRÚRGICA CIRUGÍA GENERAL ";"51";"51";"51";"71";"9";"51";"0"
"2023";"07";"120114";"JUNIN";"HUANCAYO";"EL TAMBO";"PRIVADO";"II-1";"00025970";"CLINICA REBAGLIATI";"240200";"HOSPITALIZACIÓN QUIRÚRGICA CIRUGÍA DE CABEZA Y CUELLO / MÁXILO FACIAL ";"2";"2";"2";"4";"3";"9";"0"
"2023";"07";"120114";"JUNIN";"HUANCAYO";"EL TAMBO";"PRIVADO";"II-1";"00025970";"CLINICA REBAGLIATI";"240900";"HOSPITALIZACIÓN QUIRÚRGICA NEUROCIRUGÍA ";"4";"4";"6";"2";"1";"2";"0"
"2023";"07";"120114";"JUNIN";"HUANCAYO";"EL TAMBO";"PRIVADO";"II-1";"00025970";"CLINICA REBAGLIATI";"241100";"HOSPITALIZACIÓN QUIRÚRGICA OTORRINOLARINGOLOGÍA  ";"12";"12";"12";"16";"17";"20";"0"
"2023";"07";"120114";"JUNIN";"HUANCAYO";"EL TAMBO";"PRIVADO";"II-1";"00025970";"CLINICA REBAGLIATI";"241200";"HOSPITALIZACIÓN QUIRÚRGICA TRAUMATOLOGÍA Y ORTOPEDIA ";"5";"5";"5";"20";"5";"22";"0"
"2023";"07";"120114";"JUNIN";"HUANCAYO";"EL TAMBO";"PRIVADO";"II-1";"00025970";"CLINICA REBAGLIATI";"241300";"HOSPITALIZACIÓN QUIRÚRGICA UROLOGÍA  ";"8";"8";"8";"9";"10";"12";"0"
"2023";"07";"120114";"JUNIN";"HUANCAYO";"EL TAMBO";"PRIVADO";"II-1";"00025970";"CLINICA REBAGLIATI";"241400";"HOSPITALIZACIÓN QUIRÚRGICA GINECO - OBSTETRICIA ";"18";"18";"18";"19";"19";"20";"0"
"2023";"07";"120114";"JUNIN";"HUANCAYO";"EL TAMBO";"PRIVADO";"II-1";"00025970";"CLINICA REBAGLIATI";"241500";"HOSPITALIZACIÓN QUIRÚRGICA GINECOLOGÍA  ";"6";"6";"6";"33";"12";"34";"0"
"2023";"07";"120114";"JUNIN";"HUANCAYO";"EL TAMBO";"PRIVADO";"II-1";"00025970";"CLINICA REBAGLIATI";"241600";"HOSPITALIZACIÓN QUIRÚRGICA OBSTETRICIA   ";"2";"2";"2";"5";"4";"7";"0"
"2023";"07";"120114";"JUNIN";"HUANCAYO";"EL TAMBO";"PRIVADO";"II-1";"00025970";"CLINICA REBAGLIATI";"241700";"HOSPITALIZACIÓN QUIRÚRGICA GINECOLOGÍA   GINECOLOGIA ONCOLOGiCA";"17";"17";"17";"17";"18";"20";"0"
"2023";"07";"120114";"JUNIN";"HUANCAYO";"EL TAMBO";"PRIVADO";"II-1";"00025970";"CLINICA REBAGLIATI";"241800";"HOSPITALIZACIÓN DE MEDICINA MEDICINA GENERAL ";"2";"2";"2";"3";"4";"5";"0"
"2023";"07";"120114";"JUNIN";"HUANCAYO";"EL TAMBO";"PRIVADO";"II-1";"00025970";"CLINICA REBAGLIATI";"242100";"HOSPITALIZACIÓN DE MEDICINA ONCOLOGÍA MÉDICA ";"3";"3";"6";"9";"3";"11";"1"
"2023";"07";"120114";"JUNIN";"HUANCAYO";"EL TAMBO";"PRIVADO";"II-1";"00025970";"CLINICA REBAGLIATI";"245400";"HOSPITALIZACIÓN DE MEDICINA GINECOLOGIA ";"1";"1";"2";"3";"4";"6";"0"
"2023";"07";"211101";"PUNO";"SAN ROMAN";"JULIACA";"PRIVADO";"II-E";"00011978";"CLINICA MONTE SINAI JULIACA E.I.R.L.";"241800";"HOSPITALIZACIÓN DE MEDICINA MEDICINA GENERAL ";"4";"4";"25";"35";"1";"150";"0"
"2023";"07";"211101";"PUNO";"SAN ROMAN";"JULIACA";"PRIVADO";"II-E";"00011978";"CLINICA MONTE SINAI JULIACA E.I.R.L.";"240100";"HOSPITALIZACIÓN QUIRÚRGICA CIRUGÍA GENERAL ";"38";"35";"110";"15";"13";"92";"0"
"2023";"07";"120808";"JUNIN";"YAULI";"SANTA ROSA DE SACCO";"ESSALUD";"II-1";"00008653";"HOSPITAL II ALBERTO HURTADO ABADIA";"241800";"HOSPITALIZACIÓN DE MEDICINA MEDICINA GENERAL ";"31";"34";"144";"140";"18";"557";"0"
"2023";"07";"120808";"JUNIN";"YAULI";"SANTA ROSA DE SACCO";"ESSALUD";"II-1";"00008653";"HOSPITAL II ALBERTO HURTADO ABADIA";"240100";"HOSPITALIZACIÓN QUIRÚRGICA CIRUGÍA GENERAL ";"38";"41";"168";"176";"8";"254";"0"
"2023";"07";"120808";"JUNIN";"YAULI";"SANTA ROSA DE SACCO";"ESSALUD";"II-1";"00008653";"HOSPITAL II ALBERTO HURTADO ABADIA";"241200";"HOSPITALIZACIÓN QUIRÚRGICA TRAUMATOLOGÍA Y ORTOPEDIA ";"15";"12";"58";"57";"8";"239";"0"
"2023";"07";"120808";"JUNIN";"YAULI";"SANTA ROSA DE SACCO";"ESSALUD";"II-1";"00008653";"HOSPITAL II ALBERTO HURTADO ABADIA";"241500";"HOSPITALIZACIÓN QUIRÚRGICA GINECOLOGÍA  ";"9";"7";"19";"21";"3";"93";"0"
"2023";"07";"120808";"JUNIN";"YAULI";"SANTA ROSA DE SACCO";"ESSALUD";"II-1";"00008653";"HOSPITAL II ALBERTO HURTADO ABADIA";"241600";"HOSPITALIZACIÓN QUIRÚRGICA OBSTETRICIA   ";"23";"24";"67";"60";"5";"154";"0"
"2023";"07";"120808";"JUNIN";"YAULI";"SANTA ROSA DE SACCO";"ESSALUD";"II-1";"00008653";"HOSPITAL II ALBERTO HURTADO ABADIA";"242300";"HOSPITALIZACIÓN DE PEDIATRÍA  PEDIATRÍA  GENERAL ";"31";"30";"72";"69";"3";"98";"0"
"2023";"07";"120808";"JUNIN";"YAULI";"SANTA ROSA DE SACCO";"ESSALUD";"II-1";"00008653";"HOSPITAL II ALBERTO HURTADO ABADIA";"250304";"HOSPIT. EN UNIDAD DE CUID.INTEN.-UNIDAD DE VIGILANCIA INTENSIVA (UVI)-MEDICINA";"9";"8";"58";"60";"3";"92";"1"
"2023";"07";"022001";"ANCASH";"YUNGAY";"YUNGAY";"GOBIERNO REGIONAL";"II-1";"00001633";"HOSPITAL DE APOYO YUNGAY";"241800";"HOSPITALIZACIÓN DE MEDICINA MEDICINA GENERAL ";"15";"16";"60";"61";"9";"279";"0"
"2023";"07";"022001";"ANCASH";"YUNGAY";"YUNGAY";"GOBIERNO REGIONAL";"II-1";"00001633";"HOSPITAL DE APOYO YUNGAY";"240100";"HOSPITALIZACIÓN QUIRÚRGICA CIRUGÍA GENERAL ";"6";"6";"25";"23";"6";"186";"0"
"2023";"07";"022001";"ANCASH";"YUNGAY";"YUNGAY";"GOBIERNO REGIONAL";"II-1";"00001633";"HOSPITAL DE APOYO YUNGAY";"242500";"HOSPITALIZACIÓN-PEDIATRÍA GENERAL-";"5";"6";"25";"17";"4";"124";"0"
"2023";"07";"022001";"ANCASH";"YUNGAY";"YUNGAY";"GOBIERNO REGIONAL";"II-1";"00001633";"HOSPITAL DE APOYO YUNGAY";"241600";"HOSPITALIZACIÓN QUIRÚRGICA OBSTETRICIA   ";"34";"39";"82";"72";"6";"186";"0"
"2023";"07";"022001";"ANCASH";"YUNGAY";"YUNGAY";"GOBIERNO REGIONAL";"II-1";"00001633";"HOSPITAL DE APOYO YUNGAY";"241500";"HOSPITALIZACIÓN QUIRÚRGICA GINECOLOGÍA  ";"1";"1";"1";"1";"3";"93";"0"
"2023";"07";"150117";"LIMA";"LIMA";"LOS OLIVOS";"PRIVADO";"II-E";"00017847";"CLINICA DEL NORTE";"241400";"HOSPITALIZACIÓN QUIRÚRGICA GINECO - OBSTETRICIA ";"17";"21";"24";"21";"5";"125";"0"
"2023";"07";"040101";"AREQUIPA";"AREQUIPA";"AREQUIPA";"PRIVADO";"II-E";"00013722";"CLINICA AREQUIPA S.A.";"240100";"HOSPITALIZACIÓN QUIRÚRGICA CIRUGÍA GENERAL ";"125";"136";"524";"684";"41";"1271";"0"
"2023";"07";"040101";"AREQUIPA";"AREQUIPA";"AREQUIPA";"PRIVADO";"II-E";"00013722";"CLINICA AREQUIPA S.A.";"241400";"HOSPITALIZACIÓN QUIRÚRGICA GINECO - OBSTETRICIA ";"59";"56";"119";"259";"30";"930";"0"
"2023";"07";"040101";"AREQUIPA";"AREQUIPA";"AREQUIPA";"PRIVADO";"II-E";"00013722";"CLINICA AREQUIPA S.A.";"241900";"HOSPITALIZACIÓN DE MEDICINA MEDICINA INTERNA ";"50";"53";"248";"226";"30";"930";"3"
"2023";"07";"150130";"LIMA";"LIMA";"SAN BORJA";"PRIVADO";"II-1";"00012975";"CL ESPECIALIDADES MEDICAS";"240000";"HOSPITALIZACIÓN";"31";"35";"167";"128";"13";"403";"0"
"2023";"07";"040514";"AREQUIPA";"CAYLLOMA";"SAN ANTONIO DE CHUCA";"GOBIERNO REGIONAL";"I-2";"00001242";"PUESTO DE SALUD IMATA";"NE_0002";"";"NE_0002";"NE_0002";"NE_0002";"NE_0002";"NE_0002";"NE_0002";"NE_0002"
"2023";"07";"040128";"AREQUIPA";"AREQUIPA";"YURA";"GOBIERNO REGIONAL";"I-3";"00001253";"CENTRO DE SALUD CIUDAD DE DIOS";"NE_0002";"";"NE_0002";"NE_0002";"NE_0002";"NE_0002";"NE_0002";"NE_0002";"NE_0002"
"2023";"07";"040511";"AREQUIPA";"CAYLLOMA";"LLUTA";"GOBIERNO REGIONAL";"I-2";"00001255";"PUESTO DE SALUD LLUTA";"NE_0002";"";"NE_0002";"NE_0002";"NE_0002";"NE_0002";"NE_0002";"NE_0002";"NE_0002"
"2023";"07";"040511";"AREQUIPA";"CAYLLOMA";"LLUTA";"GOBIERNO REGIONAL";"I-2";"00001256";"PUESTO DE SALUD TAYA";"NE_0002";"";"NE_0002";"NE_0002";"NE_0002";"NE_0002";"NE_0002";"NE_0002";"NE_0002"
"2023";"07";"040126";"AREQUIPA";"AREQUIPA";"YANAHUARA";"GOBIERNO REGIONAL";"I-1";"00001241";"PUESTO DE SALUD SUMBAY - CHASQUIPAMPA";"NE_0002";"";"NE_0002";"NE_0002";"NE_0002";"NE_0002";"NE_0002";"NE_0002";"NE_0002"
"2023";"07";"040514";"AREQUIPA";"CAYLLOMA";"SAN ANTONIO DE CHUCA";"GOBIERNO REGIONAL";"I-1";"00001243";"PUESTO DE SALUD PILLONES";"NE_0002";"";"NE_0002";"NE_0002";"NE_0002";"NE_0002";"NE_0002";"NE_0002";"NE_0002"
"2023";"07";"040128";"AREQUIPA";"AREQUIPA";"YURA";"GOBIERNO REGIONAL";"I-2";"00001254";"PUESTO DE SALUD YURA";"NE_0002";"";"NE_0002";"NE_0002";"NE_0002";"NE_0002";"NE_0002";"NE_0002";"NE_0002"
"2023";"07";"040508";"AREQUIPA";"CAYLLOMA";"HUANCA";"GOBIERNO REGIONAL";"I-2";"00001239";"PUESTO DE SALUD HUANCA";"NE_0002";"";"NE_0002";"NE_0002";"NE_0002";"NE_0002";"NE_0002";"NE_0002";"NE_0002"
"2023";"07";"150105";"LIMA";"LIMA";"BREÑA";"PRIVADO";"II-E";"00015718";"CLINICA SAN MARCOS";"240000";"HOSPITALIZACIÓN";"106";"109";"184";"184";"23";"713";"0"
"2023";"07";"210101";"PUNO";"PUNO";"PUNO";"PRIVADO";"II-E";"00009683";"CLINICA PROSALUD";"240000";"HOSPITALIZACIÓN";"20";"20";"48";"48";"5";"155";"0"
"2023";"07";"080601";"CUSCO";"CANCHIS";"SICUANI";"GOBIERNO REGIONAL";"II-1";"00002378";"SICUANI";"240100";"HOSPITALIZACIÓN QUIRÚRGICA CIRUGÍA GENERAL ";"83";"95";"388";"402";"19";"589";"0"
"2023";"07";"080601";"CUSCO";"CANCHIS";"SICUANI";"GOBIERNO REGIONAL";"II-1";"00002378";"SICUANI";"241500";"HOSPITALIZACIÓN QUIRÚRGICA GINECOLOGÍA  ";"19";"20";"49";"49";"7";"217";"0"
"2023";"07";"080601";"CUSCO";"CANCHIS";"SICUANI";"GOBIERNO REGIONAL";"II-1";"00002378";"SICUANI";"241600";"HOSPITALIZACIÓN QUIRÚRGICA OBSTETRICIA   ";"82";"89";"222";"213";"17";"527";"0"
"2023";"07";"080601";"CUSCO";"CANCHIS";"SICUANI";"GOBIERNO REGIONAL";"II-1";"00002378";"SICUANI";"241800";"HOSPITALIZACIÓN DE MEDICINA MEDICINA GENERAL ";"22";"29";"164";"165";"17";"527";"5"
"2023";"07";"080601";"CUSCO";"CANCHIS";"SICUANI";"GOBIERNO REGIONAL";"II-1";"00002378";"SICUANI";"242500";"HOSPITALIZACIÓN-PEDIATRÍA GENERAL-";"21";"26";"125";"121";"16";"496";"1"
"2023";"07";"080601";"CUSCO";"CANCHIS";"SICUANI";"GOBIERNO REGIONAL";"II-1";"00002378";"SICUANI";"243200";"HOSPITALIZACIÓN DE PEDIATRÍA PEDIATRIA NEONATOLOGÍA";"10";"10";"34";"35";"7";"217";"1"
"2023";"07";"150140";"LIMA";"LIMA";"SANTIAGO DE SURCO";"PRIVADO";"II-E";"00028189";"GLAUCOMA SALUD";"NE_0001";"";"NE_0001";"NE_0001";"NE_0001";"NE_0001";"NE_0001";"NE_0001";"NE_0001"
"2023";"07";"250102";"UCAYALI";"CORONEL PORTILLO";"CAMPOVERDE";"ESSALUD";"I-2";"00031881";"POSTA MEDICA-CAMPOVERDE-ESSALUD";"NE_0001";"";"NE_0001";"NE_0001";"NE_0001";"NE_0001";"NE_0001";"NE_0001";"NE_0001"
"2023";"07";"040401";"AREQUIPA";"CASTILLA";"APLAO";"GOBIERNO REGIONAL";"II-1";"00001382";"HOSPITAL APLAO";"241500";"HOSPITALIZACIÓN QUIRÚRGICA GINECOLOGÍA  ";"23";"24";"61";"85";"7";"217";"0"
"2023";"07";"040401";"AREQUIPA";"CASTILLA";"APLAO";"GOBIERNO REGIONAL";"II-1";"00001382";"HOSPITAL APLAO";"241200";"HOSPITALIZACIÓN QUIRÚRGICA TRAUMATOLOGÍA Y ORTOPEDIA ";"2";"3";"18";"21";"4";"124";"0"
"2023";"07";"040401";"AREQUIPA";"CASTILLA";"APLAO";"GOBIERNO REGIONAL";"II-1";"00001382";"HOSPITAL APLAO";"242500";"HOSPITALIZACIÓN-PEDIATRÍA GENERAL-";"4";"4";"9";"13";"15";"465";"0"
"2023";"07";"040401";"AREQUIPA";"CASTILLA";"APLAO";"GOBIERNO REGIONAL";"II-1";"00001382";"HOSPITAL APLAO";"241800";"HOSPITALIZACIÓN DE MEDICINA MEDICINA GENERAL ";"12";"14";"95";"109";"13";"403";"0"
"2023";"07";"040401";"AREQUIPA";"CASTILLA";"APLAO";"GOBIERNO REGIONAL";"II-1";"00001382";"HOSPITAL APLAO";"240100";"HOSPITALIZACIÓN QUIRÚRGICA CIRUGÍA GENERAL ";"26";"27";"90";"117";"10";"310";"0"
"2023";"07";"060101";"CAJAMARCA";"CAJAMARCA";"CAJAMARCA";"PRIVADO";"II-1";"00012761";"CLINICA SAN LORENZO S.R.L.";"240100";"HOSPITALIZACIÓN QUIRÚRGICA CIRUGÍA GENERAL ";"1";"1";"3";"4";"16";"496";"0"
"2023";"07";"060101";"CAJAMARCA";"CAJAMARCA";"CAJAMARCA";"PRIVADO";"II-1";"00012761";"CLINICA SAN LORENZO S.R.L.";"240200";"HOSPITALIZACIÓN QUIRÚRGICA CIRUGÍA DE CABEZA Y CUELLO / MÁXILO FACIAL ";"2";"2";"7";"9";"16";"496";"0"
"2023";"07";"060101";"CAJAMARCA";"CAJAMARCA";"CAJAMARCA";"PRIVADO";"II-1";"00012761";"CLINICA SAN LORENZO S.R.L.";"240300";"HOSPITALIZACIÓN QUIRÚRGICA CIRUGÍA DIGESTIVA ";"11";"11";"15";"25";"16";"496";"0"
"2023";"07";"060101";"CAJAMARCA";"CAJAMARCA";"CAJAMARCA";"PRIVADO";"II-1";"00012761";"CLINICA SAN LORENZO S.R.L.";"240801";"HOSPITALIZACIÓN QUIRÚRGICA CIRUGÍA PLÁSTICA/RECONSTRUCTIVA/ REPARADORA QUEMADOS";"2";"2";"2";"4";"16";"496";"0"
"2023";"07";"060101";"CAJAMARCA";"CAJAMARCA";"CAJAMARCA";"PRIVADO";"II-1";"00012761";"CLINICA SAN LORENZO S.R.L.";"241000";"HOSPITALIZACIÓN QUIRÚRGICA ONCOLOGÍA QUIRÚRGICA  ";"9";"9";"16";"25";"16";"496";"0"
"2023";"07";"060101";"CAJAMARCA";"CAJAMARCA";"CAJAMARCA";"PRIVADO";"II-1";"00012761";"CLINICA SAN LORENZO S.R.L.";"241100";"HOSPITALIZACIÓN QUIRÚRGICA OTORRINOLARINGOLOGÍA  ";"1";"1";"1";"2";"16";"496";"0"
"2023";"07";"060101";"CAJAMARCA";"CAJAMARCA";"CAJAMARCA";"PRIVADO";"II-1";"00012761";"CLINICA SAN LORENZO S.R.L.";"241200";"HOSPITALIZACIÓN QUIRÚRGICA TRAUMATOLOGÍA Y ORTOPEDIA ";"19";"19";"23";"33";"16";"496";"0"
"2023";"07";"060101";"CAJAMARCA";"CAJAMARCA";"CAJAMARCA";"PRIVADO";"II-1";"00012761";"CLINICA SAN LORENZO S.R.L.";"241300";"HOSPITALIZACIÓN QUIRÚRGICA UROLOGÍA  ";"13";"13";"42";"55";"16";"496";"0"
"2023";"07";"060101";"CAJAMARCA";"CAJAMARCA";"CAJAMARCA";"PRIVADO";"II-1";"00012761";"CLINICA SAN LORENZO S.R.L.";"241500";"HOSPITALIZACIÓN QUIRÚRGICA GINECOLOGÍA  ";"6";"6";"7";"13";"16";"496";"0"
"2023";"07";"060101";"CAJAMARCA";"CAJAMARCA";"CAJAMARCA";"PRIVADO";"II-1";"00012761";"CLINICA SAN LORENZO S.R.L.";"244000";"HOSPITALIZACIÓN DE MEDICINA CARDIOLOGIA ";"1";"1";"5";"6";"16";"496";"0"
"2023";"07";"060101";"CAJAMARCA";"CAJAMARCA";"CAJAMARCA";"PRIVADO";"II-1";"00012761";"CLINICA SAN LORENZO S.R.L.";"244300";"HOSPITALIZACIÓN DE MEDICINA GASTROENTEROLOGÍA  ";"1";"1";"2";"3";"16";"496";"0"
"2023";"07";"040702";"AREQUIPA";"ISLAY";"COCACHACRA";"ESSALUD";"I-2";"00026367";"POSTA MEDICA CHUCARAPI";"NE_0001";"";"NE_0001";"NE_0001";"NE_0001";"NE_0001";"NE_0001";"NE_0001";"NE_0001"
"2023";"02";"090201";"HUANCAVELICA";"ACOBAMBA";"ACOBAMBA";"GOBIERNO REGIONAL";"II-1";"00003917";"HOSPITAL PROVINCIAL DE ACOBAMBA";"240100";"HOSPITALIZACIÓN QUIRÚRGICA CIRUGÍA GENERAL ";"16";"16";"57";"73";"4";"112";"0"
"2023";"02";"090201";"HUANCAVELICA";"ACOBAMBA";"ACOBAMBA";"GOBIERNO REGIONAL";"II-1";"00003917";"HOSPITAL PROVINCIAL DE ACOBAMBA";"241400";"HOSPITALIZACIÓN QUIRÚRGICA GINECO - OBSTETRICIA ";"35";"38";"71";"109";"8";"224";"0"
"2023";"02";"090201";"HUANCAVELICA";"ACOBAMBA";"ACOBAMBA";"GOBIERNO REGIONAL";"II-1";"00003917";"HOSPITAL PROVINCIAL DE ACOBAMBA";"242500";"HOSPITALIZACIÓN-PEDIATRÍA GENERAL-";"3";"3";"7";"10";"3";"84";"0"
"2023";"02";"090201";"HUANCAVELICA";"ACOBAMBA";"ACOBAMBA";"GOBIERNO REGIONAL";"II-1";"00003917";"HOSPITAL PROVINCIAL DE ACOBAMBA";"241800";"HOSPITALIZACIÓN DE MEDICINA MEDICINA GENERAL ";"9";"9";"34";"42";"6";"168";"0"
"2023";"07";"060106";"CAJAMARCA";"CAJAMARCA";"JESUS";"GOBIERNO REGIONAL";"I-1";"00004637";"YANAMARCA";"NE_0001";"";"NE_0001";"NE_0001";"NE_0001";"NE_0001";"NE_0001";"NE_0001";"NE_0001"
"2023";"07";"060101";"CAJAMARCA";"CAJAMARCA";"CAJAMARCA";"GOBIERNO REGIONAL";"I-3";"00004645";"MAGNA VALLEJO";"NE_0001";"";"NE_0001";"NE_0001";"NE_0001";"NE_0001";"NE_0001";"NE_0001";"NE_0001"
"2023";"07";"060101";"CAJAMARCA";"CAJAMARCA";"CAJAMARCA";"GOBIERNO REGIONAL";"I-1";"00012831";"AYLAMBO";"NE_0001";"";"NE_0001";"NE_0001";"NE_0001";"NE_0001";"NE_0001";"NE_0001";"NE_0001"
"2023";"07";"060101";"CAJAMARCA";"CAJAMARCA";"CAJAMARCA";"GOBIERNO REGIONAL";"I-1";"00004642";"PATA PATA";"NE_0001";"";"NE_0001";"NE_0001";"NE_0001";"NE_0001";"NE_0001";"NE_0001";"NE_0001"
"2023";"07";"060101";"CAJAMARCA";"CAJAMARCA";"CAJAMARCA";"GOBIERNO REGIONAL";"I-1";"00004644";"PARIAMARCA";"NE_0001";"";"NE_0001";"NE_0001";"NE_0001";"NE_0001";"NE_0001";"NE_0001";"NE_0001"
"2023";"07";"060101";"CAJAMARCA";"CAJAMARCA";"CAJAMARCA";"GOBIERNO REGIONAL";"I-2";"00004641";"MICAELA BASTIDAS";"NE_0001";"";"NE_0001";"NE_0001";"NE_0001";"NE_0001";"NE_0001";"NE_0001";"NE_0001"
"2023";"07";"060101";"CAJAMARCA";"CAJAMARCA";"CAJAMARCA";"GOBIERNO REGIONAL";"I-3";"00004640";"LA TULPUNA";"NE_0001";"";"NE_0001";"NE_0001";"NE_0001";"NE_0001";"NE_0001";"NE_0001";"NE_0001"
"2023";"07";"060101";"CAJAMARCA";"CAJAMARCA";"CAJAMARCA";"GOBIERNO REGIONAL";"I-1";"00004643";"AGOCUCHO";"NE_0001";"";"NE_0001";"NE_0001";"NE_0001";"NE_0001";"NE_0001";"NE_0001";"NE_0001"
"2023";"08";"060601";"CAJAMARCA";"CUTERVO";"CUTERVO";"GOBIERNO REGIONAL";"I-1";"00004995";"PALMAS DE HUICHUD";"NE_0001";"";"NE_0001";"NE_0001";"NE_0001";"NE_0001";"NE_0001";"NE_0001";"NE_0001"
"2023";"08";"060601";"CAJAMARCA";"CUTERVO";"CUTERVO";"GOBIERNO REGIONAL";"I-1";"00006788";"YANGACHIS";"NE_0001";"";"NE_0001";"NE_0001";"NE_0001";"NE_0001";"NE_0001";"NE_0001";"NE_0001"
"2023";"08";"060601";"CAJAMARCA";"CUTERVO";"CUTERVO";"GOBIERNO REGIONAL";"I-1";"00004986";"EL ARENAL DE CUTERVO";"NE_0001";"";"NE_0001";"NE_0001";"NE_0001";"NE_0001";"NE_0001";"NE_0001";"NE_0001"
"2023";"08";"060601";"CAJAMARCA";"CUTERVO";"CUTERVO";"GOBIERNO REGIONAL";"I-2";"00004989";"AMBULCO GRANDE";"NE_0001";"";"NE_0001";"NE_0001";"NE_0001";"NE_0001";"NE_0001";"NE_0001";"NE_0001"
"2023";"08";"060601";"CAJAMARCA";"CUTERVO";"CUTERVO";"GOBIERNO REGIONAL";"I-1";"00007748";"CULLANMAYO";"NE_0001";"";"NE_0001";"NE_0001";"NE_0001";"NE_0001";"NE_0001";"NE_0001";"NE_0001"
"2023";"08";"060601";"CAJAMARCA";"CUTERVO";"CUTERVO";"GOBIERNO REGIONAL";"I-1";"00004990";"YATUN";"NE_0001";"";"NE_0001";"NE_0001";"NE_0001";"NE_0001";"NE_0001";"NE_0001";"NE_0001"
"2023";"08";"060601";"CAJAMARCA";"CUTERVO";"CUTERVO";"GOBIERNO REGIONAL";"I-1";"00007697";"CHUGUR";"NE_0001";"";"NE_0001";"NE_0001";"NE_0001";"NE_0001";"NE_0001";"NE_0001";"NE_0001"
"2023";"08";"060601";"CAJAMARCA";"CUTERVO";"CUTERVO";"GOBIERNO REGIONAL";"I-1";"00006831";"LA SUCCHA DE CUTERVO";"NE_0001";"";"NE_0001";"NE_0001";"NE_0001";"NE_0001";"NE_0001";"NE_0001";"NE_0001"
"2023";"08";"060601";"CAJAMARCA";"CUTERVO";"CUTERVO";"GOBIERNO REGIONAL";"I-1";"00004988";"LA COLCA";"NE_0001";"";"NE_0001";"NE_0001";"NE_0001";"NE_0001";"NE_0001";"NE_0001";"NE_0001"
"2023";"08";"060601";"CAJAMARCA";"CUTERVO";"CUTERVO";"GOBIERNO REGIONAL";"I-1";"00006787";"SANTA ROSA DE TAPO";"NE_0001";"";"NE_0001";"NE_0001";"NE_0001";"NE_0001";"NE_0001";"NE_0001";"NE_0001"
"2023";"08";"060601";"CAJAMARCA";"CUTERVO";"CUTERVO";"GOBIERNO REGIONAL";"I-1";"00006837";"SAN CRISTOBAL DE NUDILLO";"NE_0001";"";"NE_0001";"NE_0001";"NE_0001";"NE_0001";"NE_0001";"NE_0001";"NE_0001"
"2023";"08";"060601";"CAJAMARCA";"CUTERVO";"CUTERVO";"GOBIERNO REGIONAL";"I-1";"00007109";"CHIPULUC";"NE_0001";"";"NE_0001";"NE_0001";"NE_0001";"NE_0001";"NE_0001";"NE_0001";"NE_0001"
"2023";"08";"060601";"CAJAMARCA";"CUTERVO";"CUTERVO";"GOBIERNO REGIONAL";"I-1";"00011064";"SAN LORENZO";"NE_0001";"";"NE_0001";"NE_0001";"NE_0001";"NE_0001";"NE_0001";"NE_0001";"NE_0001"
"2023";"08";"051011";"AYACUCHO";"VICTOR FAJARDO";"SARHUA";"GOBIERNO REGIONAL";"I-1";"00003505";"TOMANGA";"NE_0001";"";"NE_0001";"NE_0001";"NE_0001";"NE_0001";"NE_0001";"NE_0001";"NE_0001"
"2023";"08";"051011";"AYACUCHO";"VICTOR FAJARDO";"SARHUA";"GOBIERNO REGIONAL";"I-1";"00003500";"PUESTO DE SALUD CHUQUI HUARCAYA";"NE_0001";"";"NE_0001";"NE_0001";"NE_0001";"NE_0001";"NE_0001";"NE_0001";"NE_0001"
"2023";"08";"050202";"AYACUCHO";"CANGALLO";"CHUSCHI";"GOBIERNO REGIONAL";"I-3";"00003502";"CENTRO DE SALUD CHUSCHI";"241400";"HOSPITALIZACIÓN QUIRÚRGICA GINECO - OBSTETRICIA ";"4";"4";"10";"2";"4";"6";"0"
"2023";"08";"050202";"AYACUCHO";"CANGALLO";"CHUSCHI";"GOBIERNO REGIONAL";"I-1";"00003504";"PUESTO DE SALUD CANCHA CANCHA";"NE_0001";"";"NE_0001";"NE_0001";"NE_0001";"NE_0001";"NE_0001";"NE_0001";"NE_0001"
"2023";"08";"050204";"AYACUCHO";"CANGALLO";"MARIA PARADO DE BELLIDO";"GOBIERNO REGIONAL";"I-3";"00003509";"CENTRO DE SALUD POMABAMBA";"240100";"HOSPITALIZACIÓN QUIRÚRGICA CIRUGÍA GENERAL ";"1";"1";"1";"2";"3";"5";"0"
"2023";"08";"050204";"AYACUCHO";"CANGALLO";"MARIA PARADO DE BELLIDO";"GOBIERNO REGIONAL";"I-3";"00003509";"CENTRO DE SALUD POMABAMBA";"241400";"HOSPITALIZACIÓN QUIRÚRGICA GINECO - OBSTETRICIA ";"3";"3";"6";"1";"3";"4";"0"
"2023";"08";"051011";"AYACUCHO";"VICTOR FAJARDO";"SARHUA";"GOBIERNO REGIONAL";"I-3";"00003512";"PUESTO DE SALUD SARHUA";"NE_0002";"";"NE_0002";"NE_0002";"NE_0002";"NE_0002";"NE_0002";"NE_0002";"NE_0002"
"2023";"08";"050202";"AYACUCHO";"CANGALLO";"CHUSCHI";"GOBIERNO REGIONAL";"I-1";"00003503";"PUESTO DE SALUD CHACOLLA";"NE_0001";"";"NE_0001";"NE_0001";"NE_0001";"NE_0001";"NE_0001";"NE_0001";"NE_0001"
"2023";"08";"051008";"AYACUCHO";"VICTOR FAJARDO";"HUAMANQUIQUIA";"GOBIERNO REGIONAL";"I-1";"00003832";"PUESTO DE SALUD PATARA";"NE_0001";"";"NE_0001";"NE_0001";"NE_0001";"NE_0001";"NE_0001";"NE_0001";"NE_0001"
"2023";"08";"051002";"AYACUCHO";"VICTOR FAJARDO";"ALCAMENCA";"GOBIERNO REGIONAL";"I-1";"00003510";"PUESTO DE SALUD CARAMPA";"NE_0001";"";"NE_0001";"NE_0001";"NE_0001";"NE_0001";"NE_0001";"NE_0001";"NE_0001"
"2023";"08";"051011";"AYACUCHO";"VICTOR FAJARDO";"SARHUA";"GOBIERNO REGIONAL";"I-1";"00003511";"PUESTO DE SALUD AUQUILLA";"NE_0001";"";"NE_0001";"NE_0001";"NE_0001";"NE_0001";"NE_0001";"NE_0001";"NE_0001"
"2023";"08";"050904";"AYACUCHO";"SUCRE";"CHILCAYOC";"GOBIERNO REGIONAL";"I-2";"00003805";"PUESTO DE SALUD CHILCAYOCC";"NE_0001";"";"NE_0001";"NE_0001";"NE_0001";"NE_0001";"NE_0001";"NE_0001";"NE_0001"
"2023";"08";"050909";"AYACUCHO";"SUCRE";"SAN SALVADOR DE QUIJE";"GOBIERNO REGIONAL";"I-1";"00003806";"PUESTO DE SALUD SAN SALVADOR DE QUIJE";"NE_0001";"";"NE_0001";"NE_0001";"NE_0001";"NE_0001";"NE_0001";"NE_0001";"NE_0001"
"2023";"08";"050901";"AYACUCHO";"SUCRE";"QUEROBAMBA";"GOBIERNO REGIONAL";"I-4";"00003808";"CENTRO DE SALUD QUEROBAMBA";"NE_0002";"";"NE_0002";"NE_0002";"NE_0002";"NE_0002";"NE_0002";"NE_0002";"NE_0002"
"2023";"08";"050907";"AYACUCHO";"SUCRE";"PAICO";"GOBIERNO REGIONAL";"I-1";"00003813";"PUESTO DE SALUD PAICO";"NE_0001";"";"NE_0001";"NE_0001";"NE_0001";"NE_0001";"NE_0001";"NE_0001";"NE_0001"
"2023";"08";"050905";"AYACUCHO";"SUCRE";"HUACAÑA";"GOBIERNO REGIONAL";"I-1";"00003719";"PUESTO DE SALUD HUACAÑA";"NE_0001";"";"NE_0001";"NE_0001";"NE_0001";"NE_0001";"NE_0001";"NE_0001";"NE_0001"
"2023";"08";"050901";"AYACUCHO";"SUCRE";"QUEROBAMBA";"GOBIERNO REGIONAL";"I-1";"00003802";"PUESTO DE SALUD POTONGO";"NE_0001";"";"NE_0001";"NE_0001";"NE_0001";"NE_0001";"NE_0001";"NE_0001";"NE_0001"
"2023";"08";"050910";"AYACUCHO";"SUCRE";"SANTIAGO DE PAUCARAY";"GOBIERNO REGIONAL";"I-1";"00007096";"PUESTO DE SALUD AUTAMA";"NE_0001";"";"NE_0001";"NE_0001";"NE_0001";"NE_0001";"NE_0001";"NE_0001";"NE_0001"
"2023";"08";"050906";"AYACUCHO";"SUCRE";"MORCOLLA";"GOBIERNO REGIONAL";"I-1";"00003812";"PUESTO DE SALUD HUACO";"NE_0001";"";"NE_0001";"NE_0001";"NE_0001";"NE_0001";"NE_0001";"NE_0001";"NE_0001"
"2023";"08";"050901";"AYACUCHO";"SUCRE";"QUEROBAMBA";"GOBIERNO REGIONAL";"I-1";"00003809";"PUESTO DE SALUD CHONTA";"NE_0001";"";"NE_0001";"NE_0001";"NE_0001";"NE_0001";"NE_0001";"NE_0001";"NE_0001"
"2023";"08";"050906";"AYACUCHO";"SUCRE";"MORCOLLA";"GOBIERNO REGIONAL";"I-1";"00003810";"PUESTO DE SALUD MORCOLLA";"NE_0001";"";"NE_0001";"NE_0001";"NE_0001";"NE_0001";"NE_0001";"NE_0001";"NE_0001"
"2023";"08";"050906";"AYACUCHO";"SUCRE";"MORCOLLA";"GOBIERNO REGIONAL";"I-1";"00003811";"PUESTO DE SALUD TINTAY";"NE_0001";"";"NE_0001";"NE_0001";"NE_0001";"NE_0001";"NE_0001";"NE_0001";"NE_0001"
"2023";"08";"050907";"AYACUCHO";"SUCRE";"PAICO";"GOBIERNO REGIONAL";"I-1";"00003814";"PUESTO DE SALUD SIHUE";"NE_0001";"";"NE_0001";"NE_0001";"NE_0001";"NE_0001";"NE_0001";"NE_0001";"NE_0001"
"2023";"08";"050910";"AYACUCHO";"SUCRE";"SANTIAGO DE PAUCARAY";"GOBIERNO REGIONAL";"I-1";"00003816";"PUESTO DE SALUD SANTIAGO DE PAUCARAY";"NE_0001";"";"NE_0001";"NE_0001";"NE_0001";"NE_0001";"NE_0001";"NE_0001";"NE_0001"
"2023";"08";"050902";"AYACUCHO";"SUCRE";"BELEN";"GOBIERNO REGIONAL";"I-1";"00003803";"PUESTO DE SALUD BELEN";"NE_0001";"";"NE_0001";"NE_0001";"NE_0001";"NE_0001";"NE_0001";"NE_0001";"NE_0001"
"2023";"08";"050909";"AYACUCHO";"SUCRE";"SAN SALVADOR DE QUIJE";"GOBIERNO REGIONAL";"I-1";"00003807";"PUESTO DE SALUD SANTIAGO DE PALLCCA";"NE_0001";"";"NE_0001";"NE_0001";"NE_0001";"NE_0001";"NE_0001";"NE_0001";"NE_0001"
"2023";"08";"050903";"AYACUCHO";"SUCRE";"CHALCOS";"GOBIERNO REGIONAL";"I-1";"00003804";"PUESTO DE SALUD CHALCOS";"NE_0001";"";"NE_0001";"NE_0001";"NE_0001";"NE_0001";"NE_0001";"NE_0001";"NE_0001"
"2023";"08";"050908";"AYACUCHO";"SUCRE";"SAN PEDRO DE LARCAY";"GOBIERNO REGIONAL";"I-2";"00003815";"SAN PEDRO DE LARCAY";"NE_0001";"";"NE_0001";"NE_0001";"NE_0001";"NE_0001";"NE_0001";"NE_0001";"NE_0001"
"2023";"08";"050910";"AYACUCHO";"SUCRE";"SANTIAGO DE PAUCARAY";"GOBIERNO REGIONAL";"I-1";"00003817";"PUESTO DE SALUD ATIHUARA";"NE_0001";"";"NE_0001";"NE_0001";"NE_0001";"NE_0001";"NE_0001";"NE_0001";"NE_0001"
"2023";"08";"050909";"AYACUCHO";"SUCRE";"SAN SALVADOR DE QUIJE";"GOBIERNO REGIONAL";"I-1";"00006900";"PUESTO DE SALUD VISTA ALEGRE - SUCRE";"NE_0001";"";"NE_0001";"NE_0001";"NE_0001";"NE_0001";"NE_0001";"NE_0001";"NE_0001"
"2023";"08";"130102";"LA LIBERTAD";"TRUJILLO";"EL PORVENIR";"ESSALUD";"I-4";"00009041";"CENTRO DE SALUD CON INTERNAMIENTO EL PORVENIR";"241800";"HOSPITALIZACIÓN DE MEDICINA MEDICINA GENERAL ";"27";"23";"145";"178";"7";"217";"0"
"2023";"08";"130102";"LA LIBERTAD";"TRUJILLO";"EL PORVENIR";"ESSALUD";"I-4";"00009041";"CENTRO DE SALUD CON INTERNAMIENTO EL PORVENIR";"240100";"HOSPITALIZACIÓN QUIRÚRGICA CIRUGÍA GENERAL ";"1";"1";"7";"7";"1";"31";"0"
"2023";"08";"130102";"LA LIBERTAD";"TRUJILLO";"EL PORVENIR";"ESSALUD";"I-4";"00009041";"CENTRO DE SALUD CON INTERNAMIENTO EL PORVENIR";"241400";"HOSPITALIZACIÓN QUIRÚRGICA GINECO - OBSTETRICIA ";"6";"5";"33";"43";"2";"62";"0"
"2023";"08";"110305";"ICA";"NAZCA";"VISTA ALEGRE";"ESSALUD";"I-3";"00010429";"NASCA";"NE_0001";"";"NE_0001";"NE_0001";"NE_0001";"NE_0001";"NE_0001";"NE_0001";"NE_0001"
"2023";"08";"080707";"CUSCO";"CHUMBIVILCAS";"QUIÑOTA";"GOBIERNO REGIONAL";"I-1";"00006984";"CCOLLANA";"NE_0001";"";"NE_0001";"NE_0001";"NE_0001";"NE_0001";"NE_0001";"NE_0001";"NE_0001"
"2023";"08";"080706";"CUSCO";"CHUMBIVILCAS";"LLUSCO";"GOBIERNO REGIONAL";"I-1";"00027008";"ANTUYO";"NE_0001";"";"NE_0001";"NE_0001";"NE_0001";"NE_0001";"NE_0001";"NE_0001";"NE_0001"
"2023";"08";"080707";"CUSCO";"CHUMBIVILCAS";"QUIÑOTA";"GOBIERNO REGIONAL";"I-1";"00025369";"PUMALLACTA";"NE_0001";"";"NE_0001";"NE_0001";"NE_0001";"NE_0001";"NE_0001";"NE_0001";"NE_0001"
"2023";"03";"220909";"SAN MARTIN";"SAN MARTIN";"LA BANDA DE SHILCAYO";"PRIVADO";"II-E";"00015835";"CLINICA OFTALMOLOGICA DE LA SELVA";"NE_0001";"";"NE_0001";"NE_0001";"NE_0001";"NE_0001";"NE_0001";"NE_0001";"NE_0001"
"2023";"03";"160101";"LORETO";"MAYNAS";"IQUITOS";"PRIVADO";"II-1";"00012170";"SERVICIOS MEDICOS CLINICA SANTA ANITA SRL";"NE_0002";"";"NE_0002";"NE_0002";"NE_0002";"NE_0002";"NE_0002";"NE_0002";"NE_0002"
"2023";"03";"150105";"LIMA";"LIMA";"BREÑA";"PRIVADO";"II-E";"00015718";"CLINICA SAN MARCOS";"240000";"HOSPITALIZACIÓN";"106";"109";"184";"184";"23";"713";"0"
"2023";"03";"140101";"LAMBAYEQUE";"CHICLAYO";"CHICLAYO";"PRIVADO";"II-E";"00016192";"CLÍNICA CHICLAYO S.A";"240100";"HOSPITALIZACIÓN QUIRÚRGICA CIRUGÍA GENERAL ";"36";"37";"59";"55";"6";"180";"0"
"2023";"03";"140101";"LAMBAYEQUE";"CHICLAYO";"CHICLAYO";"PRIVADO";"II-E";"00016192";"CLÍNICA CHICLAYO S.A";"241000";"HOSPITALIZACIÓN QUIRÚRGICA ONCOLOGÍA QUIRÚRGICA  ";"8";"8";"15";"16";"3";"91";"0"
"2023";"03";"140101";"LAMBAYEQUE";"CHICLAYO";"CHICLAYO";"PRIVADO";"II-E";"00016192";"CLÍNICA CHICLAYO S.A";"241500";"HOSPITALIZACIÓN QUIRÚRGICA GINECOLOGÍA  ";"18";"18";"22";"17";"3";"87";"0"
"2023";"03";"140101";"LAMBAYEQUE";"CHICLAYO";"CHICLAYO";"PRIVADO";"II-E";"00016192";"CLÍNICA CHICLAYO S.A";"241400";"HOSPITALIZACIÓN QUIRÚRGICA GINECO - OBSTETRICIA ";"11";"11";"12";"12";"2";"61";"0"
"2023";"03";"140101";"LAMBAYEQUE";"CHICLAYO";"CHICLAYO";"PRIVADO";"II-E";"00016192";"CLÍNICA CHICLAYO S.A";"242300";"HOSPITALIZACIÓN DE PEDIATRÍA  PEDIATRÍA  GENERAL ";"11";"11";"12";"12";"2";"61";"0"
"2023";"03";"140101";"LAMBAYEQUE";"CHICLAYO";"CHICLAYO";"PRIVADO";"II-E";"00016192";"CLÍNICA CHICLAYO S.A";"241200";"HOSPITALIZACIÓN QUIRÚRGICA TRAUMATOLOGÍA Y ORTOPEDIA ";"37";"37";"55";"55";"5";"151";"0"
"2023";"03";"140101";"LAMBAYEQUE";"CHICLAYO";"CHICLAYO";"PRIVADO";"II-E";"00016192";"CLÍNICA CHICLAYO S.A";"240800";"HOSPITALIZACIÓN QUIRÚRGICA CIRUGÍA PLÁSTICA/RECONSTRUCTIVA/ REPARADORA ";"7";"7";"10";"10";"1";"32";"0"
"2023";"03";"140101";"LAMBAYEQUE";"CHICLAYO";"CHICLAYO";"PRIVADO";"II-E";"00016192";"CLÍNICA CHICLAYO S.A";"240400";"HOSPITALIZACIÓN QUIRÚRGICA CIRUGÍA DE TÓRAX Y CARDIOVASCULAR ";"1";"1";"1";"1";"1";"30";"0"
"2023";"03";"140101";"LAMBAYEQUE";"CHICLAYO";"CHICLAYO";"PRIVADO";"II-E";"00016192";"CLÍNICA CHICLAYO S.A";"241900";"HOSPITALIZACIÓN DE MEDICINA MEDICINA INTERNA ";"7";"7";"10";"10";"2";"62";"0"
"2023";"03";"140101";"LAMBAYEQUE";"CHICLAYO";"CHICLAYO";"PRIVADO";"II-E";"00016192";"CLÍNICA CHICLAYO S.A";"241300";"HOSPITALIZACIÓN QUIRÚRGICA UROLOGÍA  ";"5";"5";"5";"4";"1";"31";"0"
"2023";"03";"140101";"LAMBAYEQUE";"CHICLAYO";"CHICLAYO";"PRIVADO";"II-E";"00016192";"CLÍNICA CHICLAYO S.A";"240900";"HOSPITALIZACIÓN QUIRÚRGICA NEUROCIRUGÍA ";"1";"1";"3";"3";"1";"31";"0"
"2023";"03";"140106";"LAMBAYEQUE";"CHICLAYO";"LA VICTORIA";"PRIVADO";"II-E";"00010972";"HOSPITAL PRIVADO JUAN PABLO II SAC";"240000";"HOSPITALIZACIÓN";"123";"238";"629";"756";"38";"1178";"2"
"2023";"04";"070102";"CALLAO";"CALLAO";"BELLAVISTA";"SANIDAD DE LA MARINA DE GUERRA DEL PERU";"III-1";"00008266";"HOSPITAL NAVAL";"241300";"HOSPITALIZACIÓN QUIRÚRGICA UROLOGÍA  ";"71";"73";"673";"580";"21";"630";"0"
"2023";"04";"070102";"CALLAO";"CALLAO";"BELLAVISTA";"SANIDAD DE LA MARINA DE GUERRA DEL PERU";"III-1";"00008266";"HOSPITAL NAVAL";"242200";"HOSPITALIZACIÓN DE MEDICINA PSIQUIATRÍA ";"20";"16";"354";"332";"28";"840";"0"
"2023";"04";"070102";"CALLAO";"CALLAO";"BELLAVISTA";"SANIDAD DE LA MARINA DE GUERRA DEL PERU";"III-1";"00008266";"HOSPITAL NAVAL";"242000";"HOSPITALIZACIÓN DE MEDICINA MEDICINA TROPICAL E INFECCIOSAS ";"31";"30";"257";"329";"19";"570";"0"
"2023";"04";"070102";"CALLAO";"CALLAO";"BELLAVISTA";"SANIDAD DE LA MARINA DE GUERRA DEL PERU";"III-1";"00008266";"HOSPITAL NAVAL";"242300";"HOSPITALIZACIÓN DE PEDIATRÍA  PEDIATRÍA  GENERAL ";"78";"75";"264";"316";"18";"540";"0"
"2023";"04";"070102";"CALLAO";"CALLAO";"BELLAVISTA";"SANIDAD DE LA MARINA DE GUERRA DEL PERU";"III-1";"00008266";"HOSPITAL NAVAL";"241200";"HOSPITALIZACIÓN QUIRÚRGICA TRAUMATOLOGÍA Y ORTOPEDIA ";"42";"37";"323";"416";"15";"450";"1"
"2023";"04";"070102";"CALLAO";"CALLAO";"BELLAVISTA";"SANIDAD DE LA MARINA DE GUERRA DEL PERU";"III-1";"00008266";"HOSPITAL NAVAL";"241400";"HOSPITALIZACIÓN QUIRÚRGICA GINECO - OBSTETRICIA ";"97";"84";"442";"340";"18";"540";"0"
"2023";"04";"070102";"CALLAO";"CALLAO";"BELLAVISTA";"SANIDAD DE LA MARINA DE GUERRA DEL PERU";"III-1";"00008266";"HOSPITAL NAVAL";"243200";"HOSPITALIZACIÓN DE PEDIATRÍA PEDIATRIA NEONATOLOGÍA";"40";"44";"162";"146";"12";"360";"0"
"2023";"04";"070102";"CALLAO";"CALLAO";"BELLAVISTA";"SANIDAD DE LA MARINA DE GUERRA DEL PERU";"III-1";"00008266";"HOSPITAL NAVAL";"244400";"HOSPITALIZACIÓN DE MEDICINA GERIATRIA ";"29";"19";"110";"208";"14";"420";"7"
"2023";"04";"070102";"CALLAO";"CALLAO";"BELLAVISTA";"SANIDAD DE LA MARINA DE GUERRA DEL PERU";"III-1";"00008266";"HOSPITAL NAVAL";"240100";"HOSPITALIZACIÓN QUIRÚRGICA CIRUGÍA GENERAL ";"226";"215";"1495";"1406";"57";"1710";"1"
"2023";"04";"070102";"CALLAO";"CALLAO";"BELLAVISTA";"SANIDAD DE LA MARINA DE GUERRA DEL PERU";"III-1";"00008266";"HOSPITAL NAVAL";"241800";"HOSPITALIZACIÓN DE MEDICINA MEDICINA GENERAL ";"54";"56";"488";"580";"20";"600";"1"
"2023";"04";"070102";"CALLAO";"CALLAO";"BELLAVISTA";"SANIDAD DE LA MARINA DE GUERRA DEL PERU";"III-1";"00008266";"HOSPITAL NAVAL";"240000";"HOSPITALIZACIÓN";"153";"162";"1543";"1368";"84";"2520";"2"
"2023";"04";"060804";"CAJAMARCA";"JAEN";"COLASAY";"GOBIERNO REGIONAL";"I-1";"00004240";"CUYCA";"NE_0001";"";"NE_0001";"NE_0001";"NE_0001";"NE_0001";"NE_0001";"NE_0001";"NE_0001"
"2023";"04";"060808";"CAJAMARCA";"JAEN";"PUCARA";"GOBIERNO REGIONAL";"I-4";"00004249";"PUCARA";"241800";"HOSPITALIZACIÓN DE MEDICINA MEDICINA GENERAL ";"12";"12";"17";"12";"08";"96";"0"
"2023";"04";"060808";"CAJAMARCA";"JAEN";"PUCARA";"GOBIERNO REGIONAL";"I-4";"00004249";"PUCARA";"241600";"HOSPITALIZACIÓN QUIRÚRGICA OBSTETRICIA   ";"7";"7";"10";"7";"04";"28";"0"
"2023";"01";"060101";"CAJAMARCA";"CAJAMARCA";"CAJAMARCA";"PRIVADO";"I-3";"00024687";"MEDITRAN PERU";"NE_0001";"";"NE_0001";"NE_0001";"NE_0001";"NE_0001";"NE_0001";"NE_0001";"NE_0001"
"2023";"07";"060607";"CAJAMARCA";"CUTERVO";"QUEROCOTILLO";"GOBIERNO REGIONAL";"I-3";"00004968";"SILLANGATE";"NE_0001";"";"NE_0001";"NE_0001";"NE_0001";"NE_0001";"NE_0001";"NE_0001";"NE_0001"
"2023";"07";"060607";"CAJAMARCA";"CUTERVO";"QUEROCOTILLO";"GOBIERNO REGIONAL";"I-1";"00005011";"PARIC";"NE_0001";"";"NE_0001";"NE_0001";"NE_0001";"NE_0001";"NE_0001";"NE_0001";"NE_0001"
"2023";"07";"060607";"CAJAMARCA";"CUTERVO";"QUEROCOTILLO";"GOBIERNO REGIONAL";"I-1";"00006943";"BALCONCILLO";"NE_0001";"";"NE_0001";"NE_0001";"NE_0001";"NE_0001";"NE_0001";"NE_0001";"NE_0001"
"2023";"07";"060607";"CAJAMARCA";"CUTERVO";"QUEROCOTILLO";"GOBIERNO REGIONAL";"I-2";"00005007";"SANTA ROSA DE QUEROCOTILLO";"NE_0001";"";"NE_0001";"NE_0001";"NE_0001";"NE_0001";"NE_0001";"NE_0001";"NE_0001"
"2023";"07";"060607";"CAJAMARCA";"CUTERVO";"QUEROCOTILLO";"GOBIERNO REGIONAL";"I-1";"00006869";"LAS DELICIAS";"NE_0001";"";"NE_0001";"NE_0001";"NE_0001";"NE_0001";"NE_0001";"NE_0001";"NE_0001"
"2023";"07";"060607";"CAJAMARCA";"CUTERVO";"QUEROCOTILLO";"GOBIERNO REGIONAL";"I-1";"00007753";"BARBASCO";"NE_0001";"";"NE_0001";"NE_0001";"NE_0001";"NE_0001";"NE_0001";"NE_0001";"NE_0001"
"2023";"07";"060607";"CAJAMARCA";"CUTERVO";"QUEROCOTILLO";"GOBIERNO REGIONAL";"I-3";"00005006";"QUEROCOTILLO";"NE_0001";"";"NE_0001";"NE_0001";"NE_0001";"NE_0001";"NE_0001";"NE_0001";"NE_0001"
"2023";"07";"060607";"CAJAMARCA";"CUTERVO";"QUEROCOTILLO";"GOBIERNO REGIONAL";"I-2";"00005010";"INGUER";"NE_0001";"";"NE_0001";"NE_0001";"NE_0001";"NE_0001";"NE_0001";"NE_0001";"NE_0001"
"2023";"07";"060607";"CAJAMARCA";"CUTERVO";"QUEROCOTILLO";"GOBIERNO REGIONAL";"I-1";"00006942";"LA SUCCHA ALTA";"NE_0001";"";"NE_0001";"NE_0001";"NE_0001";"NE_0001";"NE_0001";"NE_0001";"NE_0001"
"2023";"07";"060607";"CAJAMARCA";"CUTERVO";"QUEROCOTILLO";"GOBIERNO REGIONAL";"I-1";"00007099";"AGUA BLANCA";"NE_0001";"";"NE_0001";"NE_0001";"NE_0001";"NE_0001";"NE_0001";"NE_0001";"NE_0001"
"2023";"07";"060607";"CAJAMARCA";"CUTERVO";"QUEROCOTILLO";"GOBIERNO REGIONAL";"I-1";"00007365";"MINAS DE QUEROCOTILLO";"NE_0001";"";"NE_0001";"NE_0001";"NE_0001";"NE_0001";"NE_0001";"NE_0001";"NE_0001"
"2023";"07";"060607";"CAJAMARCA";"CUTERVO";"QUEROCOTILLO";"GOBIERNO REGIONAL";"I-1";"00007366";"EL CORRAL";"NE_0001";"";"NE_0001";"NE_0001";"NE_0001";"NE_0001";"NE_0001";"NE_0001";"NE_0001"
"2023";"07";"060607";"CAJAMARCA";"CUTERVO";"QUEROCOTILLO";"GOBIERNO REGIONAL";"I-1";"00006941";"MARAYBAMBA ALTO";"NE_0001";"";"NE_0001";"NE_0001";"NE_0001";"NE_0001";"NE_0001";"NE_0001";"NE_0001"
"2023";"07";"060607";"CAJAMARCA";"CUTERVO";"QUEROCOTILLO";"GOBIERNO REGIONAL";"I-1";"00007226";"LA SUCCHA DE QUEROCOTILLO";"NE_0001";"";"NE_0001";"NE_0001";"NE_0001";"NE_0001";"NE_0001";"NE_0001";"NE_0001"
"2023";"07";"120303";"JUNIN";"CHANCHAMAYO";"PICHANAQUI";"GOBIERNO REGIONAL";"II-1";"00000340";"HOSPITAL DE APOYO PICHANAKI";"241800";"HOSPITALIZACIÓN DE MEDICINA MEDICINA GENERAL ";"41";"45";"249";"249";"9";"279";"3"
"2023";"07";"120303";"JUNIN";"CHANCHAMAYO";"PICHANAQUI";"GOBIERNO REGIONAL";"II-1";"00000340";"HOSPITAL DE APOYO PICHANAKI";"240100";"HOSPITALIZACIÓN QUIRÚRGICA CIRUGÍA GENERAL ";"35";"30";"144";"144";"5";"155";"0"
"2023";"07";"120303";"JUNIN";"CHANCHAMAYO";"PICHANAQUI";"GOBIERNO REGIONAL";"II-1";"00000340";"HOSPITAL DE APOYO PICHANAKI";"241200";"HOSPITALIZACIÓN QUIRÚRGICA TRAUMATOLOGÍA Y ORTOPEDIA ";"10";"11";"43";"43";"2";"62";"0"
"2023";"07";"120303";"JUNIN";"CHANCHAMAYO";"PICHANAQUI";"GOBIERNO REGIONAL";"II-1";"00000340";"HOSPITAL DE APOYO PICHANAKI";"242500";"HOSPITALIZACIÓN-PEDIATRÍA GENERAL-";"33";"36";"129";"129";"5";"155";"1"
"2023";"07";"120303";"JUNIN";"CHANCHAMAYO";"PICHANAQUI";"GOBIERNO REGIONAL";"II-1";"00000340";"HOSPITAL DE APOYO PICHANAKI";"241600";"HOSPITALIZACIÓN QUIRÚRGICA OBSTETRICIA   ";"104";"101";"188";"188";"12";"372";"0"
"2023";"07";"120303";"JUNIN";"CHANCHAMAYO";"PICHANAQUI";"GOBIERNO REGIONAL";"II-1";"00000340";"HOSPITAL DE APOYO PICHANAKI";"241400";"HOSPITALIZACIÓN QUIRÚRGICA GINECO - OBSTETRICIA ";"34";"35";"74";"74";"9";"279";"0"
"2023";"07";"220101";"SAN MARTIN";"MOYOBAMBA";"MOYOBAMBA";"GOBIERNO REGIONAL";"I-1";"00006323";"MORROYACU";"NE_0002";"";"NE_0002";"NE_0002";"NE_0002";"NE_0002";"NE_0002";"NE_0002";"NE_0002"
"2023";"07";"220101";"SAN MARTIN";"MOYOBAMBA";"MOYOBAMBA";"GOBIERNO REGIONAL";"I-1";"00006324";"SHIMPIYACU";"NE_0002";"";"NE_0002";"NE_0002";"NE_0002";"NE_0002";"NE_0002";"NE_0002";"NE_0002"
"2023";"07";"220101";"SAN MARTIN";"MOYOBAMBA";"MOYOBAMBA";"GOBIERNO REGIONAL";"I-1";"00006323";"MORROYACU";"NE_0002";"";"NE_0002";"NE_0002";"NE_0002";"NE_0002";"NE_0002";"NE_0002";"NE_0002"
"2023";"07";"220101";"SAN MARTIN";"MOYOBAMBA";"MOYOBAMBA";"GOBIERNO REGIONAL";"I-3";"00006322";"PUEBLO LIBRE";"241400";"HOSPITALIZACIÓN QUIRÚRGICA GINECO - OBSTETRICIA ";"3";"3";"3";"3";"3";"4";"0"
"2023";"07";"220101";"SAN MARTIN";"MOYOBAMBA";"MOYOBAMBA";"GOBIERNO REGIONAL";"I-1";"00006325";"NUEVA HUANCABAMBA";"NE_0002";"";"NE_0002";"NE_0002";"NE_0002";"NE_0002";"NE_0002";"NE_0002";"NE_0002"
"2023";"07";"230101";"TACNA";"TACNA";"TACNA";"GOBIERNO REGIONAL";"II-2";"00002864";"HOSPITAL HIPOLITO UNANUE DE TACNA";"240100";"HOSPITALIZACIÓN QUIRÚRGICA CIRUGÍA GENERAL ";"168";"125";"91";"1231";"39";"1209";"1"
"2023";"07";"230101";"TACNA";"TACNA";"TACNA";"GOBIERNO REGIONAL";"II-2";"00002864";"HOSPITAL HIPOLITO UNANUE DE TACNA";"240700";"HOSPITALIZACIÓN QUIRÚRGICA CIRUGÍA PEDIÁTRICA ";"15";"20";"17";"174";"10";"310";"0"
"2023";"07";"230101";"TACNA";"TACNA";"TACNA";"GOBIERNO REGIONAL";"II-2";"00002864";"HOSPITAL HIPOLITO UNANUE DE TACNA";"241400";"HOSPITALIZACIÓN QUIRÚRGICA GINECO - OBSTETRICIA ";"266";"199";"187";"708";"46";"1426";"0"
"2023";"07";"230101";"TACNA";"TACNA";"TACNA";"GOBIERNO REGIONAL";"II-2";"00002864";"HOSPITAL HIPOLITO UNANUE DE TACNA";"241500";"HOSPITALIZACIÓN QUIRÚRGICA GINECOLOGÍA  ";"85";"74";"70";"134";"8";"248";"0"
"2023";"07";"230101";"TACNA";"TACNA";"TACNA";"GOBIERNO REGIONAL";"II-2";"00002864";"HOSPITAL HIPOLITO UNANUE DE TACNA";"241900";"HOSPITALIZACIÓN DE MEDICINA MEDICINA INTERNA ";"162";"139";"109";"1160";"41";"1271";"19"
"2023";"07";"230101";"TACNA";"TACNA";"TACNA";"GOBIERNO REGIONAL";"II-2";"00002864";"HOSPITAL HIPOLITO UNANUE DE TACNA";"242200";"HOSPITALIZACIÓN DE MEDICINA PSIQUIATRÍA ";"17";"12";"3";"374";"16";"496";"0"
"2023";"07";"230101";"TACNA";"TACNA";"TACNA";"GOBIERNO REGIONAL";"II-2";"00002864";"HOSPITAL HIPOLITO UNANUE DE TACNA";"242300";"HOSPITALIZACIÓN DE PEDIATRÍA  PEDIATRÍA  GENERAL ";"52";"53";"45";"265";"10";"310";"0"
"2023";"07";"230101";"TACNA";"TACNA";"TACNA";"GOBIERNO REGIONAL";"II-2";"00002864";"HOSPITAL HIPOLITO UNANUE DE TACNA";"243200";"HOSPITALIZACIÓN DE PEDIATRÍA PEDIATRIA NEONATOLOGÍA";"205";"172";"161";"298";"10";"310";"4"
"2023";"07";"230101";"TACNA";"TACNA";"TACNA";"GOBIERNO REGIONAL";"II-2";"00002864";"HOSPITAL HIPOLITO UNANUE DE TACNA";"245300";"HOSPITALIZACIÓN DE MEDICINA NEUMOLOGÍA  ";"11";"8";"7";"128";"8";"248";"1"
"2023";"07";"230101";"TACNA";"TACNA";"TACNA";"GOBIERNO REGIONAL";"II-2";"00002864";"HOSPITAL HIPOLITO UNANUE DE TACNA";"250100";"UNIDAD DE CUIDADOS CRITICOS UNIDAD  DE CUIDADOS INTENSIVOS GENERALES (UCI) ";"8";"10";"4";"114";"6";"186";"1"
"2023";"07";"230101";"TACNA";"TACNA";"TACNA";"GOBIERNO REGIONAL";"II-2";"00002864";"HOSPITAL HIPOLITO UNANUE DE TACNA";"250400";"UNIDAD DE CUIDADOS CRITICOS UNIDAD DE QUEMADOS (GRAN QUEMADO) ";"14";"7";"3";"31";"3";"93";"0"
"2023";"07";"120702";"JUNIN";"TARMA";"ACOBAMBA";"GOBIERNO REGIONAL";"I-4";"00000521";"ACOBAMBA";"241600";"HOSPITALIZACIÓN QUIRÚRGICA OBSTETRICIA   ";"2";"2";"2";"2";"3";"93";"0"
"2023";"07";"120702";"JUNIN";"TARMA";"ACOBAMBA";"GOBIERNO REGIONAL";"I-1";"00000523";"HUARACAYO";"NE_0001";"";"NE_0001";"NE_0001";"NE_0001";"NE_0001";"NE_0001";"NE_0001";"NE_0001"
"2023";"07";"120702";"JUNIN";"TARMA";"ACOBAMBA";"GOBIERNO REGIONAL";"I-1";"00000524";"TUPIN";"NE_0001";"";"NE_0001";"NE_0001";"NE_0001";"NE_0001";"NE_0001";"NE_0001";"NE_0001"
"2023";"07";"120706";"JUNIN";"TARMA";"PALCA";"GOBIERNO REGIONAL";"I-1";"00000573";"CHIPOCAYO";"NE_0001";"";"NE_0001";"NE_0001";"NE_0001";"NE_0001";"NE_0001";"NE_0001";"NE_0001"
"2023";"07";"120706";"JUNIN";"TARMA";"PALCA";"GOBIERNO REGIONAL";"I-3";"00000569";"PALCA";"NE_0001";"";"NE_0001";"NE_0001";"NE_0001";"NE_0001";"NE_0001";"NE_0001";"NE_0001"
"2023";"07";"120706";"JUNIN";"TARMA";"PALCA";"GOBIERNO REGIONAL";"I-1";"00000571";"CARPAPATA";"NE_0001";"";"NE_0001";"NE_0001";"NE_0001";"NE_0001";"NE_0001";"NE_0001";"NE_0001"
"2023";"07";"110401";"ICA";"PALPA";"PALPA";"ESSALUD";"I-3";"00010483";"PALPA";"NE_0001";"";"NE_0001";"NE_0001";"NE_0001";"NE_0001";"NE_0001";"NE_0001";"NE_0001"
"2023";"07";"150122";"LIMA";"LIMA";"MIRAFLORES";"ESSALUD";"II-2";"00008489";"ESSALUD - HOSPITAL III SUÁREZ ANGAMOS";"250100";"UNIDAD DE CUIDADOS CRITICOS UNIDAD  DE CUIDADOS INTENSIVOS GENERALES (UCI) ";"9";"9";"62";"166";"7";"217";"6"
"2023";"07";"150122";"LIMA";"LIMA";"MIRAFLORES";"ESSALUD";"II-2";"00008489";"ESSALUD - HOSPITAL III SUÁREZ ANGAMOS";"250200";"UNIDAD DE CUIDADOS CRITICOS UNIDAD DE CUIDADOS INTERMEDIOS GENERAL  (UCIN) ";"8";"11";"51";"133";"6";"186";"0"
"2023";"07";"150122";"LIMA";"LIMA";"MIRAFLORES";"ESSALUD";"II-2";"00008489";"ESSALUD - HOSPITAL III SUÁREZ ANGAMOS";"241800";"HOSPITALIZACIÓN DE MEDICINA MEDICINA GENERAL ";"100";"97";"755";"707";"24";"748";"7"
"2023";"07";"150122";"LIMA";"LIMA";"MIRAFLORES";"ESSALUD";"II-2";"00008489";"ESSALUD - HOSPITAL III SUÁREZ ANGAMOS";"240100";"HOSPITALIZACIÓN QUIRÚRGICA CIRUGÍA GENERAL ";"212";"205";"481";"490";"20";"606";"0"
"2023";"07";"150122";"LIMA";"LIMA";"MIRAFLORES";"ESSALUD";"II-2";"00008489";"ESSALUD - HOSPITAL III SUÁREZ ANGAMOS";"241400";"HOSPITALIZACIÓN QUIRÚRGICA GINECO - OBSTETRICIA ";"48";"45";"75";"75";"4";"127";"0"
"2023";"07";"150122";"LIMA";"LIMA";"MIRAFLORES";"ESSALUD";"II-2";"00008489";"ESSALUD - HOSPITAL III SUÁREZ ANGAMOS";"241600";"HOSPITALIZACIÓN QUIRÚRGICA OBSTETRICIA   ";"213";"210";"386";"378";"13";"418";"0"
"2023";"07";"150122";"LIMA";"LIMA";"MIRAFLORES";"ESSALUD";"II-2";"00008489";"ESSALUD - HOSPITAL III SUÁREZ ANGAMOS";"242300";"HOSPITALIZACIÓN DE PEDIATRÍA  PEDIATRÍA  GENERAL ";"78";"79";"232";"242";"10";"313";"0"
"2023";"07";"150122";"LIMA";"LIMA";"MIRAFLORES";"ESSALUD";"II-2";"00008489";"ESSALUD - HOSPITAL III SUÁREZ ANGAMOS";"243200";"HOSPITALIZACIÓN DE PEDIATRÍA PEDIATRIA NEONATOLOGÍA";"14";"15";"46";"43";"4";"113";"0"
"2023";"07";"220904";"SAN MARTIN";"SAN MARTIN";"CHAZUTA";"GOBIERNO REGIONAL";"I-1";"00006426";"CALLANAYACU";"NE_0001";"";"NE_0001";"NE_0001";"NE_0001";"NE_0001";"NE_0001";"NE_0001";"NE_0001"
"2023";"07";"150131";"LIMA";"LIMA";"SAN ISIDRO";"PRIVADO";"II-E";"00017099";"OFTALMOLOGOS CONTRERAS  C.SCRL";"NE_0001";"";"NE_0001";"NE_0001";"NE_0001";"NE_0001";"NE_0001";"NE_0001";"NE_0001"
"2023";"07";"060811";"CAJAMARCA";"JAEN";"SAN JOSE DEL ALTO";"GOBIERNO REGIONAL";"I-1";"00004257";"SAN JOSE DEL ALTO";"NE_0001";"";"NE_0001";"NE_0001";"NE_0001";"NE_0001";"NE_0001";"NE_0001";"NE_0001"
"2023";"07";"060811";"CAJAMARCA";"JAEN";"SAN JOSE DEL ALTO";"GOBIERNO REGIONAL";"I-1";"00009965";"SAN ANTONIO";"NE_0001";"";"NE_0001";"NE_0001";"NE_0001";"NE_0001";"NE_0001";"NE_0001";"NE_0001"
"2023";"07";"060811";"CAJAMARCA";"JAEN";"SAN JOSE DEL ALTO";"GOBIERNO REGIONAL";"I-3";"00004256";"COCHALAN";"NE_0001";"";"NE_0001";"NE_0001";"NE_0001";"NE_0001";"NE_0001";"NE_0001";"NE_0001"
"2023";"07";"060811";"CAJAMARCA";"JAEN";"SAN JOSE DEL ALTO";"GOBIERNO REGIONAL";"I-2";"00004258";"ANGASH";"NE_0001";"";"NE_0001";"NE_0001";"NE_0001";"NE_0001";"NE_0001";"NE_0001";"NE_0001"
"2023";"07";"060605";"CAJAMARCA";"CUTERVO";"LA RAMADA";"GOBIERNO REGIONAL";"I-1";"00006949";"LOS PUENTES";"NE_0001";"";"NE_0001";"NE_0001";"NE_0001";"NE_0001";"NE_0001";"NE_0001";"NE_0001"
"2023";"07";"060604";"CAJAMARCA";"CUTERVO";"CUJILLO";"GOBIERNO REGIONAL";"I-1";"00005026";"EL PAGO";"NE_0001";"";"NE_0001";"NE_0001";"NE_0001";"NE_0001";"NE_0001";"NE_0001";"NE_0001"
"2023";"07";"060609";"CAJAMARCA";"CUTERVO";"SAN JUAN DE CUTERVO";"GOBIERNO REGIONAL";"I-3";"00005029";"SAN JUAN DE CUTERVO";"NE_0001";"";"NE_0001";"NE_0001";"NE_0001";"NE_0001";"NE_0001";"NE_0001";"NE_0001"
"2023";"07";"060605";"CAJAMARCA";"CUTERVO";"LA RAMADA";"GOBIERNO REGIONAL";"I-1";"00007049";"SURO CHICO";"NE_0001";"";"NE_0001";"NE_0001";"NE_0001";"NE_0001";"NE_0001";"NE_0001";"NE_0001"
"2023";"04";"200601";"PIURA";"SULLANA";"SULLANA";"GOBIERNO REGIONAL";"II-2";"00001910";"HOSPITAL DE APOYO II - 2 SULLANA";"241900";"HOSPITALIZACIÓN DE MEDICINA MEDICINA INTERNA ";"112";"108";"873";"841";"38";"1083";"15"
"2023";"04";"200601";"PIURA";"SULLANA";"SULLANA";"GOBIERNO REGIONAL";"II-2";"00001910";"HOSPITAL DE APOYO II - 2 SULLANA";"244000";"HOSPITALIZACIÓN DE MEDICINA CARDIOLOGIA ";"7";"13";"144";"76";"6";"180";"1"
"2023";"04";"200601";"PIURA";"SULLANA";"SULLANA";"GOBIERNO REGIONAL";"II-2";"00001910";"HOSPITAL DE APOYO II - 2 SULLANA";"240100";"HOSPITALIZACIÓN QUIRÚRGICA CIRUGÍA GENERAL ";"120";"131";"692";"443";"20";"596";"1"
"2023";"04";"200601";"PIURA";"SULLANA";"SULLANA";"GOBIERNO REGIONAL";"II-2";"00001910";"HOSPITAL DE APOYO II - 2 SULLANA";"240700";"HOSPITALIZACIÓN QUIRÚRGICA CIRUGÍA PEDIÁTRICA ";"34";"33";"116";"148";"6";"169";"0"
"2023";"04";"200601";"PIURA";"SULLANA";"SULLANA";"GOBIERNO REGIONAL";"II-2";"00001910";"HOSPITAL DE APOYO II - 2 SULLANA";"241200";"HOSPITALIZACIÓN QUIRÚRGICA TRAUMATOLOGÍA Y ORTOPEDIA ";"8";"8";"98";"141";"6";"184";"0"
"2023";"04";"200601";"PIURA";"SULLANA";"SULLANA";"GOBIERNO REGIONAL";"II-2";"00001910";"HOSPITAL DE APOYO II - 2 SULLANA";"243200";"HOSPITALIZACIÓN DE PEDIATRÍA PEDIATRIA NEONATOLOGÍA";"44";"50";"597";"492";"20";"593";"1"
"2023";"04";"200601";"PIURA";"SULLANA";"SULLANA";"GOBIERNO REGIONAL";"II-2";"00001910";"HOSPITAL DE APOYO II - 2 SULLANA";"250105";"UNIDAD DE CUIDADOS CRITICOS UNIDAD  DE CUIDADOS INTENSIVOS  (UCI) NEONATOLOGÍA";"6";"2";"37";"112";"4";"127";"1"
"2023";"04";"200601";"PIURA";"SULLANA";"SULLANA";"GOBIERNO REGIONAL";"II-2";"00001910";"HOSPITAL DE APOYO II - 2 SULLANA";"242300";"HOSPITALIZACIÓN DE PEDIATRÍA  PEDIATRÍA  GENERAL ";"46";"47";"372";"305";"11";"345";"3"
"2023";"04";"200601";"PIURA";"SULLANA";"SULLANA";"GOBIERNO REGIONAL";"II-2";"00001910";"HOSPITAL DE APOYO II - 2 SULLANA";"241500";"HOSPITALIZACIÓN QUIRÚRGICA GINECOLOGÍA  ";"31";"35";"131";"104";"6";"179";"0"
"2023";"04";"200601";"PIURA";"SULLANA";"SULLANA";"GOBIERNO REGIONAL";"II-2";"00001910";"HOSPITAL DE APOYO II - 2 SULLANA";"241600";"HOSPITALIZACIÓN QUIRÚRGICA OBSTETRICIA   ";"379";"382";"1262";"919";"38";"1141";"0"
"2023";"04";"200601";"PIURA";"SULLANA";"SULLANA";"GOBIERNO REGIONAL";"II-2";"00001910";"HOSPITAL DE APOYO II - 2 SULLANA";"250100";"UNIDAD DE CUIDADOS CRITICOS UNIDAD  DE CUIDADOS INTENSIVOS GENERALES (UCI) ";"26";"13";"249";"425";"15";"450";"13"
"2023";"05";"060101";"CAJAMARCA";"CAJAMARCA";"CAJAMARCA";"PRIVADO";"II-1";"00012761";"CLINICA SAN LORENZO S.R.L.";"240100";"HOSPITALIZACIÓN QUIRÚRGICA CIRUGÍA GENERAL ";"4";"4";"5";"9";"16";"496";"0"
"2023";"05";"060101";"CAJAMARCA";"CAJAMARCA";"CAJAMARCA";"PRIVADO";"II-1";"00012761";"CLINICA SAN LORENZO S.R.L.";"240200";"HOSPITALIZACIÓN QUIRÚRGICA CIRUGÍA DE CABEZA Y CUELLO / MÁXILO FACIAL ";"1";"1";"1";"2";"16";"496";"0"
"2023";"05";"060101";"CAJAMARCA";"CAJAMARCA";"CAJAMARCA";"PRIVADO";"II-1";"00012761";"CLINICA SAN LORENZO S.R.L.";"240300";"HOSPITALIZACIÓN QUIRÚRGICA CIRUGÍA DIGESTIVA ";"10";"10";"16";"26";"16";"496";"0"
"2023";"05";"060101";"CAJAMARCA";"CAJAMARCA";"CAJAMARCA";"PRIVADO";"II-1";"00012761";"CLINICA SAN LORENZO S.R.L.";"240801";"HOSPITALIZACIÓN QUIRÚRGICA CIRUGÍA PLÁSTICA/RECONSTRUCTIVA/ REPARADORA QUEMADOS";"1";"1";"1";"2";"16";"496";"0"
"2023";"05";"060101";"CAJAMARCA";"CAJAMARCA";"CAJAMARCA";"PRIVADO";"II-1";"00012761";"CLINICA SAN LORENZO S.R.L.";"240900";"HOSPITALIZACIÓN QUIRÚRGICA NEUROCIRUGÍA ";"2";"2";"2";"4";"16";"496";"0"
"2023";"05";"060101";"CAJAMARCA";"CAJAMARCA";"CAJAMARCA";"PRIVADO";"II-1";"00012761";"CLINICA SAN LORENZO S.R.L.";"241000";"HOSPITALIZACIÓN QUIRÚRGICA ONCOLOGÍA QUIRÚRGICA  ";"5";"5";"8";"13";"16";"496";"0"
"2023";"05";"060101";"CAJAMARCA";"CAJAMARCA";"CAJAMARCA";"PRIVADO";"II-1";"00012761";"CLINICA SAN LORENZO S.R.L.";"241100";"HOSPITALIZACIÓN QUIRÚRGICA OTORRINOLARINGOLOGÍA  ";"1";"1";"1";"2";"16";"496";"0"
"2023";"05";"060101";"CAJAMARCA";"CAJAMARCA";"CAJAMARCA";"PRIVADO";"II-1";"00012761";"CLINICA SAN LORENZO S.R.L.";"241200";"HOSPITALIZACIÓN QUIRÚRGICA TRAUMATOLOGÍA Y ORTOPEDIA ";"15";"15";"16";"31";"16";"496";"0"
"2023";"05";"060101";"CAJAMARCA";"CAJAMARCA";"CAJAMARCA";"PRIVADO";"II-1";"00012761";"CLINICA SAN LORENZO S.R.L.";"241300";"HOSPITALIZACIÓN QUIRÚRGICA UROLOGÍA  ";"9";"9";"25";"34";"16";"496";"0"
"2023";"05";"060101";"CAJAMARCA";"CAJAMARCA";"CAJAMARCA";"PRIVADO";"II-1";"00012761";"CLINICA SAN LORENZO S.R.L.";"241500";"HOSPITALIZACIÓN QUIRÚRGICA GINECOLOGÍA  ";"9";"9";"11";"20";"16";"496";"0"
"2023";"05";"060101";"CAJAMARCA";"CAJAMARCA";"CAJAMARCA";"PRIVADO";"II-1";"00012761";"CLINICA SAN LORENZO S.R.L.";"241900";"HOSPITALIZACIÓN DE MEDICINA MEDICINA INTERNA ";"1";"1";"2";"3";"16";"496";"0"
"2023";"05";"060101";"CAJAMARCA";"CAJAMARCA";"CAJAMARCA";"PRIVADO";"II-1";"00012761";"CLINICA SAN LORENZO S.R.L.";"244000";"HOSPITALIZACIÓN DE MEDICINA CARDIOLOGIA ";"1";"0";"1";"2";"16";"496";"0"
"2023";"05";"040109";"AREQUIPA";"AREQUIPA";"MARIANO MELGAR";"GOBIERNO REGIONAL";"I-3";"00001295";"CENTRO DE SALUD GENERALISIMO SAN MARTIN";"NE_0001";"";"NE_0001";"NE_0001";"NE_0001";"NE_0001";"NE_0001";"NE_0001";"NE_0001"
"2023";"05";"150105";"LIMA";"LIMA";"BREÑA";"PRIVADO";"II-E";"00015718";"CLINICA SAN MARCOS";"240000";"HOSPITALIZACIÓN";"106";"109";"184";"184";"23";"713";"0"
"2023";"05";"140101";"LAMBAYEQUE";"CHICLAYO";"CHICLAYO";"PRIVADO";"II-E";"00011129";"MAX SALUD AVISAL S.A.";"242100";"HOSPITALIZACIÓN DE MEDICINA ONCOLOGÍA MÉDICA ";"1";"1";"1";"1";"1";"31";"0"
"2023";"05";"140101";"LAMBAYEQUE";"CHICLAYO";"CHICLAYO";"PRIVADO";"II-E";"00011129";"MAX SALUD AVISAL S.A.";"244700";"HOSPITALIZACIÓN DE MEDICINA NEUROLOGIA  ";"4";"1";"5";"4";"4";"124";"0"
"2023";"05";"140101";"LAMBAYEQUE";"CHICLAYO";"CHICLAYO";"PRIVADO";"II-E";"00011129";"MAX SALUD AVISAL S.A.";"243900";"HOSPITALIZACIÓN DE PEDIATRÍA PEDIATRIA REUMATOLOGÍA PEDIÁTRICA";"1";"1";"5";"4";"1";"30";"0"
"2023";"05";"140101";"LAMBAYEQUE";"CHICLAYO";"CHICLAYO";"PRIVADO";"II-E";"00011129";"MAX SALUD AVISAL S.A.";"243500";"HOSPITALIZACIÓN DE PEDIATRÍA PEDIATRIA OFTALMOLOGÍA PEDIÁTRICA";"14";"16";"59";"53";"8";"240";"0"
"2023";"05";"140101";"LAMBAYEQUE";"CHICLAYO";"CHICLAYO";"PRIVADO";"II-E";"00011129";"MAX SALUD AVISAL S.A.";"242800";"HOSPITALIZACIÓN DE PEDIATRÍA PEDIATRIA ENDOCRINOLOGÍA PEDIÁTRICA";"3";"3";"13";"12";"3";"93";"0"
"2023";"05";"140101";"LAMBAYEQUE";"CHICLAYO";"CHICLAYO";"PRIVADO";"II-E";"00011129";"MAX SALUD AVISAL S.A.";"241600";"HOSPITALIZACIÓN QUIRÚRGICA OBSTETRICIA   ";"2";"2";"4";"2";"2";"62";"0"
"2023";"05";"140101";"LAMBAYEQUE";"CHICLAYO";"CHICLAYO";"PRIVADO";"II-E";"00011129";"MAX SALUD AVISAL S.A.";"241500";"HOSPITALIZACIÓN QUIRÚRGICA GINECOLOGÍA  ";"17";"18";"38";"25";"9";"279";"0"
"2023";"05";"140101";"LAMBAYEQUE";"CHICLAYO";"CHICLAYO";"PRIVADO";"II-E";"00011129";"MAX SALUD AVISAL S.A.";"241400";"HOSPITALIZACIÓN QUIRÚRGICA GINECO - OBSTETRICIA ";"3";"3";"9";"7";"3";"93";"0"
"2023";"05";"140101";"LAMBAYEQUE";"CHICLAYO";"CHICLAYO";"PRIVADO";"II-E";"00011129";"MAX SALUD AVISAL S.A.";"241300";"HOSPITALIZACIÓN QUIRÚRGICA UROLOGÍA  ";"9";"10";"26";"19";"6";"180";"0"
"2023";"05";"140101";"LAMBAYEQUE";"CHICLAYO";"CHICLAYO";"PRIVADO";"II-E";"00011129";"MAX SALUD AVISAL S.A.";"240700";"HOSPITALIZACIÓN QUIRÚRGICA CIRUGÍA PEDIÁTRICA ";"1";"2";"4";"4";"2";"62";"0"
"2023";"05";"140101";"LAMBAYEQUE";"CHICLAYO";"CHICLAYO";"PRIVADO";"II-E";"00011129";"MAX SALUD AVISAL S.A.";"240100";"HOSPITALIZACIÓN QUIRÚRGICA CIRUGÍA GENERAL ";"35";"31";"60";"39";"11";"330";"0"
"2023";"06";"060804";"CAJAMARCA";"JAEN";"COLASAY";"GOBIERNO REGIONAL";"I-2";"00004238";"SAN LORENZO DE BARBASCO";"NE_0001";"";"NE_0001";"NE_0001";"NE_0001";"NE_0001";"NE_0001";"NE_0001";"NE_0001"
"2023";"06";"060807";"CAJAMARCA";"JAEN";"POMAHUACA";"GOBIERNO REGIONAL";"I-1";"00007122";"TAMBILLO";"NE_0002";"";"NE_0002";"NE_0002";"NE_0002";"NE_0002";"NE_0002";"NE_0002";"NE_0002"
"2023";"06";"090118";"HUANCAVELICA";"HUANCAVELICA";"ASCENSION";"ESSALUD";"II-1";"00009132";"HOSPITAL II HUANCAVELICA";"241800";"HOSPITALIZACIÓN DE MEDICINA MEDICINA GENERAL ";"45";"45";"186";"186";"9";"270";"0"
"2023";"06";"090118";"HUANCAVELICA";"HUANCAVELICA";"ASCENSION";"ESSALUD";"II-1";"00009132";"HOSPITAL II HUANCAVELICA";"240100";"HOSPITALIZACIÓN QUIRÚRGICA CIRUGÍA GENERAL ";"49";"47";"183";"187";"8";"240";"0"
"2023";"06";"090118";"HUANCAVELICA";"HUANCAVELICA";"ASCENSION";"ESSALUD";"II-1";"00009132";"HOSPITAL II HUANCAVELICA";"241200";"HOSPITALIZACIÓN QUIRÚRGICA TRAUMATOLOGÍA Y ORTOPEDIA ";"11";"11";"46";"46";"4";"120";"0"
"2023";"06";"090118";"HUANCAVELICA";"HUANCAVELICA";"ASCENSION";"ESSALUD";"II-1";"00009132";"HOSPITAL II HUANCAVELICA";"241400";"HOSPITALIZACIÓN QUIRÚRGICA GINECO - OBSTETRICIA ";"6";"5";"12";"15";"1";"30";"0"
"2023";"06";"090118";"HUANCAVELICA";"HUANCAVELICA";"ASCENSION";"ESSALUD";"II-1";"00009132";"HOSPITAL II HUANCAVELICA";"241600";"HOSPITALIZACIÓN QUIRÚRGICA OBSTETRICIA   ";"50";"48";"113";"118";"5";"150";"0"
"2023";"06";"090118";"HUANCAVELICA";"HUANCAVELICA";"ASCENSION";"ESSALUD";"II-1";"00009132";"HOSPITAL II HUANCAVELICA";"242300";"HOSPITALIZACIÓN DE PEDIATRÍA  PEDIATRÍA  GENERAL ";"51";"50";"149";"237";"8";"240";"0"
"2023";"06";"090118";"HUANCAVELICA";"HUANCAVELICA";"ASCENSION";"ESSALUD";"II-1";"00009132";"HOSPITAL II HUANCAVELICA";"250300";"UNIDAD DE CUIDADOS CRITICOS UNIDAD DE VIGILANCIA INTENSIVA  CLINICA (UVIC) ";"19";"17";"31";"36";"2";"60";"2"
"2023";"06";"120202";"JUNIN";"CONCEPCION";"ACO";"GOBIERNO REGIONAL";"I-1";"00000746";"QUICHA CHICO";"NE_0001";"";"NE_0001";"NE_0001";"NE_0001";"NE_0001";"NE_0001";"NE_0001";"NE_0001"
"2023";"06";"120212";"JUNIN";"CONCEPCION";"NUEVE DE JULIO";"GOBIERNO REGIONAL";"I-1";"00000690";"NUEVE DE JULIO";"NE_0001";"";"NE_0001";"NE_0001";"NE_0001";"NE_0001";"NE_0001";"NE_0001";"NE_0001"
"2023";"06";"120202";"JUNIN";"CONCEPCION";"ACO";"GOBIERNO REGIONAL";"I-2";"00000745";"ACO";"NE_0001";"";"NE_0001";"NE_0001";"NE_0001";"NE_0001";"NE_0001";"NE_0001";"NE_0001"
"2023";"06";"120211";"JUNIN";"CONCEPCION";"MITO";"GOBIERNO REGIONAL";"I-1";"00000749";"SAN LUIS YAICO";"NE_0001";"";"NE_0001";"NE_0001";"NE_0001";"NE_0001";"NE_0001";"NE_0001";"NE_0001"
"2023";"06";"120122";"JUNIN";"HUANCAYO";"INGENIO";"GOBIERNO REGIONAL";"I-1";"00000664";"CASACANCHA";"NE_0001";"";"NE_0001";"NE_0001";"NE_0001";"NE_0001";"NE_0001";"NE_0001";"NE_0001"
"2023";"06";"120201";"JUNIN";"CONCEPCION";"CONCEPCION";"GOBIERNO REGIONAL";"I-4";"00000671";"DAVID GUERRERO DUARTE";"NE_0001";"";"NE_0001";"NE_0001";"NE_0001";"NE_0001";"NE_0001";"NE_0001";"NE_0001"
"2023";"06";"120210";"JUNIN";"CONCEPCION";"MATAHUASI";"GOBIERNO REGIONAL";"I-3";"00000687";"MATAHUASI";"NE_0001";"";"NE_0001";"NE_0001";"NE_0001";"NE_0001";"NE_0001";"NE_0001";"NE_0001"
"2023";"06";"070106";"CALLAO";"CALLAO";"VENTANILLA";"GOBIERNO REGIONAL";"I-4";"00006256";"CENTRO DE SALUD VILLA LOS REYES";"241600";"HOSPITALIZACIÓN QUIRÚRGICA OBSTETRICIA   ";"8";"8";"8";"120";"4";"120";"0"
"2023";"06";"070106";"CALLAO";"CALLAO";"VENTANILLA";"GOBIERNO REGIONAL";"I-2";"00032158";"CENTRO DE SALUD MENTAL COMUNITARIO VENTANILLA NORTE";"NE_0001";"";"NE_0001";"NE_0001";"NE_0001";"NE_0001";"NE_0001";"NE_0001";"NE_0001"
"2023";"06";"070107";"CALLAO";"CALLAO";"MI PERU";"GOBIERNO REGIONAL";"I-2";"00029381";"CENTRO DE SALUD MENTAL COMUNITARIO MI PERU";"NE_0001";"";"NE_0001";"NE_0001";"NE_0001";"NE_0001";"NE_0001";"NE_0001";"NE_0001"
"2023";"06";"070107";"CALLAO";"CALLAO";"MI PERU";"GOBIERNO REGIONAL";"I-4";"00006260";"CENTRO DE SALUD  MI PERU";"241800";"HOSPITALIZACIÓN DE MEDICINA MEDICINA GENERAL ";"19";"19";"19";"180";"6";"180";"0"
"2023";"06";"070106";"CALLAO";"CALLAO";"VENTANILLA";"GOBIERNO REGIONAL";"I-2";"00006261";"PUESTO DE SALUD LUIS FELIPE DE LAS CASAS";"NE_0001";"";"NE_0001";"NE_0001";"NE_0001";"NE_0001";"NE_0001";"NE_0001";"NE_0001"
"2023";"06";"070101";"CALLAO";"CALLAO";"CALLAO";"GOBIERNO REGIONAL";"I-2";"00006669";"SANIDAD AEREA INTERNACIONAL";"NE_0001";"";"NE_0001";"NE_0001";"NE_0001";"NE_0001";"NE_0001";"NE_0001";"NE_0001"
"2023";"06";"070101";"CALLAO";"CALLAO";"CALLAO";"GOBIERNO REGIONAL";"I-2";"00006668";"SANIDAD MARITIMA";"NE_0001";"";"NE_0001";"NE_0001";"NE_0001";"NE_0001";"NE_0001";"NE_0001";"NE_0001"
"2023";"06";"140101";"LAMBAYEQUE";"CHICLAYO";"CHICLAYO";"PRIVADO";"II-E";"00026706";"CLINICA UNION SAC.";"241400";"HOSPITALIZACIÓN QUIRÚRGICA GINECO - OBSTETRICIA ";"85";"78";"122";"150";"6";"160";"0"
"2023";"06";"140101";"LAMBAYEQUE";"CHICLAYO";"CHICLAYO";"PRIVADO";"II-E";"00026706";"CLINICA UNION SAC.";"240100";"HOSPITALIZACIÓN QUIRÚRGICA CIRUGÍA GENERAL ";"91";"58";"107";"115";"3";"120";"0"
"2023";"06";"140101";"LAMBAYEQUE";"CHICLAYO";"CHICLAYO";"PRIVADO";"II-E";"00026706";"CLINICA UNION SAC.";"241300";"HOSPITALIZACIÓN QUIRÚRGICA UROLOGÍA  ";"28";"31";"45";"55";"2";"60";"0"
"2023";"06";"140101";"LAMBAYEQUE";"CHICLAYO";"CHICLAYO";"PRIVADO";"II-E";"00026706";"CLINICA UNION SAC.";"240200";"HOSPITALIZACIÓN QUIRÚRGICA CIRUGÍA DE CABEZA Y CUELLO / MÁXILO FACIAL ";"7";"5";"8";"5";"1";"75";"0"
"2023";"06";"140101";"LAMBAYEQUE";"CHICLAYO";"CHICLAYO";"PRIVADO";"II-E";"00026706";"CLINICA UNION SAC.";"241200";"HOSPITALIZACIÓN QUIRÚRGICA TRAUMATOLOGÍA Y ORTOPEDIA ";"2";"1";"15";"18";"1";"25";"0"
"2023";"06";"140101";"LAMBAYEQUE";"CHICLAYO";"CHICLAYO";"PRIVADO";"II-E";"00026706";"CLINICA UNION SAC.";"240800";"HOSPITALIZACIÓN QUIRÚRGICA CIRUGÍA PLÁSTICA/RECONSTRUCTIVA/ REPARADORA ";"3";"3";"13";"18";"1";"36";"0"
"2023";"06";"140101";"LAMBAYEQUE";"CHICLAYO";"CHICLAYO";"PRIVADO";"II-E";"00026706";"CLINICA UNION SAC.";"240400";"HOSPITALIZACIÓN QUIRÚRGICA CIRUGÍA DE TÓRAX Y CARDIOVASCULAR ";"2";"2";"7";"18";"1";"24";"0"
"2023";"06";"140101";"LAMBAYEQUE";"CHICLAYO";"CHICLAYO";"PRIVADO";"II-E";"00026706";"CLINICA UNION SAC.";"240900";"HOSPITALIZACIÓN QUIRÚRGICA NEUROCIRUGÍA ";"4";"4";"15";"20";"1";"30";"0"
"2023";"06";"140101";"LAMBAYEQUE";"CHICLAYO";"CHICLAYO";"PRIVADO";"II-E";"00026706";"CLINICA UNION SAC.";"241900";"HOSPITALIZACIÓN DE MEDICINA MEDICINA INTERNA ";"1";"1";"5";"6";"1";"12";"0"
"2023";"06";"160108";"LORETO";"MAYNAS";"PUNCHANA";"ESSALUD";"III-1";"00011409";"HOSPITAL III IQUITOS";"241900";"HOSPITALIZACIÓN DE MEDICINA MEDICINA INTERNA ";"161";"152";"1174";"1211";"44";"1320";"8"
"2023";"06";"160108";"LORETO";"MAYNAS";"PUNCHANA";"ESSALUD";"III-1";"00011409";"HOSPITAL III IQUITOS";"240100";"HOSPITALIZACIÓN QUIRÚRGICA CIRUGÍA GENERAL ";"223";"207";"944";"918";"40";"1200";"0"
"2023";"06";"160108";"LORETO";"MAYNAS";"PUNCHANA";"ESSALUD";"III-1";"00011409";"HOSPITAL III IQUITOS";"241400";"HOSPITALIZACIÓN QUIRÚRGICA GINECO - OBSTETRICIA ";"25";"29";"97";"98";"5";"150";"0"
"2023";"06";"160108";"LORETO";"MAYNAS";"PUNCHANA";"ESSALUD";"III-1";"00011409";"HOSPITAL III IQUITOS";"241600";"HOSPITALIZACIÓN QUIRÚRGICA OBSTETRICIA   ";"182";"189";"423";"413";"18";"540";"0"
"2023";"06";"160108";"LORETO";"MAYNAS";"PUNCHANA";"ESSALUD";"III-1";"00011409";"HOSPITAL III IQUITOS";"242300";"HOSPITALIZACIÓN DE PEDIATRÍA  PEDIATRÍA  GENERAL ";"93";"94";"397";"389";"14";"420";"0"
"2023";"06";"160108";"LORETO";"MAYNAS";"PUNCHANA";"ESSALUD";"III-1";"00011409";"HOSPITAL III IQUITOS";"250100";"UNIDAD DE CUIDADOS CRITICOS UNIDAD  DE CUIDADOS INTENSIVOS GENERALES (UCI) ";"18";"18";"170";"288";"10";"300";"2"
"2023";"06";"160108";"LORETO";"MAYNAS";"PUNCHANA";"ESSALUD";"III-1";"00011409";"HOSPITAL III IQUITOS";"250200";"UNIDAD DE CUIDADOS CRITICOS UNIDAD DE CUIDADOS INTERMEDIOS GENERAL  (UCIN) ";"62";"64";"370";"319";"11";"330";"1"
"2023";"06";"110101";"ICA";"ICA";"ICA";"PRIVADO";"I-4";"00009660";"SEÑOR DE LUREN DE ICA";"240000";"HOSPITALIZACIÓN";"62";"65";"115";"112";"14";"420";"17"
"2023";"06";"100110";"HUANUCO";"HUANUCO";"YARUMAYO";"GOBIERNO REGIONAL";"I-1";"00000795";"CHULLAY";"NE_0001";"";"NE_0001";"NE_0001";"NE_0001";"NE_0001";"NE_0001";"NE_0001";"NE_0001"
"2023";"06";"100110";"HUANUCO";"HUANUCO";"YARUMAYO";"GOBIERNO REGIONAL";"I-3";"00000793";"YARUMAYO";"NE_0001";"";"NE_0001";"NE_0001";"NE_0001";"NE_0001";"NE_0001";"NE_0001";"NE_0001"
"2023";"06";"100110";"HUANUCO";"HUANUCO";"YARUMAYO";"GOBIERNO REGIONAL";"I-2";"00006906";"TRES DE MAYO DE ANDAS CHICO";"NE_0001";"";"NE_0001";"NE_0001";"NE_0001";"NE_0001";"NE_0001";"NE_0001";"NE_0001"
"2023";"06";"190107";"PASCO";"PASCO";"PAUCARTAMBO";"ESSALUD";"I-2";"00009762";"POSTA MEDICA DE PAUCARTAMBO";"NE_0001";"";"NE_0001";"NE_0001";"NE_0001";"NE_0001";"NE_0001";"NE_0001";"NE_0001"
"2023";"06";"060101";"CAJAMARCA";"CAJAMARCA";"CAJAMARCA";"PRIVADO";"0";"00029780";"LABORATORIO EL INGENIO";"NE_0001";"";"NE_0001";"NE_0001";"NE_0001";"NE_0001";"NE_0001";"NE_0001";"NE_0001"
"2023";"06";"150128";"LIMA";"LIMA";"RIMAC";"ESSALUD";"I-3";"00008881";"FRANCISCO PIZARRO";"NE_0001";"";"NE_0001";"NE_0001";"NE_0001";"NE_0001";"NE_0001";"NE_0001";"NE_0001"
"2023";"06";"021809";"ANCASH";"SANTA";"NUEVO CHIMBOTE";"ESSALUD";"I-4";"00009054";"HOSPITAL I CONO SUR";"241800";"HOSPITALIZACIÓN DE MEDICINA MEDICINA GENERAL ";"14";"13";"55";"54";"2";"60";"0"
"2023";"06";"021809";"ANCASH";"SANTA";"NUEVO CHIMBOTE";"ESSALUD";"I-4";"00009054";"HOSPITAL I CONO SUR";"241500";"HOSPITALIZACIÓN QUIRÚRGICA GINECOLOGÍA  ";"9";"9";"30";"30";"1";"30";"0"
"2023";"07";"080910";"CUSCO";"LA CONVENCION";"PICHARI";"GOBIERNO REGIONAL";"I-1";"00015104";"TAMBO DEL ENE";"NE_0001";"";"NE_0001";"NE_0001";"NE_0001";"NE_0001";"NE_0001";"NE_0001";"NE_0001"
"2023";"07";"080910";"CUSCO";"LA CONVENCION";"PICHARI";"GOBIERNO REGIONAL";"I-3";"00002495";"MANTARO";"NE_0001";"";"NE_0001";"NE_0001";"NE_0001";"NE_0001";"NE_0001";"NE_0001";"NE_0001"
"2023";"07";"080910";"CUSCO";"LA CONVENCION";"PICHARI";"GOBIERNO REGIONAL";"I-1";"00015169";"PITIRINQUINI";"NE_0001";"";"NE_0001";"NE_0001";"NE_0001";"NE_0001";"NE_0001";"NE_0001";"NE_0001"
"2023";"07";"060101";"CAJAMARCA";"CAJAMARCA";"CAJAMARCA";"SANIDAD DE LA POLICIA NACIONAL DEL PERU";"I-3";"00009296";"POLICLINICO PNP CAJAMARCA";"NE_0002";"";"NE_0002";"NE_0002";"NE_0002";"NE_0002";"NE_0002";"NE_0002";"NE_0002"
"2023";"07";"150116";"LIMA";"LIMA";"LINCE";"PRIVADO";"II-E";"00015927";"CLINICA DE OJOS D´OPELUCE";"NE_0001";"";"NE_0001";"NE_0001";"NE_0001";"NE_0001";"NE_0001";"NE_0001";"NE_0001"
"2023";"07";"050101";"AYACUCHO";"HUAMANGA";"AYACUCHO";"SANIDAD DE LA POLICIA NACIONAL DEL PERU";"I-3";"00011426";"POLICLINICO POLICIAL DE AYACUCHO";"NE_0001";"";"NE_0001";"NE_0001";"NE_0001";"NE_0001";"NE_0001";"NE_0001";"NE_0001"
"2023";"07";"080705";"CUSCO";"CHUMBIVILCAS";"LIVITACA";"GOBIERNO REGIONAL";"I-1";"00016325";"CHILLOROYA - LIVITACA";"NE_0001";"";"NE_0001";"NE_0001";"NE_0001";"NE_0001";"NE_0001";"NE_0001";"NE_0001"
"2023";"07";"080705";"CUSCO";"CHUMBIVILCAS";"LIVITACA";"GOBIERNO REGIONAL";"I-1";"00016327";"AUSANTA";"NE_0001";"";"NE_0001";"NE_0001";"NE_0001";"NE_0001";"NE_0001";"NE_0001";"NE_0001"
"2023";"07";"080705";"CUSCO";"CHUMBIVILCAS";"LIVITACA";"GOBIERNO REGIONAL";"I-1";"00016334";"KISIO";"NE_0001";"";"NE_0001";"NE_0001";"NE_0001";"NE_0001";"NE_0001";"NE_0001";"NE_0001"
"2023";"07";"080705";"CUSCO";"CHUMBIVILCAS";"LIVITACA";"GOBIERNO REGIONAL";"I-4";"00002406";"LIVITACA";"NE_0001";"";"NE_0001";"NE_0001";"NE_0001";"NE_0001";"NE_0001";"NE_0001";"NE_0001"
"2023";"07";"080705";"CUSCO";"CHUMBIVILCAS";"LIVITACA";"GOBIERNO REGIONAL";"I-1";"00025739";"PISQUICOCHA";"NE_0001";"";"NE_0001";"NE_0001";"NE_0001";"NE_0001";"NE_0001";"NE_0001";"NE_0001"
"2023";"07";"080705";"CUSCO";"CHUMBIVILCAS";"LIVITACA";"GOBIERNO REGIONAL";"I-1";"00025740";"TOTORA - REYNA DE LOS ANGELES";"NE_0001";"";"NE_0001";"NE_0001";"NE_0001";"NE_0001";"NE_0001";"NE_0001";"NE_0001"
"2023";"03";"220205";"SAN MARTIN";"BELLAVISTA";"SAN PABLO";"GOBIERNO REGIONAL";"I-1";"00006514";"HUINGOYACU";"NE_0001";"";"NE_0001";"NE_0001";"NE_0001";"NE_0001";"NE_0001";"NE_0001";"NE_0001"
"2023";"03";"220204";"SAN MARTIN";"BELLAVISTA";"HUALLAGA";"GOBIERNO REGIONAL";"I-1";"00006562";"LEDOY";"NE_0001";"";"NE_0001";"NE_0001";"NE_0001";"NE_0001";"NE_0001";"NE_0001";"NE_0001"
"2023";"03";"220201";"SAN MARTIN";"BELLAVISTA";"BELLAVISTA";"GOBIERNO REGIONAL";"I-2";"00006511";"LAS  MERCEDES";"NE_0001";"";"NE_0001";"NE_0001";"NE_0001";"NE_0001";"NE_0001";"NE_0001";"NE_0001"
"2023";"03";"220201";"SAN MARTIN";"BELLAVISTA";"BELLAVISTA";"GOBIERNO REGIONAL";"I-1";"00006503";"BUENOS AIRES";"NE_0001";"";"NE_0001";"NE_0001";"NE_0001";"NE_0001";"NE_0001";"NE_0001";"NE_0001"
"2023";"03";"220201";"SAN MARTIN";"BELLAVISTA";"BELLAVISTA";"GOBIERNO REGIONAL";"I-1";"00006785";"PERUATE";"NE_0001";"";"NE_0001";"NE_0001";"NE_0001";"NE_0001";"NE_0001";"NE_0001";"NE_0001"
"2023";"03";"220406";"SAN MARTIN";"HUALLAGA";"TINGO DE SAPOSOA";"GOBIERNO REGIONAL";"I-1";"00006546";"TINGO DE SAPOSOA";"NE_0001";"";"NE_0001";"NE_0001";"NE_0001";"NE_0001";"NE_0001";"NE_0001";"NE_0001"
"2023";"03";"220201";"SAN MARTIN";"BELLAVISTA";"BELLAVISTA";"GOBIERNO REGIONAL";"I-1";"00006512";"NUEVA FLORIDA";"NE_0001";"";"NE_0001";"NE_0001";"NE_0001";"NE_0001";"NE_0001";"NE_0001";"NE_0001"
"2023";"03";"220201";"SAN MARTIN";"BELLAVISTA";"BELLAVISTA";"GOBIERNO REGIONAL";"I-1";"00006513";"HUACHO";"NE_0001";"";"NE_0001";"NE_0001";"NE_0001";"NE_0001";"NE_0001";"NE_0001";"NE_0001"
"2023";"03";"220201";"SAN MARTIN";"BELLAVISTA";"BELLAVISTA";"GOBIERNO REGIONAL";"I-1";"00006505";"LIMON";"NE_0001";"";"NE_0001";"NE_0001";"NE_0001";"NE_0001";"NE_0001";"NE_0001";"NE_0001"
"2023";"04";"200101";"PIURA";"PIURA";"PIURA";"PRIVADO";"I-3";"00024833";"MEDITRAN PERU EIRL";"NE_0001";"";"NE_0001";"NE_0001";"NE_0001";"NE_0001";"NE_0001";"NE_0001";"NE_0001"
"2023";"04";"010201";"AMAZONAS";"BAGUA";"BAGUA";"ESSALUD";"II-1";"00009068";"HOSPITAL I HEROES DEL CENEPA";"241800";"HOSPITALIZACIÓN DE MEDICINA MEDICINA GENERAL ";"43";"43";"134";"136";"4";"120";"0"
"2023";"04";"010201";"AMAZONAS";"BAGUA";"BAGUA";"ESSALUD";"II-1";"00009068";"HOSPITAL I HEROES DEL CENEPA";"240100";"HOSPITALIZACIÓN QUIRÚRGICA CIRUGÍA GENERAL ";"17";"17";"56";"33";"3";"90";"0"
"2023";"04";"010201";"AMAZONAS";"BAGUA";"BAGUA";"ESSALUD";"II-1";"00009068";"HOSPITAL I HEROES DEL CENEPA";"241500";"HOSPITALIZACIÓN QUIRÚRGICA GINECOLOGÍA  ";"25";"25";"74";"75";"3";"90";"0"
"2023";"04";"010201";"AMAZONAS";"BAGUA";"BAGUA";"ESSALUD";"II-1";"00009068";"HOSPITAL I HEROES DEL CENEPA";"242300";"HOSPITALIZACIÓN DE PEDIATRÍA  PEDIATRÍA  GENERAL ";"27";"27";"67";"65";"3";"90";"0"
"2023";"04";"150110";"LIMA";"LIMA";"COMAS";"ESSALUD";"II-1";"00027565";"Hospital I Marino Molina Scippa - EsSalud";"241800";"HOSPITALIZACIÓN DE MEDICINA MEDICINA GENERAL ";"76";"75";"867";"885";"30";"900";"6"
"2023";"04";"150110";"LIMA";"LIMA";"COMAS";"ESSALUD";"II-1";"00027565";"Hospital I Marino Molina Scippa - EsSalud";"240100";"HOSPITALIZACIÓN QUIRÚRGICA CIRUGÍA GENERAL ";"165";"166";"488";"478";"19";"570";"0"
"2023";"04";"150110";"LIMA";"LIMA";"COMAS";"ESSALUD";"II-1";"00027565";"Hospital I Marino Molina Scippa - EsSalud";"241600";"HOSPITALIZACIÓN QUIRÚRGICA OBSTETRICIA   ";"281";"277";"688";"688";"26";"780";"0"
"2023";"04";"150110";"LIMA";"LIMA";"COMAS";"ESSALUD";"II-1";"00027565";"Hospital I Marino Molina Scippa - EsSalud";"241500";"HOSPITALIZACIÓN QUIRÚRGICA GINECOLOGÍA  ";"22";"25";"105";"90";"3";"90";"0"
"2023";"04";"150110";"LIMA";"LIMA";"COMAS";"ESSALUD";"II-1";"00027565";"Hospital I Marino Molina Scippa - EsSalud";"242300";"HOSPITALIZACIÓN DE PEDIATRÍA  PEDIATRÍA  GENERAL ";"57";"58";"276";"236";"10";"300";"0"
"2023";"04";"150110";"LIMA";"LIMA";"COMAS";"ESSALUD";"II-1";"00027565";"Hospital I Marino Molina Scippa - EsSalud";"243200";"HOSPITALIZACIÓN DE PEDIATRÍA PEDIATRIA NEONATOLOGÍA";"60";"61";"181";"185";"7";"210";"0"
"2023";"04";"040501";"AREQUIPA";"CAYLLOMA";"CHIVAY";"GOBIERNO REGIONAL";"I-4";"00001419";"CENTRO DE SALUD CHIVAY";"241600";"HOSPITALIZACIÓN QUIRÚRGICA OBSTETRICIA   ";"2";"2";"4";"4";"2";"240";"0"
"2023";"04";"040501";"AREQUIPA";"CAYLLOMA";"CHIVAY";"GOBIERNO REGIONAL";"I-1";"00001423";"PUESTO DE SALUD CANOCOTA";"NE_0001";"";"NE_0001";"NE_0001";"NE_0001";"NE_0001";"NE_0001";"NE_0001";"NE_0001"
"2023";"04";"040509";"AREQUIPA";"CAYLLOMA";"ICHUPAMPA";"GOBIERNO REGIONAL";"I-2";"00001425";"PUESTO DE SALUD ICHUPAMPA";"NE_0001";"";"NE_0001";"NE_0001";"NE_0001";"NE_0001";"NE_0001";"NE_0001";"NE_0001"
"2023";"04";"040519";"AREQUIPA";"CAYLLOMA";"YANQUE";"GOBIERNO REGIONAL";"I-2";"00001428";"PUESTO DE SALUD YANQUE";"NE_0001";"";"NE_0001";"NE_0001";"NE_0001";"NE_0001";"NE_0001";"NE_0001";"NE_0001"
"2023";"04";"040506";"AREQUIPA";"CAYLLOMA";"COPORAQUE";"GOBIERNO REGIONAL";"I-2";"00001424";"PUESTO DE SALUD COPORAQUE";"NE_0001";"";"NE_0001";"NE_0001";"NE_0001";"NE_0001";"NE_0001";"NE_0001";"NE_0001"
"2023";"04";"040510";"AREQUIPA";"CAYLLOMA";"LARI";"GOBIERNO REGIONAL";"I-2";"00001426";"PUESTO DE SALUD LARI";"NE_0001";"";"NE_0001";"NE_0001";"NE_0001";"NE_0001";"NE_0001";"NE_0001";"NE_0001"
"2023";"04";"040502";"AREQUIPA";"CAYLLOMA";"ACHOMA";"GOBIERNO REGIONAL";"I-2";"00001429";"PUESTO DE SALUD ACHOMA";"NE_0001";"";"NE_0001";"NE_0001";"NE_0001";"NE_0001";"NE_0001";"NE_0001";"NE_0001"
"2023";"04";"040512";"AREQUIPA";"CAYLLOMA";"MACA";"GOBIERNO REGIONAL";"I-2";"00001430";"PUESTO DE SALUD MACA";"NE_0001";"";"NE_0001";"NE_0001";"NE_0001";"NE_0001";"NE_0001";"NE_0001";"NE_0001"
"2023";"04";"040513";"AREQUIPA";"CAYLLOMA";"MADRIGAL";"GOBIERNO REGIONAL";"I-2";"00001427";"PUESTO DE SALUD MADRIGAL";"NE_0001";"";"NE_0001";"NE_0001";"NE_0001";"NE_0001";"NE_0001";"NE_0001";"NE_0001"
"2023";"04";"200701";"PIURA";"TALARA";"PARIÑAS";"PRIVADO";"II-1";"00011498";"CLINICA TORRES S.A.";"240000";"HOSPITALIZACIÓN";"3";"3";"7";"7";"16";"489";"0"
"2023";"04";"120101";"JUNIN";"HUANCAYO";"HUANCAYO";"PRIVADO";"II-E";"00008475";"CLINICA OFTALMOLOGICA REGIONAL";"NE_0002";"";"NE_0002";"NE_0002";"NE_0002";"NE_0002";"NE_0002";"NE_0002";"NE_0002"
"2023";"04";"150112";"LIMA";"LIMA";"INDEPENDENCIA";"PRIVADO";"II-2";"00010182";"CLINICA JESUS DEL NORTE";"250100";"UNIDAD DE CUIDADOS CRITICOS UNIDAD  DE CUIDADOS INTENSIVOS GENERALES (UCI) ";"48";"47";"102";"139";"7";"210";"3"
"2023";"04";"150112";"LIMA";"LIMA";"INDEPENDENCIA";"PRIVADO";"II-2";"00010182";"CLINICA JESUS DEL NORTE";"240000";"HOSPITALIZACIÓN";"534";"557";"1527";"1979";"73";"2190";"1"
"2023";"04";"211101";"PUNO";"SAN ROMAN";"JULIACA";"PRIVADO";"II-E";"00011978";"CLINICA MONTE SINAI JULIACA E.I.R.L.";"241800";"HOSPITALIZACIÓN DE MEDICINA MEDICINA GENERAL ";"5";"4";"25";"35";"3";"150";"0"
"2023";"04";"211101";"PUNO";"SAN ROMAN";"JULIACA";"PRIVADO";"II-E";"00011978";"CLINICA MONTE SINAI JULIACA E.I.R.L.";"240100";"HOSPITALIZACIÓN QUIRÚRGICA CIRUGÍA GENERAL ";"31";"29";"110";"15";"9";"92";"0"
"2023";"04";"211101";"PUNO";"SAN ROMAN";"JULIACA";"PRIVADO";"II-E";"00011978";"CLINICA MONTE SINAI JULIACA E.I.R.L.";"242900";"HOSPITALIZACIÓN DE PEDIATRÍA PEDIATRIA GASTROENTEROLOGÍA PEDIÁTRICA";"2";"2";"25";"10";"2";"92";"0"
"2023";"04";"211101";"PUNO";"SAN ROMAN";"JULIACA";"PRIVADO";"II-E";"00011978";"CLINICA MONTE SINAI JULIACA E.I.R.L.";"240900";"HOSPITALIZACIÓN QUIRÚRGICA NEUROCIRUGÍA ";"1";"1";"25";"5";"1";"92";"0"
"2023";"04";"211101";"PUNO";"SAN ROMAN";"JULIACA";"PRIVADO";"II-E";"00011978";"CLINICA MONTE SINAI JULIACA E.I.R.L.";"241200";"HOSPITALIZACIÓN QUIRÚRGICA TRAUMATOLOGÍA Y ORTOPEDIA ";"2";"2";"25";"3";"1";"92";"0"
"2023";"04";"211101";"PUNO";"SAN ROMAN";"JULIACA";"PRIVADO";"II-E";"00011978";"CLINICA MONTE SINAI JULIACA E.I.R.L.";"241500";"HOSPITALIZACIÓN QUIRÚRGICA GINECOLOGÍA  ";"2";"2";"25";"3";"1";"92";"0"
"2023";"04";"210701";"PUNO";"LAMPA";"LAMPA";"ESSALUD";"II-1";"00009900";"HOSPITAL I LAMPA - ESSALUD - RED ASISTENCIAL JULIACA";"242200";"HOSPITALIZACIÓN DE MEDICINA PSIQUIATRÍA ";"11";"10";"112";"161";"10";"279";"0"
"2023";"04";"040112";"AREQUIPA";"AREQUIPA";"PAUCARPATA";"PRIVADO";"II-E";"00016064";"CLINICA PAZ HOLANDESA";"240000";"HOSPITALIZACIÓN";"269";"315";"417";"395";"33";"990";"0"
"2023";"04";"130106";"LA LIBERTAD";"TRUJILLO";"LAREDO";"GOBIERNO REGIONAL";"II-1";"00005231";"HOSPITAL DISTRITAL LAREDO";"241400";"HOSPITALIZACIÓN QUIRÚRGICA GINECO - OBSTETRICIA ";"47";"50";"103";"151";"6";"180";"0"
"2023";"04";"130106";"LA LIBERTAD";"TRUJILLO";"LAREDO";"GOBIERNO REGIONAL";"II-1";"00005231";"HOSPITAL DISTRITAL LAREDO";"241800";"HOSPITALIZACIÓN DE MEDICINA MEDICINA GENERAL ";"16";"18";"78";"96";"12";"360";"0"
"2023";"04";"130106";"LA LIBERTAD";"TRUJILLO";"LAREDO";"GOBIERNO REGIONAL";"II-1";"00005231";"HOSPITAL DISTRITAL LAREDO";"242500";"HOSPITALIZACIÓN-PEDIATRÍA GENERAL-";"6";"8";"29";"37";"3";"90";"0"
"2023";"04";"150108";"LIMA";"LIMA";"CHORRILLOS";"PRIVADO";"II-E";"00019839";"CLINICA SANTA LEONOR";"240000";"HOSPITALIZACIÓN";"34";"34";"60";"63";"5";"150";"0"
"2023";"04";"030201";"APURIMAC";"ANDAHUAYLAS";"ANDAHUAYLAS";"PRIVADO";"II-E";"00014017";"CLINICA PERUANA DE LOS ANDES";"240000";"HOSPITALIZACIÓN";"15";"16";"17";"16";"6";"180";"0"
"2023";"04";"110101";"ICA";"ICA";"ICA";"PRIVADO";"I-4";"00009606";"VIRGEN DEL ROSARIO SA";"240000";"HOSPITALIZACIÓN";"97";"98";"152";"150";"16";"480";"0"
"2023";"04";"060601";"CAJAMARCA";"CUTERVO";"CUTERVO";"GOBIERNO REGIONAL";"I-1";"00006787";"SANTA ROSA DE TAPO";"NE_0001";"";"NE_0001";"NE_0001";"NE_0001";"NE_0001";"NE_0001";"NE_0001";"NE_0001"
"2023";"04";"060601";"CAJAMARCA";"CUTERVO";"CUTERVO";"GOBIERNO REGIONAL";"I-1";"00007109";"CHIPULUC";"NE_0001";"";"NE_0001";"NE_0001";"NE_0001";"NE_0001";"NE_0001";"NE_0001";"NE_0001"
"2023";"04";"060601";"CAJAMARCA";"CUTERVO";"CUTERVO";"GOBIERNO REGIONAL";"I-1";"00011064";"SAN LORENZO";"NE_0001";"";"NE_0001";"NE_0001";"NE_0001";"NE_0001";"NE_0001";"NE_0001";"NE_0001"
"2023";"04";"060302";"CAJAMARCA";"CELENDIN";"CHUMUCH";"GOBIERNO REGIONAL";"I-1";"00004479";"CHUMUCH";"NE_0001";"";"NE_0001";"NE_0001";"NE_0001";"NE_0001";"NE_0001";"NE_0001";"NE_0001"
"2023";"04";"060312";"CAJAMARCA";"CELENDIN";"LA LIBERTAD DE PALLAN";"GOBIERNO REGIONAL";"I-2";"00004481";"LA LIBERTAD DE PALLAN";"NE_0001";"";"NE_0001";"NE_0001";"NE_0001";"NE_0001";"NE_0001";"NE_0001";"NE_0001"
"2023";"04";"060307";"CAJAMARCA";"CELENDIN";"MIGUEL IGLESIAS";"GOBIERNO REGIONAL";"I-1";"00011156";"MUYOC CHICO";"NE_0001";"";"NE_0001";"NE_0001";"NE_0001";"NE_0001";"NE_0001";"NE_0001";"NE_0001"
"2023";"04";"220909";"SAN MARTIN";"SAN MARTIN";"LA BANDA DE SHILCAYO";"GOBIERNO REGIONAL";"II-E";"00006359";"BANDA SHILCAYO";"241400";"HOSPITALIZACIÓN QUIRÚRGICA GINECO - OBSTETRICIA ";"126";"131";"235";"232";"17";"523";"0"
"2023";"04";"220909";"SAN MARTIN";"SAN MARTIN";"LA BANDA DE SHILCAYO";"GOBIERNO REGIONAL";"II-E";"00006359";"BANDA SHILCAYO";"241800";"HOSPITALIZACIÓN DE MEDICINA MEDICINA GENERAL ";"66";"71";"203";"217";"23";"693";"0"
"2023";"04";"220909";"SAN MARTIN";"SAN MARTIN";"LA BANDA DE SHILCAYO";"GOBIERNO REGIONAL";"II-E";"00006359";"BANDA SHILCAYO";"242500";"HOSPITALIZACIÓN-PEDIATRÍA GENERAL-";"60";"64";"142";"140";"7";"266";"0"
"2023";"04";"060302";"CAJAMARCA";"CELENDIN";"CHUMUCH";"GOBIERNO REGIONAL";"I-1";"00006759";"RAMBRAN";"NE_0001";"";"NE_0001";"NE_0001";"NE_0001";"NE_0001";"NE_0001";"NE_0001";"NE_0001"
"2023";"04";"060307";"CAJAMARCA";"CELENDIN";"MIGUEL IGLESIAS";"GOBIERNO REGIONAL";"I-1";"00025042";"JORGE CHAVEZ DE MIGUEL IGLESIAS";"NE_0001";"";"NE_0001";"NE_0001";"NE_0001";"NE_0001";"NE_0001";"NE_0001";"NE_0001"
"2023";"04";"120303";"JUNIN";"CHANCHAMAYO";"PICHANAQUI";"GOBIERNO REGIONAL";"I-2";"00000349";"BELEN DE ANAPIARI";"NE_0001";"";"NE_0001";"NE_0001";"NE_0001";"NE_0001";"NE_0001";"NE_0001";"NE_0001"
"2023";"04";"120303";"JUNIN";"CHANCHAMAYO";"PICHANAQUI";"GOBIERNO REGIONAL";"I-2";"00006711";"SAN FRANCISCO CENTRO KUVIRIANI";"NE_0001";"";"NE_0001";"NE_0001";"NE_0001";"NE_0001";"NE_0001";"NE_0001";"NE_0001"
"2023";"04";"120303";"JUNIN";"CHANCHAMAYO";"PICHANAQUI";"GOBIERNO REGIONAL";"I-3";"00000351";"HUACHIRIKI";"NE_0001";"";"NE_0001";"NE_0001";"NE_0001";"NE_0001";"NE_0001";"NE_0001";"NE_0001"
"2023";"04";"120303";"JUNIN";"CHANCHAMAYO";"PICHANAQUI";"GOBIERNO REGIONAL";"I-2";"00014383";"SAN JOSE DE ANAPIARI";"NE_0001";"";"NE_0001";"NE_0001";"NE_0001";"NE_0001";"NE_0001";"NE_0001";"NE_0001"
"2023";"04";"120303";"JUNIN";"CHANCHAMAYO";"PICHANAQUI";"GOBIERNO REGIONAL";"I-2";"00007371";"28 DE JULIO";"NE_0001";"";"NE_0001";"NE_0001";"NE_0001";"NE_0001";"NE_0001";"NE_0001";"NE_0001"
"2023";"04";"120303";"JUNIN";"CHANCHAMAYO";"PICHANAQUI";"GOBIERNO REGIONAL";"I-2";"00000346";"HUANTININI";"NE_0001";"";"NE_0001";"NE_0001";"NE_0001";"NE_0001";"NE_0001";"NE_0001";"NE_0001"
"2023";"04";"120303";"JUNIN";"CHANCHAMAYO";"PICHANAQUI";"GOBIERNO REGIONAL";"I-2";"00000348";"SAN JUAN CENTRO AUTIKI";"NE_0001";"";"NE_0001";"NE_0001";"NE_0001";"NE_0001";"NE_0001";"NE_0001";"NE_0001"
"2023";"04";"120608";"JUNIN";"SATIPO";"RIO TAMBO";"GOBIERNO REGIONAL";"I-2";"00000471";"CUTIVIRENI";"NE_0001";"";"NE_0001";"NE_0001";"NE_0001";"NE_0001";"NE_0001";"NE_0001";"NE_0001"
"2023";"04";"120609";"JUNIN";"SATIPO";"VIZCATAN DEL ENE";"GOBIERNO REGIONAL";"I-1";"00000509";"SAN MIGUEL DE ENE SHINPINSHARIATO";"NE_0001";"";"NE_0001";"NE_0001";"NE_0001";"NE_0001";"NE_0001";"NE_0001";"NE_0001"
"2023";"04";"120608";"JUNIN";"SATIPO";"RIO TAMBO";"GOBIERNO REGIONAL";"I-2";"00000515";"YAVIRO";"NE_0001";"";"NE_0001";"NE_0001";"NE_0001";"NE_0001";"NE_0001";"NE_0001";"NE_0001"
"2023";"04";"120608";"JUNIN";"SATIPO";"RIO TAMBO";"GOBIERNO REGIONAL";"I-1";"00015914";"SELVA DE ORO";"NE_0001";"";"NE_0001";"NE_0001";"NE_0001";"NE_0001";"NE_0001";"NE_0001";"NE_0001"
"2023";"05";"110501";"ICA";"PISCO";"PISCO";"SANIDAD DE LA POLICIA NACIONAL DEL PERU";"I-2";"00011400";"POSTA MEDICA POLICIAL PISCO";"NE_0001";"";"NE_0001";"NE_0001";"NE_0001";"NE_0001";"NE_0001";"NE_0001";"NE_0001"
"2023";"05";"150103";"LIMA";"LIMA";"ATE";"SANIDAD DE LA POLICIA NACIONAL DEL PERU";"I-3";"00012275";"POLICLINICO PNP DINOES";"NE_0001";"";"NE_0001";"NE_0001";"NE_0001";"NE_0001";"NE_0001";"NE_0001";"NE_0001"
"2023";"05";"010101";"AMAZONAS";"CHACHAPOYAS";"CHACHAPOYAS";"SANIDAD DE LA POLICIA NACIONAL DEL PERU";"I-3";"00026723";"POLICLINICO POLICIAL CHACHAPOYAS";"NE_0001";"";"NE_0001";"NE_0001";"NE_0001";"NE_0001";"NE_0001";"NE_0001";"NE_0001"
"2023";"05";"021809";"ANCASH";"SANTA";"NUEVO CHIMBOTE";"GOBIERNO REGIONAL";"I-2";"00001705";"PUESTO DE SALUD 3 DE OCTUBRE";"NE_0001";"";"NE_0001";"NE_0001";"NE_0001";"NE_0001";"NE_0001";"NE_0001";"NE_0001"
"2023";"05";"021802";"ANCASH";"SANTA";"CACERES DEL PERU";"GOBIERNO REGIONAL";"I-1";"00001709";"PUESTO DE SALUD LAMPANIN";"NE_0001";"";"NE_0001";"NE_0001";"NE_0001";"NE_0001";"NE_0001";"NE_0001";"NE_0001"
"2023";"05";"021805";"ANCASH";"SANTA";"MORO";"GOBIERNO REGIONAL";"I-3";"00001716";"CENTRO DE SALUD MORO";"NE_0001";"";"NE_0001";"NE_0001";"NE_0001";"NE_0001";"NE_0001";"NE_0001";"NE_0001"
"2023";"05";"022005";"ANCASH";"YUNGAY";"QUILLO";"GOBIERNO REGIONAL";"I-1";"00001737";"PUESTO DE SALUD PAMPACANCHA";"NE_0001";"";"NE_0001";"NE_0001";"NE_0001";"NE_0001";"NE_0001";"NE_0001";"NE_0001"
"2023";"05";"020104";"ANCASH";"HUARAZ";"HUANCHAY";"GOBIERNO REGIONAL";"I-2";"00001748";"PUESTO DE SALUD HUANCHAY HZ";"NE_0001";"";"NE_0001";"NE_0001";"NE_0001";"NE_0001";"NE_0001";"NE_0001";"NE_0001"
"2023";"05";"021801";"ANCASH";"SANTA";"CHIMBOTE";"SANIDAD DE LA POLICIA NACIONAL DEL PERU";"I-3";"00017690";"POLICLINICO PNP CHIMBOTE";"NE_0001";"";"NE_0001";"NE_0001";"NE_0001";"NE_0001";"NE_0001";"NE_0001";"NE_0001"
"2023";"05";"021809";"ANCASH";"SANTA";"NUEVO CHIMBOTE";"GOBIERNO REGIONAL";"I-2";"00007266";"PUESTO DE SALUD NICOLAS DE GARATEA";"NE_0001";"";"NE_0001";"NE_0001";"NE_0001";"NE_0001";"NE_0001";"NE_0001";"NE_0001"
"2023";"04";"130101";"LA LIBERTAD";"TRUJILLO";"TRUJILLO";"GOBIERNO REGIONAL";"III-1";"00005195";"HOSPITAL BELEN DE TRUJILLO";"244000";"HOSPITALIZACIÓN DE MEDICINA CARDIOLOGIA ";"2";"12";"241";"253";"9";"270";"2"
"2023";"04";"130101";"LA LIBERTAD";"TRUJILLO";"TRUJILLO";"GOBIERNO REGIONAL";"III-1";"00005195";"HOSPITAL BELEN DE TRUJILLO";"244300";"HOSPITALIZACIÓN DE MEDICINA GASTROENTEROLOGÍA  ";"12";"22";"382";"267";"9";"270";"2"
"2023";"04";"130101";"LA LIBERTAD";"TRUJILLO";"TRUJILLO";"GOBIERNO REGIONAL";"III-1";"00005195";"HOSPITAL BELEN DE TRUJILLO";"241900";"HOSPITALIZACIÓN DE MEDICINA MEDICINA INTERNA ";"90";"88";"1186";"1056";"36";"1080";"16"
"2023";"04";"130101";"LA LIBERTAD";"TRUJILLO";"TRUJILLO";"GOBIERNO REGIONAL";"III-1";"00005195";"HOSPITAL BELEN DE TRUJILLO";"245300";"HOSPITALIZACIÓN DE MEDICINA NEUMOLOGÍA  ";"11";"23";"310";"333";"12";"360";"3"
"2023";"04";"130101";"LA LIBERTAD";"TRUJILLO";"TRUJILLO";"GOBIERNO REGIONAL";"III-1";"00005195";"HOSPITAL BELEN DE TRUJILLO";"244700";"HOSPITALIZACIÓN DE MEDICINA NEUROLOGIA  ";"6";"11";"108";"119";"4";"120";"1"
"2023";"04";"130101";"LA LIBERTAD";"TRUJILLO";"TRUJILLO";"GOBIERNO REGIONAL";"III-1";"00005195";"HOSPITAL BELEN DE TRUJILLO";"242100";"HOSPITALIZACIÓN DE MEDICINA ONCOLOGÍA MÉDICA ";"0";"2";"27";"29";"1";"30";"1"
"2023";"04";"130101";"LA LIBERTAD";"TRUJILLO";"TRUJILLO";"GOBIERNO REGIONAL";"III-1";"00005195";"HOSPITAL BELEN DE TRUJILLO";"240800";"HOSPITALIZACIÓN QUIRÚRGICA CIRUGÍA PLÁSTICA/RECONSTRUCTIVA/ REPARADORA ";"2";"10";"146";"98";"4";"120";"0"
"2023";"04";"130101";"LA LIBERTAD";"TRUJILLO";"TRUJILLO";"GOBIERNO REGIONAL";"III-1";"00005195";"HOSPITAL BELEN DE TRUJILLO";"240400";"HOSPITALIZACIÓN QUIRÚRGICA CIRUGÍA DE TÓRAX Y CARDIOVASCULAR ";"8";"11";"169";"170";"6";"180";"0"
"2023";"04";"130101";"LA LIBERTAD";"TRUJILLO";"TRUJILLO";"GOBIERNO REGIONAL";"III-1";"00005195";"HOSPITAL BELEN DE TRUJILLO";"240100";"HOSPITALIZACIÓN QUIRÚRGICA CIRUGÍA GENERAL ";"164";"157";"861";"940";"32";"960";"4"
"2023";"04";"130101";"LA LIBERTAD";"TRUJILLO";"TRUJILLO";"GOBIERNO REGIONAL";"III-1";"00005195";"HOSPITAL BELEN DE TRUJILLO";"241000";"HOSPITALIZACIÓN QUIRÚRGICA ONCOLOGÍA QUIRÚRGICA  ";"0";"2";"4";"6";"1";"30";"0"
"2023";"04";"130101";"LA LIBERTAD";"TRUJILLO";"TRUJILLO";"GOBIERNO REGIONAL";"III-1";"00005195";"HOSPITAL BELEN DE TRUJILLO";"240700";"HOSPITALIZACIÓN QUIRÚRGICA CIRUGÍA PEDIÁTRICA ";"7";"22";"119";"141";"6";"180";"0"
"2023";"04";"130101";"LA LIBERTAD";"TRUJILLO";"TRUJILLO";"GOBIERNO REGIONAL";"III-1";"00005195";"HOSPITAL BELEN DE TRUJILLO";"240900";"HOSPITALIZACIÓN QUIRÚRGICA NEUROCIRUGÍA ";"14";"27";"472";"327";"11";"330";"2"
"2023";"04";"130101";"LA LIBERTAD";"TRUJILLO";"TRUJILLO";"GOBIERNO REGIONAL";"III-1";"00005195";"HOSPITAL BELEN DE TRUJILLO";"241100";"HOSPITALIZACIÓN QUIRÚRGICA OTORRINOLARINGOLOGÍA  ";"4";"5";"38";"43";"2";"60";"0"
"2023";"04";"130101";"LA LIBERTAD";"TRUJILLO";"TRUJILLO";"GOBIERNO REGIONAL";"III-1";"00005195";"HOSPITAL BELEN DE TRUJILLO";"241200";"HOSPITALIZACIÓN QUIRÚRGICA TRAUMATOLOGÍA Y ORTOPEDIA ";"55";"68";"504";"523";"18";"540";"0"
"2023";"04";"130101";"LA LIBERTAD";"TRUJILLO";"TRUJILLO";"GOBIERNO REGIONAL";"III-1";"00005195";"HOSPITAL BELEN DE TRUJILLO";"241300";"HOSPITALIZACIÓN QUIRÚRGICA UROLOGÍA  ";"7";"8";"67";"75";"3";"90";"0"
"2023";"04";"130101";"LA LIBERTAD";"TRUJILLO";"TRUJILLO";"GOBIERNO REGIONAL";"III-1";"00005195";"HOSPITAL BELEN DE TRUJILLO";"243200";"HOSPITALIZACIÓN DE PEDIATRÍA PEDIATRIA NEONATOLOGÍA";"40";"65";"774";"636";"30";"900";"0"
"2023";"04";"130101";"LA LIBERTAD";"TRUJILLO";"TRUJILLO";"GOBIERNO REGIONAL";"III-1";"00005195";"HOSPITAL BELEN DE TRUJILLO";"250105";"UNIDAD DE CUIDADOS CRITICOS UNIDAD  DE CUIDADOS INTENSIVOS  (UCI) NEONATOLOGÍA";"5";"2";"11";"338";"12";"360";"2"
"2023";"04";"130101";"LA LIBERTAD";"TRUJILLO";"TRUJILLO";"GOBIERNO REGIONAL";"III-1";"00005195";"HOSPITAL BELEN DE TRUJILLO";"242300";"HOSPITALIZACIÓN DE PEDIATRÍA  PEDIATRÍA  GENERAL ";"46";"49";"757";"387";"20";"600";"1"
"2023";"04";"130101";"LA LIBERTAD";"TRUJILLO";"TRUJILLO";"GOBIERNO REGIONAL";"III-1";"00005195";"HOSPITAL BELEN DE TRUJILLO";"250108";"UNIDAD DE CUIDADOS CRITICOS UNIDAD  DE CUIDADOS INTENSIVOS  (UCI) PEDIÁTRICA";"4";"1";"3";"89";"5";"150";"1"
"2023";"04";"130101";"LA LIBERTAD";"TRUJILLO";"TRUJILLO";"GOBIERNO REGIONAL";"III-1";"00005195";"HOSPITAL BELEN DE TRUJILLO";"241500";"HOSPITALIZACIÓN QUIRÚRGICA GINECOLOGÍA  ";"45";"52";"229";"173";"10";"300";"0"
"2023";"04";"130101";"LA LIBERTAD";"TRUJILLO";"TRUJILLO";"GOBIERNO REGIONAL";"III-1";"00005195";"HOSPITAL BELEN DE TRUJILLO";"241600";"HOSPITALIZACIÓN QUIRÚRGICA OBSTETRICIA   ";"221";"217";"760";"977";"44";"1320";"0"
"2023";"04";"130101";"LA LIBERTAD";"TRUJILLO";"TRUJILLO";"GOBIERNO REGIONAL";"III-1";"00005195";"HOSPITAL BELEN DE TRUJILLO";"250100";"UNIDAD DE CUIDADOS CRITICOS UNIDAD  DE CUIDADOS INTENSIVOS GENERALES (UCI) ";"0";"7";"137";"241";"10";"300";"6"
"2023";"07";"220904";"SAN MARTIN";"SAN MARTIN";"CHAZUTA";"GOBIERNO REGIONAL";"I-1";"00006430";"SANTA ROSA DE CHIPAOTA";"NE_0001";"";"NE_0001";"NE_0001";"NE_0001";"NE_0001";"NE_0001";"NE_0001";"NE_0001"
"2023";"03";"040802";"AREQUIPA";"LA UNION";"ALCA";"MINSA";"I-3";"00001464";"CENTRO DE SALUD ALCA";"NE_0001";"";"NE_0001";"NE_0001";"NE_0001";"NE_0001";"NE_0001";"NE_0001";"NE_0001"
"2023";"04";"150202";"LIMA";"BARRANCA";"PARAMONGA";"ESSALUD";"I-3";"00010394";"CENTRO DE ATENCION PRIMARIA II PARAMONGA";"NE_0001";"";"NE_0001";"NE_0001";"NE_0001";"NE_0001";"NE_0001";"NE_0001";"NE_0001"
"2023";"04";"150122";"LIMA";"LIMA";"MIRAFLORES";"ESSALUD";"I-3";"00009298";"POLICLINICO CENTRAL DE PREVENCION LARCO";"NE_0001";"";"NE_0001";"NE_0001";"NE_0001";"NE_0001";"NE_0001";"NE_0001";"NE_0001"
"2023";"04";"021301";"ANCASH";"MARISCAL LUZURIAGA";"PISCOBAMBA";"GOBIERNO REGIONAL";"I-1";"00001784";"PUESTO DE SALUD SOCOSBAMBA";"NE_0001";"";"NE_0001";"NE_0001";"NE_0001";"NE_0001";"NE_0001";"NE_0001";"NE_0001"
"2023";"04";"021305";"ANCASH";"MARISCAL LUZURIAGA";"LLAMA";"GOBIERNO REGIONAL";"I-2";"00001788";"PUESTO DE SALUD LLAMA";"NE_0001";"";"NE_0001";"NE_0001";"NE_0001";"NE_0001";"NE_0001";"NE_0001";"NE_0001"
"2023";"04";"021304";"ANCASH";"MARISCAL LUZURIAGA";"FIDEL OLIVAS ESCUDERO";"GOBIERNO REGIONAL";"I-1";"00001793";"PUESTO DE SALUD SANASHGAN";"NE_0001";"";"NE_0001";"NE_0001";"NE_0001";"NE_0001";"NE_0001";"NE_0001";"NE_0001"
"2023";"04";"021308";"ANCASH";"MARISCAL LUZURIAGA";"MUSGA";"GOBIERNO REGIONAL";"I-1";"00001792";"PUESTO DE SALUD MUSGA";"NE_0001";"";"NE_0001";"NE_0001";"NE_0001";"NE_0001";"NE_0001";"NE_0001";"NE_0001"
"2023";"04";"210301";"PUNO";"CARABAYA";"MACUSANI";"GOBIERNO REGIONAL";"I-3";"00002974";"METROPOLITANO MACUSANI";"240100";"HOSPITALIZACIÓN QUIRÚRGICA CIRUGÍA GENERAL ";"58";"63";"249";"300";"10";"312";"0"
"2023";"04";"210301";"PUNO";"CARABAYA";"MACUSANI";"GOBIERNO REGIONAL";"I-3";"00002974";"METROPOLITANO MACUSANI";"241500";"HOSPITALIZACIÓN QUIRÚRGICA GINECOLOGÍA  ";"19";"19";"35";"54";"4";"120";"0"
"2023";"04";"120702";"JUNIN";"TARMA";"ACOBAMBA";"GOBIERNO REGIONAL";"I-1";"00000522";"PICOY";"NE_0001";"";"NE_0001";"NE_0001";"NE_0001";"NE_0001";"NE_0001";"NE_0001";"NE_0001"
"2023";"04";"120702";"JUNIN";"TARMA";"ACOBAMBA";"GOBIERNO REGIONAL";"I-1";"00000526";"COLLPA";"NE_0001";"";"NE_0001";"NE_0001";"NE_0001";"NE_0001";"NE_0001";"NE_0001";"NE_0001"
"2023";"04";"120705";"JUNIN";"TARMA";"LA UNION";"GOBIERNO REGIONAL";"I-1";"00000600";"UCHURACRA";"NE_0001";"";"NE_0001";"NE_0001";"NE_0001";"NE_0001";"NE_0001";"NE_0001";"NE_0001"
"2023";"04";"210301";"PUNO";"CARABAYA";"MACUSANI";"GOBIERNO REGIONAL";"I-3";"00002974";"METROPOLITANO MACUSANI";"241600";"HOSPITALIZACIÓN QUIRÚRGICA OBSTETRICIA   ";"60";"69";"195";"264";"11";"330";"0"
"2023";"04";"210301";"PUNO";"CARABAYA";"MACUSANI";"GOBIERNO REGIONAL";"I-3";"00002974";"METROPOLITANO MACUSANI";"241900";"HOSPITALIZACIÓN DE MEDICINA MEDICINA INTERNA ";"26";"32";"148";"180";"9";"270";"0"
"2023";"04";"210301";"PUNO";"CARABAYA";"MACUSANI";"GOBIERNO REGIONAL";"I-3";"00002974";"METROPOLITANO MACUSANI";"242500";"HOSPITALIZACIÓN-PEDIATRÍA GENERAL-";"17";"18";"61";"79";"4";"120";"0"
"2023";"04";"210301";"PUNO";"CARABAYA";"MACUSANI";"GOBIERNO REGIONAL";"I-3";"00002974";"METROPOLITANO MACUSANI";"243200";"HOSPITALIZACIÓN DE PEDIATRÍA PEDIATRIA NEONATOLOGÍA";"7";"11";"64";"75";"4";"120";"0"
"2023";"04";"150131";"LIMA";"LIMA";"SAN ISIDRO";"PRIVADO";"II-E";"00009933";"CLINICA OFTALMOLOGICA MACULA D&T";"NE_0001";"";"NE_0001";"NE_0001";"NE_0001";"NE_0001";"NE_0001";"NE_0001";"NE_0001"
"2023";"07";"080901";"CUSCO";"LA CONVENCION";"SANTA ANA";"GOBIERNO REGIONAL";"II-1";"00002421";"QUILLABAMBA";"240100";"HOSPITALIZACIÓN QUIRÚRGICA CIRUGÍA GENERAL ";"78";"76";"479";"522";"30";"930";"0"
"2023";"07";"080901";"CUSCO";"LA CONVENCION";"SANTA ANA";"GOBIERNO REGIONAL";"II-1";"00002421";"QUILLABAMBA";"241400";"HOSPITALIZACIÓN QUIRÚRGICA GINECO - OBSTETRICIA ";"157";"151";"332";"342";"31";"961";"0"
"2023";"07";"080901";"CUSCO";"LA CONVENCION";"SANTA ANA";"GOBIERNO REGIONAL";"II-1";"00002421";"QUILLABAMBA";"241800";"HOSPITALIZACIÓN DE MEDICINA MEDICINA GENERAL ";"89";"78";"344";"320";"44";"1364";"5"
"2023";"07";"080901";"CUSCO";"LA CONVENCION";"SANTA ANA";"GOBIERNO REGIONAL";"II-1";"00002421";"QUILLABAMBA";"242500";"HOSPITALIZACIÓN-PEDIATRÍA GENERAL-";"59";"61";"259";"263";"25";"775";"1"
"2023";"07";"080901";"CUSCO";"LA CONVENCION";"SANTA ANA";"GOBIERNO REGIONAL";"II-1";"00002421";"QUILLABAMBA";"242200";"HOSPITALIZACIÓN DE MEDICINA PSIQUIATRÍA ";"13";"14";"268";"222";"10";"310";"0"
"2023";"07";"220904";"SAN MARTIN";"SAN MARTIN";"CHAZUTA";"GOBIERNO REGIONAL";"I-1";"00006427";"TUNUNTUNUMBA";"NE_0001";"";"NE_0001";"NE_0001";"NE_0001";"NE_0001";"NE_0001";"NE_0001";"NE_0001"
"2023";"07";"220904";"SAN MARTIN";"SAN MARTIN";"CHAZUTA";"GOBIERNO REGIONAL";"I-4";"00006423";"CHAZUTA";"241600";"HOSPITALIZACIÓN QUIRÚRGICA OBSTETRICIA   ";"13";"13";"13";"23";"5";"115";"0"
"2023";"07";"220904";"SAN MARTIN";"SAN MARTIN";"CHAZUTA";"GOBIERNO REGIONAL";"I-4";"00006423";"CHAZUTA";"241800";"HOSPITALIZACIÓN DE MEDICINA MEDICINA GENERAL ";"4";"5";"10";"23";"5";"115";"0"
"2023";"07";"220904";"SAN MARTIN";"SAN MARTIN";"CHAZUTA";"GOBIERNO REGIONAL";"I-1";"00006429";"CURIYACU";"NE_0001";"";"NE_0001";"NE_0001";"NE_0001";"NE_0001";"NE_0001";"NE_0001";"NE_0001"
"2023";"07";"220904";"SAN MARTIN";"SAN MARTIN";"CHAZUTA";"GOBIERNO REGIONAL";"I-1";"00006425";"AGUANO MUYUNA";"NE_0001";"";"NE_0001";"NE_0001";"NE_0001";"NE_0001";"NE_0001";"NE_0001";"NE_0001"
"2023";"07";"060811";"CAJAMARCA";"JAEN";"SAN JOSE DEL ALTO";"GOBIERNO REGIONAL";"I-1";"00018121";"EL PORVENIR";"NE_0001";"";"NE_0001";"NE_0001";"NE_0001";"NE_0001";"NE_0001";"NE_0001";"NE_0001"
"2023";"07";"060811";"CAJAMARCA";"JAEN";"SAN JOSE DEL ALTO";"GOBIERNO REGIONAL";"I-2";"00004260";"PEÑA BLANCA";"NE_0001";"";"NE_0001";"NE_0001";"NE_0001";"NE_0001";"NE_0001";"NE_0001";"NE_0001"
"2023";"07";"060811";"CAJAMARCA";"JAEN";"SAN JOSE DEL ALTO";"GOBIERNO REGIONAL";"I-1";"00013058";"SAN PEDRO";"NE_0001";"";"NE_0001";"NE_0001";"NE_0001";"NE_0001";"NE_0001";"NE_0001";"NE_0001"
"2023";"07";"060811";"CAJAMARCA";"JAEN";"SAN JOSE DEL ALTO";"GOBIERNO REGIONAL";"I-1";"00004259";"HUAHUAYA";"NE_0001";"";"NE_0001";"NE_0001";"NE_0001";"NE_0001";"NE_0001";"NE_0001";"NE_0001"
"2023";"07";"150141";"LIMA";"LIMA";"SURQUILLO";"PRIVADO";"II-E";"00012020";"CLINICA OFTALMOLOGICA ESPECIALIZADA ÑAHUI";"NE_0001";"";"NE_0001";"NE_0001";"NE_0001";"NE_0001";"NE_0001";"NE_0001";"NE_0001"
"2023";"07";"130105";"LA LIBERTAD";"TRUJILLO";"LA ESPERANZA";"ESSALUD";"III-E";"00020925";"HOSPITAL DE ALTA COMPLEJIDAD DE LA LIBERTAD VIRGEN DE LA PUERTA";"241900";"HOSPITALIZACIÓN DE MEDICINA MEDICINA INTERNA ";"204";"279";"2851";"2667";"92";"2760";"8"
"2023";"07";"130105";"LA LIBERTAD";"TRUJILLO";"LA ESPERANZA";"ESSALUD";"III-E";"00020925";"HOSPITAL DE ALTA COMPLEJIDAD DE LA LIBERTAD VIRGEN DE LA PUERTA";"250100";"UNIDAD DE CUIDADOS CRITICOS UNIDAD  DE CUIDADOS INTENSIVOS GENERALES (UCI) ";"40";"7";"407";"394";"14";"420";"3"
"2023";"07";"130105";"LA LIBERTAD";"TRUJILLO";"LA ESPERANZA";"ESSALUD";"III-E";"00020925";"HOSPITAL DE ALTA COMPLEJIDAD DE LA LIBERTAD VIRGEN DE LA PUERTA";"250200";"UNIDAD DE CUIDADOS CRITICOS UNIDAD DE CUIDADOS INTERMEDIOS GENERAL  (UCIN) ";"57";"43";"606";"614";"22";"660";"2"
"2023";"07";"130105";"LA LIBERTAD";"TRUJILLO";"LA ESPERANZA";"ESSALUD";"III-E";"00020925";"HOSPITAL DE ALTA COMPLEJIDAD DE LA LIBERTAD VIRGEN DE LA PUERTA";"240100";"HOSPITALIZACIÓN QUIRÚRGICA CIRUGÍA GENERAL ";"177";"191";"1173";"1036";"37";"1110";"1"
"2023";"07";"130105";"LA LIBERTAD";"TRUJILLO";"LA ESPERANZA";"ESSALUD";"III-E";"00020925";"HOSPITAL DE ALTA COMPLEJIDAD DE LA LIBERTAD VIRGEN DE LA PUERTA";"241500";"HOSPITALIZACIÓN QUIRÚRGICA GINECOLOGÍA  ";"135";"129";"399";"396";"15";"450";"0"
"2023";"07";"130105";"LA LIBERTAD";"TRUJILLO";"LA ESPERANZA";"ESSALUD";"III-E";"00020925";"HOSPITAL DE ALTA COMPLEJIDAD DE LA LIBERTAD VIRGEN DE LA PUERTA";"242300";"HOSPITALIZACIÓN DE PEDIATRÍA  PEDIATRÍA  GENERAL ";"19";"49";"410";"354";"13";"390";"0"
"2023";"07";"150114";"LIMA";"LIMA";"LA MOLINA";"PRIVADO";"II-E";"00022113";"CLINICA SANTA JULIA  S.A.C.";"NE_0001";"";"NE_0001";"NE_0001";"NE_0001";"NE_0001";"NE_0001";"NE_0001";"NE_0001"
"2023";"07";"010101";"AMAZONAS";"CHACHAPOYAS";"CHACHAPOYAS";"ESSALUD";"II-1";"00009066";"HOSPITAL HIGOS URCO";"241800";"HOSPITALIZACIÓN DE MEDICINA MEDICINA GENERAL ";"20";"17";"112";"126";"5";"155";"4"
"2023";"07";"010101";"AMAZONAS";"CHACHAPOYAS";"CHACHAPOYAS";"ESSALUD";"II-1";"00009066";"HOSPITAL HIGOS URCO";"240100";"HOSPITALIZACIÓN QUIRÚRGICA CIRUGÍA GENERAL ";"33";"35";"118";"112";"6";"186";"0"
"2023";"07";"010101";"AMAZONAS";"CHACHAPOYAS";"CHACHAPOYAS";"ESSALUD";"II-1";"00009066";"HOSPITAL HIGOS URCO";"245400";"HOSPITALIZACIÓN DE MEDICINA GINECOLOGIA ";"21";"22";"64";"60";"3";"93";"0"
"2023";"07";"010101";"AMAZONAS";"CHACHAPOYAS";"CHACHAPOYAS";"ESSALUD";"II-1";"00009066";"HOSPITAL HIGOS URCO";"242300";"HOSPITALIZACIÓN DE PEDIATRÍA  PEDIATRÍA  GENERAL ";"20";"23";"77";"70";"4";"124";"0"
"2023";"07";"090301";"HUANCAVELICA";"ANGARAES";"LIRCAY";"GOBIERNO REGIONAL";"II-1";"00003943";"HOSPITAL DE LIRCAY";"240100";"HOSPITALIZACIÓN QUIRÚRGICA CIRUGÍA GENERAL ";"14";"15";"56";"14";"6";"186";"0"
"2023";"07";"090301";"HUANCAVELICA";"ANGARAES";"LIRCAY";"GOBIERNO REGIONAL";"II-1";"00003943";"HOSPITAL DE LIRCAY";"245400";"HOSPITALIZACIÓN DE MEDICINA GINECOLOGIA ";"65";"67";"147";"65";"9";"279";"0"
"2023";"07";"090301";"HUANCAVELICA";"ANGARAES";"LIRCAY";"GOBIERNO REGIONAL";"II-1";"00003943";"HOSPITAL DE LIRCAY";"242300";"HOSPITALIZACIÓN DE PEDIATRÍA  PEDIATRÍA  GENERAL ";"15";"17";"65";"15";"3";"93";"0"
"2023";"07";"090301";"HUANCAVELICA";"ANGARAES";"LIRCAY";"GOBIERNO REGIONAL";"II-1";"00003943";"HOSPITAL DE LIRCAY";"241900";"HOSPITALIZACIÓN DE MEDICINA MEDICINA INTERNA ";"9";"9";"29";"9";"26";"806";"2"
"2023";"07";"150114";"LIMA";"LIMA";"LA MOLINA";"PRIVADO";"II-E";"00009010";"CLINICA DE LA FAMILIA";"240000";"HOSPITALIZACIÓN";"96";"96";"46";"46";"11";"295";"0"
"2023";"07";"090301";"HUANCAVELICA";"ANGARAES";"LIRCAY";"GOBIERNO REGIONAL";"I-1";"00003944";"BUENA VISTA";"NE_0001";"";"NE_0001";"NE_0001";"NE_0001";"NE_0001";"NE_0001";"NE_0001";"NE_0001"
"2023";"07";"090301";"HUANCAVELICA";"ANGARAES";"LIRCAY";"GOBIERNO REGIONAL";"I-1";"00003947";"CONSTANCIA";"NE_0001";"";"NE_0001";"NE_0001";"NE_0001";"NE_0001";"NE_0001";"NE_0001";"NE_0001"
"2023";"07";"090301";"HUANCAVELICA";"ANGARAES";"LIRCAY";"GOBIERNO REGIONAL";"I-1";"00003950";"CHALLHUAPUQUIO";"NE_0001";"";"NE_0001";"NE_0001";"NE_0001";"NE_0001";"NE_0001";"NE_0001";"NE_0001"
"2023";"07";"090307";"HUANCAVELICA";"ANGARAES";"HUANCA-HUANCA";"GOBIERNO REGIONAL";"I-2";"00003953";"HUANCA HUANCA";"NE_0001";"";"NE_0001";"NE_0001";"NE_0001";"NE_0001";"NE_0001";"NE_0001";"NE_0001"
"2023";"07";"090312";"HUANCAVELICA";"ANGARAES";"SECCLLA";"GOBIERNO REGIONAL";"I-1";"00003970";"QUISPICANCHA";"NE_0001";"";"NE_0001";"NE_0001";"NE_0001";"NE_0001";"NE_0001";"NE_0001";"NE_0001"
"2023";"07";"090301";"HUANCAVELICA";"ANGARAES";"LIRCAY";"GOBIERNO REGIONAL";"I-1";"00011769";"YANAUTUTO";"NE_0001";"";"NE_0001";"NE_0001";"NE_0001";"NE_0001";"NE_0001";"NE_0001";"NE_0001"
"2023";"07";"090302";"HUANCAVELICA";"ANGARAES";"ANCHONGA";"GOBIERNO REGIONAL";"I-1";"00028780";"LLANCAPUQUIO";"NE_0001";"";"NE_0001";"NE_0001";"NE_0001";"NE_0001";"NE_0001";"NE_0001";"NE_0001"
"2023";"07";"090303";"HUANCAVELICA";"ANGARAES";"CALLANMARCA";"GOBIERNO REGIONAL";"I-1";"00003952";"CALLANMARCA";"NE_0001";"";"NE_0001";"NE_0001";"NE_0001";"NE_0001";"NE_0001";"NE_0001";"NE_0001"
"2023";"07";"090304";"HUANCAVELICA";"ANGARAES";"CCOCHACCASA";"GOBIERNO REGIONAL";"I-1";"00003957";"CCASCCABAMBA";"NE_0001";"";"NE_0001";"NE_0001";"NE_0001";"NE_0001";"NE_0001";"NE_0001";"NE_0001"
"2023";"07";"090302";"HUANCAVELICA";"ANGARAES";"ANCHONGA";"GOBIERNO REGIONAL";"I-3";"00003959";"PARCO ALTO";"NE_0002";"";"NE_0002";"NE_0002";"NE_0002";"NE_0002";"NE_0002";"NE_0002";"NE_0002"
"2023";"07";"090306";"HUANCAVELICA";"ANGARAES";"CONGALLA";"GOBIERNO REGIONAL";"I-2";"00003972";"CONGALLA";"NE_0001";"";"NE_0001";"NE_0001";"NE_0001";"NE_0001";"NE_0001";"NE_0001";"NE_0001"
"2023";"07";"060605";"CAJAMARCA";"CUTERVO";"LA RAMADA";"GOBIERNO REGIONAL";"I-1";"00007180";"TAMBILLO DE LA RAMADA";"NE_0001";"";"NE_0001";"NE_0001";"NE_0001";"NE_0001";"NE_0001";"NE_0001";"NE_0001"
"2023";"07";"060609";"CAJAMARCA";"CUTERVO";"SAN JUAN DE CUTERVO";"GOBIERNO REGIONAL";"I-1";"00005031";"SANTA CRUZ DE LA SUCCHA";"NE_0001";"";"NE_0001";"NE_0001";"NE_0001";"NE_0001";"NE_0001";"NE_0001";"NE_0001"
"2023";"07";"060614";"CAJAMARCA";"CUTERVO";"SOCOTA";"GOBIERNO REGIONAL";"I-1";"00005033";"EL PORVENIR";"NE_0001";"";"NE_0001";"NE_0001";"NE_0001";"NE_0001";"NE_0001";"NE_0001";"NE_0001"
"2023";"07";"060614";"CAJAMARCA";"CUTERVO";"SOCOTA";"GOBIERNO REGIONAL";"I-1";"00007751";"CHANGAY";"NE_0001";"";"NE_0001";"NE_0001";"NE_0001";"NE_0001";"NE_0001";"NE_0001";"NE_0001"
"2023";"07";"060605";"CAJAMARCA";"CUTERVO";"LA RAMADA";"GOBIERNO REGIONAL";"I-1";"00008923";"CARHUALLO";"NE_0001";"";"NE_0001";"NE_0001";"NE_0001";"NE_0001";"NE_0001";"NE_0001";"NE_0001"
"2023";"07";"150130";"LIMA";"LIMA";"SAN BORJA";"PRIVADO";"III-1";"00009886";"CLINICA SAN BORJA";"240000";"HOSPITALIZACIÓN";"424";"472";"1965";"63";"83";"2573";"3"
"2023";"07";"150130";"LIMA";"LIMA";"SAN BORJA";"PRIVADO";"III-1";"00009886";"CLINICA SAN BORJA";"240500";"HOSPITALIZACIÓN QUIRÚRGICA CIRUGÍA DE TRANSPLANTES ";"5";"3";"70";"2";"4";"124";"0"
"2023";"07";"150130";"LIMA";"LIMA";"SAN BORJA";"PRIVADO";"III-1";"00009886";"CLINICA SAN BORJA";"250105";"UNIDAD DE CUIDADOS CRITICOS UNIDAD  DE CUIDADOS INTENSIVOS  (UCI) NEONATOLOGÍA";"9";"10";"32";"1";"4";"124";"0"
"2023";"07";"150130";"LIMA";"LIMA";"SAN BORJA";"PRIVADO";"III-1";"00009886";"CLINICA SAN BORJA";"250306";"HOSPIT. EN UNIDAD DE CUID.INTEN.-UNIDAD DE VIGILANCIA INTENSIVA (UVI)-PEDIATRÍA";"5";"1";"90";"3";"4";"124";"1"
"2023";"07";"150130";"LIMA";"LIMA";"SAN BORJA";"PRIVADO";"III-1";"00009886";"CLINICA SAN BORJA";"250100";"UNIDAD DE CUIDADOS CRITICOS UNIDAD  DE CUIDADOS INTENSIVOS GENERALES (UCI) ";"60";"29";"412";"13";"19";"589";"4"
"2023";"07";"010201";"AMAZONAS";"BAGUA";"BAGUA";"GOBIERNO REGIONAL";"II-1";"00005044";"GUSTAVO LANATTA LUJAN";"240100";"HOSPITALIZACIÓN QUIRÚRGICA CIRUGÍA GENERAL ";"60";"60";"174";"174";"10";"310";"1"
"2023";"07";"010201";"AMAZONAS";"BAGUA";"BAGUA";"GOBIERNO REGIONAL";"II-1";"00005044";"GUSTAVO LANATTA LUJAN";"241400";"HOSPITALIZACIÓN QUIRÚRGICA GINECO - OBSTETRICIA ";"168";"168";"345";"345";"19";"589";"0"
"2023";"07";"010201";"AMAZONAS";"BAGUA";"BAGUA";"GOBIERNO REGIONAL";"II-1";"00005044";"GUSTAVO LANATTA LUJAN";"241800";"HOSPITALIZACIÓN DE MEDICINA MEDICINA GENERAL ";"50";"50";"152";"152";"29";"899";"2"
"2023";"07";"010201";"AMAZONAS";"BAGUA";"BAGUA";"GOBIERNO REGIONAL";"II-1";"00005044";"GUSTAVO LANATTA LUJAN";"242500";"HOSPITALIZACIÓN-PEDIATRÍA GENERAL-";"41";"41";"154";"154";"10";"310";"0"
"2023";"07";"010201";"AMAZONAS";"BAGUA";"BAGUA";"GOBIERNO REGIONAL";"II-1";"00005044";"GUSTAVO LANATTA LUJAN";"243200";"HOSPITALIZACIÓN DE PEDIATRÍA PEDIATRIA NEONATOLOGÍA";"13";"13";"50";"50";"9";"279";"0"
"2023";"07";"010201";"AMAZONAS";"BAGUA";"BAGUA";"GOBIERNO REGIONAL";"II-1";"00005044";"GUSTAVO LANATTA LUJAN";"250103";"UNIDAD DE CUIDADOS CRITICOS UNIDAD  DE CUIDADOS INTENSIVOS GENERALES  (UCI) MEDICINA";"6";"6";"49";"49";"7";"217";"2"
"2023";"07";"010201";"AMAZONAS";"BAGUA";"BAGUA";"GOBIERNO REGIONAL";"II-1";"00005044";"GUSTAVO LANATTA LUJAN";"250304";"HOSPIT. EN UNIDAD DE CUID.INTEN.-UNIDAD DE VIGILANCIA INTENSIVA (UVI)-MEDICINA";"34";"34";"118";"118";"6";"186";"0"
"2023";"07";"220506";"SAN MARTIN";"LAMAS";"PINTO RECODO";"GOBIERNO REGIONAL";"I-1";"00006343";"GOSEN";"NE_0001";"";"NE_0001";"NE_0001";"NE_0001";"NE_0001";"NE_0001";"NE_0001";"NE_0001"
"2023";"07";"220506";"SAN MARTIN";"LAMAS";"PINTO RECODO";"GOBIERNO REGIONAL";"I-1";"00006344";"LA LIBERTAD BAJO MAYO";"NE_0001";"";"NE_0001";"NE_0001";"NE_0001";"NE_0001";"NE_0001";"NE_0001";"NE_0001"
"2023";"07";"250101";"UCAYALI";"CORONEL PORTILLO";"CALLERIA";"ESSALUD";"II-2";"00009600";"HOSPITAL II PUCALLPA- ESSALUD";"241800";"HOSPITALIZACIÓN DE MEDICINA MEDICINA GENERAL ";"163";"143";"1224";"1266";"50";"1550";"12"
"2023";"07";"250101";"UCAYALI";"CORONEL PORTILLO";"CALLERIA";"ESSALUD";"II-2";"00009600";"HOSPITAL II PUCALLPA- ESSALUD";"250300";"UNIDAD DE CUIDADOS CRITICOS UNIDAD DE VIGILANCIA INTENSIVA  CLINICA (UVIC) ";"40";"36";"271";"312";"14";"434";"11"
"2023";"07";"250101";"UCAYALI";"CORONEL PORTILLO";"CALLERIA";"ESSALUD";"II-2";"00009600";"HOSPITAL II PUCALLPA- ESSALUD";"240100";"HOSPITALIZACIÓN QUIRÚRGICA CIRUGÍA GENERAL ";"262";"260";"1086";"922";"48";"1488";"0"
"2023";"07";"250101";"UCAYALI";"CORONEL PORTILLO";"CALLERIA";"ESSALUD";"II-2";"00009600";"HOSPITAL II PUCALLPA- ESSALUD";"241600";"HOSPITALIZACIÓN QUIRÚRGICA OBSTETRICIA   ";"256";"154";"365";"272";"18";"558";"0"
"2023";"07";"250101";"UCAYALI";"CORONEL PORTILLO";"CALLERIA";"ESSALUD";"II-2";"00009600";"HOSPITAL II PUCALLPA- ESSALUD";"241500";"HOSPITALIZACIÓN QUIRÚRGICA GINECOLOGÍA  ";"66";"65";"190";"179";"12";"372";"0"
"2023";"07";"250101";"UCAYALI";"CORONEL PORTILLO";"CALLERIA";"ESSALUD";"II-2";"00009600";"HOSPITAL II PUCALLPA- ESSALUD";"242300";"HOSPITALIZACIÓN DE PEDIATRÍA  PEDIATRÍA  GENERAL ";"55";"58";"237";"214";"15";"465";"1"
"2023";"07";"250101";"UCAYALI";"CORONEL PORTILLO";"CALLERIA";"ESSALUD";"II-2";"00009600";"HOSPITAL II PUCALLPA- ESSALUD";"243200";"HOSPITALIZACIÓN DE PEDIATRÍA PEDIATRIA NEONATOLOGÍA";"22";"23";"78";"82";"5";"155";"1"
"2023";"07";"060601";"CAJAMARCA";"CUTERVO";"CUTERVO";"GOBIERNO REGIONAL";"I-1";"00006850";"CONDAY";"NE_0001";"";"NE_0001";"NE_0001";"NE_0001";"NE_0001";"NE_0001";"NE_0001";"NE_0001"
"2023";"07";"060601";"CAJAMARCA";"CUTERVO";"CUTERVO";"GOBIERNO REGIONAL";"I-1";"00007178";"RAYME";"NE_0001";"";"NE_0001";"NE_0001";"NE_0001";"NE_0001";"NE_0001";"NE_0001";"NE_0001"
"2023";"07";"060601";"CAJAMARCA";"CUTERVO";"CUTERVO";"GOBIERNO REGIONAL";"I-1";"00004996";"RAMBRAN";"NE_0001";"";"NE_0001";"NE_0001";"NE_0001";"NE_0001";"NE_0001";"NE_0001";"NE_0001"
"2023";"07";"060601";"CAJAMARCA";"CUTERVO";"CUTERVO";"GOBIERNO REGIONAL";"I-1";"00006865";"ADCUÑAC";"NE_0001";"";"NE_0001";"NE_0001";"NE_0001";"NE_0001";"NE_0001";"NE_0001";"NE_0001"
"2023";"07";"060601";"CAJAMARCA";"CUTERVO";"CUTERVO";"GOBIERNO REGIONAL";"I-2";"00006938";"CACHACARA";"NE_0001";"";"NE_0001";"NE_0001";"NE_0001";"NE_0001";"NE_0001";"NE_0001";"NE_0001"
"2023";"07";"060601";"CAJAMARCA";"CUTERVO";"CUTERVO";"GOBIERNO REGIONAL";"I-2";"00004983";"CRUZ ROJA";"NE_0001";"";"NE_0001";"NE_0001";"NE_0001";"NE_0001";"NE_0001";"NE_0001";"NE_0001"
"2023";"07";"120601";"JUNIN";"SATIPO";"SATIPO";"GOBIERNO REGIONAL";"I-2";"00000482";"HUANTASHIRI";"NE_0001";"";"NE_0001";"NE_0001";"NE_0001";"NE_0001";"NE_0001";"NE_0001";"NE_0001"
"2023";"07";"060601";"CAJAMARCA";"CUTERVO";"CUTERVO";"GOBIERNO REGIONAL";"I-1";"00004999";"LAS PALMAS DE TINYAYOC";"NE_0001";"";"NE_0001";"NE_0001";"NE_0001";"NE_0001";"NE_0001";"NE_0001";"NE_0001"
"2023";"07";"120607";"JUNIN";"SATIPO";"RIO NEGRO";"GOBIERNO REGIONAL";"I-2";"00000496";"VILLA CAPIRI";"NE_0001";"";"NE_0001";"NE_0001";"NE_0001";"NE_0001";"NE_0001";"NE_0001";"NE_0001"
"2023";"07";"120601";"JUNIN";"SATIPO";"SATIPO";"GOBIERNO REGIONAL";"I-2";"00000481";"PARATUSHALI";"NE_0001";"";"NE_0001";"NE_0001";"NE_0001";"NE_0001";"NE_0001";"NE_0001";"NE_0001"
"2023";"07";"060601";"CAJAMARCA";"CUTERVO";"CUTERVO";"GOBIERNO REGIONAL";"I-1";"00006832";"LA CONGONA";"NE_0001";"";"NE_0001";"NE_0001";"NE_0001";"NE_0001";"NE_0001";"NE_0001";"NE_0001"
"2023";"07";"120607";"JUNIN";"SATIPO";"RIO NEGRO";"GOBIERNO REGIONAL";"I-2";"00000497";"RIO CHARI ALTO";"NE_0001";"";"NE_0001";"NE_0001";"NE_0001";"NE_0001";"NE_0001";"NE_0001";"NE_0001"
"2023";"07";"070101";"CALLAO";"CALLAO";"CALLAO";"ESSALUD";"II-2";"00010533";"HOSPITAL II LIMA NORTE CALLAO ""LUIS NEGREIROS VEGA"" ESSALUD";"241900";"HOSPITALIZACIÓN DE MEDICINA MEDICINA INTERNA ";"227";"228";"1906";"1838";"60";"1860";"15"
"2023";"07";"070101";"CALLAO";"CALLAO";"CALLAO";"ESSALUD";"II-2";"00010533";"HOSPITAL II LIMA NORTE CALLAO ""LUIS NEGREIROS VEGA"" ESSALUD";"240100";"HOSPITALIZACIÓN QUIRÚRGICA CIRUGÍA GENERAL ";"377";"382";"834";"842";"34";"1054";"0"
"2023";"07";"070101";"CALLAO";"CALLAO";"CALLAO";"ESSALUD";"II-2";"00010533";"HOSPITAL II LIMA NORTE CALLAO ""LUIS NEGREIROS VEGA"" ESSALUD";"241600";"HOSPITALIZACIÓN QUIRÚRGICA OBSTETRICIA   ";"413";"415";"583";"583";"36";"1116";"0"
"2023";"07";"070101";"CALLAO";"CALLAO";"CALLAO";"ESSALUD";"II-2";"00010533";"HOSPITAL II LIMA NORTE CALLAO ""LUIS NEGREIROS VEGA"" ESSALUD";"242300";"HOSPITALIZACIÓN DE PEDIATRÍA  PEDIATRÍA  GENERAL ";"114";"116";"352";"335";"13";"403";"0"
"2023";"07";"200115";"PIURA";"PIURA";"VEINTISEIS DE OCTUBRE";"PRIVADO";"II-1";"00027260";"CLÍNICA BELLO HORIZONTE S.A.";"240000";"HOSPITALIZACIÓN";"52";"57";"194";"239";"16";"496";"1"
"2023";"07";"200115";"PIURA";"PIURA";"VEINTISEIS DE OCTUBRE";"PRIVADO";"II-1";"00027260";"CLÍNICA BELLO HORIZONTE S.A.";"250100";"UNIDAD DE CUIDADOS CRITICOS UNIDAD  DE CUIDADOS INTENSIVOS GENERALES (UCI) ";"1";"2";"5";"6";"4";"124";"0"
"2023";"07";"110101";"ICA";"ICA";"ICA";"PRIVADO";"I-4";"00009660";"SEÑOR DE LUREN DE ICA";"240000";"HOSPITALIZACIÓN";"59";"59";"109";"105";"14";"434";"17"
"2023";"07";"040110";"AREQUIPA";"AREQUIPA";"MIRAFLORES";"GOBIERNO REGIONAL";"I-2";"00001305";"CENTRO DE SALUD TOMASA T. COMDEMAYTA";"NE_0001";"";"NE_0001";"NE_0001";"NE_0001";"NE_0001";"NE_0001";"NE_0001";"NE_0001"
"2023";"07";"040110";"AREQUIPA";"AREQUIPA";"MIRAFLORES";"GOBIERNO REGIONAL";"I-3";"00032056";"CENTRO DE SALUD MENTAL COMUNITARIO MIRAFLORES";"NE_0001";"";"NE_0001";"NE_0001";"NE_0001";"NE_0001";"NE_0001";"NE_0001";"NE_0001"
"2023";"07";"040110";"AREQUIPA";"AREQUIPA";"MIRAFLORES";"GOBIERNO REGIONAL";"I-3";"00001293";"CENTRO DE SALUD MIRAFLORES";"NE_0001";"";"NE_0001";"NE_0001";"NE_0001";"NE_0001";"NE_0001";"NE_0001";"NE_0001"
"2023";"07";"040110";"AREQUIPA";"AREQUIPA";"MIRAFLORES";"GOBIERNO REGIONAL";"I-3";"00001307";"CENTRO DE SALUD MATEO PUMACAHUA";"NE_0001";"";"NE_0001";"NE_0001";"NE_0001";"NE_0001";"NE_0001";"NE_0001";"NE_0001"
"2023";"07";"040110";"AREQUIPA";"AREQUIPA";"MIRAFLORES";"GOBIERNO REGIONAL";"I-3";"00001306";"CENTRO DE SALUD PORVENIR-MIRAFLORES";"NE_0001";"";"NE_0001";"NE_0001";"NE_0001";"NE_0001";"NE_0001";"NE_0001";"NE_0001"
"2023";"07";"150131";"LIMA";"LIMA";"SAN ISIDRO";"PRIVADO";"II-2";"00009123";"CLINICA ANGLOAMERICANA";"240000";"HOSPITALIZACIÓN";"473";"469";"1855";"1944";"93";"2758";"6"
"2023";"07";"150131";"LIMA";"LIMA";"SAN ISIDRO";"PRIVADO";"I-2";"00025076";"CONSULTORIOS EXTERNOS ANGLO AMERICANA";"NE_0001";"";"NE_0001";"NE_0001";"NE_0001";"NE_0001";"NE_0001";"NE_0001";"NE_0001"
"2023";"07";"220401";"SAN MARTIN";"HUALLAGA";"SAPOSOA";"GOBIERNO REGIONAL";"I-1";"00006534";"SAN ANDRES";"NE_0001";"";"NE_0001";"NE_0001";"NE_0001";"NE_0001";"NE_0001";"NE_0001";"NE_0001"
"2023";"07";"220401";"SAN MARTIN";"HUALLAGA";"SAPOSOA";"GOBIERNO REGIONAL";"I-1";"00006535";"SAN REGIS";"NE_0001";"";"NE_0001";"NE_0001";"NE_0001";"NE_0001";"NE_0001";"NE_0001";"NE_0001"
"2023";"07";"220402";"SAN MARTIN";"HUALLAGA";"ALTO SAPOSOA";"GOBIERNO REGIONAL";"I-1";"00006540";"NUEVA VIDA";"NE_0001";"";"NE_0001";"NE_0001";"NE_0001";"NE_0001";"NE_0001";"NE_0001";"NE_0001"
"2023";"07";"220401";"SAN MARTIN";"HUALLAGA";"SAPOSOA";"GOBIERNO REGIONAL";"I-1";"00006531";"ALMENDRAS";"NE_0001";"";"NE_0001";"NE_0001";"NE_0001";"NE_0001";"NE_0001";"NE_0001";"NE_0001"
"2023";"07";"220404";"SAN MARTIN";"HUALLAGA";"PISCOYACU";"GOBIERNO REGIONAL";"I-1";"00006533";"PISCOYACU";"NE_0001";"";"NE_0001";"NE_0001";"NE_0001";"NE_0001";"NE_0001";"NE_0001";"NE_0001"
"2023";"07";"220401";"SAN MARTIN";"HUALLAGA";"SAPOSOA";"GOBIERNO REGIONAL";"I-1";"00021587";"ALTO PACHIZA";"NE_0001";"";"NE_0001";"NE_0001";"NE_0001";"NE_0001";"NE_0001";"NE_0001";"NE_0001"
"2023";"07";"220401";"SAN MARTIN";"HUALLAGA";"SAPOSOA";"GOBIERNO REGIONAL";"I-1";"00006532";"PALTAICO";"NE_0001";"";"NE_0001";"NE_0001";"NE_0001";"NE_0001";"NE_0001";"NE_0001";"NE_0001"
"2023";"07";"220401";"SAN MARTIN";"HUALLAGA";"SAPOSOA";"GOBIERNO REGIONAL";"I-1";"00006530";"7 DE JUNIO-AHUIHUA";"NE_0001";"";"NE_0001";"NE_0001";"NE_0001";"NE_0001";"NE_0001";"NE_0001";"NE_0001"
"2023";"07";"220402";"SAN MARTIN";"HUALLAGA";"ALTO SAPOSOA";"GOBIERNO REGIONAL";"I-1";"00006541";"YACUSISA";"NE_0001";"";"NE_0001";"NE_0001";"NE_0001";"NE_0001";"NE_0001";"NE_0001";"NE_0001"
"2023";"07";"220401";"SAN MARTIN";"HUALLAGA";"SAPOSOA";"GOBIERNO REGIONAL";"I-3";"00006538";"EL DORADO";"241600";"HOSPITALIZACIÓN QUIRÚRGICA OBSTETRICIA   ";"2";"2";"2";"10";"4";"30";"0"
"2023";"07";"220401";"SAN MARTIN";"HUALLAGA";"SAPOSOA";"GOBIERNO REGIONAL";"I-1";"00006536";"INTIYACU";"NE_0001";"";"NE_0001";"NE_0001";"NE_0001";"NE_0001";"NE_0001";"NE_0001";"NE_0001"
"2023";"07";"220401";"SAN MARTIN";"HUALLAGA";"SAPOSOA";"GOBIERNO REGIONAL";"I-1";"00006537";"CHAMBIRA";"NE_0001";"";"NE_0001";"NE_0001";"NE_0001";"NE_0001";"NE_0001";"NE_0001";"NE_0001"
"2023";"07";"220402";"SAN MARTIN";"HUALLAGA";"ALTO SAPOSOA";"GOBIERNO REGIONAL";"I-2";"00006539";"PASARRAYA";"NE_0001";"";"NE_0001";"NE_0001";"NE_0001";"NE_0001";"NE_0001";"NE_0001";"NE_0001"
"2023";"07";"220401";"SAN MARTIN";"HUALLAGA";"SAPOSOA";"GOBIERNO REGIONAL";"I-1";"00026163";"AGUA AZUL";"NE_0001";"";"NE_0001";"NE_0001";"NE_0001";"NE_0001";"NE_0001";"NE_0001";"NE_0001"
"2023";"07";"080907";"CUSCO";"LA CONVENCION";"KIMBIRI";"GOBIERNO REGIONAL";"I-2";"00008285";"ANGELES";"NE_0001";"";"NE_0001";"NE_0001";"NE_0001";"NE_0001";"NE_0001";"NE_0001";"NE_0001"
"2023";"07";"200105";"PIURA";"PIURA";"CATACAOS";"ESSALUD";"I-3";"00012319";"CENTRO DE ATENCION PRIMARIA-CAP III CATACAOS";"NE_0001";"";"NE_0001";"NE_0001";"NE_0001";"NE_0001";"NE_0001";"NE_0001";"NE_0001"
"2023";"07";"021101";"ANCASH";"HUARMEY";"HUARMEY";"ESSALUD";"I-3";"00009059";"CENTRO MEDICO HUARMEY";"NE_0001";"";"NE_0001";"NE_0001";"NE_0001";"NE_0001";"NE_0001";"NE_0001";"NE_0001"
"2023";"02";"060101";"CAJAMARCA";"CAJAMARCA";"CAJAMARCA";"PRIVADO";"I-3";"00024687";"MEDITRAN PERU";"NE_0001";"";"NE_0001";"NE_0001";"NE_0001";"NE_0001";"NE_0001";"NE_0001";"NE_0001"
"2023";"07";"021801";"ANCASH";"SANTA";"CHIMBOTE";"ESSALUD";"I-3";"00010013";"POLICLÍNICO DE COMPLEJIDAD CRECIENTE ""VICTOR PANTA RODRIGUEZ""";"NE_0001";"";"NE_0001";"NE_0001";"NE_0001";"NE_0001";"NE_0001";"NE_0001";"NE_0001"
"2023";"07";"120503";"JUNIN";"JUNIN";"ONDORES";"GOBIERNO REGIONAL";"I-1";"00000552";"PARI";"NE_0001";"";"NE_0001";"NE_0001";"NE_0001";"NE_0001";"NE_0001";"NE_0001";"NE_0001"
"2023";"07";"120708";"JUNIN";"TARMA";"SAN PEDRO DE CAJAS";"GOBIERNO REGIONAL";"I-1";"00000558";"ACANCOCHA";"NE_0001";"";"NE_0001";"NE_0001";"NE_0001";"NE_0001";"NE_0001";"NE_0001";"NE_0001"
"2023";"07";"120501";"JUNIN";"JUNIN";"JUNIN";"GOBIERNO REGIONAL";"I-1";"00000550";"SASICUCHO";"NE_0001";"";"NE_0001";"NE_0001";"NE_0001";"NE_0001";"NE_0001";"NE_0001";"NE_0001"
"2023";"07";"120708";"JUNIN";"TARMA";"SAN PEDRO DE CAJAS";"GOBIERNO REGIONAL";"I-1";"00000557";"YANEC";"NE_0001";"";"NE_0001";"NE_0001";"NE_0001";"NE_0001";"NE_0001";"NE_0001";"NE_0001"
"2023";"07";"120807";"JUNIN";"YAULI";"SANTA BARBARA DE CARHUACAYAN";"GOBIERNO REGIONAL";"I-1";"00000565";"SANTA BARBARA DE CARHUACAYAN";"NE_0001";"";"NE_0001";"NE_0001";"NE_0001";"NE_0001";"NE_0001";"NE_0001";"NE_0001"
"2023";"07";"120503";"JUNIN";"JUNIN";"ONDORES";"GOBIERNO REGIONAL";"I-3";"00000551";"ONDORES";"NE_0001";"";"NE_0001";"NE_0001";"NE_0001";"NE_0001";"NE_0001";"NE_0001";"NE_0001"
"2023";"07";"120503";"JUNIN";"JUNIN";"ONDORES";"GOBIERNO REGIONAL";"I-1";"00000553";"ATOCSAICO";"NE_0001";"";"NE_0001";"NE_0001";"NE_0001";"NE_0001";"NE_0001";"NE_0001";"NE_0001"
"2023";"07";"120504";"JUNIN";"JUNIN";"ULCUMAYO";"GOBIERNO REGIONAL";"I-1";"00000554";"SHALACANCHA";"NE_0001";"";"NE_0001";"NE_0001";"NE_0001";"NE_0001";"NE_0001";"NE_0001";"NE_0001"
"2023";"07";"120504";"JUNIN";"JUNIN";"ULCUMAYO";"GOBIERNO REGIONAL";"I-1";"00000555";"RAYANNIOC";"NE_0001";"";"NE_0001";"NE_0001";"NE_0001";"NE_0001";"NE_0001";"NE_0001";"NE_0001"
"2023";"07";"120708";"JUNIN";"TARMA";"SAN PEDRO DE CAJAS";"GOBIERNO REGIONAL";"I-1";"00000556";"CHUPAN";"NE_0001";"";"NE_0001";"NE_0001";"NE_0001";"NE_0001";"NE_0001";"NE_0001";"NE_0001"
"2023";"07";"150140";"LIMA";"LIMA";"SANTIAGO DE SURCO";"PRIVADO";"II-E";"00032409";"CLÍNICA ALVAREZ";"240000";"HOSPITALIZACIÓN";"13";"11";"21";"17";"8";"189";"0"
"2023";"05";"050113";"AYACUCHO";"HUAMANGA";"TAMBILLO";"GOBIERNO REGIONAL";"I-1";"00003550";"PUESTO DE SALUD NIÑO  YUCAY";"NE_0002";"";"NE_0002";"NE_0002";"NE_0002";"NE_0002";"NE_0002";"NE_0002";"NE_0002"
"2023";"05";"050113";"AYACUCHO";"HUAMANGA";"TAMBILLO";"GOBIERNO REGIONAL";"I-2";"00003610";"PUESTO DE SALUD MUYURINA";"NE_0002";"";"NE_0002";"NE_0002";"NE_0002";"NE_0002";"NE_0002";"NE_0002";"NE_0002"
"2023";"05";"050101";"AYACUCHO";"HUAMANGA";"AYACUCHO";"GOBIERNO REGIONAL";"I-3";"00003606";"CENTRO DE SALUD SIMPAPATA";"NE_0002";"";"NE_0002";"NE_0002";"NE_0002";"NE_0002";"NE_0002";"NE_0002";"NE_0002"
"2023";"05";"050107";"AYACUCHO";"HUAMANGA";"PACAYCASA";"GOBIERNO REGIONAL";"I-2";"00003609";"PUESTO DE SALUD PACAYCASA";"NE_0002";"";"NE_0002";"NE_0002";"NE_0002";"NE_0002";"NE_0002";"NE_0002";"NE_0002"
"2023";"05";"050107";"AYACUCHO";"HUAMANGA";"PACAYCASA";"GOBIERNO REGIONAL";"I-1";"00003608";"PUESTO DE SALUD LA COMPAÑIA";"NE_0002";"";"NE_0002";"NE_0002";"NE_0002";"NE_0002";"NE_0002";"NE_0002";"NE_0002"
"2023";"05";"050111";"AYACUCHO";"HUAMANGA";"SANTIAGO DE PISCHA";"GOBIERNO REGIONAL";"I-1";"00003613";"PUESTO DE SALUD ATACOCHA";"NE_0002";"";"NE_0002";"NE_0002";"NE_0002";"NE_0002";"NE_0002";"NE_0002";"NE_0002"
"2023";"05";"050111";"AYACUCHO";"HUAMANGA";"SANTIAGO DE PISCHA";"GOBIERNO REGIONAL";"I-1";"00003611";"PUESTO DE SALUD SANTIAGO DE PISCHA";"NE_0002";"";"NE_0002";"NE_0002";"NE_0002";"NE_0002";"NE_0002";"NE_0002";"NE_0002"
"2023";"05";"050111";"AYACUCHO";"HUAMANGA";"SANTIAGO DE PISCHA";"GOBIERNO REGIONAL";"I-1";"00003612";"PUESTO DE SALUD LARAMATE";"NE_0002";"";"NE_0002";"NE_0002";"NE_0002";"NE_0002";"NE_0002";"NE_0002";"NE_0002"
"2023";"05";"220504";"SAN MARTIN";"LAMAS";"CAYNARACHI";"GOBIERNO REGIONAL";"I-1";"00006420";"NUEVO LAMAS";"NE_0001";"";"NE_0001";"NE_0001";"NE_0001";"NE_0001";"NE_0001";"NE_0001";"NE_0001"
"2023";"05";"150141";"LIMA";"LIMA";"SURQUILLO";"ESSALUD";"I-3";"00013091";"CENTRO DE ATENCION PRIMARIA III SURQUILLO";"NE_0001";"";"NE_0001";"NE_0001";"NE_0001";"NE_0001";"NE_0001";"NE_0001";"NE_0001"
"2023";"05";"050701";"AYACUCHO";"PARINACOCHAS";"CORACORA";"ESSALUD";"I-2";"00011443";"CORACORA";"NE_0001";"";"NE_0001";"NE_0001";"NE_0001";"NE_0001";"NE_0001";"NE_0001";"NE_0001"
"2023";"05";"220905";"SAN MARTIN";"SAN MARTIN";"CHIPURANA";"GOBIERNO REGIONAL";"I-1";"00006438";"NAVARRO";"NE_0002";"";"NE_0002";"NE_0002";"NE_0002";"NE_0002";"NE_0002";"NE_0002";"NE_0002"
"2023";"05";"220905";"SAN MARTIN";"SAN MARTIN";"CHIPURANA";"GOBIERNO REGIONAL";"I-3";"00006439";"YARINA";"NE_0002";"";"NE_0002";"NE_0002";"NE_0002";"NE_0002";"NE_0002";"NE_0002";"NE_0002"
"2023";"05";"220907";"SAN MARTIN";"SAN MARTIN";"HUIMBAYOC";"GOBIERNO REGIONAL";"I-1";"00006446";"SAN JOSE DE YANAYACU";"NE_0002";"";"NE_0002";"NE_0002";"NE_0002";"NE_0002";"NE_0002";"NE_0002";"NE_0002"
"2023";"05";"220907";"SAN MARTIN";"SAN MARTIN";"HUIMBAYOC";"GOBIERNO REGIONAL";"I-1";"00006431";"PONGO ISLA";"NE_0002";"";"NE_0002";"NE_0002";"NE_0002";"NE_0002";"NE_0002";"NE_0002";"NE_0002"
"2023";"05";"220907";"SAN MARTIN";"SAN MARTIN";"HUIMBAYOC";"GOBIERNO REGIONAL";"I-1";"00006442";"SAN JOSE 2 DE MAYO";"NE_0002";"";"NE_0002";"NE_0002";"NE_0002";"NE_0002";"NE_0002";"NE_0002";"NE_0002"
"2023";"05";"220907";"SAN MARTIN";"SAN MARTIN";"HUIMBAYOC";"GOBIERNO REGIONAL";"I-1";"00006444";"SANTA ROSILLO CHIPURANA";"NE_0002";"";"NE_0002";"NE_0002";"NE_0002";"NE_0002";"NE_0002";"NE_0002";"NE_0002"
"2023";"05";"220907";"SAN MARTIN";"SAN MARTIN";"HUIMBAYOC";"GOBIERNO REGIONAL";"I-1";"00006445";"SANTA MARTHA";"NE_0002";"";"NE_0002";"NE_0002";"NE_0002";"NE_0002";"NE_0002";"NE_0002";"NE_0002"
"2023";"05";"220907";"SAN MARTIN";"SAN MARTIN";"HUIMBAYOC";"GOBIERNO REGIONAL";"I-1";"00006441";"MIRAFLORES";"NE_0002";"";"NE_0002";"NE_0002";"NE_0002";"NE_0002";"NE_0002";"NE_0002";"NE_0002"
"2023";"05";"220907";"SAN MARTIN";"SAN MARTIN";"HUIMBAYOC";"GOBIERNO REGIONAL";"I-1";"00006447";"PUCALLPA";"NE_0002";"";"NE_0002";"NE_0002";"NE_0002";"NE_0002";"NE_0002";"NE_0002";"NE_0002"
"2023";"05";"220907";"SAN MARTIN";"SAN MARTIN";"HUIMBAYOC";"GOBIERNO REGIONAL";"I-3";"00006437";"HUIMBAYOC";"241800";"HOSPITALIZACIÓN DE MEDICINA MEDICINA GENERAL ";"1";"1";"1";"1";"1";"62";"0"
"2023";"03";"150120";"LIMA";"LIMA";"MAGDALENA DEL MAR";"PRIVADO";"II-E";"00025749";"MEDAVAN";"240000";"HOSPITALIZACIÓN";"56";"56";"63";"41";"4";"120";"0"
"2023";"06";"060301";"CAJAMARCA";"CELENDIN";"CELENDIN";"ESSALUD";"I-3";"00010269";"CENTRO MEDICO ESSALUD CELENDIN";"NE_0001";"";"NE_0001";"NE_0001";"NE_0001";"NE_0001";"NE_0001";"NE_0001";"NE_0001"
"2023";"06";"070102";"CALLAO";"CALLAO";"BELLAVISTA";"GOBIERNO REGIONAL";"I-2";"00030821";"CONSULTORIO OCUPACIONAL DE LA UNIDAD FUNCIONAL DE  SEGURIDAD Y SALUD EN EL TRABAJO - UFSST";"NE_0001";"";"NE_0001";"NE_0001";"NE_0001";"NE_0001";"NE_0001";"NE_0001";"NE_0001"
"2023";"06";"150140";"LIMA";"LIMA";"SANTIAGO DE SURCO";"PRIVADO";"III-1";"00009988";"CLINICA SAN PABLO SAC";"240000";"HOSPITALIZACIÓN";"644";"641";"2172";"2435";"101";"3030";"5"
"2023";"06";"150140";"LIMA";"LIMA";"SANTIAGO DE SURCO";"PRIVADO";"III-1";"00009988";"CLINICA SAN PABLO SAC";"250200";"UNIDAD DE CUIDADOS CRITICOS UNIDAD DE CUIDADOS INTERMEDIOS GENERAL  (UCIN) ";"8";"7";"16";"28";"10";"300";"0"
"2023";"06";"150140";"LIMA";"LIMA";"SANTIAGO DE SURCO";"PRIVADO";"III-1";"00009988";"CLINICA SAN PABLO SAC";"250108";"UNIDAD DE CUIDADOS CRITICOS UNIDAD  DE CUIDADOS INTENSIVOS  (UCI) PEDIÁTRICA";"22";"20";"65";"80";"8";"240";"0"
"2023";"06";"150140";"LIMA";"LIMA";"SANTIAGO DE SURCO";"PRIVADO";"III-1";"00009988";"CLINICA SAN PABLO SAC";"250100";"UNIDAD DE CUIDADOS CRITICOS UNIDAD  DE CUIDADOS INTENSIVOS GENERALES (UCI) ";"69";"63";"153";"211";"13";"390";"4"
"2023";"06";"150120";"LIMA";"LIMA";"MAGDALENA DEL MAR";"PRIVADO";"II-E";"00015349";"MEDICAL PLASTIC";"240800";"HOSPITALIZACIÓN QUIRÚRGICA CIRUGÍA PLÁSTICA/RECONSTRUCTIVA/ REPARADORA ";"4";"4";"4";"4";"4";"120";"0"
"2023";"06";"120201";"JUNIN";"CONCEPCION";"CONCEPCION";"GOBIERNO REGIONAL";"II-E";"00027857";"INSTITUTO REGIONAL DE ENFERMEDADES NEOPLÁSICAS DEL CENTRO - IREN CENTRO";"242100";"HOSPITALIZACIÓN DE MEDICINA ONCOLOGÍA MÉDICA ";"125";"132";"741";"670";"25";"750";"5"
"2023";"06";"120201";"JUNIN";"CONCEPCION";"CONCEPCION";"GOBIERNO REGIONAL";"II-E";"00027857";"INSTITUTO REGIONAL DE ENFERMEDADES NEOPLÁSICAS DEL CENTRO - IREN CENTRO";"241000";"HOSPITALIZACIÓN QUIRÚRGICA ONCOLOGÍA QUIRÚRGICA  ";"76";"84";"392";"490";"20";"600";"2"
"2023";"06";"120201";"JUNIN";"CONCEPCION";"CONCEPCION";"GOBIERNO REGIONAL";"II-E";"00027857";"INSTITUTO REGIONAL DE ENFERMEDADES NEOPLÁSICAS DEL CENTRO - IREN CENTRO";"250100";"UNIDAD DE CUIDADOS CRITICOS UNIDAD  DE CUIDADOS INTENSIVOS GENERALES (UCI) ";"9";"6";"16";"77";"6";"180";"1"
"2023";"06";"120201";"JUNIN";"CONCEPCION";"CONCEPCION";"GOBIERNO REGIONAL";"II-E";"00027857";"INSTITUTO REGIONAL DE ENFERMEDADES NEOPLÁSICAS DEL CENTRO - IREN CENTRO";"250200";"UNIDAD DE CUIDADOS CRITICOS UNIDAD DE CUIDADOS INTERMEDIOS GENERAL  (UCIN) ";"13";"12";"58";"89";"4";"120";"6"
"2023";"06";"110101";"ICA";"ICA";"ICA";"ESSALUD";"II-2";"00016374";"HOSPITAL IV AUGUSTO HERNANDEZ MENDOZA";"244200";"HOSPITALIZACIÓN DE MEDICINA ENDOCRINOLOGIA ";"1";"3";"28";"32";"2";"62";"0"
"2023";"06";"110101";"ICA";"ICA";"ICA";"ESSALUD";"II-2";"00016374";"HOSPITAL IV AUGUSTO HERNANDEZ MENDOZA";"245100";"HOSPITALIZACIÓN DE MEDICINA NEUROLOGIA  ENFERMEDADES INFECCIOSAS/TRANSMISIBLES DEL SISTEMA NERVIOSO";"1";"1";"7";"7";"1";"31";"0"
"2023";"06";"110101";"ICA";"ICA";"ICA";"ESSALUD";"II-2";"00016374";"HOSPITAL IV AUGUSTO HERNANDEZ MENDOZA";"241900";"HOSPITALIZACIÓN DE MEDICINA MEDICINA INTERNA ";"59";"66";"600";"586";"19";"589";"10"
"2023";"06";"110101";"ICA";"ICA";"ICA";"ESSALUD";"II-2";"00016374";"HOSPITAL IV AUGUSTO HERNANDEZ MENDOZA";"244600";"HOSPITALIZACIÓN DE MEDICINA NEFROLOGIA ";"5";"7";"45";"63";"3";"93";"1"
"2023";"06";"110101";"ICA";"ICA";"ICA";"ESSALUD";"II-2";"00016374";"HOSPITAL IV AUGUSTO HERNANDEZ MENDOZA";"244700";"HOSPITALIZACIÓN DE MEDICINA NEUROLOGIA  ";"3";"3";"22";"21";"1";"31";"2"
"2023";"06";"110101";"ICA";"ICA";"ICA";"ESSALUD";"II-2";"00016374";"HOSPITAL IV AUGUSTO HERNANDEZ MENDOZA";"242100";"HOSPITALIZACIÓN DE MEDICINA ONCOLOGÍA MÉDICA ";"10";"10";"32";"27";"1";"31";"0"
"2023";"06";"110101";"ICA";"ICA";"ICA";"ESSALUD";"II-2";"00016374";"HOSPITAL IV AUGUSTO HERNANDEZ MENDOZA";"245500";"HOSPITALIZACIÓN DE MEDICINA REUMATOLOGÍA    ";"1";"1";"3";"4";"1";"31";"0"
"2023";"06";"110101";"ICA";"ICA";"ICA";"ESSALUD";"II-2";"00016374";"HOSPITAL IV AUGUSTO HERNANDEZ MENDOZA";"240100";"HOSPITALIZACIÓN QUIRÚRGICA CIRUGÍA GENERAL ";"78";"85";"459";"460";"15";"465";"1"
"2023";"06";"110101";"ICA";"ICA";"ICA";"ESSALUD";"II-2";"00016374";"HOSPITAL IV AUGUSTO HERNANDEZ MENDOZA";"241000";"HOSPITALIZACIÓN QUIRÚRGICA ONCOLOGÍA QUIRÚRGICA  ";"4";"4";"30";"24";"1";"31";"0"
"2023";"06";"110101";"ICA";"ICA";"ICA";"ESSALUD";"II-2";"00016374";"HOSPITAL IV AUGUSTO HERNANDEZ MENDOZA";"240800";"HOSPITALIZACIÓN QUIRÚRGICA CIRUGÍA PLÁSTICA/RECONSTRUCTIVA/ REPARADORA ";"6";"10";"101";"88";"3";"93";"1"
"2023";"06";"110101";"ICA";"ICA";"ICA";"ESSALUD";"II-2";"00016374";"HOSPITAL IV AUGUSTO HERNANDEZ MENDOZA";"240900";"HOSPITALIZACIÓN QUIRÚRGICA NEUROCIRUGÍA ";"20";"24";"270";"277";"9";"279";"0"
"2023";"06";"110101";"ICA";"ICA";"ICA";"ESSALUD";"II-2";"00016374";"HOSPITAL IV AUGUSTO HERNANDEZ MENDOZA";"241200";"HOSPITALIZACIÓN QUIRÚRGICA TRAUMATOLOGÍA Y ORTOPEDIA ";"106";"94";"460";"459";"16";"496";"2"
"2023";"06";"110101";"ICA";"ICA";"ICA";"ESSALUD";"II-2";"00016374";"HOSPITAL IV AUGUSTO HERNANDEZ MENDOZA";"241100";"HOSPITALIZACIÓN QUIRÚRGICA OTORRINOLARINGOLOGÍA  ";"4";"5";"9";"31";"1";"31";"0"
"2023";"06";"110101";"ICA";"ICA";"ICA";"ESSALUD";"II-2";"00016374";"HOSPITAL IV AUGUSTO HERNANDEZ MENDOZA";"241300";"HOSPITALIZACIÓN QUIRÚRGICA UROLOGÍA  ";"35";"35";"136";"120";"4";"124";"0"
"2023";"06";"110101";"ICA";"ICA";"ICA";"ESSALUD";"II-2";"00016374";"HOSPITAL IV AUGUSTO HERNANDEZ MENDOZA";"241500";"HOSPITALIZACIÓN QUIRÚRGICA GINECOLOGÍA  ";"25";"29";"97";"186";"6";"186";"0"
"2023";"06";"110101";"ICA";"ICA";"ICA";"ESSALUD";"II-2";"00016374";"HOSPITAL IV AUGUSTO HERNANDEZ MENDOZA";"241600";"HOSPITALIZACIÓN QUIRÚRGICA OBSTETRICIA   ";"118";"114";"370";"620";"20";"620";"0"
"2023";"06";"110101";"ICA";"ICA";"ICA";"ESSALUD";"II-2";"00016374";"HOSPITAL IV AUGUSTO HERNANDEZ MENDOZA";"242300";"HOSPITALIZACIÓN DE PEDIATRÍA  PEDIATRÍA  GENERAL ";"46";"46";"249";"279";"9";"279";"1"
"2023";"06";"110101";"ICA";"ICA";"ICA";"ESSALUD";"II-2";"00016374";"HOSPITAL IV AUGUSTO HERNANDEZ MENDOZA";"250100";"UNIDAD DE CUIDADOS CRITICOS UNIDAD  DE CUIDADOS INTENSIVOS GENERALES (UCI) ";"10";"3";"10";"155";"5";"155";"2"
"2023";"06";"110101";"ICA";"ICA";"ICA";"ESSALUD";"II-2";"00016374";"HOSPITAL IV AUGUSTO HERNANDEZ MENDOZA";"250105";"UNIDAD DE CUIDADOS CRITICOS UNIDAD  DE CUIDADOS INTENSIVOS  (UCI) NEONATOLOGÍA";"7";"4";"45";"93";"3";"93";"1"
"2023";"06";"110101";"ICA";"ICA";"ICA";"ESSALUD";"II-2";"00016374";"HOSPITAL IV AUGUSTO HERNANDEZ MENDOZA";"250200";"UNIDAD DE CUIDADOS CRITICOS UNIDAD DE CUIDADOS INTERMEDIOS GENERAL  (UCIN) ";"9";"6";"202";"248";"8";"248";"0"
"2023";"06";"110101";"ICA";"ICA";"ICA";"ESSALUD";"II-2";"00016374";"HOSPITAL IV AUGUSTO HERNANDEZ MENDOZA";"250201";"UNIDAD DE CUIDADOS CRITICOS UNIDAD DE CUIDADOS INTERMEDIOS  (UCIN) NEONATAL";"13";"29";"268";"155";"5";"155";"0"
"2023";"06";"130903";"LA LIBERTAD";"SANCHEZ CARRION";"COCHORCO";"GOBIERNO REGIONAL";"I-2";"00005356";"ARICAPAMPA";"NE_0001";"";"NE_0001";"NE_0001";"NE_0001";"NE_0001";"NE_0001";"NE_0001";"NE_0001"
"2023";"06";"130903";"LA LIBERTAD";"SANCHEZ CARRION";"COCHORCO";"GOBIERNO REGIONAL";"I-1";"00013808";"MOLINO VIEJO";"NE_0001";"";"NE_0001";"NE_0001";"NE_0001";"NE_0001";"NE_0001";"NE_0001";"NE_0001"
"2023";"06";"130903";"LA LIBERTAD";"SANCHEZ CARRION";"COCHORCO";"GOBIERNO REGIONAL";"I-2";"00013802";"SUCCHAMARCA";"NE_0001";"";"NE_0001";"NE_0001";"NE_0001";"NE_0001";"NE_0001";"NE_0001";"NE_0001"
"2023";"06";"130903";"LA LIBERTAD";"SANCHEZ CARRION";"COCHORCO";"GOBIERNO REGIONAL";"I-2";"00013800";"SUCCHACENTRO";"NE_0001";"";"NE_0001";"NE_0001";"NE_0001";"NE_0001";"NE_0001";"NE_0001";"NE_0001"
"2023";"06";"110401";"ICA";"PALPA";"PALPA";"MINSA";"II-1";"00003458";"DE APOYO DE PALPA";"240100";"HOSPITALIZACIÓN QUIRÚRGICA CIRUGÍA GENERAL ";"3";"3";"15";"15";"6";"165";"0"
"2023";"06";"110401";"ICA";"PALPA";"PALPA";"MINSA";"II-1";"00003458";"DE APOYO DE PALPA";"241400";"HOSPITALIZACIÓN QUIRÚRGICA GINECO - OBSTETRICIA ";"15";"15";"22";"24";"9";"246";"0"
"2023";"06";"110401";"ICA";"PALPA";"PALPA";"MINSA";"II-1";"00003458";"DE APOYO DE PALPA";"241800";"HOSPITALIZACIÓN DE MEDICINA MEDICINA GENERAL ";"18";"23";"80";"64";"9";"206";"1"
"2023";"06";"110401";"ICA";"PALPA";"PALPA";"MINSA";"II-1";"00003458";"DE APOYO DE PALPA";"242300";"HOSPITALIZACIÓN DE PEDIATRÍA  PEDIATRÍA  GENERAL ";"4";"4";"7";"7";"6";"173";"0"
"2023";"06";"120114";"JUNIN";"HUANCAYO";"EL TAMBO";"ESSALUD";"III-1";"00008652";"HOSPITAL NACIONAL RAMIRO PRIALE PRIALE";"242600";"HOSPITALIZACIÓN DE PEDIATRÍA PEDIATRIA CARDIOLOGÍA PEDIÁTRICA";"11";"12";"117";"85";"3";"90";"0"
"2023";"06";"120114";"JUNIN";"HUANCAYO";"EL TAMBO";"ESSALUD";"III-1";"00008652";"HOSPITAL NACIONAL RAMIRO PRIALE PRIALE";"242900";"HOSPITALIZACIÓN DE PEDIATRÍA PEDIATRIA GASTROENTEROLOGÍA PEDIÁTRICA";"19";"21";"307";"258";"9";"270";"0"
"2023";"06";"120114";"JUNIN";"HUANCAYO";"EL TAMBO";"ESSALUD";"III-1";"00008652";"HOSPITAL NACIONAL RAMIRO PRIALE PRIALE";"242202";"HOSPITALIZACIÓN DE MEDICINA PSIQUIATRÍA PSIQUIATRÍA DEL ADULTO Y GERONTE";"37";"41";"486";"536";"18";"540";"7"
"2023";"06";"120114";"JUNIN";"HUANCAYO";"EL TAMBO";"ESSALUD";"III-1";"00008652";"HOSPITAL NACIONAL RAMIRO PRIALE PRIALE";"241900";"HOSPITALIZACIÓN DE MEDICINA MEDICINA INTERNA ";"9";"15";"136";"102";"4";"120";"0"
"2023";"06";"120114";"JUNIN";"HUANCAYO";"EL TAMBO";"ESSALUD";"III-1";"00008652";"HOSPITAL NACIONAL RAMIRO PRIALE PRIALE";"241900";"HOSPITALIZACIÓN DE MEDICINA MEDICINA INTERNA ";"86";"82";"1621";"1320";"46";"1380";"14"
"2023";"06";"120114";"JUNIN";"HUANCAYO";"EL TAMBO";"ESSALUD";"III-1";"00008652";"HOSPITAL NACIONAL RAMIRO PRIALE PRIALE";"243100";"HOSPITALIZACIÓN DE PEDIATRÍA PEDIATRIA NEFROLOGÍA PEDIÁTRICA";"1";"2";"42";"30";"1";"30";"0"
"2023";"06";"120114";"JUNIN";"HUANCAYO";"EL TAMBO";"ESSALUD";"III-1";"00008652";"HOSPITAL NACIONAL RAMIRO PRIALE PRIALE";"242100";"HOSPITALIZACIÓN DE MEDICINA ONCOLOGÍA MÉDICA ";"42";"42";"409";"420";"15";"450";"3"
"2023";"06";"120114";"JUNIN";"HUANCAYO";"EL TAMBO";"ESSALUD";"III-1";"00008652";"HOSPITAL NACIONAL RAMIRO PRIALE PRIALE";"242200";"HOSPITALIZACIÓN DE MEDICINA PSIQUIATRÍA ";"18";"14";"372";"344";"12";"360";"0"
"2023";"06";"120114";"JUNIN";"HUANCAYO";"EL TAMBO";"ESSALUD";"III-1";"00008652";"HOSPITAL NACIONAL RAMIRO PRIALE PRIALE";"242000";"HOSPITALIZACIÓN DE MEDICINA MEDICINA TROPICAL E INFECCIOSAS ";"12";"14";"145";"173";"6";"180";"0"
"2023";"06";"120114";"JUNIN";"HUANCAYO";"EL TAMBO";"ESSALUD";"III-1";"00008652";"HOSPITAL NACIONAL RAMIRO PRIALE PRIALE";"240400";"HOSPITALIZACIÓN QUIRÚRGICA CIRUGÍA DE TÓRAX Y CARDIOVASCULAR ";"14";"14";"31";"34";"1";"34";"0"
"2023";"06";"120114";"JUNIN";"HUANCAYO";"EL TAMBO";"ESSALUD";"III-1";"00008652";"HOSPITAL NACIONAL RAMIRO PRIALE PRIALE";"240400";"HOSPITALIZACIÓN QUIRÚRGICA CIRUGÍA DE TÓRAX Y CARDIOVASCULAR ";"5";"7";"56";"52";"1";"56";"0"
"2023";"06";"120114";"JUNIN";"HUANCAYO";"EL TAMBO";"ESSALUD";"III-1";"00008652";"HOSPITAL NACIONAL RAMIRO PRIALE PRIALE";"240100";"HOSPITALIZACIÓN QUIRÚRGICA CIRUGÍA GENERAL ";"127";"128";"928";"815";"28";"840";"3"
"2023";"06";"120114";"JUNIN";"HUANCAYO";"EL TAMBO";"ESSALUD";"III-1";"00008652";"HOSPITAL NACIONAL RAMIRO PRIALE PRIALE";"240900";"HOSPITALIZACIÓN QUIRÚRGICA NEUROCIRUGÍA ";"16";"12";"197";"169";"6";"180";"0"
"2023";"06";"120114";"JUNIN";"HUANCAYO";"EL TAMBO";"ESSALUD";"III-1";"00008652";"HOSPITAL NACIONAL RAMIRO PRIALE PRIALE";"241200";"HOSPITALIZACIÓN QUIRÚRGICA TRAUMATOLOGÍA Y ORTOPEDIA ";"88";"99";"631";"563";"19";"570";"0"
"2023";"06";"120114";"JUNIN";"HUANCAYO";"EL TAMBO";"ESSALUD";"III-1";"00008652";"HOSPITAL NACIONAL RAMIRO PRIALE PRIALE";"241300";"HOSPITALIZACIÓN QUIRÚRGICA UROLOGÍA  ";"40";"41";"242";"238";"8";"240";"0"
"2023";"06";"120114";"JUNIN";"HUANCAYO";"EL TAMBO";"ESSALUD";"III-1";"00008652";"HOSPITAL NACIONAL RAMIRO PRIALE PRIALE";"241600";"HOSPITALIZACIÓN QUIRÚRGICA OBSTETRICIA   ";"108";"253";"637";"554";"22";"660";"0"
"2023";"06";"120114";"JUNIN";"HUANCAYO";"EL TAMBO";"ESSALUD";"III-1";"00008652";"HOSPITAL NACIONAL RAMIRO PRIALE PRIALE";"241500";"HOSPITALIZACIÓN QUIRÚRGICA GINECOLOGÍA  ";"61";"53";"226";"245";"9";"270";"1"
"2023";"06";"120114";"JUNIN";"HUANCAYO";"EL TAMBO";"ESSALUD";"III-1";"00008652";"HOSPITAL NACIONAL RAMIRO PRIALE PRIALE";"241700";"HOSPITALIZACIÓN QUIRÚRGICA GINECOLOGÍA   GINECOLOGIA ONCOLOGiCA";"19";"23";"80";"68";"3";"90";"0"
"2023";"06";"120114";"JUNIN";"HUANCAYO";"EL TAMBO";"ESSALUD";"III-1";"00008652";"HOSPITAL NACIONAL RAMIRO PRIALE PRIALE";"242300";"HOSPITALIZACIÓN DE PEDIATRÍA  PEDIATRÍA  GENERAL ";"127";"132";"495";"486";"17";"510";"0"
"2023";"06";"120114";"JUNIN";"HUANCAYO";"EL TAMBO";"ESSALUD";"III-1";"00008652";"HOSPITAL NACIONAL RAMIRO PRIALE PRIALE";"240700";"HOSPITALIZACIÓN QUIRÚRGICA CIRUGÍA PEDIÁTRICA ";"19";"15";"96";"116";"4";"120";"0"
"2023";"06";"120114";"JUNIN";"HUANCAYO";"EL TAMBO";"ESSALUD";"III-1";"00008652";"HOSPITAL NACIONAL RAMIRO PRIALE PRIALE";"250100";"UNIDAD DE CUIDADOS CRITICOS UNIDAD  DE CUIDADOS INTENSIVOS GENERALES (UCI) ";"34";"10";"144";"323";"12";"360";"9"
"2023";"06";"120114";"JUNIN";"HUANCAYO";"EL TAMBO";"ESSALUD";"III-1";"00008652";"HOSPITAL NACIONAL RAMIRO PRIALE PRIALE";"250108";"UNIDAD DE CUIDADOS CRITICOS UNIDAD  DE CUIDADOS INTENSIVOS  (UCI) PEDIÁTRICA";"15";"9";"39";"55";"2";"60";"2"
"2023";"06";"120114";"JUNIN";"HUANCAYO";"EL TAMBO";"ESSALUD";"III-1";"00008652";"HOSPITAL NACIONAL RAMIRO PRIALE PRIALE";"250105";"UNIDAD DE CUIDADOS CRITICOS UNIDAD  DE CUIDADOS INTENSIVOS  (UCI) NEONATOLOGÍA";"15";"1";"94";"151";"6";"180";"0"
"2023";"06";"120114";"JUNIN";"HUANCAYO";"EL TAMBO";"ESSALUD";"III-1";"00008652";"HOSPITAL NACIONAL RAMIRO PRIALE PRIALE";"240500";"HOSPITALIZACIÓN QUIRÚRGICA CIRUGÍA DE TRANSPLANTES ";"1";"1";"16";"16";"1";"30";"0"
"2023";"06";"120114";"JUNIN";"HUANCAYO";"EL TAMBO";"ESSALUD";"III-1";"00008652";"HOSPITAL NACIONAL RAMIRO PRIALE PRIALE";"250200";"UNIDAD DE CUIDADOS CRITICOS UNIDAD DE CUIDADOS INTERMEDIOS GENERAL  (UCIN) ";"29";"2";"74";"328";"12";"360";"2"
"2023";"06";"120114";"JUNIN";"HUANCAYO";"EL TAMBO";"ESSALUD";"III-1";"00008652";"HOSPITAL NACIONAL RAMIRO PRIALE PRIALE";"250202";"UNIDAD DE CUIDADOS CRITICOS UNIDAD DE CUIDADOS INTERMEDIOS  (UCIN) PEDIÁTRICOS";"36";"23";"96";"131";"5";"150";"0"
"2023";"06";"120114";"JUNIN";"HUANCAYO";"EL TAMBO";"ESSALUD";"III-1";"00008652";"HOSPITAL NACIONAL RAMIRO PRIALE PRIALE";"250200";"UNIDAD DE CUIDADOS CRITICOS UNIDAD DE CUIDADOS INTERMEDIOS GENERAL  (UCIN) ";"62";"50";"210";"265";"9";"270";"1"
"2023";"06";"220201";"SAN MARTIN";"BELLAVISTA";"BELLAVISTA";"GOBIERNO REGIONAL";"II-E";"00006502";"HOSPITAL BELLAVISTA";"240100";"HOSPITALIZACIÓN QUIRÚRGICA CIRUGÍA GENERAL ";"16";"19";"53";"53";"8";"240";"0"
"2023";"06";"220201";"SAN MARTIN";"BELLAVISTA";"BELLAVISTA";"GOBIERNO REGIONAL";"II-E";"00006502";"HOSPITAL BELLAVISTA";"241500";"HOSPITALIZACIÓN QUIRÚRGICA GINECOLOGÍA  ";"12";"12";"34";"34";"6";"180";"0"
"2023";"06";"220201";"SAN MARTIN";"BELLAVISTA";"BELLAVISTA";"GOBIERNO REGIONAL";"II-E";"00006502";"HOSPITAL BELLAVISTA";"241900";"HOSPITALIZACIÓN DE MEDICINA MEDICINA INTERNA ";"30";"31";"137";"137";"10";"300";"1"
"2023";"06";"220201";"SAN MARTIN";"BELLAVISTA";"BELLAVISTA";"GOBIERNO REGIONAL";"II-E";"00006502";"HOSPITAL BELLAVISTA";"242500";"HOSPITALIZACIÓN-PEDIATRÍA GENERAL-";"20";"28";"161";"151";"6";"180";"0"
"2023";"06";"220201";"SAN MARTIN";"BELLAVISTA";"BELLAVISTA";"GOBIERNO REGIONAL";"II-E";"00006502";"HOSPITAL BELLAVISTA";"243200";"HOSPITALIZACIÓN DE PEDIATRÍA PEDIATRIA NEONATOLOGÍA";"11";"11";"35";"35";"2";"60";"0"
"2023";"06";"150110";"LIMA";"LIMA";"COMAS";"PRIVADO";"II-E";"00025598";"CLINICA MATER PURISSIMA";"241400";"HOSPITALIZACIÓN QUIRÚRGICA GINECO - OBSTETRICIA ";"10";"10";"19";"10";"8";"240";"0"
"2023";"06";"150101";"LIMA";"LIMA";"LIMA";"PRIVADO";"II-E";"00023833";"INSTITUTO OFTALMOLOGICO LA LUZ SOCIEDAD ANONIMA CERRADA - INSTITUTO OFTALMOLOGICO LA LUZ S.A.C.";"NE_0001";"";"NE_0001";"NE_0001";"NE_0001";"NE_0001";"NE_0001";"NE_0001";"NE_0001"
"2023";"06";"230101";"TACNA";"TACNA";"TACNA";"PRIVADO";"II-1";"00027462";"CLINICA LA LUZ";"240300";"HOSPITALIZACIÓN QUIRÚRGICA CIRUGÍA DIGESTIVA ";"34";"34";"40";"34";"14";"476";"0"
"2023";"03";"220202";"SAN MARTIN";"BELLAVISTA";"ALTO BIAVO";"GOBIERNO REGIONAL";"I-1";"00006528";"NUEVA ARICA";"NE_0002";"";"NE_0002";"NE_0002";"NE_0002";"NE_0002";"NE_0002";"NE_0002";"NE_0002"
"2023";"03";"220202";"SAN MARTIN";"BELLAVISTA";"ALTO BIAVO";"GOBIERNO REGIONAL";"I-1";"00006525";"CUZCO";"NE_0002";"";"NE_0002";"NE_0002";"NE_0002";"NE_0002";"NE_0002";"NE_0002";"NE_0002"
"2023";"03";"220202";"SAN MARTIN";"BELLAVISTA";"ALTO BIAVO";"GOBIERNO REGIONAL";"I-2";"00006524";"BARRANCA";"NE_0002";"";"NE_0002";"NE_0002";"NE_0002";"NE_0002";"NE_0002";"NE_0002";"NE_0002"
"2023";"03";"220202";"SAN MARTIN";"BELLAVISTA";"ALTO BIAVO";"GOBIERNO REGIONAL";"I-1";"00006526";"INCAICO";"NE_0002";"";"NE_0002";"NE_0002";"NE_0002";"NE_0002";"NE_0002";"NE_0002";"NE_0002"
"2023";"03";"220202";"SAN MARTIN";"BELLAVISTA";"ALTO BIAVO";"GOBIERNO REGIONAL";"I-1";"00006527";"JOSE OLAYA";"NE_0002";"";"NE_0002";"NE_0002";"NE_0002";"NE_0002";"NE_0002";"NE_0002";"NE_0002"
"2023";"03";"120101";"JUNIN";"HUANCAYO";"HUANCAYO";"GOBIERNO REGIONAL";"III-E";"00000753";"HOSPITAL REGIONAL DOCENTE CLINICO QUIRURGICO DANIEL ALCIDES CARRION";"241900";"HOSPITALIZACIÓN DE MEDICINA MEDICINA INTERNA ";"94";"123";"1546";"1466";"48";"1488";"19"
"2023";"03";"120101";"JUNIN";"HUANCAYO";"HUANCAYO";"GOBIERNO REGIONAL";"III-E";"00000753";"HOSPITAL REGIONAL DOCENTE CLINICO QUIRURGICO DANIEL ALCIDES CARRION";"242000";"HOSPITALIZACIÓN DE MEDICINA MEDICINA TROPICAL E INFECCIOSAS ";"30";"19";"311";"389";"13";"403";"5"
"2023";"03";"120101";"JUNIN";"HUANCAYO";"HUANCAYO";"GOBIERNO REGIONAL";"III-E";"00000753";"HOSPITAL REGIONAL DOCENTE CLINICO QUIRURGICO DANIEL ALCIDES CARRION";"244000";"HOSPITALIZACIÓN DE MEDICINA CARDIOLOGIA ";"41";"33";"131";"254";"9";"279";"0"
"2023";"03";"120101";"JUNIN";"HUANCAYO";"HUANCAYO";"GOBIERNO REGIONAL";"III-E";"00000753";"HOSPITAL REGIONAL DOCENTE CLINICO QUIRURGICO DANIEL ALCIDES CARRION";"244200";"HOSPITALIZACIÓN DE MEDICINA ENDOCRINOLOGIA ";"18";"14";"170";"108";"4";"124";"0"
"2023";"03";"120101";"JUNIN";"HUANCAYO";"HUANCAYO";"GOBIERNO REGIONAL";"III-E";"00000753";"HOSPITAL REGIONAL DOCENTE CLINICO QUIRURGICO DANIEL ALCIDES CARRION";"244300";"HOSPITALIZACIÓN DE MEDICINA GASTROENTEROLOGÍA  ";"44";"35";"269";"270";"9";"279";"8"
"2023";"03";"120101";"JUNIN";"HUANCAYO";"HUANCAYO";"GOBIERNO REGIONAL";"III-E";"00000753";"HOSPITAL REGIONAL DOCENTE CLINICO QUIRURGICO DANIEL ALCIDES CARRION";"244400";"HOSPITALIZACIÓN DE MEDICINA GERIATRIA ";"16";"12";"131";"93";"3";"93";"2"
"2023";"03";"120101";"JUNIN";"HUANCAYO";"HUANCAYO";"GOBIERNO REGIONAL";"III-E";"00000753";"HOSPITAL REGIONAL DOCENTE CLINICO QUIRURGICO DANIEL ALCIDES CARRION";"245300";"HOSPITALIZACIÓN DE MEDICINA NEUMOLOGÍA  ";"27";"26";"335";"492";"16";"496";"4"
"2023";"03";"120101";"JUNIN";"HUANCAYO";"HUANCAYO";"GOBIERNO REGIONAL";"III-E";"00000753";"HOSPITAL REGIONAL DOCENTE CLINICO QUIRURGICO DANIEL ALCIDES CARRION";"240100";"HOSPITALIZACIÓN QUIRÚRGICA CIRUGÍA GENERAL ";"204";"212";"956";"979";"32";"992";"3"
"2023";"03";"120101";"JUNIN";"HUANCAYO";"HUANCAYO";"GOBIERNO REGIONAL";"III-E";"00000753";"HOSPITAL REGIONAL DOCENTE CLINICO QUIRURGICO DANIEL ALCIDES CARRION";"240200";"HOSPITALIZACIÓN QUIRÚRGICA CIRUGÍA DE CABEZA Y CUELLO / MÁXILO FACIAL ";"12";"14";"85";"140";"5";"155";"0"
"2023";"03";"120101";"JUNIN";"HUANCAYO";"HUANCAYO";"GOBIERNO REGIONAL";"III-E";"00000753";"HOSPITAL REGIONAL DOCENTE CLINICO QUIRURGICO DANIEL ALCIDES CARRION";"240600";"HOSPITALIZACIÓN QUIRÚRGICA CIRUGÍA OFTALMOLÓGICA ";"3";"3";"17";"30";"1";"31";"0"
"2023";"03";"120101";"JUNIN";"HUANCAYO";"HUANCAYO";"GOBIERNO REGIONAL";"III-E";"00000753";"HOSPITAL REGIONAL DOCENTE CLINICO QUIRURGICO DANIEL ALCIDES CARRION";"240800";"HOSPITALIZACIÓN QUIRÚRGICA CIRUGÍA PLÁSTICA/RECONSTRUCTIVA/ REPARADORA ";"7";"8";"307";"80";"3";"93";"0"
"2023";"03";"120101";"JUNIN";"HUANCAYO";"HUANCAYO";"GOBIERNO REGIONAL";"III-E";"00000753";"HOSPITAL REGIONAL DOCENTE CLINICO QUIRURGICO DANIEL ALCIDES CARRION";"240900";"HOSPITALIZACIÓN QUIRÚRGICA NEUROCIRUGÍA ";"32";"39";"439";"391";"13";"403";"0"
"2023";"03";"120101";"JUNIN";"HUANCAYO";"HUANCAYO";"GOBIERNO REGIONAL";"III-E";"00000753";"HOSPITAL REGIONAL DOCENTE CLINICO QUIRURGICO DANIEL ALCIDES CARRION";"241100";"HOSPITALIZACIÓN QUIRÚRGICA OTORRINOLARINGOLOGÍA  ";"3";"4";"9";"40";"2";"62";"0"
"2023";"03";"120101";"JUNIN";"HUANCAYO";"HUANCAYO";"GOBIERNO REGIONAL";"III-E";"00000753";"HOSPITAL REGIONAL DOCENTE CLINICO QUIRURGICO DANIEL ALCIDES CARRION";"241200";"HOSPITALIZACIÓN QUIRÚRGICA TRAUMATOLOGÍA Y ORTOPEDIA ";"66";"61";"811";"934";"31";"961";"3"
"2023";"03";"120101";"JUNIN";"HUANCAYO";"HUANCAYO";"GOBIERNO REGIONAL";"III-E";"00000753";"HOSPITAL REGIONAL DOCENTE CLINICO QUIRURGICO DANIEL ALCIDES CARRION";"241300";"HOSPITALIZACIÓN QUIRÚRGICA UROLOGÍA  ";"16";"19";"142";"190";"7";"217";"0"
"2023";"03";"150103";"LIMA";"LIMA";"ATE";"MINSA";"II-1";"00005883";"HOSPITAL DE HUAYCAN";"241800";"HOSPITALIZACIÓN DE MEDICINA MEDICINA GENERAL ";"25";"24";"160";"171";"21";"651";"1"
"2023";"03";"150103";"LIMA";"LIMA";"ATE";"MINSA";"II-1";"00005883";"HOSPITAL DE HUAYCAN";"240100";"HOSPITALIZACIÓN QUIRÚRGICA CIRUGÍA GENERAL ";"68";"67";"249";"246";"11";"341";"0"
"2023";"03";"150103";"LIMA";"LIMA";"ATE";"MINSA";"II-1";"00005883";"HOSPITAL DE HUAYCAN";"241200";"HOSPITALIZACIÓN QUIRÚRGICA TRAUMATOLOGÍA Y ORTOPEDIA ";"17";"15";"68";"69";"4";"124";"0"
"2023";"03";"150103";"LIMA";"LIMA";"ATE";"MINSA";"II-1";"00005883";"HOSPITAL DE HUAYCAN";"242500";"HOSPITALIZACIÓN-PEDIATRÍA GENERAL-";"38";"33";"85";"106";"11";"341";"0"
"2023";"03";"150103";"LIMA";"LIMA";"ATE";"MINSA";"II-1";"00005883";"HOSPITAL DE HUAYCAN";"241600";"HOSPITALIZACIÓN QUIRÚRGICA OBSTETRICIA   ";"164";"155";"271";"276";"16";"496";"0"
"2023";"03";"150103";"LIMA";"LIMA";"ATE";"MINSA";"II-1";"00005883";"HOSPITAL DE HUAYCAN";"241500";"HOSPITALIZACIÓN QUIRÚRGICA GINECOLOGÍA  ";"3";"3";"5";"5";"1";"31";"0"
"2023";"03";"020801";"ANCASH";"CASMA";"CASMA";"ESSALUD";"I-3";"00009057";"CENTRO MEDICO CASMA";"NE_0001";"";"NE_0001";"NE_0001";"NE_0001";"NE_0001";"NE_0001";"NE_0001";"NE_0001"
"2023";"03";"070101";"CALLAO";"CALLAO";"CALLAO";"PRIVADO";"0";"00016115";"DIAGNOCENTRO OLAZ";"NE_0001";"";"NE_0001";"NE_0001";"NE_0001";"NE_0001";"NE_0001";"NE_0001";"NE_0001"
"2023";"03";"040603";"AREQUIPA";"CONDESUYOS";"CAYARANI";"GOBIERNO REGIONAL";"I-3";"00001440";"CENTRO DE SALUD CAYARANI";"NE_0001";"";"NE_0001";"NE_0001";"NE_0001";"NE_0001";"NE_0001";"NE_0001";"NE_0001"
"2023";"03";"040404";"AREQUIPA";"CASTILLA";"CHACHAS";"GOBIERNO REGIONAL";"I-2";"00001442";"PUESTO DE SALUD TOLCONI";"NE_0001";"";"NE_0001";"NE_0001";"NE_0001";"NE_0001";"NE_0001";"NE_0001";"NE_0001"
"2023";"03";"040505";"AREQUIPA";"CAYLLOMA";"CAYLLOMA";"GOBIERNO REGIONAL";"I-3";"00001422";"CENTRO DE SALUD CAYLLOMA";"NE_0001";"";"NE_0001";"NE_0001";"NE_0001";"NE_0001";"NE_0001";"NE_0001";"NE_0001"
"2023";"03";"040603";"AREQUIPA";"CONDESUYOS";"CAYARANI";"GOBIERNO REGIONAL";"I-2";"00007407";"PUESTO DE SALUD ARCATA";"NE_0001";"";"NE_0001";"NE_0001";"NE_0001";"NE_0001";"NE_0001";"NE_0001";"NE_0001"
"2023";"03";"040505";"AREQUIPA";"CAYLLOMA";"CAYLLOMA";"GOBIERNO REGIONAL";"I-2";"00001418";"PUESTO DE SALUD JACHAÑA";"NE_0001";"";"NE_0001";"NE_0001";"NE_0001";"NE_0001";"NE_0001";"NE_0001";"NE_0001"
"2023";"04";"150510";"LIMA";"CAÑETE";"NUEVO IMPERIAL";"SANIDAD DE LA POLICIA NACIONAL DEL PERU";"I-3";"00017849";"POLICLINICO POLICIAL CAÑETE";"NE_0001";"";"NE_0001";"NE_0001";"NE_0001";"NE_0001";"NE_0001";"NE_0001";"NE_0001"
"2023";"04";"120114";"JUNIN";"HUANCAYO";"EL TAMBO";"ESSALUD";"III-1";"00008652";"HOSPITAL NACIONAL RAMIRO PRIALE PRIALE";"242600";"HOSPITALIZACIÓN DE PEDIATRÍA PEDIATRIA CARDIOLOGÍA PEDIÁTRICA";"10";"11";"84";"77";"3";"90";"0"
"2023";"04";"120114";"JUNIN";"HUANCAYO";"EL TAMBO";"ESSALUD";"III-1";"00008652";"HOSPITAL NACIONAL RAMIRO PRIALE PRIALE";"242300";"HOSPITALIZACIÓN DE PEDIATRÍA  PEDIATRÍA  GENERAL ";"112";"109";"431";"440";"15";"450";"0"
"2023";"04";"120114";"JUNIN";"HUANCAYO";"EL TAMBO";"ESSALUD";"III-1";"00008652";"HOSPITAL NACIONAL RAMIRO PRIALE PRIALE";"242900";"HOSPITALIZACIÓN DE PEDIATRÍA PEDIATRIA GASTROENTEROLOGÍA PEDIÁTRICA";"22";"23";"221";"236";"8";"240";"0"
"2023";"04";"120114";"JUNIN";"HUANCAYO";"EL TAMBO";"ESSALUD";"III-1";"00008652";"HOSPITAL NACIONAL RAMIRO PRIALE PRIALE";"242202";"HOSPITALIZACIÓN DE MEDICINA PSIQUIATRÍA PSIQUIATRÍA DEL ADULTO Y GERONTE";"43";"48";"667";"505";"17";"510";"7"
"2023";"04";"120114";"JUNIN";"HUANCAYO";"EL TAMBO";"ESSALUD";"III-1";"00008652";"HOSPITAL NACIONAL RAMIRO PRIALE PRIALE";"241900";"HOSPITALIZACIÓN DE MEDICINA MEDICINA INTERNA ";"8";"7";"159";"115";"4";"120";"0"
"2023";"04";"120114";"JUNIN";"HUANCAYO";"EL TAMBO";"ESSALUD";"III-1";"00008652";"HOSPITAL NACIONAL RAMIRO PRIALE PRIALE";"241900";"HOSPITALIZACIÓN DE MEDICINA MEDICINA INTERNA ";"84";"83";"1466";"1227";"41";"1230";"8"
"2023";"04";"120114";"JUNIN";"HUANCAYO";"EL TAMBO";"ESSALUD";"III-1";"00008652";"HOSPITAL NACIONAL RAMIRO PRIALE PRIALE";"243100";"HOSPITALIZACIÓN DE PEDIATRÍA PEDIATRIA NEFROLOGÍA PEDIÁTRICA";"10";"13";"98";"75";"3";"90";"0"
"2023";"04";"120114";"JUNIN";"HUANCAYO";"EL TAMBO";"ESSALUD";"III-1";"00008652";"HOSPITAL NACIONAL RAMIRO PRIALE PRIALE";"242100";"HOSPITALIZACIÓN DE MEDICINA ONCOLOGÍA MÉDICA ";"49";"50";"431";"438";"15";"450";"1"
"2023";"04";"120114";"JUNIN";"HUANCAYO";"EL TAMBO";"ESSALUD";"III-1";"00008652";"HOSPITAL NACIONAL RAMIRO PRIALE PRIALE";"242200";"HOSPITALIZACIÓN DE MEDICINA PSIQUIATRÍA ";"14";"15";"478";"377";"13";"390";"0"
"2023";"04";"120114";"JUNIN";"HUANCAYO";"EL TAMBO";"ESSALUD";"III-1";"00008652";"HOSPITAL NACIONAL RAMIRO PRIALE PRIALE";"242000";"HOSPITALIZACIÓN DE MEDICINA MEDICINA TROPICAL E INFECCIOSAS ";"8";"6";"100";"141";"5";"150";"0"
"2023";"04";"120114";"JUNIN";"HUANCAYO";"EL TAMBO";"ESSALUD";"III-1";"00008652";"HOSPITAL NACIONAL RAMIRO PRIALE PRIALE";"240400";"HOSPITALIZACIÓN QUIRÚRGICA CIRUGÍA DE TÓRAX Y CARDIOVASCULAR ";"15";"15";"50";"55";"2";"60";"0"
"2023";"04";"120114";"JUNIN";"HUANCAYO";"EL TAMBO";"ESSALUD";"III-1";"00008652";"HOSPITAL NACIONAL RAMIRO PRIALE PRIALE";"240400";"HOSPITALIZACIÓN QUIRÚRGICA CIRUGÍA DE TÓRAX Y CARDIOVASCULAR ";"4";"5";"51";"82";"3";"90";"0"
"2023";"04";"120114";"JUNIN";"HUANCAYO";"EL TAMBO";"ESSALUD";"III-1";"00008652";"HOSPITAL NACIONAL RAMIRO PRIALE PRIALE";"240100";"HOSPITALIZACIÓN QUIRÚRGICA CIRUGÍA GENERAL ";"140";"146";"876";"995";"34";"1020";"4"
"2023";"04";"120114";"JUNIN";"HUANCAYO";"EL TAMBO";"ESSALUD";"III-1";"00008652";"HOSPITAL NACIONAL RAMIRO PRIALE PRIALE";"240900";"HOSPITALIZACIÓN QUIRÚRGICA NEUROCIRUGÍA ";"11";"17";"211";"134";"5";"150";"0"
"2023";"04";"120114";"JUNIN";"HUANCAYO";"EL TAMBO";"ESSALUD";"III-1";"00008652";"HOSPITAL NACIONAL RAMIRO PRIALE PRIALE";"241200";"HOSPITALIZACIÓN QUIRÚRGICA TRAUMATOLOGÍA Y ORTOPEDIA ";"88";"85";"619";"553";"18";"565";"0"
"2023";"04";"120114";"JUNIN";"HUANCAYO";"EL TAMBO";"ESSALUD";"III-1";"00008652";"HOSPITAL NACIONAL RAMIRO PRIALE PRIALE";"241100";"HOSPITALIZACIÓN QUIRÚRGICA OTORRINOLARINGOLOGÍA  ";"2";"2";"4";"4";"1";"5";"0"
"2023";"04";"120114";"JUNIN";"HUANCAYO";"EL TAMBO";"ESSALUD";"III-1";"00008652";"HOSPITAL NACIONAL RAMIRO PRIALE PRIALE";"241300";"HOSPITALIZACIÓN QUIRÚRGICA UROLOGÍA  ";"41";"38";"205";"225";"8";"240";"0"
"2023";"04";"120114";"JUNIN";"HUANCAYO";"EL TAMBO";"ESSALUD";"III-1";"00008652";"HOSPITAL NACIONAL RAMIRO PRIALE PRIALE";"241600";"HOSPITALIZACIÓN QUIRÚRGICA OBSTETRICIA   ";"107";"218";"500";"507";"22";"660";"0"
"2023";"04";"120114";"JUNIN";"HUANCAYO";"EL TAMBO";"ESSALUD";"III-1";"00008652";"HOSPITAL NACIONAL RAMIRO PRIALE PRIALE";"241500";"HOSPITALIZACIÓN QUIRÚRGICA GINECOLOGÍA  ";"48";"53";"199";"187";"10";"300";"0"
"2023";"04";"120114";"JUNIN";"HUANCAYO";"EL TAMBO";"ESSALUD";"III-1";"00008652";"HOSPITAL NACIONAL RAMIRO PRIALE PRIALE";"241700";"HOSPITALIZACIÓN QUIRÚRGICA GINECOLOGÍA   GINECOLOGIA ONCOLOGiCA";"13";"13";"47";"47";"2";"60";"0"
"2023";"04";"120114";"JUNIN";"HUANCAYO";"EL TAMBO";"ESSALUD";"III-1";"00008652";"HOSPITAL NACIONAL RAMIRO PRIALE PRIALE";"240700";"HOSPITALIZACIÓN QUIRÚRGICA CIRUGÍA PEDIÁTRICA ";"20";"26";"172";"149";"5";"150";"0"
"2023";"04";"120114";"JUNIN";"HUANCAYO";"EL TAMBO";"ESSALUD";"III-1";"00008652";"HOSPITAL NACIONAL RAMIRO PRIALE PRIALE";"250100";"UNIDAD DE CUIDADOS CRITICOS UNIDAD  DE CUIDADOS INTENSIVOS GENERALES (UCI) ";"35";"7";"93";"332";"12";"360";"6"
"2023";"04";"120114";"JUNIN";"HUANCAYO";"EL TAMBO";"ESSALUD";"III-1";"00008652";"HOSPITAL NACIONAL RAMIRO PRIALE PRIALE";"250108";"UNIDAD DE CUIDADOS CRITICOS UNIDAD  DE CUIDADOS INTENSIVOS  (UCI) PEDIÁTRICA";"17";"3";"10";"57";"2";"60";"1"
"2023";"04";"120114";"JUNIN";"HUANCAYO";"EL TAMBO";"ESSALUD";"III-1";"00008652";"HOSPITAL NACIONAL RAMIRO PRIALE PRIALE";"250105";"UNIDAD DE CUIDADOS CRITICOS UNIDAD  DE CUIDADOS INTENSIVOS  (UCI) NEONATOLOGÍA";"12";"3";"50";"164";"6";"180";"2"
"2023";"04";"120114";"JUNIN";"HUANCAYO";"EL TAMBO";"ESSALUD";"III-1";"00008652";"HOSPITAL NACIONAL RAMIRO PRIALE PRIALE";"240500";"HOSPITALIZACIÓN QUIRÚRGICA CIRUGÍA DE TRANSPLANTES ";"1";"1";"15";"15";"1";"30";"0"
"2023";"04";"120114";"JUNIN";"HUANCAYO";"EL TAMBO";"ESSALUD";"III-1";"00008652";"HOSPITAL NACIONAL RAMIRO PRIALE PRIALE";"250200";"UNIDAD DE CUIDADOS CRITICOS UNIDAD DE CUIDADOS INTERMEDIOS GENERAL  (UCIN) ";"26";"0";"0";"258";"12";"360";"0"
"2023";"04";"120114";"JUNIN";"HUANCAYO";"EL TAMBO";"ESSALUD";"III-1";"00008652";"HOSPITAL NACIONAL RAMIRO PRIALE PRIALE";"250202";"UNIDAD DE CUIDADOS CRITICOS UNIDAD DE CUIDADOS INTERMEDIOS  (UCIN) PEDIÁTRICOS";"30";"10";"48";"141";"5";"150";"0"
"2023";"04";"120114";"JUNIN";"HUANCAYO";"EL TAMBO";"ESSALUD";"III-1";"00008652";"HOSPITAL NACIONAL RAMIRO PRIALE PRIALE";"250200";"UNIDAD DE CUIDADOS CRITICOS UNIDAD DE CUIDADOS INTERMEDIOS GENERAL  (UCIN) ";"48";"50";"326";"256";"9";"270";"2"
"2023";"04";"211301";"PUNO";"YUNGUYO";"YUNGUYO";"GOBIERNO REGIONAL";"II-1";"00003349";"YUNGUYO";"240100";"HOSPITALIZACIÓN QUIRÚRGICA CIRUGÍA GENERAL ";"17";"18";"54";"54";"4";"120";"0"
"2023";"04";"211301";"PUNO";"YUNGUYO";"YUNGUYO";"GOBIERNO REGIONAL";"II-1";"00003349";"YUNGUYO";"241400";"HOSPITALIZACIÓN QUIRÚRGICA GINECO - OBSTETRICIA ";"10";"10";"23";"23";"3";"90";"0"
"2023";"04";"211301";"PUNO";"YUNGUYO";"YUNGUYO";"GOBIERNO REGIONAL";"II-1";"00003349";"YUNGUYO";"241600";"HOSPITALIZACIÓN QUIRÚRGICA OBSTETRICIA   ";"12";"12";"20";"20";"7";"210";"0"
"2023";"04";"211301";"PUNO";"YUNGUYO";"YUNGUYO";"GOBIERNO REGIONAL";"II-1";"00003349";"YUNGUYO";"241800";"HOSPITALIZACIÓN DE MEDICINA MEDICINA GENERAL ";"21";"22";"93";"93";"10";"300";"1"
"2023";"04";"211301";"PUNO";"YUNGUYO";"YUNGUYO";"GOBIERNO REGIONAL";"II-1";"00003349";"YUNGUYO";"242500";"HOSPITALIZACIÓN-PEDIATRÍA GENERAL-";"1";"1";"1";"1";"4";"120";"0"
"2023";"04";"081204";"CUSCO";"QUISPICANCHI";"CCARHUAYO";"GOBIERNO REGIONAL";"I-2";"00002527";"CCARHUAYO";"NE_0002";"";"NE_0002";"NE_0002";"NE_0002";"NE_0002";"NE_0002";"NE_0002";"NE_0002"
"2023";"04";"081205";"CUSCO";"QUISPICANCHI";"CCATCA";"GOBIERNO REGIONAL";"I-2";"00002529";"KCAURY";"NE_0002";"";"NE_0002";"NE_0002";"NE_0002";"NE_0002";"NE_0002";"NE_0002";"NE_0002"
"2023";"04";"081210";"CUSCO";"QUISPICANCHI";"OCONGATE";"GOBIERNO REGIONAL";"I-2";"00006977";"TINKI";"NE_0002";"";"NE_0002";"NE_0002";"NE_0002";"NE_0002";"NE_0002";"NE_0002";"NE_0002"
"2023";"04";"081209";"CUSCO";"QUISPICANCHI";"MARCAPATA";"GOBIERNO REGIONAL";"I-1";"00007110";"INCACANCHA";"NE_0002";"";"NE_0002";"NE_0002";"NE_0002";"NE_0002";"NE_0002";"NE_0002";"NE_0002"
"2023";"04";"081205";"CUSCO";"QUISPICANCHI";"CCATCA";"GOBIERNO REGIONAL";"I-1";"00012931";"CHICHINA";"NE_0002";"";"NE_0002";"NE_0002";"NE_0002";"NE_0002";"NE_0002";"NE_0002";"NE_0002"
"2023";"04";"081205";"CUSCO";"QUISPICANCHI";"CCATCA";"GOBIERNO REGIONAL";"I-1";"00016335";"CCAPANA";"NE_0002";"";"NE_0002";"NE_0002";"NE_0002";"NE_0002";"NE_0002";"NE_0002";"NE_0002"
"2023";"04";"081205";"CUSCO";"QUISPICANCHI";"CCATCA";"GOBIERNO REGIONAL";"I-2";"00002524";"PAMPACAMARA";"NE_0002";"";"NE_0002";"NE_0002";"NE_0002";"NE_0002";"NE_0002";"NE_0002";"NE_0002"
"2023";"04";"081209";"CUSCO";"QUISPICANCHI";"MARCAPATA";"GOBIERNO REGIONAL";"I-2";"00002535";"MARCAPATA";"NE_0002";"";"NE_0002";"NE_0002";"NE_0002";"NE_0002";"NE_0002";"NE_0002";"NE_0002"
"2023";"04";"081203";"CUSCO";"QUISPICANCHI";"CAMANTI";"GOBIERNO REGIONAL";"I-3";"00002526";"QUINCE MIL";"NE_0002";"";"NE_0002";"NE_0002";"NE_0002";"NE_0002";"NE_0002";"NE_0002";"NE_0002"
"2023";"04";"040206";"AREQUIPA";"CAMANA";"OCOÑA";"GOBIERNO REGIONAL";"I-3";"00001348";"CENTRO DE SALUD OCOÑA";"NE_0001";"";"NE_0001";"NE_0001";"NE_0001";"NE_0001";"NE_0001";"NE_0001";"NE_0001"
"2023";"04";"040206";"AREQUIPA";"CAMANA";"OCOÑA";"GOBIERNO REGIONAL";"I-2";"00001363";"LA PLANCHADA";"NE_0001";"";"NE_0001";"NE_0001";"NE_0001";"NE_0001";"NE_0001";"NE_0001";"NE_0001"
"2023";"04";"040206";"AREQUIPA";"CAMANA";"OCOÑA";"GOBIERNO REGIONAL";"I-1";"00001364";"PESCADORES";"NE_0001";"";"NE_0001";"NE_0001";"NE_0001";"NE_0001";"NE_0001";"NE_0001";"NE_0001"
"2023";"04";"040203";"AREQUIPA";"CAMANA";"MARIANO NICOLAS VALCARCEL";"GOBIERNO REGIONAL";"I-2";"00001366";"LA EUGENIA";"NE_0001";"";"NE_0001";"NE_0001";"NE_0001";"NE_0001";"NE_0001";"NE_0001";"NE_0001"
"2023";"05";"020801";"ANCASH";"CASMA";"CASMA";"GOBIERNO REGIONAL";"I-2";"00031617";"PUESTO DE SALUD VILLA HERMOSA";"NE_0001";"";"NE_0001";"NE_0001";"NE_0001";"NE_0001";"NE_0001";"NE_0001";"NE_0001"
"2023";"05";"021809";"ANCASH";"SANTA";"NUEVO CHIMBOTE";"GOBIERNO REGIONAL";"I-4";"00001704";"CENTRO DE SALUD YUGOSLAVIA";"NE_0001";"";"NE_0001";"NE_0001";"NE_0001";"NE_0001";"NE_0001";"NE_0001";"NE_0001"
"2023";"05";"021809";"ANCASH";"SANTA";"NUEVO CHIMBOTE";"GOBIERNO REGIONAL";"I-2";"00001706";"PUESTO DE SALUD VILLA MARIA";"NE_0001";"";"NE_0001";"NE_0001";"NE_0001";"NE_0001";"NE_0001";"NE_0001";"NE_0001"
"2023";"05";"021802";"ANCASH";"SANTA";"CACERES DEL PERU";"GOBIERNO REGIONAL";"I-2";"00001708";"PUESTO DE SALUD JIMBE";"NE_0001";"";"NE_0001";"NE_0001";"NE_0001";"NE_0001";"NE_0001";"NE_0001";"NE_0001"
"2023";"05";"021807";"ANCASH";"SANTA";"SAMANCO";"GOBIERNO REGIONAL";"I-2";"00001711";"PUESTO DE SALUD SAMANCO";"NE_0001";"";"NE_0001";"NE_0001";"NE_0001";"NE_0001";"NE_0001";"NE_0001";"NE_0001"
"2023";"05";"021806";"ANCASH";"SANTA";"NEPEÑA";"GOBIERNO REGIONAL";"I-3";"00001714";"CENTRO DE SALUD NEPEÑA";"NE_0001";"";"NE_0001";"NE_0001";"NE_0001";"NE_0001";"NE_0001";"NE_0001";"NE_0001"
"2023";"05";"021805";"ANCASH";"SANTA";"MORO";"GOBIERNO REGIONAL";"I-1";"00001717";"PUESTO DE SALUD POCOS";"NE_0001";"";"NE_0001";"NE_0001";"NE_0001";"NE_0001";"NE_0001";"NE_0001";"NE_0001"
"2023";"05";"020802";"ANCASH";"CASMA";"BUENA VISTA ALTA";"GOBIERNO REGIONAL";"I-2";"00001724";"PUESTO DE SALUD HUANCHUY";"NE_0001";"";"NE_0001";"NE_0001";"NE_0001";"NE_0001";"NE_0001";"NE_0001";"NE_0001"
"2023";"05";"020801";"ANCASH";"CASMA";"CASMA";"GOBIERNO REGIONAL";"I-1";"00001722";"PUESTO DE SALUD CASA BLANCA";"NE_0001";"";"NE_0001";"NE_0001";"NE_0001";"NE_0001";"NE_0001";"NE_0001";"NE_0001"
"2023";"05";"020102";"ANCASH";"HUARAZ";"COCHABAMBA";"GOBIERNO REGIONAL";"I-1";"00001732";"PUESTO DE SALUD PUMA PUCLLANAN";"NE_0001";"";"NE_0001";"NE_0001";"NE_0001";"NE_0001";"NE_0001";"NE_0001";"NE_0001"
"2023";"05";"020110";"ANCASH";"HUARAZ";"PARIACOTO";"GOBIERNO REGIONAL";"I-1";"00001736";"PUESTO DE SALUD CHACCHAN";"NE_0001";"";"NE_0001";"NE_0001";"NE_0001";"NE_0001";"NE_0001";"NE_0001";"NE_0001"
"2023";"05";"021807";"ANCASH";"SANTA";"SAMANCO";"GOBIERNO REGIONAL";"I-1";"00001712";"PUESTO DE SALUD LOS CHIMUS";"NE_0001";"";"NE_0001";"NE_0001";"NE_0001";"NE_0001";"NE_0001";"NE_0001";"NE_0001"
"2023";"04";"021303";"ANCASH";"MARISCAL LUZURIAGA";"ELEAZAR GUZMAN BARRON";"GOBIERNO REGIONAL";"I-1";"00001786";"PUESTO DE SALUD PAMPACHACRA";"NE_0001";"";"NE_0001";"NE_0001";"NE_0001";"NE_0001";"NE_0001";"NE_0001";"NE_0001"
"2023";"04";"021303";"ANCASH";"MARISCAL LUZURIAGA";"ELEAZAR GUZMAN BARRON";"GOBIERNO REGIONAL";"I-1";"00001787";"PUESTO DE SALUD PUMPA";"NE_0001";"";"NE_0001";"NE_0001";"NE_0001";"NE_0001";"NE_0001";"NE_0001";"NE_0001"
"2023";"04";"021304";"ANCASH";"MARISCAL LUZURIAGA";"FIDEL OLIVAS ESCUDERO";"GOBIERNO REGIONAL";"I-1";"00001794";"PUESTO DE SALUD PARCO";"NE_0001";"";"NE_0001";"NE_0001";"NE_0001";"NE_0001";"NE_0001";"NE_0001";"NE_0001"
"2023";"04";"021306";"ANCASH";"MARISCAL LUZURIAGA";"LLUMPA";"GOBIERNO REGIONAL";"I-2";"00001789";"PUESTO DE SALUD LLUMPA";"NE_0001";"";"NE_0001";"NE_0001";"NE_0001";"NE_0001";"NE_0001";"NE_0001";"NE_0001"
"2023";"04";"120702";"JUNIN";"TARMA";"ACOBAMBA";"GOBIERNO REGIONAL";"I-4";"00000521";"ACOBAMBA";"241600";"HOSPITALIZACIÓN QUIRÚRGICA OBSTETRICIA   ";"3";"3";"4";"4";"3";"90";"0"
"2023";"04";"030601";"APURIMAC";"CHINCHEROS";"CHINCHEROS";"GOBIERNO REGIONAL";"II-1";"00004140";"HOSPITAL CHINCHEROS";"240100";"HOSPITALIZACIÓN QUIRÚRGICA CIRUGÍA GENERAL ";"14";"15";"31";"44";"7";"210";"0"
"2023";"04";"030601";"APURIMAC";"CHINCHEROS";"CHINCHEROS";"GOBIERNO REGIONAL";"II-1";"00004140";"HOSPITAL CHINCHEROS";"241500";"HOSPITALIZACIÓN QUIRÚRGICA GINECOLOGÍA  ";"1";"1";"3";"23";"4";"120";"0"
"2023";"05";"150131";"LIMA";"LIMA";"SAN ISIDRO";"PRIVADO";"II-E";"00016397";"CLINICA ESPECIALIZADA EN CIRUGIA PLASTICA - DR. LUIS VIZCARRA / CIRUESTHETIC";"240800";"HOSPITALIZACIÓN QUIRÚRGICA CIRUGÍA PLÁSTICA/RECONSTRUCTIVA/ REPARADORA ";"5";"5";"0";"1";"2";"40";"0"
"2023";"04";"030601";"APURIMAC";"CHINCHEROS";"CHINCHEROS";"GOBIERNO REGIONAL";"II-1";"00004140";"HOSPITAL CHINCHEROS";"241800";"HOSPITALIZACIÓN DE MEDICINA MEDICINA GENERAL ";"12";"14";"55";"72";"23";"690";"0"
"2023";"04";"030601";"APURIMAC";"CHINCHEROS";"CHINCHEROS";"GOBIERNO REGIONAL";"II-1";"00004140";"HOSPITAL CHINCHEROS";"241600";"HOSPITALIZACIÓN QUIRÚRGICA OBSTETRICIA   ";"24";"28";"82";"120";"8";"240";"0"
"2023";"04";"030601";"APURIMAC";"CHINCHEROS";"CHINCHEROS";"GOBIERNO REGIONAL";"II-1";"00004140";"HOSPITAL CHINCHEROS";"242500";"HOSPITALIZACIÓN-PEDIATRÍA GENERAL-";"3";"3";"9";"9";"3";"90";"0"
"2023";"04";"030601";"APURIMAC";"CHINCHEROS";"CHINCHEROS";"GOBIERNO REGIONAL";"II-1";"00004140";"HOSPITAL CHINCHEROS";"243200";"HOSPITALIZACIÓN DE PEDIATRÍA PEDIATRIA NEONATOLOGÍA";"1";"1";"1";"4";"2";"60";"0"
"2023";"04";"030601";"APURIMAC";"CHINCHEROS";"CHINCHEROS";"GOBIERNO REGIONAL";"II-1";"00004140";"HOSPITAL CHINCHEROS";"242200";"HOSPITALIZACIÓN DE MEDICINA PSIQUIATRÍA ";"1";"3";"42";"51";"4";"120";"0"
"2023";"04";"150122";"LIMA";"LIMA";"MIRAFLORES";"MINSA";"III-E";"00006213";"HOSPITAL DE EMERGENCIAS JOSE CASIMIRO ULLOA";"240100";"HOSPITALIZACIÓN QUIRÚRGICA CIRUGÍA GENERAL ";"112";"127";"416";"455";"26";"780";"0"
"2023";"04";"150122";"LIMA";"LIMA";"MIRAFLORES";"MINSA";"III-E";"00006213";"HOSPITAL DE EMERGENCIAS JOSE CASIMIRO ULLOA";"241800";"HOSPITALIZACIÓN DE MEDICINA MEDICINA GENERAL ";"114";"159";"1242";"486";"20";"600";"18"
"2023";"04";"150122";"LIMA";"LIMA";"MIRAFLORES";"MINSA";"III-E";"00006213";"HOSPITAL DE EMERGENCIAS JOSE CASIMIRO ULLOA";"240900";"HOSPITALIZACIÓN QUIRÚRGICA NEUROCIRUGÍA ";"9";"14";"161";"211";"11";"320";"0"
"2023";"04";"150122";"LIMA";"LIMA";"MIRAFLORES";"MINSA";"III-E";"00006213";"HOSPITAL DE EMERGENCIAS JOSE CASIMIRO ULLOA";"241200";"HOSPITALIZACIÓN QUIRÚRGICA TRAUMATOLOGÍA Y ORTOPEDIA ";"32";"42";"411";"322";"14";"420";"0"
"2023";"04";"150122";"LIMA";"LIMA";"MIRAFLORES";"MINSA";"III-E";"00006213";"HOSPITAL DE EMERGENCIAS JOSE CASIMIRO ULLOA";"250000";"UNIDAD DE CUIDADOS CRITICOS  ";"19";"24";"204";"238";"10";"300";"0"
"2023";"04";"150122";"LIMA";"LIMA";"MIRAFLORES";"MINSA";"III-E";"00006213";"HOSPITAL DE EMERGENCIAS JOSE CASIMIRO ULLOA";"250103";"UNIDAD DE CUIDADOS CRITICOS UNIDAD  DE CUIDADOS INTENSIVOS GENERALES  (UCI) MEDICINA";"3";"3";"30";"158";"6";"180";"0"
"2023";"04";"150122";"LIMA";"LIMA";"MIRAFLORES";"MINSA";"III-E";"00006213";"HOSPITAL DE EMERGENCIAS JOSE CASIMIRO ULLOA";"250500";"HOSPIT. EN UNIDAD DE CUID.INTEN.-UNIDAD DE TRAUMA SHOCK-";"31";"31";"70";"67";"4";"120";"0"
"2023";"05";"060101";"CAJAMARCA";"CAJAMARCA";"CAJAMARCA";"PRIVADO";"I-3";"00010487";"MARIA BELEN SRL";"NE_0001";"";"NE_0001";"NE_0001";"NE_0001";"NE_0001";"NE_0001";"NE_0001";"NE_0001"
"2023";"05";"210301";"PUNO";"CARABAYA";"MACUSANI";"GOBIERNO REGIONAL";"I-3";"00002974";"METROPOLITANO MACUSANI";"240100";"HOSPITALIZACIÓN QUIRÚRGICA CIRUGÍA GENERAL ";"48";"55";"169";"244";"10";"310";"0"
"2023";"05";"210301";"PUNO";"CARABAYA";"MACUSANI";"GOBIERNO REGIONAL";"I-3";"00002974";"METROPOLITANO MACUSANI";"241500";"HOSPITALIZACIÓN QUIRÚRGICA GINECOLOGÍA  ";"14";"16";"29";"45";"4";"124";"0"
"2023";"05";"210301";"PUNO";"CARABAYA";"MACUSANI";"GOBIERNO REGIONAL";"I-3";"00002974";"METROPOLITANO MACUSANI";"241600";"HOSPITALIZACIÓN QUIRÚRGICA OBSTETRICIA   ";"62";"66";"179";"245";"11";"341";"0"
"2023";"05";"210301";"PUNO";"CARABAYA";"MACUSANI";"GOBIERNO REGIONAL";"I-3";"00002974";"METROPOLITANO MACUSANI";"241900";"HOSPITALIZACIÓN DE MEDICINA MEDICINA INTERNA ";"44";"47";"166";"213";"9";"279";"1"
"2023";"05";"210301";"PUNO";"CARABAYA";"MACUSANI";"GOBIERNO REGIONAL";"I-3";"00002974";"METROPOLITANO MACUSANI";"242500";"HOSPITALIZACIÓN-PEDIATRÍA GENERAL-";"21";"28";"114";"4";"4";"124";"0"
"2023";"05";"210301";"PUNO";"CARABAYA";"MACUSANI";"GOBIERNO REGIONAL";"I-3";"00002974";"METROPOLITANO MACUSANI";"243200";"HOSPITALIZACIÓN DE PEDIATRÍA PEDIATRIA NEONATOLOGÍA";"15";"16";"81";"4";"4";"124";"0"
"2023";"05";"060615";"CAJAMARCA";"CUTERVO";"TORIBIO CASANOVA";"GOBIERNO REGIONAL";"I-1";"00005017";"PERLAMAYO";"NE_0001";"";"NE_0001";"NE_0001";"NE_0001";"NE_0001";"NE_0001";"NE_0001";"NE_0001"
"2023";"05";"060615";"CAJAMARCA";"CUTERVO";"TORIBIO CASANOVA";"GOBIERNO REGIONAL";"I-3";"00005019";"LA SACILIA";"NE_0001";"";"NE_0001";"NE_0001";"NE_0001";"NE_0001";"NE_0001";"NE_0001";"NE_0001"
"2023";"05";"060604";"CAJAMARCA";"CUTERVO";"CUJILLO";"GOBIERNO REGIONAL";"I-3";"00004974";"CUJILLO";"NE_0001";"";"NE_0001";"NE_0001";"NE_0001";"NE_0001";"NE_0001";"NE_0001";"NE_0001"
"2023";"05";"060604";"CAJAMARCA";"CUTERVO";"CUJILLO";"GOBIERNO REGIONAL";"I-1";"00006959";"CUNUAT";"NE_0001";"";"NE_0001";"NE_0001";"NE_0001";"NE_0001";"NE_0001";"NE_0001";"NE_0001"
"2023";"05";"060603";"CAJAMARCA";"CUTERVO";"CHOROS";"GOBIERNO REGIONAL";"I-1";"00007698";"SAN PEDRO DE CHOROS";"NE_0001";"";"NE_0001";"NE_0001";"NE_0001";"NE_0001";"NE_0001";"NE_0001";"NE_0001"
"2023";"05";"060603";"CAJAMARCA";"CUTERVO";"CHOROS";"GOBIERNO REGIONAL";"I-1";"00004972";"MESARRUME";"NE_0001";"";"NE_0001";"NE_0001";"NE_0001";"NE_0001";"NE_0001";"NE_0001";"NE_0001"
"2023";"05";"060603";"CAJAMARCA";"CUTERVO";"CHOROS";"GOBIERNO REGIONAL";"I-3";"00004971";"CHOROS";"NE_0001";"";"NE_0001";"NE_0001";"NE_0001";"NE_0001";"NE_0001";"NE_0001";"NE_0001"
"2023";"05";"060604";"CAJAMARCA";"CUTERVO";"CUJILLO";"GOBIERNO REGIONAL";"I-1";"00004975";"YUNCHACO";"NE_0001";"";"NE_0001";"NE_0001";"NE_0001";"NE_0001";"NE_0001";"NE_0001";"NE_0001"
"2023";"05";"060613";"CAJAMARCA";"CUTERVO";"SANTO TOMAS";"GOBIERNO REGIONAL";"I-1";"00004976";"MALLETA";"NE_0001";"";"NE_0001";"NE_0001";"NE_0001";"NE_0001";"NE_0001";"NE_0001";"NE_0001"
"2023";"05";"120906";"JUNIN";"CHUPACA";"SAN JUAN DE YSCOS";"GOBIERNO REGIONAL";"I-1";"00000658";"TINYARI GRANDE";"NE_0001";"";"NE_0001";"NE_0001";"NE_0001";"NE_0001";"NE_0001";"NE_0001";"NE_0001"
"2023";"05";"120905";"JUNIN";"CHUPACA";"HUAMANCACA CHICO";"GOBIERNO REGIONAL";"I-2";"00000655";"HUAMANCACA CHICO";"NE_0001";"";"NE_0001";"NE_0001";"NE_0001";"NE_0001";"NE_0001";"NE_0001";"NE_0001"
"2023";"05";"120906";"JUNIN";"CHUPACA";"SAN JUAN DE YSCOS";"GOBIERNO REGIONAL";"I-1";"00000657";"TINYARI CHICO";"NE_0001";"";"NE_0001";"NE_0001";"NE_0001";"NE_0001";"NE_0001";"NE_0001";"NE_0001"
"2023";"07";"060801";"CAJAMARCA";"JAEN";"JAEN";"GOBIERNO REGIONAL";"I-1";"00024719";"LA VIRGINIA";"NE_0001";"";"NE_0001";"NE_0001";"NE_0001";"NE_0001";"NE_0001";"NE_0001";"NE_0001"
"2023";"07";"060801";"CAJAMARCA";"JAEN";"JAEN";"GOBIERNO REGIONAL";"I-1";"00004222";"ALTO VISTA ALEGRE";"NE_0001";"";"NE_0001";"NE_0001";"NE_0001";"NE_0001";"NE_0001";"NE_0001";"NE_0001"
"2023";"07";"060801";"CAJAMARCA";"JAEN";"JAEN";"GOBIERNO REGIONAL";"I-1";"00006994";"LOMA SANTA";"NE_0001";"";"NE_0001";"NE_0001";"NE_0001";"NE_0001";"NE_0001";"NE_0001";"NE_0001"
"2023";"07";"060801";"CAJAMARCA";"JAEN";"JAEN";"GOBIERNO REGIONAL";"I-3";"00025526";"LOS SAUCES";"NE_0001";"";"NE_0001";"NE_0001";"NE_0001";"NE_0001";"NE_0001";"NE_0001";"NE_0001"
"2023";"07";"060801";"CAJAMARCA";"JAEN";"JAEN";"GOBIERNO REGIONAL";"I-3";"00004212";"MAGLLANAL";"NE_0001";"";"NE_0001";"NE_0001";"NE_0001";"NE_0001";"NE_0001";"NE_0001";"NE_0001"
"2023";"07";"060801";"CAJAMARCA";"JAEN";"JAEN";"GOBIERNO REGIONAL";"I-1";"00016137";"RINCONADA LAJEÑA";"NE_0001";"";"NE_0001";"NE_0001";"NE_0001";"NE_0001";"NE_0001";"NE_0001";"NE_0001"
"2023";"07";"060801";"CAJAMARCA";"JAEN";"JAEN";"GOBIERNO REGIONAL";"I-1";"00015392";"SAN JOSE DE LA ALIANZA";"NE_0001";"";"NE_0001";"NE_0001";"NE_0001";"NE_0001";"NE_0001";"NE_0001";"NE_0001"
"2023";"07";"021901";"ANCASH";"SIHUAS";"SIHUAS";"ESSALUD";"I-3";"00009203";"CENTRO MEDICO SIHUAS";"NE_0001";"";"NE_0001";"NE_0001";"NE_0001";"NE_0001";"NE_0001";"NE_0001";"NE_0001"
"2023";"07";"040504";"AREQUIPA";"CAYLLOMA";"CALLALLI";"GOBIERNO REGIONAL";"I-2";"00001437";"PUESTO DE SALUD CHALHUANCA";"NE_0001";"";"NE_0001";"NE_0001";"NE_0001";"NE_0001";"NE_0001";"NE_0001";"NE_0001"
"2023";"07";"040517";"AREQUIPA";"CAYLLOMA";"TISCO";"GOBIERNO REGIONAL";"I-2";"00006891";"PUESTO DE SALUD TARUCAMARCA";"NE_0001";"";"NE_0001";"NE_0001";"NE_0001";"NE_0001";"NE_0001";"NE_0001";"NE_0001"
"2023";"07";"040515";"AREQUIPA";"CAYLLOMA";"SIBAYO";"GOBIERNO REGIONAL";"I-2";"00001435";"PUESTO DE SALUD SANTA ROSA DE SIBAYO";"NE_0001";"";"NE_0001";"NE_0001";"NE_0001";"NE_0001";"NE_0001";"NE_0001";"NE_0001"
"2023";"07";"040518";"AREQUIPA";"CAYLLOMA";"TUTI";"GOBIERNO REGIONAL";"I-2";"00001436";"PUESTO DE SALUD TUTI";"NE_0001";"";"NE_0001";"NE_0001";"NE_0001";"NE_0001";"NE_0001";"NE_0001";"NE_0001"
"2023";"07";"040517";"AREQUIPA";"CAYLLOMA";"TISCO";"GOBIERNO REGIONAL";"I-2";"00001438";"PUESTO DE SALUD TISCO";"NE_0001";"";"NE_0001";"NE_0001";"NE_0001";"NE_0001";"NE_0001";"NE_0001";"NE_0001"
"2023";"07";"040517";"AREQUIPA";"CAYLLOMA";"TISCO";"GOBIERNO REGIONAL";"I-2";"00001431";"PUESTO DE SALUD COTACOTA";"NE_0001";"";"NE_0001";"NE_0001";"NE_0001";"NE_0001";"NE_0001";"NE_0001";"NE_0001"
"2023";"07";"040504";"AREQUIPA";"CAYLLOMA";"CALLALLI";"GOBIERNO REGIONAL";"I-3";"00001421";"CENTRO DE SALUD CALLALLI";"NE_0001";"";"NE_0001";"NE_0001";"NE_0001";"NE_0001";"NE_0001";"NE_0001";"NE_0001"
"2023";"07";"040501";"AREQUIPA";"CAYLLOMA";"CHIVAY";"GOBIERNO REGIONAL";"I-4";"00001419";"CENTRO DE SALUD CHIVAY";"NE_0002";"";"NE_0002";"NE_0002";"NE_0002";"NE_0002";"NE_0002";"NE_0002";"NE_0002"
"2023";"07";"040501";"AREQUIPA";"CAYLLOMA";"CHIVAY";"GOBIERNO REGIONAL";"I-1";"00001423";"PUESTO DE SALUD CANOCOTA";"NE_0001";"";"NE_0001";"NE_0001";"NE_0001";"NE_0001";"NE_0001";"NE_0001";"NE_0001"
"2023";"07";"040509";"AREQUIPA";"CAYLLOMA";"ICHUPAMPA";"GOBIERNO REGIONAL";"I-2";"00001425";"PUESTO DE SALUD ICHUPAMPA";"NE_0001";"";"NE_0001";"NE_0001";"NE_0001";"NE_0001";"NE_0001";"NE_0001";"NE_0001"
"2023";"07";"040519";"AREQUIPA";"CAYLLOMA";"YANQUE";"GOBIERNO REGIONAL";"I-2";"00001428";"PUESTO DE SALUD YANQUE";"NE_0001";"";"NE_0001";"NE_0001";"NE_0001";"NE_0001";"NE_0001";"NE_0001";"NE_0001"
"2023";"07";"040506";"AREQUIPA";"CAYLLOMA";"COPORAQUE";"GOBIERNO REGIONAL";"I-2";"00001424";"PUESTO DE SALUD COPORAQUE";"NE_0001";"";"NE_0001";"NE_0001";"NE_0001";"NE_0001";"NE_0001";"NE_0001";"NE_0001"
"2023";"07";"040510";"AREQUIPA";"CAYLLOMA";"LARI";"GOBIERNO REGIONAL";"I-2";"00001426";"PUESTO DE SALUD LARI";"NE_0001";"";"NE_0001";"NE_0001";"NE_0001";"NE_0001";"NE_0001";"NE_0001";"NE_0001"
"2023";"07";"060608";"CAJAMARCA";"CUTERVO";"SAN ANDRES DE CUTERVO";"GOBIERNO REGIONAL";"I-1";"00006868";"ILLUGAN";"NE_0001";"";"NE_0001";"NE_0001";"NE_0001";"NE_0001";"NE_0001";"NE_0001";"NE_0001"
"2023";"07";"060608";"CAJAMARCA";"CUTERVO";"SAN ANDRES DE CUTERVO";"GOBIERNO REGIONAL";"I-1";"00005036";"QUILLUGAY";"NE_0001";"";"NE_0001";"NE_0001";"NE_0001";"NE_0001";"NE_0001";"NE_0001";"NE_0001"
"2023";"07";"060608";"CAJAMARCA";"CUTERVO";"SAN ANDRES DE CUTERVO";"GOBIERNO REGIONAL";"I-1";"00006940";"PAJONAL";"NE_0001";"";"NE_0001";"NE_0001";"NE_0001";"NE_0001";"NE_0001";"NE_0001";"NE_0001"
"2023";"07";"060608";"CAJAMARCA";"CUTERVO";"SAN ANDRES DE CUTERVO";"GOBIERNO REGIONAL";"I-3";"00005034";"SAN ANDRES";"NE_0001";"";"NE_0001";"NE_0001";"NE_0001";"NE_0001";"NE_0001";"NE_0001";"NE_0001"
"2023";"07";"060608";"CAJAMARCA";"CUTERVO";"SAN ANDRES DE CUTERVO";"GOBIERNO REGIONAL";"I-1";"00005035";"LA FLOR";"NE_0001";"";"NE_0001";"NE_0001";"NE_0001";"NE_0001";"NE_0001";"NE_0001";"NE_0001"
"2023";"06";"250105";"UCAYALI";"CORONEL PORTILLO";"YARINACOCHA";"GOBIERNO REGIONAL";"I-1";"00013264";"SANIDAD AEREA";"NE_0001";"";"NE_0001";"NE_0001";"NE_0001";"NE_0001";"NE_0001";"NE_0001";"NE_0001"
"2023";"06";"250101";"UCAYALI";"CORONEL PORTILLO";"CALLERIA";"GOBIERNO REGIONAL";"I-3";"00005569";"CLAS TUPAC AMARU";"NE_0001";"";"NE_0001";"NE_0001";"NE_0001";"NE_0001";"NE_0001";"NE_0001";"NE_0001"
"2023";"06";"250101";"UCAYALI";"CORONEL PORTILLO";"CALLERIA";"GOBIERNO REGIONAL";"I-3";"00005567";"JOSE OLAYA";"NE_0001";"";"NE_0001";"NE_0001";"NE_0001";"NE_0001";"NE_0001";"NE_0001";"NE_0001"
"2023";"07";"090301";"HUANCAVELICA";"ANGARAES";"LIRCAY";"GOBIERNO REGIONAL";"I-1";"00007384";"SAN JUAN DE AHUAY";"NE_0001";"";"NE_0001";"NE_0001";"NE_0001";"NE_0001";"NE_0001";"NE_0001";"NE_0001"
"2023";"07";"090301";"HUANCAVELICA";"ANGARAES";"LIRCAY";"GOBIERNO REGIONAL";"I-2";"00007385";"SAN JUAN DE DIOS DE CCOLLPAPAMPA";"NE_0001";"";"NE_0001";"NE_0001";"NE_0001";"NE_0001";"NE_0001";"NE_0001";"NE_0001"
"2023";"07";"090311";"HUANCAVELICA";"ANGARAES";"SANTO TOMAS DE PATA";"GOBIERNO REGIONAL";"I-1";"00011768";"CUTICSA";"NE_0001";"";"NE_0001";"NE_0001";"NE_0001";"NE_0001";"NE_0001";"NE_0001";"NE_0001"
"2023";"07";"090302";"HUANCAVELICA";"ANGARAES";"ANCHONGA";"GOBIERNO REGIONAL";"I-2";"00003960";"TUCO";"NE_0001";"";"NE_0001";"NE_0001";"NE_0001";"NE_0001";"NE_0001";"NE_0001";"NE_0001"
"2023";"07";"090309";"HUANCAVELICA";"ANGARAES";"JULCAMARCA";"GOBIERNO REGIONAL";"I-3";"00003962";"JULCAMARCA";"NE_0002";"";"NE_0002";"NE_0002";"NE_0002";"NE_0002";"NE_0002";"NE_0002";"NE_0002"
"2023";"07";"090310";"HUANCAVELICA";"ANGARAES";"SAN ANTONIO DE ANTAPARCO";"GOBIERNO REGIONAL";"I-1";"00003965";"SAN ANTONIO DE ANTAPARCO";"NE_0001";"";"NE_0001";"NE_0001";"NE_0001";"NE_0001";"NE_0001";"NE_0001";"NE_0001"
"2023";"07";"090312";"HUANCAVELICA";"ANGARAES";"SECCLLA";"GOBIERNO REGIONAL";"I-3";"00003969";"SECCLLA";"240000";"HOSPITALIZACIÓN";"3";"3";"6";"6";"4";"12";"0"
"2023";"07";"090312";"HUANCAVELICA";"ANGARAES";"SECCLLA";"GOBIERNO REGIONAL";"I-1";"00003971";"TRANCA";"NE_0001";"";"NE_0001";"NE_0001";"NE_0001";"NE_0001";"NE_0001";"NE_0001";"NE_0001"
"2023";"07";"090302";"HUANCAVELICA";"ANGARAES";"ANCHONGA";"GOBIERNO REGIONAL";"I-3";"00006901";"BUENOS AIRES DE PARCO CHACAPUNCU";"NE_0001";"";"NE_0001";"NE_0001";"NE_0001";"NE_0001";"NE_0001";"NE_0001";"NE_0001"
"2023";"07";"090304";"HUANCAVELICA";"ANGARAES";"CCOCHACCASA";"GOBIERNO REGIONAL";"I-1";"00003956";"SAN PEDRO DE MIMOSA";"NE_0001";"";"NE_0001";"NE_0001";"NE_0001";"NE_0001";"NE_0001";"NE_0001";"NE_0001"
"2023";"07";"090301";"HUANCAVELICA";"ANGARAES";"LIRCAY";"GOBIERNO REGIONAL";"I-1";"00007290";"PERCAPAMPA";"NE_0001";"";"NE_0001";"NE_0001";"NE_0001";"NE_0001";"NE_0001";"NE_0001";"NE_0001"
"2023";"07";"090301";"HUANCAVELICA";"ANGARAES";"LIRCAY";"GOBIERNO REGIONAL";"I-1";"00007373";"SOCCLLABAMBA";"NE_0001";"";"NE_0001";"NE_0001";"NE_0001";"NE_0001";"NE_0001";"NE_0001";"NE_0001"
"2023";"07";"090305";"HUANCAVELICA";"ANGARAES";"CHINCHO";"GOBIERNO REGIONAL";"I-1";"00011787";"LLAMOCCTACHI";"NE_0001";"";"NE_0001";"NE_0001";"NE_0001";"NE_0001";"NE_0001";"NE_0001";"NE_0001"
"2023";"05";"180101";"MOQUEGUA";"MARISCAL NIETO";"MOQUEGUA";"ESSALUD";"II-1";"00016157";"HOSPITAL II MOQUEGUA";"241800";"HOSPITALIZACIÓN DE MEDICINA MEDICINA GENERAL ";"27";"27";"418";"250";"10";"310";"6"
"2023";"05";"180101";"MOQUEGUA";"MARISCAL NIETO";"MOQUEGUA";"ESSALUD";"II-1";"00016157";"HOSPITAL II MOQUEGUA";"240100";"HOSPITALIZACIÓN QUIRÚRGICA CIRUGÍA GENERAL ";"53";"55";"396";"295";"18";"558";"0"
"2023";"05";"180101";"MOQUEGUA";"MARISCAL NIETO";"MOQUEGUA";"ESSALUD";"II-1";"00016157";"HOSPITAL II MOQUEGUA";"241500";"HOSPITALIZACIÓN QUIRÚRGICA GINECOLOGÍA  ";"13";"10";"26";"24";"2";"62";"0"
"2023";"05";"180101";"MOQUEGUA";"MARISCAL NIETO";"MOQUEGUA";"ESSALUD";"II-1";"00016157";"HOSPITAL II MOQUEGUA";"241600";"HOSPITALIZACIÓN QUIRÚRGICA OBSTETRICIA   ";"54";"50";"109";"113";"6";"186";"0"
"2023";"05";"180101";"MOQUEGUA";"MARISCAL NIETO";"MOQUEGUA";"ESSALUD";"II-1";"00016157";"HOSPITAL II MOQUEGUA";"242300";"HOSPITALIZACIÓN DE PEDIATRÍA  PEDIATRÍA  GENERAL ";"48";"47";"133";"138";"5";"155";"1"
"2023";"05";"180101";"MOQUEGUA";"MARISCAL NIETO";"MOQUEGUA";"ESSALUD";"II-1";"00016157";"HOSPITAL II MOQUEGUA";"250304";"HOSPIT. EN UNIDAD DE CUID.INTEN.-UNIDAD DE VIGILANCIA INTENSIVA (UVI)-MEDICINA";"3";"3";"30";"98";"4";"124";"1"
"2023";"05";"200101";"PIURA";"PIURA";"PIURA";"ESSALUD";"I-3";"00012235";"CENTRO DE ATENCIÓN PRIMARIA CAP III METROPOLITANO- ESSALUD";"NE_0001";"";"NE_0001";"NE_0001";"NE_0001";"NE_0001";"NE_0001";"NE_0001";"NE_0001"
"2023";"05";"060801";"CAJAMARCA";"JAEN";"JAEN";"ESSALUD";"II-1";"00010136";"HOSPITAL II-1 CLINICA JAEN";"241800";"HOSPITALIZACIÓN DE MEDICINA MEDICINA GENERAL ";"100";"83";"197";"286";"12";"340";"0"
"2023";"05";"060801";"CAJAMARCA";"JAEN";"JAEN";"ESSALUD";"II-1";"00010136";"HOSPITAL II-1 CLINICA JAEN";"240100";"HOSPITALIZACIÓN QUIRÚRGICA CIRUGÍA GENERAL ";"65";"50";"199";"193";"8";"286";"0"
"2023";"05";"060801";"CAJAMARCA";"JAEN";"JAEN";"ESSALUD";"II-1";"00010136";"HOSPITAL II-1 CLINICA JAEN";"241400";"HOSPITALIZACIÓN QUIRÚRGICA GINECO - OBSTETRICIA ";"84";"53";"114";"78";"6";"112";"0"
"2023";"05";"060801";"CAJAMARCA";"JAEN";"JAEN";"ESSALUD";"II-1";"00010136";"HOSPITAL II-1 CLINICA JAEN";"242300";"HOSPITALIZACIÓN DE PEDIATRÍA  PEDIATRÍA  GENERAL ";"79";"112";"283";"222";"7";"291";"0"
"2023";"05";"130111";"LA LIBERTAD";"TRUJILLO";"VICTOR LARCO HERRERA";"GOBIERNO REGIONAL";"II-1";"00005243";"HOSPITAL DISTRITAL VISTA ALEGRE";"241400";"HOSPITALIZACIÓN QUIRÚRGICA GINECO - OBSTETRICIA ";"37";"35";"76";"76";"8";"248";"0"
"2023";"07";"120702";"JUNIN";"TARMA";"ACOBAMBA";"GOBIERNO REGIONAL";"I-1";"00000526";"COLLPA";"NE_0001";"";"NE_0001";"NE_0001";"NE_0001";"NE_0001";"NE_0001";"NE_0001";"NE_0001"
"2023";"07";"120702";"JUNIN";"TARMA";"ACOBAMBA";"GOBIERNO REGIONAL";"I-1";"00000525";"HUAYLAHUICHAN";"NE_0001";"";"NE_0001";"NE_0001";"NE_0001";"NE_0001";"NE_0001";"NE_0001";"NE_0001"
"2023";"07";"040108";"AREQUIPA";"AREQUIPA";"LA JOYA";"GOBIERNO REGIONAL";"I-1";"00001328";"PUESTO DE SALUD LOS MEDANOS";"NE_0001";"";"NE_0001";"NE_0001";"NE_0001";"NE_0001";"NE_0001";"NE_0001";"NE_0001"
"2023";"07";"040108";"AREQUIPA";"AREQUIPA";"LA JOYA";"GOBIERNO REGIONAL";"I-1";"00001329";"PUESTO DE SALUD BENITO LAZO";"NE_0001";"";"NE_0001";"NE_0001";"NE_0001";"NE_0001";"NE_0001";"NE_0001";"NE_0001"
"2023";"07";"080914";"CUSCO";"LA CONVENCION";"MEGANTONI";"GOBIERNO REGIONAL";"I-1";"00002444";"SENSA";"NE_0001";"";"NE_0001";"NE_0001";"NE_0001";"NE_0001";"NE_0001";"NE_0001";"NE_0001"
"2023";"07";"110108";"ICA";"ICA";"SALAS";"GOBIERNO REGIONAL";"I-3";"00003363";"GUADALUPE";"NE_0001";"";"NE_0001";"NE_0001";"NE_0001";"NE_0001";"NE_0001";"NE_0001";"NE_0001"
"2023";"07";"110112";"ICA";"ICA";"SUBTANJALLA";"GOBIERNO REGIONAL";"I-3";"00003362";"SUBTANJALLA";"NE_0001";"";"NE_0001";"NE_0001";"NE_0001";"NE_0001";"NE_0001";"NE_0001";"NE_0001"
"2023";"07";"110108";"ICA";"ICA";"SALAS";"GOBIERNO REGIONAL";"I-2";"00003384";"PAMPA DE VILLACURI";"NE_0001";"";"NE_0001";"NE_0001";"NE_0001";"NE_0001";"NE_0001";"NE_0001";"NE_0001"
"2023";"07";"110112";"ICA";"ICA";"SUBTANJALLA";"GOBIERNO REGIONAL";"I-3";"00003378";"LA ANGOSTURA";"NE_0001";"";"NE_0001";"NE_0001";"NE_0001";"NE_0001";"NE_0001";"NE_0001";"NE_0001"
"2023";"06";"240201";"TUMBES";"CONTRALMIRANTE VILLAR";"ZORRITOS";"ESSALUD";"I-2";"00012273";"POSTA MEDICA ZORRITOS";"NE_0001";"";"NE_0001";"NE_0001";"NE_0001";"NE_0001";"NE_0001";"NE_0001";"NE_0001"
"2023";"07";"110112";"ICA";"ICA";"SUBTANJALLA";"GOBIERNO REGIONAL";"I-2";"00003380";"YANQUIZA";"NE_0001";"";"NE_0001";"NE_0001";"NE_0001";"NE_0001";"NE_0001";"NE_0001";"NE_0001"
"2023";"07";"110108";"ICA";"ICA";"SALAS";"GOBIERNO REGIONAL";"I-2";"00003382";"COLLAZOS";"NE_0001";"";"NE_0001";"NE_0001";"NE_0001";"NE_0001";"NE_0001";"NE_0001";"NE_0001"
"2023";"07";"110112";"ICA";"ICA";"SUBTANJALLA";"GOBIERNO REGIONAL";"I-2";"00003379";"ARRABALES";"NE_0001";"";"NE_0001";"NE_0001";"NE_0001";"NE_0001";"NE_0001";"NE_0001";"NE_0001"
"2023";"07";"110108";"ICA";"ICA";"SALAS";"GOBIERNO REGIONAL";"I-2";"00003383";"CERRO PRIETO";"NE_0001";"";"NE_0001";"NE_0001";"NE_0001";"NE_0001";"NE_0001";"NE_0001";"NE_0001"
"2023";"08";"080910";"CUSCO";"LA CONVENCION";"PICHARI";"SANIDAD DE LA POLICIA NACIONAL DEL PERU";"I-2";"00027230";"MEDICA POLICIAL PICHARI";"NE_0001";"";"NE_0001";"NE_0001";"NE_0001";"NE_0001";"NE_0001";"NE_0001";"NE_0001"
"2023";"07";"240103";"TUMBES";"TUMBES";"LA CRUZ";"ESSALUD";"I-2";"00012274";"POSTA MEDICA LA CRUZ";"NE_0001";"";"NE_0001";"NE_0001";"NE_0001";"NE_0001";"NE_0001";"NE_0001";"NE_0001"
"2023";"08";"021809";"ANCASH";"SANTA";"NUEVO CHIMBOTE";"GOBIERNO REGIONAL";"I-2";"00001705";"PUESTO DE SALUD 3 DE OCTUBRE";"NE_0001";"";"NE_0001";"NE_0001";"NE_0001";"NE_0001";"NE_0001";"NE_0001";"NE_0001"
"2023";"08";"021802";"ANCASH";"SANTA";"CACERES DEL PERU";"GOBIERNO REGIONAL";"I-1";"00001709";"PUESTO DE SALUD LAMPANIN";"NE_0001";"";"NE_0001";"NE_0001";"NE_0001";"NE_0001";"NE_0001";"NE_0001";"NE_0001"
"2023";"08";"021806";"ANCASH";"SANTA";"NEPEÑA";"GOBIERNO REGIONAL";"I-3";"00001714";"CENTRO DE SALUD NEPEÑA";"NE_0001";"";"NE_0001";"NE_0001";"NE_0001";"NE_0001";"NE_0001";"NE_0001";"NE_0001"
"2023";"08";"021805";"ANCASH";"SANTA";"MORO";"GOBIERNO REGIONAL";"I-1";"00001717";"PUESTO DE SALUD POCOS";"NE_0001";"";"NE_0001";"NE_0001";"NE_0001";"NE_0001";"NE_0001";"NE_0001";"NE_0001"
"2023";"08";"020802";"ANCASH";"CASMA";"BUENA VISTA ALTA";"GOBIERNO REGIONAL";"I-2";"00001724";"PUESTO DE SALUD HUANCHUY";"NE_0001";"";"NE_0001";"NE_0001";"NE_0001";"NE_0001";"NE_0001";"NE_0001";"NE_0001"
"2023";"08";"020804";"ANCASH";"CASMA";"YAUTAN";"GOBIERNO REGIONAL";"I-4";"00001728";"CENTRO DE SALUD YAUTAN";"NE_0001";"";"NE_0001";"NE_0001";"NE_0001";"NE_0001";"NE_0001";"NE_0001";"NE_0001"
"2023";"08";"021103";"ANCASH";"HUARMEY";"CULEBRAS";"GOBIERNO REGIONAL";"I-1";"00001745";"PUESTO DE SALUD MOLINO";"NE_0001";"";"NE_0001";"NE_0001";"NE_0001";"NE_0001";"NE_0001";"NE_0001";"NE_0001"
"2023";"08";"021104";"ANCASH";"HUARMEY";"HUAYAN";"GOBIERNO REGIONAL";"I-2";"00001752";"PUESTO DE SALUD HUAYAN";"NE_0001";"";"NE_0001";"NE_0001";"NE_0001";"NE_0001";"NE_0001";"NE_0001";"NE_0001"
"2023";"08";"020102";"ANCASH";"HUARAZ";"COCHABAMBA";"GOBIERNO REGIONAL";"I-1";"00001731";"PUESTO DE SALUD CHIPRE";"NE_0001";"";"NE_0001";"NE_0001";"NE_0001";"NE_0001";"NE_0001";"NE_0001";"NE_0001"
"2023";"08";"020103";"ANCASH";"HUARAZ";"COLCABAMBA";"GOBIERNO REGIONAL";"I-1";"00001733";"COLCABAMBA";"NE_0001";"";"NE_0001";"NE_0001";"NE_0001";"NE_0001";"NE_0001";"NE_0001";"NE_0001"
"2023";"08";"021101";"ANCASH";"HUARMEY";"HUARMEY";"GOBIERNO REGIONAL";"I-3";"00001744";"CENTRO DE SALUD LA VICTORIA";"NE_0001";"";"NE_0001";"NE_0001";"NE_0001";"NE_0001";"NE_0001";"NE_0001";"NE_0001"
"2023";"08";"020802";"ANCASH";"CASMA";"BUENA VISTA ALTA";"GOBIERNO REGIONAL";"I-3";"00001723";"CENTRO DE SALUD BUENAVISTA";"NE_0001";"";"NE_0001";"NE_0001";"NE_0001";"NE_0001";"NE_0001";"NE_0001";"NE_0001"
"2023";"08";"020803";"ANCASH";"CASMA";"COMANDANTE NOEL";"GOBIERNO REGIONAL";"I-1";"00001726";"PUESTO DE SALUD COMANDANTE NOEL";"NE_0001";"";"NE_0001";"NE_0001";"NE_0001";"NE_0001";"NE_0001";"NE_0001";"NE_0001"
"2023";"08";"020110";"ANCASH";"HUARAZ";"PARIACOTO";"GOBIERNO REGIONAL";"I-1";"00001735";"PUESTO DE SALUD FORTALEZA";"NE_0001";"";"NE_0001";"NE_0001";"NE_0001";"NE_0001";"NE_0001";"NE_0001";"NE_0001"
"2023";"08";"021105";"ANCASH";"HUARMEY";"MALVAS";"GOBIERNO REGIONAL";"I-1";"00001801";"PUESTO DE SALUD SAN MIGUEL";"NE_0001";"";"NE_0001";"NE_0001";"NE_0001";"NE_0001";"NE_0001";"NE_0001";"NE_0001"
"2023";"08";"021809";"ANCASH";"SANTA";"NUEVO CHIMBOTE";"GOBIERNO REGIONAL";"I-2";"00001707";"PUESTO DE SALUD SATELITE";"NE_0001";"";"NE_0001";"NE_0001";"NE_0001";"NE_0001";"NE_0001";"NE_0001";"NE_0001"
"2023";"08";"020801";"ANCASH";"CASMA";"CASMA";"GOBIERNO REGIONAL";"I-1";"00001721";"PUESTO DE SALUD LA GRAMITA";"NE_0001";"";"NE_0001";"NE_0001";"NE_0001";"NE_0001";"NE_0001";"NE_0001";"NE_0001"
"2023";"08";"021101";"ANCASH";"HUARMEY";"HUARMEY";"GOBIERNO REGIONAL";"I-2";"00001742";"PUESTO DE SALUD PUERTO HUARMEY";"NE_0001";"";"NE_0001";"NE_0001";"NE_0001";"NE_0001";"NE_0001";"NE_0001";"NE_0001"
"2023";"08";"050909";"AYACUCHO";"SUCRE";"SAN SALVADOR DE QUIJE";"GOBIERNO REGIONAL";"I-1";"00003806";"PUESTO DE SALUD SAN SALVADOR DE QUIJE";"NE_0001";"";"NE_0001";"NE_0001";"NE_0001";"NE_0001";"NE_0001";"NE_0001";"NE_0001"
"2023";"08";"210701";"PUNO";"LAMPA";"LAMPA";"GOBIERNO REGIONAL";"I-4";"00003128";"ANTONIO BARRIONUEVO (LAMPA)";"240100";"HOSPITALIZACIÓN QUIRÚRGICA CIRUGÍA GENERAL ";"5";"5";"10";"1";"1";"56";"0"
"2023";"08";"210701";"PUNO";"LAMPA";"LAMPA";"GOBIERNO REGIONAL";"I-4";"00003128";"ANTONIO BARRIONUEVO (LAMPA)";"241400";"HOSPITALIZACIÓN QUIRÚRGICA GINECO - OBSTETRICIA ";"6";"6";"12";"1";"1";"28";"0"
"2023";"08";"210701";"PUNO";"LAMPA";"LAMPA";"GOBIERNO REGIONAL";"I-4";"00003128";"ANTONIO BARRIONUEVO (LAMPA)";"241500";"HOSPITALIZACIÓN QUIRÚRGICA GINECOLOGÍA  ";"7";"7";"12";"1";"1";"28";"0"
"2023";"08";"210701";"PUNO";"LAMPA";"LAMPA";"GOBIERNO REGIONAL";"I-4";"00003128";"ANTONIO BARRIONUEVO (LAMPA)";"241600";"HOSPITALIZACIÓN QUIRÚRGICA OBSTETRICIA   ";"9";"9";"12";"1";"1";"28";"0"
"2023";"08";"210701";"PUNO";"LAMPA";"LAMPA";"GOBIERNO REGIONAL";"I-4";"00003128";"ANTONIO BARRIONUEVO (LAMPA)";"241800";"HOSPITALIZACIÓN DE MEDICINA MEDICINA GENERAL ";"8";"8";"25";"1";"1";"31";"0"
"2023";"08";"210701";"PUNO";"LAMPA";"LAMPA";"GOBIERNO REGIONAL";"I-4";"00003128";"ANTONIO BARRIONUEVO (LAMPA)";"242500";"HOSPITALIZACIÓN-PEDIATRÍA GENERAL-";"4";"4";"10";"1";"1";"56";"0"
"2023";"08";"050904";"AYACUCHO";"SUCRE";"CHILCAYOC";"GOBIERNO REGIONAL";"I-2";"00003805";"PUESTO DE SALUD CHILCAYOCC";"NE_0001";"";"NE_0001";"NE_0001";"NE_0001";"NE_0001";"NE_0001";"NE_0001";"NE_0001"
"2023";"08";"050901";"AYACUCHO";"SUCRE";"QUEROBAMBA";"GOBIERNO REGIONAL";"I-4";"00003808";"CENTRO DE SALUD QUEROBAMBA";"NE_0002";"";"NE_0002";"NE_0002";"NE_0002";"NE_0002";"NE_0002";"NE_0002";"NE_0002"
"2023";"08";"050907";"AYACUCHO";"SUCRE";"PAICO";"GOBIERNO REGIONAL";"I-1";"00003813";"PUESTO DE SALUD PAICO";"NE_0001";"";"NE_0001";"NE_0001";"NE_0001";"NE_0001";"NE_0001";"NE_0001";"NE_0001"
"2023";"08";"050905";"AYACUCHO";"SUCRE";"HUACAÑA";"GOBIERNO REGIONAL";"I-1";"00003719";"PUESTO DE SALUD HUACAÑA";"NE_0001";"";"NE_0001";"NE_0001";"NE_0001";"NE_0001";"NE_0001";"NE_0001";"NE_0001"
"2023";"08";"050901";"AYACUCHO";"SUCRE";"QUEROBAMBA";"GOBIERNO REGIONAL";"I-1";"00003802";"PUESTO DE SALUD POTONGO";"NE_0001";"";"NE_0001";"NE_0001";"NE_0001";"NE_0001";"NE_0001";"NE_0001";"NE_0001"
"2023";"08";"050910";"AYACUCHO";"SUCRE";"SANTIAGO DE PAUCARAY";"GOBIERNO REGIONAL";"I-1";"00007096";"PUESTO DE SALUD AUTAMA";"NE_0001";"";"NE_0001";"NE_0001";"NE_0001";"NE_0001";"NE_0001";"NE_0001";"NE_0001"
"2023";"08";"050906";"AYACUCHO";"SUCRE";"MORCOLLA";"GOBIERNO REGIONAL";"I-1";"00003812";"PUESTO DE SALUD HUACO";"NE_0001";"";"NE_0001";"NE_0001";"NE_0001";"NE_0001";"NE_0001";"NE_0001";"NE_0001"
"2023";"08";"050901";"AYACUCHO";"SUCRE";"QUEROBAMBA";"GOBIERNO REGIONAL";"I-1";"00003809";"PUESTO DE SALUD CHONTA";"NE_0001";"";"NE_0001";"NE_0001";"NE_0001";"NE_0001";"NE_0001";"NE_0001";"NE_0001"
"2023";"08";"050906";"AYACUCHO";"SUCRE";"MORCOLLA";"GOBIERNO REGIONAL";"I-1";"00003810";"PUESTO DE SALUD MORCOLLA";"NE_0001";"";"NE_0001";"NE_0001";"NE_0001";"NE_0001";"NE_0001";"NE_0001";"NE_0001"
"2023";"08";"050906";"AYACUCHO";"SUCRE";"MORCOLLA";"GOBIERNO REGIONAL";"I-1";"00003811";"PUESTO DE SALUD TINTAY";"NE_0001";"";"NE_0001";"NE_0001";"NE_0001";"NE_0001";"NE_0001";"NE_0001";"NE_0001"
"2023";"08";"050907";"AYACUCHO";"SUCRE";"PAICO";"GOBIERNO REGIONAL";"I-1";"00003814";"PUESTO DE SALUD SIHUE";"NE_0001";"";"NE_0001";"NE_0001";"NE_0001";"NE_0001";"NE_0001";"NE_0001";"NE_0001"
"2023";"08";"050910";"AYACUCHO";"SUCRE";"SANTIAGO DE PAUCARAY";"GOBIERNO REGIONAL";"I-1";"00003816";"PUESTO DE SALUD SANTIAGO DE PAUCARAY";"NE_0001";"";"NE_0001";"NE_0001";"NE_0001";"NE_0001";"NE_0001";"NE_0001";"NE_0001"
"2023";"08";"050902";"AYACUCHO";"SUCRE";"BELEN";"GOBIERNO REGIONAL";"I-1";"00003803";"PUESTO DE SALUD BELEN";"NE_0001";"";"NE_0001";"NE_0001";"NE_0001";"NE_0001";"NE_0001";"NE_0001";"NE_0001"
"2023";"08";"050909";"AYACUCHO";"SUCRE";"SAN SALVADOR DE QUIJE";"GOBIERNO REGIONAL";"I-1";"00003807";"PUESTO DE SALUD SANTIAGO DE PALLCCA";"NE_0001";"";"NE_0001";"NE_0001";"NE_0001";"NE_0001";"NE_0001";"NE_0001";"NE_0001"
"2023";"08";"050903";"AYACUCHO";"SUCRE";"CHALCOS";"GOBIERNO REGIONAL";"I-1";"00003804";"PUESTO DE SALUD CHALCOS";"NE_0001";"";"NE_0001";"NE_0001";"NE_0001";"NE_0001";"NE_0001";"NE_0001";"NE_0001"
"2023";"08";"050908";"AYACUCHO";"SUCRE";"SAN PEDRO DE LARCAY";"GOBIERNO REGIONAL";"I-2";"00003815";"SAN PEDRO DE LARCAY";"NE_0001";"";"NE_0001";"NE_0001";"NE_0001";"NE_0001";"NE_0001";"NE_0001";"NE_0001"
"2023";"08";"050910";"AYACUCHO";"SUCRE";"SANTIAGO DE PAUCARAY";"GOBIERNO REGIONAL";"I-1";"00003817";"PUESTO DE SALUD ATIHUARA";"NE_0001";"";"NE_0001";"NE_0001";"NE_0001";"NE_0001";"NE_0001";"NE_0001";"NE_0001"
"2023";"08";"050909";"AYACUCHO";"SUCRE";"SAN SALVADOR DE QUIJE";"GOBIERNO REGIONAL";"I-1";"00006900";"PUESTO DE SALUD VISTA ALEGRE - SUCRE";"NE_0001";"";"NE_0001";"NE_0001";"NE_0001";"NE_0001";"NE_0001";"NE_0001";"NE_0001"
"2023";"08";"050904";"AYACUCHO";"SUCRE";"CHILCAYOC";"GOBIERNO REGIONAL";"I-2";"00003805";"PUESTO DE SALUD CHILCAYOCC";"NE_0001";"";"NE_0001";"NE_0001";"NE_0001";"NE_0001";"NE_0001";"NE_0001";"NE_0001"
"2023";"08";"050909";"AYACUCHO";"SUCRE";"SAN SALVADOR DE QUIJE";"GOBIERNO REGIONAL";"I-1";"00003806";"PUESTO DE SALUD SAN SALVADOR DE QUIJE";"NE_0001";"";"NE_0001";"NE_0001";"NE_0001";"NE_0001";"NE_0001";"NE_0001";"NE_0001"
"2023";"08";"050901";"AYACUCHO";"SUCRE";"QUEROBAMBA";"GOBIERNO REGIONAL";"I-4";"00003808";"CENTRO DE SALUD QUEROBAMBA";"NE_0002";"";"NE_0002";"NE_0002";"NE_0002";"NE_0002";"NE_0002";"NE_0002";"NE_0002"
"2023";"08";"050907";"AYACUCHO";"SUCRE";"PAICO";"GOBIERNO REGIONAL";"I-1";"00003813";"PUESTO DE SALUD PAICO";"NE_0001";"";"NE_0001";"NE_0001";"NE_0001";"NE_0001";"NE_0001";"NE_0001";"NE_0001"
"2023";"08";"050905";"AYACUCHO";"SUCRE";"HUACAÑA";"GOBIERNO REGIONAL";"I-1";"00003719";"PUESTO DE SALUD HUACAÑA";"NE_0001";"";"NE_0001";"NE_0001";"NE_0001";"NE_0001";"NE_0001";"NE_0001";"NE_0001"
"2023";"08";"050901";"AYACUCHO";"SUCRE";"QUEROBAMBA";"GOBIERNO REGIONAL";"I-1";"00003802";"PUESTO DE SALUD POTONGO";"NE_0001";"";"NE_0001";"NE_0001";"NE_0001";"NE_0001";"NE_0001";"NE_0001";"NE_0001"
"2023";"08";"050910";"AYACUCHO";"SUCRE";"SANTIAGO DE PAUCARAY";"GOBIERNO REGIONAL";"I-1";"00007096";"PUESTO DE SALUD AUTAMA";"NE_0001";"";"NE_0001";"NE_0001";"NE_0001";"NE_0001";"NE_0001";"NE_0001";"NE_0001"
"2023";"08";"050906";"AYACUCHO";"SUCRE";"MORCOLLA";"GOBIERNO REGIONAL";"I-1";"00003812";"PUESTO DE SALUD HUACO";"NE_0001";"";"NE_0001";"NE_0001";"NE_0001";"NE_0001";"NE_0001";"NE_0001";"NE_0001"
"2023";"05";"220901";"SAN MARTIN";"SAN MARTIN";"TARAPOTO";"SANIDAD DE LA POLICIA NACIONAL DEL PERU";"I-3";"00020827";"POLICLINICO  PNP TARAPOTO";"NE_0001";"";"NE_0001";"NE_0001";"NE_0001";"NE_0001";"NE_0001";"NE_0001";"NE_0001"
"2023";"06";"070106";"CALLAO";"CALLAO";"VENTANILLA";"GOBIERNO REGIONAL";"I-2";"00006262";"PUESTO DE SALUD HIJOS DEL ALMIRANTE GRAU";"NE_0001";"";"NE_0001";"NE_0001";"NE_0001";"NE_0001";"NE_0001";"NE_0001";"NE_0001"
"2023";"06";"070106";"CALLAO";"CALLAO";"VENTANILLA";"GOBIERNO REGIONAL";"I-2";"00006268";"PUESTO DE SALUD DEFENSORES DE LA PATRIA";"NE_0001";"";"NE_0001";"NE_0001";"NE_0001";"NE_0001";"NE_0001";"NE_0001";"NE_0001"
"2023";"06";"120433";"JUNIN";"JAUJA";"YAULI";"GOBIERNO REGIONAL";"I-2";"00000423";"YAULI - JAUJA";"NE_0001";"";"NE_0001";"NE_0001";"NE_0001";"NE_0001";"NE_0001";"NE_0001";"NE_0001"
"2023";"06";"120427";"JUNIN";"JAUJA";"RICRAN";"GOBIERNO REGIONAL";"I-2";"00000419";"RICRAN";"NE_0001";"";"NE_0001";"NE_0001";"NE_0001";"NE_0001";"NE_0001";"NE_0001";"NE_0001"
"2023";"06";"120429";"JUNIN";"JAUJA";"SAN PEDRO DE CHUNAN";"GOBIERNO REGIONAL";"I-1";"00000422";"SAN PEDRO DE CHUNAN";"NE_0001";"";"NE_0001";"NE_0001";"NE_0001";"NE_0001";"NE_0001";"NE_0001";"NE_0001"
"2023";"06";"150110";"LIMA";"LIMA";"COMAS";"PRIVADO";"II-1";"00009144";"CLINICA MEDICA ZEGARRA S.A.C.";"242300";"HOSPITALIZACIÓN DE PEDIATRÍA  PEDIATRÍA  GENERAL ";"28";"39";"486";"7";"7";"122";"0"
"2023";"06";"150110";"LIMA";"LIMA";"COMAS";"PRIVADO";"II-1";"00009144";"CLINICA MEDICA ZEGARRA S.A.C.";"241800";"HOSPITALIZACIÓN DE MEDICINA MEDICINA GENERAL ";"55";"78";"347";"19";"19";"36";"0"
"2023";"06";"150110";"LIMA";"LIMA";"COMAS";"PRIVADO";"II-1";"00009144";"CLINICA MEDICA ZEGARRA S.A.C.";"241400";"HOSPITALIZACIÓN QUIRÚRGICA GINECO - OBSTETRICIA ";"72";"21";"132";"13";"13";"174";"0"
"2023";"06";"150110";"LIMA";"LIMA";"COMAS";"PRIVADO";"II-1";"00009144";"CLINICA MEDICA ZEGARRA S.A.C.";"240100";"HOSPITALIZACIÓN QUIRÚRGICA CIRUGÍA GENERAL ";"52";"26";"105";"11";"11";"122";"0"
"2023";"06";"150110";"LIMA";"LIMA";"COMAS";"PRIVADO";"II-1";"00009144";"CLINICA MEDICA ZEGARRA S.A.C.";"241200";"HOSPITALIZACIÓN QUIRÚRGICA TRAUMATOLOGÍA Y ORTOPEDIA ";"26";"38";"42";"14";"14";"52";"0"
"2023";"06";"081204";"CUSCO";"QUISPICANCHI";"CCARHUAYO";"GOBIERNO REGIONAL";"I-2";"00002527";"CCARHUAYO";"NE_0002";"";"NE_0002";"NE_0002";"NE_0002";"NE_0002";"NE_0002";"NE_0002";"NE_0002"
"2023";"06";"081205";"CUSCO";"QUISPICANCHI";"CCATCA";"GOBIERNO REGIONAL";"I-2";"00002529";"KCAURY";"NE_0002";"";"NE_0002";"NE_0002";"NE_0002";"NE_0002";"NE_0002";"NE_0002";"NE_0002"
"2023";"06";"081210";"CUSCO";"QUISPICANCHI";"OCONGATE";"GOBIERNO REGIONAL";"I-2";"00006977";"TINKI";"NE_0002";"";"NE_0002";"NE_0002";"NE_0002";"NE_0002";"NE_0002";"NE_0002";"NE_0002"
"2023";"06";"081209";"CUSCO";"QUISPICANCHI";"MARCAPATA";"GOBIERNO REGIONAL";"I-1";"00007110";"INCACANCHA";"NE_0002";"";"NE_0002";"NE_0002";"NE_0002";"NE_0002";"NE_0002";"NE_0002";"NE_0002"
"2023";"06";"081205";"CUSCO";"QUISPICANCHI";"CCATCA";"GOBIERNO REGIONAL";"I-1";"00012931";"CHICHINA";"NE_0002";"";"NE_0002";"NE_0002";"NE_0002";"NE_0002";"NE_0002";"NE_0002";"NE_0002"
"2023";"06";"081205";"CUSCO";"QUISPICANCHI";"CCATCA";"GOBIERNO REGIONAL";"I-1";"00016335";"CCAPANA";"NE_0002";"";"NE_0002";"NE_0002";"NE_0002";"NE_0002";"NE_0002";"NE_0002";"NE_0002"
"2023";"06";"081205";"CUSCO";"QUISPICANCHI";"CCATCA";"GOBIERNO REGIONAL";"I-2";"00002524";"PAMPACAMARA";"NE_0002";"";"NE_0002";"NE_0002";"NE_0002";"NE_0002";"NE_0002";"NE_0002";"NE_0002"
"2023";"06";"081209";"CUSCO";"QUISPICANCHI";"MARCAPATA";"GOBIERNO REGIONAL";"I-2";"00002535";"MARCAPATA";"NE_0002";"";"NE_0002";"NE_0002";"NE_0002";"NE_0002";"NE_0002";"NE_0002";"NE_0002"
"2023";"06";"081203";"CUSCO";"QUISPICANCHI";"CAMANTI";"GOBIERNO REGIONAL";"I-3";"00002526";"QUINCE MIL";"NE_0002";"";"NE_0002";"NE_0002";"NE_0002";"NE_0002";"NE_0002";"NE_0002";"NE_0002"
"2023";"06";"081205";"CUSCO";"QUISPICANCHI";"CCATCA";"GOBIERNO REGIONAL";"I-4";"00002528";"CCATCCA";"NE_0002";"";"NE_0002";"NE_0002";"NE_0002";"NE_0002";"NE_0002";"NE_0002";"NE_0002"
"2023";"06";"081210";"CUSCO";"QUISPICANCHI";"OCONGATE";"GOBIERNO REGIONAL";"I-4";"00002536";"OCONGATE";"NE_0002";"";"NE_0002";"NE_0002";"NE_0002";"NE_0002";"NE_0002";"NE_0002";"NE_0002"
"2023";"06";"210301";"PUNO";"CARABAYA";"MACUSANI";"GOBIERNO REGIONAL";"I-3";"00002974";"METROPOLITANO MACUSANI";"240100";"HOSPITALIZACIÓN QUIRÚRGICA CIRUGÍA GENERAL ";"48";"48";"148";"196";"10";"300";"1"
"2023";"06";"210301";"PUNO";"CARABAYA";"MACUSANI";"GOBIERNO REGIONAL";"I-3";"00002974";"METROPOLITANO MACUSANI";"241500";"HOSPITALIZACIÓN QUIRÚRGICA GINECOLOGÍA  ";"19";"22";"46";"68";"4";"120";"0"
"2023";"06";"210301";"PUNO";"CARABAYA";"MACUSANI";"GOBIERNO REGIONAL";"I-3";"00002974";"METROPOLITANO MACUSANI";"241600";"HOSPITALIZACIÓN QUIRÚRGICA OBSTETRICIA   ";"45";"50";"156";"206";"11";"330";"0"
"2023";"06";"210301";"PUNO";"CARABAYA";"MACUSANI";"GOBIERNO REGIONAL";"I-3";"00002974";"METROPOLITANO MACUSANI";"241900";"HOSPITALIZACIÓN DE MEDICINA MEDICINA INTERNA ";"28";"32";"129";"161";"9";"270";"2"
"2023";"06";"210301";"PUNO";"CARABAYA";"MACUSANI";"GOBIERNO REGIONAL";"I-3";"00002974";"METROPOLITANO MACUSANI";"242500";"HOSPITALIZACIÓN-PEDIATRÍA GENERAL-";"16";"19";"65";"84";"6";"180";"1"
"2023";"06";"210301";"PUNO";"CARABAYA";"MACUSANI";"GOBIERNO REGIONAL";"I-3";"00002974";"METROPOLITANO MACUSANI";"243200";"HOSPITALIZACIÓN DE PEDIATRÍA PEDIATRIA NEONATOLOGÍA";"9";"11";"61";"72";"4";"120";"1"
"2023";"06";"230101";"TACNA";"TACNA";"TACNA";"PRIVADO";"II-1";"00027462";"CLINICA LA LUZ";"241300";"HOSPITALIZACIÓN QUIRÚRGICA UROLOGÍA  ";"18";"18";"36";"18";"8";"144";"0"
"2023";"06";"230101";"TACNA";"TACNA";"TACNA";"PRIVADO";"II-1";"00027462";"CLINICA LA LUZ";"240800";"HOSPITALIZACIÓN QUIRÚRGICA CIRUGÍA PLÁSTICA/RECONSTRUCTIVA/ REPARADORA ";"12";"12";"12";"12";"4";"48";"0"
"2023";"06";"230101";"TACNA";"TACNA";"TACNA";"PRIVADO";"II-1";"00027462";"CLINICA LA LUZ";"241500";"HOSPITALIZACIÓN QUIRÚRGICA GINECOLOGÍA  ";"11";"11";"18";"11";"4";"44";"0"
"2023";"06";"230101";"TACNA";"TACNA";"TACNA";"PRIVADO";"II-1";"00027462";"CLINICA LA LUZ";"241200";"HOSPITALIZACIÓN QUIRÚRGICA TRAUMATOLOGÍA Y ORTOPEDIA ";"10";"10";"12";"10";"7";"70";"0"
"2023";"06";"230101";"TACNA";"TACNA";"TACNA";"PRIVADO";"II-1";"00027462";"CLINICA LA LUZ";"243200";"HOSPITALIZACIÓN DE PEDIATRÍA PEDIATRIA NEONATOLOGÍA";"3";"3";"4";"3";"3";"9";"0"
"2023";"06";"230101";"TACNA";"TACNA";"TACNA";"PRIVADO";"II-1";"00027462";"CLINICA LA LUZ";"240400";"HOSPITALIZACIÓN QUIRÚRGICA CIRUGÍA DE TÓRAX Y CARDIOVASCULAR ";"3";"3";"3";"3";"3";"9";"0"
"2023";"06";"230101";"TACNA";"TACNA";"TACNA";"PRIVADO";"II-1";"00027462";"CLINICA LA LUZ";"241800";"HOSPITALIZACIÓN DE MEDICINA MEDICINA GENERAL ";"1";"1";"2";"1";"1";"3";"0"
"2023";"06";"230101";"TACNA";"TACNA";"TACNA";"PRIVADO";"II-1";"00027462";"CLINICA LA LUZ";"241900";"HOSPITALIZACIÓN DE MEDICINA MEDICINA INTERNA ";"1";"1";"2";"1";"1";"3";"0"
"2023";"06";"230101";"TACNA";"TACNA";"TACNA";"PRIVADO";"II-1";"00027462";"CLINICA LA LUZ";"240900";"HOSPITALIZACIÓN QUIRÚRGICA NEUROCIRUGÍA ";"1";"1";"1";"1";"1";"2";"0"
"2023";"05";"250304";"UCAYALI";"PADRE ABAD";"NESHUYA";"GOBIERNO REGIONAL";"I-1";"00030508";"PUESTO DE SALUD NOLBERTH DE ALTO ARUYA";"NE_0001";"";"NE_0001";"NE_0001";"NE_0001";"NE_0001";"NE_0001";"NE_0001";"NE_0001"
"2023";"05";"250304";"UCAYALI";"PADRE ABAD";"NESHUYA";"GOBIERNO REGIONAL";"I-1";"00030507";"PUESTO DE SALUD MAR DE PLATA";"NE_0001";"";"NE_0001";"NE_0001";"NE_0001";"NE_0001";"NE_0001";"NE_0001";"NE_0001"
"2023";"05";"250304";"UCAYALI";"PADRE ABAD";"NESHUYA";"GOBIERNO REGIONAL";"I-1";"00021850";"VIRGEN DEL CARMEN";"NE_0001";"";"NE_0001";"NE_0001";"NE_0001";"NE_0001";"NE_0001";"NE_0001";"NE_0001"
"2023";"05";"250304";"UCAYALI";"PADRE ABAD";"NESHUYA";"GOBIERNO REGIONAL";"I-1";"00007461";"SANTA ROSA DE GUINEA";"NE_0001";"";"NE_0001";"NE_0001";"NE_0001";"NE_0001";"NE_0001";"NE_0001";"NE_0001"
"2023";"05";"250304";"UCAYALI";"PADRE ABAD";"NESHUYA";"GOBIERNO REGIONAL";"I-1";"00007116";"VILLA DEL CAMPO";"NE_0001";"";"NE_0001";"NE_0001";"NE_0001";"NE_0001";"NE_0001";"NE_0001";"NE_0001"
"2023";"05";"250305";"UCAYALI";"PADRE ABAD";"ALEXANDER VON HUMBOLDT";"GOBIERNO REGIONAL";"I-1";"00005421";"EL MILAGRO KM   83";"NE_0001";"";"NE_0001";"NE_0001";"NE_0001";"NE_0001";"NE_0001";"NE_0001";"NE_0001"
"2023";"05";"250304";"UCAYALI";"PADRE ABAD";"NESHUYA";"GOBIERNO REGIONAL";"I-1";"00005420";"NUEVO SAN JUAN KM. 69";"NE_0001";"";"NE_0001";"NE_0001";"NE_0001";"NE_0001";"NE_0001";"NE_0001";"NE_0001"
"2023";"05";"250304";"UCAYALI";"PADRE ABAD";"NESHUYA";"GOBIERNO REGIONAL";"I-1";"00005419";"LA UNION";"NE_0001";"";"NE_0001";"NE_0001";"NE_0001";"NE_0001";"NE_0001";"NE_0001";"NE_0001"
"2023";"05";"250304";"UCAYALI";"PADRE ABAD";"NESHUYA";"GOBIERNO REGIONAL";"I-2";"00005418";"MONTE DE LOS OLIVOS";"NE_0001";"";"NE_0001";"NE_0001";"NE_0001";"NE_0001";"NE_0001";"NE_0001";"NE_0001"
"2023";"05";"250304";"UCAYALI";"PADRE ABAD";"NESHUYA";"GOBIERNO REGIONAL";"I-1";"00005417";"SAN JUAN KM. 71";"NE_0001";"";"NE_0001";"NE_0001";"NE_0001";"NE_0001";"NE_0001";"NE_0001";"NE_0001"
"2023";"05";"250305";"UCAYALI";"PADRE ABAD";"ALEXANDER VON HUMBOLDT";"GOBIERNO REGIONAL";"I-2";"00005416";"VON HUMBOLTD";"NE_0001";"";"NE_0001";"NE_0001";"NE_0001";"NE_0001";"NE_0001";"NE_0001";"NE_0001"
"2023";"05";"250304";"UCAYALI";"PADRE ABAD";"NESHUYA";"GOBIERNO REGIONAL";"I-3";"00005415";"MONTE ALEGRE-NESHUYA";"NE_0001";"";"NE_0001";"NE_0001";"NE_0001";"NE_0001";"NE_0001";"NE_0001";"NE_0001"
"2023";"06";"070101";"CALLAO";"CALLAO";"CALLAO";"PRIVADO";"0";"00016115";"DIAGNOCENTRO OLAZ";"NE_0001";"";"NE_0001";"NE_0001";"NE_0001";"NE_0001";"NE_0001";"NE_0001";"NE_0001"
"2023";"07";"080705";"CUSCO";"CHUMBIVILCAS";"LIVITACA";"GOBIERNO REGIONAL";"I-2";"00016332";"PATAQUEÑA - LIVITACA";"NE_0001";"";"NE_0001";"NE_0001";"NE_0001";"NE_0001";"NE_0001";"NE_0001";"NE_0001"
"2023";"07";"130501";"LA LIBERTAD";"JULCAN";"JULCAN";"GOBIERNO REGIONAL";"I-3";"00006775";"AYANGAY";"NE_0002";"";"NE_0002";"NE_0002";"NE_0002";"NE_0002";"NE_0002";"NE_0002";"NE_0002"
"2023";"07";"130501";"LA LIBERTAD";"JULCAN";"JULCAN";"GOBIERNO REGIONAL";"I-2";"00016423";"SAN ANTONIO";"NE_0002";"";"NE_0002";"NE_0002";"NE_0002";"NE_0002";"NE_0002";"NE_0002";"NE_0002"
"2023";"07";"130501";"LA LIBERTAD";"JULCAN";"JULCAN";"GOBIERNO REGIONAL";"I-2";"00006963";"CHUGURPAMPA";"NE_0002";"";"NE_0002";"NE_0002";"NE_0002";"NE_0002";"NE_0002";"NE_0002";"NE_0002"
"2023";"07";"130501";"LA LIBERTAD";"JULCAN";"JULCAN";"GOBIERNO REGIONAL";"I-2";"00007249";"SAN AGUSTIN";"NE_0002";"";"NE_0002";"NE_0002";"NE_0002";"NE_0002";"NE_0002";"NE_0002";"NE_0002"
"2023";"07";"130501";"LA LIBERTAD";"JULCAN";"JULCAN";"GOBIERNO REGIONAL";"I-2";"00005307";"SANTA TERESA";"NE_0002";"";"NE_0002";"NE_0002";"NE_0002";"NE_0002";"NE_0002";"NE_0002";"NE_0002"
"2023";"07";"130501";"LA LIBERTAD";"JULCAN";"JULCAN";"GOBIERNO REGIONAL";"I-2";"00006774";"PARUQUE BAJO";"NE_0002";"";"NE_0002";"NE_0002";"NE_0002";"NE_0002";"NE_0002";"NE_0002";"NE_0002"
"2023";"07";"080707";"CUSCO";"CHUMBIVILCAS";"QUIÑOTA";"GOBIERNO REGIONAL";"I-1";"00006984";"CCOLLANA";"NE_0001";"";"NE_0001";"NE_0001";"NE_0001";"NE_0001";"NE_0001";"NE_0001";"NE_0001"
"2023";"07";"090206";"HUANCAVELICA";"ACOBAMBA";"PAUCARA";"GOBIERNO REGIONAL";"I-2";"00006823";"PUESTO DE SALUD CHOPCCAPAMPA";"NE_0001";"";"NE_0001";"NE_0001";"NE_0001";"NE_0001";"NE_0001";"NE_0001";"NE_0001"
"2023";"07";"060801";"CAJAMARCA";"JAEN";"JAEN";"ESSALUD";"II-1";"00010136";"HOSPITAL II-1 CLINICA JAEN";"241800";"HOSPITALIZACIÓN DE MEDICINA MEDICINA GENERAL ";"68";"87";"352";"282";"12";"382";"1"
"2023";"07";"060801";"CAJAMARCA";"JAEN";"JAEN";"ESSALUD";"II-1";"00010136";"HOSPITAL II-1 CLINICA JAEN";"240100";"HOSPITALIZACIÓN QUIRÚRGICA CIRUGÍA GENERAL ";"59";"55";"149";"176";"8";"243";"0"
"2023";"07";"060801";"CAJAMARCA";"JAEN";"JAEN";"ESSALUD";"II-1";"00010136";"HOSPITAL II-1 CLINICA JAEN";"241400";"HOSPITALIZACIÓN QUIRÚRGICA GINECO - OBSTETRICIA ";"76";"62";"136";"80";"6";"173";"0"
"2023";"07";"060801";"CAJAMARCA";"JAEN";"JAEN";"ESSALUD";"II-1";"00010136";"HOSPITAL II-1 CLINICA JAEN";"242300";"HOSPITALIZACIÓN DE PEDIATRÍA  PEDIATRÍA  GENERAL ";"86";"77";"226";"215";"7";"225";"0"
"2023";"07";"230303";"TACNA";"JORGE BASADRE";"ITE";"ESSALUD";"I-2";"00027545";"CENTRO DE ATENCION PRIMARIA I ITE";"NE_0001";"";"NE_0001";"NE_0001";"NE_0001";"NE_0001";"NE_0001";"NE_0001";"NE_0001"
"2023";"07";"150501";"LIMA";"CAÑETE";"SAN VICENTE DE CAÑETE";"PRIVADO";"II-1";"00026070";"CLINICA CORAZON DE JESUS";"240100";"HOSPITALIZACIÓN QUIRÚRGICA CIRUGÍA GENERAL ";"19";"21";"46";"42";"8";"248";"0"
"2023";"07";"150501";"LIMA";"CAÑETE";"SAN VICENTE DE CAÑETE";"PRIVADO";"II-1";"00026070";"CLINICA CORAZON DE JESUS";"241400";"HOSPITALIZACIÓN QUIRÚRGICA GINECO - OBSTETRICIA ";"9";"9";"21";"14";"3";"93";"0"
"2023";"07";"150122";"LIMA";"LIMA";"MIRAFLORES";"PRIVADO";"III-1";"00019049";"AUNA CLÍNICA DELGADO";"240000";"HOSPITALIZACIÓN";"565";"828";"3402";"2855";"127";"3937";"6"
"2023";"07";"150122";"LIMA";"LIMA";"MIRAFLORES";"PRIVADO";"III-1";"00019049";"AUNA CLÍNICA DELGADO";"250100";"UNIDAD DE CUIDADOS CRITICOS UNIDAD  DE CUIDADOS INTENSIVOS GENERALES (UCI) ";"28";"11";"34";"291";"15";"465";"0"
"2023";"07";"150122";"LIMA";"LIMA";"MIRAFLORES";"PRIVADO";"III-1";"00019049";"AUNA CLÍNICA DELGADO";"250105";"UNIDAD DE CUIDADOS CRITICOS UNIDAD  DE CUIDADOS INTENSIVOS  (UCI) NEONATOLOGÍA";"8";"10";"132";"113";"10";"310";"0"
"2023";"07";"150122";"LIMA";"LIMA";"MIRAFLORES";"PRIVADO";"III-1";"00019049";"AUNA CLÍNICA DELGADO";"250108";"UNIDAD DE CUIDADOS CRITICOS UNIDAD  DE CUIDADOS INTENSIVOS  (UCI) PEDIÁTRICA";"0";"1";"2";"55";"3";"93";"0"
"2023";"07";"150501";"LIMA";"CAÑETE";"SAN VICENTE DE CAÑETE";"ESSALUD";"II-1";"00010536";"HOSPITAL II CAÑETE";"241800";"HOSPITALIZACIÓN DE MEDICINA MEDICINA GENERAL ";"142";"138";"499";"525";"19";"574";"3"
"2023";"07";"150501";"LIMA";"CAÑETE";"SAN VICENTE DE CAÑETE";"ESSALUD";"II-1";"00010536";"HOSPITAL II CAÑETE";"240100";"HOSPITALIZACIÓN QUIRÚRGICA CIRUGÍA GENERAL ";"74";"71";"274";"282";"11";"357";"0"
"2023";"07";"150501";"LIMA";"CAÑETE";"SAN VICENTE DE CAÑETE";"ESSALUD";"II-1";"00010536";"HOSPITAL II CAÑETE";"241600";"HOSPITALIZACIÓN QUIRÚRGICA OBSTETRICIA   ";"85";"88";"174";"160";"8";"245";"0"
"2023";"07";"150501";"LIMA";"CAÑETE";"SAN VICENTE DE CAÑETE";"ESSALUD";"II-1";"00010536";"HOSPITAL II CAÑETE";"241500";"HOSPITALIZACIÓN QUIRÚRGICA GINECOLOGÍA  ";"3";"4";"9";"5";"1";"24";"0"
"2023";"07";"150501";"LIMA";"CAÑETE";"SAN VICENTE DE CAÑETE";"ESSALUD";"II-1";"00010536";"HOSPITAL II CAÑETE";"242500";"HOSPITALIZACIÓN-PEDIATRÍA GENERAL-";"38";"39";"124";"124";"5";"164";"1"
"2023";"04";"130704";"LA LIBERTAD";"PACASMAYO";"PACASMAYO";"GOBIERNO REGIONAL";"II-1";"00005296";"HOSPITAL DISTRITAL DE PACASMAYO";"241800";"HOSPITALIZACIÓN DE MEDICINA MEDICINA GENERAL ";"31";"31";"174";"177";"4";"120";"0"
"2023";"04";"130704";"LA LIBERTAD";"PACASMAYO";"PACASMAYO";"GOBIERNO REGIONAL";"II-1";"00005296";"HOSPITAL DISTRITAL DE PACASMAYO";"240100";"HOSPITALIZACIÓN QUIRÚRGICA CIRUGÍA GENERAL ";"0";"1";"17";"10";"4";"120";"0"
"2023";"04";"130704";"LA LIBERTAD";"PACASMAYO";"PACASMAYO";"GOBIERNO REGIONAL";"II-1";"00005296";"HOSPITAL DISTRITAL DE PACASMAYO";"242300";"HOSPITALIZACIÓN DE PEDIATRÍA  PEDIATRÍA  GENERAL ";"9";"9";"33";"33";"4";"120";"0"
"2023";"04";"130704";"LA LIBERTAD";"PACASMAYO";"PACASMAYO";"GOBIERNO REGIONAL";"II-1";"00005296";"HOSPITAL DISTRITAL DE PACASMAYO";"241600";"HOSPITALIZACIÓN QUIRÚRGICA OBSTETRICIA   ";"33";"33";"65";"64";"4";"120";"0"
"2023";"04";"130704";"LA LIBERTAD";"PACASMAYO";"PACASMAYO";"GOBIERNO REGIONAL";"II-1";"00005296";"HOSPITAL DISTRITAL DE PACASMAYO";"241500";"HOSPITALIZACIÓN QUIRÚRGICA GINECOLOGÍA  ";"8";"5";"8";"13";"4";"120";"0"
"2023";"07";"150142";"LIMA";"LIMA";"VILLA EL SALVADOR";"PRIVADO";"I-2";"00013687";"ARIE";"NE_0002";"";"NE_0002";"NE_0002";"NE_0002";"NE_0002";"NE_0002";"NE_0002";"NE_0002"
"2023";"07";"150131";"LIMA";"LIMA";"SAN ISIDRO";"ESSALUD";"I-3";"00015471";"CENTRO DE ATENCION PRIMARIA-CAP III SAN ISIDRO-ESSALUD";"NE_0001";"";"NE_0001";"NE_0001";"NE_0001";"NE_0001";"NE_0001";"NE_0001";"NE_0001"
"2023";"05";"021806";"ANCASH";"SANTA";"NEPEÑA";"GOBIERNO REGIONAL";"I-3";"00001715";"CENTRO DE SALUD SAN JACINTO";"NE_0001";"";"NE_0001";"NE_0001";"NE_0001";"NE_0001";"NE_0001";"NE_0001";"NE_0001"
"2023";"05";"021805";"ANCASH";"SANTA";"MORO";"GOBIERNO REGIONAL";"I-1";"00001718";"PUESTO DE SALUD CAPTUY";"NE_0001";"";"NE_0001";"NE_0001";"NE_0001";"NE_0001";"NE_0001";"NE_0001";"NE_0001"
"2023";"05";"020110";"ANCASH";"HUARAZ";"PARIACOTO";"GOBIERNO REGIONAL";"I-4";"00001734";"CENTRO DE SALUD PARIACOTO";"NE_0001";"";"NE_0001";"NE_0001";"NE_0001";"NE_0001";"NE_0001";"NE_0001";"NE_0001"
"2023";"05";"022005";"ANCASH";"YUNGAY";"QUILLO";"GOBIERNO REGIONAL";"I-4";"00001738";"CENTRO DE SALUD QUILLO";"NE_0001";"";"NE_0001";"NE_0001";"NE_0001";"NE_0001";"NE_0001";"NE_0001";"NE_0001"
"2023";"05";"021103";"ANCASH";"HUARMEY";"CULEBRAS";"GOBIERNO REGIONAL";"I-2";"00001746";"PUESTO DE SALUD QUIAN";"NE_0001";"";"NE_0001";"NE_0001";"NE_0001";"NE_0001";"NE_0001";"NE_0001";"NE_0001"
"2023";"05";"020104";"ANCASH";"HUARAZ";"HUANCHAY";"GOBIERNO REGIONAL";"I-1";"00001747";"PUESTO DE SALUD RAYPA";"NE_0001";"";"NE_0001";"NE_0001";"NE_0001";"NE_0001";"NE_0001";"NE_0001";"NE_0001"
"2023";"05";"021802";"ANCASH";"SANTA";"CACERES DEL PERU";"GOBIERNO REGIONAL";"I-2";"00001710";"PUESTO DE SALUD COLCAP";"NE_0001";"";"NE_0001";"NE_0001";"NE_0001";"NE_0001";"NE_0001";"NE_0001";"NE_0001"
"2023";"05";"021807";"ANCASH";"SANTA";"SAMANCO";"GOBIERNO REGIONAL";"I-1";"00001713";"PUESTO DE SALUD HUAMBACHO";"NE_0001";"";"NE_0001";"NE_0001";"NE_0001";"NE_0001";"NE_0001";"NE_0001";"NE_0001"
"2023";"05";"020802";"ANCASH";"CASMA";"BUENA VISTA ALTA";"GOBIERNO REGIONAL";"I-2";"00001725";"PUESTO DE SALUD EL OLIVAR";"NE_0001";"";"NE_0001";"NE_0001";"NE_0001";"NE_0001";"NE_0001";"NE_0001";"NE_0001"
"2023";"05";"020803";"ANCASH";"CASMA";"COMANDANTE NOEL";"GOBIERNO REGIONAL";"I-1";"00001727";"PUESTO DE SALUD TORTUGAS";"NE_0001";"";"NE_0001";"NE_0001";"NE_0001";"NE_0001";"NE_0001";"NE_0001";"NE_0001"
"2023";"05";"020804";"ANCASH";"CASMA";"YAUTAN";"GOBIERNO REGIONAL";"I-1";"00001729";"PUESTO DE SALUD CACHIPAMPA";"NE_0001";"";"NE_0001";"NE_0001";"NE_0001";"NE_0001";"NE_0001";"NE_0001";"NE_0001"
"2023";"05";"020102";"ANCASH";"HUARAZ";"COCHABAMBA";"GOBIERNO REGIONAL";"I-2";"00001730";"PUESTO DE SALUD COCHABAMBA";"NE_0001";"";"NE_0001";"NE_0001";"NE_0001";"NE_0001";"NE_0001";"NE_0001";"NE_0001"
"2023";"05";"022005";"ANCASH";"YUNGAY";"QUILLO";"GOBIERNO REGIONAL";"I-2";"00001739";"PUESTO DE SALUD HUACHO";"NE_0001";"";"NE_0001";"NE_0001";"NE_0001";"NE_0001";"NE_0001";"NE_0001";"NE_0001"
"2023";"05";"021103";"ANCASH";"HUARMEY";"CULEBRAS";"GOBIERNO REGIONAL";"I-2";"00001743";"PUESTO DE SALUD CULEBRAS";"NE_0001";"";"NE_0001";"NE_0001";"NE_0001";"NE_0001";"NE_0001";"NE_0001";"NE_0001"
"2023";"05";"021101";"ANCASH";"HUARMEY";"HUARMEY";"GOBIERNO REGIONAL";"I-3";"00001744";"CENTRO DE SALUD LA VICTORIA";"NE_0001";"";"NE_0001";"NE_0001";"NE_0001";"NE_0001";"NE_0001";"NE_0001";"NE_0001"
"2023";"05";"021101";"ANCASH";"HUARMEY";"HUARMEY";"GOBIERNO REGIONAL";"I-1";"00001751";"PUESTO DE SALUD HUAMBA";"NE_0001";"";"NE_0001";"NE_0001";"NE_0001";"NE_0001";"NE_0001";"NE_0001";"NE_0001"
"2023";"07";"220803";"SAN MARTIN";"RIOJA";"ELIAS SOPLIN VARGAS";"GOBIERNO REGIONAL";"I-1";"00006279";"PUERTO BAGAZAN";"NE_0002";"";"NE_0002";"NE_0002";"NE_0002";"NE_0002";"NE_0002";"NE_0002";"NE_0002"
"2023";"07";"220803";"SAN MARTIN";"RIOJA";"ELIAS SOPLIN VARGAS";"GOBIERNO REGIONAL";"I-1";"00017707";"LA VICTORIA";"NE_0002";"";"NE_0002";"NE_0002";"NE_0002";"NE_0002";"NE_0002";"NE_0002";"NE_0002"
"2023";"07";"220803";"SAN MARTIN";"RIOJA";"ELIAS SOPLIN VARGAS";"GOBIERNO REGIONAL";"I-1";"00007298";"LA NACIENTE DEL RIO NEGRO";"NE_0002";"";"NE_0002";"NE_0002";"NE_0002";"NE_0002";"NE_0002";"NE_0002";"NE_0002"
"2023";"07";"220803";"SAN MARTIN";"RIOJA";"ELIAS SOPLIN VARGAS";"GOBIERNO REGIONAL";"I-1";"00006903";"SANTA FE";"NE_0002";"";"NE_0002";"NE_0002";"NE_0002";"NE_0002";"NE_0002";"NE_0002";"NE_0002"
"2023";"07";"220803";"SAN MARTIN";"RIOJA";"ELIAS SOPLIN VARGAS";"GOBIERNO REGIONAL";"I-3";"00006277";"SEGUNDA JERUSALEN";"241600";"HOSPITALIZACIÓN QUIRÚRGICA OBSTETRICIA   ";"3";"3";"3";"1";"3";"93";"0"
"2023";"07";"220803";"SAN MARTIN";"RIOJA";"ELIAS SOPLIN VARGAS";"GOBIERNO REGIONAL";"I-3";"00006277";"SEGUNDA JERUSALEN";"241800";"HOSPITALIZACIÓN DE MEDICINA MEDICINA GENERAL ";"3";"3";"3";"13";"7";"217";"0"
"2023";"07";"220803";"SAN MARTIN";"RIOJA";"ELIAS SOPLIN VARGAS";"GOBIERNO REGIONAL";"I-1";"00006278";"VALLE GRANDE";"NE_0002";"";"NE_0002";"NE_0002";"NE_0002";"NE_0002";"NE_0002";"NE_0002";"NE_0002"
"2023";"07";"060809";"CAJAMARCA";"JAEN";"SALLIQUE";"GOBIERNO REGIONAL";"I-2";"00004253";"LA UNION";"NE_0001";"";"NE_0001";"NE_0001";"NE_0001";"NE_0001";"NE_0001";"NE_0001";"NE_0001"
"2023";"07";"150113";"LIMA";"LIMA";"JESUS MARIA";"PRIVADO";"II-E";"00009982";"CLINICA REPROMEDIC";"240000";"HOSPITALIZACIÓN";"117";"117";"263";"251";"10";"320";"0"
"2023";"07";"021809";"ANCASH";"SANTA";"NUEVO CHIMBOTE";"GOBIERNO REGIONAL";"II-2";"00001703";"ELEAZAR GUZMAN BARRON";"241800";"HOSPITALIZACIÓN DE MEDICINA MEDICINA GENERAL ";"70";"73";"742";"663";"23";"713";"10"
"2023";"07";"021809";"ANCASH";"SANTA";"NUEVO CHIMBOTE";"GOBIERNO REGIONAL";"II-2";"00001703";"ELEAZAR GUZMAN BARRON";"245700";"HOSPITALIZACIÓN QUIRÚRGICA CARDIOLOGIA ";"2";"2";"7";"7";"1";"31";"0"
"2023";"07";"021809";"ANCASH";"SANTA";"NUEVO CHIMBOTE";"GOBIERNO REGIONAL";"II-2";"00001703";"ELEAZAR GUZMAN BARRON";"244300";"HOSPITALIZACIÓN DE MEDICINA GASTROENTEROLOGÍA  ";"1";"1";"27";"12";"1";"31";"0"
"2023";"07";"021809";"ANCASH";"SANTA";"NUEVO CHIMBOTE";"GOBIERNO REGIONAL";"II-2";"00001703";"ELEAZAR GUZMAN BARRON";"245500";"HOSPITALIZACIÓN DE MEDICINA REUMATOLOGÍA    ";"2";"3";"7";"5";"1";"31";"0"
"2023";"07";"021809";"ANCASH";"SANTA";"NUEVO CHIMBOTE";"GOBIERNO REGIONAL";"II-2";"00001703";"ELEAZAR GUZMAN BARRON";"245300";"HOSPITALIZACIÓN DE MEDICINA NEUMOLOGÍA  ";"9";"9";"86";"86";"3";"93";"0"
"2023";"07";"021809";"ANCASH";"SANTA";"NUEVO CHIMBOTE";"GOBIERNO REGIONAL";"II-2";"00001703";"ELEAZAR GUZMAN BARRON";"242200";"HOSPITALIZACIÓN DE MEDICINA PSIQUIATRÍA ";"6";"5";"79";"171";"7";"217";"0"
"2023";"07";"021809";"ANCASH";"SANTA";"NUEVO CHIMBOTE";"GOBIERNO REGIONAL";"II-2";"00001703";"ELEAZAR GUZMAN BARRON";"240100";"HOSPITALIZACIÓN QUIRÚRGICA CIRUGÍA GENERAL ";"77";"75";"319";"313";"11";"341";"1"
"2023";"07";"021809";"ANCASH";"SANTA";"NUEVO CHIMBOTE";"GOBIERNO REGIONAL";"II-2";"00001703";"ELEAZAR GUZMAN BARRON";"241200";"HOSPITALIZACIÓN QUIRÚRGICA TRAUMATOLOGÍA Y ORTOPEDIA ";"31";"28";"465";"379";"13";"403";"0"
"2023";"07";"021809";"ANCASH";"SANTA";"NUEVO CHIMBOTE";"GOBIERNO REGIONAL";"II-2";"00001703";"ELEAZAR GUZMAN BARRON";"241100";"HOSPITALIZACIÓN QUIRÚRGICA OTORRINOLARINGOLOGÍA  ";"1";"2";"8";"7";"1";"31";"0"
"2023";"07";"021809";"ANCASH";"SANTA";"NUEVO CHIMBOTE";"GOBIERNO REGIONAL";"II-2";"00001703";"ELEAZAR GUZMAN BARRON";"241300";"HOSPITALIZACIÓN QUIRÚRGICA UROLOGÍA  ";"9";"8";"34";"39";"2";"62";"0"
"2023";"07";"021809";"ANCASH";"SANTA";"NUEVO CHIMBOTE";"GOBIERNO REGIONAL";"II-2";"00001703";"ELEAZAR GUZMAN BARRON";"242100";"HOSPITALIZACIÓN DE MEDICINA ONCOLOGÍA MÉDICA ";"7";"12";"53";"60";"3";"93";"0"
"2023";"07";"021809";"ANCASH";"SANTA";"NUEVO CHIMBOTE";"GOBIERNO REGIONAL";"II-2";"00001703";"ELEAZAR GUZMAN BARRON";"240900";"HOSPITALIZACIÓN QUIRÚRGICA NEUROCIRUGÍA ";"9";"8";"47";"84";"3";"93";"0"
"2023";"07";"021809";"ANCASH";"SANTA";"NUEVO CHIMBOTE";"GOBIERNO REGIONAL";"II-2";"00001703";"ELEAZAR GUZMAN BARRON";"240801";"HOSPITALIZACIÓN QUIRÚRGICA CIRUGÍA PLÁSTICA/RECONSTRUCTIVA/ REPARADORA QUEMADOS";"4";"5";"31";"27";"1";"31";"0"
"2023";"07";"021809";"ANCASH";"SANTA";"NUEVO CHIMBOTE";"GOBIERNO REGIONAL";"II-2";"00001703";"ELEAZAR GUZMAN BARRON";"242300";"HOSPITALIZACIÓN DE PEDIATRÍA  PEDIATRÍA  GENERAL ";"197";"195";"830";"869";"31";"961";"2"
"2023";"07";"021809";"ANCASH";"SANTA";"NUEVO CHIMBOTE";"GOBIERNO REGIONAL";"II-2";"00001703";"ELEAZAR GUZMAN BARRON";"241600";"HOSPITALIZACIÓN QUIRÚRGICA OBSTETRICIA   ";"241";"249";"563";"401";"15";"465";"0"
"2023";"07";"021809";"ANCASH";"SANTA";"NUEVO CHIMBOTE";"GOBIERNO REGIONAL";"II-2";"00001703";"ELEAZAR GUZMAN BARRON";"241500";"HOSPITALIZACIÓN QUIRÚRGICA GINECOLOGÍA  ";"34";"33";"88";"121";"5";"155";"0"
"2023";"07";"021809";"ANCASH";"SANTA";"NUEVO CHIMBOTE";"GOBIERNO REGIONAL";"II-2";"00001703";"ELEAZAR GUZMAN BARRON";"250100";"UNIDAD DE CUIDADOS CRITICOS UNIDAD  DE CUIDADOS INTENSIVOS GENERALES (UCI) ";"9";"8";"167";"390";"16";"496";"8"
"2023";"07";"040103";"AREQUIPA";"AREQUIPA";"CAYMA";"PRIVADO";"II-1";"00015730";"CLINICA SAN JUAN DE DIOS";"240000";"HOSPITALIZACIÓN";"453";"479";"1648";"1646";"80";"2480";"4"
"2023";"07";"150131";"LIMA";"LIMA";"SAN ISIDRO";"PRIVADO";"III-1";"00009409";"CLINICA RICARDO PALMA";"240000";"HOSPITALIZACIÓN";"811";"706";"3351";"3345";"149";"3632";"20"
"2023";"07";"150131";"LIMA";"LIMA";"SAN ISIDRO";"PRIVADO";"III-1";"00009409";"CLINICA RICARDO PALMA";"242300";"HOSPITALIZACIÓN DE PEDIATRÍA  PEDIATRÍA  GENERAL ";"73";"71";"450";"340";"18";"440";"0"
"2023";"07";"150131";"LIMA";"LIMA";"SAN ISIDRO";"PRIVADO";"III-1";"00009409";"CLINICA RICARDO PALMA";"241400";"HOSPITALIZACIÓN QUIRÚRGICA GINECO - OBSTETRICIA ";"87";"63";"260";"125";"8";"149";"0"
"2023";"07";"150131";"LIMA";"LIMA";"SAN ISIDRO";"PRIVADO";"III-1";"00009409";"CLINICA RICARDO PALMA";"250105";"UNIDAD DE CUIDADOS CRITICOS UNIDAD  DE CUIDADOS INTENSIVOS  (UCI) NEONATOLOGÍA";"3";"1";"3";"69";"4";"162";"0"
"2023";"07";"220507";"SAN MARTIN";"LAMAS";"RUMISAPA";"GOBIERNO REGIONAL";"I-1";"00006389";"CHURUZAPA";"NE_0001";"";"NE_0001";"NE_0001";"NE_0001";"NE_0001";"NE_0001";"NE_0001";"NE_0001"
"2023";"07";"220508";"SAN MARTIN";"LAMAS";"SAN ROQUE DE CUMBAZA";"GOBIERNO REGIONAL";"I-1";"00006386";"SAN ROQUE DE CUMBAZA";"NE_0001";"";"NE_0001";"NE_0001";"NE_0001";"NE_0001";"NE_0001";"NE_0001";"NE_0001"
"2023";"07";"220507";"SAN MARTIN";"LAMAS";"RUMISAPA";"GOBIERNO REGIONAL";"I-1";"00006393";"PACCHILLA";"NE_0001";"";"NE_0001";"NE_0001";"NE_0001";"NE_0001";"NE_0001";"NE_0001";"NE_0001"
"2023";"07";"040106";"AREQUIPA";"AREQUIPA";"CHIGUATA";"GOBIERNO REGIONAL";"I-3";"00001299";"CENTRO DE SALUD CHIGUATA";"NE_0001";"";"NE_0001";"NE_0001";"NE_0001";"NE_0001";"NE_0001";"NE_0001";"NE_0001"
"2023";"07";"160601";"LORETO";"UCAYALI";"CONTAMANA";"ESSALUD";"I-3";"00010843";"POSTA MEDICA ESSALUD CONTAMANA";"NE_0001";"";"NE_0001";"NE_0001";"NE_0001";"NE_0001";"NE_0001";"NE_0001";"NE_0001"
"2023";"07";"120701";"JUNIN";"TARMA";"TARMA";"GOBIERNO REGIONAL";"I-1";"00000591";"CARHUACATAC";"NE_0001";"";"NE_0001";"NE_0001";"NE_0001";"NE_0001";"NE_0001";"NE_0001";"NE_0001"
"2023";"07";"120701";"JUNIN";"TARMA";"TARMA";"GOBIERNO REGIONAL";"I-1";"00000585";"COCHAS";"NE_0001";"";"NE_0001";"NE_0001";"NE_0001";"NE_0001";"NE_0001";"NE_0001";"NE_0001"
"2023";"07";"150131";"LIMA";"LIMA";"SAN ISIDRO";"PRIVADO";"I-2";"00008215";"MEDICENTRO SAN ISIDRO";"NE_0001";"";"NE_0001";"NE_0001";"NE_0001";"NE_0001";"NE_0001";"NE_0001";"NE_0001"
"2023";"07";"220203";"SAN MARTIN";"BELLAVISTA";"BAJO BIAVO";"GOBIERNO REGIONAL";"I-1";"00006520";"NUEVO TARAPOTO";"NE_0002";"";"NE_0002";"NE_0002";"NE_0002";"NE_0002";"NE_0002";"NE_0002";"NE_0002"
"2023";"07";"220203";"SAN MARTIN";"BELLAVISTA";"BAJO BIAVO";"GOBIERNO REGIONAL";"I-1";"00006522";"LA UNION";"NE_0002";"";"NE_0002";"NE_0002";"NE_0002";"NE_0002";"NE_0002";"NE_0002";"NE_0002"
"2023";"07";"220203";"SAN MARTIN";"BELLAVISTA";"BAJO BIAVO";"GOBIERNO REGIONAL";"I-1";"00006521";"DOS UNIDOS";"NE_0002";"";"NE_0002";"NE_0002";"NE_0002";"NE_0002";"NE_0002";"NE_0002";"NE_0002"
"2023";"07";"220203";"SAN MARTIN";"BELLAVISTA";"BAJO BIAVO";"GOBIERNO REGIONAL";"I-1";"00011343";"YANAYACU";"NE_0002";"";"NE_0002";"NE_0002";"NE_0002";"NE_0002";"NE_0002";"NE_0002";"NE_0002"
"2023";"07";"150140";"LIMA";"LIMA";"SANTIAGO DE SURCO";"PRIVADO";"I-3";"00024299";"CLINICA INTERNACIONAL - SEDE SURCO";"NE_0001";"";"NE_0001";"NE_0001";"NE_0001";"NE_0001";"NE_0001";"NE_0001";"NE_0001"
"2023";"07";"040112";"AREQUIPA";"AREQUIPA";"PAUCARPATA";"ESSALUD";"II-1";"00013296";"HOSPITAL I EDMUNDO ESCOMEL";"241800";"HOSPITALIZACIÓN DE MEDICINA MEDICINA GENERAL ";"50";"51";"318";"334";"11";"341";"0"
"2023";"07";"040112";"AREQUIPA";"AREQUIPA";"PAUCARPATA";"ESSALUD";"II-1";"00013296";"HOSPITAL I EDMUNDO ESCOMEL";"240100";"HOSPITALIZACIÓN QUIRÚRGICA CIRUGÍA GENERAL ";"167";"164";"380";"382";"14";"434";"0"
"2023";"07";"040112";"AREQUIPA";"AREQUIPA";"PAUCARPATA";"ESSALUD";"II-1";"00013296";"HOSPITAL I EDMUNDO ESCOMEL";"241200";"HOSPITALIZACIÓN QUIRÚRGICA TRAUMATOLOGÍA Y ORTOPEDIA ";"19";"23";"95";"82";"5";"155";"0"
"2023";"07";"040112";"AREQUIPA";"AREQUIPA";"PAUCARPATA";"ESSALUD";"II-1";"00013296";"HOSPITAL I EDMUNDO ESCOMEL";"241500";"HOSPITALIZACIÓN QUIRÚRGICA GINECOLOGÍA  ";"33";"36";"118";"106";"4";"124";"0"
"2023";"07";"040112";"AREQUIPA";"AREQUIPA";"PAUCARPATA";"ESSALUD";"II-1";"00013296";"HOSPITAL I EDMUNDO ESCOMEL";"241600";"HOSPITALIZACIÓN QUIRÚRGICA OBSTETRICIA   ";"167";"163";"326";"324";"14";"434";"0"
"2023";"07";"040112";"AREQUIPA";"AREQUIPA";"PAUCARPATA";"ESSALUD";"II-1";"00013296";"HOSPITAL I EDMUNDO ESCOMEL";"242300";"HOSPITALIZACIÓN DE PEDIATRÍA  PEDIATRÍA  GENERAL ";"107";"112";"304";"300";"10";"310";"0"
"2023";"07";"120201";"JUNIN";"CONCEPCION";"CONCEPCION";"GOBIERNO REGIONAL";"II-E";"00027857";"INSTITUTO REGIONAL DE ENFERMEDADES NEOPLÁSICAS DEL CENTRO - IREN CENTRO";"242100";"HOSPITALIZACIÓN DE MEDICINA ONCOLOGÍA MÉDICA ";"122";"117";"702";"612";"25";"755";"8"
"2023";"07";"120201";"JUNIN";"CONCEPCION";"CONCEPCION";"GOBIERNO REGIONAL";"II-E";"00027857";"INSTITUTO REGIONAL DE ENFERMEDADES NEOPLÁSICAS DEL CENTRO - IREN CENTRO";"241000";"HOSPITALIZACIÓN QUIRÚRGICA ONCOLOGÍA QUIRÚRGICA  ";"73";"76";"423";"480";"20";"605";"2"
"2023";"07";"120201";"JUNIN";"CONCEPCION";"CONCEPCION";"GOBIERNO REGIONAL";"II-E";"00027857";"INSTITUTO REGIONAL DE ENFERMEDADES NEOPLÁSICAS DEL CENTRO - IREN CENTRO";"250100";"UNIDAD DE CUIDADOS CRITICOS UNIDAD  DE CUIDADOS INTENSIVOS GENERALES (UCI) ";"9";"12";"18";"70";"5";"178";"4"
"2023";"07";"120201";"JUNIN";"CONCEPCION";"CONCEPCION";"GOBIERNO REGIONAL";"II-E";"00027857";"INSTITUTO REGIONAL DE ENFERMEDADES NEOPLÁSICAS DEL CENTRO - IREN CENTRO";"250200";"UNIDAD DE CUIDADOS CRITICOS UNIDAD DE CUIDADOS INTERMEDIOS GENERAL  (UCIN) ";"8";"9";"62";"85";"4";"118";"2"
"2023";"07";"120704";"JUNIN";"TARMA";"HUASAHUASI";"GOBIERNO REGIONAL";"I-1";"00000547";"CHIRAS";"NE_0001";"";"NE_0001";"NE_0001";"NE_0001";"NE_0001";"NE_0001";"NE_0001";"NE_0001"
"2023";"07";"120704";"JUNIN";"TARMA";"HUASAHUASI";"GOBIERNO REGIONAL";"I-1";"00000544";"PUNRAY";"NE_0001";"";"NE_0001";"NE_0001";"NE_0001";"NE_0001";"NE_0001";"NE_0001";"NE_0001"
"2023";"07";"120704";"JUNIN";"TARMA";"HUASAHUASI";"GOBIERNO REGIONAL";"I-1";"00000543";"CASCA";"NE_0001";"";"NE_0001";"NE_0001";"NE_0001";"NE_0001";"NE_0001";"NE_0001";"NE_0001"
"2023";"07";"120704";"JUNIN";"TARMA";"HUASAHUASI";"GOBIERNO REGIONAL";"I-4";"00000542";"HUASAHUASI";"241600";"HOSPITALIZACIÓN QUIRÚRGICA OBSTETRICIA   ";"7";"7";"7";"7";"7";"217";"0"
"2023";"07";"120704";"JUNIN";"TARMA";"HUASAHUASI";"GOBIERNO REGIONAL";"I-1";"00000546";"SAN JUAN DE LA LIBERTAD";"NE_0001";"";"NE_0001";"NE_0001";"NE_0001";"NE_0001";"NE_0001";"NE_0001";"NE_0001"
"2023";"07";"120704";"JUNIN";"TARMA";"HUASAHUASI";"GOBIERNO REGIONAL";"I-1";"00000545";"HUACUAS";"NE_0001";"";"NE_0001";"NE_0001";"NE_0001";"NE_0001";"NE_0001";"NE_0001";"NE_0001"
"2023";"07";"080907";"CUSCO";"LA CONVENCION";"KIMBIRI";"GOBIERNO REGIONAL";"II-E";"00002469";"SAN JUAN DE KIMBIRI-VRAEM";"240100";"HOSPITALIZACIÓN QUIRÚRGICA CIRUGÍA GENERAL ";"16";"20";"94";"79";"13";"386";"0"
"2023";"07";"080907";"CUSCO";"LA CONVENCION";"KIMBIRI";"GOBIERNO REGIONAL";"II-E";"00002469";"SAN JUAN DE KIMBIRI-VRAEM";"241400";"HOSPITALIZACIÓN QUIRÚRGICA GINECO - OBSTETRICIA ";"121";"120";"277";"396";"10";"400";"0"
"2023";"07";"080907";"CUSCO";"LA CONVENCION";"KIMBIRI";"GOBIERNO REGIONAL";"II-E";"00002469";"SAN JUAN DE KIMBIRI-VRAEM";"241800";"HOSPITALIZACIÓN DE MEDICINA MEDICINA GENERAL ";"26";"26";"122";"178";"5";"201";"2"
"2023";"07";"080907";"CUSCO";"LA CONVENCION";"KIMBIRI";"GOBIERNO REGIONAL";"II-E";"00002469";"SAN JUAN DE KIMBIRI-VRAEM";"242500";"HOSPITALIZACIÓN-PEDIATRÍA GENERAL-";"51";"52";"216";"205";"15";"465";"0"
"2023";"07";"120704";"JUNIN";"TARMA";"HUASAHUASI";"GOBIERNO REGIONAL";"I-1";"00000548";"TIAMBRA";"NE_0001";"";"NE_0001";"NE_0001";"NE_0001";"NE_0001";"NE_0001";"NE_0001";"NE_0001"
"2023";"07";"040110";"AREQUIPA";"AREQUIPA";"MIRAFLORES";"GOBIERNO REGIONAL";"I-4";"00001292";"CENTRO DE SALUD EDIFICADORES MISTI";"241600";"HOSPITALIZACIÓN QUIRÚRGICA OBSTETRICIA   ";"8";"8";"8";"8";"8";"31";"0"
"2023";"07";"120606";"JUNIN";"SATIPO";"PANGOA";"GOBIERNO REGIONAL";"I-3";"00000443";"SAN RAMON DE PANGOA";"NE_0001";"";"NE_0001";"NE_0001";"NE_0001";"NE_0001";"NE_0001";"NE_0001";"NE_0001"
"2023";"07";"120606";"JUNIN";"SATIPO";"PANGOA";"GOBIERNO REGIONAL";"I-1";"00000456";"SANTA ROSA ALTO KIATARI";"NE_0001";"";"NE_0001";"NE_0001";"NE_0001";"NE_0001";"NE_0001";"NE_0001";"NE_0001"
"2023";"07";"120606";"JUNIN";"SATIPO";"PANGOA";"GOBIERNO REGIONAL";"I-2";"00000444";"CHAVINI";"NE_0001";"";"NE_0001";"NE_0001";"NE_0001";"NE_0001";"NE_0001";"NE_0001";"NE_0001"
"2023";"06";"100109";"HUANUCO";"HUANUCO";"SANTA MARIA DEL VALLE";"GOBIERNO REGIONAL";"I-1";"00013848";"INGENIO BAJO";"NE_0001";"";"NE_0001";"NE_0001";"NE_0001";"NE_0001";"NE_0001";"NE_0001";"NE_0001"
"2023";"06";"100109";"HUANUCO";"HUANUCO";"SANTA MARIA DEL VALLE";"GOBIERNO REGIONAL";"I-2";"00007079";"SAN MIGUEL DE MITOQUERA";"NE_0001";"";"NE_0001";"NE_0001";"NE_0001";"NE_0001";"NE_0001";"NE_0001";"NE_0001"
"2023";"03";"120706";"JUNIN";"TARMA";"PALCA";"GOBIERNO REGIONAL";"I-1";"00000572";"LLACSACACA";"NE_0001";"";"NE_0001";"NE_0001";"NE_0001";"NE_0001";"NE_0001";"NE_0001";"NE_0001"
"2023";"03";"120706";"JUNIN";"TARMA";"PALCA";"GOBIERNO REGIONAL";"I-3";"00000569";"PALCA";"NE_0001";"";"NE_0001";"NE_0001";"NE_0001";"NE_0001";"NE_0001";"NE_0001";"NE_0001"
"2023";"03";"120706";"JUNIN";"TARMA";"PALCA";"GOBIERNO REGIONAL";"I-1";"00000570";"ÑAHUIN";"NE_0001";"";"NE_0001";"NE_0001";"NE_0001";"NE_0001";"NE_0001";"NE_0001";"NE_0001"
"2023";"03";"120706";"JUNIN";"TARMA";"PALCA";"GOBIERNO REGIONAL";"I-1";"00000571";"CARPAPATA";"NE_0001";"";"NE_0001";"NE_0001";"NE_0001";"NE_0001";"NE_0001";"NE_0001";"NE_0001"
"2023";"04";"221005";"SAN MARTIN";"TOCACHE";"UCHIZA";"ESSALUD";"I-2";"00010702";"POSTA MEDICA SANTA LUCIA";"NE_0001";"";"NE_0001";"NE_0001";"NE_0001";"NE_0001";"NE_0001";"NE_0001";"NE_0001"
"2023";"07";"090301";"HUANCAVELICA";"ANGARAES";"LIRCAY";"GOBIERNO REGIONAL";"I-3";"00028484";"CENTRO DE SALUD MENTAL COMUNITARIO ANGARAES";"NE_0002";"";"NE_0002";"NE_0002";"NE_0002";"NE_0002";"NE_0002";"NE_0002";"NE_0002"
"2023";"07";"090301";"HUANCAVELICA";"ANGARAES";"LIRCAY";"GOBIERNO REGIONAL";"I-2";"00003945";"CARHUAPATA";"NE_0001";"";"NE_0001";"NE_0001";"NE_0001";"NE_0001";"NE_0001";"NE_0001";"NE_0001"
"2023";"07";"090301";"HUANCAVELICA";"ANGARAES";"LIRCAY";"GOBIERNO REGIONAL";"I-1";"00003946";"PIRCAPAHUANA";"NE_0001";"";"NE_0001";"NE_0001";"NE_0001";"NE_0001";"NE_0001";"NE_0001";"NE_0001"
"2023";"07";"090301";"HUANCAVELICA";"ANGARAES";"LIRCAY";"GOBIERNO REGIONAL";"I-2";"00003949";"CHAHUARMA";"NE_0001";"";"NE_0001";"NE_0001";"NE_0001";"NE_0001";"NE_0001";"NE_0001";"NE_0001"
"2023";"07";"090301";"HUANCAVELICA";"ANGARAES";"LIRCAY";"GOBIERNO REGIONAL";"I-1";"00003951";"TUCSIPAMPA";"NE_0001";"";"NE_0001";"NE_0001";"NE_0001";"NE_0001";"NE_0001";"NE_0001";"NE_0001"
"2023";"07";"090308";"HUANCAVELICA";"ANGARAES";"HUALLAY-GRANDE";"GOBIERNO REGIONAL";"I-2";"00003954";"HUAYLLAY GRANDE";"NE_0001";"";"NE_0001";"NE_0001";"NE_0001";"NE_0001";"NE_0001";"NE_0001";"NE_0001"
"2023";"07";"090304";"HUANCAVELICA";"ANGARAES";"CCOCHACCASA";"GOBIERNO REGIONAL";"I-3";"00003955";"CCOCHACCASA";"NE_0002";"";"NE_0002";"NE_0002";"NE_0002";"NE_0002";"NE_0002";"NE_0002";"NE_0002"
"2023";"07";"090302";"HUANCAVELICA";"ANGARAES";"ANCHONGA";"GOBIERNO REGIONAL";"I-1";"00003958";"ANCHONGA";"NE_0001";"";"NE_0001";"NE_0001";"NE_0001";"NE_0001";"NE_0001";"NE_0001";"NE_0001"
"2023";"07";"090305";"HUANCAVELICA";"ANGARAES";"CHINCHO";"GOBIERNO REGIONAL";"I-1";"00003963";"CHINCHO";"NE_0001";"";"NE_0001";"NE_0001";"NE_0001";"NE_0001";"NE_0001";"NE_0001";"NE_0001"
"2023";"07";"090306";"HUANCAVELICA";"ANGARAES";"CONGALLA";"GOBIERNO REGIONAL";"I-1";"00011199";"CHAYNABAMBA";"NE_0001";"";"NE_0001";"NE_0001";"NE_0001";"NE_0001";"NE_0001";"NE_0001";"NE_0001"
"2023";"07";"090302";"HUANCAVELICA";"ANGARAES";"ANCHONGA";"GOBIERNO REGIONAL";"I-1";"00011454";"ALTO MARAYNIYOCC";"NE_0001";"";"NE_0001";"NE_0001";"NE_0001";"NE_0001";"NE_0001";"NE_0001";"NE_0001"
"2023";"07";"090302";"HUANCAVELICA";"ANGARAES";"ANCHONGA";"GOBIERNO REGIONAL";"I-1";"00006930";"HUARIRUMI - CHONTACANCHA";"NE_0001";"";"NE_0001";"NE_0001";"NE_0001";"NE_0001";"NE_0001";"NE_0001";"NE_0001"
"2023";"07";"090302";"HUANCAVELICA";"ANGARAES";"ANCHONGA";"GOBIERNO REGIONAL";"I-2";"00003961";"SAN PABLO DE OCCO";"NE_0001";"";"NE_0001";"NE_0001";"NE_0001";"NE_0001";"NE_0001";"NE_0001";"NE_0001"
"2023";"07";"090306";"HUANCAVELICA";"ANGARAES";"CONGALLA";"GOBIERNO REGIONAL";"I-1";"00003973";"YUNYACCASA";"NE_0001";"";"NE_0001";"NE_0001";"NE_0001";"NE_0001";"NE_0001";"NE_0001";"NE_0001"
"2023";"07";"090306";"HUANCAVELICA";"ANGARAES";"CONGALLA";"GOBIERNO REGIONAL";"I-1";"00003974";"CARCOSI";"NE_0001";"";"NE_0001";"NE_0001";"NE_0001";"NE_0001";"NE_0001";"NE_0001";"NE_0001"
"2023";"07";"090306";"HUANCAVELICA";"ANGARAES";"CONGALLA";"GOBIERNO REGIONAL";"I-1";"00003975";"LIRCAYCCASA";"NE_0001";"";"NE_0001";"NE_0001";"NE_0001";"NE_0001";"NE_0001";"NE_0001";"NE_0001"
"2023";"07";"090307";"HUANCAVELICA";"ANGARAES";"HUANCA-HUANCA";"GOBIERNO REGIONAL";"I-1";"00011200";"CCARAPA";"NE_0001";"";"NE_0001";"NE_0001";"NE_0001";"NE_0001";"NE_0001";"NE_0001";"NE_0001"
"2023";"07";"090301";"HUANCAVELICA";"ANGARAES";"LIRCAY";"GOBIERNO REGIONAL";"I-1";"00011201";"CIENEGUILLA";"NE_0001";"";"NE_0001";"NE_0001";"NE_0001";"NE_0001";"NE_0001";"NE_0001";"NE_0001"
"2023";"07";"090304";"HUANCAVELICA";"ANGARAES";"CCOCHACCASA";"GOBIERNO REGIONAL";"I-1";"00011204";"VELASCO PUCAPAMPA";"NE_0001";"";"NE_0001";"NE_0001";"NE_0001";"NE_0001";"NE_0001";"NE_0001";"NE_0001"
"2023";"07";"090301";"HUANCAVELICA";"ANGARAES";"LIRCAY";"GOBIERNO REGIONAL";"I-1";"00003948";"UCHCUPAMPA";"NE_0001";"";"NE_0001";"NE_0001";"NE_0001";"NE_0001";"NE_0001";"NE_0001";"NE_0001"
"2023";"07";"090310";"HUANCAVELICA";"ANGARAES";"SAN ANTONIO DE ANTAPARCO";"GOBIERNO REGIONAL";"I-1";"00003966";"MAICENA";"NE_0001";"";"NE_0001";"NE_0001";"NE_0001";"NE_0001";"NE_0001";"NE_0001";"NE_0001"
"2023";"07";"090311";"HUANCAVELICA";"ANGARAES";"SANTO TOMAS DE PATA";"GOBIERNO REGIONAL";"I-1";"00003967";"SANTO TOMAS DE PATA";"NE_0001";"";"NE_0001";"NE_0001";"NE_0001";"NE_0001";"NE_0001";"NE_0001";"NE_0001"
"2023";"07";"090311";"HUANCAVELICA";"ANGARAES";"SANTO TOMAS DE PATA";"GOBIERNO REGIONAL";"I-1";"00003968";"CHUPACC";"NE_0001";"";"NE_0001";"NE_0001";"NE_0001";"NE_0001";"NE_0001";"NE_0001";"NE_0001"
"2023";"07";"090301";"HUANCAVELICA";"ANGARAES";"LIRCAY";"GOBIERNO REGIONAL";"I-1";"00011202";"PAMPAHUASI";"NE_0001";"";"NE_0001";"NE_0001";"NE_0001";"NE_0001";"NE_0001";"NE_0001";"NE_0001"
"2023";"07";"090301";"HUANCAVELICA";"ANGARAES";"LIRCAY";"GOBIERNO REGIONAL";"I-1";"00011205";"UNION PROGRESO PATAHUASI";"NE_0001";"";"NE_0001";"NE_0001";"NE_0001";"NE_0001";"NE_0001";"NE_0001";"NE_0001"
"2023";"07";"110401";"ICA";"PALPA";"PALPA";"MINSA";"II-1";"00003458";"DE APOYO DE PALPA";"240100";"HOSPITALIZACIÓN QUIRÚRGICA CIRUGÍA GENERAL ";"3";"3";"17";"17";"6";"169";"0"
"2023";"07";"110401";"ICA";"PALPA";"PALPA";"MINSA";"II-1";"00003458";"DE APOYO DE PALPA";"241600";"HOSPITALIZACIÓN QUIRÚRGICA OBSTETRICIA   ";"9";"10";"16";"17";"9";"262";"0"
"2023";"07";"110401";"ICA";"PALPA";"PALPA";"MINSA";"II-1";"00003458";"DE APOYO DE PALPA";"241800";"HOSPITALIZACIÓN DE MEDICINA MEDICINA GENERAL ";"10";"13";"43";"43";"9";"236";"2"
"2023";"07";"110401";"ICA";"PALPA";"PALPA";"MINSA";"II-1";"00003458";"DE APOYO DE PALPA";"242500";"HOSPITALIZACIÓN-PEDIATRÍA GENERAL-";"8";"8";"17";"17";"6";"169";"0"
"2023";"07";"150106";"LIMA";"LIMA";"CARABAYLLO";"ESSALUD";"I-3";"00026009";"CAP III CARABAYLLO";"NE_0001";"";"NE_0001";"NE_0001";"NE_0001";"NE_0001";"NE_0001";"NE_0001";"NE_0001"
"2023";"07";"080503";"CUSCO";"CANAS";"KUNTURKANKI";"GOBIERNO REGIONAL";"I-4";"00007700";"EL DESCANSO";"NE_0001";"";"NE_0001";"NE_0001";"NE_0001";"NE_0001";"NE_0001";"NE_0001";"NE_0001"
"2023";"07";"080502";"CUSCO";"CANAS";"CHECCA";"GOBIERNO REGIONAL";"I-1";"00002367";"CHITIBAMBA";"NE_0001";"";"NE_0001";"NE_0001";"NE_0001";"NE_0001";"NE_0001";"NE_0001";"NE_0001"
"2023";"07";"080502";"CUSCO";"CANAS";"CHECCA";"GOBIERNO REGIONAL";"I-2";"00002366";"CHECCA";"NE_0001";"";"NE_0001";"NE_0001";"NE_0001";"NE_0001";"NE_0001";"NE_0001";"NE_0001"
"2023";"08";"080706";"CUSCO";"CHUMBIVILCAS";"LLUSCO";"GOBIERNO REGIONAL";"I-2";"00006747";"LUTTO";"NE_0001";"";"NE_0001";"NE_0001";"NE_0001";"NE_0001";"NE_0001";"NE_0001";"NE_0001"
"2023";"08";"080706";"CUSCO";"CHUMBIVILCAS";"LLUSCO";"GOBIERNO REGIONAL";"I-2";"00002407";"LLUSCO";"NE_0001";"";"NE_0001";"NE_0001";"NE_0001";"NE_0001";"NE_0001";"NE_0001";"NE_0001"
"2023";"08";"080707";"CUSCO";"CHUMBIVILCAS";"QUIÑOTA";"GOBIERNO REGIONAL";"I-2";"00002408";"QUIÑOTA";"NE_0001";"";"NE_0001";"NE_0001";"NE_0001";"NE_0001";"NE_0001";"NE_0001";"NE_0001"
"2023";"08";"080706";"CUSCO";"CHUMBIVILCAS";"LLUSCO";"GOBIERNO REGIONAL";"I-1";"00006985";"TOTORAPALLCA";"NE_0001";"";"NE_0001";"NE_0001";"NE_0001";"NE_0001";"NE_0001";"NE_0001";"NE_0001"
"2023";"08";"060801";"CAJAMARCA";"JAEN";"JAEN";"GOBIERNO REGIONAL";"I-1";"00004215";"CHAMAYA";"NE_0001";"";"NE_0001";"NE_0001";"NE_0001";"NE_0001";"NE_0001";"NE_0001";"NE_0001"
"2023";"08";"060801";"CAJAMARCA";"JAEN";"JAEN";"GOBIERNO REGIONAL";"I-2";"00007168";"MONTEGRANDE";"NE_0001";"";"NE_0001";"NE_0001";"NE_0001";"NE_0001";"NE_0001";"NE_0001";"NE_0001"
"2023";"08";"060801";"CAJAMARCA";"JAEN";"JAEN";"GOBIERNO REGIONAL";"I-1";"00004220";"PALMA CENTRAL";"NE_0001";"";"NE_0001";"NE_0001";"NE_0001";"NE_0001";"NE_0001";"NE_0001";"NE_0001"
"2023";"08";"060801";"CAJAMARCA";"JAEN";"JAEN";"GOBIERNO REGIONAL";"I-4";"00004211";"MORRO SOLAR";"241800";"HOSPITALIZACIÓN DE MEDICINA MEDICINA GENERAL ";"41";"40";"50";"41";"8";"199";"0"
"2023";"08";"060801";"CAJAMARCA";"JAEN";"JAEN";"GOBIERNO REGIONAL";"0";"00031497";"HOGAR PROTEGIDO SEÑOR DE HUAMANTANGA";"NE_0001";"";"NE_0001";"NE_0001";"NE_0001";"NE_0001";"NE_0001";"NE_0001";"NE_0001"
"2023";"08";"060801";"CAJAMARCA";"JAEN";"JAEN";"GOBIERNO REGIONAL";"I-1";"00004214";"LAS NARANJAS";"NE_0001";"";"NE_0001";"NE_0001";"NE_0001";"NE_0001";"NE_0001";"NE_0001";"NE_0001"
"2023";"08";"060801";"CAJAMARCA";"JAEN";"JAEN";"GOBIERNO REGIONAL";"I-1";"00007024";"SAN MARTIN DE PORRES";"NE_0001";"";"NE_0001";"NE_0001";"NE_0001";"NE_0001";"NE_0001";"NE_0001";"NE_0001"
"2023";"08";"060801";"CAJAMARCA";"JAEN";"JAEN";"GOBIERNO REGIONAL";"I-1";"00004221";"VALILLO";"NE_0001";"";"NE_0001";"NE_0001";"NE_0001";"NE_0001";"NE_0001";"NE_0001";"NE_0001"
"2023";"08";"060801";"CAJAMARCA";"JAEN";"JAEN";"GOBIERNO REGIONAL";"I-2";"00025858";"NUEVO HORIZONTE";"NE_0001";"";"NE_0001";"NE_0001";"NE_0001";"NE_0001";"NE_0001";"NE_0001";"NE_0001"
"2023";"08";"130504";"LA LIBERTAD";"JULCAN";"HUASO";"GOBIERNO REGIONAL";"I-2";"00006770";"CHINCHINVARA";"NE_0001";"";"NE_0001";"NE_0001";"NE_0001";"NE_0001";"NE_0001";"NE_0001";"NE_0001"
"2023";"08";"130504";"LA LIBERTAD";"JULCAN";"HUASO";"GOBIERNO REGIONAL";"I-4";"00005312";"HUASO";"NE_0001";"";"NE_0001";"NE_0001";"NE_0001";"NE_0001";"NE_0001";"NE_0001";"NE_0001"
"2023";"08";"130504";"LA LIBERTAD";"JULCAN";"HUASO";"GOBIERNO REGIONAL";"I-2";"00006772";"LA VEGA";"NE_0001";"";"NE_0001";"NE_0001";"NE_0001";"NE_0001";"NE_0001";"NE_0001";"NE_0001"
"2023";"08";"130504";"LA LIBERTAD";"JULCAN";"HUASO";"GOBIERNO REGIONAL";"I-1";"00016422";"LA UNION";"NE_0001";"";"NE_0001";"NE_0001";"NE_0001";"NE_0001";"NE_0001";"NE_0001";"NE_0001"
"2023";"08";"130504";"LA LIBERTAD";"JULCAN";"HUASO";"GOBIERNO REGIONAL";"I-2";"00005313";"PARASIVE";"NE_0002";"";"NE_0002";"NE_0002";"NE_0002";"NE_0002";"NE_0002";"NE_0002";"NE_0002"
"2023";"08";"130504";"LA LIBERTAD";"JULCAN";"HUASO";"GOBIERNO REGIONAL";"I-2";"00005335";"UNINGAMBAL";"NE_0001";"";"NE_0001";"NE_0001";"NE_0001";"NE_0001";"NE_0001";"NE_0001";"NE_0001"
"2023";"08";"130504";"LA LIBERTAD";"JULCAN";"HUASO";"GOBIERNO REGIONAL";"I-3";"00006771";"CANRAZ";"NE_0001";"";"NE_0001";"NE_0001";"NE_0001";"NE_0001";"NE_0001";"NE_0001";"NE_0001"
"2023";"08";"150130";"LIMA";"LIMA";"SAN BORJA";"PRIVADO";"II-E";"00011056";"OFTALMIC SERVICE SAC";"NE_0001";"";"NE_0001";"NE_0001";"NE_0001";"NE_0001";"NE_0001";"NE_0001";"NE_0001"
"2023";"08";"070101";"CALLAO";"CALLAO";"CALLAO";"PRIVADO";"I-2";"00018306";"CENTRO DE ATENCIÓN PRIMARIA ALBERTO LEONARDO BARTON THOMPSON";"NE_0001";"";"NE_0001";"NE_0001";"NE_0001";"NE_0001";"NE_0001";"NE_0001";"NE_0001"
"2023";"08";"080703";"CUSCO";"CHUMBIVILCAS";"CHAMACA";"GOBIERNO REGIONAL";"I-2";"00002402";"CHAMACA";"NE_0001";"";"NE_0001";"NE_0001";"NE_0001";"NE_0001";"NE_0001";"NE_0001";"NE_0001"
"2023";"08";"080703";"CUSCO";"CHUMBIVILCAS";"CHAMACA";"GOBIERNO REGIONAL";"I-2";"00002403";"AÑAHUICHI";"NE_0001";"";"NE_0001";"NE_0001";"NE_0001";"NE_0001";"NE_0001";"NE_0001";"NE_0001"
"2023";"08";"080703";"CUSCO";"CHUMBIVILCAS";"CHAMACA";"GOBIERNO REGIONAL";"I-1";"00016328";"UCCHUCCARCCO";"NE_0001";"";"NE_0001";"NE_0001";"NE_0001";"NE_0001";"NE_0001";"NE_0001";"NE_0001"
"2023";"08";"080703";"CUSCO";"CHUMBIVILCAS";"CHAMACA";"GOBIERNO REGIONAL";"I-1";"00016330";"CCONCHACCOLLO";"NE_0001";"";"NE_0001";"NE_0001";"NE_0001";"NE_0001";"NE_0001";"NE_0001";"NE_0001"
"2023";"08";"080703";"CUSCO";"CHUMBIVILCAS";"CHAMACA";"GOBIERNO REGIONAL";"I-1";"00016329";"INGATA";"NE_0001";"";"NE_0001";"NE_0001";"NE_0001";"NE_0001";"NE_0001";"NE_0001";"NE_0001"
"2023";"01";"150130";"LIMA";"LIMA";"SAN BORJA";"MINSA";"III-2";"00016918";"INSTITUTO NACIONAL DE SALUD NIÑO SAN BORJA";"242100";"HOSPITALIZACIÓN DE MEDICINA ONCOLOGÍA MÉDICA ";"9";"20";"670";"416";"18";"558";"0"
"2023";"01";"150130";"LIMA";"LIMA";"SAN BORJA";"MINSA";"III-2";"00016918";"INSTITUTO NACIONAL DE SALUD NIÑO SAN BORJA";"244500";"HOSPITALIZACIÓN DE MEDICINA HEMATOLOGÍA ";"10";"24";"906";"658";"23";"702";"0"
"2023";"01";"150130";"LIMA";"LIMA";"SAN BORJA";"MINSA";"III-2";"00016918";"INSTITUTO NACIONAL DE SALUD NIÑO SAN BORJA";"240400";"HOSPITALIZACIÓN QUIRÚRGICA CIRUGÍA DE TÓRAX Y CARDIOVASCULAR ";"22";"45";"1403";"984";"34";"1051";"0"
"2023";"01";"150130";"LIMA";"LIMA";"SAN BORJA";"MINSA";"III-2";"00016918";"INSTITUTO NACIONAL DE SALUD NIÑO SAN BORJA";"240700";"HOSPITALIZACIÓN QUIRÚRGICA CIRUGÍA PEDIÁTRICA ";"52";"73";"958";"930";"32";"987";"1"
"2023";"01";"150130";"LIMA";"LIMA";"SAN BORJA";"MINSA";"III-2";"00016918";"INSTITUTO NACIONAL DE SALUD NIÑO SAN BORJA";"240900";"HOSPITALIZACIÓN QUIRÚRGICA NEUROCIRUGÍA ";"23";"51";"1328";"981";"35";"1085";"0"
"2023";"01";"150130";"LIMA";"LIMA";"SAN BORJA";"MINSA";"III-2";"00016918";"INSTITUTO NACIONAL DE SALUD NIÑO SAN BORJA";"240100";"HOSPITALIZACIÓN QUIRÚRGICA CIRUGÍA GENERAL ";"119";"143";"1125";"930";"34";"1050";"1"
"2023";"01";"150130";"LIMA";"LIMA";"SAN BORJA";"MINSA";"III-2";"00016918";"INSTITUTO NACIONAL DE SALUD NIÑO SAN BORJA";"242300";"HOSPITALIZACIÓN DE PEDIATRÍA  PEDIATRÍA  GENERAL ";"22";"45";"834";"840";"29";"897";"1"
"2023";"01";"150130";"LIMA";"LIMA";"SAN BORJA";"MINSA";"III-2";"00016918";"INSTITUTO NACIONAL DE SALUD NIÑO SAN BORJA";"240801";"HOSPITALIZACIÓN QUIRÚRGICA CIRUGÍA PLÁSTICA/RECONSTRUCTIVA/ REPARADORA QUEMADOS";"22";"36";"546";"510";"18";"551";"0"
"2023";"01";"150130";"LIMA";"LIMA";"SAN BORJA";"MINSA";"III-2";"00016918";"INSTITUTO NACIONAL DE SALUD NIÑO SAN BORJA";"250201";"UNIDAD DE CUIDADOS CRITICOS UNIDAD DE CUIDADOS INTERMEDIOS  (UCIN) NEONATAL";"1";"3";"82";"162";"6";"186";"0"
"2023";"01";"150130";"LIMA";"LIMA";"SAN BORJA";"MINSA";"III-2";"00016918";"INSTITUTO NACIONAL DE SALUD NIÑO SAN BORJA";"250101";"UNIDAD DE CUIDADOS CRITICOS UNIDAD  DE CUIDADOS INTENSIVOS GENERALES (UCI) CARDIOLOGIA";"0";"2";"116";"266";"9";"279";"2"
"2023";"01";"150130";"LIMA";"LIMA";"SAN BORJA";"MINSA";"III-2";"00016918";"INSTITUTO NACIONAL DE SALUD NIÑO SAN BORJA";"250111";"UNIDAD DE CUIDADOS CRITICOS UNIDAD  DE CUIDADOS INTENSIVOS  (UCI) CARDIOVASCULAR";"1";"2";"87";"245";"9";"269";"2"
"2023";"01";"150130";"LIMA";"LIMA";"SAN BORJA";"MINSA";"III-2";"00016918";"INSTITUTO NACIONAL DE SALUD NIÑO SAN BORJA";"250105";"UNIDAD DE CUIDADOS CRITICOS UNIDAD  DE CUIDADOS INTENSIVOS  (UCI) NEONATOLOGÍA";"0";"0";"0";"226";"8";"248";"0"
"2023";"01";"150130";"LIMA";"LIMA";"SAN BORJA";"MINSA";"III-2";"00016918";"INSTITUTO NACIONAL DE SALUD NIÑO SAN BORJA";"250107";"UNIDAD DE CUIDADOS CRITICOS UNIDAD  DE CUIDADOS INTENSIVOS  (UCI) NEUROQUIRÚRGICA";"2";"3";"44";"272";"10";"310";"3"
"2023";"01";"150130";"LIMA";"LIMA";"SAN BORJA";"MINSA";"III-2";"00016918";"INSTITUTO NACIONAL DE SALUD NIÑO SAN BORJA";"250400";"UNIDAD DE CUIDADOS CRITICOS UNIDAD DE QUEMADOS (GRAN QUEMADO) ";"2";"3";"53";"171";"6";"186";"2"
"2023";"03";"190307";"PASCO";"OXAPAMPA";"VILLA RICA";"GOBIERNO REGIONAL";"II-1";"00000981";"HOSP. ""ROMAN EGOAVIL PANDO"" VILLA RICA";"241400";"HOSPITALIZACIÓN QUIRÚRGICA GINECO - OBSTETRICIA ";"30";"29";"84";"92";"12";"1318";"0"
"2023";"03";"190307";"PASCO";"OXAPAMPA";"VILLA RICA";"GOBIERNO REGIONAL";"II-1";"00000981";"HOSP. ""ROMAN EGOAVIL PANDO"" VILLA RICA";"241800";"HOSPITALIZACIÓN DE MEDICINA MEDICINA GENERAL ";"74";"69";"180";"33";"16";"1331";"0"
"2023";"03";"220510";"SAN MARTIN";"LAMAS";"TABALOSOS";"GOBIERNO REGIONAL";"I-1";"00015377";"HUNGURAHUI PAMPA";"NE_0001";"";"NE_0001";"NE_0001";"NE_0001";"NE_0001";"NE_0001";"NE_0001";"NE_0001"
"2023";"03";"220506";"SAN MARTIN";"LAMAS";"PINTO RECODO";"GOBIERNO REGIONAL";"I-1";"00006411";"MISHQUIYACU PINTO RECODO";"NE_0001";"";"NE_0001";"NE_0001";"NE_0001";"NE_0001";"NE_0001";"NE_0001";"NE_0001"
"2023";"03";"220510";"SAN MARTIN";"LAMAS";"TABALOSOS";"GOBIERNO REGIONAL";"I-1";"00006413";"SAN MIGUEL DEL RIO MAYO";"NE_0001";"";"NE_0001";"NE_0001";"NE_0001";"NE_0001";"NE_0001";"NE_0001";"NE_0001"
"2023";"04";"150114";"LIMA";"LIMA";"LA MOLINA";"ESSALUD";"II-1";"00010135";"HOSPITAL I CARLOS ALCANTARA BUTTERFIELD";"241800";"HOSPITALIZACIÓN DE MEDICINA MEDICINA GENERAL ";"49";"56";"414";"303";"11";"240";"5"
"2023";"04";"150114";"LIMA";"LIMA";"LA MOLINA";"ESSALUD";"II-1";"00010135";"HOSPITAL I CARLOS ALCANTARA BUTTERFIELD";"240100";"HOSPITALIZACIÓN QUIRÚRGICA CIRUGÍA GENERAL ";"134";"137";"491";"354";"14";"540";"0"
"2023";"04";"150114";"LIMA";"LIMA";"LA MOLINA";"ESSALUD";"II-1";"00010135";"HOSPITAL I CARLOS ALCANTARA BUTTERFIELD";"242500";"HOSPITALIZACIÓN-PEDIATRÍA GENERAL-";"40";"37";"116";"118";"5";"120";"0"
"2023";"04";"150114";"LIMA";"LIMA";"LA MOLINA";"ESSALUD";"II-1";"00010135";"HOSPITAL I CARLOS ALCANTARA BUTTERFIELD";"241600";"HOSPITALIZACIÓN QUIRÚRGICA OBSTETRICIA   ";"49";"59";"182";"182";"7";"240";"0"
"2023";"04";"060811";"CAJAMARCA";"JAEN";"SAN JOSE DEL ALTO";"GOBIERNO REGIONAL";"I-1";"00018121";"EL PORVENIR";"NE_0001";"";"NE_0001";"NE_0001";"NE_0001";"NE_0001";"NE_0001";"NE_0001";"NE_0001"
"2023";"04";"060811";"CAJAMARCA";"JAEN";"SAN JOSE DEL ALTO";"GOBIERNO REGIONAL";"I-2";"00004260";"PEÑA BLANCA";"NE_0001";"";"NE_0001";"NE_0001";"NE_0001";"NE_0001";"NE_0001";"NE_0001";"NE_0001"
"2023";"04";"060811";"CAJAMARCA";"JAEN";"SAN JOSE DEL ALTO";"GOBIERNO REGIONAL";"I-1";"00013058";"SAN PEDRO";"NE_0001";"";"NE_0001";"NE_0001";"NE_0001";"NE_0001";"NE_0001";"NE_0001";"NE_0001"
"2023";"04";"060811";"CAJAMARCA";"JAEN";"SAN JOSE DEL ALTO";"GOBIERNO REGIONAL";"I-1";"00004259";"HUAHUAYA";"NE_0001";"";"NE_0001";"NE_0001";"NE_0001";"NE_0001";"NE_0001";"NE_0001";"NE_0001"
"2023";"04";"060811";"CAJAMARCA";"JAEN";"SAN JOSE DEL ALTO";"GOBIERNO REGIONAL";"I-1";"00004257";"SAN JOSE DEL ALTO";"NE_0001";"";"NE_0001";"NE_0001";"NE_0001";"NE_0001";"NE_0001";"NE_0001";"NE_0001"
"2023";"04";"060811";"CAJAMARCA";"JAEN";"SAN JOSE DEL ALTO";"GOBIERNO REGIONAL";"I-1";"00009965";"SAN ANTONIO";"NE_0001";"";"NE_0001";"NE_0001";"NE_0001";"NE_0001";"NE_0001";"NE_0001";"NE_0001"
"2023";"04";"060811";"CAJAMARCA";"JAEN";"SAN JOSE DEL ALTO";"GOBIERNO REGIONAL";"I-3";"00004256";"COCHALAN";"NE_0001";"";"NE_0001";"NE_0001";"NE_0001";"NE_0001";"NE_0001";"NE_0001";"NE_0001"
"2023";"04";"060811";"CAJAMARCA";"JAEN";"SAN JOSE DEL ALTO";"GOBIERNO REGIONAL";"I-2";"00004258";"ANGASH";"NE_0001";"";"NE_0001";"NE_0001";"NE_0001";"NE_0001";"NE_0001";"NE_0001";"NE_0001"
"2023";"04";"050110";"AYACUCHO";"HUAMANGA";"SAN JUAN BAUTISTA";"ESSALUD";"II-1";"00011775";"HOSPITAL II HUAMANGA";"240100";"HOSPITALIZACIÓN QUIRÚRGICA CIRUGÍA GENERAL ";"97";"96";"347";"303";"13";"390";"0"
"2023";"04";"050110";"AYACUCHO";"HUAMANGA";"SAN JUAN BAUTISTA";"ESSALUD";"II-1";"00011775";"HOSPITAL II HUAMANGA";"241200";"HOSPITALIZACIÓN QUIRÚRGICA TRAUMATOLOGÍA Y ORTOPEDIA ";"23";"22";"184";"150";"6";"180";"0"
"2023";"04";"050110";"AYACUCHO";"HUAMANGA";"SAN JUAN BAUTISTA";"ESSALUD";"II-1";"00011775";"HOSPITAL II HUAMANGA";"241500";"HOSPITALIZACIÓN QUIRÚRGICA GINECOLOGÍA  ";"15";"14";"55";"47";"3";"90";"0"
"2023";"04";"050110";"AYACUCHO";"HUAMANGA";"SAN JUAN BAUTISTA";"ESSALUD";"II-1";"00011775";"HOSPITAL II HUAMANGA";"241400";"HOSPITALIZACIÓN QUIRÚRGICA GINECO - OBSTETRICIA ";"143";"144";"299";"289";"16";"480";"0"
"2023";"04";"050110";"AYACUCHO";"HUAMANGA";"SAN JUAN BAUTISTA";"ESSALUD";"II-1";"00011775";"HOSPITAL II HUAMANGA";"241800";"HOSPITALIZACIÓN DE MEDICINA MEDICINA GENERAL ";"85";"84";"632";"460";"21";"630";"2"
"2023";"04";"050110";"AYACUCHO";"HUAMANGA";"SAN JUAN BAUTISTA";"ESSALUD";"II-1";"00011775";"HOSPITAL II HUAMANGA";"250100";"UNIDAD DE CUIDADOS CRITICOS UNIDAD  DE CUIDADOS INTENSIVOS GENERALES (UCI) ";"5";"5";"31";"30";"7";"210";"1"
"2023";"04";"050110";"AYACUCHO";"HUAMANGA";"SAN JUAN BAUTISTA";"ESSALUD";"II-1";"00011775";"HOSPITAL II HUAMANGA";"250200";"UNIDAD DE CUIDADOS CRITICOS UNIDAD DE CUIDADOS INTERMEDIOS GENERAL  (UCIN) ";"18";"17";"138";"90";"8";"240";"3"
"2023";"04";"050110";"AYACUCHO";"HUAMANGA";"SAN JUAN BAUTISTA";"ESSALUD";"II-1";"00011775";"HOSPITAL II HUAMANGA";"243200";"HOSPITALIZACIÓN DE PEDIATRÍA PEDIATRIA NEONATOLOGÍA";"49";"49";"124";"113";"5";"150";"0"
"2023";"04";"050110";"AYACUCHO";"HUAMANGA";"SAN JUAN BAUTISTA";"ESSALUD";"II-1";"00011775";"HOSPITAL II HUAMANGA";"242300";"HOSPITALIZACIÓN DE PEDIATRÍA  PEDIATRÍA  GENERAL ";"75";"75";"251";"235";"11";"330";"0"
"2023";"05";"150130";"LIMA";"LIMA";"SAN BORJA";"PRIVADO";"II-E";"00011372";"FUTURO VISION";"NE_0001";"";"NE_0001";"NE_0001";"NE_0001";"NE_0001";"NE_0001";"NE_0001";"NE_0001"
"2023";"05";"210111";"PUNO";"PUNO";"PICHACANI";"ESSALUD";"I-3";"00025342";"CAP I LARAQUERI";"NE_0001";"";"NE_0001";"NE_0001";"NE_0001";"NE_0001";"NE_0001";"NE_0001";"NE_0001"
"2023";"05";"220601";"SAN MARTIN";"MARISCAL CACERES";"JUANJUI";"ESSALUD";"I-4";"00016481";"HOSPITAL I JUANJUI - ESSALUD";"241800";"HOSPITALIZACIÓN DE MEDICINA MEDICINA GENERAL ";"74";"72";"302";"230";"9";"310";"0"
"2023";"05";"130903";"LA LIBERTAD";"SANCHEZ CARRION";"COCHORCO";"GOBIERNO REGIONAL";"I-2";"00013810";"ARAGOSTAY";"NE_0001";"";"NE_0001";"NE_0001";"NE_0001";"NE_0001";"NE_0001";"NE_0001";"NE_0001"
"2023";"05";"130903";"LA LIBERTAD";"SANCHEZ CARRION";"COCHORCO";"GOBIERNO REGIONAL";"I-2";"00005356";"ARICAPAMPA";"NE_0001";"";"NE_0001";"NE_0001";"NE_0001";"NE_0001";"NE_0001";"NE_0001";"NE_0001"
"2023";"05";"130903";"LA LIBERTAD";"SANCHEZ CARRION";"COCHORCO";"GOBIERNO REGIONAL";"I-1";"00013808";"MOLINO VIEJO";"NE_0001";"";"NE_0001";"NE_0001";"NE_0001";"NE_0001";"NE_0001";"NE_0001";"NE_0001"
"2023";"05";"130903";"LA LIBERTAD";"SANCHEZ CARRION";"COCHORCO";"GOBIERNO REGIONAL";"I-2";"00013802";"SUCCHAMARCA";"NE_0001";"";"NE_0001";"NE_0001";"NE_0001";"NE_0001";"NE_0001";"NE_0001";"NE_0001"
"2023";"05";"130903";"LA LIBERTAD";"SANCHEZ CARRION";"COCHORCO";"GOBIERNO REGIONAL";"I-2";"00013800";"SUCCHACENTRO";"NE_0001";"";"NE_0001";"NE_0001";"NE_0001";"NE_0001";"NE_0001";"NE_0001";"NE_0001"
"2023";"05";"210102";"PUNO";"PUNO";"ACORA";"ESSALUD";"I-3";"00009220";"CENTRO DE ATENCIÓN PRIMARIA II ACORA - RED ASISTENCIAL PUNO";"NE_0001";"";"NE_0001";"NE_0001";"NE_0001";"NE_0001";"NE_0001";"NE_0001";"NE_0001"
"2023";"05";"190109";"PASCO";"PASCO";"SIMON BOLIVAR";"ESSALUD";"II-2";"00009747";"HOSPITAL II PASCO";"241800";"HOSPITALIZACIÓN DE MEDICINA MEDICINA GENERAL ";"67";"67";"349";"304";"12";"372";"0"
"2023";"05";"190109";"PASCO";"PASCO";"SIMON BOLIVAR";"ESSALUD";"II-2";"00009747";"HOSPITAL II PASCO";"250100";"UNIDAD DE CUIDADOS CRITICOS UNIDAD  DE CUIDADOS INTENSIVOS GENERALES (UCI) ";"6";"6";"15";"41";"3";"93";"2"
"2023";"05";"190109";"PASCO";"PASCO";"SIMON BOLIVAR";"ESSALUD";"II-2";"00009747";"HOSPITAL II PASCO";"240100";"HOSPITALIZACIÓN QUIRÚRGICA CIRUGÍA GENERAL ";"58";"58";"368";"330";"13";"403";"0"
"2023";"05";"190109";"PASCO";"PASCO";"SIMON BOLIVAR";"ESSALUD";"II-2";"00009747";"HOSPITAL II PASCO";"241400";"HOSPITALIZACIÓN QUIRÚRGICA GINECO - OBSTETRICIA ";"80";"80";"157";"165";"8";"248";"0"
"2023";"05";"190109";"PASCO";"PASCO";"SIMON BOLIVAR";"ESSALUD";"II-2";"00009747";"HOSPITAL II PASCO";"242300";"HOSPITALIZACIÓN DE PEDIATRÍA  PEDIATRÍA  GENERAL ";"58";"58";"219";"211";"7";"217";"0"
"2023";"05";"190109";"PASCO";"PASCO";"SIMON BOLIVAR";"ESSALUD";"II-2";"00009747";"HOSPITAL II PASCO";"243200";"HOSPITALIZACIÓN DE PEDIATRÍA PEDIATRIA NEONATOLOGÍA";"74";"74";"175";"203";"12";"372";"0"
"2023";"05";"210101";"PUNO";"PUNO";"PUNO";"ESSALUD";"I-3";"00009217";"CENTRO DE ATENCION PRIMARIA III METROPOLITANO DE PUNO";"NE_0001";"";"NE_0001";"NE_0001";"NE_0001";"NE_0001";"NE_0001";"NE_0001";"NE_0001"
"2023";"05";"040520";"AREQUIPA";"CAYLLOMA";"MAJES";"GOBIERNO REGIONAL";"II-1";"00016721";"HOSPITAL CENTRAL DE MAJES ING. ANGEL GABRIEL CHURA GALLEGOS";"240100";"HOSPITALIZACIÓN QUIRÚRGICA CIRUGÍA GENERAL ";"35";"35";"107";"121";"6";"186";"0"
"2023";"05";"040520";"AREQUIPA";"CAYLLOMA";"MAJES";"GOBIERNO REGIONAL";"II-1";"00016721";"HOSPITAL CENTRAL DE MAJES ING. ANGEL GABRIEL CHURA GALLEGOS";"241200";"HOSPITALIZACIÓN QUIRÚRGICA TRAUMATOLOGÍA Y ORTOPEDIA ";"13";"16";"62";"100";"6";"186";"0"
"2023";"05";"040520";"AREQUIPA";"CAYLLOMA";"MAJES";"GOBIERNO REGIONAL";"II-1";"00016721";"HOSPITAL CENTRAL DE MAJES ING. ANGEL GABRIEL CHURA GALLEGOS";"241300";"HOSPITALIZACIÓN QUIRÚRGICA UROLOGÍA  ";"3";"3";"13";"11";"11";"341";"0"
"2023";"05";"040520";"AREQUIPA";"CAYLLOMA";"MAJES";"GOBIERNO REGIONAL";"II-1";"00016721";"HOSPITAL CENTRAL DE MAJES ING. ANGEL GABRIEL CHURA GALLEGOS";"241400";"HOSPITALIZACIÓN QUIRÚRGICA GINECO - OBSTETRICIA ";"29";"28";"64";"68";"6";"186";"0"
"2023";"05";"040520";"AREQUIPA";"CAYLLOMA";"MAJES";"GOBIERNO REGIONAL";"II-1";"00016721";"HOSPITAL CENTRAL DE MAJES ING. ANGEL GABRIEL CHURA GALLEGOS";"241600";"HOSPITALIZACIÓN QUIRÚRGICA OBSTETRICIA   ";"29";"28";"64";"68";"6";"186";"0"
"2023";"05";"040520";"AREQUIPA";"CAYLLOMA";"MAJES";"GOBIERNO REGIONAL";"II-1";"00016721";"HOSPITAL CENTRAL DE MAJES ING. ANGEL GABRIEL CHURA GALLEGOS";"241800";"HOSPITALIZACIÓN DE MEDICINA MEDICINA GENERAL ";"23";"23";"139";"143";"14";"434";"3"
"2023";"05";"040520";"AREQUIPA";"CAYLLOMA";"MAJES";"GOBIERNO REGIONAL";"II-1";"00016721";"HOSPITAL CENTRAL DE MAJES ING. ANGEL GABRIEL CHURA GALLEGOS";"242500";"HOSPITALIZACIÓN-PEDIATRÍA GENERAL-";"28";"28";"95";"95";"8";"248";"0"
"2023";"07";"130101";"LA LIBERTAD";"TRUJILLO";"TRUJILLO";"PRIVADO";"II-1";"00012292";"CLINICA  BELMED";"240800";"HOSPITALIZACIÓN QUIRÚRGICA CIRUGÍA PLÁSTICA/RECONSTRUCTIVA/ REPARADORA ";"0";"0";"0";"1";"4";"5";"0"
"2023";"07";"060612";"CAJAMARCA";"CUTERVO";"SANTO DOMINGO DE LA CAPILLA";"GOBIERNO REGIONAL";"I-1";"00005005";"SANTA ROSA DE LA CAPILLA";"NE_0001";"";"NE_0001";"NE_0001";"NE_0001";"NE_0001";"NE_0001";"NE_0001";"NE_0001"
"2023";"07";"060612";"CAJAMARCA";"CUTERVO";"SANTO DOMINGO DE LA CAPILLA";"GOBIERNO REGIONAL";"I-1";"00008924";"NUEVO ORIENTE DE LA CAPILLA";"NE_0001";"";"NE_0001";"NE_0001";"NE_0001";"NE_0001";"NE_0001";"NE_0001";"NE_0001"
"2023";"07";"140101";"LAMBAYEQUE";"CHICLAYO";"CHICLAYO";"PRIVADO";"II-E";"00011129";"MAX SALUD AVISAL S.A.";"244700";"HOSPITALIZACIÓN DE MEDICINA NEUROLOGIA  ";"3";"3";"10";"9";"2";"62";"0"
"2023";"07";"140101";"LAMBAYEQUE";"CHICLAYO";"CHICLAYO";"PRIVADO";"II-E";"00011129";"MAX SALUD AVISAL S.A.";"243900";"HOSPITALIZACIÓN DE PEDIATRÍA PEDIATRIA REUMATOLOGÍA PEDIÁTRICA";"1";"1";"3";"3";"1";"31";"0"
"2023";"07";"140101";"LAMBAYEQUE";"CHICLAYO";"CHICLAYO";"PRIVADO";"II-E";"00011129";"MAX SALUD AVISAL S.A.";"243500";"HOSPITALIZACIÓN DE PEDIATRÍA PEDIATRIA OFTALMOLOGÍA PEDIÁTRICA";"9";"9";"27";"24";"6";"186";"0"
"2023";"07";"140101";"LAMBAYEQUE";"CHICLAYO";"CHICLAYO";"PRIVADO";"II-E";"00011129";"MAX SALUD AVISAL S.A.";"242400";"HOSPITALIZACIÓN DE PEDIATRÍA ADOLESCENTES ";"2";"1";"4";"3";"2";"62";"0"
"2023";"05";"220501";"SAN MARTIN";"LAMAS";"LAMAS";"ESSALUD";"I-2";"00016484";"POSTA MEDICA LAMAS - ESSALUD";"NE_0001";"";"NE_0001";"NE_0001";"NE_0001";"NE_0001";"NE_0001";"NE_0001";"NE_0001"
"2023";"07";"140101";"LAMBAYEQUE";"CHICLAYO";"CHICLAYO";"PRIVADO";"II-E";"00011129";"MAX SALUD AVISAL S.A.";"241600";"HOSPITALIZACIÓN QUIRÚRGICA OBSTETRICIA   ";"1";"1";"3";"2";"1";"31";"0"
"2023";"07";"140101";"LAMBAYEQUE";"CHICLAYO";"CHICLAYO";"PRIVADO";"II-E";"00011129";"MAX SALUD AVISAL S.A.";"241500";"HOSPITALIZACIÓN QUIRÚRGICA GINECOLOGÍA  ";"10";"8";"17";"10";"5";"155";"0"
"2023";"07";"140101";"LAMBAYEQUE";"CHICLAYO";"CHICLAYO";"PRIVADO";"II-E";"00011129";"MAX SALUD AVISAL S.A.";"241400";"HOSPITALIZACIÓN QUIRÚRGICA GINECO - OBSTETRICIA ";"3";"5";"9";"7";"4";"124";"0"
"2023";"07";"140101";"LAMBAYEQUE";"CHICLAYO";"CHICLAYO";"PRIVADO";"II-E";"00011129";"MAX SALUD AVISAL S.A.";"241300";"HOSPITALIZACIÓN QUIRÚRGICA UROLOGÍA  ";"10";"11";"24";"19";"8";"248";"0"
"2023";"07";"140101";"LAMBAYEQUE";"CHICLAYO";"CHICLAYO";"PRIVADO";"II-E";"00011129";"MAX SALUD AVISAL S.A.";"240100";"HOSPITALIZACIÓN QUIRÚRGICA CIRUGÍA GENERAL ";"36";"36";"92";"67";"12";"372";"0"
"2023";"07";"150101";"LIMA";"LIMA";"LIMA";"ESSALUD";"II-1";"00009188";"HOSPITAL II RAMON CASTILLA";"241800";"HOSPITALIZACIÓN DE MEDICINA MEDICINA GENERAL ";"57";"56";"297";"318";"12";"372";"0"
"2023";"07";"150101";"LIMA";"LIMA";"LIMA";"ESSALUD";"II-1";"00009188";"HOSPITAL II RAMON CASTILLA";"250103";"UNIDAD DE CUIDADOS CRITICOS UNIDAD  DE CUIDADOS INTENSIVOS GENERALES  (UCI) MEDICINA";"8";"9";"95";"141";"6";"186";"2"
"2023";"07";"150101";"LIMA";"LIMA";"LIMA";"ESSALUD";"II-1";"00009188";"HOSPITAL II RAMON CASTILLA";"240100";"HOSPITALIZACIÓN QUIRÚRGICA CIRUGÍA GENERAL ";"130";"131";"448";"457";"18";"558";"0"
"2023";"07";"150101";"LIMA";"LIMA";"LIMA";"ESSALUD";"II-1";"00009188";"HOSPITAL II RAMON CASTILLA";"241400";"HOSPITALIZACIÓN QUIRÚRGICA GINECO - OBSTETRICIA ";"21";"25";"93";"93";"3";"93";"0"
"2023";"07";"150101";"LIMA";"LIMA";"LIMA";"ESSALUD";"II-1";"00009188";"HOSPITAL II RAMON CASTILLA";"241600";"HOSPITALIZACIÓN QUIRÚRGICA OBSTETRICIA   ";"81";"83";"207";"194";"12";"372";"0"
"2023";"07";"150101";"LIMA";"LIMA";"LIMA";"ESSALUD";"II-1";"00009188";"HOSPITAL II RAMON CASTILLA";"242300";"HOSPITALIZACIÓN DE PEDIATRÍA  PEDIATRÍA  GENERAL ";"43";"44";"162";"161";"7";"217";"0"
"2023";"07";"150101";"LIMA";"LIMA";"LIMA";"ESSALUD";"II-1";"00009188";"HOSPITAL II RAMON CASTILLA";"243200";"HOSPITALIZACIÓN DE PEDIATRÍA PEDIATRIA NEONATOLOGÍA";"11";"11";"25";"24";"1";"31";"0"
"2023";"07";"150605";"LIMA";"HUARAL";"CHANCAY";"GOBIERNO REGIONAL";"II-2";"00007638";"HOSPITAL DE CHANCAY Y SBS Dr. HIDALGO ATOCHE L¿PEZ";"240100";"HOSPITALIZACIÓN QUIRÚRGICA CIRUGÍA GENERAL ";"33";"36";"104";"104";"8";"248";"0"
"2023";"07";"150605";"LIMA";"HUARAL";"CHANCAY";"GOBIERNO REGIONAL";"II-2";"00007638";"HOSPITAL DE CHANCAY Y SBS Dr. HIDALGO ATOCHE L¿PEZ";"241200";"HOSPITALIZACIÓN QUIRÚRGICA TRAUMATOLOGÍA Y ORTOPEDIA ";"13";"15";"54";"54";"5";"155";"0"
"2023";"07";"150605";"LIMA";"HUARAL";"CHANCAY";"GOBIERNO REGIONAL";"II-2";"00007638";"HOSPITAL DE CHANCAY Y SBS Dr. HIDALGO ATOCHE L¿PEZ";"241300";"HOSPITALIZACIÓN QUIRÚRGICA UROLOGÍA  ";"3";"3";"17";"17";"1";"31";"0"
"2023";"07";"150605";"LIMA";"HUARAL";"CHANCAY";"GOBIERNO REGIONAL";"II-2";"00007638";"HOSPITAL DE CHANCAY Y SBS Dr. HIDALGO ATOCHE L¿PEZ";"241600";"HOSPITALIZACIÓN QUIRÚRGICA OBSTETRICIA   ";"104";"107";"258";"258";"13";"403";"0"
"2023";"07";"150605";"LIMA";"HUARAL";"CHANCAY";"GOBIERNO REGIONAL";"II-2";"00007638";"HOSPITAL DE CHANCAY Y SBS Dr. HIDALGO ATOCHE L¿PEZ";"241800";"HOSPITALIZACIÓN DE MEDICINA MEDICINA GENERAL ";"42";"49";"354";"354";"16";"496";"9"
"2023";"07";"150605";"LIMA";"HUARAL";"CHANCAY";"GOBIERNO REGIONAL";"II-2";"00007638";"HOSPITAL DE CHANCAY Y SBS Dr. HIDALGO ATOCHE L¿PEZ";"242500";"HOSPITALIZACIÓN-PEDIATRÍA GENERAL-";"29";"30";"97";"97";"14";"434";"0"
"2023";"07";"150605";"LIMA";"HUARAL";"CHANCAY";"GOBIERNO REGIONAL";"II-2";"00007638";"HOSPITAL DE CHANCAY Y SBS Dr. HIDALGO ATOCHE L¿PEZ";"243200";"HOSPITALIZACIÓN DE PEDIATRÍA PEDIATRIA NEONATOLOGÍA";"4";"10";"163";"163";"6";"186";"0"
"2023";"07";"150605";"LIMA";"HUARAL";"CHANCAY";"GOBIERNO REGIONAL";"II-2";"00007638";"HOSPITAL DE CHANCAY Y SBS Dr. HIDALGO ATOCHE L¿PEZ";"250103";"UNIDAD DE CUIDADOS CRITICOS UNIDAD  DE CUIDADOS INTENSIVOS GENERALES  (UCI) MEDICINA";"2";"4";"155";"123";"4";"124";"2"
"2023";"07";"150605";"LIMA";"HUARAL";"CHANCAY";"GOBIERNO REGIONAL";"II-2";"00007638";"HOSPITAL DE CHANCAY Y SBS Dr. HIDALGO ATOCHE L¿PEZ";"250105";"UNIDAD DE CUIDADOS CRITICOS UNIDAD  DE CUIDADOS INTENSIVOS  (UCI) NEONATOLOGÍA";"1";"1";"1";"1";"2";"62";"0"
"2023";"01";"150121";"LIMA";"LIMA";"PUEBLO LIBRE";"PRIVADO";"II-2";"00008325";"CLINICA CENTENARIO PERUANO JAPONESA";"242300";"HOSPITALIZACIÓN DE PEDIATRÍA  PEDIATRÍA  GENERAL ";"81";"72";"265";"290";"21";"651";"1"
"2023";"01";"150121";"LIMA";"LIMA";"PUEBLO LIBRE";"PRIVADO";"II-2";"00008325";"CLINICA CENTENARIO PERUANO JAPONESA";"241900";"HOSPITALIZACIÓN DE MEDICINA MEDICINA INTERNA ";"81";"67";"305";"371";"21";"651";"1"
"2023";"01";"150121";"LIMA";"LIMA";"PUEBLO LIBRE";"PRIVADO";"II-2";"00008325";"CLINICA CENTENARIO PERUANO JAPONESA";"241900";"HOSPITALIZACIÓN DE MEDICINA MEDICINA INTERNA ";"49";"43";"323";"403";"21";"651";"1"
"2023";"01";"150121";"LIMA";"LIMA";"PUEBLO LIBRE";"PRIVADO";"II-2";"00008325";"CLINICA CENTENARIO PERUANO JAPONESA";"241600";"HOSPITALIZACIÓN QUIRÚRGICA OBSTETRICIA   ";"55";"57";"152";"148";"11";"341";"0"
"2023";"01";"150121";"LIMA";"LIMA";"PUEBLO LIBRE";"PRIVADO";"II-2";"00008325";"CLINICA CENTENARIO PERUANO JAPONESA";"241900";"HOSPITALIZACIÓN DE MEDICINA MEDICINA INTERNA ";"72";"64";"365";"418";"21";"651";"1"
"2023";"01";"150121";"LIMA";"LIMA";"PUEBLO LIBRE";"PRIVADO";"II-2";"00008325";"CLINICA CENTENARIO PERUANO JAPONESA";"240100";"HOSPITALIZACIÓN QUIRÚRGICA CIRUGÍA GENERAL ";"150";"137";"262";"285";"14";"434";"0"
"2023";"01";"150121";"LIMA";"LIMA";"PUEBLO LIBRE";"PRIVADO";"II-2";"00008325";"CLINICA CENTENARIO PERUANO JAPONESA";"250100";"UNIDAD DE CUIDADOS CRITICOS UNIDAD  DE CUIDADOS INTENSIVOS GENERALES (UCI) ";"26";"27";"94";"189";"8";"248";"4"
"2023";"01";"150121";"LIMA";"LIMA";"PUEBLO LIBRE";"PRIVADO";"II-2";"00008325";"CLINICA CENTENARIO PERUANO JAPONESA";"250200";"UNIDAD DE CUIDADOS CRITICOS UNIDAD DE CUIDADOS INTERMEDIOS GENERAL  (UCIN) ";"38";"44";"92";"161";"6";"186";"2"
"2023";"01";"150121";"LIMA";"LIMA";"PUEBLO LIBRE";"PRIVADO";"II-2";"00008325";"CLINICA CENTENARIO PERUANO JAPONESA";"250105";"UNIDAD DE CUIDADOS CRITICOS UNIDAD  DE CUIDADOS INTENSIVOS  (UCI) NEONATOLOGÍA";"3";"4";"49";"51";"4";"124";"0"
"2023";"01";"150121";"LIMA";"LIMA";"PUEBLO LIBRE";"PRIVADO";"II-2";"00008325";"CLINICA CENTENARIO PERUANO JAPONESA";"250305";"HOSPIT. EN UNIDAD DE CUID.INTEN.-UNIDAD DE VIGILANCIA INTENSIVA (UVI)-NEONATOLOGÍA";"10";"6";"55";"51";"4";"124";"0"
"2023";"05";"040126";"AREQUIPA";"AREQUIPA";"YANAHUARA";"PRIVADO";"I-3";"00032181";"POLICLINICO MISTI";"NE_0001";"";"NE_0001";"NE_0001";"NE_0001";"NE_0001";"NE_0001";"NE_0001";"NE_0001"
"2023";"06";"040126";"AREQUIPA";"AREQUIPA";"YANAHUARA";"PRIVADO";"I-3";"00032181";"POLICLINICO MISTI";"NE_0001";"";"NE_0001";"NE_0001";"NE_0001";"NE_0001";"NE_0001";"NE_0001";"NE_0001"
"2023";"02";"150121";"LIMA";"LIMA";"PUEBLO LIBRE";"PRIVADO";"II-2";"00008325";"CLINICA CENTENARIO PERUANO JAPONESA";"242300";"HOSPITALIZACIÓN DE PEDIATRÍA  PEDIATRÍA  GENERAL ";"83";"104";"321";"322";"21";"588";"1"
"2023";"02";"150121";"LIMA";"LIMA";"PUEBLO LIBRE";"PRIVADO";"II-2";"00008325";"CLINICA CENTENARIO PERUANO JAPONESA";"241900";"HOSPITALIZACIÓN DE MEDICINA MEDICINA INTERNA ";"72";"65";"336";"416";"21";"588";"1"
"2023";"02";"150121";"LIMA";"LIMA";"PUEBLO LIBRE";"PRIVADO";"II-2";"00008325";"CLINICA CENTENARIO PERUANO JAPONESA";"241900";"HOSPITALIZACIÓN DE MEDICINA MEDICINA INTERNA ";"79";"75";"395";"384";"21";"588";"5"
"2023";"02";"150121";"LIMA";"LIMA";"PUEBLO LIBRE";"PRIVADO";"II-2";"00008325";"CLINICA CENTENARIO PERUANO JAPONESA";"241600";"HOSPITALIZACIÓN QUIRÚRGICA OBSTETRICIA   ";"50";"49";"125";"126";"11";"308";"0"
"2023";"02";"150121";"LIMA";"LIMA";"PUEBLO LIBRE";"PRIVADO";"II-2";"00008325";"CLINICA CENTENARIO PERUANO JAPONESA";"241900";"HOSPITALIZACIÓN DE MEDICINA MEDICINA INTERNA ";"49";"48";"304";"383";"21";"588";"2"
"2023";"02";"150121";"LIMA";"LIMA";"PUEBLO LIBRE";"PRIVADO";"II-2";"00008325";"CLINICA CENTENARIO PERUANO JAPONESA";"240100";"HOSPITALIZACIÓN QUIRÚRGICA CIRUGÍA GENERAL ";"130";"129";"283";"300";"14";"392";"0"
"2023";"02";"150121";"LIMA";"LIMA";"PUEBLO LIBRE";"PRIVADO";"II-2";"00008325";"CLINICA CENTENARIO PERUANO JAPONESA";"250100";"UNIDAD DE CUIDADOS CRITICOS UNIDAD  DE CUIDADOS INTENSIVOS GENERALES (UCI) ";"30";"25";"61";"110";"8";"224";"5"
"2023";"02";"150121";"LIMA";"LIMA";"PUEBLO LIBRE";"PRIVADO";"II-2";"00008325";"CLINICA CENTENARIO PERUANO JAPONESA";"250200";"UNIDAD DE CUIDADOS CRITICOS UNIDAD DE CUIDADOS INTERMEDIOS GENERAL  (UCIN) ";"30";"24";"26";"79";"6";"168";"0"
"2023";"03";"150201";"LIMA";"BARRANCA";"BARRANCA";"GOBIERNO REGIONAL";"II-2";"00007635";"HOSPITAL DE BARRANCA";"240100";"HOSPITALIZACIÓN QUIRÚRGICA CIRUGÍA GENERAL ";"77";"97";"402";"561";"12";"372";"0"
"2023";"03";"150201";"LIMA";"BARRANCA";"BARRANCA";"GOBIERNO REGIONAL";"II-2";"00007635";"HOSPITAL DE BARRANCA";"241200";"HOSPITALIZACIÓN QUIRÚRGICA TRAUMATOLOGÍA Y ORTOPEDIA ";"16";"21";"137";"5";"8";"248";"0"
"2023";"03";"150201";"LIMA";"BARRANCA";"BARRANCA";"GOBIERNO REGIONAL";"II-2";"00007635";"HOSPITAL DE BARRANCA";"241300";"HOSPITALIZACIÓN QUIRÚRGICA UROLOGÍA  ";"3";"4";"5";"3";"3";"93";"0"
"2023";"03";"150201";"LIMA";"BARRANCA";"BARRANCA";"GOBIERNO REGIONAL";"II-2";"00007635";"HOSPITAL DE BARRANCA";"241500";"HOSPITALIZACIÓN QUIRÚRGICA GINECOLOGÍA  ";"115";"125";"324";"206";"16";"496";"0"
"2023";"03";"150201";"LIMA";"BARRANCA";"BARRANCA";"GOBIERNO REGIONAL";"II-2";"00007635";"HOSPITAL DE BARRANCA";"241600";"HOSPITALIZACIÓN QUIRÚRGICA OBSTETRICIA   ";"68";"68";"99";"178";"15";"465";"0"
"2023";"03";"150201";"LIMA";"BARRANCA";"BARRANCA";"GOBIERNO REGIONAL";"II-2";"00007635";"HOSPITAL DE BARRANCA";"241800";"HOSPITALIZACIÓN DE MEDICINA MEDICINA GENERAL ";"44";"56";"445";"465";"25";"775";"9"
"2023";"03";"150201";"LIMA";"BARRANCA";"BARRANCA";"GOBIERNO REGIONAL";"II-2";"00007635";"HOSPITAL DE BARRANCA";"242500";"HOSPITALIZACIÓN-PEDIATRÍA GENERAL-";"51";"62";"356";"249";"20";"620";"0"
"2023";"03";"150201";"LIMA";"BARRANCA";"BARRANCA";"GOBIERNO REGIONAL";"II-2";"00007635";"HOSPITAL DE BARRANCA";"243200";"HOSPITALIZACIÓN DE PEDIATRÍA PEDIATRIA NEONATOLOGÍA";"102";"104";"147";"179";"22";"682";"0"
"2023";"03";"150201";"LIMA";"BARRANCA";"BARRANCA";"GOBIERNO REGIONAL";"II-2";"00007635";"HOSPITAL DE BARRANCA";"250103";"UNIDAD DE CUIDADOS CRITICOS UNIDAD  DE CUIDADOS INTENSIVOS GENERALES  (UCI) MEDICINA";"1";"1";"13";"94";"4";"124";"1"
"2023";"05";"050503";"AYACUCHO";"LA MAR";"AYNA";"GOBIERNO REGIONAL";"II-1";"00003754";"HOSPITAL DE APOYO SAN FRANCISCO";"240100";"HOSPITALIZACIÓN QUIRÚRGICA CIRUGÍA GENERAL ";"25";"24";"106";"103";"5";"155";"0"
"2023";"05";"050503";"AYACUCHO";"LA MAR";"AYNA";"GOBIERNO REGIONAL";"II-1";"00003754";"HOSPITAL DE APOYO SAN FRANCISCO";"241400";"HOSPITALIZACIÓN QUIRÚRGICA GINECO - OBSTETRICIA ";"79";"71";"198";"210";"10";"279";"0"
"2023";"05";"050503";"AYACUCHO";"LA MAR";"AYNA";"GOBIERNO REGIONAL";"II-1";"00003754";"HOSPITAL DE APOYO SAN FRANCISCO";"241800";"HOSPITALIZACIÓN DE MEDICINA MEDICINA GENERAL ";"38";"32";"140";"171";"7";"215";"3"
"2023";"05";"050503";"AYACUCHO";"LA MAR";"AYNA";"GOBIERNO REGIONAL";"II-1";"00003754";"HOSPITAL DE APOYO SAN FRANCISCO";"242200";"HOSPITALIZACIÓN DE MEDICINA PSIQUIATRÍA ";"3";"2";"84";"165";"8";"248";"0"
"2023";"05";"050503";"AYACUCHO";"LA MAR";"AYNA";"GOBIERNO REGIONAL";"II-1";"00003754";"HOSPITAL DE APOYO SAN FRANCISCO";"242500";"HOSPITALIZACIÓN-PEDIATRÍA GENERAL-";"41";"38";"133";"108";"5";"155";"0"
"2023";"05";"050503";"AYACUCHO";"LA MAR";"AYNA";"GOBIERNO REGIONAL";"II-1";"00003754";"HOSPITAL DE APOYO SAN FRANCISCO";"243200";"HOSPITALIZACIÓN DE PEDIATRÍA PEDIATRIA NEONATOLOGÍA";"19";"19";"64";"111";"5";"155";"0"
"2023";"05";"110107";"ICA";"ICA";"PUEBLO NUEVO";"MINSA";"I-3";"00003370";"CENTRO DE SALUD PUEBLO NUEVO";"NE_0001";"";"NE_0001";"NE_0001";"NE_0001";"NE_0001";"NE_0001";"NE_0001";"NE_0001"
"2023";"05";"110113";"ICA";"ICA";"TATE";"GOBIERNO REGIONAL";"I-1";"00003404";"LUJARAJA";"NE_0001";"";"NE_0001";"NE_0001";"NE_0001";"NE_0001";"NE_0001";"NE_0001";"NE_0001"
"2023";"05";"110113";"ICA";"ICA";"TATE";"GOBIERNO REGIONAL";"I-1";"00003406";"LOS CALDERONES";"NE_0001";"";"NE_0001";"NE_0001";"NE_0001";"NE_0001";"NE_0001";"NE_0001";"NE_0001"
"2023";"05";"110105";"ICA";"ICA";"PACHACUTEC";"GOBIERNO REGIONAL";"I-2";"00003407";"EL PALTO";"NE_0001";"";"NE_0001";"NE_0001";"NE_0001";"NE_0001";"NE_0001";"NE_0001";"NE_0001"
"2023";"05";"110107";"ICA";"ICA";"PUEBLO NUEVO";"GOBIERNO REGIONAL";"I-1";"00003402";"PARIÑA GRANDE";"NE_0001";"";"NE_0001";"NE_0001";"NE_0001";"NE_0001";"NE_0001";"NE_0001";"NE_0001"
"2023";"05";"110105";"ICA";"ICA";"PACHACUTEC";"MINSA";"I-2";"00003372";"PACHACUTEC";"NE_0001";"";"NE_0001";"NE_0001";"NE_0001";"NE_0001";"NE_0001";"NE_0001";"NE_0001"
"2023";"05";"210101";"PUNO";"PUNO";"PUNO";"GOBIERNO REGIONAL";"I-4";"00003254";"JOSE ANTONIO ENCINAS";"241600";"HOSPITALIZACIÓN QUIRÚRGICA OBSTETRICIA   ";"13";"13";"17";"35";"5";"150";"0"
"2023";"04";"250304";"UCAYALI";"PADRE ABAD";"NESHUYA";"GOBIERNO REGIONAL";"I-1";"00030508";"PUESTO DE SALUD NOLBERTH DE ALTO ARUYA";"NE_0001";"";"NE_0001";"NE_0001";"NE_0001";"NE_0001";"NE_0001";"NE_0001";"NE_0001"
"2023";"04";"250304";"UCAYALI";"PADRE ABAD";"NESHUYA";"GOBIERNO REGIONAL";"I-1";"00021850";"VIRGEN DEL CARMEN";"NE_0001";"";"NE_0001";"NE_0001";"NE_0001";"NE_0001";"NE_0001";"NE_0001";"NE_0001"
"2023";"05";"150128";"LIMA";"LIMA";"RIMAC";"SANIDAD DEL EJERCITO DEL PERU";"I-4";"00013914";"CENTRO DE SALUD MILITAR RIMAC";"NE_0002";"";"NE_0002";"NE_0002";"NE_0002";"NE_0002";"NE_0002";"NE_0002";"NE_0002"
"2023";"05";"080701";"CUSCO";"CHUMBIVILCAS";"SANTO TOMAS";"GOBIERNO REGIONAL";"II-1";"00002398";"SANTO TOMAS";"240100";"HOSPITALIZACIÓN QUIRÚRGICA CIRUGÍA GENERAL ";"32";"31";"105";"145";"6";"186";"0"
"2023";"05";"080701";"CUSCO";"CHUMBIVILCAS";"SANTO TOMAS";"GOBIERNO REGIONAL";"II-1";"00002398";"SANTO TOMAS";"241400";"HOSPITALIZACIÓN QUIRÚRGICA GINECO - OBSTETRICIA ";"60";"59";"162";"102";"4";"124";"0"
"2023";"05";"080701";"CUSCO";"CHUMBIVILCAS";"SANTO TOMAS";"GOBIERNO REGIONAL";"II-1";"00002398";"SANTO TOMAS";"241600";"HOSPITALIZACIÓN QUIRÚRGICA OBSTETRICIA   ";"34";"34";"61";"187";"7";"217";"0"
"2023";"05";"080701";"CUSCO";"CHUMBIVILCAS";"SANTO TOMAS";"GOBIERNO REGIONAL";"II-1";"00002398";"SANTO TOMAS";"241800";"HOSPITALIZACIÓN DE MEDICINA MEDICINA GENERAL ";"27";"26";"134";"110";"6";"186";"0"
"2023";"05";"080701";"CUSCO";"CHUMBIVILCAS";"SANTO TOMAS";"GOBIERNO REGIONAL";"II-1";"00002398";"SANTO TOMAS";"242500";"HOSPITALIZACIÓN-PEDIATRÍA GENERAL-";"7";"7";"21";"87";"4";"124";"0"
"2023";"05";"080701";"CUSCO";"CHUMBIVILCAS";"SANTO TOMAS";"GOBIERNO REGIONAL";"II-1";"00002398";"SANTO TOMAS";"243200";"HOSPITALIZACIÓN DE PEDIATRÍA PEDIATRIA NEONATOLOGÍA";"9";"9";"20";"52";"3";"93";"0"
"2023";"05";"130101";"LA LIBERTAD";"TRUJILLO";"TRUJILLO";"GOBIERNO REGIONAL";"III-2";"00007277";"INSTITUTO REGIONAL DE ENFERMEDADES NEOPLASICAS - NORTE - DR. LUIS PINILLOS GANOZA";"241000";"HOSPITALIZACIÓN QUIRÚRGICA ONCOLOGÍA QUIRÚRGICA  ";"110";"110";"583";"626";"21";"651";"5"
"2023";"05";"130101";"LA LIBERTAD";"TRUJILLO";"TRUJILLO";"GOBIERNO REGIONAL";"III-2";"00007277";"INSTITUTO REGIONAL DE ENFERMEDADES NEOPLASICAS - NORTE - DR. LUIS PINILLOS GANOZA";"242100";"HOSPITALIZACIÓN DE MEDICINA ONCOLOGÍA MÉDICA ";"49";"47";"152";"206";"10";"310";"2"
"2023";"05";"120603";"JUNIN";"SATIPO";"LLAYLLA";"GOBIERNO REGIONAL";"I-1";"00000433";"BELEN";"NE_0001";"";"NE_0001";"NE_0001";"NE_0001";"NE_0001";"NE_0001";"NE_0001";"NE_0001"
"2023";"05";"120606";"JUNIN";"SATIPO";"PANGOA";"GOBIERNO REGIONAL";"I-1";"00000439";"SAN CRISTOBAL";"NE_0001";"";"NE_0001";"NE_0001";"NE_0001";"NE_0001";"NE_0001";"NE_0001";"NE_0001"
"2023";"05";"120604";"JUNIN";"SATIPO";"MAZAMARI";"GOBIERNO REGIONAL";"I-1";"00016909";"TEORIA";"NE_0001";"";"NE_0001";"NE_0001";"NE_0001";"NE_0001";"NE_0001";"NE_0001";"NE_0001"
"2023";"05";"120604";"JUNIN";"SATIPO";"MAZAMARI";"GOBIERNO REGIONAL";"I-4";"00000434";"MAZAMARI";"241600";"HOSPITALIZACIÓN QUIRÚRGICA OBSTETRICIA   ";"40";"40";"72";"72";"6";"186";"0"
"2023";"05";"120604";"JUNIN";"SATIPO";"MAZAMARI";"GOBIERNO REGIONAL";"I-4";"00000434";"MAZAMARI";"241800";"HOSPITALIZACIÓN DE MEDICINA MEDICINA GENERAL ";"21";"21";"83";"83";"8";"248";"0"
"2023";"05";"120604";"JUNIN";"SATIPO";"MAZAMARI";"GOBIERNO REGIONAL";"I-4";"00000434";"MAZAMARI";"242500";"HOSPITALIZACIÓN-PEDIATRÍA GENERAL-";"20";"22";"77";"77";"6";"186";"0"
"2023";"05";"120604";"JUNIN";"SATIPO";"MAZAMARI";"GOBIERNO REGIONAL";"I-2";"00000437";"PANGA";"NE_0001";"";"NE_0001";"NE_0001";"NE_0001";"NE_0001";"NE_0001";"NE_0001";"NE_0001"
"2023";"05";"120606";"JUNIN";"SATIPO";"PANGOA";"GOBIERNO REGIONAL";"I-3";"00000438";"TZIRIARI";"NE_0001";"";"NE_0001";"NE_0001";"NE_0001";"NE_0001";"NE_0001";"NE_0001";"NE_0001"
"2023";"05";"120604";"JUNIN";"SATIPO";"MAZAMARI";"GOBIERNO REGIONAL";"I-2";"00000435";"CAPIRUSHARI";"NE_0001";"";"NE_0001";"NE_0001";"NE_0001";"NE_0001";"NE_0001";"NE_0001";"NE_0001"
"2023";"05";"120604";"JUNIN";"SATIPO";"MAZAMARI";"GOBIERNO REGIONAL";"I-1";"00016908";"GLORIABAMBA";"NE_0001";"";"NE_0001";"NE_0001";"NE_0001";"NE_0001";"NE_0001";"NE_0001";"NE_0001"
"2023";"05";"120604";"JUNIN";"SATIPO";"MAZAMARI";"GOBIERNO REGIONAL";"I-1";"00016912";"VILLA PROGRESO DE EDEN";"NE_0001";"";"NE_0001";"NE_0001";"NE_0001";"NE_0001";"NE_0001";"NE_0001";"NE_0001"
"2023";"05";"130702";"LA LIBERTAD";"PACASMAYO";"GUADALUPE";"GOBIERNO REGIONAL";"II-1";"00005292";"HOSPITAL DE APOYO TOMAS LAFORA";"241800";"HOSPITALIZACIÓN DE MEDICINA MEDICINA GENERAL ";"14";"16";"102";"90";"14";"434";"1"
"2023";"05";"130702";"LA LIBERTAD";"PACASMAYO";"GUADALUPE";"GOBIERNO REGIONAL";"II-1";"00005292";"HOSPITAL DE APOYO TOMAS LAFORA";"240100";"HOSPITALIZACIÓN QUIRÚRGICA CIRUGÍA GENERAL ";"25";"30";"129";"114";"12";"372";"0"
"2023";"05";"130702";"LA LIBERTAD";"PACASMAYO";"GUADALUPE";"GOBIERNO REGIONAL";"II-1";"00005292";"HOSPITAL DE APOYO TOMAS LAFORA";"242300";"HOSPITALIZACIÓN DE PEDIATRÍA  PEDIATRÍA  GENERAL ";"4";"3";"11";"8";"4";"124";"0"
"2023";"05";"130702";"LA LIBERTAD";"PACASMAYO";"GUADALUPE";"GOBIERNO REGIONAL";"II-1";"00005292";"HOSPITAL DE APOYO TOMAS LAFORA";"243200";"HOSPITALIZACIÓN DE PEDIATRÍA PEDIATRIA NEONATOLOGÍA";"5";"4";"5";"8";"4";"124";"0"
"2023";"05";"130702";"LA LIBERTAD";"PACASMAYO";"GUADALUPE";"GOBIERNO REGIONAL";"II-1";"00005292";"HOSPITAL DE APOYO TOMAS LAFORA";"241600";"HOSPITALIZACIÓN QUIRÚRGICA OBSTETRICIA   ";"84";"82";"165";"169";"14";"434";"0"
"2023";"05";"130702";"LA LIBERTAD";"PACASMAYO";"GUADALUPE";"GOBIERNO REGIONAL";"II-1";"00005292";"HOSPITAL DE APOYO TOMAS LAFORA";"241500";"HOSPITALIZACIÓN QUIRÚRGICA GINECOLOGÍA  ";"23";"24";"52";"51";"3";"93";"0"
"2023";"06";"040108";"AREQUIPA";"AREQUIPA";"LA JOYA";"ESSALUD";"I-2";"00013305";"POSTA MEDICA LA JOYA";"NE_0001";"";"NE_0001";"NE_0001";"NE_0001";"NE_0001";"NE_0001";"NE_0001";"NE_0001"
"2023";"06";"100101";"HUANUCO";"HUANUCO";"HUANUCO";"PRIVADO";"II-E";"00011592";"CLINICA HUANUCO E-I-R-LTDA.";"241400";"HOSPITALIZACIÓN QUIRÚRGICA GINECO - OBSTETRICIA ";"12";"12";"25";"25";"3";"65";"0"
"2023";"06";"100101";"HUANUCO";"HUANUCO";"HUANUCO";"PRIVADO";"II-E";"00011592";"CLINICA HUANUCO E-I-R-LTDA.";"241200";"HOSPITALIZACIÓN QUIRÚRGICA TRAUMATOLOGÍA Y ORTOPEDIA ";"17";"17";"49";"49";"4";"71";"0"
"2023";"06";"100101";"HUANUCO";"HUANUCO";"HUANUCO";"PRIVADO";"II-E";"00011592";"CLINICA HUANUCO E-I-R-LTDA.";"241300";"HOSPITALIZACIÓN QUIRÚRGICA UROLOGÍA  ";"9";"9";"30";"30";"3";"60";"0"
"2023";"06";"100101";"HUANUCO";"HUANUCO";"HUANUCO";"PRIVADO";"II-E";"00011592";"CLINICA HUANUCO E-I-R-LTDA.";"240100";"HOSPITALIZACIÓN QUIRÚRGICA CIRUGÍA GENERAL ";"25";"25";"49";"49";"4";"71";"0"
"2023";"06";"100101";"HUANUCO";"HUANUCO";"HUANUCO";"PRIVADO";"II-E";"00011592";"CLINICA HUANUCO E-I-R-LTDA.";"241900";"HOSPITALIZACIÓN DE MEDICINA MEDICINA INTERNA ";"12";"12";"35";"35";"3";"55";"0"
"2023";"06";"100101";"HUANUCO";"HUANUCO";"HUANUCO";"PRIVADO";"II-E";"00011592";"CLINICA HUANUCO E-I-R-LTDA.";"242300";"HOSPITALIZACIÓN DE PEDIATRÍA  PEDIATRÍA  GENERAL ";"2";"2";"5";"5";"1";"25";"0"
"2023";"06";"100101";"HUANUCO";"HUANUCO";"HUANUCO";"PRIVADO";"II-E";"00011592";"CLINICA HUANUCO E-I-R-LTDA.";"240700";"HOSPITALIZACIÓN QUIRÚRGICA CIRUGÍA PEDIÁTRICA ";"3";"3";"4";"4";"1";"26";"0"
"2023";"06";"100101";"HUANUCO";"HUANUCO";"HUANUCO";"PRIVADO";"II-E";"00011592";"CLINICA HUANUCO E-I-R-LTDA.";"241100";"HOSPITALIZACIÓN QUIRÚRGICA OTORRINOLARINGOLOGÍA  ";"4";"4";"4";"4";"1";"26";"0"
"2023";"06";"040112";"AREQUIPA";"AREQUIPA";"PAUCARPATA";"ESSALUD";"I-2";"00012194";"CAP III - PAUCARPATA";"NE_0001";"";"NE_0001";"NE_0001";"NE_0001";"NE_0001";"NE_0001";"NE_0001";"NE_0001"
"2023";"06";"150141";"LIMA";"LIMA";"SURQUILLO";"SANIDAD DE LA POLICIA NACIONAL DEL PERU";"I-3";"00012885";"POLICLINICO PNP WALTER ROSALES LEON";"NE_0001";"";"NE_0001";"NE_0001";"NE_0001";"NE_0001";"NE_0001";"NE_0001";"NE_0001"
"2023";"06";"040109";"AREQUIPA";"AREQUIPA";"MARIANO MELGAR";"GOBIERNO REGIONAL";"I-4";"00001294";"CENTRO DE SALUD MARIANO MELGAR";"241400";"HOSPITALIZACIÓN QUIRÚRGICA GINECO - OBSTETRICIA ";"10";"10";"13";"10";"3";"130";"0"
"2023";"06";"040109";"AREQUIPA";"AREQUIPA";"MARIANO MELGAR";"GOBIERNO REGIONAL";"I-2";"00001308";"PUESTO DE SALUD ATALAYA";"NE_0001";"";"NE_0001";"NE_0001";"NE_0001";"NE_0001";"NE_0001";"NE_0001";"NE_0001"
"2023";"06";"110501";"ICA";"PISCO";"PISCO";"PRIVADO";"II-1";"00027173";"FAMISALUD SAC";"241500";"HOSPITALIZACIÓN QUIRÚRGICA GINECOLOGÍA  ";"2";"2";"2";"7";"2";"60";"0"
"2023";"06";"110501";"ICA";"PISCO";"PISCO";"PRIVADO";"II-1";"00027173";"FAMISALUD SAC";"241200";"HOSPITALIZACIÓN QUIRÚRGICA TRAUMATOLOGÍA Y ORTOPEDIA ";"1";"1";"1";"7";"1";"30";"0"
"2023";"06";"110501";"ICA";"PISCO";"PISCO";"PRIVADO";"II-1";"00027173";"FAMISALUD SAC";"240100";"HOSPITALIZACIÓN QUIRÚRGICA CIRUGÍA GENERAL ";"4";"4";"4";"7";"4";"120";"0"
"2023";"06";"110501";"ICA";"PISCO";"PISCO";"PRIVADO";"II-1";"00027173";"FAMISALUD SAC";"241800";"HOSPITALIZACIÓN DE MEDICINA MEDICINA GENERAL ";"6";"6";"16";"7";"1";"30";"0"
"2023";"06";"210802";"PUNO";"MELGAR";"ANTAUTA";"ESSALUD";"I-2";"00009898";"POSTA MEDICA SAN RAFAEL - ESSALUD - RED ASISTENCIAL JULIACA";"NE_0001";"";"NE_0001";"NE_0001";"NE_0001";"NE_0001";"NE_0001";"NE_0001";"NE_0001"
"2023";"06";"081205";"CUSCO";"QUISPICANCHI";"CCATCA";"GOBIERNO REGIONAL";"I-1";"00008911";"HUARA HUARA";"NE_0001";"";"NE_0001";"NE_0001";"NE_0001";"NE_0001";"NE_0001";"NE_0001";"NE_0001"
"2023";"06";"081202";"CUSCO";"QUISPICANCHI";"ANDAHUAYLILLAS";"GOBIERNO REGIONAL";"I-2";"00002525";"ANDAHUAYLILLAS";"NE_0001";"";"NE_0001";"NE_0001";"NE_0001";"NE_0001";"NE_0001";"NE_0001";"NE_0001"
"2023";"06";"081212";"CUSCO";"QUISPICANCHI";"QUIQUIJANA";"GOBIERNO REGIONAL";"I-4";"00002538";"QUIQUIJANA";"NE_0001";"";"NE_0001";"NE_0001";"NE_0001";"NE_0001";"NE_0001";"NE_0001";"NE_0001"
"2023";"06";"081206";"CUSCO";"QUISPICANCHI";"CUSIPATA";"GOBIERNO REGIONAL";"I-1";"00006980";"CHILLIHUANI";"NE_0001";"";"NE_0001";"NE_0001";"NE_0001";"NE_0001";"NE_0001";"NE_0001";"NE_0001"
"2023";"06";"081207";"CUSCO";"QUISPICANCHI";"HUARO";"GOBIERNO REGIONAL";"I-1";"00002533";"URPAY";"NE_0001";"";"NE_0001";"NE_0001";"NE_0001";"NE_0001";"NE_0001";"NE_0001";"NE_0001"
"2023";"06";"081208";"CUSCO";"QUISPICANCHI";"LUCRE";"GOBIERNO REGIONAL";"I-2";"00002534";"LUCRE";"NE_0001";"";"NE_0001";"NE_0001";"NE_0001";"NE_0001";"NE_0001";"NE_0001";"NE_0001"
"2023";"06";"081212";"CUSCO";"QUISPICANCHI";"QUIQUIJANA";"GOBIERNO REGIONAL";"I-1";"00002539";"CCOLCA";"NE_0001";"";"NE_0001";"NE_0001";"NE_0001";"NE_0001";"NE_0001";"NE_0001";"NE_0001"
"2023";"06";"081201";"CUSCO";"QUISPICANCHI";"URCOS";"GOBIERNO REGIONAL";"I-4";"00002523";"URCOS";"NE_0001";"";"NE_0001";"NE_0001";"NE_0001";"NE_0001";"NE_0001";"NE_0001";"NE_0001"
"2023";"06";"081206";"CUSCO";"QUISPICANCHI";"CUSIPATA";"GOBIERNO REGIONAL";"I-3";"00002530";"CUSIPATA";"NE_0001";"";"NE_0001";"NE_0001";"NE_0001";"NE_0001";"NE_0001";"NE_0001";"NE_0001"
"2023";"06";"081211";"CUSCO";"QUISPICANCHI";"OROPESA";"GOBIERNO REGIONAL";"I-3";"00002537";"OROPESA";"NE_0001";"";"NE_0001";"NE_0001";"NE_0001";"NE_0001";"NE_0001";"NE_0001";"NE_0001"
"2023";"06";"081207";"CUSCO";"QUISPICANCHI";"HUARO";"GOBIERNO REGIONAL";"I-2";"00002532";"HUARO";"NE_0001";"";"NE_0001";"NE_0001";"NE_0001";"NE_0001";"NE_0001";"NE_0001";"NE_0001"
"2023";"06";"211301";"PUNO";"YUNGUYO";"YUNGUYO";"GOBIERNO REGIONAL";"II-1";"00003349";"YUNGUYO";"240100";"HOSPITALIZACIÓN QUIRÚRGICA CIRUGÍA GENERAL ";"9";"10";"29";"29";"4";"120";"0"
"2023";"06";"211301";"PUNO";"YUNGUYO";"YUNGUYO";"GOBIERNO REGIONAL";"II-1";"00003349";"YUNGUYO";"241400";"HOSPITALIZACIÓN QUIRÚRGICA GINECO - OBSTETRICIA ";"9";"9";"24";"24";"4";"120";"0"
"2023";"06";"211301";"PUNO";"YUNGUYO";"YUNGUYO";"GOBIERNO REGIONAL";"II-1";"00003349";"YUNGUYO";"241600";"HOSPITALIZACIÓN QUIRÚRGICA OBSTETRICIA   ";"22";"23";"40";"40";"7";"210";"0"
"2023";"06";"211301";"PUNO";"YUNGUYO";"YUNGUYO";"GOBIERNO REGIONAL";"II-1";"00003349";"YUNGUYO";"241800";"HOSPITALIZACIÓN DE MEDICINA MEDICINA GENERAL ";"25";"27";"107";"107";"12";"360";"0"
"2023";"06";"211301";"PUNO";"YUNGUYO";"YUNGUYO";"GOBIERNO REGIONAL";"II-1";"00003349";"YUNGUYO";"242500";"HOSPITALIZACIÓN-PEDIATRÍA GENERAL-";"5";"5";"23";"23";"4";"120";"0"
"2023";"06";"150117";"LIMA";"LIMA";"LOS OLIVOS";"MUNICIPALIDAD DISTRITAL";"II-1";"00019787";"HOSPITAL MUNICIPAL LOS OLIVOS";"241800";"HOSPITALIZACIÓN DE MEDICINA MEDICINA GENERAL ";"12";"14";"61";"73";"25";"750";"0"
"2023";"06";"150117";"LIMA";"LIMA";"LOS OLIVOS";"MUNICIPALIDAD DISTRITAL";"II-1";"00019787";"HOSPITAL MUNICIPAL LOS OLIVOS";"240100";"HOSPITALIZACIÓN QUIRÚRGICA CIRUGÍA GENERAL ";"12";"13";"19";"31";"25";"750";"0"
"2023";"06";"150117";"LIMA";"LIMA";"LOS OLIVOS";"MUNICIPALIDAD DISTRITAL";"II-1";"00019787";"HOSPITAL MUNICIPAL LOS OLIVOS";"241300";"HOSPITALIZACIÓN QUIRÚRGICA UROLOGÍA  ";"2";"4";"23";"25";"25";"750";"0"
"2023";"06";"150117";"LIMA";"LIMA";"LOS OLIVOS";"MUNICIPALIDAD DISTRITAL";"II-1";"00019787";"HOSPITAL MUNICIPAL LOS OLIVOS";"241200";"HOSPITALIZACIÓN QUIRÚRGICA TRAUMATOLOGÍA Y ORTOPEDIA ";"2";"2";"18";"20";"25";"750";"0"
"2023";"06";"150117";"LIMA";"LIMA";"LOS OLIVOS";"MUNICIPALIDAD DISTRITAL";"II-1";"00019787";"HOSPITAL MUNICIPAL LOS OLIVOS";"241500";"HOSPITALIZACIÓN QUIRÚRGICA GINECOLOGÍA  ";"22";"23";"47";"23";"11";"496";"0"
"2023";"06";"110501";"ICA";"PISCO";"PISCO";"MINSA";"II-1";"00003472";"SAN JUAN DE DIOS";"240100";"HOSPITALIZACIÓN QUIRÚRGICA CIRUGÍA GENERAL ";"82";"90";"421";"428";"20";"600";"1"
"2023";"06";"110501";"ICA";"PISCO";"PISCO";"MINSA";"II-1";"00003472";"SAN JUAN DE DIOS";"241400";"HOSPITALIZACIÓN QUIRÚRGICA GINECO - OBSTETRICIA ";"227";"256";"658";"592";"28";"840";"0"
"2023";"06";"110501";"ICA";"PISCO";"PISCO";"MINSA";"II-1";"00003472";"SAN JUAN DE DIOS";"241800";"HOSPITALIZACIÓN DE MEDICINA MEDICINA GENERAL ";"100";"119";"632";"598";"28";"840";"10"
"2023";"06";"110501";"ICA";"PISCO";"PISCO";"MINSA";"II-1";"00003472";"SAN JUAN DE DIOS";"242300";"HOSPITALIZACIÓN DE PEDIATRÍA  PEDIATRÍA  GENERAL ";"59";"73";"288";"230";"10";"300";"0"
"2023";"06";"110201";"ICA";"CHINCHA";"CHINCHA ALTA";"PRIVADO";"II-1";"00010559";"CLINICA DANIEL A. CARRION S.A.C.";"240100";"HOSPITALIZACIÓN QUIRÚRGICA CIRUGÍA GENERAL ";"12";"12";"50";"50";"4";"120";"0"
"2023";"06";"100109";"HUANUCO";"HUANUCO";"SANTA MARIA DEL VALLE";"GOBIERNO REGIONAL";"I-2";"00007044";"LLACSA";"NE_0001";"";"NE_0001";"NE_0001";"NE_0001";"NE_0001";"NE_0001";"NE_0001";"NE_0001"
"2023";"06";"100109";"HUANUCO";"HUANUCO";"SANTA MARIA DEL VALLE";"GOBIERNO REGIONAL";"I-2";"00000774";"SANTA CRUZ DE RATACOCHA";"NE_0001";"";"NE_0001";"NE_0001";"NE_0001";"NE_0001";"NE_0001";"NE_0001";"NE_0001"
"2023";"06";"100109";"HUANUCO";"HUANUCO";"SANTA MARIA DEL VALLE";"GOBIERNO REGIONAL";"I-2";"00000773";"SANTA ROSA DE SIRABAMBA";"NE_0001";"";"NE_0001";"NE_0001";"NE_0001";"NE_0001";"NE_0001";"NE_0001";"NE_0001"
"2023";"06";"100109";"HUANUCO";"HUANUCO";"SANTA MARIA DEL VALLE";"GOBIERNO REGIONAL";"I-3";"00000772";"SAN SEBASTIAN DE QUERA";"NE_0001";"";"NE_0001";"NE_0001";"NE_0001";"NE_0001";"NE_0001";"NE_0001";"NE_0001"
"2023";"06";"100109";"HUANUCO";"HUANUCO";"SANTA MARIA DEL VALLE";"GOBIERNO REGIONAL";"I-2";"00000771";"PUESTO DE SALUD DE PACHABAMBA";"NE_0001";"";"NE_0001";"NE_0001";"NE_0001";"NE_0001";"NE_0001";"NE_0001";"NE_0001"
"2023";"06";"100109";"HUANUCO";"HUANUCO";"SANTA MARIA DEL VALLE";"GOBIERNO REGIONAL";"I-2";"00000770";"SANTIAGO DE LLACON";"NE_0001";"";"NE_0001";"NE_0001";"NE_0001";"NE_0001";"NE_0001";"NE_0001";"NE_0001"
"2023";"06";"100109";"HUANUCO";"HUANUCO";"SANTA MARIA DEL VALLE";"GOBIERNO REGIONAL";"I-2";"00000769";"POMACUCHO";"NE_0001";"";"NE_0001";"NE_0001";"NE_0001";"NE_0001";"NE_0001";"NE_0001";"NE_0001"
"2023";"06";"100109";"HUANUCO";"HUANUCO";"SANTA MARIA DEL VALLE";"GOBIERNO REGIONAL";"I-2";"00000768";"TAMBO DE SAN JOSE";"NE_0001";"";"NE_0001";"NE_0001";"NE_0001";"NE_0001";"NE_0001";"NE_0001";"NE_0001"
"2023";"07";"070103";"CALLAO";"CALLAO";"CARMEN DE LA LEGUA-REYNOSO";"GOBIERNO REGIONAL";"II-2";"00006219";"HOSPITAL SAN JOSE";"241800";"HOSPITALIZACIÓN DE MEDICINA MEDICINA GENERAL ";"68";"66";"426";"349";"21";"651";"4"
"2023";"07";"070103";"CALLAO";"CALLAO";"CARMEN DE LA LEGUA-REYNOSO";"GOBIERNO REGIONAL";"II-2";"00006219";"HOSPITAL SAN JOSE";"241600";"HOSPITALIZACIÓN QUIRÚRGICA OBSTETRICIA   ";"176";"175";"544";"527";"17";"527";"0"
"2023";"07";"070103";"CALLAO";"CALLAO";"CARMEN DE LA LEGUA-REYNOSO";"GOBIERNO REGIONAL";"II-2";"00006219";"HOSPITAL SAN JOSE";"240100";"HOSPITALIZACIÓN QUIRÚRGICA CIRUGÍA GENERAL ";"104";"108";"370";"297";"11";"341";"0"
"2023";"07";"070103";"CALLAO";"CALLAO";"CARMEN DE LA LEGUA-REYNOSO";"GOBIERNO REGIONAL";"II-2";"00006219";"HOSPITAL SAN JOSE";"242500";"HOSPITALIZACIÓN-PEDIATRÍA GENERAL-";"22";"18";"105";"108";"6";"186";"0"
"2023";"07";"070103";"CALLAO";"CALLAO";"CARMEN DE LA LEGUA-REYNOSO";"GOBIERNO REGIONAL";"II-2";"00006219";"HOSPITAL SAN JOSE";"243200";"HOSPITALIZACIÓN DE PEDIATRÍA PEDIATRIA NEONATOLOGÍA";"18";"17";"89";"87";"8";"248";"0"
"2023";"07";"070103";"CALLAO";"CALLAO";"CARMEN DE LA LEGUA-REYNOSO";"GOBIERNO REGIONAL";"II-2";"00006219";"HOSPITAL SAN JOSE";"241500";"HOSPITALIZACIÓN QUIRÚRGICA GINECOLOGÍA  ";"45";"47";"160";"173";"7";"217";"0"
"2023";"07";"150122";"LIMA";"LIMA";"MIRAFLORES";"PRIVADO";"II-E";"00015182";"OPTIMA VISION S.R.L.";"NE_0001";"";"NE_0001";"NE_0001";"NE_0001";"NE_0001";"NE_0001";"NE_0001";"NE_0001"
"2023";"07";"150136";"LIMA";"LIMA";"SAN MIGUEL";"PRIVADO";"II-2";"00012666";"CLINICA PROVIDENCIA";"240000";"HOSPITALIZACIÓN";"237";"209";"568";"237";"58";"60";"0"
"2023";"07";"150136";"LIMA";"LIMA";"SAN MIGUEL";"PRIVADO";"II-2";"00012666";"CLINICA PROVIDENCIA";"250100";"UNIDAD DE CUIDADOS CRITICOS UNIDAD  DE CUIDADOS INTENSIVOS GENERALES (UCI) ";"8";"8";"20";"8";"10";"12";"0"
"2023";"07";"150136";"LIMA";"LIMA";"SAN MIGUEL";"PRIVADO";"II-2";"00012666";"CLINICA PROVIDENCIA";"250105";"UNIDAD DE CUIDADOS CRITICOS UNIDAD  DE CUIDADOS INTENSIVOS  (UCI) NEONATOLOGÍA";"3";"1";"7";"3";"5";"8";"0"
"2023";"07";"150136";"LIMA";"LIMA";"SAN MIGUEL";"PRIVADO";"II-2";"00012666";"CLINICA PROVIDENCIA";"250108";"UNIDAD DE CUIDADOS CRITICOS UNIDAD  DE CUIDADOS INTENSIVOS  (UCI) PEDIÁTRICA";"10";"10";"25";"4";"8";"10";"0"
"2023";"07";"150114";"LIMA";"LIMA";"LA MOLINA";"PRIVADO";"I-3";"00010464";"CLINICA ANGLO AMERICANA";"NE_0001";"";"NE_0001";"NE_0001";"NE_0001";"NE_0001";"NE_0001";"NE_0001";"NE_0001"
"2023";"07";"130107";"LA LIBERTAD";"TRUJILLO";"MOCHE";"GOBIERNO REGIONAL";"II-1";"00007152";"HOSPITAL DISTRITAL ALTO MOCHE-WALTER CRUZ VILCA";"241400";"HOSPITALIZACIÓN QUIRÚRGICA GINECO - OBSTETRICIA ";"24";"24";"25";"12";"12";"372";"0"
"2023";"07";"130101";"LA LIBERTAD";"TRUJILLO";"TRUJILLO";"PRIVADO";"II-1";"00027358";"CLÍNICA CRISTO REDENTOR";"240100";"HOSPITALIZACIÓN QUIRÚRGICA CIRUGÍA GENERAL ";"10";"10";"10";"10";"7";"217";"0"
"2023";"07";"080101";"CUSCO";"CUSCO";"CUSCO";"GOBIERNO REGIONAL";"III-1";"00002289";"HOSPITAL DE APOYO DEPARTAMENTAL CUSCO";"240100";"HOSPITALIZACIÓN QUIRÚRGICA CIRUGÍA GENERAL ";"167";"166";"869";"868";"34";"1054";"1"
"2023";"07";"080101";"CUSCO";"CUSCO";"CUSCO";"GOBIERNO REGIONAL";"III-1";"00002289";"HOSPITAL DE APOYO DEPARTAMENTAL CUSCO";"240100";"HOSPITALIZACIÓN QUIRÚRGICA CIRUGÍA GENERAL ";"88";"90";"713";"696";"32";"992";"0"
"2023";"07";"080101";"CUSCO";"CUSCO";"CUSCO";"GOBIERNO REGIONAL";"III-1";"00002289";"HOSPITAL DE APOYO DEPARTAMENTAL CUSCO";"241800";"HOSPITALIZACIÓN DE MEDICINA MEDICINA GENERAL ";"29";"31";"351";"702";"24";"744";"3"
"2023";"07";"080101";"CUSCO";"CUSCO";"CUSCO";"GOBIERNO REGIONAL";"III-1";"00002289";"HOSPITAL DE APOYO DEPARTAMENTAL CUSCO";"241500";"HOSPITALIZACIÓN QUIRÚRGICA GINECOLOGÍA  ";"189";"198";"520";"602";"29";"899";"2"
"2023";"07";"080101";"CUSCO";"CUSCO";"CUSCO";"GOBIERNO REGIONAL";"III-1";"00002289";"HOSPITAL DE APOYO DEPARTAMENTAL CUSCO";"241400";"HOSPITALIZACIÓN QUIRÚRGICA GINECO - OBSTETRICIA ";"244";"238";"661";"705";"31";"961";"1"
"2023";"07";"080101";"CUSCO";"CUSCO";"CUSCO";"GOBIERNO REGIONAL";"III-1";"00002289";"HOSPITAL DE APOYO DEPARTAMENTAL CUSCO";"241800";"HOSPITALIZACIÓN DE MEDICINA MEDICINA GENERAL ";"58";"58";"772";"806";"32";"992";"7"
"2023";"07";"080101";"CUSCO";"CUSCO";"CUSCO";"GOBIERNO REGIONAL";"III-1";"00002289";"HOSPITAL DE APOYO DEPARTAMENTAL CUSCO";"241800";"HOSPITALIZACIÓN DE MEDICINA MEDICINA GENERAL ";"51";"45";"546";"445";"25";"775";"4"
"2023";"07";"080101";"CUSCO";"CUSCO";"CUSCO";"GOBIERNO REGIONAL";"III-1";"00002289";"HOSPITAL DE APOYO DEPARTAMENTAL CUSCO";"241900";"HOSPITALIZACIÓN DE MEDICINA MEDICINA INTERNA ";"19";"18";"418";"553";"22";"682";"4"
"2023";"07";"080101";"CUSCO";"CUSCO";"CUSCO";"GOBIERNO REGIONAL";"III-1";"00002289";"HOSPITAL DE APOYO DEPARTAMENTAL CUSCO";"240900";"HOSPITALIZACIÓN QUIRÚRGICA NEUROCIRUGÍA ";"35";"35";"327";"551";"25";"775";"0"
"2023";"07";"080101";"CUSCO";"CUSCO";"CUSCO";"GOBIERNO REGIONAL";"III-1";"00002289";"HOSPITAL DE APOYO DEPARTAMENTAL CUSCO";"242100";"HOSPITALIZACIÓN DE MEDICINA ONCOLOGÍA MÉDICA ";"45";"41";"410";"461";"20";"620";"3"
"2023";"07";"080101";"CUSCO";"CUSCO";"CUSCO";"GOBIERNO REGIONAL";"III-1";"00002289";"HOSPITAL DE APOYO DEPARTAMENTAL CUSCO";"242300";"HOSPITALIZACIÓN DE PEDIATRÍA  PEDIATRÍA  GENERAL ";"68";"73";"577";"548";"21";"651";"0"
"2023";"07";"080101";"CUSCO";"CUSCO";"CUSCO";"GOBIERNO REGIONAL";"III-1";"00002289";"HOSPITAL DE APOYO DEPARTAMENTAL CUSCO";"243200";"HOSPITALIZACIÓN DE PEDIATRÍA PEDIATRIA NEONATOLOGÍA";"56";"50";"544";"793";"30";"930";"0"
"2023";"07";"080101";"CUSCO";"CUSCO";"CUSCO";"GOBIERNO REGIONAL";"III-1";"00002289";"HOSPITAL DE APOYO DEPARTAMENTAL CUSCO";"242204";"HOSPITALIZACIÓN DE MEDICINA PSIQUIATRÍA REHABILITACIÓN PSIQUIÁTRICA / REINSERCIÓN ";"11";"10";"196";"197";"7";"217";"0"
"2023";"07";"080101";"CUSCO";"CUSCO";"CUSCO";"GOBIERNO REGIONAL";"III-1";"00002289";"HOSPITAL DE APOYO DEPARTAMENTAL CUSCO";"241200";"HOSPITALIZACIÓN QUIRÚRGICA TRAUMATOLOGÍA Y ORTOPEDIA ";"52";"52";"1136";"386";"30";"930";"0"
"2023";"07";"080101";"CUSCO";"CUSCO";"CUSCO";"GOBIERNO REGIONAL";"III-1";"00002289";"HOSPITAL DE APOYO DEPARTAMENTAL CUSCO";"240801";"HOSPITALIZACIÓN QUIRÚRGICA CIRUGÍA PLÁSTICA/RECONSTRUCTIVA/ REPARADORA QUEMADOS";"23";"19";"246";"422";"18";"558";"0"
"2023";"07";"080101";"CUSCO";"CUSCO";"CUSCO";"GOBIERNO REGIONAL";"III-1";"00002289";"HOSPITAL DE APOYO DEPARTAMENTAL CUSCO";"250100";"UNIDAD DE CUIDADOS CRITICOS UNIDAD  DE CUIDADOS INTENSIVOS GENERALES (UCI) ";"30";"27";"417";"424";"17";"527";"2"
"2023";"07";"150132";"LIMA";"LIMA";"SAN JUAN DE LURIGANCHO";"PRIVADO";"II-E";"00012267";"CLINICA SAN MARCOS";"240100";"HOSPITALIZACIÓN QUIRÚRGICA CIRUGÍA GENERAL ";"33";"33";"33";"53";"5";"157";"0"
"2023";"07";"150132";"LIMA";"LIMA";"SAN JUAN DE LURIGANCHO";"PRIVADO";"II-E";"00012267";"CLINICA SAN MARCOS";"240200";"HOSPITALIZACIÓN QUIRÚRGICA CIRUGÍA DE CABEZA Y CUELLO / MÁXILO FACIAL ";"3";"3";"3";"3";"2";"55";"0"
"2023";"07";"150132";"LIMA";"LIMA";"SAN JUAN DE LURIGANCHO";"PRIVADO";"II-E";"00012267";"CLINICA SAN MARCOS";"241300";"HOSPITALIZACIÓN QUIRÚRGICA UROLOGÍA  ";"3";"3";"3";"3";"2";"64";"0"
"2023";"07";"150132";"LIMA";"LIMA";"SAN JUAN DE LURIGANCHO";"PRIVADO";"II-E";"00012267";"CLINICA SAN MARCOS";"241400";"HOSPITALIZACIÓN QUIRÚRGICA GINECO - OBSTETRICIA ";"19";"19";"19";"37";"2";"63";"0"
"2023";"07";"150132";"LIMA";"LIMA";"SAN JUAN DE LURIGANCHO";"PRIVADO";"II-E";"00012267";"CLINICA SAN MARCOS";"241500";"HOSPITALIZACIÓN QUIRÚRGICA GINECOLOGÍA  ";"5";"5";"5";"5";"1";"31";"0"
"2023";"07";"150132";"LIMA";"LIMA";"SAN JUAN DE LURIGANCHO";"PRIVADO";"II-E";"00012267";"CLINICA SAN MARCOS";"241600";"HOSPITALIZACIÓN QUIRÚRGICA OBSTETRICIA   ";"3";"3";"3";"3";"1";"31";"0"
"2023";"07";"150132";"LIMA";"LIMA";"SAN JUAN DE LURIGANCHO";"PRIVADO";"II-E";"00012267";"CLINICA SAN MARCOS";"240200";"HOSPITALIZACIÓN QUIRÚRGICA CIRUGÍA DE CABEZA Y CUELLO / MÁXILO FACIAL ";"2";"2";"2";"2";"1";"31";"0"
"2023";"07";"140101";"LAMBAYEQUE";"CHICLAYO";"CHICLAYO";"PRIVADO";"II-E";"00016192";"CLÍNICA CHICLAYO S.A";"240100";"HOSPITALIZACIÓN QUIRÚRGICA CIRUGÍA GENERAL ";"74";"75";"79";"86";"6";"192";"0"
"2023";"07";"140101";"LAMBAYEQUE";"CHICLAYO";"CHICLAYO";"PRIVADO";"II-E";"00016192";"CLÍNICA CHICLAYO S.A";"241400";"HOSPITALIZACIÓN QUIRÚRGICA GINECO - OBSTETRICIA ";"70";"70";"78";"90";"7";"222";"0"
"2023";"07";"140101";"LAMBAYEQUE";"CHICLAYO";"CHICLAYO";"PRIVADO";"II-E";"00016192";"CLÍNICA CHICLAYO S.A";"242300";"HOSPITALIZACIÓN DE PEDIATRÍA  PEDIATRÍA  GENERAL ";"51";"51";"52";"52";"5";"158";"0"
"2023";"07";"140101";"LAMBAYEQUE";"CHICLAYO";"CHICLAYO";"PRIVADO";"II-E";"00016192";"CLÍNICA CHICLAYO S.A";"241200";"HOSPITALIZACIÓN QUIRÚRGICA TRAUMATOLOGÍA Y ORTOPEDIA ";"33";"33";"35";"44";"5";"158";"0"
"2023";"07";"140101";"LAMBAYEQUE";"CHICLAYO";"CHICLAYO";"PRIVADO";"II-E";"00016192";"CLÍNICA CHICLAYO S.A";"240800";"HOSPITALIZACIÓN QUIRÚRGICA CIRUGÍA PLÁSTICA/RECONSTRUCTIVA/ REPARADORA ";"2";"2";"3";"3";"1";"23";"0"
"2023";"07";"140101";"LAMBAYEQUE";"CHICLAYO";"CHICLAYO";"PRIVADO";"II-E";"00016192";"CLÍNICA CHICLAYO S.A";"241300";"HOSPITALIZACIÓN QUIRÚRGICA UROLOGÍA  ";"5";"5";"6";"11";"1";"31";"0"
"2023";"07";"140101";"LAMBAYEQUE";"CHICLAYO";"CHICLAYO";"PRIVADO";"II-E";"00016192";"CLÍNICA CHICLAYO S.A";"241900";"HOSPITALIZACIÓN DE MEDICINA MEDICINA INTERNA ";"8";"9";"11";"16";"1";"31";"2"
"2023";"07";"140101";"LAMBAYEQUE";"CHICLAYO";"CHICLAYO";"PRIVADO";"II-E";"00016192";"CLÍNICA CHICLAYO S.A";"244700";"HOSPITALIZACIÓN DE MEDICINA NEUROLOGIA  ";"2";"2";"2";"2";"1";"22";"0"
"2023";"07";"150131";"LIMA";"LIMA";"SAN ISIDRO";"PRIVADO";"II-E";"00009288";"NOVOCLINIC";"240000";"HOSPITALIZACIÓN";"155";"152";"205";"330";"16";"183";"0"
"2023";"07";"110301";"ICA";"NAZCA";"NAZCA";"GOBIERNO REGIONAL";"II-1";"00003443";"RICARDO CRUZADO RIVAROLA DE NASCA";"240100";"HOSPITALIZACIÓN QUIRÚRGICA CIRUGÍA GENERAL ";"61";"55";"197";"513";"11";"341";"0"
"2023";"07";"110301";"ICA";"NAZCA";"NAZCA";"GOBIERNO REGIONAL";"II-1";"00003443";"RICARDO CRUZADO RIVAROLA DE NASCA";"241500";"HOSPITALIZACIÓN QUIRÚRGICA GINECOLOGÍA  ";"51";"46";"99";"124";"4";"124";"0"
"2023";"07";"110301";"ICA";"NAZCA";"NAZCA";"GOBIERNO REGIONAL";"II-1";"00003443";"RICARDO CRUZADO RIVAROLA DE NASCA";"241600";"HOSPITALIZACIÓN QUIRÚRGICA OBSTETRICIA   ";"111";"111";"206";"430";"14";"434";"0"
"2023";"07";"110301";"ICA";"NAZCA";"NAZCA";"GOBIERNO REGIONAL";"II-1";"00003443";"RICARDO CRUZADO RIVAROLA DE NASCA";"241800";"HOSPITALIZACIÓN DE MEDICINA MEDICINA GENERAL ";"99";"95";"367";"589";"19";"589";"7"
"2023";"07";"110301";"ICA";"NAZCA";"NAZCA";"GOBIERNO REGIONAL";"II-1";"00003443";"RICARDO CRUZADO RIVAROLA DE NASCA";"242500";"HOSPITALIZACIÓN-PEDIATRÍA GENERAL-";"41";"41";"145";"465";"15";"465";"0"
"2023";"07";"211101";"PUNO";"SAN ROMAN";"JULIACA";"PRIVADO";"II-E";"00020181";"CLINICA INTERNACIONAL NACER";"241600";"HOSPITALIZACIÓN QUIRÚRGICA OBSTETRICIA   ";"36";"36";"41";"36";"10";"259";"0"
"2023";"07";"230101";"TACNA";"TACNA";"TACNA";"PRIVADO";"II-1";"00027462";"CLINICA LA LUZ";"240300";"HOSPITALIZACIÓN QUIRÚRGICA CIRUGÍA DIGESTIVA ";"29";"29";"34";"29";"13";"377";"0"
"2023";"07";"230101";"TACNA";"TACNA";"TACNA";"PRIVADO";"II-1";"00027462";"CLINICA LA LUZ";"240800";"HOSPITALIZACIÓN QUIRÚRGICA CIRUGÍA PLÁSTICA/RECONSTRUCTIVA/ REPARADORA ";"23";"23";"23";"23";"11";"253";"0"
"2023";"07";"230101";"TACNA";"TACNA";"TACNA";"PRIVADO";"II-1";"00027462";"CLINICA LA LUZ";"241500";"HOSPITALIZACIÓN QUIRÚRGICA GINECOLOGÍA  ";"11";"11";"23";"11";"7";"77";"0"
"2023";"07";"230101";"TACNA";"TACNA";"TACNA";"PRIVADO";"II-1";"00027462";"CLINICA LA LUZ";"243200";"HOSPITALIZACIÓN DE PEDIATRÍA PEDIATRIA NEONATOLOGÍA";"8";"8";"10";"8";"3";"24";"0"
"2023";"07";"230101";"TACNA";"TACNA";"TACNA";"PRIVADO";"II-1";"00027462";"CLINICA LA LUZ";"241300";"HOSPITALIZACIÓN QUIRÚRGICA UROLOGÍA  ";"6";"6";"13";"6";"5";"30";"0"
"2023";"07";"230101";"TACNA";"TACNA";"TACNA";"PRIVADO";"II-1";"00027462";"CLINICA LA LUZ";"241200";"HOSPITALIZACIÓN QUIRÚRGICA TRAUMATOLOGÍA Y ORTOPEDIA ";"6";"6";"7";"6";"6";"36";"0"
"2023";"07";"230101";"TACNA";"TACNA";"TACNA";"PRIVADO";"II-1";"00027462";"CLINICA LA LUZ";"241800";"HOSPITALIZACIÓN DE MEDICINA MEDICINA GENERAL ";"4";"4";"5";"4";"3";"12";"0"
"2023";"07";"230101";"TACNA";"TACNA";"TACNA";"PRIVADO";"II-1";"00027462";"CLINICA LA LUZ";"240900";"HOSPITALIZACIÓN QUIRÚRGICA NEUROCIRUGÍA ";"4";"4";"26";"4";"2";"8";"0"
"2023";"07";"230101";"TACNA";"TACNA";"TACNA";"PRIVADO";"II-1";"00027462";"CLINICA LA LUZ";"242300";"HOSPITALIZACIÓN DE PEDIATRÍA  PEDIATRÍA  GENERAL ";"3";"3";"5";"3";"3";"9";"0"
"2023";"07";"230101";"TACNA";"TACNA";"TACNA";"PRIVADO";"II-1";"00027462";"CLINICA LA LUZ";"241900";"HOSPITALIZACIÓN DE MEDICINA MEDICINA INTERNA ";"1";"1";"2";"1";"1";"3";"0"
"2023";"07";"230101";"TACNA";"TACNA";"TACNA";"PRIVADO";"II-1";"00027462";"CLINICA LA LUZ";"240400";"HOSPITALIZACIÓN QUIRÚRGICA CIRUGÍA DE TÓRAX Y CARDIOVASCULAR ";"1";"1";"1";"1";"1";"3";"0"
"2023";"07";"070106";"CALLAO";"CALLAO";"VENTANILLA";"GOBIERNO REGIONAL";"II-1";"00007126";"HOSPITAL DE VENTANILLA";"241800";"HOSPITALIZACIÓN DE MEDICINA MEDICINA GENERAL ";"68";"61";"348";"387";"20";"620";"4"
"2023";"07";"070106";"CALLAO";"CALLAO";"VENTANILLA";"GOBIERNO REGIONAL";"II-1";"00007126";"HOSPITAL DE VENTANILLA";"242500";"HOSPITALIZACIÓN-PEDIATRÍA GENERAL-";"54";"49";"171";"185";"9";"279";"0"
"2023";"07";"070106";"CALLAO";"CALLAO";"VENTANILLA";"GOBIERNO REGIONAL";"II-1";"00007126";"HOSPITAL DE VENTANILLA";"240100";"HOSPITALIZACIÓN QUIRÚRGICA CIRUGÍA GENERAL ";"106";"100";"329";"340";"19";"589";"0"
"2023";"07";"070106";"CALLAO";"CALLAO";"VENTANILLA";"GOBIERNO REGIONAL";"II-1";"00007126";"HOSPITAL DE VENTANILLA";"241600";"HOSPITALIZACIÓN QUIRÚRGICA OBSTETRICIA   ";"177";"172";"288";"303";"25";"775";"0"
"2023";"07";"070106";"CALLAO";"CALLAO";"VENTANILLA";"GOBIERNO REGIONAL";"II-1";"00007126";"HOSPITAL DE VENTANILLA";"241500";"HOSPITALIZACIÓN QUIRÚRGICA GINECOLOGÍA  ";"10";"8";"10";"19";"4";"124";"0"
"2023";"07";"070106";"CALLAO";"CALLAO";"VENTANILLA";"GOBIERNO REGIONAL";"II-1";"00007126";"HOSPITAL DE VENTANILLA";"243200";"HOSPITALIZACIÓN DE PEDIATRÍA PEDIATRIA NEONATOLOGÍA";"24";"21";"72";"89";"10";"310";"0"
"2023";"07";"200601";"PIURA";"SULLANA";"SULLANA";"PRIVADO";"II-1";"00012261";"CLINICA INMACULADA";"240000";"HOSPITALIZACIÓN";"116";"141";"152";"190";"30";"900";"0"
"2023";"07";"110101";"ICA";"ICA";"ICA";"PRIVADO";"II-E";"00009627";"SAN MARTIN";"240000";"HOSPITALIZACIÓN";"4";"3";"4";"9";"7";"210";"0"
"2023";"07";"120606";"JUNIN";"SATIPO";"PANGOA";"GOBIERNO REGIONAL";"I-1";"00021797";"SAN JERONIMO";"NE_0001";"";"NE_0001";"NE_0001";"NE_0001";"NE_0001";"NE_0001";"NE_0001";"NE_0001"
"2023";"07";"120606";"JUNIN";"SATIPO";"PANGOA";"GOBIERNO REGIONAL";"I-1";"00021800";"LOS ÁNGELES DE EDEN";"NE_0001";"";"NE_0001";"NE_0001";"NE_0001";"NE_0001";"NE_0001";"NE_0001";"NE_0001"
"2023";"07";"120606";"JUNIN";"SATIPO";"PANGOA";"GOBIERNO REGIONAL";"I-1";"00021814";"CENTRO SAURENI";"NE_0001";"";"NE_0001";"NE_0001";"NE_0001";"NE_0001";"NE_0001";"NE_0001";"NE_0001"
"2023";"07";"120606";"JUNIN";"SATIPO";"PANGOA";"GOBIERNO REGIONAL";"I-3";"00000445";"SAN ANTONIO DE SONOMORO";"NE_0001";"";"NE_0001";"NE_0001";"NE_0001";"NE_0001";"NE_0001";"NE_0001";"NE_0001"
"2023";"07";"120606";"JUNIN";"SATIPO";"PANGOA";"GOBIERNO REGIONAL";"I-2";"00000448";"NAYLAM DE SONOMORO";"NE_0001";"";"NE_0001";"NE_0001";"NE_0001";"NE_0001";"NE_0001";"NE_0001";"NE_0001"
"2023";"07";"120606";"JUNIN";"SATIPO";"PANGOA";"GOBIERNO REGIONAL";"I-1";"00011138";"SANTA ELENA";"NE_0001";"";"NE_0001";"NE_0001";"NE_0001";"NE_0001";"NE_0001";"NE_0001";"NE_0001"
"2023";"07";"120606";"JUNIN";"SATIPO";"PANGOA";"GOBIERNO REGIONAL";"I-1";"00021803";"LOS MANANTIALES";"NE_0001";"";"NE_0001";"NE_0001";"NE_0001";"NE_0001";"NE_0001";"NE_0001";"NE_0001"
"2023";"07";"120606";"JUNIN";"SATIPO";"PANGOA";"GOBIERNO REGIONAL";"I-2";"00006880";"CIUDAD DE DIOS";"NE_0001";"";"NE_0001";"NE_0001";"NE_0001";"NE_0001";"NE_0001";"NE_0001";"NE_0001"
"2023";"07";"150140";"LIMA";"LIMA";"SANTIAGO DE SURCO";"PRIVADO";"II-E";"00020674";"SAN MARTIN PLASTICA & ESTETICA";"NE_0002";"";"NE_0002";"NE_0002";"NE_0002";"NE_0002";"NE_0002";"NE_0002";"NE_0002"
"2023";"07";"120609";"JUNIN";"SATIPO";"VIZCATAN DEL ENE";"GOBIERNO REGIONAL";"I-1";"00000509";"SAN MIGUEL DE ENE SHINPINSHARIATO";"NE_0001";"";"NE_0001";"NE_0001";"NE_0001";"NE_0001";"NE_0001";"NE_0001";"NE_0001"
"2023";"07";"040125";"AREQUIPA";"AREQUIPA";"VITOR";"GOBIERNO REGIONAL";"I-3";"00001324";"CENTRO DE SALUD VITOR";"NE_0001";"";"NE_0001";"NE_0001";"NE_0001";"NE_0001";"NE_0001";"NE_0001";"NE_0001"
"2023";"07";"040121";"AREQUIPA";"AREQUIPA";"SANTA RITA DE SIHUAS";"GOBIERNO REGIONAL";"I-3";"00001335";"CENTRO  DE SALUD SANTA RITA DE SIGUAS";"NE_0001";"";"NE_0001";"NE_0001";"NE_0001";"NE_0001";"NE_0001";"NE_0001";"NE_0001"
"2023";"07";"040125";"AREQUIPA";"AREQUIPA";"VITOR";"GOBIERNO REGIONAL";"I-2";"00001334";"PUESTO DE SALUD YURAMAYO";"NE_0001";"";"NE_0001";"NE_0001";"NE_0001";"NE_0001";"NE_0001";"NE_0001";"NE_0001"
"2023";"07";"140101";"LAMBAYEQUE";"CHICLAYO";"CHICLAYO";"ESSALUD";"III-1";"00008577";"HOSPITAL NACIONAL ALMANZOR AGUINAGA ASENJO";"244000";"HOSPITALIZACIÓN DE MEDICINA CARDIOLOGIA ";"51";"66";"589";"639";"17";"665";"0"
"2023";"07";"140101";"LAMBAYEQUE";"CHICLAYO";"CHICLAYO";"ESSALUD";"III-1";"00008577";"HOSPITAL NACIONAL ALMANZOR AGUINAGA ASENJO";"240200";"HOSPITALIZACIÓN QUIRÚRGICA CIRUGÍA DE CABEZA Y CUELLO / MÁXILO FACIAL ";"17";"23";"135";"163";"5";"166";"0"
"2023";"07";"140101";"LAMBAYEQUE";"CHICLAYO";"CHICLAYO";"ESSALUD";"III-1";"00008577";"HOSPITAL NACIONAL ALMANZOR AGUINAGA ASENJO";"240400";"HOSPITALIZACIÓN QUIRÚRGICA CIRUGÍA DE TÓRAX Y CARDIOVASCULAR ";"25";"31";"222";"184";"10";"215";"0"
"2023";"07";"140101";"LAMBAYEQUE";"CHICLAYO";"CHICLAYO";"ESSALUD";"III-1";"00008577";"HOSPITAL NACIONAL ALMANZOR AGUINAGA ASENJO";"240100";"HOSPITALIZACIÓN QUIRÚRGICA CIRUGÍA GENERAL ";"42";"81";"1202";"775";"30";"911";"2"
"2023";"07";"140101";"LAMBAYEQUE";"CHICLAYO";"CHICLAYO";"ESSALUD";"III-1";"00008577";"HOSPITAL NACIONAL ALMANZOR AGUINAGA ASENJO";"240700";"HOSPITALIZACIÓN QUIRÚRGICA CIRUGÍA PEDIÁTRICA ";"29";"36";"156";"159";"8";"222";"0"
"2023";"07";"140101";"LAMBAYEQUE";"CHICLAYO";"CHICLAYO";"ESSALUD";"III-1";"00008577";"HOSPITAL NACIONAL ALMANZOR AGUINAGA ASENJO";"240801";"HOSPITALIZACIÓN QUIRÚRGICA CIRUGÍA PLÁSTICA/RECONSTRUCTIVA/ REPARADORA QUEMADOS";"4";"8";"165";"98";"4";"111";"0"
"2023";"07";"140101";"LAMBAYEQUE";"CHICLAYO";"CHICLAYO";"ESSALUD";"III-1";"00008577";"HOSPITAL NACIONAL ALMANZOR AGUINAGA ASENJO";"244200";"HOSPITALIZACIÓN DE MEDICINA ENDOCRINOLOGIA ";"2";"1";"9";"34";"3";"64";"0"
"2023";"07";"140101";"LAMBAYEQUE";"CHICLAYO";"CHICLAYO";"ESSALUD";"III-1";"00008577";"HOSPITAL NACIONAL ALMANZOR AGUINAGA ASENJO";"244300";"HOSPITALIZACIÓN DE MEDICINA GASTROENTEROLOGÍA  ";"36";"40";"418";"537";"17";"544";"2"
"2023";"04";"150142";"LIMA";"LIMA";"VILLA EL SALVADOR";"PRIVADO";"I-2";"00013687";"ARIE";"NE_0002";"";"NE_0002";"NE_0002";"NE_0002";"NE_0002";"NE_0002";"NE_0002";"NE_0002"
"2023";"04";"220601";"SAN MARTIN";"MARISCAL CACERES";"JUANJUI";"ESSALUD";"I-4";"00016481";"HOSPITAL I JUANJUI - ESSALUD";"241800";"HOSPITALIZACIÓN DE MEDICINA MEDICINA GENERAL ";"77";"79";"295";"216";"9";"270";"1"
"2023";"04";"040514";"AREQUIPA";"CAYLLOMA";"SAN ANTONIO DE CHUCA";"GOBIERNO REGIONAL";"I-2";"00001242";"PUESTO DE SALUD IMATA";"NE_0002";"";"NE_0002";"NE_0002";"NE_0002";"NE_0002";"NE_0002";"NE_0002";"NE_0002"
"2023";"04";"040128";"AREQUIPA";"AREQUIPA";"YURA";"GOBIERNO REGIONAL";"I-3";"00001253";"CENTRO DE SALUD CIUDAD DE DIOS";"NE_0002";"";"NE_0002";"NE_0002";"NE_0002";"NE_0002";"NE_0002";"NE_0002";"NE_0002"
"2023";"04";"040511";"AREQUIPA";"CAYLLOMA";"LLUTA";"GOBIERNO REGIONAL";"I-2";"00001255";"PUESTO DE SALUD LLUTA";"NE_0002";"";"NE_0002";"NE_0002";"NE_0002";"NE_0002";"NE_0002";"NE_0002";"NE_0002"
"2023";"04";"040511";"AREQUIPA";"CAYLLOMA";"LLUTA";"GOBIERNO REGIONAL";"I-2";"00001256";"PUESTO DE SALUD TAYA";"NE_0002";"";"NE_0002";"NE_0002";"NE_0002";"NE_0002";"NE_0002";"NE_0002";"NE_0002"
"2023";"04";"040126";"AREQUIPA";"AREQUIPA";"YANAHUARA";"GOBIERNO REGIONAL";"I-1";"00001241";"PUESTO DE SALUD SUMBAY - CHASQUIPAMPA";"NE_0002";"";"NE_0002";"NE_0002";"NE_0002";"NE_0002";"NE_0002";"NE_0002";"NE_0002"
"2023";"04";"040514";"AREQUIPA";"CAYLLOMA";"SAN ANTONIO DE CHUCA";"GOBIERNO REGIONAL";"I-1";"00001243";"PUESTO DE SALUD PILLONES";"NE_0002";"";"NE_0002";"NE_0002";"NE_0002";"NE_0002";"NE_0002";"NE_0002";"NE_0002"
"2023";"04";"040128";"AREQUIPA";"AREQUIPA";"YURA";"GOBIERNO REGIONAL";"I-2";"00001254";"PUESTO DE SALUD YURA";"NE_0002";"";"NE_0002";"NE_0002";"NE_0002";"NE_0002";"NE_0002";"NE_0002";"NE_0002"
"2023";"04";"040508";"AREQUIPA";"CAYLLOMA";"HUANCA";"GOBIERNO REGIONAL";"I-2";"00001239";"PUESTO DE SALUD HUANCA";"NE_0002";"";"NE_0002";"NE_0002";"NE_0002";"NE_0002";"NE_0002";"NE_0002";"NE_0002"
"2023";"04";"040126";"AREQUIPA";"AREQUIPA";"YANAHUARA";"PRIVADO";"II-1";"00028448";"CLINICA EMMEL";"240100";"HOSPITALIZACIÓN QUIRÚRGICA CIRUGÍA GENERAL ";"99";"101";"152";"135";"6";"180";"0"
"2023";"04";"040126";"AREQUIPA";"AREQUIPA";"YANAHUARA";"PRIVADO";"II-1";"00028448";"CLINICA EMMEL";"240200";"HOSPITALIZACIÓN QUIRÚRGICA CIRUGÍA DE CABEZA Y CUELLO / MÁXILO FACIAL ";"3";"3";"6";"6";"2";"60";"0"
"2023";"04";"040126";"AREQUIPA";"AREQUIPA";"YANAHUARA";"PRIVADO";"II-1";"00028448";"CLINICA EMMEL";"240300";"HOSPITALIZACIÓN QUIRÚRGICA CIRUGÍA DIGESTIVA ";"4";"5";"5";"4";"1";"30";"0"
"2023";"04";"040126";"AREQUIPA";"AREQUIPA";"YANAHUARA";"PRIVADO";"II-1";"00028448";"CLINICA EMMEL";"240400";"HOSPITALIZACIÓN QUIRÚRGICA CIRUGÍA DE TÓRAX Y CARDIOVASCULAR ";"0";"1";"1";"1";"1";"30";"0"
"2023";"04";"040126";"AREQUIPA";"AREQUIPA";"YANAHUARA";"PRIVADO";"II-1";"00028448";"CLINICA EMMEL";"240900";"HOSPITALIZACIÓN QUIRÚRGICA NEUROCIRUGÍA ";"5";"5";"21";"17";"2";"60";"0"
"2023";"04";"040126";"AREQUIPA";"AREQUIPA";"YANAHUARA";"PRIVADO";"II-1";"00028448";"CLINICA EMMEL";"241000";"HOSPITALIZACIÓN QUIRÚRGICA ONCOLOGÍA QUIRÚRGICA  ";"3";"3";"11";"11";"2";"60";"0"
"2023";"04";"040126";"AREQUIPA";"AREQUIPA";"YANAHUARA";"PRIVADO";"II-1";"00028448";"CLINICA EMMEL";"241200";"HOSPITALIZACIÓN QUIRÚRGICA TRAUMATOLOGÍA Y ORTOPEDIA ";"14";"14";"33";"33";"3";"90";"0"
"2023";"04";"040126";"AREQUIPA";"AREQUIPA";"YANAHUARA";"PRIVADO";"II-1";"00028448";"CLINICA EMMEL";"241400";"HOSPITALIZACIÓN QUIRÚRGICA GINECO - OBSTETRICIA ";"9";"9";"9";"9";"2";"60";"0"
"2023";"04";"040126";"AREQUIPA";"AREQUIPA";"YANAHUARA";"PRIVADO";"II-1";"00028448";"CLINICA EMMEL";"241500";"HOSPITALIZACIÓN QUIRÚRGICA GINECOLOGÍA  ";"2";"4";"2";"2";"1";"30";"0"
"2023";"05";"040112";"AREQUIPA";"AREQUIPA";"PAUCARPATA";"GOBIERNO REGIONAL";"I-2";"00001311";"PUESTO DE SALUD ALTO JESUS";"NE_0001";"";"NE_0001";"NE_0001";"NE_0001";"NE_0001";"NE_0001";"NE_0001";"NE_0001"
"2023";"05";"040112";"AREQUIPA";"AREQUIPA";"PAUCARPATA";"GOBIERNO REGIONAL";"I-3";"00001297";"CENTRO DE SALUD CIUDAD BLANCA";"NE_0001";"";"NE_0001";"NE_0001";"NE_0001";"NE_0001";"NE_0001";"NE_0001";"NE_0001"
"2023";"05";"040112";"AREQUIPA";"AREQUIPA";"PAUCARPATA";"GOBIERNO REGIONAL";"I-2";"00007744";"PUESTO DE SALUD VILLA JESUS";"NE_0001";"";"NE_0001";"NE_0001";"NE_0001";"NE_0001";"NE_0001";"NE_0001";"NE_0001"
"2023";"05";"040112";"AREQUIPA";"AREQUIPA";"PAUCARPATA";"GOBIERNO REGIONAL";"I-3";"00001314";"SAN JUAN DE CIUDAD BLANCA";"NE_0001";"";"NE_0001";"NE_0001";"NE_0001";"NE_0001";"NE_0001";"NE_0001";"NE_0001"
"2023";"05";"040112";"AREQUIPA";"AREQUIPA";"PAUCARPATA";"GOBIERNO REGIONAL";"I-3";"00025066";"CENTRO DE SALUD MENTAL COMUNITARIO AYELEN";"NE_0001";"";"NE_0001";"NE_0001";"NE_0001";"NE_0001";"NE_0001";"NE_0001";"NE_0001"
"2023";"05";"150142";"LIMA";"LIMA";"VILLA EL SALVADOR";"ESSALUD";"II-1";"00008741";"ULDARICO ROCCA FERNANDEZ";"241800";"HOSPITALIZACIÓN DE MEDICINA MEDICINA GENERAL ";"62";"59";"334";"341";"14";"434";"2"
"2023";"05";"150142";"LIMA";"LIMA";"VILLA EL SALVADOR";"ESSALUD";"II-1";"00008741";"ULDARICO ROCCA FERNANDEZ";"240100";"HOSPITALIZACIÓN QUIRÚRGICA CIRUGÍA GENERAL ";"128";"126";"243";"238";"12";"372";"0"
"2023";"05";"150142";"LIMA";"LIMA";"VILLA EL SALVADOR";"ESSALUD";"II-1";"00008741";"ULDARICO ROCCA FERNANDEZ";"241500";"HOSPITALIZACIÓN QUIRÚRGICA GINECOLOGÍA  ";"24";"20";"69";"75";"3";"93";"0"
"2023";"05";"150142";"LIMA";"LIMA";"VILLA EL SALVADOR";"ESSALUD";"II-1";"00008741";"ULDARICO ROCCA FERNANDEZ";"241600";"HOSPITALIZACIÓN QUIRÚRGICA OBSTETRICIA   ";"193";"192";"335";"331";"15";"465";"0"
"2023";"05";"150142";"LIMA";"LIMA";"VILLA EL SALVADOR";"ESSALUD";"II-1";"00008741";"ULDARICO ROCCA FERNANDEZ";"242300";"HOSPITALIZACIÓN DE PEDIATRÍA  PEDIATRÍA  GENERAL ";"88";"91";"292";"186";"6";"186";"0"
"2023";"05";"150142";"LIMA";"LIMA";"VILLA EL SALVADOR";"ESSALUD";"II-1";"00008741";"ULDARICO ROCCA FERNANDEZ";"250100";"UNIDAD DE CUIDADOS CRITICOS UNIDAD  DE CUIDADOS INTENSIVOS GENERALES (UCI) ";"11";"9";"46";"91";"4";"124";"4"
"2023";"04";"250302";"UCAYALI";"PADRE ABAD";"IRAZOLA";"GOBIERNO REGIONAL";"I-1";"00030643";"PUESTO DE SALUD NUEVA FLORIDA";"NE_0002";"";"NE_0002";"NE_0002";"NE_0002";"NE_0002";"NE_0002";"NE_0002";"NE_0002"
"2023";"04";"250302";"UCAYALI";"PADRE ABAD";"IRAZOLA";"GOBIERNO REGIONAL";"I-1";"00030642";"PUESTO DE SALUD NUEVA UNIÓN PALOMETA";"NE_0002";"";"NE_0002";"NE_0002";"NE_0002";"NE_0002";"NE_0002";"NE_0002";"NE_0002"
"2023";"04";"250106";"UCAYALI";"CORONEL PORTILLO";"NUEVA REQUENA";"GOBIERNO REGIONAL";"I-1";"00013174";"SAN PABLO DE JUANTIA";"NE_0001";"";"NE_0001";"NE_0001";"NE_0001";"NE_0001";"NE_0001";"NE_0001";"NE_0001"
"2023";"04";"250106";"UCAYALI";"CORONEL PORTILLO";"NUEVA REQUENA";"GOBIERNO REGIONAL";"I-1";"00005450";"NARANJAL";"NE_0001";"";"NE_0001";"NE_0001";"NE_0001";"NE_0001";"NE_0001";"NE_0001";"NE_0001"
"2023";"07";"150140";"LIMA";"LIMA";"SANTIAGO DE SURCO";"PRIVADO";"II-E";"00012572";"CLINICA PAULISTA";"240000";"HOSPITALIZACIÓN";"11";"11";"21";"12";"1";"48";"0"
"2023";"07";"150116";"LIMA";"LIMA";"LINCE";"PRIVADO";"II-E";"00023918";"CLINICA CIRLAP";"240000";"HOSPITALIZACIÓN";"21";"21";"55";"45";"12";"360";"0"
"2023";"07";"220401";"SAN MARTIN";"HUALLAGA";"SAPOSOA";"GOBIERNO REGIONAL";"I-1";"00006534";"SAN ANDRES";"NE_0001";"";"NE_0001";"NE_0001";"NE_0001";"NE_0001";"NE_0001";"NE_0001";"NE_0001"
"2023";"07";"220401";"SAN MARTIN";"HUALLAGA";"SAPOSOA";"GOBIERNO REGIONAL";"I-1";"00006535";"SAN REGIS";"NE_0001";"";"NE_0001";"NE_0001";"NE_0001";"NE_0001";"NE_0001";"NE_0001";"NE_0001"
"2023";"07";"220402";"SAN MARTIN";"HUALLAGA";"ALTO SAPOSOA";"GOBIERNO REGIONAL";"I-1";"00006540";"NUEVA VIDA";"NE_0001";"";"NE_0001";"NE_0001";"NE_0001";"NE_0001";"NE_0001";"NE_0001";"NE_0001"
"2023";"07";"220401";"SAN MARTIN";"HUALLAGA";"SAPOSOA";"GOBIERNO REGIONAL";"I-1";"00006531";"ALMENDRAS";"NE_0001";"";"NE_0001";"NE_0001";"NE_0001";"NE_0001";"NE_0001";"NE_0001";"NE_0001"
"2023";"07";"220404";"SAN MARTIN";"HUALLAGA";"PISCOYACU";"GOBIERNO REGIONAL";"I-1";"00006533";"PISCOYACU";"NE_0001";"";"NE_0001";"NE_0001";"NE_0001";"NE_0001";"NE_0001";"NE_0001";"NE_0001"
"2023";"07";"220401";"SAN MARTIN";"HUALLAGA";"SAPOSOA";"GOBIERNO REGIONAL";"I-1";"00021587";"ALTO PACHIZA";"NE_0001";"";"NE_0001";"NE_0001";"NE_0001";"NE_0001";"NE_0001";"NE_0001";"NE_0001"
"2023";"07";"220401";"SAN MARTIN";"HUALLAGA";"SAPOSOA";"GOBIERNO REGIONAL";"I-1";"00006532";"PALTAICO";"NE_0001";"";"NE_0001";"NE_0001";"NE_0001";"NE_0001";"NE_0001";"NE_0001";"NE_0001"
"2023";"07";"220401";"SAN MARTIN";"HUALLAGA";"SAPOSOA";"GOBIERNO REGIONAL";"I-1";"00006530";"7 DE JUNIO-AHUIHUA";"NE_0001";"";"NE_0001";"NE_0001";"NE_0001";"NE_0001";"NE_0001";"NE_0001";"NE_0001"
"2023";"07";"220402";"SAN MARTIN";"HUALLAGA";"ALTO SAPOSOA";"GOBIERNO REGIONAL";"I-1";"00006541";"YACUSISA";"NE_0001";"";"NE_0001";"NE_0001";"NE_0001";"NE_0001";"NE_0001";"NE_0001";"NE_0001"
"2023";"07";"220401";"SAN MARTIN";"HUALLAGA";"SAPOSOA";"GOBIERNO REGIONAL";"I-3";"00006538";"EL DORADO";"241600";"HOSPITALIZACIÓN QUIRÚRGICA OBSTETRICIA   ";"2";"2";"2";"10";"4";"30";"0"
"2023";"07";"220401";"SAN MARTIN";"HUALLAGA";"SAPOSOA";"GOBIERNO REGIONAL";"I-1";"00006536";"INTIYACU";"NE_0001";"";"NE_0001";"NE_0001";"NE_0001";"NE_0001";"NE_0001";"NE_0001";"NE_0001"
"2023";"07";"220401";"SAN MARTIN";"HUALLAGA";"SAPOSOA";"GOBIERNO REGIONAL";"I-1";"00006537";"CHAMBIRA";"NE_0001";"";"NE_0001";"NE_0001";"NE_0001";"NE_0001";"NE_0001";"NE_0001";"NE_0001"
"2023";"07";"220402";"SAN MARTIN";"HUALLAGA";"ALTO SAPOSOA";"GOBIERNO REGIONAL";"I-2";"00006539";"PASARRAYA";"NE_0001";"";"NE_0001";"NE_0001";"NE_0001";"NE_0001";"NE_0001";"NE_0001";"NE_0001"
"2023";"07";"220401";"SAN MARTIN";"HUALLAGA";"SAPOSOA";"GOBIERNO REGIONAL";"I-1";"00026163";"AGUA AZUL";"NE_0001";"";"NE_0001";"NE_0001";"NE_0001";"NE_0001";"NE_0001";"NE_0001";"NE_0001"
"2023";"06";"250302";"UCAYALI";"PADRE ABAD";"IRAZOLA";"GOBIERNO REGIONAL";"I-1";"00005413";"NUEVO TAHUANTINSUYO";"NE_0001";"";"NE_0001";"NE_0001";"NE_0001";"NE_0001";"NE_0001";"NE_0001";"NE_0001"
"2023";"06";"250302";"UCAYALI";"PADRE ABAD";"IRAZOLA";"GOBIERNO REGIONAL";"I-2";"00005412";"SINCHI ROCA";"NE_0001";"";"NE_0001";"NE_0001";"NE_0001";"NE_0001";"NE_0001";"NE_0001";"NE_0001"
"2023";"06";"250302";"UCAYALI";"PADRE ABAD";"IRAZOLA";"GOBIERNO REGIONAL";"I-2";"00005409";"SAN PEDRO DE CHIO";"NE_0001";"";"NE_0001";"NE_0001";"NE_0001";"NE_0001";"NE_0001";"NE_0001";"NE_0001"
"2023";"06";"250302";"UCAYALI";"PADRE ABAD";"IRAZOLA";"GOBIERNO REGIONAL";"I-2";"00005408";"SAN JUAN KM. 130";"NE_0001";"";"NE_0001";"NE_0001";"NE_0001";"NE_0001";"NE_0001";"NE_0001";"NE_0001"
"2023";"01";"150130";"LIMA";"LIMA";"SAN BORJA";"MINSA";"III-2";"00016918";"INSTITUTO NACIONAL DE SALUD NIÑO SAN BORJA";"240500";"HOSPITALIZACIÓN QUIRÚRGICA CIRUGÍA DE TRANSPLANTES ";"8";"10";"175";"74";"6";"174";"0"
"2023";"01";"150130";"LIMA";"LIMA";"SAN BORJA";"MINSA";"III-2";"00016918";"INSTITUTO NACIONAL DE SALUD NIÑO SAN BORJA";"243600";"HOSPITALIZACIÓN DE PEDIATRÍA PEDIATRIA ONCOLOGÍA PEDIÁTRICA";"5";"6";"84";"80";"3";"93";"0"
"2023";"01";"150130";"LIMA";"LIMA";"SAN BORJA";"MINSA";"III-2";"00016918";"INSTITUTO NACIONAL DE SALUD NIÑO SAN BORJA";"250108";"UNIDAD DE CUIDADOS CRITICOS UNIDAD  DE CUIDADOS INTENSIVOS  (UCI) PEDIÁTRICA";"1";"5";"201";"317";"12";"372";"5"
"2023";"08";"060101";"CAJAMARCA";"CAJAMARCA";"CAJAMARCA";"GOBIERNO REGIONAL";"I-3";"00004640";"LA TULPUNA";"NE_0001";"";"NE_0001";"NE_0001";"NE_0001";"NE_0001";"NE_0001";"NE_0001";"NE_0001"
"2023";"08";"220101";"SAN MARTIN";"MOYOBAMBA";"MOYOBAMBA";"GOBIERNO REGIONAL";"I-3";"00031275";"CENTRO DE SALUD MENTAL COMUNITARIO MOYOBAMBA";"NE_0001";"";"NE_0001";"NE_0001";"NE_0001";"NE_0001";"NE_0001";"NE_0001";"NE_0001"
"2023";"08";"150143";"LIMA";"LIMA";"VILLA MARIA DEL TRIUNFO";"PRIVADO";"I-2";"00018825";"GUILLERMO KAELIN DE LA FUENTE";"NE_0001";"";"NE_0001";"NE_0001";"NE_0001";"NE_0001";"NE_0001";"NE_0001";"NE_0001"
"2023";"02";"150135";"LIMA";"LIMA";"SAN MARTIN DE PORRES";"MINSA";"III-1";"00007633";"HOSPITAL NACIONAL CAYETANO HEREDIA";"241900";"HOSPITALIZACIÓN DE MEDICINA MEDICINA INTERNA ";"192";"195";"2970";"2423";"92";"2576";"16"
"2023";"02";"150135";"LIMA";"LIMA";"SAN MARTIN DE PORRES";"MINSA";"III-1";"00007633";"HOSPITAL NACIONAL CAYETANO HEREDIA";"245300";"HOSPITALIZACIÓN DE MEDICINA NEUMOLOGÍA  ";"27";"22";"419";"597";"22";"616";"1"
"2023";"02";"150135";"LIMA";"LIMA";"SAN MARTIN DE PORRES";"MINSA";"III-1";"00007633";"HOSPITAL NACIONAL CAYETANO HEREDIA";"242000";"HOSPITALIZACIÓN DE MEDICINA MEDICINA TROPICAL E INFECCIOSAS ";"45";"46";"956";"858";"32";"894";"4"
"2023";"02";"150135";"LIMA";"LIMA";"SAN MARTIN DE PORRES";"MINSA";"III-1";"00007633";"HOSPITAL NACIONAL CAYETANO HEREDIA";"240100";"HOSPITALIZACIÓN QUIRÚRGICA CIRUGÍA GENERAL ";"250";"274";"2030";"1605";"63";"1764";"2"
"2023";"02";"150135";"LIMA";"LIMA";"SAN MARTIN DE PORRES";"MINSA";"III-1";"00007633";"HOSPITAL NACIONAL CAYETANO HEREDIA";"240500";"HOSPITALIZACIÓN QUIRÚRGICA CIRUGÍA DE TRANSPLANTES ";"20";"10";"159";"260";"10";"280";"0"
"2023";"02";"150135";"LIMA";"LIMA";"SAN MARTIN DE PORRES";"MINSA";"III-1";"00007633";"HOSPITAL NACIONAL CAYETANO HEREDIA";"241200";"HOSPITALIZACIÓN QUIRÚRGICA TRAUMATOLOGÍA Y ORTOPEDIA ";"70";"81";"1339";"1605";"60";"1680";"0"
"2023";"02";"150135";"LIMA";"LIMA";"SAN MARTIN DE PORRES";"MINSA";"III-1";"00007633";"HOSPITAL NACIONAL CAYETANO HEREDIA";"242300";"HOSPITALIZACIÓN DE PEDIATRÍA  PEDIATRÍA  GENERAL ";"116";"116";"1060";"719";"28";"784";"0"
"2023";"02";"150135";"LIMA";"LIMA";"SAN MARTIN DE PORRES";"MINSA";"III-1";"00007633";"HOSPITAL NACIONAL CAYETANO HEREDIA";"241500";"HOSPITALIZACIÓN QUIRÚRGICA GINECOLOGÍA  ";"154";"121";"515";"587";"22";"616";"0"
"2023";"02";"150135";"LIMA";"LIMA";"SAN MARTIN DE PORRES";"MINSA";"III-1";"00007633";"HOSPITAL NACIONAL CAYETANO HEREDIA";"241600";"HOSPITALIZACIÓN QUIRÚRGICA OBSTETRICIA   ";"314";"342";"1055";"882";"34";"956";"0"
"2023";"06";"150135";"LIMA";"LIMA";"SAN MARTIN DE PORRES";"MINSA";"III-1";"00007633";"HOSPITAL NACIONAL CAYETANO HEREDIA";"241900";"HOSPITALIZACIÓN DE MEDICINA MEDICINA INTERNA ";"190";"179";"3271";"2471";"87";"2610";"16"
"2023";"06";"150135";"LIMA";"LIMA";"SAN MARTIN DE PORRES";"MINSA";"III-1";"00007633";"HOSPITAL NACIONAL CAYETANO HEREDIA";"245300";"HOSPITALIZACIÓN DE MEDICINA NEUMOLOGÍA  ";"30";"33";"841";"608";"21";"630";"7"
"2023";"06";"150135";"LIMA";"LIMA";"SAN MARTIN DE PORRES";"MINSA";"III-1";"00007633";"HOSPITAL NACIONAL CAYETANO HEREDIA";"242000";"HOSPITALIZACIÓN DE MEDICINA MEDICINA TROPICAL E INFECCIOSAS ";"52";"45";"804";"997";"35";"1050";"3"
"2023";"06";"150135";"LIMA";"LIMA";"SAN MARTIN DE PORRES";"MINSA";"III-1";"00007633";"HOSPITAL NACIONAL CAYETANO HEREDIA";"240100";"HOSPITALIZACIÓN QUIRÚRGICA CIRUGÍA GENERAL ";"256";"274";"2021";"1720";"63";"1890";"1"
"2023";"06";"150135";"LIMA";"LIMA";"SAN MARTIN DE PORRES";"MINSA";"III-1";"00007633";"HOSPITAL NACIONAL CAYETANO HEREDIA";"240500";"HOSPITALIZACIÓN QUIRÚRGICA CIRUGÍA DE TRANSPLANTES ";"22";"12";"198";"164";"6";"180";"0"
"2023";"06";"150135";"LIMA";"LIMA";"SAN MARTIN DE PORRES";"MINSA";"III-1";"00007633";"HOSPITAL NACIONAL CAYETANO HEREDIA";"241200";"HOSPITALIZACIÓN QUIRÚRGICA TRAUMATOLOGÍA Y ORTOPEDIA ";"92";"95";"1376";"1716";"60";"1800";"0"
"2023";"06";"150135";"LIMA";"LIMA";"SAN MARTIN DE PORRES";"MINSA";"III-1";"00007633";"HOSPITAL NACIONAL CAYETANO HEREDIA";"242300";"HOSPITALIZACIÓN DE PEDIATRÍA  PEDIATRÍA  GENERAL ";"221";"225";"1473";"1206";"44";"1320";"2"
"2023";"06";"150135";"LIMA";"LIMA";"SAN MARTIN DE PORRES";"MINSA";"III-1";"00007633";"HOSPITAL NACIONAL CAYETANO HEREDIA";"241500";"HOSPITALIZACIÓN QUIRÚRGICA GINECOLOGÍA  ";"118";"128";"456";"567";"21";"630";"0"
"2023";"06";"150135";"LIMA";"LIMA";"SAN MARTIN DE PORRES";"MINSA";"III-1";"00007633";"HOSPITAL NACIONAL CAYETANO HEREDIA";"241600";"HOSPITALIZACIÓN QUIRÚRGICA OBSTETRICIA   ";"346";"322";"1050";"933";"34";"1020";"0"
"2023";"07";"150135";"LIMA";"LIMA";"SAN MARTIN DE PORRES";"MINSA";"III-1";"00007633";"HOSPITAL NACIONAL CAYETANO HEREDIA";"241900";"HOSPITALIZACIÓN DE MEDICINA MEDICINA INTERNA ";"177";"200";"3004";"2498";"86";"2666";"18"
"2023";"07";"150135";"LIMA";"LIMA";"SAN MARTIN DE PORRES";"MINSA";"III-1";"00007633";"HOSPITAL NACIONAL CAYETANO HEREDIA";"245300";"HOSPITALIZACIÓN DE MEDICINA NEUMOLOGÍA  ";"36";"34";"676";"620";"21";"651";"4"
"2023";"07";"150135";"LIMA";"LIMA";"SAN MARTIN DE PORRES";"MINSA";"III-1";"00007633";"HOSPITAL NACIONAL CAYETANO HEREDIA";"242000";"HOSPITALIZACIÓN DE MEDICINA MEDICINA TROPICAL E INFECCIOSAS ";"53";"52";"1285";"1015";"34";"1054";"4"
"2023";"07";"150135";"LIMA";"LIMA";"SAN MARTIN DE PORRES";"MINSA";"III-1";"00007633";"HOSPITAL NACIONAL CAYETANO HEREDIA";"240100";"HOSPITALIZACIÓN QUIRÚRGICA CIRUGÍA GENERAL ";"251";"274";"2375";"1755";"62";"1922";"1"
"2023";"07";"150135";"LIMA";"LIMA";"SAN MARTIN DE PORRES";"MINSA";"III-1";"00007633";"HOSPITAL NACIONAL CAYETANO HEREDIA";"240500";"HOSPITALIZACIÓN QUIRÚRGICA CIRUGÍA DE TRANSPLANTES ";"15";"13";"172";"207";"7";"217";"0"
"2023";"07";"150135";"LIMA";"LIMA";"SAN MARTIN DE PORRES";"MINSA";"III-1";"00007633";"HOSPITAL NACIONAL CAYETANO HEREDIA";"241200";"HOSPITALIZACIÓN QUIRÚRGICA TRAUMATOLOGÍA Y ORTOPEDIA ";"113";"92";"1383";"1774";"60";"1860";"0"
"2023";"07";"150135";"LIMA";"LIMA";"SAN MARTIN DE PORRES";"MINSA";"III-1";"00007633";"HOSPITAL NACIONAL CAYETANO HEREDIA";"242300";"HOSPITALIZACIÓN DE PEDIATRÍA  PEDIATRÍA  GENERAL ";"189";"186";"1464";"1250";"44";"1364";"0"
"2023";"07";"150135";"LIMA";"LIMA";"SAN MARTIN DE PORRES";"MINSA";"III-1";"00007633";"HOSPITAL NACIONAL CAYETANO HEREDIA";"241500";"HOSPITALIZACIÓN QUIRÚRGICA GINECOLOGÍA  ";"131";"110";"426";"587";"21";"651";"0"
"2023";"07";"150135";"LIMA";"LIMA";"SAN MARTIN DE PORRES";"MINSA";"III-1";"00007633";"HOSPITAL NACIONAL CAYETANO HEREDIA";"241600";"HOSPITALIZACIÓN QUIRÚRGICA OBSTETRICIA   ";"317";"359";"1279";"1020";"34";"1054";"0"
"2023";"08";"070101";"CALLAO";"CALLAO";"CALLAO";"PRIVADO";"II-2";"00018319";"HOSPITAL ALBERTO LEONARDO BARTON THOMPSON";"240100";"HOSPITALIZACIÓN QUIRÚRGICA CIRUGÍA GENERAL ";"24";"222";"720";"710";"26";"806";"0"
"2023";"08";"070101";"CALLAO";"CALLAO";"CALLAO";"PRIVADO";"II-2";"00018319";"HOSPITAL ALBERTO LEONARDO BARTON THOMPSON";"241500";"HOSPITALIZACIÓN QUIRÚRGICA GINECOLOGÍA  ";"78";"211";"1024";"793";"30";"930";"4"
"2023";"08";"070101";"CALLAO";"CALLAO";"CALLAO";"PRIVADO";"II-2";"00018319";"HOSPITAL ALBERTO LEONARDO BARTON THOMPSON";"241800";"HOSPITALIZACIÓN DE MEDICINA MEDICINA GENERAL ";"223";"248";"2700";"2313";"78";"2418";"29"
"2023";"04";"120201";"JUNIN";"CONCEPCION";"CONCEPCION";"ESSALUD";"I-3";"00008668";"CENTRO MEDICO CONCEPCION";"NE_0001";"";"NE_0001";"NE_0001";"NE_0001";"NE_0001";"NE_0001";"NE_0001";"NE_0001"
"2023";"04";"150131";"LIMA";"LIMA";"SAN ISIDRO";"PRIVADO";"II-E";"00009288";"NOVOCLINIC";"NE_0001";"";"NE_0001";"NE_0001";"NE_0001";"NE_0001";"NE_0001";"NE_0001";"NE_0001"
"2023";"04";"090301";"HUANCAVELICA";"ANGARAES";"LIRCAY";"GOBIERNO REGIONAL";"I-1";"00003944";"BUENA VISTA";"NE_0001";"";"NE_0001";"NE_0001";"NE_0001";"NE_0001";"NE_0001";"NE_0001";"NE_0001"
"2023";"04";"090301";"HUANCAVELICA";"ANGARAES";"LIRCAY";"GOBIERNO REGIONAL";"I-1";"00003947";"CONSTANCIA";"NE_0001";"";"NE_0001";"NE_0001";"NE_0001";"NE_0001";"NE_0001";"NE_0001";"NE_0001"
"2023";"04";"090301";"HUANCAVELICA";"ANGARAES";"LIRCAY";"GOBIERNO REGIONAL";"I-1";"00003950";"CHALLHUAPUQUIO";"NE_0001";"";"NE_0001";"NE_0001";"NE_0001";"NE_0001";"NE_0001";"NE_0001";"NE_0001"
"2023";"04";"090307";"HUANCAVELICA";"ANGARAES";"HUANCA-HUANCA";"GOBIERNO REGIONAL";"I-2";"00003953";"HUANCA HUANCA";"NE_0001";"";"NE_0001";"NE_0001";"NE_0001";"NE_0001";"NE_0001";"NE_0001";"NE_0001"
"2023";"04";"090312";"HUANCAVELICA";"ANGARAES";"SECCLLA";"GOBIERNO REGIONAL";"I-1";"00003970";"QUISPICANCHA";"NE_0001";"";"NE_0001";"NE_0001";"NE_0001";"NE_0001";"NE_0001";"NE_0001";"NE_0001"
"2023";"04";"090301";"HUANCAVELICA";"ANGARAES";"LIRCAY";"GOBIERNO REGIONAL";"I-1";"00011769";"YANAUTUTO";"NE_0001";"";"NE_0001";"NE_0001";"NE_0001";"NE_0001";"NE_0001";"NE_0001";"NE_0001"
"2023";"04";"090303";"HUANCAVELICA";"ANGARAES";"CALLANMARCA";"GOBIERNO REGIONAL";"I-1";"00003952";"CALLANMARCA";"NE_0001";"";"NE_0001";"NE_0001";"NE_0001";"NE_0001";"NE_0001";"NE_0001";"NE_0001"
"2023";"04";"090304";"HUANCAVELICA";"ANGARAES";"CCOCHACCASA";"GOBIERNO REGIONAL";"I-1";"00003957";"CCASCCABAMBA";"NE_0001";"";"NE_0001";"NE_0001";"NE_0001";"NE_0001";"NE_0001";"NE_0001";"NE_0001"
"2023";"04";"090302";"HUANCAVELICA";"ANGARAES";"ANCHONGA";"GOBIERNO REGIONAL";"I-3";"00003959";"PARCO ALTO";"NE_0002";"";"NE_0002";"NE_0002";"NE_0002";"NE_0002";"NE_0002";"NE_0002";"NE_0002"
"2023";"04";"090306";"HUANCAVELICA";"ANGARAES";"CONGALLA";"GOBIERNO REGIONAL";"I-2";"00003972";"CONGALLA";"NE_0001";"";"NE_0001";"NE_0001";"NE_0001";"NE_0001";"NE_0001";"NE_0001";"NE_0001"
"2023";"04";"090301";"HUANCAVELICA";"ANGARAES";"LIRCAY";"GOBIERNO REGIONAL";"I-1";"00007384";"SAN JUAN DE AHUAY";"NE_0001";"";"NE_0001";"NE_0001";"NE_0001";"NE_0001";"NE_0001";"NE_0001";"NE_0001"
"2023";"04";"090301";"HUANCAVELICA";"ANGARAES";"LIRCAY";"GOBIERNO REGIONAL";"I-2";"00007385";"SAN JUAN DE DIOS DE CCOLLPAPAMPA";"NE_0001";"";"NE_0001";"NE_0001";"NE_0001";"NE_0001";"NE_0001";"NE_0001";"NE_0001"
"2023";"04";"090311";"HUANCAVELICA";"ANGARAES";"SANTO TOMAS DE PATA";"GOBIERNO REGIONAL";"I-1";"00011768";"CUTICSA";"NE_0001";"";"NE_0001";"NE_0001";"NE_0001";"NE_0001";"NE_0001";"NE_0001";"NE_0001"
"2023";"04";"090302";"HUANCAVELICA";"ANGARAES";"ANCHONGA";"GOBIERNO REGIONAL";"I-2";"00003960";"TUCO";"NE_0001";"";"NE_0001";"NE_0001";"NE_0001";"NE_0001";"NE_0001";"NE_0001";"NE_0001"
"2023";"04";"090309";"HUANCAVELICA";"ANGARAES";"JULCAMARCA";"GOBIERNO REGIONAL";"I-3";"00003962";"JULCAMARCA";"NE_0002";"";"NE_0002";"NE_0002";"NE_0002";"NE_0002";"NE_0002";"NE_0002";"NE_0002"
"2023";"04";"090310";"HUANCAVELICA";"ANGARAES";"SAN ANTONIO DE ANTAPARCO";"GOBIERNO REGIONAL";"I-1";"00003965";"SAN ANTONIO DE ANTAPARCO";"NE_0001";"";"NE_0001";"NE_0001";"NE_0001";"NE_0001";"NE_0001";"NE_0001";"NE_0001"
"2023";"04";"090312";"HUANCAVELICA";"ANGARAES";"SECCLLA";"GOBIERNO REGIONAL";"I-3";"00003969";"SECCLLA";"240000";"HOSPITALIZACIÓN";"3";"3";"10";"10";"3";"15";"0"
"2023";"04";"090312";"HUANCAVELICA";"ANGARAES";"SECCLLA";"GOBIERNO REGIONAL";"I-1";"00003971";"TRANCA";"NE_0001";"";"NE_0001";"NE_0001";"NE_0001";"NE_0001";"NE_0001";"NE_0001";"NE_0001"
"2023";"04";"090302";"HUANCAVELICA";"ANGARAES";"ANCHONGA";"GOBIERNO REGIONAL";"I-3";"00006901";"BUENOS AIRES DE PARCO CHACAPUNCU";"NE_0001";"";"NE_0001";"NE_0001";"NE_0001";"NE_0001";"NE_0001";"NE_0001";"NE_0001"
"2023";"04";"090304";"HUANCAVELICA";"ANGARAES";"CCOCHACCASA";"GOBIERNO REGIONAL";"I-1";"00003956";"SAN PEDRO DE MIMOSA";"NE_0001";"";"NE_0001";"NE_0001";"NE_0001";"NE_0001";"NE_0001";"NE_0001";"NE_0001"
"2023";"04";"090301";"HUANCAVELICA";"ANGARAES";"LIRCAY";"GOBIERNO REGIONAL";"I-1";"00007290";"PERCAPAMPA";"NE_0001";"";"NE_0001";"NE_0001";"NE_0001";"NE_0001";"NE_0001";"NE_0001";"NE_0001"
"2023";"04";"090305";"HUANCAVELICA";"ANGARAES";"CHINCHO";"GOBIERNO REGIONAL";"I-1";"00011787";"LLAMOCCTACHI";"NE_0001";"";"NE_0001";"NE_0001";"NE_0001";"NE_0001";"NE_0001";"NE_0001";"NE_0001"
"2023";"04";"090301";"HUANCAVELICA";"ANGARAES";"LIRCAY";"GOBIERNO REGIONAL";"I-3";"00028484";"CENTRO DE SALUD MENTAL COMUNITARIO ANGARAES";"NE_0002";"";"NE_0002";"NE_0002";"NE_0002";"NE_0002";"NE_0002";"NE_0002";"NE_0002"
"2023";"04";"090301";"HUANCAVELICA";"ANGARAES";"LIRCAY";"GOBIERNO REGIONAL";"I-2";"00003945";"CARHUAPATA";"NE_0001";"";"NE_0001";"NE_0001";"NE_0001";"NE_0001";"NE_0001";"NE_0001";"NE_0001"
"2023";"04";"090301";"HUANCAVELICA";"ANGARAES";"LIRCAY";"GOBIERNO REGIONAL";"I-1";"00003946";"PIRCAPAHUANA";"NE_0001";"";"NE_0001";"NE_0001";"NE_0001";"NE_0001";"NE_0001";"NE_0001";"NE_0001"
"2023";"02";"150121";"LIMA";"LIMA";"PUEBLO LIBRE";"PRIVADO";"II-2";"00008325";"CLINICA CENTENARIO PERUANO JAPONESA";"250105";"UNIDAD DE CUIDADOS CRITICOS UNIDAD  DE CUIDADOS INTENSIVOS  (UCI) NEONATOLOGÍA";"1";"1";"9";"43";"4";"112";"0"
"2023";"02";"150121";"LIMA";"LIMA";"PUEBLO LIBRE";"PRIVADO";"II-2";"00008325";"CLINICA CENTENARIO PERUANO JAPONESA";"250305";"HOSPIT. EN UNIDAD DE CUID.INTEN.-UNIDAD DE VIGILANCIA INTENSIVA (UVI)-NEONATOLOGÍA";"5";"6";"75";"43";"4";"112";"0"
"2023";"03";"150121";"LIMA";"LIMA";"PUEBLO LIBRE";"PRIVADO";"II-2";"00008325";"CLINICA CENTENARIO PERUANO JAPONESA";"242300";"HOSPITALIZACIÓN DE PEDIATRÍA  PEDIATRÍA  GENERAL ";"99";"99";"321";"432";"21";"651";"0"
"2023";"03";"150121";"LIMA";"LIMA";"PUEBLO LIBRE";"PRIVADO";"II-2";"00008325";"CLINICA CENTENARIO PERUANO JAPONESA";"241900";"HOSPITALIZACIÓN DE MEDICINA MEDICINA INTERNA ";"85";"84";"372";"380";"21";"651";"1"
"2023";"03";"150121";"LIMA";"LIMA";"PUEBLO LIBRE";"PRIVADO";"II-2";"00008325";"CLINICA CENTENARIO PERUANO JAPONESA";"241900";"HOSPITALIZACIÓN DE MEDICINA MEDICINA INTERNA ";"77";"82";"450";"424";"21";"651";"1"
"2023";"03";"150121";"LIMA";"LIMA";"PUEBLO LIBRE";"PRIVADO";"II-2";"00008325";"CLINICA CENTENARIO PERUANO JAPONESA";"241600";"HOSPITALIZACIÓN QUIRÚRGICA OBSTETRICIA   ";"64";"59";"147";"106";"11";"341";"0"
"2023";"03";"150121";"LIMA";"LIMA";"PUEBLO LIBRE";"PRIVADO";"II-2";"00008325";"CLINICA CENTENARIO PERUANO JAPONESA";"241900";"HOSPITALIZACIÓN DE MEDICINA MEDICINA INTERNA ";"85";"89";"497";"418";"21";"651";"4"
"2023";"03";"150121";"LIMA";"LIMA";"PUEBLO LIBRE";"PRIVADO";"II-2";"00008325";"CLINICA CENTENARIO PERUANO JAPONESA";"240100";"HOSPITALIZACIÓN QUIRÚRGICA CIRUGÍA GENERAL ";"142";"143";"339";"309";"14";"434";"0"
"2023";"03";"150121";"LIMA";"LIMA";"PUEBLO LIBRE";"PRIVADO";"II-2";"00008325";"CLINICA CENTENARIO PERUANO JAPONESA";"240100";"HOSPITALIZACIÓN QUIRÚRGICA CIRUGÍA GENERAL ";"28";"34";"88";"152";"8";"248";"6"
"2023";"03";"150121";"LIMA";"LIMA";"PUEBLO LIBRE";"PRIVADO";"II-2";"00008325";"CLINICA CENTENARIO PERUANO JAPONESA";"250200";"UNIDAD DE CUIDADOS CRITICOS UNIDAD DE CUIDADOS INTERMEDIOS GENERAL  (UCIN) ";"35";"33";"37";"101";"6";"186";"1"
"2023";"03";"150121";"LIMA";"LIMA";"PUEBLO LIBRE";"PRIVADO";"II-2";"00008325";"CLINICA CENTENARIO PERUANO JAPONESA";"250105";"UNIDAD DE CUIDADOS CRITICOS UNIDAD  DE CUIDADOS INTENSIVOS  (UCI) NEONATOLOGÍA";"5";"6";"28";"62";"4";"124";"0"
"2023";"03";"150121";"LIMA";"LIMA";"PUEBLO LIBRE";"PRIVADO";"II-2";"00008325";"CLINICA CENTENARIO PERUANO JAPONESA";"250305";"HOSPIT. EN UNIDAD DE CUID.INTEN.-UNIDAD DE VIGILANCIA INTENSIVA (UVI)-NEONATOLOGÍA";"7";"9";"112";"62";"4";"124";"0"
"2023";"04";"150121";"LIMA";"LIMA";"PUEBLO LIBRE";"PRIVADO";"II-2";"00008325";"CLINICA CENTENARIO PERUANO JAPONESA";"242300";"HOSPITALIZACIÓN DE PEDIATRÍA  PEDIATRÍA  GENERAL ";"104";"105";"320";"313";"21";"651";"0"
"2023";"04";"150121";"LIMA";"LIMA";"PUEBLO LIBRE";"PRIVADO";"II-2";"00008325";"CLINICA CENTENARIO PERUANO JAPONESA";"241900";"HOSPITALIZACIÓN DE MEDICINA MEDICINA INTERNA ";"105";"92";"467";"514";"21";"651";"1"
"2023";"04";"150121";"LIMA";"LIMA";"PUEBLO LIBRE";"PRIVADO";"II-2";"00008325";"CLINICA CENTENARIO PERUANO JAPONESA";"241900";"HOSPITALIZACIÓN DE MEDICINA MEDICINA INTERNA ";"79";"75";"384";"462";"21";"651";"0"
"2023";"04";"150121";"LIMA";"LIMA";"PUEBLO LIBRE";"PRIVADO";"II-2";"00008325";"CLINICA CENTENARIO PERUANO JAPONESA";"241600";"HOSPITALIZACIÓN QUIRÚRGICA OBSTETRICIA   ";"72";"75";"191";"80";"11";"341";"0"
"2023";"04";"150121";"LIMA";"LIMA";"PUEBLO LIBRE";"PRIVADO";"II-2";"00008325";"CLINICA CENTENARIO PERUANO JAPONESA";"241900";"HOSPITALIZACIÓN DE MEDICINA MEDICINA INTERNA ";"68";"69";"432";"481";"21";"651";"3"
"2023";"04";"150121";"LIMA";"LIMA";"PUEBLO LIBRE";"PRIVADO";"II-2";"00008325";"CLINICA CENTENARIO PERUANO JAPONESA";"240100";"HOSPITALIZACIÓN QUIRÚRGICA CIRUGÍA GENERAL ";"136";"139";"321";"336";"14";"434";"2"
"2023";"04";"150121";"LIMA";"LIMA";"PUEBLO LIBRE";"PRIVADO";"II-2";"00008325";"CLINICA CENTENARIO PERUANO JAPONESA";"250100";"UNIDAD DE CUIDADOS CRITICOS UNIDAD  DE CUIDADOS INTENSIVOS GENERALES (UCI) ";"31";"28";"88";"174";"8";"248";"5"
"2023";"04";"150121";"LIMA";"LIMA";"PUEBLO LIBRE";"PRIVADO";"II-2";"00008325";"CLINICA CENTENARIO PERUANO JAPONESA";"250200";"UNIDAD DE CUIDADOS CRITICOS UNIDAD DE CUIDADOS INTERMEDIOS GENERAL  (UCIN) ";"40";"38";"78";"131";"6";"186";"2"
"2023";"04";"150121";"LIMA";"LIMA";"PUEBLO LIBRE";"PRIVADO";"II-2";"00008325";"CLINICA CENTENARIO PERUANO JAPONESA";"250105";"UNIDAD DE CUIDADOS CRITICOS UNIDAD  DE CUIDADOS INTENSIVOS  (UCI) NEONATOLOGÍA";"3";"3";"13";"108";"4";"124";"0"
"2023";"04";"150121";"LIMA";"LIMA";"PUEBLO LIBRE";"PRIVADO";"II-2";"00008325";"CLINICA CENTENARIO PERUANO JAPONESA";"250305";"HOSPIT. EN UNIDAD DE CUID.INTEN.-UNIDAD DE VIGILANCIA INTENSIVA (UVI)-NEONATOLOGÍA";"9";"9";"38";"108";"4";"124";"0"
"2023";"06";"150121";"LIMA";"LIMA";"PUEBLO LIBRE";"PRIVADO";"II-2";"00008325";"CLINICA CENTENARIO PERUANO JAPONESA";"242300";"HOSPITALIZACIÓN DE PEDIATRÍA  PEDIATRÍA  GENERAL ";"102";"102";"305";"327";"21";"630";"0"
"2023";"06";"150121";"LIMA";"LIMA";"PUEBLO LIBRE";"PRIVADO";"II-2";"00008325";"CLINICA CENTENARIO PERUANO JAPONESA";"241900";"HOSPITALIZACIÓN DE MEDICINA MEDICINA INTERNA ";"82";"71";"477";"542";"21";"630";"3"
"2023";"06";"150121";"LIMA";"LIMA";"PUEBLO LIBRE";"PRIVADO";"II-2";"00008325";"CLINICA CENTENARIO PERUANO JAPONESA";"241900";"HOSPITALIZACIÓN DE MEDICINA MEDICINA INTERNA ";"54";"55";"387";"449";"21";"630";"0"
"2023";"06";"150121";"LIMA";"LIMA";"PUEBLO LIBRE";"PRIVADO";"II-2";"00008325";"CLINICA CENTENARIO PERUANO JAPONESA";"241600";"HOSPITALIZACIÓN QUIRÚRGICA OBSTETRICIA   ";"56";"51";"135";"136";"11";"330";"0"
"2023";"06";"150121";"LIMA";"LIMA";"PUEBLO LIBRE";"PRIVADO";"II-2";"00008325";"CLINICA CENTENARIO PERUANO JAPONESA";"241900";"HOSPITALIZACIÓN DE MEDICINA MEDICINA INTERNA ";"68";"70";"446";"463";"21";"630";"3"
"2023";"06";"150121";"LIMA";"LIMA";"PUEBLO LIBRE";"PRIVADO";"II-2";"00008325";"CLINICA CENTENARIO PERUANO JAPONESA";"240100";"HOSPITALIZACIÓN QUIRÚRGICA CIRUGÍA GENERAL ";"130";"131";"268";"263";"14";"420";"1"
"2023";"06";"150121";"LIMA";"LIMA";"PUEBLO LIBRE";"PRIVADO";"II-2";"00008325";"CLINICA CENTENARIO PERUANO JAPONESA";"250100";"UNIDAD DE CUIDADOS CRITICOS UNIDAD  DE CUIDADOS INTENSIVOS GENERALES (UCI) ";"31";"31";"99";"171";"8";"240";"6"
"2023";"06";"150121";"LIMA";"LIMA";"PUEBLO LIBRE";"PRIVADO";"II-2";"00008325";"CLINICA CENTENARIO PERUANO JAPONESA";"250200";"UNIDAD DE CUIDADOS CRITICOS UNIDAD DE CUIDADOS INTERMEDIOS GENERAL  (UCIN) ";"34";"36";"45";"127";"6";"180";"0"
"2023";"06";"150121";"LIMA";"LIMA";"PUEBLO LIBRE";"PRIVADO";"II-2";"00008325";"CLINICA CENTENARIO PERUANO JAPONESA";"250105";"UNIDAD DE CUIDADOS CRITICOS UNIDAD  DE CUIDADOS INTENSIVOS  (UCI) NEONATOLOGÍA";"7";"4";"22";"50";"4";"120";"1"
"2023";"06";"150121";"LIMA";"LIMA";"PUEBLO LIBRE";"PRIVADO";"II-2";"00008325";"CLINICA CENTENARIO PERUANO JAPONESA";"250305";"HOSPIT. EN UNIDAD DE CUID.INTEN.-UNIDAD DE VIGILANCIA INTENSIVA (UVI)-NEONATOLOGÍA";"3";"3";"8";"10";"4";"120";"1"
"2023";"07";"060801";"CAJAMARCA";"JAEN";"JAEN";"PRIVADO";"II-1";"00015269";"CLINICA SAN FERNANDO E.I.R.L";"241800";"HOSPITALIZACIÓN DE MEDICINA MEDICINA GENERAL ";"3";"2";"16";"5";"18";"24";"0"
"2023";"07";"060801";"CAJAMARCA";"JAEN";"JAEN";"PRIVADO";"II-1";"00015269";"CLINICA SAN FERNANDO E.I.R.L";"241900";"HOSPITALIZACIÓN DE MEDICINA MEDICINA INTERNA ";"4";"2";"12";"6";"18";"24";"0"
"2023";"07";"060801";"CAJAMARCA";"JAEN";"JAEN";"PRIVADO";"II-1";"00015269";"CLINICA SAN FERNANDO E.I.R.L";"241200";"HOSPITALIZACIÓN QUIRÚRGICA TRAUMATOLOGÍA Y ORTOPEDIA ";"5";"4";"1";"12";"18";"24";"0"
"2023";"07";"060801";"CAJAMARCA";"JAEN";"JAEN";"PRIVADO";"II-1";"00015269";"CLINICA SAN FERNANDO E.I.R.L";"241200";"HOSPITALIZACIÓN QUIRÚRGICA TRAUMATOLOGÍA Y ORTOPEDIA ";"6";"4";"14";"10";"18";"24";"0"
"2023";"07";"060801";"CAJAMARCA";"JAEN";"JAEN";"PRIVADO";"II-1";"00015269";"CLINICA SAN FERNANDO E.I.R.L";"241200";"HOSPITALIZACIÓN QUIRÚRGICA TRAUMATOLOGÍA Y ORTOPEDIA ";"6";"4";"14";"10";"18";"24";"0"
"2023";"02";"060801";"CAJAMARCA";"JAEN";"JAEN";"PRIVADO";"II-1";"00015269";"CLINICA SAN FERNANDO E.I.R.L";"241800";"HOSPITALIZACIÓN DE MEDICINA MEDICINA GENERAL ";"3";"2";"16";"5";"18";"24";"0"
"2023";"02";"060801";"CAJAMARCA";"JAEN";"JAEN";"PRIVADO";"II-1";"00015269";"CLINICA SAN FERNANDO E.I.R.L";"241900";"HOSPITALIZACIÓN DE MEDICINA MEDICINA INTERNA ";"4";"2";"12";"6";"18";"24";"0"
"2023";"02";"060801";"CAJAMARCA";"JAEN";"JAEN";"PRIVADO";"II-1";"00015269";"CLINICA SAN FERNANDO E.I.R.L";"241200";"HOSPITALIZACIÓN QUIRÚRGICA TRAUMATOLOGÍA Y ORTOPEDIA ";"6";"4";"14";"10";"18";"24";"0"
"2023";"07";"110101";"ICA";"ICA";"ICA";"GOBIERNO REGIONAL";"I-2";"00003375";"SENOR DE LUREN";"NE_0001";"";"NE_0001";"NE_0001";"NE_0001";"NE_0001";"NE_0001";"NE_0001";"NE_0001"
"2023";"07";"110101";"ICA";"ICA";"ICA";"GOBIERNO REGIONAL";"I-3";"00003360";"SAN JOAQUIN";"NE_0001";"";"NE_0001";"NE_0001";"NE_0001";"NE_0001";"NE_0001";"NE_0001";"NE_0001"
"2023";"07";"110101";"ICA";"ICA";"ICA";"GOBIERNO REGIONAL";"I-2";"00003376";"CACHICHE";"NE_0001";"";"NE_0001";"NE_0001";"NE_0001";"NE_0001";"NE_0001";"NE_0001";"NE_0001"
"2023";"07";"110101";"ICA";"ICA";"ICA";"GOBIERNO REGIONAL";"I-3";"00003361";"LA PALMA GRANDE";"NE_0002";"";"NE_0002";"NE_0002";"NE_0002";"NE_0002";"NE_0002";"NE_0002";"NE_0002"
"2023";"07";"110101";"ICA";"ICA";"ICA";"MINSA";"I-2";"00003377";"EL HUARANGO";"NE_0001";"";"NE_0001";"NE_0001";"NE_0001";"NE_0001";"NE_0001";"NE_0001";"NE_0001"
"2023";"06";"250101";"UCAYALI";"CORONEL PORTILLO";"CALLERIA";"GOBIERNO REGIONAL";"0";"00027157";"SISTEMA DE ATENCIÓN MÓVIL DE URGENCIAS (SAMU)";"NE_0001";"";"NE_0001";"NE_0001";"NE_0001";"NE_0001";"NE_0001";"NE_0001";"NE_0001"
"2023";"06";"250303";"UCAYALI";"PADRE ABAD";"CURIMANA";"GOBIERNO REGIONAL";"I-1";"00025049";"PUESTO DE SALUD MERIBA";"NE_0001";"";"NE_0001";"NE_0001";"NE_0001";"NE_0001";"NE_0001";"NE_0001";"NE_0001"
"2023";"06";"250105";"UCAYALI";"CORONEL PORTILLO";"YARINACOCHA";"GOBIERNO REGIONAL";"I-1";"00005545";"NUEVA ALEJANDRIA";"NE_0001";"";"NE_0001";"NE_0001";"NE_0001";"NE_0001";"NE_0001";"NE_0001";"NE_0001"
"2023";"06";"250105";"UCAYALI";"CORONEL PORTILLO";"YARINACOCHA";"GOBIERNO REGIONAL";"I-1";"00005544";"CLAS UNION ZAPOTILLO";"NE_0001";"";"NE_0001";"NE_0001";"NE_0001";"NE_0001";"NE_0001";"NE_0001";"NE_0001"
"2023";"06";"250105";"UCAYALI";"CORONEL PORTILLO";"YARINACOCHA";"GOBIERNO REGIONAL";"I-1";"00005543";"NUEVA LUZ DE FATIMA";"NE_0001";"";"NE_0001";"NE_0001";"NE_0001";"NE_0001";"NE_0001";"NE_0001";"NE_0001"
"2023";"06";"250105";"UCAYALI";"CORONEL PORTILLO";"YARINACOCHA";"GOBIERNO REGIONAL";"I-1";"00005542";"CLAS  DE SAN JUAN YARINACOCHA .";"NE_0001";"";"NE_0001";"NE_0001";"NE_0001";"NE_0001";"NE_0001";"NE_0001";"NE_0001"
"2023";"06";"250105";"UCAYALI";"CORONEL PORTILLO";"YARINACOCHA";"GOBIERNO REGIONAL";"I-1";"00005541";"PUESTO DE SALUD LEONCIO PRADO";"NE_0001";"";"NE_0001";"NE_0001";"NE_0001";"NE_0001";"NE_0001";"NE_0001";"NE_0001"
"2023";"06";"250105";"UCAYALI";"CORONEL PORTILLO";"YARINACOCHA";"GOBIERNO REGIONAL";"I-1";"00005540";"HUITOCOCHA";"NE_0001";"";"NE_0001";"NE_0001";"NE_0001";"NE_0001";"NE_0001";"NE_0001";"NE_0001"
"2023";"04";"110101";"ICA";"ICA";"ICA";"ESSALUD";"II-1";"00013912";"FELIX TORREALVA GUTIERREZ";"241900";"HOSPITALIZACIÓN DE MEDICINA MEDICINA INTERNA ";"206";"195";"1281";"1246";"48";"1440";"19"
"2023";"04";"110101";"ICA";"ICA";"ICA";"ESSALUD";"II-1";"00013912";"FELIX TORREALVA GUTIERREZ";"241900";"HOSPITALIZACIÓN DE MEDICINA MEDICINA INTERNA ";"9";"4";"117";"120";"5";"150";"2"
"2023";"04";"110101";"ICA";"ICA";"ICA";"ESSALUD";"II-1";"00013912";"FELIX TORREALVA GUTIERREZ";"240100";"HOSPITALIZACIÓN QUIRÚRGICA CIRUGÍA GENERAL ";"120";"134";"331";"281";"16";"480";"0"
"2023";"04";"110101";"ICA";"ICA";"ICA";"ESSALUD";"II-1";"00013912";"FELIX TORREALVA GUTIERREZ";"241500";"HOSPITALIZACIÓN QUIRÚRGICA GINECOLOGÍA  ";"25";"20";"49";"57";"4";"120";"0"
"2023";"04";"110101";"ICA";"ICA";"ICA";"ESSALUD";"II-1";"00013912";"FELIX TORREALVA GUTIERREZ";"241500";"HOSPITALIZACIÓN QUIRÚRGICA GINECOLOGÍA  ";"149";"148";"263";"248";"16";"480";"0"
"2023";"04";"150801";"LIMA";"HUAURA";"HUACHO";"GOBIERNO REGIONAL";"II-2";"00007639";"HOSPITAL GENERAL DE HUACHO";"240100";"HOSPITALIZACIÓN QUIRÚRGICA CIRUGÍA GENERAL ";"138";"161";"707";"825";"40";"1200";"0"
"2023";"04";"150801";"LIMA";"HUAURA";"HUACHO";"GOBIERNO REGIONAL";"II-2";"00007639";"HOSPITAL GENERAL DE HUACHO";"241500";"HOSPITALIZACIÓN QUIRÚRGICA GINECOLOGÍA  ";"43";"47";"173";"159";"8";"240";"0"
"2023";"04";"150801";"LIMA";"HUAURA";"HUACHO";"GOBIERNO REGIONAL";"II-2";"00007639";"HOSPITAL GENERAL DE HUACHO";"241600";"HOSPITALIZACIÓN QUIRÚRGICA OBSTETRICIA   ";"263";"283";"589";"508";"30";"900";"0"
"2023";"04";"150801";"LIMA";"HUAURA";"HUACHO";"GOBIERNO REGIONAL";"II-2";"00007639";"HOSPITAL GENERAL DE HUACHO";"241800";"HOSPITALIZACIÓN DE MEDICINA MEDICINA GENERAL ";"76";"95";"662";"829";"33";"990";"7"
"2023";"04";"150801";"LIMA";"HUAURA";"HUACHO";"GOBIERNO REGIONAL";"II-2";"00007639";"HOSPITAL GENERAL DE HUACHO";"242500";"HOSPITALIZACIÓN-PEDIATRÍA GENERAL-";"58";"65";"264";"228";"30";"900";"0"
"2023";"04";"150801";"LIMA";"HUAURA";"HUACHO";"GOBIERNO REGIONAL";"II-2";"00007639";"HOSPITAL GENERAL DE HUACHO";"243200";"HOSPITALIZACIÓN DE PEDIATRÍA PEDIATRIA NEONATOLOGÍA";"21";"23";"77";"70";"11";"330";"0"
"2023";"04";"150801";"LIMA";"HUAURA";"HUACHO";"GOBIERNO REGIONAL";"II-2";"00007639";"HOSPITAL GENERAL DE HUACHO";"250103";"UNIDAD DE CUIDADOS CRITICOS UNIDAD  DE CUIDADOS INTENSIVOS GENERALES  (UCI) MEDICINA";"9";"13";"96";"175";"12";"360";"1"
"2023";"04";"150801";"LIMA";"HUAURA";"HUACHO";"GOBIERNO REGIONAL";"II-2";"00007639";"HOSPITAL GENERAL DE HUACHO";"250105";"UNIDAD DE CUIDADOS CRITICOS UNIDAD  DE CUIDADOS INTENSIVOS  (UCI) NEONATOLOGÍA";"2";"5";"37";"29";"4";"120";"0"
"2023";"04";"150140";"LIMA";"LIMA";"SANTIAGO DE SURCO";"PRIVADO";"II-E";"00020674";"SAN MARTIN PLASTICA & ESTETICA";"NE_0002";"";"NE_0002";"NE_0002";"NE_0002";"NE_0002";"NE_0002";"NE_0002";"NE_0002"
"2023";"04";"120608";"JUNIN";"SATIPO";"RIO TAMBO";"GOBIERNO REGIONAL";"I-1";"00006877";"CHONTAKIARI";"NE_0001";"";"NE_0001";"NE_0001";"NE_0001";"NE_0001";"NE_0001";"NE_0001";"NE_0001"
"2023";"04";"120601";"JUNIN";"SATIPO";"SATIPO";"GOBIERNO REGIONAL";"I-1";"00000480";"BAJO CAPIRO";"NE_0001";"";"NE_0001";"NE_0001";"NE_0001";"NE_0001";"NE_0001";"NE_0001";"NE_0001"
"2023";"04";"120607";"JUNIN";"SATIPO";"RIO NEGRO";"GOBIERNO REGIONAL";"I-2";"00000503";"UNION CUVIRIAKI";"NE_0001";"";"NE_0001";"NE_0001";"NE_0001";"NE_0001";"NE_0001";"NE_0001";"NE_0001"
"2023";"04";"120607";"JUNIN";"SATIPO";"RIO NEGRO";"GOBIERNO REGIONAL";"I-1";"00000504";"SHABASHIPANGO";"NE_0001";"";"NE_0001";"NE_0001";"NE_0001";"NE_0001";"NE_0001";"NE_0001";"NE_0001"
"2023";"04";"120601";"JUNIN";"SATIPO";"SATIPO";"GOBIERNO REGIONAL";"I-1";"00013864";"CANAAN DEL NORTE";"NE_0001";"";"NE_0001";"NE_0001";"NE_0001";"NE_0001";"NE_0001";"NE_0001";"NE_0001"
"2023";"04";"120601";"JUNIN";"SATIPO";"SATIPO";"GOBIERNO REGIONAL";"I-2";"00000478";"RIO VENADO";"NE_0001";"";"NE_0001";"NE_0001";"NE_0001";"NE_0001";"NE_0001";"NE_0001";"NE_0001"
"2023";"04";"120607";"JUNIN";"SATIPO";"RIO NEGRO";"GOBIERNO REGIONAL";"I-2";"00000502";"CUSHIVIANI";"NE_0001";"";"NE_0001";"NE_0001";"NE_0001";"NE_0001";"NE_0001";"NE_0001";"NE_0001"
"2023";"04";"120607";"JUNIN";"SATIPO";"RIO NEGRO";"GOBIERNO REGIONAL";"I-3";"00000506";"UNION CAPIRI";"NE_0001";"";"NE_0001";"NE_0001";"NE_0001";"NE_0001";"NE_0001";"NE_0001";"NE_0001"
"2023";"04";"120601";"JUNIN";"SATIPO";"SATIPO";"GOBIERNO REGIONAL";"I-2";"00000483";"SANIBENI";"NE_0001";"";"NE_0001";"NE_0001";"NE_0001";"NE_0001";"NE_0001";"NE_0001";"NE_0001"
"2023";"04";"120601";"JUNIN";"SATIPO";"SATIPO";"GOBIERNO REGIONAL";"I-1";"00029375";"COMUNIDAD NATIVA SHANQUI";"NE_0001";"";"NE_0001";"NE_0001";"NE_0001";"NE_0001";"NE_0001";"NE_0001";"NE_0001"
"2023";"04";"120607";"JUNIN";"SATIPO";"RIO NEGRO";"GOBIERNO REGIONAL";"I-2";"00000477";"HUAHUARI";"NE_0001";"";"NE_0001";"NE_0001";"NE_0001";"NE_0001";"NE_0001";"NE_0001";"NE_0001"
"2023";"04";"120601";"JUNIN";"SATIPO";"SATIPO";"GOBIERNO REGIONAL";"I-2";"00000479";"SANTO DOMINGO DE MARANKIARI";"NE_0001";"";"NE_0001";"NE_0001";"NE_0001";"NE_0001";"NE_0001";"NE_0001";"NE_0001"
"2023";"04";"120601";"JUNIN";"SATIPO";"SATIPO";"GOBIERNO REGIONAL";"I-1";"00000484";"ALTO PAURELI";"NE_0001";"";"NE_0001";"NE_0001";"NE_0001";"NE_0001";"NE_0001";"NE_0001";"NE_0001"
"2023";"04";"120607";"JUNIN";"SATIPO";"RIO NEGRO";"GOBIERNO REGIONAL";"I-3";"00000495";"RIO NEGRO";"NE_0001";"";"NE_0001";"NE_0001";"NE_0001";"NE_0001";"NE_0001";"NE_0001";"NE_0001"
"2023";"04";"120607";"JUNIN";"SATIPO";"RIO NEGRO";"GOBIERNO REGIONAL";"I-2";"00000505";"SAN JUAN DE CHENI";"NE_0001";"";"NE_0001";"NE_0001";"NE_0001";"NE_0001";"NE_0001";"NE_0001";"NE_0001"
"2023";"05";"050101";"AYACUCHO";"HUAMANGA";"AYACUCHO";"SANIDAD DE LA POLICIA NACIONAL DEL PERU";"I-3";"00011426";"POLICLINICO POLICIAL DE AYACUCHO";"NE_0001";"";"NE_0001";"NE_0001";"NE_0001";"NE_0001";"NE_0001";"NE_0001";"NE_0001"
"2023";"05";"150108";"LIMA";"LIMA";"CHORRILLOS";"SANIDAD DE LA POLICIA NACIONAL DEL PERU";"I-3";"00018660";"POLICLINICO POLICIAL SEDE ESCUELA DE OFICIALES";"NE_0001";"";"NE_0001";"NE_0001";"NE_0001";"NE_0001";"NE_0001";"NE_0001";"NE_0001"
"2023";"05";"130504";"LA LIBERTAD";"JULCAN";"HUASO";"GOBIERNO REGIONAL";"I-2";"00006770";"CHINCHINVARA";"NE_0001";"";"NE_0001";"NE_0001";"NE_0001";"NE_0001";"NE_0001";"NE_0001";"NE_0001"
"2023";"05";"130504";"LA LIBERTAD";"JULCAN";"HUASO";"GOBIERNO REGIONAL";"I-4";"00005312";"HUASO";"NE_0001";"";"NE_0001";"NE_0001";"NE_0001";"NE_0001";"NE_0001";"NE_0001";"NE_0001"
"2023";"05";"130504";"LA LIBERTAD";"JULCAN";"HUASO";"GOBIERNO REGIONAL";"I-2";"00006772";"LA VEGA";"NE_0001";"";"NE_0001";"NE_0001";"NE_0001";"NE_0001";"NE_0001";"NE_0001";"NE_0001"
"2023";"05";"130504";"LA LIBERTAD";"JULCAN";"HUASO";"GOBIERNO REGIONAL";"I-1";"00016422";"LA UNION";"NE_0001";"";"NE_0001";"NE_0001";"NE_0001";"NE_0001";"NE_0001";"NE_0001";"NE_0001"
"2023";"05";"130504";"LA LIBERTAD";"JULCAN";"HUASO";"GOBIERNO REGIONAL";"I-2";"00005313";"PARASIVE";"NE_0002";"";"NE_0002";"NE_0002";"NE_0002";"NE_0002";"NE_0002";"NE_0002";"NE_0002"
"2023";"05";"130504";"LA LIBERTAD";"JULCAN";"HUASO";"GOBIERNO REGIONAL";"I-2";"00005335";"UNINGAMBAL";"NE_0001";"";"NE_0001";"NE_0001";"NE_0001";"NE_0001";"NE_0001";"NE_0001";"NE_0001"
"2023";"05";"130504";"LA LIBERTAD";"JULCAN";"HUASO";"GOBIERNO REGIONAL";"I-3";"00006771";"CANRAZ";"NE_0001";"";"NE_0001";"NE_0001";"NE_0001";"NE_0001";"NE_0001";"NE_0001";"NE_0001"
"2023";"05";"220101";"SAN MARTIN";"MOYOBAMBA";"MOYOBAMBA";"GOBIERNO REGIONAL";"I-1";"00006323";"MORROYACU";"NE_0001";"";"NE_0001";"NE_0001";"NE_0001";"NE_0001";"NE_0001";"NE_0001";"NE_0001"
"2023";"05";"220101";"SAN MARTIN";"MOYOBAMBA";"MOYOBAMBA";"GOBIERNO REGIONAL";"I-3";"00006322";"PUEBLO LIBRE";"241400";"HOSPITALIZACIÓN QUIRÚRGICA GINECO - OBSTETRICIA ";"5";"5";"5";"5";"5";"6";"0"
"2023";"05";"220101";"SAN MARTIN";"MOYOBAMBA";"MOYOBAMBA";"GOBIERNO REGIONAL";"I-1";"00006324";"SHIMPIYACU";"NE_0001";"";"NE_0001";"NE_0001";"NE_0001";"NE_0001";"NE_0001";"NE_0001";"NE_0001"
"2023";"05";"220101";"SAN MARTIN";"MOYOBAMBA";"MOYOBAMBA";"GOBIERNO REGIONAL";"I-1";"00006325";"NUEVA HUANCABAMBA";"NE_0001";"";"NE_0001";"NE_0001";"NE_0001";"NE_0001";"NE_0001";"NE_0001";"NE_0001"
"2023";"05";"130906";"LA LIBERTAD";"SANCHEZ CARRION";"SANAGORAN";"GOBIERNO REGIONAL";"I-2";"00005359";"SANAGORAN";"NE_0001";"";"NE_0001";"NE_0001";"NE_0001";"NE_0001";"NE_0001";"NE_0001";"NE_0001"
"2023";"05";"130906";"LA LIBERTAD";"SANCHEZ CARRION";"SANAGORAN";"GOBIERNO REGIONAL";"I-2";"00007240";"HUALASGOSDAY";"NE_0001";"";"NE_0001";"NE_0001";"NE_0001";"NE_0001";"NE_0001";"NE_0001";"NE_0001"
"2023";"06";"150108";"LIMA";"LIMA";"CHORRILLOS";"MINSA";"III-E";"00007734";"INSTITUTO NACIONAL DE REHABILITACION DRA. ADRIANA REBAZA FLORES - AMISTAD PERU-JAPON";"240000";"HOSPITALIZACIÓN";"7";"7";"459";"679";"24";"720";"0"
"2023";"06";"040123";"AREQUIPA";"AREQUIPA";"TIABAYA";"GOBIERNO REGIONAL";"I-3";"00001260";"CENTRO DE SALUD TIABAYA";"NE_0001";"";"NE_0001";"NE_0001";"NE_0001";"NE_0001";"NE_0001";"NE_0001";"NE_0001"
"2023";"06";"040124";"AREQUIPA";"AREQUIPA";"UCHUMAYO";"GOBIERNO REGIONAL";"I-2";"00001290";"PUESTO DE SALUD UCHUMAYO";"NE_0001";"";"NE_0001";"NE_0001";"NE_0001";"NE_0001";"NE_0001";"NE_0001";"NE_0001"
"2023";"06";"040124";"AREQUIPA";"AREQUIPA";"UCHUMAYO";"GOBIERNO REGIONAL";"I-3";"00001281";"CENTRO DE SALUD CONGATA";"NE_0001";"";"NE_0001";"NE_0001";"NE_0001";"NE_0001";"NE_0001";"NE_0001";"NE_0001"
"2023";"06";"040124";"AREQUIPA";"AREQUIPA";"UCHUMAYO";"GOBIERNO REGIONAL";"I-3";"00001280";"CENTRO DE SALUD CERRO VERDE";"NE_0001";"";"NE_0001";"NE_0001";"NE_0001";"NE_0001";"NE_0001";"NE_0001";"NE_0001"
"2023";"06";"150120";"LIMA";"LIMA";"MAGDALENA DEL MAR";"PRIVADO";"II-E";"00017703";"OPRECE";"NE_0001";"";"NE_0001";"NE_0001";"NE_0001";"NE_0001";"NE_0001";"NE_0001";"NE_0001"
"2023";"06";"150133";"LIMA";"LIMA";"SAN JUAN DE MIRAFLORES";"MINSA";"III-1";"00005987";"HOSPITAL MARIA AUXILIADORA";"242300";"HOSPITALIZACIÓN DE PEDIATRÍA  PEDIATRÍA  GENERAL ";"167";"173";"937";"932";"39";"1174";"0"
"2023";"06";"150133";"LIMA";"LIMA";"SAN JUAN DE MIRAFLORES";"MINSA";"III-1";"00005987";"HOSPITAL MARIA AUXILIADORA";"241900";"HOSPITALIZACIÓN DE MEDICINA MEDICINA INTERNA ";"279";"287";"3052";"2790";"111";"3338";"17"
"2023";"06";"150133";"LIMA";"LIMA";"SAN JUAN DE MIRAFLORES";"MINSA";"III-1";"00005987";"HOSPITAL MARIA AUXILIADORA";"242100";"HOSPITALIZACIÓN DE MEDICINA ONCOLOGÍA MÉDICA ";"46";"50";"373";"329";"14";"420";"4"
"2023";"06";"150133";"LIMA";"LIMA";"SAN JUAN DE MIRAFLORES";"MINSA";"III-1";"00005987";"HOSPITAL MARIA AUXILIADORA";"240100";"HOSPITALIZACIÓN QUIRÚRGICA CIRUGÍA GENERAL ";"319";"347";"2921";"2092";"91";"2731";"2"
"2023";"06";"150133";"LIMA";"LIMA";"SAN JUAN DE MIRAFLORES";"MINSA";"III-1";"00005987";"HOSPITAL MARIA AUXILIADORA";"241400";"HOSPITALIZACIÓN QUIRÚRGICA GINECO - OBSTETRICIA ";"428";"466";"1406";"1016";"68";"2041";"0"
"2023";"06";"150133";"LIMA";"LIMA";"SAN JUAN DE MIRAFLORES";"MINSA";"III-1";"00005987";"HOSPITAL MARIA AUXILIADORA";"243200";"HOSPITALIZACIÓN DE PEDIATRÍA PEDIATRIA NEONATOLOGÍA";"96";"102";"959";"798";"51";"1530";"1"
"2023";"06";"150133";"LIMA";"LIMA";"SAN JUAN DE MIRAFLORES";"MINSA";"III-1";"00005987";"HOSPITAL MARIA AUXILIADORA";"250100";"UNIDAD DE CUIDADOS CRITICOS UNIDAD  DE CUIDADOS INTENSIVOS GENERALES (UCI) ";"19";"7";"141";"271";"12";"360";"7"
"2023";"06";"150133";"LIMA";"LIMA";"SAN JUAN DE MIRAFLORES";"MINSA";"III-1";"00005987";"HOSPITAL MARIA AUXILIADORA";"250105";"UNIDAD DE CUIDADOS CRITICOS UNIDAD  DE CUIDADOS INTENSIVOS  (UCI) NEONATOLOGÍA";"9";"5";"115";"214";"9";"270";"3"
"2023";"06";"150133";"LIMA";"LIMA";"SAN JUAN DE MIRAFLORES";"MINSA";"III-1";"00005987";"HOSPITAL MARIA AUXILIADORA";"250108";"UNIDAD DE CUIDADOS CRITICOS UNIDAD  DE CUIDADOS INTENSIVOS  (UCI) PEDIÁTRICA";"6";"0";"0";"88";"4";"120";"0"
"2023";"06";"150133";"LIMA";"LIMA";"SAN JUAN DE MIRAFLORES";"MINSA";"III-1";"00005987";"HOSPITAL MARIA AUXILIADORA";"250200";"UNIDAD DE CUIDADOS CRITICOS UNIDAD DE CUIDADOS INTERMEDIOS GENERAL  (UCIN) ";"7";"1";"8";"214";"8";"240";"0"
"2023";"06";"060801";"CAJAMARCA";"JAEN";"JAEN";"GOBIERNO REGIONAL";"I-3";"00025207";"CENTRO DE SALUD MENTAL COMUNITARIO JAEN";"NE_0001";"";"NE_0001";"NE_0001";"NE_0001";"NE_0001";"NE_0001";"NE_0001";"NE_0001"
"2023";"06";"040701";"AREQUIPA";"ISLAY";"MOLLENDO";"ESSALUD";"II-1";"00013295";"HOSPITAL II MANUEL DE TORRES MUÑOZ -  MOLLENDO";"241800";"HOSPITALIZACIÓN DE MEDICINA MEDICINA GENERAL ";"27";"23";"166";"178";"9";"270";"4"
"2023";"06";"040701";"AREQUIPA";"ISLAY";"MOLLENDO";"ESSALUD";"II-1";"00013295";"HOSPITAL II MANUEL DE TORRES MUÑOZ -  MOLLENDO";"240100";"HOSPITALIZACIÓN QUIRÚRGICA CIRUGÍA GENERAL ";"39";"39";"156";"167";"7";"210";"0"
"2023";"06";"040701";"AREQUIPA";"ISLAY";"MOLLENDO";"ESSALUD";"II-1";"00013295";"HOSPITAL II MANUEL DE TORRES MUÑOZ -  MOLLENDO";"241500";"HOSPITALIZACIÓN QUIRÚRGICA GINECOLOGÍA  ";"13";"13";"26";"26";"2";"60";"0"
"2023";"06";"040701";"AREQUIPA";"ISLAY";"MOLLENDO";"ESSALUD";"II-1";"00013295";"HOSPITAL II MANUEL DE TORRES MUÑOZ -  MOLLENDO";"241600";"HOSPITALIZACIÓN QUIRÚRGICA OBSTETRICIA   ";"20";"20";"40";"42";"5";"150";"0"
"2023";"06";"040701";"AREQUIPA";"ISLAY";"MOLLENDO";"ESSALUD";"II-1";"00013295";"HOSPITAL II MANUEL DE TORRES MUÑOZ -  MOLLENDO";"242300";"HOSPITALIZACIÓN DE PEDIATRÍA  PEDIATRÍA  GENERAL ";"25";"26";"68";"58";"4";"120";"0"
"2023";"06";"220903";"SAN MARTIN";"SAN MARTIN";"CACATACHI";"GOBIERNO REGIONAL";"I-3";"00006395";"CACATACHI";"NE_0001";"";"NE_0001";"NE_0001";"NE_0001";"NE_0001";"NE_0001";"NE_0001";"NE_0001"
"2023";"06";"220910";"SAN MARTIN";"SAN MARTIN";"MORALES";"GOBIERNO REGIONAL";"I-4";"00006361";"MORALES";"241400";"HOSPITALIZACIÓN QUIRÚRGICA GINECO - OBSTETRICIA ";"29";"32";"32";"30";"12";"360";"0"
"2023";"06";"220912";"SAN MARTIN";"SAN MARTIN";"SAN ANTONIO";"GOBIERNO REGIONAL";"I-1";"00006385";"SAN PEDRO DE CUMBAZA";"NE_0001";"";"NE_0001";"NE_0001";"NE_0001";"NE_0001";"NE_0001";"NE_0001";"NE_0001"
"2023";"06";"150122";"LIMA";"LIMA";"MIRAFLORES";"MINSA";"III-E";"00006213";"HOSPITAL DE EMERGENCIAS JOSE CASIMIRO ULLOA";"240100";"HOSPITALIZACIÓN QUIRÚRGICA CIRUGÍA GENERAL ";"94";"107";"466";"428";"26";"806";"1"
"2023";"06";"150122";"LIMA";"LIMA";"MIRAFLORES";"MINSA";"III-E";"00006213";"HOSPITAL DE EMERGENCIAS JOSE CASIMIRO ULLOA";"241800";"HOSPITALIZACIÓN DE MEDICINA MEDICINA GENERAL ";"113";"141";"1025";"505";"20";"620";"12"
"2023";"06";"150122";"LIMA";"LIMA";"MIRAFLORES";"MINSA";"III-E";"00006213";"HOSPITAL DE EMERGENCIAS JOSE CASIMIRO ULLOA";"240900";"HOSPITALIZACIÓN QUIRÚRGICA NEUROCIRUGÍA ";"15";"23";"296";"223";"11";"341";"3"
"2023";"06";"150122";"LIMA";"LIMA";"MIRAFLORES";"MINSA";"III-E";"00006213";"HOSPITAL DE EMERGENCIAS JOSE CASIMIRO ULLOA";"241200";"HOSPITALIZACIÓN QUIRÚRGICA TRAUMATOLOGÍA Y ORTOPEDIA ";"46";"55";"488";"296";"14";"420";"0"
"2023";"06";"150122";"LIMA";"LIMA";"MIRAFLORES";"MINSA";"III-E";"00006213";"HOSPITAL DE EMERGENCIAS JOSE CASIMIRO ULLOA";"250000";"UNIDAD DE CUIDADOS CRITICOS  ";"28";"29";"362";"281";"10";"300";"0"
"2023";"06";"150122";"LIMA";"LIMA";"MIRAFLORES";"MINSA";"III-E";"00006213";"HOSPITAL DE EMERGENCIAS JOSE CASIMIRO ULLOA";"250103";"UNIDAD DE CUIDADOS CRITICOS UNIDAD  DE CUIDADOS INTENSIVOS GENERALES  (UCI) MEDICINA";"9";"8";"101";"180";"6";"180";"0"
"2023";"06";"150122";"LIMA";"LIMA";"MIRAFLORES";"MINSA";"III-E";"00006213";"HOSPITAL DE EMERGENCIAS JOSE CASIMIRO ULLOA";"250500";"HOSPIT. EN UNIDAD DE CUID.INTEN.-UNIDAD DE TRAUMA SHOCK-";"25";"25";"262";"78";"4";"120";"0"
"2023";"06";"120607";"JUNIN";"SATIPO";"RIO NEGRO";"GOBIERNO REGIONAL";"I-2";"00000499";"PUENTE IPOKI";"NE_0001";"";"NE_0001";"NE_0001";"NE_0001";"NE_0001";"NE_0001";"NE_0001";"NE_0001"
"2023";"06";"120601";"JUNIN";"SATIPO";"SATIPO";"GOBIERNO REGIONAL";"I-2";"00000481";"PARATUSHALI";"NE_0001";"";"NE_0001";"NE_0001";"NE_0001";"NE_0001";"NE_0001";"NE_0001";"NE_0001"
"2023";"06";"120607";"JUNIN";"SATIPO";"RIO NEGRO";"GOBIERNO REGIONAL";"I-2";"00000497";"RIO CHARI ALTO";"NE_0001";"";"NE_0001";"NE_0001";"NE_0001";"NE_0001";"NE_0001";"NE_0001";"NE_0001"
"2023";"06";"120607";"JUNIN";"SATIPO";"RIO NEGRO";"GOBIERNO REGIONAL";"I-2";"00000503";"UNION CUVIRIAKI";"NE_0001";"";"NE_0001";"NE_0001";"NE_0001";"NE_0001";"NE_0001";"NE_0001";"NE_0001"
"2023";"06";"120607";"JUNIN";"SATIPO";"RIO NEGRO";"GOBIERNO REGIONAL";"I-1";"00000504";"SHABASHIPANGO";"NE_0001";"";"NE_0001";"NE_0001";"NE_0001";"NE_0001";"NE_0001";"NE_0001";"NE_0001"
"2023";"06";"120601";"JUNIN";"SATIPO";"SATIPO";"GOBIERNO REGIONAL";"I-1";"00013864";"CANAAN DEL NORTE";"NE_0001";"";"NE_0001";"NE_0001";"NE_0001";"NE_0001";"NE_0001";"NE_0001";"NE_0001"
"2023";"06";"120607";"JUNIN";"SATIPO";"RIO NEGRO";"GOBIERNO REGIONAL";"I-3";"00000506";"UNION CAPIRI";"NE_0001";"";"NE_0001";"NE_0001";"NE_0001";"NE_0001";"NE_0001";"NE_0001";"NE_0001"
"2023";"06";"120601";"JUNIN";"SATIPO";"SATIPO";"GOBIERNO REGIONAL";"I-2";"00000483";"SANIBENI";"NE_0001";"";"NE_0001";"NE_0001";"NE_0001";"NE_0001";"NE_0001";"NE_0001";"NE_0001"
"2023";"06";"120607";"JUNIN";"SATIPO";"RIO NEGRO";"GOBIERNO REGIONAL";"I-2";"00000505";"SAN JUAN DE CHENI";"NE_0001";"";"NE_0001";"NE_0001";"NE_0001";"NE_0001";"NE_0001";"NE_0001";"NE_0001"
"2023";"06";"221001";"SAN MARTIN";"TOCACHE";"TOCACHE";"GOBIERNO REGIONAL";"II-1";"00006580";"HOSPITAL II-1 ""DR. JOSE PEÑA PORTUGUEZ "" - TOCACHE";"241600";"HOSPITALIZACIÓN QUIRÚRGICA OBSTETRICIA   ";"73";"77";"110";"110";"15";"450";"0"
"2023";"04";"061109";"CAJAMARCA";"SAN MIGUEL";"NIEPOS";"GOBIERNO REGIONAL";"I-1";"00004560";"EL NARANJO";"NE_0001";"";"NE_0001";"NE_0001";"NE_0001";"NE_0001";"NE_0001";"NE_0001";"NE_0001"
"2023";"04";"061109";"CAJAMARCA";"SAN MIGUEL";"NIEPOS";"GOBIERNO REGIONAL";"I-2";"00004557";"NIEPOS";"NE_0001";"";"NE_0001";"NE_0001";"NE_0001";"NE_0001";"NE_0001";"NE_0001";"NE_0001"
"2023";"04";"061109";"CAJAMARCA";"SAN MIGUEL";"NIEPOS";"GOBIERNO REGIONAL";"I-1";"00004558";"LANCHEZ";"NE_0001";"";"NE_0001";"NE_0001";"NE_0001";"NE_0001";"NE_0001";"NE_0001";"NE_0001"
"2023";"04";"061109";"CAJAMARCA";"SAN MIGUEL";"NIEPOS";"GOBIERNO REGIONAL";"I-1";"00004559";"MIRAVALLES";"NE_0001";"";"NE_0001";"NE_0001";"NE_0001";"NE_0001";"NE_0001";"NE_0001";"NE_0001"
"2023";"04";"061106";"CAJAMARCA";"SAN MIGUEL";"LA FLORIDA";"GOBIERNO REGIONAL";"I-3";"00004556";"LA FLORIDA";"NE_0001";"";"NE_0001";"NE_0001";"NE_0001";"NE_0001";"NE_0001";"NE_0001";"NE_0001"
"2023";"04";"100508";"HUANUCO";"HUAMALIES";"PUNCHAO";"GOBIERNO REGIONAL";"I-2";"00000901";"PUNCHAO";"NE_0001";"";"NE_0001";"NE_0001";"NE_0001";"NE_0001";"NE_0001";"NE_0001";"NE_0001"
"2023";"05";"100102";"HUANUCO";"HUANUCO";"AMARILIS";"PRIVADO";"II-E";"00027693";"CENTRO MEDICO ESPECIALIZADO PRIMAVERA";"NE_0002";"";"NE_0002";"NE_0002";"NE_0002";"NE_0002";"NE_0002";"NE_0002";"NE_0002"
"2023";"05";"200101";"PIURA";"PIURA";"PIURA";"ESSALUD";"II-1";"00010244";"HOSPITAL II JORGE REATEGUI DELGADO";"241900";"HOSPITALIZACIÓN DE MEDICINA MEDICINA INTERNA ";"80";"68";"372";"736";"33";"1023";"6"
"2023";"05";"200101";"PIURA";"PIURA";"PIURA";"ESSALUD";"II-1";"00010244";"HOSPITAL II JORGE REATEGUI DELGADO";"240100";"HOSPITALIZACIÓN QUIRÚRGICA CIRUGÍA GENERAL ";"86";"85";"275";"455";"18";"558";"0"
"2023";"05";"200101";"PIURA";"PIURA";"PIURA";"ESSALUD";"II-1";"00010244";"HOSPITAL II JORGE REATEGUI DELGADO";"241400";"HOSPITALIZACIÓN QUIRÚRGICA GINECO - OBSTETRICIA ";"230";"226";"502";"599";"29";"899";"0"
"2023";"05";"200101";"PIURA";"PIURA";"PIURA";"ESSALUD";"II-1";"00010244";"HOSPITAL II JORGE REATEGUI DELGADO";"242300";"HOSPITALIZACIÓN DE PEDIATRÍA  PEDIATRÍA  GENERAL ";"54";"52";"250";"112";"11";"119";"0"
"2023";"05";"200101";"PIURA";"PIURA";"PIURA";"ESSALUD";"II-1";"00010244";"HOSPITAL II JORGE REATEGUI DELGADO";"243200";"HOSPITALIZACIÓN DE PEDIATRÍA PEDIATRIA NEONATOLOGÍA";"165";"164";"317";"352";"5";"377";"0"
"2023";"05";"220801";"SAN MARTIN";"RIOJA";"RIOJA";"ESSALUD";"I-4";"00021003";"CENTRO MEDICO RIOJA - ESSALUD";"241800";"HOSPITALIZACIÓN DE MEDICINA MEDICINA GENERAL ";"35";"32";"98";"96";"4";"124";"0"
"2023";"05";"220801";"SAN MARTIN";"RIOJA";"RIOJA";"ESSALUD";"I-4";"00021003";"CENTRO MEDICO RIOJA - ESSALUD";"240100";"HOSPITALIZACIÓN QUIRÚRGICA CIRUGÍA GENERAL ";"3";"3";"18";"16";"1";"31";"0"
"2023";"05";"220801";"SAN MARTIN";"RIOJA";"RIOJA";"ESSALUD";"I-4";"00021003";"CENTRO MEDICO RIOJA - ESSALUD";"241500";"HOSPITALIZACIÓN QUIRÚRGICA GINECOLOGÍA  ";"2";"2";"7";"7";"1";"31";"0"
"2023";"05";"220801";"SAN MARTIN";"RIOJA";"RIOJA";"ESSALUD";"I-4";"00021003";"CENTRO MEDICO RIOJA - ESSALUD";"241600";"HOSPITALIZACIÓN QUIRÚRGICA OBSTETRICIA   ";"5";"5";"9";"9";"1";"31";"0"
"2023";"05";"220801";"SAN MARTIN";"RIOJA";"RIOJA";"ESSALUD";"I-4";"00021003";"CENTRO MEDICO RIOJA - ESSALUD";"242300";"HOSPITALIZACIÓN DE PEDIATRÍA  PEDIATRÍA  GENERAL ";"17";"17";"31";"31";"1";"31";"0"
"2023";"05";"021903";"ANCASH";"SIHUAS";"ALFONSO UGARTE";"GOBIERNO REGIONAL";"I-1";"00001805";"PUESTO DE SALUD ULLOLLUCO";"NE_0002";"";"NE_0002";"NE_0002";"NE_0002";"NE_0002";"NE_0002";"NE_0002";"NE_0002"
"2023";"05";"120701";"JUNIN";"TARMA";"TARMA";"GOBIERNO REGIONAL";"II-2";"00000520";"DE APOYO FELIX MAYORCA SOTO";"241800";"HOSPITALIZACIÓN DE MEDICINA MEDICINA GENERAL ";"49";"49";"281";"306";"12";"372";"9"
"2023";"05";"120701";"JUNIN";"TARMA";"TARMA";"GOBIERNO REGIONAL";"II-2";"00000520";"DE APOYO FELIX MAYORCA SOTO";"250103";"UNIDAD DE CUIDADOS CRITICOS UNIDAD  DE CUIDADOS INTENSIVOS GENERALES  (UCI) MEDICINA";"5";"5";"30";"37";"4";"124";"3"
"2023";"05";"120701";"JUNIN";"TARMA";"TARMA";"GOBIERNO REGIONAL";"II-2";"00000520";"DE APOYO FELIX MAYORCA SOTO";"240100";"HOSPITALIZACIÓN QUIRÚRGICA CIRUGÍA GENERAL ";"50";"53";"237";"221";"9";"279";"0"
"2023";"05";"120701";"JUNIN";"TARMA";"TARMA";"GOBIERNO REGIONAL";"II-2";"00000520";"DE APOYO FELIX MAYORCA SOTO";"241200";"HOSPITALIZACIÓN QUIRÚRGICA TRAUMATOLOGÍA Y ORTOPEDIA ";"31";"29";"123";"131";"9";"279";"0"
"2023";"05";"120701";"JUNIN";"TARMA";"TARMA";"GOBIERNO REGIONAL";"II-2";"00000520";"DE APOYO FELIX MAYORCA SOTO";"243200";"HOSPITALIZACIÓN DE PEDIATRÍA PEDIATRIA NEONATOLOGÍA";"18";"15";"95";"93";"4";"124";"0"
"2023";"05";"120701";"JUNIN";"TARMA";"TARMA";"GOBIERNO REGIONAL";"II-2";"00000520";"DE APOYO FELIX MAYORCA SOTO";"250105";"UNIDAD DE CUIDADOS CRITICOS UNIDAD  DE CUIDADOS INTENSIVOS  (UCI) NEONATOLOGÍA";"0";"1";"1";"1";"1";"31";"1"
"2023";"05";"120701";"JUNIN";"TARMA";"TARMA";"GOBIERNO REGIONAL";"II-2";"00000520";"DE APOYO FELIX MAYORCA SOTO";"242500";"HOSPITALIZACIÓN-PEDIATRÍA GENERAL-";"22";"23";"119";"138";"6";"186";"0"
"2023";"05";"120701";"JUNIN";"TARMA";"TARMA";"GOBIERNO REGIONAL";"II-2";"00000520";"DE APOYO FELIX MAYORCA SOTO";"241400";"HOSPITALIZACIÓN QUIRÚRGICA GINECO - OBSTETRICIA ";"114";"117";"322";"314";"20";"620";"0"
"2023";"07";"130101";"LA LIBERTAD";"TRUJILLO";"TRUJILLO";"PRIVADO";"II-E";"00029518";"OFTALMOLOGICA CACEDA";"NE_0001";"";"NE_0001";"NE_0001";"NE_0001";"NE_0001";"NE_0001";"NE_0001";"NE_0001"
"2023";"07";"150131";"LIMA";"LIMA";"SAN ISIDRO";"PRIVADO";"II-2";"00012633";"CLINICA JAVIER PRADO";"240100";"HOSPITALIZACIÓN QUIRÚRGICA CIRUGÍA GENERAL ";"154";"156";"350";"487";"56";"1736";"1"
"2023";"07";"150131";"LIMA";"LIMA";"SAN ISIDRO";"PRIVADO";"II-2";"00012633";"CLINICA JAVIER PRADO";"241400";"HOSPITALIZACIÓN QUIRÚRGICA GINECO - OBSTETRICIA ";"58";"56";"130";"210";"16";"496";"0"
"2023";"07";"150131";"LIMA";"LIMA";"SAN ISIDRO";"PRIVADO";"II-2";"00012633";"CLINICA JAVIER PRADO";"241900";"HOSPITALIZACIÓN DE MEDICINA MEDICINA INTERNA ";"173";"166";"609";"630";"58";"1798";"4"
"2023";"07";"150131";"LIMA";"LIMA";"SAN ISIDRO";"PRIVADO";"II-2";"00012633";"CLINICA JAVIER PRADO";"242300";"HOSPITALIZACIÓN DE PEDIATRÍA  PEDIATRÍA  GENERAL ";"80";"85";"220";"274";"44";"1364";"0"
"2023";"07";"140101";"LAMBAYEQUE";"CHICLAYO";"CHICLAYO";"ESSALUD";"III-1";"00008577";"HOSPITAL NACIONAL ALMANZOR AGUINAGA ASENJO";"244400";"HOSPITALIZACIÓN DE MEDICINA GERIATRIA ";"36";"46";"684";"607";"20";"611";"8"
"2023";"07";"140101";"LAMBAYEQUE";"CHICLAYO";"CHICLAYO";"ESSALUD";"III-1";"00008577";"HOSPITAL NACIONAL ALMANZOR AGUINAGA ASENJO";"241500";"HOSPITALIZACIÓN QUIRÚRGICA GINECOLOGÍA  ";"128";"140";"412";"364";"12";"395";"0"
"2023";"07";"140101";"LAMBAYEQUE";"CHICLAYO";"CHICLAYO";"ESSALUD";"III-1";"00008577";"HOSPITAL NACIONAL ALMANZOR AGUINAGA ASENJO";"244500";"HOSPITALIZACIÓN DE MEDICINA HEMATOLOGÍA ";"18";"25";"603";"570";"19";"602";"1"
"2023";"07";"140101";"LAMBAYEQUE";"CHICLAYO";"CHICLAYO";"ESSALUD";"III-1";"00008577";"HOSPITAL NACIONAL ALMANZOR AGUINAGA ASENJO";"241900";"HOSPITALIZACIÓN DE MEDICINA MEDICINA INTERNA ";"35";"57";"823";"977";"29";"977";"4"
"2023";"07";"140101";"LAMBAYEQUE";"CHICLAYO";"CHICLAYO";"ESSALUD";"III-1";"00008577";"HOSPITAL NACIONAL ALMANZOR AGUINAGA ASENJO";"244600";"HOSPITALIZACIÓN DE MEDICINA NEFROLOGIA ";"22";"27";"168";"152";"10";"229";"0"
"2023";"07";"140101";"LAMBAYEQUE";"CHICLAYO";"CHICLAYO";"ESSALUD";"III-1";"00008577";"HOSPITAL NACIONAL ALMANZOR AGUINAGA ASENJO";"243200";"HOSPITALIZACIÓN DE PEDIATRÍA PEDIATRIA NEONATOLOGÍA";"121";"67";"743";"743";"18";"743";"3"
"2023";"07";"140101";"LAMBAYEQUE";"CHICLAYO";"CHICLAYO";"ESSALUD";"III-1";"00008577";"HOSPITAL NACIONAL ALMANZOR AGUINAGA ASENJO";"245300";"HOSPITALIZACIÓN DE MEDICINA NEUMOLOGÍA  ";"11";"19";"235";"277";"10";"311";"4"
"2023";"07";"140101";"LAMBAYEQUE";"CHICLAYO";"CHICLAYO";"ESSALUD";"III-1";"00008577";"HOSPITAL NACIONAL ALMANZOR AGUINAGA ASENJO";"240900";"HOSPITALIZACIÓN QUIRÚRGICA NEUROCIRUGÍA ";"19";"34";"489";"468";"17";"469";"2"
"2023";"07";"140101";"LAMBAYEQUE";"CHICLAYO";"CHICLAYO";"ESSALUD";"III-1";"00008577";"HOSPITAL NACIONAL ALMANZOR AGUINAGA ASENJO";"244700";"HOSPITALIZACIÓN DE MEDICINA NEUROLOGIA  ";"21";"35";"428";"417";"14";"436";"1"
"2023";"07";"140101";"LAMBAYEQUE";"CHICLAYO";"CHICLAYO";"ESSALUD";"III-1";"00008577";"HOSPITAL NACIONAL ALMANZOR AGUINAGA ASENJO";"241600";"HOSPITALIZACIÓN QUIRÚRGICA OBSTETRICIA   ";"150";"176";"734";"626";"25";"754";"0"
"2023";"07";"140101";"LAMBAYEQUE";"CHICLAYO";"CHICLAYO";"ESSALUD";"III-1";"00008577";"HOSPITAL NACIONAL ALMANZOR AGUINAGA ASENJO";"240600";"HOSPITALIZACIÓN QUIRÚRGICA CIRUGÍA OFTALMOLÓGICA ";"0";"4";"187";"111";"2";"111";"0"
"2023";"07";"140101";"LAMBAYEQUE";"CHICLAYO";"CHICLAYO";"ESSALUD";"III-1";"00008577";"HOSPITAL NACIONAL ALMANZOR AGUINAGA ASENJO";"242100";"HOSPITALIZACIÓN DE MEDICINA ONCOLOGÍA MÉDICA ";"94";"109";"433";"436";"15";"453";"0"
"2023";"07";"140101";"LAMBAYEQUE";"CHICLAYO";"CHICLAYO";"ESSALUD";"III-1";"00008577";"HOSPITAL NACIONAL ALMANZOR AGUINAGA ASENJO";"241200";"HOSPITALIZACIÓN QUIRÚRGICA TRAUMATOLOGÍA Y ORTOPEDIA ";"63";"88";"886";"910";"30";"923";"1"
"2023";"07";"140101";"LAMBAYEQUE";"CHICLAYO";"CHICLAYO";"ESSALUD";"III-1";"00008577";"HOSPITAL NACIONAL ALMANZOR AGUINAGA ASENJO";"241100";"HOSPITALIZACIÓN QUIRÚRGICA OTORRINOLARINGOLOGÍA  ";"18";"21";"62";"56";"5";"81";"0"
"2023";"07";"140101";"LAMBAYEQUE";"CHICLAYO";"CHICLAYO";"ESSALUD";"III-1";"00008577";"HOSPITAL NACIONAL ALMANZOR AGUINAGA ASENJO";"242300";"HOSPITALIZACIÓN DE PEDIATRÍA  PEDIATRÍA  GENERAL ";"40";"57";"685";"593";"20";"654";"0"
"2023";"07";"140101";"LAMBAYEQUE";"CHICLAYO";"CHICLAYO";"ESSALUD";"III-1";"00008577";"HOSPITAL NACIONAL ALMANZOR AGUINAGA ASENJO";"242200";"HOSPITALIZACIÓN DE MEDICINA PSIQUIATRÍA ";"9";"11";"192";"239";"16";"496";"0"
"2023";"07";"140101";"LAMBAYEQUE";"CHICLAYO";"CHICLAYO";"ESSALUD";"III-1";"00008577";"HOSPITAL NACIONAL ALMANZOR AGUINAGA ASENJO";"241300";"HOSPITALIZACIÓN QUIRÚRGICA UROLOGÍA  ";"27";"33";"227";"208";"16";"245";"0"
"2023";"07";"140101";"LAMBAYEQUE";"CHICLAYO";"CHICLAYO";"ESSALUD";"III-1";"00008577";"HOSPITAL NACIONAL ALMANZOR AGUINAGA ASENJO";"250100";"UNIDAD DE CUIDADOS CRITICOS UNIDAD  DE CUIDADOS INTENSIVOS GENERALES (UCI) ";"20";"17";"149";"509";"38";"651";"18"
"2023";"07";"140101";"LAMBAYEQUE";"CHICLAYO";"CHICLAYO";"ESSALUD";"III-1";"00008577";"HOSPITAL NACIONAL ALMANZOR AGUINAGA ASENJO";"250200";"UNIDAD DE CUIDADOS CRITICOS UNIDAD DE CUIDADOS INTERMEDIOS GENERAL  (UCIN) ";"1";"7";"207";"401";"13";"403";"5"
"2023";"07";"140101";"LAMBAYEQUE";"CHICLAYO";"CHICLAYO";"ESSALUD";"III-1";"00008577";"HOSPITAL NACIONAL ALMANZOR AGUINAGA ASENJO";"250300";"UNIDAD DE CUIDADOS CRITICOS UNIDAD DE VIGILANCIA INTENSIVA  CLINICA (UVIC) ";"13";"13";"84";"72";"4";"124";"1"
"2023";"07";"110101";"ICA";"ICA";"ICA";"GOBIERNO REGIONAL";"I-2";"00003385";"SAN MARTIN DE PORRAS";"NE_0001";"";"NE_0001";"NE_0001";"NE_0001";"NE_0001";"NE_0001";"NE_0001";"NE_0001"
"2023";"07";"110110";"ICA";"ICA";"SAN JUAN BAUTISTA";"MINSA";"I-2";"00003387";"CAMINO DE REYES";"NE_0001";"";"NE_0001";"NE_0001";"NE_0001";"NE_0001";"NE_0001";"NE_0001";"NE_0001"
"2023";"07";"110110";"ICA";"ICA";"SAN JUAN BAUTISTA";"GOBIERNO REGIONAL";"I-3";"00003364";"SAN JUAN BAUTISTA";"NE_0001";"";"NE_0001";"NE_0001";"NE_0001";"NE_0001";"NE_0001";"NE_0001";"NE_0001"
"2023";"07";"110112";"ICA";"ICA";"SUBTANJALLA";"MINSA";"I-3";"00003381";"FONAVI IV";"NE_0001";"";"NE_0001";"NE_0001";"NE_0001";"NE_0001";"NE_0001";"NE_0001";"NE_0001"
"2023";"07";"110110";"ICA";"ICA";"SAN JUAN BAUTISTA";"GOBIERNO REGIONAL";"I-3";"00003386";"EL CARMEN-OLIVO";"NE_0001";"";"NE_0001";"NE_0001";"NE_0001";"NE_0001";"NE_0001";"NE_0001";"NE_0001"
"2023";"07";"150101";"LIMA";"LIMA";"LIMA";"PRIVADO";"II-1";"00011087";"CLINICA LA LUZ S.A.C.";"240000";"HOSPITALIZACIÓN";"98";"93";"100";"148";"9";"350";"0"
"2023";"07";"220401";"SAN MARTIN";"HUALLAGA";"SAPOSOA";"GOBIERNO REGIONAL";"I-1";"00006534";"SAN ANDRES";"NE_0001";"";"NE_0001";"NE_0001";"NE_0001";"NE_0001";"NE_0001";"NE_0001";"NE_0001"
"2023";"07";"220401";"SAN MARTIN";"HUALLAGA";"SAPOSOA";"GOBIERNO REGIONAL";"I-1";"00006535";"SAN REGIS";"NE_0001";"";"NE_0001";"NE_0001";"NE_0001";"NE_0001";"NE_0001";"NE_0001";"NE_0001"
"2023";"07";"220402";"SAN MARTIN";"HUALLAGA";"ALTO SAPOSOA";"GOBIERNO REGIONAL";"I-1";"00006540";"NUEVA VIDA";"NE_0001";"";"NE_0001";"NE_0001";"NE_0001";"NE_0001";"NE_0001";"NE_0001";"NE_0001"
"2023";"07";"220401";"SAN MARTIN";"HUALLAGA";"SAPOSOA";"GOBIERNO REGIONAL";"I-1";"00006531";"ALMENDRAS";"NE_0001";"";"NE_0001";"NE_0001";"NE_0001";"NE_0001";"NE_0001";"NE_0001";"NE_0001"
"2023";"07";"220404";"SAN MARTIN";"HUALLAGA";"PISCOYACU";"GOBIERNO REGIONAL";"I-1";"00006533";"PISCOYACU";"NE_0001";"";"NE_0001";"NE_0001";"NE_0001";"NE_0001";"NE_0001";"NE_0001";"NE_0001"
"2023";"07";"220401";"SAN MARTIN";"HUALLAGA";"SAPOSOA";"GOBIERNO REGIONAL";"I-1";"00021587";"ALTO PACHIZA";"NE_0001";"";"NE_0001";"NE_0001";"NE_0001";"NE_0001";"NE_0001";"NE_0001";"NE_0001"
"2023";"07";"220401";"SAN MARTIN";"HUALLAGA";"SAPOSOA";"GOBIERNO REGIONAL";"I-1";"00006532";"PALTAICO";"NE_0001";"";"NE_0001";"NE_0001";"NE_0001";"NE_0001";"NE_0001";"NE_0001";"NE_0001"
"2023";"07";"220401";"SAN MARTIN";"HUALLAGA";"SAPOSOA";"GOBIERNO REGIONAL";"I-1";"00006530";"7 DE JUNIO-AHUIHUA";"NE_0001";"";"NE_0001";"NE_0001";"NE_0001";"NE_0001";"NE_0001";"NE_0001";"NE_0001"
"2023";"07";"220402";"SAN MARTIN";"HUALLAGA";"ALTO SAPOSOA";"GOBIERNO REGIONAL";"I-1";"00006541";"YACUSISA";"NE_0001";"";"NE_0001";"NE_0001";"NE_0001";"NE_0001";"NE_0001";"NE_0001";"NE_0001"
"2023";"07";"220401";"SAN MARTIN";"HUALLAGA";"SAPOSOA";"GOBIERNO REGIONAL";"I-3";"00006538";"EL DORADO";"241600";"HOSPITALIZACIÓN QUIRÚRGICA OBSTETRICIA   ";"2";"2";"2";"10";"4";"30";"0"
"2023";"07";"220401";"SAN MARTIN";"HUALLAGA";"SAPOSOA";"GOBIERNO REGIONAL";"I-1";"00006536";"INTIYACU";"NE_0001";"";"NE_0001";"NE_0001";"NE_0001";"NE_0001";"NE_0001";"NE_0001";"NE_0001"
"2023";"07";"220401";"SAN MARTIN";"HUALLAGA";"SAPOSOA";"GOBIERNO REGIONAL";"I-1";"00006537";"CHAMBIRA";"NE_0001";"";"NE_0001";"NE_0001";"NE_0001";"NE_0001";"NE_0001";"NE_0001";"NE_0001"
"2023";"07";"220402";"SAN MARTIN";"HUALLAGA";"ALTO SAPOSOA";"GOBIERNO REGIONAL";"I-2";"00006539";"PASARRAYA";"NE_0001";"";"NE_0001";"NE_0001";"NE_0001";"NE_0001";"NE_0001";"NE_0001";"NE_0001"
"2023";"07";"220401";"SAN MARTIN";"HUALLAGA";"SAPOSOA";"GOBIERNO REGIONAL";"I-1";"00026163";"AGUA AZUL";"NE_0001";"";"NE_0001";"NE_0001";"NE_0001";"NE_0001";"NE_0001";"NE_0001";"NE_0001"
"2023";"07";"100105";"HUANUCO";"HUANUCO";"MARGOS";"GOBIERNO REGIONAL";"I-3";"00000797";"MARGOS";"NE_0001";"";"NE_0001";"NE_0001";"NE_0001";"NE_0001";"NE_0001";"NE_0001";"NE_0001"
"2023";"07";"100105";"HUANUCO";"HUANUCO";"MARGOS";"GOBIERNO REGIONAL";"I-1";"00000798";"JESUS DE NAZARETH DE COCHAS";"NE_0001";"";"NE_0001";"NE_0001";"NE_0001";"NE_0001";"NE_0001";"NE_0001";"NE_0001"
"2023";"07";"100105";"HUANUCO";"HUANUCO";"MARGOS";"GOBIERNO REGIONAL";"I-1";"00000799";"SAN FRANCISCO DE LLAMAPASHILLUM";"NE_0001";"";"NE_0001";"NE_0001";"NE_0001";"NE_0001";"NE_0001";"NE_0001";"NE_0001"
"2023";"07";"100105";"HUANUCO";"HUANUCO";"MARGOS";"GOBIERNO REGIONAL";"I-1";"00000800";"PACAYHUA";"NE_0001";"";"NE_0001";"NE_0001";"NE_0001";"NE_0001";"NE_0001";"NE_0001";"NE_0001"
"2023";"07";"220401";"SAN MARTIN";"HUALLAGA";"SAPOSOA";"GOBIERNO REGIONAL";"I-1";"00006534";"SAN ANDRES";"NE_0001";"";"NE_0001";"NE_0001";"NE_0001";"NE_0001";"NE_0001";"NE_0001";"NE_0001"
"2023";"07";"220401";"SAN MARTIN";"HUALLAGA";"SAPOSOA";"GOBIERNO REGIONAL";"I-1";"00006535";"SAN REGIS";"NE_0001";"";"NE_0001";"NE_0001";"NE_0001";"NE_0001";"NE_0001";"NE_0001";"NE_0001"
"2023";"07";"220402";"SAN MARTIN";"HUALLAGA";"ALTO SAPOSOA";"GOBIERNO REGIONAL";"I-1";"00006540";"NUEVA VIDA";"NE_0001";"";"NE_0001";"NE_0001";"NE_0001";"NE_0001";"NE_0001";"NE_0001";"NE_0001"
"2023";"07";"220401";"SAN MARTIN";"HUALLAGA";"SAPOSOA";"GOBIERNO REGIONAL";"I-1";"00006531";"ALMENDRAS";"NE_0001";"";"NE_0001";"NE_0001";"NE_0001";"NE_0001";"NE_0001";"NE_0001";"NE_0001"
"2023";"07";"220404";"SAN MARTIN";"HUALLAGA";"PISCOYACU";"GOBIERNO REGIONAL";"I-1";"00006533";"PISCOYACU";"NE_0001";"";"NE_0001";"NE_0001";"NE_0001";"NE_0001";"NE_0001";"NE_0001";"NE_0001"
"2023";"07";"220401";"SAN MARTIN";"HUALLAGA";"SAPOSOA";"GOBIERNO REGIONAL";"I-1";"00021587";"ALTO PACHIZA";"NE_0001";"";"NE_0001";"NE_0001";"NE_0001";"NE_0001";"NE_0001";"NE_0001";"NE_0001"
"2023";"07";"220401";"SAN MARTIN";"HUALLAGA";"SAPOSOA";"GOBIERNO REGIONAL";"I-1";"00006532";"PALTAICO";"NE_0001";"";"NE_0001";"NE_0001";"NE_0001";"NE_0001";"NE_0001";"NE_0001";"NE_0001"
"2023";"07";"220401";"SAN MARTIN";"HUALLAGA";"SAPOSOA";"GOBIERNO REGIONAL";"I-1";"00006530";"7 DE JUNIO-AHUIHUA";"NE_0001";"";"NE_0001";"NE_0001";"NE_0001";"NE_0001";"NE_0001";"NE_0001";"NE_0001"
"2023";"07";"220402";"SAN MARTIN";"HUALLAGA";"ALTO SAPOSOA";"GOBIERNO REGIONAL";"I-1";"00006541";"YACUSISA";"NE_0001";"";"NE_0001";"NE_0001";"NE_0001";"NE_0001";"NE_0001";"NE_0001";"NE_0001"
"2023";"07";"220401";"SAN MARTIN";"HUALLAGA";"SAPOSOA";"GOBIERNO REGIONAL";"I-3";"00006538";"EL DORADO";"241600";"HOSPITALIZACIÓN QUIRÚRGICA OBSTETRICIA   ";"2";"2";"2";"10";"4";"30";"0"
"2023";"07";"220401";"SAN MARTIN";"HUALLAGA";"SAPOSOA";"GOBIERNO REGIONAL";"I-1";"00006536";"INTIYACU";"NE_0001";"";"NE_0001";"NE_0001";"NE_0001";"NE_0001";"NE_0001";"NE_0001";"NE_0001"
"2023";"07";"140101";"LAMBAYEQUE";"CHICLAYO";"CHICLAYO";"PRIVADO";"II-E";"00030057";"CLINICAS AUNAS SEDE CHICLAYO";"240000";"HOSPITALIZACIÓN";"245";"199";"727";"919";"41";"1271";"2"
"2023";"07";"140101";"LAMBAYEQUE";"CHICLAYO";"CHICLAYO";"PRIVADO";"II-E";"00030057";"CLINICAS AUNAS SEDE CHICLAYO";"250100";"UNIDAD DE CUIDADOS CRITICOS UNIDAD  DE CUIDADOS INTENSIVOS GENERALES (UCI) ";"5";"2";"3";"16";"6";"186";"1"
"2023";"04";"040804";"AREQUIPA";"LA UNION";"HUAYNACOTAS";"GOBIERNO REGIONAL";"I-2";"00007265";"PUESTO DE SALUD HUARCAYA";"NE_0001";"";"NE_0001";"NE_0001";"NE_0001";"NE_0001";"NE_0001";"NE_0001";"NE_0001"
"2023";"04";"040806";"AREQUIPA";"LA UNION";"PUYCA";"GOBIERNO REGIONAL";"I-2";"00001471";"PUESTO DE SALUD CHURCA";"NE_0001";"";"NE_0001";"NE_0001";"NE_0001";"NE_0001";"NE_0001";"NE_0001";"NE_0001"
"2023";"04";"040806";"AREQUIPA";"LA UNION";"PUYCA";"GOBIERNO REGIONAL";"I-2";"00001465";"PUESTO DE SALUD PUYCA";"NE_0001";"";"NE_0001";"NE_0001";"NE_0001";"NE_0001";"NE_0001";"NE_0001";"NE_0001"
"2023";"04";"040802";"AREQUIPA";"LA UNION";"ALCA";"MINSA";"I-3";"00001464";"CENTRO DE SALUD ALCA";"NE_0001";"";"NE_0001";"NE_0001";"NE_0001";"NE_0001";"NE_0001";"NE_0001";"NE_0001"
"2023";"04";"040804";"AREQUIPA";"LA UNION";"HUAYNACOTAS";"MINSA";"I-2";"00001463";"PUESTO DE SALUD HUAYNACOTAS";"NE_0001";"";"NE_0001";"NE_0001";"NE_0001";"NE_0001";"NE_0001";"NE_0001";"NE_0001"
"2023";"04";"040804";"AREQUIPA";"LA UNION";"HUAYNACOTAS";"GOBIERNO REGIONAL";"I-2";"00001461";"PUESTO DE SALUD TAURISMA";"NE_0001";"";"NE_0001";"NE_0001";"NE_0001";"NE_0001";"NE_0001";"NE_0001";"NE_0001"
"2023";"07";"210601";"PUNO";"HUANCANE";"HUANCANE";"GOBIERNO REGIONAL";"II-1";"00003068";"HOSPITAL LUCIO ALDAZABAL PAUCA";"240100";"HOSPITALIZACIÓN QUIRÚRGICA CIRUGÍA GENERAL ";"22";"22";"53";"53";"4";"124";"1"
"2023";"07";"210601";"PUNO";"HUANCANE";"HUANCANE";"GOBIERNO REGIONAL";"II-1";"00003068";"HOSPITAL LUCIO ALDAZABAL PAUCA";"241500";"HOSPITALIZACIÓN QUIRÚRGICA GINECOLOGÍA  ";"33";"33";"79";"79";"4";"124";"0"
"2023";"07";"210601";"PUNO";"HUANCANE";"HUANCANE";"GOBIERNO REGIONAL";"II-1";"00003068";"HOSPITAL LUCIO ALDAZABAL PAUCA";"241600";"HOSPITALIZACIÓN QUIRÚRGICA OBSTETRICIA   ";"21";"21";"66";"66";"5";"155";"0"
"2023";"07";"210601";"PUNO";"HUANCANE";"HUANCANE";"GOBIERNO REGIONAL";"II-1";"00003068";"HOSPITAL LUCIO ALDAZABAL PAUCA";"241800";"HOSPITALIZACIÓN DE MEDICINA MEDICINA GENERAL ";"18";"18";"11";"22";"10";"310";"3"
"2023";"07";"210601";"PUNO";"HUANCANE";"HUANCANE";"GOBIERNO REGIONAL";"II-1";"00003068";"HOSPITAL LUCIO ALDAZABAL PAUCA";"242500";"HOSPITALIZACIÓN-PEDIATRÍA GENERAL-";"11";"11";"44";"44";"5";"155";"0"
"2023";"07";"210601";"PUNO";"HUANCANE";"HUANCANE";"GOBIERNO REGIONAL";"II-1";"00003068";"HOSPITAL LUCIO ALDAZABAL PAUCA";"243200";"HOSPITALIZACIÓN DE PEDIATRÍA PEDIATRIA NEONATOLOGÍA";"3";"3";"10";"10";"3";"93";"0"
"2023";"07";"130101";"LA LIBERTAD";"TRUJILLO";"TRUJILLO";"PRIVADO";"II-E";"00021475";"DE LA BELLEZA";"NE_0001";"";"NE_0001";"NE_0001";"NE_0001";"NE_0001";"NE_0001";"NE_0001";"NE_0001"
"2023";"07";"040103";"AREQUIPA";"AREQUIPA";"CAYMA";"GOBIERNO REGIONAL";"I-2";"00001244";"PUESTO DE SALUD LA TOMILLA";"NE_0001";"";"NE_0001";"NE_0001";"NE_0001";"NE_0001";"NE_0001";"NE_0001";"NE_0001"
"2023";"07";"040103";"AREQUIPA";"AREQUIPA";"CAYMA";"GOBIERNO REGIONAL";"I-3";"00001234";"CENTRO DE SALUD FRANCISCO BOLOGNESI";"NE_0001";"";"NE_0001";"NE_0001";"NE_0001";"NE_0001";"NE_0001";"NE_0001";"NE_0001"
"2023";"07";"040103";"AREQUIPA";"AREQUIPA";"CAYMA";"GOBIERNO REGIONAL";"I-3";"00006890";"PUESTO DE SALUD RAFAEL BELAUNDE";"NE_0001";"";"NE_0001";"NE_0001";"NE_0001";"NE_0001";"NE_0001";"NE_0001";"NE_0001"
"2023";"07";"040103";"AREQUIPA";"AREQUIPA";"CAYMA";"GOBIERNO REGIONAL";"I-3";"00027464";"CENTRO DE SALUD MENTAL COMUNITARIO CAYMA";"NE_0001";"";"NE_0001";"NE_0001";"NE_0001";"NE_0001";"NE_0001";"NE_0001";"NE_0001"
"2023";"07";"040104";"AREQUIPA";"AREQUIPA";"CERRO COLORADO";"PRIVADO";"II-1";"00027214";"CLINICA SAN PABLO AREQUIPA";"240000";"HOSPITALIZACIÓN";"186";"182";"629";"782";"60";"1860";"0"
"2023";"04";"120807";"JUNIN";"YAULI";"SANTA BARBARA DE CARHUACAYAN";"GOBIERNO REGIONAL";"I-1";"00000565";"SANTA BARBARA DE CARHUACAYAN";"NE_0001";"";"NE_0001";"NE_0001";"NE_0001";"NE_0001";"NE_0001";"NE_0001";"NE_0001"
"2023";"04";"120708";"JUNIN";"TARMA";"SAN PEDRO DE CAJAS";"GOBIERNO REGIONAL";"I-1";"00000558";"ACANCOCHA";"NE_0001";"";"NE_0001";"NE_0001";"NE_0001";"NE_0001";"NE_0001";"NE_0001";"NE_0001"
"2023";"04";"120708";"JUNIN";"TARMA";"SAN PEDRO DE CAJAS";"GOBIERNO REGIONAL";"I-1";"00000557";"YANEC";"NE_0001";"";"NE_0001";"NE_0001";"NE_0001";"NE_0001";"NE_0001";"NE_0001";"NE_0001"
"2023";"04";"120708";"JUNIN";"TARMA";"SAN PEDRO DE CAJAS";"GOBIERNO REGIONAL";"I-1";"00000556";"CHUPAN";"NE_0001";"";"NE_0001";"NE_0001";"NE_0001";"NE_0001";"NE_0001";"NE_0001";"NE_0001"
"2023";"04";"120504";"JUNIN";"JUNIN";"ULCUMAYO";"GOBIERNO REGIONAL";"I-1";"00000555";"RAYANNIOC";"NE_0001";"";"NE_0001";"NE_0001";"NE_0001";"NE_0001";"NE_0001";"NE_0001";"NE_0001"
"2023";"04";"120504";"JUNIN";"JUNIN";"ULCUMAYO";"GOBIERNO REGIONAL";"I-1";"00000554";"SHALACANCHA";"NE_0001";"";"NE_0001";"NE_0001";"NE_0001";"NE_0001";"NE_0001";"NE_0001";"NE_0001"
"2023";"04";"120503";"JUNIN";"JUNIN";"ONDORES";"GOBIERNO REGIONAL";"I-1";"00000553";"ATOCSAICO";"NE_0001";"";"NE_0001";"NE_0001";"NE_0001";"NE_0001";"NE_0001";"NE_0001";"NE_0001"
"2023";"04";"120503";"JUNIN";"JUNIN";"ONDORES";"GOBIERNO REGIONAL";"I-1";"00000552";"PARI";"NE_0001";"";"NE_0001";"NE_0001";"NE_0001";"NE_0001";"NE_0001";"NE_0001";"NE_0001"
"2023";"04";"120503";"JUNIN";"JUNIN";"ONDORES";"GOBIERNO REGIONAL";"I-3";"00000551";"ONDORES";"NE_0001";"";"NE_0001";"NE_0001";"NE_0001";"NE_0001";"NE_0001";"NE_0001";"NE_0001"
"2023";"04";"120501";"JUNIN";"JUNIN";"JUNIN";"GOBIERNO REGIONAL";"I-1";"00000550";"SASICUCHO";"NE_0001";"";"NE_0001";"NE_0001";"NE_0001";"NE_0001";"NE_0001";"NE_0001";"NE_0001"
"2023";"03";"060101";"CAJAMARCA";"CAJAMARCA";"CAJAMARCA";"PRIVADO";"I-3";"00024687";"MEDITRAN PERU";"NE_0001";"";"NE_0001";"NE_0001";"NE_0001";"NE_0001";"NE_0001";"NE_0001";"NE_0001"
"2023";"07";"080605";"CUSCO";"CANCHIS";"PITUMARCA";"GOBIERNO REGIONAL";"I-1";"00002393";"PHINAYA";"NE_0001";"";"NE_0001";"NE_0001";"NE_0001";"NE_0001";"NE_0001";"NE_0001";"NE_0001"
"2023";"07";"080601";"CUSCO";"CANCHIS";"SICUANI";"GOBIERNO REGIONAL";"I-2";"00002381";"QUEHUAR";"NE_0001";"";"NE_0001";"NE_0001";"NE_0001";"NE_0001";"NE_0001";"NE_0001";"NE_0001"
"2023";"07";"080606";"CUSCO";"CANCHIS";"SAN PABLO";"GOBIERNO REGIONAL";"I-2";"00002394";"SAN PABLO CANCHIS";"NE_0001";"";"NE_0001";"NE_0001";"NE_0001";"NE_0001";"NE_0001";"NE_0001";"NE_0001"
"2023";"07";"080606";"CUSCO";"CANCHIS";"SAN PABLO";"GOBIERNO REGIONAL";"I-2";"00002395";"SANTA BARBARA";"NE_0001";"";"NE_0001";"NE_0001";"NE_0001";"NE_0001";"NE_0001";"NE_0001";"NE_0001"
"2023";"07";"080601";"CUSCO";"CANCHIS";"SICUANI";"GOBIERNO REGIONAL";"I-1";"00002382";"UZCUPATA";"NE_0001";"";"NE_0001";"NE_0001";"NE_0001";"NE_0001";"NE_0001";"NE_0001";"NE_0001"
"2023";"07";"080601";"CUSCO";"CANCHIS";"SICUANI";"GOBIERNO REGIONAL";"I-3";"00002384";"PAMPAPHALLA";"NE_0001";"";"NE_0001";"NE_0001";"NE_0001";"NE_0001";"NE_0001";"NE_0001";"NE_0001"
"2023";"07";"080601";"CUSCO";"CANCHIS";"SICUANI";"GOBIERNO REGIONAL";"I-2";"00026387";"MENTAL COMUNITARIO SICUANI";"NE_0001";"";"NE_0001";"NE_0001";"NE_0001";"NE_0001";"NE_0001";"NE_0001";"NE_0001"
"2023";"07";"080601";"CUSCO";"CANCHIS";"SICUANI";"GOBIERNO REGIONAL";"I-2";"00002383";"LA FLORIDA";"NE_0001";"";"NE_0001";"NE_0001";"NE_0001";"NE_0001";"NE_0001";"NE_0001";"NE_0001"
"2023";"07";"080607";"CUSCO";"CANCHIS";"SAN PEDRO";"GOBIERNO REGIONAL";"I-2";"00002396";"SAN PEDRO CANCHIS";"NE_0001";"";"NE_0001";"NE_0001";"NE_0001";"NE_0001";"NE_0001";"NE_0001";"NE_0001"
"2023";"08";"080108";"CUSCO";"CUSCO";"WANCHAQ";"PRIVADO";"II-2";"00012161";"MACSALUD";"250103";"UNIDAD DE CUIDADOS CRITICOS UNIDAD  DE CUIDADOS INTENSIVOS GENERALES  (UCI) MEDICINA";"3";"7";"127";"31";"6";"180";"0"
"2023";"08";"080108";"CUSCO";"CUSCO";"WANCHAQ";"PRIVADO";"II-2";"00012161";"MACSALUD";"241800";"HOSPITALIZACIÓN DE MEDICINA MEDICINA GENERAL ";"57";"61";"199";"247";"15";"450";"1"
"2023";"08";"080108";"CUSCO";"CUSCO";"WANCHAQ";"PRIVADO";"II-2";"00012161";"MACSALUD";"240100";"HOSPITALIZACIÓN QUIRÚRGICA CIRUGÍA GENERAL ";"126";"136";"309";"365";"15";"450";"0"
"2023";"08";"080108";"CUSCO";"CUSCO";"WANCHAQ";"PRIVADO";"II-2";"00012161";"MACSALUD";"241400";"HOSPITALIZACIÓN QUIRÚRGICA GINECO - OBSTETRICIA ";"84";"81";"83";"236";"8";"240";"0"
"2023";"08";"240103";"TUMBES";"TUMBES";"LA CRUZ";"ESSALUD";"I-2";"00012274";"POSTA MEDICA LA CRUZ";"NE_0001";"";"NE_0001";"NE_0001";"NE_0001";"NE_0001";"NE_0001";"NE_0001";"NE_0001"
"2023";"08";"070101";"CALLAO";"CALLAO";"CALLAO";"PRIVADO";"II-2";"00018319";"HOSPITAL ALBERTO LEONARDO BARTON THOMPSON";"242300";"HOSPITALIZACIÓN DE PEDIATRÍA  PEDIATRÍA  GENERAL ";"103";"126";"487";"486";"33";"1023";"0"
"2023";"08";"070101";"CALLAO";"CALLAO";"CALLAO";"PRIVADO";"II-2";"00018319";"HOSPITAL ALBERTO LEONARDO BARTON THOMPSON";"250100";"UNIDAD DE CUIDADOS CRITICOS UNIDAD  DE CUIDADOS INTENSIVOS GENERALES (UCI) ";"15";"20";"245";"329";"17";"527";"17"
"2023";"08";"070101";"CALLAO";"CALLAO";"CALLAO";"PRIVADO";"II-2";"00018319";"HOSPITAL ALBERTO LEONARDO BARTON THOMPSON";"250200";"UNIDAD DE CUIDADOS CRITICOS UNIDAD DE CUIDADOS INTERMEDIOS GENERAL  (UCIN) ";"20";"15";"121";"310";"25";"775";"2"
"2023";"08";"120606";"JUNIN";"SATIPO";"PANGOA";"GOBIERNO REGIONAL";"I-1";"00021797";"SAN JERONIMO";"NE_0001";"";"NE_0001";"NE_0001";"NE_0001";"NE_0001";"NE_0001";"NE_0001";"NE_0001"
"2023";"08";"120606";"JUNIN";"SATIPO";"PANGOA";"GOBIERNO REGIONAL";"I-1";"00021800";"LOS ÁNGELES DE EDEN";"NE_0001";"";"NE_0001";"NE_0001";"NE_0001";"NE_0001";"NE_0001";"NE_0001";"NE_0001"
"2023";"08";"120606";"JUNIN";"SATIPO";"PANGOA";"GOBIERNO REGIONAL";"I-1";"00021814";"CENTRO SAURENI";"NE_0001";"";"NE_0001";"NE_0001";"NE_0001";"NE_0001";"NE_0001";"NE_0001";"NE_0001"
"2023";"08";"120606";"JUNIN";"SATIPO";"PANGOA";"GOBIERNO REGIONAL";"I-3";"00000445";"SAN ANTONIO DE SONOMORO";"NE_0001";"";"NE_0001";"NE_0001";"NE_0001";"NE_0001";"NE_0001";"NE_0001";"NE_0001"
"2023";"08";"120606";"JUNIN";"SATIPO";"PANGOA";"GOBIERNO REGIONAL";"I-2";"00000448";"NAYLAM DE SONOMORO";"NE_0001";"";"NE_0001";"NE_0001";"NE_0001";"NE_0001";"NE_0001";"NE_0001";"NE_0001"
"2023";"08";"120606";"JUNIN";"SATIPO";"PANGOA";"GOBIERNO REGIONAL";"I-1";"00011138";"SANTA ELENA";"NE_0001";"";"NE_0001";"NE_0001";"NE_0001";"NE_0001";"NE_0001";"NE_0001";"NE_0001"
"2023";"08";"120606";"JUNIN";"SATIPO";"PANGOA";"GOBIERNO REGIONAL";"I-1";"00021803";"LOS MANANTIALES";"NE_0001";"";"NE_0001";"NE_0001";"NE_0001";"NE_0001";"NE_0001";"NE_0001";"NE_0001"
"2023";"08";"120606";"JUNIN";"SATIPO";"PANGOA";"GOBIERNO REGIONAL";"I-2";"00006880";"CIUDAD DE DIOS";"NE_0001";"";"NE_0001";"NE_0001";"NE_0001";"NE_0001";"NE_0001";"NE_0001";"NE_0001"
"2023";"08";"040104";"AREQUIPA";"AREQUIPA";"CERRO COLORADO";"GOBIERNO REGIONAL";"I-3";"00001236";"CENTRO DE SALUD CERRO COLORADO";"NE_0001";"";"NE_0001";"NE_0001";"NE_0001";"NE_0001";"NE_0001";"NE_0001";"NE_0001"
"2023";"08";"200101";"PIURA";"PIURA";"PIURA";"PRIVADO";"II-1";"00018310";"SANNA - CLINICA BELEN";"250100";"UNIDAD DE CUIDADOS CRITICOS UNIDAD  DE CUIDADOS INTENSIVOS GENERALES (UCI) ";"8";"6";"23";"43";"5";"155";"0"
"2023";"08";"021905";"ANCASH";"SIHUAS";"CHINGALPO";"GOBIERNO REGIONAL";"I-1";"00001754";"PUESTO DE SALUD SAN MIGUEL";"NE_0002";"";"NE_0002";"NE_0002";"NE_0002";"NE_0002";"NE_0002";"NE_0002";"NE_0002"
"2023";"08";"021903";"ANCASH";"SIHUAS";"ALFONSO UGARTE";"GOBIERNO REGIONAL";"I-1";"00001805";"PUESTO DE SALUD ULLOLLUCO";"NE_0002";"";"NE_0002";"NE_0002";"NE_0002";"NE_0002";"NE_0002";"NE_0002";"NE_0002"
"2023";"08";"021907";"ANCASH";"SIHUAS";"QUICHES";"GOBIERNO REGIONAL";"I-1";"00001807";"PUESTO DE SALUD JOCOSBAMBA";"NE_0002";"";"NE_0002";"NE_0002";"NE_0002";"NE_0002";"NE_0002";"NE_0002";"NE_0002"
"2023";"08";"021907";"ANCASH";"SIHUAS";"QUICHES";"GOBIERNO REGIONAL";"I-3";"00001806";"CENTRO DE SALUD QUICHES";"241400";"HOSPITALIZACIÓN QUIRÚRGICA GINECO - OBSTETRICIA ";"2";"2";"2";"2";"2";"3";"0"
"2023";"08";"150110";"LIMA";"LIMA";"COMAS";"PRIVADO";"II-E";"00030606";"VISANA CLINICA  ESPECIALIZADA OFTALMOLOGICA";"NE_0001";"";"NE_0001";"NE_0001";"NE_0001";"NE_0001";"NE_0001";"NE_0001";"NE_0001"
"2023";"08";"150143";"LIMA";"LIMA";"VILLA MARIA DEL TRIUNFO";"PRIVADO";"II-2";"00018580";"GUILLERMO KAELIN DE LA FUENTE";"240100";"HOSPITALIZACIÓN QUIRÚRGICA CIRUGÍA GENERAL ";"115";"202";"1366";"1125";"37";"1147";"6"
"2023";"08";"150143";"LIMA";"LIMA";"VILLA MARIA DEL TRIUNFO";"PRIVADO";"II-2";"00018580";"GUILLERMO KAELIN DE LA FUENTE";"241500";"HOSPITALIZACIÓN QUIRÚRGICA GINECOLOGÍA  ";"146";"291";"1166";"1074";"46";"1426";"8"
"2023";"08";"150143";"LIMA";"LIMA";"VILLA MARIA DEL TRIUNFO";"PRIVADO";"II-2";"00018580";"GUILLERMO KAELIN DE LA FUENTE";"241800";"HOSPITALIZACIÓN DE MEDICINA MEDICINA GENERAL ";"155";"158";"1624";"1544";"50";"1550";"20"
"2023";"08";"150143";"LIMA";"LIMA";"VILLA MARIA DEL TRIUNFO";"PRIVADO";"II-2";"00018580";"GUILLERMO KAELIN DE LA FUENTE";"242300";"HOSPITALIZACIÓN DE PEDIATRÍA  PEDIATRÍA  GENERAL ";"90";"107";"487";"463";"35";"1085";"0"
"2023";"08";"150143";"LIMA";"LIMA";"VILLA MARIA DEL TRIUNFO";"PRIVADO";"II-2";"00018580";"GUILLERMO KAELIN DE LA FUENTE";"250100";"UNIDAD DE CUIDADOS CRITICOS UNIDAD  DE CUIDADOS INTENSIVOS GENERALES (UCI) ";"14";"6";"87";"247";"18";"558";"5"
"2023";"08";"150143";"LIMA";"LIMA";"VILLA MARIA DEL TRIUNFO";"PRIVADO";"II-2";"00018580";"GUILLERMO KAELIN DE LA FUENTE";"250200";"UNIDAD DE CUIDADOS CRITICOS UNIDAD DE CUIDADOS INTERMEDIOS GENERAL  (UCIN) ";"15";"13";"44";"212";"20";"620";"0"
"2023";"08";"040126";"AREQUIPA";"AREQUIPA";"YANAHUARA";"PRIVADO";"II-E";"00025732";"NOVA CLINICA QUIRURGICA";"240800";"HOSPITALIZACIÓN QUIRÚRGICA CIRUGÍA PLÁSTICA/RECONSTRUCTIVA/ REPARADORA ";"8";"8";"8";"8";"3";"62";"0"
"2023";"08";"150113";"LIMA";"LIMA";"JESUS MARIA";"ESSALUD";"III-2";"00008720";"HOSPITAL NACIONAL EDGARDO REBAGLIATI MARTINS";"240000";"HOSPITALIZACIÓN";"664";"627";"7967";"8476";"293";"9083";"14"
"2023";"08";"150113";"LIMA";"LIMA";"JESUS MARIA";"ESSALUD";"III-2";"00008720";"HOSPITAL NACIONAL EDGARDO REBAGLIATI MARTINS";"250105";"UNIDAD DE CUIDADOS CRITICOS UNIDAD  DE CUIDADOS INTENSIVOS  (UCI) NEONATOLOGÍA";"6";"45";"1201";"930";"31";"961";"0"
"2023";"08";"150113";"LIMA";"LIMA";"JESUS MARIA";"ESSALUD";"III-2";"00008720";"HOSPITAL NACIONAL EDGARDO REBAGLIATI MARTINS";"240100";"HOSPITALIZACIÓN QUIRÚRGICA CIRUGÍA GENERAL ";"288";"349";"5799";"3515";"120";"3720";"7"
"2023";"08";"150113";"LIMA";"LIMA";"JESUS MARIA";"ESSALUD";"III-2";"00008720";"HOSPITAL NACIONAL EDGARDO REBAGLIATI MARTINS";"240200";"HOSPITALIZACIÓN QUIRÚRGICA CIRUGÍA DE CABEZA Y CUELLO / MÁXILO FACIAL ";"49";"48";"483";"434";"15";"465";"0"
"2023";"08";"150113";"LIMA";"LIMA";"JESUS MARIA";"ESSALUD";"III-2";"00008720";"HOSPITAL NACIONAL EDGARDO REBAGLIATI MARTINS";"240400";"HOSPITALIZACIÓN QUIRÚRGICA CIRUGÍA DE TÓRAX Y CARDIOVASCULAR ";"42";"50";"916";"1020";"46";"1426";"0"
"2023";"08";"150113";"LIMA";"LIMA";"JESUS MARIA";"ESSALUD";"III-2";"00008720";"HOSPITAL NACIONAL EDGARDO REBAGLIATI MARTINS";"240600";"HOSPITALIZACIÓN QUIRÚRGICA CIRUGÍA OFTALMOLÓGICA ";"17";"18";"114";"117";"4";"124";"0"
"2023";"08";"150113";"LIMA";"LIMA";"JESUS MARIA";"ESSALUD";"III-2";"00008720";"HOSPITAL NACIONAL EDGARDO REBAGLIATI MARTINS";"240700";"HOSPITALIZACIÓN QUIRÚRGICA CIRUGÍA PEDIÁTRICA ";"124";"124";"896";"1106";"45";"1395";"0"
"2023";"08";"150113";"LIMA";"LIMA";"JESUS MARIA";"ESSALUD";"III-2";"00008720";"HOSPITAL NACIONAL EDGARDO REBAGLIATI MARTINS";"240800";"HOSPITALIZACIÓN QUIRÚRGICA CIRUGÍA PLÁSTICA/RECONSTRUCTIVA/ REPARADORA ";"24";"41";"802";"539";"20";"620";"1"
"2023";"08";"150113";"LIMA";"LIMA";"JESUS MARIA";"ESSALUD";"III-2";"00008720";"HOSPITAL NACIONAL EDGARDO REBAGLIATI MARTINS";"240900";"HOSPITALIZACIÓN QUIRÚRGICA NEUROCIRUGÍA ";"156";"122";"1405";"1774";"61";"1891";"2"
"2023";"08";"150113";"LIMA";"LIMA";"JESUS MARIA";"ESSALUD";"III-2";"00008720";"HOSPITAL NACIONAL EDGARDO REBAGLIATI MARTINS";"241100";"HOSPITALIZACIÓN QUIRÚRGICA OTORRINOLARINGOLOGÍA  ";"43";"44";"368";"353";"12";"372";"0"
"2023";"04";"130401";"LA LIBERTAD";"CHEPEN";"CHEPEN";"SANIDAD DE LA POLICIA NACIONAL DEL PERU";"I-1";"00025659";"Puesto de Salud de la Sanidad PNP. Chepén  I - 1";"NE_0001";"";"NE_0001";"NE_0001";"NE_0001";"NE_0001";"NE_0001";"NE_0001";"NE_0001"
"2023";"04";"150140";"LIMA";"LIMA";"SANTIAGO DE SURCO";"PRIVADO";"II-E";"00011110";"CLINICA CAMPBELL";"240800";"HOSPITALIZACIÓN QUIRÚRGICA CIRUGÍA PLÁSTICA/RECONSTRUCTIVA/ REPARADORA ";"9";"9";"9";"9";"2";"60";"0"
"2023";"06";"250105";"UCAYALI";"CORONEL PORTILLO";"YARINACOCHA";"GOBIERNO REGIONAL";"I-2";"00005538";"SAN FRANCISCO DE YARINACOCHA";"NE_0001";"";"NE_0001";"NE_0001";"NE_0001";"NE_0001";"NE_0001";"NE_0001";"NE_0001"
"2023";"06";"250105";"UCAYALI";"CORONEL PORTILLO";"YARINACOCHA";"GOBIERNO REGIONAL";"I-2";"00005537";"CLAS   BELLAVISTA DE YARINACOCHA";"NE_0001";"";"NE_0001";"NE_0001";"NE_0001";"NE_0001";"NE_0001";"NE_0001";"NE_0001"
"2023";"06";"250105";"UCAYALI";"CORONEL PORTILLO";"YARINACOCHA";"GOBIERNO REGIONAL";"I-2";"00005536";"ESPERANZA DE PANAILLO";"NE_0001";"";"NE_0001";"NE_0001";"NE_0001";"NE_0001";"NE_0001";"NE_0001";"NE_0001"
"2023";"06";"250105";"UCAYALI";"CORONEL PORTILLO";"YARINACOCHA";"GOBIERNO REGIONAL";"I-2";"00005535";"CLAS SAN PABLO DE TUSHMO.";"NE_0001";"";"NE_0001";"NE_0001";"NE_0001";"NE_0001";"NE_0001";"NE_0001";"NE_0001"
"2023";"06";"250105";"UCAYALI";"CORONEL PORTILLO";"YARINACOCHA";"GOBIERNO REGIONAL";"I-3";"00005534";"SAN JOSE DE YARINACOCHA";"NE_0001";"";"NE_0001";"NE_0001";"NE_0001";"NE_0001";"NE_0001";"NE_0001";"NE_0001"
"2023";"06";"250303";"UCAYALI";"PADRE ABAD";"CURIMANA";"GOBIERNO REGIONAL";"I-1";"00005425";"ZORRILLOS";"NE_0001";"";"NE_0001";"NE_0001";"NE_0001";"NE_0001";"NE_0001";"NE_0001";"NE_0001"
"2023";"06";"250303";"UCAYALI";"PADRE ABAD";"CURIMANA";"GOBIERNO REGIONAL";"I-1";"00005424";"BELLO HORIZONTE";"NE_0001";"";"NE_0001";"NE_0001";"NE_0001";"NE_0001";"NE_0001";"NE_0001";"NE_0001"
"2023";"06";"250303";"UCAYALI";"PADRE ABAD";"CURIMANA";"GOBIERNO REGIONAL";"I-1";"00005423";"LAS MALVINAS.";"NE_0001";"";"NE_0001";"NE_0001";"NE_0001";"NE_0001";"NE_0001";"NE_0001";"NE_0001"
"2023";"06";"250303";"UCAYALI";"PADRE ABAD";"CURIMANA";"GOBIERNO REGIONAL";"I-3";"00005422";"CURIMANA";"NE_0001";"";"NE_0001";"NE_0001";"NE_0001";"NE_0001";"NE_0001";"NE_0001";"NE_0001"
"2023";"04";"210401";"PUNO";"CHUCUITO";"JULI";"GOBIERNO REGIONAL";"II-1";"00002990";"JULI";"240100";"HOSPITALIZACIÓN QUIRÚRGICA CIRUGÍA GENERAL ";"4";"4";"7";"6";"5";"60";"0"
"2023";"04";"210401";"PUNO";"CHUCUITO";"JULI";"GOBIERNO REGIONAL";"II-1";"00002990";"JULI";"241500";"HOSPITALIZACIÓN QUIRÚRGICA GINECOLOGÍA  ";"1";"1";"4";"4";"4";"150";"0"
"2023";"04";"210401";"PUNO";"CHUCUITO";"JULI";"GOBIERNO REGIONAL";"II-1";"00002990";"JULI";"241600";"HOSPITALIZACIÓN QUIRÚRGICA OBSTETRICIA   ";"46";"46";"96";"101";"9";"270";"0"
"2023";"04";"210401";"PUNO";"CHUCUITO";"JULI";"GOBIERNO REGIONAL";"II-1";"00002990";"JULI";"241800";"HOSPITALIZACIÓN DE MEDICINA MEDICINA GENERAL ";"9";"9";"31";"30";"6";"180";"0"
"2023";"07";"220601";"SAN MARTIN";"MARISCAL CACERES";"JUANJUI";"GOBIERNO REGIONAL";"II-E";"00006919";"HOSPITAL II-E JUANJUI - MC LUIS IZQUIERDO VÁSQUEZ";"240100";"HOSPITALIZACIÓN QUIRÚRGICA CIRUGÍA GENERAL ";"35";"36";"82";"82";"6";"186";"0"
"2023";"07";"220601";"SAN MARTIN";"MARISCAL CACERES";"JUANJUI";"GOBIERNO REGIONAL";"II-E";"00006919";"HOSPITAL II-E JUANJUI - MC LUIS IZQUIERDO VÁSQUEZ";"241400";"HOSPITALIZACIÓN QUIRÚRGICA GINECO - OBSTETRICIA ";"57";"67";"172";"172";"10";"310";"0"
"2023";"07";"220601";"SAN MARTIN";"MARISCAL CACERES";"JUANJUI";"GOBIERNO REGIONAL";"II-E";"00006919";"HOSPITAL II-E JUANJUI - MC LUIS IZQUIERDO VÁSQUEZ";"241600";"HOSPITALIZACIÓN QUIRÚRGICA OBSTETRICIA   ";"47";"49";"69";"69";"10";"310";"0"
"2023";"07";"220601";"SAN MARTIN";"MARISCAL CACERES";"JUANJUI";"GOBIERNO REGIONAL";"II-E";"00006919";"HOSPITAL II-E JUANJUI - MC LUIS IZQUIERDO VÁSQUEZ";"241800";"HOSPITALIZACIÓN DE MEDICINA MEDICINA GENERAL ";"40";"50";"194";"194";"18";"558";"2"
"2023";"07";"220601";"SAN MARTIN";"MARISCAL CACERES";"JUANJUI";"GOBIERNO REGIONAL";"II-E";"00006919";"HOSPITAL II-E JUANJUI - MC LUIS IZQUIERDO VÁSQUEZ";"242500";"HOSPITALIZACIÓN-PEDIATRÍA GENERAL-";"63";"73";"204";"204";"12";"372";"0"
"2023";"07";"150110";"LIMA";"LIMA";"COMAS";"MINSA";"III-1";"00007634";"HOSPITAL SERGIO E. BERNALES";"241900";"HOSPITALIZACIÓN DE MEDICINA MEDICINA INTERNA ";"69";"91";"1202";"1488";"48";"1488";"13"
"2023";"07";"150110";"LIMA";"LIMA";"COMAS";"MINSA";"III-1";"00007634";"HOSPITAL SERGIO E. BERNALES";"245300";"HOSPITALIZACIÓN DE MEDICINA NEUMOLOGÍA  ";"22";"31";"703";"623";"25";"775";"4"
"2023";"07";"150110";"LIMA";"LIMA";"COMAS";"MINSA";"III-1";"00007634";"HOSPITAL SERGIO E. BERNALES";"240100";"HOSPITALIZACIÓN QUIRÚRGICA CIRUGÍA GENERAL ";"225";"224";"1431";"1577";"65";"2015";"2"
"2023";"07";"150110";"LIMA";"LIMA";"COMAS";"MINSA";"III-1";"00007634";"HOSPITAL SERGIO E. BERNALES";"241200";"HOSPITALIZACIÓN QUIRÚRGICA TRAUMATOLOGÍA Y ORTOPEDIA ";"50";"58";"795";"630";"22";"682";"1"
"2023";"07";"150110";"LIMA";"LIMA";"COMAS";"MINSA";"III-1";"00007634";"HOSPITAL SERGIO E. BERNALES";"242300";"HOSPITALIZACIÓN DE PEDIATRÍA  PEDIATRÍA  GENERAL ";"187";"183";"580";"639";"32";"992";"1"
"2023";"07";"150110";"LIMA";"LIMA";"COMAS";"MINSA";"III-1";"00007634";"HOSPITAL SERGIO E. BERNALES";"243200";"HOSPITALIZACIÓN DE PEDIATRÍA PEDIATRIA NEONATOLOGÍA";"321";"212";"853";"845";"29";"899";"5"
"2023";"07";"150110";"LIMA";"LIMA";"COMAS";"MINSA";"III-1";"00007634";"HOSPITAL SERGIO E. BERNALES";"241600";"HOSPITALIZACIÓN QUIRÚRGICA OBSTETRICIA   ";"55";"63";"254";"235";"14";"434";"0"
"2023";"07";"150110";"LIMA";"LIMA";"COMAS";"MINSA";"III-1";"00007634";"HOSPITAL SERGIO E. BERNALES";"241500";"HOSPITALIZACIÓN QUIRÚRGICA GINECOLOGÍA  ";"333";"425";"1096";"1391";"58";"1798";"0"
"2023";"07";"150106";"LIMA";"LIMA";"CARABAYLLO";"PRIVADO";"I-3";"00017468";"POLICLINICO NIÑO DE LA ESPINA SAC";"NE_0001";"";"NE_0001";"NE_0001";"NE_0001";"NE_0001";"NE_0001";"NE_0001";"NE_0001"
"2023";"07";"060605";"CAJAMARCA";"CUTERVO";"LA RAMADA";"GOBIERNO REGIONAL";"I-1";"00006947";"LAGUNA";"NE_0001";"";"NE_0001";"NE_0001";"NE_0001";"NE_0001";"NE_0001";"NE_0001";"NE_0001"
"2023";"07";"060609";"CAJAMARCA";"CUTERVO";"SAN JUAN DE CUTERVO";"GOBIERNO REGIONAL";"I-1";"00007103";"SANTA ROSA DE SAN JUAN";"NE_0001";"";"NE_0001";"NE_0001";"NE_0001";"NE_0001";"NE_0001";"NE_0001";"NE_0001"
"2023";"07";"060605";"CAJAMARCA";"CUTERVO";"LA RAMADA";"GOBIERNO REGIONAL";"I-3";"00005027";"LA RAMADA";"NE_0001";"";"NE_0001";"NE_0001";"NE_0001";"NE_0001";"NE_0001";"NE_0001";"NE_0001"
"2023";"07";"060605";"CAJAMARCA";"CUTERVO";"LA RAMADA";"GOBIERNO REGIONAL";"I-1";"00005028";"LLUSHCAPAMPA";"NE_0001";"";"NE_0001";"NE_0001";"NE_0001";"NE_0001";"NE_0001";"NE_0001";"NE_0001"
"2023";"07";"060609";"CAJAMARCA";"CUTERVO";"SAN JUAN DE CUTERVO";"GOBIERNO REGIONAL";"I-1";"00005030";"MUSUNGATE";"NE_0001";"";"NE_0001";"NE_0001";"NE_0001";"NE_0001";"NE_0001";"NE_0001";"NE_0001"
"2023";"07";"060605";"CAJAMARCA";"CUTERVO";"LA RAMADA";"GOBIERNO REGIONAL";"I-1";"00007179";"CHACRERIAS";"NE_0001";"";"NE_0001";"NE_0001";"NE_0001";"NE_0001";"NE_0001";"NE_0001";"NE_0001"
"2023";"07";"060614";"CAJAMARCA";"CUTERVO";"SOCOTA";"GOBIERNO REGIONAL";"I-1";"00006939";"QUIJOS";"NE_0001";"";"NE_0001";"NE_0001";"NE_0001";"NE_0001";"NE_0001";"NE_0001";"NE_0001"
"2023";"07";"120608";"JUNIN";"SATIPO";"RIO TAMBO";"GOBIERNO REGIONAL";"I-2";"00000500";"AOTI";"NE_0001";"";"NE_0001";"NE_0001";"NE_0001";"NE_0001";"NE_0001";"NE_0001";"NE_0001"
"2023";"07";"120607";"JUNIN";"SATIPO";"RIO NEGRO";"GOBIERNO REGIONAL";"I-3";"00000506";"UNION CAPIRI";"NE_0001";"";"NE_0001";"NE_0001";"NE_0001";"NE_0001";"NE_0001";"NE_0001";"NE_0001"
"2023";"07";"120601";"JUNIN";"SATIPO";"SATIPO";"GOBIERNO REGIONAL";"I-1";"00029375";"COMUNIDAD NATIVA SHANQUI";"NE_0001";"";"NE_0001";"NE_0001";"NE_0001";"NE_0001";"NE_0001";"NE_0001";"NE_0001"
"2023";"07";"120607";"JUNIN";"SATIPO";"RIO NEGRO";"GOBIERNO REGIONAL";"I-2";"00000477";"HUAHUARI";"NE_0001";"";"NE_0001";"NE_0001";"NE_0001";"NE_0001";"NE_0001";"NE_0001";"NE_0001"
"2023";"07";"120601";"JUNIN";"SATIPO";"SATIPO";"GOBIERNO REGIONAL";"I-2";"00000479";"SANTO DOMINGO DE MARANKIARI";"NE_0001";"";"NE_0001";"NE_0001";"NE_0001";"NE_0001";"NE_0001";"NE_0001";"NE_0001"
"2023";"07";"120601";"JUNIN";"SATIPO";"SATIPO";"GOBIERNO REGIONAL";"I-1";"00000484";"ALTO PAURELI";"NE_0001";"";"NE_0001";"NE_0001";"NE_0001";"NE_0001";"NE_0001";"NE_0001";"NE_0001"
"2023";"07";"120607";"JUNIN";"SATIPO";"RIO NEGRO";"GOBIERNO REGIONAL";"I-3";"00000495";"RIO NEGRO";"NE_0001";"";"NE_0001";"NE_0001";"NE_0001";"NE_0001";"NE_0001";"NE_0001";"NE_0001"
"2023";"07";"010601";"AMAZONAS";"RODRIGUEZ DE MENDOZA";"SAN NICOLAS";"GOBIERNO REGIONAL";"II-1";"00004950";"MARIA AUXILIADORA";"241600";"HOSPITALIZACIÓN QUIRÚRGICA OBSTETRICIA   ";"18";"18";"35";"35";"5";"155";"0"
"2023";"07";"010601";"AMAZONAS";"RODRIGUEZ DE MENDOZA";"SAN NICOLAS";"GOBIERNO REGIONAL";"II-1";"00004950";"MARIA AUXILIADORA";"241800";"HOSPITALIZACIÓN DE MEDICINA MEDICINA GENERAL ";"25";"25";"91";"91";"10";"310";"0"
"2023";"07";"150125";"LIMA";"LIMA";"PUENTE PIEDRA";"MINSA";"II-2";"00007632";"HOSPITAL CARLOS LANFRANCO LA HOZ";"240100";"HOSPITALIZACIÓN QUIRÚRGICA CIRUGÍA GENERAL ";"225";"246";"635";"261";"34";"1054";"2"
"2023";"07";"150125";"LIMA";"LIMA";"PUENTE PIEDRA";"MINSA";"II-2";"00007632";"HOSPITAL CARLOS LANFRANCO LA HOZ";"241900";"HOSPITALIZACIÓN DE MEDICINA MEDICINA INTERNA ";"119";"156";"746";"187";"26";"806";"25"
"2023";"07";"150125";"LIMA";"LIMA";"PUENTE PIEDRA";"MINSA";"II-2";"00007632";"HOSPITAL CARLOS LANFRANCO LA HOZ";"241400";"HOSPITALIZACIÓN QUIRÚRGICA GINECO - OBSTETRICIA ";"364";"389";"716";"408";"32";"992";"0"
"2023";"07";"150125";"LIMA";"LIMA";"PUENTE PIEDRA";"MINSA";"II-2";"00007632";"HOSPITAL CARLOS LANFRANCO LA HOZ";"242300";"HOSPITALIZACIÓN DE PEDIATRÍA  PEDIATRÍA  GENERAL ";"76";"87";"328";"97";"11";"341";"0"
"2023";"07";"150125";"LIMA";"LIMA";"PUENTE PIEDRA";"MINSA";"II-2";"00007632";"HOSPITAL CARLOS LANFRANCO LA HOZ";"243200";"HOSPITALIZACIÓN DE PEDIATRÍA PEDIATRIA NEONATOLOGÍA";"47";"54";"139";"57";"11";"341";"0"
"2023";"07";"120707";"JUNIN";"TARMA";"PALCAMAYO";"GOBIERNO REGIONAL";"I-1";"00000530";"RICRICAN CAUQUIRAN";"NE_0001";"";"NE_0001";"NE_0001";"NE_0001";"NE_0001";"NE_0001";"NE_0001";"NE_0001"
"2023";"07";"120707";"JUNIN";"TARMA";"PALCAMAYO";"GOBIERNO REGIONAL";"I-1";"00000528";"YANAPUQUIO";"NE_0001";"";"NE_0001";"NE_0001";"NE_0001";"NE_0001";"NE_0001";"NE_0001";"NE_0001"
"2023";"07";"120707";"JUNIN";"TARMA";"PALCAMAYO";"GOBIERNO REGIONAL";"I-1";"00000531";"INCACHACA YANAMACHAY";"NE_0001";"";"NE_0001";"NE_0001";"NE_0001";"NE_0001";"NE_0001";"NE_0001";"NE_0001"
"2023";"07";"120707";"JUNIN";"TARMA";"PALCAMAYO";"GOBIERNO REGIONAL";"I-1";"00000532";"HUAMANIA";"NE_0001";"";"NE_0001";"NE_0001";"NE_0001";"NE_0001";"NE_0001";"NE_0001";"NE_0001"
"2023";"07";"040104";"AREQUIPA";"AREQUIPA";"CERRO COLORADO";"GOBIERNO REGIONAL";"I-3";"00001238";"CENTRO DE SALUD MARISCAL CASTILLA";"NE_0001";"";"NE_0001";"NE_0001";"NE_0001";"NE_0001";"NE_0001";"NE_0001";"NE_0001"
"2023";"07";"040104";"AREQUIPA";"AREQUIPA";"CERRO COLORADO";"GOBIERNO REGIONAL";"I-3";"00001249";"CENTRO DE SALUD SEMI RURAL PACHACUTEC";"NE_0001";"";"NE_0001";"NE_0001";"NE_0001";"NE_0001";"NE_0001";"NE_0001";"NE_0001"
"2023";"07";"040104";"AREQUIPA";"AREQUIPA";"CERRO COLORADO";"GOBIERNO REGIONAL";"I-2";"00001250";"PUESTO DE SALUD JOSE SANTOS ATAHUALPA";"NE_0001";"";"NE_0001";"NE_0001";"NE_0001";"NE_0001";"NE_0001";"NE_0001";"NE_0001"
"2023";"07";"040104";"AREQUIPA";"AREQUIPA";"CERRO COLORADO";"GOBIERNO REGIONAL";"I-1";"00001252";"PUESTO DE SALUD EL CURAL";"NE_0001";"";"NE_0001";"NE_0001";"NE_0001";"NE_0001";"NE_0001";"NE_0001";"NE_0001"
"2023";"07";"090203";"HUANCAVELICA";"ACOBAMBA";"ANTA";"GOBIERNO REGIONAL";"I-1";"00003941";"PUESTO DE SALUD MANYACC";"NE_0001";"";"NE_0001";"NE_0001";"NE_0001";"NE_0001";"NE_0001";"NE_0001";"NE_0001"
"2023";"07";"090203";"HUANCAVELICA";"ACOBAMBA";"ANTA";"GOBIERNO REGIONAL";"I-1";"00011230";"PUESTO DE SALUD RAYANNIYOCC";"NE_0001";"";"NE_0001";"NE_0001";"NE_0001";"NE_0001";"NE_0001";"NE_0001";"NE_0001"
"2023";"07";"090203";"HUANCAVELICA";"ACOBAMBA";"ANTA";"GOBIERNO REGIONAL";"I-3";"00003939";"CENTRO DE SALUD ANTA";"NE_0001";"";"NE_0001";"NE_0001";"NE_0001";"NE_0001";"NE_0001";"NE_0001";"NE_0001"
"2023";"07";"090203";"HUANCAVELICA";"ACOBAMBA";"ANTA";"GOBIERNO REGIONAL";"I-1";"00009697";"PUESTO DE SALUD DE CASACANCHA";"NE_0001";"";"NE_0001";"NE_0001";"NE_0001";"NE_0001";"NE_0001";"NE_0001";"NE_0001"
"2023";"07";"090203";"HUANCAVELICA";"ACOBAMBA";"ANTA";"GOBIERNO REGIONAL";"I-1";"00009469";"PUESTO DE SALUD VISTA ALEGRE DE ANTA";"NE_0001";"";"NE_0001";"NE_0001";"NE_0001";"NE_0001";"NE_0001";"NE_0001";"NE_0001"
"2023";"07";"130702";"LA LIBERTAD";"PACASMAYO";"GUADALUPE";"GOBIERNO REGIONAL";"II-1";"00005292";"HOSPITAL DE APOYO TOMAS LAFORA";"241800";"HOSPITALIZACIÓN DE MEDICINA MEDICINA GENERAL ";"70";"70";"249";"257";"23";"713";"1"
"2023";"07";"130702";"LA LIBERTAD";"PACASMAYO";"GUADALUPE";"GOBIERNO REGIONAL";"II-1";"00005292";"HOSPITAL DE APOYO TOMAS LAFORA";"240100";"HOSPITALIZACIÓN QUIRÚRGICA CIRUGÍA GENERAL ";"47";"51";"150";"118";"12";"372";"0"
"2023";"07";"130702";"LA LIBERTAD";"PACASMAYO";"GUADALUPE";"GOBIERNO REGIONAL";"II-1";"00005292";"HOSPITAL DE APOYO TOMAS LAFORA";"242300";"HOSPITALIZACIÓN DE PEDIATRÍA  PEDIATRÍA  GENERAL ";"16";"14";"44";"50";"8";"248";"0"
"2023";"07";"130702";"LA LIBERTAD";"PACASMAYO";"GUADALUPE";"GOBIERNO REGIONAL";"II-1";"00005292";"HOSPITAL DE APOYO TOMAS LAFORA";"243200";"HOSPITALIZACIÓN DE PEDIATRÍA PEDIATRIA NEONATOLOGÍA";"68";"62";"117";"129";"14";"434";"0"
"2023";"07";"130702";"LA LIBERTAD";"PACASMAYO";"GUADALUPE";"GOBIERNO REGIONAL";"II-1";"00005292";"HOSPITAL DE APOYO TOMAS LAFORA";"241600";"HOSPITALIZACIÓN QUIRÚRGICA OBSTETRICIA   ";"70";"75";"145";"139";"14";"434";"0"
"2023";"07";"130702";"LA LIBERTAD";"PACASMAYO";"GUADALUPE";"GOBIERNO REGIONAL";"II-1";"00005292";"HOSPITAL DE APOYO TOMAS LAFORA";"241500";"HOSPITALIZACIÓN QUIRÚRGICA GINECOLOGÍA  ";"29";"27";"42";"44";"3";"93";"0"
"2023";"07";"080602";"CUSCO";"CANCHIS";"CHECACUPE";"GOBIERNO REGIONAL";"I-2";"00002385";"CHECACUPE";"NE_0001";"";"NE_0001";"NE_0001";"NE_0001";"NE_0001";"NE_0001";"NE_0001";"NE_0001"
"2023";"07";"080608";"CUSCO";"CANCHIS";"TINTA";"GOBIERNO REGIONAL";"I-3";"00002397";"TINTA";"NE_0001";"";"NE_0001";"NE_0001";"NE_0001";"NE_0001";"NE_0001";"NE_0001";"NE_0001"
"2023";"07";"080204";"CUSCO";"ACOMAYO";"MOSOC LLACTA";"GOBIERNO REGIONAL";"I-2";"00002320";"MOSOCLLACTA";"NE_0001";"";"NE_0001";"NE_0001";"NE_0001";"NE_0001";"NE_0001";"NE_0001";"NE_0001"
"2023";"07";"080605";"CUSCO";"CANCHIS";"PITUMARCA";"GOBIERNO REGIONAL";"I-3";"00002392";"PITUMARCA";"NE_0001";"";"NE_0001";"NE_0001";"NE_0001";"NE_0001";"NE_0001";"NE_0001";"NE_0001"
"2023";"07";"080603";"CUSCO";"CANCHIS";"COMBAPATA";"GOBIERNO REGIONAL";"I-4";"00002386";"COMBAPATA CANCHIS";"NE_0001";"";"NE_0001";"NE_0001";"NE_0001";"NE_0001";"NE_0001";"NE_0001";"NE_0001"
"2023";"03";"021803";"ANCASH";"SANTA";"COISHCO";"ESSALUD";"I-4";"00009055";"CENTRO MEDICO COISHCO";"NE_0001";"";"NE_0001";"NE_0001";"NE_0001";"NE_0001";"NE_0001";"NE_0001";"NE_0001"
"2023";"05";"200701";"PIURA";"TALARA";"PARIÑAS";"PRIVADO";"II-1";"00011498";"CLINICA TORRES S.A.";"240000";"HOSPITALIZACIÓN";"5";"4";"7";"41";"16";"455";"0"
"2023";"05";"100504";"HUANUCO";"HUAMALIES";"JACAS GRANDE";"GOBIERNO REGIONAL";"I-2";"00000906";"CARHUAPATA";"NE_0001";"";"NE_0001";"NE_0001";"NE_0001";"NE_0001";"NE_0001";"NE_0001";"NE_0001"
"2023";"05";"100504";"HUANUCO";"HUAMALIES";"JACAS GRANDE";"GOBIERNO REGIONAL";"I-2";"00000897";"JACAS GRANDE";"NE_0001";"";"NE_0001";"NE_0001";"NE_0001";"NE_0001";"NE_0001";"NE_0001";"NE_0001"
"2023";"05";"100504";"HUANUCO";"HUAMALIES";"JACAS GRANDE";"GOBIERNO REGIONAL";"I-2";"00006888";"CASCANGA";"NE_0001";"";"NE_0001";"NE_0001";"NE_0001";"NE_0001";"NE_0001";"NE_0001";"NE_0001"
"2023";"05";"100504";"HUANUCO";"HUAMALIES";"JACAS GRANDE";"GOBIERNO REGIONAL";"I-2";"00000898";"ANDAS";"NE_0001";"";"NE_0001";"NE_0001";"NE_0001";"NE_0001";"NE_0001";"NE_0001";"NE_0001"
"2023";"05";"100504";"HUANUCO";"HUAMALIES";"JACAS GRANDE";"GOBIERNO REGIONAL";"I-1";"00006674";"NUEVAS FLORES";"NE_0001";"";"NE_0001";"NE_0001";"NE_0001";"NE_0001";"NE_0001";"NE_0001";"NE_0001"
"2023";"06";"150108";"LIMA";"LIMA";"CHORRILLOS";"PRIVADO";"II-E";"00012220";"CLINICA REAL LOS LAURELES";"NE_0002";"";"NE_0002";"NE_0002";"NE_0002";"NE_0002";"NE_0002";"NE_0002";"NE_0002"
"2023";"06";"021601";"ANCASH";"POMABAMBA";"POMABAMBA";"GOBIERNO REGIONAL";"I-1";"00001771";"PUESTO DE SALUD CHOGO";"NE_0002";"";"NE_0002";"NE_0002";"NE_0002";"NE_0002";"NE_0002";"NE_0002";"NE_0002"
"2023";"06";"021603";"ANCASH";"POMABAMBA";"PAROBAMBA";"GOBIERNO REGIONAL";"I-1";"00001776";"PUESTO DE SALUD PAROBAMBA NUEVO";"NE_0002";"";"NE_0002";"NE_0002";"NE_0002";"NE_0002";"NE_0002";"NE_0002";"NE_0002"
"2023";"06";"021603";"ANCASH";"POMABAMBA";"PAROBAMBA";"GOBIERNO REGIONAL";"I-2";"00001780";"PUESTO DE SALUD CHANGA";"NE_0002";"";"NE_0002";"NE_0002";"NE_0002";"NE_0002";"NE_0002";"NE_0002";"NE_0002"
"2023";"06";"021604";"ANCASH";"POMABAMBA";"QUINUABAMBA";"GOBIERNO REGIONAL";"I-1";"00001782";"YAMIAN";"NE_0002";"";"NE_0002";"NE_0002";"NE_0002";"NE_0002";"NE_0002";"NE_0002";"NE_0002"
"2023";"06";"021603";"ANCASH";"POMABAMBA";"PAROBAMBA";"GOBIERNO REGIONAL";"I-4";"00001775";"CENTRO DE SALUD PAROBAMBA VIEJO";"NE_0002";"";"NE_0002";"NE_0002";"NE_0002";"NE_0002";"NE_0002";"NE_0002";"NE_0002"
"2023";"06";"021603";"ANCASH";"POMABAMBA";"PAROBAMBA";"GOBIERNO REGIONAL";"I-1";"00001778";"PUESTO DE SALUD SHUMPILLAN";"NE_0002";"";"NE_0002";"NE_0002";"NE_0002";"NE_0002";"NE_0002";"NE_0002";"NE_0002"
"2023";"06";"021603";"ANCASH";"POMABAMBA";"PAROBAMBA";"GOBIERNO REGIONAL";"I-2";"00001777";"PUESTO DE SALUD HUANCHAYLLO";"NE_0002";"";"NE_0002";"NE_0002";"NE_0002";"NE_0002";"NE_0002";"NE_0002";"NE_0002"
"2023";"06";"080705";"CUSCO";"CHUMBIVILCAS";"LIVITACA";"GOBIERNO REGIONAL";"I-2";"00016332";"PATAQUEÑA - LIVITACA";"NE_0001";"";"NE_0001";"NE_0001";"NE_0001";"NE_0001";"NE_0001";"NE_0001";"NE_0001"
"2023";"06";"200101";"PIURA";"PIURA";"PIURA";"PRIVADO";"II-1";"00025208";"GRUPO CARITA FELIZ S.A.";"242300";"HOSPITALIZACIÓN DE PEDIATRÍA  PEDIATRÍA  GENERAL ";"24";"29";"98";"84";"3";"84";"0"
"2023";"06";"200101";"PIURA";"PIURA";"PIURA";"PRIVADO";"II-1";"00025208";"GRUPO CARITA FELIZ S.A.";"241900";"HOSPITALIZACIÓN DE MEDICINA MEDICINA INTERNA ";"51";"53";"246";"230";"8";"239";"0"
"2023";"06";"200101";"PIURA";"PIURA";"PIURA";"PRIVADO";"II-1";"00025208";"GRUPO CARITA FELIZ S.A.";"240100";"HOSPITALIZACIÓN QUIRÚRGICA CIRUGÍA GENERAL ";"82";"82";"180";"207";"7";"210";"0"
"2023";"06";"200101";"PIURA";"PIURA";"PIURA";"PRIVADO";"II-1";"00025208";"GRUPO CARITA FELIZ S.A.";"241400";"HOSPITALIZACIÓN QUIRÚRGICA GINECO - OBSTETRICIA ";"38";"37";"63";"67";"2";"67";"0"
"2023";"06";"200101";"PIURA";"PIURA";"PIURA";"PRIVADO";"II-1";"00025208";"GRUPO CARITA FELIZ S.A.";"250100";"UNIDAD DE CUIDADOS CRITICOS UNIDAD  DE CUIDADOS INTENSIVOS GENERALES (UCI) ";"16";"5";"20";"67";"3";"90";"2"
"2023";"06";"200101";"PIURA";"PIURA";"PIURA";"PRIVADO";"II-1";"00025208";"GRUPO CARITA FELIZ S.A.";"250105";"UNIDAD DE CUIDADOS CRITICOS UNIDAD  DE CUIDADOS INTENSIVOS  (UCI) NEONATOLOGÍA";"2";"1";"2";"48";"2";"60";"0"
"2023";"06";"200101";"PIURA";"PIURA";"PIURA";"PRIVADO";"II-1";"00025208";"GRUPO CARITA FELIZ S.A.";"250201";"UNIDAD DE CUIDADOS CRITICOS UNIDAD DE CUIDADOS INTERMEDIOS  (UCIN) NEONATAL";"5";"7";"25";"24";"2";"60";"0"
"2023";"06";"130703";"LA LIBERTAD";"PACASMAYO";"JEQUETEPEQUE";"ESSALUD";"I-2";"00009646";"POSTA DE SALUD JEQUETEPEQUE";"NE_0001";"";"NE_0001";"NE_0001";"NE_0001";"NE_0001";"NE_0001";"NE_0001";"NE_0001"
"2023";"06";"030201";"APURIMAC";"ANDAHUAYLAS";"ANDAHUAYLAS";"PRIVADO";"I-3";"00021664";"ADMEDICAL CENTRO MEDICO";"NE_0001";"";"NE_0001";"NE_0001";"NE_0001";"NE_0001";"NE_0001";"NE_0001";"NE_0001"
"2023";"06";"150140";"LIMA";"LIMA";"SANTIAGO DE SURCO";"PRIVADO";"II-E";"00011113";"CLINICA MONTERRICO";"240000";"HOSPITALIZACIÓN";"41";"38";"94";"111";"5";"150";"0"
"2023";"06";"120404";"JUNIN";"JAUJA";"ATAURA";"GOBIERNO REGIONAL";"I-1";"00000367";"ATAURA";"NE_0002";"";"NE_0002";"NE_0002";"NE_0002";"NE_0002";"NE_0002";"NE_0002";"NE_0002"
"2023";"06";"120423";"JUNIN";"JAUJA";"PACCHA";"GOBIERNO REGIONAL";"I-1";"00000372";"MASAJCANCHA";"NE_0002";"";"NE_0002";"NE_0002";"NE_0002";"NE_0002";"NE_0002";"NE_0002";"NE_0002"
"2023";"06";"120430";"JUNIN";"JAUJA";"SAUSA";"GOBIERNO REGIONAL";"I-1";"00000376";"SAUSA";"NE_0002";"";"NE_0002";"NE_0002";"NE_0002";"NE_0002";"NE_0002";"NE_0002";"NE_0002"
"2023";"06";"120423";"JUNIN";"JAUJA";"PACCHA";"GOBIERNO REGIONAL";"I-1";"00000370";"CANCHAPUNCO";"NE_0002";"";"NE_0002";"NE_0002";"NE_0002";"NE_0002";"NE_0002";"NE_0002";"NE_0002"
"2023";"06";"120422";"JUNIN";"JAUJA";"PACA";"GOBIERNO REGIONAL";"I-2";"00000369";"PACA";"NE_0002";"";"NE_0002";"NE_0002";"NE_0002";"NE_0002";"NE_0002";"NE_0002";"NE_0002"
"2023";"06";"120423";"JUNIN";"JAUJA";"PACCHA";"GOBIERNO REGIONAL";"I-1";"00000373";"PATACANCHA";"NE_0002";"";"NE_0002";"NE_0002";"NE_0002";"NE_0002";"NE_0002";"NE_0002";"NE_0002"
"2023";"06";"120434";"JUNIN";"JAUJA";"YAUYOS";"GOBIERNO REGIONAL";"I-1";"00000378";"HUANCAS";"NE_0002";"";"NE_0002";"NE_0002";"NE_0002";"NE_0002";"NE_0002";"NE_0002";"NE_0002"
"2023";"06";"110201";"ICA";"CHINCHA";"CHINCHA ALTA";"PRIVADO";"II-1";"00010559";"CLINICA DANIEL A. CARRION S.A.C.";"241400";"HOSPITALIZACIÓN QUIRÚRGICA GINECO - OBSTETRICIA ";"13";"13";"17";"17";"4";"120";"0"
"2023";"06";"200101";"PIURA";"PIURA";"PIURA";"ESSALUD";"I-3";"00012235";"CENTRO DE ATENCIÓN PRIMARIA CAP III METROPOLITANO- ESSALUD";"NE_0001";"";"NE_0001";"NE_0001";"NE_0001";"NE_0001";"NE_0001";"NE_0001";"NE_0001"
"2023";"06";"210801";"PUNO";"MELGAR";"AYAVIRI";"GOBIERNO REGIONAL";"II-1";"00003156";"SAN JUAN DE DIOS (AYAVIRI)";"240100";"HOSPITALIZACIÓN QUIRÚRGICA CIRUGÍA GENERAL ";"44";"51";"256";"280";"19";"570";"1"
"2023";"06";"210801";"PUNO";"MELGAR";"AYAVIRI";"GOBIERNO REGIONAL";"II-1";"00003156";"SAN JUAN DE DIOS (AYAVIRI)";"241500";"HOSPITALIZACIÓN QUIRÚRGICA GINECOLOGÍA  ";"40";"41";"97";"97";"6";"180";"0"
"2023";"06";"210801";"PUNO";"MELGAR";"AYAVIRI";"GOBIERNO REGIONAL";"II-1";"00003156";"SAN JUAN DE DIOS (AYAVIRI)";"241600";"HOSPITALIZACIÓN QUIRÚRGICA OBSTETRICIA   ";"42";"47";"73";"105";"7";"210";"0"
"2023";"06";"210801";"PUNO";"MELGAR";"AYAVIRI";"GOBIERNO REGIONAL";"II-1";"00003156";"SAN JUAN DE DIOS (AYAVIRI)";"241800";"HOSPITALIZACIÓN DE MEDICINA MEDICINA GENERAL ";"14";"18";"106";"106";"14";"420";"1"
"2023";"06";"210801";"PUNO";"MELGAR";"AYAVIRI";"GOBIERNO REGIONAL";"II-1";"00003156";"SAN JUAN DE DIOS (AYAVIRI)";"242500";"HOSPITALIZACIÓN-PEDIATRÍA GENERAL-";"28";"33";"133";"145";"7";"210";"0"
"2023";"06";"210801";"PUNO";"MELGAR";"AYAVIRI";"GOBIERNO REGIONAL";"II-1";"00003156";"SAN JUAN DE DIOS (AYAVIRI)";"243200";"HOSPITALIZACIÓN DE PEDIATRÍA PEDIATRIA NEONATOLOGÍA";"25";"27";"99";"90";"3";"112";"0"
"2023";"06";"220504";"SAN MARTIN";"LAMAS";"CAYNARACHI";"GOBIERNO REGIONAL";"I-4";"00006415";"PONGO DEL CAYNARACHI";"241600";"HOSPITALIZACIÓN QUIRÚRGICA OBSTETRICIA   ";"11";"12";"14";"13";"4";"120";"0"
"2023";"06";"220504";"SAN MARTIN";"LAMAS";"CAYNARACHI";"GOBIERNO REGIONAL";"I-1";"00006417";"SAN MIGUEL DE ACHINAMIZA";"NE_0001";"";"NE_0001";"NE_0001";"NE_0001";"NE_0001";"NE_0001";"NE_0001";"NE_0001"
"2023";"06";"220504";"SAN MARTIN";"LAMAS";"CAYNARACHI";"GOBIERNO REGIONAL";"I-1";"00006419";"BONILLA";"NE_0001";"";"NE_0001";"NE_0001";"NE_0001";"NE_0001";"NE_0001";"NE_0001";"NE_0001"
"2023";"06";"220504";"SAN MARTIN";"LAMAS";"CAYNARACHI";"GOBIERNO REGIONAL";"I-1";"00006421";"YUMBATOS";"NE_0001";"";"NE_0001";"NE_0001";"NE_0001";"NE_0001";"NE_0001";"NE_0001";"NE_0001"
"2023";"06";"221001";"SAN MARTIN";"TOCACHE";"TOCACHE";"GOBIERNO REGIONAL";"II-1";"00006580";"HOSPITAL II-1 ""DR. JOSE PEÑA PORTUGUEZ "" - TOCACHE";"241800";"HOSPITALIZACIÓN DE MEDICINA MEDICINA GENERAL ";"24";"28";"160";"160";"11";"330";"1"
"2023";"06";"221001";"SAN MARTIN";"TOCACHE";"TOCACHE";"GOBIERNO REGIONAL";"II-1";"00006580";"HOSPITAL II-1 ""DR. JOSE PEÑA PORTUGUEZ "" - TOCACHE";"241400";"HOSPITALIZACIÓN QUIRÚRGICA GINECO - OBSTETRICIA ";"80";"88";"201";"201";"8";"240";"1"
"2023";"06";"221001";"SAN MARTIN";"TOCACHE";"TOCACHE";"GOBIERNO REGIONAL";"II-1";"00006580";"HOSPITAL II-1 ""DR. JOSE PEÑA PORTUGUEZ "" - TOCACHE";"240100";"HOSPITALIZACIÓN QUIRÚRGICA CIRUGÍA GENERAL ";"50";"56";"257";"257";"15";"450";"2"
"2023";"06";"221001";"SAN MARTIN";"TOCACHE";"TOCACHE";"GOBIERNO REGIONAL";"II-1";"00006580";"HOSPITAL II-1 ""DR. JOSE PEÑA PORTUGUEZ "" - TOCACHE";"243200";"HOSPITALIZACIÓN DE PEDIATRÍA PEDIATRIA NEONATOLOGÍA";"25";"27";"56";"56";"21";"630";"0"
"2023";"06";"221001";"SAN MARTIN";"TOCACHE";"TOCACHE";"GOBIERNO REGIONAL";"II-1";"00006580";"HOSPITAL II-1 ""DR. JOSE PEÑA PORTUGUEZ "" - TOCACHE";"242500";"HOSPITALIZACIÓN-PEDIATRÍA GENERAL-";"16";"18";"87";"87";"5";"150";"0"
"2023";"06";"240302";"TUMBES";"ZARUMILLA";"AGUAS VERDES";"GOBIERNO REGIONAL";"I-1";"00001887";"POCITOS";"NE_0001";"";"NE_0001";"NE_0001";"NE_0001";"NE_0001";"NE_0001";"NE_0001";"NE_0001"
"2023";"06";"240304";"TUMBES";"ZARUMILLA";"PAPAYAL";"GOBIERNO REGIONAL";"I-2";"00001893";"UÑA DE GATO";"NE_0001";"";"NE_0001";"NE_0001";"NE_0001";"NE_0001";"NE_0001";"NE_0001";"NE_0001"
"2023";"06";"240301";"TUMBES";"ZARUMILLA";"ZARUMILLA";"GOBIERNO REGIONAL";"I-3";"00026856";"Centro de Salud Mental Comunitario  ""LIC. ENF. SILVIA VIOLETA CONDE SOSA""";"NE_0001";"";"NE_0001";"NE_0001";"NE_0001";"NE_0001";"NE_0001";"NE_0001";"NE_0001"
"2023";"06";"240304";"TUMBES";"ZARUMILLA";"PAPAYAL";"GOBIERNO REGIONAL";"I-2";"00001892";"LA PALMA";"NE_0001";"";"NE_0001";"NE_0001";"NE_0001";"NE_0001";"NE_0001";"NE_0001";"NE_0001"
"2023";"06";"240304";"TUMBES";"ZARUMILLA";"PAPAYAL";"GOBIERNO REGIONAL";"I-1";"00001894";"EL PORVENIR.";"NE_0001";"";"NE_0001";"NE_0001";"NE_0001";"NE_0001";"NE_0001";"NE_0001";"NE_0001"
"2023";"06";"240304";"TUMBES";"ZARUMILLA";"PAPAYAL";"GOBIERNO REGIONAL";"I-1";"00001895";"LECHUGAL";"NE_0001";"";"NE_0001";"NE_0001";"NE_0001";"NE_0001";"NE_0001";"NE_0001";"NE_0001"
"2023";"06";"240301";"TUMBES";"ZARUMILLA";"ZARUMILLA";"GOBIERNO REGIONAL";"I-4";"00001896";"CENTRO DE SALUD ZARUMILLA";"NE_0002";"";"NE_0002";"NE_0002";"NE_0002";"NE_0002";"NE_0002";"NE_0002";"NE_0002"
"2023";"06";"240302";"TUMBES";"ZARUMILLA";"AGUAS VERDES";"GOBIERNO REGIONAL";"I-3";"00001885";"CLAS AGUAS VERDES";"NE_0001";"";"NE_0001";"NE_0001";"NE_0001";"NE_0001";"NE_0001";"NE_0001";"NE_0001"
"2023";"06";"240302";"TUMBES";"ZARUMILLA";"AGUAS VERDES";"GOBIERNO REGIONAL";"I-1";"00001889";"LOMA SAAVEDRA";"NE_0001";"";"NE_0001";"NE_0001";"NE_0001";"NE_0001";"NE_0001";"NE_0001";"NE_0001"
"2023";"06";"240304";"TUMBES";"ZARUMILLA";"PAPAYAL";"GOBIERNO REGIONAL";"I-3";"00001891";"C.S. PAPAYAL";"NE_0001";"";"NE_0001";"NE_0001";"NE_0001";"NE_0001";"NE_0001";"NE_0001";"NE_0001"
"2023";"06";"240301";"TUMBES";"ZARUMILLA";"ZARUMILLA";"GOBIERNO REGIONAL";"0";"00030270";"II HOGAR PROTEGIDO";"NE_0001";"";"NE_0001";"NE_0001";"NE_0001";"NE_0001";"NE_0001";"NE_0001";"NE_0001"
"2023";"06";"240303";"TUMBES";"ZARUMILLA";"MATAPALO";"GOBIERNO REGIONAL";"I-3";"00001890";"C.S MATAPALO";"NE_0001";"";"NE_0001";"NE_0001";"NE_0001";"NE_0001";"NE_0001";"NE_0001";"NE_0001"
"2023";"06";"240302";"TUMBES";"ZARUMILLA";"AGUAS VERDES";"GOBIERNO REGIONAL";"I-2";"00001886";"CUCHARETA BAJA";"NE_0001";"";"NE_0001";"NE_0001";"NE_0001";"NE_0001";"NE_0001";"NE_0001";"NE_0001"
"2023";"06";"200110";"PIURA";"PIURA";"LA UNION";"ESSALUD";"I-3";"00011733";"CENTRO MEDICO ""LEONCIO AMAYA TUME""";"NE_0001";"";"NE_0001";"NE_0001";"NE_0001";"NE_0001";"NE_0001";"NE_0001";"NE_0001"
"2023";"06";"050116";"AYACUCHO";"HUAMANGA";"ANDRES AVELINO CACERES D.";"GOBIERNO REGIONAL";"I-3";"00003603";"CENTRO DE SALUD CONCHOPATA";"NE_0002";"";"NE_0002";"NE_0002";"NE_0002";"NE_0002";"NE_0002";"NE_0002";"NE_0002"
"2023";"06";"050116";"AYACUCHO";"HUAMANGA";"ANDRES AVELINO CACERES D.";"GOBIERNO REGIONAL";"I-1";"00011362";"PUESTO DE SALUD YANAMILLA";"NE_0001";"";"NE_0001";"NE_0001";"NE_0001";"NE_0001";"NE_0001";"NE_0001";"NE_0001"
"2023";"06";"050116";"AYACUCHO";"HUAMANGA";"ANDRES AVELINO CACERES D.";"GOBIERNO REGIONAL";"I-3";"00003602";"CENTRO DE SALUD SANTA ELENA";"241600";"HOSPITALIZACIÓN QUIRÚRGICA OBSTETRICIA   ";"15";"16";"31";"2";"4";"6";"0"
"2023";"06";"050113";"AYACUCHO";"HUAMANGA";"TAMBILLO";"GOBIERNO REGIONAL";"I-1";"00003604";"PUESTO DE SALUD HUAYHUACONDO";"NE_0001";"";"NE_0001";"NE_0001";"NE_0001";"NE_0001";"NE_0001";"NE_0001";"NE_0001"
"2023";"06";"050113";"AYACUCHO";"HUAMANGA";"TAMBILLO";"GOBIERNO REGIONAL";"I-2";"00003549";"TAMBILLO";"NE_0001";"";"NE_0001";"NE_0001";"NE_0001";"NE_0001";"NE_0001";"NE_0001";"NE_0001"
"2023";"06";"050206";"AYACUCHO";"CANGALLO";"TOTOS";"GOBIERNO REGIONAL";"I-1";"00003625";"QUIÑASI";"NE_0001";"";"NE_0001";"NE_0001";"NE_0001";"NE_0001";"NE_0001";"NE_0001";"NE_0001"
"2023";"06";"051012";"AYACUCHO";"VICTOR FAJARDO";"VILCANCHOS";"GOBIERNO REGIONAL";"I-1";"00003627";"COCAS";"NE_0001";"";"NE_0001";"NE_0001";"NE_0001";"NE_0001";"NE_0001";"NE_0001";"NE_0001"
"2023";"06";"050206";"AYACUCHO";"CANGALLO";"TOTOS";"GOBIERNO REGIONAL";"I-1";"00003622";"CHUYMAY";"NE_0001";"";"NE_0001";"NE_0001";"NE_0001";"NE_0001";"NE_0001";"NE_0001";"NE_0001"
"2023";"06";"051012";"AYACUCHO";"VICTOR FAJARDO";"VILCANCHOS";"GOBIERNO REGIONAL";"I-2";"00003628";"PUESTO DE SALUD VILCANCHOS";"NE_0001";"";"NE_0001";"NE_0001";"NE_0001";"NE_0001";"NE_0001";"NE_0001";"NE_0001"
"2023";"06";"050206";"AYACUCHO";"CANGALLO";"TOTOS";"GOBIERNO REGIONAL";"I-1";"00003625";"QUIÑASI";"NE_0001";"";"NE_0001";"NE_0001";"NE_0001";"NE_0001";"NE_0001";"NE_0001";"NE_0001"
"2023";"06";"051012";"AYACUCHO";"VICTOR FAJARDO";"VILCANCHOS";"GOBIERNO REGIONAL";"I-1";"00003627";"COCAS";"NE_0001";"";"NE_0001";"NE_0001";"NE_0001";"NE_0001";"NE_0001";"NE_0001";"NE_0001"
"2023";"07";"040503";"AREQUIPA";"CAYLLOMA";"CABANACONDE";"GOBIERNO REGIONAL";"I-3";"00001420";"CENTRO DE SALUD CABANACONDE";"NE_0001";"";"NE_0001";"NE_0001";"NE_0001";"NE_0001";"NE_0001";"NE_0001";"NE_0001"
"2023";"07";"080108";"CUSCO";"CUSCO";"WANCHAQ";"ESSALUD";"III-1";"00010041";"ADOLFO GUEVARA VELASCO";"250105";"UNIDAD DE CUIDADOS CRITICOS UNIDAD  DE CUIDADOS INTENSIVOS  (UCI) NEONATOLOGÍA";"6";"28";"239";"188";"10";"310";"0"
"2023";"07";"080108";"CUSCO";"CUSCO";"WANCHAQ";"ESSALUD";"III-1";"00010041";"ADOLFO GUEVARA VELASCO";"241900";"HOSPITALIZACIÓN DE MEDICINA MEDICINA INTERNA ";"6";"11";"99";"103";"4";"124";"0"
"2023";"07";"080108";"CUSCO";"CUSCO";"WANCHAQ";"ESSALUD";"III-1";"00010041";"ADOLFO GUEVARA VELASCO";"241900";"HOSPITALIZACIÓN DE MEDICINA MEDICINA INTERNA ";"48";"40";"289";"411";"14";"434";"0"
"2023";"07";"080108";"CUSCO";"CUSCO";"WANCHAQ";"ESSALUD";"III-1";"00010041";"ADOLFO GUEVARA VELASCO";"241900";"HOSPITALIZACIÓN DE MEDICINA MEDICINA INTERNA ";"12";"13";"137";"218";"8";"248";"1"
"2023";"07";"080108";"CUSCO";"CUSCO";"WANCHAQ";"ESSALUD";"III-1";"00010041";"ADOLFO GUEVARA VELASCO";"241900";"HOSPITALIZACIÓN DE MEDICINA MEDICINA INTERNA ";"16";"41";"617";"475";"16";"496";"0"
"2023";"07";"080108";"CUSCO";"CUSCO";"WANCHAQ";"ESSALUD";"III-1";"00010041";"ADOLFO GUEVARA VELASCO";"241900";"HOSPITALIZACIÓN DE MEDICINA MEDICINA INTERNA ";"8";"5";"41";"72";"3";"93";"0"
"2023";"07";"080108";"CUSCO";"CUSCO";"WANCHAQ";"ESSALUD";"III-1";"00010041";"ADOLFO GUEVARA VELASCO";"241900";"HOSPITALIZACIÓN DE MEDICINA MEDICINA INTERNA ";"105";"81";"1492";"1225";"40";"1240";"8"
"2023";"07";"080108";"CUSCO";"CUSCO";"WANCHAQ";"ESSALUD";"III-1";"00010041";"ADOLFO GUEVARA VELASCO";"241900";"HOSPITALIZACIÓN DE MEDICINA MEDICINA INTERNA ";"42";"57";"777";"406";"14";"434";"1"
"2023";"07";"080108";"CUSCO";"CUSCO";"WANCHAQ";"ESSALUD";"III-1";"00010041";"ADOLFO GUEVARA VELASCO";"241900";"HOSPITALIZACIÓN DE MEDICINA MEDICINA INTERNA ";"18";"22";"368";"227";"8";"248";"0"
"2023";"07";"080108";"CUSCO";"CUSCO";"WANCHAQ";"ESSALUD";"III-1";"00010041";"ADOLFO GUEVARA VELASCO";"242100";"HOSPITALIZACIÓN DE MEDICINA ONCOLOGÍA MÉDICA ";"73";"77";"571";"546";"18";"558";"10"
"2023";"07";"080108";"CUSCO";"CUSCO";"WANCHAQ";"ESSALUD";"III-1";"00010041";"ADOLFO GUEVARA VELASCO";"240200";"HOSPITALIZACIÓN QUIRÚRGICA CIRUGÍA DE CABEZA Y CUELLO / MÁXILO FACIAL ";"13";"16";"231";"168";"6";"186";"0"
"2023";"07";"080108";"CUSCO";"CUSCO";"WANCHAQ";"ESSALUD";"III-1";"00010041";"ADOLFO GUEVARA VELASCO";"240400";"HOSPITALIZACIÓN QUIRÚRGICA CIRUGÍA DE TÓRAX Y CARDIOVASCULAR ";"22";"20";"185";"141";"5";"155";"0"
"2023";"07";"080108";"CUSCO";"CUSCO";"WANCHAQ";"ESSALUD";"III-1";"00010041";"ADOLFO GUEVARA VELASCO";"241000";"HOSPITALIZACIÓN QUIRÚRGICA ONCOLOGÍA QUIRÚRGICA  ";"38";"32";"148";"158";"6";"186";"0"
"2023";"07";"080108";"CUSCO";"CUSCO";"WANCHAQ";"ESSALUD";"III-1";"00010041";"ADOLFO GUEVARA VELASCO";"240100";"HOSPITALIZACIÓN QUIRÚRGICA CIRUGÍA GENERAL ";"204";"212";"735";"671";"23";"713";"2"
"2023";"07";"080108";"CUSCO";"CUSCO";"WANCHAQ";"ESSALUD";"III-1";"00010041";"ADOLFO GUEVARA VELASCO";"240800";"HOSPITALIZACIÓN QUIRÚRGICA CIRUGÍA PLÁSTICA/RECONSTRUCTIVA/ REPARADORA ";"0";"0";"0";"31";"1";"31";"0"
"2023";"07";"080108";"CUSCO";"CUSCO";"WANCHAQ";"ESSALUD";"III-1";"00010041";"ADOLFO GUEVARA VELASCO";"240900";"HOSPITALIZACIÓN QUIRÚRGICA NEUROCIRUGÍA ";"25";"24";"331";"331";"11";"341";"0"
"2023";"07";"080108";"CUSCO";"CUSCO";"WANCHAQ";"ESSALUD";"III-1";"00010041";"ADOLFO GUEVARA VELASCO";"241200";"HOSPITALIZACIÓN QUIRÚRGICA TRAUMATOLOGÍA Y ORTOPEDIA ";"92";"98";"681";"686";"23";"713";"0"
"2023";"07";"080108";"CUSCO";"CUSCO";"WANCHAQ";"ESSALUD";"III-1";"00010041";"ADOLFO GUEVARA VELASCO";"241100";"HOSPITALIZACIÓN QUIRÚRGICA OTORRINOLARINGOLOGÍA  ";"42";"44";"186";"186";"6";"186";"0"
"2023";"07";"080108";"CUSCO";"CUSCO";"WANCHAQ";"ESSALUD";"III-1";"00010041";"ADOLFO GUEVARA VELASCO";"241300";"HOSPITALIZACIÓN QUIRÚRGICA UROLOGÍA  ";"61";"59";"296";"300";"12";"372";"0"
"2023";"07";"080108";"CUSCO";"CUSCO";"WANCHAQ";"ESSALUD";"III-1";"00010041";"ADOLFO GUEVARA VELASCO";"241500";"HOSPITALIZACIÓN QUIRÚRGICA GINECOLOGÍA  ";"113";"108";"331";"353";"16";"496";"0"
"2023";"07";"080108";"CUSCO";"CUSCO";"WANCHAQ";"ESSALUD";"III-1";"00010041";"ADOLFO GUEVARA VELASCO";"241600";"HOSPITALIZACIÓN QUIRÚRGICA OBSTETRICIA   ";"234";"237";"703";"676";"30";"930";"0"
"2023";"07";"080108";"CUSCO";"CUSCO";"WANCHAQ";"ESSALUD";"III-1";"00010041";"ADOLFO GUEVARA VELASCO";"242300";"HOSPITALIZACIÓN DE PEDIATRÍA  PEDIATRÍA  GENERAL ";"105";"100";"537";"548";"22";"682";"0"
"2023";"07";"080108";"CUSCO";"CUSCO";"WANCHAQ";"ESSALUD";"III-1";"00010041";"ADOLFO GUEVARA VELASCO";"240700";"HOSPITALIZACIÓN QUIRÚRGICA CIRUGÍA PEDIÁTRICA ";"18";"16";"107";"117";"11";"341";"0"
"2023";"07";"080108";"CUSCO";"CUSCO";"WANCHAQ";"ESSALUD";"III-1";"00010041";"ADOLFO GUEVARA VELASCO";"250100";"UNIDAD DE CUIDADOS CRITICOS UNIDAD  DE CUIDADOS INTENSIVOS GENERALES (UCI) ";"27";"9";"147";"239";"12";"372";"6"
"2023";"07";"080108";"CUSCO";"CUSCO";"WANCHAQ";"ESSALUD";"III-1";"00010041";"ADOLFO GUEVARA VELASCO";"250108";"UNIDAD DE CUIDADOS CRITICOS UNIDAD  DE CUIDADOS INTENSIVOS  (UCI) PEDIÁTRICA";"7";"2";"13";"34";"3";"93";"0"
"2023";"07";"080108";"CUSCO";"CUSCO";"WANCHAQ";"ESSALUD";"III-1";"00010041";"ADOLFO GUEVARA VELASCO";"250105";"UNIDAD DE CUIDADOS CRITICOS UNIDAD  DE CUIDADOS INTENSIVOS  (UCI) NEONATOLOGÍA";"11";"1";"6";"89";"10";"310";"2"
"2023";"07";"080108";"CUSCO";"CUSCO";"WANCHAQ";"ESSALUD";"III-1";"00010041";"ADOLFO GUEVARA VELASCO";"250200";"UNIDAD DE CUIDADOS CRITICOS UNIDAD DE CUIDADOS INTERMEDIOS GENERAL  (UCIN) ";"5";"2";"59";"189";"8";"248";"0"
"2023";"07";"080108";"CUSCO";"CUSCO";"WANCHAQ";"ESSALUD";"III-1";"00010041";"ADOLFO GUEVARA VELASCO";"250105";"UNIDAD DE CUIDADOS CRITICOS UNIDAD  DE CUIDADOS INTENSIVOS  (UCI) NEONATOLOGÍA";"3";"12";"188";"181";"10";"310";"0"
"2023";"07";"080108";"CUSCO";"CUSCO";"WANCHAQ";"ESSALUD";"III-1";"00010041";"ADOLFO GUEVARA VELASCO";"250105";"UNIDAD DE CUIDADOS CRITICOS UNIDAD  DE CUIDADOS INTENSIVOS  (UCI) NEONATOLOGÍA";"2";"23";"195";"175";"8";"248";"0"
"2023";"07";"040507";"AREQUIPA";"CAYLLOMA";"HUAMBO";"GOBIERNO REGIONAL";"I-2";"00001433";"PUESTO DE SALUD HUAMBO";"NE_0001";"";"NE_0001";"NE_0001";"NE_0001";"NE_0001";"NE_0001";"NE_0001";"NE_0001"
"2023";"07";"040406";"AREQUIPA";"CASTILLA";"CHOCO";"GOBIERNO REGIONAL";"I-2";"00001441";"PUESTO DE SALUD CHOCO";"NE_0001";"";"NE_0001";"NE_0001";"NE_0001";"NE_0001";"NE_0001";"NE_0001";"NE_0001"
"2023";"07";"040503";"AREQUIPA";"CAYLLOMA";"CABANACONDE";"GOBIERNO REGIONAL";"I-2";"00001432";"PUESTO DE SALUD PINCHOLLO";"NE_0001";"";"NE_0001";"NE_0001";"NE_0001";"NE_0001";"NE_0001";"NE_0001";"NE_0001"
"2023";"07";"220401";"SAN MARTIN";"HUALLAGA";"SAPOSOA";"GOBIERNO REGIONAL";"I-1";"00006537";"CHAMBIRA";"NE_0001";"";"NE_0001";"NE_0001";"NE_0001";"NE_0001";"NE_0001";"NE_0001";"NE_0001"
"2023";"07";"220402";"SAN MARTIN";"HUALLAGA";"ALTO SAPOSOA";"GOBIERNO REGIONAL";"I-2";"00006539";"PASARRAYA";"NE_0001";"";"NE_0001";"NE_0001";"NE_0001";"NE_0001";"NE_0001";"NE_0001";"NE_0001"
"2023";"07";"220401";"SAN MARTIN";"HUALLAGA";"SAPOSOA";"GOBIERNO REGIONAL";"I-1";"00026163";"AGUA AZUL";"NE_0001";"";"NE_0001";"NE_0001";"NE_0001";"NE_0001";"NE_0001";"NE_0001";"NE_0001"
"2023";"07";"220401";"SAN MARTIN";"HUALLAGA";"SAPOSOA";"GOBIERNO REGIONAL";"I-1";"00006534";"SAN ANDRES";"NE_0001";"";"NE_0001";"NE_0001";"NE_0001";"NE_0001";"NE_0001";"NE_0001";"NE_0001"
"2023";"07";"220401";"SAN MARTIN";"HUALLAGA";"SAPOSOA";"GOBIERNO REGIONAL";"I-1";"00006535";"SAN REGIS";"NE_0001";"";"NE_0001";"NE_0001";"NE_0001";"NE_0001";"NE_0001";"NE_0001";"NE_0001"
"2023";"07";"220402";"SAN MARTIN";"HUALLAGA";"ALTO SAPOSOA";"GOBIERNO REGIONAL";"I-1";"00006540";"NUEVA VIDA";"NE_0001";"";"NE_0001";"NE_0001";"NE_0001";"NE_0001";"NE_0001";"NE_0001";"NE_0001"
"2023";"07";"220401";"SAN MARTIN";"HUALLAGA";"SAPOSOA";"GOBIERNO REGIONAL";"I-4";"00006529";"RURAL SAPOSOA";"241400";"HOSPITALIZACIÓN QUIRÚRGICA GINECO - OBSTETRICIA ";"47";"48";"97";"50";"10";"60";"0"
"2023";"07";"220401";"SAN MARTIN";"HUALLAGA";"SAPOSOA";"GOBIERNO REGIONAL";"I-4";"00006529";"RURAL SAPOSOA";"241800";"HOSPITALIZACIÓN DE MEDICINA MEDICINA GENERAL ";"44";"50";"180";"50";"10";"50";"1"
"2023";"07";"220401";"SAN MARTIN";"HUALLAGA";"SAPOSOA";"GOBIERNO REGIONAL";"I-4";"00006529";"RURAL SAPOSOA";"240100";"HOSPITALIZACIÓN QUIRÚRGICA CIRUGÍA GENERAL ";"14";"14";"29";"20";"2";"30";"0"
"2023";"07";"220401";"SAN MARTIN";"HUALLAGA";"SAPOSOA";"GOBIERNO REGIONAL";"I-4";"00006529";"RURAL SAPOSOA";"241900";"HOSPITALIZACIÓN DE MEDICINA MEDICINA INTERNA ";"1";"1";"6";"20";"4";"30";"0"
"2023";"07";"220401";"SAN MARTIN";"HUALLAGA";"SAPOSOA";"GOBIERNO REGIONAL";"I-1";"00006531";"ALMENDRAS";"NE_0001";"";"NE_0001";"NE_0001";"NE_0001";"NE_0001";"NE_0001";"NE_0001";"NE_0001"
"2023";"07";"220404";"SAN MARTIN";"HUALLAGA";"PISCOYACU";"GOBIERNO REGIONAL";"I-1";"00006533";"PISCOYACU";"NE_0001";"";"NE_0001";"NE_0001";"NE_0001";"NE_0001";"NE_0001";"NE_0001";"NE_0001"
"2023";"07";"220401";"SAN MARTIN";"HUALLAGA";"SAPOSOA";"GOBIERNO REGIONAL";"I-1";"00021587";"ALTO PACHIZA";"NE_0001";"";"NE_0001";"NE_0001";"NE_0001";"NE_0001";"NE_0001";"NE_0001";"NE_0001"
"2023";"07";"220401";"SAN MARTIN";"HUALLAGA";"SAPOSOA";"GOBIERNO REGIONAL";"I-1";"00006532";"PALTAICO";"NE_0001";"";"NE_0001";"NE_0001";"NE_0001";"NE_0001";"NE_0001";"NE_0001";"NE_0001"
"2023";"07";"220401";"SAN MARTIN";"HUALLAGA";"SAPOSOA";"GOBIERNO REGIONAL";"I-1";"00006530";"7 DE JUNIO-AHUIHUA";"NE_0001";"";"NE_0001";"NE_0001";"NE_0001";"NE_0001";"NE_0001";"NE_0001";"NE_0001"
"2023";"07";"220401";"SAN MARTIN";"HUALLAGA";"SAPOSOA";"GOBIERNO REGIONAL";"I-1";"00006536";"INTIYACU";"NE_0001";"";"NE_0001";"NE_0001";"NE_0001";"NE_0001";"NE_0001";"NE_0001";"NE_0001"
"2023";"07";"220401";"SAN MARTIN";"HUALLAGA";"SAPOSOA";"GOBIERNO REGIONAL";"I-1";"00006537";"CHAMBIRA";"NE_0001";"";"NE_0001";"NE_0001";"NE_0001";"NE_0001";"NE_0001";"NE_0001";"NE_0001"
"2023";"07";"220402";"SAN MARTIN";"HUALLAGA";"ALTO SAPOSOA";"GOBIERNO REGIONAL";"I-2";"00006539";"PASARRAYA";"NE_0001";"";"NE_0001";"NE_0001";"NE_0001";"NE_0001";"NE_0001";"NE_0001";"NE_0001"
"2023";"07";"220401";"SAN MARTIN";"HUALLAGA";"SAPOSOA";"GOBIERNO REGIONAL";"I-1";"00026163";"AGUA AZUL";"NE_0001";"";"NE_0001";"NE_0001";"NE_0001";"NE_0001";"NE_0001";"NE_0001";"NE_0001"
"2023";"06";"250301";"UCAYALI";"PADRE ABAD";"PADRE ABAD";"GOBIERNO REGIONAL";"I-1";"00030640";"PUESTO DE SALUD YAMINO";"NE_0002";"";"NE_0002";"NE_0002";"NE_0002";"NE_0002";"NE_0002";"NE_0002";"NE_0002"
"2023";"06";"250301";"UCAYALI";"PADRE ABAD";"PADRE ABAD";"GOBIERNO REGIONAL";"I-1";"00030639";"PUESTO DE SALUD VALLE DE SION";"NE_0002";"";"NE_0002";"NE_0002";"NE_0002";"NE_0002";"NE_0002";"NE_0002";"NE_0002"
"2023";"06";"250301";"UCAYALI";"PADRE ABAD";"PADRE ABAD";"GOBIERNO REGIONAL";"I-1";"00030638";"PUESTO DE SALUD LOS OLIVOS";"NE_0002";"";"NE_0002";"NE_0002";"NE_0002";"NE_0002";"NE_0002";"NE_0002";"NE_0002"
"2023";"06";"250301";"UCAYALI";"PADRE ABAD";"PADRE ABAD";"GOBIERNO REGIONAL";"I-1";"00019070";"NUEVA CHONTA";"NE_0001";"";"NE_0001";"NE_0001";"NE_0001";"NE_0001";"NE_0001";"NE_0001";"NE_0001"
"2023";"06";"250301";"UCAYALI";"PADRE ABAD";"PADRE ABAD";"GOBIERNO REGIONAL";"I-2";"00006802";"SHAMBILLO";"NE_0001";"";"NE_0001";"NE_0001";"NE_0001";"NE_0001";"NE_0001";"NE_0001";"NE_0001"
"2023";"06";"250301";"UCAYALI";"PADRE ABAD";"PADRE ABAD";"GOBIERNO REGIONAL";"I-2";"00005411";"SANTA ROSA DE AGUAYTIA";"NE_0001";"";"NE_0001";"NE_0001";"NE_0001";"NE_0001";"NE_0001";"NE_0001";"NE_0001"
"2023";"06";"250301";"UCAYALI";"PADRE ABAD";"PADRE ABAD";"GOBIERNO REGIONAL";"I-1";"00005410";"SANTA ANA";"NE_0001";"";"NE_0001";"NE_0001";"NE_0001";"NE_0001";"NE_0001";"NE_0001";"NE_0001"
"2023";"06";"250301";"UCAYALI";"PADRE ABAD";"PADRE ABAD";"GOBIERNO REGIONAL";"I-2";"00005407";"COMUNIDAD NATIVA DE PUERTO AZUL";"NE_0001";"";"NE_0001";"NE_0001";"NE_0001";"NE_0001";"NE_0001";"NE_0001";"NE_0001"
"2023";"06";"250301";"UCAYALI";"PADRE ABAD";"PADRE ABAD";"GOBIERNO REGIONAL";"I-2";"00005400";"HUIPOCA";"NE_0001";"";"NE_0001";"NE_0001";"NE_0001";"NE_0001";"NE_0001";"NE_0001";"NE_0001"
"2023";"06";"250203";"UCAYALI";"ATALAYA";"TAHUANIA";"MINSA";"I-1";"00032189";"PUESTO DE SALUD MENCORIARI.";"NE_0001";"";"NE_0001";"NE_0001";"NE_0001";"NE_0001";"NE_0001";"NE_0001";"NE_0001"
"2023";"06";"250203";"UCAYALI";"ATALAYA";"TAHUANIA";"MINSA";"I-1";"00031894";"PUESTO DE SALUD NUEVO PARAISO-TAHUANIA.";"NE_0001";"";"NE_0001";"NE_0001";"NE_0001";"NE_0001";"NE_0001";"NE_0001";"NE_0001"
"2023";"06";"250202";"UCAYALI";"ATALAYA";"SEPAHUA";"GOBIERNO REGIONAL";"I-1";"00019549";"SANTA ROSA DE SERJALI";"NE_0001";"";"NE_0001";"NE_0001";"NE_0001";"NE_0001";"NE_0001";"NE_0001";"NE_0001"
"2023";"06";"250203";"UCAYALI";"ATALAYA";"TAHUANIA";"GOBIERNO REGIONAL";"I-1";"00007106";"TONIROMASHI";"NE_0001";"";"NE_0001";"NE_0001";"NE_0001";"NE_0001";"NE_0001";"NE_0001";"NE_0001"
"2023";"06";"250202";"UCAYALI";"ATALAYA";"SEPAHUA";"GOBIERNO REGIONAL";"I-1";"00005525";"PUIJA";"NE_0001";"";"NE_0001";"NE_0001";"NE_0001";"NE_0001";"NE_0001";"NE_0001";"NE_0001"
"2023";"06";"250202";"UCAYALI";"ATALAYA";"SEPAHUA";"GOBIERNO REGIONAL";"I-1";"00005524";"BUFEO POZO";"NE_0001";"";"NE_0001";"NE_0001";"NE_0001";"NE_0001";"NE_0001";"NE_0001";"NE_0001"
"2023";"06";"250202";"UCAYALI";"ATALAYA";"SEPAHUA";"GOBIERNO REGIONAL";"I-3";"00005523";"SEPAHUA";"NE_0001";"";"NE_0001";"NE_0001";"NE_0001";"NE_0001";"NE_0001";"NE_0001";"NE_0001"
"2023";"06";"250203";"UCAYALI";"ATALAYA";"TAHUANIA";"GOBIERNO REGIONAL";"I-1";"00005522";"TUPAC AMARU";"NE_0001";"";"NE_0001";"NE_0001";"NE_0001";"NE_0001";"NE_0001";"NE_0001";"NE_0001"
"2023";"06";"250203";"UCAYALI";"ATALAYA";"TAHUANIA";"GOBIERNO REGIONAL";"I-2";"00005521";"NUEVA ITALIA";"NE_0001";"";"NE_0001";"NE_0001";"NE_0001";"NE_0001";"NE_0001";"NE_0001";"NE_0001"
"2023";"06";"250203";"UCAYALI";"ATALAYA";"TAHUANIA";"GOBIERNO REGIONAL";"I-1";"00005520";"SHAHUAYA";"NE_0001";"";"NE_0001";"NE_0001";"NE_0001";"NE_0001";"NE_0001";"NE_0001";"NE_0001"
"2023";"06";"250203";"UCAYALI";"ATALAYA";"TAHUANIA";"GOBIERNO REGIONAL";"I-1";"00005519";"SEMPAYA";"NE_0001";"";"NE_0001";"NE_0001";"NE_0001";"NE_0001";"NE_0001";"NE_0001";"NE_0001"
"2023";"06";"250203";"UCAYALI";"ATALAYA";"TAHUANIA";"GOBIERNO REGIONAL";"I-3";"00005518";"BOLOGNESI";"NE_0001";"";"NE_0001";"NE_0001";"NE_0001";"NE_0001";"NE_0001";"NE_0001";"NE_0001"
"2023";"06";"250201";"UCAYALI";"ATALAYA";"RAIMONDI";"GOBIERNO REGIONAL";"I-1";"00005516";"RIMA";"NE_0001";"";"NE_0001";"NE_0001";"NE_0001";"NE_0001";"NE_0001";"NE_0001";"NE_0001"
"2023";"06";"250201";"UCAYALI";"ATALAYA";"RAIMONDI";"GOBIERNO REGIONAL";"I-1";"00005515";"ALTO CHENCORENI";"NE_0001";"";"NE_0001";"NE_0001";"NE_0001";"NE_0001";"NE_0001";"NE_0001";"NE_0001"
"2023";"06";"250201";"UCAYALI";"ATALAYA";"RAIMONDI";"GOBIERNO REGIONAL";"I-1";"00005514";"CHEQUITAVO";"NE_0001";"";"NE_0001";"NE_0001";"NE_0001";"NE_0001";"NE_0001";"NE_0001";"NE_0001"
"2023";"06";"250201";"UCAYALI";"ATALAYA";"RAIMONDI";"GOBIERNO REGIONAL";"I-1";"00005512";"MAPALCA";"NE_0001";"";"NE_0001";"NE_0001";"NE_0001";"NE_0001";"NE_0001";"NE_0001";"NE_0001"
"2023";"06";"250201";"UCAYALI";"ATALAYA";"RAIMONDI";"GOBIERNO REGIONAL";"I-1";"00005511";"PAOTI";"NE_0001";"";"NE_0001";"NE_0001";"NE_0001";"NE_0001";"NE_0001";"NE_0001";"NE_0001"
"2023";"06";"250201";"UCAYALI";"ATALAYA";"RAIMONDI";"GOBIERNO REGIONAL";"I-1";"00005507";"BOCA PUCANI";"NE_0001";"";"NE_0001";"NE_0001";"NE_0001";"NE_0001";"NE_0001";"NE_0001";"NE_0001"
"2023";"06";"250201";"UCAYALI";"ATALAYA";"RAIMONDI";"MINSA";"I-1";"00005506";"P.S RAMON CASTILLA";"NE_0001";"";"NE_0001";"NE_0001";"NE_0001";"NE_0001";"NE_0001";"NE_0001";"NE_0001"
"2023";"06";"250201";"UCAYALI";"ATALAYA";"RAIMONDI";"GOBIERNO REGIONAL";"I-2";"00005505";"OBENTENI";"NE_0001";"";"NE_0001";"NE_0001";"NE_0001";"NE_0001";"NE_0001";"NE_0001";"NE_0001"
"2023";"06";"250201";"UCAYALI";"ATALAYA";"RAIMONDI";"MINSA";"I-1";"00005504";"COCANI";"NE_0001";"";"NE_0001";"NE_0001";"NE_0001";"NE_0001";"NE_0001";"NE_0001";"NE_0001"
"2023";"06";"250101";"UCAYALI";"CORONEL PORTILLO";"CALLERIA";"GOBIERNO REGIONAL";"I-3";"00030785";"CENTRO DE SALUD MENTAL COMUNITARIO UNIVERSITARIO MAYUSHIN";"NE_0001";"";"NE_0001";"NE_0001";"NE_0001";"NE_0001";"NE_0001";"NE_0001";"NE_0001"
"2023";"06";"250101";"UCAYALI";"CORONEL PORTILLO";"CALLERIA";"GOBIERNO REGIONAL";"I-3";"00028683";"CENTRO DE SALUD MENTAL COMUNITARIO BENA MANATI";"NE_0001";"";"NE_0001";"NE_0001";"NE_0001";"NE_0001";"NE_0001";"NE_0001";"NE_0001"
"2023";"05";"010101";"AMAZONAS";"CHACHAPOYAS";"CHACHAPOYAS";"GOBIERNO REGIONAL";"II-2";"00004838";"HOSPITAL REGIONAL VIRGEN DE FATIMA";"240100";"HOSPITALIZACIÓN QUIRÚRGICA CIRUGÍA GENERAL ";"64";"78";"397";"386";"23";"713";"0"
"2023";"05";"010101";"AMAZONAS";"CHACHAPOYAS";"CHACHAPOYAS";"GOBIERNO REGIONAL";"II-2";"00004838";"HOSPITAL REGIONAL VIRGEN DE FATIMA";"241200";"HOSPITALIZACIÓN QUIRÚRGICA TRAUMATOLOGÍA Y ORTOPEDIA ";"16";"20";"216";"160";"9";"279";"0"
"2023";"05";"010101";"AMAZONAS";"CHACHAPOYAS";"CHACHAPOYAS";"GOBIERNO REGIONAL";"II-2";"00004838";"HOSPITAL REGIONAL VIRGEN DE FATIMA";"241500";"HOSPITALIZACIÓN QUIRÚRGICA GINECOLOGÍA  ";"22";"24";"75";"81";"18";"558";"0"
"2023";"05";"010101";"AMAZONAS";"CHACHAPOYAS";"CHACHAPOYAS";"GOBIERNO REGIONAL";"II-2";"00004838";"HOSPITAL REGIONAL VIRGEN DE FATIMA";"241600";"HOSPITALIZACIÓN QUIRÚRGICA OBSTETRICIA   ";"136";"141";"264";"371";"20";"620";"0"
"2023";"05";"010101";"AMAZONAS";"CHACHAPOYAS";"CHACHAPOYAS";"GOBIERNO REGIONAL";"II-2";"00004838";"HOSPITAL REGIONAL VIRGEN DE FATIMA";"241900";"HOSPITALIZACIÓN DE MEDICINA MEDICINA INTERNA ";"56";"75";"534";"440";"23";"713";"3"
"2023";"05";"010101";"AMAZONAS";"CHACHAPOYAS";"CHACHAPOYAS";"GOBIERNO REGIONAL";"II-2";"00004838";"HOSPITAL REGIONAL VIRGEN DE FATIMA";"242500";"HOSPITALIZACIÓN-PEDIATRÍA GENERAL-";"24";"30";"240";"159";"14";"434";"1"
"2023";"05";"010101";"AMAZONAS";"CHACHAPOYAS";"CHACHAPOYAS";"GOBIERNO REGIONAL";"II-2";"00004838";"HOSPITAL REGIONAL VIRGEN DE FATIMA";"243200";"HOSPITALIZACIÓN DE PEDIATRÍA PEDIATRIA NEONATOLOGÍA";"66";"73";"271";"305";"10";"310";"0"
"2023";"05";"010101";"AMAZONAS";"CHACHAPOYAS";"CHACHAPOYAS";"GOBIERNO REGIONAL";"II-2";"00004838";"HOSPITAL REGIONAL VIRGEN DE FATIMA";"250103";"UNIDAD DE CUIDADOS CRITICOS UNIDAD  DE CUIDADOS INTENSIVOS GENERALES  (UCI) MEDICINA";"2";"4";"39";"31";"5";"155";"2"
"2023";"05";"010101";"AMAZONAS";"CHACHAPOYAS";"CHACHAPOYAS";"GOBIERNO REGIONAL";"II-2";"00004838";"HOSPITAL REGIONAL VIRGEN DE FATIMA";"250105";"UNIDAD DE CUIDADOS CRITICOS UNIDAD  DE CUIDADOS INTENSIVOS  (UCI) NEONATOLOGÍA";"1";"4";"146";"52";"6";"186";"0"
"2023";"05";"220504";"SAN MARTIN";"LAMAS";"CAYNARACHI";"GOBIERNO REGIONAL";"I-1";"00006417";"SAN MIGUEL DE ACHINAMIZA";"NE_0001";"";"NE_0001";"NE_0001";"NE_0001";"NE_0001";"NE_0001";"NE_0001";"NE_0001"
"2023";"05";"220504";"SAN MARTIN";"LAMAS";"CAYNARACHI";"GOBIERNO REGIONAL";"I-1";"00006419";"BONILLA";"NE_0001";"";"NE_0001";"NE_0001";"NE_0001";"NE_0001";"NE_0001";"NE_0001";"NE_0001"
"2023";"05";"220504";"SAN MARTIN";"LAMAS";"CAYNARACHI";"GOBIERNO REGIONAL";"I-1";"00006421";"YUMBATOS";"NE_0001";"";"NE_0001";"NE_0001";"NE_0001";"NE_0001";"NE_0001";"NE_0001";"NE_0001"
"2023";"07";"080901";"CUSCO";"LA CONVENCION";"SANTA ANA";"PRIVADO";"II-E";"00026080";"SR DE TORRECHAYOC";"241400";"HOSPITALIZACIÓN QUIRÚRGICA GINECO - OBSTETRICIA ";"8";"8";"13";"9";"4";"120";"0"
"2023";"06";"250201";"UCAYALI";"ATALAYA";"RAIMONDI";"GOBIERNO REGIONAL";"I-1";"00005517";"SERJALI";"NE_0001";"";"NE_0001";"NE_0001";"NE_0001";"NE_0001";"NE_0001";"NE_0001";"NE_0001"
"2023";"06";"250201";"UCAYALI";"ATALAYA";"RAIMONDI";"GOBIERNO REGIONAL";"I-1";"00005510";"LA FLORESTA";"NE_0001";"";"NE_0001";"NE_0001";"NE_0001";"NE_0001";"NE_0001";"NE_0001";"NE_0001"
"2023";"06";"250201";"UCAYALI";"ATALAYA";"RAIMONDI";"MINSA";"I-1";"00005509";"CHICOSA";"NE_0001";"";"NE_0001";"NE_0001";"NE_0001";"NE_0001";"NE_0001";"NE_0001";"NE_0001"
"2023";"06";"250201";"UCAYALI";"ATALAYA";"RAIMONDI";"MINSA";"I-1";"00005508";"UNINI";"NE_0001";"";"NE_0001";"NE_0001";"NE_0001";"NE_0001";"NE_0001";"NE_0001";"NE_0001"
"2023";"06";"250201";"UCAYALI";"ATALAYA";"RAIMONDI";"MINSA";"I-2";"00005503";"MALDONADILLO";"NE_0001";"";"NE_0001";"NE_0001";"NE_0001";"NE_0001";"NE_0001";"NE_0001";"NE_0001"
"2023";"06";"250201";"UCAYALI";"ATALAYA";"RAIMONDI";"GOBIERNO REGIONAL";"I-4";"00005502";"ATALAYA";"NE_0002";"";"NE_0002";"NE_0002";"NE_0002";"NE_0002";"NE_0002";"NE_0002";"NE_0002"
"2023";"07";"051005";"AYACUCHO";"VICTOR FAJARDO";"CANARIA";"GOBIERNO REGIONAL";"I-1";"00003825";"PUESTO DE SALUD RACCAYA";"NE_0001";"";"NE_0001";"NE_0001";"NE_0001";"NE_0001";"NE_0001";"NE_0001";"NE_0001"
"2023";"07";"051005";"AYACUCHO";"VICTOR FAJARDO";"CANARIA";"GOBIERNO REGIONAL";"I-1";"00003827";"PUESTO DE SALUD UMASI";"NE_0001";"";"NE_0001";"NE_0001";"NE_0001";"NE_0001";"NE_0001";"NE_0001";"NE_0001"
"2023";"07";"051009";"AYACUCHO";"VICTOR FAJARDO";"HUANCARAYLLA";"GOBIERNO REGIONAL";"I-1";"00003837";"PUESTO DE SALUD CIRCAMARCA";"NE_0002";"";"NE_0002";"NE_0002";"NE_0002";"NE_0002";"NE_0002";"NE_0002";"NE_0002"
"2023";"07";"051004";"AYACUCHO";"VICTOR FAJARDO";"ASQUIPATA";"GOBIERNO REGIONAL";"I-1";"00003822";"PUESTO DE SALUD CHIHUIRE";"NE_0001";"";"NE_0001";"NE_0001";"NE_0001";"NE_0001";"NE_0001";"NE_0001";"NE_0001"
"2023";"07";"051010";"AYACUCHO";"VICTOR FAJARDO";"HUALLA";"GOBIERNO REGIONAL";"I-3";"00003829";"CENTRO DE SALUD HUALLA";"NE_0002";"";"NE_0002";"NE_0002";"NE_0002";"NE_0002";"NE_0002";"NE_0002";"NE_0002"
"2023";"07";"051010";"AYACUCHO";"VICTOR FAJARDO";"HUALLA";"GOBIERNO REGIONAL";"I-1";"00003830";"PUESTO DE SALUD TIQUIHUA";"NE_0001";"";"NE_0001";"NE_0001";"NE_0001";"NE_0001";"NE_0001";"NE_0001";"NE_0001"
"2023";"07";"051009";"AYACUCHO";"VICTOR FAJARDO";"HUANCARAYLLA";"GOBIERNO REGIONAL";"I-2";"00003838";"PUESTO DE SALUD HUANCARAYLLA";"NE_0001";"";"NE_0001";"NE_0001";"NE_0001";"NE_0001";"NE_0001";"NE_0001";"NE_0001"
"2023";"07";"051003";"AYACUCHO";"VICTOR FAJARDO";"APONGO";"GOBIERNO REGIONAL";"I-1";"00003819";"APONGO";"NE_0001";"";"NE_0001";"NE_0001";"NE_0001";"NE_0001";"NE_0001";"NE_0001";"NE_0001"
"2023";"07";"051005";"AYACUCHO";"VICTOR FAJARDO";"CANARIA";"GOBIERNO REGIONAL";"I-2";"00003826";"PUESTO DE SALUD TACA";"NE_0002";"";"NE_0002";"NE_0002";"NE_0002";"NE_0002";"NE_0002";"NE_0002";"NE_0002"
"2023";"07";"051008";"AYACUCHO";"VICTOR FAJARDO";"HUAMANQUIQUIA";"GOBIERNO REGIONAL";"I-2";"00003831";"PUESTO DE SALUD HUAMANQUIQUIA";"NE_0002";"";"NE_0002";"NE_0002";"NE_0002";"NE_0002";"NE_0002";"NE_0002";"NE_0002"
"2023";"07";"051108";"AYACUCHO";"VILCAS HUAMAN";"VISCHONGO";"GOBIERNO REGIONAL";"I-1";"00003840";"PUESTO DE SALUD UMARO";"NE_0001";"";"NE_0001";"NE_0001";"NE_0001";"NE_0001";"NE_0001";"NE_0001";"NE_0001"
"2023";"07";"051004";"AYACUCHO";"VICTOR FAJARDO";"ASQUIPATA";"GOBIERNO REGIONAL";"I-1";"00003821";"PUESTO DE SALUD ASQUIPATA";"NE_0001";"";"NE_0001";"NE_0001";"NE_0001";"NE_0001";"NE_0001";"NE_0001";"NE_0001"
"2023";"07";"051004";"AYACUCHO";"VICTOR FAJARDO";"ASQUIPATA";"GOBIERNO REGIONAL";"I-1";"00003823";"PUESTO DE SALUD MORCOLLA CHICO";"NE_0002";"";"NE_0002";"NE_0002";"NE_0002";"NE_0002";"NE_0002";"NE_0002";"NE_0002"
"2023";"07";"051008";"AYACUCHO";"VICTOR FAJARDO";"HUAMANQUIQUIA";"GOBIERNO REGIONAL";"I-1";"00003833";"PUESTO DE SALUD TINCA";"NE_0001";"";"NE_0001";"NE_0001";"NE_0001";"NE_0001";"NE_0001";"NE_0001";"NE_0001"
"2023";"07";"051007";"AYACUCHO";"VICTOR FAJARDO";"COLCA";"GOBIERNO REGIONAL";"I-1";"00003836";"PUESTO DE SALUD QUILLA";"NE_0001";"";"NE_0001";"NE_0001";"NE_0001";"NE_0001";"NE_0001";"NE_0001";"NE_0001"
"2023";"07";"051001";"AYACUCHO";"VICTOR FAJARDO";"HUANCAPI";"GOBIERNO REGIONAL";"I-4";"00003834";"CENTRO DE SALUD HUANCAPI";"240100";"HOSPITALIZACIÓN QUIRÚRGICA CIRUGÍA GENERAL ";"1";"1";"1";"1";"1";"30";"0"
"2023";"07";"051001";"AYACUCHO";"VICTOR FAJARDO";"HUANCAPI";"GOBIERNO REGIONAL";"I-4";"00003834";"CENTRO DE SALUD HUANCAPI";"241600";"HOSPITALIZACIÓN QUIRÚRGICA OBSTETRICIA   ";"6";"6";"14";"6";"5";"150";"0"
"2023";"07";"051001";"AYACUCHO";"VICTOR FAJARDO";"HUANCAPI";"GOBIERNO REGIONAL";"I-4";"00003834";"CENTRO DE SALUD HUANCAPI";"241800";"HOSPITALIZACIÓN DE MEDICINA MEDICINA GENERAL ";"3";"3";"7";"3";"2";"60";"0"
"2023";"07";"051009";"AYACUCHO";"VICTOR FAJARDO";"HUANCARAYLLA";"GOBIERNO REGIONAL";"I-1";"00003839";"PUESTO DE SALUD LLUSITA";"NE_0001";"";"NE_0001";"NE_0001";"NE_0001";"NE_0001";"NE_0001";"NE_0001";"NE_0001"
"2023";"07";"051005";"AYACUCHO";"VICTOR FAJARDO";"CANARIA";"GOBIERNO REGIONAL";"I-3";"00003824";"CENTRO DE SALUD CANARIA";"241600";"HOSPITALIZACIÓN QUIRÚRGICA OBSTETRICIA   ";"1";"1";"3";"1";"4";"120";"0"
"2023";"07";"051006";"AYACUCHO";"VICTOR FAJARDO";"CAYARA";"GOBIERNO REGIONAL";"I-2";"00003828";"PUESTO DE SALUD CAYARA";"NE_0002";"";"NE_0002";"NE_0002";"NE_0002";"NE_0002";"NE_0002";"NE_0002";"NE_0002"
"2023";"07";"051007";"AYACUCHO";"VICTOR FAJARDO";"COLCA";"GOBIERNO REGIONAL";"I-1";"00003835";"PUESTO DE SALUD COLCA";"NE_0002";"";"NE_0002";"NE_0002";"NE_0002";"NE_0002";"NE_0002";"NE_0002";"NE_0002"
"2023";"06";"250105";"UCAYALI";"CORONEL PORTILLO";"YARINACOCHA";"GOBIERNO REGIONAL";"0";"00014314";"LABORATORIO DE REFERENCIA REGIONAL EN SALUD PUBLICA UCAYALI";"NE_0001";"";"NE_0001";"NE_0001";"NE_0001";"NE_0001";"NE_0001";"NE_0001";"NE_0001"
"2023";"06";"250105";"UCAYALI";"CORONEL PORTILLO";"YARINACOCHA";"GOBIERNO REGIONAL";"I-1";"00007237";"NUEVA UNION";"NE_0001";"";"NE_0001";"NE_0001";"NE_0001";"NE_0001";"NE_0001";"NE_0001";"NE_0001"
"2023";"06";"250303";"UCAYALI";"PADRE ABAD";"CURIMANA";"GOBIERNO REGIONAL";"I-1";"00006950";"PUEBLO LIBRE CURIMANA";"NE_0001";"";"NE_0001";"NE_0001";"NE_0001";"NE_0001";"NE_0001";"NE_0001";"NE_0001"
"2023";"06";"250303";"UCAYALI";"PADRE ABAD";"CURIMANA";"GOBIERNO REGIONAL";"I-1";"00006885";"SAN JUAN DE TAHUAPOA";"NE_0001";"";"NE_0001";"NE_0001";"NE_0001";"NE_0001";"NE_0001";"NE_0001";"NE_0001"
"2023";"06";"250105";"UCAYALI";"CORONEL PORTILLO";"YARINACOCHA";"GOBIERNO REGIONAL";"I-1";"00005549";"SANTA ROSA";"NE_0001";"";"NE_0001";"NE_0001";"NE_0001";"NE_0001";"NE_0001";"NE_0001";"NE_0001"
"2023";"06";"250105";"UCAYALI";"CORONEL PORTILLO";"YARINACOCHA";"GOBIERNO REGIONAL";"I-1";"00005548";"CASHIVOCOCHA";"NE_0001";"";"NE_0001";"NE_0001";"NE_0001";"NE_0001";"NE_0001";"NE_0001";"NE_0001"
"2023";"06";"250105";"UCAYALI";"CORONEL PORTILLO";"YARINACOCHA";"GOBIERNO REGIONAL";"I-1";"00005546";"MARISCAL SUCRE";"NE_0001";"";"NE_0001";"NE_0001";"NE_0001";"NE_0001";"NE_0001";"NE_0001";"NE_0001"
"2023";"08";"150113";"LIMA";"LIMA";"JESUS MARIA";"ESSALUD";"III-2";"00008720";"HOSPITAL NACIONAL EDGARDO REBAGLIATI MARTINS";"241200";"HOSPITALIZACIÓN QUIRÚRGICA TRAUMATOLOGÍA Y ORTOPEDIA ";"306";"302";"3719";"3411";"118";"3658";"4"
"2023";"08";"150113";"LIMA";"LIMA";"JESUS MARIA";"ESSALUD";"III-2";"00008720";"HOSPITAL NACIONAL EDGARDO REBAGLIATI MARTINS";"241300";"HOSPITALIZACIÓN QUIRÚRGICA UROLOGÍA  ";"165";"180";"1853";"1428";"48";"1488";"0"
"2023";"08";"150113";"LIMA";"LIMA";"JESUS MARIA";"ESSALUD";"III-2";"00008720";"HOSPITAL NACIONAL EDGARDO REBAGLIATI MARTINS";"241500";"HOSPITALIZACIÓN QUIRÚRGICA GINECOLOGÍA  ";"117";"119";"803";"714";"24";"744";"0"
"2023";"08";"150113";"LIMA";"LIMA";"JESUS MARIA";"ESSALUD";"III-2";"00008720";"HOSPITAL NACIONAL EDGARDO REBAGLIATI MARTINS";"241600";"HOSPITALIZACIÓN QUIRÚRGICA OBSTETRICIA   ";"437";"424";"2653";"2751";"109";"3379";"0"
"2023";"08";"150113";"LIMA";"LIMA";"JESUS MARIA";"ESSALUD";"III-2";"00008720";"HOSPITAL NACIONAL EDGARDO REBAGLIATI MARTINS";"241700";"HOSPITALIZACIÓN QUIRÚRGICA GINECOLOGÍA   GINECOLOGIA ONCOLOGiCA";"127";"129";"825";"719";"24";"744";"1"
"2023";"08";"150113";"LIMA";"LIMA";"JESUS MARIA";"ESSALUD";"III-2";"00008720";"HOSPITAL NACIONAL EDGARDO REBAGLIATI MARTINS";"241900";"HOSPITALIZACIÓN DE MEDICINA MEDICINA INTERNA ";"532";"482";"9082";"7727";"268";"8308";"66"
"2023";"08";"150113";"LIMA";"LIMA";"JESUS MARIA";"ESSALUD";"III-2";"00008720";"HOSPITAL NACIONAL EDGARDO REBAGLIATI MARTINS";"242100";"HOSPITALIZACIÓN DE MEDICINA ONCOLOGÍA MÉDICA ";"122";"132";"1226";"991";"33";"1023";"1"
"2023";"08";"150113";"LIMA";"LIMA";"JESUS MARIA";"ESSALUD";"III-2";"00008720";"HOSPITAL NACIONAL EDGARDO REBAGLIATI MARTINS";"242200";"HOSPITALIZACIÓN DE MEDICINA PSIQUIATRÍA ";"85";"85";"1453";"1533";"56";"1736";"0"
"2023";"08";"150113";"LIMA";"LIMA";"JESUS MARIA";"ESSALUD";"III-2";"00008720";"HOSPITAL NACIONAL EDGARDO REBAGLIATI MARTINS";"242300";"HOSPITALIZACIÓN DE PEDIATRÍA  PEDIATRÍA  GENERAL ";"68";"71";"1075";"703";"24";"744";"0"
"2023";"08";"150113";"LIMA";"LIMA";"JESUS MARIA";"ESSALUD";"III-2";"00008720";"HOSPITAL NACIONAL EDGARDO REBAGLIATI MARTINS";"242500";"HOSPITALIZACIÓN-PEDIATRÍA GENERAL-";"66";"74";"1164";"961";"35";"1085";"0"
"2023";"08";"150113";"LIMA";"LIMA";"JESUS MARIA";"ESSALUD";"III-2";"00008720";"HOSPITAL NACIONAL EDGARDO REBAGLIATI MARTINS";"243200";"HOSPITALIZACIÓN DE PEDIATRÍA PEDIATRIA NEONATOLOGÍA";"54";"6";"75";"720";"24";"744";"6"
"2023";"08";"150113";"LIMA";"LIMA";"JESUS MARIA";"ESSALUD";"III-2";"00008720";"HOSPITAL NACIONAL EDGARDO REBAGLIATI MARTINS";"243600";"HOSPITALIZACIÓN DE PEDIATRÍA PEDIATRIA ONCOLOGÍA PEDIÁTRICA";"73";"73";"586";"424";"16";"496";"1"
"2023";"08";"150113";"LIMA";"LIMA";"JESUS MARIA";"ESSALUD";"III-2";"00008720";"HOSPITAL NACIONAL EDGARDO REBAGLIATI MARTINS";"250100";"UNIDAD DE CUIDADOS CRITICOS UNIDAD  DE CUIDADOS INTENSIVOS GENERALES (UCI) ";"83";"27";"729";"1782";"61";"1891";"23"
"2023";"08";"150113";"LIMA";"LIMA";"JESUS MARIA";"ESSALUD";"III-2";"00008720";"HOSPITAL NACIONAL EDGARDO REBAGLIATI MARTINS";"250101";"UNIDAD DE CUIDADOS CRITICOS UNIDAD  DE CUIDADOS INTENSIVOS GENERALES (UCI) CARDIOLOGIA";"65";"48";"315";"450";"15";"465";"6"
"2023";"08";"150113";"LIMA";"LIMA";"JESUS MARIA";"ESSALUD";"III-2";"00008720";"HOSPITAL NACIONAL EDGARDO REBAGLIATI MARTINS";"250108";"UNIDAD DE CUIDADOS CRITICOS UNIDAD  DE CUIDADOS INTENSIVOS  (UCI) PEDIÁTRICA";"20";"3";"70";"314";"13";"403";"2"
"2023";"08";"150113";"LIMA";"LIMA";"JESUS MARIA";"ESSALUD";"III-2";"00008720";"HOSPITAL NACIONAL EDGARDO REBAGLIATI MARTINS";"250200";"UNIDAD DE CUIDADOS CRITICOS UNIDAD DE CUIDADOS INTERMEDIOS GENERAL  (UCIN) ";"2";"3";"92";"719";"24";"744";"1"
"2023";"08";"120101";"JUNIN";"HUANCAYO";"HUANCAYO";"ESSALUD";"I-3";"00012190";"CAP III MANTARO";"NE_0001";"";"NE_0001";"NE_0001";"NE_0001";"NE_0001";"NE_0001";"NE_0001";"NE_0001"
"2023";"08";"030104";"APURIMAC";"ABANCAY";"CURAHUASI";"PRIVADO";"II-1";"00008108";"HOSPITAL  DIOSPI SUYANA";"240000";"HOSPITALIZACIÓN";"150";"135";"508";"655";"39";"1538";"3"
"2023";"08";"150130";"LIMA";"LIMA";"SAN BORJA";"PRIVADO";"III-1";"00009886";"CLINICA SAN BORJA";"240000";"HOSPITALIZACIÓN";"467";"489";"1927";"62";"81";"2511";"5"
"2023";"08";"150130";"LIMA";"LIMA";"SAN BORJA";"PRIVADO";"III-1";"00009886";"CLINICA SAN BORJA";"240500";"HOSPITALIZACIÓN QUIRÚRGICA CIRUGÍA DE TRANSPLANTES ";"1";"2";"23";"1";"4";"124";"0"
"2023";"08";"150130";"LIMA";"LIMA";"SAN BORJA";"PRIVADO";"III-1";"00009886";"CLINICA SAN BORJA";"250105";"UNIDAD DE CUIDADOS CRITICOS UNIDAD  DE CUIDADOS INTENSIVOS  (UCI) NEONATOLOGÍA";"8";"10";"56";"2";"4";"124";"0"
"2023";"08";"150130";"LIMA";"LIMA";"SAN BORJA";"PRIVADO";"III-1";"00009886";"CLINICA SAN BORJA";"250306";"HOSPIT. EN UNIDAD DE CUID.INTEN.-UNIDAD DE VIGILANCIA INTENSIVA (UVI)-PEDIATRÍA";"4";"0";"59";"2";"4";"124";"0"
"2023";"08";"150130";"LIMA";"LIMA";"SAN BORJA";"PRIVADO";"III-1";"00009886";"CLINICA SAN BORJA";"250100";"UNIDAD DE CUIDADOS CRITICOS UNIDAD  DE CUIDADOS INTENSIVOS GENERALES (UCI) ";"63";"26";"426";"14";"21";"651";"4"
"2023";"08";"130503";"LA LIBERTAD";"JULCAN";"CARABAMBA";"GOBIERNO REGIONAL";"I-2";"00006773";"VILLA MARIA";"NE_0001";"";"NE_0001";"NE_0001";"NE_0001";"NE_0001";"NE_0001";"NE_0001";"NE_0001"
"2023";"08";"130503";"LA LIBERTAD";"JULCAN";"CARABAMBA";"GOBIERNO REGIONAL";"I-3";"00005310";"CARABAMBA";"NE_0001";"";"NE_0001";"NE_0001";"NE_0001";"NE_0001";"NE_0001";"NE_0001";"NE_0001"
"2023";"08";"130503";"LA LIBERTAD";"JULCAN";"CARABAMBA";"GOBIERNO REGIONAL";"I-2";"00005311";"SAN JOSE DE SALO BAJO";"NE_0001";"";"NE_0001";"NE_0001";"NE_0001";"NE_0001";"NE_0001";"NE_0001";"NE_0001"
"2023";"08";"050101";"AYACUCHO";"HUAMANGA";"AYACUCHO";"PRIVADO";"II-1";"00008154";"CLINICA EL NAZARENO";"241400";"HOSPITALIZACIÓN QUIRÚRGICA GINECO - OBSTETRICIA ";"2";"2";"2";"1";"1";"156";"0"
"2023";"08";"050101";"AYACUCHO";"HUAMANGA";"AYACUCHO";"PRIVADO";"II-1";"00008154";"CLINICA EL NAZARENO";"241300";"HOSPITALIZACIÓN QUIRÚRGICA UROLOGÍA  ";"1";"1";"1";"1";"1";"156";"0"
"2023";"08";"150140";"LIMA";"LIMA";"SANTIAGO DE SURCO";"PRIVADO";"II-E";"00011113";"CLINICA MONTERRICO";"240000";"HOSPITALIZACIÓN";"48";"47";"105";"107";"5";"150";"0"
"2023";"08";"060801";"CAJAMARCA";"JAEN";"JAEN";"PRIVADO";"II-1";"00015266";"CLINICA Y BOTICA SAN JUAN";"240000";"HOSPITALIZACIÓN";"60";"60";"101";"60";"12";"336";"0"
"2023";"08";"130101";"LA LIBERTAD";"TRUJILLO";"TRUJILLO";"PRIVADO";"II-E";"00021009";"CLINICA SAN LUIS ASISTENCIAL DOCENTE S.R.L.";"240100";"HOSPITALIZACIÓN QUIRÚRGICA CIRUGÍA GENERAL ";"155";"177";"190";"205";"24";"720";"0"
"2023";"08";"130101";"LA LIBERTAD";"TRUJILLO";"TRUJILLO";"PRIVADO";"II-E";"00021009";"CLINICA SAN LUIS ASISTENCIAL DOCENTE S.R.L.";"241400";"HOSPITALIZACIÓN QUIRÚRGICA GINECO - OBSTETRICIA ";"10";"10";"24";"33";"24";"720";"0"
"2023";"08";"120501";"JUNIN";"JUNIN";"JUNIN";"GOBIERNO REGIONAL";"II-1";"00000519";"DE APOYO JUNIN";"241800";"HOSPITALIZACIÓN DE MEDICINA MEDICINA GENERAL ";"1";"1";"5";"5";"10";"310";"0"
"2023";"08";"120501";"JUNIN";"JUNIN";"JUNIN";"GOBIERNO REGIONAL";"II-1";"00000519";"DE APOYO JUNIN";"242500";"HOSPITALIZACIÓN-PEDIATRÍA GENERAL-";"2";"3";"11";"11";"4";"124";"0"
"2023";"08";"120501";"JUNIN";"JUNIN";"JUNIN";"GOBIERNO REGIONAL";"II-1";"00000519";"DE APOYO JUNIN";"240100";"HOSPITALIZACIÓN QUIRÚRGICA CIRUGÍA GENERAL ";"5";"5";"18";"18";"10";"310";"0"
"2023";"08";"120501";"JUNIN";"JUNIN";"JUNIN";"GOBIERNO REGIONAL";"II-1";"00000519";"DE APOYO JUNIN";"241500";"HOSPITALIZACIÓN QUIRÚRGICA GINECOLOGÍA  ";"6";"12";"34";"28";"4";"124";"0"
"2023";"08";"120501";"JUNIN";"JUNIN";"JUNIN";"GOBIERNO REGIONAL";"II-1";"00000519";"DE APOYO JUNIN";"242200";"HOSPITALIZACIÓN DE MEDICINA PSIQUIATRÍA ";"1";"2";"33";"32";"10";"310";"0"
"2023";"08";"120501";"JUNIN";"JUNIN";"JUNIN";"GOBIERNO REGIONAL";"II-1";"00000519";"DE APOYO JUNIN";"241600";"HOSPITALIZACIÓN QUIRÚRGICA OBSTETRICIA   ";"9";"9";"15";"15";"4";"124";"0"
"2023";"08";"150131";"LIMA";"LIMA";"SAN ISIDRO";"PRIVADO";"II-E";"00016397";"CLINICA ESPECIALIZADA EN CIRUGIA PLASTICA - DR. LUIS VIZCARRA / CIRUESTHETIC";"240800";"HOSPITALIZACIÓN QUIRÚRGICA CIRUGÍA PLÁSTICA/RECONSTRUCTIVA/ REPARADORA ";"5";"5";"1";"1";"2";"40";"0"
"2023";"08";"110211";"ICA";"CHINCHA";"TAMBO DE MORA";"ESSALUD";"I-2";"00012023";"TAMBO DE MORA";"NE_0001";"";"NE_0001";"NE_0001";"NE_0001";"NE_0001";"NE_0001";"NE_0001";"NE_0001"
"2023";"07";"110101";"ICA";"ICA";"ICA";"ESSALUD";"II-2";"00016374";"HOSPITAL IV AUGUSTO HERNANDEZ MENDOZA";"241900";"HOSPITALIZACIÓN DE MEDICINA MEDICINA INTERNA ";"87";"78";"577";"887";"29";"899";"8"
"2023";"07";"110101";"ICA";"ICA";"ICA";"ESSALUD";"II-2";"00016374";"HOSPITAL IV AUGUSTO HERNANDEZ MENDOZA";"240100";"HOSPITALIZACIÓN QUIRÚRGICA CIRUGÍA GENERAL ";"225";"221";"972";"1327";"48";"1488";"4"
"2023";"07";"110101";"ICA";"ICA";"ICA";"ESSALUD";"II-2";"00016374";"HOSPITAL IV AUGUSTO HERNANDEZ MENDOZA";"241500";"HOSPITALIZACIÓN QUIRÚRGICA GINECOLOGÍA  ";"178";"177";"622";"689";"24";"744";"2"
"2023";"07";"110101";"ICA";"ICA";"ICA";"ESSALUD";"II-2";"00016374";"HOSPITAL IV AUGUSTO HERNANDEZ MENDOZA";"242300";"HOSPITALIZACIÓN DE PEDIATRÍA  PEDIATRÍA  GENERAL ";"116";"113";"501";"342";"11";"342";"2"
"2023";"07";"110101";"ICA";"ICA";"ICA";"ESSALUD";"II-2";"00016374";"HOSPITAL IV AUGUSTO HERNANDEZ MENDOZA";"250100";"UNIDAD DE CUIDADOS CRITICOS UNIDAD  DE CUIDADOS INTENSIVOS GENERALES (UCI) ";"29";"22";"143";"110";"8";"248";"2"
"2023";"07";"130101";"LA LIBERTAD";"TRUJILLO";"TRUJILLO";"GOBIERNO REGIONAL";"III-1";"00005195";"HOSPITAL BELEN DE TRUJILLO";"244000";"HOSPITALIZACIÓN DE MEDICINA CARDIOLOGIA ";"0";"5";"75";"47";"3";"93";"0"
"2023";"07";"130101";"LA LIBERTAD";"TRUJILLO";"TRUJILLO";"GOBIERNO REGIONAL";"III-1";"00005195";"HOSPITAL BELEN DE TRUJILLO";"244300";"HOSPITALIZACIÓN DE MEDICINA GASTROENTEROLOGÍA  ";"17";"20";"222";"163";"6";"186";"3"
"2023";"07";"130101";"LA LIBERTAD";"TRUJILLO";"TRUJILLO";"GOBIERNO REGIONAL";"III-1";"00005195";"HOSPITAL BELEN DE TRUJILLO";"241900";"HOSPITALIZACIÓN DE MEDICINA MEDICINA INTERNA ";"136";"138";"1685";"1167";"38";"1178";"17"
"2023";"07";"130101";"LA LIBERTAD";"TRUJILLO";"TRUJILLO";"GOBIERNO REGIONAL";"III-1";"00005195";"HOSPITAL BELEN DE TRUJILLO";"245300";"HOSPITALIZACIÓN DE MEDICINA NEUMOLOGÍA  ";"9";"22";"413";"284";"11";"341";"2"
"2023";"07";"130101";"LA LIBERTAD";"TRUJILLO";"TRUJILLO";"GOBIERNO REGIONAL";"III-1";"00005195";"HOSPITAL BELEN DE TRUJILLO";"244700";"HOSPITALIZACIÓN DE MEDICINA NEUROLOGIA  ";"11";"22";"323";"210";"9";"279";"5"
"2023";"07";"130101";"LA LIBERTAD";"TRUJILLO";"TRUJILLO";"GOBIERNO REGIONAL";"III-1";"00005195";"HOSPITAL BELEN DE TRUJILLO";"242100";"HOSPITALIZACIÓN DE MEDICINA ONCOLOGÍA MÉDICA ";"1";"6";"114";"62";"4";"124";"1"
"2023";"07";"130101";"LA LIBERTAD";"TRUJILLO";"TRUJILLO";"GOBIERNO REGIONAL";"III-1";"00005195";"HOSPITAL BELEN DE TRUJILLO";"240800";"HOSPITALIZACIÓN QUIRÚRGICA CIRUGÍA PLÁSTICA/RECONSTRUCTIVA/ REPARADORA ";"7";"17";"365";"204";"8";"248";"0"
"2023";"07";"130101";"LA LIBERTAD";"TRUJILLO";"TRUJILLO";"GOBIERNO REGIONAL";"III-1";"00005195";"HOSPITAL BELEN DE TRUJILLO";"240400";"HOSPITALIZACIÓN QUIRÚRGICA CIRUGÍA DE TÓRAX Y CARDIOVASCULAR ";"9";"18";"226";"144";"5";"155";"1"
"2023";"07";"130101";"LA LIBERTAD";"TRUJILLO";"TRUJILLO";"GOBIERNO REGIONAL";"III-1";"00005195";"HOSPITAL BELEN DE TRUJILLO";"240100";"HOSPITALIZACIÓN QUIRÚRGICA CIRUGÍA GENERAL ";"138";"118";"748";"785";"29";"899";"1"
"2023";"07";"130101";"LA LIBERTAD";"TRUJILLO";"TRUJILLO";"GOBIERNO REGIONAL";"III-1";"00005195";"HOSPITAL BELEN DE TRUJILLO";"241000";"HOSPITALIZACIÓN QUIRÚRGICA ONCOLOGÍA QUIRÚRGICA  ";"2";"5";"49";"49";"2";"62";"0"
"2023";"07";"130101";"LA LIBERTAD";"TRUJILLO";"TRUJILLO";"GOBIERNO REGIONAL";"III-1";"00005195";"HOSPITAL BELEN DE TRUJILLO";"240700";"HOSPITALIZACIÓN QUIRÚRGICA CIRUGÍA PEDIÁTRICA ";"7";"25";"104";"110";"8";"248";"0"
"2023";"07";"130101";"LA LIBERTAD";"TRUJILLO";"TRUJILLO";"GOBIERNO REGIONAL";"III-1";"00005195";"HOSPITAL BELEN DE TRUJILLO";"240900";"HOSPITALIZACIÓN QUIRÚRGICA NEUROCIRUGÍA ";"9";"21";"447";"294";"10";"310";"0"
"2023";"07";"130101";"LA LIBERTAD";"TRUJILLO";"TRUJILLO";"GOBIERNO REGIONAL";"III-1";"00005195";"HOSPITAL BELEN DE TRUJILLO";"241100";"HOSPITALIZACIÓN QUIRÚRGICA OTORRINOLARINGOLOGÍA  ";"1";"1";"3";"4";"1";"31";"0"
"2023";"07";"130101";"LA LIBERTAD";"TRUJILLO";"TRUJILLO";"GOBIERNO REGIONAL";"III-1";"00005195";"HOSPITAL BELEN DE TRUJILLO";"241200";"HOSPITALIZACIÓN QUIRÚRGICA TRAUMATOLOGÍA Y ORTOPEDIA ";"44";"56";"428";"451";"16";"496";"2"
"2023";"07";"130101";"LA LIBERTAD";"TRUJILLO";"TRUJILLO";"GOBIERNO REGIONAL";"III-1";"00005195";"HOSPITAL BELEN DE TRUJILLO";"241300";"HOSPITALIZACIÓN QUIRÚRGICA UROLOGÍA  ";"13";"12";"98";"102";"4";"124";"0"
"2023";"07";"130101";"LA LIBERTAD";"TRUJILLO";"TRUJILLO";"GOBIERNO REGIONAL";"III-1";"00005195";"HOSPITAL BELEN DE TRUJILLO";"243200";"HOSPITALIZACIÓN DE PEDIATRÍA PEDIATRIA NEONATOLOGÍA";"266";"69";"913";"749";"30";"930";"1"
"2023";"07";"130101";"LA LIBERTAD";"TRUJILLO";"TRUJILLO";"GOBIERNO REGIONAL";"III-1";"00005195";"HOSPITAL BELEN DE TRUJILLO";"250105";"UNIDAD DE CUIDADOS CRITICOS UNIDAD  DE CUIDADOS INTENSIVOS  (UCI) NEONATOLOGÍA";"7";"4";"30";"359";"12";"372";"3"
"2023";"07";"130101";"LA LIBERTAD";"TRUJILLO";"TRUJILLO";"GOBIERNO REGIONAL";"III-1";"00005195";"HOSPITAL BELEN DE TRUJILLO";"242300";"HOSPITALIZACIÓN DE PEDIATRÍA  PEDIATRÍA  GENERAL ";"47";"61";"601";"342";"20";"620";"0"
"2023";"07";"130101";"LA LIBERTAD";"TRUJILLO";"TRUJILLO";"GOBIERNO REGIONAL";"III-1";"00005195";"HOSPITAL BELEN DE TRUJILLO";"250108";"UNIDAD DE CUIDADOS CRITICOS UNIDAD  DE CUIDADOS INTENSIVOS  (UCI) PEDIÁTRICA";"5";"1";"5";"85";"5";"155";"1"
"2023";"07";"130101";"LA LIBERTAD";"TRUJILLO";"TRUJILLO";"GOBIERNO REGIONAL";"III-1";"00005195";"HOSPITAL BELEN DE TRUJILLO";"241500";"HOSPITALIZACIÓN QUIRÚRGICA GINECOLOGÍA  ";"53";"50";"207";"235";"10";"310";"0"
"2023";"07";"130101";"LA LIBERTAD";"TRUJILLO";"TRUJILLO";"GOBIERNO REGIONAL";"III-1";"00005195";"HOSPITAL BELEN DE TRUJILLO";"241600";"HOSPITALIZACIÓN QUIRÚRGICA OBSTETRICIA   ";"288";"295";"988";"1086";"44";"1364";"1"
"2023";"07";"130101";"LA LIBERTAD";"TRUJILLO";"TRUJILLO";"GOBIERNO REGIONAL";"III-1";"00005195";"HOSPITAL BELEN DE TRUJILLO";"250100";"UNIDAD DE CUIDADOS CRITICOS UNIDAD  DE CUIDADOS INTENSIVOS GENERALES (UCI) ";"3";"5";"366";"260";"10";"310";"5"
"2023";"07";"120126";"JUNIN";"HUANCAYO";"PUCARA";"GOBIERNO REGIONAL";"I-3";"00000624";"PUCARA";"NE_0001";"";"NE_0001";"NE_0001";"NE_0001";"NE_0001";"NE_0001";"NE_0001";"NE_0001"
"2023";"07";"120113";"JUNIN";"HUANCAYO";"CULLHUAS";"GOBIERNO REGIONAL";"I-1";"00000617";"RETAMA BAJA";"NE_0001";"";"NE_0001";"NE_0001";"NE_0001";"NE_0001";"NE_0001";"NE_0001";"NE_0001"
"2023";"07";"120116";"JUNIN";"HUANCAYO";"HUACRAPUQUIO";"GOBIERNO REGIONAL";"I-2";"00000619";"HUACRAPUQUIO";"NE_0001";"";"NE_0001";"NE_0001";"NE_0001";"NE_0001";"NE_0001";"NE_0001";"NE_0001"
"2023";"07";"120121";"JUNIN";"HUANCAYO";"HUAYUCACHI";"GOBIERNO REGIONAL";"I-1";"00000623";"HUMANMARCA";"NE_0001";"";"NE_0001";"NE_0001";"NE_0001";"NE_0001";"NE_0001";"NE_0001";"NE_0001"
"2023";"07";"120126";"JUNIN";"HUANCAYO";"PUCARA";"GOBIERNO REGIONAL";"I-1";"00000627";"JATUN SUCLLA";"NE_0001";"";"NE_0001";"NE_0001";"NE_0001";"NE_0001";"NE_0001";"NE_0001";"NE_0001"
"2023";"07";"120119";"JUNIN";"HUANCAYO";"HUANCAN";"GOBIERNO REGIONAL";"I-3";"00000620";"HUANCAN";"NE_0001";"";"NE_0001";"NE_0001";"NE_0001";"NE_0001";"NE_0001";"NE_0001";"NE_0001"
"2023";"07";"120113";"JUNIN";"HUANCAYO";"CULLHUAS";"GOBIERNO REGIONAL";"I-1";"00012469";"CHUAMBA";"NE_0001";"";"NE_0001";"NE_0001";"NE_0001";"NE_0001";"NE_0001";"NE_0001";"NE_0001"
"2023";"07";"120107";"JUNIN";"HUANCAYO";"CHILCA";"GOBIERNO REGIONAL";"I-2";"00000609";"AZAPAMPA";"NE_0001";"";"NE_0001";"NE_0001";"NE_0001";"NE_0001";"NE_0001";"NE_0001";"NE_0001"
"2023";"07";"080603";"CUSCO";"CANCHIS";"COMBAPATA";"GOBIERNO REGIONAL";"I-2";"00002387";"CHIARA";"NE_0001";"";"NE_0001";"NE_0001";"NE_0001";"NE_0001";"NE_0001";"NE_0001";"NE_0001"
"2023";"07";"100510";"HUANUCO";"HUAMALIES";"SINGA";"GOBIERNO REGIONAL";"I-1";"00019155";"SAN JUAN DE VISCAS";"NE_0001";"";"NE_0001";"NE_0001";"NE_0001";"NE_0001";"NE_0001";"NE_0001";"NE_0001"
"2023";"07";"100510";"HUANUCO";"HUAMALIES";"SINGA";"GOBIERNO REGIONAL";"I-1";"00000902";"BELLAS FLORES";"NE_0001";"";"NE_0001";"NE_0001";"NE_0001";"NE_0001";"NE_0001";"NE_0001";"NE_0001"
"2023";"07";"100510";"HUANUCO";"HUAMALIES";"SINGA";"GOBIERNO REGIONAL";"I-1";"00017149";"SANTA ROSA DE PAMPAN";"NE_0001";"";"NE_0001";"NE_0001";"NE_0001";"NE_0001";"NE_0001";"NE_0001";"NE_0001"
"2023";"08";"070101";"CALLAO";"CALLAO";"CALLAO";"SANIDAD DE LA POLICIA NACIONAL DEL PERU";"I-2";"00010610";"POSTA MEDICA POLICIAL SEDE DIRAVPOL";"NE_0001";"";"NE_0001";"NE_0001";"NE_0001";"NE_0001";"NE_0001";"NE_0001";"NE_0001"
"2023";"08";"200701";"PIURA";"TALARA";"PARIÑAS";"PRIVADO";"II-1";"00011395";"CLINICA VIGO 2000 S. CIVIL DE R.L.";"240100";"HOSPITALIZACIÓN QUIRÚRGICA CIRUGÍA GENERAL ";"5";"5";"10";"10";"15";"396";"0"
"2023";"08";"200701";"PIURA";"TALARA";"PARIÑAS";"PRIVADO";"II-1";"00011395";"CLINICA VIGO 2000 S. CIVIL DE R.L.";"241400";"HOSPITALIZACIÓN QUIRÚRGICA GINECO - OBSTETRICIA ";"2";"2";"4";"4";"15";"396";"0"
"2023";"08";"200701";"PIURA";"TALARA";"PARIÑAS";"PRIVADO";"II-1";"00011395";"CLINICA VIGO 2000 S. CIVIL DE R.L.";"241800";"HOSPITALIZACIÓN DE MEDICINA MEDICINA GENERAL ";"1";"1";"2";"2";"15";"396";"0"
"2023";"08";"090101";"HUANCAVELICA";"HUANCAVELICA";"HUANCAVELICA";"SANIDAD DE LA POLICIA NACIONAL DEL PERU";"I-2";"00009476";"POSTA  MEDICA  POLICIAL- HUANCAVELICA";"NE_0001";"";"NE_0001";"NE_0001";"NE_0001";"NE_0001";"NE_0001";"NE_0001";"NE_0001"
"2023";"04";"120101";"JUNIN";"HUANCAYO";"HUANCAYO";"GOBIERNO REGIONAL";"III-E";"00006615";"HOSPITAL REGIONAL DOCENTE MATERNO INFANTIL EL CARMEN";"241600";"HOSPITALIZACIÓN QUIRÚRGICA OBSTETRICIA   ";"644";"547";"1522";"1516";"65";"1950";"0"
"2023";"04";"120101";"JUNIN";"HUANCAYO";"HUANCAYO";"GOBIERNO REGIONAL";"III-E";"00006615";"HOSPITAL REGIONAL DOCENTE MATERNO INFANTIL EL CARMEN";"250201";"UNIDAD DE CUIDADOS CRITICOS UNIDAD DE CUIDADOS INTERMEDIOS  (UCIN) NEONATAL";"79";"100";"743";"1089";"42";"1260";"0"
"2023";"04";"120101";"JUNIN";"HUANCAYO";"HUANCAYO";"GOBIERNO REGIONAL";"III-E";"00006615";"HOSPITAL REGIONAL DOCENTE MATERNO INFANTIL EL CARMEN";"240700";"HOSPITALIZACIÓN QUIRÚRGICA CIRUGÍA PEDIÁTRICA ";"84";"93";"374";"323";"13";"390";"0"
"2023";"04";"120101";"JUNIN";"HUANCAYO";"HUANCAYO";"GOBIERNO REGIONAL";"III-E";"00006615";"HOSPITAL REGIONAL DOCENTE MATERNO INFANTIL EL CARMEN";"242300";"HOSPITALIZACIÓN DE PEDIATRÍA  PEDIATRÍA  GENERAL ";"122";"110";"558";"583";"21";"630";"0"
"2023";"04";"120101";"JUNIN";"HUANCAYO";"HUANCAYO";"GOBIERNO REGIONAL";"III-E";"00006615";"HOSPITAL REGIONAL DOCENTE MATERNO INFANTIL EL CARMEN";"241500";"HOSPITALIZACIÓN QUIRÚRGICA GINECOLOGÍA  ";"67";"70";"326";"263";"10";"300";"0"
"2023";"04";"120101";"JUNIN";"HUANCAYO";"HUANCAYO";"GOBIERNO REGIONAL";"III-E";"00006615";"HOSPITAL REGIONAL DOCENTE MATERNO INFANTIL EL CARMEN";"250105";"UNIDAD DE CUIDADOS CRITICOS UNIDAD  DE CUIDADOS INTENSIVOS  (UCI) NEONATOLOGÍA";"22";"3";"6";"344";"12";"360";"3"
"2023";"04";"120101";"JUNIN";"HUANCAYO";"HUANCAYO";"GOBIERNO REGIONAL";"III-E";"00006615";"HOSPITAL REGIONAL DOCENTE MATERNO INFANTIL EL CARMEN";"250108";"UNIDAD DE CUIDADOS CRITICOS UNIDAD  DE CUIDADOS INTENSIVOS  (UCI) PEDIÁTRICA";"3";"3";"20";"75";"3";"90";"0"
"2023";"04";"120101";"JUNIN";"HUANCAYO";"HUANCAYO";"GOBIERNO REGIONAL";"III-E";"00006615";"HOSPITAL REGIONAL DOCENTE MATERNO INFANTIL EL CARMEN";"250202";"UNIDAD DE CUIDADOS CRITICOS UNIDAD DE CUIDADOS INTERMEDIOS  (UCIN) PEDIÁTRICOS";"4";"1";"3";"70";"3";"90";"3"
"2023";"08";"110101";"ICA";"ICA";"ICA";"SANIDAD DE LA POLICIA NACIONAL DEL PERU";"I-3";"00010900";"POLICLINICO POLICIAL ICA";"NE_0001";"";"NE_0001";"NE_0001";"NE_0001";"NE_0001";"NE_0001";"NE_0001";"NE_0001"
"2023";"07";"070102";"CALLAO";"CALLAO";"BELLAVISTA";"PRIVADO";"I-2";"00023578";"CONSULTORIO MEDICO NUTRIMEDIC";"NE_0002";"";"NE_0002";"NE_0002";"NE_0002";"NE_0002";"NE_0002";"NE_0002";"NE_0002"
"2023";"08";"150135";"LIMA";"LIMA";"SAN MARTIN DE PORRES";"SANIDAD DE LA POLICIA NACIONAL DEL PERU";"I-2";"00012739";"POLICLINICO POLICIAL SAN DIEGO";"NE_0001";"";"NE_0001";"NE_0001";"NE_0001";"NE_0001";"NE_0001";"NE_0001";"NE_0001"
"2023";"08";"180301";"MOQUEGUA";"ILO";"ILO";"ESSALUD";"II-1";"00016153";"HOSPITAL II ILO";"241800";"HOSPITALIZACIÓN DE MEDICINA MEDICINA GENERAL ";"32";"32";"187";"162";"6";"186";"4"
"2023";"08";"180301";"MOQUEGUA";"ILO";"ILO";"ESSALUD";"II-1";"00016153";"HOSPITAL II ILO";"240100";"HOSPITALIZACIÓN QUIRÚRGICA CIRUGÍA GENERAL ";"47";"54";"201";"237";"8";"248";"0"
"2023";"08";"180301";"MOQUEGUA";"ILO";"ILO";"ESSALUD";"II-1";"00016153";"HOSPITAL II ILO";"241500";"HOSPITALIZACIÓN QUIRÚRGICA GINECOLOGÍA  ";"13";"15";"64";"56";"2";"62";"0"
"2023";"08";"180301";"MOQUEGUA";"ILO";"ILO";"ESSALUD";"II-1";"00016153";"HOSPITAL II ILO";"241600";"HOSPITALIZACIÓN QUIRÚRGICA OBSTETRICIA   ";"30";"32";"73";"67";"3";"93";"0"
"2023";"08";"180301";"MOQUEGUA";"ILO";"ILO";"ESSALUD";"II-1";"00016153";"HOSPITAL II ILO";"242300";"HOSPITALIZACIÓN DE PEDIATRÍA  PEDIATRÍA  GENERAL ";"20";"24";"136";"111";"4";"124";"0"
"2023";"08";"180301";"MOQUEGUA";"ILO";"ILO";"ESSALUD";"II-1";"00016153";"HOSPITAL II ILO";"250304";"HOSPIT. EN UNIDAD DE CUID.INTEN.-UNIDAD DE VIGILANCIA INTENSIVA (UVI)-MEDICINA";"5";"5";"8";"8";"1";"31";"0"
"2023";"08";"021602";"ANCASH";"POMABAMBA";"HUAYLLAN";"GOBIERNO REGIONAL";"I-1";"00001774";"PUESTO DE SALUD HUAYCHO";"NE_0001";"";"NE_0001";"NE_0001";"NE_0001";"NE_0001";"NE_0001";"NE_0001";"NE_0001"
"2023";"08";"021307";"ANCASH";"MARISCAL LUZURIAGA";"LUCMA";"GOBIERNO REGIONAL";"I-2";"00001790";"PUESTO DE SALUD LUCMA";"NE_0001";"";"NE_0001";"NE_0001";"NE_0001";"NE_0001";"NE_0001";"NE_0001";"NE_0001"
"2023";"08";"021601";"ANCASH";"POMABAMBA";"POMABAMBA";"GOBIERNO REGIONAL";"I-2";"00001768";"PUESTO DE SALUD VILCABAMBA";"NE_0001";"";"NE_0001";"NE_0001";"NE_0001";"NE_0001";"NE_0001";"NE_0001";"NE_0001"
"2023";"08";"021601";"ANCASH";"POMABAMBA";"POMABAMBA";"GOBIERNO REGIONAL";"I-1";"00001767";"PUESTO DE SALUD CHUYAS";"NE_0001";"";"NE_0001";"NE_0001";"NE_0001";"NE_0001";"NE_0001";"NE_0001";"NE_0001"
"2023";"08";"021602";"ANCASH";"POMABAMBA";"HUAYLLAN";"GOBIERNO REGIONAL";"I-1";"00001772";"PUESTO DE SALUD HUAYLLAN";"NE_0001";"";"NE_0001";"NE_0001";"NE_0001";"NE_0001";"NE_0001";"NE_0001";"NE_0001"
"2023";"08";"021601";"ANCASH";"POMABAMBA";"POMABAMBA";"GOBIERNO REGIONAL";"I-2";"00001769";"PUESTO DE SALUD CONOPA";"NE_0001";"";"NE_0001";"NE_0001";"NE_0001";"NE_0001";"NE_0001";"NE_0001";"NE_0001"
"2023";"08";"021307";"ANCASH";"MARISCAL LUZURIAGA";"LUCMA";"GOBIERNO REGIONAL";"0";"00017687";"P. S. MASQUI";"NE_0001";"";"NE_0001";"NE_0001";"NE_0001";"NE_0001";"NE_0001";"NE_0001";"NE_0001"
"2023";"08";"050901";"AYACUCHO";"SUCRE";"QUEROBAMBA";"GOBIERNO REGIONAL";"I-1";"00003809";"PUESTO DE SALUD CHONTA";"NE_0001";"";"NE_0001";"NE_0001";"NE_0001";"NE_0001";"NE_0001";"NE_0001";"NE_0001"
"2023";"08";"050906";"AYACUCHO";"SUCRE";"MORCOLLA";"GOBIERNO REGIONAL";"I-1";"00003810";"PUESTO DE SALUD MORCOLLA";"NE_0001";"";"NE_0001";"NE_0001";"NE_0001";"NE_0001";"NE_0001";"NE_0001";"NE_0001"
"2023";"08";"050906";"AYACUCHO";"SUCRE";"MORCOLLA";"GOBIERNO REGIONAL";"I-1";"00003811";"PUESTO DE SALUD TINTAY";"NE_0001";"";"NE_0001";"NE_0001";"NE_0001";"NE_0001";"NE_0001";"NE_0001";"NE_0001"
"2023";"08";"050907";"AYACUCHO";"SUCRE";"PAICO";"GOBIERNO REGIONAL";"I-1";"00003814";"PUESTO DE SALUD SIHUE";"NE_0001";"";"NE_0001";"NE_0001";"NE_0001";"NE_0001";"NE_0001";"NE_0001";"NE_0001"
"2023";"03";"160113";"LORETO";"MAYNAS";"SAN JUAN BAUTISTA";"ESSALUD";"I-3";"00011386";"CAP II SAN JUAN BAUTISTA";"NE_0001";"";"NE_0001";"NE_0001";"NE_0001";"NE_0001";"NE_0001";"NE_0001";"NE_0001"
"2023";"03";"080910";"CUSCO";"LA CONVENCION";"PICHARI";"GOBIERNO REGIONAL";"I-2";"00007113";"NATIVIDAD";"NE_0001";"";"NE_0001";"NE_0001";"NE_0001";"NE_0001";"NE_0001";"NE_0001";"NE_0001"
"2023";"03";"080910";"CUSCO";"LA CONVENCION";"PICHARI";"GOBIERNO REGIONAL";"I-2";"00002498";"PUERTO MAYO";"NE_0001";"";"NE_0001";"NE_0001";"NE_0001";"NE_0001";"NE_0001";"NE_0001";"NE_0001"
"2023";"03";"080910";"CUSCO";"LA CONVENCION";"PICHARI";"GOBIERNO REGIONAL";"I-4";"00002494";"PICHARI";"NE_0001";"";"NE_0001";"NE_0001";"NE_0001";"NE_0001";"NE_0001";"NE_0001";"NE_0001"
"2023";"03";"080910";"CUSCO";"LA CONVENCION";"PICHARI";"GOBIERNO REGIONAL";"I-1";"00002497";"OTARI";"NE_0001";"";"NE_0001";"NE_0001";"NE_0001";"NE_0001";"NE_0001";"NE_0001";"NE_0001"
"2023";"03";"100509";"HUANUCO";"HUAMALIES";"PUÑOS";"GOBIERNO REGIONAL";"I-3";"00000892";"PUÑOS";"NE_0001";"";"NE_0001";"NE_0001";"NE_0001";"NE_0001";"NE_0001";"NE_0001";"NE_0001"
"2023";"03";"100509";"HUANUCO";"HUAMALIES";"PUÑOS";"GOBIERNO REGIONAL";"I-1";"00000894";"ILLAHUASI";"NE_0001";"";"NE_0001";"NE_0001";"NE_0001";"NE_0001";"NE_0001";"NE_0001";"NE_0001"
"2023";"03";"100509";"HUANUCO";"HUAMALIES";"PUÑOS";"GOBIERNO REGIONAL";"I-2";"00000893";"POQUE";"NE_0001";"";"NE_0001";"NE_0001";"NE_0001";"NE_0001";"NE_0001";"NE_0001";"NE_0001"
"2023";"03";"040104";"AREQUIPA";"AREQUIPA";"CERRO COLORADO";"GOBIERNO REGIONAL";"I-3";"00001238";"CENTRO DE SALUD MARISCAL CASTILLA";"NE_0001";"";"NE_0001";"NE_0001";"NE_0001";"NE_0001";"NE_0001";"NE_0001";"NE_0001"
"2023";"03";"040104";"AREQUIPA";"AREQUIPA";"CERRO COLORADO";"GOBIERNO REGIONAL";"I-3";"00001249";"CENTRO DE SALUD SEMI RURAL PACHACUTEC";"NE_0001";"";"NE_0001";"NE_0001";"NE_0001";"NE_0001";"NE_0001";"NE_0001";"NE_0001"
"2023";"03";"040104";"AREQUIPA";"AREQUIPA";"CERRO COLORADO";"GOBIERNO REGIONAL";"I-2";"00001250";"PUESTO DE SALUD JOSE SANTOS ATAHUALPA";"NE_0001";"";"NE_0001";"NE_0001";"NE_0001";"NE_0001";"NE_0001";"NE_0001";"NE_0001"
"2023";"03";"040104";"AREQUIPA";"AREQUIPA";"CERRO COLORADO";"GOBIERNO REGIONAL";"I-1";"00001252";"PUESTO DE SALUD EL CURAL";"NE_0001";"";"NE_0001";"NE_0001";"NE_0001";"NE_0001";"NE_0001";"NE_0001";"NE_0001"
"2023";"04";"050401";"AYACUCHO";"HUANTA";"HUANTA";"SANIDAD DE LA POLICIA NACIONAL DEL PERU";"I-2";"00011437";"POSTA MEDICA PNP HUANTA";"NE_0001";"";"NE_0001";"NE_0001";"NE_0001";"NE_0001";"NE_0001";"NE_0001";"NE_0001"
"2023";"04";"080901";"CUSCO";"LA CONVENCION";"SANTA ANA";"SANIDAD DE LA POLICIA NACIONAL DEL PERU";"I-2";"00011744";"POSTA MEDICO POLICIAL LA CONVENCION - QUILLABAMBA";"NE_0001";"";"NE_0001";"NE_0001";"NE_0001";"NE_0001";"NE_0001";"NE_0001";"NE_0001"
"2023";"04";"150131";"LIMA";"LIMA";"SAN ISIDRO";"SANIDAD DE LA POLICIA NACIONAL DEL PERU";"I-3";"00012740";"POLICLINICO POLICIAL MININTER";"NE_0001";"";"NE_0001";"NE_0001";"NE_0001";"NE_0001";"NE_0001";"NE_0001";"NE_0001"
"2023";"02";"250106";"UCAYALI";"CORONEL PORTILLO";"NUEVA REQUENA";"GOBIERNO REGIONAL";"I-1";"00013174";"SAN PABLO DE JUANTIA";"NE_0001";"";"NE_0001";"NE_0001";"NE_0001";"NE_0001";"NE_0001";"NE_0001";"NE_0001"
"2023";"02";"250106";"UCAYALI";"CORONEL PORTILLO";"NUEVA REQUENA";"GOBIERNO REGIONAL";"I-1";"00005450";"NARANJAL";"NE_0001";"";"NE_0001";"NE_0001";"NE_0001";"NE_0001";"NE_0001";"NE_0001";"NE_0001"
"2023";"02";"250106";"UCAYALI";"CORONEL PORTILLO";"NUEVA REQUENA";"GOBIERNO REGIONAL";"I-1";"00005449";"SHAMBO PORVENIR";"NE_0001";"";"NE_0001";"NE_0001";"NE_0001";"NE_0001";"NE_0001";"NE_0001";"NE_0001"
"2023";"02";"250106";"UCAYALI";"CORONEL PORTILLO";"NUEVA REQUENA";"GOBIERNO REGIONAL";"I-1";"00005448";"MIRAFLORES";"NE_0001";"";"NE_0001";"NE_0001";"NE_0001";"NE_0001";"NE_0001";"NE_0001";"NE_0001"
"2023";"02";"250106";"UCAYALI";"CORONEL PORTILLO";"NUEVA REQUENA";"GOBIERNO REGIONAL";"I-1";"00005447";"ESPERANZA  DE AGUAYTIA";"NE_0001";"";"NE_0001";"NE_0001";"NE_0001";"NE_0001";"NE_0001";"NE_0001";"NE_0001"
"2023";"02";"250106";"UCAYALI";"CORONEL PORTILLO";"NUEVA REQUENA";"GOBIERNO REGIONAL";"I-1";"00005446";"NUEVO PIURA";"NE_0001";"";"NE_0001";"NE_0001";"NE_0001";"NE_0001";"NE_0001";"NE_0001";"NE_0001"
"2023";"02";"250106";"UCAYALI";"CORONEL PORTILLO";"NUEVA REQUENA";"GOBIERNO REGIONAL";"I-1";"00005445";"JUVENTUD";"NE_0001";"";"NE_0001";"NE_0001";"NE_0001";"NE_0001";"NE_0001";"NE_0001";"NE_0001"
"2023";"02";"250102";"UCAYALI";"CORONEL PORTILLO";"CAMPOVERDE";"GOBIERNO REGIONAL";"I-1";"00005444";"SARITA COLONIA";"NE_0001";"";"NE_0001";"NE_0001";"NE_0001";"NE_0001";"NE_0001";"NE_0001";"NE_0001"
"2023";"02";"250106";"UCAYALI";"CORONEL PORTILLO";"NUEVA REQUENA";"GOBIERNO REGIONAL";"I-3";"00005443";"NUEVA REQUENA";"NE_0001";"";"NE_0001";"NE_0001";"NE_0001";"NE_0001";"NE_0001";"NE_0001";"NE_0001"
"2023";"04";"150103";"LIMA";"LIMA";"ATE";"MINSA";"II-1";"00005883";"HOSPITAL DE HUAYCAN";"241800";"HOSPITALIZACIÓN DE MEDICINA MEDICINA GENERAL ";"15";"13";"116";"155";"21";"630";"1"
"2023";"04";"150103";"LIMA";"LIMA";"ATE";"MINSA";"II-1";"00005883";"HOSPITAL DE HUAYCAN";"240100";"HOSPITALIZACIÓN QUIRÚRGICA CIRUGÍA GENERAL ";"51";"57";"154";"141";"11";"330";"0"
"2023";"04";"150103";"LIMA";"LIMA";"ATE";"MINSA";"II-1";"00005883";"HOSPITAL DE HUAYCAN";"241200";"HOSPITALIZACIÓN QUIRÚRGICA TRAUMATOLOGÍA Y ORTOPEDIA ";"18";"18";"50";"119";"4";"120";"0"
"2023";"04";"150103";"LIMA";"LIMA";"ATE";"MINSA";"II-1";"00005883";"HOSPITAL DE HUAYCAN";"242500";"HOSPITALIZACIÓN-PEDIATRÍA GENERAL-";"47";"47";"169";"172";"11";"330";"0"
"2023";"04";"150103";"LIMA";"LIMA";"ATE";"MINSA";"II-1";"00005883";"HOSPITAL DE HUAYCAN";"241600";"HOSPITALIZACIÓN QUIRÚRGICA OBSTETRICIA   ";"139";"146";"251";"272";"16";"480";"0"
"2023";"04";"150103";"LIMA";"LIMA";"ATE";"MINSA";"II-1";"00005883";"HOSPITAL DE HUAYCAN";"241500";"HOSPITALIZACIÓN QUIRÚRGICA GINECOLOGÍA  ";"4";"4";"4";"4";"1";"30";"0"
"2023";"05";"210701";"PUNO";"LAMPA";"LAMPA";"ESSALUD";"II-1";"00009900";"HOSPITAL I LAMPA - ESSALUD - RED ASISTENCIAL JULIACA";"242200";"HOSPITALIZACIÓN DE MEDICINA PSIQUIATRÍA ";"15";"15";"172";"147";"10";"302";"0"
"2023";"05";"220101";"SAN MARTIN";"MOYOBAMBA";"MOYOBAMBA";"GOBIERNO REGIONAL";"I-2";"00006291";"ATUMPLAYA";"NE_0001";"";"NE_0001";"NE_0001";"NE_0001";"NE_0001";"NE_0001";"NE_0001";"NE_0001"
"2023";"05";"220807";"SAN MARTIN";"RIOJA";"SAN FERNANDO";"GOBIERNO REGIONAL";"I-3";"00006290";"SAN FERNANDO";"NE_0002";"";"NE_0002";"NE_0002";"NE_0002";"NE_0002";"NE_0002";"NE_0002";"NE_0002"
"2023";"05";"130101";"LA LIBERTAD";"TRUJILLO";"TRUJILLO";"GOBIERNO REGIONAL";"III-1";"00005196";"REGIONAL DOCENTE DE TRUJILLO";"241900";"HOSPITALIZACIÓN DE MEDICINA MEDICINA INTERNA ";"167";"178";"1690";"1136";"37";"1147";"11"
"2023";"05";"130101";"LA LIBERTAD";"TRUJILLO";"TRUJILLO";"GOBIERNO REGIONAL";"III-1";"00005196";"REGIONAL DOCENTE DE TRUJILLO";"245300";"HOSPITALIZACIÓN DE MEDICINA NEUMOLOGÍA  ";"31";"30";"295";"583";"20";"620";"3"
"2023";"05";"130101";"LA LIBERTAD";"TRUJILLO";"TRUJILLO";"GOBIERNO REGIONAL";"III-1";"00005196";"REGIONAL DOCENTE DE TRUJILLO";"244700";"HOSPITALIZACIÓN DE MEDICINA NEUROLOGIA  ";"25";"27";"158";"129";"7";"217";"2"
"2023";"05";"130101";"LA LIBERTAD";"TRUJILLO";"TRUJILLO";"GOBIERNO REGIONAL";"III-1";"00005196";"REGIONAL DOCENTE DE TRUJILLO";"244300";"HOSPITALIZACIÓN DE MEDICINA GASTROENTEROLOGÍA  ";"36";"30";"210";"311";"11";"341";"1"
"2023";"05";"130101";"LA LIBERTAD";"TRUJILLO";"TRUJILLO";"GOBIERNO REGIONAL";"III-1";"00005196";"REGIONAL DOCENTE DE TRUJILLO";"244000";"HOSPITALIZACIÓN DE MEDICINA CARDIOLOGIA ";"5";"5";"41";"57";"4";"124";"0"
"2023";"05";"130101";"LA LIBERTAD";"TRUJILLO";"TRUJILLO";"GOBIERNO REGIONAL";"III-1";"00005196";"REGIONAL DOCENTE DE TRUJILLO";"242300";"HOSPITALIZACIÓN DE PEDIATRÍA  PEDIATRÍA  GENERAL ";"18";"14";"399";"432";"15";"465";"0"
"2023";"05";"130101";"LA LIBERTAD";"TRUJILLO";"TRUJILLO";"GOBIERNO REGIONAL";"III-1";"00005196";"REGIONAL DOCENTE DE TRUJILLO";"250103";"UNIDAD DE CUIDADOS CRITICOS UNIDAD  DE CUIDADOS INTENSIVOS GENERALES  (UCI) MEDICINA";"14";"5";"198";"396";"13";"403";"5"
"2023";"05";"130101";"LA LIBERTAD";"TRUJILLO";"TRUJILLO";"GOBIERNO REGIONAL";"III-1";"00005196";"REGIONAL DOCENTE DE TRUJILLO";"240100";"HOSPITALIZACIÓN QUIRÚRGICA CIRUGÍA GENERAL ";"157";"159";"662";"549";"23";"713";"1"
"2023";"05";"130101";"LA LIBERTAD";"TRUJILLO";"TRUJILLO";"GOBIERNO REGIONAL";"III-1";"00005196";"REGIONAL DOCENTE DE TRUJILLO";"240801";"HOSPITALIZACIÓN QUIRÚRGICA CIRUGÍA PLÁSTICA/RECONSTRUCTIVA/ REPARADORA QUEMADOS";"18";"21";"207";"139";"5";"155";"0"
"2023";"05";"130101";"LA LIBERTAD";"TRUJILLO";"TRUJILLO";"GOBIERNO REGIONAL";"III-1";"00005196";"REGIONAL DOCENTE DE TRUJILLO";"240400";"HOSPITALIZACIÓN QUIRÚRGICA CIRUGÍA DE TÓRAX Y CARDIOVASCULAR ";"4";"6";"170";"95";"4";"124";"1"
"2023";"05";"130101";"LA LIBERTAD";"TRUJILLO";"TRUJILLO";"GOBIERNO REGIONAL";"III-1";"00005196";"REGIONAL DOCENTE DE TRUJILLO";"241200";"HOSPITALIZACIÓN QUIRÚRGICA TRAUMATOLOGÍA Y ORTOPEDIA ";"63";"62";"495";"392";"14";"434";"0"
"2023";"05";"130101";"LA LIBERTAD";"TRUJILLO";"TRUJILLO";"GOBIERNO REGIONAL";"III-1";"00005196";"REGIONAL DOCENTE DE TRUJILLO";"241100";"HOSPITALIZACIÓN QUIRÚRGICA OTORRINOLARINGOLOGÍA  ";"12";"12";"30";"29";"3";"93";"0"
"2023";"05";"130101";"LA LIBERTAD";"TRUJILLO";"TRUJILLO";"GOBIERNO REGIONAL";"III-1";"00005196";"REGIONAL DOCENTE DE TRUJILLO";"241300";"HOSPITALIZACIÓN QUIRÚRGICA UROLOGÍA  ";"11";"13";"79";"75";"3";"93";"0"
"2023";"05";"130101";"LA LIBERTAD";"TRUJILLO";"TRUJILLO";"GOBIERNO REGIONAL";"III-1";"00005196";"REGIONAL DOCENTE DE TRUJILLO";"240900";"HOSPITALIZACIÓN QUIRÚRGICA NEUROCIRUGÍA ";"30";"25";"311";"311";"12";"372";"0"
"2023";"05";"130101";"LA LIBERTAD";"TRUJILLO";"TRUJILLO";"GOBIERNO REGIONAL";"III-1";"00005196";"REGIONAL DOCENTE DE TRUJILLO";"242300";"HOSPITALIZACIÓN DE PEDIATRÍA  PEDIATRÍA  GENERAL ";"92";"98";"613";"507";"17";"527";"0"
"2023";"05";"130101";"LA LIBERTAD";"TRUJILLO";"TRUJILLO";"GOBIERNO REGIONAL";"III-1";"00005196";"REGIONAL DOCENTE DE TRUJILLO";"250108";"UNIDAD DE CUIDADOS CRITICOS UNIDAD  DE CUIDADOS INTENSIVOS  (UCI) PEDIÁTRICA";"2";"1";"21";"145";"5";"155";"1"
"2023";"05";"130101";"LA LIBERTAD";"TRUJILLO";"TRUJILLO";"GOBIERNO REGIONAL";"III-1";"00005196";"REGIONAL DOCENTE DE TRUJILLO";"250201";"UNIDAD DE CUIDADOS CRITICOS UNIDAD DE CUIDADOS INTERMEDIOS  (UCIN) NEONATAL";"36";"54";"635";"335";"12";"372";"0"
"2023";"05";"130101";"LA LIBERTAD";"TRUJILLO";"TRUJILLO";"GOBIERNO REGIONAL";"III-1";"00005196";"REGIONAL DOCENTE DE TRUJILLO";"250105";"UNIDAD DE CUIDADOS CRITICOS UNIDAD  DE CUIDADOS INTENSIVOS  (UCI) NEONATOLOGÍA";"29";"2";"3";"455";"15";"465";"2"
"2023";"05";"130101";"LA LIBERTAD";"TRUJILLO";"TRUJILLO";"GOBIERNO REGIONAL";"III-1";"00005196";"REGIONAL DOCENTE DE TRUJILLO";"241600";"HOSPITALIZACIÓN QUIRÚRGICA OBSTETRICIA   ";"153";"146";"532";"446";"17";"527";"0"
"2023";"05";"130101";"LA LIBERTAD";"TRUJILLO";"TRUJILLO";"GOBIERNO REGIONAL";"III-1";"00005196";"REGIONAL DOCENTE DE TRUJILLO";"241500";"HOSPITALIZACIÓN QUIRÚRGICA GINECOLOGÍA  ";"99";"113";"511";"440";"20";"620";"0"
"2023";"05";"010601";"AMAZONAS";"RODRIGUEZ DE MENDOZA";"SAN NICOLAS";"GOBIERNO REGIONAL";"II-1";"00004950";"MARIA AUXILIADORA";"241600";"HOSPITALIZACIÓN QUIRÚRGICA OBSTETRICIA   ";"16";"16";"30";"30";"6";"180";"0"
"2023";"05";"010601";"AMAZONAS";"RODRIGUEZ DE MENDOZA";"SAN NICOLAS";"GOBIERNO REGIONAL";"II-1";"00004950";"MARIA AUXILIADORA";"241800";"HOSPITALIZACIÓN DE MEDICINA MEDICINA GENERAL ";"31";"31";"100";"100";"8";"240";"0"
"2023";"06";"150116";"LIMA";"LIMA";"LINCE";"ESSALUD";"I-3";"00017695";"CENTRO DE ATENCION PRIMARIA III ALFREDO PIAZZA ROBERTS-GSPN I Y II-RPA-ESSALUD";"NE_0001";"";"NE_0001";"NE_0001";"NE_0001";"NE_0001";"NE_0001";"NE_0001";"NE_0001"
"2023";"06";"220101";"SAN MARTIN";"MOYOBAMBA";"MOYOBAMBA";"GOBIERNO REGIONAL";"I-1";"00006316";"TAHUISHCO";"NE_0002";"";"NE_0002";"NE_0002";"NE_0002";"NE_0002";"NE_0002";"NE_0002";"NE_0002"
"2023";"06";"220101";"SAN MARTIN";"MOYOBAMBA";"MOYOBAMBA";"GOBIERNO REGIONAL";"I-1";"00006313";"MARONA";"NE_0002";"";"NE_0002";"NE_0002";"NE_0002";"NE_0002";"NE_0002";"NE_0002";"NE_0002"
"2023";"06";"220104";"SAN MARTIN";"MOYOBAMBA";"JEPELACIO";"GOBIERNO REGIONAL";"I-1";"00006317";"SAN MATEO";"NE_0002";"";"NE_0002";"NE_0002";"NE_0002";"NE_0002";"NE_0002";"NE_0002";"NE_0002"
"2023";"06";"220101";"SAN MARTIN";"MOYOBAMBA";"MOYOBAMBA";"GOBIERNO REGIONAL";"I-1";"00010110";"LA FLOR DE LA PRIMAVERA";"NE_0002";"";"NE_0002";"NE_0002";"NE_0002";"NE_0002";"NE_0002";"NE_0002";"NE_0002"
"2023";"06";"220101";"SAN MARTIN";"MOYOBAMBA";"MOYOBAMBA";"GOBIERNO REGIONAL";"I-2";"00031276";"LA PRIMAVERA";"NE_0002";"";"NE_0002";"NE_0002";"NE_0002";"NE_0002";"NE_0002";"NE_0002";"NE_0002"
"2023";"06";"220101";"SAN MARTIN";"MOYOBAMBA";"MOYOBAMBA";"GOBIERNO REGIONAL";"I-3";"00006312";"LLUYLLUCUCHA";"NE_0002";"";"NE_0002";"NE_0002";"NE_0002";"NE_0002";"NE_0002";"NE_0002";"NE_0002"
"2023";"06";"220101";"SAN MARTIN";"MOYOBAMBA";"MOYOBAMBA";"GOBIERNO REGIONAL";"I-1";"00006314";"QUILLOALLPA";"NE_0002";"";"NE_0002";"NE_0002";"NE_0002";"NE_0002";"NE_0002";"NE_0002";"NE_0002"
"2023";"06";"220101";"SAN MARTIN";"MOYOBAMBA";"MOYOBAMBA";"GOBIERNO REGIONAL";"I-2";"00006315";"SUGLLAQUIRO";"NE_0002";"";"NE_0002";"NE_0002";"NE_0002";"NE_0002";"NE_0002";"NE_0002";"NE_0002"
"2023";"06";"220101";"SAN MARTIN";"MOYOBAMBA";"MOYOBAMBA";"GOBIERNO REGIONAL";"I-1";"00027097";"EL CONDOR";"NE_0002";"";"NE_0002";"NE_0002";"NE_0002";"NE_0002";"NE_0002";"NE_0002";"NE_0002"
"2023";"06";"120606";"JUNIN";"SATIPO";"PANGOA";"GOBIERNO REGIONAL";"II-1";"00000442";"SAN MARTIN DE PANGOA";"241800";"HOSPITALIZACIÓN DE MEDICINA MEDICINA GENERAL ";"18";"22";"86";"175";"6";"180";"1"
"2023";"06";"120606";"JUNIN";"SATIPO";"PANGOA";"GOBIERNO REGIONAL";"II-1";"00000442";"SAN MARTIN DE PANGOA";"242500";"HOSPITALIZACIÓN-PEDIATRÍA GENERAL-";"22";"24";"80";"108";"8";"240";"0"
"2023";"06";"120606";"JUNIN";"SATIPO";"PANGOA";"GOBIERNO REGIONAL";"II-1";"00000442";"SAN MARTIN DE PANGOA";"240100";"HOSPITALIZACIÓN QUIRÚRGICA CIRUGÍA GENERAL ";"18";"19";"7745";"107";"4";"120";"0"
"2023";"06";"120606";"JUNIN";"SATIPO";"PANGOA";"GOBIERNO REGIONAL";"II-1";"00000442";"SAN MARTIN DE PANGOA";"241500";"HOSPITALIZACIÓN QUIRÚRGICA GINECOLOGÍA  ";"51";"52";"119";"50";"8";"240";"0"
"2023";"06";"120606";"JUNIN";"SATIPO";"PANGOA";"GOBIERNO REGIONAL";"II-1";"00000442";"SAN MARTIN DE PANGOA";"241400";"HOSPITALIZACIÓN QUIRÚRGICA GINECO - OBSTETRICIA ";"39";"39";"81";"147";"8";"240";"0"
"2023";"06";"120606";"JUNIN";"SATIPO";"PANGOA";"GOBIERNO REGIONAL";"II-1";"00000442";"SAN MARTIN DE PANGOA";"243200";"HOSPITALIZACIÓN DE PEDIATRÍA PEDIATRIA NEONATOLOGÍA";"8";"9";"49";"61";"6";"180";"0"
"2023";"06";"130103";"LA LIBERTAD";"TRUJILLO";"FLORENCIA DE MORA";"GOBIERNO REGIONAL";"II-1";"00005217";"HOSPITAL DISTRITAL EL ESFUERZO DE FLORENCIA DE MORA";"241600";"HOSPITALIZACIÓN QUIRÚRGICA OBSTETRICIA   ";"19";"19";"22";"22";"7";"210";"0"
"2023";"06";"130103";"LA LIBERTAD";"TRUJILLO";"FLORENCIA DE MORA";"GOBIERNO REGIONAL";"II-1";"00005217";"HOSPITAL DISTRITAL EL ESFUERZO DE FLORENCIA DE MORA";"241400";"HOSPITALIZACIÓN QUIRÚRGICA GINECO - OBSTETRICIA ";"5";"5";"20";"20";"3";"90";"0"
"2023";"06";"110102";"ICA";"ICA";"LA TINGUIÑA";"ESSALUD";"I-3";"00024531";"LA TINGUIÑA";"NE_0001";"";"NE_0001";"NE_0001";"NE_0001";"NE_0001";"NE_0001";"NE_0001";"NE_0001"
"2023";"06";"100301";"HUANUCO";"DOS DE MAYO";"LA UNION";"ESSALUD";"I-3";"00027084";"POSTA MEDICA LA UNION";"NE_0001";"";"NE_0001";"NE_0001";"NE_0001";"NE_0001";"NE_0001";"NE_0001";"NE_0001"
"2023";"06";"090304";"HUANCAVELICA";"ANGARAES";"CCOCHACCASA";"GOBIERNO REGIONAL";"I-1";"00003956";"SAN PEDRO DE MIMOSA";"NE_0001";"";"NE_0001";"NE_0001";"NE_0001";"NE_0001";"NE_0001";"NE_0001";"NE_0001"
"2023";"06";"090305";"HUANCAVELICA";"ANGARAES";"CHINCHO";"GOBIERNO REGIONAL";"I-1";"00011787";"LLAMOCCTACHI";"NE_0001";"";"NE_0001";"NE_0001";"NE_0001";"NE_0001";"NE_0001";"NE_0001";"NE_0001"
"2023";"06";"090301";"HUANCAVELICA";"ANGARAES";"LIRCAY";"GOBIERNO REGIONAL";"I-1";"00003946";"PIRCAPAHUANA";"NE_0001";"";"NE_0001";"NE_0001";"NE_0001";"NE_0001";"NE_0001";"NE_0001";"NE_0001"
"2023";"06";"090308";"HUANCAVELICA";"ANGARAES";"HUALLAY-GRANDE";"GOBIERNO REGIONAL";"I-2";"00003954";"HUAYLLAY GRANDE";"NE_0001";"";"NE_0001";"NE_0001";"NE_0001";"NE_0001";"NE_0001";"NE_0001";"NE_0001"
"2023";"06";"090311";"HUANCAVELICA";"ANGARAES";"SANTO TOMAS DE PATA";"GOBIERNO REGIONAL";"I-1";"00003967";"SANTO TOMAS DE PATA";"NE_0001";"";"NE_0001";"NE_0001";"NE_0001";"NE_0001";"NE_0001";"NE_0001";"NE_0001"
"2023";"06";"090301";"HUANCAVELICA";"ANGARAES";"LIRCAY";"GOBIERNO REGIONAL";"I-1";"00011205";"UNION PROGRESO PATAHUASI";"NE_0001";"";"NE_0001";"NE_0001";"NE_0001";"NE_0001";"NE_0001";"NE_0001";"NE_0001"
"2023";"06";"200115";"PIURA";"PIURA";"VEINTISEIS DE OCTUBRE";"PRIVADO";"II-1";"00027260";"CLÍNICA BELLO HORIZONTE S.A.";"240000";"HOSPITALIZACIÓN";"112";"121";"396";"502";"16";"480";"2"
"2023";"06";"200115";"PIURA";"PIURA";"VEINTISEIS DE OCTUBRE";"PRIVADO";"II-1";"00027260";"CLÍNICA BELLO HORIZONTE S.A.";"250100";"UNIDAD DE CUIDADOS CRITICOS UNIDAD  DE CUIDADOS INTENSIVOS GENERALES (UCI) ";"4";"5";"25";"23";"4";"120";"2"
"2023";"06";"090301";"HUANCAVELICA";"ANGARAES";"LIRCAY";"GOBIERNO REGIONAL";"I-1";"00003944";"BUENA VISTA";"NE_0001";"";"NE_0001";"NE_0001";"NE_0001";"NE_0001";"NE_0001";"NE_0001";"NE_0001"
"2023";"03";"150133";"LIMA";"LIMA";"SAN JUAN DE MIRAFLORES";"MINSA";"III-1";"00005987";"HOSPITAL MARIA AUXILIADORA";"240100";"HOSPITALIZACIÓN QUIRÚRGICA CIRUGÍA GENERAL ";"348";"351";"2474";"1920";"88";"2721";"1"
"2023";"03";"150133";"LIMA";"LIMA";"SAN JUAN DE MIRAFLORES";"MINSA";"III-1";"00005987";"HOSPITAL MARIA AUXILIADORA";"241400";"HOSPITALIZACIÓN QUIRÚRGICA GINECO - OBSTETRICIA ";"535";"553";"1756";"1922";"79";"2456";"0"
"2023";"03";"150133";"LIMA";"LIMA";"SAN JUAN DE MIRAFLORES";"MINSA";"III-1";"00005987";"HOSPITAL MARIA AUXILIADORA";"241900";"HOSPITALIZACIÓN DE MEDICINA MEDICINA INTERNA ";"334";"322";"3057";"2922";"115";"3564";"32"
"2023";"03";"150133";"LIMA";"LIMA";"SAN JUAN DE MIRAFLORES";"MINSA";"III-1";"00005987";"HOSPITAL MARIA AUXILIADORA";"242100";"HOSPITALIZACIÓN DE MEDICINA ONCOLOGÍA MÉDICA ";"47";"46";"279";"339";"14";"434";"3"
"2023";"03";"150133";"LIMA";"LIMA";"SAN JUAN DE MIRAFLORES";"MINSA";"III-1";"00005987";"HOSPITAL MARIA AUXILIADORA";"242300";"HOSPITALIZACIÓN DE PEDIATRÍA  PEDIATRÍA  GENERAL ";"177";"168";"713";"739";"35";"1085";"0"
"2023";"03";"150133";"LIMA";"LIMA";"SAN JUAN DE MIRAFLORES";"MINSA";"III-1";"00005987";"HOSPITAL MARIA AUXILIADORA";"243200";"HOSPITALIZACIÓN DE PEDIATRÍA PEDIATRIA NEONATOLOGÍA";"141";"157";"1470";"977";"51";"1581";"2"
"2023";"03";"150133";"LIMA";"LIMA";"SAN JUAN DE MIRAFLORES";"MINSA";"III-1";"00005987";"HOSPITAL MARIA AUXILIADORA";"250100";"UNIDAD DE CUIDADOS CRITICOS UNIDAD  DE CUIDADOS INTENSIVOS GENERALES (UCI) ";"20";"6";"105";"296";"12";"372";"6"
"2023";"03";"150133";"LIMA";"LIMA";"SAN JUAN DE MIRAFLORES";"MINSA";"III-1";"00005987";"HOSPITAL MARIA AUXILIADORA";"250105";"UNIDAD DE CUIDADOS CRITICOS UNIDAD  DE CUIDADOS INTENSIVOS  (UCI) NEONATOLOGÍA";"13";"4";"26";"251";"9";"279";"3"
"2023";"03";"150133";"LIMA";"LIMA";"SAN JUAN DE MIRAFLORES";"MINSA";"III-1";"00005987";"HOSPITAL MARIA AUXILIADORA";"250108";"UNIDAD DE CUIDADOS CRITICOS UNIDAD  DE CUIDADOS INTENSIVOS  (UCI) PEDIÁTRICA";"3";"1";"171";"135";"6";"186";"1"
"2023";"03";"150133";"LIMA";"LIMA";"SAN JUAN DE MIRAFLORES";"MINSA";"III-1";"00005987";"HOSPITAL MARIA AUXILIADORA";"250200";"UNIDAD DE CUIDADOS CRITICOS UNIDAD DE CUIDADOS INTERMEDIOS GENERAL  (UCIN) ";"10";"1";"5";"190";"8";"248";"0"
"2023";"03";"080901";"CUSCO";"LA CONVENCION";"SANTA ANA";"GOBIERNO REGIONAL";"II-1";"00002421";"QUILLABAMBA";"240100";"HOSPITALIZACIÓN QUIRÚRGICA CIRUGÍA GENERAL ";"84";"79";"519";"912";"30";"930";"0"
"2023";"03";"080901";"CUSCO";"LA CONVENCION";"SANTA ANA";"GOBIERNO REGIONAL";"II-1";"00002421";"QUILLABAMBA";"241400";"HOSPITALIZACIÓN QUIRÚRGICA GINECO - OBSTETRICIA ";"149";"145";"340";"142";"31";"961";"0"
"2023";"03";"080901";"CUSCO";"LA CONVENCION";"SANTA ANA";"GOBIERNO REGIONAL";"II-1";"00002421";"QUILLABAMBA";"241800";"HOSPITALIZACIÓN DE MEDICINA MEDICINA GENERAL ";"90";"91";"446";"410";"32";"992";"8"
"2023";"03";"080901";"CUSCO";"LA CONVENCION";"SANTA ANA";"GOBIERNO REGIONAL";"II-1";"00002421";"QUILLABAMBA";"242500";"HOSPITALIZACIÓN-PEDIATRÍA GENERAL-";"44";"38";"189";"218";"25";"775";"0"
"2023";"03";"080901";"CUSCO";"LA CONVENCION";"SANTA ANA";"GOBIERNO REGIONAL";"II-1";"00002421";"QUILLABAMBA";"242200";"HOSPITALIZACIÓN DE MEDICINA PSIQUIATRÍA ";"7";"9";"224";"199";"10";"310";"0"
"2023";"04";"030101";"APURIMAC";"ABANCAY";"ABANCAY";"GOBIERNO REGIONAL";"II-2";"00007719";"HOSPITAL REGIONAL GUILLERMO DIAZ DE LA VEGA";"241600";"HOSPITALIZACIÓN QUIRÚRGICA OBSTETRICIA   ";"122";"96";"247";"221";"10";"306";"0"
"2023";"04";"030101";"APURIMAC";"ABANCAY";"ABANCAY";"GOBIERNO REGIONAL";"II-2";"00007719";"HOSPITAL REGIONAL GUILLERMO DIAZ DE LA VEGA";"240100";"HOSPITALIZACIÓN QUIRÚRGICA CIRUGÍA GENERAL ";"116";"127";"519";"241";"10";"336";"0"
"2023";"04";"030101";"APURIMAC";"ABANCAY";"ABANCAY";"GOBIERNO REGIONAL";"II-2";"00007719";"HOSPITAL REGIONAL GUILLERMO DIAZ DE LA VEGA";"241500";"HOSPITALIZACIÓN QUIRÚRGICA GINECOLOGÍA  ";"104";"108";"324";"299";"14";"435";"0"
"2023";"04";"030101";"APURIMAC";"ABANCAY";"ABANCAY";"GOBIERNO REGIONAL";"II-2";"00007719";"HOSPITAL REGIONAL GUILLERMO DIAZ DE LA VEGA";"241900";"HOSPITALIZACIÓN DE MEDICINA MEDICINA INTERNA ";"84";"80";"468";"401";"11";"414";"7"
"2023";"04";"030101";"APURIMAC";"ABANCAY";"ABANCAY";"GOBIERNO REGIONAL";"II-2";"00007719";"HOSPITAL REGIONAL GUILLERMO DIAZ DE LA VEGA";"250201";"UNIDAD DE CUIDADOS CRITICOS UNIDAD DE CUIDADOS INTERMEDIOS  (UCIN) NEONATAL";"36";"34";"177";"116";"6";"185";"0"
"2023";"04";"030101";"APURIMAC";"ABANCAY";"ABANCAY";"GOBIERNO REGIONAL";"II-2";"00007719";"HOSPITAL REGIONAL GUILLERMO DIAZ DE LA VEGA";"242300";"HOSPITALIZACIÓN DE PEDIATRÍA  PEDIATRÍA  GENERAL ";"58";"57";"177";"168";"10";"300";"0"
"2023";"04";"030101";"APURIMAC";"ABANCAY";"ABANCAY";"GOBIERNO REGIONAL";"II-2";"00007719";"HOSPITAL REGIONAL GUILLERMO DIAZ DE LA VEGA";"241200";"HOSPITALIZACIÓN QUIRÚRGICA TRAUMATOLOGÍA Y ORTOPEDIA ";"57";"51";"601";"573";"11";"573";"0"
"2023";"04";"030101";"APURIMAC";"ABANCAY";"ABANCAY";"GOBIERNO REGIONAL";"II-2";"00007719";"HOSPITAL REGIONAL GUILLERMO DIAZ DE LA VEGA";"250103";"UNIDAD DE CUIDADOS CRITICOS UNIDAD  DE CUIDADOS INTENSIVOS GENERALES  (UCI) MEDICINA";"10";"11";"114";"80";"4";"120";"0"
"2023";"04";"030101";"APURIMAC";"ABANCAY";"ABANCAY";"GOBIERNO REGIONAL";"II-2";"00007719";"HOSPITAL REGIONAL GUILLERMO DIAZ DE LA VEGA";"250105";"UNIDAD DE CUIDADOS CRITICOS UNIDAD  DE CUIDADOS INTENSIVOS  (UCI) NEONATOLOGÍA";"5";"5";"126";"76";"4";"120";"1"
"2023";"04";"030101";"APURIMAC";"ABANCAY";"ABANCAY";"GOBIERNO REGIONAL";"II-2";"00007719";"HOSPITAL REGIONAL GUILLERMO DIAZ DE LA VEGA";"250200";"UNIDAD DE CUIDADOS CRITICOS UNIDAD DE CUIDADOS INTERMEDIOS GENERAL  (UCIN) ";"8";"6";"99";"196";"4";"196";"1"
"2023";"04";"130901";"LA LIBERTAD";"SANCHEZ CARRION";"HUAMACHUCO";"GOBIERNO REGIONAL";"I-2";"00005351";"PUENTE PIEDRA";"NE_0001";"";"NE_0001";"NE_0001";"NE_0001";"NE_0001";"NE_0001";"NE_0001";"NE_0001"
"2023";"04";"220903";"SAN MARTIN";"SAN MARTIN";"CACATACHI";"GOBIERNO REGIONAL";"I-3";"00006395";"CACATACHI";"NE_0001";"";"NE_0001";"NE_0001";"NE_0001";"NE_0001";"NE_0001";"NE_0001";"NE_0001"
"2023";"04";"220912";"SAN MARTIN";"SAN MARTIN";"SAN ANTONIO";"GOBIERNO REGIONAL";"I-1";"00006385";"SAN PEDRO DE CUMBAZA";"NE_0001";"";"NE_0001";"NE_0001";"NE_0001";"NE_0001";"NE_0001";"NE_0001";"NE_0001"
"2023";"04";"220912";"SAN MARTIN";"SAN MARTIN";"SAN ANTONIO";"GOBIERNO REGIONAL";"I-3";"00006384";"SAN ANTONIO DE CUMBAZA";"NE_0001";"";"NE_0001";"NE_0001";"NE_0001";"NE_0001";"NE_0001";"NE_0001";"NE_0001"
"2023";"04";"220903";"SAN MARTIN";"SAN MARTIN";"CACATACHI";"GOBIERNO REGIONAL";"I-3";"00006395";"CACATACHI";"NE_0001";"";"NE_0001";"NE_0001";"NE_0001";"NE_0001";"NE_0001";"NE_0001";"NE_0001"
"2023";"04";"220912";"SAN MARTIN";"SAN MARTIN";"SAN ANTONIO";"GOBIERNO REGIONAL";"I-1";"00006385";"SAN PEDRO DE CUMBAZA";"NE_0001";"";"NE_0001";"NE_0001";"NE_0001";"NE_0001";"NE_0001";"NE_0001";"NE_0001"
"2023";"04";"250101";"UCAYALI";"CORONEL PORTILLO";"CALLERIA";"PRIVADO";"II-E";"00027312";"Clínica Especializada Amazónica SAC";"240100";"HOSPITALIZACIÓN QUIRÚRGICA CIRUGÍA GENERAL ";"27";"27";"30";"27";"2";"60";"0"
"2023";"04";"120606";"JUNIN";"SATIPO";"PANGOA";"GOBIERNO REGIONAL";"I-1";"00021797";"SAN JERONIMO";"NE_0001";"";"NE_0001";"NE_0001";"NE_0001";"NE_0001";"NE_0001";"NE_0001";"NE_0001"
"2023";"04";"120606";"JUNIN";"SATIPO";"PANGOA";"GOBIERNO REGIONAL";"I-1";"00021800";"LOS ÁNGELES DE EDEN";"NE_0001";"";"NE_0001";"NE_0001";"NE_0001";"NE_0001";"NE_0001";"NE_0001";"NE_0001"
"2023";"04";"120606";"JUNIN";"SATIPO";"PANGOA";"GOBIERNO REGIONAL";"I-1";"00021814";"CENTRO SAURENI";"NE_0001";"";"NE_0001";"NE_0001";"NE_0001";"NE_0001";"NE_0001";"NE_0001";"NE_0001"
"2023";"04";"120606";"JUNIN";"SATIPO";"PANGOA";"GOBIERNO REGIONAL";"I-3";"00000445";"SAN ANTONIO DE SONOMORO";"NE_0001";"";"NE_0001";"NE_0001";"NE_0001";"NE_0001";"NE_0001";"NE_0001";"NE_0001"
"2023";"04";"120606";"JUNIN";"SATIPO";"PANGOA";"GOBIERNO REGIONAL";"I-2";"00000448";"NAYLAM DE SONOMORO";"NE_0001";"";"NE_0001";"NE_0001";"NE_0001";"NE_0001";"NE_0001";"NE_0001";"NE_0001"
"2023";"04";"120606";"JUNIN";"SATIPO";"PANGOA";"GOBIERNO REGIONAL";"I-1";"00011138";"SANTA ELENA";"NE_0001";"";"NE_0001";"NE_0001";"NE_0001";"NE_0001";"NE_0001";"NE_0001";"NE_0001"
"2023";"04";"120606";"JUNIN";"SATIPO";"PANGOA";"GOBIERNO REGIONAL";"I-1";"00021803";"LOS MANANTIALES";"NE_0001";"";"NE_0001";"NE_0001";"NE_0001";"NE_0001";"NE_0001";"NE_0001";"NE_0001"
"2023";"07";"060603";"CAJAMARCA";"CUTERVO";"CHOROS";"GOBIERNO REGIONAL";"I-1";"00004973";"EL ROLLO";"NE_0001";"";"NE_0001";"NE_0001";"NE_0001";"NE_0001";"NE_0001";"NE_0001";"NE_0001"
"2023";"04";"120606";"JUNIN";"SATIPO";"PANGOA";"GOBIERNO REGIONAL";"I-2";"00006880";"CIUDAD DE DIOS";"NE_0001";"";"NE_0001";"NE_0001";"NE_0001";"NE_0001";"NE_0001";"NE_0001";"NE_0001"
"2023";"04";"060801";"CAJAMARCA";"JAEN";"JAEN";"PRIVADO";"I-3";"00030976";"CENTRO MEDICO SALUD & VIAL JAEN";"NE_0001";"";"NE_0001";"NE_0001";"NE_0001";"NE_0001";"NE_0001";"NE_0001";"NE_0001"
"2023";"04";"150140";"LIMA";"LIMA";"SANTIAGO DE SURCO";"PRIVADO";"II-E";"00032409";"CLÍNICA ALVAREZ";"240000";"HOSPITALIZACIÓN";"10";"10";"22";"16";"8";"236";"0"
"2023";"07";"060607";"CAJAMARCA";"CUTERVO";"QUEROCOTILLO";"GOBIERNO REGIONAL";"I-1";"00004969";"EL MOLINO";"NE_0001";"";"NE_0001";"NE_0001";"NE_0001";"NE_0001";"NE_0001";"NE_0001";"NE_0001"
"2023";"07";"060607";"CAJAMARCA";"CUTERVO";"QUEROCOTILLO";"GOBIERNO REGIONAL";"I-1";"00006860";"TECHIN";"NE_0001";"";"NE_0001";"NE_0001";"NE_0001";"NE_0001";"NE_0001";"NE_0001";"NE_0001"
"2023";"07";"060602";"CAJAMARCA";"CUTERVO";"CALLAYUC";"GOBIERNO REGIONAL";"I-1";"00004962";"HUABAL";"NE_0001";"";"NE_0001";"NE_0001";"NE_0001";"NE_0001";"NE_0001";"NE_0001";"NE_0001"
"2023";"07";"060607";"CAJAMARCA";"CUTERVO";"QUEROCOTILLO";"GOBIERNO REGIONAL";"I-1";"00005008";"CHUMBICATE";"NE_0001";"";"NE_0001";"NE_0001";"NE_0001";"NE_0001";"NE_0001";"NE_0001";"NE_0001"
"2023";"07";"060607";"CAJAMARCA";"CUTERVO";"QUEROCOTILLO";"GOBIERNO REGIONAL";"I-1";"00006859";"MOSHOQUEQUE";"NE_0001";"";"NE_0001";"NE_0001";"NE_0001";"NE_0001";"NE_0001";"NE_0001";"NE_0001"
"2023";"07";"060602";"CAJAMARCA";"CUTERVO";"CALLAYUC";"GOBIERNO REGIONAL";"I-3";"00004964";"CHIPLE";"NE_0001";"";"NE_0001";"NE_0001";"NE_0001";"NE_0001";"NE_0001";"NE_0001";"NE_0001"
"2023";"07";"060602";"CAJAMARCA";"CUTERVO";"CALLAYUC";"GOBIERNO REGIONAL";"I-1";"00004965";"QUEROMARCA";"NE_0001";"";"NE_0001";"NE_0001";"NE_0001";"NE_0001";"NE_0001";"NE_0001";"NE_0001"
"2023";"07";"060606";"CAJAMARCA";"CUTERVO";"PIMPINGOS";"GOBIERNO REGIONAL";"I-2";"00005013";"CASA BLANCA";"NE_0001";"";"NE_0001";"NE_0001";"NE_0001";"NE_0001";"NE_0001";"NE_0001";"NE_0001"
"2023";"07";"060602";"CAJAMARCA";"CUTERVO";"CALLAYUC";"GOBIERNO REGIONAL";"I-1";"00007367";"CONGA";"NE_0001";"";"NE_0001";"NE_0001";"NE_0001";"NE_0001";"NE_0001";"NE_0001";"NE_0001"
"2023";"07";"060611";"CAJAMARCA";"CUTERVO";"SANTA CRUZ";"GOBIERNO REGIONAL";"I-1";"00004978";"CHIPLE LIMON";"NE_0001";"";"NE_0001";"NE_0001";"NE_0001";"NE_0001";"NE_0001";"NE_0001";"NE_0001"
"2023";"07";"060611";"CAJAMARCA";"CUTERVO";"SANTA CRUZ";"GOBIERNO REGIONAL";"I-1";"00004980";"SAN JUAN DE LIMON";"NE_0001";"";"NE_0001";"NE_0001";"NE_0001";"NE_0001";"NE_0001";"NE_0001";"NE_0001"
"2023";"07";"060602";"CAJAMARCA";"CUTERVO";"CALLAYUC";"GOBIERNO REGIONAL";"I-2";"00004966";"SANTA TERESA DE QUEROMARCA";"NE_0001";"";"NE_0001";"NE_0001";"NE_0001";"NE_0001";"NE_0001";"NE_0001";"NE_0001"
"2023";"07";"060602";"CAJAMARCA";"CUTERVO";"CALLAYUC";"GOBIERNO REGIONAL";"I-1";"00006828";"SANTA ROSA DE CALLAYUC";"NE_0001";"";"NE_0001";"NE_0001";"NE_0001";"NE_0001";"NE_0001";"NE_0001";"NE_0001"
"2023";"07";"060611";"CAJAMARCA";"CUTERVO";"SANTA CRUZ";"GOBIERNO REGIONAL";"I-1";"00011260";"LA VIÑA";"NE_0001";"";"NE_0001";"NE_0001";"NE_0001";"NE_0001";"NE_0001";"NE_0001";"NE_0001"
"2023";"07";"060607";"CAJAMARCA";"CUTERVO";"QUEROCOTILLO";"GOBIERNO REGIONAL";"I-1";"00004970";"SANTOS";"NE_0001";"";"NE_0001";"NE_0001";"NE_0001";"NE_0001";"NE_0001";"NE_0001";"NE_0001"
"2023";"07";"120403";"JUNIN";"JAUJA";"APATA";"GOBIERNO REGIONAL";"I-3";"00000409";"APATA";"NE_0001";"";"NE_0001";"NE_0001";"NE_0001";"NE_0001";"NE_0001";"NE_0001";"NE_0001"
"2023";"07";"120403";"JUNIN";"JAUJA";"APATA";"GOBIERNO REGIONAL";"I-1";"00000413";"PAUCAR APATA";"NE_0001";"";"NE_0001";"NE_0001";"NE_0001";"NE_0001";"NE_0001";"NE_0001";"NE_0001"
"2023";"07";"120407";"JUNIN";"JAUJA";"EL MANTARO";"GOBIERNO REGIONAL";"I-1";"00000414";"EL MANTARO";"NE_0001";"";"NE_0001";"NE_0001";"NE_0001";"NE_0001";"NE_0001";"NE_0001";"NE_0001"
"2023";"07";"120403";"JUNIN";"JAUJA";"APATA";"GOBIERNO REGIONAL";"I-1";"00000412";"CHICCHE";"NE_0001";"";"NE_0001";"NE_0001";"NE_0001";"NE_0001";"NE_0001";"NE_0001";"NE_0001"
"2023";"07";"120408";"JUNIN";"JAUJA";"HUAMALI";"GOBIERNO REGIONAL";"I-2";"00000415";"HUAMALI";"NE_0001";"";"NE_0001";"NE_0001";"NE_0001";"NE_0001";"NE_0001";"NE_0001";"NE_0001"
"2023";"07";"150113";"LIMA";"LIMA";"JESUS MARIA";"PRIVADO";"III-1";"00009116";"CLINICA SAN FELIPE S.A.";"240000";"HOSPITALIZACIÓN";"411";"398";"1456";"47";"101";"3131";"0"
"2023";"07";"150113";"LIMA";"LIMA";"JESUS MARIA";"PRIVADO";"III-1";"00009116";"CLINICA SAN FELIPE S.A.";"250200";"UNIDAD DE CUIDADOS CRITICOS UNIDAD DE CUIDADOS INTERMEDIOS GENERAL  (UCIN) ";"60";"61";"348";"11";"25";"775";"2"
"2023";"07";"150113";"LIMA";"LIMA";"JESUS MARIA";"PRIVADO";"III-1";"00009116";"CLINICA SAN FELIPE S.A.";"250100";"UNIDAD DE CUIDADOS CRITICOS UNIDAD  DE CUIDADOS INTENSIVOS GENERALES (UCI) ";"36";"37";"174";"6";"21";"651";"4"
"2023";"07";"150101";"LIMA";"LIMA";"LIMA";"MINSA";"III-2";"00006217";"INO DR. FRANCISCO CONTRERAS C.";"240600";"HOSPITALIZACIÓN QUIRÚRGICA CIRUGÍA OFTALMOLÓGICA ";"4";"4";"8";"4";"7";"217";"0"
"2023";"07";"220104";"SAN MARTIN";"MOYOBAMBA";"JEPELACIO";"GOBIERNO REGIONAL";"I-2";"00006339";"SHUCSHUYACU";"NE_0001";"";"NE_0001";"NE_0001";"NE_0001";"NE_0001";"NE_0001";"NE_0001";"NE_0001"
"2023";"07";"220104";"SAN MARTIN";"MOYOBAMBA";"JEPELACIO";"GOBIERNO REGIONAL";"I-2";"00006340";"NUEVO SAN MIGUEL";"NE_0001";"";"NE_0001";"NE_0001";"NE_0001";"NE_0001";"NE_0001";"NE_0001";"NE_0001"
"2023";"07";"220104";"SAN MARTIN";"MOYOBAMBA";"JEPELACIO";"GOBIERNO REGIONAL";"I-1";"00006338";"CARRIZAL";"NE_0001";"";"NE_0001";"NE_0001";"NE_0001";"NE_0001";"NE_0001";"NE_0001";"NE_0001"
"2023";"07";"180301";"MOQUEGUA";"ILO";"ILO";"GOBIERNO REGIONAL";"II-1";"00002818";"HOSPITAL ILO";"240100";"HOSPITALIZACIÓN QUIRÚRGICA CIRUGÍA GENERAL ";"9";"9";"36";"104";"8";"248";"0"
"2023";"07";"180301";"MOQUEGUA";"ILO";"ILO";"GOBIERNO REGIONAL";"II-1";"00002818";"HOSPITAL ILO";"241200";"HOSPITALIZACIÓN QUIRÚRGICA TRAUMATOLOGÍA Y ORTOPEDIA ";"2";"2";"13";"12";"1";"31";"0"
"2023";"07";"180301";"MOQUEGUA";"ILO";"ILO";"GOBIERNO REGIONAL";"II-1";"00002818";"HOSPITAL ILO";"241800";"HOSPITALIZACIÓN DE MEDICINA MEDICINA GENERAL ";"15";"15";"73";"121";"30";"930";"0"
"2023";"07";"180301";"MOQUEGUA";"ILO";"ILO";"GOBIERNO REGIONAL";"II-1";"00002818";"HOSPITAL ILO";"242500";"HOSPITALIZACIÓN-PEDIATRÍA GENERAL-";"17";"17";"51";"69";"4";"124";"0"
"2023";"07";"180301";"MOQUEGUA";"ILO";"ILO";"GOBIERNO REGIONAL";"II-1";"00002818";"HOSPITAL ILO";"241500";"HOSPITALIZACIÓN QUIRÚRGICA GINECOLOGÍA  ";"11";"11";"44";"62";"3";"93";"0"
"2023";"07";"180301";"MOQUEGUA";"ILO";"ILO";"GOBIERNO REGIONAL";"II-1";"00002818";"HOSPITAL ILO";"243200";"HOSPITALIZACIÓN DE PEDIATRÍA PEDIATRIA NEONATOLOGÍA";"11";"11";"22";"19";"3";"93";"0"
"2023";"07";"180301";"MOQUEGUA";"ILO";"ILO";"GOBIERNO REGIONAL";"II-1";"00002818";"HOSPITAL ILO";"241400";"HOSPITALIZACIÓN QUIRÚRGICA GINECO - OBSTETRICIA ";"19";"19";"61";"122";"7";"217";"0"
"2023";"07";"180301";"MOQUEGUA";"ILO";"ILO";"GOBIERNO REGIONAL";"II-1";"00002818";"HOSPITAL ILO";"241600";"HOSPITALIZACIÓN QUIRÚRGICA OBSTETRICIA   ";"67";"67";"151";"178";"10";"310";"0"
"2023";"07";"220303";"SAN MARTIN";"EL DORADO";"SAN MARTIN";"GOBIERNO REGIONAL";"I-4";"00006492";"SAN MARTIN DE ALAO";"241600";"HOSPITALIZACIÓN QUIRÚRGICA OBSTETRICIA   ";"1";"1";"1";"1";"3";"93";"0"
"2023";"07";"220303";"SAN MARTIN";"EL DORADO";"SAN MARTIN";"GOBIERNO REGIONAL";"I-4";"00006492";"SAN MARTIN DE ALAO";"241800";"HOSPITALIZACIÓN DE MEDICINA MEDICINA GENERAL ";"5";"5";"5";"6";"3";"93";"0"
"2023";"07";"220303";"SAN MARTIN";"EL DORADO";"SAN MARTIN";"GOBIERNO REGIONAL";"I-1";"00006494";"SINAMI";"NE_0001";"";"NE_0001";"NE_0001";"NE_0001";"NE_0001";"NE_0001";"NE_0001";"NE_0001"
"2023";"07";"220303";"SAN MARTIN";"EL DORADO";"SAN MARTIN";"GOBIERNO REGIONAL";"I-1";"00007391";"CASHNAHUASI";"NE_0001";"";"NE_0001";"NE_0001";"NE_0001";"NE_0001";"NE_0001";"NE_0001";"NE_0001"
"2023";"07";"060810";"CAJAMARCA";"JAEN";"SAN FELIPE";"GOBIERNO REGIONAL";"I-3";"00004254";"SAN FELIPE";"NE_0001";"";"NE_0001";"NE_0001";"NE_0001";"NE_0001";"NE_0001";"NE_0001";"NE_0001"
"2023";"06";"250101";"UCAYALI";"CORONEL PORTILLO";"CALLERIA";"GOBIERNO REGIONAL";"I-2";"00005568";"DOS DE MAYO";"NE_0001";"";"NE_0001";"NE_0001";"NE_0001";"NE_0001";"NE_0001";"NE_0001";"NE_0001"
"2023";"06";"250105";"UCAYALI";"CORONEL PORTILLO";"YARINACOCHA";"GOBIERNO REGIONAL";"I-3";"00005566";"HUSARES DEL PERU.";"NE_0001";"";"NE_0001";"NE_0001";"NE_0001";"NE_0001";"NE_0001";"NE_0001";"NE_0001"
"2023";"06";"250101";"UCAYALI";"CORONEL PORTILLO";"CALLERIA";"GOBIERNO REGIONAL";"I-3";"00005565";"NUEVO PARAISO";"NE_0001";"";"NE_0001";"NE_0001";"NE_0001";"NE_0001";"NE_0001";"NE_0001";"NE_0001"
"2023";"06";"250105";"UCAYALI";"CORONEL PORTILLO";"YARINACOCHA";"GOBIERNO REGIONAL";"I-2";"00005559";"SHIRAMBARI.";"NE_0001";"";"NE_0001";"NE_0001";"NE_0001";"NE_0001";"NE_0001";"NE_0001";"NE_0001"
"2023";"04";"070101";"CALLAO";"CALLAO";"CALLAO";"SANIDAD DE LA POLICIA NACIONAL DEL PERU";"I-2";"00010610";"POSTA MEDICA POLICIAL SEDE DIRAVPOL";"NE_0001";"";"NE_0001";"NE_0001";"NE_0001";"NE_0001";"NE_0001";"NE_0001";"NE_0001"
"2023";"04";"081207";"CUSCO";"QUISPICANCHI";"HUARO";"SANIDAD DE LA POLICIA NACIONAL DEL PERU";"I-2";"00011747";"POSTA MEDICA POLICIAL PUCUTO";"NE_0001";"";"NE_0001";"NE_0001";"NE_0001";"NE_0001";"NE_0001";"NE_0001";"NE_0001"
"2023";"03";"060508";"CAJAMARCA";"CONTUMAZA";"YONAN";"ESSALUD";"I-2";"00010274";"POSTA MEDICA TEMBLADERA";"NE_0001";"";"NE_0001";"NE_0001";"NE_0001";"NE_0001";"NE_0001";"NE_0001";"NE_0001"
"2023";"04";"150121";"LIMA";"LIMA";"PUEBLO LIBRE";"PRIVADO";"II-E";"00021096";"CLINICA ESPECIALIZADA EN CIRUGÍA PLÁSTICA SAN AGUSTIN";"NE_0001";"";"NE_0001";"NE_0001";"NE_0001";"NE_0001";"NE_0001";"NE_0001";"NE_0001"
"2023";"04";"180301";"MOQUEGUA";"ILO";"ILO";"GOBIERNO REGIONAL";"II-1";"00002818";"HOSPITAL ILO";"240100";"HOSPITALIZACIÓN QUIRÚRGICA CIRUGÍA GENERAL ";"19";"19";"59";"94";"9";"270";"0"
"2023";"04";"180301";"MOQUEGUA";"ILO";"ILO";"GOBIERNO REGIONAL";"II-1";"00002818";"HOSPITAL ILO";"241800";"HOSPITALIZACIÓN DE MEDICINA MEDICINA GENERAL ";"30";"30";"140";"123";"30";"900";"2"
"2023";"04";"180301";"MOQUEGUA";"ILO";"ILO";"GOBIERNO REGIONAL";"II-1";"00002818";"HOSPITAL ILO";"242500";"HOSPITALIZACIÓN-PEDIATRÍA GENERAL-";"15";"15";"45";"64";"4";"120";"0"
"2023";"04";"180301";"MOQUEGUA";"ILO";"ILO";"GOBIERNO REGIONAL";"II-1";"00002818";"HOSPITAL ILO";"241500";"HOSPITALIZACIÓN QUIRÚRGICA GINECOLOGÍA  ";"8";"8";"29";"61";"3";"90";"0"
"2023";"04";"180301";"MOQUEGUA";"ILO";"ILO";"GOBIERNO REGIONAL";"II-1";"00002818";"HOSPITAL ILO";"243200";"HOSPITALIZACIÓN DE PEDIATRÍA PEDIATRIA NEONATOLOGÍA";"13";"13";"41";"24";"3";"90";"0"
"2023";"04";"180301";"MOQUEGUA";"ILO";"ILO";"GOBIERNO REGIONAL";"II-1";"00002818";"HOSPITAL ILO";"241400";"HOSPITALIZACIÓN QUIRÚRGICA GINECO - OBSTETRICIA ";"35";"35";"104";"144";"7";"210";"0"
"2023";"04";"180301";"MOQUEGUA";"ILO";"ILO";"GOBIERNO REGIONAL";"II-1";"00002818";"HOSPITAL ILO";"241600";"HOSPITALIZACIÓN QUIRÚRGICA OBSTETRICIA   ";"52";"52";"112";"183";"10";"300";"0"
"2023";"04";"150122";"LIMA";"LIMA";"MIRAFLORES";"ESSALUD";"II-2";"00008489";"ESSALUD - HOSPITAL III SUÁREZ ANGAMOS";"250100";"UNIDAD DE CUIDADOS CRITICOS UNIDAD  DE CUIDADOS INTENSIVOS GENERALES (UCI) ";"10";"10";"95";"175";"7";"210";"8"
"2023";"04";"150122";"LIMA";"LIMA";"MIRAFLORES";"ESSALUD";"II-2";"00008489";"ESSALUD - HOSPITAL III SUÁREZ ANGAMOS";"250200";"UNIDAD DE CUIDADOS CRITICOS UNIDAD DE CUIDADOS INTERMEDIOS GENERAL  (UCIN) ";"7";"7";"19";"125";"6";"180";"0"
"2023";"04";"150122";"LIMA";"LIMA";"MIRAFLORES";"ESSALUD";"II-2";"00008489";"ESSALUD - HOSPITAL III SUÁREZ ANGAMOS";"241800";"HOSPITALIZACIÓN DE MEDICINA MEDICINA GENERAL ";"98";"91";"775";"697";"24";"720";"6"
"2023";"04";"150122";"LIMA";"LIMA";"MIRAFLORES";"ESSALUD";"II-2";"00008489";"ESSALUD - HOSPITAL III SUÁREZ ANGAMOS";"240100";"HOSPITALIZACIÓN QUIRÚRGICA CIRUGÍA GENERAL ";"216";"222";"500";"494";"21";"629";"0"
"2023";"04";"150122";"LIMA";"LIMA";"MIRAFLORES";"ESSALUD";"II-2";"00008489";"ESSALUD - HOSPITAL III SUÁREZ ANGAMOS";"241400";"HOSPITALIZACIÓN QUIRÚRGICA GINECO - OBSTETRICIA ";"43";"46";"86";"85";"4";"121";"0"
"2023";"04";"150122";"LIMA";"LIMA";"MIRAFLORES";"ESSALUD";"II-2";"00008489";"ESSALUD - HOSPITAL III SUÁREZ ANGAMOS";"241600";"HOSPITALIZACIÓN QUIRÚRGICA OBSTETRICIA   ";"197";"202";"357";"326";"13";"395";"0"
"2023";"04";"150122";"LIMA";"LIMA";"MIRAFLORES";"ESSALUD";"II-2";"00008489";"ESSALUD - HOSPITAL III SUÁREZ ANGAMOS";"242300";"HOSPITALIZACIÓN DE PEDIATRÍA  PEDIATRÍA  GENERAL ";"81";"78";"247";"275";"10";"287";"0"
"2023";"04";"150122";"LIMA";"LIMA";"MIRAFLORES";"ESSALUD";"II-2";"00008489";"ESSALUD - HOSPITAL III SUÁREZ ANGAMOS";"243200";"HOSPITALIZACIÓN DE PEDIATRÍA PEDIATRIA NEONATOLOGÍA";"11";"10";"28";"42";"3";"92";"0"
"2023";"04";"130905";"LA LIBERTAD";"SANCHEZ CARRION";"MARCABAL";"GOBIERNO REGIONAL";"I-2";"00013552";"AGOCAS";"NE_0001";"";"NE_0001";"NE_0001";"NE_0001";"NE_0001";"NE_0001";"NE_0001";"NE_0001"
"2023";"04";"150116";"LIMA";"LIMA";"LINCE";"PRIVADO";"II-E";"00023918";"CLINICA CIRLAP";"240000";"HOSPITALIZACIÓN";"31";"31";"82";"67";"12";"360";"0"
"2023";"04";"160108";"LORETO";"MAYNAS";"PUNCHANA";"GOBIERNO REGIONAL";"III-1";"00000003";"HOSPITAL REGIONAL DE LORETO ""FELIPE SANTIAGO ARRIOLA IGLESIAS""";"240100";"HOSPITALIZACIÓN QUIRÚRGICA CIRUGÍA GENERAL ";"116";"119";"642";"589";"28";"840";"0"
"2023";"04";"160108";"LORETO";"MAYNAS";"PUNCHANA";"GOBIERNO REGIONAL";"III-1";"00000003";"HOSPITAL REGIONAL DE LORETO ""FELIPE SANTIAGO ARRIOLA IGLESIAS""";"241500";"HOSPITALIZACIÓN QUIRÚRGICA GINECOLOGÍA  ";"22";"29";"171";"245";"15";"450";"0"
"2023";"04";"160108";"LORETO";"MAYNAS";"PUNCHANA";"GOBIERNO REGIONAL";"III-1";"00000003";"HOSPITAL REGIONAL DE LORETO ""FELIPE SANTIAGO ARRIOLA IGLESIAS""";"241900";"HOSPITALIZACIÓN DE MEDICINA MEDICINA INTERNA ";"75";"84";"835";"733";"29";"870";"14"
"2023";"04";"160108";"LORETO";"MAYNAS";"PUNCHANA";"GOBIERNO REGIONAL";"III-1";"00000003";"HOSPITAL REGIONAL DE LORETO ""FELIPE SANTIAGO ARRIOLA IGLESIAS""";"242000";"HOSPITALIZACIÓN DE MEDICINA MEDICINA TROPICAL E INFECCIOSAS ";"96";"87";"549";"630";"25";"750";"11"
"2023";"04";"160108";"LORETO";"MAYNAS";"PUNCHANA";"GOBIERNO REGIONAL";"III-1";"00000003";"HOSPITAL REGIONAL DE LORETO ""FELIPE SANTIAGO ARRIOLA IGLESIAS""";"243200";"HOSPITALIZACIÓN DE PEDIATRÍA PEDIATRIA NEONATOLOGÍA";"12";"2";"27";"160";"6";"180";"2"
"2023";"04";"160108";"LORETO";"MAYNAS";"PUNCHANA";"GOBIERNO REGIONAL";"III-1";"00000003";"HOSPITAL REGIONAL DE LORETO ""FELIPE SANTIAGO ARRIOLA IGLESIAS""";"241400";"HOSPITALIZACIÓN QUIRÚRGICA GINECO - OBSTETRICIA ";"321";"324";"720";"637";"37";"1110";"0"
"2023";"04";"160108";"LORETO";"MAYNAS";"PUNCHANA";"GOBIERNO REGIONAL";"III-1";"00000003";"HOSPITAL REGIONAL DE LORETO ""FELIPE SANTIAGO ARRIOLA IGLESIAS""";"242300";"HOSPITALIZACIÓN DE PEDIATRÍA  PEDIATRÍA  GENERAL ";"56";"62";"911";"673";"24";"720";"0"
"2023";"04";"160108";"LORETO";"MAYNAS";"PUNCHANA";"GOBIERNO REGIONAL";"III-1";"00000003";"HOSPITAL REGIONAL DE LORETO ""FELIPE SANTIAGO ARRIOLA IGLESIAS""";"250103";"UNIDAD DE CUIDADOS CRITICOS UNIDAD  DE CUIDADOS INTENSIVOS GENERALES  (UCI) MEDICINA";"9";"4";"40";"125";"7";"210";"4"
"2023";"04";"160108";"LORETO";"MAYNAS";"PUNCHANA";"GOBIERNO REGIONAL";"III-1";"00000003";"HOSPITAL REGIONAL DE LORETO ""FELIPE SANTIAGO ARRIOLA IGLESIAS""";"250108";"UNIDAD DE CUIDADOS CRITICOS UNIDAD  DE CUIDADOS INTENSIVOS  (UCI) PEDIÁTRICA";"14";"5";"25";"58";"6";"180";"5"
"2023";"04";"160108";"LORETO";"MAYNAS";"PUNCHANA";"GOBIERNO REGIONAL";"III-1";"00000003";"HOSPITAL REGIONAL DE LORETO ""FELIPE SANTIAGO ARRIOLA IGLESIAS""";"250109";"UNIDAD DE CUIDADOS CRITICOS UNIDAD  DE CUIDADOS INTENSIVOS  (UCI) QUIRÚRGICA";"12";"11";"236";"106";"6";"180";"3"
"2023";"04";"160108";"LORETO";"MAYNAS";"PUNCHANA";"GOBIERNO REGIONAL";"III-1";"00000003";"HOSPITAL REGIONAL DE LORETO ""FELIPE SANTIAGO ARRIOLA IGLESIAS""";"250400";"UNIDAD DE CUIDADOS CRITICOS UNIDAD DE QUEMADOS (GRAN QUEMADO) ";"6";"7";"209";"176";"7";"210";"0"
"2023";"04";"160108";"LORETO";"MAYNAS";"PUNCHANA";"GOBIERNO REGIONAL";"III-1";"00000003";"HOSPITAL REGIONAL DE LORETO ""FELIPE SANTIAGO ARRIOLA IGLESIAS""";"250105";"UNIDAD DE CUIDADOS CRITICOS UNIDAD  DE CUIDADOS INTENSIVOS  (UCI) NEONATOLOGÍA";"17";"27";"315";"362";"13";"390";"0"
"2023";"04";"160108";"LORETO";"MAYNAS";"PUNCHANA";"GOBIERNO REGIONAL";"III-1";"00000003";"HOSPITAL REGIONAL DE LORETO ""FELIPE SANTIAGO ARRIOLA IGLESIAS""";"242205";"HOSPITALIZACIÓN MEDICINA PSIQUIATRÍA PISIQUIATRIA/ SALUD MENTAL Y ADICCIONES";"3";"2";"98";"329";"11";"331";"0"
"2023";"04";"160108";"LORETO";"MAYNAS";"PUNCHANA";"GOBIERNO REGIONAL";"III-1";"00000003";"HOSPITAL REGIONAL DE LORETO ""FELIPE SANTIAGO ARRIOLA IGLESIAS""";"242100";"HOSPITALIZACIÓN DE MEDICINA ONCOLOGÍA MÉDICA ";"20";"19";"90";"85";"4";"120";"0"
"2023";"04";"110101";"ICA";"ICA";"ICA";"PRIVADO";"I-4";"00009660";"SEÑOR DE LUREN DE ICA";"240000";"HOSPITALIZACIÓN";"69";"66";"136";"124";"14";"420";"17"
"2023";"07";"220202";"SAN MARTIN";"BELLAVISTA";"ALTO BIAVO";"GOBIERNO REGIONAL";"I-1";"00006528";"NUEVA ARICA";"NE_0002";"";"NE_0002";"NE_0002";"NE_0002";"NE_0002";"NE_0002";"NE_0002";"NE_0002"
"2023";"07";"220202";"SAN MARTIN";"BELLAVISTA";"ALTO BIAVO";"GOBIERNO REGIONAL";"I-1";"00006525";"CUZCO";"NE_0002";"";"NE_0002";"NE_0002";"NE_0002";"NE_0002";"NE_0002";"NE_0002";"NE_0002"
"2023";"07";"220202";"SAN MARTIN";"BELLAVISTA";"ALTO BIAVO";"GOBIERNO REGIONAL";"I-2";"00006524";"BARRANCA";"NE_0002";"";"NE_0002";"NE_0002";"NE_0002";"NE_0002";"NE_0002";"NE_0002";"NE_0002"
"2023";"07";"220202";"SAN MARTIN";"BELLAVISTA";"ALTO BIAVO";"GOBIERNO REGIONAL";"I-1";"00006526";"INCAICO";"NE_0002";"";"NE_0002";"NE_0002";"NE_0002";"NE_0002";"NE_0002";"NE_0002";"NE_0002"
"2023";"07";"220202";"SAN MARTIN";"BELLAVISTA";"ALTO BIAVO";"GOBIERNO REGIONAL";"I-1";"00006527";"JOSE OLAYA";"NE_0002";"";"NE_0002";"NE_0002";"NE_0002";"NE_0002";"NE_0002";"NE_0002";"NE_0002"
"2023";"08";"150110";"LIMA";"LIMA";"COMAS";"PRIVADO";"II-1";"00009144";"CLINICA MEDICA ZEGARRA S.A.C.";"242300";"HOSPITALIZACIÓN DE PEDIATRÍA  PEDIATRÍA  GENERAL ";"35";"50";"558";"5";"5";"110";"0"
"2023";"08";"150110";"LIMA";"LIMA";"COMAS";"PRIVADO";"II-1";"00009144";"CLINICA MEDICA ZEGARRA S.A.C.";"241800";"HOSPITALIZACIÓN DE MEDICINA MEDICINA GENERAL ";"32";"37";"178";"7";"7";"126";"0"
"2023";"08";"150110";"LIMA";"LIMA";"COMAS";"PRIVADO";"II-1";"00009144";"CLINICA MEDICA ZEGARRA S.A.C.";"241400";"HOSPITALIZACIÓN QUIRÚRGICA GINECO - OBSTETRICIA ";"16";"15";"85";"4";"6";"109";"0"
"2023";"08";"150110";"LIMA";"LIMA";"COMAS";"PRIVADO";"II-1";"00009144";"CLINICA MEDICA ZEGARRA S.A.C.";"240100";"HOSPITALIZACIÓN QUIRÚRGICA CIRUGÍA GENERAL ";"21";"29";"65";"3";"3";"98";"0"
"2023";"08";"150110";"LIMA";"LIMA";"COMAS";"PRIVADO";"II-1";"00009144";"CLINICA MEDICA ZEGARRA S.A.C.";"241200";"HOSPITALIZACIÓN QUIRÚRGICA TRAUMATOLOGÍA Y ORTOPEDIA ";"12";"10";"37";"5";"4";"32";"0"
"2023";"08";"040129";"AREQUIPA";"AREQUIPA";"JOSE LUIS BUSTAMANTE Y RIVERO";"GOBIERNO REGIONAL";"I-3";"00001257";"CENTRO DE SALUD VICTOR RAUL HINOJOSA LLERENA";"NE_0001";"";"NE_0001";"NE_0001";"NE_0001";"NE_0001";"NE_0001";"NE_0001";"NE_0001"
"2023";"08";"040129";"AREQUIPA";"AREQUIPA";"JOSE LUIS BUSTAMANTE Y RIVERO";"GOBIERNO REGIONAL";"I-3";"00023488";"CENTRO DE SALUD MENTAL COMUNITARIO SIMON BOLIVAR";"NE_0001";"";"NE_0001";"NE_0001";"NE_0001";"NE_0001";"NE_0001";"NE_0001";"NE_0001"
"2023";"08";"040129";"AREQUIPA";"AREQUIPA";"JOSE LUIS BUSTAMANTE Y RIVERO";"GOBIERNO REGIONAL";"I-2";"00001263";"PUESTO DE SALUD 13 DE ENERO";"NE_0001";"";"NE_0001";"NE_0001";"NE_0001";"NE_0001";"NE_0001";"NE_0001";"NE_0001"
"2023";"08";"040129";"AREQUIPA";"AREQUIPA";"JOSE LUIS BUSTAMANTE Y RIVERO";"GOBIERNO REGIONAL";"I-3";"00001264";"CENTRO DE SALUD LAS ESMERALDAS";"NE_0001";"";"NE_0001";"NE_0001";"NE_0001";"NE_0001";"NE_0001";"NE_0001";"NE_0001"
"2023";"08";"040129";"AREQUIPA";"AREQUIPA";"JOSE LUIS BUSTAMANTE Y RIVERO";"GOBIERNO REGIONAL";"I-2";"00001267";"PUESTO DE SALUD CERRO JULI";"NE_0001";"";"NE_0001";"NE_0001";"NE_0001";"NE_0001";"NE_0001";"NE_0001";"NE_0001"
"2023";"08";"220101";"SAN MARTIN";"MOYOBAMBA";"MOYOBAMBA";"GOBIERNO REGIONAL";"I-2";"00006282";"LA CONQUISTA";"NE_0001";"";"NE_0001";"NE_0001";"NE_0001";"NE_0001";"NE_0001";"NE_0001";"NE_0001"
"2023";"08";"220809";"SAN MARTIN";"RIOJA";"YURACYACU";"GOBIERNO REGIONAL";"I-3";"00006281";"YURACYACU";"NE_0002";"";"NE_0002";"NE_0002";"NE_0002";"NE_0002";"NE_0002";"NE_0002";"NE_0002"
"2023";"08";"150116";"LIMA";"LIMA";"LINCE";"PRIVADO";"II-E";"00033237";"ARTHROMEDS";"NE_0001";"";"NE_0001";"NE_0001";"NE_0001";"NE_0001";"NE_0001";"NE_0001";"NE_0001"
"2023";"08";"200501";"PIURA";"PAITA";"PAITA";"ESSALUD";"I-4";"00011763";"HOSPITAL I MIGUEL CRUZADO VERA - PAITA";"241800";"HOSPITALIZACIÓN DE MEDICINA MEDICINA GENERAL ";"60";"61";"301";"220";"8";"403";"2"
"2023";"08";"200501";"PIURA";"PAITA";"PAITA";"ESSALUD";"I-4";"00011763";"HOSPITAL I MIGUEL CRUZADO VERA - PAITA";"241500";"HOSPITALIZACIÓN QUIRÚRGICA GINECOLOGÍA  ";"2";"1";"8";"18";"1";"31";"0"
"2023";"08";"200501";"PIURA";"PAITA";"PAITA";"ESSALUD";"I-4";"00011763";"HOSPITAL I MIGUEL CRUZADO VERA - PAITA";"241400";"HOSPITALIZACIÓN QUIRÚRGICA GINECO - OBSTETRICIA ";"12";"12";"32";"19";"1";"31";"0"
"2023";"08";"200501";"PIURA";"PAITA";"PAITA";"ESSALUD";"I-4";"00011763";"HOSPITAL I MIGUEL CRUZADO VERA - PAITA";"242300";"HOSPITALIZACIÓN DE PEDIATRÍA  PEDIATRÍA  GENERAL ";"16";"16";"38";"24";"2";"62";"0"
"2023";"08";"130101";"LA LIBERTAD";"TRUJILLO";"TRUJILLO";"PRIVADO";"II-1";"00012292";"CLINICA  BELMED";"240800";"HOSPITALIZACIÓN QUIRÚRGICA CIRUGÍA PLÁSTICA/RECONSTRUCTIVA/ REPARADORA ";"0";"0";"0";"1";"4";"5";"0"
"2023";"08";"150108";"LIMA";"LIMA";"CHORRILLOS";"SANIDAD DEL EJERCITO DEL PERU";"I-4";"00018171";"POLICLINICO MILITAR CHORRILLOS";"NE_0001";"";"NE_0001";"NE_0001";"NE_0001";"NE_0001";"NE_0001";"NE_0001";"NE_0001"
"2023";"08";"150120";"LIMA";"LIMA";"MAGDALENA DEL MAR";"PRIVADO";"II-E";"00023022";"CLINICA AVANSALUD";"240000";"HOSPITALIZACIÓN";"58";"55";"102";"52";"4";"341";"0"
"2023";"08";"150132";"LIMA";"LIMA";"SAN JUAN DE LURIGANCHO";"PRIVADO";"II-E";"00014509";"CLINICA SAN MARTIN";"240000";"HOSPITALIZACIÓN";"0";"0";"0";"360";"12";"360";"0"
"2023";"08";"040501";"AREQUIPA";"CAYLLOMA";"CHIVAY";"GOBIERNO REGIONAL";"I-4";"00001419";"CENTRO DE SALUD CHIVAY";"241600";"HOSPITALIZACIÓN QUIRÚRGICA OBSTETRICIA   ";"4";"4";"8";"8";"4";"248";"0"
"2023";"08";"040501";"AREQUIPA";"CAYLLOMA";"CHIVAY";"GOBIERNO REGIONAL";"I-1";"00001423";"PUESTO DE SALUD CANOCOTA";"NE_0001";"";"NE_0001";"NE_0001";"NE_0001";"NE_0001";"NE_0001";"NE_0001";"NE_0001"
"2023";"08";"040509";"AREQUIPA";"CAYLLOMA";"ICHUPAMPA";"GOBIERNO REGIONAL";"I-2";"00001425";"PUESTO DE SALUD ICHUPAMPA";"NE_0001";"";"NE_0001";"NE_0001";"NE_0001";"NE_0001";"NE_0001";"NE_0001";"NE_0001"
"2023";"08";"040519";"AREQUIPA";"CAYLLOMA";"YANQUE";"GOBIERNO REGIONAL";"I-2";"00001428";"PUESTO DE SALUD YANQUE";"NE_0001";"";"NE_0001";"NE_0001";"NE_0001";"NE_0001";"NE_0001";"NE_0001";"NE_0001"
"2023";"08";"040506";"AREQUIPA";"CAYLLOMA";"COPORAQUE";"GOBIERNO REGIONAL";"I-2";"00001424";"PUESTO DE SALUD COPORAQUE";"NE_0001";"";"NE_0001";"NE_0001";"NE_0001";"NE_0001";"NE_0001";"NE_0001";"NE_0001"
"2023";"08";"040510";"AREQUIPA";"CAYLLOMA";"LARI";"GOBIERNO REGIONAL";"I-2";"00001426";"PUESTO DE SALUD LARI";"NE_0001";"";"NE_0001";"NE_0001";"NE_0001";"NE_0001";"NE_0001";"NE_0001";"NE_0001"
"2023";"08";"040502";"AREQUIPA";"CAYLLOMA";"ACHOMA";"GOBIERNO REGIONAL";"I-2";"00001429";"PUESTO DE SALUD ACHOMA";"NE_0001";"";"NE_0001";"NE_0001";"NE_0001";"NE_0001";"NE_0001";"NE_0001";"NE_0001"
"2023";"08";"040512";"AREQUIPA";"CAYLLOMA";"MACA";"GOBIERNO REGIONAL";"I-2";"00001430";"PUESTO DE SALUD MACA";"NE_0001";"";"NE_0001";"NE_0001";"NE_0001";"NE_0001";"NE_0001";"NE_0001";"NE_0001"
"2023";"08";"040513";"AREQUIPA";"CAYLLOMA";"MADRIGAL";"GOBIERNO REGIONAL";"I-2";"00001427";"PUESTO DE SALUD MADRIGAL";"NE_0001";"";"NE_0001";"NE_0001";"NE_0001";"NE_0001";"NE_0001";"NE_0001";"NE_0001"
"2023";"08";"150113";"LIMA";"LIMA";"JESUS MARIA";"PRIVADO";"II-E";"00020346";"CLINICA SANTA BEATRIZ";"240000";"HOSPITALIZACIÓN";"299";"293";"364";"444";"22";"370";"0"
"2023";"08";"110301";"ICA";"NAZCA";"NAZCA";"SANIDAD DE LA POLICIA NACIONAL DEL PERU";"I-2";"00011399";"UNIDAD EJECUTORA 020:SANIDAD DE LA PNP";"NE_0001";"";"NE_0001";"NE_0001";"NE_0001";"NE_0001";"NE_0001";"NE_0001";"NE_0001"
"2023";"08";"022001";"ANCASH";"YUNGAY";"YUNGAY";"GOBIERNO REGIONAL";"II-1";"00001633";"HOSPITAL DE APOYO YUNGAY";"241800";"HOSPITALIZACIÓN DE MEDICINA MEDICINA GENERAL ";"11";"10";"27";"33";"9";"279";"1"
"2023";"08";"022001";"ANCASH";"YUNGAY";"YUNGAY";"GOBIERNO REGIONAL";"II-1";"00001633";"HOSPITAL DE APOYO YUNGAY";"240100";"HOSPITALIZACIÓN QUIRÚRGICA CIRUGÍA GENERAL ";"3";"3";"16";"16";"6";"186";"0"
"2023";"08";"022001";"ANCASH";"YUNGAY";"YUNGAY";"GOBIERNO REGIONAL";"II-1";"00001633";"HOSPITAL DE APOYO YUNGAY";"242500";"HOSPITALIZACIÓN-PEDIATRÍA GENERAL-";"6";"5";"14";"17";"4";"124";"0"
"2023";"08";"022001";"ANCASH";"YUNGAY";"YUNGAY";"GOBIERNO REGIONAL";"II-1";"00001633";"HOSPITAL DE APOYO YUNGAY";"241600";"HOSPITALIZACIÓN QUIRÚRGICA OBSTETRICIA   ";"33";"33";"70";"70";"6";"186";"0"
"2023";"08";"150140";"LIMA";"LIMA";"SANTIAGO DE SURCO";"PRIVADO";"II-E";"00012572";"CLINICA PAULISTA";"240000";"HOSPITALIZACIÓN";"9";"9";"17";"10";"1";"48";"0"
"2023";"08";"150116";"LIMA";"LIMA";"LINCE";"PRIVADO";"II-E";"00023918";"CLINICA CIRLAP";"240000";"HOSPITALIZACIÓN";"23";"23";"60";"49";"12";"360";"0"
"2023";"08";"150140";"LIMA";"LIMA";"SANTIAGO DE SURCO";"PRIVADO";"II-E";"00028189";"GLAUCOMA SALUD";"NE_0001";"";"NE_0001";"NE_0001";"NE_0001";"NE_0001";"NE_0001";"NE_0001";"NE_0001"
"2023";"08";"070102";"CALLAO";"CALLAO";"BELLAVISTA";"PRIVADO";"II-E";"00018670";"CLINICA G'STAR";"240000";"HOSPITALIZACIÓN";"23";"23";"49";"51";"10";"300";"0"
"2023";"08";"150122";"LIMA";"LIMA";"MIRAFLORES";"PRIVADO";"II-E";"00024924";"CLÍNICA CORPORACIÓN DE CIRUJANOS PLÁSTICOS";"NE_0002";"";"NE_0002";"NE_0002";"NE_0002";"NE_0002";"NE_0002";"NE_0002";"NE_0002"
"2023";"08";"021601";"ANCASH";"POMABAMBA";"POMABAMBA";"GOBIERNO REGIONAL";"I-1";"00001771";"PUESTO DE SALUD CHOGO";"NE_0002";"";"NE_0002";"NE_0002";"NE_0002";"NE_0002";"NE_0002";"NE_0002";"NE_0002"
"2023";"08";"021603";"ANCASH";"POMABAMBA";"PAROBAMBA";"GOBIERNO REGIONAL";"I-1";"00001776";"PUESTO DE SALUD PAROBAMBA NUEVO";"NE_0002";"";"NE_0002";"NE_0002";"NE_0002";"NE_0002";"NE_0002";"NE_0002";"NE_0002"
"2023";"08";"021603";"ANCASH";"POMABAMBA";"PAROBAMBA";"GOBIERNO REGIONAL";"I-2";"00001780";"PUESTO DE SALUD CHANGA";"NE_0002";"";"NE_0002";"NE_0002";"NE_0002";"NE_0002";"NE_0002";"NE_0002";"NE_0002"
"2023";"08";"021604";"ANCASH";"POMABAMBA";"QUINUABAMBA";"GOBIERNO REGIONAL";"I-1";"00001782";"YAMIAN";"NE_0002";"";"NE_0002";"NE_0002";"NE_0002";"NE_0002";"NE_0002";"NE_0002";"NE_0002"
"2023";"08";"021603";"ANCASH";"POMABAMBA";"PAROBAMBA";"GOBIERNO REGIONAL";"I-4";"00001775";"CENTRO DE SALUD PAROBAMBA VIEJO";"NE_0002";"";"NE_0002";"NE_0002";"NE_0002";"NE_0002";"NE_0002";"NE_0002";"NE_0002"
"2023";"08";"021603";"ANCASH";"POMABAMBA";"PAROBAMBA";"GOBIERNO REGIONAL";"I-1";"00001778";"PUESTO DE SALUD SHUMPILLAN";"NE_0002";"";"NE_0002";"NE_0002";"NE_0002";"NE_0002";"NE_0002";"NE_0002";"NE_0002"
"2023";"08";"021603";"ANCASH";"POMABAMBA";"PAROBAMBA";"GOBIERNO REGIONAL";"I-1";"00001779";"PUESTO DE SALUD CAJAS";"NE_0002";"";"NE_0002";"NE_0002";"NE_0002";"NE_0002";"NE_0002";"NE_0002";"NE_0002"
"2023";"08";"021603";"ANCASH";"POMABAMBA";"PAROBAMBA";"GOBIERNO REGIONAL";"I-2";"00001777";"PUESTO DE SALUD HUANCHAYLLO";"NE_0002";"";"NE_0002";"NE_0002";"NE_0002";"NE_0002";"NE_0002";"NE_0002";"NE_0002"
"2023";"08";"021604";"ANCASH";"POMABAMBA";"QUINUABAMBA";"GOBIERNO REGIONAL";"I-2";"00001781";"PUESTO DE SALUD QUINUABAMBA";"NE_0002";"";"NE_0002";"NE_0002";"NE_0002";"NE_0002";"NE_0002";"NE_0002";"NE_0002"
"2023";"05";"061105";"CAJAMARCA";"SAN MIGUEL";"EL PRADO";"GOBIERNO REGIONAL";"I-1";"00004540";"EL GUAYO";"NE_0001";"";"NE_0001";"NE_0001";"NE_0001";"NE_0001";"NE_0001";"NE_0001";"NE_0001"
"2023";"05";"061113";"CAJAMARCA";"SAN MIGUEL";"UNION AGUA BLANCA";"GOBIERNO REGIONAL";"I-1";"00004543";"LIVES";"NE_0001";"";"NE_0001";"NE_0001";"NE_0001";"NE_0001";"NE_0001";"NE_0001";"NE_0001"
"2023";"05";"061101";"CAJAMARCA";"SAN MIGUEL";"SAN MIGUEL";"GOBIERNO REGIONAL";"I-1";"00004541";"TANON CAMPO ALEGRE";"NE_0001";"";"NE_0001";"NE_0001";"NE_0001";"NE_0001";"NE_0001";"NE_0001";"NE_0001"
"2023";"05";"061105";"CAJAMARCA";"SAN MIGUEL";"EL PRADO";"GOBIERNO REGIONAL";"I-1";"00004542";"QUINDEN BAJO";"NE_0001";"";"NE_0001";"NE_0001";"NE_0001";"NE_0001";"NE_0001";"NE_0001";"NE_0001"
"2023";"02";"110101";"ICA";"ICA";"ICA";"PRIVADO";"II-1";"00015963";"LA CLINICA DE ICA DR. JULIO TATAJE BARRIGA SRL";"240100";"HOSPITALIZACIÓN QUIRÚRGICA CIRUGÍA GENERAL ";"4";"4";"4";"3";"7";"196";"0"
"2023";"05";"211301";"PUNO";"YUNGUYO";"YUNGUYO";"GOBIERNO REGIONAL";"II-1";"00003349";"YUNGUYO";"240100";"HOSPITALIZACIÓN QUIRÚRGICA CIRUGÍA GENERAL ";"14";"15";"41";"41";"7";"217";"0"
"2023";"05";"211301";"PUNO";"YUNGUYO";"YUNGUYO";"GOBIERNO REGIONAL";"II-1";"00003349";"YUNGUYO";"241400";"HOSPITALIZACIÓN QUIRÚRGICA GINECO - OBSTETRICIA ";"7";"7";"13";"13";"5";"155";"0"
"2023";"05";"211301";"PUNO";"YUNGUYO";"YUNGUYO";"GOBIERNO REGIONAL";"II-1";"00003349";"YUNGUYO";"241600";"HOSPITALIZACIÓN QUIRÚRGICA OBSTETRICIA   ";"13";"13";"24";"24";"7";"217";"0"
"2023";"05";"211301";"PUNO";"YUNGUYO";"YUNGUYO";"GOBIERNO REGIONAL";"II-1";"00003349";"YUNGUYO";"241800";"HOSPITALIZACIÓN DE MEDICINA MEDICINA GENERAL ";"20";"24";"79";"79";"12";"372";"2"
"2023";"05";"150122";"LIMA";"LIMA";"MIRAFLORES";"PRIVADO";"II-E";"00015182";"OPTIMA VISION S.R.L.";"NE_0001";"";"NE_0001";"NE_0001";"NE_0001";"NE_0001";"NE_0001";"NE_0001";"NE_0001"
"2023";"07";"040513";"AREQUIPA";"CAYLLOMA";"MADRIGAL";"GOBIERNO REGIONAL";"I-2";"00001427";"PUESTO DE SALUD MADRIGAL";"NE_0001";"";"NE_0001";"NE_0001";"NE_0001";"NE_0001";"NE_0001";"NE_0001";"NE_0001"
"2023";"07";"040502";"AREQUIPA";"CAYLLOMA";"ACHOMA";"GOBIERNO REGIONAL";"I-2";"00001429";"PUESTO DE SALUD ACHOMA";"NE_0001";"";"NE_0001";"NE_0001";"NE_0001";"NE_0001";"NE_0001";"NE_0001";"NE_0001"
"2023";"07";"040512";"AREQUIPA";"CAYLLOMA";"MACA";"GOBIERNO REGIONAL";"I-2";"00001430";"PUESTO DE SALUD MACA";"NE_0001";"";"NE_0001";"NE_0001";"NE_0001";"NE_0001";"NE_0001";"NE_0001";"NE_0001"
"2023";"07";"020801";"ANCASH";"CASMA";"CASMA";"ESSALUD";"I-3";"00009057";"CENTRO MEDICO CASMA";"NE_0001";"";"NE_0001";"NE_0001";"NE_0001";"NE_0001";"NE_0001";"NE_0001";"NE_0001"
"2023";"08";"050910";"AYACUCHO";"SUCRE";"SANTIAGO DE PAUCARAY";"GOBIERNO REGIONAL";"I-1";"00003816";"PUESTO DE SALUD SANTIAGO DE PAUCARAY";"NE_0001";"";"NE_0001";"NE_0001";"NE_0001";"NE_0001";"NE_0001";"NE_0001";"NE_0001"
"2023";"08";"050911";"AYACUCHO";"SUCRE";"SORAS";"GOBIERNO REGIONAL";"I-3";"00003818";"CENTRO DE SALUD SORAS";"241600";"HOSPITALIZACIÓN QUIRÚRGICA OBSTETRICIA   ";"2";"2";"2";"1";"2";"3";"0"
"2023";"08";"050902";"AYACUCHO";"SUCRE";"BELEN";"GOBIERNO REGIONAL";"I-1";"00003803";"PUESTO DE SALUD BELEN";"NE_0001";"";"NE_0001";"NE_0001";"NE_0001";"NE_0001";"NE_0001";"NE_0001";"NE_0001"
"2023";"08";"050909";"AYACUCHO";"SUCRE";"SAN SALVADOR DE QUIJE";"GOBIERNO REGIONAL";"I-1";"00003807";"PUESTO DE SALUD SANTIAGO DE PALLCCA";"NE_0001";"";"NE_0001";"NE_0001";"NE_0001";"NE_0001";"NE_0001";"NE_0001";"NE_0001"
"2023";"08";"050908";"AYACUCHO";"SUCRE";"SAN PEDRO DE LARCAY";"GOBIERNO REGIONAL";"I-2";"00003815";"SAN PEDRO DE LARCAY";"NE_0001";"";"NE_0001";"NE_0001";"NE_0001";"NE_0001";"NE_0001";"NE_0001";"NE_0001"
"2023";"08";"050910";"AYACUCHO";"SUCRE";"SANTIAGO DE PAUCARAY";"GOBIERNO REGIONAL";"I-1";"00003817";"PUESTO DE SALUD ATIHUARA";"NE_0001";"";"NE_0001";"NE_0001";"NE_0001";"NE_0001";"NE_0001";"NE_0001";"NE_0001"
"2023";"08";"050909";"AYACUCHO";"SUCRE";"SAN SALVADOR DE QUIJE";"GOBIERNO REGIONAL";"I-1";"00006900";"PUESTO DE SALUD VISTA ALEGRE - SUCRE";"NE_0001";"";"NE_0001";"NE_0001";"NE_0001";"NE_0001";"NE_0001";"NE_0001";"NE_0001"
"2023";"08";"200701";"PIURA";"TALARA";"PARIÑAS";"PRIVADO";"I-3";"00012085";"CENTRO MEDICO SAN PABLO-TALARA EIRL";"NE_0001";"";"NE_0001";"NE_0001";"NE_0001";"NE_0001";"NE_0001";"NE_0001";"NE_0001"
"2023";"08";"021902";"ANCASH";"SIHUAS";"ACOBAMBA";"GOBIERNO REGIONAL";"I-1";"00001799";"PUESTO DE SALUD ACOBAMBA";"241400";"HOSPITALIZACIÓN QUIRÚRGICA GINECO - OBSTETRICIA ";"3";"3";"3";"3";"3";"4";"0"
"2023";"08";"021905";"ANCASH";"SIHUAS";"CHINGALPO";"GOBIERNO REGIONAL";"I-1";"00001800";"PUESTO DE SALUD CHINGALPO";"241400";"HOSPITALIZACIÓN QUIRÚRGICA GINECO - OBSTETRICIA ";"1";"1";"1";"1";"1";"2";"0"
"2023";"08";"021905";"ANCASH";"SIHUAS";"CHINGALPO";"GOBIERNO REGIONAL";"I-1";"00001754";"PUESTO DE SALUD SAN MIGUEL";"NE_0002";"";"NE_0002";"NE_0002";"NE_0002";"NE_0002";"NE_0002";"NE_0002";"NE_0002"
"2023";"08";"021903";"ANCASH";"SIHUAS";"ALFONSO UGARTE";"GOBIERNO REGIONAL";"I-1";"00001805";"PUESTO DE SALUD ULLOLLUCO";"NE_0002";"";"NE_0002";"NE_0002";"NE_0002";"NE_0002";"NE_0002";"NE_0002";"NE_0002"
"2023";"08";"021907";"ANCASH";"SIHUAS";"QUICHES";"GOBIERNO REGIONAL";"I-1";"00001807";"PUESTO DE SALUD JOCOSBAMBA";"NE_0002";"";"NE_0002";"NE_0002";"NE_0002";"NE_0002";"NE_0002";"NE_0002";"NE_0002"
"2023";"08";"021907";"ANCASH";"SIHUAS";"QUICHES";"GOBIERNO REGIONAL";"I-3";"00001806";"CENTRO DE SALUD QUICHES";"241400";"HOSPITALIZACIÓN QUIRÚRGICA GINECO - OBSTETRICIA ";"2";"2";"2";"2";"2";"3";"0"
"2023";"08";"200115";"PIURA";"PIURA";"VEINTISEIS DE OCTUBRE";"GOBIERNO REGIONAL";"II-2";"00002084";"HOSPITAL DE LA AMISTAD PERU - COREA SANTA ROSA II-2";"240100";"HOSPITALIZACIÓN QUIRÚRGICA CIRUGÍA GENERAL ";"140";"173";"910";"1016";"40";"1240";"0"
"2023";"08";"200115";"PIURA";"PIURA";"VEINTISEIS DE OCTUBRE";"GOBIERNO REGIONAL";"II-2";"00002084";"HOSPITAL DE LA AMISTAD PERU - COREA SANTA ROSA II-2";"241500";"HOSPITALIZACIÓN QUIRÚRGICA GINECOLOGÍA  ";"188";"200";"440";"426";"16";"496";"0"
"2023";"08";"200115";"PIURA";"PIURA";"VEINTISEIS DE OCTUBRE";"GOBIERNO REGIONAL";"II-2";"00002084";"HOSPITAL DE LA AMISTAD PERU - COREA SANTA ROSA II-2";"241600";"HOSPITALIZACIÓN QUIRÚRGICA OBSTETRICIA   ";"302";"316";"511";"545";"25";"775";"0"
"2023";"08";"200115";"PIURA";"PIURA";"VEINTISEIS DE OCTUBRE";"GOBIERNO REGIONAL";"II-2";"00002084";"HOSPITAL DE LA AMISTAD PERU - COREA SANTA ROSA II-2";"241800";"HOSPITALIZACIÓN DE MEDICINA MEDICINA GENERAL ";"120";"154";"1720";"1437";"50";"1550";"16"
"2023";"08";"200115";"PIURA";"PIURA";"VEINTISEIS DE OCTUBRE";"GOBIERNO REGIONAL";"II-2";"00002084";"HOSPITAL DE LA AMISTAD PERU - COREA SANTA ROSA II-2";"242500";"HOSPITALIZACIÓN-PEDIATRÍA GENERAL-";"40";"50";"296";"323";"13";"403";"0"
"2023";"08";"200115";"PIURA";"PIURA";"VEINTISEIS DE OCTUBRE";"GOBIERNO REGIONAL";"II-2";"00002084";"HOSPITAL DE LA AMISTAD PERU - COREA SANTA ROSA II-2";"243200";"HOSPITALIZACIÓN DE PEDIATRÍA PEDIATRIA NEONATOLOGÍA";"80";"83";"739";"646";"23";"713";"3"
"2023";"08";"130902";"LA LIBERTAD";"SANCHEZ CARRION";"CHUGAY";"GOBIERNO REGIONAL";"I-2";"00005354";"COCHABAMBA";"NE_0001";"";"NE_0001";"NE_0001";"NE_0001";"NE_0001";"NE_0001";"NE_0001";"NE_0001"
"2023";"08";"130902";"LA LIBERTAD";"SANCHEZ CARRION";"CHUGAY";"GOBIERNO REGIONAL";"I-2";"00017924";"UCHUY";"NE_0001";"";"NE_0001";"NE_0001";"NE_0001";"NE_0001";"NE_0001";"NE_0001";"NE_0001"
"2023";"08";"130902";"LA LIBERTAD";"SANCHEZ CARRION";"CHUGAY";"GOBIERNO REGIONAL";"I-2";"00005352";"CHUGAY";"NE_0001";"";"NE_0001";"NE_0001";"NE_0001";"NE_0001";"NE_0001";"NE_0001";"NE_0001"
"2023";"08";"130902";"LA LIBERTAD";"SANCHEZ CARRION";"CHUGAY";"GOBIERNO REGIONAL";"I-1";"00018297";"HUAGUIL";"NE_0001";"";"NE_0001";"NE_0001";"NE_0001";"NE_0001";"NE_0001";"NE_0001";"NE_0001"
"2023";"08";"130902";"LA LIBERTAD";"SANCHEZ CARRION";"CHUGAY";"GOBIERNO REGIONAL";"I-1";"00029509";"PUESTO DE SALUD AHIJADERO";"NE_0001";"";"NE_0001";"NE_0001";"NE_0001";"NE_0001";"NE_0001";"NE_0001";"NE_0001"
"2023";"08";"130902";"LA LIBERTAD";"SANCHEZ CARRION";"CHUGAY";"GOBIERNO REGIONAL";"I-1";"00024527";"NUEVO HUAYCHO";"NE_0001";"";"NE_0001";"NE_0001";"NE_0001";"NE_0001";"NE_0001";"NE_0001";"NE_0001"
"2023";"08";"130902";"LA LIBERTAD";"SANCHEZ CARRION";"CHUGAY";"GOBIERNO REGIONAL";"I-2";"00018225";"CANUCUBAMBA";"NE_0001";"";"NE_0001";"NE_0001";"NE_0001";"NE_0001";"NE_0001";"NE_0001";"NE_0001"
"2023";"08";"130902";"LA LIBERTAD";"SANCHEZ CARRION";"CHUGAY";"GOBIERNO REGIONAL";"I-1";"00031804";"PUESTO DE SALUD PAJA BLANCA";"NE_0001";"";"NE_0001";"NE_0001";"NE_0001";"NE_0001";"NE_0001";"NE_0001";"NE_0001"
"2023";"08";"150117";"LIMA";"LIMA";"LOS OLIVOS";"PRIVADO";"II-E";"00012106";"CLINICA MEDICA PRIMAVERA";"240000";"HOSPITALIZACIÓN";"15";"15";"24";"24";"5";"155";"0"
"2023";"08";"140101";"LAMBAYEQUE";"CHICLAYO";"CHICLAYO";"PRIVADO";"II-E";"00011129";"MAX SALUD AVISAL S.A.";"244700";"HOSPITALIZACIÓN DE MEDICINA NEUROLOGIA  ";"3";"3";"12";"10";"3";"90";"0"
"2023";"08";"140101";"LAMBAYEQUE";"CHICLAYO";"CHICLAYO";"PRIVADO";"II-E";"00011129";"MAX SALUD AVISAL S.A.";"243900";"HOSPITALIZACIÓN DE PEDIATRÍA PEDIATRIA REUMATOLOGÍA PEDIÁTRICA";"3";"3";"10";"9";"3";"93";"0"
"2023";"08";"140101";"LAMBAYEQUE";"CHICLAYO";"CHICLAYO";"PRIVADO";"II-E";"00011129";"MAX SALUD AVISAL S.A.";"243500";"HOSPITALIZACIÓN DE PEDIATRÍA PEDIATRIA OFTALMOLOGÍA PEDIÁTRICA";"7";"8";"22";"18";"5";"150";"0"
"2023";"08";"140101";"LAMBAYEQUE";"CHICLAYO";"CHICLAYO";"PRIVADO";"II-E";"00011129";"MAX SALUD AVISAL S.A.";"242400";"HOSPITALIZACIÓN DE PEDIATRÍA ADOLESCENTES ";"4";"4";"14";"12";"4";"124";"0"
"2023";"08";"140101";"LAMBAYEQUE";"CHICLAYO";"CHICLAYO";"PRIVADO";"II-E";"00011129";"MAX SALUD AVISAL S.A.";"241500";"HOSPITALIZACIÓN QUIRÚRGICA GINECOLOGÍA  ";"16";"18";"32";"22";"7";"210";"0"
"2023";"08";"140101";"LAMBAYEQUE";"CHICLAYO";"CHICLAYO";"PRIVADO";"II-E";"00011129";"MAX SALUD AVISAL S.A.";"241400";"HOSPITALIZACIÓN QUIRÚRGICA GINECO - OBSTETRICIA ";"5";"6";"18";"14";"3";"93";"0"
"2023";"08";"140101";"LAMBAYEQUE";"CHICLAYO";"CHICLAYO";"PRIVADO";"II-E";"00011129";"MAX SALUD AVISAL S.A.";"241300";"HOSPITALIZACIÓN QUIRÚRGICA UROLOGÍA  ";"9";"8";"18";"13";"6";"186";"0"
"2023";"08";"140101";"LAMBAYEQUE";"CHICLAYO";"CHICLAYO";"PRIVADO";"II-E";"00011129";"MAX SALUD AVISAL S.A.";"240100";"HOSPITALIZACIÓN QUIRÚRGICA CIRUGÍA GENERAL ";"32";"29";"80";"64";"10";"300";"0"
"2023";"08";"070106";"CALLAO";"CALLAO";"VENTANILLA";"GOBIERNO REGIONAL";"I-2";"00006263";"PUESTO DE SALUD  SANTA ROSA DE PACHACUTEC";"NE_0001";"";"NE_0001";"NE_0001";"NE_0001";"NE_0001";"NE_0001";"NE_0001";"NE_0001"
"2023";"08";"070106";"CALLAO";"CALLAO";"VENTANILLA";"GOBIERNO REGIONAL";"I-2";"00006267";"PUESTO DE SALUD CIUDAD PACHACUTEC";"NE_0001";"";"NE_0001";"NE_0001";"NE_0001";"NE_0001";"NE_0001";"NE_0001";"NE_0001"
"2023";"08";"070106";"CALLAO";"CALLAO";"VENTANILLA";"GOBIERNO REGIONAL";"I-2";"00006266";"PUESTO DE SALUD 3 DE FEBRERO";"NE_0001";"";"NE_0001";"NE_0001";"NE_0001";"NE_0001";"NE_0001";"NE_0001";"NE_0001"
"2023";"08";"070106";"CALLAO";"CALLAO";"VENTANILLA";"GOBIERNO REGIONAL";"I-2";"00006264";"PUESTO DE SALUD BAHÍA BLANCA";"NE_0001";"";"NE_0001";"NE_0001";"NE_0001";"NE_0001";"NE_0001";"NE_0001";"NE_0001"
"2023";"08";"120422";"JUNIN";"JAUJA";"PACA";"GOBIERNO REGIONAL";"I-1";"00000386";"YANACANCHA";"NE_0001";"";"NE_0001";"NE_0001";"NE_0001";"NE_0001";"NE_0001";"NE_0001";"NE_0001"
"2023";"08";"120432";"JUNIN";"JAUJA";"TUNAN MARCA";"GOBIERNO REGIONAL";"I-1";"00000391";"TUNANMARCA";"NE_0001";"";"NE_0001";"NE_0001";"NE_0001";"NE_0001";"NE_0001";"NE_0001";"NE_0001"
"2023";"08";"120402";"JUNIN";"JAUJA";"ACOLLA";"GOBIERNO REGIONAL";"I-2";"00000383";"PACHASCUCHO";"NE_0001";"";"NE_0001";"NE_0001";"NE_0001";"NE_0001";"NE_0001";"NE_0001";"NE_0001"
"2023";"08";"120426";"JUNIN";"JAUJA";"POMACANCHA";"GOBIERNO REGIONAL";"I-2";"00000388";"POMACANCHA";"NE_0001";"";"NE_0001";"NE_0001";"NE_0001";"NE_0001";"NE_0001";"NE_0001";"NE_0001"
"2023";"08";"120426";"JUNIN";"JAUJA";"POMACANCHA";"GOBIERNO REGIONAL";"I-1";"00000390";"CASABLANCA";"NE_0001";"";"NE_0001";"NE_0001";"NE_0001";"NE_0001";"NE_0001";"NE_0001";"NE_0001"
"2023";"08";"220101";"SAN MARTIN";"MOYOBAMBA";"MOYOBAMBA";"GOBIERNO REGIONAL";"I-1";"00006295";"DORADA";"NE_0001";"";"NE_0001";"NE_0001";"NE_0001";"NE_0001";"NE_0001";"NE_0001";"NE_0001"
"2023";"08";"220802";"SAN MARTIN";"RIOJA";"AWAJUN";"GOBIERNO REGIONAL";"I-1";"00007464";"SAN CARLOS";"NE_0001";"";"NE_0001";"NE_0001";"NE_0001";"NE_0001";"NE_0001";"NE_0001";"NE_0001"
"2023";"08";"070106";"CALLAO";"CALLAO";"VENTANILLA";"GOBIERNO REGIONAL";"I-2";"00006263";"PUESTO DE SALUD  SANTA ROSA DE PACHACUTEC";"NE_0001";"";"NE_0001";"NE_0001";"NE_0001";"NE_0001";"NE_0001";"NE_0001";"NE_0001"
"2023";"08";"060805";"CAJAMARCA";"JAEN";"HUABAL";"GOBIERNO REGIONAL";"I-1";"00013849";"SANTA ROSA DE HUABAL";"NE_0001";"";"NE_0001";"NE_0001";"NE_0001";"NE_0001";"NE_0001";"NE_0001";"NE_0001"
"2023";"08";"060805";"CAJAMARCA";"JAEN";"HUABAL";"GOBIERNO REGIONAL";"I-1";"00004243";"LA ESPERANZA";"NE_0001";"";"NE_0001";"NE_0001";"NE_0001";"NE_0001";"NE_0001";"NE_0001";"NE_0001"
"2023";"08";"060805";"CAJAMARCA";"JAEN";"HUABAL";"GOBIERNO REGIONAL";"I-1";"00016136";"CAJONES";"NE_0001";"";"NE_0001";"NE_0001";"NE_0001";"NE_0001";"NE_0001";"NE_0001";"NE_0001"
"2023";"08";"120415";"JUNIN";"JAUJA";"MARCO";"GOBIERNO REGIONAL";"I-2";"00000385";"MARCO";"NE_0001";"";"NE_0001";"NE_0001";"NE_0001";"NE_0001";"NE_0001";"NE_0001";"NE_0001"
"2023";"08";"120426";"JUNIN";"JAUJA";"POMACANCHA";"GOBIERNO REGIONAL";"I-1";"00000389";"ARMONIA";"NE_0001";"";"NE_0001";"NE_0001";"NE_0001";"NE_0001";"NE_0001";"NE_0001";"NE_0001"
"2023";"08";"120402";"JUNIN";"JAUJA";"ACOLLA";"GOBIERNO REGIONAL";"I-1";"00000381";"SACAS";"NE_0001";"";"NE_0001";"NE_0001";"NE_0001";"NE_0001";"NE_0001";"NE_0001";"NE_0001"
"2023";"08";"120402";"JUNIN";"JAUJA";"ACOLLA";"GOBIERNO REGIONAL";"I-2";"00000384";"TINGO PACCHA";"NE_0001";"";"NE_0001";"NE_0001";"NE_0001";"NE_0001";"NE_0001";"NE_0001";"NE_0001"
"2023";"08";"120402";"JUNIN";"JAUJA";"ACOLLA";"GOBIERNO REGIONAL";"I-3";"00000379";"ACOLLA";"NE_0001";"";"NE_0001";"NE_0001";"NE_0001";"NE_0001";"NE_0001";"NE_0001";"NE_0001"
"2023";"08";"120402";"JUNIN";"JAUJA";"ACOLLA";"GOBIERNO REGIONAL";"I-2";"00000380";"EL TINGO";"NE_0001";"";"NE_0001";"NE_0001";"NE_0001";"NE_0001";"NE_0001";"NE_0001";"NE_0001"
"2023";"08";"120402";"JUNIN";"JAUJA";"ACOLLA";"GOBIERNO REGIONAL";"I-2";"00000382";"YANAMARCA";"NE_0001";"";"NE_0001";"NE_0001";"NE_0001";"NE_0001";"NE_0001";"NE_0001";"NE_0001"
"2023";"08";"120402";"JUNIN";"JAUJA";"ACOLLA";"GOBIERNO REGIONAL";"I-1";"00006874";"CHUQUISHUARI";"NE_0001";"";"NE_0001";"NE_0001";"NE_0001";"NE_0001";"NE_0001";"NE_0001";"NE_0001"
"2023";"08";"060703";"CAJAMARCA";"HUALGAYOC";"HUALGAYOC";"ESSALUD";"I-2";"00010270";"POSTA MEDICA DE HUALGAYOC";"NE_0001";"";"NE_0001";"NE_0001";"NE_0001";"NE_0001";"NE_0001";"NE_0001";"NE_0001"
"2023";"08";"040104";"AREQUIPA";"AREQUIPA";"CERRO COLORADO";"SANIDAD DE LA FUERZA AEREA DEL PERU";"II-E";"00011448";"HOSPITAL REGIONAL DEL SUR";"240000";"HOSPITALIZACIÓN";"7";"7";"46";"29";"20";"476";"0"
"2023";"08";"150113";"LIMA";"LIMA";"JESUS MARIA";"PRIVADO";"II-E";"00017173";"CLINICA PORVENIR";"240100";"HOSPITALIZACIÓN QUIRÚRGICA CIRUGÍA GENERAL ";"113";"103";"125";"113";"5";"155";"0"
"2023";"06";"060601";"CAJAMARCA";"CUTERVO";"CUTERVO";"GOBIERNO REGIONAL";"I-3";"00004987";"SUMIDERO";"NE_0001";"";"NE_0001";"NE_0001";"NE_0001";"NE_0001";"NE_0001";"NE_0001";"NE_0001"
"2023";"06";"060601";"CAJAMARCA";"CUTERVO";"CUTERVO";"GOBIERNO REGIONAL";"I-1";"00006852";"LLIPA";"NE_0001";"";"NE_0001";"NE_0001";"NE_0001";"NE_0001";"NE_0001";"NE_0001";"NE_0001"
"2023";"06";"060601";"CAJAMARCA";"CUTERVO";"CUTERVO";"GOBIERNO REGIONAL";"I-1";"00006854";"CARAMARCA CHICA";"NE_0001";"";"NE_0001";"NE_0001";"NE_0001";"NE_0001";"NE_0001";"NE_0001";"NE_0001"
"2023";"06";"060601";"CAJAMARCA";"CUTERVO";"CUTERVO";"GOBIERNO REGIONAL";"I-3";"00006857";"NUEVO ORIENTE";"NE_0001";"";"NE_0001";"NE_0001";"NE_0001";"NE_0001";"NE_0001";"NE_0001";"NE_0001"
"2023";"06";"060601";"CAJAMARCA";"CUTERVO";"CUTERVO";"GOBIERNO REGIONAL";"I-1";"00006936";"CORRALES";"NE_0001";"";"NE_0001";"NE_0001";"NE_0001";"NE_0001";"NE_0001";"NE_0001";"NE_0001"
"2023";"06";"060601";"CAJAMARCA";"CUTERVO";"CUTERVO";"GOBIERNO REGIONAL";"I-1";"00007701";"EL VERDE";"NE_0001";"";"NE_0001";"NE_0001";"NE_0001";"NE_0001";"NE_0001";"NE_0001";"NE_0001"
"2023";"06";"060601";"CAJAMARCA";"CUTERVO";"CUTERVO";"GOBIERNO REGIONAL";"I-1";"00011066";"VISTA ALEGRE DE LA SOLA";"NE_0001";"";"NE_0001";"NE_0001";"NE_0001";"NE_0001";"NE_0001";"NE_0001";"NE_0001"
"2023";"06";"060601";"CAJAMARCA";"CUTERVO";"CUTERVO";"GOBIERNO REGIONAL";"I-1";"00004995";"PALMAS DE HUICHUD";"NE_0001";"";"NE_0001";"NE_0001";"NE_0001";"NE_0001";"NE_0001";"NE_0001";"NE_0001"
"2023";"06";"060601";"CAJAMARCA";"CUTERVO";"CUTERVO";"GOBIERNO REGIONAL";"I-1";"00006788";"YANGACHIS";"NE_0001";"";"NE_0001";"NE_0001";"NE_0001";"NE_0001";"NE_0001";"NE_0001";"NE_0001"
"2023";"06";"060601";"CAJAMARCA";"CUTERVO";"CUTERVO";"GOBIERNO REGIONAL";"I-1";"00004985";"REJOPAMPA";"NE_0001";"";"NE_0001";"NE_0001";"NE_0001";"NE_0001";"NE_0001";"NE_0001";"NE_0001"
"2023";"06";"060601";"CAJAMARCA";"CUTERVO";"CUTERVO";"GOBIERNO REGIONAL";"I-1";"00004986";"EL ARENAL DE CUTERVO";"NE_0001";"";"NE_0001";"NE_0001";"NE_0001";"NE_0001";"NE_0001";"NE_0001";"NE_0001"
"2023";"06";"060601";"CAJAMARCA";"CUTERVO";"CUTERVO";"GOBIERNO REGIONAL";"I-2";"00004989";"AMBULCO GRANDE";"NE_0001";"";"NE_0001";"NE_0001";"NE_0001";"NE_0001";"NE_0001";"NE_0001";"NE_0001"
"2023";"06";"060601";"CAJAMARCA";"CUTERVO";"CUTERVO";"GOBIERNO REGIONAL";"I-1";"00007748";"CULLANMAYO";"NE_0001";"";"NE_0001";"NE_0001";"NE_0001";"NE_0001";"NE_0001";"NE_0001";"NE_0001"
"2023";"06";"060601";"CAJAMARCA";"CUTERVO";"CUTERVO";"GOBIERNO REGIONAL";"I-1";"00004990";"YATUN";"NE_0001";"";"NE_0001";"NE_0001";"NE_0001";"NE_0001";"NE_0001";"NE_0001";"NE_0001"
"2023";"06";"060601";"CAJAMARCA";"CUTERVO";"CUTERVO";"GOBIERNO REGIONAL";"I-1";"00007697";"CHUGUR";"NE_0001";"";"NE_0001";"NE_0001";"NE_0001";"NE_0001";"NE_0001";"NE_0001";"NE_0001"
"2023";"06";"060601";"CAJAMARCA";"CUTERVO";"CUTERVO";"GOBIERNO REGIONAL";"I-1";"00006831";"LA SUCCHA DE CUTERVO";"NE_0001";"";"NE_0001";"NE_0001";"NE_0001";"NE_0001";"NE_0001";"NE_0001";"NE_0001"
"2023";"06";"060601";"CAJAMARCA";"CUTERVO";"CUTERVO";"GOBIERNO REGIONAL";"I-1";"00004988";"LA COLCA";"NE_0001";"";"NE_0001";"NE_0001";"NE_0001";"NE_0001";"NE_0001";"NE_0001";"NE_0001"
"2023";"06";"060601";"CAJAMARCA";"CUTERVO";"CUTERVO";"GOBIERNO REGIONAL";"I-1";"00006787";"SANTA ROSA DE TAPO";"NE_0001";"";"NE_0001";"NE_0001";"NE_0001";"NE_0001";"NE_0001";"NE_0001";"NE_0001"
"2023";"06";"060601";"CAJAMARCA";"CUTERVO";"CUTERVO";"GOBIERNO REGIONAL";"I-1";"00006837";"SAN CRISTOBAL DE NUDILLO";"NE_0001";"";"NE_0001";"NE_0001";"NE_0001";"NE_0001";"NE_0001";"NE_0001";"NE_0001"
"2023";"06";"060601";"CAJAMARCA";"CUTERVO";"CUTERVO";"GOBIERNO REGIONAL";"I-1";"00007109";"CHIPULUC";"NE_0001";"";"NE_0001";"NE_0001";"NE_0001";"NE_0001";"NE_0001";"NE_0001";"NE_0001"
"2023";"06";"060601";"CAJAMARCA";"CUTERVO";"CUTERVO";"GOBIERNO REGIONAL";"I-1";"00011064";"SAN LORENZO";"NE_0001";"";"NE_0001";"NE_0001";"NE_0001";"NE_0001";"NE_0001";"NE_0001";"NE_0001"
"2023";"06";"040201";"AREQUIPA";"CAMANA";"CAMANA";"SANIDAD DE LA POLICIA NACIONAL DEL PERU";"I-2";"00011661";"POSTA MEDICA POLICIAL CAMANA";"NE_0001";"";"NE_0001";"NE_0001";"NE_0001";"NE_0001";"NE_0001";"NE_0001";"NE_0001"
"2023";"06";"060101";"CAJAMARCA";"CAJAMARCA";"CAJAMARCA";"PRIVADO";"II-1";"00009234";"CLINICA LOS FRESNOS";"240100";"HOSPITALIZACIÓN QUIRÚRGICA CIRUGÍA GENERAL ";"21";"0";"49";"21";"21";"22";"0"
"2023";"06";"060101";"CAJAMARCA";"CAJAMARCA";"CAJAMARCA";"PRIVADO";"II-1";"00009234";"CLINICA LOS FRESNOS";"241200";"HOSPITALIZACIÓN QUIRÚRGICA TRAUMATOLOGÍA Y ORTOPEDIA ";"2";"0";"4";"2";"2";"3";"0"
"2023";"06";"060101";"CAJAMARCA";"CAJAMARCA";"CAJAMARCA";"PRIVADO";"II-1";"00009234";"CLINICA LOS FRESNOS";"241400";"HOSPITALIZACIÓN QUIRÚRGICA GINECO - OBSTETRICIA ";"13";"0";"26";"13";"13";"14";"0"
"2023";"06";"060101";"CAJAMARCA";"CAJAMARCA";"CAJAMARCA";"PRIVADO";"II-1";"00009234";"CLINICA LOS FRESNOS";"241900";"HOSPITALIZACIÓN DE MEDICINA MEDICINA INTERNA ";"9";"0";"23";"9";"9";"10";"0"
"2023";"06";"060101";"CAJAMARCA";"CAJAMARCA";"CAJAMARCA";"PRIVADO";"II-1";"00009234";"CLINICA LOS FRESNOS";"242300";"HOSPITALIZACIÓN DE PEDIATRÍA  PEDIATRÍA  GENERAL ";"9";"0";"24";"9";"9";"10";"0"
"2023";"06";"060101";"CAJAMARCA";"CAJAMARCA";"CAJAMARCA";"PRIVADO";"II-1";"00009234";"CLINICA LOS FRESNOS";"244300";"HOSPITALIZACIÓN DE MEDICINA GASTROENTEROLOGÍA  ";"4";"0";"11";"4";"4";"5";"0"
"2023";"06";"021801";"ANCASH";"SANTA";"CHIMBOTE";"PRIVADO";"II-1";"00015375";"CLINICA SAN PEDRO";"241800";"HOSPITALIZACIÓN DE MEDICINA MEDICINA GENERAL ";"12";"9";"31";"39";"6";"180";"0"
"2023";"06";"040112";"AREQUIPA";"AREQUIPA";"PAUCARPATA";"PRIVADO";"II-E";"00016064";"CLINICA PAZ HOLANDESA";"240000";"HOSPITALIZACIÓN";"236";"252";"328";"294";"33";"990";"0"
"2023";"06";"150122";"LIMA";"LIMA";"MIRAFLORES";"PRIVADO";"II-E";"00024924";"CLÍNICA CORPORACIÓN DE CIRUJANOS PLÁSTICOS";"NE_0002";"";"NE_0002";"NE_0002";"NE_0002";"NE_0002";"NE_0002";"NE_0002";"NE_0002"
"2023";"06";"021801";"ANCASH";"SANTA";"CHIMBOTE";"PRIVADO";"II-1";"00015375";"CLINICA SAN PEDRO";"240100";"HOSPITALIZACIÓN QUIRÚRGICA CIRUGÍA GENERAL ";"42";"39";"52";"55";"6";"180";"0"
"2023";"06";"021801";"ANCASH";"SANTA";"CHIMBOTE";"PRIVADO";"II-1";"00015375";"CLINICA SAN PEDRO";"242300";"HOSPITALIZACIÓN DE PEDIATRÍA  PEDIATRÍA  GENERAL ";"1";"1";"1";"1";"1";"30";"0"
"2023";"06";"021801";"ANCASH";"SANTA";"CHIMBOTE";"PRIVADO";"II-1";"00015375";"CLINICA SAN PEDRO";"241400";"HOSPITALIZACIÓN QUIRÚRGICA GINECO - OBSTETRICIA ";"46";"41";"63";"68";"6";"180";"0"
"2023";"06";"100101";"HUANUCO";"HUANUCO";"HUANUCO";"PRIVADO";"II-E";"00018769";"CLINICA DE CORTA ESTANCIA  ROCA E.I.R.L.";"240100";"HOSPITALIZACIÓN QUIRÚRGICA CIRUGÍA GENERAL ";"2";"2";"6";"2";"18";"20";"0"
"2023";"06";"100101";"HUANUCO";"HUANUCO";"HUANUCO";"PRIVADO";"II-E";"00018769";"CLINICA DE CORTA ESTANCIA  ROCA E.I.R.L.";"241500";"HOSPITALIZACIÓN QUIRÚRGICA GINECOLOGÍA  ";"2";"2";"2";"4";"16";"20";"0"
"2023";"06";"100101";"HUANUCO";"HUANUCO";"HUANUCO";"PRIVADO";"II-E";"00018769";"CLINICA DE CORTA ESTANCIA  ROCA E.I.R.L.";"240400";"HOSPITALIZACIÓN QUIRÚRGICA CIRUGÍA DE TÓRAX Y CARDIOVASCULAR ";"4";"4";"4";"4";"16";"20";"0"
"2023";"06";"100101";"HUANUCO";"HUANUCO";"HUANUCO";"PRIVADO";"II-E";"00018769";"CLINICA DE CORTA ESTANCIA  ROCA E.I.R.L.";"241200";"HOSPITALIZACIÓN QUIRÚRGICA TRAUMATOLOGÍA Y ORTOPEDIA ";"1";"1";"1";"1";"19";"20";"0"
"2023";"06";"021801";"ANCASH";"SANTA";"CHIMBOTE";"PRIVADO";"II-1";"00013164";"CLINICA SANTA MARIA DE CHIMBOTE S.A.C.";"240100";"HOSPITALIZACIÓN QUIRÚRGICA CIRUGÍA GENERAL ";"26";"26";"29";"29";"8";"240";"0"
"2023";"06";"021801";"ANCASH";"SANTA";"CHIMBOTE";"PRIVADO";"II-1";"00013164";"CLINICA SANTA MARIA DE CHIMBOTE S.A.C.";"241400";"HOSPITALIZACIÓN QUIRÚRGICA GINECO - OBSTETRICIA ";"10";"10";"13";"13";"7";"210";"0"
"2023";"06";"150106";"LIMA";"LIMA";"CARABAYLLO";"PRIVADO";"I-3";"00017468";"POLICLINICO NIÑO DE LA ESPINA SAC";"NE_0001";"";"NE_0001";"NE_0001";"NE_0001";"NE_0001";"NE_0001";"NE_0001";"NE_0001"
"2023";"06";"200101";"PIURA";"PIURA";"PIURA";"PRIVADO";"II-E";"00014092";"CLINICA SANTIVAÑEZ";"240800";"HOSPITALIZACIÓN QUIRÚRGICA CIRUGÍA PLÁSTICA/RECONSTRUCTIVA/ REPARADORA ";"11";"11";"11";"11";"3";"90";"0"
"2023";"06";"090301";"HUANCAVELICA";"ANGARAES";"LIRCAY";"GOBIERNO REGIONAL";"I-1";"00003947";"CONSTANCIA";"NE_0001";"";"NE_0001";"NE_0001";"NE_0001";"NE_0001";"NE_0001";"NE_0001";"NE_0001"
"2023";"06";"090301";"HUANCAVELICA";"ANGARAES";"LIRCAY";"GOBIERNO REGIONAL";"I-1";"00003950";"CHALLHUAPUQUIO";"NE_0001";"";"NE_0001";"NE_0001";"NE_0001";"NE_0001";"NE_0001";"NE_0001";"NE_0001"
"2023";"06";"090307";"HUANCAVELICA";"ANGARAES";"HUANCA-HUANCA";"GOBIERNO REGIONAL";"I-2";"00003953";"HUANCA HUANCA";"NE_0001";"";"NE_0001";"NE_0001";"NE_0001";"NE_0001";"NE_0001";"NE_0001";"NE_0001"
"2023";"06";"090312";"HUANCAVELICA";"ANGARAES";"SECCLLA";"GOBIERNO REGIONAL";"I-1";"00003970";"QUISPICANCHA";"NE_0001";"";"NE_0001";"NE_0001";"NE_0001";"NE_0001";"NE_0001";"NE_0001";"NE_0001"
"2023";"06";"090301";"HUANCAVELICA";"ANGARAES";"LIRCAY";"GOBIERNO REGIONAL";"I-1";"00011769";"YANAUTUTO";"NE_0001";"";"NE_0001";"NE_0001";"NE_0001";"NE_0001";"NE_0001";"NE_0001";"NE_0001"
"2023";"06";"090303";"HUANCAVELICA";"ANGARAES";"CALLANMARCA";"GOBIERNO REGIONAL";"I-1";"00003952";"CALLANMARCA";"NE_0001";"";"NE_0001";"NE_0001";"NE_0001";"NE_0001";"NE_0001";"NE_0001";"NE_0001"
"2023";"06";"190307";"PASCO";"OXAPAMPA";"VILLA RICA";"GOBIERNO REGIONAL";"II-1";"00000981";"HOSP. ""ROMAN EGOAVIL PANDO"" VILLA RICA";"241400";"HOSPITALIZACIÓN QUIRÚRGICA GINECO - OBSTETRICIA ";"32";"32";"86";"59";"12";"1301";"0"
"2023";"06";"190307";"PASCO";"OXAPAMPA";"VILLA RICA";"GOBIERNO REGIONAL";"II-1";"00000981";"HOSP. ""ROMAN EGOAVIL PANDO"" VILLA RICA";"241800";"HOSPITALIZACIÓN DE MEDICINA MEDICINA GENERAL ";"76";"74";"32";"131";"16";"1229";"0"
"2023";"06";"150101";"LIMA";"LIMA";"LIMA";"PRIVADO";"I-3";"00016948";"MEDICENTRO COLMENA DE LA CLÍNICA INTERNACIONAL";"NE_0001";"";"NE_0001";"NE_0001";"NE_0001";"NE_0001";"NE_0001";"NE_0001";"NE_0001"
"2023";"06";"040413";"AREQUIPA";"CASTILLA";"URACA";"GOBIERNO REGIONAL";"I-2";"00001392";"PUESTO DE SALUD ESCALERILLAS";"NE_0001";"";"NE_0001";"NE_0001";"NE_0001";"NE_0001";"NE_0001";"NE_0001";"NE_0001"
"2023";"06";"040413";"AREQUIPA";"CASTILLA";"URACA";"GOBIERNO REGIONAL";"I-2";"00001390";"PUESTO DE SALUD TORAN";"NE_0001";"";"NE_0001";"NE_0001";"NE_0001";"NE_0001";"NE_0001";"NE_0001";"NE_0001"
"2023";"06";"040413";"AREQUIPA";"CASTILLA";"URACA";"GOBIERNO REGIONAL";"I-3";"00001383";"CENTRO DE SALUD CORIRE";"NE_0001";"";"NE_0001";"NE_0001";"NE_0001";"NE_0001";"NE_0001";"NE_0001";"NE_0001"
"2023";"06";"040413";"AREQUIPA";"CASTILLA";"URACA";"GOBIERNO REGIONAL";"I-2";"00001391";"PUESTO DE SALUD EL PEDREGAL";"NE_0001";"";"NE_0001";"NE_0001";"NE_0001";"NE_0001";"NE_0001";"NE_0001";"NE_0001"
"2023";"06";"050206";"AYACUCHO";"CANGALLO";"TOTOS";"GOBIERNO REGIONAL";"I-1";"00003622";"CHUYMAY";"NE_0001";"";"NE_0001";"NE_0001";"NE_0001";"NE_0001";"NE_0001";"NE_0001";"NE_0001"
"2023";"06";"050206";"AYACUCHO";"CANGALLO";"TOTOS";"GOBIERNO REGIONAL";"I-3";"00003623";"CENTRO DE SALUD TOTOS";"NE_0002";"";"NE_0002";"NE_0002";"NE_0002";"NE_0002";"NE_0002";"NE_0002";"NE_0002"
"2023";"06";"051012";"AYACUCHO";"VICTOR FAJARDO";"VILCANCHOS";"GOBIERNO REGIONAL";"I-2";"00003628";"PUESTO DE SALUD VILCANCHOS";"NE_0001";"";"NE_0001";"NE_0001";"NE_0001";"NE_0001";"NE_0001";"NE_0001";"NE_0001"
"2023";"04";"150101";"LIMA";"LIMA";"LIMA";"MINSA";"III-1";"00006206";"NACIONAL  DOS DE MAYO";"241800";"HOSPITALIZACIÓN DE MEDICINA MEDICINA GENERAL ";"434";"505";"6412";"7225";"270";"8100";"52"
"2023";"04";"150101";"LIMA";"LIMA";"LIMA";"MINSA";"III-1";"00006206";"NACIONAL  DOS DE MAYO";"240100";"HOSPITALIZACIÓN QUIRÚRGICA CIRUGÍA GENERAL ";"235";"262";"1908";"2317";"98";"2940";"6"
"2023";"04";"150101";"LIMA";"LIMA";"LIMA";"MINSA";"III-1";"00006206";"NACIONAL  DOS DE MAYO";"241200";"HOSPITALIZACIÓN QUIRÚRGICA TRAUMATOLOGÍA Y ORTOPEDIA ";"44";"50";"650";"360";"12";"360";"0"
"2023";"04";"150101";"LIMA";"LIMA";"LIMA";"MINSA";"III-1";"00006206";"NACIONAL  DOS DE MAYO";"241300";"HOSPITALIZACIÓN QUIRÚRGICA UROLOGÍA  ";"74";"64";"496";"646";"30";"900";"0"
"2023";"04";"150101";"LIMA";"LIMA";"LIMA";"MINSA";"III-1";"00006206";"NACIONAL  DOS DE MAYO";"240900";"HOSPITALIZACIÓN QUIRÚRGICA NEUROCIRUGÍA ";"46";"46";"790";"645";"22";"660";"0"
"2023";"04";"150101";"LIMA";"LIMA";"LIMA";"MINSA";"III-1";"00006206";"NACIONAL  DOS DE MAYO";"241100";"HOSPITALIZACIÓN QUIRÚRGICA OTORRINOLARINGOLOGÍA  ";"9";"9";"44";"43";"2";"60";"0"
"2023";"04";"150101";"LIMA";"LIMA";"LIMA";"MINSA";"III-1";"00006206";"NACIONAL  DOS DE MAYO";"240700";"HOSPITALIZACIÓN QUIRÚRGICA CIRUGÍA PEDIÁTRICA ";"22";"23";"118";"136";"5";"150";"0"
"2023";"04";"150101";"LIMA";"LIMA";"LIMA";"MINSA";"III-1";"00006206";"NACIONAL  DOS DE MAYO";"240200";"HOSPITALIZACIÓN QUIRÚRGICA CIRUGÍA DE CABEZA Y CUELLO / MÁXILO FACIAL ";"16";"16";"135";"81";"3";"90";"0"
"2023";"04";"150101";"LIMA";"LIMA";"LIMA";"MINSA";"III-1";"00006206";"NACIONAL  DOS DE MAYO";"240800";"HOSPITALIZACIÓN QUIRÚRGICA CIRUGÍA PLÁSTICA/RECONSTRUCTIVA/ REPARADORA ";"5";"5";"35";"30";"1";"30";"0"
"2023";"04";"150101";"LIMA";"LIMA";"LIMA";"MINSA";"III-1";"00006206";"NACIONAL  DOS DE MAYO";"241400";"HOSPITALIZACIÓN QUIRÚRGICA GINECO - OBSTETRICIA ";"399";"396";"1542";"1199";"43";"1290";"0"
"2023";"04";"150101";"LIMA";"LIMA";"LIMA";"MINSA";"III-1";"00006206";"NACIONAL  DOS DE MAYO";"243200";"HOSPITALIZACIÓN DE PEDIATRÍA PEDIATRIA NEONATOLOGÍA";"95";"97";"614";"593";"27";"810";"2"
"2023";"04";"150101";"LIMA";"LIMA";"LIMA";"MINSA";"III-1";"00006206";"NACIONAL  DOS DE MAYO";"242300";"HOSPITALIZACIÓN DE PEDIATRÍA  PEDIATRÍA  GENERAL ";"77";"78";"502";"660";"30";"900";"0"
"2023";"04";"150101";"LIMA";"LIMA";"LIMA";"MINSA";"III-1";"00006206";"NACIONAL  DOS DE MAYO";"250100";"UNIDAD DE CUIDADOS CRITICOS UNIDAD  DE CUIDADOS INTENSIVOS GENERALES (UCI) ";"27";"29";"394";"1297";"59";"1770";"17"
"2023";"07";"180201";"MOQUEGUA";"GENERAL SANCHEZ CERRO";"OMATE";"ESSALUD";"I-2";"00026055";"POSTA MEDICA OMATE";"NE_0001";"";"NE_0001";"NE_0001";"NE_0001";"NE_0001";"NE_0001";"NE_0001";"NE_0001"
"2023";"07";"230101";"TACNA";"TACNA";"TACNA";"ESSALUD";"I-2";"00010228";"CENTRO DE ATENCION PRIMARIA II  OSCAR FERNANDEZ DAVILA VÉLEZ";"NE_0001";"";"NE_0001";"NE_0001";"NE_0001";"NE_0001";"NE_0001";"NE_0001";"NE_0001"
"2023";"07";"150136";"LIMA";"LIMA";"SAN MIGUEL";"SANIDAD DE LA POLICIA NACIONAL DEL PERU";"II-E";"00014718";"HOSPITAL GERIATRICO PNP SAN JOSE";"244400";"HOSPITALIZACIÓN DE MEDICINA GERIATRIA ";"33";"29";"371";"411";"26";"806";"4"
"2023";"07";"070106";"CALLAO";"CALLAO";"VENTANILLA";"GOBIERNO REGIONAL";"I-2";"00006263";"PUESTO DE SALUD  SANTA ROSA DE PACHACUTEC";"NE_0001";"";"NE_0001";"NE_0001";"NE_0001";"NE_0001";"NE_0001";"NE_0001";"NE_0001"
"2023";"07";"070106";"CALLAO";"CALLAO";"VENTANILLA";"GOBIERNO REGIONAL";"I-2";"00006266";"PUESTO DE SALUD 3 DE FEBRERO";"NE_0001";"";"NE_0001";"NE_0001";"NE_0001";"NE_0001";"NE_0001";"NE_0001";"NE_0001"
"2023";"07";"070106";"CALLAO";"CALLAO";"VENTANILLA";"GOBIERNO REGIONAL";"I-2";"00006267";"PUESTO DE SALUD CIUDAD PACHACUTEC";"NE_0001";"";"NE_0001";"NE_0001";"NE_0001";"NE_0001";"NE_0001";"NE_0001";"NE_0001"
"2023";"07";"070106";"CALLAO";"CALLAO";"VENTANILLA";"GOBIERNO REGIONAL";"I-2";"00006264";"PUESTO DE SALUD BAHÍA BLANCA";"NE_0001";"";"NE_0001";"NE_0001";"NE_0001";"NE_0001";"NE_0001";"NE_0001";"NE_0001"
"2023";"07";"070106";"CALLAO";"CALLAO";"VENTANILLA";"GOBIERNO REGIONAL";"I-4";"00007314";"C.S. MATERNO INFANTIL PACHACUTEC  PERU-COREA";"241800";"HOSPITALIZACIÓN DE MEDICINA MEDICINA GENERAL ";"14";"14";"18";"434";"14";"434";"0"
"2023";"07";"150115";"LIMA";"LIMA";"LA VICTORIA";"PRIVADO";"II-E";"00009431";"CLÍNICA SANTA CATALINA";"NE_0002";"";"NE_0002";"NE_0002";"NE_0002";"NE_0002";"NE_0002";"NE_0002";"NE_0002"
"2023";"07";"150140";"LIMA";"LIMA";"SANTIAGO DE SURCO";"PRIVADO";"II-E";"00015461";"VISTASALUD CENTRO OFTALMOLOGICO";"NE_0001";"";"NE_0001";"NE_0001";"NE_0001";"NE_0001";"NE_0001";"NE_0001";"NE_0001"
"2023";"02";"200501";"PIURA";"PAITA";"PAITA";"GOBIERNO REGIONAL";"II-1";"00002021";"HOSPITAL DE APOYO II - 1 NUESTRA SEÑORA DE LAS MERCEDES - PAITA";"240100";"HOSPITALIZACIÓN QUIRÚRGICA CIRUGÍA GENERAL ";"44";"51";"233";"233";"12";"336";"0"
"2023";"05";"150122";"LIMA";"LIMA";"MIRAFLORES";"PRIVADO";"III-2";"00008956";"CLINICA DEL INCA";"240000";"HOSPITALIZACIÓN";"2";"2";"5";"28";"14";"434";"0"
"2023";"05";"150122";"LIMA";"LIMA";"MIRAFLORES";"PRIVADO";"III-2";"00008956";"CLINICA DEL INCA";"250100";"UNIDAD DE CUIDADOS CRITICOS UNIDAD  DE CUIDADOS INTENSIVOS GENERALES (UCI) ";"2";"0";"0";"23";"5";"155";"0"
"2023";"04";"120504";"JUNIN";"JUNIN";"ULCUMAYO";"GOBIERNO REGIONAL";"I-1";"00000603";"YAPACMARCA";"NE_0001";"";"NE_0001";"NE_0001";"NE_0001";"NE_0001";"NE_0001";"NE_0001";"NE_0001"
"2023";"06";"250105";"UCAYALI";"CORONEL PORTILLO";"YARINACOCHA";"GOBIERNO REGIONAL";"I-1";"00005547";"SANTA TERESITA";"NE_0001";"";"NE_0001";"NE_0001";"NE_0001";"NE_0001";"NE_0001";"NE_0001";"NE_0001"
"2023";"06";"250105";"UCAYALI";"CORONEL PORTILLO";"YARINACOCHA";"GOBIERNO REGIONAL";"I-3";"00005539";"CENTRO AMERICA";"NE_0001";"";"NE_0001";"NE_0001";"NE_0001";"NE_0001";"NE_0001";"NE_0001";"NE_0001"
"2023";"07";"061007";"CAJAMARCA";"SAN MARCOS";"JOSE SABOGAL";"GOBIERNO REGIONAL";"I-1";"00004496";"TINYAYOC";"NE_0001";"";"NE_0001";"NE_0001";"NE_0001";"NE_0001";"NE_0001";"NE_0001";"NE_0001"
"2023";"07";"061007";"CAJAMARCA";"SAN MARCOS";"JOSE SABOGAL";"GOBIERNO REGIONAL";"I-2";"00004497";"MALAT";"NE_0001";"";"NE_0001";"NE_0001";"NE_0001";"NE_0001";"NE_0001";"NE_0001";"NE_0001"
"2023";"07";"061007";"CAJAMARCA";"SAN MARCOS";"JOSE SABOGAL";"GOBIERNO REGIONAL";"I-1";"00004499";"MATIBAMBA";"NE_0001";"";"NE_0001";"NE_0001";"NE_0001";"NE_0001";"NE_0001";"NE_0001";"NE_0001"
"2023";"07";"061007";"CAJAMARCA";"SAN MARCOS";"JOSE SABOGAL";"GOBIERNO REGIONAL";"I-1";"00004495";"HUAGAL";"NE_0001";"";"NE_0001";"NE_0001";"NE_0001";"NE_0001";"NE_0001";"NE_0001";"NE_0001"
"2023";"07";"061007";"CAJAMARCA";"SAN MARCOS";"JOSE SABOGAL";"GOBIERNO REGIONAL";"I-2";"00004498";"LICLICONGA";"NE_0001";"";"NE_0001";"NE_0001";"NE_0001";"NE_0001";"NE_0001";"NE_0001";"NE_0001"
"2023";"07";"061007";"CAJAMARCA";"SAN MARCOS";"JOSE SABOGAL";"GOBIERNO REGIONAL";"I-3";"00004500";"JOSE SABOGAL";"NE_0001";"";"NE_0001";"NE_0001";"NE_0001";"NE_0001";"NE_0001";"NE_0001";"NE_0001"
"2023";"06";"250304";"UCAYALI";"PADRE ABAD";"NESHUYA";"GOBIERNO REGIONAL";"I-1";"00030508";"PUESTO DE SALUD NOLBERTH DE ALTO ARUYA";"NE_0001";"";"NE_0001";"NE_0001";"NE_0001";"NE_0001";"NE_0001";"NE_0001";"NE_0001"
"2023";"06";"250304";"UCAYALI";"PADRE ABAD";"NESHUYA";"GOBIERNO REGIONAL";"I-1";"00030507";"PUESTO DE SALUD MAR DE PLATA";"NE_0001";"";"NE_0001";"NE_0001";"NE_0001";"NE_0001";"NE_0001";"NE_0001";"NE_0001"
"2023";"06";"250304";"UCAYALI";"PADRE ABAD";"NESHUYA";"GOBIERNO REGIONAL";"I-1";"00021850";"VIRGEN DEL CARMEN";"NE_0001";"";"NE_0001";"NE_0001";"NE_0001";"NE_0001";"NE_0001";"NE_0001";"NE_0001"
"2023";"06";"250304";"UCAYALI";"PADRE ABAD";"NESHUYA";"GOBIERNO REGIONAL";"I-1";"00007461";"SANTA ROSA DE GUINEA";"NE_0001";"";"NE_0001";"NE_0001";"NE_0001";"NE_0001";"NE_0001";"NE_0001";"NE_0001"
"2023";"06";"250304";"UCAYALI";"PADRE ABAD";"NESHUYA";"GOBIERNO REGIONAL";"I-1";"00007116";"VILLA DEL CAMPO";"NE_0001";"";"NE_0001";"NE_0001";"NE_0001";"NE_0001";"NE_0001";"NE_0001";"NE_0001"
"2023";"06";"250305";"UCAYALI";"PADRE ABAD";"ALEXANDER VON HUMBOLDT";"GOBIERNO REGIONAL";"I-1";"00005421";"EL MILAGRO KM   83";"NE_0001";"";"NE_0001";"NE_0001";"NE_0001";"NE_0001";"NE_0001";"NE_0001";"NE_0001"
"2023";"06";"250304";"UCAYALI";"PADRE ABAD";"NESHUYA";"GOBIERNO REGIONAL";"I-1";"00005420";"NUEVO SAN JUAN KM. 69";"NE_0001";"";"NE_0001";"NE_0001";"NE_0001";"NE_0001";"NE_0001";"NE_0001";"NE_0001"
"2023";"06";"250304";"UCAYALI";"PADRE ABAD";"NESHUYA";"GOBIERNO REGIONAL";"I-1";"00005419";"LA UNION";"NE_0001";"";"NE_0001";"NE_0001";"NE_0001";"NE_0001";"NE_0001";"NE_0001";"NE_0001"
"2023";"06";"250304";"UCAYALI";"PADRE ABAD";"NESHUYA";"GOBIERNO REGIONAL";"I-2";"00005418";"MONTE DE LOS OLIVOS";"NE_0001";"";"NE_0001";"NE_0001";"NE_0001";"NE_0001";"NE_0001";"NE_0001";"NE_0001"
"2023";"06";"250304";"UCAYALI";"PADRE ABAD";"NESHUYA";"GOBIERNO REGIONAL";"I-1";"00005417";"SAN JUAN KM. 71";"NE_0001";"";"NE_0001";"NE_0001";"NE_0001";"NE_0001";"NE_0001";"NE_0001";"NE_0001"
"2023";"06";"250305";"UCAYALI";"PADRE ABAD";"ALEXANDER VON HUMBOLDT";"GOBIERNO REGIONAL";"I-2";"00005416";"VON HUMBOLTD";"NE_0001";"";"NE_0001";"NE_0001";"NE_0001";"NE_0001";"NE_0001";"NE_0001";"NE_0001"
"2023";"06";"250304";"UCAYALI";"PADRE ABAD";"NESHUYA";"GOBIERNO REGIONAL";"I-3";"00005415";"MONTE ALEGRE-NESHUYA";"NE_0001";"";"NE_0001";"NE_0001";"NE_0001";"NE_0001";"NE_0001";"NE_0001";"NE_0001"
"2023";"07";"150122";"LIMA";"LIMA";"MIRAFLORES";"ESSALUD";"I-3";"00009148";"POLICLINICO SANTA CRUZ";"NE_0001";"";"NE_0001";"NE_0001";"NE_0001";"NE_0001";"NE_0001";"NE_0001";"NE_0001"
"2023";"06";"250106";"UCAYALI";"CORONEL PORTILLO";"NUEVA REQUENA";"GOBIERNO REGIONAL";"I-1";"00013174";"SAN PABLO DE JUANTIA";"NE_0001";"";"NE_0001";"NE_0001";"NE_0001";"NE_0001";"NE_0001";"NE_0001";"NE_0001"
"2023";"07";"060508";"CAJAMARCA";"CONTUMAZA";"YONAN";"GOBIERNO REGIONAL";"I-1";"00004589";"CAFETAL";"NE_0002";"";"NE_0002";"NE_0002";"NE_0002";"NE_0002";"NE_0002";"NE_0002";"NE_0002"
"2023";"07";"060503";"CAJAMARCA";"CONTUMAZA";"CUPISNIQUE";"GOBIERNO REGIONAL";"I-1";"00004590";"TRINIDAD";"NE_0002";"";"NE_0002";"NE_0002";"NE_0002";"NE_0002";"NE_0002";"NE_0002";"NE_0002"
"2023";"07";"060503";"CAJAMARCA";"CONTUMAZA";"CUPISNIQUE";"GOBIERNO REGIONAL";"I-1";"00004591";"SANTA CATALINA";"NE_0002";"";"NE_0002";"NE_0002";"NE_0002";"NE_0002";"NE_0002";"NE_0002";"NE_0002"
"2023";"07";"060508";"CAJAMARCA";"CONTUMAZA";"YONAN";"GOBIERNO REGIONAL";"I-4";"00004587";"TEMBLADERA";"241600";"HOSPITALIZACIÓN QUIRÚRGICA OBSTETRICIA   ";"6";"6";"10";"54";"5";"155";"0"
"2023";"07";"060508";"CAJAMARCA";"CONTUMAZA";"YONAN";"GOBIERNO REGIONAL";"I-4";"00004587";"TEMBLADERA";"241800";"HOSPITALIZACIÓN DE MEDICINA MEDICINA GENERAL ";"39";"41";"140";"271";"12";"372";"0"
"2023";"07";"090301";"HUANCAVELICA";"ANGARAES";"LIRCAY";"GOBIERNO REGIONAL";"I-1";"00003944";"BUENA VISTA";"NE_0001";"";"NE_0001";"NE_0001";"NE_0001";"NE_0001";"NE_0001";"NE_0001";"NE_0001"
"2023";"07";"090301";"HUANCAVELICA";"ANGARAES";"LIRCAY";"GOBIERNO REGIONAL";"I-1";"00003947";"CONSTANCIA";"NE_0001";"";"NE_0001";"NE_0001";"NE_0001";"NE_0001";"NE_0001";"NE_0001";"NE_0001"
"2023";"07";"090301";"HUANCAVELICA";"ANGARAES";"LIRCAY";"GOBIERNO REGIONAL";"I-1";"00003950";"CHALLHUAPUQUIO";"NE_0001";"";"NE_0001";"NE_0001";"NE_0001";"NE_0001";"NE_0001";"NE_0001";"NE_0001"
"2023";"07";"090307";"HUANCAVELICA";"ANGARAES";"HUANCA-HUANCA";"GOBIERNO REGIONAL";"I-2";"00003953";"HUANCA HUANCA";"NE_0001";"";"NE_0001";"NE_0001";"NE_0001";"NE_0001";"NE_0001";"NE_0001";"NE_0001"
"2023";"07";"090312";"HUANCAVELICA";"ANGARAES";"SECCLLA";"GOBIERNO REGIONAL";"I-1";"00003970";"QUISPICANCHA";"NE_0001";"";"NE_0001";"NE_0001";"NE_0001";"NE_0001";"NE_0001";"NE_0001";"NE_0001"
"2023";"07";"090301";"HUANCAVELICA";"ANGARAES";"LIRCAY";"GOBIERNO REGIONAL";"I-1";"00011769";"YANAUTUTO";"NE_0001";"";"NE_0001";"NE_0001";"NE_0001";"NE_0001";"NE_0001";"NE_0001";"NE_0001"
"2023";"07";"090302";"HUANCAVELICA";"ANGARAES";"ANCHONGA";"GOBIERNO REGIONAL";"I-1";"00028780";"LLANCAPUQUIO";"NE_0001";"";"NE_0001";"NE_0001";"NE_0001";"NE_0001";"NE_0001";"NE_0001";"NE_0001"
"2023";"07";"090303";"HUANCAVELICA";"ANGARAES";"CALLANMARCA";"GOBIERNO REGIONAL";"I-1";"00003952";"CALLANMARCA";"NE_0001";"";"NE_0001";"NE_0001";"NE_0001";"NE_0001";"NE_0001";"NE_0001";"NE_0001"
"2023";"07";"090304";"HUANCAVELICA";"ANGARAES";"CCOCHACCASA";"GOBIERNO REGIONAL";"I-1";"00003957";"CCASCCABAMBA";"NE_0001";"";"NE_0001";"NE_0001";"NE_0001";"NE_0001";"NE_0001";"NE_0001";"NE_0001"
"2023";"07";"090302";"HUANCAVELICA";"ANGARAES";"ANCHONGA";"GOBIERNO REGIONAL";"I-3";"00003959";"PARCO ALTO";"NE_0002";"";"NE_0002";"NE_0002";"NE_0002";"NE_0002";"NE_0002";"NE_0002";"NE_0002"
"2023";"07";"090306";"HUANCAVELICA";"ANGARAES";"CONGALLA";"GOBIERNO REGIONAL";"I-2";"00003972";"CONGALLA";"NE_0001";"";"NE_0001";"NE_0001";"NE_0001";"NE_0001";"NE_0001";"NE_0001";"NE_0001"
"2023";"07";"090301";"HUANCAVELICA";"ANGARAES";"LIRCAY";"GOBIERNO REGIONAL";"I-1";"00007384";"SAN JUAN DE AHUAY";"NE_0001";"";"NE_0001";"NE_0001";"NE_0001";"NE_0001";"NE_0001";"NE_0001";"NE_0001"
"2023";"07";"090301";"HUANCAVELICA";"ANGARAES";"LIRCAY";"GOBIERNO REGIONAL";"I-2";"00007385";"SAN JUAN DE DIOS DE CCOLLPAPAMPA";"NE_0001";"";"NE_0001";"NE_0001";"NE_0001";"NE_0001";"NE_0001";"NE_0001";"NE_0001"
"2023";"07";"090311";"HUANCAVELICA";"ANGARAES";"SANTO TOMAS DE PATA";"GOBIERNO REGIONAL";"I-1";"00011768";"CUTICSA";"NE_0001";"";"NE_0001";"NE_0001";"NE_0001";"NE_0001";"NE_0001";"NE_0001";"NE_0001"
"2023";"07";"090302";"HUANCAVELICA";"ANGARAES";"ANCHONGA";"GOBIERNO REGIONAL";"I-2";"00003960";"TUCO";"NE_0001";"";"NE_0001";"NE_0001";"NE_0001";"NE_0001";"NE_0001";"NE_0001";"NE_0001"
"2023";"07";"090309";"HUANCAVELICA";"ANGARAES";"JULCAMARCA";"GOBIERNO REGIONAL";"I-3";"00003962";"JULCAMARCA";"NE_0002";"";"NE_0002";"NE_0002";"NE_0002";"NE_0002";"NE_0002";"NE_0002";"NE_0002"
"2023";"07";"090310";"HUANCAVELICA";"ANGARAES";"SAN ANTONIO DE ANTAPARCO";"GOBIERNO REGIONAL";"I-1";"00003965";"SAN ANTONIO DE ANTAPARCO";"NE_0001";"";"NE_0001";"NE_0001";"NE_0001";"NE_0001";"NE_0001";"NE_0001";"NE_0001"
"2023";"07";"090312";"HUANCAVELICA";"ANGARAES";"SECCLLA";"GOBIERNO REGIONAL";"I-1";"00003971";"TRANCA";"NE_0001";"";"NE_0001";"NE_0001";"NE_0001";"NE_0001";"NE_0001";"NE_0001";"NE_0001"
"2023";"07";"090302";"HUANCAVELICA";"ANGARAES";"ANCHONGA";"GOBIERNO REGIONAL";"I-3";"00006901";"BUENOS AIRES DE PARCO CHACAPUNCU";"NE_0001";"";"NE_0001";"NE_0001";"NE_0001";"NE_0001";"NE_0001";"NE_0001";"NE_0001"
"2023";"07";"090304";"HUANCAVELICA";"ANGARAES";"CCOCHACCASA";"GOBIERNO REGIONAL";"I-1";"00003956";"SAN PEDRO DE MIMOSA";"NE_0001";"";"NE_0001";"NE_0001";"NE_0001";"NE_0001";"NE_0001";"NE_0001";"NE_0001"
"2023";"07";"090301";"HUANCAVELICA";"ANGARAES";"LIRCAY";"GOBIERNO REGIONAL";"I-1";"00007290";"PERCAPAMPA";"NE_0001";"";"NE_0001";"NE_0001";"NE_0001";"NE_0001";"NE_0001";"NE_0001";"NE_0001"
"2023";"07";"090301";"HUANCAVELICA";"ANGARAES";"LIRCAY";"GOBIERNO REGIONAL";"I-1";"00007373";"SOCCLLABAMBA";"NE_0001";"";"NE_0001";"NE_0001";"NE_0001";"NE_0001";"NE_0001";"NE_0001";"NE_0001"
"2023";"07";"090305";"HUANCAVELICA";"ANGARAES";"CHINCHO";"GOBIERNO REGIONAL";"I-1";"00011787";"LLAMOCCTACHI";"NE_0001";"";"NE_0001";"NE_0001";"NE_0001";"NE_0001";"NE_0001";"NE_0001";"NE_0001"
"2023";"07";"090301";"HUANCAVELICA";"ANGARAES";"LIRCAY";"GOBIERNO REGIONAL";"I-3";"00028484";"CENTRO DE SALUD MENTAL COMUNITARIO ANGARAES";"NE_0002";"";"NE_0002";"NE_0002";"NE_0002";"NE_0002";"NE_0002";"NE_0002";"NE_0002"
"2023";"07";"090301";"HUANCAVELICA";"ANGARAES";"LIRCAY";"GOBIERNO REGIONAL";"I-2";"00003945";"CARHUAPATA";"NE_0001";"";"NE_0001";"NE_0001";"NE_0001";"NE_0001";"NE_0001";"NE_0001";"NE_0001"
"2023";"07";"090301";"HUANCAVELICA";"ANGARAES";"LIRCAY";"GOBIERNO REGIONAL";"I-1";"00003946";"PIRCAPAHUANA";"NE_0001";"";"NE_0001";"NE_0001";"NE_0001";"NE_0001";"NE_0001";"NE_0001";"NE_0001"
"2023";"07";"090301";"HUANCAVELICA";"ANGARAES";"LIRCAY";"GOBIERNO REGIONAL";"I-2";"00003949";"CHAHUARMA";"NE_0001";"";"NE_0001";"NE_0001";"NE_0001";"NE_0001";"NE_0001";"NE_0001";"NE_0001"
"2023";"07";"090301";"HUANCAVELICA";"ANGARAES";"LIRCAY";"GOBIERNO REGIONAL";"I-1";"00003951";"TUCSIPAMPA";"NE_0001";"";"NE_0001";"NE_0001";"NE_0001";"NE_0001";"NE_0001";"NE_0001";"NE_0001"
"2023";"07";"090308";"HUANCAVELICA";"ANGARAES";"HUALLAY-GRANDE";"GOBIERNO REGIONAL";"I-2";"00003954";"HUAYLLAY GRANDE";"NE_0001";"";"NE_0001";"NE_0001";"NE_0001";"NE_0001";"NE_0001";"NE_0001";"NE_0001"
"2023";"07";"090304";"HUANCAVELICA";"ANGARAES";"CCOCHACCASA";"GOBIERNO REGIONAL";"I-3";"00003955";"CCOCHACCASA";"NE_0002";"";"NE_0002";"NE_0002";"NE_0002";"NE_0002";"NE_0002";"NE_0002";"NE_0002"
"2023";"07";"090302";"HUANCAVELICA";"ANGARAES";"ANCHONGA";"GOBIERNO REGIONAL";"I-1";"00003958";"ANCHONGA";"NE_0001";"";"NE_0001";"NE_0001";"NE_0001";"NE_0001";"NE_0001";"NE_0001";"NE_0001"
"2023";"07";"090305";"HUANCAVELICA";"ANGARAES";"CHINCHO";"GOBIERNO REGIONAL";"I-1";"00003963";"CHINCHO";"NE_0001";"";"NE_0001";"NE_0001";"NE_0001";"NE_0001";"NE_0001";"NE_0001";"NE_0001"
"2023";"07";"090306";"HUANCAVELICA";"ANGARAES";"CONGALLA";"GOBIERNO REGIONAL";"I-1";"00011199";"CHAYNABAMBA";"NE_0001";"";"NE_0001";"NE_0001";"NE_0001";"NE_0001";"NE_0001";"NE_0001";"NE_0001"
"2023";"07";"090302";"HUANCAVELICA";"ANGARAES";"ANCHONGA";"GOBIERNO REGIONAL";"I-1";"00011454";"ALTO MARAYNIYOCC";"NE_0001";"";"NE_0001";"NE_0001";"NE_0001";"NE_0001";"NE_0001";"NE_0001";"NE_0001"
"2023";"07";"090302";"HUANCAVELICA";"ANGARAES";"ANCHONGA";"GOBIERNO REGIONAL";"I-1";"00006930";"HUARIRUMI - CHONTACANCHA";"NE_0001";"";"NE_0001";"NE_0001";"NE_0001";"NE_0001";"NE_0001";"NE_0001";"NE_0001"
"2023";"07";"090302";"HUANCAVELICA";"ANGARAES";"ANCHONGA";"GOBIERNO REGIONAL";"I-2";"00003961";"SAN PABLO DE OCCO";"NE_0001";"";"NE_0001";"NE_0001";"NE_0001";"NE_0001";"NE_0001";"NE_0001";"NE_0001"
"2023";"07";"090306";"HUANCAVELICA";"ANGARAES";"CONGALLA";"GOBIERNO REGIONAL";"I-1";"00003973";"YUNYACCASA";"NE_0001";"";"NE_0001";"NE_0001";"NE_0001";"NE_0001";"NE_0001";"NE_0001";"NE_0001"
"2023";"07";"090306";"HUANCAVELICA";"ANGARAES";"CONGALLA";"GOBIERNO REGIONAL";"I-1";"00003974";"CARCOSI";"NE_0001";"";"NE_0001";"NE_0001";"NE_0001";"NE_0001";"NE_0001";"NE_0001";"NE_0001"
"2023";"07";"090306";"HUANCAVELICA";"ANGARAES";"CONGALLA";"GOBIERNO REGIONAL";"I-1";"00003975";"LIRCAYCCASA";"NE_0001";"";"NE_0001";"NE_0001";"NE_0001";"NE_0001";"NE_0001";"NE_0001";"NE_0001"
"2023";"07";"090307";"HUANCAVELICA";"ANGARAES";"HUANCA-HUANCA";"GOBIERNO REGIONAL";"I-1";"00011200";"CCARAPA";"NE_0001";"";"NE_0001";"NE_0001";"NE_0001";"NE_0001";"NE_0001";"NE_0001";"NE_0001"
"2023";"07";"090301";"HUANCAVELICA";"ANGARAES";"LIRCAY";"GOBIERNO REGIONAL";"I-1";"00011201";"CIENEGUILLA";"NE_0001";"";"NE_0001";"NE_0001";"NE_0001";"NE_0001";"NE_0001";"NE_0001";"NE_0001"
"2023";"07";"090304";"HUANCAVELICA";"ANGARAES";"CCOCHACCASA";"GOBIERNO REGIONAL";"I-1";"00011204";"VELASCO PUCAPAMPA";"NE_0001";"";"NE_0001";"NE_0001";"NE_0001";"NE_0001";"NE_0001";"NE_0001";"NE_0001"
"2023";"07";"090301";"HUANCAVELICA";"ANGARAES";"LIRCAY";"GOBIERNO REGIONAL";"I-1";"00003948";"UCHCUPAMPA";"NE_0001";"";"NE_0001";"NE_0001";"NE_0001";"NE_0001";"NE_0001";"NE_0001";"NE_0001"
"2023";"07";"090310";"HUANCAVELICA";"ANGARAES";"SAN ANTONIO DE ANTAPARCO";"GOBIERNO REGIONAL";"I-1";"00003966";"MAICENA";"NE_0001";"";"NE_0001";"NE_0001";"NE_0001";"NE_0001";"NE_0001";"NE_0001";"NE_0001"
"2023";"04";"130101";"LA LIBERTAD";"TRUJILLO";"TRUJILLO";"SANIDAD DE LA POLICIA NACIONAL DEL PERU";"I-3";"00011154";"SANIDAD DE LA PNP - TRUJILLO";"NE_0001";"";"NE_0001";"NE_0001";"NE_0001";"NE_0001";"NE_0001";"NE_0001";"NE_0001"
"2023";"04";"050104";"AYACUCHO";"HUAMANGA";"CARMEN ALTO";"SANIDAD DE LA POLICIA NACIONAL DEL PERU";"I-2";"00027415";"POSTA MEDICA POLICIAL EESTP PNP AYACUCHO";"NE_0001";"";"NE_0001";"NE_0001";"NE_0001";"NE_0001";"NE_0001";"NE_0001";"NE_0001"
"2023";"04";"130101";"LA LIBERTAD";"TRUJILLO";"TRUJILLO";"PRIVADO";"II-1";"00012292";"CLINICA  BELMED";"240800";"HOSPITALIZACIÓN QUIRÚRGICA CIRUGÍA PLÁSTICA/RECONSTRUCTIVA/ REPARADORA ";"13";"13";"13";"5";"4";"5";"0"
"2023";"04";"090206";"HUANCAVELICA";"ACOBAMBA";"PAUCARA";"GOBIERNO REGIONAL";"I-4";"00003930";"CENTRO DE SALUD PAUCARA";"241400";"HOSPITALIZACIÓN QUIRÚRGICA GINECO - OBSTETRICIA ";"24";"24";"39";"24";"24";"720";"0"
"2023";"04";"040101";"AREQUIPA";"AREQUIPA";"AREQUIPA";"PRIVADO";"I-4";"00014765";"CENTRO MEDICO MONTE CARMELO";"240000";"HOSPITALIZACIÓN";"5";"6";"19";"16";"10";"300";"0"
"2023";"02";"030201";"APURIMAC";"ANDAHUAYLAS";"ANDAHUAYLAS";"ESSALUD";"II-1";"00011214";"HOSPITAL I SANTA MARGARITA";"241800";"HOSPITALIZACIÓN DE MEDICINA MEDICINA GENERAL ";"27";"24";"136";"127";"6";"127";"0"
"2023";"02";"030201";"APURIMAC";"ANDAHUAYLAS";"ANDAHUAYLAS";"ESSALUD";"II-1";"00011214";"HOSPITAL I SANTA MARGARITA";"240100";"HOSPITALIZACIÓN QUIRÚRGICA CIRUGÍA GENERAL ";"34";"28";"207";"167";"4";"167";"0"
"2023";"02";"030201";"APURIMAC";"ANDAHUAYLAS";"ANDAHUAYLAS";"ESSALUD";"II-1";"00011214";"HOSPITAL I SANTA MARGARITA";"241400";"HOSPITALIZACIÓN QUIRÚRGICA GINECO - OBSTETRICIA ";"10";"4";"24";"23";"1";"23";"0"
"2023";"02";"030201";"APURIMAC";"ANDAHUAYLAS";"ANDAHUAYLAS";"ESSALUD";"II-1";"00011214";"HOSPITAL I SANTA MARGARITA";"241600";"HOSPITALIZACIÓN QUIRÚRGICA OBSTETRICIA   ";"26";"28";"63";"62";"3";"75";"0"
"2023";"02";"030201";"APURIMAC";"ANDAHUAYLAS";"ANDAHUAYLAS";"ESSALUD";"II-1";"00011214";"HOSPITAL I SANTA MARGARITA";"242300";"HOSPITALIZACIÓN DE PEDIATRÍA  PEDIATRÍA  GENERAL ";"1";"0";"8";"6";"2";"56";"0"
"2023";"05";"120101";"JUNIN";"HUANCAYO";"HUANCAYO";"PRIVADO";"II-E";"00008475";"CLINICA OFTALMOLOGICA REGIONAL";"NE_0002";"";"NE_0002";"NE_0002";"NE_0002";"NE_0002";"NE_0002";"NE_0002";"NE_0002"
"2023";"05";"060801";"CAJAMARCA";"JAEN";"JAEN";"GOBIERNO REGIONAL";"I-1";"00004215";"CHAMAYA";"NE_0001";"";"NE_0001";"NE_0001";"NE_0001";"NE_0001";"NE_0001";"NE_0001";"NE_0001"
"2023";"05";"060801";"CAJAMARCA";"JAEN";"JAEN";"GOBIERNO REGIONAL";"I-2";"00007168";"MONTEGRANDE";"NE_0001";"";"NE_0001";"NE_0001";"NE_0001";"NE_0001";"NE_0001";"NE_0001";"NE_0001"
"2023";"05";"060801";"CAJAMARCA";"JAEN";"JAEN";"GOBIERNO REGIONAL";"I-1";"00004220";"PALMA CENTRAL";"NE_0001";"";"NE_0001";"NE_0001";"NE_0001";"NE_0001";"NE_0001";"NE_0001";"NE_0001"
"2023";"05";"060801";"CAJAMARCA";"JAEN";"JAEN";"GOBIERNO REGIONAL";"I-4";"00004211";"MORRO SOLAR";"241800";"HOSPITALIZACIÓN DE MEDICINA MEDICINA GENERAL ";"36";"35";"42";"36";"8";"204";"0"
"2023";"05";"060801";"CAJAMARCA";"JAEN";"JAEN";"GOBIERNO REGIONAL";"0";"00031497";"HOGAR PROTEGIDO SEÑOR DE HUAMANTANGA";"NE_0001";"";"NE_0001";"NE_0001";"NE_0001";"NE_0001";"NE_0001";"NE_0001";"NE_0001"
"2023";"05";"060801";"CAJAMARCA";"JAEN";"JAEN";"GOBIERNO REGIONAL";"I-1";"00004214";"LAS NARANJAS";"NE_0001";"";"NE_0001";"NE_0001";"NE_0001";"NE_0001";"NE_0001";"NE_0001";"NE_0001"
"2023";"05";"060801";"CAJAMARCA";"JAEN";"JAEN";"GOBIERNO REGIONAL";"I-1";"00007024";"SAN MARTIN DE PORRES";"NE_0001";"";"NE_0001";"NE_0001";"NE_0001";"NE_0001";"NE_0001";"NE_0001";"NE_0001"
"2023";"05";"060801";"CAJAMARCA";"JAEN";"JAEN";"GOBIERNO REGIONAL";"I-1";"00004221";"VALILLO";"NE_0001";"";"NE_0001";"NE_0001";"NE_0001";"NE_0001";"NE_0001";"NE_0001";"NE_0001"
"2023";"05";"060801";"CAJAMARCA";"JAEN";"JAEN";"GOBIERNO REGIONAL";"I-2";"00025858";"NUEVO HORIZONTE";"NE_0001";"";"NE_0001";"NE_0001";"NE_0001";"NE_0001";"NE_0001";"NE_0001";"NE_0001"
"2023";"05";"040103";"AREQUIPA";"AREQUIPA";"CAYMA";"GOBIERNO REGIONAL";"I-2";"00001244";"PUESTO DE SALUD LA TOMILLA";"NE_0001";"";"NE_0001";"NE_0001";"NE_0001";"NE_0001";"NE_0001";"NE_0001";"NE_0001"
"2023";"05";"040103";"AREQUIPA";"AREQUIPA";"CAYMA";"GOBIERNO REGIONAL";"I-3";"00001234";"CENTRO DE SALUD FRANCISCO BOLOGNESI";"NE_0001";"";"NE_0001";"NE_0001";"NE_0001";"NE_0001";"NE_0001";"NE_0001";"NE_0001"
"2023";"05";"040103";"AREQUIPA";"AREQUIPA";"CAYMA";"GOBIERNO REGIONAL";"I-3";"00006890";"PUESTO DE SALUD RAFAEL BELAUNDE";"NE_0001";"";"NE_0001";"NE_0001";"NE_0001";"NE_0001";"NE_0001";"NE_0001";"NE_0001"
"2023";"05";"040103";"AREQUIPA";"AREQUIPA";"CAYMA";"GOBIERNO REGIONAL";"I-3";"00027464";"CENTRO DE SALUD MENTAL COMUNITARIO CAYMA";"NE_0001";"";"NE_0001";"NE_0001";"NE_0001";"NE_0001";"NE_0001";"NE_0001";"NE_0001"
"2023";"05";"120704";"JUNIN";"TARMA";"HUASAHUASI";"GOBIERNO REGIONAL";"I-1";"00000544";"PUNRAY";"NE_0001";"";"NE_0001";"NE_0001";"NE_0001";"NE_0001";"NE_0001";"NE_0001";"NE_0001"
"2023";"05";"120704";"JUNIN";"TARMA";"HUASAHUASI";"GOBIERNO REGIONAL";"I-1";"00000543";"CASCA";"NE_0001";"";"NE_0001";"NE_0001";"NE_0001";"NE_0001";"NE_0001";"NE_0001";"NE_0001"
"2023";"05";"120704";"JUNIN";"TARMA";"HUASAHUASI";"GOBIERNO REGIONAL";"I-4";"00000542";"HUASAHUASI";"241600";"HOSPITALIZACIÓN QUIRÚRGICA OBSTETRICIA   ";"3";"3";"3";"3";"3";"93";"0"
"2023";"05";"120704";"JUNIN";"TARMA";"HUASAHUASI";"GOBIERNO REGIONAL";"I-1";"00000546";"SAN JUAN DE LA LIBERTAD";"NE_0001";"";"NE_0001";"NE_0001";"NE_0001";"NE_0001";"NE_0001";"NE_0001";"NE_0001"
"2023";"05";"120704";"JUNIN";"TARMA";"HUASAHUASI";"GOBIERNO REGIONAL";"I-1";"00000545";"HUACUAS";"NE_0001";"";"NE_0001";"NE_0001";"NE_0001";"NE_0001";"NE_0001";"NE_0001";"NE_0001"
"2023";"05";"120704";"JUNIN";"TARMA";"HUASAHUASI";"GOBIERNO REGIONAL";"I-1";"00000548";"TIAMBRA";"NE_0001";"";"NE_0001";"NE_0001";"NE_0001";"NE_0001";"NE_0001";"NE_0001";"NE_0001"
"2023";"07";"150105";"LIMA";"LIMA";"BREÑA";"MINSA";"III-2";"00006216";"INSTITUTO NACIONAL DE SALUD DEL NIÑO";"240200";"HOSPITALIZACIÓN QUIRÚRGICA CIRUGÍA DE CABEZA Y CUELLO / MÁXILO FACIAL ";"30";"25";"125";"231";"10";"310";"0"
"2023";"07";"150105";"LIMA";"LIMA";"BREÑA";"MINSA";"III-2";"00006216";"INSTITUTO NACIONAL DE SALUD DEL NIÑO";"240400";"HOSPITALIZACIÓN QUIRÚRGICA CIRUGÍA DE TÓRAX Y CARDIOVASCULAR ";"21";"20";"619";"336";"19";"589";"0"
"2023";"07";"150105";"LIMA";"LIMA";"BREÑA";"MINSA";"III-2";"00006216";"INSTITUTO NACIONAL DE SALUD DEL NIÑO";"240700";"HOSPITALIZACIÓN QUIRÚRGICA CIRUGÍA PEDIÁTRICA ";"77";"70";"620";"524";"20";"620";"1"
"2023";"07";"150105";"LIMA";"LIMA";"BREÑA";"MINSA";"III-2";"00006216";"INSTITUTO NACIONAL DE SALUD DEL NIÑO";"240801";"HOSPITALIZACIÓN QUIRÚRGICA CIRUGÍA PLÁSTICA/RECONSTRUCTIVA/ REPARADORA QUEMADOS";"43";"42";"361";"487";"26";"806";"0"
"2023";"07";"150105";"LIMA";"LIMA";"BREÑA";"MINSA";"III-2";"00006216";"INSTITUTO NACIONAL DE SALUD DEL NIÑO";"240900";"HOSPITALIZACIÓN QUIRÚRGICA NEUROCIRUGÍA ";"28";"24";"650";"633";"22";"682";"0"
"2023";"07";"150105";"LIMA";"LIMA";"BREÑA";"MINSA";"III-2";"00006216";"INSTITUTO NACIONAL DE SALUD DEL NIÑO";"241200";"HOSPITALIZACIÓN QUIRÚRGICA TRAUMATOLOGÍA Y ORTOPEDIA ";"70";"71";"676";"786";"28";"868";"0"
"2023";"07";"150105";"LIMA";"LIMA";"BREÑA";"MINSA";"III-2";"00006216";"INSTITUTO NACIONAL DE SALUD DEL NIÑO";"241300";"HOSPITALIZACIÓN QUIRÚRGICA UROLOGÍA  ";"23";"29";"232";"169";"6";"186";"0"
"2023";"07";"150105";"LIMA";"LIMA";"BREÑA";"MINSA";"III-2";"00006216";"INSTITUTO NACIONAL DE SALUD DEL NIÑO";"242000";"HOSPITALIZACIÓN DE MEDICINA MEDICINA TROPICAL E INFECCIOSAS ";"64";"56";"580";"634";"25";"775";"0"
"2023";"07";"150105";"LIMA";"LIMA";"BREÑA";"MINSA";"III-2";"00006216";"INSTITUTO NACIONAL DE SALUD DEL NIÑO";"242300";"HOSPITALIZACIÓN DE PEDIATRÍA  PEDIATRÍA  GENERAL ";"351";"312";"2779";"2803";"92";"2852";"2"
"2023";"07";"150105";"LIMA";"LIMA";"BREÑA";"MINSA";"III-2";"00006216";"INSTITUTO NACIONAL DE SALUD DEL NIÑO";"242600";"HOSPITALIZACIÓN DE PEDIATRÍA PEDIATRIA CARDIOLOGÍA PEDIÁTRICA";"46";"37";"236";"363";"20";"620";"3"
"2023";"07";"150105";"LIMA";"LIMA";"BREÑA";"MINSA";"III-2";"00006216";"INSTITUTO NACIONAL DE SALUD DEL NIÑO";"242700";"HOSPITALIZACIÓN DE PEDIATRÍA PEDIATRIA DERMATOLOGÍA PEDIÁTRICA";"26";"23";"136";"211";"8";"248";"0"
"2023";"07";"150105";"LIMA";"LIMA";"BREÑA";"MINSA";"III-2";"00006216";"INSTITUTO NACIONAL DE SALUD DEL NIÑO";"242900";"HOSPITALIZACIÓN DE PEDIATRÍA PEDIATRIA GASTROENTEROLOGÍA PEDIÁTRICA";"24";"20";"272";"279";"10";"310";"0"
"2023";"07";"150105";"LIMA";"LIMA";"BREÑA";"MINSA";"III-2";"00006216";"INSTITUTO NACIONAL DE SALUD DEL NIÑO";"243000";"HOSPITALIZACIÓN DE PEDIATRÍA PEDIATRIA GINECOLOGÍA PEDIÁTRICA";"8";"9";"38";"37";"2";"62";"0"
"2023";"07";"150105";"LIMA";"LIMA";"BREÑA";"MINSA";"III-2";"00006216";"INSTITUTO NACIONAL DE SALUD DEL NIÑO";"243100";"HOSPITALIZACIÓN DE PEDIATRÍA PEDIATRIA NEFROLOGÍA PEDIÁTRICA";"9";"10";"231";"135";"5";"155";"0"
"2023";"07";"150105";"LIMA";"LIMA";"BREÑA";"MINSA";"III-2";"00006216";"INSTITUTO NACIONAL DE SALUD DEL NIÑO";"243300";"HOSPITALIZACIÓN DE PEDIATRÍA PEDIATRIA NEUMOLOGÍA PEDIÁTRICA";"18";"15";"320";"565";"21";"651";"0"
"2023";"07";"150105";"LIMA";"LIMA";"BREÑA";"MINSA";"III-2";"00006216";"INSTITUTO NACIONAL DE SALUD DEL NIÑO";"243400";"HOSPITALIZACIÓN DE PEDIATRÍA PEDIATRIA NEUROLOGÍA PEDIÁTRICA";"26";"26";"474";"384";"14";"434";"0"
"2023";"07";"150105";"LIMA";"LIMA";"BREÑA";"MINSA";"III-2";"00006216";"INSTITUTO NACIONAL DE SALUD DEL NIÑO";"243500";"HOSPITALIZACIÓN DE PEDIATRÍA PEDIATRIA OFTALMOLOGÍA PEDIÁTRICA";"3";"3";"4";"5";"1";"31";"0"
"2023";"07";"150105";"LIMA";"LIMA";"BREÑA";"MINSA";"III-2";"00006216";"INSTITUTO NACIONAL DE SALUD DEL NIÑO";"243600";"HOSPITALIZACIÓN DE PEDIATRÍA PEDIATRIA ONCOLOGÍA PEDIÁTRICA";"5";"2";"32";"73";"3";"93";"0"
"2023";"07";"150105";"LIMA";"LIMA";"BREÑA";"MINSA";"III-2";"00006216";"INSTITUTO NACIONAL DE SALUD DEL NIÑO";"243700";"HOSPITALIZACIÓN DE PEDIATRÍA PEDIATRIA OTORRINOLARINGOLOGÍA PEDIÁTRICA ";"28";"27";"158";"168";"7";"217";"0"
"2023";"07";"150105";"LIMA";"LIMA";"BREÑA";"MINSA";"III-2";"00006216";"INSTITUTO NACIONAL DE SALUD DEL NIÑO";"244500";"HOSPITALIZACIÓN DE MEDICINA HEMATOLOGÍA ";"10";"10";"150";"86";"3";"93";"0"
"2023";"07";"080601";"CUSCO";"CANCHIS";"SICUANI";"GOBIERNO REGIONAL";"I-4";"00002380";"TECHO OBRERO";"NE_0001";"";"NE_0001";"NE_0001";"NE_0001";"NE_0001";"NE_0001";"NE_0001";"NE_0001"
"2023";"07";"080604";"CUSCO";"CANCHIS";"MARANGANI";"GOBIERNO REGIONAL";"I-1";"00002389";"CHECTUYOC";"NE_0001";"";"NE_0001";"NE_0001";"NE_0001";"NE_0001";"NE_0001";"NE_0001";"NE_0001"
"2023";"07";"080504";"CUSCO";"CANAS";"LANGUI";"GOBIERNO REGIONAL";"I-2";"00002369";"LANGUI";"NE_0001";"";"NE_0001";"NE_0001";"NE_0001";"NE_0001";"NE_0001";"NE_0001";"NE_0001"
"2023";"07";"080604";"CUSCO";"CANCHIS";"MARANGANI";"GOBIERNO REGIONAL";"I-1";"00002390";"CCUYO";"NE_0001";"";"NE_0001";"NE_0001";"NE_0001";"NE_0001";"NE_0001";"NE_0001";"NE_0001"
"2023";"07";"080604";"CUSCO";"CANCHIS";"MARANGANI";"GOBIERNO REGIONAL";"I-2";"00002391";"OCCOBAMBA MARANGANI";"NE_0001";"";"NE_0001";"NE_0001";"NE_0001";"NE_0001";"NE_0001";"NE_0001";"NE_0001"
"2023";"07";"080601";"CUSCO";"CANCHIS";"SICUANI";"GOBIERNO REGIONAL";"I-1";"00002379";"HERCCA";"NE_0001";"";"NE_0001";"NE_0001";"NE_0001";"NE_0001";"NE_0001";"NE_0001";"NE_0001"
"2023";"07";"080504";"CUSCO";"CANAS";"LANGUI";"GOBIERNO REGIONAL";"I-1";"00002370";"CONDEVILUYO";"NE_0001";"";"NE_0001";"NE_0001";"NE_0001";"NE_0001";"NE_0001";"NE_0001";"NE_0001"
"2023";"07";"080505";"CUSCO";"CANAS";"LAYO";"GOBIERNO REGIONAL";"I-3";"00002371";"LAYO";"NE_0001";"";"NE_0001";"NE_0001";"NE_0001";"NE_0001";"NE_0001";"NE_0001";"NE_0001"
"2023";"07";"080604";"CUSCO";"CANCHIS";"MARANGANI";"GOBIERNO REGIONAL";"I-3";"00002388";"MARANGANI";"NE_0001";"";"NE_0001";"NE_0001";"NE_0001";"NE_0001";"NE_0001";"NE_0001";"NE_0001"
"2023";"07";"100508";"HUANUCO";"HUAMALIES";"PUNCHAO";"GOBIERNO REGIONAL";"I-2";"00000901";"PUNCHAO";"NE_0001";"";"NE_0001";"NE_0001";"NE_0001";"NE_0001";"NE_0001";"NE_0001";"NE_0001"
"2023";"08";"021801";"ANCASH";"SANTA";"CHIMBOTE";"PRIVADO";"II-1";"00015375";"CLINICA SAN PEDRO";"241800";"HOSPITALIZACIÓN DE MEDICINA MEDICINA GENERAL ";"12";"5";"8";"39";"6";"186";"0"
"2023";"08";"021801";"ANCASH";"SANTA";"CHIMBOTE";"PRIVADO";"II-1";"00015375";"CLINICA SAN PEDRO";"240100";"HOSPITALIZACIÓN QUIRÚRGICA CIRUGÍA GENERAL ";"35";"23";"44";"134";"6";"186";"0"
"2023";"08";"021801";"ANCASH";"SANTA";"CHIMBOTE";"PRIVADO";"II-1";"00015375";"CLINICA SAN PEDRO";"241400";"HOSPITALIZACIÓN QUIRÚRGICA GINECO - OBSTETRICIA ";"44";"32";"42";"53";"6";"186";"0"
"2023";"08";"110101";"ICA";"ICA";"ICA";"PRIVADO";"I-3";"00009648";"TATAJE  DI FLORIO SAC";"NE_0002";"";"NE_0002";"NE_0002";"NE_0002";"NE_0002";"NE_0002";"NE_0002";"NE_0002"
"2023";"08";"130101";"LA LIBERTAD";"TRUJILLO";"TRUJILLO";"PRIVADO";"II-E";"00016830";"CLINICA CAMINO REAL";"240000";"HOSPITALIZACIÓN";"36";"12";"36";"117";"6";"186";"0"
"2023";"08";"040302";"AREQUIPA";"CARAVELI";"ACARI";"ESSALUD";"I-2";"00012195";"POSTA MEDICA ACARI";"NE_0001";"";"NE_0001";"NE_0001";"NE_0001";"NE_0001";"NE_0001";"NE_0001";"NE_0001"
"2023";"08";"010201";"AMAZONAS";"BAGUA";"BAGUA";"ESSALUD";"II-1";"00009068";"HOSPITAL I HEROES DEL CENEPA";"241800";"HOSPITALIZACIÓN DE MEDICINA MEDICINA GENERAL ";"50";"50";"151";"123";"4";"124";"0"
"2023";"08";"010201";"AMAZONAS";"BAGUA";"BAGUA";"ESSALUD";"II-1";"00009068";"HOSPITAL I HEROES DEL CENEPA";"240100";"HOSPITALIZACIÓN QUIRÚRGICA CIRUGÍA GENERAL ";"9";"9";"23";"28";"3";"93";"0"
"2023";"08";"010201";"AMAZONAS";"BAGUA";"BAGUA";"ESSALUD";"II-1";"00009068";"HOSPITAL I HEROES DEL CENEPA";"241500";"HOSPITALIZACIÓN QUIRÚRGICA GINECOLOGÍA  ";"24";"24";"58";"57";"3";"93";"0"
"2023";"08";"010201";"AMAZONAS";"BAGUA";"BAGUA";"ESSALUD";"II-1";"00009068";"HOSPITAL I HEROES DEL CENEPA";"242300";"HOSPITALIZACIÓN DE PEDIATRÍA  PEDIATRÍA  GENERAL ";"27";"27";"61";"64";"3";"93";"0"
"2023";"08";"220105";"SAN MARTIN";"MOYOBAMBA";"SORITOR";"GOBIERNO REGIONAL";"I-1";"00006333";"ALTO PERU";"NE_0001";"";"NE_0001";"NE_0001";"NE_0001";"NE_0001";"NE_0001";"NE_0001";"NE_0001"
"2023";"08";"220105";"SAN MARTIN";"MOYOBAMBA";"SORITOR";"GOBIERNO REGIONAL";"I-1";"00006335";"JERICOB";"NE_0001";"";"NE_0001";"NE_0001";"NE_0001";"NE_0001";"NE_0001";"NE_0001";"NE_0001"
"2023";"08";"220105";"SAN MARTIN";"MOYOBAMBA";"SORITOR";"GOBIERNO REGIONAL";"I-1";"00006334";"ALTO SAN MARTIN";"NE_0001";"";"NE_0001";"NE_0001";"NE_0001";"NE_0001";"NE_0001";"NE_0001";"NE_0001"
"2023";"08";"220105";"SAN MARTIN";"MOYOBAMBA";"SORITOR";"GOBIERNO REGIONAL";"I-2";"00006336";"SAN MARCOS";"NE_0001";"";"NE_0001";"NE_0001";"NE_0001";"NE_0001";"NE_0001";"NE_0001";"NE_0001"
"2023";"08";"220105";"SAN MARTIN";"MOYOBAMBA";"SORITOR";"GOBIERNO REGIONAL";"I-4";"00006332";"SORITOR";"241600";"HOSPITALIZACIÓN QUIRÚRGICA OBSTETRICIA   ";"18";"20";"29";"18";"6";"180";"0"
"2023";"08";"220105";"SAN MARTIN";"MOYOBAMBA";"SORITOR";"GOBIERNO REGIONAL";"I-4";"00006332";"SORITOR";"241800";"HOSPITALIZACIÓN DE MEDICINA MEDICINA GENERAL ";"33";"35";"82";"33";"6";"180";"0"
"2023";"08";"220103";"SAN MARTIN";"MOYOBAMBA";"HABANA";"GOBIERNO REGIONAL";"I-3";"00006327";"CENTRO DE SALUD HABANA";"NE_0001";"";"NE_0001";"NE_0001";"NE_0001";"NE_0001";"NE_0001";"NE_0001";"NE_0001"
"2023";"08";"130101";"LA LIBERTAD";"TRUJILLO";"TRUJILLO";"PRIVADO";"II-E";"00021354";"CLINICA LUZ Y VIDA";"NE_0001";"";"NE_0001";"NE_0001";"NE_0001";"NE_0001";"NE_0001";"NE_0001";"NE_0001"
"2023";"08";"200601";"PIURA";"SULLANA";"SULLANA";"ESSALUD";"I-4";"00010267";"HOSPITAL I ESSALUD-SULLANA";"241800";"HOSPITALIZACIÓN DE MEDICINA MEDICINA GENERAL ";"75";"64";"262";"296";"9";"279";"6"
"2023";"08";"200601";"PIURA";"SULLANA";"SULLANA";"ESSALUD";"I-4";"00010267";"HOSPITAL I ESSALUD-SULLANA";"242300";"HOSPITALIZACIÓN DE PEDIATRÍA  PEDIATRÍA  GENERAL ";"30";"30";"40";"40";"2";"62";"0"
"2023";"08";"200601";"PIURA";"SULLANA";"SULLANA";"ESSALUD";"I-4";"00010267";"HOSPITAL I ESSALUD-SULLANA";"241600";"HOSPITALIZACIÓN QUIRÚRGICA OBSTETRICIA   ";"3";"3";"8";"7";"1";"31";"0"
"2023";"08";"200601";"PIURA";"SULLANA";"SULLANA";"ESSALUD";"I-4";"00010267";"HOSPITAL I ESSALUD-SULLANA";"240100";"HOSPITALIZACIÓN QUIRÚRGICA CIRUGÍA GENERAL ";"14";"19";"43";"48";"2";"62";"0"
"2023";"08";"210111";"PUNO";"PUNO";"PICHACANI";"ESSALUD";"I-3";"00025342";"CAP I LARAQUERI";"NE_0001";"";"NE_0001";"NE_0001";"NE_0001";"NE_0001";"NE_0001";"NE_0001";"NE_0001"
"2023";"08";"210102";"PUNO";"PUNO";"ACORA";"ESSALUD";"I-3";"00009220";"CENTRO DE ATENCIÓN PRIMARIA II ACORA - RED ASISTENCIAL PUNO";"NE_0001";"";"NE_0001";"NE_0001";"NE_0001";"NE_0001";"NE_0001";"NE_0001";"NE_0001"
"2023";"08";"150110";"LIMA";"LIMA";"COMAS";"PRIVADO";"I-2";"00013834";"ARIE";"NE_0002";"";"NE_0002";"NE_0002";"NE_0002";"NE_0002";"NE_0002";"NE_0002";"NE_0002"
"2023";"08";"070106";"CALLAO";"CALLAO";"VENTANILLA";"GOBIERNO REGIONAL";"I-2";"00006267";"PUESTO DE SALUD CIUDAD PACHACUTEC";"NE_0001";"";"NE_0001";"NE_0001";"NE_0001";"NE_0001";"NE_0001";"NE_0001";"NE_0001"
"2023";"08";"070106";"CALLAO";"CALLAO";"VENTANILLA";"GOBIERNO REGIONAL";"I-2";"00006266";"PUESTO DE SALUD 3 DE FEBRERO";"NE_0001";"";"NE_0001";"NE_0001";"NE_0001";"NE_0001";"NE_0001";"NE_0001";"NE_0001"
"2023";"08";"070106";"CALLAO";"CALLAO";"VENTANILLA";"GOBIERNO REGIONAL";"I-2";"00006264";"PUESTO DE SALUD BAHÍA BLANCA";"NE_0001";"";"NE_0001";"NE_0001";"NE_0001";"NE_0001";"NE_0001";"NE_0001";"NE_0001"
"2023";"08";"070106";"CALLAO";"CALLAO";"VENTANILLA";"GOBIERNO REGIONAL";"I-4";"00007314";"C.S. MATERNO INFANTIL PACHACUTEC  PERU-COREA";"241800";"HOSPITALIZACIÓN DE MEDICINA MEDICINA GENERAL ";"10";"21";"22";"90";"12";"360";"0"
"2023";"04";"060501";"CAJAMARCA";"CONTUMAZA";"CONTUMAZA";"ESSALUD";"I-2";"00010276";"POSTA MEDICA ESSALUD CONTUMAZA";"NE_0001";"";"NE_0001";"NE_0001";"NE_0001";"NE_0001";"NE_0001";"NE_0001";"NE_0001"
"2023";"06";"110501";"ICA";"PISCO";"PISCO";"PRIVADO";"0";"00024336";"CENTRO DE MEDICINA FISICA Y REHABILITACION";"NE_0001";"";"NE_0001";"NE_0001";"NE_0001";"NE_0001";"NE_0001";"NE_0001";"NE_0001"
"2023";"06";"050204";"AYACUCHO";"CANGALLO";"MARIA PARADO DE BELLIDO";"GOBIERNO REGIONAL";"I-1";"00007303";"PUESTO DE SALUD ÑUÑUNHUAYCCO";"NE_0001";"";"NE_0001";"NE_0001";"NE_0001";"NE_0001";"NE_0001";"NE_0001";"NE_0001"
"2023";"06";"050203";"AYACUCHO";"CANGALLO";"LOS MOROCHUCOS";"GOBIERNO REGIONAL";"I-1";"00017085";"PUESTO DE SALUD HUALLCHANCCA";"NE_0001";"";"NE_0001";"NE_0001";"NE_0001";"NE_0001";"NE_0001";"NE_0001";"NE_0001"
"2023";"06";"051002";"AYACUCHO";"VICTOR FAJARDO";"ALCAMENCA";"GOBIERNO REGIONAL";"I-1";"00003499";"PUESTO DE SALUD HUAMBO";"NE_0001";"";"NE_0001";"NE_0001";"NE_0001";"NE_0001";"NE_0001";"NE_0001";"NE_0001"
"2023";"06";"150801";"LIMA";"HUAURA";"HUACHO";"PRIVADO";"II-1";"00010883";"CLINICA SAN PEDRO";"240100";"HOSPITALIZACIÓN QUIRÚRGICA CIRUGÍA GENERAL ";"27";"25";"32";"27";"2";"60";"0"
"2023";"06";"150801";"LIMA";"HUAURA";"HUACHO";"PRIVADO";"II-1";"00010883";"CLINICA SAN PEDRO";"241500";"HOSPITALIZACIÓN QUIRÚRGICA GINECOLOGÍA  ";"26";"24";"22";"22";"4";"120";"0"
"2023";"06";"150801";"LIMA";"HUAURA";"HUACHO";"PRIVADO";"II-1";"00010883";"CLINICA SAN PEDRO";"241900";"HOSPITALIZACIÓN DE MEDICINA MEDICINA INTERNA ";"4";"4";"6";"4";"5";"150";"0"
"2023";"06";"150801";"LIMA";"HUAURA";"HUACHO";"PRIVADO";"II-1";"00010883";"CLINICA SAN PEDRO";"241200";"HOSPITALIZACIÓN QUIRÚRGICA TRAUMATOLOGÍA Y ORTOPEDIA ";"38";"39";"27";"26";"2";"60";"0"
"2023";"06";"150801";"LIMA";"HUAURA";"HUACHO";"PRIVADO";"II-1";"00010883";"CLINICA SAN PEDRO";"241300";"HOSPITALIZACIÓN QUIRÚRGICA UROLOGÍA  ";"1";"1";"3";"1";"1";"30";"0"
"2023";"06";"150801";"LIMA";"HUAURA";"HUACHO";"PRIVADO";"II-1";"00010883";"CLINICA SAN PEDRO";"242500";"HOSPITALIZACIÓN-PEDIATRÍA GENERAL-";"1";"1";"1";"1";"1";"30";"0"
"2023";"06";"150801";"LIMA";"HUAURA";"HUACHO";"PRIVADO";"II-1";"00010883";"CLINICA SAN PEDRO";"240400";"HOSPITALIZACIÓN QUIRÚRGICA CIRUGÍA DE TÓRAX Y CARDIOVASCULAR ";"3";"3";"1";"3";"1";"30";"0"
"2023";"06";"200601";"PIURA";"SULLANA";"SULLANA";"PRIVADO";"II-1";"00016148";"CLINICA OLGUIN";"240100";"HOSPITALIZACIÓN QUIRÚRGICA CIRUGÍA GENERAL ";"113";"125";"169";"192";"14";"422";"0"
"2023";"06";"200601";"PIURA";"SULLANA";"SULLANA";"PRIVADO";"II-1";"00016148";"CLINICA OLGUIN";"241400";"HOSPITALIZACIÓN QUIRÚRGICA GINECO - OBSTETRICIA ";"170";"180";"219";"185";"14";"420";"0"
"2023";"06";"110201";"ICA";"CHINCHA";"CHINCHA ALTA";"PRIVADO";"II-E";"00025160";"CLIN. DANIEL A. CARRION";"NE_0001";"";"NE_0001";"NE_0001";"NE_0001";"NE_0001";"NE_0001";"NE_0001";"NE_0001"
"2023";"06";"040109";"AREQUIPA";"AREQUIPA";"MARIANO MELGAR";"GOBIERNO REGIONAL";"I-2";"00001309";"PUESTO DE SALUD JERUSALEN";"NE_0001";"";"NE_0001";"NE_0001";"NE_0001";"NE_0001";"NE_0001";"NE_0001";"NE_0001"
"2023";"06";"040109";"AREQUIPA";"AREQUIPA";"MARIANO MELGAR";"GOBIERNO REGIONAL";"I-2";"00007722";"PUESTO DE SALUD EL MIRADOR";"NE_0001";"";"NE_0001";"NE_0001";"NE_0001";"NE_0001";"NE_0001";"NE_0001";"NE_0001"
"2023";"06";"040109";"AREQUIPA";"AREQUIPA";"MARIANO MELGAR";"GOBIERNO REGIONAL";"I-3";"00001295";"CENTRO DE SALUD GENERALISIMO SAN MARTIN";"NE_0001";"";"NE_0001";"NE_0001";"NE_0001";"NE_0001";"NE_0001";"NE_0001";"NE_0001"
"2023";"06";"120204";"JUNIN";"CONCEPCION";"CHAMBARA";"GOBIERNO REGIONAL";"I-1";"00000638";"SAN BLAS";"NE_0002";"";"NE_0002";"NE_0002";"NE_0002";"NE_0002";"NE_0002";"NE_0002";"NE_0002"
"2023";"06";"120904";"JUNIN";"CHUPACA";"HUACHAC";"GOBIERNO REGIONAL";"I-1";"00000654";"ANTAPAMPA";"NE_0002";"";"NE_0002";"NE_0002";"NE_0002";"NE_0002";"NE_0002";"NE_0002";"NE_0002"
"2023";"06";"120204";"JUNIN";"CONCEPCION";"CHAMBARA";"GOBIERNO REGIONAL";"I-1";"00000637";"STA. ROSA DE TISTES";"NE_0002";"";"NE_0002";"NE_0002";"NE_0002";"NE_0002";"NE_0002";"NE_0002";"NE_0002"
"2023";"06";"120204";"JUNIN";"CONCEPCION";"CHAMBARA";"GOBIERNO REGIONAL";"I-2";"00000636";"CHAMBARA";"NE_0002";"";"NE_0002";"NE_0002";"NE_0002";"NE_0002";"NE_0002";"NE_0002";"NE_0002"
"2023";"06";"120208";"JUNIN";"CONCEPCION";"MANZANARES";"GOBIERNO REGIONAL";"I-1";"00000640";"MANZANARES";"NE_0002";"";"NE_0002";"NE_0002";"NE_0002";"NE_0002";"NE_0002";"NE_0002";"NE_0002"
"2023";"06";"120204";"JUNIN";"CONCEPCION";"CHAMBARA";"GOBIERNO REGIONAL";"I-1";"00000639";"ANGASMAYO";"NE_0002";"";"NE_0002";"NE_0002";"NE_0002";"NE_0002";"NE_0002";"NE_0002";"NE_0002"
"2023";"06";"120904";"JUNIN";"CHUPACA";"HUACHAC";"GOBIERNO REGIONAL";"I-1";"00000653";"MARCATUNA";"NE_0002";"";"NE_0002";"NE_0002";"NE_0002";"NE_0002";"NE_0002";"NE_0002";"NE_0002"
"2023";"06";"120904";"JUNIN";"CHUPACA";"HUACHAC";"GOBIERNO REGIONAL";"I-3";"00000651";"HUACHAC";"NE_0002";"";"NE_0002";"NE_0002";"NE_0002";"NE_0002";"NE_0002";"NE_0002";"NE_0002"
"2023";"06";"120904";"JUNIN";"CHUPACA";"HUACHAC";"GOBIERNO REGIONAL";"I-1";"00000652";"HUAYAO";"NE_0002";"";"NE_0002";"NE_0002";"NE_0002";"NE_0002";"NE_0002";"NE_0002";"NE_0002"
"2023";"03";"060109";"CAJAMARCA";"CAJAMARCA";"MAGDALENA";"GOBIERNO REGIONAL";"I-1";"00016886";"SAN CRISTOBAL";"NE_0001";"";"NE_0001";"NE_0001";"NE_0001";"NE_0001";"NE_0001";"NE_0001";"NE_0001"
"2023";"03";"060101";"CAJAMARCA";"CAJAMARCA";"CAJAMARCA";"GOBIERNO REGIONAL";"I-2";"00015496";"CHONTAPACCHA";"NE_0002";"";"NE_0002";"NE_0002";"NE_0002";"NE_0002";"NE_0002";"NE_0002";"NE_0002"
"2023";"03";"060101";"CAJAMARCA";"CAJAMARCA";"CAJAMARCA";"GOBIERNO REGIONAL";"I-3";"00004657";"PACHACUTEC";"NE_0001";"";"NE_0001";"NE_0001";"NE_0001";"NE_0001";"NE_0001";"NE_0001";"NE_0001"
"2023";"03";"060101";"CAJAMARCA";"CAJAMARCA";"CAJAMARCA";"GOBIERNO REGIONAL";"I-1";"00004656";"ATAHUALPA";"NE_0001";"";"NE_0001";"NE_0001";"NE_0001";"NE_0001";"NE_0001";"NE_0001";"NE_0001"
"2023";"03";"060101";"CAJAMARCA";"CAJAMARCA";"CAJAMARCA";"GOBIERNO REGIONAL";"I-1";"00004654";"SAMANACRUZ";"NE_0001";"";"NE_0001";"NE_0001";"NE_0001";"NE_0001";"NE_0001";"NE_0001";"NE_0001"
"2023";"03";"060103";"CAJAMARCA";"CAJAMARCA";"CHETILLA";"GOBIERNO REGIONAL";"I-2";"00004653";"CHETILLA";"NE_0001";"";"NE_0001";"NE_0001";"NE_0001";"NE_0001";"NE_0001";"NE_0001";"NE_0001"
"2023";"03";"060101";"CAJAMARCA";"CAJAMARCA";"CAJAMARCA";"GOBIERNO REGIONAL";"I-1";"00004652";"LUCMACUCHO";"NE_0001";"";"NE_0001";"NE_0001";"NE_0001";"NE_0001";"NE_0001";"NE_0001";"NE_0001"
"2023";"03";"060109";"CAJAMARCA";"CAJAMARCA";"MAGDALENA";"GOBIERNO REGIONAL";"I-1";"00004631";"CUMBICO";"NE_0002";"";"NE_0002";"NE_0002";"NE_0002";"NE_0002";"NE_0002";"NE_0002";"NE_0002"
"2023";"07";"150113";"LIMA";"LIMA";"JESUS MARIA";"PRIVADO";"II-E";"00015716";"CLÍNICA VISTA";"NE_0001";"";"NE_0001";"NE_0001";"NE_0001";"NE_0001";"NE_0001";"NE_0001";"NE_0001"
"2023";"05";"150121";"LIMA";"LIMA";"PUEBLO LIBRE";"PRIVADO";"II-1";"00010831";"centro Especializado en Odontoestomatología";"NE_0001";"";"NE_0001";"NE_0001";"NE_0001";"NE_0001";"NE_0001";"NE_0001";"NE_0001"
"2023";"07";"150121";"LIMA";"LIMA";"PUEBLO LIBRE";"PRIVADO";"II-1";"00010831";"centro Especializado en Odontoestomatología";"NE_0001";"";"NE_0001";"NE_0001";"NE_0001";"NE_0001";"NE_0001";"NE_0001";"NE_0001"
"2023";"07";"010701";"AMAZONAS";"UTCUBAMBA";"BAGUA GRANDE";"ESSALUD";"II-1";"00009067";"HOSPITAL EL BUEN SAMARITANO";"241800";"HOSPITALIZACIÓN DE MEDICINA MEDICINA GENERAL ";"26";"25";"101";"99";"6";"186";"0"
"2023";"07";"010701";"AMAZONAS";"UTCUBAMBA";"BAGUA GRANDE";"ESSALUD";"II-1";"00009067";"HOSPITAL EL BUEN SAMARITANO";"240100";"HOSPITALIZACIÓN QUIRÚRGICA CIRUGÍA GENERAL ";"21";"20";"72";"91";"3";"93";"0"
"2023";"07";"010701";"AMAZONAS";"UTCUBAMBA";"BAGUA GRANDE";"ESSALUD";"II-1";"00009067";"HOSPITAL EL BUEN SAMARITANO";"241500";"HOSPITALIZACIÓN QUIRÚRGICA GINECOLOGÍA  ";"35";"40";"117";"103";"4";"124";"0"
"2023";"07";"010701";"AMAZONAS";"UTCUBAMBA";"BAGUA GRANDE";"ESSALUD";"II-1";"00009067";"HOSPITAL EL BUEN SAMARITANO";"242300";"HOSPITALIZACIÓN DE PEDIATRÍA  PEDIATRÍA  GENERAL ";"30";"33";"78";"74";"3";"93";"0"
"2023";"07";"150119";"LIMA";"LIMA";"LURIN";"ESSALUD";"I-3";"00009979";"CENTRO DE ATENCION PRIMARIA II LURIN";"NE_0001";"";"NE_0001";"NE_0001";"NE_0001";"NE_0001";"NE_0001";"NE_0001";"NE_0001"
"2023";"07";"120417";"JUNIN";"JAUJA";"MASMA CHICCHE";"GOBIERNO REGIONAL";"I-1";"00000395";"MASMA CHICCHE";"NE_0001";"";"NE_0001";"NE_0001";"NE_0001";"NE_0001";"NE_0001";"NE_0001";"NE_0001"
"2023";"07";"120418";"JUNIN";"JAUJA";"MOLINOS";"GOBIERNO REGIONAL";"I-2";"00000397";"MOLINOS";"NE_0001";"";"NE_0001";"NE_0001";"NE_0001";"NE_0001";"NE_0001";"NE_0001";"NE_0001"
"2023";"07";"120412";"JUNIN";"JAUJA";"JULCAN";"GOBIERNO REGIONAL";"I-2";"00000393";"JULCAN";"NE_0001";"";"NE_0001";"NE_0001";"NE_0001";"NE_0001";"NE_0001";"NE_0001";"NE_0001"
"2023";"07";"120418";"JUNIN";"JAUJA";"MOLINOS";"GOBIERNO REGIONAL";"I-1";"00000398";"QUERO";"NE_0001";"";"NE_0001";"NE_0001";"NE_0001";"NE_0001";"NE_0001";"NE_0001";"NE_0001"
"2023";"07";"120418";"JUNIN";"JAUJA";"MOLINOS";"GOBIERNO REGIONAL";"I-2";"00000399";"CURIMARCA";"NE_0001";"";"NE_0001";"NE_0001";"NE_0001";"NE_0001";"NE_0001";"NE_0001";"NE_0001"
"2023";"07";"150113";"LIMA";"LIMA";"JESUS MARIA";"PRIVADO";"II-E";"00014181";"CLINICA SERVISALUD";"240000";"HOSPITALIZACIÓN";"66";"68";"98";"96";"9";"279";"0"
"2023";"07";"021801";"ANCASH";"SANTA";"CHIMBOTE";"PRIVADO";"II-1";"00016551";"CLINICA JUAN PABLO II";"240000";"HOSPITALIZACIÓN";"4";"3";"14";"4";"18";"558";"0"
"2023";"07";"080906";"CUSCO";"LA CONVENCION";"QUELLOUNO";"GOBIERNO REGIONAL";"I-1";"00008908";"CHIRUMBIA";"NE_0001";"";"NE_0001";"NE_0001";"NE_0001";"NE_0001";"NE_0001";"NE_0001";"NE_0001"
"2023";"08";"150135";"LIMA";"LIMA";"SAN MARTIN DE PORRES";"PRIVADO";"II-1";"00011241";"CLINICA SAN VICENTE S.A.";"240000";"HOSPITALIZACIÓN";"5";"10";"40";"50";"22";"682";"0"
"2023";"08";"030201";"APURIMAC";"ANDAHUAYLAS";"ANDAHUAYLAS";"PRIVADO";"I-3";"00021664";"ADMEDICAL CENTRO MEDICO";"NE_0001";"";"NE_0001";"NE_0001";"NE_0001";"NE_0001";"NE_0001";"NE_0001";"NE_0001"
"2023";"08";"150101";"LIMA";"LIMA";"LIMA";"PRIVADO";"II-2";"00015610";"Clínica Internacional - Sede Lima";"240000";"HOSPITALIZACIÓN";"581";"591";"2694";"2018";"83";"2573";"0"
"2023";"08";"040108";"AREQUIPA";"AREQUIPA";"LA JOYA";"GOBIERNO REGIONAL";"I-3";"00001322";"LA JOYA";"NE_0001";"";"NE_0001";"NE_0001";"NE_0001";"NE_0001";"NE_0001";"NE_0001";"NE_0001"
"2023";"08";"040108";"AREQUIPA";"AREQUIPA";"LA JOYA";"GOBIERNO REGIONAL";"I-1";"00001327";"PUESTO DE SALUD CERRITO BUENA VISTA";"NE_0001";"";"NE_0001";"NE_0001";"NE_0001";"NE_0001";"NE_0001";"NE_0001";"NE_0001"
"2023";"08";"040108";"AREQUIPA";"AREQUIPA";"LA JOYA";"GOBIERNO REGIONAL";"I-3";"00001330";"CENTRO DE SALUD EL CRUCE - TRIUNFO";"NE_0001";"";"NE_0001";"NE_0001";"NE_0001";"NE_0001";"NE_0001";"NE_0001";"NE_0001"
"2023";"08";"040108";"AREQUIPA";"AREQUIPA";"LA JOYA";"GOBIERNO REGIONAL";"I-1";"00001328";"PUESTO DE SALUD LOS MEDANOS";"NE_0001";"";"NE_0001";"NE_0001";"NE_0001";"NE_0001";"NE_0001";"NE_0001";"NE_0001"
"2023";"08";"040108";"AREQUIPA";"AREQUIPA";"LA JOYA";"GOBIERNO REGIONAL";"I-1";"00001329";"PUESTO DE SALUD BENITO LAZO";"NE_0001";"";"NE_0001";"NE_0001";"NE_0001";"NE_0001";"NE_0001";"NE_0001";"NE_0001"
"2023";"08";"220605";"SAN MARTIN";"MARISCAL CACERES";"PAJARILLO";"GOBIERNO REGIONAL";"I-1";"00006783";"SOLEDAD";"NE_0001";"";"NE_0001";"NE_0001";"NE_0001";"NE_0001";"NE_0001";"NE_0001";"NE_0001"
"2023";"08";"220605";"SAN MARTIN";"MARISCAL CACERES";"PAJARILLO";"GOBIERNO REGIONAL";"I-1";"00006564";"DOS UNIDOS";"NE_0001";"";"NE_0001";"NE_0001";"NE_0001";"NE_0001";"NE_0001";"NE_0001";"NE_0001"
"2023";"08";"220602";"SAN MARTIN";"MARISCAL CACERES";"CAMPANILLA";"GOBIERNO REGIONAL";"I-1";"00006566";"CUÑUMBUZA";"NE_0001";"";"NE_0001";"NE_0001";"NE_0001";"NE_0001";"NE_0001";"NE_0001";"NE_0001"
"2023";"08";"220202";"SAN MARTIN";"BELLAVISTA";"ALTO BIAVO";"GOBIERNO REGIONAL";"I-1";"00006714";"CENTRO AMERICA";"NE_0001";"";"NE_0001";"NE_0001";"NE_0001";"NE_0001";"NE_0001";"NE_0001";"NE_0001"
"2023";"08";"220605";"SAN MARTIN";"MARISCAL CACERES";"PAJARILLO";"GOBIERNO REGIONAL";"I-1";"00006563";"COSTA RICA";"NE_0001";"";"NE_0001";"NE_0001";"NE_0001";"NE_0001";"NE_0001";"NE_0001";"NE_0001"
"2023";"08";"220204";"SAN MARTIN";"BELLAVISTA";"HUALLAGA";"GOBIERNO REGIONAL";"I-1";"00006565";"AUCARARCA";"NE_0001";"";"NE_0001";"NE_0001";"NE_0001";"NE_0001";"NE_0001";"NE_0001";"NE_0001"
"2023";"08";"150122";"LIMA";"LIMA";"MIRAFLORES";"ESSALUD";"I-3";"00009148";"POLICLINICO SANTA CRUZ";"NE_0001";"";"NE_0001";"NE_0001";"NE_0001";"NE_0001";"NE_0001";"NE_0001";"NE_0001"
"2023";"08";"150201";"LIMA";"BARRANCA";"BARRANCA";"GOBIERNO REGIONAL";"II-2";"00007635";"HOSPITAL DE BARRANCA";"240100";"HOSPITALIZACIÓN QUIRÚRGICA CIRUGÍA GENERAL ";"61";"66";"203";"342";"12";"372";"0"
"2023";"08";"150201";"LIMA";"BARRANCA";"BARRANCA";"GOBIERNO REGIONAL";"II-2";"00007635";"HOSPITAL DE BARRANCA";"241200";"HOSPITALIZACIÓN QUIRÚRGICA TRAUMATOLOGÍA Y ORTOPEDIA ";"12";"18";"118";"12";"8";"248";"0"
"2023";"08";"150201";"LIMA";"BARRANCA";"BARRANCA";"GOBIERNO REGIONAL";"II-2";"00007635";"HOSPITAL DE BARRANCA";"241300";"HOSPITALIZACIÓN QUIRÚRGICA UROLOGÍA  ";"4";"4";"14";"7";"3";"93";"0"
"2023";"08";"150201";"LIMA";"BARRANCA";"BARRANCA";"GOBIERNO REGIONAL";"II-2";"00007635";"HOSPITAL DE BARRANCA";"241500";"HOSPITALIZACIÓN QUIRÚRGICA GINECOLOGÍA  ";"101";"115";"322";"190";"16";"496";"0"
"2023";"08";"150201";"LIMA";"BARRANCA";"BARRANCA";"GOBIERNO REGIONAL";"II-2";"00007635";"HOSPITAL DE BARRANCA";"241600";"HOSPITALIZACIÓN QUIRÚRGICA OBSTETRICIA   ";"51";"52";"70";"196";"15";"465";"0"
"2023";"08";"150201";"LIMA";"BARRANCA";"BARRANCA";"GOBIERNO REGIONAL";"II-2";"00007635";"HOSPITAL DE BARRANCA";"241800";"HOSPITALIZACIÓN DE MEDICINA MEDICINA GENERAL ";"54";"72";"569";"376";"25";"775";"5"
"2023";"08";"150201";"LIMA";"BARRANCA";"BARRANCA";"GOBIERNO REGIONAL";"II-2";"00007635";"HOSPITAL DE BARRANCA";"242500";"HOSPITALIZACIÓN-PEDIATRÍA GENERAL-";"75";"88";"342";"237";"20";"620";"0"
"2023";"08";"150201";"LIMA";"BARRANCA";"BARRANCA";"GOBIERNO REGIONAL";"II-2";"00007635";"HOSPITAL DE BARRANCA";"243200";"HOSPITALIZACIÓN DE PEDIATRÍA PEDIATRIA NEONATOLOGÍA";"84";"86";"130";"167";"22";"682";"0"
"2023";"08";"150201";"LIMA";"BARRANCA";"BARRANCA";"GOBIERNO REGIONAL";"II-2";"00007635";"HOSPITAL DE BARRANCA";"250103";"UNIDAD DE CUIDADOS CRITICOS UNIDAD  DE CUIDADOS INTENSIVOS GENERALES  (UCI) MEDICINA";"0";"1";"18";"21";"4";"124";"0"
"2023";"09";"130203";"LA LIBERTAD";"ASCOPE";"CHOCOPE";"ESSALUD";"II-2";"00009037";"HOSPITAL II CHOCOPE";"241900";"HOSPITALIZACIÓN DE MEDICINA MEDICINA INTERNA ";"121";"124";"823";"777";"28";"840";"9"
"2023";"09";"130203";"LA LIBERTAD";"ASCOPE";"CHOCOPE";"ESSALUD";"II-2";"00009037";"HOSPITAL II CHOCOPE";"240100";"HOSPITALIZACIÓN QUIRÚRGICA CIRUGÍA GENERAL ";"107";"114";"436";"436";"16";"480";"0"
"2023";"08";"110201";"ICA";"CHINCHA";"CHINCHA ALTA";"PRIVADO";"I-3";"00011272";"DANIEL A. CARRION EIRL";"NE_0001";"";"NE_0001";"NE_0001";"NE_0001";"NE_0001";"NE_0001";"NE_0001";"NE_0001"
"2023";"08";"120129";"JUNIN";"HUANCAYO";"SAN AGUSTIN";"GOBIERNO REGIONAL";"I-3";"00000722";"SAN AGUSTIN DE CAJAS";"NE_0002";"";"NE_0002";"NE_0002";"NE_0002";"NE_0002";"NE_0002";"NE_0002";"NE_0002"
"2023";"08";"120129";"JUNIN";"HUANCAYO";"SAN AGUSTIN";"GOBIERNO REGIONAL";"I-1";"00000723";"COILLOR";"NE_0002";"";"NE_0002";"NE_0002";"NE_0002";"NE_0002";"NE_0002";"NE_0002";"NE_0002"
"2023";"08";"120132";"JUNIN";"HUANCAYO";"SAÑO";"GOBIERNO REGIONAL";"I-2";"00000725";"SAN PEDRO DE SAÑO";"NE_0002";"";"NE_0002";"NE_0002";"NE_0002";"NE_0002";"NE_0002";"NE_0002";"NE_0002"
"2023";"08";"120130";"JUNIN";"HUANCAYO";"SAN JERONIMO DE TUNAN";"GOBIERNO REGIONAL";"I-3";"00000724";"SAN JERONIMO";"NE_0002";"";"NE_0002";"NE_0002";"NE_0002";"NE_0002";"NE_0002";"NE_0002";"NE_0002"
"2023";"08";"120114";"JUNIN";"HUANCAYO";"EL TAMBO";"GOBIERNO REGIONAL";"I-1";"00018190";"1RO DE MAYO";"NE_0002";"";"NE_0002";"NE_0002";"NE_0002";"NE_0002";"NE_0002";"NE_0002";"NE_0002"
"2023";"08";"120114";"JUNIN";"HUANCAYO";"EL TAMBO";"GOBIERNO REGIONAL";"I-1";"00000711";"SAÑOS CHICO";"NE_0002";"";"NE_0002";"NE_0002";"NE_0002";"NE_0002";"NE_0002";"NE_0002";"NE_0002"
"2023";"08";"120128";"JUNIN";"HUANCAYO";"QUILCAS";"GOBIERNO REGIONAL";"I-2";"00000720";"QUILCAS";"NE_0002";"";"NE_0002";"NE_0002";"NE_0002";"NE_0002";"NE_0002";"NE_0002";"NE_0002"
"2023";"08";"120114";"JUNIN";"HUANCAYO";"EL TAMBO";"GOBIERNO REGIONAL";"I-2";"00000735";"COCHAS CHICO";"NE_0002";"";"NE_0002";"NE_0002";"NE_0002";"NE_0002";"NE_0002";"NE_0002";"NE_0002"
"2023";"08";"120114";"JUNIN";"HUANCAYO";"EL TAMBO";"GOBIERNO REGIONAL";"I-1";"00000708";"PACCHA";"NE_0002";"";"NE_0002";"NE_0002";"NE_0002";"NE_0002";"NE_0002";"NE_0002";"NE_0002"
"2023";"08";"150117";"LIMA";"LIMA";"LOS OLIVOS";"PRIVADO";"II-E";"00018307";"CLINICA MARIA SRL";"240100";"HOSPITALIZACIÓN QUIRÚRGICA CIRUGÍA GENERAL ";"29";"29";"30";"30";"8";"210";"0"
"2023";"08";"150120";"LIMA";"LIMA";"MAGDALENA DEL MAR";"PRIVADO";"II-E";"00017703";"OPRECE";"NE_0001";"";"NE_0001";"NE_0001";"NE_0001";"NE_0001";"NE_0001";"NE_0001";"NE_0001"
"2023";"08";"070106";"CALLAO";"CALLAO";"VENTANILLA";"GOBIERNO REGIONAL";"II-1";"00007126";"HOSPITAL DE VENTANILLA";"240100";"HOSPITALIZACIÓN QUIRÚRGICA CIRUGÍA GENERAL ";"56";"64";"230";"231";"17";"527";"0"
"2023";"08";"070106";"CALLAO";"CALLAO";"VENTANILLA";"GOBIERNO REGIONAL";"II-1";"00007126";"HOSPITAL DE VENTANILLA";"241500";"HOSPITALIZACIÓN QUIRÚRGICA GINECOLOGÍA  ";"8";"8";"15";"21";"3";"93";"0"
"2023";"08";"070106";"CALLAO";"CALLAO";"VENTANILLA";"GOBIERNO REGIONAL";"II-1";"00007126";"HOSPITAL DE VENTANILLA";"241600";"HOSPITALIZACIÓN QUIRÚRGICA OBSTETRICIA   ";"162";"173";"309";"275";"18";"558";"0"
"2023";"08";"070106";"CALLAO";"CALLAO";"VENTANILLA";"GOBIERNO REGIONAL";"II-1";"00007126";"HOSPITAL DE VENTANILLA";"241800";"HOSPITALIZACIÓN DE MEDICINA MEDICINA GENERAL ";"36";"43";"228";"305";"24";"744";"2"
"2023";"08";"070106";"CALLAO";"CALLAO";"VENTANILLA";"GOBIERNO REGIONAL";"II-1";"00007126";"HOSPITAL DE VENTANILLA";"242500";"HOSPITALIZACIÓN-PEDIATRÍA GENERAL-";"40";"47";"169";"133";"9";"279";"0"
"2023";"08";"070106";"CALLAO";"CALLAO";"VENTANILLA";"GOBIERNO REGIONAL";"II-1";"00007126";"HOSPITAL DE VENTANILLA";"243200";"HOSPITALIZACIÓN DE PEDIATRÍA PEDIATRIA NEONATOLOGÍA";"31";"33";"108";"96";"9";"279";"0"
"2023";"08";"081207";"CUSCO";"QUISPICANCHI";"HUARO";"GOBIERNO REGIONAL";"I-2";"00030708";"MENTAL COMUNITARIO HUARO";"NE_0001";"";"NE_0001";"NE_0001";"NE_0001";"NE_0001";"NE_0001";"NE_0001";"NE_0001"
"2023";"08";"220101";"SAN MARTIN";"MOYOBAMBA";"MOYOBAMBA";"GOBIERNO REGIONAL";"I-1";"00027097";"EL CONDOR";"NE_0001";"";"NE_0001";"NE_0001";"NE_0001";"NE_0001";"NE_0001";"NE_0001";"NE_0001"
"2023";"08";"081204";"CUSCO";"QUISPICANCHI";"CCARHUAYO";"GOBIERNO REGIONAL";"I-2";"00002527";"CCARHUAYO";"NE_0002";"";"NE_0002";"NE_0002";"NE_0002";"NE_0002";"NE_0002";"NE_0002";"NE_0002"
"2023";"08";"150130";"LIMA";"LIMA";"SAN BORJA";"PRIVADO";"II-E";"00018626";"OFTALMICA S.A";"NE_0001";"";"NE_0001";"NE_0001";"NE_0001";"NE_0001";"NE_0001";"NE_0001";"NE_0001"
"2023";"08";"120302";"JUNIN";"CHANCHAMAYO";"PERENE";"GOBIERNO REGIONAL";"I-2";"00000337";"MIRICHARO";"NE_0001";"";"NE_0001";"NE_0001";"NE_0001";"NE_0001";"NE_0001";"NE_0001";"NE_0001"
"2023";"08";"120302";"JUNIN";"CHANCHAMAYO";"PERENE";"GOBIERNO REGIONAL";"I-3";"00006716";"CIUDAD SATELITE";"NE_0001";"";"NE_0001";"NE_0001";"NE_0001";"NE_0001";"NE_0001";"NE_0001";"NE_0001"
"2023";"08";"120302";"JUNIN";"CHANCHAMAYO";"PERENE";"GOBIERNO REGIONAL";"I-1";"00000338";"SAN CRISTOBAL";"NE_0001";"";"NE_0001";"NE_0001";"NE_0001";"NE_0001";"NE_0001";"NE_0001";"NE_0001"
"2023";"08";"120302";"JUNIN";"CHANCHAMAYO";"PERENE";"GOBIERNO REGIONAL";"I-1";"00000339";"SAN ANTONIO ALTO PICHANAKI";"NE_0001";"";"NE_0001";"NE_0001";"NE_0001";"NE_0001";"NE_0001";"NE_0001";"NE_0001"
"2023";"08";"150122";"LIMA";"LIMA";"MIRAFLORES";"SANIDAD DE LA FUERZA AEREA DEL PERU";"III-1";"00010751";"HOSPITAL CENTRAL DE LA FUERZA AEREA DEL PERU";"240000";"HOSPITALIZACIÓN";"338";"325";"3014";"2950";"264";"5447";"14"
"2023";"08";"220301";"SAN MARTIN";"EL DORADO";"SAN JOSE DE SISA";"GOBIERNO REGIONAL";"I-1";"00006490";"HUAJA";"NE_0001";"";"NE_0001";"NE_0001";"NE_0001";"NE_0001";"NE_0001";"NE_0001";"NE_0001"
"2023";"08";"220305";"SAN MARTIN";"EL DORADO";"SHATOJA";"GOBIERNO REGIONAL";"I-1";"00006491";"AMINIO";"NE_0001";"";"NE_0001";"NE_0001";"NE_0001";"NE_0001";"NE_0001";"NE_0001";"NE_0001"
"2023";"08";"220301";"SAN MARTIN";"EL DORADO";"SAN JOSE DE SISA";"GOBIERNO REGIONAL";"I-1";"00006486";"NAUTA";"NE_0001";"";"NE_0001";"NE_0001";"NE_0001";"NE_0001";"NE_0001";"NE_0001";"NE_0001"
"2023";"08";"220301";"SAN MARTIN";"EL DORADO";"SAN JOSE DE SISA";"GOBIERNO REGIONAL";"I-4";"00006485";"HOSPITAL RURAL SAN JOSE DE SISA";"241600";"HOSPITALIZACIÓN QUIRÚRGICA OBSTETRICIA   ";"22";"24";"36";"24";"9";"279";"0"
"2023";"08";"220301";"SAN MARTIN";"EL DORADO";"SAN JOSE DE SISA";"GOBIERNO REGIONAL";"I-4";"00006485";"HOSPITAL RURAL SAN JOSE DE SISA";"241800";"HOSPITALIZACIÓN DE MEDICINA MEDICINA GENERAL ";"12";"14";"55";"14";"6";"186";"0"
"2023";"08";"021908";"ANCASH";"SIHUAS";"RAGASH";"GOBIERNO REGIONAL";"I-1";"00001796";"PUESTO DE SALUD RAGASH";"NE_0002";"";"NE_0002";"NE_0002";"NE_0002";"NE_0002";"NE_0002";"NE_0002";"NE_0002"
"2023";"08";"051003";"AYACUCHO";"VICTOR FAJARDO";"APONGO";"GOBIERNO REGIONAL";"I-1";"00003819";"APONGO";"NE_0002";"";"NE_0002";"NE_0002";"NE_0002";"NE_0002";"NE_0002";"NE_0002";"NE_0002"
"2023";"08";"051001";"AYACUCHO";"VICTOR FAJARDO";"HUANCAPI";"GOBIERNO REGIONAL";"I-4";"00003834";"CENTRO DE SALUD HUANCAPI";"241600";"HOSPITALIZACIÓN QUIRÚRGICA OBSTETRICIA   ";"4";"5";"11";"30";"4";"150";"0"
"2023";"08";"051001";"AYACUCHO";"VICTOR FAJARDO";"HUANCAPI";"GOBIERNO REGIONAL";"I-4";"00003834";"CENTRO DE SALUD HUANCAPI";"241800";"HOSPITALIZACIÓN DE MEDICINA MEDICINA GENERAL ";"8";"8";"25";"30";"4";"150";"0"
"2023";"08";"051009";"AYACUCHO";"VICTOR FAJARDO";"HUANCARAYLLA";"GOBIERNO REGIONAL";"I-1";"00003839";"PUESTO DE SALUD LLUSITA";"NE_0002";"";"NE_0002";"NE_0002";"NE_0002";"NE_0002";"NE_0002";"NE_0002";"NE_0002"
"2023";"08";"051007";"AYACUCHO";"VICTOR FAJARDO";"COLCA";"GOBIERNO REGIONAL";"I-1";"00003835";"PUESTO DE SALUD COLCA";"NE_0002";"";"NE_0002";"NE_0002";"NE_0002";"NE_0002";"NE_0002";"NE_0002";"NE_0002"
"2023";"08";"130101";"LA LIBERTAD";"TRUJILLO";"TRUJILLO";"PRIVADO";"II-1";"00012301";"CLINICA SAN ANTONIO";"242400";"HOSPITALIZACIÓN DE PEDIATRÍA ADOLESCENTES ";"6";"6";"19";"114";"59";"60";"0"
"2023";"08";"130101";"LA LIBERTAD";"TRUJILLO";"TRUJILLO";"PRIVADO";"II-1";"00012301";"CLINICA SAN ANTONIO";"241300";"HOSPITALIZACIÓN QUIRÚRGICA UROLOGÍA  ";"9";"12";"28";"256";"29";"256";"0"
"2023";"08";"130101";"LA LIBERTAD";"TRUJILLO";"TRUJILLO";"PRIVADO";"II-1";"00012301";"CLINICA SAN ANTONIO";"240400";"HOSPITALIZACIÓN QUIRÚRGICA CIRUGÍA DE TÓRAX Y CARDIOVASCULAR ";"1";"1";"1";"1";"1";"2";"0"
"2023";"08";"130101";"LA LIBERTAD";"TRUJILLO";"TRUJILLO";"PRIVADO";"II-1";"00012301";"CLINICA SAN ANTONIO";"241800";"HOSPITALIZACIÓN DE MEDICINA MEDICINA GENERAL ";"30";"35";"73";"2190";"1";"2190";"0"
"2023";"08";"130101";"LA LIBERTAD";"TRUJILLO";"TRUJILLO";"PRIVADO";"II-1";"00012301";"CLINICA SAN ANTONIO";"240000";"HOSPITALIZACIÓN";"7";"13";"10";"70";"22";"682";"0"
"2023";"08";"130101";"LA LIBERTAD";"TRUJILLO";"TRUJILLO";"PRIVADO";"II-1";"00012301";"CLINICA SAN ANTONIO";"240800";"HOSPITALIZACIÓN QUIRÚRGICA CIRUGÍA PLÁSTICA/RECONSTRUCTIVA/ REPARADORA ";"3";"1";"12";"36";"1";"36";"0"
"2023";"08";"130101";"LA LIBERTAD";"TRUJILLO";"TRUJILLO";"PRIVADO";"II-1";"00012301";"CLINICA SAN ANTONIO";"240900";"HOSPITALIZACIÓN QUIRÚRGICA NEUROCIRUGÍA ";"7";"7";"56";"392";"22";"682";"0"
"2023";"08";"130101";"LA LIBERTAD";"TRUJILLO";"TRUJILLO";"PRIVADO";"II-1";"00012301";"CLINICA SAN ANTONIO";"241200";"HOSPITALIZACIÓN QUIRÚRGICA TRAUMATOLOGÍA Y ORTOPEDIA ";"11";"9";"46";"506";"1";"506";"0"
"2023";"08";"130101";"LA LIBERTAD";"TRUJILLO";"TRUJILLO";"PRIVADO";"II-1";"00012301";"CLINICA SAN ANTONIO";"241900";"HOSPITALIZACIÓN DE MEDICINA MEDICINA INTERNA ";"1";"1";"3";"3";"1";"6";"0"
"2023";"08";"130101";"LA LIBERTAD";"TRUJILLO";"TRUJILLO";"PRIVADO";"II-1";"00012301";"CLINICA SAN ANTONIO";"244300";"HOSPITALIZACIÓN DE MEDICINA GASTROENTEROLOGÍA  ";"14";"10";"34";"476";"1";"476";"0"
"2023";"08";"130101";"LA LIBERTAD";"TRUJILLO";"TRUJILLO";"PRIVADO";"II-1";"00012301";"CLINICA SAN ANTONIO";"245400";"HOSPITALIZACIÓN DE MEDICINA GINECOLOGIA ";"2";"1";"6";"12";"1";"20";"0"
"2023";"08";"110501";"ICA";"PISCO";"PISCO";"PRIVADO";"II-1";"00027173";"FAMISALUD SAC";"241500";"HOSPITALIZACIÓN QUIRÚRGICA GINECOLOGÍA  ";"1";"1";"1";"7";"2";"62";"0"
"2023";"08";"110501";"ICA";"PISCO";"PISCO";"PRIVADO";"II-1";"00027173";"FAMISALUD SAC";"241200";"HOSPITALIZACIÓN QUIRÚRGICA TRAUMATOLOGÍA Y ORTOPEDIA ";"1";"1";"4";"7";"1";"31";"0"
"2023";"08";"110501";"ICA";"PISCO";"PISCO";"PRIVADO";"II-1";"00027173";"FAMISALUD SAC";"240100";"HOSPITALIZACIÓN QUIRÚRGICA CIRUGÍA GENERAL ";"10";"10";"15";"7";"4";"112";"0"
"2023";"08";"110501";"ICA";"PISCO";"PISCO";"PRIVADO";"II-1";"00027173";"FAMISALUD SAC";"241800";"HOSPITALIZACIÓN DE MEDICINA MEDICINA GENERAL ";"4";"4";"17";"7";"1";"31";"0"
"2023";"08";"140101";"LAMBAYEQUE";"CHICLAYO";"CHICLAYO";"ESSALUD";"III-1";"00008577";"HOSPITAL NACIONAL ALMANZOR AGUINAGA ASENJO";"244000";"HOSPITALIZACIÓN DE MEDICINA CARDIOLOGIA ";"85";"91";"698";"656";"17";"684";"1"
"2023";"08";"140101";"LAMBAYEQUE";"CHICLAYO";"CHICLAYO";"ESSALUD";"III-1";"00008577";"HOSPITAL NACIONAL ALMANZOR AGUINAGA ASENJO";"250200";"UNIDAD DE CUIDADOS CRITICOS UNIDAD DE CUIDADOS INTERMEDIOS GENERAL  (UCIN) ";"9";"6";"401";"389";"13";"403";"3"
"2023";"08";"140101";"LAMBAYEQUE";"CHICLAYO";"CHICLAYO";"ESSALUD";"III-1";"00008577";"HOSPITAL NACIONAL ALMANZOR AGUINAGA ASENJO";"240200";"HOSPITALIZACIÓN QUIRÚRGICA CIRUGÍA DE CABEZA Y CUELLO / MÁXILO FACIAL ";"20";"22";"203";"172";"5";"176";"0"
"2023";"08";"140101";"LAMBAYEQUE";"CHICLAYO";"CHICLAYO";"ESSALUD";"III-1";"00008577";"HOSPITAL NACIONAL ALMANZOR AGUINAGA ASENJO";"240400";"HOSPITALIZACIÓN QUIRÚRGICA CIRUGÍA DE TÓRAX Y CARDIOVASCULAR ";"22";"27";"184";"159";"10";"190";"0"
"2023";"08";"140101";"LAMBAYEQUE";"CHICLAYO";"CHICLAYO";"ESSALUD";"III-1";"00008577";"HOSPITAL NACIONAL ALMANZOR AGUINAGA ASENJO";"240100";"HOSPITALIZACIÓN QUIRÚRGICA CIRUGÍA GENERAL ";"87";"0";"0";"817";"30";"918";"5"
"2023";"08";"140101";"LAMBAYEQUE";"CHICLAYO";"CHICLAYO";"ESSALUD";"III-1";"00008577";"HOSPITAL NACIONAL ALMANZOR AGUINAGA ASENJO";"240700";"HOSPITALIZACIÓN QUIRÚRGICA CIRUGÍA PEDIÁTRICA ";"28";"29";"150";"189";"8";"243";"0"
"2023";"08";"140101";"LAMBAYEQUE";"CHICLAYO";"CHICLAYO";"ESSALUD";"III-1";"00008577";"HOSPITAL NACIONAL ALMANZOR AGUINAGA ASENJO";"240801";"HOSPITALIZACIÓN QUIRÚRGICA CIRUGÍA PLÁSTICA/RECONSTRUCTIVA/ REPARADORA QUEMADOS";"17";"20";"133";"124";"4";"132";"0"
"2023";"08";"140101";"LAMBAYEQUE";"CHICLAYO";"CHICLAYO";"ESSALUD";"III-1";"00008577";"HOSPITAL NACIONAL ALMANZOR AGUINAGA ASENJO";"244200";"HOSPITALIZACIÓN DE MEDICINA ENDOCRINOLOGIA ";"3";"4";"58";"53";"3";"68";"0"
"2023";"08";"140101";"LAMBAYEQUE";"CHICLAYO";"CHICLAYO";"ESSALUD";"III-1";"00008577";"HOSPITAL NACIONAL ALMANZOR AGUINAGA ASENJO";"244300";"HOSPITALIZACIÓN DE MEDICINA GASTROENTEROLOGÍA  ";"49";"53";"498";"521";"17";"529";"3"
"2023";"08";"140101";"LAMBAYEQUE";"CHICLAYO";"CHICLAYO";"ESSALUD";"III-1";"00008577";"HOSPITAL NACIONAL ALMANZOR AGUINAGA ASENJO";"244400";"HOSPITALIZACIÓN DE MEDICINA GERIATRIA ";"44";"40";"772";"620";"20";"628";"12"
"2023";"08";"140101";"LAMBAYEQUE";"CHICLAYO";"CHICLAYO";"ESSALUD";"III-1";"00008577";"HOSPITAL NACIONAL ALMANZOR AGUINAGA ASENJO";"241500";"HOSPITALIZACIÓN QUIRÚRGICA GINECOLOGÍA  ";"113";"119";"466";"352";"12";"378";"0"
"2023";"08";"140101";"LAMBAYEQUE";"CHICLAYO";"CHICLAYO";"ESSALUD";"III-1";"00008577";"HOSPITAL NACIONAL ALMANZOR AGUINAGA ASENJO";"244500";"HOSPITALIZACIÓN DE MEDICINA HEMATOLOGÍA ";"24";"23";"470";"596";"19";"624";"3"
"2023";"08";"140101";"LAMBAYEQUE";"CHICLAYO";"CHICLAYO";"ESSALUD";"III-1";"00008577";"HOSPITAL NACIONAL ALMANZOR AGUINAGA ASENJO";"241900";"HOSPITALIZACIÓN DE MEDICINA MEDICINA INTERNA ";"64";"71";"961";"936";"29";"936";"11"
"2023";"08";"140101";"LAMBAYEQUE";"CHICLAYO";"CHICLAYO";"ESSALUD";"III-1";"00008577";"HOSPITAL NACIONAL ALMANZOR AGUINAGA ASENJO";"244600";"HOSPITALIZACIÓN DE MEDICINA NEFROLOGIA ";"26";"29";"166";"172";"10";"200";"0"
"2023";"08";"140101";"LAMBAYEQUE";"CHICLAYO";"CHICLAYO";"ESSALUD";"III-1";"00008577";"HOSPITAL NACIONAL ALMANZOR AGUINAGA ASENJO";"243200";"HOSPITALIZACIÓN DE PEDIATRÍA PEDIATRIA NEONATOLOGÍA";"133";"74";"1350";"1350";"18";"1350";"6"
"2023";"08";"140101";"LAMBAYEQUE";"CHICLAYO";"CHICLAYO";"ESSALUD";"III-1";"00008577";"HOSPITAL NACIONAL ALMANZOR AGUINAGA ASENJO";"245300";"HOSPITALIZACIÓN DE MEDICINA NEUMOLOGÍA  ";"24";"23";"326";"222";"10";"302";"0"
"2023";"08";"140101";"LAMBAYEQUE";"CHICLAYO";"CHICLAYO";"ESSALUD";"III-1";"00008577";"HOSPITAL NACIONAL ALMANZOR AGUINAGA ASENJO";"240900";"HOSPITALIZACIÓN QUIRÚRGICA NEUROCIRUGÍA ";"31";"31";"480";"494";"17";"494";"0"
"2023";"08";"140101";"LAMBAYEQUE";"CHICLAYO";"CHICLAYO";"ESSALUD";"III-1";"00008577";"HOSPITAL NACIONAL ALMANZOR AGUINAGA ASENJO";"244700";"HOSPITALIZACIÓN DE MEDICINA NEUROLOGIA  ";"30";"27";"352";"392";"14";"398";"0"
"2023";"08";"140101";"LAMBAYEQUE";"CHICLAYO";"CHICLAYO";"ESSALUD";"III-1";"00008577";"HOSPITAL NACIONAL ALMANZOR AGUINAGA ASENJO";"241600";"HOSPITALIZACIÓN QUIRÚRGICA OBSTETRICIA   ";"185";"204";"1472";"687";"25";"764";"0"
"2023";"08";"140101";"LAMBAYEQUE";"CHICLAYO";"CHICLAYO";"ESSALUD";"III-1";"00008577";"HOSPITAL NACIONAL ALMANZOR AGUINAGA ASENJO";"240600";"HOSPITALIZACIÓN QUIRÚRGICA CIRUGÍA OFTALMOLÓGICA ";"1";"1";"15";"33";"2";"33";"0"
"2023";"08";"140101";"LAMBAYEQUE";"CHICLAYO";"CHICLAYO";"ESSALUD";"III-1";"00008577";"HOSPITAL NACIONAL ALMANZOR AGUINAGA ASENJO";"242100";"HOSPITALIZACIÓN DE MEDICINA ONCOLOGÍA MÉDICA ";"92";"99";"507";"388";"15";"431";"2"
"2023";"08";"140101";"LAMBAYEQUE";"CHICLAYO";"CHICLAYO";"ESSALUD";"III-1";"00008577";"HOSPITAL NACIONAL ALMANZOR AGUINAGA ASENJO";"241200";"HOSPITALIZACIÓN QUIRÚRGICA TRAUMATOLOGÍA Y ORTOPEDIA ";"118";"112";"978";"881";"30";"910";"2"
"2023";"08";"140101";"LAMBAYEQUE";"CHICLAYO";"CHICLAYO";"ESSALUD";"III-1";"00008577";"HOSPITAL NACIONAL ALMANZOR AGUINAGA ASENJO";"241100";"HOSPITALIZACIÓN QUIRÚRGICA OTORRINOLARINGOLOGÍA  ";"24";"24";"65";"64";"5";"87";"0"
"2023";"08";"140101";"LAMBAYEQUE";"CHICLAYO";"CHICLAYO";"ESSALUD";"III-1";"00008577";"HOSPITAL NACIONAL ALMANZOR AGUINAGA ASENJO";"242300";"HOSPITALIZACIÓN DE PEDIATRÍA  PEDIATRÍA  GENERAL ";"40";"47";"490";"471";"20";"622";"0"
"2023";"08";"140101";"LAMBAYEQUE";"CHICLAYO";"CHICLAYO";"ESSALUD";"III-1";"00008577";"HOSPITAL NACIONAL ALMANZOR AGUINAGA ASENJO";"242200";"HOSPITALIZACIÓN DE MEDICINA PSIQUIATRÍA ";"13";"12";"206";"331";"16";"496";"0"
"2023";"08";"140101";"LAMBAYEQUE";"CHICLAYO";"CHICLAYO";"ESSALUD";"III-1";"00008577";"HOSPITAL NACIONAL ALMANZOR AGUINAGA ASENJO";"241300";"HOSPITALIZACIÓN QUIRÚRGICA UROLOGÍA  ";"28";"31";"145";"152";"16";"368";"1"
"2023";"08";"140101";"LAMBAYEQUE";"CHICLAYO";"CHICLAYO";"ESSALUD";"III-1";"00008577";"HOSPITAL NACIONAL ALMANZOR AGUINAGA ASENJO";"250100";"UNIDAD DE CUIDADOS CRITICOS UNIDAD  DE CUIDADOS INTENSIVOS GENERALES (UCI) ";"19";"12";"226";"509";"38";"651";"11"
"2023";"08";"140101";"LAMBAYEQUE";"CHICLAYO";"CHICLAYO";"ESSALUD";"III-1";"00008577";"HOSPITAL NACIONAL ALMANZOR AGUINAGA ASENJO";"250300";"UNIDAD DE CUIDADOS CRITICOS UNIDAD DE VIGILANCIA INTENSIVA  CLINICA (UVIC) ";"4";"4";"19";"38";"4";"124";"0"
"2023";"08";"130201";"LA LIBERTAD";"ASCOPE";"ASCOPE";"GOBIERNO REGIONAL";"II-1";"00005263";"HOSPITAL PROVINCIAL ASCOPE ""ROSA SANCHEZ DE SANTILLAN""";"241400";"HOSPITALIZACIÓN QUIRÚRGICA GINECO - OBSTETRICIA ";"15";"15";"31";"62";"2";"62";"0"
"2023";"08";"130201";"LA LIBERTAD";"ASCOPE";"ASCOPE";"GOBIERNO REGIONAL";"II-1";"00005263";"HOSPITAL PROVINCIAL ASCOPE ""ROSA SANCHEZ DE SANTILLAN""";"241600";"HOSPITALIZACIÓN QUIRÚRGICA OBSTETRICIA   ";"16";"16";"17";"34";"3";"93";"0"
"2023";"08";"130201";"LA LIBERTAD";"ASCOPE";"ASCOPE";"GOBIERNO REGIONAL";"II-1";"00005263";"HOSPITAL PROVINCIAL ASCOPE ""ROSA SANCHEZ DE SANTILLAN""";"241800";"HOSPITALIZACIÓN DE MEDICINA MEDICINA GENERAL ";"12";"12";"48";"96";"15";"465";"0"
"2023";"08";"150117";"LIMA";"LIMA";"LOS OLIVOS";"PRIVADO";"II-E";"00009641";"CLINICA MUNDO SALUD SAC";"240000";"HOSPITALIZACIÓN";"79";"72";"194";"144";"12";"293";"0"
"2023";"08";"210601";"PUNO";"HUANCANE";"HUANCANE";"GOBIERNO REGIONAL";"II-1";"00003068";"HOSPITAL LUCIO ALDAZABAL PAUCA";"240100";"HOSPITALIZACIÓN QUIRÚRGICA CIRUGÍA GENERAL ";"18";"18";"54";"54";"4";"124";"2"
"2023";"08";"210601";"PUNO";"HUANCANE";"HUANCANE";"GOBIERNO REGIONAL";"II-1";"00003068";"HOSPITAL LUCIO ALDAZABAL PAUCA";"241500";"HOSPITALIZACIÓN QUIRÚRGICA GINECOLOGÍA  ";"42";"42";"107";"107";"4";"124";"0"
"2023";"08";"210601";"PUNO";"HUANCANE";"HUANCANE";"GOBIERNO REGIONAL";"II-1";"00003068";"HOSPITAL LUCIO ALDAZABAL PAUCA";"241600";"HOSPITALIZACIÓN QUIRÚRGICA OBSTETRICIA   ";"15";"15";"34";"34";"5";"155";"0"
"2023";"08";"210601";"PUNO";"HUANCANE";"HUANCANE";"GOBIERNO REGIONAL";"II-1";"00003068";"HOSPITAL LUCIO ALDAZABAL PAUCA";"241800";"HOSPITALIZACIÓN DE MEDICINA MEDICINA GENERAL ";"25";"25";"11";"22";"10";"310";"1"
"2023";"08";"210601";"PUNO";"HUANCANE";"HUANCANE";"GOBIERNO REGIONAL";"II-1";"00003068";"HOSPITAL LUCIO ALDAZABAL PAUCA";"242500";"HOSPITALIZACIÓN-PEDIATRÍA GENERAL-";"9";"9";"23";"23";"5";"155";"0"
"2023";"08";"210601";"PUNO";"HUANCANE";"HUANCANE";"GOBIERNO REGIONAL";"II-1";"00003068";"HOSPITAL LUCIO ALDAZABAL PAUCA";"243200";"HOSPITALIZACIÓN DE PEDIATRÍA PEDIATRIA NEONATOLOGÍA";"4";"4";"14";"14";"3";"93";"0"
"2023";"08";"040103";"AREQUIPA";"AREQUIPA";"CAYMA";"GOBIERNO REGIONAL";"I-2";"00001246";"DEAN VALDIVIA";"NE_0001";"";"NE_0001";"NE_0001";"NE_0001";"NE_0001";"NE_0001";"NE_0001";"NE_0001"
"2023";"07";"150121";"LIMA";"LIMA";"PUEBLO LIBRE";"PRIVADO";"II-2";"00008325";"CLINICA CENTENARIO PERUANO JAPONESA";"242300";"HOSPITALIZACIÓN DE PEDIATRÍA  PEDIATRÍA  GENERAL ";"101";"106";"337";"322";"21";"651";"0"
"2023";"07";"150121";"LIMA";"LIMA";"PUEBLO LIBRE";"PRIVADO";"II-2";"00008325";"CLINICA CENTENARIO PERUANO JAPONESA";"241900";"HOSPITALIZACIÓN DE MEDICINA MEDICINA INTERNA ";"87";"75";"336";"454";"21";"651";"3"
"2023";"07";"150121";"LIMA";"LIMA";"PUEBLO LIBRE";"PRIVADO";"II-2";"00008325";"CLINICA CENTENARIO PERUANO JAPONESA";"241900";"HOSPITALIZACIÓN DE MEDICINA MEDICINA INTERNA ";"60";"61";"358";"380";"21";"651";"5"
"2023";"07";"150121";"LIMA";"LIMA";"PUEBLO LIBRE";"PRIVADO";"II-2";"00008325";"CLINICA CENTENARIO PERUANO JAPONESA";"241600";"HOSPITALIZACIÓN QUIRÚRGICA OBSTETRICIA   ";"48";"48";"159";"136";"11";"341";"0"
"2023";"07";"150121";"LIMA";"LIMA";"PUEBLO LIBRE";"PRIVADO";"II-2";"00008325";"CLINICA CENTENARIO PERUANO JAPONESA";"241900";"HOSPITALIZACIÓN DE MEDICINA MEDICINA INTERNA ";"66";"67";"371";"404";"21";"651";"3"
"2023";"07";"150121";"LIMA";"LIMA";"PUEBLO LIBRE";"PRIVADO";"II-2";"00008325";"CLINICA CENTENARIO PERUANO JAPONESA";"240100";"HOSPITALIZACIÓN QUIRÚRGICA CIRUGÍA GENERAL ";"151";"149";"278";"267";"14";"434";"0"
"2023";"03";"120304";"JUNIN";"CHANCHAMAYO";"SAN LUIS DE SHUARO";"GOBIERNO REGIONAL";"I-1";"00000316";"SANTA HERMINIA BAJA";"NE_0001";"";"NE_0001";"NE_0001";"NE_0001";"NE_0001";"NE_0001";"NE_0001";"NE_0001"
"2023";"03";"120304";"JUNIN";"CHANCHAMAYO";"SAN LUIS DE SHUARO";"GOBIERNO REGIONAL";"I-3";"00000314";"SAN LUIS DE SHUARO";"NE_0001";"";"NE_0001";"NE_0001";"NE_0001";"NE_0001";"NE_0001";"NE_0001";"NE_0001"
"2023";"03";"120304";"JUNIN";"CHANCHAMAYO";"SAN LUIS DE SHUARO";"GOBIERNO REGIONAL";"I-3";"00000315";"SANCHIRIO PALOMAR";"NE_0001";"";"NE_0001";"NE_0001";"NE_0001";"NE_0001";"NE_0001";"NE_0001";"NE_0001"
"2023";"03";"120504";"JUNIN";"JUNIN";"ULCUMAYO";"GOBIERNO REGIONAL";"I-1";"00000317";"RAYMONDI";"NE_0001";"";"NE_0001";"NE_0001";"NE_0001";"NE_0001";"NE_0001";"NE_0001";"NE_0001"
"2023";"03";"120301";"JUNIN";"CHANCHAMAYO";"CHANCHAMAYO";"GOBIERNO REGIONAL";"I-2";"00000311";"VILLA PROGRESO";"NE_0001";"";"NE_0001";"NE_0001";"NE_0001";"NE_0001";"NE_0001";"NE_0001";"NE_0001"
"2023";"03";"120301";"JUNIN";"CHANCHAMAYO";"CHANCHAMAYO";"GOBIERNO REGIONAL";"I-1";"00000312";"PUEBLO PARDO";"NE_0001";"";"NE_0001";"NE_0001";"NE_0001";"NE_0001";"NE_0001";"NE_0001";"NE_0001"
"2023";"04";"100301";"HUANUCO";"DOS DE MAYO";"LA UNION";"ESSALUD";"I-3";"00027084";"POSTA MEDICA LA UNION";"NE_0001";"";"NE_0001";"NE_0001";"NE_0001";"NE_0001";"NE_0001";"NE_0001";"NE_0001"
"2023";"04";"010601";"AMAZONAS";"RODRIGUEZ DE MENDOZA";"SAN NICOLAS";"GOBIERNO REGIONAL";"II-1";"00004950";"MARIA AUXILIADORA";"241600";"HOSPITALIZACIÓN QUIRÚRGICA OBSTETRICIA   ";"18";"18";"28";"28";"4";"120";"0"
"2023";"04";"010601";"AMAZONAS";"RODRIGUEZ DE MENDOZA";"SAN NICOLAS";"GOBIERNO REGIONAL";"II-1";"00004950";"MARIA AUXILIADORA";"241800";"HOSPITALIZACIÓN DE MEDICINA MEDICINA GENERAL ";"18";"18";"56";"56";"11";"330";"0"
"2023";"04";"080108";"CUSCO";"CUSCO";"WANCHAQ";"ESSALUD";"III-1";"00010041";"ADOLFO GUEVARA VELASCO";"241900";"HOSPITALIZACIÓN DE MEDICINA MEDICINA INTERNA ";"10";"12";"87";"95";"4";"120";"0"
"2023";"04";"080108";"CUSCO";"CUSCO";"WANCHAQ";"ESSALUD";"III-1";"00010041";"ADOLFO GUEVARA VELASCO";"241900";"HOSPITALIZACIÓN DE MEDICINA MEDICINA INTERNA ";"34";"29";"270";"336";"12";"360";"1"
"2023";"04";"080108";"CUSCO";"CUSCO";"WANCHAQ";"ESSALUD";"III-1";"00010041";"ADOLFO GUEVARA VELASCO";"241900";"HOSPITALIZACIÓN DE MEDICINA MEDICINA INTERNA ";"11";"17";"282";"201";"7";"210";"0"
"2023";"04";"080108";"CUSCO";"CUSCO";"WANCHAQ";"ESSALUD";"III-1";"00010041";"ADOLFO GUEVARA VELASCO";"241900";"HOSPITALIZACIÓN DE MEDICINA MEDICINA INTERNA ";"10";"47";"641";"340";"12";"360";"0"
"2023";"04";"080108";"CUSCO";"CUSCO";"WANCHAQ";"ESSALUD";"III-1";"00010041";"ADOLFO GUEVARA VELASCO";"241900";"HOSPITALIZACIÓN DE MEDICINA MEDICINA INTERNA ";"3";"6";"92";"27";"2";"60";"0"
"2023";"04";"080108";"CUSCO";"CUSCO";"WANCHAQ";"ESSALUD";"III-1";"00010041";"ADOLFO GUEVARA VELASCO";"241900";"HOSPITALIZACIÓN DE MEDICINA MEDICINA INTERNA ";"1";"1";"5";"5";"5";"150";"0"
"2023";"04";"080108";"CUSCO";"CUSCO";"WANCHAQ";"ESSALUD";"III-1";"00010041";"ADOLFO GUEVARA VELASCO";"241900";"HOSPITALIZACIÓN DE MEDICINA MEDICINA INTERNA ";"8";"3";"38";"38";"2";"60";"0"
"2023";"04";"080108";"CUSCO";"CUSCO";"WANCHAQ";"ESSALUD";"III-1";"00010041";"ADOLFO GUEVARA VELASCO";"241900";"HOSPITALIZACIÓN DE MEDICINA MEDICINA INTERNA ";"112";"72";"1491";"1470";"49";"1470";"20"
"2023";"04";"080108";"CUSCO";"CUSCO";"WANCHAQ";"ESSALUD";"III-1";"00010041";"ADOLFO GUEVARA VELASCO";"241900";"HOSPITALIZACIÓN DE MEDICINA MEDICINA INTERNA ";"30";"30";"267";"297";"10";"300";"0"
"2023";"04";"080108";"CUSCO";"CUSCO";"WANCHAQ";"ESSALUD";"III-1";"00010041";"ADOLFO GUEVARA VELASCO";"241900";"HOSPITALIZACIÓN DE MEDICINA MEDICINA INTERNA ";"19";"23";"224";"234";"8";"240";"0"
"2023";"04";"080108";"CUSCO";"CUSCO";"WANCHAQ";"ESSALUD";"III-1";"00010041";"ADOLFO GUEVARA VELASCO";"242100";"HOSPITALIZACIÓN DE MEDICINA ONCOLOGÍA MÉDICA ";"82";"86";"567";"562";"24";"720";"11"
"2023";"04";"080108";"CUSCO";"CUSCO";"WANCHAQ";"ESSALUD";"III-1";"00010041";"ADOLFO GUEVARA VELASCO";"240200";"HOSPITALIZACIÓN QUIRÚRGICA CIRUGÍA DE CABEZA Y CUELLO / MÁXILO FACIAL ";"1";"1";"5";"5";"1";"30";"0"
"2023";"04";"080108";"CUSCO";"CUSCO";"WANCHAQ";"ESSALUD";"III-1";"00010041";"ADOLFO GUEVARA VELASCO";"240200";"HOSPITALIZACIÓN QUIRÚRGICA CIRUGÍA DE CABEZA Y CUELLO / MÁXILO FACIAL ";"13";"17";"155";"116";"3";"120";"0"
"2023";"04";"080108";"CUSCO";"CUSCO";"WANCHAQ";"ESSALUD";"III-1";"00010041";"ADOLFO GUEVARA VELASCO";"240400";"HOSPITALIZACIÓN QUIRÚRGICA CIRUGÍA DE TÓRAX Y CARDIOVASCULAR ";"17";"17";"140";"161";"6";"180";"0"
"2023";"04";"080108";"CUSCO";"CUSCO";"WANCHAQ";"ESSALUD";"III-1";"00010041";"ADOLFO GUEVARA VELASCO";"241000";"HOSPITALIZACIÓN QUIRÚRGICA ONCOLOGÍA QUIRÚRGICA  ";"30";"29";"102";"119";"3";"120";"0"
"2023";"04";"080108";"CUSCO";"CUSCO";"WANCHAQ";"ESSALUD";"III-1";"00010041";"ADOLFO GUEVARA VELASCO";"240100";"HOSPITALIZACIÓN QUIRÚRGICA CIRUGÍA GENERAL ";"203";"217";"810";"637";"22";"660";"1"
"2023";"04";"080108";"CUSCO";"CUSCO";"WANCHAQ";"ESSALUD";"III-1";"00010041";"ADOLFO GUEVARA VELASCO";"240800";"HOSPITALIZACIÓN QUIRÚRGICA CIRUGÍA PLÁSTICA/RECONSTRUCTIVA/ REPARADORA ";"0";"1";"31";"20";"1";"30";"0"
"2023";"04";"080108";"CUSCO";"CUSCO";"WANCHAQ";"ESSALUD";"III-1";"00010041";"ADOLFO GUEVARA VELASCO";"240900";"HOSPITALIZACIÓN QUIRÚRGICA NEUROCIRUGÍA ";"28";"30";"354";"247";"9";"270";"0"
"2023";"04";"080108";"CUSCO";"CUSCO";"WANCHAQ";"ESSALUD";"III-1";"00010041";"ADOLFO GUEVARA VELASCO";"241200";"HOSPITALIZACIÓN QUIRÚRGICA TRAUMATOLOGÍA Y ORTOPEDIA ";"96";"110";"864";"786";"27";"810";"0"
"2023";"04";"080108";"CUSCO";"CUSCO";"WANCHAQ";"ESSALUD";"III-1";"00010041";"ADOLFO GUEVARA VELASCO";"241100";"HOSPITALIZACIÓN QUIRÚRGICA OTORRINOLARINGOLOGÍA  ";"41";"45";"233";"208";"7";"210";"0"
"2023";"04";"080108";"CUSCO";"CUSCO";"WANCHAQ";"ESSALUD";"III-1";"00010041";"ADOLFO GUEVARA VELASCO";"241300";"HOSPITALIZACIÓN QUIRÚRGICA UROLOGÍA  ";"52";"54";"369";"318";"17";"510";"0"
"2023";"04";"080108";"CUSCO";"CUSCO";"WANCHAQ";"ESSALUD";"III-1";"00010041";"ADOLFO GUEVARA VELASCO";"241500";"HOSPITALIZACIÓN QUIRÚRGICA GINECOLOGÍA  ";"100";"101";"329";"349";"16";"480";"0"
"2023";"04";"080108";"CUSCO";"CUSCO";"WANCHAQ";"ESSALUD";"III-1";"00010041";"ADOLFO GUEVARA VELASCO";"241600";"HOSPITALIZACIÓN QUIRÚRGICA OBSTETRICIA   ";"247";"267";"723";"731";"30";"900";"0"
"2023";"04";"080108";"CUSCO";"CUSCO";"WANCHAQ";"ESSALUD";"III-1";"00010041";"ADOLFO GUEVARA VELASCO";"242300";"HOSPITALIZACIÓN DE PEDIATRÍA  PEDIATRÍA  GENERAL ";"72";"75";"436";"368";"18";"540";"0"
"2023";"04";"080108";"CUSCO";"CUSCO";"WANCHAQ";"ESSALUD";"III-1";"00010041";"ADOLFO GUEVARA VELASCO";"240700";"HOSPITALIZACIÓN QUIRÚRGICA CIRUGÍA PEDIÁTRICA ";"17";"18";"89";"85";"11";"330";"0"
"2023";"04";"080108";"CUSCO";"CUSCO";"WANCHAQ";"ESSALUD";"III-1";"00010041";"ADOLFO GUEVARA VELASCO";"250100";"UNIDAD DE CUIDADOS CRITICOS UNIDAD  DE CUIDADOS INTENSIVOS GENERALES (UCI) ";"24";"4";"58";"357";"12";"360";"1"
"2023";"04";"080108";"CUSCO";"CUSCO";"WANCHAQ";"ESSALUD";"III-1";"00010041";"ADOLFO GUEVARA VELASCO";"250108";"UNIDAD DE CUIDADOS CRITICOS UNIDAD  DE CUIDADOS INTENSIVOS  (UCI) PEDIÁTRICA";"6";"1";"4";"82";"3";"90";"0"
"2023";"04";"080108";"CUSCO";"CUSCO";"WANCHAQ";"ESSALUD";"III-1";"00010041";"ADOLFO GUEVARA VELASCO";"250105";"UNIDAD DE CUIDADOS CRITICOS UNIDAD  DE CUIDADOS INTENSIVOS  (UCI) NEONATOLOGÍA";"13";"2";"34";"271";"10";"300";"0"
"2023";"04";"080108";"CUSCO";"CUSCO";"WANCHAQ";"ESSALUD";"III-1";"00010041";"ADOLFO GUEVARA VELASCO";"250200";"UNIDAD DE CUIDADOS CRITICOS UNIDAD DE CUIDADOS INTERMEDIOS GENERAL  (UCIN) ";"1";"1";"12";"238";"8";"240";"0"
"2023";"04";"080108";"CUSCO";"CUSCO";"WANCHAQ";"ESSALUD";"III-1";"00010041";"ADOLFO GUEVARA VELASCO";"250105";"UNIDAD DE CUIDADOS CRITICOS UNIDAD  DE CUIDADOS INTENSIVOS  (UCI) NEONATOLOGÍA";"8";"28";"228";"249";"10";"300";"3"
"2023";"04";"080108";"CUSCO";"CUSCO";"WANCHAQ";"ESSALUD";"III-1";"00010041";"ADOLFO GUEVARA VELASCO";"250105";"UNIDAD DE CUIDADOS CRITICOS UNIDAD  DE CUIDADOS INTENSIVOS  (UCI) NEONATOLOGÍA";"11";"25";"239";"211";"10";"300";"0"
"2023";"04";"080108";"CUSCO";"CUSCO";"WANCHAQ";"ESSALUD";"III-1";"00010041";"ADOLFO GUEVARA VELASCO";"250105";"UNIDAD DE CUIDADOS CRITICOS UNIDAD  DE CUIDADOS INTENSIVOS  (UCI) NEONATOLOGÍA";"4";"24";"267";"203";"8";"240";"0"
"2023";"04";"150131";"LIMA";"LIMA";"SAN ISIDRO";"ESSALUD";"I-3";"00015471";"CENTRO DE ATENCION PRIMARIA-CAP III SAN ISIDRO-ESSALUD";"NE_0001";"";"NE_0001";"NE_0001";"NE_0001";"NE_0001";"NE_0001";"NE_0001";"NE_0001"
"2023";"04";"070102";"CALLAO";"CALLAO";"BELLAVISTA";"PRIVADO";"II-E";"00018670";"CLINICA G'STAR";"240000";"HOSPITALIZACIÓN";"32";"32";"68";"72";"10";"300";"0"
"2023";"04";"120204";"JUNIN";"CONCEPCION";"CHAMBARA";"GOBIERNO REGIONAL";"I-1";"00000638";"SAN BLAS";"NE_0001";"";"NE_0001";"NE_0001";"NE_0001";"NE_0001";"NE_0001";"NE_0001";"NE_0001"
"2023";"04";"120904";"JUNIN";"CHUPACA";"HUACHAC";"GOBIERNO REGIONAL";"I-1";"00000654";"ANTAPAMPA";"NE_0001";"";"NE_0001";"NE_0001";"NE_0001";"NE_0001";"NE_0001";"NE_0001";"NE_0001"
"2023";"04";"120204";"JUNIN";"CONCEPCION";"CHAMBARA";"GOBIERNO REGIONAL";"I-1";"00000637";"STA. ROSA DE TISTES";"NE_0001";"";"NE_0001";"NE_0001";"NE_0001";"NE_0001";"NE_0001";"NE_0001";"NE_0001"
"2023";"04";"120204";"JUNIN";"CONCEPCION";"CHAMBARA";"GOBIERNO REGIONAL";"I-2";"00000636";"CHAMBARA";"NE_0001";"";"NE_0001";"NE_0001";"NE_0001";"NE_0001";"NE_0001";"NE_0001";"NE_0001"
"2023";"04";"120208";"JUNIN";"CONCEPCION";"MANZANARES";"GOBIERNO REGIONAL";"I-1";"00000640";"MANZANARES";"NE_0001";"";"NE_0001";"NE_0001";"NE_0001";"NE_0001";"NE_0001";"NE_0001";"NE_0001"
"2023";"04";"120204";"JUNIN";"CONCEPCION";"CHAMBARA";"GOBIERNO REGIONAL";"I-1";"00000639";"ANGASMAYO";"NE_0001";"";"NE_0001";"NE_0001";"NE_0001";"NE_0001";"NE_0001";"NE_0001";"NE_0001"
"2023";"04";"120904";"JUNIN";"CHUPACA";"HUACHAC";"GOBIERNO REGIONAL";"I-1";"00000653";"MARCATUNA";"NE_0001";"";"NE_0001";"NE_0001";"NE_0001";"NE_0001";"NE_0001";"NE_0001";"NE_0001"
"2023";"04";"120904";"JUNIN";"CHUPACA";"HUACHAC";"GOBIERNO REGIONAL";"I-3";"00000651";"HUACHAC";"NE_0001";"";"NE_0001";"NE_0001";"NE_0001";"NE_0001";"NE_0001";"NE_0001";"NE_0001"
"2023";"04";"120904";"JUNIN";"CHUPACA";"HUACHAC";"GOBIERNO REGIONAL";"I-1";"00000652";"HUAYAO";"NE_0001";"";"NE_0001";"NE_0001";"NE_0001";"NE_0001";"NE_0001";"NE_0001";"NE_0001"
"2023";"04";"150101";"LIMA";"LIMA";"LIMA";"PRIVADO";"II-E";"00026473";"OBRA DE SAN CAMILO";"240000";"HOSPITALIZACIÓN";"45";"54";"200";"54";"3";"25";"0"
"2023";"05";"070102";"CALLAO";"CALLAO";"BELLAVISTA";"SANIDAD DE LA MARINA DE GUERRA DEL PERU";"III-1";"00008266";"HOSPITAL NAVAL";"241300";"HOSPITALIZACIÓN QUIRÚRGICA UROLOGÍA  ";"65";"58";"451";"602";"21";"651";"0"
"2023";"05";"070102";"CALLAO";"CALLAO";"BELLAVISTA";"SANIDAD DE LA MARINA DE GUERRA DEL PERU";"III-1";"00008266";"HOSPITAL NAVAL";"242200";"HOSPITALIZACIÓN DE MEDICINA PSIQUIATRÍA ";"18";"17";"278";"419";"28";"868";"0"
"2023";"05";"070102";"CALLAO";"CALLAO";"BELLAVISTA";"SANIDAD DE LA MARINA DE GUERRA DEL PERU";"III-1";"00008266";"HOSPITAL NAVAL";"242000";"HOSPITALIZACIÓN DE MEDICINA MEDICINA TROPICAL E INFECCIOSAS ";"30";"38";"311";"317";"19";"589";"0"
"2023";"05";"070102";"CALLAO";"CALLAO";"BELLAVISTA";"SANIDAD DE LA MARINA DE GUERRA DEL PERU";"III-1";"00008266";"HOSPITAL NAVAL";"242300";"HOSPITALIZACIÓN DE PEDIATRÍA  PEDIATRÍA  GENERAL ";"76";"74";"404";"123";"18";"558";"0"
"2023";"05";"070102";"CALLAO";"CALLAO";"BELLAVISTA";"SANIDAD DE LA MARINA DE GUERRA DEL PERU";"III-1";"00008266";"HOSPITAL NAVAL";"241200";"HOSPITALIZACIÓN QUIRÚRGICA TRAUMATOLOGÍA Y ORTOPEDIA ";"28";"22";"276";"448";"15";"465";"0"
"2023";"05";"070102";"CALLAO";"CALLAO";"BELLAVISTA";"SANIDAD DE LA MARINA DE GUERRA DEL PERU";"III-1";"00008266";"HOSPITAL NAVAL";"241400";"HOSPITALIZACIÓN QUIRÚRGICA GINECO - OBSTETRICIA ";"84";"73";"353";"290";"18";"558";"0"
"2023";"05";"070102";"CALLAO";"CALLAO";"BELLAVISTA";"SANIDAD DE LA MARINA DE GUERRA DEL PERU";"III-1";"00008266";"HOSPITAL NAVAL";"243200";"HOSPITALIZACIÓN DE PEDIATRÍA PEDIATRIA NEONATOLOGÍA";"40";"34";"119";"167";"12";"372";"0"
"2023";"05";"070102";"CALLAO";"CALLAO";"BELLAVISTA";"SANIDAD DE LA MARINA DE GUERRA DEL PERU";"III-1";"00008266";"HOSPITAL NAVAL";"244400";"HOSPITALIZACIÓN DE MEDICINA GERIATRIA ";"27";"26";"263";"210";"14";"434";"5"
"2023";"05";"070102";"CALLAO";"CALLAO";"BELLAVISTA";"SANIDAD DE LA MARINA DE GUERRA DEL PERU";"III-1";"00008266";"HOSPITAL NAVAL";"240100";"HOSPITALIZACIÓN QUIRÚRGICA CIRUGÍA GENERAL ";"201";"164";"1368";"1440";"55";"1705";"0"
"2023";"05";"070102";"CALLAO";"CALLAO";"BELLAVISTA";"SANIDAD DE LA MARINA DE GUERRA DEL PERU";"III-1";"00008266";"HOSPITAL NAVAL";"241800";"HOSPITALIZACIÓN DE MEDICINA MEDICINA GENERAL ";"56";"57";"690";"602";"20";"620";"1"
"2023";"05";"070102";"CALLAO";"CALLAO";"BELLAVISTA";"SANIDAD DE LA MARINA DE GUERRA DEL PERU";"III-1";"00008266";"HOSPITAL NAVAL";"240000";"HOSPITALIZACIÓN";"144";"140";"1144";"1412";"84";"2604";"3"
"2023";"05";"150110";"LIMA";"LIMA";"COMAS";"PRIVADO";"II-1";"00009144";"CLINICA MEDICA ZEGARRA S.A.C.";"242300";"HOSPITALIZACIÓN DE PEDIATRÍA  PEDIATRÍA  GENERAL ";"39";"41";"687";"3";"5";"135";"0"
"2023";"05";"150110";"LIMA";"LIMA";"COMAS";"PRIVADO";"II-1";"00009144";"CLINICA MEDICA ZEGARRA S.A.C.";"241800";"HOSPITALIZACIÓN DE MEDICINA MEDICINA GENERAL ";"41";"49";"109";"3";"4";"147";"0"
"2023";"05";"150110";"LIMA";"LIMA";"COMAS";"PRIVADO";"II-1";"00009144";"CLINICA MEDICA ZEGARRA S.A.C.";"241400";"HOSPITALIZACIÓN QUIRÚRGICA GINECO - OBSTETRICIA ";"22";"25";"60";"2";"4";"174";"0"
"2023";"05";"150110";"LIMA";"LIMA";"COMAS";"PRIVADO";"II-1";"00009144";"CLINICA MEDICA ZEGARRA S.A.C.";"240100";"HOSPITALIZACIÓN QUIRÚRGICA CIRUGÍA GENERAL ";"27";"31";"72";"4";"3";"102";"0"
"2023";"05";"150110";"LIMA";"LIMA";"COMAS";"PRIVADO";"II-1";"00009144";"CLINICA MEDICA ZEGARRA S.A.C.";"241200";"HOSPITALIZACIÓN QUIRÚRGICA TRAUMATOLOGÍA Y ORTOPEDIA ";"7";"7";"29";"5";"1";"31";"0"
"2023";"05";"130101";"LA LIBERTAD";"TRUJILLO";"TRUJILLO";"PRIVADO";"II-E";"00021009";"CLINICA SAN LUIS ASISTENCIAL DOCENTE S.R.L.";"240100";"HOSPITALIZACIÓN QUIRÚRGICA CIRUGÍA GENERAL ";"110";"132";"145";"160";"24";"720";"0"
"2023";"05";"130101";"LA LIBERTAD";"TRUJILLO";"TRUJILLO";"PRIVADO";"II-E";"00021009";"CLINICA SAN LUIS ASISTENCIAL DOCENTE S.R.L.";"241400";"HOSPITALIZACIÓN QUIRÚRGICA GINECO - OBSTETRICIA ";"11";"11";"25";"34";"24";"720";"0"
"2023";"05";"150140";"LIMA";"LIMA";"SANTIAGO DE SURCO";"PRIVADO";"II-E";"00011110";"CLINICA CAMPBELL";"240800";"HOSPITALIZACIÓN QUIRÚRGICA CIRUGÍA PLÁSTICA/RECONSTRUCTIVA/ REPARADORA ";"15";"15";"15";"15";"2";"60";"0"
"2023";"05";"060106";"CAJAMARCA";"CAJAMARCA";"JESUS";"GOBIERNO REGIONAL";"I-1";"00004637";"YANAMARCA";"NE_0001";"";"NE_0001";"NE_0001";"NE_0001";"NE_0001";"NE_0001";"NE_0001";"NE_0001"
"2023";"05";"080601";"CUSCO";"CANCHIS";"SICUANI";"ESSALUD";"II-1";"00010063";"ESSALUD SICUANI";"241900";"HOSPITALIZACIÓN DE MEDICINA MEDICINA INTERNA ";"33";"32";"85";"85";"4";"124";"0"
"2023";"05";"080601";"CUSCO";"CANCHIS";"SICUANI";"ESSALUD";"II-1";"00010063";"ESSALUD SICUANI";"240100";"HOSPITALIZACIÓN QUIRÚRGICA CIRUGÍA GENERAL ";"27";"25";"62";"62";"2";"62";"0"
"2023";"05";"080601";"CUSCO";"CANCHIS";"SICUANI";"ESSALUD";"II-1";"00010063";"ESSALUD SICUANI";"241500";"HOSPITALIZACIÓN QUIRÚRGICA GINECOLOGÍA  ";"39";"35";"128";"128";"8";"248";"0"
"2023";"05";"080601";"CUSCO";"CANCHIS";"SICUANI";"ESSALUD";"II-1";"00010063";"ESSALUD SICUANI";"241600";"HOSPITALIZACIÓN QUIRÚRGICA OBSTETRICIA   ";"5";"4";"4";"5";"2";"62";"0"
"2023";"05";"080601";"CUSCO";"CANCHIS";"SICUANI";"ESSALUD";"II-1";"00010063";"ESSALUD SICUANI";"242300";"HOSPITALIZACIÓN DE PEDIATRÍA  PEDIATRÍA  GENERAL ";"16";"15";"51";"51";"2";"62";"0"
"2023";"05";"120301";"JUNIN";"CHANCHAMAYO";"CHANCHAMAYO";"ESSALUD";"II-1";"00008656";"HOSPITAL  SELVA CENTRAL Y ENFERMEDADES TROPICALES LA MERCED";"241800";"HOSPITALIZACIÓN DE MEDICINA MEDICINA GENERAL ";"55";"46";"229";"181";"9";"279";"3"
"2023";"05";"120301";"JUNIN";"CHANCHAMAYO";"CHANCHAMAYO";"ESSALUD";"II-1";"00008656";"HOSPITAL  SELVA CENTRAL Y ENFERMEDADES TROPICALES LA MERCED";"240100";"HOSPITALIZACIÓN QUIRÚRGICA CIRUGÍA GENERAL ";"74";"68";"276";"244";"10";"310";"0"
"2023";"05";"120301";"JUNIN";"CHANCHAMAYO";"CHANCHAMAYO";"ESSALUD";"II-1";"00008656";"HOSPITAL  SELVA CENTRAL Y ENFERMEDADES TROPICALES LA MERCED";"241500";"HOSPITALIZACIÓN QUIRÚRGICA GINECOLOGÍA  ";"2";"2";"8";"8";"2";"62";"0"
"2023";"05";"120301";"JUNIN";"CHANCHAMAYO";"CHANCHAMAYO";"ESSALUD";"II-1";"00008656";"HOSPITAL  SELVA CENTRAL Y ENFERMEDADES TROPICALES LA MERCED";"241600";"HOSPITALIZACIÓN QUIRÚRGICA OBSTETRICIA   ";"51";"46";"99";"91";"5";"155";"0"
"2023";"05";"120301";"JUNIN";"CHANCHAMAYO";"CHANCHAMAYO";"ESSALUD";"II-1";"00008656";"HOSPITAL  SELVA CENTRAL Y ENFERMEDADES TROPICALES LA MERCED";"242300";"HOSPITALIZACIÓN DE PEDIATRÍA  PEDIATRÍA  GENERAL ";"65";"59";"166";"155";"5";"155";"0"
"2023";"05";"060101";"CAJAMARCA";"CAJAMARCA";"CAJAMARCA";"GOBIERNO REGIONAL";"I-3";"00004645";"MAGNA VALLEJO";"NE_0001";"";"NE_0001";"NE_0001";"NE_0001";"NE_0001";"NE_0001";"NE_0001";"NE_0001"
"2023";"05";"060101";"CAJAMARCA";"CAJAMARCA";"CAJAMARCA";"GOBIERNO REGIONAL";"I-1";"00012831";"AYLAMBO";"NE_0001";"";"NE_0001";"NE_0001";"NE_0001";"NE_0001";"NE_0001";"NE_0001";"NE_0001"
"2023";"05";"060101";"CAJAMARCA";"CAJAMARCA";"CAJAMARCA";"GOBIERNO REGIONAL";"I-1";"00004642";"PATA PATA";"NE_0001";"";"NE_0001";"NE_0001";"NE_0001";"NE_0001";"NE_0001";"NE_0001";"NE_0001"
"2023";"05";"060101";"CAJAMARCA";"CAJAMARCA";"CAJAMARCA";"GOBIERNO REGIONAL";"I-1";"00004644";"PARIAMARCA";"NE_0001";"";"NE_0001";"NE_0001";"NE_0001";"NE_0001";"NE_0001";"NE_0001";"NE_0001"
"2023";"05";"060101";"CAJAMARCA";"CAJAMARCA";"CAJAMARCA";"GOBIERNO REGIONAL";"I-2";"00004641";"MICAELA BASTIDAS";"NE_0001";"";"NE_0001";"NE_0001";"NE_0001";"NE_0001";"NE_0001";"NE_0001";"NE_0001"
"2023";"05";"060101";"CAJAMARCA";"CAJAMARCA";"CAJAMARCA";"GOBIERNO REGIONAL";"I-3";"00004640";"LA TULPUNA";"NE_0001";"";"NE_0001";"NE_0001";"NE_0001";"NE_0001";"NE_0001";"NE_0001";"NE_0001"
"2023";"05";"060101";"CAJAMARCA";"CAJAMARCA";"CAJAMARCA";"GOBIERNO REGIONAL";"I-1";"00004643";"AGOCUCHO";"NE_0001";"";"NE_0001";"NE_0001";"NE_0001";"NE_0001";"NE_0001";"NE_0001";"NE_0001"
"2023";"05";"240101";"TUMBES";"TUMBES";"TUMBES";"GOBIERNO REGIONAL";"I-3";"00028923";"CENTRO DE SALUD MENTAL COMUNITARIO ""VIRGEN DEL CISNE""";"NE_0001";"";"NE_0001";"NE_0001";"NE_0001";"NE_0001";"NE_0001";"NE_0001";"NE_0001"
"2023";"05";"240101";"TUMBES";"TUMBES";"TUMBES";"GOBIERNO REGIONAL";"0";"00029717";"I HOGAR PROTEGIDO TUMBES";"NE_0001";"";"NE_0001";"NE_0001";"NE_0001";"NE_0001";"NE_0001";"NE_0001";"NE_0001"
"2023";"05";"240104";"TUMBES";"TUMBES";"PAMPAS DE HOSPITAL";"GOBIERNO REGIONAL";"I-1";"00001877";"CRUZ BLANCA.";"NE_0001";"";"NE_0001";"NE_0001";"NE_0001";"NE_0001";"NE_0001";"NE_0001";"NE_0001"
"2023";"05";"240106";"TUMBES";"TUMBES";"SAN JUAN DE LA VIRGEN";"GOBIERNO REGIONAL";"I-1";"00001880";"CERRO BLANCO";"NE_0001";"";"NE_0001";"NE_0001";"NE_0001";"NE_0001";"NE_0001";"NE_0001";"NE_0001"
"2023";"07";"080805";"CUSCO";"ESPINAR";"PALLPATA";"GOBIERNO REGIONAL";"I-3";"00002416";"PALLPATA";"NE_0001";"";"NE_0001";"NE_0001";"NE_0001";"NE_0001";"NE_0001";"NE_0001";"NE_0001"
"2023";"07";"080803";"CUSCO";"ESPINAR";"COPORAQUE";"GOBIERNO REGIONAL";"I-2";"00002412";"COPORAQUE";"NE_0001";"";"NE_0001";"NE_0001";"NE_0001";"NE_0001";"NE_0001";"NE_0001";"NE_0001"
"2023";"07";"080808";"CUSCO";"ESPINAR";"ALTO PICHIGUA";"GOBIERNO REGIONAL";"I-2";"00002420";"ACCOCUNCA";"NE_0001";"";"NE_0001";"NE_0001";"NE_0001";"NE_0001";"NE_0001";"NE_0001";"NE_0001"
"2023";"07";"080801";"CUSCO";"ESPINAR";"ESPINAR";"GOBIERNO REGIONAL";"I-1";"00006745";"TINTAYA MARQUIRI";"NE_0001";"";"NE_0001";"NE_0001";"NE_0001";"NE_0001";"NE_0001";"NE_0001";"NE_0001"
"2023";"07";"080801";"CUSCO";"ESPINAR";"ESPINAR";"GOBIERNO REGIONAL";"I-4";"00002410";"YAURI";"NE_0001";"";"NE_0001";"NE_0001";"NE_0001";"NE_0001";"NE_0001";"NE_0001";"NE_0001"
"2023";"07";"080806";"CUSCO";"ESPINAR";"PICHIGUA";"GOBIERNO REGIONAL";"I-1";"00002418";"SAN MIGUEL";"NE_0001";"";"NE_0001";"NE_0001";"NE_0001";"NE_0001";"NE_0001";"NE_0001";"NE_0001"
"2023";"07";"080804";"CUSCO";"ESPINAR";"OCORURO";"GOBIERNO REGIONAL";"I-2";"00002415";"OCCORURO";"NE_0001";"";"NE_0001";"NE_0001";"NE_0001";"NE_0001";"NE_0001";"NE_0001";"NE_0001"
"2023";"07";"080806";"CUSCO";"ESPINAR";"PICHIGUA";"GOBIERNO REGIONAL";"I-2";"00002417";"PICHIGUA ESPINAR";"NE_0001";"";"NE_0001";"NE_0001";"NE_0001";"NE_0001";"NE_0001";"NE_0001";"NE_0001"
"2023";"07";"080802";"CUSCO";"ESPINAR";"CONDOROMA";"GOBIERNO REGIONAL";"I-1";"00002411";"CONDOROMA";"NE_0001";"";"NE_0001";"NE_0001";"NE_0001";"NE_0001";"NE_0001";"NE_0001";"NE_0001"
"2023";"07";"080807";"CUSCO";"ESPINAR";"SUYCKUTAMBO";"GOBIERNO REGIONAL";"I-2";"00002419";"SUYKUTAMBO";"NE_0001";"";"NE_0001";"NE_0001";"NE_0001";"NE_0001";"NE_0001";"NE_0001";"NE_0001"
"2023";"07";"080803";"CUSCO";"ESPINAR";"COPORAQUE";"GOBIERNO REGIONAL";"I-2";"00002413";"URINSAYA";"NE_0001";"";"NE_0001";"NE_0001";"NE_0001";"NE_0001";"NE_0001";"NE_0001";"NE_0001"
"2023";"07";"080803";"CUSCO";"ESPINAR";"COPORAQUE";"GOBIERNO REGIONAL";"I-2";"00002414";"HUAYHUAHUASI";"NE_0001";"";"NE_0001";"NE_0001";"NE_0001";"NE_0001";"NE_0001";"NE_0001";"NE_0001"
"2023";"08";"150121";"LIMA";"LIMA";"PUEBLO LIBRE";"PRIVADO";"II-1";"00010831";"centro Especializado en Odontoestomatología";"NE_0001";"";"NE_0001";"NE_0001";"NE_0001";"NE_0001";"NE_0001";"NE_0001";"NE_0001"
"2023";"08";"110110";"ICA";"ICA";"SAN JUAN BAUTISTA";"GOBIERNO REGIONAL";"I-3";"00003364";"SAN JUAN BAUTISTA";"NE_0001";"";"NE_0001";"NE_0001";"NE_0001";"NE_0001";"NE_0001";"NE_0001";"NE_0001"
"2023";"08";"110112";"ICA";"ICA";"SUBTANJALLA";"MINSA";"I-3";"00003381";"FONAVI IV";"NE_0001";"";"NE_0001";"NE_0001";"NE_0001";"NE_0001";"NE_0001";"NE_0001";"NE_0001"
"2023";"08";"110110";"ICA";"ICA";"SAN JUAN BAUTISTA";"GOBIERNO REGIONAL";"I-3";"00003386";"EL CARMEN-OLIVO";"NE_0001";"";"NE_0001";"NE_0001";"NE_0001";"NE_0001";"NE_0001";"NE_0001";"NE_0001"
"2023";"08";"200104";"PIURA";"PIURA";"CASTILLA";"ESSALUD";"I-3";"00010243";"CAP III CASTILLA";"NE_0001";"";"NE_0001";"NE_0001";"NE_0001";"NE_0001";"NE_0001";"NE_0001";"NE_0001"
"2023";"08";"110401";"ICA";"PALPA";"PALPA";"MINSA";"II-1";"00003458";"DE APOYO DE PALPA";"240100";"HOSPITALIZACIÓN QUIRÚRGICA CIRUGÍA GENERAL ";"5";"5";"17";"17";"6";"169";"0"
"2023";"08";"110401";"ICA";"PALPA";"PALPA";"MINSA";"II-1";"00003458";"DE APOYO DE PALPA";"241400";"HOSPITALIZACIÓN QUIRÚRGICA GINECO - OBSTETRICIA ";"8";"8";"13";"9";"9";"270";"0"
"2023";"08";"110401";"ICA";"PALPA";"PALPA";"MINSA";"II-1";"00003458";"DE APOYO DE PALPA";"241800";"HOSPITALIZACIÓN DE MEDICINA MEDICINA GENERAL ";"8";"10";"41";"35";"9";"244";"1"
"2023";"08";"110401";"ICA";"PALPA";"PALPA";"MINSA";"II-1";"00003458";"DE APOYO DE PALPA";"242300";"HOSPITALIZACIÓN DE PEDIATRÍA  PEDIATRÍA  GENERAL ";"2";"2";"2";"2";"6";"184";"0"
"2023";"08";"080907";"CUSCO";"LA CONVENCION";"KIMBIRI";"GOBIERNO REGIONAL";"I-2";"00002470";"CHIRUMPIARI";"NE_0001";"";"NE_0001";"NE_0001";"NE_0001";"NE_0001";"NE_0001";"NE_0001";"NE_0001"
"2023";"08";"080913";"CUSCO";"LA CONVENCION";"VILLA KINTIARINA";"GOBIERNO REGIONAL";"I-2";"00008283";"PUEBLO LIBRE";"NE_0001";"";"NE_0001";"NE_0001";"NE_0001";"NE_0001";"NE_0001";"NE_0001";"NE_0001"
"2023";"08";"080907";"CUSCO";"LA CONVENCION";"KIMBIRI";"GOBIERNO REGIONAL";"I-3";"00002471";"LOBO TAHUANTINSUYO";"NE_0001";"";"NE_0001";"NE_0001";"NE_0001";"NE_0001";"NE_0001";"NE_0001";"NE_0001"
"2023";"02";"040413";"AREQUIPA";"CASTILLA";"URACA";"ESSALUD";"I-2";"00013300";"POSTA MEDICA  CORIRE";"NE_0001";"";"NE_0001";"NE_0001";"NE_0001";"NE_0001";"NE_0001";"NE_0001";"NE_0001"
"2023";"03";"040413";"AREQUIPA";"CASTILLA";"URACA";"ESSALUD";"I-2";"00013300";"POSTA MEDICA  CORIRE";"NE_0001";"";"NE_0001";"NE_0001";"NE_0001";"NE_0001";"NE_0001";"NE_0001";"NE_0001"
"2023";"08";"240304";"TUMBES";"ZARUMILLA";"PAPAYAL";"GOBIERNO REGIONAL";"I-2";"00001893";"UÑA DE GATO";"NE_0001";"";"NE_0001";"NE_0001";"NE_0001";"NE_0001";"NE_0001";"NE_0001";"NE_0001"
"2023";"08";"240301";"TUMBES";"ZARUMILLA";"ZARUMILLA";"GOBIERNO REGIONAL";"I-3";"00026856";"Centro de Salud Mental Comunitario  ""LIC. ENF. SILVIA VIOLETA CONDE SOSA""";"NE_0001";"";"NE_0001";"NE_0001";"NE_0001";"NE_0001";"NE_0001";"NE_0001";"NE_0001"
"2023";"08";"240304";"TUMBES";"ZARUMILLA";"PAPAYAL";"GOBIERNO REGIONAL";"I-2";"00001892";"LA PALMA";"NE_0001";"";"NE_0001";"NE_0001";"NE_0001";"NE_0001";"NE_0001";"NE_0001";"NE_0001"
"2023";"08";"240304";"TUMBES";"ZARUMILLA";"PAPAYAL";"GOBIERNO REGIONAL";"I-1";"00001894";"EL PORVENIR.";"NE_0001";"";"NE_0001";"NE_0001";"NE_0001";"NE_0001";"NE_0001";"NE_0001";"NE_0001"
"2023";"08";"240304";"TUMBES";"ZARUMILLA";"PAPAYAL";"GOBIERNO REGIONAL";"I-1";"00001895";"LECHUGAL";"NE_0001";"";"NE_0001";"NE_0001";"NE_0001";"NE_0001";"NE_0001";"NE_0001";"NE_0001"
"2023";"08";"240301";"TUMBES";"ZARUMILLA";"ZARUMILLA";"GOBIERNO REGIONAL";"I-4";"00001896";"CENTRO DE SALUD ZARUMILLA";"241600";"HOSPITALIZACIÓN QUIRÚRGICA OBSTETRICIA   ";"26";"26";"26";"26";"1";"31";"0"
"2023";"08";"240302";"TUMBES";"ZARUMILLA";"AGUAS VERDES";"GOBIERNO REGIONAL";"I-3";"00001885";"CLAS AGUAS VERDES";"NE_0001";"";"NE_0001";"NE_0001";"NE_0001";"NE_0001";"NE_0001";"NE_0001";"NE_0001"
"2023";"08";"240302";"TUMBES";"ZARUMILLA";"AGUAS VERDES";"GOBIERNO REGIONAL";"I-1";"00001889";"LOMA SAAVEDRA";"NE_0001";"";"NE_0001";"NE_0001";"NE_0001";"NE_0001";"NE_0001";"NE_0001";"NE_0001"
"2023";"08";"240304";"TUMBES";"ZARUMILLA";"PAPAYAL";"GOBIERNO REGIONAL";"I-3";"00001891";"C.S. PAPAYAL";"NE_0001";"";"NE_0001";"NE_0001";"NE_0001";"NE_0001";"NE_0001";"NE_0001";"NE_0001"
"2023";"08";"240301";"TUMBES";"ZARUMILLA";"ZARUMILLA";"GOBIERNO REGIONAL";"0";"00030270";"II HOGAR PROTEGIDO";"NE_0001";"";"NE_0001";"NE_0001";"NE_0001";"NE_0001";"NE_0001";"NE_0001";"NE_0001"
"2023";"08";"240303";"TUMBES";"ZARUMILLA";"MATAPALO";"GOBIERNO REGIONAL";"I-3";"00001890";"C.S MATAPALO";"NE_0001";"";"NE_0001";"NE_0001";"NE_0001";"NE_0001";"NE_0001";"NE_0001";"NE_0001"
"2023";"08";"240302";"TUMBES";"ZARUMILLA";"AGUAS VERDES";"GOBIERNO REGIONAL";"I-2";"00001886";"CUCHARETA BAJA";"NE_0001";"";"NE_0001";"NE_0001";"NE_0001";"NE_0001";"NE_0001";"NE_0001";"NE_0001"
"2023";"04";"040413";"AREQUIPA";"CASTILLA";"URACA";"ESSALUD";"I-2";"00013300";"POSTA MEDICA  CORIRE";"NE_0001";"";"NE_0001";"NE_0001";"NE_0001";"NE_0001";"NE_0001";"NE_0001";"NE_0001"
"2023";"08";"110501";"ICA";"PISCO";"PISCO";"MINSA";"II-1";"00003472";"SAN JUAN DE DIOS";"240100";"HOSPITALIZACIÓN QUIRÚRGICA CIRUGÍA GENERAL ";"79";"95";"481";"529";"22";"682";"2"
"2023";"08";"110501";"ICA";"PISCO";"PISCO";"MINSA";"II-1";"00003472";"SAN JUAN DE DIOS";"241400";"HOSPITALIZACIÓN QUIRÚRGICA GINECO - OBSTETRICIA ";"229";"247";"690";"607";"26";"806";"0"
"2023";"08";"110501";"ICA";"PISCO";"PISCO";"MINSA";"II-1";"00003472";"SAN JUAN DE DIOS";"241800";"HOSPITALIZACIÓN DE MEDICINA MEDICINA GENERAL ";"89";"102";"570";"617";"27";"837";"12"
"2023";"08";"110501";"ICA";"PISCO";"PISCO";"MINSA";"II-1";"00003472";"SAN JUAN DE DIOS";"242300";"HOSPITALIZACIÓN DE PEDIATRÍA  PEDIATRÍA  GENERAL ";"59";"63";"237";"258";"11";"341";"0"
"2023";"07";"250101";"UCAYALI";"CORONEL PORTILLO";"CALLERIA";"GOBIERNO REGIONAL";"0";"00027157";"SISTEMA DE ATENCIÓN MÓVIL DE URGENCIAS (SAMU)";"NE_0001";"";"NE_0001";"NE_0001";"NE_0001";"NE_0001";"NE_0001";"NE_0001";"NE_0001"
"2023";"07";"250303";"UCAYALI";"PADRE ABAD";"CURIMANA";"GOBIERNO REGIONAL";"I-1";"00025049";"PUESTO DE SALUD MERIBA";"NE_0001";"";"NE_0001";"NE_0001";"NE_0001";"NE_0001";"NE_0001";"NE_0001";"NE_0001"
"2023";"07";"250105";"UCAYALI";"CORONEL PORTILLO";"YARINACOCHA";"GOBIERNO REGIONAL";"0";"00014314";"LABORATORIO DE REFERENCIA REGIONAL EN SALUD PUBLICA UCAYALI";"NE_0001";"";"NE_0001";"NE_0001";"NE_0001";"NE_0001";"NE_0001";"NE_0001";"NE_0001"
"2023";"07";"250105";"UCAYALI";"CORONEL PORTILLO";"YARINACOCHA";"GOBIERNO REGIONAL";"I-1";"00007237";"NUEVA UNION";"NE_0001";"";"NE_0001";"NE_0001";"NE_0001";"NE_0001";"NE_0001";"NE_0001";"NE_0001"
"2023";"07";"250303";"UCAYALI";"PADRE ABAD";"CURIMANA";"GOBIERNO REGIONAL";"I-1";"00006950";"PUEBLO LIBRE CURIMANA";"NE_0001";"";"NE_0001";"NE_0001";"NE_0001";"NE_0001";"NE_0001";"NE_0001";"NE_0001"
"2023";"07";"250303";"UCAYALI";"PADRE ABAD";"CURIMANA";"GOBIERNO REGIONAL";"I-1";"00006885";"SAN JUAN DE TAHUAPOA";"NE_0001";"";"NE_0001";"NE_0001";"NE_0001";"NE_0001";"NE_0001";"NE_0001";"NE_0001"
"2023";"07";"250105";"UCAYALI";"CORONEL PORTILLO";"YARINACOCHA";"GOBIERNO REGIONAL";"I-1";"00005549";"SANTA ROSA";"NE_0001";"";"NE_0001";"NE_0001";"NE_0001";"NE_0001";"NE_0001";"NE_0001";"NE_0001"
"2023";"07";"250105";"UCAYALI";"CORONEL PORTILLO";"YARINACOCHA";"GOBIERNO REGIONAL";"I-1";"00005548";"CASHIVOCOCHA";"NE_0001";"";"NE_0001";"NE_0001";"NE_0001";"NE_0001";"NE_0001";"NE_0001";"NE_0001"
"2023";"07";"250105";"UCAYALI";"CORONEL PORTILLO";"YARINACOCHA";"GOBIERNO REGIONAL";"I-1";"00005546";"MARISCAL SUCRE";"NE_0001";"";"NE_0001";"NE_0001";"NE_0001";"NE_0001";"NE_0001";"NE_0001";"NE_0001"
"2023";"07";"250105";"UCAYALI";"CORONEL PORTILLO";"YARINACOCHA";"GOBIERNO REGIONAL";"I-1";"00005545";"NUEVA ALEJANDRIA";"NE_0001";"";"NE_0001";"NE_0001";"NE_0001";"NE_0001";"NE_0001";"NE_0001";"NE_0001"
"2023";"07";"250105";"UCAYALI";"CORONEL PORTILLO";"YARINACOCHA";"GOBIERNO REGIONAL";"I-1";"00005544";"CLAS UNION ZAPOTILLO";"NE_0001";"";"NE_0001";"NE_0001";"NE_0001";"NE_0001";"NE_0001";"NE_0001";"NE_0001"
"2023";"07";"250105";"UCAYALI";"CORONEL PORTILLO";"YARINACOCHA";"GOBIERNO REGIONAL";"I-1";"00005543";"NUEVA LUZ DE FATIMA";"NE_0001";"";"NE_0001";"NE_0001";"NE_0001";"NE_0001";"NE_0001";"NE_0001";"NE_0001"
"2023";"07";"250105";"UCAYALI";"CORONEL PORTILLO";"YARINACOCHA";"GOBIERNO REGIONAL";"I-1";"00005542";"CLAS  DE SAN JUAN YARINACOCHA .";"NE_0001";"";"NE_0001";"NE_0001";"NE_0001";"NE_0001";"NE_0001";"NE_0001";"NE_0001"
"2023";"07";"250105";"UCAYALI";"CORONEL PORTILLO";"YARINACOCHA";"GOBIERNO REGIONAL";"I-1";"00005541";"PUESTO DE SALUD LEONCIO PRADO";"NE_0001";"";"NE_0001";"NE_0001";"NE_0001";"NE_0001";"NE_0001";"NE_0001";"NE_0001"
"2023";"07";"250105";"UCAYALI";"CORONEL PORTILLO";"YARINACOCHA";"GOBIERNO REGIONAL";"I-1";"00005540";"HUITOCOCHA";"NE_0001";"";"NE_0001";"NE_0001";"NE_0001";"NE_0001";"NE_0001";"NE_0001";"NE_0001"
"2023";"07";"250105";"UCAYALI";"CORONEL PORTILLO";"YARINACOCHA";"GOBIERNO REGIONAL";"I-2";"00005538";"SAN FRANCISCO DE YARINACOCHA";"NE_0001";"";"NE_0001";"NE_0001";"NE_0001";"NE_0001";"NE_0001";"NE_0001";"NE_0001"
"2023";"07";"250105";"UCAYALI";"CORONEL PORTILLO";"YARINACOCHA";"GOBIERNO REGIONAL";"I-2";"00005537";"CLAS   BELLAVISTA DE YARINACOCHA";"NE_0001";"";"NE_0001";"NE_0001";"NE_0001";"NE_0001";"NE_0001";"NE_0001";"NE_0001"
"2023";"07";"250105";"UCAYALI";"CORONEL PORTILLO";"YARINACOCHA";"GOBIERNO REGIONAL";"I-2";"00005536";"ESPERANZA DE PANAILLO";"NE_0001";"";"NE_0001";"NE_0001";"NE_0001";"NE_0001";"NE_0001";"NE_0001";"NE_0001"
"2023";"07";"250105";"UCAYALI";"CORONEL PORTILLO";"YARINACOCHA";"GOBIERNO REGIONAL";"I-2";"00005535";"CLAS SAN PABLO DE TUSHMO.";"NE_0001";"";"NE_0001";"NE_0001";"NE_0001";"NE_0001";"NE_0001";"NE_0001";"NE_0001"
"2023";"07";"250105";"UCAYALI";"CORONEL PORTILLO";"YARINACOCHA";"GOBIERNO REGIONAL";"I-3";"00005534";"SAN JOSE DE YARINACOCHA";"NE_0001";"";"NE_0001";"NE_0001";"NE_0001";"NE_0001";"NE_0001";"NE_0001";"NE_0001"
"2023";"07";"250303";"UCAYALI";"PADRE ABAD";"CURIMANA";"GOBIERNO REGIONAL";"I-1";"00005425";"ZORRILLOS";"NE_0001";"";"NE_0001";"NE_0001";"NE_0001";"NE_0001";"NE_0001";"NE_0001";"NE_0001"
"2023";"07";"250303";"UCAYALI";"PADRE ABAD";"CURIMANA";"GOBIERNO REGIONAL";"I-1";"00005424";"BELLO HORIZONTE";"NE_0001";"";"NE_0001";"NE_0001";"NE_0001";"NE_0001";"NE_0001";"NE_0001";"NE_0001"
"2023";"07";"250303";"UCAYALI";"PADRE ABAD";"CURIMANA";"GOBIERNO REGIONAL";"I-1";"00005423";"LAS MALVINAS.";"NE_0001";"";"NE_0001";"NE_0001";"NE_0001";"NE_0001";"NE_0001";"NE_0001";"NE_0001"
"2023";"07";"250303";"UCAYALI";"PADRE ABAD";"CURIMANA";"GOBIERNO REGIONAL";"I-3";"00005422";"CURIMANA";"NE_0001";"";"NE_0001";"NE_0001";"NE_0001";"NE_0001";"NE_0001";"NE_0001";"NE_0001"
"2023";"04";"130101";"LA LIBERTAD";"TRUJILLO";"TRUJILLO";"PRIVADO";"I-4";"00013371";"FARMEDICA SAC";"NE_0001";"";"NE_0001";"NE_0001";"NE_0001";"NE_0001";"NE_0001";"NE_0001";"NE_0001"
"2023";"05";"130101";"LA LIBERTAD";"TRUJILLO";"TRUJILLO";"PRIVADO";"I-4";"00013371";"FARMEDICA SAC";"NE_0001";"";"NE_0001";"NE_0001";"NE_0001";"NE_0001";"NE_0001";"NE_0001";"NE_0001"
"2023";"08";"100506";"HUANUCO";"HUAMALIES";"MIRAFLORES";"GOBIERNO REGIONAL";"I-2";"00000895";"MIRAFLORES";"NE_0001";"";"NE_0001";"NE_0001";"NE_0001";"NE_0001";"NE_0001";"NE_0001";"NE_0001"
"2023";"08";"100503";"HUANUCO";"HUAMALIES";"CHAVIN DE PARIARCA";"GOBIERNO REGIONAL";"I-1";"00000899";"SAN JUAN DE PAMPAS";"NE_0001";"";"NE_0001";"NE_0001";"NE_0001";"NE_0001";"NE_0001";"NE_0001";"NE_0001"
"2023";"08";"100503";"HUANUCO";"HUAMALIES";"CHAVIN DE PARIARCA";"GOBIERNO REGIONAL";"I-1";"00007720";"QUIPRAN";"NE_0001";"";"NE_0001";"NE_0001";"NE_0001";"NE_0001";"NE_0001";"NE_0001";"NE_0001"
"2023";"08";"100503";"HUANUCO";"HUAMALIES";"CHAVIN DE PARIARCA";"GOBIERNO REGIONAL";"I-3";"00000896";"CHAVIN DE PARIARCA";"NE_0001";"";"NE_0001";"NE_0001";"NE_0001";"NE_0001";"NE_0001";"NE_0001";"NE_0001"
"2023";"03";"120601";"JUNIN";"SATIPO";"SATIPO";"GOBIERNO REGIONAL";"I-2";"00000482";"HUANTASHIRI";"NE_0001";"";"NE_0001";"NE_0001";"NE_0001";"NE_0001";"NE_0001";"NE_0001";"NE_0001"
"2023";"03";"120607";"JUNIN";"SATIPO";"RIO NEGRO";"GOBIERNO REGIONAL";"I-2";"00000496";"VILLA CAPIRI";"NE_0001";"";"NE_0001";"NE_0001";"NE_0001";"NE_0001";"NE_0001";"NE_0001";"NE_0001"
"2023";"03";"120607";"JUNIN";"SATIPO";"RIO NEGRO";"GOBIERNO REGIONAL";"I-1";"00013862";"MIGUEL GRAU";"NE_0001";"";"NE_0001";"NE_0001";"NE_0001";"NE_0001";"NE_0001";"NE_0001";"NE_0001"
"2023";"03";"120607";"JUNIN";"SATIPO";"RIO NEGRO";"GOBIERNO REGIONAL";"I-1";"00013863";"ALTO VILLA VICTORIA";"NE_0001";"";"NE_0001";"NE_0001";"NE_0001";"NE_0001";"NE_0001";"NE_0001";"NE_0001"
"2023";"03";"120607";"JUNIN";"SATIPO";"RIO NEGRO";"GOBIERNO REGIONAL";"I-2";"00000502";"CUSHIVIANI";"NE_0001";"";"NE_0001";"NE_0001";"NE_0001";"NE_0001";"NE_0001";"NE_0001";"NE_0001"
"2023";"03";"120607";"JUNIN";"SATIPO";"RIO NEGRO";"GOBIERNO REGIONAL";"I-3";"00000506";"UNION CAPIRI";"NE_0001";"";"NE_0001";"NE_0001";"NE_0001";"NE_0001";"NE_0001";"NE_0001";"NE_0001"
"2023";"03";"120601";"JUNIN";"SATIPO";"SATIPO";"GOBIERNO REGIONAL";"I-2";"00000483";"SANIBENI";"NE_0001";"";"NE_0001";"NE_0001";"NE_0001";"NE_0001";"NE_0001";"NE_0001";"NE_0001"
"2023";"03";"120601";"JUNIN";"SATIPO";"SATIPO";"GOBIERNO REGIONAL";"I-1";"00029375";"COMUNIDAD NATIVA SHANQUI";"NE_0001";"";"NE_0001";"NE_0001";"NE_0001";"NE_0001";"NE_0001";"NE_0001";"NE_0001"
"2023";"03";"120607";"JUNIN";"SATIPO";"RIO NEGRO";"GOBIERNO REGIONAL";"I-2";"00000477";"HUAHUARI";"NE_0001";"";"NE_0001";"NE_0001";"NE_0001";"NE_0001";"NE_0001";"NE_0001";"NE_0001"
"2023";"03";"120601";"JUNIN";"SATIPO";"SATIPO";"GOBIERNO REGIONAL";"I-2";"00000479";"SANTO DOMINGO DE MARANKIARI";"NE_0001";"";"NE_0001";"NE_0001";"NE_0001";"NE_0001";"NE_0001";"NE_0001";"NE_0001"
"2023";"03";"120601";"JUNIN";"SATIPO";"SATIPO";"GOBIERNO REGIONAL";"I-1";"00000484";"ALTO PAURELI";"NE_0001";"";"NE_0001";"NE_0001";"NE_0001";"NE_0001";"NE_0001";"NE_0001";"NE_0001"
"2023";"03";"120607";"JUNIN";"SATIPO";"RIO NEGRO";"GOBIERNO REGIONAL";"I-3";"00000495";"RIO NEGRO";"NE_0001";"";"NE_0001";"NE_0001";"NE_0001";"NE_0001";"NE_0001";"NE_0001";"NE_0001"
"2023";"03";"120607";"JUNIN";"SATIPO";"RIO NEGRO";"GOBIERNO REGIONAL";"I-2";"00000505";"SAN JUAN DE CHENI";"NE_0001";"";"NE_0001";"NE_0001";"NE_0001";"NE_0001";"NE_0001";"NE_0001";"NE_0001"
"2023";"03";"150113";"LIMA";"LIMA";"JESUS MARIA";"PRIVADO";"II-1";"00010776";"TRAUMATOLOGIA Y ORTOPEDIA AYBAR & AS SAC";"240000";"HOSPITALIZACIÓN";"5";"6";"9";"8";"6";"186";"0"
"2023";"03";"200601";"PIURA";"SULLANA";"SULLANA";"PRIVADO";"II-1";"00010777";"CLINICA VIRGEN DEL PILAR SCRL";"240100";"HOSPITALIZACIÓN QUIRÚRGICA CIRUGÍA GENERAL ";"11";"11";"200";"186";"24";"480";"0"
"2023";"03";"200601";"PIURA";"SULLANA";"SULLANA";"PRIVADO";"II-1";"00010777";"CLINICA VIRGEN DEL PILAR SCRL";"241900";"HOSPITALIZACIÓN DE MEDICINA MEDICINA INTERNA ";"2";"2";"100";"98";"24";"280";"0"
"2023";"03";"200601";"PIURA";"SULLANA";"SULLANA";"PRIVADO";"II-1";"00010777";"CLINICA VIRGEN DEL PILAR SCRL";"241500";"HOSPITALIZACIÓN QUIRÚRGICA GINECOLOGÍA  ";"3";"3";"100";"95";"24";"280";"0"
"2023";"03";"200101";"PIURA";"PIURA";"PIURA";"PRIVADO";"I-3";"00024833";"MEDITRAN PERU EIRL";"NE_0001";"";"NE_0001";"NE_0001";"NE_0001";"NE_0001";"NE_0001";"NE_0001";"NE_0001"
"2023";"05";"120101";"JUNIN";"HUANCAYO";"HUANCAYO";"PRIVADO";"II-E";"00025973";"CLINICA ZARATE";"241800";"HOSPITALIZACIÓN DE MEDICINA MEDICINA GENERAL ";"73";"70";"21";"156";"15";"310";"3"
"2023";"05";"120101";"JUNIN";"HUANCAYO";"HUANCAYO";"PRIVADO";"II-1";"00025971";"CLINICA BILBAO";"240100";"HOSPITALIZACIÓN QUIRÚRGICA CIRUGÍA GENERAL ";"7";"7";"16";"17";"3";"93";"0"
"2023";"05";"120101";"JUNIN";"HUANCAYO";"HUANCAYO";"PRIVADO";"II-1";"00025971";"CLINICA BILBAO";"241500";"HOSPITALIZACIÓN QUIRÚRGICA GINECOLOGÍA  ";"11";"11";"21";"20";"4";"124";"0"
"2023";"05";"120101";"JUNIN";"HUANCAYO";"HUANCAYO";"PRIVADO";"II-1";"00025971";"CLINICA BILBAO";"241400";"HOSPITALIZACIÓN QUIRÚRGICA GINECO - OBSTETRICIA ";"8";"8";"13";"13";"3";"93";"0"
"2023";"05";"120101";"JUNIN";"HUANCAYO";"HUANCAYO";"PRIVADO";"II-1";"00025971";"CLINICA BILBAO";"245300";"HOSPITALIZACIÓN DE MEDICINA NEUMOLOGÍA  ";"3";"3";"12";"12";"2";"62";"0"
"2023";"05";"120101";"JUNIN";"HUANCAYO";"HUANCAYO";"PRIVADO";"II-1";"00025971";"CLINICA BILBAO";"241200";"HOSPITALIZACIÓN QUIRÚRGICA TRAUMATOLOGÍA Y ORTOPEDIA ";"2";"2";"2";"3";"1";"31";"0"
"2023";"05";"160101";"LORETO";"MAYNAS";"IQUITOS";"PRIVADO";"I-3";"00012075";"SARLOR";"NE_0002";"";"NE_0002";"NE_0002";"NE_0002";"NE_0002";"NE_0002";"NE_0002";"NE_0002"
"2023";"05";"021801";"ANCASH";"SANTA";"CHIMBOTE";"PRIVADO";"II-1";"00010987";"INSTITUTO MEDICO ESPECIALIZADO UROGINEC EIRL";"240000";"HOSPITALIZACIÓN";"21";"21";"25";"22";"7";"217";"0"
"2023";"05";"060801";"CAJAMARCA";"JAEN";"JAEN";"GOBIERNO REGIONAL";"I-2";"00004216";"LA CASCARILLA";"NE_0001";"";"NE_0001";"NE_0001";"NE_0001";"NE_0001";"NE_0001";"NE_0001";"NE_0001"
"2023";"05";"060801";"CAJAMARCA";"JAEN";"JAEN";"GOBIERNO REGIONAL";"I-1";"00024719";"LA VIRGINIA";"NE_0001";"";"NE_0001";"NE_0001";"NE_0001";"NE_0001";"NE_0001";"NE_0001";"NE_0001"
"2023";"05";"060801";"CAJAMARCA";"JAEN";"JAEN";"GOBIERNO REGIONAL";"I-1";"00004222";"ALTO VISTA ALEGRE";"NE_0001";"";"NE_0001";"NE_0001";"NE_0001";"NE_0001";"NE_0001";"NE_0001";"NE_0001"
"2023";"05";"060801";"CAJAMARCA";"JAEN";"JAEN";"GOBIERNO REGIONAL";"I-1";"00006994";"LOMA SANTA";"NE_0001";"";"NE_0001";"NE_0001";"NE_0001";"NE_0001";"NE_0001";"NE_0001";"NE_0001"
"2023";"05";"060801";"CAJAMARCA";"JAEN";"JAEN";"GOBIERNO REGIONAL";"I-3";"00025526";"LOS SAUCES";"NE_0001";"";"NE_0001";"NE_0001";"NE_0001";"NE_0001";"NE_0001";"NE_0001";"NE_0001"
"2023";"05";"060801";"CAJAMARCA";"JAEN";"JAEN";"GOBIERNO REGIONAL";"I-3";"00004212";"MAGLLANAL";"NE_0001";"";"NE_0001";"NE_0001";"NE_0001";"NE_0001";"NE_0001";"NE_0001";"NE_0001"
"2023";"05";"060801";"CAJAMARCA";"JAEN";"JAEN";"GOBIERNO REGIONAL";"I-1";"00016137";"RINCONADA LAJEÑA";"NE_0001";"";"NE_0001";"NE_0001";"NE_0001";"NE_0001";"NE_0001";"NE_0001";"NE_0001"
"2023";"05";"060801";"CAJAMARCA";"JAEN";"JAEN";"GOBIERNO REGIONAL";"I-1";"00015392";"SAN JOSE DE LA ALIANZA";"NE_0001";"";"NE_0001";"NE_0001";"NE_0001";"NE_0001";"NE_0001";"NE_0001";"NE_0001"
"2023";"05";"030201";"APURIMAC";"ANDAHUAYLAS";"ANDAHUAYLAS";"PRIVADO";"II-E";"00014017";"CLINICA PERUANA DE LOS ANDES";"240000";"HOSPITALIZACIÓN";"16";"16";"40";"16";"6";"186";"0"
"2023";"05";"150501";"LIMA";"CAÑETE";"SAN VICENTE DE CAÑETE";"GOBIERNO REGIONAL";"II-2";"00005986";"HOSPITAL REZOLA";"240100";"HOSPITALIZACIÓN QUIRÚRGICA CIRUGÍA GENERAL ";"115";"129";"481";"437";"20";"620";"1"
"2023";"05";"150501";"LIMA";"CAÑETE";"SAN VICENTE DE CAÑETE";"GOBIERNO REGIONAL";"II-2";"00005986";"HOSPITAL REZOLA";"241400";"HOSPITALIZACIÓN QUIRÚRGICA GINECO - OBSTETRICIA ";"208";"219";"459";"443";"24";"744";"0"
"2023";"05";"150501";"LIMA";"CAÑETE";"SAN VICENTE DE CAÑETE";"GOBIERNO REGIONAL";"II-2";"00005986";"HOSPITAL REZOLA";"241500";"HOSPITALIZACIÓN QUIRÚRGICA GINECOLOGÍA  ";"16";"19";"65";"56";"6";"186";"0"
"2023";"05";"150501";"LIMA";"CAÑETE";"SAN VICENTE DE CAÑETE";"GOBIERNO REGIONAL";"II-2";"00005986";"HOSPITAL REZOLA";"241800";"HOSPITALIZACIÓN DE MEDICINA MEDICINA GENERAL ";"90";"105";"537";"480";"25";"775";"17"
"2023";"05";"150501";"LIMA";"CAÑETE";"SAN VICENTE DE CAÑETE";"GOBIERNO REGIONAL";"II-2";"00005986";"HOSPITAL REZOLA";"242500";"HOSPITALIZACIÓN-PEDIATRÍA GENERAL-";"51";"55";"251";"232";"10";"310";"0"
"2023";"05";"150501";"LIMA";"CAÑETE";"SAN VICENTE DE CAÑETE";"GOBIERNO REGIONAL";"II-2";"00005986";"HOSPITAL REZOLA";"243200";"HOSPITALIZACIÓN DE PEDIATRÍA PEDIATRIA NEONATOLOGÍA";"20";"25";"141";"110";"10";"310";"0"
"2023";"05";"150501";"LIMA";"CAÑETE";"SAN VICENTE DE CAÑETE";"GOBIERNO REGIONAL";"II-2";"00005986";"HOSPITAL REZOLA";"250103";"UNIDAD DE CUIDADOS CRITICOS UNIDAD  DE CUIDADOS INTENSIVOS GENERALES  (UCI) MEDICINA";"3";"5";"38";"20";"4";"124";"3"
"2023";"05";"150501";"LIMA";"CAÑETE";"SAN VICENTE DE CAÑETE";"GOBIERNO REGIONAL";"II-2";"00005986";"HOSPITAL REZOLA";"250105";"UNIDAD DE CUIDADOS CRITICOS UNIDAD  DE CUIDADOS INTENSIVOS  (UCI) NEONATOLOGÍA";"8";"12";"88";"50";"5";"155";"2"
"2023";"05";"230303";"TACNA";"JORGE BASADRE";"ITE";"ESSALUD";"I-2";"00027545";"CENTRO DE ATENCION PRIMARIA I ITE";"NE_0001";"";"NE_0001";"NE_0001";"NE_0001";"NE_0001";"NE_0001";"NE_0001";"NE_0001"
"2023";"05";"130101";"LA LIBERTAD";"TRUJILLO";"TRUJILLO";"PRIVADO";"I-3";"00027028";"EL GALENO DE ICA";"NE_0001";"";"NE_0001";"NE_0001";"NE_0001";"NE_0001";"NE_0001";"NE_0001";"NE_0001"
"2023";"06";"150108";"LIMA";"LIMA";"CHORRILLOS";"SANIDAD DE LA POLICIA NACIONAL DEL PERU";"I-3";"00020382";"POLICLINICO POLICIAL CHORRILLOS";"NE_0001";"";"NE_0001";"NE_0001";"NE_0001";"NE_0001";"NE_0001";"NE_0001";"NE_0001"
"2023";"06";"010701";"AMAZONAS";"UTCUBAMBA";"BAGUA GRANDE";"SANIDAD DE LA POLICIA NACIONAL DEL PERU";"I-3";"00018106";"POLICLINICO POLICIAL BAGUA GRANDE";"NE_0001";"";"NE_0001";"NE_0001";"NE_0001";"NE_0001";"NE_0001";"NE_0001";"NE_0001"
"2023";"06";"140101";"LAMBAYEQUE";"CHICLAYO";"CHICLAYO";"PRIVADO";"II-E";"00008750";"CLINICA DEL PACIFICO S.A";"240000";"HOSPITALIZACIÓN";"352";"346";"1021";"1061";"51";"1581";"7"
"2023";"06";"140101";"LAMBAYEQUE";"CHICLAYO";"CHICLAYO";"PRIVADO";"II-E";"00008750";"CLINICA DEL PACIFICO S.A";"250100";"UNIDAD DE CUIDADOS CRITICOS UNIDAD  DE CUIDADOS INTENSIVOS GENERALES (UCI) ";"13";"14";"65";"52";"4";"124";"5"
"2023";"06";"150133";"LIMA";"LIMA";"SAN JUAN DE MIRAFLORES";"PRIVADO";"II-E";"00017676";"OFTALMOSALUD";"NE_0001";"";"NE_0001";"NE_0001";"NE_0001";"NE_0001";"NE_0001";"NE_0001";"NE_0001"
"2023";"08";"130703";"LA LIBERTAD";"PACASMAYO";"JEQUETEPEQUE";"ESSALUD";"I-2";"00009646";"POSTA DE SALUD JEQUETEPEQUE";"NE_0001";"";"NE_0001";"NE_0001";"NE_0001";"NE_0001";"NE_0001";"NE_0001";"NE_0001"
"2023";"08";"150142";"LIMA";"LIMA";"VILLA EL SALVADOR";"MINSA";"II-2";"00023159";"HOSPITAL DE EMERGENCIAS VILLA EL SALVADOR";"241800";"HOSPITALIZACIÓN DE MEDICINA MEDICINA GENERAL ";"3";"5";"149";"111";"4";"124";"0"
"2023";"08";"150142";"LIMA";"LIMA";"VILLA EL SALVADOR";"MINSA";"II-2";"00023159";"HOSPITAL DE EMERGENCIAS VILLA EL SALVADOR";"241700";"HOSPITALIZACIÓN QUIRÚRGICA GINECOLOGÍA   GINECOLOGIA ONCOLOGiCA";"21";"12";"43";"38";"3";"93";"0"
"2023";"08";"150142";"LIMA";"LIMA";"VILLA EL SALVADOR";"MINSA";"II-2";"00023159";"HOSPITAL DE EMERGENCIAS VILLA EL SALVADOR";"241800";"HOSPITALIZACIÓN DE MEDICINA MEDICINA GENERAL ";"140";"129";"1356";"1407";"48";"1488";"14"
"2023";"08";"150142";"LIMA";"LIMA";"VILLA EL SALVADOR";"MINSA";"II-2";"00023159";"HOSPITAL DE EMERGENCIAS VILLA EL SALVADOR";"241600";"HOSPITALIZACIÓN QUIRÚRGICA OBSTETRICIA   ";"464";"379";"789";"768";"42";"1302";"0"
"2023";"08";"150142";"LIMA";"LIMA";"VILLA EL SALVADOR";"MINSA";"II-2";"00023159";"HOSPITAL DE EMERGENCIAS VILLA EL SALVADOR";"242500";"HOSPITALIZACIÓN-PEDIATRÍA GENERAL-";"184";"173";"813";"772";"29";"929";"0"
"2023";"08";"150142";"LIMA";"LIMA";"VILLA EL SALVADOR";"MINSA";"II-2";"00023159";"HOSPITAL DE EMERGENCIAS VILLA EL SALVADOR";"240100";"HOSPITALIZACIÓN QUIRÚRGICA CIRUGÍA GENERAL ";"305";"262";"1406";"1526";"54";"1674";"1"
"2023";"08";"150142";"LIMA";"LIMA";"VILLA EL SALVADOR";"MINSA";"II-2";"00023159";"HOSPITAL DE EMERGENCIAS VILLA EL SALVADOR";"250103";"UNIDAD DE CUIDADOS CRITICOS UNIDAD  DE CUIDADOS INTENSIVOS GENERALES  (UCI) MEDICINA";"72";"16";"607";"527";"18";"558";"11"
"2023";"08";"150142";"LIMA";"LIMA";"VILLA EL SALVADOR";"MINSA";"II-2";"00023159";"HOSPITAL DE EMERGENCIAS VILLA EL SALVADOR";"250108";"UNIDAD DE CUIDADOS CRITICOS UNIDAD  DE CUIDADOS INTENSIVOS  (UCI) PEDIÁTRICA";"15";"2";"190";"164";"6";"186";"0"
"2023";"08";"150142";"LIMA";"LIMA";"VILLA EL SALVADOR";"MINSA";"II-2";"00023159";"HOSPITAL DE EMERGENCIAS VILLA EL SALVADOR";"250105";"UNIDAD DE CUIDADOS CRITICOS UNIDAD  DE CUIDADOS INTENSIVOS  (UCI) NEONATOLOGÍA";"28";"4";"200";"220";"8";"248";"4"
"2023";"08";"150142";"LIMA";"LIMA";"VILLA EL SALVADOR";"MINSA";"II-2";"00023159";"HOSPITAL DE EMERGENCIAS VILLA EL SALVADOR";"250201";"UNIDAD DE CUIDADOS CRITICOS UNIDAD DE CUIDADOS INTERMEDIOS  (UCIN) NEONATAL";"97";"72";"443";"417";"16";"496";"1"
"2023";"08";"150142";"LIMA";"LIMA";"VILLA EL SALVADOR";"MINSA";"II-2";"00023159";"HOSPITAL DE EMERGENCIAS VILLA EL SALVADOR";"241500";"HOSPITALIZACIÓN QUIRÚRGICA GINECOLOGÍA  ";"122";"96";"211";"171";"9";"279";"0"
"2023";"07";"250106";"UCAYALI";"CORONEL PORTILLO";"NUEVA REQUENA";"GOBIERNO REGIONAL";"I-1";"00013174";"SAN PABLO DE JUANTIA";"NE_0001";"";"NE_0001";"NE_0001";"NE_0001";"NE_0001";"NE_0001";"NE_0001";"NE_0001"
"2023";"07";"250106";"UCAYALI";"CORONEL PORTILLO";"NUEVA REQUENA";"GOBIERNO REGIONAL";"I-1";"00005450";"NARANJAL";"NE_0001";"";"NE_0001";"NE_0001";"NE_0001";"NE_0001";"NE_0001";"NE_0001";"NE_0001"
"2023";"07";"250106";"UCAYALI";"CORONEL PORTILLO";"NUEVA REQUENA";"GOBIERNO REGIONAL";"I-1";"00005449";"SHAMBO PORVENIR";"NE_0001";"";"NE_0001";"NE_0001";"NE_0001";"NE_0001";"NE_0001";"NE_0001";"NE_0001"
"2023";"07";"250106";"UCAYALI";"CORONEL PORTILLO";"NUEVA REQUENA";"GOBIERNO REGIONAL";"I-1";"00005448";"MIRAFLORES";"NE_0001";"";"NE_0001";"NE_0001";"NE_0001";"NE_0001";"NE_0001";"NE_0001";"NE_0001"
"2023";"07";"250106";"UCAYALI";"CORONEL PORTILLO";"NUEVA REQUENA";"GOBIERNO REGIONAL";"I-1";"00005447";"ESPERANZA  DE AGUAYTIA";"NE_0001";"";"NE_0001";"NE_0001";"NE_0001";"NE_0001";"NE_0001";"NE_0001";"NE_0001"
"2023";"07";"250106";"UCAYALI";"CORONEL PORTILLO";"NUEVA REQUENA";"GOBIERNO REGIONAL";"I-1";"00005446";"NUEVO PIURA";"NE_0001";"";"NE_0001";"NE_0001";"NE_0001";"NE_0001";"NE_0001";"NE_0001";"NE_0001"
"2023";"07";"250106";"UCAYALI";"CORONEL PORTILLO";"NUEVA REQUENA";"GOBIERNO REGIONAL";"I-1";"00005445";"JUVENTUD";"NE_0001";"";"NE_0001";"NE_0001";"NE_0001";"NE_0001";"NE_0001";"NE_0001";"NE_0001"
"2023";"07";"250102";"UCAYALI";"CORONEL PORTILLO";"CAMPOVERDE";"GOBIERNO REGIONAL";"I-1";"00005444";"SARITA COLONIA";"NE_0001";"";"NE_0001";"NE_0001";"NE_0001";"NE_0001";"NE_0001";"NE_0001";"NE_0001"
"2023";"07";"250106";"UCAYALI";"CORONEL PORTILLO";"NUEVA REQUENA";"GOBIERNO REGIONAL";"I-3";"00005443";"NUEVA REQUENA";"NE_0001";"";"NE_0001";"NE_0001";"NE_0001";"NE_0001";"NE_0001";"NE_0001";"NE_0001"
"2023";"09";"130203";"LA LIBERTAD";"ASCOPE";"CHOCOPE";"ESSALUD";"II-2";"00009037";"HOSPITAL II CHOCOPE";"241500";"HOSPITALIZACIÓN QUIRÚRGICA GINECOLOGÍA  ";"26";"27";"74";"78";"3";"90";"0"
"2023";"09";"130203";"LA LIBERTAD";"ASCOPE";"CHOCOPE";"ESSALUD";"II-2";"00009037";"HOSPITAL II CHOCOPE";"241600";"HOSPITALIZACIÓN QUIRÚRGICA OBSTETRICIA   ";"45";"46";"97";"104";"4";"120";"0"
"2023";"09";"130203";"LA LIBERTAD";"ASCOPE";"CHOCOPE";"ESSALUD";"II-2";"00009037";"HOSPITAL II CHOCOPE";"242300";"HOSPITALIZACIÓN DE PEDIATRÍA  PEDIATRÍA  GENERAL ";"40";"43";"144";"135";"5";"150";"0"
"2023";"09";"150130";"LIMA";"LIMA";"SAN BORJA";"PRIVADO";"II-E";"00011372";"FUTURO VISION";"NE_0001";"";"NE_0001";"NE_0001";"NE_0001";"NE_0001";"NE_0001";"NE_0001";"NE_0001"
"2023";"09";"150140";"LIMA";"LIMA";"SANTIAGO DE SURCO";"PRIVADO";"II-E";"00023741";"CLINICA OFTALMO VISSUM";"NE_0001";"";"NE_0001";"NE_0001";"NE_0001";"NE_0001";"NE_0001";"NE_0001";"NE_0001"
"2023";"09";"130902";"LA LIBERTAD";"SANCHEZ CARRION";"CHUGAY";"GOBIERNO REGIONAL";"I-2";"00005353";"UCHUBAMBA";"NE_0001";"";"NE_0001";"NE_0001";"NE_0001";"NE_0001";"NE_0001";"NE_0001";"NE_0001"
"2023";"09";"130902";"LA LIBERTAD";"SANCHEZ CARRION";"CHUGAY";"GOBIERNO REGIONAL";"I-2";"00005354";"COCHABAMBA";"NE_0001";"";"NE_0001";"NE_0001";"NE_0001";"NE_0001";"NE_0001";"NE_0001";"NE_0001"
"2023";"09";"130902";"LA LIBERTAD";"SANCHEZ CARRION";"CHUGAY";"GOBIERNO REGIONAL";"I-2";"00017924";"UCHUY";"NE_0001";"";"NE_0001";"NE_0001";"NE_0001";"NE_0001";"NE_0001";"NE_0001";"NE_0001"
"2023";"09";"130902";"LA LIBERTAD";"SANCHEZ CARRION";"CHUGAY";"GOBIERNO REGIONAL";"I-2";"00005352";"CHUGAY";"NE_0001";"";"NE_0001";"NE_0001";"NE_0001";"NE_0001";"NE_0001";"NE_0001";"NE_0001"
"2023";"09";"130902";"LA LIBERTAD";"SANCHEZ CARRION";"CHUGAY";"GOBIERNO REGIONAL";"I-1";"00018297";"HUAGUIL";"NE_0001";"";"NE_0001";"NE_0001";"NE_0001";"NE_0001";"NE_0001";"NE_0001";"NE_0001"
"2023";"09";"130902";"LA LIBERTAD";"SANCHEZ CARRION";"CHUGAY";"GOBIERNO REGIONAL";"I-1";"00029509";"PUESTO DE SALUD AHIJADERO";"NE_0001";"";"NE_0001";"NE_0001";"NE_0001";"NE_0001";"NE_0001";"NE_0001";"NE_0001"
"2023";"09";"130902";"LA LIBERTAD";"SANCHEZ CARRION";"CHUGAY";"GOBIERNO REGIONAL";"I-1";"00024527";"NUEVO HUAYCHO";"NE_0001";"";"NE_0001";"NE_0001";"NE_0001";"NE_0001";"NE_0001";"NE_0001";"NE_0001"
"2023";"09";"130902";"LA LIBERTAD";"SANCHEZ CARRION";"CHUGAY";"GOBIERNO REGIONAL";"I-2";"00018225";"CANUCUBAMBA";"NE_0001";"";"NE_0001";"NE_0001";"NE_0001";"NE_0001";"NE_0001";"NE_0001";"NE_0001"
"2023";"05";"200101";"PIURA";"PIURA";"PIURA";"PRIVADO";"I-3";"00024833";"MEDITRAN PERU EIRL";"NE_0001";"";"NE_0001";"NE_0001";"NE_0001";"NE_0001";"NE_0001";"NE_0001";"NE_0001"
"2023";"05";"110101";"ICA";"ICA";"ICA";"GOBIERNO REGIONAL";"II-1";"00003359";"SANTA MARIA DEL SOCORRO";"240100";"HOSPITALIZACIÓN QUIRÚRGICA CIRUGÍA GENERAL ";"82";"93";"510";"525";"23";"713";"0"
"2023";"05";"110101";"ICA";"ICA";"ICA";"GOBIERNO REGIONAL";"II-1";"00003359";"SANTA MARIA DEL SOCORRO";"241400";"HOSPITALIZACIÓN QUIRÚRGICA GINECO - OBSTETRICIA ";"202";"214";"557";"568";"31";"961";"0"
"2023";"05";"110101";"ICA";"ICA";"ICA";"GOBIERNO REGIONAL";"II-1";"00003359";"SANTA MARIA DEL SOCORRO";"241500";"HOSPITALIZACIÓN QUIRÚRGICA GINECOLOGÍA  ";"56";"59";"182";"206";"12";"372";"0"
"2023";"05";"110101";"ICA";"ICA";"ICA";"GOBIERNO REGIONAL";"II-1";"00003359";"SANTA MARIA DEL SOCORRO";"241900";"HOSPITALIZACIÓN DE MEDICINA MEDICINA INTERNA ";"50";"58";"335";"212";"14";"434";"2"
"2023";"05";"110101";"ICA";"ICA";"ICA";"GOBIERNO REGIONAL";"II-1";"00003359";"SANTA MARIA DEL SOCORRO";"242500";"HOSPITALIZACIÓN-PEDIATRÍA GENERAL-";"44";"52";"213";"415";"18";"558";"1"
"2023";"05";"110101";"ICA";"ICA";"ICA";"GOBIERNO REGIONAL";"II-1";"00003359";"SANTA MARIA DEL SOCORRO";"243200";"HOSPITALIZACIÓN DE PEDIATRÍA PEDIATRIA NEONATOLOGÍA";"16";"18";"94";"164";"7";"217";"1"
"2023";"05";"110101";"ICA";"ICA";"ICA";"GOBIERNO REGIONAL";"II-1";"00003359";"SANTA MARIA DEL SOCORRO";"250103";"UNIDAD DE CUIDADOS CRITICOS UNIDAD  DE CUIDADOS INTENSIVOS GENERALES  (UCI) MEDICINA";"1";"1";"2";"51";"3";"93";"1"
"2023";"05";"070106";"CALLAO";"CALLAO";"VENTANILLA";"GOBIERNO REGIONAL";"I-4";"00006256";"CENTRO DE SALUD VILLA LOS REYES";"241600";"HOSPITALIZACIÓN QUIRÚRGICA OBSTETRICIA   ";"10";"10";"10";"124";"4";"124";"0"
"2023";"05";"140101";"LAMBAYEQUE";"CHICLAYO";"CHICLAYO";"GOBIERNO REGIONAL";"II-2";"00004317";"HOSPITAL REGIONAL DOCENTE LAS MERCEDES";"241600";"HOSPITALIZACIÓN QUIRÚRGICA OBSTETRICIA   ";"106";"126";"315";"9";"43";"1333";"0"
"2023";"05";"140101";"LAMBAYEQUE";"CHICLAYO";"CHICLAYO";"GOBIERNO REGIONAL";"II-2";"00004317";"HOSPITAL REGIONAL DOCENTE LAS MERCEDES";"241800";"HOSPITALIZACIÓN DE MEDICINA MEDICINA GENERAL ";"147";"190";"780";"18";"57";"1767";"16"
"2023";"05";"140101";"LAMBAYEQUE";"CHICLAYO";"CHICLAYO";"GOBIERNO REGIONAL";"II-2";"00004317";"HOSPITAL REGIONAL DOCENTE LAS MERCEDES";"240100";"HOSPITALIZACIÓN QUIRÚRGICA CIRUGÍA GENERAL ";"31";"38";"169";"4";"30";"930";"0"
"2023";"05";"140101";"LAMBAYEQUE";"CHICLAYO";"CHICLAYO";"GOBIERNO REGIONAL";"II-2";"00004317";"HOSPITAL REGIONAL DOCENTE LAS MERCEDES";"241500";"HOSPITALIZACIÓN QUIRÚRGICA GINECOLOGÍA  ";"20";"21";"57";"2";"14";"434";"0"
"2023";"05";"140101";"LAMBAYEQUE";"CHICLAYO";"CHICLAYO";"GOBIERNO REGIONAL";"II-2";"00004317";"HOSPITAL REGIONAL DOCENTE LAS MERCEDES";"242300";"HOSPITALIZACIÓN DE PEDIATRÍA  PEDIATRÍA  GENERAL ";"35";"53";"208";"6";"29";"899";"3"
"2023";"05";"140101";"LAMBAYEQUE";"CHICLAYO";"CHICLAYO";"GOBIERNO REGIONAL";"II-2";"00004317";"HOSPITAL REGIONAL DOCENTE LAS MERCEDES";"243200";"HOSPITALIZACIÓN DE PEDIATRÍA PEDIATRIA NEONATOLOGÍA";"74";"97";"358";"7";"20";"620";"1"
"2023";"05";"140101";"LAMBAYEQUE";"CHICLAYO";"CHICLAYO";"GOBIERNO REGIONAL";"II-2";"00004317";"HOSPITAL REGIONAL DOCENTE LAS MERCEDES";"241200";"HOSPITALIZACIÓN QUIRÚRGICA TRAUMATOLOGÍA Y ORTOPEDIA ";"3";"9";"127";"1";"14";"434";"0"
"2023";"05";"140101";"LAMBAYEQUE";"CHICLAYO";"CHICLAYO";"GOBIERNO REGIONAL";"II-2";"00004317";"HOSPITAL REGIONAL DOCENTE LAS MERCEDES";"240801";"HOSPITALIZACIÓN QUIRÚRGICA CIRUGÍA PLÁSTICA/RECONSTRUCTIVA/ REPARADORA QUEMADOS";"1";"3";"17";"1";"13";"403";"0"
"2023";"05";"140101";"LAMBAYEQUE";"CHICLAYO";"CHICLAYO";"GOBIERNO REGIONAL";"II-2";"00004317";"HOSPITAL REGIONAL DOCENTE LAS MERCEDES";"250100";"UNIDAD DE CUIDADOS CRITICOS UNIDAD  DE CUIDADOS INTENSIVOS GENERALES (UCI) ";"1";"1";"6";"1";"6";"186";"1"
"2023";"07";"070101";"CALLAO";"CALLAO";"CALLAO";"GOBIERNO REGIONAL";"I-2";"00006248";"PUESTO DE SALUD POLIGONO IV";"NE_0001";"";"NE_0001";"NE_0001";"NE_0001";"NE_0001";"NE_0001";"NE_0001";"NE_0001"
"2023";"07";"130101";"LA LIBERTAD";"TRUJILLO";"TRUJILLO";"ESSALUD";"II-1";"00008685";"HOSPITAL I ALBRECHT";"241800";"HOSPITALIZACIÓN DE MEDICINA MEDICINA GENERAL ";"27";"28";"167";"186";"6";"187";"1"
"2023";"07";"130101";"LA LIBERTAD";"TRUJILLO";"TRUJILLO";"ESSALUD";"II-1";"00008685";"HOSPITAL I ALBRECHT";"240100";"HOSPITALIZACIÓN QUIRÚRGICA CIRUGÍA GENERAL ";"43";"44";"161";"152";"7";"201";"0"
"2023";"07";"130101";"LA LIBERTAD";"TRUJILLO";"TRUJILLO";"ESSALUD";"II-1";"00008685";"HOSPITAL I ALBRECHT";"241500";"HOSPITALIZACIÓN QUIRÚRGICA GINECOLOGÍA  ";"66";"68";"102";"100";"4";"134";"0"
"2023";"07";"130101";"LA LIBERTAD";"TRUJILLO";"TRUJILLO";"ESSALUD";"II-1";"00008685";"HOSPITAL I ALBRECHT";"241600";"HOSPITALIZACIÓN QUIRÚRGICA OBSTETRICIA   ";"27";"27";"51";"49";"3";"115";"0"
"2023";"07";"130101";"LA LIBERTAD";"TRUJILLO";"TRUJILLO";"ESSALUD";"II-1";"00008685";"HOSPITAL I ALBRECHT";"242300";"HOSPITALIZACIÓN DE PEDIATRÍA  PEDIATRÍA  GENERAL ";"42";"42";"98";"91";"4";"120";"0"
"2023";"07";"150121";"LIMA";"LIMA";"PUEBLO LIBRE";"PRIVADO";"II-2";"00008325";"CLINICA CENTENARIO PERUANO JAPONESA";"250100";"UNIDAD DE CUIDADOS CRITICOS UNIDAD  DE CUIDADOS INTENSIVOS GENERALES (UCI) ";"23";"24";"97";"129";"8";"248";"4"
"2023";"07";"150121";"LIMA";"LIMA";"PUEBLO LIBRE";"PRIVADO";"II-2";"00008325";"CLINICA CENTENARIO PERUANO JAPONESA";"250200";"UNIDAD DE CUIDADOS CRITICOS UNIDAD DE CUIDADOS INTERMEDIOS GENERAL  (UCIN) ";"31";"31";"48";"94";"6";"186";"1"
"2023";"07";"150121";"LIMA";"LIMA";"PUEBLO LIBRE";"PRIVADO";"II-2";"00008325";"CLINICA CENTENARIO PERUANO JAPONESA";"250105";"UNIDAD DE CUIDADOS CRITICOS UNIDAD  DE CUIDADOS INTENSIVOS  (UCI) NEONATOLOGÍA";"3";"3";"6";"27";"4";"124";"1"
"2023";"07";"150121";"LIMA";"LIMA";"PUEBLO LIBRE";"PRIVADO";"II-2";"00008325";"CLINICA CENTENARIO PERUANO JAPONESA";"250305";"HOSPIT. EN UNIDAD DE CUID.INTEN.-UNIDAD DE VIGILANCIA INTENSIVA (UVI)-NEONATOLOGÍA";"7";"7";"35";"27";"4";"124";"1"
"2023";"08";"120606";"JUNIN";"SATIPO";"PANGOA";"GOBIERNO REGIONAL";"I-2";"00000447";"VILLA MARIA";"NE_0001";"";"NE_0001";"NE_0001";"NE_0001";"NE_0001";"NE_0001";"NE_0001";"NE_0001"
"2023";"08";"120606";"JUNIN";"SATIPO";"PANGOA";"GOBIERNO REGIONAL";"I-3";"00000443";"SAN RAMON DE PANGOA";"NE_0001";"";"NE_0001";"NE_0001";"NE_0001";"NE_0001";"NE_0001";"NE_0001";"NE_0001"
"2023";"08";"120606";"JUNIN";"SATIPO";"PANGOA";"GOBIERNO REGIONAL";"I-1";"00000456";"SANTA ROSA ALTO KIATARI";"NE_0001";"";"NE_0001";"NE_0001";"NE_0001";"NE_0001";"NE_0001";"NE_0001";"NE_0001"
"2023";"08";"120606";"JUNIN";"SATIPO";"PANGOA";"GOBIERNO REGIONAL";"I-1";"00000450";"ALTO KIATARI";"NE_0001";"";"NE_0001";"NE_0001";"NE_0001";"NE_0001";"NE_0001";"NE_0001";"NE_0001"
"2023";"08";"120606";"JUNIN";"SATIPO";"PANGOA";"GOBIERNO REGIONAL";"I-1";"00000453";"UNION CHAVINI";"NE_0001";"";"NE_0001";"NE_0001";"NE_0001";"NE_0001";"NE_0001";"NE_0001";"NE_0001"
"2023";"08";"120606";"JUNIN";"SATIPO";"PANGOA";"GOBIERNO REGIONAL";"I-1";"00000440";"SAN JOSE DE MIRAFLORES";"NE_0001";"";"NE_0001";"NE_0001";"NE_0001";"NE_0001";"NE_0001";"NE_0001";"NE_0001"
"2023";"08";"120606";"JUNIN";"SATIPO";"PANGOA";"GOBIERNO REGIONAL";"I-1";"00000458";"VILCABAMBA";"NE_0001";"";"NE_0001";"NE_0001";"NE_0001";"NE_0001";"NE_0001";"NE_0001";"NE_0001"
"2023";"08";"040109";"AREQUIPA";"AREQUIPA";"MARIANO MELGAR";"GOBIERNO REGIONAL";"I-2";"00001309";"PUESTO DE SALUD JERUSALEN";"NE_0001";"";"NE_0001";"NE_0001";"NE_0001";"NE_0001";"NE_0001";"NE_0001";"NE_0001"
"2023";"08";"040109";"AREQUIPA";"AREQUIPA";"MARIANO MELGAR";"GOBIERNO REGIONAL";"I-2";"00007722";"PUESTO DE SALUD EL MIRADOR";"NE_0001";"";"NE_0001";"NE_0001";"NE_0001";"NE_0001";"NE_0001";"NE_0001";"NE_0001"
"2023";"08";"040109";"AREQUIPA";"AREQUIPA";"MARIANO MELGAR";"GOBIERNO REGIONAL";"I-3";"00001295";"CENTRO DE SALUD GENERALISIMO SAN MARTIN";"NE_0001";"";"NE_0001";"NE_0001";"NE_0001";"NE_0001";"NE_0001";"NE_0001";"NE_0001"
"2023";"08";"120708";"JUNIN";"TARMA";"SAN PEDRO DE CAJAS";"GOBIERNO REGIONAL";"I-1";"00000535";"SAN JOSE DE CAYASH";"NE_0001";"";"NE_0001";"NE_0001";"NE_0001";"NE_0001";"NE_0001";"NE_0001";"NE_0001"
"2023";"08";"120708";"JUNIN";"TARMA";"SAN PEDRO DE CAJAS";"GOBIERNO REGIONAL";"I-1";"00010344";"PURHUARACRA";"NE_0001";"";"NE_0001";"NE_0001";"NE_0001";"NE_0001";"NE_0001";"NE_0001";"NE_0001"
"2023";"08";"120708";"JUNIN";"TARMA";"SAN PEDRO DE CAJAS";"GOBIERNO REGIONAL";"I-3";"00000534";"SAN PEDRO DE CAJAS";"NE_0001";"";"NE_0001";"NE_0001";"NE_0001";"NE_0001";"NE_0001";"NE_0001";"NE_0001"
"2023";"08";"150117";"LIMA";"LIMA";"LOS OLIVOS";"PRIVADO";"II-E";"00017847";"CLINICA DEL NORTE";"241400";"HOSPITALIZACIÓN QUIRÚRGICA GINECO - OBSTETRICIA ";"14";"18";"26";"15";"5";"115";"0"
"2023";"08";"110101";"ICA";"ICA";"ICA";"PRIVADO";"II-E";"00009627";"SAN MARTIN";"NE_0002";"";"NE_0002";"NE_0002";"NE_0002";"NE_0002";"NE_0002";"NE_0002";"NE_0002"
"2023";"08";"150140";"LIMA";"LIMA";"SANTIAGO DE SURCO";"PRIVADO";"II-E";"00011110";"CLINICA CAMPBELL";"240800";"HOSPITALIZACIÓN QUIRÚRGICA CIRUGÍA PLÁSTICA/RECONSTRUCTIVA/ REPARADORA ";"12";"12";"12";"12";"2";"60";"0"
"2023";"08";"030201";"APURIMAC";"ANDAHUAYLAS";"ANDAHUAYLAS";"ESSALUD";"II-1";"00011214";"HOSPITAL I SANTA MARGARITA";"241800";"HOSPITALIZACIÓN DE MEDICINA MEDICINA GENERAL ";"39";"32";"242";"220";"6";"220";"1"
"2023";"08";"030201";"APURIMAC";"ANDAHUAYLAS";"ANDAHUAYLAS";"ESSALUD";"II-1";"00011214";"HOSPITAL I SANTA MARGARITA";"240100";"HOSPITALIZACIÓN QUIRÚRGICA CIRUGÍA GENERAL ";"33";"28";"140";"134";"4";"134";"1"
"2023";"08";"030201";"APURIMAC";"ANDAHUAYLAS";"ANDAHUAYLAS";"ESSALUD";"II-1";"00011214";"HOSPITAL I SANTA MARGARITA";"241400";"HOSPITALIZACIÓN QUIRÚRGICA GINECO - OBSTETRICIA ";"8";"7";"20";"17";"1";"17";"0"
"2023";"08";"030201";"APURIMAC";"ANDAHUAYLAS";"ANDAHUAYLAS";"ESSALUD";"II-1";"00011214";"HOSPITAL I SANTA MARGARITA";"241600";"HOSPITALIZACIÓN QUIRÚRGICA OBSTETRICIA   ";"39";"39";"109";"104";"3";"104";"0"
"2023";"08";"030201";"APURIMAC";"ANDAHUAYLAS";"ANDAHUAYLAS";"ESSALUD";"II-1";"00011214";"HOSPITAL I SANTA MARGARITA";"242300";"HOSPITALIZACIÓN DE PEDIATRÍA  PEDIATRÍA  GENERAL ";"7";"5";"21";"21";"2";"21";"0"
"2023";"08";"120105";"JUNIN";"HUANCAYO";"CHACAPAMPA";"GOBIERNO REGIONAL";"I-1";"00000696";"LOS ANGELES";"NE_0002";"";"NE_0002";"NE_0002";"NE_0002";"NE_0002";"NE_0002";"NE_0002";"NE_0002"
"2023";"08";"150101";"LIMA";"LIMA";"LIMA";"PRIVADO";"II-E";"00026473";"OBRA DE SAN CAMILO";"240000";"HOSPITALIZACIÓN";"70";"74";"213";"74";"1";"25";"0"
"2023";"08";"150113";"LIMA";"LIMA";"JESUS MARIA";"ESSALUD";"III-E";"00018011";"INSTITUTO NACIONAL CARDIOVASCULAR CARLOS ALBERTO PESCHIERA CARRILLO – INCOR –ESSALUD";"244000";"HOSPITALIZACIÓN DE MEDICINA CARDIOLOGIA ";"66";"64";"550";"716";"28";"868";"3"
"2023";"08";"150113";"LIMA";"LIMA";"JESUS MARIA";"ESSALUD";"III-E";"00018011";"INSTITUTO NACIONAL CARDIOVASCULAR CARLOS ALBERTO PESCHIERA CARRILLO – INCOR –ESSALUD";"244000";"HOSPITALIZACIÓN DE MEDICINA CARDIOLOGIA ";"149";"140";"216";"100";"9";"216";"0"
"2023";"08";"150113";"LIMA";"LIMA";"JESUS MARIA";"ESSALUD";"III-E";"00018011";"INSTITUTO NACIONAL CARDIOVASCULAR CARLOS ALBERTO PESCHIERA CARRILLO – INCOR –ESSALUD";"242600";"HOSPITALIZACIÓN DE PEDIATRÍA PEDIATRIA CARDIOLOGÍA PEDIÁTRICA";"94";"106";"885";"790";"36";"1116";"3"
"2023";"08";"150113";"LIMA";"LIMA";"JESUS MARIA";"ESSALUD";"III-E";"00018011";"INSTITUTO NACIONAL CARDIOVASCULAR CARLOS ALBERTO PESCHIERA CARRILLO – INCOR –ESSALUD";"240400";"HOSPITALIZACIÓN QUIRÚRGICA CIRUGÍA DE TÓRAX Y CARDIOVASCULAR ";"36";"48";"941";"928";"38";"1178";"2"
"2023";"08";"250101";"UCAYALI";"CORONEL PORTILLO";"CALLERIA";"ESSALUD";"II-2";"00009600";"HOSPITAL II PUCALLPA- ESSALUD";"241800";"HOSPITALIZACIÓN DE MEDICINA MEDICINA GENERAL ";"180";"157";"1646";"1316";"50";"1550";"8"
"2023";"08";"250101";"UCAYALI";"CORONEL PORTILLO";"CALLERIA";"ESSALUD";"II-2";"00009600";"HOSPITAL II PUCALLPA- ESSALUD";"250300";"UNIDAD DE CUIDADOS CRITICOS UNIDAD DE VIGILANCIA INTENSIVA  CLINICA (UVIC) ";"17";"15";"137";"153";"7";"217";"5"
"2023";"08";"250101";"UCAYALI";"CORONEL PORTILLO";"CALLERIA";"ESSALUD";"II-2";"00009600";"HOSPITAL II PUCALLPA- ESSALUD";"240100";"HOSPITALIZACIÓN QUIRÚRGICA CIRUGÍA GENERAL ";"313";"300";"1180";"1056";"48";"1488";"0"
"2023";"08";"250101";"UCAYALI";"CORONEL PORTILLO";"CALLERIA";"ESSALUD";"II-2";"00009600";"HOSPITAL II PUCALLPA- ESSALUD";"241600";"HOSPITALIZACIÓN QUIRÚRGICA OBSTETRICIA   ";"168";"159";"334";"370";"18";"558";"0"
"2023";"08";"250101";"UCAYALI";"CORONEL PORTILLO";"CALLERIA";"ESSALUD";"II-2";"00009600";"HOSPITAL II PUCALLPA- ESSALUD";"241500";"HOSPITALIZACIÓN QUIRÚRGICA GINECOLOGÍA  ";"47";"43";"146";"130";"12";"372";"0"
"2023";"08";"250101";"UCAYALI";"CORONEL PORTILLO";"CALLERIA";"ESSALUD";"II-2";"00009600";"HOSPITAL II PUCALLPA- ESSALUD";"242300";"HOSPITALIZACIÓN DE PEDIATRÍA  PEDIATRÍA  GENERAL ";"77";"71";"232";"244";"15";"465";"0"
"2023";"08";"250101";"UCAYALI";"CORONEL PORTILLO";"CALLERIA";"ESSALUD";"II-2";"00009600";"HOSPITAL II PUCALLPA- ESSALUD";"243200";"HOSPITALIZACIÓN DE PEDIATRÍA PEDIATRIA NEONATOLOGÍA";"23";"21";"52";"71";"5";"155";"0"
"2023";"08";"070102";"CALLAO";"CALLAO";"BELLAVISTA";"GOBIERNO REGIONAL";"II-E";"00017883";"HOSPITAL DE REHABILITACION DEL CALLAO";"NE_0001";"";"NE_0001";"NE_0001";"NE_0001";"NE_0001";"NE_0001";"NE_0001";"NE_0001"
"2023";"08";"250201";"UCAYALI";"ATALAYA";"RAIMONDI";"ESSALUD";"I-3";"00031879";"CENTRO MEDICO DE  ATALAYA - ESSALUD";"NE_0001";"";"NE_0001";"NE_0001";"NE_0001";"NE_0001";"NE_0001";"NE_0001";"NE_0001"
"2023";"08";"221005";"SAN MARTIN";"TOCACHE";"UCHIZA";"ESSALUD";"I-2";"00010704";"POSTA MEDICA UCHIZA";"NE_0001";"";"NE_0001";"NE_0001";"NE_0001";"NE_0001";"NE_0001";"NE_0001";"NE_0001"
"2023";"08";"040104";"AREQUIPA";"AREQUIPA";"CERRO COLORADO";"PRIVADO";"II-1";"00027214";"CLINICA SAN PABLO AREQUIPA";"250400";"UNIDAD DE CUIDADOS CRITICOS UNIDAD DE QUEMADOS (GRAN QUEMADO) ";"1";"1";"9";"10";"2";"62";"0"
"2023";"08";"040104";"AREQUIPA";"AREQUIPA";"CERRO COLORADO";"PRIVADO";"II-1";"00027214";"CLINICA SAN PABLO AREQUIPA";"240000";"HOSPITALIZACIÓN";"200";"202";"641";"810";"60";"1860";"0"
"2023";"08";"021601";"ANCASH";"POMABAMBA";"POMABAMBA";"GOBIERNO REGIONAL";"II-1";"00001765";"HOSPITAL DE APOYO DE POMABAMBA ""ANTONIO CALDAS DOMINGUEZ""";"240100";"HOSPITALIZACIÓN QUIRÚRGICA CIRUGÍA GENERAL ";"17";"17";"49";"49";"14";"434";"0"
"2023";"08";"021601";"ANCASH";"POMABAMBA";"POMABAMBA";"GOBIERNO REGIONAL";"II-1";"00001765";"HOSPITAL DE APOYO DE POMABAMBA ""ANTONIO CALDAS DOMINGUEZ""";"241500";"HOSPITALIZACIÓN QUIRÚRGICA GINECOLOGÍA  ";"19";"19";"50";"50";"2";"62";"0"
"2023";"08";"021601";"ANCASH";"POMABAMBA";"POMABAMBA";"GOBIERNO REGIONAL";"II-1";"00001765";"HOSPITAL DE APOYO DE POMABAMBA ""ANTONIO CALDAS DOMINGUEZ""";"241600";"HOSPITALIZACIÓN QUIRÚRGICA OBSTETRICIA   ";"25";"25";"53";"53";"3";"93";"0"
"2023";"08";"021601";"ANCASH";"POMABAMBA";"POMABAMBA";"GOBIERNO REGIONAL";"II-1";"00001765";"HOSPITAL DE APOYO DE POMABAMBA ""ANTONIO CALDAS DOMINGUEZ""";"241800";"HOSPITALIZACIÓN DE MEDICINA MEDICINA GENERAL ";"11";"11";"49";"49";"4";"124";"0"
"2023";"08";"021601";"ANCASH";"POMABAMBA";"POMABAMBA";"GOBIERNO REGIONAL";"II-1";"00001765";"HOSPITAL DE APOYO DE POMABAMBA ""ANTONIO CALDAS DOMINGUEZ""";"242500";"HOSPITALIZACIÓN-PEDIATRÍA GENERAL-";"3";"3";"4";"4";"7";"217";"0"
"2023";"08";"130207";"LA LIBERTAD";"ASCOPE";"SANTIAGO DE CAO";"ESSALUD";"I-2";"00012114";"POSTA DE SALUD SANTIAGO DE CAO";"NE_0001";"";"NE_0001";"NE_0001";"NE_0001";"NE_0001";"NE_0001";"NE_0001";"NE_0001"
"2023";"08";"060501";"CAJAMARCA";"CONTUMAZA";"CONTUMAZA";"GOBIERNO REGIONAL";"I-1";"00004630";"EL MOTE";"NE_0001";"";"NE_0001";"NE_0001";"NE_0001";"NE_0001";"NE_0001";"NE_0001";"NE_0001"
"2023";"08";"060502";"CAJAMARCA";"CONTUMAZA";"CHILETE";"GOBIERNO REGIONAL";"I-1";"00004545";"LLALLAN";"NE_0001";"";"NE_0001";"NE_0001";"NE_0001";"NE_0001";"NE_0001";"NE_0001";"NE_0001"
"2023";"08";"060501";"CAJAMARCA";"CONTUMAZA";"CONTUMAZA";"GOBIERNO REGIONAL";"I-1";"00004632";"CORRALES DE CHANTA";"NE_0001";"";"NE_0001";"NE_0001";"NE_0001";"NE_0001";"NE_0001";"NE_0001";"NE_0001"
"2023";"08";"060502";"CAJAMARCA";"CONTUMAZA";"CHILETE";"GOBIERNO REGIONAL";"I-4";"00004538";"DE APOYO CHILETE";"240000";"HOSPITALIZACIÓN";"14";"15";"35";"36";"9";"247";"0"
"2023";"08";"060507";"CAJAMARCA";"CONTUMAZA";"TANTARICA";"GOBIERNO REGIONAL";"I-2";"00004544";"CATÁN - TANTARICA";"NE_0001";"";"NE_0001";"NE_0001";"NE_0001";"NE_0001";"NE_0001";"NE_0001";"NE_0001"
"2023";"08";"060501";"CAJAMARCA";"CONTUMAZA";"CONTUMAZA";"GOBIERNO REGIONAL";"I-1";"00004622";"CATUDEN";"NE_0001";"";"NE_0001";"NE_0001";"NE_0001";"NE_0001";"NE_0001";"NE_0001";"NE_0001"
"2023";"08";"150132";"LIMA";"LIMA";"SAN JUAN DE LURIGANCHO";"PRIVADO";"II-E";"00012267";"CLINICA SAN MARCOS";"240100";"HOSPITALIZACIÓN QUIRÚRGICA CIRUGÍA GENERAL ";"22";"22";"26";"55";"5";"157";"0"
"2023";"08";"150132";"LIMA";"LIMA";"SAN JUAN DE LURIGANCHO";"PRIVADO";"II-E";"00012267";"CLINICA SAN MARCOS";"240200";"HOSPITALIZACIÓN QUIRÚRGICA CIRUGÍA DE CABEZA Y CUELLO / MÁXILO FACIAL ";"1";"1";"2";"2";"1";"31";"0"
"2023";"08";"150132";"LIMA";"LIMA";"SAN JUAN DE LURIGANCHO";"PRIVADO";"II-E";"00012267";"CLINICA SAN MARCOS";"240400";"HOSPITALIZACIÓN QUIRÚRGICA CIRUGÍA DE TÓRAX Y CARDIOVASCULAR ";"1";"1";"2";"2";"1";"31";"0"
"2023";"08";"150132";"LIMA";"LIMA";"SAN JUAN DE LURIGANCHO";"PRIVADO";"II-E";"00012267";"CLINICA SAN MARCOS";"241200";"HOSPITALIZACIÓN QUIRÚRGICA TRAUMATOLOGÍA Y ORTOPEDIA ";"5";"5";"5";"5";"2";"55";"0"
"2023";"08";"150132";"LIMA";"LIMA";"SAN JUAN DE LURIGANCHO";"PRIVADO";"II-E";"00012267";"CLINICA SAN MARCOS";"241300";"HOSPITALIZACIÓN QUIRÚRGICA UROLOGÍA  ";"3";"3";"3";"3";"3";"64";"0"
"2023";"08";"150132";"LIMA";"LIMA";"SAN JUAN DE LURIGANCHO";"PRIVADO";"II-E";"00012267";"CLINICA SAN MARCOS";"241400";"HOSPITALIZACIÓN QUIRÚRGICA GINECO - OBSTETRICIA ";"5";"5";"10";"15";"2";"63";"0"
"2023";"08";"150132";"LIMA";"LIMA";"SAN JUAN DE LURIGANCHO";"PRIVADO";"II-E";"00012267";"CLINICA SAN MARCOS";"241900";"HOSPITALIZACIÓN DE MEDICINA MEDICINA INTERNA ";"4";"4";"7";"2";"2";"31";"0"
"2023";"08";"120114";"JUNIN";"HUANCAYO";"EL TAMBO";"ESSALUD";"III-1";"00008652";"HOSPITAL NACIONAL RAMIRO PRIALE PRIALE";"242200";"HOSPITALIZACIÓN DE MEDICINA PSIQUIATRÍA ";"16";"11";"299";"338";"15";"465";"0"
"2023";"08";"120114";"JUNIN";"HUANCAYO";"EL TAMBO";"ESSALUD";"III-1";"00008652";"HOSPITAL NACIONAL RAMIRO PRIALE PRIALE";"242000";"HOSPITALIZACIÓN DE MEDICINA MEDICINA TROPICAL E INFECCIOSAS ";"12";"8";"107";"150";"5";"155";"0"
"2023";"08";"120114";"JUNIN";"HUANCAYO";"EL TAMBO";"ESSALUD";"III-1";"00008652";"HOSPITAL NACIONAL RAMIRO PRIALE PRIALE";"240400";"HOSPITALIZACIÓN QUIRÚRGICA CIRUGÍA DE TÓRAX Y CARDIOVASCULAR ";"12";"12";"30";"30";"1";"31";"0"
"2023";"08";"120114";"JUNIN";"HUANCAYO";"EL TAMBO";"ESSALUD";"III-1";"00008652";"HOSPITAL NACIONAL RAMIRO PRIALE PRIALE";"240400";"HOSPITALIZACIÓN QUIRÚRGICA CIRUGÍA DE TÓRAX Y CARDIOVASCULAR ";"5";"5";"61";"60";"2";"62";"0"
"2023";"08";"120114";"JUNIN";"HUANCAYO";"EL TAMBO";"ESSALUD";"III-1";"00008652";"HOSPITAL NACIONAL RAMIRO PRIALE PRIALE";"240100";"HOSPITALIZACIÓN QUIRÚRGICA CIRUGÍA GENERAL ";"200";"206";"1165";"1153";"38";"1178";"1"
"2023";"08";"120114";"JUNIN";"HUANCAYO";"EL TAMBO";"ESSALUD";"III-1";"00008652";"HOSPITAL NACIONAL RAMIRO PRIALE PRIALE";"240900";"HOSPITALIZACIÓN QUIRÚRGICA NEUROCIRUGÍA ";"17";"18";"109";"100";"4";"124";"0"
"2023";"08";"120114";"JUNIN";"HUANCAYO";"EL TAMBO";"ESSALUD";"III-1";"00008652";"HOSPITAL NACIONAL RAMIRO PRIALE PRIALE";"241200";"HOSPITALIZACIÓN QUIRÚRGICA TRAUMATOLOGÍA Y ORTOPEDIA ";"112";"104";"746";"760";"24";"764";"0"
"2023";"08";"120114";"JUNIN";"HUANCAYO";"EL TAMBO";"ESSALUD";"III-1";"00008652";"HOSPITAL NACIONAL RAMIRO PRIALE PRIALE";"241100";"HOSPITALIZACIÓN QUIRÚRGICA OTORRINOLARINGOLOGÍA  ";"4";"3";"9";"10";"1";"11";"0"
"2023";"08";"120114";"JUNIN";"HUANCAYO";"EL TAMBO";"ESSALUD";"III-1";"00008652";"HOSPITAL NACIONAL RAMIRO PRIALE PRIALE";"241300";"HOSPITALIZACIÓN QUIRÚRGICA UROLOGÍA  ";"45";"46";"287";"260";"9";"279";"0"
"2023";"08";"120114";"JUNIN";"HUANCAYO";"EL TAMBO";"ESSALUD";"III-1";"00008652";"HOSPITAL NACIONAL RAMIRO PRIALE PRIALE";"241600";"HOSPITALIZACIÓN QUIRÚRGICA OBSTETRICIA   ";"90";"235";"1189";"600";"22";"682";"0"
"2023";"08";"120114";"JUNIN";"HUANCAYO";"EL TAMBO";"ESSALUD";"III-1";"00008652";"HOSPITAL NACIONAL RAMIRO PRIALE PRIALE";"241500";"HOSPITALIZACIÓN QUIRÚRGICA GINECOLOGÍA  ";"69";"64";"243";"243";"8";"248";"0"
"2023";"08";"120114";"JUNIN";"HUANCAYO";"EL TAMBO";"ESSALUD";"III-1";"00008652";"HOSPITAL NACIONAL RAMIRO PRIALE PRIALE";"241700";"HOSPITALIZACIÓN QUIRÚRGICA GINECOLOGÍA   GINECOLOGIA ONCOLOGiCA";"11";"13";"69";"59";"2";"62";"0"
"2023";"08";"120114";"JUNIN";"HUANCAYO";"EL TAMBO";"ESSALUD";"III-1";"00008652";"HOSPITAL NACIONAL RAMIRO PRIALE PRIALE";"242300";"HOSPITALIZACIÓN DE PEDIATRÍA  PEDIATRÍA  GENERAL ";"85";"90";"363";"337";"11";"341";"0"
"2023";"05";"240101";"TUMBES";"TUMBES";"TUMBES";"GOBIERNO REGIONAL";"I-2";"00001883";"PUERTO PIZARRO";"NE_0001";"";"NE_0001";"NE_0001";"NE_0001";"NE_0001";"NE_0001";"NE_0001";"NE_0001"
"2023";"05";"240101";"TUMBES";"TUMBES";"TUMBES";"GOBIERNO REGIONAL";"I-3";"00001884";"CLAS ANDRES ARAUJO MORAN";"NE_0001";"";"NE_0001";"NE_0001";"NE_0001";"NE_0001";"NE_0001";"NE_0001";"NE_0001"
"2023";"05";"240101";"TUMBES";"TUMBES";"TUMBES";"GOBIERNO REGIONAL";"0";"00013886";"LABORATORIO DE REFERENCIA REGIONAL DE SALUD PUBLICA";"NE_0001";"";"NE_0001";"NE_0001";"NE_0001";"NE_0001";"NE_0001";"NE_0001";"NE_0001"
"2023";"05";"240104";"TUMBES";"TUMBES";"PAMPAS DE HOSPITAL";"GOBIERNO REGIONAL";"I-2";"00001876";"CABUYAL";"NE_0001";"";"NE_0001";"NE_0001";"NE_0001";"NE_0001";"NE_0001";"NE_0001";"NE_0001"
"2023";"05";"240106";"TUMBES";"TUMBES";"SAN JUAN DE LA VIRGEN";"GOBIERNO REGIONAL";"I-1";"00001881";"GARBANZAL";"NE_0001";"";"NE_0001";"NE_0001";"NE_0001";"NE_0001";"NE_0001";"NE_0001";"NE_0001"
"2023";"05";"240101";"TUMBES";"TUMBES";"TUMBES";"GOBIERNO REGIONAL";"0";"00027613";"SAMU -TUMBES";"NE_0001";"";"NE_0001";"NE_0001";"NE_0001";"NE_0001";"NE_0001";"NE_0001";"NE_0001"
"2023";"05";"240104";"TUMBES";"TUMBES";"PAMPAS DE HOSPITAL";"GOBIERNO REGIONAL";"I-3";"00001875";"PAMPAS DE HOSPITAL";"NE_0001";"";"NE_0001";"NE_0001";"NE_0001";"NE_0001";"NE_0001";"NE_0001";"NE_0001"
"2023";"05";"240104";"TUMBES";"TUMBES";"PAMPAS DE HOSPITAL";"GOBIERNO REGIONAL";"I-1";"00001878";"EL LIMON";"NE_0001";"";"NE_0001";"NE_0001";"NE_0001";"NE_0001";"NE_0001";"NE_0001";"NE_0001"
"2023";"05";"240106";"TUMBES";"TUMBES";"SAN JUAN DE LA VIRGEN";"GOBIERNO REGIONAL";"I-3";"00001879";"CLAS SAN JUAN DE LA VIRGEN";"NE_0001";"";"NE_0001";"NE_0001";"NE_0001";"NE_0001";"NE_0001";"NE_0001";"NE_0001"
"2023";"05";"240101";"TUMBES";"TUMBES";"TUMBES";"GOBIERNO REGIONAL";"I-4";"00001882";"PAMPA GRANDE";"241800";"HOSPITALIZACIÓN DE MEDICINA MEDICINA GENERAL ";"13";"13";"15";"13";"1";"31";"0"
"2023";"05";"240101";"TUMBES";"TUMBES";"TUMBES";"GOBIERNO REGIONAL";"I-4";"00001882";"PAMPA GRANDE";"241600";"HOSPITALIZACIÓN QUIRÚRGICA OBSTETRICIA   ";"4";"4";"4";"4";"1";"31";"0"
"2023";"05";"240101";"TUMBES";"TUMBES";"TUMBES";"GOBIERNO REGIONAL";"I-2";"00023014";"GERARDO GONZALES VILLEGAS";"NE_0001";"";"NE_0001";"NE_0001";"NE_0001";"NE_0001";"NE_0001";"NE_0001";"NE_0001"
"2023";"05";"060801";"CAJAMARCA";"JAEN";"JAEN";"PRIVADO";"I-3";"00030976";"CENTRO MEDICO SALUD & VIAL JAEN";"NE_0001";"";"NE_0001";"NE_0001";"NE_0001";"NE_0001";"NE_0001";"NE_0001";"NE_0001"
"2023";"05";"040104";"AREQUIPA";"AREQUIPA";"CERRO COLORADO";"GOBIERNO REGIONAL";"I-3";"00001238";"CENTRO DE SALUD MARISCAL CASTILLA";"NE_0001";"";"NE_0001";"NE_0001";"NE_0001";"NE_0001";"NE_0001";"NE_0001";"NE_0001"
"2023";"05";"040104";"AREQUIPA";"AREQUIPA";"CERRO COLORADO";"GOBIERNO REGIONAL";"I-3";"00001249";"CENTRO DE SALUD SEMI RURAL PACHACUTEC";"NE_0001";"";"NE_0001";"NE_0001";"NE_0001";"NE_0001";"NE_0001";"NE_0001";"NE_0001"
"2023";"05";"040104";"AREQUIPA";"AREQUIPA";"CERRO COLORADO";"GOBIERNO REGIONAL";"I-2";"00001250";"PUESTO DE SALUD JOSE SANTOS ATAHUALPA";"NE_0001";"";"NE_0001";"NE_0001";"NE_0001";"NE_0001";"NE_0001";"NE_0001";"NE_0001"
"2023";"05";"040104";"AREQUIPA";"AREQUIPA";"CERRO COLORADO";"GOBIERNO REGIONAL";"I-1";"00001252";"PUESTO DE SALUD EL CURAL";"NE_0001";"";"NE_0001";"NE_0001";"NE_0001";"NE_0001";"NE_0001";"NE_0001";"NE_0001"
"2023";"05";"080909";"CUSCO";"LA CONVENCION";"VILCABAMBA";"GOBIERNO REGIONAL";"I-4";"00002480";"PUCYURA";"NE_0001";"";"NE_0001";"NE_0001";"NE_0001";"NE_0001";"NE_0001";"NE_0001";"NE_0001"
"2023";"05";"080911";"CUSCO";"LA CONVENCION";"INKAWASI";"GOBIERNO REGIONAL";"I-1";"00002481";"CCARCCO";"NE_0001";"";"NE_0001";"NE_0001";"NE_0001";"NE_0001";"NE_0001";"NE_0001";"NE_0001"
"2023";"05";"080909";"CUSCO";"LA CONVENCION";"VILCABAMBA";"GOBIERNO REGIONAL";"I-1";"00002486";"PAMPACONAS";"NE_0001";"";"NE_0001";"NE_0001";"NE_0001";"NE_0001";"NE_0001";"NE_0001";"NE_0001"
"2023";"05";"080909";"CUSCO";"LA CONVENCION";"VILCABAMBA";"GOBIERNO REGIONAL";"I-2";"00002484";"OYARA";"NE_0001";"";"NE_0001";"NE_0001";"NE_0001";"NE_0001";"NE_0001";"NE_0001";"NE_0001"
"2023";"05";"080909";"CUSCO";"LA CONVENCION";"VILCABAMBA";"GOBIERNO REGIONAL";"I-1";"00002490";"ARMA";"NE_0001";"";"NE_0001";"NE_0001";"NE_0001";"NE_0001";"NE_0001";"NE_0001";"NE_0001"
"2023";"05";"080911";"CUSCO";"LA CONVENCION";"INKAWASI";"GOBIERNO REGIONAL";"I-3";"00002482";"INCAHUASI";"NE_0001";"";"NE_0001";"NE_0001";"NE_0001";"NE_0001";"NE_0001";"NE_0001";"NE_0001"
"2023";"05";"080911";"CUSCO";"LA CONVENCION";"INKAWASI";"GOBIERNO REGIONAL";"I-1";"00002487";"CHOQUETIRA";"NE_0001";"";"NE_0001";"NE_0001";"NE_0001";"NE_0001";"NE_0001";"NE_0001";"NE_0001"
"2023";"06";"150135";"LIMA";"LIMA";"SAN MARTIN DE PORRES";"SANIDAD DE LA POLICIA NACIONAL DEL PERU";"I-3";"00011876";"POLICLINICO PNP SAN MARTIN DE PORRES";"NE_0001";"";"NE_0001";"NE_0001";"NE_0001";"NE_0001";"NE_0001";"NE_0001";"NE_0001"
"2023";"06";"110111";"ICA";"ICA";"SANTIAGO";"ESSALUD";"I-3";"00011968";"SANTA MARGARITA";"NE_0001";"";"NE_0001";"NE_0001";"NE_0001";"NE_0001";"NE_0001";"NE_0001";"NE_0001"
"2023";"06";"040112";"AREQUIPA";"AREQUIPA";"PAUCARPATA";"GOBIERNO REGIONAL";"I-2";"00001317";"CENTRO DE SALUD MIGUEL GRAU  B";"NE_0001";"";"NE_0001";"NE_0001";"NE_0001";"NE_0001";"NE_0001";"NE_0001";"NE_0001"
"2023";"06";"040112";"AREQUIPA";"AREQUIPA";"PAUCARPATA";"GOBIERNO REGIONAL";"I-2";"00001318";"PUESTO DE SALUD MIGUEL GRAU  MODULO C-D";"NE_0001";"";"NE_0001";"NE_0001";"NE_0001";"NE_0001";"NE_0001";"NE_0001";"NE_0001"
"2023";"06";"040112";"AREQUIPA";"AREQUIPA";"PAUCARPATA";"GOBIERNO REGIONAL";"I-3";"00001298";"CENTRO DE SALUD 15 DE AGOSTO";"NE_0001";"";"NE_0001";"NE_0001";"NE_0001";"NE_0001";"NE_0001";"NE_0001";"NE_0001"
"2023";"06";"040112";"AREQUIPA";"AREQUIPA";"PAUCARPATA";"GOBIERNO REGIONAL";"I-2";"00001316";"PUESTO DE SALUD MIGUEL GRAU  MODULO A";"NE_0001";"";"NE_0001";"NE_0001";"NE_0001";"NE_0001";"NE_0001";"NE_0001";"NE_0001"
"2023";"06";"051011";"AYACUCHO";"VICTOR FAJARDO";"SARHUA";"GOBIERNO REGIONAL";"I-1";"00003505";"TOMANGA";"NE_0001";"";"NE_0001";"NE_0001";"NE_0001";"NE_0001";"NE_0001";"NE_0001";"NE_0001"
"2023";"06";"051011";"AYACUCHO";"VICTOR FAJARDO";"SARHUA";"GOBIERNO REGIONAL";"I-1";"00003500";"PUESTO DE SALUD CHUQUI HUARCAYA";"NE_0001";"";"NE_0001";"NE_0001";"NE_0001";"NE_0001";"NE_0001";"NE_0001";"NE_0001"
"2023";"06";"050202";"AYACUCHO";"CANGALLO";"CHUSCHI";"GOBIERNO REGIONAL";"I-3";"00003502";"CENTRO DE SALUD CHUSCHI";"241400";"HOSPITALIZACIÓN QUIRÚRGICA GINECO - OBSTETRICIA ";"2";"2";"6";"2";"3";"5";"0"
"2023";"06";"050202";"AYACUCHO";"CANGALLO";"CHUSCHI";"GOBIERNO REGIONAL";"I-1";"00003504";"PUESTO DE SALUD CANCHA CANCHA";"NE_0001";"";"NE_0001";"NE_0001";"NE_0001";"NE_0001";"NE_0001";"NE_0001";"NE_0001"
"2023";"06";"050204";"AYACUCHO";"CANGALLO";"MARIA PARADO DE BELLIDO";"GOBIERNO REGIONAL";"I-3";"00003509";"CENTRO DE SALUD POMABAMBA";"240100";"HOSPITALIZACIÓN QUIRÚRGICA CIRUGÍA GENERAL ";"8";"8";"13";"1";"2";"3";"0"
"2023";"06";"050204";"AYACUCHO";"CANGALLO";"MARIA PARADO DE BELLIDO";"GOBIERNO REGIONAL";"I-3";"00003509";"CENTRO DE SALUD POMABAMBA";"241400";"HOSPITALIZACIÓN QUIRÚRGICA GINECO - OBSTETRICIA ";"1";"1";"2";"3";"5";"6";"0"
"2023";"06";"051011";"AYACUCHO";"VICTOR FAJARDO";"SARHUA";"GOBIERNO REGIONAL";"I-3";"00003512";"PUESTO DE SALUD SARHUA";"NE_0002";"";"NE_0002";"NE_0002";"NE_0002";"NE_0002";"NE_0002";"NE_0002";"NE_0002"
"2023";"06";"050202";"AYACUCHO";"CANGALLO";"CHUSCHI";"GOBIERNO REGIONAL";"I-1";"00003503";"PUESTO DE SALUD CHACOLLA";"NE_0001";"";"NE_0001";"NE_0001";"NE_0001";"NE_0001";"NE_0001";"NE_0001";"NE_0001"
"2023";"06";"051008";"AYACUCHO";"VICTOR FAJARDO";"HUAMANQUIQUIA";"GOBIERNO REGIONAL";"I-1";"00003832";"PUESTO DE SALUD PATARA";"NE_0001";"";"NE_0001";"NE_0001";"NE_0001";"NE_0001";"NE_0001";"NE_0001";"NE_0001"
"2023";"06";"051011";"AYACUCHO";"VICTOR FAJARDO";"SARHUA";"GOBIERNO REGIONAL";"I-1";"00003511";"PUESTO DE SALUD AUQUILLA";"NE_0001";"";"NE_0001";"NE_0001";"NE_0001";"NE_0001";"NE_0001";"NE_0001";"NE_0001"
"2023";"06";"220901";"SAN MARTIN";"SAN MARTIN";"TARAPOTO";"GOBIERNO REGIONAL";"I-3";"00006362";"CENTRO DE SALUD NUEVE DE ABRIL";"NE_0001";"";"NE_0001";"NE_0001";"NE_0001";"NE_0001";"NE_0001";"NE_0001";"NE_0001"
"2023";"06";"150605";"LIMA";"HUARAL";"CHANCAY";"GOBIERNO REGIONAL";"II-2";"00007638";"HOSPITAL DE CHANCAY Y SBS Dr. HIDALGO ATOCHE L¿PEZ";"240100";"HOSPITALIZACIÓN QUIRÚRGICA CIRUGÍA GENERAL ";"29";"33";"94";"88";"8";"240";"0"
"2023";"06";"150605";"LIMA";"HUARAL";"CHANCAY";"GOBIERNO REGIONAL";"II-2";"00007638";"HOSPITAL DE CHANCAY Y SBS Dr. HIDALGO ATOCHE L¿PEZ";"241200";"HOSPITALIZACIÓN QUIRÚRGICA TRAUMATOLOGÍA Y ORTOPEDIA ";"6";"7";"83";"83";"5";"150";"0"
"2023";"06";"150605";"LIMA";"HUARAL";"CHANCAY";"GOBIERNO REGIONAL";"II-2";"00007638";"HOSPITAL DE CHANCAY Y SBS Dr. HIDALGO ATOCHE L¿PEZ";"241300";"HOSPITALIZACIÓN QUIRÚRGICA UROLOGÍA  ";"1";"2";"12";"12";"1";"30";"0"
"2023";"06";"150605";"LIMA";"HUARAL";"CHANCAY";"GOBIERNO REGIONAL";"II-2";"00007638";"HOSPITAL DE CHANCAY Y SBS Dr. HIDALGO ATOCHE L¿PEZ";"241600";"HOSPITALIZACIÓN QUIRÚRGICA OBSTETRICIA   ";"77";"81";"171";"149";"13";"390";"0"
"2023";"06";"150605";"LIMA";"HUARAL";"CHANCAY";"GOBIERNO REGIONAL";"II-2";"00007638";"HOSPITAL DE CHANCAY Y SBS Dr. HIDALGO ATOCHE L¿PEZ";"241800";"HOSPITALIZACIÓN DE MEDICINA MEDICINA GENERAL ";"38";"47";"297";"297";"16";"480";"2"
"2023";"06";"150605";"LIMA";"HUARAL";"CHANCAY";"GOBIERNO REGIONAL";"II-2";"00007638";"HOSPITAL DE CHANCAY Y SBS Dr. HIDALGO ATOCHE L¿PEZ";"242500";"HOSPITALIZACIÓN-PEDIATRÍA GENERAL-";"26";"30";"111";"107";"14";"420";"0"
"2023";"06";"150605";"LIMA";"HUARAL";"CHANCAY";"GOBIERNO REGIONAL";"II-2";"00007638";"HOSPITAL DE CHANCAY Y SBS Dr. HIDALGO ATOCHE L¿PEZ";"243200";"HOSPITALIZACIÓN DE PEDIATRÍA PEDIATRIA NEONATOLOGÍA";"1";"3";"25";"25";"6";"180";"0"
"2023";"06";"150605";"LIMA";"HUARAL";"CHANCAY";"GOBIERNO REGIONAL";"II-2";"00007638";"HOSPITAL DE CHANCAY Y SBS Dr. HIDALGO ATOCHE L¿PEZ";"250103";"UNIDAD DE CUIDADOS CRITICOS UNIDAD  DE CUIDADOS INTENSIVOS GENERALES  (UCI) MEDICINA";"3";"3";"26";"26";"4";"120";"0"
"2023";"06";"150605";"LIMA";"HUARAL";"CHANCAY";"GOBIERNO REGIONAL";"II-2";"00007638";"HOSPITAL DE CHANCAY Y SBS Dr. HIDALGO ATOCHE L¿PEZ";"250105";"UNIDAD DE CUIDADOS CRITICOS UNIDAD  DE CUIDADOS INTENSIVOS  (UCI) NEONATOLOGÍA";"0";"1";"26";"26";"2";"60";"0"
"2023";"06";"150113";"LIMA";"LIMA";"JESUS MARIA";"ESSALUD";"III-E";"00018011";"INSTITUTO NACIONAL CARDIOVASCULAR CARLOS ALBERTO PESCHIERA CARRILLO – INCOR –ESSALUD";"244000";"HOSPITALIZACIÓN DE MEDICINA CARDIOLOGIA ";"90";"73";"645";"746";"28";"817";"5"
"2023";"06";"150113";"LIMA";"LIMA";"JESUS MARIA";"ESSALUD";"III-E";"00018011";"INSTITUTO NACIONAL CARDIOVASCULAR CARLOS ALBERTO PESCHIERA CARRILLO – INCOR –ESSALUD";"244000";"HOSPITALIZACIÓN DE MEDICINA CARDIOLOGIA ";"162";"157";"179";"114";"9";"225";"0"
"2023";"06";"150113";"LIMA";"LIMA";"JESUS MARIA";"ESSALUD";"III-E";"00018011";"INSTITUTO NACIONAL CARDIOVASCULAR CARLOS ALBERTO PESCHIERA CARRILLO – INCOR –ESSALUD";"242600";"HOSPITALIZACIÓN DE PEDIATRÍA PEDIATRIA CARDIOLOGÍA PEDIÁTRICA";"108";"114";"1135";"940";"37";"1110";"2"
"2023";"06";"150113";"LIMA";"LIMA";"JESUS MARIA";"ESSALUD";"III-E";"00018011";"INSTITUTO NACIONAL CARDIOVASCULAR CARLOS ALBERTO PESCHIERA CARRILLO – INCOR –ESSALUD";"240400";"HOSPITALIZACIÓN QUIRÚRGICA CIRUGÍA DE TÓRAX Y CARDIOVASCULAR ";"32";"70";"2461";"889";"37";"1093";"7"
"2023";"06";"080101";"CUSCO";"CUSCO";"CUSCO";"PRIVADO";"II-E";"00016758";"HERMANA JOSEFINA SERRANO";"240000";"HOSPITALIZACIÓN";"19";"14";"102";"18";"44";"1320";"1"
"2023";"06";"021305";"ANCASH";"MARISCAL LUZURIAGA";"LLAMA";"GOBIERNO REGIONAL";"I-2";"00001788";"PUESTO DE SALUD LLAMA";"NE_0001";"";"NE_0001";"NE_0001";"NE_0001";"NE_0001";"NE_0001";"NE_0001";"NE_0001"
"2023";"06";"021306";"ANCASH";"MARISCAL LUZURIAGA";"LLUMPA";"GOBIERNO REGIONAL";"I-2";"00001789";"PUESTO DE SALUD LLUMPA";"NE_0001";"";"NE_0001";"NE_0001";"NE_0001";"NE_0001";"NE_0001";"NE_0001";"NE_0001"
"2023";"06";"021905";"ANCASH";"SIHUAS";"CHINGALPO";"GOBIERNO REGIONAL";"I-1";"00001800";"PUESTO DE SALUD CHINGALPO";"NE_0002";"";"NE_0002";"NE_0002";"NE_0002";"NE_0002";"NE_0002";"NE_0002";"NE_0002"
"2023";"06";"021905";"ANCASH";"SIHUAS";"CHINGALPO";"GOBIERNO REGIONAL";"I-1";"00001754";"PUESTO DE SALUD SAN MIGUEL";"NE_0002";"";"NE_0002";"NE_0002";"NE_0002";"NE_0002";"NE_0002";"NE_0002";"NE_0002"
"2023";"06";"021907";"ANCASH";"SIHUAS";"QUICHES";"GOBIERNO REGIONAL";"I-3";"00001806";"CENTRO DE SALUD QUICHES";"241400";"HOSPITALIZACIÓN QUIRÚRGICA GINECO - OBSTETRICIA ";"1";"1";"1";"1";"1";"5";"0"
"2023";"06";"150108";"LIMA";"LIMA";"CHORRILLOS";"PRIVADO";"II-1";"00011950";"CLINICA CHORRILLOS";"NE_0002";"";"NE_0002";"NE_0002";"NE_0002";"NE_0002";"NE_0002";"NE_0002";"NE_0002"
"2023";"04";"060109";"CAJAMARCA";"CAJAMARCA";"MAGDALENA";"GOBIERNO REGIONAL";"I-1";"00016886";"SAN CRISTOBAL";"NE_0001";"";"NE_0001";"NE_0001";"NE_0001";"NE_0001";"NE_0001";"NE_0001";"NE_0001"
"2023";"04";"060101";"CAJAMARCA";"CAJAMARCA";"CAJAMARCA";"GOBIERNO REGIONAL";"I-2";"00015496";"CHONTAPACCHA";"NE_0001";"";"NE_0001";"NE_0001";"NE_0001";"NE_0001";"NE_0001";"NE_0001";"NE_0001"
"2023";"04";"060101";"CAJAMARCA";"CAJAMARCA";"CAJAMARCA";"GOBIERNO REGIONAL";"I-3";"00004657";"PACHACUTEC";"NE_0001";"";"NE_0001";"NE_0001";"NE_0001";"NE_0001";"NE_0001";"NE_0001";"NE_0001"
"2023";"04";"060101";"CAJAMARCA";"CAJAMARCA";"CAJAMARCA";"GOBIERNO REGIONAL";"I-1";"00004656";"ATAHUALPA";"NE_0001";"";"NE_0001";"NE_0001";"NE_0001";"NE_0001";"NE_0001";"NE_0001";"NE_0001"
"2023";"04";"060101";"CAJAMARCA";"CAJAMARCA";"CAJAMARCA";"GOBIERNO REGIONAL";"I-1";"00004654";"SAMANACRUZ";"NE_0001";"";"NE_0001";"NE_0001";"NE_0001";"NE_0001";"NE_0001";"NE_0001";"NE_0001"
"2023";"04";"060103";"CAJAMARCA";"CAJAMARCA";"CHETILLA";"GOBIERNO REGIONAL";"I-2";"00004653";"CHETILLA";"NE_0001";"";"NE_0001";"NE_0001";"NE_0001";"NE_0001";"NE_0001";"NE_0001";"NE_0001"
"2023";"04";"060101";"CAJAMARCA";"CAJAMARCA";"CAJAMARCA";"GOBIERNO REGIONAL";"I-1";"00004652";"LUCMACUCHO";"NE_0001";"";"NE_0001";"NE_0001";"NE_0001";"NE_0001";"NE_0001";"NE_0001";"NE_0001"
"2023";"04";"060101";"CAJAMARCA";"CAJAMARCA";"CAJAMARCA";"GOBIERNO REGIONAL";"I-1";"00004651";"CHAMIS";"NE_0001";"";"NE_0001";"NE_0001";"NE_0001";"NE_0001";"NE_0001";"NE_0001";"NE_0001"
"2023";"04";"060109";"CAJAMARCA";"CAJAMARCA";"MAGDALENA";"GOBIERNO REGIONAL";"I-1";"00004631";"CUMBICO";"NE_0001";"";"NE_0001";"NE_0001";"NE_0001";"NE_0001";"NE_0001";"NE_0001";"NE_0001"
"2023";"05";"120504";"JUNIN";"JUNIN";"ULCUMAYO";"GOBIERNO REGIONAL";"I-1";"00000317";"RAYMONDI";"NE_0001";"";"NE_0001";"NE_0001";"NE_0001";"NE_0001";"NE_0001";"NE_0001";"NE_0001"
"2023";"05";"120304";"JUNIN";"CHANCHAMAYO";"SAN LUIS DE SHUARO";"GOBIERNO REGIONAL";"I-1";"00000316";"SANTA HERMINIA BAJA";"NE_0001";"";"NE_0001";"NE_0001";"NE_0001";"NE_0001";"NE_0001";"NE_0001";"NE_0001"
"2023";"05";"120304";"JUNIN";"CHANCHAMAYO";"SAN LUIS DE SHUARO";"GOBIERNO REGIONAL";"I-3";"00000315";"SANCHIRIO PALOMAR";"NE_0001";"";"NE_0001";"NE_0001";"NE_0001";"NE_0001";"NE_0001";"NE_0001";"NE_0001"
"2023";"05";"120304";"JUNIN";"CHANCHAMAYO";"SAN LUIS DE SHUARO";"GOBIERNO REGIONAL";"I-3";"00000314";"SAN LUIS DE SHUARO";"NE_0001";"";"NE_0001";"NE_0001";"NE_0001";"NE_0001";"NE_0001";"NE_0001";"NE_0001"
"2023";"05";"120301";"JUNIN";"CHANCHAMAYO";"CHANCHAMAYO";"GOBIERNO REGIONAL";"I-1";"00000312";"PUEBLO PARDO";"NE_0001";"";"NE_0001";"NE_0001";"NE_0001";"NE_0001";"NE_0001";"NE_0001";"NE_0001"
"2023";"05";"120301";"JUNIN";"CHANCHAMAYO";"CHANCHAMAYO";"GOBIERNO REGIONAL";"I-2";"00000311";"VILLA PROGRESO";"NE_0001";"";"NE_0001";"NE_0001";"NE_0001";"NE_0001";"NE_0001";"NE_0001";"NE_0001"
"2023";"06";"020801";"ANCASH";"CASMA";"CASMA";"ESSALUD";"I-3";"00009057";"CENTRO MEDICO CASMA";"NE_0001";"";"NE_0001";"NE_0001";"NE_0001";"NE_0001";"NE_0001";"NE_0001";"NE_0001"
"2023";"07";"150143";"LIMA";"LIMA";"VILLA MARIA DEL TRIUNFO";"PRIVADO";"I-2";"00018825";"GUILLERMO KAELIN DE LA FUENTE";"NE_0001";"";"NE_0001";"NE_0001";"NE_0001";"NE_0001";"NE_0001";"NE_0001";"NE_0001"
"2023";"07";"050905";"AYACUCHO";"SUCRE";"HUACAÑA";"GOBIERNO REGIONAL";"I-1";"00003719";"PUESTO DE SALUD HUACAÑA";"NE_0001";"";"NE_0001";"NE_0001";"NE_0001";"NE_0001";"NE_0001";"NE_0001";"NE_0001"
"2023";"07";"050901";"AYACUCHO";"SUCRE";"QUEROBAMBA";"GOBIERNO REGIONAL";"I-1";"00003802";"PUESTO DE SALUD POTONGO";"NE_0001";"";"NE_0001";"NE_0001";"NE_0001";"NE_0001";"NE_0001";"NE_0001";"NE_0001"
"2023";"04";"040101";"AREQUIPA";"AREQUIPA";"AREQUIPA";"PRIVADO";"II-E";"00016486";"CLÍNICA DE OJOS Y LA VISTA FUNDAR E.I.R.L.";"NE_0001";"";"NE_0001";"NE_0001";"NE_0001";"NE_0001";"NE_0001";"NE_0001";"NE_0001"
"2023";"05";"170101";"MADRE DE DIOS";"TAMBOPATA";"TAMBOPATA";"ESSALUD";"II-1";"00009319";"HOSPITAL I VICTOR ALFREDO LAZO PERALTA";"241800";"HOSPITALIZACIÓN DE MEDICINA MEDICINA GENERAL ";"65";"70";"439";"372";"23";"713";"1"
"2023";"05";"170101";"MADRE DE DIOS";"TAMBOPATA";"TAMBOPATA";"ESSALUD";"II-1";"00009319";"HOSPITAL I VICTOR ALFREDO LAZO PERALTA";"240100";"HOSPITALIZACIÓN QUIRÚRGICA CIRUGÍA GENERAL ";"54";"55";"233";"211";"10";"310";"0"
"2023";"05";"170101";"MADRE DE DIOS";"TAMBOPATA";"TAMBOPATA";"ESSALUD";"II-1";"00009319";"HOSPITAL I VICTOR ALFREDO LAZO PERALTA";"241400";"HOSPITALIZACIÓN QUIRÚRGICA GINECO - OBSTETRICIA ";"56";"57";"134";"127";"10";"310";"0"
"2023";"05";"170101";"MADRE DE DIOS";"TAMBOPATA";"TAMBOPATA";"ESSALUD";"II-1";"00009319";"HOSPITAL I VICTOR ALFREDO LAZO PERALTA";"242300";"HOSPITALIZACIÓN DE PEDIATRÍA  PEDIATRÍA  GENERAL ";"51";"52";"123";"109";"4";"124";"1"
"2023";"05";"060101";"CAJAMARCA";"CAJAMARCA";"CAJAMARCA";"ESSALUD";"II-2";"00010272";"HOSPITAL II CAJAMARCA";"241800";"HOSPITALIZACIÓN DE MEDICINA MEDICINA GENERAL ";"35";"32";"473";"510";"17";"527";"3"
"2023";"05";"060101";"CAJAMARCA";"CAJAMARCA";"CAJAMARCA";"ESSALUD";"II-2";"00010272";"HOSPITAL II CAJAMARCA";"240100";"HOSPITALIZACIÓN QUIRÚRGICA CIRUGÍA GENERAL ";"141";"143";"424";"410";"14";"434";"0"
"2023";"05";"060101";"CAJAMARCA";"CAJAMARCA";"CAJAMARCA";"ESSALUD";"II-2";"00010272";"HOSPITAL II CAJAMARCA";"241500";"HOSPITALIZACIÓN QUIRÚRGICA GINECOLOGÍA  ";"35";"31";"106";"108";"4";"124";"0"
"2023";"05";"060101";"CAJAMARCA";"CAJAMARCA";"CAJAMARCA";"ESSALUD";"II-2";"00010272";"HOSPITAL II CAJAMARCA";"241600";"HOSPITALIZACIÓN QUIRÚRGICA OBSTETRICIA   ";"147";"144";"342";"334";"16";"496";"0"
"2023";"05";"060101";"CAJAMARCA";"CAJAMARCA";"CAJAMARCA";"ESSALUD";"II-2";"00010272";"HOSPITAL II CAJAMARCA";"242300";"HOSPITALIZACIÓN DE PEDIATRÍA  PEDIATRÍA  GENERAL ";"64";"58";"237";"272";"9";"273";"0"
"2023";"05";"060101";"CAJAMARCA";"CAJAMARCA";"CAJAMARCA";"ESSALUD";"II-2";"00010272";"HOSPITAL II CAJAMARCA";"243200";"HOSPITALIZACIÓN DE PEDIATRÍA PEDIATRIA NEONATOLOGÍA";"22";"23";"61";"56";"6";"186";"0"
"2023";"05";"060101";"CAJAMARCA";"CAJAMARCA";"CAJAMARCA";"ESSALUD";"II-2";"00010272";"HOSPITAL II CAJAMARCA";"250100";"UNIDAD DE CUIDADOS CRITICOS UNIDAD  DE CUIDADOS INTENSIVOS GENERALES (UCI) ";"1";"0";"69";"86";"6";"180";"0"
"2023";"09";"070104";"CALLAO";"CALLAO";"LA PERLA";"SANIDAD DE LA POLICIA NACIONAL DEL PERU";"I-3";"00010557";"POLICLINICO  POLICIAL CALLAO";"NE_0001";"";"NE_0001";"NE_0001";"NE_0001";"NE_0001";"NE_0001";"NE_0001";"NE_0001"
"2023";"05";"150132";"LIMA";"LIMA";"SAN JUAN DE LURIGANCHO";"MINSA";"II-2";"00005617";"HOSPITAL SAN JUAN DE LURIGANCHO";"240100";"HOSPITALIZACIÓN QUIRÚRGICA CIRUGÍA GENERAL ";"323";"198";"626";"723";"24";"744";"0"
"2023";"05";"150132";"LIMA";"LIMA";"SAN JUAN DE LURIGANCHO";"MINSA";"II-2";"00005617";"HOSPITAL SAN JUAN DE LURIGANCHO";"241500";"HOSPITALIZACIÓN QUIRÚRGICA GINECOLOGÍA  ";"99";"64";"177";"197";"8";"248";"0"
"2023";"05";"150132";"LIMA";"LIMA";"SAN JUAN DE LURIGANCHO";"MINSA";"II-2";"00005617";"HOSPITAL SAN JUAN DE LURIGANCHO";"241600";"HOSPITALIZACIÓN QUIRÚRGICA OBSTETRICIA   ";"362";"337";"700";"719";"38";"1178";"0"
"2023";"05";"150132";"LIMA";"LIMA";"SAN JUAN DE LURIGANCHO";"MINSA";"II-2";"00005617";"HOSPITAL SAN JUAN DE LURIGANCHO";"241800";"HOSPITALIZACIÓN DE MEDICINA MEDICINA GENERAL ";"101";"99";"624";"713";"24";"744";"6"
"2023";"05";"150132";"LIMA";"LIMA";"SAN JUAN DE LURIGANCHO";"MINSA";"II-2";"00005617";"HOSPITAL SAN JUAN DE LURIGANCHO";"242300";"HOSPITALIZACIÓN DE PEDIATRÍA  PEDIATRÍA  GENERAL ";"114";"113";"498";"549";"18";"558";"0"
"2023";"05";"150132";"LIMA";"LIMA";"SAN JUAN DE LURIGANCHO";"MINSA";"II-2";"00005617";"HOSPITAL SAN JUAN DE LURIGANCHO";"243200";"HOSPITALIZACIÓN DE PEDIATRÍA PEDIATRIA NEONATOLOGÍA";"6";"6";"34";"47";"2";"62";"0"
"2023";"07";"150132";"LIMA";"LIMA";"SAN JUAN DE LURIGANCHO";"MINSA";"II-2";"00005617";"HOSPITAL SAN JUAN DE LURIGANCHO";"240100";"HOSPITALIZACIÓN QUIRÚRGICA CIRUGÍA GENERAL ";"315";"210";"621";"684";"23";"713";"0"
"2023";"07";"150132";"LIMA";"LIMA";"SAN JUAN DE LURIGANCHO";"MINSA";"II-2";"00005617";"HOSPITAL SAN JUAN DE LURIGANCHO";"241500";"HOSPITALIZACIÓN QUIRÚRGICA GINECOLOGÍA  ";"99";"63";"193";"197";"7";"217";"0"
"2023";"07";"150132";"LIMA";"LIMA";"SAN JUAN DE LURIGANCHO";"MINSA";"II-2";"00005617";"HOSPITAL SAN JUAN DE LURIGANCHO";"241600";"HOSPITALIZACIÓN QUIRÚRGICA OBSTETRICIA   ";"340";"323";"644";"669";"30";"930";"0"
"2023";"04";"021809";"ANCASH";"SANTA";"NUEVO CHIMBOTE";"ESSALUD";"I-4";"00009054";"HOSPITAL I CONO SUR";"241800";"HOSPITALIZACIÓN DE MEDICINA MEDICINA GENERAL ";"20";"15";"43";"43";"2";"48";"0"
"2023";"04";"021809";"ANCASH";"SANTA";"NUEVO CHIMBOTE";"ESSALUD";"I-4";"00009054";"HOSPITAL I CONO SUR";"241500";"HOSPITALIZACIÓN QUIRÚRGICA GINECOLOGÍA  ";"7";"9";"30";"30";"1";"30";"0"
"2023";"04";"130203";"LA LIBERTAD";"ASCOPE";"CHOCOPE";"ESSALUD";"II-2";"00009037";"HOSPITAL II CHOCOPE";"241900";"HOSPITALIZACIÓN DE MEDICINA MEDICINA INTERNA ";"106";"108";"749";"777";"28";"840";"14"
"2023";"04";"130203";"LA LIBERTAD";"ASCOPE";"CHOCOPE";"ESSALUD";"II-2";"00009037";"HOSPITAL II CHOCOPE";"240100";"HOSPITALIZACIÓN QUIRÚRGICA CIRUGÍA GENERAL ";"94";"92";"483";"352";"14";"420";"0"
"2023";"04";"130203";"LA LIBERTAD";"ASCOPE";"CHOCOPE";"ESSALUD";"II-2";"00009037";"HOSPITAL II CHOCOPE";"241500";"HOSPITALIZACIÓN QUIRÚRGICA GINECOLOGÍA  ";"22";"21";"40";"46";"2";"60";"0"
"2023";"04";"130203";"LA LIBERTAD";"ASCOPE";"CHOCOPE";"ESSALUD";"II-2";"00009037";"HOSPITAL II CHOCOPE";"241600";"HOSPITALIZACIÓN QUIRÚRGICA OBSTETRICIA   ";"50";"50";"92";"117";"4";"120";"0"
"2023";"04";"130203";"LA LIBERTAD";"ASCOPE";"CHOCOPE";"ESSALUD";"II-2";"00009037";"HOSPITAL II CHOCOPE";"242300";"HOSPITALIZACIÓN DE PEDIATRÍA  PEDIATRÍA  GENERAL ";"35";"30";"96";"111";"4";"120";"1"
"2023";"04";"060607";"CAJAMARCA";"CUTERVO";"QUEROCOTILLO";"GOBIERNO REGIONAL";"I-1";"00004969";"EL MOLINO";"NE_0001";"";"NE_0001";"NE_0001";"NE_0001";"NE_0001";"NE_0001";"NE_0001";"NE_0001"
"2023";"04";"060603";"CAJAMARCA";"CUTERVO";"CHOROS";"GOBIERNO REGIONAL";"I-1";"00004973";"EL ROLLO";"NE_0001";"";"NE_0001";"NE_0001";"NE_0001";"NE_0001";"NE_0001";"NE_0001";"NE_0001"
"2023";"04";"060607";"CAJAMARCA";"CUTERVO";"QUEROCOTILLO";"GOBIERNO REGIONAL";"I-1";"00006860";"TECHIN";"NE_0001";"";"NE_0001";"NE_0001";"NE_0001";"NE_0001";"NE_0001";"NE_0001";"NE_0001"
"2023";"04";"060602";"CAJAMARCA";"CUTERVO";"CALLAYUC";"GOBIERNO REGIONAL";"I-1";"00004962";"HUABAL";"NE_0001";"";"NE_0001";"NE_0001";"NE_0001";"NE_0001";"NE_0001";"NE_0001";"NE_0001"
"2023";"04";"060607";"CAJAMARCA";"CUTERVO";"QUEROCOTILLO";"GOBIERNO REGIONAL";"I-1";"00005008";"CHUMBICATE";"NE_0001";"";"NE_0001";"NE_0001";"NE_0001";"NE_0001";"NE_0001";"NE_0001";"NE_0001"
"2023";"04";"060607";"CAJAMARCA";"CUTERVO";"QUEROCOTILLO";"GOBIERNO REGIONAL";"I-1";"00006859";"MOSHOQUEQUE";"NE_0001";"";"NE_0001";"NE_0001";"NE_0001";"NE_0001";"NE_0001";"NE_0001";"NE_0001"
"2023";"04";"060602";"CAJAMARCA";"CUTERVO";"CALLAYUC";"GOBIERNO REGIONAL";"I-3";"00004964";"CHIPLE";"NE_0001";"";"NE_0001";"NE_0001";"NE_0001";"NE_0001";"NE_0001";"NE_0001";"NE_0001"
"2023";"04";"060602";"CAJAMARCA";"CUTERVO";"CALLAYUC";"GOBIERNO REGIONAL";"I-1";"00004965";"QUEROMARCA";"NE_0001";"";"NE_0001";"NE_0001";"NE_0001";"NE_0001";"NE_0001";"NE_0001";"NE_0001"
"2023";"04";"060602";"CAJAMARCA";"CUTERVO";"CALLAYUC";"GOBIERNO REGIONAL";"I-1";"00007367";"CONGA";"NE_0001";"";"NE_0001";"NE_0001";"NE_0001";"NE_0001";"NE_0001";"NE_0001";"NE_0001"
"2023";"04";"060611";"CAJAMARCA";"CUTERVO";"SANTA CRUZ";"GOBIERNO REGIONAL";"I-1";"00004978";"CHIPLE LIMON";"NE_0001";"";"NE_0001";"NE_0001";"NE_0001";"NE_0001";"NE_0001";"NE_0001";"NE_0001"
"2023";"04";"060611";"CAJAMARCA";"CUTERVO";"SANTA CRUZ";"GOBIERNO REGIONAL";"I-1";"00004980";"SAN JUAN DE LIMON";"NE_0001";"";"NE_0001";"NE_0001";"NE_0001";"NE_0001";"NE_0001";"NE_0001";"NE_0001"
"2023";"04";"060602";"CAJAMARCA";"CUTERVO";"CALLAYUC";"GOBIERNO REGIONAL";"I-1";"00006828";"SANTA ROSA DE CALLAYUC";"NE_0001";"";"NE_0001";"NE_0001";"NE_0001";"NE_0001";"NE_0001";"NE_0001";"NE_0001"
"2023";"04";"060611";"CAJAMARCA";"CUTERVO";"SANTA CRUZ";"GOBIERNO REGIONAL";"I-1";"00004979";"CAMPO FLORIDO";"NE_0001";"";"NE_0001";"NE_0001";"NE_0001";"NE_0001";"NE_0001";"NE_0001";"NE_0001"
"2023";"04";"060602";"CAJAMARCA";"CUTERVO";"CALLAYUC";"GOBIERNO REGIONAL";"I-2";"00004967";"SECTOR EL CAMPO";"NE_0001";"";"NE_0001";"NE_0001";"NE_0001";"NE_0001";"NE_0001";"NE_0001";"NE_0001"
"2023";"04";"060611";"CAJAMARCA";"CUTERVO";"SANTA CRUZ";"GOBIERNO REGIONAL";"I-1";"00007050";"AMBATO";"NE_0001";"";"NE_0001";"NE_0001";"NE_0001";"NE_0001";"NE_0001";"NE_0001";"NE_0001"
"2023";"04";"060611";"CAJAMARCA";"CUTERVO";"SANTA CRUZ";"GOBIERNO REGIONAL";"I-1";"00011261";"GRAMALOTILLO";"NE_0001";"";"NE_0001";"NE_0001";"NE_0001";"NE_0001";"NE_0001";"NE_0001";"NE_0001"
"2023";"04";"080901";"CUSCO";"LA CONVENCION";"SANTA ANA";"PRIVADO";"II-E";"00026080";"SR DE TORRECHAYOC";"241400";"HOSPITALIZACIÓN QUIRÚRGICA GINECO - OBSTETRICIA ";"4";"4";"6";"8";"4";"120";"0"
"2023";"04";"080601";"CUSCO";"CANCHIS";"SICUANI";"ESSALUD";"II-1";"00010063";"ESSALUD SICUANI";"240100";"HOSPITALIZACIÓN QUIRÚRGICA CIRUGÍA GENERAL ";"16";"18";"67";"67";"4";"124";"0"
"2023";"04";"080601";"CUSCO";"CANCHIS";"SICUANI";"ESSALUD";"II-1";"00010063";"ESSALUD SICUANI";"241500";"HOSPITALIZACIÓN QUIRÚRGICA GINECOLOGÍA  ";"27";"23";"55";"55";"2";"62";"0"
"2023";"04";"080601";"CUSCO";"CANCHIS";"SICUANI";"ESSALUD";"II-1";"00010063";"ESSALUD SICUANI";"241900";"HOSPITALIZACIÓN DE MEDICINA MEDICINA INTERNA ";"43";"40";"145";"145";"8";"248";"0"
"2023";"04";"080601";"CUSCO";"CANCHIS";"SICUANI";"ESSALUD";"II-1";"00010063";"ESSALUD SICUANI";"241600";"HOSPITALIZACIÓN QUIRÚRGICA OBSTETRICIA   ";"12";"16";"33";"33";"2";"62";"0"
"2023";"04";"080601";"CUSCO";"CANCHIS";"SICUANI";"ESSALUD";"II-1";"00010063";"ESSALUD SICUANI";"242300";"HOSPITALIZACIÓN DE PEDIATRÍA  PEDIATRÍA  GENERAL ";"4";"3";"5";"5";"2";"62";"0"
"2023";"04";"130903";"LA LIBERTAD";"SANCHEZ CARRION";"COCHORCO";"GOBIERNO REGIONAL";"I-2";"00013810";"ARAGOSTAY";"NE_0001";"";"NE_0001";"NE_0001";"NE_0001";"NE_0001";"NE_0001";"NE_0001";"NE_0001"
"2023";"04";"130903";"LA LIBERTAD";"SANCHEZ CARRION";"COCHORCO";"GOBIERNO REGIONAL";"I-2";"00005356";"ARICAPAMPA";"NE_0001";"";"NE_0001";"NE_0001";"NE_0001";"NE_0001";"NE_0001";"NE_0001";"NE_0001"
"2023";"04";"130903";"LA LIBERTAD";"SANCHEZ CARRION";"COCHORCO";"GOBIERNO REGIONAL";"I-1";"00013808";"MOLINO VIEJO";"NE_0001";"";"NE_0001";"NE_0001";"NE_0001";"NE_0001";"NE_0001";"NE_0001";"NE_0001"
"2023";"04";"130903";"LA LIBERTAD";"SANCHEZ CARRION";"COCHORCO";"GOBIERNO REGIONAL";"I-2";"00013802";"SUCCHAMARCA";"NE_0001";"";"NE_0001";"NE_0001";"NE_0001";"NE_0001";"NE_0001";"NE_0001";"NE_0001"
"2023";"04";"130903";"LA LIBERTAD";"SANCHEZ CARRION";"COCHORCO";"GOBIERNO REGIONAL";"I-2";"00013800";"SUCCHACENTRO";"NE_0001";"";"NE_0001";"NE_0001";"NE_0001";"NE_0001";"NE_0001";"NE_0001";"NE_0001"
"2023";"04";"200701";"PIURA";"TALARA";"PARIÑAS";"ESSALUD";"II-1";"00012243";"HOSPITAL II TALARA";"241900";"HOSPITALIZACIÓN DE MEDICINA MEDICINA INTERNA ";"62";"58";"390";"257";"12";"372";"4"
"2023";"04";"200701";"PIURA";"TALARA";"PARIÑAS";"ESSALUD";"II-1";"00012243";"HOSPITAL II TALARA";"240100";"HOSPITALIZACIÓN QUIRÚRGICA CIRUGÍA GENERAL ";"68";"69";"273";"233";"10";"310";"0"
"2023";"04";"200701";"PIURA";"TALARA";"PARIÑAS";"ESSALUD";"II-1";"00012243";"HOSPITAL II TALARA";"241400";"HOSPITALIZACIÓN QUIRÚRGICA GINECO - OBSTETRICIA ";"70";"69";"211";"170";"10";"310";"0"
"2023";"04";"200701";"PIURA";"TALARA";"PARIÑAS";"ESSALUD";"II-1";"00012243";"HOSPITAL II TALARA";"242300";"HOSPITALIZACIÓN DE PEDIATRÍA  PEDIATRÍA  GENERAL ";"80";"77";"233";"135";"6";"186";"0"
"2023";"04";"160601";"LORETO";"UCAYALI";"CONTAMANA";"ESSALUD";"I-3";"00010843";"POSTA MEDICA ESSALUD CONTAMANA";"NE_0001";"";"NE_0001";"NE_0001";"NE_0001";"NE_0001";"NE_0001";"NE_0001";"NE_0001"
"2023";"04";"150135";"LIMA";"LIMA";"SAN MARTIN DE PORRES";"PRIVADO";"II-2";"00010603";"CLÍNICA MÉDICA CAYETANO HEREDIA";"240000";"HOSPITALIZACIÓN";"318";"305";"1038";"1098";"50";"1500";"1"
"2023";"04";"150135";"LIMA";"LIMA";"SAN MARTIN DE PORRES";"PRIVADO";"II-2";"00010603";"CLÍNICA MÉDICA CAYETANO HEREDIA";"250100";"UNIDAD DE CUIDADOS CRITICOS UNIDAD  DE CUIDADOS INTENSIVOS GENERALES (UCI) ";"22";"20";"71";"91";"9";"270";"3"
"2023";"04";"150135";"LIMA";"LIMA";"SAN MARTIN DE PORRES";"PRIVADO";"II-2";"00010603";"CLÍNICA MÉDICA CAYETANO HEREDIA";"250105";"UNIDAD DE CUIDADOS CRITICOS UNIDAD  DE CUIDADOS INTENSIVOS  (UCI) NEONATOLOGÍA";"4";"4";"24";"47";"4";"120";"0"
"2023";"04";"150135";"LIMA";"LIMA";"SAN MARTIN DE PORRES";"PRIVADO";"II-2";"00010603";"CLÍNICA MÉDICA CAYETANO HEREDIA";"250108";"UNIDAD DE CUIDADOS CRITICOS UNIDAD  DE CUIDADOS INTENSIVOS  (UCI) PEDIÁTRICA";"11";"9";"18";"105";"5";"150";"0"
"2023";"05";"150113";"LIMA";"LIMA";"JESUS MARIA";"PRIVADO";"II-E";"00020346";"CLINICA SANTA BEATRIZ";"240000";"HOSPITALIZACIÓN";"253";"250";"303";"359";"22";"417";"0"
"2023";"05";"040501";"AREQUIPA";"CAYLLOMA";"CHIVAY";"ESSALUD";"I-2";"00013292";"POSTA MEDICA CHIVAY";"NE_0001";"";"NE_0001";"NE_0001";"NE_0001";"NE_0001";"NE_0001";"NE_0001";"NE_0001"
"2023";"07";"150132";"LIMA";"LIMA";"SAN JUAN DE LURIGANCHO";"MINSA";"II-2";"00005617";"HOSPITAL SAN JUAN DE LURIGANCHO";"241800";"HOSPITALIZACIÓN DE MEDICINA MEDICINA GENERAL ";"121";"110";"698";"878";"29";"899";"7"
"2023";"07";"150132";"LIMA";"LIMA";"SAN JUAN DE LURIGANCHO";"MINSA";"II-2";"00005617";"HOSPITAL SAN JUAN DE LURIGANCHO";"242300";"HOSPITALIZACIÓN DE PEDIATRÍA  PEDIATRÍA  GENERAL ";"96";"99";"418";"460";"18";"558";"0"
"2023";"07";"150132";"LIMA";"LIMA";"SAN JUAN DE LURIGANCHO";"MINSA";"II-2";"00005617";"HOSPITAL SAN JUAN DE LURIGANCHO";"243200";"HOSPITALIZACIÓN DE PEDIATRÍA PEDIATRIA NEONATOLOGÍA";"5";"4";"26";"26";"2";"62";"0"
"2023";"08";"150132";"LIMA";"LIMA";"SAN JUAN DE LURIGANCHO";"MINSA";"II-2";"00005617";"HOSPITAL SAN JUAN DE LURIGANCHO";"240100";"HOSPITALIZACIÓN QUIRÚRGICA CIRUGÍA GENERAL ";"340";"217";"610";"671";"23";"713";"0"
"2023";"08";"150132";"LIMA";"LIMA";"SAN JUAN DE LURIGANCHO";"MINSA";"II-2";"00005617";"HOSPITAL SAN JUAN DE LURIGANCHO";"241500";"HOSPITALIZACIÓN QUIRÚRGICA GINECOLOGÍA  ";"110";"68";"191";"201";"7";"217";"0"
"2023";"08";"150132";"LIMA";"LIMA";"SAN JUAN DE LURIGANCHO";"MINSA";"II-2";"00005617";"HOSPITAL SAN JUAN DE LURIGANCHO";"241600";"HOSPITALIZACIÓN QUIRÚRGICA OBSTETRICIA   ";"371";"344";"682";"696";"30";"930";"0"
"2023";"08";"150132";"LIMA";"LIMA";"SAN JUAN DE LURIGANCHO";"MINSA";"II-2";"00005617";"HOSPITAL SAN JUAN DE LURIGANCHO";"241800";"HOSPITALIZACIÓN DE MEDICINA MEDICINA GENERAL ";"106";"110";"809";"881";"29";"899";"7"
"2023";"08";"150132";"LIMA";"LIMA";"SAN JUAN DE LURIGANCHO";"MINSA";"II-2";"00005617";"HOSPITAL SAN JUAN DE LURIGANCHO";"242300";"HOSPITALIZACIÓN DE PEDIATRÍA  PEDIATRÍA  GENERAL ";"84";"72";"288";"305";"18";"558";"0"
"2023";"08";"150132";"LIMA";"LIMA";"SAN JUAN DE LURIGANCHO";"MINSA";"II-2";"00005617";"HOSPITAL SAN JUAN DE LURIGANCHO";"243200";"HOSPITALIZACIÓN DE PEDIATRÍA PEDIATRIA NEONATOLOGÍA";"5";"5";"22";"22";"2";"62";"0"
"2023";"11";"070101";"CALLAO";"CALLAO";"CALLAO";"GOBIERNO REGIONAL";"0";"00031162";"HOGAR PROTEGIDO ACAPULCO";"NE_0001";"";"NE_0001";"NE_0001";"NE_0001";"NE_0001";"NE_0001";"NE_0001";"NE_0001"
"2023";"11";"070101";"CALLAO";"CALLAO";"CALLAO";"GOBIERNO REGIONAL";"I-2";"00006233";"PUESTO DE SALUD JUAN PABLO II";"NE_0001";"";"NE_0001";"NE_0001";"NE_0001";"NE_0001";"NE_0001";"NE_0001";"NE_0001"
"2023";"11";"070101";"CALLAO";"CALLAO";"CALLAO";"GOBIERNO REGIONAL";"I-2";"00020823";"CENTRO DE SALUD MENTAL COMUNITARIO SARITA COLONIA";"NE_0001";"";"NE_0001";"NE_0001";"NE_0001";"NE_0001";"NE_0001";"NE_0001";"NE_0001"
"2023";"11";"070101";"CALLAO";"CALLAO";"CALLAO";"GOBIERNO REGIONAL";"I-4";"00006230";"CENTRO DE SALUD ACAPULCO";"241400";"HOSPITALIZACIÓN QUIRÚRGICA GINECO - OBSTETRICIA ";"1";"1";"1";"30";"8";"240";"0"
"2023";"11";"150131";"LIMA";"LIMA";"SAN ISIDRO";"PRIVADO";"II-E";"00009933";"CLINICA OFTALMOLOGICA MACULA D&T";"NE_0001";"";"NE_0001";"NE_0001";"NE_0001";"NE_0001";"NE_0001";"NE_0001";"NE_0001"
"2023";"11";"120401";"JUNIN";"JAUJA";"JAUJA";"GOBIERNO REGIONAL";"II-1";"00000365";"HOSPITAL DOMINGO OLAVEGOYA";"240100";"HOSPITALIZACIÓN QUIRÚRGICA CIRUGÍA GENERAL ";"62";"70";"369";"325";"24";"720";"1"
"2023";"06";"150132";"LIMA";"LIMA";"SAN JUAN DE LURIGANCHO";"MINSA";"II-2";"00005617";"HOSPITAL SAN JUAN DE LURIGANCHO";"240100";"HOSPITALIZACIÓN QUIRÚRGICA CIRUGÍA GENERAL ";"312";"198";"627";"718";"24";"720";"0"
"2023";"06";"150132";"LIMA";"LIMA";"SAN JUAN DE LURIGANCHO";"MINSA";"II-2";"00005617";"HOSPITAL SAN JUAN DE LURIGANCHO";"241500";"HOSPITALIZACIÓN QUIRÚRGICA GINECOLOGÍA  ";"100";"64";"176";"201";"8";"240";"0"
"2023";"06";"150132";"LIMA";"LIMA";"SAN JUAN DE LURIGANCHO";"MINSA";"II-2";"00005617";"HOSPITAL SAN JUAN DE LURIGANCHO";"241600";"HOSPITALIZACIÓN QUIRÚRGICA OBSTETRICIA   ";"412";"376";"712";"756";"42";"1260";"0"
"2023";"06";"150132";"LIMA";"LIMA";"SAN JUAN DE LURIGANCHO";"MINSA";"II-2";"00005617";"HOSPITAL SAN JUAN DE LURIGANCHO";"241800";"HOSPITALIZACIÓN DE MEDICINA MEDICINA GENERAL ";"100";"97";"723";"733";"28";"840";"9"
"2023";"06";"150132";"LIMA";"LIMA";"SAN JUAN DE LURIGANCHO";"MINSA";"II-2";"00005617";"HOSPITAL SAN JUAN DE LURIGANCHO";"242300";"HOSPITALIZACIÓN DE PEDIATRÍA  PEDIATRÍA  GENERAL ";"99";"92";"438";"476";"18";"540";"0"
"2023";"06";"150132";"LIMA";"LIMA";"SAN JUAN DE LURIGANCHO";"MINSA";"II-2";"00005617";"HOSPITAL SAN JUAN DE LURIGANCHO";"243200";"HOSPITALIZACIÓN DE PEDIATRÍA PEDIATRIA NEONATOLOGÍA";"11";"11";"59";"79";"3";"90";"1"
"2023";"11";"120401";"JUNIN";"JAUJA";"JAUJA";"GOBIERNO REGIONAL";"II-1";"00000365";"HOSPITAL DOMINGO OLAVEGOYA";"241400";"HOSPITALIZACIÓN QUIRÚRGICA GINECO - OBSTETRICIA ";"82";"84";"191";"205";"16";"480";"0"
"2023";"11";"120401";"JUNIN";"JAUJA";"JAUJA";"GOBIERNO REGIONAL";"II-1";"00000365";"HOSPITAL DOMINGO OLAVEGOYA";"241500";"HOSPITALIZACIÓN QUIRÚRGICA GINECOLOGÍA  ";"13";"13";"48";"57";"10";"300";"0"
"2023";"06";"070106";"CALLAO";"CALLAO";"VENTANILLA";"GOBIERNO REGIONAL";"I-2";"00006258";"PUESTO DE SALUD VENTANILLA BAJA";"NE_0001";"";"NE_0001";"NE_0001";"NE_0001";"NE_0001";"NE_0001";"NE_0001";"NE_0001"
"2023";"06";"070101";"CALLAO";"CALLAO";"CALLAO";"GOBIERNO REGIONAL";"I-4";"00006238";"C.S. MARQUEZ";"241600";"HOSPITALIZACIÓN QUIRÚRGICA OBSTETRICIA   ";"6";"6";"6";"180";"8";"240";"0"
"2023";"06";"070106";"CALLAO";"CALLAO";"VENTANILLA";"GOBIERNO REGIONAL";"I-2";"00006259";"PUESTO DE SALUD VENTANILLA ESTE";"NE_0001";"";"NE_0001";"NE_0001";"NE_0001";"NE_0001";"NE_0001";"NE_0001";"NE_0001"
"2023";"06";"150116";"LIMA";"LIMA";"LINCE";"PRIVADO";"II-E";"00009145";"HOGAR CLINICA MONTE SINAI";"240100";"HOSPITALIZACIÓN QUIRÚRGICA CIRUGÍA GENERAL ";"16";"16";"16";"16";"4";"120";"0"
"2023";"06";"150116";"LIMA";"LIMA";"LINCE";"PRIVADO";"II-E";"00009145";"HOGAR CLINICA MONTE SINAI";"240400";"HOSPITALIZACIÓN QUIRÚRGICA CIRUGÍA DE TÓRAX Y CARDIOVASCULAR ";"1";"1";"1";"1";"1";"30";"0"
"2023";"06";"150116";"LIMA";"LIMA";"LINCE";"PRIVADO";"II-E";"00009145";"HOGAR CLINICA MONTE SINAI";"240800";"HOSPITALIZACIÓN QUIRÚRGICA CIRUGÍA PLÁSTICA/RECONSTRUCTIVA/ REPARADORA ";"6";"6";"6";"6";"2";"60";"0"
"2023";"06";"150116";"LIMA";"LIMA";"LINCE";"PRIVADO";"II-E";"00009145";"HOGAR CLINICA MONTE SINAI";"241200";"HOSPITALIZACIÓN QUIRÚRGICA TRAUMATOLOGÍA Y ORTOPEDIA ";"42";"42";"42";"42";"4";"120";"0"
"2023";"06";"220909";"SAN MARTIN";"SAN MARTIN";"LA BANDA DE SHILCAYO";"GOBIERNO REGIONAL";"I-1";"00006365";"PUESTO DE SALUD BELLO HORIZONTE";"NE_0001";"";"NE_0001";"NE_0001";"NE_0001";"NE_0001";"NE_0001";"NE_0001";"NE_0001"
"2023";"06";"220909";"SAN MARTIN";"SAN MARTIN";"LA BANDA DE SHILCAYO";"GOBIERNO REGIONAL";"I-1";"00006367";"LA UNION (SANIRARCA)";"NE_0001";"";"NE_0001";"NE_0001";"NE_0001";"NE_0001";"NE_0001";"NE_0001";"NE_0001"
"2023";"06";"220909";"SAN MARTIN";"SAN MARTIN";"LA BANDA DE SHILCAYO";"GOBIERNO REGIONAL";"I-1";"00006366";"LAS PALMAS";"NE_0001";"";"NE_0001";"NE_0001";"NE_0001";"NE_0001";"NE_0001";"NE_0001";"NE_0001"
"2023";"06";"220909";"SAN MARTIN";"SAN MARTIN";"LA BANDA DE SHILCAYO";"GOBIERNO REGIONAL";"I-1";"00006368";"PROGRESO KM.30";"NE_0001";"";"NE_0001";"NE_0001";"NE_0001";"NE_0001";"NE_0001";"NE_0001";"NE_0001"
"2023";"06";"220909";"SAN MARTIN";"SAN MARTIN";"LA BANDA DE SHILCAYO";"GOBIERNO REGIONAL";"I-1";"00006369";"SAN JOSE KM.34";"NE_0001";"";"NE_0001";"NE_0001";"NE_0001";"NE_0001";"NE_0001";"NE_0001";"NE_0001"
"2023";"06";"220909";"SAN MARTIN";"SAN MARTIN";"LA BANDA DE SHILCAYO";"GOBIERNO REGIONAL";"I-3";"00026698";"CENTRO DE SALUD MENTAL COMUNITARIO ""LA BANDA DE SHILCAYO""";"NE_0001";"";"NE_0001";"NE_0001";"NE_0001";"NE_0001";"NE_0001";"NE_0001";"NE_0001"
"2023";"06";"150103";"LIMA";"LIMA";"ATE";"MINSA";"II-1";"00005883";"HOSPITAL DE HUAYCAN";"241800";"HOSPITALIZACIÓN DE MEDICINA MEDICINA GENERAL ";"21";"15";"135";"194";"7";"210";"0"
"2023";"06";"150103";"LIMA";"LIMA";"ATE";"MINSA";"II-1";"00005883";"HOSPITAL DE HUAYCAN";"240100";"HOSPITALIZACIÓN QUIRÚRGICA CIRUGÍA GENERAL ";"45";"49";"135";"131";"11";"330";"0"
"2023";"06";"150103";"LIMA";"LIMA";"ATE";"MINSA";"II-1";"00005883";"HOSPITAL DE HUAYCAN";"241200";"HOSPITALIZACIÓN QUIRÚRGICA TRAUMATOLOGÍA Y ORTOPEDIA ";"9";"10";"27";"34";"4";"120";"0"
"2023";"06";"150103";"LIMA";"LIMA";"ATE";"MINSA";"II-1";"00005883";"HOSPITAL DE HUAYCAN";"242500";"HOSPITALIZACIÓN-PEDIATRÍA GENERAL-";"32";"38";"110";"104";"11";"330";"0"
"2023";"06";"150103";"LIMA";"LIMA";"ATE";"MINSA";"II-1";"00005883";"HOSPITAL DE HUAYCAN";"241600";"HOSPITALIZACIÓN QUIRÚRGICA OBSTETRICIA   ";"146";"152";"330";"334";"16";"480";"0"
"2023";"06";"150103";"LIMA";"LIMA";"ATE";"MINSA";"II-1";"00005883";"HOSPITAL DE HUAYCAN";"241500";"HOSPITALIZACIÓN QUIRÚRGICA GINECOLOGÍA  ";"8";"8";"18";"18";"1";"30";"0"
"2023";"06";"040208";"AREQUIPA";"CAMANA";"SAMUEL PASTOR";"ESSALUD";"I-4";"00011009";"HOSPITAL I SAMUEL PASTOR DE CAMANA ESSALUD";"241800";"HOSPITALIZACIÓN DE MEDICINA MEDICINA GENERAL ";"25";"25";"103";"107";"4";"120";"0"
"2023";"06";"040208";"AREQUIPA";"CAMANA";"SAMUEL PASTOR";"ESSALUD";"I-4";"00011009";"HOSPITAL I SAMUEL PASTOR DE CAMANA ESSALUD";"240100";"HOSPITALIZACIÓN QUIRÚRGICA CIRUGÍA GENERAL ";"9";"9";"20";"20";"1";"30";"0"
"2023";"06";"040208";"AREQUIPA";"CAMANA";"SAMUEL PASTOR";"ESSALUD";"I-4";"00011009";"HOSPITAL I SAMUEL PASTOR DE CAMANA ESSALUD";"241500";"HOSPITALIZACIÓN QUIRÚRGICA GINECOLOGÍA  ";"11";"11";"14";"14";"1";"30";"0"
"2023";"06";"040208";"AREQUIPA";"CAMANA";"SAMUEL PASTOR";"ESSALUD";"I-4";"00011009";"HOSPITAL I SAMUEL PASTOR DE CAMANA ESSALUD";"241600";"HOSPITALIZACIÓN QUIRÚRGICA OBSTETRICIA   ";"5";"5";"8";"8";"1";"30";"0"
"2023";"08";"150101";"LIMA";"LIMA";"LIMA";"PRIVADO";"I-3";"00027276";"POLICLINICO  ARTHRO MEDS";"NE_0001";"";"NE_0001";"NE_0001";"NE_0001";"NE_0001";"NE_0001";"NE_0001";"NE_0001"
"2023";"08";"100101";"HUANUCO";"HUANUCO";"HUANUCO";"PRIVADO";"II-E";"00011592";"CLINICA HUANUCO E-I-R-LTDA.";"241400";"HOSPITALIZACIÓN QUIRÚRGICA GINECO - OBSTETRICIA ";"18";"18";"25";"25";"3";"65";"0"
"2023";"08";"100101";"HUANUCO";"HUANUCO";"HUANUCO";"PRIVADO";"II-E";"00011592";"CLINICA HUANUCO E-I-R-LTDA.";"245400";"HOSPITALIZACIÓN DE MEDICINA GINECOLOGIA ";"1";"1";"2";"2";"1";"28";"0"
"2023";"08";"100101";"HUANUCO";"HUANUCO";"HUANUCO";"PRIVADO";"II-E";"00011592";"CLINICA HUANUCO E-I-R-LTDA.";"241200";"HOSPITALIZACIÓN QUIRÚRGICA TRAUMATOLOGÍA Y ORTOPEDIA ";"21";"21";"51";"51";"4";"69";"0"
"2023";"08";"100101";"HUANUCO";"HUANUCO";"HUANUCO";"PRIVADO";"II-E";"00011592";"CLINICA HUANUCO E-I-R-LTDA.";"244700";"HOSPITALIZACIÓN DE MEDICINA NEUROLOGIA  ";"3";"3";"11";"11";"1";"19";"0"
"2023";"08";"100101";"HUANUCO";"HUANUCO";"HUANUCO";"PRIVADO";"II-E";"00011592";"CLINICA HUANUCO E-I-R-LTDA.";"240100";"HOSPITALIZACIÓN QUIRÚRGICA CIRUGÍA GENERAL ";"30";"30";"56";"56";"4";"64";"0"
"2023";"08";"100101";"HUANUCO";"HUANUCO";"HUANUCO";"PRIVADO";"II-E";"00011592";"CLINICA HUANUCO E-I-R-LTDA.";"241300";"HOSPITALIZACIÓN QUIRÚRGICA UROLOGÍA  ";"12";"12";"41";"41";"3";"79";"0"
"2023";"08";"100101";"HUANUCO";"HUANUCO";"HUANUCO";"PRIVADO";"II-E";"00011592";"CLINICA HUANUCO E-I-R-LTDA.";"244300";"HOSPITALIZACIÓN DE MEDICINA GASTROENTEROLOGÍA  ";"1";"1";"2";"2";"1";"28";"0"
"2023";"08";"100101";"HUANUCO";"HUANUCO";"HUANUCO";"PRIVADO";"II-E";"00011592";"CLINICA HUANUCO E-I-R-LTDA.";"241900";"HOSPITALIZACIÓN DE MEDICINA MEDICINA INTERNA ";"7";"7";"12";"12";"1";"18";"0"
"2023";"08";"100101";"HUANUCO";"HUANUCO";"HUANUCO";"PRIVADO";"II-E";"00011592";"CLINICA HUANUCO E-I-R-LTDA.";"242300";"HOSPITALIZACIÓN DE PEDIATRÍA  PEDIATRÍA  GENERAL ";"5";"5";"5";"5";"1";"25";"0"
"2023";"08";"070101";"CALLAO";"CALLAO";"CALLAO";"PRIVADO";"II-E";"00025535";"CLÍNICA  OQUENDO";"240000";"HOSPITALIZACIÓN";"19";"19";"28";"19";"11";"330";"1"
"2023";"08";"040101";"AREQUIPA";"AREQUIPA";"AREQUIPA";"GOBIERNO REGIONAL";"III-2";"00007397";"INSTITUTO REGIONAL DE ENFERMEDADES NEOPLASICAS DEL SUR";"240000";"HOSPITALIZACIÓN";"142";"137";"1028";"1023";"36";"1116";"6"
"2023";"08";"040101";"AREQUIPA";"AREQUIPA";"AREQUIPA";"GOBIERNO REGIONAL";"III-2";"00007397";"INSTITUTO REGIONAL DE ENFERMEDADES NEOPLASICAS DEL SUR";"250100";"UNIDAD DE CUIDADOS CRITICOS UNIDAD  DE CUIDADOS INTENSIVOS GENERALES (UCI) ";"2";"3";"45";"27";"2";"62";"0"
"2023";"08";"060101";"CAJAMARCA";"CAJAMARCA";"CAJAMARCA";"PRIVADO";"II-1";"00019315";"CLINICA SANTA ANA";"241400";"HOSPITALIZACIÓN QUIRÚRGICA GINECO - OBSTETRICIA ";"21";"17";"19";"1";"6";"38";"0"
"2023";"08";"060101";"CAJAMARCA";"CAJAMARCA";"CAJAMARCA";"PRIVADO";"II-1";"00019315";"CLINICA SANTA ANA";"240100";"HOSPITALIZACIÓN QUIRÚRGICA CIRUGÍA GENERAL ";"14";"13";"12";"1";"4";"124";"0"
"2023";"08";"060101";"CAJAMARCA";"CAJAMARCA";"CAJAMARCA";"PRIVADO";"II-1";"00019315";"CLINICA SANTA ANA";"241900";"HOSPITALIZACIÓN DE MEDICINA MEDICINA INTERNA ";"1";"1";"4";"1";"2";"22";"0"
"2023";"08";"060101";"CAJAMARCA";"CAJAMARCA";"CAJAMARCA";"PRIVADO";"II-1";"00019315";"CLINICA SANTA ANA";"242300";"HOSPITALIZACIÓN DE PEDIATRÍA  PEDIATRÍA  GENERAL ";"0";"0";"0";"1";"1";"62";"0"
"2023";"08";"150125";"LIMA";"LIMA";"PUENTE PIEDRA";"MINSA";"II-2";"00007632";"HOSPITAL CARLOS LANFRANCO LA HOZ";"240100";"HOSPITALIZACIÓN QUIRÚRGICA CIRUGÍA GENERAL ";"204";"224";"645";"239";"34";"1054";"1"
"2023";"08";"150125";"LIMA";"LIMA";"PUENTE PIEDRA";"MINSA";"II-2";"00007632";"HOSPITAL CARLOS LANFRANCO LA HOZ";"241900";"HOSPITALIZACIÓN DE MEDICINA MEDICINA INTERNA ";"104";"142";"804";"167";"26";"806";"14"
"2023";"08";"150125";"LIMA";"LIMA";"PUENTE PIEDRA";"MINSA";"II-2";"00007632";"HOSPITAL CARLOS LANFRANCO LA HOZ";"241400";"HOSPITALIZACIÓN QUIRÚRGICA GINECO - OBSTETRICIA ";"344";"363";"628";"389";"32";"992";"0"
"2023";"08";"150125";"LIMA";"LIMA";"PUENTE PIEDRA";"MINSA";"II-2";"00007632";"HOSPITAL CARLOS LANFRANCO LA HOZ";"242300";"HOSPITALIZACIÓN DE PEDIATRÍA  PEDIATRÍA  GENERAL ";"72";"82";"306";"92";"11";"341";"0"
"2023";"08";"150125";"LIMA";"LIMA";"PUENTE PIEDRA";"MINSA";"II-2";"00007632";"HOSPITAL CARLOS LANFRANCO LA HOZ";"243200";"HOSPITALIZACIÓN DE PEDIATRÍA PEDIATRIA NEONATOLOGÍA";"36";"39";"165";"45";"11";"341";"0"
"2023";"08";"040101";"AREQUIPA";"AREQUIPA";"AREQUIPA";"GOBIERNO REGIONAL";"III-1";"00001231";"HOSPITAL REGIONAL HONORIO DELGADO ESPINOZA";"241800";"HOSPITALIZACIÓN DE MEDICINA MEDICINA GENERAL ";"235";"239";"3515";"3940";"140";"4354";"33"
"2023";"08";"040101";"AREQUIPA";"AREQUIPA";"AREQUIPA";"GOBIERNO REGIONAL";"III-1";"00001231";"HOSPITAL REGIONAL HONORIO DELGADO ESPINOZA";"245300";"HOSPITALIZACIÓN DE MEDICINA NEUMOLOGÍA  ";"53";"75";"1131";"826";"47";"1457";"7"
"2023";"08";"040101";"AREQUIPA";"AREQUIPA";"AREQUIPA";"GOBIERNO REGIONAL";"III-1";"00001231";"HOSPITAL REGIONAL HONORIO DELGADO ESPINOZA";"244000";"HOSPITALIZACIÓN DE MEDICINA CARDIOLOGIA ";"21";"19";"102";"95";"4";"124";"0"
"2023";"08";"040101";"AREQUIPA";"AREQUIPA";"AREQUIPA";"GOBIERNO REGIONAL";"III-1";"00001231";"HOSPITAL REGIONAL HONORIO DELGADO ESPINOZA";"242200";"HOSPITALIZACIÓN DE MEDICINA PSIQUIATRÍA ";"35";"33";"533";"840";"32";"992";"0"
"2023";"08";"040101";"AREQUIPA";"AREQUIPA";"AREQUIPA";"GOBIERNO REGIONAL";"III-1";"00001231";"HOSPITAL REGIONAL HONORIO DELGADO ESPINOZA";"240100";"HOSPITALIZACIÓN QUIRÚRGICA CIRUGÍA GENERAL ";"402";"383";"4170";"3994";"150";"4650";"5"
"2023";"08";"040101";"AREQUIPA";"AREQUIPA";"AREQUIPA";"GOBIERNO REGIONAL";"III-1";"00001231";"HOSPITAL REGIONAL HONORIO DELGADO ESPINOZA";"240900";"HOSPITALIZACIÓN QUIRÚRGICA NEUROCIRUGÍA ";"35";"32";"742";"545";"22";"684";"0"
"2023";"08";"040101";"AREQUIPA";"AREQUIPA";"AREQUIPA";"GOBIERNO REGIONAL";"III-1";"00001231";"HOSPITAL REGIONAL HONORIO DELGADO ESPINOZA";"240800";"HOSPITALIZACIÓN QUIRÚRGICA CIRUGÍA PLÁSTICA/RECONSTRUCTIVA/ REPARADORA ";"11";"12";"187";"157";"10";"310";"0"
"2023";"08";"040101";"AREQUIPA";"AREQUIPA";"AREQUIPA";"GOBIERNO REGIONAL";"III-1";"00001231";"HOSPITAL REGIONAL HONORIO DELGADO ESPINOZA";"250100";"UNIDAD DE CUIDADOS CRITICOS UNIDAD  DE CUIDADOS INTENSIVOS GENERALES (UCI) ";"18";"9";"173";"648";"22";"682";"14"
"2023";"08";"040101";"AREQUIPA";"AREQUIPA";"AREQUIPA";"GOBIERNO REGIONAL";"III-1";"00001231";"HOSPITAL REGIONAL HONORIO DELGADO ESPINOZA";"250108";"UNIDAD DE CUIDADOS CRITICOS UNIDAD  DE CUIDADOS INTENSIVOS  (UCI) PEDIÁTRICA";"8";"2";"27";"118";"6";"186";"0"
"2023";"08";"040101";"AREQUIPA";"AREQUIPA";"AREQUIPA";"GOBIERNO REGIONAL";"III-1";"00001231";"HOSPITAL REGIONAL HONORIO DELGADO ESPINOZA";"242300";"HOSPITALIZACIÓN DE PEDIATRÍA  PEDIATRÍA  GENERAL ";"166";"166";"1346";"1483";"67";"2090";"0"
"2023";"08";"040101";"AREQUIPA";"AREQUIPA";"AREQUIPA";"GOBIERNO REGIONAL";"III-1";"00001231";"HOSPITAL REGIONAL HONORIO DELGADO ESPINOZA";"243200";"HOSPITALIZACIÓN DE PEDIATRÍA PEDIATRIA NEONATOLOGÍA";"97";"106";"769";"584";"30";"930";"1"
"2023";"08";"040101";"AREQUIPA";"AREQUIPA";"AREQUIPA";"GOBIERNO REGIONAL";"III-1";"00001231";"HOSPITAL REGIONAL HONORIO DELGADO ESPINOZA";"250105";"UNIDAD DE CUIDADOS CRITICOS UNIDAD  DE CUIDADOS INTENSIVOS  (UCI) NEONATOLOGÍA";"14";"2";"29";"212";"7";"217";"1"
"2023";"08";"040101";"AREQUIPA";"AREQUIPA";"AREQUIPA";"GOBIERNO REGIONAL";"III-1";"00001231";"HOSPITAL REGIONAL HONORIO DELGADO ESPINOZA";"241600";"HOSPITALIZACIÓN QUIRÚRGICA OBSTETRICIA   ";"500";"509";"1620";"1564";"86";"2666";"0"
"2023";"08";"040101";"AREQUIPA";"AREQUIPA";"AREQUIPA";"GOBIERNO REGIONAL";"III-1";"00001231";"HOSPITAL REGIONAL HONORIO DELGADO ESPINOZA";"241500";"HOSPITALIZACIÓN QUIRÚRGICA GINECOLOGÍA  ";"74";"74";"423";"486";"27";"837";"0"
"2023";"08";"040102";"AREQUIPA";"AREQUIPA";"ALTO SELVA ALEGRE";"GOBIERNO REGIONAL";"I-2";"00001304";"PUESTO DE SALUD HEROES DEL CENEPA";"NE_0001";"";"NE_0001";"NE_0001";"NE_0001";"NE_0001";"NE_0001";"NE_0001";"NE_0001"
"2023";"08";"040102";"AREQUIPA";"AREQUIPA";"ALTO SELVA ALEGRE";"GOBIERNO REGIONAL";"I-3";"00001302";"CENTRO DE SALUD INDEPENDENCIA";"NE_0001";"";"NE_0001";"NE_0001";"NE_0001";"NE_0001";"NE_0001";"NE_0001";"NE_0001"
"2023";"08";"040102";"AREQUIPA";"AREQUIPA";"ALTO SELVA ALEGRE";"GOBIERNO REGIONAL";"I-2";"00001303";"PUESTO DE SALUD SAN JUAN BAUTISTA";"NE_0001";"";"NE_0001";"NE_0001";"NE_0001";"NE_0001";"NE_0001";"NE_0001";"NE_0001"
"2023";"08";"040102";"AREQUIPA";"AREQUIPA";"ALTO SELVA ALEGRE";"GOBIERNO REGIONAL";"I-3";"00001300";"CENTRO DE SALUD APURIMAC";"NE_0001";"";"NE_0001";"NE_0001";"NE_0001";"NE_0001";"NE_0001";"NE_0001";"NE_0001"
"2023";"08";"040102";"AREQUIPA";"AREQUIPA";"ALTO SELVA ALEGRE";"GOBIERNO REGIONAL";"I-3";"00001291";"CENTRO DE SALUD ALTO SELVA ALEGRE";"NE_0001";"";"NE_0001";"NE_0001";"NE_0001";"NE_0001";"NE_0001";"NE_0001";"NE_0001"
"2023";"08";"040102";"AREQUIPA";"AREQUIPA";"ALTO SELVA ALEGRE";"GOBIERNO REGIONAL";"I-2";"00001301";"PUESTO DE SALUD LEONES DEL MISTI";"NE_0001";"";"NE_0001";"NE_0001";"NE_0001";"NE_0001";"NE_0001";"NE_0001";"NE_0001"
"2023";"08";"040101";"AREQUIPA";"AREQUIPA";"AREQUIPA";"PRIVADO";"II-E";"00013722";"CLINICA AREQUIPA S.A.";"240100";"HOSPITALIZACIÓN QUIRÚRGICA CIRUGÍA GENERAL ";"126";"125";"400";"568";"41";"1271";"1"
"2023";"08";"040101";"AREQUIPA";"AREQUIPA";"AREQUIPA";"PRIVADO";"II-E";"00013722";"CLINICA AREQUIPA S.A.";"241400";"HOSPITALIZACIÓN QUIRÚRGICA GINECO - OBSTETRICIA ";"55";"56";"106";"255";"27";"837";"0"
"2023";"08";"040101";"AREQUIPA";"AREQUIPA";"AREQUIPA";"PRIVADO";"II-E";"00013722";"CLINICA AREQUIPA S.A.";"241900";"HOSPITALIZACIÓN DE MEDICINA MEDICINA INTERNA ";"56";"54";"237";"265";"31";"961";"2"
"2023";"08";"150131";"LIMA";"LIMA";"SAN ISIDRO";"PRIVADO";"I-2";"00008215";"MEDICENTRO SAN ISIDRO";"NE_0001";"";"NE_0001";"NE_0001";"NE_0001";"NE_0001";"NE_0001";"NE_0001";"NE_0001"
"2023";"08";"220503";"SAN MARTIN";"LAMAS";"BARRANQUITA";"GOBIERNO REGIONAL";"I-1";"00006433";"PUERTO PIZARRO";"NE_0001";"";"NE_0001";"NE_0001";"NE_0001";"NE_0001";"NE_0001";"NE_0001";"NE_0001"
"2023";"09";"060501";"CAJAMARCA";"CONTUMAZA";"CONTUMAZA";"ESSALUD";"I-2";"00010276";"POSTA MEDICA ESSALUD CONTUMAZA";"NE_0001";"";"NE_0001";"NE_0001";"NE_0001";"NE_0001";"NE_0001";"NE_0001";"NE_0001"
"2023";"09";"180101";"MOQUEGUA";"MARISCAL NIETO";"MOQUEGUA";"ESSALUD";"II-1";"00016157";"HOSPITAL II MOQUEGUA";"242300";"HOSPITALIZACIÓN DE PEDIATRÍA  PEDIATRÍA  GENERAL ";"43";"41";"109";"110";"4";"120";"0"
"2023";"09";"180101";"MOQUEGUA";"MARISCAL NIETO";"MOQUEGUA";"ESSALUD";"II-1";"00016157";"HOSPITAL II MOQUEGUA";"250304";"HOSPIT. EN UNIDAD DE CUID.INTEN.-UNIDAD DE VIGILANCIA INTENSIVA (UVI)-MEDICINA";"2";"2";"74";"75";"4";"120";"0"
"2023";"09";"120205";"JUNIN";"CONCEPCION";"COCHAS";"GOBIERNO REGIONAL";"I-2";"00000676";"COCHAS";"NE_0001";"";"NE_0001";"NE_0001";"NE_0001";"NE_0001";"NE_0001";"NE_0001";"NE_0001"
"2023";"09";"120206";"JUNIN";"CONCEPCION";"COMAS";"GOBIERNO REGIONAL";"I-1";"00000684";"RUNATULLO";"NE_0001";"";"NE_0001";"NE_0001";"NE_0001";"NE_0001";"NE_0001";"NE_0001";"NE_0001"
"2023";"09";"120203";"JUNIN";"CONCEPCION";"ANDAMARCA";"GOBIERNO REGIONAL";"I-1";"00019790";"PUNCO";"NE_0001";"";"NE_0001";"NE_0001";"NE_0001";"NE_0001";"NE_0001";"NE_0001";"NE_0001"
"2023";"09";"120135";"JUNIN";"HUANCAYO";"SANTO DOMINGO DE ACOBAMBA";"GOBIERNO REGIONAL";"I-3";"00000666";"SANTO DOMINGO DE ACOBAMBA";"NE_0001";"";"NE_0001";"NE_0001";"NE_0001";"NE_0001";"NE_0001";"NE_0001";"NE_0001"
"2023";"09";"120205";"JUNIN";"CONCEPCION";"COCHAS";"GOBIERNO REGIONAL";"I-1";"00000677";"PILCOLLAMA";"NE_0001";"";"NE_0001";"NE_0001";"NE_0001";"NE_0001";"NE_0001";"NE_0001";"NE_0001"
"2023";"09";"120206";"JUNIN";"CONCEPCION";"COMAS";"GOBIERNO REGIONAL";"I-3";"00000678";"COMAS";"NE_0001";"";"NE_0001";"NE_0001";"NE_0001";"NE_0001";"NE_0001";"NE_0001";"NE_0001"
"2023";"09";"120203";"JUNIN";"CONCEPCION";"ANDAMARCA";"GOBIERNO REGIONAL";"I-2";"00000673";"PUCACOCHA";"NE_0001";"";"NE_0001";"NE_0001";"NE_0001";"NE_0001";"NE_0001";"NE_0001";"NE_0001"
"2023";"09";"120135";"JUNIN";"HUANCAYO";"SANTO DOMINGO DE ACOBAMBA";"GOBIERNO REGIONAL";"I-2";"00000744";"YUNCACHAQUICOCHA";"NE_0001";"";"NE_0001";"NE_0001";"NE_0001";"NE_0001";"NE_0001";"NE_0001";"NE_0001"
"2023";"09";"120135";"JUNIN";"HUANCAYO";"SANTO DOMINGO DE ACOBAMBA";"GOBIERNO REGIONAL";"I-1";"00007082";"HUANCAMAYO";"NE_0001";"";"NE_0001";"NE_0001";"NE_0001";"NE_0001";"NE_0001";"NE_0001";"NE_0001"
"2023";"09";"120135";"JUNIN";"HUANCAYO";"SANTO DOMINGO DE ACOBAMBA";"GOBIERNO REGIONAL";"I-1";"00012468";"LA NUEVA LIBERTAD DE PUNTO";"NE_0001";"";"NE_0001";"NE_0001";"NE_0001";"NE_0001";"NE_0001";"NE_0001";"NE_0001"
"2023";"09";"120203";"JUNIN";"CONCEPCION";"ANDAMARCA";"GOBIERNO REGIONAL";"I-1";"00019793";"HUANUCO";"NE_0001";"";"NE_0001";"NE_0001";"NE_0001";"NE_0001";"NE_0001";"NE_0001";"NE_0001"
"2023";"09";"120135";"JUNIN";"HUANCAYO";"SANTO DOMINGO DE ACOBAMBA";"GOBIERNO REGIONAL";"I-1";"00000668";"PAURAN ATICOCHA";"NE_0001";"";"NE_0001";"NE_0001";"NE_0001";"NE_0001";"NE_0001";"NE_0001";"NE_0001"
"2023";"09";"120135";"JUNIN";"HUANCAYO";"SANTO DOMINGO DE ACOBAMBA";"GOBIERNO REGIONAL";"I-1";"00023381";"YANABAMBA";"NE_0001";"";"NE_0001";"NE_0001";"NE_0001";"NE_0001";"NE_0001";"NE_0001";"NE_0001"
"2023";"09";"090201";"HUANCAVELICA";"ACOBAMBA";"ACOBAMBA";"GOBIERNO REGIONAL";"I-3";"00022075";"CENTRO DE SALUD MENTAL COMUNITARIO ACOBAMBA";"NE_0001";"";"NE_0001";"NE_0001";"NE_0001";"NE_0001";"NE_0001";"NE_0001";"NE_0001"
"2023";"09";"021801";"ANCASH";"SANTA";"CHIMBOTE";"ESSALUD";"0";"00009047";"HOSPITAL III CHIMBOTE";"241900";"HOSPITALIZACIÓN DE MEDICINA MEDICINA INTERNA ";"226";"220";"1209";"1828";"66";"1984";"19"
"2023";"09";"021801";"ANCASH";"SANTA";"CHIMBOTE";"ESSALUD";"0";"00009047";"HOSPITAL III CHIMBOTE";"240100";"HOSPITALIZACIÓN QUIRÚRGICA CIRUGÍA GENERAL ";"149";"149";"452";"440";"17";"510";"0"
"2023";"09";"021801";"ANCASH";"SANTA";"CHIMBOTE";"ESSALUD";"0";"00009047";"HOSPITAL III CHIMBOTE";"241200";"HOSPITALIZACIÓN QUIRÚRGICA TRAUMATOLOGÍA Y ORTOPEDIA ";"50";"50";"536";"530";"18";"541";"0"
"2023";"09";"021801";"ANCASH";"SANTA";"CHIMBOTE";"ESSALUD";"0";"00009047";"HOSPITAL III CHIMBOTE";"241300";"HOSPITALIZACIÓN QUIRÚRGICA UROLOGÍA  ";"23";"23";"87";"103";"4";"120";"0"
"2023";"09";"021801";"ANCASH";"SANTA";"CHIMBOTE";"ESSALUD";"0";"00009047";"HOSPITAL III CHIMBOTE";"240900";"HOSPITALIZACIÓN QUIRÚRGICA NEUROCIRUGÍA ";"5";"5";"101";"80";"3";"90";"0"
"2023";"09";"021801";"ANCASH";"SANTA";"CHIMBOTE";"ESSALUD";"0";"00009047";"HOSPITAL III CHIMBOTE";"241500";"HOSPITALIZACIÓN QUIRÚRGICA GINECOLOGÍA  ";"51";"51";"153";"171";"7";"212";"0"
"2023";"09";"021801";"ANCASH";"SANTA";"CHIMBOTE";"ESSALUD";"0";"00009047";"HOSPITAL III CHIMBOTE";"241600";"HOSPITALIZACIÓN QUIRÚRGICA OBSTETRICIA   ";"170";"169";"361";"368";"18";"533";"0"
"2023";"09";"021801";"ANCASH";"SANTA";"CHIMBOTE";"ESSALUD";"0";"00009047";"HOSPITAL III CHIMBOTE";"242300";"HOSPITALIZACIÓN DE PEDIATRÍA  PEDIATRÍA  GENERAL ";"79";"75";"344";"301";"10";"305";"0"
"2023";"04";"090207";"HUANCAVELICA";"ACOBAMBA";"POMACOCHA";"GOBIERNO REGIONAL";"I-2";"00003923";"PUESTO DE SALUD POMACOCHA";"NE_0001";"";"NE_0001";"NE_0001";"NE_0001";"NE_0001";"NE_0001";"NE_0001";"NE_0001"
"2023";"04";"090207";"HUANCAVELICA";"ACOBAMBA";"POMACOCHA";"GOBIERNO REGIONAL";"I-1";"00009698";"PUESTO DE SALUD INCAPACCHAN";"NE_0001";"";"NE_0001";"NE_0001";"NE_0001";"NE_0001";"NE_0001";"NE_0001";"NE_0001"
"2023";"04";"090201";"HUANCAVELICA";"ACOBAMBA";"ACOBAMBA";"GOBIERNO REGIONAL";"I-1";"00003922";"PUESTO DE SALUD CCARABAMBA";"NE_0001";"";"NE_0001";"NE_0001";"NE_0001";"NE_0001";"NE_0001";"NE_0001";"NE_0001"
"2023";"04";"090201";"HUANCAVELICA";"ACOBAMBA";"ACOBAMBA";"GOBIERNO REGIONAL";"I-1";"00009502";"PUESTO DE SALUD TRES DE OCTUBRE";"NE_0001";"";"NE_0001";"NE_0001";"NE_0001";"NE_0001";"NE_0001";"NE_0001";"NE_0001"
"2023";"04";"090207";"HUANCAVELICA";"ACOBAMBA";"POMACOCHA";"GOBIERNO REGIONAL";"I-1";"00009707";"PUESTO DE SALUD AYAHUASAN";"NE_0001";"";"NE_0001";"NE_0001";"NE_0001";"NE_0001";"NE_0001";"NE_0001";"NE_0001"
"2023";"04";"090201";"HUANCAVELICA";"ACOBAMBA";"ACOBAMBA";"GOBIERNO REGIONAL";"I-1";"00003920";"PUESTO DE SALUD DE CCARHUACC";"NE_0001";"";"NE_0001";"NE_0001";"NE_0001";"NE_0001";"NE_0001";"NE_0001";"NE_0001"
"2023";"04";"090207";"HUANCAVELICA";"ACOBAMBA";"POMACOCHA";"GOBIERNO REGIONAL";"I-3";"00003924";"CENTRO DE SALUD CHOCLOCOCHA";"NE_0001";"";"NE_0001";"NE_0001";"NE_0001";"NE_0001";"NE_0001";"NE_0001";"NE_0001"
"2023";"04";"090201";"HUANCAVELICA";"ACOBAMBA";"ACOBAMBA";"GOBIERNO REGIONAL";"I-1";"00003921";"PUESTO DE SALUD DE VILLA RICA";"NE_0001";"";"NE_0001";"NE_0001";"NE_0001";"NE_0001";"NE_0001";"NE_0001";"NE_0001"
"2023";"04";"090201";"HUANCAVELICA";"ACOBAMBA";"ACOBAMBA";"GOBIERNO REGIONAL";"I-2";"00003918";"PUESTO DE SALUD CURIMARAY";"NE_0001";"";"NE_0001";"NE_0001";"NE_0001";"NE_0001";"NE_0001";"NE_0001";"NE_0001"
"2023";"04";"090207";"HUANCAVELICA";"ACOBAMBA";"POMACOCHA";"GOBIERNO REGIONAL";"I-1";"00003925";"PUESTO DE SALUD YANACCOCHA";"NE_0001";"";"NE_0001";"NE_0001";"NE_0001";"NE_0001";"NE_0001";"NE_0001";"NE_0001"
"2023";"04";"090201";"HUANCAVELICA";"ACOBAMBA";"ACOBAMBA";"GOBIERNO REGIONAL";"I-1";"00003919";"PUESTO DE SALUD POMAVILCA";"NE_0001";"";"NE_0001";"NE_0001";"NE_0001";"NE_0001";"NE_0001";"NE_0001";"NE_0001"
"2023";"04";"150136";"LIMA";"LIMA";"SAN MIGUEL";"PRIVADO";"II-E";"00020976";"VISUAL CENTER CLINICA DE OJOS";"NE_0001";"";"NE_0001";"NE_0001";"NE_0001";"NE_0001";"NE_0001";"NE_0001";"NE_0001"
"2023";"04";"160101";"LORETO";"MAYNAS";"IQUITOS";"PRIVADO";"II-1";"00011737";"CLINICA SAN JUAN";"240100";"HOSPITALIZACIÓN QUIRÚRGICA CIRUGÍA GENERAL ";"10";"10";"15";"9";"10";"12";"0"
"2023";"04";"160101";"LORETO";"MAYNAS";"IQUITOS";"PRIVADO";"II-1";"00011737";"CLINICA SAN JUAN";"241400";"HOSPITALIZACIÓN QUIRÚRGICA GINECO - OBSTETRICIA ";"10";"10";"14";"9";"10";"11";"0"
"2023";"04";"160101";"LORETO";"MAYNAS";"IQUITOS";"PRIVADO";"II-1";"00011737";"CLINICA SAN JUAN";"241800";"HOSPITALIZACIÓN DE MEDICINA MEDICINA GENERAL ";"1";"1";"6";"6";"10";"12";"0"
"2023";"04";"160101";"LORETO";"MAYNAS";"IQUITOS";"PRIVADO";"II-1";"00011737";"CLINICA SAN JUAN";"240100";"HOSPITALIZACIÓN QUIRÚRGICA CIRUGÍA GENERAL ";"18";"18";"30";"1";"10";"12";"0"
"2023";"04";"160101";"LORETO";"MAYNAS";"IQUITOS";"PRIVADO";"II-1";"00011737";"CLINICA SAN JUAN";"243700";"HOSPITALIZACIÓN DE PEDIATRÍA PEDIATRIA OTORRINOLARINGOLOGÍA PEDIÁTRICA ";"4";"4";"4";"3";"5";"7";"0"
"2023";"04";"160101";"LORETO";"MAYNAS";"IQUITOS";"PRIVADO";"II-1";"00011737";"CLINICA SAN JUAN";"241900";"HOSPITALIZACIÓN DE MEDICINA MEDICINA INTERNA ";"1";"1";"2";"1";"3";"7";"0"
"2023";"04";"160101";"LORETO";"MAYNAS";"IQUITOS";"PRIVADO";"II-1";"00011737";"CLINICA SAN JUAN";"241300";"HOSPITALIZACIÓN QUIRÚRGICA UROLOGÍA  ";"2";"2";"3";"1";"4";"8";"0"
"2023";"04";"040608";"AREQUIPA";"CONDESUYOS";"YANAQUIHUA";"GOBIERNO REGIONAL";"I-2";"00001414";"PUESTO DE SALUD ISPACAS";"NE_0001";"";"NE_0001";"NE_0001";"NE_0001";"NE_0001";"NE_0001";"NE_0001";"NE_0001"
"2023";"04";"040605";"AREQUIPA";"CONDESUYOS";"IRAY";"GOBIERNO REGIONAL";"I-2";"00001409";"IRAY";"NE_0001";"";"NE_0001";"NE_0001";"NE_0001";"NE_0001";"NE_0001";"NE_0001";"NE_0001"
"2023";"04";"040607";"AREQUIPA";"CONDESUYOS";"SALAMANCA";"GOBIERNO REGIONAL";"I-1";"00001413";"PUESTO DE SALUD PUCUNCHO";"NE_0001";"";"NE_0001";"NE_0001";"NE_0001";"NE_0001";"NE_0001";"NE_0001";"NE_0001"
"2023";"04";"040604";"AREQUIPA";"CONDESUYOS";"CHICHAS";"GOBIERNO REGIONAL";"I-2";"00001410";"PUESTO DE SALUD CHICHAS";"NE_0001";"";"NE_0001";"NE_0001";"NE_0001";"NE_0001";"NE_0001";"NE_0001";"NE_0001"
"2023";"04";"040604";"AREQUIPA";"CONDESUYOS";"CHICHAS";"GOBIERNO REGIONAL";"I-2";"00001411";"PUESTO DE SALUD YACHANGUILLO";"NE_0001";"";"NE_0001";"NE_0001";"NE_0001";"NE_0001";"NE_0001";"NE_0001";"NE_0001"
"2023";"04";"040604";"AREQUIPA";"CONDESUYOS";"CHICHAS";"GOBIERNO REGIONAL";"I-1";"00001416";"YANQUE";"NE_0001";"";"NE_0001";"NE_0001";"NE_0001";"NE_0001";"NE_0001";"NE_0001";"NE_0001"
"2023";"04";"040607";"AREQUIPA";"CONDESUYOS";"SALAMANCA";"GOBIERNO REGIONAL";"I-2";"00001412";"PUESTO DE SALUD SALAMANCA";"NE_0001";"";"NE_0001";"NE_0001";"NE_0001";"NE_0001";"NE_0001";"NE_0001";"NE_0001"
"2023";"04";"040601";"AREQUIPA";"CONDESUYOS";"CHUQUIBAMBA";"GOBIERNO REGIONAL";"I-4";"00001388";"CENTRO DE SALUD CHUQUIBAMBA";"241600";"HOSPITALIZACIÓN QUIRÚRGICA OBSTETRICIA   ";"3";"3";"3";"4";"3";"89";"0"
"2023";"04";"040608";"AREQUIPA";"CONDESUYOS";"YANAQUIHUA";"GOBIERNO REGIONAL";"I-3";"00001389";"CENTRO DE SALUD YANAQUIHUA";"NE_0001";"";"NE_0001";"NE_0001";"NE_0001";"NE_0001";"NE_0001";"NE_0001";"NE_0001"
"2023";"04";"040602";"AREQUIPA";"CONDESUYOS";"ANDARAY";"GOBIERNO REGIONAL";"I-2";"00001415";"PUESTO DE SALUD ANDARAY";"NE_0001";"";"NE_0001";"NE_0001";"NE_0001";"NE_0001";"NE_0001";"NE_0001";"NE_0001"
"2023";"05";"150131";"LIMA";"LIMA";"SAN ISIDRO";"PRIVADO";"II-2";"00008398";"CLINICA EL GOLF";"240000";"HOSPITALIZACIÓN";"312";"322";"1205";"367";"54";"1674";"1"
"2023";"05";"150131";"LIMA";"LIMA";"SAN ISIDRO";"PRIVADO";"II-2";"00008398";"CLINICA EL GOLF";"250103";"UNIDAD DE CUIDADOS CRITICOS UNIDAD  DE CUIDADOS INTENSIVOS GENERALES  (UCI) MEDICINA";"21";"4";"110";"38";"6";"186";"1"
"2023";"08";"120114";"JUNIN";"HUANCAYO";"EL TAMBO";"ESSALUD";"III-1";"00008652";"HOSPITAL NACIONAL RAMIRO PRIALE PRIALE";"240700";"HOSPITALIZACIÓN QUIRÚRGICA CIRUGÍA PEDIÁTRICA ";"12";"13";"54";"60";"2";"62";"0"
"2023";"08";"120114";"JUNIN";"HUANCAYO";"EL TAMBO";"ESSALUD";"III-1";"00008652";"HOSPITAL NACIONAL RAMIRO PRIALE PRIALE";"250100";"UNIDAD DE CUIDADOS CRITICOS UNIDAD  DE CUIDADOS INTENSIVOS GENERALES (UCI) ";"38";"8";"148";"337";"12";"372";"7"
"2023";"08";"120114";"JUNIN";"HUANCAYO";"EL TAMBO";"ESSALUD";"III-1";"00008652";"HOSPITAL NACIONAL RAMIRO PRIALE PRIALE";"250108";"UNIDAD DE CUIDADOS CRITICOS UNIDAD  DE CUIDADOS INTENSIVOS  (UCI) PEDIÁTRICA";"7";"2";"54";"49";"2";"62";"2"
"2023";"08";"120114";"JUNIN";"HUANCAYO";"EL TAMBO";"ESSALUD";"III-1";"00008652";"HOSPITAL NACIONAL RAMIRO PRIALE PRIALE";"250105";"UNIDAD DE CUIDADOS CRITICOS UNIDAD  DE CUIDADOS INTENSIVOS  (UCI) NEONATOLOGÍA";"14";"3";"52";"137";"5";"155";"2"
"2023";"08";"120114";"JUNIN";"HUANCAYO";"EL TAMBO";"ESSALUD";"III-1";"00008652";"HOSPITAL NACIONAL RAMIRO PRIALE PRIALE";"240500";"HOSPITALIZACIÓN QUIRÚRGICA CIRUGÍA DE TRANSPLANTES ";"0";"1";"20";"15";"1";"16";"0"
"2023";"08";"120114";"JUNIN";"HUANCAYO";"EL TAMBO";"ESSALUD";"III-1";"00008652";"HOSPITAL NACIONAL RAMIRO PRIALE PRIALE";"250200";"UNIDAD DE CUIDADOS CRITICOS UNIDAD DE CUIDADOS INTERMEDIOS GENERAL  (UCIN) ";"33";"5";"37";"277";"10";"310";"3"
"2023";"08";"120114";"JUNIN";"HUANCAYO";"EL TAMBO";"ESSALUD";"III-1";"00008652";"HOSPITAL NACIONAL RAMIRO PRIALE PRIALE";"250202";"UNIDAD DE CUIDADOS CRITICOS UNIDAD DE CUIDADOS INTERMEDIOS  (UCIN) PEDIÁTRICOS";"22";"16";"165";"137";"5";"155";"0"
"2023";"08";"120114";"JUNIN";"HUANCAYO";"EL TAMBO";"ESSALUD";"III-1";"00008652";"HOSPITAL NACIONAL RAMIRO PRIALE PRIALE";"250200";"UNIDAD DE CUIDADOS CRITICOS UNIDAD DE CUIDADOS INTERMEDIOS GENERAL  (UCIN) ";"60";"57";"310";"296";"10";"310";"0"
"2023";"08";"200105";"PIURA";"PIURA";"CATACAOS";"PRIVADO";"II-1";"00010723";"HOSPITAL PRIVADO DEL PERU";"240000";"HOSPITALIZACIÓN";"116";"108";"172";"293";"32";"992";"2"
"2023";"08";"150113";"LIMA";"LIMA";"JESUS MARIA";"PRIVADO";"II-1";"00010776";"TRAUMATOLOGIA Y ORTOPEDIA AYBAR & AS SAC";"240000";"HOSPITALIZACIÓN";"1";"1";"1";"1";"6";"186";"0"
"2023";"08";"120702";"JUNIN";"TARMA";"ACOBAMBA";"GOBIERNO REGIONAL";"I-1";"00000524";"TUPIN";"NE_0001";"";"NE_0001";"NE_0001";"NE_0001";"NE_0001";"NE_0001";"NE_0001";"NE_0001"
"2023";"08";"150121";"LIMA";"LIMA";"PUEBLO LIBRE";"PRIVADO";"II-E";"00020230";"CLINICA DE OJOS GLOBAL LASER";"NE_0001";"";"NE_0001";"NE_0001";"NE_0001";"NE_0001";"NE_0001";"NE_0001";"NE_0001"
"2023";"08";"130101";"LA LIBERTAD";"TRUJILLO";"TRUJILLO";"PRIVADO";"II-2";"00018404";"CLINICA SAN PABLO TRUJILLO";"240000";"HOSPITALIZACIÓN";"391";"397";"1179";"1525";"64";"1984";"0"
"2023";"08";"090301";"HUANCAVELICA";"ANGARAES";"LIRCAY";"GOBIERNO REGIONAL";"I-1";"00003944";"BUENA VISTA";"NE_0001";"";"NE_0001";"NE_0001";"NE_0001";"NE_0001";"NE_0001";"NE_0001";"NE_0001"
"2023";"08";"090307";"HUANCAVELICA";"ANGARAES";"HUANCA-HUANCA";"GOBIERNO REGIONAL";"I-2";"00003953";"HUANCA HUANCA";"NE_0001";"";"NE_0001";"NE_0001";"NE_0001";"NE_0001";"NE_0001";"NE_0001";"NE_0001"
"2023";"08";"090301";"HUANCAVELICA";"ANGARAES";"LIRCAY";"GOBIERNO REGIONAL";"I-1";"00011769";"YANAUTUTO";"NE_0001";"";"NE_0001";"NE_0001";"NE_0001";"NE_0001";"NE_0001";"NE_0001";"NE_0001"
"2023";"08";"090303";"HUANCAVELICA";"ANGARAES";"CALLANMARCA";"GOBIERNO REGIONAL";"I-1";"00003952";"CALLANMARCA";"NE_0001";"";"NE_0001";"NE_0001";"NE_0001";"NE_0001";"NE_0001";"NE_0001";"NE_0001"
"2023";"08";"090304";"HUANCAVELICA";"ANGARAES";"CCOCHACCASA";"GOBIERNO REGIONAL";"I-1";"00003957";"CCASCCABAMBA";"NE_0001";"";"NE_0001";"NE_0001";"NE_0001";"NE_0001";"NE_0001";"NE_0001";"NE_0001"
"2023";"08";"090302";"HUANCAVELICA";"ANGARAES";"ANCHONGA";"GOBIERNO REGIONAL";"I-3";"00003959";"PARCO ALTO";"NE_0002";"";"NE_0002";"NE_0002";"NE_0002";"NE_0002";"NE_0002";"NE_0002";"NE_0002"
"2023";"08";"090306";"HUANCAVELICA";"ANGARAES";"CONGALLA";"GOBIERNO REGIONAL";"I-2";"00003972";"CONGALLA";"NE_0001";"";"NE_0001";"NE_0001";"NE_0001";"NE_0001";"NE_0001";"NE_0001";"NE_0001"
"2023";"08";"090301";"HUANCAVELICA";"ANGARAES";"LIRCAY";"GOBIERNO REGIONAL";"I-1";"00007384";"SAN JUAN DE AHUAY";"NE_0001";"";"NE_0001";"NE_0001";"NE_0001";"NE_0001";"NE_0001";"NE_0001";"NE_0001"
"2023";"08";"090301";"HUANCAVELICA";"ANGARAES";"LIRCAY";"GOBIERNO REGIONAL";"I-2";"00007385";"SAN JUAN DE DIOS DE CCOLLPAPAMPA";"NE_0001";"";"NE_0001";"NE_0001";"NE_0001";"NE_0001";"NE_0001";"NE_0001";"NE_0001"
"2023";"08";"090311";"HUANCAVELICA";"ANGARAES";"SANTO TOMAS DE PATA";"GOBIERNO REGIONAL";"I-1";"00011768";"CUTICSA";"NE_0001";"";"NE_0001";"NE_0001";"NE_0001";"NE_0001";"NE_0001";"NE_0001";"NE_0001"
"2023";"08";"090302";"HUANCAVELICA";"ANGARAES";"ANCHONGA";"GOBIERNO REGIONAL";"I-2";"00003960";"TUCO";"NE_0001";"";"NE_0001";"NE_0001";"NE_0001";"NE_0001";"NE_0001";"NE_0001";"NE_0001"
"2023";"08";"090309";"HUANCAVELICA";"ANGARAES";"JULCAMARCA";"GOBIERNO REGIONAL";"I-3";"00003962";"JULCAMARCA";"NE_0002";"";"NE_0002";"NE_0002";"NE_0002";"NE_0002";"NE_0002";"NE_0002";"NE_0002"
"2023";"08";"090310";"HUANCAVELICA";"ANGARAES";"SAN ANTONIO DE ANTAPARCO";"GOBIERNO REGIONAL";"I-1";"00003965";"SAN ANTONIO DE ANTAPARCO";"NE_0001";"";"NE_0001";"NE_0001";"NE_0001";"NE_0001";"NE_0001";"NE_0001";"NE_0001"
"2023";"08";"090312";"HUANCAVELICA";"ANGARAES";"SECCLLA";"GOBIERNO REGIONAL";"I-1";"00003971";"TRANCA";"NE_0001";"";"NE_0001";"NE_0001";"NE_0001";"NE_0001";"NE_0001";"NE_0001";"NE_0001"
"2023";"08";"090304";"HUANCAVELICA";"ANGARAES";"CCOCHACCASA";"GOBIERNO REGIONAL";"I-1";"00003956";"SAN PEDRO DE MIMOSA";"NE_0001";"";"NE_0001";"NE_0001";"NE_0001";"NE_0001";"NE_0001";"NE_0001";"NE_0001"
"2023";"08";"090301";"HUANCAVELICA";"ANGARAES";"LIRCAY";"GOBIERNO REGIONAL";"I-1";"00007290";"PERCAPAMPA";"NE_0001";"";"NE_0001";"NE_0001";"NE_0001";"NE_0001";"NE_0001";"NE_0001";"NE_0001"
"2023";"08";"090301";"HUANCAVELICA";"ANGARAES";"LIRCAY";"GOBIERNO REGIONAL";"I-1";"00003946";"PIRCAPAHUANA";"NE_0001";"";"NE_0001";"NE_0001";"NE_0001";"NE_0001";"NE_0001";"NE_0001";"NE_0001"
"2023";"08";"090301";"HUANCAVELICA";"ANGARAES";"LIRCAY";"GOBIERNO REGIONAL";"I-1";"00003951";"TUCSIPAMPA";"NE_0001";"";"NE_0001";"NE_0001";"NE_0001";"NE_0001";"NE_0001";"NE_0001";"NE_0001"
"2023";"08";"090308";"HUANCAVELICA";"ANGARAES";"HUALLAY-GRANDE";"GOBIERNO REGIONAL";"I-2";"00003954";"HUAYLLAY GRANDE";"NE_0001";"";"NE_0001";"NE_0001";"NE_0001";"NE_0001";"NE_0001";"NE_0001";"NE_0001"
"2023";"08";"090304";"HUANCAVELICA";"ANGARAES";"CCOCHACCASA";"GOBIERNO REGIONAL";"I-3";"00003955";"CCOCHACCASA";"NE_0002";"";"NE_0002";"NE_0002";"NE_0002";"NE_0002";"NE_0002";"NE_0002";"NE_0002"
"2023";"08";"090302";"HUANCAVELICA";"ANGARAES";"ANCHONGA";"GOBIERNO REGIONAL";"I-1";"00003958";"ANCHONGA";"NE_0001";"";"NE_0001";"NE_0001";"NE_0001";"NE_0001";"NE_0001";"NE_0001";"NE_0001"
"2023";"08";"090305";"HUANCAVELICA";"ANGARAES";"CHINCHO";"GOBIERNO REGIONAL";"I-1";"00003963";"CHINCHO";"NE_0001";"";"NE_0001";"NE_0001";"NE_0001";"NE_0001";"NE_0001";"NE_0001";"NE_0001"
"2023";"08";"090306";"HUANCAVELICA";"ANGARAES";"CONGALLA";"GOBIERNO REGIONAL";"I-1";"00011199";"CHAYNABAMBA";"NE_0001";"";"NE_0001";"NE_0001";"NE_0001";"NE_0001";"NE_0001";"NE_0001";"NE_0001"
"2023";"08";"090302";"HUANCAVELICA";"ANGARAES";"ANCHONGA";"GOBIERNO REGIONAL";"I-1";"00011454";"ALTO MARAYNIYOCC";"NE_0001";"";"NE_0001";"NE_0001";"NE_0001";"NE_0001";"NE_0001";"NE_0001";"NE_0001"
"2023";"08";"090302";"HUANCAVELICA";"ANGARAES";"ANCHONGA";"GOBIERNO REGIONAL";"I-1";"00006930";"HUARIRUMI - CHONTACANCHA";"NE_0001";"";"NE_0001";"NE_0001";"NE_0001";"NE_0001";"NE_0001";"NE_0001";"NE_0001"
"2023";"08";"090302";"HUANCAVELICA";"ANGARAES";"ANCHONGA";"GOBIERNO REGIONAL";"I-2";"00003961";"SAN PABLO DE OCCO";"NE_0001";"";"NE_0001";"NE_0001";"NE_0001";"NE_0001";"NE_0001";"NE_0001";"NE_0001"
"2023";"08";"090306";"HUANCAVELICA";"ANGARAES";"CONGALLA";"GOBIERNO REGIONAL";"I-1";"00003973";"YUNYACCASA";"NE_0001";"";"NE_0001";"NE_0001";"NE_0001";"NE_0001";"NE_0001";"NE_0001";"NE_0001"
"2023";"08";"090306";"HUANCAVELICA";"ANGARAES";"CONGALLA";"GOBIERNO REGIONAL";"I-1";"00003974";"CARCOSI";"NE_0001";"";"NE_0001";"NE_0001";"NE_0001";"NE_0001";"NE_0001";"NE_0001";"NE_0001"
"2023";"08";"090306";"HUANCAVELICA";"ANGARAES";"CONGALLA";"GOBIERNO REGIONAL";"I-1";"00003975";"LIRCAYCCASA";"NE_0001";"";"NE_0001";"NE_0001";"NE_0001";"NE_0001";"NE_0001";"NE_0001";"NE_0001"
"2023";"08";"090307";"HUANCAVELICA";"ANGARAES";"HUANCA-HUANCA";"GOBIERNO REGIONAL";"I-1";"00011200";"CCARAPA";"NE_0001";"";"NE_0001";"NE_0001";"NE_0001";"NE_0001";"NE_0001";"NE_0001";"NE_0001"
"2023";"08";"090301";"HUANCAVELICA";"ANGARAES";"LIRCAY";"GOBIERNO REGIONAL";"I-1";"00011201";"CIENEGUILLA";"NE_0001";"";"NE_0001";"NE_0001";"NE_0001";"NE_0001";"NE_0001";"NE_0001";"NE_0001"
"2023";"05";"160113";"LORETO";"MAYNAS";"SAN JUAN BAUTISTA";"PRIVADO";"II-E";"00024041";"CLÍNICA ESPECIALIZADA EMANUEL";"NE_0001";"";"NE_0001";"NE_0001";"NE_0001";"NE_0001";"NE_0001";"NE_0001";"NE_0001"
"2023";"05";"040124";"AREQUIPA";"AREQUIPA";"UCHUMAYO";"GOBIERNO REGIONAL";"I-2";"00001290";"PUESTO DE SALUD UCHUMAYO";"NE_0001";"";"NE_0001";"NE_0001";"NE_0001";"NE_0001";"NE_0001";"NE_0001";"NE_0001"
"2023";"05";"040124";"AREQUIPA";"AREQUIPA";"UCHUMAYO";"GOBIERNO REGIONAL";"I-3";"00001281";"CENTRO DE SALUD CONGATA";"NE_0001";"";"NE_0001";"NE_0001";"NE_0001";"NE_0001";"NE_0001";"NE_0001";"NE_0001"
"2023";"05";"040124";"AREQUIPA";"AREQUIPA";"UCHUMAYO";"GOBIERNO REGIONAL";"I-3";"00001280";"CENTRO DE SALUD CERRO VERDE";"NE_0001";"";"NE_0001";"NE_0001";"NE_0001";"NE_0001";"NE_0001";"NE_0001";"NE_0001"
"2023";"05";"110110";"ICA";"ICA";"SAN JUAN BAUTISTA";"GOBIERNO REGIONAL";"I-3";"00003364";"SAN JUAN BAUTISTA";"NE_0001";"";"NE_0001";"NE_0001";"NE_0001";"NE_0001";"NE_0001";"NE_0001";"NE_0001"
"2023";"05";"110112";"ICA";"ICA";"SUBTANJALLA";"MINSA";"I-3";"00003381";"FONAVI IV";"NE_0001";"";"NE_0001";"NE_0001";"NE_0001";"NE_0001";"NE_0001";"NE_0001";"NE_0001"
"2023";"05";"110110";"ICA";"ICA";"SAN JUAN BAUTISTA";"GOBIERNO REGIONAL";"I-3";"00003386";"EL CARMEN-OLIVO";"NE_0001";"";"NE_0001";"NE_0001";"NE_0001";"NE_0001";"NE_0001";"NE_0001";"NE_0001"
"2023";"05";"120709";"JUNIN";"TARMA";"TAPO";"GOBIERNO REGIONAL";"I-1";"00000579";"MACO";"NE_0001";"";"NE_0001";"NE_0001";"NE_0001";"NE_0001";"NE_0001";"NE_0001";"NE_0001"
"2023";"05";"120709";"JUNIN";"TARMA";"TAPO";"GOBIERNO REGIONAL";"I-2";"00000577";"TAPO";"NE_0001";"";"NE_0001";"NE_0001";"NE_0001";"NE_0001";"NE_0001";"NE_0001";"NE_0001"
"2023";"05";"120709";"JUNIN";"TARMA";"TAPO";"GOBIERNO REGIONAL";"I-1";"00000580";"CASACOTO - SAN ANTONIO";"NE_0001";"";"NE_0001";"NE_0001";"NE_0001";"NE_0001";"NE_0001";"NE_0001";"NE_0001"
"2023";"05";"120709";"JUNIN";"TARMA";"TAPO";"GOBIERNO REGIONAL";"I-1";"00000582";"PACCHAC";"NE_0001";"";"NE_0001";"NE_0001";"NE_0001";"NE_0001";"NE_0001";"NE_0001";"NE_0001"
"2023";"05";"120202";"JUNIN";"CONCEPCION";"ACO";"GOBIERNO REGIONAL";"I-1";"00000746";"QUICHA CHICO";"NE_0001";"";"NE_0001";"NE_0001";"NE_0001";"NE_0001";"NE_0001";"NE_0001";"NE_0001"
"2023";"05";"120211";"JUNIN";"CONCEPCION";"MITO";"GOBIERNO REGIONAL";"I-1";"00000748";"MITO";"NE_0001";"";"NE_0001";"NE_0001";"NE_0001";"NE_0001";"NE_0001";"NE_0001";"NE_0001"
"2023";"05";"120213";"JUNIN";"CONCEPCION";"ORCOTUNA";"GOBIERNO REGIONAL";"I-3";"00000751";"ORCOTUNA";"NE_0001";"";"NE_0001";"NE_0001";"NE_0001";"NE_0001";"NE_0001";"NE_0001";"NE_0001"
"2023";"05";"120122";"JUNIN";"HUANCAYO";"INGENIO";"GOBIERNO REGIONAL";"I-2";"00000663";"INGENIO";"NE_0001";"";"NE_0001";"NE_0001";"NE_0001";"NE_0001";"NE_0001";"NE_0001";"NE_0001"
"2023";"05";"120212";"JUNIN";"CONCEPCION";"NUEVE DE JULIO";"GOBIERNO REGIONAL";"I-1";"00000690";"NUEVE DE JULIO";"NE_0001";"";"NE_0001";"NE_0001";"NE_0001";"NE_0001";"NE_0001";"NE_0001";"NE_0001"
"2023";"05";"120202";"JUNIN";"CONCEPCION";"ACO";"GOBIERNO REGIONAL";"I-2";"00000745";"ACO";"NE_0001";"";"NE_0001";"NE_0001";"NE_0001";"NE_0001";"NE_0001";"NE_0001";"NE_0001"
"2023";"05";"120211";"JUNIN";"CONCEPCION";"MITO";"GOBIERNO REGIONAL";"I-1";"00000749";"SAN LUIS YAICO";"NE_0001";"";"NE_0001";"NE_0001";"NE_0001";"NE_0001";"NE_0001";"NE_0001";"NE_0001"
"2023";"05";"120122";"JUNIN";"HUANCAYO";"INGENIO";"GOBIERNO REGIONAL";"I-1";"00000664";"CASACANCHA";"NE_0001";"";"NE_0001";"NE_0001";"NE_0001";"NE_0001";"NE_0001";"NE_0001";"NE_0001"
"2023";"05";"120201";"JUNIN";"CONCEPCION";"CONCEPCION";"GOBIERNO REGIONAL";"I-4";"00000671";"DAVID GUERRERO DUARTE";"NE_0001";"";"NE_0001";"NE_0001";"NE_0001";"NE_0001";"NE_0001";"NE_0001";"NE_0001"
"2023";"05";"120210";"JUNIN";"CONCEPCION";"MATAHUASI";"GOBIERNO REGIONAL";"I-3";"00000687";"MATAHUASI";"NE_0001";"";"NE_0001";"NE_0001";"NE_0001";"NE_0001";"NE_0001";"NE_0001";"NE_0001"
"2023";"05";"120211";"JUNIN";"CONCEPCION";"MITO";"GOBIERNO REGIONAL";"I-1";"00000750";"MATAHULO";"NE_0001";"";"NE_0001";"NE_0001";"NE_0001";"NE_0001";"NE_0001";"NE_0001";"NE_0001"
"2023";"05";"120202";"JUNIN";"CONCEPCION";"ACO";"GOBIERNO REGIONAL";"I-1";"00000747";"QUICHA GRANDE";"NE_0001";"";"NE_0001";"NE_0001";"NE_0001";"NE_0001";"NE_0001";"NE_0001";"NE_0001"
"2023";"05";"120213";"JUNIN";"CONCEPCION";"ORCOTUNA";"GOBIERNO REGIONAL";"I-1";"00000752";"VICSO";"NE_0001";"";"NE_0001";"NE_0001";"NE_0001";"NE_0001";"NE_0001";"NE_0001";"NE_0001"
"2023";"05";"081205";"CUSCO";"QUISPICANCHI";"CCATCA";"GOBIERNO REGIONAL";"I-1";"00008911";"HUARA HUARA";"NE_0001";"";"NE_0001";"NE_0001";"NE_0001";"NE_0001";"NE_0001";"NE_0001";"NE_0001"
"2023";"05";"081202";"CUSCO";"QUISPICANCHI";"ANDAHUAYLILLAS";"GOBIERNO REGIONAL";"I-2";"00002525";"ANDAHUAYLILLAS";"NE_0001";"";"NE_0001";"NE_0001";"NE_0001";"NE_0001";"NE_0001";"NE_0001";"NE_0001"
"2023";"05";"081212";"CUSCO";"QUISPICANCHI";"QUIQUIJANA";"GOBIERNO REGIONAL";"I-4";"00002538";"QUIQUIJANA";"NE_0001";"";"NE_0001";"NE_0001";"NE_0001";"NE_0001";"NE_0001";"NE_0001";"NE_0001"
"2023";"05";"081206";"CUSCO";"QUISPICANCHI";"CUSIPATA";"GOBIERNO REGIONAL";"I-1";"00006980";"CHILLIHUANI";"NE_0001";"";"NE_0001";"NE_0001";"NE_0001";"NE_0001";"NE_0001";"NE_0001";"NE_0001"
"2023";"05";"081207";"CUSCO";"QUISPICANCHI";"HUARO";"GOBIERNO REGIONAL";"I-1";"00002533";"URPAY";"NE_0001";"";"NE_0001";"NE_0001";"NE_0001";"NE_0001";"NE_0001";"NE_0001";"NE_0001"
"2023";"05";"081208";"CUSCO";"QUISPICANCHI";"LUCRE";"GOBIERNO REGIONAL";"I-2";"00002534";"LUCRE";"NE_0001";"";"NE_0001";"NE_0001";"NE_0001";"NE_0001";"NE_0001";"NE_0001";"NE_0001"
"2023";"05";"081212";"CUSCO";"QUISPICANCHI";"QUIQUIJANA";"GOBIERNO REGIONAL";"I-1";"00002539";"CCOLCA";"NE_0001";"";"NE_0001";"NE_0001";"NE_0001";"NE_0001";"NE_0001";"NE_0001";"NE_0001"
"2023";"05";"081201";"CUSCO";"QUISPICANCHI";"URCOS";"GOBIERNO REGIONAL";"I-4";"00002523";"URCOS";"NE_0001";"";"NE_0001";"NE_0001";"NE_0001";"NE_0001";"NE_0001";"NE_0001";"NE_0001"
"2023";"05";"081206";"CUSCO";"QUISPICANCHI";"CUSIPATA";"GOBIERNO REGIONAL";"I-3";"00002530";"CUSIPATA";"NE_0001";"";"NE_0001";"NE_0001";"NE_0001";"NE_0001";"NE_0001";"NE_0001";"NE_0001"
"2023";"05";"081211";"CUSCO";"QUISPICANCHI";"OROPESA";"GOBIERNO REGIONAL";"I-3";"00002537";"OROPESA";"NE_0001";"";"NE_0001";"NE_0001";"NE_0001";"NE_0001";"NE_0001";"NE_0001";"NE_0001"
"2023";"05";"081207";"CUSCO";"QUISPICANCHI";"HUARO";"GOBIERNO REGIONAL";"I-2";"00002532";"HUARO";"NE_0001";"";"NE_0001";"NE_0001";"NE_0001";"NE_0001";"NE_0001";"NE_0001";"NE_0001"
"2023";"06";"130502";"LA LIBERTAD";"JULCAN";"CALAMARCA";"GOBIERNO REGIONAL";"I-4";"00005308";"CALAMARCA";"NE_0001";"";"NE_0001";"NE_0001";"NE_0001";"NE_0001";"NE_0001";"NE_0001";"NE_0001"
"2023";"06";"130502";"LA LIBERTAD";"JULCAN";"CALAMARCA";"GOBIERNO REGIONAL";"I-1";"00007248";"CHAZKA";"NE_0001";"";"NE_0001";"NE_0001";"NE_0001";"NE_0001";"NE_0001";"NE_0001";"NE_0001"
"2023";"06";"130502";"LA LIBERTAD";"JULCAN";"CALAMARCA";"GOBIERNO REGIONAL";"I-1";"00016424";"HUAGAL";"NE_0001";"";"NE_0001";"NE_0001";"NE_0001";"NE_0001";"NE_0001";"NE_0001";"NE_0001"
"2023";"06";"130502";"LA LIBERTAD";"JULCAN";"CALAMARCA";"GOBIERNO REGIONAL";"I-3";"00005309";"SICCHAL";"NE_0001";"";"NE_0001";"NE_0001";"NE_0001";"NE_0001";"NE_0001";"NE_0001";"NE_0001"
"2023";"06";"150131";"LIMA";"LIMA";"SAN ISIDRO";"PRIVADO";"II-2";"00008398";"CLINICA EL GOLF";"240000";"HOSPITALIZACIÓN";"293";"315";"1045";"337";"54";"1620";"2"
"2023";"06";"150131";"LIMA";"LIMA";"SAN ISIDRO";"PRIVADO";"II-2";"00008398";"CLINICA EL GOLF";"250103";"UNIDAD DE CUIDADOS CRITICOS UNIDAD  DE CUIDADOS INTENSIVOS GENERALES  (UCI) MEDICINA";"15";"6";"91";"26";"6";"180";"1"
"2023";"07";"050910";"AYACUCHO";"SUCRE";"SANTIAGO DE PAUCARAY";"GOBIERNO REGIONAL";"I-1";"00007096";"PUESTO DE SALUD AUTAMA";"NE_0001";"";"NE_0001";"NE_0001";"NE_0001";"NE_0001";"NE_0001";"NE_0001";"NE_0001"
"2023";"07";"050906";"AYACUCHO";"SUCRE";"MORCOLLA";"GOBIERNO REGIONAL";"I-1";"00003812";"PUESTO DE SALUD HUACO";"NE_0001";"";"NE_0001";"NE_0001";"NE_0001";"NE_0001";"NE_0001";"NE_0001";"NE_0001"
"2023";"07";"050906";"AYACUCHO";"SUCRE";"MORCOLLA";"GOBIERNO REGIONAL";"I-1";"00003810";"PUESTO DE SALUD MORCOLLA";"NE_0001";"";"NE_0001";"NE_0001";"NE_0001";"NE_0001";"NE_0001";"NE_0001";"NE_0001"
"2023";"07";"050906";"AYACUCHO";"SUCRE";"MORCOLLA";"GOBIERNO REGIONAL";"I-1";"00003811";"PUESTO DE SALUD TINTAY";"NE_0001";"";"NE_0001";"NE_0001";"NE_0001";"NE_0001";"NE_0001";"NE_0001";"NE_0001"
"2023";"07";"050907";"AYACUCHO";"SUCRE";"PAICO";"GOBIERNO REGIONAL";"I-1";"00003814";"PUESTO DE SALUD SIHUE";"NE_0001";"";"NE_0001";"NE_0001";"NE_0001";"NE_0001";"NE_0001";"NE_0001";"NE_0001"
"2023";"07";"050903";"AYACUCHO";"SUCRE";"CHALCOS";"GOBIERNO REGIONAL";"I-1";"00003804";"PUESTO DE SALUD CHALCOS";"NE_0001";"";"NE_0001";"NE_0001";"NE_0001";"NE_0001";"NE_0001";"NE_0001";"NE_0001"
"2023";"07";"050908";"AYACUCHO";"SUCRE";"SAN PEDRO DE LARCAY";"GOBIERNO REGIONAL";"I-2";"00003815";"SAN PEDRO DE LARCAY";"NE_0001";"";"NE_0001";"NE_0001";"NE_0001";"NE_0001";"NE_0001";"NE_0001";"NE_0001"
"2023";"07";"050909";"AYACUCHO";"SUCRE";"SAN SALVADOR DE QUIJE";"GOBIERNO REGIONAL";"I-1";"00006900";"PUESTO DE SALUD VISTA ALEGRE - SUCRE";"NE_0001";"";"NE_0001";"NE_0001";"NE_0001";"NE_0001";"NE_0001";"NE_0001";"NE_0001"
"2023";"07";"010101";"AMAZONAS";"CHACHAPOYAS";"CHACHAPOYAS";"GOBIERNO REGIONAL";"II-2";"00004838";"HOSPITAL REGIONAL VIRGEN DE FATIMA";"240100";"HOSPITALIZACIÓN QUIRÚRGICA CIRUGÍA GENERAL ";"78";"91";"475";"473";"23";"713";"1"
"2023";"07";"010101";"AMAZONAS";"CHACHAPOYAS";"CHACHAPOYAS";"GOBIERNO REGIONAL";"II-2";"00004838";"HOSPITAL REGIONAL VIRGEN DE FATIMA";"241200";"HOSPITALIZACIÓN QUIRÚRGICA TRAUMATOLOGÍA Y ORTOPEDIA ";"22";"27";"175";"179";"9";"279";"0"
"2023";"07";"010101";"AMAZONAS";"CHACHAPOYAS";"CHACHAPOYAS";"GOBIERNO REGIONAL";"II-2";"00004838";"HOSPITAL REGIONAL VIRGEN DE FATIMA";"241500";"HOSPITALIZACIÓN QUIRÚRGICA GINECOLOGÍA  ";"9";"11";"31";"40";"18";"558";"0"
"2023";"07";"010101";"AMAZONAS";"CHACHAPOYAS";"CHACHAPOYAS";"GOBIERNO REGIONAL";"II-2";"00004838";"HOSPITAL REGIONAL VIRGEN DE FATIMA";"241600";"HOSPITALIZACIÓN QUIRÚRGICA OBSTETRICIA   ";"144";"150";"244";"386";"20";"620";"0"
"2023";"07";"010101";"AMAZONAS";"CHACHAPOYAS";"CHACHAPOYAS";"GOBIERNO REGIONAL";"II-2";"00004838";"HOSPITAL REGIONAL VIRGEN DE FATIMA";"241900";"HOSPITALIZACIÓN DE MEDICINA MEDICINA INTERNA ";"60";"68";"361";"375";"23";"434";"2"
"2023";"07";"010101";"AMAZONAS";"CHACHAPOYAS";"CHACHAPOYAS";"GOBIERNO REGIONAL";"II-2";"00004838";"HOSPITAL REGIONAL VIRGEN DE FATIMA";"242500";"HOSPITALIZACIÓN-PEDIATRÍA GENERAL-";"25";"39";"345";"274";"14";"434";"0"
"2023";"07";"010101";"AMAZONAS";"CHACHAPOYAS";"CHACHAPOYAS";"GOBIERNO REGIONAL";"II-2";"00004838";"HOSPITAL REGIONAL VIRGEN DE FATIMA";"243200";"HOSPITALIZACIÓN DE PEDIATRÍA PEDIATRIA NEONATOLOGÍA";"97";"106";"334";"310";"10";"310";"0"
"2023";"07";"010101";"AMAZONAS";"CHACHAPOYAS";"CHACHAPOYAS";"GOBIERNO REGIONAL";"II-2";"00004838";"HOSPITAL REGIONAL VIRGEN DE FATIMA";"250103";"UNIDAD DE CUIDADOS CRITICOS UNIDAD  DE CUIDADOS INTENSIVOS GENERALES  (UCI) MEDICINA";"9";"14";"106";"98";"5";"155";"3"
"2023";"07";"010101";"AMAZONAS";"CHACHAPOYAS";"CHACHAPOYAS";"GOBIERNO REGIONAL";"II-2";"00004838";"HOSPITAL REGIONAL VIRGEN DE FATIMA";"250105";"UNIDAD DE CUIDADOS CRITICOS UNIDAD  DE CUIDADOS INTENSIVOS  (UCI) NEONATOLOGÍA";"5";"7";"90";"73";"6";"186";"1"
"2023";"07";"021904";"ANCASH";"SIHUAS";"CASHAPAMPA";"GOBIERNO REGIONAL";"I-1";"00001798";"PUESTO DE SALUD PASACANCHA";"NE_0002";"";"NE_0002";"NE_0002";"NE_0002";"NE_0002";"NE_0002";"NE_0002";"NE_0002"
"2023";"07";"060703";"CAJAMARCA";"HUALGAYOC";"HUALGAYOC";"ESSALUD";"I-2";"00010270";"POSTA MEDICA DE HUALGAYOC";"NE_0001";"";"NE_0001";"NE_0001";"NE_0001";"NE_0001";"NE_0001";"NE_0001";"NE_0001"
"2023";"07";"230401";"TACNA";"TARATA";"TARATA";"ESSALUD";"I-2";"00010192";"CENTRO DE ATENCION PRIMARIA I TARATA";"NE_0001";"";"NE_0001";"NE_0001";"NE_0001";"NE_0001";"NE_0001";"NE_0001";"NE_0001"
"2023";"07";"040126";"AREQUIPA";"AREQUIPA";"YANAHUARA";"ESSALUD";"II-1";"00013291";"HOSPITAL III YANAHUARA";"241900";"HOSPITALIZACIÓN DE MEDICINA MEDICINA INTERNA ";"103";"88";"1096";"1098";"36";"1116";"8"
"2023";"07";"040126";"AREQUIPA";"AREQUIPA";"YANAHUARA";"ESSALUD";"II-1";"00013291";"HOSPITAL III YANAHUARA";"240100";"HOSPITALIZACIÓN QUIRÚRGICA CIRUGÍA GENERAL ";"293";"286";"1006";"1297";"44";"1364";"0"
"2023";"07";"040126";"AREQUIPA";"AREQUIPA";"YANAHUARA";"ESSALUD";"II-1";"00013291";"HOSPITAL III YANAHUARA";"241600";"HOSPITALIZACIÓN QUIRÚRGICA OBSTETRICIA   ";"270";"260";"627";"685";"24";"744";"0"
"2023";"07";"040126";"AREQUIPA";"AREQUIPA";"YANAHUARA";"ESSALUD";"II-1";"00013291";"HOSPITAL III YANAHUARA";"241400";"HOSPITALIZACIÓN QUIRÚRGICA GINECO - OBSTETRICIA ";"171";"166";"470";"385";"13";"403";"0"
"2023";"07";"040126";"AREQUIPA";"AREQUIPA";"YANAHUARA";"ESSALUD";"II-1";"00013291";"HOSPITAL III YANAHUARA";"242300";"HOSPITALIZACIÓN DE PEDIATRÍA  PEDIATRÍA  GENERAL ";"89";"92";"481";"326";"11";"341";"0"
"2023";"07";"040126";"AREQUIPA";"AREQUIPA";"YANAHUARA";"ESSALUD";"II-1";"00013291";"HOSPITAL III YANAHUARA";"243200";"HOSPITALIZACIÓN DE PEDIATRÍA PEDIATRIA NEONATOLOGÍA";"170";"167";"597";"543";"20";"620";"0"
"2023";"07";"040126";"AREQUIPA";"AREQUIPA";"YANAHUARA";"ESSALUD";"II-1";"00013291";"HOSPITAL III YANAHUARA";"250100";"UNIDAD DE CUIDADOS CRITICOS UNIDAD  DE CUIDADOS INTENSIVOS GENERALES (UCI) ";"16";"5";"41";"246";"12";"372";"4"
"2023";"03";"050113";"AYACUCHO";"HUAMANGA";"TAMBILLO";"GOBIERNO REGIONAL";"I-2";"00003610";"PUESTO DE SALUD MUYURINA";"NE_0002";"";"NE_0002";"NE_0002";"NE_0002";"NE_0002";"NE_0002";"NE_0002";"NE_0002"
"2023";"03";"050101";"AYACUCHO";"HUAMANGA";"AYACUCHO";"GOBIERNO REGIONAL";"I-3";"00003606";"CENTRO DE SALUD SIMPAPATA";"NE_0002";"";"NE_0002";"NE_0002";"NE_0002";"NE_0002";"NE_0002";"NE_0002";"NE_0002"
"2023";"03";"050107";"AYACUCHO";"HUAMANGA";"PACAYCASA";"GOBIERNO REGIONAL";"I-2";"00003609";"PUESTO DE SALUD PACAYCASA";"NE_0002";"";"NE_0002";"NE_0002";"NE_0002";"NE_0002";"NE_0002";"NE_0002";"NE_0002"
"2023";"03";"050107";"AYACUCHO";"HUAMANGA";"PACAYCASA";"GOBIERNO REGIONAL";"I-1";"00003608";"PUESTO DE SALUD LA COMPAÑIA";"NE_0002";"";"NE_0002";"NE_0002";"NE_0002";"NE_0002";"NE_0002";"NE_0002";"NE_0002"
"2023";"03";"050111";"AYACUCHO";"HUAMANGA";"SANTIAGO DE PISCHA";"GOBIERNO REGIONAL";"I-1";"00003613";"PUESTO DE SALUD ATACOCHA";"NE_0002";"";"NE_0002";"NE_0002";"NE_0002";"NE_0002";"NE_0002";"NE_0002";"NE_0002"
"2023";"03";"050111";"AYACUCHO";"HUAMANGA";"SANTIAGO DE PISCHA";"GOBIERNO REGIONAL";"I-1";"00003611";"PUESTO DE SALUD SANTIAGO DE PISCHA";"NE_0002";"";"NE_0002";"NE_0002";"NE_0002";"NE_0002";"NE_0002";"NE_0002";"NE_0002"
"2023";"03";"050111";"AYACUCHO";"HUAMANGA";"SANTIAGO DE PISCHA";"GOBIERNO REGIONAL";"I-1";"00003612";"PUESTO DE SALUD LARAMATE";"NE_0002";"";"NE_0002";"NE_0002";"NE_0002";"NE_0002";"NE_0002";"NE_0002";"NE_0002"
"2023";"04";"250101";"UCAYALI";"CORONEL PORTILLO";"CALLERIA";"SANIDAD DE LA POLICIA NACIONAL DEL PERU";"I-3";"00010148";"POLICLINICO POLICIAL PUCALLPA";"NE_0001";"";"NE_0001";"NE_0001";"NE_0001";"NE_0001";"NE_0001";"NE_0001";"NE_0001"
"2023";"05";"040109";"AREQUIPA";"AREQUIPA";"MARIANO MELGAR";"PRIVADO";"II-E";"00019481";"CLINICA J. PRADO SANTA MARIA E.I.R.L.";"240000";"HOSPITALIZACIÓN";"213";"208";"289";"299";"35";"1085";"0"
"2023";"05";"130301";"LA LIBERTAD";"BOLIVAR";"BOLIVAR";"GOBIERNO REGIONAL";"II-1";"00005366";"HOSPITAL PROVINCIAL DE BOLIVAR";"241600";"HOSPITALIZACIÓN QUIRÚRGICA OBSTETRICIA   ";"2";"2";"2";"2";"4";"124";"0"
"2023";"05";"150132";"LIMA";"LIMA";"SAN JUAN DE LURIGANCHO";"PRIVADO";"II-E";"00014509";"CLINICA SAN MARTIN";"240000";"HOSPITALIZACIÓN";"27";"27";"68";"79";"12";"360";"0"
"2023";"05";"070102";"CALLAO";"CALLAO";"BELLAVISTA";"GOBIERNO REGIONAL";"I-2";"00030821";"CONSULTORIO OCUPACIONAL DE LA UNIDAD FUNCIONAL DE  SEGURIDAD Y SALUD EN EL TRABAJO - UFSST";"NE_0001";"";"NE_0001";"NE_0001";"NE_0001";"NE_0001";"NE_0001";"NE_0001";"NE_0001"
"2023";"05";"240302";"TUMBES";"ZARUMILLA";"AGUAS VERDES";"GOBIERNO REGIONAL";"I-1";"00001887";"POCITOS";"NE_0001";"";"NE_0001";"NE_0001";"NE_0001";"NE_0001";"NE_0001";"NE_0001";"NE_0001"
"2023";"05";"240304";"TUMBES";"ZARUMILLA";"PAPAYAL";"GOBIERNO REGIONAL";"I-2";"00001892";"LA PALMA";"NE_0001";"";"NE_0001";"NE_0001";"NE_0001";"NE_0001";"NE_0001";"NE_0001";"NE_0001"
"2023";"05";"240301";"TUMBES";"ZARUMILLA";"ZARUMILLA";"GOBIERNO REGIONAL";"I-4";"00001896";"CENTRO DE SALUD ZARUMILLA";"241600";"HOSPITALIZACIÓN QUIRÚRGICA OBSTETRICIA   ";"30";"30";"30";"30";"1";"31";"0"
"2023";"05";"240304";"TUMBES";"ZARUMILLA";"PAPAYAL";"GOBIERNO REGIONAL";"I-3";"00001891";"C.S. PAPAYAL";"NE_0001";"";"NE_0001";"NE_0001";"NE_0001";"NE_0001";"NE_0001";"NE_0001";"NE_0001"
"2023";"05";"050701";"AYACUCHO";"PARINACOCHAS";"CORACORA";"GOBIERNO REGIONAL";"II-1";"00003523";"HOSPITAL DE APOYO DE CORACORA";"240100";"HOSPITALIZACIÓN QUIRÚRGICA CIRUGÍA GENERAL ";"15";"15";"67";"67";"8";"248";"0"
"2023";"05";"050701";"AYACUCHO";"PARINACOCHAS";"CORACORA";"GOBIERNO REGIONAL";"II-1";"00003523";"HOSPITAL DE APOYO DE CORACORA";"241400";"HOSPITALIZACIÓN QUIRÚRGICA GINECO - OBSTETRICIA ";"15";"15";"31";"31";"5";"155";"0"
"2023";"05";"050701";"AYACUCHO";"PARINACOCHAS";"CORACORA";"GOBIERNO REGIONAL";"II-1";"00003523";"HOSPITAL DE APOYO DE CORACORA";"241500";"HOSPITALIZACIÓN QUIRÚRGICA GINECOLOGÍA  ";"36";"36";"65";"65";"7";"217";"0"
"2023";"05";"050701";"AYACUCHO";"PARINACOCHAS";"CORACORA";"GOBIERNO REGIONAL";"II-1";"00003523";"HOSPITAL DE APOYO DE CORACORA";"241800";"HOSPITALIZACIÓN DE MEDICINA MEDICINA GENERAL ";"26";"26";"95";"95";"16";"496";"3"
"2023";"05";"050701";"AYACUCHO";"PARINACOCHAS";"CORACORA";"GOBIERNO REGIONAL";"II-1";"00003523";"HOSPITAL DE APOYO DE CORACORA";"242500";"HOSPITALIZACIÓN-PEDIATRÍA GENERAL-";"44";"44";"61";"61";"4";"124";"0"
"2023";"07";"120705";"JUNIN";"TARMA";"LA UNION";"GOBIERNO REGIONAL";"I-2";"00000597";"LA UNION LETICIA";"NE_0001";"";"NE_0001";"NE_0001";"NE_0001";"NE_0001";"NE_0001";"NE_0001";"NE_0001"
"2023";"05";"150101";"LIMA";"LIMA";"LIMA";"MINSA";"III-2";"00006208";"INSTITUTO NACIONAL MATERNO PERINATAL";"241400";"HOSPITALIZACIÓN QUIRÚRGICA GINECO - OBSTETRICIA ";"1297";"1238";"4424";"5010";"202";"6262";"0"
"2023";"05";"150101";"LIMA";"LIMA";"LIMA";"MINSA";"III-2";"00006208";"INSTITUTO NACIONAL MATERNO PERINATAL";"241500";"HOSPITALIZACIÓN QUIRÚRGICA GINECOLOGÍA  ";"94";"88";"334";"419";"19";"589";"0"
"2023";"05";"150101";"LIMA";"LIMA";"LIMA";"MINSA";"III-2";"00006208";"INSTITUTO NACIONAL MATERNO PERINATAL";"250102";"UNIDAD DE CUIDADOS CRITICOS UNIDAD  DE CUIDADOS INTENSIVOS GENERALES (UCI) GINECO-OBSTETRICIA";"44";"37";"203";"216";"9";"279";"0"
"2023";"05";"150101";"LIMA";"LIMA";"LIMA";"MINSA";"III-2";"00006208";"INSTITUTO NACIONAL MATERNO PERINATAL";"250105";"UNIDAD DE CUIDADOS CRITICOS UNIDAD  DE CUIDADOS INTENSIVOS  (UCI) NEONATOLOGÍA";"63";"60";"749";"928";"30";"930";"11"
"2023";"05";"150101";"LIMA";"LIMA";"LIMA";"MINSA";"III-2";"00006208";"INSTITUTO NACIONAL MATERNO PERINATAL";"243200";"HOSPITALIZACIÓN DE PEDIATRÍA PEDIATRIA NEONATOLOGÍA";"259";"240";"3572";"2510";"85";"2635";"12"
"2023";"07";"120705";"JUNIN";"TARMA";"LA UNION";"GOBIERNO REGIONAL";"I-1";"00000600";"UCHURACRA";"NE_0001";"";"NE_0001";"NE_0001";"NE_0001";"NE_0001";"NE_0001";"NE_0001";"NE_0001"
"2023";"07";"120705";"JUNIN";"TARMA";"LA UNION";"GOBIERNO REGIONAL";"I-1";"00000598";"CUYRUHUASI";"NE_0001";"";"NE_0001";"NE_0001";"NE_0001";"NE_0001";"NE_0001";"NE_0001";"NE_0001"
"2023";"07";"150101";"LIMA";"LIMA";"LIMA";"PRIVADO";"II-2";"00015610";"Clínica Internacional - Sede Lima";"240000";"HOSPITALIZACIÓN";"581";"591";"2694";"2018";"83";"2573";"0"
"2023";"08";"150122";"LIMA";"LIMA";"MIRAFLORES";"PRIVADO";"II-E";"00019748";"CLINICA HIGUERETA";"240000";"HOSPITALIZACIÓN";"156";"143";"520";"377";"17";"527";"0"
"2023";"08";"150122";"LIMA";"LIMA";"MIRAFLORES";"PRIVADO";"II-E";"00019748";"CLINICA HIGUERETA";"250100";"UNIDAD DE CUIDADOS CRITICOS UNIDAD  DE CUIDADOS INTENSIVOS GENERALES (UCI) ";"1";"0";"31";"31";"2";"62";"0"
"2023";"08";"090701";"HUANCAVELICA";"TAYACAJA";"PAMPAS";"SANIDAD DE LA POLICIA NACIONAL DEL PERU";"I-2";"00010153";"POSTA MEDICA POLICIAL PAMPAS";"NE_0001";"";"NE_0001";"NE_0001";"NE_0001";"NE_0001";"NE_0001";"NE_0001";"NE_0001"
"2023";"08";"150132";"LIMA";"LIMA";"SAN JUAN DE LURIGANCHO";"PRIVADO";"I-2";"00024750";"ARIE";"NE_0002";"";"NE_0002";"NE_0002";"NE_0002";"NE_0002";"NE_0002";"NE_0002";"NE_0002"
"2023";"08";"040122";"AREQUIPA";"AREQUIPA";"SOCABAYA";"ESSALUD";"I-3";"00013298";"CAP III MELITON SALAS TEJADA";"NE_0001";"";"NE_0001";"NE_0001";"NE_0001";"NE_0001";"NE_0001";"NE_0001";"NE_0001"
"2023";"08";"120425";"JUNIN";"JAUJA";"PARCO";"GOBIERNO REGIONAL";"I-2";"00000374";"PARCO";"NE_0001";"";"NE_0001";"NE_0001";"NE_0001";"NE_0001";"NE_0001";"NE_0001";"NE_0001"
"2023";"08";"120405";"JUNIN";"JAUJA";"CANCHAYLLO";"GOBIERNO REGIONAL";"I-2";"00000424";"CANCHAYLLO";"NE_0001";"";"NE_0001";"NE_0001";"NE_0001";"NE_0001";"NE_0001";"NE_0001";"NE_0001"
"2023";"08";"120414";"JUNIN";"JAUJA";"LLOCLLAPAMPA";"GOBIERNO REGIONAL";"I-3";"00000427";"LLOCLLAPAMPA";"NE_0001";"";"NE_0001";"NE_0001";"NE_0001";"NE_0001";"NE_0001";"NE_0001";"NE_0001"
"2023";"08";"120411";"JUNIN";"JAUJA";"JANJAILLO";"GOBIERNO REGIONAL";"I-2";"00000426";"JANJAILLO";"NE_0001";"";"NE_0001";"NE_0001";"NE_0001";"NE_0001";"NE_0001";"NE_0001";"NE_0001"
"2023";"08";"120425";"JUNIN";"JAUJA";"PARCO";"GOBIERNO REGIONAL";"I-1";"00000375";"ULLUSCA";"NE_0001";"";"NE_0001";"NE_0001";"NE_0001";"NE_0001";"NE_0001";"NE_0001";"NE_0001"
"2023";"08";"120406";"JUNIN";"JAUJA";"CURICACA";"GOBIERNO REGIONAL";"I-2";"00000425";"EL ROSARIO";"NE_0001";"";"NE_0001";"NE_0001";"NE_0001";"NE_0001";"NE_0001";"NE_0001";"NE_0001"
"2023";"08";"120414";"JUNIN";"JAUJA";"LLOCLLAPAMPA";"GOBIERNO REGIONAL";"I-1";"00000428";"MATACHICO";"NE_0001";"";"NE_0001";"NE_0001";"NE_0001";"NE_0001";"NE_0001";"NE_0001";"NE_0001"
"2023";"08";"120202";"JUNIN";"CONCEPCION";"ACO";"GOBIERNO REGIONAL";"I-1";"00000746";"QUICHA CHICO";"NE_0001";"";"NE_0001";"NE_0001";"NE_0001";"NE_0001";"NE_0001";"NE_0001";"NE_0001"
"2023";"08";"120211";"JUNIN";"CONCEPCION";"MITO";"GOBIERNO REGIONAL";"I-1";"00000748";"MITO";"NE_0001";"";"NE_0001";"NE_0001";"NE_0001";"NE_0001";"NE_0001";"NE_0001";"NE_0001"
"2023";"08";"120213";"JUNIN";"CONCEPCION";"ORCOTUNA";"GOBIERNO REGIONAL";"I-3";"00000751";"ORCOTUNA";"NE_0001";"";"NE_0001";"NE_0001";"NE_0001";"NE_0001";"NE_0001";"NE_0001";"NE_0001"
"2023";"08";"120122";"JUNIN";"HUANCAYO";"INGENIO";"GOBIERNO REGIONAL";"I-2";"00000663";"INGENIO";"NE_0001";"";"NE_0001";"NE_0001";"NE_0001";"NE_0001";"NE_0001";"NE_0001";"NE_0001"
"2023";"08";"120212";"JUNIN";"CONCEPCION";"NUEVE DE JULIO";"GOBIERNO REGIONAL";"I-1";"00000690";"NUEVE DE JULIO";"NE_0001";"";"NE_0001";"NE_0001";"NE_0001";"NE_0001";"NE_0001";"NE_0001";"NE_0001"
"2023";"08";"120202";"JUNIN";"CONCEPCION";"ACO";"GOBIERNO REGIONAL";"I-2";"00000745";"ACO";"NE_0001";"";"NE_0001";"NE_0001";"NE_0001";"NE_0001";"NE_0001";"NE_0001";"NE_0001"
"2023";"08";"120211";"JUNIN";"CONCEPCION";"MITO";"GOBIERNO REGIONAL";"I-1";"00000749";"SAN LUIS YAICO";"NE_0001";"";"NE_0001";"NE_0001";"NE_0001";"NE_0001";"NE_0001";"NE_0001";"NE_0001"
"2023";"08";"200101";"PIURA";"PIURA";"PIURA";"ESSALUD";"II-1";"00010244";"HOSPITAL II JORGE REATEGUI DELGADO";"241900";"HOSPITALIZACIÓN DE MEDICINA MEDICINA INTERNA ";"103";"92";"531";"885";"33";"1023";"4"
"2023";"08";"200101";"PIURA";"PIURA";"PIURA";"ESSALUD";"II-1";"00010244";"HOSPITAL II JORGE REATEGUI DELGADO";"240100";"HOSPITALIZACIÓN QUIRÚRGICA CIRUGÍA GENERAL ";"126";"125";"331";"422";"18";"558";"0"
"2023";"08";"200101";"PIURA";"PIURA";"PIURA";"ESSALUD";"II-1";"00010244";"HOSPITAL II JORGE REATEGUI DELGADO";"241400";"HOSPITALIZACIÓN QUIRÚRGICA GINECO - OBSTETRICIA ";"220";"219";"426";"594";"29";"899";"0"
"2023";"08";"200101";"PIURA";"PIURA";"PIURA";"ESSALUD";"II-1";"00010244";"HOSPITAL II JORGE REATEGUI DELGADO";"242300";"HOSPITALIZACIÓN DE PEDIATRÍA  PEDIATRÍA  GENERAL ";"61";"61";"242";"267";"11";"341";"0"
"2023";"08";"200101";"PIURA";"PIURA";"PIURA";"ESSALUD";"II-1";"00010244";"HOSPITAL II JORGE REATEGUI DELGADO";"243200";"HOSPITALIZACIÓN DE PEDIATRÍA PEDIATRIA NEONATOLOGÍA";"150";"150";"266";"67";"3";"155";"0"
"2023";"08";"220501";"SAN MARTIN";"LAMAS";"LAMAS";"ESSALUD";"I-2";"00016484";"POSTA MEDICA LAMAS - ESSALUD";"NE_0001";"";"NE_0001";"NE_0001";"NE_0001";"NE_0001";"NE_0001";"NE_0001";"NE_0001"
"2023";"08";"150131";"LIMA";"LIMA";"SAN ISIDRO";"PRIVADO";"II-E";"00010739";"CLINICA OFTALMOLOGICA WONG";"NE_0001";"";"NE_0001";"NE_0001";"NE_0001";"NE_0001";"NE_0001";"NE_0001";"NE_0001"
"2023";"08";"150108";"LIMA";"LIMA";"CHORRILLOS";"SANIDAD DE LA POLICIA NACIONAL DEL PERU";"I-3";"00020382";"POLICLINICO POLICIAL CHORRILLOS";"NE_0001";"";"NE_0001";"NE_0001";"NE_0001";"NE_0001";"NE_0001";"NE_0001";"NE_0001"
"2023";"08";"150125";"LIMA";"LIMA";"PUENTE PIEDRA";"PRIVADO";"II-E";"00016353";"CLINICA MONTELUZ";"241400";"HOSPITALIZACIÓN QUIRÚRGICA GINECO - OBSTETRICIA ";"101";"102";"160";"167";"12";"372";"0"
"2023";"08";"150125";"LIMA";"LIMA";"PUENTE PIEDRA";"PRIVADO";"II-E";"00016353";"CLINICA MONTELUZ";"240100";"HOSPITALIZACIÓN QUIRÚRGICA CIRUGÍA GENERAL ";"87";"89";"143";"147";"10";"310";"0"
"2023";"08";"060801";"CAJAMARCA";"JAEN";"JAEN";"GOBIERNO REGIONAL";"I-1";"00004218";"VISTA ALEGRE  DE ZONANGA";"NE_0001";"";"NE_0001";"NE_0001";"NE_0001";"NE_0001";"NE_0001";"NE_0001";"NE_0001"
"2023";"08";"060801";"CAJAMARCA";"JAEN";"JAEN";"GOBIERNO REGIONAL";"I-1";"00004217";"TABACAL";"NE_0001";"";"NE_0001";"NE_0001";"NE_0001";"NE_0001";"NE_0001";"NE_0001";"NE_0001"
"2023";"08";"060801";"CAJAMARCA";"JAEN";"JAEN";"GOBIERNO REGIONAL";"I-3";"00004219";"CHAMBAMONTERA";"NE_0001";"";"NE_0001";"NE_0001";"NE_0001";"NE_0001";"NE_0001";"NE_0001";"NE_0001"
"2023";"09";"030101";"APURIMAC";"ABANCAY";"ABANCAY";"SANIDAD DE LA POLICIA NACIONAL DEL PERU";"I-3";"00008036";"POLICLINICO POLICIAL ABANCAY";"NE_0001";"";"NE_0001";"NE_0001";"NE_0001";"NE_0001";"NE_0001";"NE_0001";"NE_0001"
"2023";"09";"070106";"CALLAO";"CALLAO";"VENTANILLA";"SANIDAD DE LA POLICIA NACIONAL DEL PERU";"I-2";"00010573";"POSTA MEDICA POLICIAL VENTANILLA";"NE_0001";"";"NE_0001";"NE_0001";"NE_0001";"NE_0001";"NE_0001";"NE_0001";"NE_0001"
"2023";"09";"150136";"LIMA";"LIMA";"SAN MIGUEL";"PRIVADO";"II-E";"00020976";"VISUAL CENTER CLINICA DE OJOS";"NE_0001";"";"NE_0001";"NE_0001";"NE_0001";"NE_0001";"NE_0001";"NE_0001";"NE_0001"
"2023";"09";"010201";"AMAZONAS";"BAGUA";"BAGUA";"SANIDAD DE LA POLICIA NACIONAL DEL PERU";"I-2";"00012954";"POSTA MEDICA  POLICIAL  BAGUA";"NE_0001";"";"NE_0001";"NE_0001";"NE_0001";"NE_0001";"NE_0001";"NE_0001";"NE_0001"
"2023";"09";"210101";"PUNO";"PUNO";"PUNO";"SANIDAD DE LA POLICIA NACIONAL DEL PERU";"I-3";"00010235";"UNIDAD EJECUTORA 020-1067 SANIDAD DE LA PNP";"NE_0001";"";"NE_0001";"NE_0001";"NE_0001";"NE_0001";"NE_0001";"NE_0001";"NE_0001"
"2023";"09";"051107";"AYACUCHO";"VILCAS HUAMAN";"SAURAMA";"GOBIERNO REGIONAL";"I-1";"00003846";"PUESTO DE SALUD SAURAMA";"NE_0001";"";"NE_0001";"NE_0001";"NE_0001";"NE_0001";"NE_0001";"NE_0001";"NE_0001"
"2023";"09";"051108";"AYACUCHO";"VILCAS HUAMAN";"VISCHONGO";"GOBIERNO REGIONAL";"I-3";"00006609";"CENTRO DE SALUD VISCHONGO";"NE_0001";"";"NE_0001";"NE_0001";"NE_0001";"NE_0001";"NE_0001";"NE_0001";"NE_0001"
"2023";"09";"051108";"AYACUCHO";"VILCAS HUAMAN";"VISCHONGO";"GOBIERNO REGIONAL";"I-1";"00006612";"PUESTO DE SALUD PALLCCACANCHA";"NE_0001";"";"NE_0001";"NE_0001";"NE_0001";"NE_0001";"NE_0001";"NE_0001";"NE_0001"
"2023";"09";"051106";"AYACUCHO";"VILCAS HUAMAN";"INDEPENDENCIA";"GOBIERNO REGIONAL";"I-1";"00021259";"PUESTO DE SALUD OCCO";"NE_0001";"";"NE_0001";"NE_0001";"NE_0001";"NE_0001";"NE_0001";"NE_0001";"NE_0001"
"2023";"09";"051103";"AYACUCHO";"VILCAS HUAMAN";"CARHUANCA";"GOBIERNO REGIONAL";"I-2";"00003845";"PUESTO DE SALUD CARHUANCA";"NE_0001";"";"NE_0001";"NE_0001";"NE_0001";"NE_0001";"NE_0001";"NE_0001";"NE_0001"
"2023";"09";"051108";"AYACUCHO";"VILCAS HUAMAN";"VISCHONGO";"GOBIERNO REGIONAL";"I-1";"00006613";"PUESTO DE SALUD PATAHUASI";"NE_0001";"";"NE_0001";"NE_0001";"NE_0001";"NE_0001";"NE_0001";"NE_0001";"NE_0001"
"2023";"09";"051105";"AYACUCHO";"VILCAS HUAMAN";"HUAMBALPA";"GOBIERNO REGIONAL";"I-1";"00006606";"PUESTO DE SALUD SAN ANTONIO DE COCHAS";"NE_0001";"";"NE_0001";"NE_0001";"NE_0001";"NE_0001";"NE_0001";"NE_0001";"NE_0001"
"2023";"03";"220506";"SAN MARTIN";"LAMAS";"PINTO RECODO";"GOBIERNO REGIONAL";"I-1";"00006410";"CHURUZAPA PINTO RECODO";"NE_0001";"";"NE_0001";"NE_0001";"NE_0001";"NE_0001";"NE_0001";"NE_0001";"NE_0001"
"2023";"03";"220510";"SAN MARTIN";"LAMAS";"TABALOSOS";"GOBIERNO REGIONAL";"I-4";"00006408";"TABALOSOS";"241600";"HOSPITALIZACIÓN QUIRÚRGICA OBSTETRICIA   ";"10";"10";"10";"10";"7";"217";"0"
"2023";"03";"220510";"SAN MARTIN";"LAMAS";"TABALOSOS";"GOBIERNO REGIONAL";"I-1";"00006414";"PUCAYACU PANJUI";"NE_0001";"";"NE_0001";"NE_0001";"NE_0001";"NE_0001";"NE_0001";"NE_0001";"NE_0001"
"2023";"03";"220506";"SAN MARTIN";"LAMAS";"PINTO RECODO";"GOBIERNO REGIONAL";"I-1";"00006409";"PINTO RECODO";"NE_0001";"";"NE_0001";"NE_0001";"NE_0001";"NE_0001";"NE_0001";"NE_0001";"NE_0001"
"2023";"04";"220801";"SAN MARTIN";"RIOJA";"RIOJA";"GOBIERNO REGIONAL";"II-1";"00006732";"HOSPITAL DE RIOJA";"240100";"HOSPITALIZACIÓN QUIRÚRGICA CIRUGÍA GENERAL ";"76";"85";"358";"358";"12";"360";"1"
"2023";"04";"220801";"SAN MARTIN";"RIOJA";"RIOJA";"GOBIERNO REGIONAL";"II-1";"00006732";"HOSPITAL DE RIOJA";"241200";"HOSPITALIZACIÓN QUIRÚRGICA TRAUMATOLOGÍA Y ORTOPEDIA ";"13";"16";"63";"63";"3";"90";"0"
"2023";"04";"220801";"SAN MARTIN";"RIOJA";"RIOJA";"GOBIERNO REGIONAL";"II-1";"00006732";"HOSPITAL DE RIOJA";"241300";"HOSPITALIZACIÓN QUIRÚRGICA UROLOGÍA  ";"0";"1";"5";"5";"1";"30";"0"
"2023";"04";"220801";"SAN MARTIN";"RIOJA";"RIOJA";"GOBIERNO REGIONAL";"II-1";"00006732";"HOSPITAL DE RIOJA";"241500";"HOSPITALIZACIÓN QUIRÚRGICA GINECOLOGÍA  ";"121";"135";"325";"325";"11";"330";"0"
"2023";"04";"220801";"SAN MARTIN";"RIOJA";"RIOJA";"GOBIERNO REGIONAL";"II-1";"00006732";"HOSPITAL DE RIOJA";"241600";"HOSPITALIZACIÓN QUIRÚRGICA OBSTETRICIA   ";"32";"38";"70";"70";"13";"390";"0"
"2023";"04";"220801";"SAN MARTIN";"RIOJA";"RIOJA";"GOBIERNO REGIONAL";"II-1";"00006732";"HOSPITAL DE RIOJA";"241800";"HOSPITALIZACIÓN DE MEDICINA MEDICINA GENERAL ";"43";"53";"374";"374";"13";"390";"3"
"2023";"04";"220801";"SAN MARTIN";"RIOJA";"RIOJA";"GOBIERNO REGIONAL";"II-1";"00006732";"HOSPITAL DE RIOJA";"242500";"HOSPITALIZACIÓN-PEDIATRÍA GENERAL-";"42";"48";"206";"206";"10";"300";"1"
"2023";"04";"220801";"SAN MARTIN";"RIOJA";"RIOJA";"GOBIERNO REGIONAL";"II-1";"00006732";"HOSPITAL DE RIOJA";"243200";"HOSPITALIZACIÓN DE PEDIATRÍA PEDIATRIA NEONATOLOGÍA";"25";"27";"90";"90";"7";"210";"0"
"2023";"05";"120303";"JUNIN";"CHANCHAMAYO";"PICHANAQUI";"GOBIERNO REGIONAL";"I-2";"00000349";"BELEN DE ANAPIARI";"NE_0001";"";"NE_0001";"NE_0001";"NE_0001";"NE_0001";"NE_0001";"NE_0001";"NE_0001"
"2023";"05";"120303";"JUNIN";"CHANCHAMAYO";"PICHANAQUI";"GOBIERNO REGIONAL";"I-2";"00014383";"SAN JOSE DE ANAPIARI";"NE_0001";"";"NE_0001";"NE_0001";"NE_0001";"NE_0001";"NE_0001";"NE_0001";"NE_0001"
"2023";"05";"120303";"JUNIN";"CHANCHAMAYO";"PICHANAQUI";"GOBIERNO REGIONAL";"I-2";"00000348";"SAN JUAN CENTRO AUTIKI";"NE_0001";"";"NE_0001";"NE_0001";"NE_0001";"NE_0001";"NE_0001";"NE_0001";"NE_0001"
"2023";"05";"080101";"CUSCO";"CUSCO";"CUSCO";"PRIVADO";"II-E";"00016758";"HERMANA JOSEFINA SERRANO";"240000";"HOSPITALIZACIÓN";"18";"18";"98";"26";"44";"1320";"2"
"2023";"05";"180101";"MOQUEGUA";"MARISCAL NIETO";"MOQUEGUA";"GOBIERNO REGIONAL";"II-2";"00007732";"HOSPITAL REGIONAL DE MOQUEGUA";"241400";"HOSPITALIZACIÓN QUIRÚRGICA GINECO - OBSTETRICIA ";"158";"155";"430";"448";"28";"868";"0"
"2023";"05";"180101";"MOQUEGUA";"MARISCAL NIETO";"MOQUEGUA";"GOBIERNO REGIONAL";"II-2";"00007732";"HOSPITAL REGIONAL DE MOQUEGUA";"241200";"HOSPITALIZACIÓN QUIRÚRGICA TRAUMATOLOGÍA Y ORTOPEDIA ";"52";"49";"428";"412";"12";"429";"0"
"2023";"05";"180101";"MOQUEGUA";"MARISCAL NIETO";"MOQUEGUA";"GOBIERNO REGIONAL";"II-2";"00007732";"HOSPITAL REGIONAL DE MOQUEGUA";"240100";"HOSPITALIZACIÓN QUIRÚRGICA CIRUGÍA GENERAL ";"55";"52";"215";"255";"9";"306";"0"
"2023";"05";"180101";"MOQUEGUA";"MARISCAL NIETO";"MOQUEGUA";"GOBIERNO REGIONAL";"II-2";"00007732";"HOSPITAL REGIONAL DE MOQUEGUA";"242500";"HOSPITALIZACIÓN-PEDIATRÍA GENERAL-";"37";"32";"119";"143";"10";"310";"0"
"2023";"05";"180101";"MOQUEGUA";"MARISCAL NIETO";"MOQUEGUA";"GOBIERNO REGIONAL";"II-2";"00007732";"HOSPITAL REGIONAL DE MOQUEGUA";"243200";"HOSPITALIZACIÓN DE PEDIATRÍA PEDIATRIA NEONATOLOGÍA";"32";"28";"108";"134";"8";"248";"0"
"2023";"05";"180101";"MOQUEGUA";"MARISCAL NIETO";"MOQUEGUA";"GOBIERNO REGIONAL";"II-2";"00007732";"HOSPITAL REGIONAL DE MOQUEGUA";"241800";"HOSPITALIZACIÓN DE MEDICINA MEDICINA GENERAL ";"56";"51";"449";"505";"16";"511";"5"
"2023";"05";"180101";"MOQUEGUA";"MARISCAL NIETO";"MOQUEGUA";"GOBIERNO REGIONAL";"II-2";"00007732";"HOSPITAL REGIONAL DE MOQUEGUA";"250200";"UNIDAD DE CUIDADOS CRITICOS UNIDAD DE CUIDADOS INTERMEDIOS GENERAL  (UCIN) ";"13";"13";"84";"155";"8";"248";"5"
"2023";"05";"180101";"MOQUEGUA";"MARISCAL NIETO";"MOQUEGUA";"GOBIERNO REGIONAL";"II-2";"00007732";"HOSPITAL REGIONAL DE MOQUEGUA";"242200";"HOSPITALIZACIÓN DE MEDICINA PSIQUIATRÍA ";"12";"12";"190";"197";"7";"217";"0"
"2023";"05";"060803";"CAJAMARCA";"JAEN";"CHONTALI";"GOBIERNO REGIONAL";"I-3";"00004232";"CHONTALI";"NE_0001";"";"NE_0001";"NE_0001";"NE_0001";"NE_0001";"NE_0001";"NE_0001";"NE_0001"
"2023";"05";"120404";"JUNIN";"JAUJA";"ATAURA";"GOBIERNO REGIONAL";"I-1";"00000367";"ATAURA";"NE_0002";"";"NE_0002";"NE_0002";"NE_0002";"NE_0002";"NE_0002";"NE_0002";"NE_0002"
"2023";"05";"120423";"JUNIN";"JAUJA";"PACCHA";"GOBIERNO REGIONAL";"I-1";"00000372";"MASAJCANCHA";"NE_0002";"";"NE_0002";"NE_0002";"NE_0002";"NE_0002";"NE_0002";"NE_0002";"NE_0002"
"2023";"05";"120430";"JUNIN";"JAUJA";"SAUSA";"GOBIERNO REGIONAL";"I-1";"00000376";"SAUSA";"NE_0002";"";"NE_0002";"NE_0002";"NE_0002";"NE_0002";"NE_0002";"NE_0002";"NE_0002"
"2023";"05";"120434";"JUNIN";"JAUJA";"YAUYOS";"GOBIERNO REGIONAL";"I-3";"00000377";"YAUYOS";"NE_0002";"";"NE_0002";"NE_0002";"NE_0002";"NE_0002";"NE_0002";"NE_0002";"NE_0002"
"2023";"05";"120423";"JUNIN";"JAUJA";"PACCHA";"GOBIERNO REGIONAL";"I-1";"00000371";"PACCHA MIRAFLORES";"NE_0002";"";"NE_0002";"NE_0002";"NE_0002";"NE_0002";"NE_0002";"NE_0002";"NE_0002"
"2023";"05";"120423";"JUNIN";"JAUJA";"PACCHA";"GOBIERNO REGIONAL";"I-1";"00000370";"CANCHAPUNCO";"NE_0002";"";"NE_0002";"NE_0002";"NE_0002";"NE_0002";"NE_0002";"NE_0002";"NE_0002"
"2023";"05";"120410";"JUNIN";"JAUJA";"HUERTAS";"GOBIERNO REGIONAL";"I-1";"00000368";"HUERTAS";"NE_0002";"";"NE_0002";"NE_0002";"NE_0002";"NE_0002";"NE_0002";"NE_0002";"NE_0002"
"2023";"05";"120422";"JUNIN";"JAUJA";"PACA";"GOBIERNO REGIONAL";"I-2";"00000369";"PACA";"NE_0002";"";"NE_0002";"NE_0002";"NE_0002";"NE_0002";"NE_0002";"NE_0002";"NE_0002"
"2023";"05";"120423";"JUNIN";"JAUJA";"PACCHA";"GOBIERNO REGIONAL";"I-1";"00000373";"PATACANCHA";"NE_0002";"";"NE_0002";"NE_0002";"NE_0002";"NE_0002";"NE_0002";"NE_0002";"NE_0002"
"2023";"05";"120434";"JUNIN";"JAUJA";"YAUYOS";"GOBIERNO REGIONAL";"I-1";"00000378";"HUANCAS";"NE_0002";"";"NE_0002";"NE_0002";"NE_0002";"NE_0002";"NE_0002";"NE_0002";"NE_0002"
"2023";"05";"040104";"AREQUIPA";"AREQUIPA";"CERRO COLORADO";"PRIVADO";"II-1";"00027214";"CLINICA SAN PABLO AREQUIPA";"240000";"HOSPITALIZACIÓN";"202";"199";"622";"830";"60";"1860";"1"
"2023";"05";"150130";"LIMA";"LIMA";"SAN BORJA";"PRIVADO";"II-1";"00012975";"CL ESPECIALIDADES MEDICAS";"240000";"HOSPITALIZACIÓN";"32";"27";"71";"91";"13";"403";"1"
"2023";"05";"150131";"LIMA";"LIMA";"SAN ISIDRO";"PRIVADO";"II-2";"00012633";"CLINICA JAVIER PRADO";"240100";"HOSPITALIZACIÓN QUIRÚRGICA CIRUGÍA GENERAL ";"143";"133";"351";"488";"51";"1581";"1"
"2023";"05";"150131";"LIMA";"LIMA";"SAN ISIDRO";"PRIVADO";"II-2";"00012633";"CLINICA JAVIER PRADO";"241400";"HOSPITALIZACIÓN QUIRÚRGICA GINECO - OBSTETRICIA ";"63";"58";"140";"220";"20";"620";"0"
"2023";"05";"150131";"LIMA";"LIMA";"SAN ISIDRO";"PRIVADO";"II-2";"00012633";"CLINICA JAVIER PRADO";"241900";"HOSPITALIZACIÓN DE MEDICINA MEDICINA INTERNA ";"185";"174";"589";"717";"60";"1860";"4"
"2023";"05";"150131";"LIMA";"LIMA";"SAN ISIDRO";"PRIVADO";"II-2";"00012633";"CLINICA JAVIER PRADO";"242300";"HOSPITALIZACIÓN DE PEDIATRÍA  PEDIATRÍA  GENERAL ";"81";"82";"219";"292";"44";"1364";"0"
"2023";"05";"080605";"CUSCO";"CANCHIS";"PITUMARCA";"GOBIERNO REGIONAL";"I-1";"00002393";"PHINAYA";"NE_0001";"";"NE_0001";"NE_0001";"NE_0001";"NE_0001";"NE_0001";"NE_0001";"NE_0001"
"2023";"05";"080601";"CUSCO";"CANCHIS";"SICUANI";"GOBIERNO REGIONAL";"I-2";"00002381";"QUEHUAR";"NE_0001";"";"NE_0001";"NE_0001";"NE_0001";"NE_0001";"NE_0001";"NE_0001";"NE_0001"
"2023";"05";"080606";"CUSCO";"CANCHIS";"SAN PABLO";"GOBIERNO REGIONAL";"I-2";"00002394";"SAN PABLO CANCHIS";"NE_0001";"";"NE_0001";"NE_0001";"NE_0001";"NE_0001";"NE_0001";"NE_0001";"NE_0001"
"2023";"05";"080606";"CUSCO";"CANCHIS";"SAN PABLO";"GOBIERNO REGIONAL";"I-2";"00002395";"SANTA BARBARA";"NE_0001";"";"NE_0001";"NE_0001";"NE_0001";"NE_0001";"NE_0001";"NE_0001";"NE_0001"
"2023";"05";"080601";"CUSCO";"CANCHIS";"SICUANI";"GOBIERNO REGIONAL";"I-1";"00002382";"UZCUPATA";"NE_0001";"";"NE_0001";"NE_0001";"NE_0001";"NE_0001";"NE_0001";"NE_0001";"NE_0001"
"2023";"05";"080601";"CUSCO";"CANCHIS";"SICUANI";"GOBIERNO REGIONAL";"I-3";"00002384";"PAMPAPHALLA";"NE_0001";"";"NE_0001";"NE_0001";"NE_0001";"NE_0001";"NE_0001";"NE_0001";"NE_0001"
"2023";"05";"080601";"CUSCO";"CANCHIS";"SICUANI";"GOBIERNO REGIONAL";"I-2";"00026387";"MENTAL COMUNITARIO SICUANI";"NE_0001";"";"NE_0001";"NE_0001";"NE_0001";"NE_0001";"NE_0001";"NE_0001";"NE_0001"
"2023";"05";"080601";"CUSCO";"CANCHIS";"SICUANI";"GOBIERNO REGIONAL";"I-2";"00002383";"LA FLORIDA";"NE_0001";"";"NE_0001";"NE_0001";"NE_0001";"NE_0001";"NE_0001";"NE_0001";"NE_0001"
"2023";"05";"080607";"CUSCO";"CANCHIS";"SAN PEDRO";"GOBIERNO REGIONAL";"I-2";"00002396";"SAN PEDRO CANCHIS";"NE_0001";"";"NE_0001";"NE_0001";"NE_0001";"NE_0001";"NE_0001";"NE_0001";"NE_0001"
"2023";"06";"120708";"JUNIN";"TARMA";"SAN PEDRO DE CAJAS";"GOBIERNO REGIONAL";"I-1";"00000535";"SAN JOSE DE CAYASH";"NE_0001";"";"NE_0001";"NE_0001";"NE_0001";"NE_0001";"NE_0001";"NE_0001";"NE_0001"
"2023";"06";"120708";"JUNIN";"TARMA";"SAN PEDRO DE CAJAS";"GOBIERNO REGIONAL";"I-1";"00010344";"PURHUARACRA";"NE_0001";"";"NE_0001";"NE_0001";"NE_0001";"NE_0001";"NE_0001";"NE_0001";"NE_0001"
"2023";"06";"120708";"JUNIN";"TARMA";"SAN PEDRO DE CAJAS";"GOBIERNO REGIONAL";"I-3";"00000534";"SAN PEDRO DE CAJAS";"NE_0001";"";"NE_0001";"NE_0001";"NE_0001";"NE_0001";"NE_0001";"NE_0001";"NE_0001"
"2023";"06";"100503";"HUANUCO";"HUAMALIES";"CHAVIN DE PARIARCA";"GOBIERNO REGIONAL";"I-1";"00000899";"SAN JUAN DE PAMPAS";"NE_0001";"";"NE_0001";"NE_0001";"NE_0001";"NE_0001";"NE_0001";"NE_0001";"NE_0001"
"2023";"06";"100503";"HUANUCO";"HUAMALIES";"CHAVIN DE PARIARCA";"GOBIERNO REGIONAL";"I-1";"00007720";"QUIPRAN";"NE_0001";"";"NE_0001";"NE_0001";"NE_0001";"NE_0001";"NE_0001";"NE_0001";"NE_0001"
"2023";"06";"100503";"HUANUCO";"HUAMALIES";"CHAVIN DE PARIARCA";"GOBIERNO REGIONAL";"I-3";"00000896";"CHAVIN DE PARIARCA";"NE_0001";"";"NE_0001";"NE_0001";"NE_0001";"NE_0001";"NE_0001";"NE_0001";"NE_0001"
"2023";"07";"150122";"LIMA";"LIMA";"MIRAFLORES";"PRIVADO";"II-E";"00016121";"CENTRO MEDICO AVENDAÑO S.A.C.";"240100";"HOSPITALIZACIÓN QUIRÚRGICA CIRUGÍA GENERAL ";"33";"33";"34";"33";"5";"155";"0"
"2023";"07";"150130";"LIMA";"LIMA";"SAN BORJA";"PRIVADO";"II-E";"00015179";"CLINICA KIRSCHBAUM";"240800";"HOSPITALIZACIÓN QUIRÚRGICA CIRUGÍA PLÁSTICA/RECONSTRUCTIVA/ REPARADORA ";"62";"62";"99";"62";"10";"310";"0"
"2023";"07";"120101";"JUNIN";"HUANCAYO";"HUANCAYO";"PRIVADO";"II-1";"00025971";"CLINICA BILBAO";"241400";"HOSPITALIZACIÓN QUIRÚRGICA GINECO - OBSTETRICIA ";"18";"18";"29";"27";"3";"93";"0"
"2023";"07";"120101";"JUNIN";"HUANCAYO";"HUANCAYO";"PRIVADO";"II-1";"00025971";"CLINICA BILBAO";"240100";"HOSPITALIZACIÓN QUIRÚRGICA CIRUGÍA GENERAL ";"8";"8";"19";"20";"2";"62";"0"
"2023";"07";"120101";"JUNIN";"HUANCAYO";"HUANCAYO";"PRIVADO";"II-1";"00025971";"CLINICA BILBAO";"241500";"HOSPITALIZACIÓN QUIRÚRGICA GINECOLOGÍA  ";"5";"5";"15";"15";"2";"62";"0"
"2023";"07";"120101";"JUNIN";"HUANCAYO";"HUANCAYO";"PRIVADO";"II-1";"00025971";"CLINICA BILBAO";"240000";"HOSPITALIZACIÓN";"1";"1";"2";"3";"3";"93";"0"
"2023";"07";"120101";"JUNIN";"HUANCAYO";"HUANCAYO";"PRIVADO";"II-1";"00025971";"CLINICA BILBAO";"241300";"HOSPITALIZACIÓN QUIRÚRGICA UROLOGÍA  ";"1";"1";"1";"1";"1";"31";"0"
"2023";"07";"120101";"JUNIN";"HUANCAYO";"HUANCAYO";"PRIVADO";"II-1";"00025971";"CLINICA BILBAO";"241200";"HOSPITALIZACIÓN QUIRÚRGICA TRAUMATOLOGÍA Y ORTOPEDIA ";"1";"1";"1";"2";"1";"31";"0"
"2023";"07";"240101";"TUMBES";"TUMBES";"TUMBES";"SANIDAD DEL EJERCITO DEL PERU";"I-3";"00011996";"CENTRO DE SALUD MILITAR VIRGEN DE FÁTIMA DE LA 9ª BRIGADA BLINDADA";"NE_0001";"";"NE_0001";"NE_0001";"NE_0001";"NE_0001";"NE_0001";"NE_0001";"NE_0001"
"2023";"07";"130901";"LA LIBERTAD";"SANCHEZ CARRION";"HUAMACHUCO";"GOBIERNO REGIONAL";"II-1";"00005349";"HOSPITAL DE APOYO LEONCIO PRADO";"240100";"HOSPITALIZACIÓN QUIRÚRGICA CIRUGÍA GENERAL ";"24";"24";"53";"53";"7";"217";"0"
"2023";"07";"130901";"LA LIBERTAD";"SANCHEZ CARRION";"HUAMACHUCO";"GOBIERNO REGIONAL";"II-1";"00005349";"HOSPITAL DE APOYO LEONCIO PRADO";"241500";"HOSPITALIZACIÓN QUIRÚRGICA GINECOLOGÍA  ";"4";"6";"16";"11";"2";"62";"0"
"2023";"07";"130901";"LA LIBERTAD";"SANCHEZ CARRION";"HUAMACHUCO";"GOBIERNO REGIONAL";"II-1";"00005349";"HOSPITAL DE APOYO LEONCIO PRADO";"241600";"HOSPITALIZACIÓN QUIRÚRGICA OBSTETRICIA   ";"183";"191";"319";"327";"16";"496";"0"
"2023";"07";"130901";"LA LIBERTAD";"SANCHEZ CARRION";"HUAMACHUCO";"GOBIERNO REGIONAL";"II-1";"00005349";"HOSPITAL DE APOYO LEONCIO PRADO";"241800";"HOSPITALIZACIÓN DE MEDICINA MEDICINA GENERAL ";"24";"29";"118";"123";"6";"186";"0"
"2023";"07";"130901";"LA LIBERTAD";"SANCHEZ CARRION";"HUAMACHUCO";"GOBIERNO REGIONAL";"II-1";"00005349";"HOSPITAL DE APOYO LEONCIO PRADO";"242500";"HOSPITALIZACIÓN-PEDIATRÍA GENERAL-";"35";"36";"95";"97";"11";"341";"0"
"2023";"08";"210501";"PUNO";"EL COLLAO";"ILAVE";"ESSALUD";"I-3";"00009218";"POLICLINICO ILAVE -  RED ASISTENCIAL PUNO";"NE_0001";"";"NE_0001";"NE_0001";"NE_0001";"NE_0001";"NE_0001";"NE_0001";"NE_0001"
"2023";"08";"081104";"CUSCO";"PAUCARTAMBO";"COLQUEPATA";"GOBIERNO REGIONAL";"I-1";"00006979";"TOCRA";"NE_0002";"";"NE_0002";"NE_0002";"NE_0002";"NE_0002";"NE_0002";"NE_0002";"NE_0002"
"2023";"08";"081101";"CUSCO";"PAUCARTAMBO";"PAUCARTAMBO";"GOBIERNO REGIONAL";"I-4";"00002510";"PAUCARTAMBO";"NE_0002";"";"NE_0002";"NE_0002";"NE_0002";"NE_0002";"NE_0002";"NE_0002";"NE_0002"
"2023";"08";"081106";"CUSCO";"PAUCARTAMBO";"KOSÑIPATA";"GOBIERNO REGIONAL";"I-3";"00002521";"PILCOPATA";"NE_0002";"";"NE_0002";"NE_0002";"NE_0002";"NE_0002";"NE_0002";"NE_0002";"NE_0002"
"2023";"08";"081104";"CUSCO";"PAUCARTAMBO";"COLQUEPATA";"GOBIERNO REGIONAL";"I-2";"00002518";"VIZCOCHONI";"NE_0002";"";"NE_0002";"NE_0002";"NE_0002";"NE_0002";"NE_0002";"NE_0002";"NE_0002"
"2023";"08";"081105";"CUSCO";"PAUCARTAMBO";"HUANCARANI";"GOBIERNO REGIONAL";"I-4";"00002520";"HUANCARANI";"NE_0002";"";"NE_0002";"NE_0002";"NE_0002";"NE_0002";"NE_0002";"NE_0002";"NE_0002"
"2023";"08";"110201";"ICA";"CHINCHA";"CHINCHA ALTA";"ESSALUD";"II-1";"00013910";"RENE TOCHE GROPPO";"241800";"HOSPITALIZACIÓN DE MEDICINA MEDICINA GENERAL ";"114";"125";"453";"433";"18";"558";"17"
"2023";"08";"110201";"ICA";"CHINCHA";"CHINCHA ALTA";"ESSALUD";"II-1";"00013910";"RENE TOCHE GROPPO";"240100";"HOSPITALIZACIÓN QUIRÚRGICA CIRUGÍA GENERAL ";"128";"125";"592";"608";"21";"651";"1"
"2023";"08";"110201";"ICA";"CHINCHA";"CHINCHA ALTA";"ESSALUD";"II-1";"00013910";"RENE TOCHE GROPPO";"241500";"HOSPITALIZACIÓN QUIRÚRGICA GINECOLOGÍA  ";"32";"25";"113";"129";"5";"155";"0"
"2023";"08";"110201";"ICA";"CHINCHA";"CHINCHA ALTA";"ESSALUD";"II-1";"00013910";"RENE TOCHE GROPPO";"241600";"HOSPITALIZACIÓN QUIRÚRGICA OBSTETRICIA   ";"136";"139";"295";"298";"20";"620";"0"
"2023";"08";"110201";"ICA";"CHINCHA";"CHINCHA ALTA";"ESSALUD";"II-1";"00013910";"RENE TOCHE GROPPO";"242300";"HOSPITALIZACIÓN DE PEDIATRÍA  PEDIATRÍA  GENERAL ";"74";"69";"207";"206";"10";"310";"0"
"2023";"08";"110201";"ICA";"CHINCHA";"CHINCHA ALTA";"ESSALUD";"II-1";"00013910";"RENE TOCHE GROPPO";"243200";"HOSPITALIZACIÓN DE PEDIATRÍA PEDIATRIA NEONATOLOGÍA";"88";"88";"151";"172";"14";"434";"0"
"2023";"08";"110201";"ICA";"CHINCHA";"CHINCHA ALTA";"ESSALUD";"II-1";"00013910";"RENE TOCHE GROPPO";"250304";"HOSPIT. EN UNIDAD DE CUID.INTEN.-UNIDAD DE VIGILANCIA INTENSIVA (UVI)-MEDICINA";"32";"15";"44";"75";"4";"124";"7"
"2023";"08";"110201";"ICA";"CHINCHA";"CHINCHA ALTA";"ESSALUD";"II-1";"00013910";"RENE TOCHE GROPPO";"242204";"HOSPITALIZACIÓN DE MEDICINA PSIQUIATRÍA REHABILITACIÓN PSIQUIÁTRICA / REINSERCIÓN ";"0";"0";"0";"187";"8";"248";"0"
"2023";"08";"200701";"PIURA";"TALARA";"PARIÑAS";"PRIVADO";"II-1";"00011498";"CLINICA TORRES S.A.";"240000";"HOSPITALIZACIÓN";"2";"2";"3";"33";"16";"463";"0"
"2023";"08";"120114";"JUNIN";"HUANCAYO";"EL TAMBO";"ESSALUD";"III-1";"00008652";"HOSPITAL NACIONAL RAMIRO PRIALE PRIALE";"242600";"HOSPITALIZACIÓN DE PEDIATRÍA PEDIATRIA CARDIOLOGÍA PEDIÁTRICA";"12";"11";"66";"99";"4";"124";"0"
"2023";"08";"120114";"JUNIN";"HUANCAYO";"EL TAMBO";"ESSALUD";"III-1";"00008652";"HOSPITAL NACIONAL RAMIRO PRIALE PRIALE";"242900";"HOSPITALIZACIÓN DE PEDIATRÍA PEDIATRIA GASTROENTEROLOGÍA PEDIÁTRICA";"24";"23";"274";"266";"9";"279";"0"
"2023";"08";"120114";"JUNIN";"HUANCAYO";"EL TAMBO";"ESSALUD";"III-1";"00008652";"HOSPITAL NACIONAL RAMIRO PRIALE PRIALE";"242202";"HOSPITALIZACIÓN DE MEDICINA PSIQUIATRÍA PSIQUIATRÍA DEL ADULTO Y GERONTE";"37";"40";"468";"378";"13";"403";"8"
"2023";"08";"120114";"JUNIN";"HUANCAYO";"EL TAMBO";"ESSALUD";"III-1";"00008652";"HOSPITAL NACIONAL RAMIRO PRIALE PRIALE";"241900";"HOSPITALIZACIÓN DE MEDICINA MEDICINA INTERNA ";"79";"91";"1627";"1389";"46";"1426";"10"
"2023";"08";"120114";"JUNIN";"HUANCAYO";"EL TAMBO";"ESSALUD";"III-1";"00008652";"HOSPITAL NACIONAL RAMIRO PRIALE PRIALE";"243100";"HOSPITALIZACIÓN DE PEDIATRÍA PEDIATRIA NEFROLOGÍA PEDIÁTRICA";"9";"10";"66";"52";"2";"62";"0"
"2023";"08";"120114";"JUNIN";"HUANCAYO";"EL TAMBO";"ESSALUD";"III-1";"00008652";"HOSPITAL NACIONAL RAMIRO PRIALE PRIALE";"242100";"HOSPITALIZACIÓN DE MEDICINA ONCOLOGÍA MÉDICA ";"65";"67";"638";"547";"18";"558";"4"
"2023";"08";"090304";"HUANCAVELICA";"ANGARAES";"CCOCHACCASA";"GOBIERNO REGIONAL";"I-1";"00011204";"VELASCO PUCAPAMPA";"NE_0001";"";"NE_0001";"NE_0001";"NE_0001";"NE_0001";"NE_0001";"NE_0001";"NE_0001"
"2023";"08";"090302";"HUANCAVELICA";"ANGARAES";"ANCHONGA";"GOBIERNO REGIONAL";"I-1";"00028780";"LLANCAPUQUIO";"NE_0001";"";"NE_0001";"NE_0001";"NE_0001";"NE_0001";"NE_0001";"NE_0001";"NE_0001"
"2023";"08";"090301";"HUANCAVELICA";"ANGARAES";"LIRCAY";"GOBIERNO REGIONAL";"I-1";"00003948";"UCHCUPAMPA";"NE_0001";"";"NE_0001";"NE_0001";"NE_0001";"NE_0001";"NE_0001";"NE_0001";"NE_0001"
"2023";"08";"090310";"HUANCAVELICA";"ANGARAES";"SAN ANTONIO DE ANTAPARCO";"GOBIERNO REGIONAL";"I-1";"00003966";"MAICENA";"NE_0001";"";"NE_0001";"NE_0001";"NE_0001";"NE_0001";"NE_0001";"NE_0001";"NE_0001"
"2023";"08";"090311";"HUANCAVELICA";"ANGARAES";"SANTO TOMAS DE PATA";"GOBIERNO REGIONAL";"I-1";"00003967";"SANTO TOMAS DE PATA";"NE_0001";"";"NE_0001";"NE_0001";"NE_0001";"NE_0001";"NE_0001";"NE_0001";"NE_0001"
"2023";"08";"090311";"HUANCAVELICA";"ANGARAES";"SANTO TOMAS DE PATA";"GOBIERNO REGIONAL";"I-1";"00003968";"CHUPACC";"NE_0001";"";"NE_0001";"NE_0001";"NE_0001";"NE_0001";"NE_0001";"NE_0001";"NE_0001"
"2023";"08";"090301";"HUANCAVELICA";"ANGARAES";"LIRCAY";"GOBIERNO REGIONAL";"I-1";"00011202";"PAMPAHUASI";"NE_0001";"";"NE_0001";"NE_0001";"NE_0001";"NE_0001";"NE_0001";"NE_0001";"NE_0001"
"2023";"08";"090301";"HUANCAVELICA";"ANGARAES";"LIRCAY";"GOBIERNO REGIONAL";"I-1";"00011205";"UNION PROGRESO PATAHUASI";"NE_0001";"";"NE_0001";"NE_0001";"NE_0001";"NE_0001";"NE_0001";"NE_0001";"NE_0001"
"2023";"08";"090301";"HUANCAVELICA";"ANGARAES";"LIRCAY";"GOBIERNO REGIONAL";"I-3";"00028484";"CENTRO DE SALUD MENTAL COMUNITARIO ANGARAES";"NE_0002";"";"NE_0002";"NE_0002";"NE_0002";"NE_0002";"NE_0002";"NE_0002";"NE_0002"
"2023";"08";"120909";"JUNIN";"CHUPACA";"YANACANCHA";"GOBIERNO REGIONAL";"I-2";"00000661";"YANACANCHA";"NE_0001";"";"NE_0001";"NE_0001";"NE_0001";"NE_0001";"NE_0001";"NE_0001";"NE_0001"
"2023";"08";"120907";"JUNIN";"CHUPACA";"SAN JUAN DE JARPA";"GOBIERNO REGIONAL";"I-3";"00000659";"SAN JUAN DE JARPA";"NE_0001";"";"NE_0001";"NE_0001";"NE_0001";"NE_0001";"NE_0001";"NE_0001";"NE_0001"
"2023";"08";"120909";"JUNIN";"CHUPACA";"YANACANCHA";"GOBIERNO REGIONAL";"I-1";"00000662";"SANTO DOMINGO DE CACHI";"NE_0001";"";"NE_0001";"NE_0001";"NE_0001";"NE_0001";"NE_0001";"NE_0001";"NE_0001"
"2023";"08";"120907";"JUNIN";"CHUPACA";"SAN JUAN DE JARPA";"GOBIERNO REGIONAL";"I-1";"00012470";"SHICUY";"NE_0001";"";"NE_0001";"NE_0001";"NE_0001";"NE_0001";"NE_0001";"NE_0001";"NE_0001"
"2023";"08";"120906";"JUNIN";"CHUPACA";"SAN JUAN DE YSCOS";"GOBIERNO REGIONAL";"I-1";"00000658";"TINYARI GRANDE";"NE_0001";"";"NE_0001";"NE_0001";"NE_0001";"NE_0001";"NE_0001";"NE_0001";"NE_0001"
"2023";"08";"120905";"JUNIN";"CHUPACA";"HUAMANCACA CHICO";"GOBIERNO REGIONAL";"I-2";"00000655";"HUAMANCACA CHICO";"NE_0001";"";"NE_0001";"NE_0001";"NE_0001";"NE_0001";"NE_0001";"NE_0001";"NE_0001"
"2023";"08";"120906";"JUNIN";"CHUPACA";"SAN JUAN DE YSCOS";"GOBIERNO REGIONAL";"I-2";"00000656";"SAN JUAN DE ISCOS";"NE_0001";"";"NE_0001";"NE_0001";"NE_0001";"NE_0001";"NE_0001";"NE_0001";"NE_0001"
"2023";"08";"120908";"JUNIN";"CHUPACA";"TRES DE DICIEMBRE";"GOBIERNO REGIONAL";"I-2";"00000660";"TRES DE DICIEMBRE";"NE_0001";"";"NE_0001";"NE_0001";"NE_0001";"NE_0001";"NE_0001";"NE_0001";"NE_0001"
"2023";"08";"120902";"JUNIN";"CHUPACA";"AHUAC";"GOBIERNO REGIONAL";"I-2";"00000647";"AHUAC";"NE_0001";"";"NE_0001";"NE_0001";"NE_0001";"NE_0001";"NE_0001";"NE_0001";"NE_0001"
"2023";"08";"120903";"JUNIN";"CHUPACA";"CHONGOS BAJO";"GOBIERNO REGIONAL";"I-1";"00000650";"PUMPUNYA";"NE_0001";"";"NE_0001";"NE_0001";"NE_0001";"NE_0001";"NE_0001";"NE_0001";"NE_0001"
"2023";"08";"120901";"JUNIN";"CHUPACA";"CHUPACA";"GOBIERNO REGIONAL";"I-4";"00000646";"PEDRO SANCHEZ MEZA";"NE_0001";"";"NE_0001";"NE_0001";"NE_0001";"NE_0001";"NE_0001";"NE_0001";"NE_0001"
"2023";"08";"120902";"JUNIN";"CHUPACA";"AHUAC";"GOBIERNO REGIONAL";"I-1";"00000648";"HUARISCA";"NE_0001";"";"NE_0001";"NE_0001";"NE_0001";"NE_0001";"NE_0001";"NE_0001";"NE_0001"
"2023";"08";"120903";"JUNIN";"CHUPACA";"CHONGOS BAJO";"GOBIERNO REGIONAL";"I-3";"00000649";"CHONGOS BAJO";"NE_0001";"";"NE_0001";"NE_0001";"NE_0001";"NE_0001";"NE_0001";"NE_0001";"NE_0001"
"2023";"08";"120906";"JUNIN";"CHUPACA";"SAN JUAN DE YSCOS";"GOBIERNO REGIONAL";"I-1";"00000657";"TINYARI CHICO";"NE_0001";"";"NE_0001";"NE_0001";"NE_0001";"NE_0001";"NE_0001";"NE_0001";"NE_0001"
"2023";"08";"150135";"LIMA";"LIMA";"SAN MARTIN DE PORRES";"PRIVADO";"II-2";"00010603";"CLÍNICA MÉDICA CAYETANO HEREDIA";"240000";"HOSPITALIZACIÓN";"339";"330";"1002";"1045";"50";"1550";"1"
"2023";"08";"150135";"LIMA";"LIMA";"SAN MARTIN DE PORRES";"PRIVADO";"II-2";"00010603";"CLÍNICA MÉDICA CAYETANO HEREDIA";"250100";"UNIDAD DE CUIDADOS CRITICOS UNIDAD  DE CUIDADOS INTENSIVOS GENERALES (UCI) ";"15";"15";"132";"95";"9";"279";"2"
"2023";"08";"150135";"LIMA";"LIMA";"SAN MARTIN DE PORRES";"PRIVADO";"II-2";"00010603";"CLÍNICA MÉDICA CAYETANO HEREDIA";"250105";"UNIDAD DE CUIDADOS CRITICOS UNIDAD  DE CUIDADOS INTENSIVOS  (UCI) NEONATOLOGÍA";"19";"20";"75";"73";"4";"124";"0"
"2023";"08";"150135";"LIMA";"LIMA";"SAN MARTIN DE PORRES";"PRIVADO";"II-2";"00010603";"CLÍNICA MÉDICA CAYETANO HEREDIA";"250108";"UNIDAD DE CUIDADOS CRITICOS UNIDAD  DE CUIDADOS INTENSIVOS  (UCI) PEDIÁTRICA";"4";"4";"25";"28";"5";"155";"0"
"2023";"08";"120201";"JUNIN";"CONCEPCION";"CONCEPCION";"GOBIERNO REGIONAL";"II-E";"00027857";"INSTITUTO REGIONAL DE ENFERMEDADES NEOPLÁSICAS DEL CENTRO - IREN CENTRO";"242100";"HOSPITALIZACIÓN DE MEDICINA ONCOLOGÍA MÉDICA ";"117";"121";"613";"735";"25";"775";"5"
"2023";"08";"120201";"JUNIN";"CONCEPCION";"CONCEPCION";"GOBIERNO REGIONAL";"II-E";"00027857";"INSTITUTO REGIONAL DE ENFERMEDADES NEOPLÁSICAS DEL CENTRO - IREN CENTRO";"241000";"HOSPITALIZACIÓN QUIRÚRGICA ONCOLOGÍA QUIRÚRGICA  ";"91";"89";"481";"558";"20";"620";"2"
"2023";"08";"120201";"JUNIN";"CONCEPCION";"CONCEPCION";"GOBIERNO REGIONAL";"II-E";"00027857";"INSTITUTO REGIONAL DE ENFERMEDADES NEOPLÁSICAS DEL CENTRO - IREN CENTRO";"250100";"UNIDAD DE CUIDADOS CRITICOS UNIDAD  DE CUIDADOS INTENSIVOS GENERALES (UCI) ";"11";"10";"82";"81";"5";"155";"1"
"2023";"08";"120201";"JUNIN";"CONCEPCION";"CONCEPCION";"GOBIERNO REGIONAL";"II-E";"00027857";"INSTITUTO REGIONAL DE ENFERMEDADES NEOPLÁSICAS DEL CENTRO - IREN CENTRO";"250200";"UNIDAD DE CUIDADOS CRITICOS UNIDAD DE CUIDADOS INTERMEDIOS GENERAL  (UCIN) ";"14";"17";"86";"127";"5";"155";"6"
"2023";"08";"150108";"LIMA";"LIMA";"CHORRILLOS";"SANIDAD DEL EJERCITO DEL PERU";"II-E";"00010098";"HOSPITAL MILITAR GERIATRICO";"240000";"HOSPITALIZACIÓN";"42";"44";"280";"236";"15";"465";"2"
"2023";"08";"200401";"PIURA";"MORROPON";"CHULUCANAS";"GOBIERNO REGIONAL";"II-1";"00002161";"E.S  II-1  HOSPITAL  CHULUCANAS";"240100";"HOSPITALIZACIÓN QUIRÚRGICA CIRUGÍA GENERAL ";"49";"57";"256";"201";"11";"341";"0"
"2023";"08";"200401";"PIURA";"MORROPON";"CHULUCANAS";"GOBIERNO REGIONAL";"II-1";"00002161";"E.S  II-1  HOSPITAL  CHULUCANAS";"241400";"HOSPITALIZACIÓN QUIRÚRGICA GINECO - OBSTETRICIA ";"188";"213";"465";"334";"36";"1116";"1"
"2023";"08";"200401";"PIURA";"MORROPON";"CHULUCANAS";"GOBIERNO REGIONAL";"II-1";"00002161";"E.S  II-1  HOSPITAL  CHULUCANAS";"241800";"HOSPITALIZACIÓN DE MEDICINA MEDICINA GENERAL ";"52";"62";"352";"333";"17";"527";"7"
"2023";"08";"200401";"PIURA";"MORROPON";"CHULUCANAS";"GOBIERNO REGIONAL";"II-1";"00002161";"E.S  II-1  HOSPITAL  CHULUCANAS";"242500";"HOSPITALIZACIÓN-PEDIATRÍA GENERAL-";"27";"34";"170";"134";"10";"310";"0"
"2023";"08";"200401";"PIURA";"MORROPON";"CHULUCANAS";"GOBIERNO REGIONAL";"II-1";"00002161";"E.S  II-1  HOSPITAL  CHULUCANAS";"243200";"HOSPITALIZACIÓN DE PEDIATRÍA PEDIATRIA NEONATOLOGÍA";"18";"27";"178";"169";"7";"196";"1"
"2023";"08";"150133";"LIMA";"LIMA";"SAN JUAN DE MIRAFLORES";"PRIVADO";"II-2";"00018985";"CLINICA SANTA MARTHA DEL SUR";"240000";"HOSPITALIZACIÓN";"189";"184";"498";"1456";"82";"2542";"1"
"2023";"08";"150133";"LIMA";"LIMA";"SAN JUAN DE MIRAFLORES";"PRIVADO";"II-2";"00018985";"CLINICA SANTA MARTHA DEL SUR";"250100";"UNIDAD DE CUIDADOS CRITICOS UNIDAD  DE CUIDADOS INTENSIVOS GENERALES (UCI) ";"18";"18";"31";"85";"7";"217";"0"
"2023";"08";"080907";"CUSCO";"LA CONVENCION";"KIMBIRI";"GOBIERNO REGIONAL";"I-1";"00008284";"MANITEA ALTA";"NE_0001";"";"NE_0001";"NE_0001";"NE_0001";"NE_0001";"NE_0001";"NE_0001";"NE_0001"
"2023";"08";"220901";"SAN MARTIN";"SAN MARTIN";"TARAPOTO";"GOBIERNO REGIONAL";"I-3";"00006362";"CENTRO DE SALUD NUEVE DE ABRIL";"NE_0001";"";"NE_0001";"NE_0001";"NE_0001";"NE_0001";"NE_0001";"NE_0001";"NE_0001"
"2023";"08";"220901";"SAN MARTIN";"SAN MARTIN";"TARAPOTO";"GOBIERNO REGIONAL";"I-3";"00006370";"PUNTA DEL ESTE";"NE_0001";"";"NE_0001";"NE_0001";"NE_0001";"NE_0001";"NE_0001";"NE_0001";"NE_0001"
"2023";"08";"220901";"SAN MARTIN";"SAN MARTIN";"TARAPOTO";"GOBIERNO REGIONAL";"I-1";"00006363";"ATUMPAMPA";"NE_0001";"";"NE_0001";"NE_0001";"NE_0001";"NE_0001";"NE_0001";"NE_0001";"NE_0001"
"2023";"08";"220901";"SAN MARTIN";"SAN MARTIN";"TARAPOTO";"GOBIERNO REGIONAL";"I-1";"00006373";"SANTA ROSA DE CUMBAZA";"NE_0001";"";"NE_0001";"NE_0001";"NE_0001";"NE_0001";"NE_0001";"NE_0001";"NE_0001"
"2023";"08";"220901";"SAN MARTIN";"SAN MARTIN";"TARAPOTO";"GOBIERNO REGIONAL";"I-2";"00006371";"HUAYCO TARAPOTO";"NE_0001";"";"NE_0001";"NE_0001";"NE_0001";"NE_0001";"NE_0001";"NE_0001";"NE_0001"
"2023";"08";"210301";"PUNO";"CARABAYA";"MACUSANI";"GOBIERNO REGIONAL";"II-2";"00031179";"HOSPITAL SAN MARTIN DE PORRES";"240100";"HOSPITALIZACIÓN QUIRÚRGICA CIRUGÍA GENERAL ";"72";"73";"213";"286";"10";"310";"0"
"2023";"08";"210301";"PUNO";"CARABAYA";"MACUSANI";"GOBIERNO REGIONAL";"II-2";"00031179";"HOSPITAL SAN MARTIN DE PORRES";"241500";"HOSPITALIZACIÓN QUIRÚRGICA GINECOLOGÍA  ";"18";"18";"31";"49";"4";"124";"0"
"2023";"08";"210301";"PUNO";"CARABAYA";"MACUSANI";"GOBIERNO REGIONAL";"II-2";"00031179";"HOSPITAL SAN MARTIN DE PORRES";"241600";"HOSPITALIZACIÓN QUIRÚRGICA OBSTETRICIA   ";"53";"57";"152";"209";"11";"341";"0"
"2023";"08";"210301";"PUNO";"CARABAYA";"MACUSANI";"GOBIERNO REGIONAL";"II-2";"00031179";"HOSPITAL SAN MARTIN DE PORRES";"241900";"HOSPITALIZACIÓN DE MEDICINA MEDICINA INTERNA ";"32";"35";"149";"184";"9";"279";"3"
"2023";"08";"210301";"PUNO";"CARABAYA";"MACUSANI";"GOBIERNO REGIONAL";"II-2";"00031179";"HOSPITAL SAN MARTIN DE PORRES";"242500";"HOSPITALIZACIÓN-PEDIATRÍA GENERAL-";"20";"25";"91";"116";"6";"186";"0"
"2023";"08";"210301";"PUNO";"CARABAYA";"MACUSANI";"GOBIERNO REGIONAL";"II-2";"00031179";"HOSPITAL SAN MARTIN DE PORRES";"243200";"HOSPITALIZACIÓN DE PEDIATRÍA PEDIATRIA NEONATOLOGÍA";"6";"10";"62";"72";"4";"124";"0"
"2023";"08";"150122";"LIMA";"LIMA";"MIRAFLORES";"ESSALUD";"II-2";"00008489";"ESSALUD - HOSPITAL III SUÁREZ ANGAMOS";"250100";"UNIDAD DE CUIDADOS CRITICOS UNIDAD  DE CUIDADOS INTENSIVOS GENERALES (UCI) ";"13";"13";"62";"164";"7";"217";"1"
"2023";"08";"150122";"LIMA";"LIMA";"MIRAFLORES";"ESSALUD";"II-2";"00008489";"ESSALUD - HOSPITAL III SUÁREZ ANGAMOS";"250200";"UNIDAD DE CUIDADOS CRITICOS UNIDAD DE CUIDADOS INTERMEDIOS GENERAL  (UCIN) ";"12";"12";"81";"102";"6";"186";"3"
"2023";"08";"150122";"LIMA";"LIMA";"MIRAFLORES";"ESSALUD";"II-2";"00008489";"ESSALUD - HOSPITAL III SUÁREZ ANGAMOS";"241800";"HOSPITALIZACIÓN DE MEDICINA MEDICINA GENERAL ";"116";"113";"877";"719";"24";"744";"5"
"2023";"08";"150122";"LIMA";"LIMA";"MIRAFLORES";"ESSALUD";"II-2";"00008489";"ESSALUD - HOSPITAL III SUÁREZ ANGAMOS";"240100";"HOSPITALIZACIÓN QUIRÚRGICA CIRUGÍA GENERAL ";"233";"235";"561";"560";"20";"622";"0"
"2023";"08";"150122";"LIMA";"LIMA";"MIRAFLORES";"ESSALUD";"II-2";"00008489";"ESSALUD - HOSPITAL III SUÁREZ ANGAMOS";"241400";"HOSPITALIZACIÓN QUIRÚRGICA GINECO - OBSTETRICIA ";"47";"45";"65";"73";"3";"101";"0"
"2023";"08";"150122";"LIMA";"LIMA";"MIRAFLORES";"ESSALUD";"II-2";"00008489";"ESSALUD - HOSPITAL III SUÁREZ ANGAMOS";"241600";"HOSPITALIZACIÓN QUIRÚRGICA OBSTETRICIA   ";"240";"245";"416";"366";"14";"432";"0"
"2023";"08";"150122";"LIMA";"LIMA";"MIRAFLORES";"ESSALUD";"II-2";"00008489";"ESSALUD - HOSPITAL III SUÁREZ ANGAMOS";"242300";"HOSPITALIZACIÓN DE PEDIATRÍA  PEDIATRÍA  GENERAL ";"66";"65";"206";"205";"10";"302";"0"
"2023";"08";"150122";"LIMA";"LIMA";"MIRAFLORES";"ESSALUD";"II-2";"00008489";"ESSALUD - HOSPITAL III SUÁREZ ANGAMOS";"243200";"HOSPITALIZACIÓN DE PEDIATRÍA PEDIATRIA NEONATOLOGÍA";"15";"15";"44";"41";"4";"124";"0"
"2023";"08";"220803";"SAN MARTIN";"RIOJA";"ELIAS SOPLIN VARGAS";"GOBIERNO REGIONAL";"I-1";"00007298";"LA NACIENTE DEL RIO NEGRO";"NE_0002";"";"NE_0002";"NE_0002";"NE_0002";"NE_0002";"NE_0002";"NE_0002";"NE_0002"
"2023";"08";"130105";"LA LIBERTAD";"TRUJILLO";"LA ESPERANZA";"GOBIERNO REGIONAL";"II-1";"00005226";"HOSPITAL DISTRITAL JERUSALEN";"241400";"HOSPITALIZACIÓN QUIRÚRGICA GINECO - OBSTETRICIA ";"11";"13";"28";"59";"6";"186";"0"
"2023";"08";"130105";"LA LIBERTAD";"TRUJILLO";"LA ESPERANZA";"GOBIERNO REGIONAL";"II-1";"00005226";"HOSPITAL DISTRITAL JERUSALEN";"241600";"HOSPITALIZACIÓN QUIRÚRGICA OBSTETRICIA   ";"40";"42";"54";"82";"6";"186";"0"
"2023";"08";"040516";"AREQUIPA";"CAYLLOMA";"TAPAY";"GOBIERNO REGIONAL";"I-2";"00001434";"PUESTO DE SALUD TAPAY";"NE_0001";"";"NE_0001";"NE_0001";"NE_0001";"NE_0001";"NE_0001";"NE_0001";"NE_0001"
"2023";"08";"040507";"AREQUIPA";"CAYLLOMA";"HUAMBO";"GOBIERNO REGIONAL";"I-2";"00001433";"PUESTO DE SALUD HUAMBO";"NE_0001";"";"NE_0001";"NE_0001";"NE_0001";"NE_0001";"NE_0001";"NE_0001";"NE_0001"
"2023";"08";"040503";"AREQUIPA";"CAYLLOMA";"CABANACONDE";"GOBIERNO REGIONAL";"I-3";"00001420";"CENTRO DE SALUD CABANACONDE";"NE_0001";"";"NE_0001";"NE_0001";"NE_0001";"NE_0001";"NE_0001";"NE_0001";"NE_0001"
"2023";"08";"150130";"LIMA";"LIMA";"SAN BORJA";"PRIVADO";"II-1";"00012975";"CL ESPECIALIDADES MEDICAS";"240000";"HOSPITALIZACIÓN";"38";"35";"111";"119";"13";"403";"0"
"2023";"08";"110201";"ICA";"CHINCHA";"CHINCHA ALTA";"PRIVADO";"II-E";"00025160";"CLIN. DANIEL A. CARRION";"NE_0001";"";"NE_0001";"NE_0001";"NE_0001";"NE_0001";"NE_0001";"NE_0001";"NE_0001"
"2023";"08";"221001";"SAN MARTIN";"TOCACHE";"TOCACHE";"GOBIERNO REGIONAL";"II-1";"00006580";"HOSPITAL II-1 ""DR. JOSE PEÑA PORTUGUEZ "" - TOCACHE";"240100";"HOSPITALIZACIÓN QUIRÚRGICA CIRUGÍA GENERAL ";"49";"59";"258";"258";"15";"465";"0"
"2023";"08";"221001";"SAN MARTIN";"TOCACHE";"TOCACHE";"GOBIERNO REGIONAL";"II-1";"00006580";"HOSPITAL II-1 ""DR. JOSE PEÑA PORTUGUEZ "" - TOCACHE";"241400";"HOSPITALIZACIÓN QUIRÚRGICA GINECO - OBSTETRICIA ";"69";"72";"160";"160";"8";"248";"0"
"2023";"08";"221001";"SAN MARTIN";"TOCACHE";"TOCACHE";"GOBIERNO REGIONAL";"II-1";"00006580";"HOSPITAL II-1 ""DR. JOSE PEÑA PORTUGUEZ "" - TOCACHE";"241600";"HOSPITALIZACIÓN QUIRÚRGICA OBSTETRICIA   ";"51";"54";"89";"89";"15";"465";"0"
"2023";"08";"221001";"SAN MARTIN";"TOCACHE";"TOCACHE";"GOBIERNO REGIONAL";"II-1";"00006580";"HOSPITAL II-1 ""DR. JOSE PEÑA PORTUGUEZ "" - TOCACHE";"241800";"HOSPITALIZACIÓN DE MEDICINA MEDICINA GENERAL ";"35";"48";"332";"332";"11";"341";"2"
"2023";"08";"221001";"SAN MARTIN";"TOCACHE";"TOCACHE";"GOBIERNO REGIONAL";"II-1";"00006580";"HOSPITAL II-1 ""DR. JOSE PEÑA PORTUGUEZ "" - TOCACHE";"242500";"HOSPITALIZACIÓN-PEDIATRÍA GENERAL-";"6";"9";"37";"37";"5";"155";"0"
"2023";"08";"221001";"SAN MARTIN";"TOCACHE";"TOCACHE";"GOBIERNO REGIONAL";"II-1";"00006580";"HOSPITAL II-1 ""DR. JOSE PEÑA PORTUGUEZ "" - TOCACHE";"243200";"HOSPITALIZACIÓN DE PEDIATRÍA PEDIATRIA NEONATOLOGÍA";"7";"11";"39";"39";"21";"651";"1"
"2023";"08";"120114";"JUNIN";"HUANCAYO";"EL TAMBO";"PRIVADO";"II-E";"00010250";"CLINICA OFTALMOLOGICA DEL CENTRO DEL PERU";"NE_0002";"";"NE_0002";"NE_0002";"NE_0002";"NE_0002";"NE_0002";"NE_0002";"NE_0002"
"2023";"08";"220505";"SAN MARTIN";"LAMAS";"CUÑUMBUQUI";"GOBIERNO REGIONAL";"I-3";"00006396";"CUÑUMBUQUE";"241600";"HOSPITALIZACIÓN QUIRÚRGICA OBSTETRICIA   ";"3";"3";"3";"3";"2";"62";"0"
"2023";"08";"220511";"SAN MARTIN";"LAMAS";"ZAPATERO";"GOBIERNO REGIONAL";"I-1";"00006400";"NUEVO CELENDIN";"NE_0002";"";"NE_0002";"NE_0002";"NE_0002";"NE_0002";"NE_0002";"NE_0002";"NE_0002"
"2023";"08";"220511";"SAN MARTIN";"LAMAS";"ZAPATERO";"GOBIERNO REGIONAL";"I-1";"00006403";"CARAÑAYACU";"NE_0002";"";"NE_0002";"NE_0002";"NE_0002";"NE_0002";"NE_0002";"NE_0002";"NE_0002"
"2023";"08";"220511";"SAN MARTIN";"LAMAS";"ZAPATERO";"GOBIERNO REGIONAL";"I-1";"00006406";"NUEVO MUNDO";"NE_0002";"";"NE_0002";"NE_0002";"NE_0002";"NE_0002";"NE_0002";"NE_0002";"NE_0002"
"2023";"08";"130105";"LA LIBERTAD";"TRUJILLO";"LA ESPERANZA";"PRIVADO";"II-1";"00021412";"CLÍNICA MADRE DE CRISTO";"241400";"HOSPITALIZACIÓN QUIRÚRGICA GINECO - OBSTETRICIA ";"10";"10";"14";"10";"4";"14";"0"
"2023";"08";"130105";"LA LIBERTAD";"TRUJILLO";"LA ESPERANZA";"PRIVADO";"II-1";"00021412";"CLÍNICA MADRE DE CRISTO";"240100";"HOSPITALIZACIÓN QUIRÚRGICA CIRUGÍA GENERAL ";"14";"14";"18";"14";"8";"18";"0"
"2023";"08";"070102";"CALLAO";"CALLAO";"BELLAVISTA";"GOBIERNO REGIONAL";"III-1";"00006218";"NAC. DANIEL A. CARRION";"241900";"HOSPITALIZACIÓN DE MEDICINA MEDICINA INTERNA ";"281";"261";"3958";"3912";"145";"4460";"22"
"2023";"03";"060101";"CAJAMARCA";"CAJAMARCA";"CAJAMARCA";"PRIVADO";"0";"00029780";"LABORATORIO EL INGENIO";"NE_0001";"";"NE_0001";"NE_0001";"NE_0001";"NE_0001";"NE_0001";"NE_0001";"NE_0001"
"2023";"03";"130202";"LA LIBERTAD";"ASCOPE";"CHICAMA";"ESSALUD";"I-2";"00009277";"POSTA DE SALUD CHICAMA";"NE_0001";"";"NE_0001";"NE_0001";"NE_0001";"NE_0001";"NE_0001";"NE_0001";"NE_0001"
"2023";"03";"150701";"LIMA";"HUAROCHIRI";"MATUCANA";"GOBIERNO REGIONAL";"II-1";"00005850";"HOSPITAL SAN JUAN DE MATUCANA";"241600";"HOSPITALIZACIÓN QUIRÚRGICA OBSTETRICIA   ";"5";"5";"8";"8";"4";"124";"0"
"2023";"03";"150701";"LIMA";"HUAROCHIRI";"MATUCANA";"GOBIERNO REGIONAL";"II-1";"00005850";"HOSPITAL SAN JUAN DE MATUCANA";"241800";"HOSPITALIZACIÓN DE MEDICINA MEDICINA GENERAL ";"3";"4";"28";"16";"3";"93";"0"
"2023";"01";"150701";"LIMA";"HUAROCHIRI";"MATUCANA";"GOBIERNO REGIONAL";"II-1";"00005850";"HOSPITAL SAN JUAN DE MATUCANA";"241600";"HOSPITALIZACIÓN QUIRÚRGICA OBSTETRICIA   ";"6";"6";"17";"17";"4";"124";"0"
"2023";"01";"150701";"LIMA";"HUAROCHIRI";"MATUCANA";"GOBIERNO REGIONAL";"II-1";"00005850";"HOSPITAL SAN JUAN DE MATUCANA";"241800";"HOSPITALIZACIÓN DE MEDICINA MEDICINA GENERAL ";"2";"2";"7";"7";"3";"93";"0"
"2023";"03";"120504";"JUNIN";"JUNIN";"ULCUMAYO";"GOBIERNO REGIONAL";"I-1";"00000605";"SHOGUE";"NE_0001";"";"NE_0001";"NE_0001";"NE_0001";"NE_0001";"NE_0001";"NE_0001";"NE_0001"
"2023";"03";"120504";"JUNIN";"JUNIN";"ULCUMAYO";"GOBIERNO REGIONAL";"I-2";"00000604";"TAMBOS";"NE_0001";"";"NE_0001";"NE_0001";"NE_0001";"NE_0001";"NE_0001";"NE_0001";"NE_0001"
"2023";"03";"120504";"JUNIN";"JUNIN";"ULCUMAYO";"GOBIERNO REGIONAL";"I-2";"00000602";"QUILCATACTA";"NE_0001";"";"NE_0001";"NE_0001";"NE_0001";"NE_0001";"NE_0001";"NE_0001";"NE_0001"
"2023";"03";"120504";"JUNIN";"JUNIN";"ULCUMAYO";"GOBIERNO REGIONAL";"I-1";"00000603";"YAPACMARCA";"NE_0001";"";"NE_0001";"NE_0001";"NE_0001";"NE_0001";"NE_0001";"NE_0001";"NE_0001"
"2023";"03";"120504";"JUNIN";"JUNIN";"ULCUMAYO";"GOBIERNO REGIONAL";"I-1";"00000607";"PISCURRURAY";"NE_0001";"";"NE_0001";"NE_0001";"NE_0001";"NE_0001";"NE_0001";"NE_0001";"NE_0001"
"2023";"03";"120504";"JUNIN";"JUNIN";"ULCUMAYO";"GOBIERNO REGIONAL";"I-3";"00000601";"ULCUMAYO";"NE_0001";"";"NE_0001";"NE_0001";"NE_0001";"NE_0001";"NE_0001";"NE_0001";"NE_0001"
"2023";"03";"120504";"JUNIN";"JUNIN";"ULCUMAYO";"GOBIERNO REGIONAL";"I-1";"00000606";"QUIPACANCHA";"NE_0001";"";"NE_0001";"NE_0001";"NE_0001";"NE_0001";"NE_0001";"NE_0001";"NE_0001"
"2023";"05";"150122";"LIMA";"LIMA";"MIRAFLORES";"ESSALUD";"I-3";"00009148";"POLICLINICO SANTA CRUZ";"NE_0001";"";"NE_0001";"NE_0001";"NE_0001";"NE_0001";"NE_0001";"NE_0001";"NE_0001"
"2023";"07";"220206";"SAN MARTIN";"BELLAVISTA";"SAN RAFAEL";"GOBIERNO REGIONAL";"I-1";"00006518";"CRISTINO GARCIA CARHUAPOMA";"NE_0002";"";"NE_0002";"NE_0002";"NE_0002";"NE_0002";"NE_0002";"NE_0002";"NE_0002"
"2023";"07";"220206";"SAN MARTIN";"BELLAVISTA";"SAN RAFAEL";"GOBIERNO REGIONAL";"I-1";"00006504";"PALESTINA";"NE_0002";"";"NE_0002";"NE_0002";"NE_0002";"NE_0002";"NE_0002";"NE_0002";"NE_0002"
"2023";"07";"220205";"SAN MARTIN";"BELLAVISTA";"SAN PABLO";"GOBIERNO REGIONAL";"I-1";"00006514";"HUINGOYACU";"NE_0001";"";"NE_0001";"NE_0001";"NE_0001";"NE_0001";"NE_0001";"NE_0001";"NE_0001"
"2023";"07";"220204";"SAN MARTIN";"BELLAVISTA";"HUALLAGA";"GOBIERNO REGIONAL";"I-1";"00006562";"LEDOY";"NE_0001";"";"NE_0001";"NE_0001";"NE_0001";"NE_0001";"NE_0001";"NE_0001";"NE_0001"
"2023";"07";"220201";"SAN MARTIN";"BELLAVISTA";"BELLAVISTA";"GOBIERNO REGIONAL";"I-2";"00006511";"LAS  MERCEDES";"NE_0001";"";"NE_0001";"NE_0001";"NE_0001";"NE_0001";"NE_0001";"NE_0001";"NE_0001"
"2023";"07";"220206";"SAN MARTIN";"BELLAVISTA";"SAN RAFAEL";"GOBIERNO REGIONAL";"I-1";"00006517";"PANAMA";"NE_0002";"";"NE_0002";"NE_0002";"NE_0002";"NE_0002";"NE_0002";"NE_0002";"NE_0002"
"2023";"07";"220201";"SAN MARTIN";"BELLAVISTA";"BELLAVISTA";"GOBIERNO REGIONAL";"I-1";"00006503";"BUENOS AIRES";"NE_0001";"";"NE_0001";"NE_0001";"NE_0001";"NE_0001";"NE_0001";"NE_0001";"NE_0001"
"2023";"07";"220201";"SAN MARTIN";"BELLAVISTA";"BELLAVISTA";"GOBIERNO REGIONAL";"I-1";"00006785";"PERUATE";"NE_0001";"";"NE_0001";"NE_0001";"NE_0001";"NE_0001";"NE_0001";"NE_0001";"NE_0001"
"2023";"07";"220206";"SAN MARTIN";"BELLAVISTA";"SAN RAFAEL";"GOBIERNO REGIONAL";"I-3";"00006515";"SAN RAFAEL";"NE_0002";"";"NE_0002";"NE_0002";"NE_0002";"NE_0002";"NE_0002";"NE_0002";"NE_0002"
"2023";"07";"220206";"SAN MARTIN";"BELLAVISTA";"SAN RAFAEL";"GOBIERNO REGIONAL";"I-2";"00006516";"LA LIBERTAD";"NE_0002";"";"NE_0002";"NE_0002";"NE_0002";"NE_0002";"NE_0002";"NE_0002";"NE_0002"
"2023";"07";"220406";"SAN MARTIN";"HUALLAGA";"TINGO DE SAPOSOA";"GOBIERNO REGIONAL";"I-1";"00006546";"TINGO DE SAPOSOA";"NE_0001";"";"NE_0001";"NE_0001";"NE_0001";"NE_0001";"NE_0001";"NE_0001";"NE_0001"
"2023";"07";"220201";"SAN MARTIN";"BELLAVISTA";"BELLAVISTA";"GOBIERNO REGIONAL";"I-1";"00006512";"NUEVA FLORIDA";"NE_0001";"";"NE_0001";"NE_0001";"NE_0001";"NE_0001";"NE_0001";"NE_0001";"NE_0001"
"2023";"07";"220201";"SAN MARTIN";"BELLAVISTA";"BELLAVISTA";"GOBIERNO REGIONAL";"I-1";"00006513";"HUACHO";"NE_0001";"";"NE_0001";"NE_0001";"NE_0001";"NE_0001";"NE_0001";"NE_0001";"NE_0001"
"2023";"07";"220201";"SAN MARTIN";"BELLAVISTA";"BELLAVISTA";"GOBIERNO REGIONAL";"I-1";"00006505";"LIMON";"NE_0001";"";"NE_0001";"NE_0001";"NE_0001";"NE_0001";"NE_0001";"NE_0001";"NE_0001"
"2023";"07";"010101";"AMAZONAS";"CHACHAPOYAS";"CHACHAPOYAS";"PRIVADO";"I-3";"00026399";"CENTRO MEDICO AMAZONAS EIRL";"NE_0001";"";"NE_0001";"NE_0001";"NE_0001";"NE_0001";"NE_0001";"NE_0001";"NE_0001"
"2023";"07";"120101";"JUNIN";"HUANCAYO";"HUANCAYO";"GOBIERNO REGIONAL";"I-2";"00000732";"SAN FRANCISCO";"NE_0001";"";"NE_0001";"NE_0001";"NE_0001";"NE_0001";"NE_0001";"NE_0001";"NE_0001"
"2023";"07";"120101";"JUNIN";"HUANCAYO";"HUANCAYO";"GOBIERNO REGIONAL";"I-4";"00000727";"LA LIBERTAD";"241400";"HOSPITALIZACIÓN QUIRÚRGICA GINECO - OBSTETRICIA ";"27";"27";"35";"1";"9";"15";"0"
"2023";"07";"120124";"JUNIN";"HUANCAYO";"PARIAHUANCA";"GOBIERNO REGIONAL";"I-3";"00000736";"PARIAHUANCA";"NE_0001";"";"NE_0001";"NE_0001";"NE_0001";"NE_0001";"NE_0001";"NE_0001";"NE_0001"
"2023";"07";"120124";"JUNIN";"HUANCAYO";"PARIAHUANCA";"GOBIERNO REGIONAL";"I-1";"00000741";"CEDRUYO";"NE_0001";"";"NE_0001";"NE_0001";"NE_0001";"NE_0001";"NE_0001";"NE_0001";"NE_0001"
"2023";"07";"120124";"JUNIN";"HUANCAYO";"PARIAHUANCA";"GOBIERNO REGIONAL";"I-2";"00000739";"SAN BALVIN";"NE_0001";"";"NE_0001";"NE_0001";"NE_0001";"NE_0001";"NE_0001";"NE_0001";"NE_0001"
"2023";"07";"120124";"JUNIN";"HUANCAYO";"PARIAHUANCA";"GOBIERNO REGIONAL";"I-1";"00000740";"ANTARPA";"NE_0001";"";"NE_0001";"NE_0001";"NE_0001";"NE_0001";"NE_0001";"NE_0001";"NE_0001"
"2023";"07";"120124";"JUNIN";"HUANCAYO";"PARIAHUANCA";"GOBIERNO REGIONAL";"I-1";"00015577";"NUEVO OCCORO";"NE_0001";"";"NE_0001";"NE_0001";"NE_0001";"NE_0001";"NE_0001";"NE_0001";"NE_0001"
"2023";"07";"120101";"JUNIN";"HUANCAYO";"HUANCAYO";"GOBIERNO REGIONAL";"I-2";"00000730";"VILCACOTO";"NE_0001";"";"NE_0001";"NE_0001";"NE_0001";"NE_0001";"NE_0001";"NE_0001";"NE_0001"
"2023";"07";"120101";"JUNIN";"HUANCAYO";"HUANCAYO";"GOBIERNO REGIONAL";"I-2";"00000731";"PALIAN";"NE_0001";"";"NE_0001";"NE_0001";"NE_0001";"NE_0001";"NE_0001";"NE_0001";"NE_0001"
"2023";"07";"120124";"JUNIN";"HUANCAYO";"PARIAHUANCA";"GOBIERNO REGIONAL";"I-1";"00000738";"PANTY";"NE_0001";"";"NE_0001";"NE_0001";"NE_0001";"NE_0001";"NE_0001";"NE_0001";"NE_0001"
"2023";"07";"120101";"JUNIN";"HUANCAYO";"HUANCAYO";"GOBIERNO REGIONAL";"I-3";"00000728";"OCOPILLA";"NE_0001";"";"NE_0001";"NE_0001";"NE_0001";"NE_0001";"NE_0001";"NE_0001";"NE_0001"
"2023";"07";"120124";"JUNIN";"HUANCAYO";"PARIAHUANCA";"GOBIERNO REGIONAL";"I-2";"00000737";"LAMPA";"NE_0001";"";"NE_0001";"NE_0001";"NE_0001";"NE_0001";"NE_0001";"NE_0001";"NE_0001"
"2023";"07";"120124";"JUNIN";"HUANCAYO";"PARIAHUANCA";"GOBIERNO REGIONAL";"I-1";"00012471";"HUAYCHULA";"NE_0001";"";"NE_0001";"NE_0001";"NE_0001";"NE_0001";"NE_0001";"NE_0001";"NE_0001"
"2023";"07";"120101";"JUNIN";"HUANCAYO";"HUANCAYO";"GOBIERNO REGIONAL";"I-2";"00000729";"PUESTO DE SALUD UÑAS";"NE_0001";"";"NE_0001";"NE_0001";"NE_0001";"NE_0001";"NE_0001";"NE_0001";"NE_0001"
"2023";"07";"120124";"JUNIN";"HUANCAYO";"PARIAHUANCA";"GOBIERNO REGIONAL";"I-2";"00000742";"LLACSAPIRCA";"NE_0001";"";"NE_0001";"NE_0001";"NE_0001";"NE_0001";"NE_0001";"NE_0001";"NE_0001"
"2023";"07";"120124";"JUNIN";"HUANCAYO";"PARIAHUANCA";"GOBIERNO REGIONAL";"I-1";"00000743";"ROCCHAC";"NE_0001";"";"NE_0001";"NE_0001";"NE_0001";"NE_0001";"NE_0001";"NE_0001";"NE_0001"
"2023";"07";"120101";"JUNIN";"HUANCAYO";"HUANCAYO";"GOBIERNO REGIONAL";"I-1";"00015905";"ACOPALCA";"NE_0001";"";"NE_0001";"NE_0001";"NE_0001";"NE_0001";"NE_0001";"NE_0001";"NE_0001"
"2023";"08";"150113";"LIMA";"LIMA";"JESUS MARIA";"PRIVADO";"II-E";"00010669";"CLÍNICA PERUANA DE LA VISION";"NE_0001";"";"NE_0001";"NE_0001";"NE_0001";"NE_0001";"NE_0001";"NE_0001";"NE_0001"
"2023";"08";"010701";"AMAZONAS";"UTCUBAMBA";"BAGUA GRANDE";"SANIDAD DE LA POLICIA NACIONAL DEL PERU";"I-3";"00018106";"POLICLINICO POLICIAL BAGUA GRANDE";"NE_0001";"";"NE_0001";"NE_0001";"NE_0001";"NE_0001";"NE_0001";"NE_0001";"NE_0001"
"2023";"06";"061109";"CAJAMARCA";"SAN MIGUEL";"NIEPOS";"GOBIERNO REGIONAL";"I-1";"00004560";"EL NARANJO";"NE_0001";"";"NE_0001";"NE_0001";"NE_0001";"NE_0001";"NE_0001";"NE_0001";"NE_0001"
"2023";"06";"061109";"CAJAMARCA";"SAN MIGUEL";"NIEPOS";"GOBIERNO REGIONAL";"I-1";"00004559";"MIRAVALLES";"NE_0001";"";"NE_0001";"NE_0001";"NE_0001";"NE_0001";"NE_0001";"NE_0001";"NE_0001"
"2023";"06";"061109";"CAJAMARCA";"SAN MIGUEL";"NIEPOS";"GOBIERNO REGIONAL";"I-1";"00004558";"LANCHEZ";"NE_0001";"";"NE_0001";"NE_0001";"NE_0001";"NE_0001";"NE_0001";"NE_0001";"NE_0001"
"2023";"06";"061109";"CAJAMARCA";"SAN MIGUEL";"NIEPOS";"GOBIERNO REGIONAL";"I-2";"00004557";"NIEPOS";"NE_0001";"";"NE_0001";"NE_0001";"NE_0001";"NE_0001";"NE_0001";"NE_0001";"NE_0001"
"2023";"06";"061106";"CAJAMARCA";"SAN MIGUEL";"LA FLORIDA";"GOBIERNO REGIONAL";"I-3";"00004556";"LA FLORIDA";"NE_0001";"";"NE_0001";"NE_0001";"NE_0001";"NE_0001";"NE_0001";"NE_0001";"NE_0001"
"2023";"08";"030101";"APURIMAC";"ABANCAY";"ABANCAY";"SANIDAD DE LA POLICIA NACIONAL DEL PERU";"I-3";"00008036";"POLICLINICO POLICIAL ABANCAY";"NE_0001";"";"NE_0001";"NE_0001";"NE_0001";"NE_0001";"NE_0001";"NE_0001";"NE_0001"
"2023";"08";"150143";"LIMA";"LIMA";"VILLA MARIA DEL TRIUNFO";"PRIVADO";"I-4";"00010229";"CENTRO MEDICO ESPECIALIZADO VIRGEN DE LAS MERCEDES E.I.R.L";"NE_0002";"";"NE_0002";"NE_0002";"NE_0002";"NE_0002";"NE_0002";"NE_0002";"NE_0002"
"2023";"08";"010101";"AMAZONAS";"CHACHAPOYAS";"CHACHAPOYAS";"SANIDAD DE LA POLICIA NACIONAL DEL PERU";"I-3";"00026723";"POLICLINICO POLICIAL CHACHAPOYAS";"NE_0001";"";"NE_0001";"NE_0001";"NE_0001";"NE_0001";"NE_0001";"NE_0001";"NE_0001"
"2023";"08";"250101";"UCAYALI";"CORONEL PORTILLO";"CALLERIA";"SANIDAD DE LA POLICIA NACIONAL DEL PERU";"I-3";"00010148";"POLICLINICO POLICIAL PUCALLPA";"NE_0001";"";"NE_0001";"NE_0001";"NE_0001";"NE_0001";"NE_0001";"NE_0001";"NE_0001"
"2023";"08";"030601";"APURIMAC";"CHINCHEROS";"CHINCHEROS";"SANIDAD DE LA POLICIA NACIONAL DEL PERU";"I-2";"00011894";"POSTA MÉDICA SANIDAD CHINCHEROS";"NE_0001";"";"NE_0001";"NE_0001";"NE_0001";"NE_0001";"NE_0001";"NE_0001";"NE_0001"
"2023";"08";"230101";"TACNA";"TACNA";"TACNA";"ESSALUD";"I-2";"00010228";"CENTRO DE ATENCION PRIMARIA II  OSCAR FERNANDEZ DAVILA VÉLEZ";"NE_0001";"";"NE_0001";"NE_0001";"NE_0001";"NE_0001";"NE_0001";"NE_0001";"NE_0001"
"2023";"08";"150121";"LIMA";"LIMA";"PUEBLO LIBRE";"PRIVADO";"II-E";"00021096";"CLINICA ESPECIALIZADA EN CIRUGÍA PLÁSTICA SAN AGUSTIN";"NE_0001";"";"NE_0001";"NE_0001";"NE_0001";"NE_0001";"NE_0001";"NE_0001";"NE_0001"
"2023";"08";"150131";"LIMA";"LIMA";"SAN ISIDRO";"PRIVADO";"II-E";"00018667";"CLINICA ARROYO";"NE_0001";"";"NE_0001";"NE_0001";"NE_0001";"NE_0001";"NE_0001";"NE_0001";"NE_0001"
"2023";"08";"170101";"MADRE DE DIOS";"TAMBOPATA";"TAMBOPATA";"ESSALUD";"II-1";"00009319";"HOSPITAL I VICTOR ALFREDO LAZO PERALTA";"241800";"HOSPITALIZACIÓN DE MEDICINA MEDICINA GENERAL ";"54";"46";"251";"250";"22";"682";"2"
"2023";"08";"170101";"MADRE DE DIOS";"TAMBOPATA";"TAMBOPATA";"ESSALUD";"II-1";"00009319";"HOSPITAL I VICTOR ALFREDO LAZO PERALTA";"240100";"HOSPITALIZACIÓN QUIRÚRGICA CIRUGÍA GENERAL ";"44";"50";"166";"163";"10";"310";"0"
"2023";"08";"170101";"MADRE DE DIOS";"TAMBOPATA";"TAMBOPATA";"ESSALUD";"II-1";"00009319";"HOSPITAL I VICTOR ALFREDO LAZO PERALTA";"241400";"HOSPITALIZACIÓN QUIRÚRGICA GINECO - OBSTETRICIA ";"60";"58";"152";"152";"10";"310";"0"
"2023";"08";"170101";"MADRE DE DIOS";"TAMBOPATA";"TAMBOPATA";"ESSALUD";"II-1";"00009319";"HOSPITAL I VICTOR ALFREDO LAZO PERALTA";"242300";"HOSPITALIZACIÓN DE PEDIATRÍA  PEDIATRÍA  GENERAL ";"14";"13";"34";"34";"4";"124";"0"
"2023";"08";"230101";"TACNA";"TACNA";"TACNA";"PRIVADO";"I-4";"00015875";"PROMEDIC";"NE_0002";"";"NE_0002";"NE_0002";"NE_0002";"NE_0002";"NE_0002";"NE_0002";"NE_0002"
"2023";"08";"150105";"LIMA";"LIMA";"BREÑA";"MINSA";"III-2";"00006216";"INSTITUTO NACIONAL DE SALUD DEL NIÑO";"240200";"HOSPITALIZACIÓN QUIRÚRGICA CIRUGÍA DE CABEZA Y CUELLO / MÁXILO FACIAL ";"39";"35";"236";"330";"11";"341";"0"
"2023";"08";"150105";"LIMA";"LIMA";"BREÑA";"MINSA";"III-2";"00006216";"INSTITUTO NACIONAL DE SALUD DEL NIÑO";"240400";"HOSPITALIZACIÓN QUIRÚRGICA CIRUGÍA DE TÓRAX Y CARDIOVASCULAR ";"31";"25";"294";"285";"19";"589";"1"
"2023";"08";"150105";"LIMA";"LIMA";"BREÑA";"MINSA";"III-2";"00006216";"INSTITUTO NACIONAL DE SALUD DEL NIÑO";"240700";"HOSPITALIZACIÓN QUIRÚRGICA CIRUGÍA PEDIÁTRICA ";"94";"89";"600";"593";"20";"620";"0"
"2023";"08";"150105";"LIMA";"LIMA";"BREÑA";"MINSA";"III-2";"00006216";"INSTITUTO NACIONAL DE SALUD DEL NIÑO";"240801";"HOSPITALIZACIÓN QUIRÚRGICA CIRUGÍA PLÁSTICA/RECONSTRUCTIVA/ REPARADORA QUEMADOS";"57";"57";"600";"540";"26";"806";"0"
"2023";"08";"150105";"LIMA";"LIMA";"BREÑA";"MINSA";"III-2";"00006216";"INSTITUTO NACIONAL DE SALUD DEL NIÑO";"240900";"HOSPITALIZACIÓN QUIRÚRGICA NEUROCIRUGÍA ";"36";"28";"576";"657";"22";"682";"0"
"2023";"08";"150105";"LIMA";"LIMA";"BREÑA";"MINSA";"III-2";"00006216";"INSTITUTO NACIONAL DE SALUD DEL NIÑO";"241200";"HOSPITALIZACIÓN QUIRÚRGICA TRAUMATOLOGÍA Y ORTOPEDIA ";"61";"69";"710";"672";"28";"868";"0"
"2023";"08";"150105";"LIMA";"LIMA";"BREÑA";"MINSA";"III-2";"00006216";"INSTITUTO NACIONAL DE SALUD DEL NIÑO";"241300";"HOSPITALIZACIÓN QUIRÚRGICA UROLOGÍA  ";"13";"11";"78";"91";"6";"186";"0"
"2023";"08";"150105";"LIMA";"LIMA";"BREÑA";"MINSA";"III-2";"00006216";"INSTITUTO NACIONAL DE SALUD DEL NIÑO";"242000";"HOSPITALIZACIÓN DE MEDICINA MEDICINA TROPICAL E INFECCIOSAS ";"35";"38";"479";"557";"25";"775";"0"
"2023";"08";"150105";"LIMA";"LIMA";"BREÑA";"MINSA";"III-2";"00006216";"INSTITUTO NACIONAL DE SALUD DEL NIÑO";"242300";"HOSPITALIZACIÓN DE PEDIATRÍA  PEDIATRÍA  GENERAL ";"335";"308";"2589";"2760";"92";"2852";"3"
"2023";"08";"150105";"LIMA";"LIMA";"BREÑA";"MINSA";"III-2";"00006216";"INSTITUTO NACIONAL DE SALUD DEL NIÑO";"242600";"HOSPITALIZACIÓN DE PEDIATRÍA PEDIATRIA CARDIOLOGÍA PEDIÁTRICA";"35";"37";"364";"336";"20";"620";"1"
"2023";"08";"150105";"LIMA";"LIMA";"BREÑA";"MINSA";"III-2";"00006216";"INSTITUTO NACIONAL DE SALUD DEL NIÑO";"242700";"HOSPITALIZACIÓN DE PEDIATRÍA PEDIATRIA DERMATOLOGÍA PEDIÁTRICA";"19";"24";"248";"146";"8";"248";"0"
"2023";"08";"150105";"LIMA";"LIMA";"BREÑA";"MINSA";"III-2";"00006216";"INSTITUTO NACIONAL DE SALUD DEL NIÑO";"242900";"HOSPITALIZACIÓN DE PEDIATRÍA PEDIATRIA GASTROENTEROLOGÍA PEDIÁTRICA";"22";"20";"205";"217";"8";"248";"0"
"2023";"08";"150105";"LIMA";"LIMA";"BREÑA";"MINSA";"III-2";"00006216";"INSTITUTO NACIONAL DE SALUD DEL NIÑO";"243000";"HOSPITALIZACIÓN DE PEDIATRÍA PEDIATRIA GINECOLOGÍA PEDIÁTRICA";"11";"9";"21";"35";"2";"62";"0"
"2023";"08";"150105";"LIMA";"LIMA";"BREÑA";"MINSA";"III-2";"00006216";"INSTITUTO NACIONAL DE SALUD DEL NIÑO";"243100";"HOSPITALIZACIÓN DE PEDIATRÍA PEDIATRIA NEFROLOGÍA PEDIÁTRICA";"12";"11";"138";"111";"4";"124";"1"
"2023";"08";"150105";"LIMA";"LIMA";"BREÑA";"MINSA";"III-2";"00006216";"INSTITUTO NACIONAL DE SALUD DEL NIÑO";"243300";"HOSPITALIZACIÓN DE PEDIATRÍA PEDIATRIA NEUMOLOGÍA PEDIÁTRICA";"20";"19";"718";"627";"21";"651";"0"
"2023";"05";"220202";"SAN MARTIN";"BELLAVISTA";"ALTO BIAVO";"GOBIERNO REGIONAL";"I-2";"00006524";"BARRANCA";"NE_0002";"";"NE_0002";"NE_0002";"NE_0002";"NE_0002";"NE_0002";"NE_0002";"NE_0002"
"2023";"05";"220202";"SAN MARTIN";"BELLAVISTA";"ALTO BIAVO";"GOBIERNO REGIONAL";"I-1";"00006526";"INCAICO";"NE_0002";"";"NE_0002";"NE_0002";"NE_0002";"NE_0002";"NE_0002";"NE_0002";"NE_0002"
"2023";"05";"130901";"LA LIBERTAD";"SANCHEZ CARRION";"HUAMACHUCO";"GOBIERNO REGIONAL";"I-1";"00029010";"PALLAR ALTO";"NE_0001";"";"NE_0001";"NE_0001";"NE_0001";"NE_0001";"NE_0001";"NE_0001";"NE_0001"
"2023";"05";"010401";"AMAZONAS";"CONDORCANQUI";"NIEVA";"GOBIERNO REGIONAL";"II-1";"00005145";"SANTA MARIA DE NIEVA";"240100";"HOSPITALIZACIÓN QUIRÚRGICA CIRUGÍA GENERAL ";"2";"3";"6";"2";"2";"6";"0"
"2023";"05";"010401";"AMAZONAS";"CONDORCANQUI";"NIEVA";"GOBIERNO REGIONAL";"II-1";"00005145";"SANTA MARIA DE NIEVA";"241400";"HOSPITALIZACIÓN QUIRÚRGICA GINECO - OBSTETRICIA ";"50";"54";"132";"12";"11";"28";"0"
"2023";"05";"010401";"AMAZONAS";"CONDORCANQUI";"NIEVA";"GOBIERNO REGIONAL";"II-1";"00005145";"SANTA MARIA DE NIEVA";"241800";"HOSPITALIZACIÓN DE MEDICINA MEDICINA GENERAL ";"22";"25";"52";"10";"10";"24";"2"
"2023";"05";"010401";"AMAZONAS";"CONDORCANQUI";"NIEVA";"GOBIERNO REGIONAL";"II-1";"00005145";"SANTA MARIA DE NIEVA";"242500";"HOSPITALIZACIÓN-PEDIATRÍA GENERAL-";"15";"15";"33";"6";"2";"8";"0"
"2023";"05";"220605";"SAN MARTIN";"MARISCAL CACERES";"PAJARILLO";"GOBIERNO REGIONAL";"I-1";"00006783";"SOLEDAD";"NE_0001";"";"NE_0001";"NE_0001";"NE_0001";"NE_0001";"NE_0001";"NE_0001";"NE_0001"
"2023";"05";"220605";"SAN MARTIN";"MARISCAL CACERES";"PAJARILLO";"GOBIERNO REGIONAL";"I-1";"00006564";"DOS UNIDOS";"NE_0001";"";"NE_0001";"NE_0001";"NE_0001";"NE_0001";"NE_0001";"NE_0001";"NE_0001"
"2023";"05";"220602";"SAN MARTIN";"MARISCAL CACERES";"CAMPANILLA";"GOBIERNO REGIONAL";"I-1";"00006566";"CUÑUMBUZA";"NE_0001";"";"NE_0001";"NE_0001";"NE_0001";"NE_0001";"NE_0001";"NE_0001";"NE_0001"
"2023";"05";"220202";"SAN MARTIN";"BELLAVISTA";"ALTO BIAVO";"GOBIERNO REGIONAL";"I-1";"00006714";"CENTRO AMERICA";"NE_0001";"";"NE_0001";"NE_0001";"NE_0001";"NE_0001";"NE_0001";"NE_0001";"NE_0001"
"2023";"05";"220605";"SAN MARTIN";"MARISCAL CACERES";"PAJARILLO";"GOBIERNO REGIONAL";"I-1";"00006563";"COSTA RICA";"NE_0001";"";"NE_0001";"NE_0001";"NE_0001";"NE_0001";"NE_0001";"NE_0001";"NE_0001"
"2023";"05";"220204";"SAN MARTIN";"BELLAVISTA";"HUALLAGA";"GOBIERNO REGIONAL";"I-1";"00006565";"AUCARARCA";"NE_0001";"";"NE_0001";"NE_0001";"NE_0001";"NE_0001";"NE_0001";"NE_0001";"NE_0001"
"2023";"05";"060501";"CAJAMARCA";"CONTUMAZA";"CONTUMAZA";"GOBIERNO REGIONAL";"I-1";"00004630";"EL MOTE";"NE_0001";"";"NE_0001";"NE_0001";"NE_0001";"NE_0001";"NE_0001";"NE_0001";"NE_0001"
"2023";"05";"060502";"CAJAMARCA";"CONTUMAZA";"CHILETE";"GOBIERNO REGIONAL";"I-1";"00004545";"LLALLAN";"NE_0001";"";"NE_0001";"NE_0001";"NE_0001";"NE_0001";"NE_0001";"NE_0001";"NE_0001"
"2023";"05";"060501";"CAJAMARCA";"CONTUMAZA";"CONTUMAZA";"GOBIERNO REGIONAL";"I-1";"00004632";"CORRALES DE CHANTA";"NE_0001";"";"NE_0001";"NE_0001";"NE_0001";"NE_0001";"NE_0001";"NE_0001";"NE_0001"
"2023";"05";"060502";"CAJAMARCA";"CONTUMAZA";"CHILETE";"GOBIERNO REGIONAL";"I-4";"00004538";"DE APOYO CHILETE";"240000";"HOSPITALIZACIÓN";"26";"31";"83";"71";"9";"208";"0"
"2023";"05";"060507";"CAJAMARCA";"CONTUMAZA";"TANTARICA";"GOBIERNO REGIONAL";"I-2";"00004544";"CATÁN - TANTARICA";"NE_0001";"";"NE_0001";"NE_0001";"NE_0001";"NE_0001";"NE_0001";"NE_0001";"NE_0001"
"2023";"05";"060501";"CAJAMARCA";"CONTUMAZA";"CONTUMAZA";"GOBIERNO REGIONAL";"I-1";"00004630";"EL MOTE";"NE_0001";"";"NE_0001";"NE_0001";"NE_0001";"NE_0001";"NE_0001";"NE_0001";"NE_0001"
"2023";"05";"060501";"CAJAMARCA";"CONTUMAZA";"CONTUMAZA";"GOBIERNO REGIONAL";"I-1";"00004632";"CORRALES DE CHANTA";"NE_0001";"";"NE_0001";"NE_0001";"NE_0001";"NE_0001";"NE_0001";"NE_0001";"NE_0001"
"2023";"05";"060502";"CAJAMARCA";"CONTUMAZA";"CHILETE";"GOBIERNO REGIONAL";"I-4";"00004538";"DE APOYO CHILETE";"240000";"HOSPITALIZACIÓN";"26";"31";"83";"71";"9";"208";"0"
"2023";"05";"110201";"ICA";"CHINCHA";"CHINCHA ALTA";"PRIVADO";"II-1";"00020979";"CLINICA DE LOS VASQUEZ S.A.C.";"240000";"HOSPITALIZACIÓN";"79";"76";"257";"81";"19";"589";"0"
"2023";"06";"030104";"APURIMAC";"ABANCAY";"CURAHUASI";"PRIVADO";"II-1";"00008108";"HOSPITAL  DIOSPI SUYANA";"240000";"HOSPITALIZACIÓN";"130";"143";"661";"658";"39";"1493";"2"
"2023";"09";"051101";"AYACUCHO";"VILCAS HUAMAN";"VILCAS HUAMAN";"GOBIERNO REGIONAL";"I-1";"00011416";"PUESTO DE SALUD COLPAPAMPA";"NE_0001";"";"NE_0001";"NE_0001";"NE_0001";"NE_0001";"NE_0001";"NE_0001";"NE_0001"
"2023";"09";"051101";"AYACUCHO";"VILCAS HUAMAN";"VILCAS HUAMAN";"GOBIERNO REGIONAL";"I-1";"00003848";"PUESTO DE SALUD HUACCAÑA";"NE_0001";"";"NE_0001";"NE_0001";"NE_0001";"NE_0001";"NE_0001";"NE_0001";"NE_0001"
"2023";"09";"051101";"AYACUCHO";"VILCAS HUAMAN";"VILCAS HUAMAN";"GOBIERNO REGIONAL";"I-1";"00003850";"PUESTO DE SALUD SAN FRANCISCO DE PUJAS";"NE_0001";"";"NE_0001";"NE_0001";"NE_0001";"NE_0001";"NE_0001";"NE_0001";"NE_0001"
"2023";"09";"051102";"AYACUCHO";"VILCAS HUAMAN";"ACCOMARCA";"GOBIERNO REGIONAL";"I-1";"00003843";"PUESTO DE SALUD PONGOCOCHA";"NE_0001";"";"NE_0001";"NE_0001";"NE_0001";"NE_0001";"NE_0001";"NE_0001";"NE_0001"
"2023";"09";"051104";"AYACUCHO";"VILCAS HUAMAN";"CONCEPCION";"GOBIERNO REGIONAL";"I-1";"00003851";"PUESTO DE SALUD SAN ANTONIO ASTANYA";"NE_0001";"";"NE_0001";"NE_0001";"NE_0001";"NE_0001";"NE_0001";"NE_0001";"NE_0001"
"2023";"09";"051108";"AYACUCHO";"VILCAS HUAMAN";"VISCHONGO";"GOBIERNO REGIONAL";"I-1";"00006614";"PUESTO DE SALUD POMACOCHA";"NE_0001";"";"NE_0001";"NE_0001";"NE_0001";"NE_0001";"NE_0001";"NE_0001";"NE_0001"
"2023";"09";"051108";"AYACUCHO";"VILCAS HUAMAN";"VISCHONGO";"GOBIERNO REGIONAL";"I-1";"00027647";"PUESTO DE SALUD SAN LORENZO DE ÑUÑUNHUAYCCO";"NE_0001";"";"NE_0001";"NE_0001";"NE_0001";"NE_0001";"NE_0001";"NE_0001";"NE_0001"
"2023";"09";"051102";"AYACUCHO";"VILCAS HUAMAN";"ACCOMARCA";"GOBIERNO REGIONAL";"I-2";"00003841";"PUESTO DE SALUD ACCOMARCA";"NE_0001";"";"NE_0001";"NE_0001";"NE_0001";"NE_0001";"NE_0001";"NE_0001";"NE_0001"
"2023";"09";"051102";"AYACUCHO";"VILCAS HUAMAN";"ACCOMARCA";"GOBIERNO REGIONAL";"I-1";"00003842";"PUESTO DE SALUD HUARCAS";"NE_0001";"";"NE_0001";"NE_0001";"NE_0001";"NE_0001";"NE_0001";"NE_0001";"NE_0001"
"2023";"09";"051101";"AYACUCHO";"VILCAS HUAMAN";"VILCAS HUAMAN";"GOBIERNO REGIONAL";"I-4";"00003847";"CENTRO DE SALUD VILCASHUAMAN";"NE_0001";"";"NE_0001";"NE_0001";"NE_0001";"NE_0001";"NE_0001";"NE_0001";"NE_0001"
"2023";"09";"051106";"AYACUCHO";"VILCAS HUAMAN";"INDEPENDENCIA";"GOBIERNO REGIONAL";"I-2";"00003844";"PUESTO DE SALUD PACCHAHUALLHUA";"NE_0001";"";"NE_0001";"NE_0001";"NE_0001";"NE_0001";"NE_0001";"NE_0001";"NE_0001"
"2023";"09";"051101";"AYACUCHO";"VILCAS HUAMAN";"VILCAS HUAMAN";"GOBIERNO REGIONAL";"I-1";"00003849";"POMATAMBO";"NE_0001";"";"NE_0001";"NE_0001";"NE_0001";"NE_0001";"NE_0001";"NE_0001";"NE_0001"
"2023";"09";"051104";"AYACUCHO";"VILCAS HUAMAN";"CONCEPCION";"GOBIERNO REGIONAL";"I-2";"00003852";"PUESTO DE SALUD CONCEPCION";"NE_0001";"";"NE_0001";"NE_0001";"NE_0001";"NE_0001";"NE_0001";"NE_0001";"NE_0001"
"2023";"09";"051105";"AYACUCHO";"VILCAS HUAMAN";"HUAMBALPA";"GOBIERNO REGIONAL";"I-2";"00006605";"PUESTO DE SALUD HUAMBALPA";"NE_0001";"";"NE_0001";"NE_0001";"NE_0001";"NE_0001";"NE_0001";"NE_0001";"NE_0001"
"2023";"09";"051108";"AYACUCHO";"VILCAS HUAMAN";"VISCHONGO";"GOBIERNO REGIONAL";"I-1";"00006611";"PUESTO DE SALUD DE CHIRIBAMBA";"NE_0001";"";"NE_0001";"NE_0001";"NE_0001";"NE_0001";"NE_0001";"NE_0001";"NE_0001"
"2023";"09";"150122";"LIMA";"LIMA";"MIRAFLORES";"PRIVADO";"II-2";"00008746";"CLINICA GOOD HOPE";"240000";"HOSPITALIZACIÓN";"659";"749";"2561";"2297";"138";"4140";"6"
"2023";"09";"150106";"LIMA";"LIMA";"CARABAYLLO";"SANIDAD DE LA POLICIA NACIONAL DEL PERU";"I-3";"00012664";"POLICLÌNICO  DE LA  POLICÍA  NACIONAL DEL PERÙ CARABAYLLO - DEFENSORES DE LA DEMOCRACIA ";"NE_0001";"";"NE_0001";"NE_0001";"NE_0001";"NE_0001";"NE_0001";"NE_0001";"NE_0001"
"2023";"09";"150125";"LIMA";"LIMA";"PUENTE PIEDRA";"SANIDAD DE LA POLICIA NACIONAL DEL PERU";"I-2";"00012923";"POSTA MEDICA POLICIAL ETS  ESCUELA PUENTE PIEDRA";"NE_0002";"";"NE_0002";"NE_0002";"NE_0002";"NE_0002";"NE_0002";"NE_0002";"NE_0002"
"2023";"09";"150101";"LIMA";"LIMA";"LIMA";"SANIDAD DE LA POLICIA NACIONAL DEL PERU";"I-3";"00017391";"POLICLINICO COIP";"NE_0001";"";"NE_0001";"NE_0001";"NE_0001";"NE_0001";"NE_0001";"NE_0001";"NE_0001"
"2023";"09";"210701";"PUNO";"LAMPA";"LAMPA";"GOBIERNO REGIONAL";"I-4";"00003128";"ANTONIO BARRIONUEVO (LAMPA)";"240100";"HOSPITALIZACIÓN QUIRÚRGICA CIRUGÍA GENERAL ";"5";"5";"25";"1";"1";"31";"0"
"2023";"09";"210701";"PUNO";"LAMPA";"LAMPA";"GOBIERNO REGIONAL";"I-4";"00003128";"ANTONIO BARRIONUEVO (LAMPA)";"241400";"HOSPITALIZACIÓN QUIRÚRGICA GINECO - OBSTETRICIA ";"7";"7";"18";"1";"1";"31";"0"
"2023";"09";"210701";"PUNO";"LAMPA";"LAMPA";"GOBIERNO REGIONAL";"I-4";"00003128";"ANTONIO BARRIONUEVO (LAMPA)";"241500";"HOSPITALIZACIÓN QUIRÚRGICA GINECOLOGÍA  ";"5";"5";"17";"1";"1";"30";"0"
"2023";"09";"210701";"PUNO";"LAMPA";"LAMPA";"GOBIERNO REGIONAL";"I-4";"00003128";"ANTONIO BARRIONUEVO (LAMPA)";"241600";"HOSPITALIZACIÓN QUIRÚRGICA OBSTETRICIA   ";"18";"18";"32";"1";"1";"93";"0"
"2023";"09";"210701";"PUNO";"LAMPA";"LAMPA";"GOBIERNO REGIONAL";"I-4";"00003128";"ANTONIO BARRIONUEVO (LAMPA)";"241800";"HOSPITALIZACIÓN DE MEDICINA MEDICINA GENERAL ";"6";"6";"29";"1";"1";"93";"0"
"2023";"09";"210701";"PUNO";"LAMPA";"LAMPA";"GOBIERNO REGIONAL";"I-4";"00003128";"ANTONIO BARRIONUEVO (LAMPA)";"242500";"HOSPITALIZACIÓN-PEDIATRÍA GENERAL-";"1";"1";"3";"1";"1";"30";"0"
"2023";"09";"170101";"MADRE DE DIOS";"TAMBOPATA";"TAMBOPATA";"SANIDAD DE LA POLICIA NACIONAL DEL PERU";"I-2";"00009320";"POSTA MEDICA DE LA PNP";"NE_0001";"";"NE_0001";"NE_0001";"NE_0001";"NE_0001";"NE_0001";"NE_0001";"NE_0001"
"2023";"09";"040504";"AREQUIPA";"CAYLLOMA";"CALLALLI";"GOBIERNO REGIONAL";"I-2";"00001437";"PUESTO DE SALUD CHALHUANCA";"NE_0001";"";"NE_0001";"NE_0001";"NE_0001";"NE_0001";"NE_0001";"NE_0001";"NE_0001"
"2023";"09";"040517";"AREQUIPA";"CAYLLOMA";"TISCO";"GOBIERNO REGIONAL";"I-2";"00006891";"PUESTO DE SALUD TARUCAMARCA";"NE_0001";"";"NE_0001";"NE_0001";"NE_0001";"NE_0001";"NE_0001";"NE_0001";"NE_0001"
"2023";"09";"040515";"AREQUIPA";"CAYLLOMA";"SIBAYO";"GOBIERNO REGIONAL";"I-2";"00001435";"PUESTO DE SALUD SANTA ROSA DE SIBAYO";"NE_0001";"";"NE_0001";"NE_0001";"NE_0001";"NE_0001";"NE_0001";"NE_0001";"NE_0001"
"2023";"09";"040518";"AREQUIPA";"CAYLLOMA";"TUTI";"GOBIERNO REGIONAL";"I-2";"00001436";"PUESTO DE SALUD TUTI";"NE_0001";"";"NE_0001";"NE_0001";"NE_0001";"NE_0001";"NE_0001";"NE_0001";"NE_0001"
"2023";"09";"040517";"AREQUIPA";"CAYLLOMA";"TISCO";"GOBIERNO REGIONAL";"I-2";"00001438";"PUESTO DE SALUD TISCO";"NE_0001";"";"NE_0001";"NE_0001";"NE_0001";"NE_0001";"NE_0001";"NE_0001";"NE_0001"
"2023";"09";"040517";"AREQUIPA";"CAYLLOMA";"TISCO";"GOBIERNO REGIONAL";"I-2";"00001431";"PUESTO DE SALUD COTACOTA";"NE_0001";"";"NE_0001";"NE_0001";"NE_0001";"NE_0001";"NE_0001";"NE_0001";"NE_0001"
"2023";"09";"040504";"AREQUIPA";"CAYLLOMA";"CALLALLI";"GOBIERNO REGIONAL";"I-3";"00001421";"CENTRO DE SALUD CALLALLI";"NE_0001";"";"NE_0001";"NE_0001";"NE_0001";"NE_0001";"NE_0001";"NE_0001";"NE_0001"
"2023";"09";"070101";"CALLAO";"CALLAO";"CALLAO";"PRIVADO";"I-2";"00018306";"CENTRO DE ATENCIÓN PRIMARIA ALBERTO LEONARDO BARTON THOMPSON";"NE_0001";"";"NE_0001";"NE_0001";"NE_0001";"NE_0001";"NE_0001";"NE_0001";"NE_0001"
"2023";"09";"060802";"CAJAMARCA";"JAEN";"BELLAVISTA";"GOBIERNO REGIONAL";"I-3";"00004225";"AMBATO TAMBORAPA";"NE_0001";"";"NE_0001";"NE_0001";"NE_0001";"NE_0001";"NE_0001";"NE_0001";"NE_0001"
"2023";"09";"210402";"PUNO";"CHUCUITO";"DESAGUADERO";"ESSALUD";"I-3";"00009221";"CENTRO DE ATENCION PRIMARIA I DESAGUADERO";"NE_0001";"";"NE_0001";"NE_0001";"NE_0001";"NE_0001";"NE_0001";"NE_0001";"NE_0001"
"2023";"09";"210102";"PUNO";"PUNO";"ACORA";"ESSALUD";"I-3";"00009220";"CENTRO DE ATENCIÓN PRIMARIA II ACORA - RED ASISTENCIAL PUNO";"NE_0001";"";"NE_0001";"NE_0001";"NE_0001";"NE_0001";"NE_0001";"NE_0001";"NE_0001"
"2023";"09";"250101";"UCAYALI";"CORONEL PORTILLO";"CALLERIA";"SANIDAD DE LA POLICIA NACIONAL DEL PERU";"I-3";"00010148";"POLICLINICO POLICIAL PUCALLPA";"NE_0001";"";"NE_0001";"NE_0001";"NE_0001";"NE_0001";"NE_0001";"NE_0001";"NE_0001"
"2023";"09";"210501";"PUNO";"EL COLLAO";"ILAVE";"ESSALUD";"I-3";"00009218";"POLICLINICO ILAVE -  RED ASISTENCIAL PUNO";"NE_0001";"";"NE_0001";"NE_0001";"NE_0001";"NE_0001";"NE_0001";"NE_0001";"NE_0001"
"2023";"09";"200701";"PIURA";"TALARA";"PARIÑAS";"PRIVADO";"I-3";"00012085";"CENTRO MEDICO SAN PABLO-TALARA EIRL";"NE_0001";"";"NE_0001";"NE_0001";"NE_0001";"NE_0001";"NE_0001";"NE_0001";"NE_0001"
"2023";"09";"140101";"LAMBAYEQUE";"CHICLAYO";"CHICLAYO";"PRIVADO";"I-3";"00008229";"SERVIMEDICOS S.A.C.";"NE_0001";"";"NE_0001";"NE_0001";"NE_0001";"NE_0001";"NE_0001";"NE_0001";"NE_0001"
"2023";"09";"200501";"PIURA";"PAITA";"PAITA";"ESSALUD";"I-4";"00011763";"HOSPITAL I MIGUEL CRUZADO VERA - PAITA";"241800";"HOSPITALIZACIÓN DE MEDICINA MEDICINA GENERAL ";"48";"51";"276";"242";"8";"240";"4"
"2023";"09";"200501";"PIURA";"PAITA";"PAITA";"ESSALUD";"I-4";"00011763";"HOSPITAL I MIGUEL CRUZADO VERA - PAITA";"241500";"HOSPITALIZACIÓN QUIRÚRGICA GINECOLOGÍA  ";"3";"6";"17";"27";"1";"30";"0"
"2023";"09";"200501";"PIURA";"PAITA";"PAITA";"ESSALUD";"I-4";"00011763";"HOSPITAL I MIGUEL CRUZADO VERA - PAITA";"241400";"HOSPITALIZACIÓN QUIRÚRGICA GINECO - OBSTETRICIA ";"17";"17";"33";"39";"2";"60";"0"
"2023";"09";"200501";"PIURA";"PAITA";"PAITA";"ESSALUD";"I-4";"00011763";"HOSPITAL I MIGUEL CRUZADO VERA - PAITA";"242300";"HOSPITALIZACIÓN DE PEDIATRÍA  PEDIATRÍA  GENERAL ";"28";"30";"55";"60";"2";"60";"0"
"2023";"09";"140101";"LAMBAYEQUE";"CHICLAYO";"CHICLAYO";"PRIVADO";"II-E";"00030057";"CLINICAS AUNAS SEDE CHICLAYO";"240000";"HOSPITALIZACIÓN";"199";"178";"663";"823";"41";"1230";"1"
"2023";"09";"140101";"LAMBAYEQUE";"CHICLAYO";"CHICLAYO";"PRIVADO";"II-E";"00030057";"CLINICAS AUNAS SEDE CHICLAYO";"250100";"UNIDAD DE CUIDADOS CRITICOS UNIDAD  DE CUIDADOS INTENSIVOS GENERALES (UCI) ";"6";"2";"14";"46";"6";"180";"1"
"2023";"09";"021801";"ANCASH";"SANTA";"CHIMBOTE";"PRIVADO";"II-1";"00017075";"CLINICA BELEN";"NE_0002";"";"NE_0002";"NE_0002";"NE_0002";"NE_0002";"NE_0002";"NE_0002";"NE_0002"
"2023";"09";"150114";"LIMA";"LIMA";"LA MOLINA";"PRIVADO";"II-E";"00022113";"CLINICA SANTA JULIA  S.A.C.";"NE_0001";"";"NE_0001";"NE_0001";"NE_0001";"NE_0001";"NE_0001";"NE_0001";"NE_0001"
"2023";"09";"060807";"CAJAMARCA";"JAEN";"POMAHUACA";"GOBIERNO REGIONAL";"I-1";"00016134";"COLAGUAY";"NE_0001";"";"NE_0001";"NE_0001";"NE_0001";"NE_0001";"NE_0001";"NE_0001";"NE_0001"
"2023";"09";"220901";"SAN MARTIN";"SAN MARTIN";"TARAPOTO";"ESSALUD";"II-1";"00027733";"HOSPITAL II TARAPOTO";"241800";"HOSPITALIZACIÓN DE MEDICINA MEDICINA GENERAL ";"89";"85";"638";"618";"21";"630";"4"
"2023";"09";"220901";"SAN MARTIN";"SAN MARTIN";"TARAPOTO";"ESSALUD";"II-1";"00027733";"HOSPITAL II TARAPOTO";"250304";"HOSPIT. EN UNIDAD DE CUID.INTEN.-UNIDAD DE VIGILANCIA INTENSIVA (UVI)-MEDICINA";"14";"11";"206";"98";"8";"240";"7"
"2023";"09";"220901";"SAN MARTIN";"SAN MARTIN";"TARAPOTO";"ESSALUD";"II-1";"00027733";"HOSPITAL II TARAPOTO";"240100";"HOSPITALIZACIÓN QUIRÚRGICA CIRUGÍA GENERAL ";"147";"145";"649";"534";"19";"570";"0"
"2023";"09";"220901";"SAN MARTIN";"SAN MARTIN";"TARAPOTO";"ESSALUD";"II-1";"00027733";"HOSPITAL II TARAPOTO";"241400";"HOSPITALIZACIÓN QUIRÚRGICA GINECO - OBSTETRICIA ";"148";"148";"337";"337";"16";"480";"0"
"2023";"09";"220901";"SAN MARTIN";"SAN MARTIN";"TARAPOTO";"ESSALUD";"II-1";"00027733";"HOSPITAL II TARAPOTO";"242300";"HOSPITALIZACIÓN DE PEDIATRÍA  PEDIATRÍA  GENERAL ";"97";"97";"499";"361";"14";"420";"0"
"2023";"09";"150132";"LIMA";"LIMA";"SAN JUAN DE LURIGANCHO";"MINSA";"II-2";"00005617";"HOSPITAL SAN JUAN DE LURIGANCHO";"240100";"HOSPITALIZACIÓN QUIRÚRGICA CIRUGÍA GENERAL ";"302";"209";"660";"671";"24";"720";"1"
"2023";"09";"150132";"LIMA";"LIMA";"SAN JUAN DE LURIGANCHO";"MINSA";"II-2";"00005617";"HOSPITAL SAN JUAN DE LURIGANCHO";"241500";"HOSPITALIZACIÓN QUIRÚRGICA GINECOLOGÍA  ";"105";"69";"212";"224";"8";"240";"0"
"2023";"09";"150132";"LIMA";"LIMA";"SAN JUAN DE LURIGANCHO";"MINSA";"II-2";"00005617";"HOSPITAL SAN JUAN DE LURIGANCHO";"241600";"HOSPITALIZACIÓN QUIRÚRGICA OBSTETRICIA   ";"316";"313";"610";"628";"24";"1260";"0"
"2023";"09";"150132";"LIMA";"LIMA";"SAN JUAN DE LURIGANCHO";"MINSA";"II-2";"00005617";"HOSPITAL SAN JUAN DE LURIGANCHO";"241800";"HOSPITALIZACIÓN DE MEDICINA MEDICINA GENERAL ";"71";"67";"526";"686";"24";"720";"4"
"2023";"09";"150132";"LIMA";"LIMA";"SAN JUAN DE LURIGANCHO";"MINSA";"II-2";"00005617";"HOSPITAL SAN JUAN DE LURIGANCHO";"242300";"HOSPITALIZACIÓN DE PEDIATRÍA  PEDIATRÍA  GENERAL ";"90";"86";"338";"367";"18";"540";"0"
"2023";"09";"150132";"LIMA";"LIMA";"SAN JUAN DE LURIGANCHO";"MINSA";"II-2";"00005617";"HOSPITAL SAN JUAN DE LURIGANCHO";"243200";"HOSPITALIZACIÓN DE PEDIATRÍA PEDIATRIA NEONATOLOGÍA";"7";"15";"56";"62";"3";"90";"0"
"2023";"03";"080108";"CUSCO";"CUSCO";"WANCHAQ";"ESSALUD";"III-1";"00010041";"ADOLFO GUEVARA VELASCO";"250105";"UNIDAD DE CUIDADOS CRITICOS UNIDAD  DE CUIDADOS INTENSIVOS  (UCI) NEONATOLOGÍA";"7";"19";"225";"243";"10";"310";"0"
"2023";"03";"080108";"CUSCO";"CUSCO";"WANCHAQ";"ESSALUD";"III-1";"00010041";"ADOLFO GUEVARA VELASCO";"250105";"UNIDAD DE CUIDADOS CRITICOS UNIDAD  DE CUIDADOS INTENSIVOS  (UCI) NEONATOLOGÍA";"13";"14";"302";"217";"10";"310";"0"
"2023";"03";"080108";"CUSCO";"CUSCO";"WANCHAQ";"ESSALUD";"III-1";"00010041";"ADOLFO GUEVARA VELASCO";"250105";"UNIDAD DE CUIDADOS CRITICOS UNIDAD  DE CUIDADOS INTENSIVOS  (UCI) NEONATOLOGÍA";"1";"31";"217";"239";"8";"248";"0"
"2023";"03";"080108";"CUSCO";"CUSCO";"WANCHAQ";"ESSALUD";"III-1";"00010041";"ADOLFO GUEVARA VELASCO";"241900";"HOSPITALIZACIÓN DE MEDICINA MEDICINA INTERNA ";"12";"11";"67";"68";"3";"93";"1"
"2023";"03";"080108";"CUSCO";"CUSCO";"WANCHAQ";"ESSALUD";"III-1";"00010041";"ADOLFO GUEVARA VELASCO";"250105";"UNIDAD DE CUIDADOS CRITICOS UNIDAD  DE CUIDADOS INTENSIVOS  (UCI) NEONATOLOGÍA";"14";"4";"85";"159";"10";"310";"3"
"2023";"03";"080108";"CUSCO";"CUSCO";"WANCHAQ";"ESSALUD";"III-1";"00010041";"ADOLFO GUEVARA VELASCO";"241900";"HOSPITALIZACIÓN DE MEDICINA MEDICINA INTERNA ";"51";"44";"367";"341";"11";"341";"2"
"2023";"03";"080108";"CUSCO";"CUSCO";"WANCHAQ";"ESSALUD";"III-1";"00010041";"ADOLFO GUEVARA VELASCO";"241900";"HOSPITALIZACIÓN DE MEDICINA MEDICINA INTERNA ";"16";"13";"176";"221";"8";"248";"0"
"2023";"03";"080108";"CUSCO";"CUSCO";"WANCHAQ";"ESSALUD";"III-1";"00010041";"ADOLFO GUEVARA VELASCO";"241900";"HOSPITALIZACIÓN DE MEDICINA MEDICINA INTERNA ";"7";"29";"507";"454";"15";"465";"0"
"2023";"03";"080108";"CUSCO";"CUSCO";"WANCHAQ";"ESSALUD";"III-1";"00010041";"ADOLFO GUEVARA VELASCO";"241900";"HOSPITALIZACIÓN DE MEDICINA MEDICINA INTERNA ";"0";"4";"62";"78";"3";"93";"0"
"2023";"03";"080108";"CUSCO";"CUSCO";"WANCHAQ";"ESSALUD";"III-1";"00010041";"ADOLFO GUEVARA VELASCO";"241900";"HOSPITALIZACIÓN DE MEDICINA MEDICINA INTERNA ";"0";"1";"5";"5";"1";"31";"0"
"2023";"03";"080108";"CUSCO";"CUSCO";"WANCHAQ";"ESSALUD";"III-1";"00010041";"ADOLFO GUEVARA VELASCO";"241900";"HOSPITALIZACIÓN DE MEDICINA MEDICINA INTERNA ";"6";"7";"79";"50";"2";"62";"0"
"2023";"03";"080108";"CUSCO";"CUSCO";"WANCHAQ";"ESSALUD";"III-1";"00010041";"ADOLFO GUEVARA VELASCO";"241900";"HOSPITALIZACIÓN DE MEDICINA MEDICINA INTERNA ";"109";"86";"995";"1276";"42";"1302";"8"
"2023";"03";"080108";"CUSCO";"CUSCO";"WANCHAQ";"ESSALUD";"III-1";"00010041";"ADOLFO GUEVARA VELASCO";"241900";"HOSPITALIZACIÓN DE MEDICINA MEDICINA INTERNA ";"39";"37";"347";"336";"11";"341";"0"
"2023";"03";"080108";"CUSCO";"CUSCO";"WANCHAQ";"ESSALUD";"III-1";"00010041";"ADOLFO GUEVARA VELASCO";"241900";"HOSPITALIZACIÓN DE MEDICINA MEDICINA INTERNA ";"30";"23";"160";"191";"7";"217";"0"
"2023";"03";"080108";"CUSCO";"CUSCO";"WANCHAQ";"ESSALUD";"III-1";"00010041";"ADOLFO GUEVARA VELASCO";"242100";"HOSPITALIZACIÓN DE MEDICINA ONCOLOGÍA MÉDICA ";"103";"109";"612";"604";"20";"620";"9"
"2023";"03";"080108";"CUSCO";"CUSCO";"WANCHAQ";"ESSALUD";"III-1";"00010041";"ADOLFO GUEVARA VELASCO";"240200";"HOSPITALIZACIÓN QUIRÚRGICA CIRUGÍA DE CABEZA Y CUELLO / MÁXILO FACIAL ";"18";"25";"248";"236";"8";"248";"0"
"2023";"03";"080108";"CUSCO";"CUSCO";"WANCHAQ";"ESSALUD";"III-1";"00010041";"ADOLFO GUEVARA VELASCO";"240400";"HOSPITALIZACIÓN QUIRÚRGICA CIRUGÍA DE TÓRAX Y CARDIOVASCULAR ";"16";"15";"121";"110";"4";"124";"0"
"2023";"03";"080108";"CUSCO";"CUSCO";"WANCHAQ";"ESSALUD";"III-1";"00010041";"ADOLFO GUEVARA VELASCO";"241000";"HOSPITALIZACIÓN QUIRÚRGICA ONCOLOGÍA QUIRÚRGICA  ";"37";"50";"225";"199";"7";"217";"0"
"2023";"03";"080108";"CUSCO";"CUSCO";"WANCHAQ";"ESSALUD";"III-1";"00010041";"ADOLFO GUEVARA VELASCO";"240100";"HOSPITALIZACIÓN QUIRÚRGICA CIRUGÍA GENERAL ";"1";"1";"2";"5";"1";"31";"0"
"2023";"03";"080108";"CUSCO";"CUSCO";"WANCHAQ";"ESSALUD";"III-1";"00010041";"ADOLFO GUEVARA VELASCO";"240100";"HOSPITALIZACIÓN QUIRÚRGICA CIRUGÍA GENERAL ";"222";"222";"632";"690";"24";"744";"1"
"2023";"03";"080108";"CUSCO";"CUSCO";"WANCHAQ";"ESSALUD";"III-1";"00010041";"ADOLFO GUEVARA VELASCO";"240800";"HOSPITALIZACIÓN QUIRÚRGICA CIRUGÍA PLÁSTICA/RECONSTRUCTIVA/ REPARADORA ";"0";"1";"2";"16";"1";"31";"0"
"2023";"03";"080108";"CUSCO";"CUSCO";"WANCHAQ";"ESSALUD";"III-1";"00010041";"ADOLFO GUEVARA VELASCO";"240900";"HOSPITALIZACIÓN QUIRÚRGICA NEUROCIRUGÍA ";"29";"33";"289";"295";"10";"310";"0"
"2023";"03";"080108";"CUSCO";"CUSCO";"WANCHAQ";"ESSALUD";"III-1";"00010041";"ADOLFO GUEVARA VELASCO";"241200";"HOSPITALIZACIÓN QUIRÚRGICA TRAUMATOLOGÍA Y ORTOPEDIA ";"103";"102";"826";"864";"28";"868";"1"
"2023";"03";"080108";"CUSCO";"CUSCO";"WANCHAQ";"ESSALUD";"III-1";"00010041";"ADOLFO GUEVARA VELASCO";"241100";"HOSPITALIZACIÓN QUIRÚRGICA OTORRINOLARINGOLOGÍA  ";"47";"55";"227";"212";"7";"217";"0"
"2023";"03";"080108";"CUSCO";"CUSCO";"WANCHAQ";"ESSALUD";"III-1";"00010041";"ADOLFO GUEVARA VELASCO";"241300";"HOSPITALIZACIÓN QUIRÚRGICA UROLOGÍA  ";"57";"60";"397";"431";"14";"434";"0"
"2023";"03";"080108";"CUSCO";"CUSCO";"WANCHAQ";"ESSALUD";"III-1";"00010041";"ADOLFO GUEVARA VELASCO";"241500";"HOSPITALIZACIÓN QUIRÚRGICA GINECOLOGÍA  ";"1";"1";"3";"40";"2";"62";"0"
"2023";"03";"080108";"CUSCO";"CUSCO";"WANCHAQ";"ESSALUD";"III-1";"00010041";"ADOLFO GUEVARA VELASCO";"241500";"HOSPITALIZACIÓN QUIRÚRGICA GINECOLOGÍA  ";"126";"117";"324";"295";"14";"434";"0"
"2023";"03";"080108";"CUSCO";"CUSCO";"WANCHAQ";"ESSALUD";"III-1";"00010041";"ADOLFO GUEVARA VELASCO";"241600";"HOSPITALIZACIÓN QUIRÚRGICA OBSTETRICIA   ";"294";"289";"699";"725";"30";"930";"0"
"2023";"03";"080108";"CUSCO";"CUSCO";"WANCHAQ";"ESSALUD";"III-1";"00010041";"ADOLFO GUEVARA VELASCO";"242300";"HOSPITALIZACIÓN DE PEDIATRÍA  PEDIATRÍA  GENERAL ";"58";"44";"374";"282";"11";"341";"0"
"2023";"03";"080108";"CUSCO";"CUSCO";"WANCHAQ";"ESSALUD";"III-1";"00010041";"ADOLFO GUEVARA VELASCO";"240700";"HOSPITALIZACIÓN QUIRÚRGICA CIRUGÍA PEDIÁTRICA ";"19";"20";"167";"138";"10";"310";"0"
"2023";"03";"080108";"CUSCO";"CUSCO";"WANCHAQ";"ESSALUD";"III-1";"00010041";"ADOLFO GUEVARA VELASCO";"250100";"UNIDAD DE CUIDADOS CRITICOS UNIDAD  DE CUIDADOS INTENSIVOS GENERALES (UCI) ";"21";"6";"167";"167";"12";"372";"7"
"2023";"03";"080108";"CUSCO";"CUSCO";"WANCHAQ";"ESSALUD";"III-1";"00010041";"ADOLFO GUEVARA VELASCO";"250108";"UNIDAD DE CUIDADOS CRITICOS UNIDAD  DE CUIDADOS INTENSIVOS  (UCI) PEDIÁTRICA";"6";"1";"1";"21";"3";"93";"0"
"2023";"03";"080108";"CUSCO";"CUSCO";"WANCHAQ";"ESSALUD";"III-1";"00010041";"ADOLFO GUEVARA VELASCO";"250200";"UNIDAD DE CUIDADOS CRITICOS UNIDAD DE CUIDADOS INTERMEDIOS GENERAL  (UCIN) ";"4";"1";"1";"206";"8";"248";"0"
"2023";"03";"060602";"CAJAMARCA";"CUTERVO";"CALLAYUC";"GOBIERNO REGIONAL";"I-1";"00006944";"VILUCO";"NE_0001";"";"NE_0001";"NE_0001";"NE_0001";"NE_0001";"NE_0001";"NE_0001";"NE_0001"
"2023";"03";"060602";"CAJAMARCA";"CUTERVO";"CALLAYUC";"GOBIERNO REGIONAL";"I-1";"00007368";"CUCHEA";"NE_0001";"";"NE_0001";"NE_0001";"NE_0001";"NE_0001";"NE_0001";"NE_0001";"NE_0001"
"2023";"03";"060602";"CAJAMARCA";"CUTERVO";"CALLAYUC";"GOBIERNO REGIONAL";"I-1";"00007100";"SAN JUAN DE CHORILLOS";"NE_0001";"";"NE_0001";"NE_0001";"NE_0001";"NE_0001";"NE_0001";"NE_0001";"NE_0001"
"2023";"03";"080101";"CUSCO";"CUSCO";"CUSCO";"PRIVADO";"II-E";"00016758";"HERMANA JOSEFINA SERRANO";"240000";"HOSPITALIZACIÓN";"23";"19";"66";"18";"44";"1364";"0"
"2023";"03";"021101";"ANCASH";"HUARMEY";"HUARMEY";"ESSALUD";"I-3";"00009059";"CENTRO MEDICO HUARMEY";"NE_0001";"";"NE_0001";"NE_0001";"NE_0001";"NE_0001";"NE_0001";"NE_0001";"NE_0001"
"2023";"04";"150113";"LIMA";"LIMA";"JESUS MARIA";"ESSALUD";"III-2";"00008720";"HOSPITAL NACIONAL EDGARDO REBAGLIATI MARTINS";"240000";"HOSPITALIZACIÓN";"632";"648";"8222";"8996";"311";"9330";"18"
"2023";"04";"150113";"LIMA";"LIMA";"JESUS MARIA";"ESSALUD";"III-2";"00008720";"HOSPITAL NACIONAL EDGARDO REBAGLIATI MARTINS";"240100";"HOSPITALIZACIÓN QUIRÚRGICA CIRUGÍA GENERAL ";"248";"295";"3988";"3507";"120";"3600";"3"
"2023";"04";"150113";"LIMA";"LIMA";"JESUS MARIA";"ESSALUD";"III-2";"00008720";"HOSPITAL NACIONAL EDGARDO REBAGLIATI MARTINS";"240200";"HOSPITALIZACIÓN QUIRÚRGICA CIRUGÍA DE CABEZA Y CUELLO / MÁXILO FACIAL ";"43";"49";"420";"412";"14";"420";"1"
"2023";"04";"150113";"LIMA";"LIMA";"JESUS MARIA";"ESSALUD";"III-2";"00008720";"HOSPITAL NACIONAL EDGARDO REBAGLIATI MARTINS";"240400";"HOSPITALIZACIÓN QUIRÚRGICA CIRUGÍA DE TÓRAX Y CARDIOVASCULAR ";"29";"30";"528";"838";"30";"900";"0"
"2023";"04";"150113";"LIMA";"LIMA";"JESUS MARIA";"ESSALUD";"III-2";"00008720";"HOSPITAL NACIONAL EDGARDO REBAGLIATI MARTINS";"240600";"HOSPITALIZACIÓN QUIRÚRGICA CIRUGÍA OFTALMOLÓGICA ";"16";"17";"108";"117";"4";"120";"0"
"2023";"04";"150113";"LIMA";"LIMA";"JESUS MARIA";"ESSALUD";"III-2";"00008720";"HOSPITAL NACIONAL EDGARDO REBAGLIATI MARTINS";"240700";"HOSPITALIZACIÓN QUIRÚRGICA CIRUGÍA PEDIÁTRICA ";"108";"120";"875";"737";"39";"1170";"0"
"2023";"04";"150113";"LIMA";"LIMA";"JESUS MARIA";"ESSALUD";"III-2";"00008720";"HOSPITAL NACIONAL EDGARDO REBAGLIATI MARTINS";"240800";"HOSPITALIZACIÓN QUIRÚRGICA CIRUGÍA PLÁSTICA/RECONSTRUCTIVA/ REPARADORA ";"18";"28";"605";"455";"16";"480";"0"
"2023";"04";"150113";"LIMA";"LIMA";"JESUS MARIA";"ESSALUD";"III-2";"00008720";"HOSPITAL NACIONAL EDGARDO REBAGLIATI MARTINS";"240900";"HOSPITALIZACIÓN QUIRÚRGICA NEUROCIRUGÍA ";"126";"100";"1079";"1559";"57";"1710";"8"
"2023";"04";"150113";"LIMA";"LIMA";"JESUS MARIA";"ESSALUD";"III-2";"00008720";"HOSPITAL NACIONAL EDGARDO REBAGLIATI MARTINS";"241100";"HOSPITALIZACIÓN QUIRÚRGICA OTORRINOLARINGOLOGÍA  ";"42";"36";"303";"356";"12";"360";"0"
"2023";"04";"150113";"LIMA";"LIMA";"JESUS MARIA";"ESSALUD";"III-2";"00008720";"HOSPITAL NACIONAL EDGARDO REBAGLIATI MARTINS";"241200";"HOSPITALIZACIÓN QUIRÚRGICA TRAUMATOLOGÍA Y ORTOPEDIA ";"274";"267";"3554";"3396";"118";"3540";"2"
"2023";"04";"150113";"LIMA";"LIMA";"JESUS MARIA";"ESSALUD";"III-2";"00008720";"HOSPITAL NACIONAL EDGARDO REBAGLIATI MARTINS";"241300";"HOSPITALIZACIÓN QUIRÚRGICA UROLOGÍA  ";"154";"156";"1531";"1427";"48";"1440";"0"
"2023";"04";"150113";"LIMA";"LIMA";"JESUS MARIA";"ESSALUD";"III-2";"00008720";"HOSPITAL NACIONAL EDGARDO REBAGLIATI MARTINS";"241500";"HOSPITALIZACIÓN QUIRÚRGICA GINECOLOGÍA  ";"107";"106";"710";"696";"24";"720";"0"
"2023";"04";"150113";"LIMA";"LIMA";"JESUS MARIA";"ESSALUD";"III-2";"00008720";"HOSPITAL NACIONAL EDGARDO REBAGLIATI MARTINS";"241600";"HOSPITALIZACIÓN QUIRÚRGICA OBSTETRICIA   ";"329";"461";"2601";"2669";"109";"3270";"0"
"2023";"04";"150113";"LIMA";"LIMA";"JESUS MARIA";"ESSALUD";"III-2";"00008720";"HOSPITAL NACIONAL EDGARDO REBAGLIATI MARTINS";"241700";"HOSPITALIZACIÓN QUIRÚRGICA GINECOLOGÍA   GINECOLOGIA ONCOLOGiCA";"98";"99";"694";"714";"24";"720";"0"
"2023";"04";"150113";"LIMA";"LIMA";"JESUS MARIA";"ESSALUD";"III-2";"00008720";"HOSPITAL NACIONAL EDGARDO REBAGLIATI MARTINS";"241900";"HOSPITALIZACIÓN DE MEDICINA MEDICINA INTERNA ";"530";"500";"8682";"7736";"268";"8040";"88"
"2023";"04";"150113";"LIMA";"LIMA";"JESUS MARIA";"ESSALUD";"III-2";"00008720";"HOSPITAL NACIONAL EDGARDO REBAGLIATI MARTINS";"242100";"HOSPITALIZACIÓN DE MEDICINA ONCOLOGÍA MÉDICA ";"124";"123";"1179";"988";"33";"990";"0"
"2023";"04";"150113";"LIMA";"LIMA";"JESUS MARIA";"ESSALUD";"III-2";"00008720";"HOSPITAL NACIONAL EDGARDO REBAGLIATI MARTINS";"242200";"HOSPITALIZACIÓN DE MEDICINA PSIQUIATRÍA ";"67";"77";"1575";"1546";"56";"1680";"0"
"2023";"04";"150113";"LIMA";"LIMA";"JESUS MARIA";"ESSALUD";"III-2";"00008720";"HOSPITAL NACIONAL EDGARDO REBAGLIATI MARTINS";"242300";"HOSPITALIZACIÓN DE PEDIATRÍA  PEDIATRÍA  GENERAL ";"69";"77";"876";"713";"24";"720";"0"
"2023";"04";"150113";"LIMA";"LIMA";"JESUS MARIA";"ESSALUD";"III-2";"00008720";"HOSPITAL NACIONAL EDGARDO REBAGLIATI MARTINS";"242500";"HOSPITALIZACIÓN-PEDIATRÍA GENERAL-";"55";"60";"1127";"1192";"41";"1230";"0"
"2023";"04";"150113";"LIMA";"LIMA";"JESUS MARIA";"ESSALUD";"III-2";"00008720";"HOSPITAL NACIONAL EDGARDO REBAGLIATI MARTINS";"243200";"HOSPITALIZACIÓN DE PEDIATRÍA PEDIATRIA NEONATOLOGÍA";"44";"6";"48";"720";"24";"720";"6"
"2023";"04";"150113";"LIMA";"LIMA";"JESUS MARIA";"ESSALUD";"III-2";"00008720";"HOSPITAL NACIONAL EDGARDO REBAGLIATI MARTINS";"243600";"HOSPITALIZACIÓN DE PEDIATRÍA PEDIATRIA ONCOLOGÍA PEDIÁTRICA";"55";"60";"579";"478";"16";"480";"1"
"2023";"04";"150113";"LIMA";"LIMA";"JESUS MARIA";"ESSALUD";"III-2";"00008720";"HOSPITAL NACIONAL EDGARDO REBAGLIATI MARTINS";"250100";"UNIDAD DE CUIDADOS CRITICOS UNIDAD  DE CUIDADOS INTENSIVOS GENERALES (UCI) ";"70";"31";"843";"1802";"61";"1830";"27"
"2023";"04";"150113";"LIMA";"LIMA";"JESUS MARIA";"ESSALUD";"III-2";"00008720";"HOSPITAL NACIONAL EDGARDO REBAGLIATI MARTINS";"250101";"UNIDAD DE CUIDADOS CRITICOS UNIDAD  DE CUIDADOS INTENSIVOS GENERALES (UCI) CARDIOLOGIA";"58";"25";"178";"450";"15";"450";"1"
"2023";"04";"150113";"LIMA";"LIMA";"JESUS MARIA";"ESSALUD";"III-2";"00008720";"HOSPITAL NACIONAL EDGARDO REBAGLIATI MARTINS";"250105";"UNIDAD DE CUIDADOS CRITICOS UNIDAD  DE CUIDADOS INTENSIVOS  (UCI) NEONATOLOGÍA";"4";"38";"959";"930";"31";"930";"1"
"2023";"04";"150113";"LIMA";"LIMA";"JESUS MARIA";"ESSALUD";"III-2";"00008720";"HOSPITAL NACIONAL EDGARDO REBAGLIATI MARTINS";"250108";"UNIDAD DE CUIDADOS CRITICOS UNIDAD  DE CUIDADOS INTENSIVOS  (UCI) PEDIÁTRICA";"26";"2";"29";"325";"13";"390";"0"
"2023";"04";"150113";"LIMA";"LIMA";"JESUS MARIA";"ESSALUD";"III-2";"00008720";"HOSPITAL NACIONAL EDGARDO REBAGLIATI MARTINS";"250200";"UNIDAD DE CUIDADOS CRITICOS UNIDAD DE CUIDADOS INTERMEDIOS GENERAL  (UCIN) ";"4";"7";"219";"720";"24";"720";"5"
"2023";"04";"120434";"JUNIN";"JAUJA";"YAUYOS";"GOBIERNO REGIONAL";"I-1";"00000378";"HUANCAS";"NE_0002";"";"NE_0002";"NE_0002";"NE_0002";"NE_0002";"NE_0002";"NE_0002";"NE_0002"
"2023";"04";"180106";"MOQUEGUA";"MARISCAL NIETO";"TORATA";"PRIVADO";"II-1";"00017393";"HOSPITAL CUAJONE DE LA SOUTHERN PERU";"240100";"HOSPITALIZACIÓN QUIRÚRGICA CIRUGÍA GENERAL ";"15";"16";"48";"62";"14";"420";"0"
"2023";"04";"180106";"MOQUEGUA";"MARISCAL NIETO";"TORATA";"PRIVADO";"II-1";"00017393";"HOSPITAL CUAJONE DE LA SOUTHERN PERU";"241400";"HOSPITALIZACIÓN QUIRÚRGICA GINECO - OBSTETRICIA ";"2";"2";"5";"7";"3";"90";"0"
"2023";"04";"180106";"MOQUEGUA";"MARISCAL NIETO";"TORATA";"PRIVADO";"II-1";"00017393";"HOSPITAL CUAJONE DE LA SOUTHERN PERU";"241800";"HOSPITALIZACIÓN DE MEDICINA MEDICINA GENERAL ";"30";"31";"79";"108";"16";"480";"0"
"2023";"04";"150130";"LIMA";"LIMA";"SAN BORJA";"PRIVADO";"II-E";"00015078";"NOVO Q";"NE_0001";"";"NE_0001";"NE_0001";"NE_0001";"NE_0001";"NE_0001";"NE_0001";"NE_0001"
"2023";"06";"210101";"PUNO";"PUNO";"PUNO";"ESSALUD";"II-2";"00009215";"HOSPITAL III BASE  (PUNO) - RED ASISTENCIAL PUNO";"240000";"HOSPITALIZACIÓN";"132";"140";"931";"885";"31";"930";"5"
"2023";"06";"210101";"PUNO";"PUNO";"PUNO";"ESSALUD";"II-2";"00009215";"HOSPITAL III BASE  (PUNO) - RED ASISTENCIAL PUNO";"241900";"HOSPITALIZACIÓN DE MEDICINA MEDICINA INTERNA ";"43";"31";"203";"257";"12";"360";"0"
"2023";"06";"210101";"PUNO";"PUNO";"PUNO";"ESSALUD";"II-2";"00009215";"HOSPITAL III BASE  (PUNO) - RED ASISTENCIAL PUNO";"240100";"HOSPITALIZACIÓN QUIRÚRGICA CIRUGÍA GENERAL ";"70";"72";"162";"197";"8";"240";"0"
"2023";"06";"210101";"PUNO";"PUNO";"PUNO";"ESSALUD";"II-2";"00009215";"HOSPITAL III BASE  (PUNO) - RED ASISTENCIAL PUNO";"241500";"HOSPITALIZACIÓN QUIRÚRGICA GINECOLOGÍA  ";"34";"37";"78";"75";"5";"150";"0"
"2023";"06";"210101";"PUNO";"PUNO";"PUNO";"ESSALUD";"II-2";"00009215";"HOSPITAL III BASE  (PUNO) - RED ASISTENCIAL PUNO";"241600";"HOSPITALIZACIÓN QUIRÚRGICA OBSTETRICIA   ";"70";"70";"178";"180";"12";"360";"0"
"2023";"06";"210101";"PUNO";"PUNO";"PUNO";"ESSALUD";"II-2";"00009215";"HOSPITAL III BASE  (PUNO) - RED ASISTENCIAL PUNO";"242300";"HOSPITALIZACIÓN DE PEDIATRÍA  PEDIATRÍA  GENERAL ";"127";"125";"402";"355";"14";"420";"1"
"2023";"06";"210101";"PUNO";"PUNO";"PUNO";"ESSALUD";"II-2";"00009215";"HOSPITAL III BASE  (PUNO) - RED ASISTENCIAL PUNO";"250100";"UNIDAD DE CUIDADOS CRITICOS UNIDAD  DE CUIDADOS INTENSIVOS GENERALES (UCI) ";"1";"2";"54";"75";"4";"120";"2"
"2023";"06";"210101";"PUNO";"PUNO";"PUNO";"ESSALUD";"II-2";"00009215";"HOSPITAL III BASE  (PUNO) - RED ASISTENCIAL PUNO";"250200";"UNIDAD DE CUIDADOS CRITICOS UNIDAD DE CUIDADOS INTERMEDIOS GENERAL  (UCIN) ";"3";"1";"29";"74";"4";"120";"1"
"2023";"02";"130704";"LA LIBERTAD";"PACASMAYO";"PACASMAYO";"GOBIERNO REGIONAL";"II-1";"00005296";"HOSPITAL DISTRITAL DE PACASMAYO";"241800";"HOSPITALIZACIÓN DE MEDICINA MEDICINA GENERAL ";"24";"24";"138";"119";"4";"112";"3"
"2023";"02";"130704";"LA LIBERTAD";"PACASMAYO";"PACASMAYO";"GOBIERNO REGIONAL";"II-1";"00005296";"HOSPITAL DISTRITAL DE PACASMAYO";"240100";"HOSPITALIZACIÓN QUIRÚRGICA CIRUGÍA GENERAL ";"36";"37";"83";"99";"4";"112";"0"
"2023";"02";"130704";"LA LIBERTAD";"PACASMAYO";"PACASMAYO";"GOBIERNO REGIONAL";"II-1";"00005296";"HOSPITAL DISTRITAL DE PACASMAYO";"242300";"HOSPITALIZACIÓN DE PEDIATRÍA  PEDIATRÍA  GENERAL ";"13";"10";"23";"27";"4";"112";"0"
"2023";"02";"130704";"LA LIBERTAD";"PACASMAYO";"PACASMAYO";"GOBIERNO REGIONAL";"II-1";"00005296";"HOSPITAL DISTRITAL DE PACASMAYO";"241600";"HOSPITALIZACIÓN QUIRÚRGICA OBSTETRICIA   ";"49";"48";"87";"86";"4";"112";"0"
"2023";"02";"130704";"LA LIBERTAD";"PACASMAYO";"PACASMAYO";"GOBIERNO REGIONAL";"II-1";"00005296";"HOSPITAL DISTRITAL DE PACASMAYO";"241500";"HOSPITALIZACIÓN QUIRÚRGICA GINECOLOGÍA  ";"26";"26";"52";"51";"4";"112";"0"
"2023";"07";"210101";"PUNO";"PUNO";"PUNO";"SANIDAD DE LA POLICIA NACIONAL DEL PERU";"I-3";"00010235";"UNIDAD EJECUTORA 020-1067 SANIDAD DE LA PNP";"NE_0001";"";"NE_0001";"NE_0001";"NE_0001";"NE_0001";"NE_0001";"NE_0001";"NE_0001"
"2023";"07";"110201";"ICA";"CHINCHA";"CHINCHA ALTA";"PRIVADO";"II-1";"00020979";"CLINICA DE LOS VASQUEZ S.A.C.";"240000";"HOSPITALIZACIÓN";"53";"56";"152";"58";"19";"589";"0"
"2023";"07";"150122";"LIMA";"LIMA";"MIRAFLORES";"PRIVADO";"II-E";"00019671";"CLINICA RENACER";"NE_0002";"";"NE_0002";"NE_0002";"NE_0002";"NE_0002";"NE_0002";"NE_0002";"NE_0002"
"2023";"08";"130103";"LA LIBERTAD";"TRUJILLO";"FLORENCIA DE MORA";"GOBIERNO REGIONAL";"II-1";"00005217";"HOSPITAL DISTRITAL EL ESFUERZO DE FLORENCIA DE MORA";"241600";"HOSPITALIZACIÓN QUIRÚRGICA OBSTETRICIA   ";"35";"35";"36";"36";"7";"217";"0"
"2023";"08";"130103";"LA LIBERTAD";"TRUJILLO";"FLORENCIA DE MORA";"GOBIERNO REGIONAL";"II-1";"00005217";"HOSPITAL DISTRITAL EL ESFUERZO DE FLORENCIA DE MORA";"241400";"HOSPITALIZACIÓN QUIRÚRGICA GINECO - OBSTETRICIA ";"12";"12";"48";"48";"3";"93";"0"
"2023";"08";"120302";"JUNIN";"CHANCHAMAYO";"PERENE";"GOBIERNO REGIONAL";"I-1";"00000322";"LIBERTAD TOTERANI";"NE_0001";"";"NE_0001";"NE_0001";"NE_0001";"NE_0001";"NE_0001";"NE_0001";"NE_0001"
"2023";"08";"120302";"JUNIN";"CHANCHAMAYO";"PERENE";"GOBIERNO REGIONAL";"I-1";"00000323";"INCHATINGARI";"NE_0001";"";"NE_0001";"NE_0001";"NE_0001";"NE_0001";"NE_0001";"NE_0001";"NE_0001"
"2023";"08";"120302";"JUNIN";"CHANCHAMAYO";"PERENE";"GOBIERNO REGIONAL";"I-2";"00000324";"LOS ANGELES DE UBIRIKI";"NE_0001";"";"NE_0001";"NE_0001";"NE_0001";"NE_0001";"NE_0001";"NE_0001";"NE_0001"
"2023";"08";"120302";"JUNIN";"CHANCHAMAYO";"PERENE";"GOBIERNO REGIONAL";"I-1";"00000327";"ALTO PUMPURIANI";"NE_0001";"";"NE_0001";"NE_0001";"NE_0001";"NE_0001";"NE_0001";"NE_0001";"NE_0001"
"2023";"08";"120302";"JUNIN";"CHANCHAMAYO";"PERENE";"GOBIERNO REGIONAL";"I-1";"00000335";"ZONA PATRIA";"NE_0001";"";"NE_0001";"NE_0001";"NE_0001";"NE_0001";"NE_0001";"NE_0001";"NE_0001"
"2023";"08";"120302";"JUNIN";"CHANCHAMAYO";"PERENE";"GOBIERNO REGIONAL";"I-3";"00000320";"PUERTO YURINAKI";"NE_0001";"";"NE_0001";"NE_0001";"NE_0001";"NE_0001";"NE_0001";"NE_0001";"NE_0001"
"2023";"08";"120302";"JUNIN";"CHANCHAMAYO";"PERENE";"GOBIERNO REGIONAL";"I-2";"00000325";"CENTRO POBLADO MENOR LA FLORIDA";"NE_0001";"";"NE_0001";"NE_0001";"NE_0001";"NE_0001";"NE_0001";"NE_0001";"NE_0001"
"2023";"08";"120302";"JUNIN";"CHANCHAMAYO";"PERENE";"GOBIERNO REGIONAL";"I-1";"00000329";"HUACAMAYO";"NE_0001";"";"NE_0001";"NE_0001";"NE_0001";"NE_0001";"NE_0001";"NE_0001";"NE_0001"
"2023";"08";"120304";"JUNIN";"CHANCHAMAYO";"SAN LUIS DE SHUARO";"GOBIERNO REGIONAL";"I-1";"00000336";"ALTO YAPAZ";"NE_0001";"";"NE_0001";"NE_0001";"NE_0001";"NE_0001";"NE_0001";"NE_0001";"NE_0001"
"2023";"08";"120302";"JUNIN";"CHANCHAMAYO";"PERENE";"GOBIERNO REGIONAL";"I-4";"00000318";"VILLA PERENE";"241800";"HOSPITALIZACIÓN DE MEDICINA MEDICINA GENERAL ";"06";"07";"21";"20";"09";"279";"0"
"2023";"08";"120302";"JUNIN";"CHANCHAMAYO";"PERENE";"GOBIERNO REGIONAL";"I-4";"00000318";"VILLA PERENE";"241600";"HOSPITALIZACIÓN QUIRÚRGICA OBSTETRICIA   ";"07";"07";"15";"15";"3";"93";"0"
"2023";"08";"120302";"JUNIN";"CHANCHAMAYO";"PERENE";"GOBIERNO REGIONAL";"I-2";"00000319";"BAJO MARANKIARI";"NE_0001";"";"NE_0001";"NE_0001";"NE_0001";"NE_0001";"NE_0001";"NE_0001";"NE_0001"
"2023";"08";"120302";"JUNIN";"CHANCHAMAYO";"PERENE";"GOBIERNO REGIONAL";"I-1";"00000326";"SANTA ROSA DE RIO AMARILLO";"NE_0001";"";"NE_0001";"NE_0001";"NE_0001";"NE_0001";"NE_0001";"NE_0001";"NE_0001"
"2023";"03";"150114";"LIMA";"LIMA";"LA MOLINA";"ESSALUD";"II-1";"00010135";"HOSPITAL I CARLOS ALCANTARA BUTTERFIELD";"241800";"HOSPITALIZACIÓN DE MEDICINA MEDICINA GENERAL ";"42";"36";"220";"231";"8";"248";"3"
"2023";"03";"150114";"LIMA";"LIMA";"LA MOLINA";"ESSALUD";"II-1";"00010135";"HOSPITAL I CARLOS ALCANTARA BUTTERFIELD";"240100";"HOSPITALIZACIÓN QUIRÚRGICA CIRUGÍA GENERAL ";"223";"220";"522";"558";"18";"558";"0"
"2023";"03";"150114";"LIMA";"LIMA";"LA MOLINA";"ESSALUD";"II-1";"00010135";"HOSPITAL I CARLOS ALCANTARA BUTTERFIELD";"242500";"HOSPITALIZACIÓN-PEDIATRÍA GENERAL-";"21";"22";"92";"93";"3";"93";"0"
"2023";"03";"150114";"LIMA";"LIMA";"LA MOLINA";"ESSALUD";"II-1";"00010135";"HOSPITAL I CARLOS ALCANTARA BUTTERFIELD";"241600";"HOSPITALIZACIÓN QUIRÚRGICA OBSTETRICIA   ";"71";"71";"177";"248";"8";"248";"0"
"2023";"04";"021809";"ANCASH";"SANTA";"NUEVO CHIMBOTE";"GOBIERNO REGIONAL";"I-2";"00001705";"PUESTO DE SALUD 3 DE OCTUBRE";"NE_0001";"";"NE_0001";"NE_0001";"NE_0001";"NE_0001";"NE_0001";"NE_0001";"NE_0001"
"2023";"04";"021802";"ANCASH";"SANTA";"CACERES DEL PERU";"GOBIERNO REGIONAL";"I-1";"00001709";"PUESTO DE SALUD LAMPANIN";"NE_0001";"";"NE_0001";"NE_0001";"NE_0001";"NE_0001";"NE_0001";"NE_0001";"NE_0001"
"2023";"04";"021805";"ANCASH";"SANTA";"MORO";"GOBIERNO REGIONAL";"I-3";"00001716";"CENTRO DE SALUD MORO";"NE_0001";"";"NE_0001";"NE_0001";"NE_0001";"NE_0001";"NE_0001";"NE_0001";"NE_0001"
"2023";"04";"100101";"HUANUCO";"HUANUCO";"HUANUCO";"PRIVADO";"II-E";"00011592";"CLINICA HUANUCO E-I-R-LTDA.";"241400";"HOSPITALIZACIÓN QUIRÚRGICA GINECO - OBSTETRICIA ";"9";"9";"33";"33";"3";"57";"0"
"2023";"04";"100101";"HUANUCO";"HUANUCO";"HUANUCO";"PRIVADO";"II-E";"00011592";"CLINICA HUANUCO E-I-R-LTDA.";"241200";"HOSPITALIZACIÓN QUIRÚRGICA TRAUMATOLOGÍA Y ORTOPEDIA ";"15";"15";"29";"29";"3";"61";"0"
"2023";"04";"100101";"HUANUCO";"HUANUCO";"HUANUCO";"PRIVADO";"II-E";"00011592";"CLINICA HUANUCO E-I-R-LTDA.";"241300";"HOSPITALIZACIÓN QUIRÚRGICA UROLOGÍA  ";"15";"15";"52";"52";"4";"68";"0"
"2023";"04";"100101";"HUANUCO";"HUANUCO";"HUANUCO";"PRIVADO";"II-E";"00011592";"CLINICA HUANUCO E-I-R-LTDA.";"240100";"HOSPITALIZACIÓN QUIRÚRGICA CIRUGÍA GENERAL ";"24";"24";"58";"58";"4";"62";"0"
"2023";"04";"100101";"HUANUCO";"HUANUCO";"HUANUCO";"PRIVADO";"II-E";"00011592";"CLINICA HUANUCO E-I-R-LTDA.";"241900";"HOSPITALIZACIÓN DE MEDICINA MEDICINA INTERNA ";"12";"12";"33";"33";"3";"57";"0"
"2023";"04";"100101";"HUANUCO";"HUANUCO";"HUANUCO";"PRIVADO";"II-E";"00011592";"CLINICA HUANUCO E-I-R-LTDA.";"242300";"HOSPITALIZACIÓN DE PEDIATRÍA  PEDIATRÍA  GENERAL ";"5";"5";"15";"15";"1";"16";"0"
"2023";"04";"100101";"HUANUCO";"HUANUCO";"HUANUCO";"PRIVADO";"II-E";"00011592";"CLINICA HUANUCO E-I-R-LTDA.";"240900";"HOSPITALIZACIÓN QUIRÚRGICA NEUROCIRUGÍA ";"5";"5";"45";"45";"3";"46";"0"
"2023";"04";"100101";"HUANUCO";"HUANUCO";"HUANUCO";"PRIVADO";"II-E";"00011592";"CLINICA HUANUCO E-I-R-LTDA.";"241100";"HOSPITALIZACIÓN QUIRÚRGICA OTORRINOLARINGOLOGÍA  ";"2";"2";"2";"2";"1";"28";"0"
"2023";"04";"022005";"ANCASH";"YUNGAY";"QUILLO";"GOBIERNO REGIONAL";"I-1";"00001737";"PUESTO DE SALUD PAMPACANCHA";"NE_0001";"";"NE_0001";"NE_0001";"NE_0001";"NE_0001";"NE_0001";"NE_0001";"NE_0001"
"2023";"04";"020104";"ANCASH";"HUARAZ";"HUANCHAY";"GOBIERNO REGIONAL";"I-2";"00001748";"PUESTO DE SALUD HUANCHAY HZ";"NE_0001";"";"NE_0001";"NE_0001";"NE_0001";"NE_0001";"NE_0001";"NE_0001";"NE_0001"
"2023";"04";"021809";"ANCASH";"SANTA";"NUEVO CHIMBOTE";"GOBIERNO REGIONAL";"I-2";"00007266";"PUESTO DE SALUD NICOLAS DE GARATEA";"NE_0001";"";"NE_0001";"NE_0001";"NE_0001";"NE_0001";"NE_0001";"NE_0001";"NE_0001"
"2023";"04";"020801";"ANCASH";"CASMA";"CASMA";"GOBIERNO REGIONAL";"I-2";"00031617";"PUESTO DE SALUD VILLA HERMOSA";"NE_0001";"";"NE_0001";"NE_0001";"NE_0001";"NE_0001";"NE_0001";"NE_0001";"NE_0001"
"2023";"04";"021809";"ANCASH";"SANTA";"NUEVO CHIMBOTE";"GOBIERNO REGIONAL";"I-4";"00001704";"CENTRO DE SALUD YUGOSLAVIA";"NE_0001";"";"NE_0001";"NE_0001";"NE_0001";"NE_0001";"NE_0001";"NE_0001";"NE_0001"
"2023";"04";"021809";"ANCASH";"SANTA";"NUEVO CHIMBOTE";"GOBIERNO REGIONAL";"I-2";"00001706";"PUESTO DE SALUD VILLA MARIA";"NE_0001";"";"NE_0001";"NE_0001";"NE_0001";"NE_0001";"NE_0001";"NE_0001";"NE_0001"
"2023";"04";"021802";"ANCASH";"SANTA";"CACERES DEL PERU";"GOBIERNO REGIONAL";"I-2";"00001708";"PUESTO DE SALUD JIMBE";"NE_0001";"";"NE_0001";"NE_0001";"NE_0001";"NE_0001";"NE_0001";"NE_0001";"NE_0001"
"2023";"04";"021807";"ANCASH";"SANTA";"SAMANCO";"GOBIERNO REGIONAL";"I-2";"00001711";"PUESTO DE SALUD SAMANCO";"NE_0001";"";"NE_0001";"NE_0001";"NE_0001";"NE_0001";"NE_0001";"NE_0001";"NE_0001"
"2023";"04";"021806";"ANCASH";"SANTA";"NEPEÑA";"GOBIERNO REGIONAL";"I-3";"00001714";"CENTRO DE SALUD NEPEÑA";"NE_0001";"";"NE_0001";"NE_0001";"NE_0001";"NE_0001";"NE_0001";"NE_0001";"NE_0001"
"2023";"04";"021805";"ANCASH";"SANTA";"MORO";"GOBIERNO REGIONAL";"I-1";"00001717";"PUESTO DE SALUD POCOS";"NE_0001";"";"NE_0001";"NE_0001";"NE_0001";"NE_0001";"NE_0001";"NE_0001";"NE_0001"
"2023";"04";"020802";"ANCASH";"CASMA";"BUENA VISTA ALTA";"GOBIERNO REGIONAL";"I-2";"00001724";"PUESTO DE SALUD HUANCHUY";"NE_0001";"";"NE_0001";"NE_0001";"NE_0001";"NE_0001";"NE_0001";"NE_0001";"NE_0001"
"2023";"04";"020804";"ANCASH";"CASMA";"YAUTAN";"GOBIERNO REGIONAL";"I-4";"00001728";"CENTRO DE SALUD YAUTAN";"NE_0001";"";"NE_0001";"NE_0001";"NE_0001";"NE_0001";"NE_0001";"NE_0001";"NE_0001"
"2023";"04";"021103";"ANCASH";"HUARMEY";"CULEBRAS";"GOBIERNO REGIONAL";"I-1";"00001745";"PUESTO DE SALUD MOLINO";"NE_0001";"";"NE_0001";"NE_0001";"NE_0001";"NE_0001";"NE_0001";"NE_0001";"NE_0001"
"2023";"04";"021104";"ANCASH";"HUARMEY";"HUAYAN";"GOBIERNO REGIONAL";"I-2";"00001752";"PUESTO DE SALUD HUAYAN";"NE_0001";"";"NE_0001";"NE_0001";"NE_0001";"NE_0001";"NE_0001";"NE_0001";"NE_0001"
"2023";"04";"020102";"ANCASH";"HUARAZ";"COCHABAMBA";"GOBIERNO REGIONAL";"I-1";"00001731";"PUESTO DE SALUD CHIPRE";"NE_0001";"";"NE_0001";"NE_0001";"NE_0001";"NE_0001";"NE_0001";"NE_0001";"NE_0001"
"2023";"04";"020103";"ANCASH";"HUARAZ";"COLCABAMBA";"GOBIERNO REGIONAL";"I-1";"00001733";"COLCABAMBA";"NE_0001";"";"NE_0001";"NE_0001";"NE_0001";"NE_0001";"NE_0001";"NE_0001";"NE_0001"
"2023";"04";"020802";"ANCASH";"CASMA";"BUENA VISTA ALTA";"GOBIERNO REGIONAL";"I-3";"00001723";"CENTRO DE SALUD BUENAVISTA";"NE_0001";"";"NE_0001";"NE_0001";"NE_0001";"NE_0001";"NE_0001";"NE_0001";"NE_0001"
"2023";"04";"020803";"ANCASH";"CASMA";"COMANDANTE NOEL";"GOBIERNO REGIONAL";"I-1";"00001726";"PUESTO DE SALUD COMANDANTE NOEL";"NE_0001";"";"NE_0001";"NE_0001";"NE_0001";"NE_0001";"NE_0001";"NE_0001";"NE_0001"
"2023";"04";"020110";"ANCASH";"HUARAZ";"PARIACOTO";"GOBIERNO REGIONAL";"I-1";"00001735";"PUESTO DE SALUD FORTALEZA";"NE_0001";"";"NE_0001";"NE_0001";"NE_0001";"NE_0001";"NE_0001";"NE_0001";"NE_0001"
"2023";"04";"021105";"ANCASH";"HUARMEY";"MALVAS";"GOBIERNO REGIONAL";"I-1";"00001801";"PUESTO DE SALUD SAN MIGUEL";"NE_0001";"";"NE_0001";"NE_0001";"NE_0001";"NE_0001";"NE_0001";"NE_0001";"NE_0001"
"2023";"04";"021809";"ANCASH";"SANTA";"NUEVO CHIMBOTE";"GOBIERNO REGIONAL";"I-2";"00001707";"PUESTO DE SALUD SATELITE";"NE_0001";"";"NE_0001";"NE_0001";"NE_0001";"NE_0001";"NE_0001";"NE_0001";"NE_0001"
"2023";"04";"020801";"ANCASH";"CASMA";"CASMA";"GOBIERNO REGIONAL";"I-1";"00001721";"PUESTO DE SALUD LA GRAMITA";"NE_0001";"";"NE_0001";"NE_0001";"NE_0001";"NE_0001";"NE_0001";"NE_0001";"NE_0001"
"2023";"04";"021101";"ANCASH";"HUARMEY";"HUARMEY";"GOBIERNO REGIONAL";"I-2";"00001742";"PUESTO DE SALUD PUERTO HUARMEY";"NE_0001";"";"NE_0001";"NE_0001";"NE_0001";"NE_0001";"NE_0001";"NE_0001";"NE_0001"
"2023";"04";"021105";"ANCASH";"HUARMEY";"MALVAS";"GOBIERNO REGIONAL";"I-1";"00001753";"PUESTO DE SALUD MALVAS";"NE_0001";"";"NE_0001";"NE_0001";"NE_0001";"NE_0001";"NE_0001";"NE_0001";"NE_0001"
"2023";"04";"020801";"ANCASH";"CASMA";"CASMA";"GOBIERNO REGIONAL";"I-1";"00001720";"PUESTO DE SALUD SAN RAFAEL";"NE_0001";"";"NE_0001";"NE_0001";"NE_0001";"NE_0001";"NE_0001";"NE_0001";"NE_0001"
"2023";"04";"020801";"ANCASH";"CASMA";"CASMA";"GOBIERNO REGIONAL";"I-1";"00001722";"PUESTO DE SALUD CASA BLANCA";"NE_0001";"";"NE_0001";"NE_0001";"NE_0001";"NE_0001";"NE_0001";"NE_0001";"NE_0001"
"2023";"04";"020102";"ANCASH";"HUARAZ";"COCHABAMBA";"GOBIERNO REGIONAL";"I-1";"00001732";"PUESTO DE SALUD PUMA PUCLLANAN";"NE_0001";"";"NE_0001";"NE_0001";"NE_0001";"NE_0001";"NE_0001";"NE_0001";"NE_0001"
"2023";"04";"020110";"ANCASH";"HUARAZ";"PARIACOTO";"GOBIERNO REGIONAL";"I-1";"00001736";"PUESTO DE SALUD CHACCHAN";"NE_0001";"";"NE_0001";"NE_0001";"NE_0001";"NE_0001";"NE_0001";"NE_0001";"NE_0001"
"2023";"04";"021807";"ANCASH";"SANTA";"SAMANCO";"GOBIERNO REGIONAL";"I-1";"00001712";"PUESTO DE SALUD LOS CHIMUS";"NE_0001";"";"NE_0001";"NE_0001";"NE_0001";"NE_0001";"NE_0001";"NE_0001";"NE_0001"
"2023";"04";"021806";"ANCASH";"SANTA";"NEPEÑA";"GOBIERNO REGIONAL";"I-3";"00001715";"CENTRO DE SALUD SAN JACINTO";"NE_0001";"";"NE_0001";"NE_0001";"NE_0001";"NE_0001";"NE_0001";"NE_0001";"NE_0001"
"2023";"04";"021805";"ANCASH";"SANTA";"MORO";"GOBIERNO REGIONAL";"I-1";"00001718";"PUESTO DE SALUD CAPTUY";"NE_0001";"";"NE_0001";"NE_0001";"NE_0001";"NE_0001";"NE_0001";"NE_0001";"NE_0001"
"2023";"04";"020110";"ANCASH";"HUARAZ";"PARIACOTO";"GOBIERNO REGIONAL";"I-4";"00001734";"CENTRO DE SALUD PARIACOTO";"NE_0001";"";"NE_0001";"NE_0001";"NE_0001";"NE_0001";"NE_0001";"NE_0001";"NE_0001"
"2023";"04";"022005";"ANCASH";"YUNGAY";"QUILLO";"GOBIERNO REGIONAL";"I-4";"00001738";"CENTRO DE SALUD QUILLO";"NE_0001";"";"NE_0001";"NE_0001";"NE_0001";"NE_0001";"NE_0001";"NE_0001";"NE_0001"
"2023";"04";"021103";"ANCASH";"HUARMEY";"CULEBRAS";"GOBIERNO REGIONAL";"I-2";"00001746";"PUESTO DE SALUD QUIAN";"NE_0001";"";"NE_0001";"NE_0001";"NE_0001";"NE_0001";"NE_0001";"NE_0001";"NE_0001"
"2023";"04";"020104";"ANCASH";"HUARAZ";"HUANCHAY";"GOBIERNO REGIONAL";"I-1";"00001747";"PUESTO DE SALUD RAYPA";"NE_0001";"";"NE_0001";"NE_0001";"NE_0001";"NE_0001";"NE_0001";"NE_0001";"NE_0001"
"2023";"04";"021802";"ANCASH";"SANTA";"CACERES DEL PERU";"GOBIERNO REGIONAL";"I-2";"00001710";"PUESTO DE SALUD COLCAP";"NE_0001";"";"NE_0001";"NE_0001";"NE_0001";"NE_0001";"NE_0001";"NE_0001";"NE_0001"
"2023";"04";"021807";"ANCASH";"SANTA";"SAMANCO";"GOBIERNO REGIONAL";"I-1";"00001713";"PUESTO DE SALUD HUAMBACHO";"NE_0001";"";"NE_0001";"NE_0001";"NE_0001";"NE_0001";"NE_0001";"NE_0001";"NE_0001"
"2023";"04";"020802";"ANCASH";"CASMA";"BUENA VISTA ALTA";"GOBIERNO REGIONAL";"I-2";"00001725";"PUESTO DE SALUD EL OLIVAR";"NE_0001";"";"NE_0001";"NE_0001";"NE_0001";"NE_0001";"NE_0001";"NE_0001";"NE_0001"
"2023";"04";"020803";"ANCASH";"CASMA";"COMANDANTE NOEL";"GOBIERNO REGIONAL";"I-1";"00001727";"PUESTO DE SALUD TORTUGAS";"NE_0001";"";"NE_0001";"NE_0001";"NE_0001";"NE_0001";"NE_0001";"NE_0001";"NE_0001"
"2023";"04";"020804";"ANCASH";"CASMA";"YAUTAN";"GOBIERNO REGIONAL";"I-1";"00001729";"PUESTO DE SALUD CACHIPAMPA";"NE_0001";"";"NE_0001";"NE_0001";"NE_0001";"NE_0001";"NE_0001";"NE_0001";"NE_0001"
"2023";"04";"020102";"ANCASH";"HUARAZ";"COCHABAMBA";"GOBIERNO REGIONAL";"I-2";"00001730";"PUESTO DE SALUD COCHABAMBA";"NE_0001";"";"NE_0001";"NE_0001";"NE_0001";"NE_0001";"NE_0001";"NE_0001";"NE_0001"
"2023";"04";"022005";"ANCASH";"YUNGAY";"QUILLO";"GOBIERNO REGIONAL";"I-2";"00001739";"PUESTO DE SALUD HUACHO";"NE_0001";"";"NE_0001";"NE_0001";"NE_0001";"NE_0001";"NE_0001";"NE_0001";"NE_0001"
"2023";"04";"021103";"ANCASH";"HUARMEY";"CULEBRAS";"GOBIERNO REGIONAL";"I-2";"00001743";"PUESTO DE SALUD CULEBRAS";"NE_0001";"";"NE_0001";"NE_0001";"NE_0001";"NE_0001";"NE_0001";"NE_0001";"NE_0001"
"2023";"04";"021101";"ANCASH";"HUARMEY";"HUARMEY";"GOBIERNO REGIONAL";"I-3";"00001744";"CENTRO DE SALUD LA VICTORIA";"NE_0001";"";"NE_0001";"NE_0001";"NE_0001";"NE_0001";"NE_0001";"NE_0001";"NE_0001"
"2023";"04";"021101";"ANCASH";"HUARMEY";"HUARMEY";"GOBIERNO REGIONAL";"I-1";"00001751";"PUESTO DE SALUD HUAMBA";"NE_0001";"";"NE_0001";"NE_0001";"NE_0001";"NE_0001";"NE_0001";"NE_0001";"NE_0001"
"2023";"03";"070106";"CALLAO";"CALLAO";"VENTANILLA";"GOBIERNO REGIONAL";"II-1";"00007126";"HOSPITAL DE VENTANILLA";"241800";"HOSPITALIZACIÓN DE MEDICINA MEDICINA GENERAL ";"75";"65";"308";"338";"25";"775";"1"
"2023";"03";"070106";"CALLAO";"CALLAO";"VENTANILLA";"GOBIERNO REGIONAL";"II-1";"00007126";"HOSPITAL DE VENTANILLA";"242500";"HOSPITALIZACIÓN-PEDIATRÍA GENERAL-";"44";"38";"106";"121";"9";"279";"0"
"2023";"03";"070106";"CALLAO";"CALLAO";"VENTANILLA";"GOBIERNO REGIONAL";"II-1";"00007126";"HOSPITAL DE VENTANILLA";"240100";"HOSPITALIZACIÓN QUIRÚRGICA CIRUGÍA GENERAL ";"133";"121";"310";"346";"18";"558";"0"
"2023";"03";"070106";"CALLAO";"CALLAO";"VENTANILLA";"GOBIERNO REGIONAL";"II-1";"00007126";"HOSPITAL DE VENTANILLA";"241600";"HOSPITALIZACIÓN QUIRÚRGICA OBSTETRICIA   ";"159";"153";"274";"280";"24";"744";"0"
"2023";"03";"070106";"CALLAO";"CALLAO";"VENTANILLA";"GOBIERNO REGIONAL";"II-1";"00007126";"HOSPITAL DE VENTANILLA";"241500";"HOSPITALIZACIÓN QUIRÚRGICA GINECOLOGÍA  ";"56";"51";"81";"90";"6";"186";"0"
"2023";"03";"070106";"CALLAO";"CALLAO";"VENTANILLA";"GOBIERNO REGIONAL";"II-1";"00007126";"HOSPITAL DE VENTANILLA";"243200";"HOSPITALIZACIÓN DE PEDIATRÍA PEDIATRIA NEONATOLOGÍA";"25";"20";"53";"67";"10";"310";"0"
"2023";"04";"150108";"LIMA";"LIMA";"CHORRILLOS";"PRIVADO";"II-1";"00016005";"CLINICA PARROQUIAL SAN FRANCISCO DE ASIS";"240100";"HOSPITALIZACIÓN QUIRÚRGICA CIRUGÍA GENERAL ";"26";"26";"26";"26";"12";"360";"0"
"2023";"04";"150108";"LIMA";"LIMA";"CHORRILLOS";"PRIVADO";"II-1";"00016005";"CLINICA PARROQUIAL SAN FRANCISCO DE ASIS";"240100";"HOSPITALIZACIÓN QUIRÚRGICA CIRUGÍA GENERAL ";"4";"4";"4";"4";"12";"360";"0"
"2023";"04";"150108";"LIMA";"LIMA";"CHORRILLOS";"PRIVADO";"II-1";"00016005";"CLINICA PARROQUIAL SAN FRANCISCO DE ASIS";"240100";"HOSPITALIZACIÓN QUIRÚRGICA CIRUGÍA GENERAL ";"3";"3";"3";"3";"12";"360";"0"
"2023";"04";"150108";"LIMA";"LIMA";"CHORRILLOS";"PRIVADO";"II-1";"00016005";"CLINICA PARROQUIAL SAN FRANCISCO DE ASIS";"240100";"HOSPITALIZACIÓN QUIRÚRGICA CIRUGÍA GENERAL ";"1";"1";"1";"1";"12";"360";"0"
"2023";"04";"150108";"LIMA";"LIMA";"CHORRILLOS";"PRIVADO";"II-1";"00016005";"CLINICA PARROQUIAL SAN FRANCISCO DE ASIS";"241400";"HOSPITALIZACIÓN QUIRÚRGICA GINECO - OBSTETRICIA ";"1";"1";"2";"1";"12";"360";"0"
"2023";"06";"200701";"PIURA";"TALARA";"PARIÑAS";"ESSALUD";"II-1";"00012243";"HOSPITAL II TALARA";"241800";"HOSPITALIZACIÓN DE MEDICINA MEDICINA GENERAL ";"56";"42";"194";"115";"9";"279";"4"
"2023";"06";"200701";"PIURA";"TALARA";"PARIÑAS";"ESSALUD";"II-1";"00012243";"HOSPITAL II TALARA";"240100";"HOSPITALIZACIÓN QUIRÚRGICA CIRUGÍA GENERAL ";"50";"44";"171";"138";"9";"279";"0"
"2023";"06";"200701";"PIURA";"TALARA";"PARIÑAS";"ESSALUD";"II-1";"00012243";"HOSPITAL II TALARA";"241400";"HOSPITALIZACIÓN QUIRÚRGICA GINECO - OBSTETRICIA ";"91";"81";"257";"209";"8";"248";"0"
"2023";"06";"200701";"PIURA";"TALARA";"PARIÑAS";"ESSALUD";"II-1";"00012243";"HOSPITAL II TALARA";"242300";"HOSPITALIZACIÓN DE PEDIATRÍA  PEDIATRÍA  GENERAL ";"38";"36";"119";"115";"6";"186";"0"
"2023";"06";"120101";"JUNIN";"HUANCAYO";"HUANCAYO";"PRIVADO";"II-1";"00008516";"CLINICA SANTO DOMINGO";"240100";"HOSPITALIZACIÓN QUIRÚRGICA CIRUGÍA GENERAL ";"14";"14";"26";"26";"2";"31";"0"
"2023";"06";"120101";"JUNIN";"HUANCAYO";"HUANCAYO";"PRIVADO";"II-1";"00008516";"CLINICA SANTO DOMINGO";"245300";"HOSPITALIZACIÓN DE MEDICINA NEUMOLOGÍA  ";"1";"1";"3";"3";"1";"31";"0"
"2023";"06";"120101";"JUNIN";"HUANCAYO";"HUANCAYO";"PRIVADO";"II-1";"00008516";"CLINICA SANTO DOMINGO";"241200";"HOSPITALIZACIÓN QUIRÚRGICA TRAUMATOLOGÍA Y ORTOPEDIA ";"6";"6";"9";"9";"1";"31";"0"
"2023";"06";"120101";"JUNIN";"HUANCAYO";"HUANCAYO";"PRIVADO";"II-1";"00008516";"CLINICA SANTO DOMINGO";"241500";"HOSPITALIZACIÓN QUIRÚRGICA GINECOLOGÍA  ";"12";"12";"21";"21";"2";"30";"0"
"2023";"06";"120101";"JUNIN";"HUANCAYO";"HUANCAYO";"PRIVADO";"II-1";"00008516";"CLINICA SANTO DOMINGO";"244200";"HOSPITALIZACIÓN DE MEDICINA ENDOCRINOLOGIA ";"2";"2";"2";"2";"1";"20";"0"
"2023";"06";"120101";"JUNIN";"HUANCAYO";"HUANCAYO";"PRIVADO";"II-1";"00008516";"CLINICA SANTO DOMINGO";"245400";"HOSPITALIZACIÓN DE MEDICINA GINECOLOGIA ";"2";"2";"3";"3";"1";"20";"0"
"2023";"06";"120101";"JUNIN";"HUANCAYO";"HUANCAYO";"PRIVADO";"II-1";"00008516";"CLINICA SANTO DOMINGO";"241300";"HOSPITALIZACIÓN QUIRÚRGICA UROLOGÍA  ";"3";"3";"3";"3";"1";"20";"0"
"2023";"07";"060601";"CAJAMARCA";"CUTERVO";"CUTERVO";"GOBIERNO REGIONAL";"I-1";"00006852";"LLIPA";"NE_0001";"";"NE_0001";"NE_0001";"NE_0001";"NE_0001";"NE_0001";"NE_0001";"NE_0001"
"2023";"07";"060601";"CAJAMARCA";"CUTERVO";"CUTERVO";"GOBIERNO REGIONAL";"I-1";"00006854";"CARAMARCA CHICA";"NE_0001";"";"NE_0001";"NE_0001";"NE_0001";"NE_0001";"NE_0001";"NE_0001";"NE_0001"
"2023";"07";"060601";"CAJAMARCA";"CUTERVO";"CUTERVO";"GOBIERNO REGIONAL";"I-3";"00006857";"NUEVO ORIENTE";"NE_0001";"";"NE_0001";"NE_0001";"NE_0001";"NE_0001";"NE_0001";"NE_0001";"NE_0001"
"2023";"07";"060601";"CAJAMARCA";"CUTERVO";"CUTERVO";"GOBIERNO REGIONAL";"I-1";"00006936";"CORRALES";"NE_0001";"";"NE_0001";"NE_0001";"NE_0001";"NE_0001";"NE_0001";"NE_0001";"NE_0001"
"2023";"07";"130502";"LA LIBERTAD";"JULCAN";"CALAMARCA";"GOBIERNO REGIONAL";"I-2";"00007247";"BARRO NEGRO";"NE_0001";"";"NE_0001";"NE_0001";"NE_0001";"NE_0001";"NE_0001";"NE_0001";"NE_0001"
"2023";"07";"060601";"CAJAMARCA";"CUTERVO";"CUTERVO";"GOBIERNO REGIONAL";"I-1";"00007701";"EL VERDE";"NE_0001";"";"NE_0001";"NE_0001";"NE_0001";"NE_0001";"NE_0001";"NE_0001";"NE_0001"
"2023";"07";"130502";"LA LIBERTAD";"JULCAN";"CALAMARCA";"GOBIERNO REGIONAL";"I-4";"00005308";"CALAMARCA";"NE_0001";"";"NE_0001";"NE_0001";"NE_0001";"NE_0001";"NE_0001";"NE_0001";"NE_0001"
"2023";"07";"060601";"CAJAMARCA";"CUTERVO";"CUTERVO";"GOBIERNO REGIONAL";"I-1";"00011066";"VISTA ALEGRE DE LA SOLA";"NE_0001";"";"NE_0001";"NE_0001";"NE_0001";"NE_0001";"NE_0001";"NE_0001";"NE_0001"
"2023";"07";"130502";"LA LIBERTAD";"JULCAN";"CALAMARCA";"GOBIERNO REGIONAL";"I-1";"00007248";"CHAZKA";"NE_0001";"";"NE_0001";"NE_0001";"NE_0001";"NE_0001";"NE_0001";"NE_0001";"NE_0001"
"2023";"07";"060601";"CAJAMARCA";"CUTERVO";"CUTERVO";"GOBIERNO REGIONAL";"I-1";"00004995";"PALMAS DE HUICHUD";"NE_0001";"";"NE_0001";"NE_0001";"NE_0001";"NE_0001";"NE_0001";"NE_0001";"NE_0001"
"2023";"07";"130502";"LA LIBERTAD";"JULCAN";"CALAMARCA";"GOBIERNO REGIONAL";"I-1";"00016424";"HUAGAL";"NE_0001";"";"NE_0001";"NE_0001";"NE_0001";"NE_0001";"NE_0001";"NE_0001";"NE_0001"
"2023";"07";"060601";"CAJAMARCA";"CUTERVO";"CUTERVO";"GOBIERNO REGIONAL";"I-1";"00006788";"YANGACHIS";"NE_0001";"";"NE_0001";"NE_0001";"NE_0001";"NE_0001";"NE_0001";"NE_0001";"NE_0001"
"2023";"07";"130502";"LA LIBERTAD";"JULCAN";"CALAMARCA";"GOBIERNO REGIONAL";"I-3";"00005309";"SICCHAL";"NE_0001";"";"NE_0001";"NE_0001";"NE_0001";"NE_0001";"NE_0001";"NE_0001";"NE_0001"
"2023";"07";"150101";"LIMA";"LIMA";"LIMA";"PRIVADO";"II-2";"00008281";"CLINICA MAISON DE SANTE  DE LIMA";"240000";"HOSPITALIZACIÓN";"78";"74";"317";"125";"20";"620";"0"
"2023";"07";"150101";"LIMA";"LIMA";"LIMA";"PRIVADO";"II-2";"00008281";"CLINICA MAISON DE SANTE  DE LIMA";"250100";"UNIDAD DE CUIDADOS CRITICOS UNIDAD  DE CUIDADOS INTENSIVOS GENERALES (UCI) ";"9";"9";"66";"200";"8";"248";"1"
"2023";"07";"060601";"CAJAMARCA";"CUTERVO";"CUTERVO";"GOBIERNO REGIONAL";"I-1";"00004985";"REJOPAMPA";"NE_0001";"";"NE_0001";"NE_0001";"NE_0001";"NE_0001";"NE_0001";"NE_0001";"NE_0001"
"2023";"07";"060601";"CAJAMARCA";"CUTERVO";"CUTERVO";"GOBIERNO REGIONAL";"I-1";"00004986";"EL ARENAL DE CUTERVO";"NE_0001";"";"NE_0001";"NE_0001";"NE_0001";"NE_0001";"NE_0001";"NE_0001";"NE_0001"
"2023";"07";"060601";"CAJAMARCA";"CUTERVO";"CUTERVO";"GOBIERNO REGIONAL";"I-2";"00004989";"AMBULCO GRANDE";"NE_0001";"";"NE_0001";"NE_0001";"NE_0001";"NE_0001";"NE_0001";"NE_0001";"NE_0001"
"2023";"07";"060601";"CAJAMARCA";"CUTERVO";"CUTERVO";"GOBIERNO REGIONAL";"I-1";"00007748";"CULLANMAYO";"NE_0001";"";"NE_0001";"NE_0001";"NE_0001";"NE_0001";"NE_0001";"NE_0001";"NE_0001"
"2023";"07";"060601";"CAJAMARCA";"CUTERVO";"CUTERVO";"GOBIERNO REGIONAL";"I-1";"00007109";"CHIPULUC";"NE_0001";"";"NE_0001";"NE_0001";"NE_0001";"NE_0001";"NE_0001";"NE_0001";"NE_0001"
"2023";"07";"060601";"CAJAMARCA";"CUTERVO";"CUTERVO";"GOBIERNO REGIONAL";"I-1";"00011064";"SAN LORENZO";"NE_0001";"";"NE_0001";"NE_0001";"NE_0001";"NE_0001";"NE_0001";"NE_0001";"NE_0001"
"2023";"07";"040104";"AREQUIPA";"AREQUIPA";"CERRO COLORADO";"GOBIERNO REGIONAL";"I-3";"00001236";"CENTRO DE SALUD CERRO COLORADO";"NE_0001";"";"NE_0001";"NE_0001";"NE_0001";"NE_0001";"NE_0001";"NE_0001";"NE_0001"
"2023";"07";"040104";"AREQUIPA";"AREQUIPA";"CERRO COLORADO";"GOBIERNO REGIONAL";"I-3";"00027843";"CENTRO DE SALUD MENTAL COMUNITARIO SAN MARTIN DE PORRES";"NE_0001";"";"NE_0001";"NE_0001";"NE_0001";"NE_0001";"NE_0001";"NE_0001";"NE_0001"
"2023";"07";"040104";"AREQUIPA";"AREQUIPA";"CERRO COLORADO";"GOBIERNO REGIONAL";"I-3";"00001248";"CENTRO DE SALUD ALTO LIBERTAD";"NE_0001";"";"NE_0001";"NE_0001";"NE_0001";"NE_0001";"NE_0001";"NE_0001";"NE_0001"
"2023";"08";"150105";"LIMA";"LIMA";"BREÑA";"MINSA";"III-2";"00006216";"INSTITUTO NACIONAL DE SALUD DEL NIÑO";"243400";"HOSPITALIZACIÓN DE PEDIATRÍA PEDIATRIA NEUROLOGÍA PEDIÁTRICA";"24";"23";"372";"366";"13";"403";"0"
"2023";"08";"150105";"LIMA";"LIMA";"BREÑA";"MINSA";"III-2";"00006216";"INSTITUTO NACIONAL DE SALUD DEL NIÑO";"243500";"HOSPITALIZACIÓN DE PEDIATRÍA PEDIATRIA OFTALMOLOGÍA PEDIÁTRICA";"2";"2";"8";"8";"1";"31";"0"
"2023";"08";"150105";"LIMA";"LIMA";"BREÑA";"MINSA";"III-2";"00006216";"INSTITUTO NACIONAL DE SALUD DEL NIÑO";"243600";"HOSPITALIZACIÓN DE PEDIATRÍA PEDIATRIA ONCOLOGÍA PEDIÁTRICA";"5";"3";"114";"84";"3";"93";"0"
"2023";"08";"150105";"LIMA";"LIMA";"BREÑA";"MINSA";"III-2";"00006216";"INSTITUTO NACIONAL DE SALUD DEL NIÑO";"243700";"HOSPITALIZACIÓN DE PEDIATRÍA PEDIATRIA OTORRINOLARINGOLOGÍA PEDIÁTRICA ";"15";"17";"76";"61";"6";"186";"0"
"2023";"08";"150105";"LIMA";"LIMA";"BREÑA";"MINSA";"III-2";"00006216";"INSTITUTO NACIONAL DE SALUD DEL NIÑO";"244500";"HOSPITALIZACIÓN DE MEDICINA HEMATOLOGÍA ";"6";"6";"118";"82";"3";"93";"0"
"2023";"08";"110102";"ICA";"ICA";"LA TINGUIÑA";"ESSALUD";"I-3";"00024531";"LA TINGUIÑA";"NE_0001";"";"NE_0001";"NE_0001";"NE_0001";"NE_0001";"NE_0001";"NE_0001";"NE_0001"
"2023";"08";"050601";"AYACUCHO";"LUCANAS";"PUQUIO";"ESSALUD";"I-3";"00011438";"CENTRO DE ATENCION PRIMARIA II PUQUIO";"NE_0001";"";"NE_0001";"NE_0001";"NE_0001";"NE_0001";"NE_0001";"NE_0001";"NE_0001"
"2023";"08";"040112";"AREQUIPA";"AREQUIPA";"PAUCARPATA";"GOBIERNO REGIONAL";"I-4";"00001296";"CENTRO DE SALUD  AMPLIACIÓN PAUCARPATA";"NE_0001";"";"NE_0001";"NE_0001";"NE_0001";"NE_0001";"NE_0001";"NE_0001";"NE_0001"
"2023";"08";"040112";"AREQUIPA";"AREQUIPA";"PAUCARPATA";"GOBIERNO REGIONAL";"I-3";"00001310";"CENTRO DE SALUD MANUEL PRADO";"NE_0001";"";"NE_0001";"NE_0001";"NE_0001";"NE_0001";"NE_0001";"NE_0001";"NE_0001"
"2023";"08";"040112";"AREQUIPA";"AREQUIPA";"PAUCARPATA";"GOBIERNO REGIONAL";"I-3";"00001315";"CENTRO DE SALUD CAMPO MARTE";"NE_0001";"";"NE_0001";"NE_0001";"NE_0001";"NE_0001";"NE_0001";"NE_0001";"NE_0001"
"2023";"08";"220104";"SAN MARTIN";"MOYOBAMBA";"JEPELACIO";"GOBIERNO REGIONAL";"I-2";"00006340";"NUEVO SAN MIGUEL";"NE_0001";"";"NE_0001";"NE_0001";"NE_0001";"NE_0001";"NE_0001";"NE_0001";"NE_0001"
"2023";"08";"120203";"JUNIN";"CONCEPCION";"ANDAMARCA";"GOBIERNO REGIONAL";"I-2";"00000673";"PUCACOCHA";"NE_0001";"";"NE_0001";"NE_0001";"NE_0001";"NE_0001";"NE_0001";"NE_0001";"NE_0001"
"2023";"08";"120135";"JUNIN";"HUANCAYO";"SANTO DOMINGO DE ACOBAMBA";"GOBIERNO REGIONAL";"I-2";"00000744";"YUNCACHAQUICOCHA";"NE_0001";"";"NE_0001";"NE_0001";"NE_0001";"NE_0001";"NE_0001";"NE_0001";"NE_0001"
"2023";"08";"120135";"JUNIN";"HUANCAYO";"SANTO DOMINGO DE ACOBAMBA";"GOBIERNO REGIONAL";"I-1";"00007082";"HUANCAMAYO";"NE_0001";"";"NE_0001";"NE_0001";"NE_0001";"NE_0001";"NE_0001";"NE_0001";"NE_0001"
"2023";"08";"120135";"JUNIN";"HUANCAYO";"SANTO DOMINGO DE ACOBAMBA";"GOBIERNO REGIONAL";"I-1";"00012468";"LA NUEVA LIBERTAD DE PUNTO";"NE_0001";"";"NE_0001";"NE_0001";"NE_0001";"NE_0001";"NE_0001";"NE_0001";"NE_0001"
"2023";"08";"120203";"JUNIN";"CONCEPCION";"ANDAMARCA";"GOBIERNO REGIONAL";"I-1";"00019793";"HUANUCO";"NE_0001";"";"NE_0001";"NE_0001";"NE_0001";"NE_0001";"NE_0001";"NE_0001";"NE_0001"
"2023";"08";"120206";"JUNIN";"CONCEPCION";"COMAS";"GOBIERNO REGIONAL";"I-2";"00000679";"CANCHAPALCA";"NE_0001";"";"NE_0001";"NE_0001";"NE_0001";"NE_0001";"NE_0001";"NE_0001";"NE_0001"
"2023";"08";"120424";"JUNIN";"JAUJA";"PANCAN";"GOBIERNO REGIONAL";"I-1";"00000418";"HUASQUICHA";"NE_0001";"";"NE_0001";"NE_0001";"NE_0001";"NE_0001";"NE_0001";"NE_0001";"NE_0001"
"2023";"08";"120433";"JUNIN";"JAUJA";"YAULI";"GOBIERNO REGIONAL";"I-2";"00000423";"YAULI - JAUJA";"NE_0001";"";"NE_0001";"NE_0001";"NE_0001";"NE_0001";"NE_0001";"NE_0001";"NE_0001"
"2023";"08";"120429";"JUNIN";"JAUJA";"SAN PEDRO DE CHUNAN";"GOBIERNO REGIONAL";"I-1";"00000422";"SAN PEDRO DE CHUNAN";"NE_0001";"";"NE_0001";"NE_0001";"NE_0001";"NE_0001";"NE_0001";"NE_0001";"NE_0001"
"2023";"08";"040110";"AREQUIPA";"AREQUIPA";"MIRAFLORES";"GOBIERNO REGIONAL";"I-3";"00032056";"CENTRO DE SALUD MENTAL COMUNITARIO MIRAFLORES";"NE_0001";"";"NE_0001";"NE_0001";"NE_0001";"NE_0001";"NE_0001";"NE_0001";"NE_0001"
"2023";"08";"040110";"AREQUIPA";"AREQUIPA";"MIRAFLORES";"GOBIERNO REGIONAL";"I-4";"00001292";"CENTRO DE SALUD EDIFICADORES MISTI";"241600";"HOSPITALIZACIÓN QUIRÚRGICA OBSTETRICIA   ";"10";"10";"9";"10";"10";"30";"0"
"2023";"08";"040110";"AREQUIPA";"AREQUIPA";"MIRAFLORES";"GOBIERNO REGIONAL";"I-3";"00001293";"CENTRO DE SALUD MIRAFLORES";"NE_0001";"";"NE_0001";"NE_0001";"NE_0001";"NE_0001";"NE_0001";"NE_0001";"NE_0001"
"2023";"08";"040110";"AREQUIPA";"AREQUIPA";"MIRAFLORES";"GOBIERNO REGIONAL";"I-3";"00001307";"CENTRO DE SALUD MATEO PUMACAHUA";"NE_0001";"";"NE_0001";"NE_0001";"NE_0001";"NE_0001";"NE_0001";"NE_0001";"NE_0001"
"2023";"08";"040110";"AREQUIPA";"AREQUIPA";"MIRAFLORES";"GOBIERNO REGIONAL";"I-3";"00001306";"CENTRO DE SALUD PORVENIR-MIRAFLORES";"NE_0001";"";"NE_0001";"NE_0001";"NE_0001";"NE_0001";"NE_0001";"NE_0001";"NE_0001"
"2023";"08";"150111";"LIMA";"LIMA";"EL AGUSTINO";"PRIVADO";"II-E";"00026299";"CLINICA ONCOVIDA";"240000";"HOSPITALIZACIÓN";"26";"26";"24";"30";"11";"313";"0"
"2023";"08";"130904";"LA LIBERTAD";"SANCHEZ CARRION";"CURGOS";"GOBIERNO REGIONAL";"I-1";"00021651";"HUAYLLAGUAL";"NE_0001";"";"NE_0001";"NE_0001";"NE_0001";"NE_0001";"NE_0001";"NE_0001";"NE_0001"
"2023";"08";"120601";"JUNIN";"SATIPO";"SATIPO";"GOBIERNO REGIONAL";"II-1";"00000432";"DE APOYO MANUEL HIGA ARAKAKI";"240100";"HOSPITALIZACIÓN QUIRÚRGICA CIRUGÍA GENERAL ";"41";"48";"250";"287";"10";"310";"0"
"2023";"08";"120601";"JUNIN";"SATIPO";"SATIPO";"GOBIERNO REGIONAL";"II-1";"00000432";"DE APOYO MANUEL HIGA ARAKAKI";"241200";"HOSPITALIZACIÓN QUIRÚRGICA TRAUMATOLOGÍA Y ORTOPEDIA ";"25";"27";"109";"123";"5";"155";"0"
"2023";"08";"120601";"JUNIN";"SATIPO";"SATIPO";"GOBIERNO REGIONAL";"II-1";"00000432";"DE APOYO MANUEL HIGA ARAKAKI";"241500";"HOSPITALIZACIÓN QUIRÚRGICA GINECOLOGÍA  ";"33";"39";"90";"125";"5";"155";"0"
"2023";"08";"120601";"JUNIN";"SATIPO";"SATIPO";"GOBIERNO REGIONAL";"II-1";"00000432";"DE APOYO MANUEL HIGA ARAKAKI";"241600";"HOSPITALIZACIÓN QUIRÚRGICA OBSTETRICIA   ";"103";"111";"302";"330";"12";"372";"0"
"2023";"08";"120601";"JUNIN";"SATIPO";"SATIPO";"GOBIERNO REGIONAL";"II-1";"00000432";"DE APOYO MANUEL HIGA ARAKAKI";"241900";"HOSPITALIZACIÓN DE MEDICINA MEDICINA INTERNA ";"27";"31";"201";"221";"9";"279";"11"
"2023";"08";"120601";"JUNIN";"SATIPO";"SATIPO";"GOBIERNO REGIONAL";"II-1";"00000432";"DE APOYO MANUEL HIGA ARAKAKI";"242500";"HOSPITALIZACIÓN-PEDIATRÍA GENERAL-";"13";"16";"67";"90";"4";"124";"2"
"2023";"08";"120601";"JUNIN";"SATIPO";"SATIPO";"GOBIERNO REGIONAL";"II-1";"00000432";"DE APOYO MANUEL HIGA ARAKAKI";"243200";"HOSPITALIZACIÓN DE PEDIATRÍA PEDIATRIA NEONATOLOGÍA";"11";"16";"74";"88";"3";"93";"0"
"2023";"08";"040110";"AREQUIPA";"AREQUIPA";"MIRAFLORES";"GOBIERNO REGIONAL";"I-2";"00001305";"CENTRO DE SALUD TOMASA T. COMDEMAYTA";"NE_0001";"";"NE_0001";"NE_0001";"NE_0001";"NE_0001";"NE_0001";"NE_0001";"NE_0001"
"2023";"08";"130904";"LA LIBERTAD";"SANCHEZ CARRION";"CURGOS";"GOBIERNO REGIONAL";"I-1";"00021652";"EL CALVARIO";"NE_0001";"";"NE_0001";"NE_0001";"NE_0001";"NE_0001";"NE_0001";"NE_0001";"NE_0001"
"2023";"08";"130904";"LA LIBERTAD";"SANCHEZ CARRION";"CURGOS";"GOBIERNO REGIONAL";"I-2";"00005357";"CURGOS-WALTER JUNIOR VELARDE ARTEAGA";"NE_0001";"";"NE_0001";"NE_0001";"NE_0001";"NE_0001";"NE_0001";"NE_0001";"NE_0001"
"2023";"08";"060614";"CAJAMARCA";"CUTERVO";"SOCOTA";"GOBIERNO REGIONAL";"I-1";"00011063";"LIBERTAD LA PALMA";"NE_0001";"";"NE_0001";"NE_0001";"NE_0001";"NE_0001";"NE_0001";"NE_0001";"NE_0001"
"2023";"08";"060614";"CAJAMARCA";"CUTERVO";"SOCOTA";"GOBIERNO REGIONAL";"I-1";"00006866";"CUÑANQUE";"NE_0001";"";"NE_0001";"NE_0001";"NE_0001";"NE_0001";"NE_0001";"NE_0001";"NE_0001"
"2023";"08";"060614";"CAJAMARCA";"CUTERVO";"SOCOTA";"GOBIERNO REGIONAL";"I-1";"00006948";"SANTA ELENA";"NE_0001";"";"NE_0001";"NE_0001";"NE_0001";"NE_0001";"NE_0001";"NE_0001";"NE_0001"
"2023";"08";"060610";"CAJAMARCA";"CUTERVO";"SAN LUIS DE LUCMA";"GOBIERNO REGIONAL";"I-1";"00007048";"SEXESHITA";"NE_0001";"";"NE_0001";"NE_0001";"NE_0001";"NE_0001";"NE_0001";"NE_0001";"NE_0001"
"2023";"08";"070106";"CALLAO";"CALLAO";"VENTANILLA";"GOBIERNO REGIONAL";"I-2";"00006262";"PUESTO DE SALUD HIJOS DEL ALMIRANTE GRAU";"NE_0001";"";"NE_0001";"NE_0001";"NE_0001";"NE_0001";"NE_0001";"NE_0001";"NE_0001"
"2023";"08";"070106";"CALLAO";"CALLAO";"VENTANILLA";"GOBIERNO REGIONAL";"I-2";"00006255";"PUESTO DE SALUD VENTANILLA ALTA";"NE_0001";"";"NE_0001";"NE_0001";"NE_0001";"NE_0001";"NE_0001";"NE_0001";"NE_0001"
"2023";"08";"070106";"CALLAO";"CALLAO";"VENTANILLA";"GOBIERNO REGIONAL";"I-2";"00006257";"PUESTO DE SALUD ANGAMOS";"NE_0001";"";"NE_0001";"NE_0001";"NE_0001";"NE_0001";"NE_0001";"NE_0001";"NE_0001"
"2023";"08";"070106";"CALLAO";"CALLAO";"VENTANILLA";"GOBIERNO REGIONAL";"I-2";"00006268";"PUESTO DE SALUD DEFENSORES DE LA PATRIA";"NE_0001";"";"NE_0001";"NE_0001";"NE_0001";"NE_0001";"NE_0001";"NE_0001";"NE_0001"
"2023";"08";"150120";"LIMA";"LIMA";"MAGDALENA DEL MAR";"PRIVADO";"II-E";"00025749";"MEDAVAN";"240000";"HOSPITALIZACIÓN";"151";"154";"86";"169";"4";"120";"0"
"2023";"08";"150103";"LIMA";"LIMA";"ATE";"PRIVADO";"II-1";"00018584";"CLINICA MARIA DEL SOCORRO";"240000";"HOSPITALIZACIÓN";"163";"164";"235";"259";"20";"620";"0"
"2023";"08";"220909";"SAN MARTIN";"SAN MARTIN";"LA BANDA DE SHILCAYO";"GOBIERNO REGIONAL";"I-1";"00006365";"PUESTO DE SALUD BELLO HORIZONTE";"NE_0001";"";"NE_0001";"NE_0001";"NE_0001";"NE_0001";"NE_0001";"NE_0001";"NE_0001"
"2023";"03";"080602";"CUSCO";"CANCHIS";"CHECACUPE";"GOBIERNO REGIONAL";"I-2";"00002385";"CHECACUPE";"NE_0001";"";"NE_0001";"NE_0001";"NE_0001";"NE_0001";"NE_0001";"NE_0001";"NE_0001"
"2023";"03";"080608";"CUSCO";"CANCHIS";"TINTA";"GOBIERNO REGIONAL";"I-3";"00002397";"TINTA";"NE_0001";"";"NE_0001";"NE_0001";"NE_0001";"NE_0001";"NE_0001";"NE_0001";"NE_0001"
"2023";"03";"080204";"CUSCO";"ACOMAYO";"MOSOC LLACTA";"GOBIERNO REGIONAL";"I-2";"00002320";"MOSOCLLACTA";"NE_0001";"";"NE_0001";"NE_0001";"NE_0001";"NE_0001";"NE_0001";"NE_0001";"NE_0001"
"2023";"03";"080605";"CUSCO";"CANCHIS";"PITUMARCA";"GOBIERNO REGIONAL";"I-3";"00002392";"PITUMARCA";"NE_0001";"";"NE_0001";"NE_0001";"NE_0001";"NE_0001";"NE_0001";"NE_0001";"NE_0001"
"2023";"03";"080603";"CUSCO";"CANCHIS";"COMBAPATA";"GOBIERNO REGIONAL";"I-4";"00002386";"COMBAPATA CANCHIS";"NE_0001";"";"NE_0001";"NE_0001";"NE_0001";"NE_0001";"NE_0001";"NE_0001";"NE_0001"
"2023";"03";"080603";"CUSCO";"CANCHIS";"COMBAPATA";"GOBIERNO REGIONAL";"I-2";"00002387";"CHIARA";"NE_0001";"";"NE_0001";"NE_0001";"NE_0001";"NE_0001";"NE_0001";"NE_0001";"NE_0001"
"2023";"03";"080501";"CUSCO";"CANAS";"YANAOCA";"GOBIERNO REGIONAL";"I-2";"00018241";"HAMPATURA";"NE_0001";"";"NE_0001";"NE_0001";"NE_0001";"NE_0001";"NE_0001";"NE_0001";"NE_0001"
"2023";"03";"080506";"CUSCO";"CANAS";"PAMPAMARCA";"GOBIERNO REGIONAL";"I-2";"00002372";"PAMPAMARCA";"NE_0001";"";"NE_0001";"NE_0001";"NE_0001";"NE_0001";"NE_0001";"NE_0001";"NE_0001"
"2023";"03";"080508";"CUSCO";"CANAS";"TUPAC AMARU";"GOBIERNO REGIONAL";"I-1";"00002375";"SURIMANA";"NE_0001";"";"NE_0001";"NE_0001";"NE_0001";"NE_0001";"NE_0001";"NE_0001";"NE_0001"
"2023";"03";"080507";"CUSCO";"CANAS";"QUEHUE";"GOBIERNO REGIONAL";"I-2";"00002373";"QUEHUE";"NE_0001";"";"NE_0001";"NE_0001";"NE_0001";"NE_0001";"NE_0001";"NE_0001";"NE_0001"
"2023";"03";"080501";"CUSCO";"CANAS";"YANAOCA";"GOBIERNO REGIONAL";"I-4";"00002364";"YANAOCA";"NE_0001";"";"NE_0001";"NE_0001";"NE_0001";"NE_0001";"NE_0001";"NE_0001";"NE_0001"
"2023";"03";"080508";"CUSCO";"CANAS";"TUPAC AMARU";"GOBIERNO REGIONAL";"I-2";"00002376";"TUNGASUCA";"NE_0001";"";"NE_0001";"NE_0001";"NE_0001";"NE_0001";"NE_0001";"NE_0001";"NE_0001"
"2023";"03";"080501";"CUSCO";"CANAS";"YANAOCA";"GOBIERNO REGIONAL";"I-2";"00002365";"PONGOÑA";"NE_0001";"";"NE_0001";"NE_0001";"NE_0001";"NE_0001";"NE_0001";"NE_0001";"NE_0001"
"2023";"03";"080507";"CUSCO";"CANAS";"QUEHUE";"GOBIERNO REGIONAL";"I-2";"00002374";"HUINCHIRI";"NE_0001";"";"NE_0001";"NE_0001";"NE_0001";"NE_0001";"NE_0001";"NE_0001";"NE_0001"
"2023";"03";"080508";"CUSCO";"CANAS";"TUPAC AMARU";"GOBIERNO REGIONAL";"I-1";"00002377";"TOCCOCCORI";"NE_0001";"";"NE_0001";"NE_0001";"NE_0001";"NE_0001";"NE_0001";"NE_0001";"NE_0001"
"2023";"04";"130601";"LA LIBERTAD";"OTUZCO";"OTUZCO";"GOBIERNO REGIONAL";"II-1";"00005314";"HOSPITAL DE APOYO OTUZCO ELPIDIO BEROVIDES PEREZ";"240100";"HOSPITALIZACIÓN QUIRÚRGICA CIRUGÍA GENERAL ";"19";"18";"50";"48";"3";"90";"0"
"2023";"04";"130601";"LA LIBERTAD";"OTUZCO";"OTUZCO";"GOBIERNO REGIONAL";"II-1";"00005314";"HOSPITAL DE APOYO OTUZCO ELPIDIO BEROVIDES PEREZ";"241800";"HOSPITALIZACIÓN DE MEDICINA MEDICINA GENERAL ";"34";"31";"142";"150";"5";"176";"2"
"2023";"04";"130601";"LA LIBERTAD";"OTUZCO";"OTUZCO";"GOBIERNO REGIONAL";"II-1";"00005314";"HOSPITAL DE APOYO OTUZCO ELPIDIO BEROVIDES PEREZ";"243200";"HOSPITALIZACIÓN DE PEDIATRÍA PEDIATRIA NEONATOLOGÍA";"2";"0";"0";"18";"3";"89";"0"
"2023";"04";"130601";"LA LIBERTAD";"OTUZCO";"OTUZCO";"GOBIERNO REGIONAL";"II-1";"00005314";"HOSPITAL DE APOYO OTUZCO ELPIDIO BEROVIDES PEREZ";"242300";"HOSPITALIZACIÓN DE PEDIATRÍA  PEDIATRÍA  GENERAL ";"10";"8";"33";"42";"4";"120";"0"
"2023";"04";"130601";"LA LIBERTAD";"OTUZCO";"OTUZCO";"GOBIERNO REGIONAL";"II-1";"00005314";"HOSPITAL DE APOYO OTUZCO ELPIDIO BEROVIDES PEREZ";"241400";"HOSPITALIZACIÓN QUIRÚRGICA GINECO - OBSTETRICIA ";"20";"20";"42";"42";"3";"89";"0"
"2023";"04";"130601";"LA LIBERTAD";"OTUZCO";"OTUZCO";"GOBIERNO REGIONAL";"II-1";"00005314";"HOSPITAL DE APOYO OTUZCO ELPIDIO BEROVIDES PEREZ";"241500";"HOSPITALIZACIÓN QUIRÚRGICA GINECOLOGÍA  ";"19";"19";"26";"26";"3";"82";"0"
"2023";"04";"130601";"LA LIBERTAD";"OTUZCO";"OTUZCO";"GOBIERNO REGIONAL";"II-1";"00005314";"HOSPITAL DE APOYO OTUZCO ELPIDIO BEROVIDES PEREZ";"241600";"HOSPITALIZACIÓN QUIRÚRGICA OBSTETRICIA   ";"21";"18";"23";"30";"3";"74";"0"
"2023";"04";"021809";"ANCASH";"SANTA";"NUEVO CHIMBOTE";"GOBIERNO REGIONAL";"I-3";"00027144";"CENTRO DE SALUD MENTAL COMUNITARIO NUEVO PUERTO";"NE_0002";"";"NE_0002";"NE_0002";"NE_0002";"NE_0002";"NE_0002";"NE_0002";"NE_0002"
"2023";"04";"021905";"ANCASH";"SIHUAS";"CHINGALPO";"GOBIERNO REGIONAL";"I-1";"00001754";"PUESTO DE SALUD SAN MIGUEL";"NE_0002";"";"NE_0002";"NE_0002";"NE_0002";"NE_0002";"NE_0002";"NE_0002";"NE_0002"
"2023";"04";"021903";"ANCASH";"SIHUAS";"ALFONSO UGARTE";"GOBIERNO REGIONAL";"I-1";"00001805";"PUESTO DE SALUD ULLOLLUCO";"NE_0002";"";"NE_0002";"NE_0002";"NE_0002";"NE_0002";"NE_0002";"NE_0002";"NE_0002"
"2023";"04";"220511";"SAN MARTIN";"LAMAS";"ZAPATERO";"GOBIERNO REGIONAL";"I-1";"00006401";"PROGRESO";"NE_0002";"";"NE_0002";"NE_0002";"NE_0002";"NE_0002";"NE_0002";"NE_0002";"NE_0002"
"2023";"04";"220511";"SAN MARTIN";"LAMAS";"ZAPATERO";"GOBIERNO REGIONAL";"I-1";"00006403";"CARAÑAYACU";"NE_0002";"";"NE_0002";"NE_0002";"NE_0002";"NE_0002";"NE_0002";"NE_0002";"NE_0002"
"2023";"04";"220511";"SAN MARTIN";"LAMAS";"ZAPATERO";"GOBIERNO REGIONAL";"I-1";"00006405";"BAGAZAN";"NE_0002";"";"NE_0002";"NE_0002";"NE_0002";"NE_0002";"NE_0002";"NE_0002";"NE_0002"
"2023";"04";"220511";"SAN MARTIN";"LAMAS";"ZAPATERO";"GOBIERNO REGIONAL";"I-1";"00006404";"SANTA CRUZ DE SHITARIYACU";"NE_0002";"";"NE_0002";"NE_0002";"NE_0002";"NE_0002";"NE_0002";"NE_0002";"NE_0002"
"2023";"04";"220511";"SAN MARTIN";"LAMAS";"ZAPATERO";"GOBIERNO REGIONAL";"I-1";"00006402";"UCHUMULLACA";"NE_0002";"";"NE_0002";"NE_0002";"NE_0002";"NE_0002";"NE_0002";"NE_0002";"NE_0002"
"2023";"04";"220505";"SAN MARTIN";"LAMAS";"CUÑUMBUQUI";"GOBIERNO REGIONAL";"I-1";"00006372";"SAN FRANCISCO DEL RIO MAYO";"NE_0002";"";"NE_0002";"NE_0002";"NE_0002";"NE_0002";"NE_0002";"NE_0002";"NE_0002"
"2023";"04";"220511";"SAN MARTIN";"LAMAS";"ZAPATERO";"GOBIERNO REGIONAL";"I-1";"00006398";"SAN FERNANDO";"NE_0002";"";"NE_0002";"NE_0002";"NE_0002";"NE_0002";"NE_0002";"NE_0002";"NE_0002"
"2023";"04";"220505";"SAN MARTIN";"LAMAS";"CUÑUMBUQUI";"GOBIERNO REGIONAL";"I-1";"00006784";"ALTO ANDINO";"NE_0002";"";"NE_0002";"NE_0002";"NE_0002";"NE_0002";"NE_0002";"NE_0002";"NE_0002"
"2023";"04";"220505";"SAN MARTIN";"LAMAS";"CUÑUMBUQUI";"GOBIERNO REGIONAL";"I-3";"00006396";"CUÑUMBUQUE";"241600";"HOSPITALIZACIÓN QUIRÚRGICA OBSTETRICIA   ";"2";"2";"2";"2";"2";"60";"0"
"2023";"04";"220511";"SAN MARTIN";"LAMAS";"ZAPATERO";"GOBIERNO REGIONAL";"I-1";"00006399";"ZAPATERO";"NE_0002";"";"NE_0002";"NE_0002";"NE_0002";"NE_0002";"NE_0002";"NE_0002";"NE_0002"
"2023";"04";"220511";"SAN MARTIN";"LAMAS";"ZAPATERO";"GOBIERNO REGIONAL";"I-1";"00006406";"NUEVO MUNDO";"NE_0002";"";"NE_0002";"NE_0002";"NE_0002";"NE_0002";"NE_0002";"NE_0002";"NE_0002"
"2023";"04";"220511";"SAN MARTIN";"LAMAS";"ZAPATERO";"GOBIERNO REGIONAL";"I-1";"00006810";"VISTOSO GRANDE";"NE_0002";"";"NE_0002";"NE_0002";"NE_0002";"NE_0002";"NE_0002";"NE_0002";"NE_0002"
"2023";"04";"220505";"SAN MARTIN";"LAMAS";"CUÑUMBUQUI";"GOBIERNO REGIONAL";"I-1";"00006378";"MAMONAQUIHUA";"NE_0002";"";"NE_0002";"NE_0002";"NE_0002";"NE_0002";"NE_0002";"NE_0002";"NE_0002"
"2023";"04";"220505";"SAN MARTIN";"LAMAS";"CUÑUMBUQUI";"GOBIERNO REGIONAL";"I-1";"00006397";"SAN RAFAEL DEL RIO MAYO";"NE_0002";"";"NE_0002";"NE_0002";"NE_0002";"NE_0002";"NE_0002";"NE_0002";"NE_0002"
"2023";"04";"220511";"SAN MARTIN";"LAMAS";"ZAPATERO";"GOBIERNO REGIONAL";"I-1";"00006400";"NUEVO CELENDIN";"NE_0002";"";"NE_0002";"NE_0002";"NE_0002";"NE_0002";"NE_0002";"NE_0002";"NE_0002"
"2023";"04";"220505";"SAN MARTIN";"LAMAS";"CUÑUMBUQUI";"GOBIERNO REGIONAL";"I-1";"00006377";"LAS FLORES DE MAMONAQUIHUA";"NE_0002";"";"NE_0002";"NE_0002";"NE_0002";"NE_0002";"NE_0002";"NE_0002";"NE_0002"
"2023";"04";"210101";"PUNO";"PUNO";"PUNO";"PRIVADO";"II-E";"00009683";"CLINICA PROSALUD";"240000";"HOSPITALIZACIÓN";"15";"15";"35";"35";"5";"150";"0"
"2023";"04";"130101";"LA LIBERTAD";"TRUJILLO";"TRUJILLO";"PRIVADO";"II-E";"00021508";"SMQ QUIRUMEDIC SAC";"240000";"HOSPITALIZACIÓN";"230";"225";"215";"215";"15";"460";"0"
"2023";"07";"080909";"CUSCO";"LA CONVENCION";"VILCABAMBA";"GOBIERNO REGIONAL";"I-4";"00002480";"PUCYURA";"NE_0001";"";"NE_0001";"NE_0001";"NE_0001";"NE_0001";"NE_0001";"NE_0001";"NE_0001"
"2023";"07";"080911";"CUSCO";"LA CONVENCION";"INKAWASI";"GOBIERNO REGIONAL";"I-1";"00002481";"CCARCCO";"NE_0001";"";"NE_0001";"NE_0001";"NE_0001";"NE_0001";"NE_0001";"NE_0001";"NE_0001"
"2023";"07";"080909";"CUSCO";"LA CONVENCION";"VILCABAMBA";"GOBIERNO REGIONAL";"I-1";"00002486";"PAMPACONAS";"NE_0001";"";"NE_0001";"NE_0001";"NE_0001";"NE_0001";"NE_0001";"NE_0001";"NE_0001"
"2023";"07";"080909";"CUSCO";"LA CONVENCION";"VILCABAMBA";"GOBIERNO REGIONAL";"I-2";"00002484";"OYARA";"NE_0001";"";"NE_0001";"NE_0001";"NE_0001";"NE_0001";"NE_0001";"NE_0001";"NE_0001"
"2023";"07";"080909";"CUSCO";"LA CONVENCION";"VILCABAMBA";"GOBIERNO REGIONAL";"I-1";"00002490";"ARMA";"NE_0001";"";"NE_0001";"NE_0001";"NE_0001";"NE_0001";"NE_0001";"NE_0001";"NE_0001"
"2023";"07";"080912";"CUSCO";"LA CONVENCION";"VILLA VIRGEN";"GOBIERNO REGIONAL";"I-1";"00013070";"CHANCAVINE";"NE_0001";"";"NE_0001";"NE_0001";"NE_0001";"NE_0001";"NE_0001";"NE_0001";"NE_0001"
"2023";"07";"080911";"CUSCO";"LA CONVENCION";"INKAWASI";"GOBIERNO REGIONAL";"I-1";"00002485";"PACCAYBAMBA";"NE_0001";"";"NE_0001";"NE_0001";"NE_0001";"NE_0001";"NE_0001";"NE_0001";"NE_0001"
"2023";"07";"080911";"CUSCO";"LA CONVENCION";"INKAWASI";"GOBIERNO REGIONAL";"I-1";"00002491";"LUCMAHUAYCO";"NE_0001";"";"NE_0001";"NE_0001";"NE_0001";"NE_0001";"NE_0001";"NE_0001";"NE_0001"
"2023";"07";"080909";"CUSCO";"LA CONVENCION";"VILCABAMBA";"GOBIERNO REGIONAL";"I-1";"00002492";"PALTAYBAMBA";"NE_0001";"";"NE_0001";"NE_0001";"NE_0001";"NE_0001";"NE_0001";"NE_0001";"NE_0001"
"2023";"07";"080911";"CUSCO";"LA CONVENCION";"INKAWASI";"GOBIERNO REGIONAL";"I-3";"00002482";"INCAHUASI";"NE_0001";"";"NE_0001";"NE_0001";"NE_0001";"NE_0001";"NE_0001";"NE_0001";"NE_0001"
"2023";"07";"080911";"CUSCO";"LA CONVENCION";"INKAWASI";"GOBIERNO REGIONAL";"I-1";"00002487";"CHOQUETIRA";"NE_0001";"";"NE_0001";"NE_0001";"NE_0001";"NE_0001";"NE_0001";"NE_0001";"NE_0001"
"2023";"09";"160201";"LORETO";"ALTO AMAZONAS";"YURIMAGUAS";"ESSALUD";"II-1";"00020274";"ESSALUD - HOSPITAL I YURIMAGUAS";"241800";"HOSPITALIZACIÓN DE MEDICINA MEDICINA GENERAL ";"54";"59";"199";"185";"7";"210";"3"
"2023";"09";"160201";"LORETO";"ALTO AMAZONAS";"YURIMAGUAS";"ESSALUD";"II-1";"00020274";"ESSALUD - HOSPITAL I YURIMAGUAS";"241600";"HOSPITALIZACIÓN QUIRÚRGICA OBSTETRICIA   ";"28";"29";"83";"80";"3";"90";"0"
"2023";"09";"150131";"LIMA";"LIMA";"SAN ISIDRO";"PRIVADO";"II-1";"00009888";"CLINICA UNIPLAST S.A.C.";"240800";"HOSPITALIZACIÓN QUIRÚRGICA CIRUGÍA PLÁSTICA/RECONSTRUCTIVA/ REPARADORA ";"9";"9";"9";"9";"3";"90";"0"
"2023";"09";"170101";"MADRE DE DIOS";"TAMBOPATA";"TAMBOPATA";"ESSALUD";"II-1";"00009319";"HOSPITAL I VICTOR ALFREDO LAZO PERALTA";"241800";"HOSPITALIZACIÓN DE MEDICINA MEDICINA GENERAL ";"45";"47";"295";"292";"22";"660";"7"
"2023";"09";"170101";"MADRE DE DIOS";"TAMBOPATA";"TAMBOPATA";"ESSALUD";"II-1";"00009319";"HOSPITAL I VICTOR ALFREDO LAZO PERALTA";"241400";"HOSPITALIZACIÓN QUIRÚRGICA GINECO - OBSTETRICIA ";"52";"48";"132";"128";"10";"300";"0"
"2023";"09";"170101";"MADRE DE DIOS";"TAMBOPATA";"TAMBOPATA";"ESSALUD";"II-1";"00009319";"HOSPITAL I VICTOR ALFREDO LAZO PERALTA";"242300";"HOSPITALIZACIÓN DE PEDIATRÍA  PEDIATRÍA  GENERAL ";"69";"69";"174";"171";"10";"300";"0"
"2023";"09";"170101";"MADRE DE DIOS";"TAMBOPATA";"TAMBOPATA";"ESSALUD";"II-1";"00009319";"HOSPITAL I VICTOR ALFREDO LAZO PERALTA";"242300";"HOSPITALIZACIÓN DE PEDIATRÍA  PEDIATRÍA  GENERAL ";"21";"19";"54";"53";"4";"120";"0"
"2023";"09";"110401";"ICA";"PALPA";"PALPA";"ESSALUD";"I-3";"00010483";"PALPA";"NE_0001";"";"NE_0001";"NE_0001";"NE_0001";"NE_0001";"NE_0001";"NE_0001";"NE_0001"
"2023";"09";"200101";"PIURA";"PIURA";"PIURA";"PRIVADO";"II-1";"00018310";"SANNA - CLINICA BELEN";"240000";"HOSPITALIZACIÓN";"271";"283";"720";"782";"34";"1020";"2"
"2023";"09";"200101";"PIURA";"PIURA";"PIURA";"PRIVADO";"II-1";"00018310";"SANNA - CLINICA BELEN";"250100";"UNIDAD DE CUIDADOS CRITICOS UNIDAD  DE CUIDADOS INTENSIVOS GENERALES (UCI) ";"11";"9";"51";"62";"5";"150";"1"
"2023";"09";"040118";"AREQUIPA";"AREQUIPA";"SAN JUAN DE SIGUAS";"GOBIERNO REGIONAL";"I-1";"00001339";"PUESTO DE SALUD SAN JUAN DE SIGUAS - TAMBILLO";"NE_0001";"";"NE_0001";"NE_0001";"NE_0001";"NE_0001";"NE_0001";"NE_0001";"NE_0001"
"2023";"09";"040520";"AREQUIPA";"CAYLLOMA";"MAJES";"GOBIERNO REGIONAL";"I-3";"00023969";"CENTRO DE SALUD MENTAL COMUNITARIO MAJES";"NE_0001";"";"NE_0001";"NE_0001";"NE_0001";"NE_0001";"NE_0001";"NE_0001";"NE_0001"
"2023";"09";"040520";"AREQUIPA";"CAYLLOMA";"MAJES";"GOBIERNO REGIONAL";"I-2";"00001341";"ASENTAMIENTO B-1";"NE_0001";"";"NE_0001";"NE_0001";"NE_0001";"NE_0001";"NE_0001";"NE_0001";"NE_0001"
"2023";"09";"040520";"AREQUIPA";"CAYLLOMA";"MAJES";"GOBIERNO REGIONAL";"0";"00030864";"HOGAR PROTEGIDO ""HACIA UNA NUEVA VIDA""";"NE_0001";"";"NE_0001";"NE_0001";"NE_0001";"NE_0001";"NE_0001";"NE_0001";"NE_0001"
"2023";"09";"040120";"AREQUIPA";"AREQUIPA";"SANTA ISABEL DE SIGUAS";"GOBIERNO REGIONAL";"I-2";"00001378";"PUESTO DE SALUD SONDOR";"NE_0001";"";"NE_0001";"NE_0001";"NE_0001";"NE_0001";"NE_0001";"NE_0001";"NE_0001"
"2023";"09";"040520";"AREQUIPA";"CAYLLOMA";"MAJES";"GOBIERNO REGIONAL";"I-2";"00001342";"PUESTO DE SALUD  B-2";"NE_0001";"";"NE_0001";"NE_0001";"NE_0001";"NE_0001";"NE_0001";"NE_0001";"NE_0001"
"2023";"09";"040120";"AREQUIPA";"AREQUIPA";"SANTA ISABEL DE SIGUAS";"GOBIERNO REGIONAL";"I-2";"00001336";"SANTA ISABEL DE SIGUAS";"NE_0001";"";"NE_0001";"NE_0001";"NE_0001";"NE_0001";"NE_0001";"NE_0001";"NE_0001"
"2023";"09";"040120";"AREQUIPA";"AREQUIPA";"SANTA ISABEL DE SIGUAS";"GOBIERNO REGIONAL";"I-1";"00001337";"PUESTO DE SALUD PITAY";"NE_0001";"";"NE_0001";"NE_0001";"NE_0001";"NE_0001";"NE_0001";"NE_0001";"NE_0001"
"2023";"09";"040520";"AREQUIPA";"CAYLLOMA";"MAJES";"GOBIERNO REGIONAL";"I-3";"00001326";"CENTRO DE SALUD LA COLINA";"NE_0001";"";"NE_0001";"NE_0001";"NE_0001";"NE_0001";"NE_0001";"NE_0001";"NE_0001"
"2023";"09";"040511";"AREQUIPA";"CAYLLOMA";"LLUTA";"GOBIERNO REGIONAL";"I-2";"00001340";"PUESTO DE SALUD QUERQUE";"NE_0001";"";"NE_0001";"NE_0001";"NE_0001";"NE_0001";"NE_0001";"NE_0001";"NE_0001"
"2023";"09";"040105";"AREQUIPA";"AREQUIPA";"CHARACATO";"GOBIERNO REGIONAL";"I-3";"00001261";"CENTRO DE SALUD DE CHARACATO";"NE_0001";"";"NE_0001";"NE_0001";"NE_0001";"NE_0001";"NE_0001";"NE_0001";"NE_0001"
"2023";"09";"040113";"AREQUIPA";"AREQUIPA";"POCSI";"GOBIERNO REGIONAL";"I-1";"00001289";"PUESTO DE SALUD PIACA";"NE_0001";"";"NE_0001";"NE_0001";"NE_0001";"NE_0001";"NE_0001";"NE_0001";"NE_0001"
"2023";"09";"040111";"AREQUIPA";"AREQUIPA";"MOLLEBAYA";"GOBIERNO REGIONAL";"I-2";"00001285";"PUESTO DE SALUD MOLLEBAYA";"NE_0001";"";"NE_0001";"NE_0001";"NE_0001";"NE_0001";"NE_0001";"NE_0001";"NE_0001"
"2023";"09";"040114";"AREQUIPA";"AREQUIPA";"POLOBAYA";"GOBIERNO REGIONAL";"I-2";"00001262";"PUESTO DE SALUD POLOBAYA";"NE_0001";"";"NE_0001";"NE_0001";"NE_0001";"NE_0001";"NE_0001";"NE_0001";"NE_0001"
"2023";"09";"040116";"AREQUIPA";"AREQUIPA";"SABANDIA";"GOBIERNO REGIONAL";"I-2";"00001284";"PUESTO DE SALUD LEOPOLDO RONDON - SABANDIA";"NE_0001";"";"NE_0001";"NE_0001";"NE_0001";"NE_0001";"NE_0001";"NE_0001";"NE_0001"
"2023";"05";"150131";"LIMA";"LIMA";"SAN ISIDRO";"PRIVADO";"II-E";"00010402";"LASER VISION CENTER & ASOCIADOS S.A.C.";"NE_0001";"";"NE_0001";"NE_0001";"NE_0001";"NE_0001";"NE_0001";"NE_0001";"NE_0001"
"2023";"05";"150131";"LIMA";"LIMA";"SAN ISIDRO";"PRIVADO";"II-E";"00009288";"NOVOCLINIC";"NE_0001";"";"NE_0001";"NE_0001";"NE_0001";"NE_0001";"NE_0001";"NE_0001";"NE_0001"
"2023";"03";"150108";"LIMA";"LIMA";"CHORRILLOS";"PRIVADO";"II-1";"00011950";"CLINICA CHORRILLOS";"NE_0002";"";"NE_0002";"NE_0002";"NE_0002";"NE_0002";"NE_0002";"NE_0002";"NE_0002"
"2023";"06";"150135";"LIMA";"LIMA";"SAN MARTIN DE PORRES";"SANIDAD DE LA POLICIA NACIONAL DEL PERU";"I-2";"00012739";"POLICLINICO POLICIAL SAN DIEGO";"NE_0001";"";"NE_0001";"NE_0001";"NE_0001";"NE_0001";"NE_0001";"NE_0001";"NE_0001"
"2023";"06";"080910";"CUSCO";"LA CONVENCION";"PICHARI";"SANIDAD DE LA POLICIA NACIONAL DEL PERU";"I-2";"00027230";"MEDICA POLICIAL PICHARI";"NE_0001";"";"NE_0001";"NE_0001";"NE_0001";"NE_0001";"NE_0001";"NE_0001";"NE_0001"
"2023";"06";"081003";"CUSCO";"PARURO";"CCAPI";"GOBIERNO REGIONAL";"I-2";"00002501";"CCAPI";"NE_0002";"";"NE_0002";"NE_0002";"NE_0002";"NE_0002";"NE_0002";"NE_0002";"NE_0002"
"2023";"06";"081003";"CUSCO";"PARURO";"CCAPI";"GOBIERNO REGIONAL";"I-2";"00002502";"CCOYABAMBA";"NE_0002";"";"NE_0002";"NE_0002";"NE_0002";"NE_0002";"NE_0002";"NE_0002";"NE_0002"
"2023";"06";"081005";"CUSCO";"PARURO";"HUANOQUITE";"GOBIERNO REGIONAL";"I-2";"00002504";"HUANOQUITE";"NE_0002";"";"NE_0002";"NE_0002";"NE_0002";"NE_0002";"NE_0002";"NE_0002";"NE_0002"
"2023";"06";"081004";"CUSCO";"PARURO";"COLCHA";"GOBIERNO REGIONAL";"I-1";"00006978";"CCOCHIRIHUAY";"NE_0002";"";"NE_0002";"NE_0002";"NE_0002";"NE_0002";"NE_0002";"NE_0002";"NE_0002"
"2023";"06";"081006";"CUSCO";"PARURO";"OMACHA";"GOBIERNO REGIONAL";"I-2";"00002506";"ANTAPALLPA";"NE_0002";"";"NE_0002";"NE_0002";"NE_0002";"NE_0002";"NE_0002";"NE_0002";"NE_0002"
"2023";"06";"081007";"CUSCO";"PARURO";"PACCARITAMBO";"GOBIERNO REGIONAL";"I-2";"00002507";"PACCARECTAMBO";"NE_0002";"";"NE_0002";"NE_0002";"NE_0002";"NE_0002";"NE_0002";"NE_0002";"NE_0002"
"2023";"06";"081006";"CUSCO";"PARURO";"OMACHA";"GOBIERNO REGIONAL";"I-1";"00012924";"SAHUA SAHUA";"NE_0002";"";"NE_0002";"NE_0002";"NE_0002";"NE_0002";"NE_0002";"NE_0002";"NE_0002"
"2023";"06";"150130";"LIMA";"LIMA";"SAN BORJA";"MINSA";"III-2";"00016918";"INSTITUTO NACIONAL DE SALUD NIÑO SAN BORJA";"242100";"HOSPITALIZACIÓN DE MEDICINA ONCOLOGÍA MÉDICA ";"15";"14";"430";"448";"17";"510";"0"
"2023";"06";"150130";"LIMA";"LIMA";"SAN BORJA";"MINSA";"III-2";"00016918";"INSTITUTO NACIONAL DE SALUD NIÑO SAN BORJA";"244500";"HOSPITALIZACIÓN DE MEDICINA HEMATOLOGÍA ";"31";"30";"622";"617";"21";"643";"0"
"2023";"06";"150130";"LIMA";"LIMA";"SAN BORJA";"MINSA";"III-2";"00016918";"INSTITUTO NACIONAL DE SALUD NIÑO SAN BORJA";"240400";"HOSPITALIZACIÓN QUIRÚRGICA CIRUGÍA DE TÓRAX Y CARDIOVASCULAR ";"55";"60";"1633";"1033";"35";"1048";"1"
"2023";"06";"150130";"LIMA";"LIMA";"SAN BORJA";"MINSA";"III-2";"00016918";"INSTITUTO NACIONAL DE SALUD NIÑO SAN BORJA";"240700";"HOSPITALIZACIÓN QUIRÚRGICA CIRUGÍA PEDIÁTRICA ";"55";"62";"1050";"996";"34";"1009";"1"
"2023";"06";"150130";"LIMA";"LIMA";"SAN BORJA";"MINSA";"III-2";"00016918";"INSTITUTO NACIONAL DE SALUD NIÑO SAN BORJA";"240900";"HOSPITALIZACIÓN QUIRÚRGICA NEUROCIRUGÍA ";"46";"45";"1109";"1007";"35";"1035";"2"
"2023";"06";"150130";"LIMA";"LIMA";"SAN BORJA";"MINSA";"III-2";"00016918";"INSTITUTO NACIONAL DE SALUD NIÑO SAN BORJA";"240100";"HOSPITALIZACIÓN QUIRÚRGICA CIRUGÍA GENERAL ";"96";"93";"886";"962";"33";"998";"0"
"2023";"06";"150130";"LIMA";"LIMA";"SAN BORJA";"MINSA";"III-2";"00016918";"INSTITUTO NACIONAL DE SALUD NIÑO SAN BORJA";"242300";"HOSPITALIZACIÓN DE PEDIATRÍA  PEDIATRÍA  GENERAL ";"42";"38";"445";"842";"29";"876";"3"
"2023";"06";"150130";"LIMA";"LIMA";"SAN BORJA";"MINSA";"III-2";"00016918";"INSTITUTO NACIONAL DE SALUD NIÑO SAN BORJA";"240801";"HOSPITALIZACIÓN QUIRÚRGICA CIRUGÍA PLÁSTICA/RECONSTRUCTIVA/ REPARADORA QUEMADOS";"65";"62";"660";"475";"18";"535";"0"
"2023";"06";"150130";"LIMA";"LIMA";"SAN BORJA";"MINSA";"III-2";"00016918";"INSTITUTO NACIONAL DE SALUD NIÑO SAN BORJA";"250201";"UNIDAD DE CUIDADOS CRITICOS UNIDAD DE CUIDADOS INTERMEDIOS  (UCIN) NEONATAL";"7";"7";"171";"157";"6";"180";"0"
"2023";"06";"150130";"LIMA";"LIMA";"SAN BORJA";"MINSA";"III-2";"00016918";"INSTITUTO NACIONAL DE SALUD NIÑO SAN BORJA";"250101";"UNIDAD DE CUIDADOS CRITICOS UNIDAD  DE CUIDADOS INTENSIVOS GENERALES (UCI) CARDIOLOGIA";"5";"1";"50";"269";"9";"270";"1"
"2023";"06";"150130";"LIMA";"LIMA";"SAN BORJA";"MINSA";"III-2";"00016918";"INSTITUTO NACIONAL DE SALUD NIÑO SAN BORJA";"250111";"UNIDAD DE CUIDADOS CRITICOS UNIDAD  DE CUIDADOS INTENSIVOS  (UCI) CARDIOVASCULAR";"8";"3";"119";"388";"14";"416";"3"
"2023";"06";"150130";"LIMA";"LIMA";"SAN BORJA";"MINSA";"III-2";"00016918";"INSTITUTO NACIONAL DE SALUD NIÑO SAN BORJA";"250105";"UNIDAD DE CUIDADOS CRITICOS UNIDAD  DE CUIDADOS INTENSIVOS  (UCI) NEONATOLOGÍA";"4";"0";"0";"210";"8";"240";"0"
"2023";"06";"150130";"LIMA";"LIMA";"SAN BORJA";"MINSA";"III-2";"00016918";"INSTITUTO NACIONAL DE SALUD NIÑO SAN BORJA";"250107";"UNIDAD DE CUIDADOS CRITICOS UNIDAD  DE CUIDADOS INTENSIVOS  (UCI) NEUROQUIRÚRGICA";"6";"3";"32";"284";"10";"300";"3"
"2023";"06";"150130";"LIMA";"LIMA";"SAN BORJA";"MINSA";"III-2";"00016918";"INSTITUTO NACIONAL DE SALUD NIÑO SAN BORJA";"250400";"UNIDAD DE CUIDADOS CRITICOS UNIDAD DE QUEMADOS (GRAN QUEMADO) ";"1";"2";"98";"132";"5";"136";"2"
"2023";"06";"150130";"LIMA";"LIMA";"SAN BORJA";"MINSA";"III-2";"00016918";"INSTITUTO NACIONAL DE SALUD NIÑO SAN BORJA";"240500";"HOSPITALIZACIÓN QUIRÚRGICA CIRUGÍA DE TRANSPLANTES ";"9";"11";"80";"92";"5";"164";"0"
"2023";"06";"150130";"LIMA";"LIMA";"SAN BORJA";"MINSA";"III-2";"00016918";"INSTITUTO NACIONAL DE SALUD NIÑO SAN BORJA";"243600";"HOSPITALIZACIÓN DE PEDIATRÍA PEDIATRIA ONCOLOGÍA PEDIÁTRICA";"2";"0";"0";"80";"3";"90";"0"
"2023";"06";"150130";"LIMA";"LIMA";"SAN BORJA";"MINSA";"III-2";"00016918";"INSTITUTO NACIONAL DE SALUD NIÑO SAN BORJA";"250108";"UNIDAD DE CUIDADOS CRITICOS UNIDAD  DE CUIDADOS INTENSIVOS  (UCI) PEDIÁTRICA";"9";"7";"286";"341";"12";"360";"7"
"2023";"07";"060101";"CAJAMARCA";"CAJAMARCA";"CAJAMARCA";"PRIVADO";"0";"00018126";"LABORATORIO LLONTOP S.R.L.";"NE_0001";"";"NE_0001";"NE_0001";"NE_0001";"NE_0001";"NE_0001";"NE_0001";"NE_0001"
"2023";"07";"120114";"JUNIN";"HUANCAYO";"EL TAMBO";"PRIVADO";"II-1";"00008024";"CLINICA CAYETANO HEREDIA";"240000";"HOSPITALIZACIÓN";"198";"192";"587";"607";"45";"1397";"0"
"2023";"07";"120114";"JUNIN";"HUANCAYO";"EL TAMBO";"PRIVADO";"II-1";"00008024";"CLINICA CAYETANO HEREDIA";"241400";"HOSPITALIZACIÓN QUIRÚRGICA GINECO - OBSTETRICIA ";"56";"51";"119";"84";"8";"249";"0"
"2023";"07";"230110";"TACNA";"TACNA";"CORONEL GREGORIO ALBARRACIN L.";"ESSALUD";"I-3";"00010222";"CENTRO  DE ATENCION PRIMARIA II ""LUIS PALZA LEVANO""";"NE_0001";"";"NE_0001";"NE_0001";"NE_0001";"NE_0001";"NE_0001";"NE_0001";"NE_0001"
"2023";"07";"220104";"SAN MARTIN";"MOYOBAMBA";"JEPELACIO";"GOBIERNO REGIONAL";"I-3";"00006349";"LA HUARPIA";"NE_0001";"";"NE_0001";"NE_0001";"NE_0001";"NE_0001";"NE_0001";"NE_0001";"NE_0001"
"2023";"07";"040101";"AREQUIPA";"AREQUIPA";"AREQUIPA";"GOBIERNO REGIONAL";"III-1";"00001231";"HOSPITAL REGIONAL HONORIO DELGADO ESPINOZA";"241800";"HOSPITALIZACIÓN DE MEDICINA MEDICINA GENERAL ";"258";"263";"4579";"3928";"140";"4343";"30"
"2023";"07";"040101";"AREQUIPA";"AREQUIPA";"AREQUIPA";"GOBIERNO REGIONAL";"III-1";"00001231";"HOSPITAL REGIONAL HONORIO DELGADO ESPINOZA";"245300";"HOSPITALIZACIÓN DE MEDICINA NEUMOLOGÍA  ";"54";"61";"1076";"952";"47";"1457";"2"
"2023";"07";"040101";"AREQUIPA";"AREQUIPA";"AREQUIPA";"GOBIERNO REGIONAL";"III-1";"00001231";"HOSPITAL REGIONAL HONORIO DELGADO ESPINOZA";"244000";"HOSPITALIZACIÓN DE MEDICINA CARDIOLOGIA ";"15";"15";"102";"101";"4";"124";"0"
"2023";"07";"040101";"AREQUIPA";"AREQUIPA";"AREQUIPA";"GOBIERNO REGIONAL";"III-1";"00001231";"HOSPITAL REGIONAL HONORIO DELGADO ESPINOZA";"242200";"HOSPITALIZACIÓN DE MEDICINA PSIQUIATRÍA ";"32";"32";"476";"727";"32";"995";"0"
"2023";"07";"040101";"AREQUIPA";"AREQUIPA";"AREQUIPA";"GOBIERNO REGIONAL";"III-1";"00001231";"HOSPITAL REGIONAL HONORIO DELGADO ESPINOZA";"240100";"HOSPITALIZACIÓN QUIRÚRGICA CIRUGÍA GENERAL ";"379";"382";"4051";"3711";"140";"4340";"3"
"2023";"07";"040101";"AREQUIPA";"AREQUIPA";"AREQUIPA";"GOBIERNO REGIONAL";"III-1";"00001231";"HOSPITAL REGIONAL HONORIO DELGADO ESPINOZA";"240900";"HOSPITALIZACIÓN QUIRÚRGICA NEUROCIRUGÍA ";"26";"37";"570";"519";"22";"682";"0"
"2023";"07";"040101";"AREQUIPA";"AREQUIPA";"AREQUIPA";"GOBIERNO REGIONAL";"III-1";"00001231";"HOSPITAL REGIONAL HONORIO DELGADO ESPINOZA";"240800";"HOSPITALIZACIÓN QUIRÚRGICA CIRUGÍA PLÁSTICA/RECONSTRUCTIVA/ REPARADORA ";"14";"15";"209";"200";"10";"310";"0"
"2023";"07";"040101";"AREQUIPA";"AREQUIPA";"AREQUIPA";"GOBIERNO REGIONAL";"III-1";"00001231";"HOSPITAL REGIONAL HONORIO DELGADO ESPINOZA";"250100";"UNIDAD DE CUIDADOS CRITICOS UNIDAD  DE CUIDADOS INTENSIVOS GENERALES (UCI) ";"24";"17";"515";"633";"22";"682";"25"
"2023";"07";"040101";"AREQUIPA";"AREQUIPA";"AREQUIPA";"GOBIERNO REGIONAL";"III-1";"00001231";"HOSPITAL REGIONAL HONORIO DELGADO ESPINOZA";"250108";"UNIDAD DE CUIDADOS CRITICOS UNIDAD  DE CUIDADOS INTENSIVOS  (UCI) PEDIÁTRICA";"12";"2";"11";"165";"6";"186";"0"
"2023";"07";"040101";"AREQUIPA";"AREQUIPA";"AREQUIPA";"GOBIERNO REGIONAL";"III-1";"00001231";"HOSPITAL REGIONAL HONORIO DELGADO ESPINOZA";"242300";"HOSPITALIZACIÓN DE PEDIATRÍA  PEDIATRÍA  GENERAL ";"217";"232";"1814";"1736";"65";"2016";"1"
"2023";"07";"040101";"AREQUIPA";"AREQUIPA";"AREQUIPA";"GOBIERNO REGIONAL";"III-1";"00001231";"HOSPITAL REGIONAL HONORIO DELGADO ESPINOZA";"243200";"HOSPITALIZACIÓN DE PEDIATRÍA PEDIATRIA NEONATOLOGÍA";"85";"96";"734";"579";"30";"930";"3"
"2023";"07";"040101";"AREQUIPA";"AREQUIPA";"AREQUIPA";"GOBIERNO REGIONAL";"III-1";"00001231";"HOSPITAL REGIONAL HONORIO DELGADO ESPINOZA";"250105";"UNIDAD DE CUIDADOS CRITICOS UNIDAD  DE CUIDADOS INTENSIVOS  (UCI) NEONATOLOGÍA";"14";"1";"2";"200";"7";"217";"1"
"2023";"07";"040101";"AREQUIPA";"AREQUIPA";"AREQUIPA";"GOBIERNO REGIONAL";"III-1";"00001231";"HOSPITAL REGIONAL HONORIO DELGADO ESPINOZA";"241600";"HOSPITALIZACIÓN QUIRÚRGICA OBSTETRICIA   ";"482";"453";"1228";"1208";"54";"1666";"0"
"2023";"07";"040101";"AREQUIPA";"AREQUIPA";"AREQUIPA";"GOBIERNO REGIONAL";"III-1";"00001231";"HOSPITAL REGIONAL HONORIO DELGADO ESPINOZA";"241500";"HOSPITALIZACIÓN QUIRÚRGICA GINECOLOGÍA  ";"89";"72";"402";"498";"27";"837";"0"
"2023";"07";"150141";"LIMA";"LIMA";"SURQUILLO";"PRIVADO";"II-E";"00025930";"CLINICA SANENS";"240000";"HOSPITALIZACIÓN";"123";"105";"179";"12102";"7";"217";"0"
"2023";"07";"150101";"LIMA";"LIMA";"LIMA";"ESSALUD";"I-3";"00008880";"CENTRO MEDICO ANCIJE";"NE_0001";"";"NE_0001";"NE_0001";"NE_0001";"NE_0001";"NE_0001";"NE_0001";"NE_0001"
"2023";"07";"120114";"JUNIN";"HUANCAYO";"EL TAMBO";"ESSALUD";"III-1";"00008652";"HOSPITAL NACIONAL RAMIRO PRIALE PRIALE";"242600";"HOSPITALIZACIÓN DE PEDIATRÍA PEDIATRIA CARDIOLOGÍA PEDIÁTRICA";"3";"3";"24";"26";"1";"31";"0"
"2023";"07";"120114";"JUNIN";"HUANCAYO";"EL TAMBO";"ESSALUD";"III-1";"00008652";"HOSPITAL NACIONAL RAMIRO PRIALE PRIALE";"242900";"HOSPITALIZACIÓN DE PEDIATRÍA PEDIATRIA GASTROENTEROLOGÍA PEDIÁTRICA";"12";"13";"142";"221";"8";"248";"0"
"2023";"07";"120114";"JUNIN";"HUANCAYO";"EL TAMBO";"ESSALUD";"III-1";"00008652";"HOSPITAL NACIONAL RAMIRO PRIALE PRIALE";"242202";"HOSPITALIZACIÓN DE MEDICINA PSIQUIATRÍA PSIQUIATRÍA DEL ADULTO Y GERONTE";"32";"39";"523";"417";"14";"434";"5"
"2023";"07";"120114";"JUNIN";"HUANCAYO";"EL TAMBO";"ESSALUD";"III-1";"00008652";"HOSPITAL NACIONAL RAMIRO PRIALE PRIALE";"241900";"HOSPITALIZACIÓN DE MEDICINA MEDICINA INTERNA ";"102";"90";"1558";"1695";"55";"1705";"12"
"2023";"07";"120114";"JUNIN";"HUANCAYO";"EL TAMBO";"ESSALUD";"III-1";"00008652";"HOSPITAL NACIONAL RAMIRO PRIALE PRIALE";"243100";"HOSPITALIZACIÓN DE PEDIATRÍA PEDIATRIA NEFROLOGÍA PEDIÁTRICA";"10";"9";"65";"80";"3";"93";"0"
"2023";"07";"120114";"JUNIN";"HUANCAYO";"EL TAMBO";"ESSALUD";"III-1";"00008652";"HOSPITAL NACIONAL RAMIRO PRIALE PRIALE";"242100";"HOSPITALIZACIÓN DE MEDICINA ONCOLOGÍA MÉDICA ";"63";"61";"597";"554";"18";"558";"6"
"2023";"07";"120114";"JUNIN";"HUANCAYO";"EL TAMBO";"ESSALUD";"III-1";"00008652";"HOSPITAL NACIONAL RAMIRO PRIALE PRIALE";"242200";"HOSPITALIZACIÓN DE MEDICINA PSIQUIATRÍA ";"11";"15";"407";"353";"12";"372";"0"
"2023";"07";"120114";"JUNIN";"HUANCAYO";"EL TAMBO";"ESSALUD";"III-1";"00008652";"HOSPITAL NACIONAL RAMIRO PRIALE PRIALE";"242000";"HOSPITALIZACIÓN DE MEDICINA MEDICINA TROPICAL E INFECCIOSAS ";"7";"11";"225";"117";"4";"124";"0"
"2023";"07";"120114";"JUNIN";"HUANCAYO";"EL TAMBO";"ESSALUD";"III-1";"00008652";"HOSPITAL NACIONAL RAMIRO PRIALE PRIALE";"240400";"HOSPITALIZACIÓN QUIRÚRGICA CIRUGÍA DE TÓRAX Y CARDIOVASCULAR ";"8";"9";"24";"18";"1";"31";"0"
"2023";"07";"120114";"JUNIN";"HUANCAYO";"EL TAMBO";"ESSALUD";"III-1";"00008652";"HOSPITAL NACIONAL RAMIRO PRIALE PRIALE";"240400";"HOSPITALIZACIÓN QUIRÚRGICA CIRUGÍA DE TÓRAX Y CARDIOVASCULAR ";"7";"3";"28";"68";"3";"93";"0"
"2023";"07";"120114";"JUNIN";"HUANCAYO";"EL TAMBO";"ESSALUD";"III-1";"00008652";"HOSPITAL NACIONAL RAMIRO PRIALE PRIALE";"240100";"HOSPITALIZACIÓN QUIRÚRGICA CIRUGÍA GENERAL ";"163";"157";"848";"866";"28";"868";"3"
"2023";"07";"120114";"JUNIN";"HUANCAYO";"EL TAMBO";"ESSALUD";"III-1";"00008652";"HOSPITAL NACIONAL RAMIRO PRIALE PRIALE";"240900";"HOSPITALIZACIÓN QUIRÚRGICA NEUROCIRUGÍA ";"23";"27";"220";"189";"6";"212";"0"
"2023";"07";"120114";"JUNIN";"HUANCAYO";"EL TAMBO";"ESSALUD";"III-1";"00008652";"HOSPITAL NACIONAL RAMIRO PRIALE PRIALE";"241200";"HOSPITALIZACIÓN QUIRÚRGICA TRAUMATOLOGÍA Y ORTOPEDIA ";"80";"74";"412";"447";"15";"465";"0"
"2023";"07";"120114";"JUNIN";"HUANCAYO";"EL TAMBO";"ESSALUD";"III-1";"00008652";"HOSPITAL NACIONAL RAMIRO PRIALE PRIALE";"241100";"HOSPITALIZACIÓN QUIRÚRGICA OTORRINOLARINGOLOGÍA  ";"2";"2";"4";"4";"1";"5";"0"
"2023";"07";"120114";"JUNIN";"HUANCAYO";"EL TAMBO";"ESSALUD";"III-1";"00008652";"HOSPITAL NACIONAL RAMIRO PRIALE PRIALE";"241300";"HOSPITALIZACIÓN QUIRÚRGICA UROLOGÍA  ";"37";"37";"258";"254";"9";"279";"0"
"2023";"07";"120114";"JUNIN";"HUANCAYO";"EL TAMBO";"ESSALUD";"III-1";"00008652";"HOSPITAL NACIONAL RAMIRO PRIALE PRIALE";"241600";"HOSPITALIZACIÓN QUIRÚRGICA OBSTETRICIA   ";"90";"276";"651";"649";"22";"682";"0"
"2023";"07";"120114";"JUNIN";"HUANCAYO";"EL TAMBO";"ESSALUD";"III-1";"00008652";"HOSPITAL NACIONAL RAMIRO PRIALE PRIALE";"241500";"HOSPITALIZACIÓN QUIRÚRGICA GINECOLOGÍA  ";"53";"56";"285";"280";"10";"310";"0"
"2023";"07";"120114";"JUNIN";"HUANCAYO";"EL TAMBO";"ESSALUD";"III-1";"00008652";"HOSPITAL NACIONAL RAMIRO PRIALE PRIALE";"241700";"HOSPITALIZACIÓN QUIRÚRGICA GINECOLOGÍA   GINECOLOGIA ONCOLOGiCA";"12";"8";"26";"44";"2";"62";"0"
"2023";"07";"120114";"JUNIN";"HUANCAYO";"EL TAMBO";"ESSALUD";"III-1";"00008652";"HOSPITAL NACIONAL RAMIRO PRIALE PRIALE";"242300";"HOSPITALIZACIÓN DE PEDIATRÍA  PEDIATRÍA  GENERAL ";"120";"121";"413";"425";"14";"434";"0"
"2023";"07";"120114";"JUNIN";"HUANCAYO";"EL TAMBO";"ESSALUD";"III-1";"00008652";"HOSPITAL NACIONAL RAMIRO PRIALE PRIALE";"240700";"HOSPITALIZACIÓN QUIRÚRGICA CIRUGÍA PEDIÁTRICA ";"16";"18";"135";"123";"4";"124";"0"
"2023";"07";"120114";"JUNIN";"HUANCAYO";"EL TAMBO";"ESSALUD";"III-1";"00008652";"HOSPITAL NACIONAL RAMIRO PRIALE PRIALE";"250100";"UNIDAD DE CUIDADOS CRITICOS UNIDAD  DE CUIDADOS INTENSIVOS GENERALES (UCI) ";"28";"13";"136";"324";"12";"372";"14"
"2023";"07";"120114";"JUNIN";"HUANCAYO";"EL TAMBO";"ESSALUD";"III-1";"00008652";"HOSPITAL NACIONAL RAMIRO PRIALE PRIALE";"250108";"UNIDAD DE CUIDADOS CRITICOS UNIDAD  DE CUIDADOS INTENSIVOS  (UCI) PEDIÁTRICA";"11";"1";"2";"52";"2";"62";"1"
"2023";"07";"120114";"JUNIN";"HUANCAYO";"EL TAMBO";"ESSALUD";"III-1";"00008652";"HOSPITAL NACIONAL RAMIRO PRIALE PRIALE";"250105";"UNIDAD DE CUIDADOS CRITICOS UNIDAD  DE CUIDADOS INTENSIVOS  (UCI) NEONATOLOGÍA";"14";"1";"11";"138";"5";"155";"1"
"2023";"07";"120114";"JUNIN";"HUANCAYO";"EL TAMBO";"ESSALUD";"III-1";"00008652";"HOSPITAL NACIONAL RAMIRO PRIALE PRIALE";"250200";"UNIDAD DE CUIDADOS CRITICOS UNIDAD DE CUIDADOS INTERMEDIOS GENERAL  (UCIN) ";"26";"5";"41";"292";"10";"310";"5"
"2023";"07";"120114";"JUNIN";"HUANCAYO";"EL TAMBO";"ESSALUD";"III-1";"00008652";"HOSPITAL NACIONAL RAMIRO PRIALE PRIALE";"250202";"UNIDAD DE CUIDADOS CRITICOS UNIDAD DE CUIDADOS INTERMEDIOS  (UCIN) PEDIÁTRICOS";"26";"12";"62";"147";"5";"155";"0"
"2023";"07";"120114";"JUNIN";"HUANCAYO";"EL TAMBO";"ESSALUD";"III-1";"00008652";"HOSPITAL NACIONAL RAMIRO PRIALE PRIALE";"250200";"UNIDAD DE CUIDADOS CRITICOS UNIDAD DE CUIDADOS INTERMEDIOS GENERAL  (UCIN) ";"56";"58";"381";"222";"8";"248";"0"
"2023";"07";"150101";"LIMA";"LIMA";"LIMA";"PRIVADO";"II-E";"00023833";"INSTITUTO OFTALMOLOGICO LA LUZ SOCIEDAD ANONIMA CERRADA - INSTITUTO OFTALMOLOGICO LA LUZ S.A.C.";"NE_0001";"";"NE_0001";"NE_0001";"NE_0001";"NE_0001";"NE_0001";"NE_0001";"NE_0001"
"2023";"08";"060401";"CAJAMARCA";"CHOTA";"CHOTA";"SANIDAD DE LA POLICIA NACIONAL DEL PERU";"I-2";"00010929";"POSTA MEDICA POLICIAL CHOTA";"NE_0001";"";"NE_0001";"NE_0001";"NE_0001";"NE_0001";"NE_0001";"NE_0001";"NE_0001"
"2023";"08";"120302";"JUNIN";"CHANCHAMAYO";"PERENE";"GOBIERNO REGIONAL";"I-1";"00000332";"ALTO SAN JUAN";"NE_0001";"";"NE_0001";"NE_0001";"NE_0001";"NE_0001";"NE_0001";"NE_0001";"NE_0001"
"2023";"08";"120302";"JUNIN";"CHANCHAMAYO";"PERENE";"GOBIERNO REGIONAL";"I-1";"00000333";"CENTRO TOTERANI";"NE_0001";"";"NE_0001";"NE_0001";"NE_0001";"NE_0001";"NE_0001";"NE_0001";"NE_0001"
"2023";"08";"120302";"JUNIN";"CHANCHAMAYO";"PERENE";"GOBIERNO REGIONAL";"I-1";"00007319";"SANTA ROSA TOTERANI";"NE_0001";"";"NE_0001";"NE_0001";"NE_0001";"NE_0001";"NE_0001";"NE_0001";"NE_0001"
"2023";"08";"120302";"JUNIN";"CHANCHAMAYO";"PERENE";"GOBIERNO REGIONAL";"I-2";"00014385";"MARISCAL CACERES";"NE_0001";"";"NE_0001";"NE_0001";"NE_0001";"NE_0001";"NE_0001";"NE_0001";"NE_0001"
"2023";"08";"120302";"JUNIN";"CHANCHAMAYO";"PERENE";"GOBIERNO REGIONAL";"I-1";"00000331";"LOS ANGELES TOTERANI";"NE_0001";"";"NE_0001";"NE_0001";"NE_0001";"NE_0001";"NE_0001";"NE_0001";"NE_0001"
"2023";"08";"120302";"JUNIN";"CHANCHAMAYO";"PERENE";"GOBIERNO REGIONAL";"I-2";"00000321";"ALTO YURINAKI";"NE_0001";"";"NE_0001";"NE_0001";"NE_0001";"NE_0001";"NE_0001";"NE_0001";"NE_0001"
"2023";"08";"120302";"JUNIN";"CHANCHAMAYO";"PERENE";"GOBIERNO REGIONAL";"I-1";"00000328";"CHURINGAVENI";"NE_0001";"";"NE_0001";"NE_0001";"NE_0001";"NE_0001";"NE_0001";"NE_0001";"NE_0001"
"2023";"08";"120302";"JUNIN";"CHANCHAMAYO";"PERENE";"GOBIERNO REGIONAL";"I-3";"00000330";"SAN FERNANDO DE KIVINAKI";"NE_0001";"";"NE_0001";"NE_0001";"NE_0001";"NE_0001";"NE_0001";"NE_0001";"NE_0001"
"2023";"08";"120302";"JUNIN";"CHANCHAMAYO";"PERENE";"GOBIERNO REGIONAL";"I-1";"00006737";"JOSE OLAYA";"NE_0001";"";"NE_0001";"NE_0001";"NE_0001";"NE_0001";"NE_0001";"NE_0001";"NE_0001"
"2023";"08";"120302";"JUNIN";"CHANCHAMAYO";"PERENE";"GOBIERNO REGIONAL";"I-1";"00007362";"UNION PUCUSANI";"NE_0001";"";"NE_0001";"NE_0001";"NE_0001";"NE_0001";"NE_0001";"NE_0001";"NE_0001"
"2023";"08";"120302";"JUNIN";"CHANCHAMAYO";"PERENE";"GOBIERNO REGIONAL";"I-1";"00014384";"JOSE GALVEZ";"NE_0001";"";"NE_0001";"NE_0001";"NE_0001";"NE_0001";"NE_0001";"NE_0001";"NE_0001"
"2023";"08";"120301";"JUNIN";"CHANCHAMAYO";"CHANCHAMAYO";"GOBIERNO REGIONAL";"I-1";"00000310";"VILLA DORADA";"NE_0001";"";"NE_0001";"NE_0001";"NE_0001";"NE_0001";"NE_0001";"NE_0001";"NE_0001"
"2023";"08";"120302";"JUNIN";"CHANCHAMAYO";"PERENE";"GOBIERNO REGIONAL";"I-1";"00000334";"SANTA ROSA DE CAMONASHARI";"NE_0001";"";"NE_0001";"NE_0001";"NE_0001";"NE_0001";"NE_0001";"NE_0001";"NE_0001"
"2023";"08";"120114";"JUNIN";"HUANCAYO";"EL TAMBO";"PRIVADO";"II-E";"00025383";"CLINICA MEDICO QUIRURGICO HUANCAYO E.I.R.L.";"241200";"HOSPITALIZACIÓN QUIRÚRGICA TRAUMATOLOGÍA Y ORTOPEDIA ";"9";"9";"42";"9";"15";"300";"0"
"2023";"08";"120114";"JUNIN";"HUANCAYO";"EL TAMBO";"PRIVADO";"II-E";"00025383";"CLINICA MEDICO QUIRURGICO HUANCAYO E.I.R.L.";"240900";"HOSPITALIZACIÓN QUIRÚRGICA NEUROCIRUGÍA ";"1";"1";"1";"1";"15";"300";"0"
"2023";"08";"120114";"JUNIN";"HUANCAYO";"EL TAMBO";"PRIVADO";"II-E";"00025383";"CLINICA MEDICO QUIRURGICO HUANCAYO E.I.R.L.";"241100";"HOSPITALIZACIÓN QUIRÚRGICA OTORRINOLARINGOLOGÍA  ";"4";"4";"11";"4";"15";"300";"0"
"2023";"04";"150117";"LIMA";"LIMA";"LOS OLIVOS";"PRIVADO";"II-E";"00026936";"CLINICA AVIVA SEDE LOS OLIVOS";"240000";"HOSPITALIZACIÓN";"356";"338";"765";"356";"22";"660";"2"
"2023";"04";"230101";"TACNA";"TACNA";"TACNA";"SANIDAD DE LA POLICIA NACIONAL DEL PERU";"I-3";"00011528";"POLICLINICO POLICIAL TACNA";"NE_0001";"";"NE_0001";"NE_0001";"NE_0001";"NE_0001";"NE_0001";"NE_0001";"NE_0001"
"2023";"04";"050204";"AYACUCHO";"CANGALLO";"MARIA PARADO DE BELLIDO";"GOBIERNO REGIONAL";"I-1";"00007303";"PUESTO DE SALUD ÑUÑUNHUAYCCO";"NE_0001";"";"NE_0001";"NE_0001";"NE_0001";"NE_0001";"NE_0001";"NE_0001";"NE_0001"
"2023";"04";"050203";"AYACUCHO";"CANGALLO";"LOS MOROCHUCOS";"GOBIERNO REGIONAL";"I-1";"00017085";"PUESTO DE SALUD HUALLCHANCCA";"NE_0001";"";"NE_0001";"NE_0001";"NE_0001";"NE_0001";"NE_0001";"NE_0001";"NE_0001"
"2023";"04";"050201";"AYACUCHO";"CANGALLO";"CANGALLO";"GOBIERNO REGIONAL";"I-1";"00003506";"PUESTO DE SALUD INCARACCAY";"NE_0001";"";"NE_0001";"NE_0001";"NE_0001";"NE_0001";"NE_0001";"NE_0001";"NE_0001"
"2023";"04";"050201";"AYACUCHO";"CANGALLO";"CANGALLO";"GOBIERNO REGIONAL";"I-1";"00006607";"PUESTO DE SALUD CHICHUCANCHA";"NE_0001";"";"NE_0001";"NE_0001";"NE_0001";"NE_0001";"NE_0001";"NE_0001";"NE_0001"
"2023";"04";"050203";"AYACUCHO";"CANGALLO";"LOS MOROCHUCOS";"GOBIERNO REGIONAL";"I-1";"00007302";"PUESTO DE SALUD SATICA";"NE_0001";"";"NE_0001";"NE_0001";"NE_0001";"NE_0001";"NE_0001";"NE_0001";"NE_0001"
"2023";"04";"050201";"AYACUCHO";"CANGALLO";"CANGALLO";"GOBIERNO REGIONAL";"I-1";"00003496";"PUESTO DE SALUD HUANCARUCMA";"NE_0001";"";"NE_0001";"NE_0001";"NE_0001";"NE_0001";"NE_0001";"NE_0001";"NE_0001"
"2023";"04";"050201";"AYACUCHO";"CANGALLO";"CANGALLO";"GOBIERNO REGIONAL";"I-1";"00003497";"PUESTO DE SALUD PUTICA";"NE_0001";"";"NE_0001";"NE_0001";"NE_0001";"NE_0001";"NE_0001";"NE_0001";"NE_0001"
"2023";"04";"050203";"AYACUCHO";"CANGALLO";"LOS MOROCHUCOS";"GOBIERNO REGIONAL";"I-4";"00003507";"CENTRO DE SALUD PAMPA CANGALLO";"240100";"HOSPITALIZACIÓN QUIRÚRGICA CIRUGÍA GENERAL ";"22";"8";"8";"7";"7";"9";"0"
"2023";"04";"050203";"AYACUCHO";"CANGALLO";"LOS MOROCHUCOS";"GOBIERNO REGIONAL";"I-2";"00003508";"PUESTO DE SALUD CHANQUIL";"NE_0001";"";"NE_0001";"NE_0001";"NE_0001";"NE_0001";"NE_0001";"NE_0001";"NE_0001"
"2023";"04";"050201";"AYACUCHO";"CANGALLO";"CANGALLO";"GOBIERNO REGIONAL";"I-1";"00003495";"PUESTO DE SALUD HUAHUAPUQUIO";"NE_0001";"";"NE_0001";"NE_0001";"NE_0001";"NE_0001";"NE_0001";"NE_0001";"NE_0001"
"2023";"04";"051002";"AYACUCHO";"VICTOR FAJARDO";"ALCAMENCA";"GOBIERNO REGIONAL";"I-1";"00003499";"PUESTO DE SALUD HUAMBO";"NE_0001";"";"NE_0001";"NE_0001";"NE_0001";"NE_0001";"NE_0001";"NE_0001";"NE_0001"
"2023";"04";"050203";"AYACUCHO";"CANGALLO";"LOS MOROCHUCOS";"GOBIERNO REGIONAL";"I-1";"00017084";"PUESTO DE SALUD JUSCAYMARCA";"NE_0001";"";"NE_0001";"NE_0001";"NE_0001";"NE_0001";"NE_0001";"NE_0001";"NE_0001"
"2023";"04";"051002";"AYACUCHO";"VICTOR FAJARDO";"ALCAMENCA";"GOBIERNO REGIONAL";"I-1";"00003498";"PUESTO DE SALUD ALCAMENCA";"NE_0001";"";"NE_0001";"NE_0001";"NE_0001";"NE_0001";"NE_0001";"NE_0001";"NE_0001"
"2023";"04";"040401";"AREQUIPA";"CASTILLA";"APLAO";"ESSALUD";"I-3";"00013299";"CENTRO MEDICO APLAO";"NE_0001";"";"NE_0001";"NE_0001";"NE_0001";"NE_0001";"NE_0001";"NE_0001";"NE_0001"
"2023";"04";"060308";"CAJAMARCA";"CELENDIN";"OXAMARCA";"GOBIERNO REGIONAL";"I-2";"00004483";"PIOBAMBA";"NE_0001";"";"NE_0001";"NE_0001";"NE_0001";"NE_0001";"NE_0001";"NE_0001";"NE_0001"
"2023";"04";"060306";"CAJAMARCA";"CELENDIN";"JOSE GALVEZ";"GOBIERNO REGIONAL";"I-2";"00004488";"JOSE GALVEZ";"NE_0001";"";"NE_0001";"NE_0001";"NE_0001";"NE_0001";"NE_0001";"NE_0001";"NE_0001"
"2023";"04";"060308";"CAJAMARCA";"CELENDIN";"OXAMARCA";"GOBIERNO REGIONAL";"I-1";"00009046";"MINASCONGA";"NE_0001";"";"NE_0001";"NE_0001";"NE_0001";"NE_0001";"NE_0001";"NE_0001";"NE_0001"
"2023";"04";"130101";"LA LIBERTAD";"TRUJILLO";"TRUJILLO";"GOBIERNO REGIONAL";"III-1";"00005196";"REGIONAL DOCENTE DE TRUJILLO";"241900";"HOSPITALIZACIÓN DE MEDICINA MEDICINA INTERNA ";"118";"122";"1204";"1021";"35";"1050";"15"
"2023";"04";"130101";"LA LIBERTAD";"TRUJILLO";"TRUJILLO";"GOBIERNO REGIONAL";"III-1";"00005196";"REGIONAL DOCENTE DE TRUJILLO";"245300";"HOSPITALIZACIÓN DE MEDICINA NEUMOLOGÍA  ";"35";"35";"290";"566";"20";"600";"3"
"2023";"04";"130101";"LA LIBERTAD";"TRUJILLO";"TRUJILLO";"GOBIERNO REGIONAL";"III-1";"00005196";"REGIONAL DOCENTE DE TRUJILLO";"244700";"HOSPITALIZACIÓN DE MEDICINA NEUROLOGIA  ";"13";"17";"154";"180";"9";"270";"3"
"2023";"04";"130101";"LA LIBERTAD";"TRUJILLO";"TRUJILLO";"GOBIERNO REGIONAL";"III-1";"00005196";"REGIONAL DOCENTE DE TRUJILLO";"244300";"HOSPITALIZACIÓN DE MEDICINA GASTROENTEROLOGÍA  ";"38";"30";"145";"318";"11";"330";"1"
"2023";"04";"130101";"LA LIBERTAD";"TRUJILLO";"TRUJILLO";"GOBIERNO REGIONAL";"III-1";"00005196";"REGIONAL DOCENTE DE TRUJILLO";"244000";"HOSPITALIZACIÓN DE MEDICINA CARDIOLOGIA ";"11";"11";"78";"89";"4";"120";"0"
"2023";"04";"130101";"LA LIBERTAD";"TRUJILLO";"TRUJILLO";"GOBIERNO REGIONAL";"III-1";"00005196";"REGIONAL DOCENTE DE TRUJILLO";"242200";"HOSPITALIZACIÓN DE MEDICINA PSIQUIATRÍA ";"11";"12";"325";"366";"14";"420";"0"
"2023";"04";"130101";"LA LIBERTAD";"TRUJILLO";"TRUJILLO";"GOBIERNO REGIONAL";"III-1";"00005196";"REGIONAL DOCENTE DE TRUJILLO";"250103";"UNIDAD DE CUIDADOS CRITICOS UNIDAD  DE CUIDADOS INTENSIVOS GENERALES  (UCI) MEDICINA";"10";"5";"54";"385";"13";"390";"5"
"2023";"04";"130101";"LA LIBERTAD";"TRUJILLO";"TRUJILLO";"GOBIERNO REGIONAL";"III-1";"00005196";"REGIONAL DOCENTE DE TRUJILLO";"240100";"HOSPITALIZACIÓN QUIRÚRGICA CIRUGÍA GENERAL ";"149";"151";"662";"628";"24";"720";"4"
"2023";"04";"130101";"LA LIBERTAD";"TRUJILLO";"TRUJILLO";"GOBIERNO REGIONAL";"III-1";"00005196";"REGIONAL DOCENTE DE TRUJILLO";"240801";"HOSPITALIZACIÓN QUIRÚRGICA CIRUGÍA PLÁSTICA/RECONSTRUCTIVA/ REPARADORA QUEMADOS";"6";"6";"175";"70";"4";"120";"0"
"2023";"04";"130101";"LA LIBERTAD";"TRUJILLO";"TRUJILLO";"GOBIERNO REGIONAL";"III-1";"00005196";"REGIONAL DOCENTE DE TRUJILLO";"240400";"HOSPITALIZACIÓN QUIRÚRGICA CIRUGÍA DE TÓRAX Y CARDIOVASCULAR ";"4";"7";"107";"60";"4";"120";"0"
"2023";"04";"130101";"LA LIBERTAD";"TRUJILLO";"TRUJILLO";"GOBIERNO REGIONAL";"III-1";"00005196";"REGIONAL DOCENTE DE TRUJILLO";"241200";"HOSPITALIZACIÓN QUIRÚRGICA TRAUMATOLOGÍA Y ORTOPEDIA ";"35";"38";"359";"336";"13";"390";"0"
"2023";"04";"130101";"LA LIBERTAD";"TRUJILLO";"TRUJILLO";"GOBIERNO REGIONAL";"III-1";"00005196";"REGIONAL DOCENTE DE TRUJILLO";"241100";"HOSPITALIZACIÓN QUIRÚRGICA OTORRINOLARINGOLOGÍA  ";"14";"14";"50";"38";"3";"90";"0"
"2023";"04";"130101";"LA LIBERTAD";"TRUJILLO";"TRUJILLO";"GOBIERNO REGIONAL";"III-1";"00005196";"REGIONAL DOCENTE DE TRUJILLO";"241300";"HOSPITALIZACIÓN QUIRÚRGICA UROLOGÍA  ";"16";"17";"63";"59";"4";"120";"0"
"2023";"04";"130101";"LA LIBERTAD";"TRUJILLO";"TRUJILLO";"GOBIERNO REGIONAL";"III-1";"00005196";"REGIONAL DOCENTE DE TRUJILLO";"240900";"HOSPITALIZACIÓN QUIRÚRGICA NEUROCIRUGÍA ";"23";"16";"249";"293";"11";"330";"0"
"2023";"04";"130101";"LA LIBERTAD";"TRUJILLO";"TRUJILLO";"GOBIERNO REGIONAL";"III-1";"00005196";"REGIONAL DOCENTE DE TRUJILLO";"242300";"HOSPITALIZACIÓN DE PEDIATRÍA  PEDIATRÍA  GENERAL ";"48";"47";"427";"389";"14";"420";"0"
"2023";"04";"130101";"LA LIBERTAD";"TRUJILLO";"TRUJILLO";"GOBIERNO REGIONAL";"III-1";"00005196";"REGIONAL DOCENTE DE TRUJILLO";"250108";"UNIDAD DE CUIDADOS CRITICOS UNIDAD  DE CUIDADOS INTENSIVOS  (UCI) PEDIÁTRICA";"5";"0";"0";"147";"5";"150";"0"
"2023";"04";"130101";"LA LIBERTAD";"TRUJILLO";"TRUJILLO";"GOBIERNO REGIONAL";"III-1";"00005196";"REGIONAL DOCENTE DE TRUJILLO";"250201";"UNIDAD DE CUIDADOS CRITICOS UNIDAD DE CUIDADOS INTERMEDIOS  (UCIN) NEONATAL";"31";"50";"535";"209";"12";"360";"0"
"2023";"04";"130101";"LA LIBERTAD";"TRUJILLO";"TRUJILLO";"GOBIERNO REGIONAL";"III-1";"00005196";"REGIONAL DOCENTE DE TRUJILLO";"250105";"UNIDAD DE CUIDADOS CRITICOS UNIDAD  DE CUIDADOS INTENSIVOS  (UCI) NEONATOLOGÍA";"25";"2";"23";"302";"12";"360";"2"
"2023";"04";"130101";"LA LIBERTAD";"TRUJILLO";"TRUJILLO";"GOBIERNO REGIONAL";"III-1";"00005196";"REGIONAL DOCENTE DE TRUJILLO";"241600";"HOSPITALIZACIÓN QUIRÚRGICA OBSTETRICIA   ";"109";"99";"321";"433";"17";"510";"0"
"2023";"04";"130101";"LA LIBERTAD";"TRUJILLO";"TRUJILLO";"GOBIERNO REGIONAL";"III-1";"00005196";"REGIONAL DOCENTE DE TRUJILLO";"241500";"HOSPITALIZACIÓN QUIRÚRGICA GINECOLOGÍA  ";"122";"125";"493";"522";"20";"600";"0"
"2023";"03";"250203";"UCAYALI";"ATALAYA";"TAHUANIA";"MINSA";"I-1";"00032189";"PUESTO DE SALUD MENCORIARI.";"NE_0001";"";"NE_0001";"NE_0001";"NE_0001";"NE_0001";"NE_0001";"NE_0001";"NE_0001"
"2023";"03";"250203";"UCAYALI";"ATALAYA";"TAHUANIA";"MINSA";"I-1";"00031894";"PUESTO DE SALUD NUEVO PARAISO-TAHUANIA.";"NE_0001";"";"NE_0001";"NE_0001";"NE_0001";"NE_0001";"NE_0001";"NE_0001";"NE_0001"
"2023";"03";"250202";"UCAYALI";"ATALAYA";"SEPAHUA";"GOBIERNO REGIONAL";"I-1";"00019549";"SANTA ROSA DE SERJALI";"NE_0001";"";"NE_0001";"NE_0001";"NE_0001";"NE_0001";"NE_0001";"NE_0001";"NE_0001"
"2023";"04";"130906";"LA LIBERTAD";"SANCHEZ CARRION";"SANAGORAN";"GOBIERNO REGIONAL";"I-2";"00005360";"VENTANAS";"NE_0001";"";"NE_0001";"NE_0001";"NE_0001";"NE_0001";"NE_0001";"NE_0001";"NE_0001"
"2023";"04";"240102";"TUMBES";"TUMBES";"CORRALES";"GOBIERNO REGIONAL";"I-2";"00001868";"MALVAL";"NE_0001";"";"NE_0001";"NE_0001";"NE_0001";"NE_0001";"NE_0001";"NE_0001";"NE_0001"
"2023";"04";"240102";"TUMBES";"TUMBES";"CORRALES";"GOBIERNO REGIONAL";"I-2";"00001867";"SAN ISIDRO";"NE_0001";"";"NE_0001";"NE_0001";"NE_0001";"NE_0001";"NE_0001";"NE_0001";"NE_0001"
"2023";"04";"240105";"TUMBES";"TUMBES";"SAN JACINTO";"GOBIERNO REGIONAL";"I-2";"00001873";"CASA BLANQUEADA";"NE_0001";"";"NE_0001";"NE_0001";"NE_0001";"NE_0001";"NE_0001";"NE_0001";"NE_0001"
"2023";"04";"240105";"TUMBES";"TUMBES";"SAN JACINTO";"GOBIERNO REGIONAL";"I-1";"00001871";"RICA PLAYA";"NE_0001";"";"NE_0001";"NE_0001";"NE_0001";"NE_0001";"NE_0001";"NE_0001";"NE_0001"
"2023";"04";"240105";"TUMBES";"TUMBES";"SAN JACINTO";"GOBIERNO REGIONAL";"I-2";"00001872";"VAQUERIA";"NE_0001";"";"NE_0001";"NE_0001";"NE_0001";"NE_0001";"NE_0001";"NE_0001";"NE_0001"
"2023";"04";"240102";"TUMBES";"TUMBES";"CORRALES";"GOBIERNO REGIONAL";"I-4";"00001866";"CLAS CORRALES";"241800";"HOSPITALIZACIÓN DE MEDICINA MEDICINA GENERAL ";"8";"8";"16";"12";"1";"30";"0"
"2023";"04";"240102";"TUMBES";"TUMBES";"CORRALES";"GOBIERNO REGIONAL";"I-4";"00001866";"CLAS CORRALES";"241600";"HOSPITALIZACIÓN QUIRÚRGICA OBSTETRICIA   ";"5";"5";"7";"6";"1";"30";"0"
"2023";"04";"240105";"TUMBES";"TUMBES";"SAN JACINTO";"GOBIERNO REGIONAL";"I-1";"00001874";"OIDOR.";"NE_0001";"";"NE_0001";"NE_0001";"NE_0001";"NE_0001";"NE_0001";"NE_0001";"NE_0001"
"2023";"04";"240103";"TUMBES";"TUMBES";"LA CRUZ";"GOBIERNO REGIONAL";"I-3";"00001869";"CLAS LA CRUZ";"NE_0001";"";"NE_0001";"NE_0001";"NE_0001";"NE_0001";"NE_0001";"NE_0001";"NE_0001"
"2023";"04";"240105";"TUMBES";"TUMBES";"SAN JACINTO";"GOBIERNO REGIONAL";"I-3";"00001870";"SAN JACINTO";"NE_0001";"";"NE_0001";"NE_0001";"NE_0001";"NE_0001";"NE_0001";"NE_0001";"NE_0001"
"2023";"04";"150141";"LIMA";"LIMA";"SURQUILLO";"PRIVADO";"II-E";"00012020";"CLINICA OFTALMOLOGICA ESPECIALIZADA ÑAHUI";"NE_0001";"";"NE_0001";"NE_0001";"NE_0001";"NE_0001";"NE_0001";"NE_0001";"NE_0001"
"2023";"05";"060602";"CAJAMARCA";"CUTERVO";"CALLAYUC";"GOBIERNO REGIONAL";"I-3";"00004959";"CALLAYUC";"NE_0001";"";"NE_0001";"NE_0001";"NE_0001";"NE_0001";"NE_0001";"NE_0001";"NE_0001"
"2023";"05";"060602";"CAJAMARCA";"CUTERVO";"CALLAYUC";"GOBIERNO REGIONAL";"I-1";"00006835";"CHURAS";"NE_0001";"";"NE_0001";"NE_0001";"NE_0001";"NE_0001";"NE_0001";"NE_0001";"NE_0001"
"2023";"05";"060602";"CAJAMARCA";"CUTERVO";"CALLAYUC";"GOBIERNO REGIONAL";"I-1";"00006944";"VILUCO";"NE_0001";"";"NE_0001";"NE_0001";"NE_0001";"NE_0001";"NE_0001";"NE_0001";"NE_0001"
"2023";"05";"060602";"CAJAMARCA";"CUTERVO";"CALLAYUC";"GOBIERNO REGIONAL";"I-1";"00006829";"PUQUIO DE CALLAYUC";"NE_0001";"";"NE_0001";"NE_0001";"NE_0001";"NE_0001";"NE_0001";"NE_0001";"NE_0001"
"2023";"05";"060602";"CAJAMARCA";"CUTERVO";"CALLAYUC";"GOBIERNO REGIONAL";"I-1";"00007368";"CUCHEA";"NE_0001";"";"NE_0001";"NE_0001";"NE_0001";"NE_0001";"NE_0001";"NE_0001";"NE_0001"
"2023";"05";"060602";"CAJAMARCA";"CUTERVO";"CALLAYUC";"GOBIERNO REGIONAL";"I-1";"00007100";"SAN JUAN DE CHORILLOS";"NE_0001";"";"NE_0001";"NE_0001";"NE_0001";"NE_0001";"NE_0001";"NE_0001";"NE_0001"
"2023";"05";"060602";"CAJAMARCA";"CUTERVO";"CALLAYUC";"GOBIERNO REGIONAL";"I-1";"00007369";"CHONTAS";"NE_0001";"";"NE_0001";"NE_0001";"NE_0001";"NE_0001";"NE_0001";"NE_0001";"NE_0001"
"2023";"05";"060602";"CAJAMARCA";"CUTERVO";"CALLAYUC";"GOBIERNO REGIONAL";"I-1";"00004961";"SAN JOSE DE LIRIO";"NE_0001";"";"NE_0001";"NE_0001";"NE_0001";"NE_0001";"NE_0001";"NE_0001";"NE_0001"
"2023";"05";"060602";"CAJAMARCA";"CUTERVO";"CALLAYUC";"GOBIERNO REGIONAL";"I-1";"00006830";"FILADELFIA";"NE_0001";"";"NE_0001";"NE_0001";"NE_0001";"NE_0001";"NE_0001";"NE_0001";"NE_0001"
"2023";"05";"060602";"CAJAMARCA";"CUTERVO";"CALLAYUC";"GOBIERNO REGIONAL";"I-2";"00004960";"EL CUMBE";"NE_0001";"";"NE_0001";"NE_0001";"NE_0001";"NE_0001";"NE_0001";"NE_0001";"NE_0001"
"2023";"07";"150128";"LIMA";"LIMA";"RIMAC";"SANIDAD DEL EJERCITO DEL PERU";"I-4";"00013914";"CENTRO DE SALUD MILITAR RIMAC";"NE_0002";"";"NE_0002";"NE_0002";"NE_0002";"NE_0002";"NE_0002";"NE_0002";"NE_0002"
"2023";"07";"021806";"ANCASH";"SANTA";"NEPEÑA";"ESSALUD";"I-3";"00009921";"CENTRO DE ATENCION PRIMARIA II SAN JACINTO";"NE_0001";"";"NE_0001";"NE_0001";"NE_0001";"NE_0001";"NE_0001";"NE_0001";"NE_0001"
"2023";"07";"150135";"LIMA";"LIMA";"SAN MARTIN DE PORRES";"PRIVADO";"II-1";"00011241";"CLINICA SAN VICENTE S.A.";"240000";"HOSPITALIZACIÓN";"5";"10";"40";"50";"22";"682";"0"
"2023";"07";"221005";"SAN MARTIN";"TOCACHE";"UCHIZA";"ESSALUD";"I-2";"00010702";"POSTA MEDICA SANTA LUCIA";"NE_0001";"";"NE_0001";"NE_0001";"NE_0001";"NE_0001";"NE_0001";"NE_0001";"NE_0001"
"2023";"07";"120608";"JUNIN";"SATIPO";"RIO TAMBO";"GOBIERNO REGIONAL";"I-1";"00000518";"SAN CARLOS ALTO ENE";"NE_0001";"";"NE_0001";"NE_0001";"NE_0001";"NE_0001";"NE_0001";"NE_0001";"NE_0001"
"2023";"07";"120608";"JUNIN";"SATIPO";"RIO TAMBO";"GOBIERNO REGIONAL";"I-1";"00000514";"FE Y ALEGRIA LA PRIMAVERA";"NE_0001";"";"NE_0001";"NE_0001";"NE_0001";"NE_0001";"NE_0001";"NE_0001";"NE_0001"
"2023";"07";"120608";"JUNIN";"SATIPO";"RIO TAMBO";"GOBIERNO REGIONAL";"I-3";"00000517";"VALLE ESMERALDA";"NE_0001";"";"NE_0001";"NE_0001";"NE_0001";"NE_0001";"NE_0001";"NE_0001";"NE_0001"
"2023";"07";"120606";"JUNIN";"SATIPO";"PANGOA";"GOBIERNO REGIONAL";"I-1";"00000468";"MICAELA BASTIDAS MORALES";"NE_0001";"";"NE_0001";"NE_0001";"NE_0001";"NE_0001";"NE_0001";"NE_0001";"NE_0001"
"2023";"07";"120609";"JUNIN";"SATIPO";"VIZCATAN DEL ENE";"GOBIERNO REGIONAL";"I-1";"00000512";"TUNONTUARI RIO ENE";"NE_0001";"";"NE_0001";"NE_0001";"NE_0001";"NE_0001";"NE_0001";"NE_0001";"NE_0001"
"2023";"07";"120608";"JUNIN";"SATIPO";"RIO TAMBO";"GOBIERNO REGIONAL";"I-1";"00000513";"QUEMPIRI";"NE_0001";"";"NE_0001";"NE_0001";"NE_0001";"NE_0001";"NE_0001";"NE_0001";"NE_0001"
"2023";"07";"120608";"JUNIN";"SATIPO";"RIO TAMBO";"GOBIERNO REGIONAL";"I-2";"00000471";"CUTIVIRENI";"NE_0001";"";"NE_0001";"NE_0001";"NE_0001";"NE_0001";"NE_0001";"NE_0001";"NE_0001"
"2023";"07";"120608";"JUNIN";"SATIPO";"RIO TAMBO";"GOBIERNO REGIONAL";"I-2";"00000515";"YAVIRO";"NE_0001";"";"NE_0001";"NE_0001";"NE_0001";"NE_0001";"NE_0001";"NE_0001";"NE_0001"
"2023";"07";"120608";"JUNIN";"SATIPO";"RIO TAMBO";"GOBIERNO REGIONAL";"I-1";"00015914";"SELVA DE ORO";"NE_0001";"";"NE_0001";"NE_0001";"NE_0001";"NE_0001";"NE_0001";"NE_0001";"NE_0001"
"2023";"03";"110501";"ICA";"PISCO";"PISCO";"PRIVADO";"II-1";"00027173";"FAMISALUD SAC";"241500";"HOSPITALIZACIÓN QUIRÚRGICA GINECOLOGÍA  ";"9";"9";"10";"7";"2";"62";"0"
"2023";"03";"110501";"ICA";"PISCO";"PISCO";"PRIVADO";"II-1";"00027173";"FAMISALUD SAC";"241200";"HOSPITALIZACIÓN QUIRÚRGICA TRAUMATOLOGÍA Y ORTOPEDIA ";"6";"6";"6";"7";"1";"31";"0"
"2023";"03";"110501";"ICA";"PISCO";"PISCO";"PRIVADO";"II-1";"00027173";"FAMISALUD SAC";"240100";"HOSPITALIZACIÓN QUIRÚRGICA CIRUGÍA GENERAL ";"31";"31";"38";"7";"4";"112";"0"
"2023";"03";"110501";"ICA";"PISCO";"PISCO";"PRIVADO";"II-1";"00027173";"FAMISALUD SAC";"241800";"HOSPITALIZACIÓN DE MEDICINA MEDICINA GENERAL ";"4";"4";"8";"7";"1";"31";"0"
"2023";"03";"120701";"JUNIN";"TARMA";"TARMA";"GOBIERNO REGIONAL";"II-2";"00000520";"DE APOYO FELIX MAYORCA SOTO";"241800";"HOSPITALIZACIÓN DE MEDICINA MEDICINA GENERAL ";"41";"47";"241";"198";"12";"372";"9"
"2023";"03";"120701";"JUNIN";"TARMA";"TARMA";"GOBIERNO REGIONAL";"II-2";"00000520";"DE APOYO FELIX MAYORCA SOTO";"250103";"UNIDAD DE CUIDADOS CRITICOS UNIDAD  DE CUIDADOS INTENSIVOS GENERALES  (UCI) MEDICINA";"3";"3";"55";"35";"2";"62";"3"
"2023";"03";"120701";"JUNIN";"TARMA";"TARMA";"GOBIERNO REGIONAL";"II-2";"00000520";"DE APOYO FELIX MAYORCA SOTO";"240100";"HOSPITALIZACIÓN QUIRÚRGICA CIRUGÍA GENERAL ";"64";"67";"230";"225";"10";"310";"0"
"2023";"03";"120701";"JUNIN";"TARMA";"TARMA";"GOBIERNO REGIONAL";"II-2";"00000520";"DE APOYO FELIX MAYORCA SOTO";"241200";"HOSPITALIZACIÓN QUIRÚRGICA TRAUMATOLOGÍA Y ORTOPEDIA ";"38";"36";"169";"199";"10";"310";"0"
"2023";"03";"120701";"JUNIN";"TARMA";"TARMA";"GOBIERNO REGIONAL";"II-2";"00000520";"DE APOYO FELIX MAYORCA SOTO";"243200";"HOSPITALIZACIÓN DE PEDIATRÍA PEDIATRIA NEONATOLOGÍA";"11";"6";"9";"20";"2";"62";"0"
"2023";"03";"120701";"JUNIN";"TARMA";"TARMA";"GOBIERNO REGIONAL";"II-2";"00000520";"DE APOYO FELIX MAYORCA SOTO";"250105";"UNIDAD DE CUIDADOS CRITICOS UNIDAD  DE CUIDADOS INTENSIVOS  (UCI) NEONATOLOGÍA";"13";"15";"98";"97";"4";"124";"0"
"2023";"03";"120701";"JUNIN";"TARMA";"TARMA";"GOBIERNO REGIONAL";"II-2";"00000520";"DE APOYO FELIX MAYORCA SOTO";"242500";"HOSPITALIZACIÓN-PEDIATRÍA GENERAL-";"23";"19";"83";"124";"5";"155";"0"
"2023";"03";"120701";"JUNIN";"TARMA";"TARMA";"GOBIERNO REGIONAL";"II-2";"00000520";"DE APOYO FELIX MAYORCA SOTO";"241400";"HOSPITALIZACIÓN QUIRÚRGICA GINECO - OBSTETRICIA ";"140";"130";"317";"328";"20";"620";"0"
"2023";"04";"100101";"HUANUCO";"HUANUCO";"HUANUCO";"SANIDAD DE LA POLICIA NACIONAL DEL PERU";"I-3";"00011421";"POLICLINICO POLICIAL HUÀNUCO";"NE_0001";"";"NE_0001";"NE_0001";"NE_0001";"NE_0001";"NE_0001";"NE_0001";"NE_0001"
"2023";"04";"110401";"ICA";"PALPA";"PALPA";"ESSALUD";"I-3";"00010483";"PALPA";"NE_0001";"";"NE_0001";"NE_0001";"NE_0001";"NE_0001";"NE_0001";"NE_0001";"NE_0001"
"2023";"04";"150101";"LIMA";"LIMA";"LIMA";"ESSALUD";"I-3";"00008539";"POLICLINICO CHINCHA";"NE_0001";"";"NE_0001";"NE_0001";"NE_0001";"NE_0001";"NE_0001";"NE_0001";"NE_0001"
"2023";"05";"110101";"ICA";"ICA";"ICA";"GOBIERNO REGIONAL";"I-2";"00003385";"SAN MARTIN DE PORRAS";"NE_0001";"";"NE_0001";"NE_0001";"NE_0001";"NE_0001";"NE_0001";"NE_0001";"NE_0001"
"2023";"05";"110110";"ICA";"ICA";"SAN JUAN BAUTISTA";"MINSA";"I-2";"00003387";"CAMINO DE REYES";"NE_0001";"";"NE_0001";"NE_0001";"NE_0001";"NE_0001";"NE_0001";"NE_0001";"NE_0001"
"2023";"05";"120709";"JUNIN";"TARMA";"TAPO";"GOBIERNO REGIONAL";"I-1";"00000581";"QUETA";"NE_0001";"";"NE_0001";"NE_0001";"NE_0001";"NE_0001";"NE_0001";"NE_0001";"NE_0001"
"2023";"05";"120709";"JUNIN";"TARMA";"TAPO";"GOBIERNO REGIONAL";"I-1";"00000578";"YURACMAYO";"NE_0001";"";"NE_0001";"NE_0001";"NE_0001";"NE_0001";"NE_0001";"NE_0001";"NE_0001"
"2023";"05";"021101";"ANCASH";"HUARMEY";"HUARMEY";"GOBIERNO REGIONAL";"II-1";"00001741";"HOSPITAL DE APOYO HUARMEY";"240100";"HOSPITALIZACIÓN QUIRÚRGICA CIRUGÍA GENERAL ";"5";"5";"21";"21";"5";"155";"0"
"2023";"05";"021101";"ANCASH";"HUARMEY";"HUARMEY";"GOBIERNO REGIONAL";"II-1";"00001741";"HOSPITAL DE APOYO HUARMEY";"241400";"HOSPITALIZACIÓN QUIRÚRGICA GINECO - OBSTETRICIA ";"33";"35";"59";"54";"10";"310";"0"
"2023";"05";"021101";"ANCASH";"HUARMEY";"HUARMEY";"GOBIERNO REGIONAL";"II-1";"00001741";"HOSPITAL DE APOYO HUARMEY";"241800";"HOSPITALIZACIÓN DE MEDICINA MEDICINA GENERAL ";"24";"27";"93";"89";"9";"279";"0"
"2023";"05";"021101";"ANCASH";"HUARMEY";"HUARMEY";"GOBIERNO REGIONAL";"II-1";"00001741";"HOSPITAL DE APOYO HUARMEY";"242300";"HOSPITALIZACIÓN DE PEDIATRÍA  PEDIATRÍA  GENERAL ";"8";"8";"22";"22";"3";"93";"0"
"2023";"05";"021901";"ANCASH";"SIHUAS";"SIHUAS";"ESSALUD";"I-3";"00009203";"CENTRO MEDICO SIHUAS";"NE_0001";"";"NE_0001";"NE_0001";"NE_0001";"NE_0001";"NE_0001";"NE_0001";"NE_0001"
"2023";"05";"040126";"AREQUIPA";"AREQUIPA";"YANAHUARA";"GOBIERNO REGIONAL";"I-3";"00001233";"CENTRO DE SALUD YANAHUARA";"NE_0001";"";"NE_0001";"NE_0001";"NE_0001";"NE_0001";"NE_0001";"NE_0001";"NE_0001"
"2023";"05";"040117";"AREQUIPA";"AREQUIPA";"SACHACA";"GOBIERNO REGIONAL";"I-2";"00001283";"PUESTO DE SALUD PAMPA DE CAMARONES";"NE_0001";"";"NE_0001";"NE_0001";"NE_0001";"NE_0001";"NE_0001";"NE_0001";"NE_0001"
"2023";"05";"040117";"AREQUIPA";"AREQUIPA";"SACHACA";"GOBIERNO REGIONAL";"I-2";"00001282";"PUESTO DE SALUD SACHACA";"NE_0001";"";"NE_0001";"NE_0001";"NE_0001";"NE_0001";"NE_0001";"NE_0001";"NE_0001"
"2023";"05";"050115";"AYACUCHO";"HUAMANGA";"JESUS NAZARENO";"PRIVADO";"I-3";"00028119";"EL GALENO";"NE_0001";"";"NE_0001";"NE_0001";"NE_0001";"NE_0001";"NE_0001";"NE_0001";"NE_0001"
"2023";"05";"120601";"JUNIN";"SATIPO";"SATIPO";"GOBIERNO REGIONAL";"I-3";"00027078";"CENTRO DE SALUD MENTAL COMUNITARIO SATIPO";"NE_0001";"";"NE_0001";"NE_0001";"NE_0001";"NE_0001";"NE_0001";"NE_0001";"NE_0001"
"2023";"05";"150140";"LIMA";"LIMA";"SANTIAGO DE SURCO";"PRIVADO";"II-2";"00009989";"CLINICA PADRE LUIS TEZZA";"240000";"HOSPITALIZACIÓN";"308";"294";"1479";"1340";"62";"1922";"6"
"2023";"05";"061001";"CAJAMARCA";"SAN MARCOS";"PEDRO GALVEZ";"GOBIERNO REGIONAL";"I-1";"00004505";"HUAYOBAMBA";"NE_0001";"";"NE_0001";"NE_0001";"NE_0001";"NE_0001";"NE_0001";"NE_0001";"NE_0001"
"2023";"05";"061004";"CAJAMARCA";"SAN MARCOS";"GREGORIO PITA";"GOBIERNO REGIONAL";"I-1";"00004503";"PUESTO DE SALUD ULLILLIN";"NE_0001";"";"NE_0001";"NE_0001";"NE_0001";"NE_0001";"NE_0001";"NE_0001";"NE_0001"
"2023";"05";"061001";"CAJAMARCA";"SAN MARCOS";"PEDRO GALVEZ";"GOBIERNO REGIONAL";"I-1";"00004504";"EDELMIRA";"NE_0001";"";"NE_0001";"NE_0001";"NE_0001";"NE_0001";"NE_0001";"NE_0001";"NE_0001"
"2023";"05";"061004";"CAJAMARCA";"SAN MARCOS";"GREGORIO PITA";"GOBIERNO REGIONAL";"I-1";"00004506";"PUESTO DE SALUD MANZANILLA";"NE_0001";"";"NE_0001";"NE_0001";"NE_0001";"NE_0001";"NE_0001";"NE_0001";"NE_0001"
"2023";"05";"061004";"CAJAMARCA";"SAN MARCOS";"GREGORIO PITA";"GOBIERNO REGIONAL";"I-2";"00004507";"RIO SECO";"NE_0001";"";"NE_0001";"NE_0001";"NE_0001";"NE_0001";"NE_0001";"NE_0001";"NE_0001"
"2023";"05";"061001";"CAJAMARCA";"SAN MARCOS";"PEDRO GALVEZ";"GOBIERNO REGIONAL";"I-4";"00004501";"SAN MARCOS";"241400";"HOSPITALIZACIÓN QUIRÚRGICA GINECO - OBSTETRICIA ";"12";"12";"25";"37";"3";"93";"0"
"2023";"05";"061001";"CAJAMARCA";"SAN MARCOS";"PEDRO GALVEZ";"GOBIERNO REGIONAL";"I-4";"00004501";"SAN MARCOS";"241600";"HOSPITALIZACIÓN QUIRÚRGICA OBSTETRICIA   ";"3";"4";"7";"10";"3";"93";"0"
"2023";"05";"061001";"CAJAMARCA";"SAN MARCOS";"PEDRO GALVEZ";"GOBIERNO REGIONAL";"I-4";"00004501";"SAN MARCOS";"241800";"HOSPITALIZACIÓN DE MEDICINA MEDICINA GENERAL ";"25";"26";"84";"103";"6";"186";"0"
"2023";"05";"061004";"CAJAMARCA";"SAN MARCOS";"GREGORIO PITA";"GOBIERNO REGIONAL";"I-1";"00004502";"PUESTO DE SALUD MUYOC";"NE_0001";"";"NE_0001";"NE_0001";"NE_0001";"NE_0001";"NE_0001";"NE_0001";"NE_0001"
"2023";"05";"061004";"CAJAMARCA";"SAN MARCOS";"GREGORIO PITA";"GOBIERNO REGIONAL";"I-2";"00004508";"PAUCAMARCA";"NE_0001";"";"NE_0001";"NE_0001";"NE_0001";"NE_0001";"NE_0001";"NE_0001";"NE_0001"
"2023";"05";"061001";"CAJAMARCA";"SAN MARCOS";"PEDRO GALVEZ";"GOBIERNO REGIONAL";"I-1";"00004509";"CONDORMARCA";"NE_0001";"";"NE_0001";"NE_0001";"NE_0001";"NE_0001";"NE_0001";"NE_0001";"NE_0001"
"2023";"05";"061001";"CAJAMARCA";"SAN MARCOS";"PEDRO GALVEZ";"GOBIERNO REGIONAL";"I-1";"00004510";"CHUCO";"NE_0001";"";"NE_0001";"NE_0001";"NE_0001";"NE_0001";"NE_0001";"NE_0001";"NE_0001"
"2023";"06";"220101";"SAN MARTIN";"MOYOBAMBA";"MOYOBAMBA";"GOBIERNO REGIONAL";"I-1";"00006321";"LOS ANGELES";"NE_0001";"";"NE_0001";"NE_0001";"NE_0001";"NE_0001";"NE_0001";"NE_0001";"NE_0001"
"2023";"06";"220101";"SAN MARTIN";"MOYOBAMBA";"MOYOBAMBA";"GOBIERNO REGIONAL";"I-1";"00006320";"CAÑABRAVA";"NE_0001";"";"NE_0001";"NE_0001";"NE_0001";"NE_0001";"NE_0001";"NE_0001";"NE_0001"
"2023";"06";"220101";"SAN MARTIN";"MOYOBAMBA";"MOYOBAMBA";"GOBIERNO REGIONAL";"I-1";"00006319";"BUENOS AIRES";"NE_0001";"";"NE_0001";"NE_0001";"NE_0001";"NE_0001";"NE_0001";"NE_0001";"NE_0001"
"2023";"06";"220106";"SAN MARTIN";"MOYOBAMBA";"YANTALO";"GOBIERNO REGIONAL";"I-3";"00006318";"YANTALO";"NE_0002";"";"NE_0002";"NE_0002";"NE_0002";"NE_0002";"NE_0002";"NE_0002";"NE_0002"
"2023";"06";"130101";"LA LIBERTAD";"TRUJILLO";"TRUJILLO";"PRIVADO";"II-E";"00016830";"CLINICA CAMINO REAL";"240000";"HOSPITALIZACIÓN";"37";"6";"26";"120";"6";"180";"0"
"2023";"06";"130101";"LA LIBERTAD";"TRUJILLO";"TRUJILLO";"PRIVADO";"II-E";"00016830";"CLINICA CAMINO REAL";"250100";"UNIDAD DE CUIDADOS CRITICOS UNIDAD  DE CUIDADOS INTENSIVOS GENERALES (UCI) ";"2";"0";"0";"1";"2";"60";"0"
"2023";"06";"030201";"APURIMAC";"ANDAHUAYLAS";"ANDAHUAYLAS";"GOBIERNO REGIONAL";"II-2";"00004131";"HOSPITAL SUBREGIONAL DE ANDAHUAYLAS";"240100";"HOSPITALIZACIÓN QUIRÚRGICA CIRUGÍA GENERAL ";"60";"54";"209";"263";"12";"317";"0"
"2023";"06";"030201";"APURIMAC";"ANDAHUAYLAS";"ANDAHUAYLAS";"GOBIERNO REGIONAL";"II-2";"00004131";"HOSPITAL SUBREGIONAL DE ANDAHUAYLAS";"240700";"HOSPITALIZACIÓN QUIRÚRGICA CIRUGÍA PEDIÁTRICA ";"12";"14";"81";"75";"4";"108";"0"
"2023";"06";"030201";"APURIMAC";"ANDAHUAYLAS";"ANDAHUAYLAS";"GOBIERNO REGIONAL";"II-2";"00004131";"HOSPITAL SUBREGIONAL DE ANDAHUAYLAS";"241200";"HOSPITALIZACIÓN QUIRÚRGICA TRAUMATOLOGÍA Y ORTOPEDIA ";"26";"20";"106";"138";"7";"191";"0"
"2023";"06";"030201";"APURIMAC";"ANDAHUAYLAS";"ANDAHUAYLAS";"GOBIERNO REGIONAL";"II-2";"00004131";"HOSPITAL SUBREGIONAL DE ANDAHUAYLAS";"241500";"HOSPITALIZACIÓN QUIRÚRGICA GINECOLOGÍA  ";"47";"43";"69";"57";"5";"114";"0"
"2023";"06";"030201";"APURIMAC";"ANDAHUAYLAS";"ANDAHUAYLAS";"GOBIERNO REGIONAL";"II-2";"00004131";"HOSPITAL SUBREGIONAL DE ANDAHUAYLAS";"241600";"HOSPITALIZACIÓN QUIRÚRGICA OBSTETRICIA   ";"142";"145";"360";"335";"18";"420";"0"
"2023";"06";"030201";"APURIMAC";"ANDAHUAYLAS";"ANDAHUAYLAS";"GOBIERNO REGIONAL";"II-2";"00004131";"HOSPITAL SUBREGIONAL DE ANDAHUAYLAS";"241800";"HOSPITALIZACIÓN DE MEDICINA MEDICINA GENERAL ";"57";"54";"400";"385";"17";"469";"17"
"2023";"06";"030201";"APURIMAC";"ANDAHUAYLAS";"ANDAHUAYLAS";"GOBIERNO REGIONAL";"II-2";"00004131";"HOSPITAL SUBREGIONAL DE ANDAHUAYLAS";"242200";"HOSPITALIZACIÓN DE MEDICINA PSIQUIATRÍA ";"12";"12";"178";"183";"7";"205";"0"
"2023";"06";"030201";"APURIMAC";"ANDAHUAYLAS";"ANDAHUAYLAS";"GOBIERNO REGIONAL";"II-2";"00004131";"HOSPITAL SUBREGIONAL DE ANDAHUAYLAS";"242500";"HOSPITALIZACIÓN-PEDIATRÍA GENERAL-";"42";"44";"251";"205";"9";"238";"0"
"2023";"06";"030201";"APURIMAC";"ANDAHUAYLAS";"ANDAHUAYLAS";"GOBIERNO REGIONAL";"II-2";"00004131";"HOSPITAL SUBREGIONAL DE ANDAHUAYLAS";"243200";"HOSPITALIZACIÓN DE PEDIATRÍA PEDIATRIA NEONATOLOGÍA";"40";"41";"254";"204";"10";"266";"0"
"2023";"06";"030201";"APURIMAC";"ANDAHUAYLAS";"ANDAHUAYLAS";"GOBIERNO REGIONAL";"II-2";"00004131";"HOSPITAL SUBREGIONAL DE ANDAHUAYLAS";"250100";"UNIDAD DE CUIDADOS CRITICOS UNIDAD  DE CUIDADOS INTENSIVOS GENERALES (UCI) ";"13";"10";"82";"64";"3";"64";"3"
"2023";"06";"030201";"APURIMAC";"ANDAHUAYLAS";"ANDAHUAYLAS";"GOBIERNO REGIONAL";"II-2";"00004131";"HOSPITAL SUBREGIONAL DE ANDAHUAYLAS";"250105";"UNIDAD DE CUIDADOS CRITICOS UNIDAD  DE CUIDADOS INTENSIVOS  (UCI) NEONATOLOGÍA";"5";"2";"7";"77";"2";"79";"1"
"2023";"06";"030201";"APURIMAC";"ANDAHUAYLAS";"ANDAHUAYLAS";"GOBIERNO REGIONAL";"II-2";"00004131";"HOSPITAL SUBREGIONAL DE ANDAHUAYLAS";"250108";"UNIDAD DE CUIDADOS CRITICOS UNIDAD  DE CUIDADOS INTENSIVOS  (UCI) PEDIÁTRICA";"5";"1";"2";"48";"2";"64";"0"
"2023";"06";"060312";"CAJAMARCA";"CELENDIN";"LA LIBERTAD DE PALLAN";"GOBIERNO REGIONAL";"I-2";"00004481";"LA LIBERTAD DE PALLAN";"NE_0001";"";"NE_0001";"NE_0001";"NE_0001";"NE_0001";"NE_0001";"NE_0001";"NE_0001"
"2023";"06";"060312";"CAJAMARCA";"CELENDIN";"LA LIBERTAD DE PALLAN";"GOBIERNO REGIONAL";"I-1";"00004480";"NUEVA ESPERANZA";"NE_0001";"";"NE_0001";"NE_0001";"NE_0001";"NE_0001";"NE_0001";"NE_0001";"NE_0001"
"2023";"06";"060312";"CAJAMARCA";"CELENDIN";"LA LIBERTAD DE PALLAN";"GOBIERNO REGIONAL";"I-1";"00006756";"RAMOSCUCHO";"NE_0001";"";"NE_0001";"NE_0001";"NE_0001";"NE_0001";"NE_0001";"NE_0001";"NE_0001"
"2023";"06";"060307";"CAJAMARCA";"CELENDIN";"MIGUEL IGLESIAS";"GOBIERNO REGIONAL";"I-1";"00009088";"PIZON";"NE_0001";"";"NE_0001";"NE_0001";"NE_0001";"NE_0001";"NE_0001";"NE_0001";"NE_0001"
"2023";"06";"060307";"CAJAMARCA";"CELENDIN";"MIGUEL IGLESIAS";"GOBIERNO REGIONAL";"I-1";"00011156";"MUYOC CHICO";"NE_0001";"";"NE_0001";"NE_0001";"NE_0001";"NE_0001";"NE_0001";"NE_0001";"NE_0001"
"2023";"06";"060307";"CAJAMARCA";"CELENDIN";"MIGUEL IGLESIAS";"GOBIERNO REGIONAL";"I-1";"00025042";"JORGE CHAVEZ DE MIGUEL IGLESIAS";"NE_0001";"";"NE_0001";"NE_0001";"NE_0001";"NE_0001";"NE_0001";"NE_0001";"NE_0001"
"2023";"08";"110101";"ICA";"ICA";"ICA";"ESSALUD";"II-2";"00016374";"HOSPITAL IV AUGUSTO HERNANDEZ MENDOZA";"240100";"HOSPITALIZACIÓN QUIRÚRGICA CIRUGÍA GENERAL ";"282";"283";"1320";"1232";"48";"1488";"2"
"2023";"08";"110101";"ICA";"ICA";"ICA";"ESSALUD";"II-2";"00016374";"HOSPITAL IV AUGUSTO HERNANDEZ MENDOZA";"241900";"HOSPITALIZACIÓN DE MEDICINA MEDICINA INTERNA ";"100";"96";"964";"881";"29";"899";"9"
"2023";"08";"110101";"ICA";"ICA";"ICA";"ESSALUD";"II-2";"00016374";"HOSPITAL IV AUGUSTO HERNANDEZ MENDOZA";"245400";"HOSPITALIZACIÓN DE MEDICINA GINECOLOGIA ";"27";"37";"143";"159";"6";"168";"0"
"2023";"08";"110101";"ICA";"ICA";"ICA";"ESSALUD";"II-2";"00016374";"HOSPITAL IV AUGUSTO HERNANDEZ MENDOZA";"241400";"HOSPITALIZACIÓN QUIRÚRGICA GINECO - OBSTETRICIA ";"160";"108";"378";"433";"17";"527";"0"
"2023";"08";"110101";"ICA";"ICA";"ICA";"ESSALUD";"II-2";"00016374";"HOSPITAL IV AUGUSTO HERNANDEZ MENDOZA";"242500";"HOSPITALIZACIÓN-PEDIATRÍA GENERAL-";"124";"47";"254";"223";"9";"279";"0"
"2023";"08";"090201";"HUANCAVELICA";"ACOBAMBA";"ACOBAMBA";"GOBIERNO REGIONAL";"I-3";"00022075";"CENTRO DE SALUD MENTAL COMUNITARIO ACOBAMBA";"NE_0001";"";"NE_0001";"NE_0001";"NE_0001";"NE_0001";"NE_0001";"NE_0001";"NE_0001"
"2023";"08";"220909";"SAN MARTIN";"SAN MARTIN";"LA BANDA DE SHILCAYO";"GOBIERNO REGIONAL";"I-1";"00006367";"LA UNION (SANIRARCA)";"NE_0001";"";"NE_0001";"NE_0001";"NE_0001";"NE_0001";"NE_0001";"NE_0001";"NE_0001"
"2023";"08";"220909";"SAN MARTIN";"SAN MARTIN";"LA BANDA DE SHILCAYO";"GOBIERNO REGIONAL";"I-1";"00006366";"LAS PALMAS";"NE_0001";"";"NE_0001";"NE_0001";"NE_0001";"NE_0001";"NE_0001";"NE_0001";"NE_0001"
"2023";"08";"220909";"SAN MARTIN";"SAN MARTIN";"LA BANDA DE SHILCAYO";"GOBIERNO REGIONAL";"I-3";"00026698";"CENTRO DE SALUD MENTAL COMUNITARIO ""LA BANDA DE SHILCAYO""";"NE_0001";"";"NE_0001";"NE_0001";"NE_0001";"NE_0001";"NE_0001";"NE_0001";"NE_0001"
"2023";"08";"120703";"JUNIN";"TARMA";"HUARICOLCA";"GOBIERNO REGIONAL";"I-2";"00000595";"HUARICOLCA";"NE_0001";"";"NE_0001";"NE_0001";"NE_0001";"NE_0001";"NE_0001";"NE_0001";"NE_0001"
"2023";"08";"130601";"LA LIBERTAD";"OTUZCO";"OTUZCO";"GOBIERNO REGIONAL";"II-1";"00005314";"HOSPITAL DE APOYO OTUZCO ELPIDIO BEROVIDES PEREZ";"240100";"HOSPITALIZACIÓN QUIRÚRGICA CIRUGÍA GENERAL ";"8";"9";"36";"28";"3";"93";"0"
"2023";"08";"130601";"LA LIBERTAD";"OTUZCO";"OTUZCO";"GOBIERNO REGIONAL";"II-1";"00005314";"HOSPITAL DE APOYO OTUZCO ELPIDIO BEROVIDES PEREZ";"241800";"HOSPITALIZACIÓN DE MEDICINA MEDICINA GENERAL ";"11";"12";"51";"40";"5";"155";"0"
"2023";"08";"130601";"LA LIBERTAD";"OTUZCO";"OTUZCO";"GOBIERNO REGIONAL";"II-1";"00005314";"HOSPITAL DE APOYO OTUZCO ELPIDIO BEROVIDES PEREZ";"243200";"HOSPITALIZACIÓN DE PEDIATRÍA PEDIATRIA NEONATOLOGÍA";"1";"3";"34";"13";"3";"93";"0"
"2023";"08";"130601";"LA LIBERTAD";"OTUZCO";"OTUZCO";"GOBIERNO REGIONAL";"II-1";"00005314";"HOSPITAL DE APOYO OTUZCO ELPIDIO BEROVIDES PEREZ";"242300";"HOSPITALIZACIÓN DE PEDIATRÍA  PEDIATRÍA  GENERAL ";"8";"9";"37";"36";"4";"124";"0"
"2023";"08";"130601";"LA LIBERTAD";"OTUZCO";"OTUZCO";"GOBIERNO REGIONAL";"II-1";"00005314";"HOSPITAL DE APOYO OTUZCO ELPIDIO BEROVIDES PEREZ";"241400";"HOSPITALIZACIÓN QUIRÚRGICA GINECO - OBSTETRICIA ";"21";"23";"43";"39";"3";"93";"0"
"2023";"08";"130601";"LA LIBERTAD";"OTUZCO";"OTUZCO";"GOBIERNO REGIONAL";"II-1";"00005314";"HOSPITAL DE APOYO OTUZCO ELPIDIO BEROVIDES PEREZ";"241500";"HOSPITALIZACIÓN QUIRÚRGICA GINECOLOGÍA  ";"17";"19";"36";"36";"3";"93";"0"
"2023";"08";"130601";"LA LIBERTAD";"OTUZCO";"OTUZCO";"GOBIERNO REGIONAL";"II-1";"00005314";"HOSPITAL DE APOYO OTUZCO ELPIDIO BEROVIDES PEREZ";"241600";"HOSPITALIZACIÓN QUIRÚRGICA OBSTETRICIA   ";"21";"22";"31";"27";"3";"93";"0"
"2023";"08";"100108";"HUANUCO";"HUANUCO";"SAN PEDRO DE CHAULAN";"GOBIERNO REGIONAL";"I-1";"00000796";"SAN JOSE DE COZO TINGO";"NE_0001";"";"NE_0001";"NE_0001";"NE_0001";"NE_0001";"NE_0001";"NE_0001";"NE_0001"
"2023";"08";"150133";"LIMA";"LIMA";"SAN JUAN DE MIRAFLORES";"PRIVADO";"II-E";"00016794";"CLINICA DIVINO NIÑO JESUS - ORDEN DE MALTA";"240000";"HOSPITALIZACIÓN";"65";"58";"167";"58";"14";"434";"1"
"2023";"08";"100108";"HUANUCO";"HUANUCO";"SAN PEDRO DE CHAULAN";"GOBIERNO REGIONAL";"I-3";"00000794";"CHAULAN";"NE_0001";"";"NE_0001";"NE_0001";"NE_0001";"NE_0001";"NE_0001";"NE_0001";"NE_0001"
"2023";"08";"100108";"HUANUCO";"HUANUCO";"SAN PEDRO DE CHAULAN";"GOBIERNO REGIONAL";"I-2";"00000789";"SAN JUAN DE LIBERTAD";"NE_0001";"";"NE_0001";"NE_0001";"NE_0001";"NE_0001";"NE_0001";"NE_0001";"NE_0001"
"2023";"08";"120112";"JUNIN";"HUANCAYO";"COLCA";"GOBIERNO REGIONAL";"I-2";"00000701";"COLCA";"NE_0002";"";"NE_0002";"NE_0002";"NE_0002";"NE_0002";"NE_0002";"NE_0002";"NE_0002"
"2023";"08";"120105";"JUNIN";"HUANCAYO";"CHACAPAMPA";"GOBIERNO REGIONAL";"I-1";"00000694";"CHACAPAMPA";"NE_0002";"";"NE_0002";"NE_0002";"NE_0002";"NE_0002";"NE_0002";"NE_0002";"NE_0002"
"2023";"07";"150101";"LIMA";"LIMA";"LIMA";"MINSA";"III-2";"00006209";"INSTITUTO NACIONAL DE CIENCIAS NEUROLOGICAS";"244800";"HOSPITALIZACIÓN DE MEDICINA-NEUROLOGIA -NEUROLOGIA DE LA CONDUCTA";"32";"27";"306";"248";"15";"465";"0"
"2023";"07";"150101";"LIMA";"LIMA";"LIMA";"MINSA";"III-2";"00006209";"INSTITUTO NACIONAL DE CIENCIAS NEUROLOGICAS";"245200";"HOSPITALIZACIÓN DE MEDICINA NEUROLOGIA  EPILEPSIA/EPILEPTOLOGIA";"24";"21";"178";"186";"9";"279";"0"
"2023";"07";"150101";"LIMA";"LIMA";"LIMA";"MINSA";"III-2";"00006209";"INSTITUTO NACIONAL DE CIENCIAS NEUROLOGICAS";"243400";"HOSPITALIZACIÓN DE PEDIATRÍA PEDIATRIA NEUROLOGÍA PEDIÁTRICA";"26";"19";"257";"248";"14";"434";"0"
"2023";"07";"150101";"LIMA";"LIMA";"LIMA";"MINSA";"III-2";"00006209";"INSTITUTO NACIONAL DE CIENCIAS NEUROLOGICAS";"245100";"HOSPITALIZACIÓN DE MEDICINA NEUROLOGIA  ENFERMEDADES INFECCIOSAS/TRANSMISIBLES DEL SISTEMA NERVIOSO";"19";"14";"329";"465";"16";"496";"1"
"2023";"07";"150101";"LIMA";"LIMA";"LIMA";"MINSA";"III-2";"00006209";"INSTITUTO NACIONAL DE CIENCIAS NEUROLOGICAS";"245000";"HOSPITALIZACIÓN DE MEDICINA NEUROLOGIA  NEUROVASCULARES Y METABOLICAS";"37";"30";"384";"341";"11";"341";"0"
"2023";"07";"150101";"LIMA";"LIMA";"LIMA";"MINSA";"III-2";"00006209";"INSTITUTO NACIONAL DE CIENCIAS NEUROLOGICAS";"244900";"HOSPITALIZACIÓN DE MEDICINA NEUROLOGIA  NEURODEGENERATIVAS";"29";"26";"483";"558";"20";"620";"0"
"2023";"07";"150101";"LIMA";"LIMA";"LIMA";"MINSA";"III-2";"00006209";"INSTITUTO NACIONAL DE CIENCIAS NEUROLOGICAS";"240900";"HOSPITALIZACIÓN QUIRÚRGICA NEUROCIRUGÍA ";"150";"77";"1095";"930";"33";"1023";"1"
"2023";"07";"150101";"LIMA";"LIMA";"LIMA";"MINSA";"III-2";"00006209";"INSTITUTO NACIONAL DE CIENCIAS NEUROLOGICAS";"250106";"UNIDAD DE CUIDADOS CRITICOS UNIDAD  DE CUIDADOS INTENSIVOS  (UCI) NEUROLÓGICA";"21";"1";"5";"217";"7";"217";"0"
"2023";"07";"150101";"LIMA";"LIMA";"LIMA";"MINSA";"III-2";"00006209";"INSTITUTO NACIONAL DE CIENCIAS NEUROLOGICAS";"250200";"UNIDAD DE CUIDADOS CRITICOS UNIDAD DE CUIDADOS INTERMEDIOS GENERAL  (UCIN) ";"10";"0";"0";"124";"6";"186";"0"
"2023";"07";"200701";"PIURA";"TALARA";"PARIÑAS";"PRIVADO";"II-1";"00011396";"ADMINISTRADORA CLINICA TRESA";"241900";"HOSPITALIZACIÓN DE MEDICINA MEDICINA INTERNA ";"30";"27";"58";"190";"7";"217";"0"
"2023";"07";"200701";"PIURA";"TALARA";"PARIÑAS";"PRIVADO";"II-1";"00011396";"ADMINISTRADORA CLINICA TRESA";"240100";"HOSPITALIZACIÓN QUIRÚRGICA CIRUGÍA GENERAL ";"12";"10";"16";"83";"3";"93";"0"
"2023";"07";"200701";"PIURA";"TALARA";"PARIÑAS";"PRIVADO";"II-1";"00011396";"ADMINISTRADORA CLINICA TRESA";"241200";"HOSPITALIZACIÓN QUIRÚRGICA TRAUMATOLOGÍA Y ORTOPEDIA ";"2";"2";"4";"28";"2";"31";"0"
"2023";"07";"200701";"PIURA";"TALARA";"PARIÑAS";"PRIVADO";"II-1";"00011396";"ADMINISTRADORA CLINICA TRESA";"241500";"HOSPITALIZACIÓN QUIRÚRGICA GINECOLOGÍA  ";"4";"4";"8";"56";"2";"62";"0"
"2023";"07";"200701";"PIURA";"TALARA";"PARIÑAS";"PRIVADO";"II-1";"00011396";"ADMINISTRADORA CLINICA TRESA";"242300";"HOSPITALIZACIÓN DE PEDIATRÍA  PEDIATRÍA  GENERAL ";"13";"12";"40";"167";"6";"186";"0"
"2023";"07";"220913";"SAN MARTIN";"SAN MARTIN";"SAUCE";"GOBIERNO REGIONAL";"I-1";"00006381";"DOS DE MAYO";"NE_0001";"";"NE_0001";"NE_0001";"NE_0001";"NE_0001";"NE_0001";"NE_0001";"NE_0001"
"2023";"07";"220913";"SAN MARTIN";"SAN MARTIN";"SAUCE";"GOBIERNO REGIONAL";"I-3";"00006380";"SAUCE";"241600";"HOSPITALIZACIÓN QUIRÚRGICA OBSTETRICIA   ";"7";"7";"7";"7";"2";"62";"0"
"2023";"07";"200101";"PIURA";"PIURA";"PIURA";"PRIVADO";"II-E";"00027459";"CLINICA MEDICA SANTA EMILIA";"241900";"HOSPITALIZACIÓN DE MEDICINA MEDICINA INTERNA ";"7";"7";"14";"14";"7";"196";"0"
"2023";"07";"200101";"PIURA";"PIURA";"PIURA";"PRIVADO";"II-E";"00027459";"CLINICA MEDICA SANTA EMILIA";"244300";"HOSPITALIZACIÓN DE MEDICINA GASTROENTEROLOGÍA  ";"2";"2";"4";"4";"7";"206";"0"
"2023";"07";"150130";"LIMA";"LIMA";"SAN BORJA";"PRIVADO";"II-E";"00011547";"CLINICA CONTINENTAL";"NE_0002";"";"NE_0002";"NE_0002";"NE_0002";"NE_0002";"NE_0002";"NE_0002";"NE_0002"
"2023";"07";"120706";"JUNIN";"TARMA";"PALCA";"GOBIERNO REGIONAL";"I-1";"00000574";"YAROCA";"NE_0001";"";"NE_0001";"NE_0001";"NE_0001";"NE_0001";"NE_0001";"NE_0001";"NE_0001"
"2023";"07";"120706";"JUNIN";"TARMA";"PALCA";"GOBIERNO REGIONAL";"I-1";"00000575";"HUARIPAMPA";"NE_0001";"";"NE_0001";"NE_0001";"NE_0001";"NE_0001";"NE_0001";"NE_0001";"NE_0001"
"2023";"07";"120706";"JUNIN";"TARMA";"PALCA";"GOBIERNO REGIONAL";"I-1";"00000576";"PATAY";"NE_0001";"";"NE_0001";"NE_0001";"NE_0001";"NE_0001";"NE_0001";"NE_0001";"NE_0001"
"2023";"07";"120706";"JUNIN";"TARMA";"PALCA";"GOBIERNO REGIONAL";"I-1";"00000570";"ÑAHUIN";"NE_0001";"";"NE_0001";"NE_0001";"NE_0001";"NE_0001";"NE_0001";"NE_0001";"NE_0001"
"2023";"07";"160108";"LORETO";"MAYNAS";"PUNCHANA";"ESSALUD";"I-3";"00011397";"CENTRO DE ATENCION PRIMARIA III PUNCHANA";"NE_0001";"";"NE_0001";"NE_0001";"NE_0001";"NE_0001";"NE_0001";"NE_0001";"NE_0001"
"2023";"08";"120401";"JUNIN";"JAUJA";"JAUJA";"SANIDAD DE LA POLICIA NACIONAL DEL PERU";"I-2";"00011874";"POSTA MEDICA POLICIAL JAUJA";"NE_0001";"";"NE_0001";"NE_0001";"NE_0001";"NE_0001";"NE_0001";"NE_0001";"NE_0001"
"2023";"09";"040111";"AREQUIPA";"AREQUIPA";"MOLLEBAYA";"GOBIERNO REGIONAL";"I-2";"00011677";"PUESTO DE SALUD MACHAHUAYA";"NE_0001";"";"NE_0001";"NE_0001";"NE_0001";"NE_0001";"NE_0001";"NE_0001";"NE_0001"
"2023";"09";"040127";"AREQUIPA";"AREQUIPA";"YARABAMBA";"GOBIERNO REGIONAL";"I-2";"00001287";"PUESTO DE SALUD YARABAMBA";"NE_0001";"";"NE_0001";"NE_0001";"NE_0001";"NE_0001";"NE_0001";"NE_0001";"NE_0001"
"2023";"09";"040113";"AREQUIPA";"AREQUIPA";"POCSI";"GOBIERNO REGIONAL";"I-1";"00001288";"PUESTO DE SALUD POCSI";"NE_0001";"";"NE_0001";"NE_0001";"NE_0001";"NE_0001";"NE_0001";"NE_0001";"NE_0001"
"2023";"09";"040115";"AREQUIPA";"AREQUIPA";"QUEQUEÑA";"GOBIERNO REGIONAL";"I-2";"00001286";"PUESTO DE SALUD QUEQUEÑA";"NE_0001";"";"NE_0001";"NE_0001";"NE_0001";"NE_0001";"NE_0001";"NE_0001";"NE_0001"
"2023";"09";"050104";"AYACUCHO";"HUAMANGA";"CARMEN ALTO";"SANIDAD DE LA POLICIA NACIONAL DEL PERU";"I-2";"00027415";"POSTA MEDICA POLICIAL EESTP PNP AYACUCHO";"NE_0001";"";"NE_0001";"NE_0001";"NE_0001";"NE_0001";"NE_0001";"NE_0001";"NE_0001"
"2023";"09";"070106";"CALLAO";"CALLAO";"VENTANILLA";"GOBIERNO REGIONAL";"I-2";"00006263";"PUESTO DE SALUD  SANTA ROSA DE PACHACUTEC";"NE_0001";"";"NE_0001";"NE_0001";"NE_0001";"NE_0001";"NE_0001";"NE_0001";"NE_0001"
"2023";"09";"070106";"CALLAO";"CALLAO";"VENTANILLA";"GOBIERNO REGIONAL";"I-2";"00006267";"PUESTO DE SALUD CIUDAD PACHACUTEC";"NE_0001";"";"NE_0001";"NE_0001";"NE_0001";"NE_0001";"NE_0001";"NE_0001";"NE_0001"
"2023";"09";"070106";"CALLAO";"CALLAO";"VENTANILLA";"GOBIERNO REGIONAL";"I-2";"00006266";"PUESTO DE SALUD 3 DE FEBRERO";"NE_0001";"";"NE_0001";"NE_0001";"NE_0001";"NE_0001";"NE_0001";"NE_0001";"NE_0001"
"2023";"09";"070106";"CALLAO";"CALLAO";"VENTANILLA";"GOBIERNO REGIONAL";"I-2";"00006264";"PUESTO DE SALUD BAHÍA BLANCA";"NE_0001";"";"NE_0001";"NE_0001";"NE_0001";"NE_0001";"NE_0001";"NE_0001";"NE_0001"
"2023";"09";"070106";"CALLAO";"CALLAO";"VENTANILLA";"GOBIERNO REGIONAL";"I-4";"00007314";"C.S. MATERNO INFANTIL PACHACUTEC  PERU-COREA";"241800";"HOSPITALIZACIÓN DE MEDICINA MEDICINA GENERAL ";"14";"14";"15";"420";"14";"420";"0"
"2023";"09";"110101";"ICA";"ICA";"ICA";"PRIVADO";"I-4";"00009606";"VIRGEN DEL ROSARIO SA";"240000";"HOSPITALIZACIÓN";"89";"88";"154";"138";"16";"480";"0"
"2023";"09";"130101";"LA LIBERTAD";"TRUJILLO";"TRUJILLO";"PRIVADO";"II-E";"00021009";"CLINICA SAN LUIS ASISTENCIAL DOCENTE S.R.L.";"240100";"HOSPITALIZACIÓN QUIRÚRGICA CIRUGÍA GENERAL ";"123";"145";"158";"173";"24";"720";"0"
"2023";"09";"130101";"LA LIBERTAD";"TRUJILLO";"TRUJILLO";"PRIVADO";"II-E";"00021009";"CLINICA SAN LUIS ASISTENCIAL DOCENTE S.R.L.";"241400";"HOSPITALIZACIÓN QUIRÚRGICA GINECO - OBSTETRICIA ";"6";"6";"20";"29";"24";"720";"0"
"2023";"09";"160101";"LORETO";"MAYNAS";"IQUITOS";"PRIVADO";"I-3";"00012075";"SARLOR";"NE_0002";"";"NE_0002";"NE_0002";"NE_0002";"NE_0002";"NE_0002";"NE_0002";"NE_0002"
"2023";"09";"110101";"ICA";"ICA";"ICA";"GOBIERNO REGIONAL";"II-1";"00003359";"SANTA MARIA DEL SOCORRO";"240100";"HOSPITALIZACIÓN QUIRÚRGICA CIRUGÍA GENERAL ";"65";"76";"523";"478";"23";"690";"0"
"2023";"09";"110101";"ICA";"ICA";"ICA";"GOBIERNO REGIONAL";"II-1";"00003359";"SANTA MARIA DEL SOCORRO";"241400";"HOSPITALIZACIÓN QUIRÚRGICA GINECO - OBSTETRICIA ";"190";"204";"588";"795";"31";"930";"0"
"2023";"09";"110101";"ICA";"ICA";"ICA";"GOBIERNO REGIONAL";"II-1";"00003359";"SANTA MARIA DEL SOCORRO";"241500";"HOSPITALIZACIÓN QUIRÚRGICA GINECOLOGÍA  ";"46";"50";"183";"235";"12";"360";"0"
"2023";"09";"110101";"ICA";"ICA";"ICA";"GOBIERNO REGIONAL";"II-1";"00003359";"SANTA MARIA DEL SOCORRO";"241900";"HOSPITALIZACIÓN DE MEDICINA MEDICINA INTERNA ";"45";"56";"263";"188";"14";"420";"3"
"2023";"09";"110101";"ICA";"ICA";"ICA";"GOBIERNO REGIONAL";"II-1";"00003359";"SANTA MARIA DEL SOCORRO";"242500";"HOSPITALIZACIÓN-PEDIATRÍA GENERAL-";"47";"50";"181";"77";"18";"540";"1"
"2023";"09";"110101";"ICA";"ICA";"ICA";"GOBIERNO REGIONAL";"II-1";"00003359";"SANTA MARIA DEL SOCORRO";"243200";"HOSPITALIZACIÓN DE PEDIATRÍA PEDIATRIA NEONATOLOGÍA";"16";"21";"157";"148";"7";"210";"0"
"2023";"09";"110101";"ICA";"ICA";"ICA";"GOBIERNO REGIONAL";"II-1";"00003359";"SANTA MARIA DEL SOCORRO";"250103";"UNIDAD DE CUIDADOS CRITICOS UNIDAD  DE CUIDADOS INTENSIVOS GENERALES  (UCI) MEDICINA";"6";"7";"46";"55";"3";"90";"2"
"2023";"09";"120415";"JUNIN";"JAUJA";"MARCO";"GOBIERNO REGIONAL";"I-2";"00000385";"MARCO";"NE_0001";"";"NE_0001";"NE_0001";"NE_0001";"NE_0001";"NE_0001";"NE_0001";"NE_0001"
"2023";"09";"120426";"JUNIN";"JAUJA";"POMACANCHA";"GOBIERNO REGIONAL";"I-1";"00000389";"ARMONIA";"NE_0001";"";"NE_0001";"NE_0001";"NE_0001";"NE_0001";"NE_0001";"NE_0001";"NE_0001"
"2023";"09";"120422";"JUNIN";"JAUJA";"PACA";"GOBIERNO REGIONAL";"I-1";"00000386";"YANACANCHA";"NE_0001";"";"NE_0001";"NE_0001";"NE_0001";"NE_0001";"NE_0001";"NE_0001";"NE_0001"
"2023";"09";"120432";"JUNIN";"JAUJA";"TUNAN MARCA";"GOBIERNO REGIONAL";"I-1";"00000391";"TUNANMARCA";"NE_0001";"";"NE_0001";"NE_0001";"NE_0001";"NE_0001";"NE_0001";"NE_0001";"NE_0001"
"2023";"09";"120402";"JUNIN";"JAUJA";"ACOLLA";"GOBIERNO REGIONAL";"I-2";"00000383";"PACHASCUCHO";"NE_0001";"";"NE_0001";"NE_0001";"NE_0001";"NE_0001";"NE_0001";"NE_0001";"NE_0001"
"2023";"09";"120426";"JUNIN";"JAUJA";"POMACANCHA";"GOBIERNO REGIONAL";"I-2";"00000388";"POMACANCHA";"NE_0001";"";"NE_0001";"NE_0001";"NE_0001";"NE_0001";"NE_0001";"NE_0001";"NE_0001"
"2023";"09";"120426";"JUNIN";"JAUJA";"POMACANCHA";"GOBIERNO REGIONAL";"I-1";"00000390";"CASABLANCA";"NE_0001";"";"NE_0001";"NE_0001";"NE_0001";"NE_0001";"NE_0001";"NE_0001";"NE_0001"
"2023";"09";"120402";"JUNIN";"JAUJA";"ACOLLA";"GOBIERNO REGIONAL";"I-1";"00000381";"SACAS";"NE_0001";"";"NE_0001";"NE_0001";"NE_0001";"NE_0001";"NE_0001";"NE_0001";"NE_0001"
"2023";"09";"120402";"JUNIN";"JAUJA";"ACOLLA";"GOBIERNO REGIONAL";"I-2";"00000384";"TINGO PACCHA";"NE_0001";"";"NE_0001";"NE_0001";"NE_0001";"NE_0001";"NE_0001";"NE_0001";"NE_0001"
"2023";"09";"120402";"JUNIN";"JAUJA";"ACOLLA";"GOBIERNO REGIONAL";"I-3";"00000379";"ACOLLA";"NE_0001";"";"NE_0001";"NE_0001";"NE_0001";"NE_0001";"NE_0001";"NE_0001";"NE_0001"
"2023";"09";"120402";"JUNIN";"JAUJA";"ACOLLA";"GOBIERNO REGIONAL";"I-2";"00000380";"EL TINGO";"NE_0001";"";"NE_0001";"NE_0001";"NE_0001";"NE_0001";"NE_0001";"NE_0001";"NE_0001"
"2023";"09";"120402";"JUNIN";"JAUJA";"ACOLLA";"GOBIERNO REGIONAL";"I-2";"00000382";"YANAMARCA";"NE_0001";"";"NE_0001";"NE_0001";"NE_0001";"NE_0001";"NE_0001";"NE_0001";"NE_0001"
"2023";"09";"120402";"JUNIN";"JAUJA";"ACOLLA";"GOBIERNO REGIONAL";"I-1";"00006874";"CHUQUISHUARI";"NE_0001";"";"NE_0001";"NE_0001";"NE_0001";"NE_0001";"NE_0001";"NE_0001";"NE_0001"
"2023";"09";"150121";"LIMA";"LIMA";"PUEBLO LIBRE";"MINSA";"III-1";"00006211";"HOSPITAL DE APOYO SANTA ROSA";"240100";"HOSPITALIZACIÓN QUIRÚRGICA CIRUGÍA GENERAL ";"117";"110";"520";"595";"22";"660";"1"
"2023";"09";"150121";"LIMA";"LIMA";"PUEBLO LIBRE";"MINSA";"III-1";"00006211";"HOSPITAL DE APOYO SANTA ROSA";"240700";"HOSPITALIZACIÓN QUIRÚRGICA CIRUGÍA PEDIÁTRICA ";"32";"28";"209";"230";"10";"300";"0"
"2023";"09";"150121";"LIMA";"LIMA";"PUEBLO LIBRE";"MINSA";"III-1";"00006211";"HOSPITAL DE APOYO SANTA ROSA";"241500";"HOSPITALIZACIÓN QUIRÚRGICA GINECOLOGÍA  ";"53";"48";"334";"302";"15";"450";"0"
"2023";"09";"150121";"LIMA";"LIMA";"PUEBLO LIBRE";"MINSA";"III-1";"00006211";"HOSPITAL DE APOYO SANTA ROSA";"241600";"HOSPITALIZACIÓN QUIRÚRGICA OBSTETRICIA   ";"148";"150";"633";"686";"31";"930";"0"
"2023";"09";"150121";"LIMA";"LIMA";"PUEBLO LIBRE";"MINSA";"III-1";"00006211";"HOSPITAL DE APOYO SANTA ROSA";"241800";"HOSPITALIZACIÓN DE MEDICINA MEDICINA GENERAL ";"74";"75";"774";"745";"27";"810";"4"
"2023";"09";"150121";"LIMA";"LIMA";"PUEBLO LIBRE";"MINSA";"III-1";"00006211";"HOSPITAL DE APOYO SANTA ROSA";"242100";"HOSPITALIZACIÓN DE MEDICINA ONCOLOGÍA MÉDICA ";"47";"45";"225";"236";"9";"270";"0"
"2023";"09";"150121";"LIMA";"LIMA";"PUEBLO LIBRE";"MINSA";"III-1";"00006211";"HOSPITAL DE APOYO SANTA ROSA";"242500";"HOSPITALIZACIÓN-PEDIATRÍA GENERAL-";"65";"64";"287";"281";"13";"390";"0"
"2023";"09";"150121";"LIMA";"LIMA";"PUEBLO LIBRE";"MINSA";"III-1";"00006211";"HOSPITAL DE APOYO SANTA ROSA";"243200";"HOSPITALIZACIÓN DE PEDIATRÍA PEDIATRIA NEONATOLOGÍA";"30";"30";"123";"124";"7";"210";"1"
"2023";"09";"150132";"LIMA";"LIMA";"SAN JUAN DE LURIGANCHO";"ESSALUD";"II-1";"00008317";"HOSPITAL AURELIO DIAZ UFANO Y PERAL";"240100";"HOSPITALIZACIÓN QUIRÚRGICA CIRUGÍA GENERAL ";"105";"103";"206";"206";"7";"223";"0"
"2023";"09";"150132";"LIMA";"LIMA";"SAN JUAN DE LURIGANCHO";"ESSALUD";"II-1";"00008317";"HOSPITAL AURELIO DIAZ UFANO Y PERAL";"241400";"HOSPITALIZACIÓN QUIRÚRGICA GINECO - OBSTETRICIA ";"19";"21";"61";"72";"2";"72";"0"
"2023";"09";"150132";"LIMA";"LIMA";"SAN JUAN DE LURIGANCHO";"ESSALUD";"II-1";"00008317";"HOSPITAL AURELIO DIAZ UFANO Y PERAL";"241600";"HOSPITALIZACIÓN QUIRÚRGICA OBSTETRICIA   ";"135";"131";"273";"275";"13";"378";"0"
"2023";"09";"150132";"LIMA";"LIMA";"SAN JUAN DE LURIGANCHO";"ESSALUD";"II-1";"00008317";"HOSPITAL AURELIO DIAZ UFANO Y PERAL";"241900";"HOSPITALIZACIÓN DE MEDICINA MEDICINA INTERNA ";"69";"69";"235";"236";"10";"288";"3"
"2023";"09";"150132";"LIMA";"LIMA";"SAN JUAN DE LURIGANCHO";"ESSALUD";"II-1";"00008317";"HOSPITAL AURELIO DIAZ UFANO Y PERAL";"242300";"HOSPITALIZACIÓN DE PEDIATRÍA  PEDIATRÍA  GENERAL ";"79";"82";"213";"206";"8";"239";"0"
"2023";"09";"150132";"LIMA";"LIMA";"SAN JUAN DE LURIGANCHO";"ESSALUD";"II-1";"00008317";"HOSPITAL AURELIO DIAZ UFANO Y PERAL";"243200";"HOSPITALIZACIÓN DE PEDIATRÍA PEDIATRIA NEONATOLOGÍA";"49";"46";"79";"82";"3";"90";"0"
"2023";"09";"220503";"SAN MARTIN";"LAMAS";"BARRANQUITA";"GOBIERNO REGIONAL";"I-1";"00006435";"SANTA CLARA";"NE_0001";"";"NE_0001";"NE_0001";"NE_0001";"NE_0001";"NE_0001";"NE_0001";"NE_0001"
"2023";"09";"220503";"SAN MARTIN";"LAMAS";"BARRANQUITA";"GOBIERNO REGIONAL";"I-1";"00006433";"PUERTO PIZARRO";"NE_0001";"";"NE_0001";"NE_0001";"NE_0001";"NE_0001";"NE_0001";"NE_0001";"NE_0001"
"2023";"09";"220503";"SAN MARTIN";"LAMAS";"BARRANQUITA";"GOBIERNO REGIONAL";"I-1";"00007401";"SANANGO";"NE_0001";"";"NE_0001";"NE_0001";"NE_0001";"NE_0001";"NE_0001";"NE_0001";"NE_0001"
"2023";"09";"220503";"SAN MARTIN";"LAMAS";"BARRANQUITA";"GOBIERNO REGIONAL";"I-1";"00006450";"SANTA ELENA";"NE_0001";"";"NE_0001";"NE_0001";"NE_0001";"NE_0001";"NE_0001";"NE_0001";"NE_0001"
"2023";"09";"120204";"JUNIN";"CONCEPCION";"CHAMBARA";"GOBIERNO REGIONAL";"I-1";"00000638";"SAN BLAS";"NE_0002";"";"NE_0002";"NE_0002";"NE_0002";"NE_0002";"NE_0002";"NE_0002";"NE_0002"
"2023";"09";"120904";"JUNIN";"CHUPACA";"HUACHAC";"GOBIERNO REGIONAL";"I-1";"00000654";"ANTAPAMPA";"NE_0002";"";"NE_0002";"NE_0002";"NE_0002";"NE_0002";"NE_0002";"NE_0002";"NE_0002"
"2023";"09";"120204";"JUNIN";"CONCEPCION";"CHAMBARA";"GOBIERNO REGIONAL";"I-1";"00000637";"STA. ROSA DE TISTES";"NE_0002";"";"NE_0002";"NE_0002";"NE_0002";"NE_0002";"NE_0002";"NE_0002";"NE_0002"
"2023";"09";"120204";"JUNIN";"CONCEPCION";"CHAMBARA";"GOBIERNO REGIONAL";"I-2";"00000636";"CHAMBARA";"NE_0002";"";"NE_0002";"NE_0002";"NE_0002";"NE_0002";"NE_0002";"NE_0002";"NE_0002"
"2023";"04";"060101";"CAJAMARCA";"CAJAMARCA";"CAJAMARCA";"GOBIERNO REGIONAL";"II-E";"00004655";"SIMON BOLIVAR";"241400";"HOSPITALIZACIÓN QUIRÚRGICA GINECO - OBSTETRICIA ";"310";"308";"506";"594";"21";"630";"0"
"2023";"04";"060101";"CAJAMARCA";"CAJAMARCA";"CAJAMARCA";"GOBIERNO REGIONAL";"II-E";"00004655";"SIMON BOLIVAR";"240100";"HOSPITALIZACIÓN QUIRÚRGICA CIRUGÍA GENERAL ";"38";"40";"121";"420";"15";"450";"0"
"2023";"04";"060101";"CAJAMARCA";"CAJAMARCA";"CAJAMARCA";"GOBIERNO REGIONAL";"II-E";"00004655";"SIMON BOLIVAR";"241800";"HOSPITALIZACIÓN DE MEDICINA MEDICINA GENERAL ";"47";"48";"181";"282";"10";"300";"0"
"2023";"04";"060101";"CAJAMARCA";"CAJAMARCA";"CAJAMARCA";"GOBIERNO REGIONAL";"II-E";"00004655";"SIMON BOLIVAR";"242300";"HOSPITALIZACIÓN DE PEDIATRÍA  PEDIATRÍA  GENERAL ";"232";"225";"438";"135";"5";"150";"0"
"2023";"04";"021801";"ANCASH";"SANTA";"CHIMBOTE";"PRIVADO";"II-1";"00016551";"CLINICA JUAN PABLO II";"240000";"HOSPITALIZACIÓN";"118";"119";"193";"126";"19";"570";"0"
"2023";"04";"040101";"AREQUIPA";"AREQUIPA";"AREQUIPA";"PRIVADO";"II-E";"00024208";"PRAXIS MEDICAL S.A.C.";"240800";"HOSPITALIZACIÓN QUIRÚRGICA CIRUGÍA PLÁSTICA/RECONSTRUCTIVA/ REPARADORA ";"3";"5";"5";"5";"12";"360";"0"
"2023";"04";"150101";"LIMA";"LIMA";"LIMA";"PRIVADO";"II-2";"00015610";"Clínica Internacional - Sede Lima";"240000";"HOSPITALIZACIÓN";"581";"591";"2694";"2018";"83";"2573";"0"
"2023";"04";"040122";"AREQUIPA";"AREQUIPA";"SOCABAYA";"GOBIERNO REGIONAL";"I-3";"00030346";"CENTRO DE SALUD MENTAL COMUNITARIO SOCABAYA";"NE_0001";"";"NE_0001";"NE_0001";"NE_0001";"NE_0001";"NE_0001";"NE_0001";"NE_0001"
"2023";"04";"040122";"AREQUIPA";"AREQUIPA";"SOCABAYA";"GOBIERNO REGIONAL";"I-2";"00001269";"PUESTO DE SALUD CIUDAD MI TRABAJO";"NE_0001";"";"NE_0001";"NE_0001";"NE_0001";"NE_0001";"NE_0001";"NE_0001";"NE_0001"
"2023";"04";"040122";"AREQUIPA";"AREQUIPA";"SOCABAYA";"GOBIERNO REGIONAL";"I-3";"00001271";"CENTRO DE SALUD SAN FERNANDO";"NE_0001";"";"NE_0001";"NE_0001";"NE_0001";"NE_0001";"NE_0001";"NE_0001";"NE_0001"
"2023";"04";"040122";"AREQUIPA";"AREQUIPA";"SOCABAYA";"GOBIERNO REGIONAL";"I-2";"00023338";"PUESTO DE SALUD HORACIO ZEBALLOS GÁMEZ";"NE_0001";"";"NE_0001";"NE_0001";"NE_0001";"NE_0001";"NE_0001";"NE_0001";"NE_0001"
"2023";"04";"040122";"AREQUIPA";"AREQUIPA";"SOCABAYA";"GOBIERNO REGIONAL";"I-3";"00001258";"CENTRO DE SALUD SAN MARTIN DE SOCABAYA";"NE_0001";"";"NE_0001";"NE_0001";"NE_0001";"NE_0001";"NE_0001";"NE_0001";"NE_0001"
"2023";"04";"040122";"AREQUIPA";"AREQUIPA";"SOCABAYA";"GOBIERNO REGIONAL";"I-3";"00001268";"CENTRO DE SALUD 4 DE OCTUBRE";"NE_0001";"";"NE_0001";"NE_0001";"NE_0001";"NE_0001";"NE_0001";"NE_0001";"NE_0001"
"2023";"04";"040112";"AREQUIPA";"AREQUIPA";"PAUCARPATA";"ESSALUD";"II-1";"00013296";"HOSPITAL I EDMUNDO ESCOMEL";"241800";"HOSPITALIZACIÓN DE MEDICINA MEDICINA GENERAL ";"57";"56";"305";"324";"11";"330";"0"
"2023";"04";"040112";"AREQUIPA";"AREQUIPA";"PAUCARPATA";"ESSALUD";"II-1";"00013296";"HOSPITAL I EDMUNDO ESCOMEL";"240100";"HOSPITALIZACIÓN QUIRÚRGICA CIRUGÍA GENERAL ";"150";"152";"291";"286";"10";"300";"0"
"2023";"04";"040112";"AREQUIPA";"AREQUIPA";"PAUCARPATA";"ESSALUD";"II-1";"00013296";"HOSPITAL I EDMUNDO ESCOMEL";"241200";"HOSPITALIZACIÓN QUIRÚRGICA TRAUMATOLOGÍA Y ORTOPEDIA ";"26";"30";"146";"119";"5";"150";"0"
"2023";"04";"040112";"AREQUIPA";"AREQUIPA";"PAUCARPATA";"ESSALUD";"II-1";"00013296";"HOSPITAL I EDMUNDO ESCOMEL";"241500";"HOSPITALIZACIÓN QUIRÚRGICA GINECOLOGÍA  ";"31";"37";"131";"109";"4";"120";"0"
"2023";"04";"040112";"AREQUIPA";"AREQUIPA";"PAUCARPATA";"ESSALUD";"II-1";"00013296";"HOSPITAL I EDMUNDO ESCOMEL";"241600";"HOSPITALIZACIÓN QUIRÚRGICA OBSTETRICIA   ";"181";"184";"382";"386";"13";"390";"0"
"2023";"04";"040112";"AREQUIPA";"AREQUIPA";"PAUCARPATA";"ESSALUD";"II-1";"00013296";"HOSPITAL I EDMUNDO ESCOMEL";"242300";"HOSPITALIZACIÓN DE PEDIATRÍA  PEDIATRÍA  GENERAL ";"177";"173";"411";"425";"15";"450";"0"
"2023";"05";"040108";"AREQUIPA";"AREQUIPA";"LA JOYA";"GOBIERNO REGIONAL";"I-3";"00001322";"LA JOYA";"NE_0001";"";"NE_0001";"NE_0001";"NE_0001";"NE_0001";"NE_0001";"NE_0001";"NE_0001"
"2023";"05";"040108";"AREQUIPA";"AREQUIPA";"LA JOYA";"GOBIERNO REGIONAL";"I-1";"00001327";"PUESTO DE SALUD CERRITO BUENA VISTA";"NE_0001";"";"NE_0001";"NE_0001";"NE_0001";"NE_0001";"NE_0001";"NE_0001";"NE_0001"
"2023";"05";"040108";"AREQUIPA";"AREQUIPA";"LA JOYA";"GOBIERNO REGIONAL";"I-3";"00001330";"CENTRO DE SALUD EL CRUCE - TRIUNFO";"NE_0001";"";"NE_0001";"NE_0001";"NE_0001";"NE_0001";"NE_0001";"NE_0001";"NE_0001"
"2023";"05";"040108";"AREQUIPA";"AREQUIPA";"LA JOYA";"GOBIERNO REGIONAL";"I-1";"00001328";"PUESTO DE SALUD LOS MEDANOS";"NE_0001";"";"NE_0001";"NE_0001";"NE_0001";"NE_0001";"NE_0001";"NE_0001";"NE_0001"
"2023";"05";"040108";"AREQUIPA";"AREQUIPA";"LA JOYA";"GOBIERNO REGIONAL";"I-1";"00001329";"PUESTO DE SALUD BENITO LAZO";"NE_0001";"";"NE_0001";"NE_0001";"NE_0001";"NE_0001";"NE_0001";"NE_0001";"NE_0001"
"2023";"05";"190201";"PASCO";"DANIEL ALCIDES CARRION";"YANAHUANCA";"ESSALUD";"I-3";"00009760";"CENTRO MEDICO DE YANAHUANCA";"NE_0001";"";"NE_0001";"NE_0001";"NE_0001";"NE_0001";"NE_0001";"NE_0001";"NE_0001"
"2023";"05";"220804";"SAN MARTIN";"RIOJA";"NUEVA CAJAMARCA";"GOBIERNO REGIONAL";"I-1";"00006289";"MIRAFLORES";"NE_0001";"";"NE_0001";"NE_0001";"NE_0001";"NE_0001";"NE_0001";"NE_0001";"NE_0001"
"2023";"05";"220804";"SAN MARTIN";"RIOJA";"NUEVA CAJAMARCA";"GOBIERNO REGIONAL";"I-4";"00006283";"HOSPITAL RURAL NUEVA CAJAMARCA";"241600";"HOSPITALIZACIÓN QUIRÚRGICA OBSTETRICIA   ";"46";"50";"63";"63";"8";"248";"0"
"2023";"05";"220804";"SAN MARTIN";"RIOJA";"NUEVA CAJAMARCA";"GOBIERNO REGIONAL";"I-4";"00006283";"HOSPITAL RURAL NUEVA CAJAMARCA";"241800";"HOSPITALIZACIÓN DE MEDICINA MEDICINA GENERAL ";"31";"32";"74";"74";"8";"248";"0"
"2023";"05";"220804";"SAN MARTIN";"RIOJA";"NUEVA CAJAMARCA";"GOBIERNO REGIONAL";"I-4";"00006283";"HOSPITAL RURAL NUEVA CAJAMARCA";"242500";"HOSPITALIZACIÓN-PEDIATRÍA GENERAL-";"6";"6";"21";"21";"5";"155";"0"
"2023";"05";"220804";"SAN MARTIN";"RIOJA";"NUEVA CAJAMARCA";"GOBIERNO REGIONAL";"I-1";"00006287";"TAHUANTINSUYO";"NE_0001";"";"NE_0001";"NE_0001";"NE_0001";"NE_0001";"NE_0001";"NE_0001";"NE_0001"
"2023";"05";"220804";"SAN MARTIN";"RIOJA";"NUEVA CAJAMARCA";"GOBIERNO REGIONAL";"I-1";"00006284";"LA FLORIDA";"NE_0001";"";"NE_0001";"NE_0001";"NE_0001";"NE_0001";"NE_0001";"NE_0001";"NE_0001"
"2023";"05";"220804";"SAN MARTIN";"RIOJA";"NUEVA CAJAMARCA";"GOBIERNO REGIONAL";"I-1";"00006285";"LA UNION";"NE_0001";"";"NE_0001";"NE_0001";"NE_0001";"NE_0001";"NE_0001";"NE_0001";"NE_0001"
"2023";"05";"220804";"SAN MARTIN";"RIOJA";"NUEVA CAJAMARCA";"GOBIERNO REGIONAL";"I-1";"00006286";"PALESTINA";"NE_0001";"";"NE_0001";"NE_0001";"NE_0001";"NE_0001";"NE_0001";"NE_0001";"NE_0001"
"2023";"05";"220804";"SAN MARTIN";"RIOJA";"NUEVA CAJAMARCA";"GOBIERNO REGIONAL";"I-1";"00006288";"UCRANIA";"NE_0001";"";"NE_0001";"NE_0001";"NE_0001";"NE_0001";"NE_0001";"NE_0001";"NE_0001"
"2023";"03";"070103";"CALLAO";"CALLAO";"CARMEN DE LA LEGUA-REYNOSO";"GOBIERNO REGIONAL";"II-2";"00006219";"HOSPITAL SAN JOSE";"241800";"HOSPITALIZACIÓN DE MEDICINA MEDICINA GENERAL ";"91";"90";"569";"442";"21";"651";"6"
"2023";"03";"070103";"CALLAO";"CALLAO";"CARMEN DE LA LEGUA-REYNOSO";"GOBIERNO REGIONAL";"II-2";"00006219";"HOSPITAL SAN JOSE";"241600";"HOSPITALIZACIÓN QUIRÚRGICA OBSTETRICIA   ";"158";"162";"474";"465";"17";"527";"0"
"2023";"03";"070103";"CALLAO";"CALLAO";"CARMEN DE LA LEGUA-REYNOSO";"GOBIERNO REGIONAL";"II-2";"00006219";"HOSPITAL SAN JOSE";"240100";"HOSPITALIZACIÓN QUIRÚRGICA CIRUGÍA GENERAL ";"98";"94";"265";"255";"11";"341";"0"
"2023";"03";"070103";"CALLAO";"CALLAO";"CARMEN DE LA LEGUA-REYNOSO";"GOBIERNO REGIONAL";"II-2";"00006219";"HOSPITAL SAN JOSE";"242500";"HOSPITALIZACIÓN-PEDIATRÍA GENERAL-";"23";"22";"121";"109";"9";"279";"0"
"2023";"03";"070103";"CALLAO";"CALLAO";"CARMEN DE LA LEGUA-REYNOSO";"GOBIERNO REGIONAL";"II-2";"00006219";"HOSPITAL SAN JOSE";"243200";"HOSPITALIZACIÓN DE PEDIATRÍA PEDIATRIA NEONATOLOGÍA";"19";"20";"96";"85";"8";"248";"0"
"2023";"03";"070103";"CALLAO";"CALLAO";"CARMEN DE LA LEGUA-REYNOSO";"GOBIERNO REGIONAL";"II-2";"00006219";"HOSPITAL SAN JOSE";"241500";"HOSPITALIZACIÓN QUIRÚRGICA GINECOLOGÍA  ";"49";"47";"153";"145";"7";"217";"0"
"2023";"04";"070103";"CALLAO";"CALLAO";"CARMEN DE LA LEGUA-REYNOSO";"GOBIERNO REGIONAL";"II-2";"00006219";"HOSPITAL SAN JOSE";"241800";"HOSPITALIZACIÓN DE MEDICINA MEDICINA GENERAL ";"78";"86";"565";"410";"21";"630";"13"
"2023";"04";"070103";"CALLAO";"CALLAO";"CARMEN DE LA LEGUA-REYNOSO";"GOBIERNO REGIONAL";"II-2";"00006219";"HOSPITAL SAN JOSE";"241600";"HOSPITALIZACIÓN QUIRÚRGICA OBSTETRICIA   ";"157";"155";"408";"414";"17";"510";"0"
"2023";"04";"070103";"CALLAO";"CALLAO";"CARMEN DE LA LEGUA-REYNOSO";"GOBIERNO REGIONAL";"II-2";"00006219";"HOSPITAL SAN JOSE";"240100";"HOSPITALIZACIÓN QUIRÚRGICA CIRUGÍA GENERAL ";"91";"94";"329";"314";"11";"330";"0"
"2023";"04";"070103";"CALLAO";"CALLAO";"CARMEN DE LA LEGUA-REYNOSO";"GOBIERNO REGIONAL";"II-2";"00006219";"HOSPITAL SAN JOSE";"242500";"HOSPITALIZACIÓN-PEDIATRÍA GENERAL-";"22";"24";"151";"132";"6";"180";"0"
"2023";"04";"070103";"CALLAO";"CALLAO";"CARMEN DE LA LEGUA-REYNOSO";"GOBIERNO REGIONAL";"II-2";"00006219";"HOSPITAL SAN JOSE";"243200";"HOSPITALIZACIÓN DE PEDIATRÍA PEDIATRIA NEONATOLOGÍA";"17";"20";"121";"106";"8";"240";"0"
"2023";"04";"070103";"CALLAO";"CALLAO";"CARMEN DE LA LEGUA-REYNOSO";"GOBIERNO REGIONAL";"II-2";"00006219";"HOSPITAL SAN JOSE";"241500";"HOSPITALIZACIÓN QUIRÚRGICA GINECOLOGÍA  ";"31";"33";"100";"95";"7";"210";"0"
"2023";"05";"100801";"HUANUCO";"PACHITEA";"PANAO";"ESSALUD";"I-2";"00009958";"POSTA MEDICA PANAO";"NE_0001";"";"NE_0001";"NE_0001";"NE_0001";"NE_0001";"NE_0001";"NE_0001";"NE_0001"
"2023";"06";"200101";"PIURA";"PIURA";"PIURA";"PRIVADO";"I-3";"00024833";"MEDITRAN PERU EIRL";"NE_0001";"";"NE_0001";"NE_0001";"NE_0001";"NE_0001";"NE_0001";"NE_0001";"NE_0001"
"2023";"06";"150131";"LIMA";"LIMA";"SAN ISIDRO";"PRIVADO";"II-E";"00018581";"CLINICA PETRAS";"240800";"HOSPITALIZACIÓN QUIRÚRGICA CIRUGÍA PLÁSTICA/RECONSTRUCTIVA/ REPARADORA ";"5";"5";"5";"3";"2,00";"60";"0"
"2023";"06";"080708";"CUSCO";"CHUMBIVILCAS";"VELILLE";"GOBIERNO REGIONAL";"I-1";"00008912";"ALCCA VICTORIA";"NE_0001";"";"NE_0001";"NE_0001";"NE_0001";"NE_0001";"NE_0001";"NE_0001";"NE_0001"
"2023";"06";"080708";"CUSCO";"CHUMBIVILCAS";"VELILLE";"GOBIERNO REGIONAL";"I-1";"00027016";"HUAYCUÑUTA - URCURUTA";"NE_0001";"";"NE_0001";"NE_0001";"NE_0001";"NE_0001";"NE_0001";"NE_0001";"NE_0001"
"2023";"06";"120303";"JUNIN";"CHANCHAMAYO";"PICHANAQUI";"GOBIERNO REGIONAL";"I-2";"00000341";"IMPITATO CASCADA";"NE_0001";"";"NE_0001";"NE_0001";"NE_0001";"NE_0001";"NE_0001";"NE_0001";"NE_0001"
"2023";"06";"120303";"JUNIN";"CHANCHAMAYO";"PICHANAQUI";"GOBIERNO REGIONAL";"I-2";"00000345";"PAMPA CAMONA";"NE_0001";"";"NE_0001";"NE_0001";"NE_0001";"NE_0001";"NE_0001";"NE_0001";"NE_0001"
"2023";"06";"120303";"JUNIN";"CHANCHAMAYO";"PICHANAQUI";"GOBIERNO REGIONAL";"I-2";"00000352";"UNION SHIMASHIRO";"NE_0001";"";"NE_0001";"NE_0001";"NE_0001";"NE_0001";"NE_0001";"NE_0001";"NE_0001"
"2023";"06";"120303";"JUNIN";"CHANCHAMAYO";"PICHANAQUI";"GOBIERNO REGIONAL";"I-2";"00000342";"PRIMAVERA";"NE_0001";"";"NE_0001";"NE_0001";"NE_0001";"NE_0001";"NE_0001";"NE_0001";"NE_0001"
"2023";"06";"120303";"JUNIN";"CHANCHAMAYO";"PICHANAQUI";"GOBIERNO REGIONAL";"I-3";"00000344";"LAS PALMAS";"NE_0001";"";"NE_0001";"NE_0001";"NE_0001";"NE_0001";"NE_0001";"NE_0001";"NE_0001"
"2023";"06";"120303";"JUNIN";"CHANCHAMAYO";"PICHANAQUI";"GOBIERNO REGIONAL";"I-2";"00007361";"COLONIA HUANCA";"NE_0001";"";"NE_0001";"NE_0001";"NE_0001";"NE_0001";"NE_0001";"NE_0001";"NE_0001"
"2023";"06";"040520";"AREQUIPA";"CAYLLOMA";"MAJES";"GOBIERNO REGIONAL";"II-1";"00016721";"HOSPITAL CENTRAL DE MAJES ING. ANGEL GABRIEL CHURA GALLEGOS";"240100";"HOSPITALIZACIÓN QUIRÚRGICA CIRUGÍA GENERAL ";"47";"44";"176";"223";"8";"240";"0"
"2023";"06";"040520";"AREQUIPA";"CAYLLOMA";"MAJES";"GOBIERNO REGIONAL";"II-1";"00016721";"HOSPITAL CENTRAL DE MAJES ING. ANGEL GABRIEL CHURA GALLEGOS";"241500";"HOSPITALIZACIÓN QUIRÚRGICA GINECOLOGÍA  ";"24";"26";"137";"194";"8";"240";"0"
"2023";"06";"040520";"AREQUIPA";"CAYLLOMA";"MAJES";"GOBIERNO REGIONAL";"II-1";"00016721";"HOSPITAL CENTRAL DE MAJES ING. ANGEL GABRIEL CHURA GALLEGOS";"241800";"HOSPITALIZACIÓN DE MEDICINA MEDICINA GENERAL ";"20";"24";"109";"128";"10";"300";"2"
"2023";"06";"040520";"AREQUIPA";"CAYLLOMA";"MAJES";"GOBIERNO REGIONAL";"II-1";"00016721";"HOSPITAL CENTRAL DE MAJES ING. ANGEL GABRIEL CHURA GALLEGOS";"241600";"HOSPITALIZACIÓN QUIRÚRGICA OBSTETRICIA   ";"82";"80";"142";"184";"11";"330";"0"
"2023";"06";"040520";"AREQUIPA";"CAYLLOMA";"MAJES";"GOBIERNO REGIONAL";"II-1";"00016721";"HOSPITAL CENTRAL DE MAJES ING. ANGEL GABRIEL CHURA GALLEGOS";"242500";"HOSPITALIZACIÓN-PEDIATRÍA GENERAL-";"32";"32";"136";"168";"8";"240";"0"
"2023";"06";"040520";"AREQUIPA";"CAYLLOMA";"MAJES";"GOBIERNO REGIONAL";"II-1";"00016721";"HOSPITAL CENTRAL DE MAJES ING. ANGEL GABRIEL CHURA GALLEGOS";"241200";"HOSPITALIZACIÓN QUIRÚRGICA TRAUMATOLOGÍA Y ORTOPEDIA ";"15";"18";"105";"121";"6";"180";"0"
"2023";"06";"150101";"LIMA";"LIMA";"LIMA";"PRIVADO";"II-2";"00015610";"Clínica Internacional - Sede Lima";"240000";"HOSPITALIZACIÓN";"581";"591";"2694";"2018";"83";"2573";"0"
"2023";"06";"200105";"PIURA";"PIURA";"CATACAOS";"ESSALUD";"I-3";"00012319";"CENTRO DE ATENCION PRIMARIA-CAP III CATACAOS";"NE_0001";"";"NE_0001";"NE_0001";"NE_0001";"NE_0001";"NE_0001";"NE_0001";"NE_0001"
"2023";"08";"120114";"JUNIN";"HUANCAYO";"EL TAMBO";"PRIVADO";"II-E";"00025383";"CLINICA MEDICO QUIRURGICO HUANCAYO E.I.R.L.";"241800";"HOSPITALIZACIÓN DE MEDICINA MEDICINA GENERAL ";"3";"3";"9";"3";"15";"300";"0"
"2023";"07";"200101";"PIURA";"PIURA";"PIURA";"PRIVADO";"II-E";"00012918";"OFTALMOLOGOS ASOCIADOS VER SAC";"NE_0001";"";"NE_0001";"NE_0001";"NE_0001";"NE_0001";"NE_0001";"NE_0001";"NE_0001"
"2023";"08";"250101";"UCAYALI";"CORONEL PORTILLO";"CALLERIA";"PRIVADO";"II-E";"00027312";"Clínica Especializada Amazónica SAC";"240100";"HOSPITALIZACIÓN QUIRÚRGICA CIRUGÍA GENERAL ";"40";"40";"40";"40";"2";"62";"0"
"2023";"08";"021809";"ANCASH";"SANTA";"NUEVO CHIMBOTE";"PRIVADO";"II-1";"00016536";"CLINICA BAHIA S.A.C.";"240000";"HOSPITALIZACIÓN";"2";"2";"2";"2";"8";"248";"0"
"2023";"08";"120301";"JUNIN";"CHANCHAMAYO";"CHANCHAMAYO";"ESSALUD";"II-1";"00008656";"HOSPITAL  SELVA CENTRAL Y ENFERMEDADES TROPICALES LA MERCED";"241800";"HOSPITALIZACIÓN DE MEDICINA MEDICINA GENERAL ";"51";"44";"225";"181";"6";"186";"6"
"2023";"08";"120301";"JUNIN";"CHANCHAMAYO";"CHANCHAMAYO";"ESSALUD";"II-1";"00008656";"HOSPITAL  SELVA CENTRAL Y ENFERMEDADES TROPICALES LA MERCED";"240100";"HOSPITALIZACIÓN QUIRÚRGICA CIRUGÍA GENERAL ";"50";"47";"180";"179";"9";"279";"0"
"2023";"08";"120301";"JUNIN";"CHANCHAMAYO";"CHANCHAMAYO";"ESSALUD";"II-1";"00008656";"HOSPITAL  SELVA CENTRAL Y ENFERMEDADES TROPICALES LA MERCED";"241500";"HOSPITALIZACIÓN QUIRÚRGICA GINECOLOGÍA  ";"5";"5";"13";"13";"2";"62";"0"
"2023";"08";"120301";"JUNIN";"CHANCHAMAYO";"CHANCHAMAYO";"ESSALUD";"II-1";"00008656";"HOSPITAL  SELVA CENTRAL Y ENFERMEDADES TROPICALES LA MERCED";"241600";"HOSPITALIZACIÓN QUIRÚRGICA OBSTETRICIA   ";"47";"46";"106";"105";"4";"124";"0"
"2023";"08";"120301";"JUNIN";"CHANCHAMAYO";"CHANCHAMAYO";"ESSALUD";"II-1";"00008656";"HOSPITAL  SELVA CENTRAL Y ENFERMEDADES TROPICALES LA MERCED";"242300";"HOSPITALIZACIÓN DE PEDIATRÍA  PEDIATRÍA  GENERAL ";"40";"36";"82";"82";"4";"124";"0"
"2023";"08";"150111";"LIMA";"LIMA";"EL AGUSTINO";"MINSA";"III-1";"00005946";"HOSPITAL NACIONAL HIPOLITO UNANUE";"241600";"HOSPITALIZACIÓN QUIRÚRGICA OBSTETRICIA   ";"374";"420";"917";"487";"44";"1364";"0"
"2023";"08";"150111";"LIMA";"LIMA";"EL AGUSTINO";"MINSA";"III-1";"00005946";"HOSPITAL NACIONAL HIPOLITO UNANUE";"240200";"HOSPITALIZACIÓN QUIRÚRGICA CIRUGÍA DE CABEZA Y CUELLO / MÁXILO FACIAL ";"31";"33";"372";"344";"12";"372";"0"
"2023";"08";"150111";"LIMA";"LIMA";"EL AGUSTINO";"MINSA";"III-1";"00005946";"HOSPITAL NACIONAL HIPOLITO UNANUE";"240300";"HOSPITALIZACIÓN QUIRÚRGICA CIRUGÍA DIGESTIVA ";"73";"36";"267";"518";"20";"620";"0"
"2023";"08";"150111";"LIMA";"LIMA";"EL AGUSTINO";"MINSA";"III-1";"00005946";"HOSPITAL NACIONAL HIPOLITO UNANUE";"243200";"HOSPITALIZACIÓN DE PEDIATRÍA PEDIATRIA NEONATOLOGÍA";"70";"56";"783";"689";"44";"1364";"5"
"2023";"08";"150111";"LIMA";"LIMA";"EL AGUSTINO";"MINSA";"III-1";"00005946";"HOSPITAL NACIONAL HIPOLITO UNANUE";"241200";"HOSPITALIZACIÓN QUIRÚRGICA TRAUMATOLOGÍA Y ORTOPEDIA ";"0";"67";"912";"892";"32";"992";"0"
"2023";"08";"150111";"LIMA";"LIMA";"EL AGUSTINO";"MINSA";"III-1";"00005946";"HOSPITAL NACIONAL HIPOLITO UNANUE";"240400";"HOSPITALIZACIÓN QUIRÚRGICA CIRUGÍA DE TÓRAX Y CARDIOVASCULAR ";"168";"136";"2835";"3142";"136";"4216";"12"
"2023";"08";"150111";"LIMA";"LIMA";"EL AGUSTINO";"MINSA";"III-1";"00005946";"HOSPITAL NACIONAL HIPOLITO UNANUE";"250100";"UNIDAD DE CUIDADOS CRITICOS UNIDAD  DE CUIDADOS INTENSIVOS GENERALES (UCI) ";"14";"2";"31";"229";"15";"465";"2"
"2023";"08";"150111";"LIMA";"LIMA";"EL AGUSTINO";"MINSA";"III-1";"00005946";"HOSPITAL NACIONAL HIPOLITO UNANUE";"240100";"HOSPITALIZACIÓN QUIRÚRGICA CIRUGÍA GENERAL ";"264";"234";"1559";"1417";"71";"2201";"6"
"2023";"08";"150111";"LIMA";"LIMA";"EL AGUSTINO";"MINSA";"III-1";"00005946";"HOSPITAL NACIONAL HIPOLITO UNANUE";"242500";"HOSPITALIZACIÓN-PEDIATRÍA GENERAL-";"51";"47";"356";"565";"34";"1054";"0"
"2023";"08";"150111";"LIMA";"LIMA";"EL AGUSTINO";"MINSA";"III-1";"00005946";"HOSPITAL NACIONAL HIPOLITO UNANUE";"241800";"HOSPITALIZACIÓN DE MEDICINA MEDICINA GENERAL ";"272";"270";"2629";"2527";"88";"2728";"39"
"2023";"08";"150111";"LIMA";"LIMA";"EL AGUSTINO";"MINSA";"III-1";"00005946";"HOSPITAL NACIONAL HIPOLITO UNANUE";"242000";"HOSPITALIZACIÓN DE MEDICINA MEDICINA TROPICAL E INFECCIOSAS ";"19";"14";"157";"289";"12";"372";"2"
"2023";"08";"150111";"LIMA";"LIMA";"EL AGUSTINO";"MINSA";"III-1";"00005946";"HOSPITAL NACIONAL HIPOLITO UNANUE";"241500";"HOSPITALIZACIÓN QUIRÚRGICA GINECOLOGÍA  ";"168";"95";"284";"203";"49";"1519";"0"
"2023";"08";"150111";"LIMA";"LIMA";"EL AGUSTINO";"MINSA";"III-1";"00005946";"HOSPITAL NACIONAL HIPOLITO UNANUE";"240700";"HOSPITALIZACIÓN QUIRÚRGICA CIRUGÍA PEDIÁTRICA ";"29";"29";"188";"208";"10";"310";"0"
"2023";"08";"150111";"LIMA";"LIMA";"EL AGUSTINO";"MINSA";"III-1";"00005946";"HOSPITAL NACIONAL HIPOLITO UNANUE";"241300";"HOSPITALIZACIÓN QUIRÚRGICA UROLOGÍA  ";"37";"36";"350";"337";"12";"372";"0"
"2023";"08";"150111";"LIMA";"LIMA";"EL AGUSTINO";"MINSA";"III-1";"00005946";"HOSPITAL NACIONAL HIPOLITO UNANUE";"241100";"HOSPITALIZACIÓN QUIRÚRGICA OTORRINOLARINGOLOGÍA  ";"23";"23";"87";"2";"1";"31";"0"
"2023";"08";"150111";"LIMA";"LIMA";"EL AGUSTINO";"MINSA";"III-1";"00005946";"HOSPITAL NACIONAL HIPOLITO UNANUE";"240900";"HOSPITALIZACIÓN QUIRÚRGICA NEUROCIRUGÍA ";"14";"7";"169";"287";"11";"341";"0"
"2023";"08";"150111";"LIMA";"LIMA";"EL AGUSTINO";"MINSA";"III-1";"00005946";"HOSPITAL NACIONAL HIPOLITO UNANUE";"240800";"HOSPITALIZACIÓN QUIRÚRGICA CIRUGÍA PLÁSTICA/RECONSTRUCTIVA/ REPARADORA ";"14";"6";"296";"294";"10";"310";"0"
"2023";"08";"150111";"LIMA";"LIMA";"EL AGUSTINO";"MINSA";"III-1";"00005946";"HOSPITAL NACIONAL HIPOLITO UNANUE";"242200";"HOSPITALIZACIÓN DE MEDICINA PSIQUIATRÍA ";"12";"10";"54";"93";"5";"155";"0"
"2023";"08";"150111";"LIMA";"LIMA";"EL AGUSTINO";"MINSA";"III-1";"00005946";"HOSPITAL NACIONAL HIPOLITO UNANUE";"240600";"HOSPITALIZACIÓN QUIRÚRGICA CIRUGÍA OFTALMOLÓGICA ";"1";"1";"3";"3";"1";"31";"0"
"2023";"08";"120114";"JUNIN";"HUANCAYO";"EL TAMBO";"GOBIERNO REGIONAL";"I-2";"00000713";"BATANYACU";"NE_0002";"";"NE_0002";"NE_0002";"NE_0002";"NE_0002";"NE_0002";"NE_0002";"NE_0002"
"2023";"07";"150141";"LIMA";"LIMA";"SURQUILLO";"PRIVADO";"II-1";"00009645";"INVERSIONES GENERALES SALOMON S.A.";"NE_0001";"";"NE_0001";"NE_0001";"NE_0001";"NE_0001";"NE_0001";"NE_0001";"NE_0001"
"2023";"07";"060101";"CAJAMARCA";"CAJAMARCA";"CAJAMARCA";"GOBIERNO REGIONAL";"I-3";"00027069";"CENTRO DE SALUD MENTAL COMUNITARIO ""ESPERANZA DE VIDA""";"NE_0001";"";"NE_0001";"NE_0001";"NE_0001";"NE_0001";"NE_0001";"NE_0001";"NE_0001"
"2023";"07";"100101";"HUANUCO";"HUANUCO";"HUANUCO";"GOBIERNO REGIONAL";"II-2";"00000754";"HOSPITAL REGIONAL HERMILIO VALDIZAN";"242500";"HOSPITALIZACIÓN-PEDIATRÍA GENERAL-";"43";"73";"456";"84";"55";"120";"0"
"2023";"07";"100101";"HUANUCO";"HUANUCO";"HUANUCO";"GOBIERNO REGIONAL";"II-2";"00000754";"HOSPITAL REGIONAL HERMILIO VALDIZAN";"241900";"HOSPITALIZACIÓN DE MEDICINA MEDICINA INTERNA ";"81";"137";"30";"35";"55";"215";"5"
"2023";"07";"100101";"HUANUCO";"HUANUCO";"HUANUCO";"GOBIERNO REGIONAL";"II-2";"00000754";"HOSPITAL REGIONAL HERMILIO VALDIZAN";"240100";"HOSPITALIZACIÓN QUIRÚRGICA CIRUGÍA GENERAL ";"50";"117";"45";"28";"32";"145";"0"
"2023";"07";"100101";"HUANUCO";"HUANUCO";"HUANUCO";"GOBIERNO REGIONAL";"II-2";"00000754";"HOSPITAL REGIONAL HERMILIO VALDIZAN";"250100";"UNIDAD DE CUIDADOS CRITICOS UNIDAD  DE CUIDADOS INTENSIVOS GENERALES (UCI) ";"8";"10";"89";"18";"9";"88";"2"
"2023";"07";"100101";"HUANUCO";"HUANUCO";"HUANUCO";"GOBIERNO REGIONAL";"II-2";"00000754";"HOSPITAL REGIONAL HERMILIO VALDIZAN";"241400";"HOSPITALIZACIÓN QUIRÚRGICA GINECO - OBSTETRICIA ";"102";"143";"60";"71";"50";"310";"0"
"2023";"07";"100101";"HUANUCO";"HUANUCO";"HUANUCO";"GOBIERNO REGIONAL";"II-2";"00000754";"HOSPITAL REGIONAL HERMILIO VALDIZAN";"243200";"HOSPITALIZACIÓN DE PEDIATRÍA PEDIATRIA NEONATOLOGÍA";"51";"85";"60";"45";"36";"80";"0"
"2023";"07";"100101";"HUANUCO";"HUANUCO";"HUANUCO";"GOBIERNO REGIONAL";"II-2";"00000754";"HOSPITAL REGIONAL HERMILIO VALDIZAN";"241500";"HOSPITALIZACIÓN QUIRÚRGICA GINECOLOGÍA  ";"6";"12";"20";"14";"6";"118";"0"
"2023";"07";"150101";"LIMA";"LIMA";"LIMA";"PRIVADO";"II-E";"00025804";"OPERO SCRL";"NE_0001";"";"NE_0001";"NE_0001";"NE_0001";"NE_0001";"NE_0001";"NE_0001";"NE_0001"
"2023";"08";"090204";"HUANCAVELICA";"ACOBAMBA";"CAJA";"GOBIERNO REGIONAL";"I-1";"00003927";"PUESTO DE SALUD POMACANCHA";"NE_0001";"";"NE_0001";"NE_0001";"NE_0001";"NE_0001";"NE_0001";"NE_0001";"NE_0001"
"2023";"08";"090205";"HUANCAVELICA";"ACOBAMBA";"MARCAS";"GOBIERNO REGIONAL";"I-1";"00011220";"PUESTO DE SALUD HUARPA";"NE_0001";"";"NE_0001";"NE_0001";"NE_0001";"NE_0001";"NE_0001";"NE_0001";"NE_0001"
"2023";"08";"090205";"HUANCAVELICA";"ACOBAMBA";"MARCAS";"GOBIERNO REGIONAL";"I-2";"00003928";"PUESTO DE SALUD MARCAS";"NE_0001";"";"NE_0001";"NE_0001";"NE_0001";"NE_0001";"NE_0001";"NE_0001";"NE_0001"
"2023";"08";"090205";"HUANCAVELICA";"ACOBAMBA";"MARCAS";"GOBIERNO REGIONAL";"I-1";"00003929";"PUESTO DE SALUD CUÑI";"NE_0001";"";"NE_0001";"NE_0001";"NE_0001";"NE_0001";"NE_0001";"NE_0001";"NE_0001"
"2023";"08";"090204";"HUANCAVELICA";"ACOBAMBA";"CAJA";"GOBIERNO REGIONAL";"I-1";"00007389";"PUESTO DE SALUD RURUNMARCA";"NE_0001";"";"NE_0001";"NE_0001";"NE_0001";"NE_0001";"NE_0001";"NE_0001";"NE_0001"
"2023";"07";"100502";"HUANUCO";"HUAMALIES";"ARANCAY";"GOBIERNO REGIONAL";"I-2";"00000905";"ARANCAY";"NE_0001";"";"NE_0001";"NE_0001";"NE_0001";"NE_0001";"NE_0001";"NE_0001";"NE_0001"
"2023";"07";"100502";"HUANUCO";"HUAMALIES";"ARANCAY";"GOBIERNO REGIONAL";"0";"00025485";"AISPED TAZO CHICO -  ARANCAY";"NE_0001";"";"NE_0001";"NE_0001";"NE_0001";"NE_0001";"NE_0001";"NE_0001";"NE_0001"
"2023";"08";"090204";"HUANCAVELICA";"ACOBAMBA";"CAJA";"GOBIERNO REGIONAL";"I-3";"00003926";"CENTRO DE SALUD CAJA ESPIRITU";"NE_0001";"";"NE_0001";"NE_0001";"NE_0001";"NE_0001";"NE_0001";"NE_0001";"NE_0001"
"2023";"08";"070102";"CALLAO";"CALLAO";"BELLAVISTA";"GOBIERNO REGIONAL";"III-1";"00006218";"NAC. DANIEL A. CARRION";"245300";"HOSPITALIZACIÓN DE MEDICINA NEUMOLOGÍA  ";"7";"11";"678";"364";"13";"416";"0"
"2023";"08";"070102";"CALLAO";"CALLAO";"BELLAVISTA";"GOBIERNO REGIONAL";"III-1";"00006218";"NAC. DANIEL A. CARRION";"240100";"HOSPITALIZACIÓN QUIRÚRGICA CIRUGÍA GENERAL ";"262";"258";"1846";"1661";"86";"2678";"3"
"2023";"08";"070102";"CALLAO";"CALLAO";"BELLAVISTA";"GOBIERNO REGIONAL";"III-1";"00006218";"NAC. DANIEL A. CARRION";"241200";"HOSPITALIZACIÓN QUIRÚRGICA TRAUMATOLOGÍA Y ORTOPEDIA ";"31";"49";"1030";"922";"31";"953";"0"
"2023";"08";"070102";"CALLAO";"CALLAO";"BELLAVISTA";"GOBIERNO REGIONAL";"III-1";"00006218";"NAC. DANIEL A. CARRION";"240900";"HOSPITALIZACIÓN QUIRÚRGICA NEUROCIRUGÍA ";"54";"35";"489";"611";"32";"954";"0"
"2023";"08";"070102";"CALLAO";"CALLAO";"BELLAVISTA";"GOBIERNO REGIONAL";"III-1";"00006218";"NAC. DANIEL A. CARRION";"240700";"HOSPITALIZACIÓN QUIRÚRGICA CIRUGÍA PEDIÁTRICA ";"65";"69";"501";"501";"18";"558";"1"
"2023";"08";"070102";"CALLAO";"CALLAO";"BELLAVISTA";"GOBIERNO REGIONAL";"III-1";"00006218";"NAC. DANIEL A. CARRION";"250105";"UNIDAD DE CUIDADOS CRITICOS UNIDAD  DE CUIDADOS INTENSIVOS  (UCI) NEONATOLOGÍA";"30";"91";"485";"717";"37";"1147";"1"
"2023";"08";"070102";"CALLAO";"CALLAO";"BELLAVISTA";"GOBIERNO REGIONAL";"III-1";"00006218";"NAC. DANIEL A. CARRION";"242300";"HOSPITALIZACIÓN DE PEDIATRÍA  PEDIATRÍA  GENERAL ";"110";"112";"535";"530";"24";"744";"1"
"2023";"08";"070102";"CALLAO";"CALLAO";"BELLAVISTA";"GOBIERNO REGIONAL";"III-1";"00006218";"NAC. DANIEL A. CARRION";"241500";"HOSPITALIZACIÓN QUIRÚRGICA GINECOLOGÍA  ";"120";"154";"558";"680";"26";"806";"0"
"2023";"08";"070102";"CALLAO";"CALLAO";"BELLAVISTA";"GOBIERNO REGIONAL";"III-1";"00006218";"NAC. DANIEL A. CARRION";"241600";"HOSPITALIZACIÓN QUIRÚRGICA OBSTETRICIA   ";"18";"145";"285";"345";"15";"465";"0"
"2023";"08";"070102";"CALLAO";"CALLAO";"BELLAVISTA";"GOBIERNO REGIONAL";"III-1";"00006218";"NAC. DANIEL A. CARRION";"241400";"HOSPITALIZACIÓN QUIRÚRGICA GINECO - OBSTETRICIA ";"124";"49";"142";"344";"16";"496";"0"
"2023";"08";"070102";"CALLAO";"CALLAO";"BELLAVISTA";"GOBIERNO REGIONAL";"III-1";"00006218";"NAC. DANIEL A. CARRION";"250100";"UNIDAD DE CUIDADOS CRITICOS UNIDAD  DE CUIDADOS INTENSIVOS GENERALES (UCI) ";"4";"3";"75";"176";"6";"192";"1"
"2023";"08";"070102";"CALLAO";"CALLAO";"BELLAVISTA";"GOBIERNO REGIONAL";"III-1";"00006218";"NAC. DANIEL A. CARRION";"250200";"UNIDAD DE CUIDADOS CRITICOS UNIDAD DE CUIDADOS INTERMEDIOS GENERAL  (UCIN) ";"2";"3";"84";"244";"8";"248";"3"
"2023";"08";"070102";"CALLAO";"CALLAO";"BELLAVISTA";"GOBIERNO REGIONAL";"III-1";"00006218";"NAC. DANIEL A. CARRION";"242100";"HOSPITALIZACIÓN DE MEDICINA ONCOLOGÍA MÉDICA ";"37";"47";"486";"404";"19";"599";"0"
"2023";"08";"070102";"CALLAO";"CALLAO";"BELLAVISTA";"GOBIERNO REGIONAL";"III-1";"00006218";"NAC. DANIEL A. CARRION";"250108";"UNIDAD DE CUIDADOS CRITICOS UNIDAD  DE CUIDADOS INTENSIVOS  (UCI) PEDIÁTRICA";"6";"2";"180";"147";"6";"186";"0"
"2023";"08";"150108";"LIMA";"LIMA";"CHORRILLOS";"PRIVADO";"II-1";"00011950";"CLINICA CHORRILLOS";"NE_0002";"";"NE_0002";"NE_0002";"NE_0002";"NE_0002";"NE_0002";"NE_0002";"NE_0002"
"2023";"08";"150204";"LIMA";"BARRANCA";"SUPE";"GOBIERNO REGIONAL";"II-1";"00007636";"HOSPITAL DE SUPE LAURA ESTHER RODRIGUEZ DULANTO";"240100";"HOSPITALIZACIÓN QUIRÚRGICA CIRUGÍA GENERAL ";"20";"25";"110";"95";"6";"186";"0"
"2023";"08";"150204";"LIMA";"BARRANCA";"SUPE";"GOBIERNO REGIONAL";"II-1";"00007636";"HOSPITAL DE SUPE LAURA ESTHER RODRIGUEZ DULANTO";"241400";"HOSPITALIZACIÓN QUIRÚRGICA GINECO - OBSTETRICIA ";"60";"64";"165";"172";"15";"465";"0"
"2023";"08";"150204";"LIMA";"BARRANCA";"SUPE";"GOBIERNO REGIONAL";"II-1";"00007636";"HOSPITAL DE SUPE LAURA ESTHER RODRIGUEZ DULANTO";"241800";"HOSPITALIZACIÓN DE MEDICINA MEDICINA GENERAL ";"25";"30";"169";"172";"10";"310";"0"
"2023";"08";"150204";"LIMA";"BARRANCA";"SUPE";"GOBIERNO REGIONAL";"II-1";"00007636";"HOSPITAL DE SUPE LAURA ESTHER RODRIGUEZ DULANTO";"242200";"HOSPITALIZACIÓN DE MEDICINA PSIQUIATRÍA ";"3";"5";"155";"105";"10";"310";"0"
"2023";"08";"150204";"LIMA";"BARRANCA";"SUPE";"GOBIERNO REGIONAL";"II-1";"00007636";"HOSPITAL DE SUPE LAURA ESTHER RODRIGUEZ DULANTO";"242500";"HOSPITALIZACIÓN-PEDIATRÍA GENERAL-";"43";"49";"197";"162";"10";"310";"0"
"2023";"08";"150204";"LIMA";"BARRANCA";"SUPE";"GOBIERNO REGIONAL";"II-1";"00007636";"HOSPITAL DE SUPE LAURA ESTHER RODRIGUEZ DULANTO";"243200";"HOSPITALIZACIÓN DE PEDIATRÍA PEDIATRIA NEONATOLOGÍA";"19";"21";"31";"25";"5";"155";"0"
"2023";"08";"210101";"PUNO";"PUNO";"PUNO";"PRIVADO";"II-E";"00009683";"CLINICA PROSALUD";"240000";"HOSPITALIZACIÓN";"33";"33";"62";"62";"5";"155";"0"
"2023";"08";"120704";"JUNIN";"TARMA";"HUASAHUASI";"GOBIERNO REGIONAL";"I-1";"00000547";"CHIRAS";"NE_0001";"";"NE_0001";"NE_0001";"NE_0001";"NE_0001";"NE_0001";"NE_0001";"NE_0001"
"2023";"08";"220504";"SAN MARTIN";"LAMAS";"CAYNARACHI";"GOBIERNO REGIONAL";"I-2";"00006418";"ALIANZA";"NE_0001";"";"NE_0001";"NE_0001";"NE_0001";"NE_0001";"NE_0001";"NE_0001";"NE_0001"
"2023";"08";"220504";"SAN MARTIN";"LAMAS";"CAYNARACHI";"GOBIERNO REGIONAL";"I-1";"00006419";"BONILLA";"NE_0001";"";"NE_0001";"NE_0001";"NE_0001";"NE_0001";"NE_0001";"NE_0001";"NE_0001"
"2023";"08";"220504";"SAN MARTIN";"LAMAS";"CAYNARACHI";"GOBIERNO REGIONAL";"I-1";"00006420";"NUEVO LAMAS";"NE_0001";"";"NE_0001";"NE_0001";"NE_0001";"NE_0001";"NE_0001";"NE_0001";"NE_0001"
"2023";"08";"210301";"PUNO";"CARABAYA";"MACUSANI";"GOBIERNO REGIONAL";"I-3";"00002974";"METROPOLITANO MACUSANI";"240100";"HOSPITALIZACIÓN QUIRÚRGICA CIRUGÍA GENERAL ";"72";"73";"213";"286";"10";"310";"0"
"2023";"08";"210301";"PUNO";"CARABAYA";"MACUSANI";"GOBIERNO REGIONAL";"I-3";"00002974";"METROPOLITANO MACUSANI";"241500";"HOSPITALIZACIÓN QUIRÚRGICA GINECOLOGÍA  ";"18";"18";"31";"49";"4";"124";"0"
"2023";"08";"210301";"PUNO";"CARABAYA";"MACUSANI";"GOBIERNO REGIONAL";"I-3";"00002974";"METROPOLITANO MACUSANI";"241600";"HOSPITALIZACIÓN QUIRÚRGICA OBSTETRICIA   ";"53";"57";"152";"209";"11";"341";"0"
"2023";"08";"210301";"PUNO";"CARABAYA";"MACUSANI";"GOBIERNO REGIONAL";"I-3";"00002974";"METROPOLITANO MACUSANI";"241900";"HOSPITALIZACIÓN DE MEDICINA MEDICINA INTERNA ";"32";"35";"149";"184";"9";"279";"3"
"2023";"08";"210301";"PUNO";"CARABAYA";"MACUSANI";"GOBIERNO REGIONAL";"I-3";"00002974";"METROPOLITANO MACUSANI";"242500";"HOSPITALIZACIÓN-PEDIATRÍA GENERAL-";"20";"25";"91";"116";"6";"186";"0"
"2023";"08";"210301";"PUNO";"CARABAYA";"MACUSANI";"GOBIERNO REGIONAL";"I-3";"00002974";"METROPOLITANO MACUSANI";"243200";"HOSPITALIZACIÓN DE PEDIATRÍA PEDIATRIA NEONATOLOGÍA";"6";"10";"62";"72";"4";"124";"0"
"2023";"08";"200104";"PIURA";"PIURA";"CASTILLA";"ESSALUD";"III-1";"00015230";"HOSPITAL III JOSE CAYETANO HEREDIA";"241900";"HOSPITALIZACIÓN DE MEDICINA MEDICINA INTERNA ";"218";"234";"2566";"1679";"58";"1798";"16"
"2023";"08";"200104";"PIURA";"PIURA";"CASTILLA";"ESSALUD";"III-1";"00015230";"HOSPITAL III JOSE CAYETANO HEREDIA";"240100";"HOSPITALIZACIÓN QUIRÚRGICA CIRUGÍA GENERAL ";"313";"321";"2680";"1984";"69";"2139";"4"
"2023";"08";"200104";"PIURA";"PIURA";"CASTILLA";"ESSALUD";"III-1";"00015230";"HOSPITAL III JOSE CAYETANO HEREDIA";"241500";"HOSPITALIZACIÓN QUIRÚRGICA GINECOLOGÍA  ";"71";"83";"382";"281";"10";"310";"0"
"2023";"08";"200104";"PIURA";"PIURA";"CASTILLA";"ESSALUD";"III-1";"00015230";"HOSPITAL III JOSE CAYETANO HEREDIA";"241600";"HOSPITALIZACIÓN QUIRÚRGICA OBSTETRICIA   ";"172";"150";"975";"832";"28";"868";"1"
"2023";"08";"200104";"PIURA";"PIURA";"CASTILLA";"ESSALUD";"III-1";"00015230";"HOSPITAL III JOSE CAYETANO HEREDIA";"242300";"HOSPITALIZACIÓN DE PEDIATRÍA  PEDIATRÍA  GENERAL ";"88";"101";"677";"612";"21";"651";"0"
"2023";"08";"200104";"PIURA";"PIURA";"CASTILLA";"ESSALUD";"III-1";"00015230";"HOSPITAL III JOSE CAYETANO HEREDIA";"250100";"UNIDAD DE CUIDADOS CRITICOS UNIDAD  DE CUIDADOS INTENSIVOS GENERALES (UCI) ";"21";"56";"988";"679";"26";"806";"6"
"2023";"08";"200104";"PIURA";"PIURA";"CASTILLA";"ESSALUD";"III-1";"00015230";"HOSPITAL III JOSE CAYETANO HEREDIA";"250200";"UNIDAD DE CUIDADOS CRITICOS UNIDAD DE CUIDADOS INTERMEDIOS GENERAL  (UCIN) ";"30";"62";"785";"502";"18";"558";"0"
"2023";"08";"040101";"AREQUIPA";"AREQUIPA";"AREQUIPA";"GOBIERNO REGIONAL";"III-1";"00001232";"HOSPITAL GOYENECHE";"241900";"HOSPITALIZACIÓN DE MEDICINA MEDICINA INTERNA ";"137";"133";"1090";"1286";"53";"1643";"17"
"2023";"08";"040101";"AREQUIPA";"AREQUIPA";"AREQUIPA";"GOBIERNO REGIONAL";"III-1";"00001232";"HOSPITAL GOYENECHE";"240100";"HOSPITALIZACIÓN QUIRÚRGICA CIRUGÍA GENERAL ";"153";"149";"1307";"1382";"48";"1488";"1"
"2023";"08";"040101";"AREQUIPA";"AREQUIPA";"AREQUIPA";"GOBIERNO REGIONAL";"III-1";"00001232";"HOSPITAL GOYENECHE";"240000";"HOSPITALIZACIÓN";"55";"62";"1054";"862";"30";"930";"0"
"2023";"08";"040101";"AREQUIPA";"AREQUIPA";"AREQUIPA";"GOBIERNO REGIONAL";"III-1";"00001232";"HOSPITAL GOYENECHE";"242100";"HOSPITALIZACIÓN DE MEDICINA ONCOLOGÍA MÉDICA ";"69";"72";"432";"418";"22";"682";"5"
"2023";"08";"040101";"AREQUIPA";"AREQUIPA";"AREQUIPA";"GOBIERNO REGIONAL";"III-1";"00001232";"HOSPITAL GOYENECHE";"242500";"HOSPITALIZACIÓN-PEDIATRÍA GENERAL-";"106";"101";"345";"353";"23";"713";"0"
"2023";"08";"040101";"AREQUIPA";"AREQUIPA";"AREQUIPA";"GOBIERNO REGIONAL";"III-1";"00001232";"HOSPITAL GOYENECHE";"240700";"HOSPITALIZACIÓN QUIRÚRGICA CIRUGÍA PEDIÁTRICA ";"31";"30";"209";"202";"7";"217";"0"
"2023";"08";"040101";"AREQUIPA";"AREQUIPA";"AREQUIPA";"GOBIERNO REGIONAL";"III-1";"00001232";"HOSPITAL GOYENECHE";"243200";"HOSPITALIZACIÓN DE PEDIATRÍA PEDIATRIA NEONATOLOGÍA";"112";"117";"394";"364";"15";"465";"1"
"2023";"08";"040101";"AREQUIPA";"AREQUIPA";"AREQUIPA";"GOBIERNO REGIONAL";"III-1";"00001232";"HOSPITAL GOYENECHE";"241500";"HOSPITALIZACIÓN QUIRÚRGICA GINECOLOGÍA  ";"161";"163";"449";"442";"22";"682";"0"
"2023";"08";"040101";"AREQUIPA";"AREQUIPA";"AREQUIPA";"GOBIERNO REGIONAL";"III-1";"00001232";"HOSPITAL GOYENECHE";"241600";"HOSPITALIZACIÓN QUIRÚRGICA OBSTETRICIA   ";"253";"257";"700";"686";"32";"992";"0"
"2023";"08";"040101";"AREQUIPA";"AREQUIPA";"AREQUIPA";"GOBIERNO REGIONAL";"III-1";"00001232";"HOSPITAL GOYENECHE";"250100";"UNIDAD DE CUIDADOS CRITICOS UNIDAD  DE CUIDADOS INTENSIVOS GENERALES (UCI) ";"8";"6";"85";"149";"6";"186";"6"
"2023";"08";"040101";"AREQUIPA";"AREQUIPA";"AREQUIPA";"GOBIERNO REGIONAL";"III-1";"00001232";"HOSPITAL GOYENECHE";"250105";"UNIDAD DE CUIDADOS CRITICOS UNIDAD  DE CUIDADOS INTENSIVOS  (UCI) NEONATOLOGÍA";"11";"2";"31";"145";"6";"186";"2"
"2023";"08";"211101";"PUNO";"SAN ROMAN";"JULIACA";"PRIVADO";"II-E";"00020181";"CLINICA INTERNACIONAL NACER";"241600";"HOSPITALIZACIÓN QUIRÚRGICA OBSTETRICIA   ";"26";"26";"41";"26";"10";"259";"0"
"2023";"08";"150105";"LIMA";"LIMA";"BREÑA";"PRIVADO";"0";"00022016";"CLINICA LA LUZ OFTALMOLOGIA";"NE_0002";"";"NE_0002";"NE_0002";"NE_0002";"NE_0002";"NE_0002";"NE_0002";"NE_0002"
"2023";"03";"150143";"LIMA";"LIMA";"VILLA MARIA DEL TRIUNFO";"PRIVADO";"II-1";"00017824";"CLINICA MARIA HUARHUA E.I.R.L";"241600";"HOSPITALIZACIÓN QUIRÚRGICA OBSTETRICIA   ";"5";"5";"10";"10";"10";"15";"0"
"2023";"08";"060508";"CAJAMARCA";"CONTUMAZA";"YONAN";"GOBIERNO REGIONAL";"I-1";"00004589";"CAFETAL";"NE_0002";"";"NE_0002";"NE_0002";"NE_0002";"NE_0002";"NE_0002";"NE_0002";"NE_0002"
"2023";"08";"060508";"CAJAMARCA";"CONTUMAZA";"YONAN";"GOBIERNO REGIONAL";"I-1";"00004588";"VENTANILLA";"NE_0002";"";"NE_0002";"NE_0002";"NE_0002";"NE_0002";"NE_0002";"NE_0002";"NE_0002"
"2023";"08";"060503";"CAJAMARCA";"CONTUMAZA";"CUPISNIQUE";"GOBIERNO REGIONAL";"I-1";"00004590";"TRINIDAD";"NE_0002";"";"NE_0002";"NE_0002";"NE_0002";"NE_0002";"NE_0002";"NE_0002";"NE_0002"
"2023";"08";"060503";"CAJAMARCA";"CONTUMAZA";"CUPISNIQUE";"GOBIERNO REGIONAL";"I-1";"00004591";"SANTA CATALINA";"NE_0002";"";"NE_0002";"NE_0002";"NE_0002";"NE_0002";"NE_0002";"NE_0002";"NE_0002"
"2023";"08";"060508";"CAJAMARCA";"CONTUMAZA";"YONAN";"GOBIERNO REGIONAL";"I-4";"00004587";"TEMBLADERA";"241600";"HOSPITALIZACIÓN QUIRÚRGICA OBSTETRICIA   ";"2";"2";"3";"40";"5";"155";"0"
"2023";"08";"060508";"CAJAMARCA";"CONTUMAZA";"YONAN";"GOBIERNO REGIONAL";"I-4";"00004587";"TEMBLADERA";"241800";"HOSPITALIZACIÓN DE MEDICINA MEDICINA GENERAL ";"20";"19";"34";"177";"12";"372";"0"
"2023";"08";"060508";"CAJAMARCA";"CONTUMAZA";"YONAN";"GOBIERNO REGIONAL";"I-1";"00004592";"PAY PAY";"NE_0002";"";"NE_0002";"NE_0002";"NE_0002";"NE_0002";"NE_0002";"NE_0002";"NE_0002"
"2023";"08";"130101";"LA LIBERTAD";"TRUJILLO";"TRUJILLO";"SANIDAD DEL EJERCITO DEL PERU";"I-4";"00032053";"CENTRO DE SALUD EJERCITO PERUANO";"241200";"HOSPITALIZACIÓN QUIRÚRGICA TRAUMATOLOGÍA Y ORTOPEDIA ";"7";"5";"69";"130";"6";"186";"0"
"2023";"08";"130101";"LA LIBERTAD";"TRUJILLO";"TRUJILLO";"SANIDAD DEL EJERCITO DEL PERU";"I-4";"00032053";"CENTRO DE SALUD EJERCITO PERUANO";"241800";"HOSPITALIZACIÓN DE MEDICINA MEDICINA GENERAL ";"6";"6";"111";"186";"6";"186";"0"
"2023";"07";"130703";"LA LIBERTAD";"PACASMAYO";"JEQUETEPEQUE";"ESSALUD";"I-2";"00009646";"POSTA DE SALUD JEQUETEPEQUE";"NE_0001";"";"NE_0001";"NE_0001";"NE_0001";"NE_0001";"NE_0001";"NE_0001";"NE_0001"
"2023";"08";"040401";"AREQUIPA";"CASTILLA";"APLAO";"GOBIERNO REGIONAL";"I-3";"00024409";"CENTRO DE SALUD MENTAL COMUNITARIO LA REAL C.C.U.";"NE_0001";"";"NE_0001";"NE_0001";"NE_0001";"NE_0001";"NE_0001";"NE_0001";"NE_0001"
"2023";"08";"210101";"PUNO";"PUNO";"PUNO";"SANIDAD DEL EJERCITO DEL PERU";"I-3";"00021066";"POLICLÍNICO MILITAR MANCO CÁPAC";"NE_0001";"";"NE_0001";"NE_0001";"NE_0001";"NE_0001";"NE_0001";"NE_0001";"NE_0001"
"2023";"08";"060101";"CAJAMARCA";"CAJAMARCA";"CAJAMARCA";"PRIVADO";"0";"00029780";"LABORATORIO EL INGENIO";"NE_0001";"";"NE_0001";"NE_0001";"NE_0001";"NE_0001";"NE_0001";"NE_0001";"NE_0001"
"2023";"08";"240201";"TUMBES";"CONTRALMIRANTE VILLAR";"ZORRITOS";"ESSALUD";"I-2";"00012273";"POSTA MEDICA ZORRITOS";"NE_0001";"";"NE_0001";"NE_0001";"NE_0001";"NE_0001";"NE_0001";"NE_0001";"NE_0001"
"2023";"08";"200105";"PIURA";"PIURA";"CATACAOS";"ESSALUD";"I-3";"00012319";"CENTRO DE ATENCION PRIMARIA-CAP III CATACAOS";"NE_0001";"";"NE_0001";"NE_0001";"NE_0001";"NE_0001";"NE_0001";"NE_0001";"NE_0001"
"2023";"08";"100102";"HUANUCO";"HUANUCO";"AMARILIS";"GOBIERNO REGIONAL";"I-4";"00000755";"PERU-COREA";"241600";"HOSPITALIZACIÓN QUIRÚRGICA OBSTETRICIA   ";"76";"91";"183";"104";"6";"156";"0"
"2023";"08";"100102";"HUANUCO";"HUANUCO";"AMARILIS";"GOBIERNO REGIONAL";"I-2";"00000763";"PUESTO DE SALUD DE LLICUA";"NE_0001";"";"NE_0001";"NE_0001";"NE_0001";"NE_0001";"NE_0001";"NE_0001";"NE_0001"
"2023";"08";"100102";"HUANUCO";"HUANUCO";"AMARILIS";"GOBIERNO REGIONAL";"I-2";"00000761";"MALCONGA";"NE_0001";"";"NE_0001";"NE_0001";"NE_0001";"NE_0001";"NE_0001";"NE_0001";"NE_0001"
"2023";"08";"100102";"HUANUCO";"HUANUCO";"AMARILIS";"GOBIERNO REGIONAL";"I-2";"00000762";"PAUCAR";"NE_0001";"";"NE_0001";"NE_0001";"NE_0001";"NE_0001";"NE_0001";"NE_0001";"NE_0001"
"2023";"08";"100102";"HUANUCO";"HUANUCO";"AMARILIS";"GOBIERNO REGIONAL";"I-3";"00027051";"CENTRO DE SALUD MENTAL COMUNITARIO PAKKARIN";"NE_0001";"";"NE_0001";"NE_0001";"NE_0001";"NE_0001";"NE_0001";"NE_0001";"NE_0001"
"2023";"08";"100102";"HUANUCO";"HUANUCO";"AMARILIS";"GOBIERNO REGIONAL";"I-2";"00000760";"LA ESPERANZA";"NE_0001";"";"NE_0001";"NE_0001";"NE_0001";"NE_0001";"NE_0001";"NE_0001";"NE_0001"
"2023";"04";"150133";"LIMA";"LIMA";"SAN JUAN DE MIRAFLORES";"SANIDAD DEL EJERCITO DEL PERU";"I-3";"00010385";"CENTRO DE SALUD MILITAR ""SAN JUAN""";"NE_0001";"";"NE_0001";"NE_0001";"NE_0001";"NE_0001";"NE_0001";"NE_0001";"NE_0001"
"2023";"04";"110101";"ICA";"ICA";"ICA";"SANIDAD DE LA POLICIA NACIONAL DEL PERU";"I-3";"00010900";"POLICLINICO POLICIAL ICA";"NE_0001";"";"NE_0001";"NE_0001";"NE_0001";"NE_0001";"NE_0001";"NE_0001";"NE_0001"
"2023";"04";"110101";"ICA";"ICA";"ICA";"PRIVADO";"I-3";"00009648";"TATAJE  DI FLORIO SAC";"NE_0002";"";"NE_0002";"NE_0002";"NE_0002";"NE_0002";"NE_0002";"NE_0002";"NE_0002"
"2023";"04";"200701";"PIURA";"TALARA";"PARIÑAS";"PRIVADO";"II-1";"00011395";"CLINICA VIGO 2000 S. CIVIL DE R.L.";"240100";"HOSPITALIZACIÓN QUIRÚRGICA CIRUGÍA GENERAL ";"2";"2";"4";"4";"15";"396";"0"
"2023";"04";"200701";"PIURA";"TALARA";"PARIÑAS";"PRIVADO";"II-1";"00011395";"CLINICA VIGO 2000 S. CIVIL DE R.L.";"241400";"HOSPITALIZACIÓN QUIRÚRGICA GINECO - OBSTETRICIA ";"2";"2";"4";"4";"15";"396";"0"
"2023";"04";"200701";"PIURA";"TALARA";"PARIÑAS";"PRIVADO";"II-1";"00011395";"CLINICA VIGO 2000 S. CIVIL DE R.L.";"241800";"HOSPITALIZACIÓN DE MEDICINA MEDICINA GENERAL ";"1";"1";"1";"1";"15";"396";"0"
"2023";"04";"150114";"LIMA";"LIMA";"LA MOLINA";"PRIVADO";"I-2";"00009093";"ARIE";"NE_0002";"";"NE_0002";"NE_0002";"NE_0002";"NE_0002";"NE_0002";"NE_0002";"NE_0002"
"2023";"04";"200104";"PIURA";"PIURA";"CASTILLA";"SANIDAD DE LA POLICIA NACIONAL DEL PERU";"I-3";"00010679";"POLICLINICO PNP ""ALMIRANTE MIGUEL GRAU""";"241800";"HOSPITALIZACIÓN DE MEDICINA MEDICINA GENERAL ";"1";"1";"1";"1";"13";"389";"0"
"2023";"04";"200301";"PIURA";"HUANCABAMBA";"HUANCABAMBA";"SANIDAD DE LA POLICIA NACIONAL DEL PERU";"I-1";"00010680";"PUESTO SANITARIO PNP HUANCABAMBA";"NE_0002";"";"NE_0002";"NE_0002";"NE_0002";"NE_0002";"NE_0002";"NE_0002";"NE_0002"
"2023";"04";"040126";"AREQUIPA";"AREQUIPA";"YANAHUARA";"PRIVADO";"I-3";"00032181";"POLICLINICO MISTI";"NE_0001";"";"NE_0001";"NE_0001";"NE_0001";"NE_0001";"NE_0001";"NE_0001";"NE_0001"
"2023";"04";"150130";"LIMA";"LIMA";"SAN BORJA";"PRIVADO";"II-E";"00011056";"OFTALMIC SERVICE SAC";"NE_0001";"";"NE_0001";"NE_0001";"NE_0001";"NE_0001";"NE_0001";"NE_0001";"NE_0001"
"2023";"04";"150105";"LIMA";"LIMA";"BREÑA";"MINSA";"III-2";"00006216";"INSTITUTO NACIONAL DE SALUD DEL NIÑO";"240200";"HOSPITALIZACIÓN QUIRÚRGICA CIRUGÍA DE CABEZA Y CUELLO / MÁXILO FACIAL ";"23";"28";"222";"211";"12";"360";"0"
"2023";"04";"150105";"LIMA";"LIMA";"BREÑA";"MINSA";"III-2";"00006216";"INSTITUTO NACIONAL DE SALUD DEL NIÑO";"240400";"HOSPITALIZACIÓN QUIRÚRGICA CIRUGÍA DE TÓRAX Y CARDIOVASCULAR ";"23";"15";"309";"342";"19";"570";"0"
"2023";"04";"150105";"LIMA";"LIMA";"BREÑA";"MINSA";"III-2";"00006216";"INSTITUTO NACIONAL DE SALUD DEL NIÑO";"240700";"HOSPITALIZACIÓN QUIRÚRGICA CIRUGÍA PEDIÁTRICA ";"104";"94";"488";"557";"23";"690";"0"
"2023";"04";"150105";"LIMA";"LIMA";"BREÑA";"MINSA";"III-2";"00006216";"INSTITUTO NACIONAL DE SALUD DEL NIÑO";"240801";"HOSPITALIZACIÓN QUIRÚRGICA CIRUGÍA PLÁSTICA/RECONSTRUCTIVA/ REPARADORA QUEMADOS";"43";"46";"567";"528";"26";"780";"1"
"2023";"04";"150105";"LIMA";"LIMA";"BREÑA";"MINSA";"III-2";"00006216";"INSTITUTO NACIONAL DE SALUD DEL NIÑO";"240900";"HOSPITALIZACIÓN QUIRÚRGICA NEUROCIRUGÍA ";"38";"33";"693";"559";"21";"630";"0"
"2023";"04";"150105";"LIMA";"LIMA";"BREÑA";"MINSA";"III-2";"00006216";"INSTITUTO NACIONAL DE SALUD DEL NIÑO";"241200";"HOSPITALIZACIÓN QUIRÚRGICA TRAUMATOLOGÍA Y ORTOPEDIA ";"73";"71";"766";"732";"28";"840";"0"
"2023";"04";"150105";"LIMA";"LIMA";"BREÑA";"MINSA";"III-2";"00006216";"INSTITUTO NACIONAL DE SALUD DEL NIÑO";"241300";"HOSPITALIZACIÓN QUIRÚRGICA UROLOGÍA  ";"17";"16";"132";"188";"10";"300";"0"
"2023";"04";"150105";"LIMA";"LIMA";"BREÑA";"MINSA";"III-2";"00006216";"INSTITUTO NACIONAL DE SALUD DEL NIÑO";"242000";"HOSPITALIZACIÓN DE MEDICINA MEDICINA TROPICAL E INFECCIOSAS ";"48";"44";"503";"601";"25";"750";"0"
"2023";"04";"150105";"LIMA";"LIMA";"BREÑA";"MINSA";"III-2";"00006216";"INSTITUTO NACIONAL DE SALUD DEL NIÑO";"242300";"HOSPITALIZACIÓN DE PEDIATRÍA  PEDIATRÍA  GENERAL ";"262";"236";"2011";"2506";"89";"2670";"0"
"2023";"04";"150105";"LIMA";"LIMA";"BREÑA";"MINSA";"III-2";"00006216";"INSTITUTO NACIONAL DE SALUD DEL NIÑO";"242600";"HOSPITALIZACIÓN DE PEDIATRÍA PEDIATRIA CARDIOLOGÍA PEDIÁTRICA";"48";"49";"415";"272";"20";"600";"2"
"2023";"04";"150105";"LIMA";"LIMA";"BREÑA";"MINSA";"III-2";"00006216";"INSTITUTO NACIONAL DE SALUD DEL NIÑO";"242700";"HOSPITALIZACIÓN DE PEDIATRÍA PEDIATRIA DERMATOLOGÍA PEDIÁTRICA";"25";"22";"168";"177";"8";"240";"0"
"2023";"04";"150105";"LIMA";"LIMA";"BREÑA";"MINSA";"III-2";"00006216";"INSTITUTO NACIONAL DE SALUD DEL NIÑO";"242900";"HOSPITALIZACIÓN DE PEDIATRÍA PEDIATRIA GASTROENTEROLOGÍA PEDIÁTRICA";"32";"22";"286";"301";"11";"330";"0"
"2023";"04";"150105";"LIMA";"LIMA";"BREÑA";"MINSA";"III-2";"00006216";"INSTITUTO NACIONAL DE SALUD DEL NIÑO";"243000";"HOSPITALIZACIÓN DE PEDIATRÍA PEDIATRIA GINECOLOGÍA PEDIÁTRICA";"10";"10";"29";"34";"5";"150";"0"
"2023";"04";"150105";"LIMA";"LIMA";"BREÑA";"MINSA";"III-2";"00006216";"INSTITUTO NACIONAL DE SALUD DEL NIÑO";"243100";"HOSPITALIZACIÓN DE PEDIATRÍA PEDIATRIA NEFROLOGÍA PEDIÁTRICA";"12";"10";"153";"150";"5";"150";"0"
"2023";"04";"150105";"LIMA";"LIMA";"BREÑA";"MINSA";"III-2";"00006216";"INSTITUTO NACIONAL DE SALUD DEL NIÑO";"243300";"HOSPITALIZACIÓN DE PEDIATRÍA PEDIATRIA NEUMOLOGÍA PEDIÁTRICA";"21";"15";"528";"512";"21";"630";"0"
"2023";"04";"150105";"LIMA";"LIMA";"BREÑA";"MINSA";"III-2";"00006216";"INSTITUTO NACIONAL DE SALUD DEL NIÑO";"243400";"HOSPITALIZACIÓN DE PEDIATRÍA PEDIATRIA NEUROLOGÍA PEDIÁTRICA";"26";"19";"188";"282";"13";"390";"0"
"2023";"04";"150105";"LIMA";"LIMA";"BREÑA";"MINSA";"III-2";"00006216";"INSTITUTO NACIONAL DE SALUD DEL NIÑO";"243500";"HOSPITALIZACIÓN DE PEDIATRÍA PEDIATRIA OFTALMOLOGÍA PEDIÁTRICA";"2";"0";"0";"18";"2";"60";"0"
"2023";"04";"150105";"LIMA";"LIMA";"BREÑA";"MINSA";"III-2";"00006216";"INSTITUTO NACIONAL DE SALUD DEL NIÑO";"243600";"HOSPITALIZACIÓN DE PEDIATRÍA PEDIATRIA ONCOLOGÍA PEDIÁTRICA";"5";"6";"110";"72";"3";"90";"0"
"2023";"04";"150105";"LIMA";"LIMA";"BREÑA";"MINSA";"III-2";"00006216";"INSTITUTO NACIONAL DE SALUD DEL NIÑO";"243700";"HOSPITALIZACIÓN DE PEDIATRÍA PEDIATRIA OTORRINOLARINGOLOGÍA PEDIÁTRICA ";"27";"23";"110";"141";"9";"270";"0"
"2023";"04";"150105";"LIMA";"LIMA";"BREÑA";"MINSA";"III-2";"00006216";"INSTITUTO NACIONAL DE SALUD DEL NIÑO";"244500";"HOSPITALIZACIÓN DE MEDICINA HEMATOLOGÍA ";"5";"6";"130";"85";"3";"90";"0"
"2023";"04";"090301";"HUANCAVELICA";"ANGARAES";"LIRCAY";"GOBIERNO REGIONAL";"I-2";"00003949";"CHAHUARMA";"NE_0001";"";"NE_0001";"NE_0001";"NE_0001";"NE_0001";"NE_0001";"NE_0001";"NE_0001"
"2023";"04";"090301";"HUANCAVELICA";"ANGARAES";"LIRCAY";"GOBIERNO REGIONAL";"I-1";"00003951";"TUCSIPAMPA";"NE_0001";"";"NE_0001";"NE_0001";"NE_0001";"NE_0001";"NE_0001";"NE_0001";"NE_0001"
"2023";"04";"090308";"HUANCAVELICA";"ANGARAES";"HUALLAY-GRANDE";"GOBIERNO REGIONAL";"I-2";"00003954";"HUAYLLAY GRANDE";"NE_0001";"";"NE_0001";"NE_0001";"NE_0001";"NE_0001";"NE_0001";"NE_0001";"NE_0001"
"2023";"04";"090304";"HUANCAVELICA";"ANGARAES";"CCOCHACCASA";"GOBIERNO REGIONAL";"I-3";"00003955";"CCOCHACCASA";"NE_0002";"";"NE_0002";"NE_0002";"NE_0002";"NE_0002";"NE_0002";"NE_0002";"NE_0002"
"2023";"04";"090302";"HUANCAVELICA";"ANGARAES";"ANCHONGA";"GOBIERNO REGIONAL";"I-1";"00003958";"ANCHONGA";"NE_0001";"";"NE_0001";"NE_0001";"NE_0001";"NE_0001";"NE_0001";"NE_0001";"NE_0001"
"2023";"04";"090305";"HUANCAVELICA";"ANGARAES";"CHINCHO";"GOBIERNO REGIONAL";"I-1";"00003963";"CHINCHO";"NE_0001";"";"NE_0001";"NE_0001";"NE_0001";"NE_0001";"NE_0001";"NE_0001";"NE_0001"
"2023";"04";"090306";"HUANCAVELICA";"ANGARAES";"CONGALLA";"GOBIERNO REGIONAL";"I-1";"00011199";"CHAYNABAMBA";"NE_0001";"";"NE_0001";"NE_0001";"NE_0001";"NE_0001";"NE_0001";"NE_0001";"NE_0001"
"2023";"04";"090302";"HUANCAVELICA";"ANGARAES";"ANCHONGA";"GOBIERNO REGIONAL";"I-1";"00011454";"ALTO MARAYNIYOCC";"NE_0001";"";"NE_0001";"NE_0001";"NE_0001";"NE_0001";"NE_0001";"NE_0001";"NE_0001"
"2023";"04";"090302";"HUANCAVELICA";"ANGARAES";"ANCHONGA";"GOBIERNO REGIONAL";"I-1";"00006930";"HUARIRUMI - CHONTACANCHA";"NE_0001";"";"NE_0001";"NE_0001";"NE_0001";"NE_0001";"NE_0001";"NE_0001";"NE_0001"
"2023";"04";"090301";"HUANCAVELICA";"ANGARAES";"LIRCAY";"GOBIERNO REGIONAL";"I-1";"00007373";"SOCCLLABAMBA";"NE_0001";"";"NE_0001";"NE_0001";"NE_0001";"NE_0001";"NE_0001";"NE_0001";"NE_0001"
"2023";"04";"090302";"HUANCAVELICA";"ANGARAES";"ANCHONGA";"GOBIERNO REGIONAL";"I-2";"00003961";"SAN PABLO DE OCCO";"NE_0001";"";"NE_0001";"NE_0001";"NE_0001";"NE_0001";"NE_0001";"NE_0001";"NE_0001"
"2023";"04";"090306";"HUANCAVELICA";"ANGARAES";"CONGALLA";"GOBIERNO REGIONAL";"I-1";"00003973";"YUNYACCASA";"NE_0001";"";"NE_0001";"NE_0001";"NE_0001";"NE_0001";"NE_0001";"NE_0001";"NE_0001"
"2023";"04";"090306";"HUANCAVELICA";"ANGARAES";"CONGALLA";"GOBIERNO REGIONAL";"I-1";"00003974";"CARCOSI";"NE_0001";"";"NE_0001";"NE_0001";"NE_0001";"NE_0001";"NE_0001";"NE_0001";"NE_0001"
"2023";"04";"090306";"HUANCAVELICA";"ANGARAES";"CONGALLA";"GOBIERNO REGIONAL";"I-1";"00003975";"LIRCAYCCASA";"NE_0001";"";"NE_0001";"NE_0001";"NE_0001";"NE_0001";"NE_0001";"NE_0001";"NE_0001"
"2023";"04";"090307";"HUANCAVELICA";"ANGARAES";"HUANCA-HUANCA";"GOBIERNO REGIONAL";"I-1";"00011200";"CCARAPA";"NE_0001";"";"NE_0001";"NE_0001";"NE_0001";"NE_0001";"NE_0001";"NE_0001";"NE_0001"
"2023";"04";"090301";"HUANCAVELICA";"ANGARAES";"LIRCAY";"GOBIERNO REGIONAL";"I-1";"00011201";"CIENEGUILLA";"NE_0001";"";"NE_0001";"NE_0001";"NE_0001";"NE_0001";"NE_0001";"NE_0001";"NE_0001"
"2023";"04";"090304";"HUANCAVELICA";"ANGARAES";"CCOCHACCASA";"GOBIERNO REGIONAL";"I-1";"00011204";"VELASCO PUCAPAMPA";"NE_0001";"";"NE_0001";"NE_0001";"NE_0001";"NE_0001";"NE_0001";"NE_0001";"NE_0001"
"2023";"04";"090301";"HUANCAVELICA";"ANGARAES";"LIRCAY";"GOBIERNO REGIONAL";"I-1";"00003948";"UCHCUPAMPA";"NE_0001";"";"NE_0001";"NE_0001";"NE_0001";"NE_0001";"NE_0001";"NE_0001";"NE_0001"
"2023";"04";"090310";"HUANCAVELICA";"ANGARAES";"SAN ANTONIO DE ANTAPARCO";"GOBIERNO REGIONAL";"I-1";"00003966";"MAICENA";"NE_0001";"";"NE_0001";"NE_0001";"NE_0001";"NE_0001";"NE_0001";"NE_0001";"NE_0001"
"2023";"04";"090311";"HUANCAVELICA";"ANGARAES";"SANTO TOMAS DE PATA";"GOBIERNO REGIONAL";"I-1";"00003967";"SANTO TOMAS DE PATA";"NE_0001";"";"NE_0001";"NE_0001";"NE_0001";"NE_0001";"NE_0001";"NE_0001";"NE_0001"
"2023";"04";"090311";"HUANCAVELICA";"ANGARAES";"SANTO TOMAS DE PATA";"GOBIERNO REGIONAL";"I-1";"00003968";"CHUPACC";"NE_0001";"";"NE_0001";"NE_0001";"NE_0001";"NE_0001";"NE_0001";"NE_0001";"NE_0001"
"2023";"04";"090301";"HUANCAVELICA";"ANGARAES";"LIRCAY";"GOBIERNO REGIONAL";"I-1";"00011202";"PAMPAHUASI";"NE_0001";"";"NE_0001";"NE_0001";"NE_0001";"NE_0001";"NE_0001";"NE_0001";"NE_0001"
"2023";"04";"090301";"HUANCAVELICA";"ANGARAES";"LIRCAY";"GOBIERNO REGIONAL";"I-1";"00011205";"UNION PROGRESO PATAHUASI";"NE_0001";"";"NE_0001";"NE_0001";"NE_0001";"NE_0001";"NE_0001";"NE_0001";"NE_0001"
"2023";"04";"090302";"HUANCAVELICA";"ANGARAES";"ANCHONGA";"GOBIERNO REGIONAL";"I-1";"00028780";"LLANCAPUQUIO";"NE_0001";"";"NE_0001";"NE_0001";"NE_0001";"NE_0001";"NE_0001";"NE_0001";"NE_0001"
"2023";"05";"220402";"SAN MARTIN";"HUALLAGA";"ALTO SAPOSOA";"GOBIERNO REGIONAL";"I-2";"00006539";"PASARRAYA";"NE_0001";"";"NE_0001";"NE_0001";"NE_0001";"NE_0001";"NE_0001";"NE_0001";"NE_0001"
"2023";"05";"220401";"SAN MARTIN";"HUALLAGA";"SAPOSOA";"GOBIERNO REGIONAL";"I-1";"00026163";"AGUA AZUL";"NE_0001";"";"NE_0001";"NE_0001";"NE_0001";"NE_0001";"NE_0001";"NE_0001";"NE_0001"
"2023";"05";"060303";"CAJAMARCA";"CELENDIN";"CORTEGANA";"GOBIERNO REGIONAL";"I-1";"00004474";"YAGEN";"NE_0001";"";"NE_0001";"NE_0001";"NE_0001";"NE_0001";"NE_0001";"NE_0001";"NE_0001"
"2023";"05";"060303";"CAJAMARCA";"CELENDIN";"CORTEGANA";"GOBIERNO REGIONAL";"I-1";"00006757";"CANDEN";"NE_0001";"";"NE_0001";"NE_0001";"NE_0001";"NE_0001";"NE_0001";"NE_0001";"NE_0001"
"2023";"05";"060303";"CAJAMARCA";"CELENDIN";"CORTEGANA";"GOBIERNO REGIONAL";"I-1";"00006758";"MUSADEN";"NE_0001";"";"NE_0001";"NE_0001";"NE_0001";"NE_0001";"NE_0001";"NE_0001";"NE_0001"
"2023";"05";"060303";"CAJAMARCA";"CELENDIN";"CORTEGANA";"GOBIERNO REGIONAL";"I-1";"00004475";"ANDAMACHAY";"NE_0001";"";"NE_0001";"NE_0001";"NE_0001";"NE_0001";"NE_0001";"NE_0001";"NE_0001"
"2023";"05";"060303";"CAJAMARCA";"CELENDIN";"CORTEGANA";"GOBIERNO REGIONAL";"I-3";"00004477";"CORTEGANA";"NE_0001";"";"NE_0001";"NE_0001";"NE_0001";"NE_0001";"NE_0001";"NE_0001";"NE_0001"
"2023";"05";"060303";"CAJAMARCA";"CELENDIN";"CORTEGANA";"GOBIERNO REGIONAL";"I-1";"00004476";"VILLANUEVA";"NE_0001";"";"NE_0001";"NE_0001";"NE_0001";"NE_0001";"NE_0001";"NE_0001";"NE_0001"
"2023";"04";"250201";"UCAYALI";"ATALAYA";"RAIMONDI";"ESSALUD";"I-3";"00031879";"CENTRO MEDICO DE  ATALAYA - ESSALUD";"NE_0001";"";"NE_0001";"NE_0001";"NE_0001";"NE_0001";"NE_0001";"NE_0001";"NE_0001"
"2023";"06";"080201";"CUSCO";"ACOMAYO";"ACOMAYO";"GOBIERNO REGIONAL";"I-4";"00002317";"ACOMAYO";"NE_0002";"";"NE_0002";"NE_0002";"NE_0002";"NE_0002";"NE_0002";"NE_0002";"NE_0002"
"2023";"06";"080202";"CUSCO";"ACOMAYO";"ACOPIA";"GOBIERNO REGIONAL";"I-1";"00002318";"ACOPIA";"NE_0002";"";"NE_0002";"NE_0002";"NE_0002";"NE_0002";"NE_0002";"NE_0002";"NE_0002"
"2023";"06";"080205";"CUSCO";"ACOMAYO";"POMACANCHI";"GOBIERNO REGIONAL";"I-4";"00002321";"POMACANCHI";"NE_0002";"";"NE_0002";"NE_0002";"NE_0002";"NE_0002";"NE_0002";"NE_0002";"NE_0002"
"2023";"06";"080205";"CUSCO";"ACOMAYO";"POMACANCHI";"GOBIERNO REGIONAL";"I-1";"00002322";"SAN JUAN DE POMACANCHI";"NE_0002";"";"NE_0002";"NE_0002";"NE_0002";"NE_0002";"NE_0002";"NE_0002";"NE_0002"
"2023";"06";"080203";"CUSCO";"ACOMAYO";"ACOS";"GOBIERNO REGIONAL";"I-1";"00002319";"ACOS";"NE_0002";"";"NE_0002";"NE_0002";"NE_0002";"NE_0002";"NE_0002";"NE_0002";"NE_0002"
"2023";"06";"080205";"CUSCO";"ACOMAYO";"POMACANCHI";"GOBIERNO REGIONAL";"I-1";"00012926";"SANTA LUCIA";"NE_0002";"";"NE_0002";"NE_0002";"NE_0002";"NE_0002";"NE_0002";"NE_0002";"NE_0002"
"2023";"06";"150121";"LIMA";"LIMA";"PUEBLO LIBRE";"MINSA";"III-1";"00006211";"HOSPITAL DE APOYO SANTA ROSA";"240100";"HOSPITALIZACIÓN QUIRÚRGICA CIRUGÍA GENERAL ";"140";"124";"544";"725";"25";"750";"0"
"2023";"06";"150121";"LIMA";"LIMA";"PUEBLO LIBRE";"MINSA";"III-1";"00006211";"HOSPITAL DE APOYO SANTA ROSA";"240700";"HOSPITALIZACIÓN QUIRÚRGICA CIRUGÍA PEDIÁTRICA ";"36";"31";"144";"147";"10";"300";"0"
"2023";"06";"150121";"LIMA";"LIMA";"PUEBLO LIBRE";"MINSA";"III-1";"00006211";"HOSPITAL DE APOYO SANTA ROSA";"241500";"HOSPITALIZACIÓN QUIRÚRGICA GINECOLOGÍA  ";"60";"64";"403";"453";"16";"480";"0"
"2023";"06";"150121";"LIMA";"LIMA";"PUEBLO LIBRE";"MINSA";"III-1";"00006211";"HOSPITAL DE APOYO SANTA ROSA";"241600";"HOSPITALIZACIÓN QUIRÚRGICA OBSTETRICIA   ";"148";"148";"517";"674";"29";"870";"0"
"2023";"06";"150121";"LIMA";"LIMA";"PUEBLO LIBRE";"MINSA";"III-1";"00006211";"HOSPITAL DE APOYO SANTA ROSA";"241800";"HOSPITALIZACIÓN DE MEDICINA MEDICINA GENERAL ";"79";"77";"868";"933";"35";"1050";"5"
"2023";"06";"150121";"LIMA";"LIMA";"PUEBLO LIBRE";"MINSA";"III-1";"00006211";"HOSPITAL DE APOYO SANTA ROSA";"242100";"HOSPITALIZACIÓN DE MEDICINA ONCOLOGÍA MÉDICA ";"75";"74";"341";"419";"14";"420";"0"
"2023";"06";"150121";"LIMA";"LIMA";"PUEBLO LIBRE";"MINSA";"III-1";"00006211";"HOSPITAL DE APOYO SANTA ROSA";"242500";"HOSPITALIZACIÓN-PEDIATRÍA GENERAL-";"67";"66";"359";"410";"14";"420";"0"
"2023";"06";"150121";"LIMA";"LIMA";"PUEBLO LIBRE";"MINSA";"III-1";"00006211";"HOSPITAL DE APOYO SANTA ROSA";"243200";"HOSPITALIZACIÓN DE PEDIATRÍA PEDIATRIA NEONATOLOGÍA";"19";"17";"77";"90";"8";"240";"0"
"2023";"06";"080101";"CUSCO";"CUSCO";"CUSCO";"GOBIERNO REGIONAL";"III-1";"00002289";"HOSPITAL DE APOYO DEPARTAMENTAL CUSCO";"240100";"HOSPITALIZACIÓN QUIRÚRGICA CIRUGÍA GENERAL ";"153";"147";"531";"699";"34";"1020";"2"
"2023";"06";"080101";"CUSCO";"CUSCO";"CUSCO";"GOBIERNO REGIONAL";"III-1";"00002289";"HOSPITAL DE APOYO DEPARTAMENTAL CUSCO";"240100";"HOSPITALIZACIÓN QUIRÚRGICA CIRUGÍA GENERAL ";"71";"73";"870";"658";"32";"960";"0"
"2023";"06";"080101";"CUSCO";"CUSCO";"CUSCO";"GOBIERNO REGIONAL";"III-1";"00002289";"HOSPITAL DE APOYO DEPARTAMENTAL CUSCO";"241800";"HOSPITALIZACIÓN DE MEDICINA MEDICINA GENERAL ";"34";"31";"394";"559";"24";"720";"3"
"2023";"06";"080101";"CUSCO";"CUSCO";"CUSCO";"GOBIERNO REGIONAL";"III-1";"00002289";"HOSPITAL DE APOYO DEPARTAMENTAL CUSCO";"241500";"HOSPITALIZACIÓN QUIRÚRGICA GINECOLOGÍA  ";"182";"173";"502";"574";"29";"870";"0"
"2023";"06";"080101";"CUSCO";"CUSCO";"CUSCO";"GOBIERNO REGIONAL";"III-1";"00002289";"HOSPITAL DE APOYO DEPARTAMENTAL CUSCO";"241400";"HOSPITALIZACIÓN QUIRÚRGICA GINECO - OBSTETRICIA ";"218";"218";"608";"562";"31";"930";"0"
"2023";"06";"080101";"CUSCO";"CUSCO";"CUSCO";"GOBIERNO REGIONAL";"III-1";"00002289";"HOSPITAL DE APOYO DEPARTAMENTAL CUSCO";"241800";"HOSPITALIZACIÓN DE MEDICINA MEDICINA GENERAL ";"77";"75";"793";"773";"32";"960";"10"
"2023";"06";"080101";"CUSCO";"CUSCO";"CUSCO";"GOBIERNO REGIONAL";"III-1";"00002289";"HOSPITAL DE APOYO DEPARTAMENTAL CUSCO";"241800";"HOSPITALIZACIÓN DE MEDICINA MEDICINA GENERAL ";"30";"32";"560";"380";"21";"630";"3"
"2023";"06";"080101";"CUSCO";"CUSCO";"CUSCO";"GOBIERNO REGIONAL";"III-1";"00002289";"HOSPITAL DE APOYO DEPARTAMENTAL CUSCO";"241900";"HOSPITALIZACIÓN DE MEDICINA MEDICINA INTERNA ";"17";"16";"292";"498";"22";"660";"1"
"2023";"03";"150117";"LIMA";"LIMA";"LOS OLIVOS";"PRIVADO";"II-E";"00017385";"CLINICA SAN BARTOLOME";"240000";"HOSPITALIZACIÓN";"27";"25";"21";"33";"7";"217";"0"
"2023";"03";"021901";"ANCASH";"SIHUAS";"SIHUAS";"GOBIERNO REGIONAL";"II-1";"00001795";"HOSPITAL DE APOYO SIHUAS";"241800";"HOSPITALIZACIÓN DE MEDICINA MEDICINA GENERAL ";"23";"23";"52";"53";"11";"341";"0"
"2023";"03";"021901";"ANCASH";"SIHUAS";"SIHUAS";"GOBIERNO REGIONAL";"II-1";"00001795";"HOSPITAL DE APOYO SIHUAS";"240100";"HOSPITALIZACIÓN QUIRÚRGICA CIRUGÍA GENERAL ";"5";"4";"11";"11";"4";"124";"0"
"2023";"03";"021901";"ANCASH";"SIHUAS";"SIHUAS";"GOBIERNO REGIONAL";"II-1";"00001795";"HOSPITAL DE APOYO SIHUAS";"241500";"HOSPITALIZACIÓN QUIRÚRGICA GINECOLOGÍA  ";"13";"13";"27";"41";"4";"124";"0"
"2023";"03";"021901";"ANCASH";"SIHUAS";"SIHUAS";"GOBIERNO REGIONAL";"II-1";"00001795";"HOSPITAL DE APOYO SIHUAS";"241600";"HOSPITALIZACIÓN QUIRÚRGICA OBSTETRICIA   ";"10";"11";"27";"52";"4";"124";"0"
"2023";"04";"110501";"ICA";"PISCO";"PISCO";"SANIDAD DE LA POLICIA NACIONAL DEL PERU";"I-2";"00011400";"POSTA MEDICA POLICIAL PISCO";"NE_0001";"";"NE_0001";"NE_0001";"NE_0001";"NE_0001";"NE_0001";"NE_0001";"NE_0001"
"2023";"04";"150122";"LIMA";"LIMA";"MIRAFLORES";"PRIVADO";"II-E";"00014361";"INSTITUTO DEL CEREBRO Y LA COLUMNA VERTEBRAL";"240000";"HOSPITALIZACIÓN";"40";"40";"75";"40";"8";"240";"0"
"2023";"04";"220501";"SAN MARTIN";"LAMAS";"LAMAS";"ESSALUD";"I-2";"00016484";"POSTA MEDICA LAMAS - ESSALUD";"NE_0001";"";"NE_0001";"NE_0001";"NE_0001";"NE_0001";"NE_0001";"NE_0001";"NE_0001"
"2023";"04";"030201";"APURIMAC";"ANDAHUAYLAS";"ANDAHUAYLAS";"GOBIERNO REGIONAL";"II-2";"00004131";"HOSPITAL SUBREGIONAL DE ANDAHUAYLAS";"240100";"HOSPITALIZACIÓN QUIRÚRGICA CIRUGÍA GENERAL ";"38";"36";"161";"162";"12";"326";"0"
"2023";"04";"030201";"APURIMAC";"ANDAHUAYLAS";"ANDAHUAYLAS";"GOBIERNO REGIONAL";"II-2";"00004131";"HOSPITAL SUBREGIONAL DE ANDAHUAYLAS";"240700";"HOSPITALIZACIÓN QUIRÚRGICA CIRUGÍA PEDIÁTRICA ";"17";"13";"61";"73";"4";"122";"0"
"2023";"04";"030201";"APURIMAC";"ANDAHUAYLAS";"ANDAHUAYLAS";"GOBIERNO REGIONAL";"II-2";"00004131";"HOSPITAL SUBREGIONAL DE ANDAHUAYLAS";"241200";"HOSPITALIZACIÓN QUIRÚRGICA TRAUMATOLOGÍA Y ORTOPEDIA ";"13";"12";"63";"43";"7";"198";"0"
"2023";"04";"030201";"APURIMAC";"ANDAHUAYLAS";"ANDAHUAYLAS";"GOBIERNO REGIONAL";"II-2";"00004131";"HOSPITAL SUBREGIONAL DE ANDAHUAYLAS";"241500";"HOSPITALIZACIÓN QUIRÚRGICA GINECOLOGÍA  ";"47";"47";"72";"63";"5";"109";"0"
"2023";"04";"030201";"APURIMAC";"ANDAHUAYLAS";"ANDAHUAYLAS";"GOBIERNO REGIONAL";"II-2";"00004131";"HOSPITAL SUBREGIONAL DE ANDAHUAYLAS";"241600";"HOSPITALIZACIÓN QUIRÚRGICA OBSTETRICIA   ";"150";"148";"377";"372";"18";"426";"0"
"2023";"04";"030201";"APURIMAC";"ANDAHUAYLAS";"ANDAHUAYLAS";"GOBIERNO REGIONAL";"II-2";"00004131";"HOSPITAL SUBREGIONAL DE ANDAHUAYLAS";"241800";"HOSPITALIZACIÓN DE MEDICINA MEDICINA GENERAL ";"79";"76";"592";"472";"18";"490";"17"
"2023";"04";"030201";"APURIMAC";"ANDAHUAYLAS";"ANDAHUAYLAS";"GOBIERNO REGIONAL";"II-2";"00004131";"HOSPITAL SUBREGIONAL DE ANDAHUAYLAS";"242200";"HOSPITALIZACIÓN DE MEDICINA PSIQUIATRÍA ";"9";"6";"195";"204";"7";"220";"0"
"2023";"04";"030201";"APURIMAC";"ANDAHUAYLAS";"ANDAHUAYLAS";"GOBIERNO REGIONAL";"II-2";"00004131";"HOSPITAL SUBREGIONAL DE ANDAHUAYLAS";"242500";"HOSPITALIZACIÓN-PEDIATRÍA GENERAL-";"21";"19";"91";"67";"6";"163";"0"
"2023";"04";"030201";"APURIMAC";"ANDAHUAYLAS";"ANDAHUAYLAS";"GOBIERNO REGIONAL";"II-2";"00004131";"HOSPITAL SUBREGIONAL DE ANDAHUAYLAS";"243200";"HOSPITALIZACIÓN DE PEDIATRÍA PEDIATRIA NEONATOLOGÍA";"49";"45";"214";"235";"10";"264";"0"
"2023";"04";"030201";"APURIMAC";"ANDAHUAYLAS";"ANDAHUAYLAS";"GOBIERNO REGIONAL";"II-2";"00004131";"HOSPITAL SUBREGIONAL DE ANDAHUAYLAS";"250100";"UNIDAD DE CUIDADOS CRITICOS UNIDAD  DE CUIDADOS INTENSIVOS GENERALES (UCI) ";"9";"10";"85";"43";"3";"91";"6"
"2023";"04";"030201";"APURIMAC";"ANDAHUAYLAS";"ANDAHUAYLAS";"GOBIERNO REGIONAL";"II-2";"00004131";"HOSPITAL SUBREGIONAL DE ANDAHUAYLAS";"250105";"UNIDAD DE CUIDADOS CRITICOS UNIDAD  DE CUIDADOS INTENSIVOS  (UCI) NEONATOLOGÍA";"13";"3";"13";"87";"2";"92";"2"
"2023";"04";"060810";"CAJAMARCA";"JAEN";"SAN FELIPE";"GOBIERNO REGIONAL";"I-2";"00004255";"PIQUIJACA";"NE_0001";"";"NE_0001";"NE_0001";"NE_0001";"NE_0001";"NE_0001";"NE_0001";"NE_0001"
"2023";"04";"060810";"CAJAMARCA";"JAEN";"SAN FELIPE";"GOBIERNO REGIONAL";"I-3";"00004254";"SAN FELIPE";"NE_0001";"";"NE_0001";"NE_0001";"NE_0001";"NE_0001";"NE_0001";"NE_0001";"NE_0001"
"2023";"04";"150130";"LIMA";"LIMA";"SAN BORJA";"PRIVADO";"II-1";"00012975";"CL ESPECIALIDADES MEDICAS";"240000";"HOSPITALIZACIÓN";"29";"32";"99";"114";"13";"390";"0"
"2023";"04";"211101";"PUNO";"SAN ROMAN";"JULIACA";"PRIVADO";"II-1";"00010815";"CLINICA ADVENTISTA AMERICANA DE JULIACA";"240000";"HOSPITALIZACIÓN";"203";"211";"718";"712";"40";"1192";"5"
"2023";"05";"200701";"PIURA";"TALARA";"PARIÑAS";"PRIVADO";"I-2";"00012359";"CENTRO OFTALMOLOGICO DE TALARA SRL";"NE_0001";"";"NE_0001";"NE_0001";"NE_0001";"NE_0001";"NE_0001";"NE_0001";"NE_0001"
"2023";"05";"070102";"CALLAO";"CALLAO";"BELLAVISTA";"PRIVADO";"II-1";"00009250";"CLINICAS AUNA - SEDE BELLAVISTA";"240000";"HOSPITALIZACIÓN";"100";"113";"347";"304";"15";"465";"1"
"2023";"05";"070102";"CALLAO";"CALLAO";"BELLAVISTA";"PRIVADO";"II-1";"00009250";"CLINICAS AUNA - SEDE BELLAVISTA";"250100";"UNIDAD DE CUIDADOS CRITICOS UNIDAD  DE CUIDADOS INTENSIVOS GENERALES (UCI) ";"2";"2";"10";"10";"3";"93";"0"
"2023";"05";"220901";"SAN MARTIN";"SAN MARTIN";"TARAPOTO";"ESSALUD";"I-2";"00027727";"CENTRO DE ATENCIÓN PRIMARIA METROPOLITANO - ESSALUD";"NE_0001";"";"NE_0001";"NE_0001";"NE_0001";"NE_0001";"NE_0001";"NE_0001";"NE_0001"
"2023";"05";"080101";"CUSCO";"CUSCO";"CUSCO";"PRIVADO";"II-E";"00010014";"DR. VICTOR PAREDES";"240000";"HOSPITALIZACIÓN";"72";"72";"119";"139";"19";"589";"0"
"2023";"05";"150116";"LIMA";"LIMA";"LINCE";"PRIVADO";"II-E";"00009145";"HOGAR CLINICA MONTE SINAI";"240100";"HOSPITALIZACIÓN QUIRÚRGICA CIRUGÍA GENERAL ";"6";"6";"6";"6";"2";"60";"0"
"2023";"05";"150116";"LIMA";"LIMA";"LINCE";"PRIVADO";"II-E";"00009145";"HOGAR CLINICA MONTE SINAI";"240200";"HOSPITALIZACIÓN QUIRÚRGICA CIRUGÍA DE CABEZA Y CUELLO / MÁXILO FACIAL ";"2";"2";"2";"2";"1";"30";"0"
"2023";"05";"150116";"LIMA";"LIMA";"LINCE";"PRIVADO";"II-E";"00009145";"HOGAR CLINICA MONTE SINAI";"240800";"HOSPITALIZACIÓN QUIRÚRGICA CIRUGÍA PLÁSTICA/RECONSTRUCTIVA/ REPARADORA ";"19";"19";"19";"19";"3";"90";"0"
"2023";"05";"150116";"LIMA";"LIMA";"LINCE";"PRIVADO";"II-E";"00009145";"HOGAR CLINICA MONTE SINAI";"241100";"HOSPITALIZACIÓN QUIRÚRGICA OTORRINOLARINGOLOGÍA  ";"10";"10";"10";"10";"2";"60";"0"
"2023";"05";"150116";"LIMA";"LIMA";"LINCE";"PRIVADO";"II-E";"00009145";"HOGAR CLINICA MONTE SINAI";"241200";"HOSPITALIZACIÓN QUIRÚRGICA TRAUMATOLOGÍA Y ORTOPEDIA ";"36";"36";"36";"36";"5";"150";"0"
"2023";"05";"150116";"LIMA";"LIMA";"LINCE";"PRIVADO";"II-E";"00009145";"HOGAR CLINICA MONTE SINAI";"241500";"HOSPITALIZACIÓN QUIRÚRGICA GINECOLOGÍA  ";"1";"1";"1";"1";"1";"30";"0"
"2023";"05";"120707";"JUNIN";"TARMA";"PALCAMAYO";"GOBIERNO REGIONAL";"I-1";"00000528";"YANAPUQUIO";"NE_0001";"";"NE_0001";"NE_0001";"NE_0001";"NE_0001";"NE_0001";"NE_0001";"NE_0001"
"2023";"05";"120707";"JUNIN";"TARMA";"PALCAMAYO";"GOBIERNO REGIONAL";"I-3";"00000527";"PALCAMAYO";"NE_0001";"";"NE_0001";"NE_0001";"NE_0001";"NE_0001";"NE_0001";"NE_0001";"NE_0001"
"2023";"05";"120707";"JUNIN";"TARMA";"PALCAMAYO";"GOBIERNO REGIONAL";"I-1";"00000529";"OCHONGA";"NE_0001";"";"NE_0001";"NE_0001";"NE_0001";"NE_0001";"NE_0001";"NE_0001";"NE_0001"
"2023";"05";"120707";"JUNIN";"TARMA";"PALCAMAYO";"GOBIERNO REGIONAL";"I-1";"00000533";"CALCA";"NE_0001";"";"NE_0001";"NE_0001";"NE_0001";"NE_0001";"NE_0001";"NE_0001";"NE_0001"
"2023";"05";"120707";"JUNIN";"TARMA";"PALCAMAYO";"GOBIERNO REGIONAL";"I-1";"00000531";"INCACHACA YANAMACHAY";"NE_0001";"";"NE_0001";"NE_0001";"NE_0001";"NE_0001";"NE_0001";"NE_0001";"NE_0001"
"2023";"05";"120707";"JUNIN";"TARMA";"PALCAMAYO";"GOBIERNO REGIONAL";"I-1";"00000532";"HUAMANIA";"NE_0001";"";"NE_0001";"NE_0001";"NE_0001";"NE_0001";"NE_0001";"NE_0001";"NE_0001"
"2023";"08";"220401";"SAN MARTIN";"HUALLAGA";"SAPOSOA";"ESSALUD";"I-2";"00031567";"POSTA MEDICA DE SAPOSOA - ESSALUD";"NE_0001";"";"NE_0001";"NE_0001";"NE_0001";"NE_0001";"NE_0001";"NE_0001";"NE_0001"
"2023";"09";"150101";"LIMA";"LIMA";"LIMA";"PRIVADO";"II-1";"00016291";"HOSPITAL MEGASALUD UNIVERSAL";"240000";"HOSPITALIZACIÓN";"47";"46";"142";"138";"22";"660";"0"
"2023";"09";"150141";"LIMA";"LIMA";"SURQUILLO";"PRIVADO";"II-E";"00012020";"CLINICA OFTALMOLOGICA ESPECIALIZADA ÑAHUI";"NE_0001";"";"NE_0001";"NE_0001";"NE_0001";"NE_0001";"NE_0001";"NE_0001";"NE_0001"
"2023";"09";"230101";"TACNA";"TACNA";"TACNA";"PRIVADO";"I-4";"00011466";"CLINICA ISABEL";"240000";"HOSPITALIZACIÓN";"1";"1";"2";"1";"1";"30";"0"
"2023";"09";"230101";"TACNA";"TACNA";"TACNA";"PRIVADO";"I-4";"00011466";"CLINICA ISABEL";"240000";"HOSPITALIZACIÓN";"1";"1";"2";"1";"1";"30";"0"
"2023";"09";"230101";"TACNA";"TACNA";"TACNA";"PRIVADO";"I-4";"00011466";"CLINICA ISABEL";"240000";"HOSPITALIZACIÓN";"1";"1";"1";"1";"1";"30";"0"
"2023";"09";"230101";"TACNA";"TACNA";"TACNA";"PRIVADO";"I-4";"00011466";"CLINICA ISABEL";"240000";"HOSPITALIZACIÓN";"1";"1";"2";"1";"1";"30";"0"
"2023";"09";"230101";"TACNA";"TACNA";"TACNA";"PRIVADO";"I-4";"00011466";"CLINICA ISABEL";"240000";"HOSPITALIZACIÓN";"1";"1";"1";"1";"1";"30";"0"
"2023";"09";"230101";"TACNA";"TACNA";"TACNA";"PRIVADO";"I-4";"00011466";"CLINICA ISABEL";"240000";"HOSPITALIZACIÓN";"1";"1";"2";"1";"1";"30";"0"
"2023";"09";"230101";"TACNA";"TACNA";"TACNA";"PRIVADO";"I-4";"00011466";"CLINICA ISABEL";"240000";"HOSPITALIZACIÓN";"1";"1";"1";"1";"1";"30";"0"
"2023";"09";"230101";"TACNA";"TACNA";"TACNA";"PRIVADO";"I-4";"00011466";"CLINICA ISABEL";"240000";"HOSPITALIZACIÓN";"1";"1";"1";"1";"1";"30";"0"
"2023";"09";"230101";"TACNA";"TACNA";"TACNA";"PRIVADO";"I-4";"00011466";"CLINICA ISABEL";"240000";"HOSPITALIZACIÓN";"1";"1";"4";"1";"1";"30";"0"
"2023";"09";"230101";"TACNA";"TACNA";"TACNA";"PRIVADO";"I-4";"00011466";"CLINICA ISABEL";"240000";"HOSPITALIZACIÓN";"1";"1";"2";"1";"1";"30";"0"
"2023";"09";"120208";"JUNIN";"CONCEPCION";"MANZANARES";"GOBIERNO REGIONAL";"I-1";"00000640";"MANZANARES";"NE_0002";"";"NE_0002";"NE_0002";"NE_0002";"NE_0002";"NE_0002";"NE_0002";"NE_0002"
"2023";"09";"120204";"JUNIN";"CONCEPCION";"CHAMBARA";"GOBIERNO REGIONAL";"I-1";"00000639";"ANGASMAYO";"NE_0002";"";"NE_0002";"NE_0002";"NE_0002";"NE_0002";"NE_0002";"NE_0002";"NE_0002"
"2023";"09";"120904";"JUNIN";"CHUPACA";"HUACHAC";"GOBIERNO REGIONAL";"I-1";"00000653";"MARCATUNA";"NE_0002";"";"NE_0002";"NE_0002";"NE_0002";"NE_0002";"NE_0002";"NE_0002";"NE_0002"
"2023";"09";"120904";"JUNIN";"CHUPACA";"HUACHAC";"GOBIERNO REGIONAL";"I-3";"00000651";"HUACHAC";"NE_0002";"";"NE_0002";"NE_0002";"NE_0002";"NE_0002";"NE_0002";"NE_0002";"NE_0002"
"2023";"09";"120904";"JUNIN";"CHUPACA";"HUACHAC";"GOBIERNO REGIONAL";"I-1";"00000652";"HUAYAO";"NE_0002";"";"NE_0002";"NE_0002";"NE_0002";"NE_0002";"NE_0002";"NE_0002";"NE_0002"
"2023";"09";"110101";"ICA";"ICA";"ICA";"PRIVADO";"I-3";"00028251";"EL GALENO";"NE_0001";"";"NE_0001";"NE_0001";"NE_0001";"NE_0001";"NE_0001";"NE_0001";"NE_0001"
"2023";"09";"050115";"AYACUCHO";"HUAMANGA";"JESUS NAZARENO";"PRIVADO";"I-3";"00028119";"EL GALENO";"NE_0001";"";"NE_0001";"NE_0001";"NE_0001";"NE_0001";"NE_0001";"NE_0001";"NE_0001"
"2023";"09";"130105";"LA LIBERTAD";"TRUJILLO";"LA ESPERANZA";"ESSALUD";"II-1";"00009040";"HOSPITAL I - LA ESPERANZA";"241800";"HOSPITALIZACIÓN DE MEDICINA MEDICINA GENERAL ";"62";"62";"199";"194";"10";"300";"0"
"2023";"09";"070101";"CALLAO";"CALLAO";"CALLAO";"GOBIERNO REGIONAL";"I-2";"00006768";"PUESTO DE SALUD PALMERAS DE OQUENDO";"NE_0001";"";"NE_0001";"NE_0001";"NE_0001";"NE_0001";"NE_0001";"NE_0001";"NE_0001"
"2023";"09";"070101";"CALLAO";"CALLAO";"CALLAO";"GOBIERNO REGIONAL";"I-2";"00006244";"PUESTO DE SALUD 200 MILLAS";"NE_0001";"";"NE_0001";"NE_0001";"NE_0001";"NE_0001";"NE_0001";"NE_0001";"NE_0001"
"2023";"09";"070101";"CALLAO";"CALLAO";"CALLAO";"GOBIERNO REGIONAL";"I-2";"00006243";"PUESTO DE SALUD FAUCETT";"NE_0001";"";"NE_0001";"NE_0001";"NE_0001";"NE_0001";"NE_0001";"NE_0001";"NE_0001"
"2023";"09";"020101";"ANCASH";"HUARAZ";"HUARAZ";"GOBIERNO REGIONAL";"II-2";"00001543";"HOSPITAL ""VICTOR RAMOS GUARDIA"" - HUARAZ";"244000";"HOSPITALIZACIÓN DE MEDICINA CARDIOLOGIA ";"2";"2";"20";"23";"1";"30";"0"
"2023";"09";"020101";"ANCASH";"HUARAZ";"HUARAZ";"GOBIERNO REGIONAL";"II-2";"00001543";"HOSPITAL ""VICTOR RAMOS GUARDIA"" - HUARAZ";"244300";"HOSPITALIZACIÓN DE MEDICINA GASTROENTEROLOGÍA  ";"15";"22";"138";"110";"5";"150";"0"
"2023";"09";"020101";"ANCASH";"HUARAZ";"HUARAZ";"GOBIERNO REGIONAL";"II-2";"00001543";"HOSPITAL ""VICTOR RAMOS GUARDIA"" - HUARAZ";"241800";"HOSPITALIZACIÓN DE MEDICINA MEDICINA GENERAL ";"28";"35";"209";"241";"9";"270";"1"
"2023";"09";"020101";"ANCASH";"HUARAZ";"HUARAZ";"GOBIERNO REGIONAL";"II-2";"00001543";"HOSPITAL ""VICTOR RAMOS GUARDIA"" - HUARAZ";"245300";"HOSPITALIZACIÓN DE MEDICINA NEUMOLOGÍA  ";"29";"33";"286";"251";"9";"270";"6"
"2023";"09";"020101";"ANCASH";"HUARAZ";"HUARAZ";"GOBIERNO REGIONAL";"II-2";"00001543";"HOSPITAL ""VICTOR RAMOS GUARDIA"" - HUARAZ";"244700";"HOSPITALIZACIÓN DE MEDICINA NEUROLOGIA  ";"10";"19";"247";"109";"5";"150";"1"
"2023";"09";"020101";"ANCASH";"HUARAZ";"HUARAZ";"GOBIERNO REGIONAL";"II-2";"00001543";"HOSPITAL ""VICTOR RAMOS GUARDIA"" - HUARAZ";"242200";"HOSPITALIZACIÓN DE MEDICINA PSIQUIATRÍA ";"6";"15";"355";"181";"9";"270";"0"
"2023";"09";"020101";"ANCASH";"HUARAZ";"HUARAZ";"GOBIERNO REGIONAL";"II-2";"00001543";"HOSPITAL ""VICTOR RAMOS GUARDIA"" - HUARAZ";"240100";"HOSPITALIZACIÓN QUIRÚRGICA CIRUGÍA GENERAL ";"99";"117";"515";"441";"16";"480";"0"
"2023";"09";"020101";"ANCASH";"HUARAZ";"HUARAZ";"GOBIERNO REGIONAL";"II-2";"00001543";"HOSPITAL ""VICTOR RAMOS GUARDIA"" - HUARAZ";"240900";"HOSPITALIZACIÓN QUIRÚRGICA NEUROCIRUGÍA ";"8";"16";"169";"125";"5";"150";"0"
"2023";"09";"020101";"ANCASH";"HUARAZ";"HUARAZ";"GOBIERNO REGIONAL";"II-2";"00001543";"HOSPITAL ""VICTOR RAMOS GUARDIA"" - HUARAZ";"241200";"HOSPITALIZACIÓN QUIRÚRGICA TRAUMATOLOGÍA Y ORTOPEDIA ";"16";"38";"987";"736";"27";"810";"0"
"2023";"09";"020101";"ANCASH";"HUARAZ";"HUARAZ";"GOBIERNO REGIONAL";"II-2";"00001543";"HOSPITAL ""VICTOR RAMOS GUARDIA"" - HUARAZ";"241300";"HOSPITALIZACIÓN QUIRÚRGICA UROLOGÍA  ";"15";"15";"56";"68";"3";"90";"0"
"2023";"09";"020101";"ANCASH";"HUARAZ";"HUARAZ";"GOBIERNO REGIONAL";"II-2";"00001543";"HOSPITAL ""VICTOR RAMOS GUARDIA"" - HUARAZ";"241500";"HOSPITALIZACIÓN QUIRÚRGICA GINECOLOGÍA  ";"25";"26";"77";"74";"3";"90";"0"
"2023";"09";"020101";"ANCASH";"HUARAZ";"HUARAZ";"GOBIERNO REGIONAL";"II-2";"00001543";"HOSPITAL ""VICTOR RAMOS GUARDIA"" - HUARAZ";"241600";"HOSPITALIZACIÓN QUIRÚRGICA OBSTETRICIA   ";"275";"294";"644";"525";"24";"720";"0"
"2023";"09";"020101";"ANCASH";"HUARAZ";"HUARAZ";"GOBIERNO REGIONAL";"II-2";"00001543";"HOSPITAL ""VICTOR RAMOS GUARDIA"" - HUARAZ";"242500";"HOSPITALIZACIÓN-PEDIATRÍA GENERAL-";"72";"84";"380";"320";"14";"420";"1"
"2023";"09";"020101";"ANCASH";"HUARAZ";"HUARAZ";"GOBIERNO REGIONAL";"II-2";"00001543";"HOSPITAL ""VICTOR RAMOS GUARDIA"" - HUARAZ";"243200";"HOSPITALIZACIÓN DE PEDIATRÍA PEDIATRIA NEONATOLOGÍA";"27";"35";"433";"381";"18";"540";"3"
"2023";"09";"020101";"ANCASH";"HUARAZ";"HUARAZ";"GOBIERNO REGIONAL";"II-2";"00001543";"HOSPITAL ""VICTOR RAMOS GUARDIA"" - HUARAZ";"250000";"UNIDAD DE CUIDADOS CRITICOS  ";"6";"9";"136";"220";"8";"240";"6"
"2023";"09";"220502";"SAN MARTIN";"LAMAS";"ALONSO DE ALVARADO";"GOBIERNO REGIONAL";"I-1";"00007297";"ALAN GARCIA";"NE_0001";"";"NE_0001";"NE_0001";"NE_0001";"NE_0001";"NE_0001";"NE_0001";"NE_0001"
"2023";"09";"130101";"LA LIBERTAD";"TRUJILLO";"TRUJILLO";"PRIVADO";"II-E";"00021354";"CLINICA LUZ Y VIDA";"NE_0001";"";"NE_0001";"NE_0001";"NE_0001";"NE_0001";"NE_0001";"NE_0001";"NE_0001"
"2023";"09";"200101";"PIURA";"PIURA";"PIURA";"PRIVADO";"III-E";"00013727";"INSTITUTO MEDICO ESPECIALIZADO EN DIABETES SOY DIABETICO EIRL";"240000";"HOSPITALIZACIÓN";"10";"10";"21";"21";"6";"180";"0"
"2023";"09";"060301";"CAJAMARCA";"CELENDIN";"CELENDIN";"GOBIERNO REGIONAL";"II-1";"00004466";"DE APOYO CELENDIN";"241800";"HOSPITALIZACIÓN DE MEDICINA MEDICINA GENERAL ";"118";"118";"359";"334";"29";"870";"2"
"2023";"09";"150122";"LIMA";"LIMA";"MIRAFLORES";"PRIVADO";"II-E";"00016121";"CENTRO MEDICO AVENDAÑO S.A.C.";"240100";"HOSPITALIZACIÓN QUIRÚRGICA CIRUGÍA GENERAL ";"37";"37";"47";"47";"6";"118";"0"
"2023";"09";"150122";"LIMA";"LIMA";"MIRAFLORES";"PRIVADO";"II-E";"00016121";"CENTRO MEDICO AVENDAÑO S.A.C.";"240300";"HOSPITALIZACIÓN QUIRÚRGICA CIRUGÍA DIGESTIVA ";"37";"37";"47";"47";"6";"118";"0"
"2023";"09";"050204";"AYACUCHO";"CANGALLO";"MARIA PARADO DE BELLIDO";"GOBIERNO REGIONAL";"I-1";"00007303";"PUESTO DE SALUD ÑUÑUNHUAYCCO";"NE_0001";"";"NE_0001";"NE_0001";"NE_0001";"NE_0001";"NE_0001";"NE_0001";"NE_0001"
"2023";"09";"050203";"AYACUCHO";"CANGALLO";"LOS MOROCHUCOS";"GOBIERNO REGIONAL";"I-1";"00017085";"PUESTO DE SALUD HUALLCHANCCA";"NE_0001";"";"NE_0001";"NE_0001";"NE_0001";"NE_0001";"NE_0001";"NE_0001";"NE_0001"
"2023";"06";"040105";"AREQUIPA";"AREQUIPA";"CHARACATO";"GOBIERNO REGIONAL";"I-3";"00001261";"CENTRO DE SALUD DE CHARACATO";"NE_0001";"";"NE_0001";"NE_0001";"NE_0001";"NE_0001";"NE_0001";"NE_0001";"NE_0001"
"2023";"06";"040113";"AREQUIPA";"AREQUIPA";"POCSI";"GOBIERNO REGIONAL";"I-1";"00001289";"PUESTO DE SALUD PIACA";"NE_0001";"";"NE_0001";"NE_0001";"NE_0001";"NE_0001";"NE_0001";"NE_0001";"NE_0001"
"2023";"06";"040111";"AREQUIPA";"AREQUIPA";"MOLLEBAYA";"GOBIERNO REGIONAL";"I-2";"00001285";"PUESTO DE SALUD MOLLEBAYA";"NE_0001";"";"NE_0001";"NE_0001";"NE_0001";"NE_0001";"NE_0001";"NE_0001";"NE_0001"
"2023";"06";"040114";"AREQUIPA";"AREQUIPA";"POLOBAYA";"GOBIERNO REGIONAL";"I-2";"00001262";"PUESTO DE SALUD POLOBAYA";"NE_0001";"";"NE_0001";"NE_0001";"NE_0001";"NE_0001";"NE_0001";"NE_0001";"NE_0001"
"2023";"06";"040116";"AREQUIPA";"AREQUIPA";"SABANDIA";"GOBIERNO REGIONAL";"I-2";"00001284";"PUESTO DE SALUD LEOPOLDO RONDON - SABANDIA";"NE_0001";"";"NE_0001";"NE_0001";"NE_0001";"NE_0001";"NE_0001";"NE_0001";"NE_0001"
"2023";"06";"040111";"AREQUIPA";"AREQUIPA";"MOLLEBAYA";"GOBIERNO REGIONAL";"I-2";"00011677";"PUESTO DE SALUD MACHAHUAYA";"NE_0001";"";"NE_0001";"NE_0001";"NE_0001";"NE_0001";"NE_0001";"NE_0001";"NE_0001"
"2023";"06";"040127";"AREQUIPA";"AREQUIPA";"YARABAMBA";"GOBIERNO REGIONAL";"I-2";"00001287";"PUESTO DE SALUD YARABAMBA";"NE_0001";"";"NE_0001";"NE_0001";"NE_0001";"NE_0001";"NE_0001";"NE_0001";"NE_0001"
"2023";"06";"040113";"AREQUIPA";"AREQUIPA";"POCSI";"GOBIERNO REGIONAL";"I-1";"00001288";"PUESTO DE SALUD POCSI";"NE_0001";"";"NE_0001";"NE_0001";"NE_0001";"NE_0001";"NE_0001";"NE_0001";"NE_0001"
"2023";"06";"040115";"AREQUIPA";"AREQUIPA";"QUEQUEÑA";"GOBIERNO REGIONAL";"I-2";"00001286";"PUESTO DE SALUD QUEQUEÑA";"NE_0001";"";"NE_0001";"NE_0001";"NE_0001";"NE_0001";"NE_0001";"NE_0001";"NE_0001"
"2023";"06";"211101";"PUNO";"SAN ROMAN";"JULIACA";"PRIVADO";"II-E";"00028340";"SERVICIOS MEDICOS ASISTENCIALES  VIDA E.I.R.L.";"NE_0001";"";"NE_0001";"NE_0001";"NE_0001";"NE_0001";"NE_0001";"NE_0001";"NE_0001"
"2023";"06";"150132";"LIMA";"LIMA";"SAN JUAN DE LURIGANCHO";"PRIVADO";"II-E";"00012267";"CLINICA SAN MARCOS";"240100";"HOSPITALIZACIÓN QUIRÚRGICA CIRUGÍA GENERAL ";"33";"33";"33";"53";"5";"156";"0"
"2023";"06";"150132";"LIMA";"LIMA";"SAN JUAN DE LURIGANCHO";"PRIVADO";"II-E";"00012267";"CLINICA SAN MARCOS";"240200";"HOSPITALIZACIÓN QUIRÚRGICA CIRUGÍA DE CABEZA Y CUELLO / MÁXILO FACIAL ";"3";"3";"3";"3";"2";"9";"0"
"2023";"06";"150132";"LIMA";"LIMA";"SAN JUAN DE LURIGANCHO";"PRIVADO";"II-E";"00012267";"CLINICA SAN MARCOS";"241300";"HOSPITALIZACIÓN QUIRÚRGICA UROLOGÍA  ";"3";"3";"3";"3";"3";"9";"0"
"2023";"06";"150132";"LIMA";"LIMA";"SAN JUAN DE LURIGANCHO";"PRIVADO";"II-E";"00012267";"CLINICA SAN MARCOS";"241400";"HOSPITALIZACIÓN QUIRÚRGICA GINECO - OBSTETRICIA ";"19";"19";"19";"37";"2";"63";"0"
"2023";"06";"150132";"LIMA";"LIMA";"SAN JUAN DE LURIGANCHO";"PRIVADO";"II-E";"00012267";"CLINICA SAN MARCOS";"241500";"HOSPITALIZACIÓN QUIRÚRGICA GINECOLOGÍA  ";"5";"5";"5";"5";"2";"31";"0"
"2023";"06";"150132";"LIMA";"LIMA";"SAN JUAN DE LURIGANCHO";"PRIVADO";"II-E";"00012267";"CLINICA SAN MARCOS";"241600";"HOSPITALIZACIÓN QUIRÚRGICA OBSTETRICIA   ";"3";"3";"3";"3";"1";"31";"0"
"2023";"06";"150132";"LIMA";"LIMA";"SAN JUAN DE LURIGANCHO";"PRIVADO";"II-E";"00012267";"CLINICA SAN MARCOS";"240200";"HOSPITALIZACIÓN QUIRÚRGICA CIRUGÍA DE CABEZA Y CUELLO / MÁXILO FACIAL ";"2";"2";"2";"2";"2";"31";"0"
"2023";"06";"060508";"CAJAMARCA";"CONTUMAZA";"YONAN";"GOBIERNO REGIONAL";"I-1";"00004589";"CAFETAL";"NE_0002";"";"NE_0002";"NE_0002";"NE_0002";"NE_0002";"NE_0002";"NE_0002";"NE_0002"
"2023";"06";"060508";"CAJAMARCA";"CONTUMAZA";"YONAN";"GOBIERNO REGIONAL";"I-1";"00004588";"VENTANILLA";"NE_0002";"";"NE_0002";"NE_0002";"NE_0002";"NE_0002";"NE_0002";"NE_0002";"NE_0002"
"2023";"06";"060503";"CAJAMARCA";"CONTUMAZA";"CUPISNIQUE";"GOBIERNO REGIONAL";"I-1";"00004590";"TRINIDAD";"NE_0002";"";"NE_0002";"NE_0002";"NE_0002";"NE_0002";"NE_0002";"NE_0002";"NE_0002"
"2023";"06";"060503";"CAJAMARCA";"CONTUMAZA";"CUPISNIQUE";"GOBIERNO REGIONAL";"I-1";"00004591";"SANTA CATALINA";"NE_0002";"";"NE_0002";"NE_0002";"NE_0002";"NE_0002";"NE_0002";"NE_0002";"NE_0002"
"2023";"06";"060508";"CAJAMARCA";"CONTUMAZA";"YONAN";"GOBIERNO REGIONAL";"I-4";"00004587";"TEMBLADERA";"241600";"HOSPITALIZACIÓN QUIRÚRGICA OBSTETRICIA   ";"7";"7";"14";"58";"5";"150";"0"
"2023";"06";"060508";"CAJAMARCA";"CONTUMAZA";"YONAN";"GOBIERNO REGIONAL";"I-4";"00004587";"TEMBLADERA";"241800";"HOSPITALIZACIÓN DE MEDICINA MEDICINA GENERAL ";"71";"73";"116";"280";"12";"360";"0"
"2023";"06";"060508";"CAJAMARCA";"CONTUMAZA";"YONAN";"GOBIERNO REGIONAL";"I-1";"00004592";"PAY PAY";"NE_0002";"";"NE_0002";"NE_0002";"NE_0002";"NE_0002";"NE_0002";"NE_0002";"NE_0002"
"2023";"05";"250302";"UCAYALI";"PADRE ABAD";"IRAZOLA";"GOBIERNO REGIONAL";"I-1";"00030643";"PUESTO DE SALUD NUEVA FLORIDA";"NE_0002";"";"NE_0002";"NE_0002";"NE_0002";"NE_0002";"NE_0002";"NE_0002";"NE_0002"
"2023";"05";"250302";"UCAYALI";"PADRE ABAD";"IRAZOLA";"GOBIERNO REGIONAL";"I-1";"00030642";"PUESTO DE SALUD NUEVA UNIÓN PALOMETA";"NE_0002";"";"NE_0002";"NE_0002";"NE_0002";"NE_0002";"NE_0002";"NE_0002";"NE_0002"
"2023";"05";"250302";"UCAYALI";"PADRE ABAD";"IRAZOLA";"GOBIERNO REGIONAL";"I-1";"00030641";"PUESTO DE SALUD DE SHANANTIA";"NE_0002";"";"NE_0002";"NE_0002";"NE_0002";"NE_0002";"NE_0002";"NE_0002";"NE_0002"
"2023";"05";"250302";"UCAYALI";"PADRE ABAD";"IRAZOLA";"GOBIERNO REGIONAL";"I-1";"00010765";"PUERTO NUEVO";"NE_0001";"";"NE_0001";"NE_0001";"NE_0001";"NE_0001";"NE_0001";"NE_0001";"NE_0001"
"2023";"05";"250302";"UCAYALI";"PADRE ABAD";"IRAZOLA";"MINSA";"I-2";"00006884";"NUEVO UCAYALI KM.98";"NE_0001";"";"NE_0001";"NE_0001";"NE_0001";"NE_0001";"NE_0001";"NE_0001";"NE_0001"
"2023";"05";"250302";"UCAYALI";"PADRE ABAD";"IRAZOLA";"GOBIERNO REGIONAL";"I-1";"00005413";"NUEVO TAHUANTINSUYO";"NE_0001";"";"NE_0001";"NE_0001";"NE_0001";"NE_0001";"NE_0001";"NE_0001";"NE_0001"
"2023";"05";"250302";"UCAYALI";"PADRE ABAD";"IRAZOLA";"GOBIERNO REGIONAL";"I-2";"00005412";"SINCHI ROCA";"NE_0001";"";"NE_0001";"NE_0001";"NE_0001";"NE_0001";"NE_0001";"NE_0001";"NE_0001"
"2023";"05";"250302";"UCAYALI";"PADRE ABAD";"IRAZOLA";"GOBIERNO REGIONAL";"I-2";"00005409";"SAN PEDRO DE CHIO";"NE_0001";"";"NE_0001";"NE_0001";"NE_0001";"NE_0001";"NE_0001";"NE_0001";"NE_0001"
"2023";"05";"250302";"UCAYALI";"PADRE ABAD";"IRAZOLA";"GOBIERNO REGIONAL";"I-2";"00005408";"SAN JUAN KM. 130";"NE_0001";"";"NE_0001";"NE_0001";"NE_0001";"NE_0001";"NE_0001";"NE_0001";"NE_0001"
"2023";"05";"250302";"UCAYALI";"PADRE ABAD";"IRAZOLA";"GOBIERNO REGIONAL";"I-3";"00005396";"SAN ALEJANDRO";"NE_0001";"";"NE_0001";"NE_0001";"NE_0001";"NE_0001";"NE_0001";"NE_0001";"NE_0001"
"2023";"07";"021809";"ANCASH";"SANTA";"NUEVO CHIMBOTE";"GOBIERNO REGIONAL";"I-2";"00001705";"PUESTO DE SALUD 3 DE OCTUBRE";"NE_0001";"";"NE_0001";"NE_0001";"NE_0001";"NE_0001";"NE_0001";"NE_0001";"NE_0001"
"2023";"07";"021802";"ANCASH";"SANTA";"CACERES DEL PERU";"GOBIERNO REGIONAL";"I-1";"00001709";"PUESTO DE SALUD LAMPANIN";"NE_0001";"";"NE_0001";"NE_0001";"NE_0001";"NE_0001";"NE_0001";"NE_0001";"NE_0001"
"2023";"07";"021805";"ANCASH";"SANTA";"MORO";"GOBIERNO REGIONAL";"I-3";"00001716";"CENTRO DE SALUD MORO";"NE_0001";"";"NE_0001";"NE_0001";"NE_0001";"NE_0001";"NE_0001";"NE_0001";"NE_0001"
"2023";"07";"022005";"ANCASH";"YUNGAY";"QUILLO";"GOBIERNO REGIONAL";"I-1";"00001737";"PUESTO DE SALUD PAMPACANCHA";"NE_0001";"";"NE_0001";"NE_0001";"NE_0001";"NE_0001";"NE_0001";"NE_0001";"NE_0001"
"2023";"07";"020104";"ANCASH";"HUARAZ";"HUANCHAY";"GOBIERNO REGIONAL";"I-2";"00001748";"PUESTO DE SALUD HUANCHAY HZ";"NE_0001";"";"NE_0001";"NE_0001";"NE_0001";"NE_0001";"NE_0001";"NE_0001";"NE_0001"
"2023";"07";"021809";"ANCASH";"SANTA";"NUEVO CHIMBOTE";"GOBIERNO REGIONAL";"I-2";"00007266";"PUESTO DE SALUD NICOLAS DE GARATEA";"NE_0001";"";"NE_0001";"NE_0001";"NE_0001";"NE_0001";"NE_0001";"NE_0001";"NE_0001"
"2023";"07";"020801";"ANCASH";"CASMA";"CASMA";"GOBIERNO REGIONAL";"I-2";"00031617";"PUESTO DE SALUD VILLA HERMOSA";"NE_0001";"";"NE_0001";"NE_0001";"NE_0001";"NE_0001";"NE_0001";"NE_0001";"NE_0001"
"2023";"07";"021809";"ANCASH";"SANTA";"NUEVO CHIMBOTE";"GOBIERNO REGIONAL";"I-4";"00001704";"CENTRO DE SALUD YUGOSLAVIA";"NE_0001";"";"NE_0001";"NE_0001";"NE_0001";"NE_0001";"NE_0001";"NE_0001";"NE_0001"
"2023";"07";"021809";"ANCASH";"SANTA";"NUEVO CHIMBOTE";"GOBIERNO REGIONAL";"I-2";"00001706";"PUESTO DE SALUD VILLA MARIA";"NE_0001";"";"NE_0001";"NE_0001";"NE_0001";"NE_0001";"NE_0001";"NE_0001";"NE_0001"
"2023";"07";"021802";"ANCASH";"SANTA";"CACERES DEL PERU";"GOBIERNO REGIONAL";"I-2";"00001708";"PUESTO DE SALUD JIMBE";"NE_0001";"";"NE_0001";"NE_0001";"NE_0001";"NE_0001";"NE_0001";"NE_0001";"NE_0001"
"2023";"07";"021807";"ANCASH";"SANTA";"SAMANCO";"GOBIERNO REGIONAL";"I-2";"00001711";"PUESTO DE SALUD SAMANCO";"NE_0001";"";"NE_0001";"NE_0001";"NE_0001";"NE_0001";"NE_0001";"NE_0001";"NE_0001"
"2023";"07";"021806";"ANCASH";"SANTA";"NEPEÑA";"GOBIERNO REGIONAL";"I-3";"00001714";"CENTRO DE SALUD NEPEÑA";"NE_0001";"";"NE_0001";"NE_0001";"NE_0001";"NE_0001";"NE_0001";"NE_0001";"NE_0001"
"2023";"07";"021805";"ANCASH";"SANTA";"MORO";"GOBIERNO REGIONAL";"I-1";"00001717";"PUESTO DE SALUD POCOS";"NE_0001";"";"NE_0001";"NE_0001";"NE_0001";"NE_0001";"NE_0001";"NE_0001";"NE_0001"
"2023";"07";"020802";"ANCASH";"CASMA";"BUENA VISTA ALTA";"GOBIERNO REGIONAL";"I-2";"00001724";"PUESTO DE SALUD HUANCHUY";"NE_0001";"";"NE_0001";"NE_0001";"NE_0001";"NE_0001";"NE_0001";"NE_0001";"NE_0001"
"2023";"07";"020804";"ANCASH";"CASMA";"YAUTAN";"GOBIERNO REGIONAL";"I-4";"00001728";"CENTRO DE SALUD YAUTAN";"NE_0001";"";"NE_0001";"NE_0001";"NE_0001";"NE_0001";"NE_0001";"NE_0001";"NE_0001"
"2023";"07";"021103";"ANCASH";"HUARMEY";"CULEBRAS";"GOBIERNO REGIONAL";"I-1";"00001745";"PUESTO DE SALUD MOLINO";"NE_0001";"";"NE_0001";"NE_0001";"NE_0001";"NE_0001";"NE_0001";"NE_0001";"NE_0001"
"2023";"07";"021104";"ANCASH";"HUARMEY";"HUAYAN";"GOBIERNO REGIONAL";"I-2";"00001752";"PUESTO DE SALUD HUAYAN";"NE_0001";"";"NE_0001";"NE_0001";"NE_0001";"NE_0001";"NE_0001";"NE_0001";"NE_0001"
"2023";"07";"020102";"ANCASH";"HUARAZ";"COCHABAMBA";"GOBIERNO REGIONAL";"I-1";"00001731";"PUESTO DE SALUD CHIPRE";"NE_0001";"";"NE_0001";"NE_0001";"NE_0001";"NE_0001";"NE_0001";"NE_0001";"NE_0001"
"2023";"07";"020103";"ANCASH";"HUARAZ";"COLCABAMBA";"GOBIERNO REGIONAL";"I-1";"00001733";"COLCABAMBA";"NE_0001";"";"NE_0001";"NE_0001";"NE_0001";"NE_0001";"NE_0001";"NE_0001";"NE_0001"
"2023";"07";"021101";"ANCASH";"HUARMEY";"HUARMEY";"GOBIERNO REGIONAL";"I-3";"00001744";"CENTRO DE SALUD LA VICTORIA";"NE_0001";"";"NE_0001";"NE_0001";"NE_0001";"NE_0001";"NE_0001";"NE_0001";"NE_0001"
"2023";"07";"020802";"ANCASH";"CASMA";"BUENA VISTA ALTA";"GOBIERNO REGIONAL";"I-3";"00001723";"CENTRO DE SALUD BUENAVISTA";"NE_0001";"";"NE_0001";"NE_0001";"NE_0001";"NE_0001";"NE_0001";"NE_0001";"NE_0001"
"2023";"07";"020803";"ANCASH";"CASMA";"COMANDANTE NOEL";"GOBIERNO REGIONAL";"I-1";"00001726";"PUESTO DE SALUD COMANDANTE NOEL";"NE_0001";"";"NE_0001";"NE_0001";"NE_0001";"NE_0001";"NE_0001";"NE_0001";"NE_0001"
"2023";"07";"020110";"ANCASH";"HUARAZ";"PARIACOTO";"GOBIERNO REGIONAL";"I-1";"00001735";"PUESTO DE SALUD FORTALEZA";"NE_0001";"";"NE_0001";"NE_0001";"NE_0001";"NE_0001";"NE_0001";"NE_0001";"NE_0001"
"2023";"07";"021105";"ANCASH";"HUARMEY";"MALVAS";"GOBIERNO REGIONAL";"I-1";"00001801";"PUESTO DE SALUD SAN MIGUEL";"NE_0001";"";"NE_0001";"NE_0001";"NE_0001";"NE_0001";"NE_0001";"NE_0001";"NE_0001"
"2023";"07";"021809";"ANCASH";"SANTA";"NUEVO CHIMBOTE";"GOBIERNO REGIONAL";"I-2";"00001707";"PUESTO DE SALUD SATELITE";"NE_0001";"";"NE_0001";"NE_0001";"NE_0001";"NE_0001";"NE_0001";"NE_0001";"NE_0001"
"2023";"07";"020801";"ANCASH";"CASMA";"CASMA";"GOBIERNO REGIONAL";"I-1";"00001721";"PUESTO DE SALUD LA GRAMITA";"NE_0001";"";"NE_0001";"NE_0001";"NE_0001";"NE_0001";"NE_0001";"NE_0001";"NE_0001"
"2023";"07";"021101";"ANCASH";"HUARMEY";"HUARMEY";"GOBIERNO REGIONAL";"I-2";"00001742";"PUESTO DE SALUD PUERTO HUARMEY";"NE_0001";"";"NE_0001";"NE_0001";"NE_0001";"NE_0001";"NE_0001";"NE_0001";"NE_0001"
"2023";"07";"021105";"ANCASH";"HUARMEY";"MALVAS";"GOBIERNO REGIONAL";"I-1";"00001753";"PUESTO DE SALUD MALVAS";"NE_0001";"";"NE_0001";"NE_0001";"NE_0001";"NE_0001";"NE_0001";"NE_0001";"NE_0001"
"2023";"07";"020801";"ANCASH";"CASMA";"CASMA";"GOBIERNO REGIONAL";"I-1";"00001720";"PUESTO DE SALUD SAN RAFAEL";"NE_0001";"";"NE_0001";"NE_0001";"NE_0001";"NE_0001";"NE_0001";"NE_0001";"NE_0001"
"2023";"07";"020801";"ANCASH";"CASMA";"CASMA";"GOBIERNO REGIONAL";"I-1";"00001722";"PUESTO DE SALUD CASA BLANCA";"NE_0001";"";"NE_0001";"NE_0001";"NE_0001";"NE_0001";"NE_0001";"NE_0001";"NE_0001"
"2023";"07";"020102";"ANCASH";"HUARAZ";"COCHABAMBA";"GOBIERNO REGIONAL";"I-1";"00001732";"PUESTO DE SALUD PUMA PUCLLANAN";"NE_0001";"";"NE_0001";"NE_0001";"NE_0001";"NE_0001";"NE_0001";"NE_0001";"NE_0001"
"2023";"07";"020110";"ANCASH";"HUARAZ";"PARIACOTO";"GOBIERNO REGIONAL";"I-1";"00001736";"PUESTO DE SALUD CHACCHAN";"NE_0001";"";"NE_0001";"NE_0001";"NE_0001";"NE_0001";"NE_0001";"NE_0001";"NE_0001"
"2023";"07";"021807";"ANCASH";"SANTA";"SAMANCO";"GOBIERNO REGIONAL";"I-1";"00001712";"PUESTO DE SALUD LOS CHIMUS";"NE_0001";"";"NE_0001";"NE_0001";"NE_0001";"NE_0001";"NE_0001";"NE_0001";"NE_0001"
"2023";"07";"021806";"ANCASH";"SANTA";"NEPEÑA";"GOBIERNO REGIONAL";"I-3";"00001715";"CENTRO DE SALUD SAN JACINTO";"NE_0001";"";"NE_0001";"NE_0001";"NE_0001";"NE_0001";"NE_0001";"NE_0001";"NE_0001"
"2023";"07";"021805";"ANCASH";"SANTA";"MORO";"GOBIERNO REGIONAL";"I-1";"00001718";"PUESTO DE SALUD CAPTUY";"NE_0001";"";"NE_0001";"NE_0001";"NE_0001";"NE_0001";"NE_0001";"NE_0001";"NE_0001"
"2023";"07";"020110";"ANCASH";"HUARAZ";"PARIACOTO";"GOBIERNO REGIONAL";"I-4";"00001734";"CENTRO DE SALUD PARIACOTO";"NE_0001";"";"NE_0001";"NE_0001";"NE_0001";"NE_0001";"NE_0001";"NE_0001";"NE_0001"
"2023";"07";"022005";"ANCASH";"YUNGAY";"QUILLO";"GOBIERNO REGIONAL";"I-4";"00001738";"CENTRO DE SALUD QUILLO";"NE_0001";"";"NE_0001";"NE_0001";"NE_0001";"NE_0001";"NE_0001";"NE_0001";"NE_0001"
"2023";"07";"021103";"ANCASH";"HUARMEY";"CULEBRAS";"GOBIERNO REGIONAL";"I-2";"00001746";"PUESTO DE SALUD QUIAN";"NE_0001";"";"NE_0001";"NE_0001";"NE_0001";"NE_0001";"NE_0001";"NE_0001";"NE_0001"
"2023";"07";"020104";"ANCASH";"HUARAZ";"HUANCHAY";"GOBIERNO REGIONAL";"I-1";"00001747";"PUESTO DE SALUD RAYPA";"NE_0001";"";"NE_0001";"NE_0001";"NE_0001";"NE_0001";"NE_0001";"NE_0001";"NE_0001"
"2023";"04";"060615";"CAJAMARCA";"CUTERVO";"TORIBIO CASANOVA";"GOBIERNO REGIONAL";"I-1";"00005017";"PERLAMAYO";"NE_0001";"";"NE_0001";"NE_0001";"NE_0001";"NE_0001";"NE_0001";"NE_0001";"NE_0001"
"2023";"04";"060615";"CAJAMARCA";"CUTERVO";"TORIBIO CASANOVA";"GOBIERNO REGIONAL";"I-3";"00005019";"LA SACILIA";"NE_0001";"";"NE_0001";"NE_0001";"NE_0001";"NE_0001";"NE_0001";"NE_0001";"NE_0001"
"2023";"04";"060604";"CAJAMARCA";"CUTERVO";"CUJILLO";"GOBIERNO REGIONAL";"I-3";"00004974";"CUJILLO";"NE_0001";"";"NE_0001";"NE_0001";"NE_0001";"NE_0001";"NE_0001";"NE_0001";"NE_0001"
"2023";"04";"060604";"CAJAMARCA";"CUTERVO";"CUJILLO";"GOBIERNO REGIONAL";"I-1";"00006959";"CUNUAT";"NE_0001";"";"NE_0001";"NE_0001";"NE_0001";"NE_0001";"NE_0001";"NE_0001";"NE_0001"
"2023";"04";"060603";"CAJAMARCA";"CUTERVO";"CHOROS";"GOBIERNO REGIONAL";"I-1";"00007698";"SAN PEDRO DE CHOROS";"NE_0001";"";"NE_0001";"NE_0001";"NE_0001";"NE_0001";"NE_0001";"NE_0001";"NE_0001"
"2023";"04";"060603";"CAJAMARCA";"CUTERVO";"CHOROS";"GOBIERNO REGIONAL";"I-1";"00004972";"MESARRUME";"NE_0001";"";"NE_0001";"NE_0001";"NE_0001";"NE_0001";"NE_0001";"NE_0001";"NE_0001"
"2023";"04";"060603";"CAJAMARCA";"CUTERVO";"CHOROS";"GOBIERNO REGIONAL";"I-3";"00004971";"CHOROS";"NE_0001";"";"NE_0001";"NE_0001";"NE_0001";"NE_0001";"NE_0001";"NE_0001";"NE_0001"
"2023";"04";"060604";"CAJAMARCA";"CUTERVO";"CUJILLO";"GOBIERNO REGIONAL";"I-1";"00004975";"YUNCHACO";"NE_0001";"";"NE_0001";"NE_0001";"NE_0001";"NE_0001";"NE_0001";"NE_0001";"NE_0001"
"2023";"04";"060613";"CAJAMARCA";"CUTERVO";"SANTO TOMAS";"GOBIERNO REGIONAL";"I-1";"00004976";"MALLETA";"NE_0001";"";"NE_0001";"NE_0001";"NE_0001";"NE_0001";"NE_0001";"NE_0001";"NE_0001"
"2023";"04";"150101";"LIMA";"LIMA";"LIMA";"ESSALUD";"II-1";"00009188";"HOSPITAL II RAMON CASTILLA";"241800";"HOSPITALIZACIÓN DE MEDICINA MEDICINA GENERAL ";"48";"48";"321";"278";"10";"300";"0"
"2023";"04";"150101";"LIMA";"LIMA";"LIMA";"ESSALUD";"II-1";"00009188";"HOSPITAL II RAMON CASTILLA";"250103";"UNIDAD DE CUIDADOS CRITICOS UNIDAD  DE CUIDADOS INTENSIVOS GENERALES  (UCI) MEDICINA";"7";"6";"81";"156";"6";"180";"2"
"2023";"04";"150101";"LIMA";"LIMA";"LIMA";"ESSALUD";"II-1";"00009188";"HOSPITAL II RAMON CASTILLA";"240100";"HOSPITALIZACIÓN QUIRÚRGICA CIRUGÍA GENERAL ";"137";"146";"468";"440";"18";"540";"0"
"2023";"04";"150101";"LIMA";"LIMA";"LIMA";"ESSALUD";"II-1";"00009188";"HOSPITAL II RAMON CASTILLA";"241400";"HOSPITALIZACIÓN QUIRÚRGICA GINECO - OBSTETRICIA ";"19";"19";"66";"73";"3";"90";"0"
"2023";"04";"150101";"LIMA";"LIMA";"LIMA";"ESSALUD";"II-1";"00009188";"HOSPITAL II RAMON CASTILLA";"241600";"HOSPITALIZACIÓN QUIRÚRGICA OBSTETRICIA   ";"89";"89";"249";"232";"12";"360";"0"
"2023";"04";"150101";"LIMA";"LIMA";"LIMA";"ESSALUD";"II-1";"00009188";"HOSPITAL II RAMON CASTILLA";"242300";"HOSPITALIZACIÓN DE PEDIATRÍA  PEDIATRÍA  GENERAL ";"37";"35";"141";"153";"6";"180";"0"
"2023";"04";"150101";"LIMA";"LIMA";"LIMA";"ESSALUD";"II-1";"00009188";"HOSPITAL II RAMON CASTILLA";"243200";"HOSPITALIZACIÓN DE PEDIATRÍA PEDIATRIA NEONATOLOGÍA";"15";"14";"33";"29";"1";"30";"0"
"2023";"07";"150117";"LIMA";"LIMA";"LOS OLIVOS";"PRIVADO";"II-E";"00018307";"CLINICA MARIA SRL";"240100";"HOSPITALIZACIÓN QUIRÚRGICA CIRUGÍA GENERAL ";"30";"30";"25";"25";"8";"215";"0"
"2023";"07";"210201";"PUNO";"AZANGARO";"AZANGARO";"GOBIERNO REGIONAL";"II-1";"00002941";"CARLOS CORNEJO ROSELLO";"240100";"HOSPITALIZACIÓN QUIRÚRGICA CIRUGÍA GENERAL ";"17";"21";"88";"109";"06";"186";"1"
"2023";"07";"210201";"PUNO";"AZANGARO";"AZANGARO";"GOBIERNO REGIONAL";"II-1";"00002941";"CARLOS CORNEJO ROSELLO";"241500";"HOSPITALIZACIÓN QUIRÚRGICA GINECOLOGÍA  ";"50";"53";"106";"158";"06";"186";"0"
"2023";"07";"210201";"PUNO";"AZANGARO";"AZANGARO";"GOBIERNO REGIONAL";"II-1";"00002941";"CARLOS CORNEJO ROSELLO";"241600";"HOSPITALIZACIÓN QUIRÚRGICA OBSTETRICIA   ";"36";"38";"61";"99";"06";"186";"0"
"2023";"07";"210201";"PUNO";"AZANGARO";"AZANGARO";"GOBIERNO REGIONAL";"II-1";"00002941";"CARLOS CORNEJO ROSELLO";"241800";"HOSPITALIZACIÓN DE MEDICINA MEDICINA GENERAL ";"18";"22";"98";"119";"14";"434";"0"
"2023";"07";"210201";"PUNO";"AZANGARO";"AZANGARO";"GOBIERNO REGIONAL";"II-1";"00002941";"CARLOS CORNEJO ROSELLO";"242500";"HOSPITALIZACIÓN-PEDIATRÍA GENERAL-";"13";"15";"49";"64";"09";"279";"0"
"2023";"04";"110102";"ICA";"ICA";"LA TINGUIÑA";"ESSALUD";"I-3";"00024531";"LA TINGUIÑA";"NE_0001";"";"NE_0001";"NE_0001";"NE_0001";"NE_0001";"NE_0001";"NE_0001";"NE_0001"
"2023";"04";"130105";"LA LIBERTAD";"TRUJILLO";"LA ESPERANZA";"ESSALUD";"III-E";"00020925";"HOSPITAL DE ALTA COMPLEJIDAD DE LA LIBERTAD VIRGEN DE LA PUERTA";"241900";"HOSPITALIZACIÓN DE MEDICINA MEDICINA INTERNA ";"159";"269";"3134";"2581";"96";"2880";"23"
"2023";"04";"130105";"LA LIBERTAD";"TRUJILLO";"LA ESPERANZA";"ESSALUD";"III-E";"00020925";"HOSPITAL DE ALTA COMPLEJIDAD DE LA LIBERTAD VIRGEN DE LA PUERTA";"250100";"UNIDAD DE CUIDADOS CRITICOS UNIDAD  DE CUIDADOS INTENSIVOS GENERALES (UCI) ";"31";"14";"219";"386";"14";"420";"5"
"2023";"04";"130105";"LA LIBERTAD";"TRUJILLO";"LA ESPERANZA";"ESSALUD";"III-E";"00020925";"HOSPITAL DE ALTA COMPLEJIDAD DE LA LIBERTAD VIRGEN DE LA PUERTA";"250200";"UNIDAD DE CUIDADOS CRITICOS UNIDAD DE CUIDADOS INTERMEDIOS GENERAL  (UCIN) ";"62";"57";"573";"731";"26";"780";"1"
"2023";"04";"130105";"LA LIBERTAD";"TRUJILLO";"LA ESPERANZA";"ESSALUD";"III-E";"00020925";"HOSPITAL DE ALTA COMPLEJIDAD DE LA LIBERTAD VIRGEN DE LA PUERTA";"240100";"HOSPITALIZACIÓN QUIRÚRGICA CIRUGÍA GENERAL ";"176";"185";"945";"1096";"38";"1140";"1"
"2023";"04";"130105";"LA LIBERTAD";"TRUJILLO";"LA ESPERANZA";"ESSALUD";"III-E";"00020925";"HOSPITAL DE ALTA COMPLEJIDAD DE LA LIBERTAD VIRGEN DE LA PUERTA";"241500";"HOSPITALIZACIÓN QUIRÚRGICA GINECOLOGÍA  ";"129";"132";"412";"426";"15";"450";"0"
"2023";"04";"130105";"LA LIBERTAD";"TRUJILLO";"LA ESPERANZA";"ESSALUD";"III-E";"00020925";"HOSPITAL DE ALTA COMPLEJIDAD DE LA LIBERTAD VIRGEN DE LA PUERTA";"242300";"HOSPITALIZACIÓN DE PEDIATRÍA  PEDIATRÍA  GENERAL ";"30";"40";"408";"381";"13";"390";"1"
"2023";"07";"150136";"LIMA";"LIMA";"SAN MIGUEL";"PRIVADO";"II-2";"00011401";"CLINICA SAN JUDAS TADEO";"240000";"HOSPITALIZACIÓN";"337";"292";"1026";"1141";"54";"1674";"4"
"2023";"07";"210201";"PUNO";"AZANGARO";"AZANGARO";"GOBIERNO REGIONAL";"II-1";"00002941";"CARLOS CORNEJO ROSELLO";"243200";"HOSPITALIZACIÓN DE PEDIATRÍA PEDIATRIA NEONATOLOGÍA";"10";"10";"28";"37";"04";"124";"0"
"2023";"08";"100102";"HUANUCO";"HUANUCO";"AMARILIS";"GOBIERNO REGIONAL";"I-3";"00027821";"CENTRO DE SALUD AMARILIS";"NE_0001";"";"NE_0001";"NE_0001";"NE_0001";"NE_0001";"NE_0001";"NE_0001";"NE_0001"
"2023";"08";"100403";"HUANUCO";"HUACAYBAMBA";"COCHABAMBA";"GOBIERNO REGIONAL";"I-1";"00000882";"SANTA ANA PIRUSHTO";"NE_0001";"";"NE_0001";"NE_0001";"NE_0001";"NE_0001";"NE_0001";"NE_0001";"NE_0001"
"2023";"08";"100403";"HUANUCO";"HUACAYBAMBA";"COCHABAMBA";"GOBIERNO REGIONAL";"I-1";"00000879";"COCHABAMBA";"NE_0001";"";"NE_0001";"NE_0001";"NE_0001";"NE_0001";"NE_0001";"NE_0001";"NE_0001"
"2023";"08";"100505";"HUANUCO";"HUAMALIES";"JIRCAN";"GOBIERNO REGIONAL";"I-2";"00000904";"JIRCAN";"NE_0001";"";"NE_0001";"NE_0001";"NE_0001";"NE_0001";"NE_0001";"NE_0001";"NE_0001"
"2023";"09";"150103";"LIMA";"LIMA";"ATE";"SANIDAD DE LA POLICIA NACIONAL DEL PERU";"I-3";"00012275";"POLICLINICO PNP DINOES";"NE_0001";"";"NE_0001";"NE_0001";"NE_0001";"NE_0001";"NE_0001";"NE_0001";"NE_0001"
"2023";"09";"200104";"PIURA";"PIURA";"CASTILLA";"SANIDAD DE LA POLICIA NACIONAL DEL PERU";"I-3";"00010679";"POLICLINICO PNP ""ALMIRANTE MIGUEL GRAU""";"NE_0002";"";"NE_0002";"NE_0002";"NE_0002";"NE_0002";"NE_0002";"NE_0002";"NE_0002"
"2023";"08";"150140";"LIMA";"LIMA";"SANTIAGO DE SURCO";"PRIVADO";"II-E";"00020674";"SAN MARTIN PLASTICA & ESTETICA";"NE_0002";"";"NE_0002";"NE_0002";"NE_0002";"NE_0002";"NE_0002";"NE_0002";"NE_0002"
"2023";"09";"200601";"PIURA";"SULLANA";"SULLANA";"SANIDAD DE LA POLICIA NACIONAL DEL PERU";"I-2";"00010688";"POSTA  MEDICA  POLICIAL  SULLANA";"NE_0001";"";"NE_0001";"NE_0001";"NE_0001";"NE_0001";"NE_0001";"NE_0001";"NE_0001"
"2023";"09";"150107";"LIMA";"LIMA";"CHACLACAYO";"SANIDAD DE LA POLICIA NACIONAL DEL PERU";"I-2";"00011227";"POSTA MEDICA POLICIAL CHACLACAYO";"NE_0001";"";"NE_0001";"NE_0001";"NE_0001";"NE_0001";"NE_0001";"NE_0001";"NE_0001"
"2023";"09";"160113";"LORETO";"MAYNAS";"SAN JUAN BAUTISTA";"SANIDAD DE LA POLICIA NACIONAL DEL PERU";"I-3";"00011369";"POLICLINICO POLICIAL IQUITOS";"NE_0001";"";"NE_0001";"NE_0001";"NE_0001";"NE_0001";"NE_0001";"NE_0001";"NE_0001"
"2023";"09";"050401";"AYACUCHO";"HUANTA";"HUANTA";"SANIDAD DE LA POLICIA NACIONAL DEL PERU";"I-2";"00011437";"POSTA MEDICA PNP HUANTA";"NE_0001";"";"NE_0001";"NE_0001";"NE_0001";"NE_0001";"NE_0001";"NE_0001";"NE_0001"
"2023";"09";"120301";"JUNIN";"CHANCHAMAYO";"CHANCHAMAYO";"SANIDAD DE LA POLICIA NACIONAL DEL PERU";"I-2";"00011913";"POSTA MEDICA POLICIAL LA MERCED";"NE_0001";"";"NE_0001";"NE_0001";"NE_0001";"NE_0001";"NE_0001";"NE_0001";"NE_0001"
"2023";"09";"070101";"CALLAO";"CALLAO";"CALLAO";"SANIDAD DE LA POLICIA NACIONAL DEL PERU";"I-2";"00010610";"POSTA MEDICA POLICIAL SEDE DIRAVPOL";"NE_0001";"";"NE_0001";"NE_0001";"NE_0001";"NE_0001";"NE_0001";"NE_0001";"NE_0001"
"2023";"09";"050202";"AYACUCHO";"CANGALLO";"CHUSCHI";"GOBIERNO REGIONAL";"I-1";"00003593";"PUESTO DE SALUD PUNKUPATA";"NE_0002";"";"NE_0002";"NE_0002";"NE_0002";"NE_0002";"NE_0002";"NE_0002";"NE_0002"
"2023";"09";"050202";"AYACUCHO";"CANGALLO";"CHUSCHI";"GOBIERNO REGIONAL";"I-2";"00003592";"PUESTO DE SALUD CATALINAYOC";"NE_0002";"";"NE_0002";"NE_0002";"NE_0002";"NE_0002";"NE_0002";"NE_0002";"NE_0002"
"2023";"09";"050114";"AYACUCHO";"HUAMANGA";"VINCHOS";"GOBIERNO REGIONAL";"I-3";"00003590";"CENTRO DE  SALUD PUTACCA";"NE_0002";"";"NE_0002";"NE_0002";"NE_0002";"NE_0002";"NE_0002";"NE_0002";"NE_0002"
"2023";"09";"050114";"AYACUCHO";"HUAMANGA";"VINCHOS";"GOBIERNO REGIONAL";"I-1";"00003591";"ROSASPATA";"NE_0002";"";"NE_0002";"NE_0002";"NE_0002";"NE_0002";"NE_0002";"NE_0002";"NE_0002"
"2023";"09";"050202";"AYACUCHO";"CANGALLO";"CHUSCHI";"GOBIERNO REGIONAL";"I-1";"00006753";"PUESTO DE SALUD CUCHUQUESERA";"NE_0002";"";"NE_0002";"NE_0002";"NE_0002";"NE_0002";"NE_0002";"NE_0002";"NE_0002"
"2023";"09";"050114";"AYACUCHO";"HUAMANGA";"VINCHOS";"GOBIERNO REGIONAL";"I-1";"00003589";"PUESTO DE SALUD MILLPO";"NE_0002";"";"NE_0002";"NE_0002";"NE_0002";"NE_0002";"NE_0002";"NE_0002";"NE_0002"
"2023";"09";"150133";"LIMA";"LIMA";"SAN JUAN DE MIRAFLORES";"PRIVADO";"II-E";"00027478";"CLINICA BUENAVENTURA";"240100";"HOSPITALIZACIÓN QUIRÚRGICA CIRUGÍA GENERAL ";"4";"4";"4";"7";"4";"120";"0"
"2023";"09";"150133";"LIMA";"LIMA";"SAN JUAN DE MIRAFLORES";"PRIVADO";"II-E";"00027478";"CLINICA BUENAVENTURA";"241200";"HOSPITALIZACIÓN QUIRÚRGICA TRAUMATOLOGÍA Y ORTOPEDIA ";"1";"1";"1";"3";"1";"30";"0"
"2023";"09";"150133";"LIMA";"LIMA";"SAN JUAN DE MIRAFLORES";"PRIVADO";"II-E";"00027478";"CLINICA BUENAVENTURA";"240801";"HOSPITALIZACIÓN QUIRÚRGICA CIRUGÍA PLÁSTICA/RECONSTRUCTIVA/ REPARADORA QUEMADOS";"1";"1";"1";"2";"1";"30";"0"
"2023";"09";"150133";"LIMA";"LIMA";"SAN JUAN DE MIRAFLORES";"PRIVADO";"II-E";"00027478";"CLINICA BUENAVENTURA";"241900";"HOSPITALIZACIÓN DE MEDICINA MEDICINA INTERNA ";"2";"2";"2";"12";"7";"210";"0"
"2023";"09";"150133";"LIMA";"LIMA";"SAN JUAN DE MIRAFLORES";"PRIVADO";"II-E";"00027478";"CLINICA BUENAVENTURA";"250200";"UNIDAD DE CUIDADOS CRITICOS UNIDAD DE CUIDADOS INTERMEDIOS GENERAL  (UCIN) ";"1";"0";"1";"4";"3";"90";"0"
"2023";"09";"210101";"PUNO";"PUNO";"PUNO";"ESSALUD";"I-3";"00009217";"CENTRO DE ATENCION PRIMARIA III METROPOLITANO DE PUNO";"NE_0001";"";"NE_0001";"NE_0001";"NE_0001";"NE_0001";"NE_0001";"NE_0001";"NE_0001"
"2023";"09";"070101";"CALLAO";"CALLAO";"CALLAO";"PRIVADO";"II-2";"00018319";"HOSPITAL ALBERTO LEONARDO BARTON THOMPSON";"240100";"HOSPITALIZACIÓN QUIRÚRGICA CIRUGÍA GENERAL ";"24";"166";"695";"739";"26";"806";"0"
"2023";"09";"070101";"CALLAO";"CALLAO";"CALLAO";"PRIVADO";"II-2";"00018319";"HOSPITAL ALBERTO LEONARDO BARTON THOMPSON";"241500";"HOSPITALIZACIÓN QUIRÚRGICA GINECOLOGÍA  ";"78";"229";"857";"815";"30";"930";"3"
"2023";"09";"070101";"CALLAO";"CALLAO";"CALLAO";"PRIVADO";"II-2";"00018319";"HOSPITAL ALBERTO LEONARDO BARTON THOMPSON";"241800";"HOSPITALIZACIÓN DE MEDICINA MEDICINA GENERAL ";"223";"242";"2779";"2307";"78";"2418";"45"
"2023";"09";"070101";"CALLAO";"CALLAO";"CALLAO";"PRIVADO";"II-2";"00018319";"HOSPITAL ALBERTO LEONARDO BARTON THOMPSON";"242300";"HOSPITALIZACIÓN DE PEDIATRÍA  PEDIATRÍA  GENERAL ";"103";"162";"513";"525";"33";"1023";"0"
"2023";"09";"070101";"CALLAO";"CALLAO";"CALLAO";"PRIVADO";"II-2";"00018319";"HOSPITAL ALBERTO LEONARDO BARTON THOMPSON";"250100";"UNIDAD DE CUIDADOS CRITICOS UNIDAD  DE CUIDADOS INTENSIVOS GENERALES (UCI) ";"15";"10";"154";"343";"17";"527";"8"
"2023";"09";"070101";"CALLAO";"CALLAO";"CALLAO";"PRIVADO";"II-2";"00018319";"HOSPITAL ALBERTO LEONARDO BARTON THOMPSON";"250200";"UNIDAD DE CUIDADOS CRITICOS UNIDAD DE CUIDADOS INTERMEDIOS GENERAL  (UCIN) ";"20";"11";"119";"341";"25";"775";"0"
"2023";"09";"150143";"LIMA";"LIMA";"VILLA MARIA DEL TRIUNFO";"PRIVADO";"II-2";"00018580";"GUILLERMO KAELIN DE LA FUENTE";"240100";"HOSPITALIZACIÓN QUIRÚRGICA CIRUGÍA GENERAL ";"102";"199";"1340";"1077";"37";"1110";"3"
"2023";"09";"150143";"LIMA";"LIMA";"VILLA MARIA DEL TRIUNFO";"PRIVADO";"II-2";"00018580";"GUILLERMO KAELIN DE LA FUENTE";"241500";"HOSPITALIZACIÓN QUIRÚRGICA GINECOLOGÍA  ";"131";"274";"1104";"1054";"46";"1380";"6"
"2023";"09";"150143";"LIMA";"LIMA";"VILLA MARIA DEL TRIUNFO";"PRIVADO";"II-2";"00018580";"GUILLERMO KAELIN DE LA FUENTE";"241800";"HOSPITALIZACIÓN DE MEDICINA MEDICINA GENERAL ";"162";"175";"1549";"1489";"50";"1500";"14"
"2023";"09";"150143";"LIMA";"LIMA";"VILLA MARIA DEL TRIUNFO";"PRIVADO";"II-2";"00018580";"GUILLERMO KAELIN DE LA FUENTE";"242300";"HOSPITALIZACIÓN DE PEDIATRÍA  PEDIATRÍA  GENERAL ";"86";"95";"372";"378";"35";"1050";"0"
"2023";"09";"150143";"LIMA";"LIMA";"VILLA MARIA DEL TRIUNFO";"PRIVADO";"II-2";"00018580";"GUILLERMO KAELIN DE LA FUENTE";"250100";"UNIDAD DE CUIDADOS CRITICOS UNIDAD  DE CUIDADOS INTENSIVOS GENERALES (UCI) ";"19";"6";"7";"294";"18";"540";"1"
"2023";"09";"150143";"LIMA";"LIMA";"VILLA MARIA DEL TRIUNFO";"PRIVADO";"II-2";"00018580";"GUILLERMO KAELIN DE LA FUENTE";"250200";"UNIDAD DE CUIDADOS CRITICOS UNIDAD DE CUIDADOS INTERMEDIOS GENERAL  (UCIN) ";"12";"17";"69";"182";"20";"600";"0"
"2023";"09";"150130";"LIMA";"LIMA";"SAN BORJA";"PRIVADO";"II-E";"00015143";"CLINICA ASTOCONDOR";"240800";"HOSPITALIZACIÓN QUIRÚRGICA CIRUGÍA PLÁSTICA/RECONSTRUCTIVA/ REPARADORA ";"3";"3";"3";"3";"3";"45";"0"
"2023";"09";"130101";"LA LIBERTAD";"TRUJILLO";"TRUJILLO";"PRIVADO";"II-E";"00025536";"OFTALMONORTE";"NE_0001";"";"NE_0001";"NE_0001";"NE_0001";"NE_0001";"NE_0001";"NE_0001";"NE_0001"
"2023";"09";"060601";"CAJAMARCA";"CUTERVO";"CUTERVO";"GOBIERNO REGIONAL";"I-3";"00004987";"SUMIDERO";"NE_0001";"";"NE_0001";"NE_0001";"NE_0001";"NE_0001";"NE_0001";"NE_0001";"NE_0001"
"2023";"09";"060601";"CAJAMARCA";"CUTERVO";"CUTERVO";"GOBIERNO REGIONAL";"I-1";"00006852";"LLIPA";"NE_0001";"";"NE_0001";"NE_0001";"NE_0001";"NE_0001";"NE_0001";"NE_0001";"NE_0001"
"2023";"09";"060601";"CAJAMARCA";"CUTERVO";"CUTERVO";"GOBIERNO REGIONAL";"I-1";"00006854";"CARAMARCA CHICA";"NE_0001";"";"NE_0001";"NE_0001";"NE_0001";"NE_0001";"NE_0001";"NE_0001";"NE_0001"
"2023";"09";"060601";"CAJAMARCA";"CUTERVO";"CUTERVO";"GOBIERNO REGIONAL";"I-3";"00006857";"NUEVO ORIENTE";"NE_0001";"";"NE_0001";"NE_0001";"NE_0001";"NE_0001";"NE_0001";"NE_0001";"NE_0001"
"2023";"09";"060601";"CAJAMARCA";"CUTERVO";"CUTERVO";"GOBIERNO REGIONAL";"I-1";"00006936";"CORRALES";"NE_0001";"";"NE_0001";"NE_0001";"NE_0001";"NE_0001";"NE_0001";"NE_0001";"NE_0001"
"2023";"09";"060601";"CAJAMARCA";"CUTERVO";"CUTERVO";"GOBIERNO REGIONAL";"I-1";"00007701";"EL VERDE";"NE_0001";"";"NE_0001";"NE_0001";"NE_0001";"NE_0001";"NE_0001";"NE_0001";"NE_0001"
"2023";"09";"060601";"CAJAMARCA";"CUTERVO";"CUTERVO";"GOBIERNO REGIONAL";"I-1";"00011066";"VISTA ALEGRE DE LA SOLA";"NE_0001";"";"NE_0001";"NE_0001";"NE_0001";"NE_0001";"NE_0001";"NE_0001";"NE_0001"
"2023";"09";"060601";"CAJAMARCA";"CUTERVO";"CUTERVO";"GOBIERNO REGIONAL";"I-1";"00004995";"PALMAS DE HUICHUD";"NE_0001";"";"NE_0001";"NE_0001";"NE_0001";"NE_0001";"NE_0001";"NE_0001";"NE_0001"
"2023";"09";"060601";"CAJAMARCA";"CUTERVO";"CUTERVO";"GOBIERNO REGIONAL";"I-1";"00006788";"YANGACHIS";"NE_0001";"";"NE_0001";"NE_0001";"NE_0001";"NE_0001";"NE_0001";"NE_0001";"NE_0001"
"2023";"09";"060601";"CAJAMARCA";"CUTERVO";"CUTERVO";"GOBIERNO REGIONAL";"I-1";"00004985";"REJOPAMPA";"NE_0001";"";"NE_0001";"NE_0001";"NE_0001";"NE_0001";"NE_0001";"NE_0001";"NE_0001"
"2023";"09";"060601";"CAJAMARCA";"CUTERVO";"CUTERVO";"GOBIERNO REGIONAL";"I-1";"00004986";"EL ARENAL DE CUTERVO";"NE_0001";"";"NE_0001";"NE_0001";"NE_0001";"NE_0001";"NE_0001";"NE_0001";"NE_0001"
"2023";"09";"060601";"CAJAMARCA";"CUTERVO";"CUTERVO";"GOBIERNO REGIONAL";"I-2";"00004989";"AMBULCO GRANDE";"NE_0001";"";"NE_0001";"NE_0001";"NE_0001";"NE_0001";"NE_0001";"NE_0001";"NE_0001"
"2023";"09";"060601";"CAJAMARCA";"CUTERVO";"CUTERVO";"GOBIERNO REGIONAL";"I-1";"00007748";"CULLANMAYO";"NE_0001";"";"NE_0001";"NE_0001";"NE_0001";"NE_0001";"NE_0001";"NE_0001";"NE_0001"
"2023";"09";"060601";"CAJAMARCA";"CUTERVO";"CUTERVO";"GOBIERNO REGIONAL";"I-1";"00004990";"YATUN";"NE_0001";"";"NE_0001";"NE_0001";"NE_0001";"NE_0001";"NE_0001";"NE_0001";"NE_0001"
"2023";"09";"060601";"CAJAMARCA";"CUTERVO";"CUTERVO";"GOBIERNO REGIONAL";"I-1";"00007697";"CHUGUR";"NE_0001";"";"NE_0001";"NE_0001";"NE_0001";"NE_0001";"NE_0001";"NE_0001";"NE_0001"
"2023";"09";"060601";"CAJAMARCA";"CUTERVO";"CUTERVO";"GOBIERNO REGIONAL";"I-1";"00006831";"LA SUCCHA DE CUTERVO";"NE_0001";"";"NE_0001";"NE_0001";"NE_0001";"NE_0001";"NE_0001";"NE_0001";"NE_0001"
"2023";"06";"200701";"PIURA";"TALARA";"PARIÑAS";"PRIVADO";"I-2";"00012359";"CENTRO OFTALMOLOGICO DE TALARA SRL";"NE_0001";"";"NE_0001";"NE_0001";"NE_0001";"NE_0001";"NE_0001";"NE_0001";"NE_0001"
"2023";"06";"180101";"MOQUEGUA";"MARISCAL NIETO";"MOQUEGUA";"ESSALUD";"II-1";"00016157";"HOSPITAL II MOQUEGUA";"241800";"HOSPITALIZACIÓN DE MEDICINA MEDICINA GENERAL ";"31";"30";"327";"254";"10";"300";"6"
"2023";"06";"180101";"MOQUEGUA";"MARISCAL NIETO";"MOQUEGUA";"ESSALUD";"II-1";"00016157";"HOSPITAL II MOQUEGUA";"240100";"HOSPITALIZACIÓN QUIRÚRGICA CIRUGÍA GENERAL ";"73";"72";"424";"386";"18";"540";"0"
"2023";"06";"180101";"MOQUEGUA";"MARISCAL NIETO";"MOQUEGUA";"ESSALUD";"II-1";"00016157";"HOSPITAL II MOQUEGUA";"241500";"HOSPITALIZACIÓN QUIRÚRGICA GINECOLOGÍA  ";"10";"12";"42";"35";"2";"60";"0"
"2023";"06";"180101";"MOQUEGUA";"MARISCAL NIETO";"MOQUEGUA";"ESSALUD";"II-1";"00016157";"HOSPITAL II MOQUEGUA";"241600";"HOSPITALIZACIÓN QUIRÚRGICA OBSTETRICIA   ";"44";"48";"110";"102";"6";"180";"0"
"2023";"06";"180101";"MOQUEGUA";"MARISCAL NIETO";"MOQUEGUA";"ESSALUD";"II-1";"00016157";"HOSPITAL II MOQUEGUA";"242300";"HOSPITALIZACIÓN DE PEDIATRÍA  PEDIATRÍA  GENERAL ";"45";"45";"133";"143";"5";"150";"0"
"2023";"06";"180101";"MOQUEGUA";"MARISCAL NIETO";"MOQUEGUA";"ESSALUD";"II-1";"00016157";"HOSPITAL II MOQUEGUA";"250304";"HOSPIT. EN UNIDAD DE CUID.INTEN.-UNIDAD DE VIGILANCIA INTENSIVA (UVI)-MEDICINA";"2";"1";"74";"83";"4";"120";"0"
"2023";"06";"040104";"AREQUIPA";"AREQUIPA";"CERRO COLORADO";"GOBIERNO REGIONAL";"I-4";"00001237";"CENTRO DE SALUD MARITZA CAMPOS DIAZ - ZAMACOLA";"241600";"HOSPITALIZACIÓN QUIRÚRGICA OBSTETRICIA   ";"58";"58";"78";"1";"14";"98";"0"
"2023";"06";"040104";"AREQUIPA";"AREQUIPA";"CERRO COLORADO";"GOBIERNO REGIONAL";"I-3";"00011023";"PUESTO DE SALUD PERUARBO";"NE_0001";"";"NE_0001";"NE_0001";"NE_0001";"NE_0001";"NE_0001";"NE_0001";"NE_0001"
"2023";"06";"040104";"AREQUIPA";"AREQUIPA";"CERRO COLORADO";"GOBIERNO REGIONAL";"I-2";"00001251";"PUESTO DE SALUD NAZARENO";"NE_0001";"";"NE_0001";"NE_0001";"NE_0001";"NE_0001";"NE_0001";"NE_0001";"NE_0001"
"2023";"06";"040104";"AREQUIPA";"AREQUIPA";"CERRO COLORADO";"GOBIERNO REGIONAL";"I-3";"00001247";"CENTRO DE SALUD CIUDAD MUNICIPAL";"NE_0001";"";"NE_0001";"NE_0001";"NE_0001";"NE_0001";"NE_0001";"NE_0001";"NE_0001"
"2023";"06";"220101";"SAN MARTIN";"MOYOBAMBA";"MOYOBAMBA";"GOBIERNO REGIONAL";"I-2";"00006282";"LA CONQUISTA";"NE_0001";"";"NE_0001";"NE_0001";"NE_0001";"NE_0001";"NE_0001";"NE_0001";"NE_0001"
"2023";"06";"220809";"SAN MARTIN";"RIOJA";"YURACYACU";"GOBIERNO REGIONAL";"I-3";"00006281";"YURACYACU";"NE_0002";"";"NE_0002";"NE_0002";"NE_0002";"NE_0002";"NE_0002";"NE_0002";"NE_0002"
"2023";"06";"080101";"CUSCO";"CUSCO";"CUSCO";"GOBIERNO REGIONAL";"III-1";"00002289";"HOSPITAL DE APOYO DEPARTAMENTAL CUSCO";"240900";"HOSPITALIZACIÓN QUIRÚRGICA NEUROCIRUGÍA ";"29";"25";"372";"418";"20";"600";"1"
"2023";"06";"080101";"CUSCO";"CUSCO";"CUSCO";"GOBIERNO REGIONAL";"III-1";"00002289";"HOSPITAL DE APOYO DEPARTAMENTAL CUSCO";"242100";"HOSPITALIZACIÓN DE MEDICINA ONCOLOGÍA MÉDICA ";"50";"49";"410";"405";"21";"630";"2"
"2023";"06";"080101";"CUSCO";"CUSCO";"CUSCO";"GOBIERNO REGIONAL";"III-1";"00002289";"HOSPITAL DE APOYO DEPARTAMENTAL CUSCO";"242300";"HOSPITALIZACIÓN DE PEDIATRÍA  PEDIATRÍA  GENERAL ";"96";"100";"668";"662";"30";"900";"0"
"2023";"06";"080101";"CUSCO";"CUSCO";"CUSCO";"GOBIERNO REGIONAL";"III-1";"00002289";"HOSPITAL DE APOYO DEPARTAMENTAL CUSCO";"243200";"HOSPITALIZACIÓN DE PEDIATRÍA PEDIATRIA NEONATOLOGÍA";"58";"52";"633";"681";"27";"810";"5"
"2023";"06";"080101";"CUSCO";"CUSCO";"CUSCO";"GOBIERNO REGIONAL";"III-1";"00002289";"HOSPITAL DE APOYO DEPARTAMENTAL CUSCO";"242204";"HOSPITALIZACIÓN DE MEDICINA PSIQUIATRÍA REHABILITACIÓN PSIQUIÁTRICA / REINSERCIÓN ";"13";"12";"220";"176";"7";"210";"0"
"2023";"06";"080101";"CUSCO";"CUSCO";"CUSCO";"GOBIERNO REGIONAL";"III-1";"00002289";"HOSPITAL DE APOYO DEPARTAMENTAL CUSCO";"241200";"HOSPITALIZACIÓN QUIRÚRGICA TRAUMATOLOGÍA Y ORTOPEDIA ";"44";"46";"652";"427";"30";"900";"0"
"2023";"06";"080101";"CUSCO";"CUSCO";"CUSCO";"GOBIERNO REGIONAL";"III-1";"00002289";"HOSPITAL DE APOYO DEPARTAMENTAL CUSCO";"240801";"HOSPITALIZACIÓN QUIRÚRGICA CIRUGÍA PLÁSTICA/RECONSTRUCTIVA/ REPARADORA QUEMADOS";"23";"22";"362";"234";"18";"540";"0"
"2023";"06";"080101";"CUSCO";"CUSCO";"CUSCO";"GOBIERNO REGIONAL";"III-1";"00002289";"HOSPITAL DE APOYO DEPARTAMENTAL CUSCO";"250100";"UNIDAD DE CUIDADOS CRITICOS UNIDAD  DE CUIDADOS INTENSIVOS GENERALES (UCI) ";"32";"32";"361";"315";"17";"510";"4"
"2023";"06";"150103";"LIMA";"LIMA";"ATE";"ESSALUD";"II-1";"00008353";"HOSPITAL II VITARTE - ESSALUD";"241800";"HOSPITALIZACIÓN DE MEDICINA MEDICINA GENERAL ";"83";"92";"777";"830";"30";"900";"3"
"2023";"06";"150103";"LIMA";"LIMA";"ATE";"ESSALUD";"II-1";"00008353";"HOSPITAL II VITARTE - ESSALUD";"240100";"HOSPITALIZACIÓN QUIRÚRGICA CIRUGÍA GENERAL ";"121";"121";"238";"320";"14";"420";"0"
"2023";"06";"150103";"LIMA";"LIMA";"ATE";"ESSALUD";"II-1";"00008353";"HOSPITAL II VITARTE - ESSALUD";"241300";"HOSPITALIZACIÓN QUIRÚRGICA UROLOGÍA  ";"16";"16";"73";"28";"1";"30";"0"
"2023";"06";"150103";"LIMA";"LIMA";"ATE";"ESSALUD";"II-1";"00008353";"HOSPITAL II VITARTE - ESSALUD";"241200";"HOSPITALIZACIÓN QUIRÚRGICA TRAUMATOLOGÍA Y ORTOPEDIA ";"73";"72";"242";"170";"6";"180";"0"
"2023";"06";"150103";"LIMA";"LIMA";"ATE";"ESSALUD";"II-1";"00008353";"HOSPITAL II VITARTE - ESSALUD";"241500";"HOSPITALIZACIÓN QUIRÚRGICA GINECOLOGÍA  ";"38";"33";"94";"120";"6";"180";"0"
"2023";"06";"150103";"LIMA";"LIMA";"ATE";"ESSALUD";"II-1";"00008353";"HOSPITAL II VITARTE - ESSALUD";"242300";"HOSPITALIZACIÓN DE PEDIATRÍA  PEDIATRÍA  GENERAL ";"75";"77";"220";"220";"9";"270";"0"
"2023";"06";"150103";"LIMA";"LIMA";"ATE";"ESSALUD";"II-1";"00008353";"HOSPITAL II VITARTE - ESSALUD";"250100";"UNIDAD DE CUIDADOS CRITICOS UNIDAD  DE CUIDADOS INTENSIVOS GENERALES (UCI) ";"9";"6";"59";"68";"3";"90";"5"
"2023";"06";"150103";"LIMA";"LIMA";"ATE";"ESSALUD";"II-1";"00008353";"HOSPITAL II VITARTE - ESSALUD";"250101";"UNIDAD DE CUIDADOS CRITICOS UNIDAD  DE CUIDADOS INTENSIVOS GENERALES (UCI) CARDIOLOGIA";"7";"4";"24";"77";"3";"90";"0"
"2023";"06";"030201";"APURIMAC";"ANDAHUAYLAS";"ANDAHUAYLAS";"ESSALUD";"II-1";"00011214";"HOSPITAL I SANTA MARGARITA";"241800";"HOSPITALIZACIÓN DE MEDICINA MEDICINA GENERAL ";"22";"18";"113";"109";"6";"119";"0"
"2023";"06";"030201";"APURIMAC";"ANDAHUAYLAS";"ANDAHUAYLAS";"ESSALUD";"II-1";"00011214";"HOSPITAL I SANTA MARGARITA";"240100";"HOSPITALIZACIÓN QUIRÚRGICA CIRUGÍA GENERAL ";"34";"31";"219";"179";"4";"179";"0"
"2023";"06";"030201";"APURIMAC";"ANDAHUAYLAS";"ANDAHUAYLAS";"ESSALUD";"II-1";"00011214";"HOSPITAL I SANTA MARGARITA";"241400";"HOSPITALIZACIÓN QUIRÚRGICA GINECO - OBSTETRICIA ";"6";"6";"32";"32";"1";"32";"0"
"2023";"06";"030201";"APURIMAC";"ANDAHUAYLAS";"ANDAHUAYLAS";"ESSALUD";"II-1";"00011214";"HOSPITAL I SANTA MARGARITA";"241600";"HOSPITALIZACIÓN QUIRÚRGICA OBSTETRICIA   ";"34";"32";"89";"85";"3";"90";"0"
"2023";"06";"030201";"APURIMAC";"ANDAHUAYLAS";"ANDAHUAYLAS";"ESSALUD";"II-1";"00011214";"HOSPITAL I SANTA MARGARITA";"242300";"HOSPITALIZACIÓN DE PEDIATRÍA  PEDIATRÍA  GENERAL ";"6";"5";"32";"26";"2";"60";"0"
"2023";"07";"150110";"LIMA";"LIMA";"COMAS";"PRIVADO";"II-E";"00030606";"VISANA CLINICA  ESPECIALIZADA OFTALMOLOGICA";"NE_0001";"";"NE_0001";"NE_0001";"NE_0001";"NE_0001";"NE_0001";"NE_0001";"NE_0001"
"2023";"07";"150140";"LIMA";"LIMA";"SANTIAGO DE SURCO";"PRIVADO";"II-2";"00015118";"CLINICA MAISON DE SANTE DEL ESTE";"240000";"HOSPITALIZACIÓN";"150";"152";"920";"739";"35";"1085";"1"
"2023";"07";"150140";"LIMA";"LIMA";"SANTIAGO DE SURCO";"PRIVADO";"II-2";"00015118";"CLINICA MAISON DE SANTE DEL ESTE";"241400";"HOSPITALIZACIÓN QUIRÚRGICA GINECO - OBSTETRICIA ";"24";"24";"44";"50";"4";"124";"0"
"2023";"07";"150140";"LIMA";"LIMA";"SANTIAGO DE SURCO";"PRIVADO";"II-2";"00015118";"CLINICA MAISON DE SANTE DEL ESTE";"250100";"UNIDAD DE CUIDADOS CRITICOS UNIDAD  DE CUIDADOS INTENSIVOS GENERALES (UCI) ";"13";"15";"65";"55";"4";"124";"2"
"2023";"07";"150140";"LIMA";"LIMA";"SANTIAGO DE SURCO";"PRIVADO";"II-2";"00015118";"CLINICA MAISON DE SANTE DEL ESTE";"250105";"UNIDAD DE CUIDADOS CRITICOS UNIDAD  DE CUIDADOS INTENSIVOS  (UCI) NEONATOLOGÍA";"5";"4";"27";"58";"4";"124";"0"
"2023";"07";"080910";"CUSCO";"LA CONVENCION";"PICHARI";"SANIDAD DE LA POLICIA NACIONAL DEL PERU";"I-2";"00027230";"MEDICA POLICIAL PICHARI";"NE_0001";"";"NE_0001";"NE_0001";"NE_0001";"NE_0001";"NE_0001";"NE_0001";"NE_0001"
"2023";"01";"190301";"PASCO";"OXAPAMPA";"OXAPAMPA";"GOBIERNO REGIONAL";"II-1";"00000980";"ERNESTO GERMAN GUZMÁN GONZALES";"250103";"UNIDAD DE CUIDADOS CRITICOS UNIDAD  DE CUIDADOS INTENSIVOS GENERALES  (UCI) MEDICINA";"5";"5";"40";"40";"2";"62";"0"
"2023";"01";"190301";"PASCO";"OXAPAMPA";"OXAPAMPA";"GOBIERNO REGIONAL";"II-1";"00000980";"ERNESTO GERMAN GUZMÁN GONZALES";"241800";"HOSPITALIZACIÓN DE MEDICINA MEDICINA GENERAL ";"21";"21";"121";"121";"2";"122";"0"
"2023";"01";"190301";"PASCO";"OXAPAMPA";"OXAPAMPA";"GOBIERNO REGIONAL";"II-1";"00000980";"ERNESTO GERMAN GUZMÁN GONZALES";"240100";"HOSPITALIZACIÓN QUIRÚRGICA CIRUGÍA GENERAL ";"28";"28";"95";"95";"5";"155";"0"
"2023";"01";"190301";"PASCO";"OXAPAMPA";"OXAPAMPA";"GOBIERNO REGIONAL";"II-1";"00000980";"ERNESTO GERMAN GUZMÁN GONZALES";"241200";"HOSPITALIZACIÓN QUIRÚRGICA TRAUMATOLOGÍA Y ORTOPEDIA ";"9";"9";"39";"39";"1";"40";"0"
"2023";"01";"190301";"PASCO";"OXAPAMPA";"OXAPAMPA";"GOBIERNO REGIONAL";"II-1";"00000980";"ERNESTO GERMAN GUZMÁN GONZALES";"241400";"HOSPITALIZACIÓN QUIRÚRGICA GINECO - OBSTETRICIA ";"58";"58";"118";"118";"4";"186";"0"
"2023";"01";"190301";"PASCO";"OXAPAMPA";"OXAPAMPA";"GOBIERNO REGIONAL";"II-1";"00000980";"ERNESTO GERMAN GUZMÁN GONZALES";"242500";"HOSPITALIZACIÓN-PEDIATRÍA GENERAL-";"6";"6";"21";"21";"2";"62";"0"
"2023";"01";"190301";"PASCO";"OXAPAMPA";"OXAPAMPA";"GOBIERNO REGIONAL";"II-1";"00000980";"ERNESTO GERMAN GUZMÁN GONZALES";"243200";"HOSPITALIZACIÓN DE PEDIATRÍA PEDIATRIA NEONATOLOGÍA";"8";"8";"19";"19";"3";"93";"0"
"2023";"07";"220908";"SAN MARTIN";"SAN MARTIN";"JUAN GUERRA";"GOBIERNO REGIONAL";"I-1";"00006379";"YACUCATINA";"NE_0002";"";"NE_0002";"NE_0002";"NE_0002";"NE_0002";"NE_0002";"NE_0002";"NE_0002"
"2023";"07";"220914";"SAN MARTIN";"SAN MARTIN";"SHAPAJA";"GOBIERNO REGIONAL";"I-2";"00006375";"SHAPAJA";"NE_0002";"";"NE_0002";"NE_0002";"NE_0002";"NE_0002";"NE_0002";"NE_0002";"NE_0002"
"2023";"07";"220902";"SAN MARTIN";"SAN MARTIN";"ALBERTO LEVEAU";"GOBIERNO REGIONAL";"I-1";"00006383";"MACHUNGO";"NE_0002";"";"NE_0002";"NE_0002";"NE_0002";"NE_0002";"NE_0002";"NE_0002";"NE_0002"
"2023";"07";"220902";"SAN MARTIN";"SAN MARTIN";"ALBERTO LEVEAU";"GOBIERNO REGIONAL";"I-1";"00006382";"UTCURARCA";"NE_0002";"";"NE_0002";"NE_0002";"NE_0002";"NE_0002";"NE_0002";"NE_0002";"NE_0002"
"2023";"07";"220908";"SAN MARTIN";"SAN MARTIN";"JUAN GUERRA";"GOBIERNO REGIONAL";"I-3";"00006374";"JUAN GUERRA";"NE_0002";"";"NE_0002";"NE_0002";"NE_0002";"NE_0002";"NE_0002";"NE_0002";"NE_0002"
"2023";"07";"060806";"CAJAMARCA";"JAEN";"LAS PIRIAS";"GOBIERNO REGIONAL";"I-3";"00004245";"LAS PIRIAS DE JAEN";"NE_0001";"";"NE_0001";"NE_0001";"NE_0001";"NE_0001";"NE_0001";"NE_0001";"NE_0001"
"2023";"07";"060806";"CAJAMARCA";"JAEN";"LAS PIRIAS";"GOBIERNO REGIONAL";"I-1";"00004246";"RUMIBAMBA";"NE_0001";"";"NE_0001";"NE_0001";"NE_0001";"NE_0001";"NE_0001";"NE_0001";"NE_0001"
"2023";"07";"120606";"JUNIN";"SATIPO";"PANGOA";"GOBIERNO REGIONAL";"I-1";"00000450";"ALTO KIATARI";"NE_0001";"";"NE_0001";"NE_0001";"NE_0001";"NE_0001";"NE_0001";"NE_0001";"NE_0001"
"2023";"07";"120606";"JUNIN";"SATIPO";"PANGOA";"GOBIERNO REGIONAL";"I-1";"00000453";"UNION CHAVINI";"NE_0001";"";"NE_0001";"NE_0001";"NE_0001";"NE_0001";"NE_0001";"NE_0001";"NE_0001"
"2023";"07";"120606";"JUNIN";"SATIPO";"PANGOA";"GOBIERNO REGIONAL";"I-1";"00000440";"SAN JOSE DE MIRAFLORES";"NE_0001";"";"NE_0001";"NE_0001";"NE_0001";"NE_0001";"NE_0001";"NE_0001";"NE_0001"
"2023";"07";"120606";"JUNIN";"SATIPO";"PANGOA";"GOBIERNO REGIONAL";"I-1";"00000458";"VILCABAMBA";"NE_0001";"";"NE_0001";"NE_0001";"NE_0001";"NE_0001";"NE_0001";"NE_0001";"NE_0001"
"2023";"07";"110201";"ICA";"CHINCHA";"CHINCHA ALTA";"PRIVADO";"II-1";"00018704";"FAMISALUD";"241500";"HOSPITALIZACIÓN QUIRÚRGICA GINECOLOGÍA  ";"2";"2";"2";"7";"2";"60";"0"
"2023";"07";"110201";"ICA";"CHINCHA";"CHINCHA ALTA";"PRIVADO";"II-1";"00018704";"FAMISALUD";"241200";"HOSPITALIZACIÓN QUIRÚRGICA TRAUMATOLOGÍA Y ORTOPEDIA ";"1";"1";"1";"7";"1";"30";"0"
"2023";"07";"110201";"ICA";"CHINCHA";"CHINCHA ALTA";"PRIVADO";"II-1";"00018704";"FAMISALUD";"240100";"HOSPITALIZACIÓN QUIRÚRGICA CIRUGÍA GENERAL ";"4";"4";"4";"7";"4";"120";"0"
"2023";"03";"190301";"PASCO";"OXAPAMPA";"OXAPAMPA";"GOBIERNO REGIONAL";"II-1";"00000980";"ERNESTO GERMAN GUZMÁN GONZALES";"250103";"UNIDAD DE CUIDADOS CRITICOS UNIDAD  DE CUIDADOS INTENSIVOS GENERALES  (UCI) MEDICINA";"9";"9";"70";"70";"2";"72";"2"
"2023";"03";"190301";"PASCO";"OXAPAMPA";"OXAPAMPA";"GOBIERNO REGIONAL";"II-1";"00000980";"ERNESTO GERMAN GUZMÁN GONZALES";"241800";"HOSPITALIZACIÓN DE MEDICINA MEDICINA GENERAL ";"18";"18";"132";"132";"2";"142";"1"
"2023";"03";"190301";"PASCO";"OXAPAMPA";"OXAPAMPA";"GOBIERNO REGIONAL";"II-1";"00000980";"ERNESTO GERMAN GUZMÁN GONZALES";"241900";"HOSPITALIZACIÓN DE MEDICINA MEDICINA INTERNA ";"1";"1";"57";"57";"1";"62";"0"
"2023";"03";"190301";"PASCO";"OXAPAMPA";"OXAPAMPA";"GOBIERNO REGIONAL";"II-1";"00000980";"ERNESTO GERMAN GUZMÁN GONZALES";"240100";"HOSPITALIZACIÓN QUIRÚRGICA CIRUGÍA GENERAL ";"26";"26";"95";"95";"5";"155";"0"
"2023";"03";"190301";"PASCO";"OXAPAMPA";"OXAPAMPA";"GOBIERNO REGIONAL";"II-1";"00000980";"ERNESTO GERMAN GUZMÁN GONZALES";"241200";"HOSPITALIZACIÓN QUIRÚRGICA TRAUMATOLOGÍA Y ORTOPEDIA ";"7";"7";"40";"40";"1";"51";"0"
"2023";"03";"190301";"PASCO";"OXAPAMPA";"OXAPAMPA";"GOBIERNO REGIONAL";"II-1";"00000980";"ERNESTO GERMAN GUZMÁN GONZALES";"241400";"HOSPITALIZACIÓN QUIRÚRGICA GINECO - OBSTETRICIA ";"53";"53";"114";"114";"4";"186";"0"
"2023";"03";"190301";"PASCO";"OXAPAMPA";"OXAPAMPA";"GOBIERNO REGIONAL";"II-1";"00000980";"ERNESTO GERMAN GUZMÁN GONZALES";"242500";"HOSPITALIZACIÓN-PEDIATRÍA GENERAL-";"12";"12";"29";"29";"2";"62";"0"
"2023";"03";"190301";"PASCO";"OXAPAMPA";"OXAPAMPA";"GOBIERNO REGIONAL";"II-1";"00000980";"ERNESTO GERMAN GUZMÁN GONZALES";"243200";"HOSPITALIZACIÓN DE PEDIATRÍA PEDIATRIA NEONATOLOGÍA";"4";"4";"10";"10";"3";"93";"0"
"2023";"08";"150140";"LIMA";"LIMA";"SANTIAGO DE SURCO";"PRIVADO";"I-2";"00010498";"ILA";"NE_0002";"";"NE_0002";"NE_0002";"NE_0002";"NE_0002";"NE_0002";"NE_0002";"NE_0002"
"2023";"08";"150133";"LIMA";"LIMA";"SAN JUAN DE MIRAFLORES";"SANIDAD DEL EJERCITO DEL PERU";"I-3";"00010385";"CENTRO DE SALUD MILITAR ""SAN JUAN""";"NE_0001";"";"NE_0001";"NE_0001";"NE_0001";"NE_0001";"NE_0001";"NE_0001";"NE_0001"
"2023";"08";"080105";"CUSCO";"CUSCO";"SAN SEBASTIAN";"SANIDAD DE LA POLICIA NACIONAL DEL PERU";"I-3";"00011743";"POLICIAL ""SANTA ROSA""  CUSCO";"NE_0001";"";"NE_0001";"NE_0001";"NE_0001";"NE_0001";"NE_0001";"NE_0001";"NE_0001"
"2023";"08";"150108";"LIMA";"LIMA";"CHORRILLOS";"SANIDAD DE LA POLICIA NACIONAL DEL PERU";"I-3";"00018660";"POLICLINICO POLICIAL SEDE ESCUELA DE OFICIALES";"NE_0001";"";"NE_0001";"NE_0001";"NE_0001";"NE_0001";"NE_0001";"NE_0001";"NE_0001"
"2023";"08";"150122";"LIMA";"LIMA";"MIRAFLORES";"PRIVADO";"II-E";"00028941";"Instituto de Glaucoma y Catarata";"NE_0001";"";"NE_0001";"NE_0001";"NE_0001";"NE_0001";"NE_0001";"NE_0001";"NE_0001"
"2023";"08";"070104";"CALLAO";"CALLAO";"LA PERLA";"SANIDAD DE LA POLICIA NACIONAL DEL PERU";"I-3";"00010557";"POLICLINICO  POLICIAL CALLAO";"NE_0001";"";"NE_0001";"NE_0001";"NE_0001";"NE_0001";"NE_0001";"NE_0001";"NE_0001"
"2023";"08";"120201";"JUNIN";"CONCEPCION";"CONCEPCION";"ESSALUD";"I-3";"00008668";"CENTRO MEDICO CONCEPCION";"NE_0001";"";"NE_0001";"NE_0001";"NE_0001";"NE_0001";"NE_0001";"NE_0001";"NE_0001"
"2023";"08";"060701";"CAJAMARCA";"HUALGAYOC";"BAMBAMARCA";"GOBIERNO REGIONAL";"II-1";"00004782";"BAMBAMARCA - TITO VILLAR CABEZAS";"241400";"HOSPITALIZACIÓN QUIRÚRGICA GINECO - OBSTETRICIA ";"89";"92";"141";"152";"8";"248";"0"
"2023";"08";"060701";"CAJAMARCA";"HUALGAYOC";"BAMBAMARCA";"GOBIERNO REGIONAL";"II-1";"00004782";"BAMBAMARCA - TITO VILLAR CABEZAS";"241800";"HOSPITALIZACIÓN DE MEDICINA MEDICINA GENERAL ";"22";"23";"71";"82";"5";"155";"0"
"2023";"08";"060701";"CAJAMARCA";"HUALGAYOC";"BAMBAMARCA";"GOBIERNO REGIONAL";"II-1";"00004782";"BAMBAMARCA - TITO VILLAR CABEZAS";"240100";"HOSPITALIZACIÓN QUIRÚRGICA CIRUGÍA GENERAL ";"18";"19";"36";"22";"3";"93";"0"
"2023";"08";"060701";"CAJAMARCA";"HUALGAYOC";"BAMBAMARCA";"GOBIERNO REGIONAL";"II-1";"00004782";"BAMBAMARCA - TITO VILLAR CABEZAS";"242500";"HOSPITALIZACIÓN-PEDIATRÍA GENERAL-";"11";"11";"44";"42";"3";"93";"0"
"2023";"08";"060812";"CAJAMARCA";"JAEN";"SANTA ROSA";"GOBIERNO REGIONAL";"I-3";"00004262";"PUENTECILLOS";"NE_0001";"";"NE_0001";"NE_0001";"NE_0001";"NE_0001";"NE_0001";"NE_0001";"NE_0001"
"2023";"08";"150130";"LIMA";"LIMA";"SAN BORJA";"PRIVADO";"II-E";"00015934";"CENTRO DE CIRUGÍA ESTÉTICA LAS CONDES";"240800";"HOSPITALIZACIÓN QUIRÚRGICA CIRUGÍA PLÁSTICA/RECONSTRUCTIVA/ REPARADORA ";"151";"145";"254";"178";"9";"186";"0"
"2023";"08";"211201";"PUNO";"SANDIA";"SANDIA";"MINSA";"II-1";"00003335";"HOSPITAL SANDIA";"241400";"HOSPITALIZACIÓN QUIRÚRGICA GINECO - OBSTETRICIA ";"11";"11";"26";"26";"3";"93";"0"
"2023";"08";"211201";"PUNO";"SANDIA";"SANDIA";"MINSA";"II-1";"00003335";"HOSPITAL SANDIA";"241600";"HOSPITALIZACIÓN QUIRÚRGICA OBSTETRICIA   ";"12";"12";"22";"22";"4";"124";"0"
"2023";"08";"211201";"PUNO";"SANDIA";"SANDIA";"MINSA";"II-1";"00003335";"HOSPITAL SANDIA";"241800";"HOSPITALIZACIÓN DE MEDICINA MEDICINA GENERAL ";"20";"26";"103";"103";"6";"186";"0"
"2023";"08";"211201";"PUNO";"SANDIA";"SANDIA";"MINSA";"II-1";"00003335";"HOSPITAL SANDIA";"242500";"HOSPITALIZACIÓN-PEDIATRÍA GENERAL-";"5";"6";"23";"23";"4";"124";"0"
"2023";"08";"200601";"PIURA";"SULLANA";"SULLANA";"PRIVADO";"II-1";"00016148";"CLINICA OLGUIN";"240100";"HOSPITALIZACIÓN QUIRÚRGICA CIRUGÍA GENERAL ";"186";"206";"276";"254";"14";"434";"0"
"2023";"08";"200601";"PIURA";"SULLANA";"SULLANA";"PRIVADO";"II-1";"00016148";"CLINICA OLGUIN";"241400";"HOSPITALIZACIÓN QUIRÚRGICA GINECO - OBSTETRICIA ";"170";"178";"206";"180";"14";"434";"0"
"2023";"08";"230302";"TACNA";"JORGE BASADRE";"ILABAYA";"ESSALUD";"I-2";"00010191";"CENTRO DE ATENCION PRIMARIA I   ILABAYA";"NE_0001";"";"NE_0001";"NE_0001";"NE_0001";"NE_0001";"NE_0001";"NE_0001";"NE_0001"
"2023";"08";"160201";"LORETO";"ALTO AMAZONAS";"YURIMAGUAS";"GOBIERNO REGIONAL";"II-2";"00000210";"HOSPITAL II-2 SANTA GEMA DE YURIMAGUAS";"240100";"HOSPITALIZACIÓN QUIRÚRGICA CIRUGÍA GENERAL ";"54";"144";"363";"363";"14";"217";"0"
"2023";"08";"160201";"LORETO";"ALTO AMAZONAS";"YURIMAGUAS";"GOBIERNO REGIONAL";"II-2";"00000210";"HOSPITAL II-2 SANTA GEMA DE YURIMAGUAS";"241200";"HOSPITALIZACIÓN QUIRÚRGICA TRAUMATOLOGÍA Y ORTOPEDIA ";"14";"16";"103";"103";"7";"217";"0"
"2023";"08";"160201";"LORETO";"ALTO AMAZONAS";"YURIMAGUAS";"GOBIERNO REGIONAL";"II-2";"00000210";"HOSPITAL II-2 SANTA GEMA DE YURIMAGUAS";"241300";"HOSPITALIZACIÓN QUIRÚRGICA UROLOGÍA  ";"2";"2";"16";"16";"1";"31";"0"
"2023";"04";"150101";"LIMA";"LIMA";"LIMA";"SANIDAD DE LA POLICIA NACIONAL DEL PERU";"I-3";"00017391";"POLICLINICO COIP";"NE_0001";"";"NE_0001";"NE_0001";"NE_0001";"NE_0001";"NE_0001";"NE_0001";"NE_0001"
"2023";"04";"100108";"HUANUCO";"HUANUCO";"SAN PEDRO DE CHAULAN";"GOBIERNO REGIONAL";"I-1";"00000796";"SAN JOSE DE COZO TINGO";"NE_0001";"";"NE_0001";"NE_0001";"NE_0001";"NE_0001";"NE_0001";"NE_0001";"NE_0001"
"2023";"04";"100108";"HUANUCO";"HUANUCO";"SAN PEDRO DE CHAULAN";"GOBIERNO REGIONAL";"I-3";"00000794";"CHAULAN";"NE_0001";"";"NE_0001";"NE_0001";"NE_0001";"NE_0001";"NE_0001";"NE_0001";"NE_0001"
"2023";"04";"100108";"HUANUCO";"HUANUCO";"SAN PEDRO DE CHAULAN";"GOBIERNO REGIONAL";"I-2";"00000789";"SAN JUAN DE LIBERTAD";"NE_0001";"";"NE_0001";"NE_0001";"NE_0001";"NE_0001";"NE_0001";"NE_0001";"NE_0001"
"2023";"04";"150122";"LIMA";"LIMA";"MIRAFLORES";"PRIVADO";"0";"00023901";"INSTITUTO DE GAMMA KNIFE DEL PACIFICO SAC";"NE_0001";"";"NE_0001";"NE_0001";"NE_0001";"NE_0001";"NE_0001";"NE_0001";"NE_0001"
"2023";"04";"110101";"ICA";"ICA";"ICA";"PRIVADO";"II-E";"00009627";"SAN MARTIN";"NE_0002";"";"NE_0002";"NE_0002";"NE_0002";"NE_0002";"NE_0002";"NE_0002";"NE_0002"
"2023";"04";"040101";"AREQUIPA";"AREQUIPA";"AREQUIPA";"PRIVADO";"II-1";"00016744";"CLÍNICAS AUNA SEDE VALLESUR";"240000";"HOSPITALIZACIÓN";"234";"294";"845";"783";"40";"1200";"2"
"2023";"04";"040101";"AREQUIPA";"AREQUIPA";"AREQUIPA";"PRIVADO";"II-1";"00016744";"CLÍNICAS AUNA SEDE VALLESUR";"250100";"UNIDAD DE CUIDADOS CRITICOS UNIDAD  DE CUIDADOS INTENSIVOS GENERALES (UCI) ";"10";"0";"0";"55";"5";"150";"0"
"2023";"05";"070101";"CALLAO";"CALLAO";"CALLAO";"GOBIERNO REGIONAL";"I-2";"00006246";"PUESTO DE SALUD EL ÁLAMO";"NE_0001";"";"NE_0001";"NE_0001";"NE_0001";"NE_0001";"NE_0001";"NE_0001";"NE_0001"
"2023";"05";"021101";"ANCASH";"HUARMEY";"HUARMEY";"ESSALUD";"I-3";"00009059";"CENTRO MEDICO HUARMEY";"NE_0001";"";"NE_0001";"NE_0001";"NE_0001";"NE_0001";"NE_0001";"NE_0001";"NE_0001"
"2023";"05";"221005";"SAN MARTIN";"TOCACHE";"UCHIZA";"ESSALUD";"I-2";"00010702";"POSTA MEDICA SANTA LUCIA";"NE_0001";"";"NE_0001";"NE_0001";"NE_0001";"NE_0001";"NE_0001";"NE_0001";"NE_0001"
"2023";"05";"081204";"CUSCO";"QUISPICANCHI";"CCARHUAYO";"GOBIERNO REGIONAL";"I-2";"00002527";"CCARHUAYO";"NE_0002";"";"NE_0002";"NE_0002";"NE_0002";"NE_0002";"NE_0002";"NE_0002";"NE_0002"
"2023";"05";"081205";"CUSCO";"QUISPICANCHI";"CCATCA";"GOBIERNO REGIONAL";"I-2";"00002529";"KCAURY";"NE_0002";"";"NE_0002";"NE_0002";"NE_0002";"NE_0002";"NE_0002";"NE_0002";"NE_0002"
"2023";"05";"081210";"CUSCO";"QUISPICANCHI";"OCONGATE";"GOBIERNO REGIONAL";"I-2";"00006977";"TINKI";"NE_0002";"";"NE_0002";"NE_0002";"NE_0002";"NE_0002";"NE_0002";"NE_0002";"NE_0002"
"2023";"05";"081209";"CUSCO";"QUISPICANCHI";"MARCAPATA";"GOBIERNO REGIONAL";"I-1";"00007110";"INCACANCHA";"NE_0002";"";"NE_0002";"NE_0002";"NE_0002";"NE_0002";"NE_0002";"NE_0002";"NE_0002"
"2023";"05";"081205";"CUSCO";"QUISPICANCHI";"CCATCA";"GOBIERNO REGIONAL";"I-1";"00012931";"CHICHINA";"NE_0002";"";"NE_0002";"NE_0002";"NE_0002";"NE_0002";"NE_0002";"NE_0002";"NE_0002"
"2023";"05";"081205";"CUSCO";"QUISPICANCHI";"CCATCA";"GOBIERNO REGIONAL";"I-1";"00016335";"CCAPANA";"NE_0002";"";"NE_0002";"NE_0002";"NE_0002";"NE_0002";"NE_0002";"NE_0002";"NE_0002"
"2023";"05";"081205";"CUSCO";"QUISPICANCHI";"CCATCA";"GOBIERNO REGIONAL";"I-2";"00002524";"PAMPACAMARA";"NE_0002";"";"NE_0002";"NE_0002";"NE_0002";"NE_0002";"NE_0002";"NE_0002";"NE_0002"
"2023";"05";"081209";"CUSCO";"QUISPICANCHI";"MARCAPATA";"GOBIERNO REGIONAL";"I-2";"00002535";"MARCAPATA";"NE_0002";"";"NE_0002";"NE_0002";"NE_0002";"NE_0002";"NE_0002";"NE_0002";"NE_0002"
"2023";"05";"081203";"CUSCO";"QUISPICANCHI";"CAMANTI";"GOBIERNO REGIONAL";"I-3";"00002526";"QUINCE MIL";"NE_0002";"";"NE_0002";"NE_0002";"NE_0002";"NE_0002";"NE_0002";"NE_0002";"NE_0002"
"2023";"05";"081205";"CUSCO";"QUISPICANCHI";"CCATCA";"GOBIERNO REGIONAL";"I-4";"00002528";"CCATCCA";"NE_0002";"";"NE_0002";"NE_0002";"NE_0002";"NE_0002";"NE_0002";"NE_0002";"NE_0002"
"2023";"07";"060607";"CAJAMARCA";"CUTERVO";"QUEROCOTILLO";"GOBIERNO REGIONAL";"I-1";"00007101";"EL GUAYO";"NE_0001";"";"NE_0001";"NE_0001";"NE_0001";"NE_0001";"NE_0001";"NE_0001";"NE_0001"
"2023";"07";"060601";"CAJAMARCA";"CUTERVO";"CUTERVO";"GOBIERNO REGIONAL";"I-1";"00006851";"HUICHUD";"NE_0001";"";"NE_0001";"NE_0001";"NE_0001";"NE_0001";"NE_0001";"NE_0001";"NE_0001"
"2023";"07";"060601";"CAJAMARCA";"CUTERVO";"CUTERVO";"GOBIERNO REGIONAL";"I-1";"00007102";"SANICULLO ALTO";"NE_0001";"";"NE_0001";"NE_0001";"NE_0001";"NE_0001";"NE_0001";"NE_0001";"NE_0001"
"2023";"07";"060607";"CAJAMARCA";"CUTERVO";"QUEROCOTILLO";"GOBIERNO REGIONAL";"I-1";"00007746";"LAGUNAS";"NE_0001";"";"NE_0001";"NE_0001";"NE_0001";"NE_0001";"NE_0001";"NE_0001";"NE_0001"
"2023";"07";"060607";"CAJAMARCA";"CUTERVO";"QUEROCOTILLO";"GOBIERNO REGIONAL";"I-1";"00007747";"PAJURILLO";"NE_0001";"";"NE_0001";"NE_0001";"NE_0001";"NE_0001";"NE_0001";"NE_0001";"NE_0001"
"2023";"07";"060601";"CAJAMARCA";"CUTERVO";"CUTERVO";"GOBIERNO REGIONAL";"I-1";"00007752";"SANTA CLARA DE CAMSE";"NE_0001";"";"NE_0001";"NE_0001";"NE_0001";"NE_0001";"NE_0001";"NE_0001";"NE_0001"
"2023";"07";"060601";"CAJAMARCA";"CUTERVO";"CUTERVO";"GOBIERNO REGIONAL";"I-3";"00004992";"SINCHIMACHE";"NE_0001";"";"NE_0001";"NE_0001";"NE_0001";"NE_0001";"NE_0001";"NE_0001";"NE_0001"
"2023";"07";"060601";"CAJAMARCA";"CUTERVO";"CUTERVO";"GOBIERNO REGIONAL";"I-3";"00004993";"NARANJITO DE CAMSE";"NE_0001";"";"NE_0001";"NE_0001";"NE_0001";"NE_0001";"NE_0001";"NE_0001";"NE_0001"
"2023";"07";"060601";"CAJAMARCA";"CUTERVO";"CUTERVO";"GOBIERNO REGIONAL";"I-2";"00004994";"PAYAC";"NE_0001";"";"NE_0001";"NE_0001";"NE_0001";"NE_0001";"NE_0001";"NE_0001";"NE_0001"
"2023";"07";"060601";"CAJAMARCA";"CUTERVO";"CUTERVO";"GOBIERNO REGIONAL";"I-1";"00008922";"LA CASCARILLA";"NE_0001";"";"NE_0001";"NE_0001";"NE_0001";"NE_0001";"NE_0001";"NE_0001";"NE_0001"
"2023";"07";"060803";"CAJAMARCA";"JAEN";"CHONTALI";"GOBIERNO REGIONAL";"I-3";"00004232";"CHONTALI";"NE_0001";"";"NE_0001";"NE_0001";"NE_0001";"NE_0001";"NE_0001";"NE_0001";"NE_0001"
"2023";"07";"060803";"CAJAMARCA";"JAEN";"CHONTALI";"GOBIERNO REGIONAL";"I-1";"00004235";"TABACAL CHONTALI";"NE_0001";"";"NE_0001";"NE_0001";"NE_0001";"NE_0001";"NE_0001";"NE_0001";"NE_0001"
"2023";"07";"060803";"CAJAMARCA";"JAEN";"CHONTALI";"GOBIERNO REGIONAL";"I-2";"00004234";"HUALATAN";"NE_0001";"";"NE_0001";"NE_0001";"NE_0001";"NE_0001";"NE_0001";"NE_0001";"NE_0001"
"2023";"07";"060803";"CAJAMARCA";"JAEN";"CHONTALI";"GOBIERNO REGIONAL";"I-2";"00004233";"PACHAPIRIANA";"NE_0001";"";"NE_0001";"NE_0001";"NE_0001";"NE_0001";"NE_0001";"NE_0001";"NE_0001"
"2023";"08";"210101";"PUNO";"PUNO";"PUNO";"SANIDAD DE LA POLICIA NACIONAL DEL PERU";"I-3";"00010235";"UNIDAD EJECUTORA 020-1067 SANIDAD DE LA PNP";"NE_0001";"";"NE_0001";"NE_0001";"NE_0001";"NE_0001";"NE_0001";"NE_0001";"NE_0001"
"2023";"08";"150509";"LIMA";"CAÑETE";"MALA";"ESSALUD";"I-3";"00010569";"CENTRO MEDICO MALA";"NE_0001";"";"NE_0001";"NE_0001";"NE_0001";"NE_0001";"NE_0001";"NE_0001";"NE_0001"
"2023";"09";"040112";"AREQUIPA";"AREQUIPA";"PAUCARPATA";"PRIVADO";"II-E";"00016064";"CLINICA PAZ HOLANDESA";"240000";"HOSPITALIZACIÓN";"96";"107";"302";"106";"58";"1740";"0"
"2023";"09";"070102";"CALLAO";"CALLAO";"BELLAVISTA";"GOBIERNO REGIONAL";"I-2";"00030821";"CONSULTORIO OCUPACIONAL DE LA UNIDAD FUNCIONAL DE  SEGURIDAD Y SALUD EN EL TRABAJO - UFSST";"NE_0001";"";"NE_0001";"NE_0001";"NE_0001";"NE_0001";"NE_0001";"NE_0001";"NE_0001"
"2023";"09";"150130";"LIMA";"LIMA";"SAN BORJA";"PRIVADO";"II-E";"00015934";"CENTRO DE CIRUGÍA ESTÉTICA LAS CONDES";"240800";"HOSPITALIZACIÓN QUIRÚRGICA CIRUGÍA PLÁSTICA/RECONSTRUCTIVA/ REPARADORA ";"102";"102";"163";"128";"9";"180";"0"
"2023";"09";"050201";"AYACUCHO";"CANGALLO";"CANGALLO";"GOBIERNO REGIONAL";"I-1";"00003506";"PUESTO DE SALUD INCARACCAY";"NE_0001";"";"NE_0001";"NE_0001";"NE_0001";"NE_0001";"NE_0001";"NE_0001";"NE_0001"
"2023";"09";"050201";"AYACUCHO";"CANGALLO";"CANGALLO";"GOBIERNO REGIONAL";"I-1";"00006607";"PUESTO DE SALUD CHICHUCANCHA";"NE_0001";"";"NE_0001";"NE_0001";"NE_0001";"NE_0001";"NE_0001";"NE_0001";"NE_0001"
"2023";"09";"050203";"AYACUCHO";"CANGALLO";"LOS MOROCHUCOS";"GOBIERNO REGIONAL";"I-1";"00007302";"PUESTO DE SALUD SATICA";"NE_0001";"";"NE_0001";"NE_0001";"NE_0001";"NE_0001";"NE_0001";"NE_0001";"NE_0001"
"2023";"09";"050201";"AYACUCHO";"CANGALLO";"CANGALLO";"GOBIERNO REGIONAL";"I-1";"00003496";"PUESTO DE SALUD HUANCARUCMA";"NE_0001";"";"NE_0001";"NE_0001";"NE_0001";"NE_0001";"NE_0001";"NE_0001";"NE_0001"
"2023";"09";"050201";"AYACUCHO";"CANGALLO";"CANGALLO";"GOBIERNO REGIONAL";"I-1";"00003497";"PUESTO DE SALUD PUTICA";"NE_0001";"";"NE_0001";"NE_0001";"NE_0001";"NE_0001";"NE_0001";"NE_0001";"NE_0001"
"2023";"09";"131101";"LA LIBERTAD";"GRAN CHIMU";"CASCAS";"GOBIERNO REGIONAL";"II-1";"00005277";"HOSPITAL PROVINCIAL DE CASCAS";"241400";"HOSPITALIZACIÓN QUIRÚRGICA GINECO - OBSTETRICIA ";"2";"2";"10";"10";"8";"10";"0"
"2023";"09";"131101";"LA LIBERTAD";"GRAN CHIMU";"CASCAS";"GOBIERNO REGIONAL";"II-1";"00005277";"HOSPITAL PROVINCIAL DE CASCAS";"241600";"HOSPITALIZACIÓN QUIRÚRGICA OBSTETRICIA   ";"7";"7";"16";"4";"7";"9";"0"
"2023";"09";"131101";"LA LIBERTAD";"GRAN CHIMU";"CASCAS";"GOBIERNO REGIONAL";"II-1";"00005277";"HOSPITAL PROVINCIAL DE CASCAS";"241800";"HOSPITALIZACIÓN DE MEDICINA MEDICINA GENERAL ";"14";"14";"45";"15";"14";"16";"0"
"2023";"09";"220101";"SAN MARTIN";"MOYOBAMBA";"MOYOBAMBA";"GOBIERNO REGIONAL";"I-1";"00006316";"TAHUISHCO";"NE_0002";"";"NE_0002";"NE_0002";"NE_0002";"NE_0002";"NE_0002";"NE_0002";"NE_0002"
"2023";"09";"220101";"SAN MARTIN";"MOYOBAMBA";"MOYOBAMBA";"GOBIERNO REGIONAL";"I-1";"00006313";"MARONA";"NE_0002";"";"NE_0002";"NE_0002";"NE_0002";"NE_0002";"NE_0002";"NE_0002";"NE_0002"
"2023";"09";"220104";"SAN MARTIN";"MOYOBAMBA";"JEPELACIO";"GOBIERNO REGIONAL";"I-1";"00006317";"SAN MATEO";"NE_0002";"";"NE_0002";"NE_0002";"NE_0002";"NE_0002";"NE_0002";"NE_0002";"NE_0002"
"2023";"09";"220101";"SAN MARTIN";"MOYOBAMBA";"MOYOBAMBA";"GOBIERNO REGIONAL";"I-1";"00010110";"LA FLOR DE LA PRIMAVERA";"NE_0002";"";"NE_0002";"NE_0002";"NE_0002";"NE_0002";"NE_0002";"NE_0002";"NE_0002"
"2023";"09";"220101";"SAN MARTIN";"MOYOBAMBA";"MOYOBAMBA";"GOBIERNO REGIONAL";"I-1";"00006707";"CORDILLERA ANDINA";"NE_0002";"";"NE_0002";"NE_0002";"NE_0002";"NE_0002";"NE_0002";"NE_0002";"NE_0002"
"2023";"09";"220101";"SAN MARTIN";"MOYOBAMBA";"MOYOBAMBA";"GOBIERNO REGIONAL";"I-2";"00031276";"LA PRIMAVERA";"NE_0002";"";"NE_0002";"NE_0002";"NE_0002";"NE_0002";"NE_0002";"NE_0002";"NE_0002"
"2023";"09";"220101";"SAN MARTIN";"MOYOBAMBA";"MOYOBAMBA";"GOBIERNO REGIONAL";"I-1";"00006314";"QUILLOALLPA";"NE_0002";"";"NE_0002";"NE_0002";"NE_0002";"NE_0002";"NE_0002";"NE_0002";"NE_0002"
"2023";"09";"220101";"SAN MARTIN";"MOYOBAMBA";"MOYOBAMBA";"GOBIERNO REGIONAL";"I-2";"00006315";"SUGLLAQUIRO";"NE_0002";"";"NE_0002";"NE_0002";"NE_0002";"NE_0002";"NE_0002";"NE_0002";"NE_0002"
"2023";"09";"220101";"SAN MARTIN";"MOYOBAMBA";"MOYOBAMBA";"GOBIERNO REGIONAL";"I-1";"00027097";"EL CONDOR";"NE_0002";"";"NE_0002";"NE_0002";"NE_0002";"NE_0002";"NE_0002";"NE_0002";"NE_0002"
"2023";"09";"150133";"LIMA";"LIMA";"SAN JUAN DE MIRAFLORES";"SANIDAD DEL EJERCITO DEL PERU";"I-3";"00010385";"CENTRO DE SALUD MILITAR ""SAN JUAN""";"NE_0001";"";"NE_0001";"NE_0001";"NE_0001";"NE_0001";"NE_0001";"NE_0001";"NE_0001"
"2023";"09";"030201";"APURIMAC";"ANDAHUAYLAS";"ANDAHUAYLAS";"GOBIERNO REGIONAL";"II-2";"00004131";"HOSPITAL SUBREGIONAL DE ANDAHUAYLAS";"240100";"HOSPITALIZACIÓN QUIRÚRGICA CIRUGÍA GENERAL ";"67";"63";"347";"364";"12";"369";"0"
"2023";"09";"030201";"APURIMAC";"ANDAHUAYLAS";"ANDAHUAYLAS";"GOBIERNO REGIONAL";"II-2";"00004131";"HOSPITAL SUBREGIONAL DE ANDAHUAYLAS";"240700";"HOSPITALIZACIÓN QUIRÚRGICA CIRUGÍA PEDIÁTRICA ";"10";"13";"50";"35";"4";"108";"0"
"2023";"09";"030201";"APURIMAC";"ANDAHUAYLAS";"ANDAHUAYLAS";"GOBIERNO REGIONAL";"II-2";"00004131";"HOSPITAL SUBREGIONAL DE ANDAHUAYLAS";"241200";"HOSPITALIZACIÓN QUIRÚRGICA TRAUMATOLOGÍA Y ORTOPEDIA ";"25";"23";"165";"187";"7";"201";"0"
"2023";"09";"030201";"APURIMAC";"ANDAHUAYLAS";"ANDAHUAYLAS";"GOBIERNO REGIONAL";"II-2";"00004131";"HOSPITAL SUBREGIONAL DE ANDAHUAYLAS";"241500";"HOSPITALIZACIÓN QUIRÚRGICA GINECOLOGÍA  ";"51";"45";"90";"89";"5";"132";"0"
"2023";"09";"030201";"APURIMAC";"ANDAHUAYLAS";"ANDAHUAYLAS";"GOBIERNO REGIONAL";"II-2";"00004131";"HOSPITAL SUBREGIONAL DE ANDAHUAYLAS";"241600";"HOSPITALIZACIÓN QUIRÚRGICA OBSTETRICIA   ";"155";"138";"316";"333";"18";"430";"0"
"2023";"09";"030201";"APURIMAC";"ANDAHUAYLAS";"ANDAHUAYLAS";"GOBIERNO REGIONAL";"II-2";"00004131";"HOSPITAL SUBREGIONAL DE ANDAHUAYLAS";"241800";"HOSPITALIZACIÓN DE MEDICINA MEDICINA GENERAL ";"61";"61";"490";"425";"18";"499";"9"
"2023";"09";"030201";"APURIMAC";"ANDAHUAYLAS";"ANDAHUAYLAS";"GOBIERNO REGIONAL";"II-2";"00004131";"HOSPITAL SUBREGIONAL DE ANDAHUAYLAS";"242200";"HOSPITALIZACIÓN DE MEDICINA PSIQUIATRÍA ";"6";"4";"59";"112";"4";"117";"0"
"2023";"09";"030201";"APURIMAC";"ANDAHUAYLAS";"ANDAHUAYLAS";"GOBIERNO REGIONAL";"II-2";"00004131";"HOSPITAL SUBREGIONAL DE ANDAHUAYLAS";"242500";"HOSPITALIZACIÓN-PEDIATRÍA GENERAL-";"29";"33";"171";"128";"6";"159";"0"
"2023";"09";"030201";"APURIMAC";"ANDAHUAYLAS";"ANDAHUAYLAS";"GOBIERNO REGIONAL";"II-2";"00004131";"HOSPITAL SUBREGIONAL DE ANDAHUAYLAS";"243200";"HOSPITALIZACIÓN DE PEDIATRÍA PEDIATRIA NEONATOLOGÍA";"48";"45";"283";"212";"10";"259";"0"
"2023";"09";"030201";"APURIMAC";"ANDAHUAYLAS";"ANDAHUAYLAS";"GOBIERNO REGIONAL";"II-2";"00004131";"HOSPITAL SUBREGIONAL DE ANDAHUAYLAS";"250103";"UNIDAD DE CUIDADOS CRITICOS UNIDAD  DE CUIDADOS INTENSIVOS GENERALES  (UCI) MEDICINA";"12";"10";"56";"62";"4";"111";"3"
"2023";"09";"030201";"APURIMAC";"ANDAHUAYLAS";"ANDAHUAYLAS";"GOBIERNO REGIONAL";"II-2";"00004131";"HOSPITAL SUBREGIONAL DE ANDAHUAYLAS";"250105";"UNIDAD DE CUIDADOS CRITICOS UNIDAD  DE CUIDADOS INTENSIVOS  (UCI) NEONATOLOGÍA";"15";"1";"2";"119";"3";"120";"1"
"2023";"09";"030201";"APURIMAC";"ANDAHUAYLAS";"ANDAHUAYLAS";"GOBIERNO REGIONAL";"II-2";"00004131";"HOSPITAL SUBREGIONAL DE ANDAHUAYLAS";"250108";"UNIDAD DE CUIDADOS CRITICOS UNIDAD  DE CUIDADOS INTENSIVOS  (UCI) PEDIÁTRICA";"6";"2";"13";"41";"2";"62";"0"
"2023";"09";"030201";"APURIMAC";"ANDAHUAYLAS";"ANDAHUAYLAS";"GOBIERNO REGIONAL";"II-2";"00004131";"HOSPITAL SUBREGIONAL DE ANDAHUAYLAS";"250200";"UNIDAD DE CUIDADOS CRITICOS UNIDAD DE CUIDADOS INTERMEDIOS GENERAL  (UCIN) ";"18";"7";"31";"81";"3";"99";"4"
"2023";"09";"040126";"AREQUIPA";"AREQUIPA";"YANAHUARA";"PRIVADO";"II-E";"00025732";"NOVA CLINICA QUIRURGICA";"240800";"HOSPITALIZACIÓN QUIRÚRGICA CIRUGÍA PLÁSTICA/RECONSTRUCTIVA/ REPARADORA ";"8";"8";"8";"8";"3";"62";"0"
"2023";"09";"170101";"MADRE DE DIOS";"TAMBOPATA";"TAMBOPATA";"SANIDAD DEL EJERCITO DEL PERU";"I-2";"00009323";"POSTA MEDICA DE LA 6ta BRIGADA DE FUERZAS ESPECIALES";"NE_0001";"";"NE_0001";"NE_0001";"NE_0001";"NE_0001";"NE_0001";"NE_0001";"NE_0001"
"2023";"09";"220101";"SAN MARTIN";"MOYOBAMBA";"MOYOBAMBA";"GOBIERNO REGIONAL";"I-2";"00006282";"LA CONQUISTA";"NE_0001";"";"NE_0001";"NE_0001";"NE_0001";"NE_0001";"NE_0001";"NE_0001";"NE_0001"
"2023";"09";"220809";"SAN MARTIN";"RIOJA";"YURACYACU";"GOBIERNO REGIONAL";"I-3";"00006281";"YURACYACU";"NE_0002";"";"NE_0002";"NE_0002";"NE_0002";"NE_0002";"NE_0002";"NE_0002";"NE_0002"
"2023";"09";"130101";"LA LIBERTAD";"TRUJILLO";"TRUJILLO";"PRIVADO";"II-E";"00016830";"CLINICA CAMINO REAL";"240000";"HOSPITALIZACIÓN";"0";"0";"0";"20";"6";"180";"0"
"2023";"09";"021601";"ANCASH";"POMABAMBA";"POMABAMBA";"GOBIERNO REGIONAL";"II-1";"00001765";"HOSPITAL DE APOYO DE POMABAMBA ""ANTONIO CALDAS DOMINGUEZ""";"240100";"HOSPITALIZACIÓN QUIRÚRGICA CIRUGÍA GENERAL ";"4";"4";"20";"20";"4";"120";"0"
"2023";"09";"021601";"ANCASH";"POMABAMBA";"POMABAMBA";"GOBIERNO REGIONAL";"II-1";"00001765";"HOSPITAL DE APOYO DE POMABAMBA ""ANTONIO CALDAS DOMINGUEZ""";"241500";"HOSPITALIZACIÓN QUIRÚRGICA GINECOLOGÍA  ";"16";"16";"23";"23";"2";"60";"0"
"2023";"09";"021601";"ANCASH";"POMABAMBA";"POMABAMBA";"GOBIERNO REGIONAL";"II-1";"00001765";"HOSPITAL DE APOYO DE POMABAMBA ""ANTONIO CALDAS DOMINGUEZ""";"241600";"HOSPITALIZACIÓN QUIRÚRGICA OBSTETRICIA   ";"38";"38";"66";"66";"3";"90";"0"
"2023";"09";"021601";"ANCASH";"POMABAMBA";"POMABAMBA";"GOBIERNO REGIONAL";"II-1";"00001765";"HOSPITAL DE APOYO DE POMABAMBA ""ANTONIO CALDAS DOMINGUEZ""";"241800";"HOSPITALIZACIÓN DE MEDICINA MEDICINA GENERAL ";"7";"7";"39";"39";"14";"420";"0"
"2023";"09";"021601";"ANCASH";"POMABAMBA";"POMABAMBA";"GOBIERNO REGIONAL";"II-1";"00001765";"HOSPITAL DE APOYO DE POMABAMBA ""ANTONIO CALDAS DOMINGUEZ""";"242500";"HOSPITALIZACIÓN-PEDIATRÍA GENERAL-";"11";"11";"74";"74";"7";"210";"0"
"2023";"09";"150108";"LIMA";"LIMA";"CHORRILLOS";"PRIVADO";"II-E";"00012220";"CLINICA REAL LOS LAURELES";"NE_0002";"";"NE_0002";"NE_0002";"NE_0002";"NE_0002";"NE_0002";"NE_0002";"NE_0002"
"2023";"03";"061204";"CAJAMARCA";"SAN PABLO";"TUMBADEN";"GOBIERNO REGIONAL";"I-1";"00004610";"EL REGALADO";"NE_0001";"";"NE_0001";"NE_0001";"NE_0001";"NE_0001";"NE_0001";"NE_0001";"NE_0001"
"2023";"03";"061202";"CAJAMARCA";"SAN PABLO";"SAN BERNARDINO";"GOBIERNO REGIONAL";"I-1";"00004539";"TUÑAD";"NE_0001";"";"NE_0001";"NE_0001";"NE_0001";"NE_0001";"NE_0001";"NE_0001";"NE_0001"
"2023";"03";"061203";"CAJAMARCA";"SAN PABLO";"SAN LUIS";"GOBIERNO REGIONAL";"I-1";"00004584";"PAMPA DE SAN LUIS";"NE_0001";"";"NE_0001";"NE_0001";"NE_0001";"NE_0001";"NE_0001";"NE_0001";"NE_0001"
"2023";"03";"061203";"CAJAMARCA";"SAN PABLO";"SAN LUIS";"GOBIERNO REGIONAL";"I-1";"00004585";"SAN LUIS BAJO - GRANDE";"NE_0001";"";"NE_0001";"NE_0001";"NE_0001";"NE_0001";"NE_0001";"NE_0001";"NE_0001"
"2023";"03";"061204";"CAJAMARCA";"SAN PABLO";"TUMBADEN";"GOBIERNO REGIONAL";"I-1";"00004582";"TUMBADEN ALTO";"NE_0001";"";"NE_0001";"NE_0001";"NE_0001";"NE_0001";"NE_0001";"NE_0001";"NE_0001"
"2023";"03";"061202";"CAJAMARCA";"SAN PABLO";"SAN BERNARDINO";"GOBIERNO REGIONAL";"I-2";"00004580";"SAN BERNARDINO";"NE_0001";"";"NE_0001";"NE_0001";"NE_0001";"NE_0001";"NE_0001";"NE_0001";"NE_0001"
"2023";"03";"061201";"CAJAMARCA";"SAN PABLO";"SAN PABLO";"GOBIERNO REGIONAL";"I-1";"00004586";"JANCOS";"NE_0001";"";"NE_0001";"NE_0001";"NE_0001";"NE_0001";"NE_0001";"NE_0001";"NE_0001"
"2023";"03";"061201";"CAJAMARCA";"SAN PABLO";"SAN PABLO";"GOBIERNO REGIONAL";"I-1";"00004611";"EL PATIÑO";"NE_0001";"";"NE_0001";"NE_0001";"NE_0001";"NE_0001";"NE_0001";"NE_0001";"NE_0001"
"2023";"03";"061204";"CAJAMARCA";"SAN PABLO";"TUMBADEN";"GOBIERNO REGIONAL";"I-2";"00004583";"TUMBADEN BAJO";"NE_0001";"";"NE_0001";"NE_0001";"NE_0001";"NE_0001";"NE_0001";"NE_0001";"NE_0001"
"2023";"03";"061201";"CAJAMARCA";"SAN PABLO";"SAN PABLO";"GOBIERNO REGIONAL";"I-2";"00004578";"CALLANCAS";"NE_0001";"";"NE_0001";"NE_0001";"NE_0001";"NE_0001";"NE_0001";"NE_0001";"NE_0001"
"2023";"03";"061201";"CAJAMARCA";"SAN PABLO";"SAN PABLO";"GOBIERNO REGIONAL";"I-4";"00004577";"SAN PABLO";"241800";"HOSPITALIZACIÓN DE MEDICINA MEDICINA GENERAL ";"5";"5";"13";"13";"3";"93";"0"
"2023";"03";"061201";"CAJAMARCA";"SAN PABLO";"SAN PABLO";"GOBIERNO REGIONAL";"I-4";"00004577";"SAN PABLO";"241600";"HOSPITALIZACIÓN QUIRÚRGICA OBSTETRICIA   ";"4";"4";"6";"7";"6";"186";"0"
"2023";"03";"061201";"CAJAMARCA";"SAN PABLO";"SAN PABLO";"GOBIERNO REGIONAL";"I-2";"00004581";"SANTA ROSA DE UNANCA";"NE_0001";"";"NE_0001";"NE_0001";"NE_0001";"NE_0001";"NE_0001";"NE_0001";"NE_0001"
"2023";"03";"061202";"CAJAMARCA";"SAN PABLO";"SAN BERNARDINO";"GOBIERNO REGIONAL";"I-1";"00004579";"POLAN";"NE_0001";"";"NE_0001";"NE_0001";"NE_0001";"NE_0001";"NE_0001";"NE_0001";"NE_0001"
"2023";"03";"150133";"LIMA";"LIMA";"SAN JUAN DE MIRAFLORES";"PRIVADO";"II-E";"00016794";"CLINICA DIVINO NIÑO JESUS - ORDEN DE MALTA";"240000";"HOSPITALIZACIÓN";"61";"58";"160";"415";"15";"465";"0"
"2023";"03";"110201";"ICA";"CHINCHA";"CHINCHA ALTA";"PRIVADO";"II-1";"00020979";"CLINICA DE LOS VASQUEZ S.A.C.";"240000";"HOSPITALIZACIÓN";"39";"37";"95";"39";"10";"310";"0"
"2023";"03";"150115";"LIMA";"LIMA";"LA VICTORIA";"MINSA";"III-E";"00006212";"HOSPITAL DE EMERGENCIAS PEDIATRICAS";"240700";"HOSPITALIZACIÓN QUIRÚRGICA CIRUGÍA PEDIÁTRICA ";"58";"51";"305";"288";"11";"341";"0"
"2023";"03";"150115";"LIMA";"LIMA";"LA VICTORIA";"MINSA";"III-E";"00006212";"HOSPITAL DE EMERGENCIAS PEDIATRICAS";"250105";"UNIDAD DE CUIDADOS CRITICOS UNIDAD  DE CUIDADOS INTENSIVOS  (UCI) NEONATOLOGÍA";"3";"3";"96";"110";"4";"124";"1"
"2023";"03";"150115";"LIMA";"LIMA";"LA VICTORIA";"MINSA";"III-E";"00006212";"HOSPITAL DE EMERGENCIAS PEDIATRICAS";"250108";"UNIDAD DE CUIDADOS CRITICOS UNIDAD  DE CUIDADOS INTENSIVOS  (UCI) PEDIÁTRICA";"16";"16";"70";"237";"8";"248";"1"
"2023";"03";"150115";"LIMA";"LIMA";"LA VICTORIA";"MINSA";"III-E";"00006212";"HOSPITAL DE EMERGENCIAS PEDIATRICAS";"240900";"HOSPITALIZACIÓN QUIRÚRGICA NEUROCIRUGÍA ";"15";"14";"63";"111";"5";"148";"0"
"2023";"03";"150115";"LIMA";"LIMA";"LA VICTORIA";"MINSA";"III-E";"00006212";"HOSPITAL DE EMERGENCIAS PEDIATRICAS";"241200";"HOSPITALIZACIÓN QUIRÚRGICA TRAUMATOLOGÍA Y ORTOPEDIA ";"35";"33";"134";"101";"5";"142";"0"
"2023";"03";"150115";"LIMA";"LIMA";"LA VICTORIA";"MINSA";"III-E";"00006212";"HOSPITAL DE EMERGENCIAS PEDIATRICAS";"242300";"HOSPITALIZACIÓN DE PEDIATRÍA  PEDIATRÍA  GENERAL ";"40";"34";"346";"398";"13";"408";"0"
"2023";"03";"150115";"LIMA";"LIMA";"LA VICTORIA";"MINSA";"III-E";"00006212";"HOSPITAL DE EMERGENCIAS PEDIATRICAS";"242500";"HOSPITALIZACIÓN-PEDIATRÍA GENERAL-";"34";"17";"104";"147";"5";"170";"0"
"2023";"03";"150130";"LIMA";"LIMA";"SAN BORJA";"PRIVADO";"II-E";"00011372";"FUTURO VISION";"NE_0001";"";"NE_0001";"NE_0001";"NE_0001";"NE_0001";"NE_0001";"NE_0001";"NE_0001"
"2023";"03";"150140";"LIMA";"LIMA";"SANTIAGO DE SURCO";"PRIVADO";"II-E";"00023741";"CLINICA OFTALMO VISSUM";"NE_0001";"";"NE_0001";"NE_0001";"NE_0001";"NE_0001";"NE_0001";"NE_0001";"NE_0001"
"2023";"03";"130101";"LA LIBERTAD";"TRUJILLO";"TRUJILLO";"GOBIERNO REGIONAL";"III-2";"00005197";"IRO JSU";"NE_0001";"";"NE_0001";"NE_0001";"NE_0001";"NE_0001";"NE_0001";"NE_0001";"NE_0001"
"2023";"03";"150101";"LIMA";"LIMA";"LIMA";"PRIVADO";"II-E";"00009483";"OCULASER SAC";"NE_0001";"";"NE_0001";"NE_0001";"NE_0001";"NE_0001";"NE_0001";"NE_0001";"NE_0001"
"2023";"03";"150122";"LIMA";"LIMA";"MIRAFLORES";"PRIVADO";"II-E";"00016121";"CENTRO MEDICO AVENDAÑO S.A.C.";"240100";"HOSPITALIZACIÓN QUIRÚRGICA CIRUGÍA GENERAL ";"59";"56";"60";"59";"5";"155";"0"
"2023";"04";"060606";"CAJAMARCA";"CUTERVO";"PIMPINGOS";"GOBIERNO REGIONAL";"I-2";"00005013";"CASA BLANCA";"NE_0001";"";"NE_0001";"NE_0001";"NE_0001";"NE_0001";"NE_0001";"NE_0001";"NE_0001"
"2023";"04";"060602";"CAJAMARCA";"CUTERVO";"CALLAYUC";"GOBIERNO REGIONAL";"I-2";"00004966";"SANTA TERESA DE QUEROMARCA";"NE_0001";"";"NE_0001";"NE_0001";"NE_0001";"NE_0001";"NE_0001";"NE_0001";"NE_0001"
"2023";"04";"060611";"CAJAMARCA";"CUTERVO";"SANTA CRUZ";"GOBIERNO REGIONAL";"I-1";"00011260";"LA VIÑA";"NE_0001";"";"NE_0001";"NE_0001";"NE_0001";"NE_0001";"NE_0001";"NE_0001";"NE_0001"
"2023";"04";"060607";"CAJAMARCA";"CUTERVO";"QUEROCOTILLO";"GOBIERNO REGIONAL";"I-1";"00004970";"SANTOS";"NE_0001";"";"NE_0001";"NE_0001";"NE_0001";"NE_0001";"NE_0001";"NE_0001";"NE_0001"
"2023";"04";"060611";"CAJAMARCA";"CUTERVO";"SANTA CRUZ";"GOBIERNO REGIONAL";"I-3";"00004977";"SANTA CRUZ DE CUTERVO";"NE_0001";"";"NE_0001";"NE_0001";"NE_0001";"NE_0001";"NE_0001";"NE_0001";"NE_0001"
"2023";"04";"060101";"CAJAMARCA";"CAJAMARCA";"CAJAMARCA";"PRIVADO";"I-3";"00010487";"MARIA BELEN SRL";"NE_0001";"";"NE_0001";"NE_0001";"NE_0001";"NE_0001";"NE_0001";"NE_0001";"NE_0001"
"2023";"04";"022001";"ANCASH";"YUNGAY";"YUNGAY";"GOBIERNO REGIONAL";"II-1";"00001633";"HOSPITAL DE APOYO YUNGAY";"241800";"HOSPITALIZACIÓN DE MEDICINA MEDICINA GENERAL ";"17";"22";"64";"48";"9";"270";"0"
"2023";"04";"022001";"ANCASH";"YUNGAY";"YUNGAY";"GOBIERNO REGIONAL";"II-1";"00001633";"HOSPITAL DE APOYO YUNGAY";"242500";"HOSPITALIZACIÓN-PEDIATRÍA GENERAL-";"9";"9";"27";"30";"4";"120";"0"
"2023";"04";"022001";"ANCASH";"YUNGAY";"YUNGAY";"GOBIERNO REGIONAL";"II-1";"00001633";"HOSPITAL DE APOYO YUNGAY";"241600";"HOSPITALIZACIÓN QUIRÚRGICA OBSTETRICIA   ";"35";"35";"76";"85";"6";"180";"0"
"2023";"04";"022001";"ANCASH";"YUNGAY";"YUNGAY";"GOBIERNO REGIONAL";"II-1";"00001633";"HOSPITAL DE APOYO YUNGAY";"241500";"HOSPITALIZACIÓN QUIRÚRGICA GINECOLOGÍA  ";"1";"1";"1";"3";"3";"90";"0"
"2023";"06";"040101";"AREQUIPA";"AREQUIPA";"AREQUIPA";"PRIVADO";"II-E";"00011995";"CLINICA ALMONTE SAC";"240800";"HOSPITALIZACIÓN QUIRÚRGICA CIRUGÍA PLÁSTICA/RECONSTRUCTIVA/ REPARADORA ";"8";"8";"8";"8";"3";"62";"0"
"2023";"06";"150141";"LIMA";"LIMA";"SURQUILLO";"MINSA";"III-2";"00006210";"INSTITUTO NACIONAL DE ENFERMEDADES NEOPLASICAS";"241700";"HOSPITALIZACIÓN QUIRÚRGICA GINECOLOGÍA   GINECOLOGIA ONCOLOGiCA";"42";"52";"350";"350";"13";"450";"0"
"2023";"06";"150141";"LIMA";"LIMA";"SURQUILLO";"MINSA";"III-2";"00006210";"INSTITUTO NACIONAL DE ENFERMEDADES NEOPLASICAS";"243600";"HOSPITALIZACIÓN DE PEDIATRÍA PEDIATRIA ONCOLOGÍA PEDIÁTRICA";"16";"55";"1888";"1888";"49";"2040";"1"
"2023";"06";"150141";"LIMA";"LIMA";"SURQUILLO";"MINSA";"III-2";"00006210";"INSTITUTO NACIONAL DE ENFERMEDADES NEOPLASICAS";"241000";"HOSPITALIZACIÓN QUIRÚRGICA ONCOLOGÍA QUIRÚRGICA  ";"293";"364";"3024";"3024";"120";"3570";"2"
"2023";"06";"150141";"LIMA";"LIMA";"SURQUILLO";"MINSA";"III-2";"00006210";"INSTITUTO NACIONAL DE ENFERMEDADES NEOPLASICAS";"242100";"HOSPITALIZACIÓN DE MEDICINA ONCOLOGÍA MÉDICA ";"168";"241";"3302";"3302";"135";"4380";"9"
"2023";"06";"150141";"LIMA";"LIMA";"SURQUILLO";"MINSA";"III-2";"00006210";"INSTITUTO NACIONAL DE ENFERMEDADES NEOPLASICAS";"250000";"UNIDAD DE CUIDADOS CRITICOS  ";"0";"18";"493";"493";"13";"1140";"17"
"2023";"06";"150130";"LIMA";"LIMA";"SAN BORJA";"PRIVADO";"II-1";"00010515";"CLINICA SANTA LUCIA S.A.C.";"241300";"HOSPITALIZACIÓN QUIRÚRGICA UROLOGÍA  ";"29";"29";"29";"29";"10";"300";"0"
"2023";"06";"150130";"LIMA";"LIMA";"SAN BORJA";"PRIVADO";"II-1";"00010515";"CLINICA SANTA LUCIA S.A.C.";"241200";"HOSPITALIZACIÓN QUIRÚRGICA TRAUMATOLOGÍA Y ORTOPEDIA ";"10";"10";"10";"10";"8";"240";"0"
"2023";"06";"150130";"LIMA";"LIMA";"SAN BORJA";"PRIVADO";"II-1";"00010515";"CLINICA SANTA LUCIA S.A.C.";"240800";"HOSPITALIZACIÓN QUIRÚRGICA CIRUGÍA PLÁSTICA/RECONSTRUCTIVA/ REPARADORA ";"4";"4";"4";"4";"2";"60";"0"
"2023";"06";"150130";"LIMA";"LIMA";"SAN BORJA";"PRIVADO";"II-1";"00010515";"CLINICA SANTA LUCIA S.A.C.";"241400";"HOSPITALIZACIÓN QUIRÚRGICA GINECO - OBSTETRICIA ";"6";"6";"6";"6";"5";"150";"0"
"2023";"06";"150130";"LIMA";"LIMA";"SAN BORJA";"PRIVADO";"II-1";"00010515";"CLINICA SANTA LUCIA S.A.C.";"241100";"HOSPITALIZACIÓN QUIRÚRGICA OTORRINOLARINGOLOGÍA  ";"20";"20";"20";"20";"5";"150";"0"
"2023";"06";"080207";"CUSCO";"ACOMAYO";"SANGARARA";"GOBIERNO REGIONAL";"I-2";"00002325";"PUESTO DE SALUD MARCACONGA";"NE_0002";"";"NE_0002";"NE_0002";"NE_0002";"NE_0002";"NE_0002";"NE_0002";"NE_0002"
"2023";"06";"080207";"CUSCO";"ACOMAYO";"SANGARARA";"GOBIERNO REGIONAL";"I-1";"00002324";"PUESTO DE SALUD SANGARARA";"NE_0002";"";"NE_0002";"NE_0002";"NE_0002";"NE_0002";"NE_0002";"NE_0002";"NE_0002"
"2023";"06";"081008";"CUSCO";"PARURO";"PILLPINTO";"GOBIERNO REGIONAL";"I-1";"00002508";"PILLPINTO";"NE_0002";"";"NE_0002";"NE_0002";"NE_0002";"NE_0002";"NE_0002";"NE_0002";"NE_0002"
"2023";"07";"021802";"ANCASH";"SANTA";"CACERES DEL PERU";"GOBIERNO REGIONAL";"I-2";"00001710";"PUESTO DE SALUD COLCAP";"NE_0001";"";"NE_0001";"NE_0001";"NE_0001";"NE_0001";"NE_0001";"NE_0001";"NE_0001"
"2023";"07";"021807";"ANCASH";"SANTA";"SAMANCO";"GOBIERNO REGIONAL";"I-1";"00001713";"PUESTO DE SALUD HUAMBACHO";"NE_0001";"";"NE_0001";"NE_0001";"NE_0001";"NE_0001";"NE_0001";"NE_0001";"NE_0001"
"2023";"07";"020802";"ANCASH";"CASMA";"BUENA VISTA ALTA";"GOBIERNO REGIONAL";"I-2";"00001725";"PUESTO DE SALUD EL OLIVAR";"NE_0001";"";"NE_0001";"NE_0001";"NE_0001";"NE_0001";"NE_0001";"NE_0001";"NE_0001"
"2023";"07";"020803";"ANCASH";"CASMA";"COMANDANTE NOEL";"GOBIERNO REGIONAL";"I-1";"00001727";"PUESTO DE SALUD TORTUGAS";"NE_0001";"";"NE_0001";"NE_0001";"NE_0001";"NE_0001";"NE_0001";"NE_0001";"NE_0001"
"2023";"07";"020804";"ANCASH";"CASMA";"YAUTAN";"GOBIERNO REGIONAL";"I-1";"00001729";"PUESTO DE SALUD CACHIPAMPA";"NE_0001";"";"NE_0001";"NE_0001";"NE_0001";"NE_0001";"NE_0001";"NE_0001";"NE_0001"
"2023";"07";"020102";"ANCASH";"HUARAZ";"COCHABAMBA";"GOBIERNO REGIONAL";"I-2";"00001730";"PUESTO DE SALUD COCHABAMBA";"NE_0001";"";"NE_0001";"NE_0001";"NE_0001";"NE_0001";"NE_0001";"NE_0001";"NE_0001"
"2023";"07";"022005";"ANCASH";"YUNGAY";"QUILLO";"GOBIERNO REGIONAL";"I-2";"00001739";"PUESTO DE SALUD HUACHO";"NE_0001";"";"NE_0001";"NE_0001";"NE_0001";"NE_0001";"NE_0001";"NE_0001";"NE_0001"
"2023";"07";"021103";"ANCASH";"HUARMEY";"CULEBRAS";"GOBIERNO REGIONAL";"I-2";"00001743";"PUESTO DE SALUD CULEBRAS";"NE_0001";"";"NE_0001";"NE_0001";"NE_0001";"NE_0001";"NE_0001";"NE_0001";"NE_0001"
"2023";"07";"021101";"ANCASH";"HUARMEY";"HUARMEY";"GOBIERNO REGIONAL";"I-1";"00001751";"PUESTO DE SALUD HUAMBA";"NE_0001";"";"NE_0001";"NE_0001";"NE_0001";"NE_0001";"NE_0001";"NE_0001";"NE_0001"
"2023";"07";"130101";"LA LIBERTAD";"TRUJILLO";"TRUJILLO";"PRIVADO";"II-E";"00025536";"OFTALMONORTE";"NE_0001";"";"NE_0001";"NE_0001";"NE_0001";"NE_0001";"NE_0001";"NE_0001";"NE_0001"
"2023";"07";"110501";"ICA";"PISCO";"PISCO";"PRIVADO";"0";"00024336";"CENTRO DE MEDICINA FISICA Y REHABILITACION";"NE_0001";"";"NE_0001";"NE_0001";"NE_0001";"NE_0001";"NE_0001";"NE_0001";"NE_0001"
"2023";"07";"140112";"LAMBAYEQUE";"CHICLAYO";"PIMENTEL";"ESSALUD";"II-1";"00011020";"HOSPITAL II LUIS HEYSEN INCHAUSTEGUI";"250300";"UNIDAD DE CUIDADOS CRITICOS UNIDAD DE VIGILANCIA INTENSIVA  CLINICA (UVIC) ";"5";"1";"23";"148";"6";"186";"1"
"2023";"07";"140112";"LAMBAYEQUE";"CHICLAYO";"PIMENTEL";"ESSALUD";"II-1";"00011020";"HOSPITAL II LUIS HEYSEN INCHAUSTEGUI";"241900";"HOSPITALIZACIÓN DE MEDICINA MEDICINA INTERNA ";"72";"70";"765";"887";"30";"930";"5"
"2023";"07";"140112";"LAMBAYEQUE";"CHICLAYO";"PIMENTEL";"ESSALUD";"II-1";"00011020";"HOSPITAL II LUIS HEYSEN INCHAUSTEGUI";"240100";"HOSPITALIZACIÓN QUIRÚRGICA CIRUGÍA GENERAL ";"316";"320";"1230";"1129";"44";"1354";"0"
"2023";"07";"140112";"LAMBAYEQUE";"CHICLAYO";"PIMENTEL";"ESSALUD";"II-1";"00011020";"HOSPITAL II LUIS HEYSEN INCHAUSTEGUI";"241400";"HOSPITALIZACIÓN QUIRÚRGICA GINECO - OBSTETRICIA ";"364";"358";"862";"879";"38";"1178";"0"
"2023";"07";"140112";"LAMBAYEQUE";"CHICLAYO";"PIMENTEL";"ESSALUD";"II-1";"00011020";"HOSPITAL II LUIS HEYSEN INCHAUSTEGUI";"242300";"HOSPITALIZACIÓN DE PEDIATRÍA  PEDIATRÍA  GENERAL ";"128";"149";"729";"816";"30";"940";"0"
"2023";"07";"120205";"JUNIN";"CONCEPCION";"COCHAS";"GOBIERNO REGIONAL";"I-2";"00000676";"COCHAS";"NE_0001";"";"NE_0001";"NE_0001";"NE_0001";"NE_0001";"NE_0001";"NE_0001";"NE_0001"
"2023";"07";"120206";"JUNIN";"CONCEPCION";"COMAS";"GOBIERNO REGIONAL";"I-1";"00000684";"RUNATULLO";"NE_0001";"";"NE_0001";"NE_0001";"NE_0001";"NE_0001";"NE_0001";"NE_0001";"NE_0001"
"2023";"07";"120203";"JUNIN";"CONCEPCION";"ANDAMARCA";"GOBIERNO REGIONAL";"I-1";"00019790";"PUNCO";"NE_0001";"";"NE_0001";"NE_0001";"NE_0001";"NE_0001";"NE_0001";"NE_0001";"NE_0001"
"2023";"07";"120135";"JUNIN";"HUANCAYO";"SANTO DOMINGO DE ACOBAMBA";"GOBIERNO REGIONAL";"I-1";"00024428";"POTRERO";"NE_0001";"";"NE_0001";"NE_0001";"NE_0001";"NE_0001";"NE_0001";"NE_0001";"NE_0001"
"2023";"07";"120135";"JUNIN";"HUANCAYO";"SANTO DOMINGO DE ACOBAMBA";"GOBIERNO REGIONAL";"I-3";"00000666";"SANTO DOMINGO DE ACOBAMBA";"NE_0001";"";"NE_0001";"NE_0001";"NE_0001";"NE_0001";"NE_0001";"NE_0001";"NE_0001"
"2023";"07";"120205";"JUNIN";"CONCEPCION";"COCHAS";"GOBIERNO REGIONAL";"I-1";"00000677";"PILCOLLAMA";"NE_0001";"";"NE_0001";"NE_0001";"NE_0001";"NE_0001";"NE_0001";"NE_0001";"NE_0001"
"2023";"07";"120206";"JUNIN";"CONCEPCION";"COMAS";"GOBIERNO REGIONAL";"I-3";"00000678";"COMAS";"NE_0001";"";"NE_0001";"NE_0001";"NE_0001";"NE_0001";"NE_0001";"NE_0001";"NE_0001"
"2023";"07";"120206";"JUNIN";"CONCEPCION";"COMAS";"GOBIERNO REGIONAL";"I-1";"00000682";"TALHUIS";"NE_0001";"";"NE_0001";"NE_0001";"NE_0001";"NE_0001";"NE_0001";"NE_0001";"NE_0001"
"2023";"07";"120209";"JUNIN";"CONCEPCION";"MARISCAL CASTILLA";"GOBIERNO REGIONAL";"I-2";"00000686";"MARISCAL CASTILLA";"NE_0001";"";"NE_0001";"NE_0001";"NE_0001";"NE_0001";"NE_0001";"NE_0001";"NE_0001"
"2023";"07";"120135";"JUNIN";"HUANCAYO";"SANTO DOMINGO DE ACOBAMBA";"GOBIERNO REGIONAL";"I-2";"00000667";"MATICHACRA";"NE_0001";"";"NE_0001";"NE_0001";"NE_0001";"NE_0001";"NE_0001";"NE_0001";"NE_0001"
"2023";"07";"120203";"JUNIN";"CONCEPCION";"ANDAMARCA";"GOBIERNO REGIONAL";"I-2";"00000673";"PUCACOCHA";"NE_0001";"";"NE_0001";"NE_0001";"NE_0001";"NE_0001";"NE_0001";"NE_0001";"NE_0001"
"2023";"07";"120135";"JUNIN";"HUANCAYO";"SANTO DOMINGO DE ACOBAMBA";"GOBIERNO REGIONAL";"I-2";"00000744";"YUNCACHAQUICOCHA";"NE_0001";"";"NE_0001";"NE_0001";"NE_0001";"NE_0001";"NE_0001";"NE_0001";"NE_0001"
"2023";"07";"120135";"JUNIN";"HUANCAYO";"SANTO DOMINGO DE ACOBAMBA";"GOBIERNO REGIONAL";"I-1";"00007082";"HUANCAMAYO";"NE_0001";"";"NE_0001";"NE_0001";"NE_0001";"NE_0001";"NE_0001";"NE_0001";"NE_0001"
"2023";"07";"120135";"JUNIN";"HUANCAYO";"SANTO DOMINGO DE ACOBAMBA";"GOBIERNO REGIONAL";"I-1";"00012468";"LA NUEVA LIBERTAD DE PUNTO";"NE_0001";"";"NE_0001";"NE_0001";"NE_0001";"NE_0001";"NE_0001";"NE_0001";"NE_0001"
"2023";"07";"120203";"JUNIN";"CONCEPCION";"ANDAMARCA";"GOBIERNO REGIONAL";"I-1";"00019793";"HUANUCO";"NE_0001";"";"NE_0001";"NE_0001";"NE_0001";"NE_0001";"NE_0001";"NE_0001";"NE_0001"
"2023";"07";"110301";"ICA";"NAZCA";"NAZCA";"SANIDAD DE LA POLICIA NACIONAL DEL PERU";"I-2";"00011399";"UNIDAD EJECUTORA 020:SANIDAD DE LA PNP";"NE_0001";"";"NE_0001";"NE_0001";"NE_0001";"NE_0001";"NE_0001";"NE_0001";"NE_0001"
"2023";"08";"060801";"CAJAMARCA";"JAEN";"JAEN";"GOBIERNO REGIONAL";"I-3";"00004213";"FILA ALTA";"NE_0001";"";"NE_0001";"NE_0001";"NE_0001";"NE_0001";"NE_0001";"NE_0001";"NE_0001"
"2023";"08";"060801";"CAJAMARCA";"JAEN";"JAEN";"GOBIERNO REGIONAL";"I-1";"00010804";"PUENTE ZONANGA";"NE_0001";"";"NE_0001";"NE_0001";"NE_0001";"NE_0001";"NE_0001";"NE_0001";"NE_0001"
"2023";"08";"021101";"ANCASH";"HUARMEY";"HUARMEY";"ESSALUD";"I-3";"00009059";"CENTRO MEDICO HUARMEY";"NE_0001";"";"NE_0001";"NE_0001";"NE_0001";"NE_0001";"NE_0001";"NE_0001";"NE_0001"
"2023";"09";"060601";"CAJAMARCA";"CUTERVO";"CUTERVO";"GOBIERNO REGIONAL";"I-1";"00004988";"LA COLCA";"NE_0001";"";"NE_0001";"NE_0001";"NE_0001";"NE_0001";"NE_0001";"NE_0001";"NE_0001"
"2023";"09";"060601";"CAJAMARCA";"CUTERVO";"CUTERVO";"GOBIERNO REGIONAL";"I-1";"00006787";"SANTA ROSA DE TAPO";"NE_0001";"";"NE_0001";"NE_0001";"NE_0001";"NE_0001";"NE_0001";"NE_0001";"NE_0001"
"2023";"09";"060601";"CAJAMARCA";"CUTERVO";"CUTERVO";"GOBIERNO REGIONAL";"I-1";"00006837";"SAN CRISTOBAL DE NUDILLO";"NE_0001";"";"NE_0001";"NE_0001";"NE_0001";"NE_0001";"NE_0001";"NE_0001";"NE_0001"
"2023";"09";"060601";"CAJAMARCA";"CUTERVO";"CUTERVO";"GOBIERNO REGIONAL";"I-1";"00007109";"CHIPULUC";"NE_0001";"";"NE_0001";"NE_0001";"NE_0001";"NE_0001";"NE_0001";"NE_0001";"NE_0001"
"2023";"09";"060601";"CAJAMARCA";"CUTERVO";"CUTERVO";"GOBIERNO REGIONAL";"I-1";"00011064";"SAN LORENZO";"NE_0001";"";"NE_0001";"NE_0001";"NE_0001";"NE_0001";"NE_0001";"NE_0001";"NE_0001"
"2023";"09";"060701";"CAJAMARCA";"HUALGAYOC";"BAMBAMARCA";"ESSALUD";"I-2";"00010277";"POSTA MEDICA ESSALUD BAMBAMARCA";"NE_0001";"";"NE_0001";"NE_0001";"NE_0001";"NE_0001";"NE_0001";"NE_0001";"NE_0001"
"2023";"09";"061007";"CAJAMARCA";"SAN MARCOS";"JOSE SABOGAL";"GOBIERNO REGIONAL";"I-1";"00004496";"TINYAYOC";"NE_0001";"";"NE_0001";"NE_0001";"NE_0001";"NE_0001";"NE_0001";"NE_0001";"NE_0001"
"2023";"09";"061007";"CAJAMARCA";"SAN MARCOS";"JOSE SABOGAL";"GOBIERNO REGIONAL";"I-2";"00004497";"MALAT";"NE_0001";"";"NE_0001";"NE_0001";"NE_0001";"NE_0001";"NE_0001";"NE_0001";"NE_0001"
"2023";"09";"061007";"CAJAMARCA";"SAN MARCOS";"JOSE SABOGAL";"GOBIERNO REGIONAL";"I-1";"00004499";"MATIBAMBA";"NE_0001";"";"NE_0001";"NE_0001";"NE_0001";"NE_0001";"NE_0001";"NE_0001";"NE_0001"
"2023";"09";"061007";"CAJAMARCA";"SAN MARCOS";"JOSE SABOGAL";"GOBIERNO REGIONAL";"I-1";"00004495";"HUAGAL";"NE_0001";"";"NE_0001";"NE_0001";"NE_0001";"NE_0001";"NE_0001";"NE_0001";"NE_0001"
"2023";"09";"061007";"CAJAMARCA";"SAN MARCOS";"JOSE SABOGAL";"GOBIERNO REGIONAL";"I-2";"00004498";"LICLICONGA";"NE_0001";"";"NE_0001";"NE_0001";"NE_0001";"NE_0001";"NE_0001";"NE_0001";"NE_0001"
"2023";"09";"061007";"CAJAMARCA";"SAN MARCOS";"JOSE SABOGAL";"GOBIERNO REGIONAL";"I-3";"00004500";"JOSE SABOGAL";"NE_0001";"";"NE_0001";"NE_0001";"NE_0001";"NE_0001";"NE_0001";"NE_0001";"NE_0001"
"2023";"09";"130902";"LA LIBERTAD";"SANCHEZ CARRION";"CHUGAY";"GOBIERNO REGIONAL";"I-1";"00031804";"PUESTO DE SALUD PAJA BLANCA";"NE_0001";"";"NE_0001";"NE_0001";"NE_0001";"NE_0001";"NE_0001";"NE_0001";"NE_0001"
"2023";"09";"210301";"PUNO";"CARABAYA";"MACUSANI";"GOBIERNO REGIONAL";"II-2";"00031179";"HOSPITAL SAN MARTIN DE PORRES";"240100";"HOSPITALIZACIÓN QUIRÚRGICA CIRUGÍA GENERAL ";"63";"65";"200";"265";"10";"300";"0"
"2023";"09";"210301";"PUNO";"CARABAYA";"MACUSANI";"GOBIERNO REGIONAL";"II-2";"00031179";"HOSPITAL SAN MARTIN DE PORRES";"241500";"HOSPITALIZACIÓN QUIRÚRGICA GINECOLOGÍA  ";"20";"20";"44";"64";"4";"120";"0"
"2023";"09";"210301";"PUNO";"CARABAYA";"MACUSANI";"GOBIERNO REGIONAL";"II-2";"00031179";"HOSPITAL SAN MARTIN DE PORRES";"241600";"HOSPITALIZACIÓN QUIRÚRGICA OBSTETRICIA   ";"65";"73";"209";"73";"11";"330";"0"
"2023";"09";"210301";"PUNO";"CARABAYA";"MACUSANI";"GOBIERNO REGIONAL";"II-2";"00031179";"HOSPITAL SAN MARTIN DE PORRES";"241900";"HOSPITALIZACIÓN DE MEDICINA MEDICINA INTERNA ";"39";"42";"162";"204";"9";"270";"2"
"2023";"09";"210301";"PUNO";"CARABAYA";"MACUSANI";"GOBIERNO REGIONAL";"II-2";"00031179";"HOSPITAL SAN MARTIN DE PORRES";"242500";"HOSPITALIZACIÓN-PEDIATRÍA GENERAL-";"14";"18";"92";"110";"6";"180";"0"
"2023";"09";"210301";"PUNO";"CARABAYA";"MACUSANI";"GOBIERNO REGIONAL";"II-2";"00031179";"HOSPITAL SAN MARTIN DE PORRES";"243200";"HOSPITALIZACIÓN DE PEDIATRÍA PEDIATRIA NEONATOLOGÍA";"11";"12";"62";"74";"4";"120";"0"
"2023";"09";"130907";"LA LIBERTAD";"SANCHEZ CARRION";"SARIN";"GOBIERNO REGIONAL";"I-2";"00011627";"CERPAQUINO";"NE_0001";"";"NE_0001";"NE_0001";"NE_0001";"NE_0001";"NE_0001";"NE_0001";"NE_0001"
"2023";"09";"130907";"LA LIBERTAD";"SANCHEZ CARRION";"SARIN";"GOBIERNO REGIONAL";"I-2";"00005361";"SARIN";"NE_0001";"";"NE_0001";"NE_0001";"NE_0001";"NE_0001";"NE_0001";"NE_0001";"NE_0001"
"2023";"09";"130907";"LA LIBERTAD";"SANCHEZ CARRION";"SARIN";"GOBIERNO REGIONAL";"I-2";"00011624";"MUNMALCA";"NE_0001";"";"NE_0001";"NE_0001";"NE_0001";"NE_0001";"NE_0001";"NE_0001";"NE_0001"
"2023";"09";"130907";"LA LIBERTAD";"SANCHEZ CARRION";"SARIN";"GOBIERNO REGIONAL";"I-2";"00011628";"SHIRACORRAL";"NE_0001";"";"NE_0001";"NE_0001";"NE_0001";"NE_0001";"NE_0001";"NE_0001";"NE_0001"
"2023";"09";"130907";"LA LIBERTAD";"SANCHEZ CARRION";"SARIN";"GOBIERNO REGIONAL";"I-2";"00005362";"OROGOLDAY";"NE_0001";"";"NE_0001";"NE_0001";"NE_0001";"NE_0001";"NE_0001";"NE_0001";"NE_0001"
"2023";"09";"150141";"LIMA";"LIMA";"SURQUILLO";"SANIDAD DE LA POLICIA NACIONAL DEL PERU";"I-3";"00012885";"POLICLINICO PNP WALTER ROSALES LEON";"NE_0001";"";"NE_0001";"NE_0001";"NE_0001";"NE_0001";"NE_0001";"NE_0001";"NE_0001"
"2023";"09";"150101";"LIMA";"LIMA";"LIMA";"PRIVADO";"I-3";"00027276";"POLICLINICO  ARTHRO MEDS";"NE_0001";"";"NE_0001";"NE_0001";"NE_0001";"NE_0001";"NE_0001";"NE_0001";"NE_0001"
"2023";"09";"021602";"ANCASH";"POMABAMBA";"HUAYLLAN";"GOBIERNO REGIONAL";"I-1";"00001774";"PUESTO DE SALUD HUAYCHO";"NE_0001";"";"NE_0001";"NE_0001";"NE_0001";"NE_0001";"NE_0001";"NE_0001";"NE_0001"
"2023";"09";"021307";"ANCASH";"MARISCAL LUZURIAGA";"LUCMA";"GOBIERNO REGIONAL";"I-2";"00001790";"PUESTO DE SALUD LUCMA";"NE_0001";"";"NE_0001";"NE_0001";"NE_0001";"NE_0001";"NE_0001";"NE_0001";"NE_0001"
"2023";"09";"021307";"ANCASH";"MARISCAL LUZURIAGA";"LUCMA";"GOBIERNO REGIONAL";"I-1";"00001791";"PUESTO DE SALUD SECCHA";"NE_0001";"";"NE_0001";"NE_0001";"NE_0001";"NE_0001";"NE_0001";"NE_0001";"NE_0001"
"2023";"09";"021601";"ANCASH";"POMABAMBA";"POMABAMBA";"GOBIERNO REGIONAL";"I-2";"00001768";"PUESTO DE SALUD VILCABAMBA";"NE_0001";"";"NE_0001";"NE_0001";"NE_0001";"NE_0001";"NE_0001";"NE_0001";"NE_0001"
"2023";"09";"021601";"ANCASH";"POMABAMBA";"POMABAMBA";"GOBIERNO REGIONAL";"I-1";"00001766";"PUESTO DE SALUD SOCSI";"NE_0001";"";"NE_0001";"NE_0001";"NE_0001";"NE_0001";"NE_0001";"NE_0001";"NE_0001"
"2023";"09";"021601";"ANCASH";"POMABAMBA";"POMABAMBA";"GOBIERNO REGIONAL";"I-1";"00001767";"PUESTO DE SALUD CHUYAS";"NE_0001";"";"NE_0001";"NE_0001";"NE_0001";"NE_0001";"NE_0001";"NE_0001";"NE_0001"
"2023";"09";"021602";"ANCASH";"POMABAMBA";"HUAYLLAN";"GOBIERNO REGIONAL";"I-1";"00001772";"PUESTO DE SALUD HUAYLLAN";"NE_0001";"";"NE_0001";"NE_0001";"NE_0001";"NE_0001";"NE_0001";"NE_0001";"NE_0001"
"2023";"09";"021602";"ANCASH";"POMABAMBA";"HUAYLLAN";"GOBIERNO REGIONAL";"I-1";"00001773";"PUESTO DE SALUD ACOBAMBA";"NE_0001";"";"NE_0001";"NE_0001";"NE_0001";"NE_0001";"NE_0001";"NE_0001";"NE_0001"
"2023";"09";"021601";"ANCASH";"POMABAMBA";"POMABAMBA";"GOBIERNO REGIONAL";"I-2";"00001769";"PUESTO DE SALUD CONOPA";"NE_0001";"";"NE_0001";"NE_0001";"NE_0001";"NE_0001";"NE_0001";"NE_0001";"NE_0001"
"2023";"09";"021601";"ANCASH";"POMABAMBA";"POMABAMBA";"GOBIERNO REGIONAL";"I-1";"00001770";"PUESTO DE SALUD JANCAPAMPA";"NE_0001";"";"NE_0001";"NE_0001";"NE_0001";"NE_0001";"NE_0001";"NE_0001";"NE_0001"
"2023";"09";"021302";"ANCASH";"MARISCAL LUZURIAGA";"CASCA";"GOBIERNO REGIONAL";"I-2";"00001785";"PUESTO DE SALUD CASCA";"NE_0001";"";"NE_0001";"NE_0001";"NE_0001";"NE_0001";"NE_0001";"NE_0001";"NE_0001"
"2023";"09";"021307";"ANCASH";"MARISCAL LUZURIAGA";"LUCMA";"GOBIERNO REGIONAL";"0";"00017687";"P. S. MASQUI";"NE_0001";"";"NE_0001";"NE_0001";"NE_0001";"NE_0001";"NE_0001";"NE_0001";"NE_0001"
"2023";"09";"110201";"ICA";"CHINCHA";"CHINCHA ALTA";"ESSALUD";"II-1";"00013910";"RENE TOCHE GROPPO";"241800";"HOSPITALIZACIÓN DE MEDICINA MEDICINA GENERAL ";"120";"114";"478";"508";"18";"540";"14"
"2023";"09";"110201";"ICA";"CHINCHA";"CHINCHA ALTA";"ESSALUD";"II-1";"00013910";"RENE TOCHE GROPPO";"240100";"HOSPITALIZACIÓN QUIRÚRGICA CIRUGÍA GENERAL ";"119";"144";"742";"750";"26";"780";"0"
"2023";"09";"110201";"ICA";"CHINCHA";"CHINCHA ALTA";"ESSALUD";"II-1";"00013910";"RENE TOCHE GROPPO";"241500";"HOSPITALIZACIÓN QUIRÚRGICA GINECOLOGÍA  ";"36";"31";"138";"98";"4";"120";"0"
"2023";"09";"110201";"ICA";"CHINCHA";"CHINCHA ALTA";"ESSALUD";"II-1";"00013910";"RENE TOCHE GROPPO";"241600";"HOSPITALIZACIÓN QUIRÚRGICA OBSTETRICIA   ";"119";"120";"283";"279";"22";"660";"0"
"2023";"09";"110201";"ICA";"CHINCHA";"CHINCHA ALTA";"ESSALUD";"II-1";"00013910";"RENE TOCHE GROPPO";"242300";"HOSPITALIZACIÓN DE PEDIATRÍA  PEDIATRÍA  GENERAL ";"82";"72";"243";"247";"10";"300";"0"
"2023";"09";"110201";"ICA";"CHINCHA";"CHINCHA ALTA";"ESSALUD";"II-1";"00013910";"RENE TOCHE GROPPO";"243200";"HOSPITALIZACIÓN DE PEDIATRÍA PEDIATRIA NEONATOLOGÍA";"79";"80";"132";"151";"12";"360";"0"
"2023";"09";"110201";"ICA";"CHINCHA";"CHINCHA ALTA";"ESSALUD";"II-1";"00013910";"RENE TOCHE GROPPO";"250304";"HOSPIT. EN UNIDAD DE CUID.INTEN.-UNIDAD DE VIGILANCIA INTENSIVA (UVI)-MEDICINA";"21";"10";"52";"93";"4";"120";"3"
"2023";"09";"110201";"ICA";"CHINCHA";"CHINCHA ALTA";"ESSALUD";"II-1";"00013910";"RENE TOCHE GROPPO";"242204";"HOSPITALIZACIÓN DE MEDICINA PSIQUIATRÍA REHABILITACIÓN PSIQUIÁTRICA / REINSERCIÓN ";"0";"0";"0";"180";"8";"240";"0"
"2023";"09";"040108";"AREQUIPA";"AREQUIPA";"LA JOYA";"ESSALUD";"I-2";"00013305";"POSTA MEDICA LA JOYA";"NE_0001";"";"NE_0001";"NE_0001";"NE_0001";"NE_0001";"NE_0001";"NE_0001";"NE_0001"
"2023";"09";"110101";"ICA";"ICA";"ICA";"ESSALUD";"II-1";"00013912";"FELIX TORREALVA GUTIERREZ";"241900";"HOSPITALIZACIÓN DE MEDICINA MEDICINA INTERNA ";"284";"277";"1323";"1368";"48";"1440";"11"
"2023";"09";"110101";"ICA";"ICA";"ICA";"ESSALUD";"II-1";"00013912";"FELIX TORREALVA GUTIERREZ";"241900";"HOSPITALIZACIÓN DE MEDICINA MEDICINA INTERNA ";"8";"4";"39";"105";"6";"180";"2"
"2023";"09";"110101";"ICA";"ICA";"ICA";"ESSALUD";"II-1";"00013912";"FELIX TORREALVA GUTIERREZ";"240100";"HOSPITALIZACIÓN QUIRÚRGICA CIRUGÍA GENERAL ";"74";"126";"356";"360";"12";"360";"0"
"2023";"09";"110101";"ICA";"ICA";"ICA";"ESSALUD";"II-1";"00013912";"FELIX TORREALVA GUTIERREZ";"241500";"HOSPITALIZACIÓN QUIRÚRGICA GINECOLOGÍA  ";"35";"33";"92";"120";"4";"120";"0"
"2023";"09";"110101";"ICA";"ICA";"ICA";"ESSALUD";"II-1";"00013912";"FELIX TORREALVA GUTIERREZ";"241500";"HOSPITALIZACIÓN QUIRÚRGICA GINECOLOGÍA  ";"139";"158";"350";"309";"12";"360";"0"
"2023";"09";"110201";"ICA";"CHINCHA";"CHINCHA ALTA";"PRIVADO";"I-3";"00011272";"DANIEL A. CARRION EIRL";"NE_0001";"";"NE_0001";"NE_0001";"NE_0001";"NE_0001";"NE_0001";"NE_0001";"NE_0001"
"2023";"09";"150136";"LIMA";"LIMA";"SAN MIGUEL";"PRIVADO";"II-2";"00012666";"CLINICA PROVIDENCIA";"240000";"HOSPITALIZACIÓN";"837";"180";"837";"32";"56";"58";"0"
"2023";"09";"150136";"LIMA";"LIMA";"SAN MIGUEL";"PRIVADO";"II-2";"00012666";"CLINICA PROVIDENCIA";"250100";"UNIDAD DE CUIDADOS CRITICOS UNIDAD  DE CUIDADOS INTENSIVOS GENERALES (UCI) ";"5";"4";"5";"3";"10";"12";"0"
"2023";"09";"150136";"LIMA";"LIMA";"SAN MIGUEL";"PRIVADO";"II-2";"00012666";"CLINICA PROVIDENCIA";"250105";"UNIDAD DE CUIDADOS CRITICOS UNIDAD  DE CUIDADOS INTENSIVOS  (UCI) NEONATOLOGÍA";"3";"2";"3";"3";"5";"7";"0"
"2023";"09";"150136";"LIMA";"LIMA";"SAN MIGUEL";"PRIVADO";"II-2";"00012666";"CLINICA PROVIDENCIA";"250108";"UNIDAD DE CUIDADOS CRITICOS UNIDAD  DE CUIDADOS INTENSIVOS  (UCI) PEDIÁTRICA";"12";"9";"12";"3";"6";"8";"0"
"2023";"09";"150113";"LIMA";"LIMA";"JESUS MARIA";"PRIVADO";"II-E";"00017173";"CLINICA PORVENIR";"240100";"HOSPITALIZACIÓN QUIRÚRGICA CIRUGÍA GENERAL ";"101";"6";"113";"101";"5";"150";"0"
"2023";"09";"150113";"LIMA";"LIMA";"JESUS MARIA";"PRIVADO";"II-E";"00017173";"CLINICA PORVENIR";"241400";"HOSPITALIZACIÓN QUIRÚRGICA GINECO - OBSTETRICIA ";"38";"2";"68";"38";"3";"90";"0"
"2023";"09";"150113";"LIMA";"LIMA";"JESUS MARIA";"PRIVADO";"II-E";"00017173";"CLINICA PORVENIR";"241300";"HOSPITALIZACIÓN QUIRÚRGICA UROLOGÍA  ";"6";"0";"13";"6";"1";"30";"0"
"2023";"09";"150113";"LIMA";"LIMA";"JESUS MARIA";"PRIVADO";"II-E";"00017173";"CLINICA PORVENIR";"241000";"HOSPITALIZACIÓN QUIRÚRGICA ONCOLOGÍA QUIRÚRGICA  ";"1";"0";"1";"1";"1";"30";"0"
"2023";"09";"150113";"LIMA";"LIMA";"JESUS MARIA";"PRIVADO";"II-E";"00017173";"CLINICA PORVENIR";"240200";"HOSPITALIZACIÓN QUIRÚRGICA CIRUGÍA DE CABEZA Y CUELLO / MÁXILO FACIAL ";"2";"0";"3";"2";"1";"30";"0"
"2023";"09";"150113";"LIMA";"LIMA";"JESUS MARIA";"PRIVADO";"II-E";"00017173";"CLINICA PORVENIR";"241200";"HOSPITALIZACIÓN QUIRÚRGICA TRAUMATOLOGÍA Y ORTOPEDIA ";"1";"0";"1";"1";"1";"30";"0"
"2023";"09";"150113";"LIMA";"LIMA";"JESUS MARIA";"PRIVADO";"II-E";"00017173";"CLINICA PORVENIR";"240400";"HOSPITALIZACIÓN QUIRÚRGICA CIRUGÍA DE TÓRAX Y CARDIOVASCULAR ";"1";"1";"1";"1";"1";"30";"1"
"2023";"09";"150117";"LIMA";"LIMA";"LOS OLIVOS";"PRIVADO";"II-E";"00023852";"OFTALMOSALUD";"NE_0001";"";"NE_0001";"NE_0001";"NE_0001";"NE_0001";"NE_0001";"NE_0001";"NE_0001"
"2023";"09";"060101";"CAJAMARCA";"CAJAMARCA";"CAJAMARCA";"PRIVADO";"I-3";"00010487";"MARIA BELEN SRL";"NE_0001";"";"NE_0001";"NE_0001";"NE_0001";"NE_0001";"NE_0001";"NE_0001";"NE_0001"
"2023";"09";"060812";"CAJAMARCA";"JAEN";"SANTA ROSA";"GOBIERNO REGIONAL";"I-3";"00004262";"PUENTECILLOS";"NE_0001";"";"NE_0001";"NE_0001";"NE_0001";"NE_0001";"NE_0001";"NE_0001";"NE_0001"
"2023";"09";"100605";"HUANUCO";"LEONCIO PRADO";"LUYANDO";"GOBIERNO REGIONAL";"II-1";"00000932";"HOSPITAL DE TINGO MARIA (HOSPITAL DE CONTINGENCIA)";"241800";"HOSPITALIZACIÓN DE MEDICINA MEDICINA GENERAL ";"87";"82";"451";"531";"10";"531";"0"
"2023";"09";"100605";"HUANUCO";"LEONCIO PRADO";"LUYANDO";"GOBIERNO REGIONAL";"II-1";"00000932";"HOSPITAL DE TINGO MARIA (HOSPITAL DE CONTINGENCIA)";"240100";"HOSPITALIZACIÓN QUIRÚRGICA CIRUGÍA GENERAL ";"60";"61";"360";"362";"16";"483";"0"
"2023";"09";"100605";"HUANUCO";"LEONCIO PRADO";"LUYANDO";"GOBIERNO REGIONAL";"II-1";"00000932";"HOSPITAL DE TINGO MARIA (HOSPITAL DE CONTINGENCIA)";"243200";"HOSPITALIZACIÓN DE PEDIATRÍA PEDIATRIA NEONATOLOGÍA";"29";"26";"111";"158";"10";"300";"0"
"2023";"09";"100605";"HUANUCO";"LEONCIO PRADO";"LUYANDO";"GOBIERNO REGIONAL";"II-1";"00000932";"HOSPITAL DE TINGO MARIA (HOSPITAL DE CONTINGENCIA)";"242500";"HOSPITALIZACIÓN-PEDIATRÍA GENERAL-";"9";"9";"57";"45";"8";"248";"0"
"2023";"09";"100605";"HUANUCO";"LEONCIO PRADO";"LUYANDO";"GOBIERNO REGIONAL";"II-1";"00000932";"HOSPITAL DE TINGO MARIA (HOSPITAL DE CONTINGENCIA)";"241400";"HOSPITALIZACIÓN QUIRÚRGICA GINECO - OBSTETRICIA ";"340";"255";"562";"552";"25";"770";"0"
"2023";"09";"100605";"HUANUCO";"LEONCIO PRADO";"LUYANDO";"GOBIERNO REGIONAL";"II-1";"00000932";"HOSPITAL DE TINGO MARIA (HOSPITAL DE CONTINGENCIA)";"250200";"UNIDAD DE CUIDADOS CRITICOS UNIDAD DE CUIDADOS INTERMEDIOS GENERAL  (UCIN) ";"2";"1";"10";"21";"9";"279";"0"
"2023";"09";"100605";"HUANUCO";"LEONCIO PRADO";"LUYANDO";"GOBIERNO REGIONAL";"II-1";"00000932";"HOSPITAL DE TINGO MARIA (HOSPITAL DE CONTINGENCIA)";"250304";"HOSPIT. EN UNIDAD DE CUID.INTEN.-UNIDAD DE VIGILANCIA INTENSIVA (UVI)-MEDICINA";"11";"5";"49";"78";"6";"186";"2"
"2023";"09";"100605";"HUANUCO";"LEONCIO PRADO";"LUYANDO";"GOBIERNO REGIONAL";"II-1";"00000932";"HOSPITAL DE TINGO MARIA (HOSPITAL DE CONTINGENCIA)";"242205";"HOSPITALIZACIÓN MEDICINA PSIQUIATRÍA PISIQUIATRIA/ SALUD MENTAL Y ADICCIONES";"10";"13";"310";"274";"10";"310";"0"
"2023";"09";"220502";"SAN MARTIN";"LAMAS";"ALONSO DE ALVARADO";"GOBIERNO REGIONAL";"I-1";"00010516";"PORVENIR DEL NORTE";"NE_0001";"";"NE_0001";"NE_0001";"NE_0001";"NE_0001";"NE_0001";"NE_0001";"NE_0001"
"2023";"09";"220502";"SAN MARTIN";"LAMAS";"ALONSO DE ALVARADO";"GOBIERNO REGIONAL";"I-1";"00007297";"ALAN GARCIA";"NE_0001";"";"NE_0001";"NE_0001";"NE_0001";"NE_0001";"NE_0001";"NE_0001";"NE_0001"
"2023";"09";"130502";"LA LIBERTAD";"JULCAN";"CALAMARCA";"GOBIERNO REGIONAL";"I-4";"00005308";"CALAMARCA";"241800";"HOSPITALIZACIÓN DE MEDICINA MEDICINA GENERAL ";"4";"4";"5";"4";"2";"60";"0"
"2023";"09";"130502";"LA LIBERTAD";"JULCAN";"CALAMARCA";"GOBIERNO REGIONAL";"I-1";"00007248";"CHAZKA";"NE_0001";"";"NE_0001";"NE_0001";"NE_0001";"NE_0001";"NE_0001";"NE_0001";"NE_0001"
"2023";"09";"130502";"LA LIBERTAD";"JULCAN";"CALAMARCA";"GOBIERNO REGIONAL";"I-1";"00016424";"HUAGAL";"NE_0001";"";"NE_0001";"NE_0001";"NE_0001";"NE_0001";"NE_0001";"NE_0001";"NE_0001"
"2023";"09";"130502";"LA LIBERTAD";"JULCAN";"CALAMARCA";"GOBIERNO REGIONAL";"I-3";"00005309";"SICCHAL";"NE_0001";"";"NE_0001";"NE_0001";"NE_0001";"NE_0001";"NE_0001";"NE_0001";"NE_0001"
"2023";"09";"050110";"AYACUCHO";"HUAMANGA";"SAN JUAN BAUTISTA";"GOBIERNO REGIONAL";"I-4";"00003598";"CENTRO DE SALUD DE SAN JUAN BAUTISTA";"NE_0001";"";"NE_0001";"NE_0001";"NE_0001";"NE_0001";"NE_0001";"NE_0001";"NE_0001"
"2023";"03";"150131";"LIMA";"LIMA";"SAN ISIDRO";"PRIVADO";"II-E";"00009288";"NOVOCLINIC";"NE_0001";"";"NE_0001";"NE_0001";"NE_0001";"NE_0001";"NE_0001";"NE_0001";"NE_0001"
"2023";"04";"130901";"LA LIBERTAD";"SANCHEZ CARRION";"HUAMACHUCO";"GOBIERNO REGIONAL";"I-3";"00026446";"CENTRO DE SALUD MENTAL COMUNITARIO SEMBRANDO ESPERANZA DE HUAMACHUCO";"NE_0001";"";"NE_0001";"NE_0001";"NE_0001";"NE_0001";"NE_0001";"NE_0001";"NE_0001"
"2023";"04";"070106";"CALLAO";"CALLAO";"VENTANILLA";"GOBIERNO REGIONAL";"II-1";"00007126";"HOSPITAL DE VENTANILLA";"241800";"HOSPITALIZACIÓN DE MEDICINA MEDICINA GENERAL ";"63";"58";"418";"430";"25";"750";"5"
"2023";"04";"070106";"CALLAO";"CALLAO";"VENTANILLA";"GOBIERNO REGIONAL";"II-1";"00007126";"HOSPITAL DE VENTANILLA";"242500";"HOSPITALIZACIÓN-PEDIATRÍA GENERAL-";"76";"73";"212";"239";"9";"270";"1"
"2023";"04";"070106";"CALLAO";"CALLAO";"VENTANILLA";"GOBIERNO REGIONAL";"II-1";"00007126";"HOSPITAL DE VENTANILLA";"240100";"HOSPITALIZACIÓN QUIRÚRGICA CIRUGÍA GENERAL ";"115";"110";"311";"333";"18";"540";"0"
"2023";"04";"070106";"CALLAO";"CALLAO";"VENTANILLA";"GOBIERNO REGIONAL";"II-1";"00007126";"HOSPITAL DE VENTANILLA";"241600";"HOSPITALIZACIÓN QUIRÚRGICA OBSTETRICIA   ";"169";"164";"251";"268";"24";"720";"0"
"2023";"04";"070106";"CALLAO";"CALLAO";"VENTANILLA";"GOBIERNO REGIONAL";"II-1";"00007126";"HOSPITAL DE VENTANILLA";"241500";"HOSPITALIZACIÓN QUIRÚRGICA GINECOLOGÍA  ";"53";"48";"88";"95";"6";"180";"0"
"2023";"04";"070106";"CALLAO";"CALLAO";"VENTANILLA";"GOBIERNO REGIONAL";"II-1";"00007126";"HOSPITAL DE VENTANILLA";"243200";"HOSPITALIZACIÓN DE PEDIATRÍA PEDIATRIA NEONATOLOGÍA";"14";"12";"57";"62";"10";"300";"0"
"2023";"05";"110401";"ICA";"PALPA";"PALPA";"MINSA";"II-1";"00003458";"DE APOYO DE PALPA";"240100";"HOSPITALIZACIÓN QUIRÚRGICA CIRUGÍA GENERAL ";"4";"4";"13";"13";"6";"173";"0"
"2023";"05";"110401";"ICA";"PALPA";"PALPA";"MINSA";"II-1";"00003458";"DE APOYO DE PALPA";"241600";"HOSPITALIZACIÓN QUIRÚRGICA OBSTETRICIA   ";"8";"10";"31";"20";"9";"259";"0"
"2023";"05";"110401";"ICA";"PALPA";"PALPA";"MINSA";"II-1";"00003458";"DE APOYO DE PALPA";"241800";"HOSPITALIZACIÓN DE MEDICINA MEDICINA GENERAL ";"29";"31";"96";"102";"9";"177";"0"
"2023";"05";"110401";"ICA";"PALPA";"PALPA";"MINSA";"II-1";"00003458";"DE APOYO DE PALPA";"242500";"HOSPITALIZACIÓN-PEDIATRÍA GENERAL-";"7";"7";"11";"11";"6";"175";"0"
"2023";"05";"040206";"AREQUIPA";"CAMANA";"OCOÑA";"GOBIERNO REGIONAL";"I-3";"00001348";"CENTRO DE SALUD OCOÑA";"NE_0001";"";"NE_0001";"NE_0001";"NE_0001";"NE_0001";"NE_0001";"NE_0001";"NE_0001"
"2023";"05";"040206";"AREQUIPA";"CAMANA";"OCOÑA";"GOBIERNO REGIONAL";"I-2";"00001363";"LA PLANCHADA";"NE_0001";"";"NE_0001";"NE_0001";"NE_0001";"NE_0001";"NE_0001";"NE_0001";"NE_0001"
"2023";"05";"040206";"AREQUIPA";"CAMANA";"OCOÑA";"GOBIERNO REGIONAL";"I-1";"00001364";"PESCADORES";"NE_0001";"";"NE_0001";"NE_0001";"NE_0001";"NE_0001";"NE_0001";"NE_0001";"NE_0001"
"2023";"05";"040203";"AREQUIPA";"CAMANA";"MARIANO NICOLAS VALCARCEL";"GOBIERNO REGIONAL";"I-2";"00001366";"LA EUGENIA";"NE_0001";"";"NE_0001";"NE_0001";"NE_0001";"NE_0001";"NE_0001";"NE_0001";"NE_0001"
"2023";"06";"070101";"CALLAO";"CALLAO";"CALLAO";"SANIDAD DE LA POLICIA NACIONAL DEL PERU";"I-2";"00010610";"POSTA MEDICA POLICIAL SEDE DIRAVPOL";"NE_0001";"";"NE_0001";"NE_0001";"NE_0001";"NE_0001";"NE_0001";"NE_0001";"NE_0001"
"2023";"06";"150143";"LIMA";"LIMA";"VILLA MARIA DEL TRIUNFO";"PRIVADO";"I-4";"00010229";"CENTRO MEDICO ESPECIALIZADO VIRGEN DE LAS MERCEDES E.I.R.L";"NE_0002";"";"NE_0002";"NE_0002";"NE_0002";"NE_0002";"NE_0002";"NE_0002";"NE_0002"
"2023";"06";"120114";"JUNIN";"HUANCAYO";"EL TAMBO";"PRIVADO";"II-E";"00028966";"CLÍNICA ESPECIALIZADA MIRANDA";"241200";"HOSPITALIZACIÓN QUIRÚRGICA TRAUMATOLOGÍA Y ORTOPEDIA ";"11";"11";"11";"25";"9";"25";"0"
"2023";"06";"120114";"JUNIN";"HUANCAYO";"EL TAMBO";"PRIVADO";"II-E";"00028966";"CLÍNICA ESPECIALIZADA MIRANDA";"245400";"HOSPITALIZACIÓN DE MEDICINA GINECOLOGIA ";"5";"5";"5";"11";"9";"11";"0"
"2023";"06";"120114";"JUNIN";"HUANCAYO";"EL TAMBO";"PRIVADO";"II-E";"00028966";"CLÍNICA ESPECIALIZADA MIRANDA";"240100";"HOSPITALIZACIÓN QUIRÚRGICA CIRUGÍA GENERAL ";"25";"25";"25";"55";"9";"55";"0"
"2023";"07";"240101";"TUMBES";"TUMBES";"TUMBES";"SANIDAD DE LA POLICIA NACIONAL DEL PERU";"I-3";"00012088";"POLICLINICO POLICIAL ""LA CRUZ"" TUMBES";"NE_0001";"";"NE_0001";"NE_0001";"NE_0001";"NE_0001";"NE_0001";"NE_0001";"NE_0001"
"2023";"07";"120427";"JUNIN";"JAUJA";"RICRAN";"GOBIERNO REGIONAL";"I-2";"00000419";"RICRAN";"NE_0001";"";"NE_0001";"NE_0001";"NE_0001";"NE_0001";"NE_0001";"NE_0001";"NE_0001"
"2023";"07";"060804";"CAJAMARCA";"JAEN";"COLASAY";"GOBIERNO REGIONAL";"I-3";"00004236";"COLASAY";"NE_0001";"";"NE_0001";"NE_0001";"NE_0001";"NE_0001";"NE_0001";"NE_0001";"NE_0001"
"2023";"07";"060804";"CAJAMARCA";"JAEN";"COLASAY";"GOBIERNO REGIONAL";"I-2";"00007017";"AHUYACA";"NE_0001";"";"NE_0001";"NE_0001";"NE_0001";"NE_0001";"NE_0001";"NE_0001";"NE_0001"
"2023";"07";"060804";"CAJAMARCA";"JAEN";"COLASAY";"GOBIERNO REGIONAL";"I-1";"00004239";"CEDRO PASTO";"NE_0001";"";"NE_0001";"NE_0001";"NE_0001";"NE_0001";"NE_0001";"NE_0001";"NE_0001"
"2023";"07";"110201";"ICA";"CHINCHA";"CHINCHA ALTA";"ESSALUD";"II-1";"00013910";"RENE TOCHE GROPPO";"241800";"HOSPITALIZACIÓN DE MEDICINA MEDICINA GENERAL ";"85";"116";"536";"388";"19";"589";"21"
"2023";"07";"110201";"ICA";"CHINCHA";"CHINCHA ALTA";"ESSALUD";"II-1";"00013910";"RENE TOCHE GROPPO";"240100";"HOSPITALIZACIÓN QUIRÚRGICA CIRUGÍA GENERAL ";"139";"159";"724";"624";"22";"682";"10"
"2023";"07";"110201";"ICA";"CHINCHA";"CHINCHA ALTA";"ESSALUD";"II-1";"00013910";"RENE TOCHE GROPPO";"241500";"HOSPITALIZACIÓN QUIRÚRGICA GINECOLOGÍA  ";"34";"28";"111";"101";"4";"124";"1"
"2023";"07";"110201";"ICA";"CHINCHA";"CHINCHA ALTA";"ESSALUD";"II-1";"00013910";"RENE TOCHE GROPPO";"241600";"HOSPITALIZACIÓN QUIRÚRGICA OBSTETRICIA   ";"108";"108";"234";"225";"20";"620";"0"
"2023";"07";"110201";"ICA";"CHINCHA";"CHINCHA ALTA";"ESSALUD";"II-1";"00013910";"RENE TOCHE GROPPO";"242300";"HOSPITALIZACIÓN DE PEDIATRÍA  PEDIATRÍA  GENERAL ";"94";"67";"197";"187";"8";"248";"0"
"2023";"07";"110201";"ICA";"CHINCHA";"CHINCHA ALTA";"ESSALUD";"II-1";"00013910";"RENE TOCHE GROPPO";"243200";"HOSPITALIZACIÓN DE PEDIATRÍA PEDIATRIA NEONATOLOGÍA";"102";"73";"102";"121";"12";"372";"0"
"2023";"07";"110201";"ICA";"CHINCHA";"CHINCHA ALTA";"ESSALUD";"II-1";"00013910";"RENE TOCHE GROPPO";"250304";"HOSPIT. EN UNIDAD DE CUID.INTEN.-UNIDAD DE VIGILANCIA INTENSIVA (UVI)-MEDICINA";"60";"6";"12";"59";"4";"124";"0"
"2023";"07";"110201";"ICA";"CHINCHA";"CHINCHA ALTA";"ESSALUD";"II-1";"00013910";"RENE TOCHE GROPPO";"242204";"HOSPITALIZACIÓN DE MEDICINA PSIQUIATRÍA REHABILITACIÓN PSIQUIÁTRICA / REINSERCIÓN ";"0";"0";"0";"217";"8";"248";"0"
"2023";"08";"160201";"LORETO";"ALTO AMAZONAS";"YURIMAGUAS";"GOBIERNO REGIONAL";"II-2";"00000210";"HOSPITAL II-2 SANTA GEMA DE YURIMAGUAS";"241500";"HOSPITALIZACIÓN QUIRÚRGICA GINECOLOGÍA  ";"32";"33";"74";"74";"8";"248";"0"
"2023";"08";"160201";"LORETO";"ALTO AMAZONAS";"YURIMAGUAS";"GOBIERNO REGIONAL";"II-2";"00000210";"HOSPITAL II-2 SANTA GEMA DE YURIMAGUAS";"241600";"HOSPITALIZACIÓN QUIRÚRGICA OBSTETRICIA   ";"152";"167";"393";"393";"15";"775";"0"
"2023";"08";"160201";"LORETO";"ALTO AMAZONAS";"YURIMAGUAS";"GOBIERNO REGIONAL";"II-2";"00000210";"HOSPITAL II-2 SANTA GEMA DE YURIMAGUAS";"241900";"HOSPITALIZACIÓN DE MEDICINA MEDICINA INTERNA ";"72";"78";"1119";"477";"12";"775";"2"
"2023";"08";"160201";"LORETO";"ALTO AMAZONAS";"YURIMAGUAS";"GOBIERNO REGIONAL";"II-2";"00000210";"HOSPITAL II-2 SANTA GEMA DE YURIMAGUAS";"242500";"HOSPITALIZACIÓN-PEDIATRÍA GENERAL-";"48";"51";"206";"206";"8";"248";"1"
"2023";"08";"160201";"LORETO";"ALTO AMAZONAS";"YURIMAGUAS";"GOBIERNO REGIONAL";"II-2";"00000210";"HOSPITAL II-2 SANTA GEMA DE YURIMAGUAS";"243200";"HOSPITALIZACIÓN DE PEDIATRÍA PEDIATRIA NEONATOLOGÍA";"8";"10";"66";"118";"6";"248";"0"
"2023";"08";"160201";"LORETO";"ALTO AMAZONAS";"YURIMAGUAS";"GOBIERNO REGIONAL";"II-2";"00000210";"HOSPITAL II-2 SANTA GEMA DE YURIMAGUAS";"250103";"UNIDAD DE CUIDADOS CRITICOS UNIDAD  DE CUIDADOS INTENSIVOS GENERALES  (UCI) MEDICINA";"8";"10";"40";"6";"2";"217";"2"
"2023";"08";"160201";"LORETO";"ALTO AMAZONAS";"YURIMAGUAS";"GOBIERNO REGIONAL";"II-2";"00000210";"HOSPITAL II-2 SANTA GEMA DE YURIMAGUAS";"250105";"UNIDAD DE CUIDADOS CRITICOS UNIDAD  DE CUIDADOS INTENSIVOS  (UCI) NEONATOLOGÍA";"8";"10";"60";"6";"1";"31";"2"
"2023";"08";"021904";"ANCASH";"SIHUAS";"CASHAPAMPA";"GOBIERNO REGIONAL";"I-1";"00001798";"PUESTO DE SALUD PASACANCHA";"NE_0002";"";"NE_0002";"NE_0002";"NE_0002";"NE_0002";"NE_0002";"NE_0002";"NE_0002"
"2023";"08";"021909";"ANCASH";"SIHUAS";"SAN JUAN";"GOBIERNO REGIONAL";"I-2";"00001809";"PUESTO DE SALUD ANDAYMAYO";"NE_0002";"";"NE_0002";"NE_0002";"NE_0002";"NE_0002";"NE_0002";"NE_0002";"NE_0002"
"2023";"08";"021909";"ANCASH";"SIHUAS";"SAN JUAN";"GOBIERNO REGIONAL";"I-2";"00001808";"PUESTO DE SALUD SAN JUAN CHULLIN";"NE_0002";"";"NE_0002";"NE_0002";"NE_0002";"NE_0002";"NE_0002";"NE_0002";"NE_0002"
"2023";"08";"021909";"ANCASH";"SIHUAS";"SAN JUAN";"GOBIERNO REGIONAL";"I-1";"00001810";"PUESTO DE SALUD CHINCHOBAMBA";"NE_0002";"";"NE_0002";"NE_0002";"NE_0002";"NE_0002";"NE_0002";"NE_0002";"NE_0002"
"2023";"08";"021904";"ANCASH";"SIHUAS";"CASHAPAMPA";"GOBIERNO REGIONAL";"I-1";"00001797";"PUESTO DE SALUD CASHAPAMPA";"NE_0002";"";"NE_0002";"NE_0002";"NE_0002";"NE_0002";"NE_0002";"NE_0002";"NE_0002"
"2023";"08";"021906";"ANCASH";"SIHUAS";"HUAYLLABAMBA";"GOBIERNO REGIONAL";"I-1";"00001804";"PUESTO DE SALUD PIRPO";"NE_0002";"";"NE_0002";"NE_0002";"NE_0002";"NE_0002";"NE_0002";"NE_0002";"NE_0002"
"2023";"08";"021910";"ANCASH";"SIHUAS";"SICSIBAMBA";"GOBIERNO REGIONAL";"I-2";"00001811";"PUESTO DE SALUD SICSIBAMBA";"NE_0002";"";"NE_0002";"NE_0002";"NE_0002";"NE_0002";"NE_0002";"NE_0002";"NE_0002"
"2023";"08";"021910";"ANCASH";"SIHUAS";"SICSIBAMBA";"GOBIERNO REGIONAL";"I-1";"00001812";"PUESTO DE SALUD UMBE";"NE_0002";"";"NE_0002";"NE_0002";"NE_0002";"NE_0002";"NE_0002";"NE_0002";"NE_0002"
"2023";"08";"021901";"ANCASH";"SIHUAS";"SIHUAS";"GOBIERNO REGIONAL";"I-1";"00009731";"PUESTO DE SALUD SAURAPA";"NE_0002";"";"NE_0002";"NE_0002";"NE_0002";"NE_0002";"NE_0002";"NE_0002";"NE_0002"
"2023";"08";"021906";"ANCASH";"SIHUAS";"HUAYLLABAMBA";"GOBIERNO REGIONAL";"I-3";"00001802";"CENTRO DE SALUD HUAYLLABAMBA";"NE_0002";"";"NE_0002";"NE_0002";"NE_0002";"NE_0002";"NE_0002";"NE_0002";"NE_0002"
"2023";"08";"021908";"ANCASH";"SIHUAS";"RAGASH";"GOBIERNO REGIONAL";"I-1";"00009734";"PUESTO DE SALUD QUINGAO";"NE_0002";"";"NE_0002";"NE_0002";"NE_0002";"NE_0002";"NE_0002";"NE_0002";"NE_0002"
"2023";"08";"051005";"AYACUCHO";"VICTOR FAJARDO";"CANARIA";"GOBIERNO REGIONAL";"I-1";"00003825";"PUESTO DE SALUD RACCAYA";"NE_0001";"";"NE_0001";"NE_0001";"NE_0001";"NE_0001";"NE_0001";"NE_0001";"NE_0001"
"2023";"08";"051005";"AYACUCHO";"VICTOR FAJARDO";"CANARIA";"GOBIERNO REGIONAL";"I-1";"00003827";"PUESTO DE SALUD UMASI";"NE_0002";"";"NE_0002";"NE_0002";"NE_0002";"NE_0002";"NE_0002";"NE_0002";"NE_0002"
"2023";"08";"051009";"AYACUCHO";"VICTOR FAJARDO";"HUANCARAYLLA";"GOBIERNO REGIONAL";"I-1";"00003837";"PUESTO DE SALUD CIRCAMARCA";"NE_0002";"";"NE_0002";"NE_0002";"NE_0002";"NE_0002";"NE_0002";"NE_0002";"NE_0002"
"2023";"08";"051004";"AYACUCHO";"VICTOR FAJARDO";"ASQUIPATA";"GOBIERNO REGIONAL";"I-1";"00003822";"PUESTO DE SALUD CHIHUIRE";"NE_0002";"";"NE_0002";"NE_0002";"NE_0002";"NE_0002";"NE_0002";"NE_0002";"NE_0002"
"2023";"08";"051010";"AYACUCHO";"VICTOR FAJARDO";"HUALLA";"GOBIERNO REGIONAL";"I-3";"00003829";"CENTRO DE SALUD HUALLA";"NE_0002";"";"NE_0002";"NE_0002";"NE_0002";"NE_0002";"NE_0002";"NE_0002";"NE_0002"
"2023";"08";"051010";"AYACUCHO";"VICTOR FAJARDO";"HUALLA";"GOBIERNO REGIONAL";"I-1";"00003830";"PUESTO DE SALUD TIQUIHUA";"NE_0002";"";"NE_0002";"NE_0002";"NE_0002";"NE_0002";"NE_0002";"NE_0002";"NE_0002"
"2023";"08";"051009";"AYACUCHO";"VICTOR FAJARDO";"HUANCARAYLLA";"GOBIERNO REGIONAL";"I-2";"00003838";"PUESTO DE SALUD HUANCARAYLLA";"NE_0002";"";"NE_0002";"NE_0002";"NE_0002";"NE_0002";"NE_0002";"NE_0002";"NE_0002"
"2023";"08";"051005";"AYACUCHO";"VICTOR FAJARDO";"CANARIA";"GOBIERNO REGIONAL";"I-2";"00003826";"PUESTO DE SALUD TACA";"NE_0002";"";"NE_0002";"NE_0002";"NE_0002";"NE_0002";"NE_0002";"NE_0002";"NE_0002"
"2023";"08";"051008";"AYACUCHO";"VICTOR FAJARDO";"HUAMANQUIQUIA";"GOBIERNO REGIONAL";"I-2";"00003831";"PUESTO DE SALUD HUAMANQUIQUIA";"NE_0002";"";"NE_0002";"NE_0002";"NE_0002";"NE_0002";"NE_0002";"NE_0002";"NE_0002"
"2023";"08";"051108";"AYACUCHO";"VILCAS HUAMAN";"VISCHONGO";"GOBIERNO REGIONAL";"I-1";"00003840";"PUESTO DE SALUD UMARO";"NE_0002";"";"NE_0002";"NE_0002";"NE_0002";"NE_0002";"NE_0002";"NE_0002";"NE_0002"
"2023";"08";"051004";"AYACUCHO";"VICTOR FAJARDO";"ASQUIPATA";"GOBIERNO REGIONAL";"I-1";"00003821";"PUESTO DE SALUD ASQUIPATA";"NE_0002";"";"NE_0002";"NE_0002";"NE_0002";"NE_0002";"NE_0002";"NE_0002";"NE_0002"
"2023";"08";"051004";"AYACUCHO";"VICTOR FAJARDO";"ASQUIPATA";"GOBIERNO REGIONAL";"I-1";"00003823";"PUESTO DE SALUD MORCOLLA CHICO";"NE_0002";"";"NE_0002";"NE_0002";"NE_0002";"NE_0002";"NE_0002";"NE_0002";"NE_0002"
"2023";"08";"051008";"AYACUCHO";"VICTOR FAJARDO";"HUAMANQUIQUIA";"GOBIERNO REGIONAL";"I-1";"00003833";"PUESTO DE SALUD TINCA";"NE_0002";"";"NE_0002";"NE_0002";"NE_0002";"NE_0002";"NE_0002";"NE_0002";"NE_0002"
"2023";"08";"051007";"AYACUCHO";"VICTOR FAJARDO";"COLCA";"GOBIERNO REGIONAL";"I-1";"00003836";"PUESTO DE SALUD QUILLA";"NE_0002";"";"NE_0002";"NE_0002";"NE_0002";"NE_0002";"NE_0002";"NE_0002";"NE_0002"
"2023";"08";"051005";"AYACUCHO";"VICTOR FAJARDO";"CANARIA";"GOBIERNO REGIONAL";"I-3";"00003824";"CENTRO DE SALUD CANARIA";"NE_0002";"";"NE_0002";"NE_0002";"NE_0002";"NE_0002";"NE_0002";"NE_0002";"NE_0002"
"2023";"08";"051006";"AYACUCHO";"VICTOR FAJARDO";"CAYARA";"GOBIERNO REGIONAL";"I-2";"00003828";"PUESTO DE SALUD CAYARA";"NE_0002";"";"NE_0002";"NE_0002";"NE_0002";"NE_0002";"NE_0002";"NE_0002";"NE_0002"
"2023";"08";"150121";"LIMA";"LIMA";"PUEBLO LIBRE";"PRIVADO";"II-E";"00011741";"CLÍNICA NORVISION";"NE_0001";"";"NE_0001";"NE_0001";"NE_0001";"NE_0001";"NE_0001";"NE_0001";"NE_0001"
"2023";"08";"040411";"AREQUIPA";"CASTILLA";"TIPAN";"GOBIERNO REGIONAL";"I-1";"00001400";"PUESTO DE SALUD TIPAN";"NE_0001";"";"NE_0001";"NE_0001";"NE_0001";"NE_0001";"NE_0001";"NE_0001";"NE_0001"
"2023";"08";"040412";"AREQUIPA";"CASTILLA";"UÑON";"GOBIERNO REGIONAL";"I-2";"00001403";"PUESTO DE SALUD UÑON";"NE_0001";"";"NE_0001";"NE_0001";"NE_0001";"NE_0001";"NE_0001";"NE_0001";"NE_0001"
"2023";"08";"040414";"AREQUIPA";"CASTILLA";"VIRACO";"GOBIERNO REGIONAL";"I-1";"00006766";"PUESTO DE SALUD HUAMI";"NE_0001";"";"NE_0001";"NE_0001";"NE_0001";"NE_0001";"NE_0001";"NE_0001";"NE_0001"
"2023";"08";"040408";"AREQUIPA";"CASTILLA";"MACHAGUAY";"GOBIERNO REGIONAL";"I-2";"00001402";"PUESTO DE SALUD MACHAGUAY";"NE_0001";"";"NE_0001";"NE_0001";"NE_0001";"NE_0001";"NE_0001";"NE_0001";"NE_0001"
"2023";"08";"040411";"AREQUIPA";"CASTILLA";"TIPAN";"GOBIERNO REGIONAL";"I-1";"00001401";"PUESTO DE SALUD TAGRE";"NE_0001";"";"NE_0001";"NE_0001";"NE_0001";"NE_0001";"NE_0001";"NE_0001";"NE_0001"
"2023";"08";"040414";"AREQUIPA";"CASTILLA";"VIRACO";"GOBIERNO REGIONAL";"I-3";"00001386";"CENTRO DE SALUD VIRACO";"NE_0001";"";"NE_0001";"NE_0001";"NE_0001";"NE_0001";"NE_0001";"NE_0001";"NE_0001"
"2023";"08";"120709";"JUNIN";"TARMA";"TAPO";"GOBIERNO REGIONAL";"I-1";"00000581";"QUETA";"NE_0001";"";"NE_0001";"NE_0001";"NE_0001";"NE_0001";"NE_0001";"NE_0001";"NE_0001"
"2023";"08";"120709";"JUNIN";"TARMA";"TAPO";"GOBIERNO REGIONAL";"I-2";"00000577";"TAPO";"NE_0001";"";"NE_0001";"NE_0001";"NE_0001";"NE_0001";"NE_0001";"NE_0001";"NE_0001"
"2023";"08";"120709";"JUNIN";"TARMA";"TAPO";"GOBIERNO REGIONAL";"I-1";"00000580";"CASACOTO - SAN ANTONIO";"NE_0001";"";"NE_0001";"NE_0001";"NE_0001";"NE_0001";"NE_0001";"NE_0001";"NE_0001"
"2023";"08";"120709";"JUNIN";"TARMA";"TAPO";"GOBIERNO REGIONAL";"I-1";"00000582";"PACCHAC";"NE_0001";"";"NE_0001";"NE_0001";"NE_0001";"NE_0001";"NE_0001";"NE_0001";"NE_0001"
"2023";"08";"050104";"AYACUCHO";"HUAMANGA";"CARMEN ALTO";"GOBIERNO REGIONAL";"I-1";"00011354";"PUESTO DE SALUD YANAMA";"NE_0001";"";"NE_0001";"NE_0001";"NE_0001";"NE_0001";"NE_0001";"NE_0001";"NE_0001"
"2023";"08";"050104";"AYACUCHO";"HUAMANGA";"CARMEN ALTO";"GOBIERNO REGIONAL";"I-1";"00003561";"POKRAS";"NE_0001";"";"NE_0001";"NE_0001";"NE_0001";"NE_0001";"NE_0001";"NE_0001";"NE_0001"
"2023";"08";"050104";"AYACUCHO";"HUAMANGA";"CARMEN ALTO";"GOBIERNO REGIONAL";"I-1";"00011354";"PUESTO DE SALUD YANAMA";"NE_0001";"";"NE_0001";"NE_0001";"NE_0001";"NE_0001";"NE_0001";"NE_0001";"NE_0001"
"2023";"05";"220503";"SAN MARTIN";"LAMAS";"BARRANQUITA";"GOBIERNO REGIONAL";"I-1";"00006435";"SANTA CLARA";"NE_0001";"";"NE_0001";"NE_0001";"NE_0001";"NE_0001";"NE_0001";"NE_0001";"NE_0001"
"2023";"05";"220503";"SAN MARTIN";"LAMAS";"BARRANQUITA";"GOBIERNO REGIONAL";"I-1";"00006433";"PUERTO PIZARRO";"NE_0001";"";"NE_0001";"NE_0001";"NE_0001";"NE_0001";"NE_0001";"NE_0001";"NE_0001"
"2023";"05";"220503";"SAN MARTIN";"LAMAS";"BARRANQUITA";"GOBIERNO REGIONAL";"I-1";"00006434";"SANTIAGO DE BORJA";"NE_0001";"";"NE_0001";"NE_0001";"NE_0001";"NE_0001";"NE_0001";"NE_0001";"NE_0001"
"2023";"07";"050104";"AYACUCHO";"HUAMANGA";"CARMEN ALTO";"GOBIERNO REGIONAL";"I-1";"00011354";"PUESTO DE SALUD YANAMA";"NE_0001";"";"NE_0001";"NE_0001";"NE_0001";"NE_0001";"NE_0001";"NE_0001";"NE_0001"
"2023";"07";"050104";"AYACUCHO";"HUAMANGA";"CARMEN ALTO";"GOBIERNO REGIONAL";"I-1";"00003561";"POKRAS";"NE_0001";"";"NE_0001";"NE_0001";"NE_0001";"NE_0001";"NE_0001";"NE_0001";"NE_0001"
"2023";"07";"050104";"AYACUCHO";"HUAMANGA";"CARMEN ALTO";"GOBIERNO REGIONAL";"I-1";"00011354";"PUESTO DE SALUD YANAMA";"NE_0001";"";"NE_0001";"NE_0001";"NE_0001";"NE_0001";"NE_0001";"NE_0001";"NE_0001"
"2023";"07";"050104";"AYACUCHO";"HUAMANGA";"CARMEN ALTO";"GOBIERNO REGIONAL";"I-3";"00003560";"CENTRO DE SALUD CARMEN ALTO";"241600";"HOSPITALIZACIÓN QUIRÚRGICA OBSTETRICIA   ";"16";"16";"30";"16";"3";"5";"0"
"2023";"07";"050104";"AYACUCHO";"HUAMANGA";"CARMEN ALTO";"GOBIERNO REGIONAL";"I-3";"00003562";"CENTRO DE SALUD VISTA ALEGRE";"241600";"HOSPITALIZACIÓN QUIRÚRGICA OBSTETRICIA   ";"4";"4";"8";"2";"2";"4";"0"
"2023";"07";"220907";"SAN MARTIN";"SAN MARTIN";"HUIMBAYOC";"GOBIERNO REGIONAL";"I-1";"00006445";"SANTA MARTHA";"NE_0002";"";"NE_0002";"NE_0002";"NE_0002";"NE_0002";"NE_0002";"NE_0002";"NE_0002"
"2023";"07";"220905";"SAN MARTIN";"SAN MARTIN";"CHIPURANA";"GOBIERNO REGIONAL";"I-1";"00006440";"TIPISHCA";"NE_0002";"";"NE_0002";"NE_0002";"NE_0002";"NE_0002";"NE_0002";"NE_0002";"NE_0002"
"2023";"07";"220907";"SAN MARTIN";"SAN MARTIN";"HUIMBAYOC";"GOBIERNO REGIONAL";"I-1";"00006443";"LECHE";"NE_0002";"";"NE_0002";"NE_0002";"NE_0002";"NE_0002";"NE_0002";"NE_0002";"NE_0002"
"2023";"07";"220907";"SAN MARTIN";"SAN MARTIN";"HUIMBAYOC";"GOBIERNO REGIONAL";"I-1";"00006441";"MIRAFLORES";"NE_0002";"";"NE_0002";"NE_0002";"NE_0002";"NE_0002";"NE_0002";"NE_0002";"NE_0002"
"2023";"07";"220907";"SAN MARTIN";"SAN MARTIN";"HUIMBAYOC";"GOBIERNO REGIONAL";"I-1";"00006447";"PUCALLPA";"NE_0002";"";"NE_0002";"NE_0002";"NE_0002";"NE_0002";"NE_0002";"NE_0002";"NE_0002"
"2023";"07";"220907";"SAN MARTIN";"SAN MARTIN";"HUIMBAYOC";"GOBIERNO REGIONAL";"I-3";"00006437";"HUIMBAYOC";"241800";"HOSPITALIZACIÓN DE MEDICINA MEDICINA GENERAL ";"2";"2";"2";"2";"2";"62";"0"
"2023";"07";"100604";"HUANUCO";"LEONCIO PRADO";"JOSE CRESPO Y CASTILLO";"ESSALUD";"I-2";"00027083";"POSTA MÉDICA AUCAYACU";"NE_0001";"";"NE_0001";"NE_0001";"NE_0001";"NE_0001";"NE_0001";"NE_0001";"NE_0001"
"2023";"07";"100511";"HUANUCO";"HUAMALIES";"TANTAMAYO";"GOBIERNO REGIONAL";"I-2";"00000903";"TANTAMAYO";"NE_0001";"";"NE_0001";"NE_0001";"NE_0001";"NE_0001";"NE_0001";"NE_0001";"NE_0001"
"2023";"07";"100511";"HUANUCO";"HUAMALIES";"TANTAMAYO";"GOBIERNO REGIONAL";"I-1";"00011166";"PAMPA FLORIDA";"NE_0001";"";"NE_0001";"NE_0001";"NE_0001";"NE_0001";"NE_0001";"NE_0001";"NE_0001"
"2023";"07";"100511";"HUANUCO";"HUAMALIES";"TANTAMAYO";"GOBIERNO REGIONAL";"I-1";"00022037";"SAN PEDRO DE  PARIARCA";"NE_0001";"";"NE_0001";"NE_0001";"NE_0001";"NE_0001";"NE_0001";"NE_0001";"NE_0001"
"2023";"09";"110101";"ICA";"ICA";"ICA";"PRIVADO";"II-1";"00018450";"CLÍNICA S. MORALES S.R.L";"241200";"HOSPITALIZACIÓN QUIRÚRGICA TRAUMATOLOGÍA Y ORTOPEDIA ";"28";"28";"30";"28";"6";"186";"0"
"2023";"09";"040101";"AREQUIPA";"AREQUIPA";"AREQUIPA";"PRIVADO";"I-4";"00014765";"CENTRO MEDICO MONTE CARMELO";"240000";"HOSPITALIZACIÓN";"10";"10";"32";"30";"10";"300";"1"
"2023";"09";"200601";"PIURA";"SULLANA";"SULLANA";"PRIVADO";"II-1";"00016148";"CLINICA OLGUIN";"240100";"HOSPITALIZACIÓN QUIRÚRGICA CIRUGÍA GENERAL ";"162";"165";"221";"225";"14";"420";"0"
"2023";"09";"200601";"PIURA";"SULLANA";"SULLANA";"PRIVADO";"II-1";"00016148";"CLINICA OLGUIN";"241400";"HOSPITALIZACIÓN QUIRÚRGICA GINECO - OBSTETRICIA ";"163";"167";"212";"298";"14";"420";"0"
"2023";"09";"070106";"CALLAO";"CALLAO";"VENTANILLA";"GOBIERNO REGIONAL";"I-2";"00006259";"PUESTO DE SALUD VENTANILLA ESTE";"NE_0001";"";"NE_0001";"NE_0001";"NE_0001";"NE_0001";"NE_0001";"NE_0001";"NE_0001"
"2023";"09";"040112";"AREQUIPA";"AREQUIPA";"PAUCARPATA";"ESSALUD";"I-2";"00012194";"CAP III - PAUCARPATA";"NE_0001";"";"NE_0001";"NE_0001";"NE_0001";"NE_0001";"NE_0001";"NE_0001";"NE_0001"
"2023";"09";"130504";"LA LIBERTAD";"JULCAN";"HUASO";"GOBIERNO REGIONAL";"I-2";"00005313";"PARASIVE";"NE_0002";"";"NE_0002";"NE_0002";"NE_0002";"NE_0002";"NE_0002";"NE_0002";"NE_0002"
"2023";"09";"130504";"LA LIBERTAD";"JULCAN";"HUASO";"GOBIERNO REGIONAL";"I-2";"00005335";"UNINGAMBAL";"NE_0001";"";"NE_0001";"NE_0001";"NE_0001";"NE_0001";"NE_0001";"NE_0001";"NE_0001"
"2023";"09";"130504";"LA LIBERTAD";"JULCAN";"HUASO";"GOBIERNO REGIONAL";"I-3";"00006771";"CANRAZ";"NE_0001";"";"NE_0001";"NE_0001";"NE_0001";"NE_0001";"NE_0001";"NE_0001";"NE_0001"
"2023";"09";"110501";"ICA";"PISCO";"PISCO";"PRIVADO";"0";"00024336";"CENTRO DE MEDICINA FISICA Y REHABILITACION";"NE_0001";"";"NE_0001";"NE_0001";"NE_0001";"NE_0001";"NE_0001";"NE_0001";"NE_0001"
"2023";"09";"040109";"AREQUIPA";"AREQUIPA";"MARIANO MELGAR";"GOBIERNO REGIONAL";"I-4";"00001294";"CENTRO DE SALUD MARIANO MELGAR";"241600";"HOSPITALIZACIÓN QUIRÚRGICA OBSTETRICIA   ";"12";"12";"16";"12";"3";"192";"0"
"2023";"09";"040109";"AREQUIPA";"AREQUIPA";"MARIANO MELGAR";"GOBIERNO REGIONAL";"I-2";"00001308";"PUESTO DE SALUD ATALAYA";"NE_0001";"";"NE_0001";"NE_0001";"NE_0001";"NE_0001";"NE_0001";"NE_0001";"NE_0001"
"2023";"09";"150140";"LIMA";"LIMA";"SANTIAGO DE SURCO";"PRIVADO";"II-E";"00011113";"CLINICA MONTERRICO";"240000";"HOSPITALIZACIÓN";"40";"43";"60";"83";"5";"150";"0"
"2023";"09";"040109";"AREQUIPA";"AREQUIPA";"MARIANO MELGAR";"PRIVADO";"II-E";"00019481";"CLINICA J. PRADO SANTA MARIA E.I.R.L.";"240000";"HOSPITALIZACIÓN";"243";"242";"381";"374";"35";"1050";"0"
"2023";"09";"060101";"CAJAMARCA";"CAJAMARCA";"CAJAMARCA";"PRIVADO";"I-3";"00029378";"SALUD OCUPACIONAL  EL GALENO";"NE_0001";"";"NE_0001";"NE_0001";"NE_0001";"NE_0001";"NE_0001";"NE_0001";"NE_0001"
"2023";"09";"021601";"ANCASH";"POMABAMBA";"POMABAMBA";"GOBIERNO REGIONAL";"I-1";"00001771";"PUESTO DE SALUD CHOGO";"NE_0002";"";"NE_0002";"NE_0002";"NE_0002";"NE_0002";"NE_0002";"NE_0002";"NE_0002"
"2023";"09";"021603";"ANCASH";"POMABAMBA";"PAROBAMBA";"GOBIERNO REGIONAL";"I-1";"00001776";"PUESTO DE SALUD PAROBAMBA NUEVO";"NE_0002";"";"NE_0002";"NE_0002";"NE_0002";"NE_0002";"NE_0002";"NE_0002";"NE_0002"
"2023";"09";"220913";"SAN MARTIN";"SAN MARTIN";"SAUCE";"GOBIERNO REGIONAL";"I-1";"00006381";"DOS DE MAYO";"NE_0001";"";"NE_0001";"NE_0001";"NE_0001";"NE_0001";"NE_0001";"NE_0001";"NE_0001"
"2023";"09";"220913";"SAN MARTIN";"SAN MARTIN";"SAUCE";"GOBIERNO REGIONAL";"I-3";"00006380";"SAUCE";"241600";"HOSPITALIZACIÓN QUIRÚRGICA OBSTETRICIA   ";"10";"10";"10";"10";"2";"60";"0"
"2023";"09";"120427";"JUNIN";"JAUJA";"RICRAN";"GOBIERNO REGIONAL";"I-1";"00000421";"APAYCANCHA";"NE_0001";"";"NE_0001";"NE_0001";"NE_0001";"NE_0001";"NE_0001";"NE_0001";"NE_0001"
"2023";"09";"120424";"JUNIN";"JAUJA";"PANCAN";"GOBIERNO REGIONAL";"I-1";"00000417";"PANCAN";"NE_0001";"";"NE_0001";"NE_0001";"NE_0001";"NE_0001";"NE_0001";"NE_0001";"NE_0001"
"2023";"09";"120424";"JUNIN";"JAUJA";"PANCAN";"GOBIERNO REGIONAL";"I-1";"00000418";"HUASQUICHA";"NE_0001";"";"NE_0001";"NE_0001";"NE_0001";"NE_0001";"NE_0001";"NE_0001";"NE_0001"
"2023";"09";"120433";"JUNIN";"JAUJA";"YAULI";"GOBIERNO REGIONAL";"I-2";"00000423";"YAULI - JAUJA";"NE_0001";"";"NE_0001";"NE_0001";"NE_0001";"NE_0001";"NE_0001";"NE_0001";"NE_0001"
"2023";"09";"120427";"JUNIN";"JAUJA";"RICRAN";"GOBIERNO REGIONAL";"I-2";"00000419";"RICRAN";"NE_0001";"";"NE_0001";"NE_0001";"NE_0001";"NE_0001";"NE_0001";"NE_0001";"NE_0001"
"2023";"09";"120429";"JUNIN";"JAUJA";"SAN PEDRO DE CHUNAN";"GOBIERNO REGIONAL";"I-1";"00000422";"SAN PEDRO DE CHUNAN";"NE_0001";"";"NE_0001";"NE_0001";"NE_0001";"NE_0001";"NE_0001";"NE_0001";"NE_0001"
"2023";"09";"140101";"LAMBAYEQUE";"CHICLAYO";"CHICLAYO";"PRIVADO";"II-E";"00011129";"MAX SALUD AVISAL S.A.";"244700";"HOSPITALIZACIÓN DE MEDICINA NEUROLOGIA  ";"1";"1";"5";"4";"1";"30";"0"
"2023";"09";"140101";"LAMBAYEQUE";"CHICLAYO";"CHICLAYO";"PRIVADO";"II-E";"00011129";"MAX SALUD AVISAL S.A.";"243500";"HOSPITALIZACIÓN DE PEDIATRÍA PEDIATRIA OFTALMOLOGÍA PEDIÁTRICA";"4";"4";"9";"7";"3";"90";"0"
"2023";"09";"140101";"LAMBAYEQUE";"CHICLAYO";"CHICLAYO";"PRIVADO";"II-E";"00011129";"MAX SALUD AVISAL S.A.";"242400";"HOSPITALIZACIÓN DE PEDIATRÍA ADOLESCENTES ";"7";"8";"32";"28";"4";"124";"0"
"2023";"09";"140101";"LAMBAYEQUE";"CHICLAYO";"CHICLAYO";"PRIVADO";"II-E";"00011129";"MAX SALUD AVISAL S.A.";"241500";"HOSPITALIZACIÓN QUIRÚRGICA GINECOLOGÍA  ";"7";"8";"17";"11";"7";"217";"0"
"2023";"09";"140101";"LAMBAYEQUE";"CHICLAYO";"CHICLAYO";"PRIVADO";"II-E";"00011129";"MAX SALUD AVISAL S.A.";"241400";"HOSPITALIZACIÓN QUIRÚRGICA GINECO - OBSTETRICIA ";"7";"7";"17";"11";"3";"90";"0"
"2023";"09";"140101";"LAMBAYEQUE";"CHICLAYO";"CHICLAYO";"PRIVADO";"II-E";"00011129";"MAX SALUD AVISAL S.A.";"241300";"HOSPITALIZACIÓN QUIRÚRGICA UROLOGÍA  ";"11";"10";"15";"9";"6";"180";"0"
"2023";"09";"140101";"LAMBAYEQUE";"CHICLAYO";"CHICLAYO";"PRIVADO";"II-E";"00011129";"MAX SALUD AVISAL S.A.";"241200";"HOSPITALIZACIÓN QUIRÚRGICA TRAUMATOLOGÍA Y ORTOPEDIA ";"1";"1";"1";"1";"1";"30";"0"
"2023";"09";"140101";"LAMBAYEQUE";"CHICLAYO";"CHICLAYO";"PRIVADO";"II-E";"00011129";"MAX SALUD AVISAL S.A.";"240100";"HOSPITALIZACIÓN QUIRÚRGICA CIRUGÍA GENERAL ";"29";"27";"54";"37";"11";"341";"0"
"2023";"09";"120114";"JUNIN";"HUANCAYO";"EL TAMBO";"PRIVADO";"II-E";"00027694";"CHENET CLINICA ESPECIALIZADA";"240100";"HOSPITALIZACIÓN QUIRÚRGICA CIRUGÍA GENERAL ";"39";"41";"167";"106";"10";"300";"0"
"2023";"09";"220201";"SAN MARTIN";"BELLAVISTA";"BELLAVISTA";"ESSALUD";"I-2";"00016482";"POSTA MEDICA BELLAVISTA - ESSALUD";"NE_0001";"";"NE_0001";"NE_0001";"NE_0001";"NE_0001";"NE_0001";"NE_0001";"NE_0001"
"2023";"09";"050503";"AYACUCHO";"LA MAR";"AYNA";"GOBIERNO REGIONAL";"II-1";"00003754";"HOSPITAL DE APOYO SAN FRANCISCO";"240100";"HOSPITALIZACIÓN QUIRÚRGICA CIRUGÍA GENERAL ";"27";"23";"88";"147";"6";"180";"0"
"2023";"09";"050503";"AYACUCHO";"LA MAR";"AYNA";"GOBIERNO REGIONAL";"II-1";"00003754";"HOSPITAL DE APOYO SAN FRANCISCO";"241400";"HOSPITALIZACIÓN QUIRÚRGICA GINECO - OBSTETRICIA ";"60";"52";"166";"213";"10";"300";"0"
"2023";"09";"050503";"AYACUCHO";"LA MAR";"AYNA";"GOBIERNO REGIONAL";"II-1";"00003754";"HOSPITAL DE APOYO SAN FRANCISCO";"241800";"HOSPITALIZACIÓN DE MEDICINA MEDICINA GENERAL ";"26";"23";"98";"125";"6";"180";"1"
"2023";"09";"050503";"AYACUCHO";"LA MAR";"AYNA";"GOBIERNO REGIONAL";"II-1";"00003754";"HOSPITAL DE APOYO SAN FRANCISCO";"242200";"HOSPITALIZACIÓN DE MEDICINA PSIQUIATRÍA ";"6";"4";"79";"176";"8";"240";"0"
"2023";"09";"050503";"AYACUCHO";"LA MAR";"AYNA";"GOBIERNO REGIONAL";"II-1";"00003754";"HOSPITAL DE APOYO SAN FRANCISCO";"242500";"HOSPITALIZACIÓN-PEDIATRÍA GENERAL-";"15";"13";"60";"98";"5";"150";"0"
"2023";"09";"050503";"AYACUCHO";"LA MAR";"AYNA";"GOBIERNO REGIONAL";"II-1";"00003754";"HOSPITAL DE APOYO SAN FRANCISCO";"243200";"HOSPITALIZACIÓN DE PEDIATRÍA PEDIATRIA NEONATOLOGÍA";"28";"25";"68";"110";"5";"150";"0"
"2023";"09";"060812";"CAJAMARCA";"JAEN";"SANTA ROSA";"GOBIERNO REGIONAL";"I-3";"00004261";"SANTA ROSA";"NE_0001";"";"NE_0001";"NE_0001";"NE_0001";"NE_0001";"NE_0001";"NE_0001";"NE_0001"
"2023";"09";"130105";"LA LIBERTAD";"TRUJILLO";"LA ESPERANZA";"ESSALUD";"III-E";"00020925";"HOSPITAL DE ALTA COMPLEJIDAD DE LA LIBERTAD VIRGEN DE LA PUERTA";"241900";"HOSPITALIZACIÓN DE MEDICINA MEDICINA INTERNA ";"174";"279";"2908";"2616";"92";"2852";"16"
"2023";"09";"130105";"LA LIBERTAD";"TRUJILLO";"LA ESPERANZA";"ESSALUD";"III-E";"00020925";"HOSPITAL DE ALTA COMPLEJIDAD DE LA LIBERTAD VIRGEN DE LA PUERTA";"250100";"UNIDAD DE CUIDADOS CRITICOS UNIDAD  DE CUIDADOS INTENSIVOS GENERALES (UCI) ";"24";"4";"114";"361";"12";"372";"2"
"2023";"09";"130105";"LA LIBERTAD";"TRUJILLO";"LA ESPERANZA";"ESSALUD";"III-E";"00020925";"HOSPITAL DE ALTA COMPLEJIDAD DE LA LIBERTAD VIRGEN DE LA PUERTA";"250200";"UNIDAD DE CUIDADOS CRITICOS UNIDAD DE CUIDADOS INTERMEDIOS GENERAL  (UCIN) ";"59";"17";"248";"537";"20";"620";"2"
"2023";"09";"130105";"LA LIBERTAD";"TRUJILLO";"LA ESPERANZA";"ESSALUD";"III-E";"00020925";"HOSPITAL DE ALTA COMPLEJIDAD DE LA LIBERTAD VIRGEN DE LA PUERTA";"240100";"HOSPITALIZACIÓN QUIRÚRGICA CIRUGÍA GENERAL ";"178";"191";"1055";"992";"38";"1178";"0"
"2023";"09";"130105";"LA LIBERTAD";"TRUJILLO";"LA ESPERANZA";"ESSALUD";"III-E";"00020925";"HOSPITAL DE ALTA COMPLEJIDAD DE LA LIBERTAD VIRGEN DE LA PUERTA";"241500";"HOSPITALIZACIÓN QUIRÚRGICA GINECOLOGÍA  ";"111";"115";"363";"392";"14";"434";"0"
"2023";"09";"130105";"LA LIBERTAD";"TRUJILLO";"LA ESPERANZA";"ESSALUD";"III-E";"00020925";"HOSPITAL DE ALTA COMPLEJIDAD DE LA LIBERTAD VIRGEN DE LA PUERTA";"242300";"HOSPITALIZACIÓN DE PEDIATRÍA  PEDIATRÍA  GENERAL ";"20";"51";"276";"276";"13";"403";"0"
"2023";"09";"150115";"LIMA";"LIMA";"LA VICTORIA";"ESSALUD";"III-2";"00009251";"HOSPITAL NACIONAL GUILLERMO ALMENARA IRIGOYEN";"240100";"HOSPITALIZACIÓN QUIRÚRGICA CIRUGÍA GENERAL ";"37";"50";"742";"384";"14";"420";"0"
"2023";"09";"150115";"LIMA";"LIMA";"LA VICTORIA";"ESSALUD";"III-2";"00009251";"HOSPITAL NACIONAL GUILLERMO ALMENARA IRIGOYEN";"244000";"HOSPITALIZACIÓN DE MEDICINA CARDIOLOGIA ";"33";"18";"179";"244";"9";"270";"0"
"2023";"09";"150115";"LIMA";"LIMA";"LA VICTORIA";"ESSALUD";"III-2";"00009251";"HOSPITAL NACIONAL GUILLERMO ALMENARA IRIGOYEN";"242205";"HOSPITALIZACIÓN MEDICINA PSIQUIATRÍA PISIQUIATRIA/ SALUD MENTAL Y ADICCIONES";"2";"6";"81";"51";"2";"60";"0"
"2023";"09";"150115";"LIMA";"LIMA";"LA VICTORIA";"ESSALUD";"III-2";"00009251";"HOSPITAL NACIONAL GUILLERMO ALMENARA IRIGOYEN";"244100";"HOSPITALIZACIÓN DE MEDICINA DERMATOLOGÍA    ";"25";"15";"207";"245";"9";"270";"0"
"2023";"09";"150115";"LIMA";"LIMA";"LA VICTORIA";"ESSALUD";"III-2";"00009251";"HOSPITAL NACIONAL GUILLERMO ALMENARA IRIGOYEN";"244200";"HOSPITALIZACIÓN DE MEDICINA ENDOCRINOLOGIA ";"19";"19";"337";"329";"12";"360";"0"
"2023";"09";"150115";"LIMA";"LIMA";"LA VICTORIA";"ESSALUD";"III-2";"00009251";"HOSPITAL NACIONAL GUILLERMO ALMENARA IRIGOYEN";"244300";"HOSPITALIZACIÓN DE MEDICINA GASTROENTEROLOGÍA  ";"51";"48";"1018";"963";"33";"990";"2"
"2023";"09";"150115";"LIMA";"LIMA";"LA VICTORIA";"ESSALUD";"III-2";"00009251";"HOSPITAL NACIONAL GUILLERMO ALMENARA IRIGOYEN";"244400";"HOSPITALIZACIÓN DE MEDICINA GERIATRIA ";"23";"26";"429";"499";"17";"510";"3"
"2023";"09";"150115";"LIMA";"LIMA";"LA VICTORIA";"ESSALUD";"III-2";"00009251";"HOSPITAL NACIONAL GUILLERMO ALMENARA IRIGOYEN";"244500";"HOSPITALIZACIÓN DE MEDICINA HEMATOLOGÍA ";"14";"14";"325";"334";"12";"360";"2"
"2023";"09";"150115";"LIMA";"LIMA";"LA VICTORIA";"ESSALUD";"III-2";"00009251";"HOSPITAL NACIONAL GUILLERMO ALMENARA IRIGOYEN";"244500";"HOSPITALIZACIÓN DE MEDICINA HEMATOLOGÍA ";"16";"16";"315";"288";"10";"300";"0"
"2023";"09";"150115";"LIMA";"LIMA";"LA VICTORIA";"ESSALUD";"III-2";"00009251";"HOSPITAL NACIONAL GUILLERMO ALMENARA IRIGOYEN";"241900";"HOSPITALIZACIÓN DE MEDICINA MEDICINA INTERNA ";"24";"27";"588";"996";"34";"1020";"1"
"2023";"09";"150115";"LIMA";"LIMA";"LA VICTORIA";"ESSALUD";"III-2";"00009251";"HOSPITAL NACIONAL GUILLERMO ALMENARA IRIGOYEN";"241900";"HOSPITALIZACIÓN DE MEDICINA MEDICINA INTERNA ";"56";"48";"1523";"1172";"40";"1200";"6"
"2023";"09";"150115";"LIMA";"LIMA";"LA VICTORIA";"ESSALUD";"III-2";"00009251";"HOSPITAL NACIONAL GUILLERMO ALMENARA IRIGOYEN";"241900";"HOSPITALIZACIÓN DE MEDICINA MEDICINA INTERNA ";"319";"278";"4786";"5234";"177";"5310";"21"
"2023";"09";"150115";"LIMA";"LIMA";"LA VICTORIA";"ESSALUD";"III-2";"00009251";"HOSPITAL NACIONAL GUILLERMO ALMENARA IRIGOYEN";"241900";"HOSPITALIZACIÓN DE MEDICINA MEDICINA INTERNA ";"62";"45";"728";"932";"32";"960";"3"
"2023";"09";"150115";"LIMA";"LIMA";"LA VICTORIA";"ESSALUD";"III-2";"00009251";"HOSPITAL NACIONAL GUILLERMO ALMENARA IRIGOYEN";"244600";"HOSPITALIZACIÓN DE MEDICINA NEFROLOGIA ";"57";"70";"920";"867";"30";"900";"0"
"2023";"09";"150115";"LIMA";"LIMA";"LA VICTORIA";"ESSALUD";"III-2";"00009251";"HOSPITAL NACIONAL GUILLERMO ALMENARA IRIGOYEN";"245300";"HOSPITALIZACIÓN DE MEDICINA NEUMOLOGÍA  ";"36";"36";"606";"584";"21";"630";"0"
"2023";"09";"150115";"LIMA";"LIMA";"LA VICTORIA";"ESSALUD";"III-2";"00009251";"HOSPITAL NACIONAL GUILLERMO ALMENARA IRIGOYEN";"244700";"HOSPITALIZACIÓN DE MEDICINA NEUROLOGIA  ";"26";"28";"441";"556";"19";"570";"0"
"2023";"09";"150115";"LIMA";"LIMA";"LA VICTORIA";"ESSALUD";"III-2";"00009251";"HOSPITAL NACIONAL GUILLERMO ALMENARA IRIGOYEN";"242100";"HOSPITALIZACIÓN DE MEDICINA ONCOLOGÍA MÉDICA ";"126";"130";"726";"562";"19";"570";"1"
"2023";"09";"150115";"LIMA";"LIMA";"LA VICTORIA";"ESSALUD";"III-2";"00009251";"HOSPITAL NACIONAL GUILLERMO ALMENARA IRIGOYEN";"242100";"HOSPITALIZACIÓN DE MEDICINA ONCOLOGÍA MÉDICA ";"14";"16";"315";"298";"10";"300";"0"
"2023";"09";"150115";"LIMA";"LIMA";"LA VICTORIA";"ESSALUD";"III-2";"00009251";"HOSPITAL NACIONAL GUILLERMO ALMENARA IRIGOYEN";"242202";"HOSPITALIZACIÓN DE MEDICINA PSIQUIATRÍA PSIQUIATRÍA DEL ADULTO Y GERONTE";"24";"21";"479";"565";"19";"570";"0"
"2023";"09";"150115";"LIMA";"LIMA";"LA VICTORIA";"ESSALUD";"III-2";"00009251";"HOSPITAL NACIONAL GUILLERMO ALMENARA IRIGOYEN";"242203";"HOSPITALIZACIÓN DE MEDICINA PSIQUIATRÍA PSIQUIATRÍA DEL NIÑO Y DEL ADOLESCENTE";"12";"11";"210";"245";"9";"270";"0"
"2023";"09";"150115";"LIMA";"LIMA";"LA VICTORIA";"ESSALUD";"III-2";"00009251";"HOSPITAL NACIONAL GUILLERMO ALMENARA IRIGOYEN";"245500";"HOSPITALIZACIÓN DE MEDICINA REUMATOLOGÍA    ";"19";"23";"349";"322";"11";"330";"0"
"2023";"09";"150115";"LIMA";"LIMA";"LA VICTORIA";"ESSALUD";"III-2";"00009251";"HOSPITAL NACIONAL GUILLERMO ALMENARA IRIGOYEN";"240200";"HOSPITALIZACIÓN QUIRÚRGICA CIRUGÍA DE CABEZA Y CUELLO / MÁXILO FACIAL ";"46";"43";"518";"492";"18";"540";"0"
"2023";"09";"150115";"LIMA";"LIMA";"LA VICTORIA";"ESSALUD";"III-2";"00009251";"HOSPITAL NACIONAL GUILLERMO ALMENARA IRIGOYEN";"240400";"HOSPITALIZACIÓN QUIRÚRGICA CIRUGÍA DE TÓRAX Y CARDIOVASCULAR ";"12";"7";"70";"81";"3";"90";"0"
"2023";"09";"150115";"LIMA";"LIMA";"LA VICTORIA";"ESSALUD";"III-2";"00009251";"HOSPITAL NACIONAL GUILLERMO ALMENARA IRIGOYEN";"241200";"HOSPITALIZACIÓN QUIRÚRGICA TRAUMATOLOGÍA Y ORTOPEDIA ";"35";"37";"319";"278";"10";"300";"0"
"2023";"09";"150115";"LIMA";"LIMA";"LA VICTORIA";"ESSALUD";"III-2";"00009251";"HOSPITAL NACIONAL GUILLERMO ALMENARA IRIGOYEN";"240400";"HOSPITALIZACIÓN QUIRÚRGICA CIRUGÍA DE TÓRAX Y CARDIOVASCULAR ";"22";"27";"476";"337";"12";"360";"0"
"2023";"09";"150115";"LIMA";"LIMA";"LA VICTORIA";"ESSALUD";"III-2";"00009251";"HOSPITAL NACIONAL GUILLERMO ALMENARA IRIGOYEN";"240801";"HOSPITALIZACIÓN QUIRÚRGICA CIRUGÍA PLÁSTICA/RECONSTRUCTIVA/ REPARADORA QUEMADOS";"19";"18";"216";"169";"6";"180";"0"
"2023";"04";"110101";"ICA";"ICA";"ICA";"PRIVADO";"II-1";"00012765";"SAN VICENTE";"240000";"HOSPITALIZACIÓN";"34";"35";"63";"37";"8";"240";"0"
"2023";"04";"040112";"AREQUIPA";"AREQUIPA";"PAUCARPATA";"SANIDAD DE LA POLICIA NACIONAL DEL PERU";"I-2";"00011664";"POSTA MEDICA POLICIAL ""SAN MARTIN DE PORRES""  AREQUIPA";"NE_0001";"";"NE_0001";"NE_0001";"NE_0001";"NE_0001";"NE_0001";"NE_0001";"NE_0001"
"2023";"04";"211101";"PUNO";"SAN ROMAN";"JULIACA";"PRIVADO";"II-E";"00028340";"SERVICIOS MEDICOS ASISTENCIALES  VIDA E.I.R.L.";"NE_0001";"";"NE_0001";"NE_0001";"NE_0001";"NE_0001";"NE_0001";"NE_0001";"NE_0001"
"2023";"05";"120302";"JUNIN";"CHANCHAMAYO";"PERENE";"GOBIERNO REGIONAL";"I-1";"00000322";"LIBERTAD TOTERANI";"NE_0001";"";"NE_0001";"NE_0001";"NE_0001";"NE_0001";"NE_0001";"NE_0001";"NE_0001"
"2023";"05";"120302";"JUNIN";"CHANCHAMAYO";"PERENE";"GOBIERNO REGIONAL";"I-1";"00000323";"INCHATINGARI";"NE_0001";"";"NE_0001";"NE_0001";"NE_0001";"NE_0001";"NE_0001";"NE_0001";"NE_0001"
"2023";"05";"120302";"JUNIN";"CHANCHAMAYO";"PERENE";"GOBIERNO REGIONAL";"I-1";"00000335";"ZONA PATRIA";"NE_0001";"";"NE_0001";"NE_0001";"NE_0001";"NE_0001";"NE_0001";"NE_0001";"NE_0001"
"2023";"05";"120302";"JUNIN";"CHANCHAMAYO";"PERENE";"GOBIERNO REGIONAL";"I-1";"00000329";"HUACAMAYO";"NE_0001";"";"NE_0001";"NE_0001";"NE_0001";"NE_0001";"NE_0001";"NE_0001";"NE_0001"
"2023";"05";"120304";"JUNIN";"CHANCHAMAYO";"SAN LUIS DE SHUARO";"GOBIERNO REGIONAL";"I-1";"00000336";"ALTO YAPAZ";"NE_0001";"";"NE_0001";"NE_0001";"NE_0001";"NE_0001";"NE_0001";"NE_0001";"NE_0001"
"2023";"05";"120302";"JUNIN";"CHANCHAMAYO";"PERENE";"GOBIERNO REGIONAL";"I-4";"00000318";"VILLA PERENE";"241800";"HOSPITALIZACIÓN DE MEDICINA MEDICINA GENERAL ";"10";"11";"24";"21";"9";"279";"0"
"2023";"05";"120302";"JUNIN";"CHANCHAMAYO";"PERENE";"GOBIERNO REGIONAL";"I-4";"00000318";"VILLA PERENE";"241600";"HOSPITALIZACIÓN QUIRÚRGICA OBSTETRICIA   ";"5";"9";"16";"12";"3";"93";"0"
"2023";"05";"120302";"JUNIN";"CHANCHAMAYO";"PERENE";"GOBIERNO REGIONAL";"I-1";"00000332";"ALTO SAN JUAN";"NE_0001";"";"NE_0001";"NE_0001";"NE_0001";"NE_0001";"NE_0001";"NE_0001";"NE_0001"
"2023";"05";"120302";"JUNIN";"CHANCHAMAYO";"PERENE";"GOBIERNO REGIONAL";"I-1";"00000333";"CENTRO TOTERANI";"NE_0001";"";"NE_0001";"NE_0001";"NE_0001";"NE_0001";"NE_0001";"NE_0001";"NE_0001"
"2023";"05";"120302";"JUNIN";"CHANCHAMAYO";"PERENE";"GOBIERNO REGIONAL";"I-1";"00007319";"SANTA ROSA TOTERANI";"NE_0001";"";"NE_0001";"NE_0001";"NE_0001";"NE_0001";"NE_0001";"NE_0001";"NE_0001"
"2023";"05";"120302";"JUNIN";"CHANCHAMAYO";"PERENE";"GOBIERNO REGIONAL";"I-2";"00014385";"MARISCAL CACERES";"NE_0001";"";"NE_0001";"NE_0001";"NE_0001";"NE_0001";"NE_0001";"NE_0001";"NE_0001"
"2023";"05";"120302";"JUNIN";"CHANCHAMAYO";"PERENE";"GOBIERNO REGIONAL";"I-1";"00000331";"LOS ANGELES TOTERANI";"NE_0001";"";"NE_0001";"NE_0001";"NE_0001";"NE_0001";"NE_0001";"NE_0001";"NE_0001"
"2023";"05";"120302";"JUNIN";"CHANCHAMAYO";"PERENE";"GOBIERNO REGIONAL";"I-2";"00000321";"ALTO YURINAKI";"NE_0001";"";"NE_0001";"NE_0001";"NE_0001";"NE_0001";"NE_0001";"NE_0001";"NE_0001"
"2023";"05";"120302";"JUNIN";"CHANCHAMAYO";"PERENE";"GOBIERNO REGIONAL";"I-1";"00000328";"CHURINGAVENI";"NE_0001";"";"NE_0001";"NE_0001";"NE_0001";"NE_0001";"NE_0001";"NE_0001";"NE_0001"
"2023";"05";"120302";"JUNIN";"CHANCHAMAYO";"PERENE";"GOBIERNO REGIONAL";"I-3";"00000330";"SAN FERNANDO DE KIVINAKI";"NE_0001";"";"NE_0001";"NE_0001";"NE_0001";"NE_0001";"NE_0001";"NE_0001";"NE_0001"
"2023";"05";"130702";"LA LIBERTAD";"PACASMAYO";"GUADALUPE";"ESSALUD";"I-2";"00009486";"POSTA DE SALUD LIMONCARRO";"NE_0001";"";"NE_0001";"NE_0001";"NE_0001";"NE_0001";"NE_0001";"NE_0001";"NE_0001"
"2023";"06";"150125";"LIMA";"LIMA";"PUENTE PIEDRA";"SANIDAD DE LA POLICIA NACIONAL DEL PERU";"I-2";"00012923";"POSTA MEDICA POLICIAL ETS  ESCUELA PUENTE PIEDRA";"NE_0002";"";"NE_0002";"NE_0002";"NE_0002";"NE_0002";"NE_0002";"NE_0002";"NE_0002"
"2023";"06";"240101";"TUMBES";"TUMBES";"TUMBES";"PRIVADO";"II-E";"00007874";"CLINICA FEIJOO EIRL";"241400";"HOSPITALIZACIÓN QUIRÚRGICA GINECO - OBSTETRICIA ";"5";"5";"7";"5";"3";"90";"0"
"2023";"06";"240101";"TUMBES";"TUMBES";"TUMBES";"PRIVADO";"II-E";"00007874";"CLINICA FEIJOO EIRL";"240100";"HOSPITALIZACIÓN QUIRÚRGICA CIRUGÍA GENERAL ";"11";"11";"42";"40";"3";"90";"0"
"2023";"06";"130702";"LA LIBERTAD";"PACASMAYO";"GUADALUPE";"ESSALUD";"I-2";"00009486";"POSTA DE SALUD LIMONCARRO";"NE_0001";"";"NE_0001";"NE_0001";"NE_0001";"NE_0001";"NE_0001";"NE_0001";"NE_0001"
"2023";"06";"110113";"ICA";"ICA";"TATE";"GOBIERNO REGIONAL";"I-3";"00003371";"TATE";"NE_0001";"";"NE_0001";"NE_0001";"NE_0001";"NE_0001";"NE_0001";"NE_0001";"NE_0001"
"2023";"06";"221005";"SAN MARTIN";"TOCACHE";"UCHIZA";"ESSALUD";"I-2";"00010704";"POSTA MEDICA UCHIZA";"NE_0001";"";"NE_0001";"NE_0001";"NE_0001";"NE_0001";"NE_0001";"NE_0001";"NE_0001"
"2023";"05";"150122";"LIMA";"LIMA";"MIRAFLORES";"SANIDAD DE LA FUERZA AEREA DEL PERU";"III-1";"00010751";"HOSPITAL CENTRAL DE LA FUERZA AEREA DEL PERU";"240000";"HOSPITALIZACIÓN";"397";"391";"3170";"3477";"264";"5393";"15"
"2023";"06";"100509";"HUANUCO";"HUAMALIES";"PUÑOS";"GOBIERNO REGIONAL";"I-3";"00000892";"PUÑOS";"NE_0001";"";"NE_0001";"NE_0001";"NE_0001";"NE_0001";"NE_0001";"NE_0001";"NE_0001"
"2023";"06";"100509";"HUANUCO";"HUAMALIES";"PUÑOS";"GOBIERNO REGIONAL";"I-1";"00000894";"ILLAHUASI";"NE_0001";"";"NE_0001";"NE_0001";"NE_0001";"NE_0001";"NE_0001";"NE_0001";"NE_0001"
"2023";"06";"100509";"HUANUCO";"HUAMALIES";"PUÑOS";"GOBIERNO REGIONAL";"I-2";"00000893";"POQUE";"NE_0001";"";"NE_0001";"NE_0001";"NE_0001";"NE_0001";"NE_0001";"NE_0001";"NE_0001"
"2023";"06";"040703";"AREQUIPA";"ISLAY";"DEAN VALDIVIA";"GOBIERNO REGIONAL";"I-3";"00001449";"CENTRO DE SALUD LA CURVA";"NE_0001";"";"NE_0001";"NE_0001";"NE_0001";"NE_0001";"NE_0001";"NE_0001";"NE_0001"
"2023";"06";"040703";"AREQUIPA";"ISLAY";"DEAN VALDIVIA";"GOBIERNO REGIONAL";"I-2";"00001450";"PUESTO DE SALUD ALTO ENSENADA";"NE_0001";"";"NE_0001";"NE_0001";"NE_0001";"NE_0001";"NE_0001";"NE_0001";"NE_0001"
"2023";"06";"040703";"AREQUIPA";"ISLAY";"DEAN VALDIVIA";"GOBIERNO REGIONAL";"I-2";"00001451";"PUESTO DE SALUD EL ARENAL";"NE_0001";"";"NE_0001";"NE_0001";"NE_0001";"NE_0001";"NE_0001";"NE_0001";"NE_0001"
"2023";"06";"040706";"AREQUIPA";"ISLAY";"PUNTA DE BOMBON";"GOBIERNO REGIONAL";"I-3";"00001446";"CENTRO DE SALUD LA PUNTA";"NE_0001";"";"NE_0001";"NE_0001";"NE_0001";"NE_0001";"NE_0001";"NE_0001";"NE_0001"
"2023";"06";"150119";"LIMA";"LIMA";"LURIN";"PRIVADO";"I-3";"00027216";"MEPSO";"NE_0001";"";"NE_0001";"NE_0001";"NE_0001";"NE_0001";"NE_0001";"NE_0001";"NE_0001"
"2023";"06";"150141";"LIMA";"LIMA";"SURQUILLO";"PRIVADO";"I-3";"00023509";"MEDICINA EMPRESARIAL DE PREVENCIÓN EN SALUD OCUPACIONAL SAC";"NE_0001";"";"NE_0001";"NE_0001";"NE_0001";"NE_0001";"NE_0001";"NE_0001";"NE_0001"
"2023";"06";"150136";"LIMA";"LIMA";"SAN MIGUEL";"PRIVADO";"I-3";"00017540";"MEPSO";"NE_0001";"";"NE_0001";"NE_0001";"NE_0001";"NE_0001";"NE_0001";"NE_0001";"NE_0001"
"2023";"06";"040608";"AREQUIPA";"CONDESUYOS";"YANAQUIHUA";"GOBIERNO REGIONAL";"I-2";"00001414";"PUESTO DE SALUD ISPACAS";"NE_0001";"";"NE_0001";"NE_0001";"NE_0001";"NE_0001";"NE_0001";"NE_0001";"NE_0001"
"2023";"06";"040605";"AREQUIPA";"CONDESUYOS";"IRAY";"GOBIERNO REGIONAL";"I-2";"00001409";"IRAY";"NE_0001";"";"NE_0001";"NE_0001";"NE_0001";"NE_0001";"NE_0001";"NE_0001";"NE_0001"
"2023";"06";"040607";"AREQUIPA";"CONDESUYOS";"SALAMANCA";"GOBIERNO REGIONAL";"I-1";"00001413";"PUESTO DE SALUD PUCUNCHO";"NE_0001";"";"NE_0001";"NE_0001";"NE_0001";"NE_0001";"NE_0001";"NE_0001";"NE_0001"
"2023";"06";"040604";"AREQUIPA";"CONDESUYOS";"CHICHAS";"GOBIERNO REGIONAL";"I-2";"00001410";"PUESTO DE SALUD CHICHAS";"NE_0001";"";"NE_0001";"NE_0001";"NE_0001";"NE_0001";"NE_0001";"NE_0001";"NE_0001"
"2023";"06";"040604";"AREQUIPA";"CONDESUYOS";"CHICHAS";"GOBIERNO REGIONAL";"I-2";"00001411";"PUESTO DE SALUD YACHANGUILLO";"NE_0001";"";"NE_0001";"NE_0001";"NE_0001";"NE_0001";"NE_0001";"NE_0001";"NE_0001"
"2023";"06";"040604";"AREQUIPA";"CONDESUYOS";"CHICHAS";"GOBIERNO REGIONAL";"I-1";"00001416";"YANQUE";"NE_0001";"";"NE_0001";"NE_0001";"NE_0001";"NE_0001";"NE_0001";"NE_0001";"NE_0001"
"2023";"06";"040607";"AREQUIPA";"CONDESUYOS";"SALAMANCA";"GOBIERNO REGIONAL";"I-2";"00001412";"PUESTO DE SALUD SALAMANCA";"NE_0001";"";"NE_0001";"NE_0001";"NE_0001";"NE_0001";"NE_0001";"NE_0001";"NE_0001"
"2023";"06";"040601";"AREQUIPA";"CONDESUYOS";"CHUQUIBAMBA";"GOBIERNO REGIONAL";"I-4";"00001388";"CENTRO DE SALUD CHUQUIBAMBA";"241600";"HOSPITALIZACIÓN QUIRÚRGICA OBSTETRICIA   ";"5";"5";"5";"6";"3";"84";"0"
"2023";"06";"040608";"AREQUIPA";"CONDESUYOS";"YANAQUIHUA";"GOBIERNO REGIONAL";"I-3";"00001389";"CENTRO DE SALUD YANAQUIHUA";"NE_0001";"";"NE_0001";"NE_0001";"NE_0001";"NE_0001";"NE_0001";"NE_0001";"NE_0001"
"2023";"06";"040602";"AREQUIPA";"CONDESUYOS";"ANDARAY";"GOBIERNO REGIONAL";"I-2";"00001415";"PUESTO DE SALUD ANDARAY";"NE_0001";"";"NE_0001";"NE_0001";"NE_0001";"NE_0001";"NE_0001";"NE_0001";"NE_0001"
"2023";"07";"120135";"JUNIN";"HUANCAYO";"SANTO DOMINGO DE ACOBAMBA";"GOBIERNO REGIONAL";"I-1";"00000668";"PAURAN ATICOCHA";"NE_0001";"";"NE_0001";"NE_0001";"NE_0001";"NE_0001";"NE_0001";"NE_0001";"NE_0001"
"2023";"07";"120135";"JUNIN";"HUANCAYO";"SANTO DOMINGO DE ACOBAMBA";"GOBIERNO REGIONAL";"I-1";"00023381";"YANABAMBA";"NE_0001";"";"NE_0001";"NE_0001";"NE_0001";"NE_0001";"NE_0001";"NE_0001";"NE_0001"
"2023";"07";"120135";"JUNIN";"HUANCAYO";"SANTO DOMINGO DE ACOBAMBA";"GOBIERNO REGIONAL";"I-1";"00024779";"DURAZNO PATA";"NE_0001";"";"NE_0001";"NE_0001";"NE_0001";"NE_0001";"NE_0001";"NE_0001";"NE_0001"
"2023";"07";"120135";"JUNIN";"HUANCAYO";"SANTO DOMINGO DE ACOBAMBA";"GOBIERNO REGIONAL";"I-1";"00024780";"ROSASPAMPA";"NE_0001";"";"NE_0001";"NE_0001";"NE_0001";"NE_0001";"NE_0001";"NE_0001";"NE_0001"
"2023";"07";"120135";"JUNIN";"HUANCAYO";"SANTO DOMINGO DE ACOBAMBA";"GOBIERNO REGIONAL";"I-2";"00000669";"PUMABAMBA";"NE_0001";"";"NE_0001";"NE_0001";"NE_0001";"NE_0001";"NE_0001";"NE_0001";"NE_0001"
"2023";"07";"120135";"JUNIN";"HUANCAYO";"SANTO DOMINGO DE ACOBAMBA";"GOBIERNO REGIONAL";"I-1";"00000670";"SANTA ROSA DE ASTILLERIA";"NE_0001";"";"NE_0001";"NE_0001";"NE_0001";"NE_0001";"NE_0001";"NE_0001";"NE_0001"
"2023";"07";"120205";"JUNIN";"CONCEPCION";"COCHAS";"GOBIERNO REGIONAL";"I-1";"00019792";"ANDAS";"NE_0001";"";"NE_0001";"NE_0001";"NE_0001";"NE_0001";"NE_0001";"NE_0001";"NE_0001"
"2023";"07";"120205";"JUNIN";"CONCEPCION";"COCHAS";"GOBIERNO REGIONAL";"I-1";"00019794";"SAN FRANCISCO DE MACON";"NE_0001";"";"NE_0001";"NE_0001";"NE_0001";"NE_0001";"NE_0001";"NE_0001";"NE_0001"
"2023";"07";"120203";"JUNIN";"CONCEPCION";"ANDAMARCA";"GOBIERNO REGIONAL";"I-2";"00000672";"ANDAMARCA";"NE_0001";"";"NE_0001";"NE_0001";"NE_0001";"NE_0001";"NE_0001";"NE_0001";"NE_0001"
"2023";"07";"120206";"JUNIN";"CONCEPCION";"COMAS";"GOBIERNO REGIONAL";"I-2";"00000679";"CANCHAPALCA";"NE_0001";"";"NE_0001";"NE_0001";"NE_0001";"NE_0001";"NE_0001";"NE_0001";"NE_0001"
"2023";"07";"120206";"JUNIN";"CONCEPCION";"COMAS";"GOBIERNO REGIONAL";"I-2";"00000680";"RACRACALLA";"NE_0001";"";"NE_0001";"NE_0001";"NE_0001";"NE_0001";"NE_0001";"NE_0001";"NE_0001"
"2023";"07";"120206";"JUNIN";"CONCEPCION";"COMAS";"GOBIERNO REGIONAL";"I-1";"00000681";"POMAMANTA";"NE_0001";"";"NE_0001";"NE_0001";"NE_0001";"NE_0001";"NE_0001";"NE_0001";"NE_0001"
"2023";"07";"120206";"JUNIN";"CONCEPCION";"COMAS";"GOBIERNO REGIONAL";"I-1";"00000683";"PUQUIAN";"NE_0001";"";"NE_0001";"NE_0001";"NE_0001";"NE_0001";"NE_0001";"NE_0001";"NE_0001"
"2023";"07";"200601";"PIURA";"SULLANA";"SULLANA";"ESSALUD";"I-4";"00010267";"HOSPITAL I ESSALUD-SULLANA";"241800";"HOSPITALIZACIÓN DE MEDICINA MEDICINA GENERAL ";"144";"167";"736";"558";"18";"558";"7"
"2023";"07";"200601";"PIURA";"SULLANA";"SULLANA";"ESSALUD";"I-4";"00010267";"HOSPITAL I ESSALUD-SULLANA";"242300";"HOSPITALIZACIÓN DE PEDIATRÍA  PEDIATRÍA  GENERAL ";"29";"29";"41";"44";"2";"62";"0"
"2023";"07";"200601";"PIURA";"SULLANA";"SULLANA";"ESSALUD";"I-4";"00010267";"HOSPITAL I ESSALUD-SULLANA";"241600";"HOSPITALIZACIÓN QUIRÚRGICA OBSTETRICIA   ";"4";"5";"11";"15";"2";"62";"0"
"2023";"07";"200601";"PIURA";"SULLANA";"SULLANA";"ESSALUD";"I-4";"00010267";"HOSPITAL I ESSALUD-SULLANA";"240100";"HOSPITALIZACIÓN QUIRÚRGICA CIRUGÍA GENERAL ";"19";"24";"63";"53";"2";"62";"0"
"2023";"03";"100101";"HUANUCO";"HUANUCO";"HUANUCO";"ESSALUD";"I-3";"00018081";"CENTRO DE ATENCIÓN PRIMARIA III - METROPOLITANO";"NE_0001";"";"NE_0001";"NE_0001";"NE_0001";"NE_0001";"NE_0001";"NE_0001";"NE_0001"
"2023";"03";"060306";"CAJAMARCA";"CELENDIN";"JOSE GALVEZ";"GOBIERNO REGIONAL";"I-1";"00004486";"FRAYLECOCHA";"NE_0001";"";"NE_0001";"NE_0001";"NE_0001";"NE_0001";"NE_0001";"NE_0001";"NE_0001"
"2023";"03";"060308";"CAJAMARCA";"CELENDIN";"OXAMARCA";"GOBIERNO REGIONAL";"I-2";"00004484";"OXAMARCA";"NE_0001";"";"NE_0001";"NE_0001";"NE_0001";"NE_0001";"NE_0001";"NE_0001";"NE_0001"
"2023";"03";"060310";"CAJAMARCA";"CELENDIN";"SUCRE";"GOBIERNO REGIONAL";"I-3";"00004482";"SUCRE";"NE_0001";"";"NE_0001";"NE_0001";"NE_0001";"NE_0001";"NE_0001";"NE_0001";"NE_0001"
"2023";"03";"060310";"CAJAMARCA";"CELENDIN";"SUCRE";"GOBIERNO REGIONAL";"I-1";"00009084";"VIGASPAMPA";"NE_0001";"";"NE_0001";"NE_0001";"NE_0001";"NE_0001";"NE_0001";"NE_0001";"NE_0001"
"2023";"03";"060305";"CAJAMARCA";"CELENDIN";"JORGE CHAVEZ";"GOBIERNO REGIONAL";"I-1";"00004487";"JORGE CHAVEZ";"NE_0001";"";"NE_0001";"NE_0001";"NE_0001";"NE_0001";"NE_0001";"NE_0001";"NE_0001"
"2023";"03";"060306";"CAJAMARCA";"CELENDIN";"JOSE GALVEZ";"GOBIERNO REGIONAL";"I-2";"00004488";"JOSE GALVEZ";"NE_0001";"";"NE_0001";"NE_0001";"NE_0001";"NE_0001";"NE_0001";"NE_0001";"NE_0001"
"2023";"03";"060310";"CAJAMARCA";"CELENDIN";"SUCRE";"GOBIERNO REGIONAL";"I-1";"00025043";"CRUZCONGA";"NE_0001";"";"NE_0001";"NE_0001";"NE_0001";"NE_0001";"NE_0001";"NE_0001";"NE_0001"
"2023";"04";"130111";"LA LIBERTAD";"TRUJILLO";"VICTOR LARCO HERRERA";"GOBIERNO REGIONAL";"II-1";"00005243";"HOSPITAL DISTRITAL VISTA ALEGRE";"241400";"HOSPITALIZACIÓN QUIRÚRGICA GINECO - OBSTETRICIA ";"35";"34";"55";"55";"8";"240";"0"
"2023";"04";"150101";"LIMA";"LIMA";"LIMA";"PRIVADO";"II-E";"00023833";"INSTITUTO OFTALMOLOGICO LA LUZ SOCIEDAD ANONIMA CERRADA - INSTITUTO OFTALMOLOGICO LA LUZ S.A.C.";"NE_0001";"";"NE_0001";"NE_0001";"NE_0001";"NE_0001";"NE_0001";"NE_0001";"NE_0001"
"2023";"04";"120702";"JUNIN";"TARMA";"ACOBAMBA";"GOBIERNO REGIONAL";"I-1";"00000524";"TUPIN";"NE_0001";"";"NE_0001";"NE_0001";"NE_0001";"NE_0001";"NE_0001";"NE_0001";"NE_0001"
"2023";"04";"021301";"ANCASH";"MARISCAL LUZURIAGA";"PISCOBAMBA";"GOBIERNO REGIONAL";"I-1";"00001784";"PUESTO DE SALUD SOCOSBAMBA";"NE_0001";"";"NE_0001";"NE_0001";"NE_0001";"NE_0001";"NE_0001";"NE_0001";"NE_0001"
"2023";"04";"021303";"ANCASH";"MARISCAL LUZURIAGA";"ELEAZAR GUZMAN BARRON";"GOBIERNO REGIONAL";"I-1";"00001786";"PUESTO DE SALUD PAMPACHACRA";"NE_0001";"";"NE_0001";"NE_0001";"NE_0001";"NE_0001";"NE_0001";"NE_0001";"NE_0001"
"2023";"04";"021303";"ANCASH";"MARISCAL LUZURIAGA";"ELEAZAR GUZMAN BARRON";"GOBIERNO REGIONAL";"I-1";"00001787";"PUESTO DE SALUD PUMPA";"NE_0001";"";"NE_0001";"NE_0001";"NE_0001";"NE_0001";"NE_0001";"NE_0001";"NE_0001"
"2023";"04";"021305";"ANCASH";"MARISCAL LUZURIAGA";"LLAMA";"GOBIERNO REGIONAL";"I-2";"00001788";"PUESTO DE SALUD LLAMA";"NE_0001";"";"NE_0001";"NE_0001";"NE_0001";"NE_0001";"NE_0001";"NE_0001";"NE_0001"
"2023";"04";"021304";"ANCASH";"MARISCAL LUZURIAGA";"FIDEL OLIVAS ESCUDERO";"GOBIERNO REGIONAL";"I-1";"00001793";"PUESTO DE SALUD SANASHGAN";"NE_0001";"";"NE_0001";"NE_0001";"NE_0001";"NE_0001";"NE_0001";"NE_0001";"NE_0001"
"2023";"04";"021308";"ANCASH";"MARISCAL LUZURIAGA";"MUSGA";"GOBIERNO REGIONAL";"I-1";"00001792";"PUESTO DE SALUD MUSGA";"NE_0001";"";"NE_0001";"NE_0001";"NE_0001";"NE_0001";"NE_0001";"NE_0001";"NE_0001"
"2023";"04";"021301";"ANCASH";"MARISCAL LUZURIAGA";"PISCOBAMBA";"GOBIERNO REGIONAL";"I-4";"00001783";"CENTRO DE SALUD PISCOBAMBA";"241600";"HOSPITALIZACIÓN QUIRÚRGICA OBSTETRICIA   ";"8";"8";"32";"32";"8";"58";"0"
"2023";"04";"021301";"ANCASH";"MARISCAL LUZURIAGA";"PISCOBAMBA";"GOBIERNO REGIONAL";"I-4";"00001783";"CENTRO DE SALUD PISCOBAMBA";"241800";"HOSPITALIZACIÓN DE MEDICINA MEDICINA GENERAL ";"1";"1";"1";"1";"1";"516";"1"
"2023";"04";"021304";"ANCASH";"MARISCAL LUZURIAGA";"FIDEL OLIVAS ESCUDERO";"GOBIERNO REGIONAL";"I-1";"00001794";"PUESTO DE SALUD PARCO";"NE_0001";"";"NE_0001";"NE_0001";"NE_0001";"NE_0001";"NE_0001";"NE_0001";"NE_0001"
"2023";"04";"021306";"ANCASH";"MARISCAL LUZURIAGA";"LLUMPA";"GOBIERNO REGIONAL";"I-2";"00001789";"PUESTO DE SALUD LLUMPA";"NE_0001";"";"NE_0001";"NE_0001";"NE_0001";"NE_0001";"NE_0001";"NE_0001";"NE_0001"
"2023";"04";"150113";"LIMA";"LIMA";"JESUS MARIA";"ESSALUD";"III-E";"00018011";"INSTITUTO NACIONAL CARDIOVASCULAR CARLOS ALBERTO PESCHIERA CARRILLO – INCOR –ESSALUD";"244000";"HOSPITALIZACIÓN DE MEDICINA CARDIOLOGIA ";"90";"75";"598";"730";"29";"866";"1"
"2023";"04";"150113";"LIMA";"LIMA";"JESUS MARIA";"ESSALUD";"III-E";"00018011";"INSTITUTO NACIONAL CARDIOVASCULAR CARLOS ALBERTO PESCHIERA CARRILLO – INCOR –ESSALUD";"244000";"HOSPITALIZACIÓN DE MEDICINA CARDIOLOGIA ";"166";"163";"200";"91";"10";"220";"0"
"2023";"04";"150113";"LIMA";"LIMA";"JESUS MARIA";"ESSALUD";"III-E";"00018011";"INSTITUTO NACIONAL CARDIOVASCULAR CARLOS ALBERTO PESCHIERA CARRILLO – INCOR –ESSALUD";"242600";"HOSPITALIZACIÓN DE PEDIATRÍA PEDIATRIA CARDIOLOGÍA PEDIÁTRICA";"126";"134";"974";"832";"34";"1020";"4"
"2023";"04";"150113";"LIMA";"LIMA";"JESUS MARIA";"ESSALUD";"III-E";"00018011";"INSTITUTO NACIONAL CARDIOVASCULAR CARLOS ALBERTO PESCHIERA CARRILLO – INCOR –ESSALUD";"240400";"HOSPITALIZACIÓN QUIRÚRGICA CIRUGÍA DE TÓRAX Y CARDIOVASCULAR ";"47";"64";"1089";"914";"39";"1152";"3"
"2023";"05";"120424";"JUNIN";"JAUJA";"PANCAN";"GOBIERNO REGIONAL";"I-1";"00000418";"HUASQUICHA";"NE_0001";"";"NE_0001";"NE_0001";"NE_0001";"NE_0001";"NE_0001";"NE_0001";"NE_0001"
"2023";"05";"120427";"JUNIN";"JAUJA";"RICRAN";"GOBIERNO REGIONAL";"I-1";"00000421";"APAYCANCHA";"NE_0001";"";"NE_0001";"NE_0001";"NE_0001";"NE_0001";"NE_0001";"NE_0001";"NE_0001"
"2023";"05";"120424";"JUNIN";"JAUJA";"PANCAN";"GOBIERNO REGIONAL";"I-1";"00000417";"PANCAN";"NE_0001";"";"NE_0001";"NE_0001";"NE_0001";"NE_0001";"NE_0001";"NE_0001";"NE_0001"
"2023";"05";"120433";"JUNIN";"JAUJA";"YAULI";"GOBIERNO REGIONAL";"I-2";"00000423";"YAULI - JAUJA";"NE_0001";"";"NE_0001";"NE_0001";"NE_0001";"NE_0001";"NE_0001";"NE_0001";"NE_0001"
"2023";"05";"120427";"JUNIN";"JAUJA";"RICRAN";"GOBIERNO REGIONAL";"I-2";"00000419";"RICRAN";"NE_0001";"";"NE_0001";"NE_0001";"NE_0001";"NE_0001";"NE_0001";"NE_0001";"NE_0001"
"2023";"05";"120429";"JUNIN";"JAUJA";"SAN PEDRO DE CHUNAN";"GOBIERNO REGIONAL";"I-1";"00000422";"SAN PEDRO DE CHUNAN";"NE_0001";"";"NE_0001";"NE_0001";"NE_0001";"NE_0001";"NE_0001";"NE_0001";"NE_0001"
"2023";"05";"150105";"LIMA";"LIMA";"BREÑA";"MINSA";"III-2";"00006216";"INSTITUTO NACIONAL DE SALUD DEL NIÑO";"240200";"HOSPITALIZACIÓN QUIRÚRGICA CIRUGÍA DE CABEZA Y CUELLO / MÁXILO FACIAL ";"32";"28";"338";"252";"9";"279";"0"
"2023";"05";"150105";"LIMA";"LIMA";"BREÑA";"MINSA";"III-2";"00006216";"INSTITUTO NACIONAL DE SALUD DEL NIÑO";"240400";"HOSPITALIZACIÓN QUIRÚRGICA CIRUGÍA DE TÓRAX Y CARDIOVASCULAR ";"24";"15";"212";"321";"17";"527";"1"
"2023";"05";"150105";"LIMA";"LIMA";"BREÑA";"MINSA";"III-2";"00006216";"INSTITUTO NACIONAL DE SALUD DEL NIÑO";"240700";"HOSPITALIZACIÓN QUIRÚRGICA CIRUGÍA PEDIÁTRICA ";"107";"95";"742";"635";"21";"651";"0"
"2023";"05";"150105";"LIMA";"LIMA";"BREÑA";"MINSA";"III-2";"00006216";"INSTITUTO NACIONAL DE SALUD DEL NIÑO";"240801";"HOSPITALIZACIÓN QUIRÚRGICA CIRUGÍA PLÁSTICA/RECONSTRUCTIVA/ REPARADORA QUEMADOS";"70";"61";"475";"687";"26";"806";"0"
"2023";"05";"150105";"LIMA";"LIMA";"BREÑA";"MINSA";"III-2";"00006216";"INSTITUTO NACIONAL DE SALUD DEL NIÑO";"240900";"HOSPITALIZACIÓN QUIRÚRGICA NEUROCIRUGÍA ";"34";"27";"429";"675";"24";"744";"0"
"2023";"05";"150105";"LIMA";"LIMA";"BREÑA";"MINSA";"III-2";"00006216";"INSTITUTO NACIONAL DE SALUD DEL NIÑO";"241200";"HOSPITALIZACIÓN QUIRÚRGICA TRAUMATOLOGÍA Y ORTOPEDIA ";"64";"61";"1044";"754";"28";"868";"0"
"2023";"05";"150105";"LIMA";"LIMA";"BREÑA";"MINSA";"III-2";"00006216";"INSTITUTO NACIONAL DE SALUD DEL NIÑO";"241300";"HOSPITALIZACIÓN QUIRÚRGICA UROLOGÍA  ";"22";"21";"157";"146";"5";"155";"0"
"2023";"05";"150105";"LIMA";"LIMA";"BREÑA";"MINSA";"III-2";"00006216";"INSTITUTO NACIONAL DE SALUD DEL NIÑO";"242000";"HOSPITALIZACIÓN DE MEDICINA MEDICINA TROPICAL E INFECCIOSAS ";"73";"69";"851";"726";"25";"775";"0"
"2023";"05";"150105";"LIMA";"LIMA";"BREÑA";"MINSA";"III-2";"00006216";"INSTITUTO NACIONAL DE SALUD DEL NIÑO";"242300";"HOSPITALIZACIÓN DE PEDIATRÍA  PEDIATRÍA  GENERAL ";"384";"348";"2882";"2753";"92";"2852";"3"
"2023";"05";"150105";"LIMA";"LIMA";"BREÑA";"MINSA";"III-2";"00006216";"INSTITUTO NACIONAL DE SALUD DEL NIÑO";"242600";"HOSPITALIZACIÓN DE PEDIATRÍA PEDIATRIA CARDIOLOGÍA PEDIÁTRICA";"48";"42";"181";"309";"20";"620";"1"
"2023";"05";"150105";"LIMA";"LIMA";"BREÑA";"MINSA";"III-2";"00006216";"INSTITUTO NACIONAL DE SALUD DEL NIÑO";"242700";"HOSPITALIZACIÓN DE PEDIATRÍA PEDIATRIA DERMATOLOGÍA PEDIÁTRICA";"26";"26";"183";"191";"8";"248";"0"
"2023";"05";"150105";"LIMA";"LIMA";"BREÑA";"MINSA";"III-2";"00006216";"INSTITUTO NACIONAL DE SALUD DEL NIÑO";"242900";"HOSPITALIZACIÓN DE PEDIATRÍA PEDIATRIA GASTROENTEROLOGÍA PEDIÁTRICA";"19";"18";"175";"319";"12";"372";"0"
"2023";"05";"150105";"LIMA";"LIMA";"BREÑA";"MINSA";"III-2";"00006216";"INSTITUTO NACIONAL DE SALUD DEL NIÑO";"243000";"HOSPITALIZACIÓN DE PEDIATRÍA PEDIATRIA GINECOLOGÍA PEDIÁTRICA";"11";"12";"36";"32";"2";"62";"0"
"2023";"05";"150105";"LIMA";"LIMA";"BREÑA";"MINSA";"III-2";"00006216";"INSTITUTO NACIONAL DE SALUD DEL NIÑO";"243100";"HOSPITALIZACIÓN DE PEDIATRÍA PEDIATRIA NEFROLOGÍA PEDIÁTRICA";"14";"13";"185";"152";"5";"155";"0"
"2023";"05";"150105";"LIMA";"LIMA";"BREÑA";"MINSA";"III-2";"00006216";"INSTITUTO NACIONAL DE SALUD DEL NIÑO";"243300";"HOSPITALIZACIÓN DE PEDIATRÍA PEDIATRIA NEUMOLOGÍA PEDIÁTRICA";"21";"19";"550";"470";"21";"651";"0"
"2023";"05";"150105";"LIMA";"LIMA";"BREÑA";"MINSA";"III-2";"00006216";"INSTITUTO NACIONAL DE SALUD DEL NIÑO";"243400";"HOSPITALIZACIÓN DE PEDIATRÍA PEDIATRIA NEUROLOGÍA PEDIÁTRICA";"38";"40";"447";"369";"14";"434";"0"
"2023";"05";"150105";"LIMA";"LIMA";"BREÑA";"MINSA";"III-2";"00006216";"INSTITUTO NACIONAL DE SALUD DEL NIÑO";"243500";"HOSPITALIZACIÓN DE PEDIATRÍA PEDIATRIA OFTALMOLOGÍA PEDIÁTRICA";"1";"3";"21";"3";"1";"31";"0"
"2023";"05";"150105";"LIMA";"LIMA";"BREÑA";"MINSA";"III-2";"00006216";"INSTITUTO NACIONAL DE SALUD DEL NIÑO";"243600";"HOSPITALIZACIÓN DE PEDIATRÍA PEDIATRIA ONCOLOGÍA PEDIÁTRICA";"7";"4";"65";"86";"3";"93";"0"
"2023";"05";"150105";"LIMA";"LIMA";"BREÑA";"MINSA";"III-2";"00006216";"INSTITUTO NACIONAL DE SALUD DEL NIÑO";"243700";"HOSPITALIZACIÓN DE PEDIATRÍA PEDIATRIA OTORRINOLARINGOLOGÍA PEDIÁTRICA ";"26";"28";"177";"153";"8";"248";"0"
"2023";"05";"150105";"LIMA";"LIMA";"BREÑA";"MINSA";"III-2";"00006216";"INSTITUTO NACIONAL DE SALUD DEL NIÑO";"244500";"HOSPITALIZACIÓN DE MEDICINA HEMATOLOGÍA ";"4";"2";"10";"92";"3";"93";"0"
"2023";"05";"150133";"LIMA";"LIMA";"SAN JUAN DE MIRAFLORES";"MINSA";"III-1";"00005987";"HOSPITAL MARIA AUXILIADORA";"240100";"HOSPITALIZACIÓN QUIRÚRGICA CIRUGÍA GENERAL ";"209";"226";"1062";"1012";"39";"1200";"0"
"2023";"05";"150133";"LIMA";"LIMA";"SAN JUAN DE MIRAFLORES";"MINSA";"III-1";"00005987";"HOSPITAL MARIA AUXILIADORA";"241400";"HOSPITALIZACIÓN QUIRÚRGICA GINECO - OBSTETRICIA ";"267";"258";"2519";"2607";"111";"3446";"16"
"2023";"05";"150133";"LIMA";"LIMA";"SAN JUAN DE MIRAFLORES";"MINSA";"III-1";"00005987";"HOSPITAL MARIA AUXILIADORA";"241900";"HOSPITALIZACIÓN DE MEDICINA MEDICINA INTERNA ";"46";"45";"331";"369";"14";"434";"2"
"2023";"05";"150133";"LIMA";"LIMA";"SAN JUAN DE MIRAFLORES";"MINSA";"III-1";"00005987";"HOSPITAL MARIA AUXILIADORA";"243200";"HOSPITALIZACIÓN DE PEDIATRÍA PEDIATRIA NEONATOLOGÍA";"318";"316";"2296";"1857";"97";"3022";"1"
"2023";"05";"150133";"LIMA";"LIMA";"SAN JUAN DE MIRAFLORES";"MINSA";"III-1";"00005987";"HOSPITAL MARIA AUXILIADORA";"242100";"HOSPITALIZACIÓN DE MEDICINA ONCOLOGÍA MÉDICA ";"514";"497";"1600";"1480";"78";"2421";"0"
"2023";"05";"150133";"LIMA";"LIMA";"SAN JUAN DE MIRAFLORES";"MINSA";"III-1";"00005987";"HOSPITAL MARIA AUXILIADORA";"242300";"HOSPITALIZACIÓN DE PEDIATRÍA  PEDIATRÍA  GENERAL ";"86";"104";"1238";"786";"51";"1581";"0"
"2023";"05";"150133";"LIMA";"LIMA";"SAN JUAN DE MIRAFLORES";"MINSA";"III-1";"00005987";"HOSPITAL MARIA AUXILIADORA";"250100";"UNIDAD DE CUIDADOS CRITICOS UNIDAD  DE CUIDADOS INTENSIVOS GENERALES (UCI) ";"24";"13";"241";"297";"12";"372";"12"
"2023";"05";"150133";"LIMA";"LIMA";"SAN JUAN DE MIRAFLORES";"MINSA";"III-1";"00005987";"HOSPITAL MARIA AUXILIADORA";"250105";"UNIDAD DE CUIDADOS CRITICOS UNIDAD  DE CUIDADOS INTENSIVOS  (UCI) NEONATOLOGÍA";"14";"5";"16";"237";"9";"279";"5"
"2023";"05";"150133";"LIMA";"LIMA";"SAN JUAN DE MIRAFLORES";"MINSA";"III-1";"00005987";"HOSPITAL MARIA AUXILIADORA";"250108";"UNIDAD DE CUIDADOS CRITICOS UNIDAD  DE CUIDADOS INTENSIVOS  (UCI) PEDIÁTRICA";"8";"2";"8";"145";"6";"186";"1"
"2023";"05";"150133";"LIMA";"LIMA";"SAN JUAN DE MIRAFLORES";"MINSA";"III-1";"00005987";"HOSPITAL MARIA AUXILIADORA";"250200";"UNIDAD DE CUIDADOS CRITICOS UNIDAD DE CUIDADOS INTERMEDIOS GENERAL  (UCIN) ";"5";"2";"29";"219";"8";"248";"1"
"2023";"07";"130105";"LA LIBERTAD";"TRUJILLO";"LA ESPERANZA";"GOBIERNO REGIONAL";"II-1";"00005226";"HOSPITAL DISTRITAL JERUSALEN";"241400";"HOSPITALIZACIÓN QUIRÚRGICA GINECO - OBSTETRICIA ";"12";"12";"19";"40";"6";"186";"0"
"2023";"07";"130105";"LA LIBERTAD";"TRUJILLO";"LA ESPERANZA";"GOBIERNO REGIONAL";"II-1";"00005226";"HOSPITAL DISTRITAL JERUSALEN";"241600";"HOSPITALIZACIÓN QUIRÚRGICA OBSTETRICIA   ";"31";"31";"40";"78";"6";"186";"0"
"2023";"07";"140201";"LAMBAYEQUE";"FERREÑAFE";"FERREÑAFE";"GOBIERNO REGIONAL";"II-1";"00004440";"HOSPITAL PROVINCIA DE FERREÑAFE (HP_F)";"241600";"HOSPITALIZACIÓN QUIRÚRGICA OBSTETRICIA   ";"52";"53";"66";"130";"11";"341";"0"
"2023";"07";"140201";"LAMBAYEQUE";"FERREÑAFE";"FERREÑAFE";"GOBIERNO REGIONAL";"II-1";"00004440";"HOSPITAL PROVINCIA DE FERREÑAFE (HP_F)";"240000";"HOSPITALIZACIÓN";"72";"73";"192";"199";"17";"527";"0"
"2023";"09";"220101";"SAN MARTIN";"MOYOBAMBA";"MOYOBAMBA";"GOBIERNO REGIONAL";"II-1";"00006733";"HOSPITAL II-1 MOYOBAMBA - DR. SEGUNDO RODOLFO PÉREZ NIETO";"240100";"HOSPITALIZACIÓN QUIRÚRGICA CIRUGÍA GENERAL ";"71";"80";"262";"262";"9";"270";"0"
"2023";"09";"220101";"SAN MARTIN";"MOYOBAMBA";"MOYOBAMBA";"GOBIERNO REGIONAL";"II-1";"00006733";"HOSPITAL II-1 MOYOBAMBA - DR. SEGUNDO RODOLFO PÉREZ NIETO";"240600";"HOSPITALIZACIÓN QUIRÚRGICA CIRUGÍA OFTALMOLÓGICA ";"23";"23";"23";"23";"1";"30";"0"
"2023";"09";"220101";"SAN MARTIN";"MOYOBAMBA";"MOYOBAMBA";"GOBIERNO REGIONAL";"II-1";"00006733";"HOSPITAL II-1 MOYOBAMBA - DR. SEGUNDO RODOLFO PÉREZ NIETO";"240700";"HOSPITALIZACIÓN QUIRÚRGICA CIRUGÍA PEDIÁTRICA ";"17";"18";"48";"48";"2";"60";"0"
"2023";"09";"220101";"SAN MARTIN";"MOYOBAMBA";"MOYOBAMBA";"GOBIERNO REGIONAL";"II-1";"00006733";"HOSPITAL II-1 MOYOBAMBA - DR. SEGUNDO RODOLFO PÉREZ NIETO";"240900";"HOSPITALIZACIÓN QUIRÚRGICA NEUROCIRUGÍA ";"6";"7";"33";"33";"2";"60";"0"
"2023";"09";"220101";"SAN MARTIN";"MOYOBAMBA";"MOYOBAMBA";"GOBIERNO REGIONAL";"II-1";"00006733";"HOSPITAL II-1 MOYOBAMBA - DR. SEGUNDO RODOLFO PÉREZ NIETO";"241100";"HOSPITALIZACIÓN QUIRÚRGICA OTORRINOLARINGOLOGÍA  ";"10";"11";"20";"20";"1";"30";"0"
"2023";"09";"220101";"SAN MARTIN";"MOYOBAMBA";"MOYOBAMBA";"GOBIERNO REGIONAL";"II-1";"00006733";"HOSPITAL II-1 MOYOBAMBA - DR. SEGUNDO RODOLFO PÉREZ NIETO";"241200";"HOSPITALIZACIÓN QUIRÚRGICA TRAUMATOLOGÍA Y ORTOPEDIA ";"31";"33";"94";"94";"7";"210";"0"
"2023";"09";"220101";"SAN MARTIN";"MOYOBAMBA";"MOYOBAMBA";"GOBIERNO REGIONAL";"II-1";"00006733";"HOSPITAL II-1 MOYOBAMBA - DR. SEGUNDO RODOLFO PÉREZ NIETO";"241300";"HOSPITALIZACIÓN QUIRÚRGICA UROLOGÍA  ";"13";"13";"41";"41";"2";"60";"0"
"2023";"09";"220101";"SAN MARTIN";"MOYOBAMBA";"MOYOBAMBA";"GOBIERNO REGIONAL";"II-1";"00006733";"HOSPITAL II-1 MOYOBAMBA - DR. SEGUNDO RODOLFO PÉREZ NIETO";"241500";"HOSPITALIZACIÓN QUIRÚRGICA GINECOLOGÍA  ";"38";"42";"112";"112";"7";"210";"0"
"2023";"09";"220101";"SAN MARTIN";"MOYOBAMBA";"MOYOBAMBA";"GOBIERNO REGIONAL";"II-1";"00006733";"HOSPITAL II-1 MOYOBAMBA - DR. SEGUNDO RODOLFO PÉREZ NIETO";"241600";"HOSPITALIZACIÓN QUIRÚRGICA OBSTETRICIA   ";"159";"167";"424";"424";"19";"570";"0"
"2023";"09";"220101";"SAN MARTIN";"MOYOBAMBA";"MOYOBAMBA";"GOBIERNO REGIONAL";"II-1";"00006733";"HOSPITAL II-1 MOYOBAMBA - DR. SEGUNDO RODOLFO PÉREZ NIETO";"241700";"HOSPITALIZACIÓN QUIRÚRGICA GINECOLOGÍA   GINECOLOGIA ONCOLOGiCA";"3";"3";"9";"9";"1";"30";"0"
"2023";"09";"220101";"SAN MARTIN";"MOYOBAMBA";"MOYOBAMBA";"GOBIERNO REGIONAL";"II-1";"00006733";"HOSPITAL II-1 MOYOBAMBA - DR. SEGUNDO RODOLFO PÉREZ NIETO";"241900";"HOSPITALIZACIÓN DE MEDICINA MEDICINA INTERNA ";"43";"61";"436";"436";"15";"450";"4"
"2023";"09";"220101";"SAN MARTIN";"MOYOBAMBA";"MOYOBAMBA";"GOBIERNO REGIONAL";"II-1";"00006733";"HOSPITAL II-1 MOYOBAMBA - DR. SEGUNDO RODOLFO PÉREZ NIETO";"242500";"HOSPITALIZACIÓN-PEDIATRÍA GENERAL-";"40";"47";"163";"163";"10";"300";"1"
"2023";"09";"220101";"SAN MARTIN";"MOYOBAMBA";"MOYOBAMBA";"GOBIERNO REGIONAL";"II-1";"00006733";"HOSPITAL II-1 MOYOBAMBA - DR. SEGUNDO RODOLFO PÉREZ NIETO";"243200";"HOSPITALIZACIÓN DE PEDIATRÍA PEDIATRIA NEONATOLOGÍA";"15";"17";"60";"60";"10";"300";"0"
"2023";"09";"220101";"SAN MARTIN";"MOYOBAMBA";"MOYOBAMBA";"GOBIERNO REGIONAL";"II-1";"00006733";"HOSPITAL II-1 MOYOBAMBA - DR. SEGUNDO RODOLFO PÉREZ NIETO";"250103";"UNIDAD DE CUIDADOS CRITICOS UNIDAD  DE CUIDADOS INTENSIVOS GENERALES  (UCI) MEDICINA";"4";"8";"111";"111";"5";"150";"2"
"2023";"09";"220101";"SAN MARTIN";"MOYOBAMBA";"MOYOBAMBA";"GOBIERNO REGIONAL";"II-1";"00006733";"HOSPITAL II-1 MOYOBAMBA - DR. SEGUNDO RODOLFO PÉREZ NIETO";"250105";"UNIDAD DE CUIDADOS CRITICOS UNIDAD  DE CUIDADOS INTENSIVOS  (UCI) NEONATOLOGÍA";"4";"7";"87";"87";"3";"90";"1"
"2023";"09";"220101";"SAN MARTIN";"MOYOBAMBA";"MOYOBAMBA";"GOBIERNO REGIONAL";"II-1";"00006733";"HOSPITAL II-1 MOYOBAMBA - DR. SEGUNDO RODOLFO PÉREZ NIETO";"250106";"UNIDAD DE CUIDADOS CRITICOS UNIDAD  DE CUIDADOS INTENSIVOS  (UCI) NEUROLÓGICA";"1";"1";"1";"1";"1";"30";"1"
"2023";"09";"220101";"SAN MARTIN";"MOYOBAMBA";"MOYOBAMBA";"GOBIERNO REGIONAL";"II-1";"00006733";"HOSPITAL II-1 MOYOBAMBA - DR. SEGUNDO RODOLFO PÉREZ NIETO";"250108";"UNIDAD DE CUIDADOS CRITICOS UNIDAD  DE CUIDADOS INTENSIVOS  (UCI) PEDIÁTRICA";"5";"6";"114";"114";"4";"120";"2"
"2023";"09";"220101";"SAN MARTIN";"MOYOBAMBA";"MOYOBAMBA";"GOBIERNO REGIONAL";"I-3";"00031275";"CENTRO DE SALUD MENTAL COMUNITARIO MOYOBAMBA";"NE_0001";"";"NE_0001";"NE_0001";"NE_0001";"NE_0001";"NE_0001";"NE_0001";"NE_0001"
"2023";"09";"050110";"AYACUCHO";"HUAMANGA";"SAN JUAN BAUTISTA";"GOBIERNO REGIONAL";"I-3";"00003600";"CENTRO DE SALUD MIRAFLORES";"NE_0001";"";"NE_0001";"NE_0001";"NE_0001";"NE_0001";"NE_0001";"NE_0001";"NE_0001"
"2023";"09";"050110";"AYACUCHO";"HUAMANGA";"SAN JUAN BAUTISTA";"GOBIERNO REGIONAL";"I-3";"00006882";"LOS OLIVOS";"NE_0001";"";"NE_0001";"NE_0001";"NE_0001";"NE_0001";"NE_0001";"NE_0001";"NE_0001"
"2023";"09";"050110";"AYACUCHO";"HUAMANGA";"SAN JUAN BAUTISTA";"GOBIERNO REGIONAL";"I-2";"00003599";"PUESTO DE SALUD ÑAHUINPUQUIO";"NE_0001";"";"NE_0001";"NE_0001";"NE_0001";"NE_0001";"NE_0001";"NE_0001";"NE_0001"
"2023";"09";"050203";"AYACUCHO";"CANGALLO";"LOS MOROCHUCOS";"GOBIERNO REGIONAL";"I-4";"00003507";"CENTRO DE SALUD PAMPA CANGALLO";"240100";"HOSPITALIZACIÓN QUIRÚRGICA CIRUGÍA GENERAL ";"22";"9";"9";"8";"8";"10";"0"
"2023";"09";"050203";"AYACUCHO";"CANGALLO";"LOS MOROCHUCOS";"GOBIERNO REGIONAL";"I-2";"00003508";"PUESTO DE SALUD CHANQUIL";"NE_0001";"";"NE_0001";"NE_0001";"NE_0001";"NE_0001";"NE_0001";"NE_0001";"NE_0001"
"2023";"09";"050201";"AYACUCHO";"CANGALLO";"CANGALLO";"GOBIERNO REGIONAL";"I-1";"00003495";"PUESTO DE SALUD HUAHUAPUQUIO";"NE_0001";"";"NE_0001";"NE_0001";"NE_0001";"NE_0001";"NE_0001";"NE_0001";"NE_0001"
"2023";"09";"051002";"AYACUCHO";"VICTOR FAJARDO";"ALCAMENCA";"GOBIERNO REGIONAL";"I-1";"00003499";"PUESTO DE SALUD HUAMBO";"NE_0001";"";"NE_0001";"NE_0001";"NE_0001";"NE_0001";"NE_0001";"NE_0001";"NE_0001"
"2023";"09";"050203";"AYACUCHO";"CANGALLO";"LOS MOROCHUCOS";"GOBIERNO REGIONAL";"I-1";"00017084";"PUESTO DE SALUD JUSCAYMARCA";"NE_0001";"";"NE_0001";"NE_0001";"NE_0001";"NE_0001";"NE_0001";"NE_0001";"NE_0001"
"2023";"09";"051002";"AYACUCHO";"VICTOR FAJARDO";"ALCAMENCA";"GOBIERNO REGIONAL";"I-1";"00003498";"PUESTO DE SALUD ALCAMENCA";"NE_0001";"";"NE_0001";"NE_0001";"NE_0001";"NE_0001";"NE_0001";"NE_0001";"NE_0001"
"2023";"09";"061112";"CAJAMARCA";"SAN MIGUEL";"TONGOD";"GOBIERNO REGIONAL";"I-1";"00007085";"PISIT";"NE_0001";"";"NE_0001";"NE_0001";"NE_0001";"NE_0001";"NE_0001";"NE_0001";"NE_0001"
"2023";"06";"080707";"CUSCO";"CHUMBIVILCAS";"QUIÑOTA";"GOBIERNO REGIONAL";"I-1";"00006984";"CCOLLANA";"NE_0001";"";"NE_0001";"NE_0001";"NE_0001";"NE_0001";"NE_0001";"NE_0001";"NE_0001"
"2023";"06";"080706";"CUSCO";"CHUMBIVILCAS";"LLUSCO";"GOBIERNO REGIONAL";"I-1";"00027008";"ANTUYO";"NE_0001";"";"NE_0001";"NE_0001";"NE_0001";"NE_0001";"NE_0001";"NE_0001";"NE_0001"
"2023";"06";"080707";"CUSCO";"CHUMBIVILCAS";"QUIÑOTA";"GOBIERNO REGIONAL";"I-1";"00025369";"PUMALLACTA";"NE_0001";"";"NE_0001";"NE_0001";"NE_0001";"NE_0001";"NE_0001";"NE_0001";"NE_0001"
"2023";"06";"080706";"CUSCO";"CHUMBIVILCAS";"LLUSCO";"GOBIERNO REGIONAL";"I-2";"00006747";"LUTTO";"NE_0001";"";"NE_0001";"NE_0001";"NE_0001";"NE_0001";"NE_0001";"NE_0001";"NE_0001"
"2023";"06";"080706";"CUSCO";"CHUMBIVILCAS";"LLUSCO";"GOBIERNO REGIONAL";"I-2";"00002407";"LLUSCO";"NE_0001";"";"NE_0001";"NE_0001";"NE_0001";"NE_0001";"NE_0001";"NE_0001";"NE_0001"
"2023";"06";"080707";"CUSCO";"CHUMBIVILCAS";"QUIÑOTA";"GOBIERNO REGIONAL";"I-2";"00002408";"QUIÑOTA";"NE_0001";"";"NE_0001";"NE_0001";"NE_0001";"NE_0001";"NE_0001";"NE_0001";"NE_0001"
"2023";"06";"080706";"CUSCO";"CHUMBIVILCAS";"LLUSCO";"GOBIERNO REGIONAL";"I-1";"00006985";"TOTORAPALLCA";"NE_0001";"";"NE_0001";"NE_0001";"NE_0001";"NE_0001";"NE_0001";"NE_0001";"NE_0001"
"2023";"06";"130301";"LA LIBERTAD";"BOLIVAR";"BOLIVAR";"GOBIERNO REGIONAL";"II-1";"00005366";"HOSPITAL PROVINCIAL DE BOLIVAR";"241600";"HOSPITALIZACIÓN QUIRÚRGICA OBSTETRICIA   ";"4";"2";"5";"8";"4";"120";"0"
"2023";"06";"130301";"LA LIBERTAD";"BOLIVAR";"BOLIVAR";"GOBIERNO REGIONAL";"II-1";"00005366";"HOSPITAL PROVINCIAL DE BOLIVAR";"241800";"HOSPITALIZACIÓN DE MEDICINA MEDICINA GENERAL ";"1";"1";"1";"1";"4";"120";"0"
"2023";"06";"060101";"CAJAMARCA";"CAJAMARCA";"CAJAMARCA";"PRIVADO";"I-3";"00018140";"MEDITRAN PERU E.I.R.L.";"NE_0001";"";"NE_0001";"NE_0001";"NE_0001";"NE_0001";"NE_0001";"NE_0001";"NE_0001"
"2023";"06";"061103";"CAJAMARCA";"SAN MIGUEL";"CALQUIS";"GOBIERNO REGIONAL";"I-1";"00019286";"GORDILLOS";"NE_0001";"";"NE_0001";"NE_0001";"NE_0001";"NE_0001";"NE_0001";"NE_0001";"NE_0001"
"2023";"06";"061103";"CAJAMARCA";"SAN MIGUEL";"CALQUIS";"GOBIERNO REGIONAL";"I-2";"00004576";"CALQUIS";"NE_0001";"";"NE_0001";"NE_0001";"NE_0001";"NE_0001";"NE_0001";"NE_0001";"NE_0001"
"2023";"06";"061107";"CAJAMARCA";"SAN MIGUEL";"LLAPA";"GOBIERNO REGIONAL";"I-1";"00006809";"PAMPA LA CALZADA";"NE_0001";"";"NE_0001";"NE_0001";"NE_0001";"NE_0001";"NE_0001";"NE_0001";"NE_0001"
"2023";"06";"200101";"PIURA";"PIURA";"PIURA";"PRIVADO";"II-1";"00013042";"CLÍNICA LOS COCOS";"240100";"HOSPITALIZACIÓN QUIRÚRGICA CIRUGÍA GENERAL ";"102";"99";"205";"210";"12";"360";"0"
"2023";"06";"200101";"PIURA";"PIURA";"PIURA";"PRIVADO";"II-1";"00013042";"CLÍNICA LOS COCOS";"241400";"HOSPITALIZACIÓN QUIRÚRGICA GINECO - OBSTETRICIA ";"200";"193";"277";"282";"16";"480";"0"
"2023";"06";"200101";"PIURA";"PIURA";"PIURA";"PRIVADO";"II-1";"00013042";"CLÍNICA LOS COCOS";"241800";"HOSPITALIZACIÓN DE MEDICINA MEDICINA GENERAL ";"63";"76";"151";"154";"11";"330";"0"
"2023";"06";"120604";"JUNIN";"SATIPO";"MAZAMARI";"GOBIERNO REGIONAL";"I-2";"00000436";"PUEBLO LIBRE DE PAURIALI";"NE_0001";"";"NE_0001";"NE_0001";"NE_0001";"NE_0001";"NE_0001";"NE_0001";"NE_0001"
"2023";"06";"120604";"JUNIN";"SATIPO";"MAZAMARI";"GOBIERNO REGIONAL";"I-1";"00016911";"BUENOS AIRES";"NE_0001";"";"NE_0001";"NE_0001";"NE_0001";"NE_0001";"NE_0001";"NE_0001";"NE_0001"
"2023";"06";"120603";"JUNIN";"SATIPO";"LLAYLLA";"GOBIERNO REGIONAL";"I-3";"00000490";"LLAYLLA";"NE_0001";"";"NE_0001";"NE_0001";"NE_0001";"NE_0001";"NE_0001";"NE_0001";"NE_0001"
"2023";"06";"120603";"JUNIN";"SATIPO";"LLAYLLA";"GOBIERNO REGIONAL";"I-2";"00000491";"HERMOSA PAMPA";"NE_0001";"";"NE_0001";"NE_0001";"NE_0001";"NE_0001";"NE_0001";"NE_0001";"NE_0001"
"2023";"06";"120606";"JUNIN";"SATIPO";"PANGOA";"GOBIERNO REGIONAL";"I-1";"00000439";"SAN CRISTOBAL";"NE_0001";"";"NE_0001";"NE_0001";"NE_0001";"NE_0001";"NE_0001";"NE_0001";"NE_0001"
"2023";"06";"120604";"JUNIN";"SATIPO";"MAZAMARI";"GOBIERNO REGIONAL";"I-1";"00016909";"TEORIA";"NE_0001";"";"NE_0001";"NE_0001";"NE_0001";"NE_0001";"NE_0001";"NE_0001";"NE_0001"
"2023";"06";"210101";"PUNO";"PUNO";"PUNO";"PRIVADO";"II-1";"00009685";"CLINICA PUNO";"240100";"HOSPITALIZACIÓN QUIRÚRGICA CIRUGÍA GENERAL ";"4";"4";"8";"4";"2";"52";"0"
"2023";"06";"210101";"PUNO";"PUNO";"PUNO";"PRIVADO";"II-1";"00009685";"CLINICA PUNO";"241200";"HOSPITALIZACIÓN QUIRÚRGICA TRAUMATOLOGÍA Y ORTOPEDIA ";"11";"11";"15";"5";"2";"45";"0"
"2023";"06";"210101";"PUNO";"PUNO";"PUNO";"PRIVADO";"II-1";"00009685";"CLINICA PUNO";"241300";"HOSPITALIZACIÓN QUIRÚRGICA UROLOGÍA  ";"1";"1";"4";"1";"1";"26";"0"
"2023";"06";"210101";"PUNO";"PUNO";"PUNO";"PRIVADO";"II-1";"00009685";"CLINICA PUNO";"241400";"HOSPITALIZACIÓN QUIRÚRGICA GINECO - OBSTETRICIA ";"4";"4";"6";"2";"1";"24";"0"
"2023";"06";"210101";"PUNO";"PUNO";"PUNO";"PRIVADO";"II-1";"00009685";"CLINICA PUNO";"241800";"HOSPITALIZACIÓN DE MEDICINA MEDICINA GENERAL ";"2";"2";"11";"2";"1";"19";"0"
"2023";"07";"150140";"LIMA";"LIMA";"SANTIAGO DE SURCO";"PRIVADO";"II-E";"00024304";"CLINICA BINOMIUM";"NE_0002";"";"NE_0002";"NE_0002";"NE_0002";"NE_0002";"NE_0002";"NE_0002";"NE_0002"
"2023";"07";"110112";"ICA";"ICA";"SUBTANJALLA";"ESSALUD";"I-3";"00011967";"MACACONA";"NE_0001";"";"NE_0001";"NE_0001";"NE_0001";"NE_0001";"NE_0001";"NE_0001";"NE_0001"
"2023";"07";"050101";"AYACUCHO";"HUAMANGA";"AYACUCHO";"GOBIERNO REGIONAL";"II-2";"00003543";"HOSPITAL REGIONAL DE AYACUCHO ""MIGUEL ANGEL MARISCAL LLERENA""";"241800";"HOSPITALIZACIÓN DE MEDICINA MEDICINA GENERAL ";"167";"112";"1555";"980";"46";"1426";"8"
"2023";"07";"050101";"AYACUCHO";"HUAMANGA";"AYACUCHO";"GOBIERNO REGIONAL";"II-2";"00003543";"HOSPITAL REGIONAL DE AYACUCHO ""MIGUEL ANGEL MARISCAL LLERENA""";"242200";"HOSPITALIZACIÓN DE MEDICINA PSIQUIATRÍA ";"14";"9";"206";"180";"4";"180";"0"
"2023";"07";"050101";"AYACUCHO";"HUAMANGA";"AYACUCHO";"GOBIERNO REGIONAL";"II-2";"00003543";"HOSPITAL REGIONAL DE AYACUCHO ""MIGUEL ANGEL MARISCAL LLERENA""";"250304";"HOSPIT. EN UNIDAD DE CUID.INTEN.-UNIDAD DE VIGILANCIA INTENSIVA (UVI)-MEDICINA";"43";"7";"4";"237";"8";"248";"4"
"2023";"07";"050101";"AYACUCHO";"HUAMANGA";"AYACUCHO";"GOBIERNO REGIONAL";"II-2";"00003543";"HOSPITAL REGIONAL DE AYACUCHO ""MIGUEL ANGEL MARISCAL LLERENA""";"240100";"HOSPITALIZACIÓN QUIRÚRGICA CIRUGÍA GENERAL ";"177";"157";"855";"647";"26";"811";"0"
"2023";"07";"050101";"AYACUCHO";"HUAMANGA";"AYACUCHO";"GOBIERNO REGIONAL";"II-2";"00003543";"HOSPITAL REGIONAL DE AYACUCHO ""MIGUEL ANGEL MARISCAL LLERENA""";"241200";"HOSPITALIZACIÓN QUIRÚRGICA TRAUMATOLOGÍA Y ORTOPEDIA ";"164";"139";"887";"686";"24";"796";"0"
"2023";"07";"050101";"AYACUCHO";"HUAMANGA";"AYACUCHO";"GOBIERNO REGIONAL";"II-2";"00003543";"HOSPITAL REGIONAL DE AYACUCHO ""MIGUEL ANGEL MARISCAL LLERENA""";"242500";"HOSPITALIZACIÓN-PEDIATRÍA GENERAL-";"141";"119";"797";"627";"28";"868";"0"
"2023";"07";"050101";"AYACUCHO";"HUAMANGA";"AYACUCHO";"GOBIERNO REGIONAL";"II-2";"00003543";"HOSPITAL REGIONAL DE AYACUCHO ""MIGUEL ANGEL MARISCAL LLERENA""";"240700";"HOSPITALIZACIÓN QUIRÚRGICA CIRUGÍA PEDIÁTRICA ";"45";"37";"198";"156";"8";"250";"0"
"2023";"07";"050101";"AYACUCHO";"HUAMANGA";"AYACUCHO";"GOBIERNO REGIONAL";"II-2";"00003543";"HOSPITAL REGIONAL DE AYACUCHO ""MIGUEL ANGEL MARISCAL LLERENA""";"250108";"UNIDAD DE CUIDADOS CRITICOS UNIDAD  DE CUIDADOS INTENSIVOS  (UCI) PEDIÁTRICA";"34";"8";"21";"133";"8";"248";"1"
"2023";"07";"050101";"AYACUCHO";"HUAMANGA";"AYACUCHO";"GOBIERNO REGIONAL";"II-2";"00003543";"HOSPITAL REGIONAL DE AYACUCHO ""MIGUEL ANGEL MARISCAL LLERENA""";"250105";"UNIDAD DE CUIDADOS CRITICOS UNIDAD  DE CUIDADOS INTENSIVOS  (UCI) NEONATOLOGÍA";"66";"2";"43";"534";"24";"758";"1"
"2023";"07";"050101";"AYACUCHO";"HUAMANGA";"AYACUCHO";"GOBIERNO REGIONAL";"II-2";"00003543";"HOSPITAL REGIONAL DE AYACUCHO ""MIGUEL ANGEL MARISCAL LLERENA""";"250305";"HOSPIT. EN UNIDAD DE CUID.INTEN.-UNIDAD DE VIGILANCIA INTENSIVA (UVI)-NEONATOLOGÍA";"65";"46";"588";"321";"20";"620";"0"
"2023";"07";"050101";"AYACUCHO";"HUAMANGA";"AYACUCHO";"GOBIERNO REGIONAL";"II-2";"00003543";"HOSPITAL REGIONAL DE AYACUCHO ""MIGUEL ANGEL MARISCAL LLERENA""";"243200";"HOSPITALIZACIÓN DE PEDIATRÍA PEDIATRIA NEONATOLOGÍA";"26";"17";"230";"169";"7";"218";"0"
"2023";"07";"050101";"AYACUCHO";"HUAMANGA";"AYACUCHO";"GOBIERNO REGIONAL";"II-2";"00003543";"HOSPITAL REGIONAL DE AYACUCHO ""MIGUEL ANGEL MARISCAL LLERENA""";"241400";"HOSPITALIZACIÓN QUIRÚRGICA GINECO - OBSTETRICIA ";"471";"353";"1091";"911";"54";"1674";"0"
"2023";"07";"050101";"AYACUCHO";"HUAMANGA";"AYACUCHO";"GOBIERNO REGIONAL";"II-2";"00003543";"HOSPITAL REGIONAL DE AYACUCHO ""MIGUEL ANGEL MARISCAL LLERENA""";"250302";"HOSPIT. EN UNIDAD DE CUID.INTEN.-UNIDAD DE VIGILANCIA INTENSIVA (UVI)-GINECO-OBSTETRICIA";"30";"1";"13";"58";"4";"124";"0"
"2023";"07";"050101";"AYACUCHO";"HUAMANGA";"AYACUCHO";"GOBIERNO REGIONAL";"II-2";"00003543";"HOSPITAL REGIONAL DE AYACUCHO ""MIGUEL ANGEL MARISCAL LLERENA""";"250100";"UNIDAD DE CUIDADOS CRITICOS UNIDAD  DE CUIDADOS INTENSIVOS GENERALES (UCI) ";"44";"15";"109";"334";"12";"372";"11"
"2023";"07";"120708";"JUNIN";"TARMA";"SAN PEDRO DE CAJAS";"GOBIERNO REGIONAL";"I-1";"00000535";"SAN JOSE DE CAYASH";"NE_0001";"";"NE_0001";"NE_0001";"NE_0001";"NE_0001";"NE_0001";"NE_0001";"NE_0001"
"2023";"07";"120708";"JUNIN";"TARMA";"SAN PEDRO DE CAJAS";"GOBIERNO REGIONAL";"I-1";"00010344";"PURHUARACRA";"NE_0001";"";"NE_0001";"NE_0001";"NE_0001";"NE_0001";"NE_0001";"NE_0001";"NE_0001"
"2023";"07";"120708";"JUNIN";"TARMA";"SAN PEDRO DE CAJAS";"GOBIERNO REGIONAL";"I-3";"00000534";"SAN PEDRO DE CAJAS";"NE_0001";"";"NE_0001";"NE_0001";"NE_0001";"NE_0001";"NE_0001";"NE_0001";"NE_0001"
"2023";"07";"120433";"JUNIN";"JAUJA";"YAULI";"GOBIERNO REGIONAL";"I-2";"00000423";"YAULI - JAUJA";"NE_0001";"";"NE_0001";"NE_0001";"NE_0001";"NE_0001";"NE_0001";"NE_0001";"NE_0001"
"2023";"07";"130101";"LA LIBERTAD";"TRUJILLO";"TRUJILLO";"PRIVADO";"II-E";"00016830";"CLINICA CAMINO REAL";"240000";"HOSPITALIZACIÓN";"36";"11";"31";"97";"6";"186";"0"
"2023";"08";"120114";"JUNIN";"HUANCAYO";"EL TAMBO";"GOBIERNO REGIONAL";"I-1";"00000706";"SAÑOS GRANDE";"NE_0002";"";"NE_0002";"NE_0002";"NE_0002";"NE_0002";"NE_0002";"NE_0002";"NE_0002"
"2023";"08";"120114";"JUNIN";"HUANCAYO";"EL TAMBO";"GOBIERNO REGIONAL";"I-1";"00000716";"HUALAHOYO";"NE_0002";"";"NE_0002";"NE_0002";"NE_0002";"NE_0002";"NE_0002";"NE_0002";"NE_0002"
"2023";"08";"120125";"JUNIN";"HUANCAYO";"PILCOMAYO";"GOBIERNO REGIONAL";"I-3";"00000719";"PILCOMAYO";"NE_0002";"";"NE_0002";"NE_0002";"NE_0002";"NE_0002";"NE_0002";"NE_0002";"NE_0002"
"2023";"08";"120134";"JUNIN";"HUANCAYO";"SICAYA";"GOBIERNO REGIONAL";"I-3";"00000726";"SICAYA";"NE_0002";"";"NE_0002";"NE_0002";"NE_0002";"NE_0002";"NE_0002";"NE_0002";"NE_0002"
"2023";"08";"120114";"JUNIN";"HUANCAYO";"EL TAMBO";"GOBIERNO REGIONAL";"I-1";"00000733";"CULLPA";"NE_0002";"";"NE_0002";"NE_0002";"NE_0002";"NE_0002";"NE_0002";"NE_0002";"NE_0002"
"2023";"08";"120114";"JUNIN";"HUANCAYO";"EL TAMBO";"GOBIERNO REGIONAL";"I-1";"00000712";"AZA";"NE_0002";"";"NE_0002";"NE_0002";"NE_0002";"NE_0002";"NE_0002";"NE_0002";"NE_0002"
"2023";"08";"120114";"JUNIN";"HUANCAYO";"EL TAMBO";"GOBIERNO REGIONAL";"I-1";"00000734";"COCHAS GRANDE";"NE_0002";"";"NE_0002";"NE_0002";"NE_0002";"NE_0002";"NE_0002";"NE_0002";"NE_0002"
"2023";"08";"120114";"JUNIN";"HUANCAYO";"EL TAMBO";"GOBIERNO REGIONAL";"I-4";"00000705";"JUSTICIA PAZ Y VIDA";"NE_0002";"";"NE_0002";"NE_0002";"NE_0002";"NE_0002";"NE_0002";"NE_0002";"NE_0002"
"2023";"08";"120114";"JUNIN";"HUANCAYO";"EL TAMBO";"GOBIERNO REGIONAL";"I-3";"00000707";"SAN MARTIN";"NE_0002";"";"NE_0002";"NE_0002";"NE_0002";"NE_0002";"NE_0002";"NE_0002";"NE_0002"
"2023";"08";"120114";"JUNIN";"HUANCAYO";"EL TAMBO";"GOBIERNO REGIONAL";"I-1";"00000709";"UMUTO";"NE_0002";"";"NE_0002";"NE_0002";"NE_0002";"NE_0002";"NE_0002";"NE_0002";"NE_0002"
"2023";"08";"030201";"APURIMAC";"ANDAHUAYLAS";"ANDAHUAYLAS";"PRIVADO";"II-E";"00014017";"CLINICA PERUANA DE LOS ANDES";"240000";"HOSPITALIZACIÓN";"7";"7";"7";"7";"6";"186";"0"
"2023";"08";"050104";"AYACUCHO";"HUAMANGA";"CARMEN ALTO";"GOBIERNO REGIONAL";"I-3";"00003560";"CENTRO DE SALUD CARMEN ALTO";"NE_0001";"";"NE_0001";"NE_0001";"NE_0001";"NE_0001";"NE_0001";"NE_0001";"NE_0001"
"2023";"08";"050104";"AYACUCHO";"HUAMANGA";"CARMEN ALTO";"GOBIERNO REGIONAL";"I-3";"00003562";"CENTRO DE SALUD VISTA ALEGRE";"NE_0001";"";"NE_0001";"NE_0001";"NE_0001";"NE_0001";"NE_0001";"NE_0001";"NE_0001"
"2023";"08";"050104";"AYACUCHO";"HUAMANGA";"CARMEN ALTO";"GOBIERNO REGIONAL";"I-1";"00003561";"POKRAS";"NE_0001";"";"NE_0001";"NE_0001";"NE_0001";"NE_0001";"NE_0001";"NE_0001";"NE_0001"
"2023";"08";"130101";"LA LIBERTAD";"TRUJILLO";"TRUJILLO";"ESSALUD";"II-1";"00008685";"HOSPITAL I ALBRECHT";"241800";"HOSPITALIZACIÓN DE MEDICINA MEDICINA GENERAL ";"38";"33";"167";"209";"7";"213";"3"
"2023";"08";"130101";"LA LIBERTAD";"TRUJILLO";"TRUJILLO";"ESSALUD";"II-1";"00008685";"HOSPITAL I ALBRECHT";"240100";"HOSPITALIZACIÓN QUIRÚRGICA CIRUGÍA GENERAL ";"36";"35";"93";"87";"4";"136";"0"
"2023";"08";"130101";"LA LIBERTAD";"TRUJILLO";"TRUJILLO";"ESSALUD";"II-1";"00008685";"HOSPITAL I ALBRECHT";"241500";"HOSPITALIZACIÓN QUIRÚRGICA GINECOLOGÍA  ";"85";"80";"134";"140";"5";"172";"0"
"2023";"08";"130101";"LA LIBERTAD";"TRUJILLO";"TRUJILLO";"ESSALUD";"II-1";"00008685";"HOSPITAL I ALBRECHT";"241600";"HOSPITALIZACIÓN QUIRÚRGICA OBSTETRICIA   ";"29";"27";"47";"52";"4";"105";"0"
"2023";"08";"130101";"LA LIBERTAD";"TRUJILLO";"TRUJILLO";"ESSALUD";"II-1";"00008685";"HOSPITAL I ALBRECHT";"242300";"HOSPITALIZACIÓN DE PEDIATRÍA  PEDIATRÍA  GENERAL ";"41";"37";"82";"92";"4";"131";"0"
"2023";"08";"150601";"LIMA";"HUARAL";"HUARAL";"PRIVADO";"II-E";"00017081";"CLINICA SAN ANDRES";"241200";"HOSPITALIZACIÓN QUIRÚRGICA TRAUMATOLOGÍA Y ORTOPEDIA ";"3";"3";"5";"5";"2";"31";"0"
"2023";"08";"150601";"LIMA";"HUARAL";"HUARAL";"PRIVADO";"II-E";"00017081";"CLINICA SAN ANDRES";"241300";"HOSPITALIZACIÓN QUIRÚRGICA UROLOGÍA  ";"8";"8";"10";"10";"1";"31";"0"
"2023";"08";"150601";"LIMA";"HUARAL";"HUARAL";"PRIVADO";"II-E";"00017081";"CLINICA SAN ANDRES";"241800";"HOSPITALIZACIÓN DE MEDICINA MEDICINA GENERAL ";"9";"9";"11";"11";"2";"31";"0"
"2023";"08";"150601";"LIMA";"HUARAL";"HUARAL";"PRIVADO";"II-E";"00017081";"CLINICA SAN ANDRES";"240100";"HOSPITALIZACIÓN QUIRÚRGICA CIRUGÍA GENERAL ";"20";"20";"22";"22";"1";"31";"0"
"2023";"08";"150601";"LIMA";"HUARAL";"HUARAL";"PRIVADO";"II-E";"00017081";"CLINICA SAN ANDRES";"241500";"HOSPITALIZACIÓN QUIRÚRGICA GINECOLOGÍA  ";"2";"2";"4";"4";"1";"31";"0"
"2023";"08";"150133";"LIMA";"LIMA";"SAN JUAN DE MIRAFLORES";"ESSALUD";"I-3";"00013012";"CENTRO DE ATENCIÓN PRIMARIA III SAN JUAN DE MIRAFLORES";"NE_0001";"";"NE_0001";"NE_0001";"NE_0001";"NE_0001";"NE_0001";"NE_0001";"NE_0001"
"2023";"08";"120104";"JUNIN";"HUANCAYO";"CARHUACALLANGA";"GOBIERNO REGIONAL";"I-1";"00000693";"CARHUACALLANGA";"NE_0002";"";"NE_0002";"NE_0002";"NE_0002";"NE_0002";"NE_0002";"NE_0002";"NE_0002"
"2023";"08";"120108";"JUNIN";"HUANCAYO";"CHONGOS ALTO";"GOBIERNO REGIONAL";"I-3";"00000700";"CHONGOS ALTO";"NE_0002";"";"NE_0002";"NE_0002";"NE_0002";"NE_0002";"NE_0002";"NE_0002";"NE_0002"
"2023";"08";"120106";"JUNIN";"HUANCAYO";"CHICCHE";"GOBIERNO REGIONAL";"I-1";"00000697";"CHICCHE";"NE_0002";"";"NE_0002";"NE_0002";"NE_0002";"NE_0002";"NE_0002";"NE_0002";"NE_0002"
"2023";"08";"120106";"JUNIN";"HUANCAYO";"CHICCHE";"GOBIERNO REGIONAL";"I-1";"00000699";"YANA YANA";"NE_0002";"";"NE_0002";"NE_0002";"NE_0002";"NE_0002";"NE_0002";"NE_0002";"NE_0002"
"2023";"08";"120120";"JUNIN";"HUANCAYO";"HUASICANCHA";"GOBIERNO REGIONAL";"I-1";"00000703";"HUASICANCHA";"NE_0002";"";"NE_0002";"NE_0002";"NE_0002";"NE_0002";"NE_0002";"NE_0002";"NE_0002"
"2023";"08";"120105";"JUNIN";"HUANCAYO";"CHACAPAMPA";"GOBIERNO REGIONAL";"I-1";"00000695";"HUACAN";"NE_0002";"";"NE_0002";"NE_0002";"NE_0002";"NE_0002";"NE_0002";"NE_0002";"NE_0002"
"2023";"08";"120106";"JUNIN";"HUANCAYO";"CHICCHE";"GOBIERNO REGIONAL";"I-1";"00000698";"VISTA ALEGRE";"NE_0002";"";"NE_0002";"NE_0002";"NE_0002";"NE_0002";"NE_0002";"NE_0002";"NE_0002"
"2023";"08";"150116";"LIMA";"LIMA";"LINCE";"PRIVADO";"II-E";"00009145";"HOGAR CLINICA MONTE SINAI";"240100";"HOSPITALIZACIÓN QUIRÚRGICA CIRUGÍA GENERAL ";"6";"6";"6";"6";"2";"60";"0"
"2023";"08";"150116";"LIMA";"LIMA";"LINCE";"PRIVADO";"II-E";"00009145";"HOGAR CLINICA MONTE SINAI";"240200";"HOSPITALIZACIÓN QUIRÚRGICA CIRUGÍA DE CABEZA Y CUELLO / MÁXILO FACIAL ";"2";"2";"2";"2";"1";"30";"0"
"2023";"08";"150116";"LIMA";"LIMA";"LINCE";"PRIVADO";"II-E";"00009145";"HOGAR CLINICA MONTE SINAI";"240800";"HOSPITALIZACIÓN QUIRÚRGICA CIRUGÍA PLÁSTICA/RECONSTRUCTIVA/ REPARADORA ";"19";"19";"19";"19";"3";"90";"0"
"2023";"08";"150116";"LIMA";"LIMA";"LINCE";"PRIVADO";"II-E";"00009145";"HOGAR CLINICA MONTE SINAI";"241100";"HOSPITALIZACIÓN QUIRÚRGICA OTORRINOLARINGOLOGÍA  ";"10";"10";"10";"10";"2";"60";"0"
"2023";"08";"150116";"LIMA";"LIMA";"LINCE";"PRIVADO";"II-E";"00009145";"HOGAR CLINICA MONTE SINAI";"241200";"HOSPITALIZACIÓN QUIRÚRGICA TRAUMATOLOGÍA Y ORTOPEDIA ";"36";"36";"36";"36";"5";"150";"0"
"2023";"08";"150116";"LIMA";"LIMA";"LINCE";"PRIVADO";"II-E";"00009145";"HOGAR CLINICA MONTE SINAI";"241500";"HOSPITALIZACIÓN QUIRÚRGICA GINECOLOGÍA  ";"1";"1";"1";"1";"1";"30";"0"
"2023";"08";"130101";"LA LIBERTAD";"TRUJILLO";"TRUJILLO";"PRIVADO";"I-3";"00027028";"EL GALENO DE ICA";"NE_0001";"";"NE_0001";"NE_0001";"NE_0001";"NE_0001";"NE_0001";"NE_0001";"NE_0001"
"2023";"08";"221005";"SAN MARTIN";"TOCACHE";"UCHIZA";"ESSALUD";"I-2";"00010702";"POSTA MEDICA SANTA LUCIA";"NE_0001";"";"NE_0001";"NE_0001";"NE_0001";"NE_0001";"NE_0001";"NE_0001";"NE_0001"
"2023";"03";"150122";"LIMA";"LIMA";"MIRAFLORES";"PRIVADO";"II-E";"00011750";"CLINICA LOS ANDES SAC";"240000";"HOSPITALIZACIÓN";"67";"63";"94";"101";"15";"465";"0"
"2023";"04";"150136";"LIMA";"LIMA";"SAN MIGUEL";"SANIDAD DE LA POLICIA NACIONAL DEL PERU";"II-E";"00014718";"HOSPITAL GERIATRICO PNP SAN JOSE";"244400";"HOSPITALIZACIÓN DE MEDICINA GERIATRIA ";"37";"33";"351";"511";"26";"780";"6"
"2023";"04";"210101";"PUNO";"PUNO";"PUNO";"SANIDAD DE LA POLICIA NACIONAL DEL PERU";"I-3";"00010235";"UNIDAD EJECUTORA 020-1067 SANIDAD DE LA PNP";"NE_0001";"";"NE_0001";"NE_0001";"NE_0001";"NE_0001";"NE_0001";"NE_0001";"NE_0001"
"2023";"04";"150122";"LIMA";"LIMA";"MIRAFLORES";"PRIVADO";"II-E";"00028941";"Instituto de Glaucoma y Catarata";"NE_0001";"";"NE_0001";"NE_0001";"NE_0001";"NE_0001";"NE_0001";"NE_0001";"NE_0001"
"2023";"04";"070106";"CALLAO";"CALLAO";"VENTANILLA";"SANIDAD DE LA POLICIA NACIONAL DEL PERU";"I-2";"00010573";"POSTA MEDICA POLICIAL VENTANILLA";"NE_0001";"";"NE_0001";"NE_0001";"NE_0001";"NE_0001";"NE_0001";"NE_0001";"NE_0001"
"2023";"04";"140101";"LAMBAYEQUE";"CHICLAYO";"CHICLAYO";"PRIVADO";"I-3";"00008229";"SERVIMEDICOS S.A.C.";"NE_0001";"";"NE_0001";"NE_0001";"NE_0001";"NE_0001";"NE_0001";"NE_0001";"NE_0001"
"2023";"04";"130908";"LA LIBERTAD";"SANCHEZ CARRION";"SARTIMBAMBA";"GOBIERNO REGIONAL";"I-2";"00005363";"SARTIMBAMBA";"NE_0001";"";"NE_0001";"NE_0001";"NE_0001";"NE_0001";"NE_0001";"NE_0001";"NE_0001"
"2023";"04";"130908";"LA LIBERTAD";"SANCHEZ CARRION";"SARTIMBAMBA";"GOBIERNO REGIONAL";"I-2";"00005364";"SAN ALFONSO";"NE_0001";"";"NE_0001";"NE_0001";"NE_0001";"NE_0001";"NE_0001";"NE_0001";"NE_0001"
"2023";"04";"130908";"LA LIBERTAD";"SANCHEZ CARRION";"SARTIMBAMBA";"GOBIERNO REGIONAL";"I-2";"00005365";"MARCABAL GRANDE";"NE_0001";"";"NE_0001";"NE_0001";"NE_0001";"NE_0001";"NE_0001";"NE_0001";"NE_0001"
"2023";"04";"130908";"LA LIBERTAD";"SANCHEZ CARRION";"SARTIMBAMBA";"GOBIERNO REGIONAL";"I-2";"00017925";"LA VICTORIA";"NE_0001";"";"NE_0001";"NE_0001";"NE_0001";"NE_0001";"NE_0001";"NE_0001";"NE_0001"
"2023";"04";"150118";"LIMA";"LIMA";"LURIGANCHO";"MINSA";"II-2";"00005947";"HOSPITAL DE MEDIANA COMPLEJIDAD JOSE AGURTO TELLO";"241900";"HOSPITALIZACIÓN DE MEDICINA MEDICINA INTERNA ";"61";"48";"353";"354";"12";"360";"2"
"2023";"04";"150118";"LIMA";"LIMA";"LURIGANCHO";"MINSA";"II-2";"00005947";"HOSPITAL DE MEDIANA COMPLEJIDAD JOSE AGURTO TELLO";"240100";"HOSPITALIZACIÓN QUIRÚRGICA CIRUGÍA GENERAL ";"111";"99";"268";"288";"15";"450";"0"
"2023";"04";"150118";"LIMA";"LIMA";"LURIGANCHO";"MINSA";"II-2";"00005947";"HOSPITAL DE MEDIANA COMPLEJIDAD JOSE AGURTO TELLO";"241200";"HOSPITALIZACIÓN QUIRÚRGICA TRAUMATOLOGÍA Y ORTOPEDIA ";"24";"23";"95";"89";"5";"150";"0"
"2023";"04";"150118";"LIMA";"LIMA";"LURIGANCHO";"MINSA";"II-2";"00005947";"HOSPITAL DE MEDIANA COMPLEJIDAD JOSE AGURTO TELLO";"240600";"HOSPITALIZACIÓN QUIRÚRGICA CIRUGÍA OFTALMOLÓGICA ";"1";"1";"1";"1";"1";"30";"0"
"2023";"04";"150118";"LIMA";"LIMA";"LURIGANCHO";"MINSA";"II-2";"00005947";"HOSPITAL DE MEDIANA COMPLEJIDAD JOSE AGURTO TELLO";"241300";"HOSPITALIZACIÓN QUIRÚRGICA UROLOGÍA  ";"6";"6";"13";"13";"1";"30";"0"
"2023";"04";"150118";"LIMA";"LIMA";"LURIGANCHO";"MINSA";"II-2";"00005947";"HOSPITAL DE MEDIANA COMPLEJIDAD JOSE AGURTO TELLO";"243200";"HOSPITALIZACIÓN DE PEDIATRÍA PEDIATRIA NEONATOLOGÍA";"20";"17";"101";"91";"5";"150";"0"
"2023";"04";"150118";"LIMA";"LIMA";"LURIGANCHO";"MINSA";"II-2";"00005947";"HOSPITAL DE MEDIANA COMPLEJIDAD JOSE AGURTO TELLO";"242500";"HOSPITALIZACIÓN-PEDIATRÍA GENERAL-";"40";"32";"164";"165";"7";"210";"0"
"2023";"04";"150118";"LIMA";"LIMA";"LURIGANCHO";"MINSA";"II-2";"00005947";"HOSPITAL DE MEDIANA COMPLEJIDAD JOSE AGURTO TELLO";"241500";"HOSPITALIZACIÓN QUIRÚRGICA GINECOLOGÍA  ";"63";"11";"42";"40";"5";"150";"0"
"2023";"04";"150118";"LIMA";"LIMA";"LURIGANCHO";"MINSA";"II-2";"00005947";"HOSPITAL DE MEDIANA COMPLEJIDAD JOSE AGURTO TELLO";"241600";"HOSPITALIZACIÓN QUIRÚRGICA OBSTETRICIA   ";"140";"129";"293";"305";"16";"480";"0"
"2023";"05";"120409";"JUNIN";"JAUJA";"HUARIPAMPA";"GOBIERNO REGIONAL";"I-1";"00000400";"HUARIPAMPA";"NE_0001";"";"NE_0001";"NE_0001";"NE_0001";"NE_0001";"NE_0001";"NE_0001";"NE_0001"
"2023";"05";"120431";"JUNIN";"JAUJA";"SINCOS";"GOBIERNO REGIONAL";"I-3";"00000404";"SINCOS";"NE_0001";"";"NE_0001";"NE_0001";"NE_0001";"NE_0001";"NE_0001";"NE_0001";"NE_0001"
"2023";"05";"120431";"JUNIN";"JAUJA";"SINCOS";"GOBIERNO REGIONAL";"I-1";"00000408";"CHALHUAS";"NE_0001";"";"NE_0001";"NE_0001";"NE_0001";"NE_0001";"NE_0001";"NE_0001";"NE_0001"
"2023";"05";"120421";"JUNIN";"JAUJA";"MUQUIYAUYO";"GOBIERNO REGIONAL";"I-2";"00000403";"MUQUIYAUYO";"NE_0001";"";"NE_0001";"NE_0001";"NE_0001";"NE_0001";"NE_0001";"NE_0001";"NE_0001"
"2023";"05";"120605";"JUNIN";"SATIPO";"PAMPA HERMOSA";"GOBIERNO REGIONAL";"I-2";"00000493";"MARIPOSA";"NE_0001";"";"NE_0001";"NE_0001";"NE_0001";"NE_0001";"NE_0001";"NE_0001";"NE_0001"
"2023";"05";"120605";"JUNIN";"SATIPO";"PAMPA HERMOSA";"GOBIERNO REGIONAL";"I-2";"00006876";"TOLDOPAMPA";"NE_0001";"";"NE_0001";"NE_0001";"NE_0001";"NE_0001";"NE_0001";"NE_0001";"NE_0001"
"2023";"05";"120605";"JUNIN";"SATIPO";"PAMPA HERMOSA";"GOBIERNO REGIONAL";"I-2";"00017678";"HUANCAMACHAY";"NE_0001";"";"NE_0001";"NE_0001";"NE_0001";"NE_0001";"NE_0001";"NE_0001";"NE_0001"
"2023";"05";"120602";"JUNIN";"SATIPO";"COVIRIALI";"GOBIERNO REGIONAL";"I-1";"00000489";"BUENOS AIRES";"NE_0001";"";"NE_0001";"NE_0001";"NE_0001";"NE_0001";"NE_0001";"NE_0001";"NE_0001"
"2023";"05";"120605";"JUNIN";"SATIPO";"PAMPA HERMOSA";"GOBIERNO REGIONAL";"I-2";"00000492";"SANTA ROSITA";"NE_0001";"";"NE_0001";"NE_0001";"NE_0001";"NE_0001";"NE_0001";"NE_0001";"NE_0001"
"2023";"09";"150117";"LIMA";"LIMA";"LOS OLIVOS";"PRIVADO";"II-E";"00012106";"CLINICA MEDICA PRIMAVERA";"240000";"HOSPITALIZACIÓN";"15";"25";"22";"37";"5";"155";"0"
"2023";"09";"040118";"AREQUIPA";"AREQUIPA";"SAN JUAN DE SIGUAS";"GOBIERNO REGIONAL";"I-1";"00001339";"PUESTO DE SALUD SAN JUAN DE SIGUAS - TAMBILLO";"NE_0001";"";"NE_0001";"NE_0001";"NE_0001";"NE_0001";"NE_0001";"NE_0001";"NE_0001"
"2023";"09";"040520";"AREQUIPA";"CAYLLOMA";"MAJES";"GOBIERNO REGIONAL";"I-3";"00023969";"CENTRO DE SALUD MENTAL COMUNITARIO MAJES";"NE_0001";"";"NE_0001";"NE_0001";"NE_0001";"NE_0001";"NE_0001";"NE_0001";"NE_0001"
"2023";"09";"040520";"AREQUIPA";"CAYLLOMA";"MAJES";"GOBIERNO REGIONAL";"I-2";"00001341";"ASENTAMIENTO B-1";"NE_0001";"";"NE_0001";"NE_0001";"NE_0001";"NE_0001";"NE_0001";"NE_0001";"NE_0001"
"2023";"09";"040520";"AREQUIPA";"CAYLLOMA";"MAJES";"GOBIERNO REGIONAL";"0";"00030864";"HOGAR PROTEGIDO ""HACIA UNA NUEVA VIDA""";"NE_0001";"";"NE_0001";"NE_0001";"NE_0001";"NE_0001";"NE_0001";"NE_0001";"NE_0001"
"2023";"09";"040120";"AREQUIPA";"AREQUIPA";"SANTA ISABEL DE SIGUAS";"GOBIERNO REGIONAL";"I-2";"00001378";"PUESTO DE SALUD SONDOR";"NE_0001";"";"NE_0001";"NE_0001";"NE_0001";"NE_0001";"NE_0001";"NE_0001";"NE_0001"
"2023";"09";"040520";"AREQUIPA";"CAYLLOMA";"MAJES";"GOBIERNO REGIONAL";"I-2";"00001342";"PUESTO DE SALUD  B-2";"NE_0001";"";"NE_0001";"NE_0001";"NE_0001";"NE_0001";"NE_0001";"NE_0001";"NE_0001"
"2023";"09";"040120";"AREQUIPA";"AREQUIPA";"SANTA ISABEL DE SIGUAS";"GOBIERNO REGIONAL";"I-2";"00001336";"SANTA ISABEL DE SIGUAS";"NE_0001";"";"NE_0001";"NE_0001";"NE_0001";"NE_0001";"NE_0001";"NE_0001";"NE_0001"
"2023";"09";"040120";"AREQUIPA";"AREQUIPA";"SANTA ISABEL DE SIGUAS";"GOBIERNO REGIONAL";"I-1";"00001337";"PUESTO DE SALUD PITAY";"NE_0001";"";"NE_0001";"NE_0001";"NE_0001";"NE_0001";"NE_0001";"NE_0001";"NE_0001"
"2023";"09";"040520";"AREQUIPA";"CAYLLOMA";"MAJES";"GOBIERNO REGIONAL";"I-3";"00001326";"CENTRO DE SALUD LA COLINA";"NE_0001";"";"NE_0001";"NE_0001";"NE_0001";"NE_0001";"NE_0001";"NE_0001";"NE_0001"
"2023";"09";"040511";"AREQUIPA";"CAYLLOMA";"LLUTA";"GOBIERNO REGIONAL";"I-2";"00001340";"PUESTO DE SALUD QUERQUE";"NE_0001";"";"NE_0001";"NE_0001";"NE_0001";"NE_0001";"NE_0001";"NE_0001";"NE_0001"
"2023";"09";"120417";"JUNIN";"JAUJA";"MASMA CHICCHE";"GOBIERNO REGIONAL";"I-1";"00000395";"MASMA CHICCHE";"NE_0001";"";"NE_0001";"NE_0001";"NE_0001";"NE_0001";"NE_0001";"NE_0001";"NE_0001"
"2023";"09";"130501";"LA LIBERTAD";"JULCAN";"JULCAN";"GOBIERNO REGIONAL";"I-3";"00006775";"AYANGAY";"NE_0002";"";"NE_0002";"NE_0002";"NE_0002";"NE_0002";"NE_0002";"NE_0002";"NE_0002"
"2023";"09";"130501";"LA LIBERTAD";"JULCAN";"JULCAN";"GOBIERNO REGIONAL";"I-2";"00016423";"SAN ANTONIO";"NE_0002";"";"NE_0002";"NE_0002";"NE_0002";"NE_0002";"NE_0002";"NE_0002";"NE_0002"
"2023";"09";"130501";"LA LIBERTAD";"JULCAN";"JULCAN";"GOBIERNO REGIONAL";"I-2";"00006963";"CHUGURPAMPA";"NE_0002";"";"NE_0002";"NE_0002";"NE_0002";"NE_0002";"NE_0002";"NE_0002";"NE_0002"
"2023";"09";"130501";"LA LIBERTAD";"JULCAN";"JULCAN";"GOBIERNO REGIONAL";"I-2";"00007249";"SAN AGUSTIN";"NE_0002";"";"NE_0002";"NE_0002";"NE_0002";"NE_0002";"NE_0002";"NE_0002";"NE_0002"
"2023";"09";"130501";"LA LIBERTAD";"JULCAN";"JULCAN";"GOBIERNO REGIONAL";"I-2";"00005307";"SANTA TERESA";"NE_0002";"";"NE_0002";"NE_0002";"NE_0002";"NE_0002";"NE_0002";"NE_0002";"NE_0002"
"2023";"09";"130501";"LA LIBERTAD";"JULCAN";"JULCAN";"GOBIERNO REGIONAL";"I-2";"00006774";"PARUQUE BAJO";"NE_0002";"";"NE_0002";"NE_0002";"NE_0002";"NE_0002";"NE_0002";"NE_0002";"NE_0002"
"2023";"09";"120434";"JUNIN";"JAUJA";"YAUYOS";"GOBIERNO REGIONAL";"I-3";"00000377";"YAUYOS";"NE_0002";"";"NE_0002";"NE_0002";"NE_0002";"NE_0002";"NE_0002";"NE_0002";"NE_0002"
"2023";"09";"120423";"JUNIN";"JAUJA";"PACCHA";"GOBIERNO REGIONAL";"I-1";"00000371";"PACCHA MIRAFLORES";"NE_0002";"";"NE_0002";"NE_0002";"NE_0002";"NE_0002";"NE_0002";"NE_0002";"NE_0002"
"2023";"09";"120423";"JUNIN";"JAUJA";"PACCHA";"GOBIERNO REGIONAL";"I-1";"00000370";"CANCHAPUNCO";"NE_0002";"";"NE_0002";"NE_0002";"NE_0002";"NE_0002";"NE_0002";"NE_0002";"NE_0002"
"2023";"09";"120410";"JUNIN";"JAUJA";"HUERTAS";"GOBIERNO REGIONAL";"I-1";"00000368";"HUERTAS";"NE_0002";"";"NE_0002";"NE_0002";"NE_0002";"NE_0002";"NE_0002";"NE_0002";"NE_0002"
"2023";"09";"120422";"JUNIN";"JAUJA";"PACA";"GOBIERNO REGIONAL";"I-2";"00000369";"PACA";"NE_0002";"";"NE_0002";"NE_0002";"NE_0002";"NE_0002";"NE_0002";"NE_0002";"NE_0002"
"2023";"09";"120303";"JUNIN";"CHANCHAMAYO";"PICHANAQUI";"GOBIERNO REGIONAL";"I-2";"00000345";"PAMPA CAMONA";"NE_0001";"";"NE_0001";"NE_0001";"NE_0001";"NE_0001";"NE_0001";"NE_0001";"NE_0001"
"2023";"09";"150115";"LIMA";"LIMA";"LA VICTORIA";"ESSALUD";"III-2";"00009251";"HOSPITAL NACIONAL GUILLERMO ALMENARA IRIGOYEN";"240100";"HOSPITALIZACIÓN QUIRÚRGICA CIRUGÍA GENERAL ";"18";"29";"916";"377";"13";"390";"0"
"2023";"09";"150115";"LIMA";"LIMA";"LA VICTORIA";"ESSALUD";"III-2";"00009251";"HOSPITAL NACIONAL GUILLERMO ALMENARA IRIGOYEN";"240100";"HOSPITALIZACIÓN QUIRÚRGICA CIRUGÍA GENERAL ";"29";"35";"618";"526";"18";"540";"0"
"2023";"09";"150115";"LIMA";"LIMA";"LA VICTORIA";"ESSALUD";"III-2";"00009251";"HOSPITAL NACIONAL GUILLERMO ALMENARA IRIGOYEN";"240100";"HOSPITALIZACIÓN QUIRÚRGICA CIRUGÍA GENERAL ";"19";"23";"530";"481";"17";"510";"1"
"2023";"09";"150115";"LIMA";"LIMA";"LA VICTORIA";"ESSALUD";"III-2";"00009251";"HOSPITAL NACIONAL GUILLERMO ALMENARA IRIGOYEN";"250100";"UNIDAD DE CUIDADOS CRITICOS UNIDAD  DE CUIDADOS INTENSIVOS GENERALES (UCI) ";"11";"5";"75";"350";"12";"360";"5"
"2023";"09";"150115";"LIMA";"LIMA";"LA VICTORIA";"ESSALUD";"III-2";"00009251";"HOSPITAL NACIONAL GUILLERMO ALMENARA IRIGOYEN";"240100";"HOSPITALIZACIÓN QUIRÚRGICA CIRUGÍA GENERAL ";"107";"103";"488";"651";"24";"720";"0"
"2023";"09";"150115";"LIMA";"LIMA";"LA VICTORIA";"ESSALUD";"III-2";"00009251";"HOSPITAL NACIONAL GUILLERMO ALMENARA IRIGOYEN";"241500";"HOSPITALIZACIÓN QUIRÚRGICA GINECOLOGÍA  ";"36";"37";"240";"224";"8";"240";"0"
"2023";"09";"150115";"LIMA";"LIMA";"LA VICTORIA";"ESSALUD";"III-2";"00009251";"HOSPITAL NACIONAL GUILLERMO ALMENARA IRIGOYEN";"240900";"HOSPITALIZACIÓN QUIRÚRGICA NEUROCIRUGÍA ";"32";"39";"642";"290";"11";"330";"0"
"2023";"09";"150115";"LIMA";"LIMA";"LA VICTORIA";"ESSALUD";"III-2";"00009251";"HOSPITAL NACIONAL GUILLERMO ALMENARA IRIGOYEN";"240900";"HOSPITALIZACIÓN QUIRÚRGICA NEUROCIRUGÍA ";"38";"37";"173";"106";"4";"120";"0"
"2023";"09";"150115";"LIMA";"LIMA";"LA VICTORIA";"ESSALUD";"III-2";"00009251";"HOSPITAL NACIONAL GUILLERMO ALMENARA IRIGOYEN";"240900";"HOSPITALIZACIÓN QUIRÚRGICA NEUROCIRUGÍA ";"27";"24";"275";"299";"10";"300";"0"
"2023";"09";"150115";"LIMA";"LIMA";"LA VICTORIA";"ESSALUD";"III-2";"00009251";"HOSPITAL NACIONAL GUILLERMO ALMENARA IRIGOYEN";"240600";"HOSPITALIZACIÓN QUIRÚRGICA CIRUGÍA OFTALMOLÓGICA ";"14";"12";"67";"67";"3";"90";"0"
"2023";"09";"150115";"LIMA";"LIMA";"LA VICTORIA";"ESSALUD";"III-2";"00009251";"HOSPITAL NACIONAL GUILLERMO ALMENARA IRIGOYEN";"240600";"HOSPITALIZACIÓN QUIRÚRGICA CIRUGÍA OFTALMOLÓGICA ";"2";"1";"4";"11";"1";"30";"0"
"2023";"09";"150115";"LIMA";"LIMA";"LA VICTORIA";"ESSALUD";"III-2";"00009251";"HOSPITAL NACIONAL GUILLERMO ALMENARA IRIGOYEN";"241200";"HOSPITALIZACIÓN QUIRÚRGICA TRAUMATOLOGÍA Y ORTOPEDIA ";"67";"64";"621";"752";"27";"810";"0"
"2023";"09";"150115";"LIMA";"LIMA";"LA VICTORIA";"ESSALUD";"III-2";"00009251";"HOSPITAL NACIONAL GUILLERMO ALMENARA IRIGOYEN";"241200";"HOSPITALIZACIÓN QUIRÚRGICA TRAUMATOLOGÍA Y ORTOPEDIA ";"108";"111";"1159";"1218";"41";"1230";"0"
"2023";"09";"150115";"LIMA";"LIMA";"LA VICTORIA";"ESSALUD";"III-2";"00009251";"HOSPITAL NACIONAL GUILLERMO ALMENARA IRIGOYEN";"241100";"HOSPITALIZACIÓN QUIRÚRGICA OTORRINOLARINGOLOGÍA  ";"56";"49";"367";"384";"15";"450";"0"
"2023";"09";"150115";"LIMA";"LIMA";"LA VICTORIA";"ESSALUD";"III-2";"00009251";"HOSPITAL NACIONAL GUILLERMO ALMENARA IRIGOYEN";"240500";"HOSPITALIZACIÓN QUIRÚRGICA CIRUGÍA DE TRANSPLANTES ";"21";"23";"341";"257";"10";"300";"2"
"2023";"09";"150115";"LIMA";"LIMA";"LA VICTORIA";"ESSALUD";"III-2";"00009251";"HOSPITAL NACIONAL GUILLERMO ALMENARA IRIGOYEN";"240500";"HOSPITALIZACIÓN QUIRÚRGICA CIRUGÍA DE TRANSPLANTES ";"38";"37";"320";"292";"10";"300";"0"
"2023";"09";"150115";"LIMA";"LIMA";"LA VICTORIA";"ESSALUD";"III-2";"00009251";"HOSPITAL NACIONAL GUILLERMO ALMENARA IRIGOYEN";"241300";"HOSPITALIZACIÓN QUIRÚRGICA UROLOGÍA  ";"108";"108";"1220";"1154";"43";"1290";"1"
"2023";"09";"150115";"LIMA";"LIMA";"LA VICTORIA";"ESSALUD";"III-2";"00009251";"HOSPITAL NACIONAL GUILLERMO ALMENARA IRIGOYEN";"241500";"HOSPITALIZACIÓN QUIRÚRGICA GINECOLOGÍA  ";"79";"83";"692";"623";"21";"630";"0"
"2023";"09";"150115";"LIMA";"LIMA";"LA VICTORIA";"ESSALUD";"III-2";"00009251";"HOSPITAL NACIONAL GUILLERMO ALMENARA IRIGOYEN";"241600";"HOSPITALIZACIÓN QUIRÚRGICA OBSTETRICIA   ";"212";"225";"1188";"1214";"50";"1500";"0"
"2023";"09";"150115";"LIMA";"LIMA";"LA VICTORIA";"ESSALUD";"III-2";"00009251";"HOSPITAL NACIONAL GUILLERMO ALMENARA IRIGOYEN";"240700";"HOSPITALIZACIÓN QUIRÚRGICA CIRUGÍA PEDIÁTRICA ";"77";"87";"374";"246";"10";"300";"0"
"2023";"09";"150115";"LIMA";"LIMA";"LA VICTORIA";"ESSALUD";"III-2";"00009251";"HOSPITAL NACIONAL GUILLERMO ALMENARA IRIGOYEN";"242300";"HOSPITALIZACIÓN DE PEDIATRÍA  PEDIATRÍA  GENERAL ";"8";"14";"283";"292";"10";"300";"0"
"2023";"09";"150115";"LIMA";"LIMA";"LA VICTORIA";"ESSALUD";"III-2";"00009251";"HOSPITAL NACIONAL GUILLERMO ALMENARA IRIGOYEN";"243200";"HOSPITALIZACIÓN DE PEDIATRÍA PEDIATRIA NEONATOLOGÍA";"11";"30";"622";"257";"10";"300";"4"
"2023";"09";"150115";"LIMA";"LIMA";"LA VICTORIA";"ESSALUD";"III-2";"00009251";"HOSPITAL NACIONAL GUILLERMO ALMENARA IRIGOYEN";"250101";"UNIDAD DE CUIDADOS CRITICOS UNIDAD  DE CUIDADOS INTENSIVOS GENERALES (UCI) CARDIOLOGIA";"17";"23";"365";"226";"8";"240";"5"
"2023";"09";"150115";"LIMA";"LIMA";"LA VICTORIA";"ESSALUD";"III-2";"00009251";"HOSPITAL NACIONAL GUILLERMO ALMENARA IRIGOYEN";"250111";"UNIDAD DE CUIDADOS CRITICOS UNIDAD  DE CUIDADOS INTENSIVOS  (UCI) CARDIOVASCULAR";"1";"2";"37";"175";"6";"180";"1"
"2023";"09";"150115";"LIMA";"LIMA";"LA VICTORIA";"ESSALUD";"III-2";"00009251";"HOSPITAL NACIONAL GUILLERMO ALMENARA IRIGOYEN";"250400";"UNIDAD DE CUIDADOS CRITICOS UNIDAD DE QUEMADOS (GRAN QUEMADO) ";"1";"1";"45";"59";"2";"60";"0"
"2023";"09";"150115";"LIMA";"LIMA";"LA VICTORIA";"ESSALUD";"III-2";"00009251";"HOSPITAL NACIONAL GUILLERMO ALMENARA IRIGOYEN";"250108";"UNIDAD DE CUIDADOS CRITICOS UNIDAD  DE CUIDADOS INTENSIVOS  (UCI) PEDIÁTRICA";"16";"8";"121";"217";"8";"240";"0"
"2023";"09";"150115";"LIMA";"LIMA";"LA VICTORIA";"ESSALUD";"III-2";"00009251";"HOSPITAL NACIONAL GUILLERMO ALMENARA IRIGOYEN";"250105";"UNIDAD DE CUIDADOS CRITICOS UNIDAD  DE CUIDADOS INTENSIVOS  (UCI) NEONATOLOGÍA";"0";"5";"178";"449";"15";"450";"2"
"2023";"09";"150115";"LIMA";"LIMA";"LA VICTORIA";"ESSALUD";"III-2";"00009251";"HOSPITAL NACIONAL GUILLERMO ALMENARA IRIGOYEN";"250107";"UNIDAD DE CUIDADOS CRITICOS UNIDAD  DE CUIDADOS INTENSIVOS  (UCI) NEUROQUIRÚRGICA";"1";"0";"0";"146";"5";"150";"0"
"2023";"09";"150115";"LIMA";"LIMA";"LA VICTORIA";"ESSALUD";"III-2";"00009251";"HOSPITAL NACIONAL GUILLERMO ALMENARA IRIGOYEN";"250107";"UNIDAD DE CUIDADOS CRITICOS UNIDAD  DE CUIDADOS INTENSIVOS  (UCI) NEUROQUIRÚRGICA";"1";"1";"3";"31";"2";"60";"1"
"2023";"09";"150115";"LIMA";"LIMA";"LA VICTORIA";"ESSALUD";"III-2";"00009251";"HOSPITAL NACIONAL GUILLERMO ALMENARA IRIGOYEN";"250107";"UNIDAD DE CUIDADOS CRITICOS UNIDAD  DE CUIDADOS INTENSIVOS  (UCI) NEUROQUIRÚRGICA";"1";"2";"37";"61";"3";"90";"2"
"2023";"09";"150115";"LIMA";"LIMA";"LA VICTORIA";"ESSALUD";"III-2";"00009251";"HOSPITAL NACIONAL GUILLERMO ALMENARA IRIGOYEN";"250200";"UNIDAD DE CUIDADOS CRITICOS UNIDAD DE CUIDADOS INTERMEDIOS GENERAL  (UCIN) ";"23";"25";"198";"303";"11";"330";"0"
"2023";"09";"150115";"LIMA";"LIMA";"LA VICTORIA";"ESSALUD";"III-2";"00009251";"HOSPITAL NACIONAL GUILLERMO ALMENARA IRIGOYEN";"250200";"UNIDAD DE CUIDADOS CRITICOS UNIDAD DE CUIDADOS INTERMEDIOS GENERAL  (UCIN) ";"8";"20";"341";"152";"6";"180";"0"
"2023";"09";"150115";"LIMA";"LIMA";"LA VICTORIA";"ESSALUD";"III-2";"00009251";"HOSPITAL NACIONAL GUILLERMO ALMENARA IRIGOYEN";"250100";"UNIDAD DE CUIDADOS CRITICOS UNIDAD  DE CUIDADOS INTENSIVOS GENERALES (UCI) ";"10";"13";"437";"275";"10";"300";"0"
"2023";"09";"150115";"LIMA";"LIMA";"LA VICTORIA";"ESSALUD";"III-2";"00009251";"HOSPITAL NACIONAL GUILLERMO ALMENARA IRIGOYEN";"250202";"UNIDAD DE CUIDADOS CRITICOS UNIDAD DE CUIDADOS INTERMEDIOS  (UCIN) PEDIÁTRICOS";"21";"16";"82";"133";"5";"150";"1"
"2023";"09";"150115";"LIMA";"LIMA";"LA VICTORIA";"ESSALUD";"III-2";"00009251";"HOSPITAL NACIONAL GUILLERMO ALMENARA IRIGOYEN";"250202";"UNIDAD DE CUIDADOS CRITICOS UNIDAD DE CUIDADOS INTERMEDIOS  (UCIN) PEDIÁTRICOS";"0";"2";"64";"413";"14";"420";"0"
"2023";"09";"150115";"LIMA";"LIMA";"LA VICTORIA";"ESSALUD";"III-2";"00009251";"HOSPITAL NACIONAL GUILLERMO ALMENARA IRIGOYEN";"250200";"UNIDAD DE CUIDADOS CRITICOS UNIDAD DE CUIDADOS INTERMEDIOS GENERAL  (UCIN) ";"7";"12";"610";"700";"25";"750";"8"
"2023";"09";"150115";"LIMA";"LIMA";"LA VICTORIA";"ESSALUD";"III-2";"00009251";"HOSPITAL NACIONAL GUILLERMO ALMENARA IRIGOYEN";"250201";"UNIDAD DE CUIDADOS CRITICOS UNIDAD DE CUIDADOS INTERMEDIOS  (UCIN) NEONATAL";"15";"16";"468";"422";"16";"480";"1"
"2023";"09";"150115";"LIMA";"LIMA";"LA VICTORIA";"ESSALUD";"III-2";"00009251";"HOSPITAL NACIONAL GUILLERMO ALMENARA IRIGOYEN";"250200";"UNIDAD DE CUIDADOS CRITICOS UNIDAD DE CUIDADOS INTERMEDIOS GENERAL  (UCIN) ";"6";"8";"142";"177";"6";"180";"1"
"2023";"05";"040122";"AREQUIPA";"AREQUIPA";"SOCABAYA";"GOBIERNO REGIONAL";"I-2";"00001272";"PUESTO DE SALUD SALAVERRY";"NE_0001";"";"NE_0001";"NE_0001";"NE_0001";"NE_0001";"NE_0001";"NE_0001";"NE_0001"
"2023";"05";"040122";"AREQUIPA";"AREQUIPA";"SOCABAYA";"GOBIERNO REGIONAL";"I-3";"00030346";"CENTRO DE SALUD MENTAL COMUNITARIO SOCABAYA";"NE_0001";"";"NE_0001";"NE_0001";"NE_0001";"NE_0001";"NE_0001";"NE_0001";"NE_0001"
"2023";"05";"040122";"AREQUIPA";"AREQUIPA";"SOCABAYA";"GOBIERNO REGIONAL";"I-2";"00001269";"PUESTO DE SALUD CIUDAD MI TRABAJO";"NE_0001";"";"NE_0001";"NE_0001";"NE_0001";"NE_0001";"NE_0001";"NE_0001";"NE_0001"
"2023";"05";"040122";"AREQUIPA";"AREQUIPA";"SOCABAYA";"GOBIERNO REGIONAL";"I-3";"00001271";"CENTRO DE SALUD SAN FERNANDO";"NE_0001";"";"NE_0001";"NE_0001";"NE_0001";"NE_0001";"NE_0001";"NE_0001";"NE_0001"
"2023";"05";"040122";"AREQUIPA";"AREQUIPA";"SOCABAYA";"GOBIERNO REGIONAL";"I-2";"00001270";"PUESTO DE SALUD LARA";"NE_0001";"";"NE_0001";"NE_0001";"NE_0001";"NE_0001";"NE_0001";"NE_0001";"NE_0001"
"2023";"05";"040122";"AREQUIPA";"AREQUIPA";"SOCABAYA";"GOBIERNO REGIONAL";"I-2";"00023338";"PUESTO DE SALUD HORACIO ZEBALLOS GÁMEZ";"NE_0001";"";"NE_0001";"NE_0001";"NE_0001";"NE_0001";"NE_0001";"NE_0001";"NE_0001"
"2023";"05";"040122";"AREQUIPA";"AREQUIPA";"SOCABAYA";"GOBIERNO REGIONAL";"I-3";"00001258";"CENTRO DE SALUD SAN MARTIN DE SOCABAYA";"NE_0001";"";"NE_0001";"NE_0001";"NE_0001";"NE_0001";"NE_0001";"NE_0001";"NE_0001"
"2023";"05";"040122";"AREQUIPA";"AREQUIPA";"SOCABAYA";"GOBIERNO REGIONAL";"I-3";"00001268";"CENTRO DE SALUD 4 DE OCTUBRE";"NE_0001";"";"NE_0001";"NE_0001";"NE_0001";"NE_0001";"NE_0001";"NE_0001";"NE_0001"
"2023";"05";"150105";"LIMA";"LIMA";"BREÑA";"PRIVADO";"0";"00022016";"CLINICA LA LUZ OFTALMOLOGIA";"NE_0002";"";"NE_0002";"NE_0002";"NE_0002";"NE_0002";"NE_0002";"NE_0002";"NE_0002"
"2023";"06";"150116";"LIMA";"LIMA";"LINCE";"PRIVADO";"II-E";"00023918";"CLINICA CIRLAP";"240000";"HOSPITALIZACIÓN";"13";"13";"34";"27";"12";"360";"0"
"2023";"06";"150121";"LIMA";"LIMA";"PUEBLO LIBRE";"PRIVADO";"II-E";"00020230";"CLINICA DE OJOS GLOBAL LASER";"NE_0001";"";"NE_0001";"NE_0001";"NE_0001";"NE_0001";"NE_0001";"NE_0001";"NE_0001"
"2023";"06";"060101";"CAJAMARCA";"CAJAMARCA";"CAJAMARCA";"GOBIERNO REGIONAL";"II-E";"00004655";"SIMON BOLIVAR";"241400";"HOSPITALIZACIÓN QUIRÚRGICA GINECO - OBSTETRICIA ";"307";"301";"452";"602";"21";"630";"0"
"2023";"06";"060101";"CAJAMARCA";"CAJAMARCA";"CAJAMARCA";"GOBIERNO REGIONAL";"II-E";"00004655";"SIMON BOLIVAR";"240100";"HOSPITALIZACIÓN QUIRÚRGICA CIRUGÍA GENERAL ";"33";"30";"56";"419";"15";"450";"0"
"2023";"06";"060101";"CAJAMARCA";"CAJAMARCA";"CAJAMARCA";"GOBIERNO REGIONAL";"II-E";"00004655";"SIMON BOLIVAR";"241800";"HOSPITALIZACIÓN DE MEDICINA MEDICINA GENERAL ";"38";"35";"79";"276";"10";"300";"0"
"2023";"06";"060101";"CAJAMARCA";"CAJAMARCA";"CAJAMARCA";"GOBIERNO REGIONAL";"II-E";"00004655";"SIMON BOLIVAR";"242300";"HOSPITALIZACIÓN DE PEDIATRÍA  PEDIATRÍA  GENERAL ";"282";"272";"436";"135";"5";"150";"0"
"2023";"06";"150117";"LIMA";"LIMA";"LOS OLIVOS";"PRIVADO";"II-E";"00013044";"MEGASALUD NARANJAL S.A.C.";"240000";"HOSPITALIZACIÓN";"33";"33";"80";"69";"3";"90";"0"
"2023";"06";"080108";"CUSCO";"CUSCO";"WANCHAQ";"PRIVADO";"II-E";"00010023";"CORNEJO";"NE_0002";"";"NE_0002";"NE_0002";"NE_0002";"NE_0002";"NE_0002";"NE_0002";"NE_0002"
"2023";"06";"180303";"MOQUEGUA";"ILO";"PACOCHA";"PRIVADO";"II-1";"00017563";"HOSPITAL SPCC - ILO";"240100";"HOSPITALIZACIÓN QUIRÚRGICA CIRUGÍA GENERAL ";"19";"19";"70";"77";"12";"360";"0"
"2023";"06";"180303";"MOQUEGUA";"ILO";"PACOCHA";"PRIVADO";"II-1";"00017563";"HOSPITAL SPCC - ILO";"241400";"HOSPITALIZACIÓN QUIRÚRGICA GINECO - OBSTETRICIA ";"6";"8";"45";"42";"4";"120";"0"
"2023";"06";"180303";"MOQUEGUA";"ILO";"PACOCHA";"PRIVADO";"II-1";"00017563";"HOSPITAL SPCC - ILO";"241800";"HOSPITALIZACIÓN DE MEDICINA MEDICINA GENERAL ";"9";"13";"54";"56";"14";"420";"0"
"2023";"06";"180303";"MOQUEGUA";"ILO";"PACOCHA";"PRIVADO";"II-1";"00017563";"HOSPITAL SPCC - ILO";"242500";"HOSPITALIZACIÓN-PEDIATRÍA GENERAL-";"3";"3";"9";"12";"7";"210";"0"
"2023";"07";"150115";"LIMA";"LIMA";"LA VICTORIA";"ESSALUD";"III-2";"00009251";"HOSPITAL NACIONAL GUILLERMO ALMENARA IRIGOYEN";"244000";"HOSPITALIZACIÓN DE MEDICINA CARDIOLOGIA ";"40";"36";"250";"258";"10";"310";"0"
"2023";"07";"150115";"LIMA";"LIMA";"LA VICTORIA";"ESSALUD";"III-2";"00009251";"HOSPITAL NACIONAL GUILLERMO ALMENARA IRIGOYEN";"243200";"HOSPITALIZACIÓN DE PEDIATRÍA PEDIATRIA NEONATOLOGÍA";"6";"24";"180";"179";"6";"186";"4"
"2023";"07";"150115";"LIMA";"LIMA";"LA VICTORIA";"ESSALUD";"III-2";"00009251";"HOSPITAL NACIONAL GUILLERMO ALMENARA IRIGOYEN";"250101";"UNIDAD DE CUIDADOS CRITICOS UNIDAD  DE CUIDADOS INTENSIVOS GENERALES (UCI) CARDIOLOGIA";"18";"16";"130";"244";"8";"248";"4"
"2023";"07";"150115";"LIMA";"LIMA";"LA VICTORIA";"ESSALUD";"III-2";"00009251";"HOSPITAL NACIONAL GUILLERMO ALMENARA IRIGOYEN";"250111";"UNIDAD DE CUIDADOS CRITICOS UNIDAD  DE CUIDADOS INTENSIVOS  (UCI) CARDIOVASCULAR";"3";"0";"0";"130";"5";"155";"0"
"2023";"07";"150115";"LIMA";"LIMA";"LA VICTORIA";"ESSALUD";"III-2";"00009251";"HOSPITAL NACIONAL GUILLERMO ALMENARA IRIGOYEN";"250400";"UNIDAD DE CUIDADOS CRITICOS UNIDAD DE QUEMADOS (GRAN QUEMADO) ";"2";"1";"77";"59";"2";"62";"0"
"2023";"07";"150115";"LIMA";"LIMA";"LA VICTORIA";"ESSALUD";"III-2";"00009251";"HOSPITAL NACIONAL GUILLERMO ALMENARA IRIGOYEN";"250108";"UNIDAD DE CUIDADOS CRITICOS UNIDAD  DE CUIDADOS INTENSIVOS  (UCI) PEDIÁTRICA";"9";"1";"1";"251";"9";"279";"1"
"2023";"07";"150115";"LIMA";"LIMA";"LA VICTORIA";"ESSALUD";"III-2";"00009251";"HOSPITAL NACIONAL GUILLERMO ALMENARA IRIGOYEN";"250100";"UNIDAD DE CUIDADOS CRITICOS UNIDAD  DE CUIDADOS INTENSIVOS GENERALES (UCI) ";"18";"12";"349";"470";"16";"496";"11"
"2023";"07";"150115";"LIMA";"LIMA";"LA VICTORIA";"ESSALUD";"III-2";"00009251";"HOSPITAL NACIONAL GUILLERMO ALMENARA IRIGOYEN";"242205";"HOSPITALIZACIÓN MEDICINA PSIQUIATRÍA PISIQUIATRIA/ SALUD MENTAL Y ADICCIONES";"3";"5";"81";"92";"4";"124";"0"
"2023";"07";"150115";"LIMA";"LIMA";"LA VICTORIA";"ESSALUD";"III-2";"00009251";"HOSPITAL NACIONAL GUILLERMO ALMENARA IRIGOYEN";"244100";"HOSPITALIZACIÓN DE MEDICINA DERMATOLOGÍA    ";"26";"30";"302";"300";"11";"341";"0"
"2023";"07";"150115";"LIMA";"LIMA";"LA VICTORIA";"ESSALUD";"III-2";"00009251";"HOSPITAL NACIONAL GUILLERMO ALMENARA IRIGOYEN";"244200";"HOSPITALIZACIÓN DE MEDICINA ENDOCRINOLOGIA ";"22";"22";"311";"278";"11";"341";"0"
"2023";"07";"150115";"LIMA";"LIMA";"LA VICTORIA";"ESSALUD";"III-2";"00009251";"HOSPITAL NACIONAL GUILLERMO ALMENARA IRIGOYEN";"244300";"HOSPITALIZACIÓN DE MEDICINA GASTROENTEROLOGÍA  ";"50";"46";"710";"984";"33";"1023";"3"
"2023";"07";"150115";"LIMA";"LIMA";"LA VICTORIA";"ESSALUD";"III-2";"00009251";"HOSPITAL NACIONAL GUILLERMO ALMENARA IRIGOYEN";"244400";"HOSPITALIZACIÓN DE MEDICINA GERIATRIA ";"33";"32";"547";"498";"18";"558";"4"
"2023";"07";"150115";"LIMA";"LIMA";"LA VICTORIA";"ESSALUD";"III-2";"00009251";"HOSPITAL NACIONAL GUILLERMO ALMENARA IRIGOYEN";"244500";"HOSPITALIZACIÓN DE MEDICINA HEMATOLOGÍA ";"19";"19";"414";"320";"11";"341";"0"
"2023";"07";"150115";"LIMA";"LIMA";"LA VICTORIA";"ESSALUD";"III-2";"00009251";"HOSPITAL NACIONAL GUILLERMO ALMENARA IRIGOYEN";"244500";"HOSPITALIZACIÓN DE MEDICINA HEMATOLOGÍA ";"14";"14";"287";"308";"10";"310";"0"
"2023";"07";"150115";"LIMA";"LIMA";"LA VICTORIA";"ESSALUD";"III-2";"00009251";"HOSPITAL NACIONAL GUILLERMO ALMENARA IRIGOYEN";"241900";"HOSPITALIZACIÓN DE MEDICINA MEDICINA INTERNA ";"45";"48";"873";"992";"34";"1054";"3"
"2023";"07";"150115";"LIMA";"LIMA";"LA VICTORIA";"ESSALUD";"III-2";"00009251";"HOSPITAL NACIONAL GUILLERMO ALMENARA IRIGOYEN";"241900";"HOSPITALIZACIÓN DE MEDICINA MEDICINA INTERNA ";"64";"57";"1514";"1277";"43";"1333";"3"
"2023";"07";"150115";"LIMA";"LIMA";"LA VICTORIA";"ESSALUD";"III-2";"00009251";"HOSPITAL NACIONAL GUILLERMO ALMENARA IRIGOYEN";"241900";"HOSPITALIZACIÓN DE MEDICINA MEDICINA INTERNA ";"319";"295";"5100";"5486";"180";"5580";"21"
"2023";"07";"150115";"LIMA";"LIMA";"LA VICTORIA";"ESSALUD";"III-2";"00009251";"HOSPITAL NACIONAL GUILLERMO ALMENARA IRIGOYEN";"241900";"HOSPITALIZACIÓN DE MEDICINA MEDICINA INTERNA ";"61";"52";"1016";"1003";"34";"1054";"3"
"2023";"07";"150115";"LIMA";"LIMA";"LA VICTORIA";"ESSALUD";"III-2";"00009251";"HOSPITAL NACIONAL GUILLERMO ALMENARA IRIGOYEN";"244600";"HOSPITALIZACIÓN DE MEDICINA NEFROLOGIA ";"76";"81";"792";"927";"32";"992";"3"
"2023";"07";"150115";"LIMA";"LIMA";"LA VICTORIA";"ESSALUD";"III-2";"00009251";"HOSPITAL NACIONAL GUILLERMO ALMENARA IRIGOYEN";"245300";"HOSPITALIZACIÓN DE MEDICINA NEUMOLOGÍA  ";"39";"38";"679";"587";"19";"589";"0"
"2023";"07";"150115";"LIMA";"LIMA";"LA VICTORIA";"ESSALUD";"III-2";"00009251";"HOSPITAL NACIONAL GUILLERMO ALMENARA IRIGOYEN";"244700";"HOSPITALIZACIÓN DE MEDICINA NEUROLOGIA  ";"35";"33";"514";"569";"21";"651";"1"
"2023";"07";"150115";"LIMA";"LIMA";"LA VICTORIA";"ESSALUD";"III-2";"00009251";"HOSPITAL NACIONAL GUILLERMO ALMENARA IRIGOYEN";"242100";"HOSPITALIZACIÓN DE MEDICINA ONCOLOGÍA MÉDICA ";"110";"127";"1033";"570";"19";"589";"1"
"2023";"07";"150115";"LIMA";"LIMA";"LA VICTORIA";"ESSALUD";"III-2";"00009251";"HOSPITAL NACIONAL GUILLERMO ALMENARA IRIGOYEN";"242100";"HOSPITALIZACIÓN DE MEDICINA ONCOLOGÍA MÉDICA ";"12";"16";"630";"303";"10";"310";"0"
"2023";"07";"150115";"LIMA";"LIMA";"LA VICTORIA";"ESSALUD";"III-2";"00009251";"HOSPITAL NACIONAL GUILLERMO ALMENARA IRIGOYEN";"242202";"HOSPITALIZACIÓN DE MEDICINA PSIQUIATRÍA PSIQUIATRÍA DEL ADULTO Y GERONTE";"28";"23";"406";"520";"18";"558";"1"
"2023";"07";"150115";"LIMA";"LIMA";"LA VICTORIA";"ESSALUD";"III-2";"00009251";"HOSPITAL NACIONAL GUILLERMO ALMENARA IRIGOYEN";"242203";"HOSPITALIZACIÓN DE MEDICINA PSIQUIATRÍA PSIQUIATRÍA DEL NIÑO Y DEL ADOLESCENTE";"14";"17";"249";"194";"7";"217";"0"
"2023";"07";"150115";"LIMA";"LIMA";"LA VICTORIA";"ESSALUD";"III-2";"00009251";"HOSPITAL NACIONAL GUILLERMO ALMENARA IRIGOYEN";"245500";"HOSPITALIZACIÓN DE MEDICINA REUMATOLOGÍA    ";"21";"21";"364";"320";"13";"403";"0"
"2023";"07";"150115";"LIMA";"LIMA";"LA VICTORIA";"ESSALUD";"III-2";"00009251";"HOSPITAL NACIONAL GUILLERMO ALMENARA IRIGOYEN";"240200";"HOSPITALIZACIÓN QUIRÚRGICA CIRUGÍA DE CABEZA Y CUELLO / MÁXILO FACIAL ";"58";"55";"378";"422";"16";"496";"0"
"2023";"07";"150115";"LIMA";"LIMA";"LA VICTORIA";"ESSALUD";"III-2";"00009251";"HOSPITAL NACIONAL GUILLERMO ALMENARA IRIGOYEN";"240400";"HOSPITALIZACIÓN QUIRÚRGICA CIRUGÍA DE TÓRAX Y CARDIOVASCULAR ";"15";"5";"49";"53";"3";"93";"0"
"2023";"07";"150115";"LIMA";"LIMA";"LA VICTORIA";"ESSALUD";"III-2";"00009251";"HOSPITAL NACIONAL GUILLERMO ALMENARA IRIGOYEN";"241200";"HOSPITALIZACIÓN QUIRÚRGICA TRAUMATOLOGÍA Y ORTOPEDIA ";"43";"36";"309";"318";"11";"341";"0"
"2023";"07";"150115";"LIMA";"LIMA";"LA VICTORIA";"ESSALUD";"III-2";"00009251";"HOSPITAL NACIONAL GUILLERMO ALMENARA IRIGOYEN";"240400";"HOSPITALIZACIÓN QUIRÚRGICA CIRUGÍA DE TÓRAX Y CARDIOVASCULAR ";"28";"30";"366";"337";"11";"341";"0"
"2023";"07";"150115";"LIMA";"LIMA";"LA VICTORIA";"ESSALUD";"III-2";"00009251";"HOSPITAL NACIONAL GUILLERMO ALMENARA IRIGOYEN";"240801";"HOSPITALIZACIÓN QUIRÚRGICA CIRUGÍA PLÁSTICA/RECONSTRUCTIVA/ REPARADORA QUEMADOS";"24";"24";"274";"164";"6";"186";"0"
"2023";"07";"150115";"LIMA";"LIMA";"LA VICTORIA";"ESSALUD";"III-2";"00009251";"HOSPITAL NACIONAL GUILLERMO ALMENARA IRIGOYEN";"240100";"HOSPITALIZACIÓN QUIRÚRGICA CIRUGÍA GENERAL ";"18";"21";"493";"369";"14";"434";"0"
"2023";"07";"150115";"LIMA";"LIMA";"LA VICTORIA";"ESSALUD";"III-2";"00009251";"HOSPITAL NACIONAL GUILLERMO ALMENARA IRIGOYEN";"240100";"HOSPITALIZACIÓN QUIRÚRGICA CIRUGÍA GENERAL ";"37";"46";"627";"356";"13";"403";"0"
"2023";"07";"150115";"LIMA";"LIMA";"LA VICTORIA";"ESSALUD";"III-2";"00009251";"HOSPITAL NACIONAL GUILLERMO ALMENARA IRIGOYEN";"240100";"HOSPITALIZACIÓN QUIRÚRGICA CIRUGÍA GENERAL ";"30";"29";"802";"557";"20";"620";"0"
"2023";"07";"150115";"LIMA";"LIMA";"LA VICTORIA";"ESSALUD";"III-2";"00009251";"HOSPITAL NACIONAL GUILLERMO ALMENARA IRIGOYEN";"240100";"HOSPITALIZACIÓN QUIRÚRGICA CIRUGÍA GENERAL ";"25";"22";"424";"483";"17";"527";"0"
"2023";"07";"150115";"LIMA";"LIMA";"LA VICTORIA";"ESSALUD";"III-2";"00009251";"HOSPITAL NACIONAL GUILLERMO ALMENARA IRIGOYEN";"240100";"HOSPITALIZACIÓN QUIRÚRGICA CIRUGÍA GENERAL ";"92";"108";"721";"718";"25";"775";"1"
"2023";"07";"150115";"LIMA";"LIMA";"LA VICTORIA";"ESSALUD";"III-2";"00009251";"HOSPITAL NACIONAL GUILLERMO ALMENARA IRIGOYEN";"241500";"HOSPITALIZACIÓN QUIRÚRGICA GINECOLOGÍA  ";"41";"41";"261";"222";"8";"248";"0"
"2023";"07";"150115";"LIMA";"LIMA";"LA VICTORIA";"ESSALUD";"III-2";"00009251";"HOSPITAL NACIONAL GUILLERMO ALMENARA IRIGOYEN";"240900";"HOSPITALIZACIÓN QUIRÚRGICA NEUROCIRUGÍA ";"34";"30";"469";"334";"12";"372";"0"
"2023";"07";"150115";"LIMA";"LIMA";"LA VICTORIA";"ESSALUD";"III-2";"00009251";"HOSPITAL NACIONAL GUILLERMO ALMENARA IRIGOYEN";"240900";"HOSPITALIZACIÓN QUIRÚRGICA NEUROCIRUGÍA ";"45";"41";"253";"166";"6";"186";"0"
"2023";"07";"150115";"LIMA";"LIMA";"LA VICTORIA";"ESSALUD";"III-2";"00009251";"HOSPITAL NACIONAL GUILLERMO ALMENARA IRIGOYEN";"240900";"HOSPITALIZACIÓN QUIRÚRGICA NEUROCIRUGÍA ";"27";"28";"324";"243";"9";"279";"0"
"2023";"07";"150115";"LIMA";"LIMA";"LA VICTORIA";"ESSALUD";"III-2";"00009251";"HOSPITAL NACIONAL GUILLERMO ALMENARA IRIGOYEN";"240600";"HOSPITALIZACIÓN QUIRÚRGICA CIRUGÍA OFTALMOLÓGICA ";"6";"7";"53";"73";"5";"155";"0"
"2023";"07";"150115";"LIMA";"LIMA";"LA VICTORIA";"ESSALUD";"III-2";"00009251";"HOSPITAL NACIONAL GUILLERMO ALMENARA IRIGOYEN";"240600";"HOSPITALIZACIÓN QUIRÚRGICA CIRUGÍA OFTALMOLÓGICA ";"5";"5";"41";"48";"4";"124";"0"
"2023";"07";"150115";"LIMA";"LIMA";"LA VICTORIA";"ESSALUD";"III-2";"00009251";"HOSPITAL NACIONAL GUILLERMO ALMENARA IRIGOYEN";"241200";"HOSPITALIZACIÓN QUIRÚRGICA TRAUMATOLOGÍA Y ORTOPEDIA ";"79";"75";"828";"722";"25";"775";"4"
"2023";"07";"150115";"LIMA";"LIMA";"LA VICTORIA";"ESSALUD";"III-2";"00009251";"HOSPITAL NACIONAL GUILLERMO ALMENARA IRIGOYEN";"241200";"HOSPITALIZACIÓN QUIRÚRGICA TRAUMATOLOGÍA Y ORTOPEDIA ";"112";"122";"1285";"1099";"38";"1178";"0"
"2023";"07";"150115";"LIMA";"LIMA";"LA VICTORIA";"ESSALUD";"III-2";"00009251";"HOSPITAL NACIONAL GUILLERMO ALMENARA IRIGOYEN";"241100";"HOSPITALIZACIÓN QUIRÚRGICA OTORRINOLARINGOLOGÍA  ";"49";"45";"320";"337";"13";"403";"0"
"2023";"07";"150115";"LIMA";"LIMA";"LA VICTORIA";"ESSALUD";"III-2";"00009251";"HOSPITAL NACIONAL GUILLERMO ALMENARA IRIGOYEN";"240500";"HOSPITALIZACIÓN QUIRÚRGICA CIRUGÍA DE TRANSPLANTES ";"25";"22";"244";"261";"11";"341";"0"
"2023";"07";"150115";"LIMA";"LIMA";"LA VICTORIA";"ESSALUD";"III-2";"00009251";"HOSPITAL NACIONAL GUILLERMO ALMENARA IRIGOYEN";"240500";"HOSPITALIZACIÓN QUIRÚRGICA CIRUGÍA DE TRANSPLANTES ";"43";"45";"291";"327";"12";"372";"0"
"2023";"07";"150115";"LIMA";"LIMA";"LA VICTORIA";"ESSALUD";"III-2";"00009251";"HOSPITAL NACIONAL GUILLERMO ALMENARA IRIGOYEN";"241300";"HOSPITALIZACIÓN QUIRÚRGICA UROLOGÍA  ";"90";"95";"1304";"1031";"36";"1116";"0"
"2023";"07";"150115";"LIMA";"LIMA";"LA VICTORIA";"ESSALUD";"III-2";"00009251";"HOSPITAL NACIONAL GUILLERMO ALMENARA IRIGOYEN";"241500";"HOSPITALIZACIÓN QUIRÚRGICA GINECOLOGÍA  ";"85";"86";"573";"651";"22";"682";"0"
"2023";"07";"150115";"LIMA";"LIMA";"LA VICTORIA";"ESSALUD";"III-2";"00009251";"HOSPITAL NACIONAL GUILLERMO ALMENARA IRIGOYEN";"241600";"HOSPITALIZACIÓN QUIRÚRGICA OBSTETRICIA   ";"206";"210";"1252";"1075";"36";"1116";"0"
"2023";"07";"150115";"LIMA";"LIMA";"LA VICTORIA";"ESSALUD";"III-2";"00009251";"HOSPITAL NACIONAL GUILLERMO ALMENARA IRIGOYEN";"240700";"HOSPITALIZACIÓN QUIRÚRGICA CIRUGÍA PEDIÁTRICA ";"91";"90";"401";"330";"12";"372";"0"
"2023";"07";"150115";"LIMA";"LIMA";"LA VICTORIA";"ESSALUD";"III-2";"00009251";"HOSPITAL NACIONAL GUILLERMO ALMENARA IRIGOYEN";"242300";"HOSPITALIZACIÓN DE PEDIATRÍA  PEDIATRÍA  GENERAL ";"7";"18";"524";"304";"10";"310";"0"
"2023";"07";"150115";"LIMA";"LIMA";"LA VICTORIA";"ESSALUD";"III-2";"00009251";"HOSPITAL NACIONAL GUILLERMO ALMENARA IRIGOYEN";"250105";"UNIDAD DE CUIDADOS CRITICOS UNIDAD  DE CUIDADOS INTENSIVOS  (UCI) NEONATOLOGÍA";"3";"5";"86";"461";"15";"465";"4"
"2023";"07";"150115";"LIMA";"LIMA";"LA VICTORIA";"ESSALUD";"III-2";"00009251";"HOSPITAL NACIONAL GUILLERMO ALMENARA IRIGOYEN";"250107";"UNIDAD DE CUIDADOS CRITICOS UNIDAD  DE CUIDADOS INTENSIVOS  (UCI) NEUROQUIRÚRGICA";"1";"2";"13";"157";"7";"217";"0"
"2023";"07";"150115";"LIMA";"LIMA";"LA VICTORIA";"ESSALUD";"III-2";"00009251";"HOSPITAL NACIONAL GUILLERMO ALMENARA IRIGOYEN";"250107";"UNIDAD DE CUIDADOS CRITICOS UNIDAD  DE CUIDADOS INTENSIVOS  (UCI) NEUROQUIRÚRGICA";"0";"1";"5";"31";"3";"93";"0"
"2023";"07";"150115";"LIMA";"LIMA";"LA VICTORIA";"ESSALUD";"III-2";"00009251";"HOSPITAL NACIONAL GUILLERMO ALMENARA IRIGOYEN";"250107";"UNIDAD DE CUIDADOS CRITICOS UNIDAD  DE CUIDADOS INTENSIVOS  (UCI) NEUROQUIRÚRGICA";"2";"0";"0";"56";"3";"93";"0"
"2023";"07";"150115";"LIMA";"LIMA";"LA VICTORIA";"ESSALUD";"III-2";"00009251";"HOSPITAL NACIONAL GUILLERMO ALMENARA IRIGOYEN";"250200";"UNIDAD DE CUIDADOS CRITICOS UNIDAD DE CUIDADOS INTERMEDIOS GENERAL  (UCIN) ";"35";"43";"392";"306";"11";"341";"0"
"2023";"07";"150115";"LIMA";"LIMA";"LA VICTORIA";"ESSALUD";"III-2";"00009251";"HOSPITAL NACIONAL GUILLERMO ALMENARA IRIGOYEN";"250200";"UNIDAD DE CUIDADOS CRITICOS UNIDAD DE CUIDADOS INTERMEDIOS GENERAL  (UCIN) ";"8";"16";"168";"139";"5";"155";"0"
"2023";"07";"150115";"LIMA";"LIMA";"LA VICTORIA";"ESSALUD";"III-2";"00009251";"HOSPITAL NACIONAL GUILLERMO ALMENARA IRIGOYEN";"250100";"UNIDAD DE CUIDADOS CRITICOS UNIDAD  DE CUIDADOS INTENSIVOS GENERALES (UCI) ";"9";"7";"157";"285";"10";"310";"0"
"2023";"07";"150115";"LIMA";"LIMA";"LA VICTORIA";"ESSALUD";"III-2";"00009251";"HOSPITAL NACIONAL GUILLERMO ALMENARA IRIGOYEN";"250202";"UNIDAD DE CUIDADOS CRITICOS UNIDAD DE CUIDADOS INTERMEDIOS  (UCIN) PEDIÁTRICOS";"11";"15";"75";"140";"5";"155";"0"
"2023";"07";"150115";"LIMA";"LIMA";"LA VICTORIA";"ESSALUD";"III-2";"00009251";"HOSPITAL NACIONAL GUILLERMO ALMENARA IRIGOYEN";"250202";"UNIDAD DE CUIDADOS CRITICOS UNIDAD DE CUIDADOS INTERMEDIOS  (UCIN) PEDIÁTRICOS";"7";"7";"239";"424";"15";"465";"0"
"2023";"07";"150115";"LIMA";"LIMA";"LA VICTORIA";"ESSALUD";"III-2";"00009251";"HOSPITAL NACIONAL GUILLERMO ALMENARA IRIGOYEN";"250200";"UNIDAD DE CUIDADOS CRITICOS UNIDAD DE CUIDADOS INTERMEDIOS GENERAL  (UCIN) ";"14";"14";"661";"620";"20";"620";"8"
"2023";"07";"150115";"LIMA";"LIMA";"LA VICTORIA";"ESSALUD";"III-2";"00009251";"HOSPITAL NACIONAL GUILLERMO ALMENARA IRIGOYEN";"250201";"UNIDAD DE CUIDADOS CRITICOS UNIDAD DE CUIDADOS INTERMEDIOS  (UCIN) NEONATAL";"8";"18";"414";"391";"13";"403";"0"
"2023";"07";"150115";"LIMA";"LIMA";"LA VICTORIA";"ESSALUD";"III-2";"00009251";"HOSPITAL NACIONAL GUILLERMO ALMENARA IRIGOYEN";"250200";"UNIDAD DE CUIDADOS CRITICOS UNIDAD DE CUIDADOS INTERMEDIOS GENERAL  (UCIN) ";"7";"7";"94";"184";"7";"217";"0"
"2023";"07";"150115";"LIMA";"LIMA";"LA VICTORIA";"ESSALUD";"III-2";"00009251";"HOSPITAL NACIONAL GUILLERMO ALMENARA IRIGOYEN";"250200";"UNIDAD DE CUIDADOS CRITICOS UNIDAD DE CUIDADOS INTERMEDIOS GENERAL  (UCIN) ";"0";"2";"18";"125";"6";"186";"0"
"2023";"07";"150115";"LIMA";"LIMA";"LA VICTORIA";"ESSALUD";"III-2";"00009251";"HOSPITAL NACIONAL GUILLERMO ALMENARA IRIGOYEN";"250200";"UNIDAD DE CUIDADOS CRITICOS UNIDAD DE CUIDADOS INTERMEDIOS GENERAL  (UCIN) ";"1";"6";"99";"57";"4";"124";"0"
"2023";"07";"150115";"LIMA";"LIMA";"LA VICTORIA";"ESSALUD";"III-2";"00009251";"HOSPITAL NACIONAL GUILLERMO ALMENARA IRIGOYEN";"250200";"UNIDAD DE CUIDADOS CRITICOS UNIDAD DE CUIDADOS INTERMEDIOS GENERAL  (UCIN) ";"2";"5";"144";"56";"4";"124";"0"
"2023";"07";"050115";"AYACUCHO";"HUAMANGA";"JESUS NAZARENO";"PRIVADO";"I-3";"00028119";"EL GALENO";"NE_0001";"";"NE_0001";"NE_0001";"NE_0001";"NE_0001";"NE_0001";"NE_0001";"NE_0001"
"2023";"07";"120906";"JUNIN";"CHUPACA";"SAN JUAN DE YSCOS";"GOBIERNO REGIONAL";"I-1";"00000658";"TINYARI GRANDE";"NE_0001";"";"NE_0001";"NE_0001";"NE_0001";"NE_0001";"NE_0001";"NE_0001";"NE_0001"
"2023";"07";"120905";"JUNIN";"CHUPACA";"HUAMANCACA CHICO";"GOBIERNO REGIONAL";"I-2";"00000655";"HUAMANCACA CHICO";"NE_0001";"";"NE_0001";"NE_0001";"NE_0001";"NE_0001";"NE_0001";"NE_0001";"NE_0001"
"2023";"07";"120906";"JUNIN";"CHUPACA";"SAN JUAN DE YSCOS";"GOBIERNO REGIONAL";"I-2";"00000656";"SAN JUAN DE ISCOS";"NE_0001";"";"NE_0001";"NE_0001";"NE_0001";"NE_0001";"NE_0001";"NE_0001";"NE_0001"
"2023";"07";"120908";"JUNIN";"CHUPACA";"TRES DE DICIEMBRE";"GOBIERNO REGIONAL";"I-2";"00000660";"TRES DE DICIEMBRE";"NE_0001";"";"NE_0001";"NE_0001";"NE_0001";"NE_0001";"NE_0001";"NE_0001";"NE_0001"
"2023";"07";"120902";"JUNIN";"CHUPACA";"AHUAC";"GOBIERNO REGIONAL";"I-2";"00000647";"AHUAC";"NE_0001";"";"NE_0001";"NE_0001";"NE_0001";"NE_0001";"NE_0001";"NE_0001";"NE_0001"
"2023";"07";"120903";"JUNIN";"CHUPACA";"CHONGOS BAJO";"GOBIERNO REGIONAL";"I-1";"00000650";"PUMPUNYA";"NE_0001";"";"NE_0001";"NE_0001";"NE_0001";"NE_0001";"NE_0001";"NE_0001";"NE_0001"
"2023";"07";"120901";"JUNIN";"CHUPACA";"CHUPACA";"GOBIERNO REGIONAL";"I-4";"00000646";"PEDRO SANCHEZ MEZA";"NE_0001";"";"NE_0001";"NE_0001";"NE_0001";"NE_0001";"NE_0001";"NE_0001";"NE_0001"
"2023";"07";"120902";"JUNIN";"CHUPACA";"AHUAC";"GOBIERNO REGIONAL";"I-1";"00000648";"HUARISCA";"NE_0001";"";"NE_0001";"NE_0001";"NE_0001";"NE_0001";"NE_0001";"NE_0001";"NE_0001"
"2023";"07";"120903";"JUNIN";"CHUPACA";"CHONGOS BAJO";"GOBIERNO REGIONAL";"I-3";"00000649";"CHONGOS BAJO";"NE_0001";"";"NE_0001";"NE_0001";"NE_0001";"NE_0001";"NE_0001";"NE_0001";"NE_0001"
"2023";"07";"120906";"JUNIN";"CHUPACA";"SAN JUAN DE YSCOS";"GOBIERNO REGIONAL";"I-1";"00000657";"TINYARI CHICO";"NE_0001";"";"NE_0001";"NE_0001";"NE_0001";"NE_0001";"NE_0001";"NE_0001";"NE_0001"
"2023";"05";"150141";"LIMA";"LIMA";"SURQUILLO";"SANIDAD DE LA POLICIA NACIONAL DEL PERU";"I-3";"00012885";"POLICLINICO PNP WALTER ROSALES LEON";"NE_0001";"";"NE_0001";"NE_0001";"NE_0001";"NE_0001";"NE_0001";"NE_0001";"NE_0001"
"2023";"05";"120101";"JUNIN";"HUANCAYO";"HUANCAYO";"PRIVADO";"II-2";"00008858";"CLINICA ORTEGA";"240100";"HOSPITALIZACIÓN QUIRÚRGICA CIRUGÍA GENERAL ";"43";"43";"138";"138";"7";"217";"0"
"2023";"05";"120101";"JUNIN";"HUANCAYO";"HUANCAYO";"PRIVADO";"II-2";"00008858";"CLINICA ORTEGA";"240200";"HOSPITALIZACIÓN QUIRÚRGICA CIRUGÍA DE CABEZA Y CUELLO / MÁXILO FACIAL ";"1";"1";"2";"2";"3";"93";"0"
"2023";"05";"120101";"JUNIN";"HUANCAYO";"HUANCAYO";"PRIVADO";"II-2";"00008858";"CLINICA ORTEGA";"240700";"HOSPITALIZACIÓN QUIRÚRGICA CIRUGÍA PEDIÁTRICA ";"1";"1";"31";"31";"3";"93";"0"
"2023";"05";"120101";"JUNIN";"HUANCAYO";"HUANCAYO";"PRIVADO";"II-2";"00008858";"CLINICA ORTEGA";"240900";"HOSPITALIZACIÓN QUIRÚRGICA NEUROCIRUGÍA ";"12";"12";"53";"53";"4";"124";"0"
"2023";"05";"120101";"JUNIN";"HUANCAYO";"HUANCAYO";"PRIVADO";"II-2";"00008858";"CLINICA ORTEGA";"241000";"HOSPITALIZACIÓN QUIRÚRGICA ONCOLOGÍA QUIRÚRGICA  ";"6";"6";"29";"29";"3";"93";"0"
"2023";"05";"120101";"JUNIN";"HUANCAYO";"HUANCAYO";"PRIVADO";"II-2";"00008858";"CLINICA ORTEGA";"241100";"HOSPITALIZACIÓN QUIRÚRGICA OTORRINOLARINGOLOGÍA  ";"2";"2";"3";"3";"3";"93";"0"
"2023";"05";"120101";"JUNIN";"HUANCAYO";"HUANCAYO";"PRIVADO";"II-2";"00008858";"CLINICA ORTEGA";"241200";"HOSPITALIZACIÓN QUIRÚRGICA TRAUMATOLOGÍA Y ORTOPEDIA ";"65";"65";"184";"184";"8";"248";"0"
"2023";"05";"120101";"JUNIN";"HUANCAYO";"HUANCAYO";"PRIVADO";"II-2";"00008858";"CLINICA ORTEGA";"241300";"HOSPITALIZACIÓN QUIRÚRGICA UROLOGÍA  ";"13";"13";"36";"36";"4";"124";"0"
"2023";"05";"120101";"JUNIN";"HUANCAYO";"HUANCAYO";"PRIVADO";"II-2";"00008858";"CLINICA ORTEGA";"241400";"HOSPITALIZACIÓN QUIRÚRGICA GINECO - OBSTETRICIA ";"20";"20";"51";"51";"4";"124";"0"
"2023";"05";"120101";"JUNIN";"HUANCAYO";"HUANCAYO";"PRIVADO";"II-2";"00008858";"CLINICA ORTEGA";"241800";"HOSPITALIZACIÓN DE MEDICINA MEDICINA GENERAL ";"8";"8";"33";"33";"4";"124";"0"
"2023";"05";"120101";"JUNIN";"HUANCAYO";"HUANCAYO";"PRIVADO";"II-2";"00008858";"CLINICA ORTEGA";"241900";"HOSPITALIZACIÓN DE MEDICINA MEDICINA INTERNA ";"46";"46";"161";"161";"8";"248";"0"
"2023";"05";"120101";"JUNIN";"HUANCAYO";"HUANCAYO";"PRIVADO";"II-2";"00008858";"CLINICA ORTEGA";"242300";"HOSPITALIZACIÓN DE PEDIATRÍA  PEDIATRÍA  GENERAL ";"5";"5";"42";"42";"4";"124";"0"
"2023";"05";"120101";"JUNIN";"HUANCAYO";"HUANCAYO";"PRIVADO";"II-2";"00008858";"CLINICA ORTEGA";"250100";"UNIDAD DE CUIDADOS CRITICOS UNIDAD  DE CUIDADOS INTENSIVOS GENERALES (UCI) ";"2";"2";"6";"6";"3";"93";"2"
"2023";"05";"030101";"APURIMAC";"ABANCAY";"ABANCAY";"GOBIERNO REGIONAL";"II-2";"00007719";"HOSPITAL REGIONAL GUILLERMO DIAZ DE LA VEGA";"241600";"HOSPITALIZACIÓN QUIRÚRGICA OBSTETRICIA   ";"114";"90";"243";"236";"10";"318";"0"
"2023";"05";"030101";"APURIMAC";"ABANCAY";"ABANCAY";"GOBIERNO REGIONAL";"II-2";"00007719";"HOSPITAL REGIONAL GUILLERMO DIAZ DE LA VEGA";"240100";"HOSPITALIZACIÓN QUIRÚRGICA CIRUGÍA GENERAL ";"144";"134";"566";"270";"10";"333";"0"
"2023";"05";"030101";"APURIMAC";"ABANCAY";"ABANCAY";"GOBIERNO REGIONAL";"II-2";"00007719";"HOSPITAL REGIONAL GUILLERMO DIAZ DE LA VEGA";"241500";"HOSPITALIZACIÓN QUIRÚRGICA GINECOLOGÍA  ";"97";"93";"272";"274";"14";"436";"0"
"2023";"05";"030101";"APURIMAC";"ABANCAY";"ABANCAY";"GOBIERNO REGIONAL";"II-2";"00007719";"HOSPITAL REGIONAL GUILLERMO DIAZ DE LA VEGA";"241900";"HOSPITALIZACIÓN DE MEDICINA MEDICINA INTERNA ";"76";"79";"525";"441";"11";"460";"6"
"2023";"05";"030101";"APURIMAC";"ABANCAY";"ABANCAY";"GOBIERNO REGIONAL";"II-2";"00007719";"HOSPITAL REGIONAL GUILLERMO DIAZ DE LA VEGA";"250201";"UNIDAD DE CUIDADOS CRITICOS UNIDAD DE CUIDADOS INTERMEDIOS  (UCIN) NEONATAL";"30";"30";"130";"141";"6";"189";"0"
"2023";"05";"030101";"APURIMAC";"ABANCAY";"ABANCAY";"GOBIERNO REGIONAL";"II-2";"00007719";"HOSPITAL REGIONAL GUILLERMO DIAZ DE LA VEGA";"242300";"HOSPITALIZACIÓN DE PEDIATRÍA  PEDIATRÍA  GENERAL ";"63";"58";"270";"284";"10";"316";"0"
"2023";"05";"030101";"APURIMAC";"ABANCAY";"ABANCAY";"GOBIERNO REGIONAL";"II-2";"00007719";"HOSPITAL REGIONAL GUILLERMO DIAZ DE LA VEGA";"241200";"HOSPITALIZACIÓN QUIRÚRGICA TRAUMATOLOGÍA Y ORTOPEDIA ";"57";"59";"500";"587";"11";"587";"0"
"2023";"05";"030101";"APURIMAC";"ABANCAY";"ABANCAY";"GOBIERNO REGIONAL";"II-2";"00007719";"HOSPITAL REGIONAL GUILLERMO DIAZ DE LA VEGA";"250103";"UNIDAD DE CUIDADOS CRITICOS UNIDAD  DE CUIDADOS INTENSIVOS GENERALES  (UCI) MEDICINA";"7";"6";"102";"99";"4";"124";"1"
"2023";"05";"030101";"APURIMAC";"ABANCAY";"ABANCAY";"GOBIERNO REGIONAL";"II-2";"00007719";"HOSPITAL REGIONAL GUILLERMO DIAZ DE LA VEGA";"250105";"UNIDAD DE CUIDADOS CRITICOS UNIDAD  DE CUIDADOS INTENSIVOS  (UCI) NEONATOLOGÍA";"4";"6";"41";"67";"4";"124";"1"
"2023";"05";"030101";"APURIMAC";"ABANCAY";"ABANCAY";"GOBIERNO REGIONAL";"II-2";"00007719";"HOSPITAL REGIONAL GUILLERMO DIAZ DE LA VEGA";"250200";"UNIDAD DE CUIDADOS CRITICOS UNIDAD DE CUIDADOS INTERMEDIOS GENERAL  (UCIN) ";"4";"5";"95";"70";"3";"94";"0"
"2023";"05";"120904";"JUNIN";"CHUPACA";"HUACHAC";"GOBIERNO REGIONAL";"I-1";"00000654";"ANTAPAMPA";"NE_0001";"";"NE_0001";"NE_0001";"NE_0001";"NE_0001";"NE_0001";"NE_0001";"NE_0001"
"2023";"05";"070103";"CALLAO";"CALLAO";"CARMEN DE LA LEGUA-REYNOSO";"GOBIERNO REGIONAL";"II-2";"00006219";"HOSPITAL SAN JOSE";"241800";"HOSPITALIZACIÓN DE MEDICINA MEDICINA GENERAL ";"54";"56";"398";"351";"21";"651";"2"
"2023";"05";"070103";"CALLAO";"CALLAO";"CARMEN DE LA LEGUA-REYNOSO";"GOBIERNO REGIONAL";"II-2";"00006219";"HOSPITAL SAN JOSE";"241600";"HOSPITALIZACIÓN QUIRÚRGICA OBSTETRICIA   ";"165";"168";"456";"449";"17";"527";"0"
"2023";"05";"070103";"CALLAO";"CALLAO";"CARMEN DE LA LEGUA-REYNOSO";"GOBIERNO REGIONAL";"II-2";"00006219";"HOSPITAL SAN JOSE";"240100";"HOSPITALIZACIÓN QUIRÚRGICA CIRUGÍA GENERAL ";"106";"102";"336";"324";"11";"341";"0"
"2023";"05";"070103";"CALLAO";"CALLAO";"CARMEN DE LA LEGUA-REYNOSO";"GOBIERNO REGIONAL";"II-2";"00006219";"HOSPITAL SAN JOSE";"242500";"HOSPITALIZACIÓN-PEDIATRÍA GENERAL-";"24";"23";"131";"122";"6";"186";"0"
"2023";"05";"070103";"CALLAO";"CALLAO";"CARMEN DE LA LEGUA-REYNOSO";"GOBIERNO REGIONAL";"II-2";"00006219";"HOSPITAL SAN JOSE";"243200";"HOSPITALIZACIÓN DE PEDIATRÍA PEDIATRIA NEONATOLOGÍA";"21";"17";"92";"92";"8";"248";"0"
"2023";"05";"070103";"CALLAO";"CALLAO";"CARMEN DE LA LEGUA-REYNOSO";"GOBIERNO REGIONAL";"II-2";"00006219";"HOSPITAL SAN JOSE";"241500";"HOSPITALIZACIÓN QUIRÚRGICA GINECOLOGÍA  ";"55";"52";"183";"177";"7";"217";"0"
"2023";"05";"040103";"AREQUIPA";"AREQUIPA";"CAYMA";"PRIVADO";"II-1";"00015730";"CLINICA SAN JUAN DE DIOS";"240000";"HOSPITALIZACIÓN";"524";"516";"1884";"1880";"81";"2511";"7"
"2023";"05";"030601";"APURIMAC";"CHINCHEROS";"CHINCHEROS";"GOBIERNO REGIONAL";"II-1";"00004140";"HOSPITAL CHINCHEROS";"240100";"HOSPITALIZACIÓN QUIRÚRGICA CIRUGÍA GENERAL ";"15";"17";"37";"37";"7";"217";"0"
"2023";"05";"030601";"APURIMAC";"CHINCHEROS";"CHINCHEROS";"GOBIERNO REGIONAL";"II-1";"00004140";"HOSPITAL CHINCHEROS";"241500";"HOSPITALIZACIÓN QUIRÚRGICA GINECOLOGÍA  ";"9";"10";"25";"25";"4";"124";"0"
"2023";"05";"030601";"APURIMAC";"CHINCHEROS";"CHINCHEROS";"GOBIERNO REGIONAL";"II-1";"00004140";"HOSPITAL CHINCHEROS";"241800";"HOSPITALIZACIÓN DE MEDICINA MEDICINA GENERAL ";"12";"14";"74";"74";"23";"713";"1"
"2023";"05";"030601";"APURIMAC";"CHINCHEROS";"CHINCHEROS";"GOBIERNO REGIONAL";"II-1";"00004140";"HOSPITAL CHINCHEROS";"241600";"HOSPITALIZACIÓN QUIRÚRGICA OBSTETRICIA   ";"24";"29";"83";"83";"8";"248";"0"
"2023";"05";"030601";"APURIMAC";"CHINCHEROS";"CHINCHEROS";"GOBIERNO REGIONAL";"II-1";"00004140";"HOSPITAL CHINCHEROS";"242500";"HOSPITALIZACIÓN-PEDIATRÍA GENERAL-";"3";"3";"8";"8";"3";"93";"0"
"2023";"05";"030601";"APURIMAC";"CHINCHEROS";"CHINCHEROS";"GOBIERNO REGIONAL";"II-1";"00004140";"HOSPITAL CHINCHEROS";"243200";"HOSPITALIZACIÓN DE PEDIATRÍA PEDIATRIA NEONATOLOGÍA";"1";"1";"1";"1";"2";"62";"0"
"2023";"05";"030601";"APURIMAC";"CHINCHEROS";"CHINCHEROS";"GOBIERNO REGIONAL";"II-1";"00004140";"HOSPITAL CHINCHEROS";"242200";"HOSPITALIZACIÓN DE MEDICINA PSIQUIATRÍA ";"1";"2";"93";"93";"4";"124";"0"
"2023";"05";"120114";"JUNIN";"HUANCAYO";"EL TAMBO";"ESSALUD";"III-1";"00008652";"HOSPITAL NACIONAL RAMIRO PRIALE PRIALE";"242600";"HOSPITALIZACIÓN DE PEDIATRÍA PEDIATRIA CARDIOLOGÍA PEDIÁTRICA";"6";"9";"69";"62";"2";"62";"0"
"2023";"05";"120114";"JUNIN";"HUANCAYO";"EL TAMBO";"ESSALUD";"III-1";"00008652";"HOSPITAL NACIONAL RAMIRO PRIALE PRIALE";"242900";"HOSPITALIZACIÓN DE PEDIATRÍA PEDIATRIA GASTROENTEROLOGÍA PEDIÁTRICA";"14";"14";"204";"209";"7";"217";"0"
"2023";"05";"120114";"JUNIN";"HUANCAYO";"EL TAMBO";"ESSALUD";"III-1";"00008652";"HOSPITAL NACIONAL RAMIRO PRIALE PRIALE";"242202";"HOSPITALIZACIÓN DE MEDICINA PSIQUIATRÍA PSIQUIATRÍA DEL ADULTO Y GERONTE";"39";"38";"538";"553";"18";"558";"5"
"2023";"05";"120114";"JUNIN";"HUANCAYO";"EL TAMBO";"ESSALUD";"III-1";"00008652";"HOSPITAL NACIONAL RAMIRO PRIALE PRIALE";"241900";"HOSPITALIZACIÓN DE MEDICINA MEDICINA INTERNA ";"10";"11";"226";"117";"4";"124";"0"
"2023";"05";"120114";"JUNIN";"HUANCAYO";"EL TAMBO";"ESSALUD";"III-1";"00008652";"HOSPITAL NACIONAL RAMIRO PRIALE PRIALE";"241900";"HOSPITALIZACIÓN DE MEDICINA MEDICINA INTERNA ";"68";"70";"1343";"1420";"46";"1426";"7"
"2023";"05";"120114";"JUNIN";"HUANCAYO";"EL TAMBO";"ESSALUD";"III-1";"00008652";"HOSPITAL NACIONAL RAMIRO PRIALE PRIALE";"243100";"HOSPITALIZACIÓN DE PEDIATRÍA PEDIATRIA NEFROLOGÍA PEDIÁTRICA";"10";"10";"91";"104";"4";"124";"0"
"2023";"05";"120114";"JUNIN";"HUANCAYO";"EL TAMBO";"ESSALUD";"III-1";"00008652";"HOSPITAL NACIONAL RAMIRO PRIALE PRIALE";"242100";"HOSPITALIZACIÓN DE MEDICINA ONCOLOGÍA MÉDICA ";"44";"47";"408";"415";"14";"434";"2"
"2023";"05";"120114";"JUNIN";"HUANCAYO";"EL TAMBO";"ESSALUD";"III-1";"00008652";"HOSPITAL NACIONAL RAMIRO PRIALE PRIALE";"242200";"HOSPITALIZACIÓN DE MEDICINA PSIQUIATRÍA ";"7";"11";"349";"264";"12";"372";"0"
"2023";"05";"120114";"JUNIN";"HUANCAYO";"EL TAMBO";"ESSALUD";"III-1";"00008652";"HOSPITAL NACIONAL RAMIRO PRIALE PRIALE";"242000";"HOSPITALIZACIÓN DE MEDICINA MEDICINA TROPICAL E INFECCIOSAS ";"16";"16";"212";"155";"5";"155";"0"
"2023";"05";"120114";"JUNIN";"HUANCAYO";"EL TAMBO";"ESSALUD";"III-1";"00008652";"HOSPITAL NACIONAL RAMIRO PRIALE PRIALE";"240400";"HOSPITALIZACIÓN QUIRÚRGICA CIRUGÍA DE TÓRAX Y CARDIOVASCULAR ";"14";"13";"53";"59";"2";"62";"0"
"2023";"05";"120114";"JUNIN";"HUANCAYO";"EL TAMBO";"ESSALUD";"III-1";"00008652";"HOSPITAL NACIONAL RAMIRO PRIALE PRIALE";"240400";"HOSPITALIZACIÓN QUIRÚRGICA CIRUGÍA DE TÓRAX Y CARDIOVASCULAR ";"6";"8";"122";"62";"2";"62";"0"
"2023";"05";"120114";"JUNIN";"HUANCAYO";"EL TAMBO";"ESSALUD";"III-1";"00008652";"HOSPITAL NACIONAL RAMIRO PRIALE PRIALE";"240100";"HOSPITALIZACIÓN QUIRÚRGICA CIRUGÍA GENERAL ";"132";"144";"1088";"792";"26";"806";"4"
"2023";"05";"120114";"JUNIN";"HUANCAYO";"EL TAMBO";"ESSALUD";"III-1";"00008652";"HOSPITAL NACIONAL RAMIRO PRIALE PRIALE";"240900";"HOSPITALIZACIÓN QUIRÚRGICA NEUROCIRUGÍA ";"15";"16";"135";"154";"5";"155";"0"
"2023";"05";"120114";"JUNIN";"HUANCAYO";"EL TAMBO";"ESSALUD";"III-1";"00008652";"HOSPITAL NACIONAL RAMIRO PRIALE PRIALE";"241200";"HOSPITALIZACIÓN QUIRÚRGICA TRAUMATOLOGÍA Y ORTOPEDIA ";"95";"92";"752";"732";"24";"744";"0"
"2023";"05";"120114";"JUNIN";"HUANCAYO";"EL TAMBO";"ESSALUD";"III-1";"00008652";"HOSPITAL NACIONAL RAMIRO PRIALE PRIALE";"241300";"HOSPITALIZACIÓN QUIRÚRGICA UROLOGÍA  ";"28";"26";"187";"197";"7";"217";"0"
"2023";"05";"120114";"JUNIN";"HUANCAYO";"EL TAMBO";"ESSALUD";"III-1";"00008652";"HOSPITAL NACIONAL RAMIRO PRIALE PRIALE";"241600";"HOSPITALIZACIÓN QUIRÚRGICA OBSTETRICIA   ";"90";"238";"564";"649";"22";"682";"0"
"2023";"05";"120114";"JUNIN";"HUANCAYO";"EL TAMBO";"ESSALUD";"III-1";"00008652";"HOSPITAL NACIONAL RAMIRO PRIALE PRIALE";"241500";"HOSPITALIZACIÓN QUIRÚRGICA GINECOLOGÍA  ";"58";"58";"231";"254";"9";"279";"1"
"2023";"05";"120114";"JUNIN";"HUANCAYO";"EL TAMBO";"ESSALUD";"III-1";"00008652";"HOSPITAL NACIONAL RAMIRO PRIALE PRIALE";"241700";"HOSPITALIZACIÓN QUIRÚRGICA GINECOLOGÍA   GINECOLOGIA ONCOLOGiCA";"14";"10";"28";"40";"2";"62";"0"
"2023";"05";"120114";"JUNIN";"HUANCAYO";"EL TAMBO";"ESSALUD";"III-1";"00008652";"HOSPITAL NACIONAL RAMIRO PRIALE PRIALE";"242300";"HOSPITALIZACIÓN DE PEDIATRÍA  PEDIATRÍA  GENERAL ";"122";"119";"559";"510";"17";"527";"0"
"2023";"05";"120114";"JUNIN";"HUANCAYO";"EL TAMBO";"ESSALUD";"III-1";"00008652";"HOSPITAL NACIONAL RAMIRO PRIALE PRIALE";"240700";"HOSPITALIZACIÓN QUIRÚRGICA CIRUGÍA PEDIÁTRICA ";"9";"9";"55";"55";"2";"62";"0"
"2023";"05";"120114";"JUNIN";"HUANCAYO";"EL TAMBO";"ESSALUD";"III-1";"00008652";"HOSPITAL NACIONAL RAMIRO PRIALE PRIALE";"250100";"UNIDAD DE CUIDADOS CRITICOS UNIDAD  DE CUIDADOS INTENSIVOS GENERALES (UCI) ";"31";"8";"105";"327";"12";"372";"7"
"2023";"05";"120114";"JUNIN";"HUANCAYO";"EL TAMBO";"ESSALUD";"III-1";"00008652";"HOSPITAL NACIONAL RAMIRO PRIALE PRIALE";"250108";"UNIDAD DE CUIDADOS CRITICOS UNIDAD  DE CUIDADOS INTENSIVOS  (UCI) PEDIÁTRICA";"15";"3";"23";"58";"2";"62";"3"
"2023";"05";"120114";"JUNIN";"HUANCAYO";"EL TAMBO";"ESSALUD";"III-1";"00008652";"HOSPITAL NACIONAL RAMIRO PRIALE PRIALE";"250105";"UNIDAD DE CUIDADOS CRITICOS UNIDAD  DE CUIDADOS INTENSIVOS  (UCI) NEONATOLOGÍA";"4";"3";"33";"159";"6";"186";"2"
"2023";"05";"120114";"JUNIN";"HUANCAYO";"EL TAMBO";"ESSALUD";"III-1";"00008652";"HOSPITAL NACIONAL RAMIRO PRIALE PRIALE";"250200";"UNIDAD DE CUIDADOS CRITICOS UNIDAD DE CUIDADOS INTERMEDIOS GENERAL  (UCIN) ";"28";"4";"140";"309";"10";"310";"2"
"2023";"05";"120114";"JUNIN";"HUANCAYO";"EL TAMBO";"ESSALUD";"III-1";"00008652";"HOSPITAL NACIONAL RAMIRO PRIALE PRIALE";"250202";"UNIDAD DE CUIDADOS CRITICOS UNIDAD DE CUIDADOS INTERMEDIOS  (UCIN) PEDIÁTRICOS";"30";"14";"111";"141";"5";"155";"0"
"2023";"05";"120114";"JUNIN";"HUANCAYO";"EL TAMBO";"ESSALUD";"III-1";"00008652";"HOSPITAL NACIONAL RAMIRO PRIALE PRIALE";"250200";"UNIDAD DE CUIDADOS CRITICOS UNIDAD DE CUIDADOS INTERMEDIOS GENERAL  (UCIN) ";"48";"47";"301";"252";"9";"279";"0"
"2023";"05";"220205";"SAN MARTIN";"BELLAVISTA";"SAN PABLO";"GOBIERNO REGIONAL";"I-1";"00006507";"FAUSA SAPINA";"NE_0001";"";"NE_0001";"NE_0001";"NE_0001";"NE_0001";"NE_0001";"NE_0001";"NE_0001"
"2023";"08";"150129";"LIMA";"LIMA";"SAN BARTOLO";"SANIDAD DE LA POLICIA NACIONAL DEL PERU";"I-2";"00019390";"POSTA MEDICA ETS. PNP. SAN BARTOLO";"NE_0001";"";"NE_0001";"NE_0001";"NE_0001";"NE_0001";"NE_0001";"NE_0001";"NE_0001"
"2023";"09";"061112";"CAJAMARCA";"SAN MIGUEL";"TONGOD";"GOBIERNO REGIONAL";"I-1";"00008751";"LA CORONILLA";"NE_0001";"";"NE_0001";"NE_0001";"NE_0001";"NE_0001";"NE_0001";"NE_0001";"NE_0001"
"2023";"09";"061112";"CAJAMARCA";"SAN MIGUEL";"TONGOD";"GOBIERNO REGIONAL";"I-3";"00004607";"TONGOD";"NE_0001";"";"NE_0001";"NE_0001";"NE_0001";"NE_0001";"NE_0001";"NE_0001";"NE_0001"
"2023";"09";"240101";"TUMBES";"TUMBES";"TUMBES";"GOBIERNO REGIONAL";"II-2";"00017077";"HOSPITAL REGIONAL JOSE ALFREDO MENDOZA OLAVARRIA JAMO II-2";"240100";"HOSPITALIZACIÓN QUIRÚRGICA CIRUGÍA GENERAL ";"151";"168";"649";"523";"30";"900";"2"
"2023";"09";"240101";"TUMBES";"TUMBES";"TUMBES";"GOBIERNO REGIONAL";"II-2";"00017077";"HOSPITAL REGIONAL JOSE ALFREDO MENDOZA OLAVARRIA JAMO II-2";"241800";"HOSPITALIZACIÓN DE MEDICINA MEDICINA GENERAL ";"36";"55";"590";"541";"22";"660";"4"
"2023";"09";"240101";"TUMBES";"TUMBES";"TUMBES";"GOBIERNO REGIONAL";"II-2";"00017077";"HOSPITAL REGIONAL JOSE ALFREDO MENDOZA OLAVARRIA JAMO II-2";"242500";"HOSPITALIZACIÓN-PEDIATRÍA GENERAL-";"60";"71";"332";"276";"12";"360";"0"
"2023";"09";"240101";"TUMBES";"TUMBES";"TUMBES";"GOBIERNO REGIONAL";"II-2";"00017077";"HOSPITAL REGIONAL JOSE ALFREDO MENDOZA OLAVARRIA JAMO II-2";"243200";"HOSPITALIZACIÓN DE PEDIATRÍA PEDIATRIA NEONATOLOGÍA";"11";"19";"203";"140";"5";"150";"0"
"2023";"09";"240101";"TUMBES";"TUMBES";"TUMBES";"GOBIERNO REGIONAL";"II-2";"00017077";"HOSPITAL REGIONAL JOSE ALFREDO MENDOZA OLAVARRIA JAMO II-2";"250103";"UNIDAD DE CUIDADOS CRITICOS UNIDAD  DE CUIDADOS INTENSIVOS GENERALES  (UCI) MEDICINA";"7";"16";"220";"170";"6";"180";"10"
"2023";"09";"240101";"TUMBES";"TUMBES";"TUMBES";"GOBIERNO REGIONAL";"II-2";"00017077";"HOSPITAL REGIONAL JOSE ALFREDO MENDOZA OLAVARRIA JAMO II-2";"250105";"UNIDAD DE CUIDADOS CRITICOS UNIDAD  DE CUIDADOS INTENSIVOS  (UCI) NEONATOLOGÍA";"3";"7";"73";"67";"4";"120";"4"
"2023";"09";"240101";"TUMBES";"TUMBES";"TUMBES";"GOBIERNO REGIONAL";"II-2";"00017077";"HOSPITAL REGIONAL JOSE ALFREDO MENDOZA OLAVARRIA JAMO II-2";"241400";"HOSPITALIZACIÓN QUIRÚRGICA GINECO - OBSTETRICIA ";"284";"315";"745";"534";"30";"900";"0"
"2023";"09";"150142";"LIMA";"LIMA";"VILLA EL SALVADOR";"MINSA";"II-2";"00023159";"HOSPITAL DE EMERGENCIAS VILLA EL SALVADOR";"241800";"HOSPITALIZACIÓN DE MEDICINA MEDICINA GENERAL ";"8";"6";"93";"92";"4";"120";"0"
"2023";"09";"150142";"LIMA";"LIMA";"VILLA EL SALVADOR";"MINSA";"II-2";"00023159";"HOSPITAL DE EMERGENCIAS VILLA EL SALVADOR";"241700";"HOSPITALIZACIÓN QUIRÚRGICA GINECOLOGÍA   GINECOLOGIA ONCOLOGiCA";"29";"11";"45";"54";"3";"90";"0"
"2023";"09";"150142";"LIMA";"LIMA";"VILLA EL SALVADOR";"MINSA";"II-2";"00023159";"HOSPITAL DE EMERGENCIAS VILLA EL SALVADOR";"241800";"HOSPITALIZACIÓN DE MEDICINA MEDICINA GENERAL ";"158";"146";"1830";"1405";"48";"1440";"18"
"2023";"09";"150142";"LIMA";"LIMA";"VILLA EL SALVADOR";"MINSA";"II-2";"00023159";"HOSPITAL DE EMERGENCIAS VILLA EL SALVADOR";"241600";"HOSPITALIZACIÓN QUIRÚRGICA OBSTETRICIA   ";"563";"462";"939";"959";"42";"1260";"0"
"2023";"09";"150142";"LIMA";"LIMA";"VILLA EL SALVADOR";"MINSA";"II-2";"00023159";"HOSPITAL DE EMERGENCIAS VILLA EL SALVADOR";"242500";"HOSPITALIZACIÓN-PEDIATRÍA GENERAL-";"213";"200";"1162";"753";"30";"900";"0"
"2023";"09";"150142";"LIMA";"LIMA";"VILLA EL SALVADOR";"MINSA";"II-2";"00023159";"HOSPITAL DE EMERGENCIAS VILLA EL SALVADOR";"240100";"HOSPITALIZACIÓN QUIRÚRGICA CIRUGÍA GENERAL ";"328";"239";"1684";"1670";"58";"1740";"3"
"2023";"09";"150142";"LIMA";"LIMA";"VILLA EL SALVADOR";"MINSA";"II-2";"00023159";"HOSPITAL DE EMERGENCIAS VILLA EL SALVADOR";"250103";"UNIDAD DE CUIDADOS CRITICOS UNIDAD  DE CUIDADOS INTENSIVOS GENERALES  (UCI) MEDICINA";"116";"16";"542";"536";"18";"540";"13"
"2023";"09";"150142";"LIMA";"LIMA";"VILLA EL SALVADOR";"MINSA";"II-2";"00023159";"HOSPITAL DE EMERGENCIAS VILLA EL SALVADOR";"250108";"UNIDAD DE CUIDADOS CRITICOS UNIDAD  DE CUIDADOS INTENSIVOS  (UCI) PEDIÁTRICA";"8";"0";"92";"110";"6";"180";"0"
"2023";"09";"150142";"LIMA";"LIMA";"VILLA EL SALVADOR";"MINSA";"II-2";"00023159";"HOSPITAL DE EMERGENCIAS VILLA EL SALVADOR";"250105";"UNIDAD DE CUIDADOS CRITICOS UNIDAD  DE CUIDADOS INTENSIVOS  (UCI) NEONATOLOGÍA";"25";"2";"234";"214";"8";"240";"1"
"2023";"09";"150142";"LIMA";"LIMA";"VILLA EL SALVADOR";"MINSA";"II-2";"00023159";"HOSPITAL DE EMERGENCIAS VILLA EL SALVADOR";"250201";"UNIDAD DE CUIDADOS CRITICOS UNIDAD DE CUIDADOS INTERMEDIOS  (UCIN) NEONATAL";"110";"65";"418";"409";"16";"480";"0"
"2023";"09";"150142";"LIMA";"LIMA";"VILLA EL SALVADOR";"MINSA";"II-2";"00023159";"HOSPITAL DE EMERGENCIAS VILLA EL SALVADOR";"241500";"HOSPITALIZACIÓN QUIRÚRGICA GINECOLOGÍA  ";"137";"94";"210";"205";"9";"270";"0"
"2023";"09";"060801";"CAJAMARCA";"JAEN";"JAEN";"GOBIERNO REGIONAL";"I-3";"00004213";"FILA ALTA";"NE_0001";"";"NE_0001";"NE_0001";"NE_0001";"NE_0001";"NE_0001";"NE_0001";"NE_0001"
"2023";"09";"060801";"CAJAMARCA";"JAEN";"JAEN";"GOBIERNO REGIONAL";"I-1";"00010804";"PUENTE ZONANGA";"NE_0001";"";"NE_0001";"NE_0001";"NE_0001";"NE_0001";"NE_0001";"NE_0001";"NE_0001"
"2023";"09";"060607";"CAJAMARCA";"CUTERVO";"QUEROCOTILLO";"GOBIERNO REGIONAL";"I-1";"00004969";"EL MOLINO";"NE_0001";"";"NE_0001";"NE_0001";"NE_0001";"NE_0001";"NE_0001";"NE_0001";"NE_0001"
"2023";"09";"060603";"CAJAMARCA";"CUTERVO";"CHOROS";"GOBIERNO REGIONAL";"I-1";"00004973";"EL ROLLO";"NE_0001";"";"NE_0001";"NE_0001";"NE_0001";"NE_0001";"NE_0001";"NE_0001";"NE_0001"
"2023";"09";"060607";"CAJAMARCA";"CUTERVO";"QUEROCOTILLO";"GOBIERNO REGIONAL";"I-1";"00006860";"TECHIN";"NE_0001";"";"NE_0001";"NE_0001";"NE_0001";"NE_0001";"NE_0001";"NE_0001";"NE_0001"
"2023";"09";"060602";"CAJAMARCA";"CUTERVO";"CALLAYUC";"GOBIERNO REGIONAL";"I-1";"00004962";"HUABAL";"NE_0001";"";"NE_0001";"NE_0001";"NE_0001";"NE_0001";"NE_0001";"NE_0001";"NE_0001"
"2023";"09";"060607";"CAJAMARCA";"CUTERVO";"QUEROCOTILLO";"GOBIERNO REGIONAL";"I-1";"00005008";"CHUMBICATE";"NE_0001";"";"NE_0001";"NE_0001";"NE_0001";"NE_0001";"NE_0001";"NE_0001";"NE_0001"
"2023";"09";"060607";"CAJAMARCA";"CUTERVO";"QUEROCOTILLO";"GOBIERNO REGIONAL";"I-1";"00006859";"MOSHOQUEQUE";"NE_0001";"";"NE_0001";"NE_0001";"NE_0001";"NE_0001";"NE_0001";"NE_0001";"NE_0001"
"2023";"09";"060602";"CAJAMARCA";"CUTERVO";"CALLAYUC";"GOBIERNO REGIONAL";"I-3";"00004964";"CHIPLE";"NE_0001";"";"NE_0001";"NE_0001";"NE_0001";"NE_0001";"NE_0001";"NE_0001";"NE_0001"
"2023";"09";"060602";"CAJAMARCA";"CUTERVO";"CALLAYUC";"GOBIERNO REGIONAL";"I-1";"00004965";"QUEROMARCA";"NE_0001";"";"NE_0001";"NE_0001";"NE_0001";"NE_0001";"NE_0001";"NE_0001";"NE_0001"
"2023";"09";"060606";"CAJAMARCA";"CUTERVO";"PIMPINGOS";"GOBIERNO REGIONAL";"I-2";"00005013";"CASA BLANCA";"NE_0001";"";"NE_0001";"NE_0001";"NE_0001";"NE_0001";"NE_0001";"NE_0001";"NE_0001"
"2023";"09";"060611";"CAJAMARCA";"CUTERVO";"SANTA CRUZ";"GOBIERNO REGIONAL";"I-1";"00011260";"LA VIÑA";"NE_0001";"";"NE_0001";"NE_0001";"NE_0001";"NE_0001";"NE_0001";"NE_0001";"NE_0001"
"2023";"09";"060607";"CAJAMARCA";"CUTERVO";"QUEROCOTILLO";"GOBIERNO REGIONAL";"I-1";"00004970";"SANTOS";"NE_0001";"";"NE_0001";"NE_0001";"NE_0001";"NE_0001";"NE_0001";"NE_0001";"NE_0001"
"2023";"09";"060611";"CAJAMARCA";"CUTERVO";"SANTA CRUZ";"GOBIERNO REGIONAL";"I-3";"00004977";"SANTA CRUZ DE CUTERVO";"NE_0001";"";"NE_0001";"NE_0001";"NE_0001";"NE_0001";"NE_0001";"NE_0001";"NE_0001"
"2023";"05";"210501";"PUNO";"EL COLLAO";"ILAVE";"ESSALUD";"I-3";"00009218";"POLICLINICO ILAVE -  RED ASISTENCIAL PUNO";"NE_0001";"";"NE_0001";"NE_0001";"NE_0001";"NE_0001";"NE_0001";"NE_0001";"NE_0001"
"2023";"05";"120114";"JUNIN";"HUANCAYO";"EL TAMBO";"PRIVADO";"II-E";"00025383";"CLINICA MEDICO QUIRURGICO HUANCAYO E.I.R.L.";"241200";"HOSPITALIZACIÓN QUIRÚRGICA TRAUMATOLOGÍA Y ORTOPEDIA ";"10";"10";"21";"10";"5";"150";"0"
"2023";"05";"120114";"JUNIN";"HUANCAYO";"EL TAMBO";"PRIVADO";"II-E";"00025383";"CLINICA MEDICO QUIRURGICO HUANCAYO E.I.R.L.";"240900";"HOSPITALIZACIÓN QUIRÚRGICA NEUROCIRUGÍA ";"5";"5";"14";"5";"10";"75";"0"
"2023";"05";"120114";"JUNIN";"HUANCAYO";"EL TAMBO";"PRIVADO";"II-E";"00025383";"CLINICA MEDICO QUIRURGICO HUANCAYO E.I.R.L.";"240100";"HOSPITALIZACIÓN QUIRÚRGICA CIRUGÍA GENERAL ";"3";"3";"5";"5";"12";"45";"0"
"2023";"05";"120114";"JUNIN";"HUANCAYO";"EL TAMBO";"PRIVADO";"II-E";"00025383";"CLINICA MEDICO QUIRURGICO HUANCAYO E.I.R.L.";"241100";"HOSPITALIZACIÓN QUIRÚRGICA OTORRINOLARINGOLOGÍA  ";"1";"1";"2";"2";"14";"30";"0"
"2023";"05";"080708";"CUSCO";"CHUMBIVILCAS";"VELILLE";"GOBIERNO REGIONAL";"I-1";"00027011";"AYACCASI";"NE_0001";"";"NE_0001";"NE_0001";"NE_0001";"NE_0001";"NE_0001";"NE_0001";"NE_0001"
"2023";"05";"080708";"CUSCO";"CHUMBIVILCAS";"VELILLE";"GOBIERNO REGIONAL";"I-3";"00002409";"VELILLE";"NE_0001";"";"NE_0001";"NE_0001";"NE_0001";"NE_0001";"NE_0001";"NE_0001";"NE_0001"
"2023";"05";"080701";"CUSCO";"CHUMBIVILCAS";"SANTO TOMAS";"GOBIERNO REGIONAL";"I-1";"00030940";"ARCANGEL SAN MIGUEL DE ESQUINA CONGUNYA";"NE_0001";"";"NE_0001";"NE_0001";"NE_0001";"NE_0001";"NE_0001";"NE_0001";"NE_0001"
"2023";"05";"080708";"CUSCO";"CHUMBIVILCAS";"VELILLE";"GOBIERNO REGIONAL";"I-1";"00027016";"HUAYCUÑUTA - URCURUTA";"NE_0001";"";"NE_0001";"NE_0001";"NE_0001";"NE_0001";"NE_0001";"NE_0001";"NE_0001"
"2023";"05";"150130";"LIMA";"LIMA";"SAN BORJA";"PRIVADO";"II-2";"00009850";"CLÍNICA VESALIO";"240000";"HOSPITALIZACIÓN";"288";"293";"1320";"1392";"52";"1612";"0"
"2023";"05";"150130";"LIMA";"LIMA";"SAN BORJA";"PRIVADO";"II-2";"00009850";"CLÍNICA VESALIO";"240000";"HOSPITALIZACIÓN";"288";"293";"1320";"1392";"48";"1404";"0"
"2023";"05";"150137";"LIMA";"LIMA";"SANTA ANITA";"MINSA";"III-1";"00005948";"HOSPITAL HERMILIO VALDIZAN";"242202";"HOSPITALIZACIÓN DE MEDICINA PSIQUIATRÍA PSIQUIATRÍA DEL ADULTO Y GERONTE";"54";"40";"3388";"2820";"159";"4929";"0"
"2023";"05";"100605";"HUANUCO";"LEONCIO PRADO";"LUYANDO";"GOBIERNO REGIONAL";"II-1";"00000932";"HOSPITAL DE TINGO MARIA (HOSPITAL DE CONTINGENCIA)";"241800";"HOSPITALIZACIÓN DE MEDICINA MEDICINA GENERAL ";"62";"70";"596";"528";"10";"530";"9"
"2023";"05";"100605";"HUANUCO";"LEONCIO PRADO";"LUYANDO";"GOBIERNO REGIONAL";"II-1";"00000932";"HOSPITAL DE TINGO MARIA (HOSPITAL DE CONTINGENCIA)";"240100";"HOSPITALIZACIÓN QUIRÚRGICA CIRUGÍA GENERAL ";"74";"70";"405";"388";"16";"499";"0"
"2023";"05";"100605";"HUANUCO";"LEONCIO PRADO";"LUYANDO";"GOBIERNO REGIONAL";"II-1";"00000932";"HOSPITAL DE TINGO MARIA (HOSPITAL DE CONTINGENCIA)";"243200";"HOSPITALIZACIÓN DE PEDIATRÍA PEDIATRIA NEONATOLOGÍA";"29";"26";"95";"146";"10";"310";"0"
"2023";"05";"100605";"HUANUCO";"LEONCIO PRADO";"LUYANDO";"GOBIERNO REGIONAL";"II-1";"00000932";"HOSPITAL DE TINGO MARIA (HOSPITAL DE CONTINGENCIA)";"242500";"HOSPITALIZACIÓN-PEDIATRÍA GENERAL-";"34";"31";"142";"161";"8";"252";"0"
"2023";"05";"100605";"HUANUCO";"LEONCIO PRADO";"LUYANDO";"GOBIERNO REGIONAL";"II-1";"00000932";"HOSPITAL DE TINGO MARIA (HOSPITAL DE CONTINGENCIA)";"241400";"HOSPITALIZACIÓN QUIRÚRGICA GINECO - OBSTETRICIA ";"323";"255";"570";"545";"25";"784";"0"
"2023";"05";"100605";"HUANUCO";"LEONCIO PRADO";"LUYANDO";"GOBIERNO REGIONAL";"II-1";"00000932";"HOSPITAL DE TINGO MARIA (HOSPITAL DE CONTINGENCIA)";"250304";"HOSPIT. EN UNIDAD DE CUID.INTEN.-UNIDAD DE VIGILANCIA INTENSIVA (UVI)-MEDICINA";"8";"6";"56";"56";"6";"186";"4"
"2023";"05";"100605";"HUANUCO";"LEONCIO PRADO";"LUYANDO";"GOBIERNO REGIONAL";"II-1";"00000932";"HOSPITAL DE TINGO MARIA (HOSPITAL DE CONTINGENCIA)";"242205";"HOSPITALIZACIÓN MEDICINA PSIQUIATRÍA PISIQUIATRIA/ SALUD MENTAL Y ADICCIONES";"9";"11";"305";"212";"10";"300";"0"
"2023";"05";"081003";"CUSCO";"PARURO";"CCAPI";"GOBIERNO REGIONAL";"I-2";"00002501";"CCAPI";"NE_0002";"";"NE_0002";"NE_0002";"NE_0002";"NE_0002";"NE_0002";"NE_0002";"NE_0002"
"2023";"05";"081003";"CUSCO";"PARURO";"CCAPI";"GOBIERNO REGIONAL";"I-2";"00002502";"CCOYABAMBA";"NE_0002";"";"NE_0002";"NE_0002";"NE_0002";"NE_0002";"NE_0002";"NE_0002";"NE_0002"
"2023";"05";"081005";"CUSCO";"PARURO";"HUANOQUITE";"GOBIERNO REGIONAL";"I-2";"00002504";"HUANOQUITE";"NE_0002";"";"NE_0002";"NE_0002";"NE_0002";"NE_0002";"NE_0002";"NE_0002";"NE_0002"
"2023";"05";"081004";"CUSCO";"PARURO";"COLCHA";"GOBIERNO REGIONAL";"I-1";"00006978";"CCOCHIRIHUAY";"NE_0002";"";"NE_0002";"NE_0002";"NE_0002";"NE_0002";"NE_0002";"NE_0002";"NE_0002"
"2023";"05";"081006";"CUSCO";"PARURO";"OMACHA";"GOBIERNO REGIONAL";"I-2";"00002506";"ANTAPALLPA";"NE_0002";"";"NE_0002";"NE_0002";"NE_0002";"NE_0002";"NE_0002";"NE_0002";"NE_0002"
"2023";"05";"150601";"LIMA";"HUARAL";"HUARAL";"GOBIERNO REGIONAL";"II-2";"00007637";"HOSPITAL SAN JUAN BAUTISTA HUARAL";"240100";"HOSPITALIZACIÓN QUIRÚRGICA CIRUGÍA GENERAL ";"84";"86";"219";"86";"11";"341";"0"
"2023";"05";"150601";"LIMA";"HUARAL";"HUARAL";"GOBIERNO REGIONAL";"II-2";"00007637";"HOSPITAL SAN JUAN BAUTISTA HUARAL";"241200";"HOSPITALIZACIÓN QUIRÚRGICA TRAUMATOLOGÍA Y ORTOPEDIA ";"8";"12";"118";"9";"8";"248";"0"
"2023";"05";"150601";"LIMA";"HUARAL";"HUARAL";"GOBIERNO REGIONAL";"II-2";"00007637";"HOSPITAL SAN JUAN BAUTISTA HUARAL";"241400";"HOSPITALIZACIÓN QUIRÚRGICA GINECO - OBSTETRICIA ";"117";"124";"283";"105";"26";"806";"0"
"2023";"05";"150601";"LIMA";"HUARAL";"HUARAL";"GOBIERNO REGIONAL";"II-2";"00007637";"HOSPITAL SAN JUAN BAUTISTA HUARAL";"241500";"HOSPITALIZACIÓN QUIRÚRGICA GINECOLOGÍA  ";"24";"24";"83";"53";"2";"62";"0"
"2023";"05";"150601";"LIMA";"HUARAL";"HUARAL";"GOBIERNO REGIONAL";"II-2";"00007637";"HOSPITAL SAN JUAN BAUTISTA HUARAL";"241800";"HOSPITALIZACIÓN DE MEDICINA MEDICINA GENERAL ";"49";"61";"381";"63";"16";"496";"6"
"2023";"05";"150601";"LIMA";"HUARAL";"HUARAL";"GOBIERNO REGIONAL";"II-2";"00007637";"HOSPITAL SAN JUAN BAUTISTA HUARAL";"242500";"HOSPITALIZACIÓN-PEDIATRÍA GENERAL-";"26";"31";"127";"38";"5";"155";"0"
"2023";"05";"150601";"LIMA";"HUARAL";"HUARAL";"GOBIERNO REGIONAL";"II-2";"00007637";"HOSPITAL SAN JUAN BAUTISTA HUARAL";"243200";"HOSPITALIZACIÓN DE PEDIATRÍA PEDIATRIA NEONATOLOGÍA";"14";"16";"68";"22";"5";"155";"0"
"2023";"05";"150601";"LIMA";"HUARAL";"HUARAL";"GOBIERNO REGIONAL";"II-2";"00007637";"HOSPITAL SAN JUAN BAUTISTA HUARAL";"250103";"UNIDAD DE CUIDADOS CRITICOS UNIDAD  DE CUIDADOS INTENSIVOS GENERALES  (UCI) MEDICINA";"10";"11";"62";"12";"9";"279";"4"
"2023";"05";"150601";"LIMA";"HUARAL";"HUARAL";"GOBIERNO REGIONAL";"II-2";"00007637";"HOSPITAL SAN JUAN BAUTISTA HUARAL";"250105";"UNIDAD DE CUIDADOS CRITICOS UNIDAD  DE CUIDADOS INTENSIVOS  (UCI) NEONATOLOGÍA";"8";"9";"30";"6";"2";"62";"0"
"2023";"06";"150113";"LIMA";"LIMA";"JESUS MARIA";"PRIVADO";"II-E";"00014181";"CLINICA SERVISALUD";"240000";"HOSPITALIZACIÓN";"83";"83";"134";"134";"9";"270";"0"
"2023";"04";"150113";"LIMA";"LIMA";"JESUS MARIA";"PRIVADO";"III-1";"00009116";"CLINICA SAN FELIPE S.A.";"240000";"HOSPITALIZACIÓN";"394";"389";"1302";"43";"95";"2610";"0"
"2023";"04";"150113";"LIMA";"LIMA";"JESUS MARIA";"PRIVADO";"III-1";"00009116";"CLINICA SAN FELIPE S.A.";"250200";"UNIDAD DE CUIDADOS CRITICOS UNIDAD DE CUIDADOS INTERMEDIOS GENERAL  (UCIN) ";"58";"55";"497";"17";"51";"450";"2"
"2023";"04";"150113";"LIMA";"LIMA";"JESUS MARIA";"PRIVADO";"III-1";"00009116";"CLINICA SAN FELIPE S.A.";"250100";"UNIDAD DE CUIDADOS CRITICOS UNIDAD  DE CUIDADOS INTENSIVOS GENERALES (UCI) ";"55";"58";"231";"8";"20";"330";"7"
"2023";"06";"060812";"CAJAMARCA";"JAEN";"SANTA ROSA";"GOBIERNO REGIONAL";"I-3";"00004261";"SANTA ROSA";"NE_0001";"";"NE_0001";"NE_0001";"NE_0001";"NE_0001";"NE_0001";"NE_0001";"NE_0001"
"2023";"06";"160101";"LORETO";"MAYNAS";"IQUITOS";"MINSA";"II-2";"00000001";"HOSPITAL IQUITOS ""CESAR GARAYAR GARCÍA""";"241800";"HOSPITALIZACIÓN DE MEDICINA MEDICINA GENERAL ";"53";"53";"315";"325";"17";"459";"5"
"2023";"06";"160101";"LORETO";"MAYNAS";"IQUITOS";"MINSA";"II-2";"00000001";"HOSPITAL IQUITOS ""CESAR GARAYAR GARCÍA""";"240100";"HOSPITALIZACIÓN QUIRÚRGICA CIRUGÍA GENERAL ";"114";"114";"444";"473";"21";"567";"0"
"2023";"06";"160101";"LORETO";"MAYNAS";"IQUITOS";"MINSA";"II-2";"00000001";"HOSPITAL IQUITOS ""CESAR GARAYAR GARCÍA""";"242300";"HOSPITALIZACIÓN DE PEDIATRÍA  PEDIATRÍA  GENERAL ";"61";"61";"274";"284";"12";"324";"2"
"2023";"06";"160101";"LORETO";"MAYNAS";"IQUITOS";"MINSA";"II-2";"00000001";"HOSPITAL IQUITOS ""CESAR GARAYAR GARCÍA""";"241500";"HOSPITALIZACIÓN QUIRÚRGICA GINECOLOGÍA  ";"87";"87";"205";"127";"5";"135";"0"
"2023";"06";"160101";"LORETO";"MAYNAS";"IQUITOS";"MINSA";"II-2";"00000001";"HOSPITAL IQUITOS ""CESAR GARAYAR GARCÍA""";"241600";"HOSPITALIZACIÓN QUIRÚRGICA OBSTETRICIA   ";"245";"245";"579";"501";"26";"702";"0"
"2023";"06";"160101";"LORETO";"MAYNAS";"IQUITOS";"MINSA";"II-2";"00000001";"HOSPITAL IQUITOS ""CESAR GARAYAR GARCÍA""";"243200";"HOSPITALIZACIÓN DE PEDIATRÍA PEDIATRIA NEONATOLOGÍA";"43";"43";"192";"265";"14";"378";"1"
"2023";"06";"050110";"AYACUCHO";"HUAMANGA";"SAN JUAN BAUTISTA";"ESSALUD";"II-1";"00011775";"HOSPITAL II HUAMANGA";"240100";"HOSPITALIZACIÓN QUIRÚRGICA CIRUGÍA GENERAL ";"86";"85";"284";"257";"13";"390";"1"
"2023";"06";"050110";"AYACUCHO";"HUAMANGA";"SAN JUAN BAUTISTA";"ESSALUD";"II-1";"00011775";"HOSPITAL II HUAMANGA";"241200";"HOSPITALIZACIÓN QUIRÚRGICA TRAUMATOLOGÍA Y ORTOPEDIA ";"22";"22";"197";"164";"6";"180";"0"
"2023";"06";"050110";"AYACUCHO";"HUAMANGA";"SAN JUAN BAUTISTA";"ESSALUD";"II-1";"00011775";"HOSPITAL II HUAMANGA";"241500";"HOSPITALIZACIÓN QUIRÚRGICA GINECOLOGÍA  ";"19";"19";"75";"69";"3";"90";"0"
"2023";"06";"050110";"AYACUCHO";"HUAMANGA";"SAN JUAN BAUTISTA";"ESSALUD";"II-1";"00011775";"HOSPITAL II HUAMANGA";"241400";"HOSPITALIZACIÓN QUIRÚRGICA GINECO - OBSTETRICIA ";"140";"139";"261";"256";"12";"360";"0"
"2023";"06";"050110";"AYACUCHO";"HUAMANGA";"SAN JUAN BAUTISTA";"ESSALUD";"II-1";"00011775";"HOSPITAL II HUAMANGA";"241800";"HOSPITALIZACIÓN DE MEDICINA MEDICINA GENERAL ";"85";"85";"597";"535";"18";"540";"1"
"2023";"06";"050110";"AYACUCHO";"HUAMANGA";"SAN JUAN BAUTISTA";"ESSALUD";"II-1";"00011775";"HOSPITAL II HUAMANGA";"250100";"UNIDAD DE CUIDADOS CRITICOS UNIDAD  DE CUIDADOS INTENSIVOS GENERALES (UCI) ";"6";"5";"435";"61";"6";"180";"4"
"2023";"06";"050110";"AYACUCHO";"HUAMANGA";"SAN JUAN BAUTISTA";"ESSALUD";"II-1";"00011775";"HOSPITAL II HUAMANGA";"250200";"UNIDAD DE CUIDADOS CRITICOS UNIDAD DE CUIDADOS INTERMEDIOS GENERAL  (UCIN) ";"21";"21";"147";"114";"8";"240";"5"
"2023";"06";"050110";"AYACUCHO";"HUAMANGA";"SAN JUAN BAUTISTA";"ESSALUD";"II-1";"00011775";"HOSPITAL II HUAMANGA";"243200";"HOSPITALIZACIÓN DE PEDIATRÍA PEDIATRIA NEONATOLOGÍA";"42";"42";"128";"117";"5";"150";"0"
"2023";"06";"050110";"AYACUCHO";"HUAMANGA";"SAN JUAN BAUTISTA";"ESSALUD";"II-1";"00011775";"HOSPITAL II HUAMANGA";"242300";"HOSPITALIZACIÓN DE PEDIATRÍA  PEDIATRÍA  GENERAL ";"80";"78";"279";"262";"11";"330";"0"
"2023";"03";"060109";"CAJAMARCA";"CAJAMARCA";"MAGDALENA";"GOBIERNO REGIONAL";"I-1";"00016886";"SAN CRISTOBAL";"NE_0001";"";"NE_0001";"NE_0001";"NE_0001";"NE_0001";"NE_0001";"NE_0001";"NE_0001"
"2023";"03";"060101";"CAJAMARCA";"CAJAMARCA";"CAJAMARCA";"GOBIERNO REGIONAL";"I-2";"00015496";"CHONTAPACCHA";"NE_0002";"";"NE_0002";"NE_0002";"NE_0002";"NE_0002";"NE_0002";"NE_0002";"NE_0002"
"2023";"03";"060101";"CAJAMARCA";"CAJAMARCA";"CAJAMARCA";"GOBIERNO REGIONAL";"I-3";"00004657";"PACHACUTEC";"NE_0001";"";"NE_0001";"NE_0001";"NE_0001";"NE_0001";"NE_0001";"NE_0001";"NE_0001"
"2023";"03";"060101";"CAJAMARCA";"CAJAMARCA";"CAJAMARCA";"GOBIERNO REGIONAL";"I-1";"00004656";"ATAHUALPA";"NE_0001";"";"NE_0001";"NE_0001";"NE_0001";"NE_0001";"NE_0001";"NE_0001";"NE_0001"
"2023";"03";"060101";"CAJAMARCA";"CAJAMARCA";"CAJAMARCA";"GOBIERNO REGIONAL";"I-1";"00004654";"SAMANACRUZ";"NE_0001";"";"NE_0001";"NE_0001";"NE_0001";"NE_0001";"NE_0001";"NE_0001";"NE_0001"
"2023";"03";"060103";"CAJAMARCA";"CAJAMARCA";"CHETILLA";"GOBIERNO REGIONAL";"I-2";"00004653";"CHETILLA";"NE_0001";"";"NE_0001";"NE_0001";"NE_0001";"NE_0001";"NE_0001";"NE_0001";"NE_0001"
"2023";"03";"060101";"CAJAMARCA";"CAJAMARCA";"CAJAMARCA";"GOBIERNO REGIONAL";"I-1";"00004652";"LUCMACUCHO";"NE_0001";"";"NE_0001";"NE_0001";"NE_0001";"NE_0001";"NE_0001";"NE_0001";"NE_0001"
"2023";"03";"060101";"CAJAMARCA";"CAJAMARCA";"CAJAMARCA";"GOBIERNO REGIONAL";"I-1";"00004651";"CHAMIS";"NE_0001";"";"NE_0001";"NE_0001";"NE_0001";"NE_0001";"NE_0001";"NE_0001";"NE_0001"
"2023";"03";"060109";"CAJAMARCA";"CAJAMARCA";"MAGDALENA";"GOBIERNO REGIONAL";"I-1";"00004631";"CUMBICO";"NE_0002";"";"NE_0002";"NE_0002";"NE_0002";"NE_0002";"NE_0002";"NE_0002";"NE_0002"
"2023";"06";"160108";"LORETO";"MAYNAS";"PUNCHANA";"ESSALUD";"I-3";"00011397";"CENTRO DE ATENCION PRIMARIA III PUNCHANA";"NE_0001";"";"NE_0001";"NE_0001";"NE_0001";"NE_0001";"NE_0001";"NE_0001";"NE_0001"
"2023";"07";"040126";"AREQUIPA";"AREQUIPA";"YANAHUARA";"PRIVADO";"II-1";"00028448";"CLINICA EMMEL";"240200";"HOSPITALIZACIÓN QUIRÚRGICA CIRUGÍA DE CABEZA Y CUELLO / MÁXILO FACIAL ";"4";"6";"17";"13";"2";"62";"0"
"2023";"07";"040126";"AREQUIPA";"AREQUIPA";"YANAHUARA";"PRIVADO";"II-1";"00028448";"CLINICA EMMEL";"240400";"HOSPITALIZACIÓN QUIRÚRGICA CIRUGÍA DE TÓRAX Y CARDIOVASCULAR ";"3";"3";"4";"4";"1";"31";"0"
"2023";"07";"040126";"AREQUIPA";"AREQUIPA";"YANAHUARA";"PRIVADO";"II-1";"00028448";"CLINICA EMMEL";"240100";"HOSPITALIZACIÓN QUIRÚRGICA CIRUGÍA GENERAL ";"127";"132";"231";"208";"6";"210";"0"
"2023";"07";"040126";"AREQUIPA";"AREQUIPA";"YANAHUARA";"PRIVADO";"II-1";"00028448";"CLINICA EMMEL";"241000";"HOSPITALIZACIÓN QUIRÚRGICA ONCOLOGÍA QUIRÚRGICA  ";"3";"3";"5";"5";"1";"31";"0"
"2023";"07";"040126";"AREQUIPA";"AREQUIPA";"YANAHUARA";"PRIVADO";"II-1";"00028448";"CLINICA EMMEL";"240800";"HOSPITALIZACIÓN QUIRÚRGICA CIRUGÍA PLÁSTICA/RECONSTRUCTIVA/ REPARADORA ";"3";"3";"4";"4";"1";"31";"0"
"2023";"07";"040126";"AREQUIPA";"AREQUIPA";"YANAHUARA";"PRIVADO";"II-1";"00028448";"CLINICA EMMEL";"240300";"HOSPITALIZACIÓN QUIRÚRGICA CIRUGÍA DIGESTIVA ";"2";"2";"2";"2";"1";"31";"0"
"2023";"07";"040126";"AREQUIPA";"AREQUIPA";"YANAHUARA";"PRIVADO";"II-1";"00028448";"CLINICA EMMEL";"241400";"HOSPITALIZACIÓN QUIRÚRGICA GINECO - OBSTETRICIA ";"12";"12";"13";"13";"1";"31";"0"
"2023";"07";"040126";"AREQUIPA";"AREQUIPA";"YANAHUARA";"PRIVADO";"II-1";"00028448";"CLINICA EMMEL";"240000";"HOSPITALIZACIÓN";"2";"1";"1";"1";"1";"31";"0"
"2023";"07";"040126";"AREQUIPA";"AREQUIPA";"YANAHUARA";"PRIVADO";"II-1";"00028448";"CLINICA EMMEL";"240900";"HOSPITALIZACIÓN QUIRÚRGICA NEUROCIRUGÍA ";"4";"4";"13";"13";"2";"62";"0"
"2023";"07";"040126";"AREQUIPA";"AREQUIPA";"YANAHUARA";"PRIVADO";"II-1";"00028448";"CLINICA EMMEL";"241100";"HOSPITALIZACIÓN QUIRÚRGICA OTORRINOLARINGOLOGÍA  ";"1";"2";"2";"1";"1";"31";"0"
"2023";"07";"040126";"AREQUIPA";"AREQUIPA";"YANAHUARA";"PRIVADO";"II-1";"00028448";"CLINICA EMMEL";"241200";"HOSPITALIZACIÓN QUIRÚRGICA TRAUMATOLOGÍA Y ORTOPEDIA ";"22";"22";"39";"37";"2";"62";"0"
"2023";"07";"040126";"AREQUIPA";"AREQUIPA";"YANAHUARA";"PRIVADO";"II-1";"00028448";"CLINICA EMMEL";"241300";"HOSPITALIZACIÓN QUIRÚRGICA UROLOGÍA  ";"4";"4";"8";"8";"1";"31";"0"
"2023";"05";"040205";"AREQUIPA";"CAMANA";"NICOLAS DE PIEROLA";"GOBIERNO REGIONAL";"I-3";"00001347";"CENTRO DE SALUD SAN GREGORIO";"NE_0001";"";"NE_0001";"NE_0001";"NE_0001";"NE_0001";"NE_0001";"NE_0001";"NE_0001"
"2023";"07";"050503";"AYACUCHO";"LA MAR";"AYNA";"GOBIERNO REGIONAL";"II-1";"00003754";"HOSPITAL DE APOYO SAN FRANCISCO";"240100";"HOSPITALIZACIÓN QUIRÚRGICA CIRUGÍA GENERAL ";"35";"31";"148";"141";"6";"186";"0"
"2023";"07";"050503";"AYACUCHO";"LA MAR";"AYNA";"GOBIERNO REGIONAL";"II-1";"00003754";"HOSPITAL DE APOYO SAN FRANCISCO";"241400";"HOSPITALIZACIÓN QUIRÚRGICA GINECO - OBSTETRICIA ";"56";"55";"130";"201";"10";"279";"0"
"2023";"07";"050503";"AYACUCHO";"LA MAR";"AYNA";"GOBIERNO REGIONAL";"II-1";"00003754";"HOSPITAL DE APOYO SAN FRANCISCO";"241800";"HOSPITALIZACIÓN DE MEDICINA MEDICINA GENERAL ";"28";"26";"109";"150";"6";"186";"1"
"2023";"07";"050503";"AYACUCHO";"LA MAR";"AYNA";"GOBIERNO REGIONAL";"II-1";"00003754";"HOSPITAL DE APOYO SAN FRANCISCO";"242200";"HOSPITALIZACIÓN DE MEDICINA PSIQUIATRÍA ";"7";"7";"119";"141";"8";"155";"0"
"2023";"07";"050503";"AYACUCHO";"LA MAR";"AYNA";"GOBIERNO REGIONAL";"II-1";"00003754";"HOSPITAL DE APOYO SAN FRANCISCO";"242500";"HOSPITALIZACIÓN-PEDIATRÍA GENERAL-";"25";"24";"85";"122";"5";"155";"0"
"2023";"07";"050503";"AYACUCHO";"LA MAR";"AYNA";"GOBIERNO REGIONAL";"II-1";"00003754";"HOSPITAL DE APOYO SAN FRANCISCO";"243200";"HOSPITALIZACIÓN DE PEDIATRÍA PEDIATRIA NEONATOLOGÍA";"12";"12";"40";"81";"5";"155";"0"
"2023";"07";"150118";"LIMA";"LIMA";"LURIGANCHO";"MINSA";"II-2";"00005947";"HOSPITAL DE MEDIANA COMPLEJIDAD JOSE AGURTO TELLO";"241900";"HOSPITALIZACIÓN DE MEDICINA MEDICINA INTERNA ";"65";"53";"396";"403";"12";"372";"2"
"2023";"07";"150118";"LIMA";"LIMA";"LURIGANCHO";"MINSA";"II-2";"00005947";"HOSPITAL DE MEDIANA COMPLEJIDAD JOSE AGURTO TELLO";"240100";"HOSPITALIZACIÓN QUIRÚRGICA CIRUGÍA GENERAL ";"87";"82";"265";"251";"17";"527";"0"
"2023";"07";"150118";"LIMA";"LIMA";"LURIGANCHO";"MINSA";"II-2";"00005947";"HOSPITAL DE MEDIANA COMPLEJIDAD JOSE AGURTO TELLO";"241200";"HOSPITALIZACIÓN QUIRÚRGICA TRAUMATOLOGÍA Y ORTOPEDIA ";"32";"29";"152";"147";"5";"155";"0"
"2023";"07";"150118";"LIMA";"LIMA";"LURIGANCHO";"MINSA";"II-2";"00005947";"HOSPITAL DE MEDIANA COMPLEJIDAD JOSE AGURTO TELLO";"243200";"HOSPITALIZACIÓN DE PEDIATRÍA PEDIATRIA NEONATOLOGÍA";"18";"16";"50";"51";"5";"155";"0"
"2023";"07";"150118";"LIMA";"LIMA";"LURIGANCHO";"MINSA";"II-2";"00005947";"HOSPITAL DE MEDIANA COMPLEJIDAD JOSE AGURTO TELLO";"242500";"HOSPITALIZACIÓN-PEDIATRÍA GENERAL-";"29";"26";"126";"114";"7";"217";"0"
"2023";"07";"150118";"LIMA";"LIMA";"LURIGANCHO";"MINSA";"II-2";"00005947";"HOSPITAL DE MEDIANA COMPLEJIDAD JOSE AGURTO TELLO";"241500";"HOSPITALIZACIÓN QUIRÚRGICA GINECOLOGÍA  ";"26";"25";"67";"67";"5";"155";"0"
"2023";"07";"150118";"LIMA";"LIMA";"LURIGANCHO";"MINSA";"II-2";"00005947";"HOSPITAL DE MEDIANA COMPLEJIDAD JOSE AGURTO TELLO";"241600";"HOSPITALIZACIÓN QUIRÚRGICA OBSTETRICIA   ";"123";"115";"284";"281";"16";"496";"0"
"2023";"07";"060701";"CAJAMARCA";"HUALGAYOC";"BAMBAMARCA";"ESSALUD";"I-2";"00010277";"POSTA MEDICA ESSALUD BAMBAMARCA";"NE_0001";"";"NE_0001";"NE_0001";"NE_0001";"NE_0001";"NE_0001";"NE_0001";"NE_0001"
"2023";"08";"120606";"JUNIN";"SATIPO";"PANGOA";"GOBIERNO REGIONAL";"I-3";"00000446";"CUBANTIA";"NE_0001";"";"NE_0001";"NE_0001";"NE_0001";"NE_0001";"NE_0001";"NE_0001";"NE_0001"
"2023";"08";"120606";"JUNIN";"SATIPO";"PANGOA";"GOBIERNO REGIONAL";"I-1";"00000449";"MAZARONQUIARI";"NE_0001";"";"NE_0001";"NE_0001";"NE_0001";"NE_0001";"NE_0001";"NE_0001";"NE_0001"
"2023";"08";"120606";"JUNIN";"SATIPO";"PANGOA";"GOBIERNO REGIONAL";"I-1";"00000457";"BOCA KIATARI";"NE_0001";"";"NE_0001";"NE_0001";"NE_0001";"NE_0001";"NE_0001";"NE_0001";"NE_0001"
"2023";"08";"120606";"JUNIN";"SATIPO";"PANGOA";"GOBIERNO REGIONAL";"I-1";"00021801";"SANTA CRUZ DE ANAPATI";"NE_0001";"";"NE_0001";"NE_0001";"NE_0001";"NE_0001";"NE_0001";"NE_0001";"NE_0001"
"2023";"08";"120606";"JUNIN";"SATIPO";"PANGOA";"GOBIERNO REGIONAL";"I-1";"00027800";"MAVENI";"NE_0001";"";"NE_0001";"NE_0001";"NE_0001";"NE_0001";"NE_0001";"NE_0001";"NE_0001"
"2023";"08";"120606";"JUNIN";"SATIPO";"PANGOA";"GOBIERNO REGIONAL";"I-1";"00000454";"CAMPIRUSHARI";"NE_0001";"";"NE_0001";"NE_0001";"NE_0001";"NE_0001";"NE_0001";"NE_0001";"NE_0001"
"2023";"08";"190301";"PASCO";"OXAPAMPA";"OXAPAMPA";"ESSALUD";"II-1";"00009748";"HOSPITAL I OXAPAMPA";"241800";"HOSPITALIZACIÓN DE MEDICINA MEDICINA GENERAL ";"44";"40";"160";"205";"7";"217";"0"
"2023";"09";"150115";"LIMA";"LIMA";"LA VICTORIA";"ESSALUD";"III-2";"00009251";"HOSPITAL NACIONAL GUILLERMO ALMENARA IRIGOYEN";"250200";"UNIDAD DE CUIDADOS CRITICOS UNIDAD DE CUIDADOS INTERMEDIOS GENERAL  (UCIN) ";"0";"4";"106";"128";"5";"150";"0"
"2023";"09";"150115";"LIMA";"LIMA";"LA VICTORIA";"ESSALUD";"III-2";"00009251";"HOSPITAL NACIONAL GUILLERMO ALMENARA IRIGOYEN";"250200";"UNIDAD DE CUIDADOS CRITICOS UNIDAD DE CUIDADOS INTERMEDIOS GENERAL  (UCIN) ";"2";"5";"104";"49";"2";"60";"0"
"2023";"09";"150115";"LIMA";"LIMA";"LA VICTORIA";"ESSALUD";"III-2";"00009251";"HOSPITAL NACIONAL GUILLERMO ALMENARA IRIGOYEN";"250200";"UNIDAD DE CUIDADOS CRITICOS UNIDAD DE CUIDADOS INTERMEDIOS GENERAL  (UCIN) ";"2";"5";"27";"52";"2";"60";"0"
"2023";"08";"100110";"HUANUCO";"HUANUCO";"YARUMAYO";"GOBIERNO REGIONAL";"I-2";"00006906";"TRES DE MAYO DE ANDAS CHICO";"NE_0001";"";"NE_0001";"NE_0001";"NE_0001";"NE_0001";"NE_0001";"NE_0001";"NE_0001"
"2023";"08";"100110";"HUANUCO";"HUANUCO";"YARUMAYO";"GOBIERNO REGIONAL";"I-1";"00000795";"CHULLAY";"NE_0001";"";"NE_0001";"NE_0001";"NE_0001";"NE_0001";"NE_0001";"NE_0001";"NE_0001"
"2023";"08";"100110";"HUANUCO";"HUANUCO";"YARUMAYO";"GOBIERNO REGIONAL";"I-3";"00000793";"YARUMAYO";"NE_0001";"";"NE_0001";"NE_0001";"NE_0001";"NE_0001";"NE_0001";"NE_0001";"NE_0001"
"2023";"09";"060601";"CAJAMARCA";"CUTERVO";"CUTERVO";"GOBIERNO REGIONAL";"I-1";"00008922";"LA CASCARILLA";"NE_0001";"";"NE_0001";"NE_0001";"NE_0001";"NE_0001";"NE_0001";"NE_0001";"NE_0001"
"2023";"09";"060601";"CAJAMARCA";"CUTERVO";"CUTERVO";"GOBIERNO REGIONAL";"II-1";"00004981";"SANTA MARIA DE CUTERVO";"240100";"HOSPITALIZACIÓN QUIRÚRGICA CIRUGÍA GENERAL ";"50";"51";"170";"179";"7";"210";"0"
"2023";"09";"060601";"CAJAMARCA";"CUTERVO";"CUTERVO";"GOBIERNO REGIONAL";"II-1";"00004981";"SANTA MARIA DE CUTERVO";"241400";"HOSPITALIZACIÓN QUIRÚRGICA GINECO - OBSTETRICIA ";"125";"130";"283";"239";"12";"360";"0"
"2023";"09";"060601";"CAJAMARCA";"CUTERVO";"CUTERVO";"GOBIERNO REGIONAL";"II-1";"00004981";"SANTA MARIA DE CUTERVO";"241800";"HOSPITALIZACIÓN DE MEDICINA MEDICINA GENERAL ";"21";"29";"167";"139";"6";"180";"0"
"2023";"09";"060601";"CAJAMARCA";"CUTERVO";"CUTERVO";"GOBIERNO REGIONAL";"II-1";"00004981";"SANTA MARIA DE CUTERVO";"242500";"HOSPITALIZACIÓN-PEDIATRÍA GENERAL-";"26";"27";"90";"61";"5";"150";"0"
"2023";"09";"060801";"CAJAMARCA";"JAEN";"JAEN";"GOBIERNO REGIONAL";"I-3";"00004219";"CHAMBAMONTERA";"NE_0001";"";"NE_0001";"NE_0001";"NE_0001";"NE_0001";"NE_0001";"NE_0001";"NE_0001"
"2023";"09";"120302";"JUNIN";"CHANCHAMAYO";"PERENE";"GOBIERNO REGIONAL";"I-2";"00000337";"MIRICHARO";"NE_0001";"";"NE_0001";"NE_0001";"NE_0001";"NE_0001";"NE_0001";"NE_0001";"NE_0001"
"2023";"09";"120302";"JUNIN";"CHANCHAMAYO";"PERENE";"GOBIERNO REGIONAL";"I-3";"00006716";"CIUDAD SATELITE";"NE_0001";"";"NE_0001";"NE_0001";"NE_0001";"NE_0001";"NE_0001";"NE_0001";"NE_0001"
"2023";"09";"040103";"AREQUIPA";"AREQUIPA";"CAYMA";"GOBIERNO REGIONAL";"I-2";"00001244";"PUESTO DE SALUD LA TOMILLA";"NE_0001";"";"NE_0001";"NE_0001";"NE_0001";"NE_0001";"NE_0001";"NE_0001";"NE_0001"
"2023";"09";"040103";"AREQUIPA";"AREQUIPA";"CAYMA";"GOBIERNO REGIONAL";"I-3";"00001234";"CENTRO DE SALUD FRANCISCO BOLOGNESI";"NE_0001";"";"NE_0001";"NE_0001";"NE_0001";"NE_0001";"NE_0001";"NE_0001";"NE_0001"
"2023";"09";"040103";"AREQUIPA";"AREQUIPA";"CAYMA";"GOBIERNO REGIONAL";"I-3";"00006890";"PUESTO DE SALUD RAFAEL BELAUNDE";"NE_0001";"";"NE_0001";"NE_0001";"NE_0001";"NE_0001";"NE_0001";"NE_0001";"NE_0001"
"2023";"09";"040103";"AREQUIPA";"AREQUIPA";"CAYMA";"GOBIERNO REGIONAL";"I-3";"00027464";"CENTRO DE SALUD MENTAL COMUNITARIO CAYMA";"NE_0001";"";"NE_0001";"NE_0001";"NE_0001";"NE_0001";"NE_0001";"NE_0001";"NE_0001"
"2023";"09";"060601";"CAJAMARCA";"CUTERVO";"CUTERVO";"GOBIERNO REGIONAL";"I-3";"00028745";"CENTRO DE SALUD MENTAL COMUNITARIO PLENITUD";"NE_0001";"";"NE_0001";"NE_0001";"NE_0001";"NE_0001";"NE_0001";"NE_0001";"NE_0001"
"2023";"09";"130103";"LA LIBERTAD";"TRUJILLO";"FLORENCIA DE MORA";"GOBIERNO REGIONAL";"II-1";"00005217";"HOSPITAL DISTRITAL EL ESFUERZO DE FLORENCIA DE MORA";"241600";"HOSPITALIZACIÓN QUIRÚRGICA OBSTETRICIA   ";"18";"18";"18";"18";"7";"210";"0"
"2023";"09";"130103";"LA LIBERTAD";"TRUJILLO";"FLORENCIA DE MORA";"GOBIERNO REGIONAL";"II-1";"00005217";"HOSPITAL DISTRITAL EL ESFUERZO DE FLORENCIA DE MORA";"241400";"HOSPITALIZACIÓN QUIRÚRGICA GINECO - OBSTETRICIA ";"7";"7";"22";"22";"3";"90";"0"
"2023";"09";"150108";"LIMA";"LIMA";"CHORRILLOS";"PRIVADO";"II-1";"00016005";"CLINICA PARROQUIAL SAN FRANCISCO DE ASIS";"240100";"HOSPITALIZACIÓN QUIRÚRGICA CIRUGÍA GENERAL ";"16";"16";"16";"16";"12";"360";"0"
"2023";"09";"150108";"LIMA";"LIMA";"CHORRILLOS";"PRIVADO";"II-1";"00016005";"CLINICA PARROQUIAL SAN FRANCISCO DE ASIS";"240100";"HOSPITALIZACIÓN QUIRÚRGICA CIRUGÍA GENERAL ";"4";"4";"4";"4";"12";"360";"0"
"2023";"09";"150108";"LIMA";"LIMA";"CHORRILLOS";"PRIVADO";"II-1";"00016005";"CLINICA PARROQUIAL SAN FRANCISCO DE ASIS";"240100";"HOSPITALIZACIÓN QUIRÚRGICA CIRUGÍA GENERAL ";"3";"3";"3";"3";"12";"360";"0"
"2023";"09";"150108";"LIMA";"LIMA";"CHORRILLOS";"PRIVADO";"II-1";"00016005";"CLINICA PARROQUIAL SAN FRANCISCO DE ASIS";"240100";"HOSPITALIZACIÓN QUIRÚRGICA CIRUGÍA GENERAL ";"2";"2";"2";"2";"12";"360";"0"
"2023";"09";"150108";"LIMA";"LIMA";"CHORRILLOS";"PRIVADO";"II-1";"00016005";"CLINICA PARROQUIAL SAN FRANCISCO DE ASIS";"240100";"HOSPITALIZACIÓN QUIRÚRGICA CIRUGÍA GENERAL ";"2";"2";"2";"2";"12";"360";"0"
"2023";"09";"150108";"LIMA";"LIMA";"CHORRILLOS";"PRIVADO";"II-1";"00016005";"CLINICA PARROQUIAL SAN FRANCISCO DE ASIS";"240100";"HOSPITALIZACIÓN QUIRÚRGICA CIRUGÍA GENERAL ";"1";"1";"1";"1";"12";"360";"0"
"2023";"09";"150108";"LIMA";"LIMA";"CHORRILLOS";"PRIVADO";"II-1";"00016005";"CLINICA PARROQUIAL SAN FRANCISCO DE ASIS";"240100";"HOSPITALIZACIÓN QUIRÚRGICA CIRUGÍA GENERAL ";"1";"1";"1";"1";"12";"360";"0"
"2023";"09";"150108";"LIMA";"LIMA";"CHORRILLOS";"PRIVADO";"II-1";"00016005";"CLINICA PARROQUIAL SAN FRANCISCO DE ASIS";"240100";"HOSPITALIZACIÓN QUIRÚRGICA CIRUGÍA GENERAL ";"1";"1";"1";"1";"12";"360";"0"
"2023";"09";"150108";"LIMA";"LIMA";"CHORRILLOS";"PRIVADO";"II-1";"00016005";"CLINICA PARROQUIAL SAN FRANCISCO DE ASIS";"240100";"HOSPITALIZACIÓN QUIRÚRGICA CIRUGÍA GENERAL ";"1";"1";"1";"1";"12";"360";"0"
"2023";"09";"150108";"LIMA";"LIMA";"CHORRILLOS";"PRIVADO";"II-1";"00016005";"CLINICA PARROQUIAL SAN FRANCISCO DE ASIS";"240100";"HOSPITALIZACIÓN QUIRÚRGICA CIRUGÍA GENERAL ";"1";"1";"1";"1";"12";"360";"0"
"2023";"09";"150108";"LIMA";"LIMA";"CHORRILLOS";"PRIVADO";"II-1";"00016005";"CLINICA PARROQUIAL SAN FRANCISCO DE ASIS";"241400";"HOSPITALIZACIÓN QUIRÚRGICA GINECO - OBSTETRICIA ";"1";"1";"2";"1";"12";"360";"0"
"2023";"09";"150108";"LIMA";"LIMA";"CHORRILLOS";"PRIVADO";"II-1";"00016005";"CLINICA PARROQUIAL SAN FRANCISCO DE ASIS";"241400";"HOSPITALIZACIÓN QUIRÚRGICA GINECO - OBSTETRICIA ";"1";"1";"2";"1";"12";"360";"0"
"2023";"09";"060608";"CAJAMARCA";"CUTERVO";"SAN ANDRES DE CUTERVO";"GOBIERNO REGIONAL";"I-1";"00006868";"ILLUGAN";"NE_0001";"";"NE_0001";"NE_0001";"NE_0001";"NE_0001";"NE_0001";"NE_0001";"NE_0001"
"2023";"09";"060608";"CAJAMARCA";"CUTERVO";"SAN ANDRES DE CUTERVO";"GOBIERNO REGIONAL";"I-1";"00005036";"QUILLUGAY";"NE_0001";"";"NE_0001";"NE_0001";"NE_0001";"NE_0001";"NE_0001";"NE_0001";"NE_0001"
"2023";"09";"060608";"CAJAMARCA";"CUTERVO";"SAN ANDRES DE CUTERVO";"GOBIERNO REGIONAL";"I-1";"00006940";"PAJONAL";"NE_0001";"";"NE_0001";"NE_0001";"NE_0001";"NE_0001";"NE_0001";"NE_0001";"NE_0001"
"2023";"09";"060608";"CAJAMARCA";"CUTERVO";"SAN ANDRES DE CUTERVO";"GOBIERNO REGIONAL";"I-3";"00005034";"SAN ANDRES";"NE_0001";"";"NE_0001";"NE_0001";"NE_0001";"NE_0001";"NE_0001";"NE_0001";"NE_0001"
"2023";"09";"060608";"CAJAMARCA";"CUTERVO";"SAN ANDRES DE CUTERVO";"GOBIERNO REGIONAL";"I-1";"00005035";"LA FLOR";"NE_0001";"";"NE_0001";"NE_0001";"NE_0001";"NE_0001";"NE_0001";"NE_0001";"NE_0001"
"2023";"09";"210701";"PUNO";"LAMPA";"LAMPA";"ESSALUD";"II-1";"00009900";"HOSPITAL I LAMPA - ESSALUD - RED ASISTENCIAL JULIACA";"242200";"HOSPITALIZACIÓN DE MEDICINA PSIQUIATRÍA ";"16";"16";"146";"142";"10";"296";"0"
"2023";"09";"060601";"CAJAMARCA";"CUTERVO";"CUTERVO";"GOBIERNO REGIONAL";"I-1";"00007098";"YACANCATE";"NE_0001";"";"NE_0001";"NE_0001";"NE_0001";"NE_0001";"NE_0001";"NE_0001";"NE_0001"
"2023";"09";"060601";"CAJAMARCA";"CUTERVO";"CUTERVO";"GOBIERNO REGIONAL";"I-1";"00005001";"PATAHUAZ";"NE_0001";"";"NE_0001";"NE_0001";"NE_0001";"NE_0001";"NE_0001";"NE_0001";"NE_0001"
"2023";"09";"060601";"CAJAMARCA";"CUTERVO";"CUTERVO";"GOBIERNO REGIONAL";"I-1";"00006832";"LA CONGONA";"NE_0001";"";"NE_0001";"NE_0001";"NE_0001";"NE_0001";"NE_0001";"NE_0001";"NE_0001"
"2023";"09";"060601";"CAJAMARCA";"CUTERVO";"CUTERVO";"GOBIERNO REGIONAL";"I-1";"00006833";"LA JAYUA";"NE_0001";"";"NE_0001";"NE_0001";"NE_0001";"NE_0001";"NE_0001";"NE_0001";"NE_0001"
"2023";"09";"150140";"LIMA";"LIMA";"SANTIAGO DE SURCO";"PRIVADO";"III-1";"00009988";"CLINICA SAN PABLO SAC";"240000";"HOSPITALIZACIÓN";"498";"503";"1741";"2009";"101";"3030";"5"
"2023";"09";"150140";"LIMA";"LIMA";"SANTIAGO DE SURCO";"PRIVADO";"III-1";"00009988";"CLINICA SAN PABLO SAC";"250200";"UNIDAD DE CUIDADOS CRITICOS UNIDAD DE CUIDADOS INTERMEDIOS GENERAL  (UCIN) ";"0";"3";"26";"16";"10";"300";"1"
"2023";"09";"150140";"LIMA";"LIMA";"SANTIAGO DE SURCO";"PRIVADO";"III-1";"00009988";"CLINICA SAN PABLO SAC";"250108";"UNIDAD DE CUIDADOS CRITICOS UNIDAD  DE CUIDADOS INTENSIVOS  (UCI) PEDIÁTRICA";"15";"13";"27";"78";"8";"240";"1"
"2023";"09";"150140";"LIMA";"LIMA";"SANTIAGO DE SURCO";"PRIVADO";"III-1";"00009988";"CLINICA SAN PABLO SAC";"250100";"UNIDAD DE CUIDADOS CRITICOS UNIDAD  DE CUIDADOS INTENSIVOS GENERALES (UCI) ";"73";"72";"209";"221";"13";"390";"6"
"2023";"09";"060612";"CAJAMARCA";"CUTERVO";"SANTO DOMINGO DE LA CAPILLA";"GOBIERNO REGIONAL";"I-1";"00006861";"CHAUPECRUZ";"NE_0001";"";"NE_0001";"NE_0001";"NE_0001";"NE_0001";"NE_0001";"NE_0001";"NE_0001"
"2023";"09";"060602";"CAJAMARCA";"CUTERVO";"CALLAYUC";"GOBIERNO REGIONAL";"I-1";"00004963";"SANTA CLARA";"NE_0001";"";"NE_0001";"NE_0001";"NE_0001";"NE_0001";"NE_0001";"NE_0001";"NE_0001"
"2023";"09";"060612";"CAJAMARCA";"CUTERVO";"SANTO DOMINGO DE LA CAPILLA";"GOBIERNO REGIONAL";"I-1";"00005004";"SAN PEDRO DE LA CAPILLA";"NE_0001";"";"NE_0001";"NE_0001";"NE_0001";"NE_0001";"NE_0001";"NE_0001";"NE_0001"
"2023";"09";"060612";"CAJAMARCA";"CUTERVO";"SANTO DOMINGO DE LA CAPILLA";"GOBIERNO REGIONAL";"I-1";"00006960";"PAN DE AZUCAR";"NE_0001";"";"NE_0001";"NE_0001";"NE_0001";"NE_0001";"NE_0001";"NE_0001";"NE_0001"
"2023";"09";"060612";"CAJAMARCA";"CUTERVO";"SANTO DOMINGO DE LA CAPILLA";"GOBIERNO REGIONAL";"I-1";"00007370";"CEDROPAMPA";"NE_0001";"";"NE_0001";"NE_0001";"NE_0001";"NE_0001";"NE_0001";"NE_0001";"NE_0001"
"2023";"09";"060612";"CAJAMARCA";"CUTERVO";"SANTO DOMINGO DE LA CAPILLA";"GOBIERNO REGIONAL";"I-1";"00005005";"SANTA ROSA DE LA CAPILLA";"NE_0001";"";"NE_0001";"NE_0001";"NE_0001";"NE_0001";"NE_0001";"NE_0001";"NE_0001"
"2023";"09";"060612";"CAJAMARCA";"CUTERVO";"SANTO DOMINGO DE LA CAPILLA";"GOBIERNO REGIONAL";"I-1";"00006862";"PALO QUEMADO";"NE_0001";"";"NE_0001";"NE_0001";"NE_0001";"NE_0001";"NE_0001";"NE_0001";"NE_0001"
"2023";"09";"060612";"CAJAMARCA";"CUTERVO";"SANTO DOMINGO DE LA CAPILLA";"GOBIERNO REGIONAL";"I-1";"00006958";"PLAYA HERMOZA";"NE_0001";"";"NE_0001";"NE_0001";"NE_0001";"NE_0001";"NE_0001";"NE_0001";"NE_0001"
"2023";"09";"060612";"CAJAMARCA";"CUTERVO";"SANTO DOMINGO DE LA CAPILLA";"GOBIERNO REGIONAL";"I-3";"00005002";"STO. DOMINGO DE LA CAPILLA";"NE_0001";"";"NE_0001";"NE_0001";"NE_0001";"NE_0001";"NE_0001";"NE_0001";"NE_0001"
"2023";"09";"060612";"CAJAMARCA";"CUTERVO";"SANTO DOMINGO DE LA CAPILLA";"GOBIERNO REGIONAL";"I-1";"00005003";"MIRAFLORES";"NE_0001";"";"NE_0001";"NE_0001";"NE_0001";"NE_0001";"NE_0001";"NE_0001";"NE_0001"
"2023";"09";"060612";"CAJAMARCA";"CUTERVO";"SANTO DOMINGO DE LA CAPILLA";"GOBIERNO REGIONAL";"I-1";"00006863";"NARANJOS";"NE_0001";"";"NE_0001";"NE_0001";"NE_0001";"NE_0001";"NE_0001";"NE_0001";"NE_0001"
"2023";"09";"060612";"CAJAMARCA";"CUTERVO";"SANTO DOMINGO DE LA CAPILLA";"GOBIERNO REGIONAL";"I-1";"00006864";"NARANJOYACU";"NE_0001";"";"NE_0001";"NE_0001";"NE_0001";"NE_0001";"NE_0001";"NE_0001";"NE_0001"
"2023";"09";"060612";"CAJAMARCA";"CUTERVO";"SANTO DOMINGO DE LA CAPILLA";"GOBIERNO REGIONAL";"I-1";"00008924";"NUEVO ORIENTE DE LA CAPILLA";"NE_0001";"";"NE_0001";"NE_0001";"NE_0001";"NE_0001";"NE_0001";"NE_0001";"NE_0001"
"2023";"09";"150130";"LIMA";"LIMA";"SAN BORJA";"PRIVADO";"0";"00012366";"MISION MEDICA SAC";"NE_0001";"";"NE_0001";"NE_0001";"NE_0001";"NE_0001";"NE_0001";"NE_0001";"NE_0001"
"2023";"09";"060602";"CAJAMARCA";"CUTERVO";"CALLAYUC";"GOBIERNO REGIONAL";"I-3";"00004959";"CALLAYUC";"NE_0001";"";"NE_0001";"NE_0001";"NE_0001";"NE_0001";"NE_0001";"NE_0001";"NE_0001"
"2023";"09";"060602";"CAJAMARCA";"CUTERVO";"CALLAYUC";"GOBIERNO REGIONAL";"I-1";"00006835";"CHURAS";"NE_0001";"";"NE_0001";"NE_0001";"NE_0001";"NE_0001";"NE_0001";"NE_0001";"NE_0001"
"2023";"09";"060602";"CAJAMARCA";"CUTERVO";"CALLAYUC";"GOBIERNO REGIONAL";"I-1";"00006944";"VILUCO";"NE_0001";"";"NE_0001";"NE_0001";"NE_0001";"NE_0001";"NE_0001";"NE_0001";"NE_0001"
"2023";"09";"060602";"CAJAMARCA";"CUTERVO";"CALLAYUC";"GOBIERNO REGIONAL";"I-1";"00006829";"PUQUIO DE CALLAYUC";"NE_0001";"";"NE_0001";"NE_0001";"NE_0001";"NE_0001";"NE_0001";"NE_0001";"NE_0001"
"2023";"09";"060602";"CAJAMARCA";"CUTERVO";"CALLAYUC";"GOBIERNO REGIONAL";"I-1";"00007368";"CUCHEA";"NE_0001";"";"NE_0001";"NE_0001";"NE_0001";"NE_0001";"NE_0001";"NE_0001";"NE_0001"
"2023";"09";"060602";"CAJAMARCA";"CUTERVO";"CALLAYUC";"GOBIERNO REGIONAL";"I-1";"00007100";"SAN JUAN DE CHORILLOS";"NE_0001";"";"NE_0001";"NE_0001";"NE_0001";"NE_0001";"NE_0001";"NE_0001";"NE_0001"
"2023";"09";"060602";"CAJAMARCA";"CUTERVO";"CALLAYUC";"GOBIERNO REGIONAL";"I-1";"00007369";"CHONTAS";"NE_0001";"";"NE_0001";"NE_0001";"NE_0001";"NE_0001";"NE_0001";"NE_0001";"NE_0001"
"2023";"09";"060602";"CAJAMARCA";"CUTERVO";"CALLAYUC";"GOBIERNO REGIONAL";"I-1";"00004961";"SAN JOSE DE LIRIO";"NE_0001";"";"NE_0001";"NE_0001";"NE_0001";"NE_0001";"NE_0001";"NE_0001";"NE_0001"
"2023";"09";"060602";"CAJAMARCA";"CUTERVO";"CALLAYUC";"GOBIERNO REGIONAL";"I-1";"00006830";"FILADELFIA";"NE_0001";"";"NE_0001";"NE_0001";"NE_0001";"NE_0001";"NE_0001";"NE_0001";"NE_0001"
"2023";"09";"060602";"CAJAMARCA";"CUTERVO";"CALLAYUC";"GOBIERNO REGIONAL";"I-2";"00004960";"EL CUMBE";"NE_0001";"";"NE_0001";"NE_0001";"NE_0001";"NE_0001";"NE_0001";"NE_0001";"NE_0001"
"2023";"09";"150122";"LIMA";"LIMA";"MIRAFLORES";"PRIVADO";"II-E";"00011750";"CLINICA LOS ANDES SAC";"240000";"HOSPITALIZACIÓN";"58";"57";"93";"95";"15";"450";"0"
"2023";"09";"060804";"CAJAMARCA";"JAEN";"COLASAY";"GOBIERNO REGIONAL";"I-1";"00004239";"CEDRO PASTO";"NE_0001";"";"NE_0001";"NE_0001";"NE_0001";"NE_0001";"NE_0001";"NE_0001";"NE_0001"
"2023";"09";"110507";"ICA";"PISCO";"SAN CLEMENTE";"ESSALUD";"I-3";"00027769";"CAP I SAN CLEMENTE";"NE_0001";"";"NE_0001";"NE_0001";"NE_0001";"NE_0001";"NE_0001";"NE_0001";"NE_0001"
"2023";"09";"110201";"ICA";"CHINCHA";"CHINCHA ALTA";"GOBIERNO REGIONAL";"II-1";"00003414";"HOSPITAL SAN JOSE DE CHINCHA";"240100";"HOSPITALIZACIÓN QUIRÚRGICA CIRUGÍA GENERAL ";"84";"84";"316";"315";"32";"960";"0"
"2023";"09";"110201";"ICA";"CHINCHA";"CHINCHA ALTA";"GOBIERNO REGIONAL";"II-1";"00003414";"HOSPITAL SAN JOSE DE CHINCHA";"241400";"HOSPITALIZACIÓN QUIRÚRGICA GINECO - OBSTETRICIA ";"239";"239";"469";"461";"40";"1200";"0"
"2023";"09";"110201";"ICA";"CHINCHA";"CHINCHA ALTA";"GOBIERNO REGIONAL";"II-1";"00003414";"HOSPITAL SAN JOSE DE CHINCHA";"241800";"HOSPITALIZACIÓN DE MEDICINA MEDICINA GENERAL ";"84";"84";"517";"513";"68";"2040";"16"
"2023";"09";"110201";"ICA";"CHINCHA";"CHINCHA ALTA";"GOBIERNO REGIONAL";"II-1";"00003414";"HOSPITAL SAN JOSE DE CHINCHA";"242500";"HOSPITALIZACIÓN-PEDIATRÍA GENERAL-";"86";"86";"288";"288";"14";"420";"3"
"2023";"09";"040109";"AREQUIPA";"AREQUIPA";"MARIANO MELGAR";"GOBIERNO REGIONAL";"I-2";"00001309";"PUESTO DE SALUD JERUSALEN";"NE_0001";"";"NE_0001";"NE_0001";"NE_0001";"NE_0001";"NE_0001";"NE_0001";"NE_0001"
"2023";"09";"040109";"AREQUIPA";"AREQUIPA";"MARIANO MELGAR";"GOBIERNO REGIONAL";"I-2";"00007722";"PUESTO DE SALUD EL MIRADOR";"NE_0001";"";"NE_0001";"NE_0001";"NE_0001";"NE_0001";"NE_0001";"NE_0001";"NE_0001"
"2023";"09";"040109";"AREQUIPA";"AREQUIPA";"MARIANO MELGAR";"GOBIERNO REGIONAL";"I-3";"00001295";"CENTRO DE SALUD GENERALISIMO SAN MARTIN";"NE_0001";"";"NE_0001";"NE_0001";"NE_0001";"NE_0001";"NE_0001";"NE_0001";"NE_0001"
"2023";"09";"110201";"ICA";"CHINCHA";"CHINCHA ALTA";"PRIVADO";"II-1";"00018704";"FAMISALUD";"241500";"HOSPITALIZACIÓN QUIRÚRGICA GINECOLOGÍA  ";"2";"2";"2";"7";"2";"60";"0"
"2023";"09";"110201";"ICA";"CHINCHA";"CHINCHA ALTA";"PRIVADO";"II-1";"00018704";"FAMISALUD";"241200";"HOSPITALIZACIÓN QUIRÚRGICA TRAUMATOLOGÍA Y ORTOPEDIA ";"1";"1";"1";"7";"1";"30";"0"
"2023";"09";"110201";"ICA";"CHINCHA";"CHINCHA ALTA";"PRIVADO";"II-1";"00018704";"FAMISALUD";"240100";"HOSPITALIZACIÓN QUIRÚRGICA CIRUGÍA GENERAL ";"4";"4";"4";"7";"4";"120";"0"
"2023";"09";"150110";"LIMA";"LIMA";"COMAS";"PRIVADO";"II-1";"00009144";"CLINICA MEDICA ZEGARRA S.A.C.";"242300";"HOSPITALIZACIÓN DE PEDIATRÍA  PEDIATRÍA  GENERAL ";"47";"51";"623";"6";"6";"124";"0"
"2023";"09";"150110";"LIMA";"LIMA";"COMAS";"PRIVADO";"II-1";"00009144";"CLINICA MEDICA ZEGARRA S.A.C.";"241800";"HOSPITALIZACIÓN DE MEDICINA MEDICINA GENERAL ";"35";"42";"198";"5";"6";"142";"0"
"2023";"03";"070102";"CALLAO";"CALLAO";"BELLAVISTA";"GOBIERNO REGIONAL";"II-E";"00017883";"HOSPITAL DE REHABILITACION DEL CALLAO";"NE_0001";"";"NE_0001";"NE_0001";"NE_0001";"NE_0001";"NE_0001";"NE_0001";"NE_0001"
"2023";"03";"130107";"LA LIBERTAD";"TRUJILLO";"MOCHE";"GOBIERNO REGIONAL";"II-1";"00007152";"HOSPITAL DISTRITAL ALTO MOCHE-WALTER CRUZ VILCA";"241800";"HOSPITALIZACIÓN DE MEDICINA MEDICINA GENERAL ";"20";"20";"20";"12";"12";"360";"0"
"2023";"03";"150112";"LIMA";"LIMA";"INDEPENDENCIA";"PRIVADO";"II-2";"00010182";"CLINICA JESUS DEL NORTE";"240000";"HOSPITALIZACIÓN";"518";"494";"1290";"1843";"73";"2263";"2"
"2023";"03";"150112";"LIMA";"LIMA";"INDEPENDENCIA";"PRIVADO";"II-2";"00010182";"CLINICA JESUS DEL NORTE";"250100";"UNIDAD DE CUIDADOS CRITICOS UNIDAD  DE CUIDADOS INTENSIVOS GENERALES (UCI) ";"56";"56";"106";"162";"7";"217";"0"
"2023";"04";"110201";"ICA";"CHINCHA";"CHINCHA ALTA";"ESSALUD";"II-1";"00013910";"RENE TOCHE GROPPO";"241800";"HOSPITALIZACIÓN DE MEDICINA MEDICINA GENERAL ";"107";"116";"489";"468";"17";"510";"11"
"2023";"04";"110201";"ICA";"CHINCHA";"CHINCHA ALTA";"ESSALUD";"II-1";"00013910";"RENE TOCHE GROPPO";"240100";"HOSPITALIZACIÓN QUIRÚRGICA CIRUGÍA GENERAL ";"152";"171";"707";"649";"23";"690";"0"
"2023";"04";"110201";"ICA";"CHINCHA";"CHINCHA ALTA";"ESSALUD";"II-1";"00013910";"RENE TOCHE GROPPO";"241500";"HOSPITALIZACIÓN QUIRÚRGICA GINECOLOGÍA  ";"24";"25";"102";"83";"3";"90";"0"
"2023";"04";"110201";"ICA";"CHINCHA";"CHINCHA ALTA";"ESSALUD";"II-1";"00013910";"RENE TOCHE GROPPO";"241600";"HOSPITALIZACIÓN QUIRÚRGICA OBSTETRICIA   ";"155";"159";"425";"400";"14";"420";"0"
"2023";"04";"110201";"ICA";"CHINCHA";"CHINCHA ALTA";"ESSALUD";"II-1";"00013910";"RENE TOCHE GROPPO";"242300";"HOSPITALIZACIÓN DE PEDIATRÍA  PEDIATRÍA  GENERAL ";"91";"79";"211";"233";"8";"240";"0"
"2023";"04";"110201";"ICA";"CHINCHA";"CHINCHA ALTA";"ESSALUD";"II-1";"00013910";"RENE TOCHE GROPPO";"243200";"HOSPITALIZACIÓN DE PEDIATRÍA PEDIATRIA NEONATOLOGÍA";"103";"110";"166";"191";"10";"300";"0"
"2023";"04";"110201";"ICA";"CHINCHA";"CHINCHA ALTA";"ESSALUD";"II-1";"00013910";"RENE TOCHE GROPPO";"250304";"HOSPIT. EN UNIDAD DE CUID.INTEN.-UNIDAD DE VIGILANCIA INTENSIVA (UVI)-MEDICINA";"21";"8";"35";"71";"4";"120";"5"
"2023";"04";"110201";"ICA";"CHINCHA";"CHINCHA ALTA";"ESSALUD";"II-1";"00013910";"RENE TOCHE GROPPO";"242204";"HOSPITALIZACIÓN DE MEDICINA PSIQUIATRÍA REHABILITACIÓN PSIQUIÁTRICA / REINSERCIÓN ";"0";"0";"0";"210";"8";"240";"0"
"2023";"04";"220503";"SAN MARTIN";"LAMAS";"BARRANQUITA";"GOBIERNO REGIONAL";"I-1";"00006435";"SANTA CLARA";"NE_0001";"";"NE_0001";"NE_0001";"NE_0001";"NE_0001";"NE_0001";"NE_0001";"NE_0001"
"2023";"04";"220503";"SAN MARTIN";"LAMAS";"BARRANQUITA";"GOBIERNO REGIONAL";"I-1";"00006433";"PUERTO PIZARRO";"NE_0001";"";"NE_0001";"NE_0001";"NE_0001";"NE_0001";"NE_0001";"NE_0001";"NE_0001"
"2023";"04";"220503";"SAN MARTIN";"LAMAS";"BARRANQUITA";"GOBIERNO REGIONAL";"I-1";"00007401";"SANANGO";"NE_0001";"";"NE_0001";"NE_0001";"NE_0001";"NE_0001";"NE_0001";"NE_0001";"NE_0001"
"2023";"04";"220503";"SAN MARTIN";"LAMAS";"BARRANQUITA";"GOBIERNO REGIONAL";"I-3";"00006432";"BARRANQUITA CAYNARACHI";"NE_0001";"";"NE_0001";"NE_0001";"NE_0001";"NE_0001";"NE_0001";"NE_0001";"NE_0001"
"2023";"04";"220503";"SAN MARTIN";"LAMAS";"BARRANQUITA";"GOBIERNO REGIONAL";"I-1";"00006434";"SANTIAGO DE BORJA";"NE_0001";"";"NE_0001";"NE_0001";"NE_0001";"NE_0001";"NE_0001";"NE_0001";"NE_0001"
"2023";"04";"220503";"SAN MARTIN";"LAMAS";"BARRANQUITA";"GOBIERNO REGIONAL";"I-1";"00006450";"SANTA ELENA";"NE_0001";"";"NE_0001";"NE_0001";"NE_0001";"NE_0001";"NE_0001";"NE_0001";"NE_0001"
"2023";"04";"220503";"SAN MARTIN";"LAMAS";"BARRANQUITA";"GOBIERNO REGIONAL";"I-1";"00006436";"EL PIÑAL";"NE_0001";"";"NE_0001";"NE_0001";"NE_0001";"NE_0001";"NE_0001";"NE_0001";"NE_0001"
"2023";"04";"150140";"LIMA";"LIMA";"SANTIAGO DE SURCO";"PRIVADO";"II-E";"00012572";"CLINICA PAULISTA";"240000";"HOSPITALIZACIÓN";"2";"2";"8";"3";"1";"48";"0"
"2023";"04";"130905";"LA LIBERTAD";"SANCHEZ CARRION";"MARCABAL";"GOBIERNO REGIONAL";"I-1";"00013827";"NARANJOPAMPA";"NE_0001";"";"NE_0001";"NE_0001";"NE_0001";"NE_0001";"NE_0001";"NE_0001";"NE_0001"
"2023";"04";"130905";"LA LIBERTAD";"SANCHEZ CARRION";"MARCABAL";"GOBIERNO REGIONAL";"I-2";"00013550";"SHITA";"NE_0001";"";"NE_0001";"NE_0001";"NE_0001";"NE_0001";"NE_0001";"NE_0001";"NE_0001"
"2023";"04";"130905";"LA LIBERTAD";"SANCHEZ CARRION";"MARCABAL";"GOBIERNO REGIONAL";"I-2";"00013825";"CHAQUILBAMBA";"NE_0001";"";"NE_0001";"NE_0001";"NE_0001";"NE_0001";"NE_0001";"NE_0001";"NE_0001"
"2023";"04";"130905";"LA LIBERTAD";"SANCHEZ CARRION";"MARCABAL";"GOBIERNO REGIONAL";"I-2";"00005358";"MARCABALITO";"NE_0001";"";"NE_0001";"NE_0001";"NE_0001";"NE_0001";"NE_0001";"NE_0001";"NE_0001"
"2023";"04";"130905";"LA LIBERTAD";"SANCHEZ CARRION";"MARCABAL";"GOBIERNO REGIONAL";"I-2";"00013794";"LLUCHUBAMBA";"NE_0001";"";"NE_0001";"NE_0001";"NE_0001";"NE_0001";"NE_0001";"NE_0001";"NE_0001"
"2023";"04";"150133";"LIMA";"LIMA";"SAN JUAN DE MIRAFLORES";"PRIVADO";"II-2";"00018985";"CLINICA SANTA MARTHA DEL SUR";"240000";"HOSPITALIZACIÓN";"234";"235";"748";"1642";"82";"2460";"0"
"2023";"04";"150133";"LIMA";"LIMA";"SAN JUAN DE MIRAFLORES";"PRIVADO";"II-2";"00018985";"CLINICA SANTA MARTHA DEL SUR";"250100";"UNIDAD DE CUIDADOS CRITICOS UNIDAD  DE CUIDADOS INTENSIVOS GENERALES (UCI) ";"19";"16";"39";"71";"6";"180";"1"
"2023";"04";"150131";"LIMA";"LIMA";"SAN ISIDRO";"PRIVADO";"III-1";"00009409";"CLINICA RICARDO PALMA";"240000";"HOSPITALIZACIÓN";"815";"701";"48780";"3388";"149";"3665";"18"
"2023";"04";"150131";"LIMA";"LIMA";"SAN ISIDRO";"PRIVADO";"III-1";"00009409";"CLINICA RICARDO PALMA";"242300";"HOSPITALIZACIÓN DE PEDIATRÍA  PEDIATRÍA  GENERAL ";"80";"60";"411";"457";"18";"540";"1"
"2023";"04";"150131";"LIMA";"LIMA";"SAN ISIDRO";"PRIVADO";"III-1";"00009409";"CLINICA RICARDO PALMA";"241400";"HOSPITALIZACIÓN QUIRÚRGICA GINECO - OBSTETRICIA ";"54";"53";"167";"202";"8";"240";"0"
"2023";"04";"150131";"LIMA";"LIMA";"SAN ISIDRO";"PRIVADO";"III-1";"00009409";"CLINICA RICARDO PALMA";"250105";"UNIDAD DE CUIDADOS CRITICOS UNIDAD  DE CUIDADOS INTENSIVOS  (UCI) NEONATOLOGÍA";"6";"4";"34";"43";"4";"120";"0"
"2023";"04";"080108";"CUSCO";"CUSCO";"WANCHAQ";"PRIVADO";"II-E";"00011338";"PARDO";"240100";"HOSPITALIZACIÓN QUIRÚRGICA CIRUGÍA GENERAL ";"105";"99";"735";"55";"24";"720";"0"
"2023";"04";"080108";"CUSCO";"CUSCO";"WANCHAQ";"PRIVADO";"II-E";"00011338";"PARDO";"241700";"HOSPITALIZACIÓN QUIRÚRGICA GINECOLOGÍA   GINECOLOGIA ONCOLOGiCA";"22";"20";"87";"30";"24";"720";"0"
"2023";"04";"080108";"CUSCO";"CUSCO";"WANCHAQ";"PRIVADO";"II-E";"00011338";"PARDO";"240400";"HOSPITALIZACIÓN QUIRÚRGICA CIRUGÍA DE TÓRAX Y CARDIOVASCULAR ";"10";"7";"65";"18";"24";"720";"0"
"2023";"04";"080108";"CUSCO";"CUSCO";"WANCHAQ";"PRIVADO";"II-E";"00011338";"PARDO";"241200";"HOSPITALIZACIÓN QUIRÚRGICA TRAUMATOLOGÍA Y ORTOPEDIA ";"8";"6";"43";"13";"24";"720";"0"
"2023";"04";"080108";"CUSCO";"CUSCO";"WANCHAQ";"PRIVADO";"II-E";"00011338";"PARDO";"241300";"HOSPITALIZACIÓN QUIRÚRGICA UROLOGÍA  ";"3";"2";"35";"12";"24";"720";"0"
"2023";"06";"220104";"SAN MARTIN";"MOYOBAMBA";"JEPELACIO";"GOBIERNO REGIONAL";"I-3";"00006341";"JERILLO";"241600";"HOSPITALIZACIÓN QUIRÚRGICA OBSTETRICIA   ";"5";"6";"7";"1";"1";"30";"0"
"2023";"06";"220104";"SAN MARTIN";"MOYOBAMBA";"JEPELACIO";"GOBIERNO REGIONAL";"I-1";"00006346";"RAMIREZ";"NE_0001";"";"NE_0001";"NE_0001";"NE_0001";"NE_0001";"NE_0001";"NE_0001";"NE_0001"
"2023";"06";"220104";"SAN MARTIN";"MOYOBAMBA";"JEPELACIO";"GOBIERNO REGIONAL";"I-3";"00006349";"LA HUARPIA";"NE_0001";"";"NE_0001";"NE_0001";"NE_0001";"NE_0001";"NE_0001";"NE_0001";"NE_0001"
"2023";"06";"130101";"LA LIBERTAD";"TRUJILLO";"TRUJILLO";"GOBIERNO REGIONAL";"II-1";"00005204";"HOSPITAL DE ESPECIALIDADES BASICAS LA NORIA";"241800";"HOSPITALIZACIÓN DE MEDICINA MEDICINA GENERAL ";"30";"28";"93";"99";"4";"120";"0"
"2023";"06";"130101";"LA LIBERTAD";"TRUJILLO";"TRUJILLO";"GOBIERNO REGIONAL";"II-1";"00005204";"HOSPITAL DE ESPECIALIDADES BASICAS LA NORIA";"243200";"HOSPITALIZACIÓN DE PEDIATRÍA PEDIATRIA NEONATOLOGÍA";"4";"4";"7";"7";"4";"120";"0"
"2023";"06";"130101";"LA LIBERTAD";"TRUJILLO";"TRUJILLO";"GOBIERNO REGIONAL";"II-1";"00005204";"HOSPITAL DE ESPECIALIDADES BASICAS LA NORIA";"241400";"HOSPITALIZACIÓN QUIRÚRGICA GINECO - OBSTETRICIA ";"34";"33";"46";"49";"4";"120";"0"
"2023";"06";"130101";"LA LIBERTAD";"TRUJILLO";"TRUJILLO";"GOBIERNO REGIONAL";"II-1";"00005204";"HOSPITAL DE ESPECIALIDADES BASICAS LA NORIA";"241600";"HOSPITALIZACIÓN QUIRÚRGICA OBSTETRICIA   ";"25";"25";"27";"27";"5";"124";"0"
"2023";"06";"090307";"HUANCAVELICA";"ANGARAES";"HUANCA-HUANCA";"GOBIERNO REGIONAL";"I-2";"00003953";"HUANCA HUANCA";"NE_0001";"";"NE_0001";"NE_0001";"NE_0001";"NE_0001";"NE_0001";"NE_0001";"NE_0001"
"2023";"06";"090312";"HUANCAVELICA";"ANGARAES";"SECCLLA";"GOBIERNO REGIONAL";"I-1";"00003970";"QUISPICANCHA";"NE_0001";"";"NE_0001";"NE_0001";"NE_0001";"NE_0001";"NE_0001";"NE_0001";"NE_0001"
"2023";"06";"090304";"HUANCAVELICA";"ANGARAES";"CCOCHACCASA";"GOBIERNO REGIONAL";"I-1";"00003956";"SAN PEDRO DE MIMOSA";"NE_0001";"";"NE_0001";"NE_0001";"NE_0001";"NE_0001";"NE_0001";"NE_0001";"NE_0001"
"2023";"06";"090301";"HUANCAVELICA";"ANGARAES";"LIRCAY";"GOBIERNO REGIONAL";"I-1";"00007290";"PERCAPAMPA";"NE_0001";"";"NE_0001";"NE_0001";"NE_0001";"NE_0001";"NE_0001";"NE_0001";"NE_0001"
"2023";"06";"090305";"HUANCAVELICA";"ANGARAES";"CHINCHO";"GOBIERNO REGIONAL";"I-1";"00011787";"LLAMOCCTACHI";"NE_0001";"";"NE_0001";"NE_0001";"NE_0001";"NE_0001";"NE_0001";"NE_0001";"NE_0001"
"2023";"06";"090301";"HUANCAVELICA";"ANGARAES";"LIRCAY";"GOBIERNO REGIONAL";"I-3";"00028484";"CENTRO DE SALUD MENTAL COMUNITARIO ANGARAES";"NE_0002";"";"NE_0002";"NE_0002";"NE_0002";"NE_0002";"NE_0002";"NE_0002";"NE_0002"
"2023";"06";"090308";"HUANCAVELICA";"ANGARAES";"HUALLAY-GRANDE";"GOBIERNO REGIONAL";"I-2";"00003954";"HUAYLLAY GRANDE";"NE_0001";"";"NE_0001";"NE_0001";"NE_0001";"NE_0001";"NE_0001";"NE_0001";"NE_0001"
"2023";"06";"130105";"LA LIBERTAD";"TRUJILLO";"LA ESPERANZA";"GOBIERNO REGIONAL";"II-1";"00005226";"HOSPITAL DISTRITAL JERUSALEN";"241400";"HOSPITALIZACIÓN QUIRÚRGICA GINECO - OBSTETRICIA ";"13";"13";"19";"36";"6";"180";"0"
"2023";"06";"130105";"LA LIBERTAD";"TRUJILLO";"LA ESPERANZA";"GOBIERNO REGIONAL";"II-1";"00005226";"HOSPITAL DISTRITAL JERUSALEN";"241600";"HOSPITALIZACIÓN QUIRÚRGICA OBSTETRICIA   ";"39";"39";"52";"82";"6";"180";"0"
"2023";"06";"130105";"LA LIBERTAD";"TRUJILLO";"LA ESPERANZA";"PRIVADO";"II-1";"00021412";"CLÍNICA MADRE DE CRISTO";"241400";"HOSPITALIZACIÓN QUIRÚRGICA GINECO - OBSTETRICIA ";"18";"18";"22";"18";"4";"22";"0"
"2023";"06";"130105";"LA LIBERTAD";"TRUJILLO";"LA ESPERANZA";"PRIVADO";"II-1";"00021412";"CLÍNICA MADRE DE CRISTO";"240100";"HOSPITALIZACIÓN QUIRÚRGICA CIRUGÍA GENERAL ";"18";"18";"25";"18";"8";"25";"0"
"2023";"06";"030501";"APURIMAC";"COTABAMBAS";"TAMBOBAMBA";"GOBIERNO REGIONAL";"II-1";"00002625";"TAMBOBAMBA";"241400";"HOSPITALIZACIÓN QUIRÚRGICA GINECO - OBSTETRICIA ";"40";"40";"100";"40";"4";"48";"0"
"2023";"06";"030501";"APURIMAC";"COTABAMBAS";"TAMBOBAMBA";"GOBIERNO REGIONAL";"II-1";"00002625";"TAMBOBAMBA";"242300";"HOSPITALIZACIÓN DE PEDIATRÍA  PEDIATRÍA  GENERAL ";"1";"1";"4";"1";"4";"5";"0"
"2023";"06";"030501";"APURIMAC";"COTABAMBAS";"TAMBOBAMBA";"GOBIERNO REGIONAL";"II-1";"00002625";"TAMBOBAMBA";"241600";"HOSPITALIZACIÓN QUIRÚRGICA OBSTETRICIA   ";"2";"2";"4";"2";"2";"4";"0"
"2023";"06";"030501";"APURIMAC";"COTABAMBAS";"TAMBOBAMBA";"GOBIERNO REGIONAL";"II-1";"00002625";"TAMBOBAMBA";"241800";"HOSPITALIZACIÓN DE MEDICINA MEDICINA GENERAL ";"20";"20";"35";"20";"8";"100";"0"
"2023";"07";"040123";"AREQUIPA";"AREQUIPA";"TIABAYA";"GOBIERNO REGIONAL";"I-3";"00001260";"CENTRO DE SALUD TIABAYA";"NE_0001";"";"NE_0001";"NE_0001";"NE_0001";"NE_0001";"NE_0001";"NE_0001";"NE_0001"
"2023";"07";"040124";"AREQUIPA";"AREQUIPA";"UCHUMAYO";"GOBIERNO REGIONAL";"I-2";"00001290";"PUESTO DE SALUD UCHUMAYO";"NE_0001";"";"NE_0001";"NE_0001";"NE_0001";"NE_0001";"NE_0001";"NE_0001";"NE_0001"
"2023";"07";"040124";"AREQUIPA";"AREQUIPA";"UCHUMAYO";"GOBIERNO REGIONAL";"I-3";"00001281";"CENTRO DE SALUD CONGATA";"NE_0001";"";"NE_0001";"NE_0001";"NE_0001";"NE_0001";"NE_0001";"NE_0001";"NE_0001"
"2023";"07";"040124";"AREQUIPA";"AREQUIPA";"UCHUMAYO";"GOBIERNO REGIONAL";"I-3";"00001280";"CENTRO DE SALUD CERRO VERDE";"NE_0001";"";"NE_0001";"NE_0001";"NE_0001";"NE_0001";"NE_0001";"NE_0001";"NE_0001"
"2023";"07";"100102";"HUANUCO";"HUANUCO";"AMARILIS";"PRIVADO";"II-E";"00027693";"CENTRO MEDICO ESPECIALIZADO PRIMAVERA";"NE_0002";"";"NE_0002";"NE_0002";"NE_0002";"NE_0002";"NE_0002";"NE_0002";"NE_0002"
"2023";"07";"210701";"PUNO";"LAMPA";"LAMPA";"GOBIERNO REGIONAL";"I-4";"00003128";"ANTONIO BARRIONUEVO (LAMPA)";"240100";"HOSPITALIZACIÓN QUIRÚRGICA CIRUGÍA GENERAL ";"2";"2";"4";"1";"1";"15";"0"
"2023";"07";"210701";"PUNO";"LAMPA";"LAMPA";"GOBIERNO REGIONAL";"I-4";"00003128";"ANTONIO BARRIONUEVO (LAMPA)";"241400";"HOSPITALIZACIÓN QUIRÚRGICA GINECO - OBSTETRICIA ";"5";"5";"13";"1";"1";"15";"0"
"2023";"07";"210701";"PUNO";"LAMPA";"LAMPA";"GOBIERNO REGIONAL";"I-4";"00003128";"ANTONIO BARRIONUEVO (LAMPA)";"241500";"HOSPITALIZACIÓN QUIRÚRGICA GINECOLOGÍA  ";"2";"2";"2";"1";"1";"4";"0"
"2023";"07";"210701";"PUNO";"LAMPA";"LAMPA";"GOBIERNO REGIONAL";"I-4";"00003128";"ANTONIO BARRIONUEVO (LAMPA)";"241600";"HOSPITALIZACIÓN QUIRÚRGICA OBSTETRICIA   ";"17";"17";"35";"1";"1";"110";"0"
"2023";"07";"210701";"PUNO";"LAMPA";"LAMPA";"GOBIERNO REGIONAL";"I-4";"00003128";"ANTONIO BARRIONUEVO (LAMPA)";"241800";"HOSPITALIZACIÓN DE MEDICINA MEDICINA GENERAL ";"4";"4";"17";"1";"1";"30";"0"
"2023";"07";"150143";"LIMA";"LIMA";"VILLA MARIA DEL TRIUNFO";"PRIVADO";"II-2";"00018580";"GUILLERMO KAELIN DE LA FUENTE";"240100";"HOSPITALIZACIÓN QUIRÚRGICA CIRUGÍA GENERAL ";"113";"186";"1181";"1130";"37";"1147";"6"
"2023";"07";"150143";"LIMA";"LIMA";"VILLA MARIA DEL TRIUNFO";"PRIVADO";"II-2";"00018580";"GUILLERMO KAELIN DE LA FUENTE";"241500";"HOSPITALIZACIÓN QUIRÚRGICA GINECOLOGÍA  ";"143";"299";"1170";"1047";"46";"1426";"5"
"2023";"07";"150143";"LIMA";"LIMA";"VILLA MARIA DEL TRIUNFO";"PRIVADO";"II-2";"00018580";"GUILLERMO KAELIN DE LA FUENTE";"241800";"HOSPITALIZACIÓN DE MEDICINA MEDICINA GENERAL ";"162";"172";"1534";"1540";"50";"1550";"13"
"2023";"07";"150143";"LIMA";"LIMA";"VILLA MARIA DEL TRIUNFO";"PRIVADO";"II-2";"00018580";"GUILLERMO KAELIN DE LA FUENTE";"242300";"HOSPITALIZACIÓN DE PEDIATRÍA  PEDIATRÍA  GENERAL ";"105";"117";"555";"567";"35";"1085";"0"
"2023";"07";"150143";"LIMA";"LIMA";"VILLA MARIA DEL TRIUNFO";"PRIVADO";"II-2";"00018580";"GUILLERMO KAELIN DE LA FUENTE";"250100";"UNIDAD DE CUIDADOS CRITICOS UNIDAD  DE CUIDADOS INTENSIVOS GENERALES (UCI) ";"20";"12";"189";"261";"18";"558";"8"
"2023";"07";"150143";"LIMA";"LIMA";"VILLA MARIA DEL TRIUNFO";"PRIVADO";"II-2";"00018580";"GUILLERMO KAELIN DE LA FUENTE";"250200";"UNIDAD DE CUIDADOS CRITICOS UNIDAD DE CUIDADOS INTERMEDIOS GENERAL  (UCIN) ";"17";"13";"216";"189";"20";"620";"1"
"2023";"07";"160101";"LORETO";"MAYNAS";"IQUITOS";"PRIVADO";"I-3";"00012075";"SARLOR";"NE_0002";"";"NE_0002";"NE_0002";"NE_0002";"NE_0002";"NE_0002";"NE_0002";"NE_0002"
"2023";"07";"210701";"PUNO";"LAMPA";"LAMPA";"GOBIERNO REGIONAL";"I-4";"00003128";"ANTONIO BARRIONUEVO (LAMPA)";"242500";"HOSPITALIZACIÓN-PEDIATRÍA GENERAL-";"4";"4";"14";"1";"1";"30";"0"
"2023";"07";"040104";"AREQUIPA";"AREQUIPA";"CERRO COLORADO";"GOBIERNO REGIONAL";"I-4";"00001237";"CENTRO DE SALUD MARITZA CAMPOS DIAZ - ZAMACOLA";"241600";"HOSPITALIZACIÓN QUIRÚRGICA OBSTETRICIA   ";"75";"75";"211";"1";"14";"226";"0"
"2023";"07";"040104";"AREQUIPA";"AREQUIPA";"CERRO COLORADO";"GOBIERNO REGIONAL";"I-3";"00011023";"PUESTO DE SALUD PERUARBO";"NE_0001";"";"NE_0001";"NE_0001";"NE_0001";"NE_0001";"NE_0001";"NE_0001";"NE_0001"
"2023";"07";"040104";"AREQUIPA";"AREQUIPA";"CERRO COLORADO";"GOBIERNO REGIONAL";"I-2";"00001251";"PUESTO DE SALUD NAZARENO";"NE_0001";"";"NE_0001";"NE_0001";"NE_0001";"NE_0001";"NE_0001";"NE_0001";"NE_0001"
"2023";"07";"040104";"AREQUIPA";"AREQUIPA";"CERRO COLORADO";"GOBIERNO REGIONAL";"I-3";"00001247";"CENTRO DE SALUD CIUDAD MUNICIPAL";"NE_0001";"";"NE_0001";"NE_0001";"NE_0001";"NE_0001";"NE_0001";"NE_0001";"NE_0001"
"2023";"07";"050601";"AYACUCHO";"LUCANAS";"PUQUIO";"ESSALUD";"I-3";"00011438";"CENTRO DE ATENCION PRIMARIA II PUQUIO";"NE_0001";"";"NE_0001";"NE_0001";"NE_0001";"NE_0001";"NE_0001";"NE_0001";"NE_0001"
"2023";"07";"150118";"LIMA";"LIMA";"LURIGANCHO";"PRIVADO";"II-E";"00016951";"CLINICA MADRE ZORAIDA";"241400";"HOSPITALIZACIÓN QUIRÚRGICA GINECO - OBSTETRICIA ";"12";"12";"27";"32";"6";"154";"0"
"2023";"07";"150122";"LIMA";"LIMA";"MIRAFLORES";"PRIVADO";"II-E";"00024924";"CLÍNICA CORPORACIÓN DE CIRUJANOS PLÁSTICOS";"NE_0002";"";"NE_0002";"NE_0002";"NE_0002";"NE_0002";"NE_0002";"NE_0002";"NE_0002"
"2023";"07";"120105";"JUNIN";"HUANCAYO";"CHACAPAMPA";"GOBIERNO REGIONAL";"I-1";"00000694";"CHACAPAMPA";"NE_0002";"";"NE_0002";"NE_0002";"NE_0002";"NE_0002";"NE_0002";"NE_0002";"NE_0002"
"2023";"07";"150132";"LIMA";"LIMA";"SAN JUAN DE LURIGANCHO";"PRIVADO";"II-E";"00014509";"CLINICA SAN MARTIN";"240000";"HOSPITALIZACIÓN";"0";"0";"0";"360";"12";"360";"0"
"2023";"07";"150110";"LIMA";"LIMA";"COMAS";"PRIVADO";"II-E";"00025598";"CLINICA MATER PURISSIMA";"241400";"HOSPITALIZACIÓN QUIRÚRGICA GINECO - OBSTETRICIA ";"9";"7";"17";"17";"8";"248";"0"
"2023";"07";"220401";"SAN MARTIN";"HUALLAGA";"SAPOSOA";"GOBIERNO REGIONAL";"I-1";"00006534";"SAN ANDRES";"NE_0001";"";"NE_0001";"NE_0001";"NE_0001";"NE_0001";"NE_0001";"NE_0001";"NE_0001"
"2023";"07";"220401";"SAN MARTIN";"HUALLAGA";"SAPOSOA";"GOBIERNO REGIONAL";"I-1";"00006535";"SAN REGIS";"NE_0001";"";"NE_0001";"NE_0001";"NE_0001";"NE_0001";"NE_0001";"NE_0001";"NE_0001"
"2023";"07";"220402";"SAN MARTIN";"HUALLAGA";"ALTO SAPOSOA";"GOBIERNO REGIONAL";"I-1";"00006540";"NUEVA VIDA";"NE_0001";"";"NE_0001";"NE_0001";"NE_0001";"NE_0001";"NE_0001";"NE_0001";"NE_0001"
"2023";"07";"220401";"SAN MARTIN";"HUALLAGA";"SAPOSOA";"GOBIERNO REGIONAL";"I-1";"00006531";"ALMENDRAS";"NE_0001";"";"NE_0001";"NE_0001";"NE_0001";"NE_0001";"NE_0001";"NE_0001";"NE_0001"
"2023";"07";"220404";"SAN MARTIN";"HUALLAGA";"PISCOYACU";"GOBIERNO REGIONAL";"I-1";"00006533";"PISCOYACU";"NE_0001";"";"NE_0001";"NE_0001";"NE_0001";"NE_0001";"NE_0001";"NE_0001";"NE_0001"
"2023";"09";"060611";"CAJAMARCA";"CUTERVO";"SANTA CRUZ";"GOBIERNO REGIONAL";"I-1";"00004979";"CAMPO FLORIDO";"NE_0001";"";"NE_0001";"NE_0001";"NE_0001";"NE_0001";"NE_0001";"NE_0001";"NE_0001"
"2023";"09";"060602";"CAJAMARCA";"CUTERVO";"CALLAYUC";"GOBIERNO REGIONAL";"I-2";"00004967";"SECTOR EL CAMPO";"NE_0001";"";"NE_0001";"NE_0001";"NE_0001";"NE_0001";"NE_0001";"NE_0001";"NE_0001"
"2023";"09";"060611";"CAJAMARCA";"CUTERVO";"SANTA CRUZ";"GOBIERNO REGIONAL";"I-1";"00007050";"AMBATO";"NE_0001";"";"NE_0001";"NE_0001";"NE_0001";"NE_0001";"NE_0001";"NE_0001";"NE_0001"
"2023";"09";"060611";"CAJAMARCA";"CUTERVO";"SANTA CRUZ";"GOBIERNO REGIONAL";"I-1";"00011261";"GRAMALOTILLO";"NE_0001";"";"NE_0001";"NE_0001";"NE_0001";"NE_0001";"NE_0001";"NE_0001";"NE_0001"
"2023";"09";"180301";"MOQUEGUA";"ILO";"ILO";"GOBIERNO REGIONAL";"II-1";"00002818";"HOSPITAL ILO";"240100";"HOSPITALIZACIÓN QUIRÚRGICA CIRUGÍA GENERAL ";"14";"14";"41";"110";"8";"240";"0"
"2023";"09";"180301";"MOQUEGUA";"ILO";"ILO";"GOBIERNO REGIONAL";"II-1";"00002818";"HOSPITAL ILO";"241200";"HOSPITALIZACIÓN QUIRÚRGICA TRAUMATOLOGÍA Y ORTOPEDIA ";"1";"1";"3";"28";"1";"30";"0"
"2023";"09";"180301";"MOQUEGUA";"ILO";"ILO";"GOBIERNO REGIONAL";"II-1";"00002818";"HOSPITAL ILO";"241800";"HOSPITALIZACIÓN DE MEDICINA MEDICINA GENERAL ";"19";"19";"69";"110";"30";"900";"2"
"2023";"09";"180301";"MOQUEGUA";"ILO";"ILO";"GOBIERNO REGIONAL";"II-1";"00002818";"HOSPITAL ILO";"242500";"HOSPITALIZACIÓN-PEDIATRÍA GENERAL-";"31";"31";"94";"71";"4";"120";"0"
"2023";"09";"180301";"MOQUEGUA";"ILO";"ILO";"GOBIERNO REGIONAL";"II-1";"00002818";"HOSPITAL ILO";"241500";"HOSPITALIZACIÓN QUIRÚRGICA GINECOLOGÍA  ";"10";"10";"37";"73";"3";"90";"0"
"2023";"09";"180301";"MOQUEGUA";"ILO";"ILO";"GOBIERNO REGIONAL";"II-1";"00002818";"HOSPITAL ILO";"243200";"HOSPITALIZACIÓN DE PEDIATRÍA PEDIATRIA NEONATOLOGÍA";"13";"13";"23";"22";"3";"90";"0"
"2023";"09";"180301";"MOQUEGUA";"ILO";"ILO";"GOBIERNO REGIONAL";"II-1";"00002818";"HOSPITAL ILO";"241400";"HOSPITALIZACIÓN QUIRÚRGICA GINECO - OBSTETRICIA ";"12";"12";"44";"136";"7";"210";"0"
"2023";"09";"180301";"MOQUEGUA";"ILO";"ILO";"GOBIERNO REGIONAL";"II-1";"00002818";"HOSPITAL ILO";"241600";"HOSPITALIZACIÓN QUIRÚRGICA OBSTETRICIA   ";"54";"54";"127";"188";"10";"300";"0"
"2023";"09";"220901";"SAN MARTIN";"SAN MARTIN";"TARAPOTO";"ESSALUD";"I-2";"00027727";"CENTRO DE ATENCIÓN PRIMARIA METROPOLITANO - ESSALUD";"NE_0001";"";"NE_0001";"NE_0001";"NE_0001";"NE_0001";"NE_0001";"NE_0001";"NE_0001"
"2023";"09";"061201";"CAJAMARCA";"SAN PABLO";"SAN PABLO";"ESSALUD";"I-1";"00010271";"POSTA MEDICA ESSALUD SAN PABLO";"NE_0001";"";"NE_0001";"NE_0001";"NE_0001";"NE_0001";"NE_0001";"NE_0001";"NE_0001"
"2023";"09";"060201";"CAJAMARCA";"CAJABAMBA";"CAJABAMBA";"GOBIERNO REGIONAL";"II-1";"00004511";"DE APOYO CAJABAMBA";"240100";"HOSPITALIZACIÓN QUIRÚRGICA CIRUGÍA GENERAL ";"16";"17";"56";"48";"4";"120";"1"
"2023";"09";"060201";"CAJAMARCA";"CAJABAMBA";"CAJABAMBA";"GOBIERNO REGIONAL";"II-1";"00004511";"DE APOYO CAJABAMBA";"241400";"HOSPITALIZACIÓN QUIRÚRGICA GINECO - OBSTETRICIA ";"107";"117";"227";"209";"14";"420";"0"
"2023";"09";"060201";"CAJAMARCA";"CAJABAMBA";"CAJABAMBA";"GOBIERNO REGIONAL";"II-1";"00004511";"DE APOYO CAJABAMBA";"241800";"HOSPITALIZACIÓN DE MEDICINA MEDICINA GENERAL ";"22";"26";"88";"98";"6";"180";"3"
"2023";"09";"060201";"CAJAMARCA";"CAJABAMBA";"CAJABAMBA";"GOBIERNO REGIONAL";"II-1";"00004511";"DE APOYO CAJABAMBA";"242500";"HOSPITALIZACIÓN-PEDIATRÍA GENERAL-";"20";"22";"55";"49";"6";"180";"0"
"2023";"09";"130111";"LA LIBERTAD";"TRUJILLO";"VICTOR LARCO HERRERA";"GOBIERNO REGIONAL";"II-1";"00005243";"HOSPITAL DISTRITAL VISTA ALEGRE";"241400";"HOSPITALIZACIÓN QUIRÚRGICA GINECO - OBSTETRICIA ";"32";"32";"51";"51";"8";"240";"0"
"2023";"09";"040701";"AREQUIPA";"ISLAY";"MOLLENDO";"ESSALUD";"II-1";"00013295";"HOSPITAL II MANUEL DE TORRES MUÑOZ -  MOLLENDO";"241800";"HOSPITALIZACIÓN DE MEDICINA MEDICINA GENERAL ";"39";"39";"265";"265";"9";"270";"5"
"2023";"09";"040701";"AREQUIPA";"ISLAY";"MOLLENDO";"ESSALUD";"II-1";"00013295";"HOSPITAL II MANUEL DE TORRES MUÑOZ -  MOLLENDO";"240100";"HOSPITALIZACIÓN QUIRÚRGICA CIRUGÍA GENERAL ";"29";"33";"119";"109";"7";"210";"0"
"2023";"09";"040701";"AREQUIPA";"ISLAY";"MOLLENDO";"ESSALUD";"II-1";"00013295";"HOSPITAL II MANUEL DE TORRES MUÑOZ -  MOLLENDO";"241500";"HOSPITALIZACIÓN QUIRÚRGICA GINECOLOGÍA  ";"7";"10";"21";"16";"2";"60";"0"
"2023";"09";"040701";"AREQUIPA";"ISLAY";"MOLLENDO";"ESSALUD";"II-1";"00013295";"HOSPITAL II MANUEL DE TORRES MUÑOZ -  MOLLENDO";"241600";"HOSPITALIZACIÓN QUIRÚRGICA OBSTETRICIA   ";"20";"15";"38";"49";"5";"150";"0"
"2023";"09";"040701";"AREQUIPA";"ISLAY";"MOLLENDO";"ESSALUD";"II-1";"00013295";"HOSPITAL II MANUEL DE TORRES MUÑOZ -  MOLLENDO";"242300";"HOSPITALIZACIÓN DE PEDIATRÍA  PEDIATRÍA  GENERAL ";"26";"19";"46";"61";"5";"150";"0"
"2023";"09";"120105";"JUNIN";"HUANCAYO";"CHACAPAMPA";"GOBIERNO REGIONAL";"I-1";"00000696";"LOS ANGELES";"NE_0002";"";"NE_0002";"NE_0002";"NE_0002";"NE_0002";"NE_0002";"NE_0002";"NE_0002"
"2023";"09";"120112";"JUNIN";"HUANCAYO";"COLCA";"GOBIERNO REGIONAL";"I-2";"00000701";"COLCA";"NE_0002";"";"NE_0002";"NE_0002";"NE_0002";"NE_0002";"NE_0002";"NE_0002";"NE_0002"
"2023";"09";"120105";"JUNIN";"HUANCAYO";"CHACAPAMPA";"GOBIERNO REGIONAL";"I-1";"00000694";"CHACAPAMPA";"NE_0002";"";"NE_0002";"NE_0002";"NE_0002";"NE_0002";"NE_0002";"NE_0002";"NE_0002"
"2023";"09";"120104";"JUNIN";"HUANCAYO";"CARHUACALLANGA";"GOBIERNO REGIONAL";"I-1";"00000693";"CARHUACALLANGA";"NE_0002";"";"NE_0002";"NE_0002";"NE_0002";"NE_0002";"NE_0002";"NE_0002";"NE_0002"
"2023";"09";"120108";"JUNIN";"HUANCAYO";"CHONGOS ALTO";"GOBIERNO REGIONAL";"I-3";"00000700";"CHONGOS ALTO";"NE_0002";"";"NE_0002";"NE_0002";"NE_0002";"NE_0002";"NE_0002";"NE_0002";"NE_0002"
"2023";"09";"120106";"JUNIN";"HUANCAYO";"CHICCHE";"GOBIERNO REGIONAL";"I-1";"00000697";"CHICCHE";"NE_0002";"";"NE_0002";"NE_0002";"NE_0002";"NE_0002";"NE_0002";"NE_0002";"NE_0002"
"2023";"09";"120106";"JUNIN";"HUANCAYO";"CHICCHE";"GOBIERNO REGIONAL";"I-1";"00000699";"YANA YANA";"NE_0002";"";"NE_0002";"NE_0002";"NE_0002";"NE_0002";"NE_0002";"NE_0002";"NE_0002"
"2023";"09";"120120";"JUNIN";"HUANCAYO";"HUASICANCHA";"GOBIERNO REGIONAL";"I-1";"00000703";"HUASICANCHA";"NE_0002";"";"NE_0002";"NE_0002";"NE_0002";"NE_0002";"NE_0002";"NE_0002";"NE_0002"
"2023";"09";"120105";"JUNIN";"HUANCAYO";"CHACAPAMPA";"GOBIERNO REGIONAL";"I-1";"00000695";"HUACAN";"NE_0002";"";"NE_0002";"NE_0002";"NE_0002";"NE_0002";"NE_0002";"NE_0002";"NE_0002"
"2023";"09";"120106";"JUNIN";"HUANCAYO";"CHICCHE";"GOBIERNO REGIONAL";"I-1";"00000698";"VISTA ALEGRE";"NE_0002";"";"NE_0002";"NE_0002";"NE_0002";"NE_0002";"NE_0002";"NE_0002";"NE_0002"
"2023";"09";"120418";"JUNIN";"JAUJA";"MOLINOS";"GOBIERNO REGIONAL";"I-2";"00000397";"MOLINOS";"NE_0001";"";"NE_0001";"NE_0001";"NE_0001";"NE_0001";"NE_0001";"NE_0001";"NE_0001"
"2023";"09";"120412";"JUNIN";"JAUJA";"JULCAN";"GOBIERNO REGIONAL";"I-2";"00000393";"JULCAN";"NE_0001";"";"NE_0001";"NE_0001";"NE_0001";"NE_0001";"NE_0001";"NE_0001";"NE_0001"
"2023";"09";"120418";"JUNIN";"JAUJA";"MOLINOS";"GOBIERNO REGIONAL";"I-1";"00000398";"QUERO";"NE_0001";"";"NE_0001";"NE_0001";"NE_0001";"NE_0001";"NE_0001";"NE_0001";"NE_0001"
"2023";"09";"120418";"JUNIN";"JAUJA";"MOLINOS";"GOBIERNO REGIONAL";"I-2";"00000399";"CURIMARCA";"NE_0001";"";"NE_0001";"NE_0001";"NE_0001";"NE_0001";"NE_0001";"NE_0001";"NE_0001"
"2023";"09";"120416";"JUNIN";"JAUJA";"MASMA";"GOBIERNO REGIONAL";"I-3";"00000394";"MASMA";"NE_0001";"";"NE_0001";"NE_0001";"NE_0001";"NE_0001";"NE_0001";"NE_0001";"NE_0001"
"2023";"09";"150122";"LIMA";"LIMA";"MIRAFLORES";"PRIVADO";"III-1";"00019049";"AUNA CLÍNICA DELGADO";"240000";"HOSPITALIZACIÓN";"526";"847";"3472";"3067";"127";"3810";"4"
"2023";"09";"150122";"LIMA";"LIMA";"MIRAFLORES";"PRIVADO";"III-1";"00019049";"AUNA CLÍNICA DELGADO";"250100";"UNIDAD DE CUIDADOS CRITICOS UNIDAD  DE CUIDADOS INTENSIVOS GENERALES (UCI) ";"37";"7";"65";"285";"15";"450";"1"
"2023";"09";"150122";"LIMA";"LIMA";"MIRAFLORES";"PRIVADO";"III-1";"00019049";"AUNA CLÍNICA DELGADO";"250105";"UNIDAD DE CUIDADOS CRITICOS UNIDAD  DE CUIDADOS INTENSIVOS  (UCI) NEONATOLOGÍA";"5";"11";"179";"197";"10";"300";"0"
"2023";"09";"150122";"LIMA";"LIMA";"MIRAFLORES";"PRIVADO";"III-1";"00019049";"AUNA CLÍNICA DELGADO";"250108";"UNIDAD DE CUIDADOS CRITICOS UNIDAD  DE CUIDADOS INTENSIVOS  (UCI) PEDIÁTRICA";"0";"1";"1";"49";"3";"90";"1"
"2023";"09";"120502";"JUNIN";"JUNIN";"CARHUAMAYO";"GOBIERNO REGIONAL";"I-3";"00000537";"CARHUAMAYO";"NE_0001";"";"NE_0001";"NE_0001";"NE_0001";"NE_0001";"NE_0001";"NE_0001";"NE_0001"
"2023";"09";"120504";"JUNIN";"JUNIN";"ULCUMAYO";"GOBIERNO REGIONAL";"I-1";"00000538";"LLAUPI";"NE_0001";"";"NE_0001";"NE_0001";"NE_0001";"NE_0001";"NE_0001";"NE_0001";"NE_0001"
"2023";"09";"120504";"JUNIN";"JUNIN";"ULCUMAYO";"GOBIERNO REGIONAL";"I-1";"00000540";"JACHAHUANCA";"NE_0001";"";"NE_0001";"NE_0001";"NE_0001";"NE_0001";"NE_0001";"NE_0001";"NE_0001"
"2023";"09";"120502";"JUNIN";"JUNIN";"CARHUAMAYO";"GOBIERNO REGIONAL";"I-3";"00030166";"CENTRO DE SALUD MENTAL COMUNITARIO CARHUAMAYO";"NE_0001";"";"NE_0001";"NE_0001";"NE_0001";"NE_0001";"NE_0001";"NE_0001";"NE_0001"
"2023";"09";"120501";"JUNIN";"JUNIN";"JUNIN";"GOBIERNO REGIONAL";"I-1";"00000536";"HUAYRE";"NE_0001";"";"NE_0001";"NE_0001";"NE_0001";"NE_0001";"NE_0001";"NE_0001";"NE_0001"
"2023";"09";"120504";"JUNIN";"JUNIN";"ULCUMAYO";"GOBIERNO REGIONAL";"I-1";"00000539";"PUYAY";"NE_0001";"";"NE_0001";"NE_0001";"NE_0001";"NE_0001";"NE_0001";"NE_0001";"NE_0001"
"2023";"09";"120504";"JUNIN";"JUNIN";"ULCUMAYO";"GOBIERNO REGIONAL";"I-1";"00000541";"CARAPACHO";"NE_0001";"";"NE_0001";"NE_0001";"NE_0001";"NE_0001";"NE_0001";"NE_0001";"NE_0001"
"2023";"09";"150113";"LIMA";"LIMA";"JESUS MARIA";"SANIDAD DEL EJERCITO DEL PERU";"III-1";"00017024";"HOSPITAL  MILITAR LUIS ARIAS SCHEREIBER";"240100";"HOSPITALIZACIÓN QUIRÚRGICA CIRUGÍA GENERAL ";"80";"86";"837";"871";"66";"1980";"3"
"2023";"09";"150113";"LIMA";"LIMA";"JESUS MARIA";"SANIDAD DEL EJERCITO DEL PERU";"III-1";"00017024";"HOSPITAL  MILITAR LUIS ARIAS SCHEREIBER";"240800";"HOSPITALIZACIÓN QUIRÚRGICA CIRUGÍA PLÁSTICA/RECONSTRUCTIVA/ REPARADORA ";"23";"24";"106";"205";"9";"270";"0"
"2023";"09";"150113";"LIMA";"LIMA";"JESUS MARIA";"SANIDAD DEL EJERCITO DEL PERU";"III-1";"00017024";"HOSPITAL  MILITAR LUIS ARIAS SCHEREIBER";"240900";"HOSPITALIZACIÓN QUIRÚRGICA NEUROCIRUGÍA ";"7";"5";"162";"313";"15";"450";"0"
"2023";"09";"150113";"LIMA";"LIMA";"JESUS MARIA";"SANIDAD DEL EJERCITO DEL PERU";"III-1";"00017024";"HOSPITAL  MILITAR LUIS ARIAS SCHEREIBER";"241200";"HOSPITALIZACIÓN QUIRÚRGICA TRAUMATOLOGÍA Y ORTOPEDIA ";"57";"48";"802";"816";"63";"1890";"0"
"2023";"09";"150113";"LIMA";"LIMA";"JESUS MARIA";"SANIDAD DEL EJERCITO DEL PERU";"III-1";"00017024";"HOSPITAL  MILITAR LUIS ARIAS SCHEREIBER";"241300";"HOSPITALIZACIÓN QUIRÚRGICA UROLOGÍA  ";"14";"17";"143";"237";"8";"240";"0"
"2023";"09";"150113";"LIMA";"LIMA";"JESUS MARIA";"SANIDAD DEL EJERCITO DEL PERU";"III-1";"00017024";"HOSPITAL  MILITAR LUIS ARIAS SCHEREIBER";"241400";"HOSPITALIZACIÓN QUIRÚRGICA GINECO - OBSTETRICIA ";"38";"39";"175";"182";"11";"330";"0"
"2023";"09";"150113";"LIMA";"LIMA";"JESUS MARIA";"SANIDAD DEL EJERCITO DEL PERU";"III-1";"00017024";"HOSPITAL  MILITAR LUIS ARIAS SCHEREIBER";"241900";"HOSPITALIZACIÓN DE MEDICINA MEDICINA INTERNA ";"97";"100";"1505";"1546";"80";"2400";"11"
"2023";"09";"150113";"LIMA";"LIMA";"JESUS MARIA";"SANIDAD DEL EJERCITO DEL PERU";"III-1";"00017024";"HOSPITAL  MILITAR LUIS ARIAS SCHEREIBER";"242100";"HOSPITALIZACIÓN DE MEDICINA ONCOLOGÍA MÉDICA ";"15";"15";"160";"168";"9";"270";"1"
"2023";"09";"150113";"LIMA";"LIMA";"JESUS MARIA";"SANIDAD DEL EJERCITO DEL PERU";"III-1";"00017024";"HOSPITAL  MILITAR LUIS ARIAS SCHEREIBER";"242200";"HOSPITALIZACIÓN DE MEDICINA PSIQUIATRÍA ";"11";"6";"116";"229";"18";"540";"0"
"2023";"09";"150113";"LIMA";"LIMA";"JESUS MARIA";"SANIDAD DEL EJERCITO DEL PERU";"III-1";"00017024";"HOSPITAL  MILITAR LUIS ARIAS SCHEREIBER";"242300";"HOSPITALIZACIÓN DE PEDIATRÍA  PEDIATRÍA  GENERAL ";"15";"16";"54";"46";"13";"390";"0"
"2023";"09";"150113";"LIMA";"LIMA";"JESUS MARIA";"SANIDAD DEL EJERCITO DEL PERU";"III-1";"00017024";"HOSPITAL  MILITAR LUIS ARIAS SCHEREIBER";"243200";"HOSPITALIZACIÓN DE PEDIATRÍA PEDIATRIA NEONATOLOGÍA";"5";"4";"15";"43";"15";"450";"0"
"2023";"09";"150113";"LIMA";"LIMA";"JESUS MARIA";"SANIDAD DEL EJERCITO DEL PERU";"III-1";"00017024";"HOSPITAL  MILITAR LUIS ARIAS SCHEREIBER";"244300";"HOSPITALIZACIÓN DE MEDICINA GASTROENTEROLOGÍA  ";"31";"29";"209";"317";"14";"420";"0"
"2023";"09";"150113";"LIMA";"LIMA";"JESUS MARIA";"SANIDAD DEL EJERCITO DEL PERU";"III-1";"00017024";"HOSPITAL  MILITAR LUIS ARIAS SCHEREIBER";"244700";"HOSPITALIZACIÓN DE MEDICINA NEUROLOGIA  ";"9";"10";"455";"131";"13";"390";"0"
"2023";"09";"150113";"LIMA";"LIMA";"JESUS MARIA";"SANIDAD DEL EJERCITO DEL PERU";"III-1";"00017024";"HOSPITAL  MILITAR LUIS ARIAS SCHEREIBER";"245300";"HOSPITALIZACIÓN DE MEDICINA NEUMOLOGÍA  ";"14";"16";"448";"453";"29";"870";"1"
"2023";"09";"150113";"LIMA";"LIMA";"JESUS MARIA";"SANIDAD DEL EJERCITO DEL PERU";"III-1";"00017024";"HOSPITAL  MILITAR LUIS ARIAS SCHEREIBER";"250101";"UNIDAD DE CUIDADOS CRITICOS UNIDAD  DE CUIDADOS INTENSIVOS GENERALES (UCI) CARDIOLOGIA";"9";"9";"34";"121";"6";"180";"0"
"2023";"09";"150113";"LIMA";"LIMA";"JESUS MARIA";"SANIDAD DEL EJERCITO DEL PERU";"III-1";"00017024";"HOSPITAL  MILITAR LUIS ARIAS SCHEREIBER";"250103";"UNIDAD DE CUIDADOS CRITICOS UNIDAD  DE CUIDADOS INTENSIVOS GENERALES  (UCI) MEDICINA";"3";"5";"230";"156";"7";"210";"5"
"2023";"09";"040126";"AREQUIPA";"AREQUIPA";"YANAHUARA";"ESSALUD";"II-1";"00013291";"HOSPITAL III YANAHUARA";"241900";"HOSPITALIZACIÓN DE MEDICINA MEDICINA INTERNA ";"108";"106";"1140";"850";"30";"900";"4"
"2023";"09";"040126";"AREQUIPA";"AREQUIPA";"YANAHUARA";"ESSALUD";"II-1";"00013291";"HOSPITAL III YANAHUARA";"240100";"HOSPITALIZACIÓN QUIRÚRGICA CIRUGÍA GENERAL ";"232";"229";"1047";"1018";"40";"1200";"0"
"2023";"09";"040126";"AREQUIPA";"AREQUIPA";"YANAHUARA";"ESSALUD";"II-1";"00013291";"HOSPITAL III YANAHUARA";"241600";"HOSPITALIZACIÓN QUIRÚRGICA OBSTETRICIA   ";"265";"261";"652";"800";"30";"900";"0"
"2023";"09";"040126";"AREQUIPA";"AREQUIPA";"YANAHUARA";"ESSALUD";"II-1";"00013291";"HOSPITAL III YANAHUARA";"241400";"HOSPITALIZACIÓN QUIRÚRGICA GINECO - OBSTETRICIA ";"186";"185";"462";"440";"15";"450";"0"
"2023";"09";"040126";"AREQUIPA";"AREQUIPA";"YANAHUARA";"ESSALUD";"II-1";"00013291";"HOSPITAL III YANAHUARA";"242300";"HOSPITALIZACIÓN DE PEDIATRÍA  PEDIATRÍA  GENERAL ";"31";"30";"419";"370";"15";"450";"0"
"2023";"09";"040126";"AREQUIPA";"AREQUIPA";"YANAHUARA";"ESSALUD";"II-1";"00013291";"HOSPITAL III YANAHUARA";"243200";"HOSPITALIZACIÓN DE PEDIATRÍA PEDIATRIA NEONATOLOGÍA";"225";"223";"640";"720";"25";"750";"0"
"2023";"09";"040126";"AREQUIPA";"AREQUIPA";"YANAHUARA";"ESSALUD";"II-1";"00013291";"HOSPITAL III YANAHUARA";"250100";"UNIDAD DE CUIDADOS CRITICOS UNIDAD  DE CUIDADOS INTENSIVOS GENERALES (UCI) ";"24";"4";"160";"280";"12";"360";"4"
"2023";"09";"200104";"PIURA";"PIURA";"CASTILLA";"ESSALUD";"I-3";"00010243";"CAP III CASTILLA";"NE_0001";"";"NE_0001";"NE_0001";"NE_0001";"NE_0001";"NE_0001";"NE_0001";"NE_0001"
"2023";"09";"080108";"CUSCO";"CUSCO";"WANCHAQ";"PRIVADO";"II-2";"00012161";"MACSALUD";"240100";"HOSPITALIZACIÓN QUIRÚRGICA CIRUGÍA GENERAL ";"10";"8";"27";"155";"15";"450";"0"
"2023";"09";"080108";"CUSCO";"CUSCO";"WANCHAQ";"PRIVADO";"II-2";"00012161";"MACSALUD";"240200";"HOSPITALIZACIÓN QUIRÚRGICA CIRUGÍA DE CABEZA Y CUELLO / MÁXILO FACIAL ";"3";"3";"8";"8";"15";"450";"0"
"2023";"09";"080108";"CUSCO";"CUSCO";"WANCHAQ";"PRIVADO";"II-2";"00012161";"MACSALUD";"240400";"HOSPITALIZACIÓN QUIRÚRGICA CIRUGÍA DE TÓRAX Y CARDIOVASCULAR ";"3";"3";"4";"4";"15";"450";"0"
"2023";"09";"080108";"CUSCO";"CUSCO";"WANCHAQ";"PRIVADO";"II-2";"00012161";"MACSALUD";"240100";"HOSPITALIZACIÓN QUIRÚRGICA CIRUGÍA GENERAL ";"24";"22";"45";"45";"15";"450";"0"
"2023";"09";"080108";"CUSCO";"CUSCO";"WANCHAQ";"PRIVADO";"II-2";"00012161";"MACSALUD";"242300";"HOSPITALIZACIÓN DE PEDIATRÍA  PEDIATRÍA  GENERAL ";"2";"2";"26";"26";"15";"450";"0"
"2023";"09";"080108";"CUSCO";"CUSCO";"WANCHAQ";"PRIVADO";"II-2";"00012161";"MACSALUD";"240800";"HOSPITALIZACIÓN QUIRÚRGICA CIRUGÍA PLÁSTICA/RECONSTRUCTIVA/ REPARADORA ";"12";"12";"13";"13";"15";"450";"0"
"2023";"09";"080108";"CUSCO";"CUSCO";"WANCHAQ";"PRIVADO";"II-2";"00012161";"MACSALUD";"241500";"HOSPITALIZACIÓN QUIRÚRGICA GINECOLOGÍA  ";"1";"1";"2";"2";"15";"450";"0"
"2023";"09";"080108";"CUSCO";"CUSCO";"WANCHAQ";"PRIVADO";"II-2";"00012161";"MACSALUD";"241800";"HOSPITALIZACIÓN DE MEDICINA MEDICINA GENERAL ";"36";"32";"95";"95";"15";"450";"2"
"2023";"09";"080108";"CUSCO";"CUSCO";"WANCHAQ";"PRIVADO";"II-2";"00012161";"MACSALUD";"241100";"HOSPITALIZACIÓN QUIRÚRGICA OTORRINOLARINGOLOGÍA  ";"3";"3";"3";"3";"15";"450";"0"
"2023";"09";"080108";"CUSCO";"CUSCO";"WANCHAQ";"PRIVADO";"II-2";"00012161";"MACSALUD";"241200";"HOSPITALIZACIÓN QUIRÚRGICA TRAUMATOLOGÍA Y ORTOPEDIA ";"22";"21";"48";"48";"15";"450";"0"
"2023";"09";"080108";"CUSCO";"CUSCO";"WANCHAQ";"PRIVADO";"II-2";"00012161";"MACSALUD";"241300";"HOSPITALIZACIÓN QUIRÚRGICA UROLOGÍA  ";"1";"1";"10";"10";"15";"450";"0"
"2023";"09";"080108";"CUSCO";"CUSCO";"WANCHAQ";"PRIVADO";"II-2";"00012161";"MACSALUD";"241400";"HOSPITALIZACIÓN QUIRÚRGICA GINECO - OBSTETRICIA ";"61";"58";"87";"210";"8";"240";"0"
"2023";"09";"080108";"CUSCO";"CUSCO";"WANCHAQ";"PRIVADO";"II-2";"00012161";"MACSALUD";"250103";"UNIDAD DE CUIDADOS CRITICOS UNIDAD  DE CUIDADOS INTENSIVOS GENERALES  (UCI) MEDICINA";"13";"13";"19";"19";"6";"180";"3"
"2023";"09";"040126";"AREQUIPA";"AREQUIPA";"YANAHUARA";"GOBIERNO REGIONAL";"I-3";"00001233";"CENTRO DE SALUD YANAHUARA";"NE_0001";"";"NE_0001";"NE_0001";"NE_0001";"NE_0001";"NE_0001";"NE_0001";"NE_0001"
"2023";"09";"040117";"AREQUIPA";"AREQUIPA";"SACHACA";"GOBIERNO REGIONAL";"I-2";"00001283";"PUESTO DE SALUD PAMPA DE CAMARONES";"NE_0001";"";"NE_0001";"NE_0001";"NE_0001";"NE_0001";"NE_0001";"NE_0001";"NE_0001"
"2023";"09";"040117";"AREQUIPA";"AREQUIPA";"SACHACA";"GOBIERNO REGIONAL";"I-2";"00001282";"PUESTO DE SALUD SACHACA";"NE_0001";"";"NE_0001";"NE_0001";"NE_0001";"NE_0001";"NE_0001";"NE_0001";"NE_0001"
"2023";"09";"220105";"SAN MARTIN";"MOYOBAMBA";"SORITOR";"GOBIERNO REGIONAL";"I-1";"00006333";"ALTO PERU";"NE_0001";"";"NE_0001";"NE_0001";"NE_0001";"NE_0001";"NE_0001";"NE_0001";"NE_0001"
"2023";"09";"220105";"SAN MARTIN";"MOYOBAMBA";"SORITOR";"GOBIERNO REGIONAL";"I-1";"00006335";"JERICOB";"NE_0001";"";"NE_0001";"NE_0001";"NE_0001";"NE_0001";"NE_0001";"NE_0001";"NE_0001"
"2023";"09";"220105";"SAN MARTIN";"MOYOBAMBA";"SORITOR";"GOBIERNO REGIONAL";"I-1";"00006334";"ALTO SAN MARTIN";"NE_0001";"";"NE_0001";"NE_0001";"NE_0001";"NE_0001";"NE_0001";"NE_0001";"NE_0001"
"2023";"04";"220206";"SAN MARTIN";"BELLAVISTA";"SAN RAFAEL";"GOBIERNO REGIONAL";"I-1";"00006518";"CRISTINO GARCIA CARHUAPOMA";"NE_0002";"";"NE_0002";"NE_0002";"NE_0002";"NE_0002";"NE_0002";"NE_0002";"NE_0002"
"2023";"04";"220206";"SAN MARTIN";"BELLAVISTA";"SAN RAFAEL";"GOBIERNO REGIONAL";"I-1";"00006504";"PALESTINA";"NE_0002";"";"NE_0002";"NE_0002";"NE_0002";"NE_0002";"NE_0002";"NE_0002";"NE_0002"
"2023";"04";"220205";"SAN MARTIN";"BELLAVISTA";"SAN PABLO";"GOBIERNO REGIONAL";"I-1";"00006514";"HUINGOYACU";"NE_0001";"";"NE_0001";"NE_0001";"NE_0001";"NE_0001";"NE_0001";"NE_0001";"NE_0001"
"2023";"04";"220204";"SAN MARTIN";"BELLAVISTA";"HUALLAGA";"GOBIERNO REGIONAL";"I-1";"00006562";"LEDOY";"NE_0001";"";"NE_0001";"NE_0001";"NE_0001";"NE_0001";"NE_0001";"NE_0001";"NE_0001"
"2023";"04";"220201";"SAN MARTIN";"BELLAVISTA";"BELLAVISTA";"GOBIERNO REGIONAL";"I-2";"00006511";"LAS  MERCEDES";"NE_0001";"";"NE_0001";"NE_0001";"NE_0001";"NE_0001";"NE_0001";"NE_0001";"NE_0001"
"2023";"04";"220206";"SAN MARTIN";"BELLAVISTA";"SAN RAFAEL";"GOBIERNO REGIONAL";"I-1";"00006517";"PANAMA";"NE_0002";"";"NE_0002";"NE_0002";"NE_0002";"NE_0002";"NE_0002";"NE_0002";"NE_0002"
"2023";"04";"220201";"SAN MARTIN";"BELLAVISTA";"BELLAVISTA";"GOBIERNO REGIONAL";"I-1";"00006503";"BUENOS AIRES";"NE_0001";"";"NE_0001";"NE_0001";"NE_0001";"NE_0001";"NE_0001";"NE_0001";"NE_0001"
"2023";"04";"220201";"SAN MARTIN";"BELLAVISTA";"BELLAVISTA";"GOBIERNO REGIONAL";"I-1";"00006785";"PERUATE";"NE_0001";"";"NE_0001";"NE_0001";"NE_0001";"NE_0001";"NE_0001";"NE_0001";"NE_0001"
"2023";"04";"220206";"SAN MARTIN";"BELLAVISTA";"SAN RAFAEL";"GOBIERNO REGIONAL";"I-3";"00006515";"SAN RAFAEL";"NE_0002";"";"NE_0002";"NE_0002";"NE_0002";"NE_0002";"NE_0002";"NE_0002";"NE_0002"
"2023";"04";"220206";"SAN MARTIN";"BELLAVISTA";"SAN RAFAEL";"GOBIERNO REGIONAL";"I-2";"00006516";"LA LIBERTAD";"NE_0002";"";"NE_0002";"NE_0002";"NE_0002";"NE_0002";"NE_0002";"NE_0002";"NE_0002"
"2023";"04";"220406";"SAN MARTIN";"HUALLAGA";"TINGO DE SAPOSOA";"GOBIERNO REGIONAL";"I-1";"00006546";"TINGO DE SAPOSOA";"NE_0001";"";"NE_0001";"NE_0001";"NE_0001";"NE_0001";"NE_0001";"NE_0001";"NE_0001"
"2023";"04";"220201";"SAN MARTIN";"BELLAVISTA";"BELLAVISTA";"GOBIERNO REGIONAL";"I-1";"00006512";"NUEVA FLORIDA";"NE_0001";"";"NE_0001";"NE_0001";"NE_0001";"NE_0001";"NE_0001";"NE_0001";"NE_0001"
"2023";"06";"080108";"CUSCO";"CUSCO";"WANCHAQ";"PRIVADO";"II-E";"00011338";"PARDO";"245300";"HOSPITALIZACIÓN DE MEDICINA NEUMOLOGÍA  ";"8";"4";"38";"38";"2";"48";"0"
"2023";"06";"080108";"CUSCO";"CUSCO";"WANCHAQ";"PRIVADO";"II-E";"00011338";"PARDO";"241000";"HOSPITALIZACIÓN QUIRÚRGICA ONCOLOGÍA QUIRÚRGICA  ";"5";"3";"27";"27";"2";"56";"0"
"2023";"06";"080108";"CUSCO";"CUSCO";"WANCHAQ";"PRIVADO";"II-E";"00011338";"PARDO";"240300";"HOSPITALIZACIÓN QUIRÚRGICA CIRUGÍA DIGESTIVA ";"18";"16";"65";"65";"2";"70";"0"
"2023";"06";"080108";"CUSCO";"CUSCO";"WANCHAQ";"PRIVADO";"II-E";"00011338";"PARDO";"241900";"HOSPITALIZACIÓN DE MEDICINA MEDICINA INTERNA ";"33";"18";"196";"196";"2";"220";"0"
"2023";"06";"080108";"CUSCO";"CUSCO";"WANCHAQ";"PRIVADO";"II-E";"00011338";"PARDO";"240400";"HOSPITALIZACIÓN QUIRÚRGICA CIRUGÍA DE TÓRAX Y CARDIOVASCULAR ";"3";"3";"3";"3";"2";"46";"0"
"2023";"06";"080108";"CUSCO";"CUSCO";"WANCHAQ";"PRIVADO";"II-E";"00011338";"PARDO";"241400";"HOSPITALIZACIÓN QUIRÚRGICA GINECO - OBSTETRICIA ";"12";"6";"50";"50";"2";"62";"0"
"2023";"06";"080108";"CUSCO";"CUSCO";"WANCHAQ";"PRIVADO";"II-E";"00011338";"PARDO";"244700";"HOSPITALIZACIÓN DE MEDICINA NEUROLOGIA  ";"11";"10";"32";"32";"2";"56";"0"
"2023";"06";"080108";"CUSCO";"CUSCO";"WANCHAQ";"PRIVADO";"II-E";"00011338";"PARDO";"240200";"HOSPITALIZACIÓN QUIRÚRGICA CIRUGÍA DE CABEZA Y CUELLO / MÁXILO FACIAL ";"2";"1";"32";"32";"2";"48";"0"
"2023";"06";"080108";"CUSCO";"CUSCO";"WANCHAQ";"PRIVADO";"II-E";"00011338";"PARDO";"241300";"HOSPITALIZACIÓN QUIRÚRGICA UROLOGÍA  ";"4";"3";"13";"13";"2";"48";"0"
"2023";"06";"080108";"CUSCO";"CUSCO";"WANCHAQ";"PRIVADO";"II-E";"00011338";"PARDO";"240800";"HOSPITALIZACIÓN QUIRÚRGICA CIRUGÍA PLÁSTICA/RECONSTRUCTIVA/ REPARADORA ";"1";"1";"1";"1";"4";"90";"0"
"2023";"06";"080108";"CUSCO";"CUSCO";"WANCHAQ";"PRIVADO";"II-E";"00011338";"PARDO";"241400";"HOSPITALIZACIÓN QUIRÚRGICA GINECO - OBSTETRICIA ";"12";"6";"49";"49";"2";"57";"0"
"2023";"06";"080108";"CUSCO";"CUSCO";"WANCHAQ";"PRIVADO";"II-E";"00011338";"PARDO";"244300";"HOSPITALIZACIÓN DE MEDICINA GASTROENTEROLOGÍA  ";"5";"1";"24";"24";"2";"48";"0"
"2023";"06";"120114";"JUNIN";"HUANCAYO";"EL TAMBO";"PRIVADO";"II-1";"00025970";"CLINICA REBAGLIATI";"240100";"HOSPITALIZACIÓN QUIRÚRGICA CIRUGÍA GENERAL ";"51";"51";"51";"71";"9";"51";"0"
"2023";"06";"120114";"JUNIN";"HUANCAYO";"EL TAMBO";"PRIVADO";"II-1";"00025970";"CLINICA REBAGLIATI";"240200";"HOSPITALIZACIÓN QUIRÚRGICA CIRUGÍA DE CABEZA Y CUELLO / MÁXILO FACIAL ";"2";"2";"2";"4";"3";"9";"0"
"2023";"06";"120114";"JUNIN";"HUANCAYO";"EL TAMBO";"PRIVADO";"II-1";"00025970";"CLINICA REBAGLIATI";"240400";"HOSPITALIZACIÓN QUIRÚRGICA CIRUGÍA DE TÓRAX Y CARDIOVASCULAR ";"1";"1";"1";"2";"2";"3";"1"
"2023";"06";"120114";"JUNIN";"HUANCAYO";"EL TAMBO";"PRIVADO";"II-1";"00025970";"CLINICA REBAGLIATI";"240800";"HOSPITALIZACIÓN QUIRÚRGICA CIRUGÍA PLÁSTICA/RECONSTRUCTIVA/ REPARADORA ";"1";"1";"3";"3";"3";"6";"0"
"2023";"06";"120114";"JUNIN";"HUANCAYO";"EL TAMBO";"PRIVADO";"II-1";"00025970";"CLINICA REBAGLIATI";"240900";"HOSPITALIZACIÓN QUIRÚRGICA NEUROCIRUGÍA ";"4";"4";"6";"2";"1";"2";"0"
"2023";"06";"120114";"JUNIN";"HUANCAYO";"EL TAMBO";"PRIVADO";"II-1";"00025970";"CLINICA REBAGLIATI";"241100";"HOSPITALIZACIÓN QUIRÚRGICA OTORRINOLARINGOLOGÍA  ";"12";"12";"12";"16";"17";"20";"0"
"2023";"06";"120114";"JUNIN";"HUANCAYO";"EL TAMBO";"PRIVADO";"II-1";"00025970";"CLINICA REBAGLIATI";"241200";"HOSPITALIZACIÓN QUIRÚRGICA TRAUMATOLOGÍA Y ORTOPEDIA ";"5";"5";"5";"20";"5";"22";"0"
"2023";"06";"120114";"JUNIN";"HUANCAYO";"EL TAMBO";"PRIVADO";"II-1";"00025970";"CLINICA REBAGLIATI";"241300";"HOSPITALIZACIÓN QUIRÚRGICA UROLOGÍA  ";"8";"8";"8";"9";"10";"12";"0"
"2023";"06";"120114";"JUNIN";"HUANCAYO";"EL TAMBO";"PRIVADO";"II-1";"00025970";"CLINICA REBAGLIATI";"241400";"HOSPITALIZACIÓN QUIRÚRGICA GINECO - OBSTETRICIA ";"18";"18";"18";"19";"19";"20";"0"
"2023";"06";"120114";"JUNIN";"HUANCAYO";"EL TAMBO";"PRIVADO";"II-1";"00025970";"CLINICA REBAGLIATI";"241500";"HOSPITALIZACIÓN QUIRÚRGICA GINECOLOGÍA  ";"6";"6";"6";"33";"12";"34";"0"
"2023";"06";"120114";"JUNIN";"HUANCAYO";"EL TAMBO";"PRIVADO";"II-1";"00025970";"CLINICA REBAGLIATI";"241600";"HOSPITALIZACIÓN QUIRÚRGICA OBSTETRICIA   ";"2";"2";"2";"5";"4";"7";"0"
"2023";"06";"120114";"JUNIN";"HUANCAYO";"EL TAMBO";"PRIVADO";"II-1";"00025970";"CLINICA REBAGLIATI";"241800";"HOSPITALIZACIÓN DE MEDICINA MEDICINA GENERAL ";"2";"2";"2";"3";"4";"5";"0"
"2023";"06";"120114";"JUNIN";"HUANCAYO";"EL TAMBO";"PRIVADO";"II-1";"00025970";"CLINICA REBAGLIATI";"241900";"HOSPITALIZACIÓN DE MEDICINA MEDICINA INTERNA ";"4";"4";"4";"3";"3";"4";"0"
"2023";"06";"120114";"JUNIN";"HUANCAYO";"EL TAMBO";"PRIVADO";"II-1";"00025970";"CLINICA REBAGLIATI";"242100";"HOSPITALIZACIÓN DE MEDICINA ONCOLOGÍA MÉDICA ";"3";"3";"6";"9";"3";"11";"1"
"2023";"06";"120114";"JUNIN";"HUANCAYO";"EL TAMBO";"PRIVADO";"II-1";"00025970";"CLINICA REBAGLIATI";"245400";"HOSPITALIZACIÓN DE MEDICINA GINECOLOGIA ";"1";"1";"2";"3";"4";"6";"0"
"2023";"06";"120114";"JUNIN";"HUANCAYO";"EL TAMBO";"PRIVADO";"II-1";"00025970";"CLINICA REBAGLIATI";"244700";"HOSPITALIZACIÓN DE MEDICINA NEUROLOGIA  ";"3";"3";"3";"4";"4";"5";"0"
"2023";"06";"150132";"LIMA";"LIMA";"SAN JUAN DE LURIGANCHO";"PRIVADO";"II-2";"00009104";"CLINICA SAN MIGUEL ARCANGEL S.A.C.";"241800";"HOSPITALIZACIÓN DE MEDICINA MEDICINA GENERAL ";"5";"6";"16";"11";"1";"31";"0"
"2023";"06";"150132";"LIMA";"LIMA";"SAN JUAN DE LURIGANCHO";"PRIVADO";"II-2";"00009104";"CLINICA SAN MIGUEL ARCANGEL S.A.C.";"242300";"HOSPITALIZACIÓN DE PEDIATRÍA  PEDIATRÍA  GENERAL ";"1";"1";"2";"1";"1";"30";"0"
"2023";"06";"150132";"LIMA";"LIMA";"SAN JUAN DE LURIGANCHO";"PRIVADO";"II-2";"00009104";"CLINICA SAN MIGUEL ARCANGEL S.A.C.";"240100";"HOSPITALIZACIÓN QUIRÚRGICA CIRUGÍA GENERAL ";"9";"9";"14";"14";"2";"61";"0"
"2023";"06";"150132";"LIMA";"LIMA";"SAN JUAN DE LURIGANCHO";"PRIVADO";"II-2";"00009104";"CLINICA SAN MIGUEL ARCANGEL S.A.C.";"241400";"HOSPITALIZACIÓN QUIRÚRGICA GINECO - OBSTETRICIA ";"8";"9";"19";"16";"2";"59";"0"
"2023";"06";"150132";"LIMA";"LIMA";"SAN JUAN DE LURIGANCHO";"PRIVADO";"II-2";"00009104";"CLINICA SAN MIGUEL ARCANGEL S.A.C.";"241500";"HOSPITALIZACIÓN QUIRÚRGICA GINECOLOGÍA  ";"4";"4";"9";"9";"1";"31";"0"
"2023";"06";"150132";"LIMA";"LIMA";"SAN JUAN DE LURIGANCHO";"PRIVADO";"II-2";"00009104";"CLINICA SAN MIGUEL ARCANGEL S.A.C.";"241600";"HOSPITALIZACIÓN QUIRÚRGICA OBSTETRICIA   ";"6";"6";"9";"9";"1";"30";"0"
"2023";"06";"150132";"LIMA";"LIMA";"SAN JUAN DE LURIGANCHO";"PRIVADO";"II-2";"00009104";"CLINICA SAN MIGUEL ARCANGEL S.A.C.";"241200";"HOSPITALIZACIÓN QUIRÚRGICA TRAUMATOLOGÍA Y ORTOPEDIA ";"2";"2";"2";"2";"1";"29";"0"
"2023";"06";"150132";"LIMA";"LIMA";"SAN JUAN DE LURIGANCHO";"PRIVADO";"II-2";"00009104";"CLINICA SAN MIGUEL ARCANGEL S.A.C.";"241300";"HOSPITALIZACIÓN QUIRÚRGICA UROLOGÍA  ";"3";"3";"3";"3";"1";"29";"0"
"2023";"06";"070106";"CALLAO";"CALLAO";"VENTANILLA";"GOBIERNO REGIONAL";"II-1";"00007126";"HOSPITAL DE VENTANILLA";"240100";"HOSPITALIZACIÓN QUIRÚRGICA CIRUGÍA GENERAL ";"88";"96";"303";"272";"17";"510";"0"
"2023";"06";"070106";"CALLAO";"CALLAO";"VENTANILLA";"GOBIERNO REGIONAL";"II-1";"00007126";"HOSPITAL DE VENTANILLA";"241500";"HOSPITALIZACIÓN QUIRÚRGICA GINECOLOGÍA  ";"40";"42";"95";"130";"9";"270";"0"
"2023";"06";"070106";"CALLAO";"CALLAO";"VENTANILLA";"GOBIERNO REGIONAL";"II-1";"00007126";"HOSPITAL DE VENTANILLA";"241600";"HOSPITALIZACIÓN QUIRÚRGICA OBSTETRICIA   ";"139";"149";"254";"175";"18";"540";"0"
"2023";"06";"070106";"CALLAO";"CALLAO";"VENTANILLA";"GOBIERNO REGIONAL";"II-1";"00007126";"HOSPITAL DE VENTANILLA";"241800";"HOSPITALIZACIÓN DE MEDICINA MEDICINA GENERAL ";"60";"78";"485";"421";"24";"720";"1"
"2023";"06";"070106";"CALLAO";"CALLAO";"VENTANILLA";"GOBIERNO REGIONAL";"II-1";"00007126";"HOSPITAL DE VENTANILLA";"242500";"HOSPITALIZACIÓN-PEDIATRÍA GENERAL-";"42";"52";"209";"127";"9";"270";"0"
"2023";"06";"070106";"CALLAO";"CALLAO";"VENTANILLA";"GOBIERNO REGIONAL";"II-1";"00007126";"HOSPITAL DE VENTANILLA";"243200";"HOSPITALIZACIÓN DE PEDIATRÍA PEDIATRIA NEONATOLOGÍA";"17";"17";"57";"63";"9";"270";"0"
"2023";"07";"210802";"PUNO";"MELGAR";"ANTAUTA";"ESSALUD";"I-2";"00009898";"POSTA MEDICA SAN RAFAEL - ESSALUD - RED ASISTENCIAL JULIACA";"NE_0001";"";"NE_0001";"NE_0001";"NE_0001";"NE_0001";"NE_0001";"NE_0001";"NE_0001"
"2023";"07";"060801";"CAJAMARCA";"JAEN";"JAEN";"GOBIERNO REGIONAL";"I-2";"00004216";"LA CASCARILLA";"NE_0001";"";"NE_0001";"NE_0001";"NE_0001";"NE_0001";"NE_0001";"NE_0001";"NE_0001"
"2023";"03";"150135";"LIMA";"LIMA";"SAN MARTIN DE PORRES";"MINSA";"III-1";"00007633";"HOSPITAL NACIONAL CAYETANO HEREDIA";"241900";"HOSPITALIZACIÓN DE MEDICINA MEDICINA INTERNA ";"220";"210";"3538";"2682";"92";"2852";"15"
"2023";"03";"150135";"LIMA";"LIMA";"SAN MARTIN DE PORRES";"MINSA";"III-1";"00007633";"HOSPITAL NACIONAL CAYETANO HEREDIA";"245300";"HOSPITALIZACIÓN DE MEDICINA NEUMOLOGÍA  ";"24";"19";"374";"667";"22";"682";"6"
"2023";"03";"150135";"LIMA";"LIMA";"SAN MARTIN DE PORRES";"MINSA";"III-1";"00007633";"HOSPITAL NACIONAL CAYETANO HEREDIA";"242000";"HOSPITALIZACIÓN DE MEDICINA MEDICINA TROPICAL E INFECCIOSAS ";"30";"37";"1073";"1018";"34";"1054";"1"
"2023";"03";"150135";"LIMA";"LIMA";"SAN MARTIN DE PORRES";"MINSA";"III-1";"00007633";"HOSPITAL NACIONAL CAYETANO HEREDIA";"240100";"HOSPITALIZACIÓN QUIRÚRGICA CIRUGÍA GENERAL ";"253";"281";"2230";"1783";"63";"1953";"1"
"2023";"03";"150135";"LIMA";"LIMA";"SAN MARTIN DE PORRES";"MINSA";"III-1";"00007633";"HOSPITAL NACIONAL CAYETANO HEREDIA";"240500";"HOSPITALIZACIÓN QUIRÚRGICA CIRUGÍA DE TRANSPLANTES ";"8";"6";"112";"236";"8";"248";"0"
"2023";"03";"150135";"LIMA";"LIMA";"SAN MARTIN DE PORRES";"MINSA";"III-1";"00007633";"HOSPITAL NACIONAL CAYETANO HEREDIA";"241200";"HOSPITALIZACIÓN QUIRÚRGICA TRAUMATOLOGÍA Y ORTOPEDIA ";"119";"101";"1840";"1769";"60";"1860";"0"
"2023";"03";"150135";"LIMA";"LIMA";"SAN MARTIN DE PORRES";"MINSA";"III-1";"00007633";"HOSPITAL NACIONAL CAYETANO HEREDIA";"242300";"HOSPITALIZACIÓN DE PEDIATRÍA  PEDIATRÍA  GENERAL ";"150";"147";"1010";"886";"31";"961";"0"
"2023";"03";"150135";"LIMA";"LIMA";"SAN MARTIN DE PORRES";"MINSA";"III-1";"00007633";"HOSPITAL NACIONAL CAYETANO HEREDIA";"241500";"HOSPITALIZACIÓN QUIRÚRGICA GINECOLOGÍA  ";"170";"133";"446";"635";"22";"682";"0"
"2023";"03";"150135";"LIMA";"LIMA";"SAN MARTIN DE PORRES";"MINSA";"III-1";"00007633";"HOSPITAL NACIONAL CAYETANO HEREDIA";"241600";"HOSPITALIZACIÓN QUIRÚRGICA OBSTETRICIA   ";"345";"376";"1173";"1008";"34";"1054";"0"
"2023";"04";"150135";"LIMA";"LIMA";"SAN MARTIN DE PORRES";"MINSA";"III-1";"00007633";"HOSPITAL NACIONAL CAYETANO HEREDIA";"241900";"HOSPITALIZACIÓN DE MEDICINA MEDICINA INTERNA ";"190";"198";"2662";"2451";"87";"2610";"26"
"2023";"04";"150135";"LIMA";"LIMA";"SAN MARTIN DE PORRES";"MINSA";"III-1";"00007633";"HOSPITAL NACIONAL CAYETANO HEREDIA";"245300";"HOSPITALIZACIÓN DE MEDICINA NEUMOLOGÍA  ";"31";"26";"474";"637";"22";"660";"3"
"2023";"04";"150135";"LIMA";"LIMA";"SAN MARTIN DE PORRES";"MINSA";"III-1";"00007633";"HOSPITAL NACIONAL CAYETANO HEREDIA";"242000";"HOSPITALIZACIÓN DE MEDICINA MEDICINA TROPICAL E INFECCIOSAS ";"53";"48";"1048";"956";"33";"990";"4"
"2023";"04";"150135";"LIMA";"LIMA";"SAN MARTIN DE PORRES";"MINSA";"III-1";"00007633";"HOSPITAL NACIONAL CAYETANO HEREDIA";"240100";"HOSPITALIZACIÓN QUIRÚRGICA CIRUGÍA GENERAL ";"241";"267";"1884";"1719";"63";"1890";"4"
"2023";"04";"150135";"LIMA";"LIMA";"SAN MARTIN DE PORRES";"MINSA";"III-1";"00007633";"HOSPITAL NACIONAL CAYETANO HEREDIA";"240500";"HOSPITALIZACIÓN QUIRÚRGICA CIRUGÍA DE TRANSPLANTES ";"12";"11";"188";"164";"6";"180";"0"
"2023";"04";"150135";"LIMA";"LIMA";"SAN MARTIN DE PORRES";"MINSA";"III-1";"00007633";"HOSPITAL NACIONAL CAYETANO HEREDIA";"241200";"HOSPITALIZACIÓN QUIRÚRGICA TRAUMATOLOGÍA Y ORTOPEDIA ";"105";"109";"1681";"1670";"59";"1770";"0"
"2023";"04";"150135";"LIMA";"LIMA";"SAN MARTIN DE PORRES";"MINSA";"III-1";"00007633";"HOSPITAL NACIONAL CAYETANO HEREDIA";"242300";"HOSPITALIZACIÓN DE PEDIATRÍA  PEDIATRÍA  GENERAL ";"196";"193";"1840";"1017";"37";"1110";"1"
"2023";"04";"150135";"LIMA";"LIMA";"SAN MARTIN DE PORRES";"MINSA";"III-1";"00007633";"HOSPITAL NACIONAL CAYETANO HEREDIA";"241500";"HOSPITALIZACIÓN QUIRÚRGICA GINECOLOGÍA  ";"126";"126";"450";"547";"20";"600";"0"
"2023";"04";"150135";"LIMA";"LIMA";"SAN MARTIN DE PORRES";"MINSA";"III-1";"00007633";"HOSPITAL NACIONAL CAYETANO HEREDIA";"241600";"HOSPITALIZACIÓN QUIRÚRGICA OBSTETRICIA   ";"360";"347";"1022";"980";"34";"1020";"0"
"2023";"08";"190301";"PASCO";"OXAPAMPA";"OXAPAMPA";"ESSALUD";"II-1";"00009748";"HOSPITAL I OXAPAMPA";"240100";"HOSPITALIZACIÓN QUIRÚRGICA CIRUGÍA GENERAL ";"13";"13";"38";"50";"2";"62";"0"
"2023";"08";"190301";"PASCO";"OXAPAMPA";"OXAPAMPA";"ESSALUD";"II-1";"00009748";"HOSPITAL I OXAPAMPA";"241400";"HOSPITALIZACIÓN QUIRÚRGICA GINECO - OBSTETRICIA ";"19";"20";"65";"75";"3";"93";"0"
"2023";"08";"190301";"PASCO";"OXAPAMPA";"OXAPAMPA";"ESSALUD";"II-1";"00009748";"HOSPITAL I OXAPAMPA";"242300";"HOSPITALIZACIÓN DE PEDIATRÍA  PEDIATRÍA  GENERAL ";"15";"16";"35";"47";"2";"62";"0"
"2023";"08";"120606";"JUNIN";"SATIPO";"PANGOA";"GOBIERNO REGIONAL";"I-1";"00021805";"SAN JUAN DE SANGARENI";"NE_0001";"";"NE_0001";"NE_0001";"NE_0001";"NE_0001";"NE_0001";"NE_0001";"NE_0001"
"2023";"08";"120606";"JUNIN";"SATIPO";"PANGOA";"GOBIERNO REGIONAL";"I-1";"00021806";"LIBERTAD DE ANAPATI";"NE_0001";"";"NE_0001";"NE_0001";"NE_0001";"NE_0001";"NE_0001";"NE_0001";"NE_0001"
"2023";"08";"120606";"JUNIN";"SATIPO";"PANGOA";"GOBIERNO REGIONAL";"I-1";"00024571";"PUERTO PORVENIR";"NE_0001";"";"NE_0001";"NE_0001";"NE_0001";"NE_0001";"NE_0001";"NE_0001";"NE_0001"
"2023";"08";"120606";"JUNIN";"SATIPO";"PANGOA";"GOBIERNO REGIONAL";"I-1";"00000455";"JERUSALEN DE MIÑARO DE NOMESTSIGUENGA";"NE_0001";"";"NE_0001";"NE_0001";"NE_0001";"NE_0001";"NE_0001";"NE_0001";"NE_0001"
"2023";"08";"120606";"JUNIN";"SATIPO";"PANGOA";"GOBIERNO REGIONAL";"I-1";"00027801";"PUERTO ANAPATI";"NE_0001";"";"NE_0001";"NE_0001";"NE_0001";"NE_0001";"NE_0001";"NE_0001";"NE_0001"
"2023";"08";"060101";"CAJAMARCA";"CAJAMARCA";"CAJAMARCA";"PRIVADO";"I-3";"00010487";"MARIA BELEN SRL";"NE_0001";"";"NE_0001";"NE_0001";"NE_0001";"NE_0001";"NE_0001";"NE_0001";"NE_0001"
"2023";"08";"060801";"CAJAMARCA";"JAEN";"JAEN";"PRIVADO";"I-3";"00030976";"CENTRO MEDICO SALUD & VIAL JAEN";"NE_0001";"";"NE_0001";"NE_0001";"NE_0001";"NE_0001";"NE_0001";"NE_0001";"NE_0001"
"2023";"08";"110101";"ICA";"ICA";"ICA";"GOBIERNO REGIONAL";"II-2";"00003358";"HOSPITAL REGIONAL DE ICA";"240100";"HOSPITALIZACIÓN QUIRÚRGICA CIRUGÍA GENERAL ";"135";"196";"2104";"2248";"63";"1953";"3"
"2023";"08";"110101";"ICA";"ICA";"ICA";"GOBIERNO REGIONAL";"II-2";"00003358";"HOSPITAL REGIONAL DE ICA";"241500";"HOSPITALIZACIÓN QUIRÚRGICA GINECOLOGÍA  ";"73";"76";"249";"273";"15";"465";"0"
"2023";"08";"110101";"ICA";"ICA";"ICA";"GOBIERNO REGIONAL";"II-2";"00003358";"HOSPITAL REGIONAL DE ICA";"241600";"HOSPITALIZACIÓN QUIRÚRGICA OBSTETRICIA   ";"224";"238";"579";"734";"26";"806";"0"
"2023";"08";"110101";"ICA";"ICA";"ICA";"GOBIERNO REGIONAL";"II-2";"00003358";"HOSPITAL REGIONAL DE ICA";"241900";"HOSPITALIZACIÓN DE MEDICINA MEDICINA INTERNA ";"149";"198";"1793";"1961";"134";"4154";"13"
"2023";"08";"110101";"ICA";"ICA";"ICA";"GOBIERNO REGIONAL";"II-2";"00003358";"HOSPITAL REGIONAL DE ICA";"242500";"HOSPITALIZACIÓN-PEDIATRÍA GENERAL-";"75";"88";"539";"571";"7";"617";"0"
"2023";"08";"110101";"ICA";"ICA";"ICA";"GOBIERNO REGIONAL";"II-2";"00003358";"HOSPITAL REGIONAL DE ICA";"243200";"HOSPITALIZACIÓN DE PEDIATRÍA PEDIATRIA NEONATOLOGÍA";"54";"56";"180";"203";"12";"372";"0"
"2023";"08";"110101";"ICA";"ICA";"ICA";"GOBIERNO REGIONAL";"II-2";"00003358";"HOSPITAL REGIONAL DE ICA";"250103";"UNIDAD DE CUIDADOS CRITICOS UNIDAD  DE CUIDADOS INTENSIVOS GENERALES  (UCI) MEDICINA";"2";"5";"60";"63";"10";"310";"5"
"2023";"08";"110101";"ICA";"ICA";"ICA";"GOBIERNO REGIONAL";"II-2";"00003358";"HOSPITAL REGIONAL DE ICA";"250105";"UNIDAD DE CUIDADOS CRITICOS UNIDAD  DE CUIDADOS INTENSIVOS  (UCI) NEONATOLOGÍA";"6";"11";"172";"176";"7";"217";"1"
"2023";"08";"110101";"ICA";"ICA";"ICA";"GOBIERNO REGIONAL";"II-2";"00003358";"HOSPITAL REGIONAL DE ICA";"250108";"UNIDAD DE CUIDADOS CRITICOS UNIDAD  DE CUIDADOS INTENSIVOS  (UCI) PEDIÁTRICA";"3";"5";"83";"87";"5";"155";"0"
"2023";"08";"080801";"CUSCO";"ESPINAR";"ESPINAR";"GOBIERNO REGIONAL";"II-1";"00007135";"ESPINAR";"240100";"HOSPITALIZACIÓN QUIRÚRGICA CIRUGÍA GENERAL ";"38";"37";"142";"141";"8";"248";"0"
"2023";"08";"080801";"CUSCO";"ESPINAR";"ESPINAR";"GOBIERNO REGIONAL";"II-1";"00007135";"ESPINAR";"241600";"HOSPITALIZACIÓN QUIRÚRGICA OBSTETRICIA   ";"54";"54";"128";"126";"13";"403";"0"
"2023";"08";"080801";"CUSCO";"ESPINAR";"ESPINAR";"GOBIERNO REGIONAL";"II-1";"00007135";"ESPINAR";"241800";"HOSPITALIZACIÓN DE MEDICINA MEDICINA GENERAL ";"10";"13";"78";"72";"8";"248";"0"
"2023";"08";"080801";"CUSCO";"ESPINAR";"ESPINAR";"GOBIERNO REGIONAL";"II-1";"00007135";"ESPINAR";"242500";"HOSPITALIZACIÓN-PEDIATRÍA GENERAL-";"10";"11";"44";"43";"5";"155";"0"
"2023";"08";"080801";"CUSCO";"ESPINAR";"ESPINAR";"GOBIERNO REGIONAL";"II-1";"00007135";"ESPINAR";"243200";"HOSPITALIZACIÓN DE PEDIATRÍA PEDIATRIA NEONATOLOGÍA";"7";"7";"17";"17";"1";"31";"0"
"2023";"08";"080801";"CUSCO";"ESPINAR";"ESPINAR";"GOBIERNO REGIONAL";"II-1";"00007135";"ESPINAR";"241500";"HOSPITALIZACIÓN QUIRÚRGICA GINECOLOGÍA  ";"21";"23";"46";"44";"7";"217";"0"
"2023";"08";"021801";"ANCASH";"SANTA";"CHIMBOTE";"PRIVADO";"II-1";"00017075";"CLINICA BELEN";"NE_0002";"";"NE_0002";"NE_0002";"NE_0002";"NE_0002";"NE_0002";"NE_0002";"NE_0002"
"2023";"08";"250105";"UCAYALI";"CORONEL PORTILLO";"YARINACOCHA";"GOBIERNO REGIONAL";"II-2";"00005577";"HOSPITAL AMAZONICO - YARINACOCHA";"241400";"HOSPITALIZACIÓN QUIRÚRGICA GINECO - OBSTETRICIA ";"335";"360";"1000";"1357";"62";"1922";"0"
"2023";"02";"130702";"LA LIBERTAD";"PACASMAYO";"GUADALUPE";"GOBIERNO REGIONAL";"II-1";"00005292";"HOSPITAL DE APOYO TOMAS LAFORA";"241800";"HOSPITALIZACIÓN DE MEDICINA MEDICINA GENERAL ";"15";"16";"95";"89";"14";"392";"0"
"2023";"02";"130702";"LA LIBERTAD";"PACASMAYO";"GUADALUPE";"GOBIERNO REGIONAL";"II-1";"00005292";"HOSPITAL DE APOYO TOMAS LAFORA";"240100";"HOSPITALIZACIÓN QUIRÚRGICA CIRUGÍA GENERAL ";"33";"32";"91";"93";"12";"336";"1"
"2023";"02";"130702";"LA LIBERTAD";"PACASMAYO";"GUADALUPE";"GOBIERNO REGIONAL";"II-1";"00005292";"HOSPITAL DE APOYO TOMAS LAFORA";"242300";"HOSPITALIZACIÓN DE PEDIATRÍA  PEDIATRÍA  GENERAL ";"6";"3";"7";"7";"4";"112";"0"
"2023";"02";"130702";"LA LIBERTAD";"PACASMAYO";"GUADALUPE";"GOBIERNO REGIONAL";"II-1";"00005292";"HOSPITAL DE APOYO TOMAS LAFORA";"243200";"HOSPITALIZACIÓN DE PEDIATRÍA PEDIATRIA NEONATOLOGÍA";"5";"6";"16";"12";"4";"112";"0"
"2023";"02";"130702";"LA LIBERTAD";"PACASMAYO";"GUADALUPE";"GOBIERNO REGIONAL";"II-1";"00005292";"HOSPITAL DE APOYO TOMAS LAFORA";"241600";"HOSPITALIZACIÓN QUIRÚRGICA OBSTETRICIA   ";"104";"106";"221";"210";"14";"392";"0"
"2023";"02";"130702";"LA LIBERTAD";"PACASMAYO";"GUADALUPE";"GOBIERNO REGIONAL";"II-1";"00005292";"HOSPITAL DE APOYO TOMAS LAFORA";"241500";"HOSPITALIZACIÓN QUIRÚRGICA GINECOLOGÍA  ";"25";"23";"32";"34";"3";"84";"0"
"2023";"05";"150131";"LIMA";"LIMA";"SAN ISIDRO";"SANIDAD DE LA POLICIA NACIONAL DEL PERU";"I-3";"00012740";"POLICLINICO POLICIAL MININTER";"NE_0001";"";"NE_0001";"NE_0001";"NE_0001";"NE_0001";"NE_0001";"NE_0001";"NE_0001"
"2023";"05";"060804";"CAJAMARCA";"JAEN";"COLASAY";"GOBIERNO REGIONAL";"I-1";"00004239";"CEDRO PASTO";"NE_0001";"";"NE_0001";"NE_0001";"NE_0001";"NE_0001";"NE_0001";"NE_0001";"NE_0001"
"2023";"02";"150130";"LIMA";"LIMA";"SAN BORJA";"MINSA";"III-2";"00016918";"INSTITUTO NACIONAL DE SALUD NIÑO SAN BORJA";"242100";"HOSPITALIZACIÓN DE MEDICINA ONCOLOGÍA MÉDICA ";"20";"19";"425";"402";"16";"446";"0"
"2023";"02";"150130";"LIMA";"LIMA";"SAN BORJA";"MINSA";"III-2";"00016918";"INSTITUTO NACIONAL DE SALUD NIÑO SAN BORJA";"244500";"HOSPITALIZACIÓN DE MEDICINA HEMATOLOGÍA ";"22";"20";"783";"541";"20";"564";"0"
"2023";"02";"150130";"LIMA";"LIMA";"SAN BORJA";"MINSA";"III-2";"00016918";"INSTITUTO NACIONAL DE SALUD NIÑO SAN BORJA";"240400";"HOSPITALIZACIÓN QUIRÚRGICA CIRUGÍA DE TÓRAX Y CARDIOVASCULAR ";"63";"67";"1948";"924";"35";"979";"1"
"2023";"02";"150130";"LIMA";"LIMA";"SAN BORJA";"MINSA";"III-2";"00016918";"INSTITUTO NACIONAL DE SALUD NIÑO SAN BORJA";"240700";"HOSPITALIZACIÓN QUIRÚRGICA CIRUGÍA PEDIÁTRICA ";"50";"51";"1098";"840";"32";"899";"1"
"2023";"02";"150130";"LIMA";"LIMA";"SAN BORJA";"MINSA";"III-2";"00016918";"INSTITUTO NACIONAL DE SALUD NIÑO SAN BORJA";"240900";"HOSPITALIZACIÓN QUIRÚRGICA NEUROCIRUGÍA ";"52";"49";"1098";"887";"35";"979";"1"
"2023";"02";"150130";"LIMA";"LIMA";"SAN BORJA";"MINSA";"III-2";"00016918";"INSTITUTO NACIONAL DE SALUD NIÑO SAN BORJA";"240100";"HOSPITALIZACIÓN QUIRÚRGICA CIRUGÍA GENERAL ";"153";"154";"965";"861";"34";"951";"0"
"2023";"02";"150130";"LIMA";"LIMA";"SAN BORJA";"MINSA";"III-2";"00016918";"INSTITUTO NACIONAL DE SALUD NIÑO SAN BORJA";"242300";"HOSPITALIZACIÓN DE PEDIATRÍA  PEDIATRÍA  GENERAL ";"54";"49";"538";"734";"30";"834";"1"
"2023";"02";"150130";"LIMA";"LIMA";"SAN BORJA";"MINSA";"III-2";"00016918";"INSTITUTO NACIONAL DE SALUD NIÑO SAN BORJA";"240801";"HOSPITALIZACIÓN QUIRÚRGICA CIRUGÍA PLÁSTICA/RECONSTRUCTIVA/ REPARADORA QUEMADOS";"36";"39";"806";"469";"18";"498";"0"
"2023";"02";"150130";"LIMA";"LIMA";"SAN BORJA";"MINSA";"III-2";"00016918";"INSTITUTO NACIONAL DE SALUD NIÑO SAN BORJA";"250201";"UNIDAD DE CUIDADOS CRITICOS UNIDAD DE CUIDADOS INTERMEDIOS  (UCIN) NEONATAL";"10";"6";"126";"152";"6";"168";"0"
"2023";"02";"150130";"LIMA";"LIMA";"SAN BORJA";"MINSA";"III-2";"00016918";"INSTITUTO NACIONAL DE SALUD NIÑO SAN BORJA";"250101";"UNIDAD DE CUIDADOS CRITICOS UNIDAD  DE CUIDADOS INTENSIVOS GENERALES (UCI) CARDIOLOGIA";"3";"1";"50";"189";"7";"191";"1"
"2023";"02";"150130";"LIMA";"LIMA";"SAN BORJA";"MINSA";"III-2";"00016918";"INSTITUTO NACIONAL DE SALUD NIÑO SAN BORJA";"250111";"UNIDAD DE CUIDADOS CRITICOS UNIDAD  DE CUIDADOS INTENSIVOS  (UCI) CARDIOVASCULAR";"10";"1";"5";"357";"14";"387";"1"
"2023";"02";"150130";"LIMA";"LIMA";"SAN BORJA";"MINSA";"III-2";"00016918";"INSTITUTO NACIONAL DE SALUD NIÑO SAN BORJA";"250105";"UNIDAD DE CUIDADOS CRITICOS UNIDAD  DE CUIDADOS INTENSIVOS  (UCI) NEONATOLOGÍA";"4";"1";"1";"210";"8";"224";"1"
"2023";"02";"150130";"LIMA";"LIMA";"SAN BORJA";"MINSA";"III-2";"00016918";"INSTITUTO NACIONAL DE SALUD NIÑO SAN BORJA";"250400";"UNIDAD DE CUIDADOS CRITICOS UNIDAD DE QUEMADOS (GRAN QUEMADO) ";"3";"3";"128";"143";"6";"168";"3"
"2023";"02";"150130";"LIMA";"LIMA";"SAN BORJA";"MINSA";"III-2";"00016918";"INSTITUTO NACIONAL DE SALUD NIÑO SAN BORJA";"240500";"HOSPITALIZACIÓN QUIRÚRGICA CIRUGÍA DE TRANSPLANTES ";"8";"7";"40";"48";"5";"148";"0"
"2023";"02";"150130";"LIMA";"LIMA";"SAN BORJA";"MINSA";"III-2";"00016918";"INSTITUTO NACIONAL DE SALUD NIÑO SAN BORJA";"243600";"HOSPITALIZACIÓN DE PEDIATRÍA PEDIATRIA ONCOLOGÍA PEDIÁTRICA";"12";"12";"131";"68";"3";"84";"0"
"2023";"02";"150130";"LIMA";"LIMA";"SAN BORJA";"MINSA";"III-2";"00016918";"INSTITUTO NACIONAL DE SALUD NIÑO SAN BORJA";"250108";"UNIDAD DE CUIDADOS CRITICOS UNIDAD  DE CUIDADOS INTENSIVOS  (UCI) PEDIÁTRICA";"9";"2";"15";"301";"12";"335";"2"
"2023";"08";"060106";"CAJAMARCA";"CAJAMARCA";"JESUS";"GOBIERNO REGIONAL";"I-1";"00004637";"YANAMARCA";"NE_0001";"";"NE_0001";"NE_0001";"NE_0001";"NE_0001";"NE_0001";"NE_0001";"NE_0001"
"2023";"08";"060101";"CAJAMARCA";"CAJAMARCA";"CAJAMARCA";"GOBIERNO REGIONAL";"I-3";"00004645";"MAGNA VALLEJO";"NE_0001";"";"NE_0001";"NE_0001";"NE_0001";"NE_0001";"NE_0001";"NE_0001";"NE_0001"
"2023";"08";"060101";"CAJAMARCA";"CAJAMARCA";"CAJAMARCA";"GOBIERNO REGIONAL";"I-1";"00012831";"AYLAMBO";"NE_0001";"";"NE_0001";"NE_0001";"NE_0001";"NE_0001";"NE_0001";"NE_0001";"NE_0001"
"2023";"08";"060101";"CAJAMARCA";"CAJAMARCA";"CAJAMARCA";"GOBIERNO REGIONAL";"I-1";"00004642";"PATA PATA";"NE_0001";"";"NE_0001";"NE_0001";"NE_0001";"NE_0001";"NE_0001";"NE_0001";"NE_0001"
"2023";"08";"060101";"CAJAMARCA";"CAJAMARCA";"CAJAMARCA";"GOBIERNO REGIONAL";"I-1";"00004644";"PARIAMARCA";"NE_0001";"";"NE_0001";"NE_0001";"NE_0001";"NE_0001";"NE_0001";"NE_0001";"NE_0001"
"2023";"08";"060101";"CAJAMARCA";"CAJAMARCA";"CAJAMARCA";"GOBIERNO REGIONAL";"I-2";"00004641";"MICAELA BASTIDAS";"NE_0001";"";"NE_0001";"NE_0001";"NE_0001";"NE_0001";"NE_0001";"NE_0001";"NE_0001"
"2023";"08";"060101";"CAJAMARCA";"CAJAMARCA";"CAJAMARCA";"GOBIERNO REGIONAL";"I-1";"00004643";"AGOCUCHO";"NE_0001";"";"NE_0001";"NE_0001";"NE_0001";"NE_0001";"NE_0001";"NE_0001";"NE_0001"
"2023";"08";"130902";"LA LIBERTAD";"SANCHEZ CARRION";"CHUGAY";"GOBIERNO REGIONAL";"I-2";"00005353";"UCHUBAMBA";"NE_0001";"";"NE_0001";"NE_0001";"NE_0001";"NE_0001";"NE_0001";"NE_0001";"NE_0001"
"2023";"09";"060101";"CAJAMARCA";"CAJAMARCA";"CAJAMARCA";"GOBIERNO REGIONAL";"II-E";"00004655";"SIMON BOLIVAR";"241400";"HOSPITALIZACIÓN QUIRÚRGICA GINECO - OBSTETRICIA ";"288";"310";"483";"601";"21";"630";"0"
"2023";"09";"060101";"CAJAMARCA";"CAJAMARCA";"CAJAMARCA";"GOBIERNO REGIONAL";"II-E";"00004655";"SIMON BOLIVAR";"240100";"HOSPITALIZACIÓN QUIRÚRGICA CIRUGÍA GENERAL ";"43";"45";"154";"420";"15";"450";"0"
"2023";"09";"060101";"CAJAMARCA";"CAJAMARCA";"CAJAMARCA";"GOBIERNO REGIONAL";"II-E";"00004655";"SIMON BOLIVAR";"241800";"HOSPITALIZACIÓN DE MEDICINA MEDICINA GENERAL ";"42";"44";"166";"271";"10";"300";"0"
"2023";"09";"060101";"CAJAMARCA";"CAJAMARCA";"CAJAMARCA";"GOBIERNO REGIONAL";"II-E";"00004655";"SIMON BOLIVAR";"242300";"HOSPITALIZACIÓN DE PEDIATRÍA  PEDIATRÍA  GENERAL ";"249";"266";"563";"131";"5";"150";"0"
"2023";"09";"110211";"ICA";"CHINCHA";"TAMBO DE MORA";"ESSALUD";"I-2";"00012023";"TAMBO DE MORA";"NE_0001";"";"NE_0001";"NE_0001";"NE_0001";"NE_0001";"NE_0001";"NE_0001";"NE_0001"
"2023";"09";"221005";"SAN MARTIN";"TOCACHE";"UCHIZA";"ESSALUD";"I-2";"00010702";"POSTA MEDICA SANTA LUCIA";"NE_0001";"";"NE_0001";"NE_0001";"NE_0001";"NE_0001";"NE_0001";"NE_0001";"NE_0001"
"2023";"09";"200101";"PIURA";"PIURA";"PIURA";"ESSALUD";"II-1";"00010244";"HOSPITAL II JORGE REATEGUI DELGADO";"241900";"HOSPITALIZACIÓN DE MEDICINA MEDICINA INTERNA ";"66";"55";"357";"570";"21";"2520";"3"
"2023";"09";"200101";"PIURA";"PIURA";"PIURA";"ESSALUD";"II-1";"00010244";"HOSPITAL II JORGE REATEGUI DELGADO";"240100";"HOSPITALIZACIÓN QUIRÚRGICA CIRUGÍA GENERAL ";"115";"115";"302";"374";"18";"540";"0"
"2023";"09";"200101";"PIURA";"PIURA";"PIURA";"ESSALUD";"II-1";"00010244";"HOSPITAL II JORGE REATEGUI DELGADO";"241400";"HOSPITALIZACIÓN QUIRÚRGICA GINECO - OBSTETRICIA ";"207";"204";"425";"735";"29";"870";"0"
"2023";"09";"200101";"PIURA";"PIURA";"PIURA";"ESSALUD";"II-1";"00010244";"HOSPITAL II JORGE REATEGUI DELGADO";"242300";"HOSPITALIZACIÓN DE PEDIATRÍA  PEDIATRÍA  GENERAL ";"194";"188";"458";"355";"16";"480";"0"
"2023";"09";"060805";"CAJAMARCA";"JAEN";"HUABAL";"GOBIERNO REGIONAL";"I-1";"00013849";"SANTA ROSA DE HUABAL";"NE_0001";"";"NE_0001";"NE_0001";"NE_0001";"NE_0001";"NE_0001";"NE_0001";"NE_0001"
"2023";"09";"060805";"CAJAMARCA";"JAEN";"HUABAL";"GOBIERNO REGIONAL";"I-1";"00004243";"LA ESPERANZA";"NE_0001";"";"NE_0001";"NE_0001";"NE_0001";"NE_0001";"NE_0001";"NE_0001";"NE_0001"
"2023";"09";"060805";"CAJAMARCA";"JAEN";"HUABAL";"GOBIERNO REGIONAL";"I-1";"00016136";"CAJONES";"NE_0001";"";"NE_0001";"NE_0001";"NE_0001";"NE_0001";"NE_0001";"NE_0001";"NE_0001"
"2023";"09";"060805";"CAJAMARCA";"JAEN";"HUABAL";"GOBIERNO REGIONAL";"I-1";"00004242";"SAN FRANCISCO DE ASIS";"NE_0001";"";"NE_0001";"NE_0001";"NE_0001";"NE_0001";"NE_0001";"NE_0001";"NE_0001"
"2023";"09";"060805";"CAJAMARCA";"JAEN";"HUABAL";"GOBIERNO REGIONAL";"I-1";"00007124";"CORAZON DE JESUS";"NE_0001";"";"NE_0001";"NE_0001";"NE_0001";"NE_0001";"NE_0001";"NE_0001";"NE_0001"
"2023";"09";"060805";"CAJAMARCA";"JAEN";"HUABAL";"GOBIERNO REGIONAL";"I-2";"00007687";"HUACO";"NE_0001";"";"NE_0001";"NE_0001";"NE_0001";"NE_0001";"NE_0001";"NE_0001";"NE_0001"
"2023";"09";"060805";"CAJAMARCA";"JAEN";"HUABAL";"GOBIERNO REGIONAL";"I-3";"00004241";"HUABAL";"NE_0001";"";"NE_0001";"NE_0001";"NE_0001";"NE_0001";"NE_0001";"NE_0001";"NE_0001"
"2023";"09";"060805";"CAJAMARCA";"JAEN";"HUABAL";"GOBIERNO REGIONAL";"I-1";"00023956";"LA HUACA";"NE_0001";"";"NE_0001";"NE_0001";"NE_0001";"NE_0001";"NE_0001";"NE_0001";"NE_0001"
"2023";"09";"060805";"CAJAMARCA";"JAEN";"HUABAL";"GOBIERNO REGIONAL";"I-1";"00024938";"SAN PABLO";"NE_0001";"";"NE_0001";"NE_0001";"NE_0001";"NE_0001";"NE_0001";"NE_0001";"NE_0001"
"2023";"09";"210101";"PUNO";"PUNO";"PUNO";"PRIVADO";"II-1";"00009685";"CLINICA PUNO";"240100";"HOSPITALIZACIÓN QUIRÚRGICA CIRUGÍA GENERAL ";"6";"6";"12";"10";"2";"48";"0"
"2023";"09";"210101";"PUNO";"PUNO";"PUNO";"PRIVADO";"II-1";"00009685";"CLINICA PUNO";"241400";"HOSPITALIZACIÓN QUIRÚRGICA GINECO - OBSTETRICIA ";"10";"10";"30";"15";"2";"30";"0"
"2023";"09";"210101";"PUNO";"PUNO";"PUNO";"PRIVADO";"II-1";"00009685";"CLINICA PUNO";"241300";"HOSPITALIZACIÓN QUIRÚRGICA UROLOGÍA  ";"3";"3";"10";"6";"1";"20";"0"
"2023";"09";"210101";"PUNO";"PUNO";"PUNO";"PRIVADO";"II-1";"00009685";"CLINICA PUNO";"241200";"HOSPITALIZACIÓN QUIRÚRGICA TRAUMATOLOGÍA Y ORTOPEDIA ";"6";"6";"9";"12";"1";"18";"0"
"2023";"09";"120114";"JUNIN";"HUANCAYO";"EL TAMBO";"GOBIERNO REGIONAL";"I-2";"00000715";"RAMIRO PRIALE";"NE_0002";"";"NE_0002";"NE_0002";"NE_0002";"NE_0002";"NE_0002";"NE_0002";"NE_0002"
"2023";"09";"120114";"JUNIN";"HUANCAYO";"EL TAMBO";"GOBIERNO REGIONAL";"I-1";"00000717";"LA VICTORIA";"NE_0002";"";"NE_0002";"NE_0002";"NE_0002";"NE_0002";"NE_0002";"NE_0002";"NE_0002"
"2023";"09";"120129";"JUNIN";"HUANCAYO";"SAN AGUSTIN";"GOBIERNO REGIONAL";"I-3";"00000722";"SAN AGUSTIN DE CAJAS";"NE_0002";"";"NE_0002";"NE_0002";"NE_0002";"NE_0002";"NE_0002";"NE_0002";"NE_0002"
"2023";"09";"120114";"JUNIN";"HUANCAYO";"EL TAMBO";"GOBIERNO REGIONAL";"I-2";"00000713";"BATANYACU";"NE_0002";"";"NE_0002";"NE_0002";"NE_0002";"NE_0002";"NE_0002";"NE_0002";"NE_0002"
"2023";"09";"120117";"JUNIN";"HUANCAYO";"HUALHUAS";"GOBIERNO REGIONAL";"I-2";"00000718";"HUALHUAS";"NE_0002";"";"NE_0002";"NE_0002";"NE_0002";"NE_0002";"NE_0002";"NE_0002";"NE_0002"
"2023";"09";"120129";"JUNIN";"HUANCAYO";"SAN AGUSTIN";"GOBIERNO REGIONAL";"I-1";"00000723";"COILLOR";"NE_0002";"";"NE_0002";"NE_0002";"NE_0002";"NE_0002";"NE_0002";"NE_0002";"NE_0002"
"2023";"09";"120132";"JUNIN";"HUANCAYO";"SAÑO";"GOBIERNO REGIONAL";"I-2";"00000725";"SAN PEDRO DE SAÑO";"NE_0002";"";"NE_0002";"NE_0002";"NE_0002";"NE_0002";"NE_0002";"NE_0002";"NE_0002"
"2023";"09";"120130";"JUNIN";"HUANCAYO";"SAN JERONIMO DE TUNAN";"GOBIERNO REGIONAL";"I-3";"00000724";"SAN JERONIMO";"NE_0002";"";"NE_0002";"NE_0002";"NE_0002";"NE_0002";"NE_0002";"NE_0002";"NE_0002"
"2023";"09";"120114";"JUNIN";"HUANCAYO";"EL TAMBO";"GOBIERNO REGIONAL";"I-1";"00018190";"1RO DE MAYO";"NE_0002";"";"NE_0002";"NE_0002";"NE_0002";"NE_0002";"NE_0002";"NE_0002";"NE_0002"
"2023";"09";"120114";"JUNIN";"HUANCAYO";"EL TAMBO";"GOBIERNO REGIONAL";"I-1";"00000711";"SAÑOS CHICO";"NE_0002";"";"NE_0002";"NE_0002";"NE_0002";"NE_0002";"NE_0002";"NE_0002";"NE_0002"
"2023";"09";"120128";"JUNIN";"HUANCAYO";"QUILCAS";"GOBIERNO REGIONAL";"I-2";"00000720";"QUILCAS";"NE_0002";"";"NE_0002";"NE_0002";"NE_0002";"NE_0002";"NE_0002";"NE_0002";"NE_0002"
"2023";"09";"120114";"JUNIN";"HUANCAYO";"EL TAMBO";"GOBIERNO REGIONAL";"I-2";"00000735";"COCHAS CHICO";"NE_0002";"";"NE_0002";"NE_0002";"NE_0002";"NE_0002";"NE_0002";"NE_0002";"NE_0002"
"2023";"09";"120114";"JUNIN";"HUANCAYO";"EL TAMBO";"GOBIERNO REGIONAL";"I-1";"00000706";"SAÑOS GRANDE";"NE_0002";"";"NE_0002";"NE_0002";"NE_0002";"NE_0002";"NE_0002";"NE_0002";"NE_0002"
"2023";"09";"120114";"JUNIN";"HUANCAYO";"EL TAMBO";"GOBIERNO REGIONAL";"I-1";"00000708";"PACCHA";"NE_0002";"";"NE_0002";"NE_0002";"NE_0002";"NE_0002";"NE_0002";"NE_0002";"NE_0002"
"2023";"09";"120114";"JUNIN";"HUANCAYO";"EL TAMBO";"GOBIERNO REGIONAL";"I-1";"00000716";"HUALAHOYO";"NE_0002";"";"NE_0002";"NE_0002";"NE_0002";"NE_0002";"NE_0002";"NE_0002";"NE_0002"
"2023";"09";"120125";"JUNIN";"HUANCAYO";"PILCOMAYO";"GOBIERNO REGIONAL";"I-3";"00000719";"PILCOMAYO";"NE_0002";"";"NE_0002";"NE_0002";"NE_0002";"NE_0002";"NE_0002";"NE_0002";"NE_0002"
"2023";"09";"120134";"JUNIN";"HUANCAYO";"SICAYA";"GOBIERNO REGIONAL";"I-3";"00000726";"SICAYA";"NE_0002";"";"NE_0002";"NE_0002";"NE_0002";"NE_0002";"NE_0002";"NE_0002";"NE_0002"
"2023";"09";"120114";"JUNIN";"HUANCAYO";"EL TAMBO";"GOBIERNO REGIONAL";"I-1";"00000733";"CULLPA";"NE_0002";"";"NE_0002";"NE_0002";"NE_0002";"NE_0002";"NE_0002";"NE_0002";"NE_0002"
"2023";"09";"120114";"JUNIN";"HUANCAYO";"EL TAMBO";"GOBIERNO REGIONAL";"I-1";"00000712";"AZA";"NE_0002";"";"NE_0002";"NE_0002";"NE_0002";"NE_0002";"NE_0002";"NE_0002";"NE_0002"
"2023";"09";"120114";"JUNIN";"HUANCAYO";"EL TAMBO";"GOBIERNO REGIONAL";"I-1";"00000734";"COCHAS GRANDE";"NE_0002";"";"NE_0002";"NE_0002";"NE_0002";"NE_0002";"NE_0002";"NE_0002";"NE_0002"
"2023";"09";"120114";"JUNIN";"HUANCAYO";"EL TAMBO";"GOBIERNO REGIONAL";"I-4";"00000705";"JUSTICIA PAZ Y VIDA";"NE_0002";"";"NE_0002";"NE_0002";"NE_0002";"NE_0002";"NE_0002";"NE_0002";"NE_0002"
"2023";"09";"120114";"JUNIN";"HUANCAYO";"EL TAMBO";"GOBIERNO REGIONAL";"I-3";"00000707";"SAN MARTIN";"NE_0002";"";"NE_0002";"NE_0002";"NE_0002";"NE_0002";"NE_0002";"NE_0002";"NE_0002"
"2023";"09";"120114";"JUNIN";"HUANCAYO";"EL TAMBO";"GOBIERNO REGIONAL";"I-1";"00000709";"UMUTO";"NE_0002";"";"NE_0002";"NE_0002";"NE_0002";"NE_0002";"NE_0002";"NE_0002";"NE_0002"
"2023";"09";"120114";"JUNIN";"HUANCAYO";"EL TAMBO";"GOBIERNO REGIONAL";"I-1";"00000710";"INCHO";"NE_0002";"";"NE_0002";"NE_0002";"NE_0002";"NE_0002";"NE_0002";"NE_0002";"NE_0002"
"2023";"09";"120114";"JUNIN";"HUANCAYO";"EL TAMBO";"GOBIERNO REGIONAL";"I-3";"00000714";"JUAN PARRA DEL RIEGO";"NE_0002";"";"NE_0002";"NE_0002";"NE_0002";"NE_0002";"NE_0002";"NE_0002";"NE_0002"
"2023";"09";"120128";"JUNIN";"HUANCAYO";"QUILCAS";"GOBIERNO REGIONAL";"I-1";"00000721";"COLPAR";"NE_0002";"";"NE_0002";"NE_0002";"NE_0002";"NE_0002";"NE_0002";"NE_0002";"NE_0002"
"2023";"09";"120709";"JUNIN";"TARMA";"TAPO";"GOBIERNO REGIONAL";"I-2";"00000577";"TAPO";"NE_0001";"";"NE_0001";"NE_0001";"NE_0001";"NE_0001";"NE_0001";"NE_0001";"NE_0001"
"2023";"09";"120709";"JUNIN";"TARMA";"TAPO";"GOBIERNO REGIONAL";"I-1";"00000580";"CASACOTO - SAN ANTONIO";"NE_0001";"";"NE_0001";"NE_0001";"NE_0001";"NE_0001";"NE_0001";"NE_0001";"NE_0001"
"2023";"09";"120709";"JUNIN";"TARMA";"TAPO";"GOBIERNO REGIONAL";"I-1";"00000582";"PACCHAC";"NE_0001";"";"NE_0001";"NE_0001";"NE_0001";"NE_0001";"NE_0001";"NE_0001";"NE_0001"
"2023";"04";"061101";"CAJAMARCA";"SAN MIGUEL";"SAN MIGUEL";"ESSALUD";"I-2";"00010273";"POSTA MEDICA ESSALUD SAN MIGUEL";"NE_0001";"";"NE_0001";"NE_0001";"NE_0001";"NE_0001";"NE_0001";"NE_0001";"NE_0001"
"2023";"05";"050204";"AYACUCHO";"CANGALLO";"MARIA PARADO DE BELLIDO";"GOBIERNO REGIONAL";"I-1";"00007303";"PUESTO DE SALUD ÑUÑUNHUAYCCO";"NE_0001";"";"NE_0001";"NE_0001";"NE_0001";"NE_0001";"NE_0001";"NE_0001";"NE_0001"
"2023";"05";"050203";"AYACUCHO";"CANGALLO";"LOS MOROCHUCOS";"GOBIERNO REGIONAL";"I-1";"00017085";"PUESTO DE SALUD HUALLCHANCCA";"NE_0001";"";"NE_0001";"NE_0001";"NE_0001";"NE_0001";"NE_0001";"NE_0001";"NE_0001"
"2023";"05";"050201";"AYACUCHO";"CANGALLO";"CANGALLO";"GOBIERNO REGIONAL";"I-1";"00003506";"PUESTO DE SALUD INCARACCAY";"NE_0001";"";"NE_0001";"NE_0001";"NE_0001";"NE_0001";"NE_0001";"NE_0001";"NE_0001"
"2023";"05";"050201";"AYACUCHO";"CANGALLO";"CANGALLO";"GOBIERNO REGIONAL";"I-1";"00006607";"PUESTO DE SALUD CHICHUCANCHA";"NE_0001";"";"NE_0001";"NE_0001";"NE_0001";"NE_0001";"NE_0001";"NE_0001";"NE_0001"
"2023";"05";"050203";"AYACUCHO";"CANGALLO";"LOS MOROCHUCOS";"GOBIERNO REGIONAL";"I-1";"00007302";"PUESTO DE SALUD SATICA";"NE_0001";"";"NE_0001";"NE_0001";"NE_0001";"NE_0001";"NE_0001";"NE_0001";"NE_0001"
"2023";"05";"050201";"AYACUCHO";"CANGALLO";"CANGALLO";"GOBIERNO REGIONAL";"I-1";"00003496";"PUESTO DE SALUD HUANCARUCMA";"NE_0001";"";"NE_0001";"NE_0001";"NE_0001";"NE_0001";"NE_0001";"NE_0001";"NE_0001"
"2023";"05";"050201";"AYACUCHO";"CANGALLO";"CANGALLO";"GOBIERNO REGIONAL";"I-1";"00003497";"PUESTO DE SALUD PUTICA";"NE_0001";"";"NE_0001";"NE_0001";"NE_0001";"NE_0001";"NE_0001";"NE_0001";"NE_0001"
"2023";"05";"050203";"AYACUCHO";"CANGALLO";"LOS MOROCHUCOS";"GOBIERNO REGIONAL";"I-4";"00003507";"CENTRO DE SALUD PAMPA CANGALLO";"240100";"HOSPITALIZACIÓN QUIRÚRGICA CIRUGÍA GENERAL ";"22";"8";"8";"7";"7";"9";"0"
"2023";"05";"050203";"AYACUCHO";"CANGALLO";"LOS MOROCHUCOS";"GOBIERNO REGIONAL";"I-2";"00003508";"PUESTO DE SALUD CHANQUIL";"NE_0001";"";"NE_0001";"NE_0001";"NE_0001";"NE_0001";"NE_0001";"NE_0001";"NE_0001"
"2023";"05";"050201";"AYACUCHO";"CANGALLO";"CANGALLO";"GOBIERNO REGIONAL";"I-1";"00003495";"PUESTO DE SALUD HUAHUAPUQUIO";"NE_0001";"";"NE_0001";"NE_0001";"NE_0001";"NE_0001";"NE_0001";"NE_0001";"NE_0001"
"2023";"05";"051002";"AYACUCHO";"VICTOR FAJARDO";"ALCAMENCA";"GOBIERNO REGIONAL";"I-1";"00003499";"PUESTO DE SALUD HUAMBO";"NE_0001";"";"NE_0001";"NE_0001";"NE_0001";"NE_0001";"NE_0001";"NE_0001";"NE_0001"
"2023";"05";"050203";"AYACUCHO";"CANGALLO";"LOS MOROCHUCOS";"GOBIERNO REGIONAL";"I-1";"00017084";"PUESTO DE SALUD JUSCAYMARCA";"NE_0001";"";"NE_0001";"NE_0001";"NE_0001";"NE_0001";"NE_0001";"NE_0001";"NE_0001"
"2023";"05";"051002";"AYACUCHO";"VICTOR FAJARDO";"ALCAMENCA";"GOBIERNO REGIONAL";"I-1";"00003498";"PUESTO DE SALUD ALCAMENCA";"NE_0001";"";"NE_0001";"NE_0001";"NE_0001";"NE_0001";"NE_0001";"NE_0001";"NE_0001"
"2023";"05";"040118";"AREQUIPA";"AREQUIPA";"SAN JUAN DE SIGUAS";"GOBIERNO REGIONAL";"I-1";"00001339";"PUESTO DE SALUD SAN JUAN DE SIGUAS - TAMBILLO";"NE_0001";"";"NE_0001";"NE_0001";"NE_0001";"NE_0001";"NE_0001";"NE_0001";"NE_0001"
"2023";"05";"040520";"AREQUIPA";"CAYLLOMA";"MAJES";"GOBIERNO REGIONAL";"I-3";"00023969";"CENTRO DE SALUD MENTAL COMUNITARIO MAJES";"NE_0001";"";"NE_0001";"NE_0001";"NE_0001";"NE_0001";"NE_0001";"NE_0001";"NE_0001"
"2023";"05";"040520";"AREQUIPA";"CAYLLOMA";"MAJES";"GOBIERNO REGIONAL";"I-2";"00001341";"ASENTAMIENTO B-1";"NE_0001";"";"NE_0001";"NE_0001";"NE_0001";"NE_0001";"NE_0001";"NE_0001";"NE_0001"
"2023";"05";"040520";"AREQUIPA";"CAYLLOMA";"MAJES";"GOBIERNO REGIONAL";"0";"00030864";"HOGAR PROTEGIDO ""HACIA UNA NUEVA VIDA""";"NE_0001";"";"NE_0001";"NE_0001";"NE_0001";"NE_0001";"NE_0001";"NE_0001";"NE_0001"
"2023";"05";"040520";"AREQUIPA";"CAYLLOMA";"MAJES";"GOBIERNO REGIONAL";"I-4";"00001325";"CENTRO DE SALUD  SANDRITA PEREZ EL PEDREGAL";"241600";"HOSPITALIZACIÓN QUIRÚRGICA OBSTETRICIA   ";"9";"10";"10";"10";"6";"21";"0"
"2023";"05";"040120";"AREQUIPA";"AREQUIPA";"SANTA ISABEL DE SIGUAS";"GOBIERNO REGIONAL";"I-2";"00001378";"PUESTO DE SALUD SONDOR";"NE_0001";"";"NE_0001";"NE_0001";"NE_0001";"NE_0001";"NE_0001";"NE_0001";"NE_0001"
"2023";"05";"040520";"AREQUIPA";"CAYLLOMA";"MAJES";"GOBIERNO REGIONAL";"I-2";"00001342";"PUESTO DE SALUD  B-2";"NE_0001";"";"NE_0001";"NE_0001";"NE_0001";"NE_0001";"NE_0001";"NE_0001";"NE_0001"
"2023";"05";"040120";"AREQUIPA";"AREQUIPA";"SANTA ISABEL DE SIGUAS";"GOBIERNO REGIONAL";"I-2";"00001336";"SANTA ISABEL DE SIGUAS";"NE_0001";"";"NE_0001";"NE_0001";"NE_0001";"NE_0001";"NE_0001";"NE_0001";"NE_0001"
"2023";"05";"040120";"AREQUIPA";"AREQUIPA";"SANTA ISABEL DE SIGUAS";"GOBIERNO REGIONAL";"I-1";"00001337";"PUESTO DE SALUD PITAY";"NE_0001";"";"NE_0001";"NE_0001";"NE_0001";"NE_0001";"NE_0001";"NE_0001";"NE_0001"
"2023";"05";"040520";"AREQUIPA";"CAYLLOMA";"MAJES";"GOBIERNO REGIONAL";"I-3";"00001326";"CENTRO DE SALUD LA COLINA";"NE_0001";"";"NE_0001";"NE_0001";"NE_0001";"NE_0001";"NE_0001";"NE_0001";"NE_0001"
"2023";"05";"040511";"AREQUIPA";"CAYLLOMA";"LLUTA";"GOBIERNO REGIONAL";"I-2";"00001340";"PUESTO DE SALUD QUERQUE";"NE_0001";"";"NE_0001";"NE_0001";"NE_0001";"NE_0001";"NE_0001";"NE_0001";"NE_0001"
"2023";"05";"060101";"CAJAMARCA";"CAJAMARCA";"CAJAMARCA";"PRIVADO";"II-1";"00019315";"CLINICA SANTA ANA";"241400";"HOSPITALIZACIÓN QUIRÚRGICA GINECO - OBSTETRICIA ";"16";"14";"16";"7";"6";"38";"1"
"2023";"05";"060101";"CAJAMARCA";"CAJAMARCA";"CAJAMARCA";"PRIVADO";"II-1";"00019315";"CLINICA SANTA ANA";"240100";"HOSPITALIZACIÓN QUIRÚRGICA CIRUGÍA GENERAL ";"18";"16";"25";"37";"4";"124";"0"
"2023";"05";"060101";"CAJAMARCA";"CAJAMARCA";"CAJAMARCA";"PRIVADO";"II-1";"00019315";"CLINICA SANTA ANA";"241900";"HOSPITALIZACIÓN DE MEDICINA MEDICINA INTERNA ";"1";"1";"1";"1";"1";"2";"0"
"2023";"05";"060101";"CAJAMARCA";"CAJAMARCA";"CAJAMARCA";"PRIVADO";"II-1";"00019315";"CLINICA SANTA ANA";"242300";"HOSPITALIZACIÓN DE PEDIATRÍA  PEDIATRÍA  GENERAL ";"1";"1";"1";"1";"1";"62";"0"
"2023";"05";"220904";"SAN MARTIN";"SAN MARTIN";"CHAZUTA";"GOBIERNO REGIONAL";"I-1";"00006424";"ACHINAMIZA";"NE_0001";"";"NE_0001";"NE_0001";"NE_0001";"NE_0001";"NE_0001";"NE_0001";"NE_0001"
"2023";"05";"220904";"SAN MARTIN";"SAN MARTIN";"CHAZUTA";"GOBIERNO REGIONAL";"I-1";"00006430";"SANTA ROSA DE CHIPAOTA";"NE_0001";"";"NE_0001";"NE_0001";"NE_0001";"NE_0001";"NE_0001";"NE_0001";"NE_0001"
"2023";"05";"220904";"SAN MARTIN";"SAN MARTIN";"CHAZUTA";"GOBIERNO REGIONAL";"I-1";"00006427";"TUNUNTUNUMBA";"NE_0001";"";"NE_0001";"NE_0001";"NE_0001";"NE_0001";"NE_0001";"NE_0001";"NE_0001"
"2023";"05";"220904";"SAN MARTIN";"SAN MARTIN";"CHAZUTA";"GOBIERNO REGIONAL";"I-1";"00006428";"SHILCAYO";"NE_0001";"";"NE_0001";"NE_0001";"NE_0001";"NE_0001";"NE_0001";"NE_0001";"NE_0001"
"2023";"05";"220904";"SAN MARTIN";"SAN MARTIN";"CHAZUTA";"GOBIERNO REGIONAL";"I-4";"00006423";"CHAZUTA";"241600";"HOSPITALIZACIÓN QUIRÚRGICA OBSTETRICIA   ";"8";"8";"8";"8";"5";"75";"0"
"2023";"05";"220904";"SAN MARTIN";"SAN MARTIN";"CHAZUTA";"GOBIERNO REGIONAL";"I-4";"00006423";"CHAZUTA";"241800";"HOSPITALIZACIÓN DE MEDICINA MEDICINA GENERAL ";"7";"7";"13";"13";"5";"75";"0"
"2023";"05";"220904";"SAN MARTIN";"SAN MARTIN";"CHAZUTA";"GOBIERNO REGIONAL";"I-1";"00006429";"CURIYACU";"NE_0001";"";"NE_0001";"NE_0001";"NE_0001";"NE_0001";"NE_0001";"NE_0001";"NE_0001"
"2023";"05";"220904";"SAN MARTIN";"SAN MARTIN";"CHAZUTA";"GOBIERNO REGIONAL";"I-1";"00006425";"AGUANO MUYUNA";"NE_0001";"";"NE_0001";"NE_0001";"NE_0001";"NE_0001";"NE_0001";"NE_0001";"NE_0001"
"2023";"05";"220904";"SAN MARTIN";"SAN MARTIN";"CHAZUTA";"GOBIERNO REGIONAL";"I-1";"00006426";"CALLANAYACU";"NE_0001";"";"NE_0001";"NE_0001";"NE_0001";"NE_0001";"NE_0001";"NE_0001";"NE_0001"
"2023";"05";"250301";"UCAYALI";"PADRE ABAD";"PADRE ABAD";"ESSALUD";"I-2";"00031880";"POSTA DE SALUD AGUAYTIA";"NE_0001";"";"NE_0001";"NE_0001";"NE_0001";"NE_0001";"NE_0001";"NE_0001";"NE_0001"
"2023";"06";"110305";"ICA";"NAZCA";"VISTA ALEGRE";"ESSALUD";"I-3";"00010429";"NASCA";"NE_0001";"";"NE_0001";"NE_0001";"NE_0001";"NE_0001";"NE_0001";"NE_0001";"NE_0001"
"2023";"06";"150114";"LIMA";"LIMA";"LA MOLINA";"ESSALUD";"II-1";"00010135";"HOSPITAL I CARLOS ALCANTARA BUTTERFIELD";"241800";"HOSPITALIZACIÓN DE MEDICINA MEDICINA GENERAL ";"56";"58";"299";"259";"10";"300";"3"
"2023";"06";"150114";"LIMA";"LIMA";"LA MOLINA";"ESSALUD";"II-1";"00010135";"HOSPITAL I CARLOS ALCANTARA BUTTERFIELD";"240100";"HOSPITALIZACIÓN QUIRÚRGICA CIRUGÍA GENERAL ";"223";"217";"458";"453";"18";"540";"0"
"2023";"06";"150114";"LIMA";"LIMA";"LA MOLINA";"ESSALUD";"II-1";"00010135";"HOSPITAL I CARLOS ALCANTARA BUTTERFIELD";"242500";"HOSPITALIZACIÓN-PEDIATRÍA GENERAL-";"38";"33";"114";"118";"4";"120";"0"
"2023";"06";"150114";"LIMA";"LIMA";"LA MOLINA";"ESSALUD";"II-1";"00010135";"HOSPITAL I CARLOS ALCANTARA BUTTERFIELD";"241600";"HOSPITALIZACIÓN QUIRÚRGICA OBSTETRICIA   ";"61";"68";"186";"201";"9";"270";"0"
"2023";"06";"021801";"ANCASH";"SANTA";"CHIMBOTE";"ESSALUD";"0";"00009047";"HOSPITAL III CHIMBOTE";"241900";"HOSPITALIZACIÓN DE MEDICINA MEDICINA INTERNA ";"242";"248";"1296";"1779";"64";"1920";"25"
"2023";"06";"021801";"ANCASH";"SANTA";"CHIMBOTE";"ESSALUD";"0";"00009047";"HOSPITAL III CHIMBOTE";"240100";"HOSPITALIZACIÓN QUIRÚRGICA CIRUGÍA GENERAL ";"172";"172";"530";"498";"20";"600";"0"
"2023";"06";"021801";"ANCASH";"SANTA";"CHIMBOTE";"ESSALUD";"0";"00009047";"HOSPITAL III CHIMBOTE";"241200";"HOSPITALIZACIÓN QUIRÚRGICA TRAUMATOLOGÍA Y ORTOPEDIA ";"63";"63";"568";"587";"21";"630";"1"
"2023";"06";"021801";"ANCASH";"SANTA";"CHIMBOTE";"ESSALUD";"0";"00009047";"HOSPITAL III CHIMBOTE";"241300";"HOSPITALIZACIÓN QUIRÚRGICA UROLOGÍA  ";"27";"27";"106";"90";"4";"120";"0"
"2023";"06";"021801";"ANCASH";"SANTA";"CHIMBOTE";"ESSALUD";"0";"00009047";"HOSPITAL III CHIMBOTE";"240900";"HOSPITALIZACIÓN QUIRÚRGICA NEUROCIRUGÍA ";"4";"4";"16";"19";"1";"30";"0"
"2023";"06";"021801";"ANCASH";"SANTA";"CHIMBOTE";"ESSALUD";"0";"00009047";"HOSPITAL III CHIMBOTE";"241500";"HOSPITALIZACIÓN QUIRÚRGICA GINECOLOGÍA  ";"99";"94";"251";"254";"11";"340";"0"
"2023";"06";"021801";"ANCASH";"SANTA";"CHIMBOTE";"ESSALUD";"0";"00009047";"HOSPITAL III CHIMBOTE";"241600";"HOSPITALIZACIÓN QUIRÚRGICA OBSTETRICIA   ";"138";"137";"261";"262";"18";"540";"0"
"2023";"06";"021801";"ANCASH";"SANTA";"CHIMBOTE";"ESSALUD";"0";"00009047";"HOSPITAL III CHIMBOTE";"242300";"HOSPITALIZACIÓN DE PEDIATRÍA  PEDIATRÍA  GENERAL ";"68";"68";"294";"296";"11";"315";"1"
"2023";"06";"021801";"ANCASH";"SANTA";"CHIMBOTE";"ESSALUD";"0";"00009047";"HOSPITAL III CHIMBOTE";"240700";"HOSPITALIZACIÓN QUIRÚRGICA CIRUGÍA PEDIÁTRICA ";"34";"34";"81";"87";"3";"90";"0"
"2023";"06";"021801";"ANCASH";"SANTA";"CHIMBOTE";"ESSALUD";"0";"00009047";"HOSPITAL III CHIMBOTE";"243200";"HOSPITALIZACIÓN DE PEDIATRÍA PEDIATRIA NEONATOLOGÍA";"91";"83";"267";"142";"10";"300";"0"
"2023";"06";"021801";"ANCASH";"SANTA";"CHIMBOTE";"ESSALUD";"0";"00009047";"HOSPITAL III CHIMBOTE";"240100";"HOSPITALIZACIÓN QUIRÚRGICA CIRUGÍA GENERAL ";"13";"12";"124";"143";"5";"150";"2"
"2023";"06";"021801";"ANCASH";"SANTA";"CHIMBOTE";"ESSALUD";"0";"00009047";"HOSPITAL III CHIMBOTE";"250200";"UNIDAD DE CUIDADOS CRITICOS UNIDAD DE CUIDADOS INTERMEDIOS GENERAL  (UCIN) ";"12";"12";"63";"233";"8";"240";"2"
"2023";"06";"150113";"LIMA";"LIMA";"JESUS MARIA";"PRIVADO";"III-1";"00009116";"CLINICA SAN FELIPE S.A.";"240000";"HOSPITALIZACIÓN";"452";"428";"1591";"53";"95";"3330";"2"
"2023";"06";"150113";"LIMA";"LIMA";"JESUS MARIA";"PRIVADO";"III-1";"00009116";"CLINICA SAN FELIPE S.A.";"250200";"UNIDAD DE CUIDADOS CRITICOS UNIDAD DE CUIDADOS INTERMEDIOS GENERAL  (UCIN) ";"70";"74";"390";"13";"51";"810";"6"
"2023";"06";"150113";"LIMA";"LIMA";"JESUS MARIA";"PRIVADO";"III-1";"00009116";"CLINICA SAN FELIPE S.A.";"250100";"UNIDAD DE CUIDADOS CRITICOS UNIDAD  DE CUIDADOS INTENSIVOS GENERALES (UCI) ";"49";"49";"248";"8";"20";"630";"1"
"2023";"06";"080503";"CUSCO";"CANAS";"KUNTURKANKI";"GOBIERNO REGIONAL";"I-4";"00007700";"EL DESCANSO";"NE_0001";"";"NE_0001";"NE_0001";"NE_0001";"NE_0001";"NE_0001";"NE_0001";"NE_0001"
"2023";"06";"080502";"CUSCO";"CANAS";"CHECCA";"GOBIERNO REGIONAL";"I-1";"00002367";"CHITIBAMBA";"NE_0001";"";"NE_0001";"NE_0001";"NE_0001";"NE_0001";"NE_0001";"NE_0001";"NE_0001"
"2023";"07";"150135";"LIMA";"LIMA";"SAN MARTIN DE PORRES";"PRIVADO";"II-E";"00025573";"CREO Clínica Renal y Oncológica";"NE_0001";"";"NE_0001";"NE_0001";"NE_0001";"NE_0001";"NE_0001";"NE_0001";"NE_0001"
"2023";"07";"131101";"LA LIBERTAD";"GRAN CHIMU";"CASCAS";"GOBIERNO REGIONAL";"II-1";"00005277";"HOSPITAL PROVINCIAL DE CASCAS";"241600";"HOSPITALIZACIÓN QUIRÚRGICA OBSTETRICIA   ";"9";"11";"40";"81";"10";"328";"0"
"2023";"07";"131101";"LA LIBERTAD";"GRAN CHIMU";"CASCAS";"GOBIERNO REGIONAL";"II-1";"00005277";"HOSPITAL PROVINCIAL DE CASCAS";"241800";"HOSPITALIZACIÓN DE MEDICINA MEDICINA GENERAL ";"8";"9";"39";"8";"6";"62";"0"
"2023";"07";"200401";"PIURA";"MORROPON";"CHULUCANAS";"GOBIERNO REGIONAL";"II-1";"00002161";"E.S  II-1  HOSPITAL  CHULUCANAS";"240100";"HOSPITALIZACIÓN QUIRÚRGICA CIRUGÍA GENERAL ";"44";"44";"129";"108";"12";"372";"0"
"2023";"07";"200401";"PIURA";"MORROPON";"CHULUCANAS";"GOBIERNO REGIONAL";"II-1";"00002161";"E.S  II-1  HOSPITAL  CHULUCANAS";"241400";"HOSPITALIZACIÓN QUIRÚRGICA GINECO - OBSTETRICIA ";"242";"232";"648";"580";"25";"775";"0"
"2023";"07";"200401";"PIURA";"MORROPON";"CHULUCANAS";"GOBIERNO REGIONAL";"II-1";"00002161";"E.S  II-1  HOSPITAL  CHULUCANAS";"241800";"HOSPITALIZACIÓN DE MEDICINA MEDICINA GENERAL ";"59";"67";"263";"285";"12";"372";"4"
"2023";"07";"200401";"PIURA";"MORROPON";"CHULUCANAS";"GOBIERNO REGIONAL";"II-1";"00002161";"E.S  II-1  HOSPITAL  CHULUCANAS";"242500";"HOSPITALIZACIÓN-PEDIATRÍA GENERAL-";"35";"34";"102";"98";"8";"248";"0"
"2023";"07";"200401";"PIURA";"MORROPON";"CHULUCANAS";"GOBIERNO REGIONAL";"II-1";"00002161";"E.S  II-1  HOSPITAL  CHULUCANAS";"243200";"HOSPITALIZACIÓN DE PEDIATRÍA PEDIATRIA NEONATOLOGÍA";"28";"24";"149";"156";"7";"217";"1"
"2023";"07";"250201";"UCAYALI";"ATALAYA";"RAIMONDI";"ESSALUD";"I-3";"00031879";"CENTRO MEDICO DE  ATALAYA - ESSALUD";"NE_0001";"";"NE_0001";"NE_0001";"NE_0001";"NE_0001";"NE_0001";"NE_0001";"NE_0001"
"2023";"07";"220508";"SAN MARTIN";"LAMAS";"SAN ROQUE DE CUMBAZA";"GOBIERNO REGIONAL";"I-1";"00006357";"ALTO SHAMBOYACU";"NE_0001";"";"NE_0001";"NE_0001";"NE_0001";"NE_0001";"NE_0001";"NE_0001";"NE_0001"
"2023";"07";"220501";"SAN MARTIN";"LAMAS";"LAMAS";"GOBIERNO REGIONAL";"I-1";"00006353";"HUAYCO LAMAS";"NE_0001";"";"NE_0001";"NE_0001";"NE_0001";"NE_0001";"NE_0001";"NE_0001";"NE_0001"
"2023";"07";"220507";"SAN MARTIN";"LAMAS";"RUMISAPA";"GOBIERNO REGIONAL";"I-1";"00006392";"MACEDA";"NE_0001";"";"NE_0001";"NE_0001";"NE_0001";"NE_0001";"NE_0001";"NE_0001";"NE_0001"
"2023";"07";"220401";"SAN MARTIN";"HUALLAGA";"SAPOSOA";"GOBIERNO REGIONAL";"I-1";"00021587";"ALTO PACHIZA";"NE_0001";"";"NE_0001";"NE_0001";"NE_0001";"NE_0001";"NE_0001";"NE_0001";"NE_0001"
"2023";"07";"220401";"SAN MARTIN";"HUALLAGA";"SAPOSOA";"GOBIERNO REGIONAL";"I-1";"00006532";"PALTAICO";"NE_0001";"";"NE_0001";"NE_0001";"NE_0001";"NE_0001";"NE_0001";"NE_0001";"NE_0001"
"2023";"07";"220401";"SAN MARTIN";"HUALLAGA";"SAPOSOA";"GOBIERNO REGIONAL";"I-1";"00006530";"7 DE JUNIO-AHUIHUA";"NE_0001";"";"NE_0001";"NE_0001";"NE_0001";"NE_0001";"NE_0001";"NE_0001";"NE_0001"
"2023";"07";"220402";"SAN MARTIN";"HUALLAGA";"ALTO SAPOSOA";"GOBIERNO REGIONAL";"I-1";"00006541";"YACUSISA";"NE_0001";"";"NE_0001";"NE_0001";"NE_0001";"NE_0001";"NE_0001";"NE_0001";"NE_0001"
"2023";"07";"220401";"SAN MARTIN";"HUALLAGA";"SAPOSOA";"GOBIERNO REGIONAL";"I-3";"00006538";"EL DORADO";"241600";"HOSPITALIZACIÓN QUIRÚRGICA OBSTETRICIA   ";"2";"2";"2";"10";"4";"30";"0"
"2023";"07";"220401";"SAN MARTIN";"HUALLAGA";"SAPOSOA";"GOBIERNO REGIONAL";"I-1";"00006536";"INTIYACU";"NE_0001";"";"NE_0001";"NE_0001";"NE_0001";"NE_0001";"NE_0001";"NE_0001";"NE_0001"
"2023";"07";"220401";"SAN MARTIN";"HUALLAGA";"SAPOSOA";"GOBIERNO REGIONAL";"I-1";"00006537";"CHAMBIRA";"NE_0001";"";"NE_0001";"NE_0001";"NE_0001";"NE_0001";"NE_0001";"NE_0001";"NE_0001"
"2023";"07";"220402";"SAN MARTIN";"HUALLAGA";"ALTO SAPOSOA";"GOBIERNO REGIONAL";"I-2";"00006539";"PASARRAYA";"NE_0001";"";"NE_0001";"NE_0001";"NE_0001";"NE_0001";"NE_0001";"NE_0001";"NE_0001"
"2023";"07";"220401";"SAN MARTIN";"HUALLAGA";"SAPOSOA";"GOBIERNO REGIONAL";"I-1";"00026163";"AGUA AZUL";"NE_0001";"";"NE_0001";"NE_0001";"NE_0001";"NE_0001";"NE_0001";"NE_0001";"NE_0001"
"2023";"03";"080108";"CUSCO";"CUSCO";"WANCHAQ";"PRIVADO";"II-2";"00012161";"MACSALUD";"250103";"UNIDAD DE CUIDADOS CRITICOS UNIDAD  DE CUIDADOS INTENSIVOS GENERALES  (UCI) MEDICINA";"11";"9";"39";"58";"6";"180";"1"
"2023";"03";"080108";"CUSCO";"CUSCO";"WANCHAQ";"PRIVADO";"II-2";"00012161";"MACSALUD";"241800";"HOSPITALIZACIÓN DE MEDICINA MEDICINA GENERAL ";"74";"63";"202";"313";"15";"450";"1"
"2023";"03";"080108";"CUSCO";"CUSCO";"WANCHAQ";"PRIVADO";"II-2";"00012161";"MACSALUD";"240100";"HOSPITALIZACIÓN QUIRÚRGICA CIRUGÍA GENERAL ";"173";"159";"299";"381";"15";"450";"0"
"2023";"03";"080108";"CUSCO";"CUSCO";"WANCHAQ";"PRIVADO";"II-2";"00012161";"MACSALUD";"241400";"HOSPITALIZACIÓN QUIRÚRGICA GINECO - OBSTETRICIA ";"94";"84";"123";"198";"8";"240";"0"
"2023";"04";"160101";"LORETO";"MAYNAS";"IQUITOS";"MINSA";"II-2";"00000001";"HOSPITAL IQUITOS ""CESAR GARAYAR GARCÍA""";"241800";"HOSPITALIZACIÓN DE MEDICINA MEDICINA GENERAL ";"69";"69";"305";"305";"17";"459";"3"
"2023";"04";"160101";"LORETO";"MAYNAS";"IQUITOS";"MINSA";"II-2";"00000001";"HOSPITAL IQUITOS ""CESAR GARAYAR GARCÍA""";"240100";"HOSPITALIZACIÓN QUIRÚRGICA CIRUGÍA GENERAL ";"108";"108";"426";"471";"21";"567";"0"
"2023";"04";"160101";"LORETO";"MAYNAS";"IQUITOS";"MINSA";"II-2";"00000001";"HOSPITAL IQUITOS ""CESAR GARAYAR GARCÍA""";"242300";"HOSPITALIZACIÓN DE PEDIATRÍA  PEDIATRÍA  GENERAL ";"58";"58";"289";"266";"12";"324";"1"
"2023";"04";"160101";"LORETO";"MAYNAS";"IQUITOS";"MINSA";"II-2";"00000001";"HOSPITAL IQUITOS ""CESAR GARAYAR GARCÍA""";"241500";"HOSPITALIZACIÓN QUIRÚRGICA GINECOLOGÍA  ";"91";"91";"187";"130";"5";"135";"0"
"2023";"04";"160101";"LORETO";"MAYNAS";"IQUITOS";"MINSA";"II-2";"00000001";"HOSPITAL IQUITOS ""CESAR GARAYAR GARCÍA""";"241600";"HOSPITALIZACIÓN QUIRÚRGICA OBSTETRICIA   ";"268";"268";"621";"601";"26";"702";"0"
"2023";"04";"160101";"LORETO";"MAYNAS";"IQUITOS";"MINSA";"II-2";"00000001";"HOSPITAL IQUITOS ""CESAR GARAYAR GARCÍA""";"243200";"HOSPITALIZACIÓN DE PEDIATRÍA PEDIATRIA NEONATOLOGÍA";"63";"63";"376";"300";"14";"378";"4"
"2023";"07";"060508";"CAJAMARCA";"CONTUMAZA";"YONAN";"GOBIERNO REGIONAL";"I-1";"00004588";"VENTANILLA";"NE_0002";"";"NE_0002";"NE_0002";"NE_0002";"NE_0002";"NE_0002";"NE_0002";"NE_0002"
"2023";"07";"060508";"CAJAMARCA";"CONTUMAZA";"YONAN";"GOBIERNO REGIONAL";"I-1";"00004592";"PAY PAY";"NE_0002";"";"NE_0002";"NE_0002";"NE_0002";"NE_0002";"NE_0002";"NE_0002";"NE_0002"
"2023";"09";"200701";"PIURA";"TALARA";"PARIÑAS";"PRIVADO";"II-1";"00011396";"ADMINISTRADORA CLINICA TRESA";"241900";"HOSPITALIZACIÓN DE MEDICINA MEDICINA INTERNA ";"17";"16";"44";"162";"6";"180";"0"
"2023";"09";"200701";"PIURA";"TALARA";"PARIÑAS";"PRIVADO";"II-1";"00011396";"ADMINISTRADORA CLINICA TRESA";"240100";"HOSPITALIZACIÓN QUIRÚRGICA CIRUGÍA GENERAL ";"10";"10";"14";"80";"3";"90";"0"
"2023";"09";"200701";"PIURA";"TALARA";"PARIÑAS";"PRIVADO";"II-1";"00011396";"ADMINISTRADORA CLINICA TRESA";"241200";"HOSPITALIZACIÓN QUIRÚRGICA TRAUMATOLOGÍA Y ORTOPEDIA ";"9";"9";"30";"53";"2";"60";"0"
"2023";"09";"200701";"PIURA";"TALARA";"PARIÑAS";"PRIVADO";"II-1";"00011396";"ADMINISTRADORA CLINICA TRESA";"241500";"HOSPITALIZACIÓN QUIRÚRGICA GINECOLOGÍA  ";"4";"4";"8";"26";"1";"30";"0"
"2023";"09";"200701";"PIURA";"TALARA";"PARIÑAS";"PRIVADO";"II-1";"00011396";"ADMINISTRADORA CLINICA TRESA";"242300";"HOSPITALIZACIÓN DE PEDIATRÍA  PEDIATRÍA  GENERAL ";"9";"9";"20";"108";"4";"120";"0"
"2023";"09";"150110";"LIMA";"LIMA";"COMAS";"PRIVADO";"II-E";"00030606";"VISANA CLINICA  ESPECIALIZADA OFTALMOLOGICA";"NE_0001";"";"NE_0001";"NE_0001";"NE_0001";"NE_0001";"NE_0001";"NE_0001";"NE_0001"
"2023";"09";"040126";"AREQUIPA";"AREQUIPA";"YANAHUARA";"PRIVADO";"II-1";"00028448";"CLINICA EMMEL";"240100";"HOSPITALIZACIÓN QUIRÚRGICA CIRUGÍA GENERAL ";"96";"90";"147";"146";"6";"186";"0"
"2023";"09";"040126";"AREQUIPA";"AREQUIPA";"YANAHUARA";"PRIVADO";"II-1";"00028448";"CLINICA EMMEL";"240200";"HOSPITALIZACIÓN QUIRÚRGICA CIRUGÍA DE CABEZA Y CUELLO / MÁXILO FACIAL ";"3";"3";"9";"9";"2";"62";"0"
"2023";"09";"040126";"AREQUIPA";"AREQUIPA";"YANAHUARA";"PRIVADO";"II-1";"00028448";"CLINICA EMMEL";"240300";"HOSPITALIZACIÓN QUIRÚRGICA CIRUGÍA DIGESTIVA ";"0";"1";"1";"1";"1";"31";"0"
"2023";"09";"040126";"AREQUIPA";"AREQUIPA";"YANAHUARA";"PRIVADO";"II-1";"00028448";"CLINICA EMMEL";"240800";"HOSPITALIZACIÓN QUIRÚRGICA CIRUGÍA PLÁSTICA/RECONSTRUCTIVA/ REPARADORA ";"2";"2";"2";"2";"1";"31";"0"
"2023";"09";"040126";"AREQUIPA";"AREQUIPA";"YANAHUARA";"PRIVADO";"II-1";"00028448";"CLINICA EMMEL";"240900";"HOSPITALIZACIÓN QUIRÚRGICA NEUROCIRUGÍA ";"4";"4";"12";"9";"2";"62";"0"
"2023";"09";"040126";"AREQUIPA";"AREQUIPA";"YANAHUARA";"PRIVADO";"II-1";"00028448";"CLINICA EMMEL";"241000";"HOSPITALIZACIÓN QUIRÚRGICA ONCOLOGÍA QUIRÚRGICA  ";"3";"2";"3";"3";"1";"31";"0"
"2023";"09";"040126";"AREQUIPA";"AREQUIPA";"YANAHUARA";"PRIVADO";"II-1";"00028448";"CLINICA EMMEL";"241100";"HOSPITALIZACIÓN QUIRÚRGICA OTORRINOLARINGOLOGÍA  ";"1";"1";"1";"1";"1";"31";"0"
"2023";"09";"040126";"AREQUIPA";"AREQUIPA";"YANAHUARA";"PRIVADO";"II-1";"00028448";"CLINICA EMMEL";"241200";"HOSPITALIZACIÓN QUIRÚRGICA TRAUMATOLOGÍA Y ORTOPEDIA ";"11";"12";"23";"19";"3";"93";"0"
"2023";"09";"040126";"AREQUIPA";"AREQUIPA";"YANAHUARA";"PRIVADO";"II-1";"00028448";"CLINICA EMMEL";"241300";"HOSPITALIZACIÓN QUIRÚRGICA UROLOGÍA  ";"8";"6";"17";"17";"1";"31";"0"
"2023";"09";"040126";"AREQUIPA";"AREQUIPA";"YANAHUARA";"PRIVADO";"II-1";"00028448";"CLINICA EMMEL";"241400";"HOSPITALIZACIÓN QUIRÚRGICA GINECO - OBSTETRICIA ";"9";"9";"10";"10";"2";"62";"0"
"2023";"09";"220105";"SAN MARTIN";"MOYOBAMBA";"SORITOR";"GOBIERNO REGIONAL";"I-2";"00006336";"SAN MARCOS";"NE_0001";"";"NE_0001";"NE_0001";"NE_0001";"NE_0001";"NE_0001";"NE_0001";"NE_0001"
"2023";"09";"220103";"SAN MARTIN";"MOYOBAMBA";"HABANA";"GOBIERNO REGIONAL";"I-3";"00006327";"CENTRO DE SALUD HABANA";"NE_0001";"";"NE_0001";"NE_0001";"NE_0001";"NE_0001";"NE_0001";"NE_0001";"NE_0001"
"2023";"09";"220105";"SAN MARTIN";"MOYOBAMBA";"SORITOR";"GOBIERNO REGIONAL";"I-4";"00006332";"SORITOR";"241600";"HOSPITALIZACIÓN QUIRÚRGICA OBSTETRICIA   ";"18";"18";"36";"18";"6";"180";"0"
"2023";"09";"220105";"SAN MARTIN";"MOYOBAMBA";"SORITOR";"GOBIERNO REGIONAL";"I-4";"00006332";"SORITOR";"241800";"HOSPITALIZACIÓN DE MEDICINA MEDICINA GENERAL ";"30";"35";"78";"30";"6";"180";"0"
"2023";"09";"010201";"AMAZONAS";"BAGUA";"BAGUA";"ESSALUD";"II-1";"00009068";"HOSPITAL I HEROES DEL CENEPA";"241800";"HOSPITALIZACIÓN DE MEDICINA MEDICINA GENERAL ";"48";"48";"172";"115";"4";"120";"0"
"2023";"09";"010201";"AMAZONAS";"BAGUA";"BAGUA";"ESSALUD";"II-1";"00009068";"HOSPITAL I HEROES DEL CENEPA";"240100";"HOSPITALIZACIÓN QUIRÚRGICA CIRUGÍA GENERAL ";"12";"12";"33";"85";"3";"90";"0"
"2023";"09";"010201";"AMAZONAS";"BAGUA";"BAGUA";"ESSALUD";"II-1";"00009068";"HOSPITAL I HEROES DEL CENEPA";"241500";"HOSPITALIZACIÓN QUIRÚRGICA GINECOLOGÍA  ";"25";"25";"71";"65";"3";"90";"0"
"2023";"09";"010201";"AMAZONAS";"BAGUA";"BAGUA";"ESSALUD";"II-1";"00009068";"HOSPITAL I HEROES DEL CENEPA";"242300";"HOSPITALIZACIÓN DE PEDIATRÍA  PEDIATRÍA  GENERAL ";"30";"30";"77";"85";"3";"90";"0"
"2023";"09";"150130";"LIMA";"LIMA";"SAN BORJA";"PRIVADO";"II-1";"00008258";"REJUVENECIMIENTO Y ESTETICA CABANI SRL";"240800";"HOSPITALIZACIÓN QUIRÚRGICA CIRUGÍA PLÁSTICA/RECONSTRUCTIVA/ REPARADORA ";"31";"31";"18";"48";"6";"180";"0"
"2023";"09";"150113";"LIMA";"LIMA";"JESUS MARIA";"ESSALUD";"0";"00016488";"CENTRO NACIONAL DE SALUD RENAL - ESSALUD";"NE_0001";"";"NE_0001";"NE_0001";"NE_0001";"NE_0001";"NE_0001";"NE_0001";"NE_0001"
"2023";"09";"150101";"LIMA";"LIMA";"LIMA";"MINSA";"III-1";"00006207";"HOSPITAL NACIONAL ARZOBISPO LOAYZA";"241900";"HOSPITALIZACIÓN DE MEDICINA MEDICINA INTERNA ";"592";"572";"5489";"6017";"222";"6660";"41"
"2023";"09";"150101";"LIMA";"LIMA";"LIMA";"MINSA";"III-1";"00006207";"HOSPITAL NACIONAL ARZOBISPO LOAYZA";"240100";"HOSPITALIZACIÓN QUIRÚRGICA CIRUGÍA GENERAL ";"465";"495";"3296";"3801";"150";"4500";"3"
"2023";"09";"150101";"LIMA";"LIMA";"LIMA";"MINSA";"III-1";"00006207";"HOSPITAL NACIONAL ARZOBISPO LOAYZA";"241500";"HOSPITALIZACIÓN QUIRÚRGICA GINECOLOGÍA  ";"112";"109";"728";"775";"34";"1020";"0"
"2023";"09";"150101";"LIMA";"LIMA";"LIMA";"MINSA";"III-1";"00006207";"HOSPITAL NACIONAL ARZOBISPO LOAYZA";"241600";"HOSPITALIZACIÓN QUIRÚRGICA OBSTETRICIA   ";"174";"164";"715";"790";"53";"1590";"0"
"2023";"09";"150101";"LIMA";"LIMA";"LIMA";"MINSA";"III-1";"00006207";"HOSPITAL NACIONAL ARZOBISPO LOAYZA";"242300";"HOSPITALIZACIÓN DE PEDIATRÍA  PEDIATRÍA  GENERAL ";"91";"88";"439";"748";"38";"1140";"1"
"2023";"09";"150101";"LIMA";"LIMA";"LIMA";"MINSA";"III-1";"00006207";"HOSPITAL NACIONAL ARZOBISPO LOAYZA";"250100";"UNIDAD DE CUIDADOS CRITICOS UNIDAD  DE CUIDADOS INTENSIVOS GENERALES (UCI) ";"44";"17";"1067";"1111";"45";"1350";"12"
"2023";"09";"150101";"LIMA";"LIMA";"LIMA";"MINSA";"III-1";"00006207";"HOSPITAL NACIONAL ARZOBISPO LOAYZA";"250200";"UNIDAD DE CUIDADOS CRITICOS UNIDAD DE CUIDADOS INTERMEDIOS GENERAL  (UCIN) ";"3";"3";"77";"149";"6";"180";"0"
"2023";"09";"150101";"LIMA";"LIMA";"LIMA";"MINSA";"III-1";"00006207";"HOSPITAL NACIONAL ARZOBISPO LOAYZA";"240801";"HOSPITALIZACIÓN QUIRÚRGICA CIRUGÍA PLÁSTICA/RECONSTRUCTIVA/ REPARADORA QUEMADOS";"27";"28";"753";"670";"23";"690";"0"
"2023";"09";"150101";"LIMA";"LIMA";"LIMA";"MINSA";"III-1";"00006207";"HOSPITAL NACIONAL ARZOBISPO LOAYZA";"250105";"UNIDAD DE CUIDADOS CRITICOS UNIDAD  DE CUIDADOS INTENSIVOS  (UCI) NEONATOLOGÍA";"19";"27";"381";"357";"26";"780";"4"
"2023";"09";"150101";"LIMA";"LIMA";"LIMA";"MINSA";"III-1";"00006207";"HOSPITAL NACIONAL ARZOBISPO LOAYZA";"250101";"UNIDAD DE CUIDADOS CRITICOS UNIDAD  DE CUIDADOS INTENSIVOS GENERALES (UCI) CARDIOLOGIA";"18";"18";"176";"114";"6";"180";"3"
"2023";"09";"150101";"LIMA";"LIMA";"LIMA";"MINSA";"III-1";"00006207";"HOSPITAL NACIONAL ARZOBISPO LOAYZA";"241200";"HOSPITALIZACIÓN QUIRÚRGICA TRAUMATOLOGÍA Y ORTOPEDIA ";"69";"76";"677";"507";"20";"600";"1"
"2023";"09";"150101";"LIMA";"LIMA";"LIMA";"MINSA";"III-1";"00006207";"HOSPITAL NACIONAL ARZOBISPO LOAYZA";"245300";"HOSPITALIZACIÓN DE MEDICINA NEUMOLOGÍA  ";"4";"4";"232";"111";"4";"120";"1"
"2023";"09";"021801";"ANCASH";"SANTA";"CHIMBOTE";"ESSALUD";"0";"00009047";"HOSPITAL III CHIMBOTE";"240700";"HOSPITALIZACIÓN QUIRÚRGICA CIRUGÍA PEDIÁTRICA ";"25";"25";"34";"56";"2";"56";"0"
"2023";"09";"021801";"ANCASH";"SANTA";"CHIMBOTE";"ESSALUD";"0";"00009047";"HOSPITAL III CHIMBOTE";"243200";"HOSPITALIZACIÓN DE PEDIATRÍA PEDIATRIA NEONATOLOGÍA";"112";"106";"236";"160";"10";"300";"0"
"2023";"09";"021801";"ANCASH";"SANTA";"CHIMBOTE";"ESSALUD";"0";"00009047";"HOSPITAL III CHIMBOTE";"240100";"HOSPITALIZACIÓN QUIRÚRGICA CIRUGÍA GENERAL ";"18";"14";"159";"134";"5";"150";"1"
"2023";"09";"021801";"ANCASH";"SANTA";"CHIMBOTE";"ESSALUD";"0";"00009047";"HOSPITAL III CHIMBOTE";"250200";"UNIDAD DE CUIDADOS CRITICOS UNIDAD DE CUIDADOS INTERMEDIOS GENERAL  (UCIN) ";"13";"13";"187";"236";"8";"240";"2"
"2023";"09";"040122";"AREQUIPA";"AREQUIPA";"SOCABAYA";"GOBIERNO REGIONAL";"I-2";"00001272";"PUESTO DE SALUD SALAVERRY";"NE_0001";"";"NE_0001";"NE_0001";"NE_0001";"NE_0001";"NE_0001";"NE_0001";"NE_0001"
"2023";"09";"060401";"CAJAMARCA";"CHOTA";"CHOTA";"GOBIERNO REGIONAL";"II-1";"00004659";"HOSPITAL DE APOYO CHOTA - JOSE SOTO CADENILLAS";"240100";"HOSPITALIZACIÓN QUIRÚRGICA CIRUGÍA GENERAL ";"65";"70";"242";"474";"16";"480";"0"
"2023";"09";"060401";"CAJAMARCA";"CHOTA";"CHOTA";"GOBIERNO REGIONAL";"II-1";"00004659";"HOSPITAL DE APOYO CHOTA - JOSE SOTO CADENILLAS";"241400";"HOSPITALIZACIÓN QUIRÚRGICA GINECO - OBSTETRICIA ";"153";"170";"383";"271";"20";"600";"0"
"2023";"09";"060401";"CAJAMARCA";"CHOTA";"CHOTA";"GOBIERNO REGIONAL";"II-1";"00004659";"HOSPITAL DE APOYO CHOTA - JOSE SOTO CADENILLAS";"241800";"HOSPITALIZACIÓN DE MEDICINA MEDICINA GENERAL ";"66";"72";"292";"306";"11";"330";"0"
"2023";"09";"060401";"CAJAMARCA";"CHOTA";"CHOTA";"GOBIERNO REGIONAL";"II-1";"00004659";"HOSPITAL DE APOYO CHOTA - JOSE SOTO CADENILLAS";"242500";"HOSPITALIZACIÓN-PEDIATRÍA GENERAL-";"78";"90";"271";"236";"8";"240";"0"
"2023";"09";"120504";"JUNIN";"JUNIN";"ULCUMAYO";"GOBIERNO REGIONAL";"I-1";"00000603";"YAPACMARCA";"NE_0001";"";"NE_0001";"NE_0001";"NE_0001";"NE_0001";"NE_0001";"NE_0001";"NE_0001"
"2023";"09";"120504";"JUNIN";"JUNIN";"ULCUMAYO";"GOBIERNO REGIONAL";"I-1";"00000607";"PISCURRURAY";"NE_0001";"";"NE_0001";"NE_0001";"NE_0001";"NE_0001";"NE_0001";"NE_0001";"NE_0001"
"2023";"09";"120504";"JUNIN";"JUNIN";"ULCUMAYO";"GOBIERNO REGIONAL";"I-3";"00000601";"ULCUMAYO";"NE_0001";"";"NE_0001";"NE_0001";"NE_0001";"NE_0001";"NE_0001";"NE_0001";"NE_0001"
"2023";"09";"120504";"JUNIN";"JUNIN";"ULCUMAYO";"GOBIERNO REGIONAL";"I-1";"00000606";"QUIPACANCHA";"NE_0001";"";"NE_0001";"NE_0001";"NE_0001";"NE_0001";"NE_0001";"NE_0001";"NE_0001"
"2023";"09";"150110";"LIMA";"LIMA";"COMAS";"PRIVADO";"II-1";"00009144";"CLINICA MEDICA ZEGARRA S.A.C.";"241400";"HOSPITALIZACIÓN QUIRÚRGICA GINECO - OBSTETRICIA ";"14";"13";"2";"3";"5";"117";"0"
"2023";"09";"150110";"LIMA";"LIMA";"COMAS";"PRIVADO";"II-1";"00009144";"CLINICA MEDICA ZEGARRA S.A.C.";"240100";"HOSPITALIZACIÓN QUIRÚRGICA CIRUGÍA GENERAL ";"21";"29";"65";"3";"3";"98";"0"
"2023";"09";"150110";"LIMA";"LIMA";"COMAS";"PRIVADO";"II-1";"00009144";"CLINICA MEDICA ZEGARRA S.A.C.";"241200";"HOSPITALIZACIÓN QUIRÚRGICA TRAUMATOLOGÍA Y ORTOPEDIA ";"10";"11";"39";"4";"3";"36";"0"
"2023";"09";"220101";"SAN MARTIN";"MOYOBAMBA";"MOYOBAMBA";"GOBIERNO REGIONAL";"I-1";"00006319";"BUENOS AIRES";"NE_0002";"";"NE_0002";"NE_0002";"NE_0002";"NE_0002";"NE_0002";"NE_0002";"NE_0002"
"2023";"09";"220106";"SAN MARTIN";"MOYOBAMBA";"YANTALO";"GOBIERNO REGIONAL";"I-3";"00006318";"YANTALO";"NE_0002";"";"NE_0002";"NE_0002";"NE_0002";"NE_0002";"NE_0002";"NE_0002";"NE_0002"
"2023";"09";"150131";"LIMA";"LIMA";"SAN ISIDRO";"PRIVADO";"II-E";"00011358";"CONFÍA INSTITUTO OFTALMOLÓGICO";"NE_0001";"";"NE_0001";"NE_0001";"NE_0001";"NE_0001";"NE_0001";"NE_0001";"NE_0001"
"2023";"09";"190103";"PASCO";"PASCO";"HUARIACA";"ESSALUD";"II-E";"00009749";"HOSPITAL II - E HUARIACA";"241800";"HOSPITALIZACIÓN DE MEDICINA MEDICINA GENERAL ";"31";"30";"99";"107";"9";"270";"0"
"2023";"09";"190103";"PASCO";"PASCO";"HUARIACA";"ESSALUD";"II-E";"00009749";"HOSPITAL II - E HUARIACA";"242100";"HOSPITALIZACIÓN DE MEDICINA ONCOLOGÍA MÉDICA ";"48";"45";"122";"127";"10";"300";"1"
"2023";"09";"190103";"PASCO";"PASCO";"HUARIACA";"ESSALUD";"II-E";"00009749";"HOSPITAL II - E HUARIACA";"242200";"HOSPITALIZACIÓN DE MEDICINA PSIQUIATRÍA ";"5";"5";"171";"1026";"70";"2100";"0"
"2023";"09";"190103";"PASCO";"PASCO";"HUARIACA";"ESSALUD";"II-E";"00009749";"HOSPITAL II - E HUARIACA";"240100";"HOSPITALIZACIÓN QUIRÚRGICA CIRUGÍA GENERAL ";"17";"16";"63";"65";"3";"90";"0"
"2023";"09";"190103";"PASCO";"PASCO";"HUARIACA";"ESSALUD";"II-E";"00009749";"HOSPITAL II - E HUARIACA";"241400";"HOSPITALIZACIÓN QUIRÚRGICA GINECO - OBSTETRICIA ";"6";"7";"12";"11";"2";"60";"0"
"2023";"09";"120214";"JUNIN";"CONCEPCION";"SAN JOSE DE QUERO";"GOBIERNO REGIONAL";"I-3";"00000641";"SAN JOSE DE QUERO";"NE_0001";"";"NE_0001";"NE_0001";"NE_0001";"NE_0001";"NE_0001";"NE_0001";"NE_0001"
"2023";"09";"120214";"JUNIN";"CONCEPCION";"SAN JOSE DE QUERO";"GOBIERNO REGIONAL";"I-1";"00000644";"SANTA ROSA DE HUARMITA";"NE_0001";"";"NE_0001";"NE_0001";"NE_0001";"NE_0001";"NE_0001";"NE_0001";"NE_0001"
"2023";"09";"120214";"JUNIN";"CONCEPCION";"SAN JOSE DE QUERO";"GOBIERNO REGIONAL";"I-1";"00006738";"SULCAN";"NE_0001";"";"NE_0001";"NE_0001";"NE_0001";"NE_0001";"NE_0001";"NE_0001";"NE_0001"
"2023";"09";"120214";"JUNIN";"CONCEPCION";"SAN JOSE DE QUERO";"GOBIERNO REGIONAL";"I-1";"00000643";"SAN ROQUE DE HUARMITA";"NE_0001";"";"NE_0001";"NE_0001";"NE_0001";"NE_0001";"NE_0001";"NE_0001";"NE_0001"
"2023";"09";"120214";"JUNIN";"CONCEPCION";"SAN JOSE DE QUERO";"GOBIERNO REGIONAL";"I-2";"00000645";"USIBAMBA";"NE_0001";"";"NE_0001";"NE_0001";"NE_0001";"NE_0001";"NE_0001";"NE_0001";"NE_0001"
"2023";"09";"130301";"LA LIBERTAD";"BOLIVAR";"BOLIVAR";"GOBIERNO REGIONAL";"II-1";"00005366";"HOSPITAL PROVINCIAL DE BOLIVAR";"241800";"HOSPITALIZACIÓN DE MEDICINA MEDICINA GENERAL ";"2";"1";"1";"6";"4";"120";"0"
"2023";"09";"130101";"LA LIBERTAD";"TRUJILLO";"TRUJILLO";"GOBIERNO REGIONAL";"II-1";"00005204";"HOSPITAL DE ESPECIALIDADES BASICAS LA NORIA";"241800";"HOSPITALIZACIÓN DE MEDICINA MEDICINA GENERAL ";"9";"8";"17";"15";"4";"120";"0"
"2023";"09";"130101";"LA LIBERTAD";"TRUJILLO";"TRUJILLO";"GOBIERNO REGIONAL";"II-1";"00005204";"HOSPITAL DE ESPECIALIDADES BASICAS LA NORIA";"243200";"HOSPITALIZACIÓN DE PEDIATRÍA PEDIATRIA NEONATOLOGÍA";"5";"5";"7";"7";"4";"120";"0"
"2023";"09";"130101";"LA LIBERTAD";"TRUJILLO";"TRUJILLO";"GOBIERNO REGIONAL";"II-1";"00005204";"HOSPITAL DE ESPECIALIDADES BASICAS LA NORIA";"241400";"HOSPITALIZACIÓN QUIRÚRGICA GINECO - OBSTETRICIA ";"34";"34";"47";"47";"4";"120";"0"
"2023";"09";"130101";"LA LIBERTAD";"TRUJILLO";"TRUJILLO";"GOBIERNO REGIONAL";"II-1";"00005204";"HOSPITAL DE ESPECIALIDADES BASICAS LA NORIA";"241600";"HOSPITALIZACIÓN QUIRÚRGICA OBSTETRICIA   ";"22";"20";"23";"27";"5";"150";"0"
"2023";"09";"100102";"HUANUCO";"HUANUCO";"AMARILIS";"ESSALUD";"II-2";"00010571";"HOSPITAL II HUANUCO";"241800";"HOSPITALIZACIÓN DE MEDICINA MEDICINA GENERAL ";"113";"111";"816";"620";"21";"630";"8"
"2023";"09";"100102";"HUANUCO";"HUANUCO";"AMARILIS";"ESSALUD";"II-2";"00010571";"HOSPITAL II HUANUCO";"241300";"HOSPITALIZACIÓN QUIRÚRGICA UROLOGÍA  ";"9";"9";"42";"76";"3";"90";"0"
"2023";"09";"100102";"HUANUCO";"HUANUCO";"AMARILIS";"ESSALUD";"II-2";"00010571";"HOSPITAL II HUANUCO";"240100";"HOSPITALIZACIÓN QUIRÚRGICA CIRUGÍA GENERAL ";"88";"84";"330";"311";"11";"330";"0"
"2023";"09";"100102";"HUANUCO";"HUANUCO";"AMARILIS";"ESSALUD";"II-2";"00010571";"HOSPITAL II HUANUCO";"241200";"HOSPITALIZACIÓN QUIRÚRGICA TRAUMATOLOGÍA Y ORTOPEDIA ";"29";"28";"244";"294";"10";"300";"0"
"2023";"09";"100102";"HUANUCO";"HUANUCO";"AMARILIS";"ESSALUD";"II-2";"00010571";"HOSPITAL II HUANUCO";"241100";"HOSPITALIZACIÓN QUIRÚRGICA OTORRINOLARINGOLOGÍA  ";"1";"1";"4";"4";"1";"30";"0"
"2023";"09";"100102";"HUANUCO";"HUANUCO";"AMARILIS";"ESSALUD";"II-2";"00010571";"HOSPITAL II HUANUCO";"241500";"HOSPITALIZACIÓN QUIRÚRGICA GINECOLOGÍA  ";"16";"19";"63";"52";"2";"60";"0"
"2023";"09";"100102";"HUANUCO";"HUANUCO";"AMARILIS";"ESSALUD";"II-2";"00010571";"HOSPITAL II HUANUCO";"241600";"HOSPITALIZACIÓN QUIRÚRGICA OBSTETRICIA   ";"240";"165";"343";"341";"18";"540";"0"
"2023";"09";"100102";"HUANUCO";"HUANUCO";"AMARILIS";"ESSALUD";"II-2";"00010571";"HOSPITAL II HUANUCO";"242300";"HOSPITALIZACIÓN DE PEDIATRÍA  PEDIATRÍA  GENERAL ";"20";"20";"101";"113";"9";"270";"0"
"2023";"09";"100102";"HUANUCO";"HUANUCO";"AMARILIS";"ESSALUD";"II-2";"00010571";"HOSPITAL II HUANUCO";"243200";"HOSPITALIZACIÓN DE PEDIATRÍA PEDIATRIA NEONATOLOGÍA";"131";"114";"0";"200";"10";"300";"0"
"2023";"09";"100102";"HUANUCO";"HUANUCO";"AMARILIS";"ESSALUD";"II-2";"00010571";"HOSPITAL II HUANUCO";"250100";"UNIDAD DE CUIDADOS CRITICOS UNIDAD  DE CUIDADOS INTENSIVOS GENERALES (UCI) ";"19";"18";"265";"179";"9";"270";"1"
"2023";"09";"100102";"HUANUCO";"HUANUCO";"AMARILIS";"ESSALUD";"II-2";"00010571";"HOSPITAL II HUANUCO";"250200";"UNIDAD DE CUIDADOS CRITICOS UNIDAD DE CUIDADOS INTERMEDIOS GENERAL  (UCIN) ";"5";"6";"90";"77";"4";"120";"6"
"2023";"09";"100102";"HUANUCO";"HUANUCO";"AMARILIS";"ESSALUD";"II-2";"00010571";"HOSPITAL II HUANUCO";"250201";"UNIDAD DE CUIDADOS CRITICOS UNIDAD DE CUIDADOS INTERMEDIOS  (UCIN) NEONATAL";"11";"8";"0";"91";"6";"180";"0"
"2023";"09";"090312";"HUANCAVELICA";"ANGARAES";"SECCLLA";"GOBIERNO REGIONAL";"I-1";"00003970";"QUISPICANCHA";"NE_0001";"";"NE_0001";"NE_0001";"NE_0001";"NE_0001";"NE_0001";"NE_0001";"NE_0001"
"2023";"09";"090301";"HUANCAVELICA";"ANGARAES";"LIRCAY";"GOBIERNO REGIONAL";"I-1";"00011769";"YANAUTUTO";"NE_0001";"";"NE_0001";"NE_0001";"NE_0001";"NE_0001";"NE_0001";"NE_0001";"NE_0001"
"2023";"09";"090303";"HUANCAVELICA";"ANGARAES";"CALLANMARCA";"GOBIERNO REGIONAL";"I-1";"00003952";"CALLANMARCA";"NE_0001";"";"NE_0001";"NE_0001";"NE_0001";"NE_0001";"NE_0001";"NE_0001";"NE_0001"
"2023";"05";"070106";"CALLAO";"CALLAO";"VENTANILLA";"GOBIERNO REGIONAL";"I-2";"00006257";"PUESTO DE SALUD ANGAMOS";"NE_0001";"";"NE_0001";"NE_0001";"NE_0001";"NE_0001";"NE_0001";"NE_0001";"NE_0001"
"2023";"05";"150142";"LIMA";"LIMA";"VILLA EL SALVADOR";"PRIVADO";"II-E";"00024178";"CLINIC NOVASALUD";"240000";"HOSPITALIZACIÓN";"17";"17";"15";"17";"7";"13";"0"
"2023";"06";"150119";"LIMA";"LIMA";"LURIN";"ESSALUD";"I-3";"00009979";"CENTRO DE ATENCION PRIMARIA II LURIN";"NE_0001";"";"NE_0001";"NE_0001";"NE_0001";"NE_0001";"NE_0001";"NE_0001";"NE_0001"
"2023";"06";"150143";"LIMA";"LIMA";"VILLA MARIA DEL TRIUNFO";"PRIVADO";"I-2";"00018825";"GUILLERMO KAELIN DE LA FUENTE";"NE_0001";"";"NE_0001";"NE_0001";"NE_0001";"NE_0001";"NE_0001";"NE_0001";"NE_0001"
"2023";"08";"250105";"UCAYALI";"CORONEL PORTILLO";"YARINACOCHA";"GOBIERNO REGIONAL";"II-2";"00005577";"HOSPITAL AMAZONICO - YARINACOCHA";"242500";"HOSPITALIZACIÓN-PEDIATRÍA GENERAL-";"69";"85";"543";"553";"21";"651";"0"
"2023";"08";"250105";"UCAYALI";"CORONEL PORTILLO";"YARINACOCHA";"GOBIERNO REGIONAL";"II-2";"00005577";"HOSPITAL AMAZONICO - YARINACOCHA";"250105";"UNIDAD DE CUIDADOS CRITICOS UNIDAD  DE CUIDADOS INTENSIVOS  (UCI) NEONATOLOGÍA";"4";"4";"11";"13";"6";"186";"3"
"2023";"08";"250105";"UCAYALI";"CORONEL PORTILLO";"YARINACOCHA";"GOBIERNO REGIONAL";"II-2";"00005577";"HOSPITAL AMAZONICO - YARINACOCHA";"240100";"HOSPITALIZACIÓN QUIRÚRGICA CIRUGÍA GENERAL ";"73";"87";"988";"806";"26";"806";"0"
"2023";"08";"250105";"UCAYALI";"CORONEL PORTILLO";"YARINACOCHA";"GOBIERNO REGIONAL";"II-2";"00005577";"HOSPITAL AMAZONICO - YARINACOCHA";"241800";"HOSPITALIZACIÓN DE MEDICINA MEDICINA GENERAL ";"50";"72";"664";"688";"29";"899";"5"
"2023";"08";"250105";"UCAYALI";"CORONEL PORTILLO";"YARINACOCHA";"GOBIERNO REGIONAL";"II-2";"00005577";"HOSPITAL AMAZONICO - YARINACOCHA";"242200";"HOSPITALIZACIÓN DE MEDICINA PSIQUIATRÍA ";"6";"10";"177";"185";"9";"279";"0"
"2023";"08";"250105";"UCAYALI";"CORONEL PORTILLO";"YARINACOCHA";"GOBIERNO REGIONAL";"II-2";"00005577";"HOSPITAL AMAZONICO - YARINACOCHA";"243200";"HOSPITALIZACIÓN DE PEDIATRÍA PEDIATRIA NEONATOLOGÍA";"31";"38";"265";"301";"12";"372";"0"
"2023";"08";"250105";"UCAYALI";"CORONEL PORTILLO";"YARINACOCHA";"GOBIERNO REGIONAL";"II-2";"00005577";"HOSPITAL AMAZONICO - YARINACOCHA";"250103";"UNIDAD DE CUIDADOS CRITICOS UNIDAD  DE CUIDADOS INTENSIVOS GENERALES  (UCI) MEDICINA";"3";"4";"38";"39";"9";"279";"3"
"2023";"08";"250105";"UCAYALI";"CORONEL PORTILLO";"YARINACOCHA";"GOBIERNO REGIONAL";"II-2";"00005577";"HOSPITAL AMAZONICO - YARINACOCHA";"250302";"HOSPIT. EN UNIDAD DE CUID.INTEN.-UNIDAD DE VIGILANCIA INTENSIVA (UVI)-GINECO-OBSTETRICIA";"3";"3";"9";"12";"3";"93";"0"
"2023";"08";"150101";"LIMA";"LIMA";"LIMA";"MINSA";"III-2";"00006217";"INO DR. FRANCISCO CONTRERAS C.";"240600";"HOSPITALIZACIÓN QUIRÚRGICA CIRUGÍA OFTALMOLÓGICA ";"10";"9";"42";"9";"7";"217";"0"
"2023";"08";"150133";"LIMA";"LIMA";"SAN JUAN DE MIRAFLORES";"MINSA";"III-1";"00005987";"HOSPITAL MARIA AUXILIADORA";"240100";"HOSPITALIZACIÓN QUIRÚRGICA CIRUGÍA GENERAL ";"135";"150";"849";"696";"32";"992";"0"
"2023";"08";"150133";"LIMA";"LIMA";"SAN JUAN DE MIRAFLORES";"MINSA";"III-1";"00005987";"HOSPITAL MARIA AUXILIADORA";"241400";"HOSPITALIZACIÓN QUIRÚRGICA GINECO - OBSTETRICIA ";"293";"297";"3140";"2932";"114";"3560";"14"
"2023";"08";"150133";"LIMA";"LIMA";"SAN JUAN DE MIRAFLORES";"MINSA";"III-1";"00005987";"HOSPITAL MARIA AUXILIADORA";"241900";"HOSPITALIZACIÓN DE MEDICINA MEDICINA INTERNA ";"42";"45";"429";"390";"14";"434";"2"
"2023";"08";"150133";"LIMA";"LIMA";"SAN JUAN DE MIRAFLORES";"MINSA";"III-1";"00005987";"HOSPITAL MARIA AUXILIADORA";"243200";"HOSPITALIZACIÓN DE PEDIATRÍA PEDIATRIA NEONATOLOGÍA";"311";"327";"2312";"2099";"82";"2549";"3"
"2023";"08";"150133";"LIMA";"LIMA";"SAN JUAN DE MIRAFLORES";"MINSA";"III-1";"00005987";"HOSPITAL MARIA AUXILIADORA";"242100";"HOSPITALIZACIÓN DE MEDICINA ONCOLOGÍA MÉDICA ";"466";"495";"1516";"1096";"67";"2104";"0"
"2023";"08";"150133";"LIMA";"LIMA";"SAN JUAN DE MIRAFLORES";"MINSA";"III-1";"00005987";"HOSPITAL MARIA AUXILIADORA";"242300";"HOSPITALIZACIÓN DE PEDIATRÍA  PEDIATRÍA  GENERAL ";"89";"104";"880";"803";"48";"1488";"0"
"2023";"08";"150133";"LIMA";"LIMA";"SAN JUAN DE MIRAFLORES";"MINSA";"III-1";"00005987";"HOSPITAL MARIA AUXILIADORA";"250100";"UNIDAD DE CUIDADOS CRITICOS UNIDAD  DE CUIDADOS INTENSIVOS GENERALES (UCI) ";"19";"8";"183";"302";"11";"341";"8"
"2023";"08";"150133";"LIMA";"LIMA";"SAN JUAN DE MIRAFLORES";"MINSA";"III-1";"00005987";"HOSPITAL MARIA AUXILIADORA";"250105";"UNIDAD DE CUIDADOS CRITICOS UNIDAD  DE CUIDADOS INTENSIVOS  (UCI) NEONATOLOGÍA";"12";"4";"7";"232";"9";"279";"4"
"2023";"08";"150133";"LIMA";"LIMA";"SAN JUAN DE MIRAFLORES";"MINSA";"III-1";"00005987";"HOSPITAL MARIA AUXILIADORA";"250108";"UNIDAD DE CUIDADOS CRITICOS UNIDAD  DE CUIDADOS INTENSIVOS  (UCI) PEDIÁTRICA";"9";"0";"0";"121";"5";"155";"0"
"2023";"08";"150133";"LIMA";"LIMA";"SAN JUAN DE MIRAFLORES";"MINSA";"III-1";"00005987";"HOSPITAL MARIA AUXILIADORA";"250200";"UNIDAD DE CUIDADOS CRITICOS UNIDAD DE CUIDADOS INTERMEDIOS GENERAL  (UCIN) ";"15";"2";"16";"165";"7";"217";"0"
"2023";"08";"220601";"SAN MARTIN";"MARISCAL CACERES";"JUANJUI";"GOBIERNO REGIONAL";"II-E";"00006919";"HOSPITAL II-E JUANJUI - MC LUIS IZQUIERDO VÁSQUEZ";"240100";"HOSPITALIZACIÓN QUIRÚRGICA CIRUGÍA GENERAL ";"43";"44";"99";"99";"6";"99";"0"
"2023";"08";"220601";"SAN MARTIN";"MARISCAL CACERES";"JUANJUI";"GOBIERNO REGIONAL";"II-E";"00006919";"HOSPITAL II-E JUANJUI - MC LUIS IZQUIERDO VÁSQUEZ";"241400";"HOSPITALIZACIÓN QUIRÚRGICA GINECO - OBSTETRICIA ";"70";"75";"166";"166";"10";"166";"0"
"2023";"08";"220601";"SAN MARTIN";"MARISCAL CACERES";"JUANJUI";"GOBIERNO REGIONAL";"II-E";"00006919";"HOSPITAL II-E JUANJUI - MC LUIS IZQUIERDO VÁSQUEZ";"241600";"HOSPITALIZACIÓN QUIRÚRGICA OBSTETRICIA   ";"56";"56";"78";"78";"10";"78";"0"
"2023";"08";"220601";"SAN MARTIN";"MARISCAL CACERES";"JUANJUI";"GOBIERNO REGIONAL";"II-E";"00006919";"HOSPITAL II-E JUANJUI - MC LUIS IZQUIERDO VÁSQUEZ";"241800";"HOSPITALIZACIÓN DE MEDICINA MEDICINA GENERAL ";"46";"52";"186";"186";"18";"186";"2"
"2023";"08";"220601";"SAN MARTIN";"MARISCAL CACERES";"JUANJUI";"GOBIERNO REGIONAL";"II-E";"00006919";"HOSPITAL II-E JUANJUI - MC LUIS IZQUIERDO VÁSQUEZ";"242500";"HOSPITALIZACIÓN-PEDIATRÍA GENERAL-";"27";"30";"100";"100";"12";"100";"0"
"2023";"08";"120701";"JUNIN";"TARMA";"TARMA";"GOBIERNO REGIONAL";"I-2";"00000587";"POMACHACA";"NE_0001";"";"NE_0001";"NE_0001";"NE_0001";"NE_0001";"NE_0001";"NE_0001";"NE_0001"
"2023";"08";"060606";"CAJAMARCA";"CUTERVO";"PIMPINGOS";"GOBIERNO REGIONAL";"I-1";"00005014";"CONDORHUASI";"NE_0001";"";"NE_0001";"NE_0001";"NE_0001";"NE_0001";"NE_0001";"NE_0001";"NE_0001"
"2023";"08";"060606";"CAJAMARCA";"CUTERVO";"PIMPINGOS";"GOBIERNO REGIONAL";"I-1";"00006867";"LIBERTAD LIMON";"NE_0001";"";"NE_0001";"NE_0001";"NE_0001";"NE_0001";"NE_0001";"NE_0001";"NE_0001"
"2023";"08";"060613";"CAJAMARCA";"CUTERVO";"SANTO TOMAS";"GOBIERNO REGIONAL";"I-1";"00005024";"LANCHEPATA";"NE_0001";"";"NE_0001";"NE_0001";"NE_0001";"NE_0001";"NE_0001";"NE_0001";"NE_0001"
"2023";"08";"060613";"CAJAMARCA";"CUTERVO";"SANTO TOMAS";"GOBIERNO REGIONAL";"I-1";"00005025";"SAN LUIS";"NE_0001";"";"NE_0001";"NE_0001";"NE_0001";"NE_0001";"NE_0001";"NE_0001";"NE_0001"
"2023";"08";"060613";"CAJAMARCA";"CUTERVO";"SANTO TOMAS";"GOBIERNO REGIONAL";"I-1";"00005021";"VIZA";"NE_0001";"";"NE_0001";"NE_0001";"NE_0001";"NE_0001";"NE_0001";"NE_0001";"NE_0001"
"2023";"08";"120707";"JUNIN";"TARMA";"PALCAMAYO";"GOBIERNO REGIONAL";"I-1";"00000529";"OCHONGA";"NE_0001";"";"NE_0001";"NE_0001";"NE_0001";"NE_0001";"NE_0001";"NE_0001";"NE_0001"
"2023";"08";"190307";"PASCO";"OXAPAMPA";"VILLA RICA";"GOBIERNO REGIONAL";"II-1";"00000981";"HOSP. ""ROMAN EGOAVIL PANDO"" VILLA RICA";"241400";"HOSPITALIZACIÓN QUIRÚRGICA GINECO - OBSTETRICIA ";"32";"34";"78";"92";"12";"1308";"0"
"2023";"08";"190307";"PASCO";"OXAPAMPA";"VILLA RICA";"GOBIERNO REGIONAL";"II-1";"00000981";"HOSP. ""ROMAN EGOAVIL PANDO"" VILLA RICA";"241800";"HOSPITALIZACIÓN DE MEDICINA MEDICINA GENERAL ";"72";"74";"180";"32";"16";"1322";"0"
"2023";"08";"210201";"PUNO";"AZANGARO";"AZANGARO";"GOBIERNO REGIONAL";"II-1";"00002941";"CARLOS CORNEJO ROSELLO";"240100";"HOSPITALIZACIÓN QUIRÚRGICA CIRUGÍA GENERAL ";"11";"12";"65";"77";"6";"186";"0"
"2023";"08";"210201";"PUNO";"AZANGARO";"AZANGARO";"GOBIERNO REGIONAL";"II-1";"00002941";"CARLOS CORNEJO ROSELLO";"241500";"HOSPITALIZACIÓN QUIRÚRGICA GINECOLOGÍA  ";"59";"62";"150";"211";"8";"248";"0"
"2023";"08";"210201";"PUNO";"AZANGARO";"AZANGARO";"GOBIERNO REGIONAL";"II-1";"00002941";"CARLOS CORNEJO ROSELLO";"241600";"HOSPITALIZACIÓN QUIRÚRGICA OBSTETRICIA   ";"26";"28";"41";"69";"7";"217";"0"
"2023";"08";"210201";"PUNO";"AZANGARO";"AZANGARO";"GOBIERNO REGIONAL";"II-1";"00002941";"CARLOS CORNEJO ROSELLO";"241800";"HOSPITALIZACIÓN DE MEDICINA MEDICINA GENERAL ";"25";"28";"91";"118";"12";"372";"3"
"2023";"08";"210201";"PUNO";"AZANGARO";"AZANGARO";"GOBIERNO REGIONAL";"II-1";"00002941";"CARLOS CORNEJO ROSELLO";"242500";"HOSPITALIZACIÓN-PEDIATRÍA GENERAL-";"14";"15";"56";"71";"8";"248";"0"
"2023";"08";"210201";"PUNO";"AZANGARO";"AZANGARO";"GOBIERNO REGIONAL";"II-1";"00002941";"CARLOS CORNEJO ROSELLO";"243200";"HOSPITALIZACIÓN DE PEDIATRÍA PEDIATRIA NEONATOLOGÍA";"10";"10";"23";"33";"4";"124";"0"
"2023";"08";"110301";"ICA";"NAZCA";"NAZCA";"GOBIERNO REGIONAL";"II-1";"00003443";"RICARDO CRUZADO RIVAROLA DE NASCA";"240100";"HOSPITALIZACIÓN QUIRÚRGICA CIRUGÍA GENERAL ";"62";"64";"207";"545";"11";"341";"0"
"2023";"08";"110301";"ICA";"NAZCA";"NAZCA";"GOBIERNO REGIONAL";"II-1";"00003443";"RICARDO CRUZADO RIVAROLA DE NASCA";"241500";"HOSPITALIZACIÓN QUIRÚRGICA GINECOLOGÍA  ";"46";"39";"69";"124";"4";"124";"0"
"2023";"08";"110301";"ICA";"NAZCA";"NAZCA";"GOBIERNO REGIONAL";"II-1";"00003443";"RICARDO CRUZADO RIVAROLA DE NASCA";"241600";"HOSPITALIZACIÓN QUIRÚRGICA OBSTETRICIA   ";"95";"94";"184";"434";"14";"434";"0"
"2023";"08";"110301";"ICA";"NAZCA";"NAZCA";"GOBIERNO REGIONAL";"II-1";"00003443";"RICARDO CRUZADO RIVAROLA DE NASCA";"241800";"HOSPITALIZACIÓN DE MEDICINA MEDICINA GENERAL ";"97";"94";"510";"587";"19";"589";"11"
"2023";"08";"110301";"ICA";"NAZCA";"NAZCA";"GOBIERNO REGIONAL";"II-1";"00003443";"RICARDO CRUZADO RIVAROLA DE NASCA";"242500";"HOSPITALIZACIÓN-PEDIATRÍA GENERAL-";"47";"44";"137";"132";"15";"465";"0"
"2023";"08";"220808";"SAN MARTIN";"RIOJA";"YORONGOS";"GOBIERNO REGIONAL";"I-1";"00006276";"PUESTO DE SALUD NUEVO TABALOSOS";"NE_0002";"";"NE_0002";"NE_0002";"NE_0002";"NE_0002";"NE_0002";"NE_0002";"NE_0002"
"2023";"08";"220801";"SAN MARTIN";"RIOJA";"RIOJA";"GOBIERNO REGIONAL";"I-1";"00006280";"PUESTO DE SALUD PORVENIR";"NE_0002";"";"NE_0002";"NE_0002";"NE_0002";"NE_0002";"NE_0002";"NE_0002";"NE_0002"
"2023";"08";"220801";"SAN MARTIN";"RIOJA";"RIOJA";"GOBIERNO REGIONAL";"I-1";"00006708";"PUESTO DE SALUD PERLA DE CASCAYUNGA";"NE_0002";"";"NE_0002";"NE_0002";"NE_0002";"NE_0002";"NE_0002";"NE_0002";"NE_0002"
"2023";"08";"220806";"SAN MARTIN";"RIOJA";"POSIC";"GOBIERNO REGIONAL";"I-1";"00006274";"PUESTO DE SALUD POSIC";"NE_0002";"";"NE_0002";"NE_0002";"NE_0002";"NE_0002";"NE_0002";"NE_0002";"NE_0002"
"2023";"08";"220801";"SAN MARTIN";"RIOJA";"RIOJA";"GOBIERNO REGIONAL";"I-4";"00006270";"CENTRO DE SALUD NUEVA RIOJA";"241600";"HOSPITALIZACIÓN QUIRÚRGICA OBSTETRICIA   ";"7";"7";"7";"7";"7";"186";"0"
"2023";"08";"220801";"SAN MARTIN";"RIOJA";"RIOJA";"GOBIERNO REGIONAL";"I-4";"00006270";"CENTRO DE SALUD NUEVA RIOJA";"241800";"HOSPITALIZACIÓN DE MEDICINA MEDICINA GENERAL ";"65";"65";"177";"7";"7";"496";"0"
"2023";"08";"220801";"SAN MARTIN";"RIOJA";"RIOJA";"GOBIERNO REGIONAL";"I-1";"00006271";"PUESTO DE SALUD MASHUYACU";"NE_0002";"";"NE_0002";"NE_0002";"NE_0002";"NE_0002";"NE_0002";"NE_0002";"NE_0002"
"2023";"08";"100501";"HUANUCO";"HUAMALIES";"LLATA";"ESSALUD";"I-3";"00027591";"POSTA MEDICA LLATA";"NE_0001";"";"NE_0001";"NE_0001";"NE_0001";"NE_0001";"NE_0001";"NE_0001";"NE_0001"
"2023";"08";"180303";"MOQUEGUA";"ILO";"PACOCHA";"PRIVADO";"II-1";"00017563";"HOSPITAL SPCC - ILO";"240100";"HOSPITALIZACIÓN QUIRÚRGICA CIRUGÍA GENERAL ";"12";"10";"33";"46";"12";"372";"0"
"2023";"08";"180303";"MOQUEGUA";"ILO";"PACOCHA";"PRIVADO";"II-1";"00017563";"HOSPITAL SPCC - ILO";"241800";"HOSPITALIZACIÓN DE MEDICINA MEDICINA GENERAL ";"7";"7";"36";"56";"14";"434";"0"
"2023";"08";"090312";"HUANCAVELICA";"ANGARAES";"SECCLLA";"GOBIERNO REGIONAL";"I-1";"00003970";"QUISPICANCHA";"NE_0001";"";"NE_0001";"NE_0001";"NE_0001";"NE_0001";"NE_0001";"NE_0001";"NE_0001"
"2023";"08";"090302";"HUANCAVELICA";"ANGARAES";"ANCHONGA";"GOBIERNO REGIONAL";"I-3";"00006901";"BUENOS AIRES DE PARCO CHACAPUNCU";"NE_0001";"";"NE_0001";"NE_0001";"NE_0001";"NE_0001";"NE_0001";"NE_0001";"NE_0001"
"2023";"08";"090301";"HUANCAVELICA";"ANGARAES";"LIRCAY";"GOBIERNO REGIONAL";"I-1";"00007373";"SOCCLLABAMBA";"NE_0001";"";"NE_0001";"NE_0001";"NE_0001";"NE_0001";"NE_0001";"NE_0001";"NE_0001"
"2023";"08";"090305";"HUANCAVELICA";"ANGARAES";"CHINCHO";"GOBIERNO REGIONAL";"I-1";"00011787";"LLAMOCCTACHI";"NE_0001";"";"NE_0001";"NE_0001";"NE_0001";"NE_0001";"NE_0001";"NE_0001";"NE_0001"
"2023";"08";"090301";"HUANCAVELICA";"ANGARAES";"LIRCAY";"GOBIERNO REGIONAL";"I-2";"00003949";"CHAHUARMA";"NE_0001";"";"NE_0001";"NE_0001";"NE_0001";"NE_0001";"NE_0001";"NE_0001";"NE_0001"
"2023";"08";"150113";"LIMA";"LIMA";"JESUS MARIA";"PRIVADO";"II-E";"00009089";"ONCOGYN CLINICA INTEGRAL";"241400";"HOSPITALIZACIÓN QUIRÚRGICA GINECO - OBSTETRICIA ";"3";"2";"2";"3";"4";"124";"0"
"2023";"08";"250102";"UCAYALI";"CORONEL PORTILLO";"CAMPOVERDE";"ESSALUD";"I-2";"00031881";"POSTA MEDICA-CAMPOVERDE-ESSALUD";"NE_0001";"";"NE_0001";"NE_0001";"NE_0001";"NE_0001";"NE_0001";"NE_0001";"NE_0001"
"2023";"08";"211101";"PUNO";"SAN ROMAN";"JULIACA";"PRIVADO";"II-1";"00010815";"CLINICA ADVENTISTA AMERICANA DE JULIACA";"240000";"HOSPITALIZACIÓN";"160";"166";"503";"545";"39";"1217";"4"
"2023";"08";"150605";"LIMA";"HUARAL";"CHANCAY";"PRIVADO";"II-E";"00032362";"CLINICA DR. POEMAPE - CLINIPOEMAPE";"240100";"HOSPITALIZACIÓN QUIRÚRGICA CIRUGÍA GENERAL ";"1";"1";"1";"1";"1";"2";"0"
"2023";"08";"040401";"AREQUIPA";"CASTILLA";"APLAO";"GOBIERNO REGIONAL";"II-1";"00001382";"HOSPITAL APLAO";"240100";"HOSPITALIZACIÓN QUIRÚRGICA CIRUGÍA GENERAL ";"11";"11";"46";"57";"10";"310";"0"
"2023";"08";"040401";"AREQUIPA";"CASTILLA";"APLAO";"GOBIERNO REGIONAL";"II-1";"00001382";"HOSPITAL APLAO";"241200";"HOSPITALIZACIÓN QUIRÚRGICA TRAUMATOLOGÍA Y ORTOPEDIA ";"6";"8";"34";"42";"4";"124";"0"
"2023";"08";"040401";"AREQUIPA";"CASTILLA";"APLAO";"GOBIERNO REGIONAL";"II-1";"00001382";"HOSPITAL APLAO";"241500";"HOSPITALIZACIÓN QUIRÚRGICA GINECOLOGÍA  ";"40";"42";"92";"134";"7";"217";"0"
"2023";"08";"040401";"AREQUIPA";"CASTILLA";"APLAO";"GOBIERNO REGIONAL";"II-1";"00001382";"HOSPITAL APLAO";"241800";"HOSPITALIZACIÓN DE MEDICINA MEDICINA GENERAL ";"12";"13";"58";"71";"13";"403";"0"
"2023";"08";"040401";"AREQUIPA";"CASTILLA";"APLAO";"GOBIERNO REGIONAL";"II-1";"00001382";"HOSPITAL APLAO";"242500";"HOSPITALIZACIÓN-PEDIATRÍA GENERAL-";"5";"5";"9";"14";"15";"465";"0"
"2023";"08";"130101";"LA LIBERTAD";"TRUJILLO";"TRUJILLO";"PRIVADO";"II-E";"00021475";"DE LA BELLEZA";"NE_0001";"";"NE_0001";"NE_0001";"NE_0001";"NE_0001";"NE_0001";"NE_0001";"NE_0001"
"2023";"08";"160101";"LORETO";"MAYNAS";"IQUITOS";"PRIVADO";"II-2";"00012854";"ASOC. PAST. DE SERV. MEDICO ASIST. CLINICA ADVENTISTA ANA STAHL DE LA IGLESIA ADV. DEL SEPTIMO DIA";"241800";"HOSPITALIZACIÓN DE MEDICINA MEDICINA GENERAL ";"66";"66";"98";"126";"42";"1218";"0"
"2023";"08";"130101";"LA LIBERTAD";"TRUJILLO";"TRUJILLO";"PRIVADO";"II-1";"00027358";"CLÍNICA CRISTO REDENTOR";"240100";"HOSPITALIZACIÓN QUIRÚRGICA CIRUGÍA GENERAL ";"34";"34";"34";"34";"7";"124";"0"
"2023";"08";"080601";"CUSCO";"CANCHIS";"SICUANI";"GOBIERNO REGIONAL";"II-1";"00002378";"SICUANI";"240100";"HOSPITALIZACIÓN QUIRÚRGICA CIRUGÍA GENERAL ";"74";"83";"336";"322";"19";"589";"0"
"2023";"08";"080601";"CUSCO";"CANCHIS";"SICUANI";"GOBIERNO REGIONAL";"II-1";"00002378";"SICUANI";"241500";"HOSPITALIZACIÓN QUIRÚRGICA GINECOLOGÍA  ";"29";"31";"56";"55";"7";"217";"0"
"2023";"08";"080601";"CUSCO";"CANCHIS";"SICUANI";"GOBIERNO REGIONAL";"II-1";"00002378";"SICUANI";"241600";"HOSPITALIZACIÓN QUIRÚRGICA OBSTETRICIA   ";"64";"69";"187";"203";"17";"527";"0"
"2023";"08";"080601";"CUSCO";"CANCHIS";"SICUANI";"GOBIERNO REGIONAL";"II-1";"00002378";"SICUANI";"241800";"HOSPITALIZACIÓN DE MEDICINA MEDICINA GENERAL ";"44";"49";"238";"232";"17";"527";"2"
"2023";"08";"080601";"CUSCO";"CANCHIS";"SICUANI";"GOBIERNO REGIONAL";"II-1";"00002378";"SICUANI";"242500";"HOSPITALIZACIÓN-PEDIATRÍA GENERAL-";"17";"19";"96";"74";"16";"496";"0"
"2023";"08";"080601";"CUSCO";"CANCHIS";"SICUANI";"GOBIERNO REGIONAL";"II-1";"00002378";"SICUANI";"243200";"HOSPITALIZACIÓN DE PEDIATRÍA PEDIATRIA NEONATOLOGÍA";"11";"12";"47";"69";"7";"217";"0"
"2023";"08";"140101";"LAMBAYEQUE";"CHICLAYO";"CHICLAYO";"PRIVADO";"II-E";"00017589";"INSTITUTO OFTALMOLÓGICO LA LUZ SAC";"NE_0001";"";"NE_0001";"NE_0001";"NE_0001";"NE_0001";"NE_0001";"NE_0001";"NE_0001"
"2023";"08";"060308";"CAJAMARCA";"CELENDIN";"OXAMARCA";"GOBIERNO REGIONAL";"I-1";"00009049";"LA QUINUA";"NE_0001";"";"NE_0001";"NE_0001";"NE_0001";"NE_0001";"NE_0001";"NE_0001";"NE_0001"
"2023";"08";"060308";"CAJAMARCA";"CELENDIN";"OXAMARCA";"GOBIERNO REGIONAL";"I-2";"00004483";"PIOBAMBA";"NE_0001";"";"NE_0001";"NE_0001";"NE_0001";"NE_0001";"NE_0001";"NE_0001";"NE_0001"
"2023";"08";"060308";"CAJAMARCA";"CELENDIN";"OXAMARCA";"GOBIERNO REGIONAL";"I-2";"00004484";"OXAMARCA";"NE_0001";"";"NE_0001";"NE_0001";"NE_0001";"NE_0001";"NE_0001";"NE_0001";"NE_0001"
"2023";"08";"060306";"CAJAMARCA";"CELENDIN";"JOSE GALVEZ";"GOBIERNO REGIONAL";"I-2";"00004488";"JOSE GALVEZ";"NE_0001";"";"NE_0001";"NE_0001";"NE_0001";"NE_0001";"NE_0001";"NE_0001";"NE_0001"
"2023";"08";"060310";"CAJAMARCA";"CELENDIN";"SUCRE";"GOBIERNO REGIONAL";"I-3";"00004482";"SUCRE";"NE_0001";"";"NE_0001";"NE_0001";"NE_0001";"NE_0001";"NE_0001";"NE_0001";"NE_0001"
"2023";"08";"060310";"CAJAMARCA";"CELENDIN";"SUCRE";"GOBIERNO REGIONAL";"I-1";"00009084";"VIGASPAMPA";"NE_0001";"";"NE_0001";"NE_0001";"NE_0001";"NE_0001";"NE_0001";"NE_0001";"NE_0001"
"2023";"08";"060310";"CAJAMARCA";"CELENDIN";"SUCRE";"GOBIERNO REGIONAL";"I-1";"00004485";"CALCONGA";"NE_0001";"";"NE_0001";"NE_0001";"NE_0001";"NE_0001";"NE_0001";"NE_0001";"NE_0001"
"2023";"08";"080108";"CUSCO";"CUSCO";"WANCHAQ";"PRIVADO";"II-E";"00011339";"SAN JOSE";"240100";"HOSPITALIZACIÓN QUIRÚRGICA CIRUGÍA GENERAL ";"108";"6";"756";"64";"24";"720";"0"
"2023";"08";"080108";"CUSCO";"CUSCO";"WANCHAQ";"PRIVADO";"II-E";"00011339";"SAN JOSE";"241700";"HOSPITALIZACIÓN QUIRÚRGICA GINECOLOGÍA   GINECOLOGIA ONCOLOGiCA";"24";"1";"129";"5";"24";"720";"0"
"2023";"08";"080108";"CUSCO";"CUSCO";"WANCHAQ";"PRIVADO";"II-E";"00011339";"SAN JOSE";"240400";"HOSPITALIZACIÓN QUIRÚRGICA CIRUGÍA DE TÓRAX Y CARDIOVASCULAR ";"12";"2";"105";"14";"24";"720";"0"
"2023";"08";"080108";"CUSCO";"CUSCO";"WANCHAQ";"PRIVADO";"II-E";"00011339";"SAN JOSE";"241200";"HOSPITALIZACIÓN QUIRÚRGICA TRAUMATOLOGÍA Y ORTOPEDIA ";"6";"1";"43";"23";"24";"720";"0"
"2023";"08";"080108";"CUSCO";"CUSCO";"WANCHAQ";"PRIVADO";"II-E";"00011339";"SAN JOSE";"241300";"HOSPITALIZACIÓN QUIRÚRGICA UROLOGÍA  ";"8";"2";"67";"14";"24";"720";"0"
"2023";"08";"060306";"CAJAMARCA";"CELENDIN";"JOSE GALVEZ";"GOBIERNO REGIONAL";"I-1";"00004486";"FRAYLECOCHA";"NE_0001";"";"NE_0001";"NE_0001";"NE_0001";"NE_0001";"NE_0001";"NE_0001";"NE_0001"
"2023";"03";"040701";"AREQUIPA";"ISLAY";"MOLLENDO";"GOBIERNO REGIONAL";"I-2";"00001447";"PUESTO DE SALUD VILLA LOURDES";"NE_0001";"";"NE_0001";"NE_0001";"NE_0001";"NE_0001";"NE_0001";"NE_0001";"NE_0001"
"2023";"03";"040705";"AREQUIPA";"ISLAY";"MEJIA";"GOBIERNO REGIONAL";"I-2";"00001448";"PUESTO DE SALUD MEJIA";"NE_0001";"";"NE_0001";"NE_0001";"NE_0001";"NE_0001";"NE_0001";"NE_0001";"NE_0001"
"2023";"03";"040701";"AREQUIPA";"ISLAY";"MOLLENDO";"GOBIERNO REGIONAL";"I-4";"00001444";"CENTRO DE SALUD ALTO INCLAN";"241600";"HOSPITALIZACIÓN QUIRÚRGICA OBSTETRICIA   ";"3";"3";"3";"1";"5";"150";"0"
"2023";"03";"040701";"AREQUIPA";"ISLAY";"MOLLENDO";"GOBIERNO REGIONAL";"I-4";"00001444";"CENTRO DE SALUD ALTO INCLAN";"241800";"HOSPITALIZACIÓN DE MEDICINA MEDICINA GENERAL ";"3";"3";"3";"1";"11";"330";"0"
"2023";"03";"040704";"AREQUIPA";"ISLAY";"ISLAY";"GOBIERNO REGIONAL";"I-3";"00001443";"CENTRO DE SALUD MATARANI";"NE_0001";"";"NE_0001";"NE_0001";"NE_0001";"NE_0001";"NE_0001";"NE_0001";"NE_0001"
"2023";"03";"120305";"JUNIN";"CHANCHAMAYO";"SAN RAMON";"GOBIERNO REGIONAL";"I-4";"00000354";"SAN RAMON";"241600";"HOSPITALIZACIÓN QUIRÚRGICA OBSTETRICIA   ";"5";"5";"10";"10";"5";"150";"0"
"2023";"03";"120305";"JUNIN";"CHANCHAMAYO";"SAN RAMON";"GOBIERNO REGIONAL";"I-4";"00000354";"SAN RAMON";"241800";"HOSPITALIZACIÓN DE MEDICINA MEDICINA GENERAL ";"12";"12";"19";"19";"3";"90";"0"
"2023";"03";"120306";"JUNIN";"CHANCHAMAYO";"VITOC";"GOBIERNO REGIONAL";"I-1";"00000359";"VISCATAN";"NE_0001";"";"NE_0001";"NE_0001";"NE_0001";"NE_0001";"NE_0001";"NE_0001";"NE_0001"
"2023";"03";"120416";"JUNIN";"JAUJA";"MASMA";"GOBIERNO REGIONAL";"I-1";"00000361";"UCHUBAMBA";"NE_0001";"";"NE_0001";"NE_0001";"NE_0001";"NE_0001";"NE_0001";"NE_0001";"NE_0001"
"2023";"03";"120305";"JUNIN";"CHANCHAMAYO";"SAN RAMON";"GOBIERNO REGIONAL";"I-2";"00000356";"LA ESPERANZA";"NE_0001";"";"NE_0001";"NE_0001";"NE_0001";"NE_0001";"NE_0001";"NE_0001";"NE_0001"
"2023";"03";"120419";"JUNIN";"JAUJA";"MONOBAMBA";"GOBIERNO REGIONAL";"I-1";"00000363";"CHACAYBAMBA";"NE_0001";"";"NE_0001";"NE_0001";"NE_0001";"NE_0001";"NE_0001";"NE_0001";"NE_0001"
"2023";"03";"120419";"JUNIN";"JAUJA";"MONOBAMBA";"GOBIERNO REGIONAL";"I-2";"00000362";"MONOBAMBA";"NE_0001";"";"NE_0001";"NE_0001";"NE_0001";"NE_0001";"NE_0001";"NE_0001";"NE_0001"
"2023";"03";"120306";"JUNIN";"CHANCHAMAYO";"VITOC";"GOBIERNO REGIONAL";"I-2";"00000358";"VITOC";"NE_0001";"";"NE_0001";"NE_0001";"NE_0001";"NE_0001";"NE_0001";"NE_0001";"NE_0001"
"2023";"03";"120306";"JUNIN";"CHANCHAMAYO";"VITOC";"GOBIERNO REGIONAL";"I-1";"00000360";"UTCUYACU";"NE_0001";"";"NE_0001";"NE_0001";"NE_0001";"NE_0001";"NE_0001";"NE_0001";"NE_0001"
"2023";"03";"120305";"JUNIN";"CHANCHAMAYO";"SAN RAMON";"GOBIERNO REGIONAL";"I-2";"00000355";"NARANJAL";"NE_0001";"";"NE_0001";"NE_0001";"NE_0001";"NE_0001";"NE_0001";"NE_0001";"NE_0001"
"2023";"03";"120305";"JUNIN";"CHANCHAMAYO";"SAN RAMON";"GOBIERNO REGIONAL";"I-1";"00000357";"PEDREGAL";"NE_0001";"";"NE_0001";"NE_0001";"NE_0001";"NE_0001";"NE_0001";"NE_0001";"NE_0001"
"2023";"03";"050116";"AYACUCHO";"HUAMANGA";"ANDRES AVELINO CACERES D.";"GOBIERNO REGIONAL";"I-3";"00003603";"CENTRO DE SALUD CONCHOPATA";"241600";"HOSPITALIZACIÓN QUIRÚRGICA OBSTETRICIA   ";"1";"1";"2";"2";"2";"3";"0"
"2023";"03";"050116";"AYACUCHO";"HUAMANGA";"ANDRES AVELINO CACERES D.";"GOBIERNO REGIONAL";"I-1";"00011362";"PUESTO DE SALUD YANAMILLA";"NE_0001";"";"NE_0001";"NE_0001";"NE_0001";"NE_0001";"NE_0001";"NE_0001";"NE_0001"
"2023";"03";"050116";"AYACUCHO";"HUAMANGA";"ANDRES AVELINO CACERES D.";"GOBIERNO REGIONAL";"I-3";"00003602";"CENTRO DE SALUD SANTA ELENA";"241600";"HOSPITALIZACIÓN QUIRÚRGICA OBSTETRICIA   ";"7";"7";"10";"2";"4";"6";"0"
"2023";"03";"050113";"AYACUCHO";"HUAMANGA";"TAMBILLO";"GOBIERNO REGIONAL";"I-1";"00003604";"PUESTO DE SALUD HUAYHUACONDO";"NE_0001";"";"NE_0001";"NE_0001";"NE_0001";"NE_0001";"NE_0001";"NE_0001";"NE_0001"
"2023";"03";"050113";"AYACUCHO";"HUAMANGA";"TAMBILLO";"GOBIERNO REGIONAL";"I-2";"00003549";"TAMBILLO";"NE_0001";"";"NE_0001";"NE_0001";"NE_0001";"NE_0001";"NE_0001";"NE_0001";"NE_0001"
"2023";"03";"040516";"AREQUIPA";"CAYLLOMA";"TAPAY";"GOBIERNO REGIONAL";"I-2";"00001434";"PUESTO DE SALUD TAPAY";"NE_0001";"";"NE_0001";"NE_0001";"NE_0001";"NE_0001";"NE_0001";"NE_0001";"NE_0001"
"2023";"03";"040507";"AREQUIPA";"CAYLLOMA";"HUAMBO";"GOBIERNO REGIONAL";"I-2";"00001433";"PUESTO DE SALUD HUAMBO";"NE_0001";"";"NE_0001";"NE_0001";"NE_0001";"NE_0001";"NE_0001";"NE_0001";"NE_0001"
"2023";"03";"040503";"AREQUIPA";"CAYLLOMA";"CABANACONDE";"GOBIERNO REGIONAL";"I-3";"00001420";"CENTRO DE SALUD CABANACONDE";"NE_0001";"";"NE_0001";"NE_0001";"NE_0001";"NE_0001";"NE_0001";"NE_0001";"NE_0001"
"2023";"03";"040406";"AREQUIPA";"CASTILLA";"CHOCO";"GOBIERNO REGIONAL";"I-2";"00001441";"PUESTO DE SALUD CHOCO";"NE_0001";"";"NE_0001";"NE_0001";"NE_0001";"NE_0001";"NE_0001";"NE_0001";"NE_0001"
"2023";"03";"040503";"AREQUIPA";"CAYLLOMA";"CABANACONDE";"GOBIERNO REGIONAL";"I-2";"00001432";"PUESTO DE SALUD PINCHOLLO";"NE_0001";"";"NE_0001";"NE_0001";"NE_0001";"NE_0001";"NE_0001";"NE_0001";"NE_0001"
"2023";"04";"040101";"AREQUIPA";"AREQUIPA";"AREQUIPA";"GOBIERNO REGIONAL";"III-2";"00007397";"INSTITUTO REGIONAL DE ENFERMEDADES NEOPLASICAS DEL SUR";"240000";"HOSPITALIZACIÓN";"129";"138";"1001";"1030";"36";"1080";"7"
"2023";"04";"040101";"AREQUIPA";"AREQUIPA";"AREQUIPA";"GOBIERNO REGIONAL";"III-2";"00007397";"INSTITUTO REGIONAL DE ENFERMEDADES NEOPLASICAS DEL SUR";"250100";"UNIDAD DE CUIDADOS CRITICOS UNIDAD  DE CUIDADOS INTENSIVOS GENERALES (UCI) ";"6";"5";"18";"20";"2";"60";"1"
"2023";"04";"021801";"ANCASH";"SANTA";"CHIMBOTE";"PRIVADO";"II-1";"00015375";"CLINICA SAN PEDRO";"241800";"HOSPITALIZACIÓN DE MEDICINA MEDICINA GENERAL ";"12";"11";"41";"44";"6";"180";"1"
"2023";"04";"021801";"ANCASH";"SANTA";"CHIMBOTE";"PRIVADO";"II-1";"00015375";"CLINICA SAN PEDRO";"240100";"HOSPITALIZACIÓN QUIRÚRGICA CIRUGÍA GENERAL ";"52";"43";"56";"167";"6";"180";"0"
"2023";"04";"021801";"ANCASH";"SANTA";"CHIMBOTE";"PRIVADO";"II-1";"00015375";"CLINICA SAN PEDRO";"241400";"HOSPITALIZACIÓN QUIRÚRGICA GINECO - OBSTETRICIA ";"64";"59";"82";"139";"6";"180";"0"
"2023";"04";"021809";"ANCASH";"SANTA";"NUEVO CHIMBOTE";"PRIVADO";"II-1";"00016536";"CLINICA BAHIA S.A.C.";"240000";"HOSPITALIZACIÓN";"7";"8";"8";"8";"8";"240";"0"
"2023";"04";"120706";"JUNIN";"TARMA";"PALCA";"GOBIERNO REGIONAL";"I-1";"00000572";"LLACSACACA";"NE_0001";"";"NE_0001";"NE_0001";"NE_0001";"NE_0001";"NE_0001";"NE_0001";"NE_0001"
"2023";"04";"120706";"JUNIN";"TARMA";"PALCA";"GOBIERNO REGIONAL";"I-1";"00000573";"CHIPOCAYO";"NE_0001";"";"NE_0001";"NE_0001";"NE_0001";"NE_0001";"NE_0001";"NE_0001";"NE_0001"
"2023";"04";"120706";"JUNIN";"TARMA";"PALCA";"GOBIERNO REGIONAL";"I-1";"00000574";"YAROCA";"NE_0001";"";"NE_0001";"NE_0001";"NE_0001";"NE_0001";"NE_0001";"NE_0001";"NE_0001"
"2023";"04";"120706";"JUNIN";"TARMA";"PALCA";"GOBIERNO REGIONAL";"I-1";"00000570";"ÑAHUIN";"NE_0001";"";"NE_0001";"NE_0001";"NE_0001";"NE_0001";"NE_0001";"NE_0001";"NE_0001"
"2023";"04";"100605";"HUANUCO";"LEONCIO PRADO";"LUYANDO";"GOBIERNO REGIONAL";"II-1";"00000932";"HOSPITAL DE TINGO MARIA (HOSPITAL DE CONTINGENCIA)";"241800";"HOSPITALIZACIÓN DE MEDICINA MEDICINA GENERAL ";"86";"89";"564";"635";"10";"635";"9"
"2023";"04";"100605";"HUANUCO";"LEONCIO PRADO";"LUYANDO";"GOBIERNO REGIONAL";"II-1";"00000932";"HOSPITAL DE TINGO MARIA (HOSPITAL DE CONTINGENCIA)";"240100";"HOSPITALIZACIÓN QUIRÚRGICA CIRUGÍA GENERAL ";"91";"94";"490";"438";"16";"512";"0"
"2023";"04";"100605";"HUANUCO";"LEONCIO PRADO";"LUYANDO";"GOBIERNO REGIONAL";"II-1";"00000932";"HOSPITAL DE TINGO MARIA (HOSPITAL DE CONTINGENCIA)";"243200";"HOSPITALIZACIÓN DE PEDIATRÍA PEDIATRIA NEONATOLOGÍA";"42";"33";"166";"153";"10";"310";"1"
"2023";"04";"100605";"HUANUCO";"LEONCIO PRADO";"LUYANDO";"GOBIERNO REGIONAL";"II-1";"00000932";"HOSPITAL DE TINGO MARIA (HOSPITAL DE CONTINGENCIA)";"242500";"HOSPITALIZACIÓN-PEDIATRÍA GENERAL-";"21";"20";"86";"86";"8";"248";"0"
"2023";"04";"100605";"HUANUCO";"LEONCIO PRADO";"LUYANDO";"GOBIERNO REGIONAL";"II-1";"00000932";"HOSPITAL DE TINGO MARIA (HOSPITAL DE CONTINGENCIA)";"241400";"HOSPITALIZACIÓN QUIRÚRGICA GINECO - OBSTETRICIA ";"325";"287";"637";"584";"25";"792";"0"
"2023";"04";"100605";"HUANUCO";"LEONCIO PRADO";"LUYANDO";"GOBIERNO REGIONAL";"II-1";"00000932";"HOSPITAL DE TINGO MARIA (HOSPITAL DE CONTINGENCIA)";"250200";"UNIDAD DE CUIDADOS CRITICOS UNIDAD DE CUIDADOS INTERMEDIOS GENERAL  (UCIN) ";"1";"3";"7";"2";"9";"270";"1"
"2023";"04";"100605";"HUANUCO";"LEONCIO PRADO";"LUYANDO";"GOBIERNO REGIONAL";"II-1";"00000932";"HOSPITAL DE TINGO MARIA (HOSPITAL DE CONTINGENCIA)";"250304";"HOSPIT. EN UNIDAD DE CUID.INTEN.-UNIDAD DE VIGILANCIA INTENSIVA (UVI)-MEDICINA";"14";"5";"49";"92";"6";"186";"2"
"2023";"04";"100605";"HUANUCO";"LEONCIO PRADO";"LUYANDO";"GOBIERNO REGIONAL";"II-1";"00000932";"HOSPITAL DE TINGO MARIA (HOSPITAL DE CONTINGENCIA)";"242205";"HOSPITALIZACIÓN MEDICINA PSIQUIATRÍA PISIQUIATRIA/ SALUD MENTAL Y ADICCIONES";"8";"4";"100";"241";"10";"300";"0"
"2023";"04";"110201";"ICA";"CHINCHA";"CHINCHA ALTA";"PRIVADO";"II-1";"00020979";"CLINICA DE LOS VASQUEZ S.A.C.";"240000";"HOSPITALIZACIÓN";"51";"49";"149";"54";"10";"300";"1"
"2023";"04";"150140";"LIMA";"LIMA";"SANTIAGO DE SURCO";"PRIVADO";"III-1";"00009988";"CLINICA SAN PABLO SAC";"240000";"HOSPITALIZACIÓN";"617";"628";"2051";"2309";"101";"3030";"5"
"2023";"04";"150140";"LIMA";"LIMA";"SANTIAGO DE SURCO";"PRIVADO";"III-1";"00009988";"CLINICA SAN PABLO SAC";"250200";"UNIDAD DE CUIDADOS CRITICOS UNIDAD DE CUIDADOS INTERMEDIOS GENERAL  (UCIN) ";"2";"4";"42";"24";"10";"300";"0"
"2023";"04";"150140";"LIMA";"LIMA";"SANTIAGO DE SURCO";"PRIVADO";"III-1";"00009988";"CLINICA SAN PABLO SAC";"250108";"UNIDAD DE CUIDADOS CRITICOS UNIDAD  DE CUIDADOS INTENSIVOS  (UCI) PEDIÁTRICA";"11";"10";"91";"84";"8";"240";"0"
"2023";"04";"150140";"LIMA";"LIMA";"SANTIAGO DE SURCO";"PRIVADO";"III-1";"00009988";"CLINICA SAN PABLO SAC";"250100";"UNIDAD DE CUIDADOS CRITICOS UNIDAD  DE CUIDADOS INTENSIVOS GENERALES (UCI) ";"52";"57";"150";"187";"13";"390";"6"
"2023";"05";"130503";"LA LIBERTAD";"JULCAN";"CARABAMBA";"GOBIERNO REGIONAL";"I-2";"00006773";"VILLA MARIA";"NE_0001";"";"NE_0001";"NE_0001";"NE_0001";"NE_0001";"NE_0001";"NE_0001";"NE_0001"
"2023";"05";"130503";"LA LIBERTAD";"JULCAN";"CARABAMBA";"GOBIERNO REGIONAL";"I-3";"00005310";"CARABAMBA";"NE_0001";"";"NE_0001";"NE_0001";"NE_0001";"NE_0001";"NE_0001";"NE_0001";"NE_0001"
"2023";"05";"130503";"LA LIBERTAD";"JULCAN";"CARABAMBA";"GOBIERNO REGIONAL";"I-2";"00005311";"SAN JOSE DE SALO BAJO";"NE_0001";"";"NE_0001";"NE_0001";"NE_0001";"NE_0001";"NE_0001";"NE_0001";"NE_0001"
"2023";"05";"210301";"PUNO";"CARABAYA";"MACUSANI";"GOBIERNO REGIONAL";"II-2";"00031179";"HOSPITAL SAN MARTIN DE PORRES";"240100";"HOSPITALIZACIÓN QUIRÚRGICA CIRUGÍA GENERAL ";"48";"55";"169";"244";"10";"310";"0"
"2023";"05";"210301";"PUNO";"CARABAYA";"MACUSANI";"GOBIERNO REGIONAL";"II-2";"00031179";"HOSPITAL SAN MARTIN DE PORRES";"241500";"HOSPITALIZACIÓN QUIRÚRGICA GINECOLOGÍA  ";"14";"16";"29";"45";"4";"124";"0"
"2023";"05";"210301";"PUNO";"CARABAYA";"MACUSANI";"GOBIERNO REGIONAL";"II-2";"00031179";"HOSPITAL SAN MARTIN DE PORRES";"241600";"HOSPITALIZACIÓN QUIRÚRGICA OBSTETRICIA   ";"62";"66";"179";"245";"11";"341";"0"
"2023";"05";"210301";"PUNO";"CARABAYA";"MACUSANI";"GOBIERNO REGIONAL";"II-2";"00031179";"HOSPITAL SAN MARTIN DE PORRES";"241900";"HOSPITALIZACIÓN DE MEDICINA MEDICINA INTERNA ";"44";"47";"166";"213";"9";"279";"1"
"2023";"05";"210301";"PUNO";"CARABAYA";"MACUSANI";"GOBIERNO REGIONAL";"II-2";"00031179";"HOSPITAL SAN MARTIN DE PORRES";"242500";"HOSPITALIZACIÓN-PEDIATRÍA GENERAL-";"21";"28";"114";"4";"4";"124";"0"
"2023";"05";"210301";"PUNO";"CARABAYA";"MACUSANI";"GOBIERNO REGIONAL";"II-2";"00031179";"HOSPITAL SAN MARTIN DE PORRES";"243200";"HOSPITALIZACIÓN DE PEDIATRÍA PEDIATRIA NEONATOLOGÍA";"15";"16";"81";"4";"4";"124";"0"
"2023";"05";"060101";"CAJAMARCA";"CAJAMARCA";"CAJAMARCA";"PRIVADO";"II-1";"00009591";"CLINICA LIMATAMBO CAJAMARCA S.A.C.";"240000";"HOSPITALIZACIÓN";"156";"156";"162";"399";"33";"744";"0"
"2023";"09";"060811";"CAJAMARCA";"JAEN";"SAN JOSE DEL ALTO";"GOBIERNO REGIONAL";"I-1";"00018121";"EL PORVENIR";"NE_0001";"";"NE_0001";"NE_0001";"NE_0001";"NE_0001";"NE_0001";"NE_0001";"NE_0001"
"2023";"09";"060811";"CAJAMARCA";"JAEN";"SAN JOSE DEL ALTO";"GOBIERNO REGIONAL";"I-2";"00004260";"PEÑA BLANCA";"NE_0001";"";"NE_0001";"NE_0001";"NE_0001";"NE_0001";"NE_0001";"NE_0001";"NE_0001"
"2023";"09";"060811";"CAJAMARCA";"JAEN";"SAN JOSE DEL ALTO";"GOBIERNO REGIONAL";"I-1";"00013058";"SAN PEDRO";"NE_0001";"";"NE_0001";"NE_0001";"NE_0001";"NE_0001";"NE_0001";"NE_0001";"NE_0001"
"2023";"09";"060811";"CAJAMARCA";"JAEN";"SAN JOSE DEL ALTO";"GOBIERNO REGIONAL";"I-1";"00004259";"HUAHUAYA";"NE_0001";"";"NE_0001";"NE_0001";"NE_0001";"NE_0001";"NE_0001";"NE_0001";"NE_0001"
"2023";"09";"060811";"CAJAMARCA";"JAEN";"SAN JOSE DEL ALTO";"GOBIERNO REGIONAL";"I-1";"00004257";"SAN JOSE DEL ALTO";"NE_0001";"";"NE_0001";"NE_0001";"NE_0001";"NE_0001";"NE_0001";"NE_0001";"NE_0001"
"2023";"09";"060811";"CAJAMARCA";"JAEN";"SAN JOSE DEL ALTO";"GOBIERNO REGIONAL";"I-1";"00009965";"SAN ANTONIO";"NE_0001";"";"NE_0001";"NE_0001";"NE_0001";"NE_0001";"NE_0001";"NE_0001";"NE_0001"
"2023";"09";"060811";"CAJAMARCA";"JAEN";"SAN JOSE DEL ALTO";"GOBIERNO REGIONAL";"I-3";"00004256";"COCHALAN";"NE_0001";"";"NE_0001";"NE_0001";"NE_0001";"NE_0001";"NE_0001";"NE_0001";"NE_0001"
"2023";"09";"060811";"CAJAMARCA";"JAEN";"SAN JOSE DEL ALTO";"GOBIERNO REGIONAL";"I-2";"00004258";"ANGASH";"NE_0001";"";"NE_0001";"NE_0001";"NE_0001";"NE_0001";"NE_0001";"NE_0001";"NE_0001"
"2023";"09";"131201";"LA LIBERTAD";"VIRU";"VIRU";"GOBIERNO REGIONAL";"II-1";"00005251";"HOSPITAL PROVINCIAL DE VIRU";"241600";"HOSPITALIZACIÓN QUIRÚRGICA OBSTETRICIA   ";"47";"47";"97";"97";"7";"210";"0"
"2023";"09";"131201";"LA LIBERTAD";"VIRU";"VIRU";"GOBIERNO REGIONAL";"II-1";"00005251";"HOSPITAL PROVINCIAL DE VIRU";"242500";"HOSPITALIZACIÓN-PEDIATRÍA GENERAL-";"12";"11";"51";"51";"5";"150";"0"
"2023";"09";"131201";"LA LIBERTAD";"VIRU";"VIRU";"GOBIERNO REGIONAL";"II-1";"00005251";"HOSPITAL PROVINCIAL DE VIRU";"241800";"HOSPITALIZACIÓN DE MEDICINA MEDICINA GENERAL ";"21";"20";"100";"100";"6";"180";"0"
"2023";"09";"131201";"LA LIBERTAD";"VIRU";"VIRU";"GOBIERNO REGIONAL";"II-1";"00005251";"HOSPITAL PROVINCIAL DE VIRU";"241500";"HOSPITALIZACIÓN QUIRÚRGICA GINECOLOGÍA  ";"17";"16";"47";"44";"3";"90";"0"
"2023";"09";"210101";"PUNO";"PUNO";"PUNO";"GOBIERNO REGIONAL";"I-4";"00003254";"JOSE ANTONIO ENCINAS";"241600";"HOSPITALIZACIÓN QUIRÚRGICA OBSTETRICIA   ";"13";"13";"22";"33";"5";"186";"0"
"2023";"09";"120301";"JUNIN";"CHANCHAMAYO";"CHANCHAMAYO";"ESSALUD";"II-1";"00008656";"HOSPITAL  SELVA CENTRAL Y ENFERMEDADES TROPICALES LA MERCED";"241800";"HOSPITALIZACIÓN DE MEDICINA MEDICINA GENERAL ";"36";"34";"211";"175";"6";"186";"3"
"2023";"09";"120301";"JUNIN";"CHANCHAMAYO";"CHANCHAMAYO";"ESSALUD";"II-1";"00008656";"HOSPITAL  SELVA CENTRAL Y ENFERMEDADES TROPICALES LA MERCED";"240100";"HOSPITALIZACIÓN QUIRÚRGICA CIRUGÍA GENERAL ";"64";"63";"247";"243";"9";"279";"0"
"2023";"09";"120301";"JUNIN";"CHANCHAMAYO";"CHANCHAMAYO";"ESSALUD";"II-1";"00008656";"HOSPITAL  SELVA CENTRAL Y ENFERMEDADES TROPICALES LA MERCED";"241500";"HOSPITALIZACIÓN QUIRÚRGICA GINECOLOGÍA  ";"9";"9";"25";"25";"2";"62";"0"
"2023";"09";"120301";"JUNIN";"CHANCHAMAYO";"CHANCHAMAYO";"ESSALUD";"II-1";"00008656";"HOSPITAL  SELVA CENTRAL Y ENFERMEDADES TROPICALES LA MERCED";"241600";"HOSPITALIZACIÓN QUIRÚRGICA OBSTETRICIA   ";"69";"65";"141";"141";"5";"155";"0"
"2023";"09";"120301";"JUNIN";"CHANCHAMAYO";"CHANCHAMAYO";"ESSALUD";"II-1";"00008656";"HOSPITAL  SELVA CENTRAL Y ENFERMEDADES TROPICALES LA MERCED";"242300";"HOSPITALIZACIÓN DE PEDIATRÍA  PEDIATRÍA  GENERAL ";"52";"47";"111";"106";"4";"124";"0"
"2023";"09";"150134";"LIMA";"LIMA";"SAN LUIS";"PRIVADO";"II-1";"00008786";"CLINICA SAN JUAN DE DIOS";"240000";"HOSPITALIZACIÓN";"62";"58";"198";"206";"25";"750";"0"
"2023";"09";"150135";"LIMA";"LIMA";"SAN MARTIN DE PORRES";"MINSA";"III-2";"00007733";"INSTITUTO NACIONAL DE SALUD MENTAL ""HONORIO DELGADO - HIDEYO NOGUCHI""";"242202";"HOSPITALIZACIÓN DE MEDICINA PSIQUIATRÍA PSIQUIATRÍA DEL ADULTO Y GERONTE";"16";"9";"469";"1165";"49";"1470";"0"
"2023";"09";"150135";"LIMA";"LIMA";"SAN MARTIN DE PORRES";"MINSA";"III-2";"00007733";"INSTITUTO NACIONAL DE SALUD MENTAL ""HONORIO DELGADO - HIDEYO NOGUCHI""";"242203";"HOSPITALIZACIÓN DE MEDICINA PSIQUIATRÍA PSIQUIATRÍA DEL NIÑO Y DEL ADOLESCENTE";"8";"7";"362";"354";"12";"360";"0"
"2023";"09";"150135";"LIMA";"LIMA";"SAN MARTIN DE PORRES";"MINSA";"III-2";"00007733";"INSTITUTO NACIONAL DE SALUD MENTAL ""HONORIO DELGADO - HIDEYO NOGUCHI""";"242205";"HOSPITALIZACIÓN MEDICINA PSIQUIATRÍA PISIQUIATRIA/ SALUD MENTAL Y ADICCIONES";"13";"10";"497";"783";"30";"900";"0"
"2023";"09";"040112";"AREQUIPA";"AREQUIPA";"PAUCARPATA";"ESSALUD";"II-1";"00013296";"HOSPITAL I EDMUNDO ESCOMEL";"241800";"HOSPITALIZACIÓN DE MEDICINA MEDICINA GENERAL ";"42";"41";"298";"356";"12";"360";"3"
"2023";"09";"040112";"AREQUIPA";"AREQUIPA";"PAUCARPATA";"ESSALUD";"II-1";"00013296";"HOSPITAL I EDMUNDO ESCOMEL";"240100";"HOSPITALIZACIÓN QUIRÚRGICA CIRUGÍA GENERAL ";"181";"180";"342";"341";"12";"360";"0"
"2023";"09";"040112";"AREQUIPA";"AREQUIPA";"PAUCARPATA";"ESSALUD";"II-1";"00013296";"HOSPITAL I EDMUNDO ESCOMEL";"241200";"HOSPITALIZACIÓN QUIRÚRGICA TRAUMATOLOGÍA Y ORTOPEDIA ";"19";"22";"113";"88";"3";"90";"0"
"2023";"09";"040112";"AREQUIPA";"AREQUIPA";"PAUCARPATA";"ESSALUD";"II-1";"00013296";"HOSPITAL I EDMUNDO ESCOMEL";"241500";"HOSPITALIZACIÓN QUIRÚRGICA GINECOLOGÍA  ";"40";"40";"141";"141";"5";"150";"0"
"2023";"09";"040112";"AREQUIPA";"AREQUIPA";"PAUCARPATA";"ESSALUD";"II-1";"00013296";"HOSPITAL I EDMUNDO ESCOMEL";"241600";"HOSPITALIZACIÓN QUIRÚRGICA OBSTETRICIA   ";"201";"196";"412";"414";"14";"420";"0"
"2023";"09";"040112";"AREQUIPA";"AREQUIPA";"PAUCARPATA";"ESSALUD";"II-1";"00013296";"HOSPITAL I EDMUNDO ESCOMEL";"242300";"HOSPITALIZACIÓN DE PEDIATRÍA  PEDIATRÍA  GENERAL ";"91";"91";"282";"281";"12";"360";"0"
"2023";"09";"060607";"CAJAMARCA";"CUTERVO";"QUEROCOTILLO";"GOBIERNO REGIONAL";"I-3";"00004968";"SILLANGATE";"NE_0001";"";"NE_0001";"NE_0001";"NE_0001";"NE_0001";"NE_0001";"NE_0001";"NE_0001"
"2023";"04";"210101";"PUNO";"PUNO";"PUNO";"ESSALUD";"I-3";"00009217";"CENTRO DE ATENCION PRIMARIA III METROPOLITANO DE PUNO";"NE_0001";"";"NE_0001";"NE_0001";"NE_0001";"NE_0001";"NE_0001";"NE_0001";"NE_0001"
"2023";"05";"220101";"SAN MARTIN";"MOYOBAMBA";"MOYOBAMBA";"GOBIERNO REGIONAL";"I-1";"00006316";"TAHUISHCO";"NE_0002";"";"NE_0002";"NE_0002";"NE_0002";"NE_0002";"NE_0002";"NE_0002";"NE_0002"
"2023";"05";"220104";"SAN MARTIN";"MOYOBAMBA";"JEPELACIO";"GOBIERNO REGIONAL";"I-1";"00006317";"SAN MATEO";"NE_0002";"";"NE_0002";"NE_0002";"NE_0002";"NE_0002";"NE_0002";"NE_0002";"NE_0002"
"2023";"05";"220101";"SAN MARTIN";"MOYOBAMBA";"MOYOBAMBA";"GOBIERNO REGIONAL";"I-1";"00010110";"LA FLOR DE LA PRIMAVERA";"NE_0002";"";"NE_0002";"NE_0002";"NE_0002";"NE_0002";"NE_0002";"NE_0002";"NE_0002"
"2023";"06";"150140";"LIMA";"LIMA";"SANTIAGO DE SURCO";"PRIVADO";"I-2";"00010498";"ILA";"NE_0002";"";"NE_0002";"NE_0002";"NE_0002";"NE_0002";"NE_0002";"NE_0002";"NE_0002"
"2023";"06";"020601";"ANCASH";"CARHUAZ";"CARHUAZ";"GOBIERNO REGIONAL";"II-1";"00001516";"HOSPITAL DE APOYO CARHUAZ";"240100";"HOSPITALIZACIÓN QUIRÚRGICA CIRUGÍA GENERAL ";"4";"4";"19";"19";"2";"60";"0"
"2023";"06";"020601";"ANCASH";"CARHUAZ";"CARHUAZ";"GOBIERNO REGIONAL";"II-1";"00001516";"HOSPITAL DE APOYO CARHUAZ";"241500";"HOSPITALIZACIÓN QUIRÚRGICA GINECOLOGÍA  ";"21";"21";"38";"38";"3";"90";"0"
"2023";"06";"020601";"ANCASH";"CARHUAZ";"CARHUAZ";"GOBIERNO REGIONAL";"II-1";"00001516";"HOSPITAL DE APOYO CARHUAZ";"241600";"HOSPITALIZACIÓN QUIRÚRGICA OBSTETRICIA   ";"32";"31";"40";"41";"4";"120";"0"
"2023";"06";"020601";"ANCASH";"CARHUAZ";"CARHUAZ";"GOBIERNO REGIONAL";"II-1";"00001516";"HOSPITAL DE APOYO CARHUAZ";"241800";"HOSPITALIZACIÓN DE MEDICINA MEDICINA GENERAL ";"7";"8";"37";"31";"3";"90";"0"
"2023";"06";"020601";"ANCASH";"CARHUAZ";"CARHUAZ";"GOBIERNO REGIONAL";"II-1";"00001516";"HOSPITAL DE APOYO CARHUAZ";"242500";"HOSPITALIZACIÓN-PEDIATRÍA GENERAL-";"3";"4";"25";"25";"5";"150";"0"
"2023";"06";"070102";"CALLAO";"CALLAO";"BELLAVISTA";"PRIVADO";"I-2";"00023578";"CONSULTORIO MEDICO NUTRIMEDIC";"NE_0002";"";"NE_0002";"NE_0002";"NE_0002";"NE_0002";"NE_0002";"NE_0002";"NE_0002"
"2023";"04";"070102";"CALLAO";"CALLAO";"BELLAVISTA";"PRIVADO";"I-2";"00023578";"CONSULTORIO MEDICO NUTRIMEDIC";"NE_0002";"";"NE_0002";"NE_0002";"NE_0002";"NE_0002";"NE_0002";"NE_0002";"NE_0002"
"2023";"06";"051107";"AYACUCHO";"VILCAS HUAMAN";"SAURAMA";"GOBIERNO REGIONAL";"I-1";"00003846";"PUESTO DE SALUD SAURAMA";"NE_0001";"";"NE_0001";"NE_0001";"NE_0001";"NE_0001";"NE_0001";"NE_0001";"NE_0001"
"2023";"06";"051108";"AYACUCHO";"VILCAS HUAMAN";"VISCHONGO";"GOBIERNO REGIONAL";"I-3";"00006609";"CENTRO DE SALUD VISCHONGO";"NE_0001";"";"NE_0001";"NE_0001";"NE_0001";"NE_0001";"NE_0001";"NE_0001";"NE_0001"
"2023";"06";"051108";"AYACUCHO";"VILCAS HUAMAN";"VISCHONGO";"GOBIERNO REGIONAL";"I-1";"00006612";"PUESTO DE SALUD PALLCCACANCHA";"NE_0001";"";"NE_0001";"NE_0001";"NE_0001";"NE_0001";"NE_0001";"NE_0001";"NE_0001"
"2023";"06";"051106";"AYACUCHO";"VILCAS HUAMAN";"INDEPENDENCIA";"GOBIERNO REGIONAL";"I-1";"00021259";"PUESTO DE SALUD OCCO";"NE_0001";"";"NE_0001";"NE_0001";"NE_0001";"NE_0001";"NE_0001";"NE_0001";"NE_0001"
"2023";"06";"051103";"AYACUCHO";"VILCAS HUAMAN";"CARHUANCA";"GOBIERNO REGIONAL";"I-2";"00003845";"PUESTO DE SALUD CARHUANCA";"NE_0001";"";"NE_0001";"NE_0001";"NE_0001";"NE_0001";"NE_0001";"NE_0001";"NE_0001"
"2023";"06";"051108";"AYACUCHO";"VILCAS HUAMAN";"VISCHONGO";"GOBIERNO REGIONAL";"I-1";"00006613";"PUESTO DE SALUD PATAHUASI";"NE_0001";"";"NE_0001";"NE_0001";"NE_0001";"NE_0001";"NE_0001";"NE_0001";"NE_0001"
"2023";"06";"051105";"AYACUCHO";"VILCAS HUAMAN";"HUAMBALPA";"GOBIERNO REGIONAL";"I-1";"00006606";"PUESTO DE SALUD SAN ANTONIO DE COCHAS";"NE_0001";"";"NE_0001";"NE_0001";"NE_0001";"NE_0001";"NE_0001";"NE_0001";"NE_0001"
"2023";"06";"051101";"AYACUCHO";"VILCAS HUAMAN";"VILCAS HUAMAN";"GOBIERNO REGIONAL";"I-1";"00011416";"PUESTO DE SALUD COLPAPAMPA";"NE_0001";"";"NE_0001";"NE_0001";"NE_0001";"NE_0001";"NE_0001";"NE_0001";"NE_0001"
"2023";"06";"051101";"AYACUCHO";"VILCAS HUAMAN";"VILCAS HUAMAN";"GOBIERNO REGIONAL";"I-1";"00003848";"PUESTO DE SALUD HUACCAÑA";"NE_0001";"";"NE_0001";"NE_0001";"NE_0001";"NE_0001";"NE_0001";"NE_0001";"NE_0001"
"2023";"06";"051101";"AYACUCHO";"VILCAS HUAMAN";"VILCAS HUAMAN";"GOBIERNO REGIONAL";"I-1";"00003850";"PUESTO DE SALUD SAN FRANCISCO DE PUJAS";"NE_0001";"";"NE_0001";"NE_0001";"NE_0001";"NE_0001";"NE_0001";"NE_0001";"NE_0001"
"2023";"06";"051102";"AYACUCHO";"VILCAS HUAMAN";"ACCOMARCA";"GOBIERNO REGIONAL";"I-1";"00003843";"PUESTO DE SALUD PONGOCOCHA";"NE_0001";"";"NE_0001";"NE_0001";"NE_0001";"NE_0001";"NE_0001";"NE_0001";"NE_0001"
"2023";"06";"051104";"AYACUCHO";"VILCAS HUAMAN";"CONCEPCION";"GOBIERNO REGIONAL";"I-1";"00003851";"PUESTO DE SALUD SAN ANTONIO ASTANYA";"NE_0001";"";"NE_0001";"NE_0001";"NE_0001";"NE_0001";"NE_0001";"NE_0001";"NE_0001"
"2023";"06";"051108";"AYACUCHO";"VILCAS HUAMAN";"VISCHONGO";"GOBIERNO REGIONAL";"I-1";"00006614";"PUESTO DE SALUD POMACOCHA";"NE_0001";"";"NE_0001";"NE_0001";"NE_0001";"NE_0001";"NE_0001";"NE_0001";"NE_0001"
"2023";"06";"051108";"AYACUCHO";"VILCAS HUAMAN";"VISCHONGO";"GOBIERNO REGIONAL";"I-1";"00027647";"PUESTO DE SALUD SAN LORENZO DE ÑUÑUNHUAYCCO";"NE_0001";"";"NE_0001";"NE_0001";"NE_0001";"NE_0001";"NE_0001";"NE_0001";"NE_0001"
"2023";"06";"051102";"AYACUCHO";"VILCAS HUAMAN";"ACCOMARCA";"GOBIERNO REGIONAL";"I-2";"00003841";"PUESTO DE SALUD ACCOMARCA";"NE_0001";"";"NE_0001";"NE_0001";"NE_0001";"NE_0001";"NE_0001";"NE_0001";"NE_0001"
"2023";"06";"051102";"AYACUCHO";"VILCAS HUAMAN";"ACCOMARCA";"GOBIERNO REGIONAL";"I-1";"00003842";"PUESTO DE SALUD HUARCAS";"NE_0001";"";"NE_0001";"NE_0001";"NE_0001";"NE_0001";"NE_0001";"NE_0001";"NE_0001"
"2023";"06";"051101";"AYACUCHO";"VILCAS HUAMAN";"VILCAS HUAMAN";"GOBIERNO REGIONAL";"I-4";"00003847";"CENTRO DE SALUD VILCASHUAMAN";"NE_0001";"";"NE_0001";"NE_0001";"NE_0001";"NE_0001";"NE_0001";"NE_0001";"NE_0001"
"2023";"06";"051106";"AYACUCHO";"VILCAS HUAMAN";"INDEPENDENCIA";"GOBIERNO REGIONAL";"I-2";"00003844";"PUESTO DE SALUD PACCHAHUALLHUA";"NE_0001";"";"NE_0001";"NE_0001";"NE_0001";"NE_0001";"NE_0001";"NE_0001";"NE_0001"
"2023";"06";"051101";"AYACUCHO";"VILCAS HUAMAN";"VILCAS HUAMAN";"GOBIERNO REGIONAL";"I-1";"00003849";"POMATAMBO";"NE_0001";"";"NE_0001";"NE_0001";"NE_0001";"NE_0001";"NE_0001";"NE_0001";"NE_0001"
"2023";"06";"051104";"AYACUCHO";"VILCAS HUAMAN";"CONCEPCION";"GOBIERNO REGIONAL";"I-2";"00003852";"PUESTO DE SALUD CONCEPCION";"NE_0001";"";"NE_0001";"NE_0001";"NE_0001";"NE_0001";"NE_0001";"NE_0001";"NE_0001"
"2023";"06";"051105";"AYACUCHO";"VILCAS HUAMAN";"HUAMBALPA";"GOBIERNO REGIONAL";"I-2";"00006605";"PUESTO DE SALUD HUAMBALPA";"NE_0001";"";"NE_0001";"NE_0001";"NE_0001";"NE_0001";"NE_0001";"NE_0001";"NE_0001"
"2023";"06";"051108";"AYACUCHO";"VILCAS HUAMAN";"VISCHONGO";"GOBIERNO REGIONAL";"I-1";"00006611";"PUESTO DE SALUD DE CHIRIBAMBA";"NE_0001";"";"NE_0001";"NE_0001";"NE_0001";"NE_0001";"NE_0001";"NE_0001";"NE_0001"
"2023";"06";"130702";"LA LIBERTAD";"PACASMAYO";"GUADALUPE";"ESSALUD";"I-2";"00012101";"POSTA DE SALUD GUADALUPE";"NE_0001";"";"NE_0001";"NE_0001";"NE_0001";"NE_0001";"NE_0001";"NE_0001";"NE_0001"
"2023";"06";"060101";"CAJAMARCA";"CAJAMARCA";"CAJAMARCA";"PRIVADO";"II-1";"00009599";"CLINICA SAN FRANCISCO DE ASIS S.A.";"240100";"HOSPITALIZACIÓN QUIRÚRGICA CIRUGÍA GENERAL ";"9";"9";"14";"9";"2";"60";"0"
"2023";"06";"060101";"CAJAMARCA";"CAJAMARCA";"CAJAMARCA";"PRIVADO";"II-1";"00009599";"CLINICA SAN FRANCISCO DE ASIS S.A.";"241200";"HOSPITALIZACIÓN QUIRÚRGICA TRAUMATOLOGÍA Y ORTOPEDIA ";"5";"5";"9";"5";"2";"60";"0"
"2023";"06";"060101";"CAJAMARCA";"CAJAMARCA";"CAJAMARCA";"PRIVADO";"II-1";"00009599";"CLINICA SAN FRANCISCO DE ASIS S.A.";"241400";"HOSPITALIZACIÓN QUIRÚRGICA GINECO - OBSTETRICIA ";"7";"7";"8";"7";"2";"60";"0"
"2023";"06";"060101";"CAJAMARCA";"CAJAMARCA";"CAJAMARCA";"PRIVADO";"II-1";"00009599";"CLINICA SAN FRANCISCO DE ASIS S.A.";"241500";"HOSPITALIZACIÓN QUIRÚRGICA GINECOLOGÍA  ";"3";"3";"3";"3";"2";"60";"0"
"2023";"06";"060101";"CAJAMARCA";"CAJAMARCA";"CAJAMARCA";"PRIVADO";"II-1";"00009599";"CLINICA SAN FRANCISCO DE ASIS S.A.";"241900";"HOSPITALIZACIÓN DE MEDICINA MEDICINA INTERNA ";"1";"1";"2";"1";"2";"60";"0"
"2023";"06";"060101";"CAJAMARCA";"CAJAMARCA";"CAJAMARCA";"PRIVADO";"II-1";"00009599";"CLINICA SAN FRANCISCO DE ASIS S.A.";"242300";"HOSPITALIZACIÓN DE PEDIATRÍA  PEDIATRÍA  GENERAL ";"1";"1";"1";"1";"2";"60";"0"
"2023";"06";"060101";"CAJAMARCA";"CAJAMARCA";"CAJAMARCA";"PRIVADO";"II-1";"00009599";"CLINICA SAN FRANCISCO DE ASIS S.A.";"244700";"HOSPITALIZACIÓN DE MEDICINA NEUROLOGIA  ";"2";"2";"6";"2";"2";"60";"0"
"2023";"06";"150125";"LIMA";"LIMA";"PUENTE PIEDRA";"PRIVADO";"II-E";"00016353";"CLINICA MONTELUZ";"241400";"HOSPITALIZACIÓN QUIRÚRGICA GINECO - OBSTETRICIA ";"94";"102";"160";"170";"12";"360";"0"
"2023";"06";"150125";"LIMA";"LIMA";"PUENTE PIEDRA";"PRIVADO";"II-E";"00016353";"CLINICA MONTELUZ";"240100";"HOSPITALIZACIÓN QUIRÚRGICA CIRUGÍA GENERAL ";"61";"65";"104";"101";"10";"300";"0"
"2023";"06";"040302";"AREQUIPA";"CARAVELI";"ACARI";"ESSALUD";"I-2";"00012195";"POSTA MEDICA ACARI";"NE_0001";"";"NE_0001";"NE_0001";"NE_0001";"NE_0001";"NE_0001";"NE_0001";"NE_0001"
"2023";"06";"170101";"MADRE DE DIOS";"TAMBOPATA";"TAMBOPATA";"ESSALUD";"II-1";"00009319";"HOSPITAL I VICTOR ALFREDO LAZO PERALTA";"241800";"HOSPITALIZACIÓN DE MEDICINA MEDICINA GENERAL ";"43";"45";"251";"250";"23";"690";"3"
"2023";"06";"170101";"MADRE DE DIOS";"TAMBOPATA";"TAMBOPATA";"ESSALUD";"II-1";"00009319";"HOSPITAL I VICTOR ALFREDO LAZO PERALTA";"240100";"HOSPITALIZACIÓN QUIRÚRGICA CIRUGÍA GENERAL ";"41";"38";"117";"115";"10";"300";"0"
"2023";"06";"170101";"MADRE DE DIOS";"TAMBOPATA";"TAMBOPATA";"ESSALUD";"II-1";"00009319";"HOSPITAL I VICTOR ALFREDO LAZO PERALTA";"241400";"HOSPITALIZACIÓN QUIRÚRGICA GINECO - OBSTETRICIA ";"57";"55";"119";"115";"10";"300";"0"
"2023";"06";"170101";"MADRE DE DIOS";"TAMBOPATA";"TAMBOPATA";"ESSALUD";"II-1";"00009319";"HOSPITAL I VICTOR ALFREDO LAZO PERALTA";"242300";"HOSPITALIZACIÓN DE PEDIATRÍA  PEDIATRÍA  GENERAL ";"19";"17";"67";"67";"4";"120";"0"
"2023";"06";"210101";"PUNO";"PUNO";"PUNO";"GOBIERNO REGIONAL";"I-4";"00003254";"JOSE ANTONIO ENCINAS";"241600";"HOSPITALIZACIÓN QUIRÚRGICA OBSTETRICIA   ";"20";"20";"35";"130";"5";"210";"0"
"2023";"06";"220511";"SAN MARTIN";"LAMAS";"ZAPATERO";"GOBIERNO REGIONAL";"I-1";"00006401";"PROGRESO";"NE_0002";"";"NE_0002";"NE_0002";"NE_0002";"NE_0002";"NE_0002";"NE_0002";"NE_0002"
"2023";"06";"220511";"SAN MARTIN";"LAMAS";"ZAPATERO";"GOBIERNO REGIONAL";"I-1";"00006403";"CARAÑAYACU";"NE_0002";"";"NE_0002";"NE_0002";"NE_0002";"NE_0002";"NE_0002";"NE_0002";"NE_0002"
"2023";"06";"220511";"SAN MARTIN";"LAMAS";"ZAPATERO";"GOBIERNO REGIONAL";"I-1";"00006404";"SANTA CRUZ DE SHITARIYACU";"NE_0002";"";"NE_0002";"NE_0002";"NE_0002";"NE_0002";"NE_0002";"NE_0002";"NE_0002"
"2023";"06";"220511";"SAN MARTIN";"LAMAS";"ZAPATERO";"GOBIERNO REGIONAL";"I-1";"00006405";"BAGAZAN";"NE_0002";"";"NE_0002";"NE_0002";"NE_0002";"NE_0002";"NE_0002";"NE_0002";"NE_0002"
"2023";"06";"220511";"SAN MARTIN";"LAMAS";"ZAPATERO";"GOBIERNO REGIONAL";"I-1";"00006402";"UCHUMULLACA";"NE_0002";"";"NE_0002";"NE_0002";"NE_0002";"NE_0002";"NE_0002";"NE_0002";"NE_0002"
"2023";"06";"220511";"SAN MARTIN";"LAMAS";"ZAPATERO";"GOBIERNO REGIONAL";"I-1";"00006398";"SAN FERNANDO";"NE_0002";"";"NE_0002";"NE_0002";"NE_0002";"NE_0002";"NE_0002";"NE_0002";"NE_0002"
"2023";"06";"220505";"SAN MARTIN";"LAMAS";"CUÑUMBUQUI";"GOBIERNO REGIONAL";"I-1";"00006784";"ALTO ANDINO";"NE_0002";"";"NE_0002";"NE_0002";"NE_0002";"NE_0002";"NE_0002";"NE_0002";"NE_0002"
"2023";"06";"220505";"SAN MARTIN";"LAMAS";"CUÑUMBUQUI";"GOBIERNO REGIONAL";"I-3";"00006396";"CUÑUMBUQUE";"241600";"HOSPITALIZACIÓN QUIRÚRGICA OBSTETRICIA   ";"6";"6";"6";"6";"2";"60";"0"
"2023";"06";"220511";"SAN MARTIN";"LAMAS";"ZAPATERO";"GOBIERNO REGIONAL";"I-1";"00006399";"ZAPATERO";"NE_0002";"";"NE_0002";"NE_0002";"NE_0002";"NE_0002";"NE_0002";"NE_0002";"NE_0002"
"2023";"06";"220511";"SAN MARTIN";"LAMAS";"ZAPATERO";"GOBIERNO REGIONAL";"I-1";"00006406";"NUEVO MUNDO";"NE_0002";"";"NE_0002";"NE_0002";"NE_0002";"NE_0002";"NE_0002";"NE_0002";"NE_0002"
"2023";"06";"220511";"SAN MARTIN";"LAMAS";"ZAPATERO";"GOBIERNO REGIONAL";"I-1";"00006810";"VISTOSO GRANDE";"NE_0002";"";"NE_0002";"NE_0002";"NE_0002";"NE_0002";"NE_0002";"NE_0002";"NE_0002"
"2023";"06";"220505";"SAN MARTIN";"LAMAS";"CUÑUMBUQUI";"GOBIERNO REGIONAL";"I-1";"00006378";"MAMONAQUIHUA";"NE_0002";"";"NE_0002";"NE_0002";"NE_0002";"NE_0002";"NE_0002";"NE_0002";"NE_0002"
"2023";"06";"220505";"SAN MARTIN";"LAMAS";"CUÑUMBUQUI";"GOBIERNO REGIONAL";"I-1";"00006397";"SAN RAFAEL DEL RIO MAYO";"NE_0002";"";"NE_0002";"NE_0002";"NE_0002";"NE_0002";"NE_0002";"NE_0002";"NE_0002"
"2023";"06";"220511";"SAN MARTIN";"LAMAS";"ZAPATERO";"GOBIERNO REGIONAL";"I-1";"00006400";"NUEVO CELENDIN";"NE_0002";"";"NE_0002";"NE_0002";"NE_0002";"NE_0002";"NE_0002";"NE_0002";"NE_0002"
"2023";"06";"220505";"SAN MARTIN";"LAMAS";"CUÑUMBUQUI";"GOBIERNO REGIONAL";"I-1";"00006372";"SAN FRANCISCO DEL RIO MAYO";"NE_0002";"";"NE_0002";"NE_0002";"NE_0002";"NE_0002";"NE_0002";"NE_0002";"NE_0002"
"2023";"06";"150140";"LIMA";"LIMA";"SANTIAGO DE SURCO";"PRIVADO";"II-E";"00015461";"VISTASALUD CENTRO OFTALMOLOGICO";"NE_0001";"";"NE_0001";"NE_0001";"NE_0001";"NE_0001";"NE_0001";"NE_0001";"NE_0001"
"2023";"06";"060301";"CAJAMARCA";"CELENDIN";"CELENDIN";"GOBIERNO REGIONAL";"II-1";"00004466";"DE APOYO CELENDIN";"241800";"HOSPITALIZACIÓN DE MEDICINA MEDICINA GENERAL ";"121";"125";"305";"268";"27";"810";"1"
"2023";"06";"021905";"ANCASH";"SIHUAS";"CHINGALPO";"GOBIERNO REGIONAL";"I-1";"00001800";"PUESTO DE SALUD CHINGALPO";"NE_0002";"";"NE_0002";"NE_0002";"NE_0002";"NE_0002";"NE_0002";"NE_0002";"NE_0002"
"2023";"06";"021905";"ANCASH";"SIHUAS";"CHINGALPO";"GOBIERNO REGIONAL";"I-1";"00001754";"PUESTO DE SALUD SAN MIGUEL";"NE_0002";"";"NE_0002";"NE_0002";"NE_0002";"NE_0002";"NE_0002";"NE_0002";"NE_0002"
"2023";"06";"021907";"ANCASH";"SIHUAS";"QUICHES";"GOBIERNO REGIONAL";"I-3";"00001806";"CENTRO DE SALUD QUICHES";"241400";"HOSPITALIZACIÓN QUIRÚRGICA GINECO - OBSTETRICIA ";"1";"1";"1";"1";"1";"5";"0"
"2023";"06";"130101";"LA LIBERTAD";"TRUJILLO";"TRUJILLO";"PRIVADO";"II-1";"00027358";"CLÍNICA CRISTO REDENTOR";"240100";"HOSPITALIZACIÓN QUIRÚRGICA CIRUGÍA GENERAL ";"5";"5";"5";"5";"7";"217";"0"
"2023";"05";"150101";"LIMA";"LIMA";"LIMA";"MINSA";"III-1";"00006206";"NACIONAL  DOS DE MAYO";"241800";"HOSPITALIZACIÓN DE MEDICINA MEDICINA GENERAL ";"490";"547";"6882";"7244";"270";"8370";"45"
"2023";"05";"150101";"LIMA";"LIMA";"LIMA";"MINSA";"III-1";"00006206";"NACIONAL  DOS DE MAYO";"240100";"HOSPITALIZACIÓN QUIRÚRGICA CIRUGÍA GENERAL ";"230";"263";"1603";"2735";"98";"3038";"3"
"2023";"05";"150101";"LIMA";"LIMA";"LIMA";"MINSA";"III-1";"00006206";"NACIONAL  DOS DE MAYO";"241200";"HOSPITALIZACIÓN QUIRÚRGICA TRAUMATOLOGÍA Y ORTOPEDIA ";"43";"50";"594";"357";"12";"372";"0"
"2023";"05";"150101";"LIMA";"LIMA";"LIMA";"MINSA";"III-1";"00006206";"NACIONAL  DOS DE MAYO";"241300";"HOSPITALIZACIÓN QUIRÚRGICA UROLOGÍA  ";"52";"64";"432";"424";"15";"465";"0"
"2023";"05";"150101";"LIMA";"LIMA";"LIMA";"MINSA";"III-1";"00006206";"NACIONAL  DOS DE MAYO";"240900";"HOSPITALIZACIÓN QUIRÚRGICA NEUROCIRUGÍA ";"41";"41";"587";"649";"22";"682";"0"
"2023";"05";"150101";"LIMA";"LIMA";"LIMA";"MINSA";"III-1";"00006206";"NACIONAL  DOS DE MAYO";"241100";"HOSPITALIZACIÓN QUIRÚRGICA OTORRINOLARINGOLOGÍA  ";"8";"8";"44";"41";"2";"62";"0"
"2023";"05";"150101";"LIMA";"LIMA";"LIMA";"MINSA";"III-1";"00006206";"NACIONAL  DOS DE MAYO";"240700";"HOSPITALIZACIÓN QUIRÚRGICA CIRUGÍA PEDIÁTRICA ";"23";"22";"149";"134";"5";"155";"0"
"2023";"05";"150101";"LIMA";"LIMA";"LIMA";"MINSA";"III-1";"00006206";"NACIONAL  DOS DE MAYO";"240200";"HOSPITALIZACIÓN QUIRÚRGICA CIRUGÍA DE CABEZA Y CUELLO / MÁXILO FACIAL ";"8";"9";"84";"83";"3";"93";"0"
"2023";"05";"150101";"LIMA";"LIMA";"LIMA";"MINSA";"III-1";"00006206";"NACIONAL  DOS DE MAYO";"240800";"HOSPITALIZACIÓN QUIRÚRGICA CIRUGÍA PLÁSTICA/RECONSTRUCTIVA/ REPARADORA ";"4";"4";"67";"31";"1";"31";"0"
"2023";"05";"150101";"LIMA";"LIMA";"LIMA";"MINSA";"III-1";"00006206";"NACIONAL  DOS DE MAYO";"241400";"HOSPITALIZACIÓN QUIRÚRGICA GINECO - OBSTETRICIA ";"384";"382";"1148";"1200";"43";"1333";"0"
"2023";"05";"150101";"LIMA";"LIMA";"LIMA";"MINSA";"III-1";"00006206";"NACIONAL  DOS DE MAYO";"243200";"HOSPITALIZACIÓN DE PEDIATRÍA PEDIATRIA NEONATOLOGÍA";"129";"131";"486";"598";"27";"837";"0"
"2023";"05";"150101";"LIMA";"LIMA";"LIMA";"MINSA";"III-1";"00006206";"NACIONAL  DOS DE MAYO";"242300";"HOSPITALIZACIÓN DE PEDIATRÍA  PEDIATRÍA  GENERAL ";"111";"117";"509";"668";"30";"930";"0"
"2023";"05";"150101";"LIMA";"LIMA";"LIMA";"MINSA";"III-1";"00006206";"NACIONAL  DOS DE MAYO";"250100";"UNIDAD DE CUIDADOS CRITICOS UNIDAD  DE CUIDADOS INTENSIVOS GENERALES (UCI) ";"28";"41";"634";"1217";"59";"1829";"29"
"2023";"07";"150130";"LIMA";"LIMA";"SAN BORJA";"PRIVADO";"II-E";"00015078";"NOVO Q";"240000";"HOSPITALIZACIÓN";"115";"114";"123";"157";"12";"215";"0"
"2023";"04";"040104";"AREQUIPA";"AREQUIPA";"CERRO COLORADO";"GOBIERNO REGIONAL";"I-3";"00001248";"CENTRO DE SALUD ALTO LIBERTAD";"NE_0001";"";"NE_0001";"NE_0001";"NE_0001";"NE_0001";"NE_0001";"NE_0001";"NE_0001"
"2023";"04";"100102";"HUANUCO";"HUANUCO";"AMARILIS";"GOBIERNO REGIONAL";"II-E";"00000756";"HOSPITAL MATERNO INFANTIL CARLOS SHOWING FERRARI";"241400";"HOSPITALIZACIÓN QUIRÚRGICA GINECO - OBSTETRICIA ";"225";"235";"487";"722";"28";"840";"0"
"2023";"04";"100102";"HUANUCO";"HUANUCO";"AMARILIS";"GOBIERNO REGIONAL";"II-E";"00000756";"HOSPITAL MATERNO INFANTIL CARLOS SHOWING FERRARI";"242500";"HOSPITALIZACIÓN-PEDIATRÍA GENERAL-";"39";"44";"187";"231";"10";"300";"0"
"2023";"04";"100102";"HUANUCO";"HUANUCO";"AMARILIS";"GOBIERNO REGIONAL";"II-E";"00000756";"HOSPITAL MATERNO INFANTIL CARLOS SHOWING FERRARI";"243200";"HOSPITALIZACIÓN DE PEDIATRÍA PEDIATRIA NEONATOLOGÍA";"37";"44";"159";"203";"10";"300";"0"
"2023";"04";"120302";"JUNIN";"CHANCHAMAYO";"PERENE";"GOBIERNO REGIONAL";"I-1";"00000322";"LIBERTAD TOTERANI";"NE_0001";"";"NE_0001";"NE_0001";"NE_0001";"NE_0001";"NE_0001";"NE_0001";"NE_0001"
"2023";"04";"120302";"JUNIN";"CHANCHAMAYO";"PERENE";"GOBIERNO REGIONAL";"I-1";"00000323";"INCHATINGARI";"NE_0001";"";"NE_0001";"NE_0001";"NE_0001";"NE_0001";"NE_0001";"NE_0001";"NE_0001"
"2023";"04";"120302";"JUNIN";"CHANCHAMAYO";"PERENE";"GOBIERNO REGIONAL";"I-2";"00000324";"LOS ANGELES DE UBIRIKI";"NE_0001";"";"NE_0001";"NE_0001";"NE_0001";"NE_0001";"NE_0001";"NE_0001";"NE_0001"
"2023";"09";"130101";"LA LIBERTAD";"TRUJILLO";"TRUJILLO";"SANIDAD DEL EJERCITO DEL PERU";"I-4";"00032053";"CENTRO DE SALUD EJERCITO PERUANO";"241200";"HOSPITALIZACIÓN QUIRÚRGICA TRAUMATOLOGÍA Y ORTOPEDIA ";"5";"2";"12";"91";"6";"180";"0"
"2023";"09";"130101";"LA LIBERTAD";"TRUJILLO";"TRUJILLO";"SANIDAD DEL EJERCITO DEL PERU";"I-4";"00032053";"CENTRO DE SALUD EJERCITO PERUANO";"241800";"HOSPITALIZACIÓN DE MEDICINA MEDICINA GENERAL ";"7";"7";"33";"1";"6";"180";"0"
"2023";"09";"150130";"LIMA";"LIMA";"SAN BORJA";"PRIVADO";"II-1";"00010515";"CLINICA SANTA LUCIA S.A.C.";"240100";"HOSPITALIZACIÓN QUIRÚRGICA CIRUGÍA GENERAL ";"29";"29";"29";"29";"10";"280";"0"
"2023";"09";"150130";"LIMA";"LIMA";"SAN BORJA";"PRIVADO";"II-1";"00010515";"CLINICA SANTA LUCIA S.A.C.";"240800";"HOSPITALIZACIÓN QUIRÚRGICA CIRUGÍA PLÁSTICA/RECONSTRUCTIVA/ REPARADORA ";"1";"1";"1";"1";"2";"56";"0"
"2023";"09";"150130";"LIMA";"LIMA";"SAN BORJA";"PRIVADO";"II-1";"00010515";"CLINICA SANTA LUCIA S.A.C.";"241200";"HOSPITALIZACIÓN QUIRÚRGICA TRAUMATOLOGÍA Y ORTOPEDIA ";"7";"7";"7";"7";"8";"248";"0"
"2023";"09";"150130";"LIMA";"LIMA";"SAN BORJA";"PRIVADO";"II-1";"00010515";"CLINICA SANTA LUCIA S.A.C.";"241300";"HOSPITALIZACIÓN QUIRÚRGICA UROLOGÍA  ";"22";"22";"22";"22";"5";"140";"0"
"2023";"09";"150130";"LIMA";"LIMA";"SAN BORJA";"PRIVADO";"II-1";"00010515";"CLINICA SANTA LUCIA S.A.C.";"241400";"HOSPITALIZACIÓN QUIRÚRGICA GINECO - OBSTETRICIA ";"11";"11";"11";"11";"5";"140";"0"
"2023";"09";"240103";"TUMBES";"TUMBES";"LA CRUZ";"ESSALUD";"I-2";"00012274";"POSTA MEDICA LA CRUZ";"NE_0001";"";"NE_0001";"NE_0001";"NE_0001";"NE_0001";"NE_0001";"NE_0001";"NE_0001"
"2023";"09";"060607";"CAJAMARCA";"CUTERVO";"QUEROCOTILLO";"GOBIERNO REGIONAL";"I-1";"00005011";"PARIC";"NE_0001";"";"NE_0001";"NE_0001";"NE_0001";"NE_0001";"NE_0001";"NE_0001";"NE_0001"
"2023";"09";"060607";"CAJAMARCA";"CUTERVO";"QUEROCOTILLO";"GOBIERNO REGIONAL";"I-1";"00006943";"BALCONCILLO";"NE_0001";"";"NE_0001";"NE_0001";"NE_0001";"NE_0001";"NE_0001";"NE_0001";"NE_0001"
"2023";"09";"060607";"CAJAMARCA";"CUTERVO";"QUEROCOTILLO";"GOBIERNO REGIONAL";"I-2";"00005007";"SANTA ROSA DE QUEROCOTILLO";"NE_0001";"";"NE_0001";"NE_0001";"NE_0001";"NE_0001";"NE_0001";"NE_0001";"NE_0001"
"2023";"09";"060607";"CAJAMARCA";"CUTERVO";"QUEROCOTILLO";"GOBIERNO REGIONAL";"I-1";"00006869";"LAS DELICIAS";"NE_0001";"";"NE_0001";"NE_0001";"NE_0001";"NE_0001";"NE_0001";"NE_0001";"NE_0001"
"2023";"09";"060607";"CAJAMARCA";"CUTERVO";"QUEROCOTILLO";"GOBIERNO REGIONAL";"I-1";"00007753";"BARBASCO";"NE_0001";"";"NE_0001";"NE_0001";"NE_0001";"NE_0001";"NE_0001";"NE_0001";"NE_0001"
"2023";"09";"060607";"CAJAMARCA";"CUTERVO";"QUEROCOTILLO";"GOBIERNO REGIONAL";"I-3";"00005006";"QUEROCOTILLO";"NE_0001";"";"NE_0001";"NE_0001";"NE_0001";"NE_0001";"NE_0001";"NE_0001";"NE_0001"
"2023";"09";"060607";"CAJAMARCA";"CUTERVO";"QUEROCOTILLO";"GOBIERNO REGIONAL";"I-2";"00005010";"INGUER";"NE_0001";"";"NE_0001";"NE_0001";"NE_0001";"NE_0001";"NE_0001";"NE_0001";"NE_0001"
"2023";"09";"060607";"CAJAMARCA";"CUTERVO";"QUEROCOTILLO";"GOBIERNO REGIONAL";"I-1";"00006942";"LA SUCCHA ALTA";"NE_0001";"";"NE_0001";"NE_0001";"NE_0001";"NE_0001";"NE_0001";"NE_0001";"NE_0001"
"2023";"09";"060607";"CAJAMARCA";"CUTERVO";"QUEROCOTILLO";"GOBIERNO REGIONAL";"I-1";"00007099";"AGUA BLANCA";"NE_0001";"";"NE_0001";"NE_0001";"NE_0001";"NE_0001";"NE_0001";"NE_0001";"NE_0001"
"2023";"09";"060607";"CAJAMARCA";"CUTERVO";"QUEROCOTILLO";"GOBIERNO REGIONAL";"I-1";"00007365";"MINAS DE QUEROCOTILLO";"NE_0001";"";"NE_0001";"NE_0001";"NE_0001";"NE_0001";"NE_0001";"NE_0001";"NE_0001"
"2023";"09";"060607";"CAJAMARCA";"CUTERVO";"QUEROCOTILLO";"GOBIERNO REGIONAL";"I-1";"00007366";"EL CORRAL";"NE_0001";"";"NE_0001";"NE_0001";"NE_0001";"NE_0001";"NE_0001";"NE_0001";"NE_0001"
"2023";"09";"060607";"CAJAMARCA";"CUTERVO";"QUEROCOTILLO";"GOBIERNO REGIONAL";"I-1";"00005009";"QUIPAYUC";"NE_0001";"";"NE_0001";"NE_0001";"NE_0001";"NE_0001";"NE_0001";"NE_0001";"NE_0001"
"2023";"09";"060607";"CAJAMARCA";"CUTERVO";"QUEROCOTILLO";"GOBIERNO REGIONAL";"I-1";"00006941";"MARAYBAMBA ALTO";"NE_0001";"";"NE_0001";"NE_0001";"NE_0001";"NE_0001";"NE_0001";"NE_0001";"NE_0001"
"2023";"09";"060607";"CAJAMARCA";"CUTERVO";"QUEROCOTILLO";"GOBIERNO REGIONAL";"I-1";"00007226";"LA SUCCHA DE QUEROCOTILLO";"NE_0001";"";"NE_0001";"NE_0001";"NE_0001";"NE_0001";"NE_0001";"NE_0001";"NE_0001"
"2023";"09";"081102";"CUSCO";"PAUCARTAMBO";"CAICAY";"GOBIERNO REGIONAL";"I-1";"00002512";"CAICAY";"NE_0002";"";"NE_0002";"NE_0002";"NE_0002";"NE_0002";"NE_0002";"NE_0002";"NE_0002"
"2023";"09";"081104";"CUSCO";"PAUCARTAMBO";"COLQUEPATA";"GOBIERNO REGIONAL";"I-1";"00006979";"TOCRA";"NE_0002";"";"NE_0002";"NE_0002";"NE_0002";"NE_0002";"NE_0002";"NE_0002";"NE_0002"
"2023";"09";"081101";"CUSCO";"PAUCARTAMBO";"PAUCARTAMBO";"GOBIERNO REGIONAL";"I-4";"00002510";"PAUCARTAMBO";"NE_0002";"";"NE_0002";"NE_0002";"NE_0002";"NE_0002";"NE_0002";"NE_0002";"NE_0002"
"2023";"09";"081104";"CUSCO";"PAUCARTAMBO";"COLQUEPATA";"GOBIERNO REGIONAL";"I-1";"00002517";"PICHIHUA COLQUEPATA";"NE_0002";"";"NE_0002";"NE_0002";"NE_0002";"NE_0002";"NE_0002";"NE_0002";"NE_0002"
"2023";"09";"081106";"CUSCO";"PAUCARTAMBO";"KOSÑIPATA";"GOBIERNO REGIONAL";"I-3";"00002521";"PILCOPATA";"NE_0002";"";"NE_0002";"NE_0002";"NE_0002";"NE_0002";"NE_0002";"NE_0002";"NE_0002"
"2023";"09";"081104";"CUSCO";"PAUCARTAMBO";"COLQUEPATA";"GOBIERNO REGIONAL";"I-2";"00002518";"VIZCOCHONI";"NE_0002";"";"NE_0002";"NE_0002";"NE_0002";"NE_0002";"NE_0002";"NE_0002";"NE_0002"
"2023";"09";"081105";"CUSCO";"PAUCARTAMBO";"HUANCARANI";"GOBIERNO REGIONAL";"I-4";"00002520";"HUANCARANI";"NE_0002";"";"NE_0002";"NE_0002";"NE_0002";"NE_0002";"NE_0002";"NE_0002";"NE_0002"
"2023";"09";"081106";"CUSCO";"PAUCARTAMBO";"KOSÑIPATA";"GOBIERNO REGIONAL";"I-2";"00002522";"PATRIA";"NE_0002";"";"NE_0002";"NE_0002";"NE_0002";"NE_0002";"NE_0002";"NE_0002";"NE_0002"
"2023";"09";"081101";"CUSCO";"PAUCARTAMBO";"PAUCARTAMBO";"GOBIERNO REGIONAL";"I-2";"00002511";"MOLLOMARCA";"NE_0002";"";"NE_0002";"NE_0002";"NE_0002";"NE_0002";"NE_0002";"NE_0002";"NE_0002"
"2023";"09";"081103";"CUSCO";"PAUCARTAMBO";"CHALLABAMBA";"GOBIERNO REGIONAL";"I-3";"00002514";"CHALLABAMBA";"NE_0002";"";"NE_0002";"NE_0002";"NE_0002";"NE_0002";"NE_0002";"NE_0002";"NE_0002"
"2023";"09";"081104";"CUSCO";"PAUCARTAMBO";"COLQUEPATA";"GOBIERNO REGIONAL";"I-2";"00002516";"COLQUEPATA";"NE_0002";"";"NE_0002";"NE_0002";"NE_0002";"NE_0002";"NE_0002";"NE_0002";"NE_0002"
"2023";"09";"081104";"CUSCO";"PAUCARTAMBO";"COLQUEPATA";"GOBIERNO REGIONAL";"I-1";"00002519";"AYRE";"NE_0002";"";"NE_0002";"NE_0002";"NE_0002";"NE_0002";"NE_0002";"NE_0002";"NE_0002"
"2023";"09";"081102";"CUSCO";"PAUCARTAMBO";"CAICAY";"GOBIERNO REGIONAL";"I-1";"00002513";"HUASAC";"NE_0002";"";"NE_0002";"NE_0002";"NE_0002";"NE_0002";"NE_0002";"NE_0002";"NE_0002"
"2023";"09";"120601";"JUNIN";"SATIPO";"SATIPO";"GOBIERNO REGIONAL";"II-1";"00000432";"DE APOYO MANUEL HIGA ARAKAKI";"240100";"HOSPITALIZACIÓN QUIRÚRGICA CIRUGÍA GENERAL ";"36";"39";"138";"218";"11";"330";"0"
"2023";"09";"120601";"JUNIN";"SATIPO";"SATIPO";"GOBIERNO REGIONAL";"II-1";"00000432";"DE APOYO MANUEL HIGA ARAKAKI";"241200";"HOSPITALIZACIÓN QUIRÚRGICA TRAUMATOLOGÍA Y ORTOPEDIA ";"18";"24";"103";"118";"4";"120";"0"
"2023";"09";"120601";"JUNIN";"SATIPO";"SATIPO";"GOBIERNO REGIONAL";"II-1";"00000432";"DE APOYO MANUEL HIGA ARAKAKI";"241500";"HOSPITALIZACIÓN QUIRÚRGICA GINECOLOGÍA  ";"52";"54";"142";"156";"6";"180";"0"
"2023";"09";"120601";"JUNIN";"SATIPO";"SATIPO";"GOBIERNO REGIONAL";"II-1";"00000432";"DE APOYO MANUEL HIGA ARAKAKI";"241600";"HOSPITALIZACIÓN QUIRÚRGICA OBSTETRICIA   ";"103";"105";"259";"284";"11";"330";"0"
"2023";"09";"120601";"JUNIN";"SATIPO";"SATIPO";"GOBIERNO REGIONAL";"II-1";"00000432";"DE APOYO MANUEL HIGA ARAKAKI";"241900";"HOSPITALIZACIÓN DE MEDICINA MEDICINA INTERNA ";"10";"16";"108";"169";"6";"180";"11"
"2023";"09";"120601";"JUNIN";"SATIPO";"SATIPO";"GOBIERNO REGIONAL";"II-1";"00000432";"DE APOYO MANUEL HIGA ARAKAKI";"242500";"HOSPITALIZACIÓN-PEDIATRÍA GENERAL-";"13";"14";"62";"84";"3";"90";"0"
"2023";"09";"120601";"JUNIN";"SATIPO";"SATIPO";"GOBIERNO REGIONAL";"II-1";"00000432";"DE APOYO MANUEL HIGA ARAKAKI";"243200";"HOSPITALIZACIÓN DE PEDIATRÍA PEDIATRIA NEONATOLOGÍA";"18";"23";"150";"181";"7";"210";"1"
"2023";"09";"060804";"CAJAMARCA";"JAEN";"COLASAY";"GOBIERNO REGIONAL";"I-3";"00004236";"COLASAY";"NE_0001";"";"NE_0001";"NE_0001";"NE_0001";"NE_0001";"NE_0001";"NE_0001";"NE_0001"
"2023";"09";"060804";"CAJAMARCA";"JAEN";"COLASAY";"GOBIERNO REGIONAL";"I-2";"00007017";"AHUYACA";"NE_0001";"";"NE_0001";"NE_0001";"NE_0001";"NE_0001";"NE_0001";"NE_0001";"NE_0001"
"2023";"09";"081204";"CUSCO";"QUISPICANCHI";"CCARHUAYO";"GOBIERNO REGIONAL";"I-2";"00002527";"CCARHUAYO";"NE_0002";"";"NE_0002";"NE_0002";"NE_0002";"NE_0002";"NE_0002";"NE_0002";"NE_0002"
"2023";"09";"081205";"CUSCO";"QUISPICANCHI";"CCATCA";"GOBIERNO REGIONAL";"I-2";"00002529";"KCAURY";"NE_0002";"";"NE_0002";"NE_0002";"NE_0002";"NE_0002";"NE_0002";"NE_0002";"NE_0002"
"2023";"09";"081210";"CUSCO";"QUISPICANCHI";"OCONGATE";"GOBIERNO REGIONAL";"I-2";"00006977";"TINKI";"NE_0002";"";"NE_0002";"NE_0002";"NE_0002";"NE_0002";"NE_0002";"NE_0002";"NE_0002"
"2023";"09";"081209";"CUSCO";"QUISPICANCHI";"MARCAPATA";"GOBIERNO REGIONAL";"I-1";"00007110";"INCACANCHA";"NE_0002";"";"NE_0002";"NE_0002";"NE_0002";"NE_0002";"NE_0002";"NE_0002";"NE_0002"
"2023";"09";"081205";"CUSCO";"QUISPICANCHI";"CCATCA";"GOBIERNO REGIONAL";"I-1";"00012931";"CHICHINA";"NE_0002";"";"NE_0002";"NE_0002";"NE_0002";"NE_0002";"NE_0002";"NE_0002";"NE_0002"
"2023";"09";"081205";"CUSCO";"QUISPICANCHI";"CCATCA";"GOBIERNO REGIONAL";"I-1";"00016335";"CCAPANA";"NE_0002";"";"NE_0002";"NE_0002";"NE_0002";"NE_0002";"NE_0002";"NE_0002";"NE_0002"
"2023";"09";"081205";"CUSCO";"QUISPICANCHI";"CCATCA";"GOBIERNO REGIONAL";"I-2";"00002524";"PAMPACAMARA";"NE_0002";"";"NE_0002";"NE_0002";"NE_0002";"NE_0002";"NE_0002";"NE_0002";"NE_0002"
"2023";"09";"081209";"CUSCO";"QUISPICANCHI";"MARCAPATA";"GOBIERNO REGIONAL";"I-2";"00002535";"MARCAPATA";"NE_0002";"";"NE_0002";"NE_0002";"NE_0002";"NE_0002";"NE_0002";"NE_0002";"NE_0002"
"2023";"09";"081203";"CUSCO";"QUISPICANCHI";"CAMANTI";"GOBIERNO REGIONAL";"I-3";"00002526";"QUINCE MIL";"NE_0002";"";"NE_0002";"NE_0002";"NE_0002";"NE_0002";"NE_0002";"NE_0002";"NE_0002"
"2023";"09";"081205";"CUSCO";"QUISPICANCHI";"CCATCA";"GOBIERNO REGIONAL";"I-4";"00002528";"CCATCCA";"NE_0002";"";"NE_0002";"NE_0002";"NE_0002";"NE_0002";"NE_0002";"NE_0002";"NE_0002"
"2023";"09";"081210";"CUSCO";"QUISPICANCHI";"OCONGATE";"GOBIERNO REGIONAL";"I-4";"00002536";"OCONGATE";"NE_0002";"";"NE_0002";"NE_0002";"NE_0002";"NE_0002";"NE_0002";"NE_0002";"NE_0002"
"2023";"09";"080707";"CUSCO";"CHUMBIVILCAS";"QUIÑOTA";"GOBIERNO REGIONAL";"I-1";"00006984";"CCOLLANA";"NE_0001";"";"NE_0001";"NE_0001";"NE_0001";"NE_0001";"NE_0001";"NE_0001";"NE_0001"
"2023";"09";"080706";"CUSCO";"CHUMBIVILCAS";"LLUSCO";"GOBIERNO REGIONAL";"I-1";"00027008";"ANTUYO";"NE_0001";"";"NE_0001";"NE_0001";"NE_0001";"NE_0001";"NE_0001";"NE_0001";"NE_0001"
"2023";"09";"080707";"CUSCO";"CHUMBIVILCAS";"QUIÑOTA";"GOBIERNO REGIONAL";"I-1";"00025369";"PUMALLACTA";"NE_0001";"";"NE_0001";"NE_0001";"NE_0001";"NE_0001";"NE_0001";"NE_0001";"NE_0001"
"2023";"09";"080706";"CUSCO";"CHUMBIVILCAS";"LLUSCO";"GOBIERNO REGIONAL";"I-2";"00006747";"LUTTO";"NE_0001";"";"NE_0001";"NE_0001";"NE_0001";"NE_0001";"NE_0001";"NE_0001";"NE_0001"
"2023";"09";"120407";"JUNIN";"JAUJA";"EL MANTARO";"GOBIERNO REGIONAL";"I-1";"00000414";"EL MANTARO";"NE_0001";"";"NE_0001";"NE_0001";"NE_0001";"NE_0001";"NE_0001";"NE_0001";"NE_0001"
"2023";"09";"120403";"JUNIN";"JAUJA";"APATA";"GOBIERNO REGIONAL";"I-1";"00000412";"CHICCHE";"NE_0001";"";"NE_0001";"NE_0001";"NE_0001";"NE_0001";"NE_0001";"NE_0001";"NE_0001"
"2023";"09";"120403";"JUNIN";"JAUJA";"APATA";"GOBIERNO REGIONAL";"I-1";"00000411";"SAN JOSE DE APATA";"NE_0001";"";"NE_0001";"NE_0001";"NE_0001";"NE_0001";"NE_0001";"NE_0001";"NE_0001"
"2023";"09";"150113";"LIMA";"LIMA";"JESUS MARIA";"PRIVADO";"II-E";"00014181";"CLINICA SERVISALUD";"240000";"HOSPITALIZACIÓN";"78";"74";"129";"128";"9";"270";"0"
"2023";"09";"120214";"JUNIN";"CONCEPCION";"SAN JOSE DE QUERO";"GOBIERNO REGIONAL";"I-2";"00000642";"CHAQUICOCHA";"NE_0001";"";"NE_0001";"NE_0001";"NE_0001";"NE_0001";"NE_0001";"NE_0001";"NE_0001"
"2023";"09";"140201";"LAMBAYEQUE";"FERREÑAFE";"FERREÑAFE";"GOBIERNO REGIONAL";"II-1";"00004440";"HOSPITAL PROVINCIA DE FERREÑAFE (HP_F)";"241600";"HOSPITALIZACIÓN QUIRÚRGICA OBSTETRICIA   ";"53";"55";"59";"118";"11";"330";"0"
"2023";"09";"140201";"LAMBAYEQUE";"FERREÑAFE";"FERREÑAFE";"GOBIERNO REGIONAL";"II-1";"00004440";"HOSPITAL PROVINCIA DE FERREÑAFE (HP_F)";"240000";"HOSPITALIZACIÓN";"84";"84";"190";"200";"17";"510";"0"
"2023";"09";"120403";"JUNIN";"JAUJA";"APATA";"GOBIERNO REGIONAL";"I-3";"00000409";"APATA";"NE_0001";"";"NE_0001";"NE_0001";"NE_0001";"NE_0001";"NE_0001";"NE_0001";"NE_0001"
"2023";"09";"120403";"JUNIN";"JAUJA";"APATA";"GOBIERNO REGIONAL";"I-1";"00000413";"PAUCAR APATA";"NE_0001";"";"NE_0001";"NE_0001";"NE_0001";"NE_0001";"NE_0001";"NE_0001";"NE_0001"
"2023";"09";"090701";"HUANCAVELICA";"TAYACAJA";"PAMPAS";"GOBIERNO REGIONAL";"II-1";"00004074";"HOSPITAL DE PAMPAS";"241800";"HOSPITALIZACIÓN DE MEDICINA MEDICINA GENERAL ";"9";"9";"73";"61";"6";"7";"1"
"2023";"09";"090701";"HUANCAVELICA";"TAYACAJA";"PAMPAS";"GOBIERNO REGIONAL";"II-1";"00004074";"HOSPITAL DE PAMPAS";"240100";"HOSPITALIZACIÓN QUIRÚRGICA CIRUGÍA GENERAL ";"26";"26";"112";"134";"6";"180";"0"
"2023";"09";"090701";"HUANCAVELICA";"TAYACAJA";"PAMPAS";"GOBIERNO REGIONAL";"II-1";"00004074";"HOSPITAL DE PAMPAS";"241400";"HOSPITALIZACIÓN QUIRÚRGICA GINECO - OBSTETRICIA ";"96";"88";"305";"193";"12";"372";"0"
"2023";"09";"090701";"HUANCAVELICA";"TAYACAJA";"PAMPAS";"GOBIERNO REGIONAL";"II-1";"00004074";"HOSPITAL DE PAMPAS";"242500";"HOSPITALIZACIÓN-PEDIATRÍA GENERAL-";"9";"7";"41";"26";"6";"180";"0"
"2023";"09";"090701";"HUANCAVELICA";"TAYACAJA";"PAMPAS";"GOBIERNO REGIONAL";"II-1";"00004074";"HOSPITAL DE PAMPAS";"243200";"HOSPITALIZACIÓN DE PEDIATRÍA PEDIATRIA NEONATOLOGÍA";"17";"13";"30";"34";"5";"150";"0"
"2023";"09";"090701";"HUANCAVELICA";"TAYACAJA";"PAMPAS";"GOBIERNO REGIONAL";"II-1";"00004074";"HOSPITAL DE PAMPAS";"243200";"HOSPITALIZACIÓN DE PEDIATRÍA PEDIATRIA NEONATOLOGÍA";"1";"1";"1";"1";"1";"30";"0"
"2023";"09";"081207";"CUSCO";"QUISPICANCHI";"HUARO";"GOBIERNO REGIONAL";"I-1";"00002533";"URPAY";"NE_0001";"";"NE_0001";"NE_0001";"NE_0001";"NE_0001";"NE_0001";"NE_0001";"NE_0001"
"2023";"06";"040104";"AREQUIPA";"AREQUIPA";"CERRO COLORADO";"GOBIERNO REGIONAL";"I-3";"00027843";"CENTRO DE SALUD MENTAL COMUNITARIO SAN MARTIN DE PORRES";"NE_0001";"";"NE_0001";"NE_0001";"NE_0001";"NE_0001";"NE_0001";"NE_0001";"NE_0001"
"2023";"06";"040104";"AREQUIPA";"AREQUIPA";"CERRO COLORADO";"GOBIERNO REGIONAL";"I-3";"00001248";"CENTRO DE SALUD ALTO LIBERTAD";"NE_0001";"";"NE_0001";"NE_0001";"NE_0001";"NE_0001";"NE_0001";"NE_0001";"NE_0001"
"2023";"06";"050104";"AYACUCHO";"HUAMANGA";"CARMEN ALTO";"SANIDAD DE LA POLICIA NACIONAL DEL PERU";"I-2";"00027415";"POSTA MEDICA POLICIAL EESTP PNP AYACUCHO";"NE_0001";"";"NE_0001";"NE_0001";"NE_0001";"NE_0001";"NE_0001";"NE_0001";"NE_0001"
"2023";"06";"130101";"LA LIBERTAD";"TRUJILLO";"TRUJILLO";"PRIVADO";"II-2";"00018404";"CLINICA SAN PABLO TRUJILLO";"240000";"HOSPITALIZACIÓN";"350";"341";"1093";"1431";"64";"1920";"0"
"2023";"06";"180301";"MOQUEGUA";"ILO";"ILO";"GOBIERNO REGIONAL";"II-1";"00002818";"HOSPITAL ILO";"240100";"HOSPITALIZACIÓN QUIRÚRGICA CIRUGÍA GENERAL ";"16";"16";"50";"102";"8";"240";"0"
"2023";"06";"180301";"MOQUEGUA";"ILO";"ILO";"GOBIERNO REGIONAL";"II-1";"00002818";"HOSPITAL ILO";"241200";"HOSPITALIZACIÓN QUIRÚRGICA TRAUMATOLOGÍA Y ORTOPEDIA ";"1";"1";"3";"28";"1";"30";"0"
"2023";"06";"180301";"MOQUEGUA";"ILO";"ILO";"GOBIERNO REGIONAL";"II-1";"00002818";"HOSPITAL ILO";"241800";"HOSPITALIZACIÓN DE MEDICINA MEDICINA GENERAL ";"16";"16";"48";"116";"30";"900";"1"
"2023";"06";"180301";"MOQUEGUA";"ILO";"ILO";"GOBIERNO REGIONAL";"II-1";"00002818";"HOSPITAL ILO";"242500";"HOSPITALIZACIÓN-PEDIATRÍA GENERAL-";"20";"20";"74";"69";"4";"120";"0"
"2023";"06";"180301";"MOQUEGUA";"ILO";"ILO";"GOBIERNO REGIONAL";"II-1";"00002818";"HOSPITAL ILO";"241500";"HOSPITALIZACIÓN QUIRÚRGICA GINECOLOGÍA  ";"16";"16";"53";"62";"3";"90";"0"
"2023";"06";"180301";"MOQUEGUA";"ILO";"ILO";"GOBIERNO REGIONAL";"II-1";"00002818";"HOSPITAL ILO";"243200";"HOSPITALIZACIÓN DE PEDIATRÍA PEDIATRIA NEONATOLOGÍA";"12";"12";"29";"19";"3";"90";"0"
"2023";"06";"180301";"MOQUEGUA";"ILO";"ILO";"GOBIERNO REGIONAL";"II-1";"00002818";"HOSPITAL ILO";"241400";"HOSPITALIZACIÓN QUIRÚRGICA GINECO - OBSTETRICIA ";"24";"24";"80";"122";"7";"210";"0"
"2023";"06";"180301";"MOQUEGUA";"ILO";"ILO";"GOBIERNO REGIONAL";"II-1";"00002818";"HOSPITAL ILO";"241600";"HOSPITALIZACIÓN QUIRÚRGICA OBSTETRICIA   ";"54";"54";"130";"181";"10";"300";"0"
"2023";"06";"200701";"PIURA";"TALARA";"PARIÑAS";"PRIVADO";"II-1";"00011498";"CLINICA TORRES S.A.";"240000";"HOSPITALIZACIÓN";"16";"16";"38";"69";"16";"427";"0"
"2023";"05";"160201";"LORETO";"ALTO AMAZONAS";"YURIMAGUAS";"GOBIERNO REGIONAL";"II-2";"00000210";"HOSPITAL II-2 SANTA GEMA DE YURIMAGUAS";"240100";"HOSPITALIZACIÓN QUIRÚRGICA CIRUGÍA GENERAL ";"57";"63";"193";"225";"7";"217";"0"
"2023";"05";"160201";"LORETO";"ALTO AMAZONAS";"YURIMAGUAS";"GOBIERNO REGIONAL";"II-2";"00000210";"HOSPITAL II-2 SANTA GEMA DE YURIMAGUAS";"240700";"HOSPITALIZACIÓN QUIRÚRGICA CIRUGÍA PEDIÁTRICA ";"8";"8";"28";"31";"1";"31";"0"
"2023";"05";"160201";"LORETO";"ALTO AMAZONAS";"YURIMAGUAS";"GOBIERNO REGIONAL";"II-2";"00000210";"HOSPITAL II-2 SANTA GEMA DE YURIMAGUAS";"241200";"HOSPITALIZACIÓN QUIRÚRGICA TRAUMATOLOGÍA Y ORTOPEDIA ";"21";"24";"159";"156";"7";"217";"0"
"2023";"05";"160201";"LORETO";"ALTO AMAZONAS";"YURIMAGUAS";"GOBIERNO REGIONAL";"II-2";"00000210";"HOSPITAL II-2 SANTA GEMA DE YURIMAGUAS";"241300";"HOSPITALIZACIÓN QUIRÚRGICA UROLOGÍA  ";"0";"1";"4";"31";"1";"31";"0"
"2023";"05";"160201";"LORETO";"ALTO AMAZONAS";"YURIMAGUAS";"GOBIERNO REGIONAL";"II-2";"00000210";"HOSPITAL II-2 SANTA GEMA DE YURIMAGUAS";"241500";"HOSPITALIZACIÓN QUIRÚRGICA GINECOLOGÍA  ";"68";"71";"150";"147";"8";"248";"0"
"2023";"05";"160201";"LORETO";"ALTO AMAZONAS";"YURIMAGUAS";"GOBIERNO REGIONAL";"II-2";"00000210";"HOSPITAL II-2 SANTA GEMA DE YURIMAGUAS";"241600";"HOSPITALIZACIÓN QUIRÚRGICA OBSTETRICIA   ";"184";"190";"376";"376";"25";"775";"0"
"2023";"05";"160201";"LORETO";"ALTO AMAZONAS";"YURIMAGUAS";"GOBIERNO REGIONAL";"II-2";"00000210";"HOSPITAL II-2 SANTA GEMA DE YURIMAGUAS";"241900";"HOSPITALIZACIÓN DE MEDICINA MEDICINA INTERNA ";"66";"74";"400";"386";"19";"589";"4"
"2023";"05";"160201";"LORETO";"ALTO AMAZONAS";"YURIMAGUAS";"GOBIERNO REGIONAL";"II-2";"00000210";"HOSPITAL II-2 SANTA GEMA DE YURIMAGUAS";"242500";"HOSPITALIZACIÓN-PEDIATRÍA GENERAL-";"56";"58";"213";"239";"8";"248";"0"
"2023";"05";"160201";"LORETO";"ALTO AMAZONAS";"YURIMAGUAS";"GOBIERNO REGIONAL";"II-2";"00000210";"HOSPITAL II-2 SANTA GEMA DE YURIMAGUAS";"243200";"HOSPITALIZACIÓN DE PEDIATRÍA PEDIATRIA NEONATOLOGÍA";"3";"4";"25";"76";"8";"248";"1"
"2023";"05";"160201";"LORETO";"ALTO AMAZONAS";"YURIMAGUAS";"GOBIERNO REGIONAL";"II-2";"00000210";"HOSPITAL II-2 SANTA GEMA DE YURIMAGUAS";"250103";"UNIDAD DE CUIDADOS CRITICOS UNIDAD  DE CUIDADOS INTENSIVOS GENERALES  (UCI) MEDICINA";"3";"6";"64";"47";"7";"217";"1"
"2023";"06";"160201";"LORETO";"ALTO AMAZONAS";"YURIMAGUAS";"GOBIERNO REGIONAL";"II-2";"00000210";"HOSPITAL II-2 SANTA GEMA DE YURIMAGUAS";"240100";"HOSPITALIZACIÓN QUIRÚRGICA CIRUGÍA GENERAL ";"61";"72";"258";"230";"7";"210";"1"
"2023";"06";"160201";"LORETO";"ALTO AMAZONAS";"YURIMAGUAS";"GOBIERNO REGIONAL";"II-2";"00000210";"HOSPITAL II-2 SANTA GEMA DE YURIMAGUAS";"240700";"HOSPITALIZACIÓN QUIRÚRGICA CIRUGÍA PEDIÁTRICA ";"8";"9";"39";"30";"1";"30";"0"
"2023";"06";"160201";"LORETO";"ALTO AMAZONAS";"YURIMAGUAS";"GOBIERNO REGIONAL";"II-2";"00000210";"HOSPITAL II-2 SANTA GEMA DE YURIMAGUAS";"241200";"HOSPITALIZACIÓN QUIRÚRGICA TRAUMATOLOGÍA Y ORTOPEDIA ";"14";"17";"103";"111";"7";"210";"0"
"2023";"06";"160201";"LORETO";"ALTO AMAZONAS";"YURIMAGUAS";"GOBIERNO REGIONAL";"II-2";"00000210";"HOSPITAL II-2 SANTA GEMA DE YURIMAGUAS";"241300";"HOSPITALIZACIÓN QUIRÚRGICA UROLOGÍA  ";"2";"2";"12";"17";"1";"30";"0"
"2023";"06";"160201";"LORETO";"ALTO AMAZONAS";"YURIMAGUAS";"GOBIERNO REGIONAL";"II-2";"00000210";"HOSPITAL II-2 SANTA GEMA DE YURIMAGUAS";"241500";"HOSPITALIZACIÓN QUIRÚRGICA GINECOLOGÍA  ";"54";"58";"130";"120";"8";"240";"0"
"2023";"06";"160201";"LORETO";"ALTO AMAZONAS";"YURIMAGUAS";"GOBIERNO REGIONAL";"II-2";"00000210";"HOSPITAL II-2 SANTA GEMA DE YURIMAGUAS";"241600";"HOSPITALIZACIÓN QUIRÚRGICA OBSTETRICIA   ";"182";"191";"361";"377";"25";"750";"0"
"2023";"06";"160201";"LORETO";"ALTO AMAZONAS";"YURIMAGUAS";"GOBIERNO REGIONAL";"II-2";"00000210";"HOSPITAL II-2 SANTA GEMA DE YURIMAGUAS";"241900";"HOSPITALIZACIÓN DE MEDICINA MEDICINA INTERNA ";"50";"57";"223";"223";"19";"570";"1"
"2023";"06";"160201";"LORETO";"ALTO AMAZONAS";"YURIMAGUAS";"GOBIERNO REGIONAL";"II-2";"00000210";"HOSPITAL II-2 SANTA GEMA DE YURIMAGUAS";"242500";"HOSPITALIZACIÓN-PEDIATRÍA GENERAL-";"46";"55";"265";"230";"8";"240";"0"
"2023";"06";"160201";"LORETO";"ALTO AMAZONAS";"YURIMAGUAS";"GOBIERNO REGIONAL";"II-2";"00000210";"HOSPITAL II-2 SANTA GEMA DE YURIMAGUAS";"243200";"HOSPITALIZACIÓN DE PEDIATRÍA PEDIATRIA NEONATOLOGÍA";"8";"8";"33";"73";"8";"240";"1"
"2023";"06";"160201";"LORETO";"ALTO AMAZONAS";"YURIMAGUAS";"GOBIERNO REGIONAL";"II-2";"00000210";"HOSPITAL II-2 SANTA GEMA DE YURIMAGUAS";"250103";"UNIDAD DE CUIDADOS CRITICOS UNIDAD  DE CUIDADOS INTENSIVOS GENERALES  (UCI) MEDICINA";"9";"10";"57";"52";"7";"210";"4"
"2023";"05";"250101";"UCAYALI";"CORONEL PORTILLO";"CALLERIA";"GOBIERNO REGIONAL";"0";"00027157";"SISTEMA DE ATENCIÓN MÓVIL DE URGENCIAS (SAMU)";"NE_0001";"";"NE_0001";"NE_0001";"NE_0001";"NE_0001";"NE_0001";"NE_0001";"NE_0001"
"2023";"05";"250303";"UCAYALI";"PADRE ABAD";"CURIMANA";"GOBIERNO REGIONAL";"I-1";"00025049";"PUESTO DE SALUD MERIBA";"NE_0001";"";"NE_0001";"NE_0001";"NE_0001";"NE_0001";"NE_0001";"NE_0001";"NE_0001"
"2023";"05";"250105";"UCAYALI";"CORONEL PORTILLO";"YARINACOCHA";"GOBIERNO REGIONAL";"0";"00014314";"LABORATORIO DE REFERENCIA REGIONAL EN SALUD PUBLICA UCAYALI";"NE_0001";"";"NE_0001";"NE_0001";"NE_0001";"NE_0001";"NE_0001";"NE_0001";"NE_0001"
"2023";"05";"250105";"UCAYALI";"CORONEL PORTILLO";"YARINACOCHA";"GOBIERNO REGIONAL";"I-1";"00007237";"NUEVA UNION";"NE_0001";"";"NE_0001";"NE_0001";"NE_0001";"NE_0001";"NE_0001";"NE_0001";"NE_0001"
"2023";"05";"250303";"UCAYALI";"PADRE ABAD";"CURIMANA";"GOBIERNO REGIONAL";"I-1";"00006950";"PUEBLO LIBRE CURIMANA";"NE_0001";"";"NE_0001";"NE_0001";"NE_0001";"NE_0001";"NE_0001";"NE_0001";"NE_0001"
"2023";"05";"250303";"UCAYALI";"PADRE ABAD";"CURIMANA";"GOBIERNO REGIONAL";"I-1";"00006885";"SAN JUAN DE TAHUAPOA";"NE_0001";"";"NE_0001";"NE_0001";"NE_0001";"NE_0001";"NE_0001";"NE_0001";"NE_0001"
"2023";"05";"250105";"UCAYALI";"CORONEL PORTILLO";"YARINACOCHA";"GOBIERNO REGIONAL";"I-1";"00005549";"SANTA ROSA";"NE_0001";"";"NE_0001";"NE_0001";"NE_0001";"NE_0001";"NE_0001";"NE_0001";"NE_0001"
"2023";"05";"250105";"UCAYALI";"CORONEL PORTILLO";"YARINACOCHA";"GOBIERNO REGIONAL";"I-1";"00005548";"CASHIVOCOCHA";"NE_0001";"";"NE_0001";"NE_0001";"NE_0001";"NE_0001";"NE_0001";"NE_0001";"NE_0001"
"2023";"05";"250105";"UCAYALI";"CORONEL PORTILLO";"YARINACOCHA";"GOBIERNO REGIONAL";"I-1";"00005546";"MARISCAL SUCRE";"NE_0001";"";"NE_0001";"NE_0001";"NE_0001";"NE_0001";"NE_0001";"NE_0001";"NE_0001"
"2023";"05";"250105";"UCAYALI";"CORONEL PORTILLO";"YARINACOCHA";"GOBIERNO REGIONAL";"I-1";"00005545";"NUEVA ALEJANDRIA";"NE_0001";"";"NE_0001";"NE_0001";"NE_0001";"NE_0001";"NE_0001";"NE_0001";"NE_0001"
"2023";"05";"250105";"UCAYALI";"CORONEL PORTILLO";"YARINACOCHA";"GOBIERNO REGIONAL";"I-1";"00005544";"CLAS UNION ZAPOTILLO";"NE_0001";"";"NE_0001";"NE_0001";"NE_0001";"NE_0001";"NE_0001";"NE_0001";"NE_0001"
"2023";"05";"250105";"UCAYALI";"CORONEL PORTILLO";"YARINACOCHA";"GOBIERNO REGIONAL";"I-1";"00005543";"NUEVA LUZ DE FATIMA";"NE_0001";"";"NE_0001";"NE_0001";"NE_0001";"NE_0001";"NE_0001";"NE_0001";"NE_0001"
"2023";"05";"250105";"UCAYALI";"CORONEL PORTILLO";"YARINACOCHA";"GOBIERNO REGIONAL";"I-1";"00005542";"CLAS  DE SAN JUAN YARINACOCHA .";"NE_0001";"";"NE_0001";"NE_0001";"NE_0001";"NE_0001";"NE_0001";"NE_0001";"NE_0001"
"2023";"05";"250105";"UCAYALI";"CORONEL PORTILLO";"YARINACOCHA";"GOBIERNO REGIONAL";"I-1";"00005541";"PUESTO DE SALUD LEONCIO PRADO";"NE_0001";"";"NE_0001";"NE_0001";"NE_0001";"NE_0001";"NE_0001";"NE_0001";"NE_0001"
"2023";"05";"250105";"UCAYALI";"CORONEL PORTILLO";"YARINACOCHA";"GOBIERNO REGIONAL";"I-1";"00005540";"HUITOCOCHA";"NE_0001";"";"NE_0001";"NE_0001";"NE_0001";"NE_0001";"NE_0001";"NE_0001";"NE_0001"
"2023";"05";"250105";"UCAYALI";"CORONEL PORTILLO";"YARINACOCHA";"GOBIERNO REGIONAL";"I-2";"00005538";"SAN FRANCISCO DE YARINACOCHA";"NE_0001";"";"NE_0001";"NE_0001";"NE_0001";"NE_0001";"NE_0001";"NE_0001";"NE_0001"
"2023";"05";"250105";"UCAYALI";"CORONEL PORTILLO";"YARINACOCHA";"GOBIERNO REGIONAL";"I-2";"00005537";"CLAS   BELLAVISTA DE YARINACOCHA";"NE_0001";"";"NE_0001";"NE_0001";"NE_0001";"NE_0001";"NE_0001";"NE_0001";"NE_0001"
"2023";"05";"250105";"UCAYALI";"CORONEL PORTILLO";"YARINACOCHA";"GOBIERNO REGIONAL";"I-2";"00005536";"ESPERANZA DE PANAILLO";"NE_0001";"";"NE_0001";"NE_0001";"NE_0001";"NE_0001";"NE_0001";"NE_0001";"NE_0001"
"2023";"05";"250105";"UCAYALI";"CORONEL PORTILLO";"YARINACOCHA";"GOBIERNO REGIONAL";"I-2";"00005535";"CLAS SAN PABLO DE TUSHMO.";"NE_0001";"";"NE_0001";"NE_0001";"NE_0001";"NE_0001";"NE_0001";"NE_0001";"NE_0001"
"2023";"05";"250105";"UCAYALI";"CORONEL PORTILLO";"YARINACOCHA";"GOBIERNO REGIONAL";"I-3";"00005534";"SAN JOSE DE YARINACOCHA";"NE_0001";"";"NE_0001";"NE_0001";"NE_0001";"NE_0001";"NE_0001";"NE_0001";"NE_0001"
"2023";"05";"250303";"UCAYALI";"PADRE ABAD";"CURIMANA";"GOBIERNO REGIONAL";"I-1";"00005425";"ZORRILLOS";"NE_0001";"";"NE_0001";"NE_0001";"NE_0001";"NE_0001";"NE_0001";"NE_0001";"NE_0001"
"2023";"05";"250303";"UCAYALI";"PADRE ABAD";"CURIMANA";"GOBIERNO REGIONAL";"I-1";"00005424";"BELLO HORIZONTE";"NE_0001";"";"NE_0001";"NE_0001";"NE_0001";"NE_0001";"NE_0001";"NE_0001";"NE_0001"
"2023";"05";"250303";"UCAYALI";"PADRE ABAD";"CURIMANA";"GOBIERNO REGIONAL";"I-1";"00005423";"LAS MALVINAS.";"NE_0001";"";"NE_0001";"NE_0001";"NE_0001";"NE_0001";"NE_0001";"NE_0001";"NE_0001"
"2023";"05";"250303";"UCAYALI";"PADRE ABAD";"CURIMANA";"GOBIERNO REGIONAL";"I-3";"00005422";"CURIMANA";"NE_0001";"";"NE_0001";"NE_0001";"NE_0001";"NE_0001";"NE_0001";"NE_0001";"NE_0001"
"2023";"07";"150108";"LIMA";"LIMA";"CHORRILLOS";"PRIVADO";"II-1";"00016005";"CLINICA PARROQUIAL SAN FRANCISCO DE ASIS";"240100";"HOSPITALIZACIÓN QUIRÚRGICA CIRUGÍA GENERAL ";"20";"20";"20";"20";"12";"360";"0"
"2023";"07";"150108";"LIMA";"LIMA";"CHORRILLOS";"PRIVADO";"II-1";"00016005";"CLINICA PARROQUIAL SAN FRANCISCO DE ASIS";"240100";"HOSPITALIZACIÓN QUIRÚRGICA CIRUGÍA GENERAL ";"5";"5";"5";"5";"12";"360";"0"
"2023";"07";"150108";"LIMA";"LIMA";"CHORRILLOS";"PRIVADO";"II-1";"00016005";"CLINICA PARROQUIAL SAN FRANCISCO DE ASIS";"240100";"HOSPITALIZACIÓN QUIRÚRGICA CIRUGÍA GENERAL ";"4";"4";"4";"4";"12";"360";"0"
"2023";"07";"150108";"LIMA";"LIMA";"CHORRILLOS";"PRIVADO";"II-1";"00016005";"CLINICA PARROQUIAL SAN FRANCISCO DE ASIS";"240100";"HOSPITALIZACIÓN QUIRÚRGICA CIRUGÍA GENERAL ";"2";"2";"2";"2";"12";"360";"0"
"2023";"07";"150108";"LIMA";"LIMA";"CHORRILLOS";"PRIVADO";"II-1";"00016005";"CLINICA PARROQUIAL SAN FRANCISCO DE ASIS";"240100";"HOSPITALIZACIÓN QUIRÚRGICA CIRUGÍA GENERAL ";"1";"1";"1";"1";"12";"360";"0"
"2023";"07";"150108";"LIMA";"LIMA";"CHORRILLOS";"PRIVADO";"II-1";"00016005";"CLINICA PARROQUIAL SAN FRANCISCO DE ASIS";"240100";"HOSPITALIZACIÓN QUIRÚRGICA CIRUGÍA GENERAL ";"1";"1";"1";"1";"12";"360";"0"
"2023";"07";"150108";"LIMA";"LIMA";"CHORRILLOS";"PRIVADO";"II-1";"00016005";"CLINICA PARROQUIAL SAN FRANCISCO DE ASIS";"240100";"HOSPITALIZACIÓN QUIRÚRGICA CIRUGÍA GENERAL ";"1";"1";"1";"1";"12";"360";"0"
"2023";"07";"150108";"LIMA";"LIMA";"CHORRILLOS";"PRIVADO";"II-1";"00016005";"CLINICA PARROQUIAL SAN FRANCISCO DE ASIS";"240100";"HOSPITALIZACIÓN QUIRÚRGICA CIRUGÍA GENERAL ";"1";"1";"1";"1";"12";"360";"0"
"2023";"07";"150108";"LIMA";"LIMA";"CHORRILLOS";"PRIVADO";"II-1";"00016005";"CLINICA PARROQUIAL SAN FRANCISCO DE ASIS";"241400";"HOSPITALIZACIÓN QUIRÚRGICA GINECO - OBSTETRICIA ";"1";"1";"2";"1";"12";"360";"0"
"2023";"07";"100510";"HUANUCO";"HUAMALIES";"SINGA";"GOBIERNO REGIONAL";"I-3";"00000900";"SINGA";"NE_0001";"";"NE_0001";"NE_0001";"NE_0001";"NE_0001";"NE_0001";"NE_0001";"NE_0001"
"2023";"08";"210701";"PUNO";"LAMPA";"LAMPA";"ESSALUD";"II-1";"00009900";"HOSPITAL I LAMPA - ESSALUD - RED ASISTENCIAL JULIACA";"242200";"HOSPITALIZACIÓN DE MEDICINA PSIQUIATRÍA ";"21";"20";"230";"228";"10";"269";"0"
"2023";"08";"120608";"JUNIN";"SATIPO";"RIO TAMBO";"GOBIERNO REGIONAL";"I-2";"00000463";"BOCA CHEMBO";"NE_0001";"";"NE_0001";"NE_0001";"NE_0001";"NE_0001";"NE_0001";"NE_0001";"NE_0001"
"2023";"08";"120608";"JUNIN";"SATIPO";"RIO TAMBO";"GOBIERNO REGIONAL";"I-1";"00000464";"IMPANEKIARI";"NE_0001";"";"NE_0001";"NE_0001";"NE_0001";"NE_0001";"NE_0001";"NE_0001";"NE_0001"
"2023";"08";"090306";"HUANCAVELICA";"ANGARAES";"CONGALLA";"GOBIERNO REGIONAL";"I-2";"00003972";"CONGALLA";"NE_0001";"";"NE_0001";"NE_0001";"NE_0001";"NE_0001";"NE_0001";"NE_0001";"NE_0001"
"2023";"08";"090304";"HUANCAVELICA";"ANGARAES";"CCOCHACCASA";"GOBIERNO REGIONAL";"I-1";"00003956";"SAN PEDRO DE MIMOSA";"NE_0001";"";"NE_0001";"NE_0001";"NE_0001";"NE_0001";"NE_0001";"NE_0001";"NE_0001"
"2023";"08";"090305";"HUANCAVELICA";"ANGARAES";"CHINCHO";"GOBIERNO REGIONAL";"I-1";"00011787";"LLAMOCCTACHI";"NE_0001";"";"NE_0001";"NE_0001";"NE_0001";"NE_0001";"NE_0001";"NE_0001";"NE_0001"
"2023";"08";"090301";"HUANCAVELICA";"ANGARAES";"LIRCAY";"GOBIERNO REGIONAL";"I-1";"00003946";"PIRCAPAHUANA";"NE_0001";"";"NE_0001";"NE_0001";"NE_0001";"NE_0001";"NE_0001";"NE_0001";"NE_0001"
"2023";"08";"090301";"HUANCAVELICA";"ANGARAES";"LIRCAY";"GOBIERNO REGIONAL";"I-2";"00003949";"CHAHUARMA";"NE_0001";"";"NE_0001";"NE_0001";"NE_0001";"NE_0001";"NE_0001";"NE_0001";"NE_0001"
"2023";"08";"090308";"HUANCAVELICA";"ANGARAES";"HUALLAY-GRANDE";"GOBIERNO REGIONAL";"I-2";"00003954";"HUAYLLAY GRANDE";"NE_0001";"";"NE_0001";"NE_0001";"NE_0001";"NE_0001";"NE_0001";"NE_0001";"NE_0001"
"2023";"08";"090304";"HUANCAVELICA";"ANGARAES";"CCOCHACCASA";"GOBIERNO REGIONAL";"I-3";"00003955";"CCOCHACCASA";"NE_0002";"";"NE_0002";"NE_0002";"NE_0002";"NE_0002";"NE_0002";"NE_0002";"NE_0002"
"2023";"08";"090302";"HUANCAVELICA";"ANGARAES";"ANCHONGA";"GOBIERNO REGIONAL";"I-1";"00003958";"ANCHONGA";"NE_0001";"";"NE_0001";"NE_0001";"NE_0001";"NE_0001";"NE_0001";"NE_0001";"NE_0001"
"2023";"08";"090306";"HUANCAVELICA";"ANGARAES";"CONGALLA";"GOBIERNO REGIONAL";"I-1";"00011199";"CHAYNABAMBA";"NE_0001";"";"NE_0001";"NE_0001";"NE_0001";"NE_0001";"NE_0001";"NE_0001";"NE_0001"
"2023";"08";"090302";"HUANCAVELICA";"ANGARAES";"ANCHONGA";"GOBIERNO REGIONAL";"I-1";"00011454";"ALTO MARAYNIYOCC";"NE_0001";"";"NE_0001";"NE_0001";"NE_0001";"NE_0001";"NE_0001";"NE_0001";"NE_0001"
"2023";"08";"090306";"HUANCAVELICA";"ANGARAES";"CONGALLA";"GOBIERNO REGIONAL";"I-1";"00003973";"YUNYACCASA";"NE_0001";"";"NE_0001";"NE_0001";"NE_0001";"NE_0001";"NE_0001";"NE_0001";"NE_0001"
"2023";"08";"090306";"HUANCAVELICA";"ANGARAES";"CONGALLA";"GOBIERNO REGIONAL";"I-1";"00003974";"CARCOSI";"NE_0001";"";"NE_0001";"NE_0001";"NE_0001";"NE_0001";"NE_0001";"NE_0001";"NE_0001"
"2023";"08";"090306";"HUANCAVELICA";"ANGARAES";"CONGALLA";"GOBIERNO REGIONAL";"I-1";"00003975";"LIRCAYCCASA";"NE_0001";"";"NE_0001";"NE_0001";"NE_0001";"NE_0001";"NE_0001";"NE_0001";"NE_0001"
"2023";"08";"090307";"HUANCAVELICA";"ANGARAES";"HUANCA-HUANCA";"GOBIERNO REGIONAL";"I-1";"00011200";"CCARAPA";"NE_0001";"";"NE_0001";"NE_0001";"NE_0001";"NE_0001";"NE_0001";"NE_0001";"NE_0001"
"2023";"08";"090301";"HUANCAVELICA";"ANGARAES";"LIRCAY";"GOBIERNO REGIONAL";"I-1";"00011201";"CIENEGUILLA";"NE_0001";"";"NE_0001";"NE_0001";"NE_0001";"NE_0001";"NE_0001";"NE_0001";"NE_0001"
"2023";"08";"090304";"HUANCAVELICA";"ANGARAES";"CCOCHACCASA";"GOBIERNO REGIONAL";"I-1";"00011204";"VELASCO PUCAPAMPA";"NE_0001";"";"NE_0001";"NE_0001";"NE_0001";"NE_0001";"NE_0001";"NE_0001";"NE_0001"
"2023";"08";"090302";"HUANCAVELICA";"ANGARAES";"ANCHONGA";"GOBIERNO REGIONAL";"I-1";"00028780";"LLANCAPUQUIO";"NE_0001";"";"NE_0001";"NE_0001";"NE_0001";"NE_0001";"NE_0001";"NE_0001";"NE_0001"
"2023";"09";"200101";"PIURA";"PIURA";"PIURA";"PRIVADO";"II-E";"00014092";"CLINICA SANTIVAÑEZ";"240800";"HOSPITALIZACIÓN QUIRÚRGICA CIRUGÍA PLÁSTICA/RECONSTRUCTIVA/ REPARADORA ";"9";"9";"9";"9";"3";"90";"0"
"2023";"09";"080706";"CUSCO";"CHUMBIVILCAS";"LLUSCO";"GOBIERNO REGIONAL";"I-2";"00002407";"LLUSCO";"NE_0001";"";"NE_0001";"NE_0001";"NE_0001";"NE_0001";"NE_0001";"NE_0001";"NE_0001"
"2023";"09";"120703";"JUNIN";"TARMA";"HUARICOLCA";"GOBIERNO REGIONAL";"I-2";"00000595";"HUARICOLCA";"NE_0001";"";"NE_0001";"NE_0001";"NE_0001";"NE_0001";"NE_0001";"NE_0001";"NE_0001"
"2023";"09";"120703";"JUNIN";"TARMA";"HUARICOLCA";"GOBIERNO REGIONAL";"I-1";"00000596";"APAYCANCHILLA";"NE_0001";"";"NE_0001";"NE_0001";"NE_0001";"NE_0001";"NE_0001";"NE_0001";"NE_0001"
"2023";"09";"120703";"JUNIN";"TARMA";"HUARICOLCA";"GOBIERNO REGIONAL";"I-1";"00000568";"CONGAS ANTACUCHO";"NE_0001";"";"NE_0001";"NE_0001";"NE_0001";"NE_0001";"NE_0001";"NE_0001";"NE_0001"
"2023";"09";"120408";"JUNIN";"JAUJA";"HUAMALI";"GOBIERNO REGIONAL";"I-2";"00000415";"HUAMALI";"NE_0001";"";"NE_0001";"NE_0001";"NE_0001";"NE_0001";"NE_0001";"NE_0001";"NE_0001"
"2023";"09";"120428";"JUNIN";"JAUJA";"SAN LORENZO";"GOBIERNO REGIONAL";"I-1";"00000416";"SAN LORENZO";"NE_0001";"";"NE_0001";"NE_0001";"NE_0001";"NE_0001";"NE_0001";"NE_0001";"NE_0001"
"2023";"09";"120403";"JUNIN";"JAUJA";"APATA";"GOBIERNO REGIONAL";"I-1";"00000410";"NUEVA ESPERANZA";"NE_0001";"";"NE_0001";"NE_0001";"NE_0001";"NE_0001";"NE_0001";"NE_0001";"NE_0001"
"2023";"09";"081208";"CUSCO";"QUISPICANCHI";"LUCRE";"GOBIERNO REGIONAL";"I-2";"00002534";"LUCRE";"NE_0001";"";"NE_0001";"NE_0001";"NE_0001";"NE_0001";"NE_0001";"NE_0001";"NE_0001"
"2023";"09";"081206";"CUSCO";"QUISPICANCHI";"CUSIPATA";"GOBIERNO REGIONAL";"I-3";"00002530";"CUSIPATA";"NE_0001";"";"NE_0001";"NE_0001";"NE_0001";"NE_0001";"NE_0001";"NE_0001";"NE_0001"
"2023";"09";"150136";"LIMA";"LIMA";"SAN MIGUEL";"PRIVADO";"II-2";"00011401";"CLINICA SAN JUDAS TADEO";"240000";"HOSPITALIZACIÓN";"357";"316";"1063";"1167";"54";"1620";"3"
"2023";"09";"220405";"SAN MARTIN";"HUALLAGA";"SACANCHE";"GOBIERNO REGIONAL";"I-3";"00006543";"SACANCHE";"241600";"HOSPITALIZACIÓN QUIRÚRGICA OBSTETRICIA   ";"1";"1";"1";"2";"3";"5";"0"
"2023";"09";"220404";"SAN MARTIN";"HUALLAGA";"PISCOYACU";"GOBIERNO REGIONAL";"I-2";"00006545";"NUEVO SACANCHE";"NE_0001";"";"NE_0001";"NE_0001";"NE_0001";"NE_0001";"NE_0001";"NE_0001";"NE_0001"
"2023";"09";"220405";"SAN MARTIN";"HUALLAGA";"SACANCHE";"GOBIERNO REGIONAL";"I-1";"00027002";"LA UNION";"NE_0001";"";"NE_0001";"NE_0001";"NE_0001";"NE_0001";"NE_0001";"NE_0001";"NE_0001"
"2023";"09";"220403";"SAN MARTIN";"HUALLAGA";"EL ESLABON";"GOBIERNO REGIONAL";"I-3";"00006542";"EL ESLABON";"NE_0002";"";"NE_0002";"NE_0002";"NE_0002";"NE_0002";"NE_0002";"NE_0002";"NE_0002"
"2023";"09";"220403";"SAN MARTIN";"HUALLAGA";"EL ESLABON";"GOBIERNO REGIONAL";"I-1";"00006544";"COLLPA";"NE_0001";"";"NE_0001";"NE_0001";"NE_0001";"NE_0001";"NE_0001";"NE_0001";"NE_0001"
"2023";"09";"040501";"AREQUIPA";"CAYLLOMA";"CHIVAY";"ESSALUD";"I-2";"00013292";"POSTA MEDICA CHIVAY";"NE_0001";"";"NE_0001";"NE_0001";"NE_0001";"NE_0001";"NE_0001";"NE_0001";"NE_0001"
"2023";"09";"150131";"LIMA";"LIMA";"SAN ISIDRO";"PRIVADO";"II-2";"00009123";"CLINICA ANGLOAMERICANA";"240000";"HOSPITALIZACIÓN";"449";"449";"1729";"1886";"93";"2790";"10"
"2023";"09";"150122";"LIMA";"LIMA";"MIRAFLORES";"PRIVADO";"II-E";"00011849";"CLINICA MIRAFLORES SAC";"240000";"HOSPITALIZACIÓN";"21";"22";"73";"83";"10";"300";"0"
"2023";"09";"150122";"LIMA";"LIMA";"MIRAFLORES";"PRIVADO";"II-E";"00011849";"CLINICA MIRAFLORES SAC";"250105";"UNIDAD DE CUIDADOS CRITICOS UNIDAD  DE CUIDADOS INTENSIVOS  (UCI) NEONATOLOGÍA";"1";"1";"2";"2";"1";"30";"0"
"2023";"09";"150122";"LIMA";"LIMA";"MIRAFLORES";"PRIVADO";"II-E";"00011849";"CLINICA MIRAFLORES SAC";"250200";"UNIDAD DE CUIDADOS CRITICOS UNIDAD DE CUIDADOS INTERMEDIOS GENERAL  (UCIN) ";"4";"4";"9";"13";"3";"90";"0"
"2023";"09";"150122";"LIMA";"LIMA";"MIRAFLORES";"PRIVADO";"II-E";"00011849";"CLINICA MIRAFLORES SAC";"243200";"HOSPITALIZACIÓN DE PEDIATRÍA PEDIATRIA NEONATOLOGÍA";"9";"9";"20";"29";"6";"180";"0"
"2023";"09";"080105";"CUSCO";"CUSCO";"SAN SEBASTIAN";"GOBIERNO REGIONAL";"II-E";"00025210";"TUPAC AMARU";"241800";"HOSPITALIZACIÓN DE MEDICINA MEDICINA GENERAL ";"19";"19";"72";"71";"9";"279";"0"
"2023";"09";"080105";"CUSCO";"CUSCO";"SAN SEBASTIAN";"GOBIERNO REGIONAL";"II-E";"00025210";"TUPAC AMARU";"245400";"HOSPITALIZACIÓN DE MEDICINA GINECOLOGIA ";"61";"61";"120";"167";"12";"372";"0"
"2023";"09";"100301";"HUANUCO";"DOS DE MAYO";"LA UNION";"ESSALUD";"I-3";"00027084";"POSTA MEDICA LA UNION";"NE_0001";"";"NE_0001";"NE_0001";"NE_0001";"NE_0001";"NE_0001";"NE_0001";"NE_0001"
"2023";"09";"090301";"HUANCAVELICA";"ANGARAES";"LIRCAY";"GOBIERNO REGIONAL";"I-1";"00003944";"BUENA VISTA";"NE_0001";"";"NE_0001";"NE_0001";"NE_0001";"NE_0001";"NE_0001";"NE_0001";"NE_0001"
"2023";"09";"090301";"HUANCAVELICA";"ANGARAES";"LIRCAY";"GOBIERNO REGIONAL";"I-2";"00003945";"CARHUAPATA";"NE_0001";"";"NE_0001";"NE_0001";"NE_0001";"NE_0001";"NE_0001";"NE_0001";"NE_0001"
"2023";"09";"090301";"HUANCAVELICA";"ANGARAES";"LIRCAY";"GOBIERNO REGIONAL";"I-1";"00003947";"CONSTANCIA";"NE_0001";"";"NE_0001";"NE_0001";"NE_0001";"NE_0001";"NE_0001";"NE_0001";"NE_0001"
"2023";"09";"090301";"HUANCAVELICA";"ANGARAES";"LIRCAY";"GOBIERNO REGIONAL";"I-1";"00003950";"CHALLHUAPUQUIO";"NE_0001";"";"NE_0001";"NE_0001";"NE_0001";"NE_0001";"NE_0001";"NE_0001";"NE_0001"
"2023";"09";"090307";"HUANCAVELICA";"ANGARAES";"HUANCA-HUANCA";"GOBIERNO REGIONAL";"I-2";"00003953";"HUANCA HUANCA";"NE_0001";"";"NE_0001";"NE_0001";"NE_0001";"NE_0001";"NE_0001";"NE_0001";"NE_0001"
"2023";"09";"090304";"HUANCAVELICA";"ANGARAES";"CCOCHACCASA";"GOBIERNO REGIONAL";"I-1";"00003957";"CCASCCABAMBA";"NE_0001";"";"NE_0001";"NE_0001";"NE_0001";"NE_0001";"NE_0001";"NE_0001";"NE_0001"
"2023";"09";"090302";"HUANCAVELICA";"ANGARAES";"ANCHONGA";"GOBIERNO REGIONAL";"I-3";"00003959";"PARCO ALTO";"NE_0002";"";"NE_0002";"NE_0002";"NE_0002";"NE_0002";"NE_0002";"NE_0002";"NE_0002"
"2023";"09";"090306";"HUANCAVELICA";"ANGARAES";"CONGALLA";"GOBIERNO REGIONAL";"I-2";"00003972";"CONGALLA";"NE_0001";"";"NE_0001";"NE_0001";"NE_0001";"NE_0001";"NE_0001";"NE_0001";"NE_0001"
"2023";"09";"090301";"HUANCAVELICA";"ANGARAES";"LIRCAY";"GOBIERNO REGIONAL";"I-1";"00007384";"SAN JUAN DE AHUAY";"NE_0001";"";"NE_0001";"NE_0001";"NE_0001";"NE_0001";"NE_0001";"NE_0001";"NE_0001"
"2023";"09";"090301";"HUANCAVELICA";"ANGARAES";"LIRCAY";"GOBIERNO REGIONAL";"I-2";"00007385";"SAN JUAN DE DIOS DE CCOLLPAPAMPA";"NE_0001";"";"NE_0001";"NE_0001";"NE_0001";"NE_0001";"NE_0001";"NE_0001";"NE_0001"
"2023";"09";"090311";"HUANCAVELICA";"ANGARAES";"SANTO TOMAS DE PATA";"GOBIERNO REGIONAL";"I-1";"00011768";"CUTICSA";"NE_0001";"";"NE_0001";"NE_0001";"NE_0001";"NE_0001";"NE_0001";"NE_0001";"NE_0001"
"2023";"09";"090302";"HUANCAVELICA";"ANGARAES";"ANCHONGA";"GOBIERNO REGIONAL";"I-2";"00003960";"TUCO";"NE_0001";"";"NE_0001";"NE_0001";"NE_0001";"NE_0001";"NE_0001";"NE_0001";"NE_0001"
"2023";"09";"090309";"HUANCAVELICA";"ANGARAES";"JULCAMARCA";"GOBIERNO REGIONAL";"I-3";"00003962";"JULCAMARCA";"NE_0002";"";"NE_0002";"NE_0002";"NE_0002";"NE_0002";"NE_0002";"NE_0002";"NE_0002"
"2023";"09";"090310";"HUANCAVELICA";"ANGARAES";"SAN ANTONIO DE ANTAPARCO";"GOBIERNO REGIONAL";"I-1";"00003965";"SAN ANTONIO DE ANTAPARCO";"NE_0001";"";"NE_0001";"NE_0001";"NE_0001";"NE_0001";"NE_0001";"NE_0001";"NE_0001"
"2023";"09";"090312";"HUANCAVELICA";"ANGARAES";"SECCLLA";"GOBIERNO REGIONAL";"I-3";"00003969";"SECCLLA";"240000";"HOSPITALIZACIÓN";"2";"2";"4";"15";"4";"15";"0"
"2023";"09";"090312";"HUANCAVELICA";"ANGARAES";"SECCLLA";"GOBIERNO REGIONAL";"I-1";"00003971";"TRANCA";"NE_0001";"";"NE_0001";"NE_0001";"NE_0001";"NE_0001";"NE_0001";"NE_0001";"NE_0001"
"2023";"09";"090302";"HUANCAVELICA";"ANGARAES";"ANCHONGA";"GOBIERNO REGIONAL";"I-3";"00006901";"BUENOS AIRES DE PARCO CHACAPUNCU";"NE_0001";"";"NE_0001";"NE_0001";"NE_0001";"NE_0001";"NE_0001";"NE_0001";"NE_0001"
"2023";"09";"090304";"HUANCAVELICA";"ANGARAES";"CCOCHACCASA";"GOBIERNO REGIONAL";"I-1";"00003956";"SAN PEDRO DE MIMOSA";"NE_0001";"";"NE_0001";"NE_0001";"NE_0001";"NE_0001";"NE_0001";"NE_0001";"NE_0001"
"2023";"09";"090301";"HUANCAVELICA";"ANGARAES";"LIRCAY";"GOBIERNO REGIONAL";"I-1";"00007290";"PERCAPAMPA";"NE_0001";"";"NE_0001";"NE_0001";"NE_0001";"NE_0001";"NE_0001";"NE_0001";"NE_0001"
"2023";"09";"090301";"HUANCAVELICA";"ANGARAES";"LIRCAY";"GOBIERNO REGIONAL";"I-1";"00007373";"SOCCLLABAMBA";"NE_0001";"";"NE_0001";"NE_0001";"NE_0001";"NE_0001";"NE_0001";"NE_0001";"NE_0001"
"2023";"09";"090305";"HUANCAVELICA";"ANGARAES";"CHINCHO";"GOBIERNO REGIONAL";"I-1";"00011787";"LLAMOCCTACHI";"NE_0001";"";"NE_0001";"NE_0001";"NE_0001";"NE_0001";"NE_0001";"NE_0001";"NE_0001"
"2023";"09";"090301";"HUANCAVELICA";"ANGARAES";"LIRCAY";"GOBIERNO REGIONAL";"I-1";"00003946";"PIRCAPAHUANA";"NE_0001";"";"NE_0001";"NE_0001";"NE_0001";"NE_0001";"NE_0001";"NE_0001";"NE_0001"
"2023";"09";"090301";"HUANCAVELICA";"ANGARAES";"LIRCAY";"GOBIERNO REGIONAL";"I-2";"00003949";"CHAHUARMA";"NE_0001";"";"NE_0001";"NE_0001";"NE_0001";"NE_0001";"NE_0001";"NE_0001";"NE_0001"
"2023";"09";"090301";"HUANCAVELICA";"ANGARAES";"LIRCAY";"GOBIERNO REGIONAL";"I-1";"00003951";"TUCSIPAMPA";"NE_0001";"";"NE_0001";"NE_0001";"NE_0001";"NE_0001";"NE_0001";"NE_0001";"NE_0001"
"2023";"09";"090308";"HUANCAVELICA";"ANGARAES";"HUALLAY-GRANDE";"GOBIERNO REGIONAL";"I-2";"00003954";"HUAYLLAY GRANDE";"NE_0001";"";"NE_0001";"NE_0001";"NE_0001";"NE_0001";"NE_0001";"NE_0001";"NE_0001"
"2023";"09";"090304";"HUANCAVELICA";"ANGARAES";"CCOCHACCASA";"GOBIERNO REGIONAL";"I-3";"00003955";"CCOCHACCASA";"NE_0002";"";"NE_0002";"NE_0002";"NE_0002";"NE_0002";"NE_0002";"NE_0002";"NE_0002"
"2023";"09";"090306";"HUANCAVELICA";"ANGARAES";"CONGALLA";"GOBIERNO REGIONAL";"I-1";"00011199";"CHAYNABAMBA";"NE_0001";"";"NE_0001";"NE_0001";"NE_0001";"NE_0001";"NE_0001";"NE_0001";"NE_0001"
"2023";"09";"090302";"HUANCAVELICA";"ANGARAES";"ANCHONGA";"GOBIERNO REGIONAL";"I-1";"00006930";"HUARIRUMI - CHONTACANCHA";"NE_0001";"";"NE_0001";"NE_0001";"NE_0001";"NE_0001";"NE_0001";"NE_0001";"NE_0001"
"2023";"09";"090302";"HUANCAVELICA";"ANGARAES";"ANCHONGA";"GOBIERNO REGIONAL";"I-2";"00003961";"SAN PABLO DE OCCO";"NE_0001";"";"NE_0001";"NE_0001";"NE_0001";"NE_0001";"NE_0001";"NE_0001";"NE_0001"
"2023";"09";"090306";"HUANCAVELICA";"ANGARAES";"CONGALLA";"GOBIERNO REGIONAL";"I-1";"00003973";"YUNYACCASA";"NE_0001";"";"NE_0001";"NE_0001";"NE_0001";"NE_0001";"NE_0001";"NE_0001";"NE_0001"
"2023";"09";"090306";"HUANCAVELICA";"ANGARAES";"CONGALLA";"GOBIERNO REGIONAL";"I-1";"00003974";"CARCOSI";"NE_0001";"";"NE_0001";"NE_0001";"NE_0001";"NE_0001";"NE_0001";"NE_0001";"NE_0001"
"2023";"09";"090307";"HUANCAVELICA";"ANGARAES";"HUANCA-HUANCA";"GOBIERNO REGIONAL";"I-1";"00011200";"CCARAPA";"NE_0001";"";"NE_0001";"NE_0001";"NE_0001";"NE_0001";"NE_0001";"NE_0001";"NE_0001"
"2023";"09";"090311";"HUANCAVELICA";"ANGARAES";"SANTO TOMAS DE PATA";"GOBIERNO REGIONAL";"I-1";"00003967";"SANTO TOMAS DE PATA";"NE_0001";"";"NE_0001";"NE_0001";"NE_0001";"NE_0001";"NE_0001";"NE_0001";"NE_0001"
"2023";"09";"090311";"HUANCAVELICA";"ANGARAES";"SANTO TOMAS DE PATA";"GOBIERNO REGIONAL";"I-1";"00003968";"CHUPACC";"NE_0001";"";"NE_0001";"NE_0001";"NE_0001";"NE_0001";"NE_0001";"NE_0001";"NE_0001"
"2023";"09";"081207";"CUSCO";"QUISPICANCHI";"HUARO";"GOBIERNO REGIONAL";"I-2";"00030708";"MENTAL COMUNITARIO HUARO";"NE_0001";"";"NE_0001";"NE_0001";"NE_0001";"NE_0001";"NE_0001";"NE_0001";"NE_0001"
"2023";"09";"150101";"LIMA";"LIMA";"LIMA";"MINSA";"III-2";"00006208";"INSTITUTO NACIONAL MATERNO PERINATAL";"241400";"HOSPITALIZACIÓN QUIRÚRGICA GINECO - OBSTETRICIA ";"1314";"1252";"4425";"4568";"189";"5670";"0"
"2023";"09";"150101";"LIMA";"LIMA";"LIMA";"MINSA";"III-2";"00006208";"INSTITUTO NACIONAL MATERNO PERINATAL";"241500";"HOSPITALIZACIÓN QUIRÚRGICA GINECOLOGÍA  ";"114";"100";"411";"437";"19";"570";"0"
"2023";"09";"150101";"LIMA";"LIMA";"LIMA";"MINSA";"III-2";"00006208";"INSTITUTO NACIONAL MATERNO PERINATAL";"250102";"UNIDAD DE CUIDADOS CRITICOS UNIDAD  DE CUIDADOS INTENSIVOS GENERALES (UCI) GINECO-OBSTETRICIA";"51";"46";"188";"193";"9";"270";"0"
"2023";"09";"150101";"LIMA";"LIMA";"LIMA";"MINSA";"III-2";"00006208";"INSTITUTO NACIONAL MATERNO PERINATAL";"250105";"UNIDAD DE CUIDADOS CRITICOS UNIDAD  DE CUIDADOS INTENSIVOS  (UCI) NEONATOLOGÍA";"56";"52";"818";"890";"30";"900";"12"
"2023";"09";"150101";"LIMA";"LIMA";"LIMA";"MINSA";"III-2";"00006208";"INSTITUTO NACIONAL MATERNO PERINATAL";"243200";"HOSPITALIZACIÓN DE PEDIATRÍA PEDIATRIA NEONATOLOGÍA";"286";"257";"2389";"2401";"85";"2550";"9"
"2023";"09";"150201";"LIMA";"BARRANCA";"BARRANCA";"GOBIERNO REGIONAL";"II-2";"00007635";"HOSPITAL DE BARRANCA";"240100";"HOSPITALIZACIÓN QUIRÚRGICA CIRUGÍA GENERAL ";"63";"70";"206";"423";"12";"360";"0"
"2023";"09";"150201";"LIMA";"BARRANCA";"BARRANCA";"GOBIERNO REGIONAL";"II-2";"00007635";"HOSPITAL DE BARRANCA";"241200";"HOSPITALIZACIÓN QUIRÚRGICA TRAUMATOLOGÍA Y ORTOPEDIA ";"17";"23";"223";"2";"8";"240";"0"
"2023";"09";"150201";"LIMA";"BARRANCA";"BARRANCA";"GOBIERNO REGIONAL";"II-2";"00007635";"HOSPITAL DE BARRANCA";"241300";"HOSPITALIZACIÓN QUIRÚRGICA UROLOGÍA  ";"6";"6";"18";"8";"3";"90";"0"
"2023";"09";"150201";"LIMA";"BARRANCA";"BARRANCA";"GOBIERNO REGIONAL";"II-2";"00007635";"HOSPITAL DE BARRANCA";"241500";"HOSPITALIZACIÓN QUIRÚRGICA GINECOLOGÍA  ";"126";"137";"347";"202";"16";"480";"0"
"2023";"09";"150201";"LIMA";"BARRANCA";"BARRANCA";"GOBIERNO REGIONAL";"II-2";"00007635";"HOSPITAL DE BARRANCA";"241600";"HOSPITALIZACIÓN QUIRÚRGICA OBSTETRICIA   ";"46";"49";"68";"193";"15";"450";"0"
"2023";"09";"150201";"LIMA";"BARRANCA";"BARRANCA";"GOBIERNO REGIONAL";"II-2";"00007635";"HOSPITAL DE BARRANCA";"241800";"HOSPITALIZACIÓN DE MEDICINA MEDICINA GENERAL ";"46";"65";"455";"414";"25";"750";"7"
"2023";"09";"150201";"LIMA";"BARRANCA";"BARRANCA";"GOBIERNO REGIONAL";"II-2";"00007635";"HOSPITAL DE BARRANCA";"242500";"HOSPITALIZACIÓN-PEDIATRÍA GENERAL-";"59";"68";"260";"195";"20";"600";"0"
"2023";"09";"150201";"LIMA";"BARRANCA";"BARRANCA";"GOBIERNO REGIONAL";"II-2";"00007635";"HOSPITAL DE BARRANCA";"243200";"HOSPITALIZACIÓN DE PEDIATRÍA PEDIATRIA NEONATOLOGÍA";"95";"98";"159";"163";"22";"660";"0"
"2023";"09";"150201";"LIMA";"BARRANCA";"BARRANCA";"GOBIERNO REGIONAL";"II-2";"00007635";"HOSPITAL DE BARRANCA";"250103";"UNIDAD DE CUIDADOS CRITICOS UNIDAD  DE CUIDADOS INTENSIVOS GENERALES  (UCI) MEDICINA";"1";"1";"25";"20";"4";"120";"1"
"2023";"09";"070102";"CALLAO";"CALLAO";"BELLAVISTA";"ESSALUD";"III-1";"00008265";"HOSPITAL NACIONAL ALBERTO SABOGAL SOLOGUREN DE LA RED ASISTENCIAL SABOGAL";"241900";"HOSPITALIZACIÓN DE MEDICINA MEDICINA INTERNA ";"438";"466";"5839";"5344";"189";"5660";"28"
"2023";"09";"070102";"CALLAO";"CALLAO";"BELLAVISTA";"ESSALUD";"III-1";"00008265";"HOSPITAL NACIONAL ALBERTO SABOGAL SOLOGUREN DE LA RED ASISTENCIAL SABOGAL";"240100";"HOSPITALIZACIÓN QUIRÚRGICA CIRUGÍA GENERAL ";"149";"145";"1058";"1154";"44";"1310";"1"
"2023";"09";"070102";"CALLAO";"CALLAO";"BELLAVISTA";"ESSALUD";"III-1";"00008265";"HOSPITAL NACIONAL ALBERTO SABOGAL SOLOGUREN DE LA RED ASISTENCIAL SABOGAL";"240200";"HOSPITALIZACIÓN QUIRÚRGICA CIRUGÍA DE CABEZA Y CUELLO / MÁXILO FACIAL ";"48";"42";"189";"166";"6";"184";"0"
"2023";"09";"070102";"CALLAO";"CALLAO";"BELLAVISTA";"ESSALUD";"III-1";"00008265";"HOSPITAL NACIONAL ALBERTO SABOGAL SOLOGUREN DE LA RED ASISTENCIAL SABOGAL";"240400";"HOSPITALIZACIÓN QUIRÚRGICA CIRUGÍA DE TÓRAX Y CARDIOVASCULAR ";"19";"14";"101";"96";"4";"120";"0"
"2023";"09";"070102";"CALLAO";"CALLAO";"BELLAVISTA";"ESSALUD";"III-1";"00008265";"HOSPITAL NACIONAL ALBERTO SABOGAL SOLOGUREN DE LA RED ASISTENCIAL SABOGAL";"240800";"HOSPITALIZACIÓN QUIRÚRGICA CIRUGÍA PLÁSTICA/RECONSTRUCTIVA/ REPARADORA ";"9";"7";"41";"42";"2";"50";"0"
"2023";"03";"110101";"ICA";"ICA";"ICA";"PRIVADO";"I-3";"00028251";"EL GALENO";"NE_0001";"";"NE_0001";"NE_0001";"NE_0001";"NE_0001";"NE_0001";"NE_0001";"NE_0001"
"2023";"04";"060801";"CAJAMARCA";"JAEN";"JAEN";"GOBIERNO REGIONAL";"I-3";"00025207";"CENTRO DE SALUD MENTAL COMUNITARIO JAEN";"NE_0001";"";"NE_0001";"NE_0001";"NE_0001";"NE_0001";"NE_0001";"NE_0001";"NE_0001"
"2023";"04";"120415";"JUNIN";"JAUJA";"MARCO";"GOBIERNO REGIONAL";"I-2";"00000385";"MARCO";"NE_0001";"";"NE_0001";"NE_0001";"NE_0001";"NE_0001";"NE_0001";"NE_0001";"NE_0001"
"2023";"04";"150130";"LIMA";"LIMA";"SAN BORJA";"PRIVADO";"II-E";"00013383";"CLINICA SANTA ISABEL";"241400";"HOSPITALIZACIÓN QUIRÚRGICA GINECO - OBSTETRICIA ";"164";"170";"467";"498";"25";"750";"0"
"2023";"04";"060802";"CAJAMARCA";"JAEN";"BELLAVISTA";"GOBIERNO REGIONAL";"I-3";"00004225";"AMBATO TAMBORAPA";"NE_0001";"";"NE_0001";"NE_0001";"NE_0001";"NE_0001";"NE_0001";"NE_0001";"NE_0001"
"2023";"04";"110101";"ICA";"ICA";"ICA";"ESSALUD";"II-2";"00016374";"HOSPITAL IV AUGUSTO HERNANDEZ MENDOZA";"241900";"HOSPITALIZACIÓN DE MEDICINA MEDICINA INTERNA ";"59";"66";"805";"749";"19";"570";"22"
"2023";"04";"110101";"ICA";"ICA";"ICA";"ESSALUD";"II-2";"00016374";"HOSPITAL IV AUGUSTO HERNANDEZ MENDOZA";"244600";"HOSPITALIZACIÓN DE MEDICINA NEFROLOGIA ";"7";"6";"52";"22";"3";"90";"1"
"2023";"04";"110101";"ICA";"ICA";"ICA";"ESSALUD";"II-2";"00016374";"HOSPITAL IV AUGUSTO HERNANDEZ MENDOZA";"244200";"HOSPITALIZACIÓN DE MEDICINA ENDOCRINOLOGIA ";"6";"5";"34";"16";"2";"60";"0"
"2023";"04";"110101";"ICA";"ICA";"ICA";"ESSALUD";"II-2";"00016374";"HOSPITAL IV AUGUSTO HERNANDEZ MENDOZA";"245300";"HOSPITALIZACIÓN DE MEDICINA NEUMOLOGÍA  ";"1";"2";"7";"5";"1";"30";"0"
"2023";"04";"110101";"ICA";"ICA";"ICA";"ESSALUD";"II-2";"00016374";"HOSPITAL IV AUGUSTO HERNANDEZ MENDOZA";"244700";"HOSPITALIZACIÓN DE MEDICINA NEUROLOGIA  ";"3";"1";"4";"2";"1";"30";"0"
"2023";"04";"110101";"ICA";"ICA";"ICA";"ESSALUD";"II-2";"00016374";"HOSPITAL IV AUGUSTO HERNANDEZ MENDOZA";"242100";"HOSPITALIZACIÓN DE MEDICINA ONCOLOGÍA MÉDICA ";"8";"12";"41";"24";"1";"30";"0"
"2023";"04";"110101";"ICA";"ICA";"ICA";"ESSALUD";"II-2";"00016374";"HOSPITAL IV AUGUSTO HERNANDEZ MENDOZA";"244000";"HOSPITALIZACIÓN DE MEDICINA CARDIOLOGIA ";"3";"3";"20";"10";"1";"30";"0"
"2023";"04";"110101";"ICA";"ICA";"ICA";"ESSALUD";"II-2";"00016374";"HOSPITAL IV AUGUSTO HERNANDEZ MENDOZA";"245500";"HOSPITALIZACIÓN DE MEDICINA REUMATOLOGÍA    ";"4";"5";"13";"7";"1";"30";"0"
"2023";"04";"110101";"ICA";"ICA";"ICA";"ESSALUD";"II-2";"00016374";"HOSPITAL IV AUGUSTO HERNANDEZ MENDOZA";"240100";"HOSPITALIZACIÓN QUIRÚRGICA CIRUGÍA GENERAL ";"104";"95";"459";"489";"20";"600";"0"
"2023";"04";"110101";"ICA";"ICA";"ICA";"ESSALUD";"II-2";"00016374";"HOSPITAL IV AUGUSTO HERNANDEZ MENDOZA";"241200";"HOSPITALIZACIÓN QUIRÚRGICA TRAUMATOLOGÍA Y ORTOPEDIA ";"63";"103";"628";"540";"18";"540";"0"
"2023";"04";"110101";"ICA";"ICA";"ICA";"ESSALUD";"II-2";"00016374";"HOSPITAL IV AUGUSTO HERNANDEZ MENDOZA";"241300";"HOSPITALIZACIÓN QUIRÚRGICA UROLOGÍA  ";"18";"35";"207";"180";"6";"180";"0"
"2023";"04";"110101";"ICA";"ICA";"ICA";"ESSALUD";"II-2";"00016374";"HOSPITAL IV AUGUSTO HERNANDEZ MENDOZA";"240900";"HOSPITALIZACIÓN QUIRÚRGICA NEUROCIRUGÍA ";"6";"9";"108";"60";"2";"60";"0"
"2023";"04";"110101";"ICA";"ICA";"ICA";"ESSALUD";"II-2";"00016374";"HOSPITAL IV AUGUSTO HERNANDEZ MENDOZA";"240801";"HOSPITALIZACIÓN QUIRÚRGICA CIRUGÍA PLÁSTICA/RECONSTRUCTIVA/ REPARADORA QUEMADOS";"0";"7";"45";"30";"1";"30";"0"
"2023";"04";"110101";"ICA";"ICA";"ICA";"ESSALUD";"II-2";"00016374";"HOSPITAL IV AUGUSTO HERNANDEZ MENDOZA";"241100";"HOSPITALIZACIÓN QUIRÚRGICA OTORRINOLARINGOLOGÍA  ";"6";"9";"20";"30";"1";"30";"0"
"2023";"04";"110101";"ICA";"ICA";"ICA";"ESSALUD";"II-2";"00016374";"HOSPITAL IV AUGUSTO HERNANDEZ MENDOZA";"241500";"HOSPITALIZACIÓN QUIRÚRGICA GINECOLOGÍA  ";"42";"34";"148";"125";"6";"180";"0"
"2023";"04";"110101";"ICA";"ICA";"ICA";"ESSALUD";"II-2";"00016374";"HOSPITAL IV AUGUSTO HERNANDEZ MENDOZA";"241600";"HOSPITALIZACIÓN QUIRÚRGICA OBSTETRICIA   ";"153";"121";"484";"368";"22";"660";"1"
"2023";"04";"110101";"ICA";"ICA";"ICA";"ESSALUD";"II-2";"00016374";"HOSPITAL IV AUGUSTO HERNANDEZ MENDOZA";"242300";"HOSPITALIZACIÓN DE PEDIATRÍA  PEDIATRÍA  GENERAL ";"28";"28";"180";"153";"7";"210";"3"
"2023";"04";"110101";"ICA";"ICA";"ICA";"ESSALUD";"II-2";"00016374";"HOSPITAL IV AUGUSTO HERNANDEZ MENDOZA";"250100";"UNIDAD DE CUIDADOS CRITICOS UNIDAD  DE CUIDADOS INTENSIVOS GENERALES (UCI) ";"14";"6";"164";"162";"19";"570";"5"
"2023";"04";"110101";"ICA";"ICA";"ICA";"ESSALUD";"II-2";"00016374";"HOSPITAL IV AUGUSTO HERNANDEZ MENDOZA";"250200";"UNIDAD DE CUIDADOS CRITICOS UNIDAD DE CUIDADOS INTERMEDIOS GENERAL  (UCIN) ";"10";"22";"156";"154";"8";"240";"0"
"2023";"04";"130103";"LA LIBERTAD";"TRUJILLO";"FLORENCIA DE MORA";"ESSALUD";"II-E";"00009278";"FLORENCIA DE MORA";"241800";"HOSPITALIZACIÓN DE MEDICINA MEDICINA GENERAL ";"3";"4";"27";"15";"3";"90";"0"
"2023";"04";"130103";"LA LIBERTAD";"TRUJILLO";"FLORENCIA DE MORA";"ESSALUD";"II-E";"00009278";"FLORENCIA DE MORA";"240100";"HOSPITALIZACIÓN QUIRÚRGICA CIRUGÍA GENERAL ";"49";"44";"120";"108";"5";"150";"0"
"2023";"04";"130103";"LA LIBERTAD";"TRUJILLO";"FLORENCIA DE MORA";"ESSALUD";"II-E";"00009278";"FLORENCIA DE MORA";"241500";"HOSPITALIZACIÓN QUIRÚRGICA GINECOLOGÍA  ";"14";"12";"40";"38";"3";"90";"0"
"2023";"04";"130103";"LA LIBERTAD";"TRUJILLO";"FLORENCIA DE MORA";"ESSALUD";"II-E";"00009278";"FLORENCIA DE MORA";"241600";"HOSPITALIZACIÓN QUIRÚRGICA OBSTETRICIA   ";"23";"25";"70";"60";"4";"120";"0"
"2023";"06";"060801";"CAJAMARCA";"JAEN";"JAEN";"GOBIERNO REGIONAL";"I-2";"00010007";"GRANADILLAS";"NE_0001";"";"NE_0001";"NE_0001";"NE_0001";"NE_0001";"NE_0001";"NE_0001";"NE_0001"
"2023";"06";"060801";"CAJAMARCA";"JAEN";"JAEN";"GOBIERNO REGIONAL";"I-1";"00004218";"VISTA ALEGRE  DE ZONANGA";"NE_0001";"";"NE_0001";"NE_0001";"NE_0001";"NE_0001";"NE_0001";"NE_0001";"NE_0001"
"2023";"06";"060801";"CAJAMARCA";"JAEN";"JAEN";"GOBIERNO REGIONAL";"I-1";"00004217";"TABACAL";"NE_0001";"";"NE_0001";"NE_0001";"NE_0001";"NE_0001";"NE_0001";"NE_0001";"NE_0001"
"2023";"06";"060801";"CAJAMARCA";"JAEN";"JAEN";"GOBIERNO REGIONAL";"I-3";"00004219";"CHAMBAMONTERA";"NE_0001";"";"NE_0001";"NE_0001";"NE_0001";"NE_0001";"NE_0001";"NE_0001";"NE_0001"
"2023";"06";"110301";"ICA";"NAZCA";"NAZCA";"SANIDAD DE LA POLICIA NACIONAL DEL PERU";"I-2";"00011399";"UNIDAD EJECUTORA 020:SANIDAD DE LA PNP";"NE_0001";"";"NE_0001";"NE_0001";"NE_0001";"NE_0001";"NE_0001";"NE_0001";"NE_0001"
"2023";"06";"230303";"TACNA";"JORGE BASADRE";"ITE";"ESSALUD";"I-2";"00027545";"CENTRO DE ATENCION PRIMARIA I ITE";"NE_0001";"";"NE_0001";"NE_0001";"NE_0001";"NE_0001";"NE_0001";"NE_0001";"NE_0001"
"2023";"06";"230301";"TACNA";"JORGE BASADRE";"LOCUMBA";"ESSALUD";"I-2";"00018550";"CENTRO DE ATENCION PRIMARIA  I  LOCUMBA";"NE_0001";"";"NE_0001";"NE_0001";"NE_0001";"NE_0001";"NE_0001";"NE_0001";"NE_0001"
"2023";"06";"081006";"CUSCO";"PARURO";"OMACHA";"GOBIERNO REGIONAL";"I-2";"00002505";"OMACHA";"NE_0002";"";"NE_0002";"NE_0002";"NE_0002";"NE_0002";"NE_0002";"NE_0002";"NE_0002"
"2023";"06";"081009";"CUSCO";"PARURO";"YAURISQUE";"GOBIERNO REGIONAL";"I-3";"00002509";"YAURISQUE";"NE_0002";"";"NE_0002";"NE_0002";"NE_0002";"NE_0002";"NE_0002";"NE_0002";"NE_0002"
"2023";"06";"081002";"CUSCO";"PARURO";"ACCHA";"GOBIERNO REGIONAL";"I-3";"00002500";"ACCHA";"NE_0002";"";"NE_0002";"NE_0002";"NE_0002";"NE_0002";"NE_0002";"NE_0002";"NE_0002"
"2023";"06";"081004";"CUSCO";"PARURO";"COLCHA";"GOBIERNO REGIONAL";"I-1";"00002503";"COLCHA";"NE_0002";"";"NE_0002";"NE_0002";"NE_0002";"NE_0002";"NE_0002";"NE_0002";"NE_0002"
"2023";"06";"081006";"CUSCO";"PARURO";"OMACHA";"GOBIERNO REGIONAL";"I-2";"00007147";"PUESTO DE SALUD DE HUASQUILLAY";"NE_0002";"";"NE_0002";"NE_0002";"NE_0002";"NE_0002";"NE_0002";"NE_0002";"NE_0002"
"2023";"06";"081001";"CUSCO";"PARURO";"PARURO";"GOBIERNO REGIONAL";"I-4";"00002499";"PARURO";"NE_0002";"";"NE_0002";"NE_0002";"NE_0002";"NE_0002";"NE_0002";"NE_0002";"NE_0002"
"2023";"07";"120702";"JUNIN";"TARMA";"ACOBAMBA";"GOBIERNO REGIONAL";"I-1";"00000522";"PICOY";"NE_0001";"";"NE_0001";"NE_0001";"NE_0001";"NE_0001";"NE_0001";"NE_0001";"NE_0001"
"2023";"06";"120305";"JUNIN";"CHANCHAMAYO";"SAN RAMON";"GOBIERNO REGIONAL";"I-2";"00000355";"NARANJAL";"NE_0001";"";"NE_0001";"NE_0001";"NE_0001";"NE_0001";"NE_0001";"NE_0001";"NE_0001"
"2023";"06";"120305";"JUNIN";"CHANCHAMAYO";"SAN RAMON";"GOBIERNO REGIONAL";"I-1";"00000357";"PEDREGAL";"NE_0001";"";"NE_0001";"NE_0001";"NE_0001";"NE_0001";"NE_0001";"NE_0001";"NE_0001"
"2023";"06";"120504";"JUNIN";"JUNIN";"ULCUMAYO";"GOBIERNO REGIONAL";"I-2";"00000602";"QUILCATACTA";"NE_0001";"";"NE_0001";"NE_0001";"NE_0001";"NE_0001";"NE_0001";"NE_0001";"NE_0001"
"2023";"07";"021809";"ANCASH";"SANTA";"NUEVO CHIMBOTE";"PRIVADO";"II-1";"00016536";"CLINICA BAHIA S.A.C.";"240000";"HOSPITALIZACIÓN";"1";"1";"1";"1";"8";"248";"0"
"2023";"07";"150132";"LIMA";"LIMA";"SAN JUAN DE LURIGANCHO";"PRIVADO";"II-1";"00009090";"CLINICA "" LIMATAMBO""";"240000";"HOSPITALIZACIÓN";"105";"99";"234";"297";"30";"930";"0"
"2023";"07";"120410";"JUNIN";"JAUJA";"HUERTAS";"GOBIERNO REGIONAL";"I-1";"00000368";"HUERTAS";"NE_0002";"";"NE_0002";"NE_0002";"NE_0002";"NE_0002";"NE_0002";"NE_0002";"NE_0002"
"2023";"07";"040206";"AREQUIPA";"CAMANA";"OCOÑA";"GOBIERNO REGIONAL";"I-2";"00001363";"LA PLANCHADA";"NE_0001";"";"NE_0001";"NE_0001";"NE_0001";"NE_0001";"NE_0001";"NE_0001";"NE_0001"
"2023";"07";"040206";"AREQUIPA";"CAMANA";"OCOÑA";"GOBIERNO REGIONAL";"I-1";"00001364";"PESCADORES";"NE_0001";"";"NE_0001";"NE_0001";"NE_0001";"NE_0001";"NE_0001";"NE_0001";"NE_0001"
"2023";"07";"040203";"AREQUIPA";"CAMANA";"MARIANO NICOLAS VALCARCEL";"GOBIERNO REGIONAL";"I-2";"00001366";"LA EUGENIA";"NE_0001";"";"NE_0001";"NE_0001";"NE_0001";"NE_0001";"NE_0001";"NE_0001";"NE_0001"
"2023";"07";"021801";"ANCASH";"SANTA";"CHIMBOTE";"GOBIERNO REGIONAL";"II-2";"00001652";"HOSPITAL LA CALETA";"241800";"HOSPITALIZACIÓN DE MEDICINA MEDICINA GENERAL ";"71";"70";"336";"407";"16";"496";"5"
"2023";"07";"021801";"ANCASH";"SANTA";"CHIMBOTE";"GOBIERNO REGIONAL";"II-2";"00001652";"HOSPITAL LA CALETA";"244000";"HOSPITALIZACIÓN DE MEDICINA CARDIOLOGIA ";"3";"0";"0";"54";"2";"62";"0"
"2023";"07";"021801";"ANCASH";"SANTA";"CHIMBOTE";"GOBIERNO REGIONAL";"II-2";"00001652";"HOSPITAL LA CALETA";"244300";"HOSPITALIZACIÓN DE MEDICINA GASTROENTEROLOGÍA  ";"3";"0";"0";"22";"1";"31";"0"
"2023";"07";"021801";"ANCASH";"SANTA";"CHIMBOTE";"GOBIERNO REGIONAL";"II-2";"00001652";"HOSPITAL LA CALETA";"245300";"HOSPITALIZACIÓN DE MEDICINA NEUMOLOGÍA  ";"4";"4";"33";"131";"5";"155";"0"
"2023";"07";"021801";"ANCASH";"SANTA";"CHIMBOTE";"GOBIERNO REGIONAL";"II-2";"00001652";"HOSPITAL LA CALETA";"242200";"HOSPITALIZACIÓN DE MEDICINA PSIQUIATRÍA ";"0";"3";"143";"64";"3";"93";"0"
"2023";"07";"021801";"ANCASH";"SANTA";"CHIMBOTE";"GOBIERNO REGIONAL";"II-2";"00001652";"HOSPITAL LA CALETA";"244600";"HOSPITALIZACIÓN DE MEDICINA NEFROLOGIA ";"1";"1";"8";"8";"1";"31";"0"
"2023";"07";"021801";"ANCASH";"SANTA";"CHIMBOTE";"GOBIERNO REGIONAL";"II-2";"00001652";"HOSPITAL LA CALETA";"240100";"HOSPITALIZACIÓN QUIRÚRGICA CIRUGÍA GENERAL ";"101";"100";"357";"312";"11";"341";"1"
"2023";"07";"021801";"ANCASH";"SANTA";"CHIMBOTE";"GOBIERNO REGIONAL";"II-2";"00001652";"HOSPITAL LA CALETA";"241200";"HOSPITALIZACIÓN QUIRÚRGICA TRAUMATOLOGÍA Y ORTOPEDIA ";"16";"17";"154";"142";"5";"155";"0"
"2023";"07";"021801";"ANCASH";"SANTA";"CHIMBOTE";"GOBIERNO REGIONAL";"II-2";"00001652";"HOSPITAL LA CALETA";"241300";"HOSPITALIZACIÓN QUIRÚRGICA UROLOGÍA  ";"15";"14";"59";"76";"3";"93";"0"
"2023";"07";"021801";"ANCASH";"SANTA";"CHIMBOTE";"GOBIERNO REGIONAL";"II-2";"00001652";"HOSPITAL LA CALETA";"240200";"HOSPITALIZACIÓN QUIRÚRGICA CIRUGÍA DE CABEZA Y CUELLO / MÁXILO FACIAL ";"1";"1";"3";"3";"1";"31";"0"
"2023";"07";"021801";"ANCASH";"SANTA";"CHIMBOTE";"GOBIERNO REGIONAL";"II-2";"00001652";"HOSPITAL LA CALETA";"240800";"HOSPITALIZACIÓN QUIRÚRGICA CIRUGÍA PLÁSTICA/RECONSTRUCTIVA/ REPARADORA ";"2";"3";"13";"12";"1";"31";"0"
"2023";"07";"021801";"ANCASH";"SANTA";"CHIMBOTE";"GOBIERNO REGIONAL";"II-2";"00001652";"HOSPITAL LA CALETA";"242500";"HOSPITALIZACIÓN-PEDIATRÍA GENERAL-";"158";"159";"554";"571";"22";"682";"1"
"2023";"07";"021801";"ANCASH";"SANTA";"CHIMBOTE";"GOBIERNO REGIONAL";"II-2";"00001652";"HOSPITAL LA CALETA";"241600";"HOSPITALIZACIÓN QUIRÚRGICA OBSTETRICIA   ";"216";"206";"457";"499";"17";"527";"1"
"2023";"07";"021801";"ANCASH";"SANTA";"CHIMBOTE";"GOBIERNO REGIONAL";"II-2";"00001652";"HOSPITAL LA CALETA";"241500";"HOSPITALIZACIÓN QUIRÚRGICA GINECOLOGÍA  ";"17";"18";"82";"81";"3";"93";"0"
"2023";"07";"080902";"CUSCO";"LA CONVENCION";"ECHARATE";"GOBIERNO REGIONAL";"I-1";"00002451";"CHAHUARES";"NE_0001";"";"NE_0001";"NE_0001";"NE_0001";"NE_0001";"NE_0001";"NE_0001";"NE_0001"
"2023";"07";"080901";"CUSCO";"LA CONVENCION";"SANTA ANA";"GOBIERNO REGIONAL";"I-1";"00002424";"POTRERO";"NE_0001";"";"NE_0001";"NE_0001";"NE_0001";"NE_0001";"NE_0001";"NE_0001";"NE_0001"
"2023";"07";"080902";"CUSCO";"LA CONVENCION";"ECHARATE";"GOBIERNO REGIONAL";"I-1";"00002446";"CHACCO";"NE_0001";"";"NE_0001";"NE_0001";"NE_0001";"NE_0001";"NE_0001";"NE_0001";"NE_0001"
"2023";"07";"080902";"CUSCO";"LA CONVENCION";"ECHARATE";"GOBIERNO REGIONAL";"I-2";"00002425";"ECHARATE";"NE_0001";"";"NE_0001";"NE_0001";"NE_0001";"NE_0001";"NE_0001";"NE_0001";"NE_0001"
"2023";"07";"080901";"CUSCO";"LA CONVENCION";"SANTA ANA";"GOBIERNO REGIONAL";"I-4";"00008910";"SANTA ANA";"NE_0001";"";"NE_0001";"NE_0001";"NE_0001";"NE_0001";"NE_0001";"NE_0001";"NE_0001"
"2023";"07";"080901";"CUSCO";"LA CONVENCION";"SANTA ANA";"GOBIERNO REGIONAL";"I-1";"00002422";"HUAYANAY";"NE_0001";"";"NE_0001";"NE_0001";"NE_0001";"NE_0001";"NE_0001";"NE_0001";"NE_0001"
"2023";"07";"080901";"CUSCO";"LA CONVENCION";"SANTA ANA";"GOBIERNO REGIONAL";"I-1";"00002423";"IDMA";"NE_0001";"";"NE_0001";"NE_0001";"NE_0001";"NE_0001";"NE_0001";"NE_0001";"NE_0001"
"2023";"07";"080902";"CUSCO";"LA CONVENCION";"ECHARATE";"GOBIERNO REGIONAL";"I-2";"00002430";"PAMPA CONCEPCION";"NE_0001";"";"NE_0001";"NE_0001";"NE_0001";"NE_0001";"NE_0001";"NE_0001";"NE_0001"
"2023";"07";"080901";"CUSCO";"LA CONVENCION";"SANTA ANA";"GOBIERNO REGIONAL";"I-3";"00015842";"PAVAYOC";"NE_0001";"";"NE_0001";"NE_0001";"NE_0001";"NE_0001";"NE_0001";"NE_0001";"NE_0001"
"2023";"08";"150106";"LIMA";"LIMA";"CARABAYLLO";"SANIDAD DE LA POLICIA NACIONAL DEL PERU";"I-3";"00012664";"POLICLÌNICO  DE LA  POLICÍA  NACIONAL DEL PERÙ CARABAYLLO - DEFENSORES DE LA DEMOCRACIA ";"NE_0001";"";"NE_0001";"NE_0001";"NE_0001";"NE_0001";"NE_0001";"NE_0001";"NE_0001"
"2023";"08";"150108";"LIMA";"LIMA";"CHORRILLOS";"MINSA";"III-E";"00007734";"INSTITUTO NACIONAL DE REHABILITACION DRA. ADRIANA REBAZA FLORES - AMISTAD PERU-JAPON";"240000";"HOSPITALIZACIÓN";"12";"9";"647";"717";"24";"764";"0"
"2023";"08";"050501";"AYACUCHO";"LA MAR";"SAN MIGUEL";"GOBIERNO REGIONAL";"II-E";"00003792";"HOSPITAL DE APOYO  SAN MIGUEL";"240100";"HOSPITALIZACIÓN QUIRÚRGICA CIRUGÍA GENERAL ";"9";"9";"21";"5";"5";"150";"1"
"2023";"08";"050501";"AYACUCHO";"LA MAR";"SAN MIGUEL";"GOBIERNO REGIONAL";"II-E";"00003792";"HOSPITAL DE APOYO  SAN MIGUEL";"241500";"HOSPITALIZACIÓN QUIRÚRGICA GINECOLOGÍA  ";"7";"7";"18";"3";"5";"150";"0"
"2023";"06";"060607";"CAJAMARCA";"CUTERVO";"QUEROCOTILLO";"GOBIERNO REGIONAL";"I-3";"00004968";"SILLANGATE";"NE_0001";"";"NE_0001";"NE_0001";"NE_0001";"NE_0001";"NE_0001";"NE_0001";"NE_0001"
"2023";"06";"060607";"CAJAMARCA";"CUTERVO";"QUEROCOTILLO";"GOBIERNO REGIONAL";"I-1";"00006943";"BALCONCILLO";"NE_0001";"";"NE_0001";"NE_0001";"NE_0001";"NE_0001";"NE_0001";"NE_0001";"NE_0001"
"2023";"06";"060607";"CAJAMARCA";"CUTERVO";"QUEROCOTILLO";"GOBIERNO REGIONAL";"I-2";"00005007";"SANTA ROSA DE QUEROCOTILLO";"NE_0001";"";"NE_0001";"NE_0001";"NE_0001";"NE_0001";"NE_0001";"NE_0001";"NE_0001"
"2023";"06";"060607";"CAJAMARCA";"CUTERVO";"QUEROCOTILLO";"GOBIERNO REGIONAL";"I-1";"00006869";"LAS DELICIAS";"NE_0001";"";"NE_0001";"NE_0001";"NE_0001";"NE_0001";"NE_0001";"NE_0001";"NE_0001"
"2023";"09";"150131";"LIMA";"LIMA";"SAN ISIDRO";"PRIVADO";"II-E";"00017099";"OFTALMOLOGOS CONTRERAS  C.SCRL";"NE_0001";"";"NE_0001";"NE_0001";"NE_0001";"NE_0001";"NE_0001";"NE_0001";"NE_0001"
"2023";"09";"060810";"CAJAMARCA";"JAEN";"SAN FELIPE";"GOBIERNO REGIONAL";"I-2";"00004255";"PIQUIJACA";"NE_0001";"";"NE_0001";"NE_0001";"NE_0001";"NE_0001";"NE_0001";"NE_0001";"NE_0001"
"2023";"09";"060810";"CAJAMARCA";"JAEN";"SAN FELIPE";"GOBIERNO REGIONAL";"I-3";"00004254";"SAN FELIPE";"NE_0001";"";"NE_0001";"NE_0001";"NE_0001";"NE_0001";"NE_0001";"NE_0001";"NE_0001"
"2023";"09";"030101";"APURIMAC";"ABANCAY";"ABANCAY";"GOBIERNO REGIONAL";"II-2";"00007719";"HOSPITAL REGIONAL GUILLERMO DIAZ DE LA VEGA";"241600";"HOSPITALIZACIÓN QUIRÚRGICA OBSTETRICIA   ";"106";"93";"220";"203";"10";"301";"0"
"2023";"09";"030101";"APURIMAC";"ABANCAY";"ABANCAY";"GOBIERNO REGIONAL";"II-2";"00007719";"HOSPITAL REGIONAL GUILLERMO DIAZ DE LA VEGA";"240100";"HOSPITALIZACIÓN QUIRÚRGICA CIRUGÍA GENERAL ";"137";"145";"568";"337";"10";"361";"0"
"2023";"09";"030101";"APURIMAC";"ABANCAY";"ABANCAY";"GOBIERNO REGIONAL";"II-2";"00007719";"HOSPITAL REGIONAL GUILLERMO DIAZ DE LA VEGA";"241500";"HOSPITALIZACIÓN QUIRÚRGICA GINECOLOGÍA  ";"91";"95";"264";"260";"14";"424";"0"
"2023";"09";"030101";"APURIMAC";"ABANCAY";"ABANCAY";"GOBIERNO REGIONAL";"II-2";"00007719";"HOSPITAL REGIONAL GUILLERMO DIAZ DE LA VEGA";"241900";"HOSPITALIZACIÓN DE MEDICINA MEDICINA INTERNA ";"80";"78";"420";"583";"11";"583";"8"
"2023";"09";"030101";"APURIMAC";"ABANCAY";"ABANCAY";"GOBIERNO REGIONAL";"II-2";"00007719";"HOSPITAL REGIONAL GUILLERMO DIAZ DE LA VEGA";"250201";"UNIDAD DE CUIDADOS CRITICOS UNIDAD DE CUIDADOS INTERMEDIOS  (UCIN) NEONATAL";"35";"34";"143";"117";"6";"182";"0"
"2023";"09";"030101";"APURIMAC";"ABANCAY";"ABANCAY";"GOBIERNO REGIONAL";"II-2";"00007719";"HOSPITAL REGIONAL GUILLERMO DIAZ DE LA VEGA";"242300";"HOSPITALIZACIÓN DE PEDIATRÍA  PEDIATRÍA  GENERAL ";"39";"41";"173";"183";"10";"305";"0"
"2023";"09";"030101";"APURIMAC";"ABANCAY";"ABANCAY";"GOBIERNO REGIONAL";"II-2";"00007719";"HOSPITAL REGIONAL GUILLERMO DIAZ DE LA VEGA";"241200";"HOSPITALIZACIÓN QUIRÚRGICA TRAUMATOLOGÍA Y ORTOPEDIA ";"41";"35";"424";"601";"11";"601";"0"
"2023";"09";"030101";"APURIMAC";"ABANCAY";"ABANCAY";"GOBIERNO REGIONAL";"II-2";"00007719";"HOSPITAL REGIONAL GUILLERMO DIAZ DE LA VEGA";"250103";"UNIDAD DE CUIDADOS CRITICOS UNIDAD  DE CUIDADOS INTENSIVOS GENERALES  (UCI) MEDICINA";"9";"10";"103";"128";"4";"131";"0"
"2023";"09";"030101";"APURIMAC";"ABANCAY";"ABANCAY";"GOBIERNO REGIONAL";"II-2";"00007719";"HOSPITAL REGIONAL GUILLERMO DIAZ DE LA VEGA";"250105";"UNIDAD DE CUIDADOS CRITICOS UNIDAD  DE CUIDADOS INTENSIVOS  (UCI) NEONATOLOGÍA";"12";"11";"88";"96";"4";"126";"0"
"2023";"09";"030101";"APURIMAC";"ABANCAY";"ABANCAY";"GOBIERNO REGIONAL";"II-2";"00007719";"HOSPITAL REGIONAL GUILLERMO DIAZ DE LA VEGA";"250200";"UNIDAD DE CUIDADOS CRITICOS UNIDAD DE CUIDADOS INTERMEDIOS GENERAL  (UCIN) ";"4";"4";"127";"57";"4";"120";"0"
"2023";"09";"030101";"APURIMAC";"ABANCAY";"ABANCAY";"GOBIERNO REGIONAL";"II-2";"00007719";"HOSPITAL REGIONAL GUILLERMO DIAZ DE LA VEGA";"242205";"HOSPITALIZACIÓN MEDICINA PSIQUIATRÍA PISIQUIATRIA/ SALUD MENTAL Y ADICCIONES";"14";"12";"79";"93";"12";"360";"0"
"2023";"09";"060809";"CAJAMARCA";"JAEN";"SALLIQUE";"GOBIERNO REGIONAL";"I-2";"00007053";"PALAMBE";"NE_0001";"";"NE_0001";"NE_0001";"NE_0001";"NE_0001";"NE_0001";"NE_0001";"NE_0001"
"2023";"09";"080708";"CUSCO";"CHUMBIVILCAS";"VELILLE";"GOBIERNO REGIONAL";"I-1";"00008912";"ALCCA VICTORIA";"NE_0001";"";"NE_0001";"NE_0001";"NE_0001";"NE_0001";"NE_0001";"NE_0001";"NE_0001"
"2023";"09";"080708";"CUSCO";"CHUMBIVILCAS";"VELILLE";"GOBIERNO REGIONAL";"I-1";"00027016";"HUAYCUÑUTA - URCURUTA";"NE_0001";"";"NE_0001";"NE_0001";"NE_0001";"NE_0001";"NE_0001";"NE_0001";"NE_0001"
"2023";"09";"060807";"CAJAMARCA";"JAEN";"POMAHUACA";"GOBIERNO REGIONAL";"I-2";"00004248";"PALO BLANCO";"NE_0002";"";"NE_0002";"NE_0002";"NE_0002";"NE_0002";"NE_0002";"NE_0002";"NE_0002"
"2023";"09";"060804";"CAJAMARCA";"JAEN";"COLASAY";"GOBIERNO REGIONAL";"I-1";"00031333";"CHUNCHUCA";"NE_0002";"";"NE_0002";"NE_0002";"NE_0002";"NE_0002";"NE_0002";"NE_0002";"NE_0002"
"2023";"09";"060804";"CAJAMARCA";"JAEN";"COLASAY";"GOBIERNO REGIONAL";"I-1";"00007171";"LOS CEDROS DE COLASAY";"NE_0002";"";"NE_0002";"NE_0002";"NE_0002";"NE_0002";"NE_0002";"NE_0002";"NE_0002"
"2023";"09";"060804";"CAJAMARCA";"JAEN";"COLASAY";"GOBIERNO REGIONAL";"I-3";"00004237";"CHUNCHUQUILLO";"NE_0001";"";"NE_0001";"NE_0001";"NE_0001";"NE_0001";"NE_0001";"NE_0001";"NE_0001"
"2023";"09";"150130";"LIMA";"LIMA";"SAN BORJA";"MINSA";"III-2";"00016918";"INSTITUTO NACIONAL DE SALUD NIÑO SAN BORJA";"242100";"HOSPITALIZACIÓN DE MEDICINA ONCOLOGÍA MÉDICA ";"20";"15";"294";"385";"17";"510";"0"
"2023";"09";"150130";"LIMA";"LIMA";"SAN BORJA";"MINSA";"III-2";"00016918";"INSTITUTO NACIONAL DE SALUD NIÑO SAN BORJA";"244500";"HOSPITALIZACIÓN DE MEDICINA HEMATOLOGÍA ";"25";"26";"857";"686";"23";"694";"0"
"2023";"09";"150130";"LIMA";"LIMA";"SAN BORJA";"MINSA";"III-2";"00016918";"INSTITUTO NACIONAL DE SALUD NIÑO SAN BORJA";"240400";"HOSPITALIZACIÓN QUIRÚRGICA CIRUGÍA DE TÓRAX Y CARDIOVASCULAR ";"43";"48";"1330";"1035";"35";"1050";"0"
"2023";"09";"150130";"LIMA";"LIMA";"SAN BORJA";"MINSA";"III-2";"00016918";"INSTITUTO NACIONAL DE SALUD NIÑO SAN BORJA";"240700";"HOSPITALIZACIÓN QUIRÚRGICA CIRUGÍA PEDIÁTRICA ";"46";"47";"1133";"943";"32";"960";"0"
"2023";"09";"150130";"LIMA";"LIMA";"SAN BORJA";"MINSA";"III-2";"00016918";"INSTITUTO NACIONAL DE SALUD NIÑO SAN BORJA";"240900";"HOSPITALIZACIÓN QUIRÚRGICA NEUROCIRUGÍA ";"65";"63";"993";"1004";"35";"1035";"1"
"2023";"09";"150130";"LIMA";"LIMA";"SAN BORJA";"MINSA";"III-2";"00016918";"INSTITUTO NACIONAL DE SALUD NIÑO SAN BORJA";"240100";"HOSPITALIZACIÓN QUIRÚRGICA CIRUGÍA GENERAL ";"122";"123";"1001";"906";"31";"932";"1"
"2023";"09";"150130";"LIMA";"LIMA";"SAN BORJA";"MINSA";"III-2";"00016918";"INSTITUTO NACIONAL DE SALUD NIÑO SAN BORJA";"242300";"HOSPITALIZACIÓN DE PEDIATRÍA  PEDIATRÍA  GENERAL ";"56";"55";"852";"888";"31";"929";"3"
"2023";"09";"150130";"LIMA";"LIMA";"SAN BORJA";"MINSA";"III-2";"00016918";"INSTITUTO NACIONAL DE SALUD NIÑO SAN BORJA";"240801";"HOSPITALIZACIÓN QUIRÚRGICA CIRUGÍA PLÁSTICA/RECONSTRUCTIVA/ REPARADORA QUEMADOS";"43";"44";"647";"532";"18";"540";"0"
"2023";"09";"150130";"LIMA";"LIMA";"SAN BORJA";"MINSA";"III-2";"00016918";"INSTITUTO NACIONAL DE SALUD NIÑO SAN BORJA";"240500";"HOSPITALIZACIÓN QUIRÚRGICA CIRUGÍA DE TRANSPLANTES ";"9";"11";"176";"137";"6";"180";"0"
"2023";"09";"150130";"LIMA";"LIMA";"SAN BORJA";"MINSA";"III-2";"00016918";"INSTITUTO NACIONAL DE SALUD NIÑO SAN BORJA";"243600";"HOSPITALIZACIÓN DE PEDIATRÍA PEDIATRIA ONCOLOGÍA PEDIÁTRICA";"0";"2";"28";"36";"1";"36";"0"
"2023";"09";"060804";"CAJAMARCA";"JAEN";"COLASAY";"GOBIERNO REGIONAL";"I-2";"00004238";"SAN LORENZO DE BARBASCO";"NE_0001";"";"NE_0001";"NE_0001";"NE_0001";"NE_0001";"NE_0001";"NE_0001";"NE_0001"
"2023";"09";"060807";"CAJAMARCA";"JAEN";"POMAHUACA";"GOBIERNO REGIONAL";"I-1";"00007122";"TAMBILLO";"NE_0002";"";"NE_0002";"NE_0002";"NE_0002";"NE_0002";"NE_0002";"NE_0002";"NE_0002"
"2023";"09";"220801";"SAN MARTIN";"RIOJA";"RIOJA";"GOBIERNO REGIONAL";"II-1";"00006732";"HOSPITAL DE RIOJA";"240100";"HOSPITALIZACIÓN QUIRÚRGICA CIRUGÍA GENERAL ";"59";"68";"229";"229";"10";"300";"0"
"2023";"09";"220801";"SAN MARTIN";"RIOJA";"RIOJA";"GOBIERNO REGIONAL";"II-1";"00006732";"HOSPITAL DE RIOJA";"241200";"HOSPITALIZACIÓN QUIRÚRGICA TRAUMATOLOGÍA Y ORTOPEDIA ";"30";"34";"137";"137";"5";"150";"1"
"2023";"09";"220801";"SAN MARTIN";"RIOJA";"RIOJA";"GOBIERNO REGIONAL";"II-1";"00006732";"HOSPITAL DE RIOJA";"241300";"HOSPITALIZACIÓN QUIRÚRGICA UROLOGÍA  ";"3";"3";"10";"10";"1";"30";"0"
"2023";"09";"220801";"SAN MARTIN";"RIOJA";"RIOJA";"GOBIERNO REGIONAL";"II-1";"00006732";"HOSPITAL DE RIOJA";"241500";"HOSPITALIZACIÓN QUIRÚRGICA GINECOLOGÍA  ";"52";"58";"126";"126";"11";"330";"0"
"2023";"09";"110501";"ICA";"PISCO";"PISCO";"PRIVADO";"II-1";"00027173";"FAMISALUD SAC";"241500";"HOSPITALIZACIÓN QUIRÚRGICA GINECOLOGÍA  ";"1";"1";"1";"7";"2";"62";"0"
"2023";"09";"110501";"ICA";"PISCO";"PISCO";"PRIVADO";"II-1";"00027173";"FAMISALUD SAC";"241200";"HOSPITALIZACIÓN QUIRÚRGICA TRAUMATOLOGÍA Y ORTOPEDIA ";"1";"1";"4";"7";"1";"31";"0"
"2023";"09";"110501";"ICA";"PISCO";"PISCO";"PRIVADO";"II-1";"00027173";"FAMISALUD SAC";"240100";"HOSPITALIZACIÓN QUIRÚRGICA CIRUGÍA GENERAL ";"10";"10";"15";"7";"4";"112";"0"
"2023";"09";"110501";"ICA";"PISCO";"PISCO";"PRIVADO";"II-1";"00027173";"FAMISALUD SAC";"241800";"HOSPITALIZACIÓN DE MEDICINA MEDICINA GENERAL ";"4";"4";"17";"7";"1";"31";"0"
"2023";"09";"250101";"UCAYALI";"CORONEL PORTILLO";"CALLERIA";"ESSALUD";"II-2";"00009600";"HOSPITAL II PUCALLPA- ESSALUD";"241800";"HOSPITALIZACIÓN DE MEDICINA MEDICINA GENERAL ";"123";"100";"1436";"1416";"50";"1500";"4"
"2023";"09";"250101";"UCAYALI";"CORONEL PORTILLO";"CALLERIA";"ESSALUD";"II-2";"00009600";"HOSPITAL II PUCALLPA- ESSALUD";"250300";"UNIDAD DE CUIDADOS CRITICOS UNIDAD DE VIGILANCIA INTENSIVA  CLINICA (UVIC) ";"46";"43";"364";"295";"14";"420";"10"
"2023";"09";"250101";"UCAYALI";"CORONEL PORTILLO";"CALLERIA";"ESSALUD";"II-2";"00009600";"HOSPITAL II PUCALLPA- ESSALUD";"240100";"HOSPITALIZACIÓN QUIRÚRGICA CIRUGÍA GENERAL ";"285";"277";"1167";"1053";"48";"1440";"0"
"2023";"09";"250101";"UCAYALI";"CORONEL PORTILLO";"CALLERIA";"ESSALUD";"II-2";"00009600";"HOSPITAL II PUCALLPA- ESSALUD";"241600";"HOSPITALIZACIÓN QUIRÚRGICA OBSTETRICIA   ";"168";"166";"321";"350";"18";"540";"0"
"2023";"09";"250101";"UCAYALI";"CORONEL PORTILLO";"CALLERIA";"ESSALUD";"II-2";"00009600";"HOSPITAL II PUCALLPA- ESSALUD";"241500";"HOSPITALIZACIÓN QUIRÚRGICA GINECOLOGÍA  ";"55";"56";"197";"169";"12";"360";"0"
"2023";"09";"250101";"UCAYALI";"CORONEL PORTILLO";"CALLERIA";"ESSALUD";"II-2";"00009600";"HOSPITAL II PUCALLPA- ESSALUD";"242300";"HOSPITALIZACIÓN DE PEDIATRÍA  PEDIATRÍA  GENERAL ";"58";"59";"220";"218";"15";"450";"0"
"2023";"09";"250101";"UCAYALI";"CORONEL PORTILLO";"CALLERIA";"ESSALUD";"II-2";"00009600";"HOSPITAL II PUCALLPA- ESSALUD";"243200";"HOSPITALIZACIÓN DE PEDIATRÍA PEDIATRIA NEONATOLOGÍA";"38";"38";"101";"128";"5";"150";"1"
"2023";"09";"220801";"SAN MARTIN";"RIOJA";"RIOJA";"GOBIERNO REGIONAL";"II-1";"00006732";"HOSPITAL DE RIOJA";"241600";"HOSPITALIZACIÓN QUIRÚRGICA OBSTETRICIA   ";"103";"110";"261";"261";"14";"420";"0"
"2023";"09";"220801";"SAN MARTIN";"RIOJA";"RIOJA";"GOBIERNO REGIONAL";"II-1";"00006732";"HOSPITAL DE RIOJA";"241800";"HOSPITALIZACIÓN DE MEDICINA MEDICINA GENERAL ";"41";"56";"308";"308";"12";"360";"6"
"2023";"09";"220801";"SAN MARTIN";"RIOJA";"RIOJA";"GOBIERNO REGIONAL";"II-1";"00006732";"HOSPITAL DE RIOJA";"242500";"HOSPITALIZACIÓN-PEDIATRÍA GENERAL-";"56";"62";"240";"240";"10";"300";"1"
"2023";"09";"220801";"SAN MARTIN";"RIOJA";"RIOJA";"GOBIERNO REGIONAL";"II-1";"00006732";"HOSPITAL DE RIOJA";"243200";"HOSPITALIZACIÓN DE PEDIATRÍA PEDIATRIA NEONATOLOGÍA";"13";"17";"90";"90";"7";"210";"1"
"2023";"09";"060802";"CAJAMARCA";"JAEN";"BELLAVISTA";"GOBIERNO REGIONAL";"II-1";"00004223";"SAN JAVIER BELLAVISTA";"242500";"HOSPITALIZACIÓN-PEDIATRÍA GENERAL-";"3";"2";"6";"10";"3";"90";"0"
"2023";"09";"060802";"CAJAMARCA";"JAEN";"BELLAVISTA";"GOBIERNO REGIONAL";"II-1";"00004223";"SAN JAVIER BELLAVISTA";"241800";"HOSPITALIZACIÓN DE MEDICINA MEDICINA GENERAL ";"14";"14";"32";"44";"4";"120";"1"
"2023";"09";"060802";"CAJAMARCA";"JAEN";"BELLAVISTA";"GOBIERNO REGIONAL";"II-1";"00004223";"SAN JAVIER BELLAVISTA";"241400";"HOSPITALIZACIÓN QUIRÚRGICA GINECO - OBSTETRICIA ";"3";"3";"11";"14";"4";"120";"0"
"2023";"09";"060802";"CAJAMARCA";"JAEN";"BELLAVISTA";"GOBIERNO REGIONAL";"II-1";"00004223";"SAN JAVIER BELLAVISTA";"241500";"HOSPITALIZACIÓN QUIRÚRGICA GINECOLOGÍA  ";"1";"1";"3";"4";"4";"120";"0"
"2023";"09";"060802";"CAJAMARCA";"JAEN";"BELLAVISTA";"GOBIERNO REGIONAL";"II-1";"00004223";"SAN JAVIER BELLAVISTA";"241600";"HOSPITALIZACIÓN QUIRÚRGICA OBSTETRICIA   ";"9";"9";"17";"26";"4";"120";"0"
"2023";"09";"060802";"CAJAMARCA";"JAEN";"BELLAVISTA";"GOBIERNO REGIONAL";"II-1";"00004223";"SAN JAVIER BELLAVISTA";"240100";"HOSPITALIZACIÓN QUIRÚRGICA CIRUGÍA GENERAL ";"3";"3";"11";"10";"2";"60";"0"
"2023";"09";"130101";"LA LIBERTAD";"TRUJILLO";"TRUJILLO";"GOBIERNO REGIONAL";"III-2";"00007277";"INSTITUTO REGIONAL DE ENFERMEDADES NEOPLASICAS - NORTE - DR. LUIS PINILLOS GANOZA";"241000";"HOSPITALIZACIÓN QUIRÚRGICA ONCOLOGÍA QUIRÚRGICA  ";"79";"74";"319";"378";"16";"495";"0"
"2023";"09";"130101";"LA LIBERTAD";"TRUJILLO";"TRUJILLO";"GOBIERNO REGIONAL";"III-2";"00007277";"INSTITUTO REGIONAL DE ENFERMEDADES NEOPLASICAS - NORTE - DR. LUIS PINILLOS GANOZA";"242100";"HOSPITALIZACIÓN DE MEDICINA ONCOLOGÍA MÉDICA ";"60";"55";"163";"244";"9";"273";"1"
"2023";"09";"120602";"JUNIN";"SATIPO";"COVIRIALI";"GOBIERNO REGIONAL";"I-1";"00000488";"SAN ANDRES";"NE_0001";"";"NE_0001";"NE_0001";"NE_0001";"NE_0001";"NE_0001";"NE_0001";"NE_0001"
"2023";"09";"120605";"JUNIN";"SATIPO";"PAMPA HERMOSA";"GOBIERNO REGIONAL";"I-1";"00007185";"PAMPA MANDARINA";"NE_0001";"";"NE_0001";"NE_0001";"NE_0001";"NE_0001";"NE_0001";"NE_0001";"NE_0001"
"2023";"09";"120602";"JUNIN";"SATIPO";"COVIRIALI";"GOBIERNO REGIONAL";"I-2";"00000486";"SAN PEDRO";"NE_0001";"";"NE_0001";"NE_0001";"NE_0001";"NE_0001";"NE_0001";"NE_0001";"NE_0001"
"2023";"09";"120605";"JUNIN";"SATIPO";"PAMPA HERMOSA";"GOBIERNO REGIONAL";"I-2";"00000493";"MARIPOSA";"NE_0001";"";"NE_0001";"NE_0001";"NE_0001";"NE_0001";"NE_0001";"NE_0001";"NE_0001"
"2023";"09";"120605";"JUNIN";"SATIPO";"PAMPA HERMOSA";"GOBIERNO REGIONAL";"I-2";"00006876";"TOLDOPAMPA";"NE_0001";"";"NE_0001";"NE_0001";"NE_0001";"NE_0001";"NE_0001";"NE_0001";"NE_0001"
"2023";"09";"120602";"JUNIN";"SATIPO";"COVIRIALI";"GOBIERNO REGIONAL";"I-1";"00000489";"BUENOS AIRES";"NE_0001";"";"NE_0001";"NE_0001";"NE_0001";"NE_0001";"NE_0001";"NE_0001";"NE_0001"
"2023";"09";"120605";"JUNIN";"SATIPO";"PAMPA HERMOSA";"GOBIERNO REGIONAL";"I-2";"00000494";"APALLA CALABAZA";"NE_0001";"";"NE_0001";"NE_0001";"NE_0001";"NE_0001";"NE_0001";"NE_0001";"NE_0001"
"2023";"09";"120605";"JUNIN";"SATIPO";"PAMPA HERMOSA";"GOBIERNO REGIONAL";"I-2";"00000492";"SANTA ROSITA";"NE_0001";"";"NE_0001";"NE_0001";"NE_0001";"NE_0001";"NE_0001";"NE_0001";"NE_0001"
"2023";"09";"120602";"JUNIN";"SATIPO";"COVIRIALI";"GOBIERNO REGIONAL";"I-1";"00007186";"PALMAPAMPA";"NE_0001";"";"NE_0001";"NE_0001";"NE_0001";"NE_0001";"NE_0001";"NE_0001";"NE_0001"
"2023";"09";"150108";"LIMA";"LIMA";"CHORRILLOS";"SANIDAD DEL EJERCITO DEL PERU";"I-4";"00018171";"POLICLINICO MILITAR CHORRILLOS";"NE_0001";"";"NE_0001";"NE_0001";"NE_0001";"NE_0001";"NE_0001";"NE_0001";"NE_0001"
"2023";"09";"061201";"CAJAMARCA";"SAN PABLO";"SAN PABLO";"GOBIERNO REGIONAL";"I-1";"00004611";"EL PATIÑO";"NE_0001";"";"NE_0001";"NE_0001";"NE_0001";"NE_0001";"NE_0001";"NE_0001";"NE_0001"
"2023";"09";"061204";"CAJAMARCA";"SAN PABLO";"TUMBADEN";"GOBIERNO REGIONAL";"I-2";"00004583";"TUMBADEN BAJO";"NE_0001";"";"NE_0001";"NE_0001";"NE_0001";"NE_0001";"NE_0001";"NE_0001";"NE_0001"
"2023";"09";"061201";"CAJAMARCA";"SAN PABLO";"SAN PABLO";"GOBIERNO REGIONAL";"I-2";"00004578";"CALLANCAS";"NE_0001";"";"NE_0001";"NE_0001";"NE_0001";"NE_0001";"NE_0001";"NE_0001";"NE_0001"
"2023";"09";"061201";"CAJAMARCA";"SAN PABLO";"SAN PABLO";"GOBIERNO REGIONAL";"I-4";"00004577";"SAN PABLO";"241800";"HOSPITALIZACIÓN DE MEDICINA MEDICINA GENERAL ";"6";"6";"16";"21";"3";"90";"0"
"2023";"09";"061201";"CAJAMARCA";"SAN PABLO";"SAN PABLO";"GOBIERNO REGIONAL";"I-4";"00004577";"SAN PABLO";"241600";"HOSPITALIZACIÓN QUIRÚRGICA OBSTETRICIA   ";"7";"7";"10";"13";"6";"180";"0"
"2023";"09";"061201";"CAJAMARCA";"SAN PABLO";"SAN PABLO";"GOBIERNO REGIONAL";"I-2";"00004581";"SANTA ROSA DE UNANCA";"NE_0001";"";"NE_0001";"NE_0001";"NE_0001";"NE_0001";"NE_0001";"NE_0001";"NE_0001"
"2023";"09";"061202";"CAJAMARCA";"SAN PABLO";"SAN BERNARDINO";"GOBIERNO REGIONAL";"I-1";"00004579";"POLAN";"NE_0001";"";"NE_0001";"NE_0001";"NE_0001";"NE_0001";"NE_0001";"NE_0001";"NE_0001"
"2023";"09";"060802";"CAJAMARCA";"JAEN";"BELLAVISTA";"GOBIERNO REGIONAL";"I-3";"00004224";"CRUCE SHUMBA";"NE_0001";"";"NE_0001";"NE_0001";"NE_0001";"NE_0001";"NE_0001";"NE_0001";"NE_0001"
"2023";"09";"150130";"LIMA";"LIMA";"SAN BORJA";"PRIVADO";"II-E";"00018626";"OFTALMICA S.A";"NE_0001";"";"NE_0001";"NE_0001";"NE_0001";"NE_0001";"NE_0001";"NE_0001";"NE_0001"
"2023";"09";"150140";"LIMA";"LIMA";"SANTIAGO DE SURCO";"PRIVADO";"II-2";"00009989";"CLINICA PADRE LUIS TEZZA";"240000";"HOSPITALIZACIÓN";"297";"278";"1169";"1388";"62";"1860";"0"
"2023";"09";"070102";"CALLAO";"CALLAO";"BELLAVISTA";"ESSALUD";"III-1";"00008265";"HOSPITAL NACIONAL ALBERTO SABOGAL SOLOGUREN DE LA RED ASISTENCIAL SABOGAL";"241700";"HOSPITALIZACIÓN QUIRÚRGICA GINECOLOGÍA   GINECOLOGIA ONCOLOGiCA";"60";"61";"176";"162";"6";"180";"0"
"2023";"09";"070102";"CALLAO";"CALLAO";"BELLAVISTA";"ESSALUD";"III-1";"00008265";"HOSPITAL NACIONAL ALBERTO SABOGAL SOLOGUREN DE LA RED ASISTENCIAL SABOGAL";"241900";"HOSPITALIZACIÓN DE MEDICINA MEDICINA INTERNA ";"14";"15";"129";"148";"5";"160";"0"
"2023";"09";"070102";"CALLAO";"CALLAO";"BELLAVISTA";"ESSALUD";"III-1";"00008265";"HOSPITAL NACIONAL ALBERTO SABOGAL SOLOGUREN DE LA RED ASISTENCIAL SABOGAL";"242000";"HOSPITALIZACIÓN DE MEDICINA MEDICINA TROPICAL E INFECCIOSAS ";"22";"27";"341";"312";"11";"330";"1"
"2023";"09";"070102";"CALLAO";"CALLAO";"BELLAVISTA";"ESSALUD";"III-1";"00008265";"HOSPITAL NACIONAL ALBERTO SABOGAL SOLOGUREN DE LA RED ASISTENCIAL SABOGAL";"242100";"HOSPITALIZACIÓN DE MEDICINA ONCOLOGÍA MÉDICA ";"80";"83";"403";"373";"14";"420";"2"
"2023";"09";"070102";"CALLAO";"CALLAO";"BELLAVISTA";"ESSALUD";"III-1";"00008265";"HOSPITAL NACIONAL ALBERTO SABOGAL SOLOGUREN DE LA RED ASISTENCIAL SABOGAL";"240700";"HOSPITALIZACIÓN QUIRÚRGICA CIRUGÍA PEDIÁTRICA ";"70";"65";"362";"391";"14";"420";"0"
"2023";"09";"070102";"CALLAO";"CALLAO";"BELLAVISTA";"ESSALUD";"III-1";"00008265";"HOSPITAL NACIONAL ALBERTO SABOGAL SOLOGUREN DE LA RED ASISTENCIAL SABOGAL";"240900";"HOSPITALIZACIÓN QUIRÚRGICA NEUROCIRUGÍA ";"61";"63";"634";"322";"13";"390";"1"
"2023";"09";"070102";"CALLAO";"CALLAO";"BELLAVISTA";"ESSALUD";"III-1";"00008265";"HOSPITAL NACIONAL ALBERTO SABOGAL SOLOGUREN DE LA RED ASISTENCIAL SABOGAL";"241100";"HOSPITALIZACIÓN QUIRÚRGICA OTORRINOLARINGOLOGÍA  ";"50";"52";"112";"103";"4";"120";"0"
"2023";"09";"070102";"CALLAO";"CALLAO";"BELLAVISTA";"ESSALUD";"III-1";"00008265";"HOSPITAL NACIONAL ALBERTO SABOGAL SOLOGUREN DE LA RED ASISTENCIAL SABOGAL";"241200";"HOSPITALIZACIÓN QUIRÚRGICA TRAUMATOLOGÍA Y ORTOPEDIA ";"134";"134";"1025";"1121";"41";"1240";"0"
"2023";"09";"070102";"CALLAO";"CALLAO";"BELLAVISTA";"ESSALUD";"III-1";"00008265";"HOSPITAL NACIONAL ALBERTO SABOGAL SOLOGUREN DE LA RED ASISTENCIAL SABOGAL";"241300";"HOSPITALIZACIÓN QUIRÚRGICA UROLOGÍA  ";"93";"89";"494";"478";"17";"516";"1"
"2023";"09";"070102";"CALLAO";"CALLAO";"BELLAVISTA";"ESSALUD";"III-1";"00008265";"HOSPITAL NACIONAL ALBERTO SABOGAL SOLOGUREN DE LA RED ASISTENCIAL SABOGAL";"241500";"HOSPITALIZACIÓN QUIRÚRGICA GINECOLOGÍA  ";"83";"75";"272";"257";"10";"300";"0"
"2023";"09";"070102";"CALLAO";"CALLAO";"BELLAVISTA";"ESSALUD";"III-1";"00008265";"HOSPITAL NACIONAL ALBERTO SABOGAL SOLOGUREN DE LA RED ASISTENCIAL SABOGAL";"241600";"HOSPITALIZACIÓN QUIRÚRGICA OBSTETRICIA   ";"248";"240";"1393";"1171";"45";"1350";"0"
"2023";"09";"070102";"CALLAO";"CALLAO";"BELLAVISTA";"ESSALUD";"III-1";"00008265";"HOSPITAL NACIONAL ALBERTO SABOGAL SOLOGUREN DE LA RED ASISTENCIAL SABOGAL";"242300";"HOSPITALIZACIÓN DE PEDIATRÍA  PEDIATRÍA  GENERAL ";"96";"107";"1117";"963";"35";"1050";"1"
"2023";"09";"070102";"CALLAO";"CALLAO";"BELLAVISTA";"ESSALUD";"III-1";"00008265";"HOSPITAL NACIONAL ALBERTO SABOGAL SOLOGUREN DE LA RED ASISTENCIAL SABOGAL";"250100";"UNIDAD DE CUIDADOS CRITICOS UNIDAD  DE CUIDADOS INTENSIVOS GENERALES (UCI) ";"15";"28";"432";"186";"7";"210";"16"
"2023";"09";"070102";"CALLAO";"CALLAO";"BELLAVISTA";"ESSALUD";"III-1";"00008265";"HOSPITAL NACIONAL ALBERTO SABOGAL SOLOGUREN DE LA RED ASISTENCIAL SABOGAL";"250200";"UNIDAD DE CUIDADOS CRITICOS UNIDAD DE CUIDADOS INTERMEDIOS GENERAL  (UCIN) ";"28";"49";"1135";"387";"13";"390";"9"
"2023";"09";"130908";"LA LIBERTAD";"SANCHEZ CARRION";"SARTIMBAMBA";"GOBIERNO REGIONAL";"I-2";"00005363";"SARTIMBAMBA";"NE_0001";"";"NE_0001";"NE_0001";"NE_0001";"NE_0001";"NE_0001";"NE_0001";"NE_0001"
"2023";"05";"130101";"LA LIBERTAD";"TRUJILLO";"TRUJILLO";"PRIVADO";"II-1";"00012292";"CLINICA  BELMED";"240800";"HOSPITALIZACIÓN QUIRÚRGICA CIRUGÍA PLÁSTICA/RECONSTRUCTIVA/ REPARADORA ";"0";"0";"0";"1";"4";"5";"0"
"2023";"06";"040101";"AREQUIPA";"AREQUIPA";"AREQUIPA";"PRIVADO";"II-E";"00016486";"CLÍNICA DE OJOS Y LA VISTA FUNDAR E.I.R.L.";"NE_0001";"";"NE_0001";"NE_0001";"NE_0001";"NE_0001";"NE_0001";"NE_0001";"NE_0001"
"2023";"06";"220101";"SAN MARTIN";"MOYOBAMBA";"MOYOBAMBA";"SANIDAD DE LA POLICIA NACIONAL DEL PERU";"I-3";"00018077";"POLICLINICO PNP MOYOBAMBA";"NE_0001";"";"NE_0001";"NE_0001";"NE_0001";"NE_0001";"NE_0001";"NE_0001";"NE_0001"
"2023";"06";"120431";"JUNIN";"JAUJA";"SINCOS";"GOBIERNO REGIONAL";"I-3";"00000404";"SINCOS";"NE_0001";"";"NE_0001";"NE_0001";"NE_0001";"NE_0001";"NE_0001";"NE_0001";"NE_0001"
"2023";"06";"120431";"JUNIN";"JAUJA";"SINCOS";"GOBIERNO REGIONAL";"I-1";"00000405";"LLACUARIPAMPA";"NE_0001";"";"NE_0001";"NE_0001";"NE_0001";"NE_0001";"NE_0001";"NE_0001";"NE_0001"
"2023";"06";"120413";"JUNIN";"JAUJA";"LEONOR ORDOÑEZ";"GOBIERNO REGIONAL";"I-1";"00000401";"HUANCANI";"NE_0001";"";"NE_0001";"NE_0001";"NE_0001";"NE_0001";"NE_0001";"NE_0001";"NE_0001"
"2023";"06";"120431";"JUNIN";"JAUJA";"SINCOS";"GOBIERNO REGIONAL";"I-2";"00000406";"ARAMACHAY";"NE_0001";"";"NE_0001";"NE_0001";"NE_0001";"NE_0001";"NE_0001";"NE_0001";"NE_0001"
"2023";"06";"120431";"JUNIN";"JAUJA";"SINCOS";"GOBIERNO REGIONAL";"I-1";"00000408";"CHALHUAS";"NE_0001";"";"NE_0001";"NE_0001";"NE_0001";"NE_0001";"NE_0001";"NE_0001";"NE_0001"
"2023";"06";"120421";"JUNIN";"JAUJA";"MUQUIYAUYO";"GOBIERNO REGIONAL";"I-2";"00000403";"MUQUIYAUYO";"NE_0001";"";"NE_0001";"NE_0001";"NE_0001";"NE_0001";"NE_0001";"NE_0001";"NE_0001"
"2023";"06";"060501";"CAJAMARCA";"CONTUMAZA";"CONTUMAZA";"GOBIERNO REGIONAL";"I-1";"00004630";"EL MOTE";"NE_0001";"";"NE_0001";"NE_0001";"NE_0001";"NE_0001";"NE_0001";"NE_0001";"NE_0001"
"2023";"06";"060502";"CAJAMARCA";"CONTUMAZA";"CHILETE";"GOBIERNO REGIONAL";"I-1";"00004545";"LLALLAN";"NE_0001";"";"NE_0001";"NE_0001";"NE_0001";"NE_0001";"NE_0001";"NE_0001";"NE_0001"
"2023";"06";"060501";"CAJAMARCA";"CONTUMAZA";"CONTUMAZA";"GOBIERNO REGIONAL";"I-1";"00004632";"CORRALES DE CHANTA";"NE_0001";"";"NE_0001";"NE_0001";"NE_0001";"NE_0001";"NE_0001";"NE_0001";"NE_0001"
"2023";"06";"060502";"CAJAMARCA";"CONTUMAZA";"CHILETE";"GOBIERNO REGIONAL";"I-4";"00004538";"DE APOYO CHILETE";"240000";"HOSPITALIZACIÓN";"36";"39";"83";"77";"9";"194";"1"
"2023";"06";"060507";"CAJAMARCA";"CONTUMAZA";"TANTARICA";"GOBIERNO REGIONAL";"I-2";"00004544";"CATÁN - TANTARICA";"NE_0001";"";"NE_0001";"NE_0001";"NE_0001";"NE_0001";"NE_0001";"NE_0001";"NE_0001"
"2023";"06";"060501";"CAJAMARCA";"CONTUMAZA";"CONTUMAZA";"GOBIERNO REGIONAL";"I-1";"00004622";"CATUDEN";"NE_0001";"";"NE_0001";"NE_0001";"NE_0001";"NE_0001";"NE_0001";"NE_0001";"NE_0001"
"2023";"07";"220808";"SAN MARTIN";"RIOJA";"YORONGOS";"GOBIERNO REGIONAL";"I-1";"00006276";"PUESTO DE SALUD NUEVO TABALOSOS";"NE_0002";"";"NE_0002";"NE_0002";"NE_0002";"NE_0002";"NE_0002";"NE_0002";"NE_0002"
"2023";"07";"220801";"SAN MARTIN";"RIOJA";"RIOJA";"GOBIERNO REGIONAL";"I-1";"00006280";"PUESTO DE SALUD PORVENIR";"NE_0002";"";"NE_0002";"NE_0002";"NE_0002";"NE_0002";"NE_0002";"NE_0002";"NE_0002"
"2023";"07";"220801";"SAN MARTIN";"RIOJA";"RIOJA";"GOBIERNO REGIONAL";"I-1";"00006708";"PUESTO DE SALUD PERLA DE CASCAYUNGA";"NE_0002";"";"NE_0002";"NE_0002";"NE_0002";"NE_0002";"NE_0002";"NE_0002";"NE_0002"
"2023";"07";"220806";"SAN MARTIN";"RIOJA";"POSIC";"GOBIERNO REGIONAL";"I-1";"00006274";"PUESTO DE SALUD POSIC";"NE_0002";"";"NE_0002";"NE_0002";"NE_0002";"NE_0002";"NE_0002";"NE_0002";"NE_0002"
"2023";"07";"220801";"SAN MARTIN";"RIOJA";"RIOJA";"GOBIERNO REGIONAL";"I-4";"00006270";"CENTRO DE SALUD NUEVA RIOJA";"241600";"HOSPITALIZACIÓN QUIRÚRGICA OBSTETRICIA   ";"8";"8";"8";"8";"8";"186";"0"
"2023";"07";"220801";"SAN MARTIN";"RIOJA";"RIOJA";"GOBIERNO REGIONAL";"I-4";"00006270";"CENTRO DE SALUD NUEVA RIOJA";"241800";"HOSPITALIZACIÓN DE MEDICINA MEDICINA GENERAL ";"48";"48";"142";"8";"8";"496";"0"
"2023";"07";"220801";"SAN MARTIN";"RIOJA";"RIOJA";"GOBIERNO REGIONAL";"I-1";"00006271";"PUESTO DE SALUD MASHUYACU";"NE_0002";"";"NE_0002";"NE_0002";"NE_0002";"NE_0002";"NE_0002";"NE_0002";"NE_0002"
"2023";"07";"220801";"SAN MARTIN";"RIOJA";"RIOJA";"GOBIERNO REGIONAL";"I-1";"00006273";"PUESTO DE SALUD TAMBO";"NE_0002";"";"NE_0002";"NE_0002";"NE_0002";"NE_0002";"NE_0002";"NE_0002";"NE_0002"
"2023";"07";"220808";"SAN MARTIN";"RIOJA";"YORONGOS";"GOBIERNO REGIONAL";"I-3";"00006275";"PUESTO DE SALUD YORONGOS";"NE_0002";"";"NE_0002";"NE_0002";"NE_0002";"NE_0002";"NE_0002";"NE_0002";"NE_0002"
"2023";"07";"060401";"CAJAMARCA";"CHOTA";"CHOTA";"GOBIERNO REGIONAL";"II-1";"00004659";"HOSPITAL DE APOYO CHOTA - JOSE SOTO CADENILLAS";"240100";"HOSPITALIZACIÓN QUIRÚRGICA CIRUGÍA GENERAL ";"89";"101";"362";"482";"16";"496";"0"
"2023";"07";"060401";"CAJAMARCA";"CHOTA";"CHOTA";"GOBIERNO REGIONAL";"II-1";"00004659";"HOSPITAL DE APOYO CHOTA - JOSE SOTO CADENILLAS";"241400";"HOSPITALIZACIÓN QUIRÚRGICA GINECO - OBSTETRICIA ";"179";"200";"478";"349";"20";"620";"0"
"2023";"07";"060401";"CAJAMARCA";"CHOTA";"CHOTA";"GOBIERNO REGIONAL";"II-1";"00004659";"HOSPITAL DE APOYO CHOTA - JOSE SOTO CADENILLAS";"241800";"HOSPITALIZACIÓN DE MEDICINA MEDICINA GENERAL ";"82";"91";"335";"341";"11";"341";"6"
"2023";"07";"060401";"CAJAMARCA";"CHOTA";"CHOTA";"GOBIERNO REGIONAL";"II-1";"00004659";"HOSPITAL DE APOYO CHOTA - JOSE SOTO CADENILLAS";"242500";"HOSPITALIZACIÓN-PEDIATRÍA GENERAL-";"96";"102";"296";"247";"8";"248";"0"
"2023";"07";"110101";"ICA";"ICA";"ICA";"PRIVADO";"II-1";"00013386";"LAS CONDES SAC";"240000";"HOSPITALIZACIÓN";"37";"34";"37";"37";"8";"240";"0"
"2023";"07";"100801";"HUANUCO";"PACHITEA";"PANAO";"ESSALUD";"I-2";"00009958";"POSTA MEDICA PANAO";"NE_0001";"";"NE_0001";"NE_0001";"NE_0001";"NE_0001";"NE_0001";"NE_0001";"NE_0001"
"2023";"08";"110207";"ICA";"CHINCHA";"PUEBLO NUEVO";"SANIDAD DE LA POLICIA NACIONAL DEL PERU";"I-3";"00011398";"POLICLINICO POLICIAL CHINCHA";"NE_0001";"";"NE_0001";"NE_0001";"NE_0001";"NE_0001";"NE_0001";"NE_0001";"NE_0001"
"2023";"08";"160113";"LORETO";"MAYNAS";"SAN JUAN BAUTISTA";"SANIDAD DE LA POLICIA NACIONAL DEL PERU";"I-3";"00011369";"POLICLINICO POLICIAL IQUITOS";"NE_0001";"";"NE_0001";"NE_0001";"NE_0001";"NE_0001";"NE_0001";"NE_0001";"NE_0001"
"2023";"08";"110101";"ICA";"ICA";"ICA";"PRIVADO";"II-1";"00012765";"SAN VICENTE";"240000";"HOSPITALIZACIÓN";"29";"31";"35";"32";"8";"248";"0"
"2023";"08";"080106";"CUSCO";"CUSCO";"SANTIAGO";"PRIVADO";"II-E";"00023570";"MIR SALUD";"240000";"HOSPITALIZACIÓN";"32";"30";"69";"107";"9";"279";"0"
"2023";"08";"080101";"CUSCO";"CUSCO";"CUSCO";"PRIVADO";"II-E";"00010014";"DR. VICTOR PAREDES";"240000";"HOSPITALIZACIÓN";"106";"101";"167";"211";"19";"589";"0"
"2023";"08";"080901";"CUSCO";"LA CONVENCION";"SANTA ANA";"PRIVADO";"II-E";"00026080";"SR DE TORRECHAYOC";"241400";"HOSPITALIZACIÓN QUIRÚRGICA GINECO - OBSTETRICIA ";"5";"5";"7";"9";"4";"124";"0"
"2023";"08";"090301";"HUANCAVELICA";"ANGARAES";"LIRCAY";"GOBIERNO REGIONAL";"I-1";"00003948";"UCHCUPAMPA";"NE_0001";"";"NE_0001";"NE_0001";"NE_0001";"NE_0001";"NE_0001";"NE_0001";"NE_0001"
"2023";"08";"090310";"HUANCAVELICA";"ANGARAES";"SAN ANTONIO DE ANTAPARCO";"GOBIERNO REGIONAL";"I-1";"00003966";"MAICENA";"NE_0001";"";"NE_0001";"NE_0001";"NE_0001";"NE_0001";"NE_0001";"NE_0001";"NE_0001"
"2023";"08";"090311";"HUANCAVELICA";"ANGARAES";"SANTO TOMAS DE PATA";"GOBIERNO REGIONAL";"I-1";"00003967";"SANTO TOMAS DE PATA";"NE_0001";"";"NE_0001";"NE_0001";"NE_0001";"NE_0001";"NE_0001";"NE_0001";"NE_0001"
"2023";"08";"090311";"HUANCAVELICA";"ANGARAES";"SANTO TOMAS DE PATA";"GOBIERNO REGIONAL";"I-1";"00003968";"CHUPACC";"NE_0001";"";"NE_0001";"NE_0001";"NE_0001";"NE_0001";"NE_0001";"NE_0001";"NE_0001"
"2023";"08";"090301";"HUANCAVELICA";"ANGARAES";"LIRCAY";"GOBIERNO REGIONAL";"I-1";"00011202";"PAMPAHUASI";"NE_0001";"";"NE_0001";"NE_0001";"NE_0001";"NE_0001";"NE_0001";"NE_0001";"NE_0001"
"2023";"08";"090301";"HUANCAVELICA";"ANGARAES";"LIRCAY";"GOBIERNO REGIONAL";"I-1";"00003944";"BUENA VISTA";"NE_0001";"";"NE_0001";"NE_0001";"NE_0001";"NE_0001";"NE_0001";"NE_0001";"NE_0001"
"2023";"08";"090301";"HUANCAVELICA";"ANGARAES";"LIRCAY";"GOBIERNO REGIONAL";"I-2";"00003945";"CARHUAPATA";"NE_0001";"";"NE_0001";"NE_0001";"NE_0001";"NE_0001";"NE_0001";"NE_0001";"NE_0001"
"2023";"08";"090301";"HUANCAVELICA";"ANGARAES";"LIRCAY";"GOBIERNO REGIONAL";"I-1";"00003947";"CONSTANCIA";"NE_0001";"";"NE_0001";"NE_0001";"NE_0001";"NE_0001";"NE_0001";"NE_0001";"NE_0001"
"2023";"08";"090311";"HUANCAVELICA";"ANGARAES";"SANTO TOMAS DE PATA";"GOBIERNO REGIONAL";"I-1";"00011768";"CUTICSA";"NE_0001";"";"NE_0001";"NE_0001";"NE_0001";"NE_0001";"NE_0001";"NE_0001";"NE_0001"
"2023";"08";"090304";"HUANCAVELICA";"ANGARAES";"CCOCHACCASA";"GOBIERNO REGIONAL";"I-1";"00003956";"SAN PEDRO DE MIMOSA";"NE_0001";"";"NE_0001";"NE_0001";"NE_0001";"NE_0001";"NE_0001";"NE_0001";"NE_0001"
"2023";"08";"090301";"HUANCAVELICA";"ANGARAES";"LIRCAY";"GOBIERNO REGIONAL";"I-1";"00007290";"PERCAPAMPA";"NE_0001";"";"NE_0001";"NE_0001";"NE_0001";"NE_0001";"NE_0001";"NE_0001";"NE_0001"
"2023";"08";"090305";"HUANCAVELICA";"ANGARAES";"CHINCHO";"GOBIERNO REGIONAL";"I-1";"00011787";"LLAMOCCTACHI";"NE_0001";"";"NE_0001";"NE_0001";"NE_0001";"NE_0001";"NE_0001";"NE_0001";"NE_0001"
"2023";"08";"090301";"HUANCAVELICA";"ANGARAES";"LIRCAY";"GOBIERNO REGIONAL";"I-1";"00003951";"TUCSIPAMPA";"NE_0001";"";"NE_0001";"NE_0001";"NE_0001";"NE_0001";"NE_0001";"NE_0001";"NE_0001"
"2023";"08";"090301";"HUANCAVELICA";"ANGARAES";"LIRCAY";"GOBIERNO REGIONAL";"I-1";"00011201";"CIENEGUILLA";"NE_0001";"";"NE_0001";"NE_0001";"NE_0001";"NE_0001";"NE_0001";"NE_0001";"NE_0001"
"2023";"08";"090304";"HUANCAVELICA";"ANGARAES";"CCOCHACCASA";"GOBIERNO REGIONAL";"I-1";"00011204";"VELASCO PUCAPAMPA";"NE_0001";"";"NE_0001";"NE_0001";"NE_0001";"NE_0001";"NE_0001";"NE_0001";"NE_0001"
"2023";"08";"090302";"HUANCAVELICA";"ANGARAES";"ANCHONGA";"GOBIERNO REGIONAL";"I-1";"00028780";"LLANCAPUQUIO";"NE_0001";"";"NE_0001";"NE_0001";"NE_0001";"NE_0001";"NE_0001";"NE_0001";"NE_0001"
"2023";"08";"090310";"HUANCAVELICA";"ANGARAES";"SAN ANTONIO DE ANTAPARCO";"GOBIERNO REGIONAL";"I-1";"00003966";"MAICENA";"NE_0001";"";"NE_0001";"NE_0001";"NE_0001";"NE_0001";"NE_0001";"NE_0001";"NE_0001"
"2023";"08";"090311";"HUANCAVELICA";"ANGARAES";"SANTO TOMAS DE PATA";"GOBIERNO REGIONAL";"I-1";"00003967";"SANTO TOMAS DE PATA";"NE_0001";"";"NE_0001";"NE_0001";"NE_0001";"NE_0001";"NE_0001";"NE_0001";"NE_0001"
"2023";"08";"090311";"HUANCAVELICA";"ANGARAES";"SANTO TOMAS DE PATA";"GOBIERNO REGIONAL";"I-1";"00003968";"CHUPACC";"NE_0001";"";"NE_0001";"NE_0001";"NE_0001";"NE_0001";"NE_0001";"NE_0001";"NE_0001"
"2023";"08";"090301";"HUANCAVELICA";"ANGARAES";"LIRCAY";"GOBIERNO REGIONAL";"I-1";"00011202";"PAMPAHUASI";"NE_0001";"";"NE_0001";"NE_0001";"NE_0001";"NE_0001";"NE_0001";"NE_0001";"NE_0001"
"2023";"08";"090301";"HUANCAVELICA";"ANGARAES";"LIRCAY";"GOBIERNO REGIONAL";"I-1";"00011205";"UNION PROGRESO PATAHUASI";"NE_0001";"";"NE_0001";"NE_0001";"NE_0001";"NE_0001";"NE_0001";"NE_0001";"NE_0001"
"2023";"08";"090301";"HUANCAVELICA";"ANGARAES";"LIRCAY";"GOBIERNO REGIONAL";"I-3";"00028484";"CENTRO DE SALUD MENTAL COMUNITARIO ANGARAES";"NE_0002";"";"NE_0002";"NE_0002";"NE_0002";"NE_0002";"NE_0002";"NE_0002";"NE_0002"
"2023";"08";"150122";"LIMA";"LIMA";"MIRAFLORES";"PRIVADO";"II-E";"00011750";"CLINICA LOS ANDES SAC";"240000";"HOSPITALIZACIÓN";"72";"66";"102";"112";"15";"465";"0"
"2023";"08";"060308";"CAJAMARCA";"CELENDIN";"OXAMARCA";"GOBIERNO REGIONAL";"I-1";"00009046";"MINASCONGA";"NE_0001";"";"NE_0001";"NE_0001";"NE_0001";"NE_0001";"NE_0001";"NE_0001";"NE_0001"
"2023";"08";"060305";"CAJAMARCA";"CELENDIN";"JORGE CHAVEZ";"GOBIERNO REGIONAL";"I-1";"00004487";"JORGE CHAVEZ";"NE_0001";"";"NE_0001";"NE_0001";"NE_0001";"NE_0001";"NE_0001";"NE_0001";"NE_0001"
"2023";"08";"060310";"CAJAMARCA";"CELENDIN";"SUCRE";"GOBIERNO REGIONAL";"I-1";"00025043";"CRUZCONGA";"NE_0001";"";"NE_0001";"NE_0001";"NE_0001";"NE_0001";"NE_0001";"NE_0001";"NE_0001"
"2023";"08";"150101";"LIMA";"LIMA";"LIMA";"PRIVADO";"I-3";"00016948";"MEDICENTRO COLMENA DE LA CLÍNICA INTERNACIONAL";"NE_0001";"";"NE_0001";"NE_0001";"NE_0001";"NE_0001";"NE_0001";"NE_0001";"NE_0001"
"2023";"07";"150105";"LIMA";"LIMA";"BREÑA";"PRIVADO";"0";"00022016";"CLINICA LA LUZ OFTALMOLOGIA";"NE_0002";"";"NE_0002";"NE_0002";"NE_0002";"NE_0002";"NE_0002";"NE_0002";"NE_0002"
"2023";"08";"110101";"ICA";"ICA";"ICA";"GOBIERNO REGIONAL";"I-2";"00003385";"SAN MARTIN DE PORRAS";"NE_0001";"";"NE_0001";"NE_0001";"NE_0001";"NE_0001";"NE_0001";"NE_0001";"NE_0001"
"2023";"08";"110110";"ICA";"ICA";"SAN JUAN BAUTISTA";"MINSA";"I-2";"00003387";"CAMINO DE REYES";"NE_0001";"";"NE_0001";"NE_0001";"NE_0001";"NE_0001";"NE_0001";"NE_0001";"NE_0001"
"2023";"04";"220301";"SAN MARTIN";"EL DORADO";"SAN JOSE DE SISA";"GOBIERNO REGIONAL";"I-1";"00006490";"HUAJA";"NE_0001";"";"NE_0001";"NE_0001";"NE_0001";"NE_0001";"NE_0001";"NE_0001";"NE_0001"
"2023";"04";"220301";"SAN MARTIN";"EL DORADO";"SAN JOSE DE SISA";"GOBIERNO REGIONAL";"I-1";"00006487";"SANTA CRUZ";"NE_0001";"";"NE_0001";"NE_0001";"NE_0001";"NE_0001";"NE_0001";"NE_0001";"NE_0001"
"2023";"04";"220301";"SAN MARTIN";"EL DORADO";"SAN JOSE DE SISA";"GOBIERNO REGIONAL";"I-1";"00006486";"NAUTA";"NE_0001";"";"NE_0001";"NE_0001";"NE_0001";"NE_0001";"NE_0001";"NE_0001";"NE_0001"
"2023";"04";"220303";"SAN MARTIN";"EL DORADO";"SAN MARTIN";"GOBIERNO REGIONAL";"I-4";"00006492";"SAN MARTIN DE ALAO";"241600";"HOSPITALIZACIÓN QUIRÚRGICA OBSTETRICIA   ";"8";"8";"8";"8";"3";"90";"0"
"2023";"04";"220303";"SAN MARTIN";"EL DORADO";"SAN MARTIN";"GOBIERNO REGIONAL";"I-4";"00006492";"SAN MARTIN DE ALAO";"241800";"HOSPITALIZACIÓN DE MEDICINA MEDICINA GENERAL ";"1";"1";"1";"1";"4";"120";"0"
"2023";"04";"220303";"SAN MARTIN";"EL DORADO";"SAN MARTIN";"GOBIERNO REGIONAL";"I-1";"00006494";"SINAMI";"NE_0001";"";"NE_0001";"NE_0001";"NE_0001";"NE_0001";"NE_0001";"NE_0001";"NE_0001"
"2023";"04";"220303";"SAN MARTIN";"EL DORADO";"SAN MARTIN";"GOBIERNO REGIONAL";"I-1";"00007391";"CASHNAHUASI";"NE_0001";"";"NE_0001";"NE_0001";"NE_0001";"NE_0001";"NE_0001";"NE_0001";"NE_0001"
"2023";"04";"220303";"SAN MARTIN";"EL DORADO";"SAN MARTIN";"GOBIERNO REGIONAL";"I-1";"00007392";"BUENA VISTA";"NE_0001";"";"NE_0001";"NE_0001";"NE_0001";"NE_0001";"NE_0001";"NE_0001";"NE_0001"
"2023";"04";"220303";"SAN MARTIN";"EL DORADO";"SAN MARTIN";"GOBIERNO REGIONAL";"I-1";"00007644";"PACAYPAMPA";"NE_0001";"";"NE_0001";"NE_0001";"NE_0001";"NE_0001";"NE_0001";"NE_0001";"NE_0001"
"2023";"04";"220305";"SAN MARTIN";"EL DORADO";"SHATOJA";"GOBIERNO REGIONAL";"I-1";"00006493";"SHATOJA";"NE_0001";"";"NE_0001";"NE_0001";"NE_0001";"NE_0001";"NE_0001";"NE_0001";"NE_0001"
"2023";"04";"060307";"CAJAMARCA";"CELENDIN";"MIGUEL IGLESIAS";"GOBIERNO REGIONAL";"I-3";"00004478";"MIGUEL IGLESIAS";"NE_0001";"";"NE_0001";"NE_0001";"NE_0001";"NE_0001";"NE_0001";"NE_0001";"NE_0001"
"2023";"04";"060307";"CAJAMARCA";"CELENDIN";"MIGUEL IGLESIAS";"GOBIERNO REGIONAL";"I-1";"00009085";"MUYOC GRANDE";"NE_0001";"";"NE_0001";"NE_0001";"NE_0001";"NE_0001";"NE_0001";"NE_0001";"NE_0001"
"2023";"04";"060312";"CAJAMARCA";"CELENDIN";"LA LIBERTAD DE PALLAN";"GOBIERNO REGIONAL";"I-1";"00004480";"NUEVA ESPERANZA";"NE_0001";"";"NE_0001";"NE_0001";"NE_0001";"NE_0001";"NE_0001";"NE_0001";"NE_0001"
"2023";"04";"060312";"CAJAMARCA";"CELENDIN";"LA LIBERTAD DE PALLAN";"GOBIERNO REGIONAL";"I-1";"00006756";"RAMOSCUCHO";"NE_0001";"";"NE_0001";"NE_0001";"NE_0001";"NE_0001";"NE_0001";"NE_0001";"NE_0001"
"2023";"04";"060307";"CAJAMARCA";"CELENDIN";"MIGUEL IGLESIAS";"GOBIERNO REGIONAL";"I-1";"00009088";"PIZON";"NE_0001";"";"NE_0001";"NE_0001";"NE_0001";"NE_0001";"NE_0001";"NE_0001";"NE_0001"
"2023";"04";"150113";"LIMA";"LIMA";"JESUS MARIA";"SANIDAD DEL EJERCITO DEL PERU";"III-1";"00017024";"HOSPITAL  MILITAR LUIS ARIAS SCHEREIBER";"240100";"HOSPITALIZACIÓN QUIRÚRGICA CIRUGÍA GENERAL ";"70";"60";"481";"450";"66";"1980";"0"
"2023";"04";"150113";"LIMA";"LIMA";"JESUS MARIA";"SANIDAD DEL EJERCITO DEL PERU";"III-1";"00017024";"HOSPITAL  MILITAR LUIS ARIAS SCHEREIBER";"240800";"HOSPITALIZACIÓN QUIRÚRGICA CIRUGÍA PLÁSTICA/RECONSTRUCTIVA/ REPARADORA ";"21";"23";"142";"169";"9";"270";"0"
"2023";"04";"150113";"LIMA";"LIMA";"JESUS MARIA";"SANIDAD DEL EJERCITO DEL PERU";"III-1";"00017024";"HOSPITAL  MILITAR LUIS ARIAS SCHEREIBER";"240900";"HOSPITALIZACIÓN QUIRÚRGICA NEUROCIRUGÍA ";"13";"13";"82";"101";"15";"450";"0"
"2023";"04";"150113";"LIMA";"LIMA";"JESUS MARIA";"SANIDAD DEL EJERCITO DEL PERU";"III-1";"00017024";"HOSPITAL  MILITAR LUIS ARIAS SCHEREIBER";"241200";"HOSPITALIZACIÓN QUIRÚRGICA TRAUMATOLOGÍA Y ORTOPEDIA ";"57";"51";"648";"664";"63";"1890";"0"
"2023";"04";"150113";"LIMA";"LIMA";"JESUS MARIA";"SANIDAD DEL EJERCITO DEL PERU";"III-1";"00017024";"HOSPITAL  MILITAR LUIS ARIAS SCHEREIBER";"241300";"HOSPITALIZACIÓN QUIRÚRGICA UROLOGÍA  ";"14";"12";"92";"110";"8";"240";"0"
"2023";"04";"150113";"LIMA";"LIMA";"JESUS MARIA";"SANIDAD DEL EJERCITO DEL PERU";"III-1";"00017024";"HOSPITAL  MILITAR LUIS ARIAS SCHEREIBER";"241400";"HOSPITALIZACIÓN QUIRÚRGICA GINECO - OBSTETRICIA ";"31";"35";"187";"203";"11";"330";"0"
"2023";"04";"150113";"LIMA";"LIMA";"JESUS MARIA";"SANIDAD DEL EJERCITO DEL PERU";"III-1";"00017024";"HOSPITAL  MILITAR LUIS ARIAS SCHEREIBER";"241900";"HOSPITALIZACIÓN DE MEDICINA MEDICINA INTERNA ";"95";"100";"1761";"1797";"80";"2400";"12"
"2023";"04";"150113";"LIMA";"LIMA";"JESUS MARIA";"SANIDAD DEL EJERCITO DEL PERU";"III-1";"00017024";"HOSPITAL  MILITAR LUIS ARIAS SCHEREIBER";"242100";"HOSPITALIZACIÓN DE MEDICINA ONCOLOGÍA MÉDICA ";"12";"15";"165";"178";"9";"270";"1"
"2023";"04";"150113";"LIMA";"LIMA";"JESUS MARIA";"SANIDAD DEL EJERCITO DEL PERU";"III-1";"00017024";"HOSPITAL  MILITAR LUIS ARIAS SCHEREIBER";"242200";"HOSPITALIZACIÓN DE MEDICINA PSIQUIATRÍA ";"20";"17";"307";"381";"18";"540";"0"
"2023";"04";"150113";"LIMA";"LIMA";"JESUS MARIA";"SANIDAD DEL EJERCITO DEL PERU";"III-1";"00017024";"HOSPITAL  MILITAR LUIS ARIAS SCHEREIBER";"242300";"HOSPITALIZACIÓN DE PEDIATRÍA  PEDIATRÍA  GENERAL ";"37";"38";"149";"188";"13";"390";"0"
"2023";"04";"150113";"LIMA";"LIMA";"JESUS MARIA";"SANIDAD DEL EJERCITO DEL PERU";"III-1";"00017024";"HOSPITAL  MILITAR LUIS ARIAS SCHEREIBER";"243200";"HOSPITALIZACIÓN DE PEDIATRÍA PEDIATRIA NEONATOLOGÍA";"12";"15";"79";"98";"15";"450";"0"
"2023";"04";"150113";"LIMA";"LIMA";"JESUS MARIA";"SANIDAD DEL EJERCITO DEL PERU";"III-1";"00017024";"HOSPITAL  MILITAR LUIS ARIAS SCHEREIBER";"244300";"HOSPITALIZACIÓN DE MEDICINA GASTROENTEROLOGÍA  ";"26";"23";"182";"186";"14";"420";"0"
"2023";"04";"150113";"LIMA";"LIMA";"JESUS MARIA";"SANIDAD DEL EJERCITO DEL PERU";"III-1";"00017024";"HOSPITAL  MILITAR LUIS ARIAS SCHEREIBER";"244700";"HOSPITALIZACIÓN DE MEDICINA NEUROLOGIA  ";"15";"11";"131";"145";"13";"390";"0"
"2023";"04";"150113";"LIMA";"LIMA";"JESUS MARIA";"SANIDAD DEL EJERCITO DEL PERU";"III-1";"00017024";"HOSPITAL  MILITAR LUIS ARIAS SCHEREIBER";"245300";"HOSPITALIZACIÓN DE MEDICINA NEUMOLOGÍA  ";"11";"12";"214";"231";"29";"870";"0"
"2023";"04";"150113";"LIMA";"LIMA";"JESUS MARIA";"SANIDAD DEL EJERCITO DEL PERU";"III-1";"00017024";"HOSPITAL  MILITAR LUIS ARIAS SCHEREIBER";"250101";"UNIDAD DE CUIDADOS CRITICOS UNIDAD  DE CUIDADOS INTENSIVOS GENERALES (UCI) CARDIOLOGIA";"4";"5";"44";"51";"6";"180";"1"
"2023";"04";"150113";"LIMA";"LIMA";"JESUS MARIA";"SANIDAD DEL EJERCITO DEL PERU";"III-1";"00017024";"HOSPITAL  MILITAR LUIS ARIAS SCHEREIBER";"250103";"UNIDAD DE CUIDADOS CRITICOS UNIDAD  DE CUIDADOS INTENSIVOS GENERALES  (UCI) MEDICINA";"4";"1";"1";"10";"7";"210";"1"
"2023";"04";"120114";"JUNIN";"HUANCAYO";"EL TAMBO";"PRIVADO";"II-E";"00025383";"CLINICA MEDICO QUIRURGICO HUANCAYO E.I.R.L.";"241200";"HOSPITALIZACIÓN QUIRÚRGICA TRAUMATOLOGÍA Y ORTOPEDIA ";"16";"13";"10";"93";"12";"18";"0"
"2023";"04";"060301";"CAJAMARCA";"CELENDIN";"CELENDIN";"ESSALUD";"I-3";"00010269";"CENTRO MEDICO ESSALUD CELENDIN";"NE_0001";"";"NE_0001";"NE_0001";"NE_0001";"NE_0001";"NE_0001";"NE_0001";"NE_0001"
"2023";"07";"080914";"CUSCO";"LA CONVENCION";"MEGANTONI";"GOBIERNO REGIONAL";"I-2";"00002435";"MIARIA";"NE_0001";"";"NE_0001";"NE_0001";"NE_0001";"NE_0001";"NE_0001";"NE_0001";"NE_0001"
"2023";"07";"080914";"CUSCO";"LA CONVENCION";"MEGANTONI";"GOBIERNO REGIONAL";"I-2";"00002445";"TIMPIA";"NE_0001";"";"NE_0001";"NE_0001";"NE_0001";"NE_0001";"NE_0001";"NE_0001";"NE_0001"
"2023";"07";"080914";"CUSCO";"LA CONVENCION";"MEGANTONI";"GOBIERNO REGIONAL";"I-1";"00013067";"TANGOSHIARI";"NE_0001";"";"NE_0001";"NE_0001";"NE_0001";"NE_0001";"NE_0001";"NE_0001";"NE_0001"
"2023";"07";"080914";"CUSCO";"LA CONVENCION";"MEGANTONI";"GOBIERNO REGIONAL";"I-1";"00015235";"NUEVA VIDA";"NE_0001";"";"NE_0001";"NE_0001";"NE_0001";"NE_0001";"NE_0001";"NE_0001";"NE_0001"
"2023";"07";"080914";"CUSCO";"LA CONVENCION";"MEGANTONI";"GOBIERNO REGIONAL";"I-1";"00002436";"NUEVA LUZ";"NE_0001";"";"NE_0001";"NE_0001";"NE_0001";"NE_0001";"NE_0001";"NE_0001";"NE_0001"
"2023";"07";"080914";"CUSCO";"LA CONVENCION";"MEGANTONI";"GOBIERNO REGIONAL";"I-1";"00013066";"MONTETONI";"NE_0001";"";"NE_0001";"NE_0001";"NE_0001";"NE_0001";"NE_0001";"NE_0001";"NE_0001"
"2023";"07";"080914";"CUSCO";"LA CONVENCION";"MEGANTONI";"GOBIERNO REGIONAL";"I-1";"00015843";"CASHIRIARI";"NE_0001";"";"NE_0001";"NE_0001";"NE_0001";"NE_0001";"NE_0001";"NE_0001";"NE_0001"
"2023";"07";"080914";"CUSCO";"LA CONVENCION";"MEGANTONI";"GOBIERNO REGIONAL";"I-1";"00015844";"CAMANA";"NE_0001";"";"NE_0001";"NE_0001";"NE_0001";"NE_0001";"NE_0001";"NE_0001";"NE_0001"
"2023";"07";"080914";"CUSCO";"LA CONVENCION";"MEGANTONI";"GOBIERNO REGIONAL";"I-2";"00002437";"NUEVO MUNDO";"NE_0001";"";"NE_0001";"NE_0001";"NE_0001";"NE_0001";"NE_0001";"NE_0001";"NE_0001"
"2023";"07";"080914";"CUSCO";"LA CONVENCION";"MEGANTONI";"GOBIERNO REGIONAL";"I-1";"00002428";"CHOCORIARI";"NE_0001";"";"NE_0001";"NE_0001";"NE_0001";"NE_0001";"NE_0001";"NE_0001";"NE_0001"
"2023";"07";"080914";"CUSCO";"LA CONVENCION";"MEGANTONI";"GOBIERNO REGIONAL";"I-1";"00002441";"PUERTO HUALLANA";"NE_0001";"";"NE_0001";"NE_0001";"NE_0001";"NE_0001";"NE_0001";"NE_0001";"NE_0001"
"2023";"07";"080914";"CUSCO";"LA CONVENCION";"MEGANTONI";"GOBIERNO REGIONAL";"I-1";"00002442";"PUERTO RICO";"NE_0001";"";"NE_0001";"NE_0001";"NE_0001";"NE_0001";"NE_0001";"NE_0001";"NE_0001"
"2023";"07";"080914";"CUSCO";"LA CONVENCION";"MEGANTONI";"GOBIERNO REGIONAL";"I-2";"00002452";"SHIVANKORENI";"NE_0001";"";"NE_0001";"NE_0001";"NE_0001";"NE_0001";"NE_0001";"NE_0001";"NE_0001"
"2023";"07";"080914";"CUSCO";"LA CONVENCION";"MEGANTONI";"GOBIERNO REGIONAL";"I-3";"00002426";"KIRIGUETI";"NE_0001";"";"NE_0001";"NE_0001";"NE_0001";"NE_0001";"NE_0001";"NE_0001";"NE_0001"
"2023";"07";"080914";"CUSCO";"LA CONVENCION";"MEGANTONI";"GOBIERNO REGIONAL";"I-4";"00002448";"KAMISEA";"NE_0001";"";"NE_0001";"NE_0001";"NE_0001";"NE_0001";"NE_0001";"NE_0001";"NE_0001"
"2023";"08";"150135";"LIMA";"LIMA";"SAN MARTIN DE PORRES";"SANIDAD DE LA POLICIA NACIONAL DEL PERU";"I-3";"00011876";"POLICLINICO PNP SAN MARTIN DE PORRES";"NE_0001";"";"NE_0001";"NE_0001";"NE_0001";"NE_0001";"NE_0001";"NE_0001";"NE_0001"
"2023";"09";"120608";"JUNIN";"SATIPO";"RIO TAMBO";"GOBIERNO REGIONAL";"I-1";"00000459";"CUSHIRENI";"NE_0001";"";"NE_0001";"NE_0001";"NE_0001";"NE_0001";"NE_0001";"NE_0001";"NE_0001"
"2023";"09";"120608";"JUNIN";"SATIPO";"RIO TAMBO";"GOBIERNO REGIONAL";"I-1";"00000466";"SANTA ROSITA DE SHIRINTIARI";"NE_0001";"";"NE_0001";"NE_0001";"NE_0001";"NE_0001";"NE_0001";"NE_0001";"NE_0001"
"2023";"09";"120606";"JUNIN";"SATIPO";"PANGOA";"GOBIERNO REGIONAL";"I-1";"00006879";"UNION PUERTO ASHANINKA";"NE_0001";"";"NE_0001";"NE_0001";"NE_0001";"NE_0001";"NE_0001";"NE_0001";"NE_0001"
"2023";"09";"120608";"JUNIN";"SATIPO";"RIO TAMBO";"GOBIERNO REGIONAL";"I-2";"00000474";"QUITENI";"NE_0001";"";"NE_0001";"NE_0001";"NE_0001";"NE_0001";"NE_0001";"NE_0001";"NE_0001"
"2023";"09";"120608";"JUNIN";"SATIPO";"RIO TAMBO";"GOBIERNO REGIONAL";"I-2";"00000463";"BOCA CHEMBO";"NE_0001";"";"NE_0001";"NE_0001";"NE_0001";"NE_0001";"NE_0001";"NE_0001";"NE_0001"
"2023";"09";"120608";"JUNIN";"SATIPO";"RIO TAMBO";"GOBIERNO REGIONAL";"I-1";"00000464";"IMPANEKIARI";"NE_0001";"";"NE_0001";"NE_0001";"NE_0001";"NE_0001";"NE_0001";"NE_0001";"NE_0001"
"2023";"09";"120606";"JUNIN";"SATIPO";"PANGOA";"GOBIERNO REGIONAL";"I-1";"00006878";"POTSOTENI";"NE_0001";"";"NE_0001";"NE_0001";"NE_0001";"NE_0001";"NE_0001";"NE_0001";"NE_0001"
"2023";"09";"120608";"JUNIN";"SATIPO";"RIO TAMBO";"GOBIERNO REGIONAL";"I-1";"00000475";"CAPERUSIA";"NE_0001";"";"NE_0001";"NE_0001";"NE_0001";"NE_0001";"NE_0001";"NE_0001";"NE_0001"
"2023";"09";"120608";"JUNIN";"SATIPO";"RIO TAMBO";"GOBIERNO REGIONAL";"I-2";"00007187";"VISTA  ALEGRE DEL VALLE DE SANTA CRUZ";"NE_0001";"";"NE_0001";"NE_0001";"NE_0001";"NE_0001";"NE_0001";"NE_0001";"NE_0001"
"2023";"09";"120608";"JUNIN";"SATIPO";"RIO TAMBO";"GOBIERNO REGIONAL";"I-3";"00000460";"BETANIA";"NE_0001";"";"NE_0001";"NE_0001";"NE_0001";"NE_0001";"NE_0001";"NE_0001";"NE_0001"
"2023";"09";"120608";"JUNIN";"SATIPO";"RIO TAMBO";"GOBIERNO REGIONAL";"I-3";"00000469";"PUERTO OCOPA";"NE_0001";"";"NE_0001";"NE_0001";"NE_0001";"NE_0001";"NE_0001";"NE_0001";"NE_0001"
"2023";"09";"120608";"JUNIN";"SATIPO";"RIO TAMBO";"GOBIERNO REGIONAL";"I-2";"00000470";"SAN MIGUEL DE OTICA";"NE_0001";"";"NE_0001";"NE_0001";"NE_0001";"NE_0001";"NE_0001";"NE_0001";"NE_0001"
"2023";"09";"120608";"JUNIN";"SATIPO";"RIO TAMBO";"GOBIERNO REGIONAL";"I-2";"00000472";"OVIRI";"NE_0001";"";"NE_0001";"NE_0001";"NE_0001";"NE_0001";"NE_0001";"NE_0001";"NE_0001"
"2023";"09";"120608";"JUNIN";"SATIPO";"RIO TAMBO";"GOBIERNO REGIONAL";"I-3";"00000462";"POYENI";"NE_0001";"";"NE_0001";"NE_0001";"NE_0001";"NE_0001";"NE_0001";"NE_0001";"NE_0001"
"2023";"09";"120608";"JUNIN";"SATIPO";"RIO TAMBO";"GOBIERNO REGIONAL";"I-2";"00000465";"CAPITIRI";"NE_0001";"";"NE_0001";"NE_0001";"NE_0001";"NE_0001";"NE_0001";"NE_0001";"NE_0001"
"2023";"09";"120608";"JUNIN";"SATIPO";"RIO TAMBO";"GOBIERNO REGIONAL";"I-2";"00000467";"SHIMA";"NE_0001";"";"NE_0001";"NE_0001";"NE_0001";"NE_0001";"NE_0001";"NE_0001";"NE_0001"
"2023";"09";"120608";"JUNIN";"SATIPO";"RIO TAMBO";"GOBIERNO REGIONAL";"I-3";"00000473";"SAN VICENTE DE CANAAN";"NE_0001";"";"NE_0001";"NE_0001";"NE_0001";"NE_0001";"NE_0001";"NE_0001";"NE_0001"
"2023";"09";"070101";"CALLAO";"CALLAO";"CALLAO";"GOBIERNO REGIONAL";"I-4";"00006228";"CENTRO DE SALUD NESTOR GAMBETTA";"241600";"HOSPITALIZACIÓN QUIRÚRGICA OBSTETRICIA   ";"10";"7";"8";"90";"12";"360";"0"
"2023";"09";"070101";"CALLAO";"CALLAO";"CALLAO";"GOBIERNO REGIONAL";"I-2";"00006231";"PUESTO DE SALUD RAMON CASTILLA";"NE_0001";"";"NE_0001";"NE_0001";"NE_0001";"NE_0001";"NE_0001";"NE_0001";"NE_0001"
"2023";"09";"220101";"SAN MARTIN";"MOYOBAMBA";"MOYOBAMBA";"GOBIERNO REGIONAL";"I-3";"00006312";"LLUYLLUCUCHA";"NE_0002";"";"NE_0002";"NE_0002";"NE_0002";"NE_0002";"NE_0002";"NE_0002";"NE_0002"
"2023";"09";"060701";"CAJAMARCA";"HUALGAYOC";"BAMBAMARCA";"GOBIERNO REGIONAL";"II-1";"00004782";"BAMBAMARCA - TITO VILLAR CABEZAS";"241400";"HOSPITALIZACIÓN QUIRÚRGICA GINECO - OBSTETRICIA ";"51";"56";"99";"109";"8";"240";"0"
"2023";"09";"060701";"CAJAMARCA";"HUALGAYOC";"BAMBAMARCA";"GOBIERNO REGIONAL";"II-1";"00004782";"BAMBAMARCA - TITO VILLAR CABEZAS";"241800";"HOSPITALIZACIÓN DE MEDICINA MEDICINA GENERAL ";"17";"19";"79";"77";"5";"150";"0"
"2023";"09";"060701";"CAJAMARCA";"HUALGAYOC";"BAMBAMARCA";"GOBIERNO REGIONAL";"II-1";"00004782";"BAMBAMARCA - TITO VILLAR CABEZAS";"240100";"HOSPITALIZACIÓN QUIRÚRGICA CIRUGÍA GENERAL ";"19";"20";"41";"35";"3";"90";"0"
"2023";"09";"060701";"CAJAMARCA";"HUALGAYOC";"BAMBAMARCA";"GOBIERNO REGIONAL";"II-1";"00004782";"BAMBAMARCA - TITO VILLAR CABEZAS";"242500";"HOSPITALIZACIÓN-PEDIATRÍA GENERAL-";"5";"5";"9";"10";"3";"90";"0"
"2023";"09";"010101";"AMAZONAS";"CHACHAPOYAS";"CHACHAPOYAS";"ESSALUD";"II-1";"00009066";"HOSPITAL HIGOS URCO";"241800";"HOSPITALIZACIÓN DE MEDICINA MEDICINA GENERAL ";"22";"20";"72";"83";"5";"150";"0"
"2023";"09";"010101";"AMAZONAS";"CHACHAPOYAS";"CHACHAPOYAS";"ESSALUD";"II-1";"00009066";"HOSPITAL HIGOS URCO";"240100";"HOSPITALIZACIÓN QUIRÚRGICA CIRUGÍA GENERAL ";"36";"37";"134";"136";"6";"180";"0"
"2023";"09";"010101";"AMAZONAS";"CHACHAPOYAS";"CHACHAPOYAS";"ESSALUD";"II-1";"00009066";"HOSPITAL HIGOS URCO";"245400";"HOSPITALIZACIÓN DE MEDICINA GINECOLOGIA ";"38";"34";"79";"87";"5";"150";"0"
"2023";"09";"010101";"AMAZONAS";"CHACHAPOYAS";"CHACHAPOYAS";"ESSALUD";"II-1";"00009066";"HOSPITAL HIGOS URCO";"242300";"HOSPITALIZACIÓN DE PEDIATRÍA  PEDIATRÍA  GENERAL ";"16";"15";"41";"42";"2";"60";"0"
"2023";"09";"150140";"LIMA";"LIMA";"SANTIAGO DE SURCO";"PRIVADO";"II-2";"00015118";"CLINICA MAISON DE SANTE DEL ESTE";"240000";"HOSPITALIZACIÓN";"93";"105";"598";"501";"33";"990";"0"
"2023";"09";"150140";"LIMA";"LIMA";"SANTIAGO DE SURCO";"PRIVADO";"II-2";"00015118";"CLINICA MAISON DE SANTE DEL ESTE";"241400";"HOSPITALIZACIÓN QUIRÚRGICA GINECO - OBSTETRICIA ";"23";"21";"60";"54";"4";"120";"0"
"2023";"09";"150140";"LIMA";"LIMA";"SANTIAGO DE SURCO";"PRIVADO";"II-2";"00015118";"CLINICA MAISON DE SANTE DEL ESTE";"250100";"UNIDAD DE CUIDADOS CRITICOS UNIDAD  DE CUIDADOS INTENSIVOS GENERALES (UCI) ";"16";"14";"57";"62";"4";"120";"0"
"2023";"09";"150140";"LIMA";"LIMA";"SANTIAGO DE SURCO";"PRIVADO";"II-2";"00015118";"CLINICA MAISON DE SANTE DEL ESTE";"250105";"UNIDAD DE CUIDADOS CRITICOS UNIDAD  DE CUIDADOS INTENSIVOS  (UCI) NEONATOLOGÍA";"5";"7";"73";"100";"4";"120";"1"
"2023";"09";"180101";"MOQUEGUA";"MARISCAL NIETO";"MOQUEGUA";"ESSALUD";"II-1";"00016157";"HOSPITAL II MOQUEGUA";"241800";"HOSPITALIZACIÓN DE MEDICINA MEDICINA GENERAL ";"25";"25";"211";"249";"12";"360";"3"
"2023";"09";"180101";"MOQUEGUA";"MARISCAL NIETO";"MOQUEGUA";"ESSALUD";"II-1";"00016157";"HOSPITAL II MOQUEGUA";"240100";"HOSPITALIZACIÓN QUIRÚRGICA CIRUGÍA GENERAL ";"69";"73";"459";"409";"16";"480";"0"
"2023";"09";"180101";"MOQUEGUA";"MARISCAL NIETO";"MOQUEGUA";"ESSALUD";"II-1";"00016157";"HOSPITAL II MOQUEGUA";"241500";"HOSPITALIZACIÓN QUIRÚRGICA GINECOLOGÍA  ";"19";"19";"63";"59";"2";"60";"0"
"2023";"09";"180101";"MOQUEGUA";"MARISCAL NIETO";"MOQUEGUA";"ESSALUD";"II-1";"00016157";"HOSPITAL II MOQUEGUA";"241600";"HOSPITALIZACIÓN QUIRÚRGICA OBSTETRICIA   ";"56";"60";"123";"119";"5";"150";"0"
"2023";"06";"060101";"CAJAMARCA";"CAJAMARCA";"CAJAMARCA";"PRIVADO";"I-3";"00029378";"SALUD OCUPACIONAL  EL GALENO";"NE_0001";"";"NE_0001";"NE_0001";"NE_0001";"NE_0001";"NE_0001";"NE_0001";"NE_0001"
"2023";"06";"070101";"CALLAO";"CALLAO";"CALLAO";"GOBIERNO REGIONAL";"I-2";"00006768";"PUESTO DE SALUD PALMERAS DE OQUENDO";"NE_0001";"";"NE_0001";"NE_0001";"NE_0001";"NE_0001";"NE_0001";"NE_0001";"NE_0001"
"2023";"06";"060607";"CAJAMARCA";"CUTERVO";"QUEROCOTILLO";"GOBIERNO REGIONAL";"I-1";"00007753";"BARBASCO";"NE_0001";"";"NE_0001";"NE_0001";"NE_0001";"NE_0001";"NE_0001";"NE_0001";"NE_0001"
"2023";"06";"060607";"CAJAMARCA";"CUTERVO";"QUEROCOTILLO";"GOBIERNO REGIONAL";"I-3";"00005006";"QUEROCOTILLO";"NE_0001";"";"NE_0001";"NE_0001";"NE_0001";"NE_0001";"NE_0001";"NE_0001";"NE_0001"
"2023";"06";"060607";"CAJAMARCA";"CUTERVO";"QUEROCOTILLO";"GOBIERNO REGIONAL";"I-1";"00007365";"MINAS DE QUEROCOTILLO";"NE_0001";"";"NE_0001";"NE_0001";"NE_0001";"NE_0001";"NE_0001";"NE_0001";"NE_0001"
"2023";"06";"060607";"CAJAMARCA";"CUTERVO";"QUEROCOTILLO";"GOBIERNO REGIONAL";"I-1";"00007366";"EL CORRAL";"NE_0001";"";"NE_0001";"NE_0001";"NE_0001";"NE_0001";"NE_0001";"NE_0001";"NE_0001"
"2023";"06";"060607";"CAJAMARCA";"CUTERVO";"QUEROCOTILLO";"GOBIERNO REGIONAL";"I-1";"00005009";"QUIPAYUC";"NE_0001";"";"NE_0001";"NE_0001";"NE_0001";"NE_0001";"NE_0001";"NE_0001";"NE_0001"
"2023";"06";"101002";"HUANUCO";"LAURICOCHA";"BAÑOS";"ESSALUD";"I-2";"00027081";"POSTA MÉDICA BAÑOS";"NE_0001";"";"NE_0001";"NE_0001";"NE_0001";"NE_0001";"NE_0001";"NE_0001";"NE_0001"
"2023";"06";"060607";"CAJAMARCA";"CUTERVO";"QUEROCOTILLO";"GOBIERNO REGIONAL";"I-1";"00007226";"LA SUCCHA DE QUEROCOTILLO";"NE_0001";"";"NE_0001";"NE_0001";"NE_0001";"NE_0001";"NE_0001";"NE_0001";"NE_0001"
"2023";"06";"130101";"LA LIBERTAD";"TRUJILLO";"TRUJILLO";"PRIVADO";"II-1";"00012301";"CLINICA SAN ANTONIO";"244700";"HOSPITALIZACIÓN DE MEDICINA NEUROLOGIA  ";"7";"20";"71";"497";"59";"60";"0"
"2023";"06";"130101";"LA LIBERTAD";"TRUJILLO";"TRUJILLO";"PRIVADO";"II-1";"00012301";"CLINICA SAN ANTONIO";"240100";"HOSPITALIZACIÓN QUIRÚRGICA CIRUGÍA GENERAL ";"14";"7";"62";"868";"1";"868";"0"
"2023";"06";"130101";"LA LIBERTAD";"TRUJILLO";"TRUJILLO";"PRIVADO";"II-1";"00012301";"CLINICA SAN ANTONIO";"241900";"HOSPITALIZACIÓN DE MEDICINA MEDICINA INTERNA ";"1";"1";"6";"6";"1";"6";"0"
"2023";"06";"130101";"LA LIBERTAD";"TRUJILLO";"TRUJILLO";"PRIVADO";"II-1";"00012301";"CLINICA SAN ANTONIO";"242000";"HOSPITALIZACIÓN DE MEDICINA MEDICINA TROPICAL E INFECCIOSAS ";"1";"1";"8";"8";"1";"8";"0"
"2023";"06";"130101";"LA LIBERTAD";"TRUJILLO";"TRUJILLO";"PRIVADO";"II-1";"00012301";"CLINICA SAN ANTONIO";"241800";"HOSPITALIZACIÓN DE MEDICINA MEDICINA GENERAL ";"41";"55";"124";"5084";"1";"5084";"0"
"2023";"06";"130101";"LA LIBERTAD";"TRUJILLO";"TRUJILLO";"PRIVADO";"II-1";"00012301";"CLINICA SAN ANTONIO";"240000";"HOSPITALIZACIÓN";"1";"1";"10";"10";"22";"660";"0"
"2023";"06";"130101";"LA LIBERTAD";"TRUJILLO";"TRUJILLO";"PRIVADO";"II-1";"00012301";"CLINICA SAN ANTONIO";"240400";"HOSPITALIZACIÓN QUIRÚRGICA CIRUGÍA DE TÓRAX Y CARDIOVASCULAR ";"3";"1";"17";"51";"1";"51";"0"
"2023";"06";"130101";"LA LIBERTAD";"TRUJILLO";"TRUJILLO";"PRIVADO";"II-1";"00012301";"CLINICA SAN ANTONIO";"240900";"HOSPITALIZACIÓN QUIRÚRGICA NEUROCIRUGÍA ";"3";"1";"14";"42";"1";"42";"0"
"2023";"06";"130101";"LA LIBERTAD";"TRUJILLO";"TRUJILLO";"PRIVADO";"II-1";"00012301";"CLINICA SAN ANTONIO";"241200";"HOSPITALIZACIÓN QUIRÚRGICA TRAUMATOLOGÍA Y ORTOPEDIA ";"13";"8";"64";"832";"1";"832";"0"
"2023";"06";"130101";"LA LIBERTAD";"TRUJILLO";"TRUJILLO";"PRIVADO";"II-1";"00012301";"CLINICA SAN ANTONIO";"242100";"HOSPITALIZACIÓN DE MEDICINA ONCOLOGÍA MÉDICA ";"1";"1";"4";"4";"59";"60";"0"
"2023";"06";"130101";"LA LIBERTAD";"TRUJILLO";"TRUJILLO";"PRIVADO";"II-1";"00012301";"CLINICA SAN ANTONIO";"244300";"HOSPITALIZACIÓN DE MEDICINA GASTROENTEROLOGÍA  ";"12";"3";"42";"504";"1";"504";"0"
"2023";"06";"130101";"LA LIBERTAD";"TRUJILLO";"TRUJILLO";"PRIVADO";"II-1";"00012301";"CLINICA SAN ANTONIO";"245400";"HOSPITALIZACIÓN DE MEDICINA GINECOLOGIA ";"2";"1";"16";"32";"1";"32";"0"
"2023";"07";"040129";"AREQUIPA";"AREQUIPA";"JOSE LUIS BUSTAMANTE Y RIVERO";"GOBIERNO REGIONAL";"I-3";"00023488";"CENTRO DE SALUD MENTAL COMUNITARIO SIMON BOLIVAR";"NE_0001";"";"NE_0001";"NE_0001";"NE_0001";"NE_0001";"NE_0001";"NE_0001";"NE_0001"
"2023";"07";"040129";"AREQUIPA";"AREQUIPA";"JOSE LUIS BUSTAMANTE Y RIVERO";"GOBIERNO REGIONAL";"I-2";"00001263";"PUESTO DE SALUD 13 DE ENERO";"NE_0001";"";"NE_0001";"NE_0001";"NE_0001";"NE_0001";"NE_0001";"NE_0001";"NE_0001"
"2023";"07";"040129";"AREQUIPA";"AREQUIPA";"JOSE LUIS BUSTAMANTE Y RIVERO";"GOBIERNO REGIONAL";"I-3";"00001264";"CENTRO DE SALUD LAS ESMERALDAS";"NE_0001";"";"NE_0001";"NE_0001";"NE_0001";"NE_0001";"NE_0001";"NE_0001";"NE_0001"
"2023";"07";"040129";"AREQUIPA";"AREQUIPA";"JOSE LUIS BUSTAMANTE Y RIVERO";"GOBIERNO REGIONAL";"I-2";"00001267";"PUESTO DE SALUD CERRO JULI";"NE_0001";"";"NE_0001";"NE_0001";"NE_0001";"NE_0001";"NE_0001";"NE_0001";"NE_0001"
"2023";"08";"050501";"AYACUCHO";"LA MAR";"SAN MIGUEL";"GOBIERNO REGIONAL";"II-E";"00003792";"HOSPITAL DE APOYO  SAN MIGUEL";"241600";"HOSPITALIZACIÓN QUIRÚRGICA OBSTETRICIA   ";"23";"23";"45";"8";"5";"150";"0"
"2023";"08";"050501";"AYACUCHO";"LA MAR";"SAN MIGUEL";"GOBIERNO REGIONAL";"II-E";"00003792";"HOSPITAL DE APOYO  SAN MIGUEL";"241800";"HOSPITALIZACIÓN DE MEDICINA MEDICINA GENERAL ";"8";"11";"60";"9";"5";"150";"1"
"2023";"08";"050501";"AYACUCHO";"LA MAR";"SAN MIGUEL";"GOBIERNO REGIONAL";"II-E";"00003792";"HOSPITAL DE APOYO  SAN MIGUEL";"242500";"HOSPITALIZACIÓN-PEDIATRÍA GENERAL-";"1";"1";"1";"1";"5";"150";"0"
"2023";"08";"040702";"AREQUIPA";"ISLAY";"COCACHACRA";"GOBIERNO REGIONAL";"I-3";"00001445";"CENTRO DE SALUD COCACHACRA";"NE_0001";"";"NE_0001";"NE_0001";"NE_0001";"NE_0001";"NE_0001";"NE_0001";"NE_0001"
"2023";"08";"040702";"AREQUIPA";"ISLAY";"COCACHACRA";"GOBIERNO REGIONAL";"I-1";"00001453";"PUESTO DE SALUD EL TORO";"NE_0001";"";"NE_0001";"NE_0001";"NE_0001";"NE_0001";"NE_0001";"NE_0001";"NE_0001"
"2023";"08";"040702";"AREQUIPA";"ISLAY";"COCACHACRA";"GOBIERNO REGIONAL";"I-2";"00001454";"PUESTO DE SALUD LA PASCANA";"NE_0001";"";"NE_0001";"NE_0001";"NE_0001";"NE_0001";"NE_0001";"NE_0001";"NE_0001"
"2023";"08";"040702";"AREQUIPA";"ISLAY";"COCACHACRA";"GOBIERNO REGIONAL";"I-2";"00001452";"PUESTO DE SALUD EL FISCAL";"NE_0001";"";"NE_0001";"NE_0001";"NE_0001";"NE_0001";"NE_0001";"NE_0001";"NE_0001"
"2023";"08";"110101";"ICA";"ICA";"ICA";"PRIVADO";"II-1";"00013386";"LAS CONDES SAC";"240000";"HOSPITALIZACIÓN";"22";"23";"25";"25";"8";"240";"0"
"2023";"08";"150131";"LIMA";"LIMA";"SAN ISIDRO";"PRIVADO";"II-2";"00008398";"CLINICA EL GOLF";"240000";"HOSPITALIZACIÓN";"287";"296";"1047";"322";"54";"1674";"2"
"2023";"08";"150131";"LIMA";"LIMA";"SAN ISIDRO";"PRIVADO";"II-2";"00008398";"CLINICA EL GOLF";"250103";"UNIDAD DE CUIDADOS CRITICOS UNIDAD  DE CUIDADOS INTENSIVOS GENERALES  (UCI) MEDICINA";"16";"1";"22";"21";"6";"186";"0"
"2023";"08";"150136";"LIMA";"LIMA";"SAN MIGUEL";"SANIDAD DE LA POLICIA NACIONAL DEL PERU";"II-E";"00014718";"HOSPITAL GERIATRICO PNP SAN JOSE";"244400";"HOSPITALIZACIÓN DE MEDICINA GERIATRIA ";"27";"36";"427";"349";"26";"806";"10"
"2023";"08";"150141";"LIMA";"LIMA";"SURQUILLO";"ESSALUD";"I-3";"00013091";"CENTRO DE ATENCION PRIMARIA III SURQUILLO";"NE_0001";"";"NE_0001";"NE_0001";"NE_0001";"NE_0001";"NE_0001";"NE_0001";"NE_0001"
"2023";"08";"100605";"HUANUCO";"LEONCIO PRADO";"LUYANDO";"GOBIERNO REGIONAL";"II-1";"00000932";"HOSPITAL DE TINGO MARIA (HOSPITAL DE CONTINGENCIA)";"241800";"HOSPITALIZACIÓN DE MEDICINA MEDICINA GENERAL ";"82";"86";"558";"514";"10";"514";"11"
"2023";"08";"100605";"HUANUCO";"LEONCIO PRADO";"LUYANDO";"GOBIERNO REGIONAL";"II-1";"00000932";"HOSPITAL DE TINGO MARIA (HOSPITAL DE CONTINGENCIA)";"240100";"HOSPITALIZACIÓN QUIRÚRGICA CIRUGÍA GENERAL ";"78";"79";"455";"423";"16";"497";"0"
"2023";"08";"100605";"HUANUCO";"LEONCIO PRADO";"LUYANDO";"GOBIERNO REGIONAL";"II-1";"00000932";"HOSPITAL DE TINGO MARIA (HOSPITAL DE CONTINGENCIA)";"243200";"HOSPITALIZACIÓN DE PEDIATRÍA PEDIATRIA NEONATOLOGÍA";"23";"19";"85";"103";"10";"310";"0"
"2023";"08";"100605";"HUANUCO";"LEONCIO PRADO";"LUYANDO";"GOBIERNO REGIONAL";"II-1";"00000932";"HOSPITAL DE TINGO MARIA (HOSPITAL DE CONTINGENCIA)";"242500";"HOSPITALIZACIÓN-PEDIATRÍA GENERAL-";"25";"24";"142";"134";"8";"251";"0"
"2023";"08";"100605";"HUANUCO";"LEONCIO PRADO";"LUYANDO";"GOBIERNO REGIONAL";"II-1";"00000932";"HOSPITAL DE TINGO MARIA (HOSPITAL DE CONTINGENCIA)";"241400";"HOSPITALIZACIÓN QUIRÚRGICA GINECO - OBSTETRICIA ";"320";"250";"545";"523";"25";"783";"0"
"2023";"08";"100605";"HUANUCO";"LEONCIO PRADO";"LUYANDO";"GOBIERNO REGIONAL";"II-1";"00000932";"HOSPITAL DE TINGO MARIA (HOSPITAL DE CONTINGENCIA)";"250304";"HOSPIT. EN UNIDAD DE CUID.INTEN.-UNIDAD DE VIGILANCIA INTENSIVA (UVI)-MEDICINA";"10";"1";"1";"83";"6";"186";"1"
"2023";"08";"100605";"HUANUCO";"LEONCIO PRADO";"LUYANDO";"GOBIERNO REGIONAL";"II-1";"00000932";"HOSPITAL DE TINGO MARIA (HOSPITAL DE CONTINGENCIA)";"242205";"HOSPITALIZACIÓN MEDICINA PSIQUIATRÍA PISIQUIATRIA/ SALUD MENTAL Y ADICCIONES";"16";"6";"67";"226";"10";"317";"0"
"2023";"08";"160101";"LORETO";"MAYNAS";"IQUITOS";"PRIVADO";"II-1";"00011737";"CLINICA SAN JUAN";"240100";"HOSPITALIZACIÓN QUIRÚRGICA CIRUGÍA GENERAL ";"17";"17";"23";"17";"9";"17";"0"
"2023";"08";"160101";"LORETO";"MAYNAS";"IQUITOS";"PRIVADO";"II-1";"00011737";"CLINICA SAN JUAN";"244000";"HOSPITALIZACIÓN DE MEDICINA CARDIOLOGIA ";"1";"1";"1";"1";"9";"10";"0"
"2023";"08";"160101";"LORETO";"MAYNAS";"IQUITOS";"PRIVADO";"II-1";"00011737";"CLINICA SAN JUAN";"243700";"HOSPITALIZACIÓN DE PEDIATRÍA PEDIATRIA OTORRINOLARINGOLOGÍA PEDIÁTRICA ";"2";"2";"2";"2";"9";"10";"0"
"2023";"08";"160101";"LORETO";"MAYNAS";"IQUITOS";"PRIVADO";"II-1";"00011737";"CLINICA SAN JUAN";"241200";"HOSPITALIZACIÓN QUIRÚRGICA TRAUMATOLOGÍA Y ORTOPEDIA ";"5";"5";"9";"5";"9";"13";"0"
"2023";"08";"160101";"LORETO";"MAYNAS";"IQUITOS";"PRIVADO";"II-1";"00011737";"CLINICA SAN JUAN";"241400";"HOSPITALIZACIÓN QUIRÚRGICA GINECO - OBSTETRICIA ";"1";"1";"2";"1";"9";"11";"0"
"2023";"05";"150135";"LIMA";"LIMA";"SAN MARTIN DE PORRES";"MINSA";"III-1";"00007633";"HOSPITAL NACIONAL CAYETANO HEREDIA";"241900";"HOSPITALIZACIÓN DE MEDICINA MEDICINA INTERNA ";"231";"228";"3765";"2536";"87";"2697";"18"
"2023";"05";"150135";"LIMA";"LIMA";"SAN MARTIN DE PORRES";"MINSA";"III-1";"00007633";"HOSPITAL NACIONAL CAYETANO HEREDIA";"245300";"HOSPITALIZACIÓN DE MEDICINA NEUMOLOGÍA  ";"24";"23";"602";"662";"22";"682";"2"
"2023";"05";"150135";"LIMA";"LIMA";"SAN MARTIN DE PORRES";"MINSA";"III-1";"00007633";"HOSPITAL NACIONAL CAYETANO HEREDIA";"242000";"HOSPITALIZACIÓN DE MEDICINA MEDICINA TROPICAL E INFECCIOSAS ";"60";"56";"1048";"1037";"35";"1085";"5"
"2023";"05";"150135";"LIMA";"LIMA";"SAN MARTIN DE PORRES";"MINSA";"III-1";"00007633";"HOSPITAL NACIONAL CAYETANO HEREDIA";"240100";"HOSPITALIZACIÓN QUIRÚRGICA CIRUGÍA GENERAL ";"275";"318";"2180";"1765";"63";"1953";"2"
"2023";"05";"150135";"LIMA";"LIMA";"SAN MARTIN DE PORRES";"MINSA";"III-1";"00007633";"HOSPITAL NACIONAL CAYETANO HEREDIA";"240500";"HOSPITALIZACIÓN QUIRÚRGICA CIRUGÍA DE TRANSPLANTES ";"13";"6";"106";"178";"6";"186";"0"
"2023";"05";"150135";"LIMA";"LIMA";"SAN MARTIN DE PORRES";"MINSA";"III-1";"00007633";"HOSPITAL NACIONAL CAYETANO HEREDIA";"241200";"HOSPITALIZACIÓN QUIRÚRGICA TRAUMATOLOGÍA Y ORTOPEDIA ";"135";"109";"1661";"1753";"59";"1829";"0"
"2023";"05";"150135";"LIMA";"LIMA";"SAN MARTIN DE PORRES";"MINSA";"III-1";"00007633";"HOSPITAL NACIONAL CAYETANO HEREDIA";"242300";"HOSPITALIZACIÓN DE PEDIATRÍA  PEDIATRÍA  GENERAL ";"209";"214";"1295";"1186";"42";"1302";"0"
"2023";"05";"150135";"LIMA";"LIMA";"SAN MARTIN DE PORRES";"MINSA";"III-1";"00007633";"HOSPITAL NACIONAL CAYETANO HEREDIA";"241500";"HOSPITALIZACIÓN QUIRÚRGICA GINECOLOGÍA  ";"151";"131";"445";"615";"22";"682";"0"
"2023";"05";"150135";"LIMA";"LIMA";"SAN MARTIN DE PORRES";"MINSA";"III-1";"00007633";"HOSPITAL NACIONAL CAYETANO HEREDIA";"241600";"HOSPITALIZACIÓN QUIRÚRGICA OBSTETRICIA   ";"414";"372";"1190";"960";"34";"1054";"0"
"2023";"08";"120606";"JUNIN";"SATIPO";"PANGOA";"GOBIERNO REGIONAL";"I-2";"00000451";"MATERENI";"NE_0001";"";"NE_0001";"NE_0001";"NE_0001";"NE_0001";"NE_0001";"NE_0001";"NE_0001"
"2023";"08";"120606";"JUNIN";"SATIPO";"PANGOA";"GOBIERNO REGIONAL";"I-1";"00021802";"SAN JUAN DE PUEBLO LIBRE";"NE_0001";"";"NE_0001";"NE_0001";"NE_0001";"NE_0001";"NE_0001";"NE_0001";"NE_0001"
"2023";"08";"021801";"ANCASH";"SANTA";"CHIMBOTE";"ESSALUD";"0";"00009047";"HOSPITAL III CHIMBOTE";"241900";"HOSPITALIZACIÓN DE MEDICINA MEDICINA INTERNA ";"252";"257";"1552";"1896";"66";"2048";"22"
"2023";"08";"021801";"ANCASH";"SANTA";"CHIMBOTE";"ESSALUD";"0";"00009047";"HOSPITAL III CHIMBOTE";"240100";"HOSPITALIZACIÓN QUIRÚRGICA CIRUGÍA GENERAL ";"134";"132";"340";"340";"14";"434";"0"
"2023";"08";"021801";"ANCASH";"SANTA";"CHIMBOTE";"ESSALUD";"0";"00009047";"HOSPITAL III CHIMBOTE";"241200";"HOSPITALIZACIÓN QUIRÚRGICA TRAUMATOLOGÍA Y ORTOPEDIA ";"57";"57";"595";"582";"21";"651";"0"
"2023";"08";"021801";"ANCASH";"SANTA";"CHIMBOTE";"ESSALUD";"0";"00009047";"HOSPITAL III CHIMBOTE";"241300";"HOSPITALIZACIÓN QUIRÚRGICA UROLOGÍA  ";"18";"18";"67";"81";"3";"93";"0"
"2023";"08";"021801";"ANCASH";"SANTA";"CHIMBOTE";"ESSALUD";"0";"00009047";"HOSPITAL III CHIMBOTE";"240900";"HOSPITALIZACIÓN QUIRÚRGICA NEUROCIRUGÍA ";"7";"7";"51";"75";"3";"93";"0"
"2023";"08";"021801";"ANCASH";"SANTA";"CHIMBOTE";"ESSALUD";"0";"00009047";"HOSPITAL III CHIMBOTE";"240400";"HOSPITALIZACIÓN QUIRÚRGICA CIRUGÍA DE TÓRAX Y CARDIOVASCULAR ";"2";"2";"8";"8";"1";"31";"0"
"2023";"08";"021801";"ANCASH";"SANTA";"CHIMBOTE";"ESSALUD";"0";"00009047";"HOSPITAL III CHIMBOTE";"241500";"HOSPITALIZACIÓN QUIRÚRGICA GINECOLOGÍA  ";"46";"41";"166";"121";"6";"190";"0"
"2023";"08";"021801";"ANCASH";"SANTA";"CHIMBOTE";"ESSALUD";"0";"00009047";"HOSPITAL III CHIMBOTE";"241600";"HOSPITALIZACIÓN QUIRÚRGICA OBSTETRICIA   ";"168";"162";"346";"349";"18";"560";"0"
"2023";"08";"021801";"ANCASH";"SANTA";"CHIMBOTE";"ESSALUD";"0";"00009047";"HOSPITAL III CHIMBOTE";"242300";"HOSPITALIZACIÓN DE PEDIATRÍA  PEDIATRÍA  GENERAL ";"81";"81";"363";"319";"11";"340";"0"
"2023";"08";"021801";"ANCASH";"SANTA";"CHIMBOTE";"ESSALUD";"0";"00009047";"HOSPITAL III CHIMBOTE";"240700";"HOSPITALIZACIÓN QUIRÚRGICA CIRUGÍA PEDIÁTRICA ";"23";"23";"44";"70";"3";"80";"0"
"2023";"08";"021801";"ANCASH";"SANTA";"CHIMBOTE";"ESSALUD";"0";"00009047";"HOSPITAL III CHIMBOTE";"243200";"HOSPITALIZACIÓN DE PEDIATRÍA PEDIATRIA NEONATOLOGÍA";"130";"121";"276";"153";"10";"310";"3"
"2023";"08";"021801";"ANCASH";"SANTA";"CHIMBOTE";"ESSALUD";"0";"00009047";"HOSPITAL III CHIMBOTE";"240100";"HOSPITALIZACIÓN QUIRÚRGICA CIRUGÍA GENERAL ";"14";"14";"222";"141";"5";"155";"9"
"2023";"08";"021801";"ANCASH";"SANTA";"CHIMBOTE";"ESSALUD";"0";"00009047";"HOSPITAL III CHIMBOTE";"250200";"UNIDAD DE CUIDADOS CRITICOS UNIDAD DE CUIDADOS INTERMEDIOS GENERAL  (UCIN) ";"22";"22";"276";"225";"8";"248";"3"
"2023";"08";"150140";"LIMA";"LIMA";"SANTIAGO DE SURCO";"PRIVADO";"II-E";"00013900";"OFTALMOSALUD";"NE_0001";"";"NE_0001";"NE_0001";"NE_0001";"NE_0001";"NE_0001";"NE_0001";"NE_0001"
"2023";"08";"120606";"JUNIN";"SATIPO";"PANGOA";"GOBIERNO REGIONAL";"I-1";"00000452";"FORTALEZA";"NE_0001";"";"NE_0001";"NE_0001";"NE_0001";"NE_0001";"NE_0001";"NE_0001";"NE_0001"
"2023";"08";"120606";"JUNIN";"SATIPO";"PANGOA";"GOBIERNO REGIONAL";"I-1";"00021804";"ALTO CHICHIRENI";"NE_0001";"";"NE_0001";"NE_0001";"NE_0001";"NE_0001";"NE_0001";"NE_0001";"NE_0001"
"2023";"08";"130106";"LA LIBERTAD";"TRUJILLO";"LAREDO";"GOBIERNO REGIONAL";"II-1";"00005231";"HOSPITAL DISTRITAL LAREDO";"241400";"HOSPITALIZACIÓN QUIRÚRGICA GINECO - OBSTETRICIA ";"27";"27";"44";"71";"6";"186";"0"
"2023";"08";"130106";"LA LIBERTAD";"TRUJILLO";"LAREDO";"GOBIERNO REGIONAL";"II-1";"00005231";"HOSPITAL DISTRITAL LAREDO";"241800";"HOSPITALIZACIÓN DE MEDICINA MEDICINA GENERAL ";"35";"35";"127";"162";"12";"372";"0"
"2023";"08";"130106";"LA LIBERTAD";"TRUJILLO";"LAREDO";"GOBIERNO REGIONAL";"II-1";"00005231";"HOSPITAL DISTRITAL LAREDO";"242500";"HOSPITALIZACIÓN-PEDIATRÍA GENERAL-";"15";"15";"48";"63";"3";"93";"0"
"2023";"08";"160101";"LORETO";"MAYNAS";"IQUITOS";"MINSA";"II-2";"00000001";"HOSPITAL IQUITOS ""CESAR GARAYAR GARCÍA""";"241800";"HOSPITALIZACIÓN DE MEDICINA MEDICINA GENERAL ";"53";"53";"295";"279";"17";"442";"2"
"2023";"08";"160101";"LORETO";"MAYNAS";"IQUITOS";"MINSA";"II-2";"00000001";"HOSPITAL IQUITOS ""CESAR GARAYAR GARCÍA""";"240100";"HOSPITALIZACIÓN QUIRÚRGICA CIRUGÍA GENERAL ";"112";"112";"477";"407";"21";"546";"0"
"2023";"08";"160101";"LORETO";"MAYNAS";"IQUITOS";"MINSA";"II-2";"00000001";"HOSPITAL IQUITOS ""CESAR GARAYAR GARCÍA""";"242300";"HOSPITALIZACIÓN DE PEDIATRÍA  PEDIATRÍA  GENERAL ";"53";"53";"227";"220";"12";"312";"1"
"2023";"08";"160101";"LORETO";"MAYNAS";"IQUITOS";"MINSA";"II-2";"00000001";"HOSPITAL IQUITOS ""CESAR GARAYAR GARCÍA""";"241500";"HOSPITALIZACIÓN QUIRÚRGICA GINECOLOGÍA  ";"74";"74";"122";"64";"5";"130";"0"
"2023";"08";"160101";"LORETO";"MAYNAS";"IQUITOS";"MINSA";"II-2";"00000001";"HOSPITAL IQUITOS ""CESAR GARAYAR GARCÍA""";"241600";"HOSPITALIZACIÓN QUIRÚRGICA OBSTETRICIA   ";"219";"219";"430";"329";"26";"676";"0"
"2023";"08";"160101";"LORETO";"MAYNAS";"IQUITOS";"MINSA";"II-2";"00000001";"HOSPITAL IQUITOS ""CESAR GARAYAR GARCÍA""";"243200";"HOSPITALIZACIÓN DE PEDIATRÍA PEDIATRIA NEONATOLOGÍA";"50";"50";"397";"315";"14";"364";"3"
"2023";"08";"110101";"ICA";"ICA";"ICA";"PRIVADO";"II-1";"00015963";"LA CLINICA DE ICA DR. JULIO TATAJE BARRIGA SRL";"NE_0002";"";"NE_0002";"NE_0002";"NE_0002";"NE_0002";"NE_0002";"NE_0002";"NE_0002"
"2023";"08";"040108";"AREQUIPA";"AREQUIPA";"LA JOYA";"GOBIERNO REGIONAL";"I-3";"00001323";"CENTRO DE SALUD SAN ISIDRO";"NE_0001";"";"NE_0001";"NE_0001";"NE_0001";"NE_0001";"NE_0001";"NE_0001";"NE_0001"
"2023";"08";"040108";"AREQUIPA";"AREQUIPA";"LA JOYA";"GOBIERNO REGIONAL";"I-2";"00001333";"PUESTO DE SALUD SAN JOSE";"NE_0001";"";"NE_0001";"NE_0001";"NE_0001";"NE_0001";"NE_0001";"NE_0001";"NE_0001"
"2023";"08";"040108";"AREQUIPA";"AREQUIPA";"LA JOYA";"GOBIERNO REGIONAL";"I-2";"00001331";"PUESTO DE SALUD LA CANO";"NE_0001";"";"NE_0001";"NE_0001";"NE_0001";"NE_0001";"NE_0001";"NE_0001";"NE_0001"
"2023";"08";"040702";"AREQUIPA";"ISLAY";"COCACHACRA";"GOBIERNO REGIONAL";"I-2";"00001343";"PUESTO DE SALUD SAN CAMILO 7";"NE_0001";"";"NE_0001";"NE_0001";"NE_0001";"NE_0001";"NE_0001";"NE_0001";"NE_0001"
"2023";"08";"040108";"AREQUIPA";"AREQUIPA";"LA JOYA";"GOBIERNO REGIONAL";"I-2";"00001332";"PUESTO DE SALUD SAN CAMILO 6";"NE_0001";"";"NE_0001";"NE_0001";"NE_0001";"NE_0001";"NE_0001";"NE_0001";"NE_0001"
"2023";"08";"120117";"JUNIN";"HUANCAYO";"HUALHUAS";"GOBIERNO REGIONAL";"I-2";"00000718";"HUALHUAS";"NE_0002";"";"NE_0002";"NE_0002";"NE_0002";"NE_0002";"NE_0002";"NE_0002";"NE_0002"
"2023";"08";"120114";"JUNIN";"HUANCAYO";"EL TAMBO";"GOBIERNO REGIONAL";"I-2";"00000715";"RAMIRO PRIALE";"NE_0002";"";"NE_0002";"NE_0002";"NE_0002";"NE_0002";"NE_0002";"NE_0002";"NE_0002"
"2023";"08";"120114";"JUNIN";"HUANCAYO";"EL TAMBO";"GOBIERNO REGIONAL";"I-1";"00000717";"LA VICTORIA";"NE_0002";"";"NE_0002";"NE_0002";"NE_0002";"NE_0002";"NE_0002";"NE_0002";"NE_0002"
"2023";"03";"120303";"JUNIN";"CHANCHAMAYO";"PICHANAQUI";"GOBIERNO REGIONAL";"I-2";"00000345";"PAMPA CAMONA";"NE_0001";"";"NE_0001";"NE_0001";"NE_0001";"NE_0001";"NE_0001";"NE_0001";"NE_0001"
"2023";"03";"120303";"JUNIN";"CHANCHAMAYO";"PICHANAQUI";"GOBIERNO REGIONAL";"I-2";"00000342";"PRIMAVERA";"NE_0001";"";"NE_0001";"NE_0001";"NE_0001";"NE_0001";"NE_0001";"NE_0001";"NE_0001"
"2023";"03";"120303";"JUNIN";"CHANCHAMAYO";"PICHANAQUI";"GOBIERNO REGIONAL";"I-3";"00000344";"LAS PALMAS";"NE_0001";"";"NE_0001";"NE_0001";"NE_0001";"NE_0001";"NE_0001";"NE_0001";"NE_0001"
"2023";"03";"120303";"JUNIN";"CHANCHAMAYO";"PICHANAQUI";"GOBIERNO REGIONAL";"I-2";"00007361";"COLONIA HUANCA";"NE_0001";"";"NE_0001";"NE_0001";"NE_0001";"NE_0001";"NE_0001";"NE_0001";"NE_0001"
"2023";"03";"022001";"ANCASH";"YUNGAY";"YUNGAY";"GOBIERNO REGIONAL";"II-1";"00001633";"HOSPITAL DE APOYO YUNGAY";"241800";"HOSPITALIZACIÓN DE MEDICINA MEDICINA GENERAL ";"14";"16";"66";"79";"9";"279";"0"
"2023";"03";"022001";"ANCASH";"YUNGAY";"YUNGAY";"GOBIERNO REGIONAL";"II-1";"00001633";"HOSPITAL DE APOYO YUNGAY";"242500";"HOSPITALIZACIÓN-PEDIATRÍA GENERAL-";"3";"3";"10";"10";"4";"124";"0"
"2023";"03";"022001";"ANCASH";"YUNGAY";"YUNGAY";"GOBIERNO REGIONAL";"II-1";"00001633";"HOSPITAL DE APOYO YUNGAY";"241600";"HOSPITALIZACIÓN QUIRÚRGICA OBSTETRICIA   ";"32";"32";"54";"54";"5";"155";"0"
"2023";"03";"022001";"ANCASH";"YUNGAY";"YUNGAY";"GOBIERNO REGIONAL";"II-1";"00001633";"HOSPITAL DE APOYO YUNGAY";"241500";"HOSPITALIZACIÓN QUIRÚRGICA GINECOLOGÍA  ";"3";"3";"7";"7";"2";"62";"0"
"2023";"03";"110101";"ICA";"ICA";"ICA";"PRIVADO";"II-E";"00009627";"SAN MARTIN";"240000";"HOSPITALIZACIÓN";"6";"5";"10";"12";"7";"217";"0"
"2023";"03";"100101";"HUANUCO";"HUANUCO";"HUANUCO";"GOBIERNO REGIONAL";"II-2";"00000754";"HOSPITAL REGIONAL HERMILIO VALDIZAN";"242500";"HOSPITALIZACIÓN-PEDIATRÍA GENERAL-";"38";"73";"456";"73";"60";"119";"0"
"2023";"03";"100101";"HUANUCO";"HUANUCO";"HUANUCO";"GOBIERNO REGIONAL";"II-2";"00000754";"HOSPITAL REGIONAL HERMILIO VALDIZAN";"241900";"HOSPITALIZACIÓN DE MEDICINA MEDICINA INTERNA ";"70";"137";"30";"20";"40";"139";"5"
"2023";"03";"100101";"HUANUCO";"HUANUCO";"HUANUCO";"GOBIERNO REGIONAL";"II-2";"00000754";"HOSPITAL REGIONAL HERMILIO VALDIZAN";"240100";"HOSPITALIZACIÓN QUIRÚRGICA CIRUGÍA GENERAL ";"50";"117";"45";"30";"30";"108";"0"
"2023";"03";"100101";"HUANUCO";"HUANUCO";"HUANUCO";"GOBIERNO REGIONAL";"II-2";"00000754";"HOSPITAL REGIONAL HERMILIO VALDIZAN";"250100";"UNIDAD DE CUIDADOS CRITICOS UNIDAD  DE CUIDADOS INTENSIVOS GENERALES (UCI) ";"6";"10";"89";"10";"4";"93";"1"
"2023";"03";"100101";"HUANUCO";"HUANUCO";"HUANUCO";"GOBIERNO REGIONAL";"II-2";"00000754";"HOSPITAL REGIONAL HERMILIO VALDIZAN";"241400";"HOSPITALIZACIÓN QUIRÚRGICA GINECO - OBSTETRICIA ";"110";"143";"60";"63";"20";"144";"0"
"2023";"03";"100101";"HUANUCO";"HUANUCO";"HUANUCO";"GOBIERNO REGIONAL";"II-2";"00000754";"HOSPITAL REGIONAL HERMILIO VALDIZAN";"243200";"HOSPITALIZACIÓN DE PEDIATRÍA PEDIATRIA NEONATOLOGÍA";"45";"85";"60";"35";"23";"90";"0"
"2023";"03";"100101";"HUANUCO";"HUANUCO";"HUANUCO";"GOBIERNO REGIONAL";"II-2";"00000754";"HOSPITAL REGIONAL HERMILIO VALDIZAN";"241500";"HOSPITALIZACIÓN QUIRÚRGICA GINECOLOGÍA  ";"8";"12";"20";"12";"8";"92";"0"
"2023";"08";"150140";"LIMA";"LIMA";"SANTIAGO DE SURCO";"PRIVADO";"II-2";"00015118";"CLINICA MAISON DE SANTE DEL ESTE";"240000";"HOSPITALIZACIÓN";"130";"128";"669";"603";"35";"1029";"0"
"2023";"08";"150140";"LIMA";"LIMA";"SANTIAGO DE SURCO";"PRIVADO";"II-2";"00015118";"CLINICA MAISON DE SANTE DEL ESTE";"241400";"HOSPITALIZACIÓN QUIRÚRGICA GINECO - OBSTETRICIA ";"27";"26";"54";"59";"4";"124";"0"
"2023";"08";"150140";"LIMA";"LIMA";"SANTIAGO DE SURCO";"PRIVADO";"II-2";"00015118";"CLINICA MAISON DE SANTE DEL ESTE";"250100";"UNIDAD DE CUIDADOS CRITICOS UNIDAD  DE CUIDADOS INTENSIVOS GENERALES (UCI) ";"5";"5";"27";"26";"4";"124";"1"
"2023";"08";"150140";"LIMA";"LIMA";"SANTIAGO DE SURCO";"PRIVADO";"II-2";"00015118";"CLINICA MAISON DE SANTE DEL ESTE";"250105";"UNIDAD DE CUIDADOS CRITICOS UNIDAD  DE CUIDADOS INTENSIVOS  (UCI) NEONATOLOGÍA";"6";"4";"138";"107";"4";"124";"1"
"2023";"09";"120209";"JUNIN";"CONCEPCION";"MARISCAL CASTILLA";"GOBIERNO REGIONAL";"I-2";"00000686";"MARISCAL CASTILLA";"NE_0001";"";"NE_0001";"NE_0001";"NE_0001";"NE_0001";"NE_0001";"NE_0001";"NE_0001"
"2023";"09";"120135";"JUNIN";"HUANCAYO";"SANTO DOMINGO DE ACOBAMBA";"GOBIERNO REGIONAL";"I-2";"00000667";"MATICHACRA";"NE_0001";"";"NE_0001";"NE_0001";"NE_0001";"NE_0001";"NE_0001";"NE_0001";"NE_0001"
"2023";"09";"200101";"PIURA";"PIURA";"PIURA";"ESSALUD";"I-3";"00012235";"CENTRO DE ATENCIÓN PRIMARIA CAP III METROPOLITANO- ESSALUD";"NE_0001";"";"NE_0001";"NE_0001";"NE_0001";"NE_0001";"NE_0001";"NE_0001";"NE_0001"
"2023";"09";"240201";"TUMBES";"CONTRALMIRANTE VILLAR";"ZORRITOS";"ESSALUD";"I-2";"00012273";"POSTA MEDICA ZORRITOS";"NE_0001";"";"NE_0001";"NE_0001";"NE_0001";"NE_0001";"NE_0001";"NE_0001";"NE_0001"
"2023";"08";"220906";"SAN MARTIN";"SAN MARTIN";"EL PORVENIR";"GOBIERNO REGIONAL";"I-1";"00006456";"NUEVO SAN JUAN";"NE_0001";"";"NE_0001";"NE_0001";"NE_0001";"NE_0001";"NE_0001";"NE_0001";"NE_0001"
"2023";"08";"220911";"SAN MARTIN";"SAN MARTIN";"PAPAPLAYA";"GOBIERNO REGIONAL";"I-1";"00006455";"SAN ANTONIO  RIO HUALLAGA";"NE_0001";"";"NE_0001";"NE_0001";"NE_0001";"NE_0001";"NE_0001";"NE_0001";"NE_0001"
"2023";"09";"120135";"JUNIN";"HUANCAYO";"SANTO DOMINGO DE ACOBAMBA";"GOBIERNO REGIONAL";"I-1";"00024428";"POTRERO";"NE_0001";"";"NE_0001";"NE_0001";"NE_0001";"NE_0001";"NE_0001";"NE_0001";"NE_0001"
"2023";"09";"120206";"JUNIN";"CONCEPCION";"COMAS";"GOBIERNO REGIONAL";"I-1";"00000682";"TALHUIS";"NE_0001";"";"NE_0001";"NE_0001";"NE_0001";"NE_0001";"NE_0001";"NE_0001";"NE_0001"
"2023";"08";"220911";"SAN MARTIN";"SAN MARTIN";"PAPAPLAYA";"GOBIERNO REGIONAL";"I-1";"00006454";"SAN JUAN RIO HUALLAGA";"NE_0001";"";"NE_0001";"NE_0001";"NE_0001";"NE_0001";"NE_0001";"NE_0001";"NE_0001"
"2023";"08";"220911";"SAN MARTIN";"SAN MARTIN";"PAPAPLAYA";"GOBIERNO REGIONAL";"I-1";"00006453";"PUERTO MERCEDES";"NE_0001";"";"NE_0001";"NE_0001";"NE_0001";"NE_0001";"NE_0001";"NE_0001";"NE_0001"
"2023";"08";"220911";"SAN MARTIN";"SAN MARTIN";"PAPAPLAYA";"GOBIERNO REGIONAL";"I-1";"00006452";"ASUNCION";"NE_0001";"";"NE_0001";"NE_0001";"NE_0001";"NE_0001";"NE_0001";"NE_0001";"NE_0001"
"2023";"08";"220906";"SAN MARTIN";"SAN MARTIN";"EL PORVENIR";"GOBIERNO REGIONAL";"I-1";"00006451";"PELEJO";"NE_0001";"";"NE_0001";"NE_0001";"NE_0001";"NE_0001";"NE_0001";"NE_0001";"NE_0001"
"2023";"08";"220911";"SAN MARTIN";"SAN MARTIN";"PAPAPLAYA";"GOBIERNO REGIONAL";"I-3";"00006449";"HOSPITAL RURAL DE PAPAPLAYA";"241800";"HOSPITALIZACIÓN DE MEDICINA MEDICINA GENERAL ";"7";"7";"7";"7";"4";"124";"0"
"2023";"08";"220911";"SAN MARTIN";"SAN MARTIN";"PAPAPLAYA";"GOBIERNO REGIONAL";"I-1";"00006448";"REFORMA";"NE_0001";"";"NE_0001";"NE_0001";"NE_0001";"NE_0001";"NE_0001";"NE_0001";"NE_0001"
"2023";"09";"130101";"LA LIBERTAD";"TRUJILLO";"TRUJILLO";"PRIVADO";"II-E";"00029518";"OFTALMOLOGICA CACEDA";"NE_0001";"";"NE_0001";"NE_0001";"NE_0001";"NE_0001";"NE_0001";"NE_0001";"NE_0001"
"2023";"09";"150103";"LIMA";"LIMA";"ATE";"MINSA";"II-1";"00005945";"HOSPITAL VITARTE";"241900";"HOSPITALIZACIÓN DE MEDICINA MEDICINA INTERNA ";"112";"114";"847";"779";"37";"1110";"6"
"2023";"09";"150103";"LIMA";"LIMA";"ATE";"MINSA";"II-1";"00005945";"HOSPITAL VITARTE";"242300";"HOSPITALIZACIÓN DE PEDIATRÍA  PEDIATRÍA  GENERAL ";"125";"122";"767";"721";"25";"750";"0"
"2023";"09";"150103";"LIMA";"LIMA";"ATE";"MINSA";"II-1";"00005945";"HOSPITAL VITARTE";"243200";"HOSPITALIZACIÓN DE PEDIATRÍA PEDIATRIA NEONATOLOGÍA";"69";"64";"238";"281";"10";"300";"1"
"2023";"09";"150103";"LIMA";"LIMA";"ATE";"MINSA";"II-1";"00005945";"HOSPITAL VITARTE";"241500";"HOSPITALIZACIÓN QUIRÚRGICA GINECOLOGÍA  ";"64";"67";"195";"188";"7";"210";"0"
"2023";"09";"150103";"LIMA";"LIMA";"ATE";"MINSA";"II-1";"00005945";"HOSPITAL VITARTE";"241400";"HOSPITALIZACIÓN QUIRÚRGICA GINECO - OBSTETRICIA ";"428";"419";"872";"902";"33";"990";"0"
"2023";"09";"150103";"LIMA";"LIMA";"ATE";"MINSA";"II-1";"00005945";"HOSPITAL VITARTE";"240100";"HOSPITALIZACIÓN QUIRÚRGICA CIRUGÍA GENERAL ";"271";"278";"690";"644";"29";"870";"0"
"2023";"09";"150103";"LIMA";"LIMA";"ATE";"MINSA";"II-1";"00005945";"HOSPITAL VITARTE";"241200";"HOSPITALIZACIÓN QUIRÚRGICA TRAUMATOLOGÍA Y ORTOPEDIA ";"48";"55";"258";"233";"8";"240";"0"
"2023";"09";"150103";"LIMA";"LIMA";"ATE";"MINSA";"II-1";"00005945";"HOSPITAL VITARTE";"241100";"HOSPITALIZACIÓN QUIRÚRGICA OTORRINOLARINGOLOGÍA  ";"24";"25";"34";"24";"1";"30";"0"
"2023";"09";"150103";"LIMA";"LIMA";"ATE";"MINSA";"II-1";"00005945";"HOSPITAL VITARTE";"241300";"HOSPITALIZACIÓN QUIRÚRGICA UROLOGÍA  ";"6";"6";"6";"6";"1";"30";"0"
"2023";"09";"150103";"LIMA";"LIMA";"ATE";"MINSA";"II-1";"00005945";"HOSPITAL VITARTE";"240600";"HOSPITALIZACIÓN QUIRÚRGICA CIRUGÍA OFTALMOLÓGICA ";"19";"19";"19";"19";"1";"30";"0"
"2023";"09";"150801";"LIMA";"HUAURA";"HUACHO";"PRIVADO";"II-1";"00010883";"CLINICA SAN PEDRO";"240100";"HOSPITALIZACIÓN QUIRÚRGICA CIRUGÍA GENERAL ";"31";"30";"30";"31";"2";"60";"0"
"2023";"09";"150801";"LIMA";"HUAURA";"HUACHO";"PRIVADO";"II-1";"00010883";"CLINICA SAN PEDRO";"241500";"HOSPITALIZACIÓN QUIRÚRGICA GINECOLOGÍA  ";"10";"10";"20";"10";"4";"120";"0"
"2023";"09";"150801";"LIMA";"HUAURA";"HUACHO";"PRIVADO";"II-1";"00010883";"CLINICA SAN PEDRO";"241900";"HOSPITALIZACIÓN DE MEDICINA MEDICINA INTERNA ";"3";"3";"12";"3";"5";"150";"0"
"2023";"09";"150801";"LIMA";"HUAURA";"HUACHO";"PRIVADO";"II-1";"00010883";"CLINICA SAN PEDRO";"241200";"HOSPITALIZACIÓN QUIRÚRGICA TRAUMATOLOGÍA Y ORTOPEDIA ";"48";"48";"34";"35";"2";"60";"0"
"2023";"09";"150801";"LIMA";"HUAURA";"HUACHO";"PRIVADO";"II-1";"00010883";"CLINICA SAN PEDRO";"241300";"HOSPITALIZACIÓN QUIRÚRGICA UROLOGÍA  ";"1";"1";"1";"1";"1";"30";"0"
"2023";"09";"150801";"LIMA";"HUAURA";"HUACHO";"PRIVADO";"II-1";"00010883";"CLINICA SAN PEDRO";"242500";"HOSPITALIZACIÓN-PEDIATRÍA GENERAL-";"2";"2";"3";"2";"1";"30";"0"
"2023";"09";"150801";"LIMA";"HUAURA";"HUACHO";"PRIVADO";"II-1";"00010883";"CLINICA SAN PEDRO";"240400";"HOSPITALIZACIÓN QUIRÚRGICA CIRUGÍA DE TÓRAX Y CARDIOVASCULAR ";"1";"1";"1";"1";"1";"30";"0"
"2023";"09";"150801";"LIMA";"HUAURA";"HUACHO";"PRIVADO";"II-1";"00010883";"CLINICA SAN PEDRO";"240900";"HOSPITALIZACIÓN QUIRÚRGICA NEUROCIRUGÍA ";"1";"1";"1";"1";"1";"31";"0"
"2023";"09";"150133";"LIMA";"LIMA";"SAN JUAN DE MIRAFLORES";"PRIVADO";"II-E";"00028244";"CLINICA SAGRADA FAMILIA DEL SUR";"240000";"HOSPITALIZACIÓN";"12";"12";"26";"23";"6";"24";"0"
"2023";"09";"150130";"LIMA";"LIMA";"SAN BORJA";"PRIVADO";"II-E";"00011547";"CLINICA CONTINENTAL";"NE_0002";"";"NE_0002";"NE_0002";"NE_0002";"NE_0002";"NE_0002";"NE_0002";"NE_0002"
"2023";"09";"040101";"AREQUIPA";"AREQUIPA";"AREQUIPA";"GOBIERNO REGIONAL";"III-2";"00007397";"INSTITUTO REGIONAL DE ENFERMEDADES NEOPLASICAS DEL SUR";"240000";"HOSPITALIZACIÓN";"115";"124";"1064";"948";"36";"1080";"7"
"2023";"09";"040101";"AREQUIPA";"AREQUIPA";"AREQUIPA";"GOBIERNO REGIONAL";"III-2";"00007397";"INSTITUTO REGIONAL DE ENFERMEDADES NEOPLASICAS DEL SUR";"250100";"UNIDAD DE CUIDADOS CRITICOS UNIDAD  DE CUIDADOS INTENSIVOS GENERALES (UCI) ";"1";"0";"23";"23";"2";"60";"0"
"2023";"09";"220901";"SAN MARTIN";"SAN MARTIN";"TARAPOTO";"GOBIERNO REGIONAL";"II-2";"00006918";"HOSPITAL TARAPOTO";"240100";"HOSPITALIZACIÓN QUIRÚRGICA CIRUGÍA GENERAL ";"250";"262";"1388";"1388";"47";"1410";"1"
"2023";"09";"220901";"SAN MARTIN";"SAN MARTIN";"TARAPOTO";"GOBIERNO REGIONAL";"II-2";"00006918";"HOSPITAL TARAPOTO";"241400";"HOSPITALIZACIÓN QUIRÚRGICA GINECO - OBSTETRICIA ";"240";"1";"568";"568";"28";"840";"0"
"2023";"09";"220901";"SAN MARTIN";"SAN MARTIN";"TARAPOTO";"GOBIERNO REGIONAL";"II-2";"00006918";"HOSPITAL TARAPOTO";"241500";"HOSPITALIZACIÓN QUIRÚRGICA GINECOLOGÍA  ";"49";"53";"157";"157";"7";"210";"0"
"2023";"09";"220901";"SAN MARTIN";"SAN MARTIN";"TARAPOTO";"GOBIERNO REGIONAL";"II-2";"00006918";"HOSPITAL TARAPOTO";"241800";"HOSPITALIZACIÓN DE MEDICINA MEDICINA GENERAL ";"185";"175";"1254";"1254";"42";"1260";"12"
"2023";"09";"220901";"SAN MARTIN";"SAN MARTIN";"TARAPOTO";"GOBIERNO REGIONAL";"II-2";"00006918";"HOSPITAL TARAPOTO";"242500";"HOSPITALIZACIÓN-PEDIATRÍA GENERAL-";"55";"50";"280";"280";"15";"450";"0"
"2023";"09";"060809";"CAJAMARCA";"JAEN";"SALLIQUE";"GOBIERNO REGIONAL";"I-2";"00004253";"LA UNION";"NE_0001";"";"NE_0001";"NE_0001";"NE_0001";"NE_0001";"NE_0001";"NE_0001";"NE_0001"
"2023";"09";"060809";"CAJAMARCA";"JAEN";"SALLIQUE";"GOBIERNO REGIONAL";"I-1";"00009967";"CHALANMACHE";"NE_0001";"";"NE_0001";"NE_0001";"NE_0001";"NE_0001";"NE_0001";"NE_0001";"NE_0001"
"2023";"09";"060809";"CAJAMARCA";"JAEN";"SALLIQUE";"GOBIERNO REGIONAL";"I-1";"00024940";"EL ESPINO";"NE_0001";"";"NE_0001";"NE_0001";"NE_0001";"NE_0001";"NE_0001";"NE_0001";"NE_0001"
"2023";"09";"060809";"CAJAMARCA";"JAEN";"SALLIQUE";"GOBIERNO REGIONAL";"I-1";"00025537";"TAILIN";"NE_0001";"";"NE_0001";"NE_0001";"NE_0001";"NE_0001";"NE_0001";"NE_0001";"NE_0001"
"2023";"09";"060809";"CAJAMARCA";"JAEN";"SALLIQUE";"GOBIERNO REGIONAL";"I-3";"00004250";"SALLIQUE";"NE_0001";"";"NE_0001";"NE_0001";"NE_0001";"NE_0001";"NE_0001";"NE_0001";"NE_0001"
"2023";"09";"060809";"CAJAMARCA";"JAEN";"SALLIQUE";"GOBIERNO REGIONAL";"I-1";"00004251";"MAZIN";"NE_0001";"";"NE_0001";"NE_0001";"NE_0001";"NE_0001";"NE_0001";"NE_0001";"NE_0001"
"2023";"09";"060809";"CAJAMARCA";"JAEN";"SALLIQUE";"GOBIERNO REGIONAL";"I-1";"00004252";"SAULACA";"NE_0001";"";"NE_0001";"NE_0001";"NE_0001";"NE_0001";"NE_0001";"NE_0001";"NE_0001"
"2023";"09";"021801";"ANCASH";"SANTA";"CHIMBOTE";"PRIVADO";"II-1";"00013164";"CLINICA SANTA MARIA DE CHIMBOTE S.A.C.";"240100";"HOSPITALIZACIÓN QUIRÚRGICA CIRUGÍA GENERAL ";"39";"35";"45";"50";"7";"207";"0"
"2023";"09";"021801";"ANCASH";"SANTA";"CHIMBOTE";"PRIVADO";"II-1";"00013164";"CLINICA SANTA MARIA DE CHIMBOTE S.A.C.";"241400";"HOSPITALIZACIÓN QUIRÚRGICA GINECO - OBSTETRICIA ";"20";"16";"21";"25";"2";"41";"0"
"2023";"09";"100601";"HUANUCO";"LEONCIO PRADO";"RUPA-RUPA";"ESSALUD";"II-1";"00009180";"HOSPITAL I TINGO MARIA";"241800";"HOSPITALIZACIÓN DE MEDICINA MEDICINA GENERAL ";"21";"21";"82";"91";"5";"150";"0"
"2023";"09";"100601";"HUANUCO";"LEONCIO PRADO";"RUPA-RUPA";"ESSALUD";"II-1";"00009180";"HOSPITAL I TINGO MARIA";"240100";"HOSPITALIZACIÓN QUIRÚRGICA CIRUGÍA GENERAL ";"28";"32";"110";"110";"6";"180";"1"
"2023";"09";"100601";"HUANUCO";"LEONCIO PRADO";"RUPA-RUPA";"ESSALUD";"II-1";"00009180";"HOSPITAL I TINGO MARIA";"241500";"HOSPITALIZACIÓN QUIRÚRGICA GINECOLOGÍA  ";"21";"28";"102";"105";"4";"120";"0"
"2023";"09";"100601";"HUANUCO";"LEONCIO PRADO";"RUPA-RUPA";"ESSALUD";"II-1";"00009180";"HOSPITAL I TINGO MARIA";"241600";"HOSPITALIZACIÓN QUIRÚRGICA OBSTETRICIA   ";"26";"21";"50";"52";"2";"60";"0"
"2023";"09";"100601";"HUANUCO";"LEONCIO PRADO";"RUPA-RUPA";"ESSALUD";"II-1";"00009180";"HOSPITAL I TINGO MARIA";"242300";"HOSPITALIZACIÓN DE PEDIATRÍA  PEDIATRÍA  GENERAL ";"53";"52";"175";"177";"6";"180";"0"
"2023";"09";"130107";"LA LIBERTAD";"TRUJILLO";"MOCHE";"ESSALUD";"I-4";"00009038";"CENTRO DE SALUD CON INTERNAMIENTO MOCHE";"241800";"HOSPITALIZACIÓN DE MEDICINA MEDICINA GENERAL ";"53";"54";"187";"191";"8";"240";"0"
"2023";"09";"250101";"UCAYALI";"CORONEL PORTILLO";"CALLERIA";"PRIVADO";"II-E";"00027312";"Clínica Especializada Amazónica SAC";"240100";"HOSPITALIZACIÓN QUIRÚRGICA CIRUGÍA GENERAL ";"26";"26";"26";"26";"2";"60";"0"
"2023";"09";"200105";"PIURA";"PIURA";"CATACAOS";"PRIVADO";"II-1";"00010723";"HOSPITAL PRIVADO DEL PERU";"240000";"HOSPITALIZACIÓN";"112";"97";"201";"380";"32";"992";"0"
"2023";"09";"150501";"LIMA";"CAÑETE";"SAN VICENTE DE CAÑETE";"PRIVADO";"II-1";"00026070";"CLINICA CORAZON DE JESUS";"240100";"HOSPITALIZACIÓN QUIRÚRGICA CIRUGÍA GENERAL ";"29";"29";"79";"55";"8";"248";"0"
"2023";"09";"150501";"LIMA";"CAÑETE";"SAN VICENTE DE CAÑETE";"PRIVADO";"II-1";"00026070";"CLINICA CORAZON DE JESUS";"241400";"HOSPITALIZACIÓN QUIRÚRGICA GINECO - OBSTETRICIA ";"11";"11";"28";"23";"3";"93";"0"
"2023";"09";"061204";"CAJAMARCA";"SAN PABLO";"TUMBADEN";"GOBIERNO REGIONAL";"I-1";"00004610";"EL REGALADO";"NE_0001";"";"NE_0001";"NE_0001";"NE_0001";"NE_0001";"NE_0001";"NE_0001";"NE_0001"
"2023";"09";"061202";"CAJAMARCA";"SAN PABLO";"SAN BERNARDINO";"GOBIERNO REGIONAL";"I-1";"00004539";"TUÑAD";"NE_0001";"";"NE_0001";"NE_0001";"NE_0001";"NE_0001";"NE_0001";"NE_0001";"NE_0001"
"2023";"09";"061203";"CAJAMARCA";"SAN PABLO";"SAN LUIS";"GOBIERNO REGIONAL";"I-1";"00004584";"PAMPA DE SAN LUIS";"NE_0001";"";"NE_0001";"NE_0001";"NE_0001";"NE_0001";"NE_0001";"NE_0001";"NE_0001"
"2023";"09";"061203";"CAJAMARCA";"SAN PABLO";"SAN LUIS";"GOBIERNO REGIONAL";"I-1";"00004585";"SAN LUIS BAJO - GRANDE";"NE_0001";"";"NE_0001";"NE_0001";"NE_0001";"NE_0001";"NE_0001";"NE_0001";"NE_0001"
"2023";"09";"061204";"CAJAMARCA";"SAN PABLO";"TUMBADEN";"GOBIERNO REGIONAL";"I-1";"00004582";"TUMBADEN ALTO";"NE_0001";"";"NE_0001";"NE_0001";"NE_0001";"NE_0001";"NE_0001";"NE_0001";"NE_0001"
"2023";"09";"061202";"CAJAMARCA";"SAN PABLO";"SAN BERNARDINO";"GOBIERNO REGIONAL";"I-2";"00004580";"SAN BERNARDINO";"NE_0001";"";"NE_0001";"NE_0001";"NE_0001";"NE_0001";"NE_0001";"NE_0001";"NE_0001"
"2023";"09";"061201";"CAJAMARCA";"SAN PABLO";"SAN PABLO";"GOBIERNO REGIONAL";"I-1";"00004586";"JANCOS";"NE_0001";"";"NE_0001";"NE_0001";"NE_0001";"NE_0001";"NE_0001";"NE_0001";"NE_0001"
"2023";"09";"100111";"HUANUCO";"HUANUCO";"PILLCO MARCA";"GOBIERNO REGIONAL";"I-3";"00000757";"POTRACANCHA";"NE_0001";"";"NE_0001";"NE_0001";"NE_0001";"NE_0001";"NE_0001";"NE_0001";"NE_0001"
"2023";"09";"150140";"LIMA";"LIMA";"SANTIAGO DE SURCO";"PRIVADO";"II-E";"00012219";"CLINICA MONTESUR";"241800";"HOSPITALIZACIÓN DE MEDICINA MEDICINA GENERAL ";"187";"126";"310";"1919";"40";"1200";"0"
"2023";"09";"070102";"CALLAO";"CALLAO";"BELLAVISTA";"GOBIERNO REGIONAL";"II-E";"00017883";"HOSPITAL DE REHABILITACION DEL CALLAO";"NE_0001";"";"NE_0001";"NE_0001";"NE_0001";"NE_0001";"NE_0001";"NE_0001";"NE_0001"
"2023";"09";"220101";"SAN MARTIN";"MOYOBAMBA";"MOYOBAMBA";"GOBIERNO REGIONAL";"I-1";"00006321";"LOS ANGELES";"NE_0002";"";"NE_0002";"NE_0002";"NE_0002";"NE_0002";"NE_0002";"NE_0002";"NE_0002"
"2023";"09";"220101";"SAN MARTIN";"MOYOBAMBA";"MOYOBAMBA";"GOBIERNO REGIONAL";"I-1";"00006320";"CAÑABRAVA";"NE_0002";"";"NE_0002";"NE_0002";"NE_0002";"NE_0002";"NE_0002";"NE_0002";"NE_0002"
"2023";"04";"090208";"HUANCAVELICA";"ACOBAMBA";"ROSARIO";"GOBIERNO REGIONAL";"I-3";"00003938";"CENTRO DE SALUD PUCA CRUZ";"NE_0001";"";"NE_0001";"NE_0001";"NE_0001";"NE_0001";"NE_0001";"NE_0001";"NE_0001"
"2023";"04";"090208";"HUANCAVELICA";"ACOBAMBA";"ROSARIO";"GOBIERNO REGIONAL";"I-2";"00003942";"PUESTO DE SALUD CHANQUIL";"NE_0001";"";"NE_0001";"NE_0001";"NE_0001";"NE_0001";"NE_0001";"NE_0001";"NE_0001"
"2023";"04";"090208";"HUANCAVELICA";"ACOBAMBA";"ROSARIO";"GOBIERNO REGIONAL";"I-1";"00007418";"PUESTO DE SALUD DE LECCLESPAMPA";"NE_0001";"";"NE_0001";"NE_0001";"NE_0001";"NE_0001";"NE_0001";"NE_0001";"NE_0001"
"2023";"04";"090208";"HUANCAVELICA";"ACOBAMBA";"ROSARIO";"GOBIERNO REGIONAL";"I-1";"00009693";"PUESTO DE SALUD DE PUNCHAYPAMPA";"NE_0001";"";"NE_0001";"NE_0001";"NE_0001";"NE_0001";"NE_0001";"NE_0001";"NE_0001"
"2023";"04";"090208";"HUANCAVELICA";"ACOBAMBA";"ROSARIO";"GOBIERNO REGIONAL";"I-1";"00009706";"PUESTO DE SALUD TORORUMI";"NE_0001";"";"NE_0001";"NE_0001";"NE_0001";"NE_0001";"NE_0001";"NE_0001";"NE_0001"
"2023";"04";"090208";"HUANCAVELICA";"ACOBAMBA";"ROSARIO";"GOBIERNO REGIONAL";"I-1";"00011231";"PUESTO DE SALUD  SANTA ROSA DE ACCOMACHAY";"NE_0001";"";"NE_0001";"NE_0001";"NE_0001";"NE_0001";"NE_0001";"NE_0001";"NE_0001"
"2023";"04";"090208";"HUANCAVELICA";"ACOBAMBA";"ROSARIO";"GOBIERNO REGIONAL";"I-1";"00009503";"PUESTO DE SALUD DE VILLA MANTARO";"NE_0001";"";"NE_0001";"NE_0001";"NE_0001";"NE_0001";"NE_0001";"NE_0001";"NE_0001"
"2023";"04";"090208";"HUANCAVELICA";"ACOBAMBA";"ROSARIO";"GOBIERNO REGIONAL";"I-1";"00007372";"PUESTO DE SALUD LLIPLLINA";"NE_0001";"";"NE_0001";"NE_0001";"NE_0001";"NE_0001";"NE_0001";"NE_0001";"NE_0001"
"2023";"04";"090208";"HUANCAVELICA";"ACOBAMBA";"ROSARIO";"GOBIERNO REGIONAL";"I-2";"00003937";"PUESTO DE SALUD ROSARIO";"NE_0001";"";"NE_0001";"NE_0001";"NE_0001";"NE_0001";"NE_0001";"NE_0001";"NE_0001"
"2023";"04";"090208";"HUANCAVELICA";"ACOBAMBA";"ROSARIO";"GOBIERNO REGIONAL";"I-1";"00009710";"PUESTO  DE SALUD ICHUPAMPA";"NE_0001";"";"NE_0001";"NE_0001";"NE_0001";"NE_0001";"NE_0001";"NE_0001";"NE_0001"
"2023";"04";"220401";"SAN MARTIN";"HUALLAGA";"SAPOSOA";"GOBIERNO REGIONAL";"I-1";"00006534";"SAN ANDRES";"NE_0001";"";"NE_0001";"NE_0001";"NE_0001";"NE_0001";"NE_0001";"NE_0001";"NE_0001"
"2023";"04";"220401";"SAN MARTIN";"HUALLAGA";"SAPOSOA";"GOBIERNO REGIONAL";"I-1";"00006535";"SAN REGIS";"NE_0001";"";"NE_0001";"NE_0001";"NE_0001";"NE_0001";"NE_0001";"NE_0001";"NE_0001"
"2023";"04";"220401";"SAN MARTIN";"HUALLAGA";"SAPOSOA";"GOBIERNO REGIONAL";"I-3";"00006538";"EL DORADO";"NE_0001";"";"NE_0001";"NE_0001";"NE_0001";"NE_0001";"NE_0001";"NE_0001";"NE_0001"
"2023";"04";"220402";"SAN MARTIN";"HUALLAGA";"ALTO SAPOSOA";"GOBIERNO REGIONAL";"I-1";"00006540";"NUEVA VIDA";"NE_0001";"";"NE_0001";"NE_0001";"NE_0001";"NE_0001";"NE_0001";"NE_0001";"NE_0001"
"2023";"04";"220401";"SAN MARTIN";"HUALLAGA";"SAPOSOA";"GOBIERNO REGIONAL";"I-4";"00006529";"RURAL SAPOSOA";"240100";"HOSPITALIZACIÓN QUIRÚRGICA CIRUGÍA GENERAL ";"11";"11";"14";"16";"4";"16";"0"
"2023";"04";"220401";"SAN MARTIN";"HUALLAGA";"SAPOSOA";"GOBIERNO REGIONAL";"I-4";"00006529";"RURAL SAPOSOA";"241400";"HOSPITALIZACIÓN QUIRÚRGICA GINECO - OBSTETRICIA ";"52";"54";"106";"30";"6";"30";"0"
"2023";"04";"220401";"SAN MARTIN";"HUALLAGA";"SAPOSOA";"GOBIERNO REGIONAL";"I-4";"00006529";"RURAL SAPOSOA";"241800";"HOSPITALIZACIÓN DE MEDICINA MEDICINA GENERAL ";"39";"45";"159";"70";"14";"70";"0"
"2023";"04";"220401";"SAN MARTIN";"HUALLAGA";"SAPOSOA";"GOBIERNO REGIONAL";"I-1";"00006531";"ALMENDRAS";"NE_0001";"";"NE_0001";"NE_0001";"NE_0001";"NE_0001";"NE_0001";"NE_0001";"NE_0001"
"2023";"04";"220404";"SAN MARTIN";"HUALLAGA";"PISCOYACU";"GOBIERNO REGIONAL";"I-1";"00006533";"PISCOYACU";"NE_0001";"";"NE_0001";"NE_0001";"NE_0001";"NE_0001";"NE_0001";"NE_0001";"NE_0001"
"2023";"04";"220401";"SAN MARTIN";"HUALLAGA";"SAPOSOA";"GOBIERNO REGIONAL";"I-1";"00021587";"ALTO PACHIZA";"NE_0001";"";"NE_0001";"NE_0001";"NE_0001";"NE_0001";"NE_0001";"NE_0001";"NE_0001"
"2023";"04";"220401";"SAN MARTIN";"HUALLAGA";"SAPOSOA";"GOBIERNO REGIONAL";"I-1";"00006532";"PALTAICO";"NE_0001";"";"NE_0001";"NE_0001";"NE_0001";"NE_0001";"NE_0001";"NE_0001";"NE_0001"
"2023";"04";"220401";"SAN MARTIN";"HUALLAGA";"SAPOSOA";"GOBIERNO REGIONAL";"I-1";"00006530";"7 DE JUNIO-AHUIHUA";"NE_0001";"";"NE_0001";"NE_0001";"NE_0001";"NE_0001";"NE_0001";"NE_0001";"NE_0001"
"2023";"04";"220402";"SAN MARTIN";"HUALLAGA";"ALTO SAPOSOA";"GOBIERNO REGIONAL";"I-1";"00006541";"YACUSISA";"NE_0001";"";"NE_0001";"NE_0001";"NE_0001";"NE_0001";"NE_0001";"NE_0001";"NE_0001"
"2023";"04";"220401";"SAN MARTIN";"HUALLAGA";"SAPOSOA";"GOBIERNO REGIONAL";"I-1";"00006536";"INTIYACU";"NE_0001";"";"NE_0001";"NE_0001";"NE_0001";"NE_0001";"NE_0001";"NE_0001";"NE_0001"
"2023";"04";"220401";"SAN MARTIN";"HUALLAGA";"SAPOSOA";"GOBIERNO REGIONAL";"I-1";"00006537";"CHAMBIRA";"NE_0001";"";"NE_0001";"NE_0001";"NE_0001";"NE_0001";"NE_0001";"NE_0001";"NE_0001"
"2023";"04";"220402";"SAN MARTIN";"HUALLAGA";"ALTO SAPOSOA";"GOBIERNO REGIONAL";"I-2";"00006539";"PASARRAYA";"NE_0001";"";"NE_0001";"NE_0001";"NE_0001";"NE_0001";"NE_0001";"NE_0001";"NE_0001"
"2023";"04";"220401";"SAN MARTIN";"HUALLAGA";"SAPOSOA";"GOBIERNO REGIONAL";"I-1";"00026163";"AGUA AZUL";"NE_0001";"";"NE_0001";"NE_0001";"NE_0001";"NE_0001";"NE_0001";"NE_0001";"NE_0001"
"2023";"04";"060106";"CAJAMARCA";"CAJAMARCA";"JESUS";"GOBIERNO REGIONAL";"I-1";"00004637";"YANAMARCA";"NE_0001";"";"NE_0001";"NE_0001";"NE_0001";"NE_0001";"NE_0001";"NE_0001";"NE_0001"
"2023";"04";"060101";"CAJAMARCA";"CAJAMARCA";"CAJAMARCA";"GOBIERNO REGIONAL";"I-3";"00004645";"MAGNA VALLEJO";"NE_0001";"";"NE_0001";"NE_0001";"NE_0001";"NE_0001";"NE_0001";"NE_0001";"NE_0001"
"2023";"04";"060101";"CAJAMARCA";"CAJAMARCA";"CAJAMARCA";"GOBIERNO REGIONAL";"I-1";"00012831";"AYLAMBO";"NE_0001";"";"NE_0001";"NE_0001";"NE_0001";"NE_0001";"NE_0001";"NE_0001";"NE_0001"
"2023";"04";"060101";"CAJAMARCA";"CAJAMARCA";"CAJAMARCA";"GOBIERNO REGIONAL";"I-1";"00004642";"PATA PATA";"NE_0001";"";"NE_0001";"NE_0001";"NE_0001";"NE_0001";"NE_0001";"NE_0001";"NE_0001"
"2023";"04";"060101";"CAJAMARCA";"CAJAMARCA";"CAJAMARCA";"GOBIERNO REGIONAL";"I-1";"00004644";"PARIAMARCA";"NE_0001";"";"NE_0001";"NE_0001";"NE_0001";"NE_0001";"NE_0001";"NE_0001";"NE_0001"
"2023";"04";"060101";"CAJAMARCA";"CAJAMARCA";"CAJAMARCA";"GOBIERNO REGIONAL";"I-2";"00004641";"MICAELA BASTIDAS";"NE_0001";"";"NE_0001";"NE_0001";"NE_0001";"NE_0001";"NE_0001";"NE_0001";"NE_0001"
"2023";"04";"060101";"CAJAMARCA";"CAJAMARCA";"CAJAMARCA";"GOBIERNO REGIONAL";"I-3";"00004640";"LA TULPUNA";"NE_0001";"";"NE_0001";"NE_0001";"NE_0001";"NE_0001";"NE_0001";"NE_0001";"NE_0001"
"2023";"04";"060101";"CAJAMARCA";"CAJAMARCA";"CAJAMARCA";"GOBIERNO REGIONAL";"I-1";"00004643";"AGOCUCHO";"NE_0001";"";"NE_0001";"NE_0001";"NE_0001";"NE_0001";"NE_0001";"NE_0001";"NE_0001"
"2023";"07";"050101";"AYACUCHO";"HUAMANGA";"AYACUCHO";"PRIVADO";"II-1";"00008154";"CLINICA EL NAZARENO";"240700";"HOSPITALIZACIÓN QUIRÚRGICA CIRUGÍA PEDIÁTRICA ";"1";"1";"2";"1";"1";"156";"0"
"2023";"07";"050101";"AYACUCHO";"HUAMANGA";"AYACUCHO";"PRIVADO";"II-1";"00008154";"CLINICA EL NAZARENO";"241200";"HOSPITALIZACIÓN QUIRÚRGICA TRAUMATOLOGÍA Y ORTOPEDIA ";"1";"1";"1";"1";"1";"156";"0"
"2023";"07";"150122";"LIMA";"LIMA";"MIRAFLORES";"SANIDAD DE LA FUERZA AEREA DEL PERU";"III-1";"00010751";"HOSPITAL CENTRAL DE LA FUERZA AEREA DEL PERU";"240000";"HOSPITALIZACIÓN";"295";"287";"2270";"2792";"264";"5396";"15"
"2023";"07";"150108";"LIMA";"LIMA";"CHORRILLOS";"PRIVADO";"II-E";"00019839";"CLINICA SANTA LEONOR";"240000";"HOSPITALIZACIÓN";"39";"39";"68";"67";"5";"155";"0"
"2023";"07";"220301";"SAN MARTIN";"EL DORADO";"SAN JOSE DE SISA";"GOBIERNO REGIONAL";"I-1";"00006490";"HUAJA";"NE_0001";"";"NE_0001";"NE_0001";"NE_0001";"NE_0001";"NE_0001";"NE_0001";"NE_0001"
"2023";"07";"220305";"SAN MARTIN";"EL DORADO";"SHATOJA";"GOBIERNO REGIONAL";"I-1";"00006491";"AMINIO";"NE_0001";"";"NE_0001";"NE_0001";"NE_0001";"NE_0001";"NE_0001";"NE_0001";"NE_0001"
"2023";"07";"220301";"SAN MARTIN";"EL DORADO";"SAN JOSE DE SISA";"GOBIERNO REGIONAL";"I-1";"00006487";"SANTA CRUZ";"NE_0001";"";"NE_0001";"NE_0001";"NE_0001";"NE_0001";"NE_0001";"NE_0001";"NE_0001"
"2023";"07";"220301";"SAN MARTIN";"EL DORADO";"SAN JOSE DE SISA";"GOBIERNO REGIONAL";"I-1";"00006489";"SAN JUAN DE MIRAFLORES";"NE_0001";"";"NE_0001";"NE_0001";"NE_0001";"NE_0001";"NE_0001";"NE_0001";"NE_0001"
"2023";"07";"220301";"SAN MARTIN";"EL DORADO";"SAN JOSE DE SISA";"GOBIERNO REGIONAL";"I-1";"00006486";"NAUTA";"NE_0001";"";"NE_0001";"NE_0001";"NE_0001";"NE_0001";"NE_0001";"NE_0001";"NE_0001"
"2023";"07";"220301";"SAN MARTIN";"EL DORADO";"SAN JOSE DE SISA";"GOBIERNO REGIONAL";"I-4";"00006485";"HOSPITAL RURAL SAN JOSE DE SISA";"241600";"HOSPITALIZACIÓN QUIRÚRGICA OBSTETRICIA   ";"28";"28";"34";"28";"9";"279";"0"
"2023";"07";"220301";"SAN MARTIN";"EL DORADO";"SAN JOSE DE SISA";"GOBIERNO REGIONAL";"I-4";"00006485";"HOSPITAL RURAL SAN JOSE DE SISA";"241800";"HOSPITALIZACIÓN DE MEDICINA MEDICINA GENERAL ";"18";"19";"47";"19";"6";"186";"0"
"2023";"07";"120403";"JUNIN";"JAUJA";"APATA";"GOBIERNO REGIONAL";"I-1";"00000411";"SAN JOSE DE APATA";"NE_0001";"";"NE_0001";"NE_0001";"NE_0001";"NE_0001";"NE_0001";"NE_0001";"NE_0001"
"2023";"07";"120428";"JUNIN";"JAUJA";"SAN LORENZO";"GOBIERNO REGIONAL";"I-1";"00000416";"SAN LORENZO";"NE_0001";"";"NE_0001";"NE_0001";"NE_0001";"NE_0001";"NE_0001";"NE_0001";"NE_0001"
"2023";"07";"120403";"JUNIN";"JAUJA";"APATA";"GOBIERNO REGIONAL";"I-1";"00000410";"NUEVA ESPERANZA";"NE_0001";"";"NE_0001";"NE_0001";"NE_0001";"NE_0001";"NE_0001";"NE_0001";"NE_0001"
"2023";"07";"150113";"LIMA";"LIMA";"JESUS MARIA";"ESSALUD";"III-E";"00018011";"INSTITUTO NACIONAL CARDIOVASCULAR CARLOS ALBERTO PESCHIERA CARRILLO – INCOR –ESSALUD";"244000";"HOSPITALIZACIÓN DE MEDICINA CARDIOLOGIA ";"85";"72";"514";"727";"28";"863";"1"
"2023";"07";"150113";"LIMA";"LIMA";"JESUS MARIA";"ESSALUD";"III-E";"00018011";"INSTITUTO NACIONAL CARDIOVASCULAR CARLOS ALBERTO PESCHIERA CARRILLO – INCOR –ESSALUD";"244000";"HOSPITALIZACIÓN DE MEDICINA CARDIOLOGIA ";"162";"162";"194";"109";"9";"207";"0"
"2023";"07";"150113";"LIMA";"LIMA";"JESUS MARIA";"ESSALUD";"III-E";"00018011";"INSTITUTO NACIONAL CARDIOVASCULAR CARLOS ALBERTO PESCHIERA CARRILLO – INCOR –ESSALUD";"242600";"HOSPITALIZACIÓN DE PEDIATRÍA PEDIATRIA CARDIOLOGÍA PEDIÁTRICA";"98";"102";"842";"878";"36";"1116";"3"
"2023";"07";"150113";"LIMA";"LIMA";"JESUS MARIA";"ESSALUD";"III-E";"00018011";"INSTITUTO NACIONAL CARDIOVASCULAR CARLOS ALBERTO PESCHIERA CARRILLO – INCOR –ESSALUD";"240400";"HOSPITALIZACIÓN QUIRÚRGICA CIRUGÍA DE TÓRAX Y CARDIOVASCULAR ";"36";"37";"740";"969";"38";"1178";"2"
"2023";"07";"220505";"SAN MARTIN";"LAMAS";"CUÑUMBUQUI";"GOBIERNO REGIONAL";"I-1";"00006378";"MAMONAQUIHUA";"NE_0002";"";"NE_0002";"NE_0002";"NE_0002";"NE_0002";"NE_0002";"NE_0002";"NE_0002"
"2023";"07";"220511";"SAN MARTIN";"LAMAS";"ZAPATERO";"GOBIERNO REGIONAL";"I-1";"00006400";"NUEVO CELENDIN";"NE_0002";"";"NE_0002";"NE_0002";"NE_0002";"NE_0002";"NE_0002";"NE_0002";"NE_0002"
"2023";"07";"220505";"SAN MARTIN";"LAMAS";"CUÑUMBUQUI";"GOBIERNO REGIONAL";"I-1";"00006784";"ALTO ANDINO";"NE_0002";"";"NE_0002";"NE_0002";"NE_0002";"NE_0002";"NE_0002";"NE_0002";"NE_0002"
"2023";"07";"220505";"SAN MARTIN";"LAMAS";"CUÑUMBUQUI";"GOBIERNO REGIONAL";"I-1";"00006372";"SAN FRANCISCO DEL RIO MAYO";"NE_0002";"";"NE_0002";"NE_0002";"NE_0002";"NE_0002";"NE_0002";"NE_0002";"NE_0002"
"2023";"07";"220505";"SAN MARTIN";"LAMAS";"CUÑUMBUQUI";"GOBIERNO REGIONAL";"I-1";"00006377";"LAS FLORES DE MAMONAQUIHUA";"NE_0002";"";"NE_0002";"NE_0002";"NE_0002";"NE_0002";"NE_0002";"NE_0002";"NE_0002"
"2023";"07";"211101";"PUNO";"SAN ROMAN";"JULIACA";"GOBIERNO REGIONAL";"II-2";"00003299";"CARLOS MONJE MEDRANO";"240100";"HOSPITALIZACIÓN QUIRÚRGICA CIRUGÍA GENERAL ";"51";"62";"398";"62";"27";"837";"0"
"2023";"07";"211101";"PUNO";"SAN ROMAN";"JULIACA";"GOBIERNO REGIONAL";"II-2";"00003299";"CARLOS MONJE MEDRANO";"244300";"HOSPITALIZACIÓN DE MEDICINA GASTROENTEROLOGÍA  ";"14";"18";"112";"18";"6";"186";"0"
"2023";"07";"211101";"PUNO";"SAN ROMAN";"JULIACA";"GOBIERNO REGIONAL";"II-2";"00003299";"CARLOS MONJE MEDRANO";"241500";"HOSPITALIZACIÓN QUIRÚRGICA GINECOLOGÍA  ";"65";"69";"245";"69";"6";"186";"0"
"2023";"07";"211101";"PUNO";"SAN ROMAN";"JULIACA";"GOBIERNO REGIONAL";"II-2";"00003299";"CARLOS MONJE MEDRANO";"241800";"HOSPITALIZACIÓN DE MEDICINA MEDICINA GENERAL ";"66";"77";"640";"77";"9";"279";"16"
"2023";"07";"211101";"PUNO";"SAN ROMAN";"JULIACA";"GOBIERNO REGIONAL";"II-2";"00003299";"CARLOS MONJE MEDRANO";"243200";"HOSPITALIZACIÓN DE PEDIATRÍA PEDIATRIA NEONATOLOGÍA";"19";"28";"339";"28";"39";"1209";"0"
"2023";"07";"211101";"PUNO";"SAN ROMAN";"JULIACA";"GOBIERNO REGIONAL";"II-2";"00003299";"CARLOS MONJE MEDRANO";"245300";"HOSPITALIZACIÓN DE MEDICINA NEUMOLOGÍA  ";"18";"22";"206";"22";"6";"186";"4"
"2023";"07";"211101";"PUNO";"SAN ROMAN";"JULIACA";"GOBIERNO REGIONAL";"II-2";"00003299";"CARLOS MONJE MEDRANO";"240900";"HOSPITALIZACIÓN QUIRÚRGICA NEUROCIRUGÍA ";"12";"15";"115";"15";"12";"372";"1"
"2023";"07";"211101";"PUNO";"SAN ROMAN";"JULIACA";"GOBIERNO REGIONAL";"II-2";"00003299";"CARLOS MONJE MEDRANO";"241600";"HOSPITALIZACIÓN QUIRÚRGICA OBSTETRICIA   ";"235";"260";"901";"260";"27";"837";"0"
"2023";"07";"211101";"PUNO";"SAN ROMAN";"JULIACA";"GOBIERNO REGIONAL";"II-2";"00003299";"CARLOS MONJE MEDRANO";"242500";"HOSPITALIZACIÓN-PEDIATRÍA GENERAL-";"51";"69";"394";"69";"29";"899";"0"
"2023";"07";"211101";"PUNO";"SAN ROMAN";"JULIACA";"GOBIERNO REGIONAL";"II-2";"00003299";"CARLOS MONJE MEDRANO";"242200";"HOSPITALIZACIÓN DE MEDICINA PSIQUIATRÍA ";"3";"6";"78";"6";"3";"93";"0"
"2023";"07";"211101";"PUNO";"SAN ROMAN";"JULIACA";"GOBIERNO REGIONAL";"II-2";"00003299";"CARLOS MONJE MEDRANO";"241200";"HOSPITALIZACIÓN QUIRÚRGICA TRAUMATOLOGÍA Y ORTOPEDIA ";"26";"35";"226";"35";"12";"372";"0"
"2023";"07";"211101";"PUNO";"SAN ROMAN";"JULIACA";"GOBIERNO REGIONAL";"II-2";"00003299";"CARLOS MONJE MEDRANO";"250100";"UNIDAD DE CUIDADOS CRITICOS UNIDAD  DE CUIDADOS INTENSIVOS GENERALES (UCI) ";"1";"3";"49";"3";"6";"186";"2"
"2023";"07";"211101";"PUNO";"SAN ROMAN";"JULIACA";"GOBIERNO REGIONAL";"II-2";"00003299";"CARLOS MONJE MEDRANO";"250105";"UNIDAD DE CUIDADOS CRITICOS UNIDAD  DE CUIDADOS INTENSIVOS  (UCI) NEONATOLOGÍA";"19";"21";"127";"21";"6";"186";"2"
"2023";"07";"211101";"PUNO";"SAN ROMAN";"JULIACA";"GOBIERNO REGIONAL";"II-2";"00003299";"CARLOS MONJE MEDRANO";"250108";"UNIDAD DE CUIDADOS CRITICOS UNIDAD  DE CUIDADOS INTENSIVOS  (UCI) PEDIÁTRICA";"3";"3";"17";"3";"6";"186";"1"
"2023";"07";"211101";"PUNO";"SAN ROMAN";"JULIACA";"GOBIERNO REGIONAL";"II-2";"00003299";"CARLOS MONJE MEDRANO";"250200";"UNIDAD DE CUIDADOS CRITICOS UNIDAD DE CUIDADOS INTERMEDIOS GENERAL  (UCIN) ";"4";"7";"68";"7";"6";"186";"0"
"2023";"07";"211101";"PUNO";"SAN ROMAN";"JULIACA";"GOBIERNO REGIONAL";"II-2";"00003299";"CARLOS MONJE MEDRANO";"241300";"HOSPITALIZACIÓN QUIRÚRGICA UROLOGÍA  ";"3";"5";"40";"5";"3";"93";"0"
"2023";"07";"220101";"SAN MARTIN";"MOYOBAMBA";"MOYOBAMBA";"GOBIERNO REGIONAL";"I-1";"00006324";"SHIMPIYACU";"NE_0002";"";"NE_0002";"NE_0002";"NE_0002";"NE_0002";"NE_0002";"NE_0002";"NE_0002"
"2023";"07";"150114";"LIMA";"LIMA";"LA MOLINA";"PRIVADO";"II-2";"00009153";"CLINICA MONTEFIORI";"250100";"UNIDAD DE CUIDADOS CRITICOS UNIDAD  DE CUIDADOS INTENSIVOS GENERALES (UCI) ";"3";"4";"23";"22";"3";"86";"1"
"2023";"07";"150114";"LIMA";"LIMA";"LA MOLINA";"PRIVADO";"II-2";"00009153";"CLINICA MONTEFIORI";"240000";"HOSPITALIZACIÓN";"420";"415";"1045";"971";"43";"1419";"0"
"2023";"07";"120434";"JUNIN";"JAUJA";"YAUYOS";"GOBIERNO REGIONAL";"I-3";"00000377";"YAUYOS";"NE_0002";"";"NE_0002";"NE_0002";"NE_0002";"NE_0002";"NE_0002";"NE_0002";"NE_0002"
"2023";"07";"120423";"JUNIN";"JAUJA";"PACCHA";"GOBIERNO REGIONAL";"I-1";"00000370";"CANCHAPUNCO";"NE_0002";"";"NE_0002";"NE_0002";"NE_0002";"NE_0002";"NE_0002";"NE_0002";"NE_0002"
"2023";"07";"120423";"JUNIN";"JAUJA";"PACCHA";"GOBIERNO REGIONAL";"I-1";"00000373";"PATACANCHA";"NE_0002";"";"NE_0002";"NE_0002";"NE_0002";"NE_0002";"NE_0002";"NE_0002";"NE_0002"
"2023";"07";"150140";"LIMA";"LIMA";"SANTIAGO DE SURCO";"PRIVADO";"III-1";"00009988";"CLINICA SAN PABLO SAC";"240000";"HOSPITALIZACIÓN";"611";"618";"2214";"2380";"101";"3131";"4"
"2023";"07";"150140";"LIMA";"LIMA";"SANTIAGO DE SURCO";"PRIVADO";"III-1";"00009988";"CLINICA SAN PABLO SAC";"250200";"UNIDAD DE CUIDADOS CRITICOS UNIDAD DE CUIDADOS INTERMEDIOS GENERAL  (UCIN) ";"2";"2";"12";"20";"10";"310";"0"
"2023";"07";"150140";"LIMA";"LIMA";"SANTIAGO DE SURCO";"PRIVADO";"III-1";"00009988";"CLINICA SAN PABLO SAC";"250108";"UNIDAD DE CUIDADOS CRITICOS UNIDAD  DE CUIDADOS INTENSIVOS  (UCI) PEDIÁTRICA";"15";"18";"77";"88";"8";"248";"1"
"2023";"07";"150140";"LIMA";"LIMA";"SANTIAGO DE SURCO";"PRIVADO";"III-1";"00009988";"CLINICA SAN PABLO SAC";"250100";"UNIDAD DE CUIDADOS CRITICOS UNIDAD  DE CUIDADOS INTENSIVOS GENERALES (UCI) ";"66";"68";"179";"232";"13";"403";"6"
"2023";"07";"250101";"UCAYALI";"CORONEL PORTILLO";"CALLERIA";"GOBIERNO REGIONAL";"II-2";"00005576";"HOSPITAL REGIONAL DE PUCALLPA";"241900";"HOSPITALIZACIÓN DE MEDICINA MEDICINA INTERNA ";"44";"39";"291";"204";"9";"279";"3"
"2023";"03";"220901";"SAN MARTIN";"SAN MARTIN";"TARAPOTO";"PRIVADO";"II-E";"00008269";"CLINICA SAN MARTIN";"240100";"HOSPITALIZACIÓN QUIRÚRGICA CIRUGÍA GENERAL ";"3";"3";"4";"6";"13";"15";"0"
"2023";"03";"220901";"SAN MARTIN";"SAN MARTIN";"TARAPOTO";"PRIVADO";"II-E";"00008269";"CLINICA SAN MARTIN";"240900";"HOSPITALIZACIÓN QUIRÚRGICA NEUROCIRUGÍA ";"1";"1";"4";"2";"13";"16";"0"
"2023";"03";"220901";"SAN MARTIN";"SAN MARTIN";"TARAPOTO";"PRIVADO";"II-E";"00008269";"CLINICA SAN MARTIN";"241200";"HOSPITALIZACIÓN QUIRÚRGICA TRAUMATOLOGÍA Y ORTOPEDIA ";"6";"6";"10";"12";"13";"24";"0"
"2023";"03";"220901";"SAN MARTIN";"SAN MARTIN";"TARAPOTO";"PRIVADO";"II-E";"00008269";"CLINICA SAN MARTIN";"241300";"HOSPITALIZACIÓN QUIRÚRGICA UROLOGÍA  ";"1";"1";"1";"2";"13";"30";"0"
"2023";"03";"220901";"SAN MARTIN";"SAN MARTIN";"TARAPOTO";"PRIVADO";"II-E";"00008269";"CLINICA SAN MARTIN";"241500";"HOSPITALIZACIÓN QUIRÚRGICA GINECOLOGÍA  ";"10";"10";"14";"18";"13";"36";"0"
"2023";"03";"220901";"SAN MARTIN";"SAN MARTIN";"TARAPOTO";"PRIVADO";"II-E";"00008269";"CLINICA SAN MARTIN";"241800";"HOSPITALIZACIÓN DE MEDICINA MEDICINA GENERAL ";"18";"18";"31";"30";"13";"57";"0"
"2023";"03";"220901";"SAN MARTIN";"SAN MARTIN";"TARAPOTO";"PRIVADO";"II-E";"00008269";"CLINICA SAN MARTIN";"241900";"HOSPITALIZACIÓN DE MEDICINA MEDICINA INTERNA ";"3";"3";"12";"6";"13";"32";"0"
"2023";"03";"220901";"SAN MARTIN";"SAN MARTIN";"TARAPOTO";"PRIVADO";"II-E";"00008269";"CLINICA SAN MARTIN";"242300";"HOSPITALIZACIÓN DE PEDIATRÍA  PEDIATRÍA  GENERAL ";"11";"11";"19";"14";"13";"28";"0"
"2023";"03";"130401";"LA LIBERTAD";"CHEPEN";"CHEPEN";"GOBIERNO REGIONAL";"II-1";"00005299";"HOSPITAL DE APOYO CHEPEN";"240100";"HOSPITALIZACIÓN QUIRÚRGICA CIRUGÍA GENERAL ";"42";"45";"205";"232";"16";"496";"0"
"2023";"03";"130401";"LA LIBERTAD";"CHEPEN";"CHEPEN";"GOBIERNO REGIONAL";"II-1";"00005299";"HOSPITAL DE APOYO CHEPEN";"241400";"HOSPITALIZACIÓN QUIRÚRGICA GINECO - OBSTETRICIA ";"159";"149";"293";"547";"24";"744";"0"
"2023";"03";"130401";"LA LIBERTAD";"CHEPEN";"CHEPEN";"GOBIERNO REGIONAL";"II-1";"00005299";"HOSPITAL DE APOYO CHEPEN";"241800";"HOSPITALIZACIÓN DE MEDICINA MEDICINA GENERAL ";"58";"55";"291";"346";"20";"620";"1"
"2023";"03";"130401";"LA LIBERTAD";"CHEPEN";"CHEPEN";"GOBIERNO REGIONAL";"II-1";"00005299";"HOSPITAL DE APOYO CHEPEN";"242500";"HOSPITALIZACIÓN-PEDIATRÍA GENERAL-";"23";"25";"103";"111";"24";"744";"0"
"2023";"03";"110101";"ICA";"ICA";"ICA";"GOBIERNO REGIONAL";"I-2";"00003385";"SAN MARTIN DE PORRAS";"NE_0001";"";"NE_0001";"NE_0001";"NE_0001";"NE_0001";"NE_0001";"NE_0001";"NE_0001"
"2023";"03";"110110";"ICA";"ICA";"SAN JUAN BAUTISTA";"MINSA";"I-2";"00003387";"CAMINO DE REYES";"NE_0001";"";"NE_0001";"NE_0001";"NE_0001";"NE_0001";"NE_0001";"NE_0001";"NE_0001"
"2023";"03";"110110";"ICA";"ICA";"SAN JUAN BAUTISTA";"GOBIERNO REGIONAL";"I-3";"00003364";"SAN JUAN BAUTISTA";"NE_0001";"";"NE_0001";"NE_0001";"NE_0001";"NE_0001";"NE_0001";"NE_0001";"NE_0001"
"2023";"03";"110112";"ICA";"ICA";"SUBTANJALLA";"MINSA";"I-3";"00003381";"FONAVI IV";"NE_0001";"";"NE_0001";"NE_0001";"NE_0001";"NE_0001";"NE_0001";"NE_0001";"NE_0001"
"2023";"03";"110110";"ICA";"ICA";"SAN JUAN BAUTISTA";"GOBIERNO REGIONAL";"I-3";"00003386";"EL CARMEN-OLIVO";"NE_0001";"";"NE_0001";"NE_0001";"NE_0001";"NE_0001";"NE_0001";"NE_0001";"NE_0001"
"2023";"03";"150141";"LIMA";"LIMA";"SURQUILLO";"ESSALUD";"I-3";"00013091";"CENTRO DE ATENCION PRIMARIA III SURQUILLO";"NE_0001";"";"NE_0001";"NE_0001";"NE_0001";"NE_0001";"NE_0001";"NE_0001";"NE_0001"
"2023";"05";"180301";"MOQUEGUA";"ILO";"ILO";"GOBIERNO REGIONAL";"II-1";"00002818";"HOSPITAL ILO";"240100";"HOSPITALIZACIÓN QUIRÚRGICA CIRUGÍA GENERAL ";"14";"14";"47";"91";"9";"279";"0"
"2023";"05";"180301";"MOQUEGUA";"ILO";"ILO";"GOBIERNO REGIONAL";"II-1";"00002818";"HOSPITAL ILO";"241800";"HOSPITALIZACIÓN DE MEDICINA MEDICINA GENERAL ";"17";"17";"95";"106";"30";"930";"3"
"2023";"05";"180301";"MOQUEGUA";"ILO";"ILO";"GOBIERNO REGIONAL";"II-1";"00002818";"HOSPITAL ILO";"242500";"HOSPITALIZACIÓN-PEDIATRÍA GENERAL-";"29";"29";"97";"69";"4";"124";"0"
"2023";"05";"180301";"MOQUEGUA";"ILO";"ILO";"GOBIERNO REGIONAL";"II-1";"00002818";"HOSPITAL ILO";"241500";"HOSPITALIZACIÓN QUIRÚRGICA GINECOLOGÍA  ";"13";"13";"38";"62";"3";"93";"0"
"2023";"05";"180301";"MOQUEGUA";"ILO";"ILO";"GOBIERNO REGIONAL";"II-1";"00002818";"HOSPITAL ILO";"243200";"HOSPITALIZACIÓN DE PEDIATRÍA PEDIATRIA NEONATOLOGÍA";"7";"7";"27";"19";"3";"93";"0"
"2023";"05";"180301";"MOQUEGUA";"ILO";"ILO";"GOBIERNO REGIONAL";"II-1";"00002818";"HOSPITAL ILO";"241400";"HOSPITALIZACIÓN QUIRÚRGICA GINECO - OBSTETRICIA ";"18";"18";"61";"122";"7";"217";"0"
"2023";"05";"180301";"MOQUEGUA";"ILO";"ILO";"GOBIERNO REGIONAL";"II-1";"00002818";"HOSPITAL ILO";"241600";"HOSPITALIZACIÓN QUIRÚRGICA OBSTETRICIA   ";"58";"58";"120";"196";"10";"310";"0"
"2023";"05";"020105";"ANCASH";"HUARAZ";"INDEPENDENCIA";"PRIVADO";"II-1";"00012671";"CLINICA SAN PABLO SEDE HUARAZ";"250100";"UNIDAD DE CUIDADOS CRITICOS UNIDAD  DE CUIDADOS INTENSIVOS GENERALES (UCI) ";"4";"4";"29";"33";"5";"155";"0"
"2023";"05";"020105";"ANCASH";"HUARAZ";"INDEPENDENCIA";"PRIVADO";"II-1";"00012671";"CLINICA SAN PABLO SEDE HUARAZ";"240000";"HOSPITALIZACIÓN";"174";"166";"419";"579";"24";"744";"1"
"2023";"08";"120214";"JUNIN";"CONCEPCION";"SAN JOSE DE QUERO";"GOBIERNO REGIONAL";"I-3";"00000641";"SAN JOSE DE QUERO";"NE_0001";"";"NE_0001";"NE_0001";"NE_0001";"NE_0001";"NE_0001";"NE_0001";"NE_0001"
"2023";"08";"120214";"JUNIN";"CONCEPCION";"SAN JOSE DE QUERO";"GOBIERNO REGIONAL";"I-1";"00000644";"SANTA ROSA DE HUARMITA";"NE_0001";"";"NE_0001";"NE_0001";"NE_0001";"NE_0001";"NE_0001";"NE_0001";"NE_0001"
"2023";"08";"120214";"JUNIN";"CONCEPCION";"SAN JOSE DE QUERO";"GOBIERNO REGIONAL";"I-1";"00006738";"SULCAN";"NE_0001";"";"NE_0001";"NE_0001";"NE_0001";"NE_0001";"NE_0001";"NE_0001";"NE_0001"
"2023";"08";"120214";"JUNIN";"CONCEPCION";"SAN JOSE DE QUERO";"GOBIERNO REGIONAL";"I-1";"00000643";"SAN ROQUE DE HUARMITA";"NE_0001";"";"NE_0001";"NE_0001";"NE_0001";"NE_0001";"NE_0001";"NE_0001";"NE_0001"
"2023";"08";"120214";"JUNIN";"CONCEPCION";"SAN JOSE DE QUERO";"GOBIERNO REGIONAL";"I-2";"00000645";"USIBAMBA";"NE_0001";"";"NE_0001";"NE_0001";"NE_0001";"NE_0001";"NE_0001";"NE_0001";"NE_0001"
"2023";"08";"120214";"JUNIN";"CONCEPCION";"SAN JOSE DE QUERO";"GOBIERNO REGIONAL";"I-2";"00000642";"CHAQUICOCHA";"NE_0001";"";"NE_0001";"NE_0001";"NE_0001";"NE_0001";"NE_0001";"NE_0001";"NE_0001"
"2023";"08";"220401";"SAN MARTIN";"HUALLAGA";"SAPOSOA";"GOBIERNO REGIONAL";"I-1";"00006534";"SAN ANDRES";"NE_0001";"";"NE_0001";"NE_0001";"NE_0001";"NE_0001";"NE_0001";"NE_0001";"NE_0001"
"2023";"08";"220401";"SAN MARTIN";"HUALLAGA";"SAPOSOA";"GOBIERNO REGIONAL";"I-1";"00006535";"SAN REGIS";"NE_0001";"";"NE_0001";"NE_0001";"NE_0001";"NE_0001";"NE_0001";"NE_0001";"NE_0001"
"2023";"08";"220402";"SAN MARTIN";"HUALLAGA";"ALTO SAPOSOA";"GOBIERNO REGIONAL";"I-1";"00006540";"NUEVA VIDA";"NE_0001";"";"NE_0001";"NE_0001";"NE_0001";"NE_0001";"NE_0001";"NE_0001";"NE_0001"
"2023";"08";"220401";"SAN MARTIN";"HUALLAGA";"SAPOSOA";"GOBIERNO REGIONAL";"I-1";"00006531";"ALMENDRAS";"NE_0001";"";"NE_0001";"NE_0001";"NE_0001";"NE_0001";"NE_0001";"NE_0001";"NE_0001"
"2023";"08";"220404";"SAN MARTIN";"HUALLAGA";"PISCOYACU";"GOBIERNO REGIONAL";"I-1";"00006533";"PISCOYACU";"NE_0001";"";"NE_0001";"NE_0001";"NE_0001";"NE_0001";"NE_0001";"NE_0001";"NE_0001"
"2023";"08";"220401";"SAN MARTIN";"HUALLAGA";"SAPOSOA";"GOBIERNO REGIONAL";"I-1";"00021587";"ALTO PACHIZA";"NE_0001";"";"NE_0001";"NE_0001";"NE_0001";"NE_0001";"NE_0001";"NE_0001";"NE_0001"
"2023";"08";"220401";"SAN MARTIN";"HUALLAGA";"SAPOSOA";"GOBIERNO REGIONAL";"I-1";"00006532";"PALTAICO";"NE_0001";"";"NE_0001";"NE_0001";"NE_0001";"NE_0001";"NE_0001";"NE_0001";"NE_0001"
"2023";"08";"220401";"SAN MARTIN";"HUALLAGA";"SAPOSOA";"GOBIERNO REGIONAL";"I-1";"00006530";"7 DE JUNIO-AHUIHUA";"NE_0001";"";"NE_0001";"NE_0001";"NE_0001";"NE_0001";"NE_0001";"NE_0001";"NE_0001"
"2023";"08";"220402";"SAN MARTIN";"HUALLAGA";"ALTO SAPOSOA";"GOBIERNO REGIONAL";"I-1";"00006541";"YACUSISA";"NE_0001";"";"NE_0001";"NE_0001";"NE_0001";"NE_0001";"NE_0001";"NE_0001";"NE_0001"
"2023";"08";"220401";"SAN MARTIN";"HUALLAGA";"SAPOSOA";"GOBIERNO REGIONAL";"I-3";"00006538";"EL DORADO";"241600";"HOSPITALIZACIÓN QUIRÚRGICA OBSTETRICIA   ";"3";"5";"6";"20";"4";"30";"0"
"2023";"08";"220401";"SAN MARTIN";"HUALLAGA";"SAPOSOA";"GOBIERNO REGIONAL";"I-1";"00006536";"INTIYACU";"NE_0001";"";"NE_0001";"NE_0001";"NE_0001";"NE_0001";"NE_0001";"NE_0001";"NE_0001"
"2023";"08";"220401";"SAN MARTIN";"HUALLAGA";"SAPOSOA";"GOBIERNO REGIONAL";"I-1";"00006537";"CHAMBIRA";"NE_0001";"";"NE_0001";"NE_0001";"NE_0001";"NE_0001";"NE_0001";"NE_0001";"NE_0001"
"2023";"08";"220402";"SAN MARTIN";"HUALLAGA";"ALTO SAPOSOA";"GOBIERNO REGIONAL";"I-2";"00006539";"PASARRAYA";"NE_0001";"";"NE_0001";"NE_0001";"NE_0001";"NE_0001";"NE_0001";"NE_0001";"NE_0001"
"2023";"08";"220401";"SAN MARTIN";"HUALLAGA";"SAPOSOA";"GOBIERNO REGIONAL";"I-1";"00026163";"AGUA AZUL";"NE_0001";"";"NE_0001";"NE_0001";"NE_0001";"NE_0001";"NE_0001";"NE_0001";"NE_0001"
"2023";"08";"220401";"SAN MARTIN";"HUALLAGA";"SAPOSOA";"GOBIERNO REGIONAL";"I-1";"00006534";"SAN ANDRES";"NE_0001";"";"NE_0001";"NE_0001";"NE_0001";"NE_0001";"NE_0001";"NE_0001";"NE_0001"
"2023";"08";"220401";"SAN MARTIN";"HUALLAGA";"SAPOSOA";"GOBIERNO REGIONAL";"I-1";"00006535";"SAN REGIS";"NE_0001";"";"NE_0001";"NE_0001";"NE_0001";"NE_0001";"NE_0001";"NE_0001";"NE_0001"
"2023";"08";"220402";"SAN MARTIN";"HUALLAGA";"ALTO SAPOSOA";"GOBIERNO REGIONAL";"I-1";"00006540";"NUEVA VIDA";"NE_0001";"";"NE_0001";"NE_0001";"NE_0001";"NE_0001";"NE_0001";"NE_0001";"NE_0001"
"2023";"08";"220401";"SAN MARTIN";"HUALLAGA";"SAPOSOA";"GOBIERNO REGIONAL";"I-4";"00006529";"RURAL SAPOSOA";"240100";"HOSPITALIZACIÓN QUIRÚRGICA CIRUGÍA GENERAL ";"7";"7";"17";"21";"2";"30";"0"
"2023";"08";"220401";"SAN MARTIN";"HUALLAGA";"SAPOSOA";"GOBIERNO REGIONAL";"I-4";"00006529";"RURAL SAPOSOA";"241300";"HOSPITALIZACIÓN QUIRÚRGICA UROLOGÍA  ";"1";"1";"4";"5";"1";"30";"0"
"2023";"08";"220401";"SAN MARTIN";"HUALLAGA";"SAPOSOA";"GOBIERNO REGIONAL";"I-4";"00006529";"RURAL SAPOSOA";"241400";"HOSPITALIZACIÓN QUIRÚRGICA GINECO - OBSTETRICIA ";"24";"27";"81";"28";"09";"31";"0"
"2023";"08";"220401";"SAN MARTIN";"HUALLAGA";"SAPOSOA";"GOBIERNO REGIONAL";"I-4";"00006529";"RURAL SAPOSOA";"241800";"HOSPITALIZACIÓN DE MEDICINA MEDICINA GENERAL ";"43";"49";"158";"80";"10";"90";"0"
"2023";"08";"220401";"SAN MARTIN";"HUALLAGA";"SAPOSOA";"GOBIERNO REGIONAL";"I-4";"00006529";"RURAL SAPOSOA";"241900";"HOSPITALIZACIÓN DE MEDICINA MEDICINA INTERNA ";"1";"1";"3";"10";"4";"30";"0"
"2023";"08";"220401";"SAN MARTIN";"HUALLAGA";"SAPOSOA";"GOBIERNO REGIONAL";"I-1";"00006531";"ALMENDRAS";"NE_0001";"";"NE_0001";"NE_0001";"NE_0001";"NE_0001";"NE_0001";"NE_0001";"NE_0001"
"2023";"08";"220404";"SAN MARTIN";"HUALLAGA";"PISCOYACU";"GOBIERNO REGIONAL";"I-1";"00006533";"PISCOYACU";"NE_0001";"";"NE_0001";"NE_0001";"NE_0001";"NE_0001";"NE_0001";"NE_0001";"NE_0001"
"2023";"08";"220401";"SAN MARTIN";"HUALLAGA";"SAPOSOA";"GOBIERNO REGIONAL";"I-1";"00021587";"ALTO PACHIZA";"NE_0001";"";"NE_0001";"NE_0001";"NE_0001";"NE_0001";"NE_0001";"NE_0001";"NE_0001"
"2023";"08";"220401";"SAN MARTIN";"HUALLAGA";"SAPOSOA";"GOBIERNO REGIONAL";"I-1";"00006532";"PALTAICO";"NE_0001";"";"NE_0001";"NE_0001";"NE_0001";"NE_0001";"NE_0001";"NE_0001";"NE_0001"
"2023";"08";"220401";"SAN MARTIN";"HUALLAGA";"SAPOSOA";"GOBIERNO REGIONAL";"I-1";"00006530";"7 DE JUNIO-AHUIHUA";"NE_0001";"";"NE_0001";"NE_0001";"NE_0001";"NE_0001";"NE_0001";"NE_0001";"NE_0001"
"2023";"08";"220402";"SAN MARTIN";"HUALLAGA";"ALTO SAPOSOA";"GOBIERNO REGIONAL";"I-1";"00006541";"YACUSISA";"NE_0001";"";"NE_0001";"NE_0001";"NE_0001";"NE_0001";"NE_0001";"NE_0001";"NE_0001"
"2023";"08";"220401";"SAN MARTIN";"HUALLAGA";"SAPOSOA";"GOBIERNO REGIONAL";"I-3";"00006538";"EL DORADO";"241600";"HOSPITALIZACIÓN QUIRÚRGICA OBSTETRICIA   ";"3";"5";"6";"20";"4";"30";"0"
"2023";"08";"220401";"SAN MARTIN";"HUALLAGA";"SAPOSOA";"GOBIERNO REGIONAL";"I-1";"00006536";"INTIYACU";"NE_0001";"";"NE_0001";"NE_0001";"NE_0001";"NE_0001";"NE_0001";"NE_0001";"NE_0001"
"2023";"08";"220401";"SAN MARTIN";"HUALLAGA";"SAPOSOA";"GOBIERNO REGIONAL";"I-1";"00006537";"CHAMBIRA";"NE_0001";"";"NE_0001";"NE_0001";"NE_0001";"NE_0001";"NE_0001";"NE_0001";"NE_0001"
"2023";"08";"220402";"SAN MARTIN";"HUALLAGA";"ALTO SAPOSOA";"GOBIERNO REGIONAL";"I-2";"00006539";"PASARRAYA";"NE_0001";"";"NE_0001";"NE_0001";"NE_0001";"NE_0001";"NE_0001";"NE_0001";"NE_0001"
"2023";"08";"220401";"SAN MARTIN";"HUALLAGA";"SAPOSOA";"GOBIERNO REGIONAL";"I-1";"00026163";"AGUA AZUL";"NE_0001";"";"NE_0001";"NE_0001";"NE_0001";"NE_0001";"NE_0001";"NE_0001";"NE_0001"
"2023";"08";"220405";"SAN MARTIN";"HUALLAGA";"SACANCHE";"GOBIERNO REGIONAL";"I-3";"00006543";"SACANCHE";"NE_0002";"";"NE_0002";"NE_0002";"NE_0002";"NE_0002";"NE_0002";"NE_0002";"NE_0002"
"2023";"08";"220404";"SAN MARTIN";"HUALLAGA";"PISCOYACU";"GOBIERNO REGIONAL";"I-2";"00006545";"NUEVO SACANCHE";"NE_0001";"";"NE_0001";"NE_0001";"NE_0001";"NE_0001";"NE_0001";"NE_0001";"NE_0001"
"2023";"08";"220405";"SAN MARTIN";"HUALLAGA";"SACANCHE";"GOBIERNO REGIONAL";"I-1";"00027002";"LA UNION";"NE_0001";"";"NE_0001";"NE_0001";"NE_0001";"NE_0001";"NE_0001";"NE_0001";"NE_0001"
"2023";"08";"220403";"SAN MARTIN";"HUALLAGA";"EL ESLABON";"GOBIERNO REGIONAL";"I-3";"00006542";"EL ESLABON";"NE_0002";"";"NE_0002";"NE_0002";"NE_0002";"NE_0002";"NE_0002";"NE_0002";"NE_0002"
"2023";"08";"220403";"SAN MARTIN";"HUALLAGA";"EL ESLABON";"GOBIERNO REGIONAL";"I-1";"00006544";"COLLPA";"NE_0001";"";"NE_0001";"NE_0001";"NE_0001";"NE_0001";"NE_0001";"NE_0001";"NE_0001"
"2023";"09";"210401";"PUNO";"CHUCUITO";"JULI";"GOBIERNO REGIONAL";"II-1";"00002990";"JULI";"240100";"HOSPITALIZACIÓN QUIRÚRGICA CIRUGÍA GENERAL ";"5";"5";"11";"20";"5";"150";"0"
"2023";"09";"210401";"PUNO";"CHUCUITO";"JULI";"GOBIERNO REGIONAL";"II-1";"00002990";"JULI";"241500";"HOSPITALIZACIÓN QUIRÚRGICA GINECOLOGÍA  ";"1";"1";"5";"5";"4";"120";"0"
"2023";"09";"210401";"PUNO";"CHUCUITO";"JULI";"GOBIERNO REGIONAL";"II-1";"00002990";"JULI";"241600";"HOSPITALIZACIÓN QUIRÚRGICA OBSTETRICIA   ";"47";"47";"94";"105";"9";"270";"0"
"2023";"09";"210401";"PUNO";"CHUCUITO";"JULI";"GOBIERNO REGIONAL";"II-1";"00002990";"JULI";"241800";"HOSPITALIZACIÓN DE MEDICINA MEDICINA GENERAL ";"8";"8";"34";"45";"6";"180";"1"
"2023";"09";"210401";"PUNO";"CHUCUITO";"JULI";"GOBIERNO REGIONAL";"II-1";"00002990";"JULI";"242500";"HOSPITALIZACIÓN-PEDIATRÍA GENERAL-";"7";"7";"24";"32";"5";"180";"0"
"2023";"09";"060101";"CAJAMARCA";"CAJAMARCA";"CAJAMARCA";"PRIVADO";"I-3";"00024687";"MEDITRAN PERU";"NE_0001";"";"NE_0001";"NE_0001";"NE_0001";"NE_0001";"NE_0001";"NE_0001";"NE_0001"
"2023";"09";"200601";"PIURA";"SULLANA";"SULLANA";"ESSALUD";"I-4";"00010267";"HOSPITAL I ESSALUD-SULLANA";"241800";"HOSPITALIZACIÓN DE MEDICINA MEDICINA GENERAL ";"59";"58";"326";"310";"10";"300";"3"
"2023";"09";"200601";"PIURA";"SULLANA";"SULLANA";"ESSALUD";"I-4";"00010267";"HOSPITAL I ESSALUD-SULLANA";"242300";"HOSPITALIZACIÓN DE PEDIATRÍA  PEDIATRÍA  GENERAL ";"18";"19";"26";"30";"2";"60";"0"
"2023";"09";"200601";"PIURA";"SULLANA";"SULLANA";"ESSALUD";"I-4";"00010267";"HOSPITAL I ESSALUD-SULLANA";"241600";"HOSPITALIZACIÓN QUIRÚRGICA OBSTETRICIA   ";"2";"2";"17";"15";"1";"30";"0"
"2023";"09";"200601";"PIURA";"SULLANA";"SULLANA";"ESSALUD";"I-4";"00010267";"HOSPITAL I ESSALUD-SULLANA";"240100";"HOSPITALIZACIÓN QUIRÚRGICA CIRUGÍA GENERAL ";"13";"14";"41";"50";"2";"60";"0"
"2023";"09";"060801";"CAJAMARCA";"JAEN";"JAEN";"PRIVADO";"II-1";"00015266";"CLINICA Y BOTICA SAN JUAN";"240000";"HOSPITALIZACIÓN";"60";"58";"91";"60";"12";"336";"0"
"2023";"09";"060804";"CAJAMARCA";"JAEN";"COLASAY";"GOBIERNO REGIONAL";"I-1";"00004240";"CUYCA";"NE_0001";"";"NE_0001";"NE_0001";"NE_0001";"NE_0001";"NE_0001";"NE_0001";"NE_0001"
"2023";"09";"060808";"CAJAMARCA";"JAEN";"PUCARA";"GOBIERNO REGIONAL";"I-4";"00004249";"PUCARA";"241800";"HOSPITALIZACIÓN DE MEDICINA MEDICINA GENERAL ";"09";"09";"22";"09";"08";"72";"0"
"2023";"09";"060808";"CAJAMARCA";"JAEN";"PUCARA";"GOBIERNO REGIONAL";"I-4";"00004249";"PUCARA";"241600";"HOSPITALIZACIÓN QUIRÚRGICA OBSTETRICIA   ";"11";"11";"13";"11";"04";"44";"0"
"2023";"09";"120606";"JUNIN";"SATIPO";"PANGOA";"GOBIERNO REGIONAL";"II-1";"00000442";"SAN MARTIN DE PANGOA";"241800";"HOSPITALIZACIÓN DE MEDICINA MEDICINA GENERAL ";"29";"34";"132";"107";"6";"180";"1"
"2023";"09";"120606";"JUNIN";"SATIPO";"PANGOA";"GOBIERNO REGIONAL";"II-1";"00000442";"SAN MARTIN DE PANGOA";"242500";"HOSPITALIZACIÓN-PEDIATRÍA GENERAL-";"13";"13";"37";"46";"8";"240";"0"
"2023";"09";"120606";"JUNIN";"SATIPO";"PANGOA";"GOBIERNO REGIONAL";"II-1";"00000442";"SAN MARTIN DE PANGOA";"240100";"HOSPITALIZACIÓN QUIRÚRGICA CIRUGÍA GENERAL ";"34";"38";"115";"94";"4";"120";"0"
"2023";"09";"120606";"JUNIN";"SATIPO";"PANGOA";"GOBIERNO REGIONAL";"II-1";"00000442";"SAN MARTIN DE PANGOA";"241500";"HOSPITALIZACIÓN QUIRÚRGICA GINECOLOGÍA  ";"56";"58";"126";"52";"8";"240";"0"
"2023";"04";"040105";"AREQUIPA";"AREQUIPA";"CHARACATO";"GOBIERNO REGIONAL";"I-3";"00001261";"CENTRO DE SALUD DE CHARACATO";"NE_0001";"";"NE_0001";"NE_0001";"NE_0001";"NE_0001";"NE_0001";"NE_0001";"NE_0001"
"2023";"04";"040113";"AREQUIPA";"AREQUIPA";"POCSI";"GOBIERNO REGIONAL";"I-1";"00001289";"PUESTO DE SALUD PIACA";"NE_0001";"";"NE_0001";"NE_0001";"NE_0001";"NE_0001";"NE_0001";"NE_0001";"NE_0001"
"2023";"04";"040111";"AREQUIPA";"AREQUIPA";"MOLLEBAYA";"GOBIERNO REGIONAL";"I-2";"00001285";"PUESTO DE SALUD MOLLEBAYA";"NE_0001";"";"NE_0001";"NE_0001";"NE_0001";"NE_0001";"NE_0001";"NE_0001";"NE_0001"
"2023";"04";"040114";"AREQUIPA";"AREQUIPA";"POLOBAYA";"GOBIERNO REGIONAL";"I-2";"00001262";"PUESTO DE SALUD POLOBAYA";"NE_0001";"";"NE_0001";"NE_0001";"NE_0001";"NE_0001";"NE_0001";"NE_0001";"NE_0001"
"2023";"04";"040116";"AREQUIPA";"AREQUIPA";"SABANDIA";"GOBIERNO REGIONAL";"I-2";"00001284";"PUESTO DE SALUD LEOPOLDO RONDON - SABANDIA";"NE_0001";"";"NE_0001";"NE_0001";"NE_0001";"NE_0001";"NE_0001";"NE_0001";"NE_0001"
"2023";"04";"040111";"AREQUIPA";"AREQUIPA";"MOLLEBAYA";"GOBIERNO REGIONAL";"I-2";"00011677";"PUESTO DE SALUD MACHAHUAYA";"NE_0001";"";"NE_0001";"NE_0001";"NE_0001";"NE_0001";"NE_0001";"NE_0001";"NE_0001"
"2023";"04";"040127";"AREQUIPA";"AREQUIPA";"YARABAMBA";"GOBIERNO REGIONAL";"I-2";"00001287";"PUESTO DE SALUD YARABAMBA";"NE_0001";"";"NE_0001";"NE_0001";"NE_0001";"NE_0001";"NE_0001";"NE_0001";"NE_0001"
"2023";"04";"040113";"AREQUIPA";"AREQUIPA";"POCSI";"GOBIERNO REGIONAL";"I-1";"00001288";"PUESTO DE SALUD POCSI";"NE_0001";"";"NE_0001";"NE_0001";"NE_0001";"NE_0001";"NE_0001";"NE_0001";"NE_0001"
"2023";"04";"040115";"AREQUIPA";"AREQUIPA";"QUEQUEÑA";"GOBIERNO REGIONAL";"I-2";"00001286";"PUESTO DE SALUD QUEQUEÑA";"NE_0001";"";"NE_0001";"NE_0001";"NE_0001";"NE_0001";"NE_0001";"NE_0001";"NE_0001"
"2023";"04";"060801";"CAJAMARCA";"JAEN";"JAEN";"SANIDAD DE LA POLICIA NACIONAL DEL PERU";"I-3";"00018950";"POLICLINICO POLICIAL JAEN";"NE_0001";"";"NE_0001";"NE_0001";"NE_0001";"NE_0001";"NE_0001";"NE_0001";"NE_0001"
"2023";"04";"061105";"CAJAMARCA";"SAN MIGUEL";"EL PRADO";"GOBIERNO REGIONAL";"I-1";"00004540";"EL GUAYO";"NE_0001";"";"NE_0001";"NE_0001";"NE_0001";"NE_0001";"NE_0001";"NE_0001";"NE_0001"
"2023";"04";"061113";"CAJAMARCA";"SAN MIGUEL";"UNION AGUA BLANCA";"GOBIERNO REGIONAL";"I-1";"00004543";"LIVES";"NE_0001";"";"NE_0001";"NE_0001";"NE_0001";"NE_0001";"NE_0001";"NE_0001";"NE_0001"
"2023";"04";"061101";"CAJAMARCA";"SAN MIGUEL";"SAN MIGUEL";"GOBIERNO REGIONAL";"I-1";"00004541";"TANON CAMPO ALEGRE";"NE_0001";"";"NE_0001";"NE_0001";"NE_0001";"NE_0001";"NE_0001";"NE_0001";"NE_0001"
"2023";"04";"061105";"CAJAMARCA";"SAN MIGUEL";"EL PRADO";"GOBIERNO REGIONAL";"I-1";"00004542";"QUINDEN BAJO";"NE_0001";"";"NE_0001";"NE_0001";"NE_0001";"NE_0001";"NE_0001";"NE_0001";"NE_0001"
"2023";"04";"150128";"LIMA";"LIMA";"RIMAC";"SANIDAD DE LA POLICIA NACIONAL DEL PERU";"II-1";"00016094";"HOSPITAL PNP ""AUGUSTO B. LEGUIA""";"240100";"HOSPITALIZACIÓN QUIRÚRGICA CIRUGÍA GENERAL ";"41";"44";"94";"241";"22";"660";"0"
"2023";"04";"150128";"LIMA";"LIMA";"RIMAC";"SANIDAD DE LA POLICIA NACIONAL DEL PERU";"II-1";"00016094";"HOSPITAL PNP ""AUGUSTO B. LEGUIA""";"241800";"HOSPITALIZACIÓN DE MEDICINA MEDICINA GENERAL ";"38";"37";"439";"126";"39";"1170";"0"
"2023";"04";"081205";"CUSCO";"QUISPICANCHI";"CCATCA";"GOBIERNO REGIONAL";"I-4";"00002528";"CCATCCA";"NE_0002";"";"NE_0002";"NE_0002";"NE_0002";"NE_0002";"NE_0002";"NE_0002";"NE_0002"
"2023";"04";"081210";"CUSCO";"QUISPICANCHI";"OCONGATE";"GOBIERNO REGIONAL";"I-4";"00002536";"OCONGATE";"NE_0002";"";"NE_0002";"NE_0002";"NE_0002";"NE_0002";"NE_0002";"NE_0002";"NE_0002"
"2023";"04";"110304";"ICA";"NAZCA";"MARCONA";"ESSALUD";"I-4";"00013911";"MARIA REICHE NEUMAN";"241800";"HOSPITALIZACIÓN DE MEDICINA MEDICINA GENERAL ";"37";"36";"155";"119";"6";"180";"0"
"2023";"04";"110304";"ICA";"NAZCA";"MARCONA";"ESSALUD";"I-4";"00013911";"MARIA REICHE NEUMAN";"240100";"HOSPITALIZACIÓN QUIRÚRGICA CIRUGÍA GENERAL ";"2";"4";"29";"25";"1";"30";"0"
"2023";"04";"110304";"ICA";"NAZCA";"MARCONA";"ESSALUD";"I-4";"00013911";"MARIA REICHE NEUMAN";"241500";"HOSPITALIZACIÓN QUIRÚRGICA GINECOLOGÍA  ";"15";"15";"47";"32";"2";"60";"0"
"2023";"04";"110304";"ICA";"NAZCA";"MARCONA";"ESSALUD";"I-4";"00013911";"MARIA REICHE NEUMAN";"242300";"HOSPITALIZACIÓN DE PEDIATRÍA  PEDIATRÍA  GENERAL ";"17";"20";"60";"40";"2";"60";"0"
"2023";"04";"150101";"LIMA";"LIMA";"LIMA";"MINSA";"III-1";"00006207";"HOSPITAL NACIONAL ARZOBISPO LOAYZA";"241900";"HOSPITALIZACIÓN DE MEDICINA MEDICINA INTERNA ";"529";"505";"5435";"6072";"214";"6420";"47"
"2023";"04";"150101";"LIMA";"LIMA";"LIMA";"MINSA";"III-1";"00006207";"HOSPITAL NACIONAL ARZOBISPO LOAYZA";"240100";"HOSPITALIZACIÓN QUIRÚRGICA CIRUGÍA GENERAL ";"399";"458";"3079";"3750";"150";"4500";"1"
"2023";"04";"150101";"LIMA";"LIMA";"LIMA";"MINSA";"III-1";"00006207";"HOSPITAL NACIONAL ARZOBISPO LOAYZA";"241500";"HOSPITALIZACIÓN QUIRÚRGICA GINECOLOGÍA  ";"87";"97";"557";"696";"26";"780";"0"
"2023";"04";"150101";"LIMA";"LIMA";"LIMA";"MINSA";"III-1";"00006207";"HOSPITAL NACIONAL ARZOBISPO LOAYZA";"241600";"HOSPITALIZACIÓN QUIRÚRGICA OBSTETRICIA   ";"206";"171";"541";"1391";"50";"1500";"0"
"2023";"04";"150101";"LIMA";"LIMA";"LIMA";"MINSA";"III-1";"00006207";"HOSPITAL NACIONAL ARZOBISPO LOAYZA";"242300";"HOSPITALIZACIÓN DE PEDIATRÍA  PEDIATRÍA  GENERAL ";"103";"97";"536";"742";"29";"870";"1"
"2023";"04";"150101";"LIMA";"LIMA";"LIMA";"MINSA";"III-1";"00006207";"HOSPITAL NACIONAL ARZOBISPO LOAYZA";"250100";"UNIDAD DE CUIDADOS CRITICOS UNIDAD  DE CUIDADOS INTENSIVOS GENERALES (UCI) ";"52";"27";"265";"1059";"44";"1320";"23"
"2023";"04";"150101";"LIMA";"LIMA";"LIMA";"MINSA";"III-1";"00006207";"HOSPITAL NACIONAL ARZOBISPO LOAYZA";"250200";"UNIDAD DE CUIDADOS CRITICOS UNIDAD DE CUIDADOS INTERMEDIOS GENERAL  (UCIN) ";"2";"0";"0";"112";"6";"180";"0"
"2023";"04";"150101";"LIMA";"LIMA";"LIMA";"MINSA";"III-1";"00006207";"HOSPITAL NACIONAL ARZOBISPO LOAYZA";"240801";"HOSPITALIZACIÓN QUIRÚRGICA CIRUGÍA PLÁSTICA/RECONSTRUCTIVA/ REPARADORA QUEMADOS";"20";"22";"455";"595";"22";"660";"0"
"2023";"04";"150101";"LIMA";"LIMA";"LIMA";"MINSA";"III-1";"00006207";"HOSPITAL NACIONAL ARZOBISPO LOAYZA";"250105";"UNIDAD DE CUIDADOS CRITICOS UNIDAD  DE CUIDADOS INTENSIVOS  (UCI) NEONATOLOGÍA";"6";"18";"196";"211";"15";"450";"2"
"2023";"04";"150101";"LIMA";"LIMA";"LIMA";"MINSA";"III-1";"00006207";"HOSPITAL NACIONAL ARZOBISPO LOAYZA";"250101";"UNIDAD DE CUIDADOS CRITICOS UNIDAD  DE CUIDADOS INTENSIVOS GENERALES (UCI) CARDIOLOGIA";"15";"14";"70";"146";"6";"180";"1"
"2023";"04";"150101";"LIMA";"LIMA";"LIMA";"MINSA";"III-1";"00006207";"HOSPITAL NACIONAL ARZOBISPO LOAYZA";"241200";"HOSPITALIZACIÓN QUIRÚRGICA TRAUMATOLOGÍA Y ORTOPEDIA ";"39";"42";"519";"571";"20";"600";"0"
"2023";"04";"150101";"LIMA";"LIMA";"LIMA";"MINSA";"III-1";"00006207";"HOSPITAL NACIONAL ARZOBISPO LOAYZA";"245300";"HOSPITALIZACIÓN DE MEDICINA NEUMOLOGÍA  ";"2";"4";"166";"108";"4";"120";"1"
"2023";"04";"060101";"CAJAMARCA";"CAJAMARCA";"CAJAMARCA";"PRIVADO";"II-1";"00009234";"CLINICA LOS FRESNOS";"240100";"HOSPITALIZACIÓN QUIRÚRGICA CIRUGÍA GENERAL ";"12";"12";"32";"12";"12";"13";"0"
"2023";"04";"060101";"CAJAMARCA";"CAJAMARCA";"CAJAMARCA";"PRIVADO";"II-1";"00009234";"CLINICA LOS FRESNOS";"244300";"HOSPITALIZACIÓN DE MEDICINA GASTROENTEROLOGÍA  ";"1";"1";"1";"1";"1";"2";"0"
"2023";"04";"060101";"CAJAMARCA";"CAJAMARCA";"CAJAMARCA";"PRIVADO";"II-1";"00009234";"CLINICA LOS FRESNOS";"241400";"HOSPITALIZACIÓN QUIRÚRGICA GINECO - OBSTETRICIA ";"14";"14";"37";"14";"14";"15";"0"
"2023";"04";"060101";"CAJAMARCA";"CAJAMARCA";"CAJAMARCA";"PRIVADO";"II-1";"00009234";"CLINICA LOS FRESNOS";"241900";"HOSPITALIZACIÓN DE MEDICINA MEDICINA INTERNA ";"14";"14";"41";"14";"14";"15";"0"
"2023";"04";"060101";"CAJAMARCA";"CAJAMARCA";"CAJAMARCA";"PRIVADO";"II-1";"00009234";"CLINICA LOS FRESNOS";"241200";"HOSPITALIZACIÓN QUIRÚRGICA TRAUMATOLOGÍA Y ORTOPEDIA ";"9";"9";"15";"9";"9";"10";"0"
"2023";"04";"060101";"CAJAMARCA";"CAJAMARCA";"CAJAMARCA";"PRIVADO";"II-1";"00009234";"CLINICA LOS FRESNOS";"242300";"HOSPITALIZACIÓN DE PEDIATRÍA  PEDIATRÍA  GENERAL ";"6";"6";"13";"6";"6";"7";"0"
"2023";"09";"081003";"CUSCO";"PARURO";"CCAPI";"GOBIERNO REGIONAL";"I-2";"00002501";"CCAPI";"NE_0002";"";"NE_0002";"NE_0002";"NE_0002";"NE_0002";"NE_0002";"NE_0002";"NE_0002"
"2023";"09";"081003";"CUSCO";"PARURO";"CCAPI";"GOBIERNO REGIONAL";"I-2";"00002502";"CCOYABAMBA";"NE_0002";"";"NE_0002";"NE_0002";"NE_0002";"NE_0002";"NE_0002";"NE_0002";"NE_0002"
"2023";"09";"081005";"CUSCO";"PARURO";"HUANOQUITE";"GOBIERNO REGIONAL";"I-2";"00002504";"HUANOQUITE";"NE_0002";"";"NE_0002";"NE_0002";"NE_0002";"NE_0002";"NE_0002";"NE_0002";"NE_0002"
"2023";"09";"081004";"CUSCO";"PARURO";"COLCHA";"GOBIERNO REGIONAL";"I-1";"00006978";"CCOCHIRIHUAY";"NE_0002";"";"NE_0002";"NE_0002";"NE_0002";"NE_0002";"NE_0002";"NE_0002";"NE_0002"
"2023";"09";"081006";"CUSCO";"PARURO";"OMACHA";"GOBIERNO REGIONAL";"I-2";"00002506";"ANTAPALLPA";"NE_0002";"";"NE_0002";"NE_0002";"NE_0002";"NE_0002";"NE_0002";"NE_0002";"NE_0002"
"2023";"09";"081007";"CUSCO";"PARURO";"PACCARITAMBO";"GOBIERNO REGIONAL";"I-2";"00002507";"PACCARECTAMBO";"NE_0002";"";"NE_0002";"NE_0002";"NE_0002";"NE_0002";"NE_0002";"NE_0002";"NE_0002"
"2023";"09";"081006";"CUSCO";"PARURO";"OMACHA";"GOBIERNO REGIONAL";"I-1";"00012924";"SAHUA SAHUA";"NE_0002";"";"NE_0002";"NE_0002";"NE_0002";"NE_0002";"NE_0002";"NE_0002";"NE_0002"
"2023";"09";"081006";"CUSCO";"PARURO";"OMACHA";"GOBIERNO REGIONAL";"I-2";"00002505";"OMACHA";"NE_0002";"";"NE_0002";"NE_0002";"NE_0002";"NE_0002";"NE_0002";"NE_0002";"NE_0002"
"2023";"09";"081009";"CUSCO";"PARURO";"YAURISQUE";"GOBIERNO REGIONAL";"I-3";"00002509";"YAURISQUE";"NE_0002";"";"NE_0002";"NE_0002";"NE_0002";"NE_0002";"NE_0002";"NE_0002";"NE_0002"
"2023";"09";"081002";"CUSCO";"PARURO";"ACCHA";"GOBIERNO REGIONAL";"I-3";"00002500";"ACCHA";"NE_0002";"";"NE_0002";"NE_0002";"NE_0002";"NE_0002";"NE_0002";"NE_0002";"NE_0002"
"2023";"09";"081004";"CUSCO";"PARURO";"COLCHA";"GOBIERNO REGIONAL";"I-1";"00002503";"COLCHA";"NE_0002";"";"NE_0002";"NE_0002";"NE_0002";"NE_0002";"NE_0002";"NE_0002";"NE_0002"
"2023";"09";"081006";"CUSCO";"PARURO";"OMACHA";"GOBIERNO REGIONAL";"I-2";"00007147";"PUESTO DE SALUD DE HUASQUILLAY";"NE_0002";"";"NE_0002";"NE_0002";"NE_0002";"NE_0002";"NE_0002";"NE_0002";"NE_0002"
"2023";"09";"081001";"CUSCO";"PARURO";"PARURO";"GOBIERNO REGIONAL";"I-4";"00002499";"PARURO";"NE_0002";"";"NE_0002";"NE_0002";"NE_0002";"NE_0002";"NE_0002";"NE_0002";"NE_0002"
"2023";"09";"021801";"ANCASH";"SANTA";"CHIMBOTE";"GOBIERNO REGIONAL";"II-2";"00001652";"HOSPITAL LA CALETA";"241800";"HOSPITALIZACIÓN DE MEDICINA MEDICINA GENERAL ";"67";"70";"372";"333";"12";"360";"7"
"2023";"09";"021801";"ANCASH";"SANTA";"CHIMBOTE";"GOBIERNO REGIONAL";"II-2";"00001652";"HOSPITAL LA CALETA";"244000";"HOSPITALIZACIÓN DE MEDICINA CARDIOLOGIA ";"2";"0";"0";"21";"1";"30";"0"
"2023";"09";"021801";"ANCASH";"SANTA";"CHIMBOTE";"GOBIERNO REGIONAL";"II-2";"00001652";"HOSPITAL LA CALETA";"244700";"HOSPITALIZACIÓN DE MEDICINA NEUROLOGIA  ";"1";"1";"12";"25";"1";"30";"0"
"2023";"09";"021801";"ANCASH";"SANTA";"CHIMBOTE";"GOBIERNO REGIONAL";"II-2";"00001652";"HOSPITAL LA CALETA";"244300";"HOSPITALIZACIÓN DE MEDICINA GASTROENTEROLOGÍA  ";"8";"8";"65";"53";"2";"60";"0"
"2023";"09";"021801";"ANCASH";"SANTA";"CHIMBOTE";"GOBIERNO REGIONAL";"II-2";"00001652";"HOSPITAL LA CALETA";"245300";"HOSPITALIZACIÓN DE MEDICINA NEUMOLOGÍA  ";"12";"9";"137";"118";"4";"120";"0"
"2023";"09";"021801";"ANCASH";"SANTA";"CHIMBOTE";"GOBIERNO REGIONAL";"II-2";"00001652";"HOSPITAL LA CALETA";"242200";"HOSPITALIZACIÓN DE MEDICINA PSIQUIATRÍA ";"5";"3";"184";"182";"7";"210";"0"
"2023";"09";"021801";"ANCASH";"SANTA";"CHIMBOTE";"GOBIERNO REGIONAL";"II-2";"00001652";"HOSPITAL LA CALETA";"244600";"HOSPITALIZACIÓN DE MEDICINA NEFROLOGIA ";"0";"1";"17";"14";"1";"30";"0"
"2023";"09";"021801";"ANCASH";"SANTA";"CHIMBOTE";"GOBIERNO REGIONAL";"II-2";"00001652";"HOSPITAL LA CALETA";"240100";"HOSPITALIZACIÓN QUIRÚRGICA CIRUGÍA GENERAL ";"93";"89";"247";"254";"11";"330";"0"
"2023";"09";"021801";"ANCASH";"SANTA";"CHIMBOTE";"GOBIERNO REGIONAL";"II-2";"00001652";"HOSPITAL LA CALETA";"241200";"HOSPITALIZACIÓN QUIRÚRGICA TRAUMATOLOGÍA Y ORTOPEDIA ";"17";"18";"88";"135";"5";"150";"0"
"2023";"09";"021801";"ANCASH";"SANTA";"CHIMBOTE";"GOBIERNO REGIONAL";"II-2";"00001652";"HOSPITAL LA CALETA";"241300";"HOSPITALIZACIÓN QUIRÚRGICA UROLOGÍA  ";"14";"14";"49";"57";"3";"90";"0"
"2023";"09";"021801";"ANCASH";"SANTA";"CHIMBOTE";"GOBIERNO REGIONAL";"II-2";"00001652";"HOSPITAL LA CALETA";"240200";"HOSPITALIZACIÓN QUIRÚRGICA CIRUGÍA DE CABEZA Y CUELLO / MÁXILO FACIAL ";"3";"2";"4";"7";"1";"30";"0"
"2023";"09";"021801";"ANCASH";"SANTA";"CHIMBOTE";"GOBIERNO REGIONAL";"II-2";"00001652";"HOSPITAL LA CALETA";"240800";"HOSPITALIZACIÓN QUIRÚRGICA CIRUGÍA PLÁSTICA/RECONSTRUCTIVA/ REPARADORA ";"1";"1";"2";"2";"1";"30";"0"
"2023";"09";"021801";"ANCASH";"SANTA";"CHIMBOTE";"GOBIERNO REGIONAL";"II-2";"00001652";"HOSPITAL LA CALETA";"242500";"HOSPITALIZACIÓN-PEDIATRÍA GENERAL-";"122";"124";"504";"641";"22";"660";"1"
"2023";"09";"021801";"ANCASH";"SANTA";"CHIMBOTE";"GOBIERNO REGIONAL";"II-2";"00001652";"HOSPITAL LA CALETA";"241600";"HOSPITALIZACIÓN QUIRÚRGICA OBSTETRICIA   ";"215";"206";"449";"487";"17";"510";"0"
"2023";"09";"021801";"ANCASH";"SANTA";"CHIMBOTE";"GOBIERNO REGIONAL";"II-2";"00001652";"HOSPITAL LA CALETA";"241500";"HOSPITALIZACIÓN QUIRÚRGICA GINECOLOGÍA  ";"26";"22";"93";"131";"5";"150";"0"
"2023";"09";"060101";"CAJAMARCA";"CAJAMARCA";"CAJAMARCA";"PRIVADO";"II-1";"00009599";"CLINICA SAN FRANCISCO DE ASIS S.A.";"240100";"HOSPITALIZACIÓN QUIRÚRGICA CIRUGÍA GENERAL ";"13";"13";"23";"13";"2";"60";"0"
"2023";"09";"060101";"CAJAMARCA";"CAJAMARCA";"CAJAMARCA";"PRIVADO";"II-1";"00009599";"CLINICA SAN FRANCISCO DE ASIS S.A.";"240200";"HOSPITALIZACIÓN QUIRÚRGICA CIRUGÍA DE CABEZA Y CUELLO / MÁXILO FACIAL ";"1";"1";"1";"1";"2";"60";"0"
"2023";"09";"060101";"CAJAMARCA";"CAJAMARCA";"CAJAMARCA";"PRIVADO";"II-1";"00009599";"CLINICA SAN FRANCISCO DE ASIS S.A.";"240800";"HOSPITALIZACIÓN QUIRÚRGICA CIRUGÍA PLÁSTICA/RECONSTRUCTIVA/ REPARADORA ";"1";"1";"1";"1";"2";"60";"0"
"2023";"09";"060101";"CAJAMARCA";"CAJAMARCA";"CAJAMARCA";"PRIVADO";"II-1";"00009599";"CLINICA SAN FRANCISCO DE ASIS S.A.";"241200";"HOSPITALIZACIÓN QUIRÚRGICA TRAUMATOLOGÍA Y ORTOPEDIA ";"8";"8";"11";"8";"2";"60";"0"
"2023";"09";"060101";"CAJAMARCA";"CAJAMARCA";"CAJAMARCA";"PRIVADO";"II-1";"00009599";"CLINICA SAN FRANCISCO DE ASIS S.A.";"241400";"HOSPITALIZACIÓN QUIRÚRGICA GINECO - OBSTETRICIA ";"10";"10";"10";"10";"2";"60";"0"
"2023";"09";"060101";"CAJAMARCA";"CAJAMARCA";"CAJAMARCA";"PRIVADO";"II-1";"00009599";"CLINICA SAN FRANCISCO DE ASIS S.A.";"241500";"HOSPITALIZACIÓN QUIRÚRGICA GINECOLOGÍA  ";"1";"1";"1";"1";"2";"60";"0"
"2023";"09";"060101";"CAJAMARCA";"CAJAMARCA";"CAJAMARCA";"PRIVADO";"II-1";"00009599";"CLINICA SAN FRANCISCO DE ASIS S.A.";"241900";"HOSPITALIZACIÓN DE MEDICINA MEDICINA INTERNA ";"1";"1";"4";"1";"2";"60";"0"
"2023";"09";"060101";"CAJAMARCA";"CAJAMARCA";"CAJAMARCA";"PRIVADO";"II-1";"00009599";"CLINICA SAN FRANCISCO DE ASIS S.A.";"244400";"HOSPITALIZACIÓN DE MEDICINA GERIATRIA ";"1";"1";"4";"1";"2";"60";"0"
"2023";"09";"150101";"LIMA";"LIMA";"LIMA";"OTRO";"III-2";"00027929";"INSTITUTO DE MEDICINA LEGAL DEL PERÚ";"NE_0001";"";"NE_0001";"NE_0001";"NE_0001";"NE_0001";"NE_0001";"NE_0001";"NE_0001"
"2023";"09";"060603";"CAJAMARCA";"CUTERVO";"CHOROS";"GOBIERNO REGIONAL";"I-1";"00004972";"MESARRUME";"NE_0001";"";"NE_0001";"NE_0001";"NE_0001";"NE_0001";"NE_0001";"NE_0001";"NE_0001"
"2023";"09";"060603";"CAJAMARCA";"CUTERVO";"CHOROS";"GOBIERNO REGIONAL";"I-3";"00004971";"CHOROS";"NE_0001";"";"NE_0001";"NE_0001";"NE_0001";"NE_0001";"NE_0001";"NE_0001";"NE_0001"
"2023";"09";"060604";"CAJAMARCA";"CUTERVO";"CUJILLO";"GOBIERNO REGIONAL";"I-1";"00004975";"YUNCHACO";"NE_0001";"";"NE_0001";"NE_0001";"NE_0001";"NE_0001";"NE_0001";"NE_0001";"NE_0001"
"2023";"09";"060613";"CAJAMARCA";"CUTERVO";"SANTO TOMAS";"GOBIERNO REGIONAL";"I-1";"00004976";"MALLETA";"NE_0001";"";"NE_0001";"NE_0001";"NE_0001";"NE_0001";"NE_0001";"NE_0001";"NE_0001"
"2023";"09";"150131";"LIMA";"LIMA";"SAN ISIDRO";"PRIVADO";"I-4";"00008389";"IPOR: INSTITUTO PERUANO DE ONCOLOGIA & RADIOTERAPIA";"NE_0001";"";"NE_0001";"NE_0001";"NE_0001";"NE_0001";"NE_0001";"NE_0001";"NE_0001"
"2023";"09";"150130";"LIMA";"LIMA";"SAN BORJA";"PRIVADO";"II-E";"00015078";"NOVO Q";"240000";"HOSPITALIZACIÓN";"79";"76";"87";"83";"12";"277";"0"
"2023";"09";"110101";"ICA";"ICA";"ICA";"PRIVADO";"II-E";"00009627";"SAN MARTIN";"240000";"HOSPITALIZACIÓN";"0";"2";"8";"3";"6";"180";"0"
"2023";"09";"080207";"CUSCO";"ACOMAYO";"SANGARARA";"GOBIERNO REGIONAL";"I-2";"00002325";"PUESTO DE SALUD MARCACONGA";"NE_0002";"";"NE_0002";"NE_0002";"NE_0002";"NE_0002";"NE_0002";"NE_0002";"NE_0002"
"2023";"09";"080201";"CUSCO";"ACOMAYO";"ACOMAYO";"GOBIERNO REGIONAL";"I-4";"00002317";"ACOMAYO";"NE_0002";"";"NE_0002";"NE_0002";"NE_0002";"NE_0002";"NE_0002";"NE_0002";"NE_0002"
"2023";"09";"080202";"CUSCO";"ACOMAYO";"ACOPIA";"GOBIERNO REGIONAL";"I-1";"00002318";"ACOPIA";"NE_0002";"";"NE_0002";"NE_0002";"NE_0002";"NE_0002";"NE_0002";"NE_0002";"NE_0002"
"2023";"09";"080205";"CUSCO";"ACOMAYO";"POMACANCHI";"GOBIERNO REGIONAL";"I-4";"00002321";"POMACANCHI";"NE_0002";"";"NE_0002";"NE_0002";"NE_0002";"NE_0002";"NE_0002";"NE_0002";"NE_0002"
"2023";"09";"080205";"CUSCO";"ACOMAYO";"POMACANCHI";"GOBIERNO REGIONAL";"I-1";"00002322";"SAN JUAN DE POMACANCHI";"NE_0002";"";"NE_0002";"NE_0002";"NE_0002";"NE_0002";"NE_0002";"NE_0002";"NE_0002"
"2023";"09";"080203";"CUSCO";"ACOMAYO";"ACOS";"GOBIERNO REGIONAL";"I-1";"00002319";"ACOS";"NE_0002";"";"NE_0002";"NE_0002";"NE_0002";"NE_0002";"NE_0002";"NE_0002";"NE_0002"
"2023";"05";"140106";"LAMBAYEQUE";"CHICLAYO";"LA VICTORIA";"PRIVADO";"II-E";"00010972";"HOSPITAL PRIVADO JUAN PABLO II SAC";"240000";"HOSPITALIZACIÓN";"250";"302";"800";"400";"38";"1178";"10"
"2023";"05";"220401";"SAN MARTIN";"HUALLAGA";"SAPOSOA";"GOBIERNO REGIONAL";"I-1";"00006534";"SAN ANDRES";"NE_0001";"";"NE_0001";"NE_0001";"NE_0001";"NE_0001";"NE_0001";"NE_0001";"NE_0001"
"2023";"05";"220401";"SAN MARTIN";"HUALLAGA";"SAPOSOA";"GOBIERNO REGIONAL";"I-1";"00006535";"SAN REGIS";"NE_0001";"";"NE_0001";"NE_0001";"NE_0001";"NE_0001";"NE_0001";"NE_0001";"NE_0001"
"2023";"05";"220402";"SAN MARTIN";"HUALLAGA";"ALTO SAPOSOA";"GOBIERNO REGIONAL";"I-1";"00006540";"NUEVA VIDA";"NE_0001";"";"NE_0001";"NE_0001";"NE_0001";"NE_0001";"NE_0001";"NE_0001";"NE_0001"
"2023";"05";"220401";"SAN MARTIN";"HUALLAGA";"SAPOSOA";"GOBIERNO REGIONAL";"I-4";"00006529";"RURAL SAPOSOA";"240100";"HOSPITALIZACIÓN QUIRÚRGICA CIRUGÍA GENERAL ";"10";"10";"11";"30";"3";"30";"0"
"2023";"05";"220401";"SAN MARTIN";"HUALLAGA";"SAPOSOA";"GOBIERNO REGIONAL";"I-4";"00006529";"RURAL SAPOSOA";"241400";"HOSPITALIZACIÓN QUIRÚRGICA GINECO - OBSTETRICIA ";"53";"54";"98";"60";"5";"60";"0"
"2023";"05";"220401";"SAN MARTIN";"HUALLAGA";"SAPOSOA";"GOBIERNO REGIONAL";"I-4";"00006529";"RURAL SAPOSOA";"241800";"HOSPITALIZACIÓN DE MEDICINA MEDICINA GENERAL ";"50";"55";"198";"80";"14";"80";"0"
"2023";"05";"220401";"SAN MARTIN";"HUALLAGA";"SAPOSOA";"GOBIERNO REGIONAL";"I-4";"00006529";"RURAL SAPOSOA";"242500";"HOSPITALIZACIÓN-PEDIATRÍA GENERAL-";"1";"1";"6";"25";"2";"25";"0"
"2023";"05";"220401";"SAN MARTIN";"HUALLAGA";"SAPOSOA";"GOBIERNO REGIONAL";"I-1";"00006531";"ALMENDRAS";"NE_0001";"";"NE_0001";"NE_0001";"NE_0001";"NE_0001";"NE_0001";"NE_0001";"NE_0001"
"2023";"05";"220404";"SAN MARTIN";"HUALLAGA";"PISCOYACU";"GOBIERNO REGIONAL";"I-1";"00006533";"PISCOYACU";"NE_0001";"";"NE_0001";"NE_0001";"NE_0001";"NE_0001";"NE_0001";"NE_0001";"NE_0001"
"2023";"05";"220401";"SAN MARTIN";"HUALLAGA";"SAPOSOA";"GOBIERNO REGIONAL";"I-1";"00021587";"ALTO PACHIZA";"NE_0001";"";"NE_0001";"NE_0001";"NE_0001";"NE_0001";"NE_0001";"NE_0001";"NE_0001"
"2023";"05";"220401";"SAN MARTIN";"HUALLAGA";"SAPOSOA";"GOBIERNO REGIONAL";"I-1";"00006532";"PALTAICO";"NE_0001";"";"NE_0001";"NE_0001";"NE_0001";"NE_0001";"NE_0001";"NE_0001";"NE_0001"
"2023";"05";"220401";"SAN MARTIN";"HUALLAGA";"SAPOSOA";"GOBIERNO REGIONAL";"I-1";"00006530";"7 DE JUNIO-AHUIHUA";"NE_0001";"";"NE_0001";"NE_0001";"NE_0001";"NE_0001";"NE_0001";"NE_0001";"NE_0001"
"2023";"05";"220402";"SAN MARTIN";"HUALLAGA";"ALTO SAPOSOA";"GOBIERNO REGIONAL";"I-1";"00006541";"YACUSISA";"NE_0001";"";"NE_0001";"NE_0001";"NE_0001";"NE_0001";"NE_0001";"NE_0001";"NE_0001"
"2023";"05";"220401";"SAN MARTIN";"HUALLAGA";"SAPOSOA";"GOBIERNO REGIONAL";"I-3";"00006538";"EL DORADO";"NE_0002";"";"NE_0002";"NE_0002";"NE_0002";"NE_0002";"NE_0002";"NE_0002";"NE_0002"
"2023";"05";"220401";"SAN MARTIN";"HUALLAGA";"SAPOSOA";"GOBIERNO REGIONAL";"I-1";"00006536";"INTIYACU";"NE_0001";"";"NE_0001";"NE_0001";"NE_0001";"NE_0001";"NE_0001";"NE_0001";"NE_0001"
"2023";"05";"220401";"SAN MARTIN";"HUALLAGA";"SAPOSOA";"GOBIERNO REGIONAL";"I-1";"00006537";"CHAMBIRA";"NE_0001";"";"NE_0001";"NE_0001";"NE_0001";"NE_0001";"NE_0001";"NE_0001";"NE_0001"
"2023";"05";"061111";"CAJAMARCA";"SAN MIGUEL";"SAN SILVESTRE DE COCHAN";"GOBIERNO REGIONAL";"I-1";"00004566";"TANTACHUAL BAJO";"NE_0001";"";"NE_0001";"NE_0001";"NE_0001";"NE_0001";"NE_0001";"NE_0001";"NE_0001"
"2023";"05";"061107";"CAJAMARCA";"SAN MIGUEL";"LLAPA";"GOBIERNO REGIONAL";"I-1";"00004565";"SAN ANTONIO DE OJOS";"NE_0001";"";"NE_0001";"NE_0001";"NE_0001";"NE_0001";"NE_0001";"NE_0001";"NE_0001"
"2023";"05";"061111";"CAJAMARCA";"SAN MIGUEL";"SAN SILVESTRE DE COCHAN";"GOBIERNO REGIONAL";"I-1";"00007084";"LUCMILLO";"NE_0001";"";"NE_0001";"NE_0001";"NE_0001";"NE_0001";"NE_0001";"NE_0001";"NE_0001"
"2023";"05";"061107";"CAJAMARCA";"SAN MIGUEL";"LLAPA";"GOBIERNO REGIONAL";"I-1";"00004609";"UCHUQUINUA";"NE_0001";"";"NE_0001";"NE_0001";"NE_0001";"NE_0001";"NE_0001";"NE_0001";"NE_0001"
"2023";"05";"061107";"CAJAMARCA";"SAN MIGUEL";"LLAPA";"GOBIERNO REGIONAL";"I-3";"00004562";"LLAPA";"NE_0001";"";"NE_0001";"NE_0001";"NE_0001";"NE_0001";"NE_0001";"NE_0001";"NE_0001"
"2023";"05";"061107";"CAJAMARCA";"SAN MIGUEL";"LLAPA";"GOBIERNO REGIONAL";"I-1";"00004564";"SABANA";"NE_0001";"";"NE_0001";"NE_0001";"NE_0001";"NE_0001";"NE_0001";"NE_0001";"NE_0001"
"2023";"05";"061111";"CAJAMARCA";"SAN MIGUEL";"SAN SILVESTRE DE COCHAN";"GOBIERNO REGIONAL";"I-2";"00004568";"SAN SILVESTRE DE COCHAN";"NE_0001";"";"NE_0001";"NE_0001";"NE_0001";"NE_0001";"NE_0001";"NE_0001";"NE_0001"
"2023";"05";"061111";"CAJAMARCA";"SAN MIGUEL";"SAN SILVESTRE DE COCHAN";"GOBIERNO REGIONAL";"I-1";"00004563";"EL TAMBO";"NE_0001";"";"NE_0001";"NE_0001";"NE_0001";"NE_0001";"NE_0001";"NE_0001";"NE_0001"
"2023";"05";"061107";"CAJAMARCA";"SAN MIGUEL";"LLAPA";"GOBIERNO REGIONAL";"I-1";"00004567";"PAMPA CUYOC";"NE_0001";"";"NE_0001";"NE_0001";"NE_0001";"NE_0001";"NE_0001";"NE_0001";"NE_0001"
"2023";"05";"061107";"CAJAMARCA";"SAN MIGUEL";"LLAPA";"GOBIERNO REGIONAL";"I-1";"00007083";"PABELLON CHICO";"NE_0001";"";"NE_0001";"NE_0001";"NE_0001";"NE_0001";"NE_0001";"NE_0001";"NE_0001"
"2023";"03";"150604";"LIMA";"HUARAL";"AUCALLAMA";"GOBIERNO REGIONAL";"I-3";"00005726";"AUCALLAMA";"NE_0001";"";"NE_0001";"NE_0001";"NE_0001";"NE_0001";"NE_0001";"NE_0001";"NE_0001"
"2023";"05";"150601";"LIMA";"HUARAL";"HUARAL";"ESSALUD";"I-4";"00010333";"CENTRO DE ATENCION PRIMARIA III HUARAL";"NE_0001";"";"NE_0001";"NE_0001";"NE_0001";"NE_0001";"NE_0001";"NE_0001";"NE_0001"
"2023";"01";"150118";"LIMA";"LIMA";"LURIGANCHO";"PRIVADO";"II-E";"00016951";"CLINICA MADRE ZORAIDA";"241400";"HOSPITALIZACIÓN QUIRÚRGICA GINECO - OBSTETRICIA ";"10";"10";"33";"30";"6";"147";"0"
"2023";"06";"110207";"ICA";"CHINCHA";"PUEBLO NUEVO";"SANIDAD DE LA POLICIA NACIONAL DEL PERU";"I-3";"00011398";"POLICLINICO POLICIAL CHINCHA";"NE_0001";"";"NE_0001";"NE_0001";"NE_0001";"NE_0001";"NE_0001";"NE_0001";"NE_0001"
"2023";"06";"150132";"LIMA";"LIMA";"SAN JUAN DE LURIGANCHO";"PRIVADO";"I-2";"00024750";"ARIE";"NE_0002";"";"NE_0002";"NE_0002";"NE_0002";"NE_0002";"NE_0002";"NE_0002";"NE_0002"
"2023";"06";"080705";"CUSCO";"CHUMBIVILCAS";"LIVITACA";"GOBIERNO REGIONAL";"I-1";"00016325";"CHILLOROYA - LIVITACA";"NE_0001";"";"NE_0001";"NE_0001";"NE_0001";"NE_0001";"NE_0001";"NE_0001";"NE_0001"
"2023";"06";"080705";"CUSCO";"CHUMBIVILCAS";"LIVITACA";"GOBIERNO REGIONAL";"I-1";"00016327";"AUSANTA";"NE_0001";"";"NE_0001";"NE_0001";"NE_0001";"NE_0001";"NE_0001";"NE_0001";"NE_0001"
"2023";"06";"080705";"CUSCO";"CHUMBIVILCAS";"LIVITACA";"GOBIERNO REGIONAL";"I-1";"00016334";"KISIO";"NE_0001";"";"NE_0001";"NE_0001";"NE_0001";"NE_0001";"NE_0001";"NE_0001";"NE_0001"
"2023";"06";"080705";"CUSCO";"CHUMBIVILCAS";"LIVITACA";"GOBIERNO REGIONAL";"I-4";"00002406";"LIVITACA";"NE_0001";"";"NE_0001";"NE_0001";"NE_0001";"NE_0001";"NE_0001";"NE_0001";"NE_0001"
"2023";"06";"080705";"CUSCO";"CHUMBIVILCAS";"LIVITACA";"GOBIERNO REGIONAL";"I-1";"00025739";"PISQUICOCHA";"NE_0001";"";"NE_0001";"NE_0001";"NE_0001";"NE_0001";"NE_0001";"NE_0001";"NE_0001"
"2023";"06";"080705";"CUSCO";"CHUMBIVILCAS";"LIVITACA";"GOBIERNO REGIONAL";"I-1";"00025740";"TOTORA - REYNA DE LOS ANGELES";"NE_0001";"";"NE_0001";"NE_0001";"NE_0001";"NE_0001";"NE_0001";"NE_0001";"NE_0001"
"2023";"06";"150133";"LIMA";"LIMA";"SAN JUAN DE MIRAFLORES";"ESSALUD";"I-3";"00013012";"CENTRO DE ATENCIÓN PRIMARIA III SAN JUAN DE MIRAFLORES";"NE_0001";"";"NE_0001";"NE_0001";"NE_0001";"NE_0001";"NE_0001";"NE_0001";"NE_0001"
"2023";"06";"220101";"SAN MARTIN";"MOYOBAMBA";"MOYOBAMBA";"GOBIERNO REGIONAL";"I-3";"00031275";"CENTRO DE SALUD MENTAL COMUNITARIO MOYOBAMBA";"NE_0001";"";"NE_0001";"NE_0001";"NE_0001";"NE_0001";"NE_0001";"NE_0001";"NE_0001"
"2023";"06";"150108";"LIMA";"LIMA";"CHORRILLOS";"SANIDAD DEL EJERCITO DEL PERU";"I-4";"00018171";"POLICLINICO MILITAR CHORRILLOS";"NE_0001";"";"NE_0001";"NE_0001";"NE_0001";"NE_0001";"NE_0001";"NE_0001";"NE_0001"
"2023";"06";"120101";"JUNIN";"HUANCAYO";"HUANCAYO";"ESSALUD";"I-3";"00012190";"CAP III MANTARO";"NE_0001";"";"NE_0001";"NE_0001";"NE_0001";"NE_0001";"NE_0001";"NE_0001";"NE_0001"
"2023";"06";"080901";"CUSCO";"LA CONVENCION";"SANTA ANA";"PRIVADO";"II-E";"00026080";"SR DE TORRECHAYOC";"241400";"HOSPITALIZACIÓN QUIRÚRGICA GINECO - OBSTETRICIA ";"4";"4";"6";"7";"4";"120";"0"
"2023";"06";"060101";"CAJAMARCA";"CAJAMARCA";"CAJAMARCA";"GOBIERNO REGIONAL";"II-2";"00007686";"HOSPITAL REGIONAL DOCENTE CAJAMARCA";"240100";"HOSPITALIZACIÓN QUIRÚRGICA CIRUGÍA GENERAL ";"275";"264";"1610";"1559";"60";"1800";"0"
"2023";"06";"060101";"CAJAMARCA";"CAJAMARCA";"CAJAMARCA";"GOBIERNO REGIONAL";"II-2";"00007686";"HOSPITAL REGIONAL DOCENTE CAJAMARCA";"241400";"HOSPITALIZACIÓN QUIRÚRGICA GINECO - OBSTETRICIA ";"293";"279";"700";"687";"35";"1050";"0"
"2023";"06";"060101";"CAJAMARCA";"CAJAMARCA";"CAJAMARCA";"GOBIERNO REGIONAL";"II-2";"00007686";"HOSPITAL REGIONAL DOCENTE CAJAMARCA";"241800";"HOSPITALIZACIÓN DE MEDICINA MEDICINA GENERAL ";"172";"174";"1094";"905";"32";"960";"15"
"2023";"06";"060101";"CAJAMARCA";"CAJAMARCA";"CAJAMARCA";"GOBIERNO REGIONAL";"II-2";"00007686";"HOSPITAL REGIONAL DOCENTE CAJAMARCA";"243200";"HOSPITALIZACIÓN DE PEDIATRÍA PEDIATRIA NEONATOLOGÍA";"111";"94";"869";"897";"35";"1050";"0"
"2023";"06";"060101";"CAJAMARCA";"CAJAMARCA";"CAJAMARCA";"GOBIERNO REGIONAL";"II-2";"00007686";"HOSPITAL REGIONAL DOCENTE CAJAMARCA";"242500";"HOSPITALIZACIÓN-PEDIATRÍA GENERAL-";"77";"79";"432";"434";"17";"510";"1"
"2023";"06";"060101";"CAJAMARCA";"CAJAMARCA";"CAJAMARCA";"GOBIERNO REGIONAL";"II-2";"00007686";"HOSPITAL REGIONAL DOCENTE CAJAMARCA";"250103";"UNIDAD DE CUIDADOS CRITICOS UNIDAD  DE CUIDADOS INTENSIVOS GENERALES  (UCI) MEDICINA";"30";"24";"446";"371";"13";"390";"4"
"2023";"06";"060101";"CAJAMARCA";"CAJAMARCA";"CAJAMARCA";"GOBIERNO REGIONAL";"II-2";"00007686";"HOSPITAL REGIONAL DOCENTE CAJAMARCA";"250200";"UNIDAD DE CUIDADOS CRITICOS UNIDAD DE CUIDADOS INTERMEDIOS GENERAL  (UCIN) ";"19";"17";"97";"168";"6";"180";"2"
"2023";"06";"060101";"CAJAMARCA";"CAJAMARCA";"CAJAMARCA";"GOBIERNO REGIONAL";"II-2";"00007686";"HOSPITAL REGIONAL DOCENTE CAJAMARCA";"250105";"UNIDAD DE CUIDADOS CRITICOS UNIDAD  DE CUIDADOS INTENSIVOS  (UCI) NEONATOLOGÍA";"53";"48";"387";"372";"15";"450";"1"
"2023";"06";"060101";"CAJAMARCA";"CAJAMARCA";"CAJAMARCA";"GOBIERNO REGIONAL";"II-2";"00007686";"HOSPITAL REGIONAL DOCENTE CAJAMARCA";"242200";"HOSPITALIZACIÓN DE MEDICINA PSIQUIATRÍA ";"8";"7";"57";"126";"6";"180";"0"
"2023";"06";"120301";"JUNIN";"CHANCHAMAYO";"CHANCHAMAYO";"ESSALUD";"II-1";"00008656";"HOSPITAL  SELVA CENTRAL Y ENFERMEDADES TROPICALES LA MERCED";"241800";"HOSPITALIZACIÓN DE MEDICINA MEDICINA GENERAL ";"51";"40";"233";"203";"6";"180";"0"
"2023";"06";"120301";"JUNIN";"CHANCHAMAYO";"CHANCHAMAYO";"ESSALUD";"II-1";"00008656";"HOSPITAL  SELVA CENTRAL Y ENFERMEDADES TROPICALES LA MERCED";"240100";"HOSPITALIZACIÓN QUIRÚRGICA CIRUGÍA GENERAL ";"72";"72";"238";"231";"9";"270";"0"
"2023";"06";"120301";"JUNIN";"CHANCHAMAYO";"CHANCHAMAYO";"ESSALUD";"II-1";"00008656";"HOSPITAL  SELVA CENTRAL Y ENFERMEDADES TROPICALES LA MERCED";"241500";"HOSPITALIZACIÓN QUIRÚRGICA GINECOLOGÍA  ";"9";"9";"29";"29";"2";"60";"0"
"2023";"06";"120301";"JUNIN";"CHANCHAMAYO";"CHANCHAMAYO";"ESSALUD";"II-1";"00008656";"HOSPITAL  SELVA CENTRAL Y ENFERMEDADES TROPICALES LA MERCED";"241600";"HOSPITALIZACIÓN QUIRÚRGICA OBSTETRICIA   ";"53";"47";"112";"108";"4";"120";"0"
"2023";"06";"120301";"JUNIN";"CHANCHAMAYO";"CHANCHAMAYO";"ESSALUD";"II-1";"00008656";"HOSPITAL  SELVA CENTRAL Y ENFERMEDADES TROPICALES LA MERCED";"242300";"HOSPITALIZACIÓN DE PEDIATRÍA  PEDIATRÍA  GENERAL ";"52";"44";"120";"115";"4";"120";"0"
"2023";"06";"150113";"LIMA";"LIMA";"JESUS MARIA";"PRIVADO";"II-E";"00009089";"ONCOGYN CLINICA INTEGRAL";"241400";"HOSPITALIZACIÓN QUIRÚRGICA GINECO - OBSTETRICIA ";"4";"4";"4";"4";"4";"120";"0"
"2023";"06";"140101";"LAMBAYEQUE";"CHICLAYO";"CHICLAYO";"PRIVADO";"II-E";"00011129";"MAX SALUD AVISAL S.A.";"244700";"HOSPITALIZACIÓN DE MEDICINA NEUROLOGIA  ";"7";"6";"32";"28";"4";"124";"0"
"2023";"06";"140101";"LAMBAYEQUE";"CHICLAYO";"CHICLAYO";"PRIVADO";"II-E";"00011129";"MAX SALUD AVISAL S.A.";"243500";"HOSPITALIZACIÓN DE PEDIATRÍA PEDIATRIA OFTALMOLOGÍA PEDIÁTRICA";"4";"5";"18";"14";"5";"150";"0"
"2023";"06";"140101";"LAMBAYEQUE";"CHICLAYO";"CHICLAYO";"PRIVADO";"II-E";"00011129";"MAX SALUD AVISAL S.A.";"242800";"HOSPITALIZACIÓN DE PEDIATRÍA PEDIATRIA ENDOCRINOLOGÍA PEDIÁTRICA";"1";"1";"5";"5";"1";"30";"0"
"2023";"06";"140101";"LAMBAYEQUE";"CHICLAYO";"CHICLAYO";"PRIVADO";"II-E";"00011129";"MAX SALUD AVISAL S.A.";"242400";"HOSPITALIZACIÓN DE PEDIATRÍA ADOLESCENTES ";"8";"9";"40";"33";"9";"270";"0"
"2023";"06";"140101";"LAMBAYEQUE";"CHICLAYO";"CHICLAYO";"PRIVADO";"II-E";"00011129";"MAX SALUD AVISAL S.A.";"241500";"HOSPITALIZACIÓN QUIRÚRGICA GINECOLOGÍA  ";"17";"15";"40";"26";"9";"279";"0"
"2023";"06";"140101";"LAMBAYEQUE";"CHICLAYO";"CHICLAYO";"PRIVADO";"II-E";"00011129";"MAX SALUD AVISAL S.A.";"241400";"HOSPITALIZACIÓN QUIRÚRGICA GINECO - OBSTETRICIA ";"1";"2";"5";"3";"2";"60";"0"
"2023";"06";"140101";"LAMBAYEQUE";"CHICLAYO";"CHICLAYO";"PRIVADO";"II-E";"00011129";"MAX SALUD AVISAL S.A.";"241300";"HOSPITALIZACIÓN QUIRÚRGICA UROLOGÍA  ";"5";"6";"12";"8";"3";"90";"0"
"2023";"06";"140101";"LAMBAYEQUE";"CHICLAYO";"CHICLAYO";"PRIVADO";"II-E";"00011129";"MAX SALUD AVISAL S.A.";"240700";"HOSPITALIZACIÓN QUIRÚRGICA CIRUGÍA PEDIÁTRICA ";"1";"1";"1";"1";"1";"30";"0"
"2023";"06";"140101";"LAMBAYEQUE";"CHICLAYO";"CHICLAYO";"PRIVADO";"II-E";"00011129";"MAX SALUD AVISAL S.A.";"240100";"HOSPITALIZACIÓN QUIRÚRGICA CIRUGÍA GENERAL ";"29";"27";"58";"46";"11";"341";"0"
"2023";"06";"080107";"CUSCO";"CUSCO";"SAYLLA";"GOBIERNO REGIONAL";"I-2";"00002314";"SAYLLA";"NE_0002";"";"NE_0002";"NE_0002";"NE_0002";"NE_0002";"NE_0002";"NE_0002";"NE_0002"
"2023";"06";"080104";"CUSCO";"CUSCO";"SAN JERONIMO";"GOBIERNO REGIONAL";"I-4";"00002300";"SAN JERONIMO";"NE_0002";"";"NE_0002";"NE_0002";"NE_0002";"NE_0002";"NE_0002";"NE_0002";"NE_0002"
"2023";"06";"080206";"CUSCO";"ACOMAYO";"RONDOCAN";"GOBIERNO REGIONAL";"I-3";"00002323";"RONDOCAN";"NE_0002";"";"NE_0002";"NE_0002";"NE_0002";"NE_0002";"NE_0002";"NE_0002";"NE_0002"
"2023";"06";"080105";"CUSCO";"CUSCO";"SAN SEBASTIAN";"GOBIERNO REGIONAL";"I-3";"00002301";"SAN SEBASTIAN";"NE_0002";"";"NE_0002";"NE_0002";"NE_0002";"NE_0002";"NE_0002";"NE_0002";"NE_0002"
"2023";"06";"080104";"CUSCO";"CUSCO";"SAN JERONIMO";"GOBIERNO REGIONAL";"I-1";"00007699";"CONCHACALLE";"NE_0002";"";"NE_0002";"NE_0002";"NE_0002";"NE_0002";"NE_0002";"NE_0002";"NE_0002"
"2023";"06";"080105";"CUSCO";"CUSCO";"SAN SEBASTIAN";"GOBIERNO REGIONAL";"I-3";"00002303";"SANTA ROSA";"NE_0002";"";"NE_0002";"NE_0002";"NE_0002";"NE_0002";"NE_0002";"NE_0002";"NE_0002"
"2023";"06";"060810";"CAJAMARCA";"JAEN";"SAN FELIPE";"GOBIERNO REGIONAL";"I-2";"00004255";"PIQUIJACA";"NE_0001";"";"NE_0001";"NE_0001";"NE_0001";"NE_0001";"NE_0001";"NE_0001";"NE_0001"
"2023";"06";"150135";"LIMA";"LIMA";"SAN MARTIN DE PORRES";"PRIVADO";"II-E";"00025573";"CREO Clínica Renal y Oncológica";"NE_0001";"";"NE_0001";"NE_0001";"NE_0001";"NE_0001";"NE_0001";"NE_0001";"NE_0001"
"2023";"06";"230103";"TACNA";"TACNA";"CALANA";"ESSALUD";"II-2";"00010185";"Hospital III Daniel Alcides Carrión EsSalud Red de Tacna";"250100";"UNIDAD DE CUIDADOS CRITICOS UNIDAD  DE CUIDADOS INTENSIVOS GENERALES (UCI) ";"16";"15";"220";"145";"5";"149";"3"
"2023";"06";"230103";"TACNA";"TACNA";"CALANA";"ESSALUD";"II-2";"00010185";"Hospital III Daniel Alcides Carrión EsSalud Red de Tacna";"250200";"UNIDAD DE CUIDADOS CRITICOS UNIDAD DE CUIDADOS INTERMEDIOS GENERAL  (UCIN) ";"33";"34";"426";"321";"12";"350";"6"
"2023";"06";"230103";"TACNA";"TACNA";"CALANA";"ESSALUD";"II-2";"00010185";"Hospital III Daniel Alcides Carrión EsSalud Red de Tacna";"241900";"HOSPITALIZACIÓN DE MEDICINA MEDICINA INTERNA ";"135";"145";"1363";"1323";"46";"1369";"12"
"2023";"06";"230103";"TACNA";"TACNA";"CALANA";"ESSALUD";"II-2";"00010185";"Hospital III Daniel Alcides Carrión EsSalud Red de Tacna";"240100";"HOSPITALIZACIÓN QUIRÚRGICA CIRUGÍA GENERAL ";"132";"143";"656";"766";"27";"820";"0"
"2023";"06";"230103";"TACNA";"TACNA";"CALANA";"ESSALUD";"II-2";"00010185";"Hospital III Daniel Alcides Carrión EsSalud Red de Tacna";"241400";"HOSPITALIZACIÓN QUIRÚRGICA GINECO - OBSTETRICIA ";"125";"121";"294";"312";"13";"375";"0"
"2023";"06";"230103";"TACNA";"TACNA";"CALANA";"ESSALUD";"II-2";"00010185";"Hospital III Daniel Alcides Carrión EsSalud Red de Tacna";"242300";"HOSPITALIZACIÓN DE PEDIATRÍA  PEDIATRÍA  GENERAL ";"50";"50";"158";"153";"8";"242";"0"
"2023";"06";"230103";"TACNA";"TACNA";"CALANA";"ESSALUD";"II-2";"00010185";"Hospital III Daniel Alcides Carrión EsSalud Red de Tacna";"243200";"HOSPITALIZACIÓN DE PEDIATRÍA PEDIATRIA NEONATOLOGÍA";"27";"25";"76";"75";"4";"127";"0"
"2023";"06";"150131";"LIMA";"LIMA";"SAN ISIDRO";"PRIVADO";"I-2";"00008215";"MEDICENTRO SAN ISIDRO";"NE_0001";"";"NE_0001";"NE_0001";"NE_0001";"NE_0001";"NE_0001";"NE_0001";"NE_0001"
"2023";"07";"250101";"UCAYALI";"CORONEL PORTILLO";"CALLERIA";"GOBIERNO REGIONAL";"II-2";"00005576";"HOSPITAL REGIONAL DE PUCALLPA";"242300";"HOSPITALIZACIÓN DE PEDIATRÍA  PEDIATRÍA  GENERAL ";"111";"98";"399";"369";"20";"620";"1"
"2023";"07";"250101";"UCAYALI";"CORONEL PORTILLO";"CALLERIA";"GOBIERNO REGIONAL";"II-2";"00005576";"HOSPITAL REGIONAL DE PUCALLPA";"241600";"HOSPITALIZACIÓN QUIRÚRGICA OBSTETRICIA   ";"313";"298";"609";"567";"28";"868";"0"
"2023";"07";"250101";"UCAYALI";"CORONEL PORTILLO";"CALLERIA";"GOBIERNO REGIONAL";"II-2";"00005576";"HOSPITAL REGIONAL DE PUCALLPA";"241500";"HOSPITALIZACIÓN QUIRÚRGICA GINECOLOGÍA  ";"22";"22";"67";"57";"2";"62";"0"
"2023";"07";"250101";"UCAYALI";"CORONEL PORTILLO";"CALLERIA";"GOBIERNO REGIONAL";"II-2";"00005576";"HOSPITAL REGIONAL DE PUCALLPA";"250105";"UNIDAD DE CUIDADOS CRITICOS UNIDAD  DE CUIDADOS INTENSIVOS  (UCI) NEONATOLOGÍA";"48";"34";"319";"410";"14";"434";"4"
"2023";"07";"250101";"UCAYALI";"CORONEL PORTILLO";"CALLERIA";"GOBIERNO REGIONAL";"II-2";"00005576";"HOSPITAL REGIONAL DE PUCALLPA";"245300";"HOSPITALIZACIÓN DE MEDICINA NEUMOLOGÍA  ";"10";"6";"42";"82";"4";"124";"0"
"2023";"07";"250101";"UCAYALI";"CORONEL PORTILLO";"CALLERIA";"GOBIERNO REGIONAL";"II-2";"00005576";"HOSPITAL REGIONAL DE PUCALLPA";"244000";"HOSPITALIZACIÓN DE MEDICINA CARDIOLOGIA ";"6";"6";"19";"15";"2";"62";"0"
"2023";"07";"250101";"UCAYALI";"CORONEL PORTILLO";"CALLERIA";"GOBIERNO REGIONAL";"II-2";"00005576";"HOSPITAL REGIONAL DE PUCALLPA";"244700";"HOSPITALIZACIÓN DE MEDICINA NEUROLOGIA  ";"6";"6";"23";"18";"2";"62";"0"
"2023";"07";"250101";"UCAYALI";"CORONEL PORTILLO";"CALLERIA";"GOBIERNO REGIONAL";"II-2";"00005576";"HOSPITAL REGIONAL DE PUCALLPA";"242000";"HOSPITALIZACIÓN DE MEDICINA MEDICINA TROPICAL E INFECCIOSAS ";"13";"11";"37";"49";"4";"124";"0"
"2023";"07";"250101";"UCAYALI";"CORONEL PORTILLO";"CALLERIA";"GOBIERNO REGIONAL";"II-2";"00005576";"HOSPITAL REGIONAL DE PUCALLPA";"244400";"HOSPITALIZACIÓN DE MEDICINA GERIATRIA ";"6";"4";"46";"42";"4";"124";"2"
"2023";"07";"250101";"UCAYALI";"CORONEL PORTILLO";"CALLERIA";"GOBIERNO REGIONAL";"II-2";"00005576";"HOSPITAL REGIONAL DE PUCALLPA";"250100";"UNIDAD DE CUIDADOS CRITICOS UNIDAD  DE CUIDADOS INTENSIVOS GENERALES (UCI) ";"12";"7";"58";"127";"6";"186";"5"
"2023";"07";"250101";"UCAYALI";"CORONEL PORTILLO";"CALLERIA";"GOBIERNO REGIONAL";"II-2";"00005576";"HOSPITAL REGIONAL DE PUCALLPA";"250200";"UNIDAD DE CUIDADOS CRITICOS UNIDAD DE CUIDADOS INTERMEDIOS GENERAL  (UCIN) ";"5";"2";"54";"93";"4";"124";"1"
"2023";"07";"250101";"UCAYALI";"CORONEL PORTILLO";"CALLERIA";"GOBIERNO REGIONAL";"II-2";"00005576";"HOSPITAL REGIONAL DE PUCALLPA";"240100";"HOSPITALIZACIÓN QUIRÚRGICA CIRUGÍA GENERAL ";"74";"64";"261";"305";"12";"372";"0"
"2023";"07";"250101";"UCAYALI";"CORONEL PORTILLO";"CALLERIA";"GOBIERNO REGIONAL";"II-2";"00005576";"HOSPITAL REGIONAL DE PUCALLPA";"241200";"HOSPITALIZACIÓN QUIRÚRGICA TRAUMATOLOGÍA Y ORTOPEDIA ";"29";"19";"185";"234";"8";"248";"0"
"2023";"07";"250101";"UCAYALI";"CORONEL PORTILLO";"CALLERIA";"GOBIERNO REGIONAL";"II-2";"00005576";"HOSPITAL REGIONAL DE PUCALLPA";"240200";"HOSPITALIZACIÓN QUIRÚRGICA CIRUGÍA DE CABEZA Y CUELLO / MÁXILO FACIAL ";"2";"2";"13";"12";"1";"31";"0"
"2023";"07";"250101";"UCAYALI";"CORONEL PORTILLO";"CALLERIA";"GOBIERNO REGIONAL";"II-2";"00005576";"HOSPITAL REGIONAL DE PUCALLPA";"241300";"HOSPITALIZACIÓN QUIRÚRGICA UROLOGÍA  ";"9";"6";"68";"90";"3";"93";"0"
"2023";"07";"250101";"UCAYALI";"CORONEL PORTILLO";"CALLERIA";"GOBIERNO REGIONAL";"II-2";"00005576";"HOSPITAL REGIONAL DE PUCALLPA";"240900";"HOSPITALIZACIÓN QUIRÚRGICA NEUROCIRUGÍA ";"9";"6";"38";"83";"3";"93";"0"
"2023";"07";"250101";"UCAYALI";"CORONEL PORTILLO";"CALLERIA";"GOBIERNO REGIONAL";"II-2";"00005576";"HOSPITAL REGIONAL DE PUCALLPA";"240700";"HOSPITALIZACIÓN QUIRÚRGICA CIRUGÍA PEDIÁTRICA ";"14";"10";"72";"96";"4";"124";"0"
"2023";"07";"250101";"UCAYALI";"CORONEL PORTILLO";"CALLERIA";"GOBIERNO REGIONAL";"II-2";"00005576";"HOSPITAL REGIONAL DE PUCALLPA";"240800";"HOSPITALIZACIÓN QUIRÚRGICA CIRUGÍA PLÁSTICA/RECONSTRUCTIVA/ REPARADORA ";"10";"6";"150";"99";"10";"310";"0"
"2023";"07";"211301";"PUNO";"YUNGUYO";"YUNGUYO";"GOBIERNO REGIONAL";"II-1";"00003349";"YUNGUYO";"240100";"HOSPITALIZACIÓN QUIRÚRGICA CIRUGÍA GENERAL ";"16";"17";"70";"70";"4";"124";"0"
"2023";"07";"211301";"PUNO";"YUNGUYO";"YUNGUYO";"GOBIERNO REGIONAL";"II-1";"00003349";"YUNGUYO";"241400";"HOSPITALIZACIÓN QUIRÚRGICA GINECO - OBSTETRICIA ";"8";"8";"19";"19";"4";"124";"0"
"2023";"07";"211301";"PUNO";"YUNGUYO";"YUNGUYO";"GOBIERNO REGIONAL";"II-1";"00003349";"YUNGUYO";"241600";"HOSPITALIZACIÓN QUIRÚRGICA OBSTETRICIA   ";"15";"16";"29";"29";"7";"217";"0"
"2023";"07";"211301";"PUNO";"YUNGUYO";"YUNGUYO";"GOBIERNO REGIONAL";"II-1";"00003349";"YUNGUYO";"241800";"HOSPITALIZACIÓN DE MEDICINA MEDICINA GENERAL ";"26";"28";"95";"95";"12";"372";"0"
"2023";"07";"211301";"PUNO";"YUNGUYO";"YUNGUYO";"GOBIERNO REGIONAL";"II-1";"00003349";"YUNGUYO";"242500";"HOSPITALIZACIÓN-PEDIATRÍA GENERAL-";"5";"7";"25";"25";"4";"124";"0"
"2023";"07";"230103";"TACNA";"TACNA";"CALANA";"ESSALUD";"II-2";"00010185";"Hospital III Daniel Alcides Carrión EsSalud Red de Tacna";"250100";"UNIDAD DE CUIDADOS CRITICOS UNIDAD  DE CUIDADOS INTENSIVOS GENERALES (UCI) ";"8";"8";"266";"151";"5";"152";"3"
"2023";"07";"230103";"TACNA";"TACNA";"CALANA";"ESSALUD";"II-2";"00010185";"Hospital III Daniel Alcides Carrión EsSalud Red de Tacna";"250200";"UNIDAD DE CUIDADOS CRITICOS UNIDAD DE CUIDADOS INTERMEDIOS GENERAL  (UCIN) ";"42";"45";"451";"305";"11";"349";"6"
"2023";"07";"230103";"TACNA";"TACNA";"CALANA";"ESSALUD";"II-2";"00010185";"Hospital III Daniel Alcides Carrión EsSalud Red de Tacna";"241900";"HOSPITALIZACIÓN DE MEDICINA MEDICINA INTERNA ";"143";"138";"1151";"1153";"44";"1347";"12"
"2023";"07";"230103";"TACNA";"TACNA";"CALANA";"ESSALUD";"II-2";"00010185";"Hospital III Daniel Alcides Carrión EsSalud Red de Tacna";"240100";"HOSPITALIZACIÓN QUIRÚRGICA CIRUGÍA GENERAL ";"144";"154";"710";"722";"25";"783";"0"
"2023";"07";"230103";"TACNA";"TACNA";"CALANA";"ESSALUD";"II-2";"00010185";"Hospital III Daniel Alcides Carrión EsSalud Red de Tacna";"241400";"HOSPITALIZACIÓN QUIRÚRGICA GINECO - OBSTETRICIA ";"127";"129";"291";"322";"12";"372";"0"
"2023";"07";"230103";"TACNA";"TACNA";"CALANA";"ESSALUD";"II-2";"00010185";"Hospital III Daniel Alcides Carrión EsSalud Red de Tacna";"242300";"HOSPITALIZACIÓN DE PEDIATRÍA  PEDIATRÍA  GENERAL ";"46";"44";"144";"151";"7";"222";"0"
"2023";"07";"230103";"TACNA";"TACNA";"CALANA";"ESSALUD";"II-2";"00010185";"Hospital III Daniel Alcides Carrión EsSalud Red de Tacna";"243200";"HOSPITALIZACIÓN DE PEDIATRÍA PEDIATRIA NEONATOLOGÍA";"22";"21";"59";"58";"4";"117";"0"
"2023";"07";"021303";"ANCASH";"MARISCAL LUZURIAGA";"ELEAZAR GUZMAN BARRON";"GOBIERNO REGIONAL";"I-1";"00001786";"PUESTO DE SALUD PAMPACHACRA";"NE_0001";"";"NE_0001";"NE_0001";"NE_0001";"NE_0001";"NE_0001";"NE_0001";"NE_0001"
"2023";"07";"021303";"ANCASH";"MARISCAL LUZURIAGA";"ELEAZAR GUZMAN BARRON";"GOBIERNO REGIONAL";"I-1";"00001787";"PUESTO DE SALUD PUMPA";"NE_0001";"";"NE_0001";"NE_0001";"NE_0001";"NE_0001";"NE_0001";"NE_0001";"NE_0001"
"2023";"07";"021305";"ANCASH";"MARISCAL LUZURIAGA";"LLAMA";"GOBIERNO REGIONAL";"I-2";"00001788";"PUESTO DE SALUD LLAMA";"NE_0001";"";"NE_0001";"NE_0001";"NE_0001";"NE_0001";"NE_0001";"NE_0001";"NE_0001"
"2023";"07";"021308";"ANCASH";"MARISCAL LUZURIAGA";"MUSGA";"GOBIERNO REGIONAL";"I-1";"00001792";"PUESTO DE SALUD MUSGA";"NE_0001";"";"NE_0001";"NE_0001";"NE_0001";"NE_0001";"NE_0001";"NE_0001";"NE_0001"
"2023";"07";"220801";"SAN MARTIN";"RIOJA";"RIOJA";"GOBIERNO REGIONAL";"II-1";"00006732";"HOSPITAL DE RIOJA";"241300";"HOSPITALIZACIÓN QUIRÚRGICA UROLOGÍA  ";"4";"4";"4";"4";"1";"31";"0"
"2023";"07";"220801";"SAN MARTIN";"RIOJA";"RIOJA";"GOBIERNO REGIONAL";"II-1";"00006732";"HOSPITAL DE RIOJA";"240100";"HOSPITALIZACIÓN QUIRÚRGICA CIRUGÍA GENERAL ";"49";"50";"369";"369";"12";"372";"1"
"2023";"07";"220801";"SAN MARTIN";"RIOJA";"RIOJA";"GOBIERNO REGIONAL";"II-1";"00006732";"HOSPITAL DE RIOJA";"241800";"HOSPITALIZACIÓN DE MEDICINA MEDICINA GENERAL ";"39";"50";"369";"369";"12";"372";"3"
"2023";"07";"220801";"SAN MARTIN";"RIOJA";"RIOJA";"GOBIERNO REGIONAL";"II-1";"00006732";"HOSPITAL DE RIOJA";"241600";"HOSPITALIZACIÓN QUIRÚRGICA OBSTETRICIA   ";"113";"122";"284";"284";"14";"434";"0"
"2023";"07";"220801";"SAN MARTIN";"RIOJA";"RIOJA";"GOBIERNO REGIONAL";"II-1";"00006732";"HOSPITAL DE RIOJA";"241200";"HOSPITALIZACIÓN QUIRÚRGICA TRAUMATOLOGÍA Y ORTOPEDIA ";"17";"24";"209";"209";"7";"217";"0"
"2023";"07";"220801";"SAN MARTIN";"RIOJA";"RIOJA";"GOBIERNO REGIONAL";"II-1";"00006732";"HOSPITAL DE RIOJA";"243200";"HOSPITALIZACIÓN DE PEDIATRÍA PEDIATRIA NEONATOLOGÍA";"20";"22";"81";"81";"7";"217";"1"
"2023";"07";"220801";"SAN MARTIN";"RIOJA";"RIOJA";"GOBIERNO REGIONAL";"II-1";"00006732";"HOSPITAL DE RIOJA";"242500";"HOSPITALIZACIÓN-PEDIATRÍA GENERAL-";"52";"58";"248";"248";"8";"248";"0"
"2023";"07";"220801";"SAN MARTIN";"RIOJA";"RIOJA";"GOBIERNO REGIONAL";"II-1";"00006732";"HOSPITAL DE RIOJA";"241500";"HOSPITALIZACIÓN QUIRÚRGICA GINECOLOGÍA  ";"51";"52";"101";"101";"9";"279";"0"
"2023";"07";"120701";"JUNIN";"TARMA";"TARMA";"GOBIERNO REGIONAL";"I-1";"00000589";"VICORA CONGAS";"NE_0001";"";"NE_0001";"NE_0001";"NE_0001";"NE_0001";"NE_0001";"NE_0001";"NE_0001"
"2023";"07";"120701";"JUNIN";"TARMA";"TARMA";"GOBIERNO REGIONAL";"I-1";"00000584";"TARMATAMBO";"NE_0001";"";"NE_0001";"NE_0001";"NE_0001";"NE_0001";"NE_0001";"NE_0001";"NE_0001"
"2023";"07";"120701";"JUNIN";"TARMA";"TARMA";"GOBIERNO REGIONAL";"I-1";"00000586";"MUYLO";"NE_0001";"";"NE_0001";"NE_0001";"NE_0001";"NE_0001";"NE_0001";"NE_0001";"NE_0001"
"2023";"07";"120701";"JUNIN";"TARMA";"TARMA";"GOBIERNO REGIONAL";"I-1";"00000593";"SANYACANCHA";"NE_0001";"";"NE_0001";"NE_0001";"NE_0001";"NE_0001";"NE_0001";"NE_0001";"NE_0001"
"2023";"07";"120701";"JUNIN";"TARMA";"TARMA";"GOBIERNO REGIONAL";"I-1";"00000590";"MISARURASHA";"NE_0001";"";"NE_0001";"NE_0001";"NE_0001";"NE_0001";"NE_0001";"NE_0001";"NE_0001"
"2023";"07";"120701";"JUNIN";"TARMA";"TARMA";"GOBIERNO REGIONAL";"I-1";"00000592";"PALCAPACCHA";"NE_0001";"";"NE_0001";"NE_0001";"NE_0001";"NE_0001";"NE_0001";"NE_0001";"NE_0001"
"2023";"07";"120701";"JUNIN";"TARMA";"TARMA";"GOBIERNO REGIONAL";"I-2";"00000587";"POMACHACA";"NE_0001";"";"NE_0001";"NE_0001";"NE_0001";"NE_0001";"NE_0001";"NE_0001";"NE_0001"
"2023";"07";"120701";"JUNIN";"TARMA";"TARMA";"GOBIERNO REGIONAL";"I-1";"00000588";"MULLUCRO";"NE_0001";"";"NE_0001";"NE_0001";"NE_0001";"NE_0001";"NE_0001";"NE_0001";"NE_0001"
"2023";"07";"220203";"SAN MARTIN";"BELLAVISTA";"BAJO BIAVO";"GOBIERNO REGIONAL";"I-1";"00006523";"SANTA ELENA";"NE_0002";"";"NE_0002";"NE_0002";"NE_0002";"NE_0002";"NE_0002";"NE_0002";"NE_0002"
"2023";"07";"220203";"SAN MARTIN";"BELLAVISTA";"BAJO BIAVO";"GOBIERNO REGIONAL";"I-4";"00006519";"NUEVO LIMA";"NE_0002";"";"NE_0002";"NE_0002";"NE_0002";"NE_0002";"NE_0002";"NE_0002";"NE_0002"
"2023";"07";"180101";"MOQUEGUA";"MARISCAL NIETO";"MOQUEGUA";"GOBIERNO REGIONAL";"II-2";"00007732";"HOSPITAL REGIONAL DE MOQUEGUA";"241400";"HOSPITALIZACIÓN QUIRÚRGICA GINECO - OBSTETRICIA ";"142";"143";"392";"368";"28";"794";"0"
"2023";"07";"180101";"MOQUEGUA";"MARISCAL NIETO";"MOQUEGUA";"GOBIERNO REGIONAL";"II-2";"00007732";"HOSPITAL REGIONAL DE MOQUEGUA";"241200";"HOSPITALIZACIÓN QUIRÚRGICA TRAUMATOLOGÍA Y ORTOPEDIA ";"51";"51";"453";"449";"12";"449";"0"
"2023";"07";"180101";"MOQUEGUA";"MARISCAL NIETO";"MOQUEGUA";"GOBIERNO REGIONAL";"II-2";"00007732";"HOSPITAL REGIONAL DE MOQUEGUA";"240100";"HOSPITALIZACIÓN QUIRÚRGICA CIRUGÍA GENERAL ";"53";"50";"249";"295";"9";"295";"0"
"2023";"07";"180101";"MOQUEGUA";"MARISCAL NIETO";"MOQUEGUA";"GOBIERNO REGIONAL";"II-2";"00007732";"HOSPITAL REGIONAL DE MOQUEGUA";"242500";"HOSPITALIZACIÓN-PEDIATRÍA GENERAL-";"37";"37";"158";"162";"10";"310";"0"
"2023";"07";"180101";"MOQUEGUA";"MARISCAL NIETO";"MOQUEGUA";"GOBIERNO REGIONAL";"II-2";"00007732";"HOSPITAL REGIONAL DE MOQUEGUA";"243200";"HOSPITALIZACIÓN DE PEDIATRÍA PEDIATRIA NEONATOLOGÍA";"25";"25";"96";"89";"8";"248";"0"
"2023";"07";"180101";"MOQUEGUA";"MARISCAL NIETO";"MOQUEGUA";"GOBIERNO REGIONAL";"II-2";"00007732";"HOSPITAL REGIONAL DE MOQUEGUA";"241800";"HOSPITALIZACIÓN DE MEDICINA MEDICINA GENERAL ";"38";"35";"353";"393";"16";"471";"7"
"2023";"07";"180101";"MOQUEGUA";"MARISCAL NIETO";"MOQUEGUA";"GOBIERNO REGIONAL";"II-2";"00007732";"HOSPITAL REGIONAL DE MOQUEGUA";"250200";"UNIDAD DE CUIDADOS CRITICOS UNIDAD DE CUIDADOS INTERMEDIOS GENERAL  (UCIN) ";"12";"10";"211";"108";"8";"248";"3"
"2023";"07";"180101";"MOQUEGUA";"MARISCAL NIETO";"MOQUEGUA";"GOBIERNO REGIONAL";"II-2";"00007732";"HOSPITAL REGIONAL DE MOQUEGUA";"242200";"HOSPITALIZACIÓN DE MEDICINA PSIQUIATRÍA ";"10";"9";"161";"113";"7";"217";"0"
"2023";"07";"150204";"LIMA";"BARRANCA";"SUPE";"GOBIERNO REGIONAL";"II-1";"00007636";"HOSPITAL DE SUPE LAURA ESTHER RODRIGUEZ DULANTO";"240100";"HOSPITALIZACIÓN QUIRÚRGICA CIRUGÍA GENERAL ";"31";"35";"96";"76";"6";"186";"0"
"2023";"07";"150204";"LIMA";"BARRANCA";"SUPE";"GOBIERNO REGIONAL";"II-1";"00007636";"HOSPITAL DE SUPE LAURA ESTHER RODRIGUEZ DULANTO";"241500";"HOSPITALIZACIÓN QUIRÚRGICA GINECOLOGÍA  ";"14";"17";"46";"6";"3";"93";"0"
"2023";"07";"150204";"LIMA";"BARRANCA";"SUPE";"GOBIERNO REGIONAL";"II-1";"00007636";"HOSPITAL DE SUPE LAURA ESTHER RODRIGUEZ DULANTO";"241600";"HOSPITALIZACIÓN QUIRÚRGICA OBSTETRICIA   ";"37";"37";"84";"84";"12";"372";"0"
"2023";"07";"150204";"LIMA";"BARRANCA";"SUPE";"GOBIERNO REGIONAL";"II-1";"00007636";"HOSPITAL DE SUPE LAURA ESTHER RODRIGUEZ DULANTO";"241800";"HOSPITALIZACIÓN DE MEDICINA MEDICINA GENERAL ";"20";"24";"132";"95";"8";"248";"0"
"2023";"07";"150204";"LIMA";"BARRANCA";"SUPE";"GOBIERNO REGIONAL";"II-1";"00007636";"HOSPITAL DE SUPE LAURA ESTHER RODRIGUEZ DULANTO";"242200";"HOSPITALIZACIÓN DE MEDICINA PSIQUIATRÍA ";"4";"6";"71";"128";"8";"248";"0"
"2023";"07";"150204";"LIMA";"BARRANCA";"SUPE";"GOBIERNO REGIONAL";"II-1";"00007636";"HOSPITAL DE SUPE LAURA ESTHER RODRIGUEZ DULANTO";"242500";"HOSPITALIZACIÓN-PEDIATRÍA GENERAL-";"48";"54";"136";"113";"8";"248";"0"
"2023";"07";"150204";"LIMA";"BARRANCA";"SUPE";"GOBIERNO REGIONAL";"II-1";"00007636";"HOSPITAL DE SUPE LAURA ESTHER RODRIGUEZ DULANTO";"243200";"HOSPITALIZACIÓN DE PEDIATRÍA PEDIATRIA NEONATOLOGÍA";"14";"14";"26";"17";"5";"155";"0"
"2023";"07";"150131";"LIMA";"LIMA";"SAN ISIDRO";"PRIVADO";"II-E";"00027320";"CLINICA AUNA GUARDIA CIVIL";"240000";"HOSPITALIZACIÓN";"110";"113";"361";"406";"27";"837";"1"
"2023";"07";"150131";"LIMA";"LIMA";"SAN ISIDRO";"PRIVADO";"II-E";"00027320";"CLINICA AUNA GUARDIA CIVIL";"250100";"UNIDAD DE CUIDADOS CRITICOS UNIDAD  DE CUIDADOS INTENSIVOS GENERALES (UCI) ";"3";"2";"16";"16";"15";"465";"2"
"2023";"07";"160101";"LORETO";"MAYNAS";"IQUITOS";"PRIVADO";"II-2";"00012854";"ASOC. PAST. DE SERV. MEDICO ASIST. CLINICA ADVENTISTA ANA STAHL DE LA IGLESIA ADV. DEL SEPTIMO DIA";"241800";"HOSPITALIZACIÓN DE MEDICINA MEDICINA GENERAL ";"101";"108";"341";"395";"42";"1218";"0"
"2023";"07";"210301";"PUNO";"CARABAYA";"MACUSANI";"GOBIERNO REGIONAL";"II-2";"00031179";"HOSPITAL SAN MARTIN DE PORRES";"240100";"HOSPITALIZACIÓN QUIRÚRGICA CIRUGÍA GENERAL ";"74";"80";"276";"317";"10";"310";"0"
"2023";"07";"210301";"PUNO";"CARABAYA";"MACUSANI";"GOBIERNO REGIONAL";"II-2";"00031179";"HOSPITAL SAN MARTIN DE PORRES";"241500";"HOSPITALIZACIÓN QUIRÚRGICA GINECOLOGÍA  ";"16";"17";"31";"43";"4";"124";"0"
"2023";"07";"210301";"PUNO";"CARABAYA";"MACUSANI";"GOBIERNO REGIONAL";"II-2";"00031179";"HOSPITAL SAN MARTIN DE PORRES";"241600";"HOSPITALIZACIÓN QUIRÚRGICA OBSTETRICIA   ";"58";"64";"182";"237";"11";"341";"0"
"2023";"07";"210301";"PUNO";"CARABAYA";"MACUSANI";"GOBIERNO REGIONAL";"II-2";"00031179";"HOSPITAL SAN MARTIN DE PORRES";"241900";"HOSPITALIZACIÓN DE MEDICINA MEDICINA INTERNA ";"26";"29";"114";"139";"9";"279";"2"
"2023";"07";"210301";"PUNO";"CARABAYA";"MACUSANI";"GOBIERNO REGIONAL";"II-2";"00031179";"HOSPITAL SAN MARTIN DE PORRES";"242500";"HOSPITALIZACIÓN-PEDIATRÍA GENERAL-";"18";"22";"77";"106";"6";"186";"1"
"2023";"07";"210301";"PUNO";"CARABAYA";"MACUSANI";"GOBIERNO REGIONAL";"II-2";"00031179";"HOSPITAL SAN MARTIN DE PORRES";"243200";"HOSPITALIZACIÓN DE PEDIATRÍA PEDIATRIA NEONATOLOGÍA";"13";"16";"83";"95";"4";"124";"1"
"2023";"07";"080106";"CUSCO";"CUSCO";"SANTIAGO";"PRIVADO";"II-E";"00024173";"OXIGEN MEDICAL NETWORK";"240100";"HOSPITALIZACIÓN QUIRÚRGICA CIRUGÍA GENERAL ";"47";"49";"205";"50";"13";"403";"0"
"2023";"07";"080106";"CUSCO";"CUSCO";"SANTIAGO";"PRIVADO";"II-E";"00024173";"OXIGEN MEDICAL NETWORK";"241800";"HOSPITALIZACIÓN DE MEDICINA MEDICINA GENERAL ";"216";"215";"488";"226";"12";"372";"1"
"2023";"07";"080106";"CUSCO";"CUSCO";"SANTIAGO";"PRIVADO";"II-E";"00024173";"OXIGEN MEDICAL NETWORK";"250100";"UNIDAD DE CUIDADOS CRITICOS UNIDAD  DE CUIDADOS INTENSIVOS GENERALES (UCI) ";"3";"3";"48";"3";"10";"310";"1"
"2023";"07";"150117";"LIMA";"LIMA";"LOS OLIVOS";"PRIVADO";"II-E";"00013044";"MEGASALUD NARANJAL S.A.C.";"240000";"HOSPITALIZACIÓN";"29";"29";"71";"60";"3";"90";"0"
"2023";"02";"120708";"JUNIN";"TARMA";"SAN PEDRO DE CAJAS";"GOBIERNO REGIONAL";"I-1";"00000556";"CHUPAN";"NE_0001";"";"NE_0001";"NE_0001";"NE_0001";"NE_0001";"NE_0001";"NE_0001";"NE_0001"
"2023";"02";"120504";"JUNIN";"JUNIN";"ULCUMAYO";"GOBIERNO REGIONAL";"I-1";"00000555";"RAYANNIOC";"NE_0001";"";"NE_0001";"NE_0001";"NE_0001";"NE_0001";"NE_0001";"NE_0001";"NE_0001"
"2023";"02";"120504";"JUNIN";"JUNIN";"ULCUMAYO";"GOBIERNO REGIONAL";"I-1";"00000554";"SHALACANCHA";"NE_0001";"";"NE_0001";"NE_0001";"NE_0001";"NE_0001";"NE_0001";"NE_0001";"NE_0001"
"2023";"02";"120503";"JUNIN";"JUNIN";"ONDORES";"GOBIERNO REGIONAL";"I-1";"00000553";"ATOCSAICO";"NE_0001";"";"NE_0001";"NE_0001";"NE_0001";"NE_0001";"NE_0001";"NE_0001";"NE_0001"
"2023";"02";"120503";"JUNIN";"JUNIN";"ONDORES";"GOBIERNO REGIONAL";"I-1";"00000552";"PARI";"NE_0001";"";"NE_0001";"NE_0001";"NE_0001";"NE_0001";"NE_0001";"NE_0001";"NE_0001"
"2023";"02";"120503";"JUNIN";"JUNIN";"ONDORES";"GOBIERNO REGIONAL";"I-3";"00000551";"ONDORES";"NE_0001";"";"NE_0001";"NE_0001";"NE_0001";"NE_0001";"NE_0001";"NE_0001";"NE_0001"
"2023";"02";"120501";"JUNIN";"JUNIN";"JUNIN";"GOBIERNO REGIONAL";"I-1";"00000550";"SASICUCHO";"NE_0001";"";"NE_0001";"NE_0001";"NE_0001";"NE_0001";"NE_0001";"NE_0001";"NE_0001"
"2023";"07";"190104";"PASCO";"PASCO";"HUAYLLAY";"ESSALUD";"I-3";"00009751";"CENTRO MEDICO  HUAYLLAY";"NE_0001";"";"NE_0001";"NE_0001";"NE_0001";"NE_0001";"NE_0001";"NE_0001";"NE_0001"
"2023";"01";"150141";"LIMA";"LIMA";"SURQUILLO";"PRIVADO";"II-E";"00025930";"CLINICA SANENS";"240000";"HOSPITALIZACIÓN";"129";"122";"136";"129";"7";"210";"0"
"2023";"02";"150141";"LIMA";"LIMA";"SURQUILLO";"PRIVADO";"II-E";"00025930";"CLINICA SANENS";"240000";"HOSPITALIZACIÓN";"96";"95";"106";"103";"7";"210";"0"
"2023";"03";"150141";"LIMA";"LIMA";"SURQUILLO";"PRIVADO";"II-E";"00025930";"CLINICA SANENS";"240000";"HOSPITALIZACIÓN";"96";"101";"117";"104";"7";"210";"0"
"2023";"05";"150141";"LIMA";"LIMA";"SURQUILLO";"PRIVADO";"II-E";"00025930";"CLINICA SANENS";"240000";"HOSPITALIZACIÓN";"72";"72";"85";"72";"7";"210";"0"
"2023";"04";"040112";"AREQUIPA";"AREQUIPA";"PAUCARPATA";"ESSALUD";"I-2";"00012194";"CAP III - PAUCARPATA";"NE_0001";"";"NE_0001";"NE_0001";"NE_0001";"NE_0001";"NE_0001";"NE_0001";"NE_0001"
"2023";"04";"150108";"LIMA";"LIMA";"CHORRILLOS";"SANIDAD DEL EJERCITO DEL PERU";"I-4";"00018171";"POLICLINICO MILITAR CHORRILLOS";"NE_0001";"";"NE_0001";"NE_0001";"NE_0001";"NE_0001";"NE_0001";"NE_0001";"NE_0001"
"2023";"05";"220510";"SAN MARTIN";"LAMAS";"TABALOSOS";"GOBIERNO REGIONAL";"I-1";"00006413";"SAN MIGUEL DEL RIO MAYO";"NE_0001";"";"NE_0001";"NE_0001";"NE_0001";"NE_0001";"NE_0001";"NE_0001";"NE_0001"
"2023";"05";"220506";"SAN MARTIN";"LAMAS";"PINTO RECODO";"GOBIERNO REGIONAL";"I-1";"00006410";"CHURUZAPA PINTO RECODO";"NE_0001";"";"NE_0001";"NE_0001";"NE_0001";"NE_0001";"NE_0001";"NE_0001";"NE_0001"
"2023";"05";"220510";"SAN MARTIN";"LAMAS";"TABALOSOS";"GOBIERNO REGIONAL";"I-1";"00006414";"PUCAYACU PANJUI";"NE_0001";"";"NE_0001";"NE_0001";"NE_0001";"NE_0001";"NE_0001";"NE_0001";"NE_0001"
"2023";"05";"150133";"LIMA";"LIMA";"SAN JUAN DE MIRAFLORES";"PRIVADO";"II-E";"00027478";"CLINICA BUENAVENTURA";"240000";"HOSPITALIZACIÓN";"2";"2";"0";"4";"27";"837";"0"
"2023";"05";"150133";"LIMA";"LIMA";"SAN JUAN DE MIRAFLORES";"PRIVADO";"II-E";"00027478";"CLINICA BUENAVENTURA";"241900";"HOSPITALIZACIÓN DE MEDICINA MEDICINA INTERNA ";"5";"5";"0";"12";"27";"837";"0"
"2023";"05";"150133";"LIMA";"LIMA";"SAN JUAN DE MIRAFLORES";"PRIVADO";"II-E";"00027478";"CLINICA BUENAVENTURA";"241300";"HOSPITALIZACIÓN QUIRÚRGICA UROLOGÍA  ";"1";"2";"0";"2";"27";"837";"0"
"2023";"07";"220401";"SAN MARTIN";"HUALLAGA";"SAPOSOA";"ESSALUD";"I-2";"00031567";"POSTA MEDICA DE SAPOSOA - ESSALUD";"NE_0001";"";"NE_0001";"NE_0001";"NE_0001";"NE_0001";"NE_0001";"NE_0001";"NE_0001"
"2023";"08";"060601";"CAJAMARCA";"CUTERVO";"CUTERVO";"GOBIERNO REGIONAL";"I-1";"00006850";"CONDAY";"NE_0001";"";"NE_0001";"NE_0001";"NE_0001";"NE_0001";"NE_0001";"NE_0001";"NE_0001"
"2023";"08";"060601";"CAJAMARCA";"CUTERVO";"CUTERVO";"GOBIERNO REGIONAL";"I-1";"00007178";"RAYME";"NE_0001";"";"NE_0001";"NE_0001";"NE_0001";"NE_0001";"NE_0001";"NE_0001";"NE_0001"
"2023";"08";"060601";"CAJAMARCA";"CUTERVO";"CUTERVO";"GOBIERNO REGIONAL";"I-1";"00004996";"RAMBRAN";"NE_0001";"";"NE_0001";"NE_0001";"NE_0001";"NE_0001";"NE_0001";"NE_0001";"NE_0001"
"2023";"08";"060601";"CAJAMARCA";"CUTERVO";"CUTERVO";"GOBIERNO REGIONAL";"I-1";"00006856";"CHACAF";"NE_0001";"";"NE_0001";"NE_0001";"NE_0001";"NE_0001";"NE_0001";"NE_0001";"NE_0001"
"2023";"08";"060601";"CAJAMARCA";"CUTERVO";"CUTERVO";"GOBIERNO REGIONAL";"I-1";"00007431";"CONGA DE ALLANGA";"NE_0001";"";"NE_0001";"NE_0001";"NE_0001";"NE_0001";"NE_0001";"NE_0001";"NE_0001"
"2023";"08";"060601";"CAJAMARCA";"CUTERVO";"CUTERVO";"GOBIERNO REGIONAL";"I-1";"00004997";"TRIGOPAMPA";"NE_0001";"";"NE_0001";"NE_0001";"NE_0001";"NE_0001";"NE_0001";"NE_0001";"NE_0001"
"2023";"08";"060601";"CAJAMARCA";"CUTERVO";"CUTERVO";"GOBIERNO REGIONAL";"I-1";"00004998";"EL CARDON";"NE_0001";"";"NE_0001";"NE_0001";"NE_0001";"NE_0001";"NE_0001";"NE_0001";"NE_0001"
"2023";"08";"060601";"CAJAMARCA";"CUTERVO";"CUTERVO";"GOBIERNO REGIONAL";"I-1";"00006855";"AULLAN";"NE_0001";"";"NE_0001";"NE_0001";"NE_0001";"NE_0001";"NE_0001";"NE_0001";"NE_0001"
"2023";"08";"060601";"CAJAMARCA";"CUTERVO";"CUTERVO";"GOBIERNO REGIONAL";"I-1";"00007097";"AÑALCATE";"NE_0001";"";"NE_0001";"NE_0001";"NE_0001";"NE_0001";"NE_0001";"NE_0001";"NE_0001"
"2023";"08";"060601";"CAJAMARCA";"CUTERVO";"CUTERVO";"GOBIERNO REGIONAL";"I-1";"00005001";"PATAHUAZ";"NE_0001";"";"NE_0001";"NE_0001";"NE_0001";"NE_0001";"NE_0001";"NE_0001";"NE_0001"
"2023";"08";"060601";"CAJAMARCA";"CUTERVO";"CUTERVO";"GOBIERNO REGIONAL";"I-1";"00006832";"LA CONGONA";"NE_0001";"";"NE_0001";"NE_0001";"NE_0001";"NE_0001";"NE_0001";"NE_0001";"NE_0001"
"2023";"08";"060601";"CAJAMARCA";"CUTERVO";"CUTERVO";"GOBIERNO REGIONAL";"I-1";"00006833";"LA JAYUA";"NE_0001";"";"NE_0001";"NE_0001";"NE_0001";"NE_0001";"NE_0001";"NE_0001";"NE_0001"
"2023";"08";"130903";"LA LIBERTAD";"SANCHEZ CARRION";"COCHORCO";"GOBIERNO REGIONAL";"I-2";"00013810";"ARAGOSTAY";"NE_0001";"";"NE_0001";"NE_0001";"NE_0001";"NE_0001";"NE_0001";"NE_0001";"NE_0001"
"2023";"08";"030601";"APURIMAC";"CHINCHEROS";"CHINCHEROS";"GOBIERNO REGIONAL";"II-1";"00004140";"HOSPITAL CHINCHEROS";"240100";"HOSPITALIZACIÓN QUIRÚRGICA CIRUGÍA GENERAL ";"15";"17";"37";"37";"7";"210";"0"
"2023";"08";"030601";"APURIMAC";"CHINCHEROS";"CHINCHEROS";"GOBIERNO REGIONAL";"II-1";"00004140";"HOSPITAL CHINCHEROS";"241500";"HOSPITALIZACIÓN QUIRÚRGICA GINECOLOGÍA  ";"9";"10";"25";"25";"4";"120";"0"
"2023";"08";"030601";"APURIMAC";"CHINCHEROS";"CHINCHEROS";"GOBIERNO REGIONAL";"II-1";"00004140";"HOSPITAL CHINCHEROS";"241800";"HOSPITALIZACIÓN DE MEDICINA MEDICINA GENERAL ";"12";"14";"74";"74";"23";"690";"1"
"2023";"08";"030601";"APURIMAC";"CHINCHEROS";"CHINCHEROS";"GOBIERNO REGIONAL";"II-1";"00004140";"HOSPITAL CHINCHEROS";"241600";"HOSPITALIZACIÓN QUIRÚRGICA OBSTETRICIA   ";"24";"29";"83";"83";"8";"240";"0"
"2023";"08";"030601";"APURIMAC";"CHINCHEROS";"CHINCHEROS";"GOBIERNO REGIONAL";"II-1";"00004140";"HOSPITAL CHINCHEROS";"242500";"HOSPITALIZACIÓN-PEDIATRÍA GENERAL-";"3";"3";"8";"8";"3";"90";"0"
"2023";"08";"030601";"APURIMAC";"CHINCHEROS";"CHINCHEROS";"GOBIERNO REGIONAL";"II-1";"00004140";"HOSPITAL CHINCHEROS";"243200";"HOSPITALIZACIÓN DE PEDIATRÍA PEDIATRIA NEONATOLOGÍA";"1";"1";"1";"1";"2";"60";"0"
"2023";"08";"030601";"APURIMAC";"CHINCHEROS";"CHINCHEROS";"GOBIERNO REGIONAL";"II-1";"00004140";"HOSPITAL CHINCHEROS";"242200";"HOSPITALIZACIÓN DE MEDICINA PSIQUIATRÍA ";"1";"2";"93";"93";"4";"120";"0"
"2023";"08";"030601";"APURIMAC";"CHINCHEROS";"CHINCHEROS";"GOBIERNO REGIONAL";"II-1";"00004140";"HOSPITAL CHINCHEROS";"242204";"HOSPITALIZACIÓN DE MEDICINA PSIQUIATRÍA REHABILITACIÓN PSIQUIÁTRICA / REINSERCIÓN ";"5";"5";"34";"50";"32";"260";"0"
"2023";"08";"110101";"ICA";"ICA";"ICA";"GOBIERNO REGIONAL";"II-1";"00003359";"SANTA MARIA DEL SOCORRO";"240100";"HOSPITALIZACIÓN QUIRÚRGICA CIRUGÍA GENERAL ";"53";"66";"406";"482";"23";"713";"0"
"2023";"08";"110101";"ICA";"ICA";"ICA";"GOBIERNO REGIONAL";"II-1";"00003359";"SANTA MARIA DEL SOCORRO";"241400";"HOSPITALIZACIÓN QUIRÚRGICA GINECO - OBSTETRICIA ";"158";"174";"469";"683";"31";"961";"0"
"2023";"08";"110101";"ICA";"ICA";"ICA";"GOBIERNO REGIONAL";"II-1";"00003359";"SANTA MARIA DEL SOCORRO";"241500";"HOSPITALIZACIÓN QUIRÚRGICA GINECOLOGÍA  ";"52";"55";"370";"106";"12";"372";"0"
"2023";"08";"110101";"ICA";"ICA";"ICA";"GOBIERNO REGIONAL";"II-1";"00003359";"SANTA MARIA DEL SOCORRO";"241900";"HOSPITALIZACIÓN DE MEDICINA MEDICINA INTERNA ";"43";"48";"287";"212";"14";"434";"4"
"2023";"08";"110101";"ICA";"ICA";"ICA";"GOBIERNO REGIONAL";"II-1";"00003359";"SANTA MARIA DEL SOCORRO";"242500";"HOSPITALIZACIÓN-PEDIATRÍA GENERAL-";"48";"59";"216";"115";"18";"558";"0"
"2023";"08";"110101";"ICA";"ICA";"ICA";"GOBIERNO REGIONAL";"II-1";"00003359";"SANTA MARIA DEL SOCORRO";"243200";"HOSPITALIZACIÓN DE PEDIATRÍA PEDIATRIA NEONATOLOGÍA";"15";"15";"51";"146";"7";"217";"0"
"2023";"08";"110101";"ICA";"ICA";"ICA";"GOBIERNO REGIONAL";"II-1";"00003359";"SANTA MARIA DEL SOCORRO";"250103";"UNIDAD DE CUIDADOS CRITICOS UNIDAD  DE CUIDADOS INTENSIVOS GENERALES  (UCI) MEDICINA";"2";"3";"75";"69";"3";"93";"1"
"2023";"07";"250101";"UCAYALI";"CORONEL PORTILLO";"CALLERIA";"GOBIERNO REGIONAL";"I-3";"00030785";"CENTRO DE SALUD MENTAL COMUNITARIO UNIVERSITARIO MAYUSHIN";"NE_0001";"";"NE_0001";"NE_0001";"NE_0001";"NE_0001";"NE_0001";"NE_0001";"NE_0001"
"2023";"07";"250101";"UCAYALI";"CORONEL PORTILLO";"CALLERIA";"GOBIERNO REGIONAL";"I-3";"00028683";"CENTRO DE SALUD MENTAL COMUNITARIO BENA MANATI";"NE_0001";"";"NE_0001";"NE_0001";"NE_0001";"NE_0001";"NE_0001";"NE_0001";"NE_0001"
"2023";"07";"250105";"UCAYALI";"CORONEL PORTILLO";"YARINACOCHA";"GOBIERNO REGIONAL";"I-1";"00013264";"SANIDAD AEREA";"NE_0001";"";"NE_0001";"NE_0001";"NE_0001";"NE_0001";"NE_0001";"NE_0001";"NE_0001"
"2023";"07";"250101";"UCAYALI";"CORONEL PORTILLO";"CALLERIA";"GOBIERNO REGIONAL";"I-3";"00005569";"CLAS TUPAC AMARU";"NE_0001";"";"NE_0001";"NE_0001";"NE_0001";"NE_0001";"NE_0001";"NE_0001";"NE_0001"
"2023";"07";"250101";"UCAYALI";"CORONEL PORTILLO";"CALLERIA";"GOBIERNO REGIONAL";"I-2";"00005568";"DOS DE MAYO";"NE_0001";"";"NE_0001";"NE_0001";"NE_0001";"NE_0001";"NE_0001";"NE_0001";"NE_0001"
"2023";"07";"250101";"UCAYALI";"CORONEL PORTILLO";"CALLERIA";"GOBIERNO REGIONAL";"I-3";"00005567";"JOSE OLAYA";"NE_0001";"";"NE_0001";"NE_0001";"NE_0001";"NE_0001";"NE_0001";"NE_0001";"NE_0001"
"2023";"07";"250105";"UCAYALI";"CORONEL PORTILLO";"YARINACOCHA";"GOBIERNO REGIONAL";"I-3";"00005566";"HUSARES DEL PERU.";"NE_0001";"";"NE_0001";"NE_0001";"NE_0001";"NE_0001";"NE_0001";"NE_0001";"NE_0001"
"2023";"07";"250101";"UCAYALI";"CORONEL PORTILLO";"CALLERIA";"GOBIERNO REGIONAL";"I-3";"00005565";"NUEVO PARAISO";"NE_0001";"";"NE_0001";"NE_0001";"NE_0001";"NE_0001";"NE_0001";"NE_0001";"NE_0001"
"2023";"07";"250105";"UCAYALI";"CORONEL PORTILLO";"YARINACOCHA";"GOBIERNO REGIONAL";"I-2";"00005559";"SHIRAMBARI.";"NE_0001";"";"NE_0001";"NE_0001";"NE_0001";"NE_0001";"NE_0001";"NE_0001";"NE_0001"
"2023";"07";"250105";"UCAYALI";"CORONEL PORTILLO";"YARINACOCHA";"GOBIERNO REGIONAL";"I-1";"00005547";"SANTA TERESITA";"NE_0001";"";"NE_0001";"NE_0001";"NE_0001";"NE_0001";"NE_0001";"NE_0001";"NE_0001"
"2023";"07";"250105";"UCAYALI";"CORONEL PORTILLO";"YARINACOCHA";"GOBIERNO REGIONAL";"I-3";"00005539";"CENTRO AMERICA";"NE_0001";"";"NE_0001";"NE_0001";"NE_0001";"NE_0001";"NE_0001";"NE_0001";"NE_0001"
"2023";"09";"030201";"APURIMAC";"ANDAHUAYLAS";"ANDAHUAYLAS";"SANIDAD DE LA POLICIA NACIONAL DEL PERU";"I-2";"00011892";"POSTA MEDICA POLICIAL DE ANDAHUAYLAS";"NE_0001";"";"NE_0001";"NE_0001";"NE_0001";"NE_0001";"NE_0001";"NE_0001";"NE_0001"
"2023";"09";"120606";"JUNIN";"SATIPO";"PANGOA";"GOBIERNO REGIONAL";"II-1";"00000442";"SAN MARTIN DE PANGOA";"241400";"HOSPITALIZACIÓN QUIRÚRGICA GINECO - OBSTETRICIA ";"62";"66";"136";"151";"8";"240";"0"
"2023";"09";"120606";"JUNIN";"SATIPO";"PANGOA";"GOBIERNO REGIONAL";"II-1";"00000442";"SAN MARTIN DE PANGOA";"243200";"HOSPITALIZACIÓN DE PEDIATRÍA PEDIATRIA NEONATOLOGÍA";"21";"22";"95";"84";"6";"180";"1"
"2023";"09";"021809";"ANCASH";"SANTA";"NUEVO CHIMBOTE";"PRIVADO";"II-1";"00016536";"CLINICA BAHIA S.A.C.";"NE_0002";"";"NE_0002";"NE_0002";"NE_0002";"NE_0002";"NE_0002";"NE_0002";"NE_0002"
"2023";"09";"040110";"AREQUIPA";"AREQUIPA";"MIRAFLORES";"GOBIERNO REGIONAL";"I-3";"00001306";"CENTRO DE SALUD PORVENIR-MIRAFLORES";"NE_0001";"";"NE_0001";"NE_0001";"NE_0001";"NE_0001";"NE_0001";"NE_0001";"NE_0001"
"2023";"09";"050407";"AYACUCHO";"HUANTA";"SIVIA";"GOBIERNO REGIONAL";"II-1";"00003770";"HOSPITAL DE APOYO SIVIA";"240100";"HOSPITALIZACIÓN QUIRÚRGICA CIRUGÍA GENERAL ";"1";"2";"11";"20";"2";"60";"0"
"2023";"09";"050407";"AYACUCHO";"HUANTA";"SIVIA";"GOBIERNO REGIONAL";"II-1";"00003770";"HOSPITAL DE APOYO SIVIA";"241400";"HOSPITALIZACIÓN QUIRÚRGICA GINECO - OBSTETRICIA ";"14";"14";"21";"38";"4";"120";"0"
"2023";"09";"050407";"AYACUCHO";"HUANTA";"SIVIA";"GOBIERNO REGIONAL";"II-1";"00003770";"HOSPITAL DE APOYO SIVIA";"241800";"HOSPITALIZACIÓN DE MEDICINA MEDICINA GENERAL ";"5";"6";"17";"30";"6";"180";"0"
"2023";"09";"050407";"AYACUCHO";"HUANTA";"SIVIA";"GOBIERNO REGIONAL";"II-1";"00003770";"HOSPITAL DE APOYO SIVIA";"242500";"HOSPITALIZACIÓN-PEDIATRÍA GENERAL-";"2";"2";"4";"15";"2";"60";"0"
"2023";"09";"060607";"CAJAMARCA";"CUTERVO";"QUEROCOTILLO";"GOBIERNO REGIONAL";"I-1";"00007101";"EL GUAYO";"NE_0001";"";"NE_0001";"NE_0001";"NE_0001";"NE_0001";"NE_0001";"NE_0001";"NE_0001"
"2023";"09";"060601";"CAJAMARCA";"CUTERVO";"CUTERVO";"GOBIERNO REGIONAL";"I-1";"00006851";"HUICHUD";"NE_0001";"";"NE_0001";"NE_0001";"NE_0001";"NE_0001";"NE_0001";"NE_0001";"NE_0001"
"2023";"09";"060601";"CAJAMARCA";"CUTERVO";"CUTERVO";"GOBIERNO REGIONAL";"I-1";"00007102";"SANICULLO ALTO";"NE_0001";"";"NE_0001";"NE_0001";"NE_0001";"NE_0001";"NE_0001";"NE_0001";"NE_0001"
"2023";"09";"060607";"CAJAMARCA";"CUTERVO";"QUEROCOTILLO";"GOBIERNO REGIONAL";"I-1";"00007746";"LAGUNAS";"NE_0001";"";"NE_0001";"NE_0001";"NE_0001";"NE_0001";"NE_0001";"NE_0001";"NE_0001"
"2023";"09";"140101";"LAMBAYEQUE";"CHICLAYO";"CHICLAYO";"GOBIERNO REGIONAL";"II-2";"00004317";"HOSPITAL REGIONAL DOCENTE LAS MERCEDES";"240100";"HOSPITALIZACIÓN QUIRÚRGICA CIRUGÍA GENERAL ";"161";"191";"715";"21";"30";"900";"1"
"2023";"09";"140101";"LAMBAYEQUE";"CHICLAYO";"CHICLAYO";"GOBIERNO REGIONAL";"II-2";"00004317";"HOSPITAL REGIONAL DOCENTE LAS MERCEDES";"242300";"HOSPITALIZACIÓN DE PEDIATRÍA  PEDIATRÍA  GENERAL ";"84";"92";"396";"12";"29";"870";"0"
"2023";"09";"140101";"LAMBAYEQUE";"CHICLAYO";"CHICLAYO";"GOBIERNO REGIONAL";"II-2";"00004317";"HOSPITAL REGIONAL DOCENTE LAS MERCEDES";"241800";"HOSPITALIZACIÓN DE MEDICINA MEDICINA GENERAL ";"187";"226";"1308";"34";"57";"1710";"16"
"2023";"09";"140101";"LAMBAYEQUE";"CHICLAYO";"CHICLAYO";"GOBIERNO REGIONAL";"II-2";"00004317";"HOSPITAL REGIONAL DOCENTE LAS MERCEDES";"241600";"HOSPITALIZACIÓN QUIRÚRGICA OBSTETRICIA   ";"297";"321";"840";"26";"43";"1290";"0"
"2023";"09";"140101";"LAMBAYEQUE";"CHICLAYO";"CHICLAYO";"GOBIERNO REGIONAL";"II-2";"00004317";"HOSPITAL REGIONAL DOCENTE LAS MERCEDES";"243200";"HOSPITALIZACIÓN DE PEDIATRÍA PEDIATRIA NEONATOLOGÍA";"90";"109";"500";"13";"20";"600";"0"
"2023";"09";"140101";"LAMBAYEQUE";"CHICLAYO";"CHICLAYO";"GOBIERNO REGIONAL";"II-2";"00004317";"HOSPITAL REGIONAL DOCENTE LAS MERCEDES";"241200";"HOSPITALIZACIÓN QUIRÚRGICA TRAUMATOLOGÍA Y ORTOPEDIA ";"24";"34";"330";"9";"14";"420";"0"
"2023";"09";"140101";"LAMBAYEQUE";"CHICLAYO";"CHICLAYO";"GOBIERNO REGIONAL";"II-2";"00004317";"HOSPITAL REGIONAL DOCENTE LAS MERCEDES";"241500";"HOSPITALIZACIÓN QUIRÚRGICA GINECOLOGÍA  ";"36";"36";"70";"2";"14";"420";"0"
"2023";"09";"140101";"LAMBAYEQUE";"CHICLAYO";"CHICLAYO";"GOBIERNO REGIONAL";"II-2";"00004317";"HOSPITAL REGIONAL DOCENTE LAS MERCEDES";"250100";"UNIDAD DE CUIDADOS CRITICOS UNIDAD  DE CUIDADOS INTENSIVOS GENERALES (UCI) ";"2";"5";"59";"2";"6";"180";"3"
"2023";"09";"140101";"LAMBAYEQUE";"CHICLAYO";"CHICLAYO";"GOBIERNO REGIONAL";"II-2";"00004317";"HOSPITAL REGIONAL DOCENTE LAS MERCEDES";"240801";"HOSPITALIZACIÓN QUIRÚRGICA CIRUGÍA PLÁSTICA/RECONSTRUCTIVA/ REPARADORA QUEMADOS";"2";"2";"13";"1";"13";"390";"0"
"2023";"09";"060607";"CAJAMARCA";"CUTERVO";"QUEROCOTILLO";"GOBIERNO REGIONAL";"I-1";"00007747";"PAJURILLO";"NE_0001";"";"NE_0001";"NE_0001";"NE_0001";"NE_0001";"NE_0001";"NE_0001";"NE_0001"
"2023";"09";"060601";"CAJAMARCA";"CUTERVO";"CUTERVO";"GOBIERNO REGIONAL";"I-1";"00007752";"SANTA CLARA DE CAMSE";"NE_0001";"";"NE_0001";"NE_0001";"NE_0001";"NE_0001";"NE_0001";"NE_0001";"NE_0001"
"2023";"09";"060601";"CAJAMARCA";"CUTERVO";"CUTERVO";"GOBIERNO REGIONAL";"I-3";"00004992";"SINCHIMACHE";"NE_0001";"";"NE_0001";"NE_0001";"NE_0001";"NE_0001";"NE_0001";"NE_0001";"NE_0001"
"2023";"09";"060601";"CAJAMARCA";"CUTERVO";"CUTERVO";"GOBIERNO REGIONAL";"I-3";"00004993";"NARANJITO DE CAMSE";"NE_0001";"";"NE_0001";"NE_0001";"NE_0001";"NE_0001";"NE_0001";"NE_0001";"NE_0001"
"2023";"09";"060601";"CAJAMARCA";"CUTERVO";"CUTERVO";"GOBIERNO REGIONAL";"I-2";"00004994";"PAYAC";"NE_0001";"";"NE_0001";"NE_0001";"NE_0001";"NE_0001";"NE_0001";"NE_0001";"NE_0001"
"2023";"09";"050104";"AYACUCHO";"HUAMANGA";"CARMEN ALTO";"GOBIERNO REGIONAL";"I-1";"00011354";"PUESTO DE SALUD YANAMA";"NE_0001";"";"NE_0001";"NE_0001";"NE_0001";"NE_0001";"NE_0001";"NE_0001";"NE_0001"
"2023";"09";"050104";"AYACUCHO";"HUAMANGA";"CARMEN ALTO";"GOBIERNO REGIONAL";"I-3";"00003560";"CENTRO DE SALUD CARMEN ALTO";"NE_0001";"";"NE_0001";"NE_0001";"NE_0001";"NE_0001";"NE_0001";"NE_0001";"NE_0001"
"2023";"09";"050104";"AYACUCHO";"HUAMANGA";"CARMEN ALTO";"GOBIERNO REGIONAL";"I-3";"00003562";"CENTRO DE SALUD VISTA ALEGRE";"NE_0001";"";"NE_0001";"NE_0001";"NE_0001";"NE_0001";"NE_0001";"NE_0001";"NE_0001"
"2023";"09";"050104";"AYACUCHO";"HUAMANGA";"CARMEN ALTO";"GOBIERNO REGIONAL";"I-1";"00003561";"POKRAS";"NE_0001";"";"NE_0001";"NE_0001";"NE_0001";"NE_0001";"NE_0001";"NE_0001";"NE_0001"
"2023";"09";"060101";"CAJAMARCA";"CAJAMARCA";"CAJAMARCA";"PRIVADO";"II-1";"00019315";"CLINICA SANTA ANA";"241400";"HOSPITALIZACIÓN QUIRÚRGICA GINECO - OBSTETRICIA ";"12";"11";"13";"12";"6";"38";"0"
"2023";"09";"060101";"CAJAMARCA";"CAJAMARCA";"CAJAMARCA";"PRIVADO";"II-1";"00019315";"CLINICA SANTA ANA";"240100";"HOSPITALIZACIÓN QUIRÚRGICA CIRUGÍA GENERAL ";"23";"22";"58";"29";"4";"124";"0"
"2023";"09";"060101";"CAJAMARCA";"CAJAMARCA";"CAJAMARCA";"PRIVADO";"II-1";"00019315";"CLINICA SANTA ANA";"241900";"HOSPITALIZACIÓN DE MEDICINA MEDICINA INTERNA ";"1";"1";"4";"1";"2";"22";"0"
"2023";"09";"060101";"CAJAMARCA";"CAJAMARCA";"CAJAMARCA";"PRIVADO";"II-1";"00019315";"CLINICA SANTA ANA";"242300";"HOSPITALIZACIÓN DE PEDIATRÍA  PEDIATRÍA  GENERAL ";"0";"0";"0";"1";"1";"62";"0"
"2023";"09";"010101";"AMAZONAS";"CHACHAPOYAS";"CHACHAPOYAS";"PRIVADO";"I-3";"00026399";"CENTRO MEDICO AMAZONAS EIRL";"NE_0001";"";"NE_0001";"NE_0001";"NE_0001";"NE_0001";"NE_0001";"NE_0001";"NE_0001"
"2023";"09";"120603";"JUNIN";"SATIPO";"LLAYLLA";"GOBIERNO REGIONAL";"I-1";"00000433";"BELEN";"NE_0001";"";"NE_0001";"NE_0001";"NE_0001";"NE_0001";"NE_0001";"NE_0001";"NE_0001"
"2023";"09";"120604";"JUNIN";"SATIPO";"MAZAMARI";"GOBIERNO REGIONAL";"I-2";"00000436";"PUEBLO LIBRE DE PAURIALI";"NE_0001";"";"NE_0001";"NE_0001";"NE_0001";"NE_0001";"NE_0001";"NE_0001";"NE_0001"
"2023";"04";"150103";"LIMA";"LIMA";"ATE";"SANIDAD DE LA POLICIA NACIONAL DEL PERU";"I-3";"00012275";"POLICLINICO PNP DINOES";"NE_0001";"";"NE_0001";"NE_0001";"NE_0001";"NE_0001";"NE_0001";"NE_0001";"NE_0001"
"2023";"04";"030101";"APURIMAC";"ABANCAY";"ABANCAY";"SANIDAD DE LA POLICIA NACIONAL DEL PERU";"I-3";"00008036";"POLICLINICO POLICIAL ABANCAY";"NE_0001";"";"NE_0001";"NE_0001";"NE_0001";"NE_0001";"NE_0001";"NE_0001";"NE_0001"
"2023";"04";"110201";"ICA";"CHINCHA";"CHINCHA ALTA";"PRIVADO";"II-E";"00025160";"CLIN. DANIEL A. CARRION";"NE_0001";"";"NE_0001";"NE_0001";"NE_0001";"NE_0001";"NE_0001";"NE_0001";"NE_0001"
"2023";"04";"050401";"AYACUCHO";"HUANTA";"HUANTA";"GOBIERNO REGIONAL";"II-1";"00003655";"HOSPITAL DE APOYO DE HUANTA ""DANIEL ALCIDES CARRIÓN""";"241800";"HOSPITALIZACIÓN DE MEDICINA MEDICINA GENERAL ";"20";"22";"139";"14";"18";"367";"4"
"2023";"04";"050401";"AYACUCHO";"HUANTA";"HUANTA";"GOBIERNO REGIONAL";"II-1";"00003655";"HOSPITAL DE APOYO DE HUANTA ""DANIEL ALCIDES CARRIÓN""";"240100";"HOSPITALIZACIÓN QUIRÚRGICA CIRUGÍA GENERAL ";"32";"37";"219";"224";"14";"362";"0"
"2023";"04";"050401";"AYACUCHO";"HUANTA";"HUANTA";"GOBIERNO REGIONAL";"II-1";"00003655";"HOSPITAL DE APOYO DE HUANTA ""DANIEL ALCIDES CARRIÓN""";"242500";"HOSPITALIZACIÓN-PEDIATRÍA GENERAL-";"4";"4";"4";"4";"10";"300";"0"
"2023";"04";"050401";"AYACUCHO";"HUANTA";"HUANTA";"GOBIERNO REGIONAL";"II-1";"00003655";"HOSPITAL DE APOYO DE HUANTA ""DANIEL ALCIDES CARRIÓN""";"241500";"HOSPITALIZACIÓN QUIRÚRGICA GINECOLOGÍA  ";"30";"26";"50";"57";"6";"243";"0"
"2023";"04";"060101";"CAJAMARCA";"CAJAMARCA";"CAJAMARCA";"PRIVADO";"II-1";"00019315";"CLINICA SANTA ANA";"241400";"HOSPITALIZACIÓN QUIRÚRGICA GINECO - OBSTETRICIA ";"22";"20";"3";"5";"6";"38";"1"
"2023";"04";"060101";"CAJAMARCA";"CAJAMARCA";"CAJAMARCA";"PRIVADO";"II-1";"00019315";"CLINICA SANTA ANA";"240100";"HOSPITALIZACIÓN QUIRÚRGICA CIRUGÍA GENERAL ";"33";"33";"15";"21";"4";"124";"0"
"2023";"04";"060101";"CAJAMARCA";"CAJAMARCA";"CAJAMARCA";"PRIVADO";"II-1";"00019315";"CLINICA SANTA ANA";"241900";"HOSPITALIZACIÓN DE MEDICINA MEDICINA INTERNA ";"1";"1";"2";"1";"3";"4";"0"
"2023";"04";"060101";"CAJAMARCA";"CAJAMARCA";"CAJAMARCA";"PRIVADO";"II-1";"00019315";"CLINICA SANTA ANA";"242300";"HOSPITALIZACIÓN DE PEDIATRÍA  PEDIATRÍA  GENERAL ";"1";"2";"2";"1";"1";"62";"0"
"2023";"07";"050101";"AYACUCHO";"HUAMANGA";"AYACUCHO";"GOBIERNO REGIONAL";"I-4";"00003576";"CENTRO DE SALUD LOS LICENCIADOS";"241600";"HOSPITALIZACIÓN QUIRÚRGICA OBSTETRICIA   ";"26";"26";"49";"26";"7";"10";"0"
"2023";"07";"050115";"AYACUCHO";"HUAMANGA";"JESUS NAZARENO";"GOBIERNO REGIONAL";"I-2";"00011365";"PUESTO DE SALUD VILLA SAN CRISTOBAL";"NE_0001";"";"NE_0001";"NE_0001";"NE_0001";"NE_0001";"NE_0001";"NE_0001";"NE_0001"
"2023";"08";"150103";"LIMA";"LIMA";"ATE";"SANIDAD DE LA POLICIA NACIONAL DEL PERU";"I-3";"00012275";"POLICLINICO PNP DINOES";"NE_0001";"";"NE_0001";"NE_0001";"NE_0001";"NE_0001";"NE_0001";"NE_0001";"NE_0001"
"2023";"08";"150501";"LIMA";"CAÑETE";"SAN VICENTE DE CAÑETE";"PRIVADO";"II-1";"00026070";"CLINICA CORAZON DE JESUS";"240100";"HOSPITALIZACIÓN QUIRÚRGICA CIRUGÍA GENERAL ";"41";"41";"100";"81";"8";"248";"1"
"2023";"08";"150501";"LIMA";"CAÑETE";"SAN VICENTE DE CAÑETE";"PRIVADO";"II-1";"00026070";"CLINICA CORAZON DE JESUS";"241400";"HOSPITALIZACIÓN QUIRÚRGICA GINECO - OBSTETRICIA ";"6";"6";"19";"12";"3";"93";"0"
"2023";"09";"080205";"CUSCO";"ACOMAYO";"POMACANCHI";"GOBIERNO REGIONAL";"I-1";"00012926";"SANTA LUCIA";"NE_0002";"";"NE_0002";"NE_0002";"NE_0002";"NE_0002";"NE_0002";"NE_0002";"NE_0002"
"2023";"09";"080207";"CUSCO";"ACOMAYO";"SANGARARA";"GOBIERNO REGIONAL";"I-1";"00002324";"PUESTO DE SALUD SANGARARA";"NE_0002";"";"NE_0002";"NE_0002";"NE_0002";"NE_0002";"NE_0002";"NE_0002";"NE_0002"
"2023";"09";"081008";"CUSCO";"PARURO";"PILLPINTO";"GOBIERNO REGIONAL";"I-1";"00002508";"PILLPINTO";"NE_0002";"";"NE_0002";"NE_0002";"NE_0002";"NE_0002";"NE_0002";"NE_0002";"NE_0002"
"2023";"09";"110304";"ICA";"NAZCA";"MARCONA";"ESSALUD";"I-4";"00013911";"MARIA REICHE NEUMAN";"241800";"HOSPITALIZACIÓN DE MEDICINA MEDICINA GENERAL ";"40";"41";"151";"110";"5";"150";"0"
"2023";"09";"110304";"ICA";"NAZCA";"MARCONA";"ESSALUD";"I-4";"00013911";"MARIA REICHE NEUMAN";"240100";"HOSPITALIZACIÓN QUIRÚRGICA CIRUGÍA GENERAL ";"4";"7";"39";"32";"2";"60";"0"
"2023";"09";"110304";"ICA";"NAZCA";"MARCONA";"ESSALUD";"I-4";"00013911";"MARIA REICHE NEUMAN";"241500";"HOSPITALIZACIÓN QUIRÚRGICA GINECOLOGÍA  ";"15";"15";"45";"30";"2";"60";"0"
"2023";"09";"110304";"ICA";"NAZCA";"MARCONA";"ESSALUD";"I-4";"00013911";"MARIA REICHE NEUMAN";"242300";"HOSPITALIZACIÓN DE PEDIATRÍA  PEDIATRÍA  GENERAL ";"16";"16";"53";"37";"2";"60";"0"
"2023";"09";"130101";"LA LIBERTAD";"TRUJILLO";"TRUJILLO";"PRIVADO";"II-E";"00021508";"SMQ QUIRUMEDIC SAC";"240000";"HOSPITALIZACIÓN";"242";"238";"238";"238";"15";"484";"0"
"2023";"09";"150108";"LIMA";"LIMA";"CHORRILLOS";"PRIVADO";"II-E";"00019839";"CLINICA SANTA LEONOR";"240000";"HOSPITALIZACIÓN";"38";"38";"73";"74";"5";"150";"0"
"2023";"09";"130101";"LA LIBERTAD";"TRUJILLO";"TRUJILLO";"ESSALUD";"II-1";"00008685";"HOSPITAL I ALBRECHT";"241800";"HOSPITALIZACIÓN DE MEDICINA MEDICINA GENERAL ";"23";"30";"249";"187";"7";"190";"2"
"2023";"09";"130101";"LA LIBERTAD";"TRUJILLO";"TRUJILLO";"ESSALUD";"II-1";"00008685";"HOSPITAL I ALBRECHT";"240100";"HOSPITALIZACIÓN QUIRÚRGICA CIRUGÍA GENERAL ";"36";"41";"113";"103";"5";"154";"0"
"2023";"09";"130101";"LA LIBERTAD";"TRUJILLO";"TRUJILLO";"ESSALUD";"II-1";"00008685";"HOSPITAL I ALBRECHT";"241500";"HOSPITALIZACIÓN QUIRÚRGICA GINECOLOGÍA  ";"70";"74";"121";"120";"5";"142";"0"
"2023";"09";"130101";"LA LIBERTAD";"TRUJILLO";"TRUJILLO";"ESSALUD";"II-1";"00008685";"HOSPITAL I ALBRECHT";"241600";"HOSPITALIZACIÓN QUIRÚRGICA OBSTETRICIA   ";"28";"29";"62";"69";"3";"108";"0"
"2023";"09";"130101";"LA LIBERTAD";"TRUJILLO";"TRUJILLO";"ESSALUD";"II-1";"00008685";"HOSPITAL I ALBRECHT";"242300";"HOSPITALIZACIÓN DE PEDIATRÍA  PEDIATRÍA  GENERAL ";"43";"46";"99";"96";"4";"130";"0"
"2023";"09";"140101";"LAMBAYEQUE";"CHICLAYO";"CHICLAYO";"PRIVADO";"II-E";"00016192";"CLÍNICA CHICLAYO S.A";"240100";"HOSPITALIZACIÓN QUIRÚRGICA CIRUGÍA GENERAL ";"69";"70";"72";"76";"6";"186";"0"
"2023";"09";"140101";"LAMBAYEQUE";"CHICLAYO";"CHICLAYO";"PRIVADO";"II-E";"00016192";"CLÍNICA CHICLAYO S.A";"241400";"HOSPITALIZACIÓN QUIRÚRGICA GINECO - OBSTETRICIA ";"66";"67";"69";"81";"7";"215";"0"
"2023";"09";"140101";"LAMBAYEQUE";"CHICLAYO";"CHICLAYO";"PRIVADO";"II-E";"00016192";"CLÍNICA CHICLAYO S.A";"242300";"HOSPITALIZACIÓN DE PEDIATRÍA  PEDIATRÍA  GENERAL ";"50";"52";"55";"55";"5";"153";"0"
"2023";"09";"140101";"LAMBAYEQUE";"CHICLAYO";"CHICLAYO";"PRIVADO";"II-E";"00016192";"CLÍNICA CHICLAYO S.A";"241200";"HOSPITALIZACIÓN QUIRÚRGICA TRAUMATOLOGÍA Y ORTOPEDIA ";"31";"31";"33";"41";"5";"153";"0"
"2023";"09";"140101";"LAMBAYEQUE";"CHICLAYO";"CHICLAYO";"PRIVADO";"II-E";"00016192";"CLÍNICA CHICLAYO S.A";"240800";"HOSPITALIZACIÓN QUIRÚRGICA CIRUGÍA PLÁSTICA/RECONSTRUCTIVA/ REPARADORA ";"3";"3";"4";"4";"1";"22";"0"
"2023";"09";"140101";"LAMBAYEQUE";"CHICLAYO";"CHICLAYO";"PRIVADO";"II-E";"00016192";"CLÍNICA CHICLAYO S.A";"241300";"HOSPITALIZACIÓN QUIRÚRGICA UROLOGÍA  ";"4";"4";"5";"10";"1";"30";"0"
"2023";"09";"140101";"LAMBAYEQUE";"CHICLAYO";"CHICLAYO";"PRIVADO";"II-E";"00016192";"CLÍNICA CHICLAYO S.A";"241900";"HOSPITALIZACIÓN DE MEDICINA MEDICINA INTERNA ";"7";"8";"10";"14";"1";"30";"1"
"2023";"09";"140101";"LAMBAYEQUE";"CHICLAYO";"CHICLAYO";"PRIVADO";"II-E";"00016192";"CLÍNICA CHICLAYO S.A";"244700";"HOSPITALIZACIÓN DE MEDICINA NEUROLOGIA  ";"1";"1";"1";"1";"1";"21";"0"
"2023";"09";"210101";"PUNO";"PUNO";"PUNO";"PRIVADO";"II-E";"00009683";"CLINICA PROSALUD";"240000";"HOSPITALIZACIÓN";"26";"26";"55";"55";"5";"150";"0"
"2023";"09";"040102";"AREQUIPA";"AREQUIPA";"ALTO SELVA ALEGRE";"GOBIERNO REGIONAL";"I-2";"00001304";"PUESTO DE SALUD HEROES DEL CENEPA";"NE_0001";"";"NE_0001";"NE_0001";"NE_0001";"NE_0001";"NE_0001";"NE_0001";"NE_0001"
"2023";"09";"040102";"AREQUIPA";"AREQUIPA";"ALTO SELVA ALEGRE";"GOBIERNO REGIONAL";"I-3";"00001302";"CENTRO DE SALUD INDEPENDENCIA";"NE_0001";"";"NE_0001";"NE_0001";"NE_0001";"NE_0001";"NE_0001";"NE_0001";"NE_0001"
"2023";"09";"040102";"AREQUIPA";"AREQUIPA";"ALTO SELVA ALEGRE";"GOBIERNO REGIONAL";"I-2";"00001303";"PUESTO DE SALUD SAN JUAN BAUTISTA";"NE_0001";"";"NE_0001";"NE_0001";"NE_0001";"NE_0001";"NE_0001";"NE_0001";"NE_0001"
"2023";"09";"040102";"AREQUIPA";"AREQUIPA";"ALTO SELVA ALEGRE";"GOBIERNO REGIONAL";"I-3";"00001300";"CENTRO DE SALUD APURIMAC";"NE_0001";"";"NE_0001";"NE_0001";"NE_0001";"NE_0001";"NE_0001";"NE_0001";"NE_0001"
"2023";"09";"040102";"AREQUIPA";"AREQUIPA";"ALTO SELVA ALEGRE";"GOBIERNO REGIONAL";"I-3";"00001291";"CENTRO DE SALUD ALTO SELVA ALEGRE";"NE_0001";"";"NE_0001";"NE_0001";"NE_0001";"NE_0001";"NE_0001";"NE_0001";"NE_0001"
"2023";"09";"040102";"AREQUIPA";"AREQUIPA";"ALTO SELVA ALEGRE";"GOBIERNO REGIONAL";"I-2";"00001301";"PUESTO DE SALUD LEONES DEL MISTI";"NE_0001";"";"NE_0001";"NE_0001";"NE_0001";"NE_0001";"NE_0001";"NE_0001";"NE_0001"
"2023";"09";"150601";"LIMA";"HUARAL";"HUARAL";"PRIVADO";"II-E";"00017081";"CLINICA SAN ANDRES";"241200";"HOSPITALIZACIÓN QUIRÚRGICA TRAUMATOLOGÍA Y ORTOPEDIA ";"10";"10";"12";"12";"2";"30";"0"
"2023";"09";"150601";"LIMA";"HUARAL";"HUARAL";"PRIVADO";"II-E";"00017081";"CLINICA SAN ANDRES";"241300";"HOSPITALIZACIÓN QUIRÚRGICA UROLOGÍA  ";"8";"8";"10";"10";"1";"30";"0"
"2023";"09";"150601";"LIMA";"HUARAL";"HUARAL";"PRIVADO";"II-E";"00017081";"CLINICA SAN ANDRES";"241800";"HOSPITALIZACIÓN DE MEDICINA MEDICINA GENERAL ";"5";"5";"7";"7";"2";"30";"0"
"2023";"09";"150601";"LIMA";"HUARAL";"HUARAL";"PRIVADO";"II-E";"00017081";"CLINICA SAN ANDRES";"240100";"HOSPITALIZACIÓN QUIRÚRGICA CIRUGÍA GENERAL ";"22";"22";"24";"24";"1";"30";"0"
"2023";"09";"150601";"LIMA";"HUARAL";"HUARAL";"PRIVADO";"II-E";"00017081";"CLINICA SAN ANDRES";"241500";"HOSPITALIZACIÓN QUIRÚRGICA GINECOLOGÍA  ";"2";"2";"4";"4";"1";"30";"0"
"2023";"09";"120114";"JUNIN";"HUANCAYO";"EL TAMBO";"ESSALUD";"I-4";"00008660";"POLICLINICO METROPOLITANO HUANCAYO";"NE_0001";"";"NE_0001";"NE_0001";"NE_0001";"NE_0001";"NE_0001";"NE_0001";"NE_0001"
"2023";"09";"070101";"CALLAO";"CALLAO";"CALLAO";"GOBIERNO REGIONAL";"I-2";"00006669";"SANIDAD AEREA INTERNACIONAL";"NE_0001";"";"NE_0001";"NE_0001";"NE_0001";"NE_0001";"NE_0001";"NE_0001";"NE_0001"
"2023";"09";"070101";"CALLAO";"CALLAO";"CALLAO";"GOBIERNO REGIONAL";"I-2";"00006668";"SANIDAD MARITIMA";"NE_0001";"";"NE_0001";"NE_0001";"NE_0001";"NE_0001";"NE_0001";"NE_0001";"NE_0001"
"2023";"09";"040108";"AREQUIPA";"AREQUIPA";"LA JOYA";"GOBIERNO REGIONAL";"I-3";"00001323";"CENTRO DE SALUD SAN ISIDRO";"NE_0001";"";"NE_0001";"NE_0001";"NE_0001";"NE_0001";"NE_0001";"NE_0001";"NE_0001"
"2023";"09";"040108";"AREQUIPA";"AREQUIPA";"LA JOYA";"GOBIERNO REGIONAL";"I-2";"00001333";"PUESTO DE SALUD SAN JOSE";"NE_0001";"";"NE_0001";"NE_0001";"NE_0001";"NE_0001";"NE_0001";"NE_0001";"NE_0001"
"2023";"09";"040108";"AREQUIPA";"AREQUIPA";"LA JOYA";"GOBIERNO REGIONAL";"I-2";"00001331";"PUESTO DE SALUD LA CANO";"NE_0001";"";"NE_0001";"NE_0001";"NE_0001";"NE_0001";"NE_0001";"NE_0001";"NE_0001"
"2023";"09";"040702";"AREQUIPA";"ISLAY";"COCACHACRA";"GOBIERNO REGIONAL";"I-2";"00001343";"PUESTO DE SALUD SAN CAMILO 7";"NE_0001";"";"NE_0001";"NE_0001";"NE_0001";"NE_0001";"NE_0001";"NE_0001";"NE_0001"
"2023";"09";"040108";"AREQUIPA";"AREQUIPA";"LA JOYA";"GOBIERNO REGIONAL";"I-2";"00001332";"PUESTO DE SALUD SAN CAMILO 6";"NE_0001";"";"NE_0001";"NE_0001";"NE_0001";"NE_0001";"NE_0001";"NE_0001";"NE_0001"
"2023";"09";"130705";"LA LIBERTAD";"PACASMAYO";"SAN JOSE";"ESSALUD";"I-2";"00012110";"POSTA DE SALUD SAN JOSE";"NE_0001";"";"NE_0001";"NE_0001";"NE_0001";"NE_0001";"NE_0001";"NE_0001";"NE_0001"
"2023";"09";"220203";"SAN MARTIN";"BELLAVISTA";"BAJO BIAVO";"GOBIERNO REGIONAL";"I-1";"00006520";"NUEVO TARAPOTO";"NE_0002";"";"NE_0002";"NE_0002";"NE_0002";"NE_0002";"NE_0002";"NE_0002";"NE_0002"
"2023";"09";"220203";"SAN MARTIN";"BELLAVISTA";"BAJO BIAVO";"GOBIERNO REGIONAL";"I-1";"00006523";"SANTA ELENA";"NE_0002";"";"NE_0002";"NE_0002";"NE_0002";"NE_0002";"NE_0002";"NE_0002";"NE_0002"
"2023";"09";"220203";"SAN MARTIN";"BELLAVISTA";"BAJO BIAVO";"GOBIERNO REGIONAL";"I-4";"00006519";"NUEVO LIMA";"241600";"HOSPITALIZACIÓN QUIRÚRGICA OBSTETRICIA   ";"1";"1";"1";"1";"1";"30";"0"
"2023";"09";"220203";"SAN MARTIN";"BELLAVISTA";"BAJO BIAVO";"GOBIERNO REGIONAL";"I-1";"00006522";"LA UNION";"NE_0002";"";"NE_0002";"NE_0002";"NE_0002";"NE_0002";"NE_0002";"NE_0002";"NE_0002"
"2023";"09";"220203";"SAN MARTIN";"BELLAVISTA";"BAJO BIAVO";"GOBIERNO REGIONAL";"I-1";"00006521";"DOS UNIDOS";"NE_0002";"";"NE_0002";"NE_0002";"NE_0002";"NE_0002";"NE_0002";"NE_0002";"NE_0002"
"2023";"09";"220203";"SAN MARTIN";"BELLAVISTA";"BAJO BIAVO";"GOBIERNO REGIONAL";"I-1";"00011343";"YANAYACU";"NE_0002";"";"NE_0002";"NE_0002";"NE_0002";"NE_0002";"NE_0002";"NE_0002";"NE_0002"
"2023";"09";"130701";"LA LIBERTAD";"PACASMAYO";"SAN PEDRO DE LLOC";"ESSALUD";"I-2";"00012097";"POSTA DE SALUD SAN PEDRO DE LLOC";"NE_0001";"";"NE_0001";"NE_0001";"NE_0001";"NE_0001";"NE_0001";"NE_0001";"NE_0001"
"2023";"09";"130703";"LA LIBERTAD";"PACASMAYO";"JEQUETEPEQUE";"ESSALUD";"I-2";"00009646";"POSTA DE SALUD JEQUETEPEQUE";"NE_0001";"";"NE_0001";"NE_0001";"NE_0001";"NE_0001";"NE_0001";"NE_0001";"NE_0001"
"2023";"09";"130702";"LA LIBERTAD";"PACASMAYO";"GUADALUPE";"ESSALUD";"I-2";"00012101";"POSTA DE SALUD GUADALUPE";"NE_0001";"";"NE_0001";"NE_0001";"NE_0001";"NE_0001";"NE_0001";"NE_0001";"NE_0001"
"2023";"09";"211101";"PUNO";"SAN ROMAN";"JULIACA";"PRIVADO";"II-E";"00011978";"CLINICA MONTE SINAI JULIACA E.I.R.L.";"241800";"HOSPITALIZACIÓN DE MEDICINA MEDICINA GENERAL ";"8";"8";"25";"35";"1";"150";"0"
"2023";"09";"211101";"PUNO";"SAN ROMAN";"JULIACA";"PRIVADO";"II-E";"00011978";"CLINICA MONTE SINAI JULIACA E.I.R.L.";"240100";"HOSPITALIZACIÓN QUIRÚRGICA CIRUGÍA GENERAL ";"38";"33";"110";"15";"13";"92";"0"
"2023";"09";"130702";"LA LIBERTAD";"PACASMAYO";"GUADALUPE";"ESSALUD";"I-2";"00009486";"POSTA DE SALUD LIMONCARRO";"NE_0001";"";"NE_0001";"NE_0001";"NE_0001";"NE_0001";"NE_0001";"NE_0001";"NE_0001"
"2023";"09";"160108";"LORETO";"MAYNAS";"PUNCHANA";"ESSALUD";"I-3";"00011397";"CENTRO DE ATENCION PRIMARIA III PUNCHANA";"NE_0001";"";"NE_0001";"NE_0001";"NE_0001";"NE_0001";"NE_0001";"NE_0001";"NE_0001"
"2023";"09";"220301";"SAN MARTIN";"EL DORADO";"SAN JOSE DE SISA";"GOBIERNO REGIONAL";"I-1";"00006490";"HUAJA";"NE_0001";"";"NE_0001";"NE_0001";"NE_0001";"NE_0001";"NE_0001";"NE_0001";"NE_0001"
"2023";"09";"220305";"SAN MARTIN";"EL DORADO";"SHATOJA";"GOBIERNO REGIONAL";"I-1";"00006491";"AMINIO";"NE_0001";"";"NE_0001";"NE_0001";"NE_0001";"NE_0001";"NE_0001";"NE_0001";"NE_0001"
"2023";"09";"220301";"SAN MARTIN";"EL DORADO";"SAN JOSE DE SISA";"GOBIERNO REGIONAL";"I-1";"00006487";"SANTA CRUZ";"NE_0001";"";"NE_0001";"NE_0001";"NE_0001";"NE_0001";"NE_0001";"NE_0001";"NE_0001"
"2023";"09";"220301";"SAN MARTIN";"EL DORADO";"SAN JOSE DE SISA";"GOBIERNO REGIONAL";"I-1";"00006489";"SAN JUAN DE MIRAFLORES";"NE_0001";"";"NE_0001";"NE_0001";"NE_0001";"NE_0001";"NE_0001";"NE_0001";"NE_0001"
"2023";"09";"220301";"SAN MARTIN";"EL DORADO";"SAN JOSE DE SISA";"GOBIERNO REGIONAL";"I-1";"00006486";"NAUTA";"NE_0001";"";"NE_0001";"NE_0001";"NE_0001";"NE_0001";"NE_0001";"NE_0001";"NE_0001"
"2023";"09";"220301";"SAN MARTIN";"EL DORADO";"SAN JOSE DE SISA";"GOBIERNO REGIONAL";"I-4";"00006485";"HOSPITAL RURAL SAN JOSE DE SISA";"241600";"HOSPITALIZACIÓN QUIRÚRGICA OBSTETRICIA   ";"20";"20";"30";"20";"9";"270";"0"
"2023";"09";"220301";"SAN MARTIN";"EL DORADO";"SAN JOSE DE SISA";"GOBIERNO REGIONAL";"I-4";"00006485";"HOSPITAL RURAL SAN JOSE DE SISA";"241800";"HOSPITALIZACIÓN DE MEDICINA MEDICINA GENERAL ";"12";"12";"46";"12";"6";"180";"0"
"2023";"09";"130704";"LA LIBERTAD";"PACASMAYO";"PACASMAYO";"ESSALUD";"I-4";"00008514";"HOSPITAL I PACASMAYO";"241900";"HOSPITALIZACIÓN DE MEDICINA MEDICINA INTERNA ";"50";"54";"187";"203";"12";"360";"0"
"2023";"09";"130111";"LA LIBERTAD";"TRUJILLO";"VICTOR LARCO HERRERA";"PRIVADO";"II-1";"00026935";"CLÍNICA FÁTIMA";"240100";"HOSPITALIZACIÓN QUIRÚRGICA CIRUGÍA GENERAL ";"107";"107";"148";"148";"10";"300";"0"
"2023";"09";"130111";"LA LIBERTAD";"TRUJILLO";"VICTOR LARCO HERRERA";"PRIVADO";"II-1";"00026935";"CLÍNICA FÁTIMA";"241400";"HOSPITALIZACIÓN QUIRÚRGICA GINECO - OBSTETRICIA ";"26";"26";"394";"394";"15";"450";"0"
"2023";"09";"130111";"LA LIBERTAD";"TRUJILLO";"VICTOR LARCO HERRERA";"PRIVADO";"II-1";"00026935";"CLÍNICA FÁTIMA";"241800";"HOSPITALIZACIÓN DE MEDICINA MEDICINA GENERAL ";"23";"23";"55";"55";"2";"60";"0"
"2023";"09";"040410";"AREQUIPA";"CASTILLA";"PAMPACOLCA";"GOBIERNO REGIONAL";"I-3";"00001385";"CENTRO DE SALUD PAMPACOLCA";"NE_0001";"";"NE_0001";"NE_0001";"NE_0001";"NE_0001";"NE_0001";"NE_0001";"NE_0001"
"2023";"09";"040410";"AREQUIPA";"CASTILLA";"PAMPACOLCA";"GOBIERNO REGIONAL";"I-2";"00001398";"PUESTO DE SALUD SAN ANTONIO";"NE_0001";"";"NE_0001";"NE_0001";"NE_0001";"NE_0001";"NE_0001";"NE_0001";"NE_0001"
"2023";"09";"040410";"AREQUIPA";"CASTILLA";"PAMPACOLCA";"GOBIERNO REGIONAL";"I-1";"00001399";"PUESTO DE SALUD PISCOPAMPA";"NE_0001";"";"NE_0001";"NE_0001";"NE_0001";"NE_0001";"NE_0001";"NE_0001";"NE_0001"
"2023";"09";"080106";"CUSCO";"CUSCO";"SANTIAGO";"OTRO";"II-E";"00012995";"SAN JUAN PABLO II";"242200";"HOSPITALIZACIÓN DE MEDICINA PSIQUIATRÍA ";"46";"7";"107";"2461";"40";"1240";"0"
"2023";"09";"060508";"CAJAMARCA";"CONTUMAZA";"YONAN";"ESSALUD";"I-2";"00010274";"POSTA MEDICA TEMBLADERA";"NE_0001";"";"NE_0001";"NE_0001";"NE_0001";"NE_0001";"NE_0001";"NE_0001";"NE_0001"
"2023";"09";"150132";"LIMA";"LIMA";"SAN JUAN DE LURIGANCHO";"PRIVADO";"II-E";"00014509";"CLINICA SAN MARTIN";"240000";"HOSPITALIZACIÓN";"0";"0";"0";"360";"12";"360";"0"
"2023";"09";"070106";"CALLAO";"CALLAO";"VENTANILLA";"GOBIERNO REGIONAL";"I-4";"00006256";"CENTRO DE SALUD VILLA LOS REYES";"241600";"HOSPITALIZACIÓN QUIRÚRGICA OBSTETRICIA   ";"11";"9";"9";"120";"4";"120";"0"
"2023";"03";"250304";"UCAYALI";"PADRE ABAD";"NESHUYA";"GOBIERNO REGIONAL";"I-1";"00030508";"PUESTO DE SALUD NOLBERTH DE ALTO ARUYA";"NE_0001";"";"NE_0001";"NE_0001";"NE_0001";"NE_0001";"NE_0001";"NE_0001";"NE_0001"
"2023";"03";"250304";"UCAYALI";"PADRE ABAD";"NESHUYA";"GOBIERNO REGIONAL";"I-1";"00030507";"PUESTO DE SALUD MAR DE PLATA";"NE_0001";"";"NE_0001";"NE_0001";"NE_0001";"NE_0001";"NE_0001";"NE_0001";"NE_0001"
"2023";"03";"250304";"UCAYALI";"PADRE ABAD";"NESHUYA";"GOBIERNO REGIONAL";"I-1";"00021850";"VIRGEN DEL CARMEN";"NE_0001";"";"NE_0001";"NE_0001";"NE_0001";"NE_0001";"NE_0001";"NE_0001";"NE_0001"
"2023";"03";"250304";"UCAYALI";"PADRE ABAD";"NESHUYA";"GOBIERNO REGIONAL";"I-1";"00007461";"SANTA ROSA DE GUINEA";"NE_0001";"";"NE_0001";"NE_0001";"NE_0001";"NE_0001";"NE_0001";"NE_0001";"NE_0001"
"2023";"03";"250304";"UCAYALI";"PADRE ABAD";"NESHUYA";"GOBIERNO REGIONAL";"I-1";"00007116";"VILLA DEL CAMPO";"NE_0001";"";"NE_0001";"NE_0001";"NE_0001";"NE_0001";"NE_0001";"NE_0001";"NE_0001"
"2023";"03";"250305";"UCAYALI";"PADRE ABAD";"ALEXANDER VON HUMBOLDT";"GOBIERNO REGIONAL";"I-1";"00005421";"EL MILAGRO KM   83";"NE_0001";"";"NE_0001";"NE_0001";"NE_0001";"NE_0001";"NE_0001";"NE_0001";"NE_0001"
"2023";"03";"250304";"UCAYALI";"PADRE ABAD";"NESHUYA";"GOBIERNO REGIONAL";"I-1";"00005420";"NUEVO SAN JUAN KM. 69";"NE_0001";"";"NE_0001";"NE_0001";"NE_0001";"NE_0001";"NE_0001";"NE_0001";"NE_0001"
"2023";"03";"250304";"UCAYALI";"PADRE ABAD";"NESHUYA";"GOBIERNO REGIONAL";"I-1";"00005419";"LA UNION";"NE_0001";"";"NE_0001";"NE_0001";"NE_0001";"NE_0001";"NE_0001";"NE_0001";"NE_0001"
"2023";"03";"250304";"UCAYALI";"PADRE ABAD";"NESHUYA";"GOBIERNO REGIONAL";"I-2";"00005418";"MONTE DE LOS OLIVOS";"NE_0001";"";"NE_0001";"NE_0001";"NE_0001";"NE_0001";"NE_0001";"NE_0001";"NE_0001"
"2023";"03";"250304";"UCAYALI";"PADRE ABAD";"NESHUYA";"GOBIERNO REGIONAL";"I-1";"00005417";"SAN JUAN KM. 71";"NE_0001";"";"NE_0001";"NE_0001";"NE_0001";"NE_0001";"NE_0001";"NE_0001";"NE_0001"
"2023";"03";"250305";"UCAYALI";"PADRE ABAD";"ALEXANDER VON HUMBOLDT";"GOBIERNO REGIONAL";"I-2";"00005416";"VON HUMBOLTD";"NE_0001";"";"NE_0001";"NE_0001";"NE_0001";"NE_0001";"NE_0001";"NE_0001";"NE_0001"
"2023";"03";"250304";"UCAYALI";"PADRE ABAD";"NESHUYA";"GOBIERNO REGIONAL";"I-3";"00005415";"MONTE ALEGRE-NESHUYA";"NE_0001";"";"NE_0001";"NE_0001";"NE_0001";"NE_0001";"NE_0001";"NE_0001";"NE_0001"
"2023";"04";"220805";"SAN MARTIN";"RIOJA";"PARDO MIGUEL";"GOBIERNO REGIONAL";"I-1";"00006306";"EL MIRADOR";"NE_0001";"";"NE_0001";"NE_0001";"NE_0001";"NE_0001";"NE_0001";"NE_0001";"NE_0001"
"2023";"04";"220805";"SAN MARTIN";"RIOJA";"PARDO MIGUEL";"GOBIERNO REGIONAL";"I-1";"00006309";"TUMBARO";"NE_0001";"";"NE_0001";"NE_0001";"NE_0001";"NE_0001";"NE_0001";"NE_0001";"NE_0001"
"2023";"04";"120608";"JUNIN";"SATIPO";"RIO TAMBO";"GOBIERNO REGIONAL";"I-2";"00000463";"BOCA CHEMBO";"NE_0001";"";"NE_0001";"NE_0001";"NE_0001";"NE_0001";"NE_0001";"NE_0001";"NE_0001"
"2023";"04";"120606";"JUNIN";"SATIPO";"PANGOA";"GOBIERNO REGIONAL";"I-1";"00006878";"POTSOTENI";"NE_0001";"";"NE_0001";"NE_0001";"NE_0001";"NE_0001";"NE_0001";"NE_0001";"NE_0001"
"2023";"04";"120608";"JUNIN";"SATIPO";"RIO TAMBO";"GOBIERNO REGIONAL";"I-1";"00000475";"CAPERUSIA";"NE_0001";"";"NE_0001";"NE_0001";"NE_0001";"NE_0001";"NE_0001";"NE_0001";"NE_0001"
"2023";"04";"120608";"JUNIN";"SATIPO";"RIO TAMBO";"GOBIERNO REGIONAL";"I-2";"00007187";"VISTA  ALEGRE DEL VALLE DE SANTA CRUZ";"NE_0001";"";"NE_0001";"NE_0001";"NE_0001";"NE_0001";"NE_0001";"NE_0001";"NE_0001"
"2023";"04";"120608";"JUNIN";"SATIPO";"RIO TAMBO";"GOBIERNO REGIONAL";"I-3";"00000460";"BETANIA";"NE_0001";"";"NE_0001";"NE_0001";"NE_0001";"NE_0001";"NE_0001";"NE_0001";"NE_0001"
"2023";"04";"120608";"JUNIN";"SATIPO";"RIO TAMBO";"GOBIERNO REGIONAL";"I-3";"00000469";"PUERTO OCOPA";"NE_0001";"";"NE_0001";"NE_0001";"NE_0001";"NE_0001";"NE_0001";"NE_0001";"NE_0001"
"2023";"04";"120608";"JUNIN";"SATIPO";"RIO TAMBO";"GOBIERNO REGIONAL";"I-2";"00000470";"SAN MIGUEL DE OTICA";"NE_0001";"";"NE_0001";"NE_0001";"NE_0001";"NE_0001";"NE_0001";"NE_0001";"NE_0001"
"2023";"04";"030201";"APURIMAC";"ANDAHUAYLAS";"ANDAHUAYLAS";"ESSALUD";"II-1";"00011214";"HOSPITAL I SANTA MARGARITA";"241800";"HOSPITALIZACIÓN DE MEDICINA MEDICINA GENERAL ";"26";"21";"196";"156";"6";"156";"0"
"2023";"04";"030201";"APURIMAC";"ANDAHUAYLAS";"ANDAHUAYLAS";"ESSALUD";"II-1";"00011214";"HOSPITAL I SANTA MARGARITA";"240100";"HOSPITALIZACIÓN QUIRÚRGICA CIRUGÍA GENERAL ";"32";"28";"154";"149";"4";"149";"0"
"2023";"04";"030201";"APURIMAC";"ANDAHUAYLAS";"ANDAHUAYLAS";"ESSALUD";"II-1";"00011214";"HOSPITAL I SANTA MARGARITA";"241400";"HOSPITALIZACIÓN QUIRÚRGICA GINECO - OBSTETRICIA ";"5";"3";"19";"18";"1";"25";"0"
"2023";"04";"030201";"APURIMAC";"ANDAHUAYLAS";"ANDAHUAYLAS";"ESSALUD";"II-1";"00011214";"HOSPITAL I SANTA MARGARITA";"241600";"HOSPITALIZACIÓN QUIRÚRGICA OBSTETRICIA   ";"29";"29";"82";"79";"3";"90";"0"
"2023";"04";"030201";"APURIMAC";"ANDAHUAYLAS";"ANDAHUAYLAS";"ESSALUD";"II-1";"00011214";"HOSPITAL I SANTA MARGARITA";"242300";"HOSPITALIZACIÓN DE PEDIATRÍA  PEDIATRÍA  GENERAL ";"5";"5";"34";"22";"2";"60";"0"
"2023";"05";"130101";"LA LIBERTAD";"TRUJILLO";"TRUJILLO";"PRIVADO";"II-1";"00013373";"CLINICA PERUANO AMERICANA S. A.";"241800";"HOSPITALIZACIÓN DE MEDICINA MEDICINA GENERAL ";"66";"57";"196";"239";"11";"330";"3"
"2023";"05";"130101";"LA LIBERTAD";"TRUJILLO";"TRUJILLO";"PRIVADO";"II-1";"00013373";"CLINICA PERUANO AMERICANA S. A.";"240100";"HOSPITALIZACIÓN QUIRÚRGICA CIRUGÍA GENERAL ";"128";"99";"255";"496";"17";"510";"0"
"2023";"05";"130101";"LA LIBERTAD";"TRUJILLO";"TRUJILLO";"PRIVADO";"II-1";"00013373";"CLINICA PERUANO AMERICANA S. A.";"242300";"HOSPITALIZACIÓN DE PEDIATRÍA  PEDIATRÍA  GENERAL ";"9";"8";"33";"36";"7";"210";"0"
"2023";"05";"130101";"LA LIBERTAD";"TRUJILLO";"TRUJILLO";"PRIVADO";"II-1";"00013373";"CLINICA PERUANO AMERICANA S. A.";"241400";"HOSPITALIZACIÓN QUIRÚRGICA GINECO - OBSTETRICIA ";"6";"3";"3";"42";"5";"150";"0"
"2023";"05";"150142";"LIMA";"LIMA";"VILLA EL SALVADOR";"MINSA";"II-2";"00023159";"HOSPITAL DE EMERGENCIAS VILLA EL SALVADOR";"242201";"HOSPITALIZACIÓN DE MEDICINA PSIQUIATRÍA PSIQUIATRÍA - HOSPITALIZACIÓN DE DÍA";"5";"3";"109";"84";"4";"124";"0"
"2023";"05";"150142";"LIMA";"LIMA";"VILLA EL SALVADOR";"MINSA";"II-2";"00023159";"HOSPITAL DE EMERGENCIAS VILLA EL SALVADOR";"241700";"HOSPITALIZACIÓN QUIRÚRGICA GINECOLOGÍA   GINECOLOGIA ONCOLOGiCA";"41";"15";"66";"68";"3";"93";"0"
"2023";"05";"150142";"LIMA";"LIMA";"VILLA EL SALVADOR";"MINSA";"II-2";"00023159";"HOSPITAL DE EMERGENCIAS VILLA EL SALVADOR";"241900";"HOSPITALIZACIÓN DE MEDICINA MEDICINA INTERNA ";"161";"132";"1381";"1469";"48";"1488";"9"
"2023";"05";"150142";"LIMA";"LIMA";"VILLA EL SALVADOR";"MINSA";"II-2";"00023159";"HOSPITAL DE EMERGENCIAS VILLA EL SALVADOR";"241600";"HOSPITALIZACIÓN QUIRÚRGICA OBSTETRICIA   ";"582";"440";"946";"1058";"42";"1302";"0"
"2023";"05";"150142";"LIMA";"LIMA";"VILLA EL SALVADOR";"MINSA";"II-2";"00023159";"HOSPITAL DE EMERGENCIAS VILLA EL SALVADOR";"242500";"HOSPITALIZACIÓN-PEDIATRÍA GENERAL-";"250";"231";"908";"987";"37";"1147";"0"
"2023";"05";"150142";"LIMA";"LIMA";"VILLA EL SALVADOR";"MINSA";"II-2";"00023159";"HOSPITAL DE EMERGENCIAS VILLA EL SALVADOR";"240100";"HOSPITALIZACIÓN QUIRÚRGICA CIRUGÍA GENERAL ";"337";"231";"1238";"1475";"49";"1519";"1"
"2023";"05";"150142";"LIMA";"LIMA";"VILLA EL SALVADOR";"MINSA";"II-2";"00023159";"HOSPITAL DE EMERGENCIAS VILLA EL SALVADOR";"250103";"UNIDAD DE CUIDADOS CRITICOS UNIDAD  DE CUIDADOS INTENSIVOS GENERALES  (UCI) MEDICINA";"75";"16";"440";"537";"18";"558";"14"
"2023";"05";"150142";"LIMA";"LIMA";"VILLA EL SALVADOR";"MINSA";"II-2";"00023159";"HOSPITAL DE EMERGENCIAS VILLA EL SALVADOR";"250108";"UNIDAD DE CUIDADOS CRITICOS UNIDAD  DE CUIDADOS INTENSIVOS  (UCI) PEDIÁTRICA";"16";"1";"164";"183";"6";"186";"1"
"2023";"05";"150142";"LIMA";"LIMA";"VILLA EL SALVADOR";"MINSA";"II-2";"00023159";"HOSPITAL DE EMERGENCIAS VILLA EL SALVADOR";"250105";"UNIDAD DE CUIDADOS CRITICOS UNIDAD  DE CUIDADOS INTENSIVOS  (UCI) NEONATOLOGÍA";"25";"6";"183";"237";"8";"248";"5"
"2023";"05";"150142";"LIMA";"LIMA";"VILLA EL SALVADOR";"MINSA";"II-2";"00023159";"HOSPITAL DE EMERGENCIAS VILLA EL SALVADOR";"250105";"UNIDAD DE CUIDADOS CRITICOS UNIDAD  DE CUIDADOS INTENSIVOS  (UCI) NEONATOLOGÍA";"129";"74";"654";"557";"18";"572";"1"
"2023";"05";"150142";"LIMA";"LIMA";"VILLA EL SALVADOR";"MINSA";"II-2";"00023159";"HOSPITAL DE EMERGENCIAS VILLA EL SALVADOR";"241500";"HOSPITALIZACIÓN QUIRÚRGICA GINECOLOGÍA  ";"172";"94";"248";"256";"9";"283";"0"
"2023";"04";"150108";"LIMA";"LIMA";"CHORRILLOS";"PRIVADO";"II-1";"00011950";"CLINICA CHORRILLOS";"NE_0002";"";"NE_0002";"NE_0002";"NE_0002";"NE_0002";"NE_0002";"NE_0002";"NE_0002"
"2023";"06";"150128";"LIMA";"LIMA";"RIMAC";"SANIDAD DE LA POLICIA NACIONAL DEL PERU";"II-1";"00016094";"HOSPITAL PNP ""AUGUSTO B. LEGUIA""";"240100";"HOSPITALIZACIÓN QUIRÚRGICA CIRUGÍA GENERAL ";"38";"40";"140";"143";"22";"660";"0"
"2023";"06";"150128";"LIMA";"LIMA";"RIMAC";"SANIDAD DE LA POLICIA NACIONAL DEL PERU";"II-1";"00016094";"HOSPITAL PNP ""AUGUSTO B. LEGUIA""";"241800";"HOSPITALIZACIÓN DE MEDICINA MEDICINA GENERAL ";"50";"53";"303";"249";"39";"1170";"0"
"2023";"06";"081207";"CUSCO";"QUISPICANCHI";"HUARO";"SANIDAD DE LA POLICIA NACIONAL DEL PERU";"I-2";"00011747";"POSTA MEDICA POLICIAL PUCUTO";"NE_0001";"";"NE_0001";"NE_0001";"NE_0001";"NE_0001";"NE_0001";"NE_0001";"NE_0001"
"2023";"06";"131101";"LA LIBERTAD";"GRAN CHIMU";"CASCAS";"ESSALUD";"I-2";"00012104";"POSTA DE SALUD CASCAS";"NE_0001";"";"NE_0001";"NE_0001";"NE_0001";"NE_0001";"NE_0001";"NE_0001";"NE_0001"
"2023";"06";"240103";"TUMBES";"TUMBES";"LA CRUZ";"ESSALUD";"I-2";"00012274";"POSTA MEDICA LA CRUZ";"NE_0001";"";"NE_0001";"NE_0001";"NE_0001";"NE_0001";"NE_0001";"NE_0001";"NE_0001"
"2023";"06";"130105";"LA LIBERTAD";"TRUJILLO";"LA ESPERANZA";"ESSALUD";"II-1";"00009040";"HOSPITAL I - LA ESPERANZA";"241800";"HOSPITALIZACIÓN DE MEDICINA MEDICINA GENERAL ";"57";"60";"236";"236";"10";"300";"0"
"2023";"06";"040516";"AREQUIPA";"CAYLLOMA";"TAPAY";"GOBIERNO REGIONAL";"I-2";"00001434";"PUESTO DE SALUD TAPAY";"NE_0001";"";"NE_0001";"NE_0001";"NE_0001";"NE_0001";"NE_0001";"NE_0001";"NE_0001"
"2023";"06";"040507";"AREQUIPA";"CAYLLOMA";"HUAMBO";"GOBIERNO REGIONAL";"I-2";"00001433";"PUESTO DE SALUD HUAMBO";"NE_0001";"";"NE_0001";"NE_0001";"NE_0001";"NE_0001";"NE_0001";"NE_0001";"NE_0001"
"2023";"06";"040108";"AREQUIPA";"AREQUIPA";"LA JOYA";"GOBIERNO REGIONAL";"I-3";"00001322";"LA JOYA";"NE_0001";"";"NE_0001";"NE_0001";"NE_0001";"NE_0001";"NE_0001";"NE_0001";"NE_0001"
"2023";"06";"040108";"AREQUIPA";"AREQUIPA";"LA JOYA";"GOBIERNO REGIONAL";"I-1";"00001327";"PUESTO DE SALUD CERRITO BUENA VISTA";"NE_0001";"";"NE_0001";"NE_0001";"NE_0001";"NE_0001";"NE_0001";"NE_0001";"NE_0001"
"2023";"06";"040108";"AREQUIPA";"AREQUIPA";"LA JOYA";"GOBIERNO REGIONAL";"I-3";"00001330";"CENTRO DE SALUD EL CRUCE - TRIUNFO";"NE_0001";"";"NE_0001";"NE_0001";"NE_0001";"NE_0001";"NE_0001";"NE_0001";"NE_0001"
"2023";"06";"040108";"AREQUIPA";"AREQUIPA";"LA JOYA";"GOBIERNO REGIONAL";"I-1";"00001328";"PUESTO DE SALUD LOS MEDANOS";"NE_0001";"";"NE_0001";"NE_0001";"NE_0001";"NE_0001";"NE_0001";"NE_0001";"NE_0001"
"2023";"06";"040108";"AREQUIPA";"AREQUIPA";"LA JOYA";"GOBIERNO REGIONAL";"I-1";"00001329";"PUESTO DE SALUD BENITO LAZO";"NE_0001";"";"NE_0001";"NE_0001";"NE_0001";"NE_0001";"NE_0001";"NE_0001";"NE_0001"
"2023";"06";"090306";"HUANCAVELICA";"ANGARAES";"CONGALLA";"GOBIERNO REGIONAL";"I-1";"00011199";"CHAYNABAMBA";"NE_0001";"";"NE_0001";"NE_0001";"NE_0001";"NE_0001";"NE_0001";"NE_0001";"NE_0001"
"2023";"06";"090306";"HUANCAVELICA";"ANGARAES";"CONGALLA";"GOBIERNO REGIONAL";"I-1";"00003973";"YUNYACCASA";"NE_0001";"";"NE_0001";"NE_0001";"NE_0001";"NE_0001";"NE_0001";"NE_0001";"NE_0001"
"2023";"06";"090306";"HUANCAVELICA";"ANGARAES";"CONGALLA";"GOBIERNO REGIONAL";"I-1";"00003974";"CARCOSI";"NE_0001";"";"NE_0001";"NE_0001";"NE_0001";"NE_0001";"NE_0001";"NE_0001";"NE_0001"
"2023";"06";"090301";"HUANCAVELICA";"ANGARAES";"LIRCAY";"GOBIERNO REGIONAL";"I-1";"00011201";"CIENEGUILLA";"NE_0001";"";"NE_0001";"NE_0001";"NE_0001";"NE_0001";"NE_0001";"NE_0001";"NE_0001"
"2023";"06";"090301";"HUANCAVELICA";"ANGARAES";"LIRCAY";"GOBIERNO REGIONAL";"I-1";"00003948";"UCHCUPAMPA";"NE_0001";"";"NE_0001";"NE_0001";"NE_0001";"NE_0001";"NE_0001";"NE_0001";"NE_0001"
"2023";"06";"090311";"HUANCAVELICA";"ANGARAES";"SANTO TOMAS DE PATA";"GOBIERNO REGIONAL";"I-1";"00003967";"SANTO TOMAS DE PATA";"NE_0001";"";"NE_0001";"NE_0001";"NE_0001";"NE_0001";"NE_0001";"NE_0001";"NE_0001"
"2023";"06";"090311";"HUANCAVELICA";"ANGARAES";"SANTO TOMAS DE PATA";"GOBIERNO REGIONAL";"I-1";"00003968";"CHUPACC";"NE_0001";"";"NE_0001";"NE_0001";"NE_0001";"NE_0001";"NE_0001";"NE_0001";"NE_0001"
"2023";"06";"090301";"HUANCAVELICA";"ANGARAES";"LIRCAY";"GOBIERNO REGIONAL";"I-1";"00011202";"PAMPAHUASI";"NE_0001";"";"NE_0001";"NE_0001";"NE_0001";"NE_0001";"NE_0001";"NE_0001";"NE_0001"
"2023";"06";"090301";"HUANCAVELICA";"ANGARAES";"LIRCAY";"GOBIERNO REGIONAL";"I-1";"00011205";"UNION PROGRESO PATAHUASI";"NE_0001";"";"NE_0001";"NE_0001";"NE_0001";"NE_0001";"NE_0001";"NE_0001";"NE_0001"
"2023";"06";"090302";"HUANCAVELICA";"ANGARAES";"ANCHONGA";"GOBIERNO REGIONAL";"I-1";"00028780";"LLANCAPUQUIO";"NE_0001";"";"NE_0001";"NE_0001";"NE_0001";"NE_0001";"NE_0001";"NE_0001";"NE_0001"
"2023";"06";"150101";"LIMA";"LIMA";"LIMA";"ESSALUD";"II-2";"00008502";"HOSPITAL DE EMERGENCIAS GRAU";"241900";"HOSPITALIZACIÓN DE MEDICINA MEDICINA INTERNA ";"207";"209";"1833";"1429";"54";"1620";"10"
"2023";"06";"150101";"LIMA";"LIMA";"LIMA";"ESSALUD";"II-2";"00008502";"HOSPITAL DE EMERGENCIAS GRAU";"242000";"HOSPITALIZACIÓN DE MEDICINA MEDICINA TROPICAL E INFECCIOSAS ";"42";"39";"250";"272";"11";"330";"0"
"2023";"06";"150101";"LIMA";"LIMA";"LIMA";"ESSALUD";"II-2";"00008502";"HOSPITAL DE EMERGENCIAS GRAU";"240100";"HOSPITALIZACIÓN QUIRÚRGICA CIRUGÍA GENERAL ";"277";"274";"734";"602";"26";"780";"0"
"2023";"06";"150101";"LIMA";"LIMA";"LIMA";"ESSALUD";"II-2";"00008502";"HOSPITAL DE EMERGENCIAS GRAU";"241200";"HOSPITALIZACIÓN QUIRÚRGICA TRAUMATOLOGÍA Y ORTOPEDIA ";"81";"81";"333";"349";"13";"390";"0"
"2023";"06";"150101";"LIMA";"LIMA";"LIMA";"ESSALUD";"II-2";"00008502";"HOSPITAL DE EMERGENCIAS GRAU";"241300";"HOSPITALIZACIÓN QUIRÚRGICA UROLOGÍA  ";"63";"65";"308";"220";"10";"300";"0"
"2023";"06";"150101";"LIMA";"LIMA";"LIMA";"ESSALUD";"II-2";"00008502";"HOSPITAL DE EMERGENCIAS GRAU";"241400";"HOSPITALIZACIÓN QUIRÚRGICA GINECO - OBSTETRICIA ";"352";"356";"751";"690";"31";"930";"0"
"2023";"06";"150101";"LIMA";"LIMA";"LIMA";"ESSALUD";"II-2";"00008502";"HOSPITAL DE EMERGENCIAS GRAU";"242500";"HOSPITALIZACIÓN-PEDIATRÍA GENERAL-";"100";"105";"308";"276";"11";"330";"0"
"2023";"06";"150101";"LIMA";"LIMA";"LIMA";"ESSALUD";"II-2";"00008502";"HOSPITAL DE EMERGENCIAS GRAU";"243200";"HOSPITALIZACIÓN DE PEDIATRÍA PEDIATRIA NEONATOLOGÍA";"157";"156";"251";"179";"10";"300";"0"
"2023";"06";"150101";"LIMA";"LIMA";"LIMA";"ESSALUD";"II-2";"00008502";"HOSPITAL DE EMERGENCIAS GRAU";"250200";"UNIDAD DE CUIDADOS CRITICOS UNIDAD DE CUIDADOS INTERMEDIOS GENERAL  (UCIN) ";"23";"1";"3";"137";"5";"150";"0"
"2023";"06";"150101";"LIMA";"LIMA";"LIMA";"ESSALUD";"II-2";"00008502";"HOSPITAL DE EMERGENCIAS GRAU";"250100";"UNIDAD DE CUIDADOS CRITICOS UNIDAD  DE CUIDADOS INTENSIVOS GENERALES (UCI) ";"21";"5";"100";"229";"8";"240";"5"
"2023";"06";"150130";"LIMA";"LIMA";"SAN BORJA";"PRIVADO";"II-E";"00015078";"NOVO Q";"240000";"HOSPITALIZACIÓN";"68";"64";"77";"87";"12";"274";"0"
"2023";"06";"060303";"CAJAMARCA";"CELENDIN";"CORTEGANA";"GOBIERNO REGIONAL";"I-1";"00004474";"YAGEN";"NE_0001";"";"NE_0001";"NE_0001";"NE_0001";"NE_0001";"NE_0001";"NE_0001";"NE_0001"
"2023";"05";"150121";"LIMA";"LIMA";"PUEBLO LIBRE";"PRIVADO";"II-E";"00011741";"CLÍNICA NORVISION";"NE_0001";"";"NE_0001";"NE_0001";"NE_0001";"NE_0001";"NE_0001";"NE_0001";"NE_0001"
"2023";"05";"021809";"ANCASH";"SANTA";"NUEVO CHIMBOTE";"GOBIERNO REGIONAL";"II-2";"00001703";"ELEAZAR GUZMAN BARRON";"245700";"HOSPITALIZACIÓN QUIRÚRGICA CARDIOLOGIA ";"4";"6";"33";"25";"1";"31";"0"
"2023";"05";"021809";"ANCASH";"SANTA";"NUEVO CHIMBOTE";"GOBIERNO REGIONAL";"II-2";"00001703";"ELEAZAR GUZMAN BARRON";"244300";"HOSPITALIZACIÓN DE MEDICINA GASTROENTEROLOGÍA  ";"4";"2";"20";"29";"1";"31";"0"
"2023";"05";"021809";"ANCASH";"SANTA";"NUEVO CHIMBOTE";"GOBIERNO REGIONAL";"II-2";"00001703";"ELEAZAR GUZMAN BARRON";"245500";"HOSPITALIZACIÓN DE MEDICINA REUMATOLOGÍA    ";"6";"7";"7";"6";"1";"31";"0"
"2023";"05";"021809";"ANCASH";"SANTA";"NUEVO CHIMBOTE";"GOBIERNO REGIONAL";"II-2";"00001703";"ELEAZAR GUZMAN BARRON";"245300";"HOSPITALIZACIÓN DE MEDICINA NEUMOLOGÍA  ";"6";"7";"69";"120";"4";"124";"0"
"2023";"05";"021809";"ANCASH";"SANTA";"NUEVO CHIMBOTE";"GOBIERNO REGIONAL";"II-2";"00001703";"ELEAZAR GUZMAN BARRON";"242200";"HOSPITALIZACIÓN DE MEDICINA PSIQUIATRÍA ";"3";"2";"121";"192";"7";"217";"0"
"2023";"05";"021809";"ANCASH";"SANTA";"NUEVO CHIMBOTE";"GOBIERNO REGIONAL";"II-2";"00001703";"ELEAZAR GUZMAN BARRON";"240100";"HOSPITALIZACIÓN QUIRÚRGICA CIRUGÍA GENERAL ";"70";"67";"252";"290";"10";"310";"2"
"2023";"05";"021809";"ANCASH";"SANTA";"NUEVO CHIMBOTE";"GOBIERNO REGIONAL";"II-2";"00001703";"ELEAZAR GUZMAN BARRON";"241200";"HOSPITALIZACIÓN QUIRÚRGICA TRAUMATOLOGÍA Y ORTOPEDIA ";"28";"19";"242";"247";"9";"279";"0"
"2023";"05";"021809";"ANCASH";"SANTA";"NUEVO CHIMBOTE";"GOBIERNO REGIONAL";"II-2";"00001703";"ELEAZAR GUZMAN BARRON";"241100";"HOSPITALIZACIÓN QUIRÚRGICA OTORRINOLARINGOLOGÍA  ";"2";"2";"4";"4";"1";"31";"0"
"2023";"05";"021809";"ANCASH";"SANTA";"NUEVO CHIMBOTE";"GOBIERNO REGIONAL";"II-2";"00001703";"ELEAZAR GUZMAN BARRON";"241300";"HOSPITALIZACIÓN QUIRÚRGICA UROLOGÍA  ";"6";"5";"18";"20";"1";"31";"0"
"2023";"05";"021809";"ANCASH";"SANTA";"NUEVO CHIMBOTE";"GOBIERNO REGIONAL";"II-2";"00001703";"ELEAZAR GUZMAN BARRON";"242100";"HOSPITALIZACIÓN DE MEDICINA ONCOLOGÍA MÉDICA ";"6";"5";"40";"45";"2";"62";"0"
"2023";"05";"021809";"ANCASH";"SANTA";"NUEVO CHIMBOTE";"GOBIERNO REGIONAL";"II-2";"00001703";"ELEAZAR GUZMAN BARRON";"240900";"HOSPITALIZACIÓN QUIRÚRGICA NEUROCIRUGÍA ";"10";"13";"114";"79";"3";"93";"0"
"2023";"05";"021809";"ANCASH";"SANTA";"NUEVO CHIMBOTE";"GOBIERNO REGIONAL";"II-2";"00001703";"ELEAZAR GUZMAN BARRON";"240801";"HOSPITALIZACIÓN QUIRÚRGICA CIRUGÍA PLÁSTICA/RECONSTRUCTIVA/ REPARADORA QUEMADOS";"0";"2";"31";"4";"1";"31";"0"
"2023";"05";"021809";"ANCASH";"SANTA";"NUEVO CHIMBOTE";"GOBIERNO REGIONAL";"II-2";"00001703";"ELEAZAR GUZMAN BARRON";"242300";"HOSPITALIZACIÓN DE PEDIATRÍA  PEDIATRÍA  GENERAL ";"172";"162";"761";"852";"30";"930";"3"
"2023";"05";"021809";"ANCASH";"SANTA";"NUEVO CHIMBOTE";"GOBIERNO REGIONAL";"II-2";"00001703";"ELEAZAR GUZMAN BARRON";"241600";"HOSPITALIZACIÓN QUIRÚRGICA OBSTETRICIA   ";"235";"242";"578";"497";"17";"527";"0"
"2023";"05";"021809";"ANCASH";"SANTA";"NUEVO CHIMBOTE";"GOBIERNO REGIONAL";"II-2";"00001703";"ELEAZAR GUZMAN BARRON";"241500";"HOSPITALIZACIÓN QUIRÚRGICA GINECOLOGÍA  ";"20";"17";"48";"56";"13";"403";"0"
"2023";"05";"021809";"ANCASH";"SANTA";"NUEVO CHIMBOTE";"GOBIERNO REGIONAL";"II-2";"00001703";"ELEAZAR GUZMAN BARRON";"250100";"UNIDAD DE CUIDADOS CRITICOS UNIDAD  DE CUIDADOS INTENSIVOS GENERALES (UCI) ";"12";"5";"78";"423";"16";"496";"5"
"2023";"05";"220301";"SAN MARTIN";"EL DORADO";"SAN JOSE DE SISA";"GOBIERNO REGIONAL";"I-1";"00006490";"HUAJA";"NE_0001";"";"NE_0001";"NE_0001";"NE_0001";"NE_0001";"NE_0001";"NE_0001";"NE_0001"
"2023";"05";"220305";"SAN MARTIN";"EL DORADO";"SHATOJA";"GOBIERNO REGIONAL";"I-1";"00006491";"AMINIO";"NE_0001";"";"NE_0001";"NE_0001";"NE_0001";"NE_0001";"NE_0001";"NE_0001";"NE_0001"
"2023";"05";"220301";"SAN MARTIN";"EL DORADO";"SAN JOSE DE SISA";"GOBIERNO REGIONAL";"I-1";"00006487";"SANTA CRUZ";"NE_0001";"";"NE_0001";"NE_0001";"NE_0001";"NE_0001";"NE_0001";"NE_0001";"NE_0001"
"2023";"05";"220301";"SAN MARTIN";"EL DORADO";"SAN JOSE DE SISA";"GOBIERNO REGIONAL";"I-1";"00006489";"SAN JUAN DE MIRAFLORES";"NE_0001";"";"NE_0001";"NE_0001";"NE_0001";"NE_0001";"NE_0001";"NE_0001";"NE_0001"
"2023";"05";"220301";"SAN MARTIN";"EL DORADO";"SAN JOSE DE SISA";"GOBIERNO REGIONAL";"I-1";"00006486";"NAUTA";"NE_0001";"";"NE_0001";"NE_0001";"NE_0001";"NE_0001";"NE_0001";"NE_0001";"NE_0001"
"2023";"05";"220301";"SAN MARTIN";"EL DORADO";"SAN JOSE DE SISA";"GOBIERNO REGIONAL";"I-4";"00006485";"HOSPITAL RURAL SAN JOSE DE SISA";"241600";"HOSPITALIZACIÓN QUIRÚRGICA OBSTETRICIA   ";"27";"27";"39";"27";"6";"186";"0"
"2023";"05";"220301";"SAN MARTIN";"EL DORADO";"SAN JOSE DE SISA";"GOBIERNO REGIONAL";"I-4";"00006485";"HOSPITAL RURAL SAN JOSE DE SISA";"241800";"HOSPITALIZACIÓN DE MEDICINA MEDICINA GENERAL ";"18";"20";"65";"20";"9";"279";"0"
"2023";"07";"150116";"LIMA";"LIMA";"LINCE";"PRIVADO";"I-3";"00017909";"POLICLINICO RISSO";"NE_0001";"";"NE_0001";"NE_0001";"NE_0001";"NE_0001";"NE_0001";"NE_0001";"NE_0001"
"2023";"07";"150140";"LIMA";"LIMA";"SANTIAGO DE SURCO";"PRIVADO";"II-E";"00011113";"CLINICA MONTERRICO";"240000";"HOSPITALIZACIÓN";"31";"33";"66";"76";"5";"150";"0"
"2023";"07";"021801";"ANCASH";"SANTA";"CHIMBOTE";"PRIVADO";"II-1";"00013164";"CLINICA SANTA MARIA DE CHIMBOTE S.A.C.";"240100";"HOSPITALIZACIÓN QUIRÚRGICA CIRUGÍA GENERAL ";"48";"47";"63";"69";"8";"262";"0"
"2023";"07";"021801";"ANCASH";"SANTA";"CHIMBOTE";"PRIVADO";"II-1";"00013164";"CLINICA SANTA MARIA DE CHIMBOTE S.A.C.";"241400";"HOSPITALIZACIÓN QUIRÚRGICA GINECO - OBSTETRICIA ";"12";"12";"14";"14";"3";"109";"0"
"2023";"07";"080909";"CUSCO";"LA CONVENCION";"VILCABAMBA";"GOBIERNO REGIONAL";"I-2";"00002489";"YUVENI";"NE_0001";"";"NE_0001";"NE_0001";"NE_0001";"NE_0001";"NE_0001";"NE_0001";"NE_0001"
"2023";"07";"080906";"CUSCO";"LA CONVENCION";"QUELLOUNO";"GOBIERNO REGIONAL";"I-2";"00002466";"HUILLCAPAMPA";"NE_0001";"";"NE_0001";"NE_0001";"NE_0001";"NE_0001";"NE_0001";"NE_0001";"NE_0001"
"2023";"07";"080408";"CUSCO";"CALCA";"YANATILE";"GOBIERNO REGIONAL";"I-1";"00002363";"TUPAC AMARU QUELLOUNO";"NE_0001";"";"NE_0001";"NE_0001";"NE_0001";"NE_0001";"NE_0001";"NE_0001";"NE_0001"
"2023";"07";"080905";"CUSCO";"LA CONVENCION";"OCOBAMBA";"GOBIERNO REGIONAL";"I-1";"00002463";"CHINGANILLA";"NE_0001";"";"NE_0001";"NE_0001";"NE_0001";"NE_0001";"NE_0001";"NE_0001";"NE_0001"
"2023";"07";"080906";"CUSCO";"LA CONVENCION";"QUELLOUNO";"GOBIERNO REGIONAL";"I-1";"00008907";"MATORIATO";"NE_0001";"";"NE_0001";"NE_0001";"NE_0001";"NE_0001";"NE_0001";"NE_0001";"NE_0001"
"2023";"07";"080906";"CUSCO";"LA CONVENCION";"QUELLOUNO";"GOBIERNO REGIONAL";"I-2";"00008909";"CHAPO BOYERO";"NE_0001";"";"NE_0001";"NE_0001";"NE_0001";"NE_0001";"NE_0001";"NE_0001";"NE_0001"
"2023";"07";"080905";"CUSCO";"LA CONVENCION";"OCOBAMBA";"GOBIERNO REGIONAL";"I-3";"00002462";"OCCOBAMBA LACONVENCION";"NE_0001";"";"NE_0001";"NE_0001";"NE_0001";"NE_0001";"NE_0001";"NE_0001";"NE_0001"
"2023";"07";"080906";"CUSCO";"LA CONVENCION";"QUELLOUNO";"GOBIERNO REGIONAL";"I-1";"00008906";"ESTRELLA";"NE_0001";"";"NE_0001";"NE_0001";"NE_0001";"NE_0001";"NE_0001";"NE_0001";"NE_0001"
"2023";"07";"080906";"CUSCO";"LA CONVENCION";"QUELLOUNO";"GOBIERNO REGIONAL";"I-4";"00002465";"QUELLOUNO";"NE_0001";"";"NE_0001";"NE_0001";"NE_0001";"NE_0001";"NE_0001";"NE_0001";"NE_0001"
"2023";"07";"080906";"CUSCO";"LA CONVENCION";"QUELLOUNO";"GOBIERNO REGIONAL";"I-2";"00002468";"SAN MARTIN";"NE_0001";"";"NE_0001";"NE_0001";"NE_0001";"NE_0001";"NE_0001";"NE_0001";"NE_0001"
"2023";"07";"080902";"CUSCO";"LA CONVENCION";"ECHARATE";"GOBIERNO REGIONAL";"I-1";"00002450";"SAN ANTONIO";"NE_0001";"";"NE_0001";"NE_0001";"NE_0001";"NE_0001";"NE_0001";"NE_0001";"NE_0001"
"2023";"07";"080902";"CUSCO";"LA CONVENCION";"ECHARATE";"GOBIERNO REGIONAL";"I-2";"00002429";"CIRIALO";"NE_0001";"";"NE_0001";"NE_0001";"NE_0001";"NE_0001";"NE_0001";"NE_0001";"NE_0001"
"2023";"07";"080902";"CUSCO";"LA CONVENCION";"ECHARATE";"GOBIERNO REGIONAL";"I-2";"00002433";"KORIBENI";"NE_0001";"";"NE_0001";"NE_0001";"NE_0001";"NE_0001";"NE_0001";"NE_0001";"NE_0001"
"2023";"07";"080902";"CUSCO";"LA CONVENCION";"ECHARATE";"GOBIERNO REGIONAL";"I-4";"00002439";"PALMA REAL";"NE_0001";"";"NE_0001";"NE_0001";"NE_0001";"NE_0001";"NE_0001";"NE_0001";"NE_0001"
"2023";"07";"080902";"CUSCO";"LA CONVENCION";"ECHARATE";"GOBIERNO REGIONAL";"I-1";"00002449";"ICHIQUIATO";"NE_0001";"";"NE_0001";"NE_0001";"NE_0001";"NE_0001";"NE_0001";"NE_0001";"NE_0001"
"2023";"07";"100402";"HUANUCO";"HUACAYBAMBA";"CANCHABAMBA";"GOBIERNO REGIONAL";"I-3";"00000878";"CANCHABAMBA";"NE_0001";"";"NE_0001";"NE_0001";"NE_0001";"NE_0001";"NE_0001";"NE_0001";"NE_0001"
"2023";"07";"100402";"HUANUCO";"HUACAYBAMBA";"CANCHABAMBA";"GOBIERNO REGIONAL";"I-1";"00000886";"VILLA FLORES DE RAJIN";"NE_0002";"";"NE_0002";"NE_0002";"NE_0002";"NE_0002";"NE_0002";"NE_0002";"NE_0002"
"2023";"07";"160108";"LORETO";"MAYNAS";"PUNCHANA";"GOBIERNO REGIONAL";"III-1";"00000003";"HOSPITAL REGIONAL DE LORETO ""FELIPE SANTIAGO ARRIOLA IGLESIAS""";"240100";"HOSPITALIZACIÓN QUIRÚRGICA CIRUGÍA GENERAL ";"116";"119";"642";"589";"28";"840";"0"
"2023";"07";"160108";"LORETO";"MAYNAS";"PUNCHANA";"GOBIERNO REGIONAL";"III-1";"00000003";"HOSPITAL REGIONAL DE LORETO ""FELIPE SANTIAGO ARRIOLA IGLESIAS""";"241500";"HOSPITALIZACIÓN QUIRÚRGICA GINECOLOGÍA  ";"22";"29";"171";"245";"15";"450";"0"
"2023";"07";"160108";"LORETO";"MAYNAS";"PUNCHANA";"GOBIERNO REGIONAL";"III-1";"00000003";"HOSPITAL REGIONAL DE LORETO ""FELIPE SANTIAGO ARRIOLA IGLESIAS""";"241900";"HOSPITALIZACIÓN DE MEDICINA MEDICINA INTERNA ";"75";"84";"835";"733";"29";"870";"14"
"2023";"07";"160108";"LORETO";"MAYNAS";"PUNCHANA";"GOBIERNO REGIONAL";"III-1";"00000003";"HOSPITAL REGIONAL DE LORETO ""FELIPE SANTIAGO ARRIOLA IGLESIAS""";"242000";"HOSPITALIZACIÓN DE MEDICINA MEDICINA TROPICAL E INFECCIOSAS ";"96";"87";"549";"630";"25";"750";"11"
"2023";"07";"160108";"LORETO";"MAYNAS";"PUNCHANA";"GOBIERNO REGIONAL";"III-1";"00000003";"HOSPITAL REGIONAL DE LORETO ""FELIPE SANTIAGO ARRIOLA IGLESIAS""";"243200";"HOSPITALIZACIÓN DE PEDIATRÍA PEDIATRIA NEONATOLOGÍA";"12";"2";"27";"160";"6";"180";"2"
"2023";"07";"160108";"LORETO";"MAYNAS";"PUNCHANA";"GOBIERNO REGIONAL";"III-1";"00000003";"HOSPITAL REGIONAL DE LORETO ""FELIPE SANTIAGO ARRIOLA IGLESIAS""";"241400";"HOSPITALIZACIÓN QUIRÚRGICA GINECO - OBSTETRICIA ";"321";"324";"720";"637";"37";"1110";"0"
"2023";"07";"160108";"LORETO";"MAYNAS";"PUNCHANA";"GOBIERNO REGIONAL";"III-1";"00000003";"HOSPITAL REGIONAL DE LORETO ""FELIPE SANTIAGO ARRIOLA IGLESIAS""";"242300";"HOSPITALIZACIÓN DE PEDIATRÍA  PEDIATRÍA  GENERAL ";"56";"62";"911";"673";"24";"720";"0"
"2023";"07";"160108";"LORETO";"MAYNAS";"PUNCHANA";"GOBIERNO REGIONAL";"III-1";"00000003";"HOSPITAL REGIONAL DE LORETO ""FELIPE SANTIAGO ARRIOLA IGLESIAS""";"250103";"UNIDAD DE CUIDADOS CRITICOS UNIDAD  DE CUIDADOS INTENSIVOS GENERALES  (UCI) MEDICINA";"9";"4";"40";"125";"7";"210";"4"
"2023";"07";"160108";"LORETO";"MAYNAS";"PUNCHANA";"GOBIERNO REGIONAL";"III-1";"00000003";"HOSPITAL REGIONAL DE LORETO ""FELIPE SANTIAGO ARRIOLA IGLESIAS""";"250108";"UNIDAD DE CUIDADOS CRITICOS UNIDAD  DE CUIDADOS INTENSIVOS  (UCI) PEDIÁTRICA";"14";"5";"25";"58";"6";"180";"5"
"2023";"07";"160108";"LORETO";"MAYNAS";"PUNCHANA";"GOBIERNO REGIONAL";"III-1";"00000003";"HOSPITAL REGIONAL DE LORETO ""FELIPE SANTIAGO ARRIOLA IGLESIAS""";"250109";"UNIDAD DE CUIDADOS CRITICOS UNIDAD  DE CUIDADOS INTENSIVOS  (UCI) QUIRÚRGICA";"12";"11";"236";"106";"6";"180";"3"
"2023";"07";"160108";"LORETO";"MAYNAS";"PUNCHANA";"GOBIERNO REGIONAL";"III-1";"00000003";"HOSPITAL REGIONAL DE LORETO ""FELIPE SANTIAGO ARRIOLA IGLESIAS""";"250400";"UNIDAD DE CUIDADOS CRITICOS UNIDAD DE QUEMADOS (GRAN QUEMADO) ";"6";"7";"209";"176";"7";"210";"0"
"2023";"07";"160108";"LORETO";"MAYNAS";"PUNCHANA";"GOBIERNO REGIONAL";"III-1";"00000003";"HOSPITAL REGIONAL DE LORETO ""FELIPE SANTIAGO ARRIOLA IGLESIAS""";"250105";"UNIDAD DE CUIDADOS CRITICOS UNIDAD  DE CUIDADOS INTENSIVOS  (UCI) NEONATOLOGÍA";"17";"27";"315";"362";"13";"390";"0"
"2023";"07";"160108";"LORETO";"MAYNAS";"PUNCHANA";"GOBIERNO REGIONAL";"III-1";"00000003";"HOSPITAL REGIONAL DE LORETO ""FELIPE SANTIAGO ARRIOLA IGLESIAS""";"242205";"HOSPITALIZACIÓN MEDICINA PSIQUIATRÍA PISIQUIATRIA/ SALUD MENTAL Y ADICCIONES";"3";"2";"98";"329";"11";"331";"0"
"2023";"07";"160108";"LORETO";"MAYNAS";"PUNCHANA";"GOBIERNO REGIONAL";"III-1";"00000003";"HOSPITAL REGIONAL DE LORETO ""FELIPE SANTIAGO ARRIOLA IGLESIAS""";"242100";"HOSPITALIZACIÓN DE MEDICINA ONCOLOGÍA MÉDICA ";"20";"19";"90";"85";"4";"120";"0"
"2023";"08";"140101";"LAMBAYEQUE";"CHICLAYO";"CHICLAYO";"SANIDAD DE LA POLICIA NACIONAL DEL PERU";"I-4";"00011833";"HOSPITAL REGIONAL POLICIAL CHICLAYO";"241800";"HOSPITALIZACIÓN DE MEDICINA MEDICINA GENERAL ";"31";"33";"203";"263";"16";"496";"0"
"2023";"08";"060601";"CAJAMARCA";"CUTERVO";"CUTERVO";"GOBIERNO REGIONAL";"I-3";"00004987";"SUMIDERO";"NE_0001";"";"NE_0001";"NE_0001";"NE_0001";"NE_0001";"NE_0001";"NE_0001";"NE_0001"
"2023";"08";"060601";"CAJAMARCA";"CUTERVO";"CUTERVO";"GOBIERNO REGIONAL";"I-1";"00006852";"LLIPA";"NE_0001";"";"NE_0001";"NE_0001";"NE_0001";"NE_0001";"NE_0001";"NE_0001";"NE_0001"
"2023";"08";"060601";"CAJAMARCA";"CUTERVO";"CUTERVO";"GOBIERNO REGIONAL";"I-1";"00004985";"REJOPAMPA";"NE_0001";"";"NE_0001";"NE_0001";"NE_0001";"NE_0001";"NE_0001";"NE_0001";"NE_0001"
"2023";"08";"150113";"LIMA";"LIMA";"JESUS MARIA";"ESSALUD";"0";"00016488";"CENTRO NACIONAL DE SALUD RENAL - ESSALUD";"NE_0001";"";"NE_0001";"NE_0001";"NE_0001";"NE_0001";"NE_0001";"NE_0001";"NE_0001"
"2023";"08";"040109";"AREQUIPA";"AREQUIPA";"MARIANO MELGAR";"PRIVADO";"II-E";"00019481";"CLINICA J. PRADO SANTA MARIA E.I.R.L.";"240000";"HOSPITALIZACIÓN";"210";"207";"338";"339";"35";"1085";"0"
"2023";"08";"061201";"CAJAMARCA";"SAN PABLO";"SAN PABLO";"ESSALUD";"I-1";"00010271";"POSTA MEDICA ESSALUD SAN PABLO";"NE_0001";"";"NE_0001";"NE_0001";"NE_0001";"NE_0001";"NE_0001";"NE_0001";"NE_0001"
"2023";"08";"220901";"SAN MARTIN";"SAN MARTIN";"TARAPOTO";"ESSALUD";"II-1";"00027733";"HOSPITAL II TARAPOTO";"241800";"HOSPITALIZACIÓN DE MEDICINA MEDICINA GENERAL ";"116";"109";"760";"565";"19";"589";"5"
"2023";"08";"220901";"SAN MARTIN";"SAN MARTIN";"TARAPOTO";"ESSALUD";"II-1";"00027733";"HOSPITAL II TARAPOTO";"250304";"HOSPIT. EN UNIDAD DE CUID.INTEN.-UNIDAD DE VIGILANCIA INTENSIVA (UVI)-MEDICINA";"19";"15";"204";"81";"8";"248";"6"
"2023";"08";"220901";"SAN MARTIN";"SAN MARTIN";"TARAPOTO";"ESSALUD";"II-1";"00027733";"HOSPITAL II TARAPOTO";"240100";"HOSPITALIZACIÓN QUIRÚRGICA CIRUGÍA GENERAL ";"177";"173";"688";"482";"19";"589";"0"
"2023";"08";"220901";"SAN MARTIN";"SAN MARTIN";"TARAPOTO";"ESSALUD";"II-1";"00027733";"HOSPITAL II TARAPOTO";"241400";"HOSPITALIZACIÓN QUIRÚRGICA GINECO - OBSTETRICIA ";"172";"171";"539";"374";"15";"465";"0"
"2023";"08";"220901";"SAN MARTIN";"SAN MARTIN";"TARAPOTO";"ESSALUD";"II-1";"00027733";"HOSPITAL II TARAPOTO";"242300";"HOSPITALIZACIÓN DE PEDIATRÍA  PEDIATRÍA  GENERAL ";"78";"77";"400";"316";"11";"341";"0"
"2023";"08";"150101";"LIMA";"LIMA";"LIMA";"PRIVADO";"II-1";"00016291";"HOSPITAL MEGASALUD UNIVERSAL";"240000";"HOSPITALIZACIÓN";"35";"32";"86";"80";"22";"682";"0"
"2023";"08";"061001";"CAJAMARCA";"SAN MARCOS";"PEDRO GALVEZ";"ESSALUD";"I-2";"00010275";"POSTA MEDICA DE SAN MARCOS";"NE_0001";"";"NE_0001";"NE_0001";"NE_0001";"NE_0001";"NE_0001";"NE_0001";"NE_0001"
"2023";"08";"140101";"LAMBAYEQUE";"CHICLAYO";"CHICLAYO";"PRIVADO";"II-E";"00026707";"CLÍNICA OFTALMOLÓGICA VIDAVAS SAC";"NE_0001";"";"NE_0001";"NE_0001";"NE_0001";"NE_0001";"NE_0001";"NE_0001";"NE_0001"
"2023";"08";"110101";"ICA";"ICA";"ICA";"PRIVADO";"I-4";"00009606";"VIRGEN DEL ROSARIO SA";"240000";"HOSPITALIZACIÓN";"89";"89";"185";"176";"16";"496";"0"
"2023";"08";"120114";"JUNIN";"HUANCAYO";"EL TAMBO";"ESSALUD";"I-4";"00008660";"POLICLINICO METROPOLITANO HUANCAYO";"NE_0001";"";"NE_0001";"NE_0001";"NE_0001";"NE_0001";"NE_0001";"NE_0001";"NE_0001"
"2023";"08";"070102";"CALLAO";"CALLAO";"BELLAVISTA";"GOBIERNO REGIONAL";"0";"00016110";"ATENCIÓN DOMICILIARIA AL ADULTO MAYOR Y PACIENTE ONCOLOGICO (ADAMO)";"NE_0001";"";"NE_0001";"NE_0001";"NE_0001";"NE_0001";"NE_0001";"NE_0001";"NE_0001"
"2023";"08";"060808";"CAJAMARCA";"JAEN";"PUCARA";"GOBIERNO REGIONAL";"I-4";"00004249";"PUCARA";"241800";"HOSPITALIZACIÓN DE MEDICINA MEDICINA GENERAL ";"10";"10";"14";"10";"08";"80";"0"
"2023";"08";"060808";"CAJAMARCA";"JAEN";"PUCARA";"GOBIERNO REGIONAL";"I-4";"00004249";"PUCARA";"241600";"HOSPITALIZACIÓN QUIRÚRGICA OBSTETRICIA   ";"11";"11";"16";"11";"04";"44";"0"
"2023";"08";"150501";"LIMA";"CAÑETE";"SAN VICENTE DE CAÑETE";"ESSALUD";"II-1";"00010536";"HOSPITAL II CAÑETE";"241800";"HOSPITALIZACIÓN DE MEDICINA MEDICINA GENERAL ";"106";"110";"462";"448";"18";"551";"11"
"2023";"08";"150501";"LIMA";"CAÑETE";"SAN VICENTE DE CAÑETE";"ESSALUD";"II-1";"00010536";"HOSPITAL II CAÑETE";"240100";"HOSPITALIZACIÓN QUIRÚRGICA CIRUGÍA GENERAL ";"49";"52";"221";"222";"12";"363";"0"
"2023";"08";"150501";"LIMA";"CAÑETE";"SAN VICENTE DE CAÑETE";"ESSALUD";"II-1";"00010536";"HOSPITAL II CAÑETE";"241600";"HOSPITALIZACIÓN QUIRÚRGICA OBSTETRICIA   ";"74";"73";"137";"141";"8";"249";"0"
"2023";"08";"150501";"LIMA";"CAÑETE";"SAN VICENTE DE CAÑETE";"ESSALUD";"II-1";"00010536";"HOSPITAL II CAÑETE";"241500";"HOSPITALIZACIÓN QUIRÚRGICA GINECOLOGÍA  ";"7";"7";"23";"23";"1";"39";"0"
"2023";"07";"120303";"JUNIN";"CHANCHAMAYO";"PICHANAQUI";"GOBIERNO REGIONAL";"I-2";"00000341";"IMPITATO CASCADA";"NE_0001";"";"NE_0001";"NE_0001";"NE_0001";"NE_0001";"NE_0001";"NE_0001";"NE_0001"
"2023";"07";"120303";"JUNIN";"CHANCHAMAYO";"PICHANAQUI";"GOBIERNO REGIONAL";"I-2";"00000345";"PAMPA CAMONA";"NE_0001";"";"NE_0001";"NE_0001";"NE_0001";"NE_0001";"NE_0001";"NE_0001";"NE_0001"
"2023";"07";"120303";"JUNIN";"CHANCHAMAYO";"PICHANAQUI";"GOBIERNO REGIONAL";"I-2";"00000352";"UNION SHIMASHIRO";"NE_0001";"";"NE_0001";"NE_0001";"NE_0001";"NE_0001";"NE_0001";"NE_0001";"NE_0001"
"2023";"07";"120303";"JUNIN";"CHANCHAMAYO";"PICHANAQUI";"GOBIERNO REGIONAL";"I-2";"00000342";"PRIMAVERA";"NE_0001";"";"NE_0001";"NE_0001";"NE_0001";"NE_0001";"NE_0001";"NE_0001";"NE_0001"
"2023";"07";"120303";"JUNIN";"CHANCHAMAYO";"PICHANAQUI";"GOBIERNO REGIONAL";"I-3";"00000344";"LAS PALMAS";"NE_0001";"";"NE_0001";"NE_0001";"NE_0001";"NE_0001";"NE_0001";"NE_0001";"NE_0001"
"2023";"07";"120303";"JUNIN";"CHANCHAMAYO";"PICHANAQUI";"GOBIERNO REGIONAL";"I-2";"00007361";"COLONIA HUANCA";"NE_0001";"";"NE_0001";"NE_0001";"NE_0001";"NE_0001";"NE_0001";"NE_0001";"NE_0001"
"2023";"07";"140101";"LAMBAYEQUE";"CHICLAYO";"CHICLAYO";"PRIVADO";"II-E";"00008730";"BM CLINICA";"240000";"HOSPITALIZACIÓN";"29";"29";"62";"36";"12";"372";"0"
"2023";"07";"140101";"LAMBAYEQUE";"CHICLAYO";"CHICLAYO";"PRIVADO";"II-E";"00008730";"BM CLINICA";"250000";"UNIDAD DE CUIDADOS CRITICOS  ";"3";"3";"28";"3";"6";"186";"1"
"2023";"07";"220405";"SAN MARTIN";"HUALLAGA";"SACANCHE";"GOBIERNO REGIONAL";"I-3";"00006543";"SACANCHE";"NE_0002";"";"NE_0002";"NE_0002";"NE_0002";"NE_0002";"NE_0002";"NE_0002";"NE_0002"
"2023";"07";"220404";"SAN MARTIN";"HUALLAGA";"PISCOYACU";"GOBIERNO REGIONAL";"I-2";"00006545";"NUEVO SACANCHE";"NE_0001";"";"NE_0001";"NE_0001";"NE_0001";"NE_0001";"NE_0001";"NE_0001";"NE_0001"
"2023";"07";"220405";"SAN MARTIN";"HUALLAGA";"SACANCHE";"GOBIERNO REGIONAL";"I-1";"00027002";"LA UNION";"NE_0001";"";"NE_0001";"NE_0001";"NE_0001";"NE_0001";"NE_0001";"NE_0001";"NE_0001"
"2023";"07";"220403";"SAN MARTIN";"HUALLAGA";"EL ESLABON";"GOBIERNO REGIONAL";"I-1";"00006544";"COLLPA";"NE_0001";"";"NE_0001";"NE_0001";"NE_0001";"NE_0001";"NE_0001";"NE_0001";"NE_0001"
"2023";"08";"210101";"PUNO";"PUNO";"PUNO";"ESSALUD";"II-2";"00009215";"HOSPITAL III BASE  (PUNO) - RED ASISTENCIAL PUNO";"240000";"HOSPITALIZACIÓN";"150";"150";"939";"898";"31";"961";"5"
"2023";"08";"210101";"PUNO";"PUNO";"PUNO";"ESSALUD";"II-2";"00009215";"HOSPITAL III BASE  (PUNO) - RED ASISTENCIAL PUNO";"241900";"HOSPITALIZACIÓN DE MEDICINA MEDICINA INTERNA ";"39";"34";"314";"314";"12";"372";"3"
"2023";"08";"210101";"PUNO";"PUNO";"PUNO";"ESSALUD";"II-2";"00009215";"HOSPITAL III BASE  (PUNO) - RED ASISTENCIAL PUNO";"240100";"HOSPITALIZACIÓN QUIRÚRGICA CIRUGÍA GENERAL ";"58";"58";"289";"164";"8";"248";"0"
"2023";"08";"210101";"PUNO";"PUNO";"PUNO";"ESSALUD";"II-2";"00009215";"HOSPITAL III BASE  (PUNO) - RED ASISTENCIAL PUNO";"241500";"HOSPITALIZACIÓN QUIRÚRGICA GINECOLOGÍA  ";"41";"42";"108";"115";"5";"155";"0"
"2023";"08";"210101";"PUNO";"PUNO";"PUNO";"ESSALUD";"II-2";"00009215";"HOSPITAL III BASE  (PUNO) - RED ASISTENCIAL PUNO";"241600";"HOSPITALIZACIÓN QUIRÚRGICA OBSTETRICIA   ";"57";"54";"146";"145";"12";"372";"0"
"2023";"08";"210101";"PUNO";"PUNO";"PUNO";"ESSALUD";"II-2";"00009215";"HOSPITAL III BASE  (PUNO) - RED ASISTENCIAL PUNO";"242300";"HOSPITALIZACIÓN DE PEDIATRÍA  PEDIATRÍA  GENERAL ";"95";"100";"266";"257";"14";"434";"0"
"2023";"08";"210101";"PUNO";"PUNO";"PUNO";"ESSALUD";"II-2";"00009215";"HOSPITAL III BASE  (PUNO) - RED ASISTENCIAL PUNO";"250100";"UNIDAD DE CUIDADOS CRITICOS UNIDAD  DE CUIDADOS INTENSIVOS GENERALES (UCI) ";"4";"1";"1";"1";"4";"124";"1"
"2023";"08";"210101";"PUNO";"PUNO";"PUNO";"ESSALUD";"II-2";"00009215";"HOSPITAL III BASE  (PUNO) - RED ASISTENCIAL PUNO";"250200";"UNIDAD DE CUIDADOS CRITICOS UNIDAD DE CUIDADOS INTERMEDIOS GENERAL  (UCIN) ";"5";"2";"59";"32";"4";"124";"0"
"2023";"08";"070102";"CALLAO";"CALLAO";"BELLAVISTA";"SANIDAD DE LA MARINA DE GUERRA DEL PERU";"III-1";"00008266";"HOSPITAL NAVAL";"241300";"HOSPITALIZACIÓN QUIRÚRGICA UROLOGÍA  ";"62";"70";"894";"570";"21";"651";"0"
"2023";"08";"070102";"CALLAO";"CALLAO";"BELLAVISTA";"SANIDAD DE LA MARINA DE GUERRA DEL PERU";"III-1";"00008266";"HOSPITAL NAVAL";"242200";"HOSPITALIZACIÓN DE MEDICINA PSIQUIATRÍA ";"12";"18";"452";"302";"28";"868";"0"
"2023";"08";"070102";"CALLAO";"CALLAO";"BELLAVISTA";"SANIDAD DE LA MARINA DE GUERRA DEL PERU";"III-1";"00008266";"HOSPITAL NAVAL";"245300";"HOSPITALIZACIÓN DE MEDICINA NEUMOLOGÍA  ";"28";"28";"196";"237";"10";"310";"0"
"2023";"08";"070102";"CALLAO";"CALLAO";"BELLAVISTA";"SANIDAD DE LA MARINA DE GUERRA DEL PERU";"III-1";"00008266";"HOSPITAL NAVAL";"242000";"HOSPITALIZACIÓN DE MEDICINA MEDICINA TROPICAL E INFECCIOSAS ";"23";"26";"530";"230";"19";"589";"0"
"2023";"08";"070102";"CALLAO";"CALLAO";"BELLAVISTA";"SANIDAD DE LA MARINA DE GUERRA DEL PERU";"III-1";"00008266";"HOSPITAL NAVAL";"242300";"HOSPITALIZACIÓN DE PEDIATRÍA  PEDIATRÍA  GENERAL ";"71";"72";"263";"311";"18";"558";"0"
"2023";"08";"070102";"CALLAO";"CALLAO";"BELLAVISTA";"SANIDAD DE LA MARINA DE GUERRA DEL PERU";"III-1";"00008266";"HOSPITAL NAVAL";"241200";"HOSPITALIZACIÓN QUIRÚRGICA TRAUMATOLOGÍA Y ORTOPEDIA ";"29";"27";"325";"467";"16";"496";"0"
"2023";"08";"070102";"CALLAO";"CALLAO";"BELLAVISTA";"SANIDAD DE LA MARINA DE GUERRA DEL PERU";"III-1";"00008266";"HOSPITAL NAVAL";"241400";"HOSPITALIZACIÓN QUIRÚRGICA GINECO - OBSTETRICIA ";"71";"57";"293";"255";"18";"558";"0"
"2023";"08";"070102";"CALLAO";"CALLAO";"BELLAVISTA";"SANIDAD DE LA MARINA DE GUERRA DEL PERU";"III-1";"00008266";"HOSPITAL NAVAL";"243200";"HOSPITALIZACIÓN DE PEDIATRÍA PEDIATRIA NEONATOLOGÍA";"24";"22";"128";"120";"12";"372";"0"
"2023";"08";"070102";"CALLAO";"CALLAO";"BELLAVISTA";"SANIDAD DE LA MARINA DE GUERRA DEL PERU";"III-1";"00008266";"HOSPITAL NAVAL";"244400";"HOSPITALIZACIÓN DE MEDICINA GERIATRIA ";"25";"31";"190";"220";"14";"434";"8"
"2023";"08";"070102";"CALLAO";"CALLAO";"BELLAVISTA";"SANIDAD DE LA MARINA DE GUERRA DEL PERU";"III-1";"00008266";"HOSPITAL NAVAL";"240100";"HOSPITALIZACIÓN QUIRÚRGICA CIRUGÍA GENERAL ";"168";"146";"1096";"1223";"55";"1705";"1"
"2023";"08";"070102";"CALLAO";"CALLAO";"BELLAVISTA";"SANIDAD DE LA MARINA DE GUERRA DEL PERU";"III-1";"00008266";"HOSPITAL NAVAL";"241800";"HOSPITALIZACIÓN DE MEDICINA MEDICINA GENERAL ";"46";"46";"811";"582";"20";"620";"0"
"2023";"08";"070102";"CALLAO";"CALLAO";"BELLAVISTA";"SANIDAD DE LA MARINA DE GUERRA DEL PERU";"III-1";"00008266";"HOSPITAL NAVAL";"240000";"HOSPITALIZACIÓN";"128";"126";"1296";"1269";"94";"2945";"1"
"2023";"08";"150122";"LIMA";"LIMA";"MIRAFLORES";"PRIVADO";"II-E";"00016121";"CENTRO MEDICO AVENDAÑO S.A.C.";"240100";"HOSPITALIZACIÓN QUIRÚRGICA CIRUGÍA GENERAL ";"62";"57";"68";"62";"5";"155";"0"
"2023";"08";"120303";"JUNIN";"CHANCHAMAYO";"PICHANAQUI";"GOBIERNO REGIONAL";"I-2";"00000347";"CONDADO PICHIKIARI";"NE_0001";"";"NE_0001";"NE_0001";"NE_0001";"NE_0001";"NE_0001";"NE_0001";"NE_0001"
"2023";"08";"120303";"JUNIN";"CHANCHAMAYO";"PICHANAQUI";"GOBIERNO REGIONAL";"I-1";"00000353";"ANDRES AVELINO CACERES";"NE_0001";"";"NE_0001";"NE_0001";"NE_0001";"NE_0001";"NE_0001";"NE_0001";"NE_0001"
"2023";"08";"120303";"JUNIN";"CHANCHAMAYO";"PICHANAQUI";"GOBIERNO REGIONAL";"I-1";"00006712";"BARINETTI REAL";"NE_0001";"";"NE_0001";"NE_0001";"NE_0001";"NE_0001";"NE_0001";"NE_0001";"NE_0001"
"2023";"08";"060605";"CAJAMARCA";"CUTERVO";"LA RAMADA";"GOBIERNO REGIONAL";"I-1";"00006947";"LAGUNA";"NE_0001";"";"NE_0001";"NE_0001";"NE_0001";"NE_0001";"NE_0001";"NE_0001";"NE_0001"
"2023";"08";"060609";"CAJAMARCA";"CUTERVO";"SAN JUAN DE CUTERVO";"GOBIERNO REGIONAL";"I-1";"00005030";"MUSUNGATE";"NE_0001";"";"NE_0001";"NE_0001";"NE_0001";"NE_0001";"NE_0001";"NE_0001";"NE_0001"
"2023";"08";"060605";"CAJAMARCA";"CUTERVO";"LA RAMADA";"GOBIERNO REGIONAL";"I-1";"00007179";"CHACRERIAS";"NE_0001";"";"NE_0001";"NE_0001";"NE_0001";"NE_0001";"NE_0001";"NE_0001";"NE_0001"
"2023";"08";"060609";"CAJAMARCA";"CUTERVO";"SAN JUAN DE CUTERVO";"GOBIERNO REGIONAL";"I-1";"00005031";"SANTA CRUZ DE LA SUCCHA";"NE_0001";"";"NE_0001";"NE_0001";"NE_0001";"NE_0001";"NE_0001";"NE_0001";"NE_0001"
"2023";"08";"060614";"CAJAMARCA";"CUTERVO";"SOCOTA";"GOBIERNO REGIONAL";"I-1";"00007751";"CHANGAY";"NE_0001";"";"NE_0001";"NE_0001";"NE_0001";"NE_0001";"NE_0001";"NE_0001";"NE_0001"
"2023";"08";"060605";"CAJAMARCA";"CUTERVO";"LA RAMADA";"GOBIERNO REGIONAL";"I-1";"00008923";"CARHUALLO";"NE_0001";"";"NE_0001";"NE_0001";"NE_0001";"NE_0001";"NE_0001";"NE_0001";"NE_0001"
"2023";"08";"220101";"SAN MARTIN";"MOYOBAMBA";"MOYOBAMBA";"GOBIERNO REGIONAL";"I-1";"00006323";"MORROYACU";"NE_0001";"";"NE_0001";"NE_0001";"NE_0001";"NE_0001";"NE_0001";"NE_0001";"NE_0001"
"2023";"08";"150113";"LIMA";"LIMA";"JESUS MARIA";"PRIVADO";"II-E";"00014181";"CLINICA SERVISALUD";"240000";"HOSPITALIZACIÓN";"101";"101";"166";"166";"9";"279";"0"
"2023";"08";"010701";"AMAZONAS";"UTCUBAMBA";"BAGUA GRANDE";"ESSALUD";"II-1";"00009067";"HOSPITAL EL BUEN SAMARITANO";"241800";"HOSPITALIZACIÓN DE MEDICINA MEDICINA GENERAL ";"27";"28";"114";"111";"6";"186";"0"
"2023";"08";"010701";"AMAZONAS";"UTCUBAMBA";"BAGUA GRANDE";"ESSALUD";"II-1";"00009067";"HOSPITAL EL BUEN SAMARITANO";"240100";"HOSPITALIZACIÓN QUIRÚRGICA CIRUGÍA GENERAL ";"12";"12";"91";"73";"3";"93";"0"
"2023";"08";"010701";"AMAZONAS";"UTCUBAMBA";"BAGUA GRANDE";"ESSALUD";"II-1";"00009067";"HOSPITAL EL BUEN SAMARITANO";"241500";"HOSPITALIZACIÓN QUIRÚRGICA GINECOLOGÍA  ";"42";"43";"117";"116";"4";"124";"0"
"2023";"08";"010701";"AMAZONAS";"UTCUBAMBA";"BAGUA GRANDE";"ESSALUD";"II-1";"00009067";"HOSPITAL EL BUEN SAMARITANO";"242300";"HOSPITALIZACIÓN DE PEDIATRÍA  PEDIATRÍA  GENERAL ";"40";"40";"86";"88";"3";"93";"0"
"2023";"08";"220101";"SAN MARTIN";"MOYOBAMBA";"MOYOBAMBA";"GOBIERNO REGIONAL";"I-3";"00006322";"PUEBLO LIBRE";"NE_0002";"";"NE_0002";"NE_0002";"NE_0002";"NE_0002";"NE_0002";"NE_0002";"NE_0002"
"2023";"08";"220101";"SAN MARTIN";"MOYOBAMBA";"MOYOBAMBA";"GOBIERNO REGIONAL";"I-1";"00006324";"SHIMPIYACU";"NE_0001";"";"NE_0001";"NE_0001";"NE_0001";"NE_0001";"NE_0001";"NE_0001";"NE_0001"
"2023";"08";"220101";"SAN MARTIN";"MOYOBAMBA";"MOYOBAMBA";"GOBIERNO REGIONAL";"I-1";"00006325";"NUEVA HUANCABAMBA";"NE_0001";"";"NE_0001";"NE_0001";"NE_0001";"NE_0001";"NE_0001";"NE_0001";"NE_0001"
"2023";"08";"120401";"JUNIN";"JAUJA";"JAUJA";"GOBIERNO REGIONAL";"II-1";"00000365";"HOSPITAL DOMINGO OLAVEGOYA";"240100";"HOSPITALIZACIÓN QUIRÚRGICA CIRUGÍA GENERAL ";"99";"116";"514";"398";"24";"744";"0"
"2023";"08";"120401";"JUNIN";"JAUJA";"JAUJA";"GOBIERNO REGIONAL";"II-1";"00000365";"HOSPITAL DOMINGO OLAVEGOYA";"241400";"HOSPITALIZACIÓN QUIRÚRGICA GINECO - OBSTETRICIA ";"84";"95";"248";"214";"16";"496";"0"
"2023";"08";"120401";"JUNIN";"JAUJA";"JAUJA";"GOBIERNO REGIONAL";"II-1";"00000365";"HOSPITAL DOMINGO OLAVEGOYA";"241500";"HOSPITALIZACIÓN QUIRÚRGICA GINECOLOGÍA  ";"13";"13";"44";"50";"10";"310";"0"
"2023";"08";"120401";"JUNIN";"JAUJA";"JAUJA";"GOBIERNO REGIONAL";"II-1";"00000365";"HOSPITAL DOMINGO OLAVEGOYA";"241800";"HOSPITALIZACIÓN DE MEDICINA MEDICINA GENERAL ";"38";"47";"395";"369";"21";"651";"5"
"2023";"08";"120401";"JUNIN";"JAUJA";"JAUJA";"GOBIERNO REGIONAL";"II-1";"00000365";"HOSPITAL DOMINGO OLAVEGOYA";"242300";"HOSPITALIZACIÓN DE PEDIATRÍA  PEDIATRÍA  GENERAL ";"33";"37";"184";"137";"26";"806";"0"
"2023";"08";"080901";"CUSCO";"LA CONVENCION";"SANTA ANA";"GOBIERNO REGIONAL";"II-1";"00002421";"QUILLABAMBA";"240100";"HOSPITALIZACIÓN QUIRÚRGICA CIRUGÍA GENERAL ";"91";"85";"528";"567";"30";"930";"0"
"2023";"08";"080901";"CUSCO";"LA CONVENCION";"SANTA ANA";"GOBIERNO REGIONAL";"II-1";"00002421";"QUILLABAMBA";"241400";"HOSPITALIZACIÓN QUIRÚRGICA GINECO - OBSTETRICIA ";"126";"132";"298";"304";"31";"961";"0"
"2023";"08";"080901";"CUSCO";"LA CONVENCION";"SANTA ANA";"GOBIERNO REGIONAL";"II-1";"00002421";"QUILLABAMBA";"241800";"HOSPITALIZACIÓN DE MEDICINA MEDICINA GENERAL ";"114";"125";"473";"467";"44";"1364";"10"
"2023";"08";"080901";"CUSCO";"LA CONVENCION";"SANTA ANA";"GOBIERNO REGIONAL";"II-1";"00002421";"QUILLABAMBA";"242500";"HOSPITALIZACIÓN-PEDIATRÍA GENERAL-";"83";"83";"276";"237";"25";"775";"0"
"2023";"08";"080901";"CUSCO";"LA CONVENCION";"SANTA ANA";"GOBIERNO REGIONAL";"II-1";"00002421";"QUILLABAMBA";"242200";"HOSPITALIZACIÓN DE MEDICINA PSIQUIATRÍA ";"14";"12";"198";"280";"10";"310";"0"
"2023";"09";"050501";"AYACUCHO";"LA MAR";"SAN MIGUEL";"GOBIERNO REGIONAL";"II-E";"00003792";"HOSPITAL DE APOYO  SAN MIGUEL";"240100";"HOSPITALIZACIÓN QUIRÚRGICA CIRUGÍA GENERAL ";"9";"9";"21";"5";"5";"150";"1"
"2023";"09";"050501";"AYACUCHO";"LA MAR";"SAN MIGUEL";"GOBIERNO REGIONAL";"II-E";"00003792";"HOSPITAL DE APOYO  SAN MIGUEL";"241500";"HOSPITALIZACIÓN QUIRÚRGICA GINECOLOGÍA  ";"7";"7";"18";"3";"5";"150";"0"
"2023";"09";"050501";"AYACUCHO";"LA MAR";"SAN MIGUEL";"GOBIERNO REGIONAL";"II-E";"00003792";"HOSPITAL DE APOYO  SAN MIGUEL";"241600";"HOSPITALIZACIÓN QUIRÚRGICA OBSTETRICIA   ";"23";"23";"45";"8";"5";"150";"0"
"2023";"09";"050501";"AYACUCHO";"LA MAR";"SAN MIGUEL";"GOBIERNO REGIONAL";"II-E";"00003792";"HOSPITAL DE APOYO  SAN MIGUEL";"241800";"HOSPITALIZACIÓN DE MEDICINA MEDICINA GENERAL ";"8";"11";"60";"9";"5";"150";"1"
"2023";"09";"050501";"AYACUCHO";"LA MAR";"SAN MIGUEL";"GOBIERNO REGIONAL";"II-E";"00003792";"HOSPITAL DE APOYO  SAN MIGUEL";"242500";"HOSPITALIZACIÓN-PEDIATRÍA GENERAL-";"1";"1";"1";"1";"5";"150";"0"
"2023";"09";"110101";"ICA";"ICA";"ICA";"PRIVADO";"II-1";"00012765";"SAN VICENTE";"240000";"HOSPITALIZACIÓN";"36";"37";"45";"37";"8";"240";"0"
"2023";"09";"080702";"CUSCO";"CHUMBIVILCAS";"CAPACMARCA";"GOBIERNO REGIONAL";"I-1";"00009963";"CANCAHUANI";"NE_0001";"";"NE_0001";"NE_0001";"NE_0001";"NE_0001";"NE_0001";"NE_0001";"NE_0001"
"2023";"09";"080702";"CUSCO";"CHUMBIVILCAS";"CAPACMARCA";"GOBIERNO REGIONAL";"I-1";"00027009";"TAHUAY";"NE_0001";"";"NE_0001";"NE_0001";"NE_0001";"NE_0001";"NE_0001";"NE_0001";"NE_0001"
"2023";"09";"180301";"MOQUEGUA";"ILO";"ILO";"ESSALUD";"II-1";"00016153";"HOSPITAL II ILO";"241800";"HOSPITALIZACIÓN DE MEDICINA MEDICINA GENERAL ";"20";"22";"145";"121";"5";"150";"2"
"2023";"09";"180301";"MOQUEGUA";"ILO";"ILO";"ESSALUD";"II-1";"00016153";"HOSPITAL II ILO";"240100";"HOSPITALIZACIÓN QUIRÚRGICA CIRUGÍA GENERAL ";"54";"54";"194";"160";"6";"180";"0"
"2023";"09";"180301";"MOQUEGUA";"ILO";"ILO";"ESSALUD";"II-1";"00016153";"HOSPITAL II ILO";"241500";"HOSPITALIZACIÓN QUIRÚRGICA GINECOLOGÍA  ";"17";"17";"61";"63";"3";"90";"0"
"2023";"09";"180301";"MOQUEGUA";"ILO";"ILO";"ESSALUD";"II-1";"00016153";"HOSPITAL II ILO";"241600";"HOSPITALIZACIÓN QUIRÚRGICA OBSTETRICIA   ";"34";"34";"70";"69";"3";"90";"0"
"2023";"09";"180301";"MOQUEGUA";"ILO";"ILO";"ESSALUD";"II-1";"00016153";"HOSPITAL II ILO";"242300";"HOSPITALIZACIÓN DE PEDIATRÍA  PEDIATRÍA  GENERAL ";"28";"28";"106";"121";"5";"150";"0"
"2023";"09";"180301";"MOQUEGUA";"ILO";"ILO";"ESSALUD";"II-1";"00016153";"HOSPITAL II ILO";"250304";"HOSPIT. EN UNIDAD DE CUID.INTEN.-UNIDAD DE VIGILANCIA INTENSIVA (UVI)-MEDICINA";"1";"1";"1";"1";"1";"30";"0"
"2023";"09";"070106";"CALLAO";"CALLAO";"VENTANILLA";"GOBIERNO REGIONAL";"I-2";"00006258";"PUESTO DE SALUD VENTANILLA BAJA";"NE_0001";"";"NE_0001";"NE_0001";"NE_0001";"NE_0001";"NE_0001";"NE_0001";"NE_0001"
"2023";"09";"070101";"CALLAO";"CALLAO";"CALLAO";"GOBIERNO REGIONAL";"I-4";"00006238";"C.S. MARQUEZ";"241600";"HOSPITALIZACIÓN QUIRÚRGICA OBSTETRICIA   ";"2";"2";"2";"60";"8";"240";"0"
"2023";"09";"150101";"LIMA";"LIMA";"LIMA";"MINSA";"III-2";"00006209";"INSTITUTO NACIONAL DE CIENCIAS NEUROLOGICAS";"244800";"HOSPITALIZACIÓN DE MEDICINA-NEUROLOGIA -NEUROLOGIA DE LA CONDUCTA";"27";"26";"162";"150";"15";"450";"0"
"2023";"09";"150101";"LIMA";"LIMA";"LIMA";"MINSA";"III-2";"00006209";"INSTITUTO NACIONAL DE CIENCIAS NEUROLOGICAS";"245200";"HOSPITALIZACIÓN DE MEDICINA NEUROLOGIA  EPILEPSIA/EPILEPTOLOGIA";"28";"23";"154";"270";"10";"300";"0"
"2023";"09";"150101";"LIMA";"LIMA";"LIMA";"MINSA";"III-2";"00006209";"INSTITUTO NACIONAL DE CIENCIAS NEUROLOGICAS";"243400";"HOSPITALIZACIÓN DE PEDIATRÍA PEDIATRIA NEUROLOGÍA PEDIÁTRICA";"21";"20";"368";"300";"14";"420";"0"
"2023";"09";"150101";"LIMA";"LIMA";"LIMA";"MINSA";"III-2";"00006209";"INSTITUTO NACIONAL DE CIENCIAS NEUROLOGICAS";"245100";"HOSPITALIZACIÓN DE MEDICINA NEUROLOGIA  ENFERMEDADES INFECCIOSAS/TRANSMISIBLES DEL SISTEMA NERVIOSO";"16";"15";"430";"450";"16";"480";"0"
"2023";"09";"150101";"LIMA";"LIMA";"LIMA";"MINSA";"III-2";"00006209";"INSTITUTO NACIONAL DE CIENCIAS NEUROLOGICAS";"245000";"HOSPITALIZACIÓN DE MEDICINA NEUROLOGIA  NEUROVASCULARES Y METABOLICAS";"27";"24";"416";"300";"12";"360";"1"
"2023";"09";"150101";"LIMA";"LIMA";"LIMA";"MINSA";"III-2";"00006209";"INSTITUTO NACIONAL DE CIENCIAS NEUROLOGICAS";"244900";"HOSPITALIZACIÓN DE MEDICINA NEUROLOGIA  NEURODEGENERATIVAS";"29";"26";"603";"570";"21";"630";"1"
"2023";"09";"150101";"LIMA";"LIMA";"LIMA";"MINSA";"III-2";"00006209";"INSTITUTO NACIONAL DE CIENCIAS NEUROLOGICAS";"240900";"HOSPITALIZACIÓN QUIRÚRGICA NEUROCIRUGÍA ";"154";"77";"1050";"870";"33";"990";"2"
"2023";"09";"150101";"LIMA";"LIMA";"LIMA";"MINSA";"III-2";"00006209";"INSTITUTO NACIONAL DE CIENCIAS NEUROLOGICAS";"250106";"UNIDAD DE CUIDADOS CRITICOS UNIDAD  DE CUIDADOS INTENSIVOS  (UCI) NEUROLÓGICA";"24";"3";"56";"180";"7";"210";"3"
"2023";"09";"150101";"LIMA";"LIMA";"LIMA";"MINSA";"III-2";"00006209";"INSTITUTO NACIONAL DE CIENCIAS NEUROLOGICAS";"250200";"UNIDAD DE CUIDADOS CRITICOS UNIDAD DE CUIDADOS INTERMEDIOS GENERAL  (UCIN) ";"3";"1";"180";"120";"6";"180";"0"
"2023";"09";"150120";"LIMA";"LIMA";"MAGDALENA DEL MAR";"MINSA";"III-1";"00006214";"HOSPITAL VICTOR LARCO HERRERA";"242202";"HOSPITALIZACIÓN DE MEDICINA PSIQUIATRÍA PSIQUIATRÍA DEL ADULTO Y GERONTE";"31";"17";"908";"2419";"84";"3000";"3"
"2023";"09";"040104";"AREQUIPA";"AREQUIPA";"CERRO COLORADO";"GOBIERNO REGIONAL";"I-4";"00001237";"CENTRO DE SALUD MARITZA CAMPOS DIAZ - ZAMACOLA";"241600";"HOSPITALIZACIÓN QUIRÚRGICA OBSTETRICIA   ";"65";"65";"83";"1";"14";"101";"0"
"2023";"09";"040104";"AREQUIPA";"AREQUIPA";"CERRO COLORADO";"GOBIERNO REGIONAL";"I-3";"00011023";"PUESTO DE SALUD PERUARBO";"NE_0001";"";"NE_0001";"NE_0001";"NE_0001";"NE_0001";"NE_0001";"NE_0001";"NE_0001"
"2023";"09";"040104";"AREQUIPA";"AREQUIPA";"CERRO COLORADO";"GOBIERNO REGIONAL";"I-2";"00001251";"PUESTO DE SALUD NAZARENO";"NE_0001";"";"NE_0001";"NE_0001";"NE_0001";"NE_0001";"NE_0001";"NE_0001";"NE_0001"
"2023";"09";"040104";"AREQUIPA";"AREQUIPA";"CERRO COLORADO";"GOBIERNO REGIONAL";"I-3";"00001247";"CENTRO DE SALUD CIUDAD MUNICIPAL";"NE_0001";"";"NE_0001";"NE_0001";"NE_0001";"NE_0001";"NE_0001";"NE_0001";"NE_0001"
"2023";"09";"120604";"JUNIN";"SATIPO";"MAZAMARI";"GOBIERNO REGIONAL";"I-1";"00016911";"BUENOS AIRES";"NE_0001";"";"NE_0001";"NE_0001";"NE_0001";"NE_0001";"NE_0001";"NE_0001";"NE_0001"
"2023";"09";"120603";"JUNIN";"SATIPO";"LLAYLLA";"GOBIERNO REGIONAL";"I-3";"00000490";"LLAYLLA";"NE_0001";"";"NE_0001";"NE_0001";"NE_0001";"NE_0001";"NE_0001";"NE_0001";"NE_0001"
"2023";"09";"120603";"JUNIN";"SATIPO";"LLAYLLA";"GOBIERNO REGIONAL";"I-2";"00000491";"HERMOSA PAMPA";"NE_0001";"";"NE_0001";"NE_0001";"NE_0001";"NE_0001";"NE_0001";"NE_0001";"NE_0001"
"2023";"04";"150601";"LIMA";"HUARAL";"HUARAL";"PRIVADO";"II-E";"00017081";"CLINICA SAN ANDRES";"241200";"HOSPITALIZACIÓN QUIRÚRGICA TRAUMATOLOGÍA Y ORTOPEDIA ";"11";"11";"13";"13";"2";"30";"0"
"2023";"04";"150601";"LIMA";"HUARAL";"HUARAL";"PRIVADO";"II-E";"00017081";"CLINICA SAN ANDRES";"241300";"HOSPITALIZACIÓN QUIRÚRGICA UROLOGÍA  ";"9";"9";"11";"11";"1";"30";"0"
"2023";"04";"150601";"LIMA";"HUARAL";"HUARAL";"PRIVADO";"II-E";"00017081";"CLINICA SAN ANDRES";"241800";"HOSPITALIZACIÓN DE MEDICINA MEDICINA GENERAL ";"13";"13";"15";"15";"2";"30";"0"
"2023";"04";"150601";"LIMA";"HUARAL";"HUARAL";"PRIVADO";"II-E";"00017081";"CLINICA SAN ANDRES";"240100";"HOSPITALIZACIÓN QUIRÚRGICA CIRUGÍA GENERAL ";"11";"11";"13";"13";"1";"30";"0"
"2023";"04";"150601";"LIMA";"HUARAL";"HUARAL";"PRIVADO";"II-E";"00017081";"CLINICA SAN ANDRES";"241500";"HOSPITALIZACIÓN QUIRÚRGICA GINECOLOGÍA  ";"2";"2";"4";"4";"1";"30";"0"
"2023";"04";"040501";"AREQUIPA";"CAYLLOMA";"CHIVAY";"ESSALUD";"I-2";"00013292";"POSTA MEDICA CHIVAY";"NE_0001";"";"NE_0001";"NE_0001";"NE_0001";"NE_0001";"NE_0001";"NE_0001";"NE_0001"
"2023";"04";"150122";"LIMA";"LIMA";"MIRAFLORES";"PRIVADO";"II-E";"00016121";"CENTRO MEDICO AVENDAÑO S.A.C.";"240100";"HOSPITALIZACIÓN QUIRÚRGICA CIRUGÍA GENERAL ";"27";"27";"29";"27";"5";"150";"0"
"2023";"04";"150130";"LIMA";"LIMA";"SAN BORJA";"PRIVADO";"II-2";"00009682";"CLÍNICA INTERNACIONAL";"240000";"HOSPITALIZACIÓN";"533";"615";"2694";"2627";"102";"3162";"0"
"2023";"04";"150101";"LIMA";"LIMA";"LIMA";"PRIVADO";"I-3";"00016948";"MEDICENTRO COLMENA DE LA CLÍNICA INTERNACIONAL";"NE_0001";"";"NE_0001";"NE_0001";"NE_0001";"NE_0001";"NE_0001";"NE_0001";"NE_0001"
"2023";"04";"150131";"LIMA";"LIMA";"SAN ISIDRO";"PRIVADO";"I-2";"00008215";"MEDICENTRO SAN ISIDRO";"NE_0001";"";"NE_0001";"NE_0001";"NE_0001";"NE_0001";"NE_0001";"NE_0001";"NE_0001"
"2023";"04";"150140";"LIMA";"LIMA";"SANTIAGO DE SURCO";"PRIVADO";"I-3";"00024299";"CLINICA INTERNACIONAL - SEDE SURCO";"NE_0001";"";"NE_0001";"NE_0001";"NE_0001";"NE_0001";"NE_0001";"NE_0001";"NE_0001"
"2023";"04";"150140";"LIMA";"LIMA";"SANTIAGO DE SURCO";"PRIVADO";"II-E";"00015461";"VISTASALUD CENTRO OFTALMOLOGICO";"NE_0001";"";"NE_0001";"NE_0001";"NE_0001";"NE_0001";"NE_0001";"NE_0001";"NE_0001"
"2023";"04";"190104";"PASCO";"PASCO";"HUAYLLAY";"ESSALUD";"I-3";"00009751";"CENTRO MEDICO  HUAYLLAY";"NE_0001";"";"NE_0001";"NE_0001";"NE_0001";"NE_0001";"NE_0001";"NE_0001";"NE_0001"
"2023";"08";"060810";"CAJAMARCA";"JAEN";"SAN FELIPE";"GOBIERNO REGIONAL";"I-2";"00004255";"PIQUIJACA";"NE_0001";"";"NE_0001";"NE_0001";"NE_0001";"NE_0001";"NE_0001";"NE_0001";"NE_0001"
"2023";"08";"060810";"CAJAMARCA";"JAEN";"SAN FELIPE";"GOBIERNO REGIONAL";"I-3";"00004254";"SAN FELIPE";"NE_0001";"";"NE_0001";"NE_0001";"NE_0001";"NE_0001";"NE_0001";"NE_0001";"NE_0001"
"2023";"08";"160113";"LORETO";"MAYNAS";"SAN JUAN BAUTISTA";"PRIVADO";"II-E";"00024041";"CLÍNICA ESPECIALIZADA EMANUEL";"NE_0001";"";"NE_0001";"NE_0001";"NE_0001";"NE_0001";"NE_0001";"NE_0001";"NE_0001"
"2023";"08";"150131";"LIMA";"LIMA";"SAN ISIDRO";"ESSALUD";"I-3";"00015471";"CENTRO DE ATENCION PRIMARIA-CAP III SAN ISIDRO-ESSALUD";"NE_0001";"";"NE_0001";"NE_0001";"NE_0001";"NE_0001";"NE_0001";"NE_0001";"NE_0001"
"2023";"09";"200104";"PIURA";"PIURA";"CASTILLA";"SANIDAD DEL EJERCITO DEL PERU";"I-4";"00012953";"HOSPITAL MILITAR I DIVISION DEL EJERCITO PIURA";"240000";"HOSPITALIZACIÓN";"1";"1";"1";"1";"11";"12";"1"
"2023";"09";"010201";"AMAZONAS";"BAGUA";"BAGUA";"GOBIERNO REGIONAL";"II-1";"00005044";"GUSTAVO LANATTA LUJAN";"240100";"HOSPITALIZACIÓN QUIRÚRGICA CIRUGÍA GENERAL ";"52";"52";"149";"149";"10";"300";"1"
"2023";"09";"010201";"AMAZONAS";"BAGUA";"BAGUA";"GOBIERNO REGIONAL";"II-1";"00005044";"GUSTAVO LANATTA LUJAN";"241200";"HOSPITALIZACIÓN QUIRÚRGICA TRAUMATOLOGÍA Y ORTOPEDIA ";"3";"3";"5";"5";"2";"60";"0"
"2023";"09";"010201";"AMAZONAS";"BAGUA";"BAGUA";"GOBIERNO REGIONAL";"II-1";"00005044";"GUSTAVO LANATTA LUJAN";"241400";"HOSPITALIZACIÓN QUIRÚRGICA GINECO - OBSTETRICIA ";"138";"138";"333";"333";"19";"570";"0"
"2023";"09";"010201";"AMAZONAS";"BAGUA";"BAGUA";"GOBIERNO REGIONAL";"II-1";"00005044";"GUSTAVO LANATTA LUJAN";"241800";"HOSPITALIZACIÓN DE MEDICINA MEDICINA GENERAL ";"46";"46";"170";"170";"29";"870";"2"
"2023";"09";"010201";"AMAZONAS";"BAGUA";"BAGUA";"GOBIERNO REGIONAL";"II-1";"00005044";"GUSTAVO LANATTA LUJAN";"242500";"HOSPITALIZACIÓN-PEDIATRÍA GENERAL-";"45";"45";"118";"118";"10";"300";"0"
"2023";"09";"010201";"AMAZONAS";"BAGUA";"BAGUA";"GOBIERNO REGIONAL";"II-1";"00005044";"GUSTAVO LANATTA LUJAN";"243200";"HOSPITALIZACIÓN DE PEDIATRÍA PEDIATRIA NEONATOLOGÍA";"19";"19";"65";"65";"9";"270";"0"
"2023";"09";"010201";"AMAZONAS";"BAGUA";"BAGUA";"GOBIERNO REGIONAL";"II-1";"00005044";"GUSTAVO LANATTA LUJAN";"250103";"UNIDAD DE CUIDADOS CRITICOS UNIDAD  DE CUIDADOS INTENSIVOS GENERALES  (UCI) MEDICINA";"4";"4";"33";"33";"7";"210";"0"
"2023";"09";"010201";"AMAZONAS";"BAGUA";"BAGUA";"GOBIERNO REGIONAL";"II-1";"00005044";"GUSTAVO LANATTA LUJAN";"250304";"HOSPIT. EN UNIDAD DE CUID.INTEN.-UNIDAD DE VIGILANCIA INTENSIVA (UVI)-MEDICINA";"14";"14";"55";"55";"6";"180";"0"
"2023";"09";"180303";"MOQUEGUA";"ILO";"PACOCHA";"PRIVADO";"II-1";"00017563";"HOSPITAL SPCC - ILO";"240100";"HOSPITALIZACIÓN QUIRÚRGICA CIRUGÍA GENERAL ";"5";"8";"28";"12";"12";"372";"0"
"2023";"09";"180303";"MOQUEGUA";"ILO";"PACOCHA";"PRIVADO";"II-1";"00017563";"HOSPITAL SPCC - ILO";"241400";"HOSPITALIZACIÓN QUIRÚRGICA GINECO - OBSTETRICIA ";"4";"4";"16";"6";"4";"124";"0"
"2023";"09";"180303";"MOQUEGUA";"ILO";"PACOCHA";"PRIVADO";"II-1";"00017563";"HOSPITAL SPCC - ILO";"241800";"HOSPITALIZACIÓN DE MEDICINA MEDICINA GENERAL ";"7";"8";"32";"25";"14";"434";"0"
"2023";"09";"180303";"MOQUEGUA";"ILO";"PACOCHA";"PRIVADO";"II-1";"00017563";"HOSPITAL SPCC - ILO";"242500";"HOSPITALIZACIÓN-PEDIATRÍA GENERAL-";"3";"2";"4";"3";"7";"217";"0"
"2023";"09";"040514";"AREQUIPA";"CAYLLOMA";"SAN ANTONIO DE CHUCA";"GOBIERNO REGIONAL";"I-2";"00001242";"PUESTO DE SALUD IMATA";"NE_0002";"";"NE_0002";"NE_0002";"NE_0002";"NE_0002";"NE_0002";"NE_0002";"NE_0002"
"2023";"09";"040128";"AREQUIPA";"AREQUIPA";"YURA";"GOBIERNO REGIONAL";"I-3";"00001253";"CENTRO DE SALUD CIUDAD DE DIOS";"NE_0002";"";"NE_0002";"NE_0002";"NE_0002";"NE_0002";"NE_0002";"NE_0002";"NE_0002"
"2023";"09";"040511";"AREQUIPA";"CAYLLOMA";"LLUTA";"GOBIERNO REGIONAL";"I-2";"00001255";"PUESTO DE SALUD LLUTA";"NE_0002";"";"NE_0002";"NE_0002";"NE_0002";"NE_0002";"NE_0002";"NE_0002";"NE_0002"
"2023";"09";"040511";"AREQUIPA";"CAYLLOMA";"LLUTA";"GOBIERNO REGIONAL";"I-2";"00001256";"PUESTO DE SALUD TAYA";"NE_0002";"";"NE_0002";"NE_0002";"NE_0002";"NE_0002";"NE_0002";"NE_0002";"NE_0002"
"2023";"09";"040126";"AREQUIPA";"AREQUIPA";"YANAHUARA";"GOBIERNO REGIONAL";"I-1";"00001241";"PUESTO DE SALUD SUMBAY - CHASQUIPAMPA";"NE_0002";"";"NE_0002";"NE_0002";"NE_0002";"NE_0002";"NE_0002";"NE_0002";"NE_0002"
"2023";"09";"040514";"AREQUIPA";"CAYLLOMA";"SAN ANTONIO DE CHUCA";"GOBIERNO REGIONAL";"I-1";"00001243";"PUESTO DE SALUD PILLONES";"NE_0002";"";"NE_0002";"NE_0002";"NE_0002";"NE_0002";"NE_0002";"NE_0002";"NE_0002"
"2023";"09";"040128";"AREQUIPA";"AREQUIPA";"YURA";"GOBIERNO REGIONAL";"I-2";"00001254";"PUESTO DE SALUD YURA";"NE_0002";"";"NE_0002";"NE_0002";"NE_0002";"NE_0002";"NE_0002";"NE_0002";"NE_0002"
"2023";"09";"040508";"AREQUIPA";"CAYLLOMA";"HUANCA";"GOBIERNO REGIONAL";"I-2";"00001239";"PUESTO DE SALUD HUANCA";"NE_0002";"";"NE_0002";"NE_0002";"NE_0002";"NE_0002";"NE_0002";"NE_0002";"NE_0002"
"2023";"09";"070106";"CALLAO";"CALLAO";"VENTANILLA";"GOBIERNO REGIONAL";"I-2";"00032158";"CENTRO DE SALUD MENTAL COMUNITARIO VENTANILLA NORTE";"NE_0001";"";"NE_0001";"NE_0001";"NE_0001";"NE_0001";"NE_0001";"NE_0001";"NE_0001"
"2023";"09";"070107";"CALLAO";"CALLAO";"MI PERU";"GOBIERNO REGIONAL";"I-2";"00029381";"CENTRO DE SALUD MENTAL COMUNITARIO MI PERU";"NE_0001";"";"NE_0001";"NE_0001";"NE_0001";"NE_0001";"NE_0001";"NE_0001";"NE_0001"
"2023";"09";"070107";"CALLAO";"CALLAO";"MI PERU";"GOBIERNO REGIONAL";"I-4";"00006260";"CENTRO DE SALUD  MI PERU";"241800";"HOSPITALIZACIÓN DE MEDICINA MEDICINA GENERAL ";"16";"16";"16";"180";"6";"180";"0"
"2023";"09";"070106";"CALLAO";"CALLAO";"VENTANILLA";"GOBIERNO REGIONAL";"I-2";"00006261";"PUESTO DE SALUD LUIS FELIPE DE LAS CASAS";"NE_0001";"";"NE_0001";"NE_0001";"NE_0001";"NE_0001";"NE_0001";"NE_0001";"NE_0001"
"2023";"09";"021801";"ANCASH";"SANTA";"CHIMBOTE";"PRIVADO";"II-1";"00016552";"CLINICA ROBLES S.A.C.";"240100";"HOSPITALIZACIÓN QUIRÚRGICA CIRUGÍA GENERAL ";"51";"46";"58";"91";"8";"244";"0"
"2023";"09";"021801";"ANCASH";"SANTA";"CHIMBOTE";"PRIVADO";"II-1";"00016552";"CLINICA ROBLES S.A.C.";"241400";"HOSPITALIZACIÓN QUIRÚRGICA GINECO - OBSTETRICIA ";"32";"19";"56";"236";"7";"237";"0"
"2023";"09";"130101";"LA LIBERTAD";"TRUJILLO";"TRUJILLO";"PRIVADO";"II-1";"00013373";"CLINICA PERUANO AMERICANA S. A.";"241800";"HOSPITALIZACIÓN DE MEDICINA MEDICINA GENERAL ";"45";"39";"104";"142";"13";"390";"1"
"2023";"09";"130101";"LA LIBERTAD";"TRUJILLO";"TRUJILLO";"PRIVADO";"II-1";"00013373";"CLINICA PERUANO AMERICANA S. A.";"240100";"HOSPITALIZACIÓN QUIRÚRGICA CIRUGÍA GENERAL ";"127";"96";"286";"541";"21";"630";"1"
"2023";"09";"130101";"LA LIBERTAD";"TRUJILLO";"TRUJILLO";"PRIVADO";"II-1";"00013373";"CLINICA PERUANO AMERICANA S. A.";"242300";"HOSPITALIZACIÓN DE PEDIATRÍA  PEDIATRÍA  GENERAL ";"2";"2";"7";"7";"1";"30";"0"
"2023";"09";"130101";"LA LIBERTAD";"TRUJILLO";"TRUJILLO";"PRIVADO";"II-1";"00013373";"CLINICA PERUANO AMERICANA S. A.";"241400";"HOSPITALIZACIÓN QUIRÚRGICA GINECO - OBSTETRICIA ";"14";"12";"28";"30";"5";"150";"0"
"2023";"09";"070101";"CALLAO";"CALLAO";"CALLAO";"GOBIERNO REGIONAL";"0";"00031162";"HOGAR PROTEGIDO ACAPULCO";"NE_0001";"";"NE_0001";"NE_0001";"NE_0001";"NE_0001";"NE_0001";"NE_0001";"NE_0001"
"2023";"09";"070101";"CALLAO";"CALLAO";"CALLAO";"GOBIERNO REGIONAL";"I-2";"00020823";"CENTRO DE SALUD MENTAL COMUNITARIO SARITA COLONIA";"NE_0001";"";"NE_0001";"NE_0001";"NE_0001";"NE_0001";"NE_0001";"NE_0001";"NE_0001"
"2023";"09";"070101";"CALLAO";"CALLAO";"CALLAO";"GOBIERNO REGIONAL";"I-2";"00006233";"PUESTO DE SALUD JUAN PABLO II";"NE_0001";"";"NE_0001";"NE_0001";"NE_0001";"NE_0001";"NE_0001";"NE_0001";"NE_0001"
"2023";"09";"070101";"CALLAO";"CALLAO";"CALLAO";"GOBIERNO REGIONAL";"I-4";"00006230";"CENTRO DE SALUD ACAPULCO";"241400";"HOSPITALIZACIÓN QUIRÚRGICA GINECO - OBSTETRICIA ";"2";"2";"2";"60";"8";"240";"0"
"2023";"09";"020105";"ANCASH";"HUARAZ";"INDEPENDENCIA";"PRIVADO";"II-1";"00012671";"CLINICA SAN PABLO SEDE HUARAZ";"240000";"HOSPITALIZACIÓN";"88";"90";"236";"321";"24";"720";"0"
"2023";"09";"020105";"ANCASH";"HUARAZ";"INDEPENDENCIA";"PRIVADO";"II-1";"00012671";"CLINICA SAN PABLO SEDE HUARAZ";"250100";"UNIDAD DE CUIDADOS CRITICOS UNIDAD  DE CUIDADOS INTENSIVOS GENERALES (UCI) ";"22";"20";"45";"70";"5";"150";"0"
"2023";"09";"120114";"JUNIN";"HUANCAYO";"EL TAMBO";"PRIVADO";"II-E";"00028966";"CLÍNICA ESPECIALIZADA MIRANDA";"241200";"HOSPITALIZACIÓN QUIRÚRGICA TRAUMATOLOGÍA Y ORTOPEDIA ";"10";"10";"10";"20";"9";"20";"0"
"2023";"09";"120114";"JUNIN";"HUANCAYO";"EL TAMBO";"PRIVADO";"II-E";"00028966";"CLÍNICA ESPECIALIZADA MIRANDA";"245400";"HOSPITALIZACIÓN DE MEDICINA GINECOLOGIA ";"14";"14";"14";"28";"9";"28";"0"
"2023";"09";"120114";"JUNIN";"HUANCAYO";"EL TAMBO";"PRIVADO";"II-E";"00028966";"CLÍNICA ESPECIALIZADA MIRANDA";"240100";"HOSPITALIZACIÓN QUIRÚRGICA CIRUGÍA GENERAL ";"42";"42";"42";"90";"9";"90";"0"
"2023";"09";"120114";"JUNIN";"HUANCAYO";"EL TAMBO";"PRIVADO";"II-E";"00028966";"CLÍNICA ESPECIALIZADA MIRANDA";"241300";"HOSPITALIZACIÓN QUIRÚRGICA UROLOGÍA  ";"1";"1";"1";"10";"9";"10";"0"
"2023";"09";"150130";"LIMA";"LIMA";"SAN BORJA";"PRIVADO";"II-2";"00009850";"CLÍNICA VESALIO";"240000";"HOSPITALIZACIÓN";"327";"325";"1419";"1643";"56";"1642";"0"
"2023";"09";"220912";"SAN MARTIN";"SAN MARTIN";"SAN ANTONIO";"GOBIERNO REGIONAL";"I-3";"00006384";"SAN ANTONIO DE CUMBAZA";"NE_0001";"";"NE_0001";"NE_0001";"NE_0001";"NE_0001";"NE_0001";"NE_0001";"NE_0001"
"2023";"09";"220903";"SAN MARTIN";"SAN MARTIN";"CACATACHI";"GOBIERNO REGIONAL";"I-3";"00006395";"CACATACHI";"NE_0001";"";"NE_0001";"NE_0001";"NE_0001";"NE_0001";"NE_0001";"NE_0001";"NE_0001"
"2023";"09";"220910";"SAN MARTIN";"SAN MARTIN";"MORALES";"GOBIERNO REGIONAL";"I-4";"00006361";"MORALES";"241400";"HOSPITALIZACIÓN QUIRÚRGICA GINECO - OBSTETRICIA ";"36";"36";"36";"30";"12";"360";"0"
"2023";"09";"220912";"SAN MARTIN";"SAN MARTIN";"SAN ANTONIO";"GOBIERNO REGIONAL";"I-1";"00006385";"SAN PEDRO DE CUMBAZA";"NE_0001";"";"NE_0001";"NE_0001";"NE_0001";"NE_0001";"NE_0001";"NE_0001";"NE_0001"
"2023";"09";"130704";"LA LIBERTAD";"PACASMAYO";"PACASMAYO";"GOBIERNO REGIONAL";"II-1";"00005296";"HOSPITAL DISTRITAL DE PACASMAYO";"241800";"HOSPITALIZACIÓN DE MEDICINA MEDICINA GENERAL ";"23";"22";"97";"93";"4";"120";"1"
"2023";"09";"130704";"LA LIBERTAD";"PACASMAYO";"PACASMAYO";"GOBIERNO REGIONAL";"II-1";"00005296";"HOSPITAL DISTRITAL DE PACASMAYO";"240100";"HOSPITALIZACIÓN QUIRÚRGICA CIRUGÍA GENERAL ";"24";"24";"51";"51";"4";"120";"0"
"2023";"09";"130704";"LA LIBERTAD";"PACASMAYO";"PACASMAYO";"GOBIERNO REGIONAL";"II-1";"00005296";"HOSPITAL DISTRITAL DE PACASMAYO";"242300";"HOSPITALIZACIÓN DE PEDIATRÍA  PEDIATRÍA  GENERAL ";"15";"16";"32";"30";"4";"120";"0"
"2023";"09";"130704";"LA LIBERTAD";"PACASMAYO";"PACASMAYO";"GOBIERNO REGIONAL";"II-1";"00005296";"HOSPITAL DISTRITAL DE PACASMAYO";"241600";"HOSPITALIZACIÓN QUIRÚRGICA OBSTETRICIA   ";"14";"12";"22";"28";"4";"120";"0"
"2023";"09";"130704";"LA LIBERTAD";"PACASMAYO";"PACASMAYO";"GOBIERNO REGIONAL";"II-1";"00005296";"HOSPITAL DISTRITAL DE PACASMAYO";"241500";"HOSPITALIZACIÓN QUIRÚRGICA GINECOLOGÍA  ";"10";"10";"18";"20";"4";"120";"0"
"2023";"09";"040104";"AREQUIPA";"AREQUIPA";"CERRO COLORADO";"PRIVADO";"II-1";"00027214";"CLINICA SAN PABLO AREQUIPA";"250400";"UNIDAD DE CUIDADOS CRITICOS UNIDAD DE QUEMADOS (GRAN QUEMADO) ";"1";"1";"18";"19";"2";"60";"0"
"2023";"09";"040104";"AREQUIPA";"AREQUIPA";"CERRO COLORADO";"PRIVADO";"II-1";"00027214";"CLINICA SAN PABLO AREQUIPA";"240000";"HOSPITALIZACIÓN";"172";"174";"535";"720";"60";"1800";"1"
"2023";"09";"150135";"LIMA";"LIMA";"SAN MARTIN DE PORRES";"PRIVADO";"II-E";"00025573";"CREO Clínica Renal y Oncológica";"NE_0001";"";"NE_0001";"NE_0001";"NE_0001";"NE_0001";"NE_0001";"NE_0001";"NE_0001"
"2023";"09";"230101";"TACNA";"TACNA";"TACNA";"SANIDAD DEL EJERCITO DEL PERU";"I-3";"00011195";"CENTRO DE SALUD MILITAR DE LA 3RA. BRIGADA DE CABALLERIA TACNA";"NE_0001";"";"NE_0001";"NE_0001";"NE_0001";"NE_0001";"NE_0001";"NE_0001";"NE_0001"
"2023";"09";"120601";"JUNIN";"SATIPO";"SATIPO";"GOBIERNO REGIONAL";"I-3";"00027078";"CENTRO DE SALUD MENTAL COMUNITARIO SATIPO";"NE_0001";"";"NE_0001";"NE_0001";"NE_0001";"NE_0001";"NE_0001";"NE_0001";"NE_0001"
"2023";"09";"220504";"SAN MARTIN";"LAMAS";"CAYNARACHI";"GOBIERNO REGIONAL";"I-1";"00006417";"SAN MIGUEL DE ACHINAMIZA";"NE_0001";"";"NE_0001";"NE_0001";"NE_0001";"NE_0001";"NE_0001";"NE_0001";"NE_0001"
"2023";"09";"220504";"SAN MARTIN";"LAMAS";"CAYNARACHI";"GOBIERNO REGIONAL";"I-1";"00006421";"YUMBATOS";"NE_0001";"";"NE_0001";"NE_0001";"NE_0001";"NE_0001";"NE_0001";"NE_0001";"NE_0001"
"2023";"01";"130501";"LA LIBERTAD";"JULCAN";"JULCAN";"GOBIERNO REGIONAL";"II-1";"00005306";"HOSPITAL PROVINCIAL DE JULCAN";"241800";"HOSPITALIZACIÓN DE MEDICINA MEDICINA GENERAL ";"8";"8";"16";"17";"5";"150";"0"
"2023";"01";"130501";"LA LIBERTAD";"JULCAN";"JULCAN";"GOBIERNO REGIONAL";"II-1";"00005306";"HOSPITAL PROVINCIAL DE JULCAN";"241600";"HOSPITALIZACIÓN QUIRÚRGICA OBSTETRICIA   ";"28";"28";"60";"31";"9";"279";"1"
"2023";"02";"130501";"LA LIBERTAD";"JULCAN";"JULCAN";"GOBIERNO REGIONAL";"II-1";"00005306";"HOSPITAL PROVINCIAL DE JULCAN";"241600";"HOSPITALIZACIÓN QUIRÚRGICA OBSTETRICIA   ";"16";"16";"16";"17";"5";"140";"0"
"2023";"02";"130501";"LA LIBERTAD";"JULCAN";"JULCAN";"GOBIERNO REGIONAL";"II-1";"00005306";"HOSPITAL PROVINCIAL DE JULCAN";"241800";"HOSPITALIZACIÓN DE MEDICINA MEDICINA GENERAL ";"28";"28";"60";"28";"9";"252";"3"
"2023";"03";"130501";"LA LIBERTAD";"JULCAN";"JULCAN";"GOBIERNO REGIONAL";"II-1";"00005306";"HOSPITAL PROVINCIAL DE JULCAN";"241600";"HOSPITALIZACIÓN QUIRÚRGICA OBSTETRICIA   ";"7";"7";"13";"3";"4";"124";"0"
"2023";"03";"130501";"LA LIBERTAD";"JULCAN";"JULCAN";"GOBIERNO REGIONAL";"II-1";"00005306";"HOSPITAL PROVINCIAL DE JULCAN";"241800";"HOSPITALIZACIÓN DE MEDICINA MEDICINA GENERAL ";"24";"24";"57";"31";"9";"279";"4"
"2023";"04";"130501";"LA LIBERTAD";"JULCAN";"JULCAN";"GOBIERNO REGIONAL";"II-1";"00005306";"HOSPITAL PROVINCIAL DE JULCAN";"241600";"HOSPITALIZACIÓN QUIRÚRGICA OBSTETRICIA   ";"14";"14";"28";"16";"5";"150";"0"
"2023";"04";"130501";"LA LIBERTAD";"JULCAN";"JULCAN";"GOBIERNO REGIONAL";"II-1";"00005306";"HOSPITAL PROVINCIAL DE JULCAN";"241800";"HOSPITALIZACIÓN DE MEDICINA MEDICINA GENERAL ";"23";"23";"43";"60";"9";"270";"2"
"2023";"05";"130501";"LA LIBERTAD";"JULCAN";"JULCAN";"GOBIERNO REGIONAL";"II-1";"00005306";"HOSPITAL PROVINCIAL DE JULCAN";"241600";"HOSPITALIZACIÓN QUIRÚRGICA OBSTETRICIA   ";"18";"18";"18";"23";"5";"155";"0"
"2023";"05";"130501";"LA LIBERTAD";"JULCAN";"JULCAN";"GOBIERNO REGIONAL";"II-1";"00005306";"HOSPITAL PROVINCIAL DE JULCAN";"241800";"HOSPITALIZACIÓN DE MEDICINA MEDICINA GENERAL ";"48";"48";"36";"62";"9";"279";"1"
"2023";"09";"030601";"APURIMAC";"CHINCHEROS";"CHINCHEROS";"GOBIERNO REGIONAL";"II-1";"00004140";"HOSPITAL CHINCHEROS";"242204";"HOSPITALIZACIÓN DE MEDICINA PSIQUIATRÍA REHABILITACIÓN PSIQUIÁTRICA / REINSERCIÓN ";"4";"5";"85";"68";"10";"300";"0"
"2023";"09";"070101";"CALLAO";"CALLAO";"CALLAO";"GOBIERNO REGIONAL";"I-2";"00006222";"PUESTO DE SALUD CALLAO";"NE_0001";"";"NE_0001";"NE_0001";"NE_0001";"NE_0001";"NE_0001";"NE_0001";"NE_0001"
"2023";"09";"070101";"CALLAO";"CALLAO";"CALLAO";"GOBIERNO REGIONAL";"I-2";"00006224";"PUESTO DE SALUD JOSE BOTERIN";"NE_0001";"";"NE_0001";"NE_0001";"NE_0001";"NE_0001";"NE_0001";"NE_0001";"NE_0001"
"2023";"09";"070101";"CALLAO";"CALLAO";"CALLAO";"GOBIERNO REGIONAL";"I-2";"00006223";"PUESTO DE SALUD SANTA FE";"NE_0001";"";"NE_0001";"NE_0001";"NE_0001";"NE_0001";"NE_0001";"NE_0001";"NE_0001"
"2023";"09";"220904";"SAN MARTIN";"SAN MARTIN";"CHAZUTA";"GOBIERNO REGIONAL";"I-1";"00006429";"CURIYACU";"NE_0001";"";"NE_0001";"NE_0001";"NE_0001";"NE_0001";"NE_0001";"NE_0001";"NE_0001"
"2023";"09";"220904";"SAN MARTIN";"SAN MARTIN";"CHAZUTA";"GOBIERNO REGIONAL";"I-1";"00006425";"AGUANO MUYUNA";"NE_0001";"";"NE_0001";"NE_0001";"NE_0001";"NE_0001";"NE_0001";"NE_0001";"NE_0001"
"2023";"09";"220904";"SAN MARTIN";"SAN MARTIN";"CHAZUTA";"GOBIERNO REGIONAL";"I-1";"00006426";"CALLANAYACU";"NE_0001";"";"NE_0001";"NE_0001";"NE_0001";"NE_0001";"NE_0001";"NE_0001";"NE_0001"
"2023";"09";"150130";"LIMA";"LIMA";"SAN BORJA";"PRIVADO";"II-E";"00010467";"CLINICA FLEMING";"240000";"HOSPITALIZACIÓN";"2";"2";"2";"2";"8";"240";"0"
"2023";"03";"220511";"SAN MARTIN";"LAMAS";"ZAPATERO";"GOBIERNO REGIONAL";"I-1";"00006401";"PROGRESO";"NE_0002";"";"NE_0002";"NE_0002";"NE_0002";"NE_0002";"NE_0002";"NE_0002";"NE_0002"
"2023";"03";"220511";"SAN MARTIN";"LAMAS";"ZAPATERO";"GOBIERNO REGIONAL";"I-1";"00006403";"CARAÑAYACU";"NE_0002";"";"NE_0002";"NE_0002";"NE_0002";"NE_0002";"NE_0002";"NE_0002";"NE_0002"
"2023";"03";"220511";"SAN MARTIN";"LAMAS";"ZAPATERO";"GOBIERNO REGIONAL";"I-1";"00006405";"BAGAZAN";"NE_0002";"";"NE_0002";"NE_0002";"NE_0002";"NE_0002";"NE_0002";"NE_0002";"NE_0002"
"2023";"03";"220511";"SAN MARTIN";"LAMAS";"ZAPATERO";"GOBIERNO REGIONAL";"I-1";"00006404";"SANTA CRUZ DE SHITARIYACU";"NE_0002";"";"NE_0002";"NE_0002";"NE_0002";"NE_0002";"NE_0002";"NE_0002";"NE_0002"
"2023";"03";"220511";"SAN MARTIN";"LAMAS";"ZAPATERO";"GOBIERNO REGIONAL";"I-1";"00006402";"UCHUMULLACA";"NE_0002";"";"NE_0002";"NE_0002";"NE_0002";"NE_0002";"NE_0002";"NE_0002";"NE_0002"
"2023";"03";"220505";"SAN MARTIN";"LAMAS";"CUÑUMBUQUI";"GOBIERNO REGIONAL";"I-1";"00006372";"SAN FRANCISCO DEL RIO MAYO";"NE_0002";"";"NE_0002";"NE_0002";"NE_0002";"NE_0002";"NE_0002";"NE_0002";"NE_0002"
"2023";"03";"220511";"SAN MARTIN";"LAMAS";"ZAPATERO";"GOBIERNO REGIONAL";"I-1";"00006398";"SAN FERNANDO";"NE_0002";"";"NE_0002";"NE_0002";"NE_0002";"NE_0002";"NE_0002";"NE_0002";"NE_0002"
"2023";"03";"220505";"SAN MARTIN";"LAMAS";"CUÑUMBUQUI";"GOBIERNO REGIONAL";"I-1";"00006784";"ALTO ANDINO";"NE_0002";"";"NE_0002";"NE_0002";"NE_0002";"NE_0002";"NE_0002";"NE_0002";"NE_0002"
"2023";"03";"220505";"SAN MARTIN";"LAMAS";"CUÑUMBUQUI";"GOBIERNO REGIONAL";"I-3";"00006396";"CUÑUMBUQUE";"241600";"HOSPITALIZACIÓN QUIRÚRGICA OBSTETRICIA   ";"6";"6";"6";"6";"2";"62";"0"
"2023";"04";"200101";"PIURA";"PIURA";"PIURA";"PRIVADO";"II-1";"00025208";"GRUPO CARITA FELIZ S.A.";"242300";"HOSPITALIZACIÓN DE PEDIATRÍA  PEDIATRÍA  GENERAL ";"35";"33";"80";"93";"4";"120";"0"
"2023";"04";"200101";"PIURA";"PIURA";"PIURA";"PRIVADO";"II-1";"00025208";"GRUPO CARITA FELIZ S.A.";"241900";"HOSPITALIZACIÓN DE MEDICINA MEDICINA INTERNA ";"47";"41";"165";"176";"6";"180";"0"
"2023";"04";"200101";"PIURA";"PIURA";"PIURA";"PRIVADO";"II-1";"00025208";"GRUPO CARITA FELIZ S.A.";"240100";"HOSPITALIZACIÓN QUIRÚRGICA CIRUGÍA GENERAL ";"85";"91";"186";"161";"6";"180";"0"
"2023";"04";"200101";"PIURA";"PIURA";"PIURA";"PRIVADO";"II-1";"00025208";"GRUPO CARITA FELIZ S.A.";"241400";"HOSPITALIZACIÓN QUIRÚRGICA GINECO - OBSTETRICIA ";"55";"58";"114";"111";"4";"120";"0"
"2023";"04";"200101";"PIURA";"PIURA";"PIURA";"PRIVADO";"II-1";"00025208";"GRUPO CARITA FELIZ S.A.";"250100";"UNIDAD DE CUIDADOS CRITICOS UNIDAD  DE CUIDADOS INTENSIVOS GENERALES (UCI) ";"18";"5";"45";"65";"3";"90";"1"
"2023";"04";"200101";"PIURA";"PIURA";"PIURA";"PRIVADO";"II-1";"00025208";"GRUPO CARITA FELIZ S.A.";"250105";"UNIDAD DE CUIDADOS CRITICOS UNIDAD  DE CUIDADOS INTENSIVOS  (UCI) NEONATOLOGÍA";"4";"2";"3";"12";"2";"60";"0"
"2023";"04";"200101";"PIURA";"PIURA";"PIURA";"PRIVADO";"II-1";"00025208";"GRUPO CARITA FELIZ S.A.";"250201";"UNIDAD DE CUIDADOS CRITICOS UNIDAD DE CUIDADOS INTERMEDIOS  (UCIN) NEONATAL";"13";"10";"33";"40";"2";"60";"0"
"2023";"04";"021801";"ANCASH";"SANTA";"CHIMBOTE";"ESSALUD";"0";"00009047";"HOSPITAL III CHIMBOTE";"241900";"HOSPITALIZACIÓN DE MEDICINA MEDICINA INTERNA ";"198";"190";"1053";"1598";"59";"1780";"51"
"2023";"04";"021801";"ANCASH";"SANTA";"CHIMBOTE";"ESSALUD";"0";"00009047";"HOSPITAL III CHIMBOTE";"240100";"HOSPITALIZACIÓN QUIRÚRGICA CIRUGÍA GENERAL ";"149";"141";"408";"430";"18";"540";"2"
"2023";"04";"021801";"ANCASH";"SANTA";"CHIMBOTE";"ESSALUD";"0";"00009047";"HOSPITAL III CHIMBOTE";"241200";"HOSPITALIZACIÓN QUIRÚRGICA TRAUMATOLOGÍA Y ORTOPEDIA ";"60";"60";"583";"587";"21";"630";"0"
"2023";"04";"021801";"ANCASH";"SANTA";"CHIMBOTE";"ESSALUD";"0";"00009047";"HOSPITAL III CHIMBOTE";"241300";"HOSPITALIZACIÓN QUIRÚRGICA UROLOGÍA  ";"20";"20";"64";"72";"3";"90";"0"
"2023";"04";"021801";"ANCASH";"SANTA";"CHIMBOTE";"ESSALUD";"0";"00009047";"HOSPITAL III CHIMBOTE";"240900";"HOSPITALIZACIÓN QUIRÚRGICA NEUROCIRUGÍA ";"5";"5";"49";"14";"1";"30";"0"
"2023";"04";"021801";"ANCASH";"SANTA";"CHIMBOTE";"ESSALUD";"0";"00009047";"HOSPITAL III CHIMBOTE";"241100";"HOSPITALIZACIÓN QUIRÚRGICA OTORRINOLARINGOLOGÍA  ";"1";"1";"4";"4";"1";"30";"0"
"2023";"04";"021801";"ANCASH";"SANTA";"CHIMBOTE";"ESSALUD";"0";"00009047";"HOSPITAL III CHIMBOTE";"241500";"HOSPITALIZACIÓN QUIRÚRGICA GINECOLOGÍA  ";"65";"65";"117";"176";"7";"200";"0"
"2023";"04";"021801";"ANCASH";"SANTA";"CHIMBOTE";"ESSALUD";"0";"00009047";"HOSPITAL III CHIMBOTE";"241600";"HOSPITALIZACIÓN QUIRÚRGICA OBSTETRICIA   ";"151";"147";"323";"302";"12";"370";"0"
"2023";"04";"021801";"ANCASH";"SANTA";"CHIMBOTE";"ESSALUD";"0";"00009047";"HOSPITAL III CHIMBOTE";"242300";"HOSPITALIZACIÓN DE PEDIATRÍA  PEDIATRÍA  GENERAL ";"71";"71";"310";"289";"10";"290";"0"
"2023";"04";"021801";"ANCASH";"SANTA";"CHIMBOTE";"ESSALUD";"0";"00009047";"HOSPITAL III CHIMBOTE";"240700";"HOSPITALIZACIÓN QUIRÚRGICA CIRUGÍA PEDIÁTRICA ";"14";"14";"26";"30";"1";"30";"0"
"2023";"04";"021801";"ANCASH";"SANTA";"CHIMBOTE";"ESSALUD";"0";"00009047";"HOSPITAL III CHIMBOTE";"243200";"HOSPITALIZACIÓN DE PEDIATRÍA PEDIATRIA NEONATOLOGÍA";"101";"101";"380";"280";"11";"320";"0"
"2023";"04";"021801";"ANCASH";"SANTA";"CHIMBOTE";"ESSALUD";"0";"00009047";"HOSPITAL III CHIMBOTE";"240100";"HOSPITALIZACIÓN QUIRÚRGICA CIRUGÍA GENERAL ";"17";"17";"151";"170";"9";"270";"4"
"2023";"04";"021801";"ANCASH";"SANTA";"CHIMBOTE";"ESSALUD";"0";"00009047";"HOSPITAL III CHIMBOTE";"250200";"UNIDAD DE CUIDADOS CRITICOS UNIDAD DE CUIDADOS INTERMEDIOS GENERAL  (UCIN) ";"14";"14";"183";"209";"8";"240";"5"
"2023";"04";"130101";"LA LIBERTAD";"TRUJILLO";"TRUJILLO";"PRIVADO";"II-E";"00025536";"OFTALMONORTE";"NE_0001";"";"NE_0001";"NE_0001";"NE_0001";"NE_0001";"NE_0001";"NE_0001";"NE_0001"
"2023";"04";"120604";"JUNIN";"SATIPO";"MAZAMARI";"SANIDAD DE LA POLICIA NACIONAL DEL PERU";"I-2";"00012454";"POSTA MEDICA POLICIAL LOS SINCHIS";"NE_0001";"";"NE_0001";"NE_0001";"NE_0001";"NE_0001";"NE_0001";"NE_0001";"NE_0001"
"2023";"04";"010701";"AMAZONAS";"UTCUBAMBA";"BAGUA GRANDE";"SANIDAD DE LA POLICIA NACIONAL DEL PERU";"I-3";"00018106";"POLICLINICO POLICIAL BAGUA GRANDE";"NE_0001";"";"NE_0001";"NE_0001";"NE_0001";"NE_0001";"NE_0001";"NE_0001";"NE_0001"
"2023";"04";"170101";"MADRE DE DIOS";"TAMBOPATA";"TAMBOPATA";"SANIDAD DE LA POLICIA NACIONAL DEL PERU";"I-2";"00009320";"POSTA MEDICA DE LA PNP";"NE_0001";"";"NE_0001";"NE_0001";"NE_0001";"NE_0001";"NE_0001";"NE_0001";"NE_0001"
"2023";"04";"211101";"PUNO";"SAN ROMAN";"JULIACA";"SANIDAD DE LA POLICIA NACIONAL DEL PERU";"I-2";"00010236";"POSTA MEDICA DE SALUD PNP - JULIACA";"NE_0001";"";"NE_0001";"NE_0001";"NE_0001";"NE_0001";"NE_0001";"NE_0001";"NE_0001"
"2023";"04";"100601";"HUANUCO";"LEONCIO PRADO";"RUPA-RUPA";"SANIDAD DE LA POLICIA NACIONAL DEL PERU";"I-2";"00015771";"POSTA MEDICA POLICIAL TINGO MARIA";"NE_0001";"";"NE_0001";"NE_0001";"NE_0001";"NE_0001";"NE_0001";"NE_0001";"NE_0001"
"2023";"04";"060108";"CAJAMARCA";"CAJAMARCA";"LOS BAÑOS DEL INCA";"ESSALUD";"I-3";"00010821";"CENTRO DE ATENCION PRIMARIA II";"NE_0001";"";"NE_0001";"NE_0001";"NE_0001";"NE_0001";"NE_0001";"NE_0001";"NE_0001"
"2023";"04";"130504";"LA LIBERTAD";"JULCAN";"HUASO";"GOBIERNO REGIONAL";"I-2";"00006770";"CHINCHINVARA";"NE_0001";"";"NE_0001";"NE_0001";"NE_0001";"NE_0001";"NE_0001";"NE_0001";"NE_0001"
"2023";"04";"130504";"LA LIBERTAD";"JULCAN";"HUASO";"GOBIERNO REGIONAL";"I-4";"00005312";"HUASO";"NE_0001";"";"NE_0001";"NE_0001";"NE_0001";"NE_0001";"NE_0001";"NE_0001";"NE_0001"
"2023";"04";"130504";"LA LIBERTAD";"JULCAN";"HUASO";"GOBIERNO REGIONAL";"I-2";"00006772";"LA VEGA";"NE_0001";"";"NE_0001";"NE_0001";"NE_0001";"NE_0001";"NE_0001";"NE_0001";"NE_0001"
"2023";"04";"130504";"LA LIBERTAD";"JULCAN";"HUASO";"GOBIERNO REGIONAL";"I-1";"00016422";"LA UNION";"NE_0001";"";"NE_0001";"NE_0001";"NE_0001";"NE_0001";"NE_0001";"NE_0001";"NE_0001"
"2023";"04";"130504";"LA LIBERTAD";"JULCAN";"HUASO";"GOBIERNO REGIONAL";"I-2";"00005313";"PARASIVE";"NE_0001";"";"NE_0001";"NE_0001";"NE_0001";"NE_0001";"NE_0001";"NE_0001";"NE_0001"
"2023";"04";"130504";"LA LIBERTAD";"JULCAN";"HUASO";"GOBIERNO REGIONAL";"I-2";"00005335";"UNINGAMBAL";"NE_0001";"";"NE_0001";"NE_0001";"NE_0001";"NE_0001";"NE_0001";"NE_0001";"NE_0001"
"2023";"04";"130504";"LA LIBERTAD";"JULCAN";"HUASO";"GOBIERNO REGIONAL";"I-3";"00006771";"CANRAZ";"NE_0001";"";"NE_0001";"NE_0001";"NE_0001";"NE_0001";"NE_0001";"NE_0001";"NE_0001"
"2023";"04";"080105";"CUSCO";"CUSCO";"SAN SEBASTIAN";"SANIDAD DE LA POLICIA NACIONAL DEL PERU";"I-3";"00011743";"POLICIAL ""SANTA ROSA""  CUSCO";"NE_0001";"";"NE_0001";"NE_0001";"NE_0001";"NE_0001";"NE_0001";"NE_0001";"NE_0001"
"2023";"04";"040126";"AREQUIPA";"AREQUIPA";"YANAHUARA";"PRIVADO";"II-1";"00012907";"SISTEMAS DE ADMINISTRACION HOSPITALARIA S.A.C.";"241900";"HOSPITALIZACIÓN DE MEDICINA MEDICINA INTERNA ";"17";"17";"102";"17";"14";"434";"0"
"2023";"04";"040126";"AREQUIPA";"AREQUIPA";"YANAHUARA";"PRIVADO";"II-1";"00012907";"SISTEMAS DE ADMINISTRACION HOSPITALARIA S.A.C.";"241400";"HOSPITALIZACIÓN QUIRÚRGICA GINECO - OBSTETRICIA ";"47";"47";"299";"46";"14";"434";"0"
"2023";"04";"040126";"AREQUIPA";"AREQUIPA";"YANAHUARA";"PRIVADO";"II-1";"00012907";"SISTEMAS DE ADMINISTRACION HOSPITALARIA S.A.C.";"240100";"HOSPITALIZACIÓN QUIRÚRGICA CIRUGÍA GENERAL ";"38";"38";"306";"38";"14";"434";"0"
"2023";"04";"040126";"AREQUIPA";"AREQUIPA";"YANAHUARA";"PRIVADO";"II-1";"00012907";"SISTEMAS DE ADMINISTRACION HOSPITALARIA S.A.C.";"242300";"HOSPITALIZACIÓN DE PEDIATRÍA  PEDIATRÍA  GENERAL ";"37";"37";"131";"37";"14";"434";"0"
"2023";"04";"021901";"ANCASH";"SIHUAS";"SIHUAS";"ESSALUD";"I-3";"00009203";"CENTRO MEDICO SIHUAS";"NE_0001";"";"NE_0001";"NE_0001";"NE_0001";"NE_0001";"NE_0001";"NE_0001";"NE_0001"
"2023";"04";"220905";"SAN MARTIN";"SAN MARTIN";"CHIPURANA";"GOBIERNO REGIONAL";"I-3";"00006439";"YARINA";"NE_0002";"";"NE_0002";"NE_0002";"NE_0002";"NE_0002";"NE_0002";"NE_0002";"NE_0002"
"2023";"04";"220907";"SAN MARTIN";"SAN MARTIN";"HUIMBAYOC";"GOBIERNO REGIONAL";"I-1";"00006446";"SAN JOSE DE YANAYACU";"NE_0002";"";"NE_0002";"NE_0002";"NE_0002";"NE_0002";"NE_0002";"NE_0002";"NE_0002"
"2023";"04";"220907";"SAN MARTIN";"SAN MARTIN";"HUIMBAYOC";"GOBIERNO REGIONAL";"I-1";"00006445";"SANTA MARTHA";"NE_0002";"";"NE_0002";"NE_0002";"NE_0002";"NE_0002";"NE_0002";"NE_0002";"NE_0002"
"2023";"04";"220907";"SAN MARTIN";"SAN MARTIN";"HUIMBAYOC";"GOBIERNO REGIONAL";"I-1";"00006441";"MIRAFLORES";"NE_0002";"";"NE_0002";"NE_0002";"NE_0002";"NE_0002";"NE_0002";"NE_0002";"NE_0002"
"2023";"04";"220907";"SAN MARTIN";"SAN MARTIN";"HUIMBAYOC";"GOBIERNO REGIONAL";"I-1";"00006447";"PUCALLPA";"NE_0002";"";"NE_0002";"NE_0002";"NE_0002";"NE_0002";"NE_0002";"NE_0002";"NE_0002"
"2023";"04";"220907";"SAN MARTIN";"SAN MARTIN";"HUIMBAYOC";"GOBIERNO REGIONAL";"I-3";"00006437";"HUIMBAYOC";"241800";"HOSPITALIZACIÓN DE MEDICINA MEDICINA GENERAL ";"4";"4";"4";"4";"2";"60";"0"
"2023";"04";"040520";"AREQUIPA";"CAYLLOMA";"MAJES";"GOBIERNO REGIONAL";"I-4";"00001325";"CENTRO DE SALUD  SANDRITA PEREZ EL PEDREGAL";"241600";"HOSPITALIZACIÓN QUIRÚRGICA OBSTETRICIA   ";"3";"3";"3";"3";"6";"27";"0"
"2023";"04";"040120";"AREQUIPA";"AREQUIPA";"SANTA ISABEL DE SIGUAS";"GOBIERNO REGIONAL";"I-2";"00001336";"SANTA ISABEL DE SIGUAS";"NE_0001";"";"NE_0001";"NE_0001";"NE_0001";"NE_0001";"NE_0001";"NE_0001";"NE_0001"
"2023";"04";"040520";"AREQUIPA";"CAYLLOMA";"MAJES";"GOBIERNO REGIONAL";"I-3";"00001326";"CENTRO DE SALUD LA COLINA";"NE_0001";"";"NE_0001";"NE_0001";"NE_0001";"NE_0001";"NE_0001";"NE_0001";"NE_0001"
"2023";"04";"040511";"AREQUIPA";"CAYLLOMA";"LLUTA";"GOBIERNO REGIONAL";"I-2";"00001340";"PUESTO DE SALUD QUERQUE";"NE_0001";"";"NE_0001";"NE_0001";"NE_0001";"NE_0001";"NE_0001";"NE_0001";"NE_0001"
"2023";"04";"080105";"CUSCO";"CUSCO";"SAN SEBASTIAN";"GOBIERNO REGIONAL";"II-E";"00025210";"TUPAC AMARU";"241400";"HOSPITALIZACIÓN QUIRÚRGICA GINECO - OBSTETRICIA ";"35";"35";"77";"70";"15";"465";"0"
"2023";"04";"150131";"LIMA";"LIMA";"SAN ISIDRO";"PRIVADO";"II-2";"00009437";"CLINICA LIMATAMBO";"240000";"HOSPITALIZACIÓN";"124";"125";"387";"295";"38";"1178";"4"
"2023";"04";"150130";"LIMA";"LIMA";"SAN BORJA";"PRIVADO";"I-2";"00024872";"LINE CONTROL CENTER";"NE_0001";"";"NE_0001";"NE_0001";"NE_0001";"NE_0001";"NE_0001";"NE_0001";"NE_0001"
"2023";"04";"120101";"JUNIN";"HUANCAYO";"HUANCAYO";"PRIVADO";"II-1";"00008516";"CLINICA SANTO DOMINGO";"240100";"HOSPITALIZACIÓN QUIRÚRGICA CIRUGÍA GENERAL ";"14";"14";"26";"26";"2";"31";"0"
"2023";"04";"120101";"JUNIN";"HUANCAYO";"HUANCAYO";"PRIVADO";"II-1";"00008516";"CLINICA SANTO DOMINGO";"245300";"HOSPITALIZACIÓN DE MEDICINA NEUMOLOGÍA  ";"1";"1";"3";"3";"1";"31";"0"
"2023";"04";"120101";"JUNIN";"HUANCAYO";"HUANCAYO";"PRIVADO";"II-1";"00008516";"CLINICA SANTO DOMINGO";"241200";"HOSPITALIZACIÓN QUIRÚRGICA TRAUMATOLOGÍA Y ORTOPEDIA ";"6";"6";"9";"9";"1";"31";"0"
"2023";"04";"120101";"JUNIN";"HUANCAYO";"HUANCAYO";"PRIVADO";"II-1";"00008516";"CLINICA SANTO DOMINGO";"241500";"HOSPITALIZACIÓN QUIRÚRGICA GINECOLOGÍA  ";"12";"12";"21";"21";"2";"30";"0"
"2023";"04";"120101";"JUNIN";"HUANCAYO";"HUANCAYO";"PRIVADO";"II-1";"00008516";"CLINICA SANTO DOMINGO";"244200";"HOSPITALIZACIÓN DE MEDICINA ENDOCRINOLOGIA ";"2";"2";"2";"2";"1";"20";"0"
"2023";"04";"120101";"JUNIN";"HUANCAYO";"HUANCAYO";"PRIVADO";"II-1";"00008516";"CLINICA SANTO DOMINGO";"245400";"HOSPITALIZACIÓN DE MEDICINA GINECOLOGIA ";"2";"2";"3";"3";"1";"20";"0"
"2023";"04";"120101";"JUNIN";"HUANCAYO";"HUANCAYO";"PRIVADO";"II-1";"00008516";"CLINICA SANTO DOMINGO";"241300";"HOSPITALIZACIÓN QUIRÚRGICA UROLOGÍA  ";"3";"3";"3";"3";"1";"20";"0"
"2023";"05";"090201";"HUANCAVELICA";"ACOBAMBA";"ACOBAMBA";"GOBIERNO REGIONAL";"I-2";"00003918";"PUESTO DE SALUD CURIMARAY";"NE_0001";"";"NE_0001";"NE_0001";"NE_0001";"NE_0001";"NE_0001";"NE_0001";"NE_0001"
"2023";"05";"090207";"HUANCAVELICA";"ACOBAMBA";"POMACOCHA";"GOBIERNO REGIONAL";"I-1";"00003925";"PUESTO DE SALUD YANACCOCHA";"NE_0001";"";"NE_0001";"NE_0001";"NE_0001";"NE_0001";"NE_0001";"NE_0001";"NE_0001"
"2023";"05";"090201";"HUANCAVELICA";"ACOBAMBA";"ACOBAMBA";"GOBIERNO REGIONAL";"I-1";"00003919";"PUESTO DE SALUD POMAVILCA";"NE_0001";"";"NE_0001";"NE_0001";"NE_0001";"NE_0001";"NE_0001";"NE_0001";"NE_0001"
"2023";"05";"050601";"AYACUCHO";"LUCANAS";"PUQUIO";"ESSALUD";"I-3";"00011438";"CENTRO DE ATENCION PRIMARIA II PUQUIO";"NE_0001";"";"NE_0001";"NE_0001";"NE_0001";"NE_0001";"NE_0001";"NE_0001";"NE_0001"
"2023";"05";"040101";"AREQUIPA";"AREQUIPA";"AREQUIPA";"GOBIERNO REGIONAL";"III-1";"00001231";"HOSPITAL REGIONAL HONORIO DELGADO ESPINOZA";"250108";"UNIDAD DE CUIDADOS CRITICOS UNIDAD  DE CUIDADOS INTENSIVOS  (UCI) PEDIÁTRICA";"8";"4";"367";"164";"6";"186";"0"
"2023";"05";"040101";"AREQUIPA";"AREQUIPA";"AREQUIPA";"GOBIERNO REGIONAL";"III-1";"00001231";"HOSPITAL REGIONAL HONORIO DELGADO ESPINOZA";"241800";"HOSPITALIZACIÓN DE MEDICINA MEDICINA GENERAL ";"293";"300";"4345";"3914";"136";"4216";"55"
"2023";"05";"040101";"AREQUIPA";"AREQUIPA";"AREQUIPA";"GOBIERNO REGIONAL";"III-1";"00001231";"HOSPITAL REGIONAL HONORIO DELGADO ESPINOZA";"242300";"HOSPITALIZACIÓN DE PEDIATRÍA  PEDIATRÍA  GENERAL ";"192";"184";"1395";"1489";"57";"1763";"0"
"2023";"05";"040101";"AREQUIPA";"AREQUIPA";"AREQUIPA";"GOBIERNO REGIONAL";"III-1";"00001231";"HOSPITAL REGIONAL HONORIO DELGADO ESPINOZA";"243200";"HOSPITALIZACIÓN DE PEDIATRÍA PEDIATRIA NEONATOLOGÍA";"113";"116";"707";"705";"30";"930";"4"
"2023";"05";"040101";"AREQUIPA";"AREQUIPA";"AREQUIPA";"GOBIERNO REGIONAL";"III-1";"00001231";"HOSPITAL REGIONAL HONORIO DELGADO ESPINOZA";"250105";"UNIDAD DE CUIDADOS CRITICOS UNIDAD  DE CUIDADOS INTENSIVOS  (UCI) NEONATOLOGÍA";"12";"4";"18";"210";"7";"217";"8"
"2023";"05";"040101";"AREQUIPA";"AREQUIPA";"AREQUIPA";"GOBIERNO REGIONAL";"III-1";"00001231";"HOSPITAL REGIONAL HONORIO DELGADO ESPINOZA";"241600";"HOSPITALIZACIÓN QUIRÚRGICA OBSTETRICIA   ";"524";"522";"1599";"1541";"86";"2666";"0"
"2023";"05";"040101";"AREQUIPA";"AREQUIPA";"AREQUIPA";"GOBIERNO REGIONAL";"III-1";"00001231";"HOSPITAL REGIONAL HONORIO DELGADO ESPINOZA";"241500";"HOSPITALIZACIÓN QUIRÚRGICA GINECOLOGÍA  ";"70";"55";"338";"413";"27";"837";"0"
"2023";"05";"040101";"AREQUIPA";"AREQUIPA";"AREQUIPA";"GOBIERNO REGIONAL";"III-1";"00001231";"HOSPITAL REGIONAL HONORIO DELGADO ESPINOZA";"245300";"HOSPITALIZACIÓN DE MEDICINA NEUMOLOGÍA  ";"59";"58";"818";"880";"44";"1372";"5"
"2023";"05";"040101";"AREQUIPA";"AREQUIPA";"AREQUIPA";"GOBIERNO REGIONAL";"III-1";"00001231";"HOSPITAL REGIONAL HONORIO DELGADO ESPINOZA";"244000";"HOSPITALIZACIÓN DE MEDICINA CARDIOLOGIA ";"14";"14";"104";"98";"4";"124";"0"
"2023";"05";"040101";"AREQUIPA";"AREQUIPA";"AREQUIPA";"GOBIERNO REGIONAL";"III-1";"00001231";"HOSPITAL REGIONAL HONORIO DELGADO ESPINOZA";"242200";"HOSPITALIZACIÓN DE MEDICINA PSIQUIATRÍA ";"34";"33";"665";"785";"32";"995";"0"
"2023";"05";"040101";"AREQUIPA";"AREQUIPA";"AREQUIPA";"GOBIERNO REGIONAL";"III-1";"00001231";"HOSPITAL REGIONAL HONORIO DELGADO ESPINOZA";"240100";"HOSPITALIZACIÓN QUIRÚRGICA CIRUGÍA GENERAL ";"384";"378";"3811";"3654";"150";"4650";"3"
"2023";"05";"040101";"AREQUIPA";"AREQUIPA";"AREQUIPA";"GOBIERNO REGIONAL";"III-1";"00001231";"HOSPITAL REGIONAL HONORIO DELGADO ESPINOZA";"240900";"HOSPITALIZACIÓN QUIRÚRGICA NEUROCIRUGÍA ";"38";"40";"743";"536";"24";"744";"0"
"2023";"05";"040101";"AREQUIPA";"AREQUIPA";"AREQUIPA";"GOBIERNO REGIONAL";"III-1";"00001231";"HOSPITAL REGIONAL HONORIO DELGADO ESPINOZA";"240800";"HOSPITALIZACIÓN QUIRÚRGICA CIRUGÍA PLÁSTICA/RECONSTRUCTIVA/ REPARADORA ";"8";"10";"185";"150";"10";"310";"0"
"2023";"05";"040101";"AREQUIPA";"AREQUIPA";"AREQUIPA";"GOBIERNO REGIONAL";"III-1";"00001231";"HOSPITAL REGIONAL HONORIO DELGADO ESPINOZA";"250100";"UNIDAD DE CUIDADOS CRITICOS UNIDAD  DE CUIDADOS INTENSIVOS GENERALES (UCI) ";"25";"13";"192";"624";"22";"682";"18"
"2023";"05";"220206";"SAN MARTIN";"BELLAVISTA";"SAN RAFAEL";"GOBIERNO REGIONAL";"I-1";"00006518";"CRISTINO GARCIA CARHUAPOMA";"NE_0002";"";"NE_0002";"NE_0002";"NE_0002";"NE_0002";"NE_0002";"NE_0002";"NE_0002"
"2023";"05";"220206";"SAN MARTIN";"BELLAVISTA";"SAN RAFAEL";"GOBIERNO REGIONAL";"I-1";"00006504";"PALESTINA";"NE_0002";"";"NE_0002";"NE_0002";"NE_0002";"NE_0002";"NE_0002";"NE_0002";"NE_0002"
"2023";"03";"150135";"LIMA";"LIMA";"SAN MARTIN DE PORRES";"PRIVADO";"II-1";"00011241";"CLINICA SAN VICENTE S.A.";"240000";"HOSPITALIZACIÓN";"5";"10";"40";"50";"22";"682";"0"
"2023";"04";"150113";"LIMA";"LIMA";"JESUS MARIA";"PRIVADO";"II-E";"00010669";"CLÍNICA PERUANA DE LA VISION";"NE_0001";"";"NE_0001";"NE_0001";"NE_0001";"NE_0001";"NE_0001";"NE_0001";"NE_0001"
"2023";"04";"090206";"HUANCAVELICA";"ACOBAMBA";"PAUCARA";"GOBIERNO REGIONAL";"I-1";"00009696";"PUESTO DE SALUD LIBERTADORES DE CHOPCCA";"NE_0001";"";"NE_0001";"NE_0001";"NE_0001";"NE_0001";"NE_0001";"NE_0001";"NE_0001"
"2023";"04";"090206";"HUANCAVELICA";"ACOBAMBA";"PAUCARA";"GOBIERNO REGIONAL";"I-3";"00003931";"TINQUERCCASA";"NE_0001";"";"NE_0001";"NE_0001";"NE_0001";"NE_0001";"NE_0001";"NE_0001";"NE_0001"
"2023";"04";"090206";"HUANCAVELICA";"ACOBAMBA";"PAUCARA";"GOBIERNO REGIONAL";"I-1";"00003932";"PUESTO DE SALUD HUACHHUA";"NE_0001";"";"NE_0001";"NE_0001";"NE_0001";"NE_0001";"NE_0001";"NE_0001";"NE_0001"
"2023";"04";"090206";"HUANCAVELICA";"ACOBAMBA";"PAUCARA";"GOBIERNO REGIONAL";"I-2";"00006823";"PUESTO DE SALUD CHOPCCAPAMPA";"NE_0001";"";"NE_0001";"NE_0001";"NE_0001";"NE_0001";"NE_0001";"NE_0001";"NE_0001"
"2023";"04";"150113";"LIMA";"LIMA";"JESUS MARIA";"PRIVADO";"II-E";"00014181";"CLINICA SERVISALUD";"240000";"HOSPITALIZACIÓN";"89";"89";"143";"143";"9";"270";"0"
"2023";"04";"050110";"AYACUCHO";"HUAMANGA";"SAN JUAN BAUTISTA";"GOBIERNO REGIONAL";"I-4";"00003598";"CENTRO DE SALUD DE SAN JUAN BAUTISTA";"NE_0001";"";"NE_0001";"NE_0001";"NE_0001";"NE_0001";"NE_0001";"NE_0001";"NE_0001"
"2023";"04";"050110";"AYACUCHO";"HUAMANGA";"SAN JUAN BAUTISTA";"GOBIERNO REGIONAL";"I-3";"00003600";"CENTRO DE SALUD MIRAFLORES";"NE_0001";"";"NE_0001";"NE_0001";"NE_0001";"NE_0001";"NE_0001";"NE_0001";"NE_0001"
"2023";"04";"050110";"AYACUCHO";"HUAMANGA";"SAN JUAN BAUTISTA";"GOBIERNO REGIONAL";"I-3";"00006882";"LOS OLIVOS";"NE_0001";"";"NE_0001";"NE_0001";"NE_0001";"NE_0001";"NE_0001";"NE_0001";"NE_0001"
"2023";"04";"050110";"AYACUCHO";"HUAMANGA";"SAN JUAN BAUTISTA";"GOBIERNO REGIONAL";"I-2";"00003599";"PUESTO DE SALUD ÑAHUINPUQUIO";"NE_0001";"";"NE_0001";"NE_0001";"NE_0001";"NE_0001";"NE_0001";"NE_0001";"NE_0001"
"2023";"04";"150120";"LIMA";"LIMA";"MAGDALENA DEL MAR";"MINSA";"III-1";"00006214";"HOSPITAL VICTOR LARCO HERRERA";"NE_0002";"";"NE_0002";"NE_0002";"NE_0002";"NE_0002";"NE_0002";"NE_0002";"NE_0002"
"2023";"07";"070101";"CALLAO";"CALLAO";"CALLAO";"GOBIERNO REGIONAL";"I-2";"00006224";"PUESTO DE SALUD JOSE BOTERIN";"NE_0001";"";"NE_0001";"NE_0001";"NE_0001";"NE_0001";"NE_0001";"NE_0001";"NE_0001"
"2023";"07";"070101";"CALLAO";"CALLAO";"CALLAO";"GOBIERNO REGIONAL";"I-2";"00006222";"PUESTO DE SALUD CALLAO";"NE_0001";"";"NE_0001";"NE_0001";"NE_0001";"NE_0001";"NE_0001";"NE_0001";"NE_0001"
"2023";"07";"070101";"CALLAO";"CALLAO";"CALLAO";"GOBIERNO REGIONAL";"I-2";"00006223";"PUESTO DE SALUD SANTA FE";"NE_0001";"";"NE_0001";"NE_0001";"NE_0001";"NE_0001";"NE_0001";"NE_0001";"NE_0001"
"2023";"07";"220105";"SAN MARTIN";"MOYOBAMBA";"SORITOR";"GOBIERNO REGIONAL";"I-1";"00006333";"ALTO PERU";"NE_0001";"";"NE_0001";"NE_0001";"NE_0001";"NE_0001";"NE_0001";"NE_0001";"NE_0001"
"2023";"07";"220105";"SAN MARTIN";"MOYOBAMBA";"SORITOR";"GOBIERNO REGIONAL";"I-1";"00006335";"JERICOB";"NE_0001";"";"NE_0001";"NE_0001";"NE_0001";"NE_0001";"NE_0001";"NE_0001";"NE_0001"
"2023";"07";"220105";"SAN MARTIN";"MOYOBAMBA";"SORITOR";"GOBIERNO REGIONAL";"I-1";"00006334";"ALTO SAN MARTIN";"NE_0001";"";"NE_0001";"NE_0001";"NE_0001";"NE_0001";"NE_0001";"NE_0001";"NE_0001"
"2023";"07";"220105";"SAN MARTIN";"MOYOBAMBA";"SORITOR";"GOBIERNO REGIONAL";"I-2";"00006336";"SAN MARCOS";"NE_0001";"";"NE_0001";"NE_0001";"NE_0001";"NE_0001";"NE_0001";"NE_0001";"NE_0001"
"2023";"07";"220105";"SAN MARTIN";"MOYOBAMBA";"SORITOR";"GOBIERNO REGIONAL";"I-4";"00006332";"SORITOR";"241600";"HOSPITALIZACIÓN QUIRÚRGICA OBSTETRICIA   ";"15";"16";"30";"15";"6";"180";"0"
"2023";"07";"220105";"SAN MARTIN";"MOYOBAMBA";"SORITOR";"GOBIERNO REGIONAL";"I-4";"00006332";"SORITOR";"241800";"HOSPITALIZACIÓN DE MEDICINA MEDICINA GENERAL ";"18";"22";"53";"18";"6";"180";"0"
"2023";"07";"220103";"SAN MARTIN";"MOYOBAMBA";"HABANA";"GOBIERNO REGIONAL";"I-3";"00006327";"CENTRO DE SALUD HABANA";"NE_0001";"";"NE_0001";"NE_0001";"NE_0001";"NE_0001";"NE_0001";"NE_0001";"NE_0001"
"2023";"07";"220201";"SAN MARTIN";"BELLAVISTA";"BELLAVISTA";"ESSALUD";"I-2";"00016482";"POSTA MEDICA BELLAVISTA - ESSALUD";"NE_0001";"";"NE_0001";"NE_0001";"NE_0001";"NE_0001";"NE_0001";"NE_0001";"NE_0001"
"2023";"07";"170101";"MADRE DE DIOS";"TAMBOPATA";"TAMBOPATA";"SANIDAD DEL EJERCITO DEL PERU";"I-2";"00009323";"POSTA MEDICA DE LA 6ta BRIGADA DE FUERZAS ESPECIALES";"NE_0001";"";"NE_0001";"NE_0001";"NE_0001";"NE_0001";"NE_0001";"NE_0001";"NE_0001"
"2023";"07";"150108";"LIMA";"LIMA";"CHORRILLOS";"SANIDAD DEL EJERCITO DEL PERU";"II-E";"00010098";"HOSPITAL MILITAR GERIATRICO";"240000";"HOSPITALIZACIÓN";"46";"45";"325";"281";"15";"465";"0"
"2023";"07";"120601";"JUNIN";"SATIPO";"SATIPO";"GOBIERNO REGIONAL";"I-3";"00027078";"CENTRO DE SALUD MENTAL COMUNITARIO SATIPO";"NE_0001";"";"NE_0001";"NE_0001";"NE_0001";"NE_0001";"NE_0001";"NE_0001";"NE_0001"
"2023";"07";"150133";"LIMA";"LIMA";"SAN JUAN DE MIRAFLORES";"MINSA";"III-1";"00005987";"HOSPITAL MARIA AUXILIADORA";"240100";"HOSPITALIZACIÓN QUIRÚRGICA CIRUGÍA GENERAL ";"149";"149";"759";"678";"32";"983";"1"
"2023";"07";"150133";"LIMA";"LIMA";"SAN JUAN DE MIRAFLORES";"MINSA";"III-1";"00005987";"HOSPITAL MARIA AUXILIADORA";"250108";"UNIDAD DE CUIDADOS CRITICOS UNIDAD  DE CUIDADOS INTENSIVOS  (UCI) PEDIÁTRICA";"5";"1";"9";"101";"4";"131";"0"
"2023";"07";"150133";"LIMA";"LIMA";"SAN JUAN DE MIRAFLORES";"MINSA";"III-1";"00005987";"HOSPITAL MARIA AUXILIADORA";"250200";"UNIDAD DE CUIDADOS CRITICOS UNIDAD DE CUIDADOS INTERMEDIOS GENERAL  (UCIN) ";"10";"0";"0";"153";"7";"217";"0"
"2023";"07";"150133";"LIMA";"LIMA";"SAN JUAN DE MIRAFLORES";"MINSA";"III-1";"00005987";"HOSPITAL MARIA AUXILIADORA";"241400";"HOSPITALIZACIÓN QUIRÚRGICA GINECO - OBSTETRICIA ";"273";"283";"3284";"2917";"114";"3519";"21"
"2023";"07";"150133";"LIMA";"LIMA";"SAN JUAN DE MIRAFLORES";"MINSA";"III-1";"00005987";"HOSPITAL MARIA AUXILIADORA";"241900";"HOSPITALIZACIÓN DE MEDICINA MEDICINA INTERNA ";"46";"46";"387";"308";"14";"434";"2"
"2023";"07";"150133";"LIMA";"LIMA";"SAN JUAN DE MIRAFLORES";"MINSA";"III-1";"00005987";"HOSPITAL MARIA AUXILIADORA";"243200";"HOSPITALIZACIÓN DE PEDIATRÍA PEDIATRIA NEONATOLOGÍA";"336";"337";"2013";"2121";"86";"2659";"1"
"2023";"07";"150133";"LIMA";"LIMA";"SAN JUAN DE MIRAFLORES";"MINSA";"III-1";"00005987";"HOSPITAL MARIA AUXILIADORA";"242100";"HOSPITALIZACIÓN DE MEDICINA ONCOLOGÍA MÉDICA ";"508";"517";"1517";"1245";"68";"2108";"0"
"2023";"07";"150133";"LIMA";"LIMA";"SAN JUAN DE MIRAFLORES";"MINSA";"III-1";"00005987";"HOSPITAL MARIA AUXILIADORA";"242300";"HOSPITALIZACIÓN DE PEDIATRÍA  PEDIATRÍA  GENERAL ";"103";"110";"1162";"847";"49";"1519";"0"
"2023";"07";"150133";"LIMA";"LIMA";"SAN JUAN DE MIRAFLORES";"MINSA";"III-1";"00005987";"HOSPITAL MARIA AUXILIADORA";"250100";"UNIDAD DE CUIDADOS CRITICOS UNIDAD  DE CUIDADOS INTENSIVOS GENERALES (UCI) ";"15";"10";"139";"340";"12";"372";"10"
"2023";"07";"150133";"LIMA";"LIMA";"SAN JUAN DE MIRAFLORES";"MINSA";"III-1";"00005987";"HOSPITAL MARIA AUXILIADORA";"250105";"UNIDAD DE CUIDADOS CRITICOS UNIDAD  DE CUIDADOS INTENSIVOS  (UCI) NEONATOLOGÍA";"13";"6";"178";"241";"9";"279";"6"
"2023";"07";"220504";"SAN MARTIN";"LAMAS";"CAYNARACHI";"GOBIERNO REGIONAL";"I-4";"00006415";"PONGO DEL CAYNARACHI";"241600";"HOSPITALIZACIÓN QUIRÚRGICA OBSTETRICIA   ";"7";"7";"7";"8";"4";"124";"0"
"2023";"07";"220504";"SAN MARTIN";"LAMAS";"CAYNARACHI";"GOBIERNO REGIONAL";"I-1";"00006417";"SAN MIGUEL DE ACHINAMIZA";"NE_0001";"";"NE_0001";"NE_0001";"NE_0001";"NE_0001";"NE_0001";"NE_0001";"NE_0001"
"2023";"07";"220504";"SAN MARTIN";"LAMAS";"CAYNARACHI";"GOBIERNO REGIONAL";"I-2";"00006418";"ALIANZA";"NE_0001";"";"NE_0001";"NE_0001";"NE_0001";"NE_0001";"NE_0001";"NE_0001";"NE_0001"
"2023";"07";"150113";"LIMA";"LIMA";"JESUS MARIA";"PRIVADO";"II-E";"00026793";"CLINICA BELLAFORMA";"NE_0001";"";"NE_0001";"NE_0001";"NE_0001";"NE_0001";"NE_0001";"NE_0001";"NE_0001"
"2023";"07";"220504";"SAN MARTIN";"LAMAS";"CAYNARACHI";"GOBIERNO REGIONAL";"I-1";"00006419";"BONILLA";"NE_0001";"";"NE_0001";"NE_0001";"NE_0001";"NE_0001";"NE_0001";"NE_0001";"NE_0001"
"2023";"07";"220504";"SAN MARTIN";"LAMAS";"CAYNARACHI";"GOBIERNO REGIONAL";"I-1";"00006421";"YUMBATOS";"NE_0001";"";"NE_0001";"NE_0001";"NE_0001";"NE_0001";"NE_0001";"NE_0001";"NE_0001"
"2023";"07";"220405";"SAN MARTIN";"HUALLAGA";"SACANCHE";"GOBIERNO REGIONAL";"I-3";"00006543";"SACANCHE";"NE_0002";"";"NE_0002";"NE_0002";"NE_0002";"NE_0002";"NE_0002";"NE_0002";"NE_0002"
"2023";"07";"220404";"SAN MARTIN";"HUALLAGA";"PISCOYACU";"GOBIERNO REGIONAL";"I-2";"00006545";"NUEVO SACANCHE";"NE_0001";"";"NE_0001";"NE_0001";"NE_0001";"NE_0001";"NE_0001";"NE_0001";"NE_0001"
"2023";"07";"220405";"SAN MARTIN";"HUALLAGA";"SACANCHE";"GOBIERNO REGIONAL";"I-1";"00027002";"LA UNION";"NE_0001";"";"NE_0001";"NE_0001";"NE_0001";"NE_0001";"NE_0001";"NE_0001";"NE_0001"
"2023";"07";"220403";"SAN MARTIN";"HUALLAGA";"EL ESLABON";"GOBIERNO REGIONAL";"I-3";"00006542";"EL ESLABON";"241600";"HOSPITALIZACIÓN QUIRÚRGICA OBSTETRICIA   ";"2";"2";"2";"2";"2";"3";"4"
"2023";"07";"220403";"SAN MARTIN";"HUALLAGA";"EL ESLABON";"GOBIERNO REGIONAL";"I-1";"00006544";"COLLPA";"NE_0001";"";"NE_0001";"NE_0001";"NE_0001";"NE_0001";"NE_0001";"NE_0001";"NE_0001"
"2023";"07";"061204";"CAJAMARCA";"SAN PABLO";"TUMBADEN";"GOBIERNO REGIONAL";"I-1";"00004610";"EL REGALADO";"NE_0001";"";"NE_0001";"NE_0001";"NE_0001";"NE_0001";"NE_0001";"NE_0001";"NE_0001"
"2023";"07";"061202";"CAJAMARCA";"SAN PABLO";"SAN BERNARDINO";"GOBIERNO REGIONAL";"I-1";"00004539";"TUÑAD";"NE_0001";"";"NE_0001";"NE_0001";"NE_0001";"NE_0001";"NE_0001";"NE_0001";"NE_0001"
"2023";"07";"061203";"CAJAMARCA";"SAN PABLO";"SAN LUIS";"GOBIERNO REGIONAL";"I-1";"00004584";"PAMPA DE SAN LUIS";"NE_0001";"";"NE_0001";"NE_0001";"NE_0001";"NE_0001";"NE_0001";"NE_0001";"NE_0001"
"2023";"07";"061203";"CAJAMARCA";"SAN PABLO";"SAN LUIS";"GOBIERNO REGIONAL";"I-1";"00004585";"SAN LUIS BAJO - GRANDE";"NE_0001";"";"NE_0001";"NE_0001";"NE_0001";"NE_0001";"NE_0001";"NE_0001";"NE_0001"
"2023";"07";"061204";"CAJAMARCA";"SAN PABLO";"TUMBADEN";"GOBIERNO REGIONAL";"I-1";"00004582";"TUMBADEN ALTO";"NE_0001";"";"NE_0001";"NE_0001";"NE_0001";"NE_0001";"NE_0001";"NE_0001";"NE_0001"
"2023";"07";"061202";"CAJAMARCA";"SAN PABLO";"SAN BERNARDINO";"GOBIERNO REGIONAL";"I-2";"00004580";"SAN BERNARDINO";"NE_0001";"";"NE_0001";"NE_0001";"NE_0001";"NE_0001";"NE_0001";"NE_0001";"NE_0001"
"2023";"07";"061201";"CAJAMARCA";"SAN PABLO";"SAN PABLO";"GOBIERNO REGIONAL";"I-1";"00004586";"JANCOS";"NE_0001";"";"NE_0001";"NE_0001";"NE_0001";"NE_0001";"NE_0001";"NE_0001";"NE_0001"
"2023";"07";"061201";"CAJAMARCA";"SAN PABLO";"SAN PABLO";"GOBIERNO REGIONAL";"I-1";"00004611";"EL PATIÑO";"NE_0001";"";"NE_0001";"NE_0001";"NE_0001";"NE_0001";"NE_0001";"NE_0001";"NE_0001"
"2023";"07";"061204";"CAJAMARCA";"SAN PABLO";"TUMBADEN";"GOBIERNO REGIONAL";"I-2";"00004583";"TUMBADEN BAJO";"NE_0001";"";"NE_0001";"NE_0001";"NE_0001";"NE_0001";"NE_0001";"NE_0001";"NE_0001"
"2023";"07";"061201";"CAJAMARCA";"SAN PABLO";"SAN PABLO";"GOBIERNO REGIONAL";"I-2";"00004578";"CALLANCAS";"NE_0001";"";"NE_0001";"NE_0001";"NE_0001";"NE_0001";"NE_0001";"NE_0001";"NE_0001"
"2023";"07";"061201";"CAJAMARCA";"SAN PABLO";"SAN PABLO";"GOBIERNO REGIONAL";"I-4";"00004577";"SAN PABLO";"241800";"HOSPITALIZACIÓN DE MEDICINA MEDICINA GENERAL ";"6";"6";"16";"19";"3";"93";"0"
"2023";"07";"061201";"CAJAMARCA";"SAN PABLO";"SAN PABLO";"GOBIERNO REGIONAL";"I-4";"00004577";"SAN PABLO";"241600";"HOSPITALIZACIÓN QUIRÚRGICA OBSTETRICIA   ";"8";"8";"12";"14";"6";"186";"0"
"2023";"07";"061201";"CAJAMARCA";"SAN PABLO";"SAN PABLO";"GOBIERNO REGIONAL";"I-2";"00004581";"SANTA ROSA DE UNANCA";"NE_0001";"";"NE_0001";"NE_0001";"NE_0001";"NE_0001";"NE_0001";"NE_0001";"NE_0001"
"2023";"07";"061202";"CAJAMARCA";"SAN PABLO";"SAN BERNARDINO";"GOBIERNO REGIONAL";"I-1";"00004579";"POLAN";"NE_0001";"";"NE_0001";"NE_0001";"NE_0001";"NE_0001";"NE_0001";"NE_0001";"NE_0001"
"2023";"08";"240101";"TUMBES";"TUMBES";"TUMBES";"SANIDAD DE LA POLICIA NACIONAL DEL PERU";"I-3";"00012088";"POLICLINICO POLICIAL ""LA CRUZ"" TUMBES";"NE_0001";"";"NE_0001";"NE_0001";"NE_0001";"NE_0001";"NE_0001";"NE_0001";"NE_0001"
"2023";"08";"020101";"ANCASH";"HUARAZ";"HUARAZ";"SANIDAD DE LA POLICIA NACIONAL DEL PERU";"I-3";"00010205";"POLICLINICO PNP HUARAZ";"NE_0001";"";"NE_0001";"NE_0001";"NE_0001";"NE_0001";"NE_0001";"NE_0001";"NE_0001"
"2023";"08";"150501";"LIMA";"CAÑETE";"SAN VICENTE DE CAÑETE";"ESSALUD";"II-1";"00010536";"HOSPITAL II CAÑETE";"242500";"HOSPITALIZACIÓN-PEDIATRÍA GENERAL-";"35";"33";"115";"118";"5";"163";"0"
"2023";"08";"150134";"LIMA";"LIMA";"SAN LUIS";"ESSALUD";"I-3";"00008289";"POLICLÍNICO DE COMPLEJIDAD CRECIENTE SAN LUIS";"NE_0001";"";"NE_0001";"NE_0001";"NE_0001";"NE_0001";"NE_0001";"NE_0001";"NE_0001"
"2023";"08";"150136";"LIMA";"LIMA";"SAN MIGUEL";"PRIVADO";"II-2";"00012666";"CLINICA PROVIDENCIA";"240000";"HOSPITALIZACIÓN";"713";"180";"568";"713";"58";"60";"0"
"2023";"08";"150136";"LIMA";"LIMA";"SAN MIGUEL";"PRIVADO";"II-2";"00012666";"CLINICA PROVIDENCIA";"250100";"UNIDAD DE CUIDADOS CRITICOS UNIDAD  DE CUIDADOS INTENSIVOS GENERALES (UCI) ";"6";"6";"20";"6";"10";"12";"0"
"2023";"08";"150136";"LIMA";"LIMA";"SAN MIGUEL";"PRIVADO";"II-2";"00012666";"CLINICA PROVIDENCIA";"250105";"UNIDAD DE CUIDADOS CRITICOS UNIDAD  DE CUIDADOS INTENSIVOS  (UCI) NEONATOLOGÍA";"4";"1";"7";"4";"5";"6";"0"
"2023";"08";"150136";"LIMA";"LIMA";"SAN MIGUEL";"PRIVADO";"II-2";"00012666";"CLINICA PROVIDENCIA";"250108";"UNIDAD DE CUIDADOS CRITICOS UNIDAD  DE CUIDADOS INTENSIVOS  (UCI) PEDIÁTRICA";"5";"5";"25";"3";"8";"10";"0"
"2023";"08";"211301";"PUNO";"YUNGUYO";"YUNGUYO";"ESSALUD";"I-3";"00009219";"YUNGUYO";"NE_0001";"";"NE_0001";"NE_0001";"NE_0001";"NE_0001";"NE_0001";"NE_0001";"NE_0001"
"2023";"08";"220601";"SAN MARTIN";"MARISCAL CACERES";"JUANJUI";"ESSALUD";"I-4";"00016481";"HOSPITAL I JUANJUI - ESSALUD";"241800";"HOSPITALIZACIÓN DE MEDICINA MEDICINA GENERAL ";"64";"62";"236";"174";"7";"217";"0"
"2023";"08";"150131";"LIMA";"LIMA";"SAN ISIDRO";"PRIVADO";"II-E";"00010402";"LASER VISION CENTER & ASOCIADOS S.A.C.";"NE_0001";"";"NE_0001";"NE_0001";"NE_0001";"NE_0001";"NE_0001";"NE_0001";"NE_0001"
"2023";"08";"030201";"APURIMAC";"ANDAHUAYLAS";"ANDAHUAYLAS";"GOBIERNO REGIONAL";"II-2";"00004131";"HOSPITAL SUBREGIONAL DE ANDAHUAYLAS";"240100";"HOSPITALIZACIÓN QUIRÚRGICA CIRUGÍA GENERAL ";"75";"73";"347";"344";"12";"354";"0"
"2023";"08";"030201";"APURIMAC";"ANDAHUAYLAS";"ANDAHUAYLAS";"GOBIERNO REGIONAL";"II-2";"00004131";"HOSPITAL SUBREGIONAL DE ANDAHUAYLAS";"240700";"HOSPITALIZACIÓN QUIRÚRGICA CIRUGÍA PEDIÁTRICA ";"32";"31";"164";"170";"4";"173";"0"
"2023";"08";"030201";"APURIMAC";"ANDAHUAYLAS";"ANDAHUAYLAS";"GOBIERNO REGIONAL";"II-2";"00004131";"HOSPITAL SUBREGIONAL DE ANDAHUAYLAS";"241200";"HOSPITALIZACIÓN QUIRÚRGICA TRAUMATOLOGÍA Y ORTOPEDIA ";"27";"29";"186";"181";"7";"197";"0"
"2023";"08";"030201";"APURIMAC";"ANDAHUAYLAS";"ANDAHUAYLAS";"GOBIERNO REGIONAL";"II-2";"00004131";"HOSPITAL SUBREGIONAL DE ANDAHUAYLAS";"241500";"HOSPITALIZACIÓN QUIRÚRGICA GINECOLOGÍA  ";"53";"52";"89";"80";"5";"117";"0"
"2023";"08";"030201";"APURIMAC";"ANDAHUAYLAS";"ANDAHUAYLAS";"GOBIERNO REGIONAL";"II-2";"00004131";"HOSPITAL SUBREGIONAL DE ANDAHUAYLAS";"241600";"HOSPITALIZACIÓN QUIRÚRGICA OBSTETRICIA   ";"121";"117";"287";"291";"18";"449";"0"
"2023";"08";"030201";"APURIMAC";"ANDAHUAYLAS";"ANDAHUAYLAS";"GOBIERNO REGIONAL";"II-2";"00004131";"HOSPITAL SUBREGIONAL DE ANDAHUAYLAS";"241800";"HOSPITALIZACIÓN DE MEDICINA MEDICINA GENERAL ";"49";"47";"291";"349";"16";"449";"3"
"2023";"08";"030201";"APURIMAC";"ANDAHUAYLAS";"ANDAHUAYLAS";"GOBIERNO REGIONAL";"II-2";"00004131";"HOSPITAL SUBREGIONAL DE ANDAHUAYLAS";"242200";"HOSPITALIZACIÓN DE MEDICINA PSIQUIATRÍA ";"6";"7";"79";"107";"5";"153";"0"
"2023";"08";"030201";"APURIMAC";"ANDAHUAYLAS";"ANDAHUAYLAS";"GOBIERNO REGIONAL";"II-2";"00004131";"HOSPITAL SUBREGIONAL DE ANDAHUAYLAS";"242500";"HOSPITALIZACIÓN-PEDIATRÍA GENERAL-";"32";"25";"111";"109";"6";"173";"0"
"2023";"08";"030201";"APURIMAC";"ANDAHUAYLAS";"ANDAHUAYLAS";"GOBIERNO REGIONAL";"II-2";"00004131";"HOSPITAL SUBREGIONAL DE ANDAHUAYLAS";"243200";"HOSPITALIZACIÓN DE PEDIATRÍA PEDIATRIA NEONATOLOGÍA";"32";"34";"243";"158";"10";"281";"0"
"2023";"05";"060201";"CAJAMARCA";"CAJABAMBA";"CAJABAMBA";"GOBIERNO REGIONAL";"II-1";"00004511";"DE APOYO CAJABAMBA";"240100";"HOSPITALIZACIÓN QUIRÚRGICA CIRUGÍA GENERAL ";"18";"20";"81";"95";"5";"155";"0"
"2023";"05";"060201";"CAJAMARCA";"CAJABAMBA";"CAJABAMBA";"GOBIERNO REGIONAL";"II-1";"00004511";"DE APOYO CAJABAMBA";"241400";"HOSPITALIZACIÓN QUIRÚRGICA GINECO - OBSTETRICIA ";"120";"128";"266";"244";"14";"434";"0"
"2023";"05";"060201";"CAJAMARCA";"CAJABAMBA";"CAJABAMBA";"GOBIERNO REGIONAL";"II-1";"00004511";"DE APOYO CAJABAMBA";"241800";"HOSPITALIZACIÓN DE MEDICINA MEDICINA GENERAL ";"26";"27";"140";"121";"6";"186";"2"
"2023";"05";"060201";"CAJAMARCA";"CAJABAMBA";"CAJABAMBA";"GOBIERNO REGIONAL";"II-1";"00004511";"DE APOYO CAJABAMBA";"242500";"HOSPITALIZACIÓN-PEDIATRÍA GENERAL-";"23";"26";"76";"70";"5";"155";"0"
"2023";"05";"150101";"LIMA";"LIMA";"LIMA";"PRIVADO";"II-E";"00022102";"CLINICA SEÑOR DE LOS MILAGROS E.I.R.L.";"NE_0001";"";"NE_0001";"NE_0001";"NE_0001";"NE_0001";"NE_0001";"NE_0001";"NE_0001"
"2023";"05";"010201";"AMAZONAS";"BAGUA";"BAGUA";"GOBIERNO REGIONAL";"II-1";"00005044";"GUSTAVO LANATTA LUJAN";"240100";"HOSPITALIZACIÓN QUIRÚRGICA CIRUGÍA GENERAL ";"56";"56";"212";"212";"10";"310";"0"
"2023";"05";"010201";"AMAZONAS";"BAGUA";"BAGUA";"GOBIERNO REGIONAL";"II-1";"00005044";"GUSTAVO LANATTA LUJAN";"241200";"HOSPITALIZACIÓN QUIRÚRGICA TRAUMATOLOGÍA Y ORTOPEDIA ";"1";"1";"2";"2";"2";"62";"0"
"2023";"05";"010201";"AMAZONAS";"BAGUA";"BAGUA";"GOBIERNO REGIONAL";"II-1";"00005044";"GUSTAVO LANATTA LUJAN";"241400";"HOSPITALIZACIÓN QUIRÚRGICA GINECO - OBSTETRICIA ";"157";"157";"373";"373";"19";"589";"0"
"2023";"05";"010201";"AMAZONAS";"BAGUA";"BAGUA";"GOBIERNO REGIONAL";"II-1";"00005044";"GUSTAVO LANATTA LUJAN";"241800";"HOSPITALIZACIÓN DE MEDICINA MEDICINA GENERAL ";"37";"37";"149";"149";"29";"899";"3"
"2023";"05";"010201";"AMAZONAS";"BAGUA";"BAGUA";"GOBIERNO REGIONAL";"II-1";"00005044";"GUSTAVO LANATTA LUJAN";"242500";"HOSPITALIZACIÓN-PEDIATRÍA GENERAL-";"43";"43";"126";"126";"10";"310";"0"
"2023";"05";"010201";"AMAZONAS";"BAGUA";"BAGUA";"GOBIERNO REGIONAL";"II-1";"00005044";"GUSTAVO LANATTA LUJAN";"243200";"HOSPITALIZACIÓN DE PEDIATRÍA PEDIATRIA NEONATOLOGÍA";"18";"18";"97";"97";"9";"279";"1"
"2023";"05";"010201";"AMAZONAS";"BAGUA";"BAGUA";"GOBIERNO REGIONAL";"II-1";"00005044";"GUSTAVO LANATTA LUJAN";"250103";"UNIDAD DE CUIDADOS CRITICOS UNIDAD  DE CUIDADOS INTENSIVOS GENERALES  (UCI) MEDICINA";"10";"10";"77";"77";"7";"217";"1"
"2023";"05";"010201";"AMAZONAS";"BAGUA";"BAGUA";"GOBIERNO REGIONAL";"II-1";"00005044";"GUSTAVO LANATTA LUJAN";"250304";"HOSPIT. EN UNIDAD DE CUID.INTEN.-UNIDAD DE VIGILANCIA INTENSIVA (UVI)-MEDICINA";"21";"21";"62";"62";"6";"186";"0"
"2023";"08";"120709";"JUNIN";"TARMA";"TAPO";"GOBIERNO REGIONAL";"I-1";"00000578";"YURACMAYO";"NE_0001";"";"NE_0001";"NE_0001";"NE_0001";"NE_0001";"NE_0001";"NE_0001";"NE_0001"
"2023";"08";"120709";"JUNIN";"TARMA";"TAPO";"GOBIERNO REGIONAL";"I-1";"00000579";"MACO";"NE_0001";"";"NE_0001";"NE_0001";"NE_0001";"NE_0001";"NE_0001";"NE_0001";"NE_0001"
"2023";"08";"140112";"LAMBAYEQUE";"CHICLAYO";"PIMENTEL";"ESSALUD";"II-1";"00011020";"HOSPITAL II LUIS HEYSEN INCHAUSTEGUI";"250304";"HOSPIT. EN UNIDAD DE CUID.INTEN.-UNIDAD DE VIGILANCIA INTENSIVA (UVI)-MEDICINA";"6";"4";"220";"157";"6";"186";"1"
"2023";"08";"140112";"LAMBAYEQUE";"CHICLAYO";"PIMENTEL";"ESSALUD";"II-1";"00011020";"HOSPITAL II LUIS HEYSEN INCHAUSTEGUI";"241900";"HOSPITALIZACIÓN DE MEDICINA MEDICINA INTERNA ";"83";"83";"934";"850";"30";"930";"11"
"2023";"08";"140112";"LAMBAYEQUE";"CHICLAYO";"PIMENTEL";"ESSALUD";"II-1";"00011020";"HOSPITAL II LUIS HEYSEN INCHAUSTEGUI";"240100";"HOSPITALIZACIÓN QUIRÚRGICA CIRUGÍA GENERAL ";"410";"401";"1330";"1220";"45";"1405";"0"
"2023";"08";"140112";"LAMBAYEQUE";"CHICLAYO";"PIMENTEL";"ESSALUD";"II-1";"00011020";"HOSPITAL II LUIS HEYSEN INCHAUSTEGUI";"241400";"HOSPITALIZACIÓN QUIRÚRGICA GINECO - OBSTETRICIA ";"371";"382";"918";"871";"38";"1178";"0"
"2023";"08";"140112";"LAMBAYEQUE";"CHICLAYO";"PIMENTEL";"ESSALUD";"II-1";"00011020";"HOSPITAL II LUIS HEYSEN INCHAUSTEGUI";"242500";"HOSPITALIZACIÓN-PEDIATRÍA GENERAL-";"36";"80";"383";"386";"18";"562";"0"
"2023";"09";"040119";"AREQUIPA";"AREQUIPA";"SAN JUAN DE TARUCANI";"GOBIERNO REGIONAL";"I-2";"00001319";"PUESTO DE SALUD SAN JUAN DE TARUCANI";"NE_0001";"";"NE_0001";"NE_0001";"NE_0001";"NE_0001";"NE_0001";"NE_0001";"NE_0001"
"2023";"09";"040106";"AREQUIPA";"AREQUIPA";"CHIGUATA";"GOBIERNO REGIONAL";"I-3";"00001299";"CENTRO DE SALUD CHIGUATA";"NE_0001";"";"NE_0001";"NE_0001";"NE_0001";"NE_0001";"NE_0001";"NE_0001";"NE_0001"
"2023";"09";"040119";"AREQUIPA";"AREQUIPA";"SAN JUAN DE TARUCANI";"GOBIERNO REGIONAL";"I-2";"00001321";"PUESTO DE SALUD SALINAS HUITO";"NE_0001";"";"NE_0001";"NE_0001";"NE_0001";"NE_0001";"NE_0001";"NE_0001";"NE_0001"
"2023";"09";"040106";"AREQUIPA";"AREQUIPA";"CHIGUATA";"GOBIERNO REGIONAL";"I-2";"00001320";"PUESTO DE SALUD ARENALES";"NE_0001";"";"NE_0001";"NE_0001";"NE_0001";"NE_0001";"NE_0001";"NE_0001";"NE_0001"
"2023";"09";"120606";"JUNIN";"SATIPO";"PANGOA";"GOBIERNO REGIONAL";"I-1";"00000439";"SAN CRISTOBAL";"NE_0001";"";"NE_0001";"NE_0001";"NE_0001";"NE_0001";"NE_0001";"NE_0001";"NE_0001"
"2023";"09";"120604";"JUNIN";"SATIPO";"MAZAMARI";"GOBIERNO REGIONAL";"I-1";"00016909";"TEORIA";"NE_0001";"";"NE_0001";"NE_0001";"NE_0001";"NE_0001";"NE_0001";"NE_0001";"NE_0001"
"2023";"09";"120604";"JUNIN";"SATIPO";"MAZAMARI";"GOBIERNO REGIONAL";"I-4";"00000434";"MAZAMARI";"241600";"HOSPITALIZACIÓN QUIRÚRGICA OBSTETRICIA   ";"54";"58";"118";"118";"6";"180";"0"
"2023";"09";"120604";"JUNIN";"SATIPO";"MAZAMARI";"GOBIERNO REGIONAL";"I-4";"00000434";"MAZAMARI";"241800";"HOSPITALIZACIÓN DE MEDICINA MEDICINA GENERAL ";"11";"11";"56";"56";"8";"240";"0"
"2023";"09";"120604";"JUNIN";"SATIPO";"MAZAMARI";"GOBIERNO REGIONAL";"I-4";"00000434";"MAZAMARI";"242500";"HOSPITALIZACIÓN-PEDIATRÍA GENERAL-";"8";"9";"19";"19";"6";"180";"0"
"2023";"09";"120604";"JUNIN";"SATIPO";"MAZAMARI";"GOBIERNO REGIONAL";"I-2";"00000437";"PANGA";"NE_0001";"";"NE_0001";"NE_0001";"NE_0001";"NE_0001";"NE_0001";"NE_0001";"NE_0001"
"2023";"09";"120606";"JUNIN";"SATIPO";"PANGOA";"GOBIERNO REGIONAL";"I-3";"00000438";"TZIRIARI";"NE_0001";"";"NE_0001";"NE_0001";"NE_0001";"NE_0001";"NE_0001";"NE_0001";"NE_0001"
"2023";"09";"120604";"JUNIN";"SATIPO";"MAZAMARI";"GOBIERNO REGIONAL";"I-2";"00000435";"CAPIRUSHARI";"NE_0001";"";"NE_0001";"NE_0001";"NE_0001";"NE_0001";"NE_0001";"NE_0001";"NE_0001"
"2023";"09";"120604";"JUNIN";"SATIPO";"MAZAMARI";"GOBIERNO REGIONAL";"I-1";"00016908";"GLORIABAMBA";"NE_0001";"";"NE_0001";"NE_0001";"NE_0001";"NE_0001";"NE_0001";"NE_0001";"NE_0001"
"2023";"09";"120604";"JUNIN";"SATIPO";"MAZAMARI";"GOBIERNO REGIONAL";"I-1";"00016912";"VILLA PROGRESO DE EDEN";"NE_0001";"";"NE_0001";"NE_0001";"NE_0001";"NE_0001";"NE_0001";"NE_0001";"NE_0001"
"2023";"09";"021201";"ANCASH";"HUAYLAS";"CARAZ";"GOBIERNO REGIONAL";"II-1";"00001587";"HOSPITAL DE APOYO CARAZ";"241800";"HOSPITALIZACIÓN DE MEDICINA MEDICINA GENERAL ";"20";"20";"111";"99";"16";"480";"3"
"2023";"09";"021201";"ANCASH";"HUAYLAS";"CARAZ";"GOBIERNO REGIONAL";"II-1";"00001587";"HOSPITAL DE APOYO CARAZ";"240100";"HOSPITALIZACIÓN QUIRÚRGICA CIRUGÍA GENERAL ";"16";"13";"55";"76";"6";"180";"0"
"2023";"09";"021201";"ANCASH";"HUAYLAS";"CARAZ";"GOBIERNO REGIONAL";"II-1";"00001587";"HOSPITAL DE APOYO CARAZ";"242500";"HOSPITALIZACIÓN-PEDIATRÍA GENERAL-";"13";"14";"49";"44";"9";"270";"1"
"2023";"09";"021201";"ANCASH";"HUAYLAS";"CARAZ";"GOBIERNO REGIONAL";"II-1";"00001587";"HOSPITAL DE APOYO CARAZ";"241600";"HOSPITALIZACIÓN QUIRÚRGICA OBSTETRICIA   ";"53";"50";"76";"84";"6";"180";"0"
"2023";"09";"021201";"ANCASH";"HUAYLAS";"CARAZ";"GOBIERNO REGIONAL";"II-1";"00001587";"HOSPITAL DE APOYO CARAZ";"241500";"HOSPITALIZACIÓN QUIRÚRGICA GINECOLOGÍA  ";"58";"60";"115";"111";"6";"180";"1"
"2023";"09";"150122";"LIMA";"LIMA";"MIRAFLORES";"ESSALUD";"I-3";"00009148";"POLICLINICO SANTA CRUZ";"NE_0001";"";"NE_0001";"NE_0001";"NE_0001";"NE_0001";"NE_0001";"NE_0001";"NE_0001"
"2023";"09";"060601";"CAJAMARCA";"CUTERVO";"CUTERVO";"GOBIERNO REGIONAL";"I-1";"00006850";"CONDAY";"NE_0001";"";"NE_0001";"NE_0001";"NE_0001";"NE_0001";"NE_0001";"NE_0001";"NE_0001"
"2023";"09";"060601";"CAJAMARCA";"CUTERVO";"CUTERVO";"GOBIERNO REGIONAL";"I-1";"00007178";"RAYME";"NE_0001";"";"NE_0001";"NE_0001";"NE_0001";"NE_0001";"NE_0001";"NE_0001";"NE_0001"
"2023";"09";"060601";"CAJAMARCA";"CUTERVO";"CUTERVO";"GOBIERNO REGIONAL";"I-1";"00004996";"RAMBRAN";"NE_0001";"";"NE_0001";"NE_0001";"NE_0001";"NE_0001";"NE_0001";"NE_0001";"NE_0001"
"2023";"09";"060601";"CAJAMARCA";"CUTERVO";"CUTERVO";"GOBIERNO REGIONAL";"I-1";"00004997";"TRIGOPAMPA";"NE_0001";"";"NE_0001";"NE_0001";"NE_0001";"NE_0001";"NE_0001";"NE_0001";"NE_0001"
"2023";"09";"100201";"HUANUCO";"AMBO";"AMBO";"ESSALUD";"I-3";"00009957";"CENTRO MEDICO LEONCIO PRADO - AMBO";"NE_0001";"";"NE_0001";"NE_0001";"NE_0001";"NE_0001";"NE_0001";"NE_0001";"NE_0001"
"2023";"09";"060601";"CAJAMARCA";"CUTERVO";"CUTERVO";"GOBIERNO REGIONAL";"I-1";"00006856";"CHACAF";"NE_0001";"";"NE_0001";"NE_0001";"NE_0001";"NE_0001";"NE_0001";"NE_0001";"NE_0001"
"2023";"09";"060601";"CAJAMARCA";"CUTERVO";"CUTERVO";"GOBIERNO REGIONAL";"I-1";"00007431";"CONGA DE ALLANGA";"NE_0001";"";"NE_0001";"NE_0001";"NE_0001";"NE_0001";"NE_0001";"NE_0001";"NE_0001"
"2023";"09";"060601";"CAJAMARCA";"CUTERVO";"CUTERVO";"GOBIERNO REGIONAL";"I-1";"00004998";"EL CARDON";"NE_0001";"";"NE_0001";"NE_0001";"NE_0001";"NE_0001";"NE_0001";"NE_0001";"NE_0001"
"2023";"09";"060601";"CAJAMARCA";"CUTERVO";"CUTERVO";"GOBIERNO REGIONAL";"I-1";"00006855";"AULLAN";"NE_0001";"";"NE_0001";"NE_0001";"NE_0001";"NE_0001";"NE_0001";"NE_0001";"NE_0001"
"2023";"09";"060601";"CAJAMARCA";"CUTERVO";"CUTERVO";"GOBIERNO REGIONAL";"I-1";"00007097";"AÑALCATE";"NE_0001";"";"NE_0001";"NE_0001";"NE_0001";"NE_0001";"NE_0001";"NE_0001";"NE_0001"
"2023";"09";"060601";"CAJAMARCA";"CUTERVO";"CUTERVO";"GOBIERNO REGIONAL";"I-2";"00007745";"URCURUME";"NE_0001";"";"NE_0001";"NE_0001";"NE_0001";"NE_0001";"NE_0001";"NE_0001";"NE_0001"
"2023";"09";"060601";"CAJAMARCA";"CUTERVO";"CUTERVO";"GOBIERNO REGIONAL";"I-1";"00008925";"LA LLICA";"NE_0001";"";"NE_0001";"NE_0001";"NE_0001";"NE_0001";"NE_0001";"NE_0001";"NE_0001"
"2023";"09";"060601";"CAJAMARCA";"CUTERVO";"CUTERVO";"GOBIERNO REGIONAL";"I-3";"00006858";"SALOMON VILCHEZ MURGA";"NE_0001";"";"NE_0001";"NE_0001";"NE_0001";"NE_0001";"NE_0001";"NE_0001";"NE_0001"
"2023";"09";"060601";"CAJAMARCA";"CUTERVO";"CUTERVO";"GOBIERNO REGIONAL";"I-2";"00007696";"MAMABAMBA";"NE_0001";"";"NE_0001";"NE_0001";"NE_0001";"NE_0001";"NE_0001";"NE_0001";"NE_0001"
"2023";"09";"060601";"CAJAMARCA";"CUTERVO";"CUTERVO";"GOBIERNO REGIONAL";"I-2";"00004982";"SALABAMBA";"NE_0001";"";"NE_0001";"NE_0001";"NE_0001";"NE_0001";"NE_0001";"NE_0001";"NE_0001"
"2023";"09";"060601";"CAJAMARCA";"CUTERVO";"CUTERVO";"GOBIERNO REGIONAL";"I-1";"00005000";"MUÑUNO";"NE_0001";"";"NE_0001";"NE_0001";"NE_0001";"NE_0001";"NE_0001";"NE_0001";"NE_0001"
"2023";"09";"060601";"CAJAMARCA";"CUTERVO";"CUTERVO";"GOBIERNO REGIONAL";"I-1";"00006834";"LUZPAMPA";"NE_0001";"";"NE_0001";"NE_0001";"NE_0001";"NE_0001";"NE_0001";"NE_0001";"NE_0001"
"2023";"09";"060601";"CAJAMARCA";"CUTERVO";"CUTERVO";"GOBIERNO REGIONAL";"I-1";"00006865";"ADCUÑAC";"NE_0001";"";"NE_0001";"NE_0001";"NE_0001";"NE_0001";"NE_0001";"NE_0001";"NE_0001"
"2023";"09";"060601";"CAJAMARCA";"CUTERVO";"CUTERVO";"GOBIERNO REGIONAL";"I-2";"00006938";"CACHACARA";"NE_0001";"";"NE_0001";"NE_0001";"NE_0001";"NE_0001";"NE_0001";"NE_0001";"NE_0001"
"2023";"09";"060601";"CAJAMARCA";"CUTERVO";"CUTERVO";"GOBIERNO REGIONAL";"I-2";"00004983";"CRUZ ROJA";"NE_0001";"";"NE_0001";"NE_0001";"NE_0001";"NE_0001";"NE_0001";"NE_0001";"NE_0001"
"2023";"09";"060601";"CAJAMARCA";"CUTERVO";"CUTERVO";"GOBIERNO REGIONAL";"I-2";"00004984";"VALLE CALLACATE";"NE_0001";"";"NE_0001";"NE_0001";"NE_0001";"NE_0001";"NE_0001";"NE_0001";"NE_0001"
"2023";"09";"120709";"JUNIN";"TARMA";"TAPO";"GOBIERNO REGIONAL";"I-1";"00000581";"QUETA";"NE_0001";"";"NE_0001";"NE_0001";"NE_0001";"NE_0001";"NE_0001";"NE_0001";"NE_0001"
"2023";"09";"120709";"JUNIN";"TARMA";"TAPO";"GOBIERNO REGIONAL";"I-1";"00000578";"YURACMAYO";"NE_0001";"";"NE_0001";"NE_0001";"NE_0001";"NE_0001";"NE_0001";"NE_0001";"NE_0001"
"2023";"09";"120709";"JUNIN";"TARMA";"TAPO";"GOBIERNO REGIONAL";"I-1";"00000579";"MACO";"NE_0001";"";"NE_0001";"NE_0001";"NE_0001";"NE_0001";"NE_0001";"NE_0001";"NE_0001"
"2023";"09";"210601";"PUNO";"HUANCANE";"HUANCANE";"GOBIERNO REGIONAL";"II-1";"00003068";"HOSPITAL LUCIO ALDAZABAL PAUCA";"240100";"HOSPITALIZACIÓN QUIRÚRGICA CIRUGÍA GENERAL ";"18";"18";"54";"54";"4";"124";"2"
"2023";"09";"210601";"PUNO";"HUANCANE";"HUANCANE";"GOBIERNO REGIONAL";"II-1";"00003068";"HOSPITAL LUCIO ALDAZABAL PAUCA";"241500";"HOSPITALIZACIÓN QUIRÚRGICA GINECOLOGÍA  ";"42";"42";"107";"107";"4";"124";"0"
"2023";"09";"210601";"PUNO";"HUANCANE";"HUANCANE";"GOBIERNO REGIONAL";"II-1";"00003068";"HOSPITAL LUCIO ALDAZABAL PAUCA";"241600";"HOSPITALIZACIÓN QUIRÚRGICA OBSTETRICIA   ";"15";"15";"34";"34";"5";"155";"0"
"2023";"09";"210601";"PUNO";"HUANCANE";"HUANCANE";"GOBIERNO REGIONAL";"II-1";"00003068";"HOSPITAL LUCIO ALDAZABAL PAUCA";"241800";"HOSPITALIZACIÓN DE MEDICINA MEDICINA GENERAL ";"25";"25";"11";"22";"10";"310";"1"
"2023";"09";"210601";"PUNO";"HUANCANE";"HUANCANE";"GOBIERNO REGIONAL";"II-1";"00003068";"HOSPITAL LUCIO ALDAZABAL PAUCA";"242500";"HOSPITALIZACIÓN-PEDIATRÍA GENERAL-";"9";"9";"23";"23";"5";"155";"0"
"2023";"09";"210601";"PUNO";"HUANCANE";"HUANCANE";"GOBIERNO REGIONAL";"II-1";"00003068";"HOSPITAL LUCIO ALDAZABAL PAUCA";"243200";"HOSPITALIZACIÓN DE PEDIATRÍA PEDIATRIA NEONATOLOGÍA";"4";"4";"14";"14";"3";"93";"0"
"2023";"09";"150141";"LIMA";"LIMA";"SURQUILLO";"MINSA";"III-2";"00006210";"INSTITUTO NACIONAL DE ENFERMEDADES NEOPLASICAS";"242100";"HOSPITALIZACIÓN DE MEDICINA ONCOLOGÍA MÉDICA ";"159";"217";"3706";"3706";"124";"4320";"6"
"2023";"09";"150141";"LIMA";"LIMA";"SURQUILLO";"MINSA";"III-2";"00006210";"INSTITUTO NACIONAL DE ENFERMEDADES NEOPLASICAS";"241700";"HOSPITALIZACIÓN QUIRÚRGICA GINECOLOGÍA   GINECOLOGIA ONCOLOGiCA";"42";"51";"468";"468";"17";"510";"0"
"2023";"09";"150141";"LIMA";"LIMA";"SURQUILLO";"MINSA";"III-2";"00006210";"INSTITUTO NACIONAL DE ENFERMEDADES NEOPLASICAS";"250000";"UNIDAD DE CUIDADOS CRITICOS  ";"0";"14";"364";"364";"12";"1080";"14"
"2023";"09";"150141";"LIMA";"LIMA";"SURQUILLO";"MINSA";"III-2";"00006210";"INSTITUTO NACIONAL DE ENFERMEDADES NEOPLASICAS";"241000";"HOSPITALIZACIÓN QUIRÚRGICA ONCOLOGÍA QUIRÚRGICA  ";"296";"323";"2840";"2840";"132";"3990";"0"
"2023";"09";"120707";"JUNIN";"TARMA";"PALCAMAYO";"GOBIERNO REGIONAL";"I-1";"00000530";"RICRICAN CAUQUIRAN";"NE_0001";"";"NE_0001";"NE_0001";"NE_0001";"NE_0001";"NE_0001";"NE_0001";"NE_0001"
"2023";"09";"120707";"JUNIN";"TARMA";"PALCAMAYO";"GOBIERNO REGIONAL";"I-1";"00000528";"YANAPUQUIO";"NE_0001";"";"NE_0001";"NE_0001";"NE_0001";"NE_0001";"NE_0001";"NE_0001";"NE_0001"
"2023";"09";"120707";"JUNIN";"TARMA";"PALCAMAYO";"GOBIERNO REGIONAL";"I-3";"00000527";"PALCAMAYO";"NE_0001";"";"NE_0001";"NE_0001";"NE_0001";"NE_0001";"NE_0001";"NE_0001";"NE_0001"
"2023";"09";"120707";"JUNIN";"TARMA";"PALCAMAYO";"GOBIERNO REGIONAL";"I-1";"00000529";"OCHONGA";"NE_0001";"";"NE_0001";"NE_0001";"NE_0001";"NE_0001";"NE_0001";"NE_0001";"NE_0001"
"2023";"09";"120707";"JUNIN";"TARMA";"PALCAMAYO";"GOBIERNO REGIONAL";"I-1";"00000533";"CALCA";"NE_0001";"";"NE_0001";"NE_0001";"NE_0001";"NE_0001";"NE_0001";"NE_0001";"NE_0001"
"2023";"09";"120707";"JUNIN";"TARMA";"PALCAMAYO";"GOBIERNO REGIONAL";"I-1";"00000531";"INCACHACA YANAMACHAY";"NE_0001";"";"NE_0001";"NE_0001";"NE_0001";"NE_0001";"NE_0001";"NE_0001";"NE_0001"
"2023";"09";"120707";"JUNIN";"TARMA";"PALCAMAYO";"GOBIERNO REGIONAL";"I-1";"00000532";"HUAMANIA";"NE_0001";"";"NE_0001";"NE_0001";"NE_0001";"NE_0001";"NE_0001";"NE_0001";"NE_0001"
"2023";"09";"150103";"LIMA";"LIMA";"ATE";"PRIVADO";"II-1";"00018584";"CLINICA MARIA DEL SOCORRO";"240000";"HOSPITALIZACIÓN";"137";"131";"198";"218";"20";"600";"0"
"2023";"09";"150204";"LIMA";"BARRANCA";"SUPE";"GOBIERNO REGIONAL";"II-1";"00007636";"HOSPITAL DE SUPE LAURA ESTHER RODRIGUEZ DULANTO";"240100";"HOSPITALIZACIÓN QUIRÚRGICA CIRUGÍA GENERAL ";"20";"20";"52";"54";"6";"180";"0"
"2023";"07";"040103";"AREQUIPA";"AREQUIPA";"CAYMA";"GOBIERNO REGIONAL";"I-3";"00001235";"BUENOS AIRES DE CAYMA";"NE_0001";"";"NE_0001";"NE_0001";"NE_0001";"NE_0001";"NE_0001";"NE_0001";"NE_0001"
"2023";"07";"040103";"AREQUIPA";"AREQUIPA";"CAYMA";"GOBIERNO REGIONAL";"I-2";"00001245";"SAN JOSE";"NE_0001";"";"NE_0001";"NE_0001";"NE_0001";"NE_0001";"NE_0001";"NE_0001";"NE_0001"
"2023";"07";"040103";"AREQUIPA";"AREQUIPA";"CAYMA";"GOBIERNO REGIONAL";"I-2";"00001246";"DEAN VALDIVIA";"NE_0001";"";"NE_0001";"NE_0001";"NE_0001";"NE_0001";"NE_0001";"NE_0001";"NE_0001"
"2023";"07";"080708";"CUSCO";"CHUMBIVILCAS";"VELILLE";"GOBIERNO REGIONAL";"I-1";"00027011";"AYACCASI";"NE_0001";"";"NE_0001";"NE_0001";"NE_0001";"NE_0001";"NE_0001";"NE_0001";"NE_0001"
"2023";"07";"080708";"CUSCO";"CHUMBIVILCAS";"VELILLE";"GOBIERNO REGIONAL";"I-3";"00002409";"VELILLE";"NE_0001";"";"NE_0001";"NE_0001";"NE_0001";"NE_0001";"NE_0001";"NE_0001";"NE_0001"
"2023";"07";"080701";"CUSCO";"CHUMBIVILCAS";"SANTO TOMAS";"GOBIERNO REGIONAL";"I-1";"00030940";"ARCANGEL SAN MIGUEL DE ESQUINA CONGUNYA";"NE_0001";"";"NE_0001";"NE_0001";"NE_0001";"NE_0001";"NE_0001";"NE_0001";"NE_0001"
"2023";"07";"080708";"CUSCO";"CHUMBIVILCAS";"VELILLE";"GOBIERNO REGIONAL";"I-1";"00025371";"TUNTUMA";"NE_0001";"";"NE_0001";"NE_0001";"NE_0001";"NE_0001";"NE_0001";"NE_0001";"NE_0001"
"2023";"07";"080701";"CUSCO";"CHUMBIVILCAS";"SANTO TOMAS";"GOBIERNO REGIONAL";"I-2";"00002399";"PULPERA";"NE_0001";"";"NE_0001";"NE_0001";"NE_0001";"NE_0001";"NE_0001";"NE_0001";"NE_0001"
"2023";"07";"080708";"CUSCO";"CHUMBIVILCAS";"VELILLE";"GOBIERNO REGIONAL";"I-1";"00008912";"ALCCA VICTORIA";"NE_0001";"";"NE_0001";"NE_0001";"NE_0001";"NE_0001";"NE_0001";"NE_0001";"NE_0001"
"2023";"07";"080708";"CUSCO";"CHUMBIVILCAS";"VELILLE";"GOBIERNO REGIONAL";"I-1";"00027016";"HUAYCUÑUTA - URCURUTA";"NE_0001";"";"NE_0001";"NE_0001";"NE_0001";"NE_0001";"NE_0001";"NE_0001";"NE_0001"
"2023";"07";"080701";"CUSCO";"CHUMBIVILCAS";"SANTO TOMAS";"GOBIERNO REGIONAL";"I-1";"00006981";"CCOYO";"NE_0001";"";"NE_0001";"NE_0001";"NE_0001";"NE_0001";"NE_0001";"NE_0001";"NE_0001"
"2023";"07";"080701";"CUSCO";"CHUMBIVILCAS";"SANTO TOMAS";"GOBIERNO REGIONAL";"I-1";"00006982";"MELLOTOTORA";"NE_0001";"";"NE_0001";"NE_0001";"NE_0001";"NE_0001";"NE_0001";"NE_0001";"NE_0001"
"2023";"07";"080706";"CUSCO";"CHUMBIVILCAS";"LLUSCO";"GOBIERNO REGIONAL";"I-2";"00006748";"COLLPA";"NE_0001";"";"NE_0001";"NE_0001";"NE_0001";"NE_0001";"NE_0001";"NE_0001";"NE_0001"
"2023";"07";"080701";"CUSCO";"CHUMBIVILCAS";"SANTO TOMAS";"GOBIERNO REGIONAL";"I-2";"00006746";"LLIQUE";"NE_0001";"";"NE_0001";"NE_0001";"NE_0001";"NE_0001";"NE_0001";"NE_0001";"NE_0001"
"2023";"07";"080701";"CUSCO";"CHUMBIVILCAS";"SANTO TOMAS";"GOBIERNO REGIONAL";"I-1";"00007111";"YAVINA";"NE_0001";"";"NE_0001";"NE_0001";"NE_0001";"NE_0001";"NE_0001";"NE_0001";"NE_0001"
"2023";"07";"080701";"CUSCO";"CHUMBIVILCAS";"SANTO TOMAS";"GOBIERNO REGIONAL";"I-2";"00008915";"PFULLPURI CONDEPAMPA";"NE_0001";"";"NE_0001";"NE_0001";"NE_0001";"NE_0001";"NE_0001";"NE_0001";"NE_0001"
"2023";"07";"080701";"CUSCO";"CHUMBIVILCAS";"SANTO TOMAS";"GOBIERNO REGIONAL";"I-1";"00006983";"ORCCOMA";"NE_0001";"";"NE_0001";"NE_0001";"NE_0001";"NE_0001";"NE_0001";"NE_0001";"NE_0001"
"2023";"07";"080707";"CUSCO";"CHUMBIVILCAS";"QUIÑOTA";"GOBIERNO REGIONAL";"I-1";"00007112";"YORENCCA";"NE_0001";"";"NE_0001";"NE_0001";"NE_0001";"NE_0001";"NE_0001";"NE_0001";"NE_0001"
"2023";"07";"080704";"CUSCO";"CHUMBIVILCAS";"COLQUEMARCA";"GOBIERNO REGIONAL";"I-1";"00008913";"HUARACO";"NE_0001";"";"NE_0001";"NE_0001";"NE_0001";"NE_0001";"NE_0001";"NE_0001";"NE_0001"
"2023";"07";"080701";"CUSCO";"CHUMBIVILCAS";"SANTO TOMAS";"GOBIERNO REGIONAL";"I-2";"00002400";"ALHUACCHULLO";"NE_0001";"";"NE_0001";"NE_0001";"NE_0001";"NE_0001";"NE_0001";"NE_0001";"NE_0001"
"2023";"07";"200601";"PIURA";"SULLANA";"SULLANA";"PRIVADO";"II-1";"00016148";"CLINICA OLGUIN";"240100";"HOSPITALIZACIÓN QUIRÚRGICA CIRUGÍA GENERAL ";"128";"135";"168";"257";"14";"459";"0"
"2023";"07";"200601";"PIURA";"SULLANA";"SULLANA";"PRIVADO";"II-1";"00016148";"CLINICA OLGUIN";"241400";"HOSPITALIZACIÓN QUIRÚRGICA GINECO - OBSTETRICIA ";"197";"202";"278";"204";"14";"436";"0"
"2023";"07";"150131";"LIMA";"LIMA";"SAN ISIDRO";"PRIVADO";"I-4";"00008389";"IPOR: INSTITUTO PERUANO DE ONCOLOGIA & RADIOTERAPIA";"NE_0001";"";"NE_0001";"NE_0001";"NE_0001";"NE_0001";"NE_0001";"NE_0001";"NE_0001"
"2023";"08";"130203";"LA LIBERTAD";"ASCOPE";"CHOCOPE";"ESSALUD";"II-2";"00009037";"HOSPITAL II CHOCOPE";"241900";"HOSPITALIZACIÓN DE MEDICINA MEDICINA INTERNA ";"109";"109";"811";"828";"28";"868";"7"
"2023";"08";"130203";"LA LIBERTAD";"ASCOPE";"CHOCOPE";"ESSALUD";"II-2";"00009037";"HOSPITAL II CHOCOPE";"240100";"HOSPITALIZACIÓN QUIRÚRGICA CIRUGÍA GENERAL ";"120";"115";"417";"404";"15";"465";"0"
"2023";"08";"130203";"LA LIBERTAD";"ASCOPE";"CHOCOPE";"ESSALUD";"II-2";"00009037";"HOSPITAL II CHOCOPE";"241500";"HOSPITALIZACIÓN QUIRÚRGICA GINECOLOGÍA  ";"37";"36";"96";"86";"3";"93";"0"
"2023";"08";"130203";"LA LIBERTAD";"ASCOPE";"CHOCOPE";"ESSALUD";"II-2";"00009037";"HOSPITAL II CHOCOPE";"241600";"HOSPITALIZACIÓN QUIRÚRGICA OBSTETRICIA   ";"49";"50";"98";"114";"4";"124";"0"
"2023";"08";"130203";"LA LIBERTAD";"ASCOPE";"CHOCOPE";"ESSALUD";"II-2";"00009037";"HOSPITAL II CHOCOPE";"242300";"HOSPITALIZACIÓN DE PEDIATRÍA  PEDIATRÍA  GENERAL ";"46";"47";"181";"165";"6";"186";"0"
"2023";"08";"220102";"SAN MARTIN";"MOYOBAMBA";"CALZADA";"GOBIERNO REGIONAL";"I-1";"00006331";"SANTA ROSA BAJO TANGUMI";"NE_0002";"";"NE_0002";"NE_0002";"NE_0002";"NE_0002";"NE_0002";"NE_0002";"NE_0002"
"2023";"08";"220101";"SAN MARTIN";"MOYOBAMBA";"MOYOBAMBA";"GOBIERNO REGIONAL";"I-1";"00006330";"SANTA ROSA DE OROMINA";"NE_0002";"";"NE_0002";"NE_0002";"NE_0002";"NE_0002";"NE_0002";"NE_0002";"NE_0002"
"2023";"08";"220102";"SAN MARTIN";"MOYOBAMBA";"CALZADA";"GOBIERNO REGIONAL";"I-3";"00006326";"CALZADA";"NE_0002";"";"NE_0002";"NE_0002";"NE_0002";"NE_0002";"NE_0002";"NE_0002";"NE_0002"
"2023";"08";"220104";"SAN MARTIN";"MOYOBAMBA";"JEPELACIO";"GOBIERNO REGIONAL";"I-1";"00006329";"OCHAME";"NE_0002";"";"NE_0002";"NE_0002";"NE_0002";"NE_0002";"NE_0002";"NE_0002";"NE_0002"
"2023";"08";"080708";"CUSCO";"CHUMBIVILCAS";"VELILLE";"GOBIERNO REGIONAL";"I-1";"00027011";"AYACCASI";"NE_0001";"";"NE_0001";"NE_0001";"NE_0001";"NE_0001";"NE_0001";"NE_0001";"NE_0001"
"2023";"08";"080708";"CUSCO";"CHUMBIVILCAS";"VELILLE";"GOBIERNO REGIONAL";"I-3";"00002409";"VELILLE";"NE_0001";"";"NE_0001";"NE_0001";"NE_0001";"NE_0001";"NE_0001";"NE_0001";"NE_0001"
"2023";"08";"080701";"CUSCO";"CHUMBIVILCAS";"SANTO TOMAS";"GOBIERNO REGIONAL";"I-1";"00030940";"ARCANGEL SAN MIGUEL DE ESQUINA CONGUNYA";"NE_0001";"";"NE_0001";"NE_0001";"NE_0001";"NE_0001";"NE_0001";"NE_0001";"NE_0001"
"2023";"08";"080708";"CUSCO";"CHUMBIVILCAS";"VELILLE";"GOBIERNO REGIONAL";"I-1";"00025371";"TUNTUMA";"NE_0001";"";"NE_0001";"NE_0001";"NE_0001";"NE_0001";"NE_0001";"NE_0001";"NE_0001"
"2023";"08";"080701";"CUSCO";"CHUMBIVILCAS";"SANTO TOMAS";"GOBIERNO REGIONAL";"I-2";"00002399";"PULPERA";"NE_0001";"";"NE_0001";"NE_0001";"NE_0001";"NE_0001";"NE_0001";"NE_0001";"NE_0001"
"2023";"08";"080708";"CUSCO";"CHUMBIVILCAS";"VELILLE";"GOBIERNO REGIONAL";"I-1";"00008912";"ALCCA VICTORIA";"NE_0001";"";"NE_0001";"NE_0001";"NE_0001";"NE_0001";"NE_0001";"NE_0001";"NE_0001"
"2023";"08";"080708";"CUSCO";"CHUMBIVILCAS";"VELILLE";"GOBIERNO REGIONAL";"I-1";"00027016";"HUAYCUÑUTA - URCURUTA";"NE_0001";"";"NE_0001";"NE_0001";"NE_0001";"NE_0001";"NE_0001";"NE_0001";"NE_0001"
"2023";"08";"150133";"LIMA";"LIMA";"SAN JUAN DE MIRAFLORES";"PRIVADO";"II-E";"00028244";"CLINICA SAGRADA FAMILIA DEL SUR";"240000";"HOSPITALIZACIÓN";"8";"8";"16";"18";"6";"21";"0"
"2023";"08";"100102";"HUANUCO";"HUANUCO";"AMARILIS";"GOBIERNO REGIONAL";"II-E";"00000756";"HOSPITAL MATERNO INFANTIL CARLOS SHOWING FERRARI";"241400";"HOSPITALIZACIÓN QUIRÚRGICA GINECO - OBSTETRICIA ";"187";"193";"440";"633";"25";"775";"0"
"2023";"08";"100102";"HUANUCO";"HUANUCO";"AMARILIS";"GOBIERNO REGIONAL";"II-E";"00000756";"HOSPITAL MATERNO INFANTIL CARLOS SHOWING FERRARI";"242500";"HOSPITALIZACIÓN-PEDIATRÍA GENERAL-";"30";"37";"141";"178";"11";"341";"0"
"2023";"08";"100102";"HUANUCO";"HUANUCO";"AMARILIS";"GOBIERNO REGIONAL";"II-E";"00000756";"HOSPITAL MATERNO INFANTIL CARLOS SHOWING FERRARI";"243200";"HOSPITALIZACIÓN DE PEDIATRÍA PEDIATRIA NEONATOLOGÍA";"26";"30";"96";"126";"11";"341";"0"
"2023";"08";"081003";"CUSCO";"PARURO";"CCAPI";"GOBIERNO REGIONAL";"I-2";"00002501";"CCAPI";"NE_0002";"";"NE_0002";"NE_0002";"NE_0002";"NE_0002";"NE_0002";"NE_0002";"NE_0002"
"2023";"08";"081003";"CUSCO";"PARURO";"CCAPI";"GOBIERNO REGIONAL";"I-2";"00002502";"CCOYABAMBA";"NE_0002";"";"NE_0002";"NE_0002";"NE_0002";"NE_0002";"NE_0002";"NE_0002";"NE_0002"
"2023";"08";"081005";"CUSCO";"PARURO";"HUANOQUITE";"GOBIERNO REGIONAL";"I-2";"00002504";"HUANOQUITE";"NE_0002";"";"NE_0002";"NE_0002";"NE_0002";"NE_0002";"NE_0002";"NE_0002";"NE_0002"
"2023";"08";"081004";"CUSCO";"PARURO";"COLCHA";"GOBIERNO REGIONAL";"I-1";"00006978";"CCOCHIRIHUAY";"NE_0002";"";"NE_0002";"NE_0002";"NE_0002";"NE_0002";"NE_0002";"NE_0002";"NE_0002"
"2023";"08";"081006";"CUSCO";"PARURO";"OMACHA";"GOBIERNO REGIONAL";"I-2";"00002506";"ANTAPALLPA";"NE_0002";"";"NE_0002";"NE_0002";"NE_0002";"NE_0002";"NE_0002";"NE_0002";"NE_0002"
"2023";"08";"081007";"CUSCO";"PARURO";"PACCARITAMBO";"GOBIERNO REGIONAL";"I-2";"00002507";"PACCARECTAMBO";"NE_0002";"";"NE_0002";"NE_0002";"NE_0002";"NE_0002";"NE_0002";"NE_0002";"NE_0002"
"2023";"08";"081004";"CUSCO";"PARURO";"COLCHA";"GOBIERNO REGIONAL";"I-1";"00002503";"COLCHA";"NE_0002";"";"NE_0002";"NE_0002";"NE_0002";"NE_0002";"NE_0002";"NE_0002";"NE_0002"
"2023";"08";"081006";"CUSCO";"PARURO";"OMACHA";"GOBIERNO REGIONAL";"I-2";"00007147";"PUESTO DE SALUD DE HUASQUILLAY";"NE_0002";"";"NE_0002";"NE_0002";"NE_0002";"NE_0002";"NE_0002";"NE_0002";"NE_0002"
"2023";"08";"081001";"CUSCO";"PARURO";"PARURO";"GOBIERNO REGIONAL";"I-4";"00002499";"PARURO";"NE_0002";"";"NE_0002";"NE_0002";"NE_0002";"NE_0002";"NE_0002";"NE_0002";"NE_0002"
"2023";"08";"220602";"SAN MARTIN";"MARISCAL CACERES";"CAMPANILLA";"GOBIERNO REGIONAL";"I-1";"00006577";"SHUMANZA";"NE_0001";"";"NE_0001";"NE_0001";"NE_0001";"NE_0001";"NE_0001";"NE_0001";"NE_0001"
"2023";"08";"220602";"SAN MARTIN";"MARISCAL CACERES";"CAMPANILLA";"GOBIERNO REGIONAL";"I-1";"00006578";"SION";"NE_0001";"";"NE_0001";"NE_0001";"NE_0001";"NE_0001";"NE_0001";"NE_0001";"NE_0001"
"2023";"08";"220602";"SAN MARTIN";"MARISCAL CACERES";"CAMPANILLA";"GOBIERNO REGIONAL";"I-1";"00006576";"BALZAYACU";"NE_0001";"";"NE_0001";"NE_0001";"NE_0001";"NE_0001";"NE_0001";"NE_0001";"NE_0001"
"2023";"08";"220602";"SAN MARTIN";"MARISCAL CACERES";"CAMPANILLA";"GOBIERNO REGIONAL";"I-1";"00006715";"PERLAMAYO";"NE_0001";"";"NE_0001";"NE_0001";"NE_0001";"NE_0001";"NE_0001";"NE_0001";"NE_0001"
"2023";"08";"150110";"LIMA";"LIMA";"COMAS";"PRIVADO";"II-1";"00008519";"CLINICA UNIVERSITARIA";"240000";"HOSPITALIZACIÓN";"250";"198";"359";"258";"25";"384";"0"
"2023";"08";"150130";"LIMA";"LIMA";"SAN BORJA";"PRIVADO";"II-E";"00015078";"NOVO Q";"240000";"HOSPITALIZACIÓN";"93";"91";"102";"89";"12";"283";"0"
"2023";"09";"040112";"AREQUIPA";"AREQUIPA";"PAUCARPATA";"GOBIERNO REGIONAL";"I-2";"00001317";"CENTRO DE SALUD MIGUEL GRAU  B";"NE_0001";"";"NE_0001";"NE_0001";"NE_0001";"NE_0001";"NE_0001";"NE_0001";"NE_0001"
"2023";"09";"040112";"AREQUIPA";"AREQUIPA";"PAUCARPATA";"GOBIERNO REGIONAL";"I-2";"00001318";"PUESTO DE SALUD MIGUEL GRAU  MODULO C-D";"NE_0001";"";"NE_0001";"NE_0001";"NE_0001";"NE_0001";"NE_0001";"NE_0001";"NE_0001"
"2023";"09";"040112";"AREQUIPA";"AREQUIPA";"PAUCARPATA";"GOBIERNO REGIONAL";"I-3";"00001298";"CENTRO DE SALUD 15 DE AGOSTO";"NE_0001";"";"NE_0001";"NE_0001";"NE_0001";"NE_0001";"NE_0001";"NE_0001";"NE_0001"
"2023";"09";"040112";"AREQUIPA";"AREQUIPA";"PAUCARPATA";"GOBIERNO REGIONAL";"I-2";"00001316";"PUESTO DE SALUD MIGUEL GRAU  MODULO A";"NE_0001";"";"NE_0001";"NE_0001";"NE_0001";"NE_0001";"NE_0001";"NE_0001";"NE_0001"
"2023";"09";"060601";"CAJAMARCA";"CUTERVO";"CUTERVO";"GOBIERNO REGIONAL";"I-1";"00004999";"LAS PALMAS DE TINYAYOC";"NE_0001";"";"NE_0001";"NE_0001";"NE_0001";"NE_0001";"NE_0001";"NE_0001";"NE_0001"
"2023";"09";"060601";"CAJAMARCA";"CUTERVO";"CUTERVO";"GOBIERNO REGIONAL";"I-2";"00004991";"LANCHE";"NE_0001";"";"NE_0001";"NE_0001";"NE_0001";"NE_0001";"NE_0001";"NE_0001";"NE_0001"
"2023";"09";"150103";"LIMA";"LIMA";"ATE";"MINSA";"II-1";"00005883";"HOSPITAL DE HUAYCAN";"241800";"HOSPITALIZACIÓN DE MEDICINA MEDICINA GENERAL ";"23";"25";"146";"143";"7";"210";"3"
"2023";"09";"150103";"LIMA";"LIMA";"ATE";"MINSA";"II-1";"00005883";"HOSPITAL DE HUAYCAN";"240100";"HOSPITALIZACIÓN QUIRÚRGICA CIRUGÍA GENERAL ";"46";"45";"157";"159";"11";"330";"0"
"2023";"09";"150103";"LIMA";"LIMA";"ATE";"MINSA";"II-1";"00005883";"HOSPITAL DE HUAYCAN";"241200";"HOSPITALIZACIÓN QUIRÚRGICA TRAUMATOLOGÍA Y ORTOPEDIA ";"16";"14";"43";"53";"4";"120";"0"
"2023";"09";"150103";"LIMA";"LIMA";"ATE";"MINSA";"II-1";"00005883";"HOSPITAL DE HUAYCAN";"242500";"HOSPITALIZACIÓN-PEDIATRÍA GENERAL-";"37";"34";"84";"89";"11";"330";"0"
"2023";"09";"150103";"LIMA";"LIMA";"ATE";"MINSA";"II-1";"00005883";"HOSPITAL DE HUAYCAN";"241600";"HOSPITALIZACIÓN QUIRÚRGICA OBSTETRICIA   ";"125";"127";"267";"266";"16";"480";"0"
"2023";"09";"150103";"LIMA";"LIMA";"ATE";"MINSA";"II-1";"00005883";"HOSPITAL DE HUAYCAN";"241500";"HOSPITALIZACIÓN QUIRÚRGICA GINECOLOGÍA  ";"3";"4";"10";"7";"1";"30";"0"
"2023";"09";"130101";"LA LIBERTAD";"TRUJILLO";"TRUJILLO";"PRIVADO";"II-2";"00018404";"CLINICA SAN PABLO TRUJILLO";"250200";"UNIDAD DE CUIDADOS CRITICOS UNIDAD DE CUIDADOS INTERMEDIOS GENERAL  (UCIN) ";"4";"3";"10";"14";"5";"150";"0"
"2023";"09";"130101";"LA LIBERTAD";"TRUJILLO";"TRUJILLO";"PRIVADO";"II-2";"00018404";"CLINICA SAN PABLO TRUJILLO";"240000";"HOSPITALIZACIÓN";"276";"286";"818";"1068";"64";"1920";"1"
"2023";"09";"120607";"JUNIN";"SATIPO";"RIO NEGRO";"GOBIERNO REGIONAL";"I-2";"00000496";"VILLA CAPIRI";"NE_0001";"";"NE_0001";"NE_0001";"NE_0001";"NE_0001";"NE_0001";"NE_0001";"NE_0001"
"2023";"09";"120607";"JUNIN";"SATIPO";"RIO NEGRO";"GOBIERNO REGIONAL";"I-1";"00013862";"MIGUEL GRAU";"NE_0001";"";"NE_0001";"NE_0001";"NE_0001";"NE_0001";"NE_0001";"NE_0001";"NE_0001"
"2023";"09";"120607";"JUNIN";"SATIPO";"RIO NEGRO";"GOBIERNO REGIONAL";"I-1";"00013863";"ALTO VILLA VICTORIA";"NE_0001";"";"NE_0001";"NE_0001";"NE_0001";"NE_0001";"NE_0001";"NE_0001";"NE_0001"
"2023";"09";"040101";"AREQUIPA";"AREQUIPA";"AREQUIPA";"PRIVADO";"II-E";"00013722";"CLINICA AREQUIPA S.A.";"240100";"HOSPITALIZACIÓN QUIRÚRGICA CIRUGÍA GENERAL ";"129";"126";"496";"617";"40";"1200";"0"
"2023";"09";"040101";"AREQUIPA";"AREQUIPA";"AREQUIPA";"PRIVADO";"II-E";"00013722";"CLINICA AREQUIPA S.A.";"241400";"HOSPITALIZACIÓN QUIRÚRGICA GINECO - OBSTETRICIA ";"41";"36";"71";"207";"25";"750";"0"
"2023";"09";"040101";"AREQUIPA";"AREQUIPA";"AREQUIPA";"PRIVADO";"II-E";"00013722";"CLINICA AREQUIPA S.A.";"241900";"HOSPITALIZACIÓN DE MEDICINA MEDICINA INTERNA ";"52";"51";"286";"222";"28";"840";"0"
"2023";"09";"120601";"JUNIN";"SATIPO";"SATIPO";"GOBIERNO REGIONAL";"I-2";"00000482";"HUANTASHIRI";"NE_0001";"";"NE_0001";"NE_0001";"NE_0001";"NE_0001";"NE_0001";"NE_0001";"NE_0001"
"2023";"09";"120607";"JUNIN";"SATIPO";"RIO NEGRO";"GOBIERNO REGIONAL";"I-2";"00000499";"PUENTE IPOKI";"NE_0001";"";"NE_0001";"NE_0001";"NE_0001";"NE_0001";"NE_0001";"NE_0001";"NE_0001"
"2023";"03";"040702";"AREQUIPA";"ISLAY";"COCACHACRA";"GOBIERNO REGIONAL";"I-3";"00001445";"CENTRO DE SALUD COCACHACRA";"NE_0001";"";"NE_0001";"NE_0001";"NE_0001";"NE_0001";"NE_0001";"NE_0001";"NE_0001"
"2023";"03";"040702";"AREQUIPA";"ISLAY";"COCACHACRA";"GOBIERNO REGIONAL";"I-1";"00001453";"PUESTO DE SALUD EL TORO";"NE_0001";"";"NE_0001";"NE_0001";"NE_0001";"NE_0001";"NE_0001";"NE_0001";"NE_0001"
"2023";"03";"040702";"AREQUIPA";"ISLAY";"COCACHACRA";"GOBIERNO REGIONAL";"I-2";"00001454";"PUESTO DE SALUD LA PASCANA";"NE_0001";"";"NE_0001";"NE_0001";"NE_0001";"NE_0001";"NE_0001";"NE_0001";"NE_0001"
"2023";"03";"040702";"AREQUIPA";"ISLAY";"COCACHACRA";"GOBIERNO REGIONAL";"I-2";"00001452";"PUESTO DE SALUD EL FISCAL";"NE_0001";"";"NE_0001";"NE_0001";"NE_0001";"NE_0001";"NE_0001";"NE_0001";"NE_0001"
"2023";"03";"080907";"CUSCO";"LA CONVENCION";"KIMBIRI";"GOBIERNO REGIONAL";"I-2";"00002470";"CHIRUMPIARI";"NE_0001";"";"NE_0001";"NE_0001";"NE_0001";"NE_0001";"NE_0001";"NE_0001";"NE_0001"
"2023";"03";"080913";"CUSCO";"LA CONVENCION";"VILLA KINTIARINA";"GOBIERNO REGIONAL";"I-2";"00008283";"PUEBLO LIBRE";"NE_0001";"";"NE_0001";"NE_0001";"NE_0001";"NE_0001";"NE_0001";"NE_0001";"NE_0001"
"2023";"03";"080907";"CUSCO";"LA CONVENCION";"KIMBIRI";"GOBIERNO REGIONAL";"I-3";"00002471";"LOBO TAHUANTINSUYO";"NE_0001";"";"NE_0001";"NE_0001";"NE_0001";"NE_0001";"NE_0001";"NE_0001";"NE_0001"
"2023";"03";"100502";"HUANUCO";"HUAMALIES";"ARANCAY";"GOBIERNO REGIONAL";"I-2";"00000905";"ARANCAY";"NE_0001";"";"NE_0001";"NE_0001";"NE_0001";"NE_0001";"NE_0001";"NE_0001";"NE_0001"
"2023";"03";"100502";"HUANUCO";"HUAMALIES";"ARANCAY";"GOBIERNO REGIONAL";"0";"00025485";"AISPED TAZO CHICO -  ARANCAY";"NE_0001";"";"NE_0001";"NE_0001";"NE_0001";"NE_0001";"NE_0001";"NE_0001";"NE_0001"
"2023";"03";"100402";"HUANUCO";"HUACAYBAMBA";"CANCHABAMBA";"GOBIERNO REGIONAL";"I-3";"00000878";"CANCHABAMBA";"NE_0001";"";"NE_0001";"NE_0001";"NE_0001";"NE_0001";"NE_0001";"NE_0001";"NE_0001"
"2023";"03";"100402";"HUANUCO";"HUACAYBAMBA";"CANCHABAMBA";"GOBIERNO REGIONAL";"I-1";"00000886";"VILLA FLORES DE RAJIN";"NE_0001";"";"NE_0001";"NE_0001";"NE_0001";"NE_0001";"NE_0001";"NE_0001";"NE_0001"
"2023";"03";"100503";"HUANUCO";"HUAMALIES";"CHAVIN DE PARIARCA";"GOBIERNO REGIONAL";"I-1";"00000899";"SAN JUAN DE PAMPAS";"NE_0001";"";"NE_0001";"NE_0001";"NE_0001";"NE_0001";"NE_0001";"NE_0001";"NE_0001"
"2023";"03";"100503";"HUANUCO";"HUAMALIES";"CHAVIN DE PARIARCA";"GOBIERNO REGIONAL";"I-1";"00007720";"QUIPRAN";"NE_0001";"";"NE_0001";"NE_0001";"NE_0001";"NE_0001";"NE_0001";"NE_0001";"NE_0001"
"2023";"03";"100503";"HUANUCO";"HUAMALIES";"CHAVIN DE PARIARCA";"GOBIERNO REGIONAL";"I-3";"00000896";"CHAVIN DE PARIARCA";"NE_0001";"";"NE_0001";"NE_0001";"NE_0001";"NE_0001";"NE_0001";"NE_0001";"NE_0001"
"2023";"03";"100403";"HUANUCO";"HUACAYBAMBA";"COCHABAMBA";"GOBIERNO REGIONAL";"I-1";"00000882";"SANTA ANA PIRUSHTO";"NE_0001";"";"NE_0001";"NE_0001";"NE_0001";"NE_0001";"NE_0001";"NE_0001";"NE_0001"
"2023";"03";"100403";"HUANUCO";"HUACAYBAMBA";"COCHABAMBA";"GOBIERNO REGIONAL";"I-1";"00000879";"COCHABAMBA";"NE_0001";"";"NE_0001";"NE_0001";"NE_0001";"NE_0001";"NE_0001";"NE_0001";"NE_0001"
"2023";"03";"100401";"HUANUCO";"HUACAYBAMBA";"HUACAYBAMBA";"GOBIERNO REGIONAL";"I-2";"00000880";"QUICHIRRAGRA";"NE_0001";"";"NE_0001";"NE_0001";"NE_0001";"NE_0001";"NE_0001";"NE_0001";"NE_0001"
"2023";"03";"100401";"HUANUCO";"HUACAYBAMBA";"HUACAYBAMBA";"GOBIERNO REGIONAL";"I-3";"00000877";"CENTRO DE SALUD DE HUACAYBAMBA";"NE_0001";"";"NE_0001";"NE_0001";"NE_0001";"NE_0001";"NE_0001";"NE_0001";"NE_0001"
"2023";"03";"100401";"HUANUCO";"HUACAYBAMBA";"HUACAYBAMBA";"GOBIERNO REGIONAL";"I-1";"00000881";"PUESTO DE SALUD DE RONDOBAMBA";"NE_0001";"";"NE_0001";"NE_0001";"NE_0001";"NE_0001";"NE_0001";"NE_0001";"NE_0001"
"2023";"04";"200601";"PIURA";"SULLANA";"SULLANA";"SANIDAD DE LA POLICIA NACIONAL DEL PERU";"I-2";"00010688";"POSTA  MEDICA  POLICIAL  SULLANA";"NE_0001";"";"NE_0001";"NE_0001";"NE_0001";"NE_0001";"NE_0001";"NE_0001";"NE_0001"
"2023";"04";"110111";"ICA";"ICA";"SANTIAGO";"ESSALUD";"I-3";"00011968";"SANTA MARGARITA";"NE_0001";"";"NE_0001";"NE_0001";"NE_0001";"NE_0001";"NE_0001";"NE_0001";"NE_0001"
"2023";"04";"150810";"LIMA";"HUAURA";"SANTA MARIA";"SANIDAD DE LA POLICIA NACIONAL DEL PERU";"I-2";"00010834";"POSTA MEDICA POLICIAL HUACHO";"NE_0001";"";"NE_0001";"NE_0001";"NE_0001";"NE_0001";"NE_0001";"NE_0001";"NE_0001"
"2023";"04";"150107";"LIMA";"LIMA";"CHACLACAYO";"SANIDAD DE LA POLICIA NACIONAL DEL PERU";"I-2";"00011227";"POSTA MEDICA POLICIAL CHACLACAYO";"NE_0001";"";"NE_0001";"NE_0001";"NE_0001";"NE_0001";"NE_0001";"NE_0001";"NE_0001"
"2023";"04";"150131";"LIMA";"LIMA";"SAN ISIDRO";"PRIVADO";"II-E";"00011358";"CONFÍA INSTITUTO OFTALMOLÓGICO";"NE_0001";"";"NE_0001";"NE_0001";"NE_0001";"NE_0001";"NE_0001";"NE_0001";"NE_0001"
"2023";"04";"150135";"LIMA";"LIMA";"SAN MARTIN DE PORRES";"SANIDAD DE LA POLICIA NACIONAL DEL PERU";"I-2";"00012739";"POLICLINICO POLICIAL SAN DIEGO";"NE_0001";"";"NE_0001";"NE_0001";"NE_0001";"NE_0001";"NE_0001";"NE_0001";"NE_0001"
"2023";"05";"220205";"SAN MARTIN";"BELLAVISTA";"SAN PABLO";"GOBIERNO REGIONAL";"I-1";"00006514";"HUINGOYACU";"NE_0001";"";"NE_0001";"NE_0001";"NE_0001";"NE_0001";"NE_0001";"NE_0001";"NE_0001"
"2023";"05";"220204";"SAN MARTIN";"BELLAVISTA";"HUALLAGA";"GOBIERNO REGIONAL";"I-1";"00006562";"LEDOY";"NE_0001";"";"NE_0001";"NE_0001";"NE_0001";"NE_0001";"NE_0001";"NE_0001";"NE_0001"
"2023";"05";"220201";"SAN MARTIN";"BELLAVISTA";"BELLAVISTA";"GOBIERNO REGIONAL";"I-2";"00006511";"LAS  MERCEDES";"NE_0001";"";"NE_0001";"NE_0001";"NE_0001";"NE_0001";"NE_0001";"NE_0001";"NE_0001"
"2023";"05";"220206";"SAN MARTIN";"BELLAVISTA";"SAN RAFAEL";"GOBIERNO REGIONAL";"I-1";"00006517";"PANAMA";"NE_0002";"";"NE_0002";"NE_0002";"NE_0002";"NE_0002";"NE_0002";"NE_0002";"NE_0002"
"2023";"05";"220201";"SAN MARTIN";"BELLAVISTA";"BELLAVISTA";"GOBIERNO REGIONAL";"I-1";"00006503";"BUENOS AIRES";"NE_0001";"";"NE_0001";"NE_0001";"NE_0001";"NE_0001";"NE_0001";"NE_0001";"NE_0001"
"2023";"05";"220206";"SAN MARTIN";"BELLAVISTA";"SAN RAFAEL";"GOBIERNO REGIONAL";"I-3";"00006515";"SAN RAFAEL";"NE_0002";"";"NE_0002";"NE_0002";"NE_0002";"NE_0002";"NE_0002";"NE_0002";"NE_0002"
"2023";"05";"220206";"SAN MARTIN";"BELLAVISTA";"SAN RAFAEL";"GOBIERNO REGIONAL";"I-2";"00006516";"LA LIBERTAD";"NE_0002";"";"NE_0002";"NE_0002";"NE_0002";"NE_0002";"NE_0002";"NE_0002";"NE_0002"
"2023";"05";"220201";"SAN MARTIN";"BELLAVISTA";"BELLAVISTA";"GOBIERNO REGIONAL";"I-1";"00006513";"HUACHO";"NE_0001";"";"NE_0001";"NE_0001";"NE_0001";"NE_0001";"NE_0001";"NE_0001";"NE_0001"
"2023";"05";"220201";"SAN MARTIN";"BELLAVISTA";"BELLAVISTA";"GOBIERNO REGIONAL";"I-1";"00006505";"LIMON";"NE_0001";"";"NE_0001";"NE_0001";"NE_0001";"NE_0001";"NE_0001";"NE_0001";"NE_0001"
"2023";"05";"140201";"LAMBAYEQUE";"FERREÑAFE";"FERREÑAFE";"GOBIERNO REGIONAL";"II-1";"00004440";"HOSPITAL PROVINCIA DE FERREÑAFE (HP_F)";"241600";"HOSPITALIZACIÓN QUIRÚRGICA OBSTETRICIA   ";"58";"56";"75";"114";"11";"341";"0"
"2023";"05";"140201";"LAMBAYEQUE";"FERREÑAFE";"FERREÑAFE";"GOBIERNO REGIONAL";"II-1";"00004440";"HOSPITAL PROVINCIA DE FERREÑAFE (HP_F)";"240000";"HOSPITALIZACIÓN";"85";"82";"224";"217";"17";"527";"2"
"2023";"05";"140101";"LAMBAYEQUE";"CHICLAYO";"CHICLAYO";"ESSALUD";"III-1";"00008577";"HOSPITAL NACIONAL ALMANZOR AGUINAGA ASENJO";"244000";"HOSPITALIZACIÓN DE MEDICINA CARDIOLOGIA ";"132";"77";"583";"633";"17";"665";"0"
"2023";"05";"140101";"LAMBAYEQUE";"CHICLAYO";"CHICLAYO";"ESSALUD";"III-1";"00008577";"HOSPITAL NACIONAL ALMANZOR AGUINAGA ASENJO";"240200";"HOSPITALIZACIÓN QUIRÚRGICA CIRUGÍA DE CABEZA Y CUELLO / MÁXILO FACIAL ";"37";"22";"137";"148";"5";"150";"0"
"2023";"05";"140101";"LAMBAYEQUE";"CHICLAYO";"CHICLAYO";"ESSALUD";"III-1";"00008577";"HOSPITAL NACIONAL ALMANZOR AGUINAGA ASENJO";"240400";"HOSPITALIZACIÓN QUIRÚRGICA CIRUGÍA DE TÓRAX Y CARDIOVASCULAR ";"33";"24";"205";"117";"10";"154";"1"
"2023";"05";"140101";"LAMBAYEQUE";"CHICLAYO";"CHICLAYO";"ESSALUD";"III-1";"00008577";"HOSPITAL NACIONAL ALMANZOR AGUINAGA ASENJO";"240100";"HOSPITALIZACIÓN QUIRÚRGICA CIRUGÍA GENERAL ";"185";"78";"901";"731";"30";"912";"2"
"2023";"05";"140101";"LAMBAYEQUE";"CHICLAYO";"CHICLAYO";"ESSALUD";"III-1";"00008577";"HOSPITAL NACIONAL ALMANZOR AGUINAGA ASENJO";"240700";"HOSPITALIZACIÓN QUIRÚRGICA CIRUGÍA PEDIÁTRICA ";"79";"36";"174";"165";"8";"233";"0"
"2023";"05";"140101";"LAMBAYEQUE";"CHICLAYO";"CHICLAYO";"ESSALUD";"III-1";"00008577";"HOSPITAL NACIONAL ALMANZOR AGUINAGA ASENJO";"240801";"HOSPITALIZACIÓN QUIRÚRGICA CIRUGÍA PLÁSTICA/RECONSTRUCTIVA/ REPARADORA QUEMADOS";"34";"15";"133";"131";"4";"139";"0"
"2023";"05";"140101";"LAMBAYEQUE";"CHICLAYO";"CHICLAYO";"ESSALUD";"III-1";"00008577";"HOSPITAL NACIONAL ALMANZOR AGUINAGA ASENJO";"244200";"HOSPITALIZACIÓN DE MEDICINA ENDOCRINOLOGIA ";"1";"2";"14";"9";"3";"70";"0"
"2023";"05";"140101";"LAMBAYEQUE";"CHICLAYO";"CHICLAYO";"ESSALUD";"III-1";"00008577";"HOSPITAL NACIONAL ALMANZOR AGUINAGA ASENJO";"244300";"HOSPITALIZACIÓN DE MEDICINA GASTROENTEROLOGÍA  ";"58";"48";"328";"423";"17";"506";"2"
"2023";"05";"140101";"LAMBAYEQUE";"CHICLAYO";"CHICLAYO";"ESSALUD";"III-1";"00008577";"HOSPITAL NACIONAL ALMANZOR AGUINAGA ASENJO";"244400";"HOSPITALIZACIÓN DE MEDICINA GERIATRIA ";"74";"45";"819";"602";"20";"618";"18"
"2023";"05";"140101";"LAMBAYEQUE";"CHICLAYO";"CHICLAYO";"ESSALUD";"III-1";"00008577";"HOSPITAL NACIONAL ALMANZOR AGUINAGA ASENJO";"241500";"HOSPITALIZACIÓN QUIRÚRGICA GINECOLOGÍA  ";"234";"141";"563";"303";"12";"362";"0"
"2023";"05";"140101";"LAMBAYEQUE";"CHICLAYO";"CHICLAYO";"ESSALUD";"III-1";"00008577";"HOSPITAL NACIONAL ALMANZOR AGUINAGA ASENJO";"244500";"HOSPITALIZACIÓN DE MEDICINA HEMATOLOGÍA ";"32";"26";"506";"509";"19";"509";"2"
"2023";"05";"140101";"LAMBAYEQUE";"CHICLAYO";"CHICLAYO";"ESSALUD";"III-1";"00008577";"HOSPITAL NACIONAL ALMANZOR AGUINAGA ASENJO";"241900";"HOSPITALIZACIÓN DE MEDICINA MEDICINA INTERNA ";"94";"77";"1001";"958";"29";"963";"8"
"2023";"05";"140101";"LAMBAYEQUE";"CHICLAYO";"CHICLAYO";"ESSALUD";"III-1";"00008577";"HOSPITAL NACIONAL ALMANZOR AGUINAGA ASENJO";"244600";"HOSPITALIZACIÓN DE MEDICINA NEFROLOGIA ";"12";"11";"100";"79";"10";"231";"1"
"2023";"05";"140101";"LAMBAYEQUE";"CHICLAYO";"CHICLAYO";"ESSALUD";"III-1";"00008577";"HOSPITAL NACIONAL ALMANZOR AGUINAGA ASENJO";"243200";"HOSPITALIZACIÓN DE PEDIATRÍA PEDIATRIA NEONATOLOGÍA";"136";"89";"1001";"1133";"18";"1133";"7"
"2023";"05";"140101";"LAMBAYEQUE";"CHICLAYO";"CHICLAYO";"ESSALUD";"III-1";"00008577";"HOSPITAL NACIONAL ALMANZOR AGUINAGA ASENJO";"245300";"HOSPITALIZACIÓN DE MEDICINA NEUMOLOGÍA  ";"40";"18";"260";"269";"10";"313";"0"
"2023";"05";"140101";"LAMBAYEQUE";"CHICLAYO";"CHICLAYO";"ESSALUD";"III-1";"00008577";"HOSPITAL NACIONAL ALMANZOR AGUINAGA ASENJO";"240900";"HOSPITALIZACIÓN QUIRÚRGICA NEUROCIRUGÍA ";"50";"33";"581";"464";"17";"464";"1"
"2023";"05";"140101";"LAMBAYEQUE";"CHICLAYO";"CHICLAYO";"ESSALUD";"III-1";"00008577";"HOSPITAL NACIONAL ALMANZOR AGUINAGA ASENJO";"244700";"HOSPITALIZACIÓN DE MEDICINA NEUROLOGIA  ";"45";"29";"371";"441";"14";"447";"0"
"2023";"05";"140101";"LAMBAYEQUE";"CHICLAYO";"CHICLAYO";"ESSALUD";"III-1";"00008577";"HOSPITAL NACIONAL ALMANZOR AGUINAGA ASENJO";"241600";"HOSPITALIZACIÓN QUIRÚRGICA OBSTETRICIA   ";"337";"198";"646";"650";"25";"762";"0"
"2023";"05";"140101";"LAMBAYEQUE";"CHICLAYO";"CHICLAYO";"ESSALUD";"III-1";"00008577";"HOSPITAL NACIONAL ALMANZOR AGUINAGA ASENJO";"240600";"HOSPITALIZACIÓN QUIRÚRGICA CIRUGÍA OFTALMOLÓGICA ";"5";"2";"12";"16";"2";"17";"0"
"2023";"05";"140101";"LAMBAYEQUE";"CHICLAYO";"CHICLAYO";"ESSALUD";"III-1";"00008577";"HOSPITAL NACIONAL ALMANZOR AGUINAGA ASENJO";"242100";"HOSPITALIZACIÓN DE MEDICINA ONCOLOGÍA MÉDICA ";"112";"120";"476";"422";"15";"448";"1"
"2023";"05";"140101";"LAMBAYEQUE";"CHICLAYO";"CHICLAYO";"ESSALUD";"III-1";"00008577";"HOSPITAL NACIONAL ALMANZOR AGUINAGA ASENJO";"241200";"HOSPITALIZACIÓN QUIRÚRGICA TRAUMATOLOGÍA Y ORTOPEDIA ";"260";"99";"650";"836";"30";"909";"0"
"2023";"05";"140101";"LAMBAYEQUE";"CHICLAYO";"CHICLAYO";"ESSALUD";"III-1";"00008577";"HOSPITAL NACIONAL ALMANZOR AGUINAGA ASENJO";"241100";"HOSPITALIZACIÓN QUIRÚRGICA OTORRINOLARINGOLOGÍA  ";"37";"26";"79";"78";"5";"109";"0"
"2023";"05";"140101";"LAMBAYEQUE";"CHICLAYO";"CHICLAYO";"ESSALUD";"III-1";"00008577";"HOSPITAL NACIONAL ALMANZOR AGUINAGA ASENJO";"242300";"HOSPITALIZACIÓN DE PEDIATRÍA  PEDIATRÍA  GENERAL ";"115";"67";"675";"609";"20";"642";"1"
"2023";"05";"140101";"LAMBAYEQUE";"CHICLAYO";"CHICLAYO";"ESSALUD";"III-1";"00008577";"HOSPITAL NACIONAL ALMANZOR AGUINAGA ASENJO";"242200";"HOSPITALIZACIÓN DE MEDICINA PSIQUIATRÍA ";"16";"18";"243";"219";"16";"496";"0"
"2023";"05";"140101";"LAMBAYEQUE";"CHICLAYO";"CHICLAYO";"ESSALUD";"III-1";"00008577";"HOSPITAL NACIONAL ALMANZOR AGUINAGA ASENJO";"241300";"HOSPITALIZACIÓN QUIRÚRGICA UROLOGÍA  ";"75";"45";"307";"302";"16";"429";"0"
"2023";"05";"140101";"LAMBAYEQUE";"CHICLAYO";"CHICLAYO";"ESSALUD";"III-1";"00008577";"HOSPITAL NACIONAL ALMANZOR AGUINAGA ASENJO";"250100";"UNIDAD DE CUIDADOS CRITICOS UNIDAD  DE CUIDADOS INTENSIVOS GENERALES (UCI) ";"89";"20";"208";"508";"38";"651";"18"
"2023";"05";"140101";"LAMBAYEQUE";"CHICLAYO";"CHICLAYO";"ESSALUD";"III-1";"00008577";"HOSPITAL NACIONAL ALMANZOR AGUINAGA ASENJO";"250200";"UNIDAD DE CUIDADOS CRITICOS UNIDAD DE CUIDADOS INTERMEDIOS GENERAL  (UCIN) ";"28";"16";"512";"380";"13";"403";"13"
"2023";"05";"140101";"LAMBAYEQUE";"CHICLAYO";"CHICLAYO";"ESSALUD";"III-1";"00008577";"HOSPITAL NACIONAL ALMANZOR AGUINAGA ASENJO";"250300";"UNIDAD DE CUIDADOS CRITICOS UNIDAD DE VIGILANCIA INTENSIVA  CLINICA (UVIC) ";"13";"6";"37";"51";"4";"124";"1"
"2023";"05";"061001";"CAJAMARCA";"SAN MARCOS";"PEDRO GALVEZ";"GOBIERNO REGIONAL";"I-1";"00004505";"HUAYOBAMBA";"NE_0001";"";"NE_0001";"NE_0001";"NE_0001";"NE_0001";"NE_0001";"NE_0001";"NE_0001"
"2023";"05";"061004";"CAJAMARCA";"SAN MARCOS";"GREGORIO PITA";"GOBIERNO REGIONAL";"I-1";"00004503";"PUESTO DE SALUD ULLILLIN";"NE_0001";"";"NE_0001";"NE_0001";"NE_0001";"NE_0001";"NE_0001";"NE_0001";"NE_0001"
"2023";"05";"061001";"CAJAMARCA";"SAN MARCOS";"PEDRO GALVEZ";"GOBIERNO REGIONAL";"I-1";"00004504";"EDELMIRA";"NE_0001";"";"NE_0001";"NE_0001";"NE_0001";"NE_0001";"NE_0001";"NE_0001";"NE_0001"
"2023";"05";"061004";"CAJAMARCA";"SAN MARCOS";"GREGORIO PITA";"GOBIERNO REGIONAL";"I-1";"00004506";"PUESTO DE SALUD MANZANILLA";"NE_0001";"";"NE_0001";"NE_0001";"NE_0001";"NE_0001";"NE_0001";"NE_0001";"NE_0001"
"2023";"05";"061004";"CAJAMARCA";"SAN MARCOS";"GREGORIO PITA";"GOBIERNO REGIONAL";"I-2";"00004507";"RIO SECO";"NE_0001";"";"NE_0001";"NE_0001";"NE_0001";"NE_0001";"NE_0001";"NE_0001";"NE_0001"
"2023";"05";"061004";"CAJAMARCA";"SAN MARCOS";"GREGORIO PITA";"GOBIERNO REGIONAL";"I-1";"00004502";"PUESTO DE SALUD MUYOC";"NE_0001";"";"NE_0001";"NE_0001";"NE_0001";"NE_0001";"NE_0001";"NE_0001";"NE_0001"
"2023";"05";"061004";"CAJAMARCA";"SAN MARCOS";"GREGORIO PITA";"GOBIERNO REGIONAL";"I-2";"00004508";"PAUCAMARCA";"NE_0001";"";"NE_0001";"NE_0001";"NE_0001";"NE_0001";"NE_0001";"NE_0001";"NE_0001"
"2023";"05";"061001";"CAJAMARCA";"SAN MARCOS";"PEDRO GALVEZ";"GOBIERNO REGIONAL";"I-1";"00004509";"CONDORMARCA";"NE_0001";"";"NE_0001";"NE_0001";"NE_0001";"NE_0001";"NE_0001";"NE_0001";"NE_0001"
"2023";"05";"061001";"CAJAMARCA";"SAN MARCOS";"PEDRO GALVEZ";"GOBIERNO REGIONAL";"I-1";"00004510";"CHUCO";"NE_0001";"";"NE_0001";"NE_0001";"NE_0001";"NE_0001";"NE_0001";"NE_0001";"NE_0001"
"2023";"05";"061001";"CAJAMARCA";"SAN MARCOS";"PEDRO GALVEZ";"GOBIERNO REGIONAL";"I-1";"00004505";"HUAYOBAMBA";"NE_0001";"";"NE_0001";"NE_0001";"NE_0001";"NE_0001";"NE_0001";"NE_0001";"NE_0001"
"2023";"05";"061004";"CAJAMARCA";"SAN MARCOS";"GREGORIO PITA";"GOBIERNO REGIONAL";"I-1";"00004503";"PUESTO DE SALUD ULLILLIN";"NE_0001";"";"NE_0001";"NE_0001";"NE_0001";"NE_0001";"NE_0001";"NE_0001";"NE_0001"
"2023";"05";"061001";"CAJAMARCA";"SAN MARCOS";"PEDRO GALVEZ";"GOBIERNO REGIONAL";"I-1";"00004504";"EDELMIRA";"NE_0001";"";"NE_0001";"NE_0001";"NE_0001";"NE_0001";"NE_0001";"NE_0001";"NE_0001"
"2023";"05";"061004";"CAJAMARCA";"SAN MARCOS";"GREGORIO PITA";"GOBIERNO REGIONAL";"I-1";"00004506";"PUESTO DE SALUD MANZANILLA";"NE_0001";"";"NE_0001";"NE_0001";"NE_0001";"NE_0001";"NE_0001";"NE_0001";"NE_0001"
"2023";"05";"061004";"CAJAMARCA";"SAN MARCOS";"GREGORIO PITA";"GOBIERNO REGIONAL";"I-2";"00004507";"RIO SECO";"NE_0001";"";"NE_0001";"NE_0001";"NE_0001";"NE_0001";"NE_0001";"NE_0001";"NE_0001"
"2023";"05";"061004";"CAJAMARCA";"SAN MARCOS";"GREGORIO PITA";"GOBIERNO REGIONAL";"I-1";"00004502";"PUESTO DE SALUD MUYOC";"NE_0001";"";"NE_0001";"NE_0001";"NE_0001";"NE_0001";"NE_0001";"NE_0001";"NE_0001"
"2023";"05";"061004";"CAJAMARCA";"SAN MARCOS";"GREGORIO PITA";"GOBIERNO REGIONAL";"I-2";"00004508";"PAUCAMARCA";"NE_0001";"";"NE_0001";"NE_0001";"NE_0001";"NE_0001";"NE_0001";"NE_0001";"NE_0001"
"2023";"05";"061001";"CAJAMARCA";"SAN MARCOS";"PEDRO GALVEZ";"GOBIERNO REGIONAL";"I-1";"00004509";"CONDORMARCA";"NE_0001";"";"NE_0001";"NE_0001";"NE_0001";"NE_0001";"NE_0001";"NE_0001";"NE_0001"
"2023";"05";"061001";"CAJAMARCA";"SAN MARCOS";"PEDRO GALVEZ";"GOBIERNO REGIONAL";"I-1";"00004510";"CHUCO";"NE_0001";"";"NE_0001";"NE_0001";"NE_0001";"NE_0001";"NE_0001";"NE_0001";"NE_0001"
"2023";"03";"250302";"UCAYALI";"PADRE ABAD";"IRAZOLA";"GOBIERNO REGIONAL";"I-1";"00005413";"NUEVO TAHUANTINSUYO";"NE_0001";"";"NE_0001";"NE_0001";"NE_0001";"NE_0001";"NE_0001";"NE_0001";"NE_0001"
"2023";"03";"250302";"UCAYALI";"PADRE ABAD";"IRAZOLA";"GOBIERNO REGIONAL";"I-2";"00005412";"SINCHI ROCA";"NE_0001";"";"NE_0001";"NE_0001";"NE_0001";"NE_0001";"NE_0001";"NE_0001";"NE_0001"
"2023";"03";"250302";"UCAYALI";"PADRE ABAD";"IRAZOLA";"GOBIERNO REGIONAL";"I-2";"00005409";"SAN PEDRO DE CHIO";"NE_0001";"";"NE_0001";"NE_0001";"NE_0001";"NE_0001";"NE_0001";"NE_0001";"NE_0001"
"2023";"03";"250302";"UCAYALI";"PADRE ABAD";"IRAZOLA";"GOBIERNO REGIONAL";"I-2";"00005408";"SAN JUAN KM. 130";"NE_0001";"";"NE_0001";"NE_0001";"NE_0001";"NE_0001";"NE_0001";"NE_0001";"NE_0001"
"2023";"03";"250302";"UCAYALI";"PADRE ABAD";"IRAZOLA";"GOBIERNO REGIONAL";"I-3";"00005396";"SAN ALEJANDRO";"NE_0001";"";"NE_0001";"NE_0001";"NE_0001";"NE_0001";"NE_0001";"NE_0001";"NE_0001"
"2023";"07";"120302";"JUNIN";"CHANCHAMAYO";"PERENE";"GOBIERNO REGIONAL";"I-2";"00000321";"ALTO YURINAKI";"NE_0001";"";"NE_0001";"NE_0001";"NE_0001";"NE_0001";"NE_0001";"NE_0001";"NE_0001"
"2023";"07";"120302";"JUNIN";"CHANCHAMAYO";"PERENE";"GOBIERNO REGIONAL";"I-1";"00014384";"JOSE GALVEZ";"NE_0001";"";"NE_0001";"NE_0001";"NE_0001";"NE_0001";"NE_0001";"NE_0001";"NE_0001"
"2023";"04";"240201";"TUMBES";"CONTRALMIRANTE VILLAR";"ZORRITOS";"ESSALUD";"I-2";"00012273";"POSTA MEDICA ZORRITOS";"NE_0001";"";"NE_0001";"NE_0001";"NE_0001";"NE_0001";"NE_0001";"NE_0001";"NE_0001"
"2023";"07";"210101";"PUNO";"PUNO";"PUNO";"GOBIERNO REGIONAL";"I-4";"00003254";"JOSE ANTONIO ENCINAS";"241600";"HOSPITALIZACIÓN QUIRÚRGICA OBSTETRICIA   ";"15";"15";"25";"167";"5";"210";"0"
"2023";"07";"110201";"ICA";"CHINCHA";"CHINCHA ALTA";"PRIVADO";"II-1";"00017493";"CLINICA GAXAY";"240000";"HOSPITALIZACIÓN";"40";"37";"46";"40";"7";"217";"0"
"2023";"07";"120114";"JUNIN";"HUANCAYO";"EL TAMBO";"PRIVADO";"II-E";"00028966";"CLÍNICA ESPECIALIZADA MIRANDA";"241200";"HOSPITALIZACIÓN QUIRÚRGICA TRAUMATOLOGÍA Y ORTOPEDIA ";"10";"10";"10";"25";"9";"25";"0"
"2023";"07";"120114";"JUNIN";"HUANCAYO";"EL TAMBO";"PRIVADO";"II-E";"00028966";"CLÍNICA ESPECIALIZADA MIRANDA";"245400";"HOSPITALIZACIÓN DE MEDICINA GINECOLOGIA ";"19";"19";"19";"45";"9";"45";"0"
"2023";"07";"120114";"JUNIN";"HUANCAYO";"EL TAMBO";"PRIVADO";"II-E";"00028966";"CLÍNICA ESPECIALIZADA MIRANDA";"240100";"HOSPITALIZACIÓN QUIRÚRGICA CIRUGÍA GENERAL ";"25";"25";"25";"60";"9";"60";"0"
"2023";"07";"120114";"JUNIN";"HUANCAYO";"EL TAMBO";"PRIVADO";"II-E";"00028966";"CLÍNICA ESPECIALIZADA MIRANDA";"241300";"HOSPITALIZACIÓN QUIRÚRGICA UROLOGÍA  ";"1";"1";"1";"10";"9";"10";"0"
"2023";"07";"060101";"CAJAMARCA";"CAJAMARCA";"CAJAMARCA";"GOBIERNO REGIONAL";"II-2";"00007686";"HOSPITAL REGIONAL DOCENTE CAJAMARCA";"240100";"HOSPITALIZACIÓN QUIRÚRGICA CIRUGÍA GENERAL ";"273";"258";"1534";"1661";"72";"2232";"3"
"2023";"07";"060101";"CAJAMARCA";"CAJAMARCA";"CAJAMARCA";"GOBIERNO REGIONAL";"II-2";"00007686";"HOSPITAL REGIONAL DOCENTE CAJAMARCA";"241400";"HOSPITALIZACIÓN QUIRÚRGICA GINECO - OBSTETRICIA ";"344";"349";"885";"824";"35";"1085";"0"
"2023";"07";"060101";"CAJAMARCA";"CAJAMARCA";"CAJAMARCA";"GOBIERNO REGIONAL";"II-2";"00007686";"HOSPITAL REGIONAL DOCENTE CAJAMARCA";"241800";"HOSPITALIZACIÓN DE MEDICINA MEDICINA GENERAL ";"171";"168";"922";"968";"32";"992";"12"
"2023";"07";"060101";"CAJAMARCA";"CAJAMARCA";"CAJAMARCA";"GOBIERNO REGIONAL";"II-2";"00007686";"HOSPITAL REGIONAL DOCENTE CAJAMARCA";"243200";"HOSPITALIZACIÓN DE PEDIATRÍA PEDIATRIA NEONATOLOGÍA";"103";"85";"730";"984";"35";"1085";"0"
"2023";"07";"060101";"CAJAMARCA";"CAJAMARCA";"CAJAMARCA";"GOBIERNO REGIONAL";"II-2";"00007686";"HOSPITAL REGIONAL DOCENTE CAJAMARCA";"242500";"HOSPITALIZACIÓN-PEDIATRÍA GENERAL-";"67";"62";"381";"447";"17";"527";"0"
"2023";"07";"060101";"CAJAMARCA";"CAJAMARCA";"CAJAMARCA";"GOBIERNO REGIONAL";"II-2";"00007686";"HOSPITAL REGIONAL DOCENTE CAJAMARCA";"250103";"UNIDAD DE CUIDADOS CRITICOS UNIDAD  DE CUIDADOS INTENSIVOS GENERALES  (UCI) MEDICINA";"26";"25";"935";"358";"13";"403";"4"
"2023";"07";"060101";"CAJAMARCA";"CAJAMARCA";"CAJAMARCA";"GOBIERNO REGIONAL";"II-2";"00007686";"HOSPITAL REGIONAL DOCENTE CAJAMARCA";"250200";"UNIDAD DE CUIDADOS CRITICOS UNIDAD DE CUIDADOS INTERMEDIOS GENERAL  (UCIN) ";"15";"15";"127";"168";"6";"186";"0"
"2023";"07";"060101";"CAJAMARCA";"CAJAMARCA";"CAJAMARCA";"GOBIERNO REGIONAL";"II-2";"00007686";"HOSPITAL REGIONAL DOCENTE CAJAMARCA";"250105";"UNIDAD DE CUIDADOS CRITICOS UNIDAD  DE CUIDADOS INTENSIVOS  (UCI) NEONATOLOGÍA";"29";"42";"356";"368";"15";"465";"8"
"2023";"07";"060101";"CAJAMARCA";"CAJAMARCA";"CAJAMARCA";"GOBIERNO REGIONAL";"II-2";"00007686";"HOSPITAL REGIONAL DOCENTE CAJAMARCA";"242200";"HOSPITALIZACIÓN DE MEDICINA PSIQUIATRÍA ";"5";"4";"90";"161";"6";"186";"0"
"2023";"07";"030201";"APURIMAC";"ANDAHUAYLAS";"ANDAHUAYLAS";"ESSALUD";"II-1";"00011214";"HOSPITAL I SANTA MARGARITA";"241800";"HOSPITALIZACIÓN DE MEDICINA MEDICINA GENERAL ";"37";"33";"184";"170";"6";"186";"0"
"2023";"07";"030201";"APURIMAC";"ANDAHUAYLAS";"ANDAHUAYLAS";"ESSALUD";"II-1";"00011214";"HOSPITAL I SANTA MARGARITA";"240100";"HOSPITALIZACIÓN QUIRÚRGICA CIRUGÍA GENERAL ";"27";"22";"104";"98";"4";"124";"0"
"2023";"07";"030201";"APURIMAC";"ANDAHUAYLAS";"ANDAHUAYLAS";"ESSALUD";"II-1";"00011214";"HOSPITAL I SANTA MARGARITA";"241400";"HOSPITALIZACIÓN QUIRÚRGICA GINECO - OBSTETRICIA ";"9";"6";"28";"28";"1";"31";"0"
"2023";"07";"030201";"APURIMAC";"ANDAHUAYLAS";"ANDAHUAYLAS";"ESSALUD";"II-1";"00011214";"HOSPITAL I SANTA MARGARITA";"241600";"HOSPITALIZACIÓN QUIRÚRGICA OBSTETRICIA   ";"39";"38";"92";"83";"3";"93";"0"
"2023";"07";"030201";"APURIMAC";"ANDAHUAYLAS";"ANDAHUAYLAS";"ESSALUD";"II-1";"00011214";"HOSPITAL I SANTA MARGARITA";"242300";"HOSPITALIZACIÓN DE PEDIATRÍA  PEDIATRÍA  GENERAL ";"7";"7";"31";"28";"2";"62";"0"
"2023";"07";"060802";"CAJAMARCA";"JAEN";"BELLAVISTA";"GOBIERNO REGIONAL";"I-3";"00004225";"AMBATO TAMBORAPA";"NE_0001";"";"NE_0001";"NE_0001";"NE_0001";"NE_0001";"NE_0001";"NE_0001";"NE_0001"
"2023";"07";"150103";"LIMA";"LIMA";"ATE";"PRIVADO";"II-1";"00018584";"CLINICA MARIA DEL SOCORRO";"240000";"HOSPITALIZACIÓN";"128";"128";"201";"221";"20";"620";"0"
"2023";"08";"030201";"APURIMAC";"ANDAHUAYLAS";"ANDAHUAYLAS";"GOBIERNO REGIONAL";"II-2";"00004131";"HOSPITAL SUBREGIONAL DE ANDAHUAYLAS";"250103";"UNIDAD DE CUIDADOS CRITICOS UNIDAD  DE CUIDADOS INTENSIVOS GENERALES  (UCI) MEDICINA";"4";"6";"91";"51";"4";"119";"3"
"2023";"08";"030201";"APURIMAC";"ANDAHUAYLAS";"ANDAHUAYLAS";"GOBIERNO REGIONAL";"II-2";"00004131";"HOSPITAL SUBREGIONAL DE ANDAHUAYLAS";"250105";"UNIDAD DE CUIDADOS CRITICOS UNIDAD  DE CUIDADOS INTENSIVOS  (UCI) NEONATOLOGÍA";"8";"2";"2";"59";"3";"95";"1"
"2023";"08";"030201";"APURIMAC";"ANDAHUAYLAS";"ANDAHUAYLAS";"GOBIERNO REGIONAL";"II-2";"00004131";"HOSPITAL SUBREGIONAL DE ANDAHUAYLAS";"250108";"UNIDAD DE CUIDADOS CRITICOS UNIDAD  DE CUIDADOS INTENSIVOS  (UCI) PEDIÁTRICA";"3";"2";"10";"30";"2";"61";"0"
"2023";"08";"030201";"APURIMAC";"ANDAHUAYLAS";"ANDAHUAYLAS";"GOBIERNO REGIONAL";"II-2";"00004131";"HOSPITAL SUBREGIONAL DE ANDAHUAYLAS";"250200";"UNIDAD DE CUIDADOS CRITICOS UNIDAD DE CUIDADOS INTERMEDIOS GENERAL  (UCIN) ";"8";"4";"11";"50";"3";"91";"2"
"2023";"08";"050601";"AYACUCHO";"LUCANAS";"PUQUIO";"GOBIERNO REGIONAL";"II-1";"00003727";"HOSPITAL DE APOYO DE PUQUIO ""FELIPE HUAMÁN POMA DE AYALA""";"240100";"HOSPITALIZACIÓN QUIRÚRGICA CIRUGÍA GENERAL ";"15";"15";"38";"15";"8";"248";"1"
"2023";"08";"050601";"AYACUCHO";"LUCANAS";"PUQUIO";"GOBIERNO REGIONAL";"II-1";"00003727";"HOSPITAL DE APOYO DE PUQUIO ""FELIPE HUAMÁN POMA DE AYALA""";"241400";"HOSPITALIZACIÓN QUIRÚRGICA GINECO - OBSTETRICIA ";"2";"2";"6";"2";"2";"62";"0"
"2023";"08";"050601";"AYACUCHO";"LUCANAS";"PUQUIO";"GOBIERNO REGIONAL";"II-1";"00003727";"HOSPITAL DE APOYO DE PUQUIO ""FELIPE HUAMÁN POMA DE AYALA""";"241500";"HOSPITALIZACIÓN QUIRÚRGICA GINECOLOGÍA  ";"14";"14";"27";"14";"2";"62";"0"
"2023";"08";"050601";"AYACUCHO";"LUCANAS";"PUQUIO";"GOBIERNO REGIONAL";"II-1";"00003727";"HOSPITAL DE APOYO DE PUQUIO ""FELIPE HUAMÁN POMA DE AYALA""";"241600";"HOSPITALIZACIÓN QUIRÚRGICA OBSTETRICIA   ";"30";"31";"63";"30";"8";"248";"0"
"2023";"08";"050601";"AYACUCHO";"LUCANAS";"PUQUIO";"GOBIERNO REGIONAL";"II-1";"00003727";"HOSPITAL DE APOYO DE PUQUIO ""FELIPE HUAMÁN POMA DE AYALA""";"241800";"HOSPITALIZACIÓN DE MEDICINA MEDICINA GENERAL ";"10";"10";"49";"10";"10";"310";"0"
"2023";"08";"050601";"AYACUCHO";"LUCANAS";"PUQUIO";"GOBIERNO REGIONAL";"II-1";"00003727";"HOSPITAL DE APOYO DE PUQUIO ""FELIPE HUAMÁN POMA DE AYALA""";"242200";"HOSPITALIZACIÓN DE MEDICINA PSIQUIATRÍA ";"3";"5";"66";"3";"2";"62";"0"
"2023";"08";"050601";"AYACUCHO";"LUCANAS";"PUQUIO";"GOBIERNO REGIONAL";"II-1";"00003727";"HOSPITAL DE APOYO DE PUQUIO ""FELIPE HUAMÁN POMA DE AYALA""";"242500";"HOSPITALIZACIÓN-PEDIATRÍA GENERAL-";"4";"6";"19";"4";"11";"341";"0"
"2023";"08";"050601";"AYACUCHO";"LUCANAS";"PUQUIO";"GOBIERNO REGIONAL";"II-1";"00003727";"HOSPITAL DE APOYO DE PUQUIO ""FELIPE HUAMÁN POMA DE AYALA""";"243200";"HOSPITALIZACIÓN DE PEDIATRÍA PEDIATRIA NEONATOLOGÍA";"4";"4";"6";"4";"7";"217";"0"
"2023";"08";"150110";"LIMA";"LIMA";"COMAS";"PRIVADO";"I-3";"00025575";"CENTRO CLÍNICO SAN NICOLAS";"NE_0001";"";"NE_0001";"NE_0001";"NE_0001";"NE_0001";"NE_0001";"NE_0001";"NE_0001"
"2023";"08";"150117";"LIMA";"LIMA";"LOS OLIVOS";"PRIVADO";"II-E";"00017385";"CLINICA SAN BARTOLOME";"240000";"HOSPITALIZACIÓN";"20";"24";"14";"21";"7";"217";"0"
"2023";"08";"150114";"LIMA";"LIMA";"LA MOLINA";"ESSALUD";"II-1";"00010135";"HOSPITAL I CARLOS ALCANTARA BUTTERFIELD";"241800";"HOSPITALIZACIÓN DE MEDICINA MEDICINA GENERAL ";"43";"46";"346";"293";"10";"310";"2"
"2023";"08";"150114";"LIMA";"LIMA";"LA MOLINA";"ESSALUD";"II-1";"00010135";"HOSPITAL I CARLOS ALCANTARA BUTTERFIELD";"250304";"HOSPIT. EN UNIDAD DE CUID.INTEN.-UNIDAD DE VIGILANCIA INTENSIVA (UVI)-MEDICINA";"22";"18";"142";"83";"7";"217";"4"
"2023";"08";"150114";"LIMA";"LIMA";"LA MOLINA";"ESSALUD";"II-1";"00010135";"HOSPITAL I CARLOS ALCANTARA BUTTERFIELD";"240100";"HOSPITALIZACIÓN QUIRÚRGICA CIRUGÍA GENERAL ";"237";"237";"473";"471";"19";"589";"0"
"2023";"08";"150114";"LIMA";"LIMA";"LA MOLINA";"ESSALUD";"II-1";"00010135";"HOSPITAL I CARLOS ALCANTARA BUTTERFIELD";"242500";"HOSPITALIZACIÓN-PEDIATRÍA GENERAL-";"26";"30";"93";"101";"4";"124";"0"
"2023";"08";"150114";"LIMA";"LIMA";"LA MOLINA";"ESSALUD";"II-1";"00010135";"HOSPITAL I CARLOS ALCANTARA BUTTERFIELD";"241600";"HOSPITALIZACIÓN QUIRÚRGICA OBSTETRICIA   ";"67";"65";"166";"209";"8";"248";"0"
"2023";"08";"150133";"LIMA";"LIMA";"SAN JUAN DE MIRAFLORES";"PRIVADO";"II-E";"00017676";"OFTALMOSALUD";"NE_0001";"";"NE_0001";"NE_0001";"NE_0001";"NE_0001";"NE_0001";"NE_0001";"NE_0001"
"2023";"08";"150131";"LIMA";"LIMA";"SAN ISIDRO";"PRIVADO";"I-4";"00008389";"IPOR: INSTITUTO PERUANO DE ONCOLOGIA & RADIOTERAPIA";"NE_0001";"";"NE_0001";"NE_0001";"NE_0001";"NE_0001";"NE_0001";"NE_0001";"NE_0001"
"2023";"08";"150130";"LIMA";"LIMA";"SAN BORJA";"PRIVADO";"II-E";"00017634";"CLINICA ONCOSALUD";"240000";"HOSPITALIZACIÓN";"326";"312";"2206";"2343";"69";"2139";"16"
"2023";"08";"140101";"LAMBAYEQUE";"CHICLAYO";"CHICLAYO";"PRIVADO";"II-E";"00030057";"CLINICAS AUNAS SEDE CHICLAYO";"240000";"HOSPITALIZACIÓN";"237";"223";"769";"837";"41";"1271";"0"
"2023";"08";"140101";"LAMBAYEQUE";"CHICLAYO";"CHICLAYO";"PRIVADO";"II-E";"00030057";"CLINICAS AUNAS SEDE CHICLAYO";"250100";"UNIDAD DE CUIDADOS CRITICOS UNIDAD  DE CUIDADOS INTENSIVOS GENERALES (UCI) ";"6";"1";"4";"51";"6";"186";"0"
"2023";"08";"200601";"PIURA";"SULLANA";"SULLANA";"PRIVADO";"II-1";"00010777";"CLINICA VIRGEN DEL PILAR SCRL";"241900";"HOSPITALIZACIÓN DE MEDICINA MEDICINA INTERNA ";"3";"3";"70";"82";"24";"250";"1"
"2023";"08";"200601";"PIURA";"SULLANA";"SULLANA";"PRIVADO";"II-1";"00010777";"CLINICA VIRGEN DEL PILAR SCRL";"240100";"HOSPITALIZACIÓN QUIRÚRGICA CIRUGÍA GENERAL ";"29";"29";"168";"198";"24";"510";"0"
"2023";"08";"080701";"CUSCO";"CHUMBIVILCAS";"SANTO TOMAS";"GOBIERNO REGIONAL";"I-1";"00007111";"YAVINA";"NE_0001";"";"NE_0001";"NE_0001";"NE_0001";"NE_0001";"NE_0001";"NE_0001";"NE_0001"
"2023";"08";"080701";"CUSCO";"CHUMBIVILCAS";"SANTO TOMAS";"GOBIERNO REGIONAL";"I-2";"00008915";"PFULLPURI CONDEPAMPA";"NE_0001";"";"NE_0001";"NE_0001";"NE_0001";"NE_0001";"NE_0001";"NE_0001";"NE_0001"
"2023";"08";"080701";"CUSCO";"CHUMBIVILCAS";"SANTO TOMAS";"GOBIERNO REGIONAL";"I-1";"00006983";"ORCCOMA";"NE_0001";"";"NE_0001";"NE_0001";"NE_0001";"NE_0001";"NE_0001";"NE_0001";"NE_0001"
"2023";"08";"080707";"CUSCO";"CHUMBIVILCAS";"QUIÑOTA";"GOBIERNO REGIONAL";"I-1";"00007112";"YORENCCA";"NE_0001";"";"NE_0001";"NE_0001";"NE_0001";"NE_0001";"NE_0001";"NE_0001";"NE_0001"
"2023";"08";"080704";"CUSCO";"CHUMBIVILCAS";"COLQUEMARCA";"GOBIERNO REGIONAL";"I-1";"00008913";"HUARACO";"NE_0001";"";"NE_0001";"NE_0001";"NE_0001";"NE_0001";"NE_0001";"NE_0001";"NE_0001"
"2023";"08";"080701";"CUSCO";"CHUMBIVILCAS";"SANTO TOMAS";"GOBIERNO REGIONAL";"I-2";"00002400";"ALHUACCHULLO";"NE_0001";"";"NE_0001";"NE_0001";"NE_0001";"NE_0001";"NE_0001";"NE_0001";"NE_0001"
"2023";"08";"060802";"CAJAMARCA";"JAEN";"BELLAVISTA";"GOBIERNO REGIONAL";"II-1";"00004223";"SAN JAVIER BELLAVISTA";"242500";"HOSPITALIZACIÓN-PEDIATRÍA GENERAL-";"12";"12";"28";"38";"3";"93";"0"
"2023";"08";"060802";"CAJAMARCA";"JAEN";"BELLAVISTA";"GOBIERNO REGIONAL";"II-1";"00004223";"SAN JAVIER BELLAVISTA";"241800";"HOSPITALIZACIÓN DE MEDICINA MEDICINA GENERAL ";"24";"30";"75";"100";"4";"124";"0"
"2023";"08";"060802";"CAJAMARCA";"JAEN";"BELLAVISTA";"GOBIERNO REGIONAL";"II-1";"00004223";"SAN JAVIER BELLAVISTA";"241400";"HOSPITALIZACIÓN QUIRÚRGICA GINECO - OBSTETRICIA ";"3";"3";"9";"12";"4";"124";"0"
"2023";"08";"060802";"CAJAMARCA";"JAEN";"BELLAVISTA";"GOBIERNO REGIONAL";"II-1";"00004223";"SAN JAVIER BELLAVISTA";"241500";"HOSPITALIZACIÓN QUIRÚRGICA GINECOLOGÍA  ";"2";"2";"2";"3";"4";"124";"0"
"2023";"08";"060802";"CAJAMARCA";"JAEN";"BELLAVISTA";"GOBIERNO REGIONAL";"II-1";"00004223";"SAN JAVIER BELLAVISTA";"241600";"HOSPITALIZACIÓN QUIRÚRGICA OBSTETRICIA   ";"9";"9";"17";"26";"4";"124";"0"
"2023";"08";"060802";"CAJAMARCA";"JAEN";"BELLAVISTA";"GOBIERNO REGIONAL";"II-1";"00004223";"SAN JAVIER BELLAVISTA";"240100";"HOSPITALIZACIÓN QUIRÚRGICA CIRUGÍA GENERAL ";"NE_0002";"NE_0002";"NE_0002";"NE_0002";"2";"62";"0"
"2023";"08";"120504";"JUNIN";"JUNIN";"ULCUMAYO";"GOBIERNO REGIONAL";"I-1";"00000603";"YAPACMARCA";"NE_0001";"";"NE_0001";"NE_0001";"NE_0001";"NE_0001";"NE_0001";"NE_0001";"NE_0001"
"2023";"08";"120504";"JUNIN";"JUNIN";"ULCUMAYO";"GOBIERNO REGIONAL";"I-1";"00000607";"PISCURRURAY";"NE_0001";"";"NE_0001";"NE_0001";"NE_0001";"NE_0001";"NE_0001";"NE_0001";"NE_0001"
"2023";"08";"120504";"JUNIN";"JUNIN";"ULCUMAYO";"GOBIERNO REGIONAL";"I-3";"00000601";"ULCUMAYO";"NE_0001";"";"NE_0001";"NE_0001";"NE_0001";"NE_0001";"NE_0001";"NE_0001";"NE_0001"
"2023";"08";"120504";"JUNIN";"JUNIN";"ULCUMAYO";"GOBIERNO REGIONAL";"I-1";"00000606";"QUIPACANCHA";"NE_0001";"";"NE_0001";"NE_0001";"NE_0001";"NE_0001";"NE_0001";"NE_0001";"NE_0001"
"2023";"08";"150132";"LIMA";"LIMA";"SAN JUAN DE LURIGANCHO";"PRIVADO";"II-2";"00009104";"CLINICA SAN MIGUEL ARCANGEL S.A.C.";"241800";"HOSPITALIZACIÓN DE MEDICINA MEDICINA GENERAL ";"5";"5";"8";"8";"2";"62";"0"
"2023";"08";"150132";"LIMA";"LIMA";"SAN JUAN DE LURIGANCHO";"PRIVADO";"II-2";"00009104";"CLINICA SAN MIGUEL ARCANGEL S.A.C.";"241900";"HOSPITALIZACIÓN DE MEDICINA MEDICINA INTERNA ";"1";"1";"1";"1";"2";"62";"0"
"2023";"08";"150132";"LIMA";"LIMA";"SAN JUAN DE LURIGANCHO";"PRIVADO";"II-2";"00009104";"CLINICA SAN MIGUEL ARCANGEL S.A.C.";"240100";"HOSPITALIZACIÓN QUIRÚRGICA CIRUGÍA GENERAL ";"10";"10";"14";"14";"3";"93";"0"
"2023";"08";"150132";"LIMA";"LIMA";"SAN JUAN DE LURIGANCHO";"PRIVADO";"II-2";"00009104";"CLINICA SAN MIGUEL ARCANGEL S.A.C.";"241400";"HOSPITALIZACIÓN QUIRÚRGICA GINECO - OBSTETRICIA ";"5";"4";"8";"37";"3";"93";"0"
"2023";"08";"060801";"CAJAMARCA";"JAEN";"JAEN";"PRIVADO";"II-1";"00015269";"CLINICA SAN FERNANDO E.I.R.L";"241800";"HOSPITALIZACIÓN DE MEDICINA MEDICINA GENERAL ";"3";"2";"16";"5";"18";"24";"0"
"2023";"08";"060801";"CAJAMARCA";"JAEN";"JAEN";"PRIVADO";"II-1";"00015269";"CLINICA SAN FERNANDO E.I.R.L";"241900";"HOSPITALIZACIÓN DE MEDICINA MEDICINA INTERNA ";"4";"2";"12";"6";"18";"24";"0"
"2023";"08";"060801";"CAJAMARCA";"JAEN";"JAEN";"PRIVADO";"II-1";"00015269";"CLINICA SAN FERNANDO E.I.R.L";"241200";"HOSPITALIZACIÓN QUIRÚRGICA TRAUMATOLOGÍA Y ORTOPEDIA ";"5";"4";"1";"12";"18";"24";"0"
"2023";"08";"060801";"CAJAMARCA";"JAEN";"JAEN";"PRIVADO";"II-1";"00015269";"CLINICA SAN FERNANDO E.I.R.L";"241200";"HOSPITALIZACIÓN QUIRÚRGICA TRAUMATOLOGÍA Y ORTOPEDIA ";"6";"4";"14";"10";"18";"24";"0"
"2023";"08";"060801";"CAJAMARCA";"JAEN";"JAEN";"PRIVADO";"II-1";"00015269";"CLINICA SAN FERNANDO E.I.R.L";"241200";"HOSPITALIZACIÓN QUIRÚRGICA TRAUMATOLOGÍA Y ORTOPEDIA ";"6";"4";"14";"10";"18";"24";"0"
"2023";"08";"060801";"CAJAMARCA";"JAEN";"JAEN";"PRIVADO";"II-1";"00015269";"CLINICA SAN FERNANDO E.I.R.L";"241200";"HOSPITALIZACIÓN QUIRÚRGICA TRAUMATOLOGÍA Y ORTOPEDIA ";"3";"4";"14";"12";"18";"24";"0"
"2023";"08";"080105";"CUSCO";"CUSCO";"SAN SEBASTIAN";"GOBIERNO REGIONAL";"I-2";"00026181";"MENTAL SAN SEBASTIAN";"NE_0001";"";"NE_0001";"NE_0001";"NE_0001";"NE_0001";"NE_0001";"NE_0001";"NE_0001"
"2023";"08";"200101";"PIURA";"PIURA";"PIURA";"PRIVADO";"II-E";"00014092";"CLINICA SANTIVAÑEZ";"240800";"HOSPITALIZACIÓN QUIRÚRGICA CIRUGÍA PLÁSTICA/RECONSTRUCTIVA/ REPARADORA ";"14";"14";"14";"14";"3";"93";"0"
"2023";"08";"130401";"LA LIBERTAD";"CHEPEN";"CHEPEN";"GOBIERNO REGIONAL";"II-1";"00005299";"HOSPITAL DE APOYO CHEPEN";"240100";"HOSPITALIZACIÓN QUIRÚRGICA CIRUGÍA GENERAL ";"42";"44";"208";"223";"20";"620";"0"
"2023";"08";"130401";"LA LIBERTAD";"CHEPEN";"CHEPEN";"GOBIERNO REGIONAL";"II-1";"00005299";"HOSPITAL DE APOYO CHEPEN";"241400";"HOSPITALIZACIÓN QUIRÚRGICA GINECO - OBSTETRICIA ";"120";"121";"263";"297";"24";"744";"0"
"2023";"08";"130401";"LA LIBERTAD";"CHEPEN";"CHEPEN";"GOBIERNO REGIONAL";"II-1";"00005299";"HOSPITAL DE APOYO CHEPEN";"241800";"HOSPITALIZACIÓN DE MEDICINA MEDICINA GENERAL ";"55";"53";"239";"290";"15";"465";"4"
"2023";"08";"130401";"LA LIBERTAD";"CHEPEN";"CHEPEN";"GOBIERNO REGIONAL";"II-1";"00005299";"HOSPITAL DE APOYO CHEPEN";"242500";"HOSPITALIZACIÓN-PEDIATRÍA GENERAL-";"29";"32";"87";"77";"22";"682";"0"
"2023";"08";"080104";"CUSCO";"CUSCO";"SAN JERONIMO";"GOBIERNO REGIONAL";"0";"00030727";"PATRÓN SAN SEBASTIAN";"NE_0001";"";"NE_0001";"NE_0001";"NE_0001";"NE_0001";"NE_0001";"NE_0001";"NE_0001"
"2023";"08";"130111";"LA LIBERTAD";"TRUJILLO";"VICTOR LARCO HERRERA";"GOBIERNO REGIONAL";"II-1";"00005243";"HOSPITAL DISTRITAL VISTA ALEGRE";"241400";"HOSPITALIZACIÓN QUIRÚRGICA GINECO - OBSTETRICIA ";"27";"27";"45";"45";"8";"248";"0"
"2023";"08";"140106";"LAMBAYEQUE";"CHICLAYO";"LA VICTORIA";"PRIVADO";"II-E";"00010972";"HOSPITAL PRIVADO JUAN PABLO II SAC";"240000";"HOSPITALIZACIÓN";"34";"231";"741";"370";"38";"1178";"4"
"2023";"08";"080105";"CUSCO";"CUSCO";"SAN SEBASTIAN";"GOBIERNO REGIONAL";"II-E";"00025210";"TUPAC AMARU";"243200";"HOSPITALIZACIÓN DE PEDIATRÍA PEDIATRIA NEONATOLOGÍA";"20";"20";"74";"74";"8";"248";"0"
"2023";"08";"080105";"CUSCO";"CUSCO";"SAN SEBASTIAN";"GOBIERNO REGIONAL";"II-E";"00025210";"TUPAC AMARU";"245400";"HOSPITALIZACIÓN DE MEDICINA GINECOLOGIA ";"49";"51";"102";"98";"12";"372";"0"
"2023";"08";"230101";"TACNA";"TACNA";"TACNA";"PRIVADO";"I-4";"00011466";"CLINICA ISABEL";"240000";"HOSPITALIZACIÓN";"3";"3";"3";"1";"1";"31";"0"
"2023";"08";"230101";"TACNA";"TACNA";"TACNA";"PRIVADO";"I-4";"00011466";"CLINICA ISABEL";"240000";"HOSPITALIZACIÓN";"4";"4";"2";"1";"1";"31";"0"
"2023";"08";"230101";"TACNA";"TACNA";"TACNA";"PRIVADO";"I-4";"00011466";"CLINICA ISABEL";"240000";"HOSPITALIZACIÓN";"4";"4";"2";"1";"1";"31";"0"
"2023";"08";"230101";"TACNA";"TACNA";"TACNA";"PRIVADO";"I-4";"00011466";"CLINICA ISABEL";"240000";"HOSPITALIZACIÓN";"4";"4";"2";"1";"1";"31";"0"
"2023";"08";"230101";"TACNA";"TACNA";"TACNA";"PRIVADO";"I-4";"00011466";"CLINICA ISABEL";"240000";"HOSPITALIZACIÓN";"3";"3";"2";"1";"1";"31";"0"
"2023";"08";"230101";"TACNA";"TACNA";"TACNA";"PRIVADO";"I-4";"00011466";"CLINICA ISABEL";"240000";"HOSPITALIZACIÓN";"3";"3";"3";"1";"1";"31";"0"
"2023";"08";"230101";"TACNA";"TACNA";"TACNA";"PRIVADO";"I-4";"00011466";"CLINICA ISABEL";"240000";"HOSPITALIZACIÓN";"2";"2";"1";"1";"1";"31";"0"
"2023";"08";"230101";"TACNA";"TACNA";"TACNA";"PRIVADO";"I-4";"00011466";"CLINICA ISABEL";"240000";"HOSPITALIZACIÓN";"2";"2";"1";"1";"1";"31";"0"
"2023";"03";"040107";"AREQUIPA";"AREQUIPA";"JACOBO HUNTER";"GOBIERNO REGIONAL";"I-2";"00001273";"PUESTO DE SALUD DANIEL ALCIDES CARRION";"NE_0001";"";"NE_0001";"NE_0001";"NE_0001";"NE_0001";"NE_0001";"NE_0001";"NE_0001"
"2023";"03";"150136";"LIMA";"LIMA";"SAN MIGUEL";"PRIVADO";"II-2";"00012666";"CLINICA PROVIDENCIA";"240000";"HOSPITALIZACIÓN";"309";"293";"835";"309";"45";"60";"0"
"2023";"03";"150136";"LIMA";"LIMA";"SAN MIGUEL";"PRIVADO";"II-2";"00012666";"CLINICA PROVIDENCIA";"250100";"UNIDAD DE CUIDADOS CRITICOS UNIDAD  DE CUIDADOS INTENSIVOS GENERALES (UCI) ";"12";"6";"21";"12";"10";"12";"0"
"2023";"03";"150136";"LIMA";"LIMA";"SAN MIGUEL";"PRIVADO";"II-2";"00012666";"CLINICA PROVIDENCIA";"250105";"UNIDAD DE CUIDADOS CRITICOS UNIDAD  DE CUIDADOS INTENSIVOS  (UCI) NEONATOLOGÍA";"6";"5";"45";"6";"5";"7";"0"
"2023";"03";"150136";"LIMA";"LIMA";"SAN MIGUEL";"PRIVADO";"II-2";"00012666";"CLINICA PROVIDENCIA";"250108";"UNIDAD DE CUIDADOS CRITICOS UNIDAD  DE CUIDADOS INTENSIVOS  (UCI) PEDIÁTRICA";"9";"8";"50";"9";"8";"10";"0"
"2023";"03";"190301";"PASCO";"OXAPAMPA";"OXAPAMPA";"ESSALUD";"II-1";"00009748";"HOSPITAL I OXAPAMPA";"241800";"HOSPITALIZACIÓN DE MEDICINA MEDICINA GENERAL ";"24";"24";"86";"112";"6";"124";"0"
"2023";"03";"190301";"PASCO";"OXAPAMPA";"OXAPAMPA";"ESSALUD";"II-1";"00009748";"HOSPITAL I OXAPAMPA";"240100";"HOSPITALIZACIÓN QUIRÚRGICA CIRUGÍA GENERAL ";"24";"24";"62";"88";"3";"93";"0"
"2023";"03";"190301";"PASCO";"OXAPAMPA";"OXAPAMPA";"ESSALUD";"II-1";"00009748";"HOSPITAL I OXAPAMPA";"241400";"HOSPITALIZACIÓN QUIRÚRGICA GINECO - OBSTETRICIA ";"19";"19";"51";"72";"3";"93";"0"
"2023";"03";"190301";"PASCO";"OXAPAMPA";"OXAPAMPA";"ESSALUD";"II-1";"00009748";"HOSPITAL I OXAPAMPA";"242300";"HOSPITALIZACIÓN DE PEDIATRÍA  PEDIATRÍA  GENERAL ";"14";"14";"28";"42";"2";"62";"0"
"2023";"03";"220405";"SAN MARTIN";"HUALLAGA";"SACANCHE";"GOBIERNO REGIONAL";"I-1";"00027002";"LA UNION";"NE_0001";"";"NE_0001";"NE_0001";"NE_0001";"NE_0001";"NE_0001";"NE_0001";"NE_0001"
"2023";"03";"220403";"SAN MARTIN";"HUALLAGA";"EL ESLABON";"GOBIERNO REGIONAL";"I-3";"00006542";"EL ESLABON";"NE_0001";"";"NE_0001";"NE_0001";"NE_0001";"NE_0001";"NE_0001";"NE_0001";"NE_0001"
"2023";"03";"220403";"SAN MARTIN";"HUALLAGA";"EL ESLABON";"GOBIERNO REGIONAL";"I-1";"00006544";"COLLPA";"NE_0001";"";"NE_0001";"NE_0001";"NE_0001";"NE_0001";"NE_0001";"NE_0001";"NE_0001"
"2023";"03";"220404";"SAN MARTIN";"HUALLAGA";"PISCOYACU";"GOBIERNO REGIONAL";"I-2";"00006545";"NUEVO SACANCHE";"NE_0001";"";"NE_0001";"NE_0001";"NE_0001";"NE_0001";"NE_0001";"NE_0001";"NE_0001"
"2023";"03";"220405";"SAN MARTIN";"HUALLAGA";"SACANCHE";"GOBIERNO REGIONAL";"I-1";"00027002";"LA UNION";"NE_0001";"";"NE_0001";"NE_0001";"NE_0001";"NE_0001";"NE_0001";"NE_0001";"NE_0001"
"2023";"03";"220403";"SAN MARTIN";"HUALLAGA";"EL ESLABON";"GOBIERNO REGIONAL";"I-3";"00006542";"EL ESLABON";"NE_0001";"";"NE_0001";"NE_0001";"NE_0001";"NE_0001";"NE_0001";"NE_0001";"NE_0001"
"2023";"03";"220403";"SAN MARTIN";"HUALLAGA";"EL ESLABON";"GOBIERNO REGIONAL";"I-1";"00006544";"COLLPA";"NE_0001";"";"NE_0001";"NE_0001";"NE_0001";"NE_0001";"NE_0001";"NE_0001";"NE_0001"
"2023";"03";"220405";"SAN MARTIN";"HUALLAGA";"SACANCHE";"GOBIERNO REGIONAL";"I-3";"00006543";"SACANCHE";"241600";"HOSPITALIZACIÓN QUIRÚRGICA OBSTETRICIA   ";"1";"1";"2";"2";"2";"3";"0"
"2023";"03";"220404";"SAN MARTIN";"HUALLAGA";"PISCOYACU";"GOBIERNO REGIONAL";"I-2";"00006545";"NUEVO SACANCHE";"NE_0001";"";"NE_0001";"NE_0001";"NE_0001";"NE_0001";"NE_0001";"NE_0001";"NE_0001"
"2023";"03";"220405";"SAN MARTIN";"HUALLAGA";"SACANCHE";"GOBIERNO REGIONAL";"I-1";"00027002";"LA UNION";"NE_0001";"";"NE_0001";"NE_0001";"NE_0001";"NE_0001";"NE_0001";"NE_0001";"NE_0001"
"2023";"03";"220403";"SAN MARTIN";"HUALLAGA";"EL ESLABON";"GOBIERNO REGIONAL";"I-3";"00006542";"EL ESLABON";"NE_0001";"";"NE_0001";"NE_0001";"NE_0001";"NE_0001";"NE_0001";"NE_0001";"NE_0001"
"2023";"03";"220403";"SAN MARTIN";"HUALLAGA";"EL ESLABON";"GOBIERNO REGIONAL";"I-1";"00006544";"COLLPA";"NE_0001";"";"NE_0001";"NE_0001";"NE_0001";"NE_0001";"NE_0001";"NE_0001";"NE_0001"
"2023";"04";"030101";"APURIMAC";"ABANCAY";"ABANCAY";"ESSALUD";"II-2";"00011213";"HOSPITAL II ESSALUD ABANCAY";"241900";"HOSPITALIZACIÓN DE MEDICINA MEDICINA INTERNA ";"57";"51";"326";"426";"13";"426";"3"
"2023";"04";"030101";"APURIMAC";"ABANCAY";"ABANCAY";"ESSALUD";"II-2";"00011213";"HOSPITAL II ESSALUD ABANCAY";"250100";"UNIDAD DE CUIDADOS CRITICOS UNIDAD  DE CUIDADOS INTENSIVOS GENERALES (UCI) ";"2";"2";"21";"109";"5";"155";"0"
"2023";"04";"030101";"APURIMAC";"ABANCAY";"ABANCAY";"ESSALUD";"II-2";"00011213";"HOSPITAL II ESSALUD ABANCAY";"240100";"HOSPITALIZACIÓN QUIRÚRGICA CIRUGÍA GENERAL ";"91";"91";"362";"440";"15";"442";"0"
"2023";"04";"030101";"APURIMAC";"ABANCAY";"ABANCAY";"ESSALUD";"II-2";"00011213";"HOSPITAL II ESSALUD ABANCAY";"241400";"HOSPITALIZACIÓN QUIRÚRGICA GINECO - OBSTETRICIA ";"26";"26";"77";"97";"3";"97";"0"
"2023";"04";"030101";"APURIMAC";"ABANCAY";"ABANCAY";"ESSALUD";"II-2";"00011213";"HOSPITAL II ESSALUD ABANCAY";"241600";"HOSPITALIZACIÓN QUIRÚRGICA OBSTETRICIA   ";"40";"40";"96";"138";"5";"145";"0"
"2023";"04";"030101";"APURIMAC";"ABANCAY";"ABANCAY";"ESSALUD";"II-2";"00011213";"HOSPITAL II ESSALUD ABANCAY";"242300";"HOSPITALIZACIÓN DE PEDIATRÍA  PEDIATRÍA  GENERAL ";"42";"42";"167";"192";"6";"192";"0"
"2023";"05";"130401";"LA LIBERTAD";"CHEPEN";"CHEPEN";"GOBIERNO REGIONAL";"II-1";"00005299";"HOSPITAL DE APOYO CHEPEN";"240100";"HOSPITALIZACIÓN QUIRÚRGICA CIRUGÍA GENERAL ";"48";"48";"188";"183";"16";"496";"0"
"2023";"05";"130401";"LA LIBERTAD";"CHEPEN";"CHEPEN";"GOBIERNO REGIONAL";"II-1";"00005299";"HOSPITAL DE APOYO CHEPEN";"241400";"HOSPITALIZACIÓN QUIRÚRGICA GINECO - OBSTETRICIA ";"128";"121";"269";"295";"24";"744";"0"
"2023";"05";"130401";"LA LIBERTAD";"CHEPEN";"CHEPEN";"GOBIERNO REGIONAL";"II-1";"00005299";"HOSPITAL DE APOYO CHEPEN";"241800";"HOSPITALIZACIÓN DE MEDICINA MEDICINA GENERAL ";"62";"59";"259";"342";"20";"620";"13"
"2023";"05";"130401";"LA LIBERTAD";"CHEPEN";"CHEPEN";"GOBIERNO REGIONAL";"II-1";"00005299";"HOSPITAL DE APOYO CHEPEN";"242500";"HOSPITALIZACIÓN-PEDIATRÍA GENERAL-";"40";"39";"108";"164";"24";"744";"0"
"2023";"08";"060601";"CAJAMARCA";"CUTERVO";"CUTERVO";"GOBIERNO REGIONAL";"I-2";"00007745";"URCURUME";"NE_0001";"";"NE_0001";"NE_0001";"NE_0001";"NE_0001";"NE_0001";"NE_0001";"NE_0001"
"2023";"09";"040112";"AREQUIPA";"AREQUIPA";"PAUCARPATA";"GOBIERNO REGIONAL";"I-2";"00001311";"PUESTO DE SALUD ALTO JESUS";"NE_0001";"";"NE_0001";"NE_0001";"NE_0001";"NE_0001";"NE_0001";"NE_0001";"NE_0001"
"2023";"09";"040112";"AREQUIPA";"AREQUIPA";"PAUCARPATA";"GOBIERNO REGIONAL";"I-3";"00001297";"CENTRO DE SALUD CIUDAD BLANCA";"NE_0001";"";"NE_0001";"NE_0001";"NE_0001";"NE_0001";"NE_0001";"NE_0001";"NE_0001"
"2023";"09";"040112";"AREQUIPA";"AREQUIPA";"PAUCARPATA";"GOBIERNO REGIONAL";"I-2";"00001312";"PUESTO DE SALUD ISRAEL";"NE_0001";"";"NE_0001";"NE_0001";"NE_0001";"NE_0001";"NE_0001";"NE_0001";"NE_0001"
"2023";"09";"040112";"AREQUIPA";"AREQUIPA";"PAUCARPATA";"GOBIERNO REGIONAL";"I-2";"00007744";"PUESTO DE SALUD VILLA JESUS";"NE_0001";"";"NE_0001";"NE_0001";"NE_0001";"NE_0001";"NE_0001";"NE_0001";"NE_0001"
"2023";"09";"040112";"AREQUIPA";"AREQUIPA";"PAUCARPATA";"GOBIERNO REGIONAL";"I-3";"00001314";"SAN JUAN DE CIUDAD BLANCA";"NE_0001";"";"NE_0001";"NE_0001";"NE_0001";"NE_0001";"NE_0001";"NE_0001";"NE_0001"
"2023";"09";"040112";"AREQUIPA";"AREQUIPA";"PAUCARPATA";"GOBIERNO REGIONAL";"I-3";"00025066";"CENTRO DE SALUD MENTAL COMUNITARIO AYELEN";"NE_0001";"";"NE_0001";"NE_0001";"NE_0001";"NE_0001";"NE_0001";"NE_0001";"NE_0001"
"2023";"09";"150204";"LIMA";"BARRANCA";"SUPE";"GOBIERNO REGIONAL";"II-1";"00007636";"HOSPITAL DE SUPE LAURA ESTHER RODRIGUEZ DULANTO";"241400";"HOSPITALIZACIÓN QUIRÚRGICA GINECO - OBSTETRICIA ";"44";"50";"107";"107";"15";"450";"0"
"2023";"09";"150204";"LIMA";"BARRANCA";"SUPE";"GOBIERNO REGIONAL";"II-1";"00007636";"HOSPITAL DE SUPE LAURA ESTHER RODRIGUEZ DULANTO";"241800";"HOSPITALIZACIÓN DE MEDICINA MEDICINA GENERAL ";"16";"24";"147";"153";"10";"300";"0"
"2023";"09";"150204";"LIMA";"BARRANCA";"SUPE";"GOBIERNO REGIONAL";"II-1";"00007636";"HOSPITAL DE SUPE LAURA ESTHER RODRIGUEZ DULANTO";"242200";"HOSPITALIZACIÓN DE MEDICINA PSIQUIATRÍA ";"5";"6";"82";"120";"10";"300";"0"
"2023";"09";"150204";"LIMA";"BARRANCA";"SUPE";"GOBIERNO REGIONAL";"II-1";"00007636";"HOSPITAL DE SUPE LAURA ESTHER RODRIGUEZ DULANTO";"242500";"HOSPITALIZACIÓN-PEDIATRÍA GENERAL-";"23";"26";"88";"101";"10";"300";"0"
"2023";"09";"150204";"LIMA";"BARRANCA";"SUPE";"GOBIERNO REGIONAL";"II-1";"00007636";"HOSPITAL DE SUPE LAURA ESTHER RODRIGUEZ DULANTO";"243200";"HOSPITALIZACIÓN DE PEDIATRÍA PEDIATRIA NEONATOLOGÍA";"16";"18";"27";"21";"5";"150";"0"
"2023";"09";"120606";"JUNIN";"SATIPO";"PANGOA";"GOBIERNO REGIONAL";"I-2";"00000451";"MATERENI";"NE_0001";"";"NE_0001";"NE_0001";"NE_0001";"NE_0001";"NE_0001";"NE_0001";"NE_0001"
"2023";"09";"120606";"JUNIN";"SATIPO";"PANGOA";"GOBIERNO REGIONAL";"I-1";"00021802";"SAN JUAN DE PUEBLO LIBRE";"NE_0001";"";"NE_0001";"NE_0001";"NE_0001";"NE_0001";"NE_0001";"NE_0001";"NE_0001"
"2023";"09";"120606";"JUNIN";"SATIPO";"PANGOA";"GOBIERNO REGIONAL";"I-3";"00000446";"CUBANTIA";"NE_0001";"";"NE_0001";"NE_0001";"NE_0001";"NE_0001";"NE_0001";"NE_0001";"NE_0001"
"2023";"09";"120606";"JUNIN";"SATIPO";"PANGOA";"GOBIERNO REGIONAL";"I-1";"00000449";"MAZARONQUIARI";"NE_0001";"";"NE_0001";"NE_0001";"NE_0001";"NE_0001";"NE_0001";"NE_0001";"NE_0001"
"2023";"09";"120606";"JUNIN";"SATIPO";"PANGOA";"GOBIERNO REGIONAL";"I-1";"00000452";"FORTALEZA";"NE_0001";"";"NE_0001";"NE_0001";"NE_0001";"NE_0001";"NE_0001";"NE_0001";"NE_0001"
"2023";"09";"120606";"JUNIN";"SATIPO";"PANGOA";"GOBIERNO REGIONAL";"I-1";"00021804";"ALTO CHICHIRENI";"NE_0001";"";"NE_0001";"NE_0001";"NE_0001";"NE_0001";"NE_0001";"NE_0001";"NE_0001"
"2023";"09";"120606";"JUNIN";"SATIPO";"PANGOA";"GOBIERNO REGIONAL";"I-1";"00000457";"BOCA KIATARI";"NE_0001";"";"NE_0001";"NE_0001";"NE_0001";"NE_0001";"NE_0001";"NE_0001";"NE_0001"
"2023";"09";"120606";"JUNIN";"SATIPO";"PANGOA";"GOBIERNO REGIONAL";"I-1";"00021801";"SANTA CRUZ DE ANAPATI";"NE_0001";"";"NE_0001";"NE_0001";"NE_0001";"NE_0001";"NE_0001";"NE_0001";"NE_0001"
"2023";"09";"120606";"JUNIN";"SATIPO";"PANGOA";"GOBIERNO REGIONAL";"I-1";"00027800";"MAVENI";"NE_0001";"";"NE_0001";"NE_0001";"NE_0001";"NE_0001";"NE_0001";"NE_0001";"NE_0001"
"2023";"09";"120606";"JUNIN";"SATIPO";"PANGOA";"GOBIERNO REGIONAL";"I-1";"00000454";"CAMPIRUSHARI";"NE_0001";"";"NE_0001";"NE_0001";"NE_0001";"NE_0001";"NE_0001";"NE_0001";"NE_0001"
"2023";"09";"120606";"JUNIN";"SATIPO";"PANGOA";"GOBIERNO REGIONAL";"I-1";"00021805";"SAN JUAN DE SANGARENI";"NE_0001";"";"NE_0001";"NE_0001";"NE_0001";"NE_0001";"NE_0001";"NE_0001";"NE_0001"
"2023";"09";"120606";"JUNIN";"SATIPO";"PANGOA";"GOBIERNO REGIONAL";"I-1";"00021806";"LIBERTAD DE ANAPATI";"NE_0001";"";"NE_0001";"NE_0001";"NE_0001";"NE_0001";"NE_0001";"NE_0001";"NE_0001"
"2023";"09";"120606";"JUNIN";"SATIPO";"PANGOA";"GOBIERNO REGIONAL";"I-1";"00024571";"PUERTO PORVENIR";"NE_0001";"";"NE_0001";"NE_0001";"NE_0001";"NE_0001";"NE_0001";"NE_0001";"NE_0001"
"2023";"09";"120606";"JUNIN";"SATIPO";"PANGOA";"GOBIERNO REGIONAL";"I-1";"00000455";"JERUSALEN DE MIÑARO DE NOMESTSIGUENGA";"NE_0001";"";"NE_0001";"NE_0001";"NE_0001";"NE_0001";"NE_0001";"NE_0001";"NE_0001"
"2023";"09";"120606";"JUNIN";"SATIPO";"PANGOA";"GOBIERNO REGIONAL";"I-1";"00027801";"PUERTO ANAPATI";"NE_0001";"";"NE_0001";"NE_0001";"NE_0001";"NE_0001";"NE_0001";"NE_0001";"NE_0001"
"2023";"09";"020801";"ANCASH";"CASMA";"CASMA";"GOBIERNO REGIONAL";"II-1";"00001719";"HOSPITAL DE APOYO CASMA";"241800";"HOSPITALIZACIÓN DE MEDICINA MEDICINA GENERAL ";"48";"57";"245";"184";"12";"360";"3"
"2023";"09";"020801";"ANCASH";"CASMA";"CASMA";"GOBIERNO REGIONAL";"II-1";"00001719";"HOSPITAL DE APOYO CASMA";"240100";"HOSPITALIZACIÓN QUIRÚRGICA CIRUGÍA GENERAL ";"35";"39";"208";"163";"8";"240";"0"
"2023";"09";"020801";"ANCASH";"CASMA";"CASMA";"GOBIERNO REGIONAL";"II-1";"00001719";"HOSPITAL DE APOYO CASMA";"242300";"HOSPITALIZACIÓN DE PEDIATRÍA  PEDIATRÍA  GENERAL ";"32";"28";"88";"103";"16";"480";"0"
"2023";"09";"020801";"ANCASH";"CASMA";"CASMA";"GOBIERNO REGIONAL";"II-1";"00001719";"HOSPITAL DE APOYO CASMA";"241600";"HOSPITALIZACIÓN QUIRÚRGICA OBSTETRICIA   ";"42";"45";"69";"63";"9";"270";"0"
"2023";"09";"020801";"ANCASH";"CASMA";"CASMA";"GOBIERNO REGIONAL";"II-1";"00001719";"HOSPITAL DE APOYO CASMA";"241500";"HOSPITALIZACIÓN QUIRÚRGICA GINECOLOGÍA  ";"39";"44";"133";"133";"6";"180";"0"
"2023";"09";"140101";"LAMBAYEQUE";"CHICLAYO";"CHICLAYO";"PRIVADO";"II-E";"00008151";"CLÍNICA METROPOLITANA";"240000";"HOSPITALIZACIÓN";"160";"161";"197";"466";"24";"744";"0"
"2023";"09";"120504";"JUNIN";"JUNIN";"ULCUMAYO";"GOBIERNO REGIONAL";"I-1";"00000605";"SHOGUE";"NE_0001";"";"NE_0001";"NE_0001";"NE_0001";"NE_0001";"NE_0001";"NE_0001";"NE_0001"
"2023";"09";"120504";"JUNIN";"JUNIN";"ULCUMAYO";"GOBIERNO REGIONAL";"I-2";"00000604";"TAMBOS";"NE_0001";"";"NE_0001";"NE_0001";"NE_0001";"NE_0001";"NE_0001";"NE_0001";"NE_0001"
"2023";"09";"120504";"JUNIN";"JUNIN";"ULCUMAYO";"GOBIERNO REGIONAL";"I-2";"00000602";"QUILCATACTA";"NE_0001";"";"NE_0001";"NE_0001";"NE_0001";"NE_0001";"NE_0001";"NE_0001";"NE_0001"
"2023";"09";"050701";"AYACUCHO";"PARINACOCHAS";"CORACORA";"ESSALUD";"I-2";"00011443";"CORACORA";"NE_0001";"";"NE_0001";"NE_0001";"NE_0001";"NE_0001";"NE_0001";"NE_0001";"NE_0001"
"2023";"09";"210501";"PUNO";"EL COLLAO";"ILAVE";"GOBIERNO REGIONAL";"II-1";"00003032";"ILAVE";"240100";"HOSPITALIZACIÓN QUIRÚRGICA CIRUGÍA GENERAL ";"8";"9";"28";"36";"4";"120";"0"
"2023";"09";"210501";"PUNO";"EL COLLAO";"ILAVE";"GOBIERNO REGIONAL";"II-1";"00003032";"ILAVE";"241200";"HOSPITALIZACIÓN QUIRÚRGICA TRAUMATOLOGÍA Y ORTOPEDIA ";"1";"2";"5";"6";"1";"30";"0"
"2023";"09";"210501";"PUNO";"EL COLLAO";"ILAVE";"GOBIERNO REGIONAL";"II-1";"00003032";"ILAVE";"241500";"HOSPITALIZACIÓN QUIRÚRGICA GINECOLOGÍA  ";"2";"2";"6";"8";"1";"30";"0"
"2023";"09";"210501";"PUNO";"EL COLLAO";"ILAVE";"GOBIERNO REGIONAL";"II-1";"00003032";"ILAVE";"241600";"HOSPITALIZACIÓN QUIRÚRGICA OBSTETRICIA   ";"56";"49";"103";"159";"11";"330";"0"
"2023";"09";"210501";"PUNO";"EL COLLAO";"ILAVE";"GOBIERNO REGIONAL";"II-1";"00003032";"ILAVE";"241800";"HOSPITALIZACIÓN DE MEDICINA MEDICINA GENERAL ";"27";"29";"126";"153";"9";"270";"1"
"2023";"09";"210501";"PUNO";"EL COLLAO";"ILAVE";"GOBIERNO REGIONAL";"II-1";"00003032";"ILAVE";"242500";"HOSPITALIZACIÓN-PEDIATRÍA GENERAL-";"21";"17";"71";"92";"9";"270";"0"
"2023";"09";"060806";"CAJAMARCA";"JAEN";"LAS PIRIAS";"GOBIERNO REGIONAL";"I-3";"00004245";"LAS PIRIAS DE JAEN";"NE_0001";"";"NE_0001";"NE_0001";"NE_0001";"NE_0001";"NE_0001";"NE_0001";"NE_0001"
"2023";"09";"060806";"CAJAMARCA";"JAEN";"LAS PIRIAS";"GOBIERNO REGIONAL";"I-1";"00004246";"RUMIBAMBA";"NE_0001";"";"NE_0001";"NE_0001";"NE_0001";"NE_0001";"NE_0001";"NE_0001";"NE_0001"
"2023";"09";"150140";"LIMA";"LIMA";"SANTIAGO DE SURCO";"PRIVADO";"II-E";"00015461";"VISTASALUD CENTRO OFTALMOLOGICO";"NE_0001";"";"NE_0001";"NE_0001";"NE_0001";"NE_0001";"NE_0001";"NE_0001";"NE_0001"
"2023";"09";"211201";"PUNO";"SANDIA";"SANDIA";"MINSA";"II-1";"00003335";"HOSPITAL SANDIA";"240100";"HOSPITALIZACIÓN QUIRÚRGICA CIRUGÍA GENERAL ";"5";"5";"25";"25";"3";"90";"0"
"2023";"09";"211201";"PUNO";"SANDIA";"SANDIA";"MINSA";"II-1";"00003335";"HOSPITAL SANDIA";"241400";"HOSPITALIZACIÓN QUIRÚRGICA GINECO - OBSTETRICIA ";"18";"20";"51";"51";"3";"90";"0"
"2023";"09";"211201";"PUNO";"SANDIA";"SANDIA";"MINSA";"II-1";"00003335";"HOSPITAL SANDIA";"241600";"HOSPITALIZACIÓN QUIRÚRGICA OBSTETRICIA   ";"14";"14";"26";"26";"4";"120";"0"
"2023";"09";"211201";"PUNO";"SANDIA";"SANDIA";"MINSA";"II-1";"00003335";"HOSPITAL SANDIA";"241800";"HOSPITALIZACIÓN DE MEDICINA MEDICINA GENERAL ";"20";"21";"73";"73";"6";"180";"0"
"2023";"09";"211201";"PUNO";"SANDIA";"SANDIA";"MINSA";"II-1";"00003335";"HOSPITAL SANDIA";"242500";"HOSPITALIZACIÓN-PEDIATRÍA GENERAL-";"3";"3";"5";"5";"4";"120";"0"
"2023";"09";"120706";"JUNIN";"TARMA";"PALCA";"GOBIERNO REGIONAL";"I-1";"00000572";"LLACSACACA";"NE_0001";"";"NE_0001";"NE_0001";"NE_0001";"NE_0001";"NE_0001";"NE_0001";"NE_0001"
"2023";"09";"120706";"JUNIN";"TARMA";"PALCA";"GOBIERNO REGIONAL";"I-1";"00000573";"CHIPOCAYO";"NE_0001";"";"NE_0001";"NE_0001";"NE_0001";"NE_0001";"NE_0001";"NE_0001";"NE_0001"
"2023";"07";"040206";"AREQUIPA";"CAMANA";"OCOÑA";"GOBIERNO REGIONAL";"I-3";"00001348";"CENTRO DE SALUD OCOÑA";"NE_0001";"";"NE_0001";"NE_0001";"NE_0001";"NE_0001";"NE_0001";"NE_0001";"NE_0001"
"2023";"07";"060307";"CAJAMARCA";"CELENDIN";"MIGUEL IGLESIAS";"GOBIERNO REGIONAL";"I-3";"00004478";"MIGUEL IGLESIAS";"NE_0001";"";"NE_0001";"NE_0001";"NE_0001";"NE_0001";"NE_0001";"NE_0001";"NE_0001"
"2023";"07";"060307";"CAJAMARCA";"CELENDIN";"MIGUEL IGLESIAS";"GOBIERNO REGIONAL";"I-1";"00009085";"MUYOC GRANDE";"NE_0001";"";"NE_0001";"NE_0001";"NE_0001";"NE_0001";"NE_0001";"NE_0001";"NE_0001"
"2023";"07";"060302";"CAJAMARCA";"CELENDIN";"CHUMUCH";"GOBIERNO REGIONAL";"I-1";"00004479";"CHUMUCH";"NE_0001";"";"NE_0001";"NE_0001";"NE_0001";"NE_0001";"NE_0001";"NE_0001";"NE_0001"
"2023";"07";"060312";"CAJAMARCA";"CELENDIN";"LA LIBERTAD DE PALLAN";"GOBIERNO REGIONAL";"I-2";"00004481";"LA LIBERTAD DE PALLAN";"NE_0001";"";"NE_0001";"NE_0001";"NE_0001";"NE_0001";"NE_0001";"NE_0001";"NE_0001"
"2023";"07";"060312";"CAJAMARCA";"CELENDIN";"LA LIBERTAD DE PALLAN";"GOBIERNO REGIONAL";"I-1";"00004480";"NUEVA ESPERANZA";"NE_0001";"";"NE_0001";"NE_0001";"NE_0001";"NE_0001";"NE_0001";"NE_0001";"NE_0001"
"2023";"07";"060312";"CAJAMARCA";"CELENDIN";"LA LIBERTAD DE PALLAN";"GOBIERNO REGIONAL";"I-1";"00006756";"RAMOSCUCHO";"NE_0001";"";"NE_0001";"NE_0001";"NE_0001";"NE_0001";"NE_0001";"NE_0001";"NE_0001"
"2023";"07";"060307";"CAJAMARCA";"CELENDIN";"MIGUEL IGLESIAS";"GOBIERNO REGIONAL";"I-1";"00009088";"PIZON";"NE_0001";"";"NE_0001";"NE_0001";"NE_0001";"NE_0001";"NE_0001";"NE_0001";"NE_0001"
"2023";"07";"060307";"CAJAMARCA";"CELENDIN";"MIGUEL IGLESIAS";"GOBIERNO REGIONAL";"I-1";"00011156";"MUYOC CHICO";"NE_0001";"";"NE_0001";"NE_0001";"NE_0001";"NE_0001";"NE_0001";"NE_0001";"NE_0001"
"2023";"07";"060302";"CAJAMARCA";"CELENDIN";"CHUMUCH";"GOBIERNO REGIONAL";"I-1";"00006759";"RAMBRAN";"NE_0001";"";"NE_0001";"NE_0001";"NE_0001";"NE_0001";"NE_0001";"NE_0001";"NE_0001"
"2023";"07";"060307";"CAJAMARCA";"CELENDIN";"MIGUEL IGLESIAS";"GOBIERNO REGIONAL";"I-1";"00025042";"JORGE CHAVEZ DE MIGUEL IGLESIAS";"NE_0001";"";"NE_0001";"NE_0001";"NE_0001";"NE_0001";"NE_0001";"NE_0001";"NE_0001"
"2023";"06";"120807";"JUNIN";"YAULI";"SANTA BARBARA DE CARHUACAYAN";"GOBIERNO REGIONAL";"I-1";"00000565";"SANTA BARBARA DE CARHUACAYAN";"NE_0001";"";"NE_0001";"NE_0001";"NE_0001";"NE_0001";"NE_0001";"NE_0001";"NE_0001"
"2023";"06";"120708";"JUNIN";"TARMA";"SAN PEDRO DE CAJAS";"GOBIERNO REGIONAL";"I-1";"00000558";"ACANCOCHA";"NE_0001";"";"NE_0001";"NE_0001";"NE_0001";"NE_0001";"NE_0001";"NE_0001";"NE_0001"
"2023";"06";"120708";"JUNIN";"TARMA";"SAN PEDRO DE CAJAS";"GOBIERNO REGIONAL";"I-1";"00000557";"YANEC";"NE_0001";"";"NE_0001";"NE_0001";"NE_0001";"NE_0001";"NE_0001";"NE_0001";"NE_0001"
"2023";"06";"120708";"JUNIN";"TARMA";"SAN PEDRO DE CAJAS";"GOBIERNO REGIONAL";"I-1";"00000556";"CHUPAN";"NE_0001";"";"NE_0001";"NE_0001";"NE_0001";"NE_0001";"NE_0001";"NE_0001";"NE_0001"
"2023";"06";"120504";"JUNIN";"JUNIN";"ULCUMAYO";"GOBIERNO REGIONAL";"I-1";"00000555";"RAYANNIOC";"NE_0001";"";"NE_0001";"NE_0001";"NE_0001";"NE_0001";"NE_0001";"NE_0001";"NE_0001"
"2023";"06";"120504";"JUNIN";"JUNIN";"ULCUMAYO";"GOBIERNO REGIONAL";"I-1";"00000554";"SHALACANCHA";"NE_0001";"";"NE_0001";"NE_0001";"NE_0001";"NE_0001";"NE_0001";"NE_0001";"NE_0001"
"2023";"06";"120503";"JUNIN";"JUNIN";"ONDORES";"GOBIERNO REGIONAL";"I-1";"00000553";"ATOCSAICO";"NE_0001";"";"NE_0001";"NE_0001";"NE_0001";"NE_0001";"NE_0001";"NE_0001";"NE_0001"
"2023";"06";"120503";"JUNIN";"JUNIN";"ONDORES";"GOBIERNO REGIONAL";"I-1";"00000552";"PARI";"NE_0001";"";"NE_0001";"NE_0001";"NE_0001";"NE_0001";"NE_0001";"NE_0001";"NE_0001"
"2023";"06";"120503";"JUNIN";"JUNIN";"ONDORES";"GOBIERNO REGIONAL";"I-3";"00000551";"ONDORES";"NE_0001";"";"NE_0001";"NE_0001";"NE_0001";"NE_0001";"NE_0001";"NE_0001";"NE_0001"
"2023";"06";"120501";"JUNIN";"JUNIN";"JUNIN";"GOBIERNO REGIONAL";"I-1";"00000550";"SASICUCHO";"NE_0001";"";"NE_0001";"NE_0001";"NE_0001";"NE_0001";"NE_0001";"NE_0001";"NE_0001"
"2023";"08";"070106";"CALLAO";"CALLAO";"VENTANILLA";"SANIDAD DE LA POLICIA NACIONAL DEL PERU";"I-2";"00010573";"POSTA MEDICA POLICIAL VENTANILLA";"NE_0001";"";"NE_0001";"NE_0001";"NE_0001";"NE_0001";"NE_0001";"NE_0001";"NE_0001"
"2023";"08";"220603";"SAN MARTIN";"MARISCAL CACERES";"HUICUNGO";"GOBIERNO REGIONAL";"I-3";"00006567";"HUICUNGO";"NE_0002";"";"NE_0002";"NE_0002";"NE_0002";"NE_0002";"NE_0002";"NE_0002";"NE_0002"
"2023";"08";"220603";"SAN MARTIN";"MARISCAL CACERES";"HUICUNGO";"GOBIERNO REGIONAL";"I-1";"00006569";"SANTA INES";"NE_0001";"";"NE_0001";"NE_0001";"NE_0001";"NE_0001";"NE_0001";"NE_0001";"NE_0001"
"2023";"08";"220603";"SAN MARTIN";"MARISCAL CACERES";"HUICUNGO";"GOBIERNO REGIONAL";"I-1";"00006571";"PIZARRO";"NE_0001";"";"NE_0001";"NE_0001";"NE_0001";"NE_0001";"NE_0001";"NE_0001";"NE_0001"
"2023";"08";"220604";"SAN MARTIN";"MARISCAL CACERES";"PACHIZA";"GOBIERNO REGIONAL";"I-1";"00006572";"PACHIZA";"NE_0001";"";"NE_0001";"NE_0001";"NE_0001";"NE_0001";"NE_0001";"NE_0001";"NE_0001"
"2023";"08";"220604";"SAN MARTIN";"MARISCAL CACERES";"PACHIZA";"GOBIERNO REGIONAL";"I-1";"00006573";"ALTO EL SOL";"NE_0001";"";"NE_0001";"NE_0001";"NE_0001";"NE_0001";"NE_0001";"NE_0001";"NE_0001"
"2023";"08";"220604";"SAN MARTIN";"MARISCAL CACERES";"PACHIZA";"GOBIERNO REGIONAL";"I-1";"00006574";"NUEVO CHIMBOTE";"NE_0001";"";"NE_0001";"NE_0001";"NE_0001";"NE_0001";"NE_0001";"NE_0001";"NE_0001"
"2023";"08";"220603";"SAN MARTIN";"MARISCAL CACERES";"HUICUNGO";"GOBIERNO REGIONAL";"I-1";"00006570";"NUEVA ESPERANZA";"NE_0001";"";"NE_0001";"NE_0001";"NE_0001";"NE_0001";"NE_0001";"NE_0001";"NE_0001"
"2023";"08";"150125";"LIMA";"LIMA";"PUENTE PIEDRA";"SANIDAD DE LA POLICIA NACIONAL DEL PERU";"I-2";"00012923";"POSTA MEDICA POLICIAL ETS  ESCUELA PUENTE PIEDRA";"NE_0002";"";"NE_0002";"NE_0002";"NE_0002";"NE_0002";"NE_0002";"NE_0002";"NE_0002"
"2023";"08";"120608";"JUNIN";"SATIPO";"RIO TAMBO";"GOBIERNO REGIONAL";"I-2";"00000516";"PUERTO ROCA";"NE_0001";"";"NE_0001";"NE_0001";"NE_0001";"NE_0001";"NE_0001";"NE_0001";"NE_0001"
"2023";"08";"120608";"JUNIN";"SATIPO";"RIO TAMBO";"GOBIERNO REGIONAL";"I-1";"00000518";"SAN CARLOS ALTO ENE";"NE_0001";"";"NE_0001";"NE_0001";"NE_0001";"NE_0001";"NE_0001";"NE_0001";"NE_0001"
"2023";"08";"120609";"JUNIN";"SATIPO";"VIZCATAN DEL ENE";"GOBIERNO REGIONAL";"I-1";"00000510";"FLORIDA";"NE_0001";"";"NE_0001";"NE_0001";"NE_0001";"NE_0001";"NE_0001";"NE_0001";"NE_0001"
"2023";"08";"120608";"JUNIN";"SATIPO";"RIO TAMBO";"GOBIERNO REGIONAL";"I-1";"00000514";"FE Y ALEGRIA LA PRIMAVERA";"NE_0001";"";"NE_0001";"NE_0001";"NE_0001";"NE_0001";"NE_0001";"NE_0001";"NE_0001"
"2023";"08";"120608";"JUNIN";"SATIPO";"RIO TAMBO";"GOBIERNO REGIONAL";"I-3";"00000517";"VALLE ESMERALDA";"NE_0001";"";"NE_0001";"NE_0001";"NE_0001";"NE_0001";"NE_0001";"NE_0001";"NE_0001"
"2023";"08";"120606";"JUNIN";"SATIPO";"PANGOA";"GOBIERNO REGIONAL";"I-1";"00000468";"MICAELA BASTIDAS MORALES";"NE_0001";"";"NE_0001";"NE_0001";"NE_0001";"NE_0001";"NE_0001";"NE_0001";"NE_0001"
"2023";"08";"120609";"JUNIN";"SATIPO";"VIZCATAN DEL ENE";"GOBIERNO REGIONAL";"I-1";"00000512";"TUNONTUARI RIO ENE";"NE_0001";"";"NE_0001";"NE_0001";"NE_0001";"NE_0001";"NE_0001";"NE_0001";"NE_0001"
"2023";"08";"120609";"JUNIN";"SATIPO";"VIZCATAN DEL ENE";"GOBIERNO REGIONAL";"I-2";"00000507";"BOCA MANTARO";"NE_0001";"";"NE_0001";"NE_0001";"NE_0001";"NE_0001";"NE_0001";"NE_0001";"NE_0001"
"2023";"08";"120609";"JUNIN";"SATIPO";"VIZCATAN DEL ENE";"GOBIERNO REGIONAL";"I-1";"00000511";"SAN JUAN DE MANTARO";"NE_0001";"";"NE_0001";"NE_0001";"NE_0001";"NE_0001";"NE_0001";"NE_0001";"NE_0001"
"2023";"08";"120608";"JUNIN";"SATIPO";"RIO TAMBO";"GOBIERNO REGIONAL";"I-1";"00000513";"QUEMPIRI";"NE_0001";"";"NE_0001";"NE_0001";"NE_0001";"NE_0001";"NE_0001";"NE_0001";"NE_0001"
"2023";"08";"120608";"JUNIN";"SATIPO";"RIO TAMBO";"GOBIERNO REGIONAL";"I-2";"00000471";"CUTIVIRENI";"NE_0001";"";"NE_0001";"NE_0001";"NE_0001";"NE_0001";"NE_0001";"NE_0001";"NE_0001"
"2023";"08";"150105";"LIMA";"LIMA";"BREÑA";"PRIVADO";"II-E";"00015718";"CLINICA SAN MARCOS";"240000";"HOSPITALIZACIÓN";"106";"109";"184";"184";"23";"713";"0"
"2023";"08";"040514";"AREQUIPA";"CAYLLOMA";"SAN ANTONIO DE CHUCA";"GOBIERNO REGIONAL";"I-2";"00001242";"PUESTO DE SALUD IMATA";"NE_0002";"";"NE_0002";"NE_0002";"NE_0002";"NE_0002";"NE_0002";"NE_0002";"NE_0002"
"2023";"08";"040128";"AREQUIPA";"AREQUIPA";"YURA";"GOBIERNO REGIONAL";"I-3";"00001253";"CENTRO DE SALUD CIUDAD DE DIOS";"NE_0002";"";"NE_0002";"NE_0002";"NE_0002";"NE_0002";"NE_0002";"NE_0002";"NE_0002"
"2023";"08";"040511";"AREQUIPA";"CAYLLOMA";"LLUTA";"GOBIERNO REGIONAL";"I-2";"00001255";"PUESTO DE SALUD LLUTA";"NE_0002";"";"NE_0002";"NE_0002";"NE_0002";"NE_0002";"NE_0002";"NE_0002";"NE_0002"
"2023";"08";"040511";"AREQUIPA";"CAYLLOMA";"LLUTA";"GOBIERNO REGIONAL";"I-2";"00001256";"PUESTO DE SALUD TAYA";"NE_0002";"";"NE_0002";"NE_0002";"NE_0002";"NE_0002";"NE_0002";"NE_0002";"NE_0002"
"2023";"08";"040126";"AREQUIPA";"AREQUIPA";"YANAHUARA";"GOBIERNO REGIONAL";"I-1";"00001241";"PUESTO DE SALUD SUMBAY - CHASQUIPAMPA";"NE_0002";"";"NE_0002";"NE_0002";"NE_0002";"NE_0002";"NE_0002";"NE_0002";"NE_0002"
"2023";"08";"040514";"AREQUIPA";"CAYLLOMA";"SAN ANTONIO DE CHUCA";"GOBIERNO REGIONAL";"I-1";"00001243";"PUESTO DE SALUD PILLONES";"NE_0002";"";"NE_0002";"NE_0002";"NE_0002";"NE_0002";"NE_0002";"NE_0002";"NE_0002"
"2023";"08";"040128";"AREQUIPA";"AREQUIPA";"YURA";"GOBIERNO REGIONAL";"I-2";"00001254";"PUESTO DE SALUD YURA";"NE_0002";"";"NE_0002";"NE_0002";"NE_0002";"NE_0002";"NE_0002";"NE_0002";"NE_0002"
"2023";"08";"040508";"AREQUIPA";"CAYLLOMA";"HUANCA";"GOBIERNO REGIONAL";"I-2";"00001239";"PUESTO DE SALUD HUANCA";"NE_0002";"";"NE_0002";"NE_0002";"NE_0002";"NE_0002";"NE_0002";"NE_0002";"NE_0002"
"2023";"09";"150509";"LIMA";"CAÑETE";"MALA";"ESSALUD";"I-3";"00010569";"CENTRO MEDICO MALA";"NE_0001";"";"NE_0001";"NE_0001";"NE_0001";"NE_0001";"NE_0001";"NE_0001";"NE_0001"
"2023";"09";"110305";"ICA";"NAZCA";"VISTA ALEGRE";"ESSALUD";"I-3";"00010429";"NASCA";"NE_0001";"";"NE_0001";"NE_0001";"NE_0001";"NE_0001";"NE_0001";"NE_0001";"NE_0001"
"2023";"09";"050101";"AYACUCHO";"HUAMANGA";"AYACUCHO";"PRIVADO";"II-1";"00008154";"CLINICA EL NAZARENO";"241100";"HOSPITALIZACIÓN QUIRÚRGICA OTORRINOLARINGOLOGÍA  ";"1";"1";"1";"1";"1";"156";"0"
"2023";"09";"050101";"AYACUCHO";"HUAMANGA";"AYACUCHO";"PRIVADO";"II-1";"00008154";"CLINICA EL NAZARENO";"241300";"HOSPITALIZACIÓN QUIRÚRGICA UROLOGÍA  ";"1";"1";"1";"1";"1";"156";"0"
"2023";"09";"050101";"AYACUCHO";"HUAMANGA";"AYACUCHO";"PRIVADO";"II-1";"00008154";"CLINICA EL NAZARENO";"241400";"HOSPITALIZACIÓN QUIRÚRGICA GINECO - OBSTETRICIA ";"1";"1";"1";"1";"1";"156";"0"
"2023";"09";"050101";"AYACUCHO";"HUAMANGA";"AYACUCHO";"PRIVADO";"II-1";"00008154";"CLINICA EL NAZARENO";"240100";"HOSPITALIZACIÓN QUIRÚRGICA CIRUGÍA GENERAL ";"1";"1";"2";"2";"1";"150";"0"
"2023";"09";"070105";"CALLAO";"CALLAO";"LA PUNTA";"GOBIERNO REGIONAL";"I-2";"00006227";"PUESTO DE SALUD LA PUNTA";"NE_0001";"";"NE_0001";"NE_0001";"NE_0001";"NE_0001";"NE_0001";"NE_0001";"NE_0001"
"2023";"09";"070101";"CALLAO";"CALLAO";"CALLAO";"GOBIERNO REGIONAL";"I-2";"00006225";"PUESTO DE SALUD  SAN JUAN BOSCO";"NE_0001";"";"NE_0001";"NE_0001";"NE_0001";"NE_0001";"NE_0001";"NE_0001";"NE_0001"
"2023";"09";"070101";"CALLAO";"CALLAO";"CALLAO";"GOBIERNO REGIONAL";"I-3";"00006221";"C.S. ALBERTO BARTON";"NE_0001";"";"NE_0001";"NE_0001";"NE_0001";"NE_0001";"NE_0001";"NE_0001";"NE_0001"
"2023";"09";"120114";"JUNIN";"HUANCAYO";"EL TAMBO";"PRIVADO";"II-E";"00025383";"CLINICA MEDICO QUIRURGICO HUANCAYO E.I.R.L.";"241200";"HOSPITALIZACIÓN QUIRÚRGICA TRAUMATOLOGÍA Y ORTOPEDIA ";"3";"3";"11";"3";"12";"150";"0"
"2023";"09";"120114";"JUNIN";"HUANCAYO";"EL TAMBO";"PRIVADO";"II-E";"00025383";"CLINICA MEDICO QUIRURGICO HUANCAYO E.I.R.L.";"240900";"HOSPITALIZACIÓN QUIRÚRGICA NEUROCIRUGÍA ";"2";"2";"10";"2";"13";"90";"0"
"2023";"09";"120114";"JUNIN";"HUANCAYO";"EL TAMBO";"PRIVADO";"II-E";"00025383";"CLINICA MEDICO QUIRURGICO HUANCAYO E.I.R.L.";"241100";"HOSPITALIZACIÓN QUIRÚRGICA OTORRINOLARINGOLOGÍA  ";"3";"2";"8";"2";"13";"90";"0"
"2023";"09";"120908";"JUNIN";"CHUPACA";"TRES DE DICIEMBRE";"GOBIERNO REGIONAL";"I-2";"00000660";"TRES DE DICIEMBRE";"NE_0001";"";"NE_0001";"NE_0001";"NE_0001";"NE_0001";"NE_0001";"NE_0001";"NE_0001"
"2023";"09";"120902";"JUNIN";"CHUPACA";"AHUAC";"GOBIERNO REGIONAL";"I-2";"00000647";"AHUAC";"NE_0001";"";"NE_0001";"NE_0001";"NE_0001";"NE_0001";"NE_0001";"NE_0001";"NE_0001"
"2023";"09";"120903";"JUNIN";"CHUPACA";"CHONGOS BAJO";"GOBIERNO REGIONAL";"I-1";"00000650";"PUMPUNYA";"NE_0001";"";"NE_0001";"NE_0001";"NE_0001";"NE_0001";"NE_0001";"NE_0001";"NE_0001"
"2023";"09";"120901";"JUNIN";"CHUPACA";"CHUPACA";"GOBIERNO REGIONAL";"I-4";"00000646";"PEDRO SANCHEZ MEZA";"NE_0001";"";"NE_0001";"NE_0001";"NE_0001";"NE_0001";"NE_0001";"NE_0001";"NE_0001"
"2023";"09";"120902";"JUNIN";"CHUPACA";"AHUAC";"GOBIERNO REGIONAL";"I-1";"00000648";"HUARISCA";"NE_0001";"";"NE_0001";"NE_0001";"NE_0001";"NE_0001";"NE_0001";"NE_0001";"NE_0001"
"2023";"09";"120903";"JUNIN";"CHUPACA";"CHONGOS BAJO";"GOBIERNO REGIONAL";"I-3";"00000649";"CHONGOS BAJO";"NE_0001";"";"NE_0001";"NE_0001";"NE_0001";"NE_0001";"NE_0001";"NE_0001";"NE_0001"
"2023";"09";"120906";"JUNIN";"CHUPACA";"SAN JUAN DE YSCOS";"GOBIERNO REGIONAL";"I-1";"00000657";"TINYARI CHICO";"NE_0001";"";"NE_0001";"NE_0001";"NE_0001";"NE_0001";"NE_0001";"NE_0001";"NE_0001"
"2023";"09";"040603";"AREQUIPA";"CONDESUYOS";"CAYARANI";"GOBIERNO REGIONAL";"I-3";"00001440";"CENTRO DE SALUD CAYARANI";"NE_0001";"";"NE_0001";"NE_0001";"NE_0001";"NE_0001";"NE_0001";"NE_0001";"NE_0001"
"2023";"09";"040404";"AREQUIPA";"CASTILLA";"CHACHAS";"GOBIERNO REGIONAL";"I-2";"00001442";"PUESTO DE SALUD TOLCONI";"NE_0001";"";"NE_0001";"NE_0001";"NE_0001";"NE_0001";"NE_0001";"NE_0001";"NE_0001"
"2023";"09";"040505";"AREQUIPA";"CAYLLOMA";"CAYLLOMA";"GOBIERNO REGIONAL";"I-3";"00001422";"CENTRO DE SALUD CAYLLOMA";"NE_0001";"";"NE_0001";"NE_0001";"NE_0001";"NE_0001";"NE_0001";"NE_0001";"NE_0001"
"2023";"09";"040603";"AREQUIPA";"CONDESUYOS";"CAYARANI";"GOBIERNO REGIONAL";"I-2";"00007407";"PUESTO DE SALUD ARCATA";"NE_0001";"";"NE_0001";"NE_0001";"NE_0001";"NE_0001";"NE_0001";"NE_0001";"NE_0001"
"2023";"09";"040505";"AREQUIPA";"CAYLLOMA";"CAYLLOMA";"GOBIERNO REGIONAL";"I-2";"00001418";"PUESTO DE SALUD JACHAÑA";"NE_0001";"";"NE_0001";"NE_0001";"NE_0001";"NE_0001";"NE_0001";"NE_0001";"NE_0001"
"2023";"05";"100503";"HUANUCO";"HUAMALIES";"CHAVIN DE PARIARCA";"GOBIERNO REGIONAL";"I-1";"00000899";"SAN JUAN DE PAMPAS";"NE_0001";"";"NE_0001";"NE_0001";"NE_0001";"NE_0001";"NE_0001";"NE_0001";"NE_0001"
"2023";"05";"100503";"HUANUCO";"HUAMALIES";"CHAVIN DE PARIARCA";"GOBIERNO REGIONAL";"I-1";"00007720";"QUIPRAN";"NE_0001";"";"NE_0001";"NE_0001";"NE_0001";"NE_0001";"NE_0001";"NE_0001";"NE_0001"
"2023";"05";"100503";"HUANUCO";"HUAMALIES";"CHAVIN DE PARIARCA";"GOBIERNO REGIONAL";"I-3";"00000896";"CHAVIN DE PARIARCA";"NE_0001";"";"NE_0001";"NE_0001";"NE_0001";"NE_0001";"NE_0001";"NE_0001";"NE_0001"
"2023";"06";"150101";"LIMA";"LIMA";"LIMA";"SANIDAD DE LA POLICIA NACIONAL DEL PERU";"I-3";"00017391";"POLICLINICO COIP";"NE_0001";"";"NE_0001";"NE_0001";"NE_0001";"NE_0001";"NE_0001";"NE_0001";"NE_0001"
"2023";"05";"100102";"HUANUCO";"HUANUCO";"AMARILIS";"GOBIERNO REGIONAL";"I-3";"00027821";"CENTRO DE SALUD AMARILIS";"NE_0001";"";"NE_0001";"NE_0001";"NE_0001";"NE_0001";"NE_0001";"NE_0001";"NE_0001"
"2023";"05";"100102";"HUANUCO";"HUANUCO";"AMARILIS";"GOBIERNO REGIONAL";"I-3";"00027051";"CENTRO DE SALUD MENTAL COMUNITARIO PAKKARIN";"NE_0001";"";"NE_0001";"NE_0001";"NE_0001";"NE_0001";"NE_0001";"NE_0001";"NE_0001"
"2023";"05";"100102";"HUANUCO";"HUANUCO";"AMARILIS";"GOBIERNO REGIONAL";"I-2";"00000763";"PUESTO DE SALUD DE LLICUA";"NE_0001";"";"NE_0001";"NE_0001";"NE_0001";"NE_0001";"NE_0001";"NE_0001";"NE_0001"
"2023";"05";"100102";"HUANUCO";"HUANUCO";"AMARILIS";"GOBIERNO REGIONAL";"I-2";"00000762";"PAUCAR";"NE_0001";"";"NE_0001";"NE_0001";"NE_0001";"NE_0001";"NE_0001";"NE_0001";"NE_0001"
"2023";"05";"100102";"HUANUCO";"HUANUCO";"AMARILIS";"GOBIERNO REGIONAL";"I-2";"00000761";"MALCONGA";"NE_0001";"";"NE_0001";"NE_0001";"NE_0001";"NE_0001";"NE_0001";"NE_0001";"NE_0001"
"2023";"05";"100102";"HUANUCO";"HUANUCO";"AMARILIS";"GOBIERNO REGIONAL";"I-2";"00000760";"LA ESPERANZA";"NE_0001";"";"NE_0001";"NE_0001";"NE_0001";"NE_0001";"NE_0001";"NE_0001";"NE_0001"
"2023";"05";"100102";"HUANUCO";"HUANUCO";"AMARILIS";"GOBIERNO REGIONAL";"I-4";"00000755";"PERU-COREA";"241600";"HOSPITALIZACIÓN QUIRÚRGICA OBSTETRICIA   ";"85";"86";"119";"52";"6";"156";"0"
"2023";"05";"120604";"JUNIN";"SATIPO";"MAZAMARI";"SANIDAD DE LA POLICIA NACIONAL DEL PERU";"I-2";"00012454";"POSTA MEDICA POLICIAL LOS SINCHIS";"NE_0001";"";"NE_0001";"NE_0001";"NE_0001";"NE_0001";"NE_0001";"NE_0001";"NE_0001"
"2023";"06";"060801";"CAJAMARCA";"JAEN";"JAEN";"ESSALUD";"II-1";"00010136";"HOSPITAL II-1 CLINICA JAEN";"241800";"HOSPITALIZACIÓN DE MEDICINA MEDICINA GENERAL ";"79";"80";"331";"282";"12";"315";"0"
"2023";"06";"060801";"CAJAMARCA";"JAEN";"JAEN";"ESSALUD";"II-1";"00010136";"HOSPITAL II-1 CLINICA JAEN";"240100";"HOSPITALIZACIÓN QUIRÚRGICA CIRUGÍA GENERAL ";"50";"56";"178";"156";"8";"253";"0"
"2023";"06";"060801";"CAJAMARCA";"JAEN";"JAEN";"ESSALUD";"II-1";"00010136";"HOSPITAL II-1 CLINICA JAEN";"241400";"HOSPITALIZACIÓN QUIRÚRGICA GINECO - OBSTETRICIA ";"74";"45";"95";"69";"6";"189";"0"
"2023";"06";"060801";"CAJAMARCA";"JAEN";"JAEN";"ESSALUD";"II-1";"00010136";"HOSPITAL II-1 CLINICA JAEN";"242300";"HOSPITALIZACIÓN DE PEDIATRÍA  PEDIATRÍA  GENERAL ";"99";"115";"286";"230";"7";"233";"0"
"2023";"06";"150113";"LIMA";"LIMA";"JESUS MARIA";"ESSALUD";"0";"00016488";"CENTRO NACIONAL DE SALUD RENAL - ESSALUD";"NE_0001";"";"NE_0001";"NE_0001";"NE_0001";"NE_0001";"NE_0001";"NE_0001";"NE_0001"
"2023";"06";"100105";"HUANUCO";"HUANUCO";"MARGOS";"GOBIERNO REGIONAL";"I-3";"00000797";"MARGOS";"NE_0001";"";"NE_0001";"NE_0001";"NE_0001";"NE_0001";"NE_0001";"NE_0001";"NE_0001"
"2023";"06";"100105";"HUANUCO";"HUANUCO";"MARGOS";"GOBIERNO REGIONAL";"I-1";"00000798";"JESUS DE NAZARETH DE COCHAS";"NE_0001";"";"NE_0001";"NE_0001";"NE_0001";"NE_0001";"NE_0001";"NE_0001";"NE_0001"
"2023";"06";"100105";"HUANUCO";"HUANUCO";"MARGOS";"GOBIERNO REGIONAL";"I-1";"00000799";"SAN FRANCISCO DE LLAMAPASHILLUM";"NE_0001";"";"NE_0001";"NE_0001";"NE_0001";"NE_0001";"NE_0001";"NE_0001";"NE_0001"
"2023";"06";"100105";"HUANUCO";"HUANUCO";"MARGOS";"GOBIERNO REGIONAL";"I-1";"00000800";"PACAYHUA";"NE_0001";"";"NE_0001";"NE_0001";"NE_0001";"NE_0001";"NE_0001";"NE_0001";"NE_0001"
"2023";"06";"220502";"SAN MARTIN";"LAMAS";"ALONSO DE ALVARADO";"GOBIERNO REGIONAL";"I-1";"00010516";"PORVENIR DEL NORTE";"NE_0001";"";"NE_0001";"NE_0001";"NE_0001";"NE_0001";"NE_0001";"NE_0001";"NE_0001"
"2023";"06";"220502";"SAN MARTIN";"LAMAS";"ALONSO DE ALVARADO";"GOBIERNO REGIONAL";"I-3";"00006348";"ROQUE";"241600";"HOSPITALIZACIÓN QUIRÚRGICA OBSTETRICIA   ";"5";"5";"5";"30";"6";"30";"0"
"2023";"06";"220502";"SAN MARTIN";"LAMAS";"ALONSO DE ALVARADO";"GOBIERNO REGIONAL";"I-1";"00007297";"ALAN GARCIA";"NE_0001";"";"NE_0001";"NE_0001";"NE_0001";"NE_0001";"NE_0001";"NE_0001";"NE_0001"
"2023";"06";"061101";"CAJAMARCA";"SAN MIGUEL";"SAN MIGUEL";"GOBIERNO REGIONAL";"I-4";"00004561";"SAN MIGUEL";"241800";"HOSPITALIZACIÓN DE MEDICINA MEDICINA GENERAL ";"35";"37";"77";"52";"6";"180";"1"
"2023";"06";"061101";"CAJAMARCA";"SAN MIGUEL";"SAN MIGUEL";"GOBIERNO REGIONAL";"I-4";"00004561";"SAN MIGUEL";"241600";"HOSPITALIZACIÓN QUIRÚRGICA OBSTETRICIA   ";"NE_0002";"NE_0002";"NE_0002";"NE_0002";"4";"120";"NE_0002"
"2023";"06";"061101";"CAJAMARCA";"SAN MIGUEL";"SAN MIGUEL";"GOBIERNO REGIONAL";"I-4";"00004561";"SAN MIGUEL";"241500";"HOSPITALIZACIÓN QUIRÚRGICA GINECOLOGÍA  ";"3";"3";"4";"36";"4";"120";"NE_0002"
"2023";"06";"150122";"LIMA";"LIMA";"MIRAFLORES";"SANIDAD DE LA FUERZA AEREA DEL PERU";"III-1";"00010751";"HOSPITAL CENTRAL DE LA FUERZA AEREA DEL PERU";"240000";"HOSPITALIZACIÓN";"321";"356";"3250";"3134";"264";"5223";"15"
"2023";"06";"060603";"CAJAMARCA";"CUTERVO";"CHOROS";"GOBIERNO REGIONAL";"I-1";"00007698";"SAN PEDRO DE CHOROS";"NE_0001";"";"NE_0001";"NE_0001";"NE_0001";"NE_0001";"NE_0001";"NE_0001";"NE_0001"
"2023";"06";"150122";"LIMA";"LIMA";"MIRAFLORES";"PRIVADO";"II-E";"00016121";"CENTRO MEDICO AVENDAÑO S.A.C.";"240100";"HOSPITALIZACIÓN QUIRÚRGICA CIRUGÍA GENERAL ";"43";"38";"46";"43";"5";"150";"0"
"2023";"06";"150101";"LIMA";"LIMA";"LIMA";"MINSA";"III-2";"00006209";"INSTITUTO NACIONAL DE CIENCIAS NEUROLOGICAS";"244800";"HOSPITALIZACIÓN DE MEDICINA-NEUROLOGIA -NEUROLOGIA DE LA CONDUCTA";"35";"22";"170";"210";"15";"450";"0"
"2023";"06";"150101";"LIMA";"LIMA";"LIMA";"MINSA";"III-2";"00006209";"INSTITUTO NACIONAL DE CIENCIAS NEUROLOGICAS";"245200";"HOSPITALIZACIÓN DE MEDICINA NEUROLOGIA  EPILEPSIA/EPILEPTOLOGIA";"29";"22";"197";"240";"9";"270";"1"
"2023";"06";"150101";"LIMA";"LIMA";"LIMA";"MINSA";"III-2";"00006209";"INSTITUTO NACIONAL DE CIENCIAS NEUROLOGICAS";"243400";"HOSPITALIZACIÓN DE PEDIATRÍA PEDIATRIA NEUROLOGÍA PEDIÁTRICA";"11";"15";"368";"270";"14";"420";"0"
"2023";"06";"150101";"LIMA";"LIMA";"LIMA";"MINSA";"III-2";"00006209";"INSTITUTO NACIONAL DE CIENCIAS NEUROLOGICAS";"245100";"HOSPITALIZACIÓN DE MEDICINA NEUROLOGIA  ENFERMEDADES INFECCIOSAS/TRANSMISIBLES DEL SISTEMA NERVIOSO";"20";"19";"566";"450";"16";"480";"0"
"2023";"06";"150101";"LIMA";"LIMA";"LIMA";"MINSA";"III-2";"00006209";"INSTITUTO NACIONAL DE CIENCIAS NEUROLOGICAS";"245000";"HOSPITALIZACIÓN DE MEDICINA NEUROLOGIA  NEUROVASCULARES Y METABOLICAS";"35";"24";"283";"300";"11";"330";"0"
"2023";"06";"150101";"LIMA";"LIMA";"LIMA";"MINSA";"III-2";"00006209";"INSTITUTO NACIONAL DE CIENCIAS NEUROLOGICAS";"244900";"HOSPITALIZACIÓN DE MEDICINA NEUROLOGIA  NEURODEGENERATIVAS";"36";"24";"430";"540";"20";"600";"0"
"2023";"06";"150101";"LIMA";"LIMA";"LIMA";"MINSA";"III-2";"00006209";"INSTITUTO NACIONAL DE CIENCIAS NEUROLOGICAS";"240900";"HOSPITALIZACIÓN QUIRÚRGICA NEUROCIRUGÍA ";"141";"66";"1117";"930";"33";"990";"0"
"2023";"06";"150101";"LIMA";"LIMA";"LIMA";"MINSA";"III-2";"00006209";"INSTITUTO NACIONAL DE CIENCIAS NEUROLOGICAS";"250106";"UNIDAD DE CUIDADOS CRITICOS UNIDAD  DE CUIDADOS INTENSIVOS  (UCI) NEUROLÓGICA";"16";"2";"69";"210";"7";"210";"2"
"2023";"06";"150101";"LIMA";"LIMA";"LIMA";"MINSA";"III-2";"00006209";"INSTITUTO NACIONAL DE CIENCIAS NEUROLOGICAS";"250200";"UNIDAD DE CUIDADOS CRITICOS UNIDAD DE CUIDADOS INTERMEDIOS GENERAL  (UCIN) ";"5";"2";"75";"120";"6";"180";"1"
"2023";"06";"110304";"ICA";"NAZCA";"MARCONA";"ESSALUD";"I-4";"00013911";"MARIA REICHE NEUMAN";"241800";"HOSPITALIZACIÓN DE MEDICINA MEDICINA GENERAL ";"27";"28";"110";"82";"4";"120";"2"
"2023";"06";"110304";"ICA";"NAZCA";"MARCONA";"ESSALUD";"I-4";"00013911";"MARIA REICHE NEUMAN";"240100";"HOSPITALIZACIÓN QUIRÚRGICA CIRUGÍA GENERAL ";"7";"5";"11";"6";"1";"30";"0"
"2023";"06";"110304";"ICA";"NAZCA";"MARCONA";"ESSALUD";"I-4";"00013911";"MARIA REICHE NEUMAN";"241500";"HOSPITALIZACIÓN QUIRÚRGICA GINECOLOGÍA  ";"19";"20";"94";"74";"4";"120";"0"
"2023";"06";"110304";"ICA";"NAZCA";"MARCONA";"ESSALUD";"I-4";"00013911";"MARIA REICHE NEUMAN";"242300";"HOSPITALIZACIÓN DE PEDIATRÍA  PEDIATRÍA  GENERAL ";"12";"12";"40";"28";"2";"60";"0"
"2023";"06";"130101";"LA LIBERTAD";"TRUJILLO";"TRUJILLO";"PRIVADO";"II-E";"00021508";"SMQ QUIRUMEDIC SAC";"240000";"HOSPITALIZACIÓN";"255";"250";"250";"250";"15";"510";"0"
"2023";"06";"150141";"LIMA";"LIMA";"SURQUILLO";"PRIVADO";"II-E";"00012206";"DETECTA CLINICA";"240000";"HOSPITALIZACIÓN";"166";"135";"507";"154";"18";"330";"1"
"2023";"06";"150131";"LIMA";"LIMA";"SAN ISIDRO";"PRIVADO";"II-E";"00009933";"CLINICA OFTALMOLOGICA MACULA D&T";"NE_0001";"";"NE_0001";"NE_0001";"NE_0001";"NE_0001";"NE_0001";"NE_0001";"NE_0001"
"2023";"06";"160101";"LORETO";"MAYNAS";"IQUITOS";"SANIDAD DE LA FUERZA AEREA DEL PERU";"I-4";"00010605";"HOSPITAL REGIONAL DEL ORIENTE - FAP";"241800";"HOSPITALIZACIÓN DE MEDICINA MEDICINA GENERAL ";"3";"3";"7";"67";"20";"300";"0"
"2023";"06";"150114";"LIMA";"LIMA";"LA MOLINA";"PRIVADO";"II-2";"00009153";"CLINICA MONTEFIORI";"240000";"HOSPITALIZACIÓN";"413";"401";"1214";"1079";"43";"1419";"4"
"2023";"06";"150114";"LIMA";"LIMA";"LA MOLINA";"PRIVADO";"II-2";"00009153";"CLINICA MONTEFIORI";"250100";"UNIDAD DE CUIDADOS CRITICOS UNIDAD  DE CUIDADOS INTENSIVOS GENERALES (UCI) ";"5";"5";"41";"38";"3";"86";"0"
"2023";"06";"130101";"LA LIBERTAD";"TRUJILLO";"TRUJILLO";"ESSALUD";"II-1";"00008685";"HOSPITAL I ALBRECHT";"241800";"HOSPITALIZACIÓN DE MEDICINA MEDICINA GENERAL ";"32";"35";"196";"181";"7";"190";"4"
"2023";"06";"130101";"LA LIBERTAD";"TRUJILLO";"TRUJILLO";"ESSALUD";"II-1";"00008685";"HOSPITAL I ALBRECHT";"240100";"HOSPITALIZACIÓN QUIRÚRGICA CIRUGÍA GENERAL ";"53";"52";"155";"163";"6";"192";"0"
"2023";"06";"130101";"LA LIBERTAD";"TRUJILLO";"TRUJILLO";"ESSALUD";"II-1";"00008685";"HOSPITAL I ALBRECHT";"241500";"HOSPITALIZACIÓN QUIRÚRGICA GINECOLOGÍA  ";"78";"77";"110";"111";"4";"135";"0"
"2023";"06";"130101";"LA LIBERTAD";"TRUJILLO";"TRUJILLO";"ESSALUD";"II-1";"00008685";"HOSPITAL I ALBRECHT";"241600";"HOSPITALIZACIÓN QUIRÚRGICA OBSTETRICIA   ";"22";"23";"55";"55";"3";"95";"0"
"2023";"06";"130101";"LA LIBERTAD";"TRUJILLO";"TRUJILLO";"ESSALUD";"II-1";"00008685";"HOSPITAL I ALBRECHT";"242300";"HOSPITALIZACIÓN DE PEDIATRÍA  PEDIATRÍA  GENERAL ";"31";"33";"97";"101";"4";"122";"0"
"2023";"06";"060802";"CAJAMARCA";"JAEN";"BELLAVISTA";"GOBIERNO REGIONAL";"II-1";"00004223";"SAN JAVIER BELLAVISTA";"242500";"HOSPITALIZACIÓN-PEDIATRÍA GENERAL-";"9";"9";"19";"28";"3";"90";"0"
"2023";"06";"060802";"CAJAMARCA";"JAEN";"BELLAVISTA";"GOBIERNO REGIONAL";"II-1";"00004223";"SAN JAVIER BELLAVISTA";"241800";"HOSPITALIZACIÓN DE MEDICINA MEDICINA GENERAL ";"17";"17";"49";"66";"4";"120";"0"
"2023";"06";"060802";"CAJAMARCA";"JAEN";"BELLAVISTA";"GOBIERNO REGIONAL";"II-1";"00004223";"SAN JAVIER BELLAVISTA";"241400";"HOSPITALIZACIÓN QUIRÚRGICA GINECO - OBSTETRICIA ";"2";"2";"7";"8";"4";"120";"0"
"2023";"06";"060802";"CAJAMARCA";"JAEN";"BELLAVISTA";"GOBIERNO REGIONAL";"II-1";"00004223";"SAN JAVIER BELLAVISTA";"241600";"HOSPITALIZACIÓN QUIRÚRGICA OBSTETRICIA   ";"6";"7";"20";"24";"4";"120";"0"
"2023";"06";"061204";"CAJAMARCA";"SAN PABLO";"TUMBADEN";"GOBIERNO REGIONAL";"I-1";"00004610";"EL REGALADO";"NE_0001";"";"NE_0001";"NE_0001";"NE_0001";"NE_0001";"NE_0001";"NE_0001";"NE_0001"
"2023";"06";"061202";"CAJAMARCA";"SAN PABLO";"SAN BERNARDINO";"GOBIERNO REGIONAL";"I-1";"00004539";"TUÑAD";"NE_0001";"";"NE_0001";"NE_0001";"NE_0001";"NE_0001";"NE_0001";"NE_0001";"NE_0001"
"2023";"06";"061203";"CAJAMARCA";"SAN PABLO";"SAN LUIS";"GOBIERNO REGIONAL";"I-1";"00004584";"PAMPA DE SAN LUIS";"NE_0001";"";"NE_0001";"NE_0001";"NE_0001";"NE_0001";"NE_0001";"NE_0001";"NE_0001"
"2023";"06";"061203";"CAJAMARCA";"SAN PABLO";"SAN LUIS";"GOBIERNO REGIONAL";"I-1";"00004585";"SAN LUIS BAJO - GRANDE";"NE_0001";"";"NE_0001";"NE_0001";"NE_0001";"NE_0001";"NE_0001";"NE_0001";"NE_0001"
"2023";"06";"061204";"CAJAMARCA";"SAN PABLO";"TUMBADEN";"GOBIERNO REGIONAL";"I-1";"00004582";"TUMBADEN ALTO";"NE_0001";"";"NE_0001";"NE_0001";"NE_0001";"NE_0001";"NE_0001";"NE_0001";"NE_0001"
"2023";"06";"061202";"CAJAMARCA";"SAN PABLO";"SAN BERNARDINO";"GOBIERNO REGIONAL";"I-2";"00004580";"SAN BERNARDINO";"NE_0001";"";"NE_0001";"NE_0001";"NE_0001";"NE_0001";"NE_0001";"NE_0001";"NE_0001"
"2023";"06";"061201";"CAJAMARCA";"SAN PABLO";"SAN PABLO";"GOBIERNO REGIONAL";"I-1";"00004586";"JANCOS";"NE_0001";"";"NE_0001";"NE_0001";"NE_0001";"NE_0001";"NE_0001";"NE_0001";"NE_0001"
"2023";"06";"061201";"CAJAMARCA";"SAN PABLO";"SAN PABLO";"GOBIERNO REGIONAL";"I-1";"00004611";"EL PATIÑO";"NE_0001";"";"NE_0001";"NE_0001";"NE_0001";"NE_0001";"NE_0001";"NE_0001";"NE_0001"
"2023";"06";"061204";"CAJAMARCA";"SAN PABLO";"TUMBADEN";"GOBIERNO REGIONAL";"I-2";"00004583";"TUMBADEN BAJO";"NE_0001";"";"NE_0001";"NE_0001";"NE_0001";"NE_0001";"NE_0001";"NE_0001";"NE_0001"
"2023";"06";"061201";"CAJAMARCA";"SAN PABLO";"SAN PABLO";"GOBIERNO REGIONAL";"I-2";"00004578";"CALLANCAS";"NE_0001";"";"NE_0001";"NE_0001";"NE_0001";"NE_0001";"NE_0001";"NE_0001";"NE_0001"
"2023";"06";"061201";"CAJAMARCA";"SAN PABLO";"SAN PABLO";"GOBIERNO REGIONAL";"I-4";"00004577";"SAN PABLO";"241800";"HOSPITALIZACIÓN DE MEDICINA MEDICINA GENERAL ";"2";"2";"4";"3";"3";"93";"0"
"2023";"06";"061201";"CAJAMARCA";"SAN PABLO";"SAN PABLO";"GOBIERNO REGIONAL";"I-4";"00004577";"SAN PABLO";"241600";"HOSPITALIZACIÓN QUIRÚRGICA OBSTETRICIA   ";"2";"2";"3";"3";"6";"186";"0"
"2023";"06";"061201";"CAJAMARCA";"SAN PABLO";"SAN PABLO";"GOBIERNO REGIONAL";"I-2";"00004581";"SANTA ROSA DE UNANCA";"NE_0001";"";"NE_0001";"NE_0001";"NE_0001";"NE_0001";"NE_0001";"NE_0001";"NE_0001"
"2023";"06";"061202";"CAJAMARCA";"SAN PABLO";"SAN BERNARDINO";"GOBIERNO REGIONAL";"I-1";"00004579";"POLAN";"NE_0001";"";"NE_0001";"NE_0001";"NE_0001";"NE_0001";"NE_0001";"NE_0001";"NE_0001"
"2023";"06";"150121";"LIMA";"LIMA";"PUEBLO LIBRE";"PRIVADO";"II-E";"00021096";"CLINICA ESPECIALIZADA EN CIRUGÍA PLÁSTICA SAN AGUSTIN";"NE_0001";"";"NE_0001";"NE_0001";"NE_0001";"NE_0001";"NE_0001";"NE_0001";"NE_0001"
"2023";"06";"021701";"ANCASH";"RECUAY";"RECUAY";"GOBIERNO REGIONAL";"II-1";"00001472";"HOSPITAL DE APOYO RECUAY";"241500";"HOSPITALIZACIÓN QUIRÚRGICA GINECOLOGÍA  ";"1";"1";"1";"1";"2";"60";"0"
"2023";"06";"060810";"CAJAMARCA";"JAEN";"SAN FELIPE";"GOBIERNO REGIONAL";"I-3";"00004254";"SAN FELIPE";"NE_0001";"";"NE_0001";"NE_0001";"NE_0001";"NE_0001";"NE_0001";"NE_0001";"NE_0001"
"2023";"06";"080601";"CUSCO";"CANCHIS";"SICUANI";"GOBIERNO REGIONAL";"II-1";"00002378";"SICUANI";"240100";"HOSPITALIZACIÓN QUIRÚRGICA CIRUGÍA GENERAL ";"77";"90";"443";"471";"19";"570";"1"
"2023";"06";"080601";"CUSCO";"CANCHIS";"SICUANI";"GOBIERNO REGIONAL";"II-1";"00002378";"SICUANI";"241500";"HOSPITALIZACIÓN QUIRÚRGICA GINECOLOGÍA  ";"26";"30";"80";"94";"7";"210";"0"
"2023";"06";"080601";"CUSCO";"CANCHIS";"SICUANI";"GOBIERNO REGIONAL";"II-1";"00002378";"SICUANI";"241600";"HOSPITALIZACIÓN QUIRÚRGICA OBSTETRICIA   ";"73";"79";"196";"180";"17";"510";"0"
"2023";"06";"080601";"CUSCO";"CANCHIS";"SICUANI";"GOBIERNO REGIONAL";"II-1";"00002378";"SICUANI";"241800";"HOSPITALIZACIÓN DE MEDICINA MEDICINA GENERAL ";"26";"28";"149";"186";"17";"510";"5"
"2023";"06";"080601";"CUSCO";"CANCHIS";"SICUANI";"GOBIERNO REGIONAL";"II-1";"00002378";"SICUANI";"242500";"HOSPITALIZACIÓN-PEDIATRÍA GENERAL-";"36";"41";"198";"201";"16";"480";"0"
"2023";"06";"080601";"CUSCO";"CANCHIS";"SICUANI";"GOBIERNO REGIONAL";"II-1";"00002378";"SICUANI";"243200";"HOSPITALIZACIÓN DE PEDIATRÍA PEDIATRIA NEONATOLOGÍA";"3";"4";"18";"31";"7";"210";"0"
"2023";"06";"120701";"JUNIN";"TARMA";"TARMA";"GOBIERNO REGIONAL";"II-2";"00000520";"DE APOYO FELIX MAYORCA SOTO";"241800";"HOSPITALIZACIÓN DE MEDICINA MEDICINA GENERAL ";"45";"50";"309";"258";"12";"360";"9"
"2023";"06";"120701";"JUNIN";"TARMA";"TARMA";"GOBIERNO REGIONAL";"II-2";"00000520";"DE APOYO FELIX MAYORCA SOTO";"250103";"UNIDAD DE CUIDADOS CRITICOS UNIDAD  DE CUIDADOS INTENSIVOS GENERALES  (UCI) MEDICINA";"6";"7";"21";"47";"2";"60";"4"
"2023";"06";"120701";"JUNIN";"TARMA";"TARMA";"GOBIERNO REGIONAL";"II-2";"00000520";"DE APOYO FELIX MAYORCA SOTO";"240100";"HOSPITALIZACIÓN QUIRÚRGICA CIRUGÍA GENERAL ";"69";"64";"220";"238";"10";"300";"0"
"2023";"06";"120701";"JUNIN";"TARMA";"TARMA";"GOBIERNO REGIONAL";"II-2";"00000520";"DE APOYO FELIX MAYORCA SOTO";"241200";"HOSPITALIZACIÓN QUIRÚRGICA TRAUMATOLOGÍA Y ORTOPEDIA ";"40";"36";"186";"191";"10";"300";"0"
"2023";"06";"120701";"JUNIN";"TARMA";"TARMA";"GOBIERNO REGIONAL";"II-2";"00000520";"DE APOYO FELIX MAYORCA SOTO";"243200";"HOSPITALIZACIÓN DE PEDIATRÍA PEDIATRIA NEONATOLOGÍA";"18";"16";"63";"74";"4";"120";"0"
"2023";"06";"120701";"JUNIN";"TARMA";"TARMA";"GOBIERNO REGIONAL";"II-2";"00000520";"DE APOYO FELIX MAYORCA SOTO";"250105";"UNIDAD DE CUIDADOS CRITICOS UNIDAD  DE CUIDADOS INTENSIVOS  (UCI) NEONATOLOGÍA";"5";"2";"11";"64";"3";"90";"0"
"2023";"06";"120701";"JUNIN";"TARMA";"TARMA";"GOBIERNO REGIONAL";"II-2";"00000520";"DE APOYO FELIX MAYORCA SOTO";"242500";"HOSPITALIZACIÓN-PEDIATRÍA GENERAL-";"26";"22";"206";"123";"5";"150";"0"
"2023";"06";"120701";"JUNIN";"TARMA";"TARMA";"GOBIERNO REGIONAL";"II-2";"00000520";"DE APOYO FELIX MAYORCA SOTO";"241400";"HOSPITALIZACIÓN QUIRÚRGICA GINECO - OBSTETRICIA ";"140";"139";"376";"373";"19";"570";"0"
"2023";"06";"021701";"ANCASH";"RECUAY";"RECUAY";"GOBIERNO REGIONAL";"II-1";"00001472";"HOSPITAL DE APOYO RECUAY";"240100";"HOSPITALIZACIÓN QUIRÚRGICA CIRUGÍA GENERAL ";"3";"3";"11";"11";"1";"30";"0"
"2023";"04";"100511";"HUANUCO";"HUAMALIES";"TANTAMAYO";"GOBIERNO REGIONAL";"I-2";"00000903";"TANTAMAYO";"NE_0001";"";"NE_0001";"NE_0001";"NE_0001";"NE_0001";"NE_0001";"NE_0001";"NE_0001"
"2023";"04";"100511";"HUANUCO";"HUAMALIES";"TANTAMAYO";"GOBIERNO REGIONAL";"I-1";"00022037";"SAN PEDRO DE  PARIARCA";"NE_0001";"";"NE_0001";"NE_0001";"NE_0001";"NE_0001";"NE_0001";"NE_0001";"NE_0001"
"2023";"04";"100511";"HUANUCO";"HUAMALIES";"TANTAMAYO";"GOBIERNO REGIONAL";"I-1";"00011166";"PAMPA FLORIDA";"NE_0001";"";"NE_0001";"NE_0001";"NE_0001";"NE_0001";"NE_0001";"NE_0001";"NE_0001"
"2023";"08";"150128";"LIMA";"LIMA";"RIMAC";"SANIDAD DEL EJERCITO DEL PERU";"I-4";"00013914";"CENTRO DE SALUD MILITAR RIMAC";"241800";"HOSPITALIZACIÓN DE MEDICINA MEDICINA GENERAL ";"1";"0";"1";"1";"1";"3";"0"
"2023";"08";"081006";"CUSCO";"PARURO";"OMACHA";"GOBIERNO REGIONAL";"I-1";"00012924";"SAHUA SAHUA";"NE_0002";"";"NE_0002";"NE_0002";"NE_0002";"NE_0002";"NE_0002";"NE_0002";"NE_0002"
"2023";"08";"081006";"CUSCO";"PARURO";"OMACHA";"GOBIERNO REGIONAL";"I-2";"00002505";"OMACHA";"NE_0002";"";"NE_0002";"NE_0002";"NE_0002";"NE_0002";"NE_0002";"NE_0002";"NE_0002"
"2023";"08";"081009";"CUSCO";"PARURO";"YAURISQUE";"GOBIERNO REGIONAL";"I-3";"00002509";"YAURISQUE";"NE_0002";"";"NE_0002";"NE_0002";"NE_0002";"NE_0002";"NE_0002";"NE_0002";"NE_0002"
"2023";"08";"081002";"CUSCO";"PARURO";"ACCHA";"GOBIERNO REGIONAL";"I-3";"00002500";"ACCHA";"NE_0002";"";"NE_0002";"NE_0002";"NE_0002";"NE_0002";"NE_0002";"NE_0002";"NE_0002"
"2023";"08";"230101";"TACNA";"TACNA";"TACNA";"PRIVADO";"I-4";"00011466";"CLINICA ISABEL";"240000";"HOSPITALIZACIÓN";"2";"2";"1";"1";"1";"31";"0"
"2023";"08";"230101";"TACNA";"TACNA";"TACNA";"PRIVADO";"I-4";"00011466";"CLINICA ISABEL";"240000";"HOSPITALIZACIÓN";"2";"2";"1";"1";"1";"31";"0"
"2023";"08";"120413";"JUNIN";"JAUJA";"LEONOR ORDOÑEZ";"GOBIERNO REGIONAL";"I-1";"00000401";"HUANCANI";"NE_0001";"";"NE_0001";"NE_0001";"NE_0001";"NE_0001";"NE_0001";"NE_0001";"NE_0001"
"2023";"08";"120431";"JUNIN";"JAUJA";"SINCOS";"GOBIERNO REGIONAL";"I-2";"00000406";"ARAMACHAY";"NE_0001";"";"NE_0001";"NE_0001";"NE_0001";"NE_0001";"NE_0001";"NE_0001";"NE_0001"
"2023";"08";"120431";"JUNIN";"JAUJA";"SINCOS";"GOBIERNO REGIONAL";"I-1";"00000408";"CHALHUAS";"NE_0001";"";"NE_0001";"NE_0001";"NE_0001";"NE_0001";"NE_0001";"NE_0001";"NE_0001"
"2023";"08";"120421";"JUNIN";"JAUJA";"MUQUIYAUYO";"GOBIERNO REGIONAL";"I-2";"00000403";"MUQUIYAUYO";"NE_0001";"";"NE_0001";"NE_0001";"NE_0001";"NE_0001";"NE_0001";"NE_0001";"NE_0001"
"2023";"08";"120606";"JUNIN";"SATIPO";"PANGOA";"GOBIERNO REGIONAL";"I-2";"00000444";"CHAVINI";"NE_0001";"";"NE_0001";"NE_0001";"NE_0001";"NE_0001";"NE_0001";"NE_0001";"NE_0001"
"2023";"08";"120101";"JUNIN";"HUANCAYO";"HUANCAYO";"GOBIERNO REGIONAL";"III-E";"00006615";"HOSPITAL REGIONAL DOCENTE MATERNO INFANTIL EL CARMEN";"241600";"HOSPITALIZACIÓN QUIRÚRGICA OBSTETRICIA   ";"524";"493";"1388";"1470";"63";"1908";"0"
"2023";"08";"120101";"JUNIN";"HUANCAYO";"HUANCAYO";"GOBIERNO REGIONAL";"III-E";"00006615";"HOSPITAL REGIONAL DOCENTE MATERNO INFANTIL EL CARMEN";"250201";"UNIDAD DE CUIDADOS CRITICOS UNIDAD DE CUIDADOS INTERMEDIOS  (UCIN) NEONATAL";"86";"106";"1012";"1121";"42";"1302";"0"
"2023";"08";"120101";"JUNIN";"HUANCAYO";"HUANCAYO";"GOBIERNO REGIONAL";"III-E";"00006615";"HOSPITAL REGIONAL DOCENTE MATERNO INFANTIL EL CARMEN";"240700";"HOSPITALIZACIÓN QUIRÚRGICA CIRUGÍA PEDIÁTRICA ";"123";"126";"550";"506";"15";"510";"0"
"2023";"08";"120101";"JUNIN";"HUANCAYO";"HUANCAYO";"GOBIERNO REGIONAL";"III-E";"00006615";"HOSPITAL REGIONAL DOCENTE MATERNO INFANTIL EL CARMEN";"242300";"HOSPITALIZACIÓN DE PEDIATRÍA  PEDIATRÍA  GENERAL ";"102";"115";"770";"667";"21";"673";"1"
"2023";"08";"120101";"JUNIN";"HUANCAYO";"HUANCAYO";"GOBIERNO REGIONAL";"III-E";"00006615";"HOSPITAL REGIONAL DOCENTE MATERNO INFANTIL EL CARMEN";"241500";"HOSPITALIZACIÓN QUIRÚRGICA GINECOLOGÍA  ";"72";"73";"385";"288";"10";"288";"0"
"2023";"08";"120101";"JUNIN";"HUANCAYO";"HUANCAYO";"GOBIERNO REGIONAL";"III-E";"00006615";"HOSPITAL REGIONAL DOCENTE MATERNO INFANTIL EL CARMEN";"250105";"UNIDAD DE CUIDADOS CRITICOS UNIDAD  DE CUIDADOS INTENSIVOS  (UCI) NEONATOLOGÍA";"31";"4";"11";"360";"12";"372";"3"
"2023";"08";"120101";"JUNIN";"HUANCAYO";"HUANCAYO";"GOBIERNO REGIONAL";"III-E";"00006615";"HOSPITAL REGIONAL DOCENTE MATERNO INFANTIL EL CARMEN";"250108";"UNIDAD DE CUIDADOS CRITICOS UNIDAD  DE CUIDADOS INTENSIVOS  (UCI) PEDIÁTRICA";"7";"5";"94";"183";"6";"186";"3"
"2023";"08";"150114";"LIMA";"LIMA";"LA MOLINA";"PRIVADO";"II-2";"00009153";"CLINICA MONTEFIORI";"250100";"UNIDAD DE CUIDADOS CRITICOS UNIDAD  DE CUIDADOS INTENSIVOS GENERALES (UCI) ";"3";"3";"5";"4";"3";"86";"2"
"2023";"08";"150114";"LIMA";"LIMA";"LA MOLINA";"PRIVADO";"II-2";"00009153";"CLINICA MONTEFIORI";"240000";"HOSPITALIZACIÓN";"467";"463";"1303";"1132";"43";"1419";"0"
"2023";"08";"200701";"PIURA";"TALARA";"PARIÑAS";"ESSALUD";"II-1";"00012243";"HOSPITAL II TALARA";"241900";"HOSPITALIZACIÓN DE MEDICINA MEDICINA INTERNA ";"62";"58";"390";"257";"12";"372";"6"
"2023";"08";"200701";"PIURA";"TALARA";"PARIÑAS";"ESSALUD";"II-1";"00012243";"HOSPITAL II TALARA";"240100";"HOSPITALIZACIÓN QUIRÚRGICA CIRUGÍA GENERAL ";"68";"69";"273";"233";"10";"310";"0"
"2023";"08";"200701";"PIURA";"TALARA";"PARIÑAS";"ESSALUD";"II-1";"00012243";"HOSPITAL II TALARA";"241400";"HOSPITALIZACIÓN QUIRÚRGICA GINECO - OBSTETRICIA ";"70";"69";"211";"170";"10";"310";"0"
"2023";"08";"200701";"PIURA";"TALARA";"PARIÑAS";"ESSALUD";"II-1";"00012243";"HOSPITAL II TALARA";"242300";"HOSPITALIZACIÓN DE PEDIATRÍA  PEDIATRÍA  GENERAL ";"80";"77";"233";"135";"6";"186";"0"
"2023";"08";"140101";"LAMBAYEQUE";"CHICLAYO";"CHICLAYO";"PRIVADO";"II-E";"00008730";"BM CLINICA";"240000";"HOSPITALIZACIÓN";"6";"6";"36";"36";"6";"150";"1"
"2023";"08";"140101";"LAMBAYEQUE";"CHICLAYO";"CHICLAYO";"PRIVADO";"II-E";"00008730";"BM CLINICA";"250000";"UNIDAD DE CUIDADOS CRITICOS  ";"1";"1";"28";"1";"1";"28";"1"
"2023";"08";"080107";"CUSCO";"CUSCO";"SAYLLA";"GOBIERNO REGIONAL";"I-2";"00002314";"SAYLLA";"NE_0002";"";"NE_0002";"NE_0002";"NE_0002";"NE_0002";"NE_0002";"NE_0002";"NE_0002"
"2023";"08";"080104";"CUSCO";"CUSCO";"SAN JERONIMO";"GOBIERNO REGIONAL";"I-4";"00002300";"SAN JERONIMO";"NE_0002";"";"NE_0002";"NE_0002";"NE_0002";"NE_0002";"NE_0002";"NE_0002";"NE_0002"
"2023";"08";"080206";"CUSCO";"ACOMAYO";"RONDOCAN";"GOBIERNO REGIONAL";"I-3";"00002323";"RONDOCAN";"NE_0002";"";"NE_0002";"NE_0002";"NE_0002";"NE_0002";"NE_0002";"NE_0002";"NE_0002"
"2023";"08";"080105";"CUSCO";"CUSCO";"SAN SEBASTIAN";"GOBIERNO REGIONAL";"I-3";"00002301";"SAN SEBASTIAN";"NE_0002";"";"NE_0002";"NE_0002";"NE_0002";"NE_0002";"NE_0002";"NE_0002";"NE_0002"
"2023";"08";"080104";"CUSCO";"CUSCO";"SAN JERONIMO";"GOBIERNO REGIONAL";"I-1";"00007699";"CONCHACALLE";"NE_0002";"";"NE_0002";"NE_0002";"NE_0002";"NE_0002";"NE_0002";"NE_0002";"NE_0002"
"2023";"08";"080105";"CUSCO";"CUSCO";"SAN SEBASTIAN";"GOBIERNO REGIONAL";"I-3";"00002303";"SANTA ROSA";"NE_0002";"";"NE_0002";"NE_0002";"NE_0002";"NE_0002";"NE_0002";"NE_0002";"NE_0002"
"2023";"08";"120101";"JUNIN";"HUANCAYO";"HUANCAYO";"PRIVADO";"II-1";"00025971";"CLINICA BILBAO";"240100";"HOSPITALIZACIÓN QUIRÚRGICA CIRUGÍA GENERAL ";"19";"19";"40";"43";"4";"124";"0"
"2023";"08";"120101";"JUNIN";"HUANCAYO";"HUANCAYO";"PRIVADO";"II-1";"00025971";"CLINICA BILBAO";"241400";"HOSPITALIZACIÓN QUIRÚRGICA GINECO - OBSTETRICIA ";"24";"24";"48";"49";"4";"124";"0"
"2023";"08";"120101";"JUNIN";"HUANCAYO";"HUANCAYO";"PRIVADO";"II-1";"00025971";"CLINICA BILBAO";"241500";"HOSPITALIZACIÓN QUIRÚRGICA GINECOLOGÍA  ";"10";"10";"21";"22";"2";"62";"0"
"2023";"08";"120101";"JUNIN";"HUANCAYO";"HUANCAYO";"PRIVADO";"II-1";"00025971";"CLINICA BILBAO";"244200";"HOSPITALIZACIÓN DE MEDICINA ENDOCRINOLOGIA ";"1";"1";"1";"1";"1";"31";"0"
"2023";"08";"120101";"JUNIN";"HUANCAYO";"HUANCAYO";"PRIVADO";"II-1";"00025971";"CLINICA BILBAO";"241200";"HOSPITALIZACIÓN QUIRÚRGICA TRAUMATOLOGÍA Y ORTOPEDIA ";"3";"3";"4";"5";"1";"31";"0"
"2023";"08";"120101";"JUNIN";"HUANCAYO";"HUANCAYO";"PRIVADO";"II-1";"00025971";"CLINICA BILBAO";"241900";"HOSPITALIZACIÓN DE MEDICINA MEDICINA INTERNA ";"1";"1";"6";"7";"1";"31";"0"
"2023";"08";"020801";"ANCASH";"CASMA";"CASMA";"ESSALUD";"I-3";"00009057";"CENTRO MEDICO CASMA";"NE_0001";"";"NE_0001";"NE_0001";"NE_0001";"NE_0001";"NE_0001";"NE_0001";"NE_0001"
"2023";"08";"220801";"SAN MARTIN";"RIOJA";"RIOJA";"GOBIERNO REGIONAL";"I-1";"00006273";"PUESTO DE SALUD TAMBO";"NE_0002";"";"NE_0002";"NE_0002";"NE_0002";"NE_0002";"NE_0002";"NE_0002";"NE_0002"
"2023";"08";"220808";"SAN MARTIN";"RIOJA";"YORONGOS";"GOBIERNO REGIONAL";"I-3";"00006275";"PUESTO DE SALUD YORONGOS";"NE_0002";"";"NE_0002";"NE_0002";"NE_0002";"NE_0002";"NE_0002";"NE_0002";"NE_0002"
"2023";"08";"040107";"AREQUIPA";"AREQUIPA";"JACOBO HUNTER";"GOBIERNO REGIONAL";"I-3";"00001279";"PUESTO DE SALUD UPIS PAISAJISTA";"NE_0001";"";"NE_0001";"NE_0001";"NE_0001";"NE_0001";"NE_0001";"NE_0001";"NE_0001"
"2023";"08";"040107";"AREQUIPA";"AREQUIPA";"JACOBO HUNTER";"GOBIERNO REGIONAL";"I-2";"00001273";"PUESTO DE SALUD DANIEL ALCIDES CARRION";"NE_0001";"";"NE_0001";"NE_0001";"NE_0001";"NE_0001";"NE_0001";"NE_0001";"NE_0001"
"2023";"08";"040107";"AREQUIPA";"AREQUIPA";"JACOBO HUNTER";"GOBIERNO REGIONAL";"I-4";"00001259";"CENTRO DE SALUD JAVIER LLOSA GARCIA -  HUNTER";"241600";"HOSPITALIZACIÓN QUIRÚRGICA OBSTETRICIA   ";"19";"19";"19";"1";"15";"16";"0"
"2023";"08";"040107";"AREQUIPA";"AREQUIPA";"JACOBO HUNTER";"GOBIERNO REGIONAL";"I-2";"00001276";"PUESTO DE SALUD CAMINOS DEL INCA";"NE_0001";"";"NE_0001";"NE_0001";"NE_0001";"NE_0001";"NE_0001";"NE_0001";"NE_0001"
"2023";"08";"040107";"AREQUIPA";"AREQUIPA";"JACOBO HUNTER";"GOBIERNO REGIONAL";"I-2";"00001274";"PUESTO DE SALUD AMPLIACION PAMPAS DEL CUZCO";"NE_0001";"";"NE_0001";"NE_0001";"NE_0001";"NE_0001";"NE_0001";"NE_0001";"NE_0001"
"2023";"08";"040107";"AREQUIPA";"AREQUIPA";"JACOBO HUNTER";"GOBIERNO REGIONAL";"I-2";"00001277";"PUESTO DE SALUD ALTO ALIANZA";"NE_0001";"";"NE_0001";"NE_0001";"NE_0001";"NE_0001";"NE_0001";"NE_0001";"NE_0001"
"2023";"08";"040107";"AREQUIPA";"AREQUIPA";"JACOBO HUNTER";"GOBIERNO REGIONAL";"I-2";"00001275";"PUESTO DE SALUD CHILPINILLA";"NE_0001";"";"NE_0001";"NE_0001";"NE_0001";"NE_0001";"NE_0001";"NE_0001";"NE_0001"
"2023";"08";"040107";"AREQUIPA";"AREQUIPA";"JACOBO HUNTER";"MINSA";"I-3";"00031488";"CENTRO DE SALUD MENTAL COMUNITARIO HUNTER";"NE_0001";"";"NE_0001";"NE_0001";"NE_0001";"NE_0001";"NE_0001";"NE_0001";"NE_0001"
"2023";"08";"120702";"JUNIN";"TARMA";"ACOBAMBA";"GOBIERNO REGIONAL";"I-1";"00000522";"PICOY";"NE_0001";"";"NE_0001";"NE_0001";"NE_0001";"NE_0001";"NE_0001";"NE_0001";"NE_0001"
"2023";"08";"120702";"JUNIN";"TARMA";"ACOBAMBA";"GOBIERNO REGIONAL";"I-1";"00000526";"COLLPA";"NE_0001";"";"NE_0001";"NE_0001";"NE_0001";"NE_0001";"NE_0001";"NE_0001";"NE_0001"
"2023";"08";"120702";"JUNIN";"TARMA";"ACOBAMBA";"GOBIERNO REGIONAL";"I-4";"00000521";"ACOBAMBA";"241600";"HOSPITALIZACIÓN QUIRÚRGICA OBSTETRICIA   ";"6";"6";"10";"10";"3";"93";"0"
"2023";"08";"120702";"JUNIN";"TARMA";"ACOBAMBA";"GOBIERNO REGIONAL";"I-1";"00000525";"HUAYLAHUICHAN";"NE_0001";"";"NE_0001";"NE_0001";"NE_0001";"NE_0001";"NE_0001";"NE_0001";"NE_0001"
"2023";"08";"120702";"JUNIN";"TARMA";"ACOBAMBA";"GOBIERNO REGIONAL";"I-1";"00000523";"HUARACAYO";"NE_0001";"";"NE_0001";"NE_0001";"NE_0001";"NE_0001";"NE_0001";"NE_0001";"NE_0001"
"2023";"08";"150121";"LIMA";"LIMA";"PUEBLO LIBRE";"PRIVADO";"II-E";"00008351";"CLINICAS SAN BERNARDO S.A.";"240000";"HOSPITALIZACIÓN";"102";"102";"249";"274";"22";"682";"1"
"2023";"08";"090301";"HUANCAVELICA";"ANGARAES";"LIRCAY";"GOBIERNO REGIONAL";"I-1";"00011769";"YANAUTUTO";"NE_0001";"";"NE_0001";"NE_0001";"NE_0001";"NE_0001";"NE_0001";"NE_0001";"NE_0001"
"2023";"08";"090304";"HUANCAVELICA";"ANGARAES";"CCOCHACCASA";"GOBIERNO REGIONAL";"I-1";"00003957";"CCASCCABAMBA";"NE_0001";"";"NE_0001";"NE_0001";"NE_0001";"NE_0001";"NE_0001";"NE_0001";"NE_0001"
"2023";"08";"090302";"HUANCAVELICA";"ANGARAES";"ANCHONGA";"GOBIERNO REGIONAL";"I-3";"00006901";"BUENOS AIRES DE PARCO CHACAPUNCU";"NE_0001";"";"NE_0001";"NE_0001";"NE_0001";"NE_0001";"NE_0001";"NE_0001";"NE_0001"
"2023";"08";"090301";"HUANCAVELICA";"ANGARAES";"LIRCAY";"GOBIERNO REGIONAL";"I-1";"00007373";"SOCCLLABAMBA";"NE_0001";"";"NE_0001";"NE_0001";"NE_0001";"NE_0001";"NE_0001";"NE_0001";"NE_0001"
"2023";"08";"090305";"HUANCAVELICA";"ANGARAES";"CHINCHO";"GOBIERNO REGIONAL";"I-1";"00003963";"CHINCHO";"NE_0001";"";"NE_0001";"NE_0001";"NE_0001";"NE_0001";"NE_0001";"NE_0001";"NE_0001"
"2023";"08";"090302";"HUANCAVELICA";"ANGARAES";"ANCHONGA";"GOBIERNO REGIONAL";"I-1";"00006930";"HUARIRUMI - CHONTACANCHA";"NE_0001";"";"NE_0001";"NE_0001";"NE_0001";"NE_0001";"NE_0001";"NE_0001";"NE_0001"
"2023";"08";"090302";"HUANCAVELICA";"ANGARAES";"ANCHONGA";"GOBIERNO REGIONAL";"I-2";"00003961";"SAN PABLO DE OCCO";"NE_0001";"";"NE_0001";"NE_0001";"NE_0001";"NE_0001";"NE_0001";"NE_0001";"NE_0001"
"2023";"08";"090301";"HUANCAVELICA";"ANGARAES";"LIRCAY";"GOBIERNO REGIONAL";"I-1";"00011205";"UNION PROGRESO PATAHUASI";"NE_0001";"";"NE_0001";"NE_0001";"NE_0001";"NE_0001";"NE_0001";"NE_0001";"NE_0001"
"2023";"08";"090301";"HUANCAVELICA";"ANGARAES";"LIRCAY";"GOBIERNO REGIONAL";"I-3";"00028484";"CENTRO DE SALUD MENTAL COMUNITARIO ANGARAES";"NE_0002";"";"NE_0002";"NE_0002";"NE_0002";"NE_0002";"NE_0002";"NE_0002";"NE_0002"
"2023";"08";"060101";"CAJAMARCA";"CAJAMARCA";"CAJAMARCA";"PRIVADO";"0";"00018126";"LABORATORIO LLONTOP S.R.L.";"NE_0001";"";"NE_0001";"NE_0001";"NE_0001";"NE_0001";"NE_0001";"NE_0001";"NE_0001"
"2023";"08";"250101";"UCAYALI";"CORONEL PORTILLO";"CALLERIA";"GOBIERNO REGIONAL";"II-2";"00005576";"HOSPITAL REGIONAL DE PUCALLPA";"241900";"HOSPITALIZACIÓN DE MEDICINA MEDICINA INTERNA ";"43";"34";"185";"166";"8";"248";"1"
"2023";"08";"250101";"UCAYALI";"CORONEL PORTILLO";"CALLERIA";"GOBIERNO REGIONAL";"II-2";"00005576";"HOSPITAL REGIONAL DE PUCALLPA";"245300";"HOSPITALIZACIÓN DE MEDICINA NEUMOLOGÍA  ";"6";"5";"141";"30";"2";"62";"0"
"2023";"08";"250101";"UCAYALI";"CORONEL PORTILLO";"CALLERIA";"GOBIERNO REGIONAL";"II-2";"00005576";"HOSPITAL REGIONAL DE PUCALLPA";"244000";"HOSPITALIZACIÓN DE MEDICINA CARDIOLOGIA ";"6";"2";"7";"41";"3";"93";"0"
"2023";"08";"250101";"UCAYALI";"CORONEL PORTILLO";"CALLERIA";"GOBIERNO REGIONAL";"II-2";"00005576";"HOSPITAL REGIONAL DE PUCALLPA";"244700";"HOSPITALIZACIÓN DE MEDICINA NEUROLOGIA  ";"18";"15";"99";"123";"6";"186";"1"
"2023";"08";"250101";"UCAYALI";"CORONEL PORTILLO";"CALLERIA";"GOBIERNO REGIONAL";"II-2";"00005576";"HOSPITAL REGIONAL DE PUCALLPA";"242000";"HOSPITALIZACIÓN DE MEDICINA MEDICINA TROPICAL E INFECCIOSAS ";"13";"12";"80";"77";"4";"124";"0"
"2023";"08";"250101";"UCAYALI";"CORONEL PORTILLO";"CALLERIA";"GOBIERNO REGIONAL";"II-2";"00005576";"HOSPITAL REGIONAL DE PUCALLPA";"244400";"HOSPITALIZACIÓN DE MEDICINA GERIATRIA ";"6";"6";"57";"32";"2";"62";"2"
"2023";"03";"100102";"HUANUCO";"HUANUCO";"AMARILIS";"GOBIERNO REGIONAL";"I-4";"00000755";"PERU-COREA";"241600";"HOSPITALIZACIÓN QUIRÚRGICA OBSTETRICIA   ";"125";"135";"183";"52";"6";"186";"0"
"2023";"03";"100102";"HUANUCO";"HUANUCO";"AMARILIS";"GOBIERNO REGIONAL";"I-2";"00000763";"PUESTO DE SALUD DE LLICUA";"NE_0001";"";"NE_0001";"NE_0001";"NE_0001";"NE_0001";"NE_0001";"NE_0001";"NE_0001"
"2023";"03";"100102";"HUANUCO";"HUANUCO";"AMARILIS";"GOBIERNO REGIONAL";"I-2";"00000761";"MALCONGA";"NE_0001";"";"NE_0001";"NE_0001";"NE_0001";"NE_0001";"NE_0001";"NE_0001";"NE_0001"
"2023";"03";"100102";"HUANUCO";"HUANUCO";"AMARILIS";"GOBIERNO REGIONAL";"I-2";"00000762";"PAUCAR";"NE_0001";"";"NE_0001";"NE_0001";"NE_0001";"NE_0001";"NE_0001";"NE_0001";"NE_0001"
"2023";"04";"120101";"JUNIN";"HUANCAYO";"HUANCAYO";"GOBIERNO REGIONAL";"I-2";"00000732";"SAN FRANCISCO";"NE_0001";"";"NE_0001";"NE_0001";"NE_0001";"NE_0001";"NE_0001";"NE_0001";"NE_0001"
"2023";"04";"120101";"JUNIN";"HUANCAYO";"HUANCAYO";"GOBIERNO REGIONAL";"I-4";"00000727";"LA LIBERTAD";"241400";"HOSPITALIZACIÓN QUIRÚRGICA GINECO - OBSTETRICIA ";"42";"42";"54";"2";"6";"12";"0"
"2023";"04";"120124";"JUNIN";"HUANCAYO";"PARIAHUANCA";"GOBIERNO REGIONAL";"I-3";"00000736";"PARIAHUANCA";"NE_0001";"";"NE_0001";"NE_0001";"NE_0001";"NE_0001";"NE_0001";"NE_0001";"NE_0001"
"2023";"04";"120124";"JUNIN";"HUANCAYO";"PARIAHUANCA";"GOBIERNO REGIONAL";"I-1";"00000741";"CEDRUYO";"NE_0001";"";"NE_0001";"NE_0001";"NE_0001";"NE_0001";"NE_0001";"NE_0001";"NE_0001"
"2023";"04";"120124";"JUNIN";"HUANCAYO";"PARIAHUANCA";"GOBIERNO REGIONAL";"I-2";"00000739";"SAN BALVIN";"NE_0001";"";"NE_0001";"NE_0001";"NE_0001";"NE_0001";"NE_0001";"NE_0001";"NE_0001"
"2023";"04";"120124";"JUNIN";"HUANCAYO";"PARIAHUANCA";"GOBIERNO REGIONAL";"I-1";"00000740";"ANTARPA";"NE_0001";"";"NE_0001";"NE_0001";"NE_0001";"NE_0001";"NE_0001";"NE_0001";"NE_0001"
"2023";"04";"120124";"JUNIN";"HUANCAYO";"PARIAHUANCA";"GOBIERNO REGIONAL";"I-1";"00015577";"NUEVO OCCORO";"NE_0001";"";"NE_0001";"NE_0001";"NE_0001";"NE_0001";"NE_0001";"NE_0001";"NE_0001"
"2023";"04";"120101";"JUNIN";"HUANCAYO";"HUANCAYO";"GOBIERNO REGIONAL";"I-2";"00000730";"VILCACOTO";"NE_0001";"";"NE_0001";"NE_0001";"NE_0001";"NE_0001";"NE_0001";"NE_0001";"NE_0001"
"2023";"04";"120101";"JUNIN";"HUANCAYO";"HUANCAYO";"GOBIERNO REGIONAL";"I-2";"00000731";"PALIAN";"NE_0001";"";"NE_0001";"NE_0001";"NE_0001";"NE_0001";"NE_0001";"NE_0001";"NE_0001"
"2023";"04";"120124";"JUNIN";"HUANCAYO";"PARIAHUANCA";"GOBIERNO REGIONAL";"I-1";"00000738";"PANTY";"NE_0001";"";"NE_0001";"NE_0001";"NE_0001";"NE_0001";"NE_0001";"NE_0001";"NE_0001"
"2023";"04";"120101";"JUNIN";"HUANCAYO";"HUANCAYO";"GOBIERNO REGIONAL";"I-3";"00000728";"OCOPILLA";"NE_0001";"";"NE_0001";"NE_0001";"NE_0001";"NE_0001";"NE_0001";"NE_0001";"NE_0001"
"2023";"04";"120124";"JUNIN";"HUANCAYO";"PARIAHUANCA";"GOBIERNO REGIONAL";"I-2";"00000737";"LAMPA";"NE_0001";"";"NE_0001";"NE_0001";"NE_0001";"NE_0001";"NE_0001";"NE_0001";"NE_0001"
"2023";"04";"120124";"JUNIN";"HUANCAYO";"PARIAHUANCA";"GOBIERNO REGIONAL";"I-1";"00012471";"HUAYCHULA";"NE_0001";"";"NE_0001";"NE_0001";"NE_0001";"NE_0001";"NE_0001";"NE_0001";"NE_0001"
"2023";"04";"120101";"JUNIN";"HUANCAYO";"HUANCAYO";"GOBIERNO REGIONAL";"I-2";"00000729";"PUESTO DE SALUD UÑAS";"NE_0001";"";"NE_0001";"NE_0001";"NE_0001";"NE_0001";"NE_0001";"NE_0001";"NE_0001"
"2023";"04";"120124";"JUNIN";"HUANCAYO";"PARIAHUANCA";"GOBIERNO REGIONAL";"I-2";"00000742";"LLACSAPIRCA";"NE_0001";"";"NE_0001";"NE_0001";"NE_0001";"NE_0001";"NE_0001";"NE_0001";"NE_0001"
"2023";"04";"120124";"JUNIN";"HUANCAYO";"PARIAHUANCA";"GOBIERNO REGIONAL";"I-1";"00000743";"ROCCHAC";"NE_0001";"";"NE_0001";"NE_0001";"NE_0001";"NE_0001";"NE_0001";"NE_0001";"NE_0001"
"2023";"04";"120101";"JUNIN";"HUANCAYO";"HUANCAYO";"GOBIERNO REGIONAL";"I-1";"00015905";"ACOPALCA";"NE_0001";"";"NE_0001";"NE_0001";"NE_0001";"NE_0001";"NE_0001";"NE_0001";"NE_0001"
"2023";"05";"040122";"AREQUIPA";"AREQUIPA";"SOCABAYA";"ESSALUD";"I-3";"00013298";"CAP III MELITON SALAS TEJADA";"NE_0001";"";"NE_0001";"NE_0001";"NE_0001";"NE_0001";"NE_0001";"NE_0001";"NE_0001"
"2023";"05";"070104";"CALLAO";"CALLAO";"LA PERLA";"GOBIERNO REGIONAL";"I-2";"00006251";"PUESTO DE SALUD  LA PERLA";"NE_0001";"";"NE_0001";"NE_0001";"NE_0001";"NE_0001";"NE_0001";"NE_0001";"NE_0001"
"2023";"05";"070103";"CALLAO";"CALLAO";"CARMEN DE LA LEGUA-REYNOSO";"GOBIERNO REGIONAL";"I-3";"00006252";"CENTRO DE SALUD CARMEN DE LA LEGUA";"NE_0001";"";"NE_0001";"NE_0001";"NE_0001";"NE_0001";"NE_0001";"NE_0001";"NE_0001"
"2023";"05";"070104";"CALLAO";"CALLAO";"LA PERLA";"GOBIERNO REGIONAL";"I-2";"00006250";"PUESTO DE SALUD ALTA MAR";"NE_0001";"";"NE_0001";"NE_0001";"NE_0001";"NE_0001";"NE_0001";"NE_0001";"NE_0001"
"2023";"05";"070104";"CALLAO";"CALLAO";"LA PERLA";"GOBIERNO REGIONAL";"I-2";"00026983";"CENTRO DE SALUD MENTAL COMUNITARIO LA PERLA";"NE_0001";"";"NE_0001";"NE_0001";"NE_0001";"NE_0001";"NE_0001";"NE_0001";"NE_0001"
"2023";"05";"070102";"CALLAO";"CALLAO";"BELLAVISTA";"GOBIERNO REGIONAL";"I-4";"00006249";"C.S. BELLAVISTA PERU COREA";"NE_0001";"";"NE_0001";"NE_0001";"NE_0001";"NE_0001";"NE_0001";"NE_0001";"NE_0001"
"2023";"05";"061202";"CAJAMARCA";"SAN PABLO";"SAN BERNARDINO";"GOBIERNO REGIONAL";"I-2";"00004580";"SAN BERNARDINO";"NE_0001";"";"NE_0001";"NE_0001";"NE_0001";"NE_0001";"NE_0001";"NE_0001";"NE_0001"
"2023";"05";"120701";"JUNIN";"TARMA";"TARMA";"GOBIERNO REGIONAL";"I-1";"00000589";"VICORA CONGAS";"NE_0001";"";"NE_0001";"NE_0001";"NE_0001";"NE_0001";"NE_0001";"NE_0001";"NE_0001"
"2023";"05";"120701";"JUNIN";"TARMA";"TARMA";"GOBIERNO REGIONAL";"I-1";"00000584";"TARMATAMBO";"NE_0001";"";"NE_0001";"NE_0001";"NE_0001";"NE_0001";"NE_0001";"NE_0001";"NE_0001"
"2023";"05";"120701";"JUNIN";"TARMA";"TARMA";"GOBIERNO REGIONAL";"I-1";"00000586";"MUYLO";"NE_0001";"";"NE_0001";"NE_0001";"NE_0001";"NE_0001";"NE_0001";"NE_0001";"NE_0001"
"2023";"05";"120701";"JUNIN";"TARMA";"TARMA";"GOBIERNO REGIONAL";"I-1";"00000593";"SANYACANCHA";"NE_0001";"";"NE_0001";"NE_0001";"NE_0001";"NE_0001";"NE_0001";"NE_0001";"NE_0001"
"2023";"05";"120701";"JUNIN";"TARMA";"TARMA";"GOBIERNO REGIONAL";"I-1";"00000591";"CARHUACATAC";"NE_0001";"";"NE_0001";"NE_0001";"NE_0001";"NE_0001";"NE_0001";"NE_0001";"NE_0001"
"2023";"05";"120701";"JUNIN";"TARMA";"TARMA";"GOBIERNO REGIONAL";"I-1";"00000592";"PALCAPACCHA";"NE_0001";"";"NE_0001";"NE_0001";"NE_0001";"NE_0001";"NE_0001";"NE_0001";"NE_0001"
"2023";"05";"120701";"JUNIN";"TARMA";"TARMA";"GOBIERNO REGIONAL";"I-2";"00000587";"POMACHACA";"NE_0001";"";"NE_0001";"NE_0001";"NE_0001";"NE_0001";"NE_0001";"NE_0001";"NE_0001"
"2023";"05";"120701";"JUNIN";"TARMA";"TARMA";"GOBIERNO REGIONAL";"I-1";"00000588";"MULLUCRO";"NE_0001";"";"NE_0001";"NE_0001";"NE_0001";"NE_0001";"NE_0001";"NE_0001";"NE_0001"
"2023";"05";"150141";"LIMA";"LIMA";"SURQUILLO";"PRIVADO";"II-1";"00009645";"INVERSIONES GENERALES SALOMON S.A.";"NE_0001";"";"NE_0001";"NE_0001";"NE_0001";"NE_0001";"NE_0001";"NE_0001";"NE_0001"
"2023";"05";"110201";"ICA";"CHINCHA";"CHINCHA ALTA";"PRIVADO";"II-1";"00010559";"CLINICA DANIEL A. CARRION S.A.C.";"240100";"HOSPITALIZACIÓN QUIRÚRGICA CIRUGÍA GENERAL ";"17";"15";"25";"40";"4";"124";"0"
"2023";"05";"110201";"ICA";"CHINCHA";"CHINCHA ALTA";"PRIVADO";"II-1";"00010559";"CLINICA DANIEL A. CARRION S.A.C.";"241400";"HOSPITALIZACIÓN QUIRÚRGICA GINECO - OBSTETRICIA ";"25";"25";"36";"36";"4";"124";"0"
"2023";"05";"110201";"ICA";"CHINCHA";"CHINCHA ALTA";"PRIVADO";"II-1";"00010559";"CLINICA DANIEL A. CARRION S.A.C.";"242300";"HOSPITALIZACIÓN DE PEDIATRÍA  PEDIATRÍA  GENERAL ";"1";"1";"2";"2";"1";"31";"0"
"2023";"05";"230103";"TACNA";"TACNA";"CALANA";"ESSALUD";"II-2";"00010185";"Hospital III Daniel Alcides Carrión EsSalud Red de Tacna";"250100";"UNIDAD DE CUIDADOS CRITICOS UNIDAD  DE CUIDADOS INTENSIVOS GENERALES (UCI) ";"11";"12";"220";"143";"5";"150";"3"
"2023";"05";"230103";"TACNA";"TACNA";"CALANA";"ESSALUD";"II-2";"00010185";"Hospital III Daniel Alcides Carrión EsSalud Red de Tacna";"250200";"UNIDAD DE CUIDADOS CRITICOS UNIDAD DE CUIDADOS INTERMEDIOS GENERAL  (UCIN) ";"33";"31";"278";"315";"11";"335";"6"
"2023";"05";"230103";"TACNA";"TACNA";"CALANA";"ESSALUD";"II-2";"00010185";"Hospital III Daniel Alcides Carrión EsSalud Red de Tacna";"241900";"HOSPITALIZACIÓN DE MEDICINA MEDICINA INTERNA ";"133";"130";"1327";"1346";"44";"1365";"12"
"2023";"05";"230103";"TACNA";"TACNA";"CALANA";"ESSALUD";"II-2";"00010185";"Hospital III Daniel Alcides Carrión EsSalud Red de Tacna";"240100";"HOSPITALIZACIÓN QUIRÚRGICA CIRUGÍA GENERAL ";"189";"185";"803";"1078";"35";"1099";"0"
"2023";"05";"230103";"TACNA";"TACNA";"CALANA";"ESSALUD";"II-2";"00010185";"Hospital III Daniel Alcides Carrión EsSalud Red de Tacna";"241400";"HOSPITALIZACIÓN QUIRÚRGICA GINECO - OBSTETRICIA ";"126";"121";"306";"308";"12";"365";"0"
"2023";"05";"230103";"TACNA";"TACNA";"CALANA";"ESSALUD";"II-2";"00010185";"Hospital III Daniel Alcides Carrión EsSalud Red de Tacna";"242300";"HOSPITALIZACIÓN DE PEDIATRÍA  PEDIATRÍA  GENERAL ";"48";"48";"194";"167";"8";"237";"0"
"2023";"05";"230103";"TACNA";"TACNA";"CALANA";"ESSALUD";"II-2";"00010185";"Hospital III Daniel Alcides Carrión EsSalud Red de Tacna";"243200";"HOSPITALIZACIÓN DE PEDIATRÍA PEDIATRIA NEONATOLOGÍA";"25";"24";"52";"36";"4";"126";"0"
"2023";"07";"090101";"HUANCAVELICA";"HUANCAVELICA";"HUANCAVELICA";"PRIVADO";"I-3";"00009300";"JUAN PABLO II";"NE_0001";"";"NE_0001";"NE_0001";"NE_0001";"NE_0001";"NE_0001";"NE_0001";"NE_0001"
"2023";"01";"120807";"JUNIN";"YAULI";"SANTA BARBARA DE CARHUACAYAN";"GOBIERNO REGIONAL";"I-1";"00000565";"SANTA BARBARA DE CARHUACAYAN";"NE_0001";"";"NE_0001";"NE_0001";"NE_0001";"NE_0001";"NE_0001";"NE_0001";"NE_0001"
"2023";"01";"120708";"JUNIN";"TARMA";"SAN PEDRO DE CAJAS";"GOBIERNO REGIONAL";"I-1";"00000558";"ACANCOCHA";"NE_0001";"";"NE_0001";"NE_0001";"NE_0001";"NE_0001";"NE_0001";"NE_0001";"NE_0001"
"2023";"01";"120708";"JUNIN";"TARMA";"SAN PEDRO DE CAJAS";"GOBIERNO REGIONAL";"I-1";"00000557";"YANEC";"NE_0001";"";"NE_0001";"NE_0001";"NE_0001";"NE_0001";"NE_0001";"NE_0001";"NE_0001"
"2023";"01";"120708";"JUNIN";"TARMA";"SAN PEDRO DE CAJAS";"GOBIERNO REGIONAL";"I-1";"00000556";"CHUPAN";"NE_0001";"";"NE_0001";"NE_0001";"NE_0001";"NE_0001";"NE_0001";"NE_0001";"NE_0001"
"2023";"01";"120504";"JUNIN";"JUNIN";"ULCUMAYO";"GOBIERNO REGIONAL";"I-1";"00000555";"RAYANNIOC";"NE_0001";"";"NE_0001";"NE_0001";"NE_0001";"NE_0001";"NE_0001";"NE_0001";"NE_0001"
"2023";"01";"120504";"JUNIN";"JUNIN";"ULCUMAYO";"GOBIERNO REGIONAL";"I-1";"00000554";"SHALACANCHA";"NE_0001";"";"NE_0001";"NE_0001";"NE_0001";"NE_0001";"NE_0001";"NE_0001";"NE_0001"
"2023";"07";"100505";"HUANUCO";"HUAMALIES";"JIRCAN";"GOBIERNO REGIONAL";"I-2";"00000904";"JIRCAN";"NE_0001";"";"NE_0001";"NE_0001";"NE_0001";"NE_0001";"NE_0001";"NE_0001";"NE_0001"
"2023";"08";"140101";"LAMBAYEQUE";"CHICLAYO";"CHICLAYO";"GOBIERNO REGIONAL";"III-1";"00011470";"HOSPITAL REGIONAL LAMBAYEQUE";"240000";"HOSPITALIZACIÓN";"476";"410";"1707";"2720";"101";"3131";"13"
"2023";"08";"140101";"LAMBAYEQUE";"CHICLAYO";"CHICLAYO";"GOBIERNO REGIONAL";"III-1";"00011470";"HOSPITAL REGIONAL LAMBAYEQUE";"242300";"HOSPITALIZACIÓN DE PEDIATRÍA  PEDIATRÍA  GENERAL ";"106";"85";"375";"503";"24";"744";"1"
"2023";"08";"140101";"LAMBAYEQUE";"CHICLAYO";"CHICLAYO";"GOBIERNO REGIONAL";"III-1";"00011470";"HOSPITAL REGIONAL LAMBAYEQUE";"243200";"HOSPITALIZACIÓN DE PEDIATRÍA PEDIATRIA NEONATOLOGÍA";"80";"37";"191";"650";"24";"744";"1"
"2023";"08";"140101";"LAMBAYEQUE";"CHICLAYO";"CHICLAYO";"GOBIERNO REGIONAL";"III-1";"00011470";"HOSPITAL REGIONAL LAMBAYEQUE";"250100";"UNIDAD DE CUIDADOS CRITICOS UNIDAD  DE CUIDADOS INTENSIVOS GENERALES (UCI) ";"18";"3";"45";"239";"8";"248";"3"
"2023";"08";"140101";"LAMBAYEQUE";"CHICLAYO";"CHICLAYO";"GOBIERNO REGIONAL";"III-1";"00011470";"HOSPITAL REGIONAL LAMBAYEQUE";"250200";"UNIDAD DE CUIDADOS CRITICOS UNIDAD DE CUIDADOS INTERMEDIOS GENERAL  (UCIN) ";"26";"5";"64";"286";"10";"310";"5"
"2023";"08";"140101";"LAMBAYEQUE";"CHICLAYO";"CHICLAYO";"GOBIERNO REGIONAL";"III-1";"00011470";"HOSPITAL REGIONAL LAMBAYEQUE";"250105";"UNIDAD DE CUIDADOS CRITICOS UNIDAD  DE CUIDADOS INTENSIVOS  (UCI) NEONATOLOGÍA";"10";"0";"0";"170";"6";"186";"0"
"2023";"08";"140101";"LAMBAYEQUE";"CHICLAYO";"CHICLAYO";"GOBIERNO REGIONAL";"III-1";"00011470";"HOSPITAL REGIONAL LAMBAYEQUE";"250108";"UNIDAD DE CUIDADOS CRITICOS UNIDAD  DE CUIDADOS INTENSIVOS  (UCI) PEDIÁTRICA";"12";"4";"59";"112";"4";"124";"3"
"2023";"08";"110111";"ICA";"ICA";"SANTIAGO";"ESSALUD";"I-3";"00011968";"SANTA MARGARITA";"NE_0001";"";"NE_0001";"NE_0001";"NE_0001";"NE_0001";"NE_0001";"NE_0001";"NE_0001"
"2023";"08";"020105";"ANCASH";"HUARAZ";"INDEPENDENCIA";"GOBIERNO REGIONAL";"I-3";"00028701";"CENTRO DE SALUD MENTAL COMUNITARIO ""ALLY WARAQ""";"NE_0001";"";"NE_0001";"NE_0001";"NE_0001";"NE_0001";"NE_0001";"NE_0001";"NE_0001"
"2023";"08";"150140";"LIMA";"LIMA";"SANTIAGO DE SURCO";"PRIVADO";"II-E";"00024304";"CLINICA BINOMIUM";"NE_0002";"";"NE_0002";"NE_0002";"NE_0002";"NE_0002";"NE_0002";"NE_0002";"NE_0002"
"2023";"08";"150140";"LIMA";"LIMA";"SANTIAGO DE SURCO";"PRIVADO";"II-E";"00015461";"VISTASALUD CENTRO OFTALMOLOGICO";"NE_0001";"";"NE_0001";"NE_0001";"NE_0001";"NE_0001";"NE_0001";"NE_0001";"NE_0001"
"2023";"08";"060501";"CAJAMARCA";"CONTUMAZA";"CONTUMAZA";"ESSALUD";"I-2";"00010276";"POSTA MEDICA ESSALUD CONTUMAZA";"NE_0001";"";"NE_0001";"NE_0001";"NE_0001";"NE_0001";"NE_0001";"NE_0001";"NE_0001"
"2023";"08";"110501";"ICA";"PISCO";"PISCO";"PRIVADO";"0";"00024336";"CENTRO DE MEDICINA FISICA Y REHABILITACION";"NE_0001";"";"NE_0001";"NE_0001";"NE_0001";"NE_0001";"NE_0001";"NE_0001";"NE_0001"
"2023";"08";"220101";"SAN MARTIN";"MOYOBAMBA";"MOYOBAMBA";"ESSALUD";"II-1";"00015598";"HOSPITAL I ALTO MAYO";"241800";"HOSPITALIZACIÓN DE MEDICINA MEDICINA GENERAL ";"57";"59";"373";"359";"14";"434";"6"
"2023";"08";"220101";"SAN MARTIN";"MOYOBAMBA";"MOYOBAMBA";"ESSALUD";"II-1";"00015598";"HOSPITAL I ALTO MAYO";"240100";"HOSPITALIZACIÓN QUIRÚRGICA CIRUGÍA GENERAL ";"62";"61";"294";"205";"7";"217";"1"
"2023";"08";"220101";"SAN MARTIN";"MOYOBAMBA";"MOYOBAMBA";"ESSALUD";"II-1";"00015598";"HOSPITAL I ALTO MAYO";"241500";"HOSPITALIZACIÓN QUIRÚRGICA GINECOLOGÍA  ";"7";"8";"27";"17";"2";"62";"0"
"2023";"08";"220101";"SAN MARTIN";"MOYOBAMBA";"MOYOBAMBA";"ESSALUD";"II-1";"00015598";"HOSPITAL I ALTO MAYO";"241600";"HOSPITALIZACIÓN QUIRÚRGICA OBSTETRICIA   ";"61";"59";"181";"134";"9";"279";"0"
"2023";"08";"220101";"SAN MARTIN";"MOYOBAMBA";"MOYOBAMBA";"ESSALUD";"II-1";"00015598";"HOSPITAL I ALTO MAYO";"242300";"HOSPITALIZACIÓN DE PEDIATRÍA  PEDIATRÍA  GENERAL ";"16";"14";"58";"51";"3";"93";"0"
"2023";"08";"040504";"AREQUIPA";"CAYLLOMA";"CALLALLI";"GOBIERNO REGIONAL";"I-2";"00001437";"PUESTO DE SALUD CHALHUANCA";"NE_0001";"";"NE_0001";"NE_0001";"NE_0001";"NE_0001";"NE_0001";"NE_0001";"NE_0001"
"2023";"08";"040517";"AREQUIPA";"CAYLLOMA";"TISCO";"GOBIERNO REGIONAL";"I-2";"00006891";"PUESTO DE SALUD TARUCAMARCA";"NE_0001";"";"NE_0001";"NE_0001";"NE_0001";"NE_0001";"NE_0001";"NE_0001";"NE_0001"
"2023";"08";"040515";"AREQUIPA";"CAYLLOMA";"SIBAYO";"GOBIERNO REGIONAL";"I-2";"00001435";"PUESTO DE SALUD SANTA ROSA DE SIBAYO";"NE_0001";"";"NE_0001";"NE_0001";"NE_0001";"NE_0001";"NE_0001";"NE_0001";"NE_0001"
"2023";"08";"040518";"AREQUIPA";"CAYLLOMA";"TUTI";"GOBIERNO REGIONAL";"I-2";"00001436";"PUESTO DE SALUD TUTI";"NE_0001";"";"NE_0001";"NE_0001";"NE_0001";"NE_0001";"NE_0001";"NE_0001";"NE_0001"
"2023";"08";"040517";"AREQUIPA";"CAYLLOMA";"TISCO";"GOBIERNO REGIONAL";"I-2";"00001438";"PUESTO DE SALUD TISCO";"NE_0001";"";"NE_0001";"NE_0001";"NE_0001";"NE_0001";"NE_0001";"NE_0001";"NE_0001"
"2023";"08";"040517";"AREQUIPA";"CAYLLOMA";"TISCO";"GOBIERNO REGIONAL";"I-2";"00001431";"PUESTO DE SALUD COTACOTA";"NE_0001";"";"NE_0001";"NE_0001";"NE_0001";"NE_0001";"NE_0001";"NE_0001";"NE_0001"
"2023";"08";"040504";"AREQUIPA";"CAYLLOMA";"CALLALLI";"GOBIERNO REGIONAL";"I-3";"00001421";"CENTRO DE SALUD CALLALLI";"NE_0001";"";"NE_0001";"NE_0001";"NE_0001";"NE_0001";"NE_0001";"NE_0001";"NE_0001"
"2023";"04";"110501";"ICA";"PISCO";"PISCO";"ESSALUD";"II-1";"00014147";"ANTONIO SKRABONJA ANTONCICH";"241800";"HOSPITALIZACIÓN DE MEDICINA MEDICINA GENERAL ";"37";"41";"725";"276";"19";"240";"2"
"2023";"04";"110501";"ICA";"PISCO";"PISCO";"ESSALUD";"II-1";"00014147";"ANTONIO SKRABONJA ANTONCICH";"240100";"HOSPITALIZACIÓN QUIRÚRGICA CIRUGÍA GENERAL ";"52";"53";"188";"202";"14";"420";"0"
"2023";"04";"110501";"ICA";"PISCO";"PISCO";"ESSALUD";"II-1";"00014147";"ANTONIO SKRABONJA ANTONCICH";"241500";"HOSPITALIZACIÓN QUIRÚRGICA GINECOLOGÍA  ";"12";"13";"36";"32";"2";"60";"0"
"2023";"04";"110501";"ICA";"PISCO";"PISCO";"ESSALUD";"II-1";"00014147";"ANTONIO SKRABONJA ANTONCICH";"241600";"HOSPITALIZACIÓN QUIRÚRGICA OBSTETRICIA   ";"76";"77";"163";"148";"8";"240";"0"
"2023";"04";"110501";"ICA";"PISCO";"PISCO";"ESSALUD";"II-1";"00014147";"ANTONIO SKRABONJA ANTONCICH";"242300";"HOSPITALIZACIÓN DE PEDIATRÍA  PEDIATRÍA  GENERAL ";"48";"47";"128";"164";"7";"220";"0"
"2023";"04";"110501";"ICA";"PISCO";"PISCO";"ESSALUD";"II-1";"00014147";"ANTONIO SKRABONJA ANTONCICH";"250304";"HOSPIT. EN UNIDAD DE CUID.INTEN.-UNIDAD DE VIGILANCIA INTENSIVA (UVI)-MEDICINA";"17";"18";"61";"76";"4";"120";"3"
"2023";"04";"040129";"AREQUIPA";"AREQUIPA";"JOSE LUIS BUSTAMANTE Y RIVERO";"GOBIERNO REGIONAL";"I-2";"00001263";"PUESTO DE SALUD 13 DE ENERO";"NE_0001";"";"NE_0001";"NE_0001";"NE_0001";"NE_0001";"NE_0001";"NE_0001";"NE_0001"
"2023";"04";"180101";"MOQUEGUA";"MARISCAL NIETO";"MOQUEGUA";"ESSALUD";"II-1";"00016157";"HOSPITAL II MOQUEGUA";"241800";"HOSPITALIZACIÓN DE MEDICINA MEDICINA GENERAL ";"32";"29";"251";"260";"10";"300";"5"
"2023";"04";"180101";"MOQUEGUA";"MARISCAL NIETO";"MOQUEGUA";"ESSALUD";"II-1";"00016157";"HOSPITAL II MOQUEGUA";"240100";"HOSPITALIZACIÓN QUIRÚRGICA CIRUGÍA GENERAL ";"65";"64";"312";"379";"18";"540";"0"
"2023";"04";"180101";"MOQUEGUA";"MARISCAL NIETO";"MOQUEGUA";"ESSALUD";"II-1";"00016157";"HOSPITAL II MOQUEGUA";"241500";"HOSPITALIZACIÓN QUIRÚRGICA GINECOLOGÍA  ";"8";"8";"24";"24";"2";"60";"0"
"2023";"04";"180101";"MOQUEGUA";"MARISCAL NIETO";"MOQUEGUA";"ESSALUD";"II-1";"00016157";"HOSPITAL II MOQUEGUA";"241600";"HOSPITALIZACIÓN QUIRÚRGICA OBSTETRICIA   ";"47";"51";"99";"93";"6";"180";"0"
"2023";"04";"180101";"MOQUEGUA";"MARISCAL NIETO";"MOQUEGUA";"ESSALUD";"II-1";"00016157";"HOSPITAL II MOQUEGUA";"242300";"HOSPITALIZACIÓN DE PEDIATRÍA  PEDIATRÍA  GENERAL ";"53";"54";"140";"141";"5";"150";"0"
"2023";"04";"180101";"MOQUEGUA";"MARISCAL NIETO";"MOQUEGUA";"ESSALUD";"II-1";"00016157";"HOSPITAL II MOQUEGUA";"250304";"HOSPIT. EN UNIDAD DE CUID.INTEN.-UNIDAD DE VIGILANCIA INTENSIVA (UVI)-MEDICINA";"5";"2";"34";"117";"4";"120";"2"
"2023";"04";"200101";"PIURA";"PIURA";"PIURA";"ESSALUD";"I-3";"00012235";"CENTRO DE ATENCIÓN PRIMARIA CAP III METROPOLITANO- ESSALUD";"NE_0001";"";"NE_0001";"NE_0001";"NE_0001";"NE_0001";"NE_0001";"NE_0001";"NE_0001"
"2023";"04";"150108";"LIMA";"LIMA";"CHORRILLOS";"SANIDAD DEL EJERCITO DEL PERU";"II-E";"00010098";"HOSPITAL MILITAR GERIATRICO";"240000";"HOSPITALIZACIÓN";"36";"38";"403";"392";"15";"450";"0"
"2023";"05";"150136";"LIMA";"LIMA";"SAN MIGUEL";"PRIVADO";"II-2";"00012666";"CLINICA PROVIDENCIA";"240000";"HOSPITALIZACIÓN";"276";"252";"912";"276";"45";"60";"0"
"2023";"05";"150136";"LIMA";"LIMA";"SAN MIGUEL";"PRIVADO";"II-2";"00012666";"CLINICA PROVIDENCIA";"250100";"UNIDAD DE CUIDADOS CRITICOS UNIDAD  DE CUIDADOS INTENSIVOS GENERALES (UCI) ";"6";"5";"38";"6";"10";"12";"1"
"2023";"05";"150136";"LIMA";"LIMA";"SAN MIGUEL";"PRIVADO";"II-2";"00012666";"CLINICA PROVIDENCIA";"250105";"UNIDAD DE CUIDADOS CRITICOS UNIDAD  DE CUIDADOS INTENSIVOS  (UCI) NEONATOLOGÍA";"5";"5";"35";"5";"5";"7";"0"
"2023";"05";"150136";"LIMA";"LIMA";"SAN MIGUEL";"PRIVADO";"II-2";"00012666";"CLINICA PROVIDENCIA";"250108";"UNIDAD DE CUIDADOS CRITICOS UNIDAD  DE CUIDADOS INTENSIVOS  (UCI) PEDIÁTRICA";"8";"6";"39";"8";"8";"10";"0"
"2023";"05";"150113";"LIMA";"LIMA";"JESUS MARIA";"PRIVADO";"II-E";"00014181";"CLINICA SERVISALUD";"240000";"HOSPITALIZACIÓN";"99";"101";"156";"156";"9";"279";"0"
"2023";"05";"160101";"LORETO";"MAYNAS";"IQUITOS";"MINSA";"II-2";"00000001";"HOSPITAL IQUITOS ""CESAR GARAYAR GARCÍA""";"241800";"HOSPITALIZACIÓN DE MEDICINA MEDICINA GENERAL ";"59";"59";"321";"278";"17";"442";"4"
"2023";"05";"160101";"LORETO";"MAYNAS";"IQUITOS";"MINSA";"II-2";"00000001";"HOSPITAL IQUITOS ""CESAR GARAYAR GARCÍA""";"240100";"HOSPITALIZACIÓN QUIRÚRGICA CIRUGÍA GENERAL ";"113";"113";"505";"415";"21";"546";"0"
"2023";"05";"160101";"LORETO";"MAYNAS";"IQUITOS";"MINSA";"II-2";"00000001";"HOSPITAL IQUITOS ""CESAR GARAYAR GARCÍA""";"242300";"HOSPITALIZACIÓN DE PEDIATRÍA  PEDIATRÍA  GENERAL ";"75";"75";"402";"268";"12";"312";"4"
"2023";"05";"160101";"LORETO";"MAYNAS";"IQUITOS";"MINSA";"II-2";"00000001";"HOSPITAL IQUITOS ""CESAR GARAYAR GARCÍA""";"241500";"HOSPITALIZACIÓN QUIRÚRGICA GINECOLOGÍA  ";"94";"94";"210";"127";"5";"130";"0"
"2023";"05";"160101";"LORETO";"MAYNAS";"IQUITOS";"MINSA";"II-2";"00000001";"HOSPITAL IQUITOS ""CESAR GARAYAR GARCÍA""";"241600";"HOSPITALIZACIÓN QUIRÚRGICA OBSTETRICIA   ";"298";"298";"655";"532";"26";"676";"0"
"2023";"05";"160101";"LORETO";"MAYNAS";"IQUITOS";"MINSA";"II-2";"00000001";"HOSPITAL IQUITOS ""CESAR GARAYAR GARCÍA""";"243200";"HOSPITALIZACIÓN DE PEDIATRÍA PEDIATRIA NEONATOLOGÍA";"57";"57";"299";"259";"14";"363";"4"
"2023";"05";"150101";"LIMA";"LIMA";"LIMA";"PRIVADO";"I-3";"00016948";"MEDICENTRO COLMENA DE LA CLÍNICA INTERNACIONAL";"NE_0001";"";"NE_0001";"NE_0001";"NE_0001";"NE_0001";"NE_0001";"NE_0001";"NE_0001"
"2023";"05";"150130";"LIMA";"LIMA";"SAN BORJA";"PRIVADO";"II-2";"00009682";"CLÍNICA INTERNACIONAL";"240000";"HOSPITALIZACIÓN";"533";"615";"2694";"2627";"102";"3162";"0"
"2023";"05";"130101";"LA LIBERTAD";"TRUJILLO";"TRUJILLO";"ESSALUD";"II-1";"00008685";"HOSPITAL I ALBRECHT";"241800";"HOSPITALIZACIÓN DE MEDICINA MEDICINA GENERAL ";"31";"29";"226";"228";"8";"228";"0"
"2023";"05";"130101";"LA LIBERTAD";"TRUJILLO";"TRUJILLO";"ESSALUD";"II-1";"00008685";"HOSPITAL I ALBRECHT";"240100";"HOSPITALIZACIÓN QUIRÚRGICA CIRUGÍA GENERAL ";"49";"43";"110";"124";"4";"124";"0"
"2023";"05";"130101";"LA LIBERTAD";"TRUJILLO";"TRUJILLO";"ESSALUD";"II-1";"00008685";"HOSPITAL I ALBRECHT";"241500";"HOSPITALIZACIÓN QUIRÚRGICA GINECOLOGÍA  ";"72";"71";"99";"93";"3";"93";"0"
"2023";"05";"130101";"LA LIBERTAD";"TRUJILLO";"TRUJILLO";"ESSALUD";"II-1";"00008685";"HOSPITAL I ALBRECHT";"241600";"HOSPITALIZACIÓN QUIRÚRGICA OBSTETRICIA   ";"26";"24";"48";"49";"2";"70";"0"
"2023";"05";"130101";"LA LIBERTAD";"TRUJILLO";"TRUJILLO";"ESSALUD";"II-1";"00008685";"HOSPITAL I ALBRECHT";"242300";"HOSPITALIZACIÓN DE PEDIATRÍA  PEDIATRÍA  GENERAL ";"34";"34";"107";"93";"3";"97";"0"
"2023";"05";"150131";"LIMA";"LIMA";"SAN ISIDRO";"PRIVADO";"II-E";"00009933";"CLINICA OFTALMOLOGICA MACULA D&T";"NE_0001";"";"NE_0001";"NE_0001";"NE_0001";"NE_0001";"NE_0001";"NE_0001";"NE_0001"
"2023";"07";"130101";"LA LIBERTAD";"TRUJILLO";"TRUJILLO";"PRIVADO";"II-2";"00018404";"CLINICA SAN PABLO TRUJILLO";"240000";"HOSPITALIZACIÓN";"341";"335";"1018";"1284";"64";"1984";"0"
"2023";"07";"150141";"LIMA";"LIMA";"SURQUILLO";"MINSA";"III-2";"00006210";"INSTITUTO NACIONAL DE ENFERMEDADES NEOPLASICAS";"243600";"HOSPITALIZACIÓN DE PEDIATRÍA PEDIATRIA ONCOLOGÍA PEDIÁTRICA";"16";"55";"2001";"2001";"48";"2325";"2"
"2023";"07";"150141";"LIMA";"LIMA";"SURQUILLO";"MINSA";"III-2";"00006210";"INSTITUTO NACIONAL DE ENFERMEDADES NEOPLASICAS";"250000";"UNIDAD DE CUIDADOS CRITICOS  ";"0";"14";"524";"524";"12";"1116";"14"
"2023";"07";"150141";"LIMA";"LIMA";"SURQUILLO";"MINSA";"III-2";"00006210";"INSTITUTO NACIONAL DE ENFERMEDADES NEOPLASICAS";"241000";"HOSPITALIZACIÓN QUIRÚRGICA ONCOLOGÍA QUIRÚRGICA  ";"310";"349";"3340";"3340";"115";"3534";"1"
"2023";"07";"150141";"LIMA";"LIMA";"SURQUILLO";"MINSA";"III-2";"00006210";"INSTITUTO NACIONAL DE ENFERMEDADES NEOPLASICAS";"242100";"HOSPITALIZACIÓN DE MEDICINA ONCOLOGÍA MÉDICA ";"144";"218";"3296";"3296";"132";"4557";"8"
"2023";"08";"220901";"SAN MARTIN";"SAN MARTIN";"TARAPOTO";"GOBIERNO REGIONAL";"II-2";"00006918";"HOSPITAL TARAPOTO";"240100";"HOSPITALIZACIÓN QUIRÚRGICA CIRUGÍA GENERAL ";"249";"251";"1388";"1388";"45";"1395";"1"
"2023";"08";"220901";"SAN MARTIN";"SAN MARTIN";"TARAPOTO";"GOBIERNO REGIONAL";"II-2";"00006918";"HOSPITAL TARAPOTO";"241400";"HOSPITALIZACIÓN QUIRÚRGICA GINECO - OBSTETRICIA ";"216";"223";"616";"616";"28";"868";"0"
"2023";"08";"220901";"SAN MARTIN";"SAN MARTIN";"TARAPOTO";"GOBIERNO REGIONAL";"II-2";"00006918";"HOSPITAL TARAPOTO";"241500";"HOSPITALIZACIÓN QUIRÚRGICA GINECOLOGÍA  ";"46";"43";"139";"139";"7";"217";"0"
"2023";"08";"220901";"SAN MARTIN";"SAN MARTIN";"TARAPOTO";"GOBIERNO REGIONAL";"II-2";"00006918";"HOSPITAL TARAPOTO";"241800";"HOSPITALIZACIÓN DE MEDICINA MEDICINA GENERAL ";"191";"201";"1252";"1252";"42";"1302";"12"
"2023";"08";"220901";"SAN MARTIN";"SAN MARTIN";"TARAPOTO";"GOBIERNO REGIONAL";"II-2";"00006918";"HOSPITAL TARAPOTO";"242500";"HOSPITALIZACIÓN-PEDIATRÍA GENERAL-";"66";"57";"193";"193";"15";"465";"0"
"2023";"08";"040704";"AREQUIPA";"ISLAY";"ISLAY";"ESSALUD";"I-2";"00012192";"POSTA MEDICA MATARANI";"NE_0002";"";"NE_0002";"NE_0002";"NE_0002";"NE_0002";"NE_0002";"NE_0002";"NE_0002"
"2023";"08";"211101";"PUNO";"SAN ROMAN";"JULIACA";"PRIVADO";"II-E";"00011978";"CLINICA MONTE SINAI JULIACA E.I.R.L.";"241800";"HOSPITALIZACIÓN DE MEDICINA MEDICINA GENERAL ";"11";"10";"25";"35";"1";"150";"0"
"2023";"08";"211101";"PUNO";"SAN ROMAN";"JULIACA";"PRIVADO";"II-E";"00011978";"CLINICA MONTE SINAI JULIACA E.I.R.L.";"240100";"HOSPITALIZACIÓN QUIRÚRGICA CIRUGÍA GENERAL ";"31";"28";"110";"15";"13";"92";"0"
"2023";"08";"211101";"PUNO";"SAN ROMAN";"JULIACA";"PRIVADO";"II-E";"00011978";"CLINICA MONTE SINAI JULIACA E.I.R.L.";"240900";"HOSPITALIZACIÓN QUIRÚRGICA NEUROCIRUGÍA ";"1";"1";"25";"15";"13";"92";"0"
"2023";"09";"150120";"LIMA";"LIMA";"MAGDALENA DEL MAR";"PRIVADO";"II-E";"00017703";"OPRECE";"NE_0001";"";"NE_0001";"NE_0001";"NE_0001";"NE_0001";"NE_0001";"NE_0001";"NE_0001"
"2023";"09";"150114";"LIMA";"LIMA";"LA MOLINA";"ESSALUD";"II-1";"00010135";"HOSPITAL I CARLOS ALCANTARA BUTTERFIELD";"241800";"HOSPITALIZACIÓN DE MEDICINA MEDICINA GENERAL ";"37";"42";"307";"293";"10";"300";"01"
"2023";"09";"150114";"LIMA";"LIMA";"LA MOLINA";"ESSALUD";"II-1";"00010135";"HOSPITAL I CARLOS ALCANTARA BUTTERFIELD";"250304";"HOSPIT. EN UNIDAD DE CUID.INTEN.-UNIDAD DE VIGILANCIA INTENSIVA (UVI)-MEDICINA";"16";"25";"103";"128";"7";"210";"06"
"2023";"09";"150114";"LIMA";"LIMA";"LA MOLINA";"ESSALUD";"II-1";"00010135";"HOSPITAL I CARLOS ALCANTARA BUTTERFIELD";"240100";"HOSPITALIZACIÓN QUIRÚRGICA CIRUGÍA GENERAL ";"235";"239";"545";"511";"19";"570";"0"
"2023";"09";"150114";"LIMA";"LIMA";"LA MOLINA";"ESSALUD";"II-1";"00010135";"HOSPITAL I CARLOS ALCANTARA BUTTERFIELD";"242500";"HOSPITALIZACIÓN-PEDIATRÍA GENERAL-";"32";"30";"95";"92";"4";"120";"0"
"2023";"09";"150114";"LIMA";"LIMA";"LA MOLINA";"ESSALUD";"II-1";"00010135";"HOSPITAL I CARLOS ALCANTARA BUTTERFIELD";"241600";"HOSPITALIZACIÓN QUIRÚRGICA OBSTETRICIA   ";"63";"73";"180";"190";"8";"240";"0"
"2023";"09";"150501";"LIMA";"CAÑETE";"SAN VICENTE DE CAÑETE";"ESSALUD";"II-1";"00010536";"HOSPITAL II CAÑETE";"241800";"HOSPITALIZACIÓN DE MEDICINA MEDICINA GENERAL ";"79";"80";"324";"309";"18";"539";"4"
"2023";"09";"150501";"LIMA";"CAÑETE";"SAN VICENTE DE CAÑETE";"ESSALUD";"II-1";"00010536";"HOSPITAL II CAÑETE";"240100";"HOSPITALIZACIÓN QUIRÚRGICA CIRUGÍA GENERAL ";"66";"64";"284";"285";"12";"363";"0"
"2023";"09";"150501";"LIMA";"CAÑETE";"SAN VICENTE DE CAÑETE";"ESSALUD";"II-1";"00010536";"HOSPITAL II CAÑETE";"241600";"HOSPITALIZACIÓN QUIRÚRGICA OBSTETRICIA   ";"74";"75";"172";"164";"8";"243";"0"
"2023";"09";"150501";"LIMA";"CAÑETE";"SAN VICENTE DE CAÑETE";"ESSALUD";"II-1";"00010536";"HOSPITAL II CAÑETE";"241500";"HOSPITALIZACIÓN QUIRÚRGICA GINECOLOGÍA  ";"2";"2";"5";"5";"1";"21";"0"
"2023";"09";"150501";"LIMA";"CAÑETE";"SAN VICENTE DE CAÑETE";"ESSALUD";"II-1";"00010536";"HOSPITAL II CAÑETE";"242500";"HOSPITALIZACIÓN-PEDIATRÍA GENERAL-";"26";"29";"87";"82";"5";"153";"0"
"2023";"09";"120608";"JUNIN";"SATIPO";"RIO TAMBO";"GOBIERNO REGIONAL";"I-1";"00006877";"CHONTAKIARI";"NE_0001";"";"NE_0001";"NE_0001";"NE_0001";"NE_0001";"NE_0001";"NE_0001";"NE_0001"
"2023";"09";"120601";"JUNIN";"SATIPO";"SATIPO";"GOBIERNO REGIONAL";"I-1";"00000480";"BAJO CAPIRO";"NE_0001";"";"NE_0001";"NE_0001";"NE_0001";"NE_0001";"NE_0001";"NE_0001";"NE_0001"
"2023";"09";"120607";"JUNIN";"SATIPO";"RIO NEGRO";"GOBIERNO REGIONAL";"I-2";"00000503";"UNION CUVIRIAKI";"NE_0001";"";"NE_0001";"NE_0001";"NE_0001";"NE_0001";"NE_0001";"NE_0001";"NE_0001"
"2023";"09";"120607";"JUNIN";"SATIPO";"RIO NEGRO";"GOBIERNO REGIONAL";"I-1";"00000504";"SHABASHIPANGO";"NE_0001";"";"NE_0001";"NE_0001";"NE_0001";"NE_0001";"NE_0001";"NE_0001";"NE_0001"
"2023";"09";"120601";"JUNIN";"SATIPO";"SATIPO";"GOBIERNO REGIONAL";"I-1";"00013864";"CANAAN DEL NORTE";"NE_0001";"";"NE_0001";"NE_0001";"NE_0001";"NE_0001";"NE_0001";"NE_0001";"NE_0001"
"2023";"09";"120601";"JUNIN";"SATIPO";"SATIPO";"GOBIERNO REGIONAL";"I-2";"00000478";"RIO VENADO";"NE_0001";"";"NE_0001";"NE_0001";"NE_0001";"NE_0001";"NE_0001";"NE_0001";"NE_0001"
"2023";"09";"120607";"JUNIN";"SATIPO";"RIO NEGRO";"GOBIERNO REGIONAL";"I-2";"00000502";"CUSHIVIANI";"NE_0001";"";"NE_0001";"NE_0001";"NE_0001";"NE_0001";"NE_0001";"NE_0001";"NE_0001"
"2023";"09";"120607";"JUNIN";"SATIPO";"RIO NEGRO";"GOBIERNO REGIONAL";"I-3";"00000506";"UNION CAPIRI";"NE_0001";"";"NE_0001";"NE_0001";"NE_0001";"NE_0001";"NE_0001";"NE_0001";"NE_0001"
"2023";"09";"120601";"JUNIN";"SATIPO";"SATIPO";"GOBIERNO REGIONAL";"I-2";"00000483";"SANIBENI";"NE_0001";"";"NE_0001";"NE_0001";"NE_0001";"NE_0001";"NE_0001";"NE_0001";"NE_0001"
"2023";"09";"120601";"JUNIN";"SATIPO";"SATIPO";"GOBIERNO REGIONAL";"I-1";"00029375";"COMUNIDAD NATIVA SHANQUI";"NE_0001";"";"NE_0001";"NE_0001";"NE_0001";"NE_0001";"NE_0001";"NE_0001";"NE_0001"
"2023";"09";"120607";"JUNIN";"SATIPO";"RIO NEGRO";"GOBIERNO REGIONAL";"I-2";"00000477";"HUAHUARI";"NE_0001";"";"NE_0001";"NE_0001";"NE_0001";"NE_0001";"NE_0001";"NE_0001";"NE_0001"
"2023";"09";"120601";"JUNIN";"SATIPO";"SATIPO";"GOBIERNO REGIONAL";"I-2";"00000479";"SANTO DOMINGO DE MARANKIARI";"NE_0001";"";"NE_0001";"NE_0001";"NE_0001";"NE_0001";"NE_0001";"NE_0001";"NE_0001"
"2023";"09";"120601";"JUNIN";"SATIPO";"SATIPO";"GOBIERNO REGIONAL";"I-1";"00000484";"ALTO PAURELI";"NE_0001";"";"NE_0001";"NE_0001";"NE_0001";"NE_0001";"NE_0001";"NE_0001";"NE_0001"
"2023";"09";"120607";"JUNIN";"SATIPO";"RIO NEGRO";"GOBIERNO REGIONAL";"I-3";"00000495";"RIO NEGRO";"NE_0001";"";"NE_0001";"NE_0001";"NE_0001";"NE_0001";"NE_0001";"NE_0001";"NE_0001"
"2023";"09";"120607";"JUNIN";"SATIPO";"RIO NEGRO";"GOBIERNO REGIONAL";"I-2";"00000505";"SAN JUAN DE CHENI";"NE_0001";"";"NE_0001";"NE_0001";"NE_0001";"NE_0001";"NE_0001";"NE_0001";"NE_0001"
"2023";"09";"220905";"SAN MARTIN";"SAN MARTIN";"CHIPURANA";"GOBIERNO REGIONAL";"I-1";"00006438";"NAVARRO";"NE_0002";"";"NE_0002";"NE_0002";"NE_0002";"NE_0002";"NE_0002";"NE_0002";"NE_0002"
"2023";"09";"220905";"SAN MARTIN";"SAN MARTIN";"CHIPURANA";"GOBIERNO REGIONAL";"I-3";"00006439";"YARINA";"NE_0002";"";"NE_0002";"NE_0002";"NE_0002";"NE_0002";"NE_0002";"NE_0002";"NE_0002"
"2023";"09";"220907";"SAN MARTIN";"SAN MARTIN";"HUIMBAYOC";"GOBIERNO REGIONAL";"I-1";"00006446";"SAN JOSE DE YANAYACU";"NE_0002";"";"NE_0002";"NE_0002";"NE_0002";"NE_0002";"NE_0002";"NE_0002";"NE_0002"
"2023";"09";"220907";"SAN MARTIN";"SAN MARTIN";"HUIMBAYOC";"GOBIERNO REGIONAL";"I-1";"00006431";"PONGO ISLA";"NE_0002";"";"NE_0002";"NE_0002";"NE_0002";"NE_0002";"NE_0002";"NE_0002";"NE_0002"
"2023";"09";"220907";"SAN MARTIN";"SAN MARTIN";"HUIMBAYOC";"GOBIERNO REGIONAL";"I-1";"00006442";"SAN JOSE 2 DE MAYO";"NE_0002";"";"NE_0002";"NE_0002";"NE_0002";"NE_0002";"NE_0002";"NE_0002";"NE_0002"
"2023";"09";"220907";"SAN MARTIN";"SAN MARTIN";"HUIMBAYOC";"GOBIERNO REGIONAL";"I-1";"00006444";"SANTA ROSILLO CHIPURANA";"NE_0002";"";"NE_0002";"NE_0002";"NE_0002";"NE_0002";"NE_0002";"NE_0002";"NE_0002"
"2023";"09";"220907";"SAN MARTIN";"SAN MARTIN";"HUIMBAYOC";"GOBIERNO REGIONAL";"I-1";"00006445";"SANTA MARTHA";"NE_0002";"";"NE_0002";"NE_0002";"NE_0002";"NE_0002";"NE_0002";"NE_0002";"NE_0002"
"2023";"09";"220905";"SAN MARTIN";"SAN MARTIN";"CHIPURANA";"GOBIERNO REGIONAL";"I-1";"00006440";"TIPISHCA";"NE_0002";"";"NE_0002";"NE_0002";"NE_0002";"NE_0002";"NE_0002";"NE_0002";"NE_0002"
"2023";"09";"220907";"SAN MARTIN";"SAN MARTIN";"HUIMBAYOC";"GOBIERNO REGIONAL";"I-1";"00006443";"LECHE";"NE_0002";"";"NE_0002";"NE_0002";"NE_0002";"NE_0002";"NE_0002";"NE_0002";"NE_0002"
"2023";"09";"220907";"SAN MARTIN";"SAN MARTIN";"HUIMBAYOC";"GOBIERNO REGIONAL";"I-1";"00006441";"MIRAFLORES";"NE_0002";"";"NE_0002";"NE_0002";"NE_0002";"NE_0002";"NE_0002";"NE_0002";"NE_0002"
"2023";"09";"220907";"SAN MARTIN";"SAN MARTIN";"HUIMBAYOC";"GOBIERNO REGIONAL";"I-1";"00006447";"PUCALLPA";"NE_0002";"";"NE_0002";"NE_0002";"NE_0002";"NE_0002";"NE_0002";"NE_0002";"NE_0002"
"2023";"09";"220907";"SAN MARTIN";"SAN MARTIN";"HUIMBAYOC";"GOBIERNO REGIONAL";"I-3";"00006437";"HUIMBAYOC";"NE_0002";"";"NE_0002";"NE_0002";"NE_0002";"NE_0002";"NE_0002";"NE_0002";"NE_0002"
"2023";"09";"150114";"LIMA";"LIMA";"LA MOLINA";"PRIVADO";"II-2";"00009153";"CLINICA MONTEFIORI";"240000";"HOSPITALIZACIÓN";"422";"404";"1033";"990";"43";"1419";"0"
"2023";"09";"150114";"LIMA";"LIMA";"LA MOLINA";"PRIVADO";"II-2";"00009153";"CLINICA MONTEFIORI";"250100";"UNIDAD DE CUIDADOS CRITICOS UNIDAD  DE CUIDADOS INTENSIVOS GENERALES (UCI) ";"2";"1";"1";"1";"3";"86";"0"
"2023";"09";"040108";"AREQUIPA";"AREQUIPA";"LA JOYA";"GOBIERNO REGIONAL";"I-3";"00001322";"LA JOYA";"NE_0001";"";"NE_0001";"NE_0001";"NE_0001";"NE_0001";"NE_0001";"NE_0001";"NE_0001"
"2023";"09";"040108";"AREQUIPA";"AREQUIPA";"LA JOYA";"GOBIERNO REGIONAL";"I-1";"00001327";"PUESTO DE SALUD CERRITO BUENA VISTA";"NE_0001";"";"NE_0001";"NE_0001";"NE_0001";"NE_0001";"NE_0001";"NE_0001";"NE_0001"
"2023";"09";"040108";"AREQUIPA";"AREQUIPA";"LA JOYA";"GOBIERNO REGIONAL";"I-3";"00001330";"CENTRO DE SALUD EL CRUCE - TRIUNFO";"NE_0001";"";"NE_0001";"NE_0001";"NE_0001";"NE_0001";"NE_0001";"NE_0001";"NE_0001"
"2023";"06";"200104";"PIURA";"PIURA";"CASTILLA";"PRIVADO";"0";"00013494";"AUNA CLINICA MIRAFLORES";"240000";"HOSPITALIZACIÓN";"45";"311";"1231";"1094";"40";"1200";"2"
"2023";"06";"200104";"PIURA";"PIURA";"CASTILLA";"PRIVADO";"0";"00013494";"AUNA CLINICA MIRAFLORES";"250100";"UNIDAD DE CUIDADOS CRITICOS UNIDAD  DE CUIDADOS INTENSIVOS GENERALES (UCI) ";"6";"1";"3";"141";"6";"180";"0"
"2023";"06";"061112";"CAJAMARCA";"SAN MIGUEL";"TONGOD";"GOBIERNO REGIONAL";"I-1";"00007085";"PISIT";"NE_0001";"";"NE_0001";"NE_0001";"NE_0001";"NE_0001";"NE_0001";"NE_0001";"NE_0001"
"2023";"06";"061112";"CAJAMARCA";"SAN MIGUEL";"TONGOD";"GOBIERNO REGIONAL";"I-1";"00008751";"LA CORONILLA";"NE_0001";"";"NE_0001";"NE_0001";"NE_0001";"NE_0001";"NE_0001";"NE_0001";"NE_0001"
"2023";"06";"061112";"CAJAMARCA";"SAN MIGUEL";"TONGOD";"GOBIERNO REGIONAL";"I-3";"00004607";"TONGOD";"NE_0001";"";"NE_0001";"NE_0001";"NE_0001";"NE_0001";"NE_0001";"NE_0001";"NE_0001"
"2023";"06";"050101";"AYACUCHO";"HUAMANGA";"AYACUCHO";"GOBIERNO REGIONAL";"II-2";"00003543";"HOSPITAL REGIONAL DE AYACUCHO ""MIGUEL ANGEL MARISCAL LLERENA""";"241800";"HOSPITALIZACIÓN DE MEDICINA MEDICINA GENERAL ";"116";"6";"601";"695";"29";"870";"6"
"2023";"06";"050101";"AYACUCHO";"HUAMANGA";"AYACUCHO";"GOBIERNO REGIONAL";"II-2";"00003543";"HOSPITAL REGIONAL DE AYACUCHO ""MIGUEL ANGEL MARISCAL LLERENA""";"244700";"HOSPITALIZACIÓN DE MEDICINA NEUROLOGIA  ";"18";"12";"147";"160";"6";"180";"1"
"2023";"06";"050101";"AYACUCHO";"HUAMANGA";"AYACUCHO";"GOBIERNO REGIONAL";"II-2";"00003543";"HOSPITAL REGIONAL DE AYACUCHO ""MIGUEL ANGEL MARISCAL LLERENA""";"244300";"HOSPITALIZACIÓN DE MEDICINA GASTROENTEROLOGÍA  ";"29";"23";"150";"175";"6";"180";"0"
"2023";"06";"050101";"AYACUCHO";"HUAMANGA";"AYACUCHO";"GOBIERNO REGIONAL";"II-2";"00003543";"HOSPITAL REGIONAL DE AYACUCHO ""MIGUEL ANGEL MARISCAL LLERENA""";"245300";"HOSPITALIZACIÓN DE MEDICINA NEUMOLOGÍA  ";"5";"5";"42";"47";"3";"90";"0"
"2023";"06";"050101";"AYACUCHO";"HUAMANGA";"AYACUCHO";"GOBIERNO REGIONAL";"II-2";"00003543";"HOSPITAL REGIONAL DE AYACUCHO ""MIGUEL ANGEL MARISCAL LLERENA""";"244000";"HOSPITALIZACIÓN DE MEDICINA CARDIOLOGIA ";"4";"4";"15";"19";"2";"60";"0"
"2023";"06";"050101";"AYACUCHO";"HUAMANGA";"AYACUCHO";"GOBIERNO REGIONAL";"II-2";"00003543";"HOSPITAL REGIONAL DE AYACUCHO ""MIGUEL ANGEL MARISCAL LLERENA""";"244200";"HOSPITALIZACIÓN DE MEDICINA ENDOCRINOLOGIA ";"5";"3";"46";"49";"1";"49";"0"
"2023";"06";"050101";"AYACUCHO";"HUAMANGA";"AYACUCHO";"GOBIERNO REGIONAL";"II-2";"00003543";"HOSPITAL REGIONAL DE AYACUCHO ""MIGUEL ANGEL MARISCAL LLERENA""";"244600";"HOSPITALIZACIÓN DE MEDICINA NEFROLOGIA ";"0";"0";"0";"1";"1";"30";"0"
"2023";"06";"050101";"AYACUCHO";"HUAMANGA";"AYACUCHO";"GOBIERNO REGIONAL";"II-2";"00003543";"HOSPITAL REGIONAL DE AYACUCHO ""MIGUEL ANGEL MARISCAL LLERENA""";"245500";"HOSPITALIZACIÓN DE MEDICINA REUMATOLOGÍA    ";"1";"0";"9";"10";"1";"30";"0"
"2023";"06";"050101";"AYACUCHO";"HUAMANGA";"AYACUCHO";"GOBIERNO REGIONAL";"II-2";"00003543";"HOSPITAL REGIONAL DE AYACUCHO ""MIGUEL ANGEL MARISCAL LLERENA""";"242200";"HOSPITALIZACIÓN DE MEDICINA PSIQUIATRÍA ";"12";"6";"172";"178";"4";"178";"0"
"2023";"06";"050101";"AYACUCHO";"HUAMANGA";"AYACUCHO";"GOBIERNO REGIONAL";"II-2";"00003543";"HOSPITAL REGIONAL DE AYACUCHO ""MIGUEL ANGEL MARISCAL LLERENA""";"250304";"HOSPIT. EN UNIDAD DE CUID.INTEN.-UNIDAD DE VIGILANCIA INTENSIVA (UVI)-MEDICINA";"38";"9";"217";"249";"9";"270";"6"
"2023";"06";"050101";"AYACUCHO";"HUAMANGA";"AYACUCHO";"GOBIERNO REGIONAL";"II-2";"00003543";"HOSPITAL REGIONAL DE AYACUCHO ""MIGUEL ANGEL MARISCAL LLERENA""";"240100";"HOSPITALIZACIÓN QUIRÚRGICA CIRUGÍA GENERAL ";"171";"145";"629";"785";"26";"785";"0"
"2023";"06";"050101";"AYACUCHO";"HUAMANGA";"AYACUCHO";"GOBIERNO REGIONAL";"II-2";"00003543";"HOSPITAL REGIONAL DE AYACUCHO ""MIGUEL ANGEL MARISCAL LLERENA""";"241200";"HOSPITALIZACIÓN QUIRÚRGICA TRAUMATOLOGÍA Y ORTOPEDIA ";"129";"105";"593";"700";"24";"738";"0"
"2023";"06";"050101";"AYACUCHO";"HUAMANGA";"AYACUCHO";"GOBIERNO REGIONAL";"II-2";"00003543";"HOSPITAL REGIONAL DE AYACUCHO ""MIGUEL ANGEL MARISCAL LLERENA""";"242500";"HOSPITALIZACIÓN-PEDIATRÍA GENERAL-";"151";"121";"623";"749";"27";"810";"1"
"2023";"06";"050101";"AYACUCHO";"HUAMANGA";"AYACUCHO";"GOBIERNO REGIONAL";"II-2";"00003543";"HOSPITAL REGIONAL DE AYACUCHO ""MIGUEL ANGEL MARISCAL LLERENA""";"240700";"HOSPITALIZACIÓN QUIRÚRGICA CIRUGÍA PEDIÁTRICA ";"42";"37";"126";"163";"8";"240";"0"
"2023";"06";"050101";"AYACUCHO";"HUAMANGA";"AYACUCHO";"GOBIERNO REGIONAL";"II-2";"00003543";"HOSPITAL REGIONAL DE AYACUCHO ""MIGUEL ANGEL MARISCAL LLERENA""";"250108";"UNIDAD DE CUIDADOS CRITICOS UNIDAD  DE CUIDADOS INTENSIVOS  (UCI) PEDIÁTRICA";"37";"5";"121";"152";"8";"240";"2"
"2023";"06";"050101";"AYACUCHO";"HUAMANGA";"AYACUCHO";"GOBIERNO REGIONAL";"II-2";"00003543";"HOSPITAL REGIONAL DE AYACUCHO ""MIGUEL ANGEL MARISCAL LLERENA""";"250105";"UNIDAD DE CUIDADOS CRITICOS UNIDAD  DE CUIDADOS INTENSIVOS  (UCI) NEONATOLOGÍA";"78";"4";"497";"560";"24";"720";"4"
"2023";"06";"050101";"AYACUCHO";"HUAMANGA";"AYACUCHO";"GOBIERNO REGIONAL";"II-2";"00003543";"HOSPITAL REGIONAL DE AYACUCHO ""MIGUEL ANGEL MARISCAL LLERENA""";"250305";"HOSPIT. EN UNIDAD DE CUID.INTEN.-UNIDAD DE VIGILANCIA INTENSIVA (UVI)-NEONATOLOGÍA";"57";"45";"250";"297";"20";"600";"0"
"2023";"06";"050101";"AYACUCHO";"HUAMANGA";"AYACUCHO";"GOBIERNO REGIONAL";"II-2";"00003543";"HOSPITAL REGIONAL DE AYACUCHO ""MIGUEL ANGEL MARISCAL LLERENA""";"243200";"HOSPITALIZACIÓN DE PEDIATRÍA PEDIATRIA NEONATOLOGÍA";"38";"26";"185";"215";"7";"215";"0"
"2023";"06";"050101";"AYACUCHO";"HUAMANGA";"AYACUCHO";"GOBIERNO REGIONAL";"II-2";"00003543";"HOSPITAL REGIONAL DE AYACUCHO ""MIGUEL ANGEL MARISCAL LLERENA""";"241400";"HOSPITALIZACIÓN QUIRÚRGICA GINECO - OBSTETRICIA ";"448";"332";"865";"1290";"54";"1631";"0"
"2023";"06";"050101";"AYACUCHO";"HUAMANGA";"AYACUCHO";"GOBIERNO REGIONAL";"II-2";"00003543";"HOSPITAL REGIONAL DE AYACUCHO ""MIGUEL ANGEL MARISCAL LLERENA""";"250302";"HOSPIT. EN UNIDAD DE CUID.INTEN.-UNIDAD DE VIGILANCIA INTENSIVA (UVI)-GINECO-OBSTETRICIA";"18";"0";"48";"68";"4";"120";"0"
"2023";"06";"050101";"AYACUCHO";"HUAMANGA";"AYACUCHO";"GOBIERNO REGIONAL";"II-2";"00003543";"HOSPITAL REGIONAL DE AYACUCHO ""MIGUEL ANGEL MARISCAL LLERENA""";"250100";"UNIDAD DE CUIDADOS CRITICOS UNIDAD  DE CUIDADOS INTENSIVOS GENERALES (UCI) ";"47";"7";"328";"364";"15";"460";"6"
"2023";"06";"210301";"PUNO";"CARABAYA";"MACUSANI";"GOBIERNO REGIONAL";"II-2";"00031179";"HOSPITAL SAN MARTIN DE PORRES";"240100";"HOSPITALIZACIÓN QUIRÚRGICA CIRUGÍA GENERAL ";"48";"48";"148";"196";"10";"300";"1"
"2023";"06";"210301";"PUNO";"CARABAYA";"MACUSANI";"GOBIERNO REGIONAL";"II-2";"00031179";"HOSPITAL SAN MARTIN DE PORRES";"241500";"HOSPITALIZACIÓN QUIRÚRGICA GINECOLOGÍA  ";"19";"22";"46";"68";"4";"120";"0"
"2023";"06";"210301";"PUNO";"CARABAYA";"MACUSANI";"GOBIERNO REGIONAL";"II-2";"00031179";"HOSPITAL SAN MARTIN DE PORRES";"241600";"HOSPITALIZACIÓN QUIRÚRGICA OBSTETRICIA   ";"45";"50";"156";"206";"11";"330";"0"
"2023";"06";"210301";"PUNO";"CARABAYA";"MACUSANI";"GOBIERNO REGIONAL";"II-2";"00031179";"HOSPITAL SAN MARTIN DE PORRES";"241900";"HOSPITALIZACIÓN DE MEDICINA MEDICINA INTERNA ";"28";"32";"129";"161";"9";"270";"2"
"2023";"06";"210301";"PUNO";"CARABAYA";"MACUSANI";"GOBIERNO REGIONAL";"II-2";"00031179";"HOSPITAL SAN MARTIN DE PORRES";"242500";"HOSPITALIZACIÓN-PEDIATRÍA GENERAL-";"16";"19";"65";"84";"6";"180";"1"
"2023";"06";"210301";"PUNO";"CARABAYA";"MACUSANI";"GOBIERNO REGIONAL";"II-2";"00031179";"HOSPITAL SAN MARTIN DE PORRES";"243200";"HOSPITALIZACIÓN DE PEDIATRÍA PEDIATRIA NEONATOLOGÍA";"9";"11";"61";"72";"4";"120";"1"
"2023";"06";"021701";"ANCASH";"RECUAY";"RECUAY";"GOBIERNO REGIONAL";"II-1";"00001472";"HOSPITAL DE APOYO RECUAY";"241600";"HOSPITALIZACIÓN QUIRÚRGICA OBSTETRICIA   ";"8";"8";"14";"14";"1";"30";"0"
"2023";"06";"021701";"ANCASH";"RECUAY";"RECUAY";"GOBIERNO REGIONAL";"II-1";"00001472";"HOSPITAL DE APOYO RECUAY";"241800";"HOSPITALIZACIÓN DE MEDICINA MEDICINA GENERAL ";"7";"7";"38";"38";"2";"60";"0"
"2023";"06";"021701";"ANCASH";"RECUAY";"RECUAY";"GOBIERNO REGIONAL";"II-1";"00001472";"HOSPITAL DE APOYO RECUAY";"242500";"HOSPITALIZACIÓN-PEDIATRÍA GENERAL-";"6";"6";"18";"18";"1";"30";"0"
"2023";"06";"080106";"CUSCO";"CUSCO";"SANTIAGO";"PRIVADO";"II-E";"00024173";"OXIGEN MEDICAL NETWORK";"240100";"HOSPITALIZACIÓN QUIRÚRGICA CIRUGÍA GENERAL ";"72";"66";"246";"74";"13";"390";"0"
"2023";"06";"080106";"CUSCO";"CUSCO";"SANTIAGO";"PRIVADO";"II-E";"00024173";"OXIGEN MEDICAL NETWORK";"241800";"HOSPITALIZACIÓN DE MEDICINA MEDICINA GENERAL ";"168";"166";"373";"176";"12";"360";"0"
"2023";"06";"080106";"CUSCO";"CUSCO";"SANTIAGO";"PRIVADO";"II-E";"00024173";"OXIGEN MEDICAL NETWORK";"250100";"UNIDAD DE CUIDADOS CRITICOS UNIDAD  DE CUIDADOS INTENSIVOS GENERALES (UCI) ";"5";"5";"22";"5";"10";"300";"2"
"2023";"06";"120705";"JUNIN";"TARMA";"LA UNION";"GOBIERNO REGIONAL";"I-2";"00000597";"LA UNION LETICIA";"NE_0001";"";"NE_0001";"NE_0001";"NE_0001";"NE_0001";"NE_0001";"NE_0001";"NE_0001"
"2023";"06";"120705";"JUNIN";"TARMA";"LA UNION";"GOBIERNO REGIONAL";"I-1";"00000600";"UCHURACRA";"NE_0001";"";"NE_0001";"NE_0001";"NE_0001";"NE_0001";"NE_0001";"NE_0001";"NE_0001"
"2023";"06";"120705";"JUNIN";"TARMA";"LA UNION";"GOBIERNO REGIONAL";"I-1";"00000598";"CUYRUHUASI";"NE_0001";"";"NE_0001";"NE_0001";"NE_0001";"NE_0001";"NE_0001";"NE_0001";"NE_0001"
"2023";"06";"120705";"JUNIN";"TARMA";"LA UNION";"GOBIERNO REGIONAL";"I-1";"00000599";"CONDORCOCHA";"NE_0001";"";"NE_0001";"NE_0001";"NE_0001";"NE_0001";"NE_0001";"NE_0001";"NE_0001"
"2023";"06";"110507";"ICA";"PISCO";"SAN CLEMENTE";"ESSALUD";"I-3";"00027769";"CAP I SAN CLEMENTE";"NE_0001";"";"NE_0001";"NE_0001";"NE_0001";"NE_0001";"NE_0001";"NE_0001";"NE_0001"
"2023";"06";"150101";"LIMA";"LIMA";"LIMA";"PRIVADO";"II-E";"00025804";"OPERO SCRL";"NE_0001";"";"NE_0001";"NE_0001";"NE_0001";"NE_0001";"NE_0001";"NE_0001";"NE_0001"
"2023";"06";"150135";"LIMA";"LIMA";"SAN MARTIN DE PORRES";"PRIVADO";"II-1";"00011241";"CLINICA SAN VICENTE S.A.";"240000";"HOSPITALIZACIÓN";"5";"10";"40";"50";"22";"682";"0"
"2023";"06";"190201";"PASCO";"DANIEL ALCIDES CARRION";"YANAHUANCA";"ESSALUD";"I-3";"00009760";"CENTRO MEDICO DE YANAHUANCA";"NE_0001";"";"NE_0001";"NE_0001";"NE_0001";"NE_0001";"NE_0001";"NE_0001";"NE_0001"
"2023";"06";"040104";"AREQUIPA";"AREQUIPA";"CERRO COLORADO";"PRIVADO";"II-1";"00027214";"CLINICA SAN PABLO AREQUIPA";"240000";"HOSPITALIZACIÓN";"157";"166";"611";"772";"60";"1800";"0"
"2023";"06";"150101";"LIMA";"LIMA";"LIMA";"PRIVADO";"II-E";"00026473";"OBRA DE SAN CAMILO";"240000";"HOSPITALIZACIÓN";"57";"70";"188";"70";"1";"25";"0"
"2023";"06";"120608";"JUNIN";"SATIPO";"RIO TAMBO";"GOBIERNO REGIONAL";"I-1";"00000459";"CUSHIRENI";"NE_0001";"";"NE_0001";"NE_0001";"NE_0001";"NE_0001";"NE_0001";"NE_0001";"NE_0001"
"2023";"06";"120608";"JUNIN";"SATIPO";"RIO TAMBO";"GOBIERNO REGIONAL";"I-1";"00000466";"SANTA ROSITA DE SHIRINTIARI";"NE_0001";"";"NE_0001";"NE_0001";"NE_0001";"NE_0001";"NE_0001";"NE_0001";"NE_0001"
"2023";"06";"120606";"JUNIN";"SATIPO";"PANGOA";"GOBIERNO REGIONAL";"I-1";"00006879";"UNION PUERTO ASHANINKA";"NE_0001";"";"NE_0001";"NE_0001";"NE_0001";"NE_0001";"NE_0001";"NE_0001";"NE_0001"
"2023";"06";"120608";"JUNIN";"SATIPO";"RIO TAMBO";"GOBIERNO REGIONAL";"I-2";"00000474";"QUITENI";"NE_0001";"";"NE_0001";"NE_0001";"NE_0001";"NE_0001";"NE_0001";"NE_0001";"NE_0001"
"2023";"06";"120608";"JUNIN";"SATIPO";"RIO TAMBO";"GOBIERNO REGIONAL";"I-1";"00000461";"SHEVOJA";"NE_0001";"";"NE_0001";"NE_0001";"NE_0001";"NE_0001";"NE_0001";"NE_0001";"NE_0001"
"2023";"06";"120608";"JUNIN";"SATIPO";"RIO TAMBO";"GOBIERNO REGIONAL";"I-2";"00000463";"BOCA CHEMBO";"NE_0001";"";"NE_0001";"NE_0001";"NE_0001";"NE_0001";"NE_0001";"NE_0001";"NE_0001"
"2023";"06";"120608";"JUNIN";"SATIPO";"RIO TAMBO";"GOBIERNO REGIONAL";"I-1";"00000464";"IMPANEKIARI";"NE_0001";"";"NE_0001";"NE_0001";"NE_0001";"NE_0001";"NE_0001";"NE_0001";"NE_0001"
"2023";"06";"100102";"HUANUCO";"HUANUCO";"AMARILIS";"GOBIERNO REGIONAL";"I-4";"00000755";"PERU-COREA";"241600";"HOSPITALIZACIÓN QUIRÚRGICA OBSTETRICIA   ";"87";"91";"183";"59";"6";"156";"0"
"2023";"06";"090206";"HUANCAVELICA";"ACOBAMBA";"PAUCARA";"GOBIERNO REGIONAL";"I-4";"00003930";"CENTRO DE SALUD PAUCARA";"241400";"HOSPITALIZACIÓN QUIRÚRGICA GINECO - OBSTETRICIA ";"29";"29";"27";"24";"24";"720";"0"
"2023";"06";"100102";"HUANUCO";"HUANUCO";"AMARILIS";"GOBIERNO REGIONAL";"I-2";"00000763";"PUESTO DE SALUD DE LLICUA";"NE_0001";"";"NE_0001";"NE_0001";"NE_0001";"NE_0001";"NE_0001";"NE_0001";"NE_0001"
"2023";"06";"100102";"HUANUCO";"HUANUCO";"AMARILIS";"GOBIERNO REGIONAL";"I-2";"00000761";"MALCONGA";"NE_0001";"";"NE_0001";"NE_0001";"NE_0001";"NE_0001";"NE_0001";"NE_0001";"NE_0001"
"2023";"06";"100102";"HUANUCO";"HUANUCO";"AMARILIS";"GOBIERNO REGIONAL";"I-2";"00000762";"PAUCAR";"NE_0001";"";"NE_0001";"NE_0001";"NE_0001";"NE_0001";"NE_0001";"NE_0001";"NE_0001"
"2023";"06";"100102";"HUANUCO";"HUANUCO";"AMARILIS";"GOBIERNO REGIONAL";"I-3";"00027051";"CENTRO DE SALUD MENTAL COMUNITARIO PAKKARIN";"NE_0001";"";"NE_0001";"NE_0001";"NE_0001";"NE_0001";"NE_0001";"NE_0001";"NE_0001"
"2023";"06";"100102";"HUANUCO";"HUANUCO";"AMARILIS";"GOBIERNO REGIONAL";"I-2";"00000760";"LA ESPERANZA";"NE_0001";"";"NE_0001";"NE_0001";"NE_0001";"NE_0001";"NE_0001";"NE_0001";"NE_0001"
"2023";"06";"100102";"HUANUCO";"HUANUCO";"AMARILIS";"GOBIERNO REGIONAL";"I-3";"00027821";"CENTRO DE SALUD AMARILIS";"NE_0001";"";"NE_0001";"NE_0001";"NE_0001";"NE_0001";"NE_0001";"NE_0001";"NE_0001"
"2023";"01";"060101";"CAJAMARCA";"CAJAMARCA";"CAJAMARCA";"GOBIERNO REGIONAL";"I-2";"00015496";"CHONTAPACCHA";"NE_0001";"";"NE_0001";"NE_0001";"NE_0001";"NE_0001";"NE_0001";"NE_0001";"NE_0001"
"2023";"01";"060101";"CAJAMARCA";"CAJAMARCA";"CAJAMARCA";"GOBIERNO REGIONAL";"I-3";"00004657";"PACHACUTEC";"NE_0001";"";"NE_0001";"NE_0001";"NE_0001";"NE_0001";"NE_0001";"NE_0001";"NE_0001"
"2023";"01";"060101";"CAJAMARCA";"CAJAMARCA";"CAJAMARCA";"GOBIERNO REGIONAL";"I-1";"00004656";"ATAHUALPA";"NE_0001";"";"NE_0001";"NE_0001";"NE_0001";"NE_0001";"NE_0001";"NE_0001";"NE_0001"
"2023";"01";"060101";"CAJAMARCA";"CAJAMARCA";"CAJAMARCA";"GOBIERNO REGIONAL";"I-1";"00004654";"SAMANACRUZ";"NE_0001";"";"NE_0001";"NE_0001";"NE_0001";"NE_0001";"NE_0001";"NE_0001";"NE_0001"
"2023";"01";"060103";"CAJAMARCA";"CAJAMARCA";"CHETILLA";"GOBIERNO REGIONAL";"I-2";"00004653";"CHETILLA";"NE_0001";"";"NE_0001";"NE_0001";"NE_0001";"NE_0001";"NE_0001";"NE_0001";"NE_0001"
"2023";"01";"060101";"CAJAMARCA";"CAJAMARCA";"CAJAMARCA";"GOBIERNO REGIONAL";"I-1";"00004652";"LUCMACUCHO";"NE_0001";"";"NE_0001";"NE_0001";"NE_0001";"NE_0001";"NE_0001";"NE_0001";"NE_0001"
"2023";"01";"060101";"CAJAMARCA";"CAJAMARCA";"CAJAMARCA";"GOBIERNO REGIONAL";"I-1";"00004651";"CHAMIS";"NE_0001";"";"NE_0001";"NE_0001";"NE_0001";"NE_0001";"NE_0001";"NE_0001";"NE_0001"
"2023";"01";"060109";"CAJAMARCA";"CAJAMARCA";"MAGDALENA";"GOBIERNO REGIONAL";"I-1";"00004631";"CUMBICO";"NE_0002";"";"NE_0002";"NE_0002";"NE_0002";"NE_0002";"NE_0002";"NE_0002";"NE_0002"
"2023";"01";"060101";"CAJAMARCA";"CAJAMARCA";"CAJAMARCA";"GOBIERNO REGIONAL";"I-2";"00015496";"CHONTAPACCHA";"NE_0001";"";"NE_0001";"NE_0001";"NE_0001";"NE_0001";"NE_0001";"NE_0001";"NE_0001"
"2023";"01";"060101";"CAJAMARCA";"CAJAMARCA";"CAJAMARCA";"GOBIERNO REGIONAL";"I-1";"00004652";"LUCMACUCHO";"NE_0001";"";"NE_0001";"NE_0001";"NE_0001";"NE_0001";"NE_0001";"NE_0001";"NE_0001"
"2023";"01";"060101";"CAJAMARCA";"CAJAMARCA";"CAJAMARCA";"GOBIERNO REGIONAL";"I-1";"00004651";"CHAMIS";"NE_0001";"";"NE_0001";"NE_0001";"NE_0001";"NE_0001";"NE_0001";"NE_0001";"NE_0001"
"2023";"01";"060109";"CAJAMARCA";"CAJAMARCA";"MAGDALENA";"GOBIERNO REGIONAL";"I-1";"00004631";"CUMBICO";"NE_0002";"";"NE_0002";"NE_0002";"NE_0002";"NE_0002";"NE_0002";"NE_0002";"NE_0002"
"2023";"06";"060303";"CAJAMARCA";"CELENDIN";"CORTEGANA";"GOBIERNO REGIONAL";"I-1";"00006757";"CANDEN";"NE_0001";"";"NE_0001";"NE_0001";"NE_0001";"NE_0001";"NE_0001";"NE_0001";"NE_0001"
"2023";"06";"060303";"CAJAMARCA";"CELENDIN";"CORTEGANA";"GOBIERNO REGIONAL";"I-1";"00006758";"MUSADEN";"NE_0001";"";"NE_0001";"NE_0001";"NE_0001";"NE_0001";"NE_0001";"NE_0001";"NE_0001"
"2023";"06";"060303";"CAJAMARCA";"CELENDIN";"CORTEGANA";"GOBIERNO REGIONAL";"I-1";"00004475";"ANDAMACHAY";"NE_0001";"";"NE_0001";"NE_0001";"NE_0001";"NE_0001";"NE_0001";"NE_0001";"NE_0001"
"2023";"06";"060303";"CAJAMARCA";"CELENDIN";"CORTEGANA";"GOBIERNO REGIONAL";"I-3";"00004477";"CORTEGANA";"NE_0001";"";"NE_0001";"NE_0001";"NE_0001";"NE_0001";"NE_0001";"NE_0001";"NE_0001"
"2023";"06";"060303";"CAJAMARCA";"CELENDIN";"CORTEGANA";"GOBIERNO REGIONAL";"I-1";"00004476";"VILLANUEVA";"NE_0001";"";"NE_0001";"NE_0001";"NE_0001";"NE_0001";"NE_0001";"NE_0001";"NE_0001"
"2023";"03";"100109";"HUANUCO";"HUANUCO";"SANTA MARIA DEL VALLE";"GOBIERNO REGIONAL";"I-1";"00027658";"SAN PEDRO DE CHOQUECANCHA";"NE_0001";"";"NE_0001";"NE_0001";"NE_0001";"NE_0001";"NE_0001";"NE_0001";"NE_0001"
"2023";"03";"100109";"HUANUCO";"HUANUCO";"SANTA MARIA DEL VALLE";"GOBIERNO REGIONAL";"I-3";"00027635";"SANTA MARIA DEL VALLE";"NE_0001";"";"NE_0001";"NE_0001";"NE_0001";"NE_0001";"NE_0001";"NE_0001";"NE_0001"
"2023";"03";"100109";"HUANUCO";"HUANUCO";"SANTA MARIA DEL VALLE";"GOBIERNO REGIONAL";"I-1";"00013848";"INGENIO BAJO";"NE_0001";"";"NE_0001";"NE_0001";"NE_0001";"NE_0001";"NE_0001";"NE_0001";"NE_0001"
"2023";"03";"100109";"HUANUCO";"HUANUCO";"SANTA MARIA DEL VALLE";"GOBIERNO REGIONAL";"I-2";"00007079";"SAN MIGUEL DE MITOQUERA";"NE_0001";"";"NE_0001";"NE_0001";"NE_0001";"NE_0001";"NE_0001";"NE_0001";"NE_0001"
"2023";"03";"100109";"HUANUCO";"HUANUCO";"SANTA MARIA DEL VALLE";"GOBIERNO REGIONAL";"I-2";"00007044";"LLACSA";"NE_0001";"";"NE_0001";"NE_0001";"NE_0001";"NE_0001";"NE_0001";"NE_0001";"NE_0001"
"2023";"07";"120303";"JUNIN";"CHANCHAMAYO";"PICHANAQUI";"GOBIERNO REGIONAL";"I-3";"00000343";"CENTRO CUYANI";"NE_0001";"";"NE_0001";"NE_0001";"NE_0001";"NE_0001";"NE_0001";"NE_0001";"NE_0001"
"2023";"07";"120303";"JUNIN";"CHANCHAMAYO";"PICHANAQUI";"GOBIERNO REGIONAL";"I-2";"00000350";"VALLE HERMOSO";"NE_0001";"";"NE_0001";"NE_0001";"NE_0001";"NE_0001";"NE_0001";"NE_0001";"NE_0001"
"2023";"07";"120303";"JUNIN";"CHANCHAMAYO";"PICHANAQUI";"GOBIERNO REGIONAL";"I-2";"00000347";"CONDADO PICHIKIARI";"NE_0001";"";"NE_0001";"NE_0001";"NE_0001";"NE_0001";"NE_0001";"NE_0001";"NE_0001"
"2023";"07";"120303";"JUNIN";"CHANCHAMAYO";"PICHANAQUI";"GOBIERNO REGIONAL";"I-1";"00000353";"ANDRES AVELINO CACERES";"NE_0001";"";"NE_0001";"NE_0001";"NE_0001";"NE_0001";"NE_0001";"NE_0001";"NE_0001"
"2023";"07";"220804";"SAN MARTIN";"RIOJA";"NUEVA CAJAMARCA";"GOBIERNO REGIONAL";"I-1";"00006289";"MIRAFLORES";"NE_0001";"";"NE_0001";"NE_0001";"NE_0001";"NE_0001";"NE_0001";"NE_0001";"NE_0001"
"2023";"07";"220804";"SAN MARTIN";"RIOJA";"NUEVA CAJAMARCA";"GOBIERNO REGIONAL";"I-4";"00006283";"HOSPITAL RURAL NUEVA CAJAMARCA";"241600";"HOSPITALIZACIÓN QUIRÚRGICA OBSTETRICIA   ";"44";"47";"60";"60";"8";"248";"0"
"2023";"07";"220804";"SAN MARTIN";"RIOJA";"NUEVA CAJAMARCA";"GOBIERNO REGIONAL";"I-4";"00006283";"HOSPITAL RURAL NUEVA CAJAMARCA";"241800";"HOSPITALIZACIÓN DE MEDICINA MEDICINA GENERAL ";"40";"41";"84";"84";"8";"248";"0"
"2023";"07";"220804";"SAN MARTIN";"RIOJA";"NUEVA CAJAMARCA";"GOBIERNO REGIONAL";"I-4";"00006283";"HOSPITAL RURAL NUEVA CAJAMARCA";"242500";"HOSPITALIZACIÓN-PEDIATRÍA GENERAL-";"6";"6";"16";"16";"5";"155";"0"
"2023";"07";"220804";"SAN MARTIN";"RIOJA";"NUEVA CAJAMARCA";"GOBIERNO REGIONAL";"I-1";"00006287";"TAHUANTINSUYO";"NE_0001";"";"NE_0001";"NE_0001";"NE_0001";"NE_0001";"NE_0001";"NE_0001";"NE_0001"
"2023";"07";"220804";"SAN MARTIN";"RIOJA";"NUEVA CAJAMARCA";"GOBIERNO REGIONAL";"I-1";"00006284";"LA FLORIDA";"NE_0001";"";"NE_0001";"NE_0001";"NE_0001";"NE_0001";"NE_0001";"NE_0001";"NE_0001"
"2023";"07";"220804";"SAN MARTIN";"RIOJA";"NUEVA CAJAMARCA";"GOBIERNO REGIONAL";"I-1";"00006285";"LA UNION";"NE_0001";"";"NE_0001";"NE_0001";"NE_0001";"NE_0001";"NE_0001";"NE_0001";"NE_0001"
"2023";"07";"220804";"SAN MARTIN";"RIOJA";"NUEVA CAJAMARCA";"GOBIERNO REGIONAL";"I-1";"00006288";"UCRANIA";"NE_0001";"";"NE_0001";"NE_0001";"NE_0001";"NE_0001";"NE_0001";"NE_0001";"NE_0001"
"2023";"07";"060807";"CAJAMARCA";"JAEN";"POMAHUACA";"GOBIERNO REGIONAL";"I-1";"00016134";"COLAGUAY";"NE_0001";"";"NE_0001";"NE_0001";"NE_0001";"NE_0001";"NE_0001";"NE_0001";"NE_0001"
"2023";"07";"070101";"CALLAO";"CALLAO";"CALLAO";"GOBIERNO REGIONAL";"I-2";"00006242";"PUESTO DE SALUD PLAYA RIMAC";"NE_0001";"";"NE_0001";"NE_0001";"NE_0001";"NE_0001";"NE_0001";"NE_0001";"NE_0001"
"2023";"07";"070101";"CALLAO";"CALLAO";"CALLAO";"GOBIERNO REGIONAL";"I-2";"00006241";"PUESTO DE SALUD AEROPUERTO";"NE_0001";"";"NE_0001";"NE_0001";"NE_0001";"NE_0001";"NE_0001";"NE_0001";"NE_0001"
"2023";"07";"220901";"SAN MARTIN";"SAN MARTIN";"TARAPOTO";"ESSALUD";"I-2";"00027727";"CENTRO DE ATENCIÓN PRIMARIA METROPOLITANO - ESSALUD";"NE_0001";"";"NE_0001";"NE_0001";"NE_0001";"NE_0001";"NE_0001";"NE_0001";"NE_0001"
"2023";"07";"220901";"SAN MARTIN";"SAN MARTIN";"TARAPOTO";"GOBIERNO REGIONAL";"I-3";"00006362";"CENTRO DE SALUD NUEVE DE ABRIL";"NE_0001";"";"NE_0001";"NE_0001";"NE_0001";"NE_0001";"NE_0001";"NE_0001";"NE_0001"
"2023";"07";"220901";"SAN MARTIN";"SAN MARTIN";"TARAPOTO";"GOBIERNO REGIONAL";"I-3";"00006370";"PUNTA DEL ESTE";"NE_0001";"";"NE_0001";"NE_0001";"NE_0001";"NE_0001";"NE_0001";"NE_0001";"NE_0001"
"2023";"07";"220901";"SAN MARTIN";"SAN MARTIN";"TARAPOTO";"GOBIERNO REGIONAL";"I-1";"00006363";"ATUMPAMPA";"NE_0001";"";"NE_0001";"NE_0001";"NE_0001";"NE_0001";"NE_0001";"NE_0001";"NE_0001"
"2023";"07";"220901";"SAN MARTIN";"SAN MARTIN";"TARAPOTO";"GOBIERNO REGIONAL";"I-1";"00006373";"SANTA ROSA DE CUMBAZA";"NE_0001";"";"NE_0001";"NE_0001";"NE_0001";"NE_0001";"NE_0001";"NE_0001";"NE_0001"
"2023";"07";"220901";"SAN MARTIN";"SAN MARTIN";"TARAPOTO";"GOBIERNO REGIONAL";"I-2";"00006371";"HUAYCO TARAPOTO";"NE_0001";"";"NE_0001";"NE_0001";"NE_0001";"NE_0001";"NE_0001";"NE_0001";"NE_0001"
"2023";"07";"140106";"LAMBAYEQUE";"CHICLAYO";"LA VICTORIA";"PRIVADO";"II-E";"00010972";"HOSPITAL PRIVADO JUAN PABLO II SAC";"240000";"HOSPITALIZACIÓN";"38";"199";"562";"280";"38";"1178";"4"
"2023";"07";"150112";"LIMA";"LIMA";"INDEPENDENCIA";"PRIVADO";"II-2";"00010182";"CLINICA JESUS DEL NORTE";"240000";"HOSPITALIZACIÓN";"529";"534";"1479";"2030";"73";"2263";"2"
"2023";"07";"150112";"LIMA";"LIMA";"INDEPENDENCIA";"PRIVADO";"II-2";"00010182";"CLINICA JESUS DEL NORTE";"250100";"UNIDAD DE CUIDADOS CRITICOS UNIDAD  DE CUIDADOS INTENSIVOS GENERALES (UCI) ";"40";"43";"69";"101";"7";"217";"1"
"2023";"07";"130401";"LA LIBERTAD";"CHEPEN";"CHEPEN";"GOBIERNO REGIONAL";"II-1";"00005299";"HOSPITAL DE APOYO CHEPEN";"241800";"HOSPITALIZACIÓN DE MEDICINA MEDICINA GENERAL ";"46";"43";"209";"251";"15";"465";"1"
"2023";"07";"130401";"LA LIBERTAD";"CHEPEN";"CHEPEN";"GOBIERNO REGIONAL";"II-1";"00005299";"HOSPITAL DE APOYO CHEPEN";"241400";"HOSPITALIZACIÓN QUIRÚRGICA GINECO - OBSTETRICIA ";"125";"122";"276";"149";"24";"744";"0"
"2023";"07";"130401";"LA LIBERTAD";"CHEPEN";"CHEPEN";"GOBIERNO REGIONAL";"II-1";"00005299";"HOSPITAL DE APOYO CHEPEN";"240100";"HOSPITALIZACIÓN QUIRÚRGICA CIRUGÍA GENERAL ";"49";"46";"173";"208";"20";"620";"0"
"2023";"07";"130401";"LA LIBERTAD";"CHEPEN";"CHEPEN";"GOBIERNO REGIONAL";"II-1";"00005299";"HOSPITAL DE APOYO CHEPEN";"242500";"HOSPITALIZACIÓN-PEDIATRÍA GENERAL-";"20";"20";"57";"120";"22";"682";"0"
"2023";"07";"150121";"LIMA";"LIMA";"PUEBLO LIBRE";"PRIVADO";"II-E";"00020230";"CLINICA DE OJOS GLOBAL LASER";"NE_0001";"";"NE_0001";"NE_0001";"NE_0001";"NE_0001";"NE_0001";"NE_0001";"NE_0001"
"2023";"07";"060508";"CAJAMARCA";"CONTUMAZA";"YONAN";"ESSALUD";"I-2";"00010274";"POSTA MEDICA TEMBLADERA";"NE_0001";"";"NE_0001";"NE_0001";"NE_0001";"NE_0001";"NE_0001";"NE_0001";"NE_0001"
"2023";"07";"060101";"CAJAMARCA";"CAJAMARCA";"CAJAMARCA";"PRIVADO";"0";"00029780";"LABORATORIO EL INGENIO";"NE_0001";"";"NE_0001";"NE_0001";"NE_0001";"NE_0001";"NE_0001";"NE_0001";"NE_0001"
"2023";"07";"110501";"ICA";"PISCO";"PISCO";"MINSA";"II-1";"00003472";"SAN JUAN DE DIOS";"240100";"HOSPITALIZACIÓN QUIRÚRGICA CIRUGÍA GENERAL ";"65";"80";"388";"414";"26";"806";"1"
"2023";"07";"110501";"ICA";"PISCO";"PISCO";"MINSA";"II-1";"00003472";"SAN JUAN DE DIOS";"241400";"HOSPITALIZACIÓN QUIRÚRGICA GINECO - OBSTETRICIA ";"261";"271";"668";"579";"28";"868";"0"
"2023";"07";"110501";"ICA";"PISCO";"PISCO";"MINSA";"II-1";"00003472";"SAN JUAN DE DIOS";"241800";"HOSPITALIZACIÓN DE MEDICINA MEDICINA GENERAL ";"105";"118";"600";"560";"20";"620";"12"
"2023";"07";"110501";"ICA";"PISCO";"PISCO";"MINSA";"II-1";"00003472";"SAN JUAN DE DIOS";"242300";"HOSPITALIZACIÓN DE PEDIATRÍA  PEDIATRÍA  GENERAL ";"71";"80";"292";"254";"12";"372";"0"
"2023";"06";"150114";"LIMA";"LIMA";"LA MOLINA";"PRIVADO";"II-E";"00009010";"CLINICA DE LA FAMILIA";"240000";"HOSPITALIZACIÓN";"94";"94";"52";"52";"11";"278";"0"
"2023";"07";"240201";"TUMBES";"CONTRALMIRANTE VILLAR";"ZORRITOS";"GOBIERNO REGIONAL";"I-1";"00001904";"BOCAPAN.";"NE_0001";"";"NE_0001";"NE_0001";"NE_0001";"NE_0001";"NE_0001";"NE_0001";"NE_0001"
"2023";"07";"240201";"TUMBES";"CONTRALMIRANTE VILLAR";"ZORRITOS";"GOBIERNO REGIONAL";"I-1";"00001901";"GRAU";"NE_0001";"";"NE_0001";"NE_0001";"NE_0001";"NE_0001";"NE_0001";"NE_0001";"NE_0001"
"2023";"07";"240201";"TUMBES";"CONTRALMIRANTE VILLAR";"ZORRITOS";"GOBIERNO REGIONAL";"I-2";"00001903";"ACAPULCO.";"NE_0001";"";"NE_0001";"NE_0001";"NE_0001";"NE_0001";"NE_0001";"NE_0001";"NE_0001"
"2023";"07";"240105";"TUMBES";"TUMBES";"SAN JACINTO";"GOBIERNO REGIONAL";"I-1";"00001907";"CAPITAN HOYLE  *";"NE_0001";"";"NE_0001";"NE_0001";"NE_0001";"NE_0001";"NE_0001";"NE_0001";"NE_0001"
"2023";"07";"240202";"TUMBES";"CONTRALMIRANTE VILLAR";"CASITAS";"GOBIERNO REGIONAL";"I-3";"00001897";"CAÑAVERAL";"NE_0001";"";"NE_0001";"NE_0001";"NE_0001";"NE_0001";"NE_0001";"NE_0001";"NE_0001"
"2023";"07";"240202";"TUMBES";"CONTRALMIRANTE VILLAR";"CASITAS";"GOBIERNO REGIONAL";"I-1";"00001898";"TRIGAL";"NE_0001";"";"NE_0001";"NE_0001";"NE_0001";"NE_0001";"NE_0001";"NE_0001";"NE_0001"
"2023";"07";"240202";"TUMBES";"CONTRALMIRANTE VILLAR";"CASITAS";"GOBIERNO REGIONAL";"I-2";"00001899";"LA CHOZA";"NE_0001";"";"NE_0001";"NE_0001";"NE_0001";"NE_0001";"NE_0001";"NE_0001";"NE_0001"
"2023";"07";"240203";"TUMBES";"CONTRALMIRANTE VILLAR";"CANOAS DE PUNTA SAL";"GOBIERNO REGIONAL";"I-1";"00001905";"BARRANCOS.";"NE_0001";"";"NE_0001";"NE_0001";"NE_0001";"NE_0001";"NE_0001";"NE_0001";"NE_0001"
"2023";"07";"240203";"TUMBES";"CONTRALMIRANTE VILLAR";"CANOAS DE PUNTA SAL";"GOBIERNO REGIONAL";"I-1";"00001906";"PAJARITOS";"NE_0001";"";"NE_0001";"NE_0001";"NE_0001";"NE_0001";"NE_0001";"NE_0001";"NE_0001"
"2023";"07";"240201";"TUMBES";"CONTRALMIRANTE VILLAR";"ZORRITOS";"GOBIERNO REGIONAL";"I-4";"00001900";"ZORRITOS";"241800";"HOSPITALIZACIÓN DE MEDICINA MEDICINA GENERAL ";"8";"11";"29";"20";"1";"31";"0"
"2023";"07";"240201";"TUMBES";"CONTRALMIRANTE VILLAR";"ZORRITOS";"GOBIERNO REGIONAL";"I-4";"00001900";"ZORRITOS";"242500";"HOSPITALIZACIÓN-PEDIATRÍA GENERAL-";"1";"1";"2";"1";"1";"31";"0"
"2023";"07";"240201";"TUMBES";"CONTRALMIRANTE VILLAR";"ZORRITOS";"GOBIERNO REGIONAL";"I-4";"00001900";"ZORRITOS";"241600";"HOSPITALIZACIÓN QUIRÚRGICA OBSTETRICIA   ";"8";"8";"10";"8";"1";"31";"0"
"2023";"07";"240203";"TUMBES";"CONTRALMIRANTE VILLAR";"CANOAS DE PUNTA SAL";"GOBIERNO REGIONAL";"I-3";"00001902";"CANCAS";"NE_0001";"";"NE_0001";"NE_0001";"NE_0001";"NE_0001";"NE_0001";"NE_0001";"NE_0001"
"2023";"05";"150114";"LIMA";"LIMA";"LA MOLINA";"PRIVADO";"II-E";"00009010";"CLINICA DE LA FAMILIA";"240000";"HOSPITALIZACIÓN";"66";"66";"45";"45";"11";"296";"0"
"2023";"07";"050116";"AYACUCHO";"HUAMANGA";"ANDRES AVELINO CACERES D.";"GOBIERNO REGIONAL";"I-3";"00003603";"CENTRO DE SALUD CONCHOPATA";"241600";"HOSPITALIZACIÓN QUIRÚRGICA OBSTETRICIA   ";"2";"2";"4";"2";"2";"3";"0"
"2023";"07";"050116";"AYACUCHO";"HUAMANGA";"ANDRES AVELINO CACERES D.";"GOBIERNO REGIONAL";"I-1";"00011362";"PUESTO DE SALUD YANAMILLA";"NE_0001";"";"NE_0001";"NE_0001";"NE_0001";"NE_0001";"NE_0001";"NE_0001";"NE_0001"
"2023";"07";"050116";"AYACUCHO";"HUAMANGA";"ANDRES AVELINO CACERES D.";"GOBIERNO REGIONAL";"I-3";"00003602";"CENTRO DE SALUD SANTA ELENA";"241600";"HOSPITALIZACIÓN QUIRÚRGICA OBSTETRICIA   ";"19";"19";"37";"2";"4";"6";"0"
"2023";"07";"050113";"AYACUCHO";"HUAMANGA";"TAMBILLO";"GOBIERNO REGIONAL";"I-1";"00003604";"PUESTO DE SALUD HUAYHUACONDO";"NE_0001";"";"NE_0001";"NE_0001";"NE_0001";"NE_0001";"NE_0001";"NE_0001";"NE_0001"
"2023";"07";"050113";"AYACUCHO";"HUAMANGA";"TAMBILLO";"GOBIERNO REGIONAL";"I-2";"00003549";"TAMBILLO";"NE_0001";"";"NE_0001";"NE_0001";"NE_0001";"NE_0001";"NE_0001";"NE_0001";"NE_0001"
"2023";"08";"250101";"UCAYALI";"CORONEL PORTILLO";"CALLERIA";"GOBIERNO REGIONAL";"II-2";"00005576";"HOSPITAL REGIONAL DE PUCALLPA";"250100";"UNIDAD DE CUIDADOS CRITICOS UNIDAD  DE CUIDADOS INTENSIVOS GENERALES (UCI) ";"13";"8";"32";"152";"6";"186";"6"
"2023";"08";"250101";"UCAYALI";"CORONEL PORTILLO";"CALLERIA";"GOBIERNO REGIONAL";"II-2";"00005576";"HOSPITAL REGIONAL DE PUCALLPA";"250200";"UNIDAD DE CUIDADOS CRITICOS UNIDAD DE CUIDADOS INTERMEDIOS GENERAL  (UCIN) ";"9";"6";"43";"86";"3";"93";"4"
"2023";"08";"250101";"UCAYALI";"CORONEL PORTILLO";"CALLERIA";"GOBIERNO REGIONAL";"II-2";"00005576";"HOSPITAL REGIONAL DE PUCALLPA";"240100";"HOSPITALIZACIÓN QUIRÚRGICA CIRUGÍA GENERAL ";"74";"64";"501";"287";"9";"287";"1"
"2023";"08";"250101";"UCAYALI";"CORONEL PORTILLO";"CALLERIA";"GOBIERNO REGIONAL";"II-2";"00005576";"HOSPITAL REGIONAL DE PUCALLPA";"240400";"HOSPITALIZACIÓN QUIRÚRGICA CIRUGÍA DE TÓRAX Y CARDIOVASCULAR ";"5";"4";"12";"17";"1";"22";"0"
"2023";"08";"250101";"UCAYALI";"CORONEL PORTILLO";"CALLERIA";"GOBIERNO REGIONAL";"II-2";"00005576";"HOSPITAL REGIONAL DE PUCALLPA";"241200";"HOSPITALIZACIÓN QUIRÚRGICA TRAUMATOLOGÍA Y ORTOPEDIA ";"51";"39";"268";"365";"12";"372";"0"
"2023";"08";"250101";"UCAYALI";"CORONEL PORTILLO";"CALLERIA";"GOBIERNO REGIONAL";"II-2";"00005576";"HOSPITAL REGIONAL DE PUCALLPA";"240200";"HOSPITALIZACIÓN QUIRÚRGICA CIRUGÍA DE CABEZA Y CUELLO / MÁXILO FACIAL ";"9";"7";"56";"68";"3";"93";"1"
"2023";"08";"250101";"UCAYALI";"CORONEL PORTILLO";"CALLERIA";"GOBIERNO REGIONAL";"II-2";"00005576";"HOSPITAL REGIONAL DE PUCALLPA";"241300";"HOSPITALIZACIÓN QUIRÚRGICA UROLOGÍA  ";"7";"6";"62";"75";"3";"93";"0"
"2023";"08";"250101";"UCAYALI";"CORONEL PORTILLO";"CALLERIA";"GOBIERNO REGIONAL";"II-2";"00005576";"HOSPITAL REGIONAL DE PUCALLPA";"240900";"HOSPITALIZACIÓN QUIRÚRGICA NEUROCIRUGÍA ";"11";"8";"227";"73";"3";"93";"0"
"2023";"08";"250101";"UCAYALI";"CORONEL PORTILLO";"CALLERIA";"GOBIERNO REGIONAL";"II-2";"00005576";"HOSPITAL REGIONAL DE PUCALLPA";"240700";"HOSPITALIZACIÓN QUIRÚRGICA CIRUGÍA PEDIÁTRICA ";"19";"15";"109";"93";"3";"93";"0"
"2023";"08";"250101";"UCAYALI";"CORONEL PORTILLO";"CALLERIA";"GOBIERNO REGIONAL";"II-2";"00005576";"HOSPITAL REGIONAL DE PUCALLPA";"240800";"HOSPITALIZACIÓN QUIRÚRGICA CIRUGÍA PLÁSTICA/RECONSTRUCTIVA/ REPARADORA ";"20";"10";"84";"203";"9";"279";"0"
"2023";"08";"250101";"UCAYALI";"CORONEL PORTILLO";"CALLERIA";"GOBIERNO REGIONAL";"II-2";"00005576";"HOSPITAL REGIONAL DE PUCALLPA";"242300";"HOSPITALIZACIÓN DE PEDIATRÍA  PEDIATRÍA  GENERAL ";"105";"90";"362";"354";"20";"620";"0"
"2023";"08";"250101";"UCAYALI";"CORONEL PORTILLO";"CALLERIA";"GOBIERNO REGIONAL";"II-2";"00005576";"HOSPITAL REGIONAL DE PUCALLPA";"241600";"HOSPITALIZACIÓN QUIRÚRGICA OBSTETRICIA   ";"322";"309";"727";"689";"27";"837";"0"
"2023";"08";"250101";"UCAYALI";"CORONEL PORTILLO";"CALLERIA";"GOBIERNO REGIONAL";"II-2";"00005576";"HOSPITAL REGIONAL DE PUCALLPA";"241500";"HOSPITALIZACIÓN QUIRÚRGICA GINECOLOGÍA  ";"20";"15";"63";"76";"3";"93";"0"
"2023";"08";"250101";"UCAYALI";"CORONEL PORTILLO";"CALLERIA";"GOBIERNO REGIONAL";"II-2";"00005576";"HOSPITAL REGIONAL DE PUCALLPA";"250105";"UNIDAD DE CUIDADOS CRITICOS UNIDAD  DE CUIDADOS INTENSIVOS  (UCI) NEONATOLOGÍA";"61";"45";"293";"453";"16";"496";"5"
"2023";"08";"150131";"LIMA";"LIMA";"SAN ISIDRO";"PRIVADO";"II-E";"00027320";"CLINICA AUNA GUARDIA CIVIL";"240000";"HOSPITALIZACIÓN";"125";"121";"513";"518";"27";"837";"2"
"2023";"08";"150131";"LIMA";"LIMA";"SAN ISIDRO";"PRIVADO";"II-E";"00027320";"CLINICA AUNA GUARDIA CIVIL";"250100";"UNIDAD DE CUIDADOS CRITICOS UNIDAD  DE CUIDADOS INTENSIVOS GENERALES (UCI) ";"4";"2";"4";"23";"15";"465";"0"
"2023";"08";"130905";"LA LIBERTAD";"SANCHEZ CARRION";"MARCABAL";"GOBIERNO REGIONAL";"I-2";"00013552";"AGOCAS";"NE_0001";"";"NE_0001";"NE_0001";"NE_0001";"NE_0001";"NE_0001";"NE_0001";"NE_0001"
"2023";"08";"130905";"LA LIBERTAD";"SANCHEZ CARRION";"MARCABAL";"GOBIERNO REGIONAL";"I-1";"00013827";"NARANJOPAMPA";"NE_0001";"";"NE_0001";"NE_0001";"NE_0001";"NE_0001";"NE_0001";"NE_0001";"NE_0001"
"2023";"08";"130905";"LA LIBERTAD";"SANCHEZ CARRION";"MARCABAL";"GOBIERNO REGIONAL";"I-2";"00013550";"SHITA";"NE_0001";"";"NE_0001";"NE_0001";"NE_0001";"NE_0001";"NE_0001";"NE_0001";"NE_0001"
"2023";"08";"130905";"LA LIBERTAD";"SANCHEZ CARRION";"MARCABAL";"GOBIERNO REGIONAL";"I-2";"00013825";"CHAQUILBAMBA";"NE_0001";"";"NE_0001";"NE_0001";"NE_0001";"NE_0001";"NE_0001";"NE_0001";"NE_0001"
"2023";"08";"130905";"LA LIBERTAD";"SANCHEZ CARRION";"MARCABAL";"GOBIERNO REGIONAL";"I-2";"00005358";"MARCABALITO";"NE_0001";"";"NE_0001";"NE_0001";"NE_0001";"NE_0001";"NE_0001";"NE_0001";"NE_0001"
"2023";"08";"130905";"LA LIBERTAD";"SANCHEZ CARRION";"MARCABAL";"GOBIERNO REGIONAL";"I-2";"00013794";"LLUCHUBAMBA";"NE_0001";"";"NE_0001";"NE_0001";"NE_0001";"NE_0001";"NE_0001";"NE_0001";"NE_0001"
"2023";"08";"140101";"LAMBAYEQUE";"CHICLAYO";"CHICLAYO";"PRIVADO";"II-E";"00016192";"CLÍNICA CHICLAYO S.A";"241900";"HOSPITALIZACIÓN DE MEDICINA MEDICINA INTERNA ";"7";"7";"10";"10";"2";"62";"1"
"2023";"08";"140101";"LAMBAYEQUE";"CHICLAYO";"CHICLAYO";"PRIVADO";"II-E";"00016192";"CLÍNICA CHICLAYO S.A";"241300";"HOSPITALIZACIÓN QUIRÚRGICA UROLOGÍA  ";"6";"6";"6";"5";"1";"31";"0"
"2023";"08";"140101";"LAMBAYEQUE";"CHICLAYO";"CHICLAYO";"PRIVADO";"II-E";"00016192";"CLÍNICA CHICLAYO S.A";"240900";"HOSPITALIZACIÓN QUIRÚRGICA NEUROCIRUGÍA ";"2";"2";"3";"3";"1";"31";"0"
"2023";"08";"040103";"AREQUIPA";"AREQUIPA";"CAYMA";"GOBIERNO REGIONAL";"I-2";"00001244";"PUESTO DE SALUD LA TOMILLA";"NE_0001";"";"NE_0001";"NE_0001";"NE_0001";"NE_0001";"NE_0001";"NE_0001";"NE_0001"
"2023";"08";"040103";"AREQUIPA";"AREQUIPA";"CAYMA";"GOBIERNO REGIONAL";"I-3";"00001234";"CENTRO DE SALUD FRANCISCO BOLOGNESI";"NE_0001";"";"NE_0001";"NE_0001";"NE_0001";"NE_0001";"NE_0001";"NE_0001";"NE_0001"
"2023";"08";"040103";"AREQUIPA";"AREQUIPA";"CAYMA";"GOBIERNO REGIONAL";"I-3";"00006890";"PUESTO DE SALUD RAFAEL BELAUNDE";"NE_0001";"";"NE_0001";"NE_0001";"NE_0001";"NE_0001";"NE_0001";"NE_0001";"NE_0001"
"2023";"08";"040103";"AREQUIPA";"AREQUIPA";"CAYMA";"GOBIERNO REGIONAL";"I-3";"00027464";"CENTRO DE SALUD MENTAL COMUNITARIO CAYMA";"NE_0001";"";"NE_0001";"NE_0001";"NE_0001";"NE_0001";"NE_0001";"NE_0001";"NE_0001"
"2023";"04";"200101";"PIURA";"PIURA";"PIURA";"PRIVADO";"II-1";"00018310";"SANNA - CLINICA BELEN";"240000";"HOSPITALIZACIÓN";"326";"328";"963";"963";"36";"1080";"3"
"2023";"04";"200101";"PIURA";"PIURA";"PIURA";"PRIVADO";"II-1";"00018310";"SANNA - CLINICA BELEN";"250100";"UNIDAD DE CUIDADOS CRITICOS UNIDAD  DE CUIDADOS INTENSIVOS GENERALES (UCI) ";"8";"7";"107";"125";"5";"150";"6"
"2023";"04";"080702";"CUSCO";"CHUMBIVILCAS";"CAPACMARCA";"GOBIERNO REGIONAL";"I-3";"00002401";"CCAPACMARCA";"NE_0001";"";"NE_0001";"NE_0001";"NE_0001";"NE_0001";"NE_0001";"NE_0001";"NE_0001"
"2023";"04";"080704";"CUSCO";"CHUMBIVILCAS";"COLQUEMARCA";"GOBIERNO REGIONAL";"I-1";"00008914";"HUAYLLANI";"NE_0001";"";"NE_0001";"NE_0001";"NE_0001";"NE_0001";"NE_0001";"NE_0001";"NE_0001"
"2023";"04";"080702";"CUSCO";"CHUMBIVILCAS";"CAPACMARCA";"GOBIERNO REGIONAL";"I-1";"00009963";"CANCAHUANI";"NE_0001";"";"NE_0001";"NE_0001";"NE_0001";"NE_0001";"NE_0001";"NE_0001";"NE_0001"
"2023";"04";"080702";"CUSCO";"CHUMBIVILCAS";"CAPACMARCA";"GOBIERNO REGIONAL";"I-1";"00027009";"TAHUAY";"NE_0001";"";"NE_0001";"NE_0001";"NE_0001";"NE_0001";"NE_0001";"NE_0001";"NE_0001"
"2023";"04";"080704";"CUSCO";"CHUMBIVILCAS";"COLQUEMARCA";"GOBIERNO REGIONAL";"I-3";"00002404";"COLQUEMARCA";"NE_0001";"";"NE_0001";"NE_0001";"NE_0001";"NE_0001";"NE_0001";"NE_0001";"NE_0001"
"2023";"04";"080704";"CUSCO";"CHUMBIVILCAS";"COLQUEMARCA";"GOBIERNO REGIONAL";"I-1";"00002405";"CHARAMURAY";"NE_0001";"";"NE_0001";"NE_0001";"NE_0001";"NE_0001";"NE_0001";"NE_0001";"NE_0001"
"2023";"04";"080704";"CUSCO";"CHUMBIVILCAS";"COLQUEMARCA";"GOBIERNO REGIONAL";"I-2";"00012932";"YANQUE";"NE_0001";"";"NE_0001";"NE_0001";"NE_0001";"NE_0001";"NE_0001";"NE_0001";"NE_0001"
"2023";"04";"040109";"AREQUIPA";"AREQUIPA";"MARIANO MELGAR";"SANIDAD DEL EJERCITO DEL PERU";"II-1";"00018659";"HOSPITAL MILITAR DIVISIONARIO III DE AREQUIPA";"240100";"HOSPITALIZACIÓN QUIRÚRGICA CIRUGÍA GENERAL ";"25";"24";"64";"62";"19";"440";"0"
"2023";"04";"040109";"AREQUIPA";"AREQUIPA";"MARIANO MELGAR";"SANIDAD DEL EJERCITO DEL PERU";"II-1";"00018659";"HOSPITAL MILITAR DIVISIONARIO III DE AREQUIPA";"241800";"HOSPITALIZACIÓN DE MEDICINA MEDICINA GENERAL ";"7";"9";"89";"50";"15";"435";"0"
"2023";"04";"130401";"LA LIBERTAD";"CHEPEN";"CHEPEN";"GOBIERNO REGIONAL";"II-1";"00005299";"HOSPITAL DE APOYO CHEPEN";"240100";"HOSPITALIZACIÓN QUIRÚRGICA CIRUGÍA GENERAL ";"52";"41";"143";"366";"16";"480";"0"
"2023";"04";"130401";"LA LIBERTAD";"CHEPEN";"CHEPEN";"GOBIERNO REGIONAL";"II-1";"00005299";"HOSPITAL DE APOYO CHEPEN";"241400";"HOSPITALIZACIÓN QUIRÚRGICA GINECO - OBSTETRICIA ";"141";"140";"292";"351";"24";"720";"0"
"2023";"04";"130401";"LA LIBERTAD";"CHEPEN";"CHEPEN";"GOBIERNO REGIONAL";"II-1";"00005299";"HOSPITAL DE APOYO CHEPEN";"241800";"HOSPITALIZACIÓN DE MEDICINA MEDICINA GENERAL ";"62";"52";"211";"306";"20";"600";"3"
"2023";"04";"130401";"LA LIBERTAD";"CHEPEN";"CHEPEN";"GOBIERNO REGIONAL";"II-1";"00005299";"HOSPITAL DE APOYO CHEPEN";"242500";"HOSPITALIZACIÓN-PEDIATRÍA GENERAL-";"36";"39";"149";"91";"24";"720";"0"
"2023";"08";"040104";"AREQUIPA";"AREQUIPA";"CERRO COLORADO";"GOBIERNO REGIONAL";"I-3";"00011023";"PUESTO DE SALUD PERUARBO";"NE_0001";"";"NE_0001";"NE_0001";"NE_0001";"NE_0001";"NE_0001";"NE_0001";"NE_0001"
"2023";"08";"040104";"AREQUIPA";"AREQUIPA";"CERRO COLORADO";"GOBIERNO REGIONAL";"I-2";"00001251";"PUESTO DE SALUD NAZARENO";"NE_0001";"";"NE_0001";"NE_0001";"NE_0001";"NE_0001";"NE_0001";"NE_0001";"NE_0001"
"2023";"08";"040104";"AREQUIPA";"AREQUIPA";"CERRO COLORADO";"GOBIERNO REGIONAL";"I-3";"00001247";"CENTRO DE SALUD CIUDAD MUNICIPAL";"NE_0001";"";"NE_0001";"NE_0001";"NE_0001";"NE_0001";"NE_0001";"NE_0001";"NE_0001"
"2023";"08";"040104";"AREQUIPA";"AREQUIPA";"CERRO COLORADO";"GOBIERNO REGIONAL";"I-4";"00001237";"CENTRO DE SALUD MARITZA CAMPOS DIAZ - ZAMACOLA";"241600";"HOSPITALIZACIÓN QUIRÚRGICA OBSTETRICIA   ";"60";"60";"71";"1";"14";"92";"0"
"2023";"08";"040104";"AREQUIPA";"AREQUIPA";"CERRO COLORADO";"GOBIERNO REGIONAL";"I-3";"00011023";"PUESTO DE SALUD PERUARBO";"NE_0001";"";"NE_0001";"NE_0001";"NE_0001";"NE_0001";"NE_0001";"NE_0001";"NE_0001"
"2023";"08";"040104";"AREQUIPA";"AREQUIPA";"CERRO COLORADO";"GOBIERNO REGIONAL";"I-2";"00001251";"PUESTO DE SALUD NAZARENO";"NE_0001";"";"NE_0001";"NE_0001";"NE_0001";"NE_0001";"NE_0001";"NE_0001";"NE_0001"
"2023";"08";"040104";"AREQUIPA";"AREQUIPA";"CERRO COLORADO";"GOBIERNO REGIONAL";"I-3";"00001247";"CENTRO DE SALUD CIUDAD MUNICIPAL";"NE_0001";"";"NE_0001";"NE_0001";"NE_0001";"NE_0001";"NE_0001";"NE_0001";"NE_0001"
"2023";"08";"040112";"AREQUIPA";"AREQUIPA";"PAUCARPATA";"PRIVADO";"II-E";"00016064";"CLINICA PAZ HOLANDESA";"240000";"HOSPITALIZACIÓN";"136";"122";"343";"136";"58";"1798";"0"
"2023";"08";"130908";"LA LIBERTAD";"SANCHEZ CARRION";"SARTIMBAMBA";"GOBIERNO REGIONAL";"I-2";"00005363";"SARTIMBAMBA";"NE_0001";"";"NE_0001";"NE_0001";"NE_0001";"NE_0001";"NE_0001";"NE_0001";"NE_0001"
"2023";"08";"130908";"LA LIBERTAD";"SANCHEZ CARRION";"SARTIMBAMBA";"GOBIERNO REGIONAL";"I-2";"00005364";"SAN ALFONSO";"NE_0001";"";"NE_0001";"NE_0001";"NE_0001";"NE_0001";"NE_0001";"NE_0001";"NE_0001"
"2023";"08";"130908";"LA LIBERTAD";"SANCHEZ CARRION";"SARTIMBAMBA";"GOBIERNO REGIONAL";"I-2";"00005365";"MARCABAL GRANDE";"NE_0001";"";"NE_0001";"NE_0001";"NE_0001";"NE_0001";"NE_0001";"NE_0001";"NE_0001"
"2023";"08";"130908";"LA LIBERTAD";"SANCHEZ CARRION";"SARTIMBAMBA";"GOBIERNO REGIONAL";"I-2";"00017925";"LA VICTORIA";"NE_0001";"";"NE_0001";"NE_0001";"NE_0001";"NE_0001";"NE_0001";"NE_0001";"NE_0001"
"2023";"08";"110101";"ICA";"ICA";"ICA";"PRIVADO";"II-1";"00018450";"CLÍNICA S. MORALES S.R.L";"241200";"HOSPITALIZACIÓN QUIRÚRGICA TRAUMATOLOGÍA Y ORTOPEDIA ";"24";"24";"29";"24";"6";"186";"0"
"2023";"08";"150130";"LIMA";"LIMA";"SAN BORJA";"PRIVADO";"II-E";"00011547";"CLINICA CONTINENTAL";"NE_0002";"";"NE_0002";"NE_0002";"NE_0002";"NE_0002";"NE_0002";"NE_0002";"NE_0002"
"2023";"08";"021801";"ANCASH";"SANTA";"CHIMBOTE";"PRIVADO";"II-1";"00010987";"INSTITUTO MEDICO ESPECIALIZADO UROGINEC EIRL";"240000";"HOSPITALIZACIÓN";"15";"15";"16";"15";"7";"217";"0"
"2023";"08";"150131";"LIMA";"LIMA";"SAN ISIDRO";"PRIVADO";"II-1";"00009888";"CLINICA UNIPLAST S.A.C.";"240800";"HOSPITALIZACIÓN QUIRÚRGICA CIRUGÍA PLÁSTICA/RECONSTRUCTIVA/ REPARADORA ";"23";"23";"23";"23";"3";"93";"0"
"2023";"08";"200101";"PIURA";"PIURA";"PIURA";"PRIVADO";"II-E";"00027459";"CLINICA MEDICA SANTA EMILIA";"244300";"HOSPITALIZACIÓN DE MEDICINA GASTROENTEROLOGÍA  ";"2";"2";"10";"10";"7";"200";"0"
"2023";"08";"060609";"CAJAMARCA";"CUTERVO";"SAN JUAN DE CUTERVO";"GOBIERNO REGIONAL";"I-1";"00007103";"SANTA ROSA DE SAN JUAN";"NE_0001";"";"NE_0001";"NE_0001";"NE_0001";"NE_0001";"NE_0001";"NE_0001";"NE_0001"
"2023";"08";"060605";"CAJAMARCA";"CUTERVO";"LA RAMADA";"GOBIERNO REGIONAL";"I-3";"00005027";"LA RAMADA";"NE_0001";"";"NE_0001";"NE_0001";"NE_0001";"NE_0001";"NE_0001";"NE_0001";"NE_0001"
"2023";"08";"060605";"CAJAMARCA";"CUTERVO";"LA RAMADA";"GOBIERNO REGIONAL";"I-1";"00005028";"LLUSHCAPAMPA";"NE_0001";"";"NE_0001";"NE_0001";"NE_0001";"NE_0001";"NE_0001";"NE_0001";"NE_0001"
"2023";"08";"060605";"CAJAMARCA";"CUTERVO";"LA RAMADA";"GOBIERNO REGIONAL";"I-1";"00006949";"LOS PUENTES";"NE_0001";"";"NE_0001";"NE_0001";"NE_0001";"NE_0001";"NE_0001";"NE_0001";"NE_0001"
"2023";"08";"060604";"CAJAMARCA";"CUTERVO";"CUJILLO";"GOBIERNO REGIONAL";"I-1";"00005026";"EL PAGO";"NE_0001";"";"NE_0001";"NE_0001";"NE_0001";"NE_0001";"NE_0001";"NE_0001";"NE_0001"
"2023";"08";"060609";"CAJAMARCA";"CUTERVO";"SAN JUAN DE CUTERVO";"GOBIERNO REGIONAL";"I-3";"00005029";"SAN JUAN DE CUTERVO";"NE_0001";"";"NE_0001";"NE_0001";"NE_0001";"NE_0001";"NE_0001";"NE_0001";"NE_0001"
"2023";"08";"060605";"CAJAMARCA";"CUTERVO";"LA RAMADA";"GOBIERNO REGIONAL";"I-1";"00007049";"SURO CHICO";"NE_0001";"";"NE_0001";"NE_0001";"NE_0001";"NE_0001";"NE_0001";"NE_0001";"NE_0001"
"2023";"08";"060605";"CAJAMARCA";"CUTERVO";"LA RAMADA";"GOBIERNO REGIONAL";"I-1";"00007180";"TAMBILLO DE LA RAMADA";"NE_0001";"";"NE_0001";"NE_0001";"NE_0001";"NE_0001";"NE_0001";"NE_0001";"NE_0001"
"2023";"08";"060614";"CAJAMARCA";"CUTERVO";"SOCOTA";"GOBIERNO REGIONAL";"I-1";"00005033";"EL PORVENIR";"NE_0001";"";"NE_0001";"NE_0001";"NE_0001";"NE_0001";"NE_0001";"NE_0001";"NE_0001"
"2023";"08";"060614";"CAJAMARCA";"CUTERVO";"SOCOTA";"GOBIERNO REGIONAL";"I-1";"00006939";"QUIJOS";"NE_0001";"";"NE_0001";"NE_0001";"NE_0001";"NE_0001";"NE_0001";"NE_0001";"NE_0001"
"2023";"08";"130101";"LA LIBERTAD";"TRUJILLO";"TRUJILLO";"GOBIERNO REGIONAL";"III-2";"00007277";"INSTITUTO REGIONAL DE ENFERMEDADES NEOPLASICAS - NORTE - DR. LUIS PINILLOS GANOZA";"241000";"HOSPITALIZACIÓN QUIRÚRGICA ONCOLOGÍA QUIRÚRGICA  ";"66";"76";"368";"404";"9";"507";"6"
"2023";"08";"130101";"LA LIBERTAD";"TRUJILLO";"TRUJILLO";"GOBIERNO REGIONAL";"III-2";"00007277";"INSTITUTO REGIONAL DE ENFERMEDADES NEOPLASICAS - NORTE - DR. LUIS PINILLOS GANOZA";"242100";"HOSPITALIZACIÓN DE MEDICINA ONCOLOGÍA MÉDICA ";"54";"55";"213";"248";"9";"298";"2"
"2023";"09";"230101";"TACNA";"TACNA";"TACNA";"ESSALUD";"I-2";"00010228";"CENTRO DE ATENCION PRIMARIA II  OSCAR FERNANDEZ DAVILA VÉLEZ";"NE_0001";"";"NE_0001";"NE_0001";"NE_0001";"NE_0001";"NE_0001";"NE_0001";"NE_0001"
"2023";"09";"120706";"JUNIN";"TARMA";"PALCA";"GOBIERNO REGIONAL";"I-3";"00000569";"PALCA";"NE_0001";"";"NE_0001";"NE_0001";"NE_0001";"NE_0001";"NE_0001";"NE_0001";"NE_0001"
"2023";"09";"120706";"JUNIN";"TARMA";"PALCA";"GOBIERNO REGIONAL";"I-1";"00000574";"YAROCA";"NE_0001";"";"NE_0001";"NE_0001";"NE_0001";"NE_0001";"NE_0001";"NE_0001";"NE_0001"
"2023";"09";"120706";"JUNIN";"TARMA";"PALCA";"GOBIERNO REGIONAL";"I-1";"00000575";"HUARIPAMPA";"NE_0001";"";"NE_0001";"NE_0001";"NE_0001";"NE_0001";"NE_0001";"NE_0001";"NE_0001"
"2023";"09";"120706";"JUNIN";"TARMA";"PALCA";"GOBIERNO REGIONAL";"I-1";"00000576";"PATAY";"NE_0001";"";"NE_0001";"NE_0001";"NE_0001";"NE_0001";"NE_0001";"NE_0001";"NE_0001"
"2023";"09";"120706";"JUNIN";"TARMA";"PALCA";"GOBIERNO REGIONAL";"I-1";"00000570";"ÑAHUIN";"NE_0001";"";"NE_0001";"NE_0001";"NE_0001";"NE_0001";"NE_0001";"NE_0001";"NE_0001"
"2023";"09";"120706";"JUNIN";"TARMA";"PALCA";"GOBIERNO REGIONAL";"I-1";"00000571";"CARPAPATA";"NE_0001";"";"NE_0001";"NE_0001";"NE_0001";"NE_0001";"NE_0001";"NE_0001";"NE_0001"
"2023";"09";"080708";"CUSCO";"CHUMBIVILCAS";"VELILLE";"GOBIERNO REGIONAL";"I-1";"00027011";"AYACCASI";"NE_0001";"";"NE_0001";"NE_0001";"NE_0001";"NE_0001";"NE_0001";"NE_0001";"NE_0001"
"2023";"09";"080708";"CUSCO";"CHUMBIVILCAS";"VELILLE";"GOBIERNO REGIONAL";"I-3";"00002409";"VELILLE";"NE_0001";"";"NE_0001";"NE_0001";"NE_0001";"NE_0001";"NE_0001";"NE_0001";"NE_0001"
"2023";"09";"080701";"CUSCO";"CHUMBIVILCAS";"SANTO TOMAS";"GOBIERNO REGIONAL";"I-1";"00030940";"ARCANGEL SAN MIGUEL DE ESQUINA CONGUNYA";"NE_0001";"";"NE_0001";"NE_0001";"NE_0001";"NE_0001";"NE_0001";"NE_0001";"NE_0001"
"2023";"09";"080708";"CUSCO";"CHUMBIVILCAS";"VELILLE";"GOBIERNO REGIONAL";"I-1";"00025371";"TUNTUMA";"NE_0001";"";"NE_0001";"NE_0001";"NE_0001";"NE_0001";"NE_0001";"NE_0001";"NE_0001"
"2023";"09";"080701";"CUSCO";"CHUMBIVILCAS";"SANTO TOMAS";"GOBIERNO REGIONAL";"I-2";"00002399";"PULPERA";"NE_0001";"";"NE_0001";"NE_0001";"NE_0001";"NE_0001";"NE_0001";"NE_0001";"NE_0001"
"2023";"09";"080707";"CUSCO";"CHUMBIVILCAS";"QUIÑOTA";"GOBIERNO REGIONAL";"I-2";"00002408";"QUIÑOTA";"NE_0001";"";"NE_0001";"NE_0001";"NE_0001";"NE_0001";"NE_0001";"NE_0001";"NE_0001"
"2023";"09";"080706";"CUSCO";"CHUMBIVILCAS";"LLUSCO";"GOBIERNO REGIONAL";"I-1";"00006985";"TOTORAPALLCA";"NE_0001";"";"NE_0001";"NE_0001";"NE_0001";"NE_0001";"NE_0001";"NE_0001";"NE_0001"
"2023";"09";"190301";"PASCO";"OXAPAMPA";"OXAPAMPA";"ESSALUD";"II-1";"00009748";"HOSPITAL I OXAPAMPA";"241800";"HOSPITALIZACIÓN DE MEDICINA MEDICINA GENERAL ";"39";"40";"161";"202";"7";"210";"0"
"2023";"09";"190301";"PASCO";"OXAPAMPA";"OXAPAMPA";"ESSALUD";"II-1";"00009748";"HOSPITAL I OXAPAMPA";"240100";"HOSPITALIZACIÓN QUIRÚRGICA CIRUGÍA GENERAL ";"18";"17";"26";"47";"2";"60";"0"
"2023";"09";"190301";"PASCO";"OXAPAMPA";"OXAPAMPA";"ESSALUD";"II-1";"00009748";"HOSPITAL I OXAPAMPA";"241400";"HOSPITALIZACIÓN QUIRÚRGICA GINECO - OBSTETRICIA ";"17";"17";"44";"58";"2";"60";"0"
"2023";"09";"190301";"PASCO";"OXAPAMPA";"OXAPAMPA";"ESSALUD";"II-1";"00009748";"HOSPITAL I OXAPAMPA";"242300";"HOSPITALIZACIÓN DE PEDIATRÍA  PEDIATRÍA  GENERAL ";"9";"9";"16";"24";"1";"30";"0"
"2023";"09";"220603";"SAN MARTIN";"MARISCAL CACERES";"HUICUNGO";"GOBIERNO REGIONAL";"I-1";"00006555";"SHEPTE";"NE_0001";"";"NE_0001";"NE_0001";"NE_0001";"NE_0001";"NE_0001";"NE_0001";"NE_0001"
"2023";"09";"220603";"SAN MARTIN";"MARISCAL CACERES";"HUICUNGO";"GOBIERNO REGIONAL";"I-1";"00006556";"MIRAFLORES";"NE_0001";"";"NE_0001";"NE_0001";"NE_0001";"NE_0001";"NE_0001";"NE_0001";"NE_0001"
"2023";"09";"220604";"SAN MARTIN";"MARISCAL CACERES";"PACHIZA";"GOBIERNO REGIONAL";"I-1";"00006559";"SAN RAMON";"NE_0001";"";"NE_0001";"NE_0001";"NE_0001";"NE_0001";"NE_0001";"NE_0001";"NE_0001"
"2023";"09";"220601";"SAN MARTIN";"MARISCAL CACERES";"JUANJUI";"GOBIERNO REGIONAL";"I-1";"00006550";"QUINILLA";"NE_0001";"";"NE_0001";"NE_0001";"NE_0001";"NE_0001";"NE_0001";"NE_0001";"NE_0001"
"2023";"09";"220605";"SAN MARTIN";"MARISCAL CACERES";"PAJARILLO";"GOBIERNO REGIONAL";"I-1";"00006560";"ARMAYARI";"NE_0001";"";"NE_0001";"NE_0001";"NE_0001";"NE_0001";"NE_0001";"NE_0001";"NE_0001"
"2023";"09";"220601";"SAN MARTIN";"MARISCAL CACERES";"JUANJUI";"GOBIERNO REGIONAL";"I-1";"00006553";"HUAYABAMBA";"NE_0001";"";"NE_0001";"NE_0001";"NE_0001";"NE_0001";"NE_0001";"NE_0001";"NE_0001"
"2023";"09";"220601";"SAN MARTIN";"MARISCAL CACERES";"JUANJUI";"GOBIERNO REGIONAL";"I-1";"00006551";"CAYENA";"NE_0001";"";"NE_0001";"NE_0001";"NE_0001";"NE_0001";"NE_0001";"NE_0001";"NE_0001"
"2023";"09";"220604";"SAN MARTIN";"MARISCAL CACERES";"PACHIZA";"GOBIERNO REGIONAL";"I-1";"00006557";"BAGAZAN";"NE_0001";"";"NE_0001";"NE_0001";"NE_0001";"NE_0001";"NE_0001";"NE_0001";"NE_0001"
"2023";"09";"220604";"SAN MARTIN";"MARISCAL CACERES";"PACHIZA";"GOBIERNO REGIONAL";"I-1";"00006558";"SAN JUAN DEL CAÑO";"NE_0001";"";"NE_0001";"NE_0001";"NE_0001";"NE_0001";"NE_0001";"NE_0001";"NE_0001"
"2023";"09";"220601";"SAN MARTIN";"MARISCAL CACERES";"JUANJUI";"GOBIERNO REGIONAL";"I-1";"00006549";"LA VICTORIA";"NE_0001";"";"NE_0001";"NE_0001";"NE_0001";"NE_0001";"NE_0001";"NE_0001";"NE_0001"
"2023";"09";"220601";"SAN MARTIN";"MARISCAL CACERES";"JUANJUI";"GOBIERNO REGIONAL";"I-1";"00006552";"HUINGUILLO";"NE_0001";"";"NE_0001";"NE_0001";"NE_0001";"NE_0001";"NE_0001";"NE_0001";"NE_0001"
"2023";"09";"220601";"SAN MARTIN";"MARISCAL CACERES";"JUANJUI";"GOBIERNO REGIONAL";"I-1";"00006554";"VILLA PRADO";"NE_0001";"";"NE_0001";"NE_0001";"NE_0001";"NE_0001";"NE_0001";"NE_0001";"NE_0001"
"2023";"09";"220605";"SAN MARTIN";"MARISCAL CACERES";"PAJARILLO";"GOBIERNO REGIONAL";"I-1";"00006561";"PAJARILLO";"NE_0001";"";"NE_0001";"NE_0001";"NE_0001";"NE_0001";"NE_0001";"NE_0001";"NE_0001"
"2023";"09";"021801";"ANCASH";"SANTA";"CHIMBOTE";"PRIVADO";"II-1";"00015375";"CLINICA SAN PEDRO";"241800";"HOSPITALIZACIÓN DE MEDICINA MEDICINA GENERAL ";"15";"14";"37";"52";"6";"180";"0"
"2023";"09";"021801";"ANCASH";"SANTA";"CHIMBOTE";"PRIVADO";"II-1";"00015375";"CLINICA SAN PEDRO";"240100";"HOSPITALIZACIÓN QUIRÚRGICA CIRUGÍA GENERAL ";"42";"41";"83";"108";"6";"180";"0"
"2023";"09";"021801";"ANCASH";"SANTA";"CHIMBOTE";"PRIVADO";"II-1";"00015375";"CLINICA SAN PEDRO";"241400";"HOSPITALIZACIÓN QUIRÚRGICA GINECO - OBSTETRICIA ";"48";"40";"56";"64";"6";"180";"0"
"2023";"09";"070101";"CALLAO";"CALLAO";"CALLAO";"ESSALUD";"II-2";"00010533";"HOSPITAL II LIMA NORTE CALLAO ""LUIS NEGREIROS VEGA"" ESSALUD";"241900";"HOSPITALIZACIÓN DE MEDICINA MEDICINA INTERNA ";"203";"203";"1774";"1771";"60";"1800";"9"
"2023";"09";"070101";"CALLAO";"CALLAO";"CALLAO";"ESSALUD";"II-2";"00010533";"HOSPITAL II LIMA NORTE CALLAO ""LUIS NEGREIROS VEGA"" ESSALUD";"240100";"HOSPITALIZACIÓN QUIRÚRGICA CIRUGÍA GENERAL ";"393";"395";"831";"883";"34";"1020";"0"
"2023";"09";"070101";"CALLAO";"CALLAO";"CALLAO";"ESSALUD";"II-2";"00010533";"HOSPITAL II LIMA NORTE CALLAO ""LUIS NEGREIROS VEGA"" ESSALUD";"241600";"HOSPITALIZACIÓN QUIRÚRGICA OBSTETRICIA   ";"463";"465";"830";"799";"35";"1050";"0"
"2023";"09";"070101";"CALLAO";"CALLAO";"CALLAO";"ESSALUD";"II-2";"00010533";"HOSPITAL II LIMA NORTE CALLAO ""LUIS NEGREIROS VEGA"" ESSALUD";"242300";"HOSPITALIZACIÓN DE PEDIATRÍA  PEDIATRÍA  GENERAL ";"108";"109";"319";"324";"13";"390";"0"
"2023";"03";"150113";"LIMA";"LIMA";"JESUS MARIA";"PRIVADO";"II-E";"00009089";"ONCOGYN CLINICA INTEGRAL";"241400";"HOSPITALIZACIÓN QUIRÚRGICA GINECO - OBSTETRICIA ";"6";"6";"6";"6";"4";"124";"0"
"2023";"03";"200115";"PIURA";"PIURA";"VEINTISEIS DE OCTUBRE";"PRIVADO";"II-1";"00027260";"CLÍNICA BELLO HORIZONTE S.A.";"240000";"HOSPITALIZACIÓN";"82";"88";"196";"260";"16";"496";"5"
"2023";"03";"200115";"PIURA";"PIURA";"VEINTISEIS DE OCTUBRE";"PRIVADO";"II-1";"00027260";"CLÍNICA BELLO HORIZONTE S.A.";"250100";"UNIDAD DE CUIDADOS CRITICOS UNIDAD  DE CUIDADOS INTENSIVOS GENERALES (UCI) ";"3";"3";"5";"6";"4";"124";"2"
"2023";"03";"130101";"LA LIBERTAD";"TRUJILLO";"TRUJILLO";"PRIVADO";"II-1";"00027358";"CLÍNICA CRISTO REDENTOR";"240100";"HOSPITALIZACIÓN QUIRÚRGICA CIRUGÍA GENERAL ";"6";"4";"1";"7";"3";"87";"0"
"2023";"03";"130101";"LA LIBERTAD";"TRUJILLO";"TRUJILLO";"PRIVADO";"II-1";"00027358";"CLÍNICA CRISTO REDENTOR";"241900";"HOSPITALIZACIÓN DE MEDICINA MEDICINA INTERNA ";"2";"2";"2";"7";"1";"28";"0"
"2023";"03";"100511";"HUANUCO";"HUAMALIES";"TANTAMAYO";"GOBIERNO REGIONAL";"I-2";"00000903";"TANTAMAYO";"NE_0001";"";"NE_0001";"NE_0001";"NE_0001";"NE_0001";"NE_0001";"NE_0001";"NE_0001"
"2023";"03";"100511";"HUANUCO";"HUAMALIES";"TANTAMAYO";"GOBIERNO REGIONAL";"I-1";"00022037";"SAN PEDRO DE  PARIARCA";"NE_0001";"";"NE_0001";"NE_0001";"NE_0001";"NE_0001";"NE_0001";"NE_0001";"NE_0001"
"2023";"03";"100511";"HUANUCO";"HUAMALIES";"TANTAMAYO";"GOBIERNO REGIONAL";"I-1";"00011166";"PAMPA FLORIDA";"NE_0001";"";"NE_0001";"NE_0001";"NE_0001";"NE_0001";"NE_0001";"NE_0001";"NE_0001"
"2023";"04";"211101";"PUNO";"SAN ROMAN";"JULIACA";"GOBIERNO REGIONAL";"II-2";"00003299";"CARLOS MONJE MEDRANO";"240100";"HOSPITALIZACIÓN QUIRÚRGICA CIRUGÍA GENERAL ";"62";"73";"541";"73";"27";"810";"1"
"2023";"04";"211101";"PUNO";"SAN ROMAN";"JULIACA";"GOBIERNO REGIONAL";"II-2";"00003299";"CARLOS MONJE MEDRANO";"244300";"HOSPITALIZACIÓN DE MEDICINA GASTROENTEROLOGÍA  ";"19";"23";"144";"23";"6";"180";"1"
"2023";"04";"211101";"PUNO";"SAN ROMAN";"JULIACA";"GOBIERNO REGIONAL";"II-2";"00003299";"CARLOS MONJE MEDRANO";"241500";"HOSPITALIZACIÓN QUIRÚRGICA GINECOLOGÍA  ";"37";"41";"142";"41";"6";"180";"1"
"2023";"04";"211101";"PUNO";"SAN ROMAN";"JULIACA";"GOBIERNO REGIONAL";"II-2";"00003299";"CARLOS MONJE MEDRANO";"241800";"HOSPITALIZACIÓN DE MEDICINA MEDICINA GENERAL ";"52";"67";"497";"67";"9";"270";"7"
"2023";"04";"211101";"PUNO";"SAN ROMAN";"JULIACA";"GOBIERNO REGIONAL";"II-2";"00003299";"CARLOS MONJE MEDRANO";"243200";"HOSPITALIZACIÓN DE PEDIATRÍA PEDIATRIA NEONATOLOGÍA";"30";"42";"414";"42";"39";"1170";"1"
"2023";"04";"211101";"PUNO";"SAN ROMAN";"JULIACA";"GOBIERNO REGIONAL";"II-2";"00003299";"CARLOS MONJE MEDRANO";"245300";"HOSPITALIZACIÓN DE MEDICINA NEUMOLOGÍA  ";"8";"10";"115";"10";"6";"180";"0"
"2023";"04";"211101";"PUNO";"SAN ROMAN";"JULIACA";"GOBIERNO REGIONAL";"II-2";"00003299";"CARLOS MONJE MEDRANO";"240900";"HOSPITALIZACIÓN QUIRÚRGICA NEUROCIRUGÍA ";"13";"15";"114";"15";"12";"360";"0"
"2023";"04";"211101";"PUNO";"SAN ROMAN";"JULIACA";"GOBIERNO REGIONAL";"II-2";"00003299";"CARLOS MONJE MEDRANO";"241600";"HOSPITALIZACIÓN QUIRÚRGICA OBSTETRICIA   ";"215";"238";"879";"238";"27";"810";"0"
"2023";"04";"211101";"PUNO";"SAN ROMAN";"JULIACA";"GOBIERNO REGIONAL";"II-2";"00003299";"CARLOS MONJE MEDRANO";"242500";"HOSPITALIZACIÓN-PEDIATRÍA GENERAL-";"71";"80";"389";"80";"29";"870";"0"
"2023";"04";"211101";"PUNO";"SAN ROMAN";"JULIACA";"GOBIERNO REGIONAL";"II-2";"00003299";"CARLOS MONJE MEDRANO";"242200";"HOSPITALIZACIÓN DE MEDICINA PSIQUIATRÍA ";"5";"9";"113";"9";"3";"90";"0"
"2023";"04";"211101";"PUNO";"SAN ROMAN";"JULIACA";"GOBIERNO REGIONAL";"II-2";"00003299";"CARLOS MONJE MEDRANO";"241200";"HOSPITALIZACIÓN QUIRÚRGICA TRAUMATOLOGÍA Y ORTOPEDIA ";"17";"23";"146";"23";"12";"360";"0"
"2023";"04";"211101";"PUNO";"SAN ROMAN";"JULIACA";"GOBIERNO REGIONAL";"II-2";"00003299";"CARLOS MONJE MEDRANO";"250100";"UNIDAD DE CUIDADOS CRITICOS UNIDAD  DE CUIDADOS INTENSIVOS GENERALES (UCI) ";"2";"3";"14";"3";"6";"180";"3"
"2023";"04";"211101";"PUNO";"SAN ROMAN";"JULIACA";"GOBIERNO REGIONAL";"II-2";"00003299";"CARLOS MONJE MEDRANO";"250105";"UNIDAD DE CUIDADOS CRITICOS UNIDAD  DE CUIDADOS INTENSIVOS  (UCI) NEONATOLOGÍA";"1";"2";"11";"2";"6";"180";"1"
"2023";"04";"211101";"PUNO";"SAN ROMAN";"JULIACA";"GOBIERNO REGIONAL";"II-2";"00003299";"CARLOS MONJE MEDRANO";"250108";"UNIDAD DE CUIDADOS CRITICOS UNIDAD  DE CUIDADOS INTENSIVOS  (UCI) PEDIÁTRICA";"1";"1";"7";"1";"6";"180";"0"
"2023";"04";"211101";"PUNO";"SAN ROMAN";"JULIACA";"GOBIERNO REGIONAL";"II-2";"00003299";"CARLOS MONJE MEDRANO";"250200";"UNIDAD DE CUIDADOS CRITICOS UNIDAD DE CUIDADOS INTERMEDIOS GENERAL  (UCIN) ";"8";"10";"118";"10";"6";"180";"0"
"2023";"04";"211101";"PUNO";"SAN ROMAN";"JULIACA";"GOBIERNO REGIONAL";"II-2";"00003299";"CARLOS MONJE MEDRANO";"241300";"HOSPITALIZACIÓN QUIRÚRGICA UROLOGÍA  ";"3";"3";"21";"3";"3";"90";"0"
"2023";"04";"130105";"LA LIBERTAD";"TRUJILLO";"LA ESPERANZA";"PRIVADO";"II-1";"00021412";"CLÍNICA MADRE DE CRISTO";"241400";"HOSPITALIZACIÓN QUIRÚRGICA GINECO - OBSTETRICIA ";"14";"14";"16";"14";"4";"16";"0"
"2023";"04";"130105";"LA LIBERTAD";"TRUJILLO";"LA ESPERANZA";"PRIVADO";"II-1";"00021412";"CLÍNICA MADRE DE CRISTO";"240100";"HOSPITALIZACIÓN QUIRÚRGICA CIRUGÍA GENERAL ";"25";"25";"30";"25";"8";"30";"0"
"2023";"08";"150116";"LIMA";"LIMA";"LINCE";"ESSALUD";"I-3";"00017695";"CENTRO DE ATENCION PRIMARIA III ALFREDO PIAZZA ROBERTS-GSPN I Y II-RPA-ESSALUD";"NE_0001";"";"NE_0001";"NE_0001";"NE_0001";"NE_0001";"NE_0001";"NE_0001";"NE_0001"
"2023";"08";"010101";"AMAZONAS";"CHACHAPOYAS";"CHACHAPOYAS";"ESSALUD";"II-1";"00009066";"HOSPITAL HIGOS URCO";"241800";"HOSPITALIZACIÓN DE MEDICINA MEDICINA GENERAL ";"23";"29";"186";"152";"6";"186";"1"
"2023";"08";"010101";"AMAZONAS";"CHACHAPOYAS";"CHACHAPOYAS";"ESSALUD";"II-1";"00009066";"HOSPITAL HIGOS URCO";"240100";"HOSPITALIZACIÓN QUIRÚRGICA CIRUGÍA GENERAL ";"30";"28";"105";"110";"6";"186";"0"
"2023";"08";"010101";"AMAZONAS";"CHACHAPOYAS";"CHACHAPOYAS";"ESSALUD";"II-1";"00009066";"HOSPITAL HIGOS URCO";"245400";"HOSPITALIZACIÓN DE MEDICINA GINECOLOGIA ";"39";"40";"83";"80";"4";"124";"0"
"2023";"08";"010101";"AMAZONAS";"CHACHAPOYAS";"CHACHAPOYAS";"ESSALUD";"II-1";"00009066";"HOSPITAL HIGOS URCO";"242300";"HOSPITALIZACIÓN DE PEDIATRÍA  PEDIATRÍA  GENERAL ";"13";"14";"39";"34";"2";"62";"0"
"2023";"08";"070101";"CALLAO";"CALLAO";"CALLAO";"PRIVADO";"0";"00016115";"DIAGNOCENTRO OLAZ";"NE_0001";"";"NE_0001";"NE_0001";"NE_0001";"NE_0001";"NE_0001";"NE_0001";"NE_0001"
"2023";"08";"021303";"ANCASH";"MARISCAL LUZURIAGA";"ELEAZAR GUZMAN BARRON";"GOBIERNO REGIONAL";"I-1";"00001786";"PUESTO DE SALUD PAMPACHACRA";"NE_0001";"";"NE_0001";"NE_0001";"NE_0001";"NE_0001";"NE_0001";"NE_0001";"NE_0001"
"2023";"08";"021303";"ANCASH";"MARISCAL LUZURIAGA";"ELEAZAR GUZMAN BARRON";"GOBIERNO REGIONAL";"I-1";"00001787";"PUESTO DE SALUD PUMPA";"NE_0001";"";"NE_0001";"NE_0001";"NE_0001";"NE_0001";"NE_0001";"NE_0001";"NE_0001"
"2023";"08";"021305";"ANCASH";"MARISCAL LUZURIAGA";"LLAMA";"GOBIERNO REGIONAL";"I-2";"00001788";"PUESTO DE SALUD LLAMA";"NE_0001";"";"NE_0001";"NE_0001";"NE_0001";"NE_0001";"NE_0001";"NE_0001";"NE_0001"
"2023";"08";"021304";"ANCASH";"MARISCAL LUZURIAGA";"FIDEL OLIVAS ESCUDERO";"GOBIERNO REGIONAL";"I-1";"00001793";"PUESTO DE SALUD SANASHGAN";"NE_0001";"";"NE_0001";"NE_0001";"NE_0001";"NE_0001";"NE_0001";"NE_0001";"NE_0001"
"2023";"08";"021308";"ANCASH";"MARISCAL LUZURIAGA";"MUSGA";"GOBIERNO REGIONAL";"I-1";"00001792";"PUESTO DE SALUD MUSGA";"NE_0001";"";"NE_0001";"NE_0001";"NE_0001";"NE_0001";"NE_0001";"NE_0001";"NE_0001"
"2023";"08";"021301";"ANCASH";"MARISCAL LUZURIAGA";"PISCOBAMBA";"GOBIERNO REGIONAL";"I-4";"00001783";"CENTRO DE SALUD PISCOBAMBA";"241600";"HOSPITALIZACIÓN QUIRÚRGICA OBSTETRICIA   ";"6";"6";"14";"14";"6";"186";"0"
"2023";"08";"021304";"ANCASH";"MARISCAL LUZURIAGA";"FIDEL OLIVAS ESCUDERO";"GOBIERNO REGIONAL";"I-1";"00001794";"PUESTO DE SALUD PARCO";"NE_0001";"";"NE_0001";"NE_0001";"NE_0001";"NE_0001";"NE_0001";"NE_0001";"NE_0001"
"2023";"08";"021306";"ANCASH";"MARISCAL LUZURIAGA";"LLUMPA";"GOBIERNO REGIONAL";"I-2";"00001789";"PUESTO DE SALUD LLUMPA";"NE_0001";"";"NE_0001";"NE_0001";"NE_0001";"NE_0001";"NE_0001";"NE_0001";"NE_0001"
"2023";"08";"150141";"LIMA";"LIMA";"SURQUILLO";"PRIVADO";"II-E";"00012206";"DETECTA CLINICA";"240000";"HOSPITALIZACIÓN";"141";"136";"290";"126";"18";"330";"1"
"2023";"08";"080910";"CUSCO";"LA CONVENCION";"PICHARI";"GOBIERNO REGIONAL";"I-2";"00007113";"NATIVIDAD";"NE_0001";"";"NE_0001";"NE_0001";"NE_0001";"NE_0001";"NE_0001";"NE_0001";"NE_0001"
"2023";"08";"080910";"CUSCO";"LA CONVENCION";"PICHARI";"GOBIERNO REGIONAL";"I-2";"00002498";"PUERTO MAYO";"NE_0001";"";"NE_0001";"NE_0001";"NE_0001";"NE_0001";"NE_0001";"NE_0001";"NE_0001"
"2023";"08";"080910";"CUSCO";"LA CONVENCION";"PICHARI";"GOBIERNO REGIONAL";"I-4";"00002494";"PICHARI";"NE_0001";"";"NE_0001";"NE_0001";"NE_0001";"NE_0001";"NE_0001";"NE_0001";"NE_0001"
"2023";"08";"080910";"CUSCO";"LA CONVENCION";"PICHARI";"GOBIERNO REGIONAL";"I-1";"00002497";"OTARI";"NE_0001";"";"NE_0001";"NE_0001";"NE_0001";"NE_0001";"NE_0001";"NE_0001";"NE_0001"
"2023";"09";"230302";"TACNA";"JORGE BASADRE";"ILABAYA";"ESSALUD";"I-2";"00010191";"CENTRO DE ATENCION PRIMARIA I   ILABAYA";"NE_0001";"";"NE_0001";"NE_0001";"NE_0001";"NE_0001";"NE_0001";"NE_0001";"NE_0001"
"2023";"09";"230110";"TACNA";"TACNA";"CORONEL GREGORIO ALBARRACIN L.";"ESSALUD";"I-3";"00010222";"CENTRO  DE ATENCION PRIMARIA II ""LUIS PALZA LEVANO""";"NE_0001";"";"NE_0001";"NE_0001";"NE_0001";"NE_0001";"NE_0001";"NE_0001";"NE_0001"
"2023";"09";"120601";"JUNIN";"SATIPO";"SATIPO";"GOBIERNO REGIONAL";"I-2";"00000481";"PARATUSHALI";"NE_0001";"";"NE_0001";"NE_0001";"NE_0001";"NE_0001";"NE_0001";"NE_0001";"NE_0001"
"2023";"09";"120607";"JUNIN";"SATIPO";"RIO NEGRO";"GOBIERNO REGIONAL";"I-2";"00000497";"RIO CHARI ALTO";"NE_0001";"";"NE_0001";"NE_0001";"NE_0001";"NE_0001";"NE_0001";"NE_0001";"NE_0001"
"2023";"09";"120608";"JUNIN";"SATIPO";"RIO TAMBO";"GOBIERNO REGIONAL";"I-2";"00000500";"AOTI";"NE_0001";"";"NE_0001";"NE_0001";"NE_0001";"NE_0001";"NE_0001";"NE_0001";"NE_0001"
"2023";"09";"120607";"JUNIN";"SATIPO";"RIO NEGRO";"GOBIERNO REGIONAL";"I-2";"00000501";"ALTO PITOCUNA";"NE_0001";"";"NE_0001";"NE_0001";"NE_0001";"NE_0001";"NE_0001";"NE_0001";"NE_0001"
"2023";"09";"120601";"JUNIN";"SATIPO";"SATIPO";"GOBIERNO REGIONAL";"I-1";"00010502";"BELLA ESPERANZA";"NE_0001";"";"NE_0001";"NE_0001";"NE_0001";"NE_0001";"NE_0001";"NE_0001";"NE_0001"
"2023";"09";"120607";"JUNIN";"SATIPO";"RIO NEGRO";"GOBIERNO REGIONAL";"I-2";"00000498";"PITOCUNA";"NE_0001";"";"NE_0001";"NE_0001";"NE_0001";"NE_0001";"NE_0001";"NE_0001";"NE_0001"
"2023";"09";"040108";"AREQUIPA";"AREQUIPA";"LA JOYA";"GOBIERNO REGIONAL";"I-1";"00001328";"PUESTO DE SALUD LOS MEDANOS";"NE_0001";"";"NE_0001";"NE_0001";"NE_0001";"NE_0001";"NE_0001";"NE_0001";"NE_0001"
"2023";"09";"040108";"AREQUIPA";"AREQUIPA";"LA JOYA";"GOBIERNO REGIONAL";"I-1";"00001329";"PUESTO DE SALUD BENITO LAZO";"NE_0001";"";"NE_0001";"NE_0001";"NE_0001";"NE_0001";"NE_0001";"NE_0001";"NE_0001"
"2023";"09";"150115";"LIMA";"LIMA";"LA VICTORIA";"MINSA";"III-E";"00006212";"HOSPITAL DE EMERGENCIAS PEDIATRICAS";"240700";"HOSPITALIZACIÓN QUIRÚRGICA CIRUGÍA PEDIÁTRICA ";"29";"18";"94";"173";"6";"192";"0"
"2023";"09";"150115";"LIMA";"LIMA";"LA VICTORIA";"MINSA";"III-E";"00006212";"HOSPITAL DE EMERGENCIAS PEDIATRICAS";"250105";"UNIDAD DE CUIDADOS CRITICOS UNIDAD  DE CUIDADOS INTENSIVOS  (UCI) NEONATOLOGÍA";"3";"4";"81";"90";"4";"120";"1"
"2023";"09";"150115";"LIMA";"LIMA";"LA VICTORIA";"MINSA";"III-E";"00006212";"HOSPITAL DE EMERGENCIAS PEDIATRICAS";"250108";"UNIDAD DE CUIDADOS CRITICOS UNIDAD  DE CUIDADOS INTENSIVOS  (UCI) PEDIÁTRICA";"19";"18";"154";"200";"8";"240";"3"
"2023";"09";"150115";"LIMA";"LIMA";"LA VICTORIA";"MINSA";"III-E";"00006212";"HOSPITAL DE EMERGENCIAS PEDIATRICAS";"240900";"HOSPITALIZACIÓN QUIRÚRGICA NEUROCIRUGÍA ";"20";"11";"93";"116";"6";"180";"0"
"2023";"09";"150115";"LIMA";"LIMA";"LA VICTORIA";"MINSA";"III-E";"00006212";"HOSPITAL DE EMERGENCIAS PEDIATRICAS";"241200";"HOSPITALIZACIÓN QUIRÚRGICA TRAUMATOLOGÍA Y ORTOPEDIA ";"39";"39";"168";"137";"6";"180";"0"
"2023";"09";"150115";"LIMA";"LIMA";"LA VICTORIA";"MINSA";"III-E";"00006212";"HOSPITAL DE EMERGENCIAS PEDIATRICAS";"242300";"HOSPITALIZACIÓN DE PEDIATRÍA  PEDIATRÍA  GENERAL ";"72";"71";"675";"712";"25";"745";"0"
"2023";"09";"040401";"AREQUIPA";"CASTILLA";"APLAO";"GOBIERNO REGIONAL";"I-3";"00024409";"CENTRO DE SALUD MENTAL COMUNITARIO LA REAL C.C.U.";"NE_0001";"";"NE_0001";"NE_0001";"NE_0001";"NE_0001";"NE_0001";"NE_0001";"NE_0001"
"2023";"09";"150106";"LIMA";"LIMA";"CARABAYLLO";"PRIVADO";"I-3";"00017468";"POLICLINICO NIÑO DE LA ESPINA SAC";"NE_0001";"";"NE_0001";"NE_0001";"NE_0001";"NE_0001";"NE_0001";"NE_0001";"NE_0001"
"2023";"09";"220602";"SAN MARTIN";"MARISCAL CACERES";"CAMPANILLA";"GOBIERNO REGIONAL";"I-3";"00006575";"CAMPANILLA";"NE_0001";"";"NE_0001";"NE_0001";"NE_0001";"NE_0001";"NE_0001";"NE_0001";"NE_0001"
"2023";"09";"220602";"SAN MARTIN";"MARISCAL CACERES";"CAMPANILLA";"GOBIERNO REGIONAL";"I-1";"00006579";"NUEVO JAEN";"NE_0001";"";"NE_0001";"NE_0001";"NE_0001";"NE_0001";"NE_0001";"NE_0001";"NE_0001"
"2023";"09";"220602";"SAN MARTIN";"MARISCAL CACERES";"CAMPANILLA";"GOBIERNO REGIONAL";"I-1";"00006577";"SHUMANZA";"NE_0001";"";"NE_0001";"NE_0001";"NE_0001";"NE_0001";"NE_0001";"NE_0001";"NE_0001"
"2023";"09";"220602";"SAN MARTIN";"MARISCAL CACERES";"CAMPANILLA";"GOBIERNO REGIONAL";"I-1";"00006578";"SION";"NE_0001";"";"NE_0001";"NE_0001";"NE_0001";"NE_0001";"NE_0001";"NE_0001";"NE_0001"
"2023";"09";"220602";"SAN MARTIN";"MARISCAL CACERES";"CAMPANILLA";"GOBIERNO REGIONAL";"I-1";"00006576";"BALZAYACU";"NE_0001";"";"NE_0001";"NE_0001";"NE_0001";"NE_0001";"NE_0001";"NE_0001";"NE_0001"
"2023";"09";"220602";"SAN MARTIN";"MARISCAL CACERES";"CAMPANILLA";"GOBIERNO REGIONAL";"I-1";"00006715";"PERLAMAYO";"NE_0001";"";"NE_0001";"NE_0001";"NE_0001";"NE_0001";"NE_0001";"NE_0001";"NE_0001"
"2023";"09";"070101";"CALLAO";"CALLAO";"CALLAO";"GOBIERNO REGIONAL";"I-2";"00006235";"PUESTO DE SALUD MIGUEL GRAU";"NE_0001";"";"NE_0001";"NE_0001";"NE_0001";"NE_0001";"NE_0001";"NE_0001";"NE_0001"
"2023";"09";"070101";"CALLAO";"CALLAO";"CALLAO";"GOBIERNO REGIONAL";"I-2";"00006234";"PUESTO DE SALUD SANTA ROSA";"NE_0001";"";"NE_0001";"NE_0001";"NE_0001";"NE_0001";"NE_0001";"NE_0001";"NE_0001"
"2023";"09";"070101";"CALLAO";"CALLAO";"CALLAO";"GOBIERNO REGIONAL";"I-2";"00025474";"PUESTO DE SALUD JOSE OLAYA";"NE_0001";"";"NE_0001";"NE_0001";"NE_0001";"NE_0001";"NE_0001";"NE_0001";"NE_0001"
"2023";"09";"220401";"SAN MARTIN";"HUALLAGA";"SAPOSOA";"GOBIERNO REGIONAL";"I-1";"00006534";"SAN ANDRES";"NE_0001";"";"NE_0001";"NE_0001";"NE_0001";"NE_0001";"NE_0001";"NE_0001";"NE_0001"
"2023";"09";"220401";"SAN MARTIN";"HUALLAGA";"SAPOSOA";"GOBIERNO REGIONAL";"I-1";"00006535";"SAN REGIS";"NE_0001";"";"NE_0001";"NE_0001";"NE_0001";"NE_0001";"NE_0001";"NE_0001";"NE_0001"
"2023";"09";"220402";"SAN MARTIN";"HUALLAGA";"ALTO SAPOSOA";"GOBIERNO REGIONAL";"I-1";"00006540";"NUEVA VIDA";"NE_0001";"";"NE_0001";"NE_0001";"NE_0001";"NE_0001";"NE_0001";"NE_0001";"NE_0001"
"2023";"09";"220401";"SAN MARTIN";"HUALLAGA";"SAPOSOA";"GOBIERNO REGIONAL";"I-1";"00006531";"ALMENDRAS";"NE_0001";"";"NE_0001";"NE_0001";"NE_0001";"NE_0001";"NE_0001";"NE_0001";"NE_0001"
"2023";"09";"220404";"SAN MARTIN";"HUALLAGA";"PISCOYACU";"GOBIERNO REGIONAL";"I-1";"00006533";"PISCOYACU";"NE_0001";"";"NE_0001";"NE_0001";"NE_0001";"NE_0001";"NE_0001";"NE_0001";"NE_0001"
"2023";"09";"220401";"SAN MARTIN";"HUALLAGA";"SAPOSOA";"GOBIERNO REGIONAL";"I-1";"00021587";"ALTO PACHIZA";"NE_0001";"";"NE_0001";"NE_0001";"NE_0001";"NE_0001";"NE_0001";"NE_0001";"NE_0001"
"2023";"09";"220401";"SAN MARTIN";"HUALLAGA";"SAPOSOA";"GOBIERNO REGIONAL";"I-1";"00006532";"PALTAICO";"NE_0001";"";"NE_0001";"NE_0001";"NE_0001";"NE_0001";"NE_0001";"NE_0001";"NE_0001"
"2023";"09";"220401";"SAN MARTIN";"HUALLAGA";"SAPOSOA";"GOBIERNO REGIONAL";"I-1";"00006530";"7 DE JUNIO-AHUIHUA";"NE_0001";"";"NE_0001";"NE_0001";"NE_0001";"NE_0001";"NE_0001";"NE_0001";"NE_0001"
"2023";"09";"220402";"SAN MARTIN";"HUALLAGA";"ALTO SAPOSOA";"GOBIERNO REGIONAL";"I-1";"00006541";"YACUSISA";"NE_0001";"";"NE_0001";"NE_0001";"NE_0001";"NE_0001";"NE_0001";"NE_0001";"NE_0001"
"2023";"09";"150120";"LIMA";"LIMA";"MAGDALENA DEL MAR";"PRIVADO";"II-E";"00023022";"CLINICA AVANSALUD";"240000";"HOSPITALIZACIÓN";"77";"75";"29";"71";"11";"341";"0"
"2023";"09";"220909";"SAN MARTIN";"SAN MARTIN";"LA BANDA DE SHILCAYO";"GOBIERNO REGIONAL";"I-1";"00006365";"PUESTO DE SALUD BELLO HORIZONTE";"NE_0001";"";"NE_0001";"NE_0001";"NE_0001";"NE_0001";"NE_0001";"NE_0001";"NE_0001"
"2023";"09";"220909";"SAN MARTIN";"SAN MARTIN";"LA BANDA DE SHILCAYO";"GOBIERNO REGIONAL";"I-1";"00006367";"LA UNION (SANIRARCA)";"NE_0001";"";"NE_0001";"NE_0001";"NE_0001";"NE_0001";"NE_0001";"NE_0001";"NE_0001"
"2023";"04";"150132";"LIMA";"LIMA";"SAN JUAN DE LURIGANCHO";"ESSALUD";"II-1";"00008317";"HOSPITAL AURELIO DIAZ UFANO Y PERAL";"240100";"HOSPITALIZACIÓN QUIRÚRGICA CIRUGÍA GENERAL ";"89";"92";"177";"175";"7";"215";"0"
"2023";"04";"150132";"LIMA";"LIMA";"SAN JUAN DE LURIGANCHO";"ESSALUD";"II-1";"00008317";"HOSPITAL AURELIO DIAZ UFANO Y PERAL";"241400";"HOSPITALIZACIÓN QUIRÚRGICA GINECO - OBSTETRICIA ";"22";"26";"56";"45";"2";"63";"0"
"2023";"04";"150132";"LIMA";"LIMA";"SAN JUAN DE LURIGANCHO";"ESSALUD";"II-1";"00008317";"HOSPITAL AURELIO DIAZ UFANO Y PERAL";"241600";"HOSPITALIZACIÓN QUIRÚRGICA OBSTETRICIA   ";"154";"156";"305";"288";"13";"391";"0"
"2023";"04";"150132";"LIMA";"LIMA";"SAN JUAN DE LURIGANCHO";"ESSALUD";"II-1";"00008317";"HOSPITAL AURELIO DIAZ UFANO Y PERAL";"241900";"HOSPITALIZACIÓN DE MEDICINA MEDICINA INTERNA ";"64";"63";"262";"257";"10";"297";"14"
"2023";"04";"150132";"LIMA";"LIMA";"SAN JUAN DE LURIGANCHO";"ESSALUD";"II-1";"00008317";"HOSPITAL AURELIO DIAZ UFANO Y PERAL";"242300";"HOSPITALIZACIÓN DE PEDIATRÍA  PEDIATRÍA  GENERAL ";"61";"64";"160";"153";"8";"236";"0"
"2023";"04";"150132";"LIMA";"LIMA";"SAN JUAN DE LURIGANCHO";"ESSALUD";"II-1";"00008317";"HOSPITAL AURELIO DIAZ UFANO Y PERAL";"243200";"HOSPITALIZACIÓN DE PEDIATRÍA PEDIATRIA NEONATOLOGÍA";"4";"7";"24";"17";"3";"88";"0"
"2023";"03";"100501";"HUANUCO";"HUAMALIES";"LLATA";"GOBIERNO REGIONAL";"I-2";"00000890";"LIBERTAD";"NE_0001";"";"NE_0001";"NE_0001";"NE_0001";"NE_0001";"NE_0001";"NE_0001";"NE_0001"
"2023";"03";"100501";"HUANUCO";"HUAMALIES";"LLATA";"GOBIERNO REGIONAL";"I-2";"00000889";"EL PORVENIR";"NE_0001";"";"NE_0001";"NE_0001";"NE_0001";"NE_0001";"NE_0001";"NE_0001";"NE_0001"
"2023";"03";"100501";"HUANUCO";"HUAMALIES";"LLATA";"GOBIERNO REGIONAL";"I-2";"00000888";"PAMPAS DEL CARMEN";"NE_0001";"";"NE_0001";"NE_0001";"NE_0001";"NE_0001";"NE_0001";"NE_0001";"NE_0001"
"2023";"03";"100501";"HUANUCO";"HUAMALIES";"LLATA";"GOBIERNO REGIONAL";"I-4";"00000887";"LLATA";"241400";"HOSPITALIZACIÓN QUIRÚRGICA GINECO - OBSTETRICIA ";"36";"38";"3";"3";"7";"10";"0"
"2023";"03";"100501";"HUANUCO";"HUAMALIES";"LLATA";"GOBIERNO REGIONAL";"I-4";"00000887";"LLATA";"241800";"HOSPITALIZACIÓN DE MEDICINA MEDICINA GENERAL ";"11";"11";"4";"4";"8";"10";"0"
"2023";"04";"150140";"LIMA";"LIMA";"SANTIAGO DE SURCO";"PRIVADO";"II-2";"00009989";"CLINICA PADRE LUIS TEZZA";"240000";"HOSPITALIZACIÓN";"284";"277";"968";"1192";"62";"1860";"5"
"2023";"04";"190103";"PASCO";"PASCO";"HUARIACA";"ESSALUD";"II-E";"00009749";"HOSPITAL II - E HUARIACA";"241800";"HOSPITALIZACIÓN DE MEDICINA MEDICINA GENERAL ";"22";"23";"122";"151";"8";"240";"0"
"2023";"04";"190103";"PASCO";"PASCO";"HUARIACA";"ESSALUD";"II-E";"00009749";"HOSPITAL II - E HUARIACA";"242100";"HOSPITALIZACIÓN DE MEDICINA ONCOLOGÍA MÉDICA ";"66";"69";"242";"221";"10";"300";"1"
"2023";"04";"190103";"PASCO";"PASCO";"HUARIACA";"ESSALUD";"II-E";"00009749";"HOSPITAL II - E HUARIACA";"242200";"HOSPITALIZACIÓN DE MEDICINA PSIQUIATRÍA ";"6";"7";"188";"1006";"70";"2100";"0"
"2023";"04";"190103";"PASCO";"PASCO";"HUARIACA";"ESSALUD";"II-E";"00009749";"HOSPITAL II - E HUARIACA";"240100";"HOSPITALIZACIÓN QUIRÚRGICA CIRUGÍA GENERAL ";"11";"11";"34";"56";"4";"120";"0"
"2023";"04";"190103";"PASCO";"PASCO";"HUARIACA";"ESSALUD";"II-E";"00009749";"HOSPITAL II - E HUARIACA";"241400";"HOSPITALIZACIÓN QUIRÚRGICA GINECO - OBSTETRICIA ";"7";"7";"19";"16";"2";"60";"0"
"2023";"04";"120606";"JUNIN";"SATIPO";"PANGOA";"GOBIERNO REGIONAL";"I-2";"00000451";"MATERENI";"NE_0001";"";"NE_0001";"NE_0001";"NE_0001";"NE_0001";"NE_0001";"NE_0001";"NE_0001"
"2023";"04";"120606";"JUNIN";"SATIPO";"PANGOA";"GOBIERNO REGIONAL";"I-1";"00021802";"SAN JUAN DE PUEBLO LIBRE";"NE_0001";"";"NE_0001";"NE_0001";"NE_0001";"NE_0001";"NE_0001";"NE_0001";"NE_0001"
"2023";"04";"120606";"JUNIN";"SATIPO";"PANGOA";"GOBIERNO REGIONAL";"I-3";"00000446";"CUBANTIA";"NE_0001";"";"NE_0001";"NE_0001";"NE_0001";"NE_0001";"NE_0001";"NE_0001";"NE_0001"
"2023";"04";"120606";"JUNIN";"SATIPO";"PANGOA";"GOBIERNO REGIONAL";"I-1";"00000449";"MAZARONQUIARI";"NE_0001";"";"NE_0001";"NE_0001";"NE_0001";"NE_0001";"NE_0001";"NE_0001";"NE_0001"
"2023";"04";"120606";"JUNIN";"SATIPO";"PANGOA";"GOBIERNO REGIONAL";"I-1";"00000452";"FORTALEZA";"NE_0001";"";"NE_0001";"NE_0001";"NE_0001";"NE_0001";"NE_0001";"NE_0001";"NE_0001"
"2023";"04";"120606";"JUNIN";"SATIPO";"PANGOA";"GOBIERNO REGIONAL";"I-1";"00021804";"ALTO CHICHIRENI";"NE_0001";"";"NE_0001";"NE_0001";"NE_0001";"NE_0001";"NE_0001";"NE_0001";"NE_0001"
"2023";"04";"120606";"JUNIN";"SATIPO";"PANGOA";"GOBIERNO REGIONAL";"I-1";"00000457";"BOCA KIATARI";"NE_0001";"";"NE_0001";"NE_0001";"NE_0001";"NE_0001";"NE_0001";"NE_0001";"NE_0001"
"2023";"04";"120606";"JUNIN";"SATIPO";"PANGOA";"GOBIERNO REGIONAL";"I-1";"00021801";"SANTA CRUZ DE ANAPATI";"NE_0001";"";"NE_0001";"NE_0001";"NE_0001";"NE_0001";"NE_0001";"NE_0001";"NE_0001"
"2023";"04";"120606";"JUNIN";"SATIPO";"PANGOA";"GOBIERNO REGIONAL";"I-1";"00027800";"MAVENI";"NE_0001";"";"NE_0001";"NE_0001";"NE_0001";"NE_0001";"NE_0001";"NE_0001";"NE_0001"
"2023";"04";"120606";"JUNIN";"SATIPO";"PANGOA";"GOBIERNO REGIONAL";"I-1";"00000454";"CAMPIRUSHARI";"NE_0001";"";"NE_0001";"NE_0001";"NE_0001";"NE_0001";"NE_0001";"NE_0001";"NE_0001"
"2023";"04";"120606";"JUNIN";"SATIPO";"PANGOA";"GOBIERNO REGIONAL";"I-1";"00021805";"SAN JUAN DE SANGARENI";"NE_0001";"";"NE_0001";"NE_0001";"NE_0001";"NE_0001";"NE_0001";"NE_0001";"NE_0001"
"2023";"04";"120606";"JUNIN";"SATIPO";"PANGOA";"GOBIERNO REGIONAL";"I-1";"00021806";"LIBERTAD DE ANAPATI";"NE_0001";"";"NE_0001";"NE_0001";"NE_0001";"NE_0001";"NE_0001";"NE_0001";"NE_0001"
"2023";"04";"120606";"JUNIN";"SATIPO";"PANGOA";"GOBIERNO REGIONAL";"I-1";"00024571";"PUERTO PORVENIR";"NE_0001";"";"NE_0001";"NE_0001";"NE_0001";"NE_0001";"NE_0001";"NE_0001";"NE_0001"
"2023";"04";"120606";"JUNIN";"SATIPO";"PANGOA";"GOBIERNO REGIONAL";"I-1";"00000455";"JERUSALEN DE MIÑARO DE NOMESTSIGUENGA";"NE_0001";"";"NE_0001";"NE_0001";"NE_0001";"NE_0001";"NE_0001";"NE_0001";"NE_0001"
"2023";"04";"120606";"JUNIN";"SATIPO";"PANGOA";"GOBIERNO REGIONAL";"I-1";"00027801";"PUERTO ANAPATI";"NE_0001";"";"NE_0001";"NE_0001";"NE_0001";"NE_0001";"NE_0001";"NE_0001";"NE_0001"
"2023";"04";"150130";"LIMA";"LIMA";"SAN BORJA";"PRIVADO";"II-E";"00011372";"FUTURO VISION";"NE_0001";"";"NE_0001";"NE_0001";"NE_0001";"NE_0001";"NE_0001";"NE_0001";"NE_0001"
"2023";"05";"110101";"ICA";"ICA";"ICA";"GOBIERNO REGIONAL";"II-2";"00003358";"HOSPITAL REGIONAL DE ICA";"240100";"HOSPITALIZACIÓN QUIRÚRGICA CIRUGÍA GENERAL ";"120";"173";"1963";"2622";"63";"1953";"0"
"2023";"05";"110101";"ICA";"ICA";"ICA";"GOBIERNO REGIONAL";"II-2";"00003358";"HOSPITAL REGIONAL DE ICA";"241500";"HOSPITALIZACIÓN QUIRÚRGICA GINECOLOGÍA  ";"64";"68";"231";"276";"15";"465";"0"
"2023";"05";"110101";"ICA";"ICA";"ICA";"GOBIERNO REGIONAL";"II-2";"00003358";"HOSPITAL REGIONAL DE ICA";"241600";"HOSPITALIZACIÓN QUIRÚRGICA OBSTETRICIA   ";"250";"269";"572";"722";"26";"806";"0"
"2023";"05";"110101";"ICA";"ICA";"ICA";"GOBIERNO REGIONAL";"II-2";"00003358";"HOSPITAL REGIONAL DE ICA";"241900";"HOSPITALIZACIÓN DE MEDICINA MEDICINA INTERNA ";"133";"178";"1418";"1555";"134";"4154";"16"
"2023";"05";"110101";"ICA";"ICA";"ICA";"GOBIERNO REGIONAL";"II-2";"00003358";"HOSPITAL REGIONAL DE ICA";"242200";"HOSPITALIZACIÓN DE MEDICINA PSIQUIATRÍA ";"2";"2";"90";"124";"5";"155";"0"
"2023";"05";"110101";"ICA";"ICA";"ICA";"GOBIERNO REGIONAL";"II-2";"00003358";"HOSPITAL REGIONAL DE ICA";"243200";"HOSPITALIZACIÓN DE PEDIATRÍA PEDIATRIA NEONATOLOGÍA";"15";"25";"334";"354";"12";"372";"0"
"2023";"05";"110101";"ICA";"ICA";"ICA";"GOBIERNO REGIONAL";"II-2";"00003358";"HOSPITAL REGIONAL DE ICA";"250103";"UNIDAD DE CUIDADOS CRITICOS UNIDAD  DE CUIDADOS INTENSIVOS GENERALES  (UCI) MEDICINA";"5";"9";"207";"209";"10";"310";"7"
"2023";"05";"110101";"ICA";"ICA";"ICA";"GOBIERNO REGIONAL";"II-2";"00003358";"HOSPITAL REGIONAL DE ICA";"250108";"UNIDAD DE CUIDADOS CRITICOS UNIDAD  DE CUIDADOS INTENSIVOS  (UCI) PEDIÁTRICA";"3";"4";"30";"32";"5";"155";"3"
"2023";"05";"160108";"LORETO";"MAYNAS";"PUNCHANA";"ESSALUD";"I-3";"00011397";"CENTRO DE ATENCION PRIMARIA III PUNCHANA";"NE_0001";"";"NE_0001";"NE_0001";"NE_0001";"NE_0001";"NE_0001";"NE_0001";"NE_0001"
"2023";"05";"130101";"LA LIBERTAD";"TRUJILLO";"TRUJILLO";"PRIVADO";"II-E";"00008044";"OFTALMOVISION";"NE_0001";"";"NE_0001";"NE_0001";"NE_0001";"NE_0001";"NE_0001";"NE_0001";"NE_0001"
"2023";"05";"080602";"CUSCO";"CANCHIS";"CHECACUPE";"GOBIERNO REGIONAL";"I-2";"00002385";"CHECACUPE";"NE_0001";"";"NE_0001";"NE_0001";"NE_0001";"NE_0001";"NE_0001";"NE_0001";"NE_0001"
"2023";"05";"080608";"CUSCO";"CANCHIS";"TINTA";"GOBIERNO REGIONAL";"I-3";"00002397";"TINTA";"NE_0001";"";"NE_0001";"NE_0001";"NE_0001";"NE_0001";"NE_0001";"NE_0001";"NE_0001"
"2023";"05";"080204";"CUSCO";"ACOMAYO";"MOSOC LLACTA";"GOBIERNO REGIONAL";"I-2";"00002320";"MOSOCLLACTA";"NE_0001";"";"NE_0001";"NE_0001";"NE_0001";"NE_0001";"NE_0001";"NE_0001";"NE_0001"
"2023";"05";"080605";"CUSCO";"CANCHIS";"PITUMARCA";"GOBIERNO REGIONAL";"I-3";"00002392";"PITUMARCA";"NE_0001";"";"NE_0001";"NE_0001";"NE_0001";"NE_0001";"NE_0001";"NE_0001";"NE_0001"
"2023";"05";"080603";"CUSCO";"CANCHIS";"COMBAPATA";"GOBIERNO REGIONAL";"I-4";"00002386";"COMBAPATA CANCHIS";"NE_0001";"";"NE_0001";"NE_0001";"NE_0001";"NE_0001";"NE_0001";"NE_0001";"NE_0001"
"2023";"05";"080603";"CUSCO";"CANCHIS";"COMBAPATA";"GOBIERNO REGIONAL";"I-2";"00002387";"CHIARA";"NE_0001";"";"NE_0001";"NE_0001";"NE_0001";"NE_0001";"NE_0001";"NE_0001";"NE_0001"
"2023";"02";"150604";"LIMA";"HUARAL";"AUCALLAMA";"GOBIERNO REGIONAL";"I-3";"00005726";"AUCALLAMA";"NE_0001";"";"NE_0001";"NE_0001";"NE_0001";"NE_0001";"NE_0001";"NE_0001";"NE_0001"
"2023";"05";"050101";"AYACUCHO";"HUAMANGA";"AYACUCHO";"GOBIERNO REGIONAL";"I-3";"00006898";"CENTRO DE  SALUD MOLLEPATA";"NE_0001";"";"NE_0001";"NE_0001";"NE_0001";"NE_0001";"NE_0001";"NE_0001";"NE_0001"
"2023";"05";"050115";"AYACUCHO";"HUAMANGA";"JESUS NAZARENO";"GOBIERNO REGIONAL";"I-2";"00011365";"PUESTO DE SALUD VILLA SAN CRISTOBAL";"NE_0001";"";"NE_0001";"NE_0001";"NE_0001";"NE_0001";"NE_0001";"NE_0001";"NE_0001"
"2023";"05";"050101";"AYACUCHO";"HUAMANGA";"AYACUCHO";"GOBIERNO REGIONAL";"I-3";"00006898";"CENTRO DE  SALUD MOLLEPATA";"NE_0001";"";"NE_0001";"NE_0001";"NE_0001";"NE_0001";"NE_0001";"NE_0001";"NE_0001"
"2023";"05";"050115";"AYACUCHO";"HUAMANGA";"JESUS NAZARENO";"GOBIERNO REGIONAL";"I-2";"00011365";"PUESTO DE SALUD VILLA SAN CRISTOBAL";"NE_0001";"";"NE_0001";"NE_0001";"NE_0001";"NE_0001";"NE_0001";"NE_0001";"NE_0001"
"2023";"05";"050101";"AYACUCHO";"HUAMANGA";"AYACUCHO";"GOBIERNO REGIONAL";"I-3";"00006898";"CENTRO DE  SALUD MOLLEPATA";"NE_0001";"";"NE_0001";"NE_0001";"NE_0001";"NE_0001";"NE_0001";"NE_0001";"NE_0001"
"2023";"05";"050101";"AYACUCHO";"HUAMANGA";"AYACUCHO";"GOBIERNO REGIONAL";"I-4";"00003576";"CENTRO DE SALUD LOS LICENCIADOS";"241600";"HOSPITALIZACIÓN QUIRÚRGICA OBSTETRICIA   ";"19";"19";"39";"3";"7";"10";"0"
"2023";"05";"050115";"AYACUCHO";"HUAMANGA";"JESUS NAZARENO";"GOBIERNO REGIONAL";"I-2";"00011365";"PUESTO DE SALUD VILLA SAN CRISTOBAL";"NE_0001";"";"NE_0001";"NE_0001";"NE_0001";"NE_0001";"NE_0001";"NE_0001";"NE_0001"
"2023";"06";"150112";"LIMA";"LIMA";"INDEPENDENCIA";"SANIDAD DE LA POLICIA NACIONAL DEL PERU";"I-2";"00012741";"POSTA MEDICA POLICIAL INDEPENDENCIA";"NE_0001";"";"NE_0001";"NE_0001";"NE_0001";"NE_0001";"NE_0001";"NE_0001";"NE_0001"
"2023";"06";"021801";"ANCASH";"SANTA";"CHIMBOTE";"SANIDAD DE LA POLICIA NACIONAL DEL PERU";"I-3";"00017690";"POLICLINICO PNP CHIMBOTE";"NE_0001";"";"NE_0001";"NE_0001";"NE_0001";"NE_0001";"NE_0001";"NE_0001";"NE_0001"
"2023";"06";"070104";"CALLAO";"CALLAO";"LA PERLA";"SANIDAD DE LA POLICIA NACIONAL DEL PERU";"I-3";"00010557";"POLICLINICO  POLICIAL CALLAO";"NE_0001";"";"NE_0001";"NE_0001";"NE_0001";"NE_0001";"NE_0001";"NE_0001";"NE_0001"
"2023";"06";"130101";"LA LIBERTAD";"TRUJILLO";"TRUJILLO";"PRIVADO";"II-E";"00021354";"CLINICA LUZ Y VIDA";"NE_0001";"";"NE_0001";"NE_0001";"NE_0001";"NE_0001";"NE_0001";"NE_0001";"NE_0001"
"2023";"06";"200701";"PIURA";"TALARA";"PARIÑAS";"PRIVADO";"II-1";"00011395";"CLINICA VIGO 2000 S. CIVIL DE R.L.";"NE_0002";"";"NE_0002";"NE_0002";"NE_0002";"NE_0002";"NE_0002";"NE_0002";"NE_0002"
"2023";"06";"120604";"JUNIN";"SATIPO";"MAZAMARI";"SANIDAD DE LA POLICIA NACIONAL DEL PERU";"I-2";"00012454";"POSTA MEDICA POLICIAL LOS SINCHIS";"NE_0001";"";"NE_0001";"NE_0001";"NE_0001";"NE_0001";"NE_0001";"NE_0001";"NE_0001"
"2023";"06";"040520";"AREQUIPA";"CAYLLOMA";"MAJES";"GOBIERNO REGIONAL";"I-4";"00001325";"CENTRO DE SALUD  SANDRITA PEREZ EL PEDREGAL";"241600";"HOSPITALIZACIÓN QUIRÚRGICA OBSTETRICIA   ";"7";"7";"7";"7";"6";"23";"0"
"2023";"06";"040120";"AREQUIPA";"AREQUIPA";"SANTA ISABEL DE SIGUAS";"GOBIERNO REGIONAL";"I-1";"00001337";"PUESTO DE SALUD PITAY";"NE_0002";"";"NE_0002";"NE_0002";"NE_0002";"NE_0002";"NE_0002";"NE_0002";"NE_0002"
"2023";"06";"040511";"AREQUIPA";"CAYLLOMA";"LLUTA";"GOBIERNO REGIONAL";"I-2";"00001340";"PUESTO DE SALUD QUERQUE";"NE_0001";"";"NE_0001";"NE_0001";"NE_0001";"NE_0001";"NE_0001";"NE_0001";"NE_0001"
"2023";"06";"150140";"LIMA";"LIMA";"SANTIAGO DE SURCO";"PRIVADO";"II-2";"00009989";"CLINICA PADRE LUIS TEZZA";"240000";"HOSPITALIZACIÓN";"298";"294";"1254";"1335";"62";"1860";"5"
"2023";"06";"150132";"LIMA";"LIMA";"SAN JUAN DE LURIGANCHO";"PRIVADO";"II-E";"00014509";"CLINICA SAN MARTIN";"240000";"HOSPITALIZACIÓN";"0";"0";"0";"360";"12";"360";"0"
"2023";"06";"040101";"AREQUIPA";"AREQUIPA";"AREQUIPA";"ESSALUD";"I-3";"00013297";"POLICLINICO METROPOLITANO ESSALUD";"NE_0001";"";"NE_0001";"NE_0001";"NE_0001";"NE_0001";"NE_0001";"NE_0001";"NE_0001"
"2023";"06";"150132";"LIMA";"LIMA";"SAN JUAN DE LURIGANCHO";"PRIVADO";"II-1";"00009090";"CLINICA "" LIMATAMBO""";"240000";"HOSPITALIZACIÓN";"105";"99";"234";"297";"30";"930";"0"
"2023";"06";"060306";"CAJAMARCA";"CELENDIN";"JOSE GALVEZ";"GOBIERNO REGIONAL";"I-1";"00004486";"FRAYLECOCHA";"NE_0001";"";"NE_0001";"NE_0001";"NE_0001";"NE_0001";"NE_0001";"NE_0001";"NE_0001"
"2023";"06";"060308";"CAJAMARCA";"CELENDIN";"OXAMARCA";"GOBIERNO REGIONAL";"I-1";"00009049";"LA QUINUA";"NE_0001";"";"NE_0001";"NE_0001";"NE_0001";"NE_0001";"NE_0001";"NE_0001";"NE_0001"
"2023";"06";"060308";"CAJAMARCA";"CELENDIN";"OXAMARCA";"GOBIERNO REGIONAL";"I-2";"00004483";"PIOBAMBA";"NE_0001";"";"NE_0001";"NE_0001";"NE_0001";"NE_0001";"NE_0001";"NE_0001";"NE_0001"
"2023";"06";"060308";"CAJAMARCA";"CELENDIN";"OXAMARCA";"GOBIERNO REGIONAL";"I-2";"00004484";"OXAMARCA";"NE_0001";"";"NE_0001";"NE_0001";"NE_0001";"NE_0001";"NE_0001";"NE_0001";"NE_0001"
"2023";"06";"060310";"CAJAMARCA";"CELENDIN";"SUCRE";"GOBIERNO REGIONAL";"I-3";"00004482";"SUCRE";"NE_0001";"";"NE_0001";"NE_0001";"NE_0001";"NE_0001";"NE_0001";"NE_0001";"NE_0001"
"2023";"06";"060310";"CAJAMARCA";"CELENDIN";"SUCRE";"GOBIERNO REGIONAL";"I-1";"00009084";"VIGASPAMPA";"NE_0001";"";"NE_0001";"NE_0001";"NE_0001";"NE_0001";"NE_0001";"NE_0001";"NE_0001"
"2023";"06";"060310";"CAJAMARCA";"CELENDIN";"SUCRE";"GOBIERNO REGIONAL";"I-1";"00004485";"CALCONGA";"NE_0001";"";"NE_0001";"NE_0001";"NE_0001";"NE_0001";"NE_0001";"NE_0001";"NE_0001"
"2023";"06";"060305";"CAJAMARCA";"CELENDIN";"JORGE CHAVEZ";"GOBIERNO REGIONAL";"I-1";"00004487";"JORGE CHAVEZ";"NE_0001";"";"NE_0001";"NE_0001";"NE_0001";"NE_0001";"NE_0001";"NE_0001";"NE_0001"
"2023";"05";"200601";"PIURA";"SULLANA";"SULLANA";"ESSALUD";"I-4";"00010267";"HOSPITAL I ESSALUD-SULLANA";"241800";"HOSPITALIZACIÓN DE MEDICINA MEDICINA GENERAL ";"330";"330";"978";"1114";"37";"1147";"13"
"2023";"05";"200601";"PIURA";"SULLANA";"SULLANA";"ESSALUD";"I-4";"00010267";"HOSPITAL I ESSALUD-SULLANA";"241500";"HOSPITALIZACIÓN QUIRÚRGICA GINECOLOGÍA  ";"1";"1";"3";"5";"1";"31";"0"
"2023";"05";"200601";"PIURA";"SULLANA";"SULLANA";"ESSALUD";"I-4";"00010267";"HOSPITAL I ESSALUD-SULLANA";"242300";"HOSPITALIZACIÓN DE PEDIATRÍA  PEDIATRÍA  GENERAL ";"29";"29";"39";"41";"2";"62";"0"
"2023";"05";"200601";"PIURA";"SULLANA";"SULLANA";"ESSALUD";"I-4";"00010267";"HOSPITAL I ESSALUD-SULLANA";"241600";"HOSPITALIZACIÓN QUIRÚRGICA OBSTETRICIA   ";"4";"4";"17";"2";"1";"31";"0"
"2023";"05";"200601";"PIURA";"SULLANA";"SULLANA";"ESSALUD";"I-4";"00010267";"HOSPITAL I ESSALUD-SULLANA";"240100";"HOSPITALIZACIÓN QUIRÚRGICA CIRUGÍA GENERAL ";"32";"32";"88";"66";"3";"93";"0"
"2023";"07";"140101";"LAMBAYEQUE";"CHICLAYO";"CHICLAYO";"PRIVADO";"I-3";"00008229";"SERVIMEDICOS S.A.C.";"NE_0001";"";"NE_0001";"NE_0001";"NE_0001";"NE_0001";"NE_0001";"NE_0001";"NE_0001"
"2023";"08";"040101";"AREQUIPA";"AREQUIPA";"AREQUIPA";"ESSALUD";"III-1";"00013290";"HOSPITAL NACIONAL III-1 CARLOS ALBERTO SEGUÍN ESCOBEDO";"241900";"HOSPITALIZACIÓN DE MEDICINA MEDICINA INTERNA ";"392";"339";"4756";"4614";"153";"4743";"23"
"2023";"08";"040101";"AREQUIPA";"AREQUIPA";"AREQUIPA";"ESSALUD";"III-1";"00013290";"HOSPITAL NACIONAL III-1 CARLOS ALBERTO SEGUÍN ESCOBEDO";"240200";"HOSPITALIZACIÓN QUIRÚRGICA CIRUGÍA DE CABEZA Y CUELLO / MÁXILO FACIAL ";"43";"43";"248";"188";"7";"217";"1"
"2023";"08";"040101";"AREQUIPA";"AREQUIPA";"AREQUIPA";"ESSALUD";"III-1";"00013290";"HOSPITAL NACIONAL III-1 CARLOS ALBERTO SEGUÍN ESCOBEDO";"240400";"HOSPITALIZACIÓN QUIRÚRGICA CIRUGÍA DE TÓRAX Y CARDIOVASCULAR ";"29";"24";"338";"304";"11";"341";"0"
"2023";"08";"040101";"AREQUIPA";"AREQUIPA";"AREQUIPA";"ESSALUD";"III-1";"00013290";"HOSPITAL NACIONAL III-1 CARLOS ALBERTO SEGUÍN ESCOBEDO";"241000";"HOSPITALIZACIÓN QUIRÚRGICA ONCOLOGÍA QUIRÚRGICA  ";"19";"17";"115";"145";"8";"248";"1"
"2023";"08";"040101";"AREQUIPA";"AREQUIPA";"AREQUIPA";"ESSALUD";"III-1";"00013290";"HOSPITAL NACIONAL III-1 CARLOS ALBERTO SEGUÍN ESCOBEDO";"240800";"HOSPITALIZACIÓN QUIRÚRGICA CIRUGÍA PLÁSTICA/RECONSTRUCTIVA/ REPARADORA ";"21";"20";"446";"302";"10";"310";"0"
"2023";"08";"040101";"AREQUIPA";"AREQUIPA";"AREQUIPA";"ESSALUD";"III-1";"00013290";"HOSPITAL NACIONAL III-1 CARLOS ALBERTO SEGUÍN ESCOBEDO";"240900";"HOSPITALIZACIÓN QUIRÚRGICA NEUROCIRUGÍA ";"40";"36";"583";"434";"14";"434";"1"
"2023";"08";"040101";"AREQUIPA";"AREQUIPA";"AREQUIPA";"ESSALUD";"III-1";"00013290";"HOSPITAL NACIONAL III-1 CARLOS ALBERTO SEGUÍN ESCOBEDO";"240100";"HOSPITALIZACIÓN QUIRÚRGICA CIRUGÍA GENERAL ";"94";"99";"582";"347";"12";"372";"2"
"2023";"08";"040101";"AREQUIPA";"AREQUIPA";"AREQUIPA";"ESSALUD";"III-1";"00013290";"HOSPITAL NACIONAL III-1 CARLOS ALBERTO SEGUÍN ESCOBEDO";"241100";"HOSPITALIZACIÓN QUIRÚRGICA OTORRINOLARINGOLOGÍA  ";"33";"34";"143";"112";"5";"155";"0"
"2023";"08";"040101";"AREQUIPA";"AREQUIPA";"AREQUIPA";"ESSALUD";"III-1";"00013290";"HOSPITAL NACIONAL III-1 CARLOS ALBERTO SEGUÍN ESCOBEDO";"242202";"HOSPITALIZACIÓN DE MEDICINA PSIQUIATRÍA PSIQUIATRÍA DEL ADULTO Y GERONTE";"33";"36";"796";"673";"24";"744";"0"
"2023";"08";"040101";"AREQUIPA";"AREQUIPA";"AREQUIPA";"ESSALUD";"III-1";"00013290";"HOSPITAL NACIONAL III-1 CARLOS ALBERTO SEGUÍN ESCOBEDO";"241200";"HOSPITALIZACIÓN QUIRÚRGICA TRAUMATOLOGÍA Y ORTOPEDIA ";"105";"103";"780";"814";"27";"837";"0"
"2023";"08";"040101";"AREQUIPA";"AREQUIPA";"AREQUIPA";"ESSALUD";"III-1";"00013290";"HOSPITAL NACIONAL III-1 CARLOS ALBERTO SEGUÍN ESCOBEDO";"241300";"HOSPITALIZACIÓN QUIRÚRGICA UROLOGÍA  ";"41";"39";"246";"249";"9";"279";"1"
"2023";"08";"040101";"AREQUIPA";"AREQUIPA";"AREQUIPA";"ESSALUD";"III-1";"00013290";"HOSPITAL NACIONAL III-1 CARLOS ALBERTO SEGUÍN ESCOBEDO";"240100";"HOSPITALIZACIÓN QUIRÚRGICA CIRUGÍA GENERAL ";"140";"142";"948";"862";"29";"899";"1"
"2023";"08";"040101";"AREQUIPA";"AREQUIPA";"AREQUIPA";"ESSALUD";"III-1";"00013290";"HOSPITAL NACIONAL III-1 CARLOS ALBERTO SEGUÍN ESCOBEDO";"241500";"HOSPITALIZACIÓN QUIRÚRGICA GINECOLOGÍA  ";"43";"41";"123";"121";"6";"186";"0"
"2023";"08";"040101";"AREQUIPA";"AREQUIPA";"AREQUIPA";"ESSALUD";"III-1";"00013290";"HOSPITAL NACIONAL III-1 CARLOS ALBERTO SEGUÍN ESCOBEDO";"242300";"HOSPITALIZACIÓN DE PEDIATRÍA  PEDIATRÍA  GENERAL ";"10";"8";"20";"183";"10";"310";"0"
"2023";"08";"040101";"AREQUIPA";"AREQUIPA";"AREQUIPA";"ESSALUD";"III-1";"00013290";"HOSPITAL NACIONAL III-1 CARLOS ALBERTO SEGUÍN ESCOBEDO";"243200";"HOSPITALIZACIÓN DE PEDIATRÍA PEDIATRIA NEONATOLOGÍA";"66";"60";"448";"217";"9";"279";"1"
"2023";"08";"040101";"AREQUIPA";"AREQUIPA";"AREQUIPA";"ESSALUD";"III-1";"00013290";"HOSPITAL NACIONAL III-1 CARLOS ALBERTO SEGUÍN ESCOBEDO";"241600";"HOSPITALIZACIÓN QUIRÚRGICA OBSTETRICIA   ";"108";"113";"436";"406";"16";"496";"0"
"2023";"08";"040101";"AREQUIPA";"AREQUIPA";"AREQUIPA";"ESSALUD";"III-1";"00013290";"HOSPITAL NACIONAL III-1 CARLOS ALBERTO SEGUÍN ESCOBEDO";"241700";"HOSPITALIZACIÓN QUIRÚRGICA GINECOLOGÍA   GINECOLOGIA ONCOLOGiCA";"26";"26";"114";"97";"5";"155";"0"
"2023";"08";"040101";"AREQUIPA";"AREQUIPA";"AREQUIPA";"ESSALUD";"III-1";"00013290";"HOSPITAL NACIONAL III-1 CARLOS ALBERTO SEGUÍN ESCOBEDO";"242300";"HOSPITALIZACIÓN DE PEDIATRÍA  PEDIATRÍA  GENERAL ";"34";"31";"491";"277";"10";"310";"0"
"2023";"08";"040101";"AREQUIPA";"AREQUIPA";"AREQUIPA";"ESSALUD";"III-1";"00013290";"HOSPITAL NACIONAL III-1 CARLOS ALBERTO SEGUÍN ESCOBEDO";"250100";"UNIDAD DE CUIDADOS CRITICOS UNIDAD  DE CUIDADOS INTENSIVOS GENERALES (UCI) ";"102";"108";"2300";"1448";"49";"1519";"10"
"2023";"08";"040101";"AREQUIPA";"AREQUIPA";"AREQUIPA";"ESSALUD";"III-1";"00013290";"HOSPITAL NACIONAL III-1 CARLOS ALBERTO SEGUÍN ESCOBEDO";"250200";"UNIDAD DE CUIDADOS CRITICOS UNIDAD DE CUIDADOS INTERMEDIOS GENERAL  (UCIN) ";"60";"62";"541";"416";"15";"465";"2"
"2023";"08";"021901";"ANCASH";"SIHUAS";"SIHUAS";"ESSALUD";"I-3";"00009203";"CENTRO MEDICO SIHUAS";"NE_0001";"";"NE_0001";"NE_0001";"NE_0001";"NE_0001";"NE_0001";"NE_0001";"NE_0001"
"2023";"08";"040206";"AREQUIPA";"CAMANA";"OCOÑA";"GOBIERNO REGIONAL";"I-3";"00001348";"CENTRO DE SALUD OCOÑA";"NE_0001";"";"NE_0001";"NE_0001";"NE_0001";"NE_0001";"NE_0001";"NE_0001";"NE_0001"
"2023";"08";"040206";"AREQUIPA";"CAMANA";"OCOÑA";"GOBIERNO REGIONAL";"I-2";"00001363";"LA PLANCHADA";"NE_0001";"";"NE_0001";"NE_0001";"NE_0001";"NE_0001";"NE_0001";"NE_0001";"NE_0001"
"2023";"08";"040206";"AREQUIPA";"CAMANA";"OCOÑA";"GOBIERNO REGIONAL";"I-1";"00001364";"PESCADORES";"NE_0001";"";"NE_0001";"NE_0001";"NE_0001";"NE_0001";"NE_0001";"NE_0001";"NE_0001"
"2023";"08";"040203";"AREQUIPA";"CAMANA";"MARIANO NICOLAS VALCARCEL";"GOBIERNO REGIONAL";"I-2";"00001366";"LA EUGENIA";"NE_0001";"";"NE_0001";"NE_0001";"NE_0001";"NE_0001";"NE_0001";"NE_0001";"NE_0001"
"2023";"07";"021809";"ANCASH";"SANTA";"NUEVO CHIMBOTE";"ESSALUD";"I-4";"00009054";"HOSPITAL I CONO SUR";"241800";"HOSPITALIZACIÓN DE MEDICINA MEDICINA GENERAL ";"13";"11";"47";"41";"2";"49";"0"
"2023";"07";"021809";"ANCASH";"SANTA";"NUEVO CHIMBOTE";"ESSALUD";"I-4";"00009054";"HOSPITAL I CONO SUR";"241500";"HOSPITALIZACIÓN QUIRÚRGICA GINECOLOGÍA  ";"10";"10";"31";"31";"1";"31";"0"
"2023";"08";"240302";"TUMBES";"ZARUMILLA";"AGUAS VERDES";"GOBIERNO REGIONAL";"I-1";"00001887";"POCITOS";"NE_0001";"";"NE_0001";"NE_0001";"NE_0001";"NE_0001";"NE_0001";"NE_0001";"NE_0001"
"2023";"07";"250102";"UCAYALI";"CORONEL PORTILLO";"CAMPOVERDE";"GOBIERNO REGIONAL";"I-1";"00025879";"PUESTO DE SALUD AMAKELLA";"NE_0001";"";"NE_0001";"NE_0001";"NE_0001";"NE_0001";"NE_0001";"NE_0001";"NE_0001"
"2023";"07";"250102";"UCAYALI";"CORONEL PORTILLO";"CAMPOVERDE";"GOBIERNO REGIONAL";"I-1";"00021550";"ALTO 9 DE FEBRERO";"NE_0001";"";"NE_0001";"NE_0001";"NE_0001";"NE_0001";"NE_0001";"NE_0001";"NE_0001"
"2023";"07";"250102";"UCAYALI";"CORONEL PORTILLO";"CAMPOVERDE";"GOBIERNO REGIONAL";"I-1";"00012260";"TIERRA BUENA";"NE_0001";"";"NE_0001";"NE_0001";"NE_0001";"NE_0001";"NE_0001";"NE_0001";"NE_0001"
"2023";"07";"250102";"UCAYALI";"CORONEL PORTILLO";"CAMPOVERDE";"GOBIERNO REGIONAL";"I-1";"00011909";"NUEVA TUNUYA";"NE_0001";"";"NE_0001";"NE_0001";"NE_0001";"NE_0001";"NE_0001";"NE_0001";"NE_0001"
"2023";"07";"250102";"UCAYALI";"CORONEL PORTILLO";"CAMPOVERDE";"GOBIERNO REGIONAL";"I-1";"00011626";"NUEVA ESPERANZA";"NE_0001";"";"NE_0001";"NE_0001";"NE_0001";"NE_0001";"NE_0001";"NE_0001";"NE_0001"
"2023";"07";"250102";"UCAYALI";"CORONEL PORTILLO";"CAMPOVERDE";"GOBIERNO REGIONAL";"I-2";"00007081";"LA MERCED DE NESHUYA";"NE_0001";"";"NE_0001";"NE_0001";"NE_0001";"NE_0001";"NE_0001";"NE_0001";"NE_0001"
"2023";"07";"250102";"UCAYALI";"CORONEL PORTILLO";"CAMPOVERDE";"GOBIERNO REGIONAL";"I-1";"00007080";"YERBAS BUENAS";"NE_0001";"";"NE_0001";"NE_0001";"NE_0001";"NE_0001";"NE_0001";"NE_0001";"NE_0001"
"2023";"07";"250102";"UCAYALI";"CORONEL PORTILLO";"CAMPOVERDE";"GOBIERNO REGIONAL";"I-1";"00005441";"SEÑOR DE LOS MILAGROS KM 24";"NE_0001";"";"NE_0001";"NE_0001";"NE_0001";"NE_0001";"NE_0001";"NE_0001";"NE_0001"
"2023";"07";"250102";"UCAYALI";"CORONEL PORTILLO";"CAMPOVERDE";"GOBIERNO REGIONAL";"I-1";"00005440";"LOS PINOS";"NE_0001";"";"NE_0001";"NE_0001";"NE_0001";"NE_0001";"NE_0001";"NE_0001";"NE_0001"
"2023";"07";"250102";"UCAYALI";"CORONEL PORTILLO";"CAMPOVERDE";"GOBIERNO REGIONAL";"I-1";"00005439";"SAN PEDRO KM 47";"NE_0001";"";"NE_0001";"NE_0001";"NE_0001";"NE_0001";"NE_0001";"NE_0001";"NE_0001"
"2023";"07";"250102";"UCAYALI";"CORONEL PORTILLO";"CAMPOVERDE";"GOBIERNO REGIONAL";"I-1";"00005437";"ANTONIO RAYMONDI";"NE_0001";"";"NE_0001";"NE_0001";"NE_0001";"NE_0001";"NE_0001";"NE_0001";"NE_0001"
"2023";"07";"250102";"UCAYALI";"CORONEL PORTILLO";"CAMPOVERDE";"GOBIERNO REGIONAL";"I-1";"00005436";"LA VICTORIA";"NE_0001";"";"NE_0001";"NE_0001";"NE_0001";"NE_0001";"NE_0001";"NE_0001";"NE_0001"
"2023";"07";"250102";"UCAYALI";"CORONEL PORTILLO";"CAMPOVERDE";"GOBIERNO REGIONAL";"I-1";"00005435";"EL PORVENIR KM 25";"NE_0001";"";"NE_0001";"NE_0001";"NE_0001";"NE_0001";"NE_0001";"NE_0001";"NE_0001"
"2023";"07";"250102";"UCAYALI";"CORONEL PORTILLO";"CAMPOVERDE";"GOBIERNO REGIONAL";"I-1";"00005434";"PUESTO DE SALUD  ALTO MANANTAY";"NE_0001";"";"NE_0001";"NE_0001";"NE_0001";"NE_0001";"NE_0001";"NE_0001";"NE_0001"
"2023";"07";"250102";"UCAYALI";"CORONEL PORTILLO";"CAMPOVERDE";"GOBIERNO REGIONAL";"I-1";"00005433";"P.S  LAS MERCEDES KM. 42";"NE_0001";"";"NE_0001";"NE_0001";"NE_0001";"NE_0001";"NE_0001";"NE_0001";"NE_0001"
"2023";"07";"250102";"UCAYALI";"CORONEL PORTILLO";"CAMPOVERDE";"GOBIERNO REGIONAL";"I-2";"00005432";"PIMENTAL";"NE_0001";"";"NE_0001";"NE_0001";"NE_0001";"NE_0001";"NE_0001";"NE_0001";"NE_0001"
"2023";"07";"250102";"UCAYALI";"CORONEL PORTILLO";"CAMPOVERDE";"GOBIERNO REGIONAL";"I-1";"00005431";"SANTA ROSA KM. 50 CFB";"NE_0001";"";"NE_0001";"NE_0001";"NE_0001";"NE_0001";"NE_0001";"NE_0001";"NE_0001"
"2023";"07";"250102";"UCAYALI";"CORONEL PORTILLO";"CAMPOVERDE";"GOBIERNO REGIONAL";"I-1";"00005430";"SAN JOSE KM 26";"NE_0001";"";"NE_0001";"NE_0001";"NE_0001";"NE_0001";"NE_0001";"NE_0001";"NE_0001"
"2023";"07";"250102";"UCAYALI";"CORONEL PORTILLO";"CAMPOVERDE";"GOBIERNO REGIONAL";"I-1";"00005429";"AGUA BLANCA";"NE_0001";"";"NE_0001";"NE_0001";"NE_0001";"NE_0001";"NE_0001";"NE_0001";"NE_0001"
"2023";"07";"250102";"UCAYALI";"CORONEL PORTILLO";"CAMPOVERDE";"GOBIERNO REGIONAL";"I-1";"00005428";"SAN MARTIN DE MOJARAL";"NE_0001";"";"NE_0001";"NE_0001";"NE_0001";"NE_0001";"NE_0001";"NE_0001";"NE_0001"
"2023";"07";"250102";"UCAYALI";"CORONEL PORTILLO";"CAMPOVERDE";"GOBIERNO REGIONAL";"I-1";"00005427";"PUEBLO LIBRE";"NE_0001";"";"NE_0001";"NE_0001";"NE_0001";"NE_0001";"NE_0001";"NE_0001";"NE_0001"
"2023";"07";"250102";"UCAYALI";"CORONEL PORTILLO";"CAMPOVERDE";"GOBIERNO REGIONAL";"I-3";"00005426";"CAMPO VERDE";"NE_0001";"";"NE_0001";"NE_0001";"NE_0001";"NE_0001";"NE_0001";"NE_0001";"NE_0001"
"2023";"08";"100401";"HUANUCO";"HUACAYBAMBA";"HUACAYBAMBA";"GOBIERNO REGIONAL";"I-2";"00000880";"QUICHIRRAGRA";"NE_0001";"";"NE_0001";"NE_0001";"NE_0001";"NE_0001";"NE_0001";"NE_0001";"NE_0001"
"2023";"08";"100401";"HUANUCO";"HUACAYBAMBA";"HUACAYBAMBA";"GOBIERNO REGIONAL";"I-3";"00000877";"CENTRO DE SALUD DE HUACAYBAMBA";"NE_0001";"";"NE_0001";"NE_0001";"NE_0001";"NE_0001";"NE_0001";"NE_0001";"NE_0001"
"2023";"08";"100401";"HUANUCO";"HUACAYBAMBA";"HUACAYBAMBA";"GOBIERNO REGIONAL";"I-1";"00000881";"PUESTO DE SALUD DE RONDOBAMBA";"NE_0001";"";"NE_0001";"NE_0001";"NE_0001";"NE_0001";"NE_0001";"NE_0001";"NE_0001"
"2023";"08";"130702";"LA LIBERTAD";"PACASMAYO";"GUADALUPE";"GOBIERNO REGIONAL";"II-1";"00005292";"HOSPITAL DE APOYO TOMAS LAFORA";"241800";"HOSPITALIZACIÓN DE MEDICINA MEDICINA GENERAL ";"14";"16";"102";"90";"14";"434";"1"
"2023";"08";"130702";"LA LIBERTAD";"PACASMAYO";"GUADALUPE";"GOBIERNO REGIONAL";"II-1";"00005292";"HOSPITAL DE APOYO TOMAS LAFORA";"240100";"HOSPITALIZACIÓN QUIRÚRGICA CIRUGÍA GENERAL ";"25";"30";"129";"114";"12";"372";"0"
"2023";"08";"130702";"LA LIBERTAD";"PACASMAYO";"GUADALUPE";"GOBIERNO REGIONAL";"II-1";"00005292";"HOSPITAL DE APOYO TOMAS LAFORA";"242300";"HOSPITALIZACIÓN DE PEDIATRÍA  PEDIATRÍA  GENERAL ";"4";"3";"11";"8";"4";"124";"0"
"2023";"08";"130702";"LA LIBERTAD";"PACASMAYO";"GUADALUPE";"GOBIERNO REGIONAL";"II-1";"00005292";"HOSPITAL DE APOYO TOMAS LAFORA";"243200";"HOSPITALIZACIÓN DE PEDIATRÍA PEDIATRIA NEONATOLOGÍA";"5";"4";"5";"8";"4";"124";"0"
"2023";"08";"130702";"LA LIBERTAD";"PACASMAYO";"GUADALUPE";"GOBIERNO REGIONAL";"II-1";"00005292";"HOSPITAL DE APOYO TOMAS LAFORA";"241600";"HOSPITALIZACIÓN QUIRÚRGICA OBSTETRICIA   ";"84";"82";"165";"169";"14";"434";"0"
"2023";"08";"130702";"LA LIBERTAD";"PACASMAYO";"GUADALUPE";"GOBIERNO REGIONAL";"II-1";"00005292";"HOSPITAL DE APOYO TOMAS LAFORA";"241500";"HOSPITALIZACIÓN QUIRÚRGICA GINECOLOGÍA  ";"23";"24";"52";"51";"3";"93";"0"
"2023";"08";"150121";"LIMA";"LIMA";"PUEBLO LIBRE";"PRIVADO";"II-2";"00008325";"CLINICA CENTENARIO PERUANO JAPONESA";"242300";"HOSPITALIZACIÓN DE PEDIATRÍA  PEDIATRÍA  GENERAL ";"100";"97";"314";"291";"21";"651";"0"
"2023";"08";"150121";"LIMA";"LIMA";"PUEBLO LIBRE";"PRIVADO";"II-2";"00008325";"CLINICA CENTENARIO PERUANO JAPONESA";"241900";"HOSPITALIZACIÓN DE MEDICINA MEDICINA INTERNA ";"96";"97";"422";"423";"21";"651";"0"
"2023";"08";"150121";"LIMA";"LIMA";"PUEBLO LIBRE";"PRIVADO";"II-2";"00008325";"CLINICA CENTENARIO PERUANO JAPONESA";"241900";"HOSPITALIZACIÓN DE MEDICINA MEDICINA INTERNA ";"77";"78";"443";"420";"21";"651";"3"
"2023";"08";"150121";"LIMA";"LIMA";"PUEBLO LIBRE";"PRIVADO";"II-2";"00008325";"CLINICA CENTENARIO PERUANO JAPONESA";"241600";"HOSPITALIZACIÓN QUIRÚRGICA OBSTETRICIA   ";"59";"61";"158";"147";"11";"341";"0"
"2023";"08";"150121";"LIMA";"LIMA";"PUEBLO LIBRE";"PRIVADO";"II-2";"00008325";"CLINICA CENTENARIO PERUANO JAPONESA";"241900";"HOSPITALIZACIÓN DE MEDICINA MEDICINA INTERNA ";"71";"69";"349";"392";"21";"651";"2"
"2023";"08";"150121";"LIMA";"LIMA";"PUEBLO LIBRE";"PRIVADO";"II-2";"00008325";"CLINICA CENTENARIO PERUANO JAPONESA";"240100";"HOSPITALIZACIÓN QUIRÚRGICA CIRUGÍA GENERAL ";"129";"132";"283";"284";"14";"434";"0"
"2023";"08";"150121";"LIMA";"LIMA";"PUEBLO LIBRE";"PRIVADO";"II-2";"00008325";"CLINICA CENTENARIO PERUANO JAPONESA";"250100";"UNIDAD DE CUIDADOS CRITICOS UNIDAD  DE CUIDADOS INTENSIVOS GENERALES (UCI) ";"34";"35";"127";"129";"8";"248";"10"
"2023";"08";"150121";"LIMA";"LIMA";"PUEBLO LIBRE";"PRIVADO";"II-2";"00008325";"CLINICA CENTENARIO PERUANO JAPONESA";"250200";"UNIDAD DE CUIDADOS CRITICOS UNIDAD DE CUIDADOS INTERMEDIOS GENERAL  (UCIN) ";"29";"27";"78";"113";"6";"186";"1"
"2023";"08";"150121";"LIMA";"LIMA";"PUEBLO LIBRE";"PRIVADO";"II-2";"00008325";"CLINICA CENTENARIO PERUANO JAPONESA";"250105";"UNIDAD DE CUIDADOS CRITICOS UNIDAD  DE CUIDADOS INTENSIVOS  (UCI) NEONATOLOGÍA";"3";"3";"8";"10";"4";"124";"0"
"2023";"08";"150121";"LIMA";"LIMA";"PUEBLO LIBRE";"PRIVADO";"II-2";"00008325";"CLINICA CENTENARIO PERUANO JAPONESA";"250305";"HOSPIT. EN UNIDAD DE CUID.INTEN.-UNIDAD DE VIGILANCIA INTENSIVA (UVI)-NEONATOLOGÍA";"2";"3";"50";"55";"4";"124";"1"
"2023";"09";"150116";"LIMA";"LIMA";"LINCE";"PRIVADO";"II-E";"00015927";"CLINICA DE OJOS D´OPELUCE";"NE_0001";"";"NE_0001";"NE_0001";"NE_0001";"NE_0001";"NE_0001";"NE_0001";"NE_0001"
"2023";"09";"120125";"JUNIN";"HUANCAYO";"PILCOMAYO";"SANIDAD DE LA POLICIA NACIONAL DEL PERU";"I-2";"00025776";"POSTA MEDICA POLICIAL EESTP - HYO";"NE_0001";"";"NE_0001";"NE_0001";"NE_0001";"NE_0001";"NE_0001";"NE_0001";"NE_0001"
"2023";"09";"150135";"LIMA";"LIMA";"SAN MARTIN DE PORRES";"SANIDAD DE LA POLICIA NACIONAL DEL PERU";"I-2";"00012739";"POLICLINICO POLICIAL SAN DIEGO";"NE_0001";"";"NE_0001";"NE_0001";"NE_0001";"NE_0001";"NE_0001";"NE_0001";"NE_0001"
"2023";"09";"080910";"CUSCO";"LA CONVENCION";"PICHARI";"SANIDAD DE LA POLICIA NACIONAL DEL PERU";"I-2";"00027230";"MEDICA POLICIAL PICHARI";"NE_0001";"";"NE_0001";"NE_0001";"NE_0001";"NE_0001";"NE_0001";"NE_0001";"NE_0001"
"2023";"09";"010101";"AMAZONAS";"CHACHAPOYAS";"CHACHAPOYAS";"SANIDAD DE LA POLICIA NACIONAL DEL PERU";"I-3";"00026723";"POLICLINICO POLICIAL CHACHAPOYAS";"NE_0001";"";"NE_0001";"NE_0001";"NE_0001";"NE_0001";"NE_0001";"NE_0001";"NE_0001"
"2023";"09";"130101";"LA LIBERTAD";"TRUJILLO";"TRUJILLO";"SANIDAD DE LA POLICIA NACIONAL DEL PERU";"I-3";"00011154";"SANIDAD DE LA PNP - TRUJILLO";"NE_0001";"";"NE_0001";"NE_0001";"NE_0001";"NE_0001";"NE_0001";"NE_0001";"NE_0001"
"2023";"09";"021801";"ANCASH";"SANTA";"CHIMBOTE";"SANIDAD DE LA POLICIA NACIONAL DEL PERU";"I-3";"00017690";"POLICLINICO PNP CHIMBOTE";"NE_0001";"";"NE_0001";"NE_0001";"NE_0001";"NE_0001";"NE_0001";"NE_0001";"NE_0001"
"2023";"09";"130401";"LA LIBERTAD";"CHEPEN";"CHEPEN";"SANIDAD DE LA POLICIA NACIONAL DEL PERU";"I-1";"00025659";"Puesto de Salud de la Sanidad PNP. Chepén  I - 1";"NE_0001";"";"NE_0001";"NE_0001";"NE_0001";"NE_0001";"NE_0001";"NE_0001";"NE_0001"
"2023";"09";"020101";"ANCASH";"HUARAZ";"HUARAZ";"SANIDAD DE LA POLICIA NACIONAL DEL PERU";"I-3";"00010205";"POLICLINICO PNP HUARAZ";"NE_0001";"";"NE_0001";"NE_0001";"NE_0001";"NE_0001";"NE_0001";"NE_0001";"NE_0001"
"2023";"09";"090206";"HUANCAVELICA";"ACOBAMBA";"PAUCARA";"GOBIERNO REGIONAL";"I-1";"00009696";"PUESTO DE SALUD LIBERTADORES DE CHOPCCA";"NE_0001";"";"NE_0001";"NE_0001";"NE_0001";"NE_0001";"NE_0001";"NE_0001";"NE_0001"
"2023";"09";"090206";"HUANCAVELICA";"ACOBAMBA";"PAUCARA";"GOBIERNO REGIONAL";"I-3";"00003931";"TINQUERCCASA";"NE_0001";"";"NE_0001";"NE_0001";"NE_0001";"NE_0001";"NE_0001";"NE_0001";"NE_0001"
"2023";"09";"090206";"HUANCAVELICA";"ACOBAMBA";"PAUCARA";"GOBIERNO REGIONAL";"I-1";"00003932";"PUESTO DE SALUD HUACHHUA";"NE_0001";"";"NE_0001";"NE_0001";"NE_0001";"NE_0001";"NE_0001";"NE_0001";"NE_0001"
"2023";"08";"060601";"CAJAMARCA";"CUTERVO";"CUTERVO";"GOBIERNO REGIONAL";"I-1";"00008925";"LA LLICA";"NE_0001";"";"NE_0001";"NE_0001";"NE_0001";"NE_0001";"NE_0001";"NE_0001";"NE_0001"
"2023";"08";"060601";"CAJAMARCA";"CUTERVO";"CUTERVO";"GOBIERNO REGIONAL";"I-3";"00006858";"SALOMON VILCHEZ MURGA";"NE_0001";"";"NE_0001";"NE_0001";"NE_0001";"NE_0001";"NE_0001";"NE_0001";"NE_0001"
"2023";"08";"060601";"CAJAMARCA";"CUTERVO";"CUTERVO";"GOBIERNO REGIONAL";"I-2";"00007696";"MAMABAMBA";"NE_0001";"";"NE_0001";"NE_0001";"NE_0001";"NE_0001";"NE_0001";"NE_0001";"NE_0001"
"2023";"08";"060601";"CAJAMARCA";"CUTERVO";"CUTERVO";"GOBIERNO REGIONAL";"I-2";"00004982";"SALABAMBA";"NE_0001";"";"NE_0001";"NE_0001";"NE_0001";"NE_0001";"NE_0001";"NE_0001";"NE_0001"
"2023";"08";"060601";"CAJAMARCA";"CUTERVO";"CUTERVO";"GOBIERNO REGIONAL";"I-1";"00005000";"MUÑUNO";"NE_0001";"";"NE_0001";"NE_0001";"NE_0001";"NE_0001";"NE_0001";"NE_0001";"NE_0001"
"2023";"08";"060601";"CAJAMARCA";"CUTERVO";"CUTERVO";"GOBIERNO REGIONAL";"I-1";"00006834";"LUZPAMPA";"NE_0001";"";"NE_0001";"NE_0001";"NE_0001";"NE_0001";"NE_0001";"NE_0001";"NE_0001"
"2023";"08";"060601";"CAJAMARCA";"CUTERVO";"CUTERVO";"GOBIERNO REGIONAL";"I-1";"00006865";"ADCUÑAC";"NE_0001";"";"NE_0001";"NE_0001";"NE_0001";"NE_0001";"NE_0001";"NE_0001";"NE_0001"
"2023";"08";"060601";"CAJAMARCA";"CUTERVO";"CUTERVO";"GOBIERNO REGIONAL";"I-2";"00006938";"CACHACARA";"NE_0001";"";"NE_0001";"NE_0001";"NE_0001";"NE_0001";"NE_0001";"NE_0001";"NE_0001"
"2023";"08";"060601";"CAJAMARCA";"CUTERVO";"CUTERVO";"GOBIERNO REGIONAL";"I-2";"00004983";"CRUZ ROJA";"NE_0001";"";"NE_0001";"NE_0001";"NE_0001";"NE_0001";"NE_0001";"NE_0001";"NE_0001"
"2023";"08";"060601";"CAJAMARCA";"CUTERVO";"CUTERVO";"GOBIERNO REGIONAL";"I-1";"00004999";"LAS PALMAS DE TINYAYOC";"NE_0001";"";"NE_0001";"NE_0001";"NE_0001";"NE_0001";"NE_0001";"NE_0001";"NE_0001"
"2023";"08";"060601";"CAJAMARCA";"CUTERVO";"CUTERVO";"GOBIERNO REGIONAL";"I-1";"00007098";"YACANCATE";"NE_0001";"";"NE_0001";"NE_0001";"NE_0001";"NE_0001";"NE_0001";"NE_0001";"NE_0001"
"2023";"08";"060601";"CAJAMARCA";"CUTERVO";"CUTERVO";"GOBIERNO REGIONAL";"I-2";"00004984";"VALLE CALLACATE";"NE_0001";"";"NE_0001";"NE_0001";"NE_0001";"NE_0001";"NE_0001";"NE_0001";"NE_0001"
"2023";"08";"060601";"CAJAMARCA";"CUTERVO";"CUTERVO";"GOBIERNO REGIONAL";"I-2";"00004991";"LANCHE";"NE_0001";"";"NE_0001";"NE_0001";"NE_0001";"NE_0001";"NE_0001";"NE_0001";"NE_0001"
"2023";"09";"040129";"AREQUIPA";"AREQUIPA";"JOSE LUIS BUSTAMANTE Y RIVERO";"GOBIERNO REGIONAL";"I-3";"00001257";"CENTRO DE SALUD VICTOR RAUL HINOJOSA LLERENA";"NE_0001";"";"NE_0001";"NE_0001";"NE_0001";"NE_0001";"NE_0001";"NE_0001";"NE_0001"
"2023";"09";"040129";"AREQUIPA";"AREQUIPA";"JOSE LUIS BUSTAMANTE Y RIVERO";"GOBIERNO REGIONAL";"I-3";"00023488";"CENTRO DE SALUD MENTAL COMUNITARIO SIMON BOLIVAR";"NE_0001";"";"NE_0001";"NE_0001";"NE_0001";"NE_0001";"NE_0001";"NE_0001";"NE_0001"
"2023";"09";"040129";"AREQUIPA";"AREQUIPA";"JOSE LUIS BUSTAMANTE Y RIVERO";"GOBIERNO REGIONAL";"I-2";"00001263";"PUESTO DE SALUD 13 DE ENERO";"NE_0001";"";"NE_0001";"NE_0001";"NE_0001";"NE_0001";"NE_0001";"NE_0001";"NE_0001"
"2023";"09";"040129";"AREQUIPA";"AREQUIPA";"JOSE LUIS BUSTAMANTE Y RIVERO";"GOBIERNO REGIONAL";"I-3";"00001264";"CENTRO DE SALUD LAS ESMERALDAS";"NE_0001";"";"NE_0001";"NE_0001";"NE_0001";"NE_0001";"NE_0001";"NE_0001";"NE_0001"
"2023";"09";"040129";"AREQUIPA";"AREQUIPA";"JOSE LUIS BUSTAMANTE Y RIVERO";"GOBIERNO REGIONAL";"I-2";"00001267";"PUESTO DE SALUD CERRO JULI";"NE_0001";"";"NE_0001";"NE_0001";"NE_0001";"NE_0001";"NE_0001";"NE_0001";"NE_0001"
"2023";"09";"120114";"JUNIN";"HUANCAYO";"EL TAMBO";"PRIVADO";"II-E";"00010250";"CLINICA OFTALMOLOGICA DEL CENTRO DEL PERU";"NE_0002";"";"NE_0002";"NE_0002";"NE_0002";"NE_0002";"NE_0002";"NE_0002";"NE_0002"
"2023";"09";"120101";"JUNIN";"HUANCAYO";"HUANCAYO";"ESSALUD";"I-3";"00012190";"CAP III MANTARO";"NE_0001";"";"NE_0001";"NE_0001";"NE_0001";"NE_0001";"NE_0001";"NE_0001";"NE_0001"
"2023";"09";"040122";"AREQUIPA";"AREQUIPA";"SOCABAYA";"GOBIERNO REGIONAL";"I-3";"00030346";"CENTRO DE SALUD MENTAL COMUNITARIO SOCABAYA";"NE_0001";"";"NE_0001";"NE_0001";"NE_0001";"NE_0001";"NE_0001";"NE_0001";"NE_0001"
"2023";"09";"040122";"AREQUIPA";"AREQUIPA";"SOCABAYA";"GOBIERNO REGIONAL";"I-2";"00001269";"PUESTO DE SALUD CIUDAD MI TRABAJO";"NE_0001";"";"NE_0001";"NE_0001";"NE_0001";"NE_0001";"NE_0001";"NE_0001";"NE_0001"
"2023";"09";"040122";"AREQUIPA";"AREQUIPA";"SOCABAYA";"GOBIERNO REGIONAL";"I-3";"00001271";"CENTRO DE SALUD SAN FERNANDO";"NE_0001";"";"NE_0001";"NE_0001";"NE_0001";"NE_0001";"NE_0001";"NE_0001";"NE_0001"
"2023";"09";"040122";"AREQUIPA";"AREQUIPA";"SOCABAYA";"GOBIERNO REGIONAL";"I-2";"00001270";"PUESTO DE SALUD LARA";"NE_0001";"";"NE_0001";"NE_0001";"NE_0001";"NE_0001";"NE_0001";"NE_0001";"NE_0001"
"2023";"09";"040122";"AREQUIPA";"AREQUIPA";"SOCABAYA";"GOBIERNO REGIONAL";"I-2";"00023338";"PUESTO DE SALUD HORACIO ZEBALLOS GÁMEZ";"NE_0001";"";"NE_0001";"NE_0001";"NE_0001";"NE_0001";"NE_0001";"NE_0001";"NE_0001"
"2023";"09";"040122";"AREQUIPA";"AREQUIPA";"SOCABAYA";"GOBIERNO REGIONAL";"I-3";"00001258";"CENTRO DE SALUD SAN MARTIN DE SOCABAYA";"NE_0001";"";"NE_0001";"NE_0001";"NE_0001";"NE_0001";"NE_0001";"NE_0001";"NE_0001"
"2023";"09";"040122";"AREQUIPA";"AREQUIPA";"SOCABAYA";"GOBIERNO REGIONAL";"I-3";"00001268";"CENTRO DE SALUD 4 DE OCTUBRE";"NE_0001";"";"NE_0001";"NE_0001";"NE_0001";"NE_0001";"NE_0001";"NE_0001";"NE_0001"
"2023";"09";"060801";"CAJAMARCA";"JAEN";"JAEN";"GOBIERNO REGIONAL";"I-2";"00010007";"GRANADILLAS";"NE_0001";"";"NE_0001";"NE_0001";"NE_0001";"NE_0001";"NE_0001";"NE_0001";"NE_0001"
"2023";"09";"060801";"CAJAMARCA";"JAEN";"JAEN";"GOBIERNO REGIONAL";"I-1";"00004218";"VISTA ALEGRE  DE ZONANGA";"NE_0001";"";"NE_0001";"NE_0001";"NE_0001";"NE_0001";"NE_0001";"NE_0001";"NE_0001"
"2023";"09";"060801";"CAJAMARCA";"JAEN";"JAEN";"GOBIERNO REGIONAL";"I-1";"00004217";"TABACAL";"NE_0001";"";"NE_0001";"NE_0001";"NE_0001";"NE_0001";"NE_0001";"NE_0001";"NE_0001"
"2023";"09";"120101";"JUNIN";"HUANCAYO";"HUANCAYO";"PRIVADO";"II-E";"00024425";"CLÍNICA MEDICA SALAZAR";"241800";"HOSPITALIZACIÓN DE MEDICINA MEDICINA GENERAL ";"39";"38";"81";"543";"20";"600";"0"
"2023";"09";"120302";"JUNIN";"CHANCHAMAYO";"PERENE";"GOBIERNO REGIONAL";"I-1";"00000338";"SAN CRISTOBAL";"NE_0001";"";"NE_0001";"NE_0001";"NE_0001";"NE_0001";"NE_0001";"NE_0001";"NE_0001"
"2023";"09";"120302";"JUNIN";"CHANCHAMAYO";"PERENE";"GOBIERNO REGIONAL";"I-1";"00000339";"SAN ANTONIO ALTO PICHANAKI";"NE_0001";"";"NE_0001";"NE_0001";"NE_0001";"NE_0001";"NE_0001";"NE_0001";"NE_0001"
"2023";"09";"150121";"LIMA";"LIMA";"PUEBLO LIBRE";"PRIVADO";"II-2";"00010743";"CLINICA STELLA MARIS";"241400";"HOSPITALIZACIÓN QUIRÚRGICA GINECO - OBSTETRICIA ";"43";"39";"100";"97";"16";"480";"0"
"2023";"09";"150121";"LIMA";"LIMA";"PUEBLO LIBRE";"PRIVADO";"II-2";"00010743";"CLINICA STELLA MARIS";"240000";"HOSPITALIZACIÓN";"455";"411";"1474";"1471";"53";"1590";"1"
"2023";"09";"150121";"LIMA";"LIMA";"PUEBLO LIBRE";"PRIVADO";"II-2";"00010743";"CLINICA STELLA MARIS";"243200";"HOSPITALIZACIÓN DE PEDIATRÍA PEDIATRIA NEONATOLOGÍA";"3";"3";"4";"4";"2";"60";"0"
"2023";"09";"150121";"LIMA";"LIMA";"PUEBLO LIBRE";"PRIVADO";"II-2";"00010743";"CLINICA STELLA MARIS";"250100";"UNIDAD DE CUIDADOS CRITICOS UNIDAD  DE CUIDADOS INTENSIVOS GENERALES (UCI) ";"7";"5";"39";"21";"10";"300";"3"
"2023";"09";"150121";"LIMA";"LIMA";"PUEBLO LIBRE";"PRIVADO";"II-2";"00010743";"CLINICA STELLA MARIS";"250200";"UNIDAD DE CUIDADOS CRITICOS UNIDAD DE CUIDADOS INTERMEDIOS GENERAL  (UCIN) ";"24";"20";"99";"111";"5";"150";"0"
"2023";"09";"120101";"JUNIN";"HUANCAYO";"HUANCAYO";"GOBIERNO REGIONAL";"III-E";"00000753";"HOSPITAL REGIONAL DOCENTE CLINICO QUIRURGICO DANIEL ALCIDES CARRION";"241900";"HOSPITALIZACIÓN DE MEDICINA MEDICINA INTERNA ";"120";"105";"1236";"1453";"49";"1470";"16"
"2023";"09";"120101";"JUNIN";"HUANCAYO";"HUANCAYO";"GOBIERNO REGIONAL";"III-E";"00000753";"HOSPITAL REGIONAL DOCENTE CLINICO QUIRURGICO DANIEL ALCIDES CARRION";"242000";"HOSPITALIZACIÓN DE MEDICINA MEDICINA TROPICAL E INFECCIOSAS ";"13";"17";"385";"269";"9";"270";"1"
"2023";"09";"120101";"JUNIN";"HUANCAYO";"HUANCAYO";"GOBIERNO REGIONAL";"III-E";"00000753";"HOSPITAL REGIONAL DOCENTE CLINICO QUIRURGICO DANIEL ALCIDES CARRION";"244000";"HOSPITALIZACIÓN DE MEDICINA CARDIOLOGIA ";"61";"64";"196";"297";"10";"300";"2"
"2023";"09";"120101";"JUNIN";"HUANCAYO";"HUANCAYO";"GOBIERNO REGIONAL";"III-E";"00000753";"HOSPITAL REGIONAL DOCENTE CLINICO QUIRURGICO DANIEL ALCIDES CARRION";"244200";"HOSPITALIZACIÓN DE MEDICINA ENDOCRINOLOGIA ";"17";"18";"231";"84";"8";"240";"0"
"2023";"09";"120101";"JUNIN";"HUANCAYO";"HUANCAYO";"GOBIERNO REGIONAL";"III-E";"00000753";"HOSPITAL REGIONAL DOCENTE CLINICO QUIRURGICO DANIEL ALCIDES CARRION";"244300";"HOSPITALIZACIÓN DE MEDICINA GASTROENTEROLOGÍA  ";"30";"32";"356";"149";"6";"180";"5"
"2023";"09";"120101";"JUNIN";"HUANCAYO";"HUANCAYO";"GOBIERNO REGIONAL";"III-E";"00000753";"HOSPITAL REGIONAL DOCENTE CLINICO QUIRURGICO DANIEL ALCIDES CARRION";"244400";"HOSPITALIZACIÓN DE MEDICINA GERIATRIA ";"12";"13";"237";"60";"6";"180";"7"
"2023";"09";"120101";"JUNIN";"HUANCAYO";"HUANCAYO";"GOBIERNO REGIONAL";"III-E";"00000753";"HOSPITAL REGIONAL DOCENTE CLINICO QUIRURGICO DANIEL ALCIDES CARRION";"245300";"HOSPITALIZACIÓN DE MEDICINA NEUMOLOGÍA  ";"23";"28";"312";"409";"16";"480";"4"
"2023";"09";"120101";"JUNIN";"HUANCAYO";"HUANCAYO";"GOBIERNO REGIONAL";"III-E";"00000753";"HOSPITAL REGIONAL DOCENTE CLINICO QUIRURGICO DANIEL ALCIDES CARRION";"240100";"HOSPITALIZACIÓN QUIRÚRGICA CIRUGÍA GENERAL ";"193";"188";"1204";"1080";"37";"1110";"12"
"2023";"09";"120101";"JUNIN";"HUANCAYO";"HUANCAYO";"GOBIERNO REGIONAL";"III-E";"00000753";"HOSPITAL REGIONAL DOCENTE CLINICO QUIRURGICO DANIEL ALCIDES CARRION";"240200";"HOSPITALIZACIÓN QUIRÚRGICA CIRUGÍA DE CABEZA Y CUELLO / MÁXILO FACIAL ";"19";"18";"114";"213";"8";"240";"0"
"2023";"09";"120101";"JUNIN";"HUANCAYO";"HUANCAYO";"GOBIERNO REGIONAL";"III-E";"00000753";"HOSPITAL REGIONAL DOCENTE CLINICO QUIRURGICO DANIEL ALCIDES CARRION";"240800";"HOSPITALIZACIÓN QUIRÚRGICA CIRUGÍA PLÁSTICA/RECONSTRUCTIVA/ REPARADORA ";"3";"3";"95";"36";"2";"60";"0"
"2023";"09";"120101";"JUNIN";"HUANCAYO";"HUANCAYO";"GOBIERNO REGIONAL";"III-E";"00000753";"HOSPITAL REGIONAL DOCENTE CLINICO QUIRURGICO DANIEL ALCIDES CARRION";"240900";"HOSPITALIZACIÓN QUIRÚRGICA NEUROCIRUGÍA ";"43";"42";"535";"497";"17";"510";"2"
"2023";"09";"120101";"JUNIN";"HUANCAYO";"HUANCAYO";"GOBIERNO REGIONAL";"III-E";"00000753";"HOSPITAL REGIONAL DOCENTE CLINICO QUIRURGICO DANIEL ALCIDES CARRION";"241100";"HOSPITALIZACIÓN QUIRÚRGICA OTORRINOLARINGOLOGÍA  ";"4";"4";"13";"47";"2";"60";"0"
"2023";"09";"120101";"JUNIN";"HUANCAYO";"HUANCAYO";"GOBIERNO REGIONAL";"III-E";"00000753";"HOSPITAL REGIONAL DOCENTE CLINICO QUIRURGICO DANIEL ALCIDES CARRION";"241200";"HOSPITALIZACIÓN QUIRÚRGICA TRAUMATOLOGÍA Y ORTOPEDIA ";"77";"79";"712";"866";"30";"900";"2"
"2023";"09";"120101";"JUNIN";"HUANCAYO";"HUANCAYO";"GOBIERNO REGIONAL";"III-E";"00000753";"HOSPITAL REGIONAL DOCENTE CLINICO QUIRURGICO DANIEL ALCIDES CARRION";"241300";"HOSPITALIZACIÓN QUIRÚRGICA UROLOGÍA  ";"16";"14";"86";"166";"6";"180";"0"
"2023";"09";"120101";"JUNIN";"HUANCAYO";"HUANCAYO";"GOBIERNO REGIONAL";"III-E";"00000753";"HOSPITAL REGIONAL DOCENTE CLINICO QUIRURGICO DANIEL ALCIDES CARRION";"242100";"HOSPITALIZACIÓN DE MEDICINA ONCOLOGÍA MÉDICA ";"11";"15";"191";"154";"8";"240";"4"
"2023";"09";"150132";"LIMA";"LIMA";"SAN JUAN DE LURIGANCHO";"PRIVADO";"II-2";"00008271";"CLINICA SAN JUAN BAUTISTA";"240000";"HOSPITALIZACIÓN";"163";"169";"388";"530";"40";"1200";"0"
"2023";"09";"150132";"LIMA";"LIMA";"SAN JUAN DE LURIGANCHO";"PRIVADO";"II-2";"00008271";"CLINICA SAN JUAN BAUTISTA";"250100";"UNIDAD DE CUIDADOS CRITICOS UNIDAD  DE CUIDADOS INTENSIVOS GENERALES (UCI) ";"21";"22";"59";"70";"7";"210";"1"
"2023";"09";"150121";"LIMA";"LIMA";"PUEBLO LIBRE";"PRIVADO";"II-E";"00011741";"CLÍNICA NORVISION";"NE_0001";"";"NE_0001";"NE_0001";"NE_0001";"NE_0001";"NE_0001";"NE_0001";"NE_0001"
"2023";"09";"220201";"SAN MARTIN";"BELLAVISTA";"BELLAVISTA";"GOBIERNO REGIONAL";"II-E";"00006502";"HOSPITAL BELLAVISTA";"240100";"HOSPITALIZACIÓN QUIRÚRGICA CIRUGÍA GENERAL ";"43";"43";"105";"105";"8";"240";"1"
"2023";"09";"220201";"SAN MARTIN";"BELLAVISTA";"BELLAVISTA";"GOBIERNO REGIONAL";"II-E";"00006502";"HOSPITAL BELLAVISTA";"241500";"HOSPITALIZACIÓN QUIRÚRGICA GINECOLOGÍA  ";"19";"20";"104";"104";"6";"180";"0"
"2023";"09";"220201";"SAN MARTIN";"BELLAVISTA";"BELLAVISTA";"GOBIERNO REGIONAL";"II-E";"00006502";"HOSPITAL BELLAVISTA";"241900";"HOSPITALIZACIÓN DE MEDICINA MEDICINA INTERNA ";"33";"39";"176";"176";"10";"300";"1"
"2023";"09";"220201";"SAN MARTIN";"BELLAVISTA";"BELLAVISTA";"GOBIERNO REGIONAL";"II-E";"00006502";"HOSPITAL BELLAVISTA";"242500";"HOSPITALIZACIÓN-PEDIATRÍA GENERAL-";"14";"16";"54";"54";"6";"180";"0"
"2023";"09";"220201";"SAN MARTIN";"BELLAVISTA";"BELLAVISTA";"GOBIERNO REGIONAL";"II-E";"00006502";"HOSPITAL BELLAVISTA";"243200";"HOSPITALIZACIÓN DE PEDIATRÍA PEDIATRIA NEONATOLOGÍA";"8";"9";"34";"34";"2";"60";"0"
"2023";"09";"120303";"JUNIN";"CHANCHAMAYO";"PICHANAQUI";"GOBIERNO REGIONAL";"II-1";"00000340";"HOSPITAL DE APOYO PICHANAKI";"241800";"HOSPITALIZACIÓN DE MEDICINA MEDICINA GENERAL ";"43";"44";"170";"170";"8";"248";"1"
"2023";"09";"120303";"JUNIN";"CHANCHAMAYO";"PICHANAQUI";"GOBIERNO REGIONAL";"II-1";"00000340";"HOSPITAL DE APOYO PICHANAKI";"240100";"HOSPITALIZACIÓN QUIRÚRGICA CIRUGÍA GENERAL ";"31";"25";"70";"70";"6";"186";"0"
"2023";"09";"120303";"JUNIN";"CHANCHAMAYO";"PICHANAQUI";"GOBIERNO REGIONAL";"II-1";"00000340";"HOSPITAL DE APOYO PICHANAKI";"241200";"HOSPITALIZACIÓN QUIRÚRGICA TRAUMATOLOGÍA Y ORTOPEDIA ";"12";"14";"56";"56";"2";"62";"0"
"2023";"09";"120303";"JUNIN";"CHANCHAMAYO";"PICHANAQUI";"GOBIERNO REGIONAL";"II-1";"00000340";"HOSPITAL DE APOYO PICHANAKI";"242500";"HOSPITALIZACIÓN-PEDIATRÍA GENERAL-";"29";"30";"98";"98";"4";"124";"0"
"2023";"09";"120303";"JUNIN";"CHANCHAMAYO";"PICHANAQUI";"GOBIERNO REGIONAL";"II-1";"00000340";"HOSPITAL DE APOYO PICHANAKI";"241600";"HOSPITALIZACIÓN QUIRÚRGICA OBSTETRICIA   ";"103";"107";"205";"205";"12";"372";"0"
"2023";"09";"120303";"JUNIN";"CHANCHAMAYO";"PICHANAQUI";"GOBIERNO REGIONAL";"II-1";"00000340";"HOSPITAL DE APOYO PICHANAKI";"241400";"HOSPITALIZACIÓN QUIRÚRGICA GINECO - OBSTETRICIA ";"41";"45";"93";"93";"10";"310";"0"
"2023";"09";"080105";"CUSCO";"CUSCO";"SAN SEBASTIAN";"GOBIERNO REGIONAL";"I-2";"00026181";"MENTAL SAN SEBASTIAN";"NE_0001";"";"NE_0001";"NE_0001";"NE_0001";"NE_0001";"NE_0001";"NE_0001";"NE_0001"
"2023";"09";"150137";"LIMA";"LIMA";"SANTA ANITA";"MINSA";"III-1";"00005948";"HOSPITAL HERMILIO VALDIZAN";"242202";"HOSPITALIZACIÓN DE MEDICINA PSIQUIATRÍA PSIQUIATRÍA DEL ADULTO Y GERONTE";"39";"39";"1655";"3116";"159";"4770";"0"
"2023";"09";"150101";"LIMA";"LIMA";"LIMA";"MINSA";"III-1";"00006206";"NACIONAL  DOS DE MAYO";"240100";"HOSPITALIZACIÓN QUIRÚRGICA CIRUGÍA GENERAL ";"277";"288";"1803";"1892";"80";"2400";"2"
"2023";"09";"150101";"LIMA";"LIMA";"LIMA";"MINSA";"III-1";"00006206";"NACIONAL  DOS DE MAYO";"241200";"HOSPITALIZACIÓN QUIRÚRGICA TRAUMATOLOGÍA Y ORTOPEDIA ";"58";"63";"900";"893";"32";"960";"1"
"2023";"09";"150101";"LIMA";"LIMA";"LIMA";"MINSA";"III-1";"00006206";"NACIONAL  DOS DE MAYO";"241300";"HOSPITALIZACIÓN QUIRÚRGICA UROLOGÍA  ";"53";"56";"564";"576";"23";"690";"0"
"2023";"09";"081212";"CUSCO";"QUISPICANCHI";"QUIQUIJANA";"GOBIERNO REGIONAL";"I-4";"00002538";"QUIQUIJANA";"NE_0001";"";"NE_0001";"NE_0001";"NE_0001";"NE_0001";"NE_0001";"NE_0001";"NE_0001"
"2023";"09";"081206";"CUSCO";"QUISPICANCHI";"CUSIPATA";"GOBIERNO REGIONAL";"I-1";"00006980";"CHILLIHUANI";"NE_0001";"";"NE_0001";"NE_0001";"NE_0001";"NE_0001";"NE_0001";"NE_0001";"NE_0001"
"2023";"09";"081212";"CUSCO";"QUISPICANCHI";"QUIQUIJANA";"GOBIERNO REGIONAL";"I-1";"00002539";"CCOLCA";"NE_0001";"";"NE_0001";"NE_0001";"NE_0001";"NE_0001";"NE_0001";"NE_0001";"NE_0001"
"2023";"09";"081201";"CUSCO";"QUISPICANCHI";"URCOS";"GOBIERNO REGIONAL";"I-4";"00002523";"URCOS";"NE_0001";"";"NE_0001";"NE_0001";"NE_0001";"NE_0001";"NE_0001";"NE_0001";"NE_0001"
"2023";"09";"081211";"CUSCO";"QUISPICANCHI";"OROPESA";"GOBIERNO REGIONAL";"I-3";"00002537";"OROPESA";"NE_0001";"";"NE_0001";"NE_0001";"NE_0001";"NE_0001";"NE_0001";"NE_0001";"NE_0001"
"2023";"09";"081207";"CUSCO";"QUISPICANCHI";"HUARO";"GOBIERNO REGIONAL";"I-2";"00002532";"HUARO";"NE_0001";"";"NE_0001";"NE_0001";"NE_0001";"NE_0001";"NE_0001";"NE_0001";"NE_0001"
"2023";"09";"040520";"AREQUIPA";"CAYLLOMA";"MAJES";"GOBIERNO REGIONAL";"II-1";"00016721";"HOSPITAL CENTRAL DE MAJES ING. ANGEL GABRIEL CHURA GALLEGOS";"240100";"HOSPITALIZACIÓN QUIRÚRGICA CIRUGÍA GENERAL ";"44";"42";"152";"282";"8";"240";"0"
"2023";"09";"040520";"AREQUIPA";"CAYLLOMA";"MAJES";"GOBIERNO REGIONAL";"II-1";"00016721";"HOSPITAL CENTRAL DE MAJES ING. ANGEL GABRIEL CHURA GALLEGOS";"241500";"HOSPITALIZACIÓN QUIRÚRGICA GINECOLOGÍA  ";"28";"25";"98";"139";"8";"240";"0"
"2023";"09";"040520";"AREQUIPA";"CAYLLOMA";"MAJES";"GOBIERNO REGIONAL";"II-1";"00016721";"HOSPITAL CENTRAL DE MAJES ING. ANGEL GABRIEL CHURA GALLEGOS";"241800";"HOSPITALIZACIÓN DE MEDICINA MEDICINA GENERAL ";"21";"19";"57";"74";"10";"300";"2"
"2023";"09";"040520";"AREQUIPA";"CAYLLOMA";"MAJES";"GOBIERNO REGIONAL";"II-1";"00016721";"HOSPITAL CENTRAL DE MAJES ING. ANGEL GABRIEL CHURA GALLEGOS";"241600";"HOSPITALIZACIÓN QUIRÚRGICA OBSTETRICIA   ";"113";"118";"182";"274";"11";"330";"0"
"2023";"09";"040520";"AREQUIPA";"CAYLLOMA";"MAJES";"GOBIERNO REGIONAL";"II-1";"00016721";"HOSPITAL CENTRAL DE MAJES ING. ANGEL GABRIEL CHURA GALLEGOS";"242500";"HOSPITALIZACIÓN-PEDIATRÍA GENERAL-";"20";"19";"112";"139";"8";"240";"0"
"2023";"09";"040520";"AREQUIPA";"CAYLLOMA";"MAJES";"GOBIERNO REGIONAL";"II-1";"00016721";"HOSPITAL CENTRAL DE MAJES ING. ANGEL GABRIEL CHURA GALLEGOS";"241200";"HOSPITALIZACIÓN QUIRÚRGICA TRAUMATOLOGÍA Y ORTOPEDIA ";"17";"17";"87";"101";"6";"180";"0"
"2023";"09";"150101";"LIMA";"LIMA";"LIMA";"MINSA";"III-1";"00006206";"NACIONAL  DOS DE MAYO";"241800";"HOSPITALIZACIÓN DE MEDICINA MEDICINA GENERAL ";"383";"476";"5838";"7346";"266";"7980";"31"
"2023";"03";"120113";"JUNIN";"HUANCAYO";"CULLHUAS";"GOBIERNO REGIONAL";"I-1";"00000616";"PIHUAS";"NE_0001";"";"NE_0001";"NE_0001";"NE_0001";"NE_0001";"NE_0001";"NE_0001";"NE_0001"
"2023";"03";"120101";"JUNIN";"HUANCAYO";"HUANCAYO";"PRIVADO";"II-E";"00024425";"CLÍNICA MEDICA SALAZAR";"241800";"HOSPITALIZACIÓN DE MEDICINA MEDICINA GENERAL ";"47";"47";"88";"502";"18";"558";"0"
"2023";"03";"220203";"SAN MARTIN";"BELLAVISTA";"BAJO BIAVO";"GOBIERNO REGIONAL";"I-1";"00006520";"NUEVO TARAPOTO";"NE_0002";"";"NE_0002";"NE_0002";"NE_0002";"NE_0002";"NE_0002";"NE_0002";"NE_0002"
"2023";"03";"220203";"SAN MARTIN";"BELLAVISTA";"BAJO BIAVO";"GOBIERNO REGIONAL";"I-1";"00006523";"SANTA ELENA";"NE_0002";"";"NE_0002";"NE_0002";"NE_0002";"NE_0002";"NE_0002";"NE_0002";"NE_0002"
"2023";"03";"220203";"SAN MARTIN";"BELLAVISTA";"BAJO BIAVO";"GOBIERNO REGIONAL";"I-4";"00006519";"NUEVO LIMA";"241600";"HOSPITALIZACIÓN QUIRÚRGICA OBSTETRICIA   ";"3";"3";"3";"3";"3";"4";"0"
"2023";"03";"220203";"SAN MARTIN";"BELLAVISTA";"BAJO BIAVO";"GOBIERNO REGIONAL";"I-1";"00006522";"LA UNION";"NE_0002";"";"NE_0002";"NE_0002";"NE_0002";"NE_0002";"NE_0002";"NE_0002";"NE_0002"
"2023";"03";"220203";"SAN MARTIN";"BELLAVISTA";"BAJO BIAVO";"GOBIERNO REGIONAL";"I-1";"00006521";"DOS UNIDOS";"NE_0002";"";"NE_0002";"NE_0002";"NE_0002";"NE_0002";"NE_0002";"NE_0002";"NE_0002"
"2023";"03";"220203";"SAN MARTIN";"BELLAVISTA";"BAJO BIAVO";"GOBIERNO REGIONAL";"I-1";"00011343";"YANAYACU";"NE_0002";"";"NE_0002";"NE_0002";"NE_0002";"NE_0002";"NE_0002";"NE_0002";"NE_0002"
"2023";"04";"120502";"JUNIN";"JUNIN";"CARHUAMAYO";"GOBIERNO REGIONAL";"I-3";"00000537";"CARHUAMAYO";"NE_0001";"";"NE_0001";"NE_0001";"NE_0001";"NE_0001";"NE_0001";"NE_0001";"NE_0001"
"2023";"04";"120504";"JUNIN";"JUNIN";"ULCUMAYO";"GOBIERNO REGIONAL";"I-1";"00000538";"LLAUPI";"NE_0001";"";"NE_0001";"NE_0001";"NE_0001";"NE_0001";"NE_0001";"NE_0001";"NE_0001"
"2023";"04";"120504";"JUNIN";"JUNIN";"ULCUMAYO";"GOBIERNO REGIONAL";"I-1";"00000540";"JACHAHUANCA";"NE_0001";"";"NE_0001";"NE_0001";"NE_0001";"NE_0001";"NE_0001";"NE_0001";"NE_0001"
"2023";"04";"120502";"JUNIN";"JUNIN";"CARHUAMAYO";"GOBIERNO REGIONAL";"I-3";"00030166";"CENTRO DE SALUD MENTAL COMUNITARIO CARHUAMAYO";"NE_0001";"";"NE_0001";"NE_0001";"NE_0001";"NE_0001";"NE_0001";"NE_0001";"NE_0001"
"2023";"04";"120501";"JUNIN";"JUNIN";"JUNIN";"GOBIERNO REGIONAL";"I-1";"00000536";"HUAYRE";"NE_0001";"";"NE_0001";"NE_0001";"NE_0001";"NE_0001";"NE_0001";"NE_0001";"NE_0001"
"2023";"04";"120504";"JUNIN";"JUNIN";"ULCUMAYO";"GOBIERNO REGIONAL";"I-1";"00000539";"PUYAY";"NE_0001";"";"NE_0001";"NE_0001";"NE_0001";"NE_0001";"NE_0001";"NE_0001";"NE_0001"
"2023";"04";"120504";"JUNIN";"JUNIN";"ULCUMAYO";"GOBIERNO REGIONAL";"I-1";"00000541";"CARAPACHO";"NE_0001";"";"NE_0001";"NE_0001";"NE_0001";"NE_0001";"NE_0001";"NE_0001";"NE_0001"
"2023";"05";"130111";"LA LIBERTAD";"TRUJILLO";"VICTOR LARCO HERRERA";"PRIVADO";"II-1";"00026935";"CLÍNICA FÁTIMA";"240100";"HOSPITALIZACIÓN QUIRÚRGICA CIRUGÍA GENERAL ";"43";"43";"58";"58";"6";"202";"0"
"2023";"05";"130111";"LA LIBERTAD";"TRUJILLO";"VICTOR LARCO HERRERA";"PRIVADO";"II-1";"00026935";"CLÍNICA FÁTIMA";"241400";"HOSPITALIZACIÓN QUIRÚRGICA GINECO - OBSTETRICIA ";"15";"15";"10";"10";"6";"186";"0"
"2023";"05";"130111";"LA LIBERTAD";"TRUJILLO";"VICTOR LARCO HERRERA";"PRIVADO";"II-1";"00026935";"CLÍNICA FÁTIMA";"241800";"HOSPITALIZACIÓN DE MEDICINA MEDICINA GENERAL ";"9";"8";"9";"36";"4";"124";"0"
"2023";"05";"021801";"ANCASH";"SANTA";"CHIMBOTE";"PRIVADO";"II-1";"00015375";"CLINICA SAN PEDRO";"241800";"HOSPITALIZACIÓN DE MEDICINA MEDICINA GENERAL ";"10";"7";"14";"30";"6";"180";"0"
"2023";"05";"021801";"ANCASH";"SANTA";"CHIMBOTE";"PRIVADO";"II-1";"00015375";"CLINICA SAN PEDRO";"240100";"HOSPITALIZACIÓN QUIRÚRGICA CIRUGÍA GENERAL ";"43";"30";"53";"92";"6";"180";"0"
"2023";"05";"021801";"ANCASH";"SANTA";"CHIMBOTE";"PRIVADO";"II-1";"00015375";"CLINICA SAN PEDRO";"241400";"HOSPITALIZACIÓN QUIRÚRGICA GINECO - OBSTETRICIA ";"43";"27";"34";"138";"6";"180";"0"
"2023";"05";"040101";"AREQUIPA";"AREQUIPA";"AREQUIPA";"PRIVADO";"I-4";"00014765";"CENTRO MEDICO MONTE CARMELO";"240000";"HOSPITALIZACIÓN";"3";"3";"14";"14";"10";"310";"0"
"2023";"07";"160101";"LORETO";"MAYNAS";"IQUITOS";"SANIDAD DEL EJERCITO DEL PERU";"I-4";"00020543";"IPRESS I-4 MILITAR DIVISIONARIO ""SANTA ROSA"" IQUITOS";"241800";"HOSPITALIZACIÓN DE MEDICINA MEDICINA GENERAL ";"5";"2";"14";"70";"20";"600";"0"
"2023";"07";"060611";"CAJAMARCA";"CUTERVO";"SANTA CRUZ";"GOBIERNO REGIONAL";"I-3";"00004977";"SANTA CRUZ DE CUTERVO";"NE_0001";"";"NE_0001";"NE_0001";"NE_0001";"NE_0001";"NE_0001";"NE_0001";"NE_0001"
"2023";"07";"060611";"CAJAMARCA";"CUTERVO";"SANTA CRUZ";"GOBIERNO REGIONAL";"I-1";"00004979";"CAMPO FLORIDO";"NE_0001";"";"NE_0001";"NE_0001";"NE_0001";"NE_0001";"NE_0001";"NE_0001";"NE_0001"
"2023";"07";"060602";"CAJAMARCA";"CUTERVO";"CALLAYUC";"GOBIERNO REGIONAL";"I-2";"00004967";"SECTOR EL CAMPO";"NE_0001";"";"NE_0001";"NE_0001";"NE_0001";"NE_0001";"NE_0001";"NE_0001";"NE_0001"
"2023";"07";"060611";"CAJAMARCA";"CUTERVO";"SANTA CRUZ";"GOBIERNO REGIONAL";"I-1";"00007050";"AMBATO";"NE_0001";"";"NE_0001";"NE_0001";"NE_0001";"NE_0001";"NE_0001";"NE_0001";"NE_0001"
"2023";"07";"060611";"CAJAMARCA";"CUTERVO";"SANTA CRUZ";"GOBIERNO REGIONAL";"I-1";"00011261";"GRAMALOTILLO";"NE_0001";"";"NE_0001";"NE_0001";"NE_0001";"NE_0001";"NE_0001";"NE_0001";"NE_0001"
"2023";"07";"120701";"JUNIN";"TARMA";"TARMA";"GOBIERNO REGIONAL";"II-2";"00000520";"DE APOYO FELIX MAYORCA SOTO";"241800";"HOSPITALIZACIÓN DE MEDICINA MEDICINA GENERAL ";"46";"47";"266";"295";"12";"372";"4"
"2023";"07";"120701";"JUNIN";"TARMA";"TARMA";"GOBIERNO REGIONAL";"II-2";"00000520";"DE APOYO FELIX MAYORCA SOTO";"250103";"UNIDAD DE CUIDADOS CRITICOS UNIDAD  DE CUIDADOS INTENSIVOS GENERALES  (UCI) MEDICINA";"2";"1";"3";"27";"4";"124";"1"
"2023";"07";"120701";"JUNIN";"TARMA";"TARMA";"GOBIERNO REGIONAL";"II-2";"00000520";"DE APOYO FELIX MAYORCA SOTO";"240100";"HOSPITALIZACIÓN QUIRÚRGICA CIRUGÍA GENERAL ";"63";"62";"230";"285";"12";"372";"0"
"2023";"07";"120701";"JUNIN";"TARMA";"TARMA";"GOBIERNO REGIONAL";"II-2";"00000520";"DE APOYO FELIX MAYORCA SOTO";"241200";"HOSPITALIZACIÓN QUIRÚRGICA TRAUMATOLOGÍA Y ORTOPEDIA ";"29";"34";"172";"143";"9";"279";"0"
"2023";"07";"120701";"JUNIN";"TARMA";"TARMA";"GOBIERNO REGIONAL";"II-2";"00000520";"DE APOYO FELIX MAYORCA SOTO";"243200";"HOSPITALIZACIÓN DE PEDIATRÍA PEDIATRIA NEONATOLOGÍA";"9";"12";"91";"39";"2";"62";"0"
"2023";"07";"120701";"JUNIN";"TARMA";"TARMA";"GOBIERNO REGIONAL";"II-2";"00000520";"DE APOYO FELIX MAYORCA SOTO";"250105";"UNIDAD DE CUIDADOS CRITICOS UNIDAD  DE CUIDADOS INTENSIVOS  (UCI) NEONATOLOGÍA";"1";"5";"45";"89";"4";"124";"1"
"2023";"07";"120701";"JUNIN";"TARMA";"TARMA";"GOBIERNO REGIONAL";"II-2";"00000520";"DE APOYO FELIX MAYORCA SOTO";"242500";"HOSPITALIZACIÓN-PEDIATRÍA GENERAL-";"35";"36";"201";"164";"7";"217";"0"
"2023";"07";"120701";"JUNIN";"TARMA";"TARMA";"GOBIERNO REGIONAL";"II-2";"00000520";"DE APOYO FELIX MAYORCA SOTO";"241400";"HOSPITALIZACIÓN QUIRÚRGICA GINECO - OBSTETRICIA ";"120";"119";"338";"339";"15";"465";"0"
"2023";"07";"150103";"LIMA";"LIMA";"ATE";"ESSALUD";"II-1";"00008353";"HOSPITAL II VITARTE - ESSALUD";"241800";"HOSPITALIZACIÓN DE MEDICINA MEDICINA GENERAL ";"87";"105";"908";"900";"30";"930";"6"
"2023";"07";"150103";"LIMA";"LIMA";"ATE";"ESSALUD";"II-1";"00008353";"HOSPITAL II VITARTE - ESSALUD";"240100";"HOSPITALIZACIÓN QUIRÚRGICA CIRUGÍA GENERAL ";"140";"134";"284";"345";"14";"434";"0"
"2023";"07";"150103";"LIMA";"LIMA";"ATE";"ESSALUD";"II-1";"00008353";"HOSPITAL II VITARTE - ESSALUD";"241300";"HOSPITALIZACIÓN QUIRÚRGICA UROLOGÍA  ";"16";"14";"64";"30";"1";"31";"0"
"2023";"07";"150103";"LIMA";"LIMA";"ATE";"ESSALUD";"II-1";"00008353";"HOSPITAL II VITARTE - ESSALUD";"241200";"HOSPITALIZACIÓN QUIRÚRGICA TRAUMATOLOGÍA Y ORTOPEDIA ";"56";"64";"177";"160";"6";"186";"0"
"2023";"07";"150103";"LIMA";"LIMA";"ATE";"ESSALUD";"II-1";"00008353";"HOSPITAL II VITARTE - ESSALUD";"241500";"HOSPITALIZACIÓN QUIRÚRGICA GINECOLOGÍA  ";"46";"50";"121";"185";"6";"186";"0"
"2023";"07";"150103";"LIMA";"LIMA";"ATE";"ESSALUD";"II-1";"00008353";"HOSPITAL II VITARTE - ESSALUD";"242300";"HOSPITALIZACIÓN DE PEDIATRÍA  PEDIATRÍA  GENERAL ";"63";"63";"196";"240";"9";"279";"0"
"2023";"07";"150103";"LIMA";"LIMA";"ATE";"ESSALUD";"II-1";"00008353";"HOSPITAL II VITARTE - ESSALUD";"250100";"UNIDAD DE CUIDADOS CRITICOS UNIDAD  DE CUIDADOS INTENSIVOS GENERALES (UCI) ";"7";"9";"79";"88";"3";"93";"2"
"2023";"07";"150103";"LIMA";"LIMA";"ATE";"ESSALUD";"II-1";"00008353";"HOSPITAL II VITARTE - ESSALUD";"250101";"UNIDAD DE CUIDADOS CRITICOS UNIDAD  DE CUIDADOS INTENSIVOS GENERALES (UCI) CARDIOLOGIA";"7";"8";"43";"91";"3";"93";"2"
"2023";"06";"250106";"UCAYALI";"CORONEL PORTILLO";"NUEVA REQUENA";"GOBIERNO REGIONAL";"I-1";"00005450";"NARANJAL";"NE_0001";"";"NE_0001";"NE_0001";"NE_0001";"NE_0001";"NE_0001";"NE_0001";"NE_0001"
"2023";"06";"250106";"UCAYALI";"CORONEL PORTILLO";"NUEVA REQUENA";"GOBIERNO REGIONAL";"I-1";"00005449";"SHAMBO PORVENIR";"NE_0001";"";"NE_0001";"NE_0001";"NE_0001";"NE_0001";"NE_0001";"NE_0001";"NE_0001"
"2023";"06";"250106";"UCAYALI";"CORONEL PORTILLO";"NUEVA REQUENA";"GOBIERNO REGIONAL";"I-1";"00005448";"MIRAFLORES";"NE_0001";"";"NE_0001";"NE_0001";"NE_0001";"NE_0001";"NE_0001";"NE_0001";"NE_0001"
"2023";"06";"250106";"UCAYALI";"CORONEL PORTILLO";"NUEVA REQUENA";"GOBIERNO REGIONAL";"I-1";"00005447";"ESPERANZA  DE AGUAYTIA";"NE_0001";"";"NE_0001";"NE_0001";"NE_0001";"NE_0001";"NE_0001";"NE_0001";"NE_0001"
"2023";"06";"250106";"UCAYALI";"CORONEL PORTILLO";"NUEVA REQUENA";"GOBIERNO REGIONAL";"I-1";"00005446";"NUEVO PIURA";"NE_0001";"";"NE_0001";"NE_0001";"NE_0001";"NE_0001";"NE_0001";"NE_0001";"NE_0001"
"2023";"06";"250106";"UCAYALI";"CORONEL PORTILLO";"NUEVA REQUENA";"GOBIERNO REGIONAL";"I-1";"00005445";"JUVENTUD";"NE_0001";"";"NE_0001";"NE_0001";"NE_0001";"NE_0001";"NE_0001";"NE_0001";"NE_0001"
"2023";"06";"250102";"UCAYALI";"CORONEL PORTILLO";"CAMPOVERDE";"GOBIERNO REGIONAL";"I-1";"00005444";"SARITA COLONIA";"NE_0001";"";"NE_0001";"NE_0001";"NE_0001";"NE_0001";"NE_0001";"NE_0001";"NE_0001"
"2023";"06";"250106";"UCAYALI";"CORONEL PORTILLO";"NUEVA REQUENA";"GOBIERNO REGIONAL";"I-3";"00005443";"NUEVA REQUENA";"NE_0001";"";"NE_0001";"NE_0001";"NE_0001";"NE_0001";"NE_0001";"NE_0001";"NE_0001"
"2023";"08";"150114";"LIMA";"LIMA";"LA MOLINA";"PRIVADO";"I-2";"00009093";"ARIE";"NE_0002";"";"NE_0002";"NE_0002";"NE_0002";"NE_0002";"NE_0002";"NE_0002";"NE_0002"
"2023";"08";"120101";"JUNIN";"HUANCAYO";"HUANCAYO";"PRIVADO";"II-E";"00008475";"CLINICA OFTALMOLOGICA REGIONAL";"NE_0002";"";"NE_0002";"NE_0002";"NE_0002";"NE_0002";"NE_0002";"NE_0002";"NE_0002"
"2023";"08";"040701";"AREQUIPA";"ISLAY";"MOLLENDO";"SANIDAD DE LA POLICIA NACIONAL DEL PERU";"I-2";"00017336";"IX MACRO REGION DE SANIDAD POLICIAL  AREQUIPA / HOSREPOL AREQUIPA/ POSTA MEDICA POLICIAL ISLAY";"NE_0001";"";"NE_0001";"NE_0001";"NE_0001";"NE_0001";"NE_0001";"NE_0001";"NE_0001"
"2023";"08";"060101";"CAJAMARCA";"CAJAMARCA";"CAJAMARCA";"SANIDAD DE LA POLICIA NACIONAL DEL PERU";"I-3";"00009296";"POLICLINICO PNP CAJAMARCA";"NE_0002";"";"NE_0002";"NE_0002";"NE_0002";"NE_0002";"NE_0002";"NE_0002";"NE_0002"
"2023";"08";"150108";"LIMA";"LIMA";"CHORRILLOS";"ESSALUD";"I-3";"00008438";"POLICLINICO JUAN JOSE RODRIGUEZ LAZO";"NE_0001";"";"NE_0001";"NE_0001";"NE_0001";"NE_0001";"NE_0001";"NE_0001";"NE_0001"
"2023";"08";"200104";"PIURA";"PIURA";"CASTILLA";"SANIDAD DE LA POLICIA NACIONAL DEL PERU";"I-3";"00010679";"POLICLINICO PNP ""ALMIRANTE MIGUEL GRAU""";"241800";"HOSPITALIZACIÓN DE MEDICINA MEDICINA GENERAL ";"2";"2";"2";"2";"13";"401";"0"
"2023";"08";"200301";"PIURA";"HUANCABAMBA";"HUANCABAMBA";"SANIDAD DE LA POLICIA NACIONAL DEL PERU";"I-1";"00010680";"PUESTO SANITARIO PNP HUANCABAMBA";"NE_0002";"";"NE_0002";"NE_0002";"NE_0002";"NE_0002";"NE_0002";"NE_0002";"NE_0002"
"2023";"08";"150122";"LIMA";"LIMA";"MIRAFLORES";"PRIVADO";"II-E";"00019671";"CLINICA RENACER";"NE_0002";"";"NE_0002";"NE_0002";"NE_0002";"NE_0002";"NE_0002";"NE_0002";"NE_0002"
"2023";"08";"150510";"LIMA";"CAÑETE";"NUEVO IMPERIAL";"SANIDAD DE LA POLICIA NACIONAL DEL PERU";"I-3";"00017849";"POLICLINICO POLICIAL CAÑETE";"NE_0001";"";"NE_0001";"NE_0001";"NE_0001";"NE_0001";"NE_0001";"NE_0001";"NE_0001"
"2023";"08";"150140";"LIMA";"LIMA";"SANTIAGO DE SURCO";"PRIVADO";"II-E";"00013064";"CLINICA CEDRON";"240000";"HOSPITALIZACIÓN";"51";"51";"62";"62";"6";"186";"0"
"2023";"08";"220101";"SAN MARTIN";"MOYOBAMBA";"MOYOBAMBA";"GOBIERNO REGIONAL";"II-1";"00006733";"HOSPITAL II-1 MOYOBAMBA - DR. SEGUNDO RODOLFO PÉREZ NIETO";"240100";"HOSPITALIZACIÓN QUIRÚRGICA CIRUGÍA GENERAL ";"77";"82";"231";"231";"8";"248";"0"
"2023";"08";"220101";"SAN MARTIN";"MOYOBAMBA";"MOYOBAMBA";"GOBIERNO REGIONAL";"II-1";"00006733";"HOSPITAL II-1 MOYOBAMBA - DR. SEGUNDO RODOLFO PÉREZ NIETO";"240600";"HOSPITALIZACIÓN QUIRÚRGICA CIRUGÍA OFTALMOLÓGICA ";"24";"24";"25";"25";"1";"31";"0"
"2023";"08";"220101";"SAN MARTIN";"MOYOBAMBA";"MOYOBAMBA";"GOBIERNO REGIONAL";"II-1";"00006733";"HOSPITAL II-1 MOYOBAMBA - DR. SEGUNDO RODOLFO PÉREZ NIETO";"240700";"HOSPITALIZACIÓN QUIRÚRGICA CIRUGÍA PEDIÁTRICA ";"16";"16";"36";"36";"2";"62";"0"
"2023";"08";"220101";"SAN MARTIN";"MOYOBAMBA";"MOYOBAMBA";"GOBIERNO REGIONAL";"II-1";"00006733";"HOSPITAL II-1 MOYOBAMBA - DR. SEGUNDO RODOLFO PÉREZ NIETO";"240900";"HOSPITALIZACIÓN QUIRÚRGICA NEUROCIRUGÍA ";"4";"7";"78";"78";"3";"93";"0"
"2023";"08";"220101";"SAN MARTIN";"MOYOBAMBA";"MOYOBAMBA";"GOBIERNO REGIONAL";"II-1";"00006733";"HOSPITAL II-1 MOYOBAMBA - DR. SEGUNDO RODOLFO PÉREZ NIETO";"241100";"HOSPITALIZACIÓN QUIRÚRGICA OTORRINOLARINGOLOGÍA  ";"10";"10";"13";"13";"1";"31";"0"
"2023";"08";"220101";"SAN MARTIN";"MOYOBAMBA";"MOYOBAMBA";"GOBIERNO REGIONAL";"II-1";"00006733";"HOSPITAL II-1 MOYOBAMBA - DR. SEGUNDO RODOLFO PÉREZ NIETO";"241200";"HOSPITALIZACIÓN QUIRÚRGICA TRAUMATOLOGÍA Y ORTOPEDIA ";"40";"43";"150";"150";"7";"217";"0"
"2023";"08";"220101";"SAN MARTIN";"MOYOBAMBA";"MOYOBAMBA";"GOBIERNO REGIONAL";"II-1";"00006733";"HOSPITAL II-1 MOYOBAMBA - DR. SEGUNDO RODOLFO PÉREZ NIETO";"241300";"HOSPITALIZACIÓN QUIRÚRGICA UROLOGÍA  ";"9";"10";"41";"41";"2";"62";"0"
"2023";"08";"220101";"SAN MARTIN";"MOYOBAMBA";"MOYOBAMBA";"GOBIERNO REGIONAL";"II-1";"00006733";"HOSPITAL II-1 MOYOBAMBA - DR. SEGUNDO RODOLFO PÉREZ NIETO";"241500";"HOSPITALIZACIÓN QUIRÚRGICA GINECOLOGÍA  ";"54";"61";"146";"146";"7";"217";"0"
"2023";"08";"220101";"SAN MARTIN";"MOYOBAMBA";"MOYOBAMBA";"GOBIERNO REGIONAL";"II-1";"00006733";"HOSPITAL II-1 MOYOBAMBA - DR. SEGUNDO RODOLFO PÉREZ NIETO";"241600";"HOSPITALIZACIÓN QUIRÚRGICA OBSTETRICIA   ";"167";"175";"397";"397";"18";"558";"0"
"2023";"08";"220101";"SAN MARTIN";"MOYOBAMBA";"MOYOBAMBA";"GOBIERNO REGIONAL";"II-1";"00006733";"HOSPITAL II-1 MOYOBAMBA - DR. SEGUNDO RODOLFO PÉREZ NIETO";"241700";"HOSPITALIZACIÓN QUIRÚRGICA GINECOLOGÍA   GINECOLOGIA ONCOLOGiCA";"3";"3";"12";"12";"1";"31";"0"
"2023";"08";"220101";"SAN MARTIN";"MOYOBAMBA";"MOYOBAMBA";"GOBIERNO REGIONAL";"II-1";"00006733";"HOSPITAL II-1 MOYOBAMBA - DR. SEGUNDO RODOLFO PÉREZ NIETO";"241900";"HOSPITALIZACIÓN DE MEDICINA MEDICINA INTERNA ";"48";"64";"407";"407";"15";"465";"5"
"2023";"08";"220101";"SAN MARTIN";"MOYOBAMBA";"MOYOBAMBA";"GOBIERNO REGIONAL";"II-1";"00006733";"HOSPITAL II-1 MOYOBAMBA - DR. SEGUNDO RODOLFO PÉREZ NIETO";"242500";"HOSPITALIZACIÓN-PEDIATRÍA GENERAL-";"41";"44";"240";"240";"10";"310";"0"
"2023";"08";"220101";"SAN MARTIN";"MOYOBAMBA";"MOYOBAMBA";"GOBIERNO REGIONAL";"II-1";"00006733";"HOSPITAL II-1 MOYOBAMBA - DR. SEGUNDO RODOLFO PÉREZ NIETO";"243200";"HOSPITALIZACIÓN DE PEDIATRÍA PEDIATRIA NEONATOLOGÍA";"24";"29";"130";"130";"10";"310";"0"
"2023";"08";"220101";"SAN MARTIN";"MOYOBAMBA";"MOYOBAMBA";"GOBIERNO REGIONAL";"II-1";"00006733";"HOSPITAL II-1 MOYOBAMBA - DR. SEGUNDO RODOLFO PÉREZ NIETO";"250103";"UNIDAD DE CUIDADOS CRITICOS UNIDAD  DE CUIDADOS INTENSIVOS GENERALES  (UCI) MEDICINA";"4";"10";"168";"168";"6";"186";"2"
"2023";"08";"220101";"SAN MARTIN";"MOYOBAMBA";"MOYOBAMBA";"GOBIERNO REGIONAL";"II-1";"00006733";"HOSPITAL II-1 MOYOBAMBA - DR. SEGUNDO RODOLFO PÉREZ NIETO";"250105";"UNIDAD DE CUIDADOS CRITICOS UNIDAD  DE CUIDADOS INTENSIVOS  (UCI) NEONATOLOGÍA";"2";"7";"127";"127";"5";"155";"0"
"2023";"08";"220101";"SAN MARTIN";"MOYOBAMBA";"MOYOBAMBA";"GOBIERNO REGIONAL";"II-1";"00006733";"HOSPITAL II-1 MOYOBAMBA - DR. SEGUNDO RODOLFO PÉREZ NIETO";"250106";"UNIDAD DE CUIDADOS CRITICOS UNIDAD  DE CUIDADOS INTENSIVOS  (UCI) NEUROLÓGICA";"1";"1";"14";"14";"1";"31";"0"
"2023";"08";"220101";"SAN MARTIN";"MOYOBAMBA";"MOYOBAMBA";"GOBIERNO REGIONAL";"II-1";"00006733";"HOSPITAL II-1 MOYOBAMBA - DR. SEGUNDO RODOLFO PÉREZ NIETO";"250108";"UNIDAD DE CUIDADOS CRITICOS UNIDAD  DE CUIDADOS INTENSIVOS  (UCI) PEDIÁTRICA";"3";"4";"33";"33";"2";"62";"2"
"2023";"08";"210802";"PUNO";"MELGAR";"ANTAUTA";"ESSALUD";"I-2";"00009898";"POSTA MEDICA SAN RAFAEL - ESSALUD - RED ASISTENCIAL JULIACA";"NE_0001";"";"NE_0001";"NE_0001";"NE_0001";"NE_0001";"NE_0001";"NE_0001";"NE_0001"
"2023";"07";"200501";"PIURA";"PAITA";"PAITA";"GOBIERNO REGIONAL";"II-1";"00002021";"HOSPITAL DE APOYO II - 1 NUESTRA SEÑORA DE LAS MERCEDES - PAITA";"240100";"HOSPITALIZACIÓN QUIRÚRGICA CIRUGÍA GENERAL ";"21";"21";"103";"103";"10";"310";"0"
"2023";"07";"200501";"PIURA";"PAITA";"PAITA";"GOBIERNO REGIONAL";"II-1";"00002021";"HOSPITAL DE APOYO II - 1 NUESTRA SEÑORA DE LAS MERCEDES - PAITA";"241500";"HOSPITALIZACIÓN QUIRÚRGICA GINECOLOGÍA  ";"4";"7";"50";"50";"2";"66";"0"
"2023";"07";"200501";"PIURA";"PAITA";"PAITA";"GOBIERNO REGIONAL";"II-1";"00002021";"HOSPITAL DE APOYO II - 1 NUESTRA SEÑORA DE LAS MERCEDES - PAITA";"241600";"HOSPITALIZACIÓN QUIRÚRGICA OBSTETRICIA   ";"173";"176";"414";"414";"23";"713";"0"
"2023";"07";"200501";"PIURA";"PAITA";"PAITA";"GOBIERNO REGIONAL";"II-1";"00002021";"HOSPITAL DE APOYO II - 1 NUESTRA SEÑORA DE LAS MERCEDES - PAITA";"241900";"HOSPITALIZACIÓN DE MEDICINA MEDICINA INTERNA ";"186";"186";"778";"778";"27";"837";"3"
"2023";"07";"200501";"PIURA";"PAITA";"PAITA";"GOBIERNO REGIONAL";"II-1";"00002021";"HOSPITAL DE APOYO II - 1 NUESTRA SEÑORA DE LAS MERCEDES - PAITA";"242500";"HOSPITALIZACIÓN-PEDIATRÍA GENERAL-";"41";"44";"179";"179";"7";"217";"0"
"2023";"07";"200501";"PIURA";"PAITA";"PAITA";"GOBIERNO REGIONAL";"II-1";"00002021";"HOSPITAL DE APOYO II - 1 NUESTRA SEÑORA DE LAS MERCEDES - PAITA";"243200";"HOSPITALIZACIÓN DE PEDIATRÍA PEDIATRIA NEONATOLOGÍA";"30";"32";"118";"118";"5";"155";"0"
"2023";"08";"200501";"PIURA";"PAITA";"PAITA";"GOBIERNO REGIONAL";"II-1";"00002021";"HOSPITAL DE APOYO II - 1 NUESTRA SEÑORA DE LAS MERCEDES - PAITA";"240100";"HOSPITALIZACIÓN QUIRÚRGICA CIRUGÍA GENERAL ";"77";"67";"256";"256";"10";"322";"0"
"2023";"08";"200501";"PIURA";"PAITA";"PAITA";"GOBIERNO REGIONAL";"II-1";"00002021";"HOSPITAL DE APOYO II - 1 NUESTRA SEÑORA DE LAS MERCEDES - PAITA";"241500";"HOSPITALIZACIÓN QUIRÚRGICA GINECOLOGÍA  ";"7";"7";"44";"44";"2";"62";"0"
"2023";"08";"200501";"PIURA";"PAITA";"PAITA";"GOBIERNO REGIONAL";"II-1";"00002021";"HOSPITAL DE APOYO II - 1 NUESTRA SEÑORA DE LAS MERCEDES - PAITA";"241600";"HOSPITALIZACIÓN QUIRÚRGICA OBSTETRICIA   ";"170";"169";"351";"351";"20";"620";"0"
"2023";"08";"200501";"PIURA";"PAITA";"PAITA";"GOBIERNO REGIONAL";"II-1";"00002021";"HOSPITAL DE APOYO II - 1 NUESTRA SEÑORA DE LAS MERCEDES - PAITA";"241900";"HOSPITALIZACIÓN DE MEDICINA MEDICINA INTERNA ";"113";"119";"591";"546";"17";"546";"4"
"2023";"08";"200501";"PIURA";"PAITA";"PAITA";"GOBIERNO REGIONAL";"II-1";"00002021";"HOSPITAL DE APOYO II - 1 NUESTRA SEÑORA DE LAS MERCEDES - PAITA";"242500";"HOSPITALIZACIÓN-PEDIATRÍA GENERAL-";"38";"36";"126";"141";"7";"218";"0"
"2023";"08";"200501";"PIURA";"PAITA";"PAITA";"GOBIERNO REGIONAL";"II-1";"00002021";"HOSPITAL DE APOYO II - 1 NUESTRA SEÑORA DE LAS MERCEDES - PAITA";"243200";"HOSPITALIZACIÓN DE PEDIATRÍA PEDIATRIA NEONATOLOGÍA";"21";"18";"36";"45";"5";"155";"0"
"2023";"08";"150142";"LIMA";"LIMA";"VILLA EL SALVADOR";"ESSALUD";"II-1";"00008741";"ULDARICO ROCCA FERNANDEZ";"241800";"HOSPITALIZACIÓN DE MEDICINA MEDICINA GENERAL ";"72";"66";"303";"285";"16";"496";"0"
"2023";"08";"150142";"LIMA";"LIMA";"VILLA EL SALVADOR";"ESSALUD";"II-1";"00008741";"ULDARICO ROCCA FERNANDEZ";"240100";"HOSPITALIZACIÓN QUIRÚRGICA CIRUGÍA GENERAL ";"124";"129";"299";"275";"15";"465";"0"
"2023";"04";"220101";"SAN MARTIN";"MOYOBAMBA";"MOYOBAMBA";"GOBIERNO REGIONAL";"II-1";"00006733";"HOSPITAL II-1 MOYOBAMBA - DR. SEGUNDO RODOLFO PÉREZ NIETO";"240100";"HOSPITALIZACIÓN QUIRÚRGICA CIRUGÍA GENERAL ";"66";"78";"280";"280";"11";"330";"0"
"2023";"04";"220101";"SAN MARTIN";"MOYOBAMBA";"MOYOBAMBA";"GOBIERNO REGIONAL";"II-1";"00006733";"HOSPITAL II-1 MOYOBAMBA - DR. SEGUNDO RODOLFO PÉREZ NIETO";"240600";"HOSPITALIZACIÓN QUIRÚRGICA CIRUGÍA OFTALMOLÓGICA ";"28";"28";"28";"28";"1";"30";"0"
"2023";"04";"220101";"SAN MARTIN";"MOYOBAMBA";"MOYOBAMBA";"GOBIERNO REGIONAL";"II-1";"00006733";"HOSPITAL II-1 MOYOBAMBA - DR. SEGUNDO RODOLFO PÉREZ NIETO";"240700";"HOSPITALIZACIÓN QUIRÚRGICA CIRUGÍA PEDIÁTRICA ";"9";"9";"13";"13";"1";"30";"0"
"2023";"04";"220101";"SAN MARTIN";"MOYOBAMBA";"MOYOBAMBA";"GOBIERNO REGIONAL";"II-1";"00006733";"HOSPITAL II-1 MOYOBAMBA - DR. SEGUNDO RODOLFO PÉREZ NIETO";"240900";"HOSPITALIZACIÓN QUIRÚRGICA NEUROCIRUGÍA ";"5";"6";"44";"44";"2";"60";"0"
"2023";"04";"220101";"SAN MARTIN";"MOYOBAMBA";"MOYOBAMBA";"GOBIERNO REGIONAL";"II-1";"00006733";"HOSPITAL II-1 MOYOBAMBA - DR. SEGUNDO RODOLFO PÉREZ NIETO";"241100";"HOSPITALIZACIÓN QUIRÚRGICA OTORRINOLARINGOLOGÍA  ";"13";"13";"14";"14";"1";"30";"0"
"2023";"04";"220101";"SAN MARTIN";"MOYOBAMBA";"MOYOBAMBA";"GOBIERNO REGIONAL";"II-1";"00006733";"HOSPITAL II-1 MOYOBAMBA - DR. SEGUNDO RODOLFO PÉREZ NIETO";"241200";"HOSPITALIZACIÓN QUIRÚRGICA TRAUMATOLOGÍA Y ORTOPEDIA ";"36";"38";"139";"139";"5";"150";"0"
"2023";"04";"220101";"SAN MARTIN";"MOYOBAMBA";"MOYOBAMBA";"GOBIERNO REGIONAL";"II-1";"00006733";"HOSPITAL II-1 MOYOBAMBA - DR. SEGUNDO RODOLFO PÉREZ NIETO";"241300";"HOSPITALIZACIÓN QUIRÚRGICA UROLOGÍA  ";"2";"2";"4";"4";"1";"30";"0"
"2023";"04";"220101";"SAN MARTIN";"MOYOBAMBA";"MOYOBAMBA";"GOBIERNO REGIONAL";"II-1";"00006733";"HOSPITAL II-1 MOYOBAMBA - DR. SEGUNDO RODOLFO PÉREZ NIETO";"241500";"HOSPITALIZACIÓN QUIRÚRGICA GINECOLOGÍA  ";"45";"48";"124";"124";"7";"210";"0"
"2023";"04";"220101";"SAN MARTIN";"MOYOBAMBA";"MOYOBAMBA";"GOBIERNO REGIONAL";"II-1";"00006733";"HOSPITAL II-1 MOYOBAMBA - DR. SEGUNDO RODOLFO PÉREZ NIETO";"241600";"HOSPITALIZACIÓN QUIRÚRGICA OBSTETRICIA   ";"184";"193";"494";"494";"19";"570";"0"
"2023";"04";"220101";"SAN MARTIN";"MOYOBAMBA";"MOYOBAMBA";"GOBIERNO REGIONAL";"II-1";"00006733";"HOSPITAL II-1 MOYOBAMBA - DR. SEGUNDO RODOLFO PÉREZ NIETO";"241700";"HOSPITALIZACIÓN QUIRÚRGICA GINECOLOGÍA   GINECOLOGIA ONCOLOGiCA";"3";"3";"15";"15";"1";"30";"0"
"2023";"04";"220101";"SAN MARTIN";"MOYOBAMBA";"MOYOBAMBA";"GOBIERNO REGIONAL";"II-1";"00006733";"HOSPITAL II-1 MOYOBAMBA - DR. SEGUNDO RODOLFO PÉREZ NIETO";"241900";"HOSPITALIZACIÓN DE MEDICINA MEDICINA INTERNA ";"72";"87";"431";"431";"16";"480";"11"
"2023";"04";"220101";"SAN MARTIN";"MOYOBAMBA";"MOYOBAMBA";"GOBIERNO REGIONAL";"II-1";"00006733";"HOSPITAL II-1 MOYOBAMBA - DR. SEGUNDO RODOLFO PÉREZ NIETO";"242500";"HOSPITALIZACIÓN-PEDIATRÍA GENERAL-";"50";"58";"215";"215";"10";"300";"0"
"2023";"04";"220101";"SAN MARTIN";"MOYOBAMBA";"MOYOBAMBA";"GOBIERNO REGIONAL";"II-1";"00006733";"HOSPITAL II-1 MOYOBAMBA - DR. SEGUNDO RODOLFO PÉREZ NIETO";"243200";"HOSPITALIZACIÓN DE PEDIATRÍA PEDIATRIA NEONATOLOGÍA";"91";"98";"284";"284";"10";"300";"0"
"2023";"04";"220101";"SAN MARTIN";"MOYOBAMBA";"MOYOBAMBA";"GOBIERNO REGIONAL";"II-1";"00006733";"HOSPITAL II-1 MOYOBAMBA - DR. SEGUNDO RODOLFO PÉREZ NIETO";"250102";"UNIDAD DE CUIDADOS CRITICOS UNIDAD  DE CUIDADOS INTENSIVOS GENERALES (UCI) GINECO-OBSTETRICIA";"1";"1";"4";"4";"1";"30";"0"
"2023";"04";"220101";"SAN MARTIN";"MOYOBAMBA";"MOYOBAMBA";"GOBIERNO REGIONAL";"II-1";"00006733";"HOSPITAL II-1 MOYOBAMBA - DR. SEGUNDO RODOLFO PÉREZ NIETO";"250103";"UNIDAD DE CUIDADOS CRITICOS UNIDAD  DE CUIDADOS INTENSIVOS GENERALES  (UCI) MEDICINA";"2";"6";"69";"69";"4";"120";"3"
"2023";"04";"220101";"SAN MARTIN";"MOYOBAMBA";"MOYOBAMBA";"GOBIERNO REGIONAL";"II-1";"00006733";"HOSPITAL II-1 MOYOBAMBA - DR. SEGUNDO RODOLFO PÉREZ NIETO";"250105";"UNIDAD DE CUIDADOS CRITICOS UNIDAD  DE CUIDADOS INTENSIVOS  (UCI) NEONATOLOGÍA";"4";"9";"117";"117";"7";"210";"3"
"2023";"04";"220101";"SAN MARTIN";"MOYOBAMBA";"MOYOBAMBA";"GOBIERNO REGIONAL";"II-1";"00006733";"HOSPITAL II-1 MOYOBAMBA - DR. SEGUNDO RODOLFO PÉREZ NIETO";"250108";"UNIDAD DE CUIDADOS CRITICOS UNIDAD  DE CUIDADOS INTENSIVOS  (UCI) PEDIÁTRICA";"1";"1";"3";"3";"1";"30";"0"
"2023";"06";"190113";"PASCO";"PASCO";"YANACANCHA";"SANIDAD DE LA POLICIA NACIONAL DEL PERU";"I-2";"00011773";"POSTA MEDICA PNP CERRO DE PASCO";"NE_0001";"";"NE_0001";"NE_0001";"NE_0001";"NE_0001";"NE_0001";"NE_0001";"NE_0001"
"2023";"06";"220908";"SAN MARTIN";"SAN MARTIN";"JUAN GUERRA";"GOBIERNO REGIONAL";"I-1";"00006379";"YACUCATINA";"NE_0002";"";"NE_0002";"NE_0002";"NE_0002";"NE_0002";"NE_0002";"NE_0002";"NE_0002"
"2023";"06";"220914";"SAN MARTIN";"SAN MARTIN";"SHAPAJA";"GOBIERNO REGIONAL";"I-2";"00006375";"SHAPAJA";"NE_0002";"";"NE_0002";"NE_0002";"NE_0002";"NE_0002";"NE_0002";"NE_0002";"NE_0002"
"2023";"06";"220902";"SAN MARTIN";"SAN MARTIN";"ALBERTO LEVEAU";"GOBIERNO REGIONAL";"I-1";"00006383";"MACHUNGO";"NE_0002";"";"NE_0002";"NE_0002";"NE_0002";"NE_0002";"NE_0002";"NE_0002";"NE_0002"
"2023";"06";"220902";"SAN MARTIN";"SAN MARTIN";"ALBERTO LEVEAU";"GOBIERNO REGIONAL";"I-1";"00006382";"UTCURARCA";"NE_0002";"";"NE_0002";"NE_0002";"NE_0002";"NE_0002";"NE_0002";"NE_0002";"NE_0002"
"2023";"06";"220908";"SAN MARTIN";"SAN MARTIN";"JUAN GUERRA";"GOBIERNO REGIONAL";"I-3";"00006374";"JUAN GUERRA";"NE_0002";"";"NE_0002";"NE_0002";"NE_0002";"NE_0002";"NE_0002";"NE_0002";"NE_0002"
"2023";"06";"040126";"AREQUIPA";"AREQUIPA";"YANAHUARA";"PRIVADO";"II-1";"00012907";"SISTEMAS DE ADMINISTRACION HOSPITALARIA S.A.C.";"241400";"HOSPITALIZACIÓN QUIRÚRGICA GINECO - OBSTETRICIA ";"48";"48";"308";"48";"14";"434";"0"
"2023";"06";"040126";"AREQUIPA";"AREQUIPA";"YANAHUARA";"PRIVADO";"II-1";"00012907";"SISTEMAS DE ADMINISTRACION HOSPITALARIA S.A.C.";"240100";"HOSPITALIZACIÓN QUIRÚRGICA CIRUGÍA GENERAL ";"51";"51";"371";"50";"14";"434";"0"
"2023";"06";"040126";"AREQUIPA";"AREQUIPA";"YANAHUARA";"PRIVADO";"II-1";"00012907";"SISTEMAS DE ADMINISTRACION HOSPITALARIA S.A.C.";"242300";"HOSPITALIZACIÓN DE PEDIATRÍA  PEDIATRÍA  GENERAL ";"52";"52";"223";"51";"14";"434";"0"
"2023";"06";"060306";"CAJAMARCA";"CELENDIN";"JOSE GALVEZ";"GOBIERNO REGIONAL";"I-2";"00004488";"JOSE GALVEZ";"NE_0001";"";"NE_0001";"NE_0001";"NE_0001";"NE_0001";"NE_0001";"NE_0001";"NE_0001"
"2023";"06";"060308";"CAJAMARCA";"CELENDIN";"OXAMARCA";"GOBIERNO REGIONAL";"I-1";"00009046";"MINASCONGA";"NE_0001";"";"NE_0001";"NE_0001";"NE_0001";"NE_0001";"NE_0001";"NE_0001";"NE_0001"
"2023";"06";"060310";"CAJAMARCA";"CELENDIN";"SUCRE";"GOBIERNO REGIONAL";"I-1";"00025043";"CRUZCONGA";"NE_0001";"";"NE_0001";"NE_0001";"NE_0001";"NE_0001";"NE_0001";"NE_0001";"NE_0001"
"2023";"06";"150128";"LIMA";"LIMA";"RIMAC";"SANIDAD DEL EJERCITO DEL PERU";"I-4";"00013914";"CENTRO DE SALUD MILITAR RIMAC";"NE_0002";"";"NE_0002";"NE_0002";"NE_0002";"NE_0002";"NE_0002";"NE_0002";"NE_0002"
"2023";"03";"100109";"HUANUCO";"HUANUCO";"SANTA MARIA DEL VALLE";"GOBIERNO REGIONAL";"I-2";"00000774";"SANTA CRUZ DE RATACOCHA";"NE_0001";"";"NE_0001";"NE_0001";"NE_0001";"NE_0001";"NE_0001";"NE_0001";"NE_0001"
"2023";"03";"100109";"HUANUCO";"HUANUCO";"SANTA MARIA DEL VALLE";"GOBIERNO REGIONAL";"I-2";"00000773";"SANTA ROSA DE SIRABAMBA";"NE_0001";"";"NE_0001";"NE_0001";"NE_0001";"NE_0001";"NE_0001";"NE_0001";"NE_0001"
"2023";"03";"100109";"HUANUCO";"HUANUCO";"SANTA MARIA DEL VALLE";"GOBIERNO REGIONAL";"I-3";"00000772";"SAN SEBASTIAN DE QUERA";"NE_0001";"";"NE_0001";"NE_0001";"NE_0001";"NE_0001";"NE_0001";"NE_0001";"NE_0001"
"2023";"03";"100109";"HUANUCO";"HUANUCO";"SANTA MARIA DEL VALLE";"GOBIERNO REGIONAL";"I-2";"00000771";"PUESTO DE SALUD DE PACHABAMBA";"NE_0001";"";"NE_0001";"NE_0001";"NE_0001";"NE_0001";"NE_0001";"NE_0001";"NE_0001"
"2023";"03";"100109";"HUANUCO";"HUANUCO";"SANTA MARIA DEL VALLE";"GOBIERNO REGIONAL";"I-2";"00000770";"SANTIAGO DE LLACON";"NE_0001";"";"NE_0001";"NE_0001";"NE_0001";"NE_0001";"NE_0001";"NE_0001";"NE_0001"
"2023";"03";"100109";"HUANUCO";"HUANUCO";"SANTA MARIA DEL VALLE";"GOBIERNO REGIONAL";"I-2";"00000769";"POMACUCHO";"NE_0001";"";"NE_0001";"NE_0001";"NE_0001";"NE_0001";"NE_0001";"NE_0001";"NE_0001"
"2023";"03";"100109";"HUANUCO";"HUANUCO";"SANTA MARIA DEL VALLE";"GOBIERNO REGIONAL";"I-2";"00000768";"TAMBO DE SAN JOSE";"NE_0001";"";"NE_0001";"NE_0001";"NE_0001";"NE_0001";"NE_0001";"NE_0001";"NE_0001"
"2023";"06";"100801";"HUANUCO";"PACHITEA";"PANAO";"ESSALUD";"I-2";"00009958";"POSTA MEDICA PANAO";"NE_0001";"";"NE_0001";"NE_0001";"NE_0001";"NE_0001";"NE_0001";"NE_0001";"NE_0001"
"2023";"06";"040702";"AREQUIPA";"ISLAY";"COCACHACRA";"GOBIERNO REGIONAL";"I-3";"00001445";"CENTRO DE SALUD COCACHACRA";"NE_0001";"";"NE_0001";"NE_0001";"NE_0001";"NE_0001";"NE_0001";"NE_0001";"NE_0001"
"2023";"06";"040702";"AREQUIPA";"ISLAY";"COCACHACRA";"GOBIERNO REGIONAL";"I-1";"00001453";"PUESTO DE SALUD EL TORO";"NE_0001";"";"NE_0001";"NE_0001";"NE_0001";"NE_0001";"NE_0001";"NE_0001";"NE_0001"
"2023";"06";"040702";"AREQUIPA";"ISLAY";"COCACHACRA";"GOBIERNO REGIONAL";"I-2";"00001454";"PUESTO DE SALUD LA PASCANA";"NE_0001";"";"NE_0001";"NE_0001";"NE_0001";"NE_0001";"NE_0001";"NE_0001";"NE_0001"
"2023";"06";"040702";"AREQUIPA";"ISLAY";"COCACHACRA";"GOBIERNO REGIONAL";"I-2";"00001452";"PUESTO DE SALUD EL FISCAL";"NE_0001";"";"NE_0001";"NE_0001";"NE_0001";"NE_0001";"NE_0001";"NE_0001";"NE_0001"
"2023";"06";"080601";"CUSCO";"CANCHIS";"SICUANI";"GOBIERNO REGIONAL";"I-4";"00002380";"TECHO OBRERO";"NE_0001";"";"NE_0001";"NE_0001";"NE_0001";"NE_0001";"NE_0001";"NE_0001";"NE_0001"
"2023";"06";"080604";"CUSCO";"CANCHIS";"MARANGANI";"GOBIERNO REGIONAL";"I-1";"00002389";"CHECTUYOC";"NE_0001";"";"NE_0001";"NE_0001";"NE_0001";"NE_0001";"NE_0001";"NE_0001";"NE_0001"
"2023";"06";"080504";"CUSCO";"CANAS";"LANGUI";"GOBIERNO REGIONAL";"I-2";"00002369";"LANGUI";"NE_0001";"";"NE_0001";"NE_0001";"NE_0001";"NE_0001";"NE_0001";"NE_0001";"NE_0001"
"2023";"06";"080604";"CUSCO";"CANCHIS";"MARANGANI";"GOBIERNO REGIONAL";"I-1";"00002390";"CCUYO";"NE_0001";"";"NE_0001";"NE_0001";"NE_0001";"NE_0001";"NE_0001";"NE_0001";"NE_0001"
"2023";"06";"080604";"CUSCO";"CANCHIS";"MARANGANI";"GOBIERNO REGIONAL";"I-2";"00002391";"OCCOBAMBA MARANGANI";"NE_0001";"";"NE_0001";"NE_0001";"NE_0001";"NE_0001";"NE_0001";"NE_0001";"NE_0001"
"2023";"06";"080601";"CUSCO";"CANCHIS";"SICUANI";"GOBIERNO REGIONAL";"I-1";"00002379";"HERCCA";"NE_0001";"";"NE_0001";"NE_0001";"NE_0001";"NE_0001";"NE_0001";"NE_0001";"NE_0001"
"2023";"06";"080504";"CUSCO";"CANAS";"LANGUI";"GOBIERNO REGIONAL";"I-1";"00002370";"CONDEVILUYO";"NE_0001";"";"NE_0001";"NE_0001";"NE_0001";"NE_0001";"NE_0001";"NE_0001";"NE_0001"
"2023";"06";"080505";"CUSCO";"CANAS";"LAYO";"GOBIERNO REGIONAL";"I-3";"00002371";"LAYO";"NE_0001";"";"NE_0001";"NE_0001";"NE_0001";"NE_0001";"NE_0001";"NE_0001";"NE_0001"
"2023";"06";"080604";"CUSCO";"CANCHIS";"MARANGANI";"GOBIERNO REGIONAL";"I-3";"00002388";"MARANGANI";"NE_0001";"";"NE_0001";"NE_0001";"NE_0001";"NE_0001";"NE_0001";"NE_0001";"NE_0001"
"2023";"06";"100401";"HUANUCO";"HUACAYBAMBA";"HUACAYBAMBA";"GOBIERNO REGIONAL";"I-2";"00000880";"QUICHIRRAGRA";"NE_0001";"";"NE_0001";"NE_0001";"NE_0001";"NE_0001";"NE_0001";"NE_0001";"NE_0001"
"2023";"06";"100401";"HUANUCO";"HUACAYBAMBA";"HUACAYBAMBA";"GOBIERNO REGIONAL";"I-3";"00000877";"CENTRO DE SALUD DE HUACAYBAMBA";"NE_0001";"";"NE_0001";"NE_0001";"NE_0001";"NE_0001";"NE_0001";"NE_0001";"NE_0001"
"2023";"06";"100401";"HUANUCO";"HUACAYBAMBA";"HUACAYBAMBA";"GOBIERNO REGIONAL";"I-1";"00000881";"PUESTO DE SALUD DE RONDOBAMBA";"NE_0001";"";"NE_0001";"NE_0001";"NE_0001";"NE_0001";"NE_0001";"NE_0001";"NE_0001"
"2023";"06";"120101";"JUNIN";"HUANCAYO";"HUANCAYO";"GOBIERNO REGIONAL";"I-2";"00000732";"SAN FRANCISCO";"NE_0001";"";"NE_0001";"NE_0001";"NE_0001";"NE_0001";"NE_0001";"NE_0001";"NE_0001"
"2023";"06";"120101";"JUNIN";"HUANCAYO";"HUANCAYO";"GOBIERNO REGIONAL";"I-4";"00000727";"LA LIBERTAD";"241400";"HOSPITALIZACIÓN QUIRÚRGICA GINECO - OBSTETRICIA ";"40";"40";"51";"2";"6";"10";"0"
"2023";"06";"120124";"JUNIN";"HUANCAYO";"PARIAHUANCA";"GOBIERNO REGIONAL";"I-3";"00000736";"PARIAHUANCA";"NE_0001";"";"NE_0001";"NE_0001";"NE_0001";"NE_0001";"NE_0001";"NE_0001";"NE_0001"
"2023";"06";"120124";"JUNIN";"HUANCAYO";"PARIAHUANCA";"GOBIERNO REGIONAL";"I-1";"00000741";"CEDRUYO";"NE_0001";"";"NE_0001";"NE_0001";"NE_0001";"NE_0001";"NE_0001";"NE_0001";"NE_0001"
"2023";"06";"120124";"JUNIN";"HUANCAYO";"PARIAHUANCA";"GOBIERNO REGIONAL";"I-2";"00000739";"SAN BALVIN";"NE_0001";"";"NE_0001";"NE_0001";"NE_0001";"NE_0001";"NE_0001";"NE_0001";"NE_0001"
"2023";"06";"120124";"JUNIN";"HUANCAYO";"PARIAHUANCA";"GOBIERNO REGIONAL";"I-1";"00000740";"ANTARPA";"NE_0001";"";"NE_0001";"NE_0001";"NE_0001";"NE_0001";"NE_0001";"NE_0001";"NE_0001"
"2023";"06";"120124";"JUNIN";"HUANCAYO";"PARIAHUANCA";"GOBIERNO REGIONAL";"I-1";"00015577";"NUEVO OCCORO";"NE_0001";"";"NE_0001";"NE_0001";"NE_0001";"NE_0001";"NE_0001";"NE_0001";"NE_0001"
"2023";"06";"120101";"JUNIN";"HUANCAYO";"HUANCAYO";"GOBIERNO REGIONAL";"I-2";"00000730";"VILCACOTO";"NE_0001";"";"NE_0001";"NE_0001";"NE_0001";"NE_0001";"NE_0001";"NE_0001";"NE_0001"
"2023";"06";"120101";"JUNIN";"HUANCAYO";"HUANCAYO";"GOBIERNO REGIONAL";"I-2";"00000731";"PALIAN";"NE_0001";"";"NE_0001";"NE_0001";"NE_0001";"NE_0001";"NE_0001";"NE_0001";"NE_0001"
"2023";"06";"120124";"JUNIN";"HUANCAYO";"PARIAHUANCA";"GOBIERNO REGIONAL";"I-1";"00000738";"PANTY";"NE_0001";"";"NE_0001";"NE_0001";"NE_0001";"NE_0001";"NE_0001";"NE_0001";"NE_0001"
"2023";"06";"120101";"JUNIN";"HUANCAYO";"HUANCAYO";"GOBIERNO REGIONAL";"I-3";"00000728";"OCOPILLA";"NE_0001";"";"NE_0001";"NE_0001";"NE_0001";"NE_0001";"NE_0001";"NE_0001";"NE_0001"
"2023";"06";"120124";"JUNIN";"HUANCAYO";"PARIAHUANCA";"GOBIERNO REGIONAL";"I-2";"00000737";"LAMPA";"NE_0001";"";"NE_0001";"NE_0001";"NE_0001";"NE_0001";"NE_0001";"NE_0001";"NE_0001"
"2023";"06";"120124";"JUNIN";"HUANCAYO";"PARIAHUANCA";"GOBIERNO REGIONAL";"I-1";"00012471";"HUAYCHULA";"NE_0001";"";"NE_0001";"NE_0001";"NE_0001";"NE_0001";"NE_0001";"NE_0001";"NE_0001"
"2023";"06";"120101";"JUNIN";"HUANCAYO";"HUANCAYO";"GOBIERNO REGIONAL";"I-2";"00000729";"PUESTO DE SALUD UÑAS";"NE_0001";"";"NE_0001";"NE_0001";"NE_0001";"NE_0001";"NE_0001";"NE_0001";"NE_0001"
"2023";"06";"120124";"JUNIN";"HUANCAYO";"PARIAHUANCA";"GOBIERNO REGIONAL";"I-2";"00000742";"LLACSAPIRCA";"NE_0001";"";"NE_0001";"NE_0001";"NE_0001";"NE_0001";"NE_0001";"NE_0001";"NE_0001"
"2023";"06";"120124";"JUNIN";"HUANCAYO";"PARIAHUANCA";"GOBIERNO REGIONAL";"I-1";"00000743";"ROCCHAC";"NE_0001";"";"NE_0001";"NE_0001";"NE_0001";"NE_0001";"NE_0001";"NE_0001";"NE_0001"
"2023";"06";"120101";"JUNIN";"HUANCAYO";"HUANCAYO";"GOBIERNO REGIONAL";"I-1";"00015905";"ACOPALCA";"NE_0001";"";"NE_0001";"NE_0001";"NE_0001";"NE_0001";"NE_0001";"NE_0001";"NE_0001"
"2023";"07";"090207";"HUANCAVELICA";"ACOBAMBA";"POMACOCHA";"GOBIERNO REGIONAL";"I-2";"00003923";"PUESTO DE SALUD POMACOCHA";"NE_0001";"";"NE_0001";"NE_0001";"NE_0001";"NE_0001";"NE_0001";"NE_0001";"NE_0001"
"2023";"07";"100101";"HUANUCO";"HUANUCO";"HUANUCO";"PRIVADO";"II-E";"00021062";"CLINICA SAN JUAN BOSCO E.I.R.L.";"240000";"HOSPITALIZACIÓN";"10";"10";"12";"10";"11";"330";"0"
"2023";"07";"150131";"LIMA";"LIMA";"SAN ISIDRO";"PRIVADO";"II-E";"00018581";"CLINICA PETRAS";"240800";"HOSPITALIZACIÓN QUIRÚRGICA CIRUGÍA PLÁSTICA/RECONSTRUCTIVA/ REPARADORA ";"5";"5";"5";"3";"2,00";"60";"0"
"2023";"07";"200104";"PIURA";"PIURA";"CASTILLA";"PRIVADO";"II-E";"00013165";"CENTRO DE REPOSO SAN JUAN DE DIOS";"242202";"HOSPITALIZACIÓN DE MEDICINA PSIQUIATRÍA PSIQUIATRÍA DEL ADULTO Y GERONTE";"48";"43";"1052";"850";"46";"1426";"0"
"2023";"07";"150108";"LIMA";"LIMA";"CHORRILLOS";"SANIDAD DE LA POLICIA NACIONAL DEL PERU";"I-3";"00020382";"POLICLINICO POLICIAL CHORRILLOS";"NE_0001";"";"NE_0001";"NE_0001";"NE_0001";"NE_0001";"NE_0001";"NE_0001";"NE_0001"
"2023";"03";"060308";"CAJAMARCA";"CELENDIN";"OXAMARCA";"GOBIERNO REGIONAL";"I-1";"00009049";"LA QUINUA";"NE_0001";"";"NE_0001";"NE_0001";"NE_0001";"NE_0001";"NE_0001";"NE_0001";"NE_0001"
"2023";"03";"060308";"CAJAMARCA";"CELENDIN";"OXAMARCA";"GOBIERNO REGIONAL";"I-2";"00004483";"PIOBAMBA";"NE_0001";"";"NE_0001";"NE_0001";"NE_0001";"NE_0001";"NE_0001";"NE_0001";"NE_0001"
"2023";"03";"060310";"CAJAMARCA";"CELENDIN";"SUCRE";"GOBIERNO REGIONAL";"I-1";"00004485";"CALCONGA";"NE_0001";"";"NE_0001";"NE_0001";"NE_0001";"NE_0001";"NE_0001";"NE_0001";"NE_0001"
"2023";"03";"060308";"CAJAMARCA";"CELENDIN";"OXAMARCA";"GOBIERNO REGIONAL";"I-1";"00009046";"MINASCONGA";"NE_0001";"";"NE_0001";"NE_0001";"NE_0001";"NE_0001";"NE_0001";"NE_0001";"NE_0001"
"2023";"03";"150140";"LIMA";"LIMA";"SANTIAGO DE SURCO";"ESSALUD";"I-3";"00008378";"POLICLINICO PROCERES";"NE_0001";"";"NE_0001";"NE_0001";"NE_0001";"NE_0001";"NE_0001";"NE_0001";"NE_0001"
"2023";"04";"120427";"JUNIN";"JAUJA";"RICRAN";"GOBIERNO REGIONAL";"I-1";"00000421";"APAYCANCHA";"NE_0001";"";"NE_0001";"NE_0001";"NE_0001";"NE_0001";"NE_0001";"NE_0001";"NE_0001"
"2023";"04";"120424";"JUNIN";"JAUJA";"PANCAN";"GOBIERNO REGIONAL";"I-1";"00000417";"PANCAN";"NE_0001";"";"NE_0001";"NE_0001";"NE_0001";"NE_0001";"NE_0001";"NE_0001";"NE_0001"
"2023";"04";"120424";"JUNIN";"JAUJA";"PANCAN";"GOBIERNO REGIONAL";"I-1";"00000418";"HUASQUICHA";"NE_0001";"";"NE_0001";"NE_0001";"NE_0001";"NE_0001";"NE_0001";"NE_0001";"NE_0001"
"2023";"04";"120433";"JUNIN";"JAUJA";"YAULI";"GOBIERNO REGIONAL";"I-2";"00000423";"YAULI - JAUJA";"NE_0001";"";"NE_0001";"NE_0001";"NE_0001";"NE_0001";"NE_0001";"NE_0001";"NE_0001"
"2023";"04";"120427";"JUNIN";"JAUJA";"RICRAN";"GOBIERNO REGIONAL";"I-2";"00000419";"RICRAN";"NE_0001";"";"NE_0001";"NE_0001";"NE_0001";"NE_0001";"NE_0001";"NE_0001";"NE_0001"
"2023";"04";"120429";"JUNIN";"JAUJA";"SAN PEDRO DE CHUNAN";"GOBIERNO REGIONAL";"I-1";"00000422";"SAN PEDRO DE CHUNAN";"NE_0001";"";"NE_0001";"NE_0001";"NE_0001";"NE_0001";"NE_0001";"NE_0001";"NE_0001"
"2023";"08";"060101";"CAJAMARCA";"CAJAMARCA";"CAJAMARCA";"GOBIERNO REGIONAL";"II-2";"00007686";"HOSPITAL REGIONAL DOCENTE CAJAMARCA";"240100";"HOSPITALIZACIÓN QUIRÚRGICA CIRUGÍA GENERAL ";"308";"293";"1763";"1815";"72";"2232";"3"
"2023";"08";"060101";"CAJAMARCA";"CAJAMARCA";"CAJAMARCA";"GOBIERNO REGIONAL";"II-2";"00007686";"HOSPITAL REGIONAL DOCENTE CAJAMARCA";"241400";"HOSPITALIZACIÓN QUIRÚRGICA GINECO - OBSTETRICIA ";"328";"331";"1012";"837";"35";"1085";"0"
"2023";"08";"060101";"CAJAMARCA";"CAJAMARCA";"CAJAMARCA";"GOBIERNO REGIONAL";"II-2";"00007686";"HOSPITAL REGIONAL DOCENTE CAJAMARCA";"241800";"HOSPITALIZACIÓN DE MEDICINA MEDICINA GENERAL ";"166";"165";"845";"917";"32";"992";"13"
"2023";"08";"060101";"CAJAMARCA";"CAJAMARCA";"CAJAMARCA";"GOBIERNO REGIONAL";"II-2";"00007686";"HOSPITAL REGIONAL DOCENTE CAJAMARCA";"243200";"HOSPITALIZACIÓN DE PEDIATRÍA PEDIATRIA NEONATOLOGÍA";"96";"84";"907";"1064";"35";"1085";"0"
"2023";"08";"060101";"CAJAMARCA";"CAJAMARCA";"CAJAMARCA";"GOBIERNO REGIONAL";"II-2";"00007686";"HOSPITAL REGIONAL DOCENTE CAJAMARCA";"242500";"HOSPITALIZACIÓN-PEDIATRÍA GENERAL-";"64";"68";"478";"421";"17";"527";"0"
"2023";"08";"060101";"CAJAMARCA";"CAJAMARCA";"CAJAMARCA";"GOBIERNO REGIONAL";"II-2";"00007686";"HOSPITAL REGIONAL DOCENTE CAJAMARCA";"250103";"UNIDAD DE CUIDADOS CRITICOS UNIDAD  DE CUIDADOS INTENSIVOS GENERALES  (UCI) MEDICINA";"38";"35";"418";"338";"13";"403";"5"
"2023";"08";"060101";"CAJAMARCA";"CAJAMARCA";"CAJAMARCA";"GOBIERNO REGIONAL";"II-2";"00007686";"HOSPITAL REGIONAL DOCENTE CAJAMARCA";"250200";"UNIDAD DE CUIDADOS CRITICOS UNIDAD DE CUIDADOS INTERMEDIOS GENERAL  (UCIN) ";"9";"9";"124";"174";"6";"186";"1"
"2023";"08";"060101";"CAJAMARCA";"CAJAMARCA";"CAJAMARCA";"GOBIERNO REGIONAL";"II-2";"00007686";"HOSPITAL REGIONAL DOCENTE CAJAMARCA";"250105";"UNIDAD DE CUIDADOS CRITICOS UNIDAD  DE CUIDADOS INTENSIVOS  (UCI) NEONATOLOGÍA";"26";"51";"370";"422";"15";"465";"5"
"2023";"08";"060101";"CAJAMARCA";"CAJAMARCA";"CAJAMARCA";"GOBIERNO REGIONAL";"II-2";"00007686";"HOSPITAL REGIONAL DOCENTE CAJAMARCA";"242200";"HOSPITALIZACIÓN DE MEDICINA PSIQUIATRÍA ";"6";"8";"160";"125";"6";"186";"0"
"2023";"08";"050201";"AYACUCHO";"CANGALLO";"CANGALLO";"GOBIERNO REGIONAL";"II-1";"00003494";"HOSPITAL DE APOYO CANGALLO";"240100";"HOSPITALIZACIÓN QUIRÚRGICA CIRUGÍA GENERAL ";"12";"13";"42";"57";"4";"124";"0"
"2023";"08";"050201";"AYACUCHO";"CANGALLO";"CANGALLO";"GOBIERNO REGIONAL";"II-1";"00003494";"HOSPITAL DE APOYO CANGALLO";"241400";"HOSPITALIZACIÓN QUIRÚRGICA GINECO - OBSTETRICIA ";"19";"19";"45";"45";"2";"62";"0"
"2023";"08";"050201";"AYACUCHO";"CANGALLO";"CANGALLO";"GOBIERNO REGIONAL";"II-1";"00003494";"HOSPITAL DE APOYO CANGALLO";"241600";"HOSPITALIZACIÓN QUIRÚRGICA OBSTETRICIA   ";"6";"6";"11";"6";"6";"186";"0"
"2023";"08";"050201";"AYACUCHO";"CANGALLO";"CANGALLO";"GOBIERNO REGIONAL";"II-1";"00003494";"HOSPITAL DE APOYO CANGALLO";"241800";"HOSPITALIZACIÓN DE MEDICINA MEDICINA GENERAL ";"16";"18";"96";"60";"4";"124";"1"
"2023";"08";"050201";"AYACUCHO";"CANGALLO";"CANGALLO";"GOBIERNO REGIONAL";"II-1";"00003494";"HOSPITAL DE APOYO CANGALLO";"242500";"HOSPITALIZACIÓN-PEDIATRÍA GENERAL-";"2";"3";"12";"11";"4";"124";"0"
"2023";"08";"070105";"CALLAO";"CALLAO";"LA PUNTA";"GOBIERNO REGIONAL";"I-2";"00006227";"PUESTO DE SALUD LA PUNTA";"NE_0001";"";"NE_0001";"NE_0001";"NE_0001";"NE_0001";"NE_0001";"NE_0001";"NE_0001"
"2023";"08";"070101";"CALLAO";"CALLAO";"CALLAO";"GOBIERNO REGIONAL";"I-2";"00006225";"PUESTO DE SALUD  SAN JUAN BOSCO";"NE_0001";"";"NE_0001";"NE_0001";"NE_0001";"NE_0001";"NE_0001";"NE_0001";"NE_0001"
"2023";"08";"070101";"CALLAO";"CALLAO";"CALLAO";"GOBIERNO REGIONAL";"I-3";"00006221";"C.S. ALBERTO BARTON";"NE_0001";"";"NE_0001";"NE_0001";"NE_0001";"NE_0001";"NE_0001";"NE_0001";"NE_0001"
"2023";"08";"160201";"LORETO";"ALTO AMAZONAS";"YURIMAGUAS";"ESSALUD";"II-1";"00020274";"ESSALUD - HOSPITAL I YURIMAGUAS";"241800";"HOSPITALIZACIÓN DE MEDICINA MEDICINA GENERAL ";"56";"60";"246";"223";"8";"248";"1"
"2023";"08";"160201";"LORETO";"ALTO AMAZONAS";"YURIMAGUAS";"ESSALUD";"II-1";"00020274";"ESSALUD - HOSPITAL I YURIMAGUAS";"241600";"HOSPITALIZACIÓN QUIRÚRGICA OBSTETRICIA   ";"18";"19";"67";"61";"2";"62";"0"
"2023";"08";"150135";"LIMA";"LIMA";"SAN MARTIN DE PORRES";"PRIVADO";"II-E";"00025573";"CREO Clínica Renal y Oncológica";"NE_0001";"";"NE_0001";"NE_0001";"NE_0001";"NE_0001";"NE_0001";"NE_0001";"NE_0001"
"2023";"08";"150113";"LIMA";"LIMA";"JESUS MARIA";"PRIVADO";"III-1";"00009116";"CLINICA SAN FELIPE S.A.";"240000";"HOSPITALIZACIÓN";"483";"466";"1491";"48";"101";"3131";"2"
"2023";"08";"150113";"LIMA";"LIMA";"JESUS MARIA";"PRIVADO";"III-1";"00009116";"CLINICA SAN FELIPE S.A.";"250200";"UNIDAD DE CUIDADOS CRITICOS UNIDAD DE CUIDADOS INTERMEDIOS GENERAL  (UCIN) ";"66";"72";"376";"12";"25";"775";"1"
"2023";"08";"150113";"LIMA";"LIMA";"JESUS MARIA";"PRIVADO";"III-1";"00009116";"CLINICA SAN FELIPE S.A.";"250100";"UNIDAD DE CUIDADOS CRITICOS UNIDAD  DE CUIDADOS INTENSIVOS GENERALES (UCI) ";"49";"46";"218";"7";"21";"651";"2"
"2023";"08";"070106";"CALLAO";"CALLAO";"VENTANILLA";"GOBIERNO REGIONAL";"I-2";"00006258";"PUESTO DE SALUD VENTANILLA BAJA";"NE_0001";"";"NE_0001";"NE_0001";"NE_0001";"NE_0001";"NE_0001";"NE_0001";"NE_0001"
"2023";"08";"070101";"CALLAO";"CALLAO";"CALLAO";"GOBIERNO REGIONAL";"I-4";"00006238";"C.S. MARQUEZ";"241600";"HOSPITALIZACIÓN QUIRÚRGICA OBSTETRICIA   ";"2";"2";"2";"62";"8";"248";"0"
"2023";"08";"070106";"CALLAO";"CALLAO";"VENTANILLA";"GOBIERNO REGIONAL";"I-2";"00006259";"PUESTO DE SALUD VENTANILLA ESTE";"NE_0001";"";"NE_0001";"NE_0001";"NE_0001";"NE_0001";"NE_0001";"NE_0001";"NE_0001"
"2023";"09";"090206";"HUANCAVELICA";"ACOBAMBA";"PAUCARA";"GOBIERNO REGIONAL";"I-2";"00006823";"PUESTO DE SALUD CHOPCCAPAMPA";"NE_0001";"";"NE_0001";"NE_0001";"NE_0001";"NE_0001";"NE_0001";"NE_0001";"NE_0001"
"2023";"09";"150125";"LIMA";"LIMA";"PUENTE PIEDRA";"PRIVADO";"II-E";"00016353";"CLINICA MONTELUZ";"241400";"HOSPITALIZACIÓN QUIRÚRGICA GINECO - OBSTETRICIA ";"93";"97";"177";"171";"12";"360";"0"
"2023";"09";"150125";"LIMA";"LIMA";"PUENTE PIEDRA";"PRIVADO";"II-E";"00016353";"CLINICA MONTELUZ";"240100";"HOSPITALIZACIÓN QUIRÚRGICA CIRUGÍA GENERAL ";"81";"84";"108";"104";"10";"300";"0"
"2023";"09";"110101";"ICA";"ICA";"ICA";"SANIDAD DE LA POLICIA NACIONAL DEL PERU";"I-3";"00010900";"POLICLINICO POLICIAL ICA";"NE_0001";"";"NE_0001";"NE_0001";"NE_0001";"NE_0001";"NE_0001";"NE_0001";"NE_0001"
"2023";"09";"010701";"AMAZONAS";"UTCUBAMBA";"BAGUA GRANDE";"SANIDAD DE LA POLICIA NACIONAL DEL PERU";"I-3";"00018106";"POLICLINICO POLICIAL BAGUA GRANDE";"NE_0001";"";"NE_0001";"NE_0001";"NE_0001";"NE_0001";"NE_0001";"NE_0001";"NE_0001"
"2023";"09";"150132";"LIMA";"LIMA";"SAN JUAN DE LURIGANCHO";"PRIVADO";"I-2";"00024750";"ARIE";"NE_0002";"";"NE_0002";"NE_0002";"NE_0002";"NE_0002";"NE_0002";"NE_0002";"NE_0002"
"2023";"09";"060801";"CAJAMARCA";"JAEN";"JAEN";"GOBIERNO REGIONAL";"I-3";"00025207";"CENTRO DE SALUD MENTAL COMUNITARIO JAEN";"NE_0001";"";"NE_0001";"NE_0001";"NE_0001";"NE_0001";"NE_0001";"NE_0001";"NE_0001"
"2023";"09";"200101";"PIURA";"PIURA";"PIURA";"PRIVADO";"II-E";"00027459";"CLINICA MEDICA SANTA EMILIA";"244300";"HOSPITALIZACIÓN DE MEDICINA GASTROENTEROLOGÍA  ";"2";"2";"12";"12";"7";"198";"0"
"2023";"09";"200101";"PIURA";"PIURA";"PIURA";"PRIVADO";"II-E";"00027459";"CLINICA MEDICA SANTA EMILIA";"240100";"HOSPITALIZACIÓN QUIRÚRGICA CIRUGÍA GENERAL ";"1";"1";"3";"3";"7";"207";"0"
"2023";"09";"200101";"PIURA";"PIURA";"PIURA";"PRIVADO";"II-E";"00027459";"CLINICA MEDICA SANTA EMILIA";"240801";"HOSPITALIZACIÓN QUIRÚRGICA CIRUGÍA PLÁSTICA/RECONSTRUCTIVA/ REPARADORA QUEMADOS";"1";"1";"2";"2";"7";"208";"0"
"2023";"09";"140101";"LAMBAYEQUE";"CHICLAYO";"CHICLAYO";"SANIDAD DE LA POLICIA NACIONAL DEL PERU";"I-4";"00011833";"HOSPITAL REGIONAL POLICIAL CHICLAYO";"241800";"HOSPITALIZACIÓN DE MEDICINA MEDICINA GENERAL ";"25";"30";"137";"190";"16";"480";"0"
"2023";"09";"090118";"HUANCAVELICA";"HUANCAVELICA";"ASCENSION";"ESSALUD";"II-1";"00009132";"HOSPITAL II HUANCAVELICA";"241800";"HOSPITALIZACIÓN DE MEDICINA MEDICINA GENERAL ";"69";"60";"281";"262";"9";"270";"1"
"2023";"09";"090118";"HUANCAVELICA";"HUANCAVELICA";"ASCENSION";"ESSALUD";"II-1";"00009132";"HOSPITAL II HUANCAVELICA";"240100";"HOSPITALIZACIÓN QUIRÚRGICA CIRUGÍA GENERAL ";"47";"41";"144";"158";"8";"240";"0"
"2023";"09";"090118";"HUANCAVELICA";"HUANCAVELICA";"ASCENSION";"ESSALUD";"II-1";"00009132";"HOSPITAL II HUANCAVELICA";"241200";"HOSPITALIZACIÓN QUIRÚRGICA TRAUMATOLOGÍA Y ORTOPEDIA ";"5";"3";"20";"38";"2";"60";"0"
"2023";"09";"090118";"HUANCAVELICA";"HUANCAVELICA";"ASCENSION";"ESSALUD";"II-1";"00009132";"HOSPITAL II HUANCAVELICA";"241400";"HOSPITALIZACIÓN QUIRÚRGICA GINECO - OBSTETRICIA ";"12";"11";"38";"51";"2";"60";"0"
"2023";"09";"090118";"HUANCAVELICA";"HUANCAVELICA";"ASCENSION";"ESSALUD";"II-1";"00009132";"HOSPITAL II HUANCAVELICA";"241600";"HOSPITALIZACIÓN QUIRÚRGICA OBSTETRICIA   ";"69";"60";"134";"242";"9";"270";"0"
"2023";"09";"090118";"HUANCAVELICA";"HUANCAVELICA";"ASCENSION";"ESSALUD";"II-1";"00009132";"HOSPITAL II HUANCAVELICA";"242300";"HOSPITALIZACIÓN DE PEDIATRÍA  PEDIATRÍA  GENERAL ";"47";"42";"164";"141";"5";"150";"0"
"2023";"09";"090118";"HUANCAVELICA";"HUANCAVELICA";"ASCENSION";"ESSALUD";"II-1";"00009132";"HOSPITAL II HUANCAVELICA";"250300";"UNIDAD DE CUIDADOS CRITICOS UNIDAD DE VIGILANCIA INTENSIVA  CLINICA (UVIC) ";"19";"19";"29";"41";"2";"60";"5"
"2023";"09";"100102";"HUANUCO";"HUANUCO";"AMARILIS";"PRIVADO";"II-E";"00027693";"CENTRO MEDICO ESPECIALIZADO PRIMAVERA";"NE_0002";"";"NE_0002";"NE_0002";"NE_0002";"NE_0002";"NE_0002";"NE_0002";"NE_0002"
"2023";"09";"210101";"PUNO";"PUNO";"PUNO";"ESSALUD";"II-E";"00032596";"HOSPITAL I CLINICA UNIVERSITARIA";"240000";"HOSPITALIZACIÓN";"29";"25";"133";"147";"7";"210";"1"
"2023";"09";"130103";"LA LIBERTAD";"TRUJILLO";"FLORENCIA DE MORA";"ESSALUD";"II-E";"00009278";"FLORENCIA DE MORA";"241800";"HOSPITALIZACIÓN DE MEDICINA MEDICINA GENERAL ";"9";"8";"72";"50";"3";"90";"0"
"2023";"09";"040101";"AREQUIPA";"AREQUIPA";"AREQUIPA";"ESSALUD";"I-3";"00013297";"POLICLINICO METROPOLITANO ESSALUD";"NE_0001";"";"NE_0001";"NE_0001";"NE_0001";"NE_0001";"NE_0001";"NE_0001";"NE_0001"
"2023";"09";"110112";"ICA";"ICA";"SUBTANJALLA";"ESSALUD";"I-3";"00011967";"MACACONA";"NE_0001";"";"NE_0001";"NE_0001";"NE_0001";"NE_0001";"NE_0001";"NE_0001";"NE_0001"
"2023";"09";"120101";"JUNIN";"HUANCAYO";"HUANCAYO";"PRIVADO";"II-E";"00008475";"CLINICA OFTALMOLOGICA REGIONAL";"NE_0002";"";"NE_0002";"NE_0002";"NE_0002";"NE_0002";"NE_0002";"NE_0002";"NE_0002"
"2023";"09";"150108";"LIMA";"LIMA";"CHORRILLOS";"PRIVADO";"II-2";"00010251";"CLINICA MAISON DE SANTE DEL SUR";"240000";"HOSPITALIZACIÓN";"70";"71";"344";"309";"20";"600";"0"
"2023";"09";"150108";"LIMA";"LIMA";"CHORRILLOS";"PRIVADO";"II-2";"00010251";"CLINICA MAISON DE SANTE DEL SUR";"241400";"HOSPITALIZACIÓN QUIRÚRGICA GINECO - OBSTETRICIA ";"9";"11";"21";"45";"7";"210";"0"
"2023";"09";"130103";"LA LIBERTAD";"TRUJILLO";"FLORENCIA DE MORA";"ESSALUD";"II-E";"00009278";"FLORENCIA DE MORA";"240100";"HOSPITALIZACIÓN QUIRÚRGICA CIRUGÍA GENERAL ";"56";"56";"113";"113";"5";"150";"0"
"2023";"09";"130103";"LA LIBERTAD";"TRUJILLO";"FLORENCIA DE MORA";"ESSALUD";"II-E";"00009278";"FLORENCIA DE MORA";"241500";"HOSPITALIZACIÓN QUIRÚRGICA GINECOLOGÍA  ";"10";"14";"72";"50";"3";"90";"0"
"2023";"09";"130103";"LA LIBERTAD";"TRUJILLO";"FLORENCIA DE MORA";"ESSALUD";"II-E";"00009278";"FLORENCIA DE MORA";"241600";"HOSPITALIZACIÓN QUIRÚRGICA OBSTETRICIA   ";"27";"25";"50";"57";"4";"120";"0"
"2023";"09";"040401";"AREQUIPA";"CASTILLA";"APLAO";"ESSALUD";"I-3";"00013299";"CENTRO MEDICO APLAO";"NE_0001";"";"NE_0001";"NE_0001";"NE_0001";"NE_0001";"NE_0001";"NE_0001";"NE_0001"
"2023";"09";"150108";"LIMA";"LIMA";"CHORRILLOS";"PRIVADO";"II-2";"00010251";"CLINICA MAISON DE SANTE DEL SUR";"250100";"UNIDAD DE CUIDADOS CRITICOS UNIDAD  DE CUIDADOS INTENSIVOS GENERALES (UCI) ";"4";"4";"45";"45";"6";"180";"0"
"2023";"09";"040118";"AREQUIPA";"AREQUIPA";"SAN JUAN DE SIGUAS";"GOBIERNO REGIONAL";"I-1";"00001339";"PUESTO DE SALUD SAN JUAN DE SIGUAS - TAMBILLO";"NE_0001";"";"NE_0001";"NE_0001";"NE_0001";"NE_0001";"NE_0001";"NE_0001";"NE_0001"
"2023";"09";"040520";"AREQUIPA";"CAYLLOMA";"MAJES";"GOBIERNO REGIONAL";"I-3";"00023969";"CENTRO DE SALUD MENTAL COMUNITARIO MAJES";"NE_0001";"";"NE_0001";"NE_0001";"NE_0001";"NE_0001";"NE_0001";"NE_0001";"NE_0001"
"2023";"09";"040520";"AREQUIPA";"CAYLLOMA";"MAJES";"GOBIERNO REGIONAL";"I-2";"00001341";"ASENTAMIENTO B-1";"NE_0001";"";"NE_0001";"NE_0001";"NE_0001";"NE_0001";"NE_0001";"NE_0001";"NE_0001"
"2023";"09";"040520";"AREQUIPA";"CAYLLOMA";"MAJES";"GOBIERNO REGIONAL";"0";"00030864";"HOGAR PROTEGIDO ""HACIA UNA NUEVA VIDA""";"NE_0001";"";"NE_0001";"NE_0001";"NE_0001";"NE_0001";"NE_0001";"NE_0001";"NE_0001"
"2023";"09";"040520";"AREQUIPA";"CAYLLOMA";"MAJES";"GOBIERNO REGIONAL";"I-4";"00001325";"CENTRO DE SALUD  SANDRITA PEREZ EL PEDREGAL";"241600";"HOSPITALIZACIÓN QUIRÚRGICA OBSTETRICIA   ";"4";"4";"4";"4";"6";"24";"0"
"2023";"09";"040120";"AREQUIPA";"AREQUIPA";"SANTA ISABEL DE SIGUAS";"GOBIERNO REGIONAL";"I-2";"00001378";"PUESTO DE SALUD SONDOR";"NE_0001";"";"NE_0001";"NE_0001";"NE_0001";"NE_0001";"NE_0001";"NE_0001";"NE_0001"
"2023";"09";"040520";"AREQUIPA";"CAYLLOMA";"MAJES";"GOBIERNO REGIONAL";"I-2";"00001342";"PUESTO DE SALUD  B-2";"NE_0001";"";"NE_0001";"NE_0001";"NE_0001";"NE_0001";"NE_0001";"NE_0001";"NE_0001"
"2023";"09";"040120";"AREQUIPA";"AREQUIPA";"SANTA ISABEL DE SIGUAS";"GOBIERNO REGIONAL";"I-2";"00001336";"SANTA ISABEL DE SIGUAS";"NE_0001";"";"NE_0001";"NE_0001";"NE_0001";"NE_0001";"NE_0001";"NE_0001";"NE_0001"
"2023";"09";"040120";"AREQUIPA";"AREQUIPA";"SANTA ISABEL DE SIGUAS";"GOBIERNO REGIONAL";"I-1";"00001337";"PUESTO DE SALUD PITAY";"NE_0001";"";"NE_0001";"NE_0001";"NE_0001";"NE_0001";"NE_0001";"NE_0001";"NE_0001"
"2023";"09";"040520";"AREQUIPA";"CAYLLOMA";"MAJES";"GOBIERNO REGIONAL";"I-3";"00001326";"CENTRO DE SALUD LA COLINA";"NE_0001";"";"NE_0001";"NE_0001";"NE_0001";"NE_0001";"NE_0001";"NE_0001";"NE_0001"
"2023";"09";"040511";"AREQUIPA";"CAYLLOMA";"LLUTA";"GOBIERNO REGIONAL";"I-2";"00001340";"PUESTO DE SALUD QUERQUE";"NE_0001";"";"NE_0001";"NE_0001";"NE_0001";"NE_0001";"NE_0001";"NE_0001";"NE_0001"
"2023";"09";"150133";"LIMA";"LIMA";"SAN JUAN DE MIRAFLORES";"PRIVADO";"II-E";"00017676";"OFTALMOSALUD";"NE_0001";"";"NE_0001";"NE_0001";"NE_0001";"NE_0001";"NE_0001";"NE_0001";"NE_0001"
"2023";"09";"150117";"LIMA";"LIMA";"LOS OLIVOS";"PRIVADO";"I-2";"00012429";"OFTALMOLOGICA WONG";"NE_0001";"";"NE_0001";"NE_0001";"NE_0001";"NE_0001";"NE_0001";"NE_0001";"NE_0001"
"2023";"09";"150110";"LIMA";"LIMA";"COMAS";"PRIVADO";"I-2";"00013834";"ARIE";"NE_0002";"";"NE_0002";"NE_0002";"NE_0002";"NE_0002";"NE_0002";"NE_0002";"NE_0002"
"2023";"09";"160113";"LORETO";"MAYNAS";"SAN JUAN BAUTISTA";"PRIVADO";"II-E";"00024041";"CLÍNICA ESPECIALIZADA EMANUEL";"NE_0001";"";"NE_0001";"NE_0001";"NE_0001";"NE_0001";"NE_0001";"NE_0001";"NE_0001"
"2023";"09";"120608";"JUNIN";"SATIPO";"RIO TAMBO";"GOBIERNO REGIONAL";"I-1";"00000461";"SHEVOJA";"NE_0001";"";"NE_0001";"NE_0001";"NE_0001";"NE_0001";"NE_0001";"NE_0001";"NE_0001"
"2023";"09";"150501";"LIMA";"CAÑETE";"SAN VICENTE DE CAÑETE";"GOBIERNO REGIONAL";"II-2";"00005986";"HOSPITAL REZOLA";"240100";"HOSPITALIZACIÓN QUIRÚRGICA CIRUGÍA GENERAL ";"113";"136";"637";"422";"28";"840";"0"
"2023";"09";"150501";"LIMA";"CAÑETE";"SAN VICENTE DE CAÑETE";"GOBIERNO REGIONAL";"II-2";"00005986";"HOSPITAL REZOLA";"241400";"HOSPITALIZACIÓN QUIRÚRGICA GINECO - OBSTETRICIA ";"199";"209";"479";"467";"24";"720";"0"
"2023";"09";"150501";"LIMA";"CAÑETE";"SAN VICENTE DE CAÑETE";"GOBIERNO REGIONAL";"II-2";"00005986";"HOSPITAL REZOLA";"241500";"HOSPITALIZACIÓN QUIRÚRGICA GINECOLOGÍA  ";"18";"18";"50";"50";"6";"180";"0"
"2023";"09";"150501";"LIMA";"CAÑETE";"SAN VICENTE DE CAÑETE";"GOBIERNO REGIONAL";"II-2";"00005986";"HOSPITAL REZOLA";"241800";"HOSPITALIZACIÓN DE MEDICINA MEDICINA GENERAL ";"74";"92";"739";"604";"31";"930";"14"
"2023";"09";"150501";"LIMA";"CAÑETE";"SAN VICENTE DE CAÑETE";"GOBIERNO REGIONAL";"II-2";"00005986";"HOSPITAL REZOLA";"242500";"HOSPITALIZACIÓN-PEDIATRÍA GENERAL-";"54";"63";"267";"243";"12";"360";"0"
"2023";"07";"050104";"AYACUCHO";"HUAMANGA";"CARMEN ALTO";"GOBIERNO REGIONAL";"I-1";"00003561";"POKRAS";"NE_0001";"";"NE_0001";"NE_0001";"NE_0001";"NE_0001";"NE_0001";"NE_0001";"NE_0001"
"2023";"07";"220905";"SAN MARTIN";"SAN MARTIN";"CHIPURANA";"GOBIERNO REGIONAL";"I-1";"00006438";"NAVARRO";"NE_0002";"";"NE_0002";"NE_0002";"NE_0002";"NE_0002";"NE_0002";"NE_0002";"NE_0002"
"2023";"07";"220905";"SAN MARTIN";"SAN MARTIN";"CHIPURANA";"GOBIERNO REGIONAL";"I-3";"00006439";"YARINA";"NE_0002";"";"NE_0002";"NE_0002";"NE_0002";"NE_0002";"NE_0002";"NE_0002";"NE_0002"
"2023";"07";"220907";"SAN MARTIN";"SAN MARTIN";"HUIMBAYOC";"GOBIERNO REGIONAL";"I-1";"00006446";"SAN JOSE DE YANAYACU";"NE_0002";"";"NE_0002";"NE_0002";"NE_0002";"NE_0002";"NE_0002";"NE_0002";"NE_0002"
"2023";"07";"220907";"SAN MARTIN";"SAN MARTIN";"HUIMBAYOC";"GOBIERNO REGIONAL";"I-1";"00006431";"PONGO ISLA";"NE_0002";"";"NE_0002";"NE_0002";"NE_0002";"NE_0002";"NE_0002";"NE_0002";"NE_0002"
"2023";"07";"220907";"SAN MARTIN";"SAN MARTIN";"HUIMBAYOC";"GOBIERNO REGIONAL";"I-1";"00006442";"SAN JOSE 2 DE MAYO";"NE_0002";"";"NE_0002";"NE_0002";"NE_0002";"NE_0002";"NE_0002";"NE_0002";"NE_0002"
"2023";"07";"220907";"SAN MARTIN";"SAN MARTIN";"HUIMBAYOC";"GOBIERNO REGIONAL";"I-1";"00006444";"SANTA ROSILLO CHIPURANA";"NE_0002";"";"NE_0002";"NE_0002";"NE_0002";"NE_0002";"NE_0002";"NE_0002";"NE_0002"
"2023";"07";"220201";"SAN MARTIN";"BELLAVISTA";"BELLAVISTA";"GOBIERNO REGIONAL";"II-E";"00006502";"HOSPITAL BELLAVISTA";"240100";"HOSPITALIZACIÓN QUIRÚRGICA CIRUGÍA GENERAL ";"26";"27";"91";"91";"8";"248";"0"
"2023";"07";"220201";"SAN MARTIN";"BELLAVISTA";"BELLAVISTA";"GOBIERNO REGIONAL";"II-E";"00006502";"HOSPITAL BELLAVISTA";"241500";"HOSPITALIZACIÓN QUIRÚRGICA GINECOLOGÍA  ";"12";"13";"190";"180";"6";"190";"0"
"2023";"07";"220201";"SAN MARTIN";"BELLAVISTA";"BELLAVISTA";"GOBIERNO REGIONAL";"II-E";"00006502";"HOSPITAL BELLAVISTA";"241900";"HOSPITALIZACIÓN DE MEDICINA MEDICINA INTERNA ";"30";"33";"117";"117";"10";"310";"2"
"2023";"07";"220201";"SAN MARTIN";"BELLAVISTA";"BELLAVISTA";"GOBIERNO REGIONAL";"II-E";"00006502";"HOSPITAL BELLAVISTA";"242500";"HOSPITALIZACIÓN-PEDIATRÍA GENERAL-";"17";"23";"94";"94";"6";"186";"0"
"2023";"07";"220201";"SAN MARTIN";"BELLAVISTA";"BELLAVISTA";"GOBIERNO REGIONAL";"II-E";"00006502";"HOSPITAL BELLAVISTA";"243200";"HOSPITALIZACIÓN DE PEDIATRÍA PEDIATRIA NEONATOLOGÍA";"8";"8";"36";"6";"2";"36";"0"
"2023";"07";"100101";"HUANUCO";"HUANUCO";"HUANUCO";"ESSALUD";"I-3";"00018081";"CENTRO DE ATENCIÓN PRIMARIA III - METROPOLITANO";"NE_0001";"";"NE_0001";"NE_0001";"NE_0001";"NE_0001";"NE_0001";"NE_0001";"NE_0001"
"2023";"07";"021801";"ANCASH";"SANTA";"CHIMBOTE";"ESSALUD";"0";"00009047";"HOSPITAL III CHIMBOTE";"241900";"HOSPITALIZACIÓN DE MEDICINA MEDICINA INTERNA ";"238";"242";"1412";"1879";"64";"1993";"20"
"2023";"07";"021801";"ANCASH";"SANTA";"CHIMBOTE";"ESSALUD";"0";"00009047";"HOSPITAL III CHIMBOTE";"240100";"HOSPITALIZACIÓN QUIRÚRGICA CIRUGÍA GENERAL ";"129";"129";"458";"359";"18";"558";"0"
"2023";"07";"021801";"ANCASH";"SANTA";"CHIMBOTE";"ESSALUD";"0";"00009047";"HOSPITAL III CHIMBOTE";"241200";"HOSPITALIZACIÓN QUIRÚRGICA TRAUMATOLOGÍA Y ORTOPEDIA ";"55";"55";"599";"590";"20";"621";"0"
"2023";"07";"021801";"ANCASH";"SANTA";"CHIMBOTE";"ESSALUD";"0";"00009047";"HOSPITAL III CHIMBOTE";"241300";"HOSPITALIZACIÓN QUIRÚRGICA UROLOGÍA  ";"22";"22";"79";"91";"3";"93";"0"
"2023";"07";"021801";"ANCASH";"SANTA";"CHIMBOTE";"ESSALUD";"0";"00009047";"HOSPITAL III CHIMBOTE";"240900";"HOSPITALIZACIÓN QUIRÚRGICA NEUROCIRUGÍA ";"5";"5";"17";"24";"1";"31";"0"
"2023";"07";"021801";"ANCASH";"SANTA";"CHIMBOTE";"ESSALUD";"0";"00009047";"HOSPITAL III CHIMBOTE";"241500";"HOSPITALIZACIÓN QUIRÚRGICA GINECOLOGÍA  ";"63";"64";"181";"214";"8";"232";"0"
"2023";"07";"021801";"ANCASH";"SANTA";"CHIMBOTE";"ESSALUD";"0";"00009047";"HOSPITAL III CHIMBOTE";"241600";"HOSPITALIZACIÓN QUIRÚRGICA OBSTETRICIA   ";"151";"152";"330";"321";"18";"558";"0"
"2023";"07";"021801";"ANCASH";"SANTA";"CHIMBOTE";"ESSALUD";"0";"00009047";"HOSPITAL III CHIMBOTE";"242300";"HOSPITALIZACIÓN DE PEDIATRÍA  PEDIATRÍA  GENERAL ";"83";"83";"338";"345";"11";"350";"0"
"2023";"07";"021801";"ANCASH";"SANTA";"CHIMBOTE";"ESSALUD";"0";"00009047";"HOSPITAL III CHIMBOTE";"240700";"HOSPITALIZACIÓN QUIRÚRGICA CIRUGÍA PEDIÁTRICA ";"21";"21";"29";"45";"2";"62";"0"
"2023";"07";"021801";"ANCASH";"SANTA";"CHIMBOTE";"ESSALUD";"0";"00009047";"HOSPITAL III CHIMBOTE";"243200";"HOSPITALIZACIÓN DE PEDIATRÍA PEDIATRIA NEONATOLOGÍA";"122";"119";"382";"208";"10";"311";"1"
"2023";"07";"021801";"ANCASH";"SANTA";"CHIMBOTE";"ESSALUD";"0";"00009047";"HOSPITAL III CHIMBOTE";"240100";"HOSPITALIZACIÓN QUIRÚRGICA CIRUGÍA GENERAL ";"10";"10";"153";"153";"5";"155";"0"
"2023";"07";"021801";"ANCASH";"SANTA";"CHIMBOTE";"ESSALUD";"0";"00009047";"HOSPITAL III CHIMBOTE";"250200";"UNIDAD DE CUIDADOS CRITICOS UNIDAD DE CUIDADOS INTERMEDIOS GENERAL  (UCIN) ";"12";"12";"101";"242";"8";"248";"2"
"2023";"07";"200601";"PIURA";"SULLANA";"SULLANA";"GOBIERNO REGIONAL";"II-2";"00001910";"HOSPITAL DE APOYO II - 2 SULLANA";"241900";"HOSPITALIZACIÓN DE MEDICINA MEDICINA INTERNA ";"75";"82";"972";"824";"29";"901";"5"
"2023";"07";"200601";"PIURA";"SULLANA";"SULLANA";"GOBIERNO REGIONAL";"II-2";"00001910";"HOSPITAL DE APOYO II - 2 SULLANA";"244000";"HOSPITALIZACIÓN DE MEDICINA CARDIOLOGIA ";"20";"19";"147";"141";"6";"182";"0"
"2023";"07";"200601";"PIURA";"SULLANA";"SULLANA";"GOBIERNO REGIONAL";"II-2";"00001910";"HOSPITAL DE APOYO II - 2 SULLANA";"240100";"HOSPITALIZACIÓN QUIRÚRGICA CIRUGÍA GENERAL ";"136";"141";"841";"620";"20";"643";"3"
"2023";"07";"200601";"PIURA";"SULLANA";"SULLANA";"GOBIERNO REGIONAL";"II-2";"00001910";"HOSPITAL DE APOYO II - 2 SULLANA";"240700";"HOSPITALIZACIÓN QUIRÚRGICA CIRUGÍA PEDIÁTRICA ";"42";"42";"232";"184";"6";"186";"0"
"2023";"07";"200601";"PIURA";"SULLANA";"SULLANA";"GOBIERNO REGIONAL";"II-2";"00001910";"HOSPITAL DE APOYO II - 2 SULLANA";"241200";"HOSPITALIZACIÓN QUIRÚRGICA TRAUMATOLOGÍA Y ORTOPEDIA ";"11";"7";"101";"135";"6";"155";"0"
"2023";"07";"200601";"PIURA";"SULLANA";"SULLANA";"GOBIERNO REGIONAL";"II-2";"00001910";"HOSPITAL DE APOYO II - 2 SULLANA";"243200";"HOSPITALIZACIÓN DE PEDIATRÍA PEDIATRIA NEONATOLOGÍA";"29";"41";"332";"206";"18";"558";"0"
"2023";"07";"200601";"PIURA";"SULLANA";"SULLANA";"GOBIERNO REGIONAL";"II-2";"00001910";"HOSPITAL DE APOYO II - 2 SULLANA";"250105";"UNIDAD DE CUIDADOS CRITICOS UNIDAD  DE CUIDADOS INTENSIVOS  (UCI) NEONATOLOGÍA";"25";"4";"22";"255";"12";"372";"4"
"2023";"07";"200601";"PIURA";"SULLANA";"SULLANA";"GOBIERNO REGIONAL";"II-2";"00001910";"HOSPITAL DE APOYO II - 2 SULLANA";"242300";"HOSPITALIZACIÓN DE PEDIATRÍA  PEDIATRÍA  GENERAL ";"86";"94";"401";"320";"16";"496";"1"
"2023";"07";"200601";"PIURA";"SULLANA";"SULLANA";"GOBIERNO REGIONAL";"II-2";"00001910";"HOSPITAL DE APOYO II - 2 SULLANA";"241500";"HOSPITALIZACIÓN QUIRÚRGICA GINECOLOGÍA  ";"31";"27";"105";"103";"6";"178";"0"
"2023";"07";"200601";"PIURA";"SULLANA";"SULLANA";"GOBIERNO REGIONAL";"II-2";"00001910";"HOSPITAL DE APOYO II - 2 SULLANA";"241600";"HOSPITALIZACIÓN QUIRÚRGICA OBSTETRICIA   ";"366";"351";"1024";"910";"38";"1186";"0"
"2023";"07";"200601";"PIURA";"SULLANA";"SULLANA";"GOBIERNO REGIONAL";"II-2";"00001910";"HOSPITAL DE APOYO II - 2 SULLANA";"250100";"UNIDAD DE CUIDADOS CRITICOS UNIDAD  DE CUIDADOS INTENSIVOS GENERALES (UCI) ";"31";"16";"247";"437";"15";"465";"12"
"2023";"07";"080101";"CUSCO";"CUSCO";"CUSCO";"PRIVADO";"II-E";"00010014";"DR. VICTOR PAREDES";"240000";"HOSPITALIZACIÓN";"73";"76";"176";"100";"19";"589";"2"
"2023";"07";"230301";"TACNA";"JORGE BASADRE";"LOCUMBA";"ESSALUD";"I-2";"00018550";"CENTRO DE ATENCION PRIMARIA  I  LOCUMBA";"NE_0001";"";"NE_0001";"NE_0001";"NE_0001";"NE_0001";"NE_0001";"NE_0001";"NE_0001"
"2023";"08";"130101";"LA LIBERTAD";"TRUJILLO";"TRUJILLO";"PRIVADO";"II-E";"00029518";"OFTALMOLOGICA CACEDA";"NE_0001";"";"NE_0001";"NE_0001";"NE_0001";"NE_0001";"NE_0001";"NE_0001";"NE_0001"
"2023";"09";"060602";"CAJAMARCA";"CUTERVO";"CALLAYUC";"GOBIERNO REGIONAL";"I-1";"00007367";"CONGA";"NE_0001";"";"NE_0001";"NE_0001";"NE_0001";"NE_0001";"NE_0001";"NE_0001";"NE_0001"
"2023";"09";"060611";"CAJAMARCA";"CUTERVO";"SANTA CRUZ";"GOBIERNO REGIONAL";"I-1";"00004980";"SAN JUAN DE LIMON";"NE_0001";"";"NE_0001";"NE_0001";"NE_0001";"NE_0001";"NE_0001";"NE_0001";"NE_0001"
"2023";"09";"060602";"CAJAMARCA";"CUTERVO";"CALLAYUC";"GOBIERNO REGIONAL";"I-2";"00004966";"SANTA TERESA DE QUEROMARCA";"NE_0001";"";"NE_0001";"NE_0001";"NE_0001";"NE_0001";"NE_0001";"NE_0001";"NE_0001"
"2023";"09";"060602";"CAJAMARCA";"CUTERVO";"CALLAYUC";"GOBIERNO REGIONAL";"I-1";"00006828";"SANTA ROSA DE CALLAYUC";"NE_0001";"";"NE_0001";"NE_0001";"NE_0001";"NE_0001";"NE_0001";"NE_0001";"NE_0001"
"2023";"09";"150113";"LIMA";"LIMA";"JESUS MARIA";"ESSALUD";"III-2";"00008720";"HOSPITAL NACIONAL EDGARDO REBAGLIATI MARTINS";"240000";"HOSPITALIZACIÓN";"649";"650";"8701";"8423";"293";"8756";"16"
"2023";"09";"150113";"LIMA";"LIMA";"JESUS MARIA";"ESSALUD";"III-2";"00008720";"HOSPITAL NACIONAL EDGARDO REBAGLIATI MARTINS";"240100";"HOSPITALIZACIÓN QUIRÚRGICA CIRUGÍA GENERAL ";"297";"360";"4222";"3528";"120";"3600";"4"
"2023";"09";"150113";"LIMA";"LIMA";"JESUS MARIA";"ESSALUD";"III-2";"00008720";"HOSPITAL NACIONAL EDGARDO REBAGLIATI MARTINS";"240200";"HOSPITALIZACIÓN QUIRÚRGICA CIRUGÍA DE CABEZA Y CUELLO / MÁXILO FACIAL ";"56";"56";"469";"440";"15";"450";"0"
"2023";"09";"150113";"LIMA";"LIMA";"JESUS MARIA";"ESSALUD";"III-2";"00008720";"HOSPITAL NACIONAL EDGARDO REBAGLIATI MARTINS";"240400";"HOSPITALIZACIÓN QUIRÚRGICA CIRUGÍA DE TÓRAX Y CARDIOVASCULAR ";"45";"61";"1092";"1042";"46";"1380";"1"
"2023";"09";"150113";"LIMA";"LIMA";"JESUS MARIA";"ESSALUD";"III-2";"00008720";"HOSPITAL NACIONAL EDGARDO REBAGLIATI MARTINS";"240600";"HOSPITALIZACIÓN QUIRÚRGICA CIRUGÍA OFTALMOLÓGICA ";"18";"18";"143";"113";"4";"120";"0"
"2023";"09";"150113";"LIMA";"LIMA";"JESUS MARIA";"ESSALUD";"III-2";"00008720";"HOSPITAL NACIONAL EDGARDO REBAGLIATI MARTINS";"240700";"HOSPITALIZACIÓN QUIRÚRGICA CIRUGÍA PEDIÁTRICA ";"126";"125";"1125";"1065";"45";"1323";"0"
"2023";"09";"150113";"LIMA";"LIMA";"JESUS MARIA";"ESSALUD";"III-2";"00008720";"HOSPITAL NACIONAL EDGARDO REBAGLIATI MARTINS";"240800";"HOSPITALIZACIÓN QUIRÚRGICA CIRUGÍA PLÁSTICA/RECONSTRUCTIVA/ REPARADORA ";"38";"38";"614";"552";"20";"600";"0"
"2023";"09";"150113";"LIMA";"LIMA";"JESUS MARIA";"ESSALUD";"III-2";"00008720";"HOSPITAL NACIONAL EDGARDO REBAGLIATI MARTINS";"240900";"HOSPITALIZACIÓN QUIRÚRGICA NEUROCIRUGÍA ";"146";"119";"1544";"1768";"61";"1830";"4"
"2023";"09";"150113";"LIMA";"LIMA";"JESUS MARIA";"ESSALUD";"III-2";"00008720";"HOSPITAL NACIONAL EDGARDO REBAGLIATI MARTINS";"241100";"HOSPITALIZACIÓN QUIRÚRGICA OTORRINOLARINGOLOGÍA  ";"52";"45";"310";"355";"12";"360";"0"
"2023";"09";"150113";"LIMA";"LIMA";"JESUS MARIA";"ESSALUD";"III-2";"00008720";"HOSPITAL NACIONAL EDGARDO REBAGLIATI MARTINS";"241200";"HOSPITALIZACIÓN QUIRÚRGICA TRAUMATOLOGÍA Y ORTOPEDIA ";"270";"284";"3549";"3395";"118";"3540";"2"
"2023";"09";"150113";"LIMA";"LIMA";"JESUS MARIA";"ESSALUD";"III-2";"00008720";"HOSPITAL NACIONAL EDGARDO REBAGLIATI MARTINS";"241300";"HOSPITALIZACIÓN QUIRÚRGICA UROLOGÍA  ";"183";"188";"1576";"1427";"48";"1440";"0"
"2023";"09";"150113";"LIMA";"LIMA";"JESUS MARIA";"ESSALUD";"III-2";"00008720";"HOSPITAL NACIONAL EDGARDO REBAGLIATI MARTINS";"241500";"HOSPITALIZACIÓN QUIRÚRGICA GINECOLOGÍA  ";"104";"107";"773";"710";"24";"720";"0"
"2023";"09";"150113";"LIMA";"LIMA";"JESUS MARIA";"ESSALUD";"III-2";"00008720";"HOSPITAL NACIONAL EDGARDO REBAGLIATI MARTINS";"241600";"HOSPITALIZACIÓN QUIRÚRGICA OBSTETRICIA   ";"441";"448";"2871";"2975";"109";"3270";"0"
"2023";"09";"150113";"LIMA";"LIMA";"JESUS MARIA";"ESSALUD";"III-2";"00008720";"HOSPITAL NACIONAL EDGARDO REBAGLIATI MARTINS";"241700";"HOSPITALIZACIÓN QUIRÚRGICA GINECOLOGÍA   GINECOLOGIA ONCOLOGiCA";"119";"123";"715";"719";"24";"720";"0"
"2023";"09";"150113";"LIMA";"LIMA";"JESUS MARIA";"ESSALUD";"III-2";"00008720";"HOSPITAL NACIONAL EDGARDO REBAGLIATI MARTINS";"241900";"HOSPITALIZACIÓN DE MEDICINA MEDICINA INTERNA ";"495";"477";"8539";"7729";"268";"8040";"58"
"2023";"09";"150113";"LIMA";"LIMA";"JESUS MARIA";"ESSALUD";"III-2";"00008720";"HOSPITAL NACIONAL EDGARDO REBAGLIATI MARTINS";"242100";"HOSPITALIZACIÓN DE MEDICINA ONCOLOGÍA MÉDICA ";"118";"123";"1203";"989";"33";"990";"3"
"2023";"09";"150113";"LIMA";"LIMA";"JESUS MARIA";"ESSALUD";"III-2";"00008720";"HOSPITAL NACIONAL EDGARDO REBAGLIATI MARTINS";"242200";"HOSPITALIZACIÓN DE MEDICINA PSIQUIATRÍA ";"88";"91";"1609";"1436";"56";"1680";"0"
"2023";"09";"150113";"LIMA";"LIMA";"JESUS MARIA";"ESSALUD";"III-2";"00008720";"HOSPITAL NACIONAL EDGARDO REBAGLIATI MARTINS";"242300";"HOSPITALIZACIÓN DE PEDIATRÍA  PEDIATRÍA  GENERAL ";"56";"68";"982";"698";"24";"720";"0"
"2023";"09";"150113";"LIMA";"LIMA";"JESUS MARIA";"ESSALUD";"III-2";"00008720";"HOSPITAL NACIONAL EDGARDO REBAGLIATI MARTINS";"242500";"HOSPITALIZACIÓN-PEDIATRÍA GENERAL-";"68";"62";"1357";"955";"35";"1050";"4"
"2023";"09";"150113";"LIMA";"LIMA";"JESUS MARIA";"ESSALUD";"III-2";"00008720";"HOSPITAL NACIONAL EDGARDO REBAGLIATI MARTINS";"243200";"HOSPITALIZACIÓN DE PEDIATRÍA PEDIATRIA NEONATOLOGÍA";"47";"8";"35";"720";"24";"720";"6"
"2023";"09";"150113";"LIMA";"LIMA";"JESUS MARIA";"ESSALUD";"III-2";"00008720";"HOSPITAL NACIONAL EDGARDO REBAGLIATI MARTINS";"243600";"HOSPITALIZACIÓN DE PEDIATRÍA PEDIATRIA ONCOLOGÍA PEDIÁTRICA";"72";"62";"310";"413";"16";"480";"0"
"2023";"09";"150113";"LIMA";"LIMA";"JESUS MARIA";"ESSALUD";"III-2";"00008720";"HOSPITAL NACIONAL EDGARDO REBAGLIATI MARTINS";"250100";"UNIDAD DE CUIDADOS CRITICOS UNIDAD  DE CUIDADOS INTENSIVOS GENERALES (UCI) ";"86";"31";"402";"1796";"61";"1830";"27"
"2023";"09";"150113";"LIMA";"LIMA";"JESUS MARIA";"ESSALUD";"III-2";"00008720";"HOSPITAL NACIONAL EDGARDO REBAGLIATI MARTINS";"250101";"UNIDAD DE CUIDADOS CRITICOS UNIDAD  DE CUIDADOS INTENSIVOS GENERALES (UCI) CARDIOLOGIA";"63";"27";"89";"448";"15";"450";"0"
"2023";"09";"150113";"LIMA";"LIMA";"JESUS MARIA";"ESSALUD";"III-2";"00008720";"HOSPITAL NACIONAL EDGARDO REBAGLIATI MARTINS";"250105";"UNIDAD DE CUIDADOS CRITICOS UNIDAD  DE CUIDADOS INTENSIVOS  (UCI) NEONATOLOGÍA";"8";"36";"933";"930";"31";"930";"0"
"2023";"09";"150113";"LIMA";"LIMA";"JESUS MARIA";"ESSALUD";"III-2";"00008720";"HOSPITAL NACIONAL EDGARDO REBAGLIATI MARTINS";"250108";"UNIDAD DE CUIDADOS CRITICOS UNIDAD  DE CUIDADOS INTENSIVOS  (UCI) PEDIÁTRICA";"17";"7";"406";"315";"13";"390";"6"
"2023";"09";"150113";"LIMA";"LIMA";"JESUS MARIA";"ESSALUD";"III-2";"00008720";"HOSPITAL NACIONAL EDGARDO REBAGLIATI MARTINS";"250200";"UNIDAD DE CUIDADOS CRITICOS UNIDAD DE CUIDADOS INTERMEDIOS GENERAL  (UCIN) ";"2";"6";"335";"716";"24";"720";"4"
"2023";"09";"210801";"PUNO";"MELGAR";"AYAVIRI";"GOBIERNO REGIONAL";"II-1";"00003156";"SAN JUAN DE DIOS (AYAVIRI)";"240100";"HOSPITALIZACIÓN QUIRÚRGICA CIRUGÍA GENERAL ";"59";"66";"298";"298";"19";"570";"0"
"2023";"09";"210801";"PUNO";"MELGAR";"AYAVIRI";"GOBIERNO REGIONAL";"II-1";"00003156";"SAN JUAN DE DIOS (AYAVIRI)";"241500";"HOSPITALIZACIÓN QUIRÚRGICA GINECOLOGÍA  ";"57";"64";"155";"155";"6";"180";"0"
"2023";"09";"210801";"PUNO";"MELGAR";"AYAVIRI";"GOBIERNO REGIONAL";"II-1";"00003156";"SAN JUAN DE DIOS (AYAVIRI)";"241600";"HOSPITALIZACIÓN QUIRÚRGICA OBSTETRICIA   ";"48";"51";"105";"134";"7";"210";"0"
"2023";"09";"210801";"PUNO";"MELGAR";"AYAVIRI";"GOBIERNO REGIONAL";"II-1";"00003156";"SAN JUAN DE DIOS (AYAVIRI)";"241800";"HOSPITALIZACIÓN DE MEDICINA MEDICINA GENERAL ";"10";"15";"138";"134";"14";"420";"0"
"2023";"09";"210801";"PUNO";"MELGAR";"AYAVIRI";"GOBIERNO REGIONAL";"II-1";"00003156";"SAN JUAN DE DIOS (AYAVIRI)";"242500";"HOSPITALIZACIÓN-PEDIATRÍA GENERAL-";"25";"27";"113";"122";"7";"210";"0"
"2023";"09";"210801";"PUNO";"MELGAR";"AYAVIRI";"GOBIERNO REGIONAL";"II-1";"00003156";"SAN JUAN DE DIOS (AYAVIRI)";"243200";"HOSPITALIZACIÓN DE PEDIATRÍA PEDIATRIA NEONATOLOGÍA";"48";"55";"200";"90";"3";"211";"1"
"2023";"09";"040126";"AREQUIPA";"AREQUIPA";"YANAHUARA";"PRIVADO";"II-1";"00012907";"SISTEMAS DE ADMINISTRACION HOSPITALARIA S.A.C.";"242300";"HOSPITALIZACIÓN DE PEDIATRÍA  PEDIATRÍA  GENERAL ";"20";"20";"60";"6";"5";"155";"0"
"2023";"09";"040126";"AREQUIPA";"AREQUIPA";"YANAHUARA";"PRIVADO";"II-1";"00012907";"SISTEMAS DE ADMINISTRACION HOSPITALARIA S.A.C.";"240100";"HOSPITALIZACIÓN QUIRÚRGICA CIRUGÍA GENERAL ";"124";"124";"480";"100";"9";"279";"0"
"2023";"09";"040126";"AREQUIPA";"AREQUIPA";"YANAHUARA";"PRIVADO";"II-1";"00012907";"SISTEMAS DE ADMINISTRACION HOSPITALARIA S.A.C.";"241400";"HOSPITALIZACIÓN QUIRÚRGICA GINECO - OBSTETRICIA ";"24";"24";"72";"64";"5";"155";"0"
"2023";"09";"040126";"AREQUIPA";"AREQUIPA";"YANAHUARA";"PRIVADO";"II-1";"00012907";"SISTEMAS DE ADMINISTRACION HOSPITALARIA S.A.C.";"241900";"HOSPITALIZACIÓN DE MEDICINA MEDICINA INTERNA ";"72";"72";"144";"19";"5";"155";"0"
"2023";"09";"081205";"CUSCO";"QUISPICANCHI";"CCATCA";"GOBIERNO REGIONAL";"I-1";"00008911";"HUARA HUARA";"NE_0001";"";"NE_0001";"NE_0001";"NE_0001";"NE_0001";"NE_0001";"NE_0001";"NE_0001"
"2023";"09";"081202";"CUSCO";"QUISPICANCHI";"ANDAHUAYLILLAS";"GOBIERNO REGIONAL";"I-2";"00002525";"ANDAHUAYLILLAS";"NE_0001";"";"NE_0001";"NE_0001";"NE_0001";"NE_0001";"NE_0001";"NE_0001";"NE_0001"
"2023";"09";"150101";"LIMA";"LIMA";"LIMA";"MINSA";"III-1";"00006206";"NACIONAL  DOS DE MAYO";"240900";"HOSPITALIZACIÓN QUIRÚRGICA NEUROCIRUGÍA ";"46";"38";"461";"600";"20";"600";"0"
"2023";"09";"150101";"LIMA";"LIMA";"LIMA";"MINSA";"III-1";"00006206";"NACIONAL  DOS DE MAYO";"241100";"HOSPITALIZACIÓN QUIRÚRGICA OTORRINOLARINGOLOGÍA  ";"12";"12";"93";"49";"2";"60";"0"
"2023";"09";"150101";"LIMA";"LIMA";"LIMA";"MINSA";"III-1";"00006206";"NACIONAL  DOS DE MAYO";"240700";"HOSPITALIZACIÓN QUIRÚRGICA CIRUGÍA PEDIÁTRICA ";"29";"28";"145";"155";"6";"180";"0"
"2023";"09";"150101";"LIMA";"LIMA";"LIMA";"MINSA";"III-1";"00006206";"NACIONAL  DOS DE MAYO";"240200";"HOSPITALIZACIÓN QUIRÚRGICA CIRUGÍA DE CABEZA Y CUELLO / MÁXILO FACIAL ";"19";"19";"116";"238";"10";"300";"0"
"2023";"09";"150101";"LIMA";"LIMA";"LIMA";"MINSA";"III-1";"00006206";"NACIONAL  DOS DE MAYO";"240800";"HOSPITALIZACIÓN QUIRÚRGICA CIRUGÍA PLÁSTICA/RECONSTRUCTIVA/ REPARADORA ";"9";"9";"116";"84";"4";"120";"0"
"2023";"09";"150101";"LIMA";"LIMA";"LIMA";"MINSA";"III-1";"00006206";"NACIONAL  DOS DE MAYO";"241400";"HOSPITALIZACIÓN QUIRÚRGICA GINECO - OBSTETRICIA ";"352";"365";"1091";"1451";"53";"1590";"0"
"2023";"09";"150101";"LIMA";"LIMA";"LIMA";"MINSA";"III-1";"00006206";"NACIONAL  DOS DE MAYO";"243200";"HOSPITALIZACIÓN DE PEDIATRÍA PEDIATRIA NEONATOLOGÍA";"155";"145";"474";"625";"24";"720";"1"
"2023";"09";"150101";"LIMA";"LIMA";"LIMA";"MINSA";"III-1";"00006206";"NACIONAL  DOS DE MAYO";"242300";"HOSPITALIZACIÓN DE PEDIATRÍA  PEDIATRÍA  GENERAL ";"80";"87";"359";"681";"24";"720";"0"
"2023";"09";"150101";"LIMA";"LIMA";"LIMA";"MINSA";"III-1";"00006206";"NACIONAL  DOS DE MAYO";"250100";"UNIDAD DE CUIDADOS CRITICOS UNIDAD  DE CUIDADOS INTENSIVOS GENERALES (UCI) ";"37";"37";"223";"1323";"68";"2040";"24"
"2023";"09";"150105";"LIMA";"LIMA";"BREÑA";"MINSA";"III-2";"00006216";"INSTITUTO NACIONAL DE SALUD DEL NIÑO";"240200";"HOSPITALIZACIÓN QUIRÚRGICA CIRUGÍA DE CABEZA Y CUELLO / MÁXILO FACIAL ";"17";"13";"219";"185";"10";"300";"0"
"2023";"09";"150105";"LIMA";"LIMA";"BREÑA";"MINSA";"III-2";"00006216";"INSTITUTO NACIONAL DE SALUD DEL NIÑO";"240400";"HOSPITALIZACIÓN QUIRÚRGICA CIRUGÍA DE TÓRAX Y CARDIOVASCULAR ";"11";"11";"262";"188";"19";"570";"0"
"2023";"09";"150105";"LIMA";"LIMA";"BREÑA";"MINSA";"III-2";"00006216";"INSTITUTO NACIONAL DE SALUD DEL NIÑO";"240700";"HOSPITALIZACIÓN QUIRÚRGICA CIRUGÍA PEDIÁTRICA ";"73";"65";"485";"494";"20";"600";"0"
"2023";"09";"150105";"LIMA";"LIMA";"BREÑA";"MINSA";"III-2";"00006216";"INSTITUTO NACIONAL DE SALUD DEL NIÑO";"240801";"HOSPITALIZACIÓN QUIRÚRGICA CIRUGÍA PLÁSTICA/RECONSTRUCTIVA/ REPARADORA QUEMADOS";"76";"75";"472";"374";"26";"780";"0"
"2023";"09";"150105";"LIMA";"LIMA";"BREÑA";"MINSA";"III-2";"00006216";"INSTITUTO NACIONAL DE SALUD DEL NIÑO";"240900";"HOSPITALIZACIÓN QUIRÚRGICA NEUROCIRUGÍA ";"22";"19";"417";"628";"21";"630";"1"
"2023";"09";"150105";"LIMA";"LIMA";"BREÑA";"MINSA";"III-2";"00006216";"INSTITUTO NACIONAL DE SALUD DEL NIÑO";"241200";"HOSPITALIZACIÓN QUIRÚRGICA TRAUMATOLOGÍA Y ORTOPEDIA ";"40";"33";"316";"592";"28";"840";"0"
"2023";"09";"150105";"LIMA";"LIMA";"BREÑA";"MINSA";"III-2";"00006216";"INSTITUTO NACIONAL DE SALUD DEL NIÑO";"241300";"HOSPITALIZACIÓN QUIRÚRGICA UROLOGÍA  ";"12";"6";"58";"97";"5";"150";"0"
"2023";"09";"150105";"LIMA";"LIMA";"BREÑA";"MINSA";"III-2";"00006216";"INSTITUTO NACIONAL DE SALUD DEL NIÑO";"242000";"HOSPITALIZACIÓN DE MEDICINA MEDICINA TROPICAL E INFECCIOSAS ";"55";"46";"382";"542";"25";"750";"0"
"2023";"09";"150105";"LIMA";"LIMA";"BREÑA";"MINSA";"III-2";"00006216";"INSTITUTO NACIONAL DE SALUD DEL NIÑO";"242300";"HOSPITALIZACIÓN DE PEDIATRÍA  PEDIATRÍA  GENERAL ";"318";"287";"2434";"2652";"92";"2760";"1"
"2023";"09";"150105";"LIMA";"LIMA";"BREÑA";"MINSA";"III-2";"00006216";"INSTITUTO NACIONAL DE SALUD DEL NIÑO";"242600";"HOSPITALIZACIÓN DE PEDIATRÍA PEDIATRIA CARDIOLOGÍA PEDIÁTRICA";"50";"40";"76";"280";"16";"480";"0"
"2023";"09";"150105";"LIMA";"LIMA";"BREÑA";"MINSA";"III-2";"00006216";"INSTITUTO NACIONAL DE SALUD DEL NIÑO";"242700";"HOSPITALIZACIÓN DE PEDIATRÍA PEDIATRIA DERMATOLOGÍA PEDIÁTRICA";"13";"11";"54";"75";"4";"120";"0"
"2023";"07";"150201";"LIMA";"BARRANCA";"BARRANCA";"GOBIERNO REGIONAL";"II-2";"00007635";"HOSPITAL DE BARRANCA";"240100";"HOSPITALIZACIÓN QUIRÚRGICA CIRUGÍA GENERAL ";"69";"78";"277";"450";"12";"372";"0"
"2023";"07";"150201";"LIMA";"BARRANCA";"BARRANCA";"GOBIERNO REGIONAL";"II-2";"00007635";"HOSPITAL DE BARRANCA";"241100";"HOSPITALIZACIÓN QUIRÚRGICA OTORRINOLARINGOLOGÍA  ";"2";"2";"6";"2";"3";"93";"0"
"2023";"07";"150201";"LIMA";"BARRANCA";"BARRANCA";"GOBIERNO REGIONAL";"II-2";"00007635";"HOSPITAL DE BARRANCA";"241200";"HOSPITALIZACIÓN QUIRÚRGICA TRAUMATOLOGÍA Y ORTOPEDIA ";"15";"20";"167";"50";"8";"248";"0"
"2023";"07";"150201";"LIMA";"BARRANCA";"BARRANCA";"GOBIERNO REGIONAL";"II-2";"00007635";"HOSPITAL DE BARRANCA";"241300";"HOSPITALIZACIÓN QUIRÚRGICA UROLOGÍA  ";"6";"6";"23";"2";"3";"93";"0"
"2023";"07";"150201";"LIMA";"BARRANCA";"BARRANCA";"GOBIERNO REGIONAL";"II-2";"00007635";"HOSPITAL DE BARRANCA";"241500";"HOSPITALIZACIÓN QUIRÚRGICA GINECOLOGÍA  ";"105";"113";"270";"174";"16";"496";"0"
"2023";"07";"150201";"LIMA";"BARRANCA";"BARRANCA";"GOBIERNO REGIONAL";"II-2";"00007635";"HOSPITAL DE BARRANCA";"241600";"HOSPITALIZACIÓN QUIRÚRGICA OBSTETRICIA   ";"53";"53";"72";"172";"15";"465";"0"
"2023";"07";"150201";"LIMA";"BARRANCA";"BARRANCA";"GOBIERNO REGIONAL";"II-2";"00007635";"HOSPITAL DE BARRANCA";"241800";"HOSPITALIZACIÓN DE MEDICINA MEDICINA GENERAL ";"52";"62";"392";"428";"25";"775";"4"
"2023";"07";"150201";"LIMA";"BARRANCA";"BARRANCA";"GOBIERNO REGIONAL";"II-2";"00007635";"HOSPITAL DE BARRANCA";"242500";"HOSPITALIZACIÓN-PEDIATRÍA GENERAL-";"63";"72";"362";"274";"20";"620";"0"
"2023";"07";"150201";"LIMA";"BARRANCA";"BARRANCA";"GOBIERNO REGIONAL";"II-2";"00007635";"HOSPITAL DE BARRANCA";"243200";"HOSPITALIZACIÓN DE PEDIATRÍA PEDIATRIA NEONATOLOGÍA";"94";"97";"127";"159";"22";"682";"1"
"2023";"07";"150201";"LIMA";"BARRANCA";"BARRANCA";"GOBIERNO REGIONAL";"II-2";"00007635";"HOSPITAL DE BARRANCA";"250103";"UNIDAD DE CUIDADOS CRITICOS UNIDAD  DE CUIDADOS INTENSIVOS GENERALES  (UCI) MEDICINA";"1";"3";"33";"26";"4";"124";"1"
"2023";"07";"150201";"LIMA";"BARRANCA";"BARRANCA";"GOBIERNO REGIONAL";"II-2";"00007635";"HOSPITAL DE BARRANCA";"250108";"UNIDAD DE CUIDADOS CRITICOS UNIDAD  DE CUIDADOS INTENSIVOS  (UCI) PEDIÁTRICA";"0";"2";"15";"43";"7";"217";"0"
"2023";"07";"050601";"AYACUCHO";"LUCANAS";"PUQUIO";"GOBIERNO REGIONAL";"II-1";"00003727";"HOSPITAL DE APOYO DE PUQUIO ""FELIPE HUAMÁN POMA DE AYALA""";"240100";"HOSPITALIZACIÓN QUIRÚRGICA CIRUGÍA GENERAL ";"10";"12";"66";"10";"8";"248";"0"
"2023";"07";"050601";"AYACUCHO";"LUCANAS";"PUQUIO";"GOBIERNO REGIONAL";"II-1";"00003727";"HOSPITAL DE APOYO DE PUQUIO ""FELIPE HUAMÁN POMA DE AYALA""";"241400";"HOSPITALIZACIÓN QUIRÚRGICA GINECO - OBSTETRICIA ";"1";"1";"1";"1";"2";"62";"0"
"2023";"07";"050601";"AYACUCHO";"LUCANAS";"PUQUIO";"GOBIERNO REGIONAL";"II-1";"00003727";"HOSPITAL DE APOYO DE PUQUIO ""FELIPE HUAMÁN POMA DE AYALA""";"241500";"HOSPITALIZACIÓN QUIRÚRGICA GINECOLOGÍA  ";"16";"21";"49";"16";"2";"62";"0"
"2023";"07";"050601";"AYACUCHO";"LUCANAS";"PUQUIO";"GOBIERNO REGIONAL";"II-1";"00003727";"HOSPITAL DE APOYO DE PUQUIO ""FELIPE HUAMÁN POMA DE AYALA""";"241600";"HOSPITALIZACIÓN QUIRÚRGICA OBSTETRICIA   ";"25";"27";"59";"25";"8";"248";"0"
"2023";"07";"050601";"AYACUCHO";"LUCANAS";"PUQUIO";"GOBIERNO REGIONAL";"II-1";"00003727";"HOSPITAL DE APOYO DE PUQUIO ""FELIPE HUAMÁN POMA DE AYALA""";"241800";"HOSPITALIZACIÓN DE MEDICINA MEDICINA GENERAL ";"15";"18";"131";"15";"10";"310";"1"
"2023";"07";"050601";"AYACUCHO";"LUCANAS";"PUQUIO";"GOBIERNO REGIONAL";"II-1";"00003727";"HOSPITAL DE APOYO DE PUQUIO ""FELIPE HUAMÁN POMA DE AYALA""";"241900";"HOSPITALIZACIÓN DE MEDICINA MEDICINA INTERNA ";"1";"1";"2";"1";"2";"62";"0"
"2023";"07";"050601";"AYACUCHO";"LUCANAS";"PUQUIO";"GOBIERNO REGIONAL";"II-1";"00003727";"HOSPITAL DE APOYO DE PUQUIO ""FELIPE HUAMÁN POMA DE AYALA""";"242500";"HOSPITALIZACIÓN-PEDIATRÍA GENERAL-";"13";"16";"44";"13";"11";"341";"0"
"2023";"07";"050601";"AYACUCHO";"LUCANAS";"PUQUIO";"GOBIERNO REGIONAL";"II-1";"00003727";"HOSPITAL DE APOYO DE PUQUIO ""FELIPE HUAMÁN POMA DE AYALA""";"243200";"HOSPITALIZACIÓN DE PEDIATRÍA PEDIATRIA NEONATOLOGÍA";"2";"3";"7";"2";"7";"217";"0"
"2023";"07";"060612";"CAJAMARCA";"CUTERVO";"SANTO DOMINGO DE LA CAPILLA";"GOBIERNO REGIONAL";"I-1";"00006861";"CHAUPECRUZ";"NE_0001";"";"NE_0001";"NE_0001";"NE_0001";"NE_0001";"NE_0001";"NE_0001";"NE_0001"
"2023";"07";"060602";"CAJAMARCA";"CUTERVO";"CALLAYUC";"GOBIERNO REGIONAL";"I-1";"00004963";"SANTA CLARA";"NE_0001";"";"NE_0001";"NE_0001";"NE_0001";"NE_0001";"NE_0001";"NE_0001";"NE_0001"
"2023";"07";"060612";"CAJAMARCA";"CUTERVO";"SANTO DOMINGO DE LA CAPILLA";"GOBIERNO REGIONAL";"I-1";"00005004";"SAN PEDRO DE LA CAPILLA";"NE_0001";"";"NE_0001";"NE_0001";"NE_0001";"NE_0001";"NE_0001";"NE_0001";"NE_0001"
"2023";"07";"060612";"CAJAMARCA";"CUTERVO";"SANTO DOMINGO DE LA CAPILLA";"GOBIERNO REGIONAL";"I-1";"00006960";"PAN DE AZUCAR";"NE_0001";"";"NE_0001";"NE_0001";"NE_0001";"NE_0001";"NE_0001";"NE_0001";"NE_0001"
"2023";"07";"060612";"CAJAMARCA";"CUTERVO";"SANTO DOMINGO DE LA CAPILLA";"GOBIERNO REGIONAL";"I-1";"00007370";"CEDROPAMPA";"NE_0001";"";"NE_0001";"NE_0001";"NE_0001";"NE_0001";"NE_0001";"NE_0001";"NE_0001"
"2023";"07";"060612";"CAJAMARCA";"CUTERVO";"SANTO DOMINGO DE LA CAPILLA";"GOBIERNO REGIONAL";"I-1";"00006862";"PALO QUEMADO";"NE_0001";"";"NE_0001";"NE_0001";"NE_0001";"NE_0001";"NE_0001";"NE_0001";"NE_0001"
"2023";"07";"060612";"CAJAMARCA";"CUTERVO";"SANTO DOMINGO DE LA CAPILLA";"GOBIERNO REGIONAL";"I-1";"00006958";"PLAYA HERMOZA";"NE_0001";"";"NE_0001";"NE_0001";"NE_0001";"NE_0001";"NE_0001";"NE_0001";"NE_0001"
"2023";"07";"060612";"CAJAMARCA";"CUTERVO";"SANTO DOMINGO DE LA CAPILLA";"GOBIERNO REGIONAL";"I-3";"00005002";"STO. DOMINGO DE LA CAPILLA";"NE_0001";"";"NE_0001";"NE_0001";"NE_0001";"NE_0001";"NE_0001";"NE_0001";"NE_0001"
"2023";"07";"060612";"CAJAMARCA";"CUTERVO";"SANTO DOMINGO DE LA CAPILLA";"GOBIERNO REGIONAL";"I-1";"00005003";"MIRAFLORES";"NE_0001";"";"NE_0001";"NE_0001";"NE_0001";"NE_0001";"NE_0001";"NE_0001";"NE_0001"
"2023";"07";"060612";"CAJAMARCA";"CUTERVO";"SANTO DOMINGO DE LA CAPILLA";"GOBIERNO REGIONAL";"I-1";"00006863";"NARANJOS";"NE_0001";"";"NE_0001";"NE_0001";"NE_0001";"NE_0001";"NE_0001";"NE_0001";"NE_0001"
"2023";"07";"060612";"CAJAMARCA";"CUTERVO";"SANTO DOMINGO DE LA CAPILLA";"GOBIERNO REGIONAL";"I-1";"00006864";"NARANJOYACU";"NE_0001";"";"NE_0001";"NE_0001";"NE_0001";"NE_0001";"NE_0001";"NE_0001";"NE_0001"
"2023";"07";"050104";"AYACUCHO";"HUAMANGA";"CARMEN ALTO";"SANIDAD DE LA POLICIA NACIONAL DEL PERU";"I-2";"00027415";"POSTA MEDICA POLICIAL EESTP PNP AYACUCHO";"NE_0001";"";"NE_0001";"NE_0001";"NE_0001";"NE_0001";"NE_0001";"NE_0001";"NE_0001"
"2023";"07";"120303";"JUNIN";"CHANCHAMAYO";"PICHANAQUI";"GOBIERNO REGIONAL";"I-2";"00000349";"BELEN DE ANAPIARI";"NE_0001";"";"NE_0001";"NE_0001";"NE_0001";"NE_0001";"NE_0001";"NE_0001";"NE_0001"
"2023";"07";"120303";"JUNIN";"CHANCHAMAYO";"PICHANAQUI";"GOBIERNO REGIONAL";"I-2";"00006711";"SAN FRANCISCO CENTRO KUVIRIANI";"NE_0001";"";"NE_0001";"NE_0001";"NE_0001";"NE_0001";"NE_0001";"NE_0001";"NE_0001"
"2023";"07";"130904";"LA LIBERTAD";"SANCHEZ CARRION";"CURGOS";"GOBIERNO REGIONAL";"I-1";"00021651";"HUAYLLAGUAL";"NE_0001";"";"NE_0001";"NE_0001";"NE_0001";"NE_0001";"NE_0001";"NE_0001";"NE_0001"
"2023";"07";"130904";"LA LIBERTAD";"SANCHEZ CARRION";"CURGOS";"GOBIERNO REGIONAL";"I-1";"00021652";"EL CALVARIO";"NE_0001";"";"NE_0001";"NE_0001";"NE_0001";"NE_0001";"NE_0001";"NE_0001";"NE_0001"
"2023";"07";"130904";"LA LIBERTAD";"SANCHEZ CARRION";"CURGOS";"GOBIERNO REGIONAL";"I-2";"00005357";"CURGOS-WALTER JUNIOR VELARDE ARTEAGA";"NE_0001";"";"NE_0001";"NE_0001";"NE_0001";"NE_0001";"NE_0001";"NE_0001";"NE_0001"
"2023";"07";"220505";"SAN MARTIN";"LAMAS";"CUÑUMBUQUI";"GOBIERNO REGIONAL";"I-3";"00006396";"CUÑUMBUQUE";"241600";"HOSPITALIZACIÓN QUIRÚRGICA OBSTETRICIA   ";"3";"3";"3";"3";"2";"62";"0"
"2023";"07";"220511";"SAN MARTIN";"LAMAS";"ZAPATERO";"GOBIERNO REGIONAL";"I-1";"00006404";"SANTA CRUZ DE SHITARIYACU";"NE_0002";"";"NE_0002";"NE_0002";"NE_0002";"NE_0002";"NE_0002";"NE_0002";"NE_0002"
"2023";"07";"220511";"SAN MARTIN";"LAMAS";"ZAPATERO";"GOBIERNO REGIONAL";"I-1";"00006405";"BAGAZAN";"NE_0002";"";"NE_0002";"NE_0002";"NE_0002";"NE_0002";"NE_0002";"NE_0002";"NE_0002"
"2023";"07";"220511";"SAN MARTIN";"LAMAS";"ZAPATERO";"GOBIERNO REGIONAL";"I-1";"00006399";"ZAPATERO";"NE_0002";"";"NE_0002";"NE_0002";"NE_0002";"NE_0002";"NE_0002";"NE_0002";"NE_0002"
"2023";"07";"220511";"SAN MARTIN";"LAMAS";"ZAPATERO";"GOBIERNO REGIONAL";"I-1";"00006406";"NUEVO MUNDO";"NE_0002";"";"NE_0002";"NE_0002";"NE_0002";"NE_0002";"NE_0002";"NE_0002";"NE_0002"
"2023";"07";"220511";"SAN MARTIN";"LAMAS";"ZAPATERO";"GOBIERNO REGIONAL";"I-1";"00006810";"VISTOSO GRANDE";"NE_0002";"";"NE_0002";"NE_0002";"NE_0002";"NE_0002";"NE_0002";"NE_0002";"NE_0002"
"2023";"07";"220505";"SAN MARTIN";"LAMAS";"CUÑUMBUQUI";"GOBIERNO REGIONAL";"I-1";"00006397";"SAN RAFAEL DEL RIO MAYO";"NE_0002";"";"NE_0002";"NE_0002";"NE_0002";"NE_0002";"NE_0002";"NE_0002";"NE_0002"
"2023";"08";"150142";"LIMA";"LIMA";"VILLA EL SALVADOR";"ESSALUD";"II-1";"00008741";"ULDARICO ROCCA FERNANDEZ";"241500";"HOSPITALIZACIÓN QUIRÚRGICA GINECOLOGÍA  ";"21";"22";"79";"70";"3";"93";"0"
"2023";"08";"150142";"LIMA";"LIMA";"VILLA EL SALVADOR";"ESSALUD";"II-1";"00008741";"ULDARICO ROCCA FERNANDEZ";"241600";"HOSPITALIZACIÓN QUIRÚRGICA OBSTETRICIA   ";"154";"151";"304";"306";"15";"465";"0"
"2023";"08";"150142";"LIMA";"LIMA";"VILLA EL SALVADOR";"ESSALUD";"II-1";"00008741";"ULDARICO ROCCA FERNANDEZ";"242300";"HOSPITALIZACIÓN DE PEDIATRÍA  PEDIATRÍA  GENERAL ";"71";"70";"232";"231";"9";"279";"0"
"2023";"08";"150142";"LIMA";"LIMA";"VILLA EL SALVADOR";"ESSALUD";"II-1";"00008741";"ULDARICO ROCCA FERNANDEZ";"250100";"UNIDAD DE CUIDADOS CRITICOS UNIDAD  DE CUIDADOS INTENSIVOS GENERALES (UCI) ";"10";"13";"119";"80";"4";"124";"2"
"2023";"08";"021001";"ANCASH";"HUARI";"HUARI";"GOBIERNO REGIONAL";"II-1";"00001813";"HOSPITAL DE APOYO HUARI";"241600";"HOSPITALIZACIÓN QUIRÚRGICA OBSTETRICIA   ";"69";"75";"148";"152";"12";"372";"0"
"2023";"08";"021001";"ANCASH";"HUARI";"HUARI";"GOBIERNO REGIONAL";"II-1";"00001813";"HOSPITAL DE APOYO HUARI";"241800";"HOSPITALIZACIÓN DE MEDICINA MEDICINA GENERAL ";"33";"35";"103";"108";"12";"372";"0"
"2023";"08";"021001";"ANCASH";"HUARI";"HUARI";"GOBIERNO REGIONAL";"II-1";"00001813";"HOSPITAL DE APOYO HUARI";"242500";"HOSPITALIZACIÓN-PEDIATRÍA GENERAL-";"5";"5";"9";"24";"4";"124";"0"
"2023";"08";"021001";"ANCASH";"HUARI";"HUARI";"GOBIERNO REGIONAL";"II-1";"00001813";"HOSPITAL DE APOYO HUARI";"243200";"HOSPITALIZACIÓN DE PEDIATRÍA PEDIATRIA NEONATOLOGÍA";"4";"4";"9";"9";"1";"31";"0"
"2023";"08";"070101";"CALLAO";"CALLAO";"CALLAO";"ESSALUD";"II-2";"00010533";"HOSPITAL II LIMA NORTE CALLAO ""LUIS NEGREIROS VEGA"" ESSALUD";"241900";"HOSPITALIZACIÓN DE MEDICINA MEDICINA INTERNA ";"200";"201";"1698";"1855";"60";"1860";"12"
"2023";"08";"070101";"CALLAO";"CALLAO";"CALLAO";"ESSALUD";"II-2";"00010533";"HOSPITAL II LIMA NORTE CALLAO ""LUIS NEGREIROS VEGA"" ESSALUD";"240100";"HOSPITALIZACIÓN QUIRÚRGICA CIRUGÍA GENERAL ";"408";"396";"759";"868";"34";"1054";"0"
"2023";"08";"070101";"CALLAO";"CALLAO";"CALLAO";"ESSALUD";"II-2";"00010533";"HOSPITAL II LIMA NORTE CALLAO ""LUIS NEGREIROS VEGA"" ESSALUD";"241600";"HOSPITALIZACIÓN QUIRÚRGICA OBSTETRICIA   ";"442";"434";"708";"654";"35";"1085";"0"
"2023";"08";"070101";"CALLAO";"CALLAO";"CALLAO";"ESSALUD";"II-2";"00010533";"HOSPITAL II LIMA NORTE CALLAO ""LUIS NEGREIROS VEGA"" ESSALUD";"242300";"HOSPITALIZACIÓN DE PEDIATRÍA  PEDIATRÍA  GENERAL ";"116";"115";"345";"353";"13";"403";"0"
"2023";"08";"040520";"AREQUIPA";"CAYLLOMA";"MAJES";"GOBIERNO REGIONAL";"II-1";"00016721";"HOSPITAL CENTRAL DE MAJES ING. ANGEL GABRIEL CHURA GALLEGOS";"240100";"HOSPITALIZACIÓN QUIRÚRGICA CIRUGÍA GENERAL ";"38";"39";"129";"115";"6";"186";"0"
"2023";"08";"040520";"AREQUIPA";"CAYLLOMA";"MAJES";"GOBIERNO REGIONAL";"II-1";"00016721";"HOSPITAL CENTRAL DE MAJES ING. ANGEL GABRIEL CHURA GALLEGOS";"241200";"HOSPITALIZACIÓN QUIRÚRGICA TRAUMATOLOGÍA Y ORTOPEDIA ";"12";"12";"94";"72";"6";"186";"0"
"2023";"08";"040520";"AREQUIPA";"CAYLLOMA";"MAJES";"GOBIERNO REGIONAL";"II-1";"00016721";"HOSPITAL CENTRAL DE MAJES ING. ANGEL GABRIEL CHURA GALLEGOS";"241300";"HOSPITALIZACIÓN QUIRÚRGICA UROLOGÍA  ";"4";"4";"13";"11";"3";"93";"0"
"2023";"08";"040520";"AREQUIPA";"CAYLLOMA";"MAJES";"GOBIERNO REGIONAL";"II-1";"00016721";"HOSPITAL CENTRAL DE MAJES ING. ANGEL GABRIEL CHURA GALLEGOS";"241400";"HOSPITALIZACIÓN QUIRÚRGICA GINECO - OBSTETRICIA ";"33";"33";"81";"71";"6";"186";"0"
"2023";"08";"040520";"AREQUIPA";"CAYLLOMA";"MAJES";"GOBIERNO REGIONAL";"II-1";"00016721";"HOSPITAL CENTRAL DE MAJES ING. ANGEL GABRIEL CHURA GALLEGOS";"241500";"HOSPITALIZACIÓN QUIRÚRGICA GINECOLOGÍA  ";"33";"33";"81";"71";"6";"186";"0"
"2023";"08";"040520";"AREQUIPA";"CAYLLOMA";"MAJES";"GOBIERNO REGIONAL";"II-1";"00016721";"HOSPITAL CENTRAL DE MAJES ING. ANGEL GABRIEL CHURA GALLEGOS";"241600";"HOSPITALIZACIÓN QUIRÚRGICA OBSTETRICIA   ";"90";"90";"196";"71";"11";"186";"0"
"2023";"08";"040520";"AREQUIPA";"CAYLLOMA";"MAJES";"GOBIERNO REGIONAL";"II-1";"00016721";"HOSPITAL CENTRAL DE MAJES ING. ANGEL GABRIEL CHURA GALLEGOS";"241800";"HOSPITALIZACIÓN DE MEDICINA MEDICINA GENERAL ";"27";"33";"172";"145";"14";"186";"1"
"2023";"08";"040520";"AREQUIPA";"CAYLLOMA";"MAJES";"GOBIERNO REGIONAL";"II-1";"00016721";"HOSPITAL CENTRAL DE MAJES ING. ANGEL GABRIEL CHURA GALLEGOS";"242500";"HOSPITALIZACIÓN-PEDIATRÍA GENERAL-";"8";"11";"48";"41";"8";"248";"0"
"2023";"08";"130906";"LA LIBERTAD";"SANCHEZ CARRION";"SANAGORAN";"GOBIERNO REGIONAL";"I-2";"00005360";"VENTANAS";"NE_0001";"";"NE_0001";"NE_0001";"NE_0001";"NE_0001";"NE_0001";"NE_0001";"NE_0001"
"2023";"08";"130906";"LA LIBERTAD";"SANCHEZ CARRION";"SANAGORAN";"GOBIERNO REGIONAL";"I-1";"00019765";"24 DE JUNIO";"NE_0001";"";"NE_0001";"NE_0001";"NE_0001";"NE_0001";"NE_0001";"NE_0001";"NE_0001"
"2023";"08";"130906";"LA LIBERTAD";"SANCHEZ CARRION";"SANAGORAN";"GOBIERNO REGIONAL";"I-2";"00005359";"SANAGORAN";"NE_0001";"";"NE_0001";"NE_0001";"NE_0001";"NE_0001";"NE_0001";"NE_0001";"NE_0001"
"2023";"08";"130906";"LA LIBERTAD";"SANCHEZ CARRION";"SANAGORAN";"GOBIERNO REGIONAL";"I-2";"00007240";"HUALASGOSDAY";"NE_0001";"";"NE_0001";"NE_0001";"NE_0001";"NE_0001";"NE_0001";"NE_0001";"NE_0001"
"2023";"08";"130906";"LA LIBERTAD";"SANCHEZ CARRION";"SANAGORAN";"GOBIERNO REGIONAL";"I-2";"00007241";"CORRAL GRANDE";"NE_0001";"";"NE_0001";"NE_0001";"NE_0001";"NE_0001";"NE_0001";"NE_0001";"NE_0001"
"2023";"08";"100510";"HUANUCO";"HUAMALIES";"SINGA";"GOBIERNO REGIONAL";"I-1";"00019155";"SAN JUAN DE VISCAS";"NE_0001";"";"NE_0001";"NE_0001";"NE_0001";"NE_0001";"NE_0001";"NE_0001";"NE_0001"
"2023";"08";"100510";"HUANUCO";"HUAMALIES";"SINGA";"GOBIERNO REGIONAL";"I-1";"00000902";"BELLAS FLORES";"NE_0001";"";"NE_0001";"NE_0001";"NE_0001";"NE_0001";"NE_0001";"NE_0001";"NE_0001"
"2023";"08";"100510";"HUANUCO";"HUAMALIES";"SINGA";"GOBIERNO REGIONAL";"I-3";"00000900";"SINGA";"NE_0001";"";"NE_0001";"NE_0001";"NE_0001";"NE_0001";"NE_0001";"NE_0001";"NE_0001"
"2023";"08";"100510";"HUANUCO";"HUAMALIES";"SINGA";"GOBIERNO REGIONAL";"I-1";"00017149";"SANTA ROSA DE PAMPAN";"NE_0001";"";"NE_0001";"NE_0001";"NE_0001";"NE_0001";"NE_0001";"NE_0001";"NE_0001"
"2023";"09";"150101";"LIMA";"LIMA";"LIMA";"PRIVADO";"I-2";"00018921";"ARIE";"NE_0002";"";"NE_0002";"NE_0002";"NE_0002";"NE_0002";"NE_0002";"NE_0002";"NE_0002"
"2023";"09";"150129";"LIMA";"LIMA";"SAN BARTOLO";"SANIDAD DE LA POLICIA NACIONAL DEL PERU";"I-2";"00019390";"POSTA MEDICA ETS. PNP. SAN BARTOLO";"NE_0001";"";"NE_0001";"NE_0001";"NE_0001";"NE_0001";"NE_0001";"NE_0001";"NE_0001"
"2023";"09";"060101";"CAJAMARCA";"CAJAMARCA";"CAJAMARCA";"PRIVADO";"II-1";"00009234";"CLINICA LOS FRESNOS";"240100";"HOSPITALIZACIÓN QUIRÚRGICA CIRUGÍA GENERAL ";"13";"13";"17";"13";"13";"14";"0"
"2023";"09";"060101";"CAJAMARCA";"CAJAMARCA";"CAJAMARCA";"PRIVADO";"II-1";"00009234";"CLINICA LOS FRESNOS";"244300";"HOSPITALIZACIÓN DE MEDICINA GASTROENTEROLOGÍA  ";"1";"1";"1";"1";"1";"2";"0"
"2023";"09";"060101";"CAJAMARCA";"CAJAMARCA";"CAJAMARCA";"PRIVADO";"II-1";"00009234";"CLINICA LOS FRESNOS";"245400";"HOSPITALIZACIÓN DE MEDICINA GINECOLOGIA ";"28";"28";"44";"28";"28";"29";"0"
"2023";"09";"060101";"CAJAMARCA";"CAJAMARCA";"CAJAMARCA";"PRIVADO";"II-1";"00009234";"CLINICA LOS FRESNOS";"241900";"HOSPITALIZACIÓN DE MEDICINA MEDICINA INTERNA ";"19";"19";"32";"19";"19";"20";"0"
"2023";"09";"060101";"CAJAMARCA";"CAJAMARCA";"CAJAMARCA";"PRIVADO";"II-1";"00009234";"CLINICA LOS FRESNOS";"241200";"HOSPITALIZACIÓN QUIRÚRGICA TRAUMATOLOGÍA Y ORTOPEDIA ";"9";"9";"7";"9";"9";"10";"0"
"2023";"09";"060101";"CAJAMARCA";"CAJAMARCA";"CAJAMARCA";"PRIVADO";"II-1";"00009234";"CLINICA LOS FRESNOS";"242900";"HOSPITALIZACIÓN DE PEDIATRÍA PEDIATRIA GASTROENTEROLOGÍA PEDIÁTRICA";"11";"11";"32";"11";"11";"12";"0"
"2023";"09";"060101";"CAJAMARCA";"CAJAMARCA";"CAJAMARCA";"PRIVADO";"II-1";"00009234";"CLINICA LOS FRESNOS";"244700";"HOSPITALIZACIÓN DE MEDICINA NEUROLOGIA  ";"3";"3";"0";"3";"3";"4";"0"
"2023";"09";"210401";"PUNO";"CHUCUITO";"JULI";"ESSALUD";"I-3";"00009222";"ESSALUD JULI";"NE_0001";"";"NE_0001";"NE_0001";"NE_0001";"NE_0001";"NE_0001";"NE_0001";"NE_0001"
"2023";"09";"130102";"LA LIBERTAD";"TRUJILLO";"EL PORVENIR";"ESSALUD";"I-4";"00009041";"CENTRO DE SALUD CON INTERNAMIENTO EL PORVENIR";"241800";"HOSPITALIZACIÓN DE MEDICINA MEDICINA GENERAL ";"21";"22";"151";"184";"7";"210";"0"
"2023";"09";"130102";"LA LIBERTAD";"TRUJILLO";"EL PORVENIR";"ESSALUD";"I-4";"00009041";"CENTRO DE SALUD CON INTERNAMIENTO EL PORVENIR";"240100";"HOSPITALIZACIÓN QUIRÚRGICA CIRUGÍA GENERAL ";"6";"3";"17";"26";"1";"30";"0"
"2023";"09";"130102";"LA LIBERTAD";"TRUJILLO";"EL PORVENIR";"ESSALUD";"I-4";"00009041";"CENTRO DE SALUD CON INTERNAMIENTO EL PORVENIR";"241400";"HOSPITALIZACIÓN QUIRÚRGICA GINECO - OBSTETRICIA ";"1";"2";"21";"11";"2";"60";"0"
"2023";"09";"021801";"ANCASH";"SANTA";"CHIMBOTE";"PRIVADO";"II-1";"00010987";"INSTITUTO MEDICO ESPECIALIZADO UROGINEC EIRL";"240000";"HOSPITALIZACIÓN";"19";"18";"24";"19";"7";"210";"0"
"2023";"09";"200101";"PIURA";"PIURA";"PIURA";"PRIVADO";"II-1";"00025208";"GRUPO CARITA FELIZ S.A.";"242300";"HOSPITALIZACIÓN DE PEDIATRÍA  PEDIATRÍA  GENERAL ";"26";"25";"74";"83";"3";"90";"0"
"2023";"09";"200101";"PIURA";"PIURA";"PIURA";"PRIVADO";"II-1";"00025208";"GRUPO CARITA FELIZ S.A.";"241900";"HOSPITALIZACIÓN DE MEDICINA MEDICINA INTERNA ";"17";"17";"84";"69";"3";"90";"0"
"2023";"09";"200101";"PIURA";"PIURA";"PIURA";"PRIVADO";"II-1";"00025208";"GRUPO CARITA FELIZ S.A.";"240100";"HOSPITALIZACIÓN QUIRÚRGICA CIRUGÍA GENERAL ";"78";"85";"236";"182";"9";"270";"1"
"2023";"09";"200101";"PIURA";"PIURA";"PIURA";"PRIVADO";"II-1";"00025208";"GRUPO CARITA FELIZ S.A.";"241400";"HOSPITALIZACIÓN QUIRÚRGICA GINECO - OBSTETRICIA ";"37";"37";"78";"83";"5";"150";"0"
"2023";"09";"200101";"PIURA";"PIURA";"PIURA";"PRIVADO";"II-1";"00025208";"GRUPO CARITA FELIZ S.A.";"250100";"UNIDAD DE CUIDADOS CRITICOS UNIDAD  DE CUIDADOS INTENSIVOS GENERALES (UCI) ";"8";"3";"7";"24";"3";"90";"3"
"2023";"09";"200101";"PIURA";"PIURA";"PIURA";"PRIVADO";"II-1";"00025208";"GRUPO CARITA FELIZ S.A.";"250105";"UNIDAD DE CUIDADOS CRITICOS UNIDAD  DE CUIDADOS INTENSIVOS  (UCI) NEONATOLOGÍA";"1";"1";"3";"3";"2";"60";"0"
"2023";"09";"200101";"PIURA";"PIURA";"PIURA";"PRIVADO";"II-1";"00025208";"GRUPO CARITA FELIZ S.A.";"250201";"UNIDAD DE CUIDADOS CRITICOS UNIDAD DE CUIDADOS INTERMEDIOS  (UCIN) NEONATAL";"3";"3";"10";"10";"2";"60";"0"
"2023";"09";"110207";"ICA";"CHINCHA";"PUEBLO NUEVO";"ESSALUD";"I-3";"00012277";"PUEBLO NUEVO";"NE_0001";"";"NE_0001";"NE_0001";"NE_0001";"NE_0001";"NE_0001";"NE_0001";"NE_0001"
"2023";"04";"110101";"ICA";"ICA";"ICA";"PRIVADO";"I-3";"00019056";"EL GALENO DE ICA";"NE_0001";"";"NE_0001";"NE_0001";"NE_0001";"NE_0001";"NE_0001";"NE_0001";"NE_0001"
"2023";"04";"150130";"LIMA";"LIMA";"SAN BORJA";"PRIVADO";"II-E";"00015934";"CENTRO DE CIRUGÍA ESTÉTICA LAS CONDES";"240800";"HOSPITALIZACIÓN QUIRÚRGICA CIRUGÍA PLÁSTICA/RECONSTRUCTIVA/ REPARADORA ";"109";"109";"180";"137";"9";"180";"0"
"2023";"04";"130901";"LA LIBERTAD";"SANCHEZ CARRION";"HUAMACHUCO";"GOBIERNO REGIONAL";"I-2";"00005350";"CHOQUIZONGUILLO";"NE_0001";"";"NE_0001";"NE_0001";"NE_0001";"NE_0001";"NE_0001";"NE_0001";"NE_0001"
"2023";"04";"130901";"LA LIBERTAD";"SANCHEZ CARRION";"HUAMACHUCO";"GOBIERNO REGIONAL";"I-1";"00018123";"EL OLIVO";"NE_0001";"";"NE_0001";"NE_0001";"NE_0001";"NE_0001";"NE_0001";"NE_0001";"NE_0001"
"2023";"04";"150130";"LIMA";"LIMA";"SAN BORJA";"MINSA";"III-2";"00016918";"INSTITUTO NACIONAL DE SALUD NIÑO SAN BORJA";"242100";"HOSPITALIZACIÓN DE MEDICINA ONCOLOGÍA MÉDICA ";"11";"14";"505";"445";"17";"506";"0"
"2023";"04";"150130";"LIMA";"LIMA";"SAN BORJA";"MINSA";"III-2";"00016918";"INSTITUTO NACIONAL DE SALUD NIÑO SAN BORJA";"244500";"HOSPITALIZACIÓN DE MEDICINA HEMATOLOGÍA ";"19";"18";"387";"606";"21";"622";"0"
"2023";"04";"150130";"LIMA";"LIMA";"SAN BORJA";"MINSA";"III-2";"00016918";"INSTITUTO NACIONAL DE SALUD NIÑO SAN BORJA";"240400";"HOSPITALIZACIÓN QUIRÚRGICA CIRUGÍA DE TÓRAX Y CARDIOVASCULAR ";"38";"46";"1078";"1020";"35";"1050";"0"
"2023";"04";"150130";"LIMA";"LIMA";"SAN BORJA";"MINSA";"III-2";"00016918";"INSTITUTO NACIONAL DE SALUD NIÑO SAN BORJA";"240700";"HOSPITALIZACIÓN QUIRÚRGICA CIRUGÍA PEDIÁTRICA ";"58";"62";"1338";"959";"33";"1002";"0"
"2023";"04";"150130";"LIMA";"LIMA";"SAN BORJA";"MINSA";"III-2";"00016918";"INSTITUTO NACIONAL DE SALUD NIÑO SAN BORJA";"240900";"HOSPITALIZACIÓN QUIRÚRGICA NEUROCIRUGÍA ";"48";"55";"1206";"1014";"35";"1047";"0"
"2023";"04";"150130";"LIMA";"LIMA";"SAN BORJA";"MINSA";"III-2";"00016918";"INSTITUTO NACIONAL DE SALUD NIÑO SAN BORJA";"240100";"HOSPITALIZACIÓN QUIRÚRGICA CIRUGÍA GENERAL ";"129";"124";"920";"958";"33";"1004";"0"
"2023";"04";"150130";"LIMA";"LIMA";"SAN BORJA";"MINSA";"III-2";"00016918";"INSTITUTO NACIONAL DE SALUD NIÑO SAN BORJA";"242300";"HOSPITALIZACIÓN DE PEDIATRÍA  PEDIATRÍA  GENERAL ";"57";"55";"856";"865";"30";"896";"2"
"2023";"04";"150130";"LIMA";"LIMA";"SAN BORJA";"MINSA";"III-2";"00016918";"INSTITUTO NACIONAL DE SALUD NIÑO SAN BORJA";"240801";"HOSPITALIZACIÓN QUIRÚRGICA CIRUGÍA PLÁSTICA/RECONSTRUCTIVA/ REPARADORA QUEMADOS";"28";"33";"563";"480";"18";"534";"0"
"2023";"04";"150130";"LIMA";"LIMA";"SAN BORJA";"MINSA";"III-2";"00016918";"INSTITUTO NACIONAL DE SALUD NIÑO SAN BORJA";"250201";"UNIDAD DE CUIDADOS CRITICOS UNIDAD DE CUIDADOS INTERMEDIOS  (UCIN) NEONATAL";"11";"8";"171";"167";"6";"180";"0"
"2023";"04";"150130";"LIMA";"LIMA";"SAN BORJA";"MINSA";"III-2";"00016918";"INSTITUTO NACIONAL DE SALUD NIÑO SAN BORJA";"250101";"UNIDAD DE CUIDADOS CRITICOS UNIDAD  DE CUIDADOS INTENSIVOS GENERALES (UCI) CARDIOLOGIA";"4";"1";"22";"269";"9";"270";"1"
"2023";"04";"150130";"LIMA";"LIMA";"SAN BORJA";"MINSA";"III-2";"00016918";"INSTITUTO NACIONAL DE SALUD NIÑO SAN BORJA";"250111";"UNIDAD DE CUIDADOS CRITICOS UNIDAD  DE CUIDADOS INTENSIVOS  (UCI) CARDIOVASCULAR";"10";"0";"0";"393";"13";"403";"0"
"2023";"04";"150130";"LIMA";"LIMA";"SAN BORJA";"MINSA";"III-2";"00016918";"INSTITUTO NACIONAL DE SALUD NIÑO SAN BORJA";"250105";"UNIDAD DE CUIDADOS CRITICOS UNIDAD  DE CUIDADOS INTENSIVOS  (UCI) NEONATOLOGÍA";"4";"1";"7";"224";"8";"240";"1"
"2023";"04";"150130";"LIMA";"LIMA";"SAN BORJA";"MINSA";"III-2";"00016918";"INSTITUTO NACIONAL DE SALUD NIÑO SAN BORJA";"250107";"UNIDAD DE CUIDADOS CRITICOS UNIDAD  DE CUIDADOS INTENSIVOS  (UCI) NEUROQUIRÚRGICA";"4";"2";"222";"295";"10";"300";"2"
"2023";"04";"150130";"LIMA";"LIMA";"SAN BORJA";"MINSA";"III-2";"00016918";"INSTITUTO NACIONAL DE SALUD NIÑO SAN BORJA";"250400";"UNIDAD DE CUIDADOS CRITICOS UNIDAD DE QUEMADOS (GRAN QUEMADO) ";"3";"0";"0";"165";"6";"180";"0"
"2023";"04";"150130";"LIMA";"LIMA";"SAN BORJA";"MINSA";"III-2";"00016918";"INSTITUTO NACIONAL DE SALUD NIÑO SAN BORJA";"240500";"HOSPITALIZACIÓN QUIRÚRGICA CIRUGÍA DE TRANSPLANTES ";"7";"9";"72";"86";"6";"169";"0"
"2023";"04";"150130";"LIMA";"LIMA";"SAN BORJA";"MINSA";"III-2";"00016918";"INSTITUTO NACIONAL DE SALUD NIÑO SAN BORJA";"243600";"HOSPITALIZACIÓN DE PEDIATRÍA PEDIATRIA ONCOLOGÍA PEDIÁTRICA";"5";"5";"146";"84";"3";"90";"0"
"2023";"04";"150130";"LIMA";"LIMA";"SAN BORJA";"MINSA";"III-2";"00016918";"INSTITUTO NACIONAL DE SALUD NIÑO SAN BORJA";"250108";"UNIDAD DE CUIDADOS CRITICOS UNIDAD  DE CUIDADOS INTENSIVOS  (UCI) PEDIÁTRICA";"5";"0";"0";"343";"12";"360";"0"
"2023";"04";"220504";"SAN MARTIN";"LAMAS";"CAYNARACHI";"GOBIERNO REGIONAL";"I-4";"00006415";"PONGO DEL CAYNARACHI";"241600";"HOSPITALIZACIÓN QUIRÚRGICA OBSTETRICIA   ";"8";"8";"9";"10";"4";"120";"0"
"2023";"04";"220504";"SAN MARTIN";"LAMAS";"CAYNARACHI";"GOBIERNO REGIONAL";"I-1";"00006417";"SAN MIGUEL DE ACHINAMIZA";"NE_0001";"";"NE_0001";"NE_0001";"NE_0001";"NE_0001";"NE_0001";"NE_0001";"NE_0001"
"2023";"04";"220504";"SAN MARTIN";"LAMAS";"CAYNARACHI";"GOBIERNO REGIONAL";"I-2";"00006418";"ALIANZA";"NE_0001";"";"NE_0001";"NE_0001";"NE_0001";"NE_0001";"NE_0001";"NE_0001";"NE_0001"
"2023";"04";"220504";"SAN MARTIN";"LAMAS";"CAYNARACHI";"GOBIERNO REGIONAL";"I-1";"00006419";"BONILLA";"NE_0001";"";"NE_0001";"NE_0001";"NE_0001";"NE_0001";"NE_0001";"NE_0001";"NE_0001"
"2023";"04";"220504";"SAN MARTIN";"LAMAS";"CAYNARACHI";"GOBIERNO REGIONAL";"I-1";"00006421";"YUMBATOS";"NE_0001";"";"NE_0001";"NE_0001";"NE_0001";"NE_0001";"NE_0001";"NE_0001";"NE_0001"
"2023";"04";"220504";"SAN MARTIN";"LAMAS";"CAYNARACHI";"GOBIERNO REGIONAL";"I-1";"00006422";"SAN JUAN DE SHANUSI";"NE_0001";"";"NE_0001";"NE_0001";"NE_0001";"NE_0001";"NE_0001";"NE_0001";"NE_0001"
"2023";"06";"150116";"LIMA";"LIMA";"LINCE";"PRIVADO";"II-E";"00015927";"CLINICA DE OJOS D´OPELUCE";"NE_0001";"";"NE_0001";"NE_0001";"NE_0001";"NE_0001";"NE_0001";"NE_0001";"NE_0001"
"2023";"06";"060807";"CAJAMARCA";"JAEN";"POMAHUACA";"GOBIERNO REGIONAL";"I-1";"00016134";"COLAGUAY";"NE_0001";"";"NE_0001";"NE_0001";"NE_0001";"NE_0001";"NE_0001";"NE_0001";"NE_0001"
"2023";"06";"060807";"CAJAMARCA";"JAEN";"POMAHUACA";"GOBIERNO REGIONAL";"I-1";"00027935";"TAYAS";"NE_0001";"";"NE_0001";"NE_0001";"NE_0001";"NE_0001";"NE_0001";"NE_0001";"NE_0001"
"2023";"06";"060807";"CAJAMARCA";"JAEN";"POMAHUACA";"GOBIERNO REGIONAL";"I-3";"00004247";"POMAHUACA";"NE_0001";"";"NE_0001";"NE_0001";"NE_0001";"NE_0001";"NE_0001";"NE_0001";"NE_0001"
"2023";"06";"060807";"CAJAMARCA";"JAEN";"POMAHUACA";"GOBIERNO REGIONAL";"I-1";"00016139";"YAMBOLON";"NE_0001";"";"NE_0001";"NE_0001";"NE_0001";"NE_0001";"NE_0001";"NE_0001";"NE_0001"
"2023";"06";"060807";"CAJAMARCA";"JAEN";"POMAHUACA";"GOBIERNO REGIONAL";"I-1";"00007166";"MANGAYPA";"NE_0001";"";"NE_0001";"NE_0001";"NE_0001";"NE_0001";"NE_0001";"NE_0001";"NE_0001"
"2023";"06";"150131";"LIMA";"LIMA";"SAN ISIDRO";"PRIVADO";"II-E";"00010739";"CLINICA OFTALMOLOGICA WONG";"NE_0001";"";"NE_0001";"NE_0001";"NE_0001";"NE_0001";"NE_0001";"NE_0001";"NE_0001"
"2023";"06";"040102";"AREQUIPA";"AREQUIPA";"ALTO SELVA ALEGRE";"GOBIERNO REGIONAL";"I-2";"00001304";"PUESTO DE SALUD HEROES DEL CENEPA";"NE_0001";"";"NE_0001";"NE_0001";"NE_0001";"NE_0001";"NE_0001";"NE_0001";"NE_0001"
"2023";"06";"040102";"AREQUIPA";"AREQUIPA";"ALTO SELVA ALEGRE";"GOBIERNO REGIONAL";"I-3";"00001302";"CENTRO DE SALUD INDEPENDENCIA";"NE_0001";"";"NE_0001";"NE_0001";"NE_0001";"NE_0001";"NE_0001";"NE_0001";"NE_0001"
"2023";"06";"040102";"AREQUIPA";"AREQUIPA";"ALTO SELVA ALEGRE";"GOBIERNO REGIONAL";"I-2";"00001303";"PUESTO DE SALUD SAN JUAN BAUTISTA";"NE_0001";"";"NE_0001";"NE_0001";"NE_0001";"NE_0001";"NE_0001";"NE_0001";"NE_0001"
"2023";"06";"040102";"AREQUIPA";"AREQUIPA";"ALTO SELVA ALEGRE";"GOBIERNO REGIONAL";"I-3";"00001300";"CENTRO DE SALUD APURIMAC";"NE_0001";"";"NE_0001";"NE_0001";"NE_0001";"NE_0001";"NE_0001";"NE_0001";"NE_0001"
"2023";"06";"040102";"AREQUIPA";"AREQUIPA";"ALTO SELVA ALEGRE";"GOBIERNO REGIONAL";"I-3";"00001291";"CENTRO DE SALUD ALTO SELVA ALEGRE";"NE_0001";"";"NE_0001";"NE_0001";"NE_0001";"NE_0001";"NE_0001";"NE_0001";"NE_0001"
"2023";"06";"040102";"AREQUIPA";"AREQUIPA";"ALTO SELVA ALEGRE";"GOBIERNO REGIONAL";"I-2";"00001301";"PUESTO DE SALUD LEONES DEL MISTI";"NE_0001";"";"NE_0001";"NE_0001";"NE_0001";"NE_0001";"NE_0001";"NE_0001";"NE_0001"
"2023";"06";"040411";"AREQUIPA";"CASTILLA";"TIPAN";"GOBIERNO REGIONAL";"I-1";"00001400";"PUESTO DE SALUD TIPAN";"NE_0001";"";"NE_0001";"NE_0001";"NE_0001";"NE_0001";"NE_0001";"NE_0001";"NE_0001"
"2023";"06";"040412";"AREQUIPA";"CASTILLA";"UÑON";"GOBIERNO REGIONAL";"I-2";"00001403";"PUESTO DE SALUD UÑON";"NE_0001";"";"NE_0001";"NE_0001";"NE_0001";"NE_0001";"NE_0001";"NE_0001";"NE_0001"
"2023";"06";"040414";"AREQUIPA";"CASTILLA";"VIRACO";"GOBIERNO REGIONAL";"I-1";"00006766";"PUESTO DE SALUD HUAMI";"NE_0001";"";"NE_0001";"NE_0001";"NE_0001";"NE_0001";"NE_0001";"NE_0001";"NE_0001"
"2023";"06";"040408";"AREQUIPA";"CASTILLA";"MACHAGUAY";"GOBIERNO REGIONAL";"I-2";"00001402";"PUESTO DE SALUD MACHAGUAY";"NE_0001";"";"NE_0001";"NE_0001";"NE_0001";"NE_0001";"NE_0001";"NE_0001";"NE_0001"
"2023";"06";"040411";"AREQUIPA";"CASTILLA";"TIPAN";"GOBIERNO REGIONAL";"I-1";"00001401";"PUESTO DE SALUD TAGRE";"NE_0001";"";"NE_0001";"NE_0001";"NE_0001";"NE_0001";"NE_0001";"NE_0001";"NE_0001"
"2023";"06";"040414";"AREQUIPA";"CASTILLA";"VIRACO";"GOBIERNO REGIONAL";"I-3";"00001386";"CENTRO DE SALUD VIRACO";"NE_0001";"";"NE_0001";"NE_0001";"NE_0001";"NE_0001";"NE_0001";"NE_0001";"NE_0001"
"2023";"06";"021803";"ANCASH";"SANTA";"COISHCO";"ESSALUD";"I-4";"00009055";"CENTRO MEDICO COISHCO";"NE_0001";"";"NE_0001";"NE_0001";"NE_0001";"NE_0001";"NE_0001";"NE_0001";"NE_0001"
"2023";"07";"090101";"HUANCAVELICA";"HUANCAVELICA";"HUANCAVELICA";"SANIDAD DE LA POLICIA NACIONAL DEL PERU";"I-2";"00009476";"POSTA  MEDICA  POLICIAL- HUANCAVELICA";"NE_0001";"";"NE_0001";"NE_0001";"NE_0001";"NE_0001";"NE_0001";"NE_0001";"NE_0001"
"2023";"07";"021801";"ANCASH";"SANTA";"CHIMBOTE";"SANIDAD DE LA POLICIA NACIONAL DEL PERU";"I-3";"00017690";"POLICLINICO PNP CHIMBOTE";"NE_0001";"";"NE_0001";"NE_0001";"NE_0001";"NE_0001";"NE_0001";"NE_0001";"NE_0001"
"2023";"07";"150114";"LIMA";"LIMA";"LA MOLINA";"PRIVADO";"I-2";"00009093";"ARIE";"NE_0002";"";"NE_0002";"NE_0002";"NE_0002";"NE_0002";"NE_0002";"NE_0002";"NE_0002"
"2023";"07";"010201";"AMAZONAS";"BAGUA";"BAGUA";"SANIDAD DE LA POLICIA NACIONAL DEL PERU";"I-2";"00012954";"POSTA MEDICA  POLICIAL  BAGUA";"NE_0001";"";"NE_0001";"NE_0001";"NE_0001";"NE_0001";"NE_0001";"NE_0001";"NE_0001"
"2023";"07";"051107";"AYACUCHO";"VILCAS HUAMAN";"SAURAMA";"GOBIERNO REGIONAL";"I-1";"00003846";"PUESTO DE SALUD SAURAMA";"NE_0001";"";"NE_0001";"NE_0001";"NE_0001";"NE_0001";"NE_0001";"NE_0001";"NE_0001"
"2023";"07";"051108";"AYACUCHO";"VILCAS HUAMAN";"VISCHONGO";"GOBIERNO REGIONAL";"I-3";"00006609";"CENTRO DE SALUD VISCHONGO";"NE_0001";"";"NE_0001";"NE_0001";"NE_0001";"NE_0001";"NE_0001";"NE_0001";"NE_0001"
"2023";"07";"051108";"AYACUCHO";"VILCAS HUAMAN";"VISCHONGO";"GOBIERNO REGIONAL";"I-1";"00006612";"PUESTO DE SALUD PALLCCACANCHA";"NE_0001";"";"NE_0001";"NE_0001";"NE_0001";"NE_0001";"NE_0001";"NE_0001";"NE_0001"
"2023";"07";"051106";"AYACUCHO";"VILCAS HUAMAN";"INDEPENDENCIA";"GOBIERNO REGIONAL";"I-1";"00021259";"PUESTO DE SALUD OCCO";"NE_0001";"";"NE_0001";"NE_0001";"NE_0001";"NE_0001";"NE_0001";"NE_0001";"NE_0001"
"2023";"07";"051103";"AYACUCHO";"VILCAS HUAMAN";"CARHUANCA";"GOBIERNO REGIONAL";"I-2";"00003845";"PUESTO DE SALUD CARHUANCA";"NE_0001";"";"NE_0001";"NE_0001";"NE_0001";"NE_0001";"NE_0001";"NE_0001";"NE_0001"
"2023";"07";"051108";"AYACUCHO";"VILCAS HUAMAN";"VISCHONGO";"GOBIERNO REGIONAL";"I-1";"00006613";"PUESTO DE SALUD PATAHUASI";"NE_0001";"";"NE_0001";"NE_0001";"NE_0001";"NE_0001";"NE_0001";"NE_0001";"NE_0001"
"2023";"07";"051105";"AYACUCHO";"VILCAS HUAMAN";"HUAMBALPA";"GOBIERNO REGIONAL";"I-1";"00006606";"PUESTO DE SALUD SAN ANTONIO DE COCHAS";"NE_0001";"";"NE_0001";"NE_0001";"NE_0001";"NE_0001";"NE_0001";"NE_0001";"NE_0001"
"2023";"07";"051101";"AYACUCHO";"VILCAS HUAMAN";"VILCAS HUAMAN";"GOBIERNO REGIONAL";"I-1";"00011416";"PUESTO DE SALUD COLPAPAMPA";"NE_0001";"";"NE_0001";"NE_0001";"NE_0001";"NE_0001";"NE_0001";"NE_0001";"NE_0001"
"2023";"07";"051101";"AYACUCHO";"VILCAS HUAMAN";"VILCAS HUAMAN";"GOBIERNO REGIONAL";"I-1";"00003848";"PUESTO DE SALUD HUACCAÑA";"NE_0001";"";"NE_0001";"NE_0001";"NE_0001";"NE_0001";"NE_0001";"NE_0001";"NE_0001"
"2023";"07";"051101";"AYACUCHO";"VILCAS HUAMAN";"VILCAS HUAMAN";"GOBIERNO REGIONAL";"I-1";"00003850";"PUESTO DE SALUD SAN FRANCISCO DE PUJAS";"NE_0001";"";"NE_0001";"NE_0001";"NE_0001";"NE_0001";"NE_0001";"NE_0001";"NE_0001"
"2023";"07";"051102";"AYACUCHO";"VILCAS HUAMAN";"ACCOMARCA";"GOBIERNO REGIONAL";"I-1";"00003843";"PUESTO DE SALUD PONGOCOCHA";"NE_0001";"";"NE_0001";"NE_0001";"NE_0001";"NE_0001";"NE_0001";"NE_0001";"NE_0001"
"2023";"07";"051104";"AYACUCHO";"VILCAS HUAMAN";"CONCEPCION";"GOBIERNO REGIONAL";"I-1";"00003851";"PUESTO DE SALUD SAN ANTONIO ASTANYA";"NE_0001";"";"NE_0001";"NE_0001";"NE_0001";"NE_0001";"NE_0001";"NE_0001";"NE_0001"
"2023";"07";"051108";"AYACUCHO";"VILCAS HUAMAN";"VISCHONGO";"GOBIERNO REGIONAL";"I-1";"00006614";"PUESTO DE SALUD POMACOCHA";"NE_0001";"";"NE_0001";"NE_0001";"NE_0001";"NE_0001";"NE_0001";"NE_0001";"NE_0001"
"2023";"07";"051108";"AYACUCHO";"VILCAS HUAMAN";"VISCHONGO";"GOBIERNO REGIONAL";"I-1";"00027647";"PUESTO DE SALUD SAN LORENZO DE ÑUÑUNHUAYCCO";"NE_0001";"";"NE_0001";"NE_0001";"NE_0001";"NE_0001";"NE_0001";"NE_0001";"NE_0001"
"2023";"07";"051102";"AYACUCHO";"VILCAS HUAMAN";"ACCOMARCA";"GOBIERNO REGIONAL";"I-2";"00003841";"PUESTO DE SALUD ACCOMARCA";"NE_0001";"";"NE_0001";"NE_0001";"NE_0001";"NE_0001";"NE_0001";"NE_0001";"NE_0001"
"2023";"07";"051102";"AYACUCHO";"VILCAS HUAMAN";"ACCOMARCA";"GOBIERNO REGIONAL";"I-1";"00003842";"PUESTO DE SALUD HUARCAS";"NE_0001";"";"NE_0001";"NE_0001";"NE_0001";"NE_0001";"NE_0001";"NE_0001";"NE_0001"
"2023";"07";"051101";"AYACUCHO";"VILCAS HUAMAN";"VILCAS HUAMAN";"GOBIERNO REGIONAL";"I-4";"00003847";"CENTRO DE SALUD VILCASHUAMAN";"NE_0001";"";"NE_0001";"NE_0001";"NE_0001";"NE_0001";"NE_0001";"NE_0001";"NE_0001"
"2023";"07";"051106";"AYACUCHO";"VILCAS HUAMAN";"INDEPENDENCIA";"GOBIERNO REGIONAL";"I-2";"00003844";"PUESTO DE SALUD PACCHAHUALLHUA";"NE_0001";"";"NE_0001";"NE_0001";"NE_0001";"NE_0001";"NE_0001";"NE_0001";"NE_0001"
"2023";"07";"051101";"AYACUCHO";"VILCAS HUAMAN";"VILCAS HUAMAN";"GOBIERNO REGIONAL";"I-1";"00003849";"POMATAMBO";"NE_0001";"";"NE_0001";"NE_0001";"NE_0001";"NE_0001";"NE_0001";"NE_0001";"NE_0001"
"2023";"07";"051104";"AYACUCHO";"VILCAS HUAMAN";"CONCEPCION";"GOBIERNO REGIONAL";"I-2";"00003852";"PUESTO DE SALUD CONCEPCION";"NE_0001";"";"NE_0001";"NE_0001";"NE_0001";"NE_0001";"NE_0001";"NE_0001";"NE_0001"
"2023";"07";"051105";"AYACUCHO";"VILCAS HUAMAN";"HUAMBALPA";"GOBIERNO REGIONAL";"I-2";"00006605";"PUESTO DE SALUD HUAMBALPA";"NE_0001";"";"NE_0001";"NE_0001";"NE_0001";"NE_0001";"NE_0001";"NE_0001";"NE_0001"
"2023";"07";"051108";"AYACUCHO";"VILCAS HUAMAN";"VISCHONGO";"GOBIERNO REGIONAL";"I-1";"00006611";"PUESTO DE SALUD DE CHIRIBAMBA";"NE_0001";"";"NE_0001";"NE_0001";"NE_0001";"NE_0001";"NE_0001";"NE_0001";"NE_0001"
"2023";"07";"200701";"PIURA";"TALARA";"PARIÑAS";"PRIVADO";"II-1";"00011395";"CLINICA VIGO 2000 S. CIVIL DE R.L.";"240100";"HOSPITALIZACIÓN QUIRÚRGICA CIRUGÍA GENERAL ";"2";"2";"4";"4";"15";"396";"0"
"2023";"07";"200701";"PIURA";"TALARA";"PARIÑAS";"PRIVADO";"II-1";"00011395";"CLINICA VIGO 2000 S. CIVIL DE R.L.";"241800";"HOSPITALIZACIÓN DE MEDICINA MEDICINA GENERAL ";"1";"1";"2";"2";"15";"396";"0"
"2023";"07";"200701";"PIURA";"TALARA";"PARIÑAS";"PRIVADO";"II-1";"00011395";"CLINICA VIGO 2000 S. CIVIL DE R.L.";"241400";"HOSPITALIZACIÓN QUIRÚRGICA GINECO - OBSTETRICIA ";"2";"2";"4";"4";"15";"396";"0"
"2023";"07";"190113";"PASCO";"PASCO";"YANACANCHA";"SANIDAD DE LA POLICIA NACIONAL DEL PERU";"I-2";"00011773";"POSTA MEDICA PNP CERRO DE PASCO";"NE_0001";"";"NE_0001";"NE_0001";"NE_0001";"NE_0001";"NE_0001";"NE_0001";"NE_0001"
"2023";"07";"110305";"ICA";"NAZCA";"VISTA ALEGRE";"ESSALUD";"I-3";"00010429";"NASCA";"NE_0001";"";"NE_0001";"NE_0001";"NE_0001";"NE_0001";"NE_0001";"NE_0001";"NE_0001"
"2023";"07";"230101";"TACNA";"TACNA";"TACNA";"SANIDAD DE LA POLICIA NACIONAL DEL PERU";"I-3";"00011528";"POLICLINICO POLICIAL TACNA";"NE_0001";"";"NE_0001";"NE_0001";"NE_0001";"NE_0001";"NE_0001";"NE_0001";"NE_0001"
"2023";"03";"140101";"LAMBAYEQUE";"CHICLAYO";"CHICLAYO";"PRIVADO";"II-E";"00008730";"BM CLINICA";"240000";"HOSPITALIZACIÓN";"13";"13";"48";"13";"10";"310";"1"
"2023";"03";"220206";"SAN MARTIN";"BELLAVISTA";"SAN RAFAEL";"GOBIERNO REGIONAL";"I-1";"00006518";"CRISTINO GARCIA CARHUAPOMA";"NE_0002";"";"NE_0002";"NE_0002";"NE_0002";"NE_0002";"NE_0002";"NE_0002";"NE_0002"
"2023";"03";"220206";"SAN MARTIN";"BELLAVISTA";"SAN RAFAEL";"GOBIERNO REGIONAL";"I-1";"00006504";"PALESTINA";"NE_0002";"";"NE_0002";"NE_0002";"NE_0002";"NE_0002";"NE_0002";"NE_0002";"NE_0002"
"2023";"03";"220205";"SAN MARTIN";"BELLAVISTA";"SAN PABLO";"GOBIERNO REGIONAL";"I-1";"00006514";"HUINGOYACU";"NE_0001";"";"NE_0001";"NE_0001";"NE_0001";"NE_0001";"NE_0001";"NE_0001";"NE_0001"
"2023";"03";"220204";"SAN MARTIN";"BELLAVISTA";"HUALLAGA";"GOBIERNO REGIONAL";"I-1";"00006562";"LEDOY";"NE_0001";"";"NE_0001";"NE_0001";"NE_0001";"NE_0001";"NE_0001";"NE_0001";"NE_0001"
"2023";"03";"220201";"SAN MARTIN";"BELLAVISTA";"BELLAVISTA";"GOBIERNO REGIONAL";"I-2";"00006511";"LAS  MERCEDES";"NE_0001";"";"NE_0001";"NE_0001";"NE_0001";"NE_0001";"NE_0001";"NE_0001";"NE_0001"
"2023";"03";"220206";"SAN MARTIN";"BELLAVISTA";"SAN RAFAEL";"GOBIERNO REGIONAL";"I-1";"00006517";"PANAMA";"NE_0002";"";"NE_0002";"NE_0002";"NE_0002";"NE_0002";"NE_0002";"NE_0002";"NE_0002"
"2023";"03";"220201";"SAN MARTIN";"BELLAVISTA";"BELLAVISTA";"GOBIERNO REGIONAL";"I-1";"00006503";"BUENOS AIRES";"NE_0001";"";"NE_0001";"NE_0001";"NE_0001";"NE_0001";"NE_0001";"NE_0001";"NE_0001"
"2023";"03";"220201";"SAN MARTIN";"BELLAVISTA";"BELLAVISTA";"GOBIERNO REGIONAL";"I-1";"00006785";"PERUATE";"NE_0001";"";"NE_0001";"NE_0001";"NE_0001";"NE_0001";"NE_0001";"NE_0001";"NE_0001"
"2023";"03";"220206";"SAN MARTIN";"BELLAVISTA";"SAN RAFAEL";"GOBIERNO REGIONAL";"I-3";"00006515";"SAN RAFAEL";"NE_0002";"";"NE_0002";"NE_0002";"NE_0002";"NE_0002";"NE_0002";"NE_0002";"NE_0002"
"2023";"03";"220206";"SAN MARTIN";"BELLAVISTA";"SAN RAFAEL";"GOBIERNO REGIONAL";"I-2";"00006516";"LA LIBERTAD";"NE_0002";"";"NE_0002";"NE_0002";"NE_0002";"NE_0002";"NE_0002";"NE_0002";"NE_0002"
"2023";"03";"220406";"SAN MARTIN";"HUALLAGA";"TINGO DE SAPOSOA";"GOBIERNO REGIONAL";"I-1";"00006546";"TINGO DE SAPOSOA";"NE_0001";"";"NE_0001";"NE_0001";"NE_0001";"NE_0001";"NE_0001";"NE_0001";"NE_0001"
"2023";"03";"220201";"SAN MARTIN";"BELLAVISTA";"BELLAVISTA";"GOBIERNO REGIONAL";"I-1";"00006512";"NUEVA FLORIDA";"NE_0001";"";"NE_0001";"NE_0001";"NE_0001";"NE_0001";"NE_0001";"NE_0001";"NE_0001"
"2023";"03";"220201";"SAN MARTIN";"BELLAVISTA";"BELLAVISTA";"GOBIERNO REGIONAL";"I-1";"00006513";"HUACHO";"NE_0001";"";"NE_0001";"NE_0001";"NE_0001";"NE_0001";"NE_0001";"NE_0001";"NE_0001"
"2023";"03";"220201";"SAN MARTIN";"BELLAVISTA";"BELLAVISTA";"GOBIERNO REGIONAL";"I-1";"00006505";"LIMON";"NE_0001";"";"NE_0001";"NE_0001";"NE_0001";"NE_0001";"NE_0001";"NE_0001";"NE_0001"
"2023";"03";"100501";"HUANUCO";"HUAMALIES";"LLATA";"ESSALUD";"I-3";"00027591";"POSTA MEDICA LLATA";"NE_0001";"";"NE_0001";"NE_0001";"NE_0001";"NE_0001";"NE_0001";"NE_0001";"NE_0001"
"2023";"03";"180106";"MOQUEGUA";"MARISCAL NIETO";"TORATA";"ESSALUD";"I-3";"00016151";"CENTRO DE ATENCION PRIMARIA II TORATA";"NE_0001";"";"NE_0001";"NE_0001";"NE_0001";"NE_0001";"NE_0001";"NE_0001";"NE_0001"
"2023";"03";"021809";"ANCASH";"SANTA";"NUEVO CHIMBOTE";"GOBIERNO REGIONAL";"II-2";"00001703";"ELEAZAR GUZMAN BARRON";"241800";"HOSPITALIZACIÓN DE MEDICINA MEDICINA GENERAL ";"77";"72";"783";"711";"23";"713";"13"
"2023";"03";"021809";"ANCASH";"SANTA";"NUEVO CHIMBOTE";"GOBIERNO REGIONAL";"II-2";"00001703";"ELEAZAR GUZMAN BARRON";"245700";"HOSPITALIZACIÓN QUIRÚRGICA CARDIOLOGIA ";"1";"1";"7";"7";"1";"31";"0"
"2023";"03";"021809";"ANCASH";"SANTA";"NUEVO CHIMBOTE";"GOBIERNO REGIONAL";"II-2";"00001703";"ELEAZAR GUZMAN BARRON";"244300";"HOSPITALIZACIÓN DE MEDICINA GASTROENTEROLOGÍA  ";"4";"4";"32";"32";"2";"62";"0"
"2023";"03";"021809";"ANCASH";"SANTA";"NUEVO CHIMBOTE";"GOBIERNO REGIONAL";"II-2";"00001703";"ELEAZAR GUZMAN BARRON";"245500";"HOSPITALIZACIÓN DE MEDICINA REUMATOLOGÍA    ";"4";"6";"23";"12";"1";"31";"0"
"2023";"03";"021809";"ANCASH";"SANTA";"NUEVO CHIMBOTE";"GOBIERNO REGIONAL";"II-2";"00001703";"ELEAZAR GUZMAN BARRON";"245300";"HOSPITALIZACIÓN DE MEDICINA NEUMOLOGÍA  ";"12";"10";"118";"104";"4";"124";"0"
"2023";"03";"021809";"ANCASH";"SANTA";"NUEVO CHIMBOTE";"GOBIERNO REGIONAL";"II-2";"00001703";"ELEAZAR GUZMAN BARRON";"242200";"HOSPITALIZACIÓN DE MEDICINA PSIQUIATRÍA ";"6";"4";"85";"127";"7";"217";"0"
"2023";"03";"021809";"ANCASH";"SANTA";"NUEVO CHIMBOTE";"GOBIERNO REGIONAL";"II-2";"00001703";"ELEAZAR GUZMAN BARRON";"240100";"HOSPITALIZACIÓN QUIRÚRGICA CIRUGÍA GENERAL ";"56";"59";"296";"308";"10";"310";"2"
"2023";"03";"021809";"ANCASH";"SANTA";"NUEVO CHIMBOTE";"GOBIERNO REGIONAL";"II-2";"00001703";"ELEAZAR GUZMAN BARRON";"241200";"HOSPITALIZACIÓN QUIRÚRGICA TRAUMATOLOGÍA Y ORTOPEDIA ";"34";"41";"432";"360";"12";"372";"0"
"2023";"03";"021809";"ANCASH";"SANTA";"NUEVO CHIMBOTE";"GOBIERNO REGIONAL";"II-2";"00001703";"ELEAZAR GUZMAN BARRON";"241100";"HOSPITALIZACIÓN QUIRÚRGICA OTORRINOLARINGOLOGÍA  ";"1";"1";"2";"2";"1";"31";"0"
"2023";"03";"021809";"ANCASH";"SANTA";"NUEVO CHIMBOTE";"GOBIERNO REGIONAL";"II-2";"00001703";"ELEAZAR GUZMAN BARRON";"241300";"HOSPITALIZACIÓN QUIRÚRGICA UROLOGÍA  ";"4";"6";"14";"10";"1";"31";"0"
"2023";"03";"021809";"ANCASH";"SANTA";"NUEVO CHIMBOTE";"GOBIERNO REGIONAL";"II-2";"00001703";"ELEAZAR GUZMAN BARRON";"242100";"HOSPITALIZACIÓN DE MEDICINA ONCOLOGÍA MÉDICA ";"4";"5";"31";"24";"1";"31";"0"
"2023";"03";"021809";"ANCASH";"SANTA";"NUEVO CHIMBOTE";"GOBIERNO REGIONAL";"II-2";"00001703";"ELEAZAR GUZMAN BARRON";"240900";"HOSPITALIZACIÓN QUIRÚRGICA NEUROCIRUGÍA ";"8";"15";"256";"82";"3";"93";"0"
"2023";"03";"021809";"ANCASH";"SANTA";"NUEVO CHIMBOTE";"GOBIERNO REGIONAL";"II-2";"00001703";"ELEAZAR GUZMAN BARRON";"240801";"HOSPITALIZACIÓN QUIRÚRGICA CIRUGÍA PLÁSTICA/RECONSTRUCTIVA/ REPARADORA QUEMADOS";"2";"3";"14";"11";"1";"31";"0"
"2023";"03";"021809";"ANCASH";"SANTA";"NUEVO CHIMBOTE";"GOBIERNO REGIONAL";"II-2";"00001703";"ELEAZAR GUZMAN BARRON";"242300";"HOSPITALIZACIÓN DE PEDIATRÍA  PEDIATRÍA  GENERAL ";"163";"157";"750";"726";"26";"806";"4"
"2023";"03";"021809";"ANCASH";"SANTA";"NUEVO CHIMBOTE";"GOBIERNO REGIONAL";"II-2";"00001703";"ELEAZAR GUZMAN BARRON";"241600";"HOSPITALIZACIÓN QUIRÚRGICA OBSTETRICIA   ";"243";"249";"586";"500";"22";"682";"0"
"2023";"03";"021809";"ANCASH";"SANTA";"NUEVO CHIMBOTE";"GOBIERNO REGIONAL";"II-2";"00001703";"ELEAZAR GUZMAN BARRON";"241500";"HOSPITALIZACIÓN QUIRÚRGICA GINECOLOGÍA  ";"21";"26";"72";"56";"3";"93";"0"
"2023";"03";"021809";"ANCASH";"SANTA";"NUEVO CHIMBOTE";"GOBIERNO REGIONAL";"II-2";"00001703";"ELEAZAR GUZMAN BARRON";"250100";"UNIDAD DE CUIDADOS CRITICOS UNIDAD  DE CUIDADOS INTENSIVOS GENERALES (UCI) ";"15";"6";"82";"344";"16";"496";"6"
"2023";"03";"120606";"JUNIN";"SATIPO";"PANGOA";"GOBIERNO REGIONAL";"II-1";"00000442";"SAN MARTIN DE PANGOA";"241800";"HOSPITALIZACIÓN DE MEDICINA MEDICINA GENERAL ";"30";"37";"176";"185";"6";"186";"1"
"2023";"03";"120606";"JUNIN";"SATIPO";"PANGOA";"GOBIERNO REGIONAL";"II-1";"00000442";"SAN MARTIN DE PANGOA";"242500";"HOSPITALIZACIÓN-PEDIATRÍA GENERAL-";"16";"17";"70";"57";"8";"248";"0"
"2023";"03";"120606";"JUNIN";"SATIPO";"PANGOA";"GOBIERNO REGIONAL";"II-1";"00000442";"SAN MARTIN DE PANGOA";"240100";"HOSPITALIZACIÓN QUIRÚRGICA CIRUGÍA GENERAL ";"43";"45";"132";"96";"4";"124";"0"
"2023";"03";"120606";"JUNIN";"SATIPO";"PANGOA";"GOBIERNO REGIONAL";"II-1";"00000442";"SAN MARTIN DE PANGOA";"241500";"HOSPITALIZACIÓN QUIRÚRGICA GINECOLOGÍA  ";"44";"45";"93";"55";"8";"248";"0"
"2023";"03";"120606";"JUNIN";"SATIPO";"PANGOA";"GOBIERNO REGIONAL";"II-1";"00000442";"SAN MARTIN DE PANGOA";"241400";"HOSPITALIZACIÓN QUIRÚRGICA GINECO - OBSTETRICIA ";"75";"82";"167";"140";"8";"248";"0"
"2023";"03";"120606";"JUNIN";"SATIPO";"PANGOA";"GOBIERNO REGIONAL";"II-1";"00000442";"SAN MARTIN DE PANGOA";"243200";"HOSPITALIZACIÓN DE PEDIATRÍA PEDIATRIA NEONATOLOGÍA";"6";"7";"50";"47";"6";"186";"1"
"2023";"03";"080106";"CUSCO";"CUSCO";"SANTIAGO";"GOBIERNO REGIONAL";"III-1";"00002305";"ANTONIO LORENA DEL CUSCO";"250100";"UNIDAD DE CUIDADOS CRITICOS UNIDAD  DE CUIDADOS INTENSIVOS GENERALES (UCI) ";"22";"17";"194";"157";"6";"186";"3"
"2023";"03";"080106";"CUSCO";"CUSCO";"SANTIAGO";"GOBIERNO REGIONAL";"III-1";"00002305";"ANTONIO LORENA DEL CUSCO";"250200";"UNIDAD DE CUIDADOS CRITICOS UNIDAD DE CUIDADOS INTERMEDIOS GENERAL  (UCIN) ";"29";"23";"295";"236";"10";"310";"0"
"2023";"03";"080106";"CUSCO";"CUSCO";"SANTIAGO";"GOBIERNO REGIONAL";"III-1";"00002305";"ANTONIO LORENA DEL CUSCO";"240100";"HOSPITALIZACIÓN QUIRÚRGICA CIRUGÍA GENERAL ";"171";"145";"820";"811";"32";"992";"3"
"2023";"03";"080106";"CUSCO";"CUSCO";"SANTIAGO";"GOBIERNO REGIONAL";"III-1";"00002305";"ANTONIO LORENA DEL CUSCO";"240900";"HOSPITALIZACIÓN QUIRÚRGICA NEUROCIRUGÍA ";"33";"24";"229";"215";"10";"310";"1"
"2023";"03";"080106";"CUSCO";"CUSCO";"SANTIAGO";"GOBIERNO REGIONAL";"III-1";"00002305";"ANTONIO LORENA DEL CUSCO";"241200";"HOSPITALIZACIÓN QUIRÚRGICA TRAUMATOLOGÍA Y ORTOPEDIA ";"47";"43";"277";"268";"10";"310";"1"
"2023";"03";"080106";"CUSCO";"CUSCO";"SANTIAGO";"GOBIERNO REGIONAL";"III-1";"00002305";"ANTONIO LORENA DEL CUSCO";"244000";"HOSPITALIZACIÓN DE MEDICINA CARDIOLOGIA ";"25";"20";"189";"176";"10";"310";"3"
"2023";"03";"080106";"CUSCO";"CUSCO";"SANTIAGO";"GOBIERNO REGIONAL";"III-1";"00002305";"ANTONIO LORENA DEL CUSCO";"241900";"HOSPITALIZACIÓN DE MEDICINA MEDICINA INTERNA ";"78";"62";"658";"568";"26";"806";"7"
"2023";"03";"080106";"CUSCO";"CUSCO";"SANTIAGO";"GOBIERNO REGIONAL";"III-1";"00002305";"ANTONIO LORENA DEL CUSCO";"245300";"HOSPITALIZACIÓN DE MEDICINA NEUMOLOGÍA  ";"37";"30";"223";"206";"9";"279";"4"
"2023";"03";"080106";"CUSCO";"CUSCO";"SANTIAGO";"GOBIERNO REGIONAL";"III-1";"00002305";"ANTONIO LORENA DEL CUSCO";"242204";"HOSPITALIZACIÓN DE MEDICINA PSIQUIATRÍA REHABILITACIÓN PSIQUIÁTRICA / REINSERCIÓN ";"24";"14";"273";"291";"10";"310";"0"
"2023";"03";"080106";"CUSCO";"CUSCO";"SANTIAGO";"GOBIERNO REGIONAL";"III-1";"00002305";"ANTONIO LORENA DEL CUSCO";"242000";"HOSPITALIZACIÓN DE MEDICINA MEDICINA TROPICAL E INFECCIOSAS ";"15";"12";"267";"163";"8";"248";"0"
"2023";"03";"080106";"CUSCO";"CUSCO";"SANTIAGO";"GOBIERNO REGIONAL";"III-1";"00002305";"ANTONIO LORENA DEL CUSCO";"242100";"HOSPITALIZACIÓN DE MEDICINA ONCOLOGÍA MÉDICA ";"2";"2";"7";"7";"5";"155";"0"
"2023";"03";"080106";"CUSCO";"CUSCO";"SANTIAGO";"GOBIERNO REGIONAL";"III-1";"00002305";"ANTONIO LORENA DEL CUSCO";"241000";"HOSPITALIZACIÓN QUIRÚRGICA ONCOLOGÍA QUIRÚRGICA  ";"27";"22";"166";"135";"7";"217";"0"
"2023";"03";"080106";"CUSCO";"CUSCO";"SANTIAGO";"GOBIERNO REGIONAL";"III-1";"00002305";"ANTONIO LORENA DEL CUSCO";"241500";"HOSPITALIZACIÓN QUIRÚRGICA GINECOLOGÍA  ";"100";"91";"262";"272";"10";"310";"0"
"2023";"03";"080106";"CUSCO";"CUSCO";"SANTIAGO";"GOBIERNO REGIONAL";"III-1";"00002305";"ANTONIO LORENA DEL CUSCO";"241400";"HOSPITALIZACIÓN QUIRÚRGICA GINECO - OBSTETRICIA ";"189";"171";"520";"507";"22";"682";"0"
"2023";"03";"080106";"CUSCO";"CUSCO";"SANTIAGO";"GOBIERNO REGIONAL";"III-1";"00002305";"ANTONIO LORENA DEL CUSCO";"242300";"HOSPITALIZACIÓN DE PEDIATRÍA  PEDIATRÍA  GENERAL ";"28";"19";"88";"155";"14";"434";"1"
"2023";"03";"080106";"CUSCO";"CUSCO";"SANTIAGO";"GOBIERNO REGIONAL";"III-1";"00002305";"ANTONIO LORENA DEL CUSCO";"243200";"HOSPITALIZACIÓN DE PEDIATRÍA PEDIATRIA NEONATOLOGÍA";"61";"46";"304";"398";"17";"527";"0"
"2023";"03";"080106";"CUSCO";"CUSCO";"SANTIAGO";"GOBIERNO REGIONAL";"III-1";"00002305";"ANTONIO LORENA DEL CUSCO";"250105";"UNIDAD DE CUIDADOS CRITICOS UNIDAD  DE CUIDADOS INTENSIVOS  (UCI) NEONATOLOGÍA";"20";"14";"134";"210";"8";"248";"3"
"2023";"03";"080106";"CUSCO";"CUSCO";"SANTIAGO";"GOBIERNO REGIONAL";"III-1";"00002305";"ANTONIO LORENA DEL CUSCO";"243600";"HOSPITALIZACIÓN DE PEDIATRÍA PEDIATRIA ONCOLOGÍA PEDIÁTRICA";"14";"8";"67";"124";"9";"279";"0"
"2023";"03";"150117";"LIMA";"LIMA";"LOS OLIVOS";"PRIVADO";"II-E";"00018307";"CLINICA MARIA SRL";"240100";"HOSPITALIZACIÓN QUIRÚRGICA CIRUGÍA GENERAL ";"32";"32";"32";"32";"8";"216";"0"
"2023";"03";"080901";"CUSCO";"LA CONVENCION";"SANTA ANA";"PRIVADO";"II-E";"00026080";"SR DE TORRECHAYOC";"241400";"HOSPITALIZACIÓN QUIRÚRGICA GINECO - OBSTETRICIA ";"5";"5";"7";"8";"4";"124";"0"
"2023";"04";"050116";"AYACUCHO";"HUAMANGA";"ANDRES AVELINO CACERES D.";"GOBIERNO REGIONAL";"I-3";"00003603";"CENTRO DE SALUD CONCHOPATA";"241600";"HOSPITALIZACIÓN QUIRÚRGICA OBSTETRICIA   ";"3";"3";"6";"2";"2";"3";"0"
"2023";"04";"050116";"AYACUCHO";"HUAMANGA";"ANDRES AVELINO CACERES D.";"GOBIERNO REGIONAL";"I-1";"00011362";"PUESTO DE SALUD YANAMILLA";"NE_0001";"";"NE_0001";"NE_0001";"NE_0001";"NE_0001";"NE_0001";"NE_0001";"NE_0001"
"2023";"04";"050116";"AYACUCHO";"HUAMANGA";"ANDRES AVELINO CACERES D.";"GOBIERNO REGIONAL";"I-3";"00003602";"CENTRO DE SALUD SANTA ELENA";"241400";"HOSPITALIZACIÓN QUIRÚRGICA GINECO - OBSTETRICIA ";"13";"13";"23";"2";"4";"6";"0"
"2023";"04";"050113";"AYACUCHO";"HUAMANGA";"TAMBILLO";"GOBIERNO REGIONAL";"I-1";"00003604";"PUESTO DE SALUD HUAYHUACONDO";"NE_0001";"";"NE_0001";"NE_0001";"NE_0001";"NE_0001";"NE_0001";"NE_0001";"NE_0001"
"2023";"04";"050113";"AYACUCHO";"HUAMANGA";"TAMBILLO";"GOBIERNO REGIONAL";"I-2";"00003549";"TAMBILLO";"NE_0001";"";"NE_0001";"NE_0001";"NE_0001";"NE_0001";"NE_0001";"NE_0001";"NE_0001"
"2023";"05";"150117";"LIMA";"LIMA";"LOS OLIVOS";"PRIVADO";"II-E";"00018307";"CLINICA MARIA SRL";"240100";"HOSPITALIZACIÓN QUIRÚRGICA CIRUGÍA GENERAL ";"35";"35";"80";"80";"8";"168";"0"
"2023";"05";"100101";"HUANUCO";"HUANUCO";"HUANUCO";"GOBIERNO REGIONAL";"II-2";"00000754";"HOSPITAL REGIONAL HERMILIO VALDIZAN";"242500";"HOSPITALIZACIÓN-PEDIATRÍA GENERAL-";"43";"73";"456";"73";"60";"110";"0"
"2023";"05";"100101";"HUANUCO";"HUANUCO";"HUANUCO";"GOBIERNO REGIONAL";"II-2";"00000754";"HOSPITAL REGIONAL HERMILIO VALDIZAN";"241900";"HOSPITALIZACIÓN DE MEDICINA MEDICINA INTERNA ";"81";"137";"30";"20";"40";"136";"6"
"2023";"05";"100101";"HUANUCO";"HUANUCO";"HUANUCO";"GOBIERNO REGIONAL";"II-2";"00000754";"HOSPITAL REGIONAL HERMILIO VALDIZAN";"240100";"HOSPITALIZACIÓN QUIRÚRGICA CIRUGÍA GENERAL ";"50";"117";"45";"30";"30";"110";"0"
"2023";"05";"100101";"HUANUCO";"HUANUCO";"HUANUCO";"GOBIERNO REGIONAL";"II-2";"00000754";"HOSPITAL REGIONAL HERMILIO VALDIZAN";"250100";"UNIDAD DE CUIDADOS CRITICOS UNIDAD  DE CUIDADOS INTENSIVOS GENERALES (UCI) ";"8";"10";"89";"10";"4";"93";"2"
"2023";"05";"100101";"HUANUCO";"HUANUCO";"HUANUCO";"GOBIERNO REGIONAL";"II-2";"00000754";"HOSPITAL REGIONAL HERMILIO VALDIZAN";"241400";"HOSPITALIZACIÓN QUIRÚRGICA GINECO - OBSTETRICIA ";"102";"143";"60";"63";"20";"125";"0"
"2023";"05";"100101";"HUANUCO";"HUANUCO";"HUANUCO";"GOBIERNO REGIONAL";"II-2";"00000754";"HOSPITAL REGIONAL HERMILIO VALDIZAN";"243200";"HOSPITALIZACIÓN DE PEDIATRÍA PEDIATRIA NEONATOLOGÍA";"51";"85";"60";"35";"23";"80";"0"
"2023";"05";"100101";"HUANUCO";"HUANUCO";"HUANUCO";"GOBIERNO REGIONAL";"II-2";"00000754";"HOSPITAL REGIONAL HERMILIO VALDIZAN";"241500";"HOSPITALIZACIÓN QUIRÚRGICA GINECOLOGÍA  ";"6";"12";"20";"12";"8";"82";"0"
"2023";"05";"150120";"LIMA";"LIMA";"MAGDALENA DEL MAR";"PRIVADO";"II-E";"00011803";"CLINICA VIRGEN DEL ROSARIO SRL";"240000";"HOSPITALIZACIÓN";"176";"180";"247";"182";"24";"690";"0"
"2023";"05";"080108";"CUSCO";"CUSCO";"WANCHAQ";"PRIVADO";"II-E";"00011338";"PARDO";"240100";"HOSPITALIZACIÓN QUIRÚRGICA CIRUGÍA GENERAL ";"105";"99";"735";"55";"24";"720";"0"
"2023";"05";"080108";"CUSCO";"CUSCO";"WANCHAQ";"PRIVADO";"II-E";"00011338";"PARDO";"241700";"HOSPITALIZACIÓN QUIRÚRGICA GINECOLOGÍA   GINECOLOGIA ONCOLOGiCA";"22";"20";"87";"30";"24";"720";"0"
"2023";"05";"080108";"CUSCO";"CUSCO";"WANCHAQ";"PRIVADO";"II-E";"00011338";"PARDO";"240400";"HOSPITALIZACIÓN QUIRÚRGICA CIRUGÍA DE TÓRAX Y CARDIOVASCULAR ";"10";"7";"65";"18";"24";"720";"0"
"2023";"05";"080108";"CUSCO";"CUSCO";"WANCHAQ";"PRIVADO";"II-E";"00011338";"PARDO";"241200";"HOSPITALIZACIÓN QUIRÚRGICA TRAUMATOLOGÍA Y ORTOPEDIA ";"8";"6";"43";"13";"24";"720";"0"
"2023";"05";"080108";"CUSCO";"CUSCO";"WANCHAQ";"PRIVADO";"II-E";"00011338";"PARDO";"241300";"HOSPITALIZACIÓN QUIRÚRGICA UROLOGÍA  ";"3";"2";"35";"12";"24";"720";"0"
"2023";"07";"210101";"PUNO";"PUNO";"PUNO";"GOBIERNO REGIONAL";"II-2";"00003251";"HOSPITAL REGIONAL MANUEL NUÑEZ BUTRON";"240100";"HOSPITALIZACIÓN QUIRÚRGICA CIRUGÍA GENERAL ";"86";"100";"538";"645";"34";"1054";"5"
"2023";"07";"210101";"PUNO";"PUNO";"PUNO";"GOBIERNO REGIONAL";"II-2";"00003251";"HOSPITAL REGIONAL MANUEL NUÑEZ BUTRON";"240700";"HOSPITALIZACIÓN QUIRÚRGICA CIRUGÍA PEDIÁTRICA ";"5";"7";"21";"28";"3";"93";"1"
"2023";"07";"210101";"PUNO";"PUNO";"PUNO";"GOBIERNO REGIONAL";"II-2";"00003251";"HOSPITAL REGIONAL MANUEL NUÑEZ BUTRON";"240900";"HOSPITALIZACIÓN QUIRÚRGICA NEUROCIRUGÍA ";"6";"11";"136";"147";"12";"372";"0"
"2023";"07";"210101";"PUNO";"PUNO";"PUNO";"GOBIERNO REGIONAL";"II-2";"00003251";"HOSPITAL REGIONAL MANUEL NUÑEZ BUTRON";"241200";"HOSPITALIZACIÓN QUIRÚRGICA TRAUMATOLOGÍA Y ORTOPEDIA ";"24";"29";"167";"200";"14";"434";"0"
"2023";"07";"210101";"PUNO";"PUNO";"PUNO";"GOBIERNO REGIONAL";"II-2";"00003251";"HOSPITAL REGIONAL MANUEL NUÑEZ BUTRON";"241300";"HOSPITALIZACIÓN QUIRÚRGICA UROLOGÍA  ";"3";"3";"29";"32";"2";"62";"0"
"2023";"07";"210101";"PUNO";"PUNO";"PUNO";"GOBIERNO REGIONAL";"II-2";"00003251";"HOSPITAL REGIONAL MANUEL NUÑEZ BUTRON";"241500";"HOSPITALIZACIÓN QUIRÚRGICA GINECOLOGÍA  ";"7";"7";"16";"21";"3";"93";"0"
"2023";"07";"210101";"PUNO";"PUNO";"PUNO";"GOBIERNO REGIONAL";"II-2";"00003251";"HOSPITAL REGIONAL MANUEL NUÑEZ BUTRON";"241600";"HOSPITALIZACIÓN QUIRÚRGICA OBSTETRICIA   ";"162";"173";"347";"516";"19";"589";"0"
"2023";"07";"210101";"PUNO";"PUNO";"PUNO";"GOBIERNO REGIONAL";"II-2";"00003251";"HOSPITAL REGIONAL MANUEL NUÑEZ BUTRON";"241800";"HOSPITALIZACIÓN DE MEDICINA MEDICINA GENERAL ";"40";"50";"221";"266";"27";"837";"5"
"2023";"07";"210101";"PUNO";"PUNO";"PUNO";"GOBIERNO REGIONAL";"II-2";"00003251";"HOSPITAL REGIONAL MANUEL NUÑEZ BUTRON";"241900";"HOSPITALIZACIÓN DE MEDICINA MEDICINA INTERNA ";"59";"67";"244";"309";"21";"651";"11"
"2023";"07";"210101";"PUNO";"PUNO";"PUNO";"GOBIERNO REGIONAL";"II-2";"00003251";"HOSPITAL REGIONAL MANUEL NUÑEZ BUTRON";"242200";"HOSPITALIZACIÓN DE MEDICINA PSIQUIATRÍA ";"1";"1";"4";"5";"1";"31";"0"
"2023";"07";"210101";"PUNO";"PUNO";"PUNO";"GOBIERNO REGIONAL";"II-2";"00003251";"HOSPITAL REGIONAL MANUEL NUÑEZ BUTRON";"242500";"HOSPITALIZACIÓN-PEDIATRÍA GENERAL-";"51";"70";"461";"527";"27";"837";"0"
"2023";"07";"210101";"PUNO";"PUNO";"PUNO";"GOBIERNO REGIONAL";"II-2";"00003251";"HOSPITAL REGIONAL MANUEL NUÑEZ BUTRON";"243200";"HOSPITALIZACIÓN DE PEDIATRÍA PEDIATRIA NEONATOLOGÍA";"50";"68";"464";"529";"28";"868";"0"
"2023";"07";"210101";"PUNO";"PUNO";"PUNO";"GOBIERNO REGIONAL";"II-2";"00003251";"HOSPITAL REGIONAL MANUEL NUÑEZ BUTRON";"250103";"UNIDAD DE CUIDADOS CRITICOS UNIDAD  DE CUIDADOS INTENSIVOS GENERALES  (UCI) MEDICINA";"4";"7";"64";"71";"4";"124";"3"
"2023";"07";"210101";"PUNO";"PUNO";"PUNO";"GOBIERNO REGIONAL";"II-2";"00003251";"HOSPITAL REGIONAL MANUEL NUÑEZ BUTRON";"244700";"HOSPITALIZACIÓN DE MEDICINA NEUROLOGIA  ";"3";"3";"5";"8";"4";"124";"1"
"2023";"07";"210101";"PUNO";"PUNO";"PUNO";"GOBIERNO REGIONAL";"II-2";"00003251";"HOSPITAL REGIONAL MANUEL NUÑEZ BUTRON";"244300";"HOSPITALIZACIÓN DE MEDICINA GASTROENTEROLOGÍA  ";"1";"4";"21";"25";"1";"31";"0"
"2023";"07";"210101";"PUNO";"PUNO";"PUNO";"GOBIERNO REGIONAL";"II-2";"00003251";"HOSPITAL REGIONAL MANUEL NUÑEZ BUTRON";"244600";"HOSPITALIZACIÓN DE MEDICINA NEFROLOGIA ";"4";"4";"14";"18";"1";"31";"0"
"2023";"07";"210101";"PUNO";"PUNO";"PUNO";"GOBIERNO REGIONAL";"II-2";"00003251";"HOSPITAL REGIONAL MANUEL NUÑEZ BUTRON";"244200";"HOSPITALIZACIÓN DE MEDICINA ENDOCRINOLOGIA ";"4";"5";"31";"36";"3";"93";"1"
"2023";"07";"120606";"JUNIN";"SATIPO";"PANGOA";"GOBIERNO REGIONAL";"I-2";"00000447";"VILLA MARIA";"NE_0001";"";"NE_0001";"NE_0001";"NE_0001";"NE_0001";"NE_0001";"NE_0001";"NE_0001"
"2023";"06";"100109";"HUANUCO";"HUANUCO";"SANTA MARIA DEL VALLE";"GOBIERNO REGIONAL";"I-1";"00027658";"SAN PEDRO DE CHOQUECANCHA";"NE_0001";"";"NE_0001";"NE_0001";"NE_0001";"NE_0001";"NE_0001";"NE_0001";"NE_0001"
"2023";"06";"100109";"HUANUCO";"HUANUCO";"SANTA MARIA DEL VALLE";"GOBIERNO REGIONAL";"I-3";"00027635";"SANTA MARIA DEL VALLE";"NE_0001";"";"NE_0001";"NE_0001";"NE_0001";"NE_0001";"NE_0001";"NE_0001";"NE_0001"
"2023";"04";"120702";"JUNIN";"TARMA";"ACOBAMBA";"GOBIERNO REGIONAL";"I-1";"00000525";"HUAYLAHUICHAN";"NE_0001";"";"NE_0001";"NE_0001";"NE_0001";"NE_0001";"NE_0001";"NE_0001";"NE_0001"
"2023";"04";"120702";"JUNIN";"TARMA";"ACOBAMBA";"GOBIERNO REGIONAL";"I-1";"00000523";"HUARACAYO";"NE_0001";"";"NE_0001";"NE_0001";"NE_0001";"NE_0001";"NE_0001";"NE_0001";"NE_0001"
"2023";"04";"150101";"LIMA";"LIMA";"LIMA";"ESSALUD";"II-2";"00008502";"HOSPITAL DE EMERGENCIAS GRAU";"241900";"HOSPITALIZACIÓN DE MEDICINA MEDICINA INTERNA ";"176";"181";"1403";"1460";"52";"1560";"9"
"2023";"04";"150101";"LIMA";"LIMA";"LIMA";"ESSALUD";"II-2";"00008502";"HOSPITAL DE EMERGENCIAS GRAU";"242000";"HOSPITALIZACIÓN DE MEDICINA MEDICINA TROPICAL E INFECCIOSAS ";"33";"35";"722";"236";"10";"300";"2"
"2023";"04";"150101";"LIMA";"LIMA";"LIMA";"ESSALUD";"II-2";"00008502";"HOSPITAL DE EMERGENCIAS GRAU";"240100";"HOSPITALIZACIÓN QUIRÚRGICA CIRUGÍA GENERAL ";"240";"247";"575";"563";"25";"750";"0"
"2023";"04";"150101";"LIMA";"LIMA";"LIMA";"ESSALUD";"II-2";"00008502";"HOSPITAL DE EMERGENCIAS GRAU";"241200";"HOSPITALIZACIÓN QUIRÚRGICA TRAUMATOLOGÍA Y ORTOPEDIA ";"63";"67";"531";"416";"17";"510";"0"
"2023";"04";"150101";"LIMA";"LIMA";"LIMA";"ESSALUD";"II-2";"00008502";"HOSPITAL DE EMERGENCIAS GRAU";"241300";"HOSPITALIZACIÓN QUIRÚRGICA UROLOGÍA  ";"56";"62";"517";"215";"10";"300";"0"
"2023";"04";"150101";"LIMA";"LIMA";"LIMA";"ESSALUD";"II-2";"00008502";"HOSPITAL DE EMERGENCIAS GRAU";"241400";"HOSPITALIZACIÓN QUIRÚRGICA GINECO - OBSTETRICIA ";"365";"376";"841";"811";"31";"930";"0"
"2023";"04";"150101";"LIMA";"LIMA";"LIMA";"ESSALUD";"II-2";"00008502";"HOSPITAL DE EMERGENCIAS GRAU";"242500";"HOSPITALIZACIÓN-PEDIATRÍA GENERAL-";"80";"86";"302";"276";"11";"330";"0"
"2023";"04";"150101";"LIMA";"LIMA";"LIMA";"ESSALUD";"II-2";"00008502";"HOSPITAL DE EMERGENCIAS GRAU";"243200";"HOSPITALIZACIÓN DE PEDIATRÍA PEDIATRIA NEONATOLOGÍA";"188";"190";"337";"175";"10";"300";"1"
"2023";"04";"150101";"LIMA";"LIMA";"LIMA";"ESSALUD";"II-2";"00008502";"HOSPITAL DE EMERGENCIAS GRAU";"250200";"UNIDAD DE CUIDADOS CRITICOS UNIDAD DE CUIDADOS INTERMEDIOS GENERAL  (UCIN) ";"11";"4";"74";"137";"5";"150";"0"
"2023";"04";"150101";"LIMA";"LIMA";"LIMA";"ESSALUD";"II-2";"00008502";"HOSPITAL DE EMERGENCIAS GRAU";"250100";"UNIDAD DE CUIDADOS CRITICOS UNIDAD  DE CUIDADOS INTENSIVOS GENERALES (UCI) ";"10";"7";"139";"229";"8";"240";"6"
"2023";"04";"180101";"MOQUEGUA";"MARISCAL NIETO";"MOQUEGUA";"GOBIERNO REGIONAL";"II-2";"00007732";"HOSPITAL REGIONAL DE MOQUEGUA";"241400";"HOSPITALIZACIÓN QUIRÚRGICA GINECO - OBSTETRICIA ";"137";"150";"350";"376";"28";"840";"0"
"2023";"04";"180101";"MOQUEGUA";"MARISCAL NIETO";"MOQUEGUA";"GOBIERNO REGIONAL";"II-2";"00007732";"HOSPITAL REGIONAL DE MOQUEGUA";"241200";"HOSPITALIZACIÓN QUIRÚRGICA TRAUMATOLOGÍA Y ORTOPEDIA ";"41";"40";"383";"416";"12";"420";"0"
"2023";"04";"180101";"MOQUEGUA";"MARISCAL NIETO";"MOQUEGUA";"GOBIERNO REGIONAL";"II-2";"00007732";"HOSPITAL REGIONAL DE MOQUEGUA";"240100";"HOSPITALIZACIÓN QUIRÚRGICA CIRUGÍA GENERAL ";"52";"58";"274";"259";"9";"270";"0"
"2023";"04";"180101";"MOQUEGUA";"MARISCAL NIETO";"MOQUEGUA";"GOBIERNO REGIONAL";"II-2";"00007732";"HOSPITAL REGIONAL DE MOQUEGUA";"242500";"HOSPITALIZACIÓN-PEDIATRÍA GENERAL-";"21";"24";"99";"99";"10";"298";"0"
"2023";"04";"180101";"MOQUEGUA";"MARISCAL NIETO";"MOQUEGUA";"GOBIERNO REGIONAL";"II-2";"00007732";"HOSPITAL REGIONAL DE MOQUEGUA";"243200";"HOSPITALIZACIÓN DE PEDIATRÍA PEDIATRIA NEONATOLOGÍA";"21";"26";"186";"125";"8";"240";"0"
"2023";"04";"180101";"MOQUEGUA";"MARISCAL NIETO";"MOQUEGUA";"GOBIERNO REGIONAL";"II-2";"00007732";"HOSPITAL REGIONAL DE MOQUEGUA";"241800";"HOSPITALIZACIÓN DE MEDICINA MEDICINA GENERAL ";"39";"42";"419";"356";"16";"465";"2"
"2023";"04";"180101";"MOQUEGUA";"MARISCAL NIETO";"MOQUEGUA";"GOBIERNO REGIONAL";"II-2";"00007732";"HOSPITAL REGIONAL DE MOQUEGUA";"250200";"UNIDAD DE CUIDADOS CRITICOS UNIDAD DE CUIDADOS INTERMEDIOS GENERAL  (UCIN) ";"17";"15";"121";"133";"7";"210";"6"
"2023";"04";"180101";"MOQUEGUA";"MARISCAL NIETO";"MOQUEGUA";"GOBIERNO REGIONAL";"II-2";"00007732";"HOSPITAL REGIONAL DE MOQUEGUA";"242200";"HOSPITALIZACIÓN DE MEDICINA PSIQUIATRÍA ";"10";"11";"148";"197";"5";"210";"0"
"2023";"08";"040105";"AREQUIPA";"AREQUIPA";"CHARACATO";"GOBIERNO REGIONAL";"I-3";"00001261";"CENTRO DE SALUD DE CHARACATO";"NE_0001";"";"NE_0001";"NE_0001";"NE_0001";"NE_0001";"NE_0001";"NE_0001";"NE_0001"
"2023";"08";"040113";"AREQUIPA";"AREQUIPA";"POCSI";"GOBIERNO REGIONAL";"I-1";"00001289";"PUESTO DE SALUD PIACA";"NE_0001";"";"NE_0001";"NE_0001";"NE_0001";"NE_0001";"NE_0001";"NE_0001";"NE_0001"
"2023";"08";"040114";"AREQUIPA";"AREQUIPA";"POLOBAYA";"GOBIERNO REGIONAL";"I-2";"00001262";"PUESTO DE SALUD POLOBAYA";"NE_0001";"";"NE_0001";"NE_0001";"NE_0001";"NE_0001";"NE_0001";"NE_0001";"NE_0001"
"2023";"08";"040116";"AREQUIPA";"AREQUIPA";"SABANDIA";"GOBIERNO REGIONAL";"I-2";"00001284";"PUESTO DE SALUD LEOPOLDO RONDON - SABANDIA";"NE_0001";"";"NE_0001";"NE_0001";"NE_0001";"NE_0001";"NE_0001";"NE_0001";"NE_0001"
"2023";"08";"040111";"AREQUIPA";"AREQUIPA";"MOLLEBAYA";"GOBIERNO REGIONAL";"I-2";"00011677";"PUESTO DE SALUD MACHAHUAYA";"NE_0001";"";"NE_0001";"NE_0001";"NE_0001";"NE_0001";"NE_0001";"NE_0001";"NE_0001"
"2023";"08";"040127";"AREQUIPA";"AREQUIPA";"YARABAMBA";"GOBIERNO REGIONAL";"I-2";"00001287";"PUESTO DE SALUD YARABAMBA";"NE_0001";"";"NE_0001";"NE_0001";"NE_0001";"NE_0001";"NE_0001";"NE_0001";"NE_0001"
"2023";"08";"040113";"AREQUIPA";"AREQUIPA";"POCSI";"GOBIERNO REGIONAL";"I-1";"00001288";"PUESTO DE SALUD POCSI";"NE_0001";"";"NE_0001";"NE_0001";"NE_0001";"NE_0001";"NE_0001";"NE_0001";"NE_0001"
"2023";"08";"040115";"AREQUIPA";"AREQUIPA";"QUEQUEÑA";"GOBIERNO REGIONAL";"I-2";"00001286";"PUESTO DE SALUD QUEQUEÑA";"NE_0001";"";"NE_0001";"NE_0001";"NE_0001";"NE_0001";"NE_0001";"NE_0001";"NE_0001"
"2023";"08";"150122";"LIMA";"LIMA";"MIRAFLORES";"PRIVADO";"II-E";"00015182";"OPTIMA VISION S.R.L.";"NE_0001";"";"NE_0001";"NE_0001";"NE_0001";"NE_0001";"NE_0001";"NE_0001";"NE_0001"
"2023";"09";"150130";"LIMA";"LIMA";"SAN BORJA";"PRIVADO";"II-E";"00013383";"CLINICA SANTA ISABEL";"241400";"HOSPITALIZACIÓN QUIRÚRGICA GINECO - OBSTETRICIA ";"201";"195";"521";"605";"25";"750";"0"
"2023";"09";"110201";"ICA";"CHINCHA";"CHINCHA ALTA";"PRIVADO";"II-1";"00020979";"CLINICA DE LOS VASQUEZ S.A.C.";"240000";"HOSPITALIZACIÓN";"44";"45";"162";"51";"19";"570";"0"
"2023";"09";"220910";"SAN MARTIN";"SAN MARTIN";"MORALES";"ESSALUD";"I-2";"00027730";"CENTRO DE ATENCIÓN PRIMARIA MORALES - ESSALUD";"NE_0001";"";"NE_0001";"NE_0001";"NE_0001";"NE_0001";"NE_0001";"NE_0001";"NE_0001"
"2023";"09";"150133";"LIMA";"LIMA";"SAN JUAN DE MIRAFLORES";"PRIVADO";"II-E";"00016794";"CLINICA DIVINO NIÑO JESUS - ORDEN DE MALTA";"241900";"HOSPITALIZACIÓN DE MEDICINA MEDICINA INTERNA ";"44";"40";"87";"400";"15";"450";"0"
"2023";"09";"120708";"JUNIN";"TARMA";"SAN PEDRO DE CAJAS";"GOBIERNO REGIONAL";"I-1";"00000535";"SAN JOSE DE CAYASH";"NE_0001";"";"NE_0001";"NE_0001";"NE_0001";"NE_0001";"NE_0001";"NE_0001";"NE_0001"
"2023";"09";"120708";"JUNIN";"TARMA";"SAN PEDRO DE CAJAS";"GOBIERNO REGIONAL";"I-1";"00010344";"PURHUARACRA";"NE_0001";"";"NE_0001";"NE_0001";"NE_0001";"NE_0001";"NE_0001";"NE_0001";"NE_0001"
"2023";"09";"120708";"JUNIN";"TARMA";"SAN PEDRO DE CAJAS";"GOBIERNO REGIONAL";"I-3";"00000534";"SAN PEDRO DE CAJAS";"NE_0001";"";"NE_0001";"NE_0001";"NE_0001";"NE_0001";"NE_0001";"NE_0001";"NE_0001"
"2023";"09";"150105";"LIMA";"LIMA";"BREÑA";"MINSA";"III-2";"00006216";"INSTITUTO NACIONAL DE SALUD DEL NIÑO";"242900";"HOSPITALIZACIÓN DE PEDIATRÍA PEDIATRIA GASTROENTEROLOGÍA PEDIÁTRICA";"26";"23";"203";"213";"8";"240";"0"
"2023";"09";"150105";"LIMA";"LIMA";"BREÑA";"MINSA";"III-2";"00006216";"INSTITUTO NACIONAL DE SALUD DEL NIÑO";"243000";"HOSPITALIZACIÓN DE PEDIATRÍA PEDIATRIA GINECOLOGÍA PEDIÁTRICA";"9";"7";"42";"74";"3";"90";"0"
"2023";"09";"150105";"LIMA";"LIMA";"BREÑA";"MINSA";"III-2";"00006216";"INSTITUTO NACIONAL DE SALUD DEL NIÑO";"243100";"HOSPITALIZACIÓN DE PEDIATRÍA PEDIATRIA NEFROLOGÍA PEDIÁTRICA";"9";"10";"179";"95";"4";"120";"1"
"2023";"09";"150105";"LIMA";"LIMA";"BREÑA";"MINSA";"III-2";"00006216";"INSTITUTO NACIONAL DE SALUD DEL NIÑO";"243300";"HOSPITALIZACIÓN DE PEDIATRÍA PEDIATRIA NEUMOLOGÍA PEDIÁTRICA";"20";"22";"601";"545";"21";"630";"1"
"2023";"09";"150105";"LIMA";"LIMA";"BREÑA";"MINSA";"III-2";"00006216";"INSTITUTO NACIONAL DE SALUD DEL NIÑO";"243400";"HOSPITALIZACIÓN DE PEDIATRÍA PEDIATRIA NEUROLOGÍA PEDIÁTRICA";"30";"28";"327";"373";"13";"390";"0"
"2023";"09";"150105";"LIMA";"LIMA";"BREÑA";"MINSA";"III-2";"00006216";"INSTITUTO NACIONAL DE SALUD DEL NIÑO";"243500";"HOSPITALIZACIÓN DE PEDIATRÍA PEDIATRIA OFTALMOLOGÍA PEDIÁTRICA";"3";"2";"8";"20";"1";"30";"0"
"2023";"09";"150105";"LIMA";"LIMA";"BREÑA";"MINSA";"III-2";"00006216";"INSTITUTO NACIONAL DE SALUD DEL NIÑO";"243600";"HOSPITALIZACIÓN DE PEDIATRÍA PEDIATRIA ONCOLOGÍA PEDIÁTRICA";"7";"4";"98";"46";"3";"90";"0"
"2023";"09";"150105";"LIMA";"LIMA";"BREÑA";"MINSA";"III-2";"00006216";"INSTITUTO NACIONAL DE SALUD DEL NIÑO";"243700";"HOSPITALIZACIÓN DE PEDIATRÍA PEDIATRIA OTORRINOLARINGOLOGÍA PEDIÁTRICA ";"5";"1";"1";"7";"1";"30";"0"
"2023";"09";"150105";"LIMA";"LIMA";"BREÑA";"MINSA";"III-2";"00006216";"INSTITUTO NACIONAL DE SALUD DEL NIÑO";"244500";"HOSPITALIZACIÓN DE MEDICINA HEMATOLOGÍA ";"3";"3";"126";"89";"3";"90";"0"
"2023";"09";"070104";"CALLAO";"CALLAO";"LA PERLA";"GOBIERNO REGIONAL";"I-2";"00006251";"PUESTO DE SALUD  LA PERLA";"NE_0001";"";"NE_0001";"NE_0001";"NE_0001";"NE_0001";"NE_0001";"NE_0001";"NE_0001"
"2023";"09";"070103";"CALLAO";"CALLAO";"CARMEN DE LA LEGUA-REYNOSO";"GOBIERNO REGIONAL";"I-3";"00006252";"CENTRO DE SALUD CARMEN DE LA LEGUA";"NE_0001";"";"NE_0001";"NE_0001";"NE_0001";"NE_0001";"NE_0001";"NE_0001";"NE_0001"
"2023";"09";"070104";"CALLAO";"CALLAO";"LA PERLA";"GOBIERNO REGIONAL";"I-2";"00006250";"PUESTO DE SALUD ALTA MAR";"NE_0001";"";"NE_0001";"NE_0001";"NE_0001";"NE_0001";"NE_0001";"NE_0001";"NE_0001"
"2023";"09";"070104";"CALLAO";"CALLAO";"LA PERLA";"GOBIERNO REGIONAL";"I-2";"00026983";"CENTRO DE SALUD MENTAL COMUNITARIO LA PERLA";"NE_0001";"";"NE_0001";"NE_0001";"NE_0001";"NE_0001";"NE_0001";"NE_0001";"NE_0001"
"2023";"09";"070102";"CALLAO";"CALLAO";"BELLAVISTA";"GOBIERNO REGIONAL";"I-4";"00006249";"C.S. BELLAVISTA PERU COREA";"241600";"HOSPITALIZACIÓN QUIRÚRGICA OBSTETRICIA   ";"7";"7";"7";"210";"13";"390";"0"
"2023";"09";"070102";"CALLAO";"CALLAO";"BELLAVISTA";"GOBIERNO REGIONAL";"I-2";"00031271";"CENTRO DE SALUD MENTAL COMUNITARIO UNIVERSITARIO CALLAO";"NE_0001";"";"NE_0001";"NE_0001";"NE_0001";"NE_0001";"NE_0001";"NE_0001";"NE_0001"
"2023";"09";"070103";"CALLAO";"CALLAO";"CARMEN DE LA LEGUA-REYNOSO";"GOBIERNO REGIONAL";"I-2";"00029132";"Centro de Salud Mental Comunitario ""Carmen de la Legua - Reynoso""";"NE_0001";"";"NE_0001";"NE_0001";"NE_0001";"NE_0001";"NE_0001";"NE_0001";"NE_0001"
"2023";"09";"070103";"CALLAO";"CALLAO";"CARMEN DE LA LEGUA-REYNOSO";"GOBIERNO REGIONAL";"I-2";"00006253";"PUESTO DE SALUD VILLA SEÑOR. DE LOS MILAGROS";"NE_0001";"";"NE_0001";"NE_0001";"NE_0001";"NE_0001";"NE_0001";"NE_0001";"NE_0001"
"2023";"09";"060101";"CAJAMARCA";"CAJAMARCA";"CAJAMARCA";"PRIVADO";"II-1";"00009591";"CLINICA LIMATAMBO CAJAMARCA S.A.C.";"240000";"HOSPITALIZACIÓN";"168";"169";"187";"431";"33";"720";"3"
"2023";"09";"150121";"LIMA";"LIMA";"PUEBLO LIBRE";"PRIVADO";"II-E";"00015077";"LIGA CONTRA EL CÁNCER";"NE_0001";"";"NE_0001";"NE_0001";"NE_0001";"NE_0001";"NE_0001";"NE_0001";"NE_0001"
"2023";"09";"150111";"LIMA";"LIMA";"EL AGUSTINO";"MINSA";"III-1";"00005946";"HOSPITAL NACIONAL HIPOLITO UNANUE";"241600";"HOSPITALIZACIÓN QUIRÚRGICA OBSTETRICIA   ";"344";"427";"997";"674";"55";"1650";"0"
"2023";"09";"150111";"LIMA";"LIMA";"EL AGUSTINO";"MINSA";"III-1";"00005946";"HOSPITAL NACIONAL HIPOLITO UNANUE";"240400";"HOSPITALIZACIÓN QUIRÚRGICA CIRUGÍA DE TÓRAX Y CARDIOVASCULAR ";"185";"150";"2803";"2787";"133";"3990";"18"
"2023";"09";"150111";"LIMA";"LIMA";"EL AGUSTINO";"MINSA";"III-1";"00005946";"HOSPITAL NACIONAL HIPOLITO UNANUE";"242500";"HOSPITALIZACIÓN-PEDIATRÍA GENERAL-";"72";"75";"689";"635";"39";"1170";"0"
"2023";"09";"150111";"LIMA";"LIMA";"EL AGUSTINO";"MINSA";"III-1";"00005946";"HOSPITAL NACIONAL HIPOLITO UNANUE";"240100";"HOSPITALIZACIÓN QUIRÚRGICA CIRUGÍA GENERAL ";"237";"233";"1891";"1687";"72";"2160";"2"
"2023";"09";"150111";"LIMA";"LIMA";"EL AGUSTINO";"MINSA";"III-1";"00005946";"HOSPITAL NACIONAL HIPOLITO UNANUE";"242200";"HOSPITALIZACIÓN DE MEDICINA PSIQUIATRÍA ";"4";"6";"27";"79";"5";"150";"0"
"2023";"09";"150111";"LIMA";"LIMA";"EL AGUSTINO";"MINSA";"III-1";"00005946";"HOSPITAL NACIONAL HIPOLITO UNANUE";"241800";"HOSPITALIZACIÓN DE MEDICINA MEDICINA GENERAL ";"234";"258";"2935";"2761";"94";"2820";"29"
"2023";"09";"150111";"LIMA";"LIMA";"EL AGUSTINO";"MINSA";"III-1";"00005946";"HOSPITAL NACIONAL HIPOLITO UNANUE";"240300";"HOSPITALIZACIÓN QUIRÚRGICA CIRUGÍA DIGESTIVA ";"60";"44";"460";"544";"19";"570";"2"
"2023";"09";"150111";"LIMA";"LIMA";"EL AGUSTINO";"MINSA";"III-1";"00005946";"HOSPITAL NACIONAL HIPOLITO UNANUE";"241300";"HOSPITALIZACIÓN QUIRÚRGICA UROLOGÍA  ";"41";"41";"310";"350";"12";"360";"1"
"2023";"09";"150111";"LIMA";"LIMA";"EL AGUSTINO";"MINSA";"III-1";"00005946";"HOSPITAL NACIONAL HIPOLITO UNANUE";"241200";"HOSPITALIZACIÓN QUIRÚRGICA TRAUMATOLOGÍA Y ORTOPEDIA ";"0";"59";"892";"717";"25";"750";"0"
"2023";"09";"150111";"LIMA";"LIMA";"EL AGUSTINO";"MINSA";"III-1";"00005946";"HOSPITAL NACIONAL HIPOLITO UNANUE";"243200";"HOSPITALIZACIÓN DE PEDIATRÍA PEDIATRIA NEONATOLOGÍA";"91";"88";"1318";"752";"44";"1320";"6"
"2023";"09";"150111";"LIMA";"LIMA";"EL AGUSTINO";"MINSA";"III-1";"00005946";"HOSPITAL NACIONAL HIPOLITO UNANUE";"240200";"HOSPITALIZACIÓN QUIRÚRGICA CIRUGÍA DE CABEZA Y CUELLO / MÁXILO FACIAL ";"29";"26";"320";"131";"10";"300";"0"
"2023";"09";"150111";"LIMA";"LIMA";"EL AGUSTINO";"MINSA";"III-1";"00005946";"HOSPITAL NACIONAL HIPOLITO UNANUE";"240700";"HOSPITALIZACIÓN QUIRÚRGICA CIRUGÍA PEDIÁTRICA ";"12";"8";"33";"166";"10";"300";"0"
"2023";"09";"150111";"LIMA";"LIMA";"EL AGUSTINO";"MINSA";"III-1";"00005946";"HOSPITAL NACIONAL HIPOLITO UNANUE";"241500";"HOSPITALIZACIÓN QUIRÚRGICA GINECOLOGÍA  ";"186";"93";"324";"705";"38";"1140";"1"
"2023";"09";"150111";"LIMA";"LIMA";"EL AGUSTINO";"MINSA";"III-1";"00005946";"HOSPITAL NACIONAL HIPOLITO UNANUE";"241100";"HOSPITALIZACIÓN QUIRÚRGICA OTORRINOLARINGOLOGÍA  ";"21";"21";"69";"101";"5";"150";"0"
"2023";"09";"150111";"LIMA";"LIMA";"EL AGUSTINO";"MINSA";"III-1";"00005946";"HOSPITAL NACIONAL HIPOLITO UNANUE";"240800";"HOSPITALIZACIÓN QUIRÚRGICA CIRUGÍA PLÁSTICA/RECONSTRUCTIVA/ REPARADORA ";"7";"11";"229";"326";"13";"390";"0"
"2023";"09";"150111";"LIMA";"LIMA";"EL AGUSTINO";"MINSA";"III-1";"00005946";"HOSPITAL NACIONAL HIPOLITO UNANUE";"242000";"HOSPITALIZACIÓN DE MEDICINA MEDICINA TROPICAL E INFECCIOSAS ";"14";"13";"252";"289";"12";"360";"2"
"2023";"09";"150111";"LIMA";"LIMA";"EL AGUSTINO";"MINSA";"III-1";"00005946";"HOSPITAL NACIONAL HIPOLITO UNANUE";"240900";"HOSPITALIZACIÓN QUIRÚRGICA NEUROCIRUGÍA ";"13";"18";"363";"485";"18";"540";"3"
"2023";"09";"150111";"LIMA";"LIMA";"EL AGUSTINO";"MINSA";"III-1";"00005946";"HOSPITAL NACIONAL HIPOLITO UNANUE";"250100";"UNIDAD DE CUIDADOS CRITICOS UNIDAD  DE CUIDADOS INTENSIVOS GENERALES (UCI) ";"11";"3";"58";"351";"14";"420";"2"
"2023";"09";"150111";"LIMA";"LIMA";"EL AGUSTINO";"MINSA";"III-1";"00005946";"HOSPITAL NACIONAL HIPOLITO UNANUE";"240600";"HOSPITALIZACIÓN QUIRÚRGICA CIRUGÍA OFTALMOLÓGICA ";"2";"1";"5";"6";"1";"30";"0"
"2023";"09";"180101";"MOQUEGUA";"MARISCAL NIETO";"MOQUEGUA";"GOBIERNO REGIONAL";"II-2";"00007732";"HOSPITAL REGIONAL DE MOQUEGUA";"241400";"HOSPITALIZACIÓN QUIRÚRGICA GINECO - OBSTETRICIA ";"119";"119";"325";"331";"23";"686";"0"
"2023";"09";"180101";"MOQUEGUA";"MARISCAL NIETO";"MOQUEGUA";"GOBIERNO REGIONAL";"II-2";"00007732";"HOSPITAL REGIONAL DE MOQUEGUA";"241200";"HOSPITALIZACIÓN QUIRÚRGICA TRAUMATOLOGÍA Y ORTOPEDIA ";"58";"57";"479";"438";"17";"501";"1"
"2023";"09";"180101";"MOQUEGUA";"MARISCAL NIETO";"MOQUEGUA";"GOBIERNO REGIONAL";"II-2";"00007732";"HOSPITAL REGIONAL DE MOQUEGUA";"240100";"HOSPITALIZACIÓN QUIRÚRGICA CIRUGÍA GENERAL ";"56";"57";"288";"289";"11";"318";"0"
"2023";"09";"180101";"MOQUEGUA";"MARISCAL NIETO";"MOQUEGUA";"GOBIERNO REGIONAL";"II-2";"00007732";"HOSPITAL REGIONAL DE MOQUEGUA";"242500";"HOSPITALIZACIÓN-PEDIATRÍA GENERAL-";"32";"33";"100";"99";"10";"300";"0"
"2023";"09";"180101";"MOQUEGUA";"MARISCAL NIETO";"MOQUEGUA";"GOBIERNO REGIONAL";"II-2";"00007732";"HOSPITAL REGIONAL DE MOQUEGUA";"243200";"HOSPITALIZACIÓN DE PEDIATRÍA PEDIATRIA NEONATOLOGÍA";"18";"21";"100";"56";"8";"240";"0"
"2023";"09";"180101";"MOQUEGUA";"MARISCAL NIETO";"MOQUEGUA";"GOBIERNO REGIONAL";"II-2";"00007732";"HOSPITAL REGIONAL DE MOQUEGUA";"241800";"HOSPITALIZACIÓN DE MEDICINA MEDICINA GENERAL ";"45";"37";"316";"419";"15";"456";"4"
"2023";"09";"180101";"MOQUEGUA";"MARISCAL NIETO";"MOQUEGUA";"GOBIERNO REGIONAL";"II-2";"00007732";"HOSPITAL REGIONAL DE MOQUEGUA";"250200";"UNIDAD DE CUIDADOS CRITICOS UNIDAD DE CUIDADOS INTERMEDIOS GENERAL  (UCIN) ";"12";"13";"127";"116";"6";"180";"5"
"2023";"09";"180101";"MOQUEGUA";"MARISCAL NIETO";"MOQUEGUA";"GOBIERNO REGIONAL";"II-2";"00007732";"HOSPITAL REGIONAL DE MOQUEGUA";"242200";"HOSPITALIZACIÓN DE MEDICINA PSIQUIATRÍA ";"10";"12";"179";"155";"7";"210";"0"
"2023";"09";"221005";"SAN MARTIN";"TOCACHE";"UCHIZA";"ESSALUD";"I-2";"00010704";"POSTA MEDICA UCHIZA";"NE_0001";"";"NE_0001";"NE_0001";"NE_0001";"NE_0001";"NE_0001";"NE_0001";"NE_0001"
"2023";"08";"150120";"LIMA";"LIMA";"MAGDALENA DEL MAR";"PRIVADO";"II-E";"00015349";"MEDICAL PLASTIC";"240800";"HOSPITALIZACIÓN QUIRÚRGICA CIRUGÍA PLÁSTICA/RECONSTRUCTIVA/ REPARADORA ";"4";"4";"4";"4";"4";"124";"0"
"2023";"09";"150108";"LIMA";"LIMA";"CHORRILLOS";"SANIDAD DE LA POLICIA NACIONAL DEL PERU";"I-3";"00018660";"POLICLINICO POLICIAL SEDE ESCUELA DE OFICIALES";"NE_0001";"";"NE_0001";"NE_0001";"NE_0001";"NE_0001";"NE_0001";"NE_0001";"NE_0001"
"2023";"09";"240101";"TUMBES";"TUMBES";"TUMBES";"PRIVADO";"II-E";"00007874";"CLINICA FEIJOO EIRL";"240100";"HOSPITALIZACIÓN QUIRÚRGICA CIRUGÍA GENERAL ";"9";"9";"11";"9";"3";"90";"0"
"2023";"09";"110101";"ICA";"ICA";"ICA";"PRIVADO";"II-1";"00013386";"LAS CONDES SAC";"240000";"HOSPITALIZACIÓN";"29";"31";"31";"31";"8";"240";"0"
"2023";"09";"120303";"JUNIN";"CHANCHAMAYO";"PICHANAQUI";"GOBIERNO REGIONAL";"I-3";"00000343";"CENTRO CUYANI";"NE_0001";"";"NE_0001";"NE_0001";"NE_0001";"NE_0001";"NE_0001";"NE_0001";"NE_0001"
"2023";"09";"150131";"LIMA";"LIMA";"SAN ISIDRO";"PRIVADO";"II-E";"00009505";"OFTALMOSALUD";"NE_0001";"";"NE_0001";"NE_0001";"NE_0001";"NE_0001";"NE_0001";"NE_0001";"NE_0001"
"2023";"09";"120303";"JUNIN";"CHANCHAMAYO";"PICHANAQUI";"GOBIERNO REGIONAL";"I-2";"00000350";"VALLE HERMOSO";"NE_0001";"";"NE_0001";"NE_0001";"NE_0001";"NE_0001";"NE_0001";"NE_0001";"NE_0001"
"2023";"09";"140112";"LAMBAYEQUE";"CHICLAYO";"PIMENTEL";"ESSALUD";"II-1";"00011020";"HOSPITAL II LUIS HEYSEN INCHAUSTEGUI";"250304";"HOSPIT. EN UNIDAD DE CUID.INTEN.-UNIDAD DE VIGILANCIA INTENSIVA (UVI)-MEDICINA";"10";"5";"87";"118";"6";"180";"5"
"2023";"09";"140112";"LAMBAYEQUE";"CHICLAYO";"PIMENTEL";"ESSALUD";"II-1";"00011020";"HOSPITAL II LUIS HEYSEN INCHAUSTEGUI";"241900";"HOSPITALIZACIÓN DE MEDICINA MEDICINA INTERNA ";"77";"80";"910";"802";"30";"900";"3"
"2023";"09";"140112";"LAMBAYEQUE";"CHICLAYO";"PIMENTEL";"ESSALUD";"II-1";"00011020";"HOSPITAL II LUIS HEYSEN INCHAUSTEGUI";"240100";"HOSPITALIZACIÓN QUIRÚRGICA CIRUGÍA GENERAL ";"392";"404";"1289";"1339";"48";"1441";"1"
"2023";"09";"140112";"LAMBAYEQUE";"CHICLAYO";"PIMENTEL";"ESSALUD";"II-1";"00011020";"HOSPITAL II LUIS HEYSEN INCHAUSTEGUI";"241400";"HOSPITALIZACIÓN QUIRÚRGICA GINECO - OBSTETRICIA ";"366";"358";"834";"805";"38";"1139";"0"
"2023";"09";"140112";"LAMBAYEQUE";"CHICLAYO";"PIMENTEL";"ESSALUD";"II-1";"00011020";"HOSPITAL II LUIS HEYSEN INCHAUSTEGUI";"242500";"HOSPITALIZACIÓN-PEDIATRÍA GENERAL-";"13";"33";"122";"129";"10";"300";"0"
"2023";"09";"120135";"JUNIN";"HUANCAYO";"SANTO DOMINGO DE ACOBAMBA";"GOBIERNO REGIONAL";"I-1";"00024779";"DURAZNO PATA";"NE_0001";"";"NE_0001";"NE_0001";"NE_0001";"NE_0001";"NE_0001";"NE_0001";"NE_0001"
"2023";"09";"120135";"JUNIN";"HUANCAYO";"SANTO DOMINGO DE ACOBAMBA";"GOBIERNO REGIONAL";"I-1";"00024780";"ROSASPAMPA";"NE_0001";"";"NE_0001";"NE_0001";"NE_0001";"NE_0001";"NE_0001";"NE_0001";"NE_0001"
"2023";"09";"120135";"JUNIN";"HUANCAYO";"SANTO DOMINGO DE ACOBAMBA";"GOBIERNO REGIONAL";"I-2";"00000669";"PUMABAMBA";"NE_0001";"";"NE_0001";"NE_0001";"NE_0001";"NE_0001";"NE_0001";"NE_0001";"NE_0001"
"2023";"09";"120135";"JUNIN";"HUANCAYO";"SANTO DOMINGO DE ACOBAMBA";"GOBIERNO REGIONAL";"I-1";"00000670";"SANTA ROSA DE ASTILLERIA";"NE_0001";"";"NE_0001";"NE_0001";"NE_0001";"NE_0001";"NE_0001";"NE_0001";"NE_0001"
"2023";"09";"120205";"JUNIN";"CONCEPCION";"COCHAS";"GOBIERNO REGIONAL";"I-1";"00019792";"ANDAS";"NE_0001";"";"NE_0001";"NE_0001";"NE_0001";"NE_0001";"NE_0001";"NE_0001";"NE_0001"
"2023";"09";"120205";"JUNIN";"CONCEPCION";"COCHAS";"GOBIERNO REGIONAL";"I-1";"00019794";"SAN FRANCISCO DE MACON";"NE_0001";"";"NE_0001";"NE_0001";"NE_0001";"NE_0001";"NE_0001";"NE_0001";"NE_0001"
"2023";"09";"120203";"JUNIN";"CONCEPCION";"ANDAMARCA";"GOBIERNO REGIONAL";"I-2";"00000672";"ANDAMARCA";"NE_0001";"";"NE_0001";"NE_0001";"NE_0001";"NE_0001";"NE_0001";"NE_0001";"NE_0001"
"2023";"09";"120206";"JUNIN";"CONCEPCION";"COMAS";"GOBIERNO REGIONAL";"I-2";"00000679";"CANCHAPALCA";"NE_0001";"";"NE_0001";"NE_0001";"NE_0001";"NE_0001";"NE_0001";"NE_0001";"NE_0001"
"2023";"09";"120206";"JUNIN";"CONCEPCION";"COMAS";"GOBIERNO REGIONAL";"I-2";"00000680";"RACRACALLA";"NE_0001";"";"NE_0001";"NE_0001";"NE_0001";"NE_0001";"NE_0001";"NE_0001";"NE_0001"
"2023";"09";"120206";"JUNIN";"CONCEPCION";"COMAS";"GOBIERNO REGIONAL";"I-1";"00000681";"POMAMANTA";"NE_0001";"";"NE_0001";"NE_0001";"NE_0001";"NE_0001";"NE_0001";"NE_0001";"NE_0001"
"2023";"09";"120206";"JUNIN";"CONCEPCION";"COMAS";"GOBIERNO REGIONAL";"I-1";"00000683";"PUQUIAN";"NE_0001";"";"NE_0001";"NE_0001";"NE_0001";"NE_0001";"NE_0001";"NE_0001";"NE_0001"
"2023";"09";"070102";"CALLAO";"CALLAO";"BELLAVISTA";"GOBIERNO REGIONAL";"0";"00016110";"ATENCIÓN DOMICILIARIA AL ADULTO MAYOR Y PACIENTE ONCOLOGICO (ADAMO)";"NE_0001";"";"NE_0001";"NE_0001";"NE_0001";"NE_0001";"NE_0001";"NE_0001";"NE_0001"
"2023";"09";"040501";"AREQUIPA";"CAYLLOMA";"CHIVAY";"GOBIERNO REGIONAL";"I-4";"00001419";"CENTRO DE SALUD CHIVAY";"241600";"HOSPITALIZACIÓN QUIRÚRGICA OBSTETRICIA   ";"6";"6";"12";"12";"6";"240";"0"
"2023";"09";"040501";"AREQUIPA";"CAYLLOMA";"CHIVAY";"GOBIERNO REGIONAL";"I-1";"00001423";"PUESTO DE SALUD CANOCOTA";"NE_0001";"";"NE_0001";"NE_0001";"NE_0001";"NE_0001";"NE_0001";"NE_0001";"NE_0001"
"2023";"09";"040509";"AREQUIPA";"CAYLLOMA";"ICHUPAMPA";"GOBIERNO REGIONAL";"I-2";"00001425";"PUESTO DE SALUD ICHUPAMPA";"NE_0001";"";"NE_0001";"NE_0001";"NE_0001";"NE_0001";"NE_0001";"NE_0001";"NE_0001"
"2023";"09";"040519";"AREQUIPA";"CAYLLOMA";"YANQUE";"GOBIERNO REGIONAL";"I-2";"00001428";"PUESTO DE SALUD YANQUE";"NE_0001";"";"NE_0001";"NE_0001";"NE_0001";"NE_0001";"NE_0001";"NE_0001";"NE_0001"
"2023";"09";"040506";"AREQUIPA";"CAYLLOMA";"COPORAQUE";"GOBIERNO REGIONAL";"I-2";"00001424";"PUESTO DE SALUD COPORAQUE";"NE_0001";"";"NE_0001";"NE_0001";"NE_0001";"NE_0001";"NE_0001";"NE_0001";"NE_0001"
"2023";"09";"040510";"AREQUIPA";"CAYLLOMA";"LARI";"GOBIERNO REGIONAL";"I-2";"00001426";"PUESTO DE SALUD LARI";"NE_0001";"";"NE_0001";"NE_0001";"NE_0001";"NE_0001";"NE_0001";"NE_0001";"NE_0001"
"2023";"09";"040502";"AREQUIPA";"CAYLLOMA";"ACHOMA";"GOBIERNO REGIONAL";"I-2";"00001429";"PUESTO DE SALUD ACHOMA";"NE_0001";"";"NE_0001";"NE_0001";"NE_0001";"NE_0001";"NE_0001";"NE_0001";"NE_0001"
"2023";"09";"040512";"AREQUIPA";"CAYLLOMA";"MACA";"GOBIERNO REGIONAL";"I-2";"00001430";"PUESTO DE SALUD MACA";"NE_0001";"";"NE_0001";"NE_0001";"NE_0001";"NE_0001";"NE_0001";"NE_0001";"NE_0001"
"2023";"09";"040513";"AREQUIPA";"CAYLLOMA";"MADRIGAL";"GOBIERNO REGIONAL";"I-2";"00001427";"PUESTO DE SALUD MADRIGAL";"NE_0001";"";"NE_0001";"NE_0001";"NE_0001";"NE_0001";"NE_0001";"NE_0001";"NE_0001"
"2023";"09";"040103";"AREQUIPA";"AREQUIPA";"CAYMA";"GOBIERNO REGIONAL";"I-3";"00001235";"BUENOS AIRES DE CAYMA";"NE_0001";"";"NE_0001";"NE_0001";"NE_0001";"NE_0001";"NE_0001";"NE_0001";"NE_0001"
"2023";"09";"040103";"AREQUIPA";"AREQUIPA";"CAYMA";"GOBIERNO REGIONAL";"I-2";"00001245";"SAN JOSE";"NE_0001";"";"NE_0001";"NE_0001";"NE_0001";"NE_0001";"NE_0001";"NE_0001";"NE_0001"
"2023";"09";"040103";"AREQUIPA";"AREQUIPA";"CAYMA";"GOBIERNO REGIONAL";"I-2";"00001246";"DEAN VALDIVIA";"NE_0001";"";"NE_0001";"NE_0001";"NE_0001";"NE_0001";"NE_0001";"NE_0001";"NE_0001"
"2023";"09";"150118";"LIMA";"LIMA";"LURIGANCHO";"PRIVADO";"II-E";"00016951";"CLINICA MADRE ZORAIDA";"241400";"HOSPITALIZACIÓN QUIRÚRGICA GINECO - OBSTETRICIA ";"8";"8";"26";"27";"6";"155";"0"
"2023";"09";"150118";"LIMA";"LIMA";"LURIGANCHO";"PRIVADO";"II-E";"00016951";"CLINICA MADRE ZORAIDA";"240100";"HOSPITALIZACIÓN QUIRÚRGICA CIRUGÍA GENERAL ";"2";"2";"4";"4";"6";"151";"0"
"2023";"09";"040107";"AREQUIPA";"AREQUIPA";"JACOBO HUNTER";"GOBIERNO REGIONAL";"I-3";"00001279";"PUESTO DE SALUD UPIS PAISAJISTA";"NE_0001";"";"NE_0001";"NE_0001";"NE_0001";"NE_0001";"NE_0001";"NE_0001";"NE_0001"
"2023";"09";"040107";"AREQUIPA";"AREQUIPA";"JACOBO HUNTER";"GOBIERNO REGIONAL";"I-2";"00001273";"PUESTO DE SALUD DANIEL ALCIDES CARRION";"NE_0001";"";"NE_0001";"NE_0001";"NE_0001";"NE_0001";"NE_0001";"NE_0001";"NE_0001"
"2023";"09";"040107";"AREQUIPA";"AREQUIPA";"JACOBO HUNTER";"GOBIERNO REGIONAL";"I-4";"00001259";"CENTRO DE SALUD JAVIER LLOSA GARCIA -  HUNTER";"241600";"HOSPITALIZACIÓN QUIRÚRGICA OBSTETRICIA   ";"27";"27";"27";"1";"15";"16";"0"
"2023";"09";"040107";"AREQUIPA";"AREQUIPA";"JACOBO HUNTER";"GOBIERNO REGIONAL";"I-2";"00001276";"PUESTO DE SALUD CAMINOS DEL INCA";"NE_0001";"";"NE_0001";"NE_0001";"NE_0001";"NE_0001";"NE_0001";"NE_0001";"NE_0001"
"2023";"09";"040107";"AREQUIPA";"AREQUIPA";"JACOBO HUNTER";"GOBIERNO REGIONAL";"I-2";"00001274";"PUESTO DE SALUD AMPLIACION PAMPAS DEL CUZCO";"NE_0001";"";"NE_0001";"NE_0001";"NE_0001";"NE_0001";"NE_0001";"NE_0001";"NE_0001"
"2023";"09";"040107";"AREQUIPA";"AREQUIPA";"JACOBO HUNTER";"GOBIERNO REGIONAL";"I-2";"00001277";"PUESTO DE SALUD ALTO ALIANZA";"NE_0001";"";"NE_0001";"NE_0001";"NE_0001";"NE_0001";"NE_0001";"NE_0001";"NE_0001"
"2023";"09";"040107";"AREQUIPA";"AREQUIPA";"JACOBO HUNTER";"GOBIERNO REGIONAL";"I-2";"00001275";"PUESTO DE SALUD CHILPINILLA";"NE_0001";"";"NE_0001";"NE_0001";"NE_0001";"NE_0001";"NE_0001";"NE_0001";"NE_0001"
"2023";"09";"040107";"AREQUIPA";"AREQUIPA";"JACOBO HUNTER";"MINSA";"I-3";"00031488";"CENTRO DE SALUD MENTAL COMUNITARIO HUNTER";"NE_0001";"";"NE_0001";"NE_0001";"NE_0001";"NE_0001";"NE_0001";"NE_0001";"NE_0001"
"2023";"09";"150113";"LIMA";"LIMA";"JESUS MARIA";"PRIVADO";"II-E";"00026793";"CLINICA BELLAFORMA";"NE_0001";"";"NE_0001";"NE_0001";"NE_0001";"NE_0001";"NE_0001";"NE_0001";"NE_0001"
"2023";"09";"150113";"LIMA";"LIMA";"JESUS MARIA";"PRIVADO";"II-E";"00009089";"ONCOGYN CLINICA INTEGRAL";"241400";"HOSPITALIZACIÓN QUIRÚRGICA GINECO - OBSTETRICIA ";"4";"5";"5";"4";"4";"120";"0"
"2023";"09";"130106";"LA LIBERTAD";"TRUJILLO";"LAREDO";"GOBIERNO REGIONAL";"II-1";"00005231";"HOSPITAL DISTRITAL LAREDO";"241400";"HOSPITALIZACIÓN QUIRÚRGICA GINECO - OBSTETRICIA ";"27";"27";"48";"75";"6";"180";"0"
"2023";"09";"130106";"LA LIBERTAD";"TRUJILLO";"LAREDO";"GOBIERNO REGIONAL";"II-1";"00005231";"HOSPITAL DISTRITAL LAREDO";"241800";"HOSPITALIZACIÓN DE MEDICINA MEDICINA GENERAL ";"42";"42";"132";"174";"12";"360";"0"
"2023";"09";"130106";"LA LIBERTAD";"TRUJILLO";"LAREDO";"GOBIERNO REGIONAL";"II-1";"00005231";"HOSPITAL DISTRITAL LAREDO";"242500";"HOSPITALIZACIÓN-PEDIATRÍA GENERAL-";"9";"9";"28";"37";"3";"90";"0"
"2023";"09";"250107";"UCAYALI";"CORONEL PORTILLO";"MANANTAY";"ESSALUD";"I-3";"00032739";"CENTRO DE SALUD MANANTAY - ESSALUD";"NE_0001";"";"NE_0001";"NE_0001";"NE_0001";"NE_0001";"NE_0001";"NE_0001";"NE_0001"
"2023";"09";"120409";"JUNIN";"JAUJA";"HUARIPAMPA";"GOBIERNO REGIONAL";"I-1";"00000400";"HUARIPAMPA";"NE_0001";"";"NE_0001";"NE_0001";"NE_0001";"NE_0001";"NE_0001";"NE_0001";"NE_0001"
"2023";"09";"120420";"JUNIN";"JAUJA";"MUQUI";"GOBIERNO REGIONAL";"I-1";"00000402";"MUQUI";"NE_0001";"";"NE_0001";"NE_0001";"NE_0001";"NE_0001";"NE_0001";"NE_0001";"NE_0001"
"2023";"09";"120431";"JUNIN";"JAUJA";"SINCOS";"GOBIERNO REGIONAL";"I-1";"00000407";"SALLAHUACHAC";"NE_0001";"";"NE_0001";"NE_0001";"NE_0001";"NE_0001";"NE_0001";"NE_0001";"NE_0001"
"2023";"09";"120431";"JUNIN";"JAUJA";"SINCOS";"GOBIERNO REGIONAL";"I-3";"00000404";"SINCOS";"NE_0001";"";"NE_0001";"NE_0001";"NE_0001";"NE_0001";"NE_0001";"NE_0001";"NE_0001"
"2023";"09";"120431";"JUNIN";"JAUJA";"SINCOS";"GOBIERNO REGIONAL";"I-1";"00000405";"LLACUARIPAMPA";"NE_0001";"";"NE_0001";"NE_0001";"NE_0001";"NE_0001";"NE_0001";"NE_0001";"NE_0001"
"2023";"09";"120413";"JUNIN";"JAUJA";"LEONOR ORDOÑEZ";"GOBIERNO REGIONAL";"I-1";"00000401";"HUANCANI";"NE_0001";"";"NE_0001";"NE_0001";"NE_0001";"NE_0001";"NE_0001";"NE_0001";"NE_0001"
"2023";"09";"120431";"JUNIN";"JAUJA";"SINCOS";"GOBIERNO REGIONAL";"I-2";"00000406";"ARAMACHAY";"NE_0001";"";"NE_0001";"NE_0001";"NE_0001";"NE_0001";"NE_0001";"NE_0001";"NE_0001"
"2023";"09";"120431";"JUNIN";"JAUJA";"SINCOS";"GOBIERNO REGIONAL";"I-1";"00000408";"CHALHUAS";"NE_0001";"";"NE_0001";"NE_0001";"NE_0001";"NE_0001";"NE_0001";"NE_0001";"NE_0001"
"2023";"09";"120421";"JUNIN";"JAUJA";"MUQUIYAUYO";"GOBIERNO REGIONAL";"I-2";"00000403";"MUQUIYAUYO";"NE_0001";"";"NE_0001";"NE_0001";"NE_0001";"NE_0001";"NE_0001";"NE_0001";"NE_0001"
"2023";"09";"150101";"LIMA";"LIMA";"LIMA";"ESSALUD";"I-3";"00008880";"CENTRO MEDICO ANCIJE";"NE_0001";"";"NE_0001";"NE_0001";"NE_0001";"NE_0001";"NE_0001";"NE_0001";"NE_0001"
"2023";"08";"080106";"CUSCO";"CUSCO";"SANTIAGO";"OTRO";"II-E";"00012995";"SAN JUAN PABLO II";"242200";"HOSPITALIZACIÓN DE MEDICINA PSIQUIATRÍA ";"42";"10";"137";"2740";"40";"1240";"0"
"2023";"09";"200601";"PIURA";"SULLANA";"SULLANA";"PRIVADO";"II-1";"00012261";"CLINICA INMACULADA";"240000";"HOSPITALIZACIÓN";"102";"102";"98";"110";"30";"900";"0"
"2023";"09";"080106";"CUSCO";"CUSCO";"SANTIAGO";"PRIVADO";"II-E";"00023570";"MIR SALUD";"240000";"HOSPITALIZACIÓN";"34";"34";"68";"63";"9";"270";"0"
"2023";"09";"150140";"LIMA";"LIMA";"SANTIAGO DE SURCO";"PRIVADO";"II-E";"00017823";"OFTALMOLOGICA SANTO TORIBIO";"NE_0001";"";"NE_0001";"NE_0001";"NE_0001";"NE_0001";"NE_0001";"NE_0001";"NE_0001"
"2023";"09";"060306";"CAJAMARCA";"CELENDIN";"JOSE GALVEZ";"GOBIERNO REGIONAL";"I-1";"00004486";"FRAYLECOCHA";"NE_0001";"";"NE_0001";"NE_0001";"NE_0001";"NE_0001";"NE_0001";"NE_0001";"NE_0001"
"2023";"09";"060308";"CAJAMARCA";"CELENDIN";"OXAMARCA";"GOBIERNO REGIONAL";"I-1";"00009049";"LA QUINUA";"NE_0001";"";"NE_0001";"NE_0001";"NE_0001";"NE_0001";"NE_0001";"NE_0001";"NE_0001"
"2023";"09";"060308";"CAJAMARCA";"CELENDIN";"OXAMARCA";"GOBIERNO REGIONAL";"I-2";"00004483";"PIOBAMBA";"NE_0001";"";"NE_0001";"NE_0001";"NE_0001";"NE_0001";"NE_0001";"NE_0001";"NE_0001"
"2023";"09";"060308";"CAJAMARCA";"CELENDIN";"OXAMARCA";"GOBIERNO REGIONAL";"I-2";"00004484";"OXAMARCA";"NE_0001";"";"NE_0001";"NE_0001";"NE_0001";"NE_0001";"NE_0001";"NE_0001";"NE_0001"
"2023";"09";"060306";"CAJAMARCA";"CELENDIN";"JOSE GALVEZ";"GOBIERNO REGIONAL";"I-2";"00004488";"JOSE GALVEZ";"NE_0001";"";"NE_0001";"NE_0001";"NE_0001";"NE_0001";"NE_0001";"NE_0001";"NE_0001"
"2023";"09";"060310";"CAJAMARCA";"CELENDIN";"SUCRE";"GOBIERNO REGIONAL";"I-3";"00004482";"SUCRE";"NE_0001";"";"NE_0001";"NE_0001";"NE_0001";"NE_0001";"NE_0001";"NE_0001";"NE_0001"
"2023";"09";"060310";"CAJAMARCA";"CELENDIN";"SUCRE";"GOBIERNO REGIONAL";"I-1";"00009084";"VIGASPAMPA";"NE_0001";"";"NE_0001";"NE_0001";"NE_0001";"NE_0001";"NE_0001";"NE_0001";"NE_0001"
"2023";"09";"060310";"CAJAMARCA";"CELENDIN";"SUCRE";"GOBIERNO REGIONAL";"I-1";"00004485";"CALCONGA";"NE_0001";"";"NE_0001";"NE_0001";"NE_0001";"NE_0001";"NE_0001";"NE_0001";"NE_0001"
"2023";"09";"040126";"AREQUIPA";"AREQUIPA";"YANAHUARA";"PRIVADO";"II-E";"00021966";"CLINICA ALIVIARI";"NE_0001";"";"NE_0001";"NE_0001";"NE_0001";"NE_0001";"NE_0001";"NE_0001";"NE_0001"
"2023";"09";"110102";"ICA";"ICA";"LA TINGUIÑA";"ESSALUD";"I-3";"00024531";"LA TINGUIÑA";"NE_0001";"";"NE_0001";"NE_0001";"NE_0001";"NE_0001";"NE_0001";"NE_0001";"NE_0001"
"2023";"09";"220909";"SAN MARTIN";"SAN MARTIN";"LA BANDA DE SHILCAYO";"GOBIERNO REGIONAL";"I-1";"00006366";"LAS PALMAS";"NE_0001";"";"NE_0001";"NE_0001";"NE_0001";"NE_0001";"NE_0001";"NE_0001";"NE_0001"
"2023";"09";"220909";"SAN MARTIN";"SAN MARTIN";"LA BANDA DE SHILCAYO";"GOBIERNO REGIONAL";"I-1";"00006368";"PROGRESO KM.30";"NE_0001";"";"NE_0001";"NE_0001";"NE_0001";"NE_0001";"NE_0001";"NE_0001";"NE_0001"
"2023";"05";"190107";"PASCO";"PASCO";"PAUCARTAMBO";"ESSALUD";"I-2";"00009762";"POSTA MEDICA DE PAUCARTAMBO";"NE_0001";"";"NE_0001";"NE_0001";"NE_0001";"NE_0001";"NE_0001";"NE_0001";"NE_0001"
"2023";"06";"150107";"LIMA";"LIMA";"CHACLACAYO";"SANIDAD DE LA POLICIA NACIONAL DEL PERU";"I-2";"00011227";"POSTA MEDICA POLICIAL CHACLACAYO";"NE_0001";"";"NE_0001";"NE_0001";"NE_0001";"NE_0001";"NE_0001";"NE_0001";"NE_0001"
"2023";"06";"150136";"LIMA";"LIMA";"SAN MIGUEL";"PRIVADO";"II-E";"00020976";"VISUAL CENTER CLINICA DE OJOS";"NE_0001";"";"NE_0001";"NE_0001";"NE_0001";"NE_0001";"NE_0001";"NE_0001";"NE_0001"
"2023";"06";"150114";"LIMA";"LIMA";"LA MOLINA";"PRIVADO";"II-E";"00022113";"CLINICA SANTA JULIA  S.A.C.";"NE_0001";"";"NE_0001";"NE_0001";"NE_0001";"NE_0001";"NE_0001";"NE_0001";"NE_0001"
"2023";"06";"220101";"SAN MARTIN";"MOYOBAMBA";"MOYOBAMBA";"GOBIERNO REGIONAL";"II-1";"00006733";"HOSPITAL II-1 MOYOBAMBA - DR. SEGUNDO RODOLFO PÉREZ NIETO";"240100";"HOSPITALIZACIÓN QUIRÚRGICA CIRUGÍA GENERAL ";"83";"98";"395";"395";"14";"420";"0"
"2023";"06";"220101";"SAN MARTIN";"MOYOBAMBA";"MOYOBAMBA";"GOBIERNO REGIONAL";"II-1";"00006733";"HOSPITAL II-1 MOYOBAMBA - DR. SEGUNDO RODOLFO PÉREZ NIETO";"240600";"HOSPITALIZACIÓN QUIRÚRGICA CIRUGÍA OFTALMOLÓGICA ";"21";"21";"23";"23";"1";"30";"0"
"2023";"06";"220101";"SAN MARTIN";"MOYOBAMBA";"MOYOBAMBA";"GOBIERNO REGIONAL";"II-1";"00006733";"HOSPITAL II-1 MOYOBAMBA - DR. SEGUNDO RODOLFO PÉREZ NIETO";"240700";"HOSPITALIZACIÓN QUIRÚRGICA CIRUGÍA PEDIÁTRICA ";"8";"8";"20";"20";"1";"30";"0"
"2023";"06";"220101";"SAN MARTIN";"MOYOBAMBA";"MOYOBAMBA";"GOBIERNO REGIONAL";"II-1";"00006733";"HOSPITAL II-1 MOYOBAMBA - DR. SEGUNDO RODOLFO PÉREZ NIETO";"240900";"HOSPITALIZACIÓN QUIRÚRGICA NEUROCIRUGÍA ";"2";"4";"19";"19";"1";"30";"0"
"2023";"06";"220101";"SAN MARTIN";"MOYOBAMBA";"MOYOBAMBA";"GOBIERNO REGIONAL";"II-1";"00006733";"HOSPITAL II-1 MOYOBAMBA - DR. SEGUNDO RODOLFO PÉREZ NIETO";"241100";"HOSPITALIZACIÓN QUIRÚRGICA OTORRINOLARINGOLOGÍA  ";"16";"16";"28";"28";"1";"30";"0"
"2023";"06";"220101";"SAN MARTIN";"MOYOBAMBA";"MOYOBAMBA";"GOBIERNO REGIONAL";"II-1";"00006733";"HOSPITAL II-1 MOYOBAMBA - DR. SEGUNDO RODOLFO PÉREZ NIETO";"241200";"HOSPITALIZACIÓN QUIRÚRGICA TRAUMATOLOGÍA Y ORTOPEDIA ";"33";"34";"111";"111";"5";"150";"0"
"2023";"06";"220101";"SAN MARTIN";"MOYOBAMBA";"MOYOBAMBA";"GOBIERNO REGIONAL";"II-1";"00006733";"HOSPITAL II-1 MOYOBAMBA - DR. SEGUNDO RODOLFO PÉREZ NIETO";"241300";"HOSPITALIZACIÓN QUIRÚRGICA UROLOGÍA  ";"11";"11";"43";"43";"2";"60";"0"
"2023";"06";"220101";"SAN MARTIN";"MOYOBAMBA";"MOYOBAMBA";"GOBIERNO REGIONAL";"II-1";"00006733";"HOSPITAL II-1 MOYOBAMBA - DR. SEGUNDO RODOLFO PÉREZ NIETO";"241500";"HOSPITALIZACIÓN QUIRÚRGICA GINECOLOGÍA  ";"44";"48";"90";"90";"7";"350";"0"
"2023";"06";"220101";"SAN MARTIN";"MOYOBAMBA";"MOYOBAMBA";"GOBIERNO REGIONAL";"II-1";"00006733";"HOSPITAL II-1 MOYOBAMBA - DR. SEGUNDO RODOLFO PÉREZ NIETO";"241600";"HOSPITALIZACIÓN QUIRÚRGICA OBSTETRICIA   ";"162";"173";"444";"444";"19";"570";"0"
"2023";"06";"220101";"SAN MARTIN";"MOYOBAMBA";"MOYOBAMBA";"GOBIERNO REGIONAL";"II-1";"00006733";"HOSPITAL II-1 MOYOBAMBA - DR. SEGUNDO RODOLFO PÉREZ NIETO";"241700";"HOSPITALIZACIÓN QUIRÚRGICA GINECOLOGÍA   GINECOLOGIA ONCOLOGiCA";"4";"4";"10";"10";"1";"30";"0"
"2023";"06";"220101";"SAN MARTIN";"MOYOBAMBA";"MOYOBAMBA";"GOBIERNO REGIONAL";"II-1";"00006733";"HOSPITAL II-1 MOYOBAMBA - DR. SEGUNDO RODOLFO PÉREZ NIETO";"241900";"HOSPITALIZACIÓN DE MEDICINA MEDICINA INTERNA ";"54";"65";"331";"331";"15";"450";"10"
"2023";"06";"220101";"SAN MARTIN";"MOYOBAMBA";"MOYOBAMBA";"GOBIERNO REGIONAL";"II-1";"00006733";"HOSPITAL II-1 MOYOBAMBA - DR. SEGUNDO RODOLFO PÉREZ NIETO";"242500";"HOSPITALIZACIÓN-PEDIATRÍA GENERAL-";"47";"53";"256";"256";"10";"300";"1"
"2023";"06";"220101";"SAN MARTIN";"MOYOBAMBA";"MOYOBAMBA";"GOBIERNO REGIONAL";"II-1";"00006733";"HOSPITAL II-1 MOYOBAMBA - DR. SEGUNDO RODOLFO PÉREZ NIETO";"243200";"HOSPITALIZACIÓN DE PEDIATRÍA PEDIATRIA NEONATOLOGÍA";"75";"83";"263";"263";"10";"300";"1"
"2023";"06";"220101";"SAN MARTIN";"MOYOBAMBA";"MOYOBAMBA";"GOBIERNO REGIONAL";"II-1";"00006733";"HOSPITAL II-1 MOYOBAMBA - DR. SEGUNDO RODOLFO PÉREZ NIETO";"250102";"UNIDAD DE CUIDADOS CRITICOS UNIDAD  DE CUIDADOS INTENSIVOS GENERALES (UCI) GINECO-OBSTETRICIA";"0";"1";"10";"10";"1";"30";"0"
"2023";"06";"220101";"SAN MARTIN";"MOYOBAMBA";"MOYOBAMBA";"GOBIERNO REGIONAL";"II-1";"00006733";"HOSPITAL II-1 MOYOBAMBA - DR. SEGUNDO RODOLFO PÉREZ NIETO";"250103";"UNIDAD DE CUIDADOS CRITICOS UNIDAD  DE CUIDADOS INTENSIVOS GENERALES  (UCI) MEDICINA";"4";"7";"71";"71";"4";"120";"4"
"2023";"06";"220101";"SAN MARTIN";"MOYOBAMBA";"MOYOBAMBA";"GOBIERNO REGIONAL";"II-1";"00006733";"HOSPITAL II-1 MOYOBAMBA - DR. SEGUNDO RODOLFO PÉREZ NIETO";"250105";"UNIDAD DE CUIDADOS CRITICOS UNIDAD  DE CUIDADOS INTENSIVOS  (UCI) NEONATOLOGÍA";"5";"9";"92";"92";"4";"120";"0"
"2023";"06";"220101";"SAN MARTIN";"MOYOBAMBA";"MOYOBAMBA";"GOBIERNO REGIONAL";"II-1";"00006733";"HOSPITAL II-1 MOYOBAMBA - DR. SEGUNDO RODOLFO PÉREZ NIETO";"250106";"UNIDAD DE CUIDADOS CRITICOS UNIDAD  DE CUIDADOS INTENSIVOS  (UCI) NEUROLÓGICA";"0";"1";"12";"12";"1";"30";"1"
"2023";"06";"220101";"SAN MARTIN";"MOYOBAMBA";"MOYOBAMBA";"GOBIERNO REGIONAL";"II-1";"00006733";"HOSPITAL II-1 MOYOBAMBA - DR. SEGUNDO RODOLFO PÉREZ NIETO";"250108";"UNIDAD DE CUIDADOS CRITICOS UNIDAD  DE CUIDADOS INTENSIVOS  (UCI) PEDIÁTRICA";"1";"3";"86";"86";"3";"90";"0"
"2023";"06";"220101";"SAN MARTIN";"MOYOBAMBA";"MOYOBAMBA";"GOBIERNO REGIONAL";"I-1";"00006707";"CORDILLERA ANDINA";"NE_0002";"";"NE_0002";"NE_0002";"NE_0002";"NE_0002";"NE_0002";"NE_0002";"NE_0002"
"2023";"06";"150117";"LIMA";"LIMA";"LOS OLIVOS";"PRIVADO";"II-E";"00009641";"CLINICA MUNDO SALUD SAC";"240000";"HOSPITALIZACIÓN";"68";"66";"154";"187";"12";"301";"0"
"2023";"06";"190301";"PASCO";"OXAPAMPA";"OXAPAMPA";"GOBIERNO REGIONAL";"II-1";"00000980";"ERNESTO GERMAN GUZMÁN GONZALES";"250103";"UNIDAD DE CUIDADOS CRITICOS UNIDAD  DE CUIDADOS INTENSIVOS GENERALES  (UCI) MEDICINA";"8";"8";"91";"91";"2";"150";"0"
"2023";"06";"190301";"PASCO";"OXAPAMPA";"OXAPAMPA";"GOBIERNO REGIONAL";"II-1";"00000980";"ERNESTO GERMAN GUZMÁN GONZALES";"241800";"HOSPITALIZACIÓN DE MEDICINA MEDICINA GENERAL ";"14";"14";"88";"88";"2";"510";"0"
"2023";"06";"190301";"PASCO";"OXAPAMPA";"OXAPAMPA";"GOBIERNO REGIONAL";"II-1";"00000980";"ERNESTO GERMAN GUZMÁN GONZALES";"240100";"HOSPITALIZACIÓN QUIRÚRGICA CIRUGÍA GENERAL ";"25";"25";"229";"229";"2";"360";"0"
"2023";"06";"190301";"PASCO";"OXAPAMPA";"OXAPAMPA";"GOBIERNO REGIONAL";"II-1";"00000980";"ERNESTO GERMAN GUZMÁN GONZALES";"241200";"HOSPITALIZACIÓN QUIRÚRGICA TRAUMATOLOGÍA Y ORTOPEDIA ";"1";"1";"8";"8";"1";"120";"0"
"2023";"06";"190301";"PASCO";"OXAPAMPA";"OXAPAMPA";"GOBIERNO REGIONAL";"II-1";"00000980";"ERNESTO GERMAN GUZMÁN GONZALES";"241400";"HOSPITALIZACIÓN QUIRÚRGICA GINECO - OBSTETRICIA ";"44";"44";"99";"99";"2";"180";"0"
"2023";"06";"190301";"PASCO";"OXAPAMPA";"OXAPAMPA";"GOBIERNO REGIONAL";"II-1";"00000980";"ERNESTO GERMAN GUZMÁN GONZALES";"241500";"HOSPITALIZACIÓN QUIRÚRGICA GINECOLOGÍA  ";"2";"2";"6";"6";"2";"60";"0"
"2023";"06";"190301";"PASCO";"OXAPAMPA";"OXAPAMPA";"GOBIERNO REGIONAL";"II-1";"00000980";"ERNESTO GERMAN GUZMÁN GONZALES";"242500";"HOSPITALIZACIÓN-PEDIATRÍA GENERAL-";"2";"2";"5";"5";"2";"180";"0"
"2023";"06";"190301";"PASCO";"OXAPAMPA";"OXAPAMPA";"GOBIERNO REGIONAL";"II-1";"00000980";"ERNESTO GERMAN GUZMÁN GONZALES";"243200";"HOSPITALIZACIÓN DE PEDIATRÍA PEDIATRIA NEONATOLOGÍA";"6";"6";"19";"19";"3";"180";"0"
"2023";"06";"080602";"CUSCO";"CANCHIS";"CHECACUPE";"GOBIERNO REGIONAL";"I-2";"00002385";"CHECACUPE";"NE_0001";"";"NE_0001";"NE_0001";"NE_0001";"NE_0001";"NE_0001";"NE_0001";"NE_0001"
"2023";"06";"080608";"CUSCO";"CANCHIS";"TINTA";"GOBIERNO REGIONAL";"I-3";"00002397";"TINTA";"NE_0001";"";"NE_0001";"NE_0001";"NE_0001";"NE_0001";"NE_0001";"NE_0001";"NE_0001"
"2023";"06";"080204";"CUSCO";"ACOMAYO";"MOSOC LLACTA";"GOBIERNO REGIONAL";"I-2";"00002320";"MOSOCLLACTA";"NE_0001";"";"NE_0001";"NE_0001";"NE_0001";"NE_0001";"NE_0001";"NE_0001";"NE_0001"
"2023";"06";"080605";"CUSCO";"CANCHIS";"PITUMARCA";"GOBIERNO REGIONAL";"I-3";"00002392";"PITUMARCA";"NE_0001";"";"NE_0001";"NE_0001";"NE_0001";"NE_0001";"NE_0001";"NE_0001";"NE_0001"
"2023";"06";"080603";"CUSCO";"CANCHIS";"COMBAPATA";"GOBIERNO REGIONAL";"I-4";"00002386";"COMBAPATA CANCHIS";"NE_0001";"";"NE_0001";"NE_0001";"NE_0001";"NE_0001";"NE_0001";"NE_0001";"NE_0001"
"2023";"06";"080603";"CUSCO";"CANCHIS";"COMBAPATA";"GOBIERNO REGIONAL";"I-2";"00002387";"CHIARA";"NE_0001";"";"NE_0001";"NE_0001";"NE_0001";"NE_0001";"NE_0001";"NE_0001";"NE_0001"
"2023";"06";"110101";"ICA";"ICA";"ICA";"GOBIERNO REGIONAL";"I-2";"00003385";"SAN MARTIN DE PORRAS";"NE_0001";"";"NE_0001";"NE_0001";"NE_0001";"NE_0001";"NE_0001";"NE_0001";"NE_0001"
"2023";"06";"110110";"ICA";"ICA";"SAN JUAN BAUTISTA";"MINSA";"I-2";"00003387";"CAMINO DE REYES";"NE_0001";"";"NE_0001";"NE_0001";"NE_0001";"NE_0001";"NE_0001";"NE_0001";"NE_0001"
"2023";"06";"110110";"ICA";"ICA";"SAN JUAN BAUTISTA";"GOBIERNO REGIONAL";"I-3";"00003364";"SAN JUAN BAUTISTA";"NE_0001";"";"NE_0001";"NE_0001";"NE_0001";"NE_0001";"NE_0001";"NE_0001";"NE_0001"
"2023";"06";"110112";"ICA";"ICA";"SUBTANJALLA";"MINSA";"I-3";"00003381";"FONAVI IV";"NE_0001";"";"NE_0001";"NE_0001";"NE_0001";"NE_0001";"NE_0001";"NE_0001";"NE_0001"
"2023";"06";"110110";"ICA";"ICA";"SAN JUAN BAUTISTA";"GOBIERNO REGIONAL";"I-3";"00003386";"EL CARMEN-OLIVO";"NE_0001";"";"NE_0001";"NE_0001";"NE_0001";"NE_0001";"NE_0001";"NE_0001";"NE_0001"
"2023";"05";"250106";"UCAYALI";"CORONEL PORTILLO";"NUEVA REQUENA";"GOBIERNO REGIONAL";"I-1";"00013174";"SAN PABLO DE JUANTIA";"NE_0001";"";"NE_0001";"NE_0001";"NE_0001";"NE_0001";"NE_0001";"NE_0001";"NE_0001"
"2023";"05";"250106";"UCAYALI";"CORONEL PORTILLO";"NUEVA REQUENA";"GOBIERNO REGIONAL";"I-1";"00005450";"NARANJAL";"NE_0001";"";"NE_0001";"NE_0001";"NE_0001";"NE_0001";"NE_0001";"NE_0001";"NE_0001"
"2023";"05";"250106";"UCAYALI";"CORONEL PORTILLO";"NUEVA REQUENA";"GOBIERNO REGIONAL";"I-1";"00005449";"SHAMBO PORVENIR";"NE_0001";"";"NE_0001";"NE_0001";"NE_0001";"NE_0001";"NE_0001";"NE_0001";"NE_0001"
"2023";"05";"250106";"UCAYALI";"CORONEL PORTILLO";"NUEVA REQUENA";"GOBIERNO REGIONAL";"I-1";"00005448";"MIRAFLORES";"NE_0001";"";"NE_0001";"NE_0001";"NE_0001";"NE_0001";"NE_0001";"NE_0001";"NE_0001"
"2023";"05";"250106";"UCAYALI";"CORONEL PORTILLO";"NUEVA REQUENA";"GOBIERNO REGIONAL";"I-1";"00005447";"ESPERANZA  DE AGUAYTIA";"NE_0001";"";"NE_0001";"NE_0001";"NE_0001";"NE_0001";"NE_0001";"NE_0001";"NE_0001"
"2023";"05";"250106";"UCAYALI";"CORONEL PORTILLO";"NUEVA REQUENA";"GOBIERNO REGIONAL";"I-1";"00005446";"NUEVO PIURA";"NE_0001";"";"NE_0001";"NE_0001";"NE_0001";"NE_0001";"NE_0001";"NE_0001";"NE_0001"
"2023";"05";"250106";"UCAYALI";"CORONEL PORTILLO";"NUEVA REQUENA";"GOBIERNO REGIONAL";"I-1";"00005445";"JUVENTUD";"NE_0001";"";"NE_0001";"NE_0001";"NE_0001";"NE_0001";"NE_0001";"NE_0001";"NE_0001"
"2023";"05";"250102";"UCAYALI";"CORONEL PORTILLO";"CAMPOVERDE";"GOBIERNO REGIONAL";"I-1";"00005444";"SARITA COLONIA";"NE_0001";"";"NE_0001";"NE_0001";"NE_0001";"NE_0001";"NE_0001";"NE_0001";"NE_0001"
"2023";"05";"250106";"UCAYALI";"CORONEL PORTILLO";"NUEVA REQUENA";"GOBIERNO REGIONAL";"I-3";"00005443";"NUEVA REQUENA";"NE_0001";"";"NE_0001";"NE_0001";"NE_0001";"NE_0001";"NE_0001";"NE_0001";"NE_0001"
"2023";"06";"110107";"ICA";"ICA";"PUEBLO NUEVO";"MINSA";"I-3";"00003370";"CENTRO DE SALUD PUEBLO NUEVO";"NE_0001";"";"NE_0001";"NE_0001";"NE_0001";"NE_0001";"NE_0001";"NE_0001";"NE_0001"
"2023";"06";"110107";"ICA";"ICA";"PUEBLO NUEVO";"GOBIERNO REGIONAL";"I-1";"00003403";"CALLEJON LOS ESPINOS";"NE_0001";"";"NE_0001";"NE_0001";"NE_0001";"NE_0001";"NE_0001";"NE_0001";"NE_0001"
"2023";"06";"110113";"ICA";"ICA";"TATE";"GOBIERNO REGIONAL";"I-1";"00003404";"LUJARAJA";"NE_0001";"";"NE_0001";"NE_0001";"NE_0001";"NE_0001";"NE_0001";"NE_0001";"NE_0001"
"2023";"06";"110113";"ICA";"ICA";"TATE";"GOBIERNO REGIONAL";"I-1";"00003406";"LOS CALDERONES";"NE_0001";"";"NE_0001";"NE_0001";"NE_0001";"NE_0001";"NE_0001";"NE_0001";"NE_0001"
"2023";"06";"110105";"ICA";"ICA";"PACHACUTEC";"GOBIERNO REGIONAL";"I-2";"00003407";"EL PALTO";"NE_0001";"";"NE_0001";"NE_0001";"NE_0001";"NE_0001";"NE_0001";"NE_0001";"NE_0001"
"2023";"06";"110107";"ICA";"ICA";"PUEBLO NUEVO";"GOBIERNO REGIONAL";"I-1";"00003402";"PARIÑA GRANDE";"NE_0001";"";"NE_0001";"NE_0001";"NE_0001";"NE_0001";"NE_0001";"NE_0001";"NE_0001"
"2023";"06";"110113";"ICA";"ICA";"TATE";"GOBIERNO REGIONAL";"I-1";"00003405";"PUNO";"NE_0001";"";"NE_0001";"NE_0001";"NE_0001";"NE_0001";"NE_0001";"NE_0001";"NE_0001"
"2023";"06";"110105";"ICA";"ICA";"PACHACUTEC";"MINSA";"I-2";"00003372";"PACHACUTEC";"NE_0001";"";"NE_0001";"NE_0001";"NE_0001";"NE_0001";"NE_0001";"NE_0001";"NE_0001"
"2023";"06";"110107";"ICA";"ICA";"PUEBLO NUEVO";"GOBIERNO REGIONAL";"I-1";"00003401";"SAN RAFAEL";"NE_0001";"";"NE_0001";"NE_0001";"NE_0001";"NE_0001";"NE_0001";"NE_0001";"NE_0001"
"2023";"07";"140101";"LAMBAYEQUE";"CHICLAYO";"CHICLAYO";"PRIVADO";"II-E";"00008750";"CLINICA DEL PACIFICO S.A";"240000";"HOSPITALIZACIÓN";"331";"336";"1088";"859";"51";"1581";"6"
"2023";"07";"140101";"LAMBAYEQUE";"CHICLAYO";"CHICLAYO";"PRIVADO";"II-E";"00008750";"CLINICA DEL PACIFICO S.A";"250100";"UNIDAD DE CUIDADOS CRITICOS UNIDAD  DE CUIDADOS INTENSIVOS GENERALES (UCI) ";"3";"3";"22";"23";"4";"124";"0"
"2023";"07";"030101";"APURIMAC";"ABANCAY";"ABANCAY";"SANIDAD DE LA POLICIA NACIONAL DEL PERU";"I-3";"00008036";"POLICLINICO POLICIAL ABANCAY";"NE_0001";"";"NE_0001";"NE_0001";"NE_0001";"NE_0001";"NE_0001";"NE_0001";"NE_0001"
"2023";"07";"110101";"ICA";"ICA";"ICA";"PRIVADO";"I-3";"00009648";"TATAJE  DI FLORIO SAC";"NE_0002";"";"NE_0002";"NE_0002";"NE_0002";"NE_0002";"NE_0002";"NE_0002";"NE_0002"
"2023";"07";"220501";"SAN MARTIN";"LAMAS";"LAMAS";"GOBIERNO REGIONAL";"II-E";"00006352";"HOSPITAL II-E LAMAS";"241400";"HOSPITALIZACIÓN QUIRÚRGICA GINECO - OBSTETRICIA ";"18";"18";"22";"22";"6";"186";"0"
"2023";"07";"220501";"SAN MARTIN";"LAMAS";"LAMAS";"GOBIERNO REGIONAL";"II-E";"00006352";"HOSPITAL II-E LAMAS";"241800";"HOSPITALIZACIÓN DE MEDICINA MEDICINA GENERAL ";"49";"55";"211";"211";"14";"434";"2"
"2023";"07";"170101";"MADRE DE DIOS";"TAMBOPATA";"TAMBOPATA";"GOBIERNO REGIONAL";"II-1";"00002698";"HOSPITAL SANTA ROSA";"241600";"HOSPITALIZACIÓN QUIRÚRGICA OBSTETRICIA   ";"354";"320";"743";"354";"38";"1178";"0"
"2023";"07";"170101";"MADRE DE DIOS";"TAMBOPATA";"TAMBOPATA";"GOBIERNO REGIONAL";"II-1";"00002698";"HOSPITAL SANTA ROSA";"243200";"HOSPITALIZACIÓN DE PEDIATRÍA PEDIATRIA NEONATOLOGÍA";"210";"193";"299";"210";"19";"589";"0"
"2023";"07";"170101";"MADRE DE DIOS";"TAMBOPATA";"TAMBOPATA";"GOBIERNO REGIONAL";"II-1";"00002698";"HOSPITAL SANTA ROSA";"241800";"HOSPITALIZACIÓN DE MEDICINA MEDICINA GENERAL ";"110";"82";"471";"110";"40";"1240";"0"
"2023";"07";"170101";"MADRE DE DIOS";"TAMBOPATA";"TAMBOPATA";"GOBIERNO REGIONAL";"II-1";"00002698";"HOSPITAL SANTA ROSA";"242300";"HOSPITALIZACIÓN DE PEDIATRÍA  PEDIATRÍA  GENERAL ";"91";"79";"329";"91";"18";"558";"0"
"2023";"07";"170101";"MADRE DE DIOS";"TAMBOPATA";"TAMBOPATA";"GOBIERNO REGIONAL";"II-1";"00002698";"HOSPITAL SANTA ROSA";"250105";"UNIDAD DE CUIDADOS CRITICOS UNIDAD  DE CUIDADOS INTENSIVOS  (UCI) NEONATOLOGÍA";"6";"3";"14";"6";"5";"155";"0"
"2023";"07";"170101";"MADRE DE DIOS";"TAMBOPATA";"TAMBOPATA";"GOBIERNO REGIONAL";"II-1";"00002698";"HOSPITAL SANTA ROSA";"241200";"HOSPITALIZACIÓN QUIRÚRGICA TRAUMATOLOGÍA Y ORTOPEDIA ";"76";"43";"228";"76";"26";"806";"0"
"2023";"07";"170101";"MADRE DE DIOS";"TAMBOPATA";"TAMBOPATA";"GOBIERNO REGIONAL";"II-1";"00002698";"HOSPITAL SANTA ROSA";"241500";"HOSPITALIZACIÓN QUIRÚRGICA GINECOLOGÍA  ";"11";"7";"19";"11";"6";"186";"0"
"2023";"07";"170101";"MADRE DE DIOS";"TAMBOPATA";"TAMBOPATA";"GOBIERNO REGIONAL";"II-1";"00002698";"HOSPITAL SANTA ROSA";"250100";"UNIDAD DE CUIDADOS CRITICOS UNIDAD  DE CUIDADOS INTENSIVOS GENERALES (UCI) ";"5";"4";"18";"5";"5";"155";"0"
"2023";"07";"150108";"LIMA";"LIMA";"CHORRILLOS";"MINSA";"III-E";"00007734";"INSTITUTO NACIONAL DE REHABILITACION DRA. ADRIANA REBAZA FLORES - AMISTAD PERU-JAPON";"240000";"HOSPITALIZACIÓN";"13";"12";"964";"699";"24";"747";"0"
"2023";"07";"100101";"HUANUCO";"HUANUCO";"HUANUCO";"PRIVADO";"II-E";"00011592";"CLINICA HUANUCO E-I-R-LTDA.";"241400";"HOSPITALIZACIÓN QUIRÚRGICA GINECO - OBSTETRICIA ";"14";"14";"23";"23";"2";"37";"0"
"2023";"07";"100101";"HUANUCO";"HUANUCO";"HUANUCO";"PRIVADO";"II-E";"00011592";"CLINICA HUANUCO E-I-R-LTDA.";"241200";"HOSPITALIZACIÓN QUIRÚRGICA TRAUMATOLOGÍA Y ORTOPEDIA ";"22";"22";"74";"74";"5";"76";"0"
"2023";"07";"100101";"HUANUCO";"HUANUCO";"HUANUCO";"PRIVADO";"II-E";"00011592";"CLINICA HUANUCO E-I-R-LTDA.";"241300";"HOSPITALIZACIÓN QUIRÚRGICA UROLOGÍA  ";"5";"5";"15";"15";"2";"45";"0"
"2023";"07";"100101";"HUANUCO";"HUANUCO";"HUANUCO";"PRIVADO";"II-E";"00011592";"CLINICA HUANUCO E-I-R-LTDA.";"240100";"HOSPITALIZACIÓN QUIRÚRGICA CIRUGÍA GENERAL ";"24";"24";"41";"41";"3";"49";"0"
"2023";"07";"100101";"HUANUCO";"HUANUCO";"HUANUCO";"PRIVADO";"II-E";"00011592";"CLINICA HUANUCO E-I-R-LTDA.";"244300";"HOSPITALIZACIÓN DE MEDICINA GASTROENTEROLOGÍA  ";"1";"1";"2";"2";"1";"28";"0"
"2023";"07";"100101";"HUANUCO";"HUANUCO";"HUANUCO";"PRIVADO";"II-E";"00011592";"CLINICA HUANUCO E-I-R-LTDA.";"241900";"HOSPITALIZACIÓN DE MEDICINA MEDICINA INTERNA ";"12";"12";"23";"23";"2";"37";"0"
"2023";"07";"100101";"HUANUCO";"HUANUCO";"HUANUCO";"PRIVADO";"II-E";"00011592";"CLINICA HUANUCO E-I-R-LTDA.";"242300";"HOSPITALIZACIÓN DE PEDIATRÍA  PEDIATRÍA  GENERAL ";"8";"8";"10";"10";"1";"20";"0"
"2023";"07";"100101";"HUANUCO";"HUANUCO";"HUANUCO";"PRIVADO";"II-E";"00011592";"CLINICA HUANUCO E-I-R-LTDA.";"241100";"HOSPITALIZACIÓN QUIRÚRGICA OTORRINOLARINGOLOGÍA  ";"6";"6";"6";"6";"1";"24";"0"
"2023";"07";"100101";"HUANUCO";"HUANUCO";"HUANUCO";"PRIVADO";"II-E";"00011592";"CLINICA HUANUCO E-I-R-LTDA.";"245400";"HOSPITALIZACIÓN DE MEDICINA GINECOLOGIA ";"3";"3";"8";"8";"1";"22";"0"
"2023";"07";"150132";"LIMA";"LIMA";"SAN JUAN DE LURIGANCHO";"PRIVADO";"I-2";"00024750";"ARIE";"NE_0002";"";"NE_0002";"NE_0002";"NE_0002";"NE_0002";"NE_0002";"NE_0002";"NE_0002"
"2023";"07";"020101";"ANCASH";"HUARAZ";"HUARAZ";"SANIDAD DE LA POLICIA NACIONAL DEL PERU";"I-3";"00010205";"POLICLINICO PNP HUARAZ";"NE_0001";"";"NE_0001";"NE_0001";"NE_0001";"NE_0001";"NE_0001";"NE_0001";"NE_0001"
"2023";"07";"140101";"LAMBAYEQUE";"CHICLAYO";"CHICLAYO";"SANIDAD DE LA POLICIA NACIONAL DEL PERU";"I-4";"00011833";"HOSPITAL REGIONAL POLICIAL CHICLAYO";"241800";"HOSPITALIZACIÓN DE MEDICINA MEDICINA GENERAL ";"39";"42";"167";"163";"16";"496";"1"
"2023";"07";"150510";"LIMA";"CAÑETE";"NUEVO IMPERIAL";"SANIDAD DE LA POLICIA NACIONAL DEL PERU";"I-3";"00017849";"POLICLINICO POLICIAL CAÑETE";"NE_0001";"";"NE_0001";"NE_0001";"NE_0001";"NE_0001";"NE_0001";"NE_0001";"NE_0001"
"2023";"07";"110304";"ICA";"NAZCA";"MARCONA";"ESSALUD";"I-4";"00013911";"MARIA REICHE NEUMAN";"241800";"HOSPITALIZACIÓN DE MEDICINA MEDICINA GENERAL ";"23";"25";"124";"101";"4";"124";"0"
"2023";"07";"110304";"ICA";"NAZCA";"MARCONA";"ESSALUD";"I-4";"00013911";"MARIA REICHE NEUMAN";"240100";"HOSPITALIZACIÓN QUIRÚRGICA CIRUGÍA GENERAL ";"7";"5";"38";"31";"2";"62";"0"
"2023";"07";"110304";"ICA";"NAZCA";"MARCONA";"ESSALUD";"I-4";"00013911";"MARIA REICHE NEUMAN";"241500";"HOSPITALIZACIÓN QUIRÚRGICA GINECOLOGÍA  ";"11";"11";"38";"27";"2";"62";"0"
"2023";"03";"010601";"AMAZONAS";"RODRIGUEZ DE MENDOZA";"SAN NICOLAS";"GOBIERNO REGIONAL";"II-1";"00004950";"MARIA AUXILIADORA";"241600";"HOSPITALIZACIÓN QUIRÚRGICA OBSTETRICIA   ";"19";"19";"40";"40";"4";"120";"0"
"2023";"03";"010601";"AMAZONAS";"RODRIGUEZ DE MENDOZA";"SAN NICOLAS";"GOBIERNO REGIONAL";"II-1";"00004950";"MARIA AUXILIADORA";"241800";"HOSPITALIZACIÓN DE MEDICINA MEDICINA GENERAL ";"15";"15";"54";"54";"11";"330";"0"
"2023";"03";"150125";"LIMA";"LIMA";"PUENTE PIEDRA";"MINSA";"II-2";"00007632";"HOSPITAL CARLOS LANFRANCO LA HOZ";"240100";"HOSPITALIZACIÓN QUIRÚRGICA CIRUGÍA GENERAL ";"281";"310";"777";"329";"34";"1054";"2"
"2023";"03";"150125";"LIMA";"LIMA";"PUENTE PIEDRA";"MINSA";"II-2";"00007632";"HOSPITAL CARLOS LANFRANCO LA HOZ";"241900";"HOSPITALIZACIÓN DE MEDICINA MEDICINA INTERNA ";"137";"176";"831";"215";"26";"806";"33"
"2023";"03";"150125";"LIMA";"LIMA";"PUENTE PIEDRA";"MINSA";"II-2";"00007632";"HOSPITAL CARLOS LANFRANCO LA HOZ";"241400";"HOSPITALIZACIÓN QUIRÚRGICA GINECO - OBSTETRICIA ";"393";"411";"749";"432";"32";"992";"0"
"2023";"03";"150125";"LIMA";"LIMA";"PUENTE PIEDRA";"MINSA";"II-2";"00007632";"HOSPITAL CARLOS LANFRANCO LA HOZ";"242300";"HOSPITALIZACIÓN DE PEDIATRÍA  PEDIATRÍA  GENERAL ";"46";"51";"198";"62";"11";"341";"0"
"2023";"03";"150125";"LIMA";"LIMA";"PUENTE PIEDRA";"MINSA";"II-2";"00007632";"HOSPITAL CARLOS LANFRANCO LA HOZ";"243200";"HOSPITALIZACIÓN DE PEDIATRÍA PEDIATRIA NEONATOLOGÍA";"4";"4";"17";"4";"5";"155";"0"
"2023";"07";"080108";"CUSCO";"CUSCO";"WANCHAQ";"PRIVADO";"II-E";"00011338";"PARDO";"240100";"HOSPITALIZACIÓN QUIRÚRGICA CIRUGÍA GENERAL ";"10";"8";"46";"10";"33";"999";"0"
"2023";"07";"080108";"CUSCO";"CUSCO";"WANCHAQ";"PRIVADO";"II-E";"00011338";"PARDO";"240200";"HOSPITALIZACIÓN QUIRÚRGICA CIRUGÍA DE CABEZA Y CUELLO / MÁXILO FACIAL ";"1";"0";"5";"1";"33";"999";"0"
"2023";"07";"080108";"CUSCO";"CUSCO";"WANCHAQ";"PRIVADO";"II-E";"00011338";"PARDO";"240400";"HOSPITALIZACIÓN QUIRÚRGICA CIRUGÍA DE TÓRAX Y CARDIOVASCULAR ";"2";"2";"8";"2";"33";"999";"0"
"2023";"07";"080108";"CUSCO";"CUSCO";"WANCHAQ";"PRIVADO";"II-E";"00011338";"PARDO";"240801";"HOSPITALIZACIÓN QUIRÚRGICA CIRUGÍA PLÁSTICA/RECONSTRUCTIVA/ REPARADORA QUEMADOS";"1";"1";"2";"1";"33";"999";"0"
"2023";"07";"080108";"CUSCO";"CUSCO";"WANCHAQ";"PRIVADO";"II-E";"00011338";"PARDO";"240900";"HOSPITALIZACIÓN QUIRÚRGICA NEUROCIRUGÍA ";"22";"14";"192";"20";"33";"999";"0"
"2023";"07";"080108";"CUSCO";"CUSCO";"WANCHAQ";"PRIVADO";"II-E";"00011338";"PARDO";"241000";"HOSPITALIZACIÓN QUIRÚRGICA ONCOLOGÍA QUIRÚRGICA  ";"4";"4";"12";"4";"33";"999";"0"
"2023";"07";"080108";"CUSCO";"CUSCO";"WANCHAQ";"PRIVADO";"II-E";"00011338";"PARDO";"241100";"HOSPITALIZACIÓN QUIRÚRGICA OTORRINOLARINGOLOGÍA  ";"1";"1";"2";"1";"33";"999";"0"
"2023";"07";"080108";"CUSCO";"CUSCO";"WANCHAQ";"PRIVADO";"II-E";"00011338";"PARDO";"241200";"HOSPITALIZACIÓN QUIRÚRGICA TRAUMATOLOGÍA Y ORTOPEDIA ";"22";"20";"62";"22";"33";"999";"0"
"2023";"07";"080108";"CUSCO";"CUSCO";"WANCHAQ";"PRIVADO";"II-E";"00011338";"PARDO";"241300";"HOSPITALIZACIÓN QUIRÚRGICA UROLOGÍA  ";"4";"3";"12";"4";"33";"999";"0"
"2023";"07";"080108";"CUSCO";"CUSCO";"WANCHAQ";"PRIVADO";"II-E";"00011338";"PARDO";"241500";"HOSPITALIZACIÓN QUIRÚRGICA GINECOLOGÍA  ";"21";"19";"58";"21";"33";"999";"0"
"2023";"07";"080108";"CUSCO";"CUSCO";"WANCHAQ";"PRIVADO";"II-E";"00011338";"PARDO";"241900";"HOSPITALIZACIÓN DE MEDICINA MEDICINA INTERNA ";"25";"17";"151";"21";"33";"999";"0"
"2023";"07";"080108";"CUSCO";"CUSCO";"WANCHAQ";"PRIVADO";"II-E";"00011338";"PARDO";"242100";"HOSPITALIZACIÓN DE MEDICINA ONCOLOGÍA MÉDICA ";"1";"1";"6";"1";"33";"999";"0"
"2023";"07";"080108";"CUSCO";"CUSCO";"WANCHAQ";"PRIVADO";"II-E";"00011338";"PARDO";"242200";"HOSPITALIZACIÓN DE MEDICINA PSIQUIATRÍA ";"1";"1";"1";"1";"33";"999";"0"
"2023";"07";"080108";"CUSCO";"CUSCO";"WANCHAQ";"PRIVADO";"II-E";"00011338";"PARDO";"244300";"HOSPITALIZACIÓN DE MEDICINA GASTROENTEROLOGÍA  ";"5";"3";"13";"4";"33";"999";"0"
"2023";"07";"080108";"CUSCO";"CUSCO";"WANCHAQ";"PRIVADO";"II-E";"00011338";"PARDO";"244700";"HOSPITALIZACIÓN DE MEDICINA NEUROLOGIA  ";"13";"13";"33";"13";"33";"999";"0"
"2023";"07";"080108";"CUSCO";"CUSCO";"WANCHAQ";"PRIVADO";"II-E";"00011338";"PARDO";"245300";"HOSPITALIZACIÓN DE MEDICINA NEUMOLOGÍA  ";"4";"4";"15";"4";"33";"999";"0"
"2023";"08";"211101";"PUNO";"SAN ROMAN";"JULIACA";"SANIDAD DE LA POLICIA NACIONAL DEL PERU";"I-2";"00010236";"POSTA MEDICA DE SALUD PNP - JULIACA";"NE_0001";"";"NE_0001";"NE_0001";"NE_0001";"NE_0001";"NE_0001";"NE_0001";"NE_0001"
"2023";"08";"150130";"LIMA";"LIMA";"SAN BORJA";"PRIVADO";"I-2";"00024872";"LINE CONTROL CENTER";"NE_0001";"";"NE_0001";"NE_0001";"NE_0001";"NE_0001";"NE_0001";"NE_0001";"NE_0001"
"2023";"08";"021809";"ANCASH";"SANTA";"NUEVO CHIMBOTE";"PRIVADO";"II-E";"00010475";"CENTRO MEDICO ESPECIALIZADO CLINICA DE LA MUJER Y EL NIÑO EIRL";"241400";"HOSPITALIZACIÓN QUIRÚRGICA GINECO - OBSTETRICIA ";"7";"7";"13";"21";"5";"155";"0"
"2023";"08";"120504";"JUNIN";"JUNIN";"ULCUMAYO";"GOBIERNO REGIONAL";"I-1";"00000605";"SHOGUE";"NE_0001";"";"NE_0001";"NE_0001";"NE_0001";"NE_0001";"NE_0001";"NE_0001";"NE_0001"
"2023";"08";"120504";"JUNIN";"JUNIN";"ULCUMAYO";"GOBIERNO REGIONAL";"I-2";"00000604";"TAMBOS";"NE_0001";"";"NE_0001";"NE_0001";"NE_0001";"NE_0001";"NE_0001";"NE_0001";"NE_0001"
"2023";"08";"120504";"JUNIN";"JUNIN";"ULCUMAYO";"GOBIERNO REGIONAL";"I-2";"00000602";"QUILCATACTA";"NE_0001";"";"NE_0001";"NE_0001";"NE_0001";"NE_0001";"NE_0001";"NE_0001";"NE_0001"
"2023";"08";"060801";"CAJAMARCA";"JAEN";"JAEN";"GOBIERNO REGIONAL";"II-2";"00004210";"HOSPITAL GENERAL DE JAEN";"241800";"HOSPITALIZACIÓN DE MEDICINA MEDICINA GENERAL ";"61";"79";"633";"86";"40";"1240";"9"
"2023";"08";"060801";"CAJAMARCA";"JAEN";"JAEN";"GOBIERNO REGIONAL";"II-2";"00004210";"HOSPITAL GENERAL DE JAEN";"240100";"HOSPITALIZACIÓN QUIRÚRGICA CIRUGÍA GENERAL ";"171";"172";"801";"186";"34";"1054";"0"
"2023";"08";"060801";"CAJAMARCA";"JAEN";"JAEN";"GOBIERNO REGIONAL";"II-2";"00004210";"HOSPITAL GENERAL DE JAEN";"241600";"HOSPITALIZACIÓN QUIRÚRGICA OBSTETRICIA   ";"241";"243";"788";"260";"25";"775";"0"
"2023";"08";"060801";"CAJAMARCA";"JAEN";"JAEN";"GOBIERNO REGIONAL";"II-2";"00004210";"HOSPITAL GENERAL DE JAEN";"242500";"HOSPITALIZACIÓN-PEDIATRÍA GENERAL-";"80";"80";"509";"91";"15";"465";"1"
"2023";"08";"060801";"CAJAMARCA";"JAEN";"JAEN";"GOBIERNO REGIONAL";"II-2";"00004210";"HOSPITAL GENERAL DE JAEN";"243200";"HOSPITALIZACIÓN DE PEDIATRÍA PEDIATRIA NEONATOLOGÍA";"28";"37";"224";"41";"17";"527";"2"
"2023";"08";"150137";"LIMA";"LIMA";"SANTA ANITA";"ESSALUD";"II-E";"00010434";"ESSALUD - HOSPITAL IIE SAN ISIDRO LABRADOR";"241900";"HOSPITALIZACIÓN DE MEDICINA MEDICINA INTERNA ";"238";"203";"4267";"4567";"180";"5580";"12"
"2023";"08";"150137";"LIMA";"LIMA";"SANTA ANITA";"ESSALUD";"II-E";"00010434";"ESSALUD - HOSPITAL IIE SAN ISIDRO LABRADOR";"250200";"UNIDAD DE CUIDADOS CRITICOS UNIDAD DE CUIDADOS INTERMEDIOS GENERAL  (UCIN) ";"5";"8";"146";"184";"12";"372";"5"
"2023";"08";"150137";"LIMA";"LIMA";"SANTA ANITA";"ESSALUD";"II-E";"00010434";"ESSALUD - HOSPITAL IIE SAN ISIDRO LABRADOR";"250103";"UNIDAD DE CUIDADOS CRITICOS UNIDAD  DE CUIDADOS INTENSIVOS GENERALES  (UCI) MEDICINA";"4";"3";"35";"158";"8";"248";"2"
"2023";"08";"150121";"LIMA";"LIMA";"PUEBLO LIBRE";"PRIVADO";"II-E";"00015077";"LIGA CONTRA EL CÁNCER";"NE_0001";"";"NE_0001";"NE_0001";"NE_0001";"NE_0001";"NE_0001";"NE_0001";"NE_0001"
"2023";"08";"130903";"LA LIBERTAD";"SANCHEZ CARRION";"COCHORCO";"GOBIERNO REGIONAL";"I-2";"00013800";"SUCCHACENTRO";"NE_0001";"";"NE_0001";"NE_0001";"NE_0001";"NE_0001";"NE_0001";"NE_0001";"NE_0001"
"2023";"08";"220913";"SAN MARTIN";"SAN MARTIN";"SAUCE";"GOBIERNO REGIONAL";"I-1";"00006381";"DOS DE MAYO";"NE_0001";"";"NE_0001";"NE_0001";"NE_0001";"NE_0001";"NE_0001";"NE_0001";"NE_0001"
"2023";"08";"220913";"SAN MARTIN";"SAN MARTIN";"SAUCE";"GOBIERNO REGIONAL";"I-3";"00006380";"SAUCE";"241600";"HOSPITALIZACIÓN QUIRÚRGICA OBSTETRICIA   ";"3";"3";"3";"3";"2";"93";"0"
"2023";"08";"040201";"AREQUIPA";"CAMANA";"CAMANA";"GOBIERNO REGIONAL";"II-1";"00001344";"HOSPITAL DE CAMANA";"240100";"HOSPITALIZACIÓN QUIRÚRGICA CIRUGÍA GENERAL ";"32";"34";"201";"263";"12";"354";"0"
"2023";"08";"040201";"AREQUIPA";"CAMANA";"CAMANA";"GOBIERNO REGIONAL";"II-1";"00001344";"HOSPITAL DE CAMANA";"241200";"HOSPITALIZACIÓN QUIRÚRGICA TRAUMATOLOGÍA Y ORTOPEDIA ";"12";"20";"164";"226";"3";"246";"0"
"2023";"08";"120114";"JUNIN";"HUANCAYO";"EL TAMBO";"PRIVADO";"II-1";"00008024";"CLINICA CAYETANO HEREDIA";"240000";"HOSPITALIZACIÓN";"168";"178";"907";"642";"45";"1397";"0"
"2023";"08";"120114";"JUNIN";"HUANCAYO";"EL TAMBO";"PRIVADO";"II-1";"00008024";"CLINICA CAYETANO HEREDIA";"241400";"HOSPITALIZACIÓN QUIRÚRGICA GINECO - OBSTETRICIA ";"46";"52";"211";"199";"8";"258";"0"
"2023";"08";"150130";"LIMA";"LIMA";"SAN BORJA";"PRIVADO";"II-E";"00015179";"CLINICA KIRSCHBAUM";"240800";"HOSPITALIZACIÓN QUIRÚRGICA CIRUGÍA PLÁSTICA/RECONSTRUCTIVA/ REPARADORA ";"54";"54";"77";"54";"10";"310";"0"
"2023";"08";"040201";"AREQUIPA";"CAMANA";"CAMANA";"GOBIERNO REGIONAL";"II-1";"00001344";"HOSPITAL DE CAMANA";"241500";"HOSPITALIZACIÓN QUIRÚRGICA GINECOLOGÍA  ";"102";"118";"245";"307";"17";"405";"0"
"2023";"08";"040201";"AREQUIPA";"CAMANA";"CAMANA";"GOBIERNO REGIONAL";"II-1";"00001344";"HOSPITAL DE CAMANA";"241900";"HOSPITALIZACIÓN DE MEDICINA MEDICINA INTERNA ";"28";"34";"353";"415";"18";"567";"3"
"2023";"08";"040201";"AREQUIPA";"CAMANA";"CAMANA";"GOBIERNO REGIONAL";"II-1";"00001344";"HOSPITAL DE CAMANA";"242500";"HOSPITALIZACIÓN-PEDIATRÍA GENERAL-";"9";"10";"47";"109";"13";"208";"0"
"2023";"08";"040201";"AREQUIPA";"CAMANA";"CAMANA";"GOBIERNO REGIONAL";"II-1";"00001344";"HOSPITAL DE CAMANA";"243200";"HOSPITALIZACIÓN DE PEDIATRÍA PEDIATRIA NEONATOLOGÍA";"27";"27";"54";"116";"8";"254";"0"
"2023";"08";"110113";"ICA";"ICA";"TATE";"GOBIERNO REGIONAL";"I-3";"00003371";"TATE";"NE_0001";"";"NE_0001";"NE_0001";"NE_0001";"NE_0001";"NE_0001";"NE_0001";"NE_0001"
"2023";"08";"110107";"ICA";"ICA";"PUEBLO NUEVO";"GOBIERNO REGIONAL";"I-1";"00003403";"CALLEJON LOS ESPINOS";"NE_0001";"";"NE_0001";"NE_0001";"NE_0001";"NE_0001";"NE_0001";"NE_0001";"NE_0001"
"2023";"08";"110113";"ICA";"ICA";"TATE";"GOBIERNO REGIONAL";"I-1";"00003404";"LUJARAJA";"NE_0001";"";"NE_0001";"NE_0001";"NE_0001";"NE_0001";"NE_0001";"NE_0001";"NE_0001"
"2023";"08";"110107";"ICA";"ICA";"PUEBLO NUEVO";"MINSA";"I-3";"00003370";"CENTRO DE SALUD PUEBLO NUEVO";"NE_0001";"";"NE_0001";"NE_0001";"NE_0001";"NE_0001";"NE_0001";"NE_0001";"NE_0001"
"2023";"08";"110113";"ICA";"ICA";"TATE";"GOBIERNO REGIONAL";"I-1";"00003406";"LOS CALDERONES";"NE_0001";"";"NE_0001";"NE_0001";"NE_0001";"NE_0001";"NE_0001";"NE_0001";"NE_0001"
"2023";"08";"110105";"ICA";"ICA";"PACHACUTEC";"GOBIERNO REGIONAL";"I-2";"00003407";"EL PALTO";"NE_0001";"";"NE_0001";"NE_0001";"NE_0001";"NE_0001";"NE_0001";"NE_0001";"NE_0001"
"2023";"08";"110107";"ICA";"ICA";"PUEBLO NUEVO";"GOBIERNO REGIONAL";"I-1";"00003402";"PARIÑA GRANDE";"NE_0001";"";"NE_0001";"NE_0001";"NE_0001";"NE_0001";"NE_0001";"NE_0001";"NE_0001"
"2023";"08";"110113";"ICA";"ICA";"TATE";"GOBIERNO REGIONAL";"I-1";"00003405";"PUNO";"NE_0001";"";"NE_0001";"NE_0001";"NE_0001";"NE_0001";"NE_0001";"NE_0001";"NE_0001"
"2023";"08";"110105";"ICA";"ICA";"PACHACUTEC";"MINSA";"I-2";"00003372";"PACHACUTEC";"NE_0001";"";"NE_0001";"NE_0001";"NE_0001";"NE_0001";"NE_0001";"NE_0001";"NE_0001"
"2023";"08";"110107";"ICA";"ICA";"PUEBLO NUEVO";"GOBIERNO REGIONAL";"I-1";"00003401";"SAN RAFAEL";"NE_0001";"";"NE_0001";"NE_0001";"NE_0001";"NE_0001";"NE_0001";"NE_0001";"NE_0001"
"2023";"08";"190201";"PASCO";"DANIEL ALCIDES CARRION";"YANAHUANCA";"ESSALUD";"I-3";"00009760";"CENTRO MEDICO DE YANAHUANCA";"NE_0001";"";"NE_0001";"NE_0001";"NE_0001";"NE_0001";"NE_0001";"NE_0001";"NE_0001"
"2023";"09";"150108";"LIMA";"LIMA";"CHORRILLOS";"ESSALUD";"I-3";"00008438";"POLICLINICO JUAN JOSE RODRIGUEZ LAZO";"NE_0001";"";"NE_0001";"NE_0001";"NE_0001";"NE_0001";"NE_0001";"NE_0001";"NE_0001"
"2023";"09";"090207";"HUANCAVELICA";"ACOBAMBA";"POMACOCHA";"GOBIERNO REGIONAL";"I-2";"00003923";"PUESTO DE SALUD POMACOCHA";"NE_0001";"";"NE_0001";"NE_0001";"NE_0001";"NE_0001";"NE_0001";"NE_0001";"NE_0001"
"2023";"09";"090207";"HUANCAVELICA";"ACOBAMBA";"POMACOCHA";"GOBIERNO REGIONAL";"I-1";"00009698";"PUESTO DE SALUD INCAPACCHAN";"NE_0001";"";"NE_0001";"NE_0001";"NE_0001";"NE_0001";"NE_0001";"NE_0001";"NE_0001"
"2023";"09";"090201";"HUANCAVELICA";"ACOBAMBA";"ACOBAMBA";"GOBIERNO REGIONAL";"I-1";"00003922";"PUESTO DE SALUD CCARABAMBA";"NE_0001";"";"NE_0001";"NE_0001";"NE_0001";"NE_0001";"NE_0001";"NE_0001";"NE_0001"
"2023";"09";"090201";"HUANCAVELICA";"ACOBAMBA";"ACOBAMBA";"GOBIERNO REGIONAL";"I-1";"00009502";"PUESTO DE SALUD TRES DE OCTUBRE";"NE_0001";"";"NE_0001";"NE_0001";"NE_0001";"NE_0001";"NE_0001";"NE_0001";"NE_0001"
"2023";"09";"090207";"HUANCAVELICA";"ACOBAMBA";"POMACOCHA";"GOBIERNO REGIONAL";"I-1";"00009707";"PUESTO DE SALUD AYAHUASAN";"NE_0001";"";"NE_0001";"NE_0001";"NE_0001";"NE_0001";"NE_0001";"NE_0001";"NE_0001"
"2023";"09";"090201";"HUANCAVELICA";"ACOBAMBA";"ACOBAMBA";"GOBIERNO REGIONAL";"I-1";"00003920";"PUESTO DE SALUD DE CCARHUACC";"NE_0001";"";"NE_0001";"NE_0001";"NE_0001";"NE_0001";"NE_0001";"NE_0001";"NE_0001"
"2023";"09";"090207";"HUANCAVELICA";"ACOBAMBA";"POMACOCHA";"GOBIERNO REGIONAL";"I-3";"00003924";"CENTRO DE SALUD CHOCLOCOCHA";"NE_0001";"";"NE_0001";"NE_0001";"NE_0001";"NE_0001";"NE_0001";"NE_0001";"NE_0001"
"2023";"09";"090201";"HUANCAVELICA";"ACOBAMBA";"ACOBAMBA";"GOBIERNO REGIONAL";"I-1";"00003921";"PUESTO DE SALUD DE VILLA RICA";"NE_0001";"";"NE_0001";"NE_0001";"NE_0001";"NE_0001";"NE_0001";"NE_0001";"NE_0001"
"2023";"09";"090201";"HUANCAVELICA";"ACOBAMBA";"ACOBAMBA";"GOBIERNO REGIONAL";"I-2";"00003918";"PUESTO DE SALUD CURIMARAY";"NE_0001";"";"NE_0001";"NE_0001";"NE_0001";"NE_0001";"NE_0001";"NE_0001";"NE_0001"
"2023";"09";"090207";"HUANCAVELICA";"ACOBAMBA";"POMACOCHA";"GOBIERNO REGIONAL";"I-1";"00003925";"PUESTO DE SALUD YANACCOCHA";"NE_0001";"";"NE_0001";"NE_0001";"NE_0001";"NE_0001";"NE_0001";"NE_0001";"NE_0001"
"2023";"09";"090201";"HUANCAVELICA";"ACOBAMBA";"ACOBAMBA";"GOBIERNO REGIONAL";"I-1";"00003919";"PUESTO DE SALUD POMAVILCA";"NE_0001";"";"NE_0001";"NE_0001";"NE_0001";"NE_0001";"NE_0001";"NE_0001";"NE_0001"
"2023";"09";"150135";"LIMA";"LIMA";"SAN MARTIN DE PORRES";"SANIDAD DE LA POLICIA NACIONAL DEL PERU";"I-3";"00011876";"POLICLINICO PNP SAN MARTIN DE PORRES";"NE_0001";"";"NE_0001";"NE_0001";"NE_0001";"NE_0001";"NE_0001";"NE_0001";"NE_0001"
"2023";"09";"130101";"LA LIBERTAD";"TRUJILLO";"TRUJILLO";"PRIVADO";"II-1";"00012301";"CLINICA SAN ANTONIO";"242400";"HOSPITALIZACIÓN DE PEDIATRÍA ADOLESCENTES ";"2";"5";"11";"22";"59";"60";"0"
"2023";"09";"130101";"LA LIBERTAD";"TRUJILLO";"TRUJILLO";"PRIVADO";"II-1";"00012301";"CLINICA SAN ANTONIO";"241300";"HOSPITALIZACIÓN QUIRÚRGICA UROLOGÍA  ";"1";"1";"1";"1";"1";"2";"0"
"2023";"09";"130101";"LA LIBERTAD";"TRUJILLO";"TRUJILLO";"PRIVADO";"II-1";"00012301";"CLINICA SAN ANTONIO";"240400";"HOSPITALIZACIÓN QUIRÚRGICA CIRUGÍA DE TÓRAX Y CARDIOVASCULAR ";"9";"12";"28";"256";"29";"256";"0"
"2023";"09";"130101";"LA LIBERTAD";"TRUJILLO";"TRUJILLO";"PRIVADO";"II-1";"00012301";"CLINICA SAN ANTONIO";"241800";"HOSPITALIZACIÓN DE MEDICINA MEDICINA GENERAL ";"1";"1";"1";"1";"1";"2";"0"
"2023";"09";"130101";"LA LIBERTAD";"TRUJILLO";"TRUJILLO";"PRIVADO";"II-1";"00012301";"CLINICA SAN ANTONIO";"240800";"HOSPITALIZACIÓN QUIRÚRGICA CIRUGÍA PLÁSTICA/RECONSTRUCTIVA/ REPARADORA ";"1";"1";"4";"4";"1";"6";"0"
"2023";"09";"130101";"LA LIBERTAD";"TRUJILLO";"TRUJILLO";"PRIVADO";"II-1";"00012301";"CLINICA SAN ANTONIO";"240000";"HOSPITALIZACIÓN";"1";"0";"13";"13";"59";"60";"0"
"2023";"09";"130101";"LA LIBERTAD";"TRUJILLO";"TRUJILLO";"PRIVADO";"II-1";"00012301";"CLINICA SAN ANTONIO";"250100";"UNIDAD DE CUIDADOS CRITICOS UNIDAD  DE CUIDADOS INTENSIVOS GENERALES (UCI) ";"29";"30";"62";"1798";"1";"1798";"1"
"2023";"09";"130101";"LA LIBERTAD";"TRUJILLO";"TRUJILLO";"PRIVADO";"II-1";"00012301";"CLINICA SAN ANTONIO";"245400";"HOSPITALIZACIÓN DE MEDICINA GINECOLOGIA ";"1";"2";"1";"1";"1";"2";"0"
"2023";"09";"130101";"LA LIBERTAD";"TRUJILLO";"TRUJILLO";"PRIVADO";"II-1";"00012301";"CLINICA SAN ANTONIO";"240900";"HOSPITALIZACIÓN QUIRÚRGICA NEUROCIRUGÍA ";"3";"5";"9";"27";"10";"27";"0"
"2023";"09";"130101";"LA LIBERTAD";"TRUJILLO";"TRUJILLO";"PRIVADO";"II-1";"00012301";"CLINICA SAN ANTONIO";"241200";"HOSPITALIZACIÓN QUIRÚRGICA TRAUMATOLOGÍA Y ORTOPEDIA ";"16";"17";"70";"1120";"1";"1120";"0"
"2023";"09";"130101";"LA LIBERTAD";"TRUJILLO";"TRUJILLO";"PRIVADO";"II-1";"00012301";"CLINICA SAN ANTONIO";"241900";"HOSPITALIZACIÓN DE MEDICINA MEDICINA INTERNA ";"1";"1";"1";"1";"1";"2";"0"
"2023";"09";"130101";"LA LIBERTAD";"TRUJILLO";"TRUJILLO";"PRIVADO";"II-1";"00012301";"CLINICA SAN ANTONIO";"244300";"HOSPITALIZACIÓN DE MEDICINA GASTROENTEROLOGÍA  ";"10";"12";"15";"150";"10";"150";"0"
"2023";"09";"220101";"SAN MARTIN";"MOYOBAMBA";"MOYOBAMBA";"ESSALUD";"II-1";"00015598";"HOSPITAL I ALTO MAYO";"241800";"HOSPITALIZACIÓN DE MEDICINA MEDICINA GENERAL ";"55";"54";"319";"350";"15";"450";"3"
"2023";"09";"220101";"SAN MARTIN";"MOYOBAMBA";"MOYOBAMBA";"ESSALUD";"II-1";"00015598";"HOSPITAL I ALTO MAYO";"240100";"HOSPITALIZACIÓN QUIRÚRGICA CIRUGÍA GENERAL ";"59";"62";"214";"167";"6";"180";"0"
"2023";"09";"220101";"SAN MARTIN";"MOYOBAMBA";"MOYOBAMBA";"ESSALUD";"II-1";"00015598";"HOSPITAL I ALTO MAYO";"241500";"HOSPITALIZACIÓN QUIRÚRGICA GINECOLOGÍA  ";"17";"16";"69";"55";"2";"60";"0"
"2023";"09";"220101";"SAN MARTIN";"MOYOBAMBA";"MOYOBAMBA";"ESSALUD";"II-1";"00015598";"HOSPITAL I ALTO MAYO";"241600";"HOSPITALIZACIÓN QUIRÚRGICA OBSTETRICIA   ";"62";"64";"191";"124";"9";"270";"0"
"2023";"09";"220101";"SAN MARTIN";"MOYOBAMBA";"MOYOBAMBA";"ESSALUD";"II-1";"00015598";"HOSPITAL I ALTO MAYO";"242300";"HOSPITALIZACIÓN DE PEDIATRÍA  PEDIATRÍA  GENERAL ";"18";"20";"86";"59";"3";"90";"0"
"2023";"09";"130401";"LA LIBERTAD";"CHEPEN";"CHEPEN";"ESSALUD";"II-1";"00009954";"HOSPITAL I CHEPEN ESSALUD";"241900";"HOSPITALIZACIÓN DE MEDICINA MEDICINA INTERNA ";"38";"37";"152";"157";"4";"124";"3"
"2023";"09";"130401";"LA LIBERTAD";"CHEPEN";"CHEPEN";"ESSALUD";"II-1";"00009954";"HOSPITAL I CHEPEN ESSALUD";"240100";"HOSPITALIZACIÓN QUIRÚRGICA CIRUGÍA GENERAL ";"63";"27";"73";"60";"2";"62";"1"
"2023";"09";"130401";"LA LIBERTAD";"CHEPEN";"CHEPEN";"ESSALUD";"II-1";"00009954";"HOSPITAL I CHEPEN ESSALUD";"241500";"HOSPITALIZACIÓN QUIRÚRGICA GINECOLOGÍA  ";"11";"31";"46";"46";"2";"62";"0"
"2023";"09";"130401";"LA LIBERTAD";"CHEPEN";"CHEPEN";"ESSALUD";"II-1";"00009954";"HOSPITAL I CHEPEN ESSALUD";"242300";"HOSPITALIZACIÓN DE PEDIATRÍA  PEDIATRÍA  GENERAL ";"40";"10";"37";"41";"2";"62";"0"
"2023";"03";"150113";"LIMA";"LIMA";"JESUS MARIA";"ESSALUD";"I-3";"00008711";"POLICLINICO PABLO BERMUDEZ";"NE_0001";"";"NE_0001";"NE_0001";"NE_0001";"NE_0001";"NE_0001";"NE_0001";"NE_0001"
"2023";"03";"220509";"SAN MARTIN";"LAMAS";"SHANAO";"GOBIERNO REGIONAL";"I-1";"00006412";"SHANAO";"NE_0001";"";"NE_0001";"NE_0001";"NE_0001";"NE_0001";"NE_0001";"NE_0001";"NE_0001"
"2023";"08";"140101";"LAMBAYEQUE";"CHICLAYO";"CHICLAYO";"GOBIERNO REGIONAL";"II-2";"00004317";"HOSPITAL REGIONAL DOCENTE LAS MERCEDES";"241800";"HOSPITALIZACIÓN DE MEDICINA MEDICINA GENERAL ";"234";"288";"1637";"39";"57";"1767";"18"
"2023";"08";"140101";"LAMBAYEQUE";"CHICLAYO";"CHICLAYO";"GOBIERNO REGIONAL";"II-2";"00004317";"HOSPITAL REGIONAL DOCENTE LAS MERCEDES";"240100";"HOSPITALIZACIÓN QUIRÚRGICA CIRUGÍA GENERAL ";"177";"194";"693";"20";"30";"930";"2"
"2023";"08";"140101";"LAMBAYEQUE";"CHICLAYO";"CHICLAYO";"GOBIERNO REGIONAL";"II-2";"00004317";"HOSPITAL REGIONAL DOCENTE LAS MERCEDES";"243200";"HOSPITALIZACIÓN DE PEDIATRÍA PEDIATRIA NEONATOLOGÍA";"113";"129";"522";"13";"20";"620";"2"
"2023";"08";"140101";"LAMBAYEQUE";"CHICLAYO";"CHICLAYO";"GOBIERNO REGIONAL";"II-2";"00004317";"HOSPITAL REGIONAL DOCENTE LAS MERCEDES";"242300";"HOSPITALIZACIÓN DE PEDIATRÍA  PEDIATRÍA  GENERAL ";"91";"113";"548";"15";"29";"899";"2"
"2023";"08";"140101";"LAMBAYEQUE";"CHICLAYO";"CHICLAYO";"GOBIERNO REGIONAL";"II-2";"00004317";"HOSPITAL REGIONAL DOCENTE LAS MERCEDES";"241600";"HOSPITALIZACIÓN QUIRÚRGICA OBSTETRICIA   ";"352";"370";"984";"28";"43";"1333";"0"
"2023";"08";"140101";"LAMBAYEQUE";"CHICLAYO";"CHICLAYO";"GOBIERNO REGIONAL";"II-2";"00004317";"HOSPITAL REGIONAL DOCENTE LAS MERCEDES";"241200";"HOSPITALIZACIÓN QUIRÚRGICA TRAUMATOLOGÍA Y ORTOPEDIA ";"29";"34";"200";"6";"14";"434";"0"
"2023";"08";"140101";"LAMBAYEQUE";"CHICLAYO";"CHICLAYO";"GOBIERNO REGIONAL";"II-2";"00004317";"HOSPITAL REGIONAL DOCENTE LAS MERCEDES";"241500";"HOSPITALIZACIÓN QUIRÚRGICA GINECOLOGÍA  ";"41";"41";"94";"3";"14";"434";"0"
"2023";"08";"140101";"LAMBAYEQUE";"CHICLAYO";"CHICLAYO";"GOBIERNO REGIONAL";"II-2";"00004317";"HOSPITAL REGIONAL DOCENTE LAS MERCEDES";"240801";"HOSPITALIZACIÓN QUIRÚRGICA CIRUGÍA PLÁSTICA/RECONSTRUCTIVA/ REPARADORA QUEMADOS";"4";"5";"66";"2";"13";"403";"0"
"2023";"08";"140101";"LAMBAYEQUE";"CHICLAYO";"CHICLAYO";"GOBIERNO REGIONAL";"II-2";"00004317";"HOSPITAL REGIONAL DOCENTE LAS MERCEDES";"250100";"UNIDAD DE CUIDADOS CRITICOS UNIDAD  DE CUIDADOS INTENSIVOS GENERALES (UCI) ";"1";"2";"14";"1";"6";"186";"1"
"2023";"08";"050110";"AYACUCHO";"HUAMANGA";"SAN JUAN BAUTISTA";"GOBIERNO REGIONAL";"I-4";"00003598";"CENTRO DE SALUD DE SAN JUAN BAUTISTA";"NE_0001";"";"NE_0001";"NE_0001";"NE_0001";"NE_0001";"NE_0001";"NE_0001";"NE_0001"
"2023";"08";"050110";"AYACUCHO";"HUAMANGA";"SAN JUAN BAUTISTA";"GOBIERNO REGIONAL";"I-3";"00003600";"CENTRO DE SALUD MIRAFLORES";"NE_0001";"";"NE_0001";"NE_0001";"NE_0001";"NE_0001";"NE_0001";"NE_0001";"NE_0001"
"2023";"08";"050110";"AYACUCHO";"HUAMANGA";"SAN JUAN BAUTISTA";"GOBIERNO REGIONAL";"I-3";"00006882";"LOS OLIVOS";"NE_0001";"";"NE_0001";"NE_0001";"NE_0001";"NE_0001";"NE_0001";"NE_0001";"NE_0001"
"2023";"08";"050110";"AYACUCHO";"HUAMANGA";"SAN JUAN BAUTISTA";"GOBIERNO REGIONAL";"I-2";"00003599";"PUESTO DE SALUD ÑAHUINPUQUIO";"NE_0001";"";"NE_0001";"NE_0001";"NE_0001";"NE_0001";"NE_0001";"NE_0001";"NE_0001"
"2023";"09";"150121";"LIMA";"LIMA";"PUEBLO LIBRE";"PRIVADO";"II-E";"00020230";"CLINICA DE OJOS GLOBAL LASER";"NE_0001";"";"NE_0001";"NE_0001";"NE_0001";"NE_0001";"NE_0001";"NE_0001";"NE_0001"
"2023";"09";"040307";"AREQUIPA";"CARAVELI";"CHALA";"ESSALUD";"I-2";"00012198";"POSTA MEDICA CHALA";"NE_0001";"";"NE_0001";"NE_0001";"NE_0001";"NE_0001";"NE_0001";"NE_0001";"NE_0001"
"2023";"09";"150114";"LIMA";"LIMA";"LA MOLINA";"PRIVADO";"I-3";"00010464";"CLINICA ANGLO AMERICANA";"NE_0001";"";"NE_0001";"NE_0001";"NE_0001";"NE_0001";"NE_0001";"NE_0001";"NE_0001"
"2023";"09";"150131";"LIMA";"LIMA";"SAN ISIDRO";"PRIVADO";"I-2";"00025076";"CONSULTORIOS EXTERNOS ANGLO AMERICANA";"NE_0001";"";"NE_0001";"NE_0001";"NE_0001";"NE_0001";"NE_0001";"NE_0001";"NE_0001"
"2023";"09";"130901";"LA LIBERTAD";"SANCHEZ CARRION";"HUAMACHUCO";"GOBIERNO REGIONAL";"II-1";"00005349";"HOSPITAL DE APOYO LEONCIO PRADO";"240100";"HOSPITALIZACIÓN QUIRÚRGICA CIRUGÍA GENERAL ";"17";"20";"53";"46";"7";"210";"0"
"2023";"09";"130901";"LA LIBERTAD";"SANCHEZ CARRION";"HUAMACHUCO";"GOBIERNO REGIONAL";"II-1";"00005349";"HOSPITAL DE APOYO LEONCIO PRADO";"241500";"HOSPITALIZACIÓN QUIRÚRGICA GINECOLOGÍA  ";"1";"1";"2";"2";"2";"60";"0"
"2023";"09";"130901";"LA LIBERTAD";"SANCHEZ CARRION";"HUAMACHUCO";"GOBIERNO REGIONAL";"II-1";"00005349";"HOSPITAL DE APOYO LEONCIO PRADO";"241600";"HOSPITALIZACIÓN QUIRÚRGICA OBSTETRICIA   ";"219";"232";"409";"400";"16";"480";"0"
"2023";"09";"130901";"LA LIBERTAD";"SANCHEZ CARRION";"HUAMACHUCO";"GOBIERNO REGIONAL";"II-1";"00005349";"HOSPITAL DE APOYO LEONCIO PRADO";"241800";"HOSPITALIZACIÓN DE MEDICINA MEDICINA GENERAL ";"28";"32";"128";"123";"6";"180";"0"
"2023";"09";"130901";"LA LIBERTAD";"SANCHEZ CARRION";"HUAMACHUCO";"GOBIERNO REGIONAL";"II-1";"00005349";"HOSPITAL DE APOYO LEONCIO PRADO";"242500";"HOSPITALIZACIÓN-PEDIATRÍA GENERAL-";"48";"50";"176";"183";"11";"330";"0"
"2023";"09";"090302";"HUANCAVELICA";"ANGARAES";"ANCHONGA";"GOBIERNO REGIONAL";"I-1";"00003958";"ANCHONGA";"NE_0001";"";"NE_0001";"NE_0001";"NE_0001";"NE_0001";"NE_0001";"NE_0001";"NE_0001"
"2023";"09";"090305";"HUANCAVELICA";"ANGARAES";"CHINCHO";"GOBIERNO REGIONAL";"I-1";"00003963";"CHINCHO";"NE_0001";"";"NE_0001";"NE_0001";"NE_0001";"NE_0001";"NE_0001";"NE_0001";"NE_0001"
"2023";"09";"090302";"HUANCAVELICA";"ANGARAES";"ANCHONGA";"GOBIERNO REGIONAL";"I-1";"00011454";"ALTO MARAYNIYOCC";"NE_0001";"";"NE_0001";"NE_0001";"NE_0001";"NE_0001";"NE_0001";"NE_0001";"NE_0001"
"2023";"09";"090306";"HUANCAVELICA";"ANGARAES";"CONGALLA";"GOBIERNO REGIONAL";"I-1";"00003975";"LIRCAYCCASA";"NE_0001";"";"NE_0001";"NE_0001";"NE_0001";"NE_0001";"NE_0001";"NE_0001";"NE_0001"
"2023";"09";"090301";"HUANCAVELICA";"ANGARAES";"LIRCAY";"GOBIERNO REGIONAL";"I-1";"00011201";"CIENEGUILLA";"NE_0001";"";"NE_0001";"NE_0001";"NE_0001";"NE_0001";"NE_0001";"NE_0001";"NE_0001"
"2023";"09";"090304";"HUANCAVELICA";"ANGARAES";"CCOCHACCASA";"GOBIERNO REGIONAL";"I-1";"00011204";"VELASCO PUCAPAMPA";"NE_0001";"";"NE_0001";"NE_0001";"NE_0001";"NE_0001";"NE_0001";"NE_0001";"NE_0001"
"2023";"09";"090302";"HUANCAVELICA";"ANGARAES";"ANCHONGA";"GOBIERNO REGIONAL";"I-1";"00028780";"LLANCAPUQUIO";"NE_0001";"";"NE_0001";"NE_0001";"NE_0001";"NE_0001";"NE_0001";"NE_0001";"NE_0001"
"2023";"09";"090301";"HUANCAVELICA";"ANGARAES";"LIRCAY";"GOBIERNO REGIONAL";"I-1";"00003948";"UCHCUPAMPA";"NE_0001";"";"NE_0001";"NE_0001";"NE_0001";"NE_0001";"NE_0001";"NE_0001";"NE_0001"
"2023";"09";"090310";"HUANCAVELICA";"ANGARAES";"SAN ANTONIO DE ANTAPARCO";"GOBIERNO REGIONAL";"I-1";"00003966";"MAICENA";"NE_0001";"";"NE_0001";"NE_0001";"NE_0001";"NE_0001";"NE_0001";"NE_0001";"NE_0001"
"2023";"09";"090301";"HUANCAVELICA";"ANGARAES";"LIRCAY";"GOBIERNO REGIONAL";"I-1";"00011202";"PAMPAHUASI";"NE_0001";"";"NE_0001";"NE_0001";"NE_0001";"NE_0001";"NE_0001";"NE_0001";"NE_0001"
"2023";"09";"090301";"HUANCAVELICA";"ANGARAES";"LIRCAY";"GOBIERNO REGIONAL";"I-1";"00011205";"UNION PROGRESO PATAHUASI";"NE_0001";"";"NE_0001";"NE_0001";"NE_0001";"NE_0001";"NE_0001";"NE_0001";"NE_0001"
"2023";"09";"090301";"HUANCAVELICA";"ANGARAES";"LIRCAY";"GOBIERNO REGIONAL";"I-3";"00028484";"CENTRO DE SALUD MENTAL COMUNITARIO ANGARAES";"NE_0002";"";"NE_0002";"NE_0002";"NE_0002";"NE_0002";"NE_0002";"NE_0002";"NE_0002"
"2023";"09";"100501";"HUANUCO";"HUAMALIES";"LLATA";"ESSALUD";"I-3";"00027591";"POSTA MEDICA LLATA";"NE_0001";"";"NE_0001";"NE_0001";"NE_0001";"NE_0001";"NE_0001";"NE_0001";"NE_0001"
"2023";"09";"150116";"LIMA";"LIMA";"LINCE";"PRIVADO";"II-E";"00015684";"CLINICA GONZALEZ S.A.";"240000";"HOSPITALIZACIÓN";"1";"1";"1";"1";"1";"30";"0"
"2023";"09";"150116";"LIMA";"LIMA";"LINCE";"PRIVADO";"II-E";"00015684";"CLINICA GONZALEZ S.A.";"240100";"HOSPITALIZACIÓN QUIRÚRGICA CIRUGÍA GENERAL ";"16";"16";"26";"16";"10";"300";"0"
"2023";"09";"150116";"LIMA";"LIMA";"LINCE";"PRIVADO";"II-E";"00015684";"CLINICA GONZALEZ S.A.";"241200";"HOSPITALIZACIÓN QUIRÚRGICA TRAUMATOLOGÍA Y ORTOPEDIA ";"1";"1";"1";"1";"1";"30";"0"
"2023";"09";"150116";"LIMA";"LIMA";"LINCE";"PRIVADO";"II-E";"00015684";"CLINICA GONZALEZ S.A.";"241300";"HOSPITALIZACIÓN QUIRÚRGICA UROLOGÍA  ";"15";"15";"36";"15";"9";"270";"0"
"2023";"09";"150116";"LIMA";"LIMA";"LINCE";"PRIVADO";"II-E";"00015684";"CLINICA GONZALEZ S.A.";"241400";"HOSPITALIZACIÓN QUIRÚRGICA GINECO - OBSTETRICIA ";"4";"3";"10";"4";"2";"60";"0"
"2023";"09";"150116";"LIMA";"LIMA";"LINCE";"PRIVADO";"II-E";"00015684";"CLINICA GONZALEZ S.A.";"243200";"HOSPITALIZACIÓN DE PEDIATRÍA PEDIATRIA NEONATOLOGÍA";"7";"7";"11";"7";"5";"150";"0"
"2023";"09";"200601";"PIURA";"SULLANA";"SULLANA";"GOBIERNO REGIONAL";"II-2";"00001910";"HOSPITAL DE APOYO II - 2 SULLANA";"241900";"HOSPITALIZACIÓN DE MEDICINA MEDICINA INTERNA ";"80";"82";"903";"740";"28";"850";"4"
"2023";"09";"200601";"PIURA";"SULLANA";"SULLANA";"GOBIERNO REGIONAL";"II-2";"00001910";"HOSPITAL DE APOYO II - 2 SULLANA";"244000";"HOSPITALIZACIÓN DE MEDICINA CARDIOLOGIA ";"14";"13";"101";"111";"6";"180";"1"
"2023";"09";"200601";"PIURA";"SULLANA";"SULLANA";"GOBIERNO REGIONAL";"II-2";"00001910";"HOSPITAL DE APOYO II - 2 SULLANA";"240100";"HOSPITALIZACIÓN QUIRÚRGICA CIRUGÍA GENERAL ";"162";"167";"876";"740";"28";"840";"1"
"2023";"09";"200601";"PIURA";"SULLANA";"SULLANA";"GOBIERNO REGIONAL";"II-2";"00001910";"HOSPITAL DE APOYO II - 2 SULLANA";"240700";"HOSPITALIZACIÓN QUIRÚRGICA CIRUGÍA PEDIÁTRICA ";"46";"44";"148";"128";"6";"180";"0"
"2023";"09";"200601";"PIURA";"SULLANA";"SULLANA";"GOBIERNO REGIONAL";"II-2";"00001910";"HOSPITAL DE APOYO II - 2 SULLANA";"241200";"HOSPITALIZACIÓN QUIRÚRGICA TRAUMATOLOGÍA Y ORTOPEDIA ";"10";"11";"215";"103";"6";"180";"0"
"2023";"09";"200601";"PIURA";"SULLANA";"SULLANA";"GOBIERNO REGIONAL";"II-2";"00001910";"HOSPITAL DE APOYO II - 2 SULLANA";"243200";"HOSPITALIZACIÓN DE PEDIATRÍA PEDIATRIA NEONATOLOGÍA";"37";"50";"382";"232";"18";"540";"0"
"2023";"09";"200601";"PIURA";"SULLANA";"SULLANA";"GOBIERNO REGIONAL";"II-2";"00001910";"HOSPITAL DE APOYO II - 2 SULLANA";"250105";"UNIDAD DE CUIDADOS CRITICOS UNIDAD  DE CUIDADOS INTENSIVOS  (UCI) NEONATOLOGÍA";"22";"5";"101";"328";"12";"360";"4"
"2023";"09";"200601";"PIURA";"SULLANA";"SULLANA";"GOBIERNO REGIONAL";"II-2";"00001910";"HOSPITAL DE APOYO II - 2 SULLANA";"242300";"HOSPITALIZACIÓN DE PEDIATRÍA  PEDIATRÍA  GENERAL ";"83";"79";"315";"293";"16";"480";"0"
"2023";"09";"200601";"PIURA";"SULLANA";"SULLANA";"GOBIERNO REGIONAL";"II-2";"00001910";"HOSPITAL DE APOYO II - 2 SULLANA";"241500";"HOSPITALIZACIÓN QUIRÚRGICA GINECOLOGÍA  ";"28";"25";"128";"127";"6";"173";"0"
"2023";"09";"200601";"PIURA";"SULLANA";"SULLANA";"GOBIERNO REGIONAL";"II-2";"00001910";"HOSPITAL DE APOYO II - 2 SULLANA";"241600";"HOSPITALIZACIÓN QUIRÚRGICA OBSTETRICIA   ";"328";"334";"1133";"931";"36";"1087";"0"
"2023";"09";"200601";"PIURA";"SULLANA";"SULLANA";"GOBIERNO REGIONAL";"II-2";"00001910";"HOSPITAL DE APOYO II - 2 SULLANA";"250100";"UNIDAD DE CUIDADOS CRITICOS UNIDAD  DE CUIDADOS INTENSIVOS GENERALES (UCI) ";"25";"14";"228";"428";"9";"450";"10"
"2023";"09";"150141";"LIMA";"LIMA";"SURQUILLO";"PRIVADO";"II-E";"00012947";"CLINICA SANTA MARIA";"240000";"HOSPITALIZACIÓN";"132";"139";"217";"203";"20";"600";"0"
"2023";"09";"120606";"JUNIN";"SATIPO";"PANGOA";"GOBIERNO REGIONAL";"I-1";"00021797";"SAN JERONIMO";"NE_0001";"";"NE_0001";"NE_0001";"NE_0001";"NE_0001";"NE_0001";"NE_0001";"NE_0001"
"2023";"09";"120606";"JUNIN";"SATIPO";"PANGOA";"GOBIERNO REGIONAL";"I-1";"00021800";"LOS ÁNGELES DE EDEN";"NE_0001";"";"NE_0001";"NE_0001";"NE_0001";"NE_0001";"NE_0001";"NE_0001";"NE_0001"
"2023";"09";"120606";"JUNIN";"SATIPO";"PANGOA";"GOBIERNO REGIONAL";"I-1";"00021814";"CENTRO SAURENI";"NE_0001";"";"NE_0001";"NE_0001";"NE_0001";"NE_0001";"NE_0001";"NE_0001";"NE_0001"
"2023";"09";"120606";"JUNIN";"SATIPO";"PANGOA";"GOBIERNO REGIONAL";"I-3";"00000445";"SAN ANTONIO DE SONOMORO";"NE_0001";"";"NE_0001";"NE_0001";"NE_0001";"NE_0001";"NE_0001";"NE_0001";"NE_0001"
"2023";"09";"120606";"JUNIN";"SATIPO";"PANGOA";"GOBIERNO REGIONAL";"I-2";"00000448";"NAYLAM DE SONOMORO";"NE_0001";"";"NE_0001";"NE_0001";"NE_0001";"NE_0001";"NE_0001";"NE_0001";"NE_0001"
"2023";"09";"120606";"JUNIN";"SATIPO";"PANGOA";"GOBIERNO REGIONAL";"I-1";"00011138";"SANTA ELENA";"NE_0001";"";"NE_0001";"NE_0001";"NE_0001";"NE_0001";"NE_0001";"NE_0001";"NE_0001"
"2023";"09";"120606";"JUNIN";"SATIPO";"PANGOA";"GOBIERNO REGIONAL";"I-1";"00021803";"LOS MANANTIALES";"NE_0001";"";"NE_0001";"NE_0001";"NE_0001";"NE_0001";"NE_0001";"NE_0001";"NE_0001"
"2023";"09";"120606";"JUNIN";"SATIPO";"PANGOA";"GOBIERNO REGIONAL";"I-2";"00006880";"CIUDAD DE DIOS";"NE_0001";"";"NE_0001";"NE_0001";"NE_0001";"NE_0001";"NE_0001";"NE_0001";"NE_0001"
"2023";"09";"130908";"LA LIBERTAD";"SANCHEZ CARRION";"SARTIMBAMBA";"GOBIERNO REGIONAL";"I-2";"00005364";"SAN ALFONSO";"NE_0001";"";"NE_0001";"NE_0001";"NE_0001";"NE_0001";"NE_0001";"NE_0001";"NE_0001"
"2023";"09";"130908";"LA LIBERTAD";"SANCHEZ CARRION";"SARTIMBAMBA";"GOBIERNO REGIONAL";"I-2";"00005365";"MARCABAL GRANDE";"NE_0001";"";"NE_0001";"NE_0001";"NE_0001";"NE_0001";"NE_0001";"NE_0001";"NE_0001"
"2023";"09";"130908";"LA LIBERTAD";"SANCHEZ CARRION";"SARTIMBAMBA";"GOBIERNO REGIONAL";"I-2";"00017925";"LA VICTORIA";"NE_0001";"";"NE_0001";"NE_0001";"NE_0001";"NE_0001";"NE_0001";"NE_0001";"NE_0001"
"2023";"09";"080901";"CUSCO";"LA CONVENCION";"SANTA ANA";"GOBIERNO REGIONAL";"II-1";"00002421";"QUILLABAMBA";"240100";"HOSPITALIZACIÓN QUIRÚRGICA CIRUGÍA GENERAL ";"130";"128";"570";"658";"30";"900";"0"
"2023";"09";"080901";"CUSCO";"LA CONVENCION";"SANTA ANA";"GOBIERNO REGIONAL";"II-1";"00002421";"QUILLABAMBA";"241400";"HOSPITALIZACIÓN QUIRÚRGICA GINECO - OBSTETRICIA ";"142";"139";"284";"259";"31";"930";"0"
"2023";"09";"080901";"CUSCO";"LA CONVENCION";"SANTA ANA";"GOBIERNO REGIONAL";"II-1";"00002421";"QUILLABAMBA";"241800";"HOSPITALIZACIÓN DE MEDICINA MEDICINA GENERAL ";"73";"74";"364";"348";"44";"1320";"7"
"2023";"09";"080901";"CUSCO";"LA CONVENCION";"SANTA ANA";"GOBIERNO REGIONAL";"II-1";"00002421";"QUILLABAMBA";"242500";"HOSPITALIZACIÓN-PEDIATRÍA GENERAL-";"65";"64";"206";"182";"25";"750";"0"
"2023";"09";"080901";"CUSCO";"LA CONVENCION";"SANTA ANA";"GOBIERNO REGIONAL";"II-1";"00002421";"QUILLABAMBA";"242200";"HOSPITALIZACIÓN DE MEDICINA PSIQUIATRÍA ";"14";"17";"210";"187";"10";"300";"0"
"2023";"09";"060801";"CAJAMARCA";"JAEN";"JAEN";"ESSALUD";"II-1";"00010136";"HOSPITAL II-1 CLINICA JAEN";"241800";"HOSPITALIZACIÓN DE MEDICINA MEDICINA GENERAL ";"45";"37";"181";"196";"14";"290";"3"
"2023";"09";"060801";"CAJAMARCA";"JAEN";"JAEN";"ESSALUD";"II-1";"00010136";"HOSPITAL II-1 CLINICA JAEN";"240100";"HOSPITALIZACIÓN QUIRÚRGICA CIRUGÍA GENERAL ";"38";"49";"183";"187";"6";"265";"0"
"2023";"09";"060801";"CAJAMARCA";"JAEN";"JAEN";"ESSALUD";"II-1";"00010136";"HOSPITAL II-1 CLINICA JAEN";"241400";"HOSPITALIZACIÓN QUIRÚRGICA GINECO - OBSTETRICIA ";"90";"65";"111";"183";"8";"223";"0"
"2023";"09";"060801";"CAJAMARCA";"JAEN";"JAEN";"ESSALUD";"II-1";"00010136";"HOSPITAL II-1 CLINICA JAEN";"242300";"HOSPITALIZACIÓN DE PEDIATRÍA  PEDIATRÍA  GENERAL ";"68";"68";"145";"133";"6";"242";"0"
"2023";"09";"130601";"LA LIBERTAD";"OTUZCO";"OTUZCO";"GOBIERNO REGIONAL";"II-1";"00005314";"HOSPITAL DE APOYO OTUZCO ELPIDIO BEROVIDES PEREZ";"240100";"HOSPITALIZACIÓN QUIRÚRGICA CIRUGÍA GENERAL ";"12";"11";"37";"40";"3";"90";"0"
"2023";"09";"130601";"LA LIBERTAD";"OTUZCO";"OTUZCO";"GOBIERNO REGIONAL";"II-1";"00005314";"HOSPITAL DE APOYO OTUZCO ELPIDIO BEROVIDES PEREZ";"241800";"HOSPITALIZACIÓN DE MEDICINA MEDICINA GENERAL ";"13";"11";"52";"65";"5";"150";"0"
"2023";"09";"130601";"LA LIBERTAD";"OTUZCO";"OTUZCO";"GOBIERNO REGIONAL";"II-1";"00005314";"HOSPITAL DE APOYO OTUZCO ELPIDIO BEROVIDES PEREZ";"243200";"HOSPITALIZACIÓN DE PEDIATRÍA PEDIATRIA NEONATOLOGÍA";"3";"2";"13";"15";"3";"90";"0"
"2023";"09";"130601";"LA LIBERTAD";"OTUZCO";"OTUZCO";"GOBIERNO REGIONAL";"II-1";"00005314";"HOSPITAL DE APOYO OTUZCO ELPIDIO BEROVIDES PEREZ";"242300";"HOSPITALIZACIÓN DE PEDIATRÍA  PEDIATRÍA  GENERAL ";"8";"7";"20";"27";"4";"120";"0"
"2023";"09";"130601";"LA LIBERTAD";"OTUZCO";"OTUZCO";"GOBIERNO REGIONAL";"II-1";"00005314";"HOSPITAL DE APOYO OTUZCO ELPIDIO BEROVIDES PEREZ";"241400";"HOSPITALIZACIÓN QUIRÚRGICA GINECO - OBSTETRICIA ";"15";"16";"36";"35";"3";"90";"0"
"2023";"09";"130601";"LA LIBERTAD";"OTUZCO";"OTUZCO";"GOBIERNO REGIONAL";"II-1";"00005314";"HOSPITAL DE APOYO OTUZCO ELPIDIO BEROVIDES PEREZ";"241500";"HOSPITALIZACIÓN QUIRÚRGICA GINECOLOGÍA  ";"25";"25";"44";"37";"3";"90";"0"
"2023";"09";"130601";"LA LIBERTAD";"OTUZCO";"OTUZCO";"GOBIERNO REGIONAL";"II-1";"00005314";"HOSPITAL DE APOYO OTUZCO ELPIDIO BEROVIDES PEREZ";"241600";"HOSPITALIZACIÓN QUIRÚRGICA OBSTETRICIA   ";"22";"20";"29";"32";"3";"90";"0"
"2023";"09";"060605";"CAJAMARCA";"CUTERVO";"LA RAMADA";"GOBIERNO REGIONAL";"I-1";"00006947";"LAGUNA";"NE_0001";"";"NE_0001";"NE_0001";"NE_0001";"NE_0001";"NE_0001";"NE_0001";"NE_0001"
"2023";"09";"060609";"CAJAMARCA";"CUTERVO";"SAN JUAN DE CUTERVO";"GOBIERNO REGIONAL";"I-1";"00007103";"SANTA ROSA DE SAN JUAN";"NE_0001";"";"NE_0001";"NE_0001";"NE_0001";"NE_0001";"NE_0001";"NE_0001";"NE_0001"
"2023";"09";"060605";"CAJAMARCA";"CUTERVO";"LA RAMADA";"GOBIERNO REGIONAL";"I-3";"00005027";"LA RAMADA";"NE_0001";"";"NE_0001";"NE_0001";"NE_0001";"NE_0001";"NE_0001";"NE_0001";"NE_0001"
"2023";"09";"060605";"CAJAMARCA";"CUTERVO";"LA RAMADA";"GOBIERNO REGIONAL";"I-1";"00005028";"LLUSHCAPAMPA";"NE_0001";"";"NE_0001";"NE_0001";"NE_0001";"NE_0001";"NE_0001";"NE_0001";"NE_0001"
"2023";"09";"060609";"CAJAMARCA";"CUTERVO";"SAN JUAN DE CUTERVO";"GOBIERNO REGIONAL";"I-1";"00005030";"MUSUNGATE";"NE_0001";"";"NE_0001";"NE_0001";"NE_0001";"NE_0001";"NE_0001";"NE_0001";"NE_0001"
"2023";"09";"060605";"CAJAMARCA";"CUTERVO";"LA RAMADA";"GOBIERNO REGIONAL";"I-1";"00007179";"CHACRERIAS";"NE_0001";"";"NE_0001";"NE_0001";"NE_0001";"NE_0001";"NE_0001";"NE_0001";"NE_0001"
"2023";"09";"060605";"CAJAMARCA";"CUTERVO";"LA RAMADA";"GOBIERNO REGIONAL";"I-1";"00006949";"LOS PUENTES";"NE_0001";"";"NE_0001";"NE_0001";"NE_0001";"NE_0001";"NE_0001";"NE_0001";"NE_0001"
"2023";"04";"220101";"SAN MARTIN";"MOYOBAMBA";"MOYOBAMBA";"GOBIERNO REGIONAL";"I-1";"00006295";"DORADA";"NE_0001";"";"NE_0001";"NE_0001";"NE_0001";"NE_0001";"NE_0001";"NE_0001";"NE_0001"
"2023";"04";"220101";"SAN MARTIN";"MOYOBAMBA";"MOYOBAMBA";"GOBIERNO REGIONAL";"I-1";"00006293";"RAFAEL BELAUNDE";"NE_0001";"";"NE_0001";"NE_0001";"NE_0001";"NE_0001";"NE_0001";"NE_0001";"NE_0001"
"2023";"04";"220802";"SAN MARTIN";"RIOJA";"AWAJUN";"GOBIERNO REGIONAL";"I-3";"00006297";"BAJO NARANJILLO";"241600";"HOSPITALIZACIÓN QUIRÚRGICA OBSTETRICIA   ";"10";"10";"10";"10";"10";"300";"0"
"2023";"04";"220101";"SAN MARTIN";"MOYOBAMBA";"MOYOBAMBA";"GOBIERNO REGIONAL";"I-1";"00006296";"SAN JOSE DE ALTO MAYO";"NE_0001";"";"NE_0001";"NE_0001";"NE_0001";"NE_0001";"NE_0001";"NE_0001";"NE_0001"
"2023";"04";"220802";"SAN MARTIN";"RIOJA";"AWAJUN";"GOBIERNO REGIONAL";"I-1";"00006298";"SAN FRANCISCO ALTO MAYO";"NE_0001";"";"NE_0001";"NE_0001";"NE_0001";"NE_0001";"NE_0001";"NE_0001";"NE_0001"
"2023";"04";"220804";"SAN MARTIN";"RIOJA";"NUEVA CAJAMARCA";"GOBIERNO REGIONAL";"I-1";"00006302";"TUPAC AMARU";"NE_0001";"";"NE_0001";"NE_0001";"NE_0001";"NE_0001";"NE_0001";"NE_0001";"NE_0001"
"2023";"04";"220802";"SAN MARTIN";"RIOJA";"AWAJUN";"GOBIERNO REGIONAL";"I-1";"00007464";"SAN CARLOS";"NE_0001";"";"NE_0001";"NE_0001";"NE_0001";"NE_0001";"NE_0001";"NE_0001";"NE_0001"
"2023";"04";"220804";"SAN MARTIN";"RIOJA";"NUEVA CAJAMARCA";"GOBIERNO REGIONAL";"I-2";"00006301";"NARANJILLO";"NE_0001";"";"NE_0001";"NE_0001";"NE_0001";"NE_0001";"NE_0001";"NE_0001";"NE_0001"
"2023";"04";"220802";"SAN MARTIN";"RIOJA";"AWAJUN";"GOBIERNO REGIONAL";"I-1";"00009075";"NUEVA SANTA CRUZ";"NE_0001";"";"NE_0001";"NE_0001";"NE_0001";"NE_0001";"NE_0001";"NE_0001";"NE_0001"
"2023";"04";"210401";"PUNO";"CHUCUITO";"JULI";"ESSALUD";"I-3";"00009222";"ESSALUD JULI";"NE_0001";"";"NE_0001";"NE_0001";"NE_0001";"NE_0001";"NE_0001";"NE_0001";"NE_0001"
"2023";"04";"060802";"CAJAMARCA";"JAEN";"BELLAVISTA";"GOBIERNO REGIONAL";"II-1";"00004223";"SAN JAVIER BELLAVISTA";"242500";"HOSPITALIZACIÓN-PEDIATRÍA GENERAL-";"8";"8";"24";"28";"3";"90";"0"
"2023";"04";"060802";"CAJAMARCA";"JAEN";"BELLAVISTA";"GOBIERNO REGIONAL";"II-1";"00004223";"SAN JAVIER BELLAVISTA";"241800";"HOSPITALIZACIÓN DE MEDICINA MEDICINA GENERAL ";"27";"28";"86";"114";"4";"120";"0"
"2023";"04";"060802";"CAJAMARCA";"JAEN";"BELLAVISTA";"GOBIERNO REGIONAL";"II-1";"00004223";"SAN JAVIER BELLAVISTA";"241400";"HOSPITALIZACIÓN QUIRÚRGICA GINECO - OBSTETRICIA ";"1";"2";"4";"5";"4";"120";"0"
"2023";"04";"060802";"CAJAMARCA";"JAEN";"BELLAVISTA";"GOBIERNO REGIONAL";"II-1";"00004223";"SAN JAVIER BELLAVISTA";"241500";"HOSPITALIZACIÓN QUIRÚRGICA GINECOLOGÍA  ";"NE_0002";"NE_0002";"NE_0002";"NE_0002";"4";"120";"0"
"2023";"04";"060802";"CAJAMARCA";"JAEN";"BELLAVISTA";"GOBIERNO REGIONAL";"II-1";"00004223";"SAN JAVIER BELLAVISTA";"241600";"HOSPITALIZACIÓN QUIRÚRGICA OBSTETRICIA   ";"9";"9";"15";"22";"4";"120";"0"
"2023";"04";"060802";"CAJAMARCA";"JAEN";"BELLAVISTA";"GOBIERNO REGIONAL";"II-1";"00004223";"SAN JAVIER BELLAVISTA";"240100";"HOSPITALIZACIÓN QUIRÚRGICA CIRUGÍA GENERAL ";"NE_0002";"NE_0002";"NE_0002";"NE_0002";"2";"62";"0"
"2023";"01";"110201";"ICA";"CHINCHA";"CHINCHA ALTA";"GOBIERNO REGIONAL";"II-1";"00003414";"HOSPITAL SAN JOSE DE CHINCHA";"240100";"HOSPITALIZACIÓN QUIRÚRGICA CIRUGÍA GENERAL ";"133";"93";"394";"982";"32";"960";"2"
"2023";"01";"110201";"ICA";"CHINCHA";"CHINCHA ALTA";"GOBIERNO REGIONAL";"II-1";"00003414";"HOSPITAL SAN JOSE DE CHINCHA";"241400";"HOSPITALIZACIÓN QUIRÚRGICA GINECO - OBSTETRICIA ";"272";"234";"459";"1069";"40";"1200";"0"
"2023";"01";"110201";"ICA";"CHINCHA";"CHINCHA ALTA";"GOBIERNO REGIONAL";"II-1";"00003414";"HOSPITAL SAN JOSE DE CHINCHA";"241800";"HOSPITALIZACIÓN DE MEDICINA MEDICINA GENERAL ";"86";"54";"367";"1072";"68";"2040";"15"
"2023";"01";"110201";"ICA";"CHINCHA";"CHINCHA ALTA";"GOBIERNO REGIONAL";"II-1";"00003414";"HOSPITAL SAN JOSE DE CHINCHA";"242500";"HOSPITALIZACIÓN-PEDIATRÍA GENERAL-";"53";"43";"162";"386";"14";"420";"0"
"2023";"04";"250301";"UCAYALI";"PADRE ABAD";"PADRE ABAD";"GOBIERNO REGIONAL";"I-1";"00030640";"PUESTO DE SALUD YAMINO";"NE_0002";"";"NE_0002";"NE_0002";"NE_0002";"NE_0002";"NE_0002";"NE_0002";"NE_0002"
"2023";"04";"250301";"UCAYALI";"PADRE ABAD";"PADRE ABAD";"GOBIERNO REGIONAL";"I-1";"00030639";"PUESTO DE SALUD VALLE DE SION";"NE_0002";"";"NE_0002";"NE_0002";"NE_0002";"NE_0002";"NE_0002";"NE_0002";"NE_0002"
"2023";"04";"250301";"UCAYALI";"PADRE ABAD";"PADRE ABAD";"GOBIERNO REGIONAL";"I-1";"00030638";"PUESTO DE SALUD LOS OLIVOS";"NE_0002";"";"NE_0002";"NE_0002";"NE_0002";"NE_0002";"NE_0002";"NE_0002";"NE_0002"
"2023";"04";"250301";"UCAYALI";"PADRE ABAD";"PADRE ABAD";"GOBIERNO REGIONAL";"I-2";"00006802";"SHAMBILLO";"NE_0001";"";"NE_0001";"NE_0001";"NE_0001";"NE_0001";"NE_0001";"NE_0001";"NE_0001"
"2023";"04";"250301";"UCAYALI";"PADRE ABAD";"PADRE ABAD";"GOBIERNO REGIONAL";"I-2";"00005411";"SANTA ROSA DE AGUAYTIA";"NE_0001";"";"NE_0001";"NE_0001";"NE_0001";"NE_0001";"NE_0001";"NE_0001";"NE_0001"
"2023";"04";"250301";"UCAYALI";"PADRE ABAD";"PADRE ABAD";"GOBIERNO REGIONAL";"I-1";"00005410";"SANTA ANA";"NE_0001";"";"NE_0001";"NE_0001";"NE_0001";"NE_0001";"NE_0001";"NE_0001";"NE_0001"
"2023";"05";"110112";"ICA";"ICA";"SUBTANJALLA";"ESSALUD";"I-3";"00011967";"MACACONA";"NE_0001";"";"NE_0001";"NE_0001";"NE_0001";"NE_0001";"NE_0001";"NE_0001";"NE_0001"
"2023";"07";"130704";"LA LIBERTAD";"PACASMAYO";"PACASMAYO";"ESSALUD";"I-4";"00008514";"HOSPITAL I PACASMAYO";"241900";"HOSPITALIZACIÓN DE MEDICINA MEDICINA INTERNA ";"63";"56";"218";"251";"12";"372";"0"
"2023";"07";"120603";"JUNIN";"SATIPO";"LLAYLLA";"GOBIERNO REGIONAL";"I-1";"00000433";"BELEN";"NE_0001";"";"NE_0001";"NE_0001";"NE_0001";"NE_0001";"NE_0001";"NE_0001";"NE_0001"
"2023";"07";"120604";"JUNIN";"SATIPO";"MAZAMARI";"GOBIERNO REGIONAL";"I-2";"00000436";"PUEBLO LIBRE DE PAURIALI";"NE_0001";"";"NE_0001";"NE_0001";"NE_0001";"NE_0001";"NE_0001";"NE_0001";"NE_0001"
"2023";"07";"120604";"JUNIN";"SATIPO";"MAZAMARI";"GOBIERNO REGIONAL";"I-1";"00016911";"BUENOS AIRES";"NE_0001";"";"NE_0001";"NE_0001";"NE_0001";"NE_0001";"NE_0001";"NE_0001";"NE_0001"
"2023";"07";"120606";"JUNIN";"SATIPO";"PANGOA";"GOBIERNO REGIONAL";"I-1";"00000439";"SAN CRISTOBAL";"NE_0001";"";"NE_0001";"NE_0001";"NE_0001";"NE_0001";"NE_0001";"NE_0001";"NE_0001"
"2023";"07";"120604";"JUNIN";"SATIPO";"MAZAMARI";"GOBIERNO REGIONAL";"I-1";"00016909";"TEORIA";"NE_0001";"";"NE_0001";"NE_0001";"NE_0001";"NE_0001";"NE_0001";"NE_0001";"NE_0001"
"2023";"07";"120604";"JUNIN";"SATIPO";"MAZAMARI";"GOBIERNO REGIONAL";"I-4";"00000434";"MAZAMARI";"241600";"HOSPITALIZACIÓN QUIRÚRGICA OBSTETRICIA   ";"57";"59";"99";"99";"6";"186";"0"
"2023";"07";"120604";"JUNIN";"SATIPO";"MAZAMARI";"GOBIERNO REGIONAL";"I-4";"00000434";"MAZAMARI";"241800";"HOSPITALIZACIÓN DE MEDICINA MEDICINA GENERAL ";"19";"19";"52";"52";"8";"248";"0"
"2023";"07";"120604";"JUNIN";"SATIPO";"MAZAMARI";"GOBIERNO REGIONAL";"I-4";"00000434";"MAZAMARI";"242500";"HOSPITALIZACIÓN-PEDIATRÍA GENERAL-";"14";"14";"39";"39";"6";"186";"0"
"2023";"07";"120604";"JUNIN";"SATIPO";"MAZAMARI";"GOBIERNO REGIONAL";"I-2";"00000437";"PANGA";"NE_0001";"";"NE_0001";"NE_0001";"NE_0001";"NE_0001";"NE_0001";"NE_0001";"NE_0001"
"2023";"07";"120606";"JUNIN";"SATIPO";"PANGOA";"GOBIERNO REGIONAL";"I-3";"00000438";"TZIRIARI";"NE_0001";"";"NE_0001";"NE_0001";"NE_0001";"NE_0001";"NE_0001";"NE_0001";"NE_0001"
"2023";"07";"120604";"JUNIN";"SATIPO";"MAZAMARI";"GOBIERNO REGIONAL";"I-2";"00000435";"CAPIRUSHARI";"NE_0001";"";"NE_0001";"NE_0001";"NE_0001";"NE_0001";"NE_0001";"NE_0001";"NE_0001"
"2023";"07";"120604";"JUNIN";"SATIPO";"MAZAMARI";"GOBIERNO REGIONAL";"I-1";"00016908";"GLORIABAMBA";"NE_0001";"";"NE_0001";"NE_0001";"NE_0001";"NE_0001";"NE_0001";"NE_0001";"NE_0001"
"2023";"07";"120604";"JUNIN";"SATIPO";"MAZAMARI";"GOBIERNO REGIONAL";"I-1";"00016912";"VILLA PROGRESO DE EDEN";"NE_0001";"";"NE_0001";"NE_0001";"NE_0001";"NE_0001";"NE_0001";"NE_0001";"NE_0001"
"2023";"07";"150122";"LIMA";"LIMA";"MIRAFLORES";"PRIVADO";"II-E";"00011849";"CLINICA MIRAFLORES SAC";"240000";"HOSPITALIZACIÓN";"22";"23";"51";"70";"10";"310";"0"
"2023";"07";"150122";"LIMA";"LIMA";"MIRAFLORES";"PRIVADO";"II-E";"00011849";"CLINICA MIRAFLORES SAC";"250105";"UNIDAD DE CUIDADOS CRITICOS UNIDAD  DE CUIDADOS INTENSIVOS  (UCI) NEONATOLOGÍA";"1";"1";"1";"2";"3";"93";"0"
"2023";"07";"150122";"LIMA";"LIMA";"MIRAFLORES";"PRIVADO";"II-E";"00011849";"CLINICA MIRAFLORES SAC";"243200";"HOSPITALIZACIÓN DE PEDIATRÍA PEDIATRIA NEONATOLOGÍA";"5";"4";"12";"16";"6";"186";"0"
"2023";"07";"150122";"LIMA";"LIMA";"MIRAFLORES";"PRIVADO";"II-E";"00011849";"CLINICA MIRAFLORES SAC";"250200";"UNIDAD DE CUIDADOS CRITICOS UNIDAD DE CUIDADOS INTERMEDIOS GENERAL  (UCIN) ";"1";"0";"5";"6";"1";"31";"0"
"2023";"07";"050104";"AYACUCHO";"HUAMANGA";"CARMEN ALTO";"GOBIERNO REGIONAL";"I-1";"00011354";"PUESTO DE SALUD YANAMA";"NE_0001";"";"NE_0001";"NE_0001";"NE_0001";"NE_0001";"NE_0001";"NE_0001";"NE_0001"
"2023";"07";"050104";"AYACUCHO";"HUAMANGA";"CARMEN ALTO";"GOBIERNO REGIONAL";"I-1";"00003561";"POKRAS";"NE_0001";"";"NE_0001";"NE_0001";"NE_0001";"NE_0001";"NE_0001";"NE_0001";"NE_0001"
"2023";"07";"120401";"JUNIN";"JAUJA";"JAUJA";"GOBIERNO REGIONAL";"II-1";"00000365";"HOSPITAL DOMINGO OLAVEGOYA";"240100";"HOSPITALIZACIÓN QUIRÚRGICA CIRUGÍA GENERAL ";"65";"72";"334";"391";"24";"744";"0"
"2023";"07";"120401";"JUNIN";"JAUJA";"JAUJA";"GOBIERNO REGIONAL";"II-1";"00000365";"HOSPITAL DOMINGO OLAVEGOYA";"241400";"HOSPITALIZACIÓN QUIRÚRGICA GINECO - OBSTETRICIA ";"78";"88";"246";"230";"16";"496";"0"
"2023";"07";"120401";"JUNIN";"JAUJA";"JAUJA";"GOBIERNO REGIONAL";"II-1";"00000365";"HOSPITAL DOMINGO OLAVEGOYA";"241500";"HOSPITALIZACIÓN QUIRÚRGICA GINECOLOGÍA  ";"13";"13";"42";"13";"42";"310";"0"
"2023";"07";"120401";"JUNIN";"JAUJA";"JAUJA";"GOBIERNO REGIONAL";"II-1";"00000365";"HOSPITAL DOMINGO OLAVEGOYA";"241800";"HOSPITALIZACIÓN DE MEDICINA MEDICINA GENERAL ";"25";"43";"393";"364";"22";"682";"2"
"2023";"07";"120401";"JUNIN";"JAUJA";"JAUJA";"GOBIERNO REGIONAL";"II-1";"00000365";"HOSPITAL DOMINGO OLAVEGOYA";"242300";"HOSPITALIZACIÓN DE PEDIATRÍA  PEDIATRÍA  GENERAL ";"28";"34";"129";"123";"21";"651";"0"
"2023";"07";"120401";"JUNIN";"JAUJA";"JAUJA";"GOBIERNO REGIONAL";"II-1";"00000365";"HOSPITAL DOMINGO OLAVEGOYA";"243200";"HOSPITALIZACIÓN DE PEDIATRÍA PEDIATRIA NEONATOLOGÍA";"20";"20";"78";"103";"5";"155";"0"
"2023";"07";"120608";"JUNIN";"SATIPO";"RIO TAMBO";"GOBIERNO REGIONAL";"I-2";"00000516";"PUERTO ROCA";"NE_0001";"";"NE_0001";"NE_0001";"NE_0001";"NE_0001";"NE_0001";"NE_0001";"NE_0001"
"2023";"07";"120609";"JUNIN";"SATIPO";"VIZCATAN DEL ENE";"GOBIERNO REGIONAL";"I-1";"00000510";"FLORIDA";"NE_0001";"";"NE_0001";"NE_0001";"NE_0001";"NE_0001";"NE_0001";"NE_0001";"NE_0001"
"2023";"07";"120609";"JUNIN";"SATIPO";"VIZCATAN DEL ENE";"GOBIERNO REGIONAL";"I-2";"00000507";"BOCA MANTARO";"NE_0001";"";"NE_0001";"NE_0001";"NE_0001";"NE_0001";"NE_0001";"NE_0001";"NE_0001"
"2023";"07";"120609";"JUNIN";"SATIPO";"VIZCATAN DEL ENE";"GOBIERNO REGIONAL";"I-1";"00000511";"SAN JUAN DE MANTARO";"NE_0001";"";"NE_0001";"NE_0001";"NE_0001";"NE_0001";"NE_0001";"NE_0001";"NE_0001"
"2023";"07";"240102";"TUMBES";"TUMBES";"CORRALES";"GOBIERNO REGIONAL";"I-2";"00001868";"MALVAL";"NE_0001";"";"NE_0001";"NE_0001";"NE_0001";"NE_0001";"NE_0001";"NE_0001";"NE_0001"
"2023";"07";"240102";"TUMBES";"TUMBES";"CORRALES";"GOBIERNO REGIONAL";"I-2";"00001867";"SAN ISIDRO";"NE_0001";"";"NE_0001";"NE_0001";"NE_0001";"NE_0001";"NE_0001";"NE_0001";"NE_0001"
"2023";"07";"240105";"TUMBES";"TUMBES";"SAN JACINTO";"GOBIERNO REGIONAL";"I-2";"00001873";"CASA BLANQUEADA";"NE_0001";"";"NE_0001";"NE_0001";"NE_0001";"NE_0001";"NE_0001";"NE_0001";"NE_0001"
"2023";"07";"240105";"TUMBES";"TUMBES";"SAN JACINTO";"GOBIERNO REGIONAL";"I-1";"00001871";"RICA PLAYA";"NE_0001";"";"NE_0001";"NE_0001";"NE_0001";"NE_0001";"NE_0001";"NE_0001";"NE_0001"
"2023";"07";"240105";"TUMBES";"TUMBES";"SAN JACINTO";"GOBIERNO REGIONAL";"I-2";"00001872";"VAQUERIA";"NE_0001";"";"NE_0001";"NE_0001";"NE_0001";"NE_0001";"NE_0001";"NE_0001";"NE_0001"
"2023";"07";"240102";"TUMBES";"TUMBES";"CORRALES";"GOBIERNO REGIONAL";"I-4";"00001866";"CLAS CORRALES";"241800";"HOSPITALIZACIÓN DE MEDICINA MEDICINA GENERAL ";"45";"45";"61";"52";"1";"31";"0"
"2023";"07";"240102";"TUMBES";"TUMBES";"CORRALES";"GOBIERNO REGIONAL";"I-4";"00001866";"CLAS CORRALES";"241600";"HOSPITALIZACIÓN QUIRÚRGICA OBSTETRICIA   ";"10";"10";"10";"10";"1";"31";"0"
"2023";"07";"240105";"TUMBES";"TUMBES";"SAN JACINTO";"GOBIERNO REGIONAL";"I-1";"00001874";"OIDOR.";"NE_0001";"";"NE_0001";"NE_0001";"NE_0001";"NE_0001";"NE_0001";"NE_0001";"NE_0001"
"2023";"07";"240103";"TUMBES";"TUMBES";"LA CRUZ";"GOBIERNO REGIONAL";"I-3";"00001869";"CLAS LA CRUZ";"NE_0001";"";"NE_0001";"NE_0001";"NE_0001";"NE_0001";"NE_0001";"NE_0001";"NE_0001"
"2023";"07";"240105";"TUMBES";"TUMBES";"SAN JACINTO";"GOBIERNO REGIONAL";"I-3";"00001870";"SAN JACINTO";"NE_0001";"";"NE_0001";"NE_0001";"NE_0001";"NE_0001";"NE_0001";"NE_0001";"NE_0001"
"2023";"07";"040108";"AREQUIPA";"AREQUIPA";"LA JOYA";"GOBIERNO REGIONAL";"I-3";"00001323";"CENTRO DE SALUD SAN ISIDRO";"NE_0001";"";"NE_0001";"NE_0001";"NE_0001";"NE_0001";"NE_0001";"NE_0001";"NE_0001"
"2023";"07";"040108";"AREQUIPA";"AREQUIPA";"LA JOYA";"GOBIERNO REGIONAL";"I-2";"00001333";"PUESTO DE SALUD SAN JOSE";"NE_0001";"";"NE_0001";"NE_0001";"NE_0001";"NE_0001";"NE_0001";"NE_0001";"NE_0001"
"2023";"07";"040108";"AREQUIPA";"AREQUIPA";"LA JOYA";"GOBIERNO REGIONAL";"I-2";"00001331";"PUESTO DE SALUD LA CANO";"NE_0001";"";"NE_0001";"NE_0001";"NE_0001";"NE_0001";"NE_0001";"NE_0001";"NE_0001"
"2023";"07";"040702";"AREQUIPA";"ISLAY";"COCACHACRA";"GOBIERNO REGIONAL";"I-2";"00001343";"PUESTO DE SALUD SAN CAMILO 7";"NE_0001";"";"NE_0001";"NE_0001";"NE_0001";"NE_0001";"NE_0001";"NE_0001";"NE_0001"
"2023";"07";"040108";"AREQUIPA";"AREQUIPA";"LA JOYA";"GOBIERNO REGIONAL";"I-2";"00001332";"PUESTO DE SALUD SAN CAMILO 6";"NE_0001";"";"NE_0001";"NE_0001";"NE_0001";"NE_0001";"NE_0001";"NE_0001";"NE_0001"
"2023";"07";"100110";"HUANUCO";"HUANUCO";"YARUMAYO";"GOBIERNO REGIONAL";"I-1";"00000795";"CHULLAY";"NE_0001";"";"NE_0001";"NE_0001";"NE_0001";"NE_0001";"NE_0001";"NE_0001";"NE_0001"
"2023";"07";"100110";"HUANUCO";"HUANUCO";"YARUMAYO";"GOBIERNO REGIONAL";"I-3";"00000793";"YARUMAYO";"NE_0001";"";"NE_0001";"NE_0001";"NE_0001";"NE_0001";"NE_0001";"NE_0001";"NE_0001"
"2023";"07";"100110";"HUANUCO";"HUANUCO";"YARUMAYO";"GOBIERNO REGIONAL";"I-2";"00006906";"TRES DE MAYO DE ANDAS CHICO";"NE_0001";"";"NE_0001";"NE_0001";"NE_0001";"NE_0001";"NE_0001";"NE_0001";"NE_0001"
"2023";"07";"050401";"AYACUCHO";"HUANTA";"HUANTA";"GOBIERNO REGIONAL";"II-1";"00003655";"HOSPITAL DE APOYO DE HUANTA ""DANIEL ALCIDES CARRIÓN""";"241800";"HOSPITALIZACIÓN DE MEDICINA MEDICINA GENERAL ";"43";"42";"168";"178";"18";"367";"3"
"2023";"07";"050401";"AYACUCHO";"HUANTA";"HUANTA";"GOBIERNO REGIONAL";"II-1";"00003655";"HOSPITAL DE APOYO DE HUANTA ""DANIEL ALCIDES CARRIÓN""";"240100";"HOSPITALIZACIÓN QUIRÚRGICA CIRUGÍA GENERAL ";"32";"29";"111";"123";"14";"362";"0"
"2023";"07";"050401";"AYACUCHO";"HUANTA";"HUANTA";"GOBIERNO REGIONAL";"II-1";"00003655";"HOSPITAL DE APOYO DE HUANTA ""DANIEL ALCIDES CARRIÓN""";"242500";"HOSPITALIZACIÓN-PEDIATRÍA GENERAL-";"7";"8";"26";"30";"10";"300";"0"
"2023";"07";"050401";"AYACUCHO";"HUANTA";"HUANTA";"GOBIERNO REGIONAL";"II-1";"00003655";"HOSPITAL DE APOYO DE HUANTA ""DANIEL ALCIDES CARRIÓN""";"241500";"HOSPITALIZACIÓN QUIRÚRGICA GINECOLOGÍA  ";"34";"36";"49";"56";"6";"243";"0"
"2023";"07";"150136";"LIMA";"LIMA";"SAN MIGUEL";"PRIVADO";"I-3";"00017540";"MEPSO";"NE_0001";"";"NE_0001";"NE_0001";"NE_0001";"NE_0001";"NE_0001";"NE_0001";"NE_0001"
"2023";"05";"060601";"CAJAMARCA";"CUTERVO";"CUTERVO";"GOBIERNO REGIONAL";"I-1";"00007748";"CULLANMAYO";"NE_0001";"";"NE_0001";"NE_0001";"NE_0001";"NE_0001";"NE_0001";"NE_0001";"NE_0001"
"2023";"05";"060601";"CAJAMARCA";"CUTERVO";"CUTERVO";"GOBIERNO REGIONAL";"I-1";"00004990";"YATUN";"NE_0001";"";"NE_0001";"NE_0001";"NE_0001";"NE_0001";"NE_0001";"NE_0001";"NE_0001"
"2023";"05";"060601";"CAJAMARCA";"CUTERVO";"CUTERVO";"GOBIERNO REGIONAL";"I-1";"00007697";"CHUGUR";"NE_0001";"";"NE_0001";"NE_0001";"NE_0001";"NE_0001";"NE_0001";"NE_0001";"NE_0001"
"2023";"05";"060601";"CAJAMARCA";"CUTERVO";"CUTERVO";"GOBIERNO REGIONAL";"I-1";"00006831";"LA SUCCHA DE CUTERVO";"NE_0001";"";"NE_0001";"NE_0001";"NE_0001";"NE_0001";"NE_0001";"NE_0001";"NE_0001"
"2023";"05";"060601";"CAJAMARCA";"CUTERVO";"CUTERVO";"GOBIERNO REGIONAL";"I-1";"00004988";"LA COLCA";"NE_0001";"";"NE_0001";"NE_0001";"NE_0001";"NE_0001";"NE_0001";"NE_0001";"NE_0001"
"2023";"05";"060601";"CAJAMARCA";"CUTERVO";"CUTERVO";"GOBIERNO REGIONAL";"I-1";"00006787";"SANTA ROSA DE TAPO";"NE_0001";"";"NE_0001";"NE_0001";"NE_0001";"NE_0001";"NE_0001";"NE_0001";"NE_0001"
"2023";"05";"060601";"CAJAMARCA";"CUTERVO";"CUTERVO";"GOBIERNO REGIONAL";"I-1";"00006837";"SAN CRISTOBAL DE NUDILLO";"NE_0001";"";"NE_0001";"NE_0001";"NE_0001";"NE_0001";"NE_0001";"NE_0001";"NE_0001"
"2023";"05";"060601";"CAJAMARCA";"CUTERVO";"CUTERVO";"GOBIERNO REGIONAL";"I-1";"00007109";"CHIPULUC";"NE_0001";"";"NE_0001";"NE_0001";"NE_0001";"NE_0001";"NE_0001";"NE_0001";"NE_0001"
"2023";"05";"120214";"JUNIN";"CONCEPCION";"SAN JOSE DE QUERO";"GOBIERNO REGIONAL";"I-2";"00000642";"CHAQUICOCHA";"NE_0001";"";"NE_0001";"NE_0001";"NE_0001";"NE_0001";"NE_0001";"NE_0001";"NE_0001"
"2023";"04";"250201";"UCAYALI";"ATALAYA";"RAIMONDI";"GOBIERNO REGIONAL";"I-2";"00005505";"OBENTENI";"NE_0001";"";"NE_0001";"NE_0001";"NE_0001";"NE_0001";"NE_0001";"NE_0001";"NE_0001"
"2023";"04";"250201";"UCAYALI";"ATALAYA";"RAIMONDI";"MINSA";"I-1";"00005504";"COCANI";"NE_0001";"";"NE_0001";"NE_0001";"NE_0001";"NE_0001";"NE_0001";"NE_0001";"NE_0001"
"2023";"04";"250201";"UCAYALI";"ATALAYA";"RAIMONDI";"MINSA";"I-2";"00005503";"MALDONADILLO";"NE_0001";"";"NE_0001";"NE_0001";"NE_0001";"NE_0001";"NE_0001";"NE_0001";"NE_0001"
"2023";"04";"250201";"UCAYALI";"ATALAYA";"RAIMONDI";"GOBIERNO REGIONAL";"I-4";"00005502";"ATALAYA";"NE_0002";"";"NE_0002";"NE_0002";"NE_0002";"NE_0002";"NE_0002";"NE_0002";"NE_0002"
"2023";"06";"150101";"LIMA";"LIMA";"LIMA";"MINSA";"III-1";"00006207";"HOSPITAL NACIONAL ARZOBISPO LOAYZA";"241900";"HOSPITALIZACIÓN DE MEDICINA MEDICINA INTERNA ";"657";"647";"5495";"6117";"214";"6420";"35"
"2023";"06";"150101";"LIMA";"LIMA";"LIMA";"MINSA";"III-1";"00006207";"HOSPITAL NACIONAL ARZOBISPO LOAYZA";"240100";"HOSPITALIZACIÓN QUIRÚRGICA CIRUGÍA GENERAL ";"418";"476";"3201";"3706";"150";"4500";"5"
"2023";"06";"150101";"LIMA";"LIMA";"LIMA";"MINSA";"III-1";"00006207";"HOSPITAL NACIONAL ARZOBISPO LOAYZA";"241500";"HOSPITALIZACIÓN QUIRÚRGICA GINECOLOGÍA  ";"99";"109";"797";"914";"33";"990";"0"
"2023";"06";"150101";"LIMA";"LIMA";"LIMA";"MINSA";"III-1";"00006207";"HOSPITAL NACIONAL ARZOBISPO LOAYZA";"241600";"HOSPITALIZACIÓN QUIRÚRGICA OBSTETRICIA   ";"202";"204";"692";"1087";"50";"1500";"0"
"2023";"06";"150101";"LIMA";"LIMA";"LIMA";"MINSA";"III-1";"00006207";"HOSPITAL NACIONAL ARZOBISPO LOAYZA";"242300";"HOSPITALIZACIÓN DE PEDIATRÍA  PEDIATRÍA  GENERAL ";"109";"112";"570";"693";"29";"870";"1"
"2023";"06";"150101";"LIMA";"LIMA";"LIMA";"MINSA";"III-1";"00006207";"HOSPITAL NACIONAL ARZOBISPO LOAYZA";"250100";"UNIDAD DE CUIDADOS CRITICOS UNIDAD  DE CUIDADOS INTENSIVOS GENERALES (UCI) ";"50";"16";"355";"1122";"44";"1320";"14"
"2023";"06";"150101";"LIMA";"LIMA";"LIMA";"MINSA";"III-1";"00006207";"HOSPITAL NACIONAL ARZOBISPO LOAYZA";"250200";"UNIDAD DE CUIDADOS CRITICOS UNIDAD DE CUIDADOS INTERMEDIOS GENERAL  (UCIN) ";"1";"2";"133";"170";"6";"180";"2"
"2023";"06";"150101";"LIMA";"LIMA";"LIMA";"MINSA";"III-1";"00006207";"HOSPITAL NACIONAL ARZOBISPO LOAYZA";"240801";"HOSPITALIZACIÓN QUIRÚRGICA CIRUGÍA PLÁSTICA/RECONSTRUCTIVA/ REPARADORA QUEMADOS";"26";"29";"509";"600";"22";"660";"0"
"2023";"06";"150101";"LIMA";"LIMA";"LIMA";"MINSA";"III-1";"00006207";"HOSPITAL NACIONAL ARZOBISPO LOAYZA";"250105";"UNIDAD DE CUIDADOS CRITICOS UNIDAD  DE CUIDADOS INTENSIVOS  (UCI) NEONATOLOGÍA";"25";"35";"357";"427";"15";"450";"2"
"2023";"06";"150101";"LIMA";"LIMA";"LIMA";"MINSA";"III-1";"00006207";"HOSPITAL NACIONAL ARZOBISPO LOAYZA";"250101";"UNIDAD DE CUIDADOS CRITICOS UNIDAD  DE CUIDADOS INTENSIVOS GENERALES (UCI) CARDIOLOGIA";"17";"10";"95";"138";"6";"180";"1"
"2023";"06";"150101";"LIMA";"LIMA";"LIMA";"MINSA";"III-1";"00006207";"HOSPITAL NACIONAL ARZOBISPO LOAYZA";"241200";"HOSPITALIZACIÓN QUIRÚRGICA TRAUMATOLOGÍA Y ORTOPEDIA ";"67";"51";"472";"586";"20";"600";"1"
"2023";"06";"150101";"LIMA";"LIMA";"LIMA";"MINSA";"III-1";"00006207";"HOSPITAL NACIONAL ARZOBISPO LOAYZA";"245300";"HOSPITALIZACIÓN DE MEDICINA NEUMOLOGÍA  ";"1";"4";"95";"118";"4";"120";"0"
"2023";"06";"150131";"LIMA";"LIMA";"SAN ISIDRO";"PRIVADO";"III-1";"00009409";"CLINICA RICARDO PALMA";"240000";"HOSPITALIZACIÓN";"855";"685";"93247";"3304";"149";"3489";"22"
"2023";"06";"150131";"LIMA";"LIMA";"SAN ISIDRO";"PRIVADO";"III-1";"00009409";"CLINICA RICARDO PALMA";"242300";"HOSPITALIZACIÓN DE PEDIATRÍA  PEDIATRÍA  GENERAL ";"91";"87";"617";"465";"18";"589";"0"
"2023";"06";"150131";"LIMA";"LIMA";"SAN ISIDRO";"PRIVADO";"III-1";"00009409";"CLINICA RICARDO PALMA";"241400";"HOSPITALIZACIÓN QUIRÚRGICA GINECO - OBSTETRICIA ";"87";"97";"273";"221";"8";"249";"0"
"2023";"06";"150131";"LIMA";"LIMA";"SAN ISIDRO";"PRIVADO";"III-1";"00009409";"CLINICA RICARDO PALMA";"250105";"UNIDAD DE CUIDADOS CRITICOS UNIDAD  DE CUIDADOS INTENSIVOS  (UCI) NEONATOLOGÍA";"3";"1";"3";"31";"4";"124";"0"
"2023";"06";"130101";"LA LIBERTAD";"TRUJILLO";"TRUJILLO";"PRIVADO";"II-1";"00013373";"CLINICA PERUANO AMERICANA S. A.";"241800";"HOSPITALIZACIÓN DE MEDICINA MEDICINA GENERAL ";"70";"58";"184";"303";"11";"330";"1"
"2023";"06";"130101";"LA LIBERTAD";"TRUJILLO";"TRUJILLO";"PRIVADO";"II-1";"00013373";"CLINICA PERUANO AMERICANA S. A.";"240100";"HOSPITALIZACIÓN QUIRÚRGICA CIRUGÍA GENERAL ";"135";"109";"282";"581";"21";"630";"0"
"2023";"06";"130101";"LA LIBERTAD";"TRUJILLO";"TRUJILLO";"PRIVADO";"II-1";"00013373";"CLINICA PERUANO AMERICANA S. A.";"242300";"HOSPITALIZACIÓN DE PEDIATRÍA  PEDIATRÍA  GENERAL ";"7";"6";"23";"46";"3";"90";"0"
"2023";"06";"130101";"LA LIBERTAD";"TRUJILLO";"TRUJILLO";"PRIVADO";"II-1";"00013373";"CLINICA PERUANO AMERICANA S. A.";"241400";"HOSPITALIZACIÓN QUIRÚRGICA GINECO - OBSTETRICIA ";"9";"7";"11";"38";"5";"150";"0"
"2023";"06";"040126";"AREQUIPA";"AREQUIPA";"YANAHUARA";"PRIVADO";"II-E";"00021966";"CLINICA ALIVIARI";"NE_0001";"";"NE_0001";"NE_0001";"NE_0001";"NE_0001";"NE_0001";"NE_0001";"NE_0001"
"2023";"06";"220801";"SAN MARTIN";"RIOJA";"RIOJA";"ESSALUD";"I-4";"00021003";"CENTRO MEDICO RIOJA - ESSALUD";"241800";"HOSPITALIZACIÓN DE MEDICINA MEDICINA GENERAL ";"43";"39";"118";"121";"5";"150";"0"
"2023";"06";"220801";"SAN MARTIN";"RIOJA";"RIOJA";"ESSALUD";"I-4";"00021003";"CENTRO MEDICO RIOJA - ESSALUD";"241500";"HOSPITALIZACIÓN QUIRÚRGICA GINECOLOGÍA  ";"2";"2";"10";"8";"1";"30";"0"
"2023";"06";"220801";"SAN MARTIN";"RIOJA";"RIOJA";"ESSALUD";"I-4";"00021003";"CENTRO MEDICO RIOJA - ESSALUD";"241600";"HOSPITALIZACIÓN QUIRÚRGICA OBSTETRICIA   ";"12";"11";"26";"26";"1";"30";"0"
"2023";"06";"220801";"SAN MARTIN";"RIOJA";"RIOJA";"ESSALUD";"I-4";"00021003";"CENTRO MEDICO RIOJA - ESSALUD";"242300";"HOSPITALIZACIÓN DE PEDIATRÍA  PEDIATRÍA  GENERAL ";"13";"11";"28";"29";"1";"30";"0"
"2023";"07";"150135";"LIMA";"LIMA";"SAN MARTIN DE PORRES";"SANIDAD DE LA POLICIA NACIONAL DEL PERU";"I-2";"00012739";"POLICLINICO POLICIAL SAN DIEGO";"NE_0001";"";"NE_0001";"NE_0001";"NE_0001";"NE_0001";"NE_0001";"NE_0001";"NE_0001"
"2023";"07";"110304";"ICA";"NAZCA";"MARCONA";"ESSALUD";"I-4";"00013911";"MARIA REICHE NEUMAN";"242300";"HOSPITALIZACIÓN DE PEDIATRÍA  PEDIATRÍA  GENERAL ";"17";"18";"66";"49";"3";"93";"0"
"2023";"07";"040101";"AREQUIPA";"AREQUIPA";"AREQUIPA";"PRIVADO";"I-4";"00014765";"CENTRO MEDICO MONTE CARMELO";"240000";"HOSPITALIZACIÓN";"9";"3";"17";"29";"10";"310";"0"
"2023";"07";"150101";"LIMA";"LIMA";"LIMA";"SANIDAD DE LA POLICIA NACIONAL DEL PERU";"I-3";"00017391";"POLICLINICO COIP";"NE_0001";"";"NE_0001";"NE_0001";"NE_0001";"NE_0001";"NE_0001";"NE_0001";"NE_0001"
"2023";"07";"040112";"AREQUIPA";"AREQUIPA";"PAUCARPATA";"SANIDAD DE LA POLICIA NACIONAL DEL PERU";"I-2";"00011664";"POSTA MEDICA POLICIAL ""SAN MARTIN DE PORRES""  AREQUIPA";"NE_0001";"";"NE_0001";"NE_0001";"NE_0001";"NE_0001";"NE_0001";"NE_0001";"NE_0001"
"2023";"07";"150141";"LIMA";"LIMA";"SURQUILLO";"SANIDAD DE LA POLICIA NACIONAL DEL PERU";"I-3";"00012885";"POLICLINICO PNP WALTER ROSALES LEON";"NE_0001";"";"NE_0001";"NE_0001";"NE_0001";"NE_0001";"NE_0001";"NE_0001";"NE_0001"
"2023";"07";"040101";"AREQUIPA";"AREQUIPA";"AREQUIPA";"PRIVADO";"II-E";"00011995";"CLINICA ALMONTE SAC";"240800";"HOSPITALIZACIÓN QUIRÚRGICA CIRUGÍA PLÁSTICA/RECONSTRUCTIVA/ REPARADORA ";"8";"8";"8";"8";"3";"62";"0"
"2023";"07";"240101";"TUMBES";"TUMBES";"TUMBES";"PRIVADO";"II-E";"00007874";"CLINICA FEIJOO EIRL";"241400";"HOSPITALIZACIÓN QUIRÚRGICA GINECO - OBSTETRICIA ";"5";"5";"8";"5";"3";"93";"0"
"2023";"07";"240101";"TUMBES";"TUMBES";"TUMBES";"PRIVADO";"II-E";"00007874";"CLINICA FEIJOO EIRL";"240100";"HOSPITALIZACIÓN QUIRÚRGICA CIRUGÍA GENERAL ";"12";"12";"12";"12";"3";"93";"0"
"2023";"07";"021601";"ANCASH";"POMABAMBA";"POMABAMBA";"GOBIERNO REGIONAL";"II-1";"00001765";"HOSPITAL DE APOYO DE POMABAMBA ""ANTONIO CALDAS DOMINGUEZ""";"240100";"HOSPITALIZACIÓN QUIRÚRGICA CIRUGÍA GENERAL ";"14";"14";"41";"41";"4";"124";"0"
"2023";"07";"021601";"ANCASH";"POMABAMBA";"POMABAMBA";"GOBIERNO REGIONAL";"II-1";"00001765";"HOSPITAL DE APOYO DE POMABAMBA ""ANTONIO CALDAS DOMINGUEZ""";"241500";"HOSPITALIZACIÓN QUIRÚRGICA GINECOLOGÍA  ";"9";"9";"13";"13";"1";"31";"0"
"2023";"07";"021601";"ANCASH";"POMABAMBA";"POMABAMBA";"GOBIERNO REGIONAL";"II-1";"00001765";"HOSPITAL DE APOYO DE POMABAMBA ""ANTONIO CALDAS DOMINGUEZ""";"241600";"HOSPITALIZACIÓN QUIRÚRGICA OBSTETRICIA   ";"37";"37";"104";"104";"4";"124";"0"
"2023";"07";"021601";"ANCASH";"POMABAMBA";"POMABAMBA";"GOBIERNO REGIONAL";"II-1";"00001765";"HOSPITAL DE APOYO DE POMABAMBA ""ANTONIO CALDAS DOMINGUEZ""";"241800";"HOSPITALIZACIÓN DE MEDICINA MEDICINA GENERAL ";"17";"17";"58";"58";"14";"434";"1"
"2023";"07";"021601";"ANCASH";"POMABAMBA";"POMABAMBA";"GOBIERNO REGIONAL";"II-1";"00001765";"HOSPITAL DE APOYO DE POMABAMBA ""ANTONIO CALDAS DOMINGUEZ""";"242500";"HOSPITALIZACIÓN-PEDIATRÍA GENERAL-";"5";"5";"12";"12";"7";"217";"0"
"2023";"07";"060701";"CAJAMARCA";"HUALGAYOC";"BAMBAMARCA";"GOBIERNO REGIONAL";"II-1";"00004782";"BAMBAMARCA - TITO VILLAR CABEZAS";"241400";"HOSPITALIZACIÓN QUIRÚRGICA GINECO - OBSTETRICIA ";"37";"71";"115";"130";"8";"248";"0"
"2023";"07";"060701";"CAJAMARCA";"HUALGAYOC";"BAMBAMARCA";"GOBIERNO REGIONAL";"II-1";"00004782";"BAMBAMARCA - TITO VILLAR CABEZAS";"241800";"HOSPITALIZACIÓN DE MEDICINA MEDICINA GENERAL ";"14";"18";"51";"46";"5";"155";"1"
"2023";"07";"060701";"CAJAMARCA";"HUALGAYOC";"BAMBAMARCA";"GOBIERNO REGIONAL";"II-1";"00004782";"BAMBAMARCA - TITO VILLAR CABEZAS";"240100";"HOSPITALIZACIÓN QUIRÚRGICA CIRUGÍA GENERAL ";"18";"19";"50";"26";"3";"93";"0"
"2023";"07";"060701";"CAJAMARCA";"HUALGAYOC";"BAMBAMARCA";"GOBIERNO REGIONAL";"II-1";"00004782";"BAMBAMARCA - TITO VILLAR CABEZAS";"242500";"HOSPITALIZACIÓN-PEDIATRÍA GENERAL-";"6";"7";"16";"27";"2";"62";"0"
"2023";"07";"060701";"CAJAMARCA";"HUALGAYOC";"BAMBAMARCA";"GOBIERNO REGIONAL";"II-1";"00004782";"BAMBAMARCA - TITO VILLAR CABEZAS";"243200";"HOSPITALIZACIÓN DE PEDIATRÍA PEDIATRIA NEONATOLOGÍA";"3";"4";"9";"6";"1";"31";"0"
"2023";"07";"060501";"CAJAMARCA";"CONTUMAZA";"CONTUMAZA";"GOBIERNO REGIONAL";"I-1";"00004622";"CATUDEN";"NE_0001";"";"NE_0001";"NE_0001";"NE_0001";"NE_0001";"NE_0001";"NE_0001";"NE_0001"
"2023";"07";"200110";"PIURA";"PIURA";"LA UNION";"ESSALUD";"I-3";"00011733";"CENTRO MEDICO ""LEONCIO AMAYA TUME""";"NE_0001";"";"NE_0001";"NE_0001";"NE_0001";"NE_0001";"NE_0001";"NE_0001";"NE_0001"
"2023";"07";"250105";"UCAYALI";"CORONEL PORTILLO";"YARINACOCHA";"GOBIERNO REGIONAL";"II-2";"00005577";"HOSPITAL AMAZONICO - YARINACOCHA";"241400";"HOSPITALIZACIÓN QUIRÚRGICA GINECO - OBSTETRICIA ";"278";"334";"992";"1326";"62";"1922";"0"
"2023";"07";"250105";"UCAYALI";"CORONEL PORTILLO";"YARINACOCHA";"GOBIERNO REGIONAL";"II-2";"00005577";"HOSPITAL AMAZONICO - YARINACOCHA";"242500";"HOSPITALIZACIÓN-PEDIATRÍA GENERAL-";"61";"71";"479";"485";"21";"651";"0"
"2023";"07";"250105";"UCAYALI";"CORONEL PORTILLO";"YARINACOCHA";"GOBIERNO REGIONAL";"II-2";"00005577";"HOSPITAL AMAZONICO - YARINACOCHA";"250105";"UNIDAD DE CUIDADOS CRITICOS UNIDAD  DE CUIDADOS INTENSIVOS  (UCI) NEONATOLOGÍA";"3";"5";"79";"82";"6";"186";"1"
"2023";"07";"250105";"UCAYALI";"CORONEL PORTILLO";"YARINACOCHA";"GOBIERNO REGIONAL";"II-2";"00005577";"HOSPITAL AMAZONICO - YARINACOCHA";"240100";"HOSPITALIZACIÓN QUIRÚRGICA CIRUGÍA GENERAL ";"81";"102";"739";"754";"26";"806";"0"
"2023";"07";"250105";"UCAYALI";"CORONEL PORTILLO";"YARINACOCHA";"GOBIERNO REGIONAL";"II-2";"00005577";"HOSPITAL AMAZONICO - YARINACOCHA";"241800";"HOSPITALIZACIÓN DE MEDICINA MEDICINA GENERAL ";"53";"76";"773";"806";"29";"1116";"10"
"2023";"07";"250105";"UCAYALI";"CORONEL PORTILLO";"YARINACOCHA";"GOBIERNO REGIONAL";"II-2";"00005577";"HOSPITAL AMAZONICO - YARINACOCHA";"242200";"HOSPITALIZACIÓN DE MEDICINA PSIQUIATRÍA ";"5";"11";"238";"247";"9";"279";"0"
"2023";"07";"250105";"UCAYALI";"CORONEL PORTILLO";"YARINACOCHA";"GOBIERNO REGIONAL";"II-2";"00005577";"HOSPITAL AMAZONICO - YARINACOCHA";"243200";"HOSPITALIZACIÓN DE PEDIATRÍA PEDIATRIA NEONATOLOGÍA";"15";"24";"267";"287";"12";"372";"1"
"2023";"07";"250105";"UCAYALI";"CORONEL PORTILLO";"YARINACOCHA";"GOBIERNO REGIONAL";"II-2";"00005577";"HOSPITAL AMAZONICO - YARINACOCHA";"250103";"UNIDAD DE CUIDADOS CRITICOS UNIDAD  DE CUIDADOS INTENSIVOS GENERALES  (UCI) MEDICINA";"9";"7";"74";"78";"9";"279";"6"
"2023";"07";"250105";"UCAYALI";"CORONEL PORTILLO";"YARINACOCHA";"GOBIERNO REGIONAL";"II-2";"00005577";"HOSPITAL AMAZONICO - YARINACOCHA";"250302";"HOSPIT. EN UNIDAD DE CUID.INTEN.-UNIDAD DE VIGILANCIA INTENSIVA (UVI)-GINECO-OBSTETRICIA";"18";"2";"4";"6";"3";"93";"0"
"2023";"07";"140101";"LAMBAYEQUE";"CHICLAYO";"CHICLAYO";"PRIVADO";"II-E";"00026707";"CLÍNICA OFTALMOLÓGICA VIDAVAS SAC";"NE_0001";"";"NE_0001";"NE_0001";"NE_0001";"NE_0001";"NE_0001";"NE_0001";"NE_0001"
"2023";"07";"150131";"LIMA";"LIMA";"SAN ISIDRO";"PRIVADO";"II-E";"00016397";"CLINICA ESPECIALIZADA EN CIRUGIA PLASTICA - DR. LUIS VIZCARRA / CIRUESTHETIC";"240800";"HOSPITALIZACIÓN QUIRÚRGICA CIRUGÍA PLÁSTICA/RECONSTRUCTIVA/ REPARADORA ";"3";"3";"0";"1";"2";"40";"0"
"2023";"07";"050910";"AYACUCHO";"SUCRE";"SANTIAGO DE PAUCARAY";"GOBIERNO REGIONAL";"I-1";"00007096";"PUESTO DE SALUD AUTAMA";"NE_0001";"";"NE_0001";"NE_0001";"NE_0001";"NE_0001";"NE_0001";"NE_0001";"NE_0001"
"2023";"07";"050906";"AYACUCHO";"SUCRE";"MORCOLLA";"GOBIERNO REGIONAL";"I-1";"00003812";"PUESTO DE SALUD HUACO";"NE_0001";"";"NE_0001";"NE_0001";"NE_0001";"NE_0001";"NE_0001";"NE_0001";"NE_0001"
"2023";"07";"050901";"AYACUCHO";"SUCRE";"QUEROBAMBA";"GOBIERNO REGIONAL";"I-1";"00003809";"PUESTO DE SALUD CHONTA";"NE_0001";"";"NE_0001";"NE_0001";"NE_0001";"NE_0001";"NE_0001";"NE_0001";"NE_0001"
"2023";"07";"050906";"AYACUCHO";"SUCRE";"MORCOLLA";"GOBIERNO REGIONAL";"I-1";"00003810";"PUESTO DE SALUD MORCOLLA";"NE_0001";"";"NE_0001";"NE_0001";"NE_0001";"NE_0001";"NE_0001";"NE_0001";"NE_0001"
"2023";"07";"050906";"AYACUCHO";"SUCRE";"MORCOLLA";"GOBIERNO REGIONAL";"I-1";"00003811";"PUESTO DE SALUD TINTAY";"NE_0001";"";"NE_0001";"NE_0001";"NE_0001";"NE_0001";"NE_0001";"NE_0001";"NE_0001"
"2023";"07";"050907";"AYACUCHO";"SUCRE";"PAICO";"GOBIERNO REGIONAL";"I-1";"00003814";"PUESTO DE SALUD SIHUE";"NE_0001";"";"NE_0001";"NE_0001";"NE_0001";"NE_0001";"NE_0001";"NE_0001";"NE_0001"
"2023";"07";"050910";"AYACUCHO";"SUCRE";"SANTIAGO DE PAUCARAY";"GOBIERNO REGIONAL";"I-1";"00003816";"PUESTO DE SALUD SANTIAGO DE PAUCARAY";"NE_0001";"";"NE_0001";"NE_0001";"NE_0001";"NE_0001";"NE_0001";"NE_0001";"NE_0001"
"2023";"07";"050911";"AYACUCHO";"SUCRE";"SORAS";"GOBIERNO REGIONAL";"I-3";"00003818";"CENTRO DE SALUD SORAS";"NE_0001";"";"NE_0001";"NE_0001";"NE_0001";"NE_0001";"NE_0001";"NE_0001";"NE_0001"
"2023";"07";"050902";"AYACUCHO";"SUCRE";"BELEN";"GOBIERNO REGIONAL";"I-1";"00003803";"PUESTO DE SALUD BELEN";"NE_0001";"";"NE_0001";"NE_0001";"NE_0001";"NE_0001";"NE_0001";"NE_0001";"NE_0001"
"2023";"07";"050909";"AYACUCHO";"SUCRE";"SAN SALVADOR DE QUIJE";"GOBIERNO REGIONAL";"I-1";"00003807";"PUESTO DE SALUD SANTIAGO DE PALLCCA";"NE_0001";"";"NE_0001";"NE_0001";"NE_0001";"NE_0001";"NE_0001";"NE_0001";"NE_0001"
"2023";"07";"050903";"AYACUCHO";"SUCRE";"CHALCOS";"GOBIERNO REGIONAL";"I-1";"00003804";"PUESTO DE SALUD CHALCOS";"NE_0001";"";"NE_0001";"NE_0001";"NE_0001";"NE_0001";"NE_0001";"NE_0001";"NE_0001"
"2023";"07";"050908";"AYACUCHO";"SUCRE";"SAN PEDRO DE LARCAY";"GOBIERNO REGIONAL";"I-2";"00003815";"SAN PEDRO DE LARCAY";"NE_0001";"";"NE_0001";"NE_0001";"NE_0001";"NE_0001";"NE_0001";"NE_0001";"NE_0001"
"2023";"07";"050910";"AYACUCHO";"SUCRE";"SANTIAGO DE PAUCARAY";"GOBIERNO REGIONAL";"I-1";"00003817";"PUESTO DE SALUD ATIHUARA";"NE_0001";"";"NE_0001";"NE_0001";"NE_0001";"NE_0001";"NE_0001";"NE_0001";"NE_0001"
"2023";"07";"050909";"AYACUCHO";"SUCRE";"SAN SALVADOR DE QUIJE";"GOBIERNO REGIONAL";"I-1";"00006900";"PUESTO DE SALUD VISTA ALEGRE - SUCRE";"NE_0001";"";"NE_0001";"NE_0001";"NE_0001";"NE_0001";"NE_0001";"NE_0001";"NE_0001"
"2023";"07";"220804";"SAN MARTIN";"RIOJA";"NUEVA CAJAMARCA";"GOBIERNO REGIONAL";"I-1";"00006299";"PERLA DAGUAS";"NE_0001";"";"NE_0001";"NE_0001";"NE_0001";"NE_0001";"NE_0001";"NE_0001";"NE_0001"
"2023";"06";"200501";"PIURA";"PAITA";"PAITA";"GOBIERNO REGIONAL";"II-1";"00002021";"HOSPITAL DE APOYO II - 1 NUESTRA SEÑORA DE LAS MERCEDES - PAITA";"240100";"HOSPITALIZACIÓN QUIRÚRGICA CIRUGÍA GENERAL ";"51";"50";"223";"223";"10";"300";"0"
"2023";"09";"150131";"LIMA";"LIMA";"SAN ISIDRO";"PRIVADO";"II-E";"00010739";"CLINICA OFTALMOLOGICA WONG";"NE_0001";"";"NE_0001";"NE_0001";"NE_0001";"NE_0001";"NE_0001";"NE_0001";"NE_0001"
"2023";"09";"150501";"LIMA";"CAÑETE";"SAN VICENTE DE CAÑETE";"GOBIERNO REGIONAL";"II-2";"00005986";"HOSPITAL REZOLA";"243200";"HOSPITALIZACIÓN DE PEDIATRÍA PEDIATRIA NEONATOLOGÍA";"31";"36";"195";"178";"10";"300";"0"
"2023";"09";"150501";"LIMA";"CAÑETE";"SAN VICENTE DE CAÑETE";"GOBIERNO REGIONAL";"II-2";"00005986";"HOSPITAL REZOLA";"250103";"UNIDAD DE CUIDADOS CRITICOS UNIDAD  DE CUIDADOS INTENSIVOS GENERALES  (UCI) MEDICINA";"5";"7";"51";"36";"4";"120";"2"
"2023";"09";"150501";"LIMA";"CAÑETE";"SAN VICENTE DE CAÑETE";"GOBIERNO REGIONAL";"II-2";"00005986";"HOSPITAL REZOLA";"250105";"UNIDAD DE CUIDADOS CRITICOS UNIDAD  DE CUIDADOS INTENSIVOS  (UCI) NEONATOLOGÍA";"5";"7";"57";"31";"7";"210";"1"
"2023";"09";"130901";"LA LIBERTAD";"SANCHEZ CARRION";"HUAMACHUCO";"GOBIERNO REGIONAL";"I-3";"00026446";"CENTRO DE SALUD MENTAL COMUNITARIO SEMBRANDO ESPERANZA DE HUAMACHUCO";"NE_0001";"";"NE_0001";"NE_0001";"NE_0001";"NE_0001";"NE_0001";"NE_0001";"NE_0001"
"2023";"09";"120303";"JUNIN";"CHANCHAMAYO";"PICHANAQUI";"GOBIERNO REGIONAL";"I-2";"00000349";"BELEN DE ANAPIARI";"NE_0001";"";"NE_0001";"NE_0001";"NE_0001";"NE_0001";"NE_0001";"NE_0001";"NE_0001"
"2023";"09";"120303";"JUNIN";"CHANCHAMAYO";"PICHANAQUI";"GOBIERNO REGIONAL";"I-2";"00006711";"SAN FRANCISCO CENTRO KUVIRIANI";"NE_0001";"";"NE_0001";"NE_0001";"NE_0001";"NE_0001";"NE_0001";"NE_0001";"NE_0001"
"2023";"09";"120303";"JUNIN";"CHANCHAMAYO";"PICHANAQUI";"GOBIERNO REGIONAL";"I-3";"00000351";"HUACHIRIKI";"NE_0001";"";"NE_0001";"NE_0001";"NE_0001";"NE_0001";"NE_0001";"NE_0001";"NE_0001"
"2023";"09";"120303";"JUNIN";"CHANCHAMAYO";"PICHANAQUI";"GOBIERNO REGIONAL";"I-2";"00014383";"SAN JOSE DE ANAPIARI";"NE_0001";"";"NE_0001";"NE_0001";"NE_0001";"NE_0001";"NE_0001";"NE_0001";"NE_0001"
"2023";"09";"120303";"JUNIN";"CHANCHAMAYO";"PICHANAQUI";"GOBIERNO REGIONAL";"I-2";"00007371";"28 DE JULIO";"NE_0001";"";"NE_0001";"NE_0001";"NE_0001";"NE_0001";"NE_0001";"NE_0001";"NE_0001"
"2023";"09";"120303";"JUNIN";"CHANCHAMAYO";"PICHANAQUI";"GOBIERNO REGIONAL";"I-2";"00000346";"HUANTININI";"NE_0001";"";"NE_0001";"NE_0001";"NE_0001";"NE_0001";"NE_0001";"NE_0001";"NE_0001"
"2023";"09";"120303";"JUNIN";"CHANCHAMAYO";"PICHANAQUI";"GOBIERNO REGIONAL";"I-2";"00000348";"SAN JUAN CENTRO AUTIKI";"NE_0001";"";"NE_0001";"NE_0001";"NE_0001";"NE_0001";"NE_0001";"NE_0001";"NE_0001"
"2023";"09";"220501";"SAN MARTIN";"LAMAS";"LAMAS";"ESSALUD";"I-2";"00016484";"POSTA MEDICA LAMAS - ESSALUD";"NE_0001";"";"NE_0001";"NE_0001";"NE_0001";"NE_0001";"NE_0001";"NE_0001";"NE_0001"
"2023";"09";"140101";"LAMBAYEQUE";"CHICLAYO";"CHICLAYO";"PRIVADO";"II-E";"00026707";"CLÍNICA OFTALMOLÓGICA VIDAVAS SAC";"NE_0001";"";"NE_0001";"NE_0001";"NE_0001";"NE_0001";"NE_0001";"NE_0001";"NE_0001"
"2023";"09";"150131";"LIMA";"LIMA";"SAN ISIDRO";"PRIVADO";"II-2";"00009437";"CLINICA LIMATAMBO";"240000";"HOSPITALIZACIÓN";"124";"125";"387";"295";"38";"1178";"4"
"2023";"09";"150132";"LIMA";"LIMA";"SAN JUAN DE LURIGANCHO";"PRIVADO";"II-1";"00009090";"CLINICA "" LIMATAMBO""";"240000";"HOSPITALIZACIÓN";"105";"99";"234";"297";"30";"930";"0"
"2023";"09";"040101";"AREQUIPA";"AREQUIPA";"AREQUIPA";"ESSALUD";"III-1";"00013290";"HOSPITAL NACIONAL III-1 CARLOS ALBERTO SEGUÍN ESCOBEDO";"241900";"HOSPITALIZACIÓN DE MEDICINA MEDICINA INTERNA ";"512";"467";"7126";"6996";"244";"7320";"20"
"2023";"09";"040101";"AREQUIPA";"AREQUIPA";"AREQUIPA";"ESSALUD";"III-1";"00013290";"HOSPITAL NACIONAL III-1 CARLOS ALBERTO SEGUÍN ESCOBEDO";"240200";"HOSPITALIZACIÓN QUIRÚRGICA CIRUGÍA DE CABEZA Y CUELLO / MÁXILO FACIAL ";"47";"46";"204";"192";"7";"210";"0"
"2023";"09";"040101";"AREQUIPA";"AREQUIPA";"AREQUIPA";"ESSALUD";"III-1";"00013290";"HOSPITAL NACIONAL III-1 CARLOS ALBERTO SEGUÍN ESCOBEDO";"240400";"HOSPITALIZACIÓN QUIRÚRGICA CIRUGÍA DE TÓRAX Y CARDIOVASCULAR ";"28";"17";"295";"342";"12";"360";"0"
"2023";"09";"040101";"AREQUIPA";"AREQUIPA";"AREQUIPA";"ESSALUD";"III-1";"00013290";"HOSPITAL NACIONAL III-1 CARLOS ALBERTO SEGUÍN ESCOBEDO";"241000";"HOSPITALIZACIÓN QUIRÚRGICA ONCOLOGÍA QUIRÚRGICA  ";"24";"22";"164";"169";"8";"240";"0"
"2023";"09";"040101";"AREQUIPA";"AREQUIPA";"AREQUIPA";"ESSALUD";"III-1";"00013290";"HOSPITAL NACIONAL III-1 CARLOS ALBERTO SEGUÍN ESCOBEDO";"240800";"HOSPITALIZACIÓN QUIRÚRGICA CIRUGÍA PLÁSTICA/RECONSTRUCTIVA/ REPARADORA ";"18";"20";"325";"266";"9";"270";"0"
"2023";"09";"040101";"AREQUIPA";"AREQUIPA";"AREQUIPA";"ESSALUD";"III-1";"00013290";"HOSPITAL NACIONAL III-1 CARLOS ALBERTO SEGUÍN ESCOBEDO";"240900";"HOSPITALIZACIÓN QUIRÚRGICA NEUROCIRUGÍA ";"39";"35";"473";"420";"14";"420";"2"
"2023";"09";"040101";"AREQUIPA";"AREQUIPA";"AREQUIPA";"ESSALUD";"III-1";"00013290";"HOSPITAL NACIONAL III-1 CARLOS ALBERTO SEGUÍN ESCOBEDO";"240100";"HOSPITALIZACIÓN QUIRÚRGICA CIRUGÍA GENERAL ";"97";"95";"375";"354";"12";"360";"1"
"2023";"09";"040101";"AREQUIPA";"AREQUIPA";"AREQUIPA";"ESSALUD";"III-1";"00013290";"HOSPITAL NACIONAL III-1 CARLOS ALBERTO SEGUÍN ESCOBEDO";"241100";"HOSPITALIZACIÓN QUIRÚRGICA OTORRINOLARINGOLOGÍA  ";"32";"31";"113";"97";"5";"150";"0"
"2023";"09";"040101";"AREQUIPA";"AREQUIPA";"AREQUIPA";"ESSALUD";"III-1";"00013290";"HOSPITAL NACIONAL III-1 CARLOS ALBERTO SEGUÍN ESCOBEDO";"242202";"HOSPITALIZACIÓN DE MEDICINA PSIQUIATRÍA PSIQUIATRÍA DEL ADULTO Y GERONTE";"33";"35";"684";"595";"24";"720";"0"
"2023";"09";"040101";"AREQUIPA";"AREQUIPA";"AREQUIPA";"ESSALUD";"III-1";"00013290";"HOSPITAL NACIONAL III-1 CARLOS ALBERTO SEGUÍN ESCOBEDO";"241200";"HOSPITALIZACIÓN QUIRÚRGICA TRAUMATOLOGÍA Y ORTOPEDIA ";"119";"116";"852";"782";"27";"810";"3"
"2023";"09";"040101";"AREQUIPA";"AREQUIPA";"AREQUIPA";"ESSALUD";"III-1";"00013290";"HOSPITAL NACIONAL III-1 CARLOS ALBERTO SEGUÍN ESCOBEDO";"241300";"HOSPITALIZACIÓN QUIRÚRGICA UROLOGÍA  ";"37";"38";"268";"274";"10";"300";"0"
"2023";"09";"040101";"AREQUIPA";"AREQUIPA";"AREQUIPA";"ESSALUD";"III-1";"00013290";"HOSPITAL NACIONAL III-1 CARLOS ALBERTO SEGUÍN ESCOBEDO";"240100";"HOSPITALIZACIÓN QUIRÚRGICA CIRUGÍA GENERAL ";"124";"119";"1021";"878";"30";"900";"3"
"2023";"09";"040101";"AREQUIPA";"AREQUIPA";"AREQUIPA";"ESSALUD";"III-1";"00013290";"HOSPITAL NACIONAL III-1 CARLOS ALBERTO SEGUÍN ESCOBEDO";"240700";"HOSPITALIZACIÓN QUIRÚRGICA CIRUGÍA PEDIÁTRICA ";"3";"1";"30";"28";"1";"30";"0"
"2023";"09";"040101";"AREQUIPA";"AREQUIPA";"AREQUIPA";"ESSALUD";"III-1";"00013290";"HOSPITAL NACIONAL III-1 CARLOS ALBERTO SEGUÍN ESCOBEDO";"241500";"HOSPITALIZACIÓN QUIRÚRGICA GINECOLOGÍA  ";"42";"40";"129";"123";"5";"150";"0"
"2023";"09";"040101";"AREQUIPA";"AREQUIPA";"AREQUIPA";"ESSALUD";"III-1";"00013290";"HOSPITAL NACIONAL III-1 CARLOS ALBERTO SEGUÍN ESCOBEDO";"242300";"HOSPITALIZACIÓN DE PEDIATRÍA  PEDIATRÍA  GENERAL ";"14";"11";"240";"197";"10";"300";"0"
"2023";"09";"040101";"AREQUIPA";"AREQUIPA";"AREQUIPA";"ESSALUD";"III-1";"00013290";"HOSPITAL NACIONAL III-1 CARLOS ALBERTO SEGUÍN ESCOBEDO";"243200";"HOSPITALIZACIÓN DE PEDIATRÍA PEDIATRIA NEONATOLOGÍA";"68";"53";"712";"236";"9";"270";"1"
"2023";"09";"040101";"AREQUIPA";"AREQUIPA";"AREQUIPA";"ESSALUD";"III-1";"00013290";"HOSPITAL NACIONAL III-1 CARLOS ALBERTO SEGUÍN ESCOBEDO";"241600";"HOSPITALIZACIÓN QUIRÚRGICA OBSTETRICIA   ";"120";"112";"345";"456";"16";"480";"0"
"2023";"09";"040101";"AREQUIPA";"AREQUIPA";"AREQUIPA";"ESSALUD";"III-1";"00013290";"HOSPITAL NACIONAL III-1 CARLOS ALBERTO SEGUÍN ESCOBEDO";"241700";"HOSPITALIZACIÓN QUIRÚRGICA GINECOLOGÍA   GINECOLOGIA ONCOLOGiCA";"23";"26";"108";"104";"4";"120";"0"
"2023";"09";"040101";"AREQUIPA";"AREQUIPA";"AREQUIPA";"ESSALUD";"III-1";"00013290";"HOSPITAL NACIONAL III-1 CARLOS ALBERTO SEGUÍN ESCOBEDO";"242300";"HOSPITALIZACIÓN DE PEDIATRÍA  PEDIATRÍA  GENERAL ";"35";"30";"448";"234";"10";"300";"0"
"2023";"09";"040101";"AREQUIPA";"AREQUIPA";"AREQUIPA";"ESSALUD";"III-1";"00013290";"HOSPITAL NACIONAL III-1 CARLOS ALBERTO SEGUÍN ESCOBEDO";"250100";"UNIDAD DE CUIDADOS CRITICOS UNIDAD  DE CUIDADOS INTENSIVOS GENERALES (UCI) ";"107";"107";"1234";"1407";"49";"1470";"12"
"2023";"09";"040101";"AREQUIPA";"AREQUIPA";"AREQUIPA";"ESSALUD";"III-1";"00013290";"HOSPITAL NACIONAL III-1 CARLOS ALBERTO SEGUÍN ESCOBEDO";"250200";"UNIDAD DE CUIDADOS CRITICOS UNIDAD DE CUIDADOS INTERMEDIOS GENERAL  (UCIN) ";"73";"70";"321";"422";"15";"450";"2"
"2023";"09";"220503";"SAN MARTIN";"LAMAS";"BARRANQUITA";"GOBIERNO REGIONAL";"I-3";"00006432";"BARRANQUITA CAYNARACHI";"NE_0001";"";"NE_0001";"NE_0001";"NE_0001";"NE_0001";"NE_0001";"NE_0001";"NE_0001"
"2023";"09";"220503";"SAN MARTIN";"LAMAS";"BARRANQUITA";"GOBIERNO REGIONAL";"I-1";"00006434";"SANTIAGO DE BORJA";"NE_0001";"";"NE_0001";"NE_0001";"NE_0001";"NE_0001";"NE_0001";"NE_0001";"NE_0001"
"2023";"09";"220503";"SAN MARTIN";"LAMAS";"BARRANQUITA";"GOBIERNO REGIONAL";"I-1";"00006436";"EL PIÑAL";"NE_0001";"";"NE_0001";"NE_0001";"NE_0001";"NE_0001";"NE_0001";"NE_0001";"NE_0001"
"2023";"09";"070101";"CALLAO";"CALLAO";"CALLAO";"PRIVADO";"I-3";"00021094";"LIMATAMBO SEDE MINKA II";"NE_0001";"";"NE_0001";"NE_0001";"NE_0001";"NE_0001";"NE_0001";"NE_0001";"NE_0001"
"2023";"09";"130101";"LA LIBERTAD";"TRUJILLO";"TRUJILLO";"PRIVADO";"I-3";"00027028";"EL GALENO DE ICA";"NE_0001";"";"NE_0001";"NE_0001";"NE_0001";"NE_0001";"NE_0001";"NE_0001";"NE_0001"
"2023";"09";"220104";"SAN MARTIN";"MOYOBAMBA";"JEPELACIO";"GOBIERNO REGIONAL";"I-1";"00007238";"PACAYPITE";"NE_0001";"";"NE_0001";"NE_0001";"NE_0001";"NE_0001";"NE_0001";"NE_0001";"NE_0001"
"2023";"09";"220104";"SAN MARTIN";"MOYOBAMBA";"JEPELACIO";"GOBIERNO REGIONAL";"I-4";"00006337";"JEPELACIO";"241400";"HOSPITALIZACIÓN QUIRÚRGICA GINECO - OBSTETRICIA ";"3";"3";"3";"3";"3";"60";"0"
"2023";"09";"220104";"SAN MARTIN";"MOYOBAMBA";"JEPELACIO";"GOBIERNO REGIONAL";"I-2";"00006339";"SHUCSHUYACU";"NE_0001";"";"NE_0001";"NE_0001";"NE_0001";"NE_0001";"NE_0001";"NE_0001";"NE_0001"
"2023";"09";"220104";"SAN MARTIN";"MOYOBAMBA";"JEPELACIO";"GOBIERNO REGIONAL";"I-2";"00006340";"NUEVO SAN MIGUEL";"NE_0001";"";"NE_0001";"NE_0001";"NE_0001";"NE_0001";"NE_0001";"NE_0001";"NE_0001"
"2023";"09";"220104";"SAN MARTIN";"MOYOBAMBA";"JEPELACIO";"GOBIERNO REGIONAL";"I-1";"00006338";"CARRIZAL";"NE_0001";"";"NE_0001";"NE_0001";"NE_0001";"NE_0001";"NE_0001";"NE_0001";"NE_0001"
"2023";"09";"131101";"LA LIBERTAD";"GRAN CHIMU";"CASCAS";"ESSALUD";"I-2";"00012104";"POSTA DE SALUD CASCAS";"NE_0001";"";"NE_0001";"NE_0001";"NE_0001";"NE_0001";"NE_0001";"NE_0001";"NE_0001"
"2023";"09";"120303";"JUNIN";"CHANCHAMAYO";"PICHANAQUI";"GOBIERNO REGIONAL";"I-2";"00000347";"CONDADO PICHIKIARI";"NE_0001";"";"NE_0001";"NE_0001";"NE_0001";"NE_0001";"NE_0001";"NE_0001";"NE_0001"
"2023";"09";"220804";"SAN MARTIN";"RIOJA";"NUEVA CAJAMARCA";"GOBIERNO REGIONAL";"I-1";"00006299";"PERLA DAGUAS";"NE_0001";"";"NE_0001";"NE_0001";"NE_0001";"NE_0001";"NE_0001";"NE_0001";"NE_0001"
"2023";"09";"120303";"JUNIN";"CHANCHAMAYO";"PICHANAQUI";"GOBIERNO REGIONAL";"I-1";"00000353";"ANDRES AVELINO CACERES";"NE_0001";"";"NE_0001";"NE_0001";"NE_0001";"NE_0001";"NE_0001";"NE_0001";"NE_0001"
"2023";"09";"220804";"SAN MARTIN";"RIOJA";"NUEVA CAJAMARCA";"GOBIERNO REGIONAL";"I-3";"00006300";"SAN JUAN RIO SORITOR";"NE_0002";"";"NE_0002";"NE_0002";"NE_0002";"NE_0002";"NE_0002";"NE_0002";"NE_0002"
"2023";"09";"120303";"JUNIN";"CHANCHAMAYO";"PICHANAQUI";"GOBIERNO REGIONAL";"I-1";"00006712";"BARINETTI REAL";"NE_0001";"";"NE_0001";"NE_0001";"NE_0001";"NE_0001";"NE_0001";"NE_0001";"NE_0001"
"2023";"09";"110101";"ICA";"ICA";"ICA";"PRIVADO";"I-3";"00019056";"EL GALENO DE ICA";"NE_0001";"";"NE_0001";"NE_0001";"NE_0001";"NE_0001";"NE_0001";"NE_0001";"NE_0001"
"2023";"09";"200101";"PIURA";"PIURA";"PIURA";"PRIVADO";"I-3";"00024833";"MEDITRAN PERU EIRL";"NE_0001";"";"NE_0001";"NE_0001";"NE_0001";"NE_0001";"NE_0001";"NE_0001";"NE_0001"
"2023";"09";"160101";"LORETO";"MAYNAS";"IQUITOS";"PRIVADO";"II-1";"00011737";"CLINICA SAN JUAN";"NE_0002";"";"NE_0002";"NE_0002";"NE_0002";"NE_0002";"NE_0002";"NE_0002";"NE_0002"
"2023";"09";"220801";"SAN MARTIN";"RIOJA";"RIOJA";"ESSALUD";"I-4";"00021003";"CENTRO MEDICO RIOJA - ESSALUD";"241800";"HOSPITALIZACIÓN DE MEDICINA MEDICINA GENERAL ";"33";"32";"106";"101";"4";"120";"0"
"2023";"09";"220801";"SAN MARTIN";"RIOJA";"RIOJA";"ESSALUD";"I-4";"00021003";"CENTRO MEDICO RIOJA - ESSALUD";"241600";"HOSPITALIZACIÓN QUIRÚRGICA OBSTETRICIA   ";"5";"5";"9";"9";"1";"30";"0"
"2023";"09";"220801";"SAN MARTIN";"RIOJA";"RIOJA";"ESSALUD";"I-4";"00021003";"CENTRO MEDICO RIOJA - ESSALUD";"242300";"HOSPITALIZACIÓN DE PEDIATRÍA  PEDIATRÍA  GENERAL ";"8";"8";"18";"17";"1";"30";"0"
"2023";"09";"220603";"SAN MARTIN";"MARISCAL CACERES";"HUICUNGO";"GOBIERNO REGIONAL";"I-3";"00006567";"HUICUNGO";"241600";"HOSPITALIZACIÓN QUIRÚRGICA OBSTETRICIA   ";"1";"1";"1";"1";"1";"59";"0"
"2023";"09";"220603";"SAN MARTIN";"MARISCAL CACERES";"HUICUNGO";"GOBIERNO REGIONAL";"I-1";"00006569";"SANTA INES";"NE_0001";"";"NE_0001";"NE_0001";"NE_0001";"NE_0001";"NE_0001";"NE_0001";"NE_0001"
"2023";"09";"220603";"SAN MARTIN";"MARISCAL CACERES";"HUICUNGO";"GOBIERNO REGIONAL";"I-1";"00006571";"PIZARRO";"NE_0001";"";"NE_0001";"NE_0001";"NE_0001";"NE_0001";"NE_0001";"NE_0001";"NE_0001"
"2023";"09";"220604";"SAN MARTIN";"MARISCAL CACERES";"PACHIZA";"GOBIERNO REGIONAL";"I-1";"00006572";"PACHIZA";"NE_0001";"";"NE_0001";"NE_0001";"NE_0001";"NE_0001";"NE_0001";"NE_0001";"NE_0001"
"2023";"09";"220604";"SAN MARTIN";"MARISCAL CACERES";"PACHIZA";"GOBIERNO REGIONAL";"I-1";"00006573";"ALTO EL SOL";"NE_0001";"";"NE_0001";"NE_0001";"NE_0001";"NE_0001";"NE_0001";"NE_0001";"NE_0001"
"2023";"09";"220604";"SAN MARTIN";"MARISCAL CACERES";"PACHIZA";"GOBIERNO REGIONAL";"I-1";"00006574";"NUEVO CHIMBOTE";"NE_0001";"";"NE_0001";"NE_0001";"NE_0001";"NE_0001";"NE_0001";"NE_0001";"NE_0001"
"2023";"09";"220603";"SAN MARTIN";"MARISCAL CACERES";"HUICUNGO";"GOBIERNO REGIONAL";"I-1";"00006568";"DOS DE MAYO";"NE_0001";"";"NE_0001";"NE_0001";"NE_0001";"NE_0001";"NE_0001";"NE_0001";"NE_0001"
"2023";"09";"220603";"SAN MARTIN";"MARISCAL CACERES";"HUICUNGO";"GOBIERNO REGIONAL";"I-1";"00006570";"NUEVA ESPERANZA";"NE_0001";"";"NE_0001";"NE_0001";"NE_0001";"NE_0001";"NE_0001";"NE_0001";"NE_0001"
"2023";"09";"220502";"SAN MARTIN";"LAMAS";"ALONSO DE ALVARADO";"GOBIERNO REGIONAL";"I-1";"00010516";"PORVENIR DEL NORTE";"NE_0001";"";"NE_0001";"NE_0001";"NE_0001";"NE_0001";"NE_0001";"NE_0001";"NE_0001"
"2023";"09";"220502";"SAN MARTIN";"LAMAS";"ALONSO DE ALVARADO";"GOBIERNO REGIONAL";"I-3";"00006348";"ROQUE";"241600";"HOSPITALIZACIÓN QUIRÚRGICA OBSTETRICIA   ";"5";"5";"5";"28";"22";"30";"0"
"2023";"05";"040413";"AREQUIPA";"CASTILLA";"URACA";"ESSALUD";"I-2";"00013300";"POSTA MEDICA  CORIRE";"NE_0001";"";"NE_0001";"NE_0001";"NE_0001";"NE_0001";"NE_0001";"NE_0001";"NE_0001"
"2023";"09";"150101";"LIMA";"LIMA";"LIMA";"PRIVADO";"II-E";"00022102";"CLINICA SEÑOR DE LOS MILAGROS E.I.R.L.";"NE_0001";"";"NE_0001";"NE_0001";"NE_0001";"NE_0001";"NE_0001";"NE_0001";"NE_0001"
"2023";"09";"220502";"SAN MARTIN";"LAMAS";"ALONSO DE ALVARADO";"GOBIERNO REGIONAL";"I-1";"00007297";"ALAN GARCIA";"NE_0001";"";"NE_0001";"NE_0001";"NE_0001";"NE_0001";"NE_0001";"NE_0001";"NE_0001"
"2023";"09";"130502";"LA LIBERTAD";"JULCAN";"CALAMARCA";"GOBIERNO REGIONAL";"I-1";"00007248";"CHAZKA";"NE_0001";"";"NE_0001";"NE_0001";"NE_0001";"NE_0001";"NE_0001";"NE_0001";"NE_0001"
"2023";"09";"220502";"SAN MARTIN";"LAMAS";"ALONSO DE ALVARADO";"GOBIERNO REGIONAL";"I-1";"00010516";"PORVENIR DEL NORTE";"NE_0001";"";"NE_0001";"NE_0001";"NE_0001";"NE_0001";"NE_0001";"NE_0001";"NE_0001"
"2023";"09";"130502";"LA LIBERTAD";"JULCAN";"CALAMARCA";"GOBIERNO REGIONAL";"I-2";"00007247";"BARRO NEGRO";"NE_0001";"";"NE_0001";"NE_0001";"NE_0001";"NE_0001";"NE_0001";"NE_0001";"NE_0001"
"2023";"09";"130502";"LA LIBERTAD";"JULCAN";"CALAMARCA";"GOBIERNO REGIONAL";"I-1";"00016424";"HUAGAL";"NE_0001";"";"NE_0001";"NE_0001";"NE_0001";"NE_0001";"NE_0001";"NE_0001";"NE_0001"
"2023";"09";"130502";"LA LIBERTAD";"JULCAN";"CALAMARCA";"GOBIERNO REGIONAL";"I-3";"00005309";"SICCHAL";"NE_0001";"";"NE_0001";"NE_0001";"NE_0001";"NE_0001";"NE_0001";"NE_0001";"NE_0001"
"2023";"09";"130502";"LA LIBERTAD";"JULCAN";"CALAMARCA";"GOBIERNO REGIONAL";"I-2";"00007247";"BARRO NEGRO";"NE_0001";"";"NE_0001";"NE_0001";"NE_0001";"NE_0001";"NE_0001";"NE_0001";"NE_0001"
"2023";"09";"150141";"LIMA";"LIMA";"SURQUILLO";"PRIVADO";"II-E";"00025930";"CLINICA SANENS";"240000";"HOSPITALIZACIÓN";"60";"57";"64";"51";"7";"210";"0"
"2023";"09";"040112";"AREQUIPA";"AREQUIPA";"PAUCARPATA";"GOBIERNO REGIONAL";"I-4";"00001296";"CENTRO DE SALUD  AMPLIACIÓN PAUCARPATA";"NE_0001";"";"NE_0001";"NE_0001";"NE_0001";"NE_0001";"NE_0001";"NE_0001";"NE_0001"
"2023";"09";"040112";"AREQUIPA";"AREQUIPA";"PAUCARPATA";"GOBIERNO REGIONAL";"I-3";"00001313";"CENTRO DE SALUD NUEVA ALBORADA";"NE_0001";"";"NE_0001";"NE_0001";"NE_0001";"NE_0001";"NE_0001";"NE_0001";"NE_0001"
"2023";"09";"040112";"AREQUIPA";"AREQUIPA";"PAUCARPATA";"GOBIERNO REGIONAL";"I-3";"00001310";"CENTRO DE SALUD MANUEL PRADO";"NE_0001";"";"NE_0001";"NE_0001";"NE_0001";"NE_0001";"NE_0001";"NE_0001";"NE_0001"
"2023";"09";"040112";"AREQUIPA";"AREQUIPA";"PAUCARPATA";"GOBIERNO REGIONAL";"I-3";"00001315";"CENTRO DE SALUD CAMPO MARTE";"NE_0001";"";"NE_0001";"NE_0001";"NE_0001";"NE_0001";"NE_0001";"NE_0001";"NE_0001"
"2023";"09";"130503";"LA LIBERTAD";"JULCAN";"CARABAMBA";"GOBIERNO REGIONAL";"I-2";"00006773";"VILLA MARIA";"NE_0002";"";"NE_0002";"NE_0002";"NE_0002";"NE_0002";"NE_0002";"NE_0002";"NE_0002"
"2023";"04";"130101";"LA LIBERTAD";"TRUJILLO";"TRUJILLO";"PRIVADO";"II-E";"00021475";"DE LA BELLEZA";"NE_0001";"";"NE_0001";"NE_0001";"NE_0001";"NE_0001";"NE_0001";"NE_0001";"NE_0001"
"2023";"04";"120301";"JUNIN";"CHANCHAMAYO";"CHANCHAMAYO";"ESSALUD";"II-1";"00008656";"HOSPITAL  SELVA CENTRAL Y ENFERMEDADES TROPICALES LA MERCED";"241800";"HOSPITALIZACIÓN DE MEDICINA MEDICINA GENERAL ";"54";"46";"215";"193";"9";"270";"2"
"2023";"04";"120301";"JUNIN";"CHANCHAMAYO";"CHANCHAMAYO";"ESSALUD";"II-1";"00008656";"HOSPITAL  SELVA CENTRAL Y ENFERMEDADES TROPICALES LA MERCED";"240100";"HOSPITALIZACIÓN QUIRÚRGICA CIRUGÍA GENERAL ";"49";"45";"162";"146";"10";"300";"0"
"2023";"04";"120301";"JUNIN";"CHANCHAMAYO";"CHANCHAMAYO";"ESSALUD";"II-1";"00008656";"HOSPITAL  SELVA CENTRAL Y ENFERMEDADES TROPICALES LA MERCED";"241500";"HOSPITALIZACIÓN QUIRÚRGICA GINECOLOGÍA  ";"13";"13";"34";"31";"2";"60";"0"
"2023";"04";"120301";"JUNIN";"CHANCHAMAYO";"CHANCHAMAYO";"ESSALUD";"II-1";"00008656";"HOSPITAL  SELVA CENTRAL Y ENFERMEDADES TROPICALES LA MERCED";"241600";"HOSPITALIZACIÓN QUIRÚRGICA OBSTETRICIA   ";"66";"62";"149";"147";"5";"150";"0"
"2023";"04";"120301";"JUNIN";"CHANCHAMAYO";"CHANCHAMAYO";"ESSALUD";"II-1";"00008656";"HOSPITAL  SELVA CENTRAL Y ENFERMEDADES TROPICALES LA MERCED";"242300";"HOSPITALIZACIÓN DE PEDIATRÍA  PEDIATRÍA  GENERAL ";"39";"34";"92";"89";"5";"150";"0"
"2023";"04";"050101";"AYACUCHO";"HUAMANGA";"AYACUCHO";"PRIVADO";"II-1";"00008154";"CLINICA EL NAZARENO";"240100";"HOSPITALIZACIÓN QUIRÚRGICA CIRUGÍA GENERAL ";"2";"2";"2";"2";"2";"152";"0"
"2023";"04";"050101";"AYACUCHO";"HUAMANGA";"AYACUCHO";"PRIVADO";"II-1";"00008154";"CLINICA EL NAZARENO";"240800";"HOSPITALIZACIÓN QUIRÚRGICA CIRUGÍA PLÁSTICA/RECONSTRUCTIVA/ REPARADORA ";"2";"2";"2";"2";"2";"152";"0"
"2023";"04";"050101";"AYACUCHO";"HUAMANGA";"AYACUCHO";"PRIVADO";"II-1";"00008154";"CLINICA EL NAZARENO";"241200";"HOSPITALIZACIÓN QUIRÚRGICA TRAUMATOLOGÍA Y ORTOPEDIA ";"1";"1";"1";"1";"1";"156";"0"
"2023";"07";"130101";"LA LIBERTAD";"TRUJILLO";"TRUJILLO";"PRIVADO";"II-E";"00021508";"SMQ QUIRUMEDIC SAC";"240000";"HOSPITALIZACIÓN";"260";"254";"254";"254";"15";"520";"0"
"2023";"04";"021601";"ANCASH";"POMABAMBA";"POMABAMBA";"GOBIERNO REGIONAL";"I-1";"00001771";"PUESTO DE SALUD CHOGO";"NE_0002";"";"NE_0002";"NE_0002";"NE_0002";"NE_0002";"NE_0002";"NE_0002";"NE_0002"
"2023";"04";"021603";"ANCASH";"POMABAMBA";"PAROBAMBA";"GOBIERNO REGIONAL";"I-1";"00001776";"PUESTO DE SALUD PAROBAMBA NUEVO";"NE_0002";"";"NE_0002";"NE_0002";"NE_0002";"NE_0002";"NE_0002";"NE_0002";"NE_0002"
"2023";"04";"021603";"ANCASH";"POMABAMBA";"PAROBAMBA";"GOBIERNO REGIONAL";"I-2";"00001780";"PUESTO DE SALUD CHANGA";"NE_0002";"";"NE_0002";"NE_0002";"NE_0002";"NE_0002";"NE_0002";"NE_0002";"NE_0002"
"2023";"04";"021604";"ANCASH";"POMABAMBA";"QUINUABAMBA";"GOBIERNO REGIONAL";"I-1";"00001782";"YAMIAN";"NE_0002";"";"NE_0002";"NE_0002";"NE_0002";"NE_0002";"NE_0002";"NE_0002";"NE_0002"
"2023";"04";"021603";"ANCASH";"POMABAMBA";"PAROBAMBA";"GOBIERNO REGIONAL";"I-4";"00001775";"CENTRO DE SALUD PAROBAMBA VIEJO";"NE_0002";"";"NE_0002";"NE_0002";"NE_0002";"NE_0002";"NE_0002";"NE_0002";"NE_0002"
"2023";"04";"021603";"ANCASH";"POMABAMBA";"PAROBAMBA";"GOBIERNO REGIONAL";"I-1";"00001778";"PUESTO DE SALUD SHUMPILLAN";"NE_0002";"";"NE_0002";"NE_0002";"NE_0002";"NE_0002";"NE_0002";"NE_0002";"NE_0002"
"2023";"04";"021603";"ANCASH";"POMABAMBA";"PAROBAMBA";"GOBIERNO REGIONAL";"I-1";"00001779";"PUESTO DE SALUD CAJAS";"NE_0002";"";"NE_0002";"NE_0002";"NE_0002";"NE_0002";"NE_0002";"NE_0002";"NE_0002"
"2023";"04";"021603";"ANCASH";"POMABAMBA";"PAROBAMBA";"GOBIERNO REGIONAL";"I-2";"00001777";"PUESTO DE SALUD HUANCHAYLLO";"NE_0002";"";"NE_0002";"NE_0002";"NE_0002";"NE_0002";"NE_0002";"NE_0002";"NE_0002"
"2023";"04";"021604";"ANCASH";"POMABAMBA";"QUINUABAMBA";"GOBIERNO REGIONAL";"I-2";"00001781";"PUESTO DE SALUD QUINUABAMBA";"NE_0002";"";"NE_0002";"NE_0002";"NE_0002";"NE_0002";"NE_0002";"NE_0002";"NE_0002"
"2023";"04";"130101";"LA LIBERTAD";"TRUJILLO";"TRUJILLO";"PRIVADO";"II-E";"00021009";"CLINICA SAN LUIS ASISTENCIAL DOCENTE S.R.L.";"240100";"HOSPITALIZACIÓN QUIRÚRGICA CIRUGÍA GENERAL ";"165";"187";"200";"215";"24";"720";"0"
"2023";"04";"130101";"LA LIBERTAD";"TRUJILLO";"TRUJILLO";"PRIVADO";"II-E";"00021009";"CLINICA SAN LUIS ASISTENCIAL DOCENTE S.R.L.";"241400";"HOSPITALIZACIÓN QUIRÚRGICA GINECO - OBSTETRICIA ";"46";"46";"60";"69";"24";"720";"0"
"2023";"04";"150140";"LIMA";"LIMA";"SANTIAGO DE SURCO";"PRIVADO";"II-E";"00024304";"CLINICA BINOMIUM";"NE_0002";"";"NE_0002";"NE_0002";"NE_0002";"NE_0002";"NE_0002";"NE_0002";"NE_0002"
"2023";"04";"150115";"LIMA";"LIMA";"LA VICTORIA";"PRIVADO";"II-E";"00009431";"CLÍNICA SANTA CATALINA";"NE_0002";"";"NE_0002";"NE_0002";"NE_0002";"NE_0002";"NE_0002";"NE_0002";"NE_0002"
"2023";"07";"040101";"AREQUIPA";"AREQUIPA";"AREQUIPA";"PRIVADO";"II-1";"00016744";"CLÍNICAS AUNA SEDE VALLESUR";"240000";"HOSPITALIZACIÓN";"283";"345";"1149";"1050";"42";"1302";"2"
"2023";"07";"040101";"AREQUIPA";"AREQUIPA";"AREQUIPA";"PRIVADO";"II-1";"00016744";"CLÍNICAS AUNA SEDE VALLESUR";"250100";"UNIDAD DE CUIDADOS CRITICOS UNIDAD  DE CUIDADOS INTENSIVOS GENERALES (UCI) ";"12";"0";"0";"84";"6";"186";"0"
"2023";"07";"040101";"AREQUIPA";"AREQUIPA";"AREQUIPA";"PRIVADO";"II-1";"00016744";"CLÍNICAS AUNA SEDE VALLESUR";"250105";"UNIDAD DE CUIDADOS CRITICOS UNIDAD  DE CUIDADOS INTENSIVOS  (UCI) NEONATOLOGÍA";"0";"1";"2";"25";"3";"93";"1"
"2023";"07";"220402";"SAN MARTIN";"HUALLAGA";"ALTO SAPOSOA";"GOBIERNO REGIONAL";"I-1";"00006541";"YACUSISA";"NE_0001";"";"NE_0001";"NE_0001";"NE_0001";"NE_0001";"NE_0001";"NE_0001";"NE_0001"
"2023";"06";"250301";"UCAYALI";"PADRE ABAD";"PADRE ABAD";"GOBIERNO REGIONAL";"I-2";"00005406";"PREVISTO";"NE_0001";"";"NE_0001";"NE_0001";"NE_0001";"NE_0001";"NE_0001";"NE_0001";"NE_0001"
"2023";"06";"250301";"UCAYALI";"PADRE ABAD";"PADRE ABAD";"GOBIERNO REGIONAL";"I-1";"00005403";"MIGUEL GRAU SEMINARIO";"NE_0001";"";"NE_0001";"NE_0001";"NE_0001";"NE_0001";"NE_0001";"NE_0001";"NE_0001"
"2023";"06";"250301";"UCAYALI";"PADRE ABAD";"PADRE ABAD";"GOBIERNO REGIONAL";"I-1";"00005402";"MARISCAL CACERES.";"NE_0001";"";"NE_0001";"NE_0001";"NE_0001";"NE_0001";"NE_0001";"NE_0001";"NE_0001"
"2023";"06";"250301";"UCAYALI";"PADRE ABAD";"PADRE ABAD";"GOBIERNO REGIONAL";"I-1";"00005401";"LA DIVISORIA";"NE_0001";"";"NE_0001";"NE_0001";"NE_0001";"NE_0001";"NE_0001";"NE_0001";"NE_0001"
"2023";"06";"250301";"UCAYALI";"PADRE ABAD";"PADRE ABAD";"GOBIERNO REGIONAL";"I-2";"00005399";"BOQUERON";"NE_0001";"";"NE_0001";"NE_0001";"NE_0001";"NE_0001";"NE_0001";"NE_0001";"NE_0001"
"2023";"06";"250301";"UCAYALI";"PADRE ABAD";"PADRE ABAD";"GOBIERNO REGIONAL";"I-1";"00005398";"ALTO AGUAYTIA.";"NE_0001";"";"NE_0001";"NE_0001";"NE_0001";"NE_0001";"NE_0001";"NE_0001";"NE_0001"
"2023";"06";"250301";"UCAYALI";"PADRE ABAD";"PADRE ABAD";"GOBIERNO REGIONAL";"I-1";"00005397";"3 DE OCTUBRE";"NE_0001";"";"NE_0001";"NE_0001";"NE_0001";"NE_0001";"NE_0001";"NE_0001";"NE_0001"
"2023";"06";"250301";"UCAYALI";"PADRE ABAD";"PADRE ABAD";"GOBIERNO REGIONAL";"I-4";"00005395";"AGUAYTIA";"NE_0002";"";"NE_0002";"NE_0002";"NE_0002";"NE_0002";"NE_0002";"NE_0002";"NE_0002"
"2023";"08";"150132";"LIMA";"LIMA";"SAN JUAN DE LURIGANCHO";"SANIDAD DE LA POLICIA NACIONAL DEL PERU";"I-3";"00030839";"POLICLINICO POLICIAL ZARATE";"NE_0001";"";"NE_0001";"NE_0001";"NE_0001";"NE_0001";"NE_0001";"NE_0001";"NE_0001"
"2023";"08";"150134";"LIMA";"LIMA";"SAN LUIS";"PRIVADO";"II-1";"00008786";"CLINICA SAN JUAN DE DIOS";"240000";"HOSPITALIZACIÓN";"67";"60";"127";"133";"25";"775";"0"
"2023";"09";"120101";"JUNIN";"HUANCAYO";"HUANCAYO";"PRIVADO";"II-E";"00025973";"CLINICA ZARATE";"241800";"HOSPITALIZACIÓN DE MEDICINA MEDICINA GENERAL ";"66";"63";"21";"154";"15";"297";"0"
"2023";"09";"060609";"CAJAMARCA";"CUTERVO";"SAN JUAN DE CUTERVO";"GOBIERNO REGIONAL";"I-3";"00005029";"SAN JUAN DE CUTERVO";"NE_0001";"";"NE_0001";"NE_0001";"NE_0001";"NE_0001";"NE_0001";"NE_0001";"NE_0001"
"2023";"09";"220601";"SAN MARTIN";"MARISCAL CACERES";"JUANJUI";"GOBIERNO REGIONAL";"II-E";"00006919";"HOSPITAL II-E JUANJUI - MC LUIS IZQUIERDO VÁSQUEZ";"240100";"HOSPITALIZACIÓN QUIRÚRGICA CIRUGÍA GENERAL ";"31";"33";"71";"71";"6";"180";"0"
"2023";"09";"220601";"SAN MARTIN";"MARISCAL CACERES";"JUANJUI";"GOBIERNO REGIONAL";"II-E";"00006919";"HOSPITAL II-E JUANJUI - MC LUIS IZQUIERDO VÁSQUEZ";"241400";"HOSPITALIZACIÓN QUIRÚRGICA GINECO - OBSTETRICIA ";"61";"64";"141";"141";"10";"300";"0"
"2023";"09";"220601";"SAN MARTIN";"MARISCAL CACERES";"JUANJUI";"GOBIERNO REGIONAL";"II-E";"00006919";"HOSPITAL II-E JUANJUI - MC LUIS IZQUIERDO VÁSQUEZ";"241600";"HOSPITALIZACIÓN QUIRÚRGICA OBSTETRICIA   ";"46";"46";"76";"76";"8";"240";"0"
"2023";"09";"220601";"SAN MARTIN";"MARISCAL CACERES";"JUANJUI";"GOBIERNO REGIONAL";"II-E";"00006919";"HOSPITAL II-E JUANJUI - MC LUIS IZQUIERDO VÁSQUEZ";"241800";"HOSPITALIZACIÓN DE MEDICINA MEDICINA GENERAL ";"34";"39";"117";"117";"10";"300";"1"
"2023";"09";"220601";"SAN MARTIN";"MARISCAL CACERES";"JUANJUI";"GOBIERNO REGIONAL";"II-E";"00006919";"HOSPITAL II-E JUANJUI - MC LUIS IZQUIERDO VÁSQUEZ";"242500";"HOSPITALIZACIÓN-PEDIATRÍA GENERAL-";"45";"50";"139";"139";"12";"360";"0"
"2023";"09";"060604";"CAJAMARCA";"CUTERVO";"CUJILLO";"GOBIERNO REGIONAL";"I-1";"00005026";"EL PAGO";"NE_0001";"";"NE_0001";"NE_0001";"NE_0001";"NE_0001";"NE_0001";"NE_0001";"NE_0001"
"2023";"09";"060605";"CAJAMARCA";"CUTERVO";"LA RAMADA";"GOBIERNO REGIONAL";"I-1";"00007049";"SURO CHICO";"NE_0001";"";"NE_0001";"NE_0001";"NE_0001";"NE_0001";"NE_0001";"NE_0001";"NE_0001"
"2023";"09";"060605";"CAJAMARCA";"CUTERVO";"LA RAMADA";"GOBIERNO REGIONAL";"I-1";"00007180";"TAMBILLO DE LA RAMADA";"NE_0001";"";"NE_0001";"NE_0001";"NE_0001";"NE_0001";"NE_0001";"NE_0001";"NE_0001"
"2023";"09";"060609";"CAJAMARCA";"CUTERVO";"SAN JUAN DE CUTERVO";"GOBIERNO REGIONAL";"I-1";"00005031";"SANTA CRUZ DE LA SUCCHA";"NE_0001";"";"NE_0001";"NE_0001";"NE_0001";"NE_0001";"NE_0001";"NE_0001";"NE_0001"
"2023";"09";"060614";"CAJAMARCA";"CUTERVO";"SOCOTA";"GOBIERNO REGIONAL";"I-1";"00005033";"EL PORVENIR";"NE_0001";"";"NE_0001";"NE_0001";"NE_0001";"NE_0001";"NE_0001";"NE_0001";"NE_0001"
"2023";"09";"060614";"CAJAMARCA";"CUTERVO";"SOCOTA";"GOBIERNO REGIONAL";"I-1";"00006939";"QUIJOS";"NE_0001";"";"NE_0001";"NE_0001";"NE_0001";"NE_0001";"NE_0001";"NE_0001";"NE_0001"
"2023";"09";"060614";"CAJAMARCA";"CUTERVO";"SOCOTA";"GOBIERNO REGIONAL";"I-1";"00007751";"CHANGAY";"NE_0001";"";"NE_0001";"NE_0001";"NE_0001";"NE_0001";"NE_0001";"NE_0001";"NE_0001"
"2023";"09";"060605";"CAJAMARCA";"CUTERVO";"LA RAMADA";"GOBIERNO REGIONAL";"I-1";"00008923";"CARHUALLO";"NE_0001";"";"NE_0001";"NE_0001";"NE_0001";"NE_0001";"NE_0001";"NE_0001";"NE_0001"
"2023";"09";"150117";"LIMA";"LIMA";"LOS OLIVOS";"PRIVADO";"II-E";"00017385";"CLINICA SAN BARTOLOME";"240000";"HOSPITALIZACIÓN";"30";"30";"18";"32";"7";"210";"0"
"2023";"09";"080107";"CUSCO";"CUSCO";"SAYLLA";"GOBIERNO REGIONAL";"I-2";"00002314";"SAYLLA";"NE_0002";"";"NE_0002";"NE_0002";"NE_0002";"NE_0002";"NE_0002";"NE_0002";"NE_0002"
"2023";"09";"080104";"CUSCO";"CUSCO";"SAN JERONIMO";"GOBIERNO REGIONAL";"I-4";"00002300";"SAN JERONIMO";"NE_0002";"";"NE_0002";"NE_0002";"NE_0002";"NE_0002";"NE_0002";"NE_0002";"NE_0002"
"2023";"09";"080206";"CUSCO";"ACOMAYO";"RONDOCAN";"GOBIERNO REGIONAL";"I-3";"00002323";"RONDOCAN";"NE_0002";"";"NE_0002";"NE_0002";"NE_0002";"NE_0002";"NE_0002";"NE_0002";"NE_0002"
"2023";"09";"080105";"CUSCO";"CUSCO";"SAN SEBASTIAN";"GOBIERNO REGIONAL";"I-3";"00002301";"SAN SEBASTIAN";"NE_0002";"";"NE_0002";"NE_0002";"NE_0002";"NE_0002";"NE_0002";"NE_0002";"NE_0002"
"2023";"09";"080104";"CUSCO";"CUSCO";"SAN JERONIMO";"GOBIERNO REGIONAL";"I-1";"00007699";"CONCHACALLE";"NE_0002";"";"NE_0002";"NE_0002";"NE_0002";"NE_0002";"NE_0002";"NE_0002";"NE_0002"
"2023";"09";"080105";"CUSCO";"CUSCO";"SAN SEBASTIAN";"GOBIERNO REGIONAL";"I-3";"00002303";"SANTA ROSA";"NE_0002";"";"NE_0002";"NE_0002";"NE_0002";"NE_0002";"NE_0002";"NE_0002";"NE_0002"
"2023";"09";"211301";"PUNO";"YUNGUYO";"YUNGUYO";"GOBIERNO REGIONAL";"II-1";"00003349";"YUNGUYO";"240100";"HOSPITALIZACIÓN QUIRÚRGICA CIRUGÍA GENERAL ";"23";"25";"68";"68";"4";"120";"0"
"2023";"09";"211301";"PUNO";"YUNGUYO";"YUNGUYO";"GOBIERNO REGIONAL";"II-1";"00003349";"YUNGUYO";"241400";"HOSPITALIZACIÓN QUIRÚRGICA GINECO - OBSTETRICIA ";"24";"24";"41";"41";"3";"90";"0"
"2023";"09";"211301";"PUNO";"YUNGUYO";"YUNGUYO";"GOBIERNO REGIONAL";"II-1";"00003349";"YUNGUYO";"241600";"HOSPITALIZACIÓN QUIRÚRGICA OBSTETRICIA   ";"13";"13";"19";"19";"7";"210";"0"
"2023";"09";"211301";"PUNO";"YUNGUYO";"YUNGUYO";"GOBIERNO REGIONAL";"II-1";"00003349";"YUNGUYO";"241800";"HOSPITALIZACIÓN DE MEDICINA MEDICINA GENERAL ";"13";"15";"61";"61";"8";"240";"0"
"2023";"09";"211301";"PUNO";"YUNGUYO";"YUNGUYO";"GOBIERNO REGIONAL";"II-1";"00003349";"YUNGUYO";"242500";"HOSPITALIZACIÓN-PEDIATRÍA GENERAL-";"2";"2";"4";"4";"2";"60";"0"
"2023";"09";"250105";"UCAYALI";"CORONEL PORTILLO";"YARINACOCHA";"ESSALUD";"I-3";"00032194";"CENTRO  DE SALUD ALAMEDAS - ESSALUD";"NE_0001";"";"NE_0001";"NE_0001";"NE_0001";"NE_0001";"NE_0001";"NE_0001";"NE_0001"
"2023";"09";"080907";"CUSCO";"LA CONVENCION";"KIMBIRI";"GOBIERNO REGIONAL";"II-E";"00002469";"SAN JUAN DE KIMBIRI-VRAEM";"240100";"HOSPITALIZACIÓN QUIRÚRGICA CIRUGÍA GENERAL ";"30";"30";"135";"167";"13";"403";"0"
"2023";"09";"080907";"CUSCO";"LA CONVENCION";"KIMBIRI";"GOBIERNO REGIONAL";"II-E";"00002469";"SAN JUAN DE KIMBIRI-VRAEM";"241400";"HOSPITALIZACIÓN QUIRÚRGICA GINECO - OBSTETRICIA ";"104";"105";"240";"263";"10";"313";"0"
"2023";"09";"080907";"CUSCO";"LA CONVENCION";"KIMBIRI";"GOBIERNO REGIONAL";"II-E";"00002469";"SAN JUAN DE KIMBIRI-VRAEM";"241800";"HOSPITALIZACIÓN DE MEDICINA MEDICINA GENERAL ";"19";"22";"86";"81";"5";"157";"0"
"2023";"09";"080907";"CUSCO";"LA CONVENCION";"KIMBIRI";"GOBIERNO REGIONAL";"II-E";"00002469";"SAN JUAN DE KIMBIRI-VRAEM";"242500";"HOSPITALIZACIÓN-PEDIATRÍA GENERAL-";"54";"47";"180";"243";"15";"465";"0"
"2023";"09";"150132";"LIMA";"LIMA";"SAN JUAN DE LURIGANCHO";"PRIVADO";"II-2";"00009104";"CLINICA SAN MIGUEL ARCANGEL S.A.C.";"240300";"HOSPITALIZACIÓN QUIRÚRGICA CIRUGÍA DIGESTIVA ";"1";"1";"1";"1";"1";"30";"0"
"2023";"09";"150132";"LIMA";"LIMA";"SAN JUAN DE LURIGANCHO";"PRIVADO";"II-2";"00009104";"CLINICA SAN MIGUEL ARCANGEL S.A.C.";"241900";"HOSPITALIZACIÓN DE MEDICINA MEDICINA INTERNA ";"1";"1";"1";"1";"1";"30";"1"
"2023";"09";"150132";"LIMA";"LIMA";"SAN JUAN DE LURIGANCHO";"PRIVADO";"II-2";"00009104";"CLINICA SAN MIGUEL ARCANGEL S.A.C.";"240100";"HOSPITALIZACIÓN QUIRÚRGICA CIRUGÍA GENERAL ";"13";"13";"17";"16";"3";"90";"0"
"2023";"09";"150132";"LIMA";"LIMA";"SAN JUAN DE LURIGANCHO";"PRIVADO";"II-2";"00009104";"CLINICA SAN MIGUEL ARCANGEL S.A.C.";"241400";"HOSPITALIZACIÓN QUIRÚRGICA GINECO - OBSTETRICIA ";"8";"8";"15";"15";"3";"90";"0"
"2023";"09";"150132";"LIMA";"LIMA";"SAN JUAN DE LURIGANCHO";"PRIVADO";"II-2";"00009104";"CLINICA SAN MIGUEL ARCANGEL S.A.C.";"241300";"HOSPITALIZACIÓN QUIRÚRGICA UROLOGÍA  ";"2";"2";"3";"3";"2";"60";"0"
"2023";"09";"150111";"LIMA";"LIMA";"EL AGUSTINO";"PRIVADO";"II-E";"00026299";"CLINICA ONCOVIDA";"240000";"HOSPITALIZACIÓN";"35";"34";"45";"42";"11";"295";"0"
"2023";"09";"250201";"UCAYALI";"ATALAYA";"RAIMONDI";"ESSALUD";"I-3";"00031879";"CENTRO MEDICO DE  ATALAYA - ESSALUD";"NE_0001";"";"NE_0001";"NE_0001";"NE_0001";"NE_0001";"NE_0001";"NE_0001";"NE_0001"
"2023";"09";"120301";"JUNIN";"CHANCHAMAYO";"CHANCHAMAYO";"GOBIERNO REGIONAL";"II-2";"00000308";"HOSPITAL REGIONAL DOCENTE DE MEDICINA TROPICAL DR. JULIO CESAR DEMARINI CARO";"241800";"HOSPITALIZACIÓN DE MEDICINA MEDICINA GENERAL ";"59";"58";"404";"363";"22";"660";"7"
"2023";"09";"120301";"JUNIN";"CHANCHAMAYO";"CHANCHAMAYO";"GOBIERNO REGIONAL";"II-2";"00000308";"HOSPITAL REGIONAL DOCENTE DE MEDICINA TROPICAL DR. JULIO CESAR DEMARINI CARO";"242500";"HOSPITALIZACIÓN-PEDIATRÍA GENERAL-";"41";"39";"220";"201";"16";"480";"0"
"2023";"09";"120301";"JUNIN";"CHANCHAMAYO";"CHANCHAMAYO";"GOBIERNO REGIONAL";"II-2";"00000308";"HOSPITAL REGIONAL DOCENTE DE MEDICINA TROPICAL DR. JULIO CESAR DEMARINI CARO";"240100";"HOSPITALIZACIÓN QUIRÚRGICA CIRUGÍA GENERAL ";"106";"97";"384";"292";"25";"750";"0"
"2023";"09";"120301";"JUNIN";"CHANCHAMAYO";"CHANCHAMAYO";"GOBIERNO REGIONAL";"II-2";"00000308";"HOSPITAL REGIONAL DOCENTE DE MEDICINA TROPICAL DR. JULIO CESAR DEMARINI CARO";"241200";"HOSPITALIZACIÓN QUIRÚRGICA TRAUMATOLOGÍA Y ORTOPEDIA ";"49";"48";"153";"166";"8";"240";"0"
"2023";"09";"120301";"JUNIN";"CHANCHAMAYO";"CHANCHAMAYO";"GOBIERNO REGIONAL";"II-2";"00000308";"HOSPITAL REGIONAL DOCENTE DE MEDICINA TROPICAL DR. JULIO CESAR DEMARINI CARO";"241500";"HOSPITALIZACIÓN QUIRÚRGICA GINECOLOGÍA  ";"30";"18";"59";"103";"4";"120";"0"
"2023";"09";"120301";"JUNIN";"CHANCHAMAYO";"CHANCHAMAYO";"GOBIERNO REGIONAL";"II-2";"00000308";"HOSPITAL REGIONAL DOCENTE DE MEDICINA TROPICAL DR. JULIO CESAR DEMARINI CARO";"241600";"HOSPITALIZACIÓN QUIRÚRGICA OBSTETRICIA   ";"87";"81";"255";"256";"13";"390";"0"
"2023";"03";"120402";"JUNIN";"JAUJA";"ACOLLA";"GOBIERNO REGIONAL";"I-1";"00006874";"CHUQUISHUARI";"NE_0001";"";"NE_0001";"NE_0001";"NE_0001";"NE_0001";"NE_0001";"NE_0001";"NE_0001"
"2023";"04";"120202";"JUNIN";"CONCEPCION";"ACO";"GOBIERNO REGIONAL";"I-1";"00000746";"QUICHA CHICO";"NE_0001";"";"NE_0001";"NE_0001";"NE_0001";"NE_0001";"NE_0001";"NE_0001";"NE_0001"
"2023";"04";"120211";"JUNIN";"CONCEPCION";"MITO";"GOBIERNO REGIONAL";"I-1";"00000748";"MITO";"NE_0001";"";"NE_0001";"NE_0001";"NE_0001";"NE_0001";"NE_0001";"NE_0001";"NE_0001"
"2023";"04";"120213";"JUNIN";"CONCEPCION";"ORCOTUNA";"GOBIERNO REGIONAL";"I-3";"00000751";"ORCOTUNA";"NE_0001";"";"NE_0001";"NE_0001";"NE_0001";"NE_0001";"NE_0001";"NE_0001";"NE_0001"
"2023";"04";"120122";"JUNIN";"HUANCAYO";"INGENIO";"GOBIERNO REGIONAL";"I-2";"00000663";"INGENIO";"NE_0001";"";"NE_0001";"NE_0001";"NE_0001";"NE_0001";"NE_0001";"NE_0001";"NE_0001"
"2023";"04";"120212";"JUNIN";"CONCEPCION";"NUEVE DE JULIO";"GOBIERNO REGIONAL";"I-1";"00000690";"NUEVE DE JULIO";"NE_0001";"";"NE_0001";"NE_0001";"NE_0001";"NE_0001";"NE_0001";"NE_0001";"NE_0001"
"2023";"04";"120202";"JUNIN";"CONCEPCION";"ACO";"GOBIERNO REGIONAL";"I-2";"00000745";"ACO";"NE_0001";"";"NE_0001";"NE_0001";"NE_0001";"NE_0001";"NE_0001";"NE_0001";"NE_0001"
"2023";"04";"120211";"JUNIN";"CONCEPCION";"MITO";"GOBIERNO REGIONAL";"I-1";"00000749";"SAN LUIS YAICO";"NE_0001";"";"NE_0001";"NE_0001";"NE_0001";"NE_0001";"NE_0001";"NE_0001";"NE_0001"
"2023";"04";"120122";"JUNIN";"HUANCAYO";"INGENIO";"GOBIERNO REGIONAL";"I-1";"00000664";"CASACANCHA";"NE_0001";"";"NE_0001";"NE_0001";"NE_0001";"NE_0001";"NE_0001";"NE_0001";"NE_0001"
"2023";"04";"120201";"JUNIN";"CONCEPCION";"CONCEPCION";"GOBIERNO REGIONAL";"I-4";"00000671";"DAVID GUERRERO DUARTE";"NE_0001";"";"NE_0001";"NE_0001";"NE_0001";"NE_0001";"NE_0001";"NE_0001";"NE_0001"
"2023";"04";"120210";"JUNIN";"CONCEPCION";"MATAHUASI";"GOBIERNO REGIONAL";"I-3";"00000687";"MATAHUASI";"NE_0001";"";"NE_0001";"NE_0001";"NE_0001";"NE_0001";"NE_0001";"NE_0001";"NE_0001"
"2023";"04";"120211";"JUNIN";"CONCEPCION";"MITO";"GOBIERNO REGIONAL";"I-1";"00000750";"MATAHULO";"NE_0001";"";"NE_0001";"NE_0001";"NE_0001";"NE_0001";"NE_0001";"NE_0001";"NE_0001"
"2023";"04";"120202";"JUNIN";"CONCEPCION";"ACO";"GOBIERNO REGIONAL";"I-1";"00000747";"QUICHA GRANDE";"NE_0001";"";"NE_0001";"NE_0001";"NE_0001";"NE_0001";"NE_0001";"NE_0001";"NE_0001"
"2023";"04";"120213";"JUNIN";"CONCEPCION";"ORCOTUNA";"GOBIERNO REGIONAL";"I-1";"00000752";"VICSO";"NE_0001";"";"NE_0001";"NE_0001";"NE_0001";"NE_0001";"NE_0001";"NE_0001";"NE_0001"
"2023";"04";"120207";"JUNIN";"CONCEPCION";"HEROINAS TOLEDO";"GOBIERNO REGIONAL";"I-1";"00000685";"HEROINAS TOLEDO";"NE_0001";"";"NE_0001";"NE_0001";"NE_0001";"NE_0001";"NE_0001";"NE_0001";"NE_0001"
"2023";"04";"120215";"JUNIN";"CONCEPCION";"SANTA ROSA DE OCOPA";"GOBIERNO REGIONAL";"I-1";"00000692";"HUANCHAR";"NE_0001";"";"NE_0001";"NE_0001";"NE_0001";"NE_0001";"NE_0001";"NE_0001";"NE_0001"
"2023";"04";"120127";"JUNIN";"HUANCAYO";"QUICHUAY";"GOBIERNO REGIONAL";"I-2";"00000665";"QUICHUAY";"NE_0001";"";"NE_0001";"NE_0001";"NE_0001";"NE_0001";"NE_0001";"NE_0001";"NE_0001"
"2023";"04";"120210";"JUNIN";"CONCEPCION";"MATAHUASI";"GOBIERNO REGIONAL";"I-1";"00000688";"MARAVILCA";"NE_0001";"";"NE_0001";"NE_0001";"NE_0001";"NE_0001";"NE_0001";"NE_0001";"NE_0001"
"2023";"04";"120210";"JUNIN";"CONCEPCION";"MATAHUASI";"GOBIERNO REGIONAL";"I-1";"00000689";"YANAMUCLO";"NE_0001";"";"NE_0001";"NE_0001";"NE_0001";"NE_0001";"NE_0001";"NE_0001";"NE_0001"
"2023";"04";"120215";"JUNIN";"CONCEPCION";"SANTA ROSA DE OCOPA";"GOBIERNO REGIONAL";"I-3";"00000691";"SANTA ROSA DE OCOPA";"NE_0001";"";"NE_0001";"NE_0001";"NE_0001";"NE_0001";"NE_0001";"NE_0001";"NE_0001"
"2023";"07";"150141";"LIMA";"LIMA";"SURQUILLO";"PRIVADO";"I-3";"00023509";"MEDICINA EMPRESARIAL DE PREVENCIÓN EN SALUD OCUPACIONAL SAC";"NE_0001";"";"NE_0001";"NE_0001";"NE_0001";"NE_0001";"NE_0001";"NE_0001";"NE_0001"
"2023";"04";"040110";"AREQUIPA";"AREQUIPA";"MIRAFLORES";"GOBIERNO REGIONAL";"I-2";"00001305";"CENTRO DE SALUD TOMASA T. COMDEMAYTA";"NE_0001";"";"NE_0001";"NE_0001";"NE_0001";"NE_0001";"NE_0001";"NE_0001";"NE_0001"
"2023";"04";"040110";"AREQUIPA";"AREQUIPA";"MIRAFLORES";"GOBIERNO REGIONAL";"I-3";"00032056";"CENTRO DE SALUD MENTAL COMUNITARIO MIRAFLORES";"NE_0001";"";"NE_0001";"NE_0001";"NE_0001";"NE_0001";"NE_0001";"NE_0001";"NE_0001"
"2023";"04";"040110";"AREQUIPA";"AREQUIPA";"MIRAFLORES";"GOBIERNO REGIONAL";"I-4";"00001292";"CENTRO DE SALUD EDIFICADORES MISTI";"241600";"HOSPITALIZACIÓN QUIRÚRGICA OBSTETRICIA   ";"4";"4";"4";"4";"4";"9";"30"
"2023";"04";"040110";"AREQUIPA";"AREQUIPA";"MIRAFLORES";"GOBIERNO REGIONAL";"I-3";"00001293";"CENTRO DE SALUD MIRAFLORES";"NE_0001";"";"NE_0001";"NE_0001";"NE_0001";"NE_0001";"NE_0001";"NE_0001";"NE_0001"
"2023";"04";"040110";"AREQUIPA";"AREQUIPA";"MIRAFLORES";"GOBIERNO REGIONAL";"I-3";"00001307";"CENTRO DE SALUD MATEO PUMACAHUA";"NE_0001";"";"NE_0001";"NE_0001";"NE_0001";"NE_0001";"NE_0001";"NE_0001";"NE_0001"
"2023";"04";"040110";"AREQUIPA";"AREQUIPA";"MIRAFLORES";"GOBIERNO REGIONAL";"I-3";"00001306";"CENTRO DE SALUD PORVENIR-MIRAFLORES";"NE_0001";"";"NE_0001";"NE_0001";"NE_0001";"NE_0001";"NE_0001";"NE_0001";"NE_0001"
"2023";"04";"220804";"SAN MARTIN";"RIOJA";"NUEVA CAJAMARCA";"GOBIERNO REGIONAL";"I-1";"00006289";"MIRAFLORES";"NE_0001";"";"NE_0001";"NE_0001";"NE_0001";"NE_0001";"NE_0001";"NE_0001";"NE_0001"
"2023";"04";"220804";"SAN MARTIN";"RIOJA";"NUEVA CAJAMARCA";"GOBIERNO REGIONAL";"I-4";"00006283";"HOSPITAL RURAL NUEVA CAJAMARCA";"241600";"HOSPITALIZACIÓN QUIRÚRGICA OBSTETRICIA   ";"55";"58";"78";"78";"8";"240";"0"
"2023";"04";"220804";"SAN MARTIN";"RIOJA";"NUEVA CAJAMARCA";"GOBIERNO REGIONAL";"I-4";"00006283";"HOSPITAL RURAL NUEVA CAJAMARCA";"241800";"HOSPITALIZACIÓN DE MEDICINA MEDICINA GENERAL ";"36";"39";"89";"89";"8";"240";"0"
"2023";"04";"220804";"SAN MARTIN";"RIOJA";"NUEVA CAJAMARCA";"GOBIERNO REGIONAL";"I-4";"00006283";"HOSPITAL RURAL NUEVA CAJAMARCA";"242500";"HOSPITALIZACIÓN-PEDIATRÍA GENERAL-";"3";"4";"9";"9";"5";"150";"0"
"2023";"04";"220804";"SAN MARTIN";"RIOJA";"NUEVA CAJAMARCA";"GOBIERNO REGIONAL";"I-1";"00006287";"TAHUANTINSUYO";"NE_0001";"";"NE_0001";"NE_0001";"NE_0001";"NE_0001";"NE_0001";"NE_0001";"NE_0001"
"2023";"04";"220804";"SAN MARTIN";"RIOJA";"NUEVA CAJAMARCA";"GOBIERNO REGIONAL";"I-1";"00006284";"LA FLORIDA";"NE_0001";"";"NE_0001";"NE_0001";"NE_0001";"NE_0001";"NE_0001";"NE_0001";"NE_0001"
"2023";"04";"220804";"SAN MARTIN";"RIOJA";"NUEVA CAJAMARCA";"GOBIERNO REGIONAL";"I-1";"00006285";"LA UNION";"NE_0001";"";"NE_0001";"NE_0001";"NE_0001";"NE_0001";"NE_0001";"NE_0001";"NE_0001"
"2023";"04";"220804";"SAN MARTIN";"RIOJA";"NUEVA CAJAMARCA";"GOBIERNO REGIONAL";"I-1";"00006286";"PALESTINA";"NE_0001";"";"NE_0001";"NE_0001";"NE_0001";"NE_0001";"NE_0001";"NE_0001";"NE_0001"
"2023";"04";"220804";"SAN MARTIN";"RIOJA";"NUEVA CAJAMARCA";"GOBIERNO REGIONAL";"I-1";"00006288";"UCRANIA";"NE_0001";"";"NE_0001";"NE_0001";"NE_0001";"NE_0001";"NE_0001";"NE_0001";"NE_0001"
"2023";"05";"160201";"LORETO";"ALTO AMAZONAS";"YURIMAGUAS";"ESSALUD";"II-1";"00020274";"ESSALUD - HOSPITAL I YURIMAGUAS";"241800";"HOSPITALIZACIÓN DE MEDICINA MEDICINA GENERAL ";"50";"59";"294";"254";"9";"279";"2"
"2023";"05";"160201";"LORETO";"ALTO AMAZONAS";"YURIMAGUAS";"ESSALUD";"II-1";"00020274";"ESSALUD - HOSPITAL I YURIMAGUAS";"241600";"HOSPITALIZACIÓN QUIRÚRGICA OBSTETRICIA   ";"16";"19";"68";"61";"2";"62";"0"
"2023";"05";"130901";"LA LIBERTAD";"SANCHEZ CARRION";"HUAMACHUCO";"GOBIERNO REGIONAL";"I-3";"00026446";"CENTRO DE SALUD MENTAL COMUNITARIO SEMBRANDO ESPERANZA DE HUAMACHUCO";"NE_0001";"";"NE_0001";"NE_0001";"NE_0001";"NE_0001";"NE_0001";"NE_0001";"NE_0001"
"2023";"07";"150119";"LIMA";"LIMA";"LURIN";"PRIVADO";"I-3";"00027216";"MEPSO";"NE_0001";"";"NE_0001";"NE_0001";"NE_0001";"NE_0001";"NE_0001";"NE_0001";"NE_0001"
"2023";"08";"040208";"AREQUIPA";"CAMANA";"SAMUEL PASTOR";"ESSALUD";"I-4";"00011009";"HOSPITAL I SAMUEL PASTOR DE CAMANA ESSALUD";"241800";"HOSPITALIZACIÓN DE MEDICINA MEDICINA GENERAL ";"24";"27";"123";"109";"4";"124";"0"
"2023";"08";"040208";"AREQUIPA";"CAMANA";"SAMUEL PASTOR";"ESSALUD";"I-4";"00011009";"HOSPITAL I SAMUEL PASTOR DE CAMANA ESSALUD";"240100";"HOSPITALIZACIÓN QUIRÚRGICA CIRUGÍA GENERAL ";"8";"8";"22";"22";"1";"31";"0"
"2023";"08";"040208";"AREQUIPA";"CAMANA";"SAMUEL PASTOR";"ESSALUD";"I-4";"00011009";"HOSPITAL I SAMUEL PASTOR DE CAMANA ESSALUD";"241500";"HOSPITALIZACIÓN QUIRÚRGICA GINECOLOGÍA  ";"17";"17";"35";"35";"2";"62";"0"
"2023";"08";"040208";"AREQUIPA";"CAMANA";"SAMUEL PASTOR";"ESSALUD";"I-4";"00011009";"HOSPITAL I SAMUEL PASTOR DE CAMANA ESSALUD";"241600";"HOSPITALIZACIÓN QUIRÚRGICA OBSTETRICIA   ";"1";"1";"1";"1";"1";"31";"0"
"2023";"08";"021801";"ANCASH";"SANTA";"CHIMBOTE";"SANIDAD DE LA POLICIA NACIONAL DEL PERU";"I-3";"00017690";"POLICLINICO PNP CHIMBOTE";"NE_0001";"";"NE_0001";"NE_0001";"NE_0001";"NE_0001";"NE_0001";"NE_0001";"NE_0001"
"2023";"08";"040101";"AREQUIPA";"AREQUIPA";"AREQUIPA";"PRIVADO";"II-E";"00016486";"CLÍNICA DE OJOS Y LA VISTA FUNDAR E.I.R.L.";"NE_0001";"";"NE_0001";"NE_0001";"NE_0001";"NE_0001";"NE_0001";"NE_0001";"NE_0001"
"2023";"08";"110501";"ICA";"PISCO";"PISCO";"SANIDAD DE LA POLICIA NACIONAL DEL PERU";"I-2";"00011400";"POSTA MEDICA POLICIAL PISCO";"NE_0001";"";"NE_0001";"NE_0001";"NE_0001";"NE_0001";"NE_0001";"NE_0001";"NE_0001"
"2023";"07";"061109";"CAJAMARCA";"SAN MIGUEL";"NIEPOS";"GOBIERNO REGIONAL";"I-1";"00004560";"EL NARANJO";"NE_0001";"";"NE_0001";"NE_0001";"NE_0001";"NE_0001";"NE_0001";"NE_0001";"NE_0001"
"2023";"07";"061109";"CAJAMARCA";"SAN MIGUEL";"NIEPOS";"GOBIERNO REGIONAL";"I-1";"00004559";"MIRAVALLES";"NE_0001";"";"NE_0001";"NE_0001";"NE_0001";"NE_0001";"NE_0001";"NE_0001";"NE_0001"
"2023";"07";"061109";"CAJAMARCA";"SAN MIGUEL";"NIEPOS";"GOBIERNO REGIONAL";"I-1";"00004558";"LANCHEZ";"NE_0001";"";"NE_0001";"NE_0001";"NE_0001";"NE_0001";"NE_0001";"NE_0001";"NE_0001"
"2023";"07";"061109";"CAJAMARCA";"SAN MIGUEL";"NIEPOS";"GOBIERNO REGIONAL";"I-2";"00004557";"NIEPOS";"NE_0001";"";"NE_0001";"NE_0001";"NE_0001";"NE_0001";"NE_0001";"NE_0001";"NE_0001"
"2023";"07";"061106";"CAJAMARCA";"SAN MIGUEL";"LA FLORIDA";"GOBIERNO REGIONAL";"I-3";"00004556";"LA FLORIDA";"NE_0001";"";"NE_0001";"NE_0001";"NE_0001";"NE_0001";"NE_0001";"NE_0001";"NE_0001"
"2023";"08";"150107";"LIMA";"LIMA";"CHACLACAYO";"SANIDAD DE LA POLICIA NACIONAL DEL PERU";"I-2";"00011227";"POSTA MEDICA POLICIAL CHACLACAYO";"NE_0001";"";"NE_0001";"NE_0001";"NE_0001";"NE_0001";"NE_0001";"NE_0001";"NE_0001"
"2023";"08";"210101";"PUNO";"PUNO";"PUNO";"ESSALUD";"I-3";"00009217";"CENTRO DE ATENCION PRIMARIA III METROPOLITANO DE PUNO";"NE_0001";"";"NE_0001";"NE_0001";"NE_0001";"NE_0001";"NE_0001";"NE_0001";"NE_0001"
"2023";"08";"220101";"SAN MARTIN";"MOYOBAMBA";"MOYOBAMBA";"GOBIERNO REGIONAL";"I-1";"00006321";"LOS ANGELES";"NE_0001";"";"NE_0001";"NE_0001";"NE_0001";"NE_0001";"NE_0001";"NE_0001";"NE_0001"
"2023";"08";"220101";"SAN MARTIN";"MOYOBAMBA";"MOYOBAMBA";"GOBIERNO REGIONAL";"I-1";"00006320";"CAÑABRAVA";"NE_0001";"";"NE_0001";"NE_0001";"NE_0001";"NE_0001";"NE_0001";"NE_0001";"NE_0001"
"2023";"08";"220101";"SAN MARTIN";"MOYOBAMBA";"MOYOBAMBA";"GOBIERNO REGIONAL";"I-1";"00006319";"BUENOS AIRES";"NE_0001";"";"NE_0001";"NE_0001";"NE_0001";"NE_0001";"NE_0001";"NE_0001";"NE_0001"
"2023";"08";"220106";"SAN MARTIN";"MOYOBAMBA";"YANTALO";"GOBIERNO REGIONAL";"I-3";"00006318";"YANTALO";"NE_0002";"";"NE_0002";"NE_0002";"NE_0002";"NE_0002";"NE_0002";"NE_0002";"NE_0002"
"2023";"08";"060801";"CAJAMARCA";"JAEN";"JAEN";"ESSALUD";"II-1";"00010136";"HOSPITAL II-1 CLINICA JAEN";"241800";"HOSPITALIZACIÓN DE MEDICINA MEDICINA GENERAL ";"70";"60";"235";"249";"12";"368";"0"
"2023";"08";"060801";"CAJAMARCA";"JAEN";"JAEN";"ESSALUD";"II-1";"00010136";"HOSPITAL II-1 CLINICA JAEN";"240100";"HOSPITALIZACIÓN QUIRÚRGICA CIRUGÍA GENERAL ";"54";"69";"255";"209";"8";"239";"0"
"2023";"08";"060801";"CAJAMARCA";"JAEN";"JAEN";"ESSALUD";"II-1";"00010136";"HOSPITAL II-1 CLINICA JAEN";"241400";"HOSPITALIZACIÓN QUIRÚRGICA GINECO - OBSTETRICIA ";"71";"58";"96";"99";"6";"139";"0"
"2023";"08";"060801";"CAJAMARCA";"JAEN";"JAEN";"ESSALUD";"II-1";"00010136";"HOSPITAL II-1 CLINICA JAEN";"242300";"HOSPITALIZACIÓN DE PEDIATRÍA  PEDIATRÍA  GENERAL ";"86";"84";"140";"163";"7";"227";"0"
"2023";"08";"080910";"CUSCO";"LA CONVENCION";"PICHARI";"GOBIERNO REGIONAL";"I-2";"00007114";"QUISTO CENTRAL";"NE_0001";"";"NE_0001";"NE_0001";"NE_0001";"NE_0001";"NE_0001";"NE_0001";"NE_0001"
"2023";"08";"080910";"CUSCO";"LA CONVENCION";"PICHARI";"GOBIERNO REGIONAL";"I-1";"00015170";"PICHARI BAJA";"NE_0001";"";"NE_0001";"NE_0001";"NE_0001";"NE_0001";"NE_0001";"NE_0001";"NE_0001"
"2023";"08";"080910";"CUSCO";"LA CONVENCION";"PICHARI";"GOBIERNO REGIONAL";"I-2";"00002496";"OMAYA";"NE_0001";"";"NE_0001";"NE_0001";"NE_0001";"NE_0001";"NE_0001";"NE_0001";"NE_0001"
"2023";"09";"150801";"LIMA";"HUAURA";"HUACHO";"ESSALUD";"II-2";"00011337";"HOSPITAL II GUSTAVO LANATTA LUJAN - ESSALUD";"241800";"HOSPITALIZACIÓN DE MEDICINA MEDICINA GENERAL ";"89";"87";"866";"860";"36";"1080";"14"
"2023";"09";"150801";"LIMA";"HUAURA";"HUACHO";"ESSALUD";"II-2";"00011337";"HOSPITAL II GUSTAVO LANATTA LUJAN - ESSALUD";"240100";"HOSPITALIZACIÓN QUIRÚRGICA CIRUGÍA GENERAL ";"108";"113";"486";"435";"28";"840";"0"
"2023";"09";"150801";"LIMA";"HUAURA";"HUACHO";"ESSALUD";"II-2";"00011337";"HOSPITAL II GUSTAVO LANATTA LUJAN - ESSALUD";"241200";"HOSPITALIZACIÓN QUIRÚRGICA TRAUMATOLOGÍA Y ORTOPEDIA ";"33";"32";"131";"149";"6";"180";"0"
"2023";"09";"150801";"LIMA";"HUAURA";"HUACHO";"ESSALUD";"II-2";"00011337";"HOSPITAL II GUSTAVO LANATTA LUJAN - ESSALUD";"241500";"HOSPITALIZACIÓN QUIRÚRGICA GINECOLOGÍA  ";"49";"45";"101";"118";"6";"180";"0"
"2023";"09";"150801";"LIMA";"HUAURA";"HUACHO";"ESSALUD";"II-2";"00011337";"HOSPITAL II GUSTAVO LANATTA LUJAN - ESSALUD";"241600";"HOSPITALIZACIÓN QUIRÚRGICA OBSTETRICIA   ";"154";"158";"318";"305";"18";"540";"0"
"2023";"09";"150801";"LIMA";"HUAURA";"HUACHO";"ESSALUD";"II-2";"00011337";"HOSPITAL II GUSTAVO LANATTA LUJAN - ESSALUD";"242300";"HOSPITALIZACIÓN DE PEDIATRÍA  PEDIATRÍA  GENERAL ";"51";"51";"181";"193";"12";"360";"0"
"2023";"09";"150801";"LIMA";"HUAURA";"HUACHO";"ESSALUD";"II-2";"00011337";"HOSPITAL II GUSTAVO LANATTA LUJAN - ESSALUD";"243200";"HOSPITALIZACIÓN DE PEDIATRÍA PEDIATRIA NEONATOLOGÍA";"24";"24";"60";"59";"5";"150";"0"
"2023";"09";"150801";"LIMA";"HUAURA";"HUACHO";"ESSALUD";"II-2";"00011337";"HOSPITAL II GUSTAVO LANATTA LUJAN - ESSALUD";"250100";"UNIDAD DE CUIDADOS CRITICOS UNIDAD  DE CUIDADOS INTENSIVOS GENERALES (UCI) ";"8";"11";"124";"70";"4";"120";"3"
"2023";"09";"060301";"CAJAMARCA";"CELENDIN";"CELENDIN";"ESSALUD";"I-3";"00010269";"CENTRO MEDICO ESSALUD CELENDIN";"NE_0001";"";"NE_0001";"NE_0001";"NE_0001";"NE_0001";"NE_0001";"NE_0001";"NE_0001"
"2023";"04";"120101";"JUNIN";"HUANCAYO";"HUANCAYO";"PRIVADO";"II-E";"00025973";"CLINICA ZARATE";"241800";"HOSPITALIZACIÓN DE MEDICINA MEDICINA GENERAL ";"85";"85";"21";"172";"12";"186";"0"
"2023";"03";"120501";"JUNIN";"JUNIN";"JUNIN";"GOBIERNO REGIONAL";"II-1";"00000519";"DE APOYO JUNIN";"241800";"HOSPITALIZACIÓN DE MEDICINA MEDICINA GENERAL ";"8";"8";"30";"30";"10";"310";"0"
"2023";"03";"120501";"JUNIN";"JUNIN";"JUNIN";"GOBIERNO REGIONAL";"II-1";"00000519";"DE APOYO JUNIN";"243200";"HOSPITALIZACIÓN DE PEDIATRÍA PEDIATRIA NEONATOLOGÍA";"6";"6";"17";"17";"4";"124";"0"
"2023";"03";"120501";"JUNIN";"JUNIN";"JUNIN";"GOBIERNO REGIONAL";"II-1";"00000519";"DE APOYO JUNIN";"242500";"HOSPITALIZACIÓN-PEDIATRÍA GENERAL-";"0";"2";"14";"12";"4";"124";"0"
"2023";"03";"120501";"JUNIN";"JUNIN";"JUNIN";"GOBIERNO REGIONAL";"II-1";"00000519";"DE APOYO JUNIN";"240100";"HOSPITALIZACIÓN QUIRÚRGICA CIRUGÍA GENERAL ";"6";"7";"57";"56";"10";"310";"0"
"2023";"03";"120501";"JUNIN";"JUNIN";"JUNIN";"GOBIERNO REGIONAL";"II-1";"00000519";"DE APOYO JUNIN";"241500";"HOSPITALIZACIÓN QUIRÚRGICA GINECOLOGÍA  ";"12";"10";"28";"28";"4";"124";"0"
"2023";"03";"120501";"JUNIN";"JUNIN";"JUNIN";"GOBIERNO REGIONAL";"II-1";"00000519";"DE APOYO JUNIN";"242200";"HOSPITALIZACIÓN DE MEDICINA PSIQUIATRÍA ";"11";"8";"36";"36";"10";"310";"0"
"2023";"03";"120501";"JUNIN";"JUNIN";"JUNIN";"GOBIERNO REGIONAL";"II-1";"00000519";"DE APOYO JUNIN";"241600";"HOSPITALIZACIÓN QUIRÚRGICA OBSTETRICIA   ";"21";"20";"40";"41";"4";"124";"0"
"2023";"05";"120401";"JUNIN";"JAUJA";"JAUJA";"SANIDAD DE LA POLICIA NACIONAL DEL PERU";"I-2";"00011874";"POSTA MEDICA POLICIAL JAUJA";"NE_0001";"";"NE_0001";"NE_0001";"NE_0001";"NE_0001";"NE_0001";"NE_0001";"NE_0001"
"2023";"06";"120302";"JUNIN";"CHANCHAMAYO";"PERENE";"GOBIERNO REGIONAL";"I-1";"00000322";"LIBERTAD TOTERANI";"NE_0001";"";"NE_0001";"NE_0001";"NE_0001";"NE_0001";"NE_0001";"NE_0001";"NE_0001"
"2023";"06";"120302";"JUNIN";"CHANCHAMAYO";"PERENE";"GOBIERNO REGIONAL";"I-1";"00000323";"INCHATINGARI";"NE_0001";"";"NE_0001";"NE_0001";"NE_0001";"NE_0001";"NE_0001";"NE_0001";"NE_0001"
"2023";"06";"120302";"JUNIN";"CHANCHAMAYO";"PERENE";"GOBIERNO REGIONAL";"I-2";"00000324";"LOS ANGELES DE UBIRIKI";"NE_0001";"";"NE_0001";"NE_0001";"NE_0001";"NE_0001";"NE_0001";"NE_0001";"NE_0001"
"2023";"06";"120302";"JUNIN";"CHANCHAMAYO";"PERENE";"GOBIERNO REGIONAL";"I-1";"00000327";"ALTO PUMPURIANI";"NE_0001";"";"NE_0001";"NE_0001";"NE_0001";"NE_0001";"NE_0001";"NE_0001";"NE_0001"
"2023";"06";"120302";"JUNIN";"CHANCHAMAYO";"PERENE";"GOBIERNO REGIONAL";"I-1";"00000335";"ZONA PATRIA";"NE_0001";"";"NE_0001";"NE_0001";"NE_0001";"NE_0001";"NE_0001";"NE_0001";"NE_0001"
"2023";"06";"120302";"JUNIN";"CHANCHAMAYO";"PERENE";"GOBIERNO REGIONAL";"I-3";"00000320";"PUERTO YURINAKI";"NE_0001";"";"NE_0001";"NE_0001";"NE_0001";"NE_0001";"NE_0001";"NE_0001";"NE_0001"
"2023";"06";"120302";"JUNIN";"CHANCHAMAYO";"PERENE";"GOBIERNO REGIONAL";"I-2";"00000325";"CENTRO POBLADO MENOR LA FLORIDA";"NE_0001";"";"NE_0001";"NE_0001";"NE_0001";"NE_0001";"NE_0001";"NE_0001";"NE_0001"
"2023";"06";"150130";"LIMA";"LIMA";"SAN BORJA";"PRIVADO";"II-E";"00015934";"CENTRO DE CIRUGÍA ESTÉTICA LAS CONDES";"240800";"HOSPITALIZACIÓN QUIRÚRGICA CIRUGÍA PLÁSTICA/RECONSTRUCTIVA/ REPARADORA ";"134";"134";"211";"167";"9";"180";"0"
"2023";"06";"160113";"LORETO";"MAYNAS";"SAN JUAN BAUTISTA";"PRIVADO";"II-E";"00024041";"CLÍNICA ESPECIALIZADA EMANUEL";"NE_0001";"";"NE_0001";"NE_0001";"NE_0001";"NE_0001";"NE_0001";"NE_0001";"NE_0001"
"2023";"06";"090301";"HUANCAVELICA";"ANGARAES";"LIRCAY";"GOBIERNO REGIONAL";"I-1";"00003944";"BUENA VISTA";"NE_0001";"";"NE_0001";"NE_0001";"NE_0001";"NE_0001";"NE_0001";"NE_0001";"NE_0001"
"2023";"06";"090301";"HUANCAVELICA";"ANGARAES";"LIRCAY";"GOBIERNO REGIONAL";"I-1";"00003947";"CONSTANCIA";"NE_0001";"";"NE_0001";"NE_0001";"NE_0001";"NE_0001";"NE_0001";"NE_0001";"NE_0001"
"2023";"06";"090301";"HUANCAVELICA";"ANGARAES";"LIRCAY";"GOBIERNO REGIONAL";"I-1";"00003950";"CHALLHUAPUQUIO";"NE_0001";"";"NE_0001";"NE_0001";"NE_0001";"NE_0001";"NE_0001";"NE_0001";"NE_0001"
"2023";"06";"090307";"HUANCAVELICA";"ANGARAES";"HUANCA-HUANCA";"GOBIERNO REGIONAL";"I-2";"00003953";"HUANCA HUANCA";"NE_0001";"";"NE_0001";"NE_0001";"NE_0001";"NE_0001";"NE_0001";"NE_0001";"NE_0001"
"2023";"06";"090312";"HUANCAVELICA";"ANGARAES";"SECCLLA";"GOBIERNO REGIONAL";"I-1";"00003970";"QUISPICANCHA";"NE_0001";"";"NE_0001";"NE_0001";"NE_0001";"NE_0001";"NE_0001";"NE_0001";"NE_0001"
"2023";"06";"090301";"HUANCAVELICA";"ANGARAES";"LIRCAY";"GOBIERNO REGIONAL";"I-1";"00011769";"YANAUTUTO";"NE_0001";"";"NE_0001";"NE_0001";"NE_0001";"NE_0001";"NE_0001";"NE_0001";"NE_0001"
"2023";"06";"090303";"HUANCAVELICA";"ANGARAES";"CALLANMARCA";"GOBIERNO REGIONAL";"I-1";"00003952";"CALLANMARCA";"NE_0001";"";"NE_0001";"NE_0001";"NE_0001";"NE_0001";"NE_0001";"NE_0001";"NE_0001"
"2023";"06";"090304";"HUANCAVELICA";"ANGARAES";"CCOCHACCASA";"GOBIERNO REGIONAL";"I-1";"00003957";"CCASCCABAMBA";"NE_0001";"";"NE_0001";"NE_0001";"NE_0001";"NE_0001";"NE_0001";"NE_0001";"NE_0001"
"2023";"06";"090302";"HUANCAVELICA";"ANGARAES";"ANCHONGA";"GOBIERNO REGIONAL";"I-3";"00003959";"PARCO ALTO";"NE_0002";"";"NE_0002";"NE_0002";"NE_0002";"NE_0002";"NE_0002";"NE_0002";"NE_0002"
"2023";"06";"090301";"HUANCAVELICA";"ANGARAES";"LIRCAY";"GOBIERNO REGIONAL";"I-2";"00007385";"SAN JUAN DE DIOS DE CCOLLPAPAMPA";"NE_0001";"";"NE_0001";"NE_0001";"NE_0001";"NE_0001";"NE_0001";"NE_0001";"NE_0001"
"2023";"06";"090311";"HUANCAVELICA";"ANGARAES";"SANTO TOMAS DE PATA";"GOBIERNO REGIONAL";"I-1";"00011768";"CUTICSA";"NE_0001";"";"NE_0001";"NE_0001";"NE_0001";"NE_0001";"NE_0001";"NE_0001";"NE_0001"
"2023";"06";"090302";"HUANCAVELICA";"ANGARAES";"ANCHONGA";"GOBIERNO REGIONAL";"I-2";"00003960";"TUCO";"NE_0001";"";"NE_0001";"NE_0001";"NE_0001";"NE_0001";"NE_0001";"NE_0001";"NE_0001"
"2023";"06";"090309";"HUANCAVELICA";"ANGARAES";"JULCAMARCA";"GOBIERNO REGIONAL";"I-3";"00003962";"JULCAMARCA";"NE_0002";"";"NE_0002";"NE_0002";"NE_0002";"NE_0002";"NE_0002";"NE_0002";"NE_0002"
"2023";"06";"090312";"HUANCAVELICA";"ANGARAES";"SECCLLA";"GOBIERNO REGIONAL";"I-1";"00003971";"TRANCA";"NE_0001";"";"NE_0001";"NE_0001";"NE_0001";"NE_0001";"NE_0001";"NE_0001";"NE_0001"
"2023";"06";"090302";"HUANCAVELICA";"ANGARAES";"ANCHONGA";"GOBIERNO REGIONAL";"I-3";"00006901";"BUENOS AIRES DE PARCO CHACAPUNCU";"NE_0001";"";"NE_0001";"NE_0001";"NE_0001";"NE_0001";"NE_0001";"NE_0001";"NE_0001"
"2023";"06";"090304";"HUANCAVELICA";"ANGARAES";"CCOCHACCASA";"GOBIERNO REGIONAL";"I-3";"00003955";"CCOCHACCASA";"NE_0002";"";"NE_0002";"NE_0002";"NE_0002";"NE_0002";"NE_0002";"NE_0002";"NE_0002"
"2023";"06";"090302";"HUANCAVELICA";"ANGARAES";"ANCHONGA";"GOBIERNO REGIONAL";"I-1";"00003958";"ANCHONGA";"NE_0001";"";"NE_0001";"NE_0001";"NE_0001";"NE_0001";"NE_0001";"NE_0001";"NE_0001"
"2023";"06";"090302";"HUANCAVELICA";"ANGARAES";"ANCHONGA";"GOBIERNO REGIONAL";"I-1";"00011454";"ALTO MARAYNIYOCC";"NE_0001";"";"NE_0001";"NE_0001";"NE_0001";"NE_0001";"NE_0001";"NE_0001";"NE_0001"
"2023";"06";"090302";"HUANCAVELICA";"ANGARAES";"ANCHONGA";"GOBIERNO REGIONAL";"I-2";"00003961";"SAN PABLO DE OCCO";"NE_0001";"";"NE_0001";"NE_0001";"NE_0001";"NE_0001";"NE_0001";"NE_0001";"NE_0001"
"2023";"06";"090306";"HUANCAVELICA";"ANGARAES";"CONGALLA";"GOBIERNO REGIONAL";"I-1";"00003975";"LIRCAYCCASA";"NE_0001";"";"NE_0001";"NE_0001";"NE_0001";"NE_0001";"NE_0001";"NE_0001";"NE_0001"
"2023";"06";"090304";"HUANCAVELICA";"ANGARAES";"CCOCHACCASA";"GOBIERNO REGIONAL";"I-1";"00011204";"VELASCO PUCAPAMPA";"NE_0001";"";"NE_0001";"NE_0001";"NE_0001";"NE_0001";"NE_0001";"NE_0001";"NE_0001"
"2023";"06";"090301";"HUANCAVELICA";"ANGARAES";"LIRCAY";"GOBIERNO REGIONAL";"I-1";"00003948";"UCHCUPAMPA";"NE_0001";"";"NE_0001";"NE_0001";"NE_0001";"NE_0001";"NE_0001";"NE_0001";"NE_0001"
"2023";"06";"090310";"HUANCAVELICA";"ANGARAES";"SAN ANTONIO DE ANTAPARCO";"GOBIERNO REGIONAL";"I-1";"00003966";"MAICENA";"NE_0001";"";"NE_0001";"NE_0001";"NE_0001";"NE_0001";"NE_0001";"NE_0001";"NE_0001"
"2023";"06";"090302";"HUANCAVELICA";"ANGARAES";"ANCHONGA";"GOBIERNO REGIONAL";"I-1";"00028780";"LLANCAPUQUIO";"NE_0001";"";"NE_0001";"NE_0001";"NE_0001";"NE_0001";"NE_0001";"NE_0001";"NE_0001"
"2023";"06";"080108";"CUSCO";"CUSCO";"WANCHAQ";"PRIVADO";"II-2";"00012161";"MACSALUD";"250103";"UNIDAD DE CUIDADOS CRITICOS UNIDAD  DE CUIDADOS INTENSIVOS GENERALES  (UCI) MEDICINA";"13";"10";"35";"44";"6";"180";"1"
"2023";"06";"080108";"CUSCO";"CUSCO";"WANCHAQ";"PRIVADO";"II-2";"00012161";"MACSALUD";"241800";"HOSPITALIZACIÓN DE MEDICINA MEDICINA GENERAL ";"97";"82";"230";"314";"15";"450";"0"
"2023";"06";"080108";"CUSCO";"CUSCO";"WANCHAQ";"PRIVADO";"II-2";"00012161";"MACSALUD";"240100";"HOSPITALIZACIÓN QUIRÚRGICA CIRUGÍA GENERAL ";"133";"120";"299";"348";"15";"450";"0"
"2023";"06";"080108";"CUSCO";"CUSCO";"WANCHAQ";"PRIVADO";"II-2";"00012161";"MACSALUD";"241400";"HOSPITALIZACIÓN QUIRÚRGICA GINECO - OBSTETRICIA ";"84";"78";"120";"180";"8";"240";"0"
"2023";"06";"090304";"HUANCAVELICA";"ANGARAES";"CCOCHACCASA";"GOBIERNO REGIONAL";"I-1";"00003957";"CCASCCABAMBA";"NE_0001";"";"NE_0001";"NE_0001";"NE_0001";"NE_0001";"NE_0001";"NE_0001";"NE_0001"
"2023";"06";"090302";"HUANCAVELICA";"ANGARAES";"ANCHONGA";"GOBIERNO REGIONAL";"I-3";"00003959";"PARCO ALTO";"NE_0002";"";"NE_0002";"NE_0002";"NE_0002";"NE_0002";"NE_0002";"NE_0002";"NE_0002"
"2023";"06";"090306";"HUANCAVELICA";"ANGARAES";"CONGALLA";"GOBIERNO REGIONAL";"I-2";"00003972";"CONGALLA";"NE_0001";"";"NE_0001";"NE_0001";"NE_0001";"NE_0001";"NE_0001";"NE_0001";"NE_0001"
"2023";"06";"090301";"HUANCAVELICA";"ANGARAES";"LIRCAY";"GOBIERNO REGIONAL";"I-1";"00007384";"SAN JUAN DE AHUAY";"NE_0001";"";"NE_0001";"NE_0001";"NE_0001";"NE_0001";"NE_0001";"NE_0001";"NE_0001"
"2023";"06";"090301";"HUANCAVELICA";"ANGARAES";"LIRCAY";"GOBIERNO REGIONAL";"I-2";"00007385";"SAN JUAN DE DIOS DE CCOLLPAPAMPA";"NE_0001";"";"NE_0001";"NE_0001";"NE_0001";"NE_0001";"NE_0001";"NE_0001";"NE_0001"
"2023";"06";"090311";"HUANCAVELICA";"ANGARAES";"SANTO TOMAS DE PATA";"GOBIERNO REGIONAL";"I-1";"00011768";"CUTICSA";"NE_0001";"";"NE_0001";"NE_0001";"NE_0001";"NE_0001";"NE_0001";"NE_0001";"NE_0001"
"2023";"06";"090302";"HUANCAVELICA";"ANGARAES";"ANCHONGA";"GOBIERNO REGIONAL";"I-2";"00003960";"TUCO";"NE_0001";"";"NE_0001";"NE_0001";"NE_0001";"NE_0001";"NE_0001";"NE_0001";"NE_0001"
"2023";"06";"090309";"HUANCAVELICA";"ANGARAES";"JULCAMARCA";"GOBIERNO REGIONAL";"I-3";"00003962";"JULCAMARCA";"NE_0002";"";"NE_0002";"NE_0002";"NE_0002";"NE_0002";"NE_0002";"NE_0002";"NE_0002"
"2023";"06";"090310";"HUANCAVELICA";"ANGARAES";"SAN ANTONIO DE ANTAPARCO";"GOBIERNO REGIONAL";"I-1";"00003965";"SAN ANTONIO DE ANTAPARCO";"NE_0001";"";"NE_0001";"NE_0001";"NE_0001";"NE_0001";"NE_0001";"NE_0001";"NE_0001"
"2023";"06";"090304";"HUANCAVELICA";"ANGARAES";"CCOCHACCASA";"GOBIERNO REGIONAL";"I-1";"00003956";"SAN PEDRO DE MIMOSA";"NE_0001";"";"NE_0001";"NE_0001";"NE_0001";"NE_0001";"NE_0001";"NE_0001";"NE_0001"
"2023";"06";"040101";"AREQUIPA";"AREQUIPA";"AREQUIPA";"PRIVADO";"II-1";"00016744";"CLÍNICAS AUNA SEDE VALLESUR";"240000";"HOSPITALIZACIÓN";"274";"312";"929";"963";"42";"1260";"1"
"2023";"06";"040101";"AREQUIPA";"AREQUIPA";"AREQUIPA";"PRIVADO";"II-1";"00016744";"CLÍNICAS AUNA SEDE VALLESUR";"250100";"UNIDAD DE CUIDADOS CRITICOS UNIDAD  DE CUIDADOS INTENSIVOS GENERALES (UCI) ";"12";"1";"6";"110";"6";"180";"1"
"2023";"06";"040101";"AREQUIPA";"AREQUIPA";"AREQUIPA";"PRIVADO";"II-1";"00016744";"CLÍNICAS AUNA SEDE VALLESUR";"250105";"UNIDAD DE CUIDADOS CRITICOS UNIDAD  DE CUIDADOS INTENSIVOS  (UCI) NEONATOLOGÍA";"0";"0";"0";"16";"3";"90";"0"
"2023";"07";"150121";"LIMA";"LIMA";"PUEBLO LIBRE";"PRIVADO";"II-E";"00012492";"CLINICA DE OJOS VISUAL OPHTHALMICS";"NE_0001";"";"NE_0001";"NE_0001";"NE_0001";"NE_0001";"NE_0001";"NE_0001";"NE_0001"
"2023";"06";"200501";"PIURA";"PAITA";"PAITA";"GOBIERNO REGIONAL";"II-1";"00002021";"HOSPITAL DE APOYO II - 1 NUESTRA SEÑORA DE LAS MERCEDES - PAITA";"241500";"HOSPITALIZACIÓN QUIRÚRGICA GINECOLOGÍA  ";"7";"4";"32";"32";"2";"60";"0"
"2023";"06";"200501";"PIURA";"PAITA";"PAITA";"GOBIERNO REGIONAL";"II-1";"00002021";"HOSPITAL DE APOYO II - 1 NUESTRA SEÑORA DE LAS MERCEDES - PAITA";"241600";"HOSPITALIZACIÓN QUIRÚRGICA OBSTETRICIA   ";"188";"185";"477";"477";"23";"690";"0"
"2023";"06";"200501";"PIURA";"PAITA";"PAITA";"GOBIERNO REGIONAL";"II-1";"00002021";"HOSPITAL DE APOYO II - 1 NUESTRA SEÑORA DE LAS MERCEDES - PAITA";"241900";"HOSPITALIZACIÓN DE MEDICINA MEDICINA INTERNA ";"176";"180";"858";"858";"27";"1081";"5"
"2023";"06";"200501";"PIURA";"PAITA";"PAITA";"GOBIERNO REGIONAL";"II-1";"00002021";"HOSPITAL DE APOYO II - 1 NUESTRA SEÑORA DE LAS MERCEDES - PAITA";"242500";"HOSPITALIZACIÓN-PEDIATRÍA GENERAL-";"40";"43";"201";"201";"7";"210";"0"
"2023";"06";"200501";"PIURA";"PAITA";"PAITA";"GOBIERNO REGIONAL";"II-1";"00002021";"HOSPITAL DE APOYO II - 1 NUESTRA SEÑORA DE LAS MERCEDES - PAITA";"243200";"HOSPITALIZACIÓN DE PEDIATRÍA PEDIATRIA NEONATOLOGÍA";"27";"26";"94";"94";"5";"151";"0"
"2023";"07";"200101";"PIURA";"PIURA";"PIURA";"PRIVADO";"II-1";"00018310";"SANNA - CLINICA BELEN";"240000";"HOSPITALIZACIÓN";"280";"303";"856";"810";"34";"1054";"2"
"2023";"07";"200101";"PIURA";"PIURA";"PIURA";"PRIVADO";"II-1";"00018310";"SANNA - CLINICA BELEN";"250100";"UNIDAD DE CUIDADOS CRITICOS UNIDAD  DE CUIDADOS INTENSIVOS GENERALES (UCI) ";"8";"4";"91";"91";"5";"155";"1"
"2023";"07";"060801";"CAJAMARCA";"JAEN";"JAEN";"GOBIERNO REGIONAL";"I-3";"00004213";"FILA ALTA";"NE_0001";"";"NE_0001";"NE_0001";"NE_0001";"NE_0001";"NE_0001";"NE_0001";"NE_0001"
"2023";"07";"060801";"CAJAMARCA";"JAEN";"JAEN";"GOBIERNO REGIONAL";"I-1";"00010804";"PUENTE ZONANGA";"NE_0001";"";"NE_0001";"NE_0001";"NE_0001";"NE_0001";"NE_0001";"NE_0001";"NE_0001"
"2023";"07";"150113";"LIMA";"LIMA";"JESUS MARIA";"ESSALUD";"I-3";"00008711";"POLICLINICO PABLO BERMUDEZ";"NE_0001";"";"NE_0001";"NE_0001";"NE_0001";"NE_0001";"NE_0001";"NE_0001";"NE_0001"
"2023";"07";"060501";"CAJAMARCA";"CONTUMAZA";"CONTUMAZA";"ESSALUD";"I-2";"00010276";"POSTA MEDICA ESSALUD CONTUMAZA";"NE_0001";"";"NE_0001";"NE_0001";"NE_0001";"NE_0001";"NE_0001";"NE_0001";"NE_0001"
"2023";"07";"130107";"LA LIBERTAD";"TRUJILLO";"MOCHE";"ESSALUD";"I-4";"00009038";"CENTRO DE SALUD CON INTERNAMIENTO MOCHE";"241800";"HOSPITALIZACIÓN DE MEDICINA MEDICINA GENERAL ";"53";"49";"206";"218";"8";"248";"0"
"2023";"07";"061101";"CAJAMARCA";"SAN MIGUEL";"SAN MIGUEL";"ESSALUD";"I-2";"00010273";"POSTA MEDICA ESSALUD SAN MIGUEL";"NE_0001";"";"NE_0001";"NE_0001";"NE_0001";"NE_0001";"NE_0001";"NE_0001";"NE_0001"
"2023";"07";"210101";"PUNO";"PUNO";"PUNO";"PRIVADO";"II-1";"00009685";"CLINICA PUNO";"240100";"HOSPITALIZACIÓN QUIRÚRGICA CIRUGÍA GENERAL ";"11";"11";"27";"14";"2";"33";"0"
"2023";"07";"210101";"PUNO";"PUNO";"PUNO";"PRIVADO";"II-1";"00009685";"CLINICA PUNO";"241200";"HOSPITALIZACIÓN QUIRÚRGICA TRAUMATOLOGÍA Y ORTOPEDIA ";"10";"10";"12";"5";"2";"48";"0"
"2023";"07";"210101";"PUNO";"PUNO";"PUNO";"PRIVADO";"II-1";"00009685";"CLINICA PUNO";"241300";"HOSPITALIZACIÓN QUIRÚRGICA UROLOGÍA  ";"1";"1";"4";"1";"1";"26";"0"
"2023";"07";"210101";"PUNO";"PUNO";"PUNO";"PRIVADO";"II-1";"00009685";"CLINICA PUNO";"241400";"HOSPITALIZACIÓN QUIRÚRGICA GINECO - OBSTETRICIA ";"6";"6";"14";"3";"1";"16";"0"
"2023";"07";"210101";"PUNO";"PUNO";"PUNO";"PRIVADO";"II-1";"00009685";"CLINICA PUNO";"241800";"HOSPITALIZACIÓN DE MEDICINA MEDICINA GENERAL ";"5";"5";"6";"2";"1";"24";"0"
"2023";"07";"040109";"AREQUIPA";"AREQUIPA";"MARIANO MELGAR";"PRIVADO";"II-E";"00019481";"CLINICA J. PRADO SANTA MARIA E.I.R.L.";"240000";"HOSPITALIZACIÓN";"216";"220";"327";"332";"35";"1085";"0"
"2023";"07";"120409";"JUNIN";"JAUJA";"HUARIPAMPA";"GOBIERNO REGIONAL";"I-1";"00000400";"HUARIPAMPA";"NE_0001";"";"NE_0001";"NE_0001";"NE_0001";"NE_0001";"NE_0001";"NE_0001";"NE_0001"
"2023";"07";"120420";"JUNIN";"JAUJA";"MUQUI";"GOBIERNO REGIONAL";"I-1";"00000402";"MUQUI";"NE_0001";"";"NE_0001";"NE_0001";"NE_0001";"NE_0001";"NE_0001";"NE_0001";"NE_0001"
"2023";"07";"120431";"JUNIN";"JAUJA";"SINCOS";"GOBIERNO REGIONAL";"I-1";"00000407";"SALLAHUACHAC";"NE_0001";"";"NE_0001";"NE_0001";"NE_0001";"NE_0001";"NE_0001";"NE_0001";"NE_0001"
"2023";"07";"120431";"JUNIN";"JAUJA";"SINCOS";"GOBIERNO REGIONAL";"I-3";"00000404";"SINCOS";"NE_0001";"";"NE_0001";"NE_0001";"NE_0001";"NE_0001";"NE_0001";"NE_0001";"NE_0001"
"2023";"07";"220804";"SAN MARTIN";"RIOJA";"NUEVA CAJAMARCA";"GOBIERNO REGIONAL";"I-1";"00006286";"PALESTINA";"NE_0001";"";"NE_0001";"NE_0001";"NE_0001";"NE_0001";"NE_0001";"NE_0001";"NE_0001"
"2023";"09";"230303";"TACNA";"JORGE BASADRE";"ITE";"ESSALUD";"I-2";"00027545";"CENTRO DE ATENCION PRIMARIA I ITE";"NE_0001";"";"NE_0001";"NE_0001";"NE_0001";"NE_0001";"NE_0001";"NE_0001";"NE_0001"
"2023";"09";"150118";"LIMA";"LIMA";"LURIGANCHO";"MINSA";"II-2";"00005947";"HOSPITAL DE MEDIANA COMPLEJIDAD JOSE AGURTO TELLO";"241900";"HOSPITALIZACIÓN DE MEDICINA MEDICINA INTERNA ";"56";"45";"411";"366";"12";"360";"2"
"2023";"09";"150118";"LIMA";"LIMA";"LURIGANCHO";"MINSA";"II-2";"00005947";"HOSPITAL DE MEDIANA COMPLEJIDAD JOSE AGURTO TELLO";"240100";"HOSPITALIZACIÓN QUIRÚRGICA CIRUGÍA GENERAL ";"121";"116";"344";"311";"16";"480";"0"
"2023";"09";"150118";"LIMA";"LIMA";"LURIGANCHO";"MINSA";"II-2";"00005947";"HOSPITAL DE MEDIANA COMPLEJIDAD JOSE AGURTO TELLO";"241200";"HOSPITALIZACIÓN QUIRÚRGICA TRAUMATOLOGÍA Y ORTOPEDIA ";"32";"28";"136";"139";"5";"150";"0"
"2023";"09";"150118";"LIMA";"LIMA";"LURIGANCHO";"MINSA";"II-2";"00005947";"HOSPITAL DE MEDIANA COMPLEJIDAD JOSE AGURTO TELLO";"241300";"HOSPITALIZACIÓN QUIRÚRGICA UROLOGÍA  ";"7";"7";"7";"7";"1";"30";"0"
"2023";"09";"150118";"LIMA";"LIMA";"LURIGANCHO";"MINSA";"II-2";"00005947";"HOSPITAL DE MEDIANA COMPLEJIDAD JOSE AGURTO TELLO";"243200";"HOSPITALIZACIÓN DE PEDIATRÍA PEDIATRIA NEONATOLOGÍA";"59";"16";"83";"80";"5";"150";"0"
"2023";"09";"150118";"LIMA";"LIMA";"LURIGANCHO";"MINSA";"II-2";"00005947";"HOSPITAL DE MEDIANA COMPLEJIDAD JOSE AGURTO TELLO";"242500";"HOSPITALIZACIÓN-PEDIATRÍA GENERAL-";"33";"29";"155";"143";"7";"210";"0"
"2023";"09";"150118";"LIMA";"LIMA";"LURIGANCHO";"MINSA";"II-2";"00005947";"HOSPITAL DE MEDIANA COMPLEJIDAD JOSE AGURTO TELLO";"241500";"HOSPITALIZACIÓN QUIRÚRGICA GINECOLOGÍA  ";"22";"19";"80";"69";"5";"150";"0"
"2023";"09";"150118";"LIMA";"LIMA";"LURIGANCHO";"MINSA";"II-2";"00005947";"HOSPITAL DE MEDIANA COMPLEJIDAD JOSE AGURTO TELLO";"241600";"HOSPITALIZACIÓN QUIRÚRGICA OBSTETRICIA   ";"137";"126";"328";"333";"16";"480";"0"
"2023";"09";"070101";"CALLAO";"CALLAO";"CALLAO";"PRIVADO";"I-2";"00011182";"CONSULTORIOS LIMATAMBO SEDE MINKA";"NE_0001";"";"NE_0001";"NE_0001";"NE_0001";"NE_0001";"NE_0001";"NE_0001";"NE_0001"
"2023";"09";"130503";"LA LIBERTAD";"JULCAN";"CARABAMBA";"GOBIERNO REGIONAL";"I-3";"00005310";"CARABAMBA";"NE_0002";"";"NE_0002";"NE_0002";"NE_0002";"NE_0002";"NE_0002";"NE_0002";"NE_0002"
"2023";"09";"130503";"LA LIBERTAD";"JULCAN";"CARABAMBA";"GOBIERNO REGIONAL";"I-2";"00005311";"SAN JOSE DE SALO BAJO";"NE_0002";"";"NE_0002";"NE_0002";"NE_0002";"NE_0002";"NE_0002";"NE_0002";"NE_0002"
"2023";"09";"180201";"MOQUEGUA";"GENERAL SANCHEZ CERRO";"OMATE";"ESSALUD";"I-2";"00026055";"POSTA MEDICA OMATE";"NE_0001";"";"NE_0001";"NE_0001";"NE_0001";"NE_0001";"NE_0001";"NE_0001";"NE_0001"
"2023";"09";"220803";"SAN MARTIN";"RIOJA";"ELIAS SOPLIN VARGAS";"GOBIERNO REGIONAL";"I-1";"00006279";"PUERTO BAGAZAN";"NE_0002";"";"NE_0002";"NE_0002";"NE_0002";"NE_0002";"NE_0002";"NE_0002";"NE_0002"
"2023";"09";"220803";"SAN MARTIN";"RIOJA";"ELIAS SOPLIN VARGAS";"GOBIERNO REGIONAL";"I-1";"00017707";"LA VICTORIA";"NE_0002";"";"NE_0002";"NE_0002";"NE_0002";"NE_0002";"NE_0002";"NE_0002";"NE_0002"
"2023";"09";"220803";"SAN MARTIN";"RIOJA";"ELIAS SOPLIN VARGAS";"GOBIERNO REGIONAL";"I-1";"00007298";"LA NACIENTE DEL RIO NEGRO";"NE_0002";"";"NE_0002";"NE_0002";"NE_0002";"NE_0002";"NE_0002";"NE_0002";"NE_0002"
"2023";"09";"220803";"SAN MARTIN";"RIOJA";"ELIAS SOPLIN VARGAS";"GOBIERNO REGIONAL";"I-1";"00006903";"SANTA FE";"NE_0002";"";"NE_0002";"NE_0002";"NE_0002";"NE_0002";"NE_0002";"NE_0002";"NE_0002"
"2023";"09";"220803";"SAN MARTIN";"RIOJA";"ELIAS SOPLIN VARGAS";"GOBIERNO REGIONAL";"I-3";"00006277";"SEGUNDA JERUSALEN";"241600";"HOSPITALIZACIÓN QUIRÚRGICA OBSTETRICIA   ";"3";"3";"3";"2";"3";"90";"0"
"2023";"09";"220803";"SAN MARTIN";"RIOJA";"ELIAS SOPLIN VARGAS";"GOBIERNO REGIONAL";"I-3";"00006277";"SEGUNDA JERUSALEN";"241800";"HOSPITALIZACIÓN DE MEDICINA MEDICINA GENERAL ";"3";"3";"3";"5";"7";"210";"0"
"2023";"09";"220803";"SAN MARTIN";"RIOJA";"ELIAS SOPLIN VARGAS";"GOBIERNO REGIONAL";"I-1";"00006278";"VALLE GRANDE";"NE_0002";"";"NE_0002";"NE_0002";"NE_0002";"NE_0002";"NE_0002";"NE_0002";"NE_0002"
"2023";"09";"080101";"CUSCO";"CUSCO";"CUSCO";"PRIVADO";"II-E";"00016541";"HOGAR CLINICA SAN JUAN DE DIOS-CUSCO";"240000";"HOSPITALIZACIÓN";"53";"47";"450";"7";"15";"450";"0"
"2023";"09";"080601";"CUSCO";"CANCHIS";"SICUANI";"ESSALUD";"II-1";"00010063";"ESSALUD SICUANI";"240100";"HOSPITALIZACIÓN QUIRÚRGICA CIRUGÍA GENERAL ";"33";"34";"113";"113";"4";"120";"0"
"2023";"09";"080601";"CUSCO";"CANCHIS";"SICUANI";"ESSALUD";"II-1";"00010063";"ESSALUD SICUANI";"241500";"HOSPITALIZACIÓN QUIRÚRGICA GINECOLOGÍA  ";"22";"22";"57";"57";"2";"60";"0"
"2023";"09";"080601";"CUSCO";"CANCHIS";"SICUANI";"ESSALUD";"II-1";"00010063";"ESSALUD SICUANI";"241900";"HOSPITALIZACIÓN DE MEDICINA MEDICINA INTERNA ";"38";"39";"124";"124";"8";"240";"0"
"2023";"09";"080601";"CUSCO";"CANCHIS";"SICUANI";"ESSALUD";"II-1";"00010063";"ESSALUD SICUANI";"241600";"HOSPITALIZACIÓN QUIRÚRGICA OBSTETRICIA   ";"5";"6";"11";"11";"2";"60";"0"
"2023";"09";"080601";"CUSCO";"CANCHIS";"SICUANI";"ESSALUD";"II-1";"00010063";"ESSALUD SICUANI";"242300";"HOSPITALIZACIÓN DE PEDIATRÍA  PEDIATRÍA  GENERAL ";"4";"6";"16";"16";"2";"60";"0"
"2023";"09";"150110";"LIMA";"LIMA";"COMAS";"PRIVADO";"I-3";"00025575";"CENTRO CLÍNICO SAN NICOLAS";"NE_0001";"";"NE_0001";"NE_0001";"NE_0001";"NE_0001";"NE_0001";"NE_0001";"NE_0001"
"2023";"09";"220601";"SAN MARTIN";"MARISCAL CACERES";"JUANJUI";"ESSALUD";"I-4";"00016481";"HOSPITAL I JUANJUI - ESSALUD";"241800";"HOSPITALIZACIÓN DE MEDICINA MEDICINA GENERAL ";"65";"62";"271";"209";"9";"270";"0"
"2023";"09";"130504";"LA LIBERTAD";"JULCAN";"HUASO";"GOBIERNO REGIONAL";"I-2";"00006770";"CHINCHINVARA";"NE_0001";"";"NE_0001";"NE_0001";"NE_0001";"NE_0001";"NE_0001";"NE_0001";"NE_0001"
"2023";"09";"130504";"LA LIBERTAD";"JULCAN";"HUASO";"GOBIERNO REGIONAL";"I-4";"00005312";"HUASO";"NE_0001";"";"NE_0001";"NE_0001";"NE_0001";"NE_0001";"NE_0001";"NE_0001";"NE_0001"
"2023";"09";"130504";"LA LIBERTAD";"JULCAN";"HUASO";"GOBIERNO REGIONAL";"I-2";"00006772";"LA VEGA";"NE_0001";"";"NE_0001";"NE_0001";"NE_0001";"NE_0001";"NE_0001";"NE_0001";"NE_0001"
"2023";"09";"130504";"LA LIBERTAD";"JULCAN";"HUASO";"GOBIERNO REGIONAL";"I-1";"00016422";"LA UNION";"NE_0001";"";"NE_0001";"NE_0001";"NE_0001";"NE_0001";"NE_0001";"NE_0001";"NE_0001"
"2023";"09";"120101";"JUNIN";"HUANCAYO";"HUANCAYO";"PRIVADO";"II-1";"00025971";"CLINICA BILBAO";"241400";"HOSPITALIZACIÓN QUIRÚRGICA GINECO - OBSTETRICIA ";"11";"11";"21";"20";"3";"90";"0"
"2023";"09";"120101";"JUNIN";"HUANCAYO";"HUANCAYO";"PRIVADO";"II-1";"00025971";"CLINICA BILBAO";"241500";"HOSPITALIZACIÓN QUIRÚRGICA GINECOLOGÍA  ";"14";"14";"27";"26";"3";"90";"0"
"2023";"09";"120101";"JUNIN";"HUANCAYO";"HUANCAYO";"PRIVADO";"II-1";"00025971";"CLINICA BILBAO";"241200";"HOSPITALIZACIÓN QUIRÚRGICA TRAUMATOLOGÍA Y ORTOPEDIA ";"6";"6";"28";"29";"2";"60";"0"
"2023";"09";"120101";"JUNIN";"HUANCAYO";"HUANCAYO";"PRIVADO";"II-1";"00025971";"CLINICA BILBAO";"240000";"HOSPITALIZACIÓN";"1";"1";"3";"3";"1";"30";"0"
"2023";"09";"120101";"JUNIN";"HUANCAYO";"HUANCAYO";"PRIVADO";"II-1";"00025971";"CLINICA BILBAO";"240100";"HOSPITALIZACIÓN QUIRÚRGICA CIRUGÍA GENERAL ";"8";"8";"19";"20";"2";"60";"0"
"2023";"09";"120101";"JUNIN";"HUANCAYO";"HUANCAYO";"PRIVADO";"II-1";"00025971";"CLINICA BILBAO";"244200";"HOSPITALIZACIÓN DE MEDICINA ENDOCRINOLOGIA ";"1";"1";"2";"3";"1";"30";"0"
"2023";"09";"120101";"JUNIN";"HUANCAYO";"HUANCAYO";"PRIVADO";"II-1";"00025971";"CLINICA BILBAO";"241300";"HOSPITALIZACIÓN QUIRÚRGICA UROLOGÍA  ";"1";"1";"1";"1";"1";"30";"0"
"2023";"09";"060611";"CAJAMARCA";"CUTERVO";"SANTA CRUZ";"GOBIERNO REGIONAL";"I-1";"00004978";"CHIPLE LIMON";"NE_0001";"";"NE_0001";"NE_0001";"NE_0001";"NE_0001";"NE_0001";"NE_0001";"NE_0001"
"2023";"09";"150108";"LIMA";"LIMA";"CHORRILLOS";"MINSA";"III-E";"00007734";"INSTITUTO NACIONAL DE REHABILITACION DRA. ADRIANA REBAZA FLORES - AMISTAD PERU-JAPON";"240000";"HOSPITALIZACIÓN";"8";"3";"198";"893";"30";"921";"0"
"2023";"09";"020601";"ANCASH";"CARHUAZ";"CARHUAZ";"GOBIERNO REGIONAL";"II-1";"00001516";"HOSPITAL DE APOYO CARHUAZ";"241800";"HOSPITALIZACIÓN DE MEDICINA MEDICINA GENERAL ";"11";"13";"71";"74";"6";"180";"0"
"2023";"09";"020601";"ANCASH";"CARHUAZ";"CARHUAZ";"GOBIERNO REGIONAL";"II-1";"00001516";"HOSPITAL DE APOYO CARHUAZ";"240100";"HOSPITALIZACIÓN QUIRÚRGICA CIRUGÍA GENERAL ";"3";"2";"20";"29";"3";"90";"0"
"2023";"09";"020601";"ANCASH";"CARHUAZ";"CARHUAZ";"GOBIERNO REGIONAL";"II-1";"00001516";"HOSPITAL DE APOYO CARHUAZ";"242500";"HOSPITALIZACIÓN-PEDIATRÍA GENERAL-";"7";"8";"34";"32";"5";"150";"0"
"2023";"09";"020601";"ANCASH";"CARHUAZ";"CARHUAZ";"GOBIERNO REGIONAL";"II-1";"00001516";"HOSPITAL DE APOYO CARHUAZ";"241600";"HOSPITALIZACIÓN QUIRÚRGICA OBSTETRICIA   ";"32";"32";"53";"54";"3";"90";"0"
"2023";"09";"020601";"ANCASH";"CARHUAZ";"CARHUAZ";"GOBIERNO REGIONAL";"II-1";"00001516";"HOSPITAL DE APOYO CARHUAZ";"241500";"HOSPITALIZACIÓN QUIRÚRGICA GINECOLOGÍA  ";"25";"24";"40";"44";"3";"90";"0"
"2023";"09";"070101";"CALLAO";"CALLAO";"CALLAO";"GOBIERNO REGIONAL";"I-2";"00006245";"PUESTO DE SALUD BOCANEGRA";"NE_0001";"";"NE_0001";"NE_0001";"NE_0001";"NE_0001";"NE_0001";"NE_0001";"NE_0001"
"2023";"09";"070101";"CALLAO";"CALLAO";"CALLAO";"GOBIERNO REGIONAL";"I-2";"00006246";"PUESTO DE SALUD EL ÁLAMO";"NE_0001";"";"NE_0001";"NE_0001";"NE_0001";"NE_0001";"NE_0001";"NE_0001";"NE_0001"
"2023";"09";"150116";"LIMA";"LIMA";"LINCE";"PRIVADO";"II-E";"00009145";"HOGAR CLINICA MONTE SINAI";"240100";"HOSPITALIZACIÓN QUIRÚRGICA CIRUGÍA GENERAL ";"16";"16";"16";"16";"4";"120";"0"
"2023";"09";"150116";"LIMA";"LIMA";"LINCE";"PRIVADO";"II-E";"00009145";"HOGAR CLINICA MONTE SINAI";"240400";"HOSPITALIZACIÓN QUIRÚRGICA CIRUGÍA DE TÓRAX Y CARDIOVASCULAR ";"1";"1";"1";"1";"1";"30";"0"
"2023";"09";"150116";"LIMA";"LIMA";"LINCE";"PRIVADO";"II-E";"00009145";"HOGAR CLINICA MONTE SINAI";"240800";"HOSPITALIZACIÓN QUIRÚRGICA CIRUGÍA PLÁSTICA/RECONSTRUCTIVA/ REPARADORA ";"6";"6";"6";"6";"2";"60";"0"
"2023";"09";"150116";"LIMA";"LIMA";"LINCE";"PRIVADO";"II-E";"00009145";"HOGAR CLINICA MONTE SINAI";"241200";"HOSPITALIZACIÓN QUIRÚRGICA TRAUMATOLOGÍA Y ORTOPEDIA ";"42";"42";"42";"42";"4";"120";"0"
"2023";"09";"210101";"PUNO";"PUNO";"PUNO";"ESSALUD";"II-2";"00009215";"HOSPITAL III BASE  (PUNO) - RED ASISTENCIAL PUNO";"240000";"HOSPITALIZACIÓN";"146";"177";"983";"821";"31";"930";"6"
"2023";"09";"210101";"PUNO";"PUNO";"PUNO";"ESSALUD";"II-2";"00009215";"HOSPITAL III BASE  (PUNO) - RED ASISTENCIAL PUNO";"241900";"HOSPITALIZACIÓN DE MEDICINA MEDICINA INTERNA ";"39";"29";"339";"322";"12";"360";"2"
"2023";"09";"210101";"PUNO";"PUNO";"PUNO";"ESSALUD";"II-2";"00009215";"HOSPITAL III BASE  (PUNO) - RED ASISTENCIAL PUNO";"240100";"HOSPITALIZACIÓN QUIRÚRGICA CIRUGÍA GENERAL ";"72";"73";"166";"153";"8";"240";"0"
"2023";"09";"210101";"PUNO";"PUNO";"PUNO";"ESSALUD";"II-2";"00009215";"HOSPITAL III BASE  (PUNO) - RED ASISTENCIAL PUNO";"241500";"HOSPITALIZACIÓN QUIRÚRGICA GINECOLOGÍA  ";"44";"46";"133";"117";"5";"150";"0"
"2023";"09";"210101";"PUNO";"PUNO";"PUNO";"ESSALUD";"II-2";"00009215";"HOSPITAL III BASE  (PUNO) - RED ASISTENCIAL PUNO";"241600";"HOSPITALIZACIÓN QUIRÚRGICA OBSTETRICIA   ";"63";"66";"159";"150";"12";"360";"0"
"2023";"09";"210101";"PUNO";"PUNO";"PUNO";"ESSALUD";"II-2";"00009215";"HOSPITAL III BASE  (PUNO) - RED ASISTENCIAL PUNO";"242300";"HOSPITALIZACIÓN DE PEDIATRÍA  PEDIATRÍA  GENERAL ";"105";"103";"266";"256";"14";"420";"1"
"2023";"09";"210101";"PUNO";"PUNO";"PUNO";"ESSALUD";"II-2";"00009215";"HOSPITAL III BASE  (PUNO) - RED ASISTENCIAL PUNO";"250100";"UNIDAD DE CUIDADOS CRITICOS UNIDAD  DE CUIDADOS INTENSIVOS GENERALES (UCI) ";"3";"2";"13";"6";"4";"120";"2"
"2023";"09";"210101";"PUNO";"PUNO";"PUNO";"ESSALUD";"II-2";"00009215";"HOSPITAL III BASE  (PUNO) - RED ASISTENCIAL PUNO";"250200";"UNIDAD DE CUIDADOS CRITICOS UNIDAD DE CUIDADOS INTERMEDIOS GENERAL  (UCIN) ";"4";"2";"11";"10";"4";"120";"1"
"2023";"09";"021001";"ANCASH";"HUARI";"HUARI";"GOBIERNO REGIONAL";"II-1";"00001813";"HOSPITAL DE APOYO HUARI";"241600";"HOSPITALIZACIÓN QUIRÚRGICA OBSTETRICIA   ";"60";"64";"165";"172";"12";"360";"0"
"2023";"09";"021001";"ANCASH";"HUARI";"HUARI";"GOBIERNO REGIONAL";"II-1";"00001813";"HOSPITAL DE APOYO HUARI";"241800";"HOSPITALIZACIÓN DE MEDICINA MEDICINA GENERAL ";"33";"35";"86";"99";"12";"360";"3"
"2023";"09";"021001";"ANCASH";"HUARI";"HUARI";"GOBIERNO REGIONAL";"II-1";"00001813";"HOSPITAL DE APOYO HUARI";"242500";"HOSPITALIZACIÓN-PEDIATRÍA GENERAL-";"3";"3";"6";"50";"4";"120";"0"
"2023";"09";"021001";"ANCASH";"HUARI";"HUARI";"GOBIERNO REGIONAL";"II-1";"00001813";"HOSPITAL DE APOYO HUARI";"243200";"HOSPITALIZACIÓN DE PEDIATRÍA PEDIATRIA NEONATOLOGÍA";"6";"6";"12";"12";"1";"30";"0"
"2023";"09";"021603";"ANCASH";"POMABAMBA";"PAROBAMBA";"GOBIERNO REGIONAL";"I-2";"00001780";"PUESTO DE SALUD CHANGA";"NE_0002";"";"NE_0002";"NE_0002";"NE_0002";"NE_0002";"NE_0002";"NE_0002";"NE_0002"
"2023";"09";"021604";"ANCASH";"POMABAMBA";"QUINUABAMBA";"GOBIERNO REGIONAL";"I-1";"00001782";"YAMIAN";"NE_0002";"";"NE_0002";"NE_0002";"NE_0002";"NE_0002";"NE_0002";"NE_0002";"NE_0002"
"2023";"09";"021603";"ANCASH";"POMABAMBA";"PAROBAMBA";"GOBIERNO REGIONAL";"I-4";"00001775";"CENTRO DE SALUD PAROBAMBA VIEJO";"NE_0002";"";"NE_0002";"NE_0002";"NE_0002";"NE_0002";"NE_0002";"NE_0002";"NE_0002"
"2023";"09";"021603";"ANCASH";"POMABAMBA";"PAROBAMBA";"GOBIERNO REGIONAL";"I-1";"00001778";"PUESTO DE SALUD SHUMPILLAN";"NE_0002";"";"NE_0002";"NE_0002";"NE_0002";"NE_0002";"NE_0002";"NE_0002";"NE_0002"
"2023";"09";"021603";"ANCASH";"POMABAMBA";"PAROBAMBA";"GOBIERNO REGIONAL";"I-1";"00001779";"PUESTO DE SALUD CAJAS";"NE_0002";"";"NE_0002";"NE_0002";"NE_0002";"NE_0002";"NE_0002";"NE_0002";"NE_0002"
"2023";"09";"021603";"ANCASH";"POMABAMBA";"PAROBAMBA";"GOBIERNO REGIONAL";"I-2";"00001777";"PUESTO DE SALUD HUANCHAYLLO";"NE_0002";"";"NE_0002";"NE_0002";"NE_0002";"NE_0002";"NE_0002";"NE_0002";"NE_0002"
"2023";"09";"021604";"ANCASH";"POMABAMBA";"QUINUABAMBA";"GOBIERNO REGIONAL";"I-2";"00001781";"PUESTO DE SALUD QUINUABAMBA";"NE_0002";"";"NE_0002";"NE_0002";"NE_0002";"NE_0002";"NE_0002";"NE_0002";"NE_0002"
"2023";"09";"220911";"SAN MARTIN";"SAN MARTIN";"PAPAPLAYA";"GOBIERNO REGIONAL";"I-1";"00006455";"SAN ANTONIO  RIO HUALLAGA";"NE_0001";"";"NE_0001";"NE_0001";"NE_0001";"NE_0001";"NE_0001";"NE_0001";"NE_0001"
"2023";"09";"220906";"SAN MARTIN";"SAN MARTIN";"EL PORVENIR";"GOBIERNO REGIONAL";"I-1";"00006456";"NUEVO SAN JUAN";"NE_0001";"";"NE_0001";"NE_0001";"NE_0001";"NE_0001";"NE_0001";"NE_0001";"NE_0001"
"2023";"09";"220911";"SAN MARTIN";"SAN MARTIN";"PAPAPLAYA";"GOBIERNO REGIONAL";"I-3";"00006449";"HOSPITAL RURAL DE PAPAPLAYA";"241800";"HOSPITALIZACIÓN DE MEDICINA MEDICINA GENERAL ";"6";"6";"6";"6";"4";"120";"0"
"2023";"09";"220911";"SAN MARTIN";"SAN MARTIN";"PAPAPLAYA";"GOBIERNO REGIONAL";"I-1";"00006448";"REFORMA";"NE_0001";"";"NE_0001";"NE_0001";"NE_0001";"NE_0001";"NE_0001";"NE_0001";"NE_0001"
"2023";"09";"220911";"SAN MARTIN";"SAN MARTIN";"PAPAPLAYA";"GOBIERNO REGIONAL";"I-1";"00006454";"SAN JUAN RIO HUALLAGA";"NE_0001";"";"NE_0001";"NE_0001";"NE_0001";"NE_0001";"NE_0001";"NE_0001";"NE_0001"
"2023";"09";"220906";"SAN MARTIN";"SAN MARTIN";"EL PORVENIR";"GOBIERNO REGIONAL";"I-1";"00006451";"PELEJO";"NE_0001";"";"NE_0001";"NE_0001";"NE_0001";"NE_0001";"NE_0001";"NE_0001";"NE_0001"
"2023";"09";"220911";"SAN MARTIN";"SAN MARTIN";"PAPAPLAYA";"GOBIERNO REGIONAL";"I-1";"00006452";"ASUNCION";"NE_0001";"";"NE_0001";"NE_0001";"NE_0001";"NE_0001";"NE_0001";"NE_0001";"NE_0001"
"2023";"09";"220911";"SAN MARTIN";"SAN MARTIN";"PAPAPLAYA";"GOBIERNO REGIONAL";"I-1";"00006453";"PUERTO MERCEDES";"NE_0001";"";"NE_0001";"NE_0001";"NE_0001";"NE_0001";"NE_0001";"NE_0001";"NE_0001"
"2023";"09";"060801";"CAJAMARCA";"JAEN";"JAEN";"GOBIERNO REGIONAL";"I-1";"00004215";"CHAMAYA";"NE_0001";"";"NE_0001";"NE_0001";"NE_0001";"NE_0001";"NE_0001";"NE_0001";"NE_0001"
"2023";"09";"060801";"CAJAMARCA";"JAEN";"JAEN";"GOBIERNO REGIONAL";"I-2";"00007168";"MONTEGRANDE";"NE_0001";"";"NE_0001";"NE_0001";"NE_0001";"NE_0001";"NE_0001";"NE_0001";"NE_0001"
"2023";"09";"060801";"CAJAMARCA";"JAEN";"JAEN";"GOBIERNO REGIONAL";"I-1";"00004220";"PALMA CENTRAL";"NE_0001";"";"NE_0001";"NE_0001";"NE_0001";"NE_0001";"NE_0001";"NE_0001";"NE_0001"
"2023";"09";"060801";"CAJAMARCA";"JAEN";"JAEN";"GOBIERNO REGIONAL";"I-4";"00004211";"MORRO SOLAR";"241800";"HOSPITALIZACIÓN DE MEDICINA MEDICINA GENERAL ";"30";"30";"40";"30";"8";"210";"0"
"2023";"09";"060801";"CAJAMARCA";"JAEN";"JAEN";"GOBIERNO REGIONAL";"0";"00031497";"HOGAR PROTEGIDO SEÑOR DE HUAMANTANGA";"NE_0001";"";"NE_0001";"NE_0001";"NE_0001";"NE_0001";"NE_0001";"NE_0001";"NE_0001"
"2023";"09";"060801";"CAJAMARCA";"JAEN";"JAEN";"GOBIERNO REGIONAL";"I-1";"00004214";"LAS NARANJAS";"NE_0001";"";"NE_0001";"NE_0001";"NE_0001";"NE_0001";"NE_0001";"NE_0001";"NE_0001"
"2023";"09";"060801";"CAJAMARCA";"JAEN";"JAEN";"GOBIERNO REGIONAL";"I-1";"00007024";"SAN MARTIN DE PORRES";"NE_0001";"";"NE_0001";"NE_0001";"NE_0001";"NE_0001";"NE_0001";"NE_0001";"NE_0001"
"2023";"09";"060801";"CAJAMARCA";"JAEN";"JAEN";"GOBIERNO REGIONAL";"I-1";"00004221";"VALILLO";"NE_0001";"";"NE_0001";"NE_0001";"NE_0001";"NE_0001";"NE_0001";"NE_0001";"NE_0001"
"2023";"09";"060801";"CAJAMARCA";"JAEN";"JAEN";"GOBIERNO REGIONAL";"I-2";"00025858";"NUEVO HORIZONTE";"NE_0001";"";"NE_0001";"NE_0001";"NE_0001";"NE_0001";"NE_0001";"NE_0001";"NE_0001"
"2023";"09";"150141";"LIMA";"LIMA";"SURQUILLO";"SANIDAD DE LA POLICIA NACIONAL DEL PERU";"I-3";"00012822";"CENTRO ODONTOLOGICO PNP ANGAMOS";"NE_0001";"";"NE_0001";"NE_0001";"NE_0001";"NE_0001";"NE_0001";"NE_0001";"NE_0001"
"2023";"09";"070101";"CALLAO";"CALLAO";"CALLAO";"GOBIERNO REGIONAL";"I-3";"00006239";"C.S. SESQUICENTENARIO";"NE_0001";"";"NE_0001";"NE_0001";"NE_0001";"NE_0001";"NE_0001";"NE_0001";"NE_0001"
"2023";"09";"070101";"CALLAO";"CALLAO";"CALLAO";"GOBIERNO REGIONAL";"I-2";"00006240";"PUESTO DE SALUD PREVI";"NE_0001";"";"NE_0001";"NE_0001";"NE_0001";"NE_0001";"NE_0001";"NE_0001";"NE_0001"
"2023";"09";"050601";"AYACUCHO";"LUCANAS";"PUQUIO";"ESSALUD";"I-3";"00011438";"CENTRO DE ATENCION PRIMARIA II PUQUIO";"NE_0001";"";"NE_0001";"NE_0001";"NE_0001";"NE_0001";"NE_0001";"NE_0001";"NE_0001"
"2023";"09";"100101";"HUANUCO";"HUANUCO";"HUANUCO";"ESSALUD";"I-3";"00018081";"CENTRO DE ATENCIÓN PRIMARIA III - METROPOLITANO";"NE_0001";"";"NE_0001";"NE_0001";"NE_0001";"NE_0001";"NE_0001";"NE_0001";"NE_0001"
"2023";"09";"130501";"LA LIBERTAD";"JULCAN";"JULCAN";"GOBIERNO REGIONAL";"II-1";"00005306";"HOSPITAL PROVINCIAL DE JULCAN";"241600";"HOSPITALIZACIÓN QUIRÚRGICA OBSTETRICIA   ";"10";"10";"20";"21";"5";"150";"0"
"2023";"09";"130501";"LA LIBERTAD";"JULCAN";"JULCAN";"GOBIERNO REGIONAL";"II-1";"00005306";"HOSPITAL PROVINCIAL DE JULCAN";"241800";"HOSPITALIZACIÓN DE MEDICINA MEDICINA GENERAL ";"16";"16";"34";"60";"9";"270";"1"
"2023";"09";"150142";"LIMA";"LIMA";"VILLA EL SALVADOR";"ESSALUD";"II-1";"00008741";"ULDARICO ROCCA FERNANDEZ";"241800";"HOSPITALIZACIÓN DE MEDICINA MEDICINA GENERAL ";"80";"85";"316";"328";"16";"480";"2"
"2023";"09";"150142";"LIMA";"LIMA";"VILLA EL SALVADOR";"ESSALUD";"II-1";"00008741";"ULDARICO ROCCA FERNANDEZ";"240100";"HOSPITALIZACIÓN QUIRÚRGICA CIRUGÍA GENERAL ";"120";"109";"203";"225";"15";"450";"0"
"2023";"09";"150142";"LIMA";"LIMA";"VILLA EL SALVADOR";"ESSALUD";"II-1";"00008741";"ULDARICO ROCCA FERNANDEZ";"241500";"HOSPITALIZACIÓN QUIRÚRGICA GINECOLOGÍA  ";"20";"19";"69";"75";"3";"90";"0"
"2023";"09";"150142";"LIMA";"LIMA";"VILLA EL SALVADOR";"ESSALUD";"II-1";"00008741";"ULDARICO ROCCA FERNANDEZ";"241600";"HOSPITALIZACIÓN QUIRÚRGICA OBSTETRICIA   ";"157";"162";"325";"305";"15";"450";"0"
"2023";"09";"150142";"LIMA";"LIMA";"VILLA EL SALVADOR";"ESSALUD";"II-1";"00008741";"ULDARICO ROCCA FERNANDEZ";"242300";"HOSPITALIZACIÓN DE PEDIATRÍA  PEDIATRÍA  GENERAL ";"79";"76";"230";"235";"9";"270";"0"
"2023";"09";"150142";"LIMA";"LIMA";"VILLA EL SALVADOR";"ESSALUD";"II-1";"00008741";"ULDARICO ROCCA FERNANDEZ";"250100";"UNIDAD DE CUIDADOS CRITICOS UNIDAD  DE CUIDADOS INTENSIVOS GENERALES (UCI) ";"18";"16";"62";"71";"4";"120";"4"
"2023";"09";"150117";"LIMA";"LIMA";"LOS OLIVOS";"PRIVADO";"II-E";"00026936";"CLINICA AVIVA SEDE LOS OLIVOS";"240000";"HOSPITALIZACIÓN";"367";"344";"753";"367";"22";"660";"1"
"2023";"09";"040516";"AREQUIPA";"CAYLLOMA";"TAPAY";"GOBIERNO REGIONAL";"I-2";"00001434";"PUESTO DE SALUD TAPAY";"NE_0001";"";"NE_0001";"NE_0001";"NE_0001";"NE_0001";"NE_0001";"NE_0001";"NE_0001"
"2023";"09";"040507";"AREQUIPA";"CAYLLOMA";"HUAMBO";"GOBIERNO REGIONAL";"I-2";"00001433";"PUESTO DE SALUD HUAMBO";"NE_0001";"";"NE_0001";"NE_0001";"NE_0001";"NE_0001";"NE_0001";"NE_0001";"NE_0001"
"2023";"09";"040503";"AREQUIPA";"CAYLLOMA";"CABANACONDE";"GOBIERNO REGIONAL";"I-3";"00001420";"CENTRO DE SALUD CABANACONDE";"NE_0001";"";"NE_0001";"NE_0001";"NE_0001";"NE_0001";"NE_0001";"NE_0001";"NE_0001"
"2023";"09";"040406";"AREQUIPA";"CASTILLA";"CHOCO";"GOBIERNO REGIONAL";"I-2";"00001441";"PUESTO DE SALUD CHOCO";"NE_0001";"";"NE_0001";"NE_0001";"NE_0001";"NE_0001";"NE_0001";"NE_0001";"NE_0001"
"2023";"09";"040503";"AREQUIPA";"CAYLLOMA";"CABANACONDE";"GOBIERNO REGIONAL";"I-2";"00001432";"PUESTO DE SALUD PINCHOLLO";"NE_0001";"";"NE_0001";"NE_0001";"NE_0001";"NE_0001";"NE_0001";"NE_0001";"NE_0001"
"2023";"09";"160101";"LORETO";"MAYNAS";"IQUITOS";"SANIDAD DE LA FUERZA AEREA DEL PERU";"I-4";"00010605";"HOSPITAL REGIONAL DEL ORIENTE - FAP";"241800";"HOSPITALIZACIÓN DE MEDICINA MEDICINA GENERAL ";"6";"6";"53";"73";"20";"300";"0"
"2023";"09";"120602";"JUNIN";"SATIPO";"COVIRIALI";"GOBIERNO REGIONAL";"I-3";"00000485";"COVIRIALI";"NE_0001";"";"NE_0001";"NE_0001";"NE_0001";"NE_0001";"NE_0001";"NE_0001";"NE_0001"
"2023";"09";"120602";"JUNIN";"SATIPO";"COVIRIALI";"GOBIERNO REGIONAL";"I-1";"00000487";"SANTA MARIA";"NE_0001";"";"NE_0001";"NE_0001";"NE_0001";"NE_0001";"NE_0001";"NE_0001";"NE_0001"
"2023";"09";"120605";"JUNIN";"SATIPO";"PAMPA HERMOSA";"GOBIERNO REGIONAL";"I-2";"00017678";"HUANCAMACHAY";"NE_0001";"";"NE_0001";"NE_0001";"NE_0001";"NE_0001";"NE_0001";"NE_0001";"NE_0001"
"2023";"09";"150136";"LIMA";"LIMA";"SAN MIGUEL";"PRIVADO";"II-2";"00014501";"CLINICA SAN GABRIEL S.A.C.";"250105";"UNIDAD DE CUIDADOS CRITICOS UNIDAD  DE CUIDADOS INTENSIVOS  (UCI) NEONATOLOGÍA";"3";"4";"33";"33";"6";"180";"0"
"2023";"09";"150136";"LIMA";"LIMA";"SAN MIGUEL";"PRIVADO";"II-2";"00014501";"CLINICA SAN GABRIEL S.A.C.";"240000";"HOSPITALIZACIÓN";"733";"746";"2148";"2468";"86";"2580";"3"
"2023";"09";"150136";"LIMA";"LIMA";"SAN MIGUEL";"PRIVADO";"II-2";"00014501";"CLINICA SAN GABRIEL S.A.C.";"250100";"UNIDAD DE CUIDADOS CRITICOS UNIDAD  DE CUIDADOS INTENSIVOS GENERALES (UCI) ";"37";"35";"94";"121";"12";"360";"3"
"2023";"09";"130201";"LA LIBERTAD";"ASCOPE";"ASCOPE";"GOBIERNO REGIONAL";"II-1";"00005263";"HOSPITAL PROVINCIAL ASCOPE ""ROSA SANCHEZ DE SANTILLAN""";"241400";"HOSPITALIZACIÓN QUIRÚRGICA GINECO - OBSTETRICIA ";"19";"24";"51";"24";"2";"60";"0"
"2023";"09";"130201";"LA LIBERTAD";"ASCOPE";"ASCOPE";"GOBIERNO REGIONAL";"II-1";"00005263";"HOSPITAL PROVINCIAL ASCOPE ""ROSA SANCHEZ DE SANTILLAN""";"241600";"HOSPITALIZACIÓN QUIRÚRGICA OBSTETRICIA   ";"13";"13";"15";"13";"3";"90";"0"
"2023";"09";"130201";"LA LIBERTAD";"ASCOPE";"ASCOPE";"GOBIERNO REGIONAL";"II-1";"00005263";"HOSPITAL PROVINCIAL ASCOPE ""ROSA SANCHEZ DE SANTILLAN""";"241800";"HOSPITALIZACIÓN DE MEDICINA MEDICINA GENERAL ";"9";"10";"50";"10";"15";"450";"0"
"2023";"09";"021701";"ANCASH";"RECUAY";"RECUAY";"GOBIERNO REGIONAL";"II-1";"00001472";"HOSPITAL DE APOYO RECUAY";"241600";"HOSPITALIZACIÓN QUIRÚRGICA OBSTETRICIA   ";"5";"5";"8";"8";"2";"60";"0"
"2023";"09";"021701";"ANCASH";"RECUAY";"RECUAY";"GOBIERNO REGIONAL";"II-1";"00001472";"HOSPITAL DE APOYO RECUAY";"241800";"HOSPITALIZACIÓN DE MEDICINA MEDICINA GENERAL ";"7";"7";"26";"36";"4";"120";"0"
"2023";"09";"021701";"ANCASH";"RECUAY";"RECUAY";"GOBIERNO REGIONAL";"II-1";"00001472";"HOSPITAL DE APOYO RECUAY";"242500";"HOSPITALIZACIÓN-PEDIATRÍA GENERAL-";"6";"6";"17";"17";"1";"30";"0"
"2023";"09";"120301";"JUNIN";"CHANCHAMAYO";"CHANCHAMAYO";"GOBIERNO REGIONAL";"II-2";"00000308";"HOSPITAL REGIONAL DOCENTE DE MEDICINA TROPICAL DR. JULIO CESAR DEMARINI CARO";"241400";"HOSPITALIZACIÓN QUIRÚRGICA GINECO - OBSTETRICIA ";"52";"60";"164";"121";"6";"180";"0"
"2023";"09";"120301";"JUNIN";"CHANCHAMAYO";"CHANCHAMAYO";"GOBIERNO REGIONAL";"II-2";"00000308";"HOSPITAL REGIONAL DOCENTE DE MEDICINA TROPICAL DR. JULIO CESAR DEMARINI CARO";"242200";"HOSPITALIZACIÓN DE MEDICINA PSIQUIATRÍA ";"2";"3";"148";"178";"8";"240";"0"
"2023";"09";"120301";"JUNIN";"CHANCHAMAYO";"CHANCHAMAYO";"GOBIERNO REGIONAL";"II-2";"00000308";"HOSPITAL REGIONAL DOCENTE DE MEDICINA TROPICAL DR. JULIO CESAR DEMARINI CARO";"250103";"UNIDAD DE CUIDADOS CRITICOS UNIDAD  DE CUIDADOS INTENSIVOS GENERALES  (UCI) MEDICINA";"16";"4";"49";"139";"6";"180";"4"
"2023";"09";"120114";"JUNIN";"HUANCAYO";"EL TAMBO";"ESSALUD";"III-1";"00008652";"HOSPITAL NACIONAL RAMIRO PRIALE PRIALE";"242600";"HOSPITALIZACIÓN DE PEDIATRÍA PEDIATRIA CARDIOLOGÍA PEDIÁTRICA";"0";"1";"19";"4";"1";"30";"0"
"2023";"09";"120114";"JUNIN";"HUANCAYO";"EL TAMBO";"ESSALUD";"III-1";"00008652";"HOSPITAL NACIONAL RAMIRO PRIALE PRIALE";"242900";"HOSPITALIZACIÓN DE PEDIATRÍA PEDIATRIA GASTROENTEROLOGÍA PEDIÁTRICA";"33";"36";"321";"263";"9";"270";"0"
"2023";"09";"120114";"JUNIN";"HUANCAYO";"EL TAMBO";"ESSALUD";"III-1";"00008652";"HOSPITAL NACIONAL RAMIRO PRIALE PRIALE";"242202";"HOSPITALIZACIÓN DE MEDICINA PSIQUIATRÍA PSIQUIATRÍA DEL ADULTO Y GERONTE";"29";"29";"359";"409";"14";"420";"4"
"2023";"09";"120114";"JUNIN";"HUANCAYO";"EL TAMBO";"ESSALUD";"III-1";"00008652";"HOSPITAL NACIONAL RAMIRO PRIALE PRIALE";"241900";"HOSPITALIZACIÓN DE MEDICINA MEDICINA INTERNA ";"6";"2";"47";"113";"4";"120";"0"
"2023";"09";"120114";"JUNIN";"HUANCAYO";"EL TAMBO";"ESSALUD";"III-1";"00008652";"HOSPITAL NACIONAL RAMIRO PRIALE PRIALE";"241900";"HOSPITALIZACIÓN DE MEDICINA MEDICINA INTERNA ";"86";"79";"1446";"1356";"46";"1380";"7"
"2023";"09";"120114";"JUNIN";"HUANCAYO";"EL TAMBO";"ESSALUD";"III-1";"00008652";"HOSPITAL NACIONAL RAMIRO PRIALE PRIALE";"243100";"HOSPITALIZACIÓN DE PEDIATRÍA PEDIATRIA NEFROLOGÍA PEDIÁTRICA";"6";"5";"58";"72";"3";"90";"0"
"2023";"09";"120114";"JUNIN";"HUANCAYO";"EL TAMBO";"ESSALUD";"III-1";"00008652";"HOSPITAL NACIONAL RAMIRO PRIALE PRIALE";"242100";"HOSPITALIZACIÓN DE MEDICINA ONCOLOGÍA MÉDICA ";"46";"57";"651";"529";"18";"540";"3"
"2023";"09";"120114";"JUNIN";"HUANCAYO";"EL TAMBO";"ESSALUD";"III-1";"00008652";"HOSPITAL NACIONAL RAMIRO PRIALE PRIALE";"242200";"HOSPITALIZACIÓN DE MEDICINA PSIQUIATRÍA ";"12";"13";"378";"416";"14";"420";"0"
"2023";"09";"120114";"JUNIN";"HUANCAYO";"EL TAMBO";"ESSALUD";"III-1";"00008652";"HOSPITAL NACIONAL RAMIRO PRIALE PRIALE";"242000";"HOSPITALIZACIÓN DE MEDICINA MEDICINA TROPICAL E INFECCIOSAS ";"7";"13";"189";"133";"5";"150";"0"
"2023";"09";"120114";"JUNIN";"HUANCAYO";"EL TAMBO";"ESSALUD";"III-1";"00008652";"HOSPITAL NACIONAL RAMIRO PRIALE PRIALE";"240400";"HOSPITALIZACIÓN QUIRÚRGICA CIRUGÍA DE TÓRAX Y CARDIOVASCULAR ";"11";"11";"24";"24";"1";"30";"0"
"2023";"09";"120114";"JUNIN";"HUANCAYO";"EL TAMBO";"ESSALUD";"III-1";"00008652";"HOSPITAL NACIONAL RAMIRO PRIALE PRIALE";"240400";"HOSPITALIZACIÓN QUIRÚRGICA CIRUGÍA DE TÓRAX Y CARDIOVASCULAR ";"8";"8";"112";"88";"3";"90";"0"
"2023";"09";"120114";"JUNIN";"HUANCAYO";"EL TAMBO";"ESSALUD";"III-1";"00008652";"HOSPITAL NACIONAL RAMIRO PRIALE PRIALE";"240100";"HOSPITALIZACIÓN QUIRÚRGICA CIRUGÍA GENERAL ";"194";"200";"973";"894";"30";"900";"0"
"2023";"09";"120114";"JUNIN";"HUANCAYO";"EL TAMBO";"ESSALUD";"III-1";"00008652";"HOSPITAL NACIONAL RAMIRO PRIALE PRIALE";"240900";"HOSPITALIZACIÓN QUIRÚRGICA NEUROCIRUGÍA ";"14";"12";"273";"240";"8";"240";"0"
"2023";"09";"120114";"JUNIN";"HUANCAYO";"EL TAMBO";"ESSALUD";"III-1";"00008652";"HOSPITAL NACIONAL RAMIRO PRIALE PRIALE";"241200";"HOSPITALIZACIÓN QUIRÚRGICA TRAUMATOLOGÍA Y ORTOPEDIA ";"104";"108";"650";"617";"21";"630";"0"
"2023";"09";"120114";"JUNIN";"HUANCAYO";"EL TAMBO";"ESSALUD";"III-1";"00008652";"HOSPITAL NACIONAL RAMIRO PRIALE PRIALE";"241100";"HOSPITALIZACIÓN QUIRÚRGICA OTORRINOLARINGOLOGÍA  ";"4";"5";"11";"10";"1";"30";"0"
"2023";"09";"120114";"JUNIN";"HUANCAYO";"EL TAMBO";"ESSALUD";"III-1";"00008652";"HOSPITAL NACIONAL RAMIRO PRIALE PRIALE";"241300";"HOSPITALIZACIÓN QUIRÚRGICA UROLOGÍA  ";"46";"42";"266";"266";"9";"270";"0"
"2023";"09";"120114";"JUNIN";"HUANCAYO";"EL TAMBO";"ESSALUD";"III-1";"00008652";"HOSPITAL NACIONAL RAMIRO PRIALE PRIALE";"241600";"HOSPITALIZACIÓN QUIRÚRGICA OBSTETRICIA   ";"88";"227";"546";"633";"22";"660";"0"
"2023";"09";"120114";"JUNIN";"HUANCAYO";"EL TAMBO";"ESSALUD";"III-1";"00008652";"HOSPITAL NACIONAL RAMIRO PRIALE PRIALE";"241500";"HOSPITALIZACIÓN QUIRÚRGICA GINECOLOGÍA  ";"68";"75";"271";"255";"9";"270";"0"
"2023";"09";"120114";"JUNIN";"HUANCAYO";"EL TAMBO";"ESSALUD";"III-1";"00008652";"HOSPITAL NACIONAL RAMIRO PRIALE PRIALE";"241700";"HOSPITALIZACIÓN QUIRÚRGICA GINECOLOGÍA   GINECOLOGIA ONCOLOGiCA";"6";"8";"27";"19";"1";"30";"0"
"2023";"09";"120114";"JUNIN";"HUANCAYO";"EL TAMBO";"ESSALUD";"III-1";"00008652";"HOSPITAL NACIONAL RAMIRO PRIALE PRIALE";"242300";"HOSPITALIZACIÓN DE PEDIATRÍA  PEDIATRÍA  GENERAL ";"90";"88";"318";"309";"11";"330";"0"
"2023";"09";"120114";"JUNIN";"HUANCAYO";"EL TAMBO";"ESSALUD";"III-1";"00008652";"HOSPITAL NACIONAL RAMIRO PRIALE PRIALE";"240700";"HOSPITALIZACIÓN QUIRÚRGICA CIRUGÍA PEDIÁTRICA ";"23";"21";"169";"168";"6";"180";"0"
"2023";"09";"120114";"JUNIN";"HUANCAYO";"EL TAMBO";"ESSALUD";"III-1";"00008652";"HOSPITAL NACIONAL RAMIRO PRIALE PRIALE";"250100";"UNIDAD DE CUIDADOS CRITICOS UNIDAD  DE CUIDADOS INTENSIVOS GENERALES (UCI) ";"39";"10";"181";"355";"12";"360";"8"
"2023";"09";"120114";"JUNIN";"HUANCAYO";"EL TAMBO";"ESSALUD";"III-1";"00008652";"HOSPITAL NACIONAL RAMIRO PRIALE PRIALE";"250108";"UNIDAD DE CUIDADOS CRITICOS UNIDAD  DE CUIDADOS INTENSIVOS  (UCI) PEDIÁTRICA";"10";"1";"7";"51";"2";"60";"0"
"2023";"09";"120114";"JUNIN";"HUANCAYO";"EL TAMBO";"ESSALUD";"III-1";"00008652";"HOSPITAL NACIONAL RAMIRO PRIALE PRIALE";"240500";"HOSPITALIZACIÓN QUIRÚRGICA CIRUGÍA DE TRANSPLANTES ";"1";"1";"18";"18";"1";"20";"0"
"2023";"09";"120114";"JUNIN";"HUANCAYO";"EL TAMBO";"ESSALUD";"III-1";"00008652";"HOSPITAL NACIONAL RAMIRO PRIALE PRIALE";"250200";"UNIDAD DE CUIDADOS CRITICOS UNIDAD DE CUIDADOS INTERMEDIOS GENERAL  (UCIN) ";"31";"5";"157";"294";"10";"300";"4"
"2023";"09";"120114";"JUNIN";"HUANCAYO";"EL TAMBO";"ESSALUD";"III-1";"00008652";"HOSPITAL NACIONAL RAMIRO PRIALE PRIALE";"250202";"UNIDAD DE CUIDADOS CRITICOS UNIDAD DE CUIDADOS INTERMEDIOS  (UCIN) PEDIÁTRICOS";"26";"16";"121";"132";"5";"150";"0"
"2023";"09";"120114";"JUNIN";"HUANCAYO";"EL TAMBO";"ESSALUD";"III-1";"00008652";"HOSPITAL NACIONAL RAMIRO PRIALE PRIALE";"250200";"UNIDAD DE CUIDADOS CRITICOS UNIDAD DE CUIDADOS INTERMEDIOS GENERAL  (UCIN) ";"65";"57";"284";"257";"9";"270";"0"
"2023";"09";"250102";"UCAYALI";"CORONEL PORTILLO";"CAMPOVERDE";"ESSALUD";"I-2";"00031881";"POSTA MEDICA-CAMPOVERDE-ESSALUD";"NE_0001";"";"NE_0001";"NE_0001";"NE_0001";"NE_0001";"NE_0001";"NE_0001";"NE_0001"
"2023";"09";"250101";"UCAYALI";"CORONEL PORTILLO";"CALLERIA";"PRIVADO";"II-1";"00026079";"CLINICA JUAN PABLO II";"240000";"HOSPITALIZACIÓN";"16";"20";"67";"43";"4";"120";"0"
"2023";"09";"250101";"UCAYALI";"CORONEL PORTILLO";"CALLERIA";"PRIVADO";"II-1";"00026079";"CLINICA JUAN PABLO II";"240100";"HOSPITALIZACIÓN QUIRÚRGICA CIRUGÍA GENERAL ";"2";"2";"2";"2";"1";"29";"0"
"2023";"09";"250101";"UCAYALI";"CORONEL PORTILLO";"CALLERIA";"PRIVADO";"II-1";"00026079";"CLINICA JUAN PABLO II";"241400";"HOSPITALIZACIÓN QUIRÚRGICA GINECO - OBSTETRICIA ";"14";"14";"28";"27";"2";"59";"0"
"2023";"09";"250101";"UCAYALI";"CORONEL PORTILLO";"CALLERIA";"PRIVADO";"II-1";"00026079";"CLINICA JUAN PABLO II";"241800";"HOSPITALIZACIÓN DE MEDICINA MEDICINA GENERAL ";"3";"5";"9";"5";"2";"52";"0"
"2023";"09";"250101";"UCAYALI";"CORONEL PORTILLO";"CALLERIA";"PRIVADO";"II-1";"00026079";"CLINICA JUAN PABLO II";"242500";"HOSPITALIZACIÓN-PEDIATRÍA GENERAL-";"13";"13";"32";"32";"2";"70";"0"
"2023";"09";"120201";"JUNIN";"CONCEPCION";"CONCEPCION";"GOBIERNO REGIONAL";"II-E";"00027857";"INSTITUTO REGIONAL DE ENFERMEDADES NEOPLÁSICAS DEL CENTRO - IREN CENTRO";"242100";"HOSPITALIZACIÓN DE MEDICINA ONCOLOGÍA MÉDICA ";"121";"121";"591";"667";"25";"750";"5"
"2023";"09";"120201";"JUNIN";"CONCEPCION";"CONCEPCION";"GOBIERNO REGIONAL";"II-E";"00027857";"INSTITUTO REGIONAL DE ENFERMEDADES NEOPLÁSICAS DEL CENTRO - IREN CENTRO";"241000";"HOSPITALIZACIÓN QUIRÚRGICA ONCOLOGÍA QUIRÚRGICA  ";"85";"82";"399";"498";"20";"600";"2"
"2023";"09";"120201";"JUNIN";"CONCEPCION";"CONCEPCION";"GOBIERNO REGIONAL";"II-E";"00027857";"INSTITUTO REGIONAL DE ENFERMEDADES NEOPLÁSICAS DEL CENTRO - IREN CENTRO";"250100";"UNIDAD DE CUIDADOS CRITICOS UNIDAD  DE CUIDADOS INTENSIVOS GENERALES (UCI) ";"12";"13";"78";"73";"5";"150";"1"
"2023";"09";"120201";"JUNIN";"CONCEPCION";"CONCEPCION";"GOBIERNO REGIONAL";"II-E";"00027857";"INSTITUTO REGIONAL DE ENFERMEDADES NEOPLÁSICAS DEL CENTRO - IREN CENTRO";"250200";"UNIDAD DE CUIDADOS CRITICOS UNIDAD DE CUIDADOS INTERMEDIOS GENERAL  (UCIN) ";"10";"9";"40";"87";"5";"150";"6"
"2023";"09";"060101";"CAJAMARCA";"CAJAMARCA";"CAJAMARCA";"ESSALUD";"II-2";"00010272";"HOSPITAL II CAJAMARCA";"241800";"HOSPITALIZACIÓN DE MEDICINA MEDICINA GENERAL ";"48";"47";"1082";"482";"18";"540";"3"
"2023";"09";"060101";"CAJAMARCA";"CAJAMARCA";"CAJAMARCA";"ESSALUD";"II-2";"00010272";"HOSPITAL II CAJAMARCA";"240100";"HOSPITALIZACIÓN QUIRÚRGICA CIRUGÍA GENERAL ";"129";"127";"382";"391";"14";"420";"0"
"2023";"09";"060101";"CAJAMARCA";"CAJAMARCA";"CAJAMARCA";"ESSALUD";"II-2";"00010272";"HOSPITAL II CAJAMARCA";"241500";"HOSPITALIZACIÓN QUIRÚRGICA GINECOLOGÍA  ";"40";"41";"100";"94";"4";"120";"0"
"2023";"09";"060101";"CAJAMARCA";"CAJAMARCA";"CAJAMARCA";"ESSALUD";"II-2";"00010272";"HOSPITAL II CAJAMARCA";"241600";"HOSPITALIZACIÓN QUIRÚRGICA OBSTETRICIA   ";"145";"146";"318";"318";"16";"480";"0"
"2023";"09";"060101";"CAJAMARCA";"CAJAMARCA";"CAJAMARCA";"ESSALUD";"II-2";"00010272";"HOSPITAL II CAJAMARCA";"242300";"HOSPITALIZACIÓN DE PEDIATRÍA  PEDIATRÍA  GENERAL ";"31";"32";"134";"152";"7";"390";"0"
"2023";"09";"060101";"CAJAMARCA";"CAJAMARCA";"CAJAMARCA";"ESSALUD";"II-2";"00010272";"HOSPITAL II CAJAMARCA";"243200";"HOSPITALIZACIÓN DE PEDIATRÍA PEDIATRIA NEONATOLOGÍA";"20";"22";"67";"62";"6";"180";"0"
"2023";"09";"060101";"CAJAMARCA";"CAJAMARCA";"CAJAMARCA";"ESSALUD";"II-2";"00010272";"HOSPITAL II CAJAMARCA";"250100";"UNIDAD DE CUIDADOS CRITICOS UNIDAD  DE CUIDADOS INTENSIVOS GENERALES (UCI) ";"5";"5";"76";"161";"6";"180";"0"
"2023";"09";"060101";"CAJAMARCA";"CAJAMARCA";"CAJAMARCA";"ESSALUD";"II-2";"00010272";"HOSPITAL II CAJAMARCA";"250304";"HOSPIT. EN UNIDAD DE CUID.INTEN.-UNIDAD DE VIGILANCIA INTENSIVA (UVI)-MEDICINA";"7";"8";"155";"106";"4";"120";"2"
"2023";"09";"160601";"LORETO";"UCAYALI";"CONTAMANA";"ESSALUD";"I-3";"00010843";"POSTA MEDICA ESSALUD CONTAMANA";"NE_0001";"";"NE_0001";"NE_0001";"NE_0001";"NE_0001";"NE_0001";"NE_0001";"NE_0001"
"2023";"09";"150130";"LIMA";"LIMA";"SAN BORJA";"SANIDAD DEL EJERCITO DEL PERU";"I-1";"00029429";"ENFERMERÍA DEL BATALLÓN POLICÍA MILITAR N° 505";"NE_0001";"";"NE_0001";"NE_0001";"NE_0001";"NE_0001";"NE_0001";"NE_0001";"NE_0001"
"2023";"09";"120606";"JUNIN";"SATIPO";"PANGOA";"GOBIERNO REGIONAL";"I-2";"00000447";"VILLA MARIA";"NE_0001";"";"NE_0001";"NE_0001";"NE_0001";"NE_0001";"NE_0001";"NE_0001";"NE_0001"
"2023";"09";"120606";"JUNIN";"SATIPO";"PANGOA";"GOBIERNO REGIONAL";"I-3";"00000443";"SAN RAMON DE PANGOA";"NE_0001";"";"NE_0001";"NE_0001";"NE_0001";"NE_0001";"NE_0001";"NE_0001";"NE_0001"
"2023";"09";"120606";"JUNIN";"SATIPO";"PANGOA";"GOBIERNO REGIONAL";"I-1";"00000456";"SANTA ROSA ALTO KIATARI";"NE_0001";"";"NE_0001";"NE_0001";"NE_0001";"NE_0001";"NE_0001";"NE_0001";"NE_0001"
"2023";"09";"120606";"JUNIN";"SATIPO";"PANGOA";"GOBIERNO REGIONAL";"I-2";"00000444";"CHAVINI";"NE_0001";"";"NE_0001";"NE_0001";"NE_0001";"NE_0001";"NE_0001";"NE_0001";"NE_0001"
"2023";"09";"120606";"JUNIN";"SATIPO";"PANGOA";"GOBIERNO REGIONAL";"I-1";"00000450";"ALTO KIATARI";"NE_0001";"";"NE_0001";"NE_0001";"NE_0001";"NE_0001";"NE_0001";"NE_0001";"NE_0001"
"2023";"09";"120606";"JUNIN";"SATIPO";"PANGOA";"GOBIERNO REGIONAL";"I-1";"00000453";"UNION CHAVINI";"NE_0001";"";"NE_0001";"NE_0001";"NE_0001";"NE_0001";"NE_0001";"NE_0001";"NE_0001"
"2023";"09";"120606";"JUNIN";"SATIPO";"PANGOA";"GOBIERNO REGIONAL";"I-1";"00000440";"SAN JOSE DE MIRAFLORES";"NE_0001";"";"NE_0001";"NE_0001";"NE_0001";"NE_0001";"NE_0001";"NE_0001";"NE_0001"
"2023";"09";"120606";"JUNIN";"SATIPO";"PANGOA";"GOBIERNO REGIONAL";"I-1";"00000458";"VILCABAMBA";"NE_0001";"";"NE_0001";"NE_0001";"NE_0001";"NE_0001";"NE_0001";"NE_0001";"NE_0001"
"2023";"09";"110201";"ICA";"CHINCHA";"CHINCHA ALTA";"PRIVADO";"II-1";"00010559";"CLINICA DANIEL A. CARRION S.A.C.";"240100";"HOSPITALIZACIÓN QUIRÚRGICA CIRUGÍA GENERAL ";"12";"12";"18";"18";"4";"120";"0"
"2023";"09";"110201";"ICA";"CHINCHA";"CHINCHA ALTA";"PRIVADO";"II-1";"00010559";"CLINICA DANIEL A. CARRION S.A.C.";"241400";"HOSPITALIZACIÓN QUIRÚRGICA GINECO - OBSTETRICIA ";"12";"12";"15";"15";"4";"120";"0"
"2023";"09";"110201";"ICA";"CHINCHA";"CHINCHA ALTA";"PRIVADO";"II-1";"00010559";"CLINICA DANIEL A. CARRION S.A.C.";"241800";"HOSPITALIZACIÓN DE MEDICINA MEDICINA GENERAL ";"1";"1";"1";"1";"1";"30";"0"
"2023";"09";"110201";"ICA";"CHINCHA";"CHINCHA ALTA";"PRIVADO";"II-1";"00010559";"CLINICA DANIEL A. CARRION S.A.C.";"242300";"HOSPITALIZACIÓN DE PEDIATRÍA  PEDIATRÍA  GENERAL ";"1";"1";"2";"2";"1";"30";"0"
"2023";"09";"120101";"JUNIN";"HUANCAYO";"HUANCAYO";"PRIVADO";"II-1";"00008516";"CLINICA SANTO DOMINGO";"240100";"HOSPITALIZACIÓN QUIRÚRGICA CIRUGÍA GENERAL ";"14";"14";"26";"26";"2";"31";"0"
"2023";"04";"120602";"JUNIN";"SATIPO";"COVIRIALI";"GOBIERNO REGIONAL";"I-1";"00000488";"SAN ANDRES";"NE_0001";"";"NE_0001";"NE_0001";"NE_0001";"NE_0001";"NE_0001";"NE_0001";"NE_0001"
"2023";"04";"120605";"JUNIN";"SATIPO";"PAMPA HERMOSA";"GOBIERNO REGIONAL";"I-1";"00007185";"PAMPA MANDARINA";"NE_0001";"";"NE_0001";"NE_0001";"NE_0001";"NE_0001";"NE_0001";"NE_0001";"NE_0001"
"2023";"04";"120602";"JUNIN";"SATIPO";"COVIRIALI";"GOBIERNO REGIONAL";"I-2";"00000486";"SAN PEDRO";"NE_0001";"";"NE_0001";"NE_0001";"NE_0001";"NE_0001";"NE_0001";"NE_0001";"NE_0001"
"2023";"04";"120605";"JUNIN";"SATIPO";"PAMPA HERMOSA";"GOBIERNO REGIONAL";"I-2";"00000493";"MARIPOSA";"NE_0001";"";"NE_0001";"NE_0001";"NE_0001";"NE_0001";"NE_0001";"NE_0001";"NE_0001"
"2023";"04";"120602";"JUNIN";"SATIPO";"COVIRIALI";"GOBIERNO REGIONAL";"I-3";"00000485";"COVIRIALI";"NE_0001";"";"NE_0001";"NE_0001";"NE_0001";"NE_0001";"NE_0001";"NE_0001";"NE_0001"
"2023";"04";"120605";"JUNIN";"SATIPO";"PAMPA HERMOSA";"GOBIERNO REGIONAL";"I-2";"00006876";"TOLDOPAMPA";"NE_0001";"";"NE_0001";"NE_0001";"NE_0001";"NE_0001";"NE_0001";"NE_0001";"NE_0001"
"2023";"04";"120602";"JUNIN";"SATIPO";"COVIRIALI";"GOBIERNO REGIONAL";"I-1";"00000487";"SANTA MARIA";"NE_0001";"";"NE_0001";"NE_0001";"NE_0001";"NE_0001";"NE_0001";"NE_0001";"NE_0001"
"2023";"04";"120605";"JUNIN";"SATIPO";"PAMPA HERMOSA";"GOBIERNO REGIONAL";"I-2";"00017678";"HUANCAMACHAY";"NE_0001";"";"NE_0001";"NE_0001";"NE_0001";"NE_0001";"NE_0001";"NE_0001";"NE_0001"
"2023";"04";"120602";"JUNIN";"SATIPO";"COVIRIALI";"GOBIERNO REGIONAL";"I-1";"00000489";"BUENOS AIRES";"NE_0001";"";"NE_0001";"NE_0001";"NE_0001";"NE_0001";"NE_0001";"NE_0001";"NE_0001"
"2023";"04";"120605";"JUNIN";"SATIPO";"PAMPA HERMOSA";"GOBIERNO REGIONAL";"I-2";"00000494";"APALLA CALABAZA";"NE_0001";"";"NE_0001";"NE_0001";"NE_0001";"NE_0001";"NE_0001";"NE_0001";"NE_0001"
"2023";"04";"120605";"JUNIN";"SATIPO";"PAMPA HERMOSA";"GOBIERNO REGIONAL";"I-2";"00000492";"SANTA ROSITA";"NE_0001";"";"NE_0001";"NE_0001";"NE_0001";"NE_0001";"NE_0001";"NE_0001";"NE_0001"
"2023";"04";"120602";"JUNIN";"SATIPO";"COVIRIALI";"GOBIERNO REGIONAL";"I-1";"00007186";"PALMAPAMPA";"NE_0001";"";"NE_0001";"NE_0001";"NE_0001";"NE_0001";"NE_0001";"NE_0001";"NE_0001"
"2023";"04";"150116";"LIMA";"LIMA";"LINCE";"PRIVADO";"II-E";"00015684";"CLINICA GONZALEZ S.A.";"241600";"HOSPITALIZACIÓN QUIRÚRGICA OBSTETRICIA   ";"1";"1";"1";"1";"10";"300";"0"
"2023";"04";"150116";"LIMA";"LIMA";"LINCE";"PRIVADO";"II-E";"00015684";"CLINICA GONZALEZ S.A.";"240000";"HOSPITALIZACIÓN";"22";"22";"48";"48";"12";"360";"0"
"2023";"04";"040104";"AREQUIPA";"AREQUIPA";"CERRO COLORADO";"GOBIERNO REGIONAL";"I-4";"00001237";"CENTRO DE SALUD MARITZA CAMPOS DIAZ - ZAMACOLA";"241600";"HOSPITALIZACIÓN QUIRÚRGICA OBSTETRICIA   ";"65";"65";"83";"1";"14";"114";"0"
"2023";"04";"040104";"AREQUIPA";"AREQUIPA";"CERRO COLORADO";"GOBIERNO REGIONAL";"I-3";"00011023";"PUESTO DE SALUD PERUARBO";"NE_0001";"";"NE_0001";"NE_0001";"NE_0001";"NE_0001";"NE_0001";"NE_0001";"NE_0001"
"2023";"04";"040104";"AREQUIPA";"AREQUIPA";"CERRO COLORADO";"GOBIERNO REGIONAL";"I-2";"00001251";"PUESTO DE SALUD NAZARENO";"NE_0001";"";"NE_0001";"NE_0001";"NE_0001";"NE_0001";"NE_0001";"NE_0001";"NE_0001"
"2023";"04";"040104";"AREQUIPA";"AREQUIPA";"CERRO COLORADO";"GOBIERNO REGIONAL";"I-3";"00001247";"CENTRO DE SALUD CIUDAD MUNICIPAL";"NE_0001";"";"NE_0001";"NE_0001";"NE_0001";"NE_0001";"NE_0001";"NE_0001";"NE_0001"
"2023";"04";"040104";"AREQUIPA";"AREQUIPA";"CERRO COLORADO";"MUNICIPALIDAD PROVINCIAL";"0";"00021551";"HOSPITAL MUNICIPAL DE AREQUIPA";"NE_0001";"";"NE_0001";"NE_0001";"NE_0001";"NE_0001";"NE_0001";"NE_0001";"NE_0001"
"2023";"03";"080106";"CUSCO";"CUSCO";"SANTIAGO";"OTRO";"II-E";"00012995";"SAN JUAN PABLO II";"242200";"HOSPITALIZACIÓN DE MEDICINA PSIQUIATRÍA ";"30";"20";"1004";"1550";"40";"1240";"0"
"2023";"04";"080106";"CUSCO";"CUSCO";"SANTIAGO";"OTRO";"II-E";"00012995";"SAN JUAN PABLO II";"242200";"HOSPITALIZACIÓN DE MEDICINA PSIQUIATRÍA ";"16";"3";"208";"496";"40";"1240";"0"
"2023";"04";"021101";"ANCASH";"HUARMEY";"HUARMEY";"ESSALUD";"I-3";"00009059";"CENTRO MEDICO HUARMEY";"NE_0001";"";"NE_0001";"NE_0001";"NE_0001";"NE_0001";"NE_0001";"NE_0001";"NE_0001"
"2023";"03";"140301";"LAMBAYEQUE";"LAMBAYEQUE";"LAMBAYEQUE";"GOBIERNO REGIONAL";"II-1";"00004370";"HOSPITAL BELEN - LAMBAYEQUE";"240100";"HOSPITALIZACIÓN QUIRÚRGICA CIRUGÍA GENERAL ";"75";"75";"327";"4";"20";"620";"0"
"2023";"03";"140301";"LAMBAYEQUE";"LAMBAYEQUE";"LAMBAYEQUE";"GOBIERNO REGIONAL";"II-1";"00004370";"HOSPITAL BELEN - LAMBAYEQUE";"240600";"HOSPITALIZACIÓN QUIRÚRGICA CIRUGÍA OFTALMOLÓGICA ";"1";"1";"2";"2";"2";"62";"0"
"2023";"03";"140301";"LAMBAYEQUE";"LAMBAYEQUE";"LAMBAYEQUE";"GOBIERNO REGIONAL";"II-1";"00004370";"HOSPITAL BELEN - LAMBAYEQUE";"241100";"HOSPITALIZACIÓN QUIRÚRGICA OTORRINOLARINGOLOGÍA  ";"16";"15";"43";"3";"2";"62";"0"
"2023";"03";"140301";"LAMBAYEQUE";"LAMBAYEQUE";"LAMBAYEQUE";"GOBIERNO REGIONAL";"II-1";"00004370";"HOSPITAL BELEN - LAMBAYEQUE";"241200";"HOSPITALIZACIÓN QUIRÚRGICA TRAUMATOLOGÍA Y ORTOPEDIA ";"18";"18";"240";"13";"7";"217";"0"
"2023";"03";"140301";"LAMBAYEQUE";"LAMBAYEQUE";"LAMBAYEQUE";"GOBIERNO REGIONAL";"II-1";"00004370";"HOSPITAL BELEN - LAMBAYEQUE";"241300";"HOSPITALIZACIÓN QUIRÚRGICA UROLOGÍA  ";"18";"15";"57";"4";"4";"186";"0"
"2023";"03";"140301";"LAMBAYEQUE";"LAMBAYEQUE";"LAMBAYEQUE";"GOBIERNO REGIONAL";"II-1";"00004370";"HOSPITAL BELEN - LAMBAYEQUE";"241500";"HOSPITALIZACIÓN QUIRÚRGICA GINECOLOGÍA  ";"165";"166";"589";"4";"17";"527";"0"
"2023";"03";"140301";"LAMBAYEQUE";"LAMBAYEQUE";"LAMBAYEQUE";"GOBIERNO REGIONAL";"II-1";"00004370";"HOSPITAL BELEN - LAMBAYEQUE";"241600";"HOSPITALIZACIÓN QUIRÚRGICA OBSTETRICIA   ";"265";"277";"784";"3";"33";"1023";"0"
"2023";"03";"140301";"LAMBAYEQUE";"LAMBAYEQUE";"LAMBAYEQUE";"GOBIERNO REGIONAL";"II-1";"00004370";"HOSPITAL BELEN - LAMBAYEQUE";"241800";"HOSPITALIZACIÓN DE MEDICINA MEDICINA GENERAL ";"40";"42";"271";"6";"10";"434";"1"
"2023";"03";"140301";"LAMBAYEQUE";"LAMBAYEQUE";"LAMBAYEQUE";"GOBIERNO REGIONAL";"II-1";"00004370";"HOSPITAL BELEN - LAMBAYEQUE";"242300";"HOSPITALIZACIÓN DE PEDIATRÍA  PEDIATRÍA  GENERAL ";"49";"44";"207";"5";"15";"465";"0"
"2023";"03";"140301";"LAMBAYEQUE";"LAMBAYEQUE";"LAMBAYEQUE";"GOBIERNO REGIONAL";"II-1";"00004370";"HOSPITAL BELEN - LAMBAYEQUE";"243200";"HOSPITALIZACIÓN DE PEDIATRÍA PEDIATRIA NEONATOLOGÍA";"305";"21";"186";"9";"17";"620";"0"
"2023";"04";"100502";"HUANUCO";"HUAMALIES";"ARANCAY";"GOBIERNO REGIONAL";"I-2";"00000905";"ARANCAY";"NE_0001";"";"NE_0001";"NE_0001";"NE_0001";"NE_0001";"NE_0001";"NE_0001";"NE_0001"
"2023";"04";"100502";"HUANUCO";"HUAMALIES";"ARANCAY";"GOBIERNO REGIONAL";"0";"00025485";"AISPED TAZO CHICO -  ARANCAY";"NE_0001";"";"NE_0001";"NE_0001";"NE_0001";"NE_0001";"NE_0001";"NE_0001";"NE_0001"
"2023";"04";"100402";"HUANUCO";"HUACAYBAMBA";"CANCHABAMBA";"GOBIERNO REGIONAL";"I-3";"00000878";"CANCHABAMBA";"NE_0001";"";"NE_0001";"NE_0001";"NE_0001";"NE_0001";"NE_0001";"NE_0001";"NE_0001"
"2023";"04";"100402";"HUANUCO";"HUACAYBAMBA";"CANCHABAMBA";"GOBIERNO REGIONAL";"I-1";"00000886";"VILLA FLORES DE RAJIN";"NE_0001";"";"NE_0001";"NE_0001";"NE_0001";"NE_0001";"NE_0001";"NE_0001";"NE_0001"
"2023";"04";"100503";"HUANUCO";"HUAMALIES";"CHAVIN DE PARIARCA";"GOBIERNO REGIONAL";"I-1";"00000899";"SAN JUAN DE PAMPAS";"NE_0001";"";"NE_0001";"NE_0001";"NE_0001";"NE_0001";"NE_0001";"NE_0001";"NE_0001"
"2023";"04";"100503";"HUANUCO";"HUAMALIES";"CHAVIN DE PARIARCA";"GOBIERNO REGIONAL";"I-1";"00007720";"QUIPRAN";"NE_0001";"";"NE_0001";"NE_0001";"NE_0001";"NE_0001";"NE_0001";"NE_0001";"NE_0001"
"2023";"04";"100503";"HUANUCO";"HUAMALIES";"CHAVIN DE PARIARCA";"GOBIERNO REGIONAL";"I-3";"00000896";"CHAVIN DE PARIARCA";"NE_0001";"";"NE_0001";"NE_0001";"NE_0001";"NE_0001";"NE_0001";"NE_0001";"NE_0001"
"2023";"04";"100403";"HUANUCO";"HUACAYBAMBA";"COCHABAMBA";"GOBIERNO REGIONAL";"I-1";"00000882";"SANTA ANA PIRUSHTO";"NE_0001";"";"NE_0001";"NE_0001";"NE_0001";"NE_0001";"NE_0001";"NE_0001";"NE_0001"
"2023";"04";"100403";"HUANUCO";"HUACAYBAMBA";"COCHABAMBA";"GOBIERNO REGIONAL";"I-1";"00000879";"COCHABAMBA";"NE_0001";"";"NE_0001";"NE_0001";"NE_0001";"NE_0001";"NE_0001";"NE_0001";"NE_0001"
"2023";"04";"100401";"HUANUCO";"HUACAYBAMBA";"HUACAYBAMBA";"GOBIERNO REGIONAL";"I-2";"00000880";"QUICHIRRAGRA";"NE_0001";"";"NE_0001";"NE_0001";"NE_0001";"NE_0001";"NE_0001";"NE_0001";"NE_0001"
"2023";"04";"100401";"HUANUCO";"HUACAYBAMBA";"HUACAYBAMBA";"GOBIERNO REGIONAL";"I-3";"00000877";"CENTRO DE SALUD DE HUACAYBAMBA";"NE_0001";"";"NE_0001";"NE_0001";"NE_0001";"NE_0001";"NE_0001";"NE_0001";"NE_0001"
"2023";"04";"100401";"HUANUCO";"HUACAYBAMBA";"HUACAYBAMBA";"GOBIERNO REGIONAL";"I-1";"00000881";"PUESTO DE SALUD DE RONDOBAMBA";"NE_0001";"";"NE_0001";"NE_0001";"NE_0001";"NE_0001";"NE_0001";"NE_0001";"NE_0001"
"2023";"04";"100504";"HUANUCO";"HUAMALIES";"JACAS GRANDE";"GOBIERNO REGIONAL";"I-2";"00000906";"CARHUAPATA";"NE_0001";"";"NE_0001";"NE_0001";"NE_0001";"NE_0001";"NE_0001";"NE_0001";"NE_0001"
"2023";"04";"100504";"HUANUCO";"HUAMALIES";"JACAS GRANDE";"GOBIERNO REGIONAL";"I-2";"00000897";"JACAS GRANDE";"NE_0001";"";"NE_0001";"NE_0001";"NE_0001";"NE_0001";"NE_0001";"NE_0001";"NE_0001"
"2023";"04";"100504";"HUANUCO";"HUAMALIES";"JACAS GRANDE";"GOBIERNO REGIONAL";"I-2";"00006888";"CASCANGA";"NE_0001";"";"NE_0001";"NE_0001";"NE_0001";"NE_0001";"NE_0001";"NE_0001";"NE_0001"
"2023";"04";"100504";"HUANUCO";"HUAMALIES";"JACAS GRANDE";"GOBIERNO REGIONAL";"I-2";"00000898";"ANDAS";"NE_0001";"";"NE_0001";"NE_0001";"NE_0001";"NE_0001";"NE_0001";"NE_0001";"NE_0001"
"2023";"04";"100504";"HUANUCO";"HUAMALIES";"JACAS GRANDE";"GOBIERNO REGIONAL";"I-1";"00006674";"NUEVAS FLORES";"NE_0001";"";"NE_0001";"NE_0001";"NE_0001";"NE_0001";"NE_0001";"NE_0001";"NE_0001"
"2023";"05";"060101";"CAJAMARCA";"CAJAMARCA";"CAJAMARCA";"PRIVADO";"II-1";"00009599";"CLINICA SAN FRANCISCO DE ASIS S.A.";"240100";"HOSPITALIZACIÓN QUIRÚRGICA CIRUGÍA GENERAL ";"13";"13";"23";"13";"2";"62";"0"
"2023";"05";"060101";"CAJAMARCA";"CAJAMARCA";"CAJAMARCA";"PRIVADO";"II-1";"00009599";"CLINICA SAN FRANCISCO DE ASIS S.A.";"241200";"HOSPITALIZACIÓN QUIRÚRGICA TRAUMATOLOGÍA Y ORTOPEDIA ";"14";"14";"17";"14";"2";"62";"0"
"2023";"05";"060101";"CAJAMARCA";"CAJAMARCA";"CAJAMARCA";"PRIVADO";"II-1";"00009599";"CLINICA SAN FRANCISCO DE ASIS S.A.";"241400";"HOSPITALIZACIÓN QUIRÚRGICA GINECO - OBSTETRICIA ";"8";"8";"8";"8";"2";"62";"0"
"2023";"05";"060101";"CAJAMARCA";"CAJAMARCA";"CAJAMARCA";"PRIVADO";"II-1";"00009599";"CLINICA SAN FRANCISCO DE ASIS S.A.";"241500";"HOSPITALIZACIÓN QUIRÚRGICA GINECOLOGÍA  ";"1";"1";"1";"1";"2";"62";"0"
"2023";"05";"060101";"CAJAMARCA";"CAJAMARCA";"CAJAMARCA";"PRIVADO";"II-1";"00009599";"CLINICA SAN FRANCISCO DE ASIS S.A.";"244300";"HOSPITALIZACIÓN DE MEDICINA GASTROENTEROLOGÍA  ";"1";"1";"2";"1";"2";"62";"0"
"2023";"05";"060101";"CAJAMARCA";"CAJAMARCA";"CAJAMARCA";"PRIVADO";"II-1";"00009599";"CLINICA SAN FRANCISCO DE ASIS S.A.";"244400";"HOSPITALIZACIÓN DE MEDICINA GERIATRIA ";"2";"2";"5";"2";"2";"62";"0"
"2023";"05";"060101";"CAJAMARCA";"CAJAMARCA";"CAJAMARCA";"PRIVADO";"II-1";"00009599";"CLINICA SAN FRANCISCO DE ASIS S.A.";"244700";"HOSPITALIZACIÓN DE MEDICINA NEUROLOGIA  ";"1";"1";"2";"1";"2";"62";"0"
"2023";"05";"150122";"LIMA";"LIMA";"MIRAFLORES";"PRIVADO";"II-E";"00014361";"INSTITUTO DEL CEREBRO Y LA COLUMNA VERTEBRAL";"240000";"HOSPITALIZACIÓN";"36";"36";"63";"36";"8";"248";"0"
"2023";"05";"080704";"CUSCO";"CHUMBIVILCAS";"COLQUEMARCA";"GOBIERNO REGIONAL";"I-1";"00008914";"HUAYLLANI";"NE_0001";"";"NE_0001";"NE_0001";"NE_0001";"NE_0001";"NE_0001";"NE_0001";"NE_0001"
"2023";"05";"080704";"CUSCO";"CHUMBIVILCAS";"COLQUEMARCA";"GOBIERNO REGIONAL";"I-3";"00002404";"COLQUEMARCA";"NE_0001";"";"NE_0001";"NE_0001";"NE_0001";"NE_0001";"NE_0001";"NE_0001";"NE_0001"
"2023";"05";"080704";"CUSCO";"CHUMBIVILCAS";"COLQUEMARCA";"GOBIERNO REGIONAL";"I-1";"00002405";"CHARAMURAY";"NE_0001";"";"NE_0001";"NE_0001";"NE_0001";"NE_0001";"NE_0001";"NE_0001";"NE_0001"
"2023";"05";"081102";"CUSCO";"PAUCARTAMBO";"CAICAY";"GOBIERNO REGIONAL";"I-1";"00002512";"CAICAY";"NE_0002";"";"NE_0002";"NE_0002";"NE_0002";"NE_0002";"NE_0002";"NE_0002";"NE_0002"
"2023";"05";"081101";"CUSCO";"PAUCARTAMBO";"PAUCARTAMBO";"GOBIERNO REGIONAL";"I-4";"00002510";"PAUCARTAMBO";"NE_0002";"";"NE_0002";"NE_0002";"NE_0002";"NE_0002";"NE_0002";"NE_0002";"NE_0002"
"2023";"05";"150132";"LIMA";"LIMA";"SAN JUAN DE LURIGANCHO";"PRIVADO";"II-1";"00009090";"CLINICA "" LIMATAMBO""";"240000";"HOSPITALIZACIÓN";"105";"99";"234";"297";"30";"930";"0"
"2023";"05";"081104";"CUSCO";"PAUCARTAMBO";"COLQUEPATA";"GOBIERNO REGIONAL";"I-1";"00002517";"PICHIHUA COLQUEPATA";"NE_0002";"";"NE_0002";"NE_0002";"NE_0002";"NE_0002";"NE_0002";"NE_0002";"NE_0002"
"2023";"05";"081106";"CUSCO";"PAUCARTAMBO";"KOSÑIPATA";"GOBIERNO REGIONAL";"I-3";"00002521";"PILCOPATA";"NE_0002";"";"NE_0002";"NE_0002";"NE_0002";"NE_0002";"NE_0002";"NE_0002";"NE_0002"
"2023";"05";"081104";"CUSCO";"PAUCARTAMBO";"COLQUEPATA";"GOBIERNO REGIONAL";"I-2";"00002518";"VIZCOCHONI";"NE_0002";"";"NE_0002";"NE_0002";"NE_0002";"NE_0002";"NE_0002";"NE_0002";"NE_0002"
"2023";"05";"081105";"CUSCO";"PAUCARTAMBO";"HUANCARANI";"GOBIERNO REGIONAL";"I-4";"00002520";"HUANCARANI";"NE_0002";"";"NE_0002";"NE_0002";"NE_0002";"NE_0002";"NE_0002";"NE_0002";"NE_0002"
"2023";"05";"081101";"CUSCO";"PAUCARTAMBO";"PAUCARTAMBO";"GOBIERNO REGIONAL";"I-2";"00002511";"MOLLOMARCA";"NE_0002";"";"NE_0002";"NE_0002";"NE_0002";"NE_0002";"NE_0002";"NE_0002";"NE_0002"
"2023";"05";"081103";"CUSCO";"PAUCARTAMBO";"CHALLABAMBA";"GOBIERNO REGIONAL";"I-3";"00002514";"CHALLABAMBA";"NE_0002";"";"NE_0002";"NE_0002";"NE_0002";"NE_0002";"NE_0002";"NE_0002";"NE_0002"
"2023";"05";"081104";"CUSCO";"PAUCARTAMBO";"COLQUEPATA";"GOBIERNO REGIONAL";"I-2";"00002516";"COLQUEPATA";"NE_0002";"";"NE_0002";"NE_0002";"NE_0002";"NE_0002";"NE_0002";"NE_0002";"NE_0002"
"2023";"05";"150137";"LIMA";"LIMA";"SANTA ANITA";"ESSALUD";"II-E";"00010434";"ESSALUD - HOSPITAL IIE SAN ISIDRO LABRADOR";"241900";"HOSPITALIZACIÓN DE MEDICINA MEDICINA INTERNA ";"224";"209";"3788";"4484";"180";"5580";"28"
"2023";"05";"150137";"LIMA";"LIMA";"SANTA ANITA";"ESSALUD";"II-E";"00010434";"ESSALUD - HOSPITAL IIE SAN ISIDRO LABRADOR";"250200";"UNIDAD DE CUIDADOS CRITICOS UNIDAD DE CUIDADOS INTERMEDIOS GENERAL  (UCIN) ";"8";"9";"183";"169";"12";"372";"7"
"2023";"05";"150137";"LIMA";"LIMA";"SANTA ANITA";"ESSALUD";"II-E";"00010434";"ESSALUD - HOSPITAL IIE SAN ISIDRO LABRADOR";"250103";"UNIDAD DE CUIDADOS CRITICOS UNIDAD  DE CUIDADOS INTENSIVOS GENERALES  (UCI) MEDICINA";"2";"7";"97";"148";"8";"186";"6"
"2023";"08";"160108";"LORETO";"MAYNAS";"PUNCHANA";"ESSALUD";"III-1";"00011409";"HOSPITAL III IQUITOS";"241900";"HOSPITALIZACIÓN DE MEDICINA MEDICINA INTERNA ";"144";"141";"1431";"1179";"44";"1364";"7"
"2023";"08";"160108";"LORETO";"MAYNAS";"PUNCHANA";"ESSALUD";"III-1";"00011409";"HOSPITAL III IQUITOS";"240100";"HOSPITALIZACIÓN QUIRÚRGICA CIRUGÍA GENERAL ";"239";"231";"851";"730";"40";"1240";"0"
"2023";"08";"160108";"LORETO";"MAYNAS";"PUNCHANA";"ESSALUD";"III-1";"00011409";"HOSPITAL III IQUITOS";"241400";"HOSPITALIZACIÓN QUIRÚRGICA GINECO - OBSTETRICIA ";"35";"28";"124";"131";"5";"155";"0"
"2023";"08";"160108";"LORETO";"MAYNAS";"PUNCHANA";"ESSALUD";"III-1";"00011409";"HOSPITAL III IQUITOS";"241600";"HOSPITALIZACIÓN QUIRÚRGICA OBSTETRICIA   ";"143";"141";"331";"344";"18";"558";"0"
"2023";"08";"160108";"LORETO";"MAYNAS";"PUNCHANA";"ESSALUD";"III-1";"00011409";"HOSPITAL III IQUITOS";"242300";"HOSPITALIZACIÓN DE PEDIATRÍA  PEDIATRÍA  GENERAL ";"109";"105";"393";"394";"14";"434";"0"
"2023";"08";"160108";"LORETO";"MAYNAS";"PUNCHANA";"ESSALUD";"III-1";"00011409";"HOSPITAL III IQUITOS";"250100";"UNIDAD DE CUIDADOS CRITICOS UNIDAD  DE CUIDADOS INTENSIVOS GENERALES (UCI) ";"28";"27";"259";"280";"10";"310";"3"
"2023";"08";"160108";"LORETO";"MAYNAS";"PUNCHANA";"ESSALUD";"III-1";"00011409";"HOSPITAL III IQUITOS";"250200";"UNIDAD DE CUIDADOS CRITICOS UNIDAD DE CUIDADOS INTERMEDIOS GENERAL  (UCIN) ";"69";"68";"293";"283";"11";"341";"2"
"2023";"08";"070101";"CALLAO";"CALLAO";"CALLAO";"GOBIERNO REGIONAL";"I-4";"00006228";"CENTRO DE SALUD NESTOR GAMBETTA";"241400";"HOSPITALIZACIÓN QUIRÚRGICA GINECO - OBSTETRICIA ";"10";"4";"4";"93";"12";"372";"0"
"2023";"08";"070101";"CALLAO";"CALLAO";"CALLAO";"GOBIERNO REGIONAL";"I-2";"00006231";"PUESTO DE SALUD RAMON CASTILLA";"NE_0001";"";"NE_0001";"NE_0001";"NE_0001";"NE_0001";"NE_0001";"NE_0001";"NE_0001"
"2023";"08";"021809";"ANCASH";"SANTA";"NUEVO CHIMBOTE";"GOBIERNO REGIONAL";"II-2";"00001703";"ELEAZAR GUZMAN BARRON";"241800";"HOSPITALIZACIÓN DE MEDICINA MEDICINA GENERAL ";"81";"79";"641";"576";"19";"589";"8"
"2023";"08";"021809";"ANCASH";"SANTA";"NUEVO CHIMBOTE";"GOBIERNO REGIONAL";"II-2";"00001703";"ELEAZAR GUZMAN BARRON";"245700";"HOSPITALIZACIÓN QUIRÚRGICA CARDIOLOGIA ";"3";"3";"11";"11";"1";"31";"0"
"2023";"08";"021809";"ANCASH";"SANTA";"NUEVO CHIMBOTE";"GOBIERNO REGIONAL";"II-2";"00001703";"ELEAZAR GUZMAN BARRON";"244300";"HOSPITALIZACIÓN DE MEDICINA GASTROENTEROLOGÍA  ";"2";"2";"7";"38";"2";"62";"0"
"2023";"08";"021809";"ANCASH";"SANTA";"NUEVO CHIMBOTE";"GOBIERNO REGIONAL";"II-2";"00001703";"ELEAZAR GUZMAN BARRON";"245500";"HOSPITALIZACIÓN DE MEDICINA REUMATOLOGÍA    ";"2";"2";"2";"2";"1";"31";"0"
"2023";"03";"120107";"JUNIN";"HUANCAYO";"CHILCA";"GOBIERNO REGIONAL";"I-4";"00000608";"CHILCA";"NE_0002";"";"NE_0002";"NE_0002";"NE_0002";"NE_0002";"NE_0002";"NE_0002";"NE_0002"
"2023";"03";"100111";"HUANUCO";"HUANUCO";"PILLCO MARCA";"GOBIERNO REGIONAL";"I-3";"00000757";"POTRACANCHA";"NE_0001";"";"NE_0001";"NE_0001";"NE_0001";"NE_0001";"NE_0001";"NE_0001";"NE_0001"
"2023";"03";"090301";"HUANCAVELICA";"ANGARAES";"LIRCAY";"GOBIERNO REGIONAL";"I-1";"00011769";"YANAUTUTO";"NE_0001";"";"NE_0001";"NE_0001";"NE_0001";"NE_0001";"NE_0001";"NE_0001";"NE_0001"
"2023";"03";"090302";"HUANCAVELICA";"ANGARAES";"ANCHONGA";"GOBIERNO REGIONAL";"I-3";"00003959";"PARCO ALTO";"NE_0002";"";"NE_0002";"NE_0002";"NE_0002";"NE_0002";"NE_0002";"NE_0002";"NE_0002"
"2023";"03";"090306";"HUANCAVELICA";"ANGARAES";"CONGALLA";"GOBIERNO REGIONAL";"I-2";"00003972";"CONGALLA";"NE_0001";"";"NE_0001";"NE_0001";"NE_0001";"NE_0001";"NE_0001";"NE_0001";"NE_0001"
"2023";"03";"090301";"HUANCAVELICA";"ANGARAES";"LIRCAY";"GOBIERNO REGIONAL";"I-1";"00007384";"SAN JUAN DE AHUAY";"NE_0001";"";"NE_0001";"NE_0001";"NE_0001";"NE_0001";"NE_0001";"NE_0001";"NE_0001"
"2023";"03";"090301";"HUANCAVELICA";"ANGARAES";"LIRCAY";"GOBIERNO REGIONAL";"I-2";"00007385";"SAN JUAN DE DIOS DE CCOLLPAPAMPA";"NE_0001";"";"NE_0001";"NE_0001";"NE_0001";"NE_0001";"NE_0001";"NE_0001";"NE_0001"
"2023";"03";"090311";"HUANCAVELICA";"ANGARAES";"SANTO TOMAS DE PATA";"GOBIERNO REGIONAL";"I-1";"00011768";"CUTICSA";"NE_0001";"";"NE_0001";"NE_0001";"NE_0001";"NE_0001";"NE_0001";"NE_0001";"NE_0001"
"2023";"03";"090302";"HUANCAVELICA";"ANGARAES";"ANCHONGA";"GOBIERNO REGIONAL";"I-2";"00003960";"TUCO";"NE_0001";"";"NE_0001";"NE_0001";"NE_0001";"NE_0001";"NE_0001";"NE_0001";"NE_0001"
"2023";"03";"090309";"HUANCAVELICA";"ANGARAES";"JULCAMARCA";"GOBIERNO REGIONAL";"I-3";"00003962";"JULCAMARCA";"NE_0002";"";"NE_0002";"NE_0002";"NE_0002";"NE_0002";"NE_0002";"NE_0002";"NE_0002"
"2023";"03";"090310";"HUANCAVELICA";"ANGARAES";"SAN ANTONIO DE ANTAPARCO";"GOBIERNO REGIONAL";"I-1";"00003965";"SAN ANTONIO DE ANTAPARCO";"NE_0001";"";"NE_0001";"NE_0001";"NE_0001";"NE_0001";"NE_0001";"NE_0001";"NE_0001"
"2023";"03";"090312";"HUANCAVELICA";"ANGARAES";"SECCLLA";"GOBIERNO REGIONAL";"I-3";"00003969";"SECCLLA";"NE_0002";"";"NE_0002";"NE_0002";"NE_0002";"NE_0002";"NE_0002";"NE_0002";"NE_0002"
"2023";"03";"090312";"HUANCAVELICA";"ANGARAES";"SECCLLA";"GOBIERNO REGIONAL";"I-1";"00003971";"TRANCA";"NE_0001";"";"NE_0001";"NE_0001";"NE_0001";"NE_0001";"NE_0001";"NE_0001";"NE_0001"
"2023";"03";"090302";"HUANCAVELICA";"ANGARAES";"ANCHONGA";"GOBIERNO REGIONAL";"I-3";"00006901";"BUENOS AIRES DE PARCO CHACAPUNCU";"NE_0001";"";"NE_0001";"NE_0001";"NE_0001";"NE_0001";"NE_0001";"NE_0001";"NE_0001"
"2023";"03";"090304";"HUANCAVELICA";"ANGARAES";"CCOCHACCASA";"GOBIERNO REGIONAL";"I-1";"00003956";"SAN PEDRO DE MIMOSA";"NE_0001";"";"NE_0001";"NE_0001";"NE_0001";"NE_0001";"NE_0001";"NE_0001";"NE_0001"
"2023";"03";"090301";"HUANCAVELICA";"ANGARAES";"LIRCAY";"GOBIERNO REGIONAL";"I-1";"00007290";"PERCAPAMPA";"NE_0001";"";"NE_0001";"NE_0001";"NE_0001";"NE_0001";"NE_0001";"NE_0001";"NE_0001"
"2023";"03";"090302";"HUANCAVELICA";"ANGARAES";"ANCHONGA";"GOBIERNO REGIONAL";"I-1";"00011454";"ALTO MARAYNIYOCC";"NE_0001";"";"NE_0001";"NE_0001";"NE_0001";"NE_0001";"NE_0001";"NE_0001";"NE_0001"
"2023";"03";"090302";"HUANCAVELICA";"ANGARAES";"ANCHONGA";"GOBIERNO REGIONAL";"I-1";"00006930";"HUARIRUMI - CHONTACANCHA";"NE_0001";"";"NE_0001";"NE_0001";"NE_0001";"NE_0001";"NE_0001";"NE_0001";"NE_0001"
"2023";"03";"090301";"HUANCAVELICA";"ANGARAES";"LIRCAY";"GOBIERNO REGIONAL";"I-1";"00007373";"SOCCLLABAMBA";"NE_0001";"";"NE_0001";"NE_0001";"NE_0001";"NE_0001";"NE_0001";"NE_0001";"NE_0001"
"2023";"03";"090302";"HUANCAVELICA";"ANGARAES";"ANCHONGA";"GOBIERNO REGIONAL";"I-2";"00003961";"SAN PABLO DE OCCO";"NE_0001";"";"NE_0001";"NE_0001";"NE_0001";"NE_0001";"NE_0001";"NE_0001";"NE_0001"
"2023";"03";"090306";"HUANCAVELICA";"ANGARAES";"CONGALLA";"GOBIERNO REGIONAL";"I-1";"00003973";"YUNYACCASA";"NE_0001";"";"NE_0001";"NE_0001";"NE_0001";"NE_0001";"NE_0001";"NE_0001";"NE_0001"
"2023";"03";"090306";"HUANCAVELICA";"ANGARAES";"CONGALLA";"GOBIERNO REGIONAL";"I-1";"00003974";"CARCOSI";"NE_0001";"";"NE_0001";"NE_0001";"NE_0001";"NE_0001";"NE_0001";"NE_0001";"NE_0001"
"2023";"03";"090306";"HUANCAVELICA";"ANGARAES";"CONGALLA";"GOBIERNO REGIONAL";"I-1";"00003975";"LIRCAYCCASA";"NE_0001";"";"NE_0001";"NE_0001";"NE_0001";"NE_0001";"NE_0001";"NE_0001";"NE_0001"
"2023";"03";"090307";"HUANCAVELICA";"ANGARAES";"HUANCA-HUANCA";"GOBIERNO REGIONAL";"I-1";"00011200";"CCARAPA";"NE_0001";"";"NE_0001";"NE_0001";"NE_0001";"NE_0001";"NE_0001";"NE_0001";"NE_0001"
"2023";"03";"090301";"HUANCAVELICA";"ANGARAES";"LIRCAY";"GOBIERNO REGIONAL";"I-1";"00011201";"CIENEGUILLA";"NE_0001";"";"NE_0001";"NE_0001";"NE_0001";"NE_0001";"NE_0001";"NE_0001";"NE_0001"
"2023";"03";"090304";"HUANCAVELICA";"ANGARAES";"CCOCHACCASA";"GOBIERNO REGIONAL";"I-1";"00011204";"VELASCO PUCAPAMPA";"NE_0001";"";"NE_0001";"NE_0001";"NE_0001";"NE_0001";"NE_0001";"NE_0001";"NE_0001"
"2023";"03";"090301";"HUANCAVELICA";"ANGARAES";"LIRCAY";"GOBIERNO REGIONAL";"I-1";"00003948";"UCHCUPAMPA";"NE_0001";"";"NE_0001";"NE_0001";"NE_0001";"NE_0001";"NE_0001";"NE_0001";"NE_0001"
"2023";"03";"090310";"HUANCAVELICA";"ANGARAES";"SAN ANTONIO DE ANTAPARCO";"GOBIERNO REGIONAL";"I-1";"00003966";"MAICENA";"NE_0001";"";"NE_0001";"NE_0001";"NE_0001";"NE_0001";"NE_0001";"NE_0001";"NE_0001"
"2023";"03";"090311";"HUANCAVELICA";"ANGARAES";"SANTO TOMAS DE PATA";"GOBIERNO REGIONAL";"I-1";"00003967";"SANTO TOMAS DE PATA";"NE_0001";"";"NE_0001";"NE_0001";"NE_0001";"NE_0001";"NE_0001";"NE_0001";"NE_0001"
"2023";"03";"090301";"HUANCAVELICA";"ANGARAES";"LIRCAY";"GOBIERNO REGIONAL";"I-1";"00011202";"PAMPAHUASI";"NE_0001";"";"NE_0001";"NE_0001";"NE_0001";"NE_0001";"NE_0001";"NE_0001";"NE_0001"
"2023";"03";"090301";"HUANCAVELICA";"ANGARAES";"LIRCAY";"GOBIERNO REGIONAL";"I-1";"00011205";"UNION PROGRESO PATAHUASI";"NE_0001";"";"NE_0001";"NE_0001";"NE_0001";"NE_0001";"NE_0001";"NE_0001";"NE_0001"
"2023";"03";"090302";"HUANCAVELICA";"ANGARAES";"ANCHONGA";"GOBIERNO REGIONAL";"I-1";"00028780";"LLANCAPUQUIO";"NE_0001";"";"NE_0001";"NE_0001";"NE_0001";"NE_0001";"NE_0001";"NE_0001";"NE_0001"
"2023";"04";"050114";"AYACUCHO";"HUAMANGA";"VINCHOS";"GOBIERNO REGIONAL";"I-1";"00003591";"ROSASPATA";"NE_0002";"";"NE_0002";"NE_0002";"NE_0002";"NE_0002";"NE_0002";"NE_0002";"NE_0002"
"2023";"04";"050202";"AYACUCHO";"CANGALLO";"CHUSCHI";"GOBIERNO REGIONAL";"I-1";"00006753";"PUESTO DE SALUD CUCHUQUESERA";"NE_0002";"";"NE_0002";"NE_0002";"NE_0002";"NE_0002";"NE_0002";"NE_0002";"NE_0002"
"2023";"04";"050114";"AYACUCHO";"HUAMANGA";"VINCHOS";"GOBIERNO REGIONAL";"I-1";"00003589";"PUESTO DE SALUD MILLPO";"NE_0002";"";"NE_0002";"NE_0002";"NE_0002";"NE_0002";"NE_0002";"NE_0002";"NE_0002"
"2023";"04";"140101";"LAMBAYEQUE";"CHICLAYO";"CHICLAYO";"PRIVADO";"II-E";"00030057";"CLINICAS AUNAS SEDE CHICLAYO";"240000";"HOSPITALIZACIÓN";"206";"212";"969";"958";"41";"1230";"0"
"2023";"04";"140101";"LAMBAYEQUE";"CHICLAYO";"CHICLAYO";"PRIVADO";"II-E";"00030057";"CLINICAS AUNAS SEDE CHICLAYO";"250100";"UNIDAD DE CUIDADOS CRITICOS UNIDAD  DE CUIDADOS INTENSIVOS GENERALES (UCI) ";"12";"32";"223";"117";"10";"300";"1"
"2023";"04";"150120";"LIMA";"LIMA";"MAGDALENA DEL MAR";"PRIVADO";"II-E";"00011803";"CLINICA VIRGEN DEL ROSARIO SRL";"240000";"HOSPITALIZACIÓN";"165";"168";"293";"174";"24";"690";"0"
"2023";"05";"210402";"PUNO";"CHUCUITO";"DESAGUADERO";"ESSALUD";"I-3";"00009221";"CENTRO DE ATENCION PRIMARIA I DESAGUADERO";"NE_0001";"";"NE_0001";"NE_0001";"NE_0001";"NE_0001";"NE_0001";"NE_0001";"NE_0001"
"2023";"05";"150101";"LIMA";"LIMA";"LIMA";"MINSA";"III-1";"00006207";"HOSPITAL NACIONAL ARZOBISPO LOAYZA";"241900";"HOSPITALIZACIÓN DE MEDICINA MEDICINA INTERNA ";"649";"614";"5948";"6325";"214";"6634";"34"
"2023";"05";"150101";"LIMA";"LIMA";"LIMA";"MINSA";"III-1";"00006207";"HOSPITAL NACIONAL ARZOBISPO LOAYZA";"240100";"HOSPITALIZACIÓN QUIRÚRGICA CIRUGÍA GENERAL ";"471";"502";"4242";"3801";"150";"4650";"6"
"2023";"05";"150101";"LIMA";"LIMA";"LIMA";"MINSA";"III-1";"00006207";"HOSPITAL NACIONAL ARZOBISPO LOAYZA";"241500";"HOSPITALIZACIÓN QUIRÚRGICA GINECOLOGÍA  ";"101";"88";"706";"769";"26";"806";"0"
"2023";"05";"150101";"LIMA";"LIMA";"LIMA";"MINSA";"III-1";"00006207";"HOSPITAL NACIONAL ARZOBISPO LOAYZA";"241600";"HOSPITALIZACIÓN QUIRÚRGICA OBSTETRICIA   ";"215";"216";"1005";"1139";"50";"1550";"0"
"2023";"05";"150101";"LIMA";"LIMA";"LIMA";"MINSA";"III-1";"00006207";"HOSPITAL NACIONAL ARZOBISPO LOAYZA";"242300";"HOSPITALIZACIÓN DE PEDIATRÍA  PEDIATRÍA  GENERAL ";"131";"123";"789";"802";"29";"899";"0"
"2023";"05";"150101";"LIMA";"LIMA";"LIMA";"MINSA";"III-1";"00006207";"HOSPITAL NACIONAL ARZOBISPO LOAYZA";"250100";"UNIDAD DE CUIDADOS CRITICOS UNIDAD  DE CUIDADOS INTENSIVOS GENERALES (UCI) ";"48";"25";"523";"1161";"44";"1364";"24"
"2023";"05";"150101";"LIMA";"LIMA";"LIMA";"MINSA";"III-1";"00006207";"HOSPITAL NACIONAL ARZOBISPO LOAYZA";"250200";"UNIDAD DE CUIDADOS CRITICOS UNIDAD DE CUIDADOS INTERMEDIOS GENERAL  (UCIN) ";"0";"0";"0";"184";"6";"186";"0"
"2023";"05";"150101";"LIMA";"LIMA";"LIMA";"MINSA";"III-1";"00006207";"HOSPITAL NACIONAL ARZOBISPO LOAYZA";"240801";"HOSPITALIZACIÓN QUIRÚRGICA CIRUGÍA PLÁSTICA/RECONSTRUCTIVA/ REPARADORA QUEMADOS";"23";"28";"899";"629";"22";"682";"1"
"2023";"05";"150101";"LIMA";"LIMA";"LIMA";"MINSA";"III-1";"00006207";"HOSPITAL NACIONAL ARZOBISPO LOAYZA";"250105";"UNIDAD DE CUIDADOS CRITICOS UNIDAD  DE CUIDADOS INTENSIVOS  (UCI) NEONATOLOGÍA";"26";"32";"322";"395";"15";"465";"1"
"2023";"05";"150101";"LIMA";"LIMA";"LIMA";"MINSA";"III-1";"00006207";"HOSPITAL NACIONAL ARZOBISPO LOAYZA";"250101";"UNIDAD DE CUIDADOS CRITICOS UNIDAD  DE CUIDADOS INTENSIVOS GENERALES (UCI) CARDIOLOGIA";"25";"20";"126";"154";"6";"186";"3"
"2023";"05";"150101";"LIMA";"LIMA";"LIMA";"MINSA";"III-1";"00006207";"HOSPITAL NACIONAL ARZOBISPO LOAYZA";"241200";"HOSPITALIZACIÓN QUIRÚRGICA TRAUMATOLOGÍA Y ORTOPEDIA ";"79";"68";"685";"578";"20";"620";"0"
"2023";"05";"150101";"LIMA";"LIMA";"LIMA";"MINSA";"III-1";"00006207";"HOSPITAL NACIONAL ARZOBISPO LOAYZA";"245300";"HOSPITALIZACIÓN DE MEDICINA NEUMOLOGÍA  ";"3";"5";"107";"113";"4";"124";"1"
"2023";"06";"110108";"ICA";"ICA";"SALAS";"GOBIERNO REGIONAL";"I-3";"00003363";"GUADALUPE";"NE_0001";"";"NE_0001";"NE_0001";"NE_0001";"NE_0001";"NE_0001";"NE_0001";"NE_0001"
"2023";"06";"110112";"ICA";"ICA";"SUBTANJALLA";"GOBIERNO REGIONAL";"I-3";"00003362";"SUBTANJALLA";"NE_0001";"";"NE_0001";"NE_0001";"NE_0001";"NE_0001";"NE_0001";"NE_0001";"NE_0001"
"2023";"06";"110108";"ICA";"ICA";"SALAS";"GOBIERNO REGIONAL";"I-2";"00003384";"PAMPA DE VILLACURI";"NE_0001";"";"NE_0001";"NE_0001";"NE_0001";"NE_0001";"NE_0001";"NE_0001";"NE_0001"
"2023";"06";"110112";"ICA";"ICA";"SUBTANJALLA";"GOBIERNO REGIONAL";"I-3";"00003378";"LA ANGOSTURA";"NE_0001";"";"NE_0001";"NE_0001";"NE_0001";"NE_0001";"NE_0001";"NE_0001";"NE_0001"
"2023";"06";"110112";"ICA";"ICA";"SUBTANJALLA";"GOBIERNO REGIONAL";"I-2";"00003380";"YANQUIZA";"NE_0001";"";"NE_0001";"NE_0001";"NE_0001";"NE_0001";"NE_0001";"NE_0001";"NE_0001"
"2023";"06";"110108";"ICA";"ICA";"SALAS";"GOBIERNO REGIONAL";"I-2";"00003382";"COLLAZOS";"NE_0001";"";"NE_0001";"NE_0001";"NE_0001";"NE_0001";"NE_0001";"NE_0001";"NE_0001"
"2023";"06";"110112";"ICA";"ICA";"SUBTANJALLA";"GOBIERNO REGIONAL";"I-2";"00003379";"ARRABALES";"NE_0001";"";"NE_0001";"NE_0001";"NE_0001";"NE_0001";"NE_0001";"NE_0001";"NE_0001"
"2023";"06";"110108";"ICA";"ICA";"SALAS";"GOBIERNO REGIONAL";"I-2";"00003383";"CERRO PRIETO";"NE_0001";"";"NE_0001";"NE_0001";"NE_0001";"NE_0001";"NE_0001";"NE_0001";"NE_0001"
"2023";"07";"120431";"JUNIN";"JAUJA";"SINCOS";"GOBIERNO REGIONAL";"I-1";"00000405";"LLACUARIPAMPA";"NE_0001";"";"NE_0001";"NE_0001";"NE_0001";"NE_0001";"NE_0001";"NE_0001";"NE_0001"
"2023";"07";"120413";"JUNIN";"JAUJA";"LEONOR ORDOÑEZ";"GOBIERNO REGIONAL";"I-1";"00000401";"HUANCANI";"NE_0001";"";"NE_0001";"NE_0001";"NE_0001";"NE_0001";"NE_0001";"NE_0001";"NE_0001"
"2023";"07";"120431";"JUNIN";"JAUJA";"SINCOS";"GOBIERNO REGIONAL";"I-2";"00000406";"ARAMACHAY";"NE_0001";"";"NE_0001";"NE_0001";"NE_0001";"NE_0001";"NE_0001";"NE_0001";"NE_0001"
"2023";"07";"120431";"JUNIN";"JAUJA";"SINCOS";"GOBIERNO REGIONAL";"I-1";"00000408";"CHALHUAS";"NE_0001";"";"NE_0001";"NE_0001";"NE_0001";"NE_0001";"NE_0001";"NE_0001";"NE_0001"
"2023";"07";"120421";"JUNIN";"JAUJA";"MUQUIYAUYO";"GOBIERNO REGIONAL";"I-2";"00000403";"MUQUIYAUYO";"NE_0001";"";"NE_0001";"NE_0001";"NE_0001";"NE_0001";"NE_0001";"NE_0001";"NE_0001"
"2023";"07";"040126";"AREQUIPA";"AREQUIPA";"YANAHUARA";"PRIVADO";"II-E";"00021966";"CLINICA ALIVIARI";"NE_0001";"";"NE_0001";"NE_0001";"NE_0001";"NE_0001";"NE_0001";"NE_0001";"NE_0001"
"2023";"07";"140101";"LAMBAYEQUE";"CHICLAYO";"CHICLAYO";"PRIVADO";"II-E";"00008151";"CLÍNICA METROPOLITANA";"240000";"HOSPITALIZACIÓN";"190";"194";"197";"466";"24";"744";"3"
"2023";"07";"040112";"AREQUIPA";"AREQUIPA";"PAUCARPATA";"ESSALUD";"I-2";"00012194";"CAP III - PAUCARPATA";"NE_0001";"";"NE_0001";"NE_0001";"NE_0001";"NE_0001";"NE_0001";"NE_0001";"NE_0001"
"2023";"07";"081006";"CUSCO";"PARURO";"OMACHA";"GOBIERNO REGIONAL";"I-2";"00002505";"OMACHA";"NE_0002";"";"NE_0002";"NE_0002";"NE_0002";"NE_0002";"NE_0002";"NE_0002";"NE_0002"
"2023";"07";"150131";"LIMA";"LIMA";"SAN ISIDRO";"PRIVADO";"II-E";"00011358";"CONFÍA INSTITUTO OFTALMOLÓGICO";"NE_0001";"";"NE_0001";"NE_0001";"NE_0001";"NE_0001";"NE_0001";"NE_0001";"NE_0001"
"2023";"07";"220604";"SAN MARTIN";"MARISCAL CACERES";"PACHIZA";"GOBIERNO REGIONAL";"I-1";"00006558";"SAN JUAN DEL CAÑO";"NE_0001";"";"NE_0001";"NE_0001";"NE_0001";"NE_0001";"NE_0001";"NE_0001";"NE_0001"
"2023";"07";"220601";"SAN MARTIN";"MARISCAL CACERES";"JUANJUI";"GOBIERNO REGIONAL";"I-1";"00006549";"LA VICTORIA";"NE_0001";"";"NE_0001";"NE_0001";"NE_0001";"NE_0001";"NE_0001";"NE_0001";"NE_0001"
"2023";"07";"220601";"SAN MARTIN";"MARISCAL CACERES";"JUANJUI";"GOBIERNO REGIONAL";"I-1";"00006552";"HUINGUILLO";"NE_0001";"";"NE_0001";"NE_0001";"NE_0001";"NE_0001";"NE_0001";"NE_0001";"NE_0001"
"2023";"07";"220601";"SAN MARTIN";"MARISCAL CACERES";"JUANJUI";"GOBIERNO REGIONAL";"I-1";"00006554";"VILLA PRADO";"NE_0001";"";"NE_0001";"NE_0001";"NE_0001";"NE_0001";"NE_0001";"NE_0001";"NE_0001"
"2023";"07";"220605";"SAN MARTIN";"MARISCAL CACERES";"PAJARILLO";"GOBIERNO REGIONAL";"I-1";"00006561";"PAJARILLO";"NE_0001";"";"NE_0001";"NE_0001";"NE_0001";"NE_0001";"NE_0001";"NE_0001";"NE_0001"
"2023";"07";"040109";"AREQUIPA";"AREQUIPA";"MARIANO MELGAR";"SANIDAD DEL EJERCITO DEL PERU";"II-1";"00018659";"HOSPITAL MILITAR DIVISIONARIO III DE AREQUIPA";"240100";"HOSPITALIZACIÓN QUIRÚRGICA CIRUGÍA GENERAL ";"30";"29";"101";"107";"8";"142";"0"
"2023";"07";"040109";"AREQUIPA";"AREQUIPA";"MARIANO MELGAR";"SANIDAD DEL EJERCITO DEL PERU";"II-1";"00018659";"HOSPITAL MILITAR DIVISIONARIO III DE AREQUIPA";"241800";"HOSPITALIZACIÓN DE MEDICINA MEDICINA GENERAL ";"8";"4";"63";"63";"26";"743";"0"
"2023";"07";"040126";"AREQUIPA";"AREQUIPA";"YANAHUARA";"PRIVADO";"II-1";"00012907";"SISTEMAS DE ADMINISTRACION HOSPITALARIA S.A.C.";"240100";"HOSPITALIZACIÓN QUIRÚRGICA CIRUGÍA GENERAL ";"133";"133";"912";"132";"6";"186";"0"
"2023";"07";"040126";"AREQUIPA";"AREQUIPA";"YANAHUARA";"PRIVADO";"II-1";"00012907";"SISTEMAS DE ADMINISTRACION HOSPITALARIA S.A.C.";"241400";"HOSPITALIZACIÓN QUIRÚRGICA GINECO - OBSTETRICIA ";"32";"32";"2";"204";"10";"310";"0"
"2023";"07";"040126";"AREQUIPA";"AREQUIPA";"YANAHUARA";"PRIVADO";"II-1";"00012907";"SISTEMAS DE ADMINISTRACION HOSPITALARIA S.A.C.";"241900";"HOSPITALIZACIÓN DE MEDICINA MEDICINA INTERNA ";"22";"22";"103";"22";"3";"93";"0"
"2023";"07";"040126";"AREQUIPA";"AREQUIPA";"YANAHUARA";"PRIVADO";"II-1";"00012907";"SISTEMAS DE ADMINISTRACION HOSPITALARIA S.A.C.";"242300";"HOSPITALIZACIÓN DE PEDIATRÍA  PEDIATRÍA  GENERAL ";"23";"23";"181";"20";"2";"62";"0"
"2023";"04";"060610";"CAJAMARCA";"CUTERVO";"SAN LUIS DE LUCMA";"GOBIERNO REGIONAL";"I-3";"00005038";"SAN LUIS DE LA LUCMA";"NE_0001";"";"NE_0001";"NE_0001";"NE_0001";"NE_0001";"NE_0001";"NE_0001";"NE_0001"
"2023";"04";"060610";"CAJAMARCA";"CUTERVO";"SAN LUIS DE LUCMA";"GOBIERNO REGIONAL";"I-1";"00006870";"SANTA ROSA DEL TINGO";"NE_0001";"";"NE_0001";"NE_0001";"NE_0001";"NE_0001";"NE_0001";"NE_0001";"NE_0001"
"2023";"04";"060614";"CAJAMARCA";"CUTERVO";"SOCOTA";"GOBIERNO REGIONAL";"I-1";"00006937";"MINAS DE SOCOTA";"NE_0001";"";"NE_0001";"NE_0001";"NE_0001";"NE_0001";"NE_0001";"NE_0001";"NE_0001"
"2023";"04";"060610";"CAJAMARCA";"CUTERVO";"SAN LUIS DE LUCMA";"GOBIERNO REGIONAL";"I-1";"00006853";"SAIREPAMPA";"NE_0001";"";"NE_0001";"NE_0001";"NE_0001";"NE_0001";"NE_0001";"NE_0001";"NE_0001"
"2023";"04";"060614";"CAJAMARCA";"CUTERVO";"SOCOTA";"GOBIERNO REGIONAL";"I-1";"00011258";"RINCONADA MIRAFLORES";"NE_0001";"";"NE_0001";"NE_0001";"NE_0001";"NE_0001";"NE_0001";"NE_0001";"NE_0001"
"2023";"04";"060614";"CAJAMARCA";"CUTERVO";"SOCOTA";"GOBIERNO REGIONAL";"I-1";"00011262";"PUQUIO DE SOCOTA";"NE_0001";"";"NE_0001";"NE_0001";"NE_0001";"NE_0001";"NE_0001";"NE_0001";"NE_0001"
"2023";"04";"060614";"CAJAMARCA";"CUTERVO";"SOCOTA";"GOBIERNO REGIONAL";"I-1";"00005032";"PAMPA LA RIOJA";"NE_0001";"";"NE_0001";"NE_0001";"NE_0001";"NE_0001";"NE_0001";"NE_0001";"NE_0001"
"2023";"04";"060614";"CAJAMARCA";"CUTERVO";"SOCOTA";"GOBIERNO REGIONAL";"I-3";"00005040";" VIRGEN DE LA CANDELARIA ";"NE_0001";"";"NE_0001";"NE_0001";"NE_0001";"NE_0001";"NE_0001";"NE_0001";"NE_0001"
"2023";"04";"060614";"CAJAMARCA";"CUTERVO";"SOCOTA";"GOBIERNO REGIONAL";"I-1";"00005037";"CHISIGLE";"NE_0001";"";"NE_0001";"NE_0001";"NE_0001";"NE_0001";"NE_0001";"NE_0001";"NE_0001"
"2023";"04";"060614";"CAJAMARCA";"CUTERVO";"SOCOTA";"GOBIERNO REGIONAL";"I-1";"00005042";"SAN ANTONIO";"NE_0001";"";"NE_0001";"NE_0001";"NE_0001";"NE_0001";"NE_0001";"NE_0001";"NE_0001"
"2023";"04";"060614";"CAJAMARCA";"CUTERVO";"SOCOTA";"GOBIERNO REGIONAL";"I-1";"00005043";"LAGUNA SHITA";"NE_0001";"";"NE_0001";"NE_0001";"NE_0001";"NE_0001";"NE_0001";"NE_0001";"NE_0001"
"2023";"04";"060614";"CAJAMARCA";"CUTERVO";"SOCOTA";"GOBIERNO REGIONAL";"I-1";"00007749";"CHURUMAYO";"NE_0001";"";"NE_0001";"NE_0001";"NE_0001";"NE_0001";"NE_0001";"NE_0001";"NE_0001"
"2023";"04";"060614";"CAJAMARCA";"CUTERVO";"SOCOTA";"GOBIERNO REGIONAL";"I-1";"00011061";"NUEVO ORIENTE DE SOCOTA";"NE_0001";"";"NE_0001";"NE_0001";"NE_0001";"NE_0001";"NE_0001";"NE_0001";"NE_0001"
"2023";"04";"060614";"CAJAMARCA";"CUTERVO";"SOCOTA";"GOBIERNO REGIONAL";"I-1";"00011063";"LIBERTAD LA PALMA";"NE_0001";"";"NE_0001";"NE_0001";"NE_0001";"NE_0001";"NE_0001";"NE_0001";"NE_0001"
"2023";"04";"060610";"CAJAMARCA";"CUTERVO";"SAN LUIS DE LUCMA";"GOBIERNO REGIONAL";"I-1";"00005039";"SANTO DOMINGO DE LA LUCMA";"NE_0001";"";"NE_0001";"NE_0001";"NE_0001";"NE_0001";"NE_0001";"NE_0001";"NE_0001"
"2023";"04";"060614";"CAJAMARCA";"CUTERVO";"SOCOTA";"GOBIERNO REGIONAL";"I-1";"00005041";"MOCHADIN";"NE_0001";"";"NE_0001";"NE_0001";"NE_0001";"NE_0001";"NE_0001";"NE_0001";"NE_0001"
"2023";"04";"060614";"CAJAMARCA";"CUTERVO";"SOCOTA";"GOBIERNO REGIONAL";"I-1";"00006866";"CUÑANQUE";"NE_0001";"";"NE_0001";"NE_0001";"NE_0001";"NE_0001";"NE_0001";"NE_0001";"NE_0001"
"2023";"04";"060614";"CAJAMARCA";"CUTERVO";"SOCOTA";"GOBIERNO REGIONAL";"I-1";"00006948";"SANTA ELENA";"NE_0001";"";"NE_0001";"NE_0001";"NE_0001";"NE_0001";"NE_0001";"NE_0001";"NE_0001"
"2023";"04";"060610";"CAJAMARCA";"CUTERVO";"SAN LUIS DE LUCMA";"GOBIERNO REGIONAL";"I-1";"00007048";"SEXESHITA";"NE_0001";"";"NE_0001";"NE_0001";"NE_0001";"NE_0001";"NE_0001";"NE_0001";"NE_0001"
"2023";"05";"120805";"JUNIN";"YAULI";"MOROCOCHA";"GOBIERNO REGIONAL";"I-3";"00000563";"MOROCOCHA";"NE_0001";"";"NE_0001";"NE_0001";"NE_0001";"NE_0001";"NE_0001";"NE_0001";"NE_0001"
"2023";"05";"120805";"JUNIN";"YAULI";"MOROCOCHA";"GOBIERNO REGIONAL";"I-1";"00021450";"SAN FRANCISCO DE ASIS DE PUCARA";"NE_0001";"";"NE_0001";"NE_0001";"NE_0001";"NE_0001";"NE_0001";"NE_0001";"NE_0001"
"2023";"05";"120803";"JUNIN";"YAULI";"HUAY HUAY";"GOBIERNO REGIONAL";"I-2";"00000430";"HUAYHUAY";"NE_0001";"";"NE_0001";"NE_0001";"NE_0001";"NE_0001";"NE_0001";"NE_0001";"NE_0001"
"2023";"07";"150116";"LIMA";"LIMA";"LINCE";"PRIVADO";"II-E";"00009145";"HOGAR CLINICA MONTE SINAI";"240100";"HOSPITALIZACIÓN QUIRÚRGICA CIRUGÍA GENERAL ";"16";"16";"16";"16";"4";"120";"0"
"2023";"07";"150116";"LIMA";"LIMA";"LINCE";"PRIVADO";"II-E";"00009145";"HOGAR CLINICA MONTE SINAI";"240400";"HOSPITALIZACIÓN QUIRÚRGICA CIRUGÍA DE TÓRAX Y CARDIOVASCULAR ";"1";"1";"1";"1";"1";"30";"0"
"2023";"07";"150116";"LIMA";"LIMA";"LINCE";"PRIVADO";"II-E";"00009145";"HOGAR CLINICA MONTE SINAI";"240800";"HOSPITALIZACIÓN QUIRÚRGICA CIRUGÍA PLÁSTICA/RECONSTRUCTIVA/ REPARADORA ";"6";"6";"6";"6";"2";"60";"0"
"2023";"07";"150116";"LIMA";"LIMA";"LINCE";"PRIVADO";"II-E";"00009145";"HOGAR CLINICA MONTE SINAI";"241200";"HOSPITALIZACIÓN QUIRÚRGICA TRAUMATOLOGÍA Y ORTOPEDIA ";"42";"42";"42";"42";"4";"120";"0"
"2023";"07";"150601";"LIMA";"HUARAL";"HUARAL";"PRIVADO";"II-E";"00017081";"CLINICA SAN ANDRES";"241200";"HOSPITALIZACIÓN QUIRÚRGICA TRAUMATOLOGÍA Y ORTOPEDIA ";"6";"6";"8";"8";"2";"31";"0"
"2023";"07";"150601";"LIMA";"HUARAL";"HUARAL";"PRIVADO";"II-E";"00017081";"CLINICA SAN ANDRES";"241300";"HOSPITALIZACIÓN QUIRÚRGICA UROLOGÍA  ";"8";"8";"10";"10";"1";"31";"0"
"2023";"07";"150601";"LIMA";"HUARAL";"HUARAL";"PRIVADO";"II-E";"00017081";"CLINICA SAN ANDRES";"241800";"HOSPITALIZACIÓN DE MEDICINA MEDICINA GENERAL ";"4";"4";"6";"6";"2";"31";"0"
"2023";"07";"150601";"LIMA";"HUARAL";"HUARAL";"PRIVADO";"II-E";"00017081";"CLINICA SAN ANDRES";"240100";"HOSPITALIZACIÓN QUIRÚRGICA CIRUGÍA GENERAL ";"20";"20";"22";"22";"1";"31";"0"
"2023";"07";"150601";"LIMA";"HUARAL";"HUARAL";"PRIVADO";"II-E";"00017081";"CLINICA SAN ANDRES";"241500";"HOSPITALIZACIÓN QUIRÚRGICA GINECOLOGÍA  ";"5";"5";"7";"7";"1";"31";"0"
"2023";"08";"030101";"APURIMAC";"ABANCAY";"ABANCAY";"ESSALUD";"II-2";"00011213";"HOSPITAL II ESSALUD ABANCAY";"241900";"HOSPITALIZACIÓN DE MEDICINA MEDICINA INTERNA ";"60";"56";"329";"607";"19";"608";"2"
"2023";"08";"030101";"APURIMAC";"ABANCAY";"ABANCAY";"ESSALUD";"II-2";"00011213";"HOSPITAL II ESSALUD ABANCAY";"250100";"UNIDAD DE CUIDADOS CRITICOS UNIDAD  DE CUIDADOS INTENSIVOS GENERALES (UCI) ";"7";"7";"44";"183";"6";"186";"5"
"2023";"08";"030101";"APURIMAC";"ABANCAY";"ABANCAY";"ESSALUD";"II-2";"00011213";"HOSPITAL II ESSALUD ABANCAY";"240100";"HOSPITALIZACIÓN QUIRÚRGICA CIRUGÍA GENERAL ";"85";"85";"409";"555";"19";"569";"0"
"2023";"08";"030101";"APURIMAC";"ABANCAY";"ABANCAY";"ESSALUD";"II-2";"00011213";"HOSPITAL II ESSALUD ABANCAY";"241400";"HOSPITALIZACIÓN QUIRÚRGICA GINECO - OBSTETRICIA ";"42";"41";"105";"114";"4";"114";"0"
"2023";"08";"030101";"APURIMAC";"ABANCAY";"ABANCAY";"ESSALUD";"II-2";"00011213";"HOSPITAL II ESSALUD ABANCAY";"241600";"HOSPITALIZACIÓN QUIRÚRGICA OBSTETRICIA   ";"70";"70";"152";"247";"8";"259";"0"
"2023";"08";"030101";"APURIMAC";"ABANCAY";"ABANCAY";"ESSALUD";"II-2";"00011213";"HOSPITAL II ESSALUD ABANCAY";"242300";"HOSPITALIZACIÓN DE PEDIATRÍA  PEDIATRÍA  GENERAL ";"44";"44";"202";"248";"8";"248";"0"
"2023";"08";"040126";"AREQUIPA";"AREQUIPA";"YANAHUARA";"ESSALUD";"II-1";"00013291";"HOSPITAL III YANAHUARA";"241900";"HOSPITALIZACIÓN DE MEDICINA MEDICINA INTERNA ";"121";"113";"1101";"985";"36";"1116";"5"
"2023";"08";"040126";"AREQUIPA";"AREQUIPA";"YANAHUARA";"ESSALUD";"II-1";"00013291";"HOSPITAL III YANAHUARA";"240100";"HOSPITALIZACIÓN QUIRÚRGICA CIRUGÍA GENERAL ";"307";"303";"1203";"1188";"43";"1333";"0"
"2023";"08";"040126";"AREQUIPA";"AREQUIPA";"YANAHUARA";"ESSALUD";"II-1";"00013291";"HOSPITAL III YANAHUARA";"241600";"HOSPITALIZACIÓN QUIRÚRGICA OBSTETRICIA   ";"247";"244";"660";"598";"20";"620";"0"
"2023";"08";"040126";"AREQUIPA";"AREQUIPA";"YANAHUARA";"ESSALUD";"II-1";"00013291";"HOSPITAL III YANAHUARA";"241400";"HOSPITALIZACIÓN QUIRÚRGICA GINECO - OBSTETRICIA ";"188";"183";"450";"405";"14";"434";"0"
"2023";"08";"040126";"AREQUIPA";"AREQUIPA";"YANAHUARA";"ESSALUD";"II-1";"00013291";"HOSPITAL III YANAHUARA";"242300";"HOSPITALIZACIÓN DE PEDIATRÍA  PEDIATRÍA  GENERAL ";"68";"68";"350";"321";"14";"434";"0"
"2023";"08";"040126";"AREQUIPA";"AREQUIPA";"YANAHUARA";"ESSALUD";"II-1";"00013291";"HOSPITAL III YANAHUARA";"243200";"HOSPITALIZACIÓN DE PEDIATRÍA PEDIATRIA NEONATOLOGÍA";"156";"157";"480";"460";"15";"465";"0"
"2023";"08";"040126";"AREQUIPA";"AREQUIPA";"YANAHUARA";"ESSALUD";"II-1";"00013291";"HOSPITAL III YANAHUARA";"250100";"UNIDAD DE CUIDADOS CRITICOS UNIDAD  DE CUIDADOS INTENSIVOS GENERALES (UCI) ";"20";"6";"140";"310";"12";"372";"4"
"2023";"09";"150113";"LIMA";"LIMA";"JESUS MARIA";"PRIVADO";"II-E";"00010669";"CLÍNICA PERUANA DE LA VISION";"NE_0001";"";"NE_0001";"NE_0001";"NE_0001";"NE_0001";"NE_0001";"NE_0001";"NE_0001"
"2023";"09";"200701";"PIURA";"TALARA";"PARIÑAS";"PRIVADO";"II-1";"00011395";"CLINICA VIGO 2000 S. CIVIL DE R.L.";"240100";"HOSPITALIZACIÓN QUIRÚRGICA CIRUGÍA GENERAL ";"2";"2";"4";"4";"15";"396";"0"
"2023";"09";"120604";"JUNIN";"SATIPO";"MAZAMARI";"SANIDAD DE LA POLICIA NACIONAL DEL PERU";"I-2";"00012454";"POSTA MEDICA POLICIAL LOS SINCHIS";"NE_0001";"";"NE_0001";"NE_0001";"NE_0001";"NE_0001";"NE_0001";"NE_0001";"NE_0001"
"2023";"09";"080901";"CUSCO";"LA CONVENCION";"SANTA ANA";"SANIDAD DE LA POLICIA NACIONAL DEL PERU";"I-2";"00011744";"POSTA MEDICO POLICIAL LA CONVENCION - QUILLABAMBA";"NE_0001";"";"NE_0001";"NE_0001";"NE_0001";"NE_0001";"NE_0001";"NE_0001";"NE_0001"
"2023";"09";"021801";"ANCASH";"SANTA";"CHIMBOTE";"PRIVADO";"II-1";"00016551";"CLINICA JUAN PABLO II";"240000";"HOSPITALIZACIÓN";"15";"17";"28";"17";"18";"540";"0"
"2023";"09";"120401";"JUNIN";"JAUJA";"JAUJA";"SANIDAD DE LA POLICIA NACIONAL DEL PERU";"I-2";"00011874";"POSTA MEDICA POLICIAL JAUJA";"NE_0001";"";"NE_0001";"NE_0001";"NE_0001";"NE_0001";"NE_0001";"NE_0001";"NE_0001"
"2023";"09";"170101";"MADRE DE DIOS";"TAMBOPATA";"TAMBOPATA";"GOBIERNO REGIONAL";"II-1";"00002698";"HOSPITAL SANTA ROSA";"242500";"HOSPITALIZACIÓN-PEDIATRÍA GENERAL-";"104";"96";"390";"104";"18";"540";"0"
"2023";"09";"170101";"MADRE DE DIOS";"TAMBOPATA";"TAMBOPATA";"GOBIERNO REGIONAL";"II-1";"00002698";"HOSPITAL SANTA ROSA";"241600";"HOSPITALIZACIÓN QUIRÚRGICA OBSTETRICIA   ";"281";"254";"580";"281";"39";"1170";"0"
"2023";"09";"170101";"MADRE DE DIOS";"TAMBOPATA";"TAMBOPATA";"GOBIERNO REGIONAL";"II-1";"00002698";"HOSPITAL SANTA ROSA";"240100";"HOSPITALIZACIÓN QUIRÚRGICA CIRUGÍA GENERAL ";"117";"100";"445";"117";"32";"960";"0"
"2023";"09";"170101";"MADRE DE DIOS";"TAMBOPATA";"TAMBOPATA";"GOBIERNO REGIONAL";"II-1";"00002698";"HOSPITAL SANTA ROSA";"241800";"HOSPITALIZACIÓN DE MEDICINA MEDICINA GENERAL ";"108";"77";"436";"108";"42";"1260";"0"
"2023";"09";"170101";"MADRE DE DIOS";"TAMBOPATA";"TAMBOPATA";"GOBIERNO REGIONAL";"II-1";"00002698";"HOSPITAL SANTA ROSA";"243200";"HOSPITALIZACIÓN DE PEDIATRÍA PEDIATRIA NEONATOLOGÍA";"197";"190";"365";"197";"17";"510";"0"
"2023";"09";"170101";"MADRE DE DIOS";"TAMBOPATA";"TAMBOPATA";"GOBIERNO REGIONAL";"II-1";"00002698";"HOSPITAL SANTA ROSA";"250200";"UNIDAD DE CUIDADOS CRITICOS UNIDAD DE CUIDADOS INTERMEDIOS GENERAL  (UCIN) ";"7";"6";"15";"7";"5";"150";"0"
"2023";"09";"170101";"MADRE DE DIOS";"TAMBOPATA";"TAMBOPATA";"GOBIERNO REGIONAL";"II-1";"00002698";"HOSPITAL SANTA ROSA";"241200";"HOSPITALIZACIÓN QUIRÚRGICA TRAUMATOLOGÍA Y ORTOPEDIA ";"59";"41";"225";"59";"25";"750";"0"
"2023";"09";"170101";"MADRE DE DIOS";"TAMBOPATA";"TAMBOPATA";"GOBIERNO REGIONAL";"II-1";"00002698";"HOSPITAL SANTA ROSA";"250105";"UNIDAD DE CUIDADOS CRITICOS UNIDAD  DE CUIDADOS INTENSIVOS  (UCI) NEONATOLOGÍA";"3";"0";"0";"3";"5";"150";"0"
"2023";"09";"170101";"MADRE DE DIOS";"TAMBOPATA";"TAMBOPATA";"GOBIERNO REGIONAL";"II-1";"00002698";"HOSPITAL SANTA ROSA";"241500";"HOSPITALIZACIÓN QUIRÚRGICA GINECOLOGÍA  ";"9";"9";"39";"9";"6";"180";"0"
"2023";"09";"150128";"LIMA";"LIMA";"RIMAC";"SANIDAD DE LA POLICIA NACIONAL DEL PERU";"II-1";"00016094";"HOSPITAL PNP ""AUGUSTO B. LEGUIA""";"240100";"HOSPITALIZACIÓN QUIRÚRGICA CIRUGÍA GENERAL ";"31";"32";"82";"186";"22";"660";"0"
"2023";"09";"150128";"LIMA";"LIMA";"RIMAC";"SANIDAD DE LA POLICIA NACIONAL DEL PERU";"II-1";"00016094";"HOSPITAL PNP ""AUGUSTO B. LEGUIA""";"241800";"HOSPITALIZACIÓN DE MEDICINA MEDICINA GENERAL ";"17";"19";"232";"118";"39";"1170";"0"
"2023";"09";"150117";"LIMA";"LIMA";"LOS OLIVOS";"PRIVADO";"II-E";"00023151";"CLINICA CORI";"240000";"HOSPITALIZACIÓN";"55";"57";"62";"90";"14";"420";"0"
"2023";"09";"140101";"LAMBAYEQUE";"CHICLAYO";"CHICLAYO";"ESSALUD";"III-1";"00008577";"HOSPITAL NACIONAL ALMANZOR AGUINAGA ASENJO";"244000";"HOSPITALIZACIÓN DE MEDICINA CARDIOLOGIA ";"76";"71";"510";"597";"17";"657";"2"
"2023";"09";"140101";"LAMBAYEQUE";"CHICLAYO";"CHICLAYO";"ESSALUD";"III-1";"00008577";"HOSPITAL NACIONAL ALMANZOR AGUINAGA ASENJO";"240200";"HOSPITALIZACIÓN QUIRÚRGICA CIRUGÍA DE CABEZA Y CUELLO / MÁXILO FACIAL ";"14";"15";"141";"160";"5";"166";"0"
"2023";"09";"140101";"LAMBAYEQUE";"CHICLAYO";"CHICLAYO";"ESSALUD";"III-1";"00008577";"HOSPITAL NACIONAL ALMANZOR AGUINAGA ASENJO";"240400";"HOSPITALIZACIÓN QUIRÚRGICA CIRUGÍA DE TÓRAX Y CARDIOVASCULAR ";"26";"25";"152";"145";"10";"176";"0"
"2023";"09";"140101";"LAMBAYEQUE";"CHICLAYO";"CHICLAYO";"ESSALUD";"III-1";"00008577";"HOSPITAL NACIONAL ALMANZOR AGUINAGA ASENJO";"240100";"HOSPITALIZACIÓN QUIRÚRGICA CIRUGÍA GENERAL ";"87";"85";"881";"828";"30";"888";"6"
"2023";"09";"140101";"LAMBAYEQUE";"CHICLAYO";"CHICLAYO";"ESSALUD";"III-1";"00008577";"HOSPITAL NACIONAL ALMANZOR AGUINAGA ASENJO";"240700";"HOSPITALIZACIÓN QUIRÚRGICA CIRUGÍA PEDIÁTRICA ";"28";"34";"282";"155";"8";"247";"0"
"2023";"09";"140101";"LAMBAYEQUE";"CHICLAYO";"CHICLAYO";"ESSALUD";"III-1";"00008577";"HOSPITAL NACIONAL ALMANZOR AGUINAGA ASENJO";"240801";"HOSPITALIZACIÓN QUIRÚRGICA CIRUGÍA PLÁSTICA/RECONSTRUCTIVA/ REPARADORA QUEMADOS";"15";"13";"119";"121";"4";"128";"0"
"2023";"09";"140101";"LAMBAYEQUE";"CHICLAYO";"CHICLAYO";"ESSALUD";"III-1";"00008577";"HOSPITAL NACIONAL ALMANZOR AGUINAGA ASENJO";"244200";"HOSPITALIZACIÓN DE MEDICINA ENDOCRINOLOGIA ";"5";"7";"61";"48";"3";"79";"0"
"2023";"09";"140101";"LAMBAYEQUE";"CHICLAYO";"CHICLAYO";"ESSALUD";"III-1";"00008577";"HOSPITAL NACIONAL ALMANZOR AGUINAGA ASENJO";"244300";"HOSPITALIZACIÓN DE MEDICINA GASTROENTEROLOGÍA  ";"38";"35";"351";"458";"17";"489";"2"
"2023";"09";"140101";"LAMBAYEQUE";"CHICLAYO";"CHICLAYO";"ESSALUD";"III-1";"00008577";"HOSPITAL NACIONAL ALMANZOR AGUINAGA ASENJO";"244400";"HOSPITALIZACIÓN DE MEDICINA GERIATRIA ";"42";"45";"739";"582";"20";"603";"17"
"2023";"09";"140101";"LAMBAYEQUE";"CHICLAYO";"CHICLAYO";"ESSALUD";"III-1";"00008577";"HOSPITAL NACIONAL ALMANZOR AGUINAGA ASENJO";"241500";"HOSPITALIZACIÓN QUIRÚRGICA GINECOLOGÍA  ";"128";"133";"1227";"282";"12";"334";"0"
"2023";"09";"140101";"LAMBAYEQUE";"CHICLAYO";"CHICLAYO";"ESSALUD";"III-1";"00008577";"HOSPITAL NACIONAL ALMANZOR AGUINAGA ASENJO";"244500";"HOSPITALIZACIÓN DE MEDICINA HEMATOLOGÍA ";"33";"26";"684";"538";"19";"604";"2"
"2023";"09";"140101";"LAMBAYEQUE";"CHICLAYO";"CHICLAYO";"ESSALUD";"III-1";"00008577";"HOSPITAL NACIONAL ALMANZOR AGUINAGA ASENJO";"241900";"HOSPITALIZACIÓN DE MEDICINA MEDICINA INTERNA ";"63";"61";"776";"830";"29";"850";"2"
"2023";"09";"140101";"LAMBAYEQUE";"CHICLAYO";"CHICLAYO";"ESSALUD";"III-1";"00008577";"HOSPITAL NACIONAL ALMANZOR AGUINAGA ASENJO";"244600";"HOSPITALIZACIÓN DE MEDICINA NEFROLOGIA ";"26";"27";"177";"195";"10";"231";"1"
"2023";"09";"140101";"LAMBAYEQUE";"CHICLAYO";"CHICLAYO";"ESSALUD";"III-1";"00008577";"HOSPITAL NACIONAL ALMANZOR AGUINAGA ASENJO";"243200";"HOSPITALIZACIÓN DE PEDIATRÍA PEDIATRIA NEONATOLOGÍA";"135";"83";"863";"683";"18";"683";"5"
"2023";"09";"140101";"LAMBAYEQUE";"CHICLAYO";"CHICLAYO";"ESSALUD";"III-1";"00008577";"HOSPITAL NACIONAL ALMANZOR AGUINAGA ASENJO";"245300";"HOSPITALIZACIÓN DE MEDICINA NEUMOLOGÍA  ";"16";"17";"169";"256";"10";"282";"0"
"2023";"09";"140101";"LAMBAYEQUE";"CHICLAYO";"CHICLAYO";"ESSALUD";"III-1";"00008577";"HOSPITAL NACIONAL ALMANZOR AGUINAGA ASENJO";"240900";"HOSPITALIZACIÓN QUIRÚRGICA NEUROCIRUGÍA ";"27";"35";"712";"458";"17";"458";"1"
"2023";"09";"140101";"LAMBAYEQUE";"CHICLAYO";"CHICLAYO";"ESSALUD";"III-1";"00008577";"HOSPITAL NACIONAL ALMANZOR AGUINAGA ASENJO";"244700";"HOSPITALIZACIÓN DE MEDICINA NEUROLOGIA  ";"31";"33";"387";"354";"14";"395";"2"
"2023";"09";"140101";"LAMBAYEQUE";"CHICLAYO";"CHICLAYO";"ESSALUD";"III-1";"00008577";"HOSPITAL NACIONAL ALMANZOR AGUINAGA ASENJO";"241600";"HOSPITALIZACIÓN QUIRÚRGICA OBSTETRICIA   ";"154";"171";"1812";"488";"25";"744";"0"
"2023";"09";"140101";"LAMBAYEQUE";"CHICLAYO";"CHICLAYO";"ESSALUD";"III-1";"00008577";"HOSPITAL NACIONAL ALMANZOR AGUINAGA ASENJO";"240600";"HOSPITALIZACIÓN QUIRÚRGICA CIRUGÍA OFTALMOLÓGICA ";"2";"1";"8";"37";"2";"41";"0"
"2023";"09";"140101";"LAMBAYEQUE";"CHICLAYO";"CHICLAYO";"ESSALUD";"III-1";"00008577";"HOSPITAL NACIONAL ALMANZOR AGUINAGA ASENJO";"242100";"HOSPITALIZACIÓN DE MEDICINA ONCOLOGÍA MÉDICA ";"68";"78";"394";"357";"15";"416";"2"
"2023";"09";"140101";"LAMBAYEQUE";"CHICLAYO";"CHICLAYO";"ESSALUD";"III-1";"00008577";"HOSPITAL NACIONAL ALMANZOR AGUINAGA ASENJO";"241200";"HOSPITALIZACIÓN QUIRÚRGICA TRAUMATOLOGÍA Y ORTOPEDIA ";"106";"89";"940";"905";"30";"929";"0"
"2023";"09";"140101";"LAMBAYEQUE";"CHICLAYO";"CHICLAYO";"ESSALUD";"III-1";"00008577";"HOSPITAL NACIONAL ALMANZOR AGUINAGA ASENJO";"241100";"HOSPITALIZACIÓN QUIRÚRGICA OTORRINOLARINGOLOGÍA  ";"24";"26";"63";"68";"5";"75";"0"
"2023";"09";"140101";"LAMBAYEQUE";"CHICLAYO";"CHICLAYO";"ESSALUD";"III-1";"00008577";"HOSPITAL NACIONAL ALMANZOR AGUINAGA ASENJO";"242300";"HOSPITALIZACIÓN DE PEDIATRÍA  PEDIATRÍA  GENERAL ";"54";"48";"506";"472";"20";"586";"2"
"2023";"09";"140101";"LAMBAYEQUE";"CHICLAYO";"CHICLAYO";"ESSALUD";"III-1";"00008577";"HOSPITAL NACIONAL ALMANZOR AGUINAGA ASENJO";"242200";"HOSPITALIZACIÓN DE MEDICINA PSIQUIATRÍA ";"20";"18";"354";"388";"16";"480";"0"
"2023";"09";"140101";"LAMBAYEQUE";"CHICLAYO";"CHICLAYO";"ESSALUD";"III-1";"00008577";"HOSPITAL NACIONAL ALMANZOR AGUINAGA ASENJO";"241300";"HOSPITALIZACIÓN QUIRÚRGICA UROLOGÍA  ";"34";"34";"189";"229";"16";"295";"0"
"2023";"09";"140101";"LAMBAYEQUE";"CHICLAYO";"CHICLAYO";"ESSALUD";"III-1";"00008577";"HOSPITAL NACIONAL ALMANZOR AGUINAGA ASENJO";"250100";"UNIDAD DE CUIDADOS CRITICOS UNIDAD  DE CUIDADOS INTENSIVOS GENERALES (UCI) ";"29";"12";"158";"472";"38";"630";"11"
"2023";"09";"140101";"LAMBAYEQUE";"CHICLAYO";"CHICLAYO";"ESSALUD";"III-1";"00008577";"HOSPITAL NACIONAL ALMANZOR AGUINAGA ASENJO";"250200";"UNIDAD DE CUIDADOS CRITICOS UNIDAD DE CUIDADOS INTERMEDIOS GENERAL  (UCIN) ";"7";"3";"110";"371";"13";"390";"3"
"2023";"09";"150108";"LIMA";"LIMA";"CHORRILLOS";"SANIDAD DE LA POLICIA NACIONAL DEL PERU";"I-3";"00020382";"POLICLINICO POLICIAL CHORRILLOS";"NE_0001";"";"NE_0001";"NE_0001";"NE_0001";"NE_0001";"NE_0001";"NE_0001";"NE_0001"
"2023";"09";"021101";"ANCASH";"HUARMEY";"HUARMEY";"GOBIERNO REGIONAL";"II-1";"00001741";"HOSPITAL DE APOYO HUARMEY";"240100";"HOSPITALIZACIÓN QUIRÚRGICA CIRUGÍA GENERAL ";"10";"10";"23";"23";"3";"90";"0"
"2023";"09";"021101";"ANCASH";"HUARMEY";"HUARMEY";"GOBIERNO REGIONAL";"II-1";"00001741";"HOSPITAL DE APOYO HUARMEY";"241400";"HOSPITALIZACIÓN QUIRÚRGICA GINECO - OBSTETRICIA ";"36";"37";"76";"74";"10";"300";"0"
"2023";"09";"021101";"ANCASH";"HUARMEY";"HUARMEY";"GOBIERNO REGIONAL";"II-1";"00001741";"HOSPITAL DE APOYO HUARMEY";"241800";"HOSPITALIZACIÓN DE MEDICINA MEDICINA GENERAL ";"27";"28";"91";"90";"11";"330";"1"
"2023";"09";"021101";"ANCASH";"HUARMEY";"HUARMEY";"GOBIERNO REGIONAL";"II-1";"00001741";"HOSPITAL DE APOYO HUARMEY";"242300";"HOSPITALIZACIÓN DE PEDIATRÍA  PEDIATRÍA  GENERAL ";"9";"10";"24";"21";"3";"90";"0"
"2023";"07";"060306";"CAJAMARCA";"CELENDIN";"JOSE GALVEZ";"GOBIERNO REGIONAL";"I-1";"00004486";"FRAYLECOCHA";"NE_0001";"";"NE_0001";"NE_0001";"NE_0001";"NE_0001";"NE_0001";"NE_0001";"NE_0001"
"2023";"07";"060308";"CAJAMARCA";"CELENDIN";"OXAMARCA";"GOBIERNO REGIONAL";"I-1";"00009049";"LA QUINUA";"NE_0001";"";"NE_0001";"NE_0001";"NE_0001";"NE_0001";"NE_0001";"NE_0001";"NE_0001"
"2023";"07";"060308";"CAJAMARCA";"CELENDIN";"OXAMARCA";"GOBIERNO REGIONAL";"I-2";"00004483";"PIOBAMBA";"NE_0001";"";"NE_0001";"NE_0001";"NE_0001";"NE_0001";"NE_0001";"NE_0001";"NE_0001"
"2023";"07";"060308";"CAJAMARCA";"CELENDIN";"OXAMARCA";"GOBIERNO REGIONAL";"I-2";"00004484";"OXAMARCA";"NE_0001";"";"NE_0001";"NE_0001";"NE_0001";"NE_0001";"NE_0001";"NE_0001";"NE_0001"
"2023";"07";"060310";"CAJAMARCA";"CELENDIN";"SUCRE";"GOBIERNO REGIONAL";"I-3";"00004482";"SUCRE";"NE_0001";"";"NE_0001";"NE_0001";"NE_0001";"NE_0001";"NE_0001";"NE_0001";"NE_0001"
"2023";"07";"060310";"CAJAMARCA";"CELENDIN";"SUCRE";"GOBIERNO REGIONAL";"I-1";"00009084";"VIGASPAMPA";"NE_0001";"";"NE_0001";"NE_0001";"NE_0001";"NE_0001";"NE_0001";"NE_0001";"NE_0001"
"2023";"07";"060310";"CAJAMARCA";"CELENDIN";"SUCRE";"GOBIERNO REGIONAL";"I-1";"00004485";"CALCONGA";"NE_0001";"";"NE_0001";"NE_0001";"NE_0001";"NE_0001";"NE_0001";"NE_0001";"NE_0001"
"2023";"07";"060306";"CAJAMARCA";"CELENDIN";"JOSE GALVEZ";"GOBIERNO REGIONAL";"I-2";"00004488";"JOSE GALVEZ";"NE_0001";"";"NE_0001";"NE_0001";"NE_0001";"NE_0001";"NE_0001";"NE_0001";"NE_0001"
"2023";"07";"060308";"CAJAMARCA";"CELENDIN";"OXAMARCA";"GOBIERNO REGIONAL";"I-1";"00009046";"MINASCONGA";"NE_0001";"";"NE_0001";"NE_0001";"NE_0001";"NE_0001";"NE_0001";"NE_0001";"NE_0001"
"2023";"07";"060305";"CAJAMARCA";"CELENDIN";"JORGE CHAVEZ";"GOBIERNO REGIONAL";"I-1";"00004487";"JORGE CHAVEZ";"NE_0001";"";"NE_0001";"NE_0001";"NE_0001";"NE_0001";"NE_0001";"NE_0001";"NE_0001"
"2023";"07";"060310";"CAJAMARCA";"CELENDIN";"SUCRE";"GOBIERNO REGIONAL";"I-1";"00025043";"CRUZCONGA";"NE_0001";"";"NE_0001";"NE_0001";"NE_0001";"NE_0001";"NE_0001";"NE_0001";"NE_0001"
"2023";"05";"040804";"AREQUIPA";"LA UNION";"HUAYNACOTAS";"GOBIERNO REGIONAL";"I-2";"00007265";"PUESTO DE SALUD HUARCAYA";"NE_0001";"";"NE_0001";"NE_0001";"NE_0001";"NE_0001";"NE_0001";"NE_0001";"NE_0001"
"2023";"05";"040806";"AREQUIPA";"LA UNION";"PUYCA";"GOBIERNO REGIONAL";"I-2";"00001471";"PUESTO DE SALUD CHURCA";"NE_0001";"";"NE_0001";"NE_0001";"NE_0001";"NE_0001";"NE_0001";"NE_0001";"NE_0001"
"2023";"05";"040806";"AREQUIPA";"LA UNION";"PUYCA";"GOBIERNO REGIONAL";"I-2";"00001465";"PUESTO DE SALUD PUYCA";"NE_0001";"";"NE_0001";"NE_0001";"NE_0001";"NE_0001";"NE_0001";"NE_0001";"NE_0001"
"2023";"05";"040802";"AREQUIPA";"LA UNION";"ALCA";"MINSA";"I-3";"00001464";"CENTRO DE SALUD ALCA";"NE_0001";"";"NE_0001";"NE_0001";"NE_0001";"NE_0001";"NE_0001";"NE_0001";"NE_0001"
"2023";"05";"040804";"AREQUIPA";"LA UNION";"HUAYNACOTAS";"MINSA";"I-2";"00001463";"PUESTO DE SALUD HUAYNACOTAS";"NE_0001";"";"NE_0001";"NE_0001";"NE_0001";"NE_0001";"NE_0001";"NE_0001";"NE_0001"
"2023";"05";"040804";"AREQUIPA";"LA UNION";"HUAYNACOTAS";"GOBIERNO REGIONAL";"I-2";"00001461";"PUESTO DE SALUD TAURISMA";"NE_0001";"";"NE_0001";"NE_0001";"NE_0001";"NE_0001";"NE_0001";"NE_0001";"NE_0001"
"2023";"06";"040804";"AREQUIPA";"LA UNION";"HUAYNACOTAS";"GOBIERNO REGIONAL";"I-2";"00007265";"PUESTO DE SALUD HUARCAYA";"NE_0001";"";"NE_0001";"NE_0001";"NE_0001";"NE_0001";"NE_0001";"NE_0001";"NE_0001"
"2023";"06";"040806";"AREQUIPA";"LA UNION";"PUYCA";"GOBIERNO REGIONAL";"I-2";"00001471";"PUESTO DE SALUD CHURCA";"NE_0001";"";"NE_0001";"NE_0001";"NE_0001";"NE_0001";"NE_0001";"NE_0001";"NE_0001"
"2023";"06";"040806";"AREQUIPA";"LA UNION";"PUYCA";"GOBIERNO REGIONAL";"I-2";"00001465";"PUESTO DE SALUD PUYCA";"NE_0001";"";"NE_0001";"NE_0001";"NE_0001";"NE_0001";"NE_0001";"NE_0001";"NE_0001"
"2023";"06";"040802";"AREQUIPA";"LA UNION";"ALCA";"MINSA";"I-3";"00001464";"CENTRO DE SALUD ALCA";"NE_0001";"";"NE_0001";"NE_0001";"NE_0001";"NE_0001";"NE_0001";"NE_0001";"NE_0001"
"2023";"06";"040804";"AREQUIPA";"LA UNION";"HUAYNACOTAS";"MINSA";"I-2";"00001463";"PUESTO DE SALUD HUAYNACOTAS";"NE_0001";"";"NE_0001";"NE_0001";"NE_0001";"NE_0001";"NE_0001";"NE_0001";"NE_0001"
"2023";"06";"040804";"AREQUIPA";"LA UNION";"HUAYNACOTAS";"GOBIERNO REGIONAL";"I-2";"00001461";"PUESTO DE SALUD TAURISMA";"NE_0001";"";"NE_0001";"NE_0001";"NE_0001";"NE_0001";"NE_0001";"NE_0001";"NE_0001"
"2023";"08";"120114";"JUNIN";"HUANCAYO";"EL TAMBO";"GOBIERNO REGIONAL";"I-1";"00000710";"INCHO";"NE_0002";"";"NE_0002";"NE_0002";"NE_0002";"NE_0002";"NE_0002";"NE_0002";"NE_0002"
"2023";"08";"120128";"JUNIN";"HUANCAYO";"QUILCAS";"GOBIERNO REGIONAL";"I-1";"00000721";"COLPAR";"NE_0002";"";"NE_0002";"NE_0002";"NE_0002";"NE_0002";"NE_0002";"NE_0002";"NE_0002"
"2023";"08";"150122";"LIMA";"LIMA";"MIRAFLORES";"MINSA";"III-E";"00006213";"HOSPITAL DE EMERGENCIAS JOSE CASIMIRO ULLOA";"240100";"HOSPITALIZACIÓN QUIRÚRGICA CIRUGÍA GENERAL ";"98";"115";"580";"381";"26";"806";"0"
"2023";"08";"150122";"LIMA";"LIMA";"MIRAFLORES";"MINSA";"III-E";"00006213";"HOSPITAL DE EMERGENCIAS JOSE CASIMIRO ULLOA";"241800";"HOSPITALIZACIÓN DE MEDICINA MEDICINA GENERAL ";"114";"151";"1147";"498";"20";"620";"12"
"2023";"08";"150122";"LIMA";"LIMA";"MIRAFLORES";"MINSA";"III-E";"00006213";"HOSPITAL DE EMERGENCIAS JOSE CASIMIRO ULLOA";"240900";"HOSPITALIZACIÓN QUIRÚRGICA NEUROCIRUGÍA ";"11";"16";"284";"242";"11";"341";"2"
"2023";"08";"150122";"LIMA";"LIMA";"MIRAFLORES";"MINSA";"III-E";"00006213";"HOSPITAL DE EMERGENCIAS JOSE CASIMIRO ULLOA";"241200";"HOSPITALIZACIÓN QUIRÚRGICA TRAUMATOLOGÍA Y ORTOPEDIA ";"42";"53";"344";"233";"14";"434";"0"
"2023";"08";"150122";"LIMA";"LIMA";"MIRAFLORES";"MINSA";"III-E";"00006213";"HOSPITAL DE EMERGENCIAS JOSE CASIMIRO ULLOA";"250000";"UNIDAD DE CUIDADOS CRITICOS  ";"29";"32";"390";"275";"10";"310";"0"
"2023";"08";"150122";"LIMA";"LIMA";"MIRAFLORES";"MINSA";"III-E";"00006213";"HOSPITAL DE EMERGENCIAS JOSE CASIMIRO ULLOA";"250103";"UNIDAD DE CUIDADOS CRITICOS UNIDAD  DE CUIDADOS INTENSIVOS GENERALES  (UCI) MEDICINA";"9";"8";"84";"177";"6";"186";"0"
"2023";"09";"150140";"LIMA";"LIMA";"SANTIAGO DE SURCO";"PRIVADO";"II-E";"00013064";"CLINICA CEDRON";"240000";"HOSPITALIZACIÓN";"33";"33";"41";"41";"6";"180";"0"
"2023";"09";"220901";"SAN MARTIN";"SAN MARTIN";"TARAPOTO";"SANIDAD DE LA POLICIA NACIONAL DEL PERU";"I-3";"00020827";"POLICLINICO  PNP TARAPOTO";"NE_0001";"";"NE_0001";"NE_0001";"NE_0001";"NE_0001";"NE_0001";"NE_0001";"NE_0001"
"2023";"09";"101002";"HUANUCO";"LAURICOCHA";"BAÑOS";"ESSALUD";"I-2";"00027081";"POSTA MÉDICA BAÑOS";"NE_0001";"";"NE_0001";"NE_0001";"NE_0001";"NE_0001";"NE_0001";"NE_0001";"NE_0001"
"2023";"09";"220101";"SAN MARTIN";"MOYOBAMBA";"MOYOBAMBA";"GOBIERNO REGIONAL";"I-1";"00006295";"DORADA";"NE_0001";"";"NE_0001";"NE_0001";"NE_0001";"NE_0001";"NE_0001";"NE_0001";"NE_0001"
"2023";"09";"220101";"SAN MARTIN";"MOYOBAMBA";"MOYOBAMBA";"GOBIERNO REGIONAL";"I-1";"00006293";"RAFAEL BELAUNDE";"NE_0001";"";"NE_0001";"NE_0001";"NE_0001";"NE_0001";"NE_0001";"NE_0001";"NE_0001"
"2023";"09";"220802";"SAN MARTIN";"RIOJA";"AWAJUN";"GOBIERNO REGIONAL";"I-3";"00006297";"BAJO NARANJILLO";"241600";"HOSPITALIZACIÓN QUIRÚRGICA OBSTETRICIA   ";"4";"4";"4";"4";"3";"90";"0"
"2023";"09";"220101";"SAN MARTIN";"MOYOBAMBA";"MOYOBAMBA";"GOBIERNO REGIONAL";"I-1";"00006292";"IMPERIO DE CACHIYACU";"NE_0001";"";"NE_0001";"NE_0001";"NE_0001";"NE_0001";"NE_0001";"NE_0001";"NE_0001"
"2023";"09";"220101";"SAN MARTIN";"MOYOBAMBA";"MOYOBAMBA";"GOBIERNO REGIONAL";"I-1";"00006296";"SAN JOSE DE ALTO MAYO";"NE_0001";"";"NE_0001";"NE_0001";"NE_0001";"NE_0001";"NE_0001";"NE_0001";"NE_0001"
"2023";"09";"220802";"SAN MARTIN";"RIOJA";"AWAJUN";"GOBIERNO REGIONAL";"I-1";"00006298";"SAN FRANCISCO ALTO MAYO";"NE_0001";"";"NE_0001";"NE_0001";"NE_0001";"NE_0001";"NE_0001";"NE_0001";"NE_0001"
"2023";"09";"220804";"SAN MARTIN";"RIOJA";"NUEVA CAJAMARCA";"GOBIERNO REGIONAL";"I-1";"00006302";"TUPAC AMARU";"NE_0001";"";"NE_0001";"NE_0001";"NE_0001";"NE_0001";"NE_0001";"NE_0001";"NE_0001"
"2023";"09";"220802";"SAN MARTIN";"RIOJA";"AWAJUN";"GOBIERNO REGIONAL";"I-1";"00007464";"SAN CARLOS";"NE_0001";"";"NE_0001";"NE_0001";"NE_0001";"NE_0001";"NE_0001";"NE_0001";"NE_0001"
"2023";"09";"220804";"SAN MARTIN";"RIOJA";"NUEVA CAJAMARCA";"GOBIERNO REGIONAL";"I-2";"00006301";"NARANJILLO";"NE_0001";"";"NE_0001";"NE_0001";"NE_0001";"NE_0001";"NE_0001";"NE_0001";"NE_0001"
"2023";"09";"220802";"SAN MARTIN";"RIOJA";"AWAJUN";"GOBIERNO REGIONAL";"I-1";"00009075";"NUEVA SANTA CRUZ";"NE_0001";"";"NE_0001";"NE_0001";"NE_0001";"NE_0001";"NE_0001";"NE_0001";"NE_0001"
"2023";"09";"120425";"JUNIN";"JAUJA";"PARCO";"GOBIERNO REGIONAL";"I-2";"00000374";"PARCO";"NE_0001";"";"NE_0001";"NE_0001";"NE_0001";"NE_0001";"NE_0001";"NE_0001";"NE_0001"
"2023";"09";"120405";"JUNIN";"JAUJA";"CANCHAYLLO";"GOBIERNO REGIONAL";"I-2";"00000424";"CANCHAYLLO";"NE_0001";"";"NE_0001";"NE_0001";"NE_0001";"NE_0001";"NE_0001";"NE_0001";"NE_0001"
"2023";"09";"120414";"JUNIN";"JAUJA";"LLOCLLAPAMPA";"GOBIERNO REGIONAL";"I-3";"00000427";"LLOCLLAPAMPA";"NE_0001";"";"NE_0001";"NE_0001";"NE_0001";"NE_0001";"NE_0001";"NE_0001";"NE_0001"
"2023";"09";"120411";"JUNIN";"JAUJA";"JANJAILLO";"GOBIERNO REGIONAL";"I-2";"00000426";"JANJAILLO";"NE_0001";"";"NE_0001";"NE_0001";"NE_0001";"NE_0001";"NE_0001";"NE_0001";"NE_0001"
"2023";"09";"120425";"JUNIN";"JAUJA";"PARCO";"GOBIERNO REGIONAL";"I-1";"00000375";"ULLUSCA";"NE_0001";"";"NE_0001";"NE_0001";"NE_0001";"NE_0001";"NE_0001";"NE_0001";"NE_0001"
"2023";"09";"120406";"JUNIN";"JAUJA";"CURICACA";"GOBIERNO REGIONAL";"I-2";"00000425";"EL ROSARIO";"NE_0001";"";"NE_0001";"NE_0001";"NE_0001";"NE_0001";"NE_0001";"NE_0001";"NE_0001"
"2023";"09";"120414";"JUNIN";"JAUJA";"LLOCLLAPAMPA";"GOBIERNO REGIONAL";"I-1";"00000428";"MATACHICO";"NE_0001";"";"NE_0001";"NE_0001";"NE_0001";"NE_0001";"NE_0001";"NE_0001";"NE_0001"
"2023";"09";"220908";"SAN MARTIN";"SAN MARTIN";"JUAN GUERRA";"GOBIERNO REGIONAL";"I-1";"00006379";"YACUCATINA";"NE_0002";"";"NE_0002";"NE_0002";"NE_0002";"NE_0002";"NE_0002";"NE_0002";"NE_0002"
"2023";"09";"220914";"SAN MARTIN";"SAN MARTIN";"SHAPAJA";"GOBIERNO REGIONAL";"I-2";"00006375";"SHAPAJA";"NE_0002";"";"NE_0002";"NE_0002";"NE_0002";"NE_0002";"NE_0002";"NE_0002";"NE_0002"
"2023";"09";"220902";"SAN MARTIN";"SAN MARTIN";"ALBERTO LEVEAU";"GOBIERNO REGIONAL";"I-1";"00006383";"MACHUNGO";"NE_0002";"";"NE_0002";"NE_0002";"NE_0002";"NE_0002";"NE_0002";"NE_0002";"NE_0002"
"2023";"09";"220902";"SAN MARTIN";"SAN MARTIN";"ALBERTO LEVEAU";"GOBIERNO REGIONAL";"I-1";"00006382";"UTCURARCA";"NE_0002";"";"NE_0002";"NE_0002";"NE_0002";"NE_0002";"NE_0002";"NE_0002";"NE_0002"
"2023";"09";"220908";"SAN MARTIN";"SAN MARTIN";"JUAN GUERRA";"GOBIERNO REGIONAL";"I-3";"00006374";"JUAN GUERRA";"NE_0002";"";"NE_0002";"NE_0002";"NE_0002";"NE_0002";"NE_0002";"NE_0002";"NE_0002"
"2023";"09";"130906";"LA LIBERTAD";"SANCHEZ CARRION";"SANAGORAN";"GOBIERNO REGIONAL";"I-2";"00005360";"VENTANAS";"NE_0001";"";"NE_0001";"NE_0001";"NE_0001";"NE_0001";"NE_0001";"NE_0001";"NE_0001"
"2023";"09";"130906";"LA LIBERTAD";"SANCHEZ CARRION";"SANAGORAN";"GOBIERNO REGIONAL";"I-1";"00019765";"24 DE JUNIO";"NE_0001";"";"NE_0001";"NE_0001";"NE_0001";"NE_0001";"NE_0001";"NE_0001";"NE_0001"
"2023";"09";"130906";"LA LIBERTAD";"SANCHEZ CARRION";"SANAGORAN";"GOBIERNO REGIONAL";"I-2";"00005359";"SANAGORAN";"NE_0001";"";"NE_0001";"NE_0001";"NE_0001";"NE_0001";"NE_0001";"NE_0001";"NE_0001"
"2023";"09";"130906";"LA LIBERTAD";"SANCHEZ CARRION";"SANAGORAN";"GOBIERNO REGIONAL";"I-2";"00007240";"HUALASGOSDAY";"NE_0001";"";"NE_0001";"NE_0001";"NE_0001";"NE_0001";"NE_0001";"NE_0001";"NE_0001"
"2023";"09";"130906";"LA LIBERTAD";"SANCHEZ CARRION";"SANAGORAN";"GOBIERNO REGIONAL";"I-2";"00007241";"CORRAL GRANDE";"NE_0001";"";"NE_0001";"NE_0001";"NE_0001";"NE_0001";"NE_0001";"NE_0001";"NE_0001"
"2023";"09";"120909";"JUNIN";"CHUPACA";"YANACANCHA";"GOBIERNO REGIONAL";"I-2";"00000661";"YANACANCHA";"NE_0001";"";"NE_0001";"NE_0001";"NE_0001";"NE_0001";"NE_0001";"NE_0001";"NE_0001"
"2023";"09";"120907";"JUNIN";"CHUPACA";"SAN JUAN DE JARPA";"GOBIERNO REGIONAL";"I-3";"00000659";"SAN JUAN DE JARPA";"NE_0001";"";"NE_0001";"NE_0001";"NE_0001";"NE_0001";"NE_0001";"NE_0001";"NE_0001"
"2023";"09";"120909";"JUNIN";"CHUPACA";"YANACANCHA";"GOBIERNO REGIONAL";"I-1";"00000662";"SANTO DOMINGO DE CACHI";"NE_0001";"";"NE_0001";"NE_0001";"NE_0001";"NE_0001";"NE_0001";"NE_0001";"NE_0001"
"2023";"09";"120907";"JUNIN";"CHUPACA";"SAN JUAN DE JARPA";"GOBIERNO REGIONAL";"I-1";"00012470";"SHICUY";"NE_0001";"";"NE_0001";"NE_0001";"NE_0001";"NE_0001";"NE_0001";"NE_0001";"NE_0001"
"2023";"09";"040101";"AREQUIPA";"AREQUIPA";"AREQUIPA";"PRIVADO";"II-1";"00016744";"CLÍNICAS AUNA SEDE VALLESUR";"240000";"HOSPITALIZACIÓN";"309";"342";"1075";"968";"42";"1260";"2"
"2023";"09";"040101";"AREQUIPA";"AREQUIPA";"AREQUIPA";"PRIVADO";"II-1";"00016744";"CLÍNICAS AUNA SEDE VALLESUR";"250100";"UNIDAD DE CUIDADOS CRITICOS UNIDAD  DE CUIDADOS INTENSIVOS GENERALES (UCI) ";"5";"3";"50";"126";"6";"180";"1"
"2023";"09";"040101";"AREQUIPA";"AREQUIPA";"AREQUIPA";"PRIVADO";"II-1";"00016744";"CLÍNICAS AUNA SEDE VALLESUR";"250105";"UNIDAD DE CUIDADOS CRITICOS UNIDAD  DE CUIDADOS INTENSIVOS  (UCI) NEONATOLOGÍA";"4";"0";"0";"36";"3";"90";"0"
"2023";"09";"180106";"MOQUEGUA";"MARISCAL NIETO";"TORATA";"PRIVADO";"II-1";"00017393";"HOSPITAL CUAJONE DE LA SOUTHERN PERU";"240100";"HOSPITALIZACIÓN QUIRÚRGICA CIRUGÍA GENERAL ";"12";"17";"53";"37";"14";"434";"0"
"2023";"09";"180106";"MOQUEGUA";"MARISCAL NIETO";"TORATA";"PRIVADO";"II-1";"00017393";"HOSPITAL CUAJONE DE LA SOUTHERN PERU";"241400";"HOSPITALIZACIÓN QUIRÚRGICA GINECO - OBSTETRICIA ";"1";"1";"3";"4";"3";"93";"0"
"2023";"09";"180106";"MOQUEGUA";"MARISCAL NIETO";"TORATA";"PRIVADO";"II-1";"00017393";"HOSPITAL CUAJONE DE LA SOUTHERN PERU";"241800";"HOSPITALIZACIÓN DE MEDICINA MEDICINA GENERAL ";"24";"25";"57";"59";"16";"496";"0"
"2023";"09";"180106";"MOQUEGUA";"MARISCAL NIETO";"TORATA";"PRIVADO";"II-1";"00017393";"HOSPITAL CUAJONE DE LA SOUTHERN PERU";"242500";"HOSPITALIZACIÓN-PEDIATRÍA GENERAL-";"1";"1";"2";"1";"17";"527";"0"
"2023";"09";"120701";"JUNIN";"TARMA";"TARMA";"GOBIERNO REGIONAL";"I-1";"00000589";"VICORA CONGAS";"NE_0001";"";"NE_0001";"NE_0001";"NE_0001";"NE_0001";"NE_0001";"NE_0001";"NE_0001"
"2023";"09";"120701";"JUNIN";"TARMA";"TARMA";"GOBIERNO REGIONAL";"I-1";"00000584";"TARMATAMBO";"NE_0001";"";"NE_0001";"NE_0001";"NE_0001";"NE_0001";"NE_0001";"NE_0001";"NE_0001"
"2023";"09";"120701";"JUNIN";"TARMA";"TARMA";"GOBIERNO REGIONAL";"I-1";"00000586";"MUYLO";"NE_0001";"";"NE_0001";"NE_0001";"NE_0001";"NE_0001";"NE_0001";"NE_0001";"NE_0001"
"2023";"09";"120701";"JUNIN";"TARMA";"TARMA";"GOBIERNO REGIONAL";"I-1";"00000593";"SANYACANCHA";"NE_0001";"";"NE_0001";"NE_0001";"NE_0001";"NE_0001";"NE_0001";"NE_0001";"NE_0001"
"2023";"09";"120701";"JUNIN";"TARMA";"TARMA";"GOBIERNO REGIONAL";"I-1";"00000590";"MISARURASHA";"NE_0001";"";"NE_0001";"NE_0001";"NE_0001";"NE_0001";"NE_0001";"NE_0001";"NE_0001"
"2023";"09";"120701";"JUNIN";"TARMA";"TARMA";"GOBIERNO REGIONAL";"I-1";"00000591";"CARHUACATAC";"NE_0001";"";"NE_0001";"NE_0001";"NE_0001";"NE_0001";"NE_0001";"NE_0001";"NE_0001"
"2023";"04";"080910";"CUSCO";"LA CONVENCION";"PICHARI";"GOBIERNO REGIONAL";"I-1";"00015104";"TAMBO DEL ENE";"NE_0001";"";"NE_0001";"NE_0001";"NE_0001";"NE_0001";"NE_0001";"NE_0001";"NE_0001"
"2023";"04";"080910";"CUSCO";"LA CONVENCION";"PICHARI";"GOBIERNO REGIONAL";"I-3";"00002495";"MANTARO";"NE_0001";"";"NE_0001";"NE_0001";"NE_0001";"NE_0001";"NE_0001";"NE_0001";"NE_0001"
"2023";"04";"080910";"CUSCO";"LA CONVENCION";"PICHARI";"GOBIERNO REGIONAL";"I-1";"00015169";"PITIRINQUINI";"NE_0001";"";"NE_0001";"NE_0001";"NE_0001";"NE_0001";"NE_0001";"NE_0001";"NE_0001"
"2023";"02";"250101";"UCAYALI";"CORONEL PORTILLO";"CALLERIA";"GOBIERNO REGIONAL";"II-2";"00005576";"HOSPITAL REGIONAL DE PUCALLPA";"241900";"HOSPITALIZACIÓN DE MEDICINA MEDICINA INTERNA ";"51";"46";"249";"194";"14";"434";"4"
"2023";"02";"250101";"UCAYALI";"CORONEL PORTILLO";"CALLERIA";"GOBIERNO REGIONAL";"II-2";"00005576";"HOSPITAL REGIONAL DE PUCALLPA";"245300";"HOSPITALIZACIÓN DE MEDICINA NEUMOLOGÍA  ";"6";"4";"14";"13";"4";"124";"2"
"2023";"02";"250101";"UCAYALI";"CORONEL PORTILLO";"CALLERIA";"GOBIERNO REGIONAL";"II-2";"00005576";"HOSPITAL REGIONAL DE PUCALLPA";"244000";"HOSPITALIZACIÓN DE MEDICINA CARDIOLOGIA ";"6";"4";"18";"31";"4";"124";"0"
"2023";"02";"250101";"UCAYALI";"CORONEL PORTILLO";"CALLERIA";"GOBIERNO REGIONAL";"II-2";"00005576";"HOSPITAL REGIONAL DE PUCALLPA";"244700";"HOSPITALIZACIÓN DE MEDICINA NEUROLOGIA  ";"6";"5";"28";"37";"4";"124";"0"
"2023";"02";"250101";"UCAYALI";"CORONEL PORTILLO";"CALLERIA";"GOBIERNO REGIONAL";"II-2";"00005576";"HOSPITAL REGIONAL DE PUCALLPA";"244100";"HOSPITALIZACIÓN DE MEDICINA DERMATOLOGÍA    ";"1";"1";"31";"4";"2";"62";"0"
"2023";"02";"250101";"UCAYALI";"CORONEL PORTILLO";"CALLERIA";"GOBIERNO REGIONAL";"II-2";"00005576";"HOSPITAL REGIONAL DE PUCALLPA";"242000";"HOSPITALIZACIÓN DE MEDICINA MEDICINA TROPICAL E INFECCIOSAS ";"34";"33";"146";"134";"6";"186";"3"
"2023";"02";"250101";"UCAYALI";"CORONEL PORTILLO";"CALLERIA";"GOBIERNO REGIONAL";"II-2";"00005576";"HOSPITAL REGIONAL DE PUCALLPA";"250100";"UNIDAD DE CUIDADOS CRITICOS UNIDAD  DE CUIDADOS INTENSIVOS GENERALES (UCI) ";"10";"5";"57";"141";"6";"186";"4"
"2023";"02";"250101";"UCAYALI";"CORONEL PORTILLO";"CALLERIA";"GOBIERNO REGIONAL";"II-2";"00005576";"HOSPITAL REGIONAL DE PUCALLPA";"250200";"UNIDAD DE CUIDADOS CRITICOS UNIDAD DE CUIDADOS INTERMEDIOS GENERAL  (UCIN) ";"6";"5";"182";"103";"4";"124";"0"
"2023";"02";"250101";"UCAYALI";"CORONEL PORTILLO";"CALLERIA";"GOBIERNO REGIONAL";"II-2";"00005576";"HOSPITAL REGIONAL DE PUCALLPA";"240100";"HOSPITALIZACIÓN QUIRÚRGICA CIRUGÍA GENERAL ";"65";"54";"252";"292";"9";"292";"0"
"2023";"02";"250101";"UCAYALI";"CORONEL PORTILLO";"CALLERIA";"GOBIERNO REGIONAL";"II-2";"00005576";"HOSPITAL REGIONAL DE PUCALLPA";"240400";"HOSPITALIZACIÓN QUIRÚRGICA CIRUGÍA DE TÓRAX Y CARDIOVASCULAR ";"1";"1";"5";"5";"1";"5";"0"
"2023";"02";"250101";"UCAYALI";"CORONEL PORTILLO";"CALLERIA";"GOBIERNO REGIONAL";"II-2";"00005576";"HOSPITAL REGIONAL DE PUCALLPA";"241200";"HOSPITALIZACIÓN QUIRÚRGICA TRAUMATOLOGÍA Y ORTOPEDIA ";"41";"28";"379";"375";"12";"375";"0"
"2023";"02";"250101";"UCAYALI";"CORONEL PORTILLO";"CALLERIA";"GOBIERNO REGIONAL";"II-2";"00005576";"HOSPITAL REGIONAL DE PUCALLPA";"240200";"HOSPITALIZACIÓN QUIRÚRGICA CIRUGÍA DE CABEZA Y CUELLO / MÁXILO FACIAL ";"1";"1";"7";"4";"1";"31";"0"
"2023";"02";"250101";"UCAYALI";"CORONEL PORTILLO";"CALLERIA";"GOBIERNO REGIONAL";"II-2";"00005576";"HOSPITAL REGIONAL DE PUCALLPA";"240600";"HOSPITALIZACIÓN QUIRÚRGICA CIRUGÍA OFTALMOLÓGICA ";"3";"2";"11";"33";"1";"33";"0"
"2023";"02";"250101";"UCAYALI";"CORONEL PORTILLO";"CALLERIA";"GOBIERNO REGIONAL";"II-2";"00005576";"HOSPITAL REGIONAL DE PUCALLPA";"241300";"HOSPITALIZACIÓN QUIRÚRGICA UROLOGÍA  ";"1";"1";"14";"14";"1";"14";"0"
"2023";"02";"250101";"UCAYALI";"CORONEL PORTILLO";"CALLERIA";"GOBIERNO REGIONAL";"II-2";"00005576";"HOSPITAL REGIONAL DE PUCALLPA";"240900";"HOSPITALIZACIÓN QUIRÚRGICA NEUROCIRUGÍA ";"1";"1";"9";"9";"1";"9";"0"
"2023";"02";"250101";"UCAYALI";"CORONEL PORTILLO";"CALLERIA";"GOBIERNO REGIONAL";"II-2";"00005576";"HOSPITAL REGIONAL DE PUCALLPA";"240700";"HOSPITALIZACIÓN QUIRÚRGICA CIRUGÍA PEDIÁTRICA ";"15";"11";"187";"158";"5";"158";"0"
"2023";"02";"250101";"UCAYALI";"CORONEL PORTILLO";"CALLERIA";"GOBIERNO REGIONAL";"II-2";"00005576";"HOSPITAL REGIONAL DE PUCALLPA";"240800";"HOSPITALIZACIÓN QUIRÚRGICA CIRUGÍA PLÁSTICA/RECONSTRUCTIVA/ REPARADORA ";"19";"14";"134";"126";"10";"310";"0"
"2023";"02";"250101";"UCAYALI";"CORONEL PORTILLO";"CALLERIA";"GOBIERNO REGIONAL";"II-2";"00005576";"HOSPITAL REGIONAL DE PUCALLPA";"242300";"HOSPITALIZACIÓN DE PEDIATRÍA  PEDIATRÍA  GENERAL ";"48";"43";"199";"208";"30";"930";"0"
"2023";"02";"250101";"UCAYALI";"CORONEL PORTILLO";"CALLERIA";"GOBIERNO REGIONAL";"II-2";"00005576";"HOSPITAL REGIONAL DE PUCALLPA";"241600";"HOSPITALIZACIÓN QUIRÚRGICA OBSTETRICIA   ";"317";"290";"625";"642";"38";"1178";"0"
"2023";"02";"250101";"UCAYALI";"CORONEL PORTILLO";"CALLERIA";"GOBIERNO REGIONAL";"II-2";"00005576";"HOSPITAL REGIONAL DE PUCALLPA";"241500";"HOSPITALIZACIÓN QUIRÚRGICA GINECOLOGÍA  ";"32";"28";"103";"100";"4";"124";"0"
"2023";"02";"250101";"UCAYALI";"CORONEL PORTILLO";"CALLERIA";"GOBIERNO REGIONAL";"II-2";"00005576";"HOSPITAL REGIONAL DE PUCALLPA";"250105";"UNIDAD DE CUIDADOS CRITICOS UNIDAD  DE CUIDADOS INTENSIVOS  (UCI) NEONATOLOGÍA";"61";"46";"488";"539";"18";"539";"3"
"2023";"04";"150136";"LIMA";"LIMA";"SAN MIGUEL";"PRIVADO";"I-3";"00017540";"MEPSO";"NE_0001";"";"NE_0001";"NE_0001";"NE_0001";"NE_0001";"NE_0001";"NE_0001";"NE_0001"
"2023";"04";"150141";"LIMA";"LIMA";"SURQUILLO";"PRIVADO";"I-3";"00023509";"MEDICINA EMPRESARIAL DE PREVENCIÓN EN SALUD OCUPACIONAL SAC";"NE_0001";"";"NE_0001";"NE_0001";"NE_0001";"NE_0001";"NE_0001";"NE_0001";"NE_0001"
"2023";"04";"150119";"LIMA";"LIMA";"LURIN";"PRIVADO";"I-3";"00027216";"MEPSO";"NE_0001";"";"NE_0001";"NE_0001";"NE_0001";"NE_0001";"NE_0001";"NE_0001";"NE_0001"
"2023";"03";"250101";"UCAYALI";"CORONEL PORTILLO";"CALLERIA";"GOBIERNO REGIONAL";"II-2";"00005576";"HOSPITAL REGIONAL DE PUCALLPA";"241900";"HOSPITALIZACIÓN DE MEDICINA MEDICINA INTERNA ";"48";"45";"267";"241";"9";"279";"4"
"2023";"03";"250101";"UCAYALI";"CORONEL PORTILLO";"CALLERIA";"GOBIERNO REGIONAL";"II-2";"00005576";"HOSPITAL REGIONAL DE PUCALLPA";"245300";"HOSPITALIZACIÓN DE MEDICINA NEUMOLOGÍA  ";"3";"3";"16";"16";"2";"62";"1"
"2023";"03";"250101";"UCAYALI";"CORONEL PORTILLO";"CALLERIA";"GOBIERNO REGIONAL";"II-2";"00005576";"HOSPITAL REGIONAL DE PUCALLPA";"244000";"HOSPITALIZACIÓN DE MEDICINA CARDIOLOGIA ";"4";"4";"13";"2";"2";"62";"0"
"2023";"03";"250101";"UCAYALI";"CORONEL PORTILLO";"CALLERIA";"GOBIERNO REGIONAL";"II-2";"00005576";"HOSPITAL REGIONAL DE PUCALLPA";"244700";"HOSPITALIZACIÓN DE MEDICINA NEUROLOGIA  ";"10";"7";"34";"50";"2";"62";"0"
"2023";"03";"250101";"UCAYALI";"CORONEL PORTILLO";"CALLERIA";"GOBIERNO REGIONAL";"II-2";"00005576";"HOSPITAL REGIONAL DE PUCALLPA";"242000";"HOSPITALIZACIÓN DE MEDICINA MEDICINA TROPICAL E INFECCIOSAS ";"32";"30";"115";"108";"6";"186";"2"
"2023";"03";"250101";"UCAYALI";"CORONEL PORTILLO";"CALLERIA";"GOBIERNO REGIONAL";"II-2";"00005576";"HOSPITAL REGIONAL DE PUCALLPA";"244400";"HOSPITALIZACIÓN DE MEDICINA GERIATRIA ";"4";"3";"25";"22";"4";"124";"0"
"2023";"03";"250101";"UCAYALI";"CORONEL PORTILLO";"CALLERIA";"GOBIERNO REGIONAL";"II-2";"00005576";"HOSPITAL REGIONAL DE PUCALLPA";"250100";"UNIDAD DE CUIDADOS CRITICOS UNIDAD  DE CUIDADOS INTENSIVOS GENERALES (UCI) ";"10";"7";"38";"138";"6";"186";"6"
"2023";"03";"250101";"UCAYALI";"CORONEL PORTILLO";"CALLERIA";"GOBIERNO REGIONAL";"II-2";"00005576";"HOSPITAL REGIONAL DE PUCALLPA";"250200";"UNIDAD DE CUIDADOS CRITICOS UNIDAD DE CUIDADOS INTERMEDIOS GENERAL  (UCIN) ";"4";"2";"31";"83";"4";"124";"0"
"2023";"03";"250101";"UCAYALI";"CORONEL PORTILLO";"CALLERIA";"GOBIERNO REGIONAL";"II-2";"00005576";"HOSPITAL REGIONAL DE PUCALLPA";"240100";"HOSPITALIZACIÓN QUIRÚRGICA CIRUGÍA GENERAL ";"62";"55";"309";"287";"10";"310";"1"
"2023";"03";"250101";"UCAYALI";"CORONEL PORTILLO";"CALLERIA";"GOBIERNO REGIONAL";"II-2";"00005576";"HOSPITAL REGIONAL DE PUCALLPA";"240400";"HOSPITALIZACIÓN QUIRÚRGICA CIRUGÍA DE TÓRAX Y CARDIOVASCULAR ";"1";"1";"3";"3";"1";"31";"0"
"2023";"03";"250101";"UCAYALI";"CORONEL PORTILLO";"CALLERIA";"GOBIERNO REGIONAL";"II-2";"00005576";"HOSPITAL REGIONAL DE PUCALLPA";"241200";"HOSPITALIZACIÓN QUIRÚRGICA TRAUMATOLOGÍA Y ORTOPEDIA ";"34";"27";"270";"287";"10";"310";"0"
"2023";"03";"250101";"UCAYALI";"CORONEL PORTILLO";"CALLERIA";"GOBIERNO REGIONAL";"II-2";"00005576";"HOSPITAL REGIONAL DE PUCALLPA";"240200";"HOSPITALIZACIÓN QUIRÚRGICA CIRUGÍA DE CABEZA Y CUELLO / MÁXILO FACIAL ";"2";"2";"7";"7";"1";"31";"0"
"2023";"03";"250101";"UCAYALI";"CORONEL PORTILLO";"CALLERIA";"GOBIERNO REGIONAL";"II-2";"00005576";"HOSPITAL REGIONAL DE PUCALLPA";"240600";"HOSPITALIZACIÓN QUIRÚRGICA CIRUGÍA OFTALMOLÓGICA ";"1";"1";"30";"2";"1";"31";"0"
"2023";"03";"250101";"UCAYALI";"CORONEL PORTILLO";"CALLERIA";"GOBIERNO REGIONAL";"II-2";"00005576";"HOSPITAL REGIONAL DE PUCALLPA";"241300";"HOSPITALIZACIÓN QUIRÚRGICA UROLOGÍA  ";"6";"5";"34";"26";"1";"31";"0"
"2023";"03";"250101";"UCAYALI";"CORONEL PORTILLO";"CALLERIA";"GOBIERNO REGIONAL";"II-2";"00005576";"HOSPITAL REGIONAL DE PUCALLPA";"240900";"HOSPITALIZACIÓN QUIRÚRGICA NEUROCIRUGÍA ";"12";"11";"187";"85";"3";"93";"0"
"2023";"03";"250101";"UCAYALI";"CORONEL PORTILLO";"CALLERIA";"GOBIERNO REGIONAL";"II-2";"00005576";"HOSPITAL REGIONAL DE PUCALLPA";"240700";"HOSPITALIZACIÓN QUIRÚRGICA CIRUGÍA PEDIÁTRICA ";"18";"13";"116";"110";"4";"124";"0"
"2023";"03";"250101";"UCAYALI";"CORONEL PORTILLO";"CALLERIA";"GOBIERNO REGIONAL";"II-2";"00005576";"HOSPITAL REGIONAL DE PUCALLPA";"240800";"HOSPITALIZACIÓN QUIRÚRGICA CIRUGÍA PLÁSTICA/RECONSTRUCTIVA/ REPARADORA ";"13";"8";"110";"111";"10";"310";"0"
"2023";"03";"250101";"UCAYALI";"CORONEL PORTILLO";"CALLERIA";"GOBIERNO REGIONAL";"II-2";"00005576";"HOSPITAL REGIONAL DE PUCALLPA";"242300";"HOSPITALIZACIÓN DE PEDIATRÍA  PEDIATRÍA  GENERAL ";"76";"68";"348";"298";"25";"775";"1"
"2023";"03";"250101";"UCAYALI";"CORONEL PORTILLO";"CALLERIA";"GOBIERNO REGIONAL";"II-2";"00005576";"HOSPITAL REGIONAL DE PUCALLPA";"241600";"HOSPITALIZACIÓN QUIRÚRGICA OBSTETRICIA   ";"381";"355";"831";"849";"38";"1178";"0"
"2023";"03";"250101";"UCAYALI";"CORONEL PORTILLO";"CALLERIA";"GOBIERNO REGIONAL";"II-2";"00005576";"HOSPITAL REGIONAL DE PUCALLPA";"241500";"HOSPITALIZACIÓN QUIRÚRGICA GINECOLOGÍA  ";"20";"18";"46";"53";"4";"124";"0"
"2023";"03";"250101";"UCAYALI";"CORONEL PORTILLO";"CALLERIA";"GOBIERNO REGIONAL";"II-2";"00005576";"HOSPITAL REGIONAL DE PUCALLPA";"250105";"UNIDAD DE CUIDADOS CRITICOS UNIDAD  DE CUIDADOS INTENSIVOS  (UCI) NEONATOLOGÍA";"59";"44";"307";"432";"16";"496";"5"
"2023";"04";"230301";"TACNA";"JORGE BASADRE";"LOCUMBA";"ESSALUD";"I-2";"00018550";"CENTRO DE ATENCION PRIMARIA  I  LOCUMBA";"NE_0001";"";"NE_0001";"NE_0001";"NE_0001";"NE_0001";"NE_0001";"NE_0001";"NE_0001"
"2023";"05";"060101";"CAJAMARCA";"CAJAMARCA";"CAJAMARCA";"PRIVADO";"I-3";"00024687";"MEDITRAN PERU";"NE_0001";"";"NE_0001";"NE_0001";"NE_0001";"NE_0001";"NE_0001";"NE_0001";"NE_0001"
"2023";"06";"060101";"CAJAMARCA";"CAJAMARCA";"CAJAMARCA";"PRIVADO";"I-3";"00024687";"MEDITRAN PERU";"NE_0001";"";"NE_0001";"NE_0001";"NE_0001";"NE_0001";"NE_0001";"NE_0001";"NE_0001"
"2023";"07";"060101";"CAJAMARCA";"CAJAMARCA";"CAJAMARCA";"PRIVADO";"I-3";"00024687";"MEDITRAN PERU";"NE_0001";"";"NE_0001";"NE_0001";"NE_0001";"NE_0001";"NE_0001";"NE_0001";"NE_0001"
"2023";"07";"040208";"AREQUIPA";"CAMANA";"SAMUEL PASTOR";"ESSALUD";"I-4";"00011009";"HOSPITAL I SAMUEL PASTOR DE CAMANA ESSALUD";"241800";"HOSPITALIZACIÓN DE MEDICINA MEDICINA GENERAL ";"24";"23";"96";"104";"4";"124";"1"
"2023";"07";"040208";"AREQUIPA";"CAMANA";"SAMUEL PASTOR";"ESSALUD";"I-4";"00011009";"HOSPITAL I SAMUEL PASTOR DE CAMANA ESSALUD";"241500";"HOSPITALIZACIÓN QUIRÚRGICA GINECOLOGÍA  ";"2";"2";"4";"4";"1";"31";"0"
"2023";"07";"040208";"AREQUIPA";"CAMANA";"SAMUEL PASTOR";"ESSALUD";"I-4";"00011009";"HOSPITAL I SAMUEL PASTOR DE CAMANA ESSALUD";"241600";"HOSPITALIZACIÓN QUIRÚRGICA OBSTETRICIA   ";"2";"2";"5";"5";"1";"31";"0"
"2023";"07";"050204";"AYACUCHO";"CANGALLO";"MARIA PARADO DE BELLIDO";"GOBIERNO REGIONAL";"I-1";"00007303";"PUESTO DE SALUD ÑUÑUNHUAYCCO";"NE_0001";"";"NE_0001";"NE_0001";"NE_0001";"NE_0001";"NE_0001";"NE_0001";"NE_0001"
"2023";"07";"050203";"AYACUCHO";"CANGALLO";"LOS MOROCHUCOS";"GOBIERNO REGIONAL";"I-1";"00017085";"PUESTO DE SALUD HUALLCHANCCA";"NE_0001";"";"NE_0001";"NE_0001";"NE_0001";"NE_0001";"NE_0001";"NE_0001";"NE_0001"
"2023";"07";"050201";"AYACUCHO";"CANGALLO";"CANGALLO";"GOBIERNO REGIONAL";"I-1";"00003506";"PUESTO DE SALUD INCARACCAY";"NE_0001";"";"NE_0001";"NE_0001";"NE_0001";"NE_0001";"NE_0001";"NE_0001";"NE_0001"
"2023";"07";"050201";"AYACUCHO";"CANGALLO";"CANGALLO";"GOBIERNO REGIONAL";"I-1";"00006607";"PUESTO DE SALUD CHICHUCANCHA";"NE_0001";"";"NE_0001";"NE_0001";"NE_0001";"NE_0001";"NE_0001";"NE_0001";"NE_0001"
"2023";"07";"050203";"AYACUCHO";"CANGALLO";"LOS MOROCHUCOS";"GOBIERNO REGIONAL";"I-1";"00007302";"PUESTO DE SALUD SATICA";"NE_0001";"";"NE_0001";"NE_0001";"NE_0001";"NE_0001";"NE_0001";"NE_0001";"NE_0001"
"2023";"07";"050201";"AYACUCHO";"CANGALLO";"CANGALLO";"GOBIERNO REGIONAL";"I-1";"00003496";"PUESTO DE SALUD HUANCARUCMA";"NE_0001";"";"NE_0001";"NE_0001";"NE_0001";"NE_0001";"NE_0001";"NE_0001";"NE_0001"
"2023";"07";"050201";"AYACUCHO";"CANGALLO";"CANGALLO";"GOBIERNO REGIONAL";"I-1";"00003497";"PUESTO DE SALUD PUTICA";"NE_0001";"";"NE_0001";"NE_0001";"NE_0001";"NE_0001";"NE_0001";"NE_0001";"NE_0001"
"2023";"07";"050203";"AYACUCHO";"CANGALLO";"LOS MOROCHUCOS";"GOBIERNO REGIONAL";"I-4";"00003507";"CENTRO DE SALUD PAMPA CANGALLO";"240100";"HOSPITALIZACIÓN QUIRÚRGICA CIRUGÍA GENERAL ";"22";"9";"9";"8";"8";"10";"0"
"2023";"07";"050203";"AYACUCHO";"CANGALLO";"LOS MOROCHUCOS";"GOBIERNO REGIONAL";"I-2";"00003508";"PUESTO DE SALUD CHANQUIL";"NE_0001";"";"NE_0001";"NE_0001";"NE_0001";"NE_0001";"NE_0001";"NE_0001";"NE_0001"
"2023";"07";"050201";"AYACUCHO";"CANGALLO";"CANGALLO";"GOBIERNO REGIONAL";"I-1";"00003495";"PUESTO DE SALUD HUAHUAPUQUIO";"NE_0001";"";"NE_0001";"NE_0001";"NE_0001";"NE_0001";"NE_0001";"NE_0001";"NE_0001"
"2023";"07";"051002";"AYACUCHO";"VICTOR FAJARDO";"ALCAMENCA";"GOBIERNO REGIONAL";"I-1";"00003499";"PUESTO DE SALUD HUAMBO";"NE_0001";"";"NE_0001";"NE_0001";"NE_0001";"NE_0001";"NE_0001";"NE_0001";"NE_0001"
"2023";"07";"050203";"AYACUCHO";"CANGALLO";"LOS MOROCHUCOS";"GOBIERNO REGIONAL";"I-1";"00017084";"PUESTO DE SALUD JUSCAYMARCA";"NE_0001";"";"NE_0001";"NE_0001";"NE_0001";"NE_0001";"NE_0001";"NE_0001";"NE_0001"
"2023";"07";"051002";"AYACUCHO";"VICTOR FAJARDO";"ALCAMENCA";"GOBIERNO REGIONAL";"I-1";"00003498";"PUESTO DE SALUD ALCAMENCA";"NE_0001";"";"NE_0001";"NE_0001";"NE_0001";"NE_0001";"NE_0001";"NE_0001";"NE_0001"
"2023";"07";"050101";"AYACUCHO";"HUAMANGA";"AYACUCHO";"GOBIERNO REGIONAL";"I-3";"00006898";"CENTRO DE  SALUD MOLLEPATA";"NE_0001";"";"NE_0001";"NE_0001";"NE_0001";"NE_0001";"NE_0001";"NE_0001";"NE_0001"
"2023";"08";"020110";"ANCASH";"HUARAZ";"PARIACOTO";"GOBIERNO REGIONAL";"I-4";"00001734";"CENTRO DE SALUD PARIACOTO";"NE_0001";"";"NE_0001";"NE_0001";"NE_0001";"NE_0001";"NE_0001";"NE_0001";"NE_0001"
"2023";"03";"150114";"LIMA";"LIMA";"LA MOLINA";"PRIVADO";"II-E";"00009010";"CLINICA DE LA FAMILIA";"240000";"HOSPITALIZACIÓN";"160";"160";"74";"74";"12";"298";"0"
"2023";"03";"040411";"AREQUIPA";"CASTILLA";"TIPAN";"GOBIERNO REGIONAL";"I-1";"00001400";"PUESTO DE SALUD TIPAN";"NE_0001";"";"NE_0001";"NE_0001";"NE_0001";"NE_0001";"NE_0001";"NE_0001";"NE_0001"
"2023";"03";"040412";"AREQUIPA";"CASTILLA";"UÑON";"GOBIERNO REGIONAL";"I-2";"00001403";"PUESTO DE SALUD UÑON";"NE_0001";"";"NE_0001";"NE_0001";"NE_0001";"NE_0001";"NE_0001";"NE_0001";"NE_0001"
"2023";"03";"040414";"AREQUIPA";"CASTILLA";"VIRACO";"GOBIERNO REGIONAL";"I-1";"00006766";"PUESTO DE SALUD HUAMI";"NE_0001";"";"NE_0001";"NE_0001";"NE_0001";"NE_0001";"NE_0001";"NE_0001";"NE_0001"
"2023";"03";"040408";"AREQUIPA";"CASTILLA";"MACHAGUAY";"GOBIERNO REGIONAL";"I-2";"00001402";"PUESTO DE SALUD MACHAGUAY";"NE_0001";"";"NE_0001";"NE_0001";"NE_0001";"NE_0001";"NE_0001";"NE_0001";"NE_0001"
"2023";"03";"040411";"AREQUIPA";"CASTILLA";"TIPAN";"GOBIERNO REGIONAL";"I-1";"00001401";"PUESTO DE SALUD TAGRE";"NE_0001";"";"NE_0001";"NE_0001";"NE_0001";"NE_0001";"NE_0001";"NE_0001";"NE_0001"
"2023";"03";"040414";"AREQUIPA";"CASTILLA";"VIRACO";"GOBIERNO REGIONAL";"I-3";"00001386";"CENTRO DE SALUD VIRACO";"NE_0001";"";"NE_0001";"NE_0001";"NE_0001";"NE_0001";"NE_0001";"NE_0001";"NE_0001"
"2023";"03";"180101";"MOQUEGUA";"MARISCAL NIETO";"MOQUEGUA";"GOBIERNO REGIONAL";"II-2";"00007732";"HOSPITAL REGIONAL DE MOQUEGUA";"241400";"HOSPITALIZACIÓN QUIRÚRGICA GINECO - OBSTETRICIA ";"167";"158";"398";"410";"28";"771";"0"
"2023";"03";"180101";"MOQUEGUA";"MARISCAL NIETO";"MOQUEGUA";"GOBIERNO REGIONAL";"II-2";"00007732";"HOSPITAL REGIONAL DE MOQUEGUA";"241200";"HOSPITALIZACIÓN QUIRÚRGICA TRAUMATOLOGÍA Y ORTOPEDIA ";"56";"54";"416";"402";"12";"435";"0"
"2023";"03";"180101";"MOQUEGUA";"MARISCAL NIETO";"MOQUEGUA";"GOBIERNO REGIONAL";"II-2";"00007732";"HOSPITAL REGIONAL DE MOQUEGUA";"240100";"HOSPITALIZACIÓN QUIRÚRGICA CIRUGÍA GENERAL ";"58";"60";"340";"290";"9";"305";"0"
"2023";"03";"180101";"MOQUEGUA";"MARISCAL NIETO";"MOQUEGUA";"GOBIERNO REGIONAL";"II-2";"00007732";"HOSPITAL REGIONAL DE MOQUEGUA";"242500";"HOSPITALIZACIÓN-PEDIATRÍA GENERAL-";"30";"30";"113";"180";"10";"301";"0"
"2023";"03";"180101";"MOQUEGUA";"MARISCAL NIETO";"MOQUEGUA";"GOBIERNO REGIONAL";"II-2";"00007732";"HOSPITAL REGIONAL DE MOQUEGUA";"243200";"HOSPITALIZACIÓN DE PEDIATRÍA PEDIATRIA NEONATOLOGÍA";"18";"13";"77";"77";"8";"248";"0"
"2023";"03";"180101";"MOQUEGUA";"MARISCAL NIETO";"MOQUEGUA";"GOBIERNO REGIONAL";"II-2";"00007732";"HOSPITAL REGIONAL DE MOQUEGUA";"241800";"HOSPITALIZACIÓN DE MEDICINA MEDICINA GENERAL ";"47";"45";"470";"518";"16";"534";"4"
"2023";"03";"180101";"MOQUEGUA";"MARISCAL NIETO";"MOQUEGUA";"GOBIERNO REGIONAL";"II-2";"00007732";"HOSPITAL REGIONAL DE MOQUEGUA";"250200";"UNIDAD DE CUIDADOS CRITICOS UNIDAD DE CUIDADOS INTERMEDIOS GENERAL  (UCIN) ";"17";"20";"261";"200";"7";"248";"6"
"2023";"03";"180101";"MOQUEGUA";"MARISCAL NIETO";"MOQUEGUA";"GOBIERNO REGIONAL";"II-2";"00007732";"HOSPITAL REGIONAL DE MOQUEGUA";"242200";"HOSPITALIZACIÓN DE MEDICINA PSIQUIATRÍA ";"11";"11";"200";"139";"5";"217";"0"
"2023";"02";"250102";"UCAYALI";"CORONEL PORTILLO";"CAMPOVERDE";"GOBIERNO REGIONAL";"I-1";"00025879";"PUESTO DE SALUD AMAKELLA";"NE_0001";"";"NE_0001";"NE_0001";"NE_0001";"NE_0001";"NE_0001";"NE_0001";"NE_0001"
"2023";"02";"250102";"UCAYALI";"CORONEL PORTILLO";"CAMPOVERDE";"GOBIERNO REGIONAL";"I-1";"00021550";"ALTO 9 DE FEBRERO";"NE_0001";"";"NE_0001";"NE_0001";"NE_0001";"NE_0001";"NE_0001";"NE_0001";"NE_0001"
"2023";"02";"250102";"UCAYALI";"CORONEL PORTILLO";"CAMPOVERDE";"GOBIERNO REGIONAL";"I-1";"00012260";"TIERRA BUENA";"NE_0001";"";"NE_0001";"NE_0001";"NE_0001";"NE_0001";"NE_0001";"NE_0001";"NE_0001"
"2023";"02";"250102";"UCAYALI";"CORONEL PORTILLO";"CAMPOVERDE";"GOBIERNO REGIONAL";"I-1";"00011909";"NUEVA TUNUYA";"NE_0001";"";"NE_0001";"NE_0001";"NE_0001";"NE_0001";"NE_0001";"NE_0001";"NE_0001"
"2023";"02";"250102";"UCAYALI";"CORONEL PORTILLO";"CAMPOVERDE";"GOBIERNO REGIONAL";"I-1";"00011626";"NUEVA ESPERANZA";"NE_0001";"";"NE_0001";"NE_0001";"NE_0001";"NE_0001";"NE_0001";"NE_0001";"NE_0001"
"2023";"02";"250102";"UCAYALI";"CORONEL PORTILLO";"CAMPOVERDE";"GOBIERNO REGIONAL";"I-2";"00007081";"LA MERCED DE NESHUYA";"NE_0001";"";"NE_0001";"NE_0001";"NE_0001";"NE_0001";"NE_0001";"NE_0001";"NE_0001"
"2023";"02";"250102";"UCAYALI";"CORONEL PORTILLO";"CAMPOVERDE";"GOBIERNO REGIONAL";"I-1";"00007080";"YERBAS BUENAS";"NE_0001";"";"NE_0001";"NE_0001";"NE_0001";"NE_0001";"NE_0001";"NE_0001";"NE_0001"
"2023";"02";"250102";"UCAYALI";"CORONEL PORTILLO";"CAMPOVERDE";"GOBIERNO REGIONAL";"I-1";"00005441";"SEÑOR DE LOS MILAGROS KM 24";"NE_0001";"";"NE_0001";"NE_0001";"NE_0001";"NE_0001";"NE_0001";"NE_0001";"NE_0001"
"2023";"02";"250102";"UCAYALI";"CORONEL PORTILLO";"CAMPOVERDE";"GOBIERNO REGIONAL";"I-1";"00005440";"LOS PINOS";"NE_0001";"";"NE_0001";"NE_0001";"NE_0001";"NE_0001";"NE_0001";"NE_0001";"NE_0001"
"2023";"02";"250102";"UCAYALI";"CORONEL PORTILLO";"CAMPOVERDE";"GOBIERNO REGIONAL";"I-1";"00005439";"SAN PEDRO KM 47";"NE_0001";"";"NE_0001";"NE_0001";"NE_0001";"NE_0001";"NE_0001";"NE_0001";"NE_0001"
"2023";"02";"250102";"UCAYALI";"CORONEL PORTILLO";"CAMPOVERDE";"GOBIERNO REGIONAL";"I-1";"00005437";"ANTONIO RAYMONDI";"NE_0001";"";"NE_0001";"NE_0001";"NE_0001";"NE_0001";"NE_0001";"NE_0001";"NE_0001"
"2023";"02";"250102";"UCAYALI";"CORONEL PORTILLO";"CAMPOVERDE";"GOBIERNO REGIONAL";"I-1";"00005436";"LA VICTORIA";"NE_0001";"";"NE_0001";"NE_0001";"NE_0001";"NE_0001";"NE_0001";"NE_0001";"NE_0001"
"2023";"02";"250102";"UCAYALI";"CORONEL PORTILLO";"CAMPOVERDE";"GOBIERNO REGIONAL";"I-1";"00005435";"EL PORVENIR KM 25";"NE_0001";"";"NE_0001";"NE_0001";"NE_0001";"NE_0001";"NE_0001";"NE_0001";"NE_0001"
"2023";"02";"250102";"UCAYALI";"CORONEL PORTILLO";"CAMPOVERDE";"GOBIERNO REGIONAL";"I-1";"00005434";"PUESTO DE SALUD  ALTO MANANTAY";"NE_0001";"";"NE_0001";"NE_0001";"NE_0001";"NE_0001";"NE_0001";"NE_0001";"NE_0001"
"2023";"02";"250102";"UCAYALI";"CORONEL PORTILLO";"CAMPOVERDE";"GOBIERNO REGIONAL";"I-1";"00005433";"P.S  LAS MERCEDES KM. 42";"NE_0001";"";"NE_0001";"NE_0001";"NE_0001";"NE_0001";"NE_0001";"NE_0001";"NE_0001"
"2023";"02";"250102";"UCAYALI";"CORONEL PORTILLO";"CAMPOVERDE";"GOBIERNO REGIONAL";"I-2";"00005432";"PIMENTAL";"NE_0001";"";"NE_0001";"NE_0001";"NE_0001";"NE_0001";"NE_0001";"NE_0001";"NE_0001"
"2023";"02";"250102";"UCAYALI";"CORONEL PORTILLO";"CAMPOVERDE";"GOBIERNO REGIONAL";"I-1";"00005431";"SANTA ROSA KM. 50 CFB";"NE_0001";"";"NE_0001";"NE_0001";"NE_0001";"NE_0001";"NE_0001";"NE_0001";"NE_0001"
"2023";"02";"250102";"UCAYALI";"CORONEL PORTILLO";"CAMPOVERDE";"GOBIERNO REGIONAL";"I-1";"00005430";"SAN JOSE KM 26";"NE_0001";"";"NE_0001";"NE_0001";"NE_0001";"NE_0001";"NE_0001";"NE_0001";"NE_0001"
"2023";"02";"250102";"UCAYALI";"CORONEL PORTILLO";"CAMPOVERDE";"GOBIERNO REGIONAL";"I-1";"00005429";"AGUA BLANCA";"NE_0001";"";"NE_0001";"NE_0001";"NE_0001";"NE_0001";"NE_0001";"NE_0001";"NE_0001"
"2023";"02";"250102";"UCAYALI";"CORONEL PORTILLO";"CAMPOVERDE";"GOBIERNO REGIONAL";"I-1";"00005428";"SAN MARTIN DE MOJARAL";"NE_0001";"";"NE_0001";"NE_0001";"NE_0001";"NE_0001";"NE_0001";"NE_0001";"NE_0001"
"2023";"02";"250102";"UCAYALI";"CORONEL PORTILLO";"CAMPOVERDE";"GOBIERNO REGIONAL";"I-1";"00005427";"PUEBLO LIBRE";"NE_0001";"";"NE_0001";"NE_0001";"NE_0001";"NE_0001";"NE_0001";"NE_0001";"NE_0001"
"2023";"02";"250102";"UCAYALI";"CORONEL PORTILLO";"CAMPOVERDE";"GOBIERNO REGIONAL";"I-3";"00005426";"CAMPO VERDE";"NE_0001";"";"NE_0001";"NE_0001";"NE_0001";"NE_0001";"NE_0001";"NE_0001";"NE_0001"
"2023";"04";"060607";"CAJAMARCA";"CUTERVO";"QUEROCOTILLO";"GOBIERNO REGIONAL";"I-3";"00004968";"SILLANGATE";"NE_0001";"";"NE_0001";"NE_0001";"NE_0001";"NE_0001";"NE_0001";"NE_0001";"NE_0001"
"2023";"04";"060607";"CAJAMARCA";"CUTERVO";"QUEROCOTILLO";"GOBIERNO REGIONAL";"I-1";"00005011";"PARIC";"NE_0001";"";"NE_0001";"NE_0001";"NE_0001";"NE_0001";"NE_0001";"NE_0001";"NE_0001"
"2023";"04";"060607";"CAJAMARCA";"CUTERVO";"QUEROCOTILLO";"GOBIERNO REGIONAL";"I-1";"00006943";"BALCONCILLO";"NE_0001";"";"NE_0001";"NE_0001";"NE_0001";"NE_0001";"NE_0001";"NE_0001";"NE_0001"
"2023";"04";"060607";"CAJAMARCA";"CUTERVO";"QUEROCOTILLO";"GOBIERNO REGIONAL";"I-2";"00005007";"SANTA ROSA DE QUEROCOTILLO";"NE_0001";"";"NE_0001";"NE_0001";"NE_0001";"NE_0001";"NE_0001";"NE_0001";"NE_0001"
"2023";"04";"060607";"CAJAMARCA";"CUTERVO";"QUEROCOTILLO";"GOBIERNO REGIONAL";"I-1";"00006869";"LAS DELICIAS";"NE_0001";"";"NE_0001";"NE_0001";"NE_0001";"NE_0001";"NE_0001";"NE_0001";"NE_0001"
"2023";"04";"060607";"CAJAMARCA";"CUTERVO";"QUEROCOTILLO";"GOBIERNO REGIONAL";"I-1";"00007753";"BARBASCO";"NE_0001";"";"NE_0001";"NE_0001";"NE_0001";"NE_0001";"NE_0001";"NE_0001";"NE_0001"
"2023";"04";"060607";"CAJAMARCA";"CUTERVO";"QUEROCOTILLO";"GOBIERNO REGIONAL";"I-3";"00005006";"QUEROCOTILLO";"NE_0001";"";"NE_0001";"NE_0001";"NE_0001";"NE_0001";"NE_0001";"NE_0001";"NE_0001"
"2023";"04";"060607";"CAJAMARCA";"CUTERVO";"QUEROCOTILLO";"GOBIERNO REGIONAL";"I-2";"00005010";"INGUER";"NE_0001";"";"NE_0001";"NE_0001";"NE_0001";"NE_0001";"NE_0001";"NE_0001";"NE_0001"
"2023";"04";"060607";"CAJAMARCA";"CUTERVO";"QUEROCOTILLO";"GOBIERNO REGIONAL";"I-1";"00006942";"LA SUCCHA ALTA";"NE_0001";"";"NE_0001";"NE_0001";"NE_0001";"NE_0001";"NE_0001";"NE_0001";"NE_0001"
"2023";"04";"060607";"CAJAMARCA";"CUTERVO";"QUEROCOTILLO";"GOBIERNO REGIONAL";"I-1";"00007099";"AGUA BLANCA";"NE_0001";"";"NE_0001";"NE_0001";"NE_0001";"NE_0001";"NE_0001";"NE_0001";"NE_0001"
"2023";"04";"060607";"CAJAMARCA";"CUTERVO";"QUEROCOTILLO";"GOBIERNO REGIONAL";"I-1";"00007365";"MINAS DE QUEROCOTILLO";"NE_0001";"";"NE_0001";"NE_0001";"NE_0001";"NE_0001";"NE_0001";"NE_0001";"NE_0001"
"2023";"04";"060607";"CAJAMARCA";"CUTERVO";"QUEROCOTILLO";"GOBIERNO REGIONAL";"I-1";"00007366";"EL CORRAL";"NE_0001";"";"NE_0001";"NE_0001";"NE_0001";"NE_0001";"NE_0001";"NE_0001";"NE_0001"
"2023";"04";"060607";"CAJAMARCA";"CUTERVO";"QUEROCOTILLO";"GOBIERNO REGIONAL";"I-1";"00005009";"QUIPAYUC";"NE_0001";"";"NE_0001";"NE_0001";"NE_0001";"NE_0001";"NE_0001";"NE_0001";"NE_0001"
"2023";"04";"060607";"CAJAMARCA";"CUTERVO";"QUEROCOTILLO";"GOBIERNO REGIONAL";"I-1";"00006941";"MARAYBAMBA ALTO";"NE_0001";"";"NE_0001";"NE_0001";"NE_0001";"NE_0001";"NE_0001";"NE_0001";"NE_0001"
"2023";"04";"060607";"CAJAMARCA";"CUTERVO";"QUEROCOTILLO";"GOBIERNO REGIONAL";"I-1";"00007226";"LA SUCCHA DE QUEROCOTILLO";"NE_0001";"";"NE_0001";"NE_0001";"NE_0001";"NE_0001";"NE_0001";"NE_0001";"NE_0001"
"2023";"04";"120101";"JUNIN";"HUANCAYO";"HUANCAYO";"ESSALUD";"I-3";"00012190";"CAP III MANTARO";"NE_0001";"";"NE_0001";"NE_0001";"NE_0001";"NE_0001";"NE_0001";"NE_0001";"NE_0001"
"2023";"06";"080708";"CUSCO";"CHUMBIVILCAS";"VELILLE";"GOBIERNO REGIONAL";"I-1";"00027011";"AYACCASI";"NE_0001";"";"NE_0001";"NE_0001";"NE_0001";"NE_0001";"NE_0001";"NE_0001";"NE_0001"
"2023";"06";"080708";"CUSCO";"CHUMBIVILCAS";"VELILLE";"GOBIERNO REGIONAL";"I-3";"00002409";"VELILLE";"NE_0001";"";"NE_0001";"NE_0001";"NE_0001";"NE_0001";"NE_0001";"NE_0001";"NE_0001"
"2023";"06";"080701";"CUSCO";"CHUMBIVILCAS";"SANTO TOMAS";"GOBIERNO REGIONAL";"I-1";"00030940";"ARCANGEL SAN MIGUEL DE ESQUINA CONGUNYA";"NE_0001";"";"NE_0001";"NE_0001";"NE_0001";"NE_0001";"NE_0001";"NE_0001";"NE_0001"
"2023";"06";"080708";"CUSCO";"CHUMBIVILCAS";"VELILLE";"GOBIERNO REGIONAL";"I-1";"00025371";"TUNTUMA";"NE_0001";"";"NE_0001";"NE_0001";"NE_0001";"NE_0001";"NE_0001";"NE_0001";"NE_0001"
"2023";"06";"080701";"CUSCO";"CHUMBIVILCAS";"SANTO TOMAS";"GOBIERNO REGIONAL";"I-2";"00002399";"PULPERA";"NE_0001";"";"NE_0001";"NE_0001";"NE_0001";"NE_0001";"NE_0001";"NE_0001";"NE_0001"
"2023";"06";"250101";"UCAYALI";"CORONEL PORTILLO";"CALLERIA";"PRIVADO";"II-E";"00027312";"Clínica Especializada Amazónica SAC";"240100";"HOSPITALIZACIÓN QUIRÚRGICA CIRUGÍA GENERAL ";"43";"43";"43";"43";"2";"60";"0"
"2023";"06";"150122";"LIMA";"LIMA";"MIRAFLORES";"PRIVADO";"III-1";"00019049";"AUNA CLÍNICA DELGADO";"240000";"HOSPITALIZACIÓN";"540";"776";"2902";"2967";"127";"3810";"4"
"2023";"06";"150122";"LIMA";"LIMA";"MIRAFLORES";"PRIVADO";"III-1";"00019049";"AUNA CLÍNICA DELGADO";"250100";"UNIDAD DE CUIDADOS CRITICOS UNIDAD  DE CUIDADOS INTENSIVOS GENERALES (UCI) ";"35";"8";"82";"250";"15";"450";"2"
"2023";"06";"150122";"LIMA";"LIMA";"MIRAFLORES";"PRIVADO";"III-1";"00019049";"AUNA CLÍNICA DELGADO";"250105";"UNIDAD DE CUIDADOS CRITICOS UNIDAD  DE CUIDADOS INTENSIVOS  (UCI) NEONATOLOGÍA";"4";"13";"165";"146";"10";"300";"0"
"2023";"06";"150122";"LIMA";"LIMA";"MIRAFLORES";"PRIVADO";"III-1";"00019049";"AUNA CLÍNICA DELGADO";"250108";"UNIDAD DE CUIDADOS CRITICOS UNIDAD  DE CUIDADOS INTENSIVOS  (UCI) PEDIÁTRICA";"0";"2";"11";"69";"3";"90";"0"
"2023";"06";"070103";"CALLAO";"CALLAO";"CARMEN DE LA LEGUA-REYNOSO";"GOBIERNO REGIONAL";"II-2";"00006219";"HOSPITAL SAN JOSE";"241800";"HOSPITALIZACIÓN DE MEDICINA MEDICINA GENERAL ";"64";"63";"417";"373";"21";"630";"4"
"2023";"06";"070103";"CALLAO";"CALLAO";"CARMEN DE LA LEGUA-REYNOSO";"GOBIERNO REGIONAL";"II-2";"00006219";"HOSPITAL SAN JOSE";"241600";"HOSPITALIZACIÓN QUIRÚRGICA OBSTETRICIA   ";"128";"123";"366";"374";"17";"510";"0"
"2023";"06";"070103";"CALLAO";"CALLAO";"CARMEN DE LA LEGUA-REYNOSO";"GOBIERNO REGIONAL";"II-2";"00006219";"HOSPITAL SAN JOSE";"240100";"HOSPITALIZACIÓN QUIRÚRGICA CIRUGÍA GENERAL ";"100";"99";"334";"330";"11";"330";"0"
"2023";"06";"070103";"CALLAO";"CALLAO";"CARMEN DE LA LEGUA-REYNOSO";"GOBIERNO REGIONAL";"II-2";"00006219";"HOSPITAL SAN JOSE";"242500";"HOSPITALIZACIÓN-PEDIATRÍA GENERAL-";"13";"15";"112";"95";"6";"180";"0"
"2023";"06";"070103";"CALLAO";"CALLAO";"CARMEN DE LA LEGUA-REYNOSO";"GOBIERNO REGIONAL";"II-2";"00006219";"HOSPITAL SAN JOSE";"243200";"HOSPITALIZACIÓN DE PEDIATRÍA PEDIATRIA NEONATOLOGÍA";"15";"18";"78";"66";"8";"240";"0"
"2023";"06";"070103";"CALLAO";"CALLAO";"CARMEN DE LA LEGUA-REYNOSO";"GOBIERNO REGIONAL";"II-2";"00006219";"HOSPITAL SAN JOSE";"241500";"HOSPITALIZACIÓN QUIRÚRGICA GINECOLOGÍA  ";"46";"46";"191";"180";"7";"210";"0"
"2023";"07";"180301";"MOQUEGUA";"ILO";"ILO";"SANIDAD DE LA POLICIA NACIONAL DEL PERU";"I-2";"00025870";"POSTA MEDICA POLICIAL ILO";"NE_0001";"";"NE_0001";"NE_0001";"NE_0001";"NE_0001";"NE_0001";"NE_0001";"NE_0001"
"2023";"07";"130101";"LA LIBERTAD";"TRUJILLO";"TRUJILLO";"SANIDAD DE LA POLICIA NACIONAL DEL PERU";"I-3";"00011154";"SANIDAD DE LA PNP - TRUJILLO";"NE_0001";"";"NE_0001";"NE_0001";"NE_0001";"NE_0001";"NE_0001";"NE_0001";"NE_0001"
"2023";"07";"021907";"ANCASH";"SIHUAS";"QUICHES";"GOBIERNO REGIONAL";"I-1";"00001807";"PUESTO DE SALUD JOCOSBAMBA";"241400";"HOSPITALIZACIÓN QUIRÚRGICA GINECO - OBSTETRICIA ";"1";"1";"1";"1";"1";"2";"0"
"2023";"07";"021907";"ANCASH";"SIHUAS";"QUICHES";"GOBIERNO REGIONAL";"I-3";"00001806";"CENTRO DE SALUD QUICHES";"NE_0002";"";"NE_0002";"NE_0002";"NE_0002";"NE_0002";"NE_0002";"NE_0002";"NE_0002"
"2023";"07";"060805";"CAJAMARCA";"JAEN";"HUABAL";"GOBIERNO REGIONAL";"I-1";"00013849";"SANTA ROSA DE HUABAL";"NE_0001";"";"NE_0001";"NE_0001";"NE_0001";"NE_0001";"NE_0001";"NE_0001";"NE_0001"
"2023";"07";"060805";"CAJAMARCA";"JAEN";"HUABAL";"GOBIERNO REGIONAL";"I-1";"00004243";"LA ESPERANZA";"NE_0001";"";"NE_0001";"NE_0001";"NE_0001";"NE_0001";"NE_0001";"NE_0001";"NE_0001"
"2023";"07";"060805";"CAJAMARCA";"JAEN";"HUABAL";"GOBIERNO REGIONAL";"I-1";"00016136";"CAJONES";"NE_0001";"";"NE_0001";"NE_0001";"NE_0001";"NE_0001";"NE_0001";"NE_0001";"NE_0001"
"2023";"07";"060805";"CAJAMARCA";"JAEN";"HUABAL";"GOBIERNO REGIONAL";"I-1";"00004242";"SAN FRANCISCO DE ASIS";"NE_0001";"";"NE_0001";"NE_0001";"NE_0001";"NE_0001";"NE_0001";"NE_0001";"NE_0001"
"2023";"07";"060805";"CAJAMARCA";"JAEN";"HUABAL";"GOBIERNO REGIONAL";"I-1";"00007124";"CORAZON DE JESUS";"NE_0001";"";"NE_0001";"NE_0001";"NE_0001";"NE_0001";"NE_0001";"NE_0001";"NE_0001"
"2023";"07";"060805";"CAJAMARCA";"JAEN";"HUABAL";"GOBIERNO REGIONAL";"I-2";"00007687";"HUACO";"NE_0001";"";"NE_0001";"NE_0001";"NE_0001";"NE_0001";"NE_0001";"NE_0001";"NE_0001"
"2023";"07";"060805";"CAJAMARCA";"JAEN";"HUABAL";"GOBIERNO REGIONAL";"I-3";"00004241";"HUABAL";"NE_0001";"";"NE_0001";"NE_0001";"NE_0001";"NE_0001";"NE_0001";"NE_0001";"NE_0001"
"2023";"03";"120101";"JUNIN";"HUANCAYO";"HUANCAYO";"GOBIERNO REGIONAL";"I-2";"00000730";"VILCACOTO";"NE_0001";"";"NE_0001";"NE_0001";"NE_0001";"NE_0001";"NE_0001";"NE_0001";"NE_0001"
"2023";"03";"120101";"JUNIN";"HUANCAYO";"HUANCAYO";"GOBIERNO REGIONAL";"I-2";"00000731";"PALIAN";"NE_0001";"";"NE_0001";"NE_0001";"NE_0001";"NE_0001";"NE_0001";"NE_0001";"NE_0001"
"2023";"03";"120124";"JUNIN";"HUANCAYO";"PARIAHUANCA";"GOBIERNO REGIONAL";"I-1";"00000738";"PANTY";"NE_0001";"";"NE_0001";"NE_0001";"NE_0001";"NE_0001";"NE_0001";"NE_0001";"NE_0001"
"2023";"03";"120101";"JUNIN";"HUANCAYO";"HUANCAYO";"GOBIERNO REGIONAL";"I-3";"00000728";"OCOPILLA";"NE_0001";"";"NE_0001";"NE_0001";"NE_0001";"NE_0001";"NE_0001";"NE_0001";"NE_0001"
"2023";"03";"120124";"JUNIN";"HUANCAYO";"PARIAHUANCA";"GOBIERNO REGIONAL";"I-2";"00000737";"LAMPA";"NE_0001";"";"NE_0001";"NE_0001";"NE_0001";"NE_0001";"NE_0001";"NE_0001";"NE_0001"
"2023";"03";"120124";"JUNIN";"HUANCAYO";"PARIAHUANCA";"GOBIERNO REGIONAL";"I-1";"00012471";"HUAYCHULA";"NE_0001";"";"NE_0001";"NE_0001";"NE_0001";"NE_0001";"NE_0001";"NE_0001";"NE_0001"
"2023";"03";"120101";"JUNIN";"HUANCAYO";"HUANCAYO";"GOBIERNO REGIONAL";"I-2";"00000729";"PUESTO DE SALUD UÑAS";"NE_0001";"";"NE_0001";"NE_0001";"NE_0001";"NE_0001";"NE_0001";"NE_0001";"NE_0001"
"2023";"03";"120124";"JUNIN";"HUANCAYO";"PARIAHUANCA";"GOBIERNO REGIONAL";"I-2";"00000742";"LLACSAPIRCA";"NE_0001";"";"NE_0001";"NE_0001";"NE_0001";"NE_0001";"NE_0001";"NE_0001";"NE_0001"
"2023";"03";"120124";"JUNIN";"HUANCAYO";"PARIAHUANCA";"GOBIERNO REGIONAL";"I-1";"00000743";"ROCCHAC";"NE_0001";"";"NE_0001";"NE_0001";"NE_0001";"NE_0001";"NE_0001";"NE_0001";"NE_0001"
"2023";"03";"120101";"JUNIN";"HUANCAYO";"HUANCAYO";"GOBIERNO REGIONAL";"I-1";"00015905";"ACOPALCA";"NE_0001";"";"NE_0001";"NE_0001";"NE_0001";"NE_0001";"NE_0001";"NE_0001";"NE_0001"
"2023";"03";"210701";"PUNO";"LAMPA";"LAMPA";"GOBIERNO REGIONAL";"I-4";"00003128";"ANTONIO BARRIONUEVO (LAMPA)";"240100";"HOSPITALIZACIÓN QUIRÚRGICA CIRUGÍA GENERAL ";"25";"25";"80";"1";"4";"124";"0"
"2023";"03";"210701";"PUNO";"LAMPA";"LAMPA";"GOBIERNO REGIONAL";"I-4";"00003128";"ANTONIO BARRIONUEVO (LAMPA)";"241400";"HOSPITALIZACIÓN QUIRÚRGICA GINECO - OBSTETRICIA ";"5";"5";"13";"1";"1";"31";"0"
"2023";"03";"210701";"PUNO";"LAMPA";"LAMPA";"GOBIERNO REGIONAL";"I-4";"00003128";"ANTONIO BARRIONUEVO (LAMPA)";"241500";"HOSPITALIZACIÓN QUIRÚRGICA GINECOLOGÍA  ";"11";"11";"33";"1";"3";"93";"0"
"2023";"03";"210701";"PUNO";"LAMPA";"LAMPA";"GOBIERNO REGIONAL";"I-4";"00003128";"ANTONIO BARRIONUEVO (LAMPA)";"241600";"HOSPITALIZACIÓN QUIRÚRGICA OBSTETRICIA   ";"14";"16";"28";"1";"3";"93";"0"
"2023";"03";"210701";"PUNO";"LAMPA";"LAMPA";"GOBIERNO REGIONAL";"I-4";"00003128";"ANTONIO BARRIONUEVO (LAMPA)";"241800";"HOSPITALIZACIÓN DE MEDICINA MEDICINA GENERAL ";"5";"5";"19";"1";"1";"31";"0"
"2023";"03";"210701";"PUNO";"LAMPA";"LAMPA";"GOBIERNO REGIONAL";"I-4";"00003128";"ANTONIO BARRIONUEVO (LAMPA)";"242500";"HOSPITALIZACIÓN-PEDIATRÍA GENERAL-";"1";"1";"3";"1";"1";"31";"0"
"2023";"03";"210701";"PUNO";"LAMPA";"LAMPA";"GOBIERNO REGIONAL";"I-4";"00003128";"ANTONIO BARRIONUEVO (LAMPA)";"243200";"HOSPITALIZACIÓN DE PEDIATRÍA PEDIATRIA NEONATOLOGÍA";"1";"1";"2";"1";"1";"31";"0"
"2023";"01";"060508";"CAJAMARCA";"CONTUMAZA";"YONAN";"ESSALUD";"I-2";"00010274";"POSTA MEDICA TEMBLADERA";"NE_0001";"";"NE_0001";"NE_0001";"NE_0001";"NE_0001";"NE_0001";"NE_0001";"NE_0001"
"2023";"04";"090201";"HUANCAVELICA";"ACOBAMBA";"ACOBAMBA";"GOBIERNO REGIONAL";"I-3";"00022075";"CENTRO DE SALUD MENTAL COMUNITARIO ACOBAMBA";"NE_0001";"";"NE_0001";"NE_0001";"NE_0001";"NE_0001";"NE_0001";"NE_0001";"NE_0001"
"2023";"08";"220104";"SAN MARTIN";"MOYOBAMBA";"JEPELACIO";"GOBIERNO REGIONAL";"I-1";"00007238";"PACAYPITE";"NE_0001";"";"NE_0001";"NE_0001";"NE_0001";"NE_0001";"NE_0001";"NE_0001";"NE_0001"
"2023";"08";"220104";"SAN MARTIN";"MOYOBAMBA";"JEPELACIO";"GOBIERNO REGIONAL";"I-4";"00006337";"JEPELACIO";"241400";"HOSPITALIZACIÓN QUIRÚRGICA GINECO - OBSTETRICIA ";"2";"2";"2";"2";"2";"62";"0"
"2023";"08";"220104";"SAN MARTIN";"MOYOBAMBA";"JEPELACIO";"GOBIERNO REGIONAL";"I-2";"00006339";"SHUCSHUYACU";"NE_0001";"";"NE_0001";"NE_0001";"NE_0001";"NE_0001";"NE_0001";"NE_0001";"NE_0001"
"2023";"08";"220104";"SAN MARTIN";"MOYOBAMBA";"JEPELACIO";"GOBIERNO REGIONAL";"I-1";"00006338";"CARRIZAL";"NE_0001";"";"NE_0001";"NE_0001";"NE_0001";"NE_0001";"NE_0001";"NE_0001";"NE_0001"
"2023";"08";"070101";"CALLAO";"CALLAO";"CALLAO";"GOBIERNO REGIONAL";"I-2";"00006235";"PUESTO DE SALUD MIGUEL GRAU";"NE_0001";"";"NE_0001";"NE_0001";"NE_0001";"NE_0001";"NE_0001";"NE_0001";"NE_0001"
"2023";"08";"070101";"CALLAO";"CALLAO";"CALLAO";"GOBIERNO REGIONAL";"I-2";"00006234";"PUESTO DE SALUD SANTA ROSA";"NE_0001";"";"NE_0001";"NE_0001";"NE_0001";"NE_0001";"NE_0001";"NE_0001";"NE_0001"
"2023";"08";"070101";"CALLAO";"CALLAO";"CALLAO";"GOBIERNO REGIONAL";"I-2";"00025474";"PUESTO DE SALUD JOSE OLAYA";"NE_0001";"";"NE_0001";"NE_0001";"NE_0001";"NE_0001";"NE_0001";"NE_0001";"NE_0001"
"2023";"08";"130105";"LA LIBERTAD";"TRUJILLO";"LA ESPERANZA";"ESSALUD";"II-1";"00009040";"HOSPITAL I - LA ESPERANZA";"241800";"HOSPITALIZACIÓN DE MEDICINA MEDICINA GENERAL ";"69";"72";"233";"235";"10";"310";"0"
"2023";"08";"150141";"LIMA";"LIMA";"SURQUILLO";"PRIVADO";"II-E";"00012020";"CLINICA OFTALMOLOGICA ESPECIALIZADA ÑAHUI";"NE_0001";"";"NE_0001";"NE_0001";"NE_0001";"NE_0001";"NE_0001";"NE_0001";"NE_0001"
"2023";"08";"150112";"LIMA";"LIMA";"INDEPENDENCIA";"PRIVADO";"II-2";"00010182";"CLINICA JESUS DEL NORTE";"240000";"HOSPITALIZACIÓN";"556";"561";"1470";"1960";"73";"2263";"2"
"2023";"08";"150112";"LIMA";"LIMA";"INDEPENDENCIA";"PRIVADO";"II-2";"00010182";"CLINICA JESUS DEL NORTE";"250100";"UNIDAD DE CUIDADOS CRITICOS UNIDAD  DE CUIDADOS INTENSIVOS GENERALES (UCI) ";"63";"60";"87";"139";"7";"217";"1"
"2023";"08";"130401";"LA LIBERTAD";"CHEPEN";"CHEPEN";"ESSALUD";"II-1";"00009954";"HOSPITAL I CHEPEN ESSALUD";"241900";"HOSPITALIZACIÓN DE MEDICINA MEDICINA INTERNA ";"39";"37";"152";"157";"4";"124";"3"
"2023";"08";"130401";"LA LIBERTAD";"CHEPEN";"CHEPEN";"ESSALUD";"II-1";"00009954";"HOSPITAL I CHEPEN ESSALUD";"240100";"HOSPITALIZACIÓN QUIRÚRGICA CIRUGÍA GENERAL ";"68";"27";"73";"60";"2";"62";"1"
"2023";"08";"130401";"LA LIBERTAD";"CHEPEN";"CHEPEN";"ESSALUD";"II-1";"00009954";"HOSPITAL I CHEPEN ESSALUD";"241500";"HOSPITALIZACIÓN QUIRÚRGICA GINECOLOGÍA  ";"11";"31";"46";"46";"2";"62";"0"
"2023";"08";"130401";"LA LIBERTAD";"CHEPEN";"CHEPEN";"ESSALUD";"II-1";"00009954";"HOSPITAL I CHEPEN ESSALUD";"242300";"HOSPITALIZACIÓN DE PEDIATRÍA  PEDIATRÍA  GENERAL ";"41";"10";"37";"41";"2";"62";"0"
"2023";"08";"180101";"MOQUEGUA";"MARISCAL NIETO";"MOQUEGUA";"GOBIERNO REGIONAL";"II-2";"00007732";"HOSPITAL REGIONAL DE MOQUEGUA";"241400";"HOSPITALIZACIÓN QUIRÚRGICA GINECO - OBSTETRICIA ";"143";"145";"388";"371";"25";"781";"0"
"2023";"08";"180101";"MOQUEGUA";"MARISCAL NIETO";"MOQUEGUA";"GOBIERNO REGIONAL";"II-2";"00007732";"HOSPITAL REGIONAL DE MOQUEGUA";"241200";"HOSPITALIZACIÓN QUIRÚRGICA TRAUMATOLOGÍA Y ORTOPEDIA ";"57";"52";"326";"447";"14";"447";"0"
"2023";"08";"180101";"MOQUEGUA";"MARISCAL NIETO";"MOQUEGUA";"GOBIERNO REGIONAL";"II-2";"00007732";"HOSPITAL REGIONAL DE MOQUEGUA";"240100";"HOSPITALIZACIÓN QUIRÚRGICA CIRUGÍA GENERAL ";"62";"61";"323";"291";"10";"325";"0"
"2023";"08";"180101";"MOQUEGUA";"MARISCAL NIETO";"MOQUEGUA";"GOBIERNO REGIONAL";"II-2";"00007732";"HOSPITAL REGIONAL DE MOQUEGUA";"242500";"HOSPITALIZACIÓN-PEDIATRÍA GENERAL-";"37";"37";"168";"155";"10";"309";"0"
"2023";"08";"180101";"MOQUEGUA";"MARISCAL NIETO";"MOQUEGUA";"GOBIERNO REGIONAL";"II-2";"00007732";"HOSPITAL REGIONAL DE MOQUEGUA";"243200";"HOSPITALIZACIÓN DE PEDIATRÍA PEDIATRIA NEONATOLOGÍA";"27";"26";"62";"94";"8";"248";"0"
"2023";"08";"180101";"MOQUEGUA";"MARISCAL NIETO";"MOQUEGUA";"GOBIERNO REGIONAL";"II-2";"00007732";"HOSPITAL REGIONAL DE MOQUEGUA";"241800";"HOSPITALIZACIÓN DE MEDICINA MEDICINA GENERAL ";"37";"40";"361";"283";"15";"468";"4"
"2023";"08";"180101";"MOQUEGUA";"MARISCAL NIETO";"MOQUEGUA";"GOBIERNO REGIONAL";"II-2";"00007732";"HOSPITAL REGIONAL DE MOQUEGUA";"250200";"UNIDAD DE CUIDADOS CRITICOS UNIDAD DE CUIDADOS INTERMEDIOS GENERAL  (UCIN) ";"9";"11";"147";"167";"8";"248";"3"
"2023";"08";"180101";"MOQUEGUA";"MARISCAL NIETO";"MOQUEGUA";"GOBIERNO REGIONAL";"II-2";"00007732";"HOSPITAL REGIONAL DE MOQUEGUA";"242200";"HOSPITALIZACIÓN DE MEDICINA PSIQUIATRÍA ";"14";"11";"116";"181";"7";"217";"0"
"2023";"08";"250301";"UCAYALI";"PADRE ABAD";"PADRE ABAD";"ESSALUD";"I-2";"00031880";"POSTA DE SALUD AGUAYTIA";"NE_0001";"";"NE_0001";"NE_0001";"NE_0001";"NE_0001";"NE_0001";"NE_0001";"NE_0001"
"2023";"08";"061204";"CAJAMARCA";"SAN PABLO";"TUMBADEN";"GOBIERNO REGIONAL";"I-1";"00004610";"EL REGALADO";"NE_0001";"";"NE_0001";"NE_0001";"NE_0001";"NE_0001";"NE_0001";"NE_0001";"NE_0001"
"2023";"08";"061202";"CAJAMARCA";"SAN PABLO";"SAN BERNARDINO";"GOBIERNO REGIONAL";"I-1";"00004539";"TUÑAD";"NE_0001";"";"NE_0001";"NE_0001";"NE_0001";"NE_0001";"NE_0001";"NE_0001";"NE_0001"
"2023";"08";"061203";"CAJAMARCA";"SAN PABLO";"SAN LUIS";"GOBIERNO REGIONAL";"I-1";"00004584";"PAMPA DE SAN LUIS";"NE_0001";"";"NE_0001";"NE_0001";"NE_0001";"NE_0001";"NE_0001";"NE_0001";"NE_0001"
"2023";"08";"061203";"CAJAMARCA";"SAN PABLO";"SAN LUIS";"GOBIERNO REGIONAL";"I-1";"00004585";"SAN LUIS BAJO - GRANDE";"NE_0001";"";"NE_0001";"NE_0001";"NE_0001";"NE_0001";"NE_0001";"NE_0001";"NE_0001"
"2023";"08";"061204";"CAJAMARCA";"SAN PABLO";"TUMBADEN";"GOBIERNO REGIONAL";"I-1";"00004582";"TUMBADEN ALTO";"NE_0001";"";"NE_0001";"NE_0001";"NE_0001";"NE_0001";"NE_0001";"NE_0001";"NE_0001"
"2023";"08";"061202";"CAJAMARCA";"SAN PABLO";"SAN BERNARDINO";"GOBIERNO REGIONAL";"I-2";"00004580";"SAN BERNARDINO";"NE_0001";"";"NE_0001";"NE_0001";"NE_0001";"NE_0001";"NE_0001";"NE_0001";"NE_0001"
"2023";"08";"061201";"CAJAMARCA";"SAN PABLO";"SAN PABLO";"GOBIERNO REGIONAL";"I-1";"00004586";"JANCOS";"NE_0001";"";"NE_0001";"NE_0001";"NE_0001";"NE_0001";"NE_0001";"NE_0001";"NE_0001"
"2023";"08";"061201";"CAJAMARCA";"SAN PABLO";"SAN PABLO";"GOBIERNO REGIONAL";"I-1";"00004611";"EL PATIÑO";"NE_0001";"";"NE_0001";"NE_0001";"NE_0001";"NE_0001";"NE_0001";"NE_0001";"NE_0001"
"2023";"08";"061204";"CAJAMARCA";"SAN PABLO";"TUMBADEN";"GOBIERNO REGIONAL";"I-2";"00004583";"TUMBADEN BAJO";"NE_0001";"";"NE_0001";"NE_0001";"NE_0001";"NE_0001";"NE_0001";"NE_0001";"NE_0001"
"2023";"08";"061201";"CAJAMARCA";"SAN PABLO";"SAN PABLO";"GOBIERNO REGIONAL";"I-2";"00004578";"CALLANCAS";"NE_0001";"";"NE_0001";"NE_0001";"NE_0001";"NE_0001";"NE_0001";"NE_0001";"NE_0001"
"2023";"08";"061201";"CAJAMARCA";"SAN PABLO";"SAN PABLO";"GOBIERNO REGIONAL";"I-4";"00004577";"SAN PABLO";"241800";"HOSPITALIZACIÓN DE MEDICINA MEDICINA GENERAL ";"9";"9";"28";"19";"3";"93";"0"
"2023";"08";"061201";"CAJAMARCA";"SAN PABLO";"SAN PABLO";"GOBIERNO REGIONAL";"I-4";"00004577";"SAN PABLO";"241600";"HOSPITALIZACIÓN QUIRÚRGICA OBSTETRICIA   ";"9";"9";"12";"14";"6";"186";"0"
"2023";"08";"061201";"CAJAMARCA";"SAN PABLO";"SAN PABLO";"GOBIERNO REGIONAL";"I-2";"00004581";"SANTA ROSA DE UNANCA";"NE_0001";"";"NE_0001";"NE_0001";"NE_0001";"NE_0001";"NE_0001";"NE_0001";"NE_0001"
"2023";"08";"061202";"CAJAMARCA";"SAN PABLO";"SAN BERNARDINO";"GOBIERNO REGIONAL";"I-1";"00004579";"POLAN";"NE_0001";"";"NE_0001";"NE_0001";"NE_0001";"NE_0001";"NE_0001";"NE_0001";"NE_0001"
"2023";"09";"040101";"AREQUIPA";"AREQUIPA";"AREQUIPA";"PRIVADO";"II-E";"00017588";"MELO CLINICA DE FERTILIDAD, GINECOLOGIA Y OBSTETRICIA";"241400";"HOSPITALIZACIÓN QUIRÚRGICA GINECO - OBSTETRICIA ";"9";"9";"9";"9";"4";"120";"0"
"2023";"09";"240301";"TUMBES";"ZARUMILLA";"ZARUMILLA";"ESSALUD";"I-2";"00012271";"POSTA MEDICA ZARUMILLA";"NE_0001";"";"NE_0001";"NE_0001";"NE_0001";"NE_0001";"NE_0001";"NE_0001";"NE_0001"
"2023";"09";"220102";"SAN MARTIN";"MOYOBAMBA";"CALZADA";"GOBIERNO REGIONAL";"I-1";"00006331";"SANTA ROSA BAJO TANGUMI";"NE_0002";"";"NE_0002";"NE_0002";"NE_0002";"NE_0002";"NE_0002";"NE_0002";"NE_0002"
"2023";"09";"220101";"SAN MARTIN";"MOYOBAMBA";"MOYOBAMBA";"GOBIERNO REGIONAL";"I-1";"00006330";"SANTA ROSA DE OROMINA";"NE_0002";"";"NE_0002";"NE_0002";"NE_0002";"NE_0002";"NE_0002";"NE_0002";"NE_0002"
"2023";"09";"220102";"SAN MARTIN";"MOYOBAMBA";"CALZADA";"GOBIERNO REGIONAL";"I-3";"00006326";"CALZADA";"NE_0002";"";"NE_0002";"NE_0002";"NE_0002";"NE_0002";"NE_0002";"NE_0002";"NE_0002"
"2023";"09";"220104";"SAN MARTIN";"MOYOBAMBA";"JEPELACIO";"GOBIERNO REGIONAL";"I-1";"00006329";"OCHAME";"NE_0002";"";"NE_0002";"NE_0002";"NE_0002";"NE_0002";"NE_0002";"NE_0002";"NE_0002"
"2023";"09";"220401";"SAN MARTIN";"HUALLAGA";"SAPOSOA";"ESSALUD";"I-2";"00031567";"POSTA MEDICA DE SAPOSOA - ESSALUD";"NE_0001";"";"NE_0001";"NE_0001";"NE_0001";"NE_0001";"NE_0001";"NE_0001";"NE_0001"
"2023";"09";"150801";"LIMA";"HUAURA";"HUACHO";"GOBIERNO REGIONAL";"II-2";"00007639";"HOSPITAL GENERAL DE HUACHO";"240100";"HOSPITALIZACIÓN QUIRÚRGICA CIRUGÍA GENERAL ";"76";"104";"905";"686";"40";"1200";"0"
"2023";"09";"150801";"LIMA";"HUAURA";"HUACHO";"GOBIERNO REGIONAL";"II-2";"00007639";"HOSPITAL GENERAL DE HUACHO";"241500";"HOSPITALIZACIÓN QUIRÚRGICA GINECOLOGÍA  ";"33";"37";"147";"144";"9";"270";"0"
"2023";"09";"150801";"LIMA";"HUAURA";"HUACHO";"GOBIERNO REGIONAL";"II-2";"00007639";"HOSPITAL GENERAL DE HUACHO";"241600";"HOSPITALIZACIÓN QUIRÚRGICA OBSTETRICIA   ";"302";"319";"623";"571";"28";"840";"0"
"2023";"09";"150801";"LIMA";"HUAURA";"HUACHO";"GOBIERNO REGIONAL";"II-2";"00007639";"HOSPITAL GENERAL DE HUACHO";"241800";"HOSPITALIZACIÓN DE MEDICINA MEDICINA GENERAL ";"101";"130";"1094";"905";"36";"1080";"5"
"2023";"09";"150801";"LIMA";"HUAURA";"HUACHO";"GOBIERNO REGIONAL";"II-2";"00007639";"HOSPITAL GENERAL DE HUACHO";"242500";"HOSPITALIZACIÓN-PEDIATRÍA GENERAL-";"53";"57";"235";"253";"28";"840";"0"
"2023";"09";"150801";"LIMA";"HUAURA";"HUACHO";"GOBIERNO REGIONAL";"II-2";"00007639";"HOSPITAL GENERAL DE HUACHO";"243200";"HOSPITALIZACIÓN DE PEDIATRÍA PEDIATRIA NEONATOLOGÍA";"19";"20";"82";"78";"11";"330";"0"
"2023";"09";"150801";"LIMA";"HUAURA";"HUACHO";"GOBIERNO REGIONAL";"II-2";"00007639";"HOSPITAL GENERAL DE HUACHO";"250103";"UNIDAD DE CUIDADOS CRITICOS UNIDAD  DE CUIDADOS INTENSIVOS GENERALES  (UCI) MEDICINA";"14";"19";"236";"201";"10";"300";"6"
"2023";"09";"150801";"LIMA";"HUAURA";"HUACHO";"GOBIERNO REGIONAL";"II-2";"00007639";"HOSPITAL GENERAL DE HUACHO";"250105";"UNIDAD DE CUIDADOS CRITICOS UNIDAD  DE CUIDADOS INTENSIVOS  (UCI) NEONATOLOGÍA";"3";"4";"22";"32";"4";"120";"2"
"2023";"09";"120404";"JUNIN";"JAUJA";"ATAURA";"GOBIERNO REGIONAL";"I-1";"00000367";"ATAURA";"NE_0002";"";"NE_0002";"NE_0002";"NE_0002";"NE_0002";"NE_0002";"NE_0002";"NE_0002"
"2023";"09";"120423";"JUNIN";"JAUJA";"PACCHA";"GOBIERNO REGIONAL";"I-1";"00000372";"MASAJCANCHA";"NE_0002";"";"NE_0002";"NE_0002";"NE_0002";"NE_0002";"NE_0002";"NE_0002";"NE_0002"
"2023";"09";"120430";"JUNIN";"JAUJA";"SAUSA";"GOBIERNO REGIONAL";"I-1";"00000376";"SAUSA";"NE_0002";"";"NE_0002";"NE_0002";"NE_0002";"NE_0002";"NE_0002";"NE_0002";"NE_0002"
"2023";"09";"120423";"JUNIN";"JAUJA";"PACCHA";"GOBIERNO REGIONAL";"I-1";"00000373";"PATACANCHA";"NE_0002";"";"NE_0002";"NE_0002";"NE_0002";"NE_0002";"NE_0002";"NE_0002";"NE_0002"
"2023";"09";"120434";"JUNIN";"JAUJA";"YAUYOS";"GOBIERNO REGIONAL";"I-1";"00000378";"HUANCAS";"NE_0002";"";"NE_0002";"NE_0002";"NE_0002";"NE_0002";"NE_0002";"NE_0002";"NE_0002"
"2023";"09";"120303";"JUNIN";"CHANCHAMAYO";"PICHANAQUI";"GOBIERNO REGIONAL";"I-2";"00000341";"IMPITATO CASCADA";"NE_0001";"";"NE_0001";"NE_0001";"NE_0001";"NE_0001";"NE_0001";"NE_0001";"NE_0001"
"2023";"09";"120303";"JUNIN";"CHANCHAMAYO";"PICHANAQUI";"GOBIERNO REGIONAL";"I-2";"00000352";"UNION SHIMASHIRO";"NE_0001";"";"NE_0001";"NE_0001";"NE_0001";"NE_0001";"NE_0001";"NE_0001";"NE_0001"
"2023";"09";"120303";"JUNIN";"CHANCHAMAYO";"PICHANAQUI";"GOBIERNO REGIONAL";"I-2";"00000342";"PRIMAVERA";"NE_0001";"";"NE_0001";"NE_0001";"NE_0001";"NE_0001";"NE_0001";"NE_0001";"NE_0001"
"2023";"09";"120303";"JUNIN";"CHANCHAMAYO";"PICHANAQUI";"GOBIERNO REGIONAL";"I-3";"00000344";"LAS PALMAS";"NE_0001";"";"NE_0001";"NE_0001";"NE_0001";"NE_0001";"NE_0001";"NE_0001";"NE_0001"
"2023";"03";"070106";"CALLAO";"CALLAO";"VENTANILLA";"PRIVADO";"II-E";"00009917";"CLINICA CARRION";"NE_0002";"";"NE_0002";"NE_0002";"NE_0002";"NE_0002";"NE_0002";"NE_0002";"NE_0002"
"2023";"05";"150131";"LIMA";"LIMA";"SAN ISIDRO";"PRIVADO";"II-E";"00009505";"OFTALMOSALUD";"NE_0001";"";"NE_0001";"NE_0001";"NE_0001";"NE_0001";"NE_0001";"NE_0001";"NE_0001"
"2023";"05";"040504";"AREQUIPA";"CAYLLOMA";"CALLALLI";"GOBIERNO REGIONAL";"I-2";"00001437";"PUESTO DE SALUD CHALHUANCA";"NE_0001";"";"NE_0001";"NE_0001";"NE_0001";"NE_0001";"NE_0001";"NE_0001";"NE_0001"
"2023";"05";"040517";"AREQUIPA";"CAYLLOMA";"TISCO";"GOBIERNO REGIONAL";"I-2";"00006891";"PUESTO DE SALUD TARUCAMARCA";"NE_0001";"";"NE_0001";"NE_0001";"NE_0001";"NE_0001";"NE_0001";"NE_0001";"NE_0001"
"2023";"05";"040515";"AREQUIPA";"CAYLLOMA";"SIBAYO";"GOBIERNO REGIONAL";"I-2";"00001435";"PUESTO DE SALUD SANTA ROSA DE SIBAYO";"NE_0001";"";"NE_0001";"NE_0001";"NE_0001";"NE_0001";"NE_0001";"NE_0001";"NE_0001"
"2023";"05";"040518";"AREQUIPA";"CAYLLOMA";"TUTI";"GOBIERNO REGIONAL";"I-2";"00001436";"PUESTO DE SALUD TUTI";"NE_0001";"";"NE_0001";"NE_0001";"NE_0001";"NE_0001";"NE_0001";"NE_0001";"NE_0001"
"2023";"05";"040517";"AREQUIPA";"CAYLLOMA";"TISCO";"GOBIERNO REGIONAL";"I-2";"00001438";"PUESTO DE SALUD TISCO";"NE_0001";"";"NE_0001";"NE_0001";"NE_0001";"NE_0001";"NE_0001";"NE_0001";"NE_0001"
"2023";"05";"040517";"AREQUIPA";"CAYLLOMA";"TISCO";"GOBIERNO REGIONAL";"I-2";"00001431";"PUESTO DE SALUD COTACOTA";"NE_0001";"";"NE_0001";"NE_0001";"NE_0001";"NE_0001";"NE_0001";"NE_0001";"NE_0001"
"2023";"05";"040504";"AREQUIPA";"CAYLLOMA";"CALLALLI";"GOBIERNO REGIONAL";"I-3";"00001421";"CENTRO DE SALUD CALLALLI";"NE_0001";"";"NE_0001";"NE_0001";"NE_0001";"NE_0001";"NE_0001";"NE_0001";"NE_0001"
"2023";"08";"050104";"AYACUCHO";"HUAMANGA";"CARMEN ALTO";"SANIDAD DE LA POLICIA NACIONAL DEL PERU";"I-2";"00027415";"POSTA MEDICA POLICIAL EESTP PNP AYACUCHO";"NE_0001";"";"NE_0001";"NE_0001";"NE_0001";"NE_0001";"NE_0001";"NE_0001";"NE_0001"
"2023";"08";"150101";"LIMA";"LIMA";"LIMA";"PRIVADO";"I-2";"00018921";"ARIE";"NE_0002";"";"NE_0002";"NE_0002";"NE_0002";"NE_0002";"NE_0002";"NE_0002";"NE_0002"
"2023";"08";"010201";"AMAZONAS";"BAGUA";"BAGUA";"GOBIERNO REGIONAL";"II-1";"00005044";"GUSTAVO LANATTA LUJAN";"240100";"HOSPITALIZACIÓN QUIRÚRGICA CIRUGÍA GENERAL ";"48";"48";"168";"168";"10";"310";"0"
"2023";"08";"010201";"AMAZONAS";"BAGUA";"BAGUA";"GOBIERNO REGIONAL";"II-1";"00005044";"GUSTAVO LANATTA LUJAN";"241400";"HOSPITALIZACIÓN QUIRÚRGICA GINECO - OBSTETRICIA ";"154";"154";"376";"376";"19";"589";"0"
"2023";"08";"010201";"AMAZONAS";"BAGUA";"BAGUA";"GOBIERNO REGIONAL";"II-1";"00005044";"GUSTAVO LANATTA LUJAN";"241800";"HOSPITALIZACIÓN DE MEDICINA MEDICINA GENERAL ";"45";"45";"135";"135";"29";"899";"3"
"2023";"08";"010201";"AMAZONAS";"BAGUA";"BAGUA";"GOBIERNO REGIONAL";"II-1";"00005044";"GUSTAVO LANATTA LUJAN";"242500";"HOSPITALIZACIÓN-PEDIATRÍA GENERAL-";"49";"49";"143";"143";"10";"310";"0"
"2023";"08";"010201";"AMAZONAS";"BAGUA";"BAGUA";"GOBIERNO REGIONAL";"II-1";"00005044";"GUSTAVO LANATTA LUJAN";"243200";"HOSPITALIZACIÓN DE PEDIATRÍA PEDIATRIA NEONATOLOGÍA";"23";"23";"75";"75";"9";"279";"2"
"2023";"08";"010201";"AMAZONAS";"BAGUA";"BAGUA";"GOBIERNO REGIONAL";"II-1";"00005044";"GUSTAVO LANATTA LUJAN";"250103";"UNIDAD DE CUIDADOS CRITICOS UNIDAD  DE CUIDADOS INTENSIVOS GENERALES  (UCI) MEDICINA";"7";"7";"92";"92";"7";"217";"1"
"2023";"08";"010201";"AMAZONAS";"BAGUA";"BAGUA";"GOBIERNO REGIONAL";"II-1";"00005044";"GUSTAVO LANATTA LUJAN";"250304";"HOSPIT. EN UNIDAD DE CUID.INTEN.-UNIDAD DE VIGILANCIA INTENSIVA (UVI)-MEDICINA";"20";"20";"77";"77";"6";"186";"0"
"2023";"08";"180201";"MOQUEGUA";"GENERAL SANCHEZ CERRO";"OMATE";"ESSALUD";"I-2";"00026055";"POSTA MEDICA OMATE";"NE_0001";"";"NE_0001";"NE_0001";"NE_0001";"NE_0001";"NE_0001";"NE_0001";"NE_0001"
"2023";"08";"210402";"PUNO";"CHUCUITO";"DESAGUADERO";"ESSALUD";"I-3";"00009221";"CENTRO DE ATENCION PRIMARIA I DESAGUADERO";"NE_0001";"";"NE_0001";"NE_0001";"NE_0001";"NE_0001";"NE_0001";"NE_0001";"NE_0001"
"2023";"08";"210101";"PUNO";"PUNO";"PUNO";"ESSALUD";"II-E";"00032596";"HOSPITAL I CLINICA UNIVERSITARIA";"240000";"HOSPITALIZACIÓN";"28";"29";"229";"232";"8";"248";"0"
"2023";"08";"220901";"SAN MARTIN";"SAN MARTIN";"TARAPOTO";"ESSALUD";"I-2";"00027727";"CENTRO DE ATENCIÓN PRIMARIA METROPOLITANO - ESSALUD";"NE_0001";"";"NE_0001";"NE_0001";"NE_0001";"NE_0001";"NE_0001";"NE_0001";"NE_0001"
"2023";"08";"040702";"AREQUIPA";"ISLAY";"COCACHACRA";"ESSALUD";"I-2";"00026367";"POSTA MEDICA CHUCARAPI";"NE_0001";"";"NE_0001";"NE_0001";"NE_0001";"NE_0001";"NE_0001";"NE_0001";"NE_0001"
"2023";"08";"210401";"PUNO";"CHUCUITO";"JULI";"ESSALUD";"I-3";"00009222";"ESSALUD JULI";"NE_0001";"";"NE_0001";"NE_0001";"NE_0001";"NE_0001";"NE_0001";"NE_0001";"NE_0001"
"2023";"08";"220101";"SAN MARTIN";"MOYOBAMBA";"MOYOBAMBA";"GOBIERNO REGIONAL";"I-1";"00006293";"RAFAEL BELAUNDE";"NE_0001";"";"NE_0001";"NE_0001";"NE_0001";"NE_0001";"NE_0001";"NE_0001";"NE_0001"
"2023";"08";"220802";"SAN MARTIN";"RIOJA";"AWAJUN";"GOBIERNO REGIONAL";"I-3";"00006297";"BAJO NARANJILLO";"241600";"HOSPITALIZACIÓN QUIRÚRGICA OBSTETRICIA   ";"8";"8";"8";"8";"3";"93";"0"
"2023";"08";"220101";"SAN MARTIN";"MOYOBAMBA";"MOYOBAMBA";"GOBIERNO REGIONAL";"I-1";"00006292";"IMPERIO DE CACHIYACU";"NE_0001";"";"NE_0001";"NE_0001";"NE_0001";"NE_0001";"NE_0001";"NE_0001";"NE_0001"
"2023";"08";"220101";"SAN MARTIN";"MOYOBAMBA";"MOYOBAMBA";"GOBIERNO REGIONAL";"I-1";"00006296";"SAN JOSE DE ALTO MAYO";"NE_0001";"";"NE_0001";"NE_0001";"NE_0001";"NE_0001";"NE_0001";"NE_0001";"NE_0001"
"2023";"08";"220802";"SAN MARTIN";"RIOJA";"AWAJUN";"GOBIERNO REGIONAL";"I-1";"00006298";"SAN FRANCISCO ALTO MAYO";"NE_0001";"";"NE_0001";"NE_0001";"NE_0001";"NE_0001";"NE_0001";"NE_0001";"NE_0001"
"2023";"08";"220804";"SAN MARTIN";"RIOJA";"NUEVA CAJAMARCA";"GOBIERNO REGIONAL";"I-1";"00006302";"TUPAC AMARU";"NE_0001";"";"NE_0001";"NE_0001";"NE_0001";"NE_0001";"NE_0001";"NE_0001";"NE_0001"
"2023";"08";"220804";"SAN MARTIN";"RIOJA";"NUEVA CAJAMARCA";"GOBIERNO REGIONAL";"I-2";"00006301";"NARANJILLO";"NE_0001";"";"NE_0001";"NE_0001";"NE_0001";"NE_0001";"NE_0001";"NE_0001";"NE_0001"
"2023";"08";"220802";"SAN MARTIN";"RIOJA";"AWAJUN";"GOBIERNO REGIONAL";"I-1";"00009075";"NUEVA SANTA CRUZ";"NE_0001";"";"NE_0001";"NE_0001";"NE_0001";"NE_0001";"NE_0001";"NE_0001";"NE_0001"
"2023";"08";"150135";"LIMA";"LIMA";"SAN MARTIN DE PORRES";"MINSA";"III-1";"00007633";"HOSPITAL NACIONAL CAYETANO HEREDIA";"241900";"HOSPITALIZACIÓN DE MEDICINA MEDICINA INTERNA ";"180";"169";"3291";"2318";"79";"2449";"19"
"2023";"08";"150135";"LIMA";"LIMA";"SAN MARTIN DE PORRES";"MINSA";"III-1";"00007633";"HOSPITAL NACIONAL CAYETANO HEREDIA";"245300";"HOSPITALIZACIÓN DE MEDICINA NEUMOLOGÍA  ";"27";"25";"397";"601";"20";"620";"1"
"2023";"08";"150135";"LIMA";"LIMA";"SAN MARTIN DE PORRES";"MINSA";"III-1";"00007633";"HOSPITAL NACIONAL CAYETANO HEREDIA";"242000";"HOSPITALIZACIÓN DE MEDICINA MEDICINA TROPICAL E INFECCIOSAS ";"69";"65";"1363";"1013";"35";"1071";"5"
"2023";"08";"150135";"LIMA";"LIMA";"SAN MARTIN DE PORRES";"MINSA";"III-1";"00007633";"HOSPITAL NACIONAL CAYETANO HEREDIA";"240100";"HOSPITALIZACIÓN QUIRÚRGICA CIRUGÍA GENERAL ";"263";"256";"2173";"1765";"62";"1922";"5"
"2023";"08";"150135";"LIMA";"LIMA";"SAN MARTIN DE PORRES";"MINSA";"III-1";"00007633";"HOSPITAL NACIONAL CAYETANO HEREDIA";"240500";"HOSPITALIZACIÓN QUIRÚRGICA CIRUGÍA DE TRANSPLANTES ";"15";"12";"164";"207";"7";"217";"0"
"2023";"08";"150135";"LIMA";"LIMA";"SAN MARTIN DE PORRES";"MINSA";"III-1";"00007633";"HOSPITAL NACIONAL CAYETANO HEREDIA";"241200";"HOSPITALIZACIÓN QUIRÚRGICA TRAUMATOLOGÍA Y ORTOPEDIA ";"118";"95";"1545";"1737";"59";"1829";"1"
"2023";"08";"150135";"LIMA";"LIMA";"SAN MARTIN DE PORRES";"MINSA";"III-1";"00007633";"HOSPITAL NACIONAL CAYETANO HEREDIA";"242300";"HOSPITALIZACIÓN DE PEDIATRÍA  PEDIATRÍA  GENERAL ";"177";"185";"1161";"1038";"38";"1178";"1"
"2023";"08";"150135";"LIMA";"LIMA";"SAN MARTIN DE PORRES";"MINSA";"III-1";"00007633";"HOSPITAL NACIONAL CAYETANO HEREDIA";"241500";"HOSPITALIZACIÓN QUIRÚRGICA GINECOLOGÍA  ";"168";"158";"585";"621";"22";"682";"1"
"2023";"08";"150135";"LIMA";"LIMA";"SAN MARTIN DE PORRES";"MINSA";"III-1";"00007633";"HOSPITAL NACIONAL CAYETANO HEREDIA";"241600";"HOSPITALIZACIÓN QUIRÚRGICA OBSTETRICIA   ";"342";"359";"1294";"981";"34";"1054";"0"
"2023";"08";"021201";"ANCASH";"HUAYLAS";"CARAZ";"GOBIERNO REGIONAL";"II-1";"00001587";"HOSPITAL DE APOYO CARAZ";"241800";"HOSPITALIZACIÓN DE MEDICINA MEDICINA GENERAL ";"16";"17";"130";"125";"16";"496";"0"
"2023";"08";"021201";"ANCASH";"HUAYLAS";"CARAZ";"GOBIERNO REGIONAL";"II-1";"00001587";"HOSPITAL DE APOYO CARAZ";"240100";"HOSPITALIZACIÓN QUIRÚRGICA CIRUGÍA GENERAL ";"21";"26";"96";"79";"6";"186";"0"
"2023";"08";"021201";"ANCASH";"HUAYLAS";"CARAZ";"GOBIERNO REGIONAL";"II-1";"00001587";"HOSPITAL DE APOYO CARAZ";"242500";"HOSPITALIZACIÓN-PEDIATRÍA GENERAL-";"18";"18";"73";"76";"9";"279";"1"
"2023";"08";"021201";"ANCASH";"HUAYLAS";"CARAZ";"GOBIERNO REGIONAL";"II-1";"00001587";"HOSPITAL DE APOYO CARAZ";"241500";"HOSPITALIZACIÓN QUIRÚRGICA GINECOLOGÍA  ";"43";"44";"62";"69";"6";"186";"0"
"2023";"08";"021201";"ANCASH";"HUAYLAS";"CARAZ";"GOBIERNO REGIONAL";"II-1";"00001587";"HOSPITAL DE APOYO CARAZ";"241500";"HOSPITALIZACIÓN QUIRÚRGICA GINECOLOGÍA  ";"71";"69";"130";"153";"6";"186";"0"
"2023";"08";"120303";"JUNIN";"CHANCHAMAYO";"PICHANAQUI";"GOBIERNO REGIONAL";"II-1";"00000340";"HOSPITAL DE APOYO PICHANAKI";"241800";"HOSPITALIZACIÓN DE MEDICINA MEDICINA GENERAL ";"57";"56";"248";"248";"9";"279";"2"
"2023";"08";"120303";"JUNIN";"CHANCHAMAYO";"PICHANAQUI";"GOBIERNO REGIONAL";"II-1";"00000340";"HOSPITAL DE APOYO PICHANAKI";"240100";"HOSPITALIZACIÓN QUIRÚRGICA CIRUGÍA GENERAL ";"32";"35";"146";"146";"5";"155";"0"
"2023";"08";"120303";"JUNIN";"CHANCHAMAYO";"PICHANAQUI";"GOBIERNO REGIONAL";"II-1";"00000340";"HOSPITAL DE APOYO PICHANAKI";"241200";"HOSPITALIZACIÓN QUIRÚRGICA TRAUMATOLOGÍA Y ORTOPEDIA ";"10";"8";"31";"31";"2";"62";"0"
"2023";"08";"120303";"JUNIN";"CHANCHAMAYO";"PICHANAQUI";"GOBIERNO REGIONAL";"II-1";"00000340";"HOSPITAL DE APOYO PICHANAKI";"242500";"HOSPITALIZACIÓN-PEDIATRÍA GENERAL-";"32";"34";"122";"122";"4";"124";"0"
"2023";"08";"120303";"JUNIN";"CHANCHAMAYO";"PICHANAQUI";"GOBIERNO REGIONAL";"II-1";"00000340";"HOSPITAL DE APOYO PICHANAKI";"241600";"HOSPITALIZACIÓN QUIRÚRGICA OBSTETRICIA   ";"108";"102";"206";"206";"12";"372";"0"
"2023";"08";"120303";"JUNIN";"CHANCHAMAYO";"PICHANAQUI";"GOBIERNO REGIONAL";"II-1";"00000340";"HOSPITAL DE APOYO PICHANAKI";"241400";"HOSPITALIZACIÓN QUIRÚRGICA GINECO - OBSTETRICIA ";"45";"48";"104";"104";"10";"310";"0"
"2023";"08";"211301";"PUNO";"YUNGUYO";"YUNGUYO";"GOBIERNO REGIONAL";"II-1";"00003349";"YUNGUYO";"240100";"HOSPITALIZACIÓN QUIRÚRGICA CIRUGÍA GENERAL ";"27";"27";"79";"79";"4";"124";"0"
"2023";"08";"211301";"PUNO";"YUNGUYO";"YUNGUYO";"GOBIERNO REGIONAL";"II-1";"00003349";"YUNGUYO";"241400";"HOSPITALIZACIÓN QUIRÚRGICA GINECO - OBSTETRICIA ";"29";"29";"62";"62";"4";"124";"0"
"2023";"08";"211301";"PUNO";"YUNGUYO";"YUNGUYO";"GOBIERNO REGIONAL";"II-1";"00003349";"YUNGUYO";"241600";"HOSPITALIZACIÓN QUIRÚRGICA OBSTETRICIA   ";"11";"11";"17";"17";"7";"217";"0"
"2023";"08";"211301";"PUNO";"YUNGUYO";"YUNGUYO";"GOBIERNO REGIONAL";"II-1";"00003349";"YUNGUYO";"241800";"HOSPITALIZACIÓN DE MEDICINA MEDICINA GENERAL ";"18";"24";"88";"88";"12";"372";"1"
"2023";"08";"211301";"PUNO";"YUNGUYO";"YUNGUYO";"GOBIERNO REGIONAL";"II-1";"00003349";"YUNGUYO";"242500";"HOSPITALIZACIÓN-PEDIATRÍA GENERAL-";"4";"4";"18";"18";"4";"124";"0"
"2023";"08";"100301";"HUANUCO";"DOS DE MAYO";"LA UNION";"ESSALUD";"I-3";"00027084";"POSTA MEDICA LA UNION";"NE_0001";"";"NE_0001";"NE_0001";"NE_0001";"NE_0001";"NE_0001";"NE_0001";"NE_0001"
"2023";"09";"150101";"LIMA";"LIMA";"LIMA";"PRIVADO";"II-2";"00008281";"CLINICA MAISON DE SANTE  DE LIMA";"240000";"HOSPITALIZACIÓN";"75";"79";"266";"172";"20";"600";"0"
"2023";"09";"150101";"LIMA";"LIMA";"LIMA";"PRIVADO";"II-2";"00008281";"CLINICA MAISON DE SANTE  DE LIMA";"250100";"UNIDAD DE CUIDADOS CRITICOS UNIDAD  DE CUIDADOS INTENSIVOS GENERALES (UCI) ";"8";"6";"21";"30";"8";"240";"1"
"2023";"09";"150130";"LIMA";"LIMA";"SAN BORJA";"PRIVADO";"III-1";"00009886";"CLINICA SAN BORJA";"240000";"HOSPITALIZACIÓN";"474";"513";"2023";"67";"81";"2430";"6"
"2023";"09";"150130";"LIMA";"LIMA";"SAN BORJA";"PRIVADO";"III-1";"00009886";"CLINICA SAN BORJA";"240500";"HOSPITALIZACIÓN QUIRÚRGICA CIRUGÍA DE TRANSPLANTES ";"2";"3";"43";"1";"4";"120";"0"
"2023";"09";"150130";"LIMA";"LIMA";"SAN BORJA";"PRIVADO";"III-1";"00009886";"CLINICA SAN BORJA";"250105";"UNIDAD DE CUIDADOS CRITICOS UNIDAD  DE CUIDADOS INTENSIVOS  (UCI) NEONATOLOGÍA";"8";"10";"56";"2";"4";"120";"0"
"2023";"09";"150130";"LIMA";"LIMA";"SAN BORJA";"PRIVADO";"III-1";"00009886";"CLINICA SAN BORJA";"250306";"HOSPIT. EN UNIDAD DE CUID.INTEN.-UNIDAD DE VIGILANCIA INTENSIVA (UVI)-PEDIATRÍA";"68";"36";"76";"3";"4";"120";"0"
"2023";"09";"150130";"LIMA";"LIMA";"SAN BORJA";"PRIVADO";"III-1";"00009886";"CLINICA SAN BORJA";"250100";"UNIDAD DE CUIDADOS CRITICOS UNIDAD  DE CUIDADOS INTENSIVOS GENERALES (UCI) ";"8";"2";"389";"13";"21";"630";"2"
"2023";"09";"120701";"JUNIN";"TARMA";"TARMA";"GOBIERNO REGIONAL";"I-1";"00000585";"COCHAS";"NE_0001";"";"NE_0001";"NE_0001";"NE_0001";"NE_0001";"NE_0001";"NE_0001";"NE_0001"
"2023";"09";"120701";"JUNIN";"TARMA";"TARMA";"GOBIERNO REGIONAL";"I-1";"00000592";"PALCAPACCHA";"NE_0001";"";"NE_0001";"NE_0001";"NE_0001";"NE_0001";"NE_0001";"NE_0001";"NE_0001"
"2023";"09";"120701";"JUNIN";"TARMA";"TARMA";"GOBIERNO REGIONAL";"I-2";"00000587";"POMACHACA";"NE_0001";"";"NE_0001";"NE_0001";"NE_0001";"NE_0001";"NE_0001";"NE_0001";"NE_0001"
"2023";"09";"120701";"JUNIN";"TARMA";"TARMA";"GOBIERNO REGIONAL";"I-1";"00000588";"MULLUCRO";"NE_0001";"";"NE_0001";"NE_0001";"NE_0001";"NE_0001";"NE_0001";"NE_0001";"NE_0001"
"2023";"09";"120906";"JUNIN";"CHUPACA";"SAN JUAN DE YSCOS";"GOBIERNO REGIONAL";"I-1";"00000658";"TINYARI GRANDE";"NE_0001";"";"NE_0001";"NE_0001";"NE_0001";"NE_0001";"NE_0001";"NE_0001";"NE_0001"
"2023";"09";"120905";"JUNIN";"CHUPACA";"HUAMANCACA CHICO";"GOBIERNO REGIONAL";"I-2";"00000655";"HUAMANCACA CHICO";"NE_0001";"";"NE_0001";"NE_0001";"NE_0001";"NE_0001";"NE_0001";"NE_0001";"NE_0001"
"2023";"09";"120906";"JUNIN";"CHUPACA";"SAN JUAN DE YSCOS";"GOBIERNO REGIONAL";"I-2";"00000656";"SAN JUAN DE ISCOS";"NE_0001";"";"NE_0001";"NE_0001";"NE_0001";"NE_0001";"NE_0001";"NE_0001";"NE_0001"
"2023";"09";"150122";"LIMA";"LIMA";"MIRAFLORES";"MINSA";"III-E";"00006213";"HOSPITAL DE EMERGENCIAS JOSE CASIMIRO ULLOA";"240100";"HOSPITALIZACIÓN QUIRÚRGICA CIRUGÍA GENERAL ";"86";"94";"316";"273";"26";"780";"16"
"2023";"09";"150122";"LIMA";"LIMA";"MIRAFLORES";"MINSA";"III-E";"00006213";"HOSPITAL DE EMERGENCIAS JOSE CASIMIRO ULLOA";"241800";"HOSPITALIZACIÓN DE MEDICINA MEDICINA GENERAL ";"106";"138";"1141";"499";"20";"600";"1"
"2023";"09";"150122";"LIMA";"LIMA";"MIRAFLORES";"MINSA";"III-E";"00006213";"HOSPITAL DE EMERGENCIAS JOSE CASIMIRO ULLOA";"240900";"HOSPITALIZACIÓN QUIRÚRGICA NEUROCIRUGÍA ";"8";"13";"160";"234";"11";"320";"0"
"2023";"09";"150122";"LIMA";"LIMA";"MIRAFLORES";"MINSA";"III-E";"00006213";"HOSPITAL DE EMERGENCIAS JOSE CASIMIRO ULLOA";"241200";"HOSPITALIZACIÓN QUIRÚRGICA TRAUMATOLOGÍA Y ORTOPEDIA ";"22";"27";"137";"116";"14";"420";"0"
"2023";"09";"150122";"LIMA";"LIMA";"MIRAFLORES";"MINSA";"III-E";"00006213";"HOSPITAL DE EMERGENCIAS JOSE CASIMIRO ULLOA";"250000";"UNIDAD DE CUIDADOS CRITICOS  ";"29";"27";"241";"285";"10";"300";"0"
"2023";"09";"150122";"LIMA";"LIMA";"MIRAFLORES";"MINSA";"III-E";"00006213";"HOSPITAL DE EMERGENCIAS JOSE CASIMIRO ULLOA";"250103";"UNIDAD DE CUIDADOS CRITICOS UNIDAD  DE CUIDADOS INTENSIVOS GENERALES  (UCI) MEDICINA";"19";"17";"122";"156";"6";"180";"0"
"2023";"09";"090101";"HUANCAVELICA";"HUANCAVELICA";"HUANCAVELICA";"GOBIERNO REGIONAL";"II-2";"00003853";"HOSPITAL DEPARTAMENTAL DE HUANCAVELICA";"240100";"HOSPITALIZACIÓN QUIRÚRGICA CIRUGÍA GENERAL ";"68";"68";"318";"450";"20";"600";"0"
"2023";"09";"090101";"HUANCAVELICA";"HUANCAVELICA";"HUANCAVELICA";"GOBIERNO REGIONAL";"II-2";"00003853";"HOSPITAL DEPARTAMENTAL DE HUANCAVELICA";"241200";"HOSPITALIZACIÓN QUIRÚRGICA TRAUMATOLOGÍA Y ORTOPEDIA ";"18";"18";"102";"270";"9";"270";"7"
"2023";"09";"090101";"HUANCAVELICA";"HUANCAVELICA";"HUANCAVELICA";"GOBIERNO REGIONAL";"II-2";"00003853";"HOSPITAL DEPARTAMENTAL DE HUANCAVELICA";"241400";"HOSPITALIZACIÓN QUIRÚRGICA GINECO - OBSTETRICIA ";"75";"75";"190";"420";"18";"540";"0"
"2023";"09";"090101";"HUANCAVELICA";"HUANCAVELICA";"HUANCAVELICA";"GOBIERNO REGIONAL";"II-2";"00003853";"HOSPITAL DEPARTAMENTAL DE HUANCAVELICA";"241500";"HOSPITALIZACIÓN QUIRÚRGICA GINECOLOGÍA  ";"66";"66";"137";"360";"18";"540";"0"
"2023";"09";"090101";"HUANCAVELICA";"HUANCAVELICA";"HUANCAVELICA";"GOBIERNO REGIONAL";"II-2";"00003853";"HOSPITAL DEPARTAMENTAL DE HUANCAVELICA";"241800";"HOSPITALIZACIÓN DE MEDICINA MEDICINA GENERAL ";"77";"77";"459";"240";"20";"600";"7"
"2023";"09";"090101";"HUANCAVELICA";"HUANCAVELICA";"HUANCAVELICA";"GOBIERNO REGIONAL";"II-2";"00003853";"HOSPITAL DEPARTAMENTAL DE HUANCAVELICA";"241900";"HOSPITALIZACIÓN DE MEDICINA MEDICINA INTERNA ";"1";"1";"3";"330";"20";"600";"0"
"2023";"09";"090101";"HUANCAVELICA";"HUANCAVELICA";"HUANCAVELICA";"GOBIERNO REGIONAL";"II-2";"00003853";"HOSPITAL DEPARTAMENTAL DE HUANCAVELICA";"242300";"HOSPITALIZACIÓN DE PEDIATRÍA  PEDIATRÍA  GENERAL ";"46";"46";"475";"330";"11";"330";"0"
"2023";"09";"090101";"HUANCAVELICA";"HUANCAVELICA";"HUANCAVELICA";"GOBIERNO REGIONAL";"II-2";"00003853";"HOSPITAL DEPARTAMENTAL DE HUANCAVELICA";"243200";"HOSPITALIZACIÓN DE PEDIATRÍA PEDIATRIA NEONATOLOGÍA";"67";"67";"253";"330";"16";"480";"0"
"2023";"09";"120101";"JUNIN";"HUANCAYO";"HUANCAYO";"PRIVADO";"II-1";"00008516";"CLINICA SANTO DOMINGO";"245300";"HOSPITALIZACIÓN DE MEDICINA NEUMOLOGÍA  ";"1";"1";"3";"3";"1";"31";"0"
"2023";"09";"120101";"JUNIN";"HUANCAYO";"HUANCAYO";"PRIVADO";"II-1";"00008516";"CLINICA SANTO DOMINGO";"241200";"HOSPITALIZACIÓN QUIRÚRGICA TRAUMATOLOGÍA Y ORTOPEDIA ";"6";"6";"9";"9";"1";"31";"0"
"2023";"09";"120101";"JUNIN";"HUANCAYO";"HUANCAYO";"PRIVADO";"II-1";"00008516";"CLINICA SANTO DOMINGO";"241500";"HOSPITALIZACIÓN QUIRÚRGICA GINECOLOGÍA  ";"12";"12";"21";"21";"2";"30";"0"
"2023";"09";"120101";"JUNIN";"HUANCAYO";"HUANCAYO";"PRIVADO";"II-1";"00008516";"CLINICA SANTO DOMINGO";"244200";"HOSPITALIZACIÓN DE MEDICINA ENDOCRINOLOGIA ";"2";"2";"2";"2";"1";"20";"0"
"2023";"09";"120101";"JUNIN";"HUANCAYO";"HUANCAYO";"PRIVADO";"II-1";"00008516";"CLINICA SANTO DOMINGO";"245400";"HOSPITALIZACIÓN DE MEDICINA GINECOLOGIA ";"2";"2";"3";"3";"1";"20";"0"
"2023";"09";"120101";"JUNIN";"HUANCAYO";"HUANCAYO";"PRIVADO";"II-1";"00008516";"CLINICA SANTO DOMINGO";"241300";"HOSPITALIZACIÓN QUIRÚRGICA UROLOGÍA  ";"3";"3";"3";"3";"1";"20";"0"
"2023";"09";"010701";"AMAZONAS";"UTCUBAMBA";"BAGUA GRANDE";"GOBIERNO REGIONAL";"II-1";"00005125";"HOSPITAL  SANTIAGO APOSTOL DE UTCUBAMBA";"240100";"HOSPITALIZACIÓN QUIRÚRGICA CIRUGÍA GENERAL ";"144";"143";"117";"148";"7";"217";"0"
"2023";"09";"010701";"AMAZONAS";"UTCUBAMBA";"BAGUA GRANDE";"GOBIERNO REGIONAL";"II-1";"00005125";"HOSPITAL  SANTIAGO APOSTOL DE UTCUBAMBA";"241200";"HOSPITALIZACIÓN QUIRÚRGICA TRAUMATOLOGÍA Y ORTOPEDIA ";"18";"42";"12";"29";"4";"124";"0"
"2023";"09";"010701";"AMAZONAS";"UTCUBAMBA";"BAGUA GRANDE";"GOBIERNO REGIONAL";"II-1";"00005125";"HOSPITAL  SANTIAGO APOSTOL DE UTCUBAMBA";"241400";"HOSPITALIZACIÓN QUIRÚRGICA GINECO - OBSTETRICIA ";"34";"67";"34";"61";"2";"62";"0"
"2023";"08";"022005";"ANCASH";"YUNGAY";"QUILLO";"GOBIERNO REGIONAL";"I-4";"00001738";"CENTRO DE SALUD QUILLO";"NE_0001";"";"NE_0001";"NE_0001";"NE_0001";"NE_0001";"NE_0001";"NE_0001";"NE_0001"
"2023";"08";"021103";"ANCASH";"HUARMEY";"CULEBRAS";"GOBIERNO REGIONAL";"I-2";"00001746";"PUESTO DE SALUD QUIAN";"NE_0001";"";"NE_0001";"NE_0001";"NE_0001";"NE_0001";"NE_0001";"NE_0001";"NE_0001"
"2023";"08";"150810";"LIMA";"HUAURA";"SANTA MARIA";"SANIDAD DE LA POLICIA NACIONAL DEL PERU";"I-2";"00010834";"POSTA MEDICA POLICIAL HUACHO";"NE_0001";"";"NE_0001";"NE_0001";"NE_0001";"NE_0001";"NE_0001";"NE_0001";"NE_0001"
"2023";"08";"040112";"AREQUIPA";"AREQUIPA";"PAUCARPATA";"SANIDAD DE LA POLICIA NACIONAL DEL PERU";"I-2";"00011664";"POSTA MEDICA POLICIAL ""SAN MARTIN DE PORRES""  AREQUIPA";"NE_0001";"";"NE_0001";"NE_0001";"NE_0001";"NE_0001";"NE_0001";"NE_0001";"NE_0001"
"2023";"01";"120101";"JUNIN";"HUANCAYO";"HUANCAYO";"GOBIERNO REGIONAL";"III-E";"00006615";"HOSPITAL REGIONAL DOCENTE MATERNO INFANTIL EL CARMEN";"241600";"HOSPITALIZACIÓN QUIRÚRGICA OBSTETRICIA   ";"726";"544";"1543";"1795";"61";"1891";"0"
"2023";"01";"120101";"JUNIN";"HUANCAYO";"HUANCAYO";"GOBIERNO REGIONAL";"III-E";"00006615";"HOSPITAL REGIONAL DOCENTE MATERNO INFANTIL EL CARMEN";"250201";"UNIDAD DE CUIDADOS CRITICOS UNIDAD DE CUIDADOS INTERMEDIOS  (UCIN) NEONATAL";"96";"130";"1034";"1165";"42";"1302";"1"
"2023";"01";"120101";"JUNIN";"HUANCAYO";"HUANCAYO";"GOBIERNO REGIONAL";"III-E";"00006615";"HOSPITAL REGIONAL DOCENTE MATERNO INFANTIL EL CARMEN";"240700";"HOSPITALIZACIÓN QUIRÚRGICA CIRUGÍA PEDIÁTRICA ";"89";"94";"507";"478";"13";"485";"0"
"2023";"01";"120101";"JUNIN";"HUANCAYO";"HUANCAYO";"GOBIERNO REGIONAL";"III-E";"00006615";"HOSPITAL REGIONAL DOCENTE MATERNO INFANTIL EL CARMEN";"242300";"HOSPITALIZACIÓN DE PEDIATRÍA  PEDIATRÍA  GENERAL ";"80";"83";"426";"330";"22";"600";"0"
"2023";"01";"120101";"JUNIN";"HUANCAYO";"HUANCAYO";"GOBIERNO REGIONAL";"III-E";"00006615";"HOSPITAL REGIONAL DOCENTE MATERNO INFANTIL EL CARMEN";"241500";"HOSPITALIZACIÓN QUIRÚRGICA GINECOLOGÍA  ";"40";"38";"188";"200";"10";"310";"0"
"2023";"01";"120101";"JUNIN";"HUANCAYO";"HUANCAYO";"GOBIERNO REGIONAL";"III-E";"00006615";"HOSPITAL REGIONAL DOCENTE MATERNO INFANTIL EL CARMEN";"250105";"UNIDAD DE CUIDADOS CRITICOS UNIDAD  DE CUIDADOS INTENSIVOS  (UCI) NEONATOLOGÍA";"21";"3";"7";"369";"13";"372";"3"
"2023";"01";"120101";"JUNIN";"HUANCAYO";"HUANCAYO";"GOBIERNO REGIONAL";"III-E";"00006615";"HOSPITAL REGIONAL DOCENTE MATERNO INFANTIL EL CARMEN";"250108";"UNIDAD DE CUIDADOS CRITICOS UNIDAD  DE CUIDADOS INTENSIVOS  (UCI) PEDIÁTRICA";"12";"3";"32";"113";"9";"186";"3"
"2023";"01";"120101";"JUNIN";"HUANCAYO";"HUANCAYO";"GOBIERNO REGIONAL";"III-E";"00006615";"HOSPITAL REGIONAL DOCENTE MATERNO INFANTIL EL CARMEN";"250200";"UNIDAD DE CUIDADOS CRITICOS UNIDAD DE CUIDADOS INTERMEDIOS GENERAL  (UCIN) ";"7";"1";"23";"54";"7";"217";"1"
"2023";"02";"120101";"JUNIN";"HUANCAYO";"HUANCAYO";"GOBIERNO REGIONAL";"III-E";"00006615";"HOSPITAL REGIONAL DOCENTE MATERNO INFANTIL EL CARMEN";"241600";"HOSPITALIZACIÓN QUIRÚRGICA OBSTETRICIA   ";"580";"466";"1238";"1190";"65";"1652";"0"
"2023";"02";"120101";"JUNIN";"HUANCAYO";"HUANCAYO";"GOBIERNO REGIONAL";"III-E";"00006615";"HOSPITAL REGIONAL DOCENTE MATERNO INFANTIL EL CARMEN";"250201";"UNIDAD DE CUIDADOS CRITICOS UNIDAD DE CUIDADOS INTERMEDIOS  (UCIN) NEONATAL";"63";"102";"838";"861";"42";"1176";"1"
"2023";"02";"120101";"JUNIN";"HUANCAYO";"HUANCAYO";"GOBIERNO REGIONAL";"III-E";"00006615";"HOSPITAL REGIONAL DOCENTE MATERNO INFANTIL EL CARMEN";"240700";"HOSPITALIZACIÓN QUIRÚRGICA CIRUGÍA PEDIÁTRICA ";"94";"99";"328";"382";"21";"428";"0"
"2023";"02";"120101";"JUNIN";"HUANCAYO";"HUANCAYO";"GOBIERNO REGIONAL";"III-E";"00006615";"HOSPITAL REGIONAL DOCENTE MATERNO INFANTIL EL CARMEN";"242300";"HOSPITALIZACIÓN DE PEDIATRÍA  PEDIATRÍA  GENERAL ";"69";"70";"334";"399";"13";"541";"1"
"2023";"02";"120101";"JUNIN";"HUANCAYO";"HUANCAYO";"GOBIERNO REGIONAL";"III-E";"00006615";"HOSPITAL REGIONAL DOCENTE MATERNO INFANTIL EL CARMEN";"241500";"HOSPITALIZACIÓN QUIRÚRGICA GINECOLOGÍA  ";"45";"42";"204";"182";"10";"280";"0"
"2023";"02";"120101";"JUNIN";"HUANCAYO";"HUANCAYO";"GOBIERNO REGIONAL";"III-E";"00006615";"HOSPITAL REGIONAL DOCENTE MATERNO INFANTIL EL CARMEN";"250105";"UNIDAD DE CUIDADOS CRITICOS UNIDAD  DE CUIDADOS INTENSIVOS  (UCI) NEONATOLOGÍA";"29";"5";"14";"311";"12";"336";"5"
"2023";"02";"120101";"JUNIN";"HUANCAYO";"HUANCAYO";"GOBIERNO REGIONAL";"III-E";"00006615";"HOSPITAL REGIONAL DOCENTE MATERNO INFANTIL EL CARMEN";"250108";"UNIDAD DE CUIDADOS CRITICOS UNIDAD  DE CUIDADOS INTENSIVOS  (UCI) PEDIÁTRICA";"4";"1";"27";"87";"6";"95";"1"
"2023";"08";"160101";"LORETO";"MAYNAS";"IQUITOS";"ESSALUD";"I-3";"00011408";"CAP III IQUITOS";"NE_0001";"";"NE_0001";"NE_0001";"NE_0001";"NE_0001";"NE_0001";"NE_0001";"NE_0001"
"2023";"08";"040124";"AREQUIPA";"AREQUIPA";"UCHUMAYO";"GOBIERNO REGIONAL";"I-2";"00001290";"PUESTO DE SALUD UCHUMAYO";"NE_0001";"";"NE_0001";"NE_0001";"NE_0001";"NE_0001";"NE_0001";"NE_0001";"NE_0001"
"2023";"08";"040124";"AREQUIPA";"AREQUIPA";"UCHUMAYO";"GOBIERNO REGIONAL";"I-3";"00001281";"CENTRO DE SALUD CONGATA";"NE_0001";"";"NE_0001";"NE_0001";"NE_0001";"NE_0001";"NE_0001";"NE_0001";"NE_0001"
"2023";"08";"040124";"AREQUIPA";"AREQUIPA";"UCHUMAYO";"GOBIERNO REGIONAL";"I-3";"00001280";"CENTRO DE SALUD CERRO VERDE";"NE_0001";"";"NE_0001";"NE_0001";"NE_0001";"NE_0001";"NE_0001";"NE_0001";"NE_0001"
"2023";"08";"081207";"CUSCO";"QUISPICANCHI";"HUARO";"SANIDAD DE LA POLICIA NACIONAL DEL PERU";"I-2";"00011747";"POSTA MEDICA POLICIAL PUCUTO";"NE_0001";"";"NE_0001";"NE_0001";"NE_0001";"NE_0001";"NE_0001";"NE_0001";"NE_0001"
"2023";"08";"040109";"AREQUIPA";"AREQUIPA";"MARIANO MELGAR";"SANIDAD DEL EJERCITO DEL PERU";"II-1";"00018659";"HOSPITAL MILITAR DIVISIONARIO III DE AREQUIPA";"240100";"HOSPITALIZACIÓN QUIRÚRGICA CIRUGÍA GENERAL ";"17";"19";"97";"96";"8";"133";"0"
"2023";"08";"040109";"AREQUIPA";"AREQUIPA";"MARIANO MELGAR";"SANIDAD DEL EJERCITO DEL PERU";"II-1";"00018659";"HOSPITAL MILITAR DIVISIONARIO III DE AREQUIPA";"241800";"HOSPITALIZACIÓN DE MEDICINA MEDICINA GENERAL ";"13";"13";"86";"89";"27";"748";"0"
"2023";"08";"060101";"CAJAMARCA";"CAJAMARCA";"CAJAMARCA";"PRIVADO";"II-1";"00009234";"CLINICA LOS FRESNOS";"240200";"HOSPITALIZACIÓN QUIRÚRGICA CIRUGÍA DE CABEZA Y CUELLO / MÁXILO FACIAL ";"1";"1";"0";"1";"1";"2";"0"
"2023";"08";"060101";"CAJAMARCA";"CAJAMARCA";"CAJAMARCA";"PRIVADO";"II-1";"00009234";"CLINICA LOS FRESNOS";"240100";"HOSPITALIZACIÓN QUIRÚRGICA CIRUGÍA GENERAL ";"6";"6";"7";"6";"6";"7";"0"
"2023";"08";"060101";"CAJAMARCA";"CAJAMARCA";"CAJAMARCA";"PRIVADO";"II-1";"00009234";"CLINICA LOS FRESNOS";"240300";"HOSPITALIZACIÓN QUIRÚRGICA CIRUGÍA DIGESTIVA ";"2";"2";"3";"2";"2";"3";"0"
"2023";"08";"060101";"CAJAMARCA";"CAJAMARCA";"CAJAMARCA";"PRIVADO";"II-1";"00009234";"CLINICA LOS FRESNOS";"241500";"HOSPITALIZACIÓN QUIRÚRGICA GINECOLOGÍA  ";"25";"25";"34";"25";"25";"26";"0"
"2023";"08";"060101";"CAJAMARCA";"CAJAMARCA";"CAJAMARCA";"PRIVADO";"II-1";"00009234";"CLINICA LOS FRESNOS";"241800";"HOSPITALIZACIÓN DE MEDICINA MEDICINA GENERAL ";"1";"1";"0";"1";"1";"2";"0"
"2023";"08";"060101";"CAJAMARCA";"CAJAMARCA";"CAJAMARCA";"PRIVADO";"II-1";"00009234";"CLINICA LOS FRESNOS";"241900";"HOSPITALIZACIÓN DE MEDICINA MEDICINA INTERNA ";"19";"19";"34";"19";"19";"20";"0"
"2023";"08";"060101";"CAJAMARCA";"CAJAMARCA";"CAJAMARCA";"PRIVADO";"II-1";"00009234";"CLINICA LOS FRESNOS";"241200";"HOSPITALIZACIÓN QUIRÚRGICA TRAUMATOLOGÍA Y ORTOPEDIA ";"8";"8";"35";"8";"8";"9";"0"
"2023";"08";"060101";"CAJAMARCA";"CAJAMARCA";"CAJAMARCA";"PRIVADO";"II-1";"00009234";"CLINICA LOS FRESNOS";"242300";"HOSPITALIZACIÓN DE PEDIATRÍA  PEDIATRÍA  GENERAL ";"20";"20";"43";"20";"20";"21";"0"
"2023";"08";"131101";"LA LIBERTAD";"GRAN CHIMU";"CASCAS";"GOBIERNO REGIONAL";"II-1";"00005277";"HOSPITAL PROVINCIAL DE CASCAS";"241400";"HOSPITALIZACIÓN QUIRÚRGICA GINECO - OBSTETRICIA ";"3";"3";"14";"8";"9";"10";"0"
"2023";"08";"131101";"LA LIBERTAD";"GRAN CHIMU";"CASCAS";"GOBIERNO REGIONAL";"II-1";"00005277";"HOSPITAL PROVINCIAL DE CASCAS";"241600";"HOSPITALIZACIÓN QUIRÚRGICA OBSTETRICIA   ";"2";"2";"7";"1";"6";"8";"0"
"2023";"08";"131101";"LA LIBERTAD";"GRAN CHIMU";"CASCAS";"GOBIERNO REGIONAL";"II-1";"00005277";"HOSPITAL PROVINCIAL DE CASCAS";"241800";"HOSPITALIZACIÓN DE MEDICINA MEDICINA GENERAL ";"10";"10";"60";"8";"7";"15";"0"
"2023";"08";"131101";"LA LIBERTAD";"GRAN CHIMU";"CASCAS";"ESSALUD";"I-2";"00012104";"POSTA DE SALUD CASCAS";"NE_0001";"";"NE_0001";"NE_0001";"NE_0001";"NE_0001";"NE_0001";"NE_0001";"NE_0001"
"2023";"08";"220101";"SAN MARTIN";"MOYOBAMBA";"MOYOBAMBA";"GOBIERNO REGIONAL";"I-1";"00006316";"TAHUISHCO";"NE_0001";"";"NE_0001";"NE_0001";"NE_0001";"NE_0001";"NE_0001";"NE_0001";"NE_0001"
"2023";"08";"220101";"SAN MARTIN";"MOYOBAMBA";"MOYOBAMBA";"GOBIERNO REGIONAL";"I-1";"00006313";"MARONA";"NE_0001";"";"NE_0001";"NE_0001";"NE_0001";"NE_0001";"NE_0001";"NE_0001";"NE_0001"
"2023";"08";"220104";"SAN MARTIN";"MOYOBAMBA";"JEPELACIO";"GOBIERNO REGIONAL";"I-1";"00006317";"SAN MATEO";"NE_0001";"";"NE_0001";"NE_0001";"NE_0001";"NE_0001";"NE_0001";"NE_0001";"NE_0001"
"2023";"08";"220101";"SAN MARTIN";"MOYOBAMBA";"MOYOBAMBA";"GOBIERNO REGIONAL";"I-1";"00010110";"LA FLOR DE LA PRIMAVERA";"NE_0001";"";"NE_0001";"NE_0001";"NE_0001";"NE_0001";"NE_0001";"NE_0001";"NE_0001"
"2023";"08";"220101";"SAN MARTIN";"MOYOBAMBA";"MOYOBAMBA";"GOBIERNO REGIONAL";"I-1";"00006707";"CORDILLERA ANDINA";"NE_0001";"";"NE_0001";"NE_0001";"NE_0001";"NE_0001";"NE_0001";"NE_0001";"NE_0001"
"2023";"08";"220101";"SAN MARTIN";"MOYOBAMBA";"MOYOBAMBA";"GOBIERNO REGIONAL";"I-2";"00031276";"LA PRIMAVERA";"NE_0001";"";"NE_0001";"NE_0001";"NE_0001";"NE_0001";"NE_0001";"NE_0001";"NE_0001"
"2023";"08";"220101";"SAN MARTIN";"MOYOBAMBA";"MOYOBAMBA";"GOBIERNO REGIONAL";"I-3";"00006312";"LLUYLLUCUCHA";"NE_0001";"";"NE_0001";"NE_0001";"NE_0001";"NE_0001";"NE_0001";"NE_0001";"NE_0001"
"2023";"08";"220101";"SAN MARTIN";"MOYOBAMBA";"MOYOBAMBA";"GOBIERNO REGIONAL";"I-1";"00006314";"QUILLOALLPA";"NE_0001";"";"NE_0001";"NE_0001";"NE_0001";"NE_0001";"NE_0001";"NE_0001";"NE_0001"
"2023";"08";"220101";"SAN MARTIN";"MOYOBAMBA";"MOYOBAMBA";"GOBIERNO REGIONAL";"I-2";"00006315";"SUGLLAQUIRO";"NE_0001";"";"NE_0001";"NE_0001";"NE_0001";"NE_0001";"NE_0001";"NE_0001";"NE_0001"
"2023";"08";"021809";"ANCASH";"SANTA";"NUEVO CHIMBOTE";"GOBIERNO REGIONAL";"II-2";"00001703";"ELEAZAR GUZMAN BARRON";"245300";"HOSPITALIZACIÓN DE MEDICINA NEUMOLOGÍA  ";"10";"13";"320";"113";"4";"124";"0"
"2023";"08";"021809";"ANCASH";"SANTA";"NUEVO CHIMBOTE";"GOBIERNO REGIONAL";"II-2";"00001703";"ELEAZAR GUZMAN BARRON";"242200";"HOSPITALIZACIÓN DE MEDICINA PSIQUIATRÍA ";"5";"3";"73";"166";"10";"310";"0"
"2023";"08";"021809";"ANCASH";"SANTA";"NUEVO CHIMBOTE";"GOBIERNO REGIONAL";"II-2";"00001703";"ELEAZAR GUZMAN BARRON";"240100";"HOSPITALIZACIÓN QUIRÚRGICA CIRUGÍA GENERAL ";"74";"73";"329";"419";"14";"434";"1"
"2023";"08";"021809";"ANCASH";"SANTA";"NUEVO CHIMBOTE";"GOBIERNO REGIONAL";"II-2";"00001703";"ELEAZAR GUZMAN BARRON";"241200";"HOSPITALIZACIÓN QUIRÚRGICA TRAUMATOLOGÍA Y ORTOPEDIA ";"29";"26";"481";"363";"12";"372";"0"
"2023";"08";"021809";"ANCASH";"SANTA";"NUEVO CHIMBOTE";"GOBIERNO REGIONAL";"II-2";"00001703";"ELEAZAR GUZMAN BARRON";"241100";"HOSPITALIZACIÓN QUIRÚRGICA OTORRINOLARINGOLOGÍA  ";"1";"1";"2";"2";"1";"31";"0"
"2023";"08";"021809";"ANCASH";"SANTA";"NUEVO CHIMBOTE";"GOBIERNO REGIONAL";"II-2";"00001703";"ELEAZAR GUZMAN BARRON";"241300";"HOSPITALIZACIÓN QUIRÚRGICA UROLOGÍA  ";"5";"7";"29";"58";"2";"62";"0"
"2023";"08";"021809";"ANCASH";"SANTA";"NUEVO CHIMBOTE";"GOBIERNO REGIONAL";"II-2";"00001703";"ELEAZAR GUZMAN BARRON";"242100";"HOSPITALIZACIÓN DE MEDICINA ONCOLOGÍA MÉDICA ";"7";"11";"112";"49";"2";"62";"0"
"2023";"08";"021809";"ANCASH";"SANTA";"NUEVO CHIMBOTE";"GOBIERNO REGIONAL";"II-2";"00001703";"ELEAZAR GUZMAN BARRON";"240900";"HOSPITALIZACIÓN QUIRÚRGICA NEUROCIRUGÍA ";"11";"11";"410";"102";"4";"124";"0"
"2023";"08";"021809";"ANCASH";"SANTA";"NUEVO CHIMBOTE";"GOBIERNO REGIONAL";"II-2";"00001703";"ELEAZAR GUZMAN BARRON";"240801";"HOSPITALIZACIÓN QUIRÚRGICA CIRUGÍA PLÁSTICA/RECONSTRUCTIVA/ REPARADORA QUEMADOS";"3";"2";"11";"15";"1";"31";"0"
"2023";"08";"021809";"ANCASH";"SANTA";"NUEVO CHIMBOTE";"GOBIERNO REGIONAL";"II-2";"00001703";"ELEAZAR GUZMAN BARRON";"242300";"HOSPITALIZACIÓN DE PEDIATRÍA  PEDIATRÍA  GENERAL ";"175";"165";"725";"745";"26";"806";"0"
"2023";"08";"021809";"ANCASH";"SANTA";"NUEVO CHIMBOTE";"GOBIERNO REGIONAL";"II-2";"00001703";"ELEAZAR GUZMAN BARRON";"241600";"HOSPITALIZACIÓN QUIRÚRGICA OBSTETRICIA   ";"247";"240";"542";"476";"20";"620";"0"
"2023";"08";"021809";"ANCASH";"SANTA";"NUEVO CHIMBOTE";"GOBIERNO REGIONAL";"II-2";"00001703";"ELEAZAR GUZMAN BARRON";"241500";"HOSPITALIZACIÓN QUIRÚRGICA GINECOLOGÍA  ";"31";"34";"85";"83";"5";"155";"1"
"2023";"08";"021809";"ANCASH";"SANTA";"NUEVO CHIMBOTE";"GOBIERNO REGIONAL";"II-2";"00001703";"ELEAZAR GUZMAN BARRON";"250100";"UNIDAD DE CUIDADOS CRITICOS UNIDAD  DE CUIDADOS INTENSIVOS GENERALES (UCI) ";"11";"6";"52";"342";"16";"496";"6"
"2023";"08";"150130";"LIMA";"LIMA";"SAN BORJA";"PRIVADO";"0";"00012366";"MISION MEDICA SAC";"NE_0001";"";"NE_0001";"NE_0001";"NE_0001";"NE_0001";"NE_0001";"NE_0001";"NE_0001"
"2023";"08";"230101";"TACNA";"TACNA";"TACNA";"SANIDAD DEL EJERCITO DEL PERU";"I-3";"00011195";"CENTRO DE SALUD MILITAR DE LA 3RA. BRIGADA DE CABALLERIA TACNA";"NE_0001";"";"NE_0001";"NE_0001";"NE_0001";"NE_0001";"NE_0001";"NE_0001";"NE_0001"
"2023";"08";"230103";"TACNA";"TACNA";"CALANA";"ESSALUD";"II-2";"00010185";"Hospital III Daniel Alcides Carrión EsSalud Red de Tacna";"250100";"UNIDAD DE CUIDADOS CRITICOS UNIDAD  DE CUIDADOS INTENSIVOS GENERALES (UCI) ";"16";"16";"299";"149";"5";"153";"3"
"2023";"08";"230103";"TACNA";"TACNA";"CALANA";"ESSALUD";"II-2";"00010185";"Hospital III Daniel Alcides Carrión EsSalud Red de Tacna";"250200";"UNIDAD DE CUIDADOS CRITICOS UNIDAD DE CUIDADOS INTERMEDIOS GENERAL  (UCIN) ";"46";"43";"455";"319";"11";"352";"6"
"2023";"08";"230103";"TACNA";"TACNA";"CALANA";"ESSALUD";"II-2";"00010185";"Hospital III Daniel Alcides Carrión EsSalud Red de Tacna";"241900";"HOSPITALIZACIÓN DE MEDICINA MEDICINA INTERNA ";"130";"132";"1318";"1310";"45";"1397";"14"
"2023";"08";"230103";"TACNA";"TACNA";"CALANA";"ESSALUD";"II-2";"00010185";"Hospital III Daniel Alcides Carrión EsSalud Red de Tacna";"240100";"HOSPITALIZACIÓN QUIRÚRGICA CIRUGÍA GENERAL ";"163";"161";"827";"707";"26";"797";"0"
"2023";"08";"230103";"TACNA";"TACNA";"CALANA";"ESSALUD";"II-2";"00010185";"Hospital III Daniel Alcides Carrión EsSalud Red de Tacna";"241400";"HOSPITALIZACIÓN QUIRÚRGICA GINECO - OBSTETRICIA ";"127";"127";"332";"325";"13";"387";"0"
"2023";"08";"230103";"TACNA";"TACNA";"CALANA";"ESSALUD";"II-2";"00010185";"Hospital III Daniel Alcides Carrión EsSalud Red de Tacna";"242300";"HOSPITALIZACIÓN DE PEDIATRÍA  PEDIATRÍA  GENERAL ";"40";"41";"170";"142";"7";"221";"0"
"2023";"08";"230103";"TACNA";"TACNA";"CALANA";"ESSALUD";"II-2";"00010185";"Hospital III Daniel Alcides Carrión EsSalud Red de Tacna";"243200";"HOSPITALIZACIÓN DE PEDIATRÍA PEDIATRIA NEONATOLOGÍA";"29";"32";"85";"73";"4";"134";"0"
"2023";"08";"120705";"JUNIN";"TARMA";"LA UNION";"GOBIERNO REGIONAL";"I-2";"00000597";"LA UNION LETICIA";"NE_0001";"";"NE_0001";"NE_0001";"NE_0001";"NE_0001";"NE_0001";"NE_0001";"NE_0001"
"2023";"08";"120705";"JUNIN";"TARMA";"LA UNION";"GOBIERNO REGIONAL";"I-1";"00000600";"UCHURACRA";"NE_0001";"";"NE_0001";"NE_0001";"NE_0001";"NE_0001";"NE_0001";"NE_0001";"NE_0001"
"2023";"08";"120705";"JUNIN";"TARMA";"LA UNION";"GOBIERNO REGIONAL";"I-1";"00000598";"CUYRUHUASI";"NE_0001";"";"NE_0001";"NE_0001";"NE_0001";"NE_0001";"NE_0001";"NE_0001";"NE_0001"
"2023";"08";"120705";"JUNIN";"TARMA";"LA UNION";"GOBIERNO REGIONAL";"I-1";"00000599";"CONDORCOCHA";"NE_0001";"";"NE_0001";"NE_0001";"NE_0001";"NE_0001";"NE_0001";"NE_0001";"NE_0001"
"2023";"08";"150101";"LIMA";"LIMA";"LIMA";"ESSALUD";"II-2";"00008502";"HOSPITAL DE EMERGENCIAS GRAU";"241900";"HOSPITALIZACIÓN DE MEDICINA MEDICINA INTERNA ";"181";"177";"1427";"1546";"54";"1674";"8"
"2023";"08";"150101";"LIMA";"LIMA";"LIMA";"ESSALUD";"II-2";"00008502";"HOSPITAL DE EMERGENCIAS GRAU";"242000";"HOSPITALIZACIÓN DE MEDICINA MEDICINA TROPICAL E INFECCIOSAS ";"28";"29";"291";"218";"8";"248";"1"
"2023";"08";"150101";"LIMA";"LIMA";"LIMA";"ESSALUD";"II-2";"00008502";"HOSPITAL DE EMERGENCIAS GRAU";"240100";"HOSPITALIZACIÓN QUIRÚRGICA CIRUGÍA GENERAL ";"281";"285";"834";"604";"27";"837";"0"
"2023";"08";"150101";"LIMA";"LIMA";"LIMA";"ESSALUD";"II-2";"00008502";"HOSPITAL DE EMERGENCIAS GRAU";"241200";"HOSPITALIZACIÓN QUIRÚRGICA TRAUMATOLOGÍA Y ORTOPEDIA ";"77";"76";"351";"327";"13";"403";"0"
"2023";"08";"150101";"LIMA";"LIMA";"LIMA";"ESSALUD";"II-2";"00008502";"HOSPITAL DE EMERGENCIAS GRAU";"241300";"HOSPITALIZACIÓN QUIRÚRGICA UROLOGÍA  ";"74";"71";"353";"149";"10";"310";"0"
"2023";"08";"150101";"LIMA";"LIMA";"LIMA";"ESSALUD";"II-2";"00008502";"HOSPITAL DE EMERGENCIAS GRAU";"241400";"HOSPITALIZACIÓN QUIRÚRGICA GINECO - OBSTETRICIA ";"365";"362";"829";"816";"31";"961";"0"
"2023";"08";"150101";"LIMA";"LIMA";"LIMA";"ESSALUD";"II-2";"00008502";"HOSPITAL DE EMERGENCIAS GRAU";"242500";"HOSPITALIZACIÓN-PEDIATRÍA GENERAL-";"98";"99";"313";"310";"11";"341";"0"
"2023";"08";"150101";"LIMA";"LIMA";"LIMA";"ESSALUD";"II-2";"00008502";"HOSPITAL DE EMERGENCIAS GRAU";"243200";"HOSPITALIZACIÓN DE PEDIATRÍA PEDIATRIA NEONATOLOGÍA";"146";"149";"199";"109";"10";"310";"0"
"2023";"08";"150101";"LIMA";"LIMA";"LIMA";"ESSALUD";"II-2";"00008502";"HOSPITAL DE EMERGENCIAS GRAU";"250200";"UNIDAD DE CUIDADOS CRITICOS UNIDAD DE CUIDADOS INTERMEDIOS GENERAL  (UCIN) ";"16";"1";"1";"119";"4";"124";"0"
"2023";"08";"150101";"LIMA";"LIMA";"LIMA";"ESSALUD";"II-2";"00008502";"HOSPITAL DE EMERGENCIAS GRAU";"250100";"UNIDAD DE CUIDADOS CRITICOS UNIDAD  DE CUIDADOS INTENSIVOS GENERALES (UCI) ";"18";"5";"233";"246";"8";"248";"4"
"2023";"08";"140101";"LAMBAYEQUE";"CHICLAYO";"CHICLAYO";"PRIVADO";"II-E";"00016192";"CLÍNICA CHICLAYO S.A";"240100";"HOSPITALIZACIÓN QUIRÚRGICA CIRUGÍA GENERAL ";"45";"46";"67";"59";"6";"180";"0"
"2023";"08";"140101";"LAMBAYEQUE";"CHICLAYO";"CHICLAYO";"PRIVADO";"II-E";"00016192";"CLÍNICA CHICLAYO S.A";"241000";"HOSPITALIZACIÓN QUIRÚRGICA ONCOLOGÍA QUIRÚRGICA  ";"9";"10";"14";"15";"3";"91";"0"
"2023";"08";"140101";"LAMBAYEQUE";"CHICLAYO";"CHICLAYO";"PRIVADO";"II-E";"00016192";"CLÍNICA CHICLAYO S.A";"241500";"HOSPITALIZACIÓN QUIRÚRGICA GINECOLOGÍA  ";"22";"22";"28";"21";"3";"87";"0"
"2023";"08";"140101";"LAMBAYEQUE";"CHICLAYO";"CHICLAYO";"PRIVADO";"II-E";"00016192";"CLÍNICA CHICLAYO S.A";"241400";"HOSPITALIZACIÓN QUIRÚRGICA GINECO - OBSTETRICIA ";"13";"13";"16";"16";"2";"61";"0"
"2023";"08";"140101";"LAMBAYEQUE";"CHICLAYO";"CHICLAYO";"PRIVADO";"II-E";"00016192";"CLÍNICA CHICLAYO S.A";"242300";"HOSPITALIZACIÓN DE PEDIATRÍA  PEDIATRÍA  GENERAL ";"12";"12";"13";"13";"2";"61";"0"
"2023";"08";"140101";"LAMBAYEQUE";"CHICLAYO";"CHICLAYO";"PRIVADO";"II-E";"00016192";"CLÍNICA CHICLAYO S.A";"241200";"HOSPITALIZACIÓN QUIRÚRGICA TRAUMATOLOGÍA Y ORTOPEDIA ";"35";"35";"51";"51";"5";"151";"0"
"2023";"08";"140101";"LAMBAYEQUE";"CHICLAYO";"CHICLAYO";"PRIVADO";"II-E";"00016192";"CLÍNICA CHICLAYO S.A";"240800";"HOSPITALIZACIÓN QUIRÚRGICA CIRUGÍA PLÁSTICA/RECONSTRUCTIVA/ REPARADORA ";"8";"8";"11";"11";"1";"32";"0"
"2023";"08";"140101";"LAMBAYEQUE";"CHICLAYO";"CHICLAYO";"PRIVADO";"II-E";"00016192";"CLÍNICA CHICLAYO S.A";"240400";"HOSPITALIZACIÓN QUIRÚRGICA CIRUGÍA DE TÓRAX Y CARDIOVASCULAR ";"2";"2";"2";"2";"1";"30";"0"
"2023";"04";"220910";"SAN MARTIN";"SAN MARTIN";"MORALES";"GOBIERNO REGIONAL";"I-4";"00006361";"MORALES";"241400";"HOSPITALIZACIÓN QUIRÚRGICA GINECO - OBSTETRICIA ";"35";"35";"35";"35";"12";"360";"0"
"2023";"04";"200401";"PIURA";"MORROPON";"CHULUCANAS";"GOBIERNO REGIONAL";"II-1";"00002161";"E.S  II-1  HOSPITAL  CHULUCANAS";"240100";"HOSPITALIZACIÓN QUIRÚRGICA CIRUGÍA GENERAL ";"18";"25";"111";"129";"13";"390";"1"
"2023";"04";"200401";"PIURA";"MORROPON";"CHULUCANAS";"GOBIERNO REGIONAL";"II-1";"00002161";"E.S  II-1  HOSPITAL  CHULUCANAS";"241400";"HOSPITALIZACIÓN QUIRÚRGICA GINECO - OBSTETRICIA ";"223";"248";"619";"586";"22";"660";"1"
"2023";"04";"200401";"PIURA";"MORROPON";"CHULUCANAS";"GOBIERNO REGIONAL";"II-1";"00002161";"E.S  II-1  HOSPITAL  CHULUCANAS";"241800";"HOSPITALIZACIÓN DE MEDICINA MEDICINA GENERAL ";"36";"48";"274";"266";"10";"300";"2"
"2023";"04";"200401";"PIURA";"MORROPON";"CHULUCANAS";"GOBIERNO REGIONAL";"II-1";"00002161";"E.S  II-1  HOSPITAL  CHULUCANAS";"242500";"HOSPITALIZACIÓN-PEDIATRÍA GENERAL-";"17";"18";"77";"89";"5";"150";"0"
"2023";"04";"200401";"PIURA";"MORROPON";"CHULUCANAS";"GOBIERNO REGIONAL";"II-1";"00002161";"E.S  II-1  HOSPITAL  CHULUCANAS";"243200";"HOSPITALIZACIÓN DE PEDIATRÍA PEDIATRIA NEONATOLOGÍA";"12";"19";"143";"158";"8";"224";"1"
"2023";"05";"060801";"CAJAMARCA";"JAEN";"JAEN";"PRIVADO";"II-1";"00015269";"CLINICA SAN FERNANDO E.I.R.L";"241800";"HOSPITALIZACIÓN DE MEDICINA MEDICINA GENERAL ";"3";"2";"16";"5";"18";"24";"0"
"2023";"05";"060801";"CAJAMARCA";"JAEN";"JAEN";"PRIVADO";"II-1";"00015269";"CLINICA SAN FERNANDO E.I.R.L";"241900";"HOSPITALIZACIÓN DE MEDICINA MEDICINA INTERNA ";"4";"2";"12";"6";"18";"24";"0"
"2023";"05";"060801";"CAJAMARCA";"JAEN";"JAEN";"PRIVADO";"II-1";"00015269";"CLINICA SAN FERNANDO E.I.R.L";"241200";"HOSPITALIZACIÓN QUIRÚRGICA TRAUMATOLOGÍA Y ORTOPEDIA ";"5";"4";"1";"12";"18";"24";"0"
"2023";"05";"060801";"CAJAMARCA";"JAEN";"JAEN";"PRIVADO";"II-1";"00015269";"CLINICA SAN FERNANDO E.I.R.L";"241200";"HOSPITALIZACIÓN QUIRÚRGICA TRAUMATOLOGÍA Y ORTOPEDIA ";"6";"4";"14";"10";"18";"24";"0"
"2023";"05";"060801";"CAJAMARCA";"JAEN";"JAEN";"PRIVADO";"II-1";"00015269";"CLINICA SAN FERNANDO E.I.R.L";"241200";"HOSPITALIZACIÓN QUIRÚRGICA TRAUMATOLOGÍA Y ORTOPEDIA ";"6";"4";"14";"10";"18";"24";"0"
"2023";"05";"060610";"CAJAMARCA";"CUTERVO";"SAN LUIS DE LUCMA";"GOBIERNO REGIONAL";"I-3";"00005038";"SAN LUIS DE LA LUCMA";"NE_0001";"";"NE_0001";"NE_0001";"NE_0001";"NE_0001";"NE_0001";"NE_0001";"NE_0001"
"2023";"05";"060610";"CAJAMARCA";"CUTERVO";"SAN LUIS DE LUCMA";"GOBIERNO REGIONAL";"I-1";"00006870";"SANTA ROSA DEL TINGO";"NE_0001";"";"NE_0001";"NE_0001";"NE_0001";"NE_0001";"NE_0001";"NE_0001";"NE_0001"
"2023";"05";"060614";"CAJAMARCA";"CUTERVO";"SOCOTA";"GOBIERNO REGIONAL";"I-1";"00006937";"MINAS DE SOCOTA";"NE_0001";"";"NE_0001";"NE_0001";"NE_0001";"NE_0001";"NE_0001";"NE_0001";"NE_0001"
"2023";"05";"060610";"CAJAMARCA";"CUTERVO";"SAN LUIS DE LUCMA";"GOBIERNO REGIONAL";"I-1";"00006853";"SAIREPAMPA";"NE_0001";"";"NE_0001";"NE_0001";"NE_0001";"NE_0001";"NE_0001";"NE_0001";"NE_0001"
"2023";"05";"060614";"CAJAMARCA";"CUTERVO";"SOCOTA";"GOBIERNO REGIONAL";"I-1";"00011258";"RINCONADA MIRAFLORES";"NE_0001";"";"NE_0001";"NE_0001";"NE_0001";"NE_0001";"NE_0001";"NE_0001";"NE_0001"
"2023";"05";"060614";"CAJAMARCA";"CUTERVO";"SOCOTA";"GOBIERNO REGIONAL";"I-1";"00011262";"PUQUIO DE SOCOTA";"NE_0001";"";"NE_0001";"NE_0001";"NE_0001";"NE_0001";"NE_0001";"NE_0001";"NE_0001"
"2023";"05";"060614";"CAJAMARCA";"CUTERVO";"SOCOTA";"GOBIERNO REGIONAL";"I-1";"00005032";"PAMPA LA RIOJA";"NE_0001";"";"NE_0001";"NE_0001";"NE_0001";"NE_0001";"NE_0001";"NE_0001";"NE_0001"
"2023";"05";"060614";"CAJAMARCA";"CUTERVO";"SOCOTA";"GOBIERNO REGIONAL";"I-3";"00005040";" VIRGEN DE LA CANDELARIA ";"NE_0001";"";"NE_0001";"NE_0001";"NE_0001";"NE_0001";"NE_0001";"NE_0001";"NE_0001"
"2023";"05";"060614";"CAJAMARCA";"CUTERVO";"SOCOTA";"GOBIERNO REGIONAL";"I-1";"00005037";"CHISIGLE";"NE_0001";"";"NE_0001";"NE_0001";"NE_0001";"NE_0001";"NE_0001";"NE_0001";"NE_0001"
"2023";"05";"060614";"CAJAMARCA";"CUTERVO";"SOCOTA";"GOBIERNO REGIONAL";"I-1";"00005042";"SAN ANTONIO";"NE_0001";"";"NE_0001";"NE_0001";"NE_0001";"NE_0001";"NE_0001";"NE_0001";"NE_0001"
"2023";"05";"060614";"CAJAMARCA";"CUTERVO";"SOCOTA";"GOBIERNO REGIONAL";"I-1";"00005043";"LAGUNA SHITA";"NE_0001";"";"NE_0001";"NE_0001";"NE_0001";"NE_0001";"NE_0001";"NE_0001";"NE_0001"
"2023";"05";"060614";"CAJAMARCA";"CUTERVO";"SOCOTA";"GOBIERNO REGIONAL";"I-1";"00007749";"CHURUMAYO";"NE_0001";"";"NE_0001";"NE_0001";"NE_0001";"NE_0001";"NE_0001";"NE_0001";"NE_0001"
"2023";"05";"060614";"CAJAMARCA";"CUTERVO";"SOCOTA";"GOBIERNO REGIONAL";"I-1";"00011061";"NUEVO ORIENTE DE SOCOTA";"NE_0001";"";"NE_0001";"NE_0001";"NE_0001";"NE_0001";"NE_0001";"NE_0001";"NE_0001"
"2023";"05";"060614";"CAJAMARCA";"CUTERVO";"SOCOTA";"GOBIERNO REGIONAL";"I-1";"00011063";"LIBERTAD LA PALMA";"NE_0001";"";"NE_0001";"NE_0001";"NE_0001";"NE_0001";"NE_0001";"NE_0001";"NE_0001"
"2023";"05";"060610";"CAJAMARCA";"CUTERVO";"SAN LUIS DE LUCMA";"GOBIERNO REGIONAL";"I-1";"00005039";"SANTO DOMINGO DE LA LUCMA";"NE_0001";"";"NE_0001";"NE_0001";"NE_0001";"NE_0001";"NE_0001";"NE_0001";"NE_0001"
"2023";"05";"060614";"CAJAMARCA";"CUTERVO";"SOCOTA";"GOBIERNO REGIONAL";"I-1";"00005041";"MOCHADIN";"NE_0001";"";"NE_0001";"NE_0001";"NE_0001";"NE_0001";"NE_0001";"NE_0001";"NE_0001"
"2023";"05";"060614";"CAJAMARCA";"CUTERVO";"SOCOTA";"GOBIERNO REGIONAL";"I-1";"00006866";"CUÑANQUE";"NE_0001";"";"NE_0001";"NE_0001";"NE_0001";"NE_0001";"NE_0001";"NE_0001";"NE_0001"
"2023";"05";"060614";"CAJAMARCA";"CUTERVO";"SOCOTA";"GOBIERNO REGIONAL";"I-1";"00006948";"SANTA ELENA";"NE_0001";"";"NE_0001";"NE_0001";"NE_0001";"NE_0001";"NE_0001";"NE_0001";"NE_0001"
"2023";"05";"060610";"CAJAMARCA";"CUTERVO";"SAN LUIS DE LUCMA";"GOBIERNO REGIONAL";"I-1";"00007048";"SEXESHITA";"NE_0001";"";"NE_0001";"NE_0001";"NE_0001";"NE_0001";"NE_0001";"NE_0001";"NE_0001"
"2023";"05";"050110";"AYACUCHO";"HUAMANGA";"SAN JUAN BAUTISTA";"ESSALUD";"II-1";"00011775";"HOSPITAL II HUAMANGA";"240100";"HOSPITALIZACIÓN QUIRÚRGICA CIRUGÍA GENERAL ";"94";"94";"297";"279";"13";"403";"0"
"2023";"05";"050110";"AYACUCHO";"HUAMANGA";"SAN JUAN BAUTISTA";"ESSALUD";"II-1";"00011775";"HOSPITAL II HUAMANGA";"241200";"HOSPITALIZACIÓN QUIRÚRGICA TRAUMATOLOGÍA Y ORTOPEDIA ";"19";"19";"107";"104";"6";"186";"0"
"2023";"05";"050110";"AYACUCHO";"HUAMANGA";"SAN JUAN BAUTISTA";"ESSALUD";"II-1";"00011775";"HOSPITAL II HUAMANGA";"241500";"HOSPITALIZACIÓN QUIRÚRGICA GINECOLOGÍA  ";"19";"19";"60";"54";"3";"93";"0"
"2023";"05";"050110";"AYACUCHO";"HUAMANGA";"SAN JUAN BAUTISTA";"ESSALUD";"II-1";"00011775";"HOSPITAL II HUAMANGA";"241400";"HOSPITALIZACIÓN QUIRÚRGICA GINECO - OBSTETRICIA ";"133";"133";"294";"276";"12";"372";"0"
"2023";"05";"050110";"AYACUCHO";"HUAMANGA";"SAN JUAN BAUTISTA";"ESSALUD";"II-1";"00011775";"HOSPITAL II HUAMANGA";"241800";"HOSPITALIZACIÓN DE MEDICINA MEDICINA GENERAL ";"73";"73";"481";"412";"14";"434";"2"
"2023";"05";"050110";"AYACUCHO";"HUAMANGA";"SAN JUAN BAUTISTA";"ESSALUD";"II-1";"00011775";"HOSPITAL II HUAMANGA";"250100";"UNIDAD DE CUIDADOS CRITICOS UNIDAD  DE CUIDADOS INTENSIVOS GENERALES (UCI) ";"3";"3";"62";"37";"6";"186";"3"
"2023";"05";"050110";"AYACUCHO";"HUAMANGA";"SAN JUAN BAUTISTA";"ESSALUD";"II-1";"00011775";"HOSPITAL II HUAMANGA";"250200";"UNIDAD DE CUIDADOS CRITICOS UNIDAD DE CUIDADOS INTERMEDIOS GENERAL  (UCIN) ";"29";"29";"215";"185";"8";"248";"5"
"2023";"05";"050110";"AYACUCHO";"HUAMANGA";"SAN JUAN BAUTISTA";"ESSALUD";"II-1";"00011775";"HOSPITAL II HUAMANGA";"243200";"HOSPITALIZACIÓN DE PEDIATRÍA PEDIATRIA NEONATOLOGÍA";"50";"50";"150";"124";"5";"155";"0"
"2023";"05";"050110";"AYACUCHO";"HUAMANGA";"SAN JUAN BAUTISTA";"ESSALUD";"II-1";"00011775";"HOSPITAL II HUAMANGA";"242300";"HOSPITALIZACIÓN DE PEDIATRÍA  PEDIATRÍA  GENERAL ";"78";"78";"269";"254";"11";"341";"0"
"2023";"06";"050509";"AYACUCHO";"LA MAR";"SAMUGARI";"SANIDAD DE LA POLICIA NACIONAL DEL PERU";"I-2";"00027203";"PUESTO DE SALUD PNP PALMAPAMPA";"NE_0002";"";"NE_0002";"NE_0002";"NE_0002";"NE_0002";"NE_0002";"NE_0002";"NE_0002"
"2023";"06";"210402";"PUNO";"CHUCUITO";"DESAGUADERO";"ESSALUD";"I-3";"00009221";"CENTRO DE ATENCION PRIMARIA I DESAGUADERO";"NE_0001";"";"NE_0001";"NE_0001";"NE_0001";"NE_0001";"NE_0001";"NE_0001";"NE_0001"
"2023";"06";"120606";"JUNIN";"SATIPO";"PANGOA";"GOBIERNO REGIONAL";"I-2";"00000447";"VILLA MARIA";"NE_0001";"";"NE_0001";"NE_0001";"NE_0001";"NE_0001";"NE_0001";"NE_0001";"NE_0001"
"2023";"06";"120606";"JUNIN";"SATIPO";"PANGOA";"GOBIERNO REGIONAL";"I-3";"00000443";"SAN RAMON DE PANGOA";"NE_0001";"";"NE_0001";"NE_0001";"NE_0001";"NE_0001";"NE_0001";"NE_0001";"NE_0001"
"2023";"06";"120606";"JUNIN";"SATIPO";"PANGOA";"GOBIERNO REGIONAL";"I-1";"00000456";"SANTA ROSA ALTO KIATARI";"NE_0001";"";"NE_0001";"NE_0001";"NE_0001";"NE_0001";"NE_0001";"NE_0001";"NE_0001"
"2023";"06";"120606";"JUNIN";"SATIPO";"PANGOA";"GOBIERNO REGIONAL";"I-2";"00000444";"CHAVINI";"NE_0001";"";"NE_0001";"NE_0001";"NE_0001";"NE_0001";"NE_0001";"NE_0001";"NE_0001"
"2023";"06";"120606";"JUNIN";"SATIPO";"PANGOA";"GOBIERNO REGIONAL";"I-1";"00000450";"ALTO KIATARI";"NE_0001";"";"NE_0001";"NE_0001";"NE_0001";"NE_0001";"NE_0001";"NE_0001";"NE_0001"
"2023";"06";"120606";"JUNIN";"SATIPO";"PANGOA";"GOBIERNO REGIONAL";"I-1";"00000453";"UNION CHAVINI";"NE_0001";"";"NE_0001";"NE_0001";"NE_0001";"NE_0001";"NE_0001";"NE_0001";"NE_0001"
"2023";"06";"120606";"JUNIN";"SATIPO";"PANGOA";"GOBIERNO REGIONAL";"I-1";"00000440";"SAN JOSE DE MIRAFLORES";"NE_0001";"";"NE_0001";"NE_0001";"NE_0001";"NE_0001";"NE_0001";"NE_0001";"NE_0001"
"2023";"06";"120606";"JUNIN";"SATIPO";"PANGOA";"GOBIERNO REGIONAL";"I-1";"00000458";"VILCABAMBA";"NE_0001";"";"NE_0001";"NE_0001";"NE_0001";"NE_0001";"NE_0001";"NE_0001";"NE_0001"
"2023";"07";"220101";"SAN MARTIN";"MOYOBAMBA";"MOYOBAMBA";"GOBIERNO REGIONAL";"I-1";"00006295";"DORADA";"NE_0001";"";"NE_0001";"NE_0001";"NE_0001";"NE_0001";"NE_0001";"NE_0001";"NE_0001"
"2023";"07";"220101";"SAN MARTIN";"MOYOBAMBA";"MOYOBAMBA";"GOBIERNO REGIONAL";"I-1";"00006293";"RAFAEL BELAUNDE";"NE_0001";"";"NE_0001";"NE_0001";"NE_0001";"NE_0001";"NE_0001";"NE_0001";"NE_0001"
"2023";"07";"220802";"SAN MARTIN";"RIOJA";"AWAJUN";"GOBIERNO REGIONAL";"I-3";"00006297";"BAJO NARANJILLO";"241600";"HOSPITALIZACIÓN QUIRÚRGICA OBSTETRICIA   ";"6";"6";"6";"3";"3";"93";"0"
"2023";"07";"220101";"SAN MARTIN";"MOYOBAMBA";"MOYOBAMBA";"GOBIERNO REGIONAL";"I-1";"00006292";"IMPERIO DE CACHIYACU";"NE_0001";"";"NE_0001";"NE_0001";"NE_0001";"NE_0001";"NE_0001";"NE_0001";"NE_0001"
"2023";"07";"220101";"SAN MARTIN";"MOYOBAMBA";"MOYOBAMBA";"GOBIERNO REGIONAL";"I-1";"00006296";"SAN JOSE DE ALTO MAYO";"NE_0001";"";"NE_0001";"NE_0001";"NE_0001";"NE_0001";"NE_0001";"NE_0001";"NE_0001"
"2023";"07";"220802";"SAN MARTIN";"RIOJA";"AWAJUN";"GOBIERNO REGIONAL";"I-1";"00006298";"SAN FRANCISCO ALTO MAYO";"NE_0001";"";"NE_0001";"NE_0001";"NE_0001";"NE_0001";"NE_0001";"NE_0001";"NE_0001"
"2023";"06";"080701";"CUSCO";"CHUMBIVILCAS";"SANTO TOMAS";"GOBIERNO REGIONAL";"II-1";"00002398";"SANTO TOMAS";"240100";"HOSPITALIZACIÓN QUIRÚRGICA CIRUGÍA GENERAL ";"32";"31";"131";"165";"6";"180";"0"
"2023";"06";"080701";"CUSCO";"CHUMBIVILCAS";"SANTO TOMAS";"GOBIERNO REGIONAL";"II-1";"00002398";"SANTO TOMAS";"241400";"HOSPITALIZACIÓN QUIRÚRGICA GINECO - OBSTETRICIA ";"53";"53";"130";"98";"4";"120";"0"
"2023";"06";"080701";"CUSCO";"CHUMBIVILCAS";"SANTO TOMAS";"GOBIERNO REGIONAL";"II-1";"00002398";"SANTO TOMAS";"241600";"HOSPITALIZACIÓN QUIRÚRGICA OBSTETRICIA   ";"40";"39";"63";"132";"7";"210";"0"
"2023";"06";"080701";"CUSCO";"CHUMBIVILCAS";"SANTO TOMAS";"GOBIERNO REGIONAL";"II-1";"00002398";"SANTO TOMAS";"241800";"HOSPITALIZACIÓN DE MEDICINA MEDICINA GENERAL ";"14";"14";"55";"85";"6";"180";"0"
"2023";"06";"080701";"CUSCO";"CHUMBIVILCAS";"SANTO TOMAS";"GOBIERNO REGIONAL";"II-1";"00002398";"SANTO TOMAS";"242500";"HOSPITALIZACIÓN-PEDIATRÍA GENERAL-";"11";"11";"53";"67";"4";"120";"0"
"2023";"06";"080701";"CUSCO";"CHUMBIVILCAS";"SANTO TOMAS";"GOBIERNO REGIONAL";"II-1";"00002398";"SANTO TOMAS";"243200";"HOSPITALIZACIÓN DE PEDIATRÍA PEDIATRIA NEONATOLOGÍA";"5";"5";"10";"41";"3";"90";"0"
"2023";"07";"030601";"APURIMAC";"CHINCHEROS";"CHINCHEROS";"SANIDAD DE LA POLICIA NACIONAL DEL PERU";"I-2";"00011894";"POSTA MÉDICA SANIDAD CHINCHEROS";"NE_0001";"";"NE_0001";"NE_0001";"NE_0001";"NE_0001";"NE_0001";"NE_0001";"NE_0001"
"2023";"07";"100601";"HUANUCO";"LEONCIO PRADO";"RUPA-RUPA";"SANIDAD DE LA POLICIA NACIONAL DEL PERU";"I-2";"00015771";"POSTA MEDICA POLICIAL TINGO MARIA";"NE_0001";"";"NE_0001";"NE_0001";"NE_0001";"NE_0001";"NE_0001";"NE_0001";"NE_0001"
"2023";"07";"150130";"LIMA";"LIMA";"SAN BORJA";"PRIVADO";"II-E";"00011056";"OFTALMIC SERVICE SAC";"NE_0001";"";"NE_0001";"NE_0001";"NE_0001";"NE_0001";"NE_0001";"NE_0001";"NE_0001"
"2023";"07";"060805";"CAJAMARCA";"JAEN";"HUABAL";"GOBIERNO REGIONAL";"I-1";"00023956";"LA HUACA";"NE_0001";"";"NE_0001";"NE_0001";"NE_0001";"NE_0001";"NE_0001";"NE_0001";"NE_0001"
"2023";"07";"060805";"CAJAMARCA";"JAEN";"HUABAL";"GOBIERNO REGIONAL";"I-1";"00024938";"SAN PABLO";"NE_0001";"";"NE_0001";"NE_0001";"NE_0001";"NE_0001";"NE_0001";"NE_0001";"NE_0001"
"2023";"07";"220804";"SAN MARTIN";"RIOJA";"NUEVA CAJAMARCA";"GOBIERNO REGIONAL";"I-1";"00006302";"TUPAC AMARU";"NE_0001";"";"NE_0001";"NE_0001";"NE_0001";"NE_0001";"NE_0001";"NE_0001";"NE_0001"
"2023";"07";"220802";"SAN MARTIN";"RIOJA";"AWAJUN";"GOBIERNO REGIONAL";"I-1";"00007464";"SAN CARLOS";"NE_0001";"";"NE_0001";"NE_0001";"NE_0001";"NE_0001";"NE_0001";"NE_0001";"NE_0001"
"2023";"07";"220804";"SAN MARTIN";"RIOJA";"NUEVA CAJAMARCA";"GOBIERNO REGIONAL";"I-2";"00006301";"NARANJILLO";"NE_0001";"";"NE_0001";"NE_0001";"NE_0001";"NE_0001";"NE_0001";"NE_0001";"NE_0001"
"2023";"07";"220802";"SAN MARTIN";"RIOJA";"AWAJUN";"GOBIERNO REGIONAL";"I-1";"00009075";"NUEVA SANTA CRUZ";"NE_0001";"";"NE_0001";"NE_0001";"NE_0001";"NE_0001";"NE_0001";"NE_0001";"NE_0001"
"2023";"07";"120601";"JUNIN";"SATIPO";"SATIPO";"GOBIERNO REGIONAL";"II-1";"00000432";"DE APOYO MANUEL HIGA ARAKAKI";"240100";"HOSPITALIZACIÓN QUIRÚRGICA CIRUGÍA GENERAL ";"41";"48";"212";"292";"10";"310";"2"
"2023";"07";"120601";"JUNIN";"SATIPO";"SATIPO";"GOBIERNO REGIONAL";"II-1";"00000432";"DE APOYO MANUEL HIGA ARAKAKI";"241200";"HOSPITALIZACIÓN QUIRÚRGICA TRAUMATOLOGÍA Y ORTOPEDIA ";"20";"22";"124";"153";"5";"155";"0"
"2023";"07";"120601";"JUNIN";"SATIPO";"SATIPO";"GOBIERNO REGIONAL";"II-1";"00000432";"DE APOYO MANUEL HIGA ARAKAKI";"241500";"HOSPITALIZACIÓN QUIRÚRGICA GINECOLOGÍA  ";"47";"48";"97";"154";"5";"155";"0"
"2023";"07";"120601";"JUNIN";"SATIPO";"SATIPO";"GOBIERNO REGIONAL";"II-1";"00000432";"DE APOYO MANUEL HIGA ARAKAKI";"241600";"HOSPITALIZACIÓN QUIRÚRGICA OBSTETRICIA   ";"125";"130";"333";"369";"12";"372";"0"
"2023";"07";"120601";"JUNIN";"SATIPO";"SATIPO";"GOBIERNO REGIONAL";"II-1";"00000432";"DE APOYO MANUEL HIGA ARAKAKI";"241900";"HOSPITALIZACIÓN DE MEDICINA MEDICINA INTERNA ";"23";"37";"246";"276";"9";"279";"9"
"2023";"07";"120601";"JUNIN";"SATIPO";"SATIPO";"GOBIERNO REGIONAL";"II-1";"00000432";"DE APOYO MANUEL HIGA ARAKAKI";"242500";"HOSPITALIZACIÓN-PEDIATRÍA GENERAL-";"16";"18";"63";"84";"4";"124";"1"
"2023";"07";"120601";"JUNIN";"SATIPO";"SATIPO";"GOBIERNO REGIONAL";"II-1";"00000432";"DE APOYO MANUEL HIGA ARAKAKI";"243200";"HOSPITALIZACIÓN DE PEDIATRÍA PEDIATRIA NEONATOLOGÍA";"16";"18";"61";"81";"3";"93";"1"
"2023";"07";"200101";"PIURA";"PIURA";"PIURA";"PRIVADO";"III-E";"00013727";"INSTITUTO MEDICO ESPECIALIZADO EN DIABETES SOY DIABETICO EIRL";"240000";"HOSPITALIZACIÓN";"6";"6";"12";"12";"6";"186";"0"
"2023";"07";"080703";"CUSCO";"CHUMBIVILCAS";"CHAMACA";"GOBIERNO REGIONAL";"I-2";"00002402";"CHAMACA";"NE_0001";"";"NE_0001";"NE_0001";"NE_0001";"NE_0001";"NE_0001";"NE_0001";"NE_0001"
"2023";"07";"080703";"CUSCO";"CHUMBIVILCAS";"CHAMACA";"GOBIERNO REGIONAL";"I-2";"00002403";"AÑAHUICHI";"NE_0001";"";"NE_0001";"NE_0001";"NE_0001";"NE_0001";"NE_0001";"NE_0001";"NE_0001"
"2023";"07";"080703";"CUSCO";"CHUMBIVILCAS";"CHAMACA";"GOBIERNO REGIONAL";"I-1";"00016328";"UCCHUCCARCCO";"NE_0001";"";"NE_0001";"NE_0001";"NE_0001";"NE_0001";"NE_0001";"NE_0001";"NE_0001"
"2023";"07";"080703";"CUSCO";"CHUMBIVILCAS";"CHAMACA";"GOBIERNO REGIONAL";"I-1";"00016330";"CCONCHACCOLLO";"NE_0001";"";"NE_0001";"NE_0001";"NE_0001";"NE_0001";"NE_0001";"NE_0001";"NE_0001"
"2023";"04";"061007";"CAJAMARCA";"SAN MARCOS";"JOSE SABOGAL";"GOBIERNO REGIONAL";"I-1";"00004496";"TINYAYOC";"NE_0001";"";"NE_0001";"NE_0001";"NE_0001";"NE_0001";"NE_0001";"NE_0001";"NE_0001"
"2023";"04";"050501";"AYACUCHO";"LA MAR";"SAN MIGUEL";"GOBIERNO REGIONAL";"II-E";"00003792";"HOSPITAL DE APOYO  SAN MIGUEL";"240100";"HOSPITALIZACIÓN QUIRÚRGICA CIRUGÍA GENERAL ";"9";"9";"21";"5";"5";"150";"1"
"2023";"04";"050501";"AYACUCHO";"LA MAR";"SAN MIGUEL";"GOBIERNO REGIONAL";"II-E";"00003792";"HOSPITAL DE APOYO  SAN MIGUEL";"241500";"HOSPITALIZACIÓN QUIRÚRGICA GINECOLOGÍA  ";"7";"7";"18";"3";"5";"150";"0"
"2023";"04";"050501";"AYACUCHO";"LA MAR";"SAN MIGUEL";"GOBIERNO REGIONAL";"II-E";"00003792";"HOSPITAL DE APOYO  SAN MIGUEL";"241600";"HOSPITALIZACIÓN QUIRÚRGICA OBSTETRICIA   ";"23";"23";"45";"8";"5";"150";"0"
"2023";"04";"050501";"AYACUCHO";"LA MAR";"SAN MIGUEL";"GOBIERNO REGIONAL";"II-E";"00003792";"HOSPITAL DE APOYO  SAN MIGUEL";"241800";"HOSPITALIZACIÓN DE MEDICINA MEDICINA GENERAL ";"8";"11";"60";"9";"5";"150";"1"
"2023";"04";"050501";"AYACUCHO";"LA MAR";"SAN MIGUEL";"GOBIERNO REGIONAL";"II-E";"00003792";"HOSPITAL DE APOYO  SAN MIGUEL";"242500";"HOSPITALIZACIÓN-PEDIATRÍA GENERAL-";"1";"1";"1";"1";"5";"150";"0"
"2023";"04";"060501";"CAJAMARCA";"CONTUMAZA";"CONTUMAZA";"GOBIERNO REGIONAL";"I-1";"00004630";"EL MOTE";"NE_0001";"";"NE_0001";"NE_0001";"NE_0001";"NE_0001";"NE_0001";"NE_0001";"NE_0001"
"2023";"04";"060502";"CAJAMARCA";"CONTUMAZA";"CHILETE";"GOBIERNO REGIONAL";"I-1";"00004545";"LLALLAN";"NE_0001";"";"NE_0001";"NE_0001";"NE_0001";"NE_0001";"NE_0001";"NE_0001";"NE_0001"
"2023";"04";"060501";"CAJAMARCA";"CONTUMAZA";"CONTUMAZA";"GOBIERNO REGIONAL";"I-1";"00004632";"CORRALES DE CHANTA";"NE_0001";"";"NE_0001";"NE_0001";"NE_0001";"NE_0001";"NE_0001";"NE_0001";"NE_0001"
"2023";"04";"060502";"CAJAMARCA";"CONTUMAZA";"CHILETE";"GOBIERNO REGIONAL";"I-4";"00004538";"DE APOYO CHILETE";"240000";"HOSPITALIZACIÓN";"36";"37";"82";"78";"9";"201";"0"
"2023";"04";"060507";"CAJAMARCA";"CONTUMAZA";"TANTARICA";"GOBIERNO REGIONAL";"I-2";"00004544";"CATÁN - TANTARICA";"NE_0001";"";"NE_0001";"NE_0001";"NE_0001";"NE_0001";"NE_0001";"NE_0001";"NE_0001"
"2023";"04";"060501";"CAJAMARCA";"CONTUMAZA";"CONTUMAZA";"GOBIERNO REGIONAL";"I-1";"00004622";"CATUDEN";"NE_0001";"";"NE_0001";"NE_0001";"NE_0001";"NE_0001";"NE_0001";"NE_0001";"NE_0001"
"2023";"05";"110201";"ICA";"CHINCHA";"CHINCHA ALTA";"PRIVADO";"I-3";"00011272";"DANIEL A. CARRION EIRL";"NE_0001";"";"NE_0001";"NE_0001";"NE_0001";"NE_0001";"NE_0001";"NE_0001";"NE_0001"
"2023";"05";"150110";"LIMA";"LIMA";"COMAS";"ESSALUD";"II-1";"00027565";"Hospital I Marino Molina Scippa - EsSalud";"241800";"HOSPITALIZACIÓN DE MEDICINA MEDICINA GENERAL ";"101";"101";"765";"908";"30";"930";"3"
"2023";"05";"150110";"LIMA";"LIMA";"COMAS";"ESSALUD";"II-1";"00027565";"Hospital I Marino Molina Scippa - EsSalud";"240100";"HOSPITALIZACIÓN QUIRÚRGICA CIRUGÍA GENERAL ";"13";"157";"508";"542";"19";"589";"0"
"2023";"05";"150110";"LIMA";"LIMA";"COMAS";"ESSALUD";"II-1";"00027565";"Hospital I Marino Molina Scippa - EsSalud";"241600";"HOSPITALIZACIÓN QUIRÚRGICA OBSTETRICIA   ";"293";"292";"681";"656";"26";"806";"0"
"2023";"05";"150110";"LIMA";"LIMA";"COMAS";"ESSALUD";"II-1";"00027565";"Hospital I Marino Molina Scippa - EsSalud";"241500";"HOSPITALIZACIÓN QUIRÚRGICA GINECOLOGÍA  ";"17";"13";"54";"92";"3";"93";"0"
"2023";"05";"150110";"LIMA";"LIMA";"COMAS";"ESSALUD";"II-1";"00027565";"Hospital I Marino Molina Scippa - EsSalud";"242300";"HOSPITALIZACIÓN DE PEDIATRÍA  PEDIATRÍA  GENERAL ";"76";"74";"290";"288";"10";"310";"0"
"2023";"05";"150110";"LIMA";"LIMA";"COMAS";"ESSALUD";"II-1";"00027565";"Hospital I Marino Molina Scippa - EsSalud";"243200";"HOSPITALIZACIÓN DE PEDIATRÍA PEDIATRIA NEONATOLOGÍA";"57";"54";"178";"172";"7";"217";"0"
"2023";"05";"040701";"AREQUIPA";"ISLAY";"MOLLENDO";"ESSALUD";"II-1";"00013295";"HOSPITAL II MANUEL DE TORRES MUÑOZ -  MOLLENDO";"241800";"HOSPITALIZACIÓN DE MEDICINA MEDICINA GENERAL ";"29";"33";"197";"179";"9";"279";"7"
"2023";"05";"040701";"AREQUIPA";"ISLAY";"MOLLENDO";"ESSALUD";"II-1";"00013295";"HOSPITAL II MANUEL DE TORRES MUÑOZ -  MOLLENDO";"240100";"HOSPITALIZACIÓN QUIRÚRGICA CIRUGÍA GENERAL ";"36";"31";"101";"109";"7";"217";"0"
"2023";"05";"040701";"AREQUIPA";"ISLAY";"MOLLENDO";"ESSALUD";"II-1";"00013295";"HOSPITAL II MANUEL DE TORRES MUÑOZ -  MOLLENDO";"241500";"HOSPITALIZACIÓN QUIRÚRGICA GINECOLOGÍA  ";"5";"4";"11";"13";"2";"62";"0"
"2023";"05";"040701";"AREQUIPA";"ISLAY";"MOLLENDO";"ESSALUD";"II-1";"00013295";"HOSPITAL II MANUEL DE TORRES MUÑOZ -  MOLLENDO";"241600";"HOSPITALIZACIÓN QUIRÚRGICA OBSTETRICIA   ";"17";"16";"36";"36";"5";"155";"0"
"2023";"05";"040701";"AREQUIPA";"ISLAY";"MOLLENDO";"ESSALUD";"II-1";"00013295";"HOSPITAL II MANUEL DE TORRES MUÑOZ -  MOLLENDO";"242300";"HOSPITALIZACIÓN DE PEDIATRÍA  PEDIATRÍA  GENERAL ";"25";"23";"48";"59";"4";"124";"0"
"2023";"07";"120303";"JUNIN";"CHANCHAMAYO";"PICHANAQUI";"GOBIERNO REGIONAL";"I-1";"00006712";"BARINETTI REAL";"NE_0001";"";"NE_0001";"NE_0001";"NE_0001";"NE_0001";"NE_0001";"NE_0001";"NE_0001"
"2023";"05";"120117";"JUNIN";"HUANCAYO";"HUALHUAS";"GOBIERNO REGIONAL";"I-2";"00000718";"HUALHUAS";"NE_0002";"";"NE_0002";"NE_0002";"NE_0002";"NE_0002";"NE_0002";"NE_0002";"NE_0002"
"2023";"05";"120114";"JUNIN";"HUANCAYO";"EL TAMBO";"GOBIERNO REGIONAL";"I-2";"00000715";"RAMIRO PRIALE";"NE_0002";"";"NE_0002";"NE_0002";"NE_0002";"NE_0002";"NE_0002";"NE_0002";"NE_0002"
"2023";"05";"120114";"JUNIN";"HUANCAYO";"EL TAMBO";"GOBIERNO REGIONAL";"I-1";"00000717";"LA VICTORIA";"NE_0002";"";"NE_0002";"NE_0002";"NE_0002";"NE_0002";"NE_0002";"NE_0002";"NE_0002"
"2023";"05";"120129";"JUNIN";"HUANCAYO";"SAN AGUSTIN";"GOBIERNO REGIONAL";"I-3";"00000722";"SAN AGUSTIN DE CAJAS";"NE_0002";"";"NE_0002";"NE_0002";"NE_0002";"NE_0002";"NE_0002";"NE_0002";"NE_0002"
"2023";"05";"120129";"JUNIN";"HUANCAYO";"SAN AGUSTIN";"GOBIERNO REGIONAL";"I-1";"00000723";"COILLOR";"NE_0002";"";"NE_0002";"NE_0002";"NE_0002";"NE_0002";"NE_0002";"NE_0002";"NE_0002"
"2023";"05";"120132";"JUNIN";"HUANCAYO";"SAÑO";"GOBIERNO REGIONAL";"I-2";"00000725";"SAN PEDRO DE SAÑO";"NE_0002";"";"NE_0002";"NE_0002";"NE_0002";"NE_0002";"NE_0002";"NE_0002";"NE_0002"
"2023";"05";"120130";"JUNIN";"HUANCAYO";"SAN JERONIMO DE TUNAN";"GOBIERNO REGIONAL";"I-3";"00000724";"SAN JERONIMO";"NE_0002";"";"NE_0002";"NE_0002";"NE_0002";"NE_0002";"NE_0002";"NE_0002";"NE_0002"
"2023";"05";"120114";"JUNIN";"HUANCAYO";"EL TAMBO";"GOBIERNO REGIONAL";"I-1";"00018190";"1RO DE MAYO";"NE_0002";"";"NE_0002";"NE_0002";"NE_0002";"NE_0002";"NE_0002";"NE_0002";"NE_0002"
"2023";"05";"120114";"JUNIN";"HUANCAYO";"EL TAMBO";"GOBIERNO REGIONAL";"I-1";"00000711";"SAÑOS CHICO";"NE_0002";"";"NE_0002";"NE_0002";"NE_0002";"NE_0002";"NE_0002";"NE_0002";"NE_0002"
"2023";"05";"120128";"JUNIN";"HUANCAYO";"QUILCAS";"GOBIERNO REGIONAL";"I-2";"00000720";"QUILCAS";"NE_0002";"";"NE_0002";"NE_0002";"NE_0002";"NE_0002";"NE_0002";"NE_0002";"NE_0002"
"2023";"05";"120114";"JUNIN";"HUANCAYO";"EL TAMBO";"GOBIERNO REGIONAL";"I-2";"00000735";"COCHAS CHICO";"NE_0002";"";"NE_0002";"NE_0002";"NE_0002";"NE_0002";"NE_0002";"NE_0002";"NE_0002"
"2023";"05";"120114";"JUNIN";"HUANCAYO";"EL TAMBO";"GOBIERNO REGIONAL";"I-1";"00000706";"SAÑOS GRANDE";"NE_0002";"";"NE_0002";"NE_0002";"NE_0002";"NE_0002";"NE_0002";"NE_0002";"NE_0002"
"2023";"05";"120114";"JUNIN";"HUANCAYO";"EL TAMBO";"GOBIERNO REGIONAL";"I-1";"00000708";"PACCHA";"NE_0002";"";"NE_0002";"NE_0002";"NE_0002";"NE_0002";"NE_0002";"NE_0002";"NE_0002"
"2023";"05";"120114";"JUNIN";"HUANCAYO";"EL TAMBO";"GOBIERNO REGIONAL";"I-1";"00000716";"HUALAHOYO";"NE_0002";"";"NE_0002";"NE_0002";"NE_0002";"NE_0002";"NE_0002";"NE_0002";"NE_0002"
"2023";"05";"120125";"JUNIN";"HUANCAYO";"PILCOMAYO";"GOBIERNO REGIONAL";"I-3";"00000719";"PILCOMAYO";"NE_0002";"";"NE_0002";"NE_0002";"NE_0002";"NE_0002";"NE_0002";"NE_0002";"NE_0002"
"2023";"05";"120134";"JUNIN";"HUANCAYO";"SICAYA";"GOBIERNO REGIONAL";"I-3";"00000726";"SICAYA";"NE_0002";"";"NE_0002";"NE_0002";"NE_0002";"NE_0002";"NE_0002";"NE_0002";"NE_0002"
"2023";"05";"120114";"JUNIN";"HUANCAYO";"EL TAMBO";"GOBIERNO REGIONAL";"I-1";"00000733";"CULLPA";"NE_0002";"";"NE_0002";"NE_0002";"NE_0002";"NE_0002";"NE_0002";"NE_0002";"NE_0002"
"2023";"05";"120114";"JUNIN";"HUANCAYO";"EL TAMBO";"GOBIERNO REGIONAL";"I-1";"00000712";"AZA";"NE_0002";"";"NE_0002";"NE_0002";"NE_0002";"NE_0002";"NE_0002";"NE_0002";"NE_0002"
"2023";"05";"120114";"JUNIN";"HUANCAYO";"EL TAMBO";"GOBIERNO REGIONAL";"I-1";"00000734";"COCHAS GRANDE";"NE_0002";"";"NE_0002";"NE_0002";"NE_0002";"NE_0002";"NE_0002";"NE_0002";"NE_0002"
"2023";"05";"120114";"JUNIN";"HUANCAYO";"EL TAMBO";"GOBIERNO REGIONAL";"I-4";"00000705";"JUSTICIA PAZ Y VIDA";"NE_0002";"";"NE_0002";"NE_0002";"NE_0002";"NE_0002";"NE_0002";"NE_0002";"NE_0002"
"2023";"05";"120114";"JUNIN";"HUANCAYO";"EL TAMBO";"GOBIERNO REGIONAL";"I-3";"00000707";"SAN MARTIN";"NE_0002";"";"NE_0002";"NE_0002";"NE_0002";"NE_0002";"NE_0002";"NE_0002";"NE_0002"
"2023";"05";"120114";"JUNIN";"HUANCAYO";"EL TAMBO";"GOBIERNO REGIONAL";"I-1";"00000709";"UMUTO";"NE_0002";"";"NE_0002";"NE_0002";"NE_0002";"NE_0002";"NE_0002";"NE_0002";"NE_0002"
"2023";"05";"120114";"JUNIN";"HUANCAYO";"EL TAMBO";"GOBIERNO REGIONAL";"I-1";"00000710";"INCHO";"NE_0002";"";"NE_0002";"NE_0002";"NE_0002";"NE_0002";"NE_0002";"NE_0002";"NE_0002"
"2023";"05";"120114";"JUNIN";"HUANCAYO";"EL TAMBO";"GOBIERNO REGIONAL";"I-3";"00000714";"JUAN PARRA DEL RIEGO";"NE_0002";"";"NE_0002";"NE_0002";"NE_0002";"NE_0002";"NE_0002";"NE_0002";"NE_0002"
"2023";"05";"120128";"JUNIN";"HUANCAYO";"QUILCAS";"GOBIERNO REGIONAL";"I-1";"00000721";"COLPAR";"NE_0002";"";"NE_0002";"NE_0002";"NE_0002";"NE_0002";"NE_0002";"NE_0002";"NE_0002"
"2023";"05";"040112";"AREQUIPA";"AREQUIPA";"PAUCARPATA";"ESSALUD";"I-2";"00012194";"CAP III - PAUCARPATA";"NE_0001";"";"NE_0001";"NE_0001";"NE_0001";"NE_0001";"NE_0001";"NE_0001";"NE_0001"
"2023";"07";"150131";"LIMA";"LIMA";"SAN ISIDRO";"PRIVADO";"II-E";"00018667";"CLINICA ARROYO";"NE_0001";"";"NE_0001";"NE_0001";"NE_0001";"NE_0001";"NE_0001";"NE_0001";"NE_0001"
"2023";"07";"220502";"SAN MARTIN";"LAMAS";"ALONSO DE ALVARADO";"GOBIERNO REGIONAL";"I-3";"00006348";"ROQUE";"241600";"HOSPITALIZACIÓN QUIRÚRGICA OBSTETRICIA   ";"7";"7";"7";"30";"7";"31";"0"
"2023";"08";"120122";"JUNIN";"HUANCAYO";"INGENIO";"GOBIERNO REGIONAL";"I-1";"00000664";"CASACANCHA";"NE_0001";"";"NE_0001";"NE_0001";"NE_0001";"NE_0001";"NE_0001";"NE_0001";"NE_0001"
"2023";"08";"120201";"JUNIN";"CONCEPCION";"CONCEPCION";"GOBIERNO REGIONAL";"I-4";"00000671";"DAVID GUERRERO DUARTE";"NE_0001";"";"NE_0001";"NE_0001";"NE_0001";"NE_0001";"NE_0001";"NE_0001";"NE_0001"
"2023";"08";"120210";"JUNIN";"CONCEPCION";"MATAHUASI";"GOBIERNO REGIONAL";"I-3";"00000687";"MATAHUASI";"NE_0001";"";"NE_0001";"NE_0001";"NE_0001";"NE_0001";"NE_0001";"NE_0001";"NE_0001"
"2023";"08";"120211";"JUNIN";"CONCEPCION";"MITO";"GOBIERNO REGIONAL";"I-1";"00000750";"MATAHULO";"NE_0001";"";"NE_0001";"NE_0001";"NE_0001";"NE_0001";"NE_0001";"NE_0001";"NE_0001"
"2023";"08";"120202";"JUNIN";"CONCEPCION";"ACO";"GOBIERNO REGIONAL";"I-1";"00000747";"QUICHA GRANDE";"NE_0001";"";"NE_0001";"NE_0001";"NE_0001";"NE_0001";"NE_0001";"NE_0001";"NE_0001"
"2023";"08";"120213";"JUNIN";"CONCEPCION";"ORCOTUNA";"GOBIERNO REGIONAL";"I-1";"00000752";"VICSO";"NE_0001";"";"NE_0001";"NE_0001";"NE_0001";"NE_0001";"NE_0001";"NE_0001";"NE_0001"
"2023";"08";"120207";"JUNIN";"CONCEPCION";"HEROINAS TOLEDO";"GOBIERNO REGIONAL";"I-1";"00000685";"HEROINAS TOLEDO";"NE_0001";"";"NE_0001";"NE_0001";"NE_0001";"NE_0001";"NE_0001";"NE_0001";"NE_0001"
"2023";"08";"120215";"JUNIN";"CONCEPCION";"SANTA ROSA DE OCOPA";"GOBIERNO REGIONAL";"I-1";"00000692";"HUANCHAR";"NE_0001";"";"NE_0001";"NE_0001";"NE_0001";"NE_0001";"NE_0001";"NE_0001";"NE_0001"
"2023";"08";"120127";"JUNIN";"HUANCAYO";"QUICHUAY";"GOBIERNO REGIONAL";"I-2";"00000665";"QUICHUAY";"NE_0001";"";"NE_0001";"NE_0001";"NE_0001";"NE_0001";"NE_0001";"NE_0001";"NE_0001"
"2023";"08";"120210";"JUNIN";"CONCEPCION";"MATAHUASI";"GOBIERNO REGIONAL";"I-1";"00000688";"MARAVILCA";"NE_0001";"";"NE_0001";"NE_0001";"NE_0001";"NE_0001";"NE_0001";"NE_0001";"NE_0001"
"2023";"08";"120210";"JUNIN";"CONCEPCION";"MATAHUASI";"GOBIERNO REGIONAL";"I-1";"00000689";"YANAMUCLO";"NE_0001";"";"NE_0001";"NE_0001";"NE_0001";"NE_0001";"NE_0001";"NE_0001";"NE_0001"
"2023";"08";"120215";"JUNIN";"CONCEPCION";"SANTA ROSA DE OCOPA";"GOBIERNO REGIONAL";"I-3";"00000691";"SANTA ROSA DE OCOPA";"NE_0001";"";"NE_0001";"NE_0001";"NE_0001";"NE_0001";"NE_0001";"NE_0001";"NE_0001"
"2023";"08";"010101";"AMAZONAS";"CHACHAPOYAS";"CHACHAPOYAS";"GOBIERNO REGIONAL";"II-2";"00004838";"HOSPITAL REGIONAL VIRGEN DE FATIMA";"240100";"HOSPITALIZACIÓN QUIRÚRGICA CIRUGÍA GENERAL ";"90";"102";"514";"515";"20";"620";"0"
"2023";"08";"010101";"AMAZONAS";"CHACHAPOYAS";"CHACHAPOYAS";"GOBIERNO REGIONAL";"II-2";"00004838";"HOSPITAL REGIONAL VIRGEN DE FATIMA";"240700";"HOSPITALIZACIÓN QUIRÚRGICA CIRUGÍA PEDIÁTRICA ";"34";"34";"38";"71";"3";"93";"0"
"2023";"08";"010101";"AMAZONAS";"CHACHAPOYAS";"CHACHAPOYAS";"GOBIERNO REGIONAL";"II-2";"00004838";"HOSPITAL REGIONAL VIRGEN DE FATIMA";"241200";"HOSPITALIZACIÓN QUIRÚRGICA TRAUMATOLOGÍA Y ORTOPEDIA ";"25";"30";"244";"236";"9";"279";"0"
"2023";"08";"010101";"AMAZONAS";"CHACHAPOYAS";"CHACHAPOYAS";"GOBIERNO REGIONAL";"II-2";"00004838";"HOSPITAL REGIONAL VIRGEN DE FATIMA";"241500";"HOSPITALIZACIÓN QUIRÚRGICA GINECOLOGÍA  ";"19";"20";"62";"74";"6";"620";"0"
"2023";"08";"010101";"AMAZONAS";"CHACHAPOYAS";"CHACHAPOYAS";"GOBIERNO REGIONAL";"II-2";"00004838";"HOSPITAL REGIONAL VIRGEN DE FATIMA";"241600";"HOSPITALIZACIÓN QUIRÚRGICA OBSTETRICIA   ";"151";"162";"270";"407";"20";"620";"0"
"2023";"08";"010101";"AMAZONAS";"CHACHAPOYAS";"CHACHAPOYAS";"GOBIERNO REGIONAL";"II-2";"00004838";"HOSPITAL REGIONAL VIRGEN DE FATIMA";"241900";"HOSPITALIZACIÓN DE MEDICINA MEDICINA INTERNA ";"63";"74";"403";"403";"23";"713";"4"
"2023";"08";"010101";"AMAZONAS";"CHACHAPOYAS";"CHACHAPOYAS";"GOBIERNO REGIONAL";"II-2";"00004838";"HOSPITAL REGIONAL VIRGEN DE FATIMA";"242500";"HOSPITALIZACIÓN-PEDIATRÍA GENERAL-";"20";"29";"225";"176";"14";"434";"1"
"2023";"08";"010101";"AMAZONAS";"CHACHAPOYAS";"CHACHAPOYAS";"GOBIERNO REGIONAL";"II-2";"00004838";"HOSPITAL REGIONAL VIRGEN DE FATIMA";"243200";"HOSPITALIZACIÓN DE PEDIATRÍA PEDIATRIA NEONATOLOGÍA";"106";"123";"372";"310";"10";"310";"0"
"2023";"08";"010101";"AMAZONAS";"CHACHAPOYAS";"CHACHAPOYAS";"GOBIERNO REGIONAL";"II-2";"00004838";"HOSPITAL REGIONAL VIRGEN DE FATIMA";"250103";"UNIDAD DE CUIDADOS CRITICOS UNIDAD  DE CUIDADOS INTENSIVOS GENERALES  (UCI) MEDICINA";"4";"10";"212";"84";"5";"155";"5"
"2023";"08";"010101";"AMAZONAS";"CHACHAPOYAS";"CHACHAPOYAS";"GOBIERNO REGIONAL";"II-2";"00004838";"HOSPITAL REGIONAL VIRGEN DE FATIMA";"250105";"UNIDAD DE CUIDADOS CRITICOS UNIDAD  DE CUIDADOS INTENSIVOS  (UCI) NEONATOLOGÍA";"4";"7";"89";"73";"6";"186";"0"
"2023";"08";"150141";"LIMA";"LIMA";"SURQUILLO";"SANIDAD DE LA POLICIA NACIONAL DEL PERU";"I-3";"00012822";"CENTRO ODONTOLOGICO PNP ANGAMOS";"NE_0001";"";"NE_0001";"NE_0001";"NE_0001";"NE_0001";"NE_0001";"NE_0001";"NE_0001"
"2023";"08";"150140";"LIMA";"LIMA";"SANTIAGO DE SURCO";"PRIVADO";"II-2";"00009989";"CLINICA PADRE LUIS TEZZA";"240000";"HOSPITALIZACIÓN";"327";"339";"1285";"1557";"62";"1922";"7"
"2023";"09";"120303";"JUNIN";"CHANCHAMAYO";"PICHANAQUI";"GOBIERNO REGIONAL";"I-2";"00007361";"COLONIA HUANCA";"NE_0001";"";"NE_0001";"NE_0001";"NE_0001";"NE_0001";"NE_0001";"NE_0001";"NE_0001"
"2023";"09";"040110";"AREQUIPA";"AREQUIPA";"MIRAFLORES";"GOBIERNO REGIONAL";"I-2";"00001305";"CENTRO DE SALUD TOMASA T. COMDEMAYTA";"NE_0001";"";"NE_0001";"NE_0001";"NE_0001";"NE_0001";"NE_0001";"NE_0001";"NE_0001"
"2023";"09";"040110";"AREQUIPA";"AREQUIPA";"MIRAFLORES";"GOBIERNO REGIONAL";"I-3";"00032056";"CENTRO DE SALUD MENTAL COMUNITARIO MIRAFLORES";"NE_0001";"";"NE_0001";"NE_0001";"NE_0001";"NE_0001";"NE_0001";"NE_0001";"NE_0001"
"2023";"09";"040110";"AREQUIPA";"AREQUIPA";"MIRAFLORES";"GOBIERNO REGIONAL";"I-4";"00001292";"CENTRO DE SALUD EDIFICADORES MISTI";"241600";"HOSPITALIZACIÓN QUIRÚRGICA OBSTETRICIA   ";"11";"11";"11";"11";"11";"30";"0"
"2023";"09";"040110";"AREQUIPA";"AREQUIPA";"MIRAFLORES";"GOBIERNO REGIONAL";"I-3";"00001293";"CENTRO DE SALUD MIRAFLORES";"NE_0001";"";"NE_0001";"NE_0001";"NE_0001";"NE_0001";"NE_0001";"NE_0001";"NE_0001"
"2023";"09";"040110";"AREQUIPA";"AREQUIPA";"MIRAFLORES";"GOBIERNO REGIONAL";"I-3";"00001307";"CENTRO DE SALUD MATEO PUMACAHUA";"NE_0001";"";"NE_0001";"NE_0001";"NE_0001";"NE_0001";"NE_0001";"NE_0001";"NE_0001"
"2023";"03";"150110";"LIMA";"LIMA";"COMAS";"PRIVADO";"II-E";"00025598";"CLINICA MATER PURISSIMA";"241400";"HOSPITALIZACIÓN QUIRÚRGICA GINECO - OBSTETRICIA ";"9";"8";"17";"17";"8";"248";"0"
"2023";"03";"130101";"LA LIBERTAD";"TRUJILLO";"TRUJILLO";"PRIVADO";"II-E";"00024168";"NORLASER";"NE_0001";"";"NE_0001";"NE_0001";"NE_0001";"NE_0001";"NE_0001";"NE_0001";"NE_0001"
"2023";"04";"110501";"ICA";"PISCO";"PISCO";"PRIVADO";"0";"00024336";"CENTRO DE MEDICINA FISICA Y REHABILITACION";"NE_0001";"";"NE_0001";"NE_0001";"NE_0001";"NE_0001";"NE_0001";"NE_0001";"NE_0001"
"2023";"04";"120114";"JUNIN";"HUANCAYO";"EL TAMBO";"GOBIERNO REGIONAL";"I-1";"00000711";"SAÑOS CHICO";"NE_0002";"";"NE_0002";"NE_0002";"NE_0002";"NE_0002";"NE_0002";"NE_0002";"NE_0002"
"2023";"04";"120128";"JUNIN";"HUANCAYO";"QUILCAS";"GOBIERNO REGIONAL";"I-2";"00000720";"QUILCAS";"NE_0002";"";"NE_0002";"NE_0002";"NE_0002";"NE_0002";"NE_0002";"NE_0002";"NE_0002"
"2023";"04";"120114";"JUNIN";"HUANCAYO";"EL TAMBO";"GOBIERNO REGIONAL";"I-2";"00000735";"COCHAS CHICO";"NE_0002";"";"NE_0002";"NE_0002";"NE_0002";"NE_0002";"NE_0002";"NE_0002";"NE_0002"
"2023";"04";"120114";"JUNIN";"HUANCAYO";"EL TAMBO";"GOBIERNO REGIONAL";"I-1";"00000706";"SAÑOS GRANDE";"NE_0002";"";"NE_0002";"NE_0002";"NE_0002";"NE_0002";"NE_0002";"NE_0002";"NE_0002"
"2023";"04";"120114";"JUNIN";"HUANCAYO";"EL TAMBO";"GOBIERNO REGIONAL";"I-1";"00000708";"PACCHA";"NE_0002";"";"NE_0002";"NE_0002";"NE_0002";"NE_0002";"NE_0002";"NE_0002";"NE_0002"
"2023";"04";"120114";"JUNIN";"HUANCAYO";"EL TAMBO";"GOBIERNO REGIONAL";"I-1";"00000716";"HUALAHOYO";"NE_0002";"";"NE_0002";"NE_0002";"NE_0002";"NE_0002";"NE_0002";"NE_0002";"NE_0002"
"2023";"04";"120125";"JUNIN";"HUANCAYO";"PILCOMAYO";"GOBIERNO REGIONAL";"I-3";"00000719";"PILCOMAYO";"NE_0002";"";"NE_0002";"NE_0002";"NE_0002";"NE_0002";"NE_0002";"NE_0002";"NE_0002"
"2023";"04";"120134";"JUNIN";"HUANCAYO";"SICAYA";"GOBIERNO REGIONAL";"I-3";"00000726";"SICAYA";"NE_0002";"";"NE_0002";"NE_0002";"NE_0002";"NE_0002";"NE_0002";"NE_0002";"NE_0002"
"2023";"04";"120114";"JUNIN";"HUANCAYO";"EL TAMBO";"GOBIERNO REGIONAL";"I-1";"00000733";"CULLPA";"NE_0002";"";"NE_0002";"NE_0002";"NE_0002";"NE_0002";"NE_0002";"NE_0002";"NE_0002"
"2023";"04";"120114";"JUNIN";"HUANCAYO";"EL TAMBO";"GOBIERNO REGIONAL";"I-1";"00000712";"AZA";"NE_0002";"";"NE_0002";"NE_0002";"NE_0002";"NE_0002";"NE_0002";"NE_0002";"NE_0002"
"2023";"04";"120114";"JUNIN";"HUANCAYO";"EL TAMBO";"GOBIERNO REGIONAL";"I-1";"00000734";"COCHAS GRANDE";"NE_0002";"";"NE_0002";"NE_0002";"NE_0002";"NE_0002";"NE_0002";"NE_0002";"NE_0002"
"2023";"04";"120114";"JUNIN";"HUANCAYO";"EL TAMBO";"GOBIERNO REGIONAL";"I-4";"00000705";"JUSTICIA PAZ Y VIDA";"NE_0002";"";"NE_0002";"NE_0002";"NE_0002";"NE_0002";"NE_0002";"NE_0002";"NE_0002"
"2023";"04";"120114";"JUNIN";"HUANCAYO";"EL TAMBO";"GOBIERNO REGIONAL";"I-3";"00000707";"SAN MARTIN";"NE_0002";"";"NE_0002";"NE_0002";"NE_0002";"NE_0002";"NE_0002";"NE_0002";"NE_0002"
"2023";"04";"120114";"JUNIN";"HUANCAYO";"EL TAMBO";"GOBIERNO REGIONAL";"I-1";"00000709";"UMUTO";"NE_0002";"";"NE_0002";"NE_0002";"NE_0002";"NE_0002";"NE_0002";"NE_0002";"NE_0002"
"2023";"04";"120114";"JUNIN";"HUANCAYO";"EL TAMBO";"GOBIERNO REGIONAL";"I-1";"00000710";"INCHO";"NE_0002";"";"NE_0002";"NE_0002";"NE_0002";"NE_0002";"NE_0002";"NE_0002";"NE_0002"
"2023";"04";"120114";"JUNIN";"HUANCAYO";"EL TAMBO";"GOBIERNO REGIONAL";"I-3";"00000714";"JUAN PARRA DEL RIEGO";"NE_0002";"";"NE_0002";"NE_0002";"NE_0002";"NE_0002";"NE_0002";"NE_0002";"NE_0002"
"2023";"04";"120128";"JUNIN";"HUANCAYO";"QUILCAS";"GOBIERNO REGIONAL";"I-1";"00000721";"COLPAR";"NE_0002";"";"NE_0002";"NE_0002";"NE_0002";"NE_0002";"NE_0002";"NE_0002";"NE_0002"
"2023";"03";"250302";"UCAYALI";"PADRE ABAD";"IRAZOLA";"GOBIERNO REGIONAL";"I-1";"00030643";"PUESTO DE SALUD NUEVA FLORIDA";"NE_0002";"";"NE_0002";"NE_0002";"NE_0002";"NE_0002";"NE_0002";"NE_0002";"NE_0002"
"2023";"03";"250302";"UCAYALI";"PADRE ABAD";"IRAZOLA";"GOBIERNO REGIONAL";"I-1";"00030642";"PUESTO DE SALUD NUEVA UNIÓN PALOMETA";"NE_0002";"";"NE_0002";"NE_0002";"NE_0002";"NE_0002";"NE_0002";"NE_0002";"NE_0002"
"2023";"03";"250302";"UCAYALI";"PADRE ABAD";"IRAZOLA";"GOBIERNO REGIONAL";"I-1";"00030641";"PUESTO DE SALUD DE SHANANTIA";"NE_0002";"";"NE_0002";"NE_0002";"NE_0002";"NE_0002";"NE_0002";"NE_0002";"NE_0002"
"2023";"03";"250302";"UCAYALI";"PADRE ABAD";"IRAZOLA";"GOBIERNO REGIONAL";"I-1";"00010765";"PUERTO NUEVO";"NE_0001";"";"NE_0001";"NE_0001";"NE_0001";"NE_0001";"NE_0001";"NE_0001";"NE_0001"
"2023";"03";"250302";"UCAYALI";"PADRE ABAD";"IRAZOLA";"MINSA";"I-2";"00006884";"NUEVO UCAYALI KM.98";"NE_0001";"";"NE_0001";"NE_0001";"NE_0001";"NE_0001";"NE_0001";"NE_0001";"NE_0001"
"2023";"02";"150108";"LIMA";"LIMA";"CHORRILLOS";"PRIVADO";"II-1";"00011950";"CLINICA CHORRILLOS";"NE_0002";"";"NE_0002";"NE_0002";"NE_0002";"NE_0002";"NE_0002";"NE_0002";"NE_0002"
"2023";"07";"030104";"APURIMAC";"ABANCAY";"CURAHUASI";"PRIVADO";"II-1";"00008108";"HOSPITAL  DIOSPI SUYANA";"240000";"HOSPITALIZACIÓN";"145";"138";"530";"632";"39";"1523";"0"
"2023";"08";"150113";"LIMA";"LIMA";"JESUS MARIA";"ESSALUD";"I-3";"00008711";"POLICLINICO PABLO BERMUDEZ";"NE_0001";"";"NE_0001";"NE_0001";"NE_0001";"NE_0001";"NE_0001";"NE_0001";"NE_0001"
"2023";"08";"200101";"PIURA";"PIURA";"PIURA";"ESSALUD";"I-3";"00012235";"CENTRO DE ATENCIÓN PRIMARIA CAP III METROPOLITANO- ESSALUD";"NE_0001";"";"NE_0001";"NE_0001";"NE_0001";"NE_0001";"NE_0001";"NE_0001";"NE_0001"
"2023";"09";"150140";"LIMA";"LIMA";"SANTIAGO DE SURCO";"PRIVADO";"II-E";"00013900";"OFTALMOSALUD";"NE_0001";"";"NE_0001";"NE_0001";"NE_0001";"NE_0001";"NE_0001";"NE_0001";"NE_0001"
"2023";"09";"080702";"CUSCO";"CHUMBIVILCAS";"CAPACMARCA";"GOBIERNO REGIONAL";"I-3";"00002401";"CCAPACMARCA";"NE_0001";"";"NE_0001";"NE_0001";"NE_0001";"NE_0001";"NE_0001";"NE_0001";"NE_0001"
"2023";"09";"070101";"CALLAO";"CALLAO";"CALLAO";"GOBIERNO REGIONAL";"I-2";"00006226";"PUESTO DE SALUD PUERTO NUEVO";"NE_0001";"";"NE_0001";"NE_0001";"NE_0001";"NE_0001";"NE_0001";"NE_0001";"NE_0001"
"2023";"09";"070101";"CALLAO";"CALLAO";"CALLAO";"GOBIERNO REGIONAL";"I-2";"00006220";"PUESTO DE SALUD MANUEL BONILLA";"NE_0001";"";"NE_0001";"NE_0001";"NE_0001";"NE_0001";"NE_0001";"NE_0001";"NE_0001"
"2023";"09";"210101";"PUNO";"PUNO";"PUNO";"SANIDAD DEL EJERCITO DEL PERU";"I-3";"00021066";"POLICLÍNICO MILITAR MANCO CÁPAC";"NE_0001";"";"NE_0001";"NE_0001";"NE_0001";"NE_0001";"NE_0001";"NE_0001";"NE_0001"
"2023";"09";"010701";"AMAZONAS";"UTCUBAMBA";"BAGUA GRANDE";"GOBIERNO REGIONAL";"II-1";"00005125";"HOSPITAL  SANTIAGO APOSTOL DE UTCUBAMBA";"241600";"HOSPITALIZACIÓN QUIRÚRGICA OBSTETRICIA   ";"210";"205";"199";"210";"17";"527";"0"
"2023";"09";"010701";"AMAZONAS";"UTCUBAMBA";"BAGUA GRANDE";"GOBIERNO REGIONAL";"II-1";"00005125";"HOSPITAL  SANTIAGO APOSTOL DE UTCUBAMBA";"241800";"HOSPITALIZACIÓN DE MEDICINA MEDICINA GENERAL ";"134";"140";"111";"134";"9";"279";"1"
"2023";"09";"010701";"AMAZONAS";"UTCUBAMBA";"BAGUA GRANDE";"GOBIERNO REGIONAL";"II-1";"00005125";"HOSPITAL  SANTIAGO APOSTOL DE UTCUBAMBA";"242500";"HOSPITALIZACIÓN-PEDIATRÍA GENERAL-";"111";"113";"110";"113";"5";"155";"1"
"2023";"09";"010701";"AMAZONAS";"UTCUBAMBA";"BAGUA GRANDE";"GOBIERNO REGIONAL";"II-1";"00005125";"HOSPITAL  SANTIAGO APOSTOL DE UTCUBAMBA";"243200";"HOSPITALIZACIÓN DE PEDIATRÍA PEDIATRIA NEONATOLOGÍA";"44";"36";"27";"40";"6";"186";"0"
"2023";"09";"010701";"AMAZONAS";"UTCUBAMBA";"BAGUA GRANDE";"GOBIERNO REGIONAL";"II-1";"00005125";"HOSPITAL  SANTIAGO APOSTOL DE UTCUBAMBA";"250304";"HOSPIT. EN UNIDAD DE CUID.INTEN.-UNIDAD DE VIGILANCIA INTENSIVA (UVI)-MEDICINA";"43";"63";"43";"60";"3";"93";"2"
"2023";"09";"050601";"AYACUCHO";"LUCANAS";"PUQUIO";"GOBIERNO REGIONAL";"II-1";"00003727";"HOSPITAL DE APOYO DE PUQUIO ""FELIPE HUAMÁN POMA DE AYALA""";"240100";"HOSPITALIZACIÓN QUIRÚRGICA CIRUGÍA GENERAL ";"10";"11";"70";"10";"8";"240";"0"
"2023";"09";"050601";"AYACUCHO";"LUCANAS";"PUQUIO";"GOBIERNO REGIONAL";"II-1";"00003727";"HOSPITAL DE APOYO DE PUQUIO ""FELIPE HUAMÁN POMA DE AYALA""";"241500";"HOSPITALIZACIÓN QUIRÚRGICA GINECOLOGÍA  ";"10";"10";"20";"10";"4";"120";"0"
"2023";"09";"050601";"AYACUCHO";"LUCANAS";"PUQUIO";"GOBIERNO REGIONAL";"II-1";"00003727";"HOSPITAL DE APOYO DE PUQUIO ""FELIPE HUAMÁN POMA DE AYALA""";"241600";"HOSPITALIZACIÓN QUIRÚRGICA OBSTETRICIA   ";"30";"32";"68";"30";"8";"240";"0"
"2023";"09";"050601";"AYACUCHO";"LUCANAS";"PUQUIO";"GOBIERNO REGIONAL";"II-1";"00003727";"HOSPITAL DE APOYO DE PUQUIO ""FELIPE HUAMÁN POMA DE AYALA""";"241800";"HOSPITALIZACIÓN DE MEDICINA MEDICINA GENERAL ";"15";"18";"81";"15";"10";"300";"0"
"2023";"09";"050601";"AYACUCHO";"LUCANAS";"PUQUIO";"GOBIERNO REGIONAL";"II-1";"00003727";"HOSPITAL DE APOYO DE PUQUIO ""FELIPE HUAMÁN POMA DE AYALA""";"242200";"HOSPITALIZACIÓN DE MEDICINA PSIQUIATRÍA ";"6";"8";"61";"6";"2";"60";"0"
"2023";"09";"050601";"AYACUCHO";"LUCANAS";"PUQUIO";"GOBIERNO REGIONAL";"II-1";"00003727";"HOSPITAL DE APOYO DE PUQUIO ""FELIPE HUAMÁN POMA DE AYALA""";"242500";"HOSPITALIZACIÓN-PEDIATRÍA GENERAL-";"7";"9";"32";"7";"11";"330";"0"
"2023";"09";"050601";"AYACUCHO";"LUCANAS";"PUQUIO";"GOBIERNO REGIONAL";"II-1";"00003727";"HOSPITAL DE APOYO DE PUQUIO ""FELIPE HUAMÁN POMA DE AYALA""";"243200";"HOSPITALIZACIÓN DE PEDIATRÍA PEDIATRIA NEONATOLOGÍA";"7";"7";"14";"7";"7";"210";"0"
"2023";"09";"110201";"ICA";"CHINCHA";"CHINCHA ALTA";"PRIVADO";"II-E";"00025160";"CLIN. DANIEL A. CARRION";"NE_0001";"";"NE_0001";"NE_0001";"NE_0001";"NE_0001";"NE_0001";"NE_0001";"NE_0001"
"2023";"09";"030101";"APURIMAC";"ABANCAY";"ABANCAY";"ESSALUD";"II-2";"00011213";"HOSPITAL II ESSALUD ABANCAY";"241900";"HOSPITALIZACIÓN DE MEDICINA MEDICINA INTERNA ";"56";"54";"343";"596";"19";"596";"1"
"2023";"09";"030101";"APURIMAC";"ABANCAY";"ABANCAY";"ESSALUD";"II-2";"00011213";"HOSPITAL II ESSALUD ABANCAY";"250100";"UNIDAD DE CUIDADOS CRITICOS UNIDAD  DE CUIDADOS INTENSIVOS GENERALES (UCI) ";"7";"5";"55";"143";"5";"150";"1"
"2023";"09";"030101";"APURIMAC";"ABANCAY";"ABANCAY";"ESSALUD";"II-2";"00011213";"HOSPITAL II ESSALUD ABANCAY";"240100";"HOSPITALIZACIÓN QUIRÚRGICA CIRUGÍA GENERAL ";"75";"73";"343";"532";"19";"578";"0"
"2023";"09";"030101";"APURIMAC";"ABANCAY";"ABANCAY";"ESSALUD";"II-2";"00011213";"HOSPITAL II ESSALUD ABANCAY";"241400";"HOSPITALIZACIÓN QUIRÚRGICA GINECO - OBSTETRICIA ";"36";"36";"93";"99";"4";"104";"0"
"2023";"09";"030101";"APURIMAC";"ABANCAY";"ABANCAY";"ESSALUD";"II-2";"00011213";"HOSPITAL II ESSALUD ABANCAY";"241600";"HOSPITALIZACIÓN QUIRÚRGICA OBSTETRICIA   ";"61";"61";"141";"235";"8";"235";"0"
"2023";"09";"030101";"APURIMAC";"ABANCAY";"ABANCAY";"ESSALUD";"II-2";"00011213";"HOSPITAL II ESSALUD ABANCAY";"242300";"HOSPITALIZACIÓN DE PEDIATRÍA  PEDIATRÍA  GENERAL ";"27";"26";"120";"173";"7";"197";"0"
"2023";"09";"090301";"HUANCAVELICA";"ANGARAES";"LIRCAY";"GOBIERNO REGIONAL";"II-1";"00003943";"HOSPITAL DE LIRCAY";"240100";"HOSPITALIZACIÓN QUIRÚRGICA CIRUGÍA GENERAL ";"11";"13";"52";"11";"6";"180";"0"
"2023";"09";"090301";"HUANCAVELICA";"ANGARAES";"LIRCAY";"GOBIERNO REGIONAL";"II-1";"00003943";"HOSPITAL DE LIRCAY";"241400";"HOSPITALIZACIÓN QUIRÚRGICA GINECO - OBSTETRICIA ";"67";"69";"126";"67";"9";"270";"0"
"2023";"09";"090301";"HUANCAVELICA";"ANGARAES";"LIRCAY";"GOBIERNO REGIONAL";"II-1";"00003943";"HOSPITAL DE LIRCAY";"241900";"HOSPITALIZACIÓN DE MEDICINA MEDICINA INTERNA ";"5";"6";"22";"5";"26";"780";"1"
"2023";"09";"090301";"HUANCAVELICA";"ANGARAES";"LIRCAY";"GOBIERNO REGIONAL";"II-1";"00003943";"HOSPITAL DE LIRCAY";"242500";"HOSPITALIZACIÓN-PEDIATRÍA GENERAL-";"10";"13";"36";"10";"3";"90";"0"
"2023";"09";"120101";"JUNIN";"HUANCAYO";"HUANCAYO";"GOBIERNO REGIONAL";"III-E";"00006615";"HOSPITAL REGIONAL DOCENTE MATERNO INFANTIL EL CARMEN";"241600";"HOSPITALIZACIÓN QUIRÚRGICA OBSTETRICIA   ";"506";"487";"1467";"1529";"63";"1890";"0"
"2023";"09";"120101";"JUNIN";"HUANCAYO";"HUANCAYO";"GOBIERNO REGIONAL";"III-E";"00006615";"HOSPITAL REGIONAL DOCENTE MATERNO INFANTIL EL CARMEN";"250201";"UNIDAD DE CUIDADOS CRITICOS UNIDAD DE CUIDADOS INTERMEDIOS  (UCIN) NEONATAL";"86";"103";"1221";"1152";"42";"1260";"0"
"2023";"09";"120101";"JUNIN";"HUANCAYO";"HUANCAYO";"GOBIERNO REGIONAL";"III-E";"00006615";"HOSPITAL REGIONAL DOCENTE MATERNO INFANTIL EL CARMEN";"240700";"HOSPITALIZACIÓN QUIRÚRGICA CIRUGÍA PEDIÁTRICA ";"90";"93";"426";"413";"15";"450";"0"
"2023";"09";"120101";"JUNIN";"HUANCAYO";"HUANCAYO";"GOBIERNO REGIONAL";"III-E";"00006615";"HOSPITAL REGIONAL DOCENTE MATERNO INFANTIL EL CARMEN";"242300";"HOSPITALIZACIÓN DE PEDIATRÍA  PEDIATRÍA  GENERAL ";"83";"89";"586";"547";"21";"630";"2"
"2023";"09";"120101";"JUNIN";"HUANCAYO";"HUANCAYO";"GOBIERNO REGIONAL";"III-E";"00006615";"HOSPITAL REGIONAL DOCENTE MATERNO INFANTIL EL CARMEN";"241500";"HOSPITALIZACIÓN QUIRÚRGICA GINECOLOGÍA  ";"52";"51";"212";"252";"10";"300";"0"
"2023";"09";"120101";"JUNIN";"HUANCAYO";"HUANCAYO";"GOBIERNO REGIONAL";"III-E";"00006615";"HOSPITAL REGIONAL DOCENTE MATERNO INFANTIL EL CARMEN";"250105";"UNIDAD DE CUIDADOS CRITICOS UNIDAD  DE CUIDADOS INTENSIVOS  (UCI) NEONATOLOGÍA";"29";"2";"36";"339";"12";"360";"2"
"2023";"09";"120101";"JUNIN";"HUANCAYO";"HUANCAYO";"GOBIERNO REGIONAL";"III-E";"00006615";"HOSPITAL REGIONAL DOCENTE MATERNO INFANTIL EL CARMEN";"250108";"UNIDAD DE CUIDADOS CRITICOS UNIDAD  DE CUIDADOS INTENSIVOS  (UCI) PEDIÁTRICA";"7";"3";"8";"136";"6";"180";"1"
"2023";"09";"150112";"LIMA";"LIMA";"INDEPENDENCIA";"PRIVADO";"II-2";"00010182";"CLINICA JESUS DEL NORTE";"240000";"HOSPITALIZACIÓN";"522";"523";"1393";"1897";"73";"2190";"3"
"2023";"09";"150112";"LIMA";"LIMA";"INDEPENDENCIA";"PRIVADO";"II-2";"00010182";"CLINICA JESUS DEL NORTE";"250100";"UNIDAD DE CUIDADOS CRITICOS UNIDAD  DE CUIDADOS INTENSIVOS GENERALES (UCI) ";"37";"38";"79";"109";"7";"210";"3"
"2023";"09";"150131";"LIMA";"LIMA";"SAN ISIDRO";"PRIVADO";"II-E";"00009288";"NOVOCLINIC";"240000";"HOSPITALIZACIÓN";"234";"231";"263";"97";"16";"384";"0"
"2023";"09";"050201";"AYACUCHO";"CANGALLO";"CANGALLO";"GOBIERNO REGIONAL";"II-1";"00003494";"HOSPITAL DE APOYO CANGALLO";"240100";"HOSPITALIZACIÓN QUIRÚRGICA CIRUGÍA GENERAL ";"16";"17";"63";"66";"4";"124";"0"
"2023";"09";"050201";"AYACUCHO";"CANGALLO";"CANGALLO";"GOBIERNO REGIONAL";"II-1";"00003494";"HOSPITAL DE APOYO CANGALLO";"241400";"HOSPITALIZACIÓN QUIRÚRGICA GINECO - OBSTETRICIA ";"19";"23";"49";"36";"2";"62";"0"
"2023";"09";"050201";"AYACUCHO";"CANGALLO";"CANGALLO";"GOBIERNO REGIONAL";"II-1";"00003494";"HOSPITAL DE APOYO CANGALLO";"241600";"HOSPITALIZACIÓN QUIRÚRGICA OBSTETRICIA   ";"2";"2";"4";"2";"6";"186";"0"
"2023";"09";"050201";"AYACUCHO";"CANGALLO";"CANGALLO";"GOBIERNO REGIONAL";"II-1";"00003494";"HOSPITAL DE APOYO CANGALLO";"241800";"HOSPITALIZACIÓN DE MEDICINA MEDICINA GENERAL ";"8";"10";"49";"50";"4";"124";"0"
"2023";"09";"050201";"AYACUCHO";"CANGALLO";"CANGALLO";"GOBIERNO REGIONAL";"II-1";"00003494";"HOSPITAL DE APOYO CANGALLO";"242500";"HOSPITALIZACIÓN-PEDIATRÍA GENERAL-";"8";"8";"41";"7";"4";"124";"0"
"2023";"09";"150130";"LIMA";"LIMA";"SAN BORJA";"PRIVADO";"II-1";"00012975";"CL ESPECIALIDADES MEDICAS";"240000";"HOSPITALIZACIÓN";"34";"32";"85";"100";"13";"390";"0"
"2023";"09";"130904";"LA LIBERTAD";"SANCHEZ CARRION";"CURGOS";"GOBIERNO REGIONAL";"I-1";"00021651";"HUAYLLAGUAL";"NE_0001";"";"NE_0001";"NE_0001";"NE_0001";"NE_0001";"NE_0001";"NE_0001";"NE_0001"
"2023";"09";"130904";"LA LIBERTAD";"SANCHEZ CARRION";"CURGOS";"GOBIERNO REGIONAL";"I-1";"00021652";"EL CALVARIO";"NE_0001";"";"NE_0001";"NE_0001";"NE_0001";"NE_0001";"NE_0001";"NE_0001";"NE_0001"
"2023";"09";"130904";"LA LIBERTAD";"SANCHEZ CARRION";"CURGOS";"GOBIERNO REGIONAL";"I-2";"00005357";"CURGOS-WALTER JUNIOR VELARDE ARTEAGA";"NE_0001";"";"NE_0001";"NE_0001";"NE_0001";"NE_0001";"NE_0001";"NE_0001";"NE_0001"
"2023";"09";"150122";"LIMA";"LIMA";"MIRAFLORES";"SANIDAD DE LA FUERZA AEREA DEL PERU";"III-1";"00010751";"HOSPITAL CENTRAL DE LA FUERZA AEREA DEL PERU";"240000";"HOSPITALIZACIÓN";"353";"349";"2857";"3148";"264";"5074";"9"
"2023";"09";"080104";"CUSCO";"CUSCO";"SAN JERONIMO";"GOBIERNO REGIONAL";"0";"00030727";"PATRÓN SAN SEBASTIAN";"NE_0001";"";"NE_0001";"NE_0001";"NE_0001";"NE_0001";"NE_0001";"NE_0001";"NE_0001"
"2023";"09";"060615";"CAJAMARCA";"CUTERVO";"TORIBIO CASANOVA";"GOBIERNO REGIONAL";"I-1";"00005017";"PERLAMAYO";"NE_0001";"";"NE_0001";"NE_0001";"NE_0001";"NE_0001";"NE_0001";"NE_0001";"NE_0001"
"2023";"09";"060615";"CAJAMARCA";"CUTERVO";"TORIBIO CASANOVA";"GOBIERNO REGIONAL";"I-3";"00005019";"LA SACILIA";"NE_0001";"";"NE_0001";"NE_0001";"NE_0001";"NE_0001";"NE_0001";"NE_0001";"NE_0001"
"2023";"09";"060604";"CAJAMARCA";"CUTERVO";"CUJILLO";"GOBIERNO REGIONAL";"I-3";"00004974";"CUJILLO";"NE_0001";"";"NE_0001";"NE_0001";"NE_0001";"NE_0001";"NE_0001";"NE_0001";"NE_0001"
"2023";"09";"060604";"CAJAMARCA";"CUTERVO";"CUJILLO";"GOBIERNO REGIONAL";"I-1";"00006959";"CUNUAT";"NE_0001";"";"NE_0001";"NE_0001";"NE_0001";"NE_0001";"NE_0001";"NE_0001";"NE_0001"
"2023";"09";"060603";"CAJAMARCA";"CUTERVO";"CHOROS";"GOBIERNO REGIONAL";"I-1";"00007698";"SAN PEDRO DE CHOROS";"NE_0001";"";"NE_0001";"NE_0001";"NE_0001";"NE_0001";"NE_0001";"NE_0001";"NE_0001"
"2023";"05";"120101";"JUNIN";"HUANCAYO";"HUANCAYO";"SANIDAD DE LA POLICIA NACIONAL DEL PERU";"I-3";"00010710";"POLICLINICO POLICIAL HUANCAYO ENRIQUE TORRES GONZALES";"NE_0001";"";"NE_0001";"NE_0001";"NE_0001";"NE_0001";"NE_0001";"NE_0001";"NE_0001"
"2023";"05";"150133";"LIMA";"LIMA";"SAN JUAN DE MIRAFLORES";"SANIDAD DEL EJERCITO DEL PERU";"I-3";"00010385";"CENTRO DE SALUD MILITAR ""SAN JUAN""";"NE_0001";"";"NE_0001";"NE_0001";"NE_0001";"NE_0001";"NE_0001";"NE_0001";"NE_0001"
"2023";"05";"051011";"AYACUCHO";"VICTOR FAJARDO";"SARHUA";"GOBIERNO REGIONAL";"I-1";"00003505";"TOMANGA";"NE_0001";"";"NE_0001";"NE_0001";"NE_0001";"NE_0001";"NE_0001";"NE_0001";"NE_0001"
"2023";"05";"051011";"AYACUCHO";"VICTOR FAJARDO";"SARHUA";"GOBIERNO REGIONAL";"I-1";"00003500";"PUESTO DE SALUD CHUQUI HUARCAYA";"NE_0001";"";"NE_0001";"NE_0001";"NE_0001";"NE_0001";"NE_0001";"NE_0001";"NE_0001"
"2023";"05";"050202";"AYACUCHO";"CANGALLO";"CHUSCHI";"GOBIERNO REGIONAL";"I-3";"00003502";"CENTRO DE SALUD CHUSCHI";"240100";"HOSPITALIZACIÓN QUIRÚRGICA CIRUGÍA GENERAL ";"2";"2";"2";"3";"4";"6";"0"
"2023";"05";"050202";"AYACUCHO";"CANGALLO";"CHUSCHI";"GOBIERNO REGIONAL";"I-3";"00003502";"CENTRO DE SALUD CHUSCHI";"241400";"HOSPITALIZACIÓN QUIRÚRGICA GINECO - OBSTETRICIA ";"8";"8";"25";"1";"3";"4";"0"
"2023";"05";"050202";"AYACUCHO";"CANGALLO";"CHUSCHI";"GOBIERNO REGIONAL";"I-1";"00003504";"PUESTO DE SALUD CANCHA CANCHA";"NE_0001";"";"NE_0001";"NE_0001";"NE_0001";"NE_0001";"NE_0001";"NE_0001";"NE_0001"
"2023";"05";"050204";"AYACUCHO";"CANGALLO";"MARIA PARADO DE BELLIDO";"GOBIERNO REGIONAL";"I-3";"00003509";"CENTRO DE SALUD POMABAMBA";"241400";"HOSPITALIZACIÓN QUIRÚRGICA GINECO - OBSTETRICIA ";"11";"11";"15";"1";"4";"7";"0"
"2023";"05";"050204";"AYACUCHO";"CANGALLO";"MARIA PARADO DE BELLIDO";"GOBIERNO REGIONAL";"I-3";"00003509";"CENTRO DE SALUD POMABAMBA";"240100";"HOSPITALIZACIÓN QUIRÚRGICA CIRUGÍA GENERAL ";"4";"4";"9";"2";"5";"6";"0"
"2023";"05";"051011";"AYACUCHO";"VICTOR FAJARDO";"SARHUA";"GOBIERNO REGIONAL";"I-3";"00003512";"PUESTO DE SALUD SARHUA";"NE_0002";"";"NE_0002";"NE_0002";"NE_0002";"NE_0002";"NE_0002";"NE_0002";"NE_0002"
"2023";"05";"050202";"AYACUCHO";"CANGALLO";"CHUSCHI";"GOBIERNO REGIONAL";"I-1";"00003503";"PUESTO DE SALUD CHACOLLA";"NE_0001";"";"NE_0001";"NE_0001";"NE_0001";"NE_0001";"NE_0001";"NE_0001";"NE_0001"
"2023";"05";"051008";"AYACUCHO";"VICTOR FAJARDO";"HUAMANQUIQUIA";"GOBIERNO REGIONAL";"I-1";"00003832";"PUESTO DE SALUD PATARA";"NE_0001";"";"NE_0001";"NE_0001";"NE_0001";"NE_0001";"NE_0001";"NE_0001";"NE_0001"
"2023";"05";"051002";"AYACUCHO";"VICTOR FAJARDO";"ALCAMENCA";"GOBIERNO REGIONAL";"I-1";"00003510";"PUESTO DE SALUD CARAMPA";"NE_0001";"";"NE_0001";"NE_0001";"NE_0001";"NE_0001";"NE_0001";"NE_0001";"NE_0001"
"2023";"05";"051011";"AYACUCHO";"VICTOR FAJARDO";"SARHUA";"GOBIERNO REGIONAL";"I-1";"00003511";"PUESTO DE SALUD AUQUILLA";"NE_0001";"";"NE_0001";"NE_0001";"NE_0001";"NE_0001";"NE_0001";"NE_0001";"NE_0001"
"2023";"05";"040112";"AREQUIPA";"AREQUIPA";"PAUCARPATA";"GOBIERNO REGIONAL";"I-2";"00001312";"PUESTO DE SALUD ISRAEL";"NE_0001";"";"NE_0001";"NE_0001";"NE_0001";"NE_0001";"NE_0001";"NE_0001";"NE_0001"
"2023";"07";"060807";"CAJAMARCA";"JAEN";"POMAHUACA";"GOBIERNO REGIONAL";"I-1";"00027935";"TAYAS";"NE_0001";"";"NE_0001";"NE_0001";"NE_0001";"NE_0001";"NE_0001";"NE_0001";"NE_0001"
"2023";"07";"060807";"CAJAMARCA";"JAEN";"POMAHUACA";"GOBIERNO REGIONAL";"I-3";"00004247";"POMAHUACA";"NE_0001";"";"NE_0001";"NE_0001";"NE_0001";"NE_0001";"NE_0001";"NE_0001";"NE_0001"
"2023";"07";"060807";"CAJAMARCA";"JAEN";"POMAHUACA";"GOBIERNO REGIONAL";"I-1";"00016139";"YAMBOLON";"NE_0001";"";"NE_0001";"NE_0001";"NE_0001";"NE_0001";"NE_0001";"NE_0001";"NE_0001"
"2023";"07";"060807";"CAJAMARCA";"JAEN";"POMAHUACA";"GOBIERNO REGIONAL";"I-1";"00007166";"MANGAYPA";"NE_0001";"";"NE_0001";"NE_0001";"NE_0001";"NE_0001";"NE_0001";"NE_0001";"NE_0001"
"2023";"08";"090118";"HUANCAVELICA";"HUANCAVELICA";"ASCENSION";"ESSALUD";"II-1";"00009132";"HOSPITAL II HUANCAVELICA";"241800";"HOSPITALIZACIÓN DE MEDICINA MEDICINA GENERAL ";"39";"39";"158";"254";"9";"279";"0"
"2023";"08";"090118";"HUANCAVELICA";"HUANCAVELICA";"ASCENSION";"ESSALUD";"II-1";"00009132";"HOSPITAL II HUANCAVELICA";"240100";"HOSPITALIZACIÓN QUIRÚRGICA CIRUGÍA GENERAL ";"46";"46";"207";"240";"8";"248";"0"
"2023";"08";"090118";"HUANCAVELICA";"HUANCAVELICA";"ASCENSION";"ESSALUD";"II-1";"00009132";"HOSPITAL II HUANCAVELICA";"241200";"HOSPITALIZACIÓN QUIRÚRGICA TRAUMATOLOGÍA Y ORTOPEDIA ";"12";"12";"28";"28";"4";"124";"0"
"2023";"08";"090118";"HUANCAVELICA";"HUANCAVELICA";"ASCENSION";"ESSALUD";"II-1";"00009132";"HOSPITAL II HUANCAVELICA";"241400";"HOSPITALIZACIÓN QUIRÚRGICA GINECO - OBSTETRICIA ";"6";"6";"23";"23";"2";"62";"0"
"2023";"08";"090118";"HUANCAVELICA";"HUANCAVELICA";"ASCENSION";"ESSALUD";"II-1";"00009132";"HOSPITAL II HUANCAVELICA";"241600";"HOSPITALIZACIÓN QUIRÚRGICA OBSTETRICIA   ";"51";"51";"131";"165";"6";"186";"0"
"2023";"08";"090118";"HUANCAVELICA";"HUANCAVELICA";"ASCENSION";"ESSALUD";"II-1";"00009132";"HOSPITAL II HUANCAVELICA";"242300";"HOSPITALIZACIÓN DE PEDIATRÍA  PEDIATRÍA  GENERAL ";"25";"25";"69";"170";"6";"186";"0"
"2023";"08";"090118";"HUANCAVELICA";"HUANCAVELICA";"ASCENSION";"ESSALUD";"II-1";"00009132";"HOSPITAL II HUANCAVELICA";"250300";"UNIDAD DE CUIDADOS CRITICOS UNIDAD DE VIGILANCIA INTENSIVA  CLINICA (UVIC) ";"19";"20";"35";"35";"2";"62";"1"
"2023";"08";"150115";"LIMA";"LIMA";"LA VICTORIA";"ESSALUD";"III-2";"00009251";"HOSPITAL NACIONAL GUILLERMO ALMENARA IRIGOYEN";"244400";"HOSPITALIZACIÓN DE MEDICINA GERIATRIA ";"36";"36";"569";"472";"17";"527";"0"
"2023";"08";"150115";"LIMA";"LIMA";"LA VICTORIA";"ESSALUD";"III-2";"00009251";"HOSPITAL NACIONAL GUILLERMO ALMENARA IRIGOYEN";"244500";"HOSPITALIZACIÓN DE MEDICINA HEMATOLOGÍA ";"17";"19";"326";"341";"12";"372";"2"
"2023";"08";"150115";"LIMA";"LIMA";"LA VICTORIA";"ESSALUD";"III-2";"00009251";"HOSPITAL NACIONAL GUILLERMO ALMENARA IRIGOYEN";"241900";"HOSPITALIZACIÓN DE MEDICINA MEDICINA INTERNA ";"33";"35";"604";"1018";"34";"1054";"1"
"2023";"08";"150115";"LIMA";"LIMA";"LA VICTORIA";"ESSALUD";"III-2";"00009251";"HOSPITAL NACIONAL GUILLERMO ALMENARA IRIGOYEN";"241900";"HOSPITALIZACIÓN DE MEDICINA MEDICINA INTERNA ";"61";"53";"1013";"1246";"42";"1302";"3"
"2023";"08";"150115";"LIMA";"LIMA";"LA VICTORIA";"ESSALUD";"III-2";"00009251";"HOSPITAL NACIONAL GUILLERMO ALMENARA IRIGOYEN";"241900";"HOSPITALIZACIÓN DE MEDICINA MEDICINA INTERNA ";"69";"61";"1579";"1213";"42";"1302";"6"
"2023";"08";"150115";"LIMA";"LIMA";"LA VICTORIA";"ESSALUD";"III-2";"00009251";"HOSPITAL NACIONAL GUILLERMO ALMENARA IRIGOYEN";"241900";"HOSPITALIZACIÓN DE MEDICINA MEDICINA INTERNA ";"265";"222";"3186";"4151";"134";"4154";"18"
"2023";"08";"150115";"LIMA";"LIMA";"LA VICTORIA";"ESSALUD";"III-2";"00009251";"HOSPITAL NACIONAL GUILLERMO ALMENARA IRIGOYEN";"241900";"HOSPITALIZACIÓN DE MEDICINA MEDICINA INTERNA ";"52";"50";"666";"948";"33";"1023";"3"
"2023";"08";"150115";"LIMA";"LIMA";"LA VICTORIA";"ESSALUD";"III-2";"00009251";"HOSPITAL NACIONAL GUILLERMO ALMENARA IRIGOYEN";"250100";"UNIDAD DE CUIDADOS CRITICOS UNIDAD  DE CUIDADOS INTENSIVOS GENERALES (UCI) ";"20";"14";"180";"352";"12";"372";"13"
"2023";"08";"150115";"LIMA";"LIMA";"LA VICTORIA";"ESSALUD";"III-2";"00009251";"HOSPITAL NACIONAL GUILLERMO ALMENARA IRIGOYEN";"250100";"UNIDAD DE CUIDADOS CRITICOS UNIDAD  DE CUIDADOS INTENSIVOS GENERALES (UCI) ";"0";"1";"41";"123";"4";"124";"0"
"2023";"08";"150115";"LIMA";"LIMA";"LA VICTORIA";"ESSALUD";"III-2";"00009251";"HOSPITAL NACIONAL GUILLERMO ALMENARA IRIGOYEN";"250200";"UNIDAD DE CUIDADOS CRITICOS UNIDAD DE CUIDADOS INTERMEDIOS GENERAL  (UCIN) ";"4";"4";"296";"604";"20";"620";"3"
"2023";"08";"150115";"LIMA";"LIMA";"LA VICTORIA";"ESSALUD";"III-2";"00009251";"HOSPITAL NACIONAL GUILLERMO ALMENARA IRIGOYEN";"242300";"HOSPITALIZACIÓN DE PEDIATRÍA  PEDIATRÍA  GENERAL ";"16";"20";"353";"308";"11";"341";"0"
"2023";"08";"150115";"LIMA";"LIMA";"LA VICTORIA";"ESSALUD";"III-2";"00009251";"HOSPITAL NACIONAL GUILLERMO ALMENARA IRIGOYEN";"250108";"UNIDAD DE CUIDADOS CRITICOS UNIDAD  DE CUIDADOS INTENSIVOS  (UCI) PEDIÁTRICA";"6";"4";"91";"239";"8";"248";"0"
"2023";"08";"150115";"LIMA";"LIMA";"LA VICTORIA";"ESSALUD";"III-2";"00009251";"HOSPITAL NACIONAL GUILLERMO ALMENARA IRIGOYEN";"250202";"UNIDAD DE CUIDADOS CRITICOS UNIDAD DE CUIDADOS INTERMEDIOS  (UCIN) PEDIÁTRICOS";"2";"5";"3556";"432";"14";"434";"1"
"2023";"08";"150115";"LIMA";"LIMA";"LA VICTORIA";"ESSALUD";"III-2";"00009251";"HOSPITAL NACIONAL GUILLERMO ALMENARA IRIGOYEN";"240700";"HOSPITALIZACIÓN QUIRÚRGICA CIRUGÍA PEDIÁTRICA ";"88";"88";"405";"307";"11";"341";"0"
"2023";"08";"150115";"LIMA";"LIMA";"LA VICTORIA";"ESSALUD";"III-2";"00009251";"HOSPITAL NACIONAL GUILLERMO ALMENARA IRIGOYEN";"250202";"UNIDAD DE CUIDADOS CRITICOS UNIDAD DE CUIDADOS INTERMEDIOS  (UCIN) PEDIÁTRICOS";"18";"20";"116";"148";"5";"155";"0"
"2023";"08";"150115";"LIMA";"LIMA";"LA VICTORIA";"ESSALUD";"III-2";"00009251";"HOSPITAL NACIONAL GUILLERMO ALMENARA IRIGOYEN";"243200";"HOSPITALIZACIÓN DE PEDIATRÍA PEDIATRIA NEONATOLOGÍA";"4";"34";"337";"268";"9";"279";"1"
"2023";"08";"150115";"LIMA";"LIMA";"LA VICTORIA";"ESSALUD";"III-2";"00009251";"HOSPITAL NACIONAL GUILLERMO ALMENARA IRIGOYEN";"244500";"HOSPITALIZACIÓN DE MEDICINA HEMATOLOGÍA ";"11";"13";"314";"308";"10";"310";"0"
"2023";"08";"150115";"LIMA";"LIMA";"LA VICTORIA";"ESSALUD";"III-2";"00009251";"HOSPITAL NACIONAL GUILLERMO ALMENARA IRIGOYEN";"242100";"HOSPITALIZACIÓN DE MEDICINA ONCOLOGÍA MÉDICA ";"115";"125";"829";"577";"20";"620";"0"
"2023";"08";"150115";"LIMA";"LIMA";"LA VICTORIA";"ESSALUD";"III-2";"00009251";"HOSPITAL NACIONAL GUILLERMO ALMENARA IRIGOYEN";"242100";"HOSPITALIZACIÓN DE MEDICINA ONCOLOGÍA MÉDICA ";"14";"13";"148";"298";"10";"310";"0"
"2023";"08";"150115";"LIMA";"LIMA";"LA VICTORIA";"ESSALUD";"III-2";"00009251";"HOSPITAL NACIONAL GUILLERMO ALMENARA IRIGOYEN";"245500";"HOSPITALIZACIÓN DE MEDICINA REUMATOLOGÍA    ";"26";"30";"446";"354";"14";"434";"0"
"2023";"08";"150115";"LIMA";"LIMA";"LA VICTORIA";"ESSALUD";"III-2";"00009251";"HOSPITAL NACIONAL GUILLERMO ALMENARA IRIGOYEN";"244000";"HOSPITALIZACIÓN DE MEDICINA CARDIOLOGIA ";"44";"36";"324";"247";"9";"279";"0"
"2023";"08";"150115";"LIMA";"LIMA";"LA VICTORIA";"ESSALUD";"III-2";"00009251";"HOSPITAL NACIONAL GUILLERMO ALMENARA IRIGOYEN";"250105";"UNIDAD DE CUIDADOS CRITICOS UNIDAD  DE CUIDADOS INTENSIVOS  (UCI) NEONATOLOGÍA";"5";"5";"90";"463";"15";"465";"4"
"2023";"08";"150115";"LIMA";"LIMA";"LA VICTORIA";"ESSALUD";"III-2";"00009251";"HOSPITAL NACIONAL GUILLERMO ALMENARA IRIGOYEN";"250201";"UNIDAD DE CUIDADOS CRITICOS UNIDAD DE CUIDADOS INTERMEDIOS  (UCIN) NEONATAL";"25";"32";"613";"449";"15";"465";"2"
"2023";"08";"150115";"LIMA";"LIMA";"LA VICTORIA";"ESSALUD";"III-2";"00009251";"HOSPITAL NACIONAL GUILLERMO ALMENARA IRIGOYEN";"242202";"HOSPITALIZACIÓN DE MEDICINA PSIQUIATRÍA PSIQUIATRÍA DEL ADULTO Y GERONTE";"23";"25";"465";"524";"19";"589";"0"
"2023";"08";"150115";"LIMA";"LIMA";"LA VICTORIA";"ESSALUD";"III-2";"00009251";"HOSPITAL NACIONAL GUILLERMO ALMENARA IRIGOYEN";"242203";"HOSPITALIZACIÓN DE MEDICINA PSIQUIATRÍA PSIQUIATRÍA DEL NIÑO Y DEL ADOLESCENTE";"14";"13";"188";"198";"7";"217";"0"
"2023";"08";"150115";"LIMA";"LIMA";"LA VICTORIA";"ESSALUD";"III-2";"00009251";"HOSPITAL NACIONAL GUILLERMO ALMENARA IRIGOYEN";"242205";"HOSPITALIZACIÓN MEDICINA PSIQUIATRÍA PISIQUIATRIA/ SALUD MENTAL Y ADICCIONES";"5";"5";"108";"90";"4";"124";"0"
"2023";"08";"150115";"LIMA";"LIMA";"LA VICTORIA";"ESSALUD";"III-2";"00009251";"HOSPITAL NACIONAL GUILLERMO ALMENARA IRIGOYEN";"244100";"HOSPITALIZACIÓN DE MEDICINA DERMATOLOGÍA    ";"23";"24";"303";"265";"11";"341";"0"
"2023";"08";"150115";"LIMA";"LIMA";"LA VICTORIA";"ESSALUD";"III-2";"00009251";"HOSPITAL NACIONAL GUILLERMO ALMENARA IRIGOYEN";"244200";"HOSPITALIZACIÓN DE MEDICINA ENDOCRINOLOGIA ";"23";"17";"219";"318";"13";"403";"0"
"2023";"08";"150115";"LIMA";"LIMA";"LA VICTORIA";"ESSALUD";"III-2";"00009251";"HOSPITAL NACIONAL GUILLERMO ALMENARA IRIGOYEN";"250400";"UNIDAD DE CUIDADOS CRITICOS UNIDAD DE QUEMADOS (GRAN QUEMADO) ";"0";"0";"0";"62";"2";"62";"0"
"2023";"08";"150115";"LIMA";"LIMA";"LA VICTORIA";"ESSALUD";"III-2";"00009251";"HOSPITAL NACIONAL GUILLERMO ALMENARA IRIGOYEN";"250101";"UNIDAD DE CUIDADOS CRITICOS UNIDAD  DE CUIDADOS INTENSIVOS GENERALES (UCI) CARDIOLOGIA";"19";"8";"132";"245";"9";"279";"2"
"2023";"08";"150115";"LIMA";"LIMA";"LA VICTORIA";"ESSALUD";"III-2";"00009251";"HOSPITAL NACIONAL GUILLERMO ALMENARA IRIGOYEN";"250100";"UNIDAD DE CUIDADOS CRITICOS UNIDAD  DE CUIDADOS INTENSIVOS GENERALES (UCI) ";"7";"5";"272";"305";"10";"310";"0"
"2023";"08";"150115";"LIMA";"LIMA";"LA VICTORIA";"ESSALUD";"III-2";"00009251";"HOSPITAL NACIONAL GUILLERMO ALMENARA IRIGOYEN";"241100";"HOSPITALIZACIÓN QUIRÚRGICA OTORRINOLARINGOLOGÍA  ";"43";"47";"407";"391";"15";"465";"0"
"2023";"08";"150115";"LIMA";"LIMA";"LA VICTORIA";"ESSALUD";"III-2";"00009251";"HOSPITAL NACIONAL GUILLERMO ALMENARA IRIGOYEN";"241300";"HOSPITALIZACIÓN QUIRÚRGICA UROLOGÍA  ";"110";"109";"1063";"1164";"41";"1271";"1"
"2023";"08";"150115";"LIMA";"LIMA";"LA VICTORIA";"ESSALUD";"III-2";"00009251";"HOSPITAL NACIONAL GUILLERMO ALMENARA IRIGOYEN";"250200";"UNIDAD DE CUIDADOS CRITICOS UNIDAD DE CUIDADOS INTERMEDIOS GENERAL  (UCIN) ";"24";"37";"222";"298";"10";"310";"0"
"2023";"08";"150115";"LIMA";"LIMA";"LA VICTORIA";"ESSALUD";"III-2";"00009251";"HOSPITAL NACIONAL GUILLERMO ALMENARA IRIGOYEN";"244300";"HOSPITALIZACIÓN DE MEDICINA GASTROENTEROLOGÍA  ";"50";"37";"799";"1004";"34";"1054";"2"
"2023";"08";"150115";"LIMA";"LIMA";"LA VICTORIA";"ESSALUD";"III-2";"00009251";"HOSPITAL NACIONAL GUILLERMO ALMENARA IRIGOYEN";"244600";"HOSPITALIZACIÓN DE MEDICINA NEFROLOGIA ";"74";"77";"1043";"890";"30";"930";"5"
"2023";"08";"150115";"LIMA";"LIMA";"LA VICTORIA";"ESSALUD";"III-2";"00009251";"HOSPITAL NACIONAL GUILLERMO ALMENARA IRIGOYEN";"245300";"HOSPITALIZACIÓN DE MEDICINA NEUMOLOGÍA  ";"42";"37";"495";"600";"21";"651";"0"
"2023";"08";"150115";"LIMA";"LIMA";"LA VICTORIA";"ESSALUD";"III-2";"00009251";"HOSPITAL NACIONAL GUILLERMO ALMENARA IRIGOYEN";"250200";"UNIDAD DE CUIDADOS CRITICOS UNIDAD DE CUIDADOS INTERMEDIOS GENERAL  (UCIN) ";"10";"12";"206";"180";"6";"186";"3"
"2023";"08";"150115";"LIMA";"LIMA";"LA VICTORIA";"ESSALUD";"III-2";"00009251";"HOSPITAL NACIONAL GUILLERMO ALMENARA IRIGOYEN";"244700";"HOSPITALIZACIÓN DE MEDICINA NEUROLOGIA  ";"50";"57";"678";"576";"20";"620";"2"
"2023";"08";"150115";"LIMA";"LIMA";"LA VICTORIA";"ESSALUD";"III-2";"00009251";"HOSPITAL NACIONAL GUILLERMO ALMENARA IRIGOYEN";"240100";"HOSPITALIZACIÓN QUIRÚRGICA CIRUGÍA GENERAL ";"15";"34";"1073";"340";"13";"403";"0"
"2023";"08";"150115";"LIMA";"LIMA";"LA VICTORIA";"ESSALUD";"III-2";"00009251";"HOSPITAL NACIONAL GUILLERMO ALMENARA IRIGOYEN";"240100";"HOSPITALIZACIÓN QUIRÚRGICA CIRUGÍA GENERAL ";"38";"48";"499";"390";"15";"465";"0"
"2023";"08";"150115";"LIMA";"LIMA";"LA VICTORIA";"ESSALUD";"III-2";"00009251";"HOSPITAL NACIONAL GUILLERMO ALMENARA IRIGOYEN";"240100";"HOSPITALIZACIÓN QUIRÚRGICA CIRUGÍA GENERAL ";"35";"39";"665";"535";"20";"620";"0"
"2023";"08";"150115";"LIMA";"LIMA";"LA VICTORIA";"ESSALUD";"III-2";"00009251";"HOSPITAL NACIONAL GUILLERMO ALMENARA IRIGOYEN";"240100";"HOSPITALIZACIÓN QUIRÚRGICA CIRUGÍA GENERAL ";"26";"30";"460";"423";"15";"465";"0"
"2023";"08";"150115";"LIMA";"LIMA";"LA VICTORIA";"ESSALUD";"III-2";"00009251";"HOSPITAL NACIONAL GUILLERMO ALMENARA IRIGOYEN";"240100";"HOSPITALIZACIÓN QUIRÚRGICA CIRUGÍA GENERAL ";"106";"105";"573";"622";"22";"682";"4"
"2023";"08";"150115";"LIMA";"LIMA";"LA VICTORIA";"ESSALUD";"III-2";"00009251";"HOSPITAL NACIONAL GUILLERMO ALMENARA IRIGOYEN";"240600";"HOSPITALIZACIÓN QUIRÚRGICA CIRUGÍA OFTALMOLÓGICA ";"6";"5";"31";"29";"4";"124";"0"
"2023";"08";"150115";"LIMA";"LIMA";"LA VICTORIA";"ESSALUD";"III-2";"00009251";"HOSPITAL NACIONAL GUILLERMO ALMENARA IRIGOYEN";"240600";"HOSPITALIZACIÓN QUIRÚRGICA CIRUGÍA OFTALMOLÓGICA ";"6";"6";"43";"36";"4";"124";"0"
"2023";"08";"150115";"LIMA";"LIMA";"LA VICTORIA";"ESSALUD";"III-2";"00009251";"HOSPITAL NACIONAL GUILLERMO ALMENARA IRIGOYEN";"240200";"HOSPITALIZACIÓN QUIRÚRGICA CIRUGÍA DE CABEZA Y CUELLO / MÁXILO FACIAL ";"41";"46";"548";"491";"16";"496";"1"
"2023";"08";"150115";"LIMA";"LIMA";"LA VICTORIA";"ESSALUD";"III-2";"00009251";"HOSPITAL NACIONAL GUILLERMO ALMENARA IRIGOYEN";"240400";"HOSPITALIZACIÓN QUIRÚRGICA CIRUGÍA DE TÓRAX Y CARDIOVASCULAR ";"17";"21";"352";"130";"5";"155";"0"
"2023";"08";"150115";"LIMA";"LIMA";"LA VICTORIA";"ESSALUD";"III-2";"00009251";"HOSPITAL NACIONAL GUILLERMO ALMENARA IRIGOYEN";"250111";"UNIDAD DE CUIDADOS CRITICOS UNIDAD  DE CUIDADOS INTENSIVOS  (UCI) CARDIOVASCULAR";"3";"1";"41";"106";"4";"124";"0"
"2023";"08";"150115";"LIMA";"LIMA";"LA VICTORIA";"ESSALUD";"III-2";"00009251";"HOSPITAL NACIONAL GUILLERMO ALMENARA IRIGOYEN";"250200";"UNIDAD DE CUIDADOS CRITICOS UNIDAD DE CUIDADOS INTERMEDIOS GENERAL  (UCIN) ";"3";"9";"139";"168";"6";"186";"1"
"2023";"08";"150115";"LIMA";"LIMA";"LA VICTORIA";"ESSALUD";"III-2";"00009251";"HOSPITAL NACIONAL GUILLERMO ALMENARA IRIGOYEN";"240400";"HOSPITALIZACIÓN QUIRÚRGICA CIRUGÍA DE TÓRAX Y CARDIOVASCULAR ";"19";"27";"372";"334";"11";"341";"0"
"2023";"08";"150115";"LIMA";"LIMA";"LA VICTORIA";"ESSALUD";"III-2";"00009251";"HOSPITAL NACIONAL GUILLERMO ALMENARA IRIGOYEN";"240801";"HOSPITALIZACIÓN QUIRÚRGICA CIRUGÍA PLÁSTICA/RECONSTRUCTIVA/ REPARADORA QUEMADOS";"21";"31";"340";"212";"7";"217";"0"
"2023";"08";"150115";"LIMA";"LIMA";"LA VICTORIA";"ESSALUD";"III-2";"00009251";"HOSPITAL NACIONAL GUILLERMO ALMENARA IRIGOYEN";"241500";"HOSPITALIZACIÓN QUIRÚRGICA GINECOLOGÍA  ";"36";"34";"196";"232";"8";"248";"0"
"2023";"08";"150115";"LIMA";"LIMA";"LA VICTORIA";"ESSALUD";"III-2";"00009251";"HOSPITAL NACIONAL GUILLERMO ALMENARA IRIGOYEN";"241500";"HOSPITALIZACIÓN QUIRÚRGICA GINECOLOGÍA  ";"88";"92";"2204";"621";"21";"651";"1"
"2023";"08";"150115";"LIMA";"LIMA";"LA VICTORIA";"ESSALUD";"III-2";"00009251";"HOSPITAL NACIONAL GUILLERMO ALMENARA IRIGOYEN";"241600";"HOSPITALIZACIÓN QUIRÚRGICA OBSTETRICIA   ";"212";"216";"1983";"1167";"38";"1178";"0"
"2023";"08";"150115";"LIMA";"LIMA";"LA VICTORIA";"ESSALUD";"III-2";"00009251";"HOSPITAL NACIONAL GUILLERMO ALMENARA IRIGOYEN";"240900";"HOSPITALIZACIÓN QUIRÚRGICA NEUROCIRUGÍA ";"37";"36";"355";"268";"10";"310";"0"
"2023";"08";"150115";"LIMA";"LIMA";"LA VICTORIA";"ESSALUD";"III-2";"00009251";"HOSPITAL NACIONAL GUILLERMO ALMENARA IRIGOYEN";"250107";"UNIDAD DE CUIDADOS CRITICOS UNIDAD  DE CUIDADOS INTENSIVOS  (UCI) NEUROQUIRÚRGICA";"0";"2";"7";"51";"3";"93";"0"
"2023";"08";"150115";"LIMA";"LIMA";"LA VICTORIA";"ESSALUD";"III-2";"00009251";"HOSPITAL NACIONAL GUILLERMO ALMENARA IRIGOYEN";"250200";"UNIDAD DE CUIDADOS CRITICOS UNIDAD DE CUIDADOS INTERMEDIOS GENERAL  (UCIN) ";"3";"4";"16";"35";"3";"93";"0"
"2023";"08";"150115";"LIMA";"LIMA";"LA VICTORIA";"ESSALUD";"III-2";"00009251";"HOSPITAL NACIONAL GUILLERMO ALMENARA IRIGOYEN";"240900";"HOSPITALIZACIÓN QUIRÚRGICA NEUROCIRUGÍA ";"39";"40";"617";"318";"13";"403";"0"
"2023";"08";"150115";"LIMA";"LIMA";"LA VICTORIA";"ESSALUD";"III-2";"00009251";"HOSPITAL NACIONAL GUILLERMO ALMENARA IRIGOYEN";"250107";"UNIDAD DE CUIDADOS CRITICOS UNIDAD  DE CUIDADOS INTENSIVOS  (UCI) NEUROQUIRÚRGICA";"0";"1";"9";"160";"6";"186";"0"
"2023";"08";"150115";"LIMA";"LIMA";"LA VICTORIA";"ESSALUD";"III-2";"00009251";"HOSPITAL NACIONAL GUILLERMO ALMENARA IRIGOYEN";"250200";"UNIDAD DE CUIDADOS CRITICOS UNIDAD DE CUIDADOS INTERMEDIOS GENERAL  (UCIN) ";"2";"2";"93";"147";"6";"186";"0"
"2023";"08";"150115";"LIMA";"LIMA";"LA VICTORIA";"ESSALUD";"III-2";"00009251";"HOSPITAL NACIONAL GUILLERMO ALMENARA IRIGOYEN";"240900";"HOSPITALIZACIÓN QUIRÚRGICA NEUROCIRUGÍA ";"41";"39";"194";"158";"6";"186";"0"
"2023";"08";"150115";"LIMA";"LIMA";"LA VICTORIA";"ESSALUD";"III-2";"00009251";"HOSPITAL NACIONAL GUILLERMO ALMENARA IRIGOYEN";"250107";"UNIDAD DE CUIDADOS CRITICOS UNIDAD  DE CUIDADOS INTENSIVOS  (UCI) NEUROQUIRÚRGICA";"0";"2";"7";"30";"3";"93";"1"
"2023";"08";"150115";"LIMA";"LIMA";"LA VICTORIA";"ESSALUD";"III-2";"00009251";"HOSPITAL NACIONAL GUILLERMO ALMENARA IRIGOYEN";"250200";"UNIDAD DE CUIDADOS CRITICOS UNIDAD DE CUIDADOS INTERMEDIOS GENERAL  (UCIN) ";"1";"3";"53";"61";"4";"124";"0"
"2023";"08";"150115";"LIMA";"LIMA";"LA VICTORIA";"ESSALUD";"III-2";"00009251";"HOSPITAL NACIONAL GUILLERMO ALMENARA IRIGOYEN";"241200";"HOSPITALIZACIÓN QUIRÚRGICA TRAUMATOLOGÍA Y ORTOPEDIA ";"37";"43";"402";"349";"12";"372";"0"
"2023";"08";"150115";"LIMA";"LIMA";"LA VICTORIA";"ESSALUD";"III-2";"00009251";"HOSPITAL NACIONAL GUILLERMO ALMENARA IRIGOYEN";"241200";"HOSPITALIZACIÓN QUIRÚRGICA TRAUMATOLOGÍA Y ORTOPEDIA ";"89";"93";"980";"665";"24";"744";"2"
"2023";"08";"150115";"LIMA";"LIMA";"LA VICTORIA";"ESSALUD";"III-2";"00009251";"HOSPITAL NACIONAL GUILLERMO ALMENARA IRIGOYEN";"241200";"HOSPITALIZACIÓN QUIRÚRGICA TRAUMATOLOGÍA Y ORTOPEDIA ";"133";"123";"1081";"1161";"39";"1209";"0"
"2023";"08";"150115";"LIMA";"LIMA";"LA VICTORIA";"ESSALUD";"III-2";"00009251";"HOSPITAL NACIONAL GUILLERMO ALMENARA IRIGOYEN";"240500";"HOSPITALIZACIÓN QUIRÚRGICA CIRUGÍA DE TRANSPLANTES ";"39";"39";"290";"293";"11";"341";"1"
"2023";"08";"150115";"LIMA";"LIMA";"LA VICTORIA";"ESSALUD";"III-2";"00009251";"HOSPITAL NACIONAL GUILLERMO ALMENARA IRIGOYEN";"240500";"HOSPITALIZACIÓN QUIRÚRGICA CIRUGÍA DE TRANSPLANTES ";"21";"22";"192";"270";"11";"341";"1"
"2023";"08";"120409";"JUNIN";"JAUJA";"HUARIPAMPA";"GOBIERNO REGIONAL";"I-1";"00000400";"HUARIPAMPA";"NE_0001";"";"NE_0001";"NE_0001";"NE_0001";"NE_0001";"NE_0001";"NE_0001";"NE_0001"
"2023";"08";"120420";"JUNIN";"JAUJA";"MUQUI";"GOBIERNO REGIONAL";"I-1";"00000402";"MUQUI";"NE_0001";"";"NE_0001";"NE_0001";"NE_0001";"NE_0001";"NE_0001";"NE_0001";"NE_0001"
"2023";"08";"120431";"JUNIN";"JAUJA";"SINCOS";"GOBIERNO REGIONAL";"I-1";"00000407";"SALLAHUACHAC";"NE_0001";"";"NE_0001";"NE_0001";"NE_0001";"NE_0001";"NE_0001";"NE_0001";"NE_0001"
"2023";"08";"120431";"JUNIN";"JAUJA";"SINCOS";"GOBIERNO REGIONAL";"I-3";"00000404";"SINCOS";"NE_0001";"";"NE_0001";"NE_0001";"NE_0001";"NE_0001";"NE_0001";"NE_0001";"NE_0001"
"2023";"08";"120431";"JUNIN";"JAUJA";"SINCOS";"GOBIERNO REGIONAL";"I-1";"00000405";"LLACUARIPAMPA";"NE_0001";"";"NE_0001";"NE_0001";"NE_0001";"NE_0001";"NE_0001";"NE_0001";"NE_0001"
"2023";"05";"021901";"ANCASH";"SIHUAS";"SIHUAS";"GOBIERNO REGIONAL";"II-1";"00001795";"HOSPITAL DE APOYO SIHUAS";"241800";"HOSPITALIZACIÓN DE MEDICINA MEDICINA GENERAL ";"27";"26";"50";"48";"11";"341";"0"
"2023";"05";"021901";"ANCASH";"SIHUAS";"SIHUAS";"GOBIERNO REGIONAL";"II-1";"00001795";"HOSPITAL DE APOYO SIHUAS";"240100";"HOSPITALIZACIÓN QUIRÚRGICA CIRUGÍA GENERAL ";"8";"7";"14";"12";"4";"124";"0"
"2023";"05";"021901";"ANCASH";"SIHUAS";"SIHUAS";"GOBIERNO REGIONAL";"II-1";"00001795";"HOSPITAL DE APOYO SIHUAS";"241500";"HOSPITALIZACIÓN QUIRÚRGICA GINECOLOGÍA  ";"19";"19";"37";"35";"4";"124";"0"
"2023";"05";"021901";"ANCASH";"SIHUAS";"SIHUAS";"GOBIERNO REGIONAL";"II-1";"00001795";"HOSPITAL DE APOYO SIHUAS";"241600";"HOSPITALIZACIÓN QUIRÚRGICA OBSTETRICIA   ";"19";"17";"39";"38";"4";"124";"0"
"2023";"06";"230401";"TACNA";"TARATA";"TARATA";"ESSALUD";"I-2";"00010192";"CENTRO DE ATENCION PRIMARIA I TARATA";"NE_0001";"";"NE_0001";"NE_0001";"NE_0001";"NE_0001";"NE_0001";"NE_0001";"NE_0001"
"2023";"06";"210501";"PUNO";"EL COLLAO";"ILAVE";"ESSALUD";"I-3";"00009218";"POLICLINICO ILAVE -  RED ASISTENCIAL PUNO";"NE_0001";"";"NE_0001";"NE_0001";"NE_0001";"NE_0001";"NE_0001";"NE_0001";"NE_0001"
"2023";"06";"080906";"CUSCO";"LA CONVENCION";"QUELLOUNO";"GOBIERNO REGIONAL";"I-1";"00008906";"ESTRELLA";"NE_0001";"";"NE_0001";"NE_0001";"NE_0001";"NE_0001";"NE_0001";"NE_0001";"NE_0001"
"2023";"06";"080906";"CUSCO";"LA CONVENCION";"QUELLOUNO";"GOBIERNO REGIONAL";"I-4";"00002465";"QUELLOUNO";"NE_0001";"";"NE_0001";"NE_0001";"NE_0001";"NE_0001";"NE_0001";"NE_0001";"NE_0001"
"2023";"06";"080906";"CUSCO";"LA CONVENCION";"QUELLOUNO";"GOBIERNO REGIONAL";"I-2";"00002468";"SAN MARTIN";"NE_0001";"";"NE_0001";"NE_0001";"NE_0001";"NE_0001";"NE_0001";"NE_0001";"NE_0001"
"2023";"06";"080906";"CUSCO";"LA CONVENCION";"QUELLOUNO";"GOBIERNO REGIONAL";"I-1";"00008908";"CHIRUMBIA";"NE_0001";"";"NE_0001";"NE_0001";"NE_0001";"NE_0001";"NE_0001";"NE_0001";"NE_0001"
"2023";"06";"240101";"TUMBES";"TUMBES";"TUMBES";"PRIVADO";"I-4";"00007795";"CENTRO MEDICO LA FAMILIA";"NE_0002";"";"NE_0002";"NE_0002";"NE_0002";"NE_0002";"NE_0002";"NE_0002";"NE_0002"
"2023";"07";"150140";"LIMA";"LIMA";"SANTIAGO DE SURCO";"PRIVADO";"I-2";"00010498";"ILA";"NE_0002";"";"NE_0002";"NE_0002";"NE_0002";"NE_0002";"NE_0002";"NE_0002";"NE_0002"
"2023";"07";"130905";"LA LIBERTAD";"SANCHEZ CARRION";"MARCABAL";"GOBIERNO REGIONAL";"I-2";"00013552";"AGOCAS";"NE_0001";"";"NE_0001";"NE_0001";"NE_0001";"NE_0001";"NE_0001";"NE_0001";"NE_0001"
"2023";"07";"130905";"LA LIBERTAD";"SANCHEZ CARRION";"MARCABAL";"GOBIERNO REGIONAL";"I-1";"00013827";"NARANJOPAMPA";"NE_0001";"";"NE_0001";"NE_0001";"NE_0001";"NE_0001";"NE_0001";"NE_0001";"NE_0001"
"2023";"07";"130905";"LA LIBERTAD";"SANCHEZ CARRION";"MARCABAL";"GOBIERNO REGIONAL";"I-2";"00013550";"SHITA";"NE_0001";"";"NE_0001";"NE_0001";"NE_0001";"NE_0001";"NE_0001";"NE_0001";"NE_0001"
"2023";"07";"130905";"LA LIBERTAD";"SANCHEZ CARRION";"MARCABAL";"GOBIERNO REGIONAL";"I-2";"00013825";"CHAQUILBAMBA";"NE_0001";"";"NE_0001";"NE_0001";"NE_0001";"NE_0001";"NE_0001";"NE_0001";"NE_0001"
"2023";"07";"130905";"LA LIBERTAD";"SANCHEZ CARRION";"MARCABAL";"GOBIERNO REGIONAL";"I-2";"00005358";"MARCABALITO";"NE_0001";"";"NE_0001";"NE_0001";"NE_0001";"NE_0001";"NE_0001";"NE_0001";"NE_0001"
"2023";"07";"130905";"LA LIBERTAD";"SANCHEZ CARRION";"MARCABAL";"GOBIERNO REGIONAL";"I-2";"00013794";"LLUCHUBAMBA";"NE_0001";"";"NE_0001";"NE_0001";"NE_0001";"NE_0001";"NE_0001";"NE_0001";"NE_0001"
"2023";"07";"150133";"LIMA";"LIMA";"SAN JUAN DE MIRAFLORES";"PRIVADO";"II-E";"00028244";"CLINICA SAGRADA FAMILIA DEL SUR";"240000";"HOSPITALIZACIÓN";"14";"14";"37";"34";"6";"32";"0"
"2023";"07";"080703";"CUSCO";"CHUMBIVILCAS";"CHAMACA";"GOBIERNO REGIONAL";"I-1";"00016329";"INGATA";"NE_0001";"";"NE_0001";"NE_0001";"NE_0001";"NE_0001";"NE_0001";"NE_0001";"NE_0001"
"2023";"07";"080105";"CUSCO";"CUSCO";"SAN SEBASTIAN";"GOBIERNO REGIONAL";"I-2";"00026181";"MENTAL SAN SEBASTIAN";"NE_0001";"";"NE_0001";"NE_0001";"NE_0001";"NE_0001";"NE_0001";"NE_0001";"NE_0001"
"2023";"07";"040101";"AREQUIPA";"AREQUIPA";"AREQUIPA";"ESSALUD";"III-1";"00013290";"HOSPITAL NACIONAL III-1 CARLOS ALBERTO SEGUÍN ESCOBEDO";"241900";"HOSPITALIZACIÓN DE MEDICINA MEDICINA INTERNA ";"388";"352";"4936";"4490";"154";"4774";"30"
"2023";"07";"040101";"AREQUIPA";"AREQUIPA";"AREQUIPA";"ESSALUD";"III-1";"00013290";"HOSPITAL NACIONAL III-1 CARLOS ALBERTO SEGUÍN ESCOBEDO";"240200";"HOSPITALIZACIÓN QUIRÚRGICA CIRUGÍA DE CABEZA Y CUELLO / MÁXILO FACIAL ";"42";"40";"177";"200";"7";"217";"0"
"2023";"07";"040101";"AREQUIPA";"AREQUIPA";"AREQUIPA";"ESSALUD";"III-1";"00013290";"HOSPITAL NACIONAL III-1 CARLOS ALBERTO SEGUÍN ESCOBEDO";"240400";"HOSPITALIZACIÓN QUIRÚRGICA CIRUGÍA DE TÓRAX Y CARDIOVASCULAR ";"28";"22";"464";"305";"10";"310";"0"
"2023";"07";"040101";"AREQUIPA";"AREQUIPA";"AREQUIPA";"ESSALUD";"III-1";"00013290";"HOSPITAL NACIONAL III-1 CARLOS ALBERTO SEGUÍN ESCOBEDO";"241000";"HOSPITALIZACIÓN QUIRÚRGICA ONCOLOGÍA QUIRÚRGICA  ";"22";"21";"134";"130";"6";"186";"0"
"2023";"07";"040101";"AREQUIPA";"AREQUIPA";"AREQUIPA";"ESSALUD";"III-1";"00013290";"HOSPITAL NACIONAL III-1 CARLOS ALBERTO SEGUÍN ESCOBEDO";"240800";"HOSPITALIZACIÓN QUIRÚRGICA CIRUGÍA PLÁSTICA/RECONSTRUCTIVA/ REPARADORA ";"21";"16";"353";"270";"9";"279";"0"
"2023";"07";"040101";"AREQUIPA";"AREQUIPA";"AREQUIPA";"ESSALUD";"III-1";"00013290";"HOSPITAL NACIONAL III-1 CARLOS ALBERTO SEGUÍN ESCOBEDO";"240900";"HOSPITALIZACIÓN QUIRÚRGICA NEUROCIRUGÍA ";"41";"33";"546";"413";"14";"434";"1"
"2023";"07";"040101";"AREQUIPA";"AREQUIPA";"AREQUIPA";"ESSALUD";"III-1";"00013290";"HOSPITAL NACIONAL III-1 CARLOS ALBERTO SEGUÍN ESCOBEDO";"240100";"HOSPITALIZACIÓN QUIRÚRGICA CIRUGÍA GENERAL ";"84";"80";"336";"393";"13";"403";"1"
"2023";"07";"040101";"AREQUIPA";"AREQUIPA";"AREQUIPA";"ESSALUD";"III-1";"00013290";"HOSPITAL NACIONAL III-1 CARLOS ALBERTO SEGUÍN ESCOBEDO";"241100";"HOSPITALIZACIÓN QUIRÚRGICA OTORRINOLARINGOLOGÍA  ";"31";"31";"118";"110";"4";"124";"0"
"2023";"07";"040101";"AREQUIPA";"AREQUIPA";"AREQUIPA";"ESSALUD";"III-1";"00013290";"HOSPITAL NACIONAL III-1 CARLOS ALBERTO SEGUÍN ESCOBEDO";"242202";"HOSPITALIZACIÓN DE MEDICINA PSIQUIATRÍA PSIQUIATRÍA DEL ADULTO Y GERONTE";"34";"32";"740";"595";"24";"744";"0"
"2023";"07";"040101";"AREQUIPA";"AREQUIPA";"AREQUIPA";"ESSALUD";"III-1";"00013290";"HOSPITAL NACIONAL III-1 CARLOS ALBERTO SEGUÍN ESCOBEDO";"241200";"HOSPITALIZACIÓN QUIRÚRGICA TRAUMATOLOGÍA Y ORTOPEDIA ";"108";"104";"867";"932";"31";"961";"2"
"2023";"07";"040101";"AREQUIPA";"AREQUIPA";"AREQUIPA";"ESSALUD";"III-1";"00013290";"HOSPITAL NACIONAL III-1 CARLOS ALBERTO SEGUÍN ESCOBEDO";"241300";"HOSPITALIZACIÓN QUIRÚRGICA UROLOGÍA  ";"44";"43";"261";"278";"9";"279";"0"
"2023";"07";"040101";"AREQUIPA";"AREQUIPA";"AREQUIPA";"ESSALUD";"III-1";"00013290";"HOSPITAL NACIONAL III-1 CARLOS ALBERTO SEGUÍN ESCOBEDO";"240100";"HOSPITALIZACIÓN QUIRÚRGICA CIRUGÍA GENERAL ";"116";"121";"974";"853";"28";"868";"3"
"2023";"07";"040101";"AREQUIPA";"AREQUIPA";"AREQUIPA";"ESSALUD";"III-1";"00013290";"HOSPITAL NACIONAL III-1 CARLOS ALBERTO SEGUÍN ESCOBEDO";"241500";"HOSPITALIZACIÓN QUIRÚRGICA GINECOLOGÍA  ";"46";"44";"211";"127";"6";"186";"0"
"2023";"07";"040101";"AREQUIPA";"AREQUIPA";"AREQUIPA";"ESSALUD";"III-1";"00013290";"HOSPITAL NACIONAL III-1 CARLOS ALBERTO SEGUÍN ESCOBEDO";"242300";"HOSPITALIZACIÓN DE PEDIATRÍA  PEDIATRÍA  GENERAL ";"10";"12";"173";"197";"10";"310";"0"
"2023";"07";"040101";"AREQUIPA";"AREQUIPA";"AREQUIPA";"ESSALUD";"III-1";"00013290";"HOSPITAL NACIONAL III-1 CARLOS ALBERTO SEGUÍN ESCOBEDO";"243200";"HOSPITALIZACIÓN DE PEDIATRÍA PEDIATRIA NEONATOLOGÍA";"74";"56";"627";"207";"9";"279";"2"
"2023";"07";"040101";"AREQUIPA";"AREQUIPA";"AREQUIPA";"ESSALUD";"III-1";"00013290";"HOSPITAL NACIONAL III-1 CARLOS ALBERTO SEGUÍN ESCOBEDO";"241600";"HOSPITALIZACIÓN QUIRÚRGICA OBSTETRICIA   ";"113";"103";"392";"463";"16";"496";"0"
"2023";"07";"040101";"AREQUIPA";"AREQUIPA";"AREQUIPA";"ESSALUD";"III-1";"00013290";"HOSPITAL NACIONAL III-1 CARLOS ALBERTO SEGUÍN ESCOBEDO";"241700";"HOSPITALIZACIÓN QUIRÚRGICA GINECOLOGÍA   GINECOLOGIA ONCOLOGiCA";"22";"22";"41";"78";"5";"155";"0"
"2023";"07";"040101";"AREQUIPA";"AREQUIPA";"AREQUIPA";"ESSALUD";"III-1";"00013290";"HOSPITAL NACIONAL III-1 CARLOS ALBERTO SEGUÍN ESCOBEDO";"242300";"HOSPITALIZACIÓN DE PEDIATRÍA  PEDIATRÍA  GENERAL ";"35";"31";"555";"293";"10";"310";"1"
"2023";"07";"040101";"AREQUIPA";"AREQUIPA";"AREQUIPA";"ESSALUD";"III-1";"00013290";"HOSPITAL NACIONAL III-1 CARLOS ALBERTO SEGUÍN ESCOBEDO";"250100";"UNIDAD DE CUIDADOS CRITICOS UNIDAD  DE CUIDADOS INTENSIVOS GENERALES (UCI) ";"104";"99";"2330";"1466";"49";"1519";"10"
"2023";"07";"040101";"AREQUIPA";"AREQUIPA";"AREQUIPA";"ESSALUD";"III-1";"00013290";"HOSPITAL NACIONAL III-1 CARLOS ALBERTO SEGUÍN ESCOBEDO";"250200";"UNIDAD DE CUIDADOS CRITICOS UNIDAD DE CUIDADOS INTERMEDIOS GENERAL  (UCIN) ";"65";"63";"425";"423";"15";"465";"0"
"2023";"07";"120114";"JUNIN";"HUANCAYO";"EL TAMBO";"GOBIERNO REGIONAL";"I-2";"00000713";"BATANYACU";"NE_0002";"";"NE_0002";"NE_0002";"NE_0002";"NE_0002";"NE_0002";"NE_0002";"NE_0002"
"2023";"07";"120117";"JUNIN";"HUANCAYO";"HUALHUAS";"GOBIERNO REGIONAL";"I-2";"00000718";"HUALHUAS";"NE_0002";"";"NE_0002";"NE_0002";"NE_0002";"NE_0002";"NE_0002";"NE_0002";"NE_0002"
"2023";"07";"120114";"JUNIN";"HUANCAYO";"EL TAMBO";"GOBIERNO REGIONAL";"I-2";"00000715";"RAMIRO PRIALE";"NE_0002";"";"NE_0002";"NE_0002";"NE_0002";"NE_0002";"NE_0002";"NE_0002";"NE_0002"
"2023";"07";"120114";"JUNIN";"HUANCAYO";"EL TAMBO";"GOBIERNO REGIONAL";"I-1";"00000717";"LA VICTORIA";"NE_0002";"";"NE_0002";"NE_0002";"NE_0002";"NE_0002";"NE_0002";"NE_0002";"NE_0002"
"2023";"07";"120129";"JUNIN";"HUANCAYO";"SAN AGUSTIN";"GOBIERNO REGIONAL";"I-3";"00000722";"SAN AGUSTIN DE CAJAS";"NE_0002";"";"NE_0002";"NE_0002";"NE_0002";"NE_0002";"NE_0002";"NE_0002";"NE_0002"
"2023";"07";"120129";"JUNIN";"HUANCAYO";"SAN AGUSTIN";"GOBIERNO REGIONAL";"I-1";"00000723";"COILLOR";"NE_0002";"";"NE_0002";"NE_0002";"NE_0002";"NE_0002";"NE_0002";"NE_0002";"NE_0002"
"2023";"07";"120132";"JUNIN";"HUANCAYO";"SAÑO";"GOBIERNO REGIONAL";"I-2";"00000725";"SAN PEDRO DE SAÑO";"NE_0002";"";"NE_0002";"NE_0002";"NE_0002";"NE_0002";"NE_0002";"NE_0002";"NE_0002"
"2023";"07";"120130";"JUNIN";"HUANCAYO";"SAN JERONIMO DE TUNAN";"GOBIERNO REGIONAL";"I-3";"00000724";"SAN JERONIMO";"NE_0002";"";"NE_0002";"NE_0002";"NE_0002";"NE_0002";"NE_0002";"NE_0002";"NE_0002"
"2023";"07";"120114";"JUNIN";"HUANCAYO";"EL TAMBO";"GOBIERNO REGIONAL";"I-1";"00018190";"1RO DE MAYO";"NE_0002";"";"NE_0002";"NE_0002";"NE_0002";"NE_0002";"NE_0002";"NE_0002";"NE_0002"
"2023";"07";"120114";"JUNIN";"HUANCAYO";"EL TAMBO";"GOBIERNO REGIONAL";"I-1";"00000711";"SAÑOS CHICO";"NE_0002";"";"NE_0002";"NE_0002";"NE_0002";"NE_0002";"NE_0002";"NE_0002";"NE_0002"
"2023";"07";"120128";"JUNIN";"HUANCAYO";"QUILCAS";"GOBIERNO REGIONAL";"I-2";"00000720";"QUILCAS";"NE_0002";"";"NE_0002";"NE_0002";"NE_0002";"NE_0002";"NE_0002";"NE_0002";"NE_0002"
"2023";"07";"120114";"JUNIN";"HUANCAYO";"EL TAMBO";"GOBIERNO REGIONAL";"I-2";"00000735";"COCHAS CHICO";"NE_0002";"";"NE_0002";"NE_0002";"NE_0002";"NE_0002";"NE_0002";"NE_0002";"NE_0002"
"2023";"07";"120114";"JUNIN";"HUANCAYO";"EL TAMBO";"GOBIERNO REGIONAL";"I-1";"00000706";"SAÑOS GRANDE";"NE_0002";"";"NE_0002";"NE_0002";"NE_0002";"NE_0002";"NE_0002";"NE_0002";"NE_0002"
"2023";"07";"120114";"JUNIN";"HUANCAYO";"EL TAMBO";"GOBIERNO REGIONAL";"I-1";"00000708";"PACCHA";"NE_0002";"";"NE_0002";"NE_0002";"NE_0002";"NE_0002";"NE_0002";"NE_0002";"NE_0002"
"2023";"07";"120114";"JUNIN";"HUANCAYO";"EL TAMBO";"GOBIERNO REGIONAL";"I-1";"00000716";"HUALAHOYO";"NE_0002";"";"NE_0002";"NE_0002";"NE_0002";"NE_0002";"NE_0002";"NE_0002";"NE_0002"
"2023";"07";"120125";"JUNIN";"HUANCAYO";"PILCOMAYO";"GOBIERNO REGIONAL";"I-3";"00000719";"PILCOMAYO";"NE_0002";"";"NE_0002";"NE_0002";"NE_0002";"NE_0002";"NE_0002";"NE_0002";"NE_0002"
"2023";"07";"120134";"JUNIN";"HUANCAYO";"SICAYA";"GOBIERNO REGIONAL";"I-3";"00000726";"SICAYA";"NE_0002";"";"NE_0002";"NE_0002";"NE_0002";"NE_0002";"NE_0002";"NE_0002";"NE_0002"
"2023";"07";"120114";"JUNIN";"HUANCAYO";"EL TAMBO";"GOBIERNO REGIONAL";"I-1";"00000733";"CULLPA";"NE_0002";"";"NE_0002";"NE_0002";"NE_0002";"NE_0002";"NE_0002";"NE_0002";"NE_0002"
"2023";"07";"120114";"JUNIN";"HUANCAYO";"EL TAMBO";"GOBIERNO REGIONAL";"I-1";"00000712";"AZA";"NE_0002";"";"NE_0002";"NE_0002";"NE_0002";"NE_0002";"NE_0002";"NE_0002";"NE_0002"
"2023";"07";"120114";"JUNIN";"HUANCAYO";"EL TAMBO";"GOBIERNO REGIONAL";"I-1";"00000734";"COCHAS GRANDE";"NE_0002";"";"NE_0002";"NE_0002";"NE_0002";"NE_0002";"NE_0002";"NE_0002";"NE_0002"
"2023";"07";"120114";"JUNIN";"HUANCAYO";"EL TAMBO";"GOBIERNO REGIONAL";"I-4";"00000705";"JUSTICIA PAZ Y VIDA";"NE_0002";"";"NE_0002";"NE_0002";"NE_0002";"NE_0002";"NE_0002";"NE_0002";"NE_0002"
"2023";"07";"120114";"JUNIN";"HUANCAYO";"EL TAMBO";"GOBIERNO REGIONAL";"I-3";"00000707";"SAN MARTIN";"NE_0002";"";"NE_0002";"NE_0002";"NE_0002";"NE_0002";"NE_0002";"NE_0002";"NE_0002"
"2023";"07";"120114";"JUNIN";"HUANCAYO";"EL TAMBO";"GOBIERNO REGIONAL";"I-1";"00000709";"UMUTO";"NE_0002";"";"NE_0002";"NE_0002";"NE_0002";"NE_0002";"NE_0002";"NE_0002";"NE_0002"
"2023";"07";"120114";"JUNIN";"HUANCAYO";"EL TAMBO";"GOBIERNO REGIONAL";"I-1";"00000710";"INCHO";"NE_0002";"";"NE_0002";"NE_0002";"NE_0002";"NE_0002";"NE_0002";"NE_0002";"NE_0002"
"2023";"07";"120114";"JUNIN";"HUANCAYO";"EL TAMBO";"GOBIERNO REGIONAL";"I-3";"00000714";"JUAN PARRA DEL RIEGO";"NE_0002";"";"NE_0002";"NE_0002";"NE_0002";"NE_0002";"NE_0002";"NE_0002";"NE_0002"
"2023";"07";"120128";"JUNIN";"HUANCAYO";"QUILCAS";"GOBIERNO REGIONAL";"I-1";"00000721";"COLPAR";"NE_0002";"";"NE_0002";"NE_0002";"NE_0002";"NE_0002";"NE_0002";"NE_0002";"NE_0002"
"2023";"07";"010401";"AMAZONAS";"CONDORCANQUI";"NIEVA";"GOBIERNO REGIONAL";"II-1";"00005145";"SANTA MARIA DE NIEVA";"240100";"HOSPITALIZACIÓN QUIRÚRGICA CIRUGÍA GENERAL ";"10";"10";"21";"4";"2";"6";"0"
"2023";"07";"010401";"AMAZONAS";"CONDORCANQUI";"NIEVA";"GOBIERNO REGIONAL";"II-1";"00005145";"SANTA MARIA DE NIEVA";"241400";"HOSPITALIZACIÓN QUIRÚRGICA GINECO - OBSTETRICIA ";"48";"49";"102";"12";"11";"30";"0"
"2023";"07";"010401";"AMAZONAS";"CONDORCANQUI";"NIEVA";"GOBIERNO REGIONAL";"II-1";"00005145";"SANTA MARIA DE NIEVA";"241800";"HOSPITALIZACIÓN DE MEDICINA MEDICINA GENERAL ";"25";"29";"86";"10";"8";"18";"1"
"2023";"07";"010401";"AMAZONAS";"CONDORCANQUI";"NIEVA";"GOBIERNO REGIONAL";"II-1";"00005145";"SANTA MARIA DE NIEVA";"242500";"HOSPITALIZACIÓN-PEDIATRÍA GENERAL-";"21";"23";"76";"8";"2";"14";"0"
"2023";"07";"040101";"AREQUIPA";"AREQUIPA";"AREQUIPA";"PRIVADO";"II-E";"00017588";"MELO CLINICA DE FERTILIDAD, GINECOLOGIA Y OBSTETRICIA";"241400";"HOSPITALIZACIÓN QUIRÚRGICA GINECO - OBSTETRICIA ";"12";"12";"12";"12";"4";"120";"0"
"2023";"07";"110501";"ICA";"PISCO";"PISCO";"PRIVADO";"II-1";"00027173";"FAMISALUD SAC";"241500";"HOSPITALIZACIÓN QUIRÚRGICA GINECOLOGÍA  ";"5";"5";"5";"7";"2";"62";"0"
"2023";"07";"110501";"ICA";"PISCO";"PISCO";"PRIVADO";"II-1";"00027173";"FAMISALUD SAC";"241200";"HOSPITALIZACIÓN QUIRÚRGICA TRAUMATOLOGÍA Y ORTOPEDIA ";"1";"1";"2";"7";"1";"31";"0"
"2023";"07";"110501";"ICA";"PISCO";"PISCO";"PRIVADO";"II-1";"00027173";"FAMISALUD SAC";"240100";"HOSPITALIZACIÓN QUIRÚRGICA CIRUGÍA GENERAL ";"4";"4";"7";"7";"4";"124";"0"
"2023";"07";"110501";"ICA";"PISCO";"PISCO";"PRIVADO";"II-1";"00027173";"FAMISALUD SAC";"241800";"HOSPITALIZACIÓN DE MEDICINA MEDICINA GENERAL ";"5";"5";"14";"7";"1";"31";"0"
"2023";"07";"150132";"LIMA";"LIMA";"SAN JUAN DE LURIGANCHO";"PRIVADO";"II-2";"00008271";"CLINICA SAN JUAN BAUTISTA";"240000";"HOSPITALIZACIÓN";"199";"203";"567";"691";"40";"1240";"0"
"2023";"07";"150132";"LIMA";"LIMA";"SAN JUAN DE LURIGANCHO";"PRIVADO";"II-2";"00008271";"CLINICA SAN JUAN BAUTISTA";"250100";"UNIDAD DE CUIDADOS CRITICOS UNIDAD  DE CUIDADOS INTENSIVOS GENERALES (UCI) ";"27";"29";"72";"92";"7";"217";"1"
"2023";"07";"150133";"LIMA";"LIMA";"SAN JUAN DE MIRAFLORES";"PRIVADO";"II-2";"00018985";"CLINICA SANTA MARTHA DEL SUR";"240000";"HOSPITALIZACIÓN";"183";"192";"504";"1373";"82";"2542";"0"
"2023";"07";"150133";"LIMA";"LIMA";"SAN JUAN DE MIRAFLORES";"PRIVADO";"II-2";"00018985";"CLINICA SANTA MARTHA DEL SUR";"250100";"UNIDAD DE CUIDADOS CRITICOS UNIDAD  DE CUIDADOS INTENSIVOS GENERALES (UCI) ";"12";"13";"38";"50";"7";"217";"0"
"2023";"07";"100601";"HUANUCO";"LEONCIO PRADO";"RUPA-RUPA";"ESSALUD";"II-1";"00009180";"HOSPITAL I TINGO MARIA";"241800";"HOSPITALIZACIÓN DE MEDICINA MEDICINA GENERAL ";"19";"18";"76";"81";"6";"186";"3"
"2023";"07";"100601";"HUANUCO";"LEONCIO PRADO";"RUPA-RUPA";"ESSALUD";"II-1";"00009180";"HOSPITAL I TINGO MARIA";"240100";"HOSPITALIZACIÓN QUIRÚRGICA CIRUGÍA GENERAL ";"43";"44";"120";"121";"6";"186";"0"
"2023";"07";"100601";"HUANUCO";"LEONCIO PRADO";"RUPA-RUPA";"ESSALUD";"II-1";"00009180";"HOSPITAL I TINGO MARIA";"241500";"HOSPITALIZACIÓN QUIRÚRGICA GINECOLOGÍA  ";"40";"43";"109";"111";"4";"124";"0"
"2023";"07";"100601";"HUANUCO";"LEONCIO PRADO";"RUPA-RUPA";"ESSALUD";"II-1";"00009180";"HOSPITAL I TINGO MARIA";"241600";"HOSPITALIZACIÓN QUIRÚRGICA OBSTETRICIA   ";"17";"14";"28";"30";"2";"62";"0"
"2023";"07";"100601";"HUANUCO";"LEONCIO PRADO";"RUPA-RUPA";"ESSALUD";"II-1";"00009180";"HOSPITAL I TINGO MARIA";"242300";"HOSPITALIZACIÓN DE PEDIATRÍA  PEDIATRÍA  GENERAL ";"45";"46";"128";"128";"5";"155";"0"
"2023";"07";"050101";"AYACUCHO";"HUAMANGA";"AYACUCHO";"PRIVADO";"II-1";"00008154";"CLINICA EL NAZARENO";"241400";"HOSPITALIZACIÓN QUIRÚRGICA GINECO - OBSTETRICIA ";"1";"1";"1";"1";"1";"156";"0"
"2023";"07";"050101";"AYACUCHO";"HUAMANGA";"AYACUCHO";"PRIVADO";"II-1";"00008154";"CLINICA EL NAZARENO";"242300";"HOSPITALIZACIÓN DE PEDIATRÍA  PEDIATRÍA  GENERAL ";"1";"1";"1";"1";"1";"156";"0"
"2023";"07";"050101";"AYACUCHO";"HUAMANGA";"AYACUCHO";"PRIVADO";"II-1";"00008154";"CLINICA EL NAZARENO";"241300";"HOSPITALIZACIÓN QUIRÚRGICA UROLOGÍA  ";"2";"2";"3";"1";"1";"96";"0"
"2023";"07";"050101";"AYACUCHO";"HUAMANGA";"AYACUCHO";"PRIVADO";"II-1";"00008154";"CLINICA EL NAZARENO";"241100";"HOSPITALIZACIÓN QUIRÚRGICA OTORRINOLARINGOLOGÍA  ";"1";"1";"1";"1";"1";"156";"0"
"2023";"09";"150101";"LIMA";"LIMA";"LIMA";"ESSALUD";"II-1";"00009188";"HOSPITAL II RAMON CASTILLA";"241800";"HOSPITALIZACIÓN DE MEDICINA MEDICINA GENERAL ";"48";"44";"236";"272";"12";"360";"1"
"2023";"09";"150101";"LIMA";"LIMA";"LIMA";"ESSALUD";"II-1";"00009188";"HOSPITAL II RAMON CASTILLA";"240100";"HOSPITALIZACIÓN QUIRÚRGICA CIRUGÍA GENERAL ";"123";"128";"410";"397";"18";"540";"0"
"2023";"09";"150101";"LIMA";"LIMA";"LIMA";"ESSALUD";"II-1";"00009188";"HOSPITAL II RAMON CASTILLA";"241400";"HOSPITALIZACIÓN QUIRÚRGICA GINECO - OBSTETRICIA ";"20";"20";"64";"69";"3";"90";"0"
"2023";"09";"150101";"LIMA";"LIMA";"LIMA";"ESSALUD";"II-1";"00009188";"HOSPITAL II RAMON CASTILLA";"241600";"HOSPITALIZACIÓN QUIRÚRGICA OBSTETRICIA   ";"83";"77";"210";"230";"12";"360";"0"
"2023";"09";"150101";"LIMA";"LIMA";"LIMA";"ESSALUD";"II-1";"00009188";"HOSPITAL II RAMON CASTILLA";"242300";"HOSPITALIZACIÓN DE PEDIATRÍA  PEDIATRÍA  GENERAL ";"42";"42";"169";"166";"7";"210";"0"
"2023";"09";"150101";"LIMA";"LIMA";"LIMA";"ESSALUD";"II-1";"00009188";"HOSPITAL II RAMON CASTILLA";"243200";"HOSPITALIZACIÓN DE PEDIATRÍA PEDIATRIA NEONATOLOGÍA";"9";"9";"24";"25";"1";"30";"0"
"2023";"09";"080101";"CUSCO";"CUSCO";"CUSCO";"GOBIERNO REGIONAL";"III-1";"00002289";"HOSPITAL DE APOYO DEPARTAMENTAL CUSCO";"240100";"HOSPITALIZACIÓN QUIRÚRGICA CIRUGÍA GENERAL ";"156";"158";"899";"884";"34";"1054";"1"
"2023";"09";"080101";"CUSCO";"CUSCO";"CUSCO";"GOBIERNO REGIONAL";"III-1";"00002289";"HOSPITAL DE APOYO DEPARTAMENTAL CUSCO";"240900";"HOSPITALIZACIÓN QUIRÚRGICA NEUROCIRUGÍA ";"27";"29";"428";"583";"25";"775";"1"
"2023";"09";"080101";"CUSCO";"CUSCO";"CUSCO";"GOBIERNO REGIONAL";"III-1";"00002289";"HOSPITAL DE APOYO DEPARTAMENTAL CUSCO";"242100";"HOSPITALIZACIÓN DE MEDICINA ONCOLOGÍA MÉDICA ";"44";"42";"400";"514";"20";"620";"3"
"2023";"09";"080101";"CUSCO";"CUSCO";"CUSCO";"GOBIERNO REGIONAL";"III-1";"00002289";"HOSPITAL DE APOYO DEPARTAMENTAL CUSCO";"242300";"HOSPITALIZACIÓN DE PEDIATRÍA  PEDIATRÍA  GENERAL ";"48";"51";"481";"511";"21";"651";"0"
"2023";"09";"080101";"CUSCO";"CUSCO";"CUSCO";"GOBIERNO REGIONAL";"III-1";"00002289";"HOSPITAL DE APOYO DEPARTAMENTAL CUSCO";"243200";"HOSPITALIZACIÓN DE PEDIATRÍA PEDIATRIA NEONATOLOGÍA";"57";"55";"1157";"681";"30";"930";"1"
"2023";"09";"080101";"CUSCO";"CUSCO";"CUSCO";"GOBIERNO REGIONAL";"III-1";"00002289";"HOSPITAL DE APOYO DEPARTAMENTAL CUSCO";"240100";"HOSPITALIZACIÓN QUIRÚRGICA CIRUGÍA GENERAL ";"70";"73";"506";"525";"32";"992";"0"
"2023";"09";"080101";"CUSCO";"CUSCO";"CUSCO";"GOBIERNO REGIONAL";"III-1";"00002289";"HOSPITAL DE APOYO DEPARTAMENTAL CUSCO";"241500";"HOSPITALIZACIÓN QUIRÚRGICA GINECOLOGÍA  ";"186";"186";"486";"667";"29";"899";"0"
"2023";"09";"080101";"CUSCO";"CUSCO";"CUSCO";"GOBIERNO REGIONAL";"III-1";"00002289";"HOSPITAL DE APOYO DEPARTAMENTAL CUSCO";"242000";"HOSPITALIZACIÓN DE MEDICINA MEDICINA TROPICAL E INFECCIOSAS ";"18";"17";"256";"598";"24";"744";"2"
"2023";"09";"080101";"CUSCO";"CUSCO";"CUSCO";"GOBIERNO REGIONAL";"III-1";"00002289";"HOSPITAL DE APOYO DEPARTAMENTAL CUSCO";"241400";"HOSPITALIZACIÓN QUIRÚRGICA GINECO - OBSTETRICIA ";"246";"237";"567";"655";"31";"961";"0"
"2023";"09";"080101";"CUSCO";"CUSCO";"CUSCO";"GOBIERNO REGIONAL";"III-1";"00002289";"HOSPITAL DE APOYO DEPARTAMENTAL CUSCO";"241800";"HOSPITALIZACIÓN DE MEDICINA MEDICINA GENERAL ";"71";"68";"822";"819";"32";"992";"4"
"2023";"09";"080101";"CUSCO";"CUSCO";"CUSCO";"GOBIERNO REGIONAL";"III-1";"00002289";"HOSPITAL DE APOYO DEPARTAMENTAL CUSCO";"242204";"HOSPITALIZACIÓN DE MEDICINA PSIQUIATRÍA REHABILITACIÓN PSIQUIÁTRICA / REINSERCIÓN ";"7";"8";"181";"200";"7";"217";"0"
"2023";"09";"080101";"CUSCO";"CUSCO";"CUSCO";"GOBIERNO REGIONAL";"III-1";"00002289";"HOSPITAL DE APOYO DEPARTAMENTAL CUSCO";"241200";"HOSPITALIZACIÓN QUIRÚRGICA TRAUMATOLOGÍA Y ORTOPEDIA ";"65";"61";"881";"457";"30";"930";"0"
"2023";"09";"080101";"CUSCO";"CUSCO";"CUSCO";"GOBIERNO REGIONAL";"III-1";"00002289";"HOSPITAL DE APOYO DEPARTAMENTAL CUSCO";"240801";"HOSPITALIZACIÓN QUIRÚRGICA CIRUGÍA PLÁSTICA/RECONSTRUCTIVA/ REPARADORA QUEMADOS";"15";"18";"401";"256";"18";"558";"1"
"2023";"09";"080101";"CUSCO";"CUSCO";"CUSCO";"GOBIERNO REGIONAL";"III-1";"00002289";"HOSPITAL DE APOYO DEPARTAMENTAL CUSCO";"250100";"UNIDAD DE CUIDADOS CRITICOS UNIDAD  DE CUIDADOS INTENSIVOS GENERALES (UCI) ";"32";"33";"467";"336";"17";"527";"7"
"2023";"09";"080101";"CUSCO";"CUSCO";"CUSCO";"GOBIERNO REGIONAL";"III-1";"00002289";"HOSPITAL DE APOYO DEPARTAMENTAL CUSCO";"241800";"HOSPITALIZACIÓN DE MEDICINA MEDICINA GENERAL ";"35";"31";"594";"480";"25";"775";"6"
"2023";"09";"080101";"CUSCO";"CUSCO";"CUSCO";"GOBIERNO REGIONAL";"III-1";"00002289";"HOSPITAL DE APOYO DEPARTAMENTAL CUSCO";"241900";"HOSPITALIZACIÓN DE MEDICINA MEDICINA INTERNA ";"23";"23";"548";"547";"22";"682";"4"
"2023";"09";"160101";"LORETO";"MAYNAS";"IQUITOS";"SANIDAD DEL EJERCITO DEL PERU";"I-4";"00020543";"IPRESS I-4 MILITAR DIVISIONARIO ""SANTA ROSA"" IQUITOS";"241800";"HOSPITALIZACIÓN DE MEDICINA MEDICINA GENERAL ";"5";"4";"36";"47";"20";"600";"0"
"2023";"10";"150101";"LIMA";"LIMA";"LIMA";"PRIVADO";"I-2";"00018921";"ARIE";"NE_0002";"";"NE_0002";"NE_0002";"NE_0002";"NE_0002";"NE_0002";"NE_0002";"NE_0002"
"2023";"10";"030201";"APURIMAC";"ANDAHUAYLAS";"ANDAHUAYLAS";"SANIDAD DE LA POLICIA NACIONAL DEL PERU";"I-2";"00011892";"POSTA MEDICA POLICIAL DE ANDAHUAYLAS";"NE_0001";"";"NE_0001";"NE_0001";"NE_0001";"NE_0001";"NE_0001";"NE_0001";"NE_0001"
"2023";"10";"021905";"ANCASH";"SIHUAS";"CHINGALPO";"GOBIERNO REGIONAL";"I-1";"00001800";"PUESTO DE SALUD CHINGALPO";"NE_0002";"";"NE_0002";"NE_0002";"NE_0002";"NE_0002";"NE_0002";"NE_0002";"NE_0002"
"2023";"10";"021905";"ANCASH";"SIHUAS";"CHINGALPO";"GOBIERNO REGIONAL";"I-1";"00001754";"PUESTO DE SALUD SAN MIGUEL";"NE_0002";"";"NE_0002";"NE_0002";"NE_0002";"NE_0002";"NE_0002";"NE_0002";"NE_0002"
"2023";"10";"021903";"ANCASH";"SIHUAS";"ALFONSO UGARTE";"GOBIERNO REGIONAL";"I-1";"00001805";"PUESTO DE SALUD ULLOLLUCO";"NE_0002";"";"NE_0002";"NE_0002";"NE_0002";"NE_0002";"NE_0002";"NE_0002";"NE_0002"
"2023";"10";"021907";"ANCASH";"SIHUAS";"QUICHES";"GOBIERNO REGIONAL";"I-1";"00001807";"PUESTO DE SALUD JOCOSBAMBA";"241400";"HOSPITALIZACIÓN QUIRÚRGICA GINECO - OBSTETRICIA ";"1";"1";"1";"1";"1";"2";"0"
"2023";"10";"021907";"ANCASH";"SIHUAS";"QUICHES";"GOBIERNO REGIONAL";"I-3";"00001806";"CENTRO DE SALUD QUICHES";"241400";"HOSPITALIZACIÓN QUIRÚRGICA GINECO - OBSTETRICIA ";"3";"3";"3";"3";"3";"14";"0"
"2023";"10";"120302";"JUNIN";"CHANCHAMAYO";"PERENE";"GOBIERNO REGIONAL";"I-1";"00000322";"LIBERTAD TOTERANI";"NE_0001";"";"NE_0001";"NE_0001";"NE_0001";"NE_0001";"NE_0001";"NE_0001";"NE_0001"
"2023";"10";"120302";"JUNIN";"CHANCHAMAYO";"PERENE";"GOBIERNO REGIONAL";"I-1";"00000323";"INCHATINGARI";"NE_0001";"";"NE_0001";"NE_0001";"NE_0001";"NE_0001";"NE_0001";"NE_0001";"NE_0001"
"2023";"10";"120302";"JUNIN";"CHANCHAMAYO";"PERENE";"GOBIERNO REGIONAL";"I-2";"00000324";"LOS ANGELES DE UBIRIKI";"NE_0001";"";"NE_0001";"NE_0001";"NE_0001";"NE_0001";"NE_0001";"NE_0001";"NE_0001"
"2023";"10";"120302";"JUNIN";"CHANCHAMAYO";"PERENE";"GOBIERNO REGIONAL";"I-1";"00000327";"ALTO PUMPURIANI";"NE_0001";"";"NE_0001";"NE_0001";"NE_0001";"NE_0001";"NE_0001";"NE_0001";"NE_0001"
"2023";"10";"120302";"JUNIN";"CHANCHAMAYO";"PERENE";"GOBIERNO REGIONAL";"I-1";"00000335";"ZONA PATRIA";"NE_0001";"";"NE_0001";"NE_0001";"NE_0001";"NE_0001";"NE_0001";"NE_0001";"NE_0001"
"2023";"10";"120302";"JUNIN";"CHANCHAMAYO";"PERENE";"GOBIERNO REGIONAL";"I-3";"00000320";"PUERTO YURINAKI";"NE_0001";"";"NE_0001";"NE_0001";"NE_0001";"NE_0001";"NE_0001";"NE_0001";"NE_0001"
"2023";"10";"120302";"JUNIN";"CHANCHAMAYO";"PERENE";"GOBIERNO REGIONAL";"I-2";"00000325";"CENTRO POBLADO MENOR LA FLORIDA";"NE_0001";"";"NE_0001";"NE_0001";"NE_0001";"NE_0001";"NE_0001";"NE_0001";"NE_0001"
"2023";"10";"120302";"JUNIN";"CHANCHAMAYO";"PERENE";"GOBIERNO REGIONAL";"I-1";"00000329";"HUACAMAYO";"NE_0001";"";"NE_0001";"NE_0001";"NE_0001";"NE_0001";"NE_0001";"NE_0001";"NE_0001"
"2023";"10";"120304";"JUNIN";"CHANCHAMAYO";"SAN LUIS DE SHUARO";"GOBIERNO REGIONAL";"I-1";"00000336";"ALTO YAPAZ";"NE_0001";"";"NE_0001";"NE_0001";"NE_0001";"NE_0001";"NE_0001";"NE_0001";"NE_0001"
"2023";"10";"120302";"JUNIN";"CHANCHAMAYO";"PERENE";"GOBIERNO REGIONAL";"I-4";"00000318";"VILLA PERENE";"241600";"HOSPITALIZACIÓN QUIRÚRGICA OBSTETRICIA   ";"07";"06";"14";"18";"03";"93";"0"
"2023";"10";"120302";"JUNIN";"CHANCHAMAYO";"PERENE";"GOBIERNO REGIONAL";"I-4";"00000318";"VILLA PERENE";"241800";"HOSPITALIZACIÓN DE MEDICINA MEDICINA GENERAL ";"05";"04";"15";"38";"09";"279";"0"
"2023";"10";"120302";"JUNIN";"CHANCHAMAYO";"PERENE";"GOBIERNO REGIONAL";"I-2";"00000319";"BAJO MARANKIARI";"NE_0001";"";"NE_0001";"NE_0001";"NE_0001";"NE_0001";"NE_0001";"NE_0001";"NE_0001"
"2023";"10";"120302";"JUNIN";"CHANCHAMAYO";"PERENE";"GOBIERNO REGIONAL";"I-1";"00000326";"SANTA ROSA DE RIO AMARILLO";"NE_0001";"";"NE_0001";"NE_0001";"NE_0001";"NE_0001";"NE_0001";"NE_0001";"NE_0001"
"2023";"10";"120302";"JUNIN";"CHANCHAMAYO";"PERENE";"GOBIERNO REGIONAL";"I-1";"00000332";"ALTO SAN JUAN";"NE_0001";"";"NE_0001";"NE_0001";"NE_0001";"NE_0001";"NE_0001";"NE_0001";"NE_0001"
"2023";"10";"120302";"JUNIN";"CHANCHAMAYO";"PERENE";"GOBIERNO REGIONAL";"I-1";"00000333";"CENTRO TOTERANI";"NE_0001";"";"NE_0001";"NE_0001";"NE_0001";"NE_0001";"NE_0001";"NE_0001";"NE_0001"
"2023";"10";"120302";"JUNIN";"CHANCHAMAYO";"PERENE";"GOBIERNO REGIONAL";"I-1";"00007319";"SANTA ROSA TOTERANI";"NE_0001";"";"NE_0001";"NE_0001";"NE_0001";"NE_0001";"NE_0001";"NE_0001";"NE_0001"
"2023";"10";"120302";"JUNIN";"CHANCHAMAYO";"PERENE";"GOBIERNO REGIONAL";"I-2";"00014385";"MARISCAL CACERES";"NE_0001";"";"NE_0001";"NE_0001";"NE_0001";"NE_0001";"NE_0001";"NE_0001";"NE_0001"
"2023";"10";"210501";"PUNO";"EL COLLAO";"ILAVE";"ESSALUD";"I-3";"00009218";"POLICLINICO ILAVE -  RED ASISTENCIAL PUNO";"NE_0001";"";"NE_0001";"NE_0001";"NE_0001";"NE_0001";"NE_0001";"NE_0001";"NE_0001"
"2023";"10";"050202";"AYACUCHO";"CANGALLO";"CHUSCHI";"GOBIERNO REGIONAL";"I-2";"00003592";"PUESTO DE SALUD CATALINAYOC";"NE_0002";"";"NE_0002";"NE_0002";"NE_0002";"NE_0002";"NE_0002";"NE_0002";"NE_0002"
"2023";"10";"200501";"PIURA";"PAITA";"PAITA";"GOBIERNO REGIONAL";"II-1";"00002021";"HOSPITAL DE APOYO II - 1 NUESTRA SEÑORA DE LAS MERCEDES - PAITA";"240100";"HOSPITALIZACIÓN QUIRÚRGICA CIRUGÍA GENERAL ";"47";"46";"201";"201";"10";"310";"0"
"2023";"10";"200501";"PIURA";"PAITA";"PAITA";"GOBIERNO REGIONAL";"II-1";"00002021";"HOSPITAL DE APOYO II - 1 NUESTRA SEÑORA DE LAS MERCEDES - PAITA";"241500";"HOSPITALIZACIÓN QUIRÚRGICA GINECOLOGÍA  ";"12";"15";"59";"59";"2";"66";"0"
"2023";"10";"200501";"PIURA";"PAITA";"PAITA";"GOBIERNO REGIONAL";"II-1";"00002021";"HOSPITAL DE APOYO II - 1 NUESTRA SEÑORA DE LAS MERCEDES - PAITA";"241600";"HOSPITALIZACIÓN QUIRÚRGICA OBSTETRICIA   ";"181";"190";"543";"469";"20";"623";"0"
"2023";"10";"200501";"PIURA";"PAITA";"PAITA";"GOBIERNO REGIONAL";"II-1";"00002021";"HOSPITAL DE APOYO II - 1 NUESTRA SEÑORA DE LAS MERCEDES - PAITA";"241900";"HOSPITALIZACIÓN DE MEDICINA MEDICINA INTERNA ";"58";"57";"414";"414";"17";"527";"3"
"2023";"10";"200501";"PIURA";"PAITA";"PAITA";"GOBIERNO REGIONAL";"II-1";"00002021";"HOSPITAL DE APOYO II - 1 NUESTRA SEÑORA DE LAS MERCEDES - PAITA";"242500";"HOSPITALIZACIÓN-PEDIATRÍA GENERAL-";"36";"40";"216";"216";"7";"217";"0"
"2023";"10";"200501";"PIURA";"PAITA";"PAITA";"GOBIERNO REGIONAL";"II-1";"00002021";"HOSPITAL DE APOYO II - 1 NUESTRA SEÑORA DE LAS MERCEDES - PAITA";"243200";"HOSPITALIZACIÓN DE PEDIATRÍA PEDIATRIA NEONATOLOGÍA";"21";"21";"79";"93";"5";"155";"1"
"2023";"10";"130203";"LA LIBERTAD";"ASCOPE";"CHOCOPE";"ESSALUD";"II-2";"00009037";"HOSPITAL II CHOCOPE";"241900";"HOSPITALIZACIÓN DE MEDICINA MEDICINA INTERNA ";"106";"106";"744";"803";"28";"868";"15"
"2023";"10";"130203";"LA LIBERTAD";"ASCOPE";"CHOCOPE";"ESSALUD";"II-2";"00009037";"HOSPITAL II CHOCOPE";"240100";"HOSPITALIZACIÓN QUIRÚRGICA CIRUGÍA GENERAL ";"111";"108";"377";"371";"13";"403";"1"
"2023";"10";"130203";"LA LIBERTAD";"ASCOPE";"CHOCOPE";"ESSALUD";"II-2";"00009037";"HOSPITAL II CHOCOPE";"241500";"HOSPITALIZACIÓN QUIRÚRGICA GINECOLOGÍA  ";"34";"31";"72";"109";"4";"124";"0"
"2023";"10";"130203";"LA LIBERTAD";"ASCOPE";"CHOCOPE";"ESSALUD";"II-2";"00009037";"HOSPITAL II CHOCOPE";"241600";"HOSPITALIZACIÓN QUIRÚRGICA OBSTETRICIA   ";"59";"59";"429";"175";"6";"186";"0"
"2023";"10";"130203";"LA LIBERTAD";"ASCOPE";"CHOCOPE";"ESSALUD";"II-2";"00009037";"HOSPITAL II CHOCOPE";"242300";"HOSPITALIZACIÓN DE PEDIATRÍA  PEDIATRÍA  GENERAL ";"38";"39";"143";"143";"5";"155";"0"
"2023";"10";"021809";"ANCASH";"SANTA";"NUEVO CHIMBOTE";"PRIVADO";"II-E";"00010475";"CENTRO MEDICO ESPECIALIZADO CLINICA DE LA MUJER Y EL NIÑO EIRL";"241400";"HOSPITALIZACIÓN QUIRÚRGICA GINECO - OBSTETRICIA ";"12";"11";"21";"23";"4";"124";"0"
"2023";"10";"021809";"ANCASH";"SANTA";"NUEVO CHIMBOTE";"PRIVADO";"II-E";"00010475";"CENTRO MEDICO ESPECIALIZADO CLINICA DE LA MUJER Y EL NIÑO EIRL";"240100";"HOSPITALIZACIÓN QUIRÚRGICA CIRUGÍA GENERAL ";"1";"1";"1";"1";"1";"31";"0"
"2023";"10";"200101";"PIURA";"PIURA";"PIURA";"ESSALUD";"II-1";"00010244";"HOSPITAL II JORGE REATEGUI DELGADO";"241900";"HOSPITALIZACIÓN DE MEDICINA MEDICINA INTERNA ";"83";"67";"407";"553";"21";"651";"3"
"2023";"10";"200101";"PIURA";"PIURA";"PIURA";"ESSALUD";"II-1";"00010244";"HOSPITAL II JORGE REATEGUI DELGADO";"240100";"HOSPITALIZACIÓN QUIRÚRGICA CIRUGÍA GENERAL ";"137";"135";"334";"414";"18";"558";"0"
"2023";"10";"200101";"PIURA";"PIURA";"PIURA";"ESSALUD";"II-1";"00010244";"HOSPITAL II JORGE REATEGUI DELGADO";"241400";"HOSPITALIZACIÓN QUIRÚRGICA GINECO - OBSTETRICIA ";"233";"225";"501";"651";"29";"899";"0"
"2023";"10";"200101";"PIURA";"PIURA";"PIURA";"ESSALUD";"II-1";"00010244";"HOSPITAL II JORGE REATEGUI DELGADO";"242300";"HOSPITALIZACIÓN DE PEDIATRÍA  PEDIATRÍA  GENERAL ";"57";"51";"199";"217";"11";"341";"0"
"2023";"10";"200101";"PIURA";"PIURA";"PIURA";"ESSALUD";"II-1";"00010244";"HOSPITAL II JORGE REATEGUI DELGADO";"243200";"HOSPITALIZACIÓN DE PEDIATRÍA PEDIATRIA NEONATOLOGÍA";"143";"142";"223";"99";"5";"155";"0"
"2023";"10";"190109";"PASCO";"PASCO";"SIMON BOLIVAR";"ESSALUD";"II-2";"00009747";"HOSPITAL II PASCO";"241800";"HOSPITALIZACIÓN DE MEDICINA MEDICINA GENERAL ";"56";"56";"265";"218";"12";"372";"1"
"2023";"10";"190109";"PASCO";"PASCO";"SIMON BOLIVAR";"ESSALUD";"II-2";"00009747";"HOSPITAL II PASCO";"250100";"UNIDAD DE CUIDADOS CRITICOS UNIDAD  DE CUIDADOS INTENSIVOS GENERALES (UCI) ";"7";"7";"42";"42";"3";"93";"0"
"2023";"10";"190109";"PASCO";"PASCO";"SIMON BOLIVAR";"ESSALUD";"II-2";"00009747";"HOSPITAL II PASCO";"240100";"HOSPITALIZACIÓN QUIRÚRGICA CIRUGÍA GENERAL ";"56";"56";"241";"278";"13";"403";"0"
"2023";"10";"190109";"PASCO";"PASCO";"SIMON BOLIVAR";"ESSALUD";"II-2";"00009747";"HOSPITAL II PASCO";"241400";"HOSPITALIZACIÓN QUIRÚRGICA GINECO - OBSTETRICIA ";"80";"80";"164";"157";"8";"248";"0"
"2023";"10";"190109";"PASCO";"PASCO";"SIMON BOLIVAR";"ESSALUD";"II-2";"00009747";"HOSPITAL II PASCO";"242300";"HOSPITALIZACIÓN DE PEDIATRÍA  PEDIATRÍA  GENERAL ";"48";"48";"127";"110";"7";"217";"0"
"2023";"10";"190109";"PASCO";"PASCO";"SIMON BOLIVAR";"ESSALUD";"II-2";"00009747";"HOSPITAL II PASCO";"243200";"HOSPITALIZACIÓN DE PEDIATRÍA PEDIATRIA NEONATOLOGÍA";"65";"65";"225";"188";"12";"372";"0"
"2023";"10";"150115";"LIMA";"LIMA";"LA VICTORIA";"MINSA";"III-E";"00006212";"HOSPITAL DE EMERGENCIAS PEDIATRICAS";"240700";"HOSPITALIZACIÓN QUIRÚRGICA CIRUGÍA PEDIÁTRICA ";"30";"30";"285";"171";"7";"217";"0"
"2023";"10";"150115";"LIMA";"LIMA";"LA VICTORIA";"MINSA";"III-E";"00006212";"HOSPITAL DE EMERGENCIAS PEDIATRICAS";"250105";"UNIDAD DE CUIDADOS CRITICOS UNIDAD  DE CUIDADOS INTENSIVOS  (UCI) NEONATOLOGÍA";"5";"4";"29";"80";"4";"124";"0"
"2023";"10";"150115";"LIMA";"LIMA";"LA VICTORIA";"MINSA";"III-E";"00006212";"HOSPITAL DE EMERGENCIAS PEDIATRICAS";"250108";"UNIDAD DE CUIDADOS CRITICOS UNIDAD  DE CUIDADOS INTENSIVOS  (UCI) PEDIÁTRICA";"15";"16";"161";"220";"8";"248";"0"
"2023";"10";"150115";"LIMA";"LIMA";"LA VICTORIA";"MINSA";"III-E";"00006212";"HOSPITAL DE EMERGENCIAS PEDIATRICAS";"240900";"HOSPITALIZACIÓN QUIRÚRGICA NEUROCIRUGÍA ";"13";"13";"201";"120";"6";"186";"0"
"2023";"10";"150115";"LIMA";"LIMA";"LA VICTORIA";"MINSA";"III-E";"00006212";"HOSPITAL DE EMERGENCIAS PEDIATRICAS";"241200";"HOSPITALIZACIÓN QUIRÚRGICA TRAUMATOLOGÍA Y ORTOPEDIA ";"33";"35";"85";"76";"6";"186";"0"
"2023";"10";"150115";"LIMA";"LIMA";"LA VICTORIA";"MINSA";"III-E";"00006212";"HOSPITAL DE EMERGENCIAS PEDIATRICAS";"242300";"HOSPITALIZACIÓN DE PEDIATRÍA  PEDIATRÍA  GENERAL ";"75";"69";"617";"734";"26";"767";"0"
"2023";"10";"060101";"CAJAMARCA";"CAJAMARCA";"CAJAMARCA";"GOBIERNO REGIONAL";"I-1";"00004656";"ATAHUALPA";"NE_0001";"";"NE_0001";"NE_0001";"NE_0001";"NE_0001";"NE_0001";"NE_0001";"NE_0001"
"2023";"10";"060101";"CAJAMARCA";"CAJAMARCA";"CAJAMARCA";"GOBIERNO REGIONAL";"I-1";"00004651";"CHAMIS";"NE_0002";"";"NE_0002";"NE_0002";"NE_0002";"NE_0002";"NE_0002";"NE_0002";"NE_0002"
"2023";"10";"060101";"CAJAMARCA";"CAJAMARCA";"CAJAMARCA";"GOBIERNO REGIONAL";"I-3";"00004657";"PACHACUTEC";"NE_0001";"";"NE_0001";"NE_0001";"NE_0001";"NE_0001";"NE_0001";"NE_0001";"NE_0001"
"2023";"10";"070106";"CALLAO";"CALLAO";"VENTANILLA";"GOBIERNO REGIONAL";"I-2";"00006263";"PUESTO DE SALUD  SANTA ROSA DE PACHACUTEC";"NE_0001";"";"NE_0001";"NE_0001";"NE_0001";"NE_0001";"NE_0001";"NE_0001";"NE_0001"
"2023";"10";"070106";"CALLAO";"CALLAO";"VENTANILLA";"GOBIERNO REGIONAL";"I-2";"00006266";"PUESTO DE SALUD 3 DE FEBRERO";"NE_0001";"";"NE_0001";"NE_0001";"NE_0001";"NE_0001";"NE_0001";"NE_0001";"NE_0001"
"2023";"10";"150137";"LIMA";"LIMA";"SANTA ANITA";"MINSA";"III-1";"00005948";"HOSPITAL HERMILIO VALDIZAN";"242202";"HOSPITALIZACIÓN DE MEDICINA PSIQUIATRÍA PSIQUIATRÍA DEL ADULTO Y GERONTE";"47";"51";"2195";"3022";"159";"4929";"1"
"2023";"11";"020804";"ANCASH";"CASMA";"YAUTAN";"GOBIERNO REGIONAL";"I-1";"00001729";"PUESTO DE SALUD CACHIPAMPA";"NE_0001";"";"NE_0001";"NE_0001";"NE_0001";"NE_0001";"NE_0001";"NE_0001";"NE_0001"
"2023";"11";"040112";"AREQUIPA";"AREQUIPA";"PAUCARPATA";"PRIVADO";"II-E";"00016064";"CLINICA PAZ HOLANDESA";"240000";"HOSPITALIZACIÓN";"178";"176";"447";"188";"58";"1740";"0"
"2023";"11";"230401";"TACNA";"TARATA";"TARATA";"ESSALUD";"I-2";"00010192";"CENTRO DE ATENCION PRIMARIA I TARATA";"NE_0001";"";"NE_0001";"NE_0001";"NE_0001";"NE_0001";"NE_0001";"NE_0001";"NE_0001"
"2023";"11";"060601";"CAJAMARCA";"CUTERVO";"CUTERVO";"GOBIERNO REGIONAL";"I-3";"00004987";"SUMIDERO";"NE_0001";"";"NE_0001";"NE_0001";"NE_0001";"NE_0001";"NE_0001";"NE_0001";"NE_0001"
"2023";"11";"060601";"CAJAMARCA";"CUTERVO";"CUTERVO";"GOBIERNO REGIONAL";"I-1";"00006852";"LLIPA";"NE_0001";"";"NE_0001";"NE_0001";"NE_0001";"NE_0001";"NE_0001";"NE_0001";"NE_0001"
"2023";"11";"060601";"CAJAMARCA";"CUTERVO";"CUTERVO";"GOBIERNO REGIONAL";"I-1";"00006854";"CARAMARCA CHICA";"NE_0001";"";"NE_0001";"NE_0001";"NE_0001";"NE_0001";"NE_0001";"NE_0001";"NE_0001"
"2023";"11";"060601";"CAJAMARCA";"CUTERVO";"CUTERVO";"GOBIERNO REGIONAL";"I-3";"00006857";"NUEVO ORIENTE";"NE_0001";"";"NE_0001";"NE_0001";"NE_0001";"NE_0001";"NE_0001";"NE_0001";"NE_0001"
"2023";"11";"060601";"CAJAMARCA";"CUTERVO";"CUTERVO";"GOBIERNO REGIONAL";"I-1";"00006936";"CORRALES";"NE_0001";"";"NE_0001";"NE_0001";"NE_0001";"NE_0001";"NE_0001";"NE_0001";"NE_0001"
"2023";"09";"150135";"LIMA";"LIMA";"SAN MARTIN DE PORRES";"MINSA";"III-1";"00007633";"HOSPITAL NACIONAL CAYETANO HEREDIA";"241900";"HOSPITALIZACIÓN DE MEDICINA MEDICINA INTERNA ";"201";"198";"3329";"2354";"83";"2490";"23"
"2023";"09";"150135";"LIMA";"LIMA";"SAN MARTIN DE PORRES";"MINSA";"III-1";"00007633";"HOSPITAL NACIONAL CAYETANO HEREDIA";"245300";"HOSPITALIZACIÓN DE MEDICINA NEUMOLOGÍA  ";"23";"22";"645";"549";"19";"570";"1"
"2023";"09";"150135";"LIMA";"LIMA";"SAN MARTIN DE PORRES";"MINSA";"III-1";"00007633";"HOSPITAL NACIONAL CAYETANO HEREDIA";"242000";"HOSPITALIZACIÓN DE MEDICINA MEDICINA TROPICAL E INFECCIOSAS ";"58";"59";"1183";"1005";"35";"1050";"8"
"2023";"09";"150135";"LIMA";"LIMA";"SAN MARTIN DE PORRES";"MINSA";"III-1";"00007633";"HOSPITAL NACIONAL CAYETANO HEREDIA";"240100";"HOSPITALIZACIÓN QUIRÚRGICA CIRUGÍA GENERAL ";"255";"285";"2461";"1692";"62";"1860";"1"
"2023";"09";"150135";"LIMA";"LIMA";"SAN MARTIN DE PORRES";"MINSA";"III-1";"00007633";"HOSPITAL NACIONAL CAYETANO HEREDIA";"240500";"HOSPITALIZACIÓN QUIRÚRGICA CIRUGÍA DE TRANSPLANTES ";"4";"5";"144";"210";"10";"300";"0"
"2023";"09";"150135";"LIMA";"LIMA";"SAN MARTIN DE PORRES";"MINSA";"III-1";"00007633";"HOSPITAL NACIONAL CAYETANO HEREDIA";"241200";"HOSPITALIZACIÓN QUIRÚRGICA TRAUMATOLOGÍA Y ORTOPEDIA ";"125";"91";"1359";"1717";"59";"1770";"0"
"2023";"09";"150135";"LIMA";"LIMA";"SAN MARTIN DE PORRES";"MINSA";"III-1";"00007633";"HOSPITAL NACIONAL CAYETANO HEREDIA";"242300";"HOSPITALIZACIÓN DE PEDIATRÍA  PEDIATRÍA  GENERAL ";"178";"184";"1130";"1303";"52";"1560";"0"
"2023";"09";"150135";"LIMA";"LIMA";"SAN MARTIN DE PORRES";"MINSA";"III-1";"00007633";"HOSPITAL NACIONAL CAYETANO HEREDIA";"241500";"HOSPITALIZACIÓN QUIRÚRGICA GINECOLOGÍA  ";"144";"148";"493";"575";"22";"635";"0"
"2023";"09";"150135";"LIMA";"LIMA";"SAN MARTIN DE PORRES";"MINSA";"III-1";"00007633";"HOSPITAL NACIONAL CAYETANO HEREDIA";"241600";"HOSPITALIZACIÓN QUIRÚRGICA OBSTETRICIA   ";"276";"305";"1029";"941";"34";"1008";"0"
"2023";"09";"150101";"LIMA";"LIMA";"LIMA";"PRIVADO";"II-2";"00015610";"Clínica Internacional - Sede Lima";"240000";"HOSPITALIZACIÓN";"581";"591";"2694";"2018";"83";"2573";"0"
"2023";"09";"150130";"LIMA";"LIMA";"SAN BORJA";"PRIVADO";"II-2";"00009682";"CLÍNICA INTERNACIONAL";"240000";"HOSPITALIZACIÓN";"533";"615";"2694";"2627";"102";"3162";"0"
"2023";"09";"150133";"LIMA";"LIMA";"SAN JUAN DE MIRAFLORES";"ESSALUD";"I-3";"00013012";"CENTRO DE ATENCIÓN PRIMARIA III SAN JUAN DE MIRAFLORES";"NE_0001";"";"NE_0001";"NE_0001";"NE_0001";"NE_0001";"NE_0001";"NE_0001";"NE_0001"
"2023";"09";"040104";"AREQUIPA";"AREQUIPA";"CERRO COLORADO";"MUNICIPALIDAD PROVINCIAL";"0";"00021551";"HOSPITAL MUNICIPAL DE AREQUIPA";"NE_0001";"";"NE_0001";"NE_0001";"NE_0001";"NE_0001";"NE_0001";"NE_0001";"NE_0001"
"2023";"07";"060109";"CAJAMARCA";"CAJAMARCA";"MAGDALENA";"GOBIERNO REGIONAL";"I-1";"00016886";"SAN CRISTOBAL";"NE_0001";"";"NE_0001";"NE_0001";"NE_0001";"NE_0001";"NE_0001";"NE_0001";"NE_0001"
"2023";"07";"060101";"CAJAMARCA";"CAJAMARCA";"CAJAMARCA";"GOBIERNO REGIONAL";"I-2";"00015496";"CHONTAPACCHA";"NE_0002";"";"NE_0002";"NE_0002";"NE_0002";"NE_0002";"NE_0002";"NE_0002";"NE_0002"
"2023";"07";"060101";"CAJAMARCA";"CAJAMARCA";"CAJAMARCA";"GOBIERNO REGIONAL";"I-3";"00004657";"PACHACUTEC";"NE_0001";"";"NE_0001";"NE_0001";"NE_0001";"NE_0001";"NE_0001";"NE_0001";"NE_0001"
"2023";"07";"060101";"CAJAMARCA";"CAJAMARCA";"CAJAMARCA";"GOBIERNO REGIONAL";"I-1";"00004656";"ATAHUALPA";"NE_0001";"";"NE_0001";"NE_0001";"NE_0001";"NE_0001";"NE_0001";"NE_0001";"NE_0001"
"2023";"07";"060101";"CAJAMARCA";"CAJAMARCA";"CAJAMARCA";"GOBIERNO REGIONAL";"I-1";"00004654";"SAMANACRUZ";"NE_0001";"";"NE_0001";"NE_0001";"NE_0001";"NE_0001";"NE_0001";"NE_0001";"NE_0001"
"2023";"07";"060103";"CAJAMARCA";"CAJAMARCA";"CHETILLA";"GOBIERNO REGIONAL";"I-2";"00004653";"CHETILLA";"NE_0001";"";"NE_0001";"NE_0001";"NE_0001";"NE_0001";"NE_0001";"NE_0001";"NE_0001"
"2023";"07";"060101";"CAJAMARCA";"CAJAMARCA";"CAJAMARCA";"GOBIERNO REGIONAL";"I-1";"00004652";"LUCMACUCHO";"NE_0001";"";"NE_0001";"NE_0001";"NE_0001";"NE_0001";"NE_0001";"NE_0001";"NE_0001"
"2023";"07";"060101";"CAJAMARCA";"CAJAMARCA";"CAJAMARCA";"GOBIERNO REGIONAL";"I-1";"00004651";"CHAMIS";"NE_0002";"";"NE_0002";"NE_0002";"NE_0002";"NE_0002";"NE_0002";"NE_0002";"NE_0002"
"2023";"07";"060109";"CAJAMARCA";"CAJAMARCA";"MAGDALENA";"GOBIERNO REGIONAL";"I-1";"00004631";"CUMBICO";"NE_0002";"";"NE_0002";"NE_0002";"NE_0002";"NE_0002";"NE_0002";"NE_0002";"NE_0002"
"2023";"10";"120301";"JUNIN";"CHANCHAMAYO";"CHANCHAMAYO";"SANIDAD DE LA POLICIA NACIONAL DEL PERU";"I-2";"00011913";"POSTA MEDICA POLICIAL LA MERCED";"NE_0001";"";"NE_0001";"NE_0001";"NE_0001";"NE_0001";"NE_0001";"NE_0001";"NE_0001"
"2023";"10";"100601";"HUANUCO";"LEONCIO PRADO";"RUPA-RUPA";"SANIDAD DE LA POLICIA NACIONAL DEL PERU";"I-2";"00015771";"POSTA MEDICA POLICIAL TINGO MARIA";"NE_0001";"";"NE_0001";"NE_0001";"NE_0001";"NE_0001";"NE_0001";"NE_0001";"NE_0001"
"2023";"10";"010101";"AMAZONAS";"CHACHAPOYAS";"CHACHAPOYAS";"GOBIERNO REGIONAL";"II-2";"00004838";"HOSPITAL REGIONAL VIRGEN DE FATIMA";"240100";"HOSPITALIZACIÓN QUIRÚRGICA CIRUGÍA GENERAL ";"77";"92";"449";"410";"20";"620";"0"
"2023";"10";"010101";"AMAZONAS";"CHACHAPOYAS";"CHACHAPOYAS";"GOBIERNO REGIONAL";"II-2";"00004838";"HOSPITAL REGIONAL VIRGEN DE FATIMA";"241200";"HOSPITALIZACIÓN QUIRÚRGICA TRAUMATOLOGÍA Y ORTOPEDIA ";"27";"33";"237";"232";"9";"279";"0"
"2023";"10";"010101";"AMAZONAS";"CHACHAPOYAS";"CHACHAPOYAS";"GOBIERNO REGIONAL";"II-2";"00004838";"HOSPITAL REGIONAL VIRGEN DE FATIMA";"241500";"HOSPITALIZACIÓN QUIRÚRGICA GINECOLOGÍA  ";"21";"22";"63";"81";"6";"186";"0"
"2023";"10";"010101";"AMAZONAS";"CHACHAPOYAS";"CHACHAPOYAS";"GOBIERNO REGIONAL";"II-2";"00004838";"HOSPITAL REGIONAL VIRGEN DE FATIMA";"241600";"HOSPITALIZACIÓN QUIRÚRGICA OBSTETRICIA   ";"142";"150";"244";"328";"20";"620";"0"
"2023";"10";"010101";"AMAZONAS";"CHACHAPOYAS";"CHACHAPOYAS";"GOBIERNO REGIONAL";"II-2";"00004838";"HOSPITAL REGIONAL VIRGEN DE FATIMA";"241900";"HOSPITALIZACIÓN DE MEDICINA MEDICINA INTERNA ";"61";"71";"262";"290";"23";"713";"3"
"2023";"10";"010101";"AMAZONAS";"CHACHAPOYAS";"CHACHAPOYAS";"GOBIERNO REGIONAL";"II-2";"00004838";"HOSPITAL REGIONAL VIRGEN DE FATIMA";"242205";"HOSPITALIZACIÓN MEDICINA PSIQUIATRÍA PISIQUIATRIA/ SALUD MENTAL Y ADICCIONES";"9";"13";"73";"67";"6";"186";"0"
"2023";"10";"010101";"AMAZONAS";"CHACHAPOYAS";"CHACHAPOYAS";"GOBIERNO REGIONAL";"II-2";"00004838";"HOSPITAL REGIONAL VIRGEN DE FATIMA";"242500";"HOSPITALIZACIÓN-PEDIATRÍA GENERAL-";"13";"19";"159";"110";"14";"434";"1"
"2023";"10";"010101";"AMAZONAS";"CHACHAPOYAS";"CHACHAPOYAS";"GOBIERNO REGIONAL";"II-2";"00004838";"HOSPITAL REGIONAL VIRGEN DE FATIMA";"243200";"HOSPITALIZACIÓN DE PEDIATRÍA PEDIATRIA NEONATOLOGÍA";"85";"100";"300";"280";"10";"310";"0"
"2023";"10";"010101";"AMAZONAS";"CHACHAPOYAS";"CHACHAPOYAS";"GOBIERNO REGIONAL";"II-2";"00004838";"HOSPITAL REGIONAL VIRGEN DE FATIMA";"250103";"UNIDAD DE CUIDADOS CRITICOS UNIDAD  DE CUIDADOS INTENSIVOS GENERALES  (UCI) MEDICINA";"8";"10";"80";"72";"5";"155";"6"
"2023";"10";"010101";"AMAZONAS";"CHACHAPOYAS";"CHACHAPOYAS";"GOBIERNO REGIONAL";"II-2";"00004838";"HOSPITAL REGIONAL VIRGEN DE FATIMA";"250105";"UNIDAD DE CUIDADOS CRITICOS UNIDAD  DE CUIDADOS INTENSIVOS  (UCI) NEONATOLOGÍA";"4";"6";"47";"44";"10";"310";"2"
"2023";"10";"130601";"LA LIBERTAD";"OTUZCO";"OTUZCO";"GOBIERNO REGIONAL";"II-1";"00005314";"HOSPITAL DE APOYO OTUZCO ELPIDIO BEROVIDES PEREZ";"240100";"HOSPITALIZACIÓN QUIRÚRGICA CIRUGÍA GENERAL ";"12";"13";"34";"25";"3";"93";"0"
"2023";"10";"130601";"LA LIBERTAD";"OTUZCO";"OTUZCO";"GOBIERNO REGIONAL";"II-1";"00005314";"HOSPITAL DE APOYO OTUZCO ELPIDIO BEROVIDES PEREZ";"241800";"HOSPITALIZACIÓN DE MEDICINA MEDICINA GENERAL ";"15";"15";"62";"58";"5";"155";"0"
"2023";"10";"130601";"LA LIBERTAD";"OTUZCO";"OTUZCO";"GOBIERNO REGIONAL";"II-1";"00005314";"HOSPITAL DE APOYO OTUZCO ELPIDIO BEROVIDES PEREZ";"243200";"HOSPITALIZACIÓN DE PEDIATRÍA PEDIATRIA NEONATOLOGÍA";"1";"2";"4";"3";"3";"93";"0"
"2023";"10";"130601";"LA LIBERTAD";"OTUZCO";"OTUZCO";"GOBIERNO REGIONAL";"II-1";"00005314";"HOSPITAL DE APOYO OTUZCO ELPIDIO BEROVIDES PEREZ";"242300";"HOSPITALIZACIÓN DE PEDIATRÍA  PEDIATRÍA  GENERAL ";"8";"8";"33";"37";"4";"124";"0"
"2023";"10";"130601";"LA LIBERTAD";"OTUZCO";"OTUZCO";"GOBIERNO REGIONAL";"II-1";"00005314";"HOSPITAL DE APOYO OTUZCO ELPIDIO BEROVIDES PEREZ";"241400";"HOSPITALIZACIÓN QUIRÚRGICA GINECO - OBSTETRICIA ";"17";"15";"30";"32";"3";"93";"0"
"2023";"10";"060101";"CAJAMARCA";"CAJAMARCA";"CAJAMARCA";"PRIVADO";"I-3";"00029378";"SALUD OCUPACIONAL  EL GALENO";"NE_0001";"";"NE_0001";"NE_0001";"NE_0001";"NE_0001";"NE_0001";"NE_0001";"NE_0001"
"2023";"09";"010401";"AMAZONAS";"CONDORCANQUI";"NIEVA";"GOBIERNO REGIONAL";"II-1";"00005145";"SANTA MARIA DE NIEVA";"240100";"HOSPITALIZACIÓN QUIRÚRGICA CIRUGÍA GENERAL ";"6";"6";"18";"6";"2";"4";"0"
"2023";"09";"010401";"AMAZONAS";"CONDORCANQUI";"NIEVA";"GOBIERNO REGIONAL";"II-1";"00005145";"SANTA MARIA DE NIEVA";"241400";"HOSPITALIZACIÓN QUIRÚRGICA GINECO - OBSTETRICIA ";"47";"49";"80";"10";"11";"26";"0"
"2023";"09";"010401";"AMAZONAS";"CONDORCANQUI";"NIEVA";"GOBIERNO REGIONAL";"II-1";"00005145";"SANTA MARIA DE NIEVA";"241800";"HOSPITALIZACIÓN DE MEDICINA MEDICINA GENERAL ";"31";"33";"86";"10";"8";"22";"0"
"2023";"09";"010401";"AMAZONAS";"CONDORCANQUI";"NIEVA";"GOBIERNO REGIONAL";"II-1";"00005145";"SANTA MARIA DE NIEVA";"242500";"HOSPITALIZACIÓN-PEDIATRÍA GENERAL-";"9";"13";"57";"8";"2";"12";"0"
"2023";"10";"130601";"LA LIBERTAD";"OTUZCO";"OTUZCO";"GOBIERNO REGIONAL";"II-1";"00005314";"HOSPITAL DE APOYO OTUZCO ELPIDIO BEROVIDES PEREZ";"241500";"HOSPITALIZACIÓN QUIRÚRGICA GINECOLOGÍA  ";"24";"23";"34";"35";"3";"93";"0"
"2023";"10";"130601";"LA LIBERTAD";"OTUZCO";"OTUZCO";"GOBIERNO REGIONAL";"II-1";"00005314";"HOSPITAL DE APOYO OTUZCO ELPIDIO BEROVIDES PEREZ";"241600";"HOSPITALIZACIÓN QUIRÚRGICA OBSTETRICIA   ";"22";"23";"37";"33";"3";"93";"0"
"2023";"10";"040101";"AREQUIPA";"AREQUIPA";"AREQUIPA";"PRIVADO";"II-E";"00017588";"MELO CLINICA DE FERTILIDAD, GINECOLOGIA Y OBSTETRICIA";"241400";"HOSPITALIZACIÓN QUIRÚRGICA GINECO - OBSTETRICIA ";"17";"17";"17";"17";"4";"120";"0"
"2023";"10";"021201";"ANCASH";"HUAYLAS";"CARAZ";"GOBIERNO REGIONAL";"II-1";"00001587";"HOSPITAL DE APOYO CARAZ";"241800";"HOSPITALIZACIÓN DE MEDICINA MEDICINA GENERAL ";"17";"17";"97";"74";"16";"496";"4"
"2023";"10";"021201";"ANCASH";"HUAYLAS";"CARAZ";"GOBIERNO REGIONAL";"II-1";"00001587";"HOSPITAL DE APOYO CARAZ";"240100";"HOSPITALIZACIÓN QUIRÚRGICA CIRUGÍA GENERAL ";"30";"30";"133";"96";"6";"186";"0"
"2023";"10";"021201";"ANCASH";"HUAYLAS";"CARAZ";"GOBIERNO REGIONAL";"II-1";"00001587";"HOSPITAL DE APOYO CARAZ";"242500";"HOSPITALIZACIÓN-PEDIATRÍA GENERAL-";"10";"11";"30";"26";"9";"279";"0"
"2023";"10";"021201";"ANCASH";"HUAYLAS";"CARAZ";"GOBIERNO REGIONAL";"II-1";"00001587";"HOSPITAL DE APOYO CARAZ";"241500";"HOSPITALIZACIÓN QUIRÚRGICA GINECOLOGÍA  ";"60";"56";"107";"79";"6";"186";"0"
"2023";"10";"021201";"ANCASH";"HUAYLAS";"CARAZ";"GOBIERNO REGIONAL";"II-1";"00001587";"HOSPITAL DE APOYO CARAZ";"241500";"HOSPITALIZACIÓN QUIRÚRGICA GINECOLOGÍA  ";"48";"50";"83";"41";"6";"186";"0"
"2023";"10";"150131";"LIMA";"LIMA";"SAN ISIDRO";"PRIVADO";"II-2";"00009123";"CLINICA ANGLOAMERICANA";"240000";"HOSPITALIZACIÓN";"512";"506";"1874";"2001";"93";"2815";"3"
"2023";"10";"150108";"LIMA";"LIMA";"CHORRILLOS";"PRIVADO";"II-1";"00016005";"CLINICA PARROQUIAL SAN FRANCISCO DE ASIS";"240100";"HOSPITALIZACIÓN QUIRÚRGICA CIRUGÍA GENERAL ";"45";"45";"45";"45";"12";"360";"0"
"2023";"10";"150108";"LIMA";"LIMA";"CHORRILLOS";"PRIVADO";"II-1";"00016005";"CLINICA PARROQUIAL SAN FRANCISCO DE ASIS";"240100";"HOSPITALIZACIÓN QUIRÚRGICA CIRUGÍA GENERAL ";"3";"3";"3";"3";"12";"360";"0"
"2023";"10";"150108";"LIMA";"LIMA";"CHORRILLOS";"PRIVADO";"II-1";"00016005";"CLINICA PARROQUIAL SAN FRANCISCO DE ASIS";"240100";"HOSPITALIZACIÓN QUIRÚRGICA CIRUGÍA GENERAL ";"2";"2";"2";"2";"12";"360";"0"
"2023";"10";"150108";"LIMA";"LIMA";"CHORRILLOS";"PRIVADO";"II-1";"00016005";"CLINICA PARROQUIAL SAN FRANCISCO DE ASIS";"240100";"HOSPITALIZACIÓN QUIRÚRGICA CIRUGÍA GENERAL ";"2";"2";"2";"2";"12";"360";"0"
"2023";"10";"150108";"LIMA";"LIMA";"CHORRILLOS";"PRIVADO";"II-1";"00016005";"CLINICA PARROQUIAL SAN FRANCISCO DE ASIS";"240100";"HOSPITALIZACIÓN QUIRÚRGICA CIRUGÍA GENERAL ";"2";"2";"2";"2";"12";"360";"0"
"2023";"10";"150108";"LIMA";"LIMA";"CHORRILLOS";"PRIVADO";"II-1";"00016005";"CLINICA PARROQUIAL SAN FRANCISCO DE ASIS";"240100";"HOSPITALIZACIÓN QUIRÚRGICA CIRUGÍA GENERAL ";"1";"1";"1";"1";"12";"360";"0"
"2023";"10";"150108";"LIMA";"LIMA";"CHORRILLOS";"PRIVADO";"II-1";"00016005";"CLINICA PARROQUIAL SAN FRANCISCO DE ASIS";"240100";"HOSPITALIZACIÓN QUIRÚRGICA CIRUGÍA GENERAL ";"1";"1";"1";"1";"12";"360";"0"
"2023";"10";"150108";"LIMA";"LIMA";"CHORRILLOS";"PRIVADO";"II-1";"00016005";"CLINICA PARROQUIAL SAN FRANCISCO DE ASIS";"240100";"HOSPITALIZACIÓN QUIRÚRGICA CIRUGÍA GENERAL ";"1";"1";"1";"1";"12";"360";"0"
"2023";"10";"080108";"CUSCO";"CUSCO";"WANCHAQ";"PRIVADO";"II-E";"00011339";"SAN JOSE";"241600";"HOSPITALIZACIÓN QUIRÚRGICA OBSTETRICIA   ";"23";"23";"46";"4";"6";"120";"0"
"2023";"10";"080108";"CUSCO";"CUSCO";"WANCHAQ";"PRIVADO";"II-E";"00011339";"SAN JOSE";"241800";"HOSPITALIZACIÓN DE MEDICINA MEDICINA GENERAL ";"150";"140";"560";"14";"24";"720";"0"
"2023";"10";"080108";"CUSCO";"CUSCO";"WANCHAQ";"PRIVADO";"II-E";"00011339";"SAN JOSE";"242100";"HOSPITALIZACIÓN DE MEDICINA ONCOLOGÍA MÉDICA ";"4";"4";"12";"1";"24";"720";"0"
"2023";"10";"080108";"CUSCO";"CUSCO";"WANCHAQ";"PRIVADO";"II-E";"00011339";"SAN JOSE";"242300";"HOSPITALIZACIÓN DE PEDIATRÍA  PEDIATRÍA  GENERAL ";"2";"2";"8";"1";"24";"720";"0"
"2023";"10";"060604";"CAJAMARCA";"CUTERVO";"CUJILLO";"GOBIERNO REGIONAL";"I-1";"00004975";"YUNCHACO";"NE_0001";"";"NE_0001";"NE_0001";"NE_0001";"NE_0001";"NE_0001";"NE_0001";"NE_0001"
"2023";"10";"060613";"CAJAMARCA";"CUTERVO";"SANTO TOMAS";"GOBIERNO REGIONAL";"I-1";"00004976";"MALLETA";"NE_0001";"";"NE_0001";"NE_0001";"NE_0001";"NE_0001";"NE_0001";"NE_0001";"NE_0001"
"2023";"10";"150105";"LIMA";"LIMA";"BREÑA";"PRIVADO";"II-E";"00015718";"CLINICA SAN MARCOS";"240000";"HOSPITALIZACIÓN";"106";"109";"184";"184";"23";"713";"0"
"2023";"10";"190301";"PASCO";"OXAPAMPA";"OXAPAMPA";"GOBIERNO REGIONAL";"II-1";"00000980";"ERNESTO GERMAN GUZMÁN GONZALES";"250103";"UNIDAD DE CUIDADOS CRITICOS UNIDAD  DE CUIDADOS INTENSIVOS GENERALES  (UCI) MEDICINA";"7";"7";"28";"28";"2";"62";"0"
"2023";"10";"190301";"PASCO";"OXAPAMPA";"OXAPAMPA";"GOBIERNO REGIONAL";"II-1";"00000980";"ERNESTO GERMAN GUZMÁN GONZALES";"241800";"HOSPITALIZACIÓN DE MEDICINA MEDICINA GENERAL ";"13";"13";"79";"79";"2";"79";"0"
"2023";"10";"190301";"PASCO";"OXAPAMPA";"OXAPAMPA";"GOBIERNO REGIONAL";"II-1";"00000980";"ERNESTO GERMAN GUZMÁN GONZALES";"241900";"HOSPITALIZACIÓN DE MEDICINA MEDICINA INTERNA ";"1";"1";"11";"11";"1";"31";"0"
"2023";"10";"190301";"PASCO";"OXAPAMPA";"OXAPAMPA";"GOBIERNO REGIONAL";"II-1";"00000980";"ERNESTO GERMAN GUZMÁN GONZALES";"242203";"HOSPITALIZACIÓN DE MEDICINA PSIQUIATRÍA PSIQUIATRÍA DEL NIÑO Y DEL ADOLESCENTE";"1";"1";"1";"1";"3";"62";"0"
"2023";"10";"190301";"PASCO";"OXAPAMPA";"OXAPAMPA";"GOBIERNO REGIONAL";"II-1";"00000980";"ERNESTO GERMAN GUZMÁN GONZALES";"240100";"HOSPITALIZACIÓN QUIRÚRGICA CIRUGÍA GENERAL ";"4";"4";"19";"19";"5";"155";"0"
"2023";"10";"190301";"PASCO";"OXAPAMPA";"OXAPAMPA";"GOBIERNO REGIONAL";"II-1";"00000980";"ERNESTO GERMAN GUZMÁN GONZALES";"241200";"HOSPITALIZACIÓN QUIRÚRGICA TRAUMATOLOGÍA Y ORTOPEDIA ";"5";"5";"22";"22";"1";"31";"0"
"2023";"10";"190301";"PASCO";"OXAPAMPA";"OXAPAMPA";"GOBIERNO REGIONAL";"II-1";"00000980";"ERNESTO GERMAN GUZMÁN GONZALES";"241400";"HOSPITALIZACIÓN QUIRÚRGICA GINECO - OBSTETRICIA ";"36";"36";"65";"65";"4";"186";"0"
"2023";"10";"190301";"PASCO";"OXAPAMPA";"OXAPAMPA";"GOBIERNO REGIONAL";"II-1";"00000980";"ERNESTO GERMAN GUZMÁN GONZALES";"241600";"HOSPITALIZACIÓN QUIRÚRGICA OBSTETRICIA   ";"1";"1";"2";"2";"2";"124";"0"
"2023";"10";"190301";"PASCO";"OXAPAMPA";"OXAPAMPA";"GOBIERNO REGIONAL";"II-1";"00000980";"ERNESTO GERMAN GUZMÁN GONZALES";"242500";"HOSPITALIZACIÓN-PEDIATRÍA GENERAL-";"2";"2";"10";"10";"2";"62";"0"
"2023";"10";"190301";"PASCO";"OXAPAMPA";"OXAPAMPA";"GOBIERNO REGIONAL";"II-1";"00000980";"ERNESTO GERMAN GUZMÁN GONZALES";"243200";"HOSPITALIZACIÓN DE PEDIATRÍA PEDIATRIA NEONATOLOGÍA";"2";"2";"7";"7";"3";"93";"0"
"2023";"02";"240101";"TUMBES";"TUMBES";"TUMBES";"ESSALUD";"II-1";"00012272";"CARLOS ALBERTO CORTEZ JIMENEZ";"241900";"HOSPITALIZACIÓN DE MEDICINA MEDICINA INTERNA ";"37";"40";"234";"186";"10";"280";"2"
"2023";"02";"240101";"TUMBES";"TUMBES";"TUMBES";"ESSALUD";"II-1";"00012272";"CARLOS ALBERTO CORTEZ JIMENEZ";"241600";"HOSPITALIZACIÓN QUIRÚRGICA OBSTETRICIA   ";"82";"83";"156";"151";"11";"308";"0"
"2023";"02";"240101";"TUMBES";"TUMBES";"TUMBES";"ESSALUD";"II-1";"00012272";"CARLOS ALBERTO CORTEZ JIMENEZ";"241200";"HOSPITALIZACIÓN QUIRÚRGICA TRAUMATOLOGÍA Y ORTOPEDIA ";"1";"1";"1";"1";"1";"28";"0"
"2023";"02";"240101";"TUMBES";"TUMBES";"TUMBES";"ESSALUD";"II-1";"00012272";"CARLOS ALBERTO CORTEZ JIMENEZ";"242300";"HOSPITALIZACIÓN DE PEDIATRÍA  PEDIATRÍA  GENERAL ";"81";"78";"205";"197";"8";"224";"0"
"2023";"04";"240101";"TUMBES";"TUMBES";"TUMBES";"ESSALUD";"II-1";"00012272";"CARLOS ALBERTO CORTEZ JIMENEZ";"240100";"HOSPITALIZACIÓN QUIRÚRGICA CIRUGÍA GENERAL ";"47";"50";"155";"147";"6";"180";"0"
"2023";"04";"240101";"TUMBES";"TUMBES";"TUMBES";"ESSALUD";"II-1";"00012272";"CARLOS ALBERTO CORTEZ JIMENEZ";"241000";"HOSPITALIZACIÓN QUIRÚRGICA ONCOLOGÍA QUIRÚRGICA  ";"3";"3";"9";"9";"1";"30";"0"
"2023";"04";"240101";"TUMBES";"TUMBES";"TUMBES";"ESSALUD";"II-1";"00012272";"CARLOS ALBERTO CORTEZ JIMENEZ";"241400";"HOSPITALIZACIÓN QUIRÚRGICA GINECO - OBSTETRICIA ";"22";"28";"74";"60";"8";"240";"0"
"2023";"04";"240101";"TUMBES";"TUMBES";"TUMBES";"ESSALUD";"II-1";"00012272";"CARLOS ALBERTO CORTEZ JIMENEZ";"241800";"HOSPITALIZACIÓN DE MEDICINA MEDICINA GENERAL ";"5";"5";"25";"19";"10";"300";"0"
"2023";"04";"240101";"TUMBES";"TUMBES";"TUMBES";"ESSALUD";"II-1";"00012272";"CARLOS ALBERTO CORTEZ JIMENEZ";"250103";"UNIDAD DE CUIDADOS CRITICOS UNIDAD  DE CUIDADOS INTENSIVOS GENERALES  (UCI) MEDICINA";"6";"4";"247";"51";"6";"150";"3"
"2023";"04";"240101";"TUMBES";"TUMBES";"TUMBES";"ESSALUD";"II-1";"00012272";"CARLOS ALBERTO CORTEZ JIMENEZ";"241900";"HOSPITALIZACIÓN DE MEDICINA MEDICINA INTERNA ";"47";"47";"261";"197";"10";"300";"3"
"2023";"04";"240101";"TUMBES";"TUMBES";"TUMBES";"ESSALUD";"II-1";"00012272";"CARLOS ALBERTO CORTEZ JIMENEZ";"241600";"HOSPITALIZACIÓN QUIRÚRGICA OBSTETRICIA   ";"92";"89";"187";"182";"11";"330";"0"
"2023";"04";"240101";"TUMBES";"TUMBES";"TUMBES";"ESSALUD";"II-1";"00012272";"CARLOS ALBERTO CORTEZ JIMENEZ";"242300";"HOSPITALIZACIÓN DE PEDIATRÍA  PEDIATRÍA  GENERAL ";"66";"73";"206";"177";"8";"240";"0"
"2023";"06";"240101";"TUMBES";"TUMBES";"TUMBES";"ESSALUD";"II-1";"00012272";"CARLOS ALBERTO CORTEZ JIMENEZ";"240100";"HOSPITALIZACIÓN QUIRÚRGICA CIRUGÍA GENERAL ";"51";"58";"181";"138";"6";"180";"0"
"2023";"06";"240101";"TUMBES";"TUMBES";"TUMBES";"ESSALUD";"II-1";"00012272";"CARLOS ALBERTO CORTEZ JIMENEZ";"241000";"HOSPITALIZACIÓN QUIRÚRGICA ONCOLOGÍA QUIRÚRGICA  ";"7";"7";"18";"18";"1";"30";"0"
"2023";"06";"240101";"TUMBES";"TUMBES";"TUMBES";"ESSALUD";"II-1";"00012272";"CARLOS ALBERTO CORTEZ JIMENEZ";"241400";"HOSPITALIZACIÓN QUIRÚRGICA GINECO - OBSTETRICIA ";"32";"29";"134";"124";"8";"240";"0"
"2023";"06";"240101";"TUMBES";"TUMBES";"TUMBES";"ESSALUD";"II-1";"00012272";"CARLOS ALBERTO CORTEZ JIMENEZ";"241800";"HOSPITALIZACIÓN DE MEDICINA MEDICINA GENERAL ";"51";"50";"160";"158";"10";"300";"0"
"2023";"06";"240101";"TUMBES";"TUMBES";"TUMBES";"ESSALUD";"II-1";"00012272";"CARLOS ALBERTO CORTEZ JIMENEZ";"250103";"UNIDAD DE CUIDADOS CRITICOS UNIDAD  DE CUIDADOS INTENSIVOS GENERALES  (UCI) MEDICINA";"8";"4";"43";"27";"4";"120";"2"
"2023";"06";"240101";"TUMBES";"TUMBES";"TUMBES";"ESSALUD";"II-1";"00012272";"CARLOS ALBERTO CORTEZ JIMENEZ";"241900";"HOSPITALIZACIÓN DE MEDICINA MEDICINA INTERNA ";"47";"46";"380";"268";"10";"300";"3"
"2023";"06";"240101";"TUMBES";"TUMBES";"TUMBES";"ESSALUD";"II-1";"00012272";"CARLOS ALBERTO CORTEZ JIMENEZ";"243200";"HOSPITALIZACIÓN DE PEDIATRÍA PEDIATRIA NEONATOLOGÍA";"30";"30";"71";"71";"3";"90";"0"
"2023";"06";"240101";"TUMBES";"TUMBES";"TUMBES";"ESSALUD";"II-1";"00012272";"CARLOS ALBERTO CORTEZ JIMENEZ";"241600";"HOSPITALIZACIÓN QUIRÚRGICA OBSTETRICIA   ";"85";"94";"198";"189";"11";"330";"0"
"2023";"06";"240101";"TUMBES";"TUMBES";"TUMBES";"ESSALUD";"II-1";"00012272";"CARLOS ALBERTO CORTEZ JIMENEZ";"242300";"HOSPITALIZACIÓN DE PEDIATRÍA  PEDIATRÍA  GENERAL ";"62";"66";"265";"207";"8";"240";"0"
"2023";"07";"240101";"TUMBES";"TUMBES";"TUMBES";"ESSALUD";"II-1";"00012272";"CARLOS ALBERTO CORTEZ JIMENEZ";"240100";"HOSPITALIZACIÓN QUIRÚRGICA CIRUGÍA GENERAL ";"51";"48";"142";"138";"6";"186";"0"
"2023";"07";"240101";"TUMBES";"TUMBES";"TUMBES";"ESSALUD";"II-1";"00012272";"CARLOS ALBERTO CORTEZ JIMENEZ";"241000";"HOSPITALIZACIÓN QUIRÚRGICA ONCOLOGÍA QUIRÚRGICA  ";"5";"5";"14";"14";"1";"31";"0"
"2023";"07";"240101";"TUMBES";"TUMBES";"TUMBES";"ESSALUD";"II-1";"00012272";"CARLOS ALBERTO CORTEZ JIMENEZ";"241400";"HOSPITALIZACIÓN QUIRÚRGICA GINECO - OBSTETRICIA ";"43";"38";"153";"139";"7";"217";"0"
"2023";"07";"240101";"TUMBES";"TUMBES";"TUMBES";"ESSALUD";"II-1";"00012272";"CARLOS ALBERTO CORTEZ JIMENEZ";"241800";"HOSPITALIZACIÓN DE MEDICINA MEDICINA GENERAL ";"105";"95";"333";"319";"11";"341";"0"
"2023";"07";"240101";"TUMBES";"TUMBES";"TUMBES";"ESSALUD";"II-1";"00012272";"CARLOS ALBERTO CORTEZ JIMENEZ";"250103";"UNIDAD DE CUIDADOS CRITICOS UNIDAD  DE CUIDADOS INTENSIVOS GENERALES  (UCI) MEDICINA";"11";"5";"44";"30";"4";"124";"2"
"2023";"07";"240101";"TUMBES";"TUMBES";"TUMBES";"ESSALUD";"II-1";"00012272";"CARLOS ALBERTO CORTEZ JIMENEZ";"241900";"HOSPITALIZACIÓN DE MEDICINA MEDICINA INTERNA ";"48";"56";"318";"270";"10";"310";"1"
"2023";"06";"130501";"LA LIBERTAD";"JULCAN";"JULCAN";"GOBIERNO REGIONAL";"II-1";"00005306";"HOSPITAL PROVINCIAL DE JULCAN";"241600";"HOSPITALIZACIÓN QUIRÚRGICA OBSTETRICIA   ";"15";"15";"30";"26";"5";"150";"0"
"2023";"06";"130501";"LA LIBERTAD";"JULCAN";"JULCAN";"GOBIERNO REGIONAL";"II-1";"00005306";"HOSPITAL PROVINCIAL DE JULCAN";"241800";"HOSPITALIZACIÓN DE MEDICINA MEDICINA GENERAL ";"22";"22";"23";"60";"9";"270";"2"
"2023";"07";"130501";"LA LIBERTAD";"JULCAN";"JULCAN";"GOBIERNO REGIONAL";"II-1";"00005306";"HOSPITAL PROVINCIAL DE JULCAN";"241600";"HOSPITALIZACIÓN QUIRÚRGICA OBSTETRICIA   ";"73";"73";"37";"31";"5";"155";"0"
"2023";"07";"130501";"LA LIBERTAD";"JULCAN";"JULCAN";"GOBIERNO REGIONAL";"II-1";"00005306";"HOSPITAL PROVINCIAL DE JULCAN";"241800";"HOSPITALIZACIÓN DE MEDICINA MEDICINA GENERAL ";"22";"22";"11";"62";"9";"279";"2"
"2023";"08";"130501";"LA LIBERTAD";"JULCAN";"JULCAN";"GOBIERNO REGIONAL";"II-1";"00005306";"HOSPITAL PROVINCIAL DE JULCAN";"241600";"HOSPITALIZACIÓN QUIRÚRGICA OBSTETRICIA   ";"8";"8";"12";"26";"5";"155";"0"
"2023";"08";"130501";"LA LIBERTAD";"JULCAN";"JULCAN";"GOBIERNO REGIONAL";"II-1";"00005306";"HOSPITAL PROVINCIAL DE JULCAN";"241800";"HOSPITALIZACIÓN DE MEDICINA MEDICINA GENERAL ";"27";"27";"50";"31";"9";"279";"1"
"2023";"09";"150101";"LIMA";"LIMA";"LIMA";"ESSALUD";"II-2";"00008502";"HOSPITAL DE EMERGENCIAS GRAU";"241900";"HOSPITALIZACIÓN DE MEDICINA MEDICINA INTERNA ";"180";"178";"1539";"1428";"51";"1530";"11"
"2023";"09";"150101";"LIMA";"LIMA";"LIMA";"ESSALUD";"II-2";"00008502";"HOSPITAL DE EMERGENCIAS GRAU";"242000";"HOSPITALIZACIÓN DE MEDICINA MEDICINA TROPICAL E INFECCIOSAS ";"13";"10";"130";"225";"11";"330";"0"
"2023";"09";"150101";"LIMA";"LIMA";"LIMA";"ESSALUD";"II-2";"00008502";"HOSPITAL DE EMERGENCIAS GRAU";"240100";"HOSPITALIZACIÓN QUIRÚRGICA CIRUGÍA GENERAL ";"292";"294";"1218";"671";"27";"810";"0"
"2023";"09";"150101";"LIMA";"LIMA";"LIMA";"ESSALUD";"II-2";"00008502";"HOSPITAL DE EMERGENCIAS GRAU";"241200";"HOSPITALIZACIÓN QUIRÚRGICA TRAUMATOLOGÍA Y ORTOPEDIA ";"77";"76";"347";"412";"14";"420";"0"
"2023";"09";"150101";"LIMA";"LIMA";"LIMA";"ESSALUD";"II-2";"00008502";"HOSPITAL DE EMERGENCIAS GRAU";"241300";"HOSPITALIZACIÓN QUIRÚRGICA UROLOGÍA  ";"68";"70";"290";"289";"11";"330";"0"
"2023";"09";"150101";"LIMA";"LIMA";"LIMA";"ESSALUD";"II-2";"00008502";"HOSPITAL DE EMERGENCIAS GRAU";"241400";"HOSPITALIZACIÓN QUIRÚRGICA GINECO - OBSTETRICIA ";"352";"355";"786";"774";"31";"930";"0"
"2023";"09";"150101";"LIMA";"LIMA";"LIMA";"ESSALUD";"II-2";"00008502";"HOSPITAL DE EMERGENCIAS GRAU";"242500";"HOSPITALIZACIÓN-PEDIATRÍA GENERAL-";"99";"101";"292";"275";"11";"330";"0"
"2023";"09";"150101";"LIMA";"LIMA";"LIMA";"ESSALUD";"II-2";"00008502";"HOSPITAL DE EMERGENCIAS GRAU";"243200";"HOSPITALIZACIÓN DE PEDIATRÍA PEDIATRIA NEONATOLOGÍA";"165";"160";"216";"147";"10";"300";"0"
"2023";"09";"150101";"LIMA";"LIMA";"LIMA";"ESSALUD";"II-2";"00008502";"HOSPITAL DE EMERGENCIAS GRAU";"250200";"UNIDAD DE CUIDADOS CRITICOS UNIDAD DE CUIDADOS INTERMEDIOS GENERAL  (UCIN) ";"13";"4";"47";"118";"4";"120";"1"
"2023";"09";"150101";"LIMA";"LIMA";"LIMA";"ESSALUD";"II-2";"00008502";"HOSPITAL DE EMERGENCIAS GRAU";"250100";"UNIDAD DE CUIDADOS CRITICOS UNIDAD  DE CUIDADOS INTENSIVOS GENERALES (UCI) ";"21";"4";"73";"216";"8";"240";"2"
"2023";"09";"120608";"JUNIN";"SATIPO";"RIO TAMBO";"GOBIERNO REGIONAL";"I-2";"00000516";"PUERTO ROCA";"NE_0001";"";"NE_0001";"NE_0001";"NE_0001";"NE_0001";"NE_0001";"NE_0001";"NE_0001"
"2023";"09";"120608";"JUNIN";"SATIPO";"RIO TAMBO";"GOBIERNO REGIONAL";"I-1";"00000518";"SAN CARLOS ALTO ENE";"NE_0001";"";"NE_0001";"NE_0001";"NE_0001";"NE_0001";"NE_0001";"NE_0001";"NE_0001"
"2023";"09";"120609";"JUNIN";"SATIPO";"VIZCATAN DEL ENE";"GOBIERNO REGIONAL";"I-1";"00000510";"FLORIDA";"NE_0001";"";"NE_0001";"NE_0001";"NE_0001";"NE_0001";"NE_0001";"NE_0001";"NE_0001"
"2023";"09";"120608";"JUNIN";"SATIPO";"RIO TAMBO";"GOBIERNO REGIONAL";"I-1";"00000514";"FE Y ALEGRIA LA PRIMAVERA";"NE_0001";"";"NE_0001";"NE_0001";"NE_0001";"NE_0001";"NE_0001";"NE_0001";"NE_0001"
"2023";"09";"120608";"JUNIN";"SATIPO";"RIO TAMBO";"GOBIERNO REGIONAL";"I-3";"00000517";"VALLE ESMERALDA";"NE_0001";"";"NE_0001";"NE_0001";"NE_0001";"NE_0001";"NE_0001";"NE_0001";"NE_0001"
"2023";"09";"120606";"JUNIN";"SATIPO";"PANGOA";"GOBIERNO REGIONAL";"I-1";"00000468";"MICAELA BASTIDAS MORALES";"NE_0001";"";"NE_0001";"NE_0001";"NE_0001";"NE_0001";"NE_0001";"NE_0001";"NE_0001"
"2023";"09";"120609";"JUNIN";"SATIPO";"VIZCATAN DEL ENE";"GOBIERNO REGIONAL";"I-1";"00000512";"TUNONTUARI RIO ENE";"NE_0001";"";"NE_0001";"NE_0001";"NE_0001";"NE_0001";"NE_0001";"NE_0001";"NE_0001"
"2023";"09";"120609";"JUNIN";"SATIPO";"VIZCATAN DEL ENE";"GOBIERNO REGIONAL";"I-2";"00000507";"BOCA MANTARO";"NE_0001";"";"NE_0001";"NE_0001";"NE_0001";"NE_0001";"NE_0001";"NE_0001";"NE_0001"
"2023";"09";"120609";"JUNIN";"SATIPO";"VIZCATAN DEL ENE";"GOBIERNO REGIONAL";"I-1";"00000511";"SAN JUAN DE MANTARO";"NE_0001";"";"NE_0001";"NE_0001";"NE_0001";"NE_0001";"NE_0001";"NE_0001";"NE_0001"
"2023";"09";"120608";"JUNIN";"SATIPO";"RIO TAMBO";"GOBIERNO REGIONAL";"I-1";"00000513";"QUEMPIRI";"NE_0001";"";"NE_0001";"NE_0001";"NE_0001";"NE_0001";"NE_0001";"NE_0001";"NE_0001"
"2023";"09";"120608";"JUNIN";"SATIPO";"RIO TAMBO";"GOBIERNO REGIONAL";"I-2";"00000471";"CUTIVIRENI";"NE_0001";"";"NE_0001";"NE_0001";"NE_0001";"NE_0001";"NE_0001";"NE_0001";"NE_0001"
"2023";"09";"120609";"JUNIN";"SATIPO";"VIZCATAN DEL ENE";"GOBIERNO REGIONAL";"I-1";"00000509";"SAN MIGUEL DE ENE SHINPINSHARIATO";"NE_0001";"";"NE_0001";"NE_0001";"NE_0001";"NE_0001";"NE_0001";"NE_0001";"NE_0001"
"2023";"09";"120608";"JUNIN";"SATIPO";"RIO TAMBO";"GOBIERNO REGIONAL";"I-2";"00000515";"YAVIRO";"NE_0001";"";"NE_0001";"NE_0001";"NE_0001";"NE_0001";"NE_0001";"NE_0001";"NE_0001"
"2023";"09";"120608";"JUNIN";"SATIPO";"RIO TAMBO";"GOBIERNO REGIONAL";"I-1";"00015914";"SELVA DE ORO";"NE_0001";"";"NE_0001";"NE_0001";"NE_0001";"NE_0001";"NE_0001";"NE_0001";"NE_0001"
"2023";"10";"150113";"LIMA";"LIMA";"JESUS MARIA";"PRIVADO";"II-E";"00010669";"CLÍNICA PERUANA DE LA VISION";"NE_0001";"";"NE_0001";"NE_0001";"NE_0001";"NE_0001";"NE_0001";"NE_0001";"NE_0001"
"2023";"10";"230303";"TACNA";"JORGE BASADRE";"ITE";"ESSALUD";"I-2";"00027545";"CENTRO DE ATENCION PRIMARIA I ITE";"NE_0001";"";"NE_0001";"NE_0001";"NE_0001";"NE_0001";"NE_0001";"NE_0001";"NE_0001"
"2023";"10";"080703";"CUSCO";"CHUMBIVILCAS";"CHAMACA";"GOBIERNO REGIONAL";"I-2";"00002402";"CHAMACA";"NE_0001";"";"NE_0001";"NE_0001";"NE_0001";"NE_0001";"NE_0001";"NE_0001";"NE_0001"
"2023";"10";"080703";"CUSCO";"CHUMBIVILCAS";"CHAMACA";"GOBIERNO REGIONAL";"I-2";"00002403";"AÑAHUICHI";"NE_0001";"";"NE_0001";"NE_0001";"NE_0001";"NE_0001";"NE_0001";"NE_0001";"NE_0001"
"2023";"10";"080703";"CUSCO";"CHUMBIVILCAS";"CHAMACA";"GOBIERNO REGIONAL";"I-1";"00016328";"UCCHUCCARCCO";"NE_0001";"";"NE_0001";"NE_0001";"NE_0001";"NE_0001";"NE_0001";"NE_0001";"NE_0001"
"2023";"10";"080703";"CUSCO";"CHUMBIVILCAS";"CHAMACA";"GOBIERNO REGIONAL";"I-1";"00016330";"CCONCHACCOLLO";"NE_0001";"";"NE_0001";"NE_0001";"NE_0001";"NE_0001";"NE_0001";"NE_0001";"NE_0001"
"2023";"10";"080703";"CUSCO";"CHUMBIVILCAS";"CHAMACA";"GOBIERNO REGIONAL";"I-1";"00016329";"INGATA";"NE_0001";"";"NE_0001";"NE_0001";"NE_0001";"NE_0001";"NE_0001";"NE_0001";"NE_0001"
"2023";"10";"100102";"HUANUCO";"HUANUCO";"AMARILIS";"PRIVADO";"II-E";"00027693";"CENTRO MEDICO ESPECIALIZADO PRIMAVERA";"NE_0002";"";"NE_0002";"NE_0002";"NE_0002";"NE_0002";"NE_0002";"NE_0002";"NE_0002"
"2023";"10";"120101";"JUNIN";"HUANCAYO";"HUANCAYO";"PRIVADO";"II-E";"00008475";"CLINICA OFTALMOLOGICA REGIONAL";"NE_0002";"";"NE_0002";"NE_0002";"NE_0002";"NE_0002";"NE_0002";"NE_0002";"NE_0002"
"2023";"10";"050101";"AYACUCHO";"HUAMANGA";"AYACUCHO";"PRIVADO";"II-1";"00008154";"CLINICA EL NAZARENO";"241400";"HOSPITALIZACIÓN QUIRÚRGICA GINECO - OBSTETRICIA ";"1";"1";"2";"2";"1";"126";"0"
"2023";"10";"050101";"AYACUCHO";"HUAMANGA";"AYACUCHO";"PRIVADO";"II-1";"00008154";"CLINICA EL NAZARENO";"242300";"HOSPITALIZACIÓN DE PEDIATRÍA  PEDIATRÍA  GENERAL ";"1";"1";"2";"2";"1";"126";"0"
"2023";"10";"050101";"AYACUCHO";"HUAMANGA";"AYACUCHO";"PRIVADO";"II-1";"00008154";"CLINICA EL NAZARENO";"240100";"HOSPITALIZACIÓN QUIRÚRGICA CIRUGÍA GENERAL ";"1";"1";"2";"2";"1";"126";"0"
"2023";"10";"050101";"AYACUCHO";"HUAMANGA";"AYACUCHO";"PRIVADO";"II-1";"00008154";"CLINICA EL NAZARENO";"241200";"HOSPITALIZACIÓN QUIRÚRGICA TRAUMATOLOGÍA Y ORTOPEDIA ";"1";"1";"2";"2";"1";"126";"0"
"2023";"10";"060807";"CAJAMARCA";"JAEN";"POMAHUACA";"GOBIERNO REGIONAL";"I-2";"00004248";"PALO BLANCO";"NE_0001";"";"NE_0001";"NE_0001";"NE_0001";"NE_0001";"NE_0001";"NE_0001";"NE_0001"
"2023";"10";"060804";"CAJAMARCA";"JAEN";"COLASAY";"GOBIERNO REGIONAL";"I-1";"00031333";"CHUNCHUCA";"NE_0001";"";"NE_0001";"NE_0001";"NE_0001";"NE_0001";"NE_0001";"NE_0001";"NE_0001"
"2023";"10";"060804";"CAJAMARCA";"JAEN";"COLASAY";"GOBIERNO REGIONAL";"I-1";"00007171";"LOS CEDROS DE COLASAY";"NE_0001";"";"NE_0001";"NE_0001";"NE_0001";"NE_0001";"NE_0001";"NE_0001";"NE_0001"
"2023";"10";"060804";"CAJAMARCA";"JAEN";"COLASAY";"GOBIERNO REGIONAL";"I-3";"00004237";"CHUNCHUQUILLO";"NE_0001";"";"NE_0001";"NE_0001";"NE_0001";"NE_0001";"NE_0001";"NE_0001";"NE_0001"
"2023";"10";"060804";"CAJAMARCA";"JAEN";"COLASAY";"GOBIERNO REGIONAL";"I-2";"00004238";"SAN LORENZO DE BARBASCO";"NE_0001";"";"NE_0001";"NE_0001";"NE_0001";"NE_0001";"NE_0001";"NE_0001";"NE_0001"
"2023";"10";"060807";"CAJAMARCA";"JAEN";"POMAHUACA";"GOBIERNO REGIONAL";"I-1";"00007122";"TAMBILLO";"NE_0001";"";"NE_0001";"NE_0001";"NE_0001";"NE_0001";"NE_0001";"NE_0001";"NE_0001"
"2023";"10";"150130";"LIMA";"LIMA";"SAN BORJA";"PRIVADO";"II-E";"00011056";"OFTALMIC SERVICE SAC";"NE_0001";"";"NE_0001";"NE_0001";"NE_0001";"NE_0001";"NE_0001";"NE_0001";"NE_0001"
"2023";"10";"110101";"ICA";"ICA";"ICA";"PRIVADO";"II-1";"00015963";"LA CLINICA DE ICA DR. JULIO TATAJE BARRIGA SRL";"NE_0002";"";"NE_0002";"NE_0002";"NE_0002";"NE_0002";"NE_0002";"NE_0002";"NE_0002"
"2023";"10";"220908";"SAN MARTIN";"SAN MARTIN";"JUAN GUERRA";"GOBIERNO REGIONAL";"I-1";"00006379";"YACUCATINA";"NE_0002";"";"NE_0002";"NE_0002";"NE_0002";"NE_0002";"NE_0002";"NE_0002";"NE_0002"
"2023";"10";"220914";"SAN MARTIN";"SAN MARTIN";"SHAPAJA";"GOBIERNO REGIONAL";"I-2";"00006375";"SHAPAJA";"NE_0002";"";"NE_0002";"NE_0002";"NE_0002";"NE_0002";"NE_0002";"NE_0002";"NE_0002"
"2023";"10";"220902";"SAN MARTIN";"SAN MARTIN";"ALBERTO LEVEAU";"GOBIERNO REGIONAL";"I-1";"00006383";"MACHUNGO";"NE_0002";"";"NE_0002";"NE_0002";"NE_0002";"NE_0002";"NE_0002";"NE_0002";"NE_0002"
"2023";"10";"220902";"SAN MARTIN";"SAN MARTIN";"ALBERTO LEVEAU";"GOBIERNO REGIONAL";"I-1";"00006382";"UTCURARCA";"NE_0002";"";"NE_0002";"NE_0002";"NE_0002";"NE_0002";"NE_0002";"NE_0002";"NE_0002"
"2023";"10";"220908";"SAN MARTIN";"SAN MARTIN";"JUAN GUERRA";"GOBIERNO REGIONAL";"I-3";"00006374";"JUAN GUERRA";"NE_0002";"";"NE_0002";"NE_0002";"NE_0002";"NE_0002";"NE_0002";"NE_0002";"NE_0002"
"2023";"10";"110211";"ICA";"CHINCHA";"TAMBO DE MORA";"ESSALUD";"I-2";"00012023";"TAMBO DE MORA";"NE_0001";"";"NE_0001";"NE_0001";"NE_0001";"NE_0001";"NE_0001";"NE_0001";"NE_0001"
"2023";"10";"060501";"CAJAMARCA";"CONTUMAZA";"CONTUMAZA";"ESSALUD";"I-2";"00010276";"POSTA MEDICA ESSALUD CONTUMAZA";"NE_0001";"";"NE_0001";"NE_0001";"NE_0001";"NE_0001";"NE_0001";"NE_0001";"NE_0001"
"2023";"10";"211301";"PUNO";"YUNGUYO";"YUNGUYO";"ESSALUD";"I-3";"00009219";"YUNGUYO";"NE_0001";"";"NE_0001";"NE_0001";"NE_0001";"NE_0001";"NE_0001";"NE_0001";"NE_0001"
"2023";"10";"250101";"UCAYALI";"CORONEL PORTILLO";"CALLERIA";"PRIVADO";"II-E";"00027312";"Clínica Especializada Amazónica SAC";"240100";"HOSPITALIZACIÓN QUIRÚRGICA CIRUGÍA GENERAL ";"30";"30";"30";"30";"2";"60";"0"
"2023";"10";"120402";"JUNIN";"JAUJA";"ACOLLA";"GOBIERNO REGIONAL";"I-2";"00000384";"TINGO PACCHA";"NE_0001";"";"NE_0001";"NE_0001";"NE_0001";"NE_0001";"NE_0001";"NE_0001";"NE_0001"
"2023";"10";"120402";"JUNIN";"JAUJA";"ACOLLA";"GOBIERNO REGIONAL";"I-3";"00000379";"ACOLLA";"NE_0001";"";"NE_0001";"NE_0001";"NE_0001";"NE_0001";"NE_0001";"NE_0001";"NE_0001"
"2023";"10";"120402";"JUNIN";"JAUJA";"ACOLLA";"GOBIERNO REGIONAL";"I-2";"00000380";"EL TINGO";"NE_0001";"";"NE_0001";"NE_0001";"NE_0001";"NE_0001";"NE_0001";"NE_0001";"NE_0001"
"2023";"10";"120402";"JUNIN";"JAUJA";"ACOLLA";"GOBIERNO REGIONAL";"I-2";"00000382";"YANAMARCA";"NE_0001";"";"NE_0001";"NE_0001";"NE_0001";"NE_0001";"NE_0001";"NE_0001";"NE_0001"
"2023";"10";"120402";"JUNIN";"JAUJA";"ACOLLA";"GOBIERNO REGIONAL";"I-1";"00006874";"CHUQUISHUARI";"NE_0001";"";"NE_0001";"NE_0001";"NE_0001";"NE_0001";"NE_0001";"NE_0001";"NE_0001"
"2023";"10";"150136";"LIMA";"LIMA";"SAN MIGUEL";"PRIVADO";"II-2";"00012666";"CLINICA PROVIDENCIA";"240000";"HOSPITALIZACIÓN";"223";"214";"223";"31";"56";"60";"0"
"2023";"10";"150136";"LIMA";"LIMA";"SAN MIGUEL";"PRIVADO";"II-2";"00012666";"CLINICA PROVIDENCIA";"250100";"UNIDAD DE CUIDADOS CRITICOS UNIDAD  DE CUIDADOS INTENSIVOS GENERALES (UCI) ";"7";"6";"7";"3";"9";"11";"0"
"2023";"10";"150136";"LIMA";"LIMA";"SAN MIGUEL";"PRIVADO";"II-2";"00012666";"CLINICA PROVIDENCIA";"250105";"UNIDAD DE CUIDADOS CRITICOS UNIDAD  DE CUIDADOS INTENSIVOS  (UCI) NEONATOLOGÍA";"3";"1";"3";"3";"5";"7";"0"
"2023";"10";"150136";"LIMA";"LIMA";"SAN MIGUEL";"PRIVADO";"II-2";"00012666";"CLINICA PROVIDENCIA";"250108";"UNIDAD DE CUIDADOS CRITICOS UNIDAD  DE CUIDADOS INTENSIVOS  (UCI) PEDIÁTRICA";"6";"3";"6";"3";"6";"8";"0"
"2023";"10";"040516";"AREQUIPA";"CAYLLOMA";"TAPAY";"GOBIERNO REGIONAL";"I-2";"00001434";"PUESTO DE SALUD TAPAY";"NE_0001";"";"NE_0001";"NE_0001";"NE_0001";"NE_0001";"NE_0001";"NE_0001";"NE_0001"
"2023";"10";"040507";"AREQUIPA";"CAYLLOMA";"HUAMBO";"GOBIERNO REGIONAL";"I-2";"00001433";"PUESTO DE SALUD HUAMBO";"NE_0001";"";"NE_0001";"NE_0001";"NE_0001";"NE_0001";"NE_0001";"NE_0001";"NE_0001"
"2023";"10";"040503";"AREQUIPA";"CAYLLOMA";"CABANACONDE";"GOBIERNO REGIONAL";"I-3";"00001420";"CENTRO DE SALUD CABANACONDE";"NE_0001";"";"NE_0001";"NE_0001";"NE_0001";"NE_0001";"NE_0001";"NE_0001";"NE_0001"
"2023";"10";"040406";"AREQUIPA";"CASTILLA";"CHOCO";"GOBIERNO REGIONAL";"I-2";"00001441";"PUESTO DE SALUD CHOCO";"NE_0001";"";"NE_0001";"NE_0001";"NE_0001";"NE_0001";"NE_0001";"NE_0001";"NE_0001"
"2023";"10";"040503";"AREQUIPA";"CAYLLOMA";"CABANACONDE";"GOBIERNO REGIONAL";"I-2";"00001432";"PUESTO DE SALUD PINCHOLLO";"NE_0001";"";"NE_0001";"NE_0001";"NE_0001";"NE_0001";"NE_0001";"NE_0001";"NE_0001"
"2023";"10";"100301";"HUANUCO";"DOS DE MAYO";"LA UNION";"ESSALUD";"I-3";"00027084";"POSTA MEDICA LA UNION";"NE_0001";"";"NE_0001";"NE_0001";"NE_0001";"NE_0001";"NE_0001";"NE_0001";"NE_0001"
"2023";"10";"080503";"CUSCO";"CANAS";"KUNTURKANKI";"GOBIERNO REGIONAL";"I-4";"00007700";"EL DESCANSO";"NE_0001";"";"NE_0001";"NE_0001";"NE_0001";"NE_0001";"NE_0001";"NE_0001";"NE_0001"
"2023";"10";"080502";"CUSCO";"CANAS";"CHECCA";"GOBIERNO REGIONAL";"I-1";"00002367";"CHITIBAMBA";"NE_0001";"";"NE_0001";"NE_0001";"NE_0001";"NE_0001";"NE_0001";"NE_0001";"NE_0001"
"2023";"10";"080502";"CUSCO";"CANAS";"CHECCA";"GOBIERNO REGIONAL";"I-2";"00002366";"CHECCA";"NE_0001";"";"NE_0001";"NE_0001";"NE_0001";"NE_0001";"NE_0001";"NE_0001";"NE_0001"
"2023";"10";"100505";"HUANUCO";"HUAMALIES";"JIRCAN";"GOBIERNO REGIONAL";"I-2";"00000904";"JIRCAN";"NE_0001";"";"NE_0001";"NE_0001";"NE_0001";"NE_0001";"NE_0001";"NE_0001";"NE_0001"
"2023";"10";"100506";"HUANUCO";"HUAMALIES";"MIRAFLORES";"GOBIERNO REGIONAL";"I-2";"00000895";"MIRAFLORES";"NE_0001";"";"NE_0001";"NE_0001";"NE_0001";"NE_0001";"NE_0001";"NE_0001";"NE_0001"
"2023";"10";"080910";"CUSCO";"LA CONVENCION";"PICHARI";"GOBIERNO REGIONAL";"I-2";"00007113";"NATIVIDAD";"NE_0001";"";"NE_0001";"NE_0001";"NE_0001";"NE_0001";"NE_0001";"NE_0001";"NE_0001"
"2023";"08";"250203";"UCAYALI";"ATALAYA";"TAHUANIA";"MINSA";"I-1";"00032189";"PUESTO DE SALUD MENCORIARI.";"NE_0001";"";"NE_0001";"NE_0001";"NE_0001";"NE_0001";"NE_0001";"NE_0001";"NE_0001"
"2023";"08";"250203";"UCAYALI";"ATALAYA";"TAHUANIA";"MINSA";"I-1";"00031894";"PUESTO DE SALUD NUEVO PARAISO-TAHUANIA.";"NE_0001";"";"NE_0001";"NE_0001";"NE_0001";"NE_0001";"NE_0001";"NE_0001";"NE_0001"
"2023";"08";"250202";"UCAYALI";"ATALAYA";"SEPAHUA";"GOBIERNO REGIONAL";"I-1";"00019549";"SANTA ROSA DE SERJALI";"NE_0001";"";"NE_0001";"NE_0001";"NE_0001";"NE_0001";"NE_0001";"NE_0001";"NE_0001"
"2023";"08";"250203";"UCAYALI";"ATALAYA";"TAHUANIA";"GOBIERNO REGIONAL";"I-1";"00007106";"TONIROMASHI";"NE_0001";"";"NE_0001";"NE_0001";"NE_0001";"NE_0001";"NE_0001";"NE_0001";"NE_0001"
"2023";"08";"250202";"UCAYALI";"ATALAYA";"SEPAHUA";"GOBIERNO REGIONAL";"I-1";"00005525";"PUIJA";"NE_0001";"";"NE_0001";"NE_0001";"NE_0001";"NE_0001";"NE_0001";"NE_0001";"NE_0001"
"2023";"08";"250202";"UCAYALI";"ATALAYA";"SEPAHUA";"GOBIERNO REGIONAL";"I-1";"00005524";"BUFEO POZO";"NE_0001";"";"NE_0001";"NE_0001";"NE_0001";"NE_0001";"NE_0001";"NE_0001";"NE_0001"
"2023";"08";"250202";"UCAYALI";"ATALAYA";"SEPAHUA";"GOBIERNO REGIONAL";"I-3";"00005523";"SEPAHUA";"NE_0001";"";"NE_0001";"NE_0001";"NE_0001";"NE_0001";"NE_0001";"NE_0001";"NE_0001"
"2023";"08";"250203";"UCAYALI";"ATALAYA";"TAHUANIA";"GOBIERNO REGIONAL";"I-1";"00005522";"TUPAC AMARU";"NE_0001";"";"NE_0001";"NE_0001";"NE_0001";"NE_0001";"NE_0001";"NE_0001";"NE_0001"
"2023";"08";"250203";"UCAYALI";"ATALAYA";"TAHUANIA";"GOBIERNO REGIONAL";"I-2";"00005521";"NUEVA ITALIA";"NE_0001";"";"NE_0001";"NE_0001";"NE_0001";"NE_0001";"NE_0001";"NE_0001";"NE_0001"
"2023";"08";"250203";"UCAYALI";"ATALAYA";"TAHUANIA";"GOBIERNO REGIONAL";"I-1";"00005520";"SHAHUAYA";"NE_0001";"";"NE_0001";"NE_0001";"NE_0001";"NE_0001";"NE_0001";"NE_0001";"NE_0001"
"2023";"08";"250203";"UCAYALI";"ATALAYA";"TAHUANIA";"GOBIERNO REGIONAL";"I-1";"00005519";"SEMPAYA";"NE_0001";"";"NE_0001";"NE_0001";"NE_0001";"NE_0001";"NE_0001";"NE_0001";"NE_0001"
"2023";"08";"250203";"UCAYALI";"ATALAYA";"TAHUANIA";"GOBIERNO REGIONAL";"I-3";"00005518";"BOLOGNESI";"NE_0001";"";"NE_0001";"NE_0001";"NE_0001";"NE_0001";"NE_0001";"NE_0001";"NE_0001"
"2023";"08";"250201";"UCAYALI";"ATALAYA";"RAIMONDI";"GOBIERNO REGIONAL";"I-1";"00005517";"SERJALI";"NE_0001";"";"NE_0001";"NE_0001";"NE_0001";"NE_0001";"NE_0001";"NE_0001";"NE_0001"
"2023";"08";"250201";"UCAYALI";"ATALAYA";"RAIMONDI";"GOBIERNO REGIONAL";"I-1";"00005516";"RIMA";"NE_0001";"";"NE_0001";"NE_0001";"NE_0001";"NE_0001";"NE_0001";"NE_0001";"NE_0001"
"2023";"08";"250201";"UCAYALI";"ATALAYA";"RAIMONDI";"GOBIERNO REGIONAL";"I-1";"00005515";"ALTO CHENCORENI";"NE_0001";"";"NE_0001";"NE_0001";"NE_0001";"NE_0001";"NE_0001";"NE_0001";"NE_0001"
"2023";"08";"250201";"UCAYALI";"ATALAYA";"RAIMONDI";"GOBIERNO REGIONAL";"I-1";"00005514";"CHEQUITAVO";"NE_0001";"";"NE_0001";"NE_0001";"NE_0001";"NE_0001";"NE_0001";"NE_0001";"NE_0001"
"2023";"08";"250201";"UCAYALI";"ATALAYA";"RAIMONDI";"GOBIERNO REGIONAL";"I-1";"00005512";"MAPALCA";"NE_0001";"";"NE_0001";"NE_0001";"NE_0001";"NE_0001";"NE_0001";"NE_0001";"NE_0001"
"2023";"08";"250201";"UCAYALI";"ATALAYA";"RAIMONDI";"GOBIERNO REGIONAL";"I-1";"00005511";"PAOTI";"NE_0001";"";"NE_0001";"NE_0001";"NE_0001";"NE_0001";"NE_0001";"NE_0001";"NE_0001"
"2023";"08";"250201";"UCAYALI";"ATALAYA";"RAIMONDI";"GOBIERNO REGIONAL";"I-1";"00005510";"LA FLORESTA";"NE_0001";"";"NE_0001";"NE_0001";"NE_0001";"NE_0001";"NE_0001";"NE_0001";"NE_0001"
"2023";"08";"250201";"UCAYALI";"ATALAYA";"RAIMONDI";"MINSA";"I-1";"00005509";"CHICOSA";"NE_0001";"";"NE_0001";"NE_0001";"NE_0001";"NE_0001";"NE_0001";"NE_0001";"NE_0001"
"2023";"08";"250201";"UCAYALI";"ATALAYA";"RAIMONDI";"MINSA";"I-1";"00005508";"UNINI";"NE_0001";"";"NE_0001";"NE_0001";"NE_0001";"NE_0001";"NE_0001";"NE_0001";"NE_0001"
"2023";"08";"250201";"UCAYALI";"ATALAYA";"RAIMONDI";"GOBIERNO REGIONAL";"I-1";"00005507";"BOCA PUCANI";"NE_0001";"";"NE_0001";"NE_0001";"NE_0001";"NE_0001";"NE_0001";"NE_0001";"NE_0001"
"2023";"08";"250201";"UCAYALI";"ATALAYA";"RAIMONDI";"MINSA";"I-1";"00005506";"P.S RAMON CASTILLA";"NE_0001";"";"NE_0001";"NE_0001";"NE_0001";"NE_0001";"NE_0001";"NE_0001";"NE_0001"
"2023";"08";"250201";"UCAYALI";"ATALAYA";"RAIMONDI";"GOBIERNO REGIONAL";"I-2";"00005505";"OBENTENI";"NE_0001";"";"NE_0001";"NE_0001";"NE_0001";"NE_0001";"NE_0001";"NE_0001";"NE_0001"
"2023";"08";"250201";"UCAYALI";"ATALAYA";"RAIMONDI";"MINSA";"I-1";"00005504";"COCANI";"NE_0001";"";"NE_0001";"NE_0001";"NE_0001";"NE_0001";"NE_0001";"NE_0001";"NE_0001"
"2023";"08";"250201";"UCAYALI";"ATALAYA";"RAIMONDI";"MINSA";"I-2";"00005503";"MALDONADILLO";"NE_0001";"";"NE_0001";"NE_0001";"NE_0001";"NE_0001";"NE_0001";"NE_0001";"NE_0001"
"2023";"08";"250201";"UCAYALI";"ATALAYA";"RAIMONDI";"GOBIERNO REGIONAL";"I-4";"00005502";"ATALAYA";"NE_0002";"";"NE_0002";"NE_0002";"NE_0002";"NE_0002";"NE_0002";"NE_0002";"NE_0002"
"2023";"09";"200105";"PIURA";"PIURA";"CATACAOS";"ESSALUD";"I-3";"00012319";"CENTRO DE ATENCION PRIMARIA-CAP III CATACAOS";"NE_0001";"";"NE_0001";"NE_0001";"NE_0001";"NE_0001";"NE_0001";"NE_0001";"NE_0001"
"2023";"09";"240101";"TUMBES";"TUMBES";"TUMBES";"PRIVADO";"I-4";"00007795";"CENTRO MEDICO LA FAMILIA";"NE_0002";"";"NE_0002";"NE_0002";"NE_0002";"NE_0002";"NE_0002";"NE_0002";"NE_0002"
"2023";"09";"090101";"HUANCAVELICA";"HUANCAVELICA";"HUANCAVELICA";"PRIVADO";"I-3";"00009300";"JUAN PABLO II";"NE_0001";"";"NE_0001";"NE_0001";"NE_0001";"NE_0001";"NE_0001";"NE_0001";"NE_0001"
"2023";"07";"130101";"LA LIBERTAD";"TRUJILLO";"TRUJILLO";"PRIVADO";"I-4";"00013371";"FARMEDICA SAC";"NE_0001";"";"NE_0001";"NE_0001";"NE_0001";"NE_0001";"NE_0001";"NE_0001";"NE_0001"
"2023";"10";"090101";"HUANCAVELICA";"HUANCAVELICA";"HUANCAVELICA";"SANIDAD DE LA POLICIA NACIONAL DEL PERU";"I-2";"00009476";"POSTA  MEDICA  POLICIAL- HUANCAVELICA";"NE_0001";"";"NE_0001";"NE_0001";"NE_0001";"NE_0001";"NE_0001";"NE_0001";"NE_0001"
"2023";"10";"021809";"ANCASH";"SANTA";"NUEVO CHIMBOTE";"GOBIERNO REGIONAL";"I-2";"00001705";"PUESTO DE SALUD 3 DE OCTUBRE";"NE_0001";"";"NE_0001";"NE_0001";"NE_0001";"NE_0001";"NE_0001";"NE_0001";"NE_0001"
"2023";"10";"021802";"ANCASH";"SANTA";"CACERES DEL PERU";"GOBIERNO REGIONAL";"I-1";"00001709";"PUESTO DE SALUD LAMPANIN";"NE_0001";"";"NE_0001";"NE_0001";"NE_0001";"NE_0001";"NE_0001";"NE_0001";"NE_0001"
"2023";"10";"021805";"ANCASH";"SANTA";"MORO";"GOBIERNO REGIONAL";"I-3";"00001716";"CENTRO DE SALUD MORO";"NE_0001";"";"NE_0001";"NE_0001";"NE_0001";"NE_0001";"NE_0001";"NE_0001";"NE_0001"
"2023";"10";"022005";"ANCASH";"YUNGAY";"QUILLO";"GOBIERNO REGIONAL";"I-1";"00001737";"PUESTO DE SALUD PAMPACANCHA";"NE_0001";"";"NE_0001";"NE_0001";"NE_0001";"NE_0001";"NE_0001";"NE_0001";"NE_0001"
"2023";"10";"020104";"ANCASH";"HUARAZ";"HUANCHAY";"GOBIERNO REGIONAL";"I-2";"00001748";"PUESTO DE SALUD HUANCHAY HZ";"NE_0001";"";"NE_0001";"NE_0001";"NE_0001";"NE_0001";"NE_0001";"NE_0001";"NE_0001"
"2023";"10";"021809";"ANCASH";"SANTA";"NUEVO CHIMBOTE";"GOBIERNO REGIONAL";"I-2";"00007266";"PUESTO DE SALUD NICOLAS DE GARATEA";"NE_0001";"";"NE_0001";"NE_0001";"NE_0001";"NE_0001";"NE_0001";"NE_0001";"NE_0001"
"2023";"10";"020801";"ANCASH";"CASMA";"CASMA";"GOBIERNO REGIONAL";"I-2";"00031617";"PUESTO DE SALUD VILLA HERMOSA";"NE_0001";"";"NE_0001";"NE_0001";"NE_0001";"NE_0001";"NE_0001";"NE_0001";"NE_0001"
"2023";"10";"021809";"ANCASH";"SANTA";"NUEVO CHIMBOTE";"GOBIERNO REGIONAL";"I-4";"00001704";"CENTRO DE SALUD YUGOSLAVIA";"NE_0001";"";"NE_0001";"NE_0001";"NE_0001";"NE_0001";"NE_0001";"NE_0001";"NE_0001"
"2023";"10";"021809";"ANCASH";"SANTA";"NUEVO CHIMBOTE";"GOBIERNO REGIONAL";"I-2";"00001706";"PUESTO DE SALUD VILLA MARIA";"NE_0001";"";"NE_0001";"NE_0001";"NE_0001";"NE_0001";"NE_0001";"NE_0001";"NE_0001"
"2023";"10";"021802";"ANCASH";"SANTA";"CACERES DEL PERU";"GOBIERNO REGIONAL";"I-2";"00001708";"PUESTO DE SALUD JIMBE";"NE_0001";"";"NE_0001";"NE_0001";"NE_0001";"NE_0001";"NE_0001";"NE_0001";"NE_0001"
"2023";"10";"021807";"ANCASH";"SANTA";"SAMANCO";"GOBIERNO REGIONAL";"I-2";"00001711";"PUESTO DE SALUD SAMANCO";"NE_0001";"";"NE_0001";"NE_0001";"NE_0001";"NE_0001";"NE_0001";"NE_0001";"NE_0001"
"2023";"10";"021806";"ANCASH";"SANTA";"NEPEÑA";"GOBIERNO REGIONAL";"I-3";"00001714";"CENTRO DE SALUD NEPEÑA";"NE_0001";"";"NE_0001";"NE_0001";"NE_0001";"NE_0001";"NE_0001";"NE_0001";"NE_0001"
"2023";"10";"021805";"ANCASH";"SANTA";"MORO";"GOBIERNO REGIONAL";"I-1";"00001717";"PUESTO DE SALUD POCOS";"NE_0001";"";"NE_0001";"NE_0001";"NE_0001";"NE_0001";"NE_0001";"NE_0001";"NE_0001"
"2023";"10";"020802";"ANCASH";"CASMA";"BUENA VISTA ALTA";"GOBIERNO REGIONAL";"I-2";"00001724";"PUESTO DE SALUD HUANCHUY";"NE_0001";"";"NE_0001";"NE_0001";"NE_0001";"NE_0001";"NE_0001";"NE_0001";"NE_0001"
"2023";"10";"020804";"ANCASH";"CASMA";"YAUTAN";"GOBIERNO REGIONAL";"I-4";"00001728";"CENTRO DE SALUD YAUTAN";"NE_0001";"";"NE_0001";"NE_0001";"NE_0001";"NE_0001";"NE_0001";"NE_0001";"NE_0001"
"2023";"10";"021103";"ANCASH";"HUARMEY";"CULEBRAS";"GOBIERNO REGIONAL";"I-1";"00001745";"PUESTO DE SALUD MOLINO";"NE_0001";"";"NE_0001";"NE_0001";"NE_0001";"NE_0001";"NE_0001";"NE_0001";"NE_0001"
"2023";"10";"021104";"ANCASH";"HUARMEY";"HUAYAN";"GOBIERNO REGIONAL";"I-2";"00001752";"PUESTO DE SALUD HUAYAN";"NE_0001";"";"NE_0001";"NE_0001";"NE_0001";"NE_0001";"NE_0001";"NE_0001";"NE_0001"
"2023";"10";"020102";"ANCASH";"HUARAZ";"COCHABAMBA";"GOBIERNO REGIONAL";"I-1";"00001731";"PUESTO DE SALUD CHIPRE";"NE_0001";"";"NE_0001";"NE_0001";"NE_0001";"NE_0001";"NE_0001";"NE_0001";"NE_0001"
"2023";"10";"020103";"ANCASH";"HUARAZ";"COLCABAMBA";"GOBIERNO REGIONAL";"I-1";"00001733";"COLCABAMBA";"NE_0001";"";"NE_0001";"NE_0001";"NE_0001";"NE_0001";"NE_0001";"NE_0001";"NE_0001"
"2023";"10";"021101";"ANCASH";"HUARMEY";"HUARMEY";"GOBIERNO REGIONAL";"I-3";"00001744";"CENTRO DE SALUD LA VICTORIA";"NE_0001";"";"NE_0001";"NE_0001";"NE_0001";"NE_0001";"NE_0001";"NE_0001";"NE_0001"
"2023";"10";"020802";"ANCASH";"CASMA";"BUENA VISTA ALTA";"GOBIERNO REGIONAL";"I-3";"00001723";"CENTRO DE SALUD BUENAVISTA";"NE_0001";"";"NE_0001";"NE_0001";"NE_0001";"NE_0001";"NE_0001";"NE_0001";"NE_0001"
"2023";"10";"020803";"ANCASH";"CASMA";"COMANDANTE NOEL";"GOBIERNO REGIONAL";"I-1";"00001726";"PUESTO DE SALUD COMANDANTE NOEL";"NE_0001";"";"NE_0001";"NE_0001";"NE_0001";"NE_0001";"NE_0001";"NE_0001";"NE_0001"
"2023";"10";"020110";"ANCASH";"HUARAZ";"PARIACOTO";"GOBIERNO REGIONAL";"I-1";"00001735";"PUESTO DE SALUD FORTALEZA";"NE_0001";"";"NE_0001";"NE_0001";"NE_0001";"NE_0001";"NE_0001";"NE_0001";"NE_0001"
"2023";"10";"021105";"ANCASH";"HUARMEY";"MALVAS";"GOBIERNO REGIONAL";"I-1";"00001801";"PUESTO DE SALUD SAN MIGUEL";"NE_0001";"";"NE_0001";"NE_0001";"NE_0001";"NE_0001";"NE_0001";"NE_0001";"NE_0001"
"2023";"10";"021809";"ANCASH";"SANTA";"NUEVO CHIMBOTE";"GOBIERNO REGIONAL";"I-2";"00001707";"PUESTO DE SALUD SATELITE";"NE_0001";"";"NE_0001";"NE_0001";"NE_0001";"NE_0001";"NE_0001";"NE_0001";"NE_0001"
"2023";"10";"020801";"ANCASH";"CASMA";"CASMA";"GOBIERNO REGIONAL";"I-1";"00001721";"PUESTO DE SALUD LA GRAMITA";"NE_0001";"";"NE_0001";"NE_0001";"NE_0001";"NE_0001";"NE_0001";"NE_0001";"NE_0001"
"2023";"10";"021101";"ANCASH";"HUARMEY";"HUARMEY";"GOBIERNO REGIONAL";"I-2";"00001742";"PUESTO DE SALUD PUERTO HUARMEY";"NE_0001";"";"NE_0001";"NE_0001";"NE_0001";"NE_0001";"NE_0001";"NE_0001";"NE_0001"
"2023";"10";"021105";"ANCASH";"HUARMEY";"MALVAS";"GOBIERNO REGIONAL";"I-1";"00001753";"PUESTO DE SALUD MALVAS";"NE_0001";"";"NE_0001";"NE_0001";"NE_0001";"NE_0001";"NE_0001";"NE_0001";"NE_0001"
"2023";"09";"060613";"CAJAMARCA";"CUTERVO";"SANTO TOMAS";"GOBIERNO REGIONAL";"I-1";"00005023";"TAMBILLO DE SANTO TOMAS";"NE_0001";"";"NE_0001";"NE_0001";"NE_0001";"NE_0001";"NE_0001";"NE_0001";"NE_0001"
"2023";"09";"060613";"CAJAMARCA";"CUTERVO";"SANTO TOMAS";"GOBIERNO REGIONAL";"I-1";"00007750";"TAYALES";"NE_0001";"";"NE_0001";"NE_0001";"NE_0001";"NE_0001";"NE_0001";"NE_0001";"NE_0001"
"2023";"09";"060613";"CAJAMARCA";"CUTERVO";"SANTO TOMAS";"GOBIERNO REGIONAL";"I-1";"00011067";"PLAYA GRANDE";"NE_0001";"";"NE_0001";"NE_0001";"NE_0001";"NE_0001";"NE_0001";"NE_0001";"NE_0001"
"2023";"09";"060606";"CAJAMARCA";"CUTERVO";"PIMPINGOS";"GOBIERNO REGIONAL";"I-1";"00005015";"PANAMA";"NE_0001";"";"NE_0001";"NE_0001";"NE_0001";"NE_0001";"NE_0001";"NE_0001";"NE_0001"
"2023";"09";"060606";"CAJAMARCA";"CUTERVO";"PIMPINGOS";"GOBIERNO REGIONAL";"I-1";"00005018";"EL PALTO";"NE_0001";"";"NE_0001";"NE_0001";"NE_0001";"NE_0001";"NE_0001";"NE_0001";"NE_0001"
"2023";"09";"060613";"CAJAMARCA";"CUTERVO";"SANTO TOMAS";"GOBIERNO REGIONAL";"I-1";"00007047";"ANDAMARCA";"NE_0001";"";"NE_0001";"NE_0001";"NE_0001";"NE_0001";"NE_0001";"NE_0001";"NE_0001"
"2023";"09";"060606";"CAJAMARCA";"CUTERVO";"PIMPINGOS";"GOBIERNO REGIONAL";"I-1";"00011068";"PUCALA";"NE_0001";"";"NE_0001";"NE_0001";"NE_0001";"NE_0001";"NE_0001";"NE_0001";"NE_0001"
"2023";"09";"060613";"CAJAMARCA";"CUTERVO";"SANTO TOMAS";"GOBIERNO REGIONAL";"I-3";"00005020";"SANTO TOMAS";"NE_0001";"";"NE_0001";"NE_0001";"NE_0001";"NE_0001";"NE_0001";"NE_0001";"NE_0001"
"2023";"09";"060613";"CAJAMARCA";"CUTERVO";"SANTO TOMAS";"GOBIERNO REGIONAL";"I-1";"00005022";"EL ARENAL DE SANTO TOMAS";"NE_0001";"";"NE_0001";"NE_0001";"NE_0001";"NE_0001";"NE_0001";"NE_0001";"NE_0001"
"2023";"09";"060613";"CAJAMARCA";"CUTERVO";"SANTO TOMAS";"GOBIERNO REGIONAL";"I-1";"00011065";"PALMA CENTRAL";"NE_0001";"";"NE_0001";"NE_0001";"NE_0001";"NE_0001";"NE_0001";"NE_0001";"NE_0001"
"2023";"09";"060606";"CAJAMARCA";"CUTERVO";"PIMPINGOS";"GOBIERNO REGIONAL";"I-1";"00005014";"CONDORHUASI";"NE_0001";"";"NE_0001";"NE_0001";"NE_0001";"NE_0001";"NE_0001";"NE_0001";"NE_0001"
"2023";"09";"060606";"CAJAMARCA";"CUTERVO";"PIMPINGOS";"GOBIERNO REGIONAL";"I-1";"00005016";"PANDALLE";"NE_0001";"";"NE_0001";"NE_0001";"NE_0001";"NE_0001";"NE_0001";"NE_0001";"NE_0001"
"2023";"09";"060613";"CAJAMARCA";"CUTERVO";"SANTO TOMAS";"GOBIERNO REGIONAL";"I-1";"00006836";"SANTA ROSA DE SANTO TOMAS";"NE_0001";"";"NE_0001";"NE_0001";"NE_0001";"NE_0001";"NE_0001";"NE_0001";"NE_0001"
"2023";"09";"060606";"CAJAMARCA";"CUTERVO";"PIMPINGOS";"GOBIERNO REGIONAL";"I-3";"00005012";"PIMPINCOS";"NE_0001";"";"NE_0001";"NE_0001";"NE_0001";"NE_0001";"NE_0001";"NE_0001";"NE_0001"
"2023";"09";"060606";"CAJAMARCA";"CUTERVO";"PIMPINGOS";"GOBIERNO REGIONAL";"I-1";"00006867";"LIBERTAD LIMON";"NE_0001";"";"NE_0001";"NE_0001";"NE_0001";"NE_0001";"NE_0001";"NE_0001";"NE_0001"
"2023";"09";"060613";"CAJAMARCA";"CUTERVO";"SANTO TOMAS";"GOBIERNO REGIONAL";"I-1";"00005024";"LANCHEPATA";"NE_0001";"";"NE_0001";"NE_0001";"NE_0001";"NE_0001";"NE_0001";"NE_0001";"NE_0001"
"2023";"09";"060613";"CAJAMARCA";"CUTERVO";"SANTO TOMAS";"GOBIERNO REGIONAL";"I-1";"00005025";"SAN LUIS";"NE_0001";"";"NE_0001";"NE_0001";"NE_0001";"NE_0001";"NE_0001";"NE_0001";"NE_0001"
"2023";"09";"060613";"CAJAMARCA";"CUTERVO";"SANTO TOMAS";"GOBIERNO REGIONAL";"I-1";"00005021";"VIZA";"NE_0001";"";"NE_0001";"NE_0001";"NE_0001";"NE_0001";"NE_0001";"NE_0001";"NE_0001"
"2023";"09";"080901";"CUSCO";"LA CONVENCION";"SANTA ANA";"PRIVADO";"II-E";"00026080";"SR DE TORRECHAYOC";"241400";"HOSPITALIZACIÓN QUIRÚRGICA GINECO - OBSTETRICIA ";"5";"5";"9";"11";"4";"120";"0"
"2023";"09";"110501";"ICA";"PISCO";"PISCO";"MINSA";"II-1";"00003472";"SAN JUAN DE DIOS";"240100";"HOSPITALIZACIÓN QUIRÚRGICA CIRUGÍA GENERAL ";"92";"111";"628";"471";"20";"600";"0"
"2023";"09";"110501";"ICA";"PISCO";"PISCO";"MINSA";"II-1";"00003472";"SAN JUAN DE DIOS";"241400";"HOSPITALIZACIÓN QUIRÚRGICA GINECO - OBSTETRICIA ";"233";"254";"751";"728";"30";"900";"0"
"2023";"09";"110501";"ICA";"PISCO";"PISCO";"MINSA";"II-1";"00003472";"SAN JUAN DE DIOS";"241800";"HOSPITALIZACIÓN DE MEDICINA MEDICINA GENERAL ";"75";"97";"630";"499";"21";"630";"12"
"2023";"09";"110501";"ICA";"PISCO";"PISCO";"MINSA";"II-1";"00003472";"SAN JUAN DE DIOS";"242300";"HOSPITALIZACIÓN DE PEDIATRÍA  PEDIATRÍA  GENERAL ";"73";"83";"303";"347";"15";"450";"0"
"2023";"10";"150132";"LIMA";"LIMA";"SAN JUAN DE LURIGANCHO";"SANIDAD DE LA POLICIA NACIONAL DEL PERU";"I-3";"00030839";"POLICLINICO POLICIAL ZARATE";"NE_0001";"";"NE_0001";"NE_0001";"NE_0001";"NE_0001";"NE_0001";"NE_0001";"NE_0001"
"2023";"10";"150140";"LIMA";"LIMA";"SANTIAGO DE SURCO";"PRIVADO";"II-E";"00032409";"CLÍNICA ALVAREZ";"240000";"HOSPITALIZACIÓN";"16";"16";"48";"16";"7";"217";"0"
"2023";"10";"040103";"AREQUIPA";"AREQUIPA";"CAYMA";"SANIDAD DE LA POLICIA NACIONAL DEL PERU";"II-1";"00011794";"HOSPITAL REGIONAL PNP AREQUIPA";"240100";"HOSPITALIZACIÓN QUIRÚRGICA CIRUGÍA GENERAL ";"42";"37";"171";"171";"20";"620";"0"
"2023";"10";"040103";"AREQUIPA";"AREQUIPA";"CAYMA";"SANIDAD DE LA POLICIA NACIONAL DEL PERU";"II-1";"00011794";"HOSPITAL REGIONAL PNP AREQUIPA";"241400";"HOSPITALIZACIÓN QUIRÚRGICA GINECO - OBSTETRICIA ";"17";"18";"54";"54";"4";"124";"0"
"2023";"10";"040103";"AREQUIPA";"AREQUIPA";"CAYMA";"SANIDAD DE LA POLICIA NACIONAL DEL PERU";"II-1";"00011794";"HOSPITAL REGIONAL PNP AREQUIPA";"241500";"HOSPITALIZACIÓN QUIRÚRGICA GINECOLOGÍA  ";"12";"14";"47";"47";"4";"124";"0"
"2023";"10";"040103";"AREQUIPA";"AREQUIPA";"CAYMA";"SANIDAD DE LA POLICIA NACIONAL DEL PERU";"II-1";"00011794";"HOSPITAL REGIONAL PNP AREQUIPA";"241800";"HOSPITALIZACIÓN DE MEDICINA MEDICINA GENERAL ";"26";"25";"144";"144";"20";"620";"1"
"2023";"10";"040103";"AREQUIPA";"AREQUIPA";"CAYMA";"SANIDAD DE LA POLICIA NACIONAL DEL PERU";"II-1";"00011794";"HOSPITAL REGIONAL PNP AREQUIPA";"242300";"HOSPITALIZACIÓN DE PEDIATRÍA  PEDIATRÍA  GENERAL ";"8";"5";"13";"13";"6";"186";"0"
"2023";"10";"040103";"AREQUIPA";"AREQUIPA";"CAYMA";"SANIDAD DE LA POLICIA NACIONAL DEL PERU";"II-1";"00011794";"HOSPITAL REGIONAL PNP AREQUIPA";"243200";"HOSPITALIZACIÓN DE PEDIATRÍA PEDIATRIA NEONATOLOGÍA";"1";"1";"2";"2";"6";"186";"0"
"2023";"10";"110501";"ICA";"PISCO";"PISCO";"ESSALUD";"II-1";"00014147";"ANTONIO SKRABONJA ANTONCICH";"241800";"HOSPITALIZACIÓN DE MEDICINA MEDICINA GENERAL ";"46";"56";"252";"220";"18";"558";"2"
"2023";"10";"110501";"ICA";"PISCO";"PISCO";"ESSALUD";"II-1";"00014147";"ANTONIO SKRABONJA ANTONCICH";"250304";"HOSPIT. EN UNIDAD DE CUID.INTEN.-UNIDAD DE VIGILANCIA INTENSIVA (UVI)-MEDICINA";"22";"23";"42";"34";"4";"124";"2"
"2023";"10";"110501";"ICA";"PISCO";"PISCO";"ESSALUD";"II-1";"00014147";"ANTONIO SKRABONJA ANTONCICH";"240100";"HOSPITALIZACIÓN QUIRÚRGICA CIRUGÍA GENERAL ";"59";"61";"221";"208";"13";"403";"0"
"2023";"10";"110501";"ICA";"PISCO";"PISCO";"ESSALUD";"II-1";"00014147";"ANTONIO SKRABONJA ANTONCICH";"241500";"HOSPITALIZACIÓN QUIRÚRGICA GINECOLOGÍA  ";"13";"13";"49";"49";"4";"124";"0"
"2023";"10";"110501";"ICA";"PISCO";"PISCO";"ESSALUD";"II-1";"00014147";"ANTONIO SKRABONJA ANTONCICH";"241600";"HOSPITALIZACIÓN QUIRÚRGICA OBSTETRICIA   ";"81";"85";"181";"174";"8";"248";"0"
"2023";"10";"110501";"ICA";"PISCO";"PISCO";"ESSALUD";"II-1";"00014147";"ANTONIO SKRABONJA ANTONCICH";"242300";"HOSPITALIZACIÓN DE PEDIATRÍA  PEDIATRÍA  GENERAL ";"21";"24";"85";"62";"7";"217";"0"
"2023";"10";"021902";"ANCASH";"SIHUAS";"ACOBAMBA";"GOBIERNO REGIONAL";"I-1";"00001799";"PUESTO DE SALUD ACOBAMBA";"241400";"HOSPITALIZACIÓN QUIRÚRGICA GINECO - OBSTETRICIA ";"1";"1";"1";"1";"1";"2";"0"
"2023";"10";"200101";"PIURA";"PIURA";"PIURA";"PRIVADO";"III-E";"00013727";"INSTITUTO MEDICO ESPECIALIZADO EN DIABETES SOY DIABETICO EIRL";"240000";"HOSPITALIZACIÓN";"17";"17";"36";"36";"6";"186";"0"
"2023";"10";"210102";"PUNO";"PUNO";"ACORA";"ESSALUD";"I-3";"00009220";"CENTRO DE ATENCIÓN PRIMARIA II ACORA - RED ASISTENCIAL PUNO";"NE_0001";"";"NE_0001";"NE_0001";"NE_0001";"NE_0001";"NE_0001";"NE_0001";"NE_0001"
"2023";"10";"040704";"AREQUIPA";"ISLAY";"ISLAY";"ESSALUD";"I-2";"00012192";"POSTA MEDICA MATARANI";"NE_0002";"";"NE_0002";"NE_0002";"NE_0002";"NE_0002";"NE_0002";"NE_0002";"NE_0002"
"2023";"10";"210101";"PUNO";"PUNO";"PUNO";"ESSALUD";"I-3";"00009217";"CENTRO DE ATENCION PRIMARIA III METROPOLITANO DE PUNO";"NE_0001";"";"NE_0001";"NE_0001";"NE_0001";"NE_0001";"NE_0001";"NE_0001";"NE_0001"
"2023";"10";"210101";"PUNO";"PUNO";"PUNO";"ESSALUD";"II-E";"00032596";"HOSPITAL I CLINICA UNIVERSITARIA";"240000";"HOSPITALIZACIÓN";"37";"42";"208";"210";"7";"217";"0"
"2023";"10";"210401";"PUNO";"CHUCUITO";"JULI";"ESSALUD";"I-3";"00009222";"ESSALUD JULI";"NE_0001";"";"NE_0001";"NE_0001";"NE_0001";"NE_0001";"NE_0001";"NE_0001";"NE_0001"
"2023";"09";"200101";"PIURA";"PIURA";"PIURA";"PRIVADO";"II-1";"00013042";"CLÍNICA LOS COCOS";"240100";"HOSPITALIZACIÓN QUIRÚRGICA CIRUGÍA GENERAL ";"107";"98";"195";"200";"12";"360";"0"
"2023";"09";"200101";"PIURA";"PIURA";"PIURA";"PRIVADO";"II-1";"00013042";"CLÍNICA LOS COCOS";"241400";"HOSPITALIZACIÓN QUIRÚRGICA GINECO - OBSTETRICIA ";"134";"139";"187";"193";"16";"480";"0"
"2023";"09";"200101";"PIURA";"PIURA";"PIURA";"PRIVADO";"II-1";"00013042";"CLÍNICA LOS COCOS";"241800";"HOSPITALIZACIÓN DE MEDICINA MEDICINA GENERAL ";"6";"10";"11";"13";"11";"330";"0"
"2023";"10";"110101";"ICA";"ICA";"ICA";"GOBIERNO REGIONAL";"II-2";"00003358";"HOSPITAL REGIONAL DE ICA";"240100";"HOSPITALIZACIÓN QUIRÚRGICA CIRUGÍA GENERAL ";"147";"199";"2200";"2358";"63";"1953";"1"
"2023";"10";"110101";"ICA";"ICA";"ICA";"GOBIERNO REGIONAL";"II-2";"00003358";"HOSPITAL REGIONAL DE ICA";"241500";"HOSPITALIZACIÓN QUIRÚRGICA GINECOLOGÍA  ";"67";"72";"244";"279";"15";"465";"0"
"2023";"10";"110101";"ICA";"ICA";"ICA";"GOBIERNO REGIONAL";"II-2";"00003358";"HOSPITAL REGIONAL DE ICA";"241600";"HOSPITALIZACIÓN QUIRÚRGICA OBSTETRICIA   ";"237";"250";"646";"701";"26";"806";"0"
"2023";"10";"110101";"ICA";"ICA";"ICA";"GOBIERNO REGIONAL";"II-2";"00003358";"HOSPITAL REGIONAL DE ICA";"241900";"HOSPITALIZACIÓN DE MEDICINA MEDICINA INTERNA ";"108";"159";"1498";"1537";"134";"4154";"8"
"2023";"10";"110101";"ICA";"ICA";"ICA";"GOBIERNO REGIONAL";"II-2";"00003358";"HOSPITAL REGIONAL DE ICA";"242500";"HOSPITALIZACIÓN-PEDIATRÍA GENERAL-";"46";"55";"328";"425";"7";"517";"0"
"2023";"10";"110101";"ICA";"ICA";"ICA";"GOBIERNO REGIONAL";"II-2";"00003358";"HOSPITAL REGIONAL DE ICA";"243200";"HOSPITALIZACIÓN DE PEDIATRÍA PEDIATRIA NEONATOLOGÍA";"34";"35";"78";"99";"12";"372";"0"
"2023";"10";"110101";"ICA";"ICA";"ICA";"GOBIERNO REGIONAL";"II-2";"00003358";"HOSPITAL REGIONAL DE ICA";"250103";"UNIDAD DE CUIDADOS CRITICOS UNIDAD  DE CUIDADOS INTENSIVOS GENERALES  (UCI) MEDICINA";"4";"6";"123";"134";"10";"310";"4"
"2023";"10";"110101";"ICA";"ICA";"ICA";"GOBIERNO REGIONAL";"II-2";"00003358";"HOSPITAL REGIONAL DE ICA";"250105";"UNIDAD DE CUIDADOS CRITICOS UNIDAD  DE CUIDADOS INTENSIVOS  (UCI) NEONATOLOGÍA";"2";"7";"199";"205";"7";"217";"1"
"2023";"10";"110101";"ICA";"ICA";"ICA";"GOBIERNO REGIONAL";"II-2";"00003358";"HOSPITAL REGIONAL DE ICA";"250108";"UNIDAD DE CUIDADOS CRITICOS UNIDAD  DE CUIDADOS INTENSIVOS  (UCI) PEDIÁTRICA";"3";"5";"83";"91";"5";"155";"1"
"2023";"10";"150114";"LIMA";"LIMA";"LA MOLINA";"PRIVADO";"II-E";"00009010";"CLINICA DE LA FAMILIA";"240000";"HOSPITALIZACIÓN";"124";"124";"61";"61";"11";"280";"0"
"2023";"10";"130106";"LA LIBERTAD";"TRUJILLO";"LAREDO";"GOBIERNO REGIONAL";"II-1";"00005231";"HOSPITAL DISTRITAL LAREDO";"241400";"HOSPITALIZACIÓN QUIRÚRGICA GINECO - OBSTETRICIA ";"30";"30";"50";"80";"6";"186";"0"
"2023";"10";"130106";"LA LIBERTAD";"TRUJILLO";"LAREDO";"GOBIERNO REGIONAL";"II-1";"00005231";"HOSPITAL DISTRITAL LAREDO";"241800";"HOSPITALIZACIÓN DE MEDICINA MEDICINA GENERAL ";"35";"35";"133";"168";"12";"372";"0"
"2023";"10";"130106";"LA LIBERTAD";"TRUJILLO";"LAREDO";"GOBIERNO REGIONAL";"II-1";"00005231";"HOSPITAL DISTRITAL LAREDO";"242500";"HOSPITALIZACIÓN-PEDIATRÍA GENERAL-";"12";"12";"31";"43";"3";"93";"0"
"2023";"09";"021901";"ANCASH";"SIHUAS";"SIHUAS";"GOBIERNO REGIONAL";"II-1";"00001795";"HOSPITAL DE APOYO SIHUAS";"241800";"HOSPITALIZACIÓN DE MEDICINA MEDICINA GENERAL ";"44";"45";"101";"88";"11";"341";"0"
"2023";"09";"021901";"ANCASH";"SIHUAS";"SIHUAS";"GOBIERNO REGIONAL";"II-1";"00001795";"HOSPITAL DE APOYO SIHUAS";"240100";"HOSPITALIZACIÓN QUIRÚRGICA CIRUGÍA GENERAL ";"12";"15";"53";"31";"4";"124";"0"
"2023";"09";"021901";"ANCASH";"SIHUAS";"SIHUAS";"GOBIERNO REGIONAL";"II-1";"00001795";"HOSPITAL DE APOYO SIHUAS";"241500";"HOSPITALIZACIÓN QUIRÚRGICA GINECOLOGÍA  ";"23";"22";"39";"38";"4";"124";"0"
"2023";"09";"021901";"ANCASH";"SIHUAS";"SIHUAS";"GOBIERNO REGIONAL";"II-1";"00001795";"HOSPITAL DE APOYO SIHUAS";"241600";"HOSPITALIZACIÓN QUIRÚRGICA OBSTETRICIA   ";"11";"11";"23";"55";"4";"124";"0"
"2023";"10";"021901";"ANCASH";"SIHUAS";"SIHUAS";"GOBIERNO REGIONAL";"II-1";"00001795";"HOSPITAL DE APOYO SIHUAS";"241800";"HOSPITALIZACIÓN DE MEDICINA MEDICINA GENERAL ";"44";"45";"101";"88";"11";"341";"0"
"2023";"10";"021901";"ANCASH";"SIHUAS";"SIHUAS";"GOBIERNO REGIONAL";"II-1";"00001795";"HOSPITAL DE APOYO SIHUAS";"240100";"HOSPITALIZACIÓN QUIRÚRGICA CIRUGÍA GENERAL ";"12";"15";"53";"31";"4";"124";"0"
"2023";"10";"021901";"ANCASH";"SIHUAS";"SIHUAS";"GOBIERNO REGIONAL";"II-1";"00001795";"HOSPITAL DE APOYO SIHUAS";"241500";"HOSPITALIZACIÓN QUIRÚRGICA GINECOLOGÍA  ";"23";"22";"39";"38";"4";"124";"0"
"2023";"10";"021901";"ANCASH";"SIHUAS";"SIHUAS";"GOBIERNO REGIONAL";"II-1";"00001795";"HOSPITAL DE APOYO SIHUAS";"241600";"HOSPITALIZACIÓN QUIRÚRGICA OBSTETRICIA   ";"11";"11";"23";"55";"4";"124";"0"
"2023";"10";"150101";"LIMA";"LIMA";"LIMA";"MINSA";"III-E";"00006215";"HOSPITAL NACIONAL DOCENTE MADRE NIÑO SAN BARTOLOME";"240100";"HOSPITALIZACIÓN QUIRÚRGICA CIRUGÍA GENERAL ";"56";"61";"362";"620";"29";"903";"0"
"2023";"10";"150101";"LIMA";"LIMA";"LIMA";"MINSA";"III-E";"00006215";"HOSPITAL NACIONAL DOCENTE MADRE NIÑO SAN BARTOLOME";"241400";"HOSPITALIZACIÓN QUIRÚRGICA GINECO - OBSTETRICIA ";"69";"1";"2";"147";"5";"156";"0"
"2023";"10";"150101";"LIMA";"LIMA";"LIMA";"MINSA";"III-E";"00006215";"HOSPITAL NACIONAL DOCENTE MADRE NIÑO SAN BARTOLOME";"241500";"HOSPITALIZACIÓN QUIRÚRGICA GINECOLOGÍA  ";"91";"121";"437";"391";"17";"527";"0"
"2023";"10";"150101";"LIMA";"LIMA";"LIMA";"MINSA";"III-E";"00006215";"HOSPITAL NACIONAL DOCENTE MADRE NIÑO SAN BARTOLOME";"241600";"HOSPITALIZACIÓN QUIRÚRGICA OBSTETRICIA   ";"401";"446";"1792";"1731";"70";"2175";"0"
"2023";"10";"150101";"LIMA";"LIMA";"LIMA";"MINSA";"III-E";"00006215";"HOSPITAL NACIONAL DOCENTE MADRE NIÑO SAN BARTOLOME";"242100";"HOSPITALIZACIÓN DE MEDICINA ONCOLOGÍA MÉDICA ";"29";"36";"119";"102";"4";"124";"0"
"2023";"10";"150101";"LIMA";"LIMA";"LIMA";"MINSA";"III-E";"00006215";"HOSPITAL NACIONAL DOCENTE MADRE NIÑO SAN BARTOLOME";"242500";"HOSPITALIZACIÓN-PEDIATRÍA GENERAL-";"59";"64";"364";"818";"28";"881";"0"
"2023";"10";"150101";"LIMA";"LIMA";"LIMA";"MINSA";"III-E";"00006215";"HOSPITAL NACIONAL DOCENTE MADRE NIÑO SAN BARTOLOME";"243200";"HOSPITALIZACIÓN DE PEDIATRÍA PEDIATRIA NEONATOLOGÍA";"96";"103";"650";"568";"19";"590";"0"
"2023";"10";"150101";"LIMA";"LIMA";"LIMA";"MINSA";"III-E";"00006215";"HOSPITAL NACIONAL DOCENTE MADRE NIÑO SAN BARTOLOME";"250105";"UNIDAD DE CUIDADOS CRITICOS UNIDAD  DE CUIDADOS INTENSIVOS  (UCI) NEONATOLOGÍA";"7";"3";"6";"332";"12";"372";"3"
"2023";"10";"150101";"LIMA";"LIMA";"LIMA";"MINSA";"III-E";"00006215";"HOSPITAL NACIONAL DOCENTE MADRE NIÑO SAN BARTOLOME";"250108";"UNIDAD DE CUIDADOS CRITICOS UNIDAD  DE CUIDADOS INTENSIVOS  (UCI) PEDIÁTRICA";"6";"2";"15";"211";"7";"216";"1"
"2023";"10";"150133";"LIMA";"LIMA";"SAN JUAN DE MIRAFLORES";"ESSALUD";"I-3";"00013012";"CENTRO DE ATENCIÓN PRIMARIA III SAN JUAN DE MIRAFLORES";"NE_0001";"";"NE_0001";"NE_0001";"NE_0001";"NE_0001";"NE_0001";"NE_0001";"NE_0001"
"2023";"10";"100502";"HUANUCO";"HUAMALIES";"ARANCAY";"GOBIERNO REGIONAL";"I-2";"00000905";"ARANCAY";"NE_0001";"";"NE_0001";"NE_0001";"NE_0001";"NE_0001";"NE_0001";"NE_0001";"NE_0001"
"2023";"10";"100502";"HUANUCO";"HUAMALIES";"ARANCAY";"GOBIERNO REGIONAL";"0";"00025485";"AISPED TAZO CHICO -  ARANCAY";"NE_0001";"";"NE_0001";"NE_0001";"NE_0001";"NE_0001";"NE_0001";"NE_0001";"NE_0001"
"2023";"11";"050501";"AYACUCHO";"LA MAR";"SAN MIGUEL";"GOBIERNO REGIONAL";"II-E";"00003792";"HOSPITAL DE APOYO  SAN MIGUEL";"240100";"HOSPITALIZACIÓN QUIRÚRGICA CIRUGÍA GENERAL ";"9";"9";"21";"5";"5";"150";"1"
"2023";"11";"050501";"AYACUCHO";"LA MAR";"SAN MIGUEL";"GOBIERNO REGIONAL";"II-E";"00003792";"HOSPITAL DE APOYO  SAN MIGUEL";"241500";"HOSPITALIZACIÓN QUIRÚRGICA GINECOLOGÍA  ";"7";"7";"18";"3";"5";"150";"0"
"2023";"11";"050501";"AYACUCHO";"LA MAR";"SAN MIGUEL";"GOBIERNO REGIONAL";"II-E";"00003792";"HOSPITAL DE APOYO  SAN MIGUEL";"241600";"HOSPITALIZACIÓN QUIRÚRGICA OBSTETRICIA   ";"23";"23";"45";"8";"5";"150";"0"
"2023";"11";"050501";"AYACUCHO";"LA MAR";"SAN MIGUEL";"GOBIERNO REGIONAL";"II-E";"00003792";"HOSPITAL DE APOYO  SAN MIGUEL";"241800";"HOSPITALIZACIÓN DE MEDICINA MEDICINA GENERAL ";"8";"11";"60";"9";"5";"150";"1"
"2023";"11";"050501";"AYACUCHO";"LA MAR";"SAN MIGUEL";"GOBIERNO REGIONAL";"II-E";"00003792";"HOSPITAL DE APOYO  SAN MIGUEL";"242500";"HOSPITALIZACIÓN-PEDIATRÍA GENERAL-";"1";"1";"1";"1";"5";"150";"0"
"2023";"11";"140101";"LAMBAYEQUE";"CHICLAYO";"CHICLAYO";"PRIVADO";"I-3";"00008229";"SERVIMEDICOS S.A.C.";"NE_0001";"";"NE_0001";"NE_0001";"NE_0001";"NE_0001";"NE_0001";"NE_0001";"NE_0001"
"2023";"11";"170101";"MADRE DE DIOS";"TAMBOPATA";"TAMBOPATA";"ESSALUD";"II-1";"00009319";"HOSPITAL I VICTOR ALFREDO LAZO PERALTA";"241800";"HOSPITALIZACIÓN DE MEDICINA MEDICINA GENERAL ";"45";"51";"307";"307";"22";"660";"3"
"2023";"11";"170101";"MADRE DE DIOS";"TAMBOPATA";"TAMBOPATA";"ESSALUD";"II-1";"00009319";"HOSPITAL I VICTOR ALFREDO LAZO PERALTA";"240100";"HOSPITALIZACIÓN QUIRÚRGICA CIRUGÍA GENERAL ";"51";"53";"179";"175";"10";"300";"1"
"2023";"11";"170101";"MADRE DE DIOS";"TAMBOPATA";"TAMBOPATA";"ESSALUD";"II-1";"00009319";"HOSPITAL I VICTOR ALFREDO LAZO PERALTA";"241400";"HOSPITALIZACIÓN QUIRÚRGICA GINECO - OBSTETRICIA ";"61";"60";"127";"126";"10";"300";"0"
"2023";"11";"170101";"MADRE DE DIOS";"TAMBOPATA";"TAMBOPATA";"ESSALUD";"II-1";"00009319";"HOSPITAL I VICTOR ALFREDO LAZO PERALTA";"242300";"HOSPITALIZACIÓN DE PEDIATRÍA  PEDIATRÍA  GENERAL ";"17";"17";"54";"54";"4";"120";"0"
"2023";"11";"150140";"LIMA";"LIMA";"SANTIAGO DE SURCO";"PRIVADO";"II-E";"00013900";"OFTALMOSALUD";"NE_0001";"";"NE_0001";"NE_0001";"NE_0001";"NE_0001";"NE_0001";"NE_0001";"NE_0001"
"2023";"11";"180101";"MOQUEGUA";"MARISCAL NIETO";"MOQUEGUA";"SANIDAD DEL EJERCITO DEL PERU";"I-2";"00031941";"CENTRO DE SALUD MILITAR DE LA 3RA BRIG BLIN";"NE_0001";"";"NE_0001";"NE_0001";"NE_0001";"NE_0001";"NE_0001";"NE_0001";"NE_0001"
"2023";"10";"150117";"LIMA";"LIMA";"LOS OLIVOS";"PRIVADO";"II-E";"00023151";"CLINICA CORI";"240000";"HOSPITALIZACIÓN";"45";"43";"52";"69";"14";"364";"0"
"2023";"10";"080901";"CUSCO";"LA CONVENCION";"SANTA ANA";"SANIDAD DE LA POLICIA NACIONAL DEL PERU";"I-2";"00011744";"POSTA MEDICO POLICIAL LA CONVENCION - QUILLABAMBA";"NE_0001";"";"NE_0001";"NE_0001";"NE_0001";"NE_0001";"NE_0001";"NE_0001";"NE_0001"
"2023";"07";"240101";"TUMBES";"TUMBES";"TUMBES";"ESSALUD";"II-1";"00012272";"CARLOS ALBERTO CORTEZ JIMENEZ";"243200";"HOSPITALIZACIÓN DE PEDIATRÍA PEDIATRIA NEONATOLOGÍA";"66";"62";"107";"107";"4";"124";"0"
"2023";"07";"240101";"TUMBES";"TUMBES";"TUMBES";"ESSALUD";"II-1";"00012272";"CARLOS ALBERTO CORTEZ JIMENEZ";"241600";"HOSPITALIZACIÓN QUIRÚRGICA OBSTETRICIA   ";"98";"93";"169";"169";"10";"310";"0"
"2023";"07";"240101";"TUMBES";"TUMBES";"TUMBES";"ESSALUD";"II-1";"00012272";"CARLOS ALBERTO CORTEZ JIMENEZ";"242300";"HOSPITALIZACIÓN DE PEDIATRÍA  PEDIATRÍA  GENERAL ";"25";"24";"170";"102";"8";"248";"0"
"2023";"10";"100403";"HUANUCO";"HUACAYBAMBA";"COCHABAMBA";"GOBIERNO REGIONAL";"I-1";"00000882";"SANTA ANA PIRUSHTO";"NE_0001";"";"NE_0001";"NE_0001";"NE_0001";"NE_0001";"NE_0001";"NE_0001";"NE_0001"
"2023";"10";"100403";"HUANUCO";"HUACAYBAMBA";"COCHABAMBA";"GOBIERNO REGIONAL";"I-1";"00000879";"COCHABAMBA";"NE_0001";"";"NE_0001";"NE_0001";"NE_0001";"NE_0001";"NE_0001";"NE_0001";"NE_0001"
"2023";"10";"080910";"CUSCO";"LA CONVENCION";"PICHARI";"GOBIERNO REGIONAL";"I-2";"00007114";"QUISTO CENTRAL";"NE_0001";"";"NE_0001";"NE_0001";"NE_0001";"NE_0001";"NE_0001";"NE_0001";"NE_0001"
"2023";"10";"080910";"CUSCO";"LA CONVENCION";"PICHARI";"GOBIERNO REGIONAL";"I-1";"00015170";"PICHARI BAJA";"NE_0001";"";"NE_0001";"NE_0001";"NE_0001";"NE_0001";"NE_0001";"NE_0001";"NE_0001"
"2023";"09";"080701";"CUSCO";"CHUMBIVILCAS";"SANTO TOMAS";"GOBIERNO REGIONAL";"II-1";"00002398";"SANTO TOMAS";"240100";"HOSPITALIZACIÓN QUIRÚRGICA CIRUGÍA GENERAL ";"41";"40";"149";"117";"6";"180";"0"
"2023";"09";"080701";"CUSCO";"CHUMBIVILCAS";"SANTO TOMAS";"GOBIERNO REGIONAL";"II-1";"00002398";"SANTO TOMAS";"241400";"HOSPITALIZACIÓN QUIRÚRGICA GINECO - OBSTETRICIA ";"39";"38";"98";"114";"4";"120";"0"
"2023";"09";"080701";"CUSCO";"CHUMBIVILCAS";"SANTO TOMAS";"GOBIERNO REGIONAL";"II-1";"00002398";"SANTO TOMAS";"241600";"HOSPITALIZACIÓN QUIRÚRGICA OBSTETRICIA   ";"45";"45";"73";"83";"7";"210";"0"
"2023";"09";"080701";"CUSCO";"CHUMBIVILCAS";"SANTO TOMAS";"GOBIERNO REGIONAL";"II-1";"00002398";"SANTO TOMAS";"241800";"HOSPITALIZACIÓN DE MEDICINA MEDICINA GENERAL ";"21";"20";"72";"118";"6";"180";"0"
"2023";"09";"080701";"CUSCO";"CHUMBIVILCAS";"SANTO TOMAS";"GOBIERNO REGIONAL";"II-1";"00002398";"SANTO TOMAS";"242500";"HOSPITALIZACIÓN-PEDIATRÍA GENERAL-";"2";"2";"10";"50";"4";"120";"0"
"2023";"09";"080701";"CUSCO";"CHUMBIVILCAS";"SANTO TOMAS";"GOBIERNO REGIONAL";"II-1";"00002398";"SANTO TOMAS";"243200";"HOSPITALIZACIÓN DE PEDIATRÍA PEDIATRIA NEONATOLOGÍA";"8";"8";"34";"27";"3";"90";"0"
"2023";"10";"150103";"LIMA";"LIMA";"ATE";"SANIDAD DE LA POLICIA NACIONAL DEL PERU";"I-3";"00012275";"POLICLINICO PNP DINOES";"NE_0001";"";"NE_0001";"NE_0001";"NE_0001";"NE_0001";"NE_0001";"NE_0001";"NE_0001"
"2023";"10";"080706";"CUSCO";"CHUMBIVILCAS";"LLUSCO";"GOBIERNO REGIONAL";"I-1";"00006985";"TOTORAPALLCA";"NE_0001";"";"NE_0001";"NE_0001";"NE_0001";"NE_0001";"NE_0001";"NE_0001";"NE_0001"
"2023";"10";"080910";"CUSCO";"LA CONVENCION";"PICHARI";"GOBIERNO REGIONAL";"I-2";"00002496";"OMAYA";"NE_0001";"";"NE_0001";"NE_0001";"NE_0001";"NE_0001";"NE_0001";"NE_0001";"NE_0001"
"2023";"10";"050116";"AYACUCHO";"HUAMANGA";"ANDRES AVELINO CACERES D.";"GOBIERNO REGIONAL";"I-3";"00003603";"CENTRO DE SALUD CONCHOPATA";"241600";"HOSPITALIZACIÓN QUIRÚRGICA OBSTETRICIA   ";"3";"3";"6";"2";"2";"3";"0"
"2023";"10";"050116";"AYACUCHO";"HUAMANGA";"ANDRES AVELINO CACERES D.";"GOBIERNO REGIONAL";"I-1";"00011362";"PUESTO DE SALUD YANAMILLA";"NE_0001";"";"NE_0001";"NE_0001";"NE_0001";"NE_0001";"NE_0001";"NE_0001";"NE_0001"
"2023";"10";"050116";"AYACUCHO";"HUAMANGA";"ANDRES AVELINO CACERES D.";"GOBIERNO REGIONAL";"I-3";"00003602";"CENTRO DE SALUD SANTA ELENA";"241600";"HOSPITALIZACIÓN QUIRÚRGICA OBSTETRICIA   ";"6";"6";"12";"2";"4";"6";"0"
"2023";"10";"050113";"AYACUCHO";"HUAMANGA";"TAMBILLO";"GOBIERNO REGIONAL";"I-1";"00003604";"PUESTO DE SALUD HUAYHUACONDO";"NE_0001";"";"NE_0001";"NE_0001";"NE_0001";"NE_0001";"NE_0001";"NE_0001";"NE_0001"
"2023";"10";"050113";"AYACUCHO";"HUAMANGA";"TAMBILLO";"GOBIERNO REGIONAL";"I-2";"00003549";"TAMBILLO";"NE_0001";"";"NE_0001";"NE_0001";"NE_0001";"NE_0001";"NE_0001";"NE_0001";"NE_0001"
"2023";"11";"060101";"CAJAMARCA";"CAJAMARCA";"CAJAMARCA";"SANIDAD DE LA POLICIA NACIONAL DEL PERU";"I-3";"00009296";"POLICLINICO PNP CAJAMARCA";"NE_0002";"";"NE_0002";"NE_0002";"NE_0002";"NE_0002";"NE_0002";"NE_0002";"NE_0002"
"2023";"11";"050401";"AYACUCHO";"HUANTA";"HUANTA";"SANIDAD DE LA POLICIA NACIONAL DEL PERU";"I-2";"00011437";"POSTA MEDICA PNP HUANTA";"NE_0001";"";"NE_0001";"NE_0001";"NE_0001";"NE_0001";"NE_0001";"NE_0001";"NE_0001"
"2023";"11";"150125";"LIMA";"LIMA";"PUENTE PIEDRA";"SANIDAD DE LA POLICIA NACIONAL DEL PERU";"I-2";"00012923";"POSTA MEDICA POLICIAL ETS  ESCUELA PUENTE PIEDRA";"NE_0002";"";"NE_0002";"NE_0002";"NE_0002";"NE_0002";"NE_0002";"NE_0002";"NE_0002"
"2023";"11";"160101";"LORETO";"MAYNAS";"IQUITOS";"ESSALUD";"I-3";"00011408";"CAP III IQUITOS";"NE_0001";"";"NE_0001";"NE_0001";"NE_0001";"NE_0001";"NE_0001";"NE_0001";"NE_0001"
"2023";"11";"010101";"AMAZONAS";"CHACHAPOYAS";"CHACHAPOYAS";"SANIDAD DE LA POLICIA NACIONAL DEL PERU";"I-3";"00026723";"POLICLINICO POLICIAL CHACHAPOYAS";"NE_0001";"";"NE_0001";"NE_0001";"NE_0001";"NE_0001";"NE_0001";"NE_0001";"NE_0001"
"2023";"08";"070102";"CALLAO";"CALLAO";"BELLAVISTA";"PRIVADO";"I-2";"00023578";"CONSULTORIO MEDICO NUTRIMEDIC";"NE_0002";"";"NE_0002";"NE_0002";"NE_0002";"NE_0002";"NE_0002";"NE_0002";"NE_0002"
"2023";"09";"070102";"CALLAO";"CALLAO";"BELLAVISTA";"PRIVADO";"I-2";"00023578";"CONSULTORIO MEDICO NUTRIMEDIC";"NE_0002";"";"NE_0002";"NE_0002";"NE_0002";"NE_0002";"NE_0002";"NE_0002";"NE_0002"
"2023";"11";"090118";"HUANCAVELICA";"HUANCAVELICA";"ASCENSION";"ESSALUD";"II-1";"00009132";"HOSPITAL II HUANCAVELICA";"241800";"HOSPITALIZACIÓN DE MEDICINA MEDICINA GENERAL ";"41";"41";"188";"304";"11";"330";"1"
"2023";"11";"090118";"HUANCAVELICA";"HUANCAVELICA";"ASCENSION";"ESSALUD";"II-1";"00009132";"HOSPITAL II HUANCAVELICA";"240100";"HOSPITALIZACIÓN QUIRÚRGICA CIRUGÍA GENERAL ";"46";"46";"184";"184";"8";"240";"0"
"2023";"11";"090118";"HUANCAVELICA";"HUANCAVELICA";"ASCENSION";"ESSALUD";"II-1";"00009132";"HOSPITAL II HUANCAVELICA";"241200";"HOSPITALIZACIÓN QUIRÚRGICA TRAUMATOLOGÍA Y ORTOPEDIA ";"8";"8";"25";"25";"2";"60";"0"
"2023";"11";"090118";"HUANCAVELICA";"HUANCAVELICA";"ASCENSION";"ESSALUD";"II-1";"00009132";"HOSPITAL II HUANCAVELICA";"241400";"HOSPITALIZACIÓN QUIRÚRGICA GINECO - OBSTETRICIA ";"11";"10";"31";"37";"3";"90";"0"
"2023";"11";"090118";"HUANCAVELICA";"HUANCAVELICA";"ASCENSION";"ESSALUD";"II-1";"00009132";"HOSPITAL II HUANCAVELICA";"241600";"HOSPITALIZACIÓN QUIRÚRGICA OBSTETRICIA   ";"43";"46";"117";"178";"6";"180";"0"
"2023";"11";"090118";"HUANCAVELICA";"HUANCAVELICA";"ASCENSION";"ESSALUD";"II-1";"00009132";"HOSPITAL II HUANCAVELICA";"242300";"HOSPITALIZACIÓN DE PEDIATRÍA  PEDIATRÍA  GENERAL ";"37";"36";"116";"129";"5";"150";"0"
"2023";"11";"090118";"HUANCAVELICA";"HUANCAVELICA";"ASCENSION";"ESSALUD";"II-1";"00009132";"HOSPITAL II HUANCAVELICA";"250300";"UNIDAD DE CUIDADOS CRITICOS UNIDAD DE VIGILANCIA INTENSIVA  CLINICA (UVIC) ";"14";"13";"14";"17";"2";"60";"1"
"2023";"11";"130101";"LA LIBERTAD";"TRUJILLO";"TRUJILLO";"PRIVADO";"II-E";"00025536";"OFTALMONORTE";"NE_0001";"";"NE_0001";"NE_0001";"NE_0001";"NE_0001";"NE_0001";"NE_0001";"NE_0001"
"2023";"11";"021601";"ANCASH";"POMABAMBA";"POMABAMBA";"GOBIERNO REGIONAL";"I-1";"00001767";"PUESTO DE SALUD CHUYAS";"NE_0002";"";"NE_0002";"NE_0002";"NE_0002";"NE_0002";"NE_0002";"NE_0002";"NE_0002"
"2023";"11";"021602";"ANCASH";"POMABAMBA";"HUAYLLAN";"GOBIERNO REGIONAL";"I-1";"00001773";"PUESTO DE SALUD ACOBAMBA";"NE_0002";"";"NE_0002";"NE_0002";"NE_0002";"NE_0002";"NE_0002";"NE_0002";"NE_0002"
"2023";"11";"021601";"ANCASH";"POMABAMBA";"POMABAMBA";"GOBIERNO REGIONAL";"I-2";"00001769";"PUESTO DE SALUD CONOPA";"NE_0002";"";"NE_0002";"NE_0002";"NE_0002";"NE_0002";"NE_0002";"NE_0002";"NE_0002"
"2023";"11";"021601";"ANCASH";"POMABAMBA";"POMABAMBA";"GOBIERNO REGIONAL";"I-1";"00001770";"PUESTO DE SALUD JANCAPAMPA";"NE_0002";"";"NE_0002";"NE_0002";"NE_0002";"NE_0002";"NE_0002";"NE_0002";"NE_0002"
"2023";"11";"220601";"SAN MARTIN";"MARISCAL CACERES";"JUANJUI";"ESSALUD";"I-4";"00016481";"HOSPITAL I JUANJUI - ESSALUD";"241800";"HOSPITALIZACIÓN DE MEDICINA MEDICINA GENERAL ";"66";"64";"259";"195";"8";"24";"1"
"2023";"11";"220101";"SAN MARTIN";"MOYOBAMBA";"MOYOBAMBA";"GOBIERNO REGIONAL";"II-1";"00006733";"HOSPITAL II-1 MOYOBAMBA - DR. SEGUNDO RODOLFO PÉREZ NIETO";"250105";"UNIDAD DE CUIDADOS CRITICOS UNIDAD  DE CUIDADOS INTENSIVOS  (UCI) NEONATOLOGÍA";"1";"6";"66";"66";"3";"90";"1"
"2023";"11";"220101";"SAN MARTIN";"MOYOBAMBA";"MOYOBAMBA";"GOBIERNO REGIONAL";"II-1";"00006733";"HOSPITAL II-1 MOYOBAMBA - DR. SEGUNDO RODOLFO PÉREZ NIETO";"250106";"UNIDAD DE CUIDADOS CRITICOS UNIDAD  DE CUIDADOS INTENSIVOS  (UCI) NEUROLÓGICA";"1";"3";"101";"101";"5";"150";"0"
"2023";"11";"220101";"SAN MARTIN";"MOYOBAMBA";"MOYOBAMBA";"GOBIERNO REGIONAL";"II-1";"00006733";"HOSPITAL II-1 MOYOBAMBA - DR. SEGUNDO RODOLFO PÉREZ NIETO";"250108";"UNIDAD DE CUIDADOS CRITICOS UNIDAD  DE CUIDADOS INTENSIVOS  (UCI) PEDIÁTRICA";"3";"4";"12";"12";"1";"30";"1"
"2023";"11";"130111";"LA LIBERTAD";"TRUJILLO";"VICTOR LARCO HERRERA";"PRIVADO";"II-1";"00026935";"CLÍNICA FÁTIMA";"240100";"HOSPITALIZACIÓN QUIRÚRGICA CIRUGÍA GENERAL ";"94";"90";"135";"176";"6";"180";"0"
"2023";"11";"130111";"LA LIBERTAD";"TRUJILLO";"VICTOR LARCO HERRERA";"PRIVADO";"II-1";"00026935";"CLÍNICA FÁTIMA";"241400";"HOSPITALIZACIÓN QUIRÚRGICA GINECO - OBSTETRICIA ";"23";"23";"27";"27";"5";"156";"0"
"2023";"11";"130111";"LA LIBERTAD";"TRUJILLO";"VICTOR LARCO HERRERA";"PRIVADO";"II-1";"00026935";"CLÍNICA FÁTIMA";"241800";"HOSPITALIZACIÓN DE MEDICINA MEDICINA GENERAL ";"12";"11";"14";"41";"4";"120";"0"
"2023";"11";"150110";"LIMA";"LIMA";"COMAS";"ESSALUD";"II-1";"00027565";"Hospital I Marino Molina Scippa - EsSalud";"241800";"HOSPITALIZACIÓN DE MEDICINA MEDICINA GENERAL ";"120";"124";"1185";"1022";"37";"1110";"4"
"2023";"11";"150110";"LIMA";"LIMA";"COMAS";"ESSALUD";"II-1";"00027565";"Hospital I Marino Molina Scippa - EsSalud";"240100";"HOSPITALIZACIÓN QUIRÚRGICA CIRUGÍA GENERAL ";"187";"187";"567";"530";"19";"570";"0"
"2023";"11";"150110";"LIMA";"LIMA";"COMAS";"ESSALUD";"II-1";"00027565";"Hospital I Marino Molina Scippa - EsSalud";"241600";"HOSPITALIZACIÓN QUIRÚRGICA OBSTETRICIA   ";"242";"230";"599";"604";"28";"840";"0"
"2023";"11";"150110";"LIMA";"LIMA";"COMAS";"ESSALUD";"II-1";"00027565";"Hospital I Marino Molina Scippa - EsSalud";"241500";"HOSPITALIZACIÓN QUIRÚRGICA GINECOLOGÍA  ";"20";"19";"77";"86";"3";"90";"0"
"2023";"11";"150110";"LIMA";"LIMA";"COMAS";"ESSALUD";"II-1";"00027565";"Hospital I Marino Molina Scippa - EsSalud";"242300";"HOSPITALIZACIÓN DE PEDIATRÍA  PEDIATRÍA  GENERAL ";"60";"65";"288";"271";"14";"420";"0"
"2023";"11";"150110";"LIMA";"LIMA";"COMAS";"ESSALUD";"II-1";"00027565";"Hospital I Marino Molina Scippa - EsSalud";"243200";"HOSPITALIZACIÓN DE PEDIATRÍA PEDIATRIA NEONATOLOGÍA";"32";"33";"81";"80";"7";"210";"0"
"2023";"11";"020101";"ANCASH";"HUARAZ";"HUARAZ";"GOBIERNO REGIONAL";"II-2";"00001543";"HOSPITAL ""VICTOR RAMOS GUARDIA"" - HUARAZ";"244000";"HOSPITALIZACIÓN DE MEDICINA CARDIOLOGIA ";"4";"5";"43";"52";"2";"60";"1"
"2023";"11";"020101";"ANCASH";"HUARAZ";"HUARAZ";"GOBIERNO REGIONAL";"II-2";"00001543";"HOSPITAL ""VICTOR RAMOS GUARDIA"" - HUARAZ";"244300";"HOSPITALIZACIÓN DE MEDICINA GASTROENTEROLOGÍA  ";"23";"25";"97";"100";"6";"180";"1"
"2023";"11";"020101";"ANCASH";"HUARAZ";"HUARAZ";"GOBIERNO REGIONAL";"II-2";"00001543";"HOSPITAL ""VICTOR RAMOS GUARDIA"" - HUARAZ";"241800";"HOSPITALIZACIÓN DE MEDICINA MEDICINA GENERAL ";"26";"38";"281";"238";"9";"270";"5"
"2023";"11";"020101";"ANCASH";"HUARAZ";"HUARAZ";"GOBIERNO REGIONAL";"II-2";"00001543";"HOSPITAL ""VICTOR RAMOS GUARDIA"" - HUARAZ";"245300";"HOSPITALIZACIÓN DE MEDICINA NEUMOLOGÍA  ";"23";"31";"298";"241";"9";"270";"7"
"2023";"11";"020101";"ANCASH";"HUARAZ";"HUARAZ";"GOBIERNO REGIONAL";"II-2";"00001543";"HOSPITAL ""VICTOR RAMOS GUARDIA"" - HUARAZ";"244700";"HOSPITALIZACIÓN DE MEDICINA NEUROLOGIA  ";"7";"8";"65";"61";"3";"90";"0"
"2023";"11";"020101";"ANCASH";"HUARAZ";"HUARAZ";"GOBIERNO REGIONAL";"II-2";"00001543";"HOSPITAL ""VICTOR RAMOS GUARDIA"" - HUARAZ";"242200";"HOSPITALIZACIÓN DE MEDICINA PSIQUIATRÍA ";"4";"8";"207";"152";"10";"300";"0"
"2023";"11";"020101";"ANCASH";"HUARAZ";"HUARAZ";"GOBIERNO REGIONAL";"II-2";"00001543";"HOSPITAL ""VICTOR RAMOS GUARDIA"" - HUARAZ";"240100";"HOSPITALIZACIÓN QUIRÚRGICA CIRUGÍA GENERAL ";"115";"135";"612";"449";"18";"540";"0"
"2023";"11";"020101";"ANCASH";"HUARAZ";"HUARAZ";"GOBIERNO REGIONAL";"II-2";"00001543";"HOSPITAL ""VICTOR RAMOS GUARDIA"" - HUARAZ";"240900";"HOSPITALIZACIÓN QUIRÚRGICA NEUROCIRUGÍA ";"9";"15";"215";"159";"6";"180";"0"
"2023";"11";"020101";"ANCASH";"HUARAZ";"HUARAZ";"GOBIERNO REGIONAL";"II-2";"00001543";"HOSPITAL ""VICTOR RAMOS GUARDIA"" - HUARAZ";"241200";"HOSPITALIZACIÓN QUIRÚRGICA TRAUMATOLOGÍA Y ORTOPEDIA ";"27";"43";"676";"554";"20";"600";"1"
"2023";"11";"020101";"ANCASH";"HUARAZ";"HUARAZ";"GOBIERNO REGIONAL";"II-2";"00001543";"HOSPITAL ""VICTOR RAMOS GUARDIA"" - HUARAZ";"241300";"HOSPITALIZACIÓN QUIRÚRGICA UROLOGÍA  ";"16";"18";"53";"58";"2";"60";"0"
"2023";"11";"020101";"ANCASH";"HUARAZ";"HUARAZ";"GOBIERNO REGIONAL";"II-2";"00001543";"HOSPITAL ""VICTOR RAMOS GUARDIA"" - HUARAZ";"241100";"HOSPITALIZACIÓN QUIRÚRGICA OTORRINOLARINGOLOGÍA  ";"1";"1";"1";"1";"1";"30";"0"
"2023";"11";"020101";"ANCASH";"HUARAZ";"HUARAZ";"GOBIERNO REGIONAL";"II-2";"00001543";"HOSPITAL ""VICTOR RAMOS GUARDIA"" - HUARAZ";"241500";"HOSPITALIZACIÓN QUIRÚRGICA GINECOLOGÍA  ";"27";"28";"83";"69";"3";"90";"0"
"2023";"11";"020101";"ANCASH";"HUARAZ";"HUARAZ";"GOBIERNO REGIONAL";"II-2";"00001543";"HOSPITAL ""VICTOR RAMOS GUARDIA"" - HUARAZ";"241600";"HOSPITALIZACIÓN QUIRÚRGICA OBSTETRICIA   ";"233";"259";"644";"595";"24";"720";"0"
"2023";"11";"020101";"ANCASH";"HUARAZ";"HUARAZ";"GOBIERNO REGIONAL";"II-2";"00001543";"HOSPITAL ""VICTOR RAMOS GUARDIA"" - HUARAZ";"242500";"HOSPITALIZACIÓN-PEDIATRÍA GENERAL-";"60";"65";"353";"340";"14";"420";"1"
"2023";"11";"020101";"ANCASH";"HUARAZ";"HUARAZ";"GOBIERNO REGIONAL";"II-2";"00001543";"HOSPITAL ""VICTOR RAMOS GUARDIA"" - HUARAZ";"243200";"HOSPITALIZACIÓN DE PEDIATRÍA PEDIATRIA NEONATOLOGÍA";"29";"42";"403";"438";"18";"540";"2"
"2023";"11";"020101";"ANCASH";"HUARAZ";"HUARAZ";"GOBIERNO REGIONAL";"II-2";"00001543";"HOSPITAL ""VICTOR RAMOS GUARDIA"" - HUARAZ";"250000";"UNIDAD DE CUIDADOS CRITICOS  ";"4";"9";"82";"229";"8";"240";"6"
"2023";"11";"040109";"AREQUIPA";"AREQUIPA";"MARIANO MELGAR";"GOBIERNO REGIONAL";"I-4";"00001294";"CENTRO DE SALUD MARIANO MELGAR";"241400";"HOSPITALIZACIÓN QUIRÚRGICA GINECO - OBSTETRICIA ";"11";"11";"13";"11";"3";"150";"0"
"2023";"11";"040109";"AREQUIPA";"AREQUIPA";"MARIANO MELGAR";"GOBIERNO REGIONAL";"I-2";"00001308";"PUESTO DE SALUD ATALAYA";"NE_0001";"";"NE_0001";"NE_0001";"NE_0001";"NE_0001";"NE_0001";"NE_0001";"NE_0001"
"2023";"11";"080708";"CUSCO";"CHUMBIVILCAS";"VELILLE";"GOBIERNO REGIONAL";"I-1";"00025371";"TUNTUMA";"NE_0001";"";"NE_0001";"NE_0001";"NE_0001";"NE_0001";"NE_0001";"NE_0001";"NE_0001"
"2023";"11";"080701";"CUSCO";"CHUMBIVILCAS";"SANTO TOMAS";"GOBIERNO REGIONAL";"I-2";"00002399";"PULPERA";"NE_0001";"";"NE_0001";"NE_0001";"NE_0001";"NE_0001";"NE_0001";"NE_0001";"NE_0001"
"2023";"11";"080708";"CUSCO";"CHUMBIVILCAS";"VELILLE";"GOBIERNO REGIONAL";"I-1";"00008912";"ALCCA VICTORIA";"NE_0001";"";"NE_0001";"NE_0001";"NE_0001";"NE_0001";"NE_0001";"NE_0001";"NE_0001"
"2023";"11";"080708";"CUSCO";"CHUMBIVILCAS";"VELILLE";"GOBIERNO REGIONAL";"I-1";"00027016";"HUAYCUÑUTA - URCURUTA";"NE_0001";"";"NE_0001";"NE_0001";"NE_0001";"NE_0001";"NE_0001";"NE_0001";"NE_0001"
"2023";"11";"140101";"LAMBAYEQUE";"CHICLAYO";"CHICLAYO";"PRIVADO";"II-E";"00011129";"MAX SALUD AVISAL S.A.";"244700";"HOSPITALIZACIÓN DE MEDICINA NEUROLOGIA  ";"1";"1";"3";"2";"1";"30";"0"
"2023";"11";"140101";"LAMBAYEQUE";"CHICLAYO";"CHICLAYO";"PRIVADO";"II-E";"00011129";"MAX SALUD AVISAL S.A.";"243500";"HOSPITALIZACIÓN DE PEDIATRÍA PEDIATRIA OFTALMOLOGÍA PEDIÁTRICA";"7";"7";"57";"52";"5";"155";"0"
"2023";"11";"140101";"LAMBAYEQUE";"CHICLAYO";"CHICLAYO";"PRIVADO";"II-E";"00011129";"MAX SALUD AVISAL S.A.";"242400";"HOSPITALIZACIÓN DE PEDIATRÍA ADOLESCENTES ";"9";"9";"35";"32";"8";"248";"0"
"2023";"11";"140101";"LAMBAYEQUE";"CHICLAYO";"CHICLAYO";"PRIVADO";"II-E";"00011129";"MAX SALUD AVISAL S.A.";"241600";"HOSPITALIZACIÓN QUIRÚRGICA OBSTETRICIA   ";"0";"1";"2";"1";"1";"30";"0"
"2023";"11";"140101";"LAMBAYEQUE";"CHICLAYO";"CHICLAYO";"PRIVADO";"II-E";"00011129";"MAX SALUD AVISAL S.A.";"241500";"HOSPITALIZACIÓN QUIRÚRGICA GINECOLOGÍA  ";"16";"12";"27";"19";"6";"180";"0"
"2023";"11";"140101";"LAMBAYEQUE";"CHICLAYO";"CHICLAYO";"PRIVADO";"II-E";"00011129";"MAX SALUD AVISAL S.A.";"241400";"HOSPITALIZACIÓN QUIRÚRGICA GINECO - OBSTETRICIA ";"4";"4";"7";"3";"4";"124";"0"
"2023";"11";"140101";"LAMBAYEQUE";"CHICLAYO";"CHICLAYO";"PRIVADO";"II-E";"00011129";"MAX SALUD AVISAL S.A.";"241300";"HOSPITALIZACIÓN QUIRÚRGICA UROLOGÍA  ";"6";"6";"11";"8";"5";"150";"0"
"2023";"11";"140101";"LAMBAYEQUE";"CHICLAYO";"CHICLAYO";"PRIVADO";"II-E";"00011129";"MAX SALUD AVISAL S.A.";"241000";"HOSPITALIZACIÓN QUIRÚRGICA ONCOLOGÍA QUIRÚRGICA  ";"1";"1";"2";"1";"1";"30";"0"
"2023";"11";"140101";"LAMBAYEQUE";"CHICLAYO";"CHICLAYO";"PRIVADO";"II-E";"00011129";"MAX SALUD AVISAL S.A.";"240100";"HOSPITALIZACIÓN QUIRÚRGICA CIRUGÍA GENERAL ";"17";"20";"42";"28";"11";"341";"0"
"2023";"11";"060801";"CAJAMARCA";"JAEN";"JAEN";"GOBIERNO REGIONAL";"I-1";"00004215";"CHAMAYA";"NE_0001";"";"NE_0001";"NE_0001";"NE_0001";"NE_0001";"NE_0001";"NE_0001";"NE_0001"
"2023";"11";"060801";"CAJAMARCA";"JAEN";"JAEN";"GOBIERNO REGIONAL";"I-2";"00007168";"MONTEGRANDE";"NE_0001";"";"NE_0001";"NE_0001";"NE_0001";"NE_0001";"NE_0001";"NE_0001";"NE_0001"
"2023";"11";"060801";"CAJAMARCA";"JAEN";"JAEN";"GOBIERNO REGIONAL";"I-1";"00004220";"PALMA CENTRAL";"NE_0001";"";"NE_0001";"NE_0001";"NE_0001";"NE_0001";"NE_0001";"NE_0001";"NE_0001"
"2023";"11";"060801";"CAJAMARCA";"JAEN";"JAEN";"GOBIERNO REGIONAL";"I-4";"00004211";"MORRO SOLAR";"241800";"HOSPITALIZACIÓN DE MEDICINA MEDICINA GENERAL ";"39";"36";"43";"39";"8";"197";"0"
"2023";"11";"060801";"CAJAMARCA";"JAEN";"JAEN";"GOBIERNO REGIONAL";"0";"00031497";"HOGAR PROTEGIDO SEÑOR DE HUAMANTANGA";"NE_0001";"";"NE_0001";"NE_0001";"NE_0001";"NE_0001";"NE_0001";"NE_0001";"NE_0001"
"2023";"11";"130101";"LA LIBERTAD";"TRUJILLO";"TRUJILLO";"PRIVADO";"II-2";"00018404";"CLINICA SAN PABLO TRUJILLO";"250200";"UNIDAD DE CUIDADOS CRITICOS UNIDAD DE CUIDADOS INTERMEDIOS GENERAL  (UCIN) ";"1";"1";"2";"3";"5";"150";"0"
"2023";"11";"130101";"LA LIBERTAD";"TRUJILLO";"TRUJILLO";"PRIVADO";"II-2";"00018404";"CLINICA SAN PABLO TRUJILLO";"240000";"HOSPITALIZACIÓN";"312";"299";"888";"1301";"64";"1920";"1"
"2023";"11";"150130";"LIMA";"LIMA";"SAN BORJA";"PRIVADO";"II-1";"00008258";"REJUVENECIMIENTO Y ESTETICA CABANI SRL";"240800";"HOSPITALIZACIÓN QUIRÚRGICA CIRUGÍA PLÁSTICA/RECONSTRUCTIVA/ REPARADORA ";"37";"37";"42";"78";"6";"180";"0"
"2023";"10";"050601";"AYACUCHO";"LUCANAS";"PUQUIO";"GOBIERNO REGIONAL";"II-1";"00003727";"HOSPITAL DE APOYO DE PUQUIO ""FELIPE HUAMÁN POMA DE AYALA""";"240100";"HOSPITALIZACIÓN QUIRÚRGICA CIRUGÍA GENERAL ";"13";"13";"53";"13";"8";"240";"0"
"2023";"10";"050601";"AYACUCHO";"LUCANAS";"PUQUIO";"GOBIERNO REGIONAL";"II-1";"00003727";"HOSPITAL DE APOYO DE PUQUIO ""FELIPE HUAMÁN POMA DE AYALA""";"241500";"HOSPITALIZACIÓN QUIRÚRGICA GINECOLOGÍA  ";"17";"18";"45";"17";"4";"120";"0"
"2023";"10";"050601";"AYACUCHO";"LUCANAS";"PUQUIO";"GOBIERNO REGIONAL";"II-1";"00003727";"HOSPITAL DE APOYO DE PUQUIO ""FELIPE HUAMÁN POMA DE AYALA""";"241600";"HOSPITALIZACIÓN QUIRÚRGICA OBSTETRICIA   ";"23";"24";"53";"23";"8";"240";"0"
"2023";"10";"050601";"AYACUCHO";"LUCANAS";"PUQUIO";"GOBIERNO REGIONAL";"II-1";"00003727";"HOSPITAL DE APOYO DE PUQUIO ""FELIPE HUAMÁN POMA DE AYALA""";"241800";"HOSPITALIZACIÓN DE MEDICINA MEDICINA GENERAL ";"13";"17";"87";"13";"10";"300";"0"
"2023";"10";"050601";"AYACUCHO";"LUCANAS";"PUQUIO";"GOBIERNO REGIONAL";"II-1";"00003727";"HOSPITAL DE APOYO DE PUQUIO ""FELIPE HUAMÁN POMA DE AYALA""";"242200";"HOSPITALIZACIÓN DE MEDICINA PSIQUIATRÍA ";"10";"12";"92";"10";"2";"60";"0"
"2023";"10";"050601";"AYACUCHO";"LUCANAS";"PUQUIO";"GOBIERNO REGIONAL";"II-1";"00003727";"HOSPITAL DE APOYO DE PUQUIO ""FELIPE HUAMÁN POMA DE AYALA""";"242500";"HOSPITALIZACIÓN-PEDIATRÍA GENERAL-";"12";"13";"40";"12";"11";"330";"0"
"2023";"10";"050601";"AYACUCHO";"LUCANAS";"PUQUIO";"GOBIERNO REGIONAL";"II-1";"00003727";"HOSPITAL DE APOYO DE PUQUIO ""FELIPE HUAMÁN POMA DE AYALA""";"243200";"HOSPITALIZACIÓN DE PEDIATRÍA PEDIATRIA NEONATOLOGÍA";"3";"3";"11";"3";"6";"180";"0"
"2023";"10";"050601";"AYACUCHO";"LUCANAS";"PUQUIO";"GOBIERNO REGIONAL";"II-1";"00003727";"HOSPITAL DE APOYO DE PUQUIO ""FELIPE HUAMÁN POMA DE AYALA""";"250105";"UNIDAD DE CUIDADOS CRITICOS UNIDAD  DE CUIDADOS INTENSIVOS  (UCI) NEONATOLOGÍA";"1";"1";"5";"1";"1";"30";"0"
"2023";"10";"130401";"LA LIBERTAD";"CHEPEN";"CHEPEN";"ESSALUD";"II-1";"00009954";"HOSPITAL I CHEPEN ESSALUD";"241900";"HOSPITALIZACIÓN DE MEDICINA MEDICINA INTERNA ";"39";"36";"165";"151";"4";"124";"4"
"2023";"10";"130401";"LA LIBERTAD";"CHEPEN";"CHEPEN";"ESSALUD";"II-1";"00009954";"HOSPITAL I CHEPEN ESSALUD";"240100";"HOSPITALIZACIÓN QUIRÚRGICA CIRUGÍA GENERAL ";"68";"17";"58";"50";"2";"62";"0"
"2023";"10";"130401";"LA LIBERTAD";"CHEPEN";"CHEPEN";"ESSALUD";"II-1";"00009954";"HOSPITAL I CHEPEN ESSALUD";"241500";"HOSPITALIZACIÓN QUIRÚRGICA GINECOLOGÍA  ";"11";"8";"25";"33";"2";"62";"0"
"2023";"10";"130401";"LA LIBERTAD";"CHEPEN";"CHEPEN";"ESSALUD";"II-1";"00009954";"HOSPITAL I CHEPEN ESSALUD";"242300";"HOSPITALIZACIÓN DE PEDIATRÍA  PEDIATRÍA  GENERAL ";"41";"14";"28";"27";"2";"62";"0"
"2023";"10";"120407";"JUNIN";"JAUJA";"EL MANTARO";"GOBIERNO REGIONAL";"I-1";"00000414";"EL MANTARO";"NE_0001";"";"NE_0001";"NE_0001";"NE_0001";"NE_0001";"NE_0001";"NE_0001";"NE_0001"
"2023";"10";"120403";"JUNIN";"JAUJA";"APATA";"GOBIERNO REGIONAL";"I-1";"00000412";"CHICCHE";"NE_0001";"";"NE_0001";"NE_0001";"NE_0001";"NE_0001";"NE_0001";"NE_0001";"NE_0001"
"2023";"10";"120403";"JUNIN";"JAUJA";"APATA";"GOBIERNO REGIONAL";"I-1";"00000411";"SAN JOSE DE APATA";"NE_0001";"";"NE_0001";"NE_0001";"NE_0001";"NE_0001";"NE_0001";"NE_0001";"NE_0001"
"2023";"10";"120428";"JUNIN";"JAUJA";"SAN LORENZO";"GOBIERNO REGIONAL";"I-1";"00000416";"SAN LORENZO";"NE_0001";"";"NE_0001";"NE_0001";"NE_0001";"NE_0001";"NE_0001";"NE_0001";"NE_0001"
"2023";"10";"120403";"JUNIN";"JAUJA";"APATA";"GOBIERNO REGIONAL";"I-1";"00000410";"NUEVA ESPERANZA";"NE_0001";"";"NE_0001";"NE_0001";"NE_0001";"NE_0001";"NE_0001";"NE_0001";"NE_0001"
"2023";"10";"120408";"JUNIN";"JAUJA";"HUAMALI";"GOBIERNO REGIONAL";"I-2";"00000415";"HUAMALI";"NE_0001";"";"NE_0001";"NE_0001";"NE_0001";"NE_0001";"NE_0001";"NE_0001";"NE_0001"
"2023";"10";"010601";"AMAZONAS";"RODRIGUEZ DE MENDOZA";"SAN NICOLAS";"GOBIERNO REGIONAL";"II-1";"00004950";"MARIA AUXILIADORA";"241600";"HOSPITALIZACIÓN QUIRÚRGICA OBSTETRICIA   ";"21";"21";"44";"44";"5";"155";"0"
"2023";"10";"010601";"AMAZONAS";"RODRIGUEZ DE MENDOZA";"SAN NICOLAS";"GOBIERNO REGIONAL";"II-1";"00004950";"MARIA AUXILIADORA";"241800";"HOSPITALIZACIÓN DE MEDICINA MEDICINA GENERAL ";"30";"30";"94";"94";"10";"310";"0"
"2023";"10";"150120";"LIMA";"LIMA";"MAGDALENA DEL MAR";"PRIVADO";"II-E";"00017703";"OPRECE";"NE_0001";"";"NE_0001";"NE_0001";"NE_0001";"NE_0001";"NE_0001";"NE_0001";"NE_0001"
"2023";"10";"150101";"LIMA";"LIMA";"LIMA";"ESSALUD";"II-2";"00008502";"HOSPITAL DE EMERGENCIAS GRAU";"241900";"HOSPITALIZACIÓN DE MEDICINA MEDICINA INTERNA ";"187";"191";"1695";"1402";"52";"1612";"11"
"2023";"10";"150101";"LIMA";"LIMA";"LIMA";"ESSALUD";"II-2";"00008502";"HOSPITAL DE EMERGENCIAS GRAU";"242000";"HOSPITALIZACIÓN DE MEDICINA MEDICINA TROPICAL E INFECCIOSAS ";"24";"29";"384";"228";"10";"310";"1"
"2023";"10";"150101";"LIMA";"LIMA";"LIMA";"ESSALUD";"II-2";"00008502";"HOSPITAL DE EMERGENCIAS GRAU";"240100";"HOSPITALIZACIÓN QUIRÚRGICA CIRUGÍA GENERAL ";"278";"277";"667";"632";"25";"775";"0"
"2023";"10";"150101";"LIMA";"LIMA";"LIMA";"ESSALUD";"II-2";"00008502";"HOSPITAL DE EMERGENCIAS GRAU";"241200";"HOSPITALIZACIÓN QUIRÚRGICA TRAUMATOLOGÍA Y ORTOPEDIA ";"80";"79";"326";"439";"16";"496";"0"
"2023";"10";"150101";"LIMA";"LIMA";"LIMA";"ESSALUD";"II-2";"00008502";"HOSPITAL DE EMERGENCIAS GRAU";"241300";"HOSPITALIZACIÓN QUIRÚRGICA UROLOGÍA  ";"80";"79";"280";"292";"11";"341";"0"
"2023";"10";"150101";"LIMA";"LIMA";"LIMA";"ESSALUD";"II-2";"00008502";"HOSPITAL DE EMERGENCIAS GRAU";"241400";"HOSPITALIZACIÓN QUIRÚRGICA GINECO - OBSTETRICIA ";"352";"350";"733";"713";"31";"961";"0"
"2023";"10";"150101";"LIMA";"LIMA";"LIMA";"ESSALUD";"II-2";"00008502";"HOSPITAL DE EMERGENCIAS GRAU";"242500";"HOSPITALIZACIÓN-PEDIATRÍA GENERAL-";"120";"119";"294";"293";"11";"341";"0"
"2023";"10";"150101";"LIMA";"LIMA";"LIMA";"ESSALUD";"II-2";"00008502";"HOSPITAL DE EMERGENCIAS GRAU";"243200";"HOSPITALIZACIÓN DE PEDIATRÍA PEDIATRIA NEONATOLOGÍA";"153";"152";"217";"156";"10";"310";"0"
"2023";"10";"150101";"LIMA";"LIMA";"LIMA";"ESSALUD";"II-2";"00008502";"HOSPITAL DE EMERGENCIAS GRAU";"250200";"UNIDAD DE CUIDADOS CRITICOS UNIDAD DE CUIDADOS INTERMEDIOS GENERAL  (UCIN) ";"11";"4";"57";"89";"4";"124";"0"
"2023";"10";"150101";"LIMA";"LIMA";"LIMA";"ESSALUD";"II-2";"00008502";"HOSPITAL DE EMERGENCIAS GRAU";"250100";"UNIDAD DE CUIDADOS CRITICOS UNIDAD  DE CUIDADOS INTENSIVOS GENERALES (UCI) ";"18";"6";"130";"243";"8";"248";"3"
"2023";"10";"150130";"LIMA";"LIMA";"SAN BORJA";"PRIVADO";"II-E";"00017634";"CLINICA ONCOSALUD";"240000";"HOSPITALIZACIÓN";"327";"326";"1949";"2032";"69";"2139";"19"
"2023";"10";"080910";"CUSCO";"LA CONVENCION";"PICHARI";"GOBIERNO REGIONAL";"I-2";"00002498";"PUERTO MAYO";"NE_0001";"";"NE_0001";"NE_0001";"NE_0001";"NE_0001";"NE_0001";"NE_0001";"NE_0001"
"2023";"10";"080910";"CUSCO";"LA CONVENCION";"PICHARI";"GOBIERNO REGIONAL";"I-4";"00002494";"PICHARI";"NE_0001";"";"NE_0001";"NE_0001";"NE_0001";"NE_0001";"NE_0001";"NE_0001";"NE_0001"
"2023";"10";"080910";"CUSCO";"LA CONVENCION";"PICHARI";"GOBIERNO REGIONAL";"I-1";"00002497";"OTARI";"NE_0001";"";"NE_0001";"NE_0001";"NE_0001";"NE_0001";"NE_0001";"NE_0001";"NE_0001"
"2023";"09";"230101";"TACNA";"TACNA";"TACNA";"PRIVADO";"I-4";"00015875";"PROMEDIC";"NE_0002";"";"NE_0002";"NE_0002";"NE_0002";"NE_0002";"NE_0002";"NE_0002";"NE_0002"
"2023";"10";"080805";"CUSCO";"ESPINAR";"PALLPATA";"GOBIERNO REGIONAL";"I-3";"00002416";"PALLPATA";"NE_0001";"";"NE_0001";"NE_0001";"NE_0001";"NE_0001";"NE_0001";"NE_0001";"NE_0001"
"2023";"10";"080803";"CUSCO";"ESPINAR";"COPORAQUE";"GOBIERNO REGIONAL";"I-2";"00002412";"COPORAQUE";"NE_0001";"";"NE_0001";"NE_0001";"NE_0001";"NE_0001";"NE_0001";"NE_0001";"NE_0001"
"2023";"10";"080808";"CUSCO";"ESPINAR";"ALTO PICHIGUA";"GOBIERNO REGIONAL";"I-2";"00002420";"ACCOCUNCA";"NE_0001";"";"NE_0001";"NE_0001";"NE_0001";"NE_0001";"NE_0001";"NE_0001";"NE_0001"
"2023";"10";"080801";"CUSCO";"ESPINAR";"ESPINAR";"GOBIERNO REGIONAL";"I-1";"00006745";"TINTAYA MARQUIRI";"NE_0001";"";"NE_0001";"NE_0001";"NE_0001";"NE_0001";"NE_0001";"NE_0001";"NE_0001"
"2023";"10";"080801";"CUSCO";"ESPINAR";"ESPINAR";"GOBIERNO REGIONAL";"I-4";"00002410";"YAURI";"NE_0001";"";"NE_0001";"NE_0001";"NE_0001";"NE_0001";"NE_0001";"NE_0001";"NE_0001"
"2023";"10";"080806";"CUSCO";"ESPINAR";"PICHIGUA";"GOBIERNO REGIONAL";"I-1";"00002418";"SAN MIGUEL";"NE_0001";"";"NE_0001";"NE_0001";"NE_0001";"NE_0001";"NE_0001";"NE_0001";"NE_0001"
"2023";"10";"080804";"CUSCO";"ESPINAR";"OCORURO";"GOBIERNO REGIONAL";"I-2";"00002415";"OCCORURO";"NE_0001";"";"NE_0001";"NE_0001";"NE_0001";"NE_0001";"NE_0001";"NE_0001";"NE_0001"
"2023";"10";"080806";"CUSCO";"ESPINAR";"PICHIGUA";"GOBIERNO REGIONAL";"I-2";"00002417";"PICHIGUA ESPINAR";"NE_0001";"";"NE_0001";"NE_0001";"NE_0001";"NE_0001";"NE_0001";"NE_0001";"NE_0001"
"2023";"10";"080802";"CUSCO";"ESPINAR";"CONDOROMA";"GOBIERNO REGIONAL";"I-1";"00002411";"CONDOROMA";"NE_0001";"";"NE_0001";"NE_0001";"NE_0001";"NE_0001";"NE_0001";"NE_0001";"NE_0001"
"2023";"11";"150116";"LIMA";"LIMA";"LINCE";"PRIVADO";"II-E";"00015927";"CLINICA DE OJOS D´OPELUCE";"NE_0001";"";"NE_0001";"NE_0001";"NE_0001";"NE_0001";"NE_0001";"NE_0001";"NE_0001"
"2023";"11";"150108";"LIMA";"LIMA";"CHORRILLOS";"PRIVADO";"II-E";"00012220";"CLINICA REAL LOS LAURELES";"NE_0002";"";"NE_0002";"NE_0002";"NE_0002";"NE_0002";"NE_0002";"NE_0002";"NE_0002"
"2023";"11";"150501";"LIMA";"CAÑETE";"SAN VICENTE DE CAÑETE";"PRIVADO";"II-1";"00026070";"CLINICA CORAZON DE JESUS";"240100";"HOSPITALIZACIÓN QUIRÚRGICA CIRUGÍA GENERAL ";"40";"44";"117";"71";"8";"248";"0"
"2023";"11";"150501";"LIMA";"CAÑETE";"SAN VICENTE DE CAÑETE";"PRIVADO";"II-1";"00026070";"CLINICA CORAZON DE JESUS";"241400";"HOSPITALIZACIÓN QUIRÚRGICA GINECO - OBSTETRICIA ";"3";"3";"8";"7";"3";"93";"0"
"2023";"11";"120707";"JUNIN";"TARMA";"PALCAMAYO";"GOBIERNO REGIONAL";"I-1";"00000530";"RICRICAN CAUQUIRAN";"NE_0001";"";"NE_0001";"NE_0001";"NE_0001";"NE_0001";"NE_0001";"NE_0001";"NE_0001"
"2023";"11";"120707";"JUNIN";"TARMA";"PALCAMAYO";"GOBIERNO REGIONAL";"I-1";"00000528";"YANAPUQUIO";"NE_0001";"";"NE_0001";"NE_0001";"NE_0001";"NE_0001";"NE_0001";"NE_0001";"NE_0001"
"2023";"11";"120707";"JUNIN";"TARMA";"PALCAMAYO";"GOBIERNO REGIONAL";"I-3";"00000527";"PALCAMAYO";"NE_0001";"";"NE_0001";"NE_0001";"NE_0001";"NE_0001";"NE_0001";"NE_0001";"NE_0001"
"2023";"11";"120707";"JUNIN";"TARMA";"PALCAMAYO";"GOBIERNO REGIONAL";"I-1";"00000529";"OCHONGA";"NE_0001";"";"NE_0001";"NE_0001";"NE_0001";"NE_0001";"NE_0001";"NE_0001";"NE_0001"
"2023";"11";"120707";"JUNIN";"TARMA";"PALCAMAYO";"GOBIERNO REGIONAL";"I-1";"00000533";"CALCA";"NE_0001";"";"NE_0001";"NE_0001";"NE_0001";"NE_0001";"NE_0001";"NE_0001";"NE_0001"
"2023";"11";"120707";"JUNIN";"TARMA";"PALCAMAYO";"GOBIERNO REGIONAL";"I-1";"00000531";"INCACHACA YANAMACHAY";"NE_0001";"";"NE_0001";"NE_0001";"NE_0001";"NE_0001";"NE_0001";"NE_0001";"NE_0001"
"2023";"11";"120707";"JUNIN";"TARMA";"PALCAMAYO";"GOBIERNO REGIONAL";"I-1";"00000532";"HUAMANIA";"NE_0001";"";"NE_0001";"NE_0001";"NE_0001";"NE_0001";"NE_0001";"NE_0001";"NE_0001"
"2023";"11";"150132";"LIMA";"LIMA";"SAN JUAN DE LURIGANCHO";"PRIVADO";"I-2";"00024750";"ARIE";"NE_0002";"";"NE_0002";"NE_0002";"NE_0002";"NE_0002";"NE_0002";"NE_0002";"NE_0002"
"2023";"11";"051004";"AYACUCHO";"VICTOR FAJARDO";"ASQUIPATA";"GOBIERNO REGIONAL";"I-1";"00003823";"PUESTO DE SALUD MORCOLLA CHICO";"NE_0001";"";"NE_0001";"NE_0001";"NE_0001";"NE_0001";"NE_0001";"NE_0001";"NE_0001"
"2023";"11";"051008";"AYACUCHO";"VICTOR FAJARDO";"HUAMANQUIQUIA";"GOBIERNO REGIONAL";"I-1";"00003833";"PUESTO DE SALUD TINCA";"NE_0001";"";"NE_0001";"NE_0001";"NE_0001";"NE_0001";"NE_0001";"NE_0001";"NE_0001"
"2023";"11";"051007";"AYACUCHO";"VICTOR FAJARDO";"COLCA";"GOBIERNO REGIONAL";"I-1";"00003836";"PUESTO DE SALUD QUILLA";"NE_0001";"";"NE_0001";"NE_0001";"NE_0001";"NE_0001";"NE_0001";"NE_0001";"NE_0001"
"2023";"11";"051009";"AYACUCHO";"VICTOR FAJARDO";"HUANCARAYLLA";"GOBIERNO REGIONAL";"I-1";"00003839";"PUESTO DE SALUD LLUSITA";"NE_0001";"";"NE_0001";"NE_0001";"NE_0001";"NE_0001";"NE_0001";"NE_0001";"NE_0001"
"2023";"11";"051005";"AYACUCHO";"VICTOR FAJARDO";"CANARIA";"GOBIERNO REGIONAL";"I-3";"00003824";"CENTRO DE SALUD CANARIA";"241600";"HOSPITALIZACIÓN QUIRÚRGICA OBSTETRICIA   ";"1";"1";"2";"1";"1";"4";"0"
"2023";"11";"051006";"AYACUCHO";"VICTOR FAJARDO";"CAYARA";"GOBIERNO REGIONAL";"I-2";"00003828";"PUESTO DE SALUD CAYARA";"NE_0001";"";"NE_0001";"NE_0001";"NE_0001";"NE_0001";"NE_0001";"NE_0001";"NE_0001"
"2023";"11";"051007";"AYACUCHO";"VICTOR FAJARDO";"COLCA";"GOBIERNO REGIONAL";"I-1";"00003835";"PUESTO DE SALUD COLCA";"NE_0001";"";"NE_0001";"NE_0001";"NE_0001";"NE_0001";"NE_0001";"NE_0001";"NE_0001"
"2023";"08";"100501";"HUANUCO";"HUAMALIES";"LLATA";"GOBIERNO REGIONAL";"I-2";"00000891";"ISHANCA";"NE_0001";"";"NE_0001";"NE_0001";"NE_0001";"NE_0001";"NE_0001";"NE_0001";"NE_0001"
"2023";"08";"100501";"HUANUCO";"HUAMALIES";"LLATA";"GOBIERNO REGIONAL";"I-2";"00000890";"LIBERTAD";"NE_0001";"";"NE_0001";"NE_0001";"NE_0001";"NE_0001";"NE_0001";"NE_0001";"NE_0001"
"2023";"08";"100501";"HUANUCO";"HUAMALIES";"LLATA";"GOBIERNO REGIONAL";"I-2";"00000889";"EL PORVENIR";"NE_0001";"";"NE_0001";"NE_0001";"NE_0001";"NE_0001";"NE_0001";"NE_0001";"NE_0001"
"2023";"11";"150130";"LIMA";"LIMA";"SAN BORJA";"PRIVADO";"II-E";"00015143";"CLINICA ASTOCONDOR";"240800";"HOSPITALIZACIÓN QUIRÚRGICA CIRUGÍA PLÁSTICA/RECONSTRUCTIVA/ REPARADORA ";"2";"2";"2";"2";"3";"45";"0"
"2023";"11";"040112";"AREQUIPA";"AREQUIPA";"PAUCARPATA";"GOBIERNO REGIONAL";"I-2";"00001317";"CENTRO DE SALUD MIGUEL GRAU  B";"NE_0001";"";"NE_0001";"NE_0001";"NE_0001";"NE_0001";"NE_0001";"NE_0001";"NE_0001"
"2023";"11";"040112";"AREQUIPA";"AREQUIPA";"PAUCARPATA";"GOBIERNO REGIONAL";"I-2";"00001318";"PUESTO DE SALUD MIGUEL GRAU  MODULO C-D";"NE_0001";"";"NE_0001";"NE_0001";"NE_0001";"NE_0001";"NE_0001";"NE_0001";"NE_0001"
"2023";"11";"040112";"AREQUIPA";"AREQUIPA";"PAUCARPATA";"GOBIERNO REGIONAL";"I-3";"00001298";"CENTRO DE SALUD 15 DE AGOSTO";"NE_0001";"";"NE_0001";"NE_0001";"NE_0001";"NE_0001";"NE_0001";"NE_0001";"NE_0001"
"2023";"11";"040112";"AREQUIPA";"AREQUIPA";"PAUCARPATA";"GOBIERNO REGIONAL";"I-2";"00001316";"PUESTO DE SALUD MIGUEL GRAU  MODULO A";"NE_0001";"";"NE_0001";"NE_0001";"NE_0001";"NE_0001";"NE_0001";"NE_0001";"NE_0001"
"2023";"11";"120205";"JUNIN";"CONCEPCION";"COCHAS";"GOBIERNO REGIONAL";"I-2";"00000676";"COCHAS";"NE_0001";"";"NE_0001";"NE_0001";"NE_0001";"NE_0001";"NE_0001";"NE_0001";"NE_0001"
"2023";"11";"120206";"JUNIN";"CONCEPCION";"COMAS";"GOBIERNO REGIONAL";"I-1";"00000684";"RUNATULLO";"NE_0001";"";"NE_0001";"NE_0001";"NE_0001";"NE_0001";"NE_0001";"NE_0001";"NE_0001"
"2023";"11";"120203";"JUNIN";"CONCEPCION";"ANDAMARCA";"GOBIERNO REGIONAL";"I-1";"00019790";"PUNCO";"NE_0001";"";"NE_0001";"NE_0001";"NE_0001";"NE_0001";"NE_0001";"NE_0001";"NE_0001"
"2023";"11";"120135";"JUNIN";"HUANCAYO";"SANTO DOMINGO DE ACOBAMBA";"GOBIERNO REGIONAL";"I-1";"00024428";"POTRERO";"NE_0001";"";"NE_0001";"NE_0001";"NE_0001";"NE_0001";"NE_0001";"NE_0001";"NE_0001"
"2023";"11";"120135";"JUNIN";"HUANCAYO";"SANTO DOMINGO DE ACOBAMBA";"GOBIERNO REGIONAL";"I-3";"00000666";"SANTO DOMINGO DE ACOBAMBA";"NE_0001";"";"NE_0001";"NE_0001";"NE_0001";"NE_0001";"NE_0001";"NE_0001";"NE_0001"
"2023";"11";"120205";"JUNIN";"CONCEPCION";"COCHAS";"GOBIERNO REGIONAL";"I-1";"00000677";"PILCOLLAMA";"NE_0001";"";"NE_0001";"NE_0001";"NE_0001";"NE_0001";"NE_0001";"NE_0001";"NE_0001"
"2023";"11";"120206";"JUNIN";"CONCEPCION";"COMAS";"GOBIERNO REGIONAL";"I-3";"00000678";"COMAS";"NE_0001";"";"NE_0001";"NE_0001";"NE_0001";"NE_0001";"NE_0001";"NE_0001";"NE_0001"
"2023";"11";"120206";"JUNIN";"CONCEPCION";"COMAS";"GOBIERNO REGIONAL";"I-1";"00000682";"TALHUIS";"NE_0001";"";"NE_0001";"NE_0001";"NE_0001";"NE_0001";"NE_0001";"NE_0001";"NE_0001"
"2023";"11";"120209";"JUNIN";"CONCEPCION";"MARISCAL CASTILLA";"GOBIERNO REGIONAL";"I-2";"00000686";"MARISCAL CASTILLA";"NE_0001";"";"NE_0001";"NE_0001";"NE_0001";"NE_0001";"NE_0001";"NE_0001";"NE_0001"
"2023";"11";"120135";"JUNIN";"HUANCAYO";"SANTO DOMINGO DE ACOBAMBA";"GOBIERNO REGIONAL";"I-2";"00000667";"MATICHACRA";"NE_0001";"";"NE_0001";"NE_0001";"NE_0001";"NE_0001";"NE_0001";"NE_0001";"NE_0001"
"2023";"11";"120203";"JUNIN";"CONCEPCION";"ANDAMARCA";"GOBIERNO REGIONAL";"I-2";"00000673";"PUCACOCHA";"NE_0001";"";"NE_0001";"NE_0001";"NE_0001";"NE_0001";"NE_0001";"NE_0001";"NE_0001"
"2023";"09";"220303";"SAN MARTIN";"EL DORADO";"SAN MARTIN";"GOBIERNO REGIONAL";"I-1";"00007391";"CASHNAHUASI";"NE_0001";"";"NE_0001";"NE_0001";"NE_0001";"NE_0001";"NE_0001";"NE_0001";"NE_0001"
"2023";"09";"220303";"SAN MARTIN";"EL DORADO";"SAN MARTIN";"GOBIERNO REGIONAL";"I-1";"00007392";"BUENA VISTA";"NE_0001";"";"NE_0001";"NE_0001";"NE_0001";"NE_0001";"NE_0001";"NE_0001";"NE_0001"
"2023";"09";"220303";"SAN MARTIN";"EL DORADO";"SAN MARTIN";"GOBIERNO REGIONAL";"I-1";"00007644";"PACAYPAMPA";"NE_0001";"";"NE_0001";"NE_0001";"NE_0001";"NE_0001";"NE_0001";"NE_0001";"NE_0001"
"2023";"09";"220305";"SAN MARTIN";"EL DORADO";"SHATOJA";"GOBIERNO REGIONAL";"I-1";"00006493";"SHATOJA";"NE_0001";"";"NE_0001";"NE_0001";"NE_0001";"NE_0001";"NE_0001";"NE_0001";"NE_0001"
"2023";"09";"220303";"SAN MARTIN";"EL DORADO";"SAN MARTIN";"GOBIERNO REGIONAL";"I-4";"00006492";"SAN MARTIN DE ALAO";"241600";"HOSPITALIZACIÓN QUIRÚRGICA OBSTETRICIA   ";"8";"8";"8";"8";"3";"240";"0"
"2023";"09";"220303";"SAN MARTIN";"EL DORADO";"SAN MARTIN";"GOBIERNO REGIONAL";"I-4";"00006492";"SAN MARTIN DE ALAO";"241800";"HOSPITALIZACIÓN DE MEDICINA MEDICINA GENERAL ";"7";"7";"7";"7";"4";"280";"0"
"2023";"09";"220303";"SAN MARTIN";"EL DORADO";"SAN MARTIN";"GOBIERNO REGIONAL";"I-1";"00006494";"SINAMI";"NE_0001";"";"NE_0001";"NE_0001";"NE_0001";"NE_0001";"NE_0001";"NE_0001";"NE_0001"
"2023";"09";"150131";"LIMA";"LIMA";"SAN ISIDRO";"PRIVADO";"II-E";"00016113";"CLINICA ZIEGLER CIRUGIA PLASTICA";"240800";"HOSPITALIZACIÓN QUIRÚRGICA CIRUGÍA PLÁSTICA/RECONSTRUCTIVA/ REPARADORA ";"7";"7";"5";"5";"3";"15";"0"
"2023";"09";"150601";"LIMA";"HUARAL";"HUARAL";"ESSALUD";"I-4";"00010333";"CENTRO DE ATENCION PRIMARIA III HUARAL";"NE_0001";"";"NE_0001";"NE_0001";"NE_0001";"NE_0001";"NE_0001";"NE_0001";"NE_0001"
"2023";"10";"020801";"ANCASH";"CASMA";"CASMA";"GOBIERNO REGIONAL";"I-1";"00001720";"PUESTO DE SALUD SAN RAFAEL";"NE_0001";"";"NE_0001";"NE_0001";"NE_0001";"NE_0001";"NE_0001";"NE_0001";"NE_0001"
"2023";"10";"020801";"ANCASH";"CASMA";"CASMA";"GOBIERNO REGIONAL";"I-1";"00001722";"PUESTO DE SALUD CASA BLANCA";"NE_0001";"";"NE_0001";"NE_0001";"NE_0001";"NE_0001";"NE_0001";"NE_0001";"NE_0001"
"2023";"10";"020102";"ANCASH";"HUARAZ";"COCHABAMBA";"GOBIERNO REGIONAL";"I-1";"00001732";"PUESTO DE SALUD PUMA PUCLLANAN";"NE_0001";"";"NE_0001";"NE_0001";"NE_0001";"NE_0001";"NE_0001";"NE_0001";"NE_0001"
"2023";"10";"020110";"ANCASH";"HUARAZ";"PARIACOTO";"GOBIERNO REGIONAL";"I-1";"00001736";"PUESTO DE SALUD CHACCHAN";"NE_0001";"";"NE_0001";"NE_0001";"NE_0001";"NE_0001";"NE_0001";"NE_0001";"NE_0001"
"2023";"10";"021807";"ANCASH";"SANTA";"SAMANCO";"GOBIERNO REGIONAL";"I-1";"00001712";"PUESTO DE SALUD LOS CHIMUS";"NE_0001";"";"NE_0001";"NE_0001";"NE_0001";"NE_0001";"NE_0001";"NE_0001";"NE_0001"
"2023";"10";"021806";"ANCASH";"SANTA";"NEPEÑA";"GOBIERNO REGIONAL";"I-3";"00001715";"CENTRO DE SALUD SAN JACINTO";"NE_0001";"";"NE_0001";"NE_0001";"NE_0001";"NE_0001";"NE_0001";"NE_0001";"NE_0001"
"2023";"10";"021805";"ANCASH";"SANTA";"MORO";"GOBIERNO REGIONAL";"I-1";"00001718";"PUESTO DE SALUD CAPTUY";"NE_0001";"";"NE_0001";"NE_0001";"NE_0001";"NE_0001";"NE_0001";"NE_0001";"NE_0001"
"2023";"10";"020110";"ANCASH";"HUARAZ";"PARIACOTO";"GOBIERNO REGIONAL";"I-4";"00001734";"CENTRO DE SALUD PARIACOTO";"NE_0001";"";"NE_0001";"NE_0001";"NE_0001";"NE_0001";"NE_0001";"NE_0001";"NE_0001"
"2023";"10";"022005";"ANCASH";"YUNGAY";"QUILLO";"GOBIERNO REGIONAL";"I-4";"00001738";"CENTRO DE SALUD QUILLO";"NE_0001";"";"NE_0001";"NE_0001";"NE_0001";"NE_0001";"NE_0001";"NE_0001";"NE_0001"
"2023";"10";"021103";"ANCASH";"HUARMEY";"CULEBRAS";"GOBIERNO REGIONAL";"I-2";"00001746";"PUESTO DE SALUD QUIAN";"NE_0001";"";"NE_0001";"NE_0001";"NE_0001";"NE_0001";"NE_0001";"NE_0001";"NE_0001"
"2023";"10";"020104";"ANCASH";"HUARAZ";"HUANCHAY";"GOBIERNO REGIONAL";"I-1";"00001747";"PUESTO DE SALUD RAYPA";"NE_0001";"";"NE_0001";"NE_0001";"NE_0001";"NE_0001";"NE_0001";"NE_0001";"NE_0001"
"2023";"10";"021802";"ANCASH";"SANTA";"CACERES DEL PERU";"GOBIERNO REGIONAL";"I-2";"00001710";"PUESTO DE SALUD COLCAP";"NE_0001";"";"NE_0001";"NE_0001";"NE_0001";"NE_0001";"NE_0001";"NE_0001";"NE_0001"
"2023";"10";"021807";"ANCASH";"SANTA";"SAMANCO";"GOBIERNO REGIONAL";"I-1";"00001713";"PUESTO DE SALUD HUAMBACHO";"NE_0001";"";"NE_0001";"NE_0001";"NE_0001";"NE_0001";"NE_0001";"NE_0001";"NE_0001"
"2023";"10";"020802";"ANCASH";"CASMA";"BUENA VISTA ALTA";"GOBIERNO REGIONAL";"I-2";"00001725";"PUESTO DE SALUD EL OLIVAR";"NE_0001";"";"NE_0001";"NE_0001";"NE_0001";"NE_0001";"NE_0001";"NE_0001";"NE_0001"
"2023";"10";"020803";"ANCASH";"CASMA";"COMANDANTE NOEL";"GOBIERNO REGIONAL";"I-1";"00001727";"PUESTO DE SALUD TORTUGAS";"NE_0001";"";"NE_0001";"NE_0001";"NE_0001";"NE_0001";"NE_0001";"NE_0001";"NE_0001"
"2023";"10";"020804";"ANCASH";"CASMA";"YAUTAN";"GOBIERNO REGIONAL";"I-1";"00001729";"PUESTO DE SALUD CACHIPAMPA";"NE_0001";"";"NE_0001";"NE_0001";"NE_0001";"NE_0001";"NE_0001";"NE_0001";"NE_0001"
"2023";"10";"020102";"ANCASH";"HUARAZ";"COCHABAMBA";"GOBIERNO REGIONAL";"I-2";"00001730";"PUESTO DE SALUD COCHABAMBA";"NE_0001";"";"NE_0001";"NE_0001";"NE_0001";"NE_0001";"NE_0001";"NE_0001";"NE_0001"
"2023";"10";"022005";"ANCASH";"YUNGAY";"QUILLO";"GOBIERNO REGIONAL";"I-2";"00001739";"PUESTO DE SALUD HUACHO";"NE_0001";"";"NE_0001";"NE_0001";"NE_0001";"NE_0001";"NE_0001";"NE_0001";"NE_0001"
"2023";"10";"021103";"ANCASH";"HUARMEY";"CULEBRAS";"GOBIERNO REGIONAL";"I-2";"00001743";"PUESTO DE SALUD CULEBRAS";"NE_0001";"";"NE_0001";"NE_0001";"NE_0001";"NE_0001";"NE_0001";"NE_0001";"NE_0001"
"2023";"10";"021101";"ANCASH";"HUARMEY";"HUARMEY";"GOBIERNO REGIONAL";"I-1";"00001751";"PUESTO DE SALUD HUAMBA";"NE_0001";"";"NE_0001";"NE_0001";"NE_0001";"NE_0001";"NE_0001";"NE_0001";"NE_0001"
"2023";"09";"150116";"LIMA";"LIMA";"LINCE";"PRIVADO";"I-3";"00017909";"POLICLINICO RISSO";"NE_0001";"";"NE_0001";"NE_0001";"NE_0001";"NE_0001";"NE_0001";"NE_0001";"NE_0001"
"2023";"10";"030101";"APURIMAC";"ABANCAY";"ABANCAY";"SANIDAD DE LA POLICIA NACIONAL DEL PERU";"I-3";"00008036";"POLICLINICO POLICIAL ABANCAY";"NE_0001";"";"NE_0001";"NE_0001";"NE_0001";"NE_0001";"NE_0001";"NE_0001";"NE_0001"
"2023";"10";"120101";"JUNIN";"HUANCAYO";"HUANCAYO";"SANIDAD DE LA POLICIA NACIONAL DEL PERU";"I-3";"00010710";"POLICLINICO POLICIAL HUANCAYO ENRIQUE TORRES GONZALES";"NE_0001";"";"NE_0001";"NE_0001";"NE_0001";"NE_0001";"NE_0001";"NE_0001";"NE_0001"
"2023";"10";"100101";"HUANUCO";"HUANUCO";"HUANUCO";"SANIDAD DE LA POLICIA NACIONAL DEL PERU";"I-3";"00011421";"POLICLINICO POLICIAL HUÀNUCO";"NE_0001";"";"NE_0001";"NE_0001";"NE_0001";"NE_0001";"NE_0001";"NE_0001";"NE_0001"
"2023";"10";"120601";"JUNIN";"SATIPO";"SATIPO";"SANIDAD DE LA POLICIA NACIONAL DEL PERU";"I-2";"00011485";"POSTA MEDICA POLICIAL SATIPO";"NE_0001";"";"NE_0001";"NE_0001";"NE_0001";"NE_0001";"NE_0001";"NE_0001";"NE_0001"
"2023";"10";"080705";"CUSCO";"CHUMBIVILCAS";"LIVITACA";"GOBIERNO REGIONAL";"I-1";"00016325";"CHILLOROYA - LIVITACA";"NE_0001";"";"NE_0001";"NE_0001";"NE_0001";"NE_0001";"NE_0001";"NE_0001";"NE_0001"
"2023";"10";"080705";"CUSCO";"CHUMBIVILCAS";"LIVITACA";"GOBIERNO REGIONAL";"I-1";"00016327";"AUSANTA";"NE_0001";"";"NE_0001";"NE_0001";"NE_0001";"NE_0001";"NE_0001";"NE_0001";"NE_0001"
"2023";"10";"080705";"CUSCO";"CHUMBIVILCAS";"LIVITACA";"GOBIERNO REGIONAL";"I-1";"00016334";"KISIO";"NE_0001";"";"NE_0001";"NE_0001";"NE_0001";"NE_0001";"NE_0001";"NE_0001";"NE_0001"
"2023";"10";"080705";"CUSCO";"CHUMBIVILCAS";"LIVITACA";"GOBIERNO REGIONAL";"I-4";"00002406";"LIVITACA";"NE_0001";"";"NE_0001";"NE_0001";"NE_0001";"NE_0001";"NE_0001";"NE_0001";"NE_0001"
"2023";"10";"080705";"CUSCO";"CHUMBIVILCAS";"LIVITACA";"GOBIERNO REGIONAL";"I-1";"00025739";"PISQUICOCHA";"NE_0001";"";"NE_0001";"NE_0001";"NE_0001";"NE_0001";"NE_0001";"NE_0001";"NE_0001"
"2023";"10";"080705";"CUSCO";"CHUMBIVILCAS";"LIVITACA";"GOBIERNO REGIONAL";"I-1";"00025740";"TOTORA - REYNA DE LOS ANGELES";"NE_0001";"";"NE_0001";"NE_0001";"NE_0001";"NE_0001";"NE_0001";"NE_0001";"NE_0001"
"2023";"10";"080705";"CUSCO";"CHUMBIVILCAS";"LIVITACA";"GOBIERNO REGIONAL";"I-2";"00016332";"PATAQUEÑA - LIVITACA";"NE_0001";"";"NE_0001";"NE_0001";"NE_0001";"NE_0001";"NE_0001";"NE_0001";"NE_0001"
"2023";"10";"160101";"LORETO";"MAYNAS";"IQUITOS";"PRIVADO";"II-1";"00011737";"CLINICA SAN JUAN";"241400";"HOSPITALIZACIÓN QUIRÚRGICA GINECO - OBSTETRICIA ";"1";"1";"2";"2";"5";"6";"0"
"2023";"10";"021901";"ANCASH";"SIHUAS";"SIHUAS";"ESSALUD";"I-3";"00009203";"CENTRO MEDICO SIHUAS";"NE_0001";"";"NE_0001";"NE_0001";"NE_0001";"NE_0001";"NE_0001";"NE_0001";"NE_0001"
"2023";"10";"061112";"CAJAMARCA";"SAN MIGUEL";"TONGOD";"GOBIERNO REGIONAL";"I-1";"00007085";"PISIT";"NE_0001";"";"NE_0001";"NE_0001";"NE_0001";"NE_0001";"NE_0001";"NE_0001";"NE_0001"
"2023";"10";"061112";"CAJAMARCA";"SAN MIGUEL";"TONGOD";"GOBIERNO REGIONAL";"I-1";"00008751";"LA CORONILLA";"NE_0001";"";"NE_0001";"NE_0001";"NE_0001";"NE_0001";"NE_0001";"NE_0001";"NE_0001"
"2023";"10";"061112";"CAJAMARCA";"SAN MIGUEL";"TONGOD";"GOBIERNO REGIONAL";"I-3";"00004607";"TONGOD";"NE_0001";"";"NE_0001";"NE_0001";"NE_0001";"NE_0001";"NE_0001";"NE_0001";"NE_0001"
"2023";"10";"220603";"SAN MARTIN";"MARISCAL CACERES";"HUICUNGO";"GOBIERNO REGIONAL";"I-3";"00006567";"HUICUNGO";"NE_0002";"";"NE_0002";"NE_0002";"NE_0002";"NE_0002";"NE_0002";"NE_0002";"NE_0002"
"2023";"10";"220603";"SAN MARTIN";"MARISCAL CACERES";"HUICUNGO";"GOBIERNO REGIONAL";"I-1";"00006569";"SANTA INES";"NE_0001";"";"NE_0001";"NE_0001";"NE_0001";"NE_0001";"NE_0001";"NE_0001";"NE_0001"
"2023";"10";"220603";"SAN MARTIN";"MARISCAL CACERES";"HUICUNGO";"GOBIERNO REGIONAL";"I-1";"00006571";"PIZARRO";"NE_0001";"";"NE_0001";"NE_0001";"NE_0001";"NE_0001";"NE_0001";"NE_0001";"NE_0001"
"2023";"10";"220604";"SAN MARTIN";"MARISCAL CACERES";"PACHIZA";"GOBIERNO REGIONAL";"I-1";"00006572";"PACHIZA";"NE_0001";"";"NE_0001";"NE_0001";"NE_0001";"NE_0001";"NE_0001";"NE_0001";"NE_0001"
"2023";"10";"220604";"SAN MARTIN";"MARISCAL CACERES";"PACHIZA";"GOBIERNO REGIONAL";"I-1";"00006573";"ALTO EL SOL";"NE_0001";"";"NE_0001";"NE_0001";"NE_0001";"NE_0001";"NE_0001";"NE_0001";"NE_0001"
"2023";"10";"220604";"SAN MARTIN";"MARISCAL CACERES";"PACHIZA";"GOBIERNO REGIONAL";"I-1";"00006574";"NUEVO CHIMBOTE";"NE_0001";"";"NE_0001";"NE_0001";"NE_0001";"NE_0001";"NE_0001";"NE_0001";"NE_0001"
"2023";"10";"220603";"SAN MARTIN";"MARISCAL CACERES";"HUICUNGO";"GOBIERNO REGIONAL";"I-1";"00006568";"DOS DE MAYO";"NE_0001";"";"NE_0001";"NE_0001";"NE_0001";"NE_0001";"NE_0001";"NE_0001";"NE_0001"
"2023";"10";"220603";"SAN MARTIN";"MARISCAL CACERES";"HUICUNGO";"GOBIERNO REGIONAL";"I-1";"00006570";"NUEVA ESPERANZA";"NE_0001";"";"NE_0001";"NE_0001";"NE_0001";"NE_0001";"NE_0001";"NE_0001";"NE_0001"
"2023";"10";"130111";"LA LIBERTAD";"TRUJILLO";"VICTOR LARCO HERRERA";"PRIVADO";"II-1";"00026935";"CLÍNICA FÁTIMA";"240100";"HOSPITALIZACIÓN QUIRÚRGICA CIRUGÍA GENERAL ";"82";"78";"592";"598";"21";"651";"0"
"2023";"10";"130111";"LA LIBERTAD";"TRUJILLO";"VICTOR LARCO HERRERA";"PRIVADO";"II-1";"00026935";"CLÍNICA FÁTIMA";"241400";"HOSPITALIZACIÓN QUIRÚRGICA GINECO - OBSTETRICIA ";"25";"20";"24";"53";"2";"86";"0"
"2023";"10";"130111";"LA LIBERTAD";"TRUJILLO";"VICTOR LARCO HERRERA";"PRIVADO";"II-1";"00026935";"CLÍNICA FÁTIMA";"241800";"HOSPITALIZACIÓN DE MEDICINA MEDICINA GENERAL ";"18";"17";"25";"55";"2";"62";"0"
"2023";"10";"150141";"LIMA";"LIMA";"SURQUILLO";"MINSA";"III-2";"00006210";"INSTITUTO NACIONAL DE ENFERMEDADES NEOPLASICAS";"242100";"HOSPITALIZACIÓN DE MEDICINA ONCOLOGÍA MÉDICA ";"76";"144";"2705";"2705";"110";"4092";"3"
"2023";"10";"150141";"LIMA";"LIMA";"SURQUILLO";"MINSA";"III-2";"00006210";"INSTITUTO NACIONAL DE ENFERMEDADES NEOPLASICAS";"243600";"HOSPITALIZACIÓN DE PEDIATRÍA PEDIATRIA ONCOLOGÍA PEDIÁTRICA";"13";"47";"1779";"1779";"46";"2356";"1"
"2023";"10";"150141";"LIMA";"LIMA";"SURQUILLO";"MINSA";"III-2";"00006210";"INSTITUTO NACIONAL DE ENFERMEDADES NEOPLASICAS";"250000";"UNIDAD DE CUIDADOS CRITICOS  ";"0";"12";"307";"307";"10";"1023";"12"
"2023";"10";"150141";"LIMA";"LIMA";"SURQUILLO";"MINSA";"III-2";"00006210";"INSTITUTO NACIONAL DE ENFERMEDADES NEOPLASICAS";"241700";"HOSPITALIZACIÓN QUIRÚRGICA GINECOLOGÍA   GINECOLOGIA ONCOLOGiCA";"84";"88";"669";"669";"20";"669";"0"
"2023";"10";"150141";"LIMA";"LIMA";"SURQUILLO";"MINSA";"III-2";"00006210";"INSTITUTO NACIONAL DE ENFERMEDADES NEOPLASICAS";"241000";"HOSPITALIZACIÓN QUIRÚRGICA ONCOLOGÍA QUIRÚRGICA  ";"351";"395";"3693";"3693";"167";"5270";"6"
"2023";"10";"150132";"LIMA";"LIMA";"SAN JUAN DE LURIGANCHO";"PRIVADO";"II-E";"00012267";"CLINICA SAN MARCOS";"240000";"HOSPITALIZACIÓN";"1";"1";"1";"1";"1";"4";"0"
"2023";"10";"150132";"LIMA";"LIMA";"SAN JUAN DE LURIGANCHO";"PRIVADO";"II-E";"00012267";"CLINICA SAN MARCOS";"240100";"HOSPITALIZACIÓN QUIRÚRGICA CIRUGÍA GENERAL ";"38";"38";"38";"47";"5";"161";"0"
"2023";"10";"150132";"LIMA";"LIMA";"SAN JUAN DE LURIGANCHO";"PRIVADO";"II-E";"00012267";"CLINICA SAN MARCOS";"240400";"HOSPITALIZACIÓN QUIRÚRGICA CIRUGÍA DE TÓRAX Y CARDIOVASCULAR ";"1";"1";"1";"1";"1";"4";"0"
"2023";"10";"150132";"LIMA";"LIMA";"SAN JUAN DE LURIGANCHO";"PRIVADO";"II-E";"00012267";"CLINICA SAN MARCOS";"241200";"HOSPITALIZACIÓN QUIRÚRGICA TRAUMATOLOGÍA Y ORTOPEDIA ";"6";"6";"6";"7";"2";"25";"0"
"2023";"10";"150132";"LIMA";"LIMA";"SAN JUAN DE LURIGANCHO";"PRIVADO";"II-E";"00012267";"CLINICA SAN MARCOS";"241300";"HOSPITALIZACIÓN QUIRÚRGICA UROLOGÍA  ";"3";"3";"3";"4";"3";"13";"0"
"2023";"10";"150132";"LIMA";"LIMA";"SAN JUAN DE LURIGANCHO";"PRIVADO";"II-E";"00012267";"CLINICA SAN MARCOS";"241400";"HOSPITALIZACIÓN QUIRÚRGICA GINECO - OBSTETRICIA ";"12";"12";"12";"20";"2";"56";"0"
"2023";"10";"150132";"LIMA";"LIMA";"SAN JUAN DE LURIGANCHO";"PRIVADO";"II-E";"00012267";"CLINICA SAN MARCOS";"241500";"HOSPITALIZACIÓN QUIRÚRGICA GINECOLOGÍA  ";"5";"5";"5";"7";"1";"22";"0"
"2023";"10";"120114";"JUNIN";"HUANCAYO";"EL TAMBO";"ESSALUD";"I-4";"00008660";"POLICLINICO METROPOLITANO HUANCAYO";"NE_0001";"";"NE_0001";"NE_0001";"NE_0001";"NE_0001";"NE_0001";"NE_0001";"NE_0001"
"2023";"10";"150114";"LIMA";"LIMA";"LA MOLINA";"ESSALUD";"II-1";"00010135";"HOSPITAL I CARLOS ALCANTARA BUTTERFIELD";"241800";"HOSPITALIZACIÓN DE MEDICINA MEDICINA GENERAL ";"36";"39";"384";"278";"12";"372";"2"
"2023";"10";"150114";"LIMA";"LIMA";"LA MOLINA";"ESSALUD";"II-1";"00010135";"HOSPITAL I CARLOS ALCANTARA BUTTERFIELD";"250304";"HOSPIT. EN UNIDAD DE CUID.INTEN.-UNIDAD DE VIGILANCIA INTENSIVA (UVI)-MEDICINA";"27";"26";"182";"171";"7";"217";"1"
"2023";"10";"150114";"LIMA";"LIMA";"LA MOLINA";"ESSALUD";"II-1";"00010135";"HOSPITAL I CARLOS ALCANTARA BUTTERFIELD";"240100";"HOSPITALIZACIÓN QUIRÚRGICA CIRUGÍA GENERAL ";"243";"229";"612";"532";"20";"620";"0"
"2023";"10";"150114";"LIMA";"LIMA";"LA MOLINA";"ESSALUD";"II-1";"00010135";"HOSPITAL I CARLOS ALCANTARA BUTTERFIELD";"242500";"HOSPITALIZACIÓN-PEDIATRÍA GENERAL-";"36";"37";"114";"118";"4";"124";"0"
"2023";"10";"060101";"CAJAMARCA";"CAJAMARCA";"CAJAMARCA";"PRIVADO";"II-1";"00009599";"CLINICA SAN FRANCISCO DE ASIS S.A.";"240100";"HOSPITALIZACIÓN QUIRÚRGICA CIRUGÍA GENERAL ";"9";"9";"48";"9";"2";"62";"0"
"2023";"10";"060101";"CAJAMARCA";"CAJAMARCA";"CAJAMARCA";"PRIVADO";"II-1";"00009599";"CLINICA SAN FRANCISCO DE ASIS S.A.";"241200";"HOSPITALIZACIÓN QUIRÚRGICA TRAUMATOLOGÍA Y ORTOPEDIA ";"5";"5";"6";"5";"2";"62";"0"
"2023";"10";"060101";"CAJAMARCA";"CAJAMARCA";"CAJAMARCA";"PRIVADO";"II-1";"00009599";"CLINICA SAN FRANCISCO DE ASIS S.A.";"241400";"HOSPITALIZACIÓN QUIRÚRGICA GINECO - OBSTETRICIA ";"8";"8";"8";"8";"2";"62";"0"
"2023";"10";"060101";"CAJAMARCA";"CAJAMARCA";"CAJAMARCA";"PRIVADO";"II-1";"00009599";"CLINICA SAN FRANCISCO DE ASIS S.A.";"241500";"HOSPITALIZACIÓN QUIRÚRGICA GINECOLOGÍA  ";"2";"2";"1";"2";"2";"62";"0"
"2023";"10";"060101";"CAJAMARCA";"CAJAMARCA";"CAJAMARCA";"PRIVADO";"II-1";"00009599";"CLINICA SAN FRANCISCO DE ASIS S.A.";"244700";"HOSPITALIZACIÓN DE MEDICINA NEUROLOGIA  ";"1";"1";"2";"1";"2";"62";"0"
"2023";"10";"150114";"LIMA";"LIMA";"LA MOLINA";"ESSALUD";"II-1";"00010135";"HOSPITAL I CARLOS ALCANTARA BUTTERFIELD";"241600";"HOSPITALIZACIÓN QUIRÚRGICA OBSTETRICIA   ";"62";"59";"143";"143";"6";"186";"0"
"2023";"10";"130105";"LA LIBERTAD";"TRUJILLO";"LA ESPERANZA";"ESSALUD";"III-E";"00020925";"HOSPITAL DE ALTA COMPLEJIDAD DE LA LIBERTAD VIRGEN DE LA PUERTA";"241900";"HOSPITALIZACIÓN DE MEDICINA MEDICINA INTERNA ";"190";"286";"2909";"2701";"96";"2976";"17"
"2023";"10";"130105";"LA LIBERTAD";"TRUJILLO";"LA ESPERANZA";"ESSALUD";"III-E";"00020925";"HOSPITAL DE ALTA COMPLEJIDAD DE LA LIBERTAD VIRGEN DE LA PUERTA";"250100";"UNIDAD DE CUIDADOS CRITICOS UNIDAD  DE CUIDADOS INTENSIVOS GENERALES (UCI) ";"28";"7";"181";"365";"13";"403";"8"
"2023";"10";"130105";"LA LIBERTAD";"TRUJILLO";"LA ESPERANZA";"ESSALUD";"III-E";"00020925";"HOSPITAL DE ALTA COMPLEJIDAD DE LA LIBERTAD VIRGEN DE LA PUERTA";"250200";"UNIDAD DE CUIDADOS CRITICOS UNIDAD DE CUIDADOS INTERMEDIOS GENERAL  (UCIN) ";"66";"23";"370";"602";"21";"651";"2"
"2023";"10";"130105";"LA LIBERTAD";"TRUJILLO";"LA ESPERANZA";"ESSALUD";"III-E";"00020925";"HOSPITAL DE ALTA COMPLEJIDAD DE LA LIBERTAD VIRGEN DE LA PUERTA";"240100";"HOSPITALIZACIÓN QUIRÚRGICA CIRUGÍA GENERAL ";"186";"206";"1282";"1161";"38";"1178";"2"
"2023";"10";"130105";"LA LIBERTAD";"TRUJILLO";"LA ESPERANZA";"ESSALUD";"III-E";"00020925";"HOSPITAL DE ALTA COMPLEJIDAD DE LA LIBERTAD VIRGEN DE LA PUERTA";"241500";"HOSPITALIZACIÓN QUIRÚRGICA GINECOLOGÍA  ";"141";"131";"416";"428";"15";"465";"0"
"2023";"09";"021806";"ANCASH";"SANTA";"NEPEÑA";"ESSALUD";"I-3";"00009921";"CENTRO DE ATENCION PRIMARIA II SAN JACINTO";"NE_0001";"";"NE_0001";"NE_0001";"NE_0001";"NE_0001";"NE_0001";"NE_0001";"NE_0001"
"2023";"08";"061109";"CAJAMARCA";"SAN MIGUEL";"NIEPOS";"GOBIERNO REGIONAL";"I-1";"00004560";"EL NARANJO";"NE_0001";"";"NE_0001";"NE_0001";"NE_0001";"NE_0001";"NE_0001";"NE_0001";"NE_0001"
"2023";"08";"061109";"CAJAMARCA";"SAN MIGUEL";"NIEPOS";"GOBIERNO REGIONAL";"I-1";"00004559";"MIRAVALLES";"NE_0001";"";"NE_0001";"NE_0001";"NE_0001";"NE_0001";"NE_0001";"NE_0001";"NE_0001"
"2023";"08";"061109";"CAJAMARCA";"SAN MIGUEL";"NIEPOS";"GOBIERNO REGIONAL";"I-1";"00004558";"LANCHEZ";"NE_0001";"";"NE_0001";"NE_0001";"NE_0001";"NE_0001";"NE_0001";"NE_0001";"NE_0001"
"2023";"08";"061109";"CAJAMARCA";"SAN MIGUEL";"NIEPOS";"GOBIERNO REGIONAL";"I-2";"00004557";"NIEPOS";"NE_0001";"";"NE_0001";"NE_0001";"NE_0001";"NE_0001";"NE_0001";"NE_0001";"NE_0001"
"2023";"08";"061106";"CAJAMARCA";"SAN MIGUEL";"LA FLORIDA";"GOBIERNO REGIONAL";"I-3";"00004556";"LA FLORIDA";"NE_0001";"";"NE_0001";"NE_0001";"NE_0001";"NE_0001";"NE_0001";"NE_0001";"NE_0001"
"2023";"09";"061001";"CAJAMARCA";"SAN MARCOS";"PEDRO GALVEZ";"GOBIERNO REGIONAL";"I-1";"00004505";"HUAYOBAMBA";"NE_0001";"";"NE_0001";"NE_0001";"NE_0001";"NE_0001";"NE_0001";"NE_0001";"NE_0001"
"2023";"09";"061004";"CAJAMARCA";"SAN MARCOS";"GREGORIO PITA";"GOBIERNO REGIONAL";"I-1";"00004503";"PUESTO DE SALUD ULLILLIN";"NE_0001";"";"NE_0001";"NE_0001";"NE_0001";"NE_0001";"NE_0001";"NE_0001";"NE_0001"
"2023";"09";"061001";"CAJAMARCA";"SAN MARCOS";"PEDRO GALVEZ";"GOBIERNO REGIONAL";"I-1";"00004509";"CONDORMARCA";"NE_0001";"";"NE_0001";"NE_0001";"NE_0001";"NE_0001";"NE_0001";"NE_0001";"NE_0001"
"2023";"09";"061001";"CAJAMARCA";"SAN MARCOS";"PEDRO GALVEZ";"GOBIERNO REGIONAL";"I-1";"00004504";"EDELMIRA";"NE_0001";"";"NE_0001";"NE_0001";"NE_0001";"NE_0001";"NE_0001";"NE_0001";"NE_0001"
"2023";"09";"061004";"CAJAMARCA";"SAN MARCOS";"GREGORIO PITA";"GOBIERNO REGIONAL";"I-1";"00004506";"PUESTO DE SALUD MANZANILLA";"NE_0001";"";"NE_0001";"NE_0001";"NE_0001";"NE_0001";"NE_0001";"NE_0001";"NE_0001"
"2023";"09";"061004";"CAJAMARCA";"SAN MARCOS";"GREGORIO PITA";"GOBIERNO REGIONAL";"I-2";"00004507";"RIO SECO";"NE_0001";"";"NE_0001";"NE_0001";"NE_0001";"NE_0001";"NE_0001";"NE_0001";"NE_0001"
"2023";"09";"061001";"CAJAMARCA";"SAN MARCOS";"PEDRO GALVEZ";"GOBIERNO REGIONAL";"I-4";"00004501";"SAN MARCOS";"241400";"HOSPITALIZACIÓN QUIRÚRGICA GINECO - OBSTETRICIA ";"3";"3";"9";"11";"3";"90";"0"
"2023";"09";"061001";"CAJAMARCA";"SAN MARCOS";"PEDRO GALVEZ";"GOBIERNO REGIONAL";"I-4";"00004501";"SAN MARCOS";"241600";"HOSPITALIZACIÓN QUIRÚRGICA OBSTETRICIA   ";"23";"23";"34";"56";"6";"180";"0"
"2023";"09";"061001";"CAJAMARCA";"SAN MARCOS";"PEDRO GALVEZ";"GOBIERNO REGIONAL";"I-4";"00004501";"SAN MARCOS";"241800";"HOSPITALIZACIÓN DE MEDICINA MEDICINA GENERAL ";"12";"12";"52";"70";"3";"90";"0"
"2023";"09";"061004";"CAJAMARCA";"SAN MARCOS";"GREGORIO PITA";"GOBIERNO REGIONAL";"I-1";"00004502";"PUESTO DE SALUD MUYOC";"NE_0001";"";"NE_0001";"NE_0001";"NE_0001";"NE_0001";"NE_0001";"NE_0001";"NE_0001"
"2023";"09";"061004";"CAJAMARCA";"SAN MARCOS";"GREGORIO PITA";"GOBIERNO REGIONAL";"I-2";"00004508";"PAUCAMARCA";"NE_0001";"";"NE_0001";"NE_0001";"NE_0001";"NE_0001";"NE_0001";"NE_0001";"NE_0001"
"2023";"09";"061001";"CAJAMARCA";"SAN MARCOS";"PEDRO GALVEZ";"GOBIERNO REGIONAL";"I-1";"00004510";"CHUCO";"NE_0001";"";"NE_0001";"NE_0001";"NE_0001";"NE_0001";"NE_0001";"NE_0001";"NE_0001"
"2023";"09";"061109";"CAJAMARCA";"SAN MIGUEL";"NIEPOS";"GOBIERNO REGIONAL";"I-1";"00004560";"EL NARANJO";"NE_0001";"";"NE_0001";"NE_0001";"NE_0001";"NE_0001";"NE_0001";"NE_0001";"NE_0001"
"2023";"09";"061109";"CAJAMARCA";"SAN MIGUEL";"NIEPOS";"GOBIERNO REGIONAL";"I-2";"00004557";"NIEPOS";"NE_0001";"";"NE_0001";"NE_0001";"NE_0001";"NE_0001";"NE_0001";"NE_0001";"NE_0001"
"2023";"09";"061109";"CAJAMARCA";"SAN MIGUEL";"NIEPOS";"GOBIERNO REGIONAL";"I-1";"00004558";"LANCHEZ";"NE_0001";"";"NE_0001";"NE_0001";"NE_0001";"NE_0001";"NE_0001";"NE_0001";"NE_0001"
"2023";"09";"061109";"CAJAMARCA";"SAN MIGUEL";"NIEPOS";"GOBIERNO REGIONAL";"I-1";"00004559";"MIRAVALLES";"NE_0001";"";"NE_0001";"NE_0001";"NE_0001";"NE_0001";"NE_0001";"NE_0001";"NE_0001"
"2023";"09";"061106";"CAJAMARCA";"SAN MIGUEL";"LA FLORIDA";"GOBIERNO REGIONAL";"I-3";"00004556";"LA FLORIDA";"NE_0001";"";"NE_0001";"NE_0001";"NE_0001";"NE_0001";"NE_0001";"NE_0001";"NE_0001"
"2023";"09";"080605";"CUSCO";"CANCHIS";"PITUMARCA";"GOBIERNO REGIONAL";"I-1";"00002393";"PHINAYA";"NE_0001";"";"NE_0001";"NE_0001";"NE_0001";"NE_0001";"NE_0001";"NE_0001";"NE_0001"
"2023";"09";"080601";"CUSCO";"CANCHIS";"SICUANI";"GOBIERNO REGIONAL";"I-2";"00002381";"QUEHUAR";"NE_0001";"";"NE_0001";"NE_0001";"NE_0001";"NE_0001";"NE_0001";"NE_0001";"NE_0001"
"2023";"09";"080606";"CUSCO";"CANCHIS";"SAN PABLO";"GOBIERNO REGIONAL";"I-2";"00002394";"SAN PABLO CANCHIS";"NE_0001";"";"NE_0001";"NE_0001";"NE_0001";"NE_0001";"NE_0001";"NE_0001";"NE_0001"
"2023";"09";"080606";"CUSCO";"CANCHIS";"SAN PABLO";"GOBIERNO REGIONAL";"I-2";"00002395";"SANTA BARBARA";"NE_0001";"";"NE_0001";"NE_0001";"NE_0001";"NE_0001";"NE_0001";"NE_0001";"NE_0001"
"2023";"09";"080601";"CUSCO";"CANCHIS";"SICUANI";"GOBIERNO REGIONAL";"I-1";"00002382";"UZCUPATA";"NE_0001";"";"NE_0001";"NE_0001";"NE_0001";"NE_0001";"NE_0001";"NE_0001";"NE_0001"
"2023";"09";"080601";"CUSCO";"CANCHIS";"SICUANI";"GOBIERNO REGIONAL";"I-3";"00002384";"PAMPAPHALLA";"NE_0001";"";"NE_0001";"NE_0001";"NE_0001";"NE_0001";"NE_0001";"NE_0001";"NE_0001"
"2023";"09";"080601";"CUSCO";"CANCHIS";"SICUANI";"GOBIERNO REGIONAL";"I-2";"00026387";"MENTAL COMUNITARIO SICUANI";"NE_0001";"";"NE_0001";"NE_0001";"NE_0001";"NE_0001";"NE_0001";"NE_0001";"NE_0001"
"2023";"09";"080601";"CUSCO";"CANCHIS";"SICUANI";"GOBIERNO REGIONAL";"I-2";"00002383";"LA FLORIDA";"NE_0001";"";"NE_0001";"NE_0001";"NE_0001";"NE_0001";"NE_0001";"NE_0001";"NE_0001"
"2023";"09";"080607";"CUSCO";"CANCHIS";"SAN PEDRO";"GOBIERNO REGIONAL";"I-2";"00002396";"SAN PEDRO CANCHIS";"NE_0001";"";"NE_0001";"NE_0001";"NE_0001";"NE_0001";"NE_0001";"NE_0001";"NE_0001"
"2023";"10";"150122";"LIMA";"LIMA";"MIRAFLORES";"PRIVADO";"II-2";"00008746";"CLINICA GOOD HOPE";"240000";"HOSPITALIZACIÓN";"698";"878";"2874";"2511";"138";"4278";"11"
"2023";"11";"040504";"AREQUIPA";"CAYLLOMA";"CALLALLI";"GOBIERNO REGIONAL";"I-2";"00001437";"PUESTO DE SALUD CHALHUANCA";"NE_0001";"";"NE_0001";"NE_0001";"NE_0001";"NE_0001";"NE_0001";"NE_0001";"NE_0001"
"2023";"11";"040517";"AREQUIPA";"CAYLLOMA";"TISCO";"GOBIERNO REGIONAL";"I-2";"00006891";"PUESTO DE SALUD TARUCAMARCA";"NE_0001";"";"NE_0001";"NE_0001";"NE_0001";"NE_0001";"NE_0001";"NE_0001";"NE_0001"
"2023";"11";"040515";"AREQUIPA";"CAYLLOMA";"SIBAYO";"GOBIERNO REGIONAL";"I-2";"00001435";"PUESTO DE SALUD SANTA ROSA DE SIBAYO";"NE_0001";"";"NE_0001";"NE_0001";"NE_0001";"NE_0001";"NE_0001";"NE_0001";"NE_0001"
"2023";"11";"040518";"AREQUIPA";"CAYLLOMA";"TUTI";"GOBIERNO REGIONAL";"I-2";"00001436";"PUESTO DE SALUD TUTI";"NE_0001";"";"NE_0001";"NE_0001";"NE_0001";"NE_0001";"NE_0001";"NE_0001";"NE_0001"
"2023";"11";"040517";"AREQUIPA";"CAYLLOMA";"TISCO";"GOBIERNO REGIONAL";"I-2";"00001438";"PUESTO DE SALUD TISCO";"NE_0001";"";"NE_0001";"NE_0001";"NE_0001";"NE_0001";"NE_0001";"NE_0001";"NE_0001"
"2023";"11";"040517";"AREQUIPA";"CAYLLOMA";"TISCO";"GOBIERNO REGIONAL";"I-2";"00001431";"PUESTO DE SALUD COTACOTA";"NE_0001";"";"NE_0001";"NE_0001";"NE_0001";"NE_0001";"NE_0001";"NE_0001";"NE_0001"
"2023";"11";"040504";"AREQUIPA";"CAYLLOMA";"CALLALLI";"GOBIERNO REGIONAL";"I-3";"00001421";"CENTRO DE SALUD CALLALLI";"NE_0001";"";"NE_0001";"NE_0001";"NE_0001";"NE_0001";"NE_0001";"NE_0001";"NE_0001"
"2023";"11";"051005";"AYACUCHO";"VICTOR FAJARDO";"CANARIA";"GOBIERNO REGIONAL";"I-1";"00003825";"PUESTO DE SALUD RACCAYA";"NE_0001";"";"NE_0001";"NE_0001";"NE_0001";"NE_0001";"NE_0001";"NE_0001";"NE_0001"
"2023";"11";"051005";"AYACUCHO";"VICTOR FAJARDO";"CANARIA";"GOBIERNO REGIONAL";"I-1";"00003827";"PUESTO DE SALUD UMASI";"NE_0001";"";"NE_0001";"NE_0001";"NE_0001";"NE_0001";"NE_0001";"NE_0001";"NE_0001"
"2023";"11";"051009";"AYACUCHO";"VICTOR FAJARDO";"HUANCARAYLLA";"GOBIERNO REGIONAL";"I-1";"00003837";"PUESTO DE SALUD CIRCAMARCA";"NE_0001";"";"NE_0001";"NE_0001";"NE_0001";"NE_0001";"NE_0001";"NE_0001";"NE_0001"
"2023";"11";"051004";"AYACUCHO";"VICTOR FAJARDO";"ASQUIPATA";"GOBIERNO REGIONAL";"I-1";"00003822";"PUESTO DE SALUD CHIHUIRE";"NE_0001";"";"NE_0001";"NE_0001";"NE_0001";"NE_0001";"NE_0001";"NE_0001";"NE_0001"
"2023";"11";"051010";"AYACUCHO";"VICTOR FAJARDO";"HUALLA";"GOBIERNO REGIONAL";"I-1";"00003830";"PUESTO DE SALUD TIQUIHUA";"NE_0001";"";"NE_0001";"NE_0001";"NE_0001";"NE_0001";"NE_0001";"NE_0001";"NE_0001"
"2023";"11";"051009";"AYACUCHO";"VICTOR FAJARDO";"HUANCARAYLLA";"GOBIERNO REGIONAL";"I-2";"00003838";"PUESTO DE SALUD HUANCARAYLLA";"NE_0001";"";"NE_0001";"NE_0001";"NE_0001";"NE_0001";"NE_0001";"NE_0001";"NE_0001"
"2023";"11";"051003";"AYACUCHO";"VICTOR FAJARDO";"APONGO";"GOBIERNO REGIONAL";"I-1";"00003819";"APONGO";"NE_0001";"";"NE_0001";"NE_0001";"NE_0001";"NE_0001";"NE_0001";"NE_0001";"NE_0001"
"2023";"11";"051005";"AYACUCHO";"VICTOR FAJARDO";"CANARIA";"GOBIERNO REGIONAL";"I-2";"00003826";"PUESTO DE SALUD TACA";"NE_0001";"";"NE_0001";"NE_0001";"NE_0001";"NE_0001";"NE_0001";"NE_0001";"NE_0001"
"2023";"11";"051008";"AYACUCHO";"VICTOR FAJARDO";"HUAMANQUIQUIA";"GOBIERNO REGIONAL";"I-2";"00003831";"PUESTO DE SALUD HUAMANQUIQUIA";"NE_0001";"";"NE_0001";"NE_0001";"NE_0001";"NE_0001";"NE_0001";"NE_0001";"NE_0001"
"2023";"11";"051108";"AYACUCHO";"VILCAS HUAMAN";"VISCHONGO";"GOBIERNO REGIONAL";"I-1";"00003840";"PUESTO DE SALUD UMARO";"NE_0001";"";"NE_0001";"NE_0001";"NE_0001";"NE_0001";"NE_0001";"NE_0001";"NE_0001"
"2023";"11";"051004";"AYACUCHO";"VICTOR FAJARDO";"ASQUIPATA";"GOBIERNO REGIONAL";"I-1";"00003821";"PUESTO DE SALUD ASQUIPATA";"NE_0001";"";"NE_0001";"NE_0001";"NE_0001";"NE_0001";"NE_0001";"NE_0001";"NE_0001"
"2023";"11";"051004";"AYACUCHO";"VICTOR FAJARDO";"ASQUIPATA";"GOBIERNO REGIONAL";"I-1";"00003823";"PUESTO DE SALUD MORCOLLA CHICO";"NE_0001";"";"NE_0001";"NE_0001";"NE_0001";"NE_0001";"NE_0001";"NE_0001";"NE_0001"
"2023";"11";"051008";"AYACUCHO";"VICTOR FAJARDO";"HUAMANQUIQUIA";"GOBIERNO REGIONAL";"I-1";"00003833";"PUESTO DE SALUD TINCA";"NE_0001";"";"NE_0001";"NE_0001";"NE_0001";"NE_0001";"NE_0001";"NE_0001";"NE_0001"
"2023";"11";"051007";"AYACUCHO";"VICTOR FAJARDO";"COLCA";"GOBIERNO REGIONAL";"I-1";"00003836";"PUESTO DE SALUD QUILLA";"NE_0001";"";"NE_0001";"NE_0001";"NE_0001";"NE_0001";"NE_0001";"NE_0001";"NE_0001"
"2023";"11";"051009";"AYACUCHO";"VICTOR FAJARDO";"HUANCARAYLLA";"GOBIERNO REGIONAL";"I-1";"00003839";"PUESTO DE SALUD LLUSITA";"NE_0001";"";"NE_0001";"NE_0001";"NE_0001";"NE_0001";"NE_0001";"NE_0001";"NE_0001"
"2023";"11";"051005";"AYACUCHO";"VICTOR FAJARDO";"CANARIA";"GOBIERNO REGIONAL";"I-3";"00003824";"CENTRO DE SALUD CANARIA";"241600";"HOSPITALIZACIÓN QUIRÚRGICA OBSTETRICIA   ";"1";"1";"2";"1";"1";"4";"0"
"2023";"11";"051006";"AYACUCHO";"VICTOR FAJARDO";"CAYARA";"GOBIERNO REGIONAL";"I-2";"00003828";"PUESTO DE SALUD CAYARA";"NE_0001";"";"NE_0001";"NE_0001";"NE_0001";"NE_0001";"NE_0001";"NE_0001";"NE_0001"
"2023";"11";"051007";"AYACUCHO";"VICTOR FAJARDO";"COLCA";"GOBIERNO REGIONAL";"I-1";"00003835";"PUESTO DE SALUD COLCA";"NE_0001";"";"NE_0001";"NE_0001";"NE_0001";"NE_0001";"NE_0001";"NE_0001";"NE_0001"
"2023";"11";"040104";"AREQUIPA";"AREQUIPA";"CERRO COLORADO";"GOBIERNO REGIONAL";"I-3";"00001236";"CENTRO DE SALUD CERRO COLORADO";"NE_0001";"";"NE_0001";"NE_0001";"NE_0001";"NE_0001";"NE_0001";"NE_0001";"NE_0001"
"2023";"11";"040104";"AREQUIPA";"AREQUIPA";"CERRO COLORADO";"GOBIERNO REGIONAL";"I-3";"00027843";"CENTRO DE SALUD MENTAL COMUNITARIO SAN MARTIN DE PORRES";"NE_0001";"";"NE_0001";"NE_0001";"NE_0001";"NE_0001";"NE_0001";"NE_0001";"NE_0001"
"2023";"11";"040104";"AREQUIPA";"AREQUIPA";"CERRO COLORADO";"GOBIERNO REGIONAL";"I-3";"00001248";"CENTRO DE SALUD ALTO LIBERTAD";"NE_0001";"";"NE_0001";"NE_0001";"NE_0001";"NE_0001";"NE_0001";"NE_0001";"NE_0001"
"2023";"11";"060101";"CAJAMARCA";"CAJAMARCA";"CAJAMARCA";"GOBIERNO REGIONAL";"II-E";"00004655";"SIMON BOLIVAR";"241400";"HOSPITALIZACIÓN QUIRÚRGICA GINECO - OBSTETRICIA ";"312";"305";"609";"601";"21";"630";"0"
"2023";"11";"060101";"CAJAMARCA";"CAJAMARCA";"CAJAMARCA";"GOBIERNO REGIONAL";"II-E";"00004655";"SIMON BOLIVAR";"240100";"HOSPITALIZACIÓN QUIRÚRGICA CIRUGÍA GENERAL ";"57";"54";"423";"417";"15";"450";"0"
"2023";"11";"060101";"CAJAMARCA";"CAJAMARCA";"CAJAMARCA";"GOBIERNO REGIONAL";"II-E";"00004655";"SIMON BOLIVAR";"241800";"HOSPITALIZACIÓN DE MEDICINA MEDICINA GENERAL ";"44";"38";"255";"259";"10";"300";"0"
"2023";"11";"060101";"CAJAMARCA";"CAJAMARCA";"CAJAMARCA";"GOBIERNO REGIONAL";"II-E";"00004655";"SIMON BOLIVAR";"242300";"HOSPITALIZACIÓN DE PEDIATRÍA  PEDIATRÍA  GENERAL ";"229";"224";"125";"115";"5";"150";"0"
"2023";"11";"040118";"AREQUIPA";"AREQUIPA";"SAN JUAN DE SIGUAS";"GOBIERNO REGIONAL";"I-1";"00001339";"PUESTO DE SALUD SAN JUAN DE SIGUAS - TAMBILLO";"NE_0001";"";"NE_0001";"NE_0001";"NE_0001";"NE_0001";"NE_0001";"NE_0001";"NE_0001"
"2023";"11";"040520";"AREQUIPA";"CAYLLOMA";"MAJES";"GOBIERNO REGIONAL";"I-3";"00023969";"CENTRO DE SALUD MENTAL COMUNITARIO MAJES";"NE_0001";"";"NE_0001";"NE_0001";"NE_0001";"NE_0001";"NE_0001";"NE_0001";"NE_0001"
"2023";"11";"040520";"AREQUIPA";"CAYLLOMA";"MAJES";"GOBIERNO REGIONAL";"I-2";"00001341";"ASENTAMIENTO B-1";"NE_0001";"";"NE_0001";"NE_0001";"NE_0001";"NE_0001";"NE_0001";"NE_0001";"NE_0001"
"2023";"11";"040520";"AREQUIPA";"CAYLLOMA";"MAJES";"GOBIERNO REGIONAL";"0";"00030864";"HOGAR PROTEGIDO ""HACIA UNA NUEVA VIDA""";"NE_0001";"";"NE_0001";"NE_0001";"NE_0001";"NE_0001";"NE_0001";"NE_0001";"NE_0001"
"2023";"11";"040120";"AREQUIPA";"AREQUIPA";"SANTA ISABEL DE SIGUAS";"GOBIERNO REGIONAL";"I-2";"00001378";"PUESTO DE SALUD SONDOR";"NE_0001";"";"NE_0001";"NE_0001";"NE_0001";"NE_0001";"NE_0001";"NE_0001";"NE_0001"
"2023";"11";"040520";"AREQUIPA";"CAYLLOMA";"MAJES";"GOBIERNO REGIONAL";"I-2";"00001342";"PUESTO DE SALUD  B-2";"NE_0001";"";"NE_0001";"NE_0001";"NE_0001";"NE_0001";"NE_0001";"NE_0001";"NE_0001"
"2023";"09";"200104";"PIURA";"PIURA";"CASTILLA";"PRIVADO";"0";"00013494";"AUNA CLINICA MIRAFLORES";"240000";"HOSPITALIZACIÓN";"31";"217";"979";"923";"40";"1200";"1"
"2023";"09";"200104";"PIURA";"PIURA";"CASTILLA";"PRIVADO";"0";"00013494";"AUNA CLINICA MIRAFLORES";"250100";"UNIDAD DE CUIDADOS CRITICOS UNIDAD  DE CUIDADOS INTENSIVOS GENERALES (UCI) ";"7";"2";"12";"67";"6";"180";"1"
"2023";"09";"130101";"LA LIBERTAD";"TRUJILLO";"TRUJILLO";"PRIVADO";"II-1";"00027358";"CLÍNICA CRISTO REDENTOR";"240100";"HOSPITALIZACIÓN QUIRÚRGICA CIRUGÍA GENERAL ";"27";"27";"27";"27";"8";"240";"0"
"2023";"09";"130101";"LA LIBERTAD";"TRUJILLO";"TRUJILLO";"PRIVADO";"II-1";"00027358";"CLÍNICA CRISTO REDENTOR";"241900";"HOSPITALIZACIÓN DE MEDICINA MEDICINA INTERNA ";"9";"9";"9";"9";"8";"240";"0"
"2023";"10";"110101";"ICA";"ICA";"ICA";"PRIVADO";"I-3";"00009648";"TATAJE  DI FLORIO SAC";"NE_0002";"";"NE_0002";"NE_0002";"NE_0002";"NE_0002";"NE_0002";"NE_0002";"NE_0002"
"2023";"10";"021101";"ANCASH";"HUARMEY";"HUARMEY";"ESSALUD";"I-3";"00009059";"CENTRO MEDICO HUARMEY";"NE_0001";"";"NE_0001";"NE_0001";"NE_0001";"NE_0001";"NE_0001";"NE_0001";"NE_0001"
"2023";"10";"040104";"AREQUIPA";"AREQUIPA";"CERRO COLORADO";"GOBIERNO REGIONAL";"I-3";"00001236";"CENTRO DE SALUD CERRO COLORADO";"NE_0001";"";"NE_0001";"NE_0001";"NE_0001";"NE_0001";"NE_0001";"NE_0001";"NE_0001"
"2023";"10";"040104";"AREQUIPA";"AREQUIPA";"CERRO COLORADO";"GOBIERNO REGIONAL";"I-3";"00027843";"CENTRO DE SALUD MENTAL COMUNITARIO SAN MARTIN DE PORRES";"NE_0001";"";"NE_0001";"NE_0001";"NE_0001";"NE_0001";"NE_0001";"NE_0001";"NE_0001"
"2023";"10";"040104";"AREQUIPA";"AREQUIPA";"CERRO COLORADO";"GOBIERNO REGIONAL";"I-3";"00001248";"CENTRO DE SALUD ALTO LIBERTAD";"NE_0001";"";"NE_0001";"NE_0001";"NE_0001";"NE_0001";"NE_0001";"NE_0001";"NE_0001"
"2023";"10";"120112";"JUNIN";"HUANCAYO";"COLCA";"GOBIERNO REGIONAL";"I-2";"00000701";"COLCA";"NE_0002";"";"NE_0002";"NE_0002";"NE_0002";"NE_0002";"NE_0002";"NE_0002";"NE_0002"
"2023";"10";"120108";"JUNIN";"HUANCAYO";"CHONGOS ALTO";"GOBIERNO REGIONAL";"I-3";"00000700";"CHONGOS ALTO";"NE_0002";"";"NE_0002";"NE_0002";"NE_0002";"NE_0002";"NE_0002";"NE_0002";"NE_0002"
"2023";"10";"120106";"JUNIN";"HUANCAYO";"CHICCHE";"GOBIERNO REGIONAL";"I-1";"00000697";"CHICCHE";"NE_0002";"";"NE_0002";"NE_0002";"NE_0002";"NE_0002";"NE_0002";"NE_0002";"NE_0002"
"2023";"10";"120106";"JUNIN";"HUANCAYO";"CHICCHE";"GOBIERNO REGIONAL";"I-1";"00000699";"YANA YANA";"NE_0002";"";"NE_0002";"NE_0002";"NE_0002";"NE_0002";"NE_0002";"NE_0002";"NE_0002"
"2023";"10";"120105";"JUNIN";"HUANCAYO";"CHACAPAMPA";"GOBIERNO REGIONAL";"I-1";"00000695";"HUACAN";"NE_0002";"";"NE_0002";"NE_0002";"NE_0002";"NE_0002";"NE_0002";"NE_0002";"NE_0002"
"2023";"11";"150140";"LIMA";"LIMA";"SANTIAGO DE SURCO";"PRIVADO";"II-2";"00015118";"CLINICA MAISON DE SANTE DEL ESTE";"240000";"HOSPITALIZACIÓN";"116";"113";"620";"492";"33";"855";"0"
"2023";"11";"150140";"LIMA";"LIMA";"SANTIAGO DE SURCO";"PRIVADO";"II-2";"00015118";"CLINICA MAISON DE SANTE DEL ESTE";"241400";"HOSPITALIZACIÓN QUIRÚRGICA GINECO - OBSTETRICIA ";"28";"27";"51";"50";"4";"120";"0"
"2023";"11";"150140";"LIMA";"LIMA";"SANTIAGO DE SURCO";"PRIVADO";"II-2";"00015118";"CLINICA MAISON DE SANTE DEL ESTE";"250100";"UNIDAD DE CUIDADOS CRITICOS UNIDAD  DE CUIDADOS INTENSIVOS GENERALES (UCI) ";"11";"13";"67";"52";"4";"120";"1"
"2023";"11";"150140";"LIMA";"LIMA";"SANTIAGO DE SURCO";"PRIVADO";"II-2";"00015118";"CLINICA MAISON DE SANTE DEL ESTE";"250105";"UNIDAD DE CUIDADOS CRITICOS UNIDAD  DE CUIDADOS INTENSIVOS  (UCI) NEONATOLOGÍA";"5";"6";"128";"36";"4";"120";"0"
"2023";"11";"150143";"LIMA";"LIMA";"VILLA MARIA DEL TRIUNFO";"PRIVADO";"I-2";"00018825";"GUILLERMO KAELIN DE LA FUENTE";"NE_0001";"";"NE_0001";"NE_0001";"NE_0001";"NE_0001";"NE_0001";"NE_0001";"NE_0001"
"2023";"11";"050401";"AYACUCHO";"HUANTA";"HUANTA";"GOBIERNO REGIONAL";"II-1";"00003655";"HOSPITAL DE APOYO DE HUANTA ""DANIEL ALCIDES CARRIÓN""";"241800";"HOSPITALIZACIÓN DE MEDICINA MEDICINA GENERAL ";"32";"37";"185";"196";"18";"367";"2"
"2023";"11";"050401";"AYACUCHO";"HUANTA";"HUANTA";"GOBIERNO REGIONAL";"II-1";"00003655";"HOSPITAL DE APOYO DE HUANTA ""DANIEL ALCIDES CARRIÓN""";"240100";"HOSPITALIZACIÓN QUIRÚRGICA CIRUGÍA GENERAL ";"26";"24";"109";"118";"14";"362";"0"
"2023";"11";"050401";"AYACUCHO";"HUANTA";"HUANTA";"GOBIERNO REGIONAL";"II-1";"00003655";"HOSPITAL DE APOYO DE HUANTA ""DANIEL ALCIDES CARRIÓN""";"242500";"HOSPITALIZACIÓN-PEDIATRÍA GENERAL-";"11";"12";"32";"36";"10";"300";"0"
"2023";"11";"050401";"AYACUCHO";"HUANTA";"HUANTA";"GOBIERNO REGIONAL";"II-1";"00003655";"HOSPITAL DE APOYO DE HUANTA ""DANIEL ALCIDES CARRIÓN""";"241500";"HOSPITALIZACIÓN QUIRÚRGICA GINECOLOGÍA  ";"17";"17";"27";"27";"6";"243";"0"
"2023";"11";"060801";"CAJAMARCA";"JAEN";"JAEN";"GOBIERNO REGIONAL";"I-2";"00010007";"GRANADILLAS";"NE_0001";"";"NE_0001";"NE_0001";"NE_0001";"NE_0001";"NE_0001";"NE_0001";"NE_0001"
"2023";"11";"060801";"CAJAMARCA";"JAEN";"JAEN";"GOBIERNO REGIONAL";"I-1";"00004218";"VISTA ALEGRE  DE ZONANGA";"NE_0001";"";"NE_0001";"NE_0001";"NE_0001";"NE_0001";"NE_0001";"NE_0001";"NE_0001"
"2023";"11";"060801";"CAJAMARCA";"JAEN";"JAEN";"GOBIERNO REGIONAL";"I-1";"00004217";"TABACAL";"NE_0001";"";"NE_0001";"NE_0001";"NE_0001";"NE_0001";"NE_0001";"NE_0001";"NE_0001"
"2023";"11";"060801";"CAJAMARCA";"JAEN";"JAEN";"GOBIERNO REGIONAL";"I-3";"00004219";"CHAMBAMONTERA";"NE_0001";"";"NE_0001";"NE_0001";"NE_0001";"NE_0001";"NE_0001";"NE_0001";"NE_0001"
"2023";"11";"150130";"LIMA";"LIMA";"SAN BORJA";"PRIVADO";"II-E";"00010467";"CLINICA FLEMING";"NE_0002";"";"NE_0002";"NE_0002";"NE_0002";"NE_0002";"NE_0002";"NE_0002";"NE_0002"
"2023";"11";"130101";"LA LIBERTAD";"TRUJILLO";"TRUJILLO";"ESSALUD";"II-1";"00008685";"HOSPITAL I ALBRECHT";"241800";"HOSPITALIZACIÓN DE MEDICINA MEDICINA GENERAL ";"33";"36";"201";"177";"6";"177";"0"
"2023";"11";"130101";"LA LIBERTAD";"TRUJILLO";"TRUJILLO";"ESSALUD";"II-1";"00008685";"HOSPITAL I ALBRECHT";"240100";"HOSPITALIZACIÓN QUIRÚRGICA CIRUGÍA GENERAL ";"38";"39";"101";"110";"5";"157";"0"
"2023";"11";"130101";"LA LIBERTAD";"TRUJILLO";"TRUJILLO";"ESSALUD";"II-1";"00008685";"HOSPITAL I ALBRECHT";"241500";"HOSPITALIZACIÓN QUIRÚRGICA GINECOLOGÍA  ";"87";"78";"142";"164";"6";"172";"0"
"2023";"11";"130101";"LA LIBERTAD";"TRUJILLO";"TRUJILLO";"ESSALUD";"II-1";"00008685";"HOSPITAL I ALBRECHT";"241600";"HOSPITALIZACIÓN QUIRÚRGICA OBSTETRICIA   ";"32";"30";"67";"69";"3";"104";"0"
"2023";"11";"130101";"LA LIBERTAD";"TRUJILLO";"TRUJILLO";"ESSALUD";"II-1";"00008685";"HOSPITAL I ALBRECHT";"242300";"HOSPITALIZACIÓN DE PEDIATRÍA  PEDIATRÍA  GENERAL ";"32";"33";"107";"97";"4";"121";"0"
"2023";"11";"130904";"LA LIBERTAD";"SANCHEZ CARRION";"CURGOS";"GOBIERNO REGIONAL";"I-1";"00021651";"HUAYLLAGUAL";"NE_0001";"";"NE_0001";"NE_0001";"NE_0001";"NE_0001";"NE_0001";"NE_0001";"NE_0001"
"2023";"11";"130904";"LA LIBERTAD";"SANCHEZ CARRION";"CURGOS";"GOBIERNO REGIONAL";"I-1";"00021652";"EL CALVARIO";"NE_0001";"";"NE_0001";"NE_0001";"NE_0001";"NE_0001";"NE_0001";"NE_0001";"NE_0001"
"2023";"11";"130904";"LA LIBERTAD";"SANCHEZ CARRION";"CURGOS";"GOBIERNO REGIONAL";"I-2";"00005357";"CURGOS-WALTER JUNIOR VELARDE ARTEAGA";"NE_0001";"";"NE_0001";"NE_0001";"NE_0001";"NE_0001";"NE_0001";"NE_0001";"NE_0001"
"2023";"11";"150131";"LIMA";"LIMA";"SAN ISIDRO";"PRIVADO";"II-2";"00009123";"CLINICA ANGLOAMERICANA";"240000";"HOSPITALIZACIÓN";"517";"505";"1875";"2151";"93";"2725";"5"
"2023";"11";"150114";"LIMA";"LIMA";"LA MOLINA";"PRIVADO";"I-3";"00010464";"CLINICA ANGLO AMERICANA";"NE_0001";"";"NE_0001";"NE_0001";"NE_0001";"NE_0001";"NE_0001";"NE_0001";"NE_0001"
"2023";"11";"021801";"ANCASH";"SANTA";"CHIMBOTE";"PRIVADO";"II-1";"00016551";"CLINICA JUAN PABLO II";"240000";"HOSPITALIZACIÓN";"14";"14";"54";"16";"18";"540";"0"
"2023";"11";"120409";"JUNIN";"JAUJA";"HUARIPAMPA";"GOBIERNO REGIONAL";"I-1";"00000400";"HUARIPAMPA";"NE_0001";"";"NE_0001";"NE_0001";"NE_0001";"NE_0001";"NE_0001";"NE_0001";"NE_0001"
"2023";"11";"120420";"JUNIN";"JAUJA";"MUQUI";"GOBIERNO REGIONAL";"I-1";"00000402";"MUQUI";"NE_0001";"";"NE_0001";"NE_0001";"NE_0001";"NE_0001";"NE_0001";"NE_0001";"NE_0001"
"2023";"11";"120431";"JUNIN";"JAUJA";"SINCOS";"GOBIERNO REGIONAL";"I-1";"00000407";"SALLAHUACHAC";"NE_0001";"";"NE_0001";"NE_0001";"NE_0001";"NE_0001";"NE_0001";"NE_0001";"NE_0001"
"2023";"11";"120431";"JUNIN";"JAUJA";"SINCOS";"GOBIERNO REGIONAL";"I-3";"00000404";"SINCOS";"NE_0001";"";"NE_0001";"NE_0001";"NE_0001";"NE_0001";"NE_0001";"NE_0001";"NE_0001"
"2023";"11";"120431";"JUNIN";"JAUJA";"SINCOS";"GOBIERNO REGIONAL";"I-1";"00000405";"LLACUARIPAMPA";"NE_0001";"";"NE_0001";"NE_0001";"NE_0001";"NE_0001";"NE_0001";"NE_0001";"NE_0001"
"2023";"11";"120413";"JUNIN";"JAUJA";"LEONOR ORDOÑEZ";"GOBIERNO REGIONAL";"I-1";"00000401";"HUANCANI";"NE_0001";"";"NE_0001";"NE_0001";"NE_0001";"NE_0001";"NE_0001";"NE_0001";"NE_0001"
"2023";"11";"120431";"JUNIN";"JAUJA";"SINCOS";"GOBIERNO REGIONAL";"I-2";"00000406";"ARAMACHAY";"NE_0001";"";"NE_0001";"NE_0001";"NE_0001";"NE_0001";"NE_0001";"NE_0001";"NE_0001"
"2023";"11";"120431";"JUNIN";"JAUJA";"SINCOS";"GOBIERNO REGIONAL";"I-1";"00000408";"CHALHUAS";"NE_0001";"";"NE_0001";"NE_0001";"NE_0001";"NE_0001";"NE_0001";"NE_0001";"NE_0001"
"2023";"11";"120421";"JUNIN";"JAUJA";"MUQUIYAUYO";"GOBIERNO REGIONAL";"I-2";"00000403";"MUQUIYAUYO";"NE_0001";"";"NE_0001";"NE_0001";"NE_0001";"NE_0001";"NE_0001";"NE_0001";"NE_0001"
"2023";"11";"211201";"PUNO";"SANDIA";"SANDIA";"MINSA";"II-1";"00003335";"HOSPITAL SANDIA";"240100";"HOSPITALIZACIÓN QUIRÚRGICA CIRUGÍA GENERAL ";"2";"2";"4";"4";"3";"90";"0"
"2023";"11";"211201";"PUNO";"SANDIA";"SANDIA";"MINSA";"II-1";"00003335";"HOSPITAL SANDIA";"241400";"HOSPITALIZACIÓN QUIRÚRGICA GINECO - OBSTETRICIA ";"12";"12";"28";"28";"3";"90";"1"
"2023";"11";"211201";"PUNO";"SANDIA";"SANDIA";"MINSA";"II-1";"00003335";"HOSPITAL SANDIA";"241600";"HOSPITALIZACIÓN QUIRÚRGICA OBSTETRICIA   ";"10";"10";"24";"24";"4";"120";"0"
"2023";"11";"211201";"PUNO";"SANDIA";"SANDIA";"MINSA";"II-1";"00003335";"HOSPITAL SANDIA";"241800";"HOSPITALIZACIÓN DE MEDICINA MEDICINA GENERAL ";"25";"25";"100";"100";"6";"180";"0"
"2023";"11";"211201";"PUNO";"SANDIA";"SANDIA";"MINSA";"II-1";"00003335";"HOSPITAL SANDIA";"242500";"HOSPITALIZACIÓN-PEDIATRÍA GENERAL-";"5";"6";"26";"26";"6";"180";"1"
"2023";"11";"090301";"HUANCAVELICA";"ANGARAES";"LIRCAY";"GOBIERNO REGIONAL";"I-1";"00003944";"BUENA VISTA";"NE_0001";"";"NE_0001";"NE_0001";"NE_0001";"NE_0001";"NE_0001";"NE_0001";"NE_0001"
"2023";"11";"090301";"HUANCAVELICA";"ANGARAES";"LIRCAY";"GOBIERNO REGIONAL";"I-1";"00011769";"YANAUTUTO";"NE_0001";"";"NE_0001";"NE_0001";"NE_0001";"NE_0001";"NE_0001";"NE_0001";"NE_0001"
"2023";"11";"090301";"HUANCAVELICA";"ANGARAES";"LIRCAY";"GOBIERNO REGIONAL";"I-1";"00007290";"PERCAPAMPA";"NE_0001";"";"NE_0001";"NE_0001";"NE_0001";"NE_0001";"NE_0001";"NE_0001";"NE_0001"
"2023";"11";"060804";"CAJAMARCA";"JAEN";"COLASAY";"GOBIERNO REGIONAL";"I-1";"00004240";"CUYCA";"NE_0001";"";"NE_0001";"NE_0001";"NE_0001";"NE_0001";"NE_0001";"NE_0001";"NE_0001"
"2023";"11";"220101";"SAN MARTIN";"MOYOBAMBA";"MOYOBAMBA";"GOBIERNO REGIONAL";"I-1";"00006295";"DORADA";"NE_0001";"";"NE_0001";"NE_0001";"NE_0001";"NE_0001";"NE_0001";"NE_0001";"NE_0001"
"2023";"11";"220101";"SAN MARTIN";"MOYOBAMBA";"MOYOBAMBA";"GOBIERNO REGIONAL";"I-1";"00006293";"RAFAEL BELAUNDE";"NE_0001";"";"NE_0001";"NE_0001";"NE_0001";"NE_0001";"NE_0001";"NE_0001";"NE_0001"
"2023";"11";"220802";"SAN MARTIN";"RIOJA";"AWAJUN";"GOBIERNO REGIONAL";"I-3";"00006297";"BAJO NARANJILLO";"241600";"HOSPITALIZACIÓN QUIRÚRGICA OBSTETRICIA   ";"5";"6";"6";"6";"3";"90";"0"
"2023";"11";"220101";"SAN MARTIN";"MOYOBAMBA";"MOYOBAMBA";"GOBIERNO REGIONAL";"I-1";"00006292";"IMPERIO DE CACHIYACU";"NE_0001";"";"NE_0001";"NE_0001";"NE_0001";"NE_0001";"NE_0001";"NE_0001";"NE_0001"
"2023";"11";"220101";"SAN MARTIN";"MOYOBAMBA";"MOYOBAMBA";"GOBIERNO REGIONAL";"I-1";"00006296";"SAN JOSE DE ALTO MAYO";"NE_0001";"";"NE_0001";"NE_0001";"NE_0001";"NE_0001";"NE_0001";"NE_0001";"NE_0001"
"2023";"11";"220802";"SAN MARTIN";"RIOJA";"AWAJUN";"GOBIERNO REGIONAL";"I-1";"00006298";"SAN FRANCISCO ALTO MAYO";"NE_0001";"";"NE_0001";"NE_0001";"NE_0001";"NE_0001";"NE_0001";"NE_0001";"NE_0001"
"2023";"11";"220804";"SAN MARTIN";"RIOJA";"NUEVA CAJAMARCA";"GOBIERNO REGIONAL";"I-1";"00006302";"TUPAC AMARU";"NE_0001";"";"NE_0001";"NE_0001";"NE_0001";"NE_0001";"NE_0001";"NE_0001";"NE_0001"
"2023";"11";"220802";"SAN MARTIN";"RIOJA";"AWAJUN";"GOBIERNO REGIONAL";"I-1";"00007464";"SAN CARLOS";"NE_0001";"";"NE_0001";"NE_0001";"NE_0001";"NE_0001";"NE_0001";"NE_0001";"NE_0001"
"2023";"11";"220804";"SAN MARTIN";"RIOJA";"NUEVA CAJAMARCA";"GOBIERNO REGIONAL";"I-2";"00006301";"NARANJILLO";"NE_0001";"";"NE_0001";"NE_0001";"NE_0001";"NE_0001";"NE_0001";"NE_0001";"NE_0001"
"2023";"11";"220802";"SAN MARTIN";"RIOJA";"AWAJUN";"GOBIERNO REGIONAL";"I-1";"00009075";"NUEVA SANTA CRUZ";"NE_0001";"";"NE_0001";"NE_0001";"NE_0001";"NE_0001";"NE_0001";"NE_0001";"NE_0001"
"2023";"11";"120214";"JUNIN";"CONCEPCION";"SAN JOSE DE QUERO";"GOBIERNO REGIONAL";"I-3";"00000641";"SAN JOSE DE QUERO";"NE_0001";"";"NE_0001";"NE_0001";"NE_0001";"NE_0001";"NE_0001";"NE_0001";"NE_0001"
"2023";"11";"120214";"JUNIN";"CONCEPCION";"SAN JOSE DE QUERO";"GOBIERNO REGIONAL";"I-1";"00006738";"SULCAN";"NE_0001";"";"NE_0001";"NE_0001";"NE_0001";"NE_0001";"NE_0001";"NE_0001";"NE_0001"
"2023";"11";"120214";"JUNIN";"CONCEPCION";"SAN JOSE DE QUERO";"GOBIERNO REGIONAL";"I-1";"00000643";"SAN ROQUE DE HUARMITA";"NE_0001";"";"NE_0001";"NE_0001";"NE_0001";"NE_0001";"NE_0001";"NE_0001";"NE_0001"
"2023";"11";"120214";"JUNIN";"CONCEPCION";"SAN JOSE DE QUERO";"GOBIERNO REGIONAL";"I-2";"00000645";"USIBAMBA";"NE_0001";"";"NE_0001";"NE_0001";"NE_0001";"NE_0001";"NE_0001";"NE_0001";"NE_0001"
"2023";"11";"120214";"JUNIN";"CONCEPCION";"SAN JOSE DE QUERO";"GOBIERNO REGIONAL";"I-2";"00000642";"CHAQUICOCHA";"NE_0001";"";"NE_0001";"NE_0001";"NE_0001";"NE_0001";"NE_0001";"NE_0001";"NE_0001"
"2023";"11";"060608";"CAJAMARCA";"CUTERVO";"SAN ANDRES DE CUTERVO";"GOBIERNO REGIONAL";"I-1";"00006868";"ILLUGAN";"NE_0001";"";"NE_0001";"NE_0001";"NE_0001";"NE_0001";"NE_0001";"NE_0001";"NE_0001"
"2023";"11";"060608";"CAJAMARCA";"CUTERVO";"SAN ANDRES DE CUTERVO";"GOBIERNO REGIONAL";"I-1";"00005036";"QUILLUGAY";"NE_0001";"";"NE_0001";"NE_0001";"NE_0001";"NE_0001";"NE_0001";"NE_0001";"NE_0001"
"2023";"11";"060608";"CAJAMARCA";"CUTERVO";"SAN ANDRES DE CUTERVO";"GOBIERNO REGIONAL";"I-1";"00006940";"PAJONAL";"NE_0001";"";"NE_0001";"NE_0001";"NE_0001";"NE_0001";"NE_0001";"NE_0001";"NE_0001"
"2023";"11";"060608";"CAJAMARCA";"CUTERVO";"SAN ANDRES DE CUTERVO";"GOBIERNO REGIONAL";"I-3";"00005034";"SAN ANDRES";"NE_0001";"";"NE_0001";"NE_0001";"NE_0001";"NE_0001";"NE_0001";"NE_0001";"NE_0001"
"2023";"09";"021905";"ANCASH";"SIHUAS";"CHINGALPO";"GOBIERNO REGIONAL";"I-1";"00001800";"PUESTO DE SALUD CHINGALPO";"NE_0002";"";"NE_0002";"NE_0002";"NE_0002";"NE_0002";"NE_0002";"NE_0002";"NE_0002"
"2023";"09";"021905";"ANCASH";"SIHUAS";"CHINGALPO";"GOBIERNO REGIONAL";"I-1";"00001754";"PUESTO DE SALUD SAN MIGUEL";"NE_0002";"";"NE_0002";"NE_0002";"NE_0002";"NE_0002";"NE_0002";"NE_0002";"NE_0002"
"2023";"09";"021903";"ANCASH";"SIHUAS";"ALFONSO UGARTE";"GOBIERNO REGIONAL";"I-1";"00001805";"PUESTO DE SALUD ULLOLLUCO";"NE_0002";"";"NE_0002";"NE_0002";"NE_0002";"NE_0002";"NE_0002";"NE_0002";"NE_0002"
"2023";"09";"021907";"ANCASH";"SIHUAS";"QUICHES";"GOBIERNO REGIONAL";"I-3";"00001806";"CENTRO DE SALUD QUICHES";"NE_0002";"";"NE_0002";"NE_0002";"NE_0002";"NE_0002";"NE_0002";"NE_0002";"NE_0002"
"2023";"09";"220909";"SAN MARTIN";"SAN MARTIN";"LA BANDA DE SHILCAYO";"GOBIERNO REGIONAL";"I-1";"00006369";"SAN JOSE KM.34";"NE_0001";"";"NE_0001";"NE_0001";"NE_0001";"NE_0001";"NE_0001";"NE_0001";"NE_0001"
"2023";"09";"220909";"SAN MARTIN";"SAN MARTIN";"LA BANDA DE SHILCAYO";"GOBIERNO REGIONAL";"I-3";"00026698";"CENTRO DE SALUD MENTAL COMUNITARIO ""LA BANDA DE SHILCAYO""";"NE_0001";"";"NE_0001";"NE_0001";"NE_0001";"NE_0001";"NE_0001";"NE_0001";"NE_0001"
"2023";"09";"150122";"LIMA";"LIMA";"MIRAFLORES";"ESSALUD";"I-3";"00009298";"POLICLINICO CENTRAL DE PREVENCION LARCO";"NE_0001";"";"NE_0001";"NE_0001";"NE_0001";"NE_0001";"NE_0001";"NE_0001";"NE_0001"
"2023";"09";"120705";"JUNIN";"TARMA";"LA UNION";"GOBIERNO REGIONAL";"I-2";"00000597";"LA UNION LETICIA";"NE_0001";"";"NE_0001";"NE_0001";"NE_0001";"NE_0001";"NE_0001";"NE_0001";"NE_0001"
"2023";"09";"120705";"JUNIN";"TARMA";"LA UNION";"GOBIERNO REGIONAL";"I-1";"00000600";"UCHURACRA";"NE_0001";"";"NE_0001";"NE_0001";"NE_0001";"NE_0001";"NE_0001";"NE_0001";"NE_0001"
"2023";"09";"120705";"JUNIN";"TARMA";"LA UNION";"GOBIERNO REGIONAL";"I-1";"00000598";"CUYRUHUASI";"NE_0001";"";"NE_0001";"NE_0001";"NE_0001";"NE_0001";"NE_0001";"NE_0001";"NE_0001"
"2023";"09";"120705";"JUNIN";"TARMA";"LA UNION";"GOBIERNO REGIONAL";"I-1";"00000599";"CONDORCOCHA";"NE_0001";"";"NE_0001";"NE_0001";"NE_0001";"NE_0001";"NE_0001";"NE_0001";"NE_0001"
"2023";"09";"110501";"ICA";"PISCO";"PISCO";"ESSALUD";"II-1";"00014147";"ANTONIO SKRABONJA ANTONCICH";"240100";"HOSPITALIZACIÓN QUIRÚRGICA CIRUGÍA GENERAL ";"41";"39";"165";"170";"18";"540";"5"
"2023";"09";"110501";"ICA";"PISCO";"PISCO";"ESSALUD";"II-1";"00014147";"ANTONIO SKRABONJA ANTONCICH";"240100";"HOSPITALIZACIÓN QUIRÚRGICA CIRUGÍA GENERAL ";"50";"46";"154";"171";"13";"390";"0"
"2023";"09";"110501";"ICA";"PISCO";"PISCO";"ESSALUD";"II-1";"00014147";"ANTONIO SKRABONJA ANTONCICH";"241500";"HOSPITALIZACIÓN QUIRÚRGICA GINECOLOGÍA  ";"22";"22";"54";"54";"4";"120";"0"
"2023";"09";"110501";"ICA";"PISCO";"PISCO";"ESSALUD";"II-1";"00014147";"ANTONIO SKRABONJA ANTONCICH";"241600";"HOSPITALIZACIÓN QUIRÚRGICA OBSTETRICIA   ";"68";"65";"137";"145";"8";"240";"0"
"2023";"09";"110501";"ICA";"PISCO";"PISCO";"ESSALUD";"II-1";"00014147";"ANTONIO SKRABONJA ANTONCICH";"242300";"HOSPITALIZACIÓN DE PEDIATRÍA  PEDIATRÍA  GENERAL ";"27";"25";"86";"96";"7";"210";"0"
"2023";"09";"110501";"ICA";"PISCO";"PISCO";"ESSALUD";"II-1";"00014147";"ANTONIO SKRABONJA ANTONCICH";"250304";"HOSPIT. EN UNIDAD DE CUID.INTEN.-UNIDAD DE VIGILANCIA INTENSIVA (UVI)-MEDICINA";"21";"18";"54";"57";"4";"120";"4"
"2023";"09";"130401";"LA LIBERTAD";"CHEPEN";"CHEPEN";"GOBIERNO REGIONAL";"II-1";"00005299";"HOSPITAL DE APOYO CHEPEN";"240100";"HOSPITALIZACIÓN QUIRÚRGICA CIRUGÍA GENERAL ";"46";"39";"137";"244";"20";"620";"0"
"2023";"09";"130401";"LA LIBERTAD";"CHEPEN";"CHEPEN";"GOBIERNO REGIONAL";"II-1";"00005299";"HOSPITAL DE APOYO CHEPEN";"241400";"HOSPITALIZACIÓN QUIRÚRGICA GINECO - OBSTETRICIA ";"128";"123";"298";"370";"24";"744";"0"
"2023";"09";"130401";"LA LIBERTAD";"CHEPEN";"CHEPEN";"GOBIERNO REGIONAL";"II-1";"00005299";"HOSPITAL DE APOYO CHEPEN";"241800";"HOSPITALIZACIÓN DE MEDICINA MEDICINA GENERAL ";"45";"50";"263";"247";"18";"558";"2"
"2023";"09";"130401";"LA LIBERTAD";"CHEPEN";"CHEPEN";"GOBIERNO REGIONAL";"II-1";"00005299";"HOSPITAL DE APOYO CHEPEN";"242500";"HOSPITALIZACIÓN-PEDIATRÍA GENERAL-";"31";"30";"99";"109";"22";"682";"1"
"2023";"09";"120702";"JUNIN";"TARMA";"ACOBAMBA";"GOBIERNO REGIONAL";"I-1";"00000525";"HUAYLAHUICHAN";"NE_0001";"";"NE_0001";"NE_0001";"NE_0001";"NE_0001";"NE_0001";"NE_0001";"NE_0001"
"2023";"09";"120702";"JUNIN";"TARMA";"ACOBAMBA";"GOBIERNO REGIONAL";"I-1";"00000523";"HUARACAYO";"NE_0001";"";"NE_0001";"NE_0001";"NE_0001";"NE_0001";"NE_0001";"NE_0001";"NE_0001"
"2023";"09";"150122";"LIMA";"LIMA";"MIRAFLORES";"PRIVADO";"III-2";"00008956";"CLINICA DEL INCA";"240000";"HOSPITALIZACIÓN";"0";"0";"0";"24";"14";"420";"0"
"2023";"09";"150122";"LIMA";"LIMA";"MIRAFLORES";"PRIVADO";"III-2";"00008956";"CLINICA DEL INCA";"250100";"UNIDAD DE CUIDADOS CRITICOS UNIDAD  DE CUIDADOS INTENSIVOS GENERALES (UCI) ";"0";"0";"0";"6";"5";"150";"0"
"2023";"09";"150101";"LIMA";"LIMA";"LIMA";"PRIVADO";"II-E";"00026473";"OBRA DE SAN CAMILO";"240000";"HOSPITALIZACIÓN";"50";"50";"163";"54";"8";"25";"0"
"2023";"10";"130503";"LA LIBERTAD";"JULCAN";"CARABAMBA";"GOBIERNO REGIONAL";"I-2";"00006773";"VILLA MARIA";"NE_0002";"";"NE_0002";"NE_0002";"NE_0002";"NE_0002";"NE_0002";"NE_0002";"NE_0002"
"2023";"10";"130503";"LA LIBERTAD";"JULCAN";"CARABAMBA";"GOBIERNO REGIONAL";"I-3";"00005310";"CARABAMBA";"NE_0002";"";"NE_0002";"NE_0002";"NE_0002";"NE_0002";"NE_0002";"NE_0002";"NE_0002"
"2023";"10";"130503";"LA LIBERTAD";"JULCAN";"CARABAMBA";"GOBIERNO REGIONAL";"I-2";"00005311";"SAN JOSE DE SALO BAJO";"NE_0002";"";"NE_0002";"NE_0002";"NE_0002";"NE_0002";"NE_0002";"NE_0002";"NE_0002"
"2023";"10";"060801";"CAJAMARCA";"JAEN";"JAEN";"GOBIERNO REGIONAL";"I-3";"00004213";"FILA ALTA";"NE_0001";"";"NE_0001";"NE_0001";"NE_0001";"NE_0001";"NE_0001";"NE_0001";"NE_0001"
"2023";"10";"060801";"CAJAMARCA";"JAEN";"JAEN";"GOBIERNO REGIONAL";"I-1";"00010804";"PUENTE ZONANGA";"NE_0001";"";"NE_0001";"NE_0001";"NE_0001";"NE_0001";"NE_0001";"NE_0001";"NE_0001"
"2023";"10";"080704";"CUSCO";"CHUMBIVILCAS";"COLQUEMARCA";"GOBIERNO REGIONAL";"I-1";"00008914";"HUAYLLANI";"NE_0001";"";"NE_0001";"NE_0001";"NE_0001";"NE_0001";"NE_0001";"NE_0001";"NE_0001"
"2023";"10";"080704";"CUSCO";"CHUMBIVILCAS";"COLQUEMARCA";"GOBIERNO REGIONAL";"I-3";"00002404";"COLQUEMARCA";"NE_0001";"";"NE_0001";"NE_0001";"NE_0001";"NE_0001";"NE_0001";"NE_0001";"NE_0001"
"2023";"10";"080704";"CUSCO";"CHUMBIVILCAS";"COLQUEMARCA";"GOBIERNO REGIONAL";"I-1";"00002405";"CHARAMURAY";"NE_0001";"";"NE_0001";"NE_0001";"NE_0001";"NE_0001";"NE_0001";"NE_0001";"NE_0001"
"2023";"10";"080704";"CUSCO";"CHUMBIVILCAS";"COLQUEMARCA";"GOBIERNO REGIONAL";"I-2";"00012932";"YANQUE";"NE_0001";"";"NE_0001";"NE_0001";"NE_0001";"NE_0001";"NE_0001";"NE_0001";"NE_0001"
"2023";"10";"040501";"AREQUIPA";"CAYLLOMA";"CHIVAY";"ESSALUD";"I-2";"00013292";"POSTA MEDICA CHIVAY";"NE_0001";"";"NE_0001";"NE_0001";"NE_0001";"NE_0001";"NE_0001";"NE_0001";"NE_0001"
"2023";"10";"120214";"JUNIN";"CONCEPCION";"SAN JOSE DE QUERO";"GOBIERNO REGIONAL";"I-1";"00000644";"SANTA ROSA DE HUARMITA";"NE_0001";"";"NE_0001";"NE_0001";"NE_0001";"NE_0001";"NE_0001";"NE_0001";"NE_0001"
"2023";"10";"120214";"JUNIN";"CONCEPCION";"SAN JOSE DE QUERO";"GOBIERNO REGIONAL";"I-1";"00006738";"SULCAN";"NE_0001";"";"NE_0001";"NE_0001";"NE_0001";"NE_0001";"NE_0001";"NE_0001";"NE_0001"
"2023";"10";"120214";"JUNIN";"CONCEPCION";"SAN JOSE DE QUERO";"GOBIERNO REGIONAL";"I-1";"00000643";"SAN ROQUE DE HUARMITA";"NE_0001";"";"NE_0001";"NE_0001";"NE_0001";"NE_0001";"NE_0001";"NE_0001";"NE_0001"
"2023";"10";"110101";"ICA";"ICA";"ICA";"PRIVADO";"I-3";"00019056";"EL GALENO DE ICA";"NE_0001";"";"NE_0001";"NE_0001";"NE_0001";"NE_0001";"NE_0001";"NE_0001";"NE_0001"
"2023";"10";"220909";"SAN MARTIN";"SAN MARTIN";"LA BANDA DE SHILCAYO";"GOBIERNO REGIONAL";"II-E";"00006359";"BANDA SHILCAYO";"241400";"HOSPITALIZACIÓN QUIRÚRGICA GINECO - OBSTETRICIA ";"111";"114";"195";"197";"17";"527";"0"
"2023";"10";"220909";"SAN MARTIN";"SAN MARTIN";"LA BANDA DE SHILCAYO";"GOBIERNO REGIONAL";"II-E";"00006359";"BANDA SHILCAYO";"241800";"HOSPITALIZACIÓN DE MEDICINA MEDICINA GENERAL ";"21";"24";"102";"90";"23";"713";"0"
"2023";"10";"220909";"SAN MARTIN";"SAN MARTIN";"LA BANDA DE SHILCAYO";"GOBIERNO REGIONAL";"II-E";"00006359";"BANDA SHILCAYO";"242500";"HOSPITALIZACIÓN-PEDIATRÍA GENERAL-";"15";"18";"58";"57";"7";"217";"0"
"2023";"10";"180106";"MOQUEGUA";"MARISCAL NIETO";"TORATA";"ESSALUD";"I-3";"00016151";"CENTRO DE ATENCION PRIMARIA II TORATA";"NE_0001";"";"NE_0001";"NE_0001";"NE_0001";"NE_0001";"NE_0001";"NE_0001";"NE_0001"
"2023";"10";"010701";"AMAZONAS";"UTCUBAMBA";"BAGUA GRANDE";"GOBIERNO REGIONAL";"II-1";"00005125";"HOSPITAL  SANTIAGO APOSTOL DE UTCUBAMBA";"240100";"HOSPITALIZACIÓN QUIRÚRGICA CIRUGÍA GENERAL ";"144";"143";"117";"148";"7";"217";"0"
"2023";"10";"010701";"AMAZONAS";"UTCUBAMBA";"BAGUA GRANDE";"GOBIERNO REGIONAL";"II-1";"00005125";"HOSPITAL  SANTIAGO APOSTOL DE UTCUBAMBA";"241200";"HOSPITALIZACIÓN QUIRÚRGICA TRAUMATOLOGÍA Y ORTOPEDIA ";"18";"42";"12";"29";"4";"124";"0"
"2023";"10";"010701";"AMAZONAS";"UTCUBAMBA";"BAGUA GRANDE";"GOBIERNO REGIONAL";"II-1";"00005125";"HOSPITAL  SANTIAGO APOSTOL DE UTCUBAMBA";"241400";"HOSPITALIZACIÓN QUIRÚRGICA GINECO - OBSTETRICIA ";"34";"67";"34";"61";"2";"62";"0"
"2023";"10";"010701";"AMAZONAS";"UTCUBAMBA";"BAGUA GRANDE";"GOBIERNO REGIONAL";"II-1";"00005125";"HOSPITAL  SANTIAGO APOSTOL DE UTCUBAMBA";"241600";"HOSPITALIZACIÓN QUIRÚRGICA OBSTETRICIA   ";"210";"205";"199";"210";"17";"527";"0"
"2023";"10";"010701";"AMAZONAS";"UTCUBAMBA";"BAGUA GRANDE";"GOBIERNO REGIONAL";"II-1";"00005125";"HOSPITAL  SANTIAGO APOSTOL DE UTCUBAMBA";"241800";"HOSPITALIZACIÓN DE MEDICINA MEDICINA GENERAL ";"134";"140";"111";"134";"9";"279";"1"
"2023";"10";"010701";"AMAZONAS";"UTCUBAMBA";"BAGUA GRANDE";"GOBIERNO REGIONAL";"II-1";"00005125";"HOSPITAL  SANTIAGO APOSTOL DE UTCUBAMBA";"242500";"HOSPITALIZACIÓN-PEDIATRÍA GENERAL-";"111";"113";"110";"113";"5";"155";"1"
"2023";"10";"010701";"AMAZONAS";"UTCUBAMBA";"BAGUA GRANDE";"GOBIERNO REGIONAL";"II-1";"00005125";"HOSPITAL  SANTIAGO APOSTOL DE UTCUBAMBA";"243200";"HOSPITALIZACIÓN DE PEDIATRÍA PEDIATRIA NEONATOLOGÍA";"44";"36";"27";"40";"6";"186";"0"
"2023";"10";"010701";"AMAZONAS";"UTCUBAMBA";"BAGUA GRANDE";"GOBIERNO REGIONAL";"II-1";"00005125";"HOSPITAL  SANTIAGO APOSTOL DE UTCUBAMBA";"250304";"HOSPIT. EN UNIDAD DE CUID.INTEN.-UNIDAD DE VIGILANCIA INTENSIVA (UVI)-MEDICINA";"43";"63";"43";"60";"3";"93";"2"
"2023";"10";"150110";"LIMA";"LIMA";"COMAS";"PRIVADO";"II-1";"00009144";"CLINICA MEDICA ZEGARRA S.A.C.";"242300";"HOSPITALIZACIÓN DE PEDIATRÍA  PEDIATRÍA  GENERAL ";"47";"51";"623";"6";"6";"138";"0"
"2023";"10";"150110";"LIMA";"LIMA";"COMAS";"PRIVADO";"II-1";"00009144";"CLINICA MEDICA ZEGARRA S.A.C.";"241800";"HOSPITALIZACIÓN DE MEDICINA MEDICINA GENERAL ";"35";"42";"198";"5";"6";"138";"0"
"2023";"10";"150110";"LIMA";"LIMA";"COMAS";"PRIVADO";"II-1";"00009144";"CLINICA MEDICA ZEGARRA S.A.C.";"241400";"HOSPITALIZACIÓN QUIRÚRGICA GINECO - OBSTETRICIA ";"14";"13";"2";"3";"5";"125";"0"
"2023";"10";"150110";"LIMA";"LIMA";"COMAS";"PRIVADO";"II-1";"00009144";"CLINICA MEDICA ZEGARRA S.A.C.";"240100";"HOSPITALIZACIÓN QUIRÚRGICA CIRUGÍA GENERAL ";"21";"29";"65";"3";"3";"103";"0"
"2023";"10";"150110";"LIMA";"LIMA";"COMAS";"PRIVADO";"II-1";"00009144";"CLINICA MEDICA ZEGARRA S.A.C.";"241200";"HOSPITALIZACIÓN QUIRÚRGICA TRAUMATOLOGÍA Y ORTOPEDIA ";"10";"11";"39";"4";"3";"54";"0"
"2023";"10";"140101";"LAMBAYEQUE";"CHICLAYO";"CHICLAYO";"PRIVADO";"II-E";"00008151";"CLÍNICA METROPOLITANA";"240000";"HOSPITALIZACIÓN";"180";"176";"197";"466";"24";"720";"4"
"2023";"10";"070102";"CALLAO";"CALLAO";"BELLAVISTA";"GOBIERNO REGIONAL";"I-2";"00031271";"CENTRO DE SALUD MENTAL COMUNITARIO UNIVERSITARIO CALLAO";"NE_0001";"";"NE_0001";"NE_0001";"NE_0001";"NE_0001";"NE_0001";"NE_0001";"NE_0001"
"2023";"10";"070104";"CALLAO";"CALLAO";"LA PERLA";"GOBIERNO REGIONAL";"I-2";"00026983";"CENTRO DE SALUD MENTAL COMUNITARIO LA PERLA";"NE_0001";"";"NE_0001";"NE_0001";"NE_0001";"NE_0001";"NE_0001";"NE_0001";"NE_0001"
"2023";"10";"070103";"CALLAO";"CALLAO";"CARMEN DE LA LEGUA-REYNOSO";"GOBIERNO REGIONAL";"I-2";"00006253";"PUESTO DE SALUD VILLA SEÑOR. DE LOS MILAGROS";"NE_0001";"";"NE_0001";"NE_0001";"NE_0001";"NE_0001";"NE_0001";"NE_0001";"NE_0001"
"2023";"11";"040109";"AREQUIPA";"AREQUIPA";"MARIANO MELGAR";"GOBIERNO REGIONAL";"I-2";"00007722";"PUESTO DE SALUD EL MIRADOR";"NE_0001";"";"NE_0001";"NE_0001";"NE_0001";"NE_0001";"NE_0001";"NE_0001";"NE_0001"
"2023";"10";"130101";"LA LIBERTAD";"TRUJILLO";"TRUJILLO";"GOBIERNO REGIONAL";"III-2";"00007277";"INSTITUTO REGIONAL DE ENFERMEDADES NEOPLASICAS - NORTE - DR. LUIS PINILLOS GANOZA";"241000";"HOSPITALIZACIÓN QUIRÚRGICA ONCOLOGÍA QUIRÚRGICA  ";"134";"125";"521";"594";"21";"651";"1"
"2023";"11";"040109";"AREQUIPA";"AREQUIPA";"MARIANO MELGAR";"GOBIERNO REGIONAL";"I-3";"00001295";"CENTRO DE SALUD GENERALISIMO SAN MARTIN";"NE_0001";"";"NE_0001";"NE_0001";"NE_0001";"NE_0001";"NE_0001";"NE_0001";"NE_0001"
"2023";"10";"060608";"CAJAMARCA";"CUTERVO";"SAN ANDRES DE CUTERVO";"GOBIERNO REGIONAL";"I-1";"00005036";"QUILLUGAY";"NE_0001";"";"NE_0001";"NE_0001";"NE_0001";"NE_0001";"NE_0001";"NE_0001";"NE_0001"
"2023";"11";"150119";"LIMA";"LIMA";"LURIN";"ESSALUD";"I-3";"00009979";"CENTRO DE ATENCION PRIMARIA II LURIN";"NE_0001";"";"NE_0001";"NE_0001";"NE_0001";"NE_0001";"NE_0001";"NE_0001";"NE_0001"
"2023";"11";"040516";"AREQUIPA";"CAYLLOMA";"TAPAY";"GOBIERNO REGIONAL";"I-2";"00001434";"PUESTO DE SALUD TAPAY";"NE_0001";"";"NE_0001";"NE_0001";"NE_0001";"NE_0001";"NE_0001";"NE_0001";"NE_0001"
"2023";"10";"130101";"LA LIBERTAD";"TRUJILLO";"TRUJILLO";"GOBIERNO REGIONAL";"III-2";"00007277";"INSTITUTO REGIONAL DE ENFERMEDADES NEOPLASICAS - NORTE - DR. LUIS PINILLOS GANOZA";"242100";"HOSPITALIZACIÓN DE MEDICINA ONCOLOGÍA MÉDICA ";"73";"73";"253";"296";"10";"310";"1"
"2023";"11";"120135";"JUNIN";"HUANCAYO";"SANTO DOMINGO DE ACOBAMBA";"GOBIERNO REGIONAL";"I-2";"00000744";"YUNCACHAQUICOCHA";"NE_0001";"";"NE_0001";"NE_0001";"NE_0001";"NE_0001";"NE_0001";"NE_0001";"NE_0001"
"2023";"11";"120135";"JUNIN";"HUANCAYO";"SANTO DOMINGO DE ACOBAMBA";"GOBIERNO REGIONAL";"I-1";"00007082";"HUANCAMAYO";"NE_0001";"";"NE_0001";"NE_0001";"NE_0001";"NE_0001";"NE_0001";"NE_0001";"NE_0001"
"2023";"11";"120135";"JUNIN";"HUANCAYO";"SANTO DOMINGO DE ACOBAMBA";"GOBIERNO REGIONAL";"I-1";"00012468";"LA NUEVA LIBERTAD DE PUNTO";"NE_0001";"";"NE_0001";"NE_0001";"NE_0001";"NE_0001";"NE_0001";"NE_0001";"NE_0001"
"2023";"11";"130101";"LA LIBERTAD";"TRUJILLO";"TRUJILLO";"GOBIERNO REGIONAL";"II-1";"00005204";"HOSPITAL DE ESPECIALIDADES BASICAS LA NORIA";"241800";"HOSPITALIZACIÓN DE MEDICINA MEDICINA GENERAL ";"3";"3";"3";"3";"4";"120";"0"
"2023";"11";"130101";"LA LIBERTAD";"TRUJILLO";"TRUJILLO";"GOBIERNO REGIONAL";"II-1";"00005204";"HOSPITAL DE ESPECIALIDADES BASICAS LA NORIA";"243200";"HOSPITALIZACIÓN DE PEDIATRÍA PEDIATRIA NEONATOLOGÍA";"1";"1";"3";"3";"4";"120";"0"
"2023";"11";"130101";"LA LIBERTAD";"TRUJILLO";"TRUJILLO";"GOBIERNO REGIONAL";"II-1";"00005204";"HOSPITAL DE ESPECIALIDADES BASICAS LA NORIA";"241400";"HOSPITALIZACIÓN QUIRÚRGICA GINECO - OBSTETRICIA ";"40";"36";"48";"61";"4";"120";"0"
"2023";"11";"130101";"LA LIBERTAD";"TRUJILLO";"TRUJILLO";"GOBIERNO REGIONAL";"II-1";"00005204";"HOSPITAL DE ESPECIALIDADES BASICAS LA NORIA";"241600";"HOSPITALIZACIÓN QUIRÚRGICA OBSTETRICIA   ";"29";"24";"26";"34";"5";"150";"0"
"2023";"11";"180301";"MOQUEGUA";"ILO";"ILO";"ESSALUD";"II-1";"00016153";"HOSPITAL II ILO";"241800";"HOSPITALIZACIÓN DE MEDICINA MEDICINA GENERAL ";"22";"21";"141";"159";"6";"180";"4"
"2023";"11";"180301";"MOQUEGUA";"ILO";"ILO";"ESSALUD";"II-1";"00016153";"HOSPITAL II ILO";"240100";"HOSPITALIZACIÓN QUIRÚRGICA CIRUGÍA GENERAL ";"73";"75";"217";"206";"8";"240";"0"
"2023";"11";"180301";"MOQUEGUA";"ILO";"ILO";"ESSALUD";"II-1";"00016153";"HOSPITAL II ILO";"241500";"HOSPITALIZACIÓN QUIRÚRGICA GINECOLOGÍA  ";"15";"14";"49";"50";"2";"60";"0"
"2023";"11";"180301";"MOQUEGUA";"ILO";"ILO";"ESSALUD";"II-1";"00016153";"HOSPITAL II ILO";"241600";"HOSPITALIZACIÓN QUIRÚRGICA OBSTETRICIA   ";"32";"32";"76";"70";"3";"90";"0"
"2023";"11";"180301";"MOQUEGUA";"ILO";"ILO";"ESSALUD";"II-1";"00016153";"HOSPITAL II ILO";"242300";"HOSPITALIZACIÓN DE PEDIATRÍA  PEDIATRÍA  GENERAL ";"34";"36";"184";"173";"6";"180";"0"
"2023";"11";"180301";"MOQUEGUA";"ILO";"ILO";"ESSALUD";"II-1";"00016153";"HOSPITAL II ILO";"250304";"HOSPIT. EN UNIDAD DE CUID.INTEN.-UNIDAD DE VIGILANCIA INTENSIVA (UVI)-MEDICINA";"4";"4";"6";"6";"1";"30";"0"
"2023";"11";"120302";"JUNIN";"CHANCHAMAYO";"PERENE";"GOBIERNO REGIONAL";"I-2";"00000337";"MIRICHARO";"NE_0001";"";"NE_0001";"NE_0001";"NE_0001";"NE_0001";"NE_0001";"NE_0001";"NE_0001"
"2023";"11";"120302";"JUNIN";"CHANCHAMAYO";"PERENE";"GOBIERNO REGIONAL";"I-3";"00006716";"CIUDAD SATELITE";"NE_0001";"";"NE_0001";"NE_0001";"NE_0001";"NE_0001";"NE_0001";"NE_0001";"NE_0001"
"2023";"11";"120302";"JUNIN";"CHANCHAMAYO";"PERENE";"GOBIERNO REGIONAL";"I-1";"00000338";"SAN CRISTOBAL";"NE_0001";"";"NE_0001";"NE_0001";"NE_0001";"NE_0001";"NE_0001";"NE_0001";"NE_0001"
"2023";"09";"140101";"LAMBAYEQUE";"CHICLAYO";"CHICLAYO";"PRIVADO";"II-E";"00017589";"INSTITUTO OFTALMOLÓGICO LA LUZ SAC";"NE_0001";"";"NE_0001";"NE_0001";"NE_0001";"NE_0001";"NE_0001";"NE_0001";"NE_0001"
"2023";"09";"140101";"LAMBAYEQUE";"CHICLAYO";"CHICLAYO";"PRIVADO";"II-E";"00026706";"CLINICA UNION SAC.";"241400";"HOSPITALIZACIÓN QUIRÚRGICA GINECO - OBSTETRICIA ";"93";"80";"124";"150";"6";"160";"0"
"2023";"09";"140101";"LAMBAYEQUE";"CHICLAYO";"CHICLAYO";"PRIVADO";"II-E";"00026706";"CLINICA UNION SAC.";"240100";"HOSPITALIZACIÓN QUIRÚRGICA CIRUGÍA GENERAL ";"84";"60";"109";"115";"3";"120";"0"
"2023";"09";"140101";"LAMBAYEQUE";"CHICLAYO";"CHICLAYO";"PRIVADO";"II-E";"00026706";"CLINICA UNION SAC.";"241300";"HOSPITALIZACIÓN QUIRÚRGICA UROLOGÍA  ";"25";"33";"47";"55";"2";"60";"0"
"2023";"09";"140101";"LAMBAYEQUE";"CHICLAYO";"CHICLAYO";"PRIVADO";"II-E";"00026706";"CLINICA UNION SAC.";"240200";"HOSPITALIZACIÓN QUIRÚRGICA CIRUGÍA DE CABEZA Y CUELLO / MÁXILO FACIAL ";"12";"9";"14";"5";"1";"75";"0"
"2023";"09";"140101";"LAMBAYEQUE";"CHICLAYO";"CHICLAYO";"PRIVADO";"II-E";"00026706";"CLINICA UNION SAC.";"241200";"HOSPITALIZACIÓN QUIRÚRGICA TRAUMATOLOGÍA Y ORTOPEDIA ";"16";"6";"17";"18";"1";"25";"0"
"2023";"09";"140101";"LAMBAYEQUE";"CHICLAYO";"CHICLAYO";"PRIVADO";"II-E";"00026706";"CLINICA UNION SAC.";"240800";"HOSPITALIZACIÓN QUIRÚRGICA CIRUGÍA PLÁSTICA/RECONSTRUCTIVA/ REPARADORA ";"6";"5";"7";"18";"1";"36";"0"
"2023";"09";"140101";"LAMBAYEQUE";"CHICLAYO";"CHICLAYO";"PRIVADO";"II-E";"00026706";"CLINICA UNION SAC.";"240400";"HOSPITALIZACIÓN QUIRÚRGICA CIRUGÍA DE TÓRAX Y CARDIOVASCULAR ";"8";"4";"9";"18";"1";"24";"0"
"2023";"09";"140101";"LAMBAYEQUE";"CHICLAYO";"CHICLAYO";"PRIVADO";"II-E";"00026706";"CLINICA UNION SAC.";"240900";"HOSPITALIZACIÓN QUIRÚRGICA NEUROCIRUGÍA ";"3";"6";"8";"20";"1";"30";"0"
"2023";"09";"140101";"LAMBAYEQUE";"CHICLAYO";"CHICLAYO";"PRIVADO";"II-E";"00026706";"CLINICA UNION SAC.";"241900";"HOSPITALIZACIÓN DE MEDICINA MEDICINA INTERNA ";"4";"3";"7";"7";"1";"12";"0"
"2023";"09";"150117";"LIMA";"LIMA";"LOS OLIVOS";"PRIVADO";"II-E";"00017847";"CLINICA DEL NORTE";"241400";"HOSPITALIZACIÓN QUIRÚRGICA GINECO - OBSTETRICIA ";"18";"22";"24";"21";"5";"125";"0"
"2023";"09";"100604";"HUANUCO";"LEONCIO PRADO";"JOSE CRESPO Y CASTILLO";"ESSALUD";"I-2";"00027083";"POSTA MÉDICA AUCAYACU";"NE_0001";"";"NE_0001";"NE_0001";"NE_0001";"NE_0001";"NE_0001";"NE_0001";"NE_0001"
"2023";"09";"080504";"CUSCO";"CANAS";"LANGUI";"GOBIERNO REGIONAL";"I-1";"00002370";"CONDEVILUYO";"NE_0001";"";"NE_0001";"NE_0001";"NE_0001";"NE_0001";"NE_0001";"NE_0001";"NE_0001"
"2023";"09";"080505";"CUSCO";"CANAS";"LAYO";"GOBIERNO REGIONAL";"I-3";"00002371";"LAYO";"NE_0001";"";"NE_0001";"NE_0001";"NE_0001";"NE_0001";"NE_0001";"NE_0001";"NE_0001"
"2023";"09";"080604";"CUSCO";"CANCHIS";"MARANGANI";"GOBIERNO REGIONAL";"I-3";"00002388";"MARANGANI";"NE_0001";"";"NE_0001";"NE_0001";"NE_0001";"NE_0001";"NE_0001";"NE_0001";"NE_0001"
"2023";"10";"080702";"CUSCO";"CHUMBIVILCAS";"CAPACMARCA";"GOBIERNO REGIONAL";"I-3";"00002401";"CCAPACMARCA";"NE_0001";"";"NE_0001";"NE_0001";"NE_0001";"NE_0001";"NE_0001";"NE_0001";"NE_0001"
"2023";"10";"080702";"CUSCO";"CHUMBIVILCAS";"CAPACMARCA";"GOBIERNO REGIONAL";"I-1";"00009963";"CANCAHUANI";"NE_0001";"";"NE_0001";"NE_0001";"NE_0001";"NE_0001";"NE_0001";"NE_0001";"NE_0001"
"2023";"10";"080702";"CUSCO";"CHUMBIVILCAS";"CAPACMARCA";"GOBIERNO REGIONAL";"I-1";"00027009";"TAHUAY";"NE_0001";"";"NE_0001";"NE_0001";"NE_0001";"NE_0001";"NE_0001";"NE_0001";"NE_0001"
"2023";"10";"130105";"LA LIBERTAD";"TRUJILLO";"LA ESPERANZA";"ESSALUD";"III-E";"00020925";"HOSPITAL DE ALTA COMPLEJIDAD DE LA LIBERTAD VIRGEN DE LA PUERTA";"242300";"HOSPITALIZACIÓN DE PEDIATRÍA  PEDIATRÍA  GENERAL ";"17";"33";"285";"261";"13";"403";"0"
"2023";"10";"200701";"PIURA";"TALARA";"PARIÑAS";"PRIVADO";"II-1";"00011498";"CLINICA TORRES S.A.";"240000";"HOSPITALIZACIÓN";"12";"12";"31";"62";"16";"434";"0"
"2023";"10";"190103";"PASCO";"PASCO";"HUARIACA";"ESSALUD";"II-E";"00009749";"HOSPITAL II - E HUARIACA";"241800";"HOSPITALIZACIÓN DE MEDICINA MEDICINA GENERAL ";"28";"24";"70";"92";"10";"310";"0"
"2023";"10";"190103";"PASCO";"PASCO";"HUARIACA";"ESSALUD";"II-E";"00009749";"HOSPITAL II - E HUARIACA";"242100";"HOSPITALIZACIÓN DE MEDICINA ONCOLOGÍA MÉDICA ";"51";"53";"149";"145";"10";"310";"0"
"2023";"10";"190103";"PASCO";"PASCO";"HUARIACA";"ESSALUD";"II-E";"00009749";"HOSPITAL II - E HUARIACA";"242200";"HOSPITALIZACIÓN DE MEDICINA PSIQUIATRÍA ";"10";"6";"2313";"982";"70";"2170";"1"
"2023";"10";"190103";"PASCO";"PASCO";"HUARIACA";"ESSALUD";"II-E";"00009749";"HOSPITAL II - E HUARIACA";"240100";"HOSPITALIZACIÓN QUIRÚRGICA CIRUGÍA GENERAL ";"15";"14";"47";"47";"2";"62";"0"
"2023";"10";"190103";"PASCO";"PASCO";"HUARIACA";"ESSALUD";"II-E";"00009749";"HOSPITAL II - E HUARIACA";"241400";"HOSPITALIZACIÓN QUIRÚRGICA GINECO - OBSTETRICIA ";"11";"9";"29";"31";"2";"62";"0"
"2023";"10";"150131";"LIMA";"LIMA";"SAN ISIDRO";"PRIVADO";"II-2";"00008398";"CLINICA EL GOLF";"240000";"HOSPITALIZACIÓN";"294";"277";"982";"316";"54";"1620";"7"
"2023";"10";"120701";"JUNIN";"TARMA";"TARMA";"GOBIERNO REGIONAL";"I-1";"00000589";"VICORA CONGAS";"NE_0001";"";"NE_0001";"NE_0001";"NE_0001";"NE_0001";"NE_0001";"NE_0001";"NE_0001"
"2023";"10";"120701";"JUNIN";"TARMA";"TARMA";"GOBIERNO REGIONAL";"I-1";"00000584";"TARMATAMBO";"NE_0001";"";"NE_0001";"NE_0001";"NE_0001";"NE_0001";"NE_0001";"NE_0001";"NE_0001"
"2023";"10";"120701";"JUNIN";"TARMA";"TARMA";"GOBIERNO REGIONAL";"I-1";"00000586";"MUYLO";"NE_0001";"";"NE_0001";"NE_0001";"NE_0001";"NE_0001";"NE_0001";"NE_0001";"NE_0001"
"2023";"10";"120701";"JUNIN";"TARMA";"TARMA";"GOBIERNO REGIONAL";"I-1";"00000593";"SANYACANCHA";"NE_0001";"";"NE_0001";"NE_0001";"NE_0001";"NE_0001";"NE_0001";"NE_0001";"NE_0001"
"2023";"10";"120701";"JUNIN";"TARMA";"TARMA";"GOBIERNO REGIONAL";"I-1";"00000590";"MISARURASHA";"NE_0001";"";"NE_0001";"NE_0001";"NE_0001";"NE_0001";"NE_0001";"NE_0001";"NE_0001"
"2023";"10";"120701";"JUNIN";"TARMA";"TARMA";"GOBIERNO REGIONAL";"I-1";"00000591";"CARHUACATAC";"NE_0001";"";"NE_0001";"NE_0001";"NE_0001";"NE_0001";"NE_0001";"NE_0001";"NE_0001"
"2023";"10";"120701";"JUNIN";"TARMA";"TARMA";"GOBIERNO REGIONAL";"I-1";"00000585";"COCHAS";"NE_0001";"";"NE_0001";"NE_0001";"NE_0001";"NE_0001";"NE_0001";"NE_0001";"NE_0001"
"2023";"10";"120701";"JUNIN";"TARMA";"TARMA";"GOBIERNO REGIONAL";"I-1";"00000592";"PALCAPACCHA";"NE_0001";"";"NE_0001";"NE_0001";"NE_0001";"NE_0001";"NE_0001";"NE_0001";"NE_0001"
"2023";"10";"120701";"JUNIN";"TARMA";"TARMA";"GOBIERNO REGIONAL";"I-2";"00000587";"POMACHACA";"NE_0001";"";"NE_0001";"NE_0001";"NE_0001";"NE_0001";"NE_0001";"NE_0001";"NE_0001"
"2023";"10";"120701";"JUNIN";"TARMA";"TARMA";"GOBIERNO REGIONAL";"I-1";"00000588";"MULLUCRO";"NE_0001";"";"NE_0001";"NE_0001";"NE_0001";"NE_0001";"NE_0001";"NE_0001";"NE_0001"
"2023";"10";"150130";"LIMA";"LIMA";"SAN BORJA";"PRIVADO";"II-E";"00033189";"CLINICA INSTITUTO ONCOLOGICO PERUANO";"240000";"HOSPITALIZACIÓN";"26";"26";"49";"28";"10";"320";"0"
"2023";"10";"130105";"LA LIBERTAD";"TRUJILLO";"LA ESPERANZA";"GOBIERNO REGIONAL";"II-1";"00005226";"HOSPITAL DISTRITAL JERUSALEN";"241400";"HOSPITALIZACIÓN QUIRÚRGICA GINECO - OBSTETRICIA ";"7";"7";"16";"43";"6";"186";"0"
"2023";"10";"130105";"LA LIBERTAD";"TRUJILLO";"LA ESPERANZA";"GOBIERNO REGIONAL";"II-1";"00005226";"HOSPITAL DISTRITAL JERUSALEN";"241600";"HOSPITALIZACIÓN QUIRÚRGICA OBSTETRICIA   ";"38";"38";"45";"62";"6";"186";"0"
"2023";"10";"040112";"AREQUIPA";"AREQUIPA";"PAUCARPATA";"ESSALUD";"II-1";"00013296";"HOSPITAL I EDMUNDO ESCOMEL";"241800";"HOSPITALIZACIÓN DE MEDICINA MEDICINA GENERAL ";"31";"28";"355";"320";"12";"372";"4"
"2023";"10";"040112";"AREQUIPA";"AREQUIPA";"PAUCARPATA";"ESSALUD";"II-1";"00013296";"HOSPITAL I EDMUNDO ESCOMEL";"240100";"HOSPITALIZACIÓN QUIRÚRGICA CIRUGÍA GENERAL ";"180";"183";"371";"368";"13";"403";"0"
"2023";"10";"040112";"AREQUIPA";"AREQUIPA";"PAUCARPATA";"ESSALUD";"II-1";"00013296";"HOSPITAL I EDMUNDO ESCOMEL";"241200";"HOSPITALIZACIÓN QUIRÚRGICA TRAUMATOLOGÍA Y ORTOPEDIA ";"35";"30";"126";"156";"6";"186";"0"
"2023";"10";"040112";"AREQUIPA";"AREQUIPA";"PAUCARPATA";"ESSALUD";"II-1";"00013296";"HOSPITAL I EDMUNDO ESCOMEL";"241500";"HOSPITALIZACIÓN QUIRÚRGICA GINECOLOGÍA  ";"48";"49";"150";"143";"5";"155";"0"
"2023";"10";"040112";"AREQUIPA";"AREQUIPA";"PAUCARPATA";"ESSALUD";"II-1";"00013296";"HOSPITAL I EDMUNDO ESCOMEL";"241600";"HOSPITALIZACIÓN QUIRÚRGICA OBSTETRICIA   ";"166";"164";"341";"344";"13";"403";"0"
"2023";"10";"040112";"AREQUIPA";"AREQUIPA";"PAUCARPATA";"ESSALUD";"II-1";"00013296";"HOSPITAL I EDMUNDO ESCOMEL";"242300";"HOSPITALIZACIÓN DE PEDIATRÍA  PEDIATRÍA  GENERAL ";"96";"94";"238";"237";"9";"279";"0"
"2023";"10";"150131";"LIMA";"LIMA";"SAN ISIDRO";"PRIVADO";"II-E";"00009288";"NOVOCLINIC";"240000";"HOSPITALIZACIÓN";"200";"194";"243";"100";"16";"402";"0"
"2023";"10";"120501";"JUNIN";"JUNIN";"JUNIN";"GOBIERNO REGIONAL";"II-1";"00000519";"DE APOYO JUNIN";"241800";"HOSPITALIZACIÓN DE MEDICINA MEDICINA GENERAL ";"3";"4";"25";"25";"10";"310";"0"
"2023";"10";"120501";"JUNIN";"JUNIN";"JUNIN";"GOBIERNO REGIONAL";"II-1";"00000519";"DE APOYO JUNIN";"243200";"HOSPITALIZACIÓN DE PEDIATRÍA PEDIATRIA NEONATOLOGÍA";"3";"4";"9";"10";"4";"124";"0"
"2023";"10";"120501";"JUNIN";"JUNIN";"JUNIN";"GOBIERNO REGIONAL";"II-1";"00000519";"DE APOYO JUNIN";"242500";"HOSPITALIZACIÓN-PEDIATRÍA GENERAL-";"2";"2";"7";"7";"4";"124";"0"
"2023";"10";"120501";"JUNIN";"JUNIN";"JUNIN";"GOBIERNO REGIONAL";"II-1";"00000519";"DE APOYO JUNIN";"240100";"HOSPITALIZACIÓN QUIRÚRGICA CIRUGÍA GENERAL ";"12";"13";"45";"44";"10";"310";"0"
"2023";"10";"120501";"JUNIN";"JUNIN";"JUNIN";"GOBIERNO REGIONAL";"II-1";"00000519";"DE APOYO JUNIN";"241500";"HOSPITALIZACIÓN QUIRÚRGICA GINECOLOGÍA  ";"14";"14";"38";"41";"4";"124";"0"
"2023";"10";"120501";"JUNIN";"JUNIN";"JUNIN";"GOBIERNO REGIONAL";"II-1";"00000519";"DE APOYO JUNIN";"242200";"HOSPITALIZACIÓN DE MEDICINA PSIQUIATRÍA ";"0";"8";"232";"232";"10";"310";"0"
"2023";"10";"120501";"JUNIN";"JUNIN";"JUNIN";"GOBIERNO REGIONAL";"II-1";"00000519";"DE APOYO JUNIN";"241600";"HOSPITALIZACIÓN QUIRÚRGICA OBSTETRICIA   ";"8";"10";"24";"24";"4";"124";"0"
"2023";"10";"230101";"TACNA";"TACNA";"TACNA";"PRIVADO";"II-1";"00027462";"CLINICA LA LUZ";"240300";"HOSPITALIZACIÓN QUIRÚRGICA CIRUGÍA DIGESTIVA ";"37";"37";"42";"37";"13";"185";"0"
"2023";"10";"230101";"TACNA";"TACNA";"TACNA";"PRIVADO";"II-1";"00027462";"CLINICA LA LUZ";"240800";"HOSPITALIZACIÓN QUIRÚRGICA CIRUGÍA PLÁSTICA/RECONSTRUCTIVA/ REPARADORA ";"16";"16";"16";"16";"10";"132";"0"
"2023";"10";"230101";"TACNA";"TACNA";"TACNA";"PRIVADO";"II-1";"00027462";"CLINICA LA LUZ";"241500";"HOSPITALIZACIÓN QUIRÚRGICA GINECOLOGÍA  ";"8";"8";"11";"8";"6";"64";"0"
"2023";"10";"230101";"TACNA";"TACNA";"TACNA";"PRIVADO";"II-1";"00027462";"CLINICA LA LUZ";"243200";"HOSPITALIZACIÓN DE PEDIATRÍA PEDIATRIA NEONATOLOGÍA";"8";"8";"13";"8";"5";"58";"0"
"2023";"10";"230101";"TACNA";"TACNA";"TACNA";"PRIVADO";"II-1";"00027462";"CLINICA LA LUZ";"241200";"HOSPITALIZACIÓN QUIRÚRGICA TRAUMATOLOGÍA Y ORTOPEDIA ";"7";"7";"8";"7";"5";"32";"0"
"2023";"10";"230101";"TACNA";"TACNA";"TACNA";"PRIVADO";"II-1";"00027462";"CLINICA LA LUZ";"241300";"HOSPITALIZACIÓN QUIRÚRGICA UROLOGÍA  ";"5";"5";"12";"5";"5";"25";"0"
"2023";"10";"230101";"TACNA";"TACNA";"TACNA";"PRIVADO";"II-1";"00027462";"CLINICA LA LUZ";"240900";"HOSPITALIZACIÓN QUIRÚRGICA NEUROCIRUGÍA ";"4";"4";"15";"4";"4";"18";"0"
"2023";"10";"230101";"TACNA";"TACNA";"TACNA";"PRIVADO";"II-1";"00027462";"CLINICA LA LUZ";"242300";"HOSPITALIZACIÓN DE PEDIATRÍA  PEDIATRÍA  GENERAL ";"3";"3";"14";"3";"2";"7";"0"
"2023";"10";"230101";"TACNA";"TACNA";"TACNA";"PRIVADO";"II-1";"00027462";"CLINICA LA LUZ";"241600";"HOSPITALIZACIÓN QUIRÚRGICA OBSTETRICIA   ";"1";"1";"2";"1";"1";"3";"0"
"2023";"10";"230101";"TACNA";"TACNA";"TACNA";"PRIVADO";"II-1";"00027462";"CLINICA LA LUZ";"240400";"HOSPITALIZACIÓN QUIRÚRGICA CIRUGÍA DE TÓRAX Y CARDIOVASCULAR ";"1";"1";"6";"1";"1";"3";"0"
"2023";"10";"120704";"JUNIN";"TARMA";"HUASAHUASI";"GOBIERNO REGIONAL";"I-1";"00000547";"CHIRAS";"NE_0001";"";"NE_0001";"NE_0001";"NE_0001";"NE_0001";"NE_0001";"NE_0001";"NE_0001"
"2023";"10";"120704";"JUNIN";"TARMA";"HUASAHUASI";"GOBIERNO REGIONAL";"I-1";"00000544";"PUNRAY";"NE_0001";"";"NE_0001";"NE_0001";"NE_0001";"NE_0001";"NE_0001";"NE_0001";"NE_0001"
"2023";"10";"120704";"JUNIN";"TARMA";"HUASAHUASI";"GOBIERNO REGIONAL";"I-1";"00000543";"CASCA";"NE_0001";"";"NE_0001";"NE_0001";"NE_0001";"NE_0001";"NE_0001";"NE_0001";"NE_0001"
"2023";"10";"120704";"JUNIN";"TARMA";"HUASAHUASI";"GOBIERNO REGIONAL";"I-4";"00000542";"HUASAHUASI";"241600";"HOSPITALIZACIÓN QUIRÚRGICA OBSTETRICIA   ";"2";"2";"2";"2";"2";"62";"0"
"2023";"10";"120704";"JUNIN";"TARMA";"HUASAHUASI";"GOBIERNO REGIONAL";"I-1";"00000546";"SAN JUAN DE LA LIBERTAD";"NE_0001";"";"NE_0001";"NE_0001";"NE_0001";"NE_0001";"NE_0001";"NE_0001";"NE_0001"
"2023";"10";"120704";"JUNIN";"TARMA";"HUASAHUASI";"GOBIERNO REGIONAL";"I-1";"00000545";"HUACUAS";"NE_0001";"";"NE_0001";"NE_0001";"NE_0001";"NE_0001";"NE_0001";"NE_0001";"NE_0001"
"2023";"10";"120704";"JUNIN";"TARMA";"HUASAHUASI";"GOBIERNO REGIONAL";"I-1";"00000548";"TIAMBRA";"NE_0001";"";"NE_0001";"NE_0001";"NE_0001";"NE_0001";"NE_0001";"NE_0001";"NE_0001"
"2023";"10";"160101";"LORETO";"MAYNAS";"IQUITOS";"PRIVADO";"II-1";"00012170";"SERVICIOS MEDICOS CLINICA SANTA ANITA SRL";"NE_0002";"";"NE_0002";"NE_0002";"NE_0002";"NE_0002";"NE_0002";"NE_0002";"NE_0002"
"2023";"10";"022001";"ANCASH";"YUNGAY";"YUNGAY";"GOBIERNO REGIONAL";"II-1";"00001633";"HOSPITAL DE APOYO YUNGAY";"241800";"HOSPITALIZACIÓN DE MEDICINA MEDICINA GENERAL ";"24";"20";"72";"92";"9";"279";"1"
"2023";"10";"022001";"ANCASH";"YUNGAY";"YUNGAY";"GOBIERNO REGIONAL";"II-1";"00001633";"HOSPITAL DE APOYO YUNGAY";"240100";"HOSPITALIZACIÓN QUIRÚRGICA CIRUGÍA GENERAL ";"6";"7";"25";"23";"6";"186";"0"
"2023";"10";"022001";"ANCASH";"YUNGAY";"YUNGAY";"GOBIERNO REGIONAL";"II-1";"00001633";"HOSPITAL DE APOYO YUNGAY";"242500";"HOSPITALIZACIÓN-PEDIATRÍA GENERAL-";"3";"3";"7";"8";"4";"124";"0"
"2023";"10";"022001";"ANCASH";"YUNGAY";"YUNGAY";"GOBIERNO REGIONAL";"II-1";"00001633";"HOSPITAL DE APOYO YUNGAY";"241600";"HOSPITALIZACIÓN QUIRÚRGICA OBSTETRICIA   ";"42";"45";"81";"74";"6";"186";"0"
"2023";"10";"060101";"CAJAMARCA";"CAJAMARCA";"CAJAMARCA";"GOBIERNO REGIONAL";"I-3";"00027069";"CENTRO DE SALUD MENTAL COMUNITARIO ""ESPERANZA DE VIDA""";"NE_0001";"";"NE_0001";"NE_0001";"NE_0001";"NE_0001";"NE_0001";"NE_0001";"NE_0001"
"2023";"10";"150131";"LIMA";"LIMA";"SAN ISIDRO";"PRIVADO";"II-2";"00008398";"CLINICA EL GOLF";"250103";"UNIDAD DE CUIDADOS CRITICOS UNIDAD  DE CUIDADOS INTENSIVOS GENERALES  (UCI) MEDICINA";"6";"5";"102";"20";"6";"180";"3"
"2023";"10";"220402";"SAN MARTIN";"HUALLAGA";"ALTO SAPOSOA";"GOBIERNO REGIONAL";"I-1";"00006540";"NUEVA VIDA";"NE_0001";"";"NE_0001";"NE_0001";"NE_0001";"NE_0001";"NE_0001";"NE_0001";"NE_0001"
"2023";"10";"220401";"SAN MARTIN";"HUALLAGA";"SAPOSOA";"GOBIERNO REGIONAL";"I-1";"00006531";"ALMENDRAS";"NE_0001";"";"NE_0001";"NE_0001";"NE_0001";"NE_0001";"NE_0001";"NE_0001";"NE_0001"
"2023";"10";"220404";"SAN MARTIN";"HUALLAGA";"PISCOYACU";"GOBIERNO REGIONAL";"I-1";"00006533";"PISCOYACU";"NE_0001";"";"NE_0001";"NE_0001";"NE_0001";"NE_0001";"NE_0001";"NE_0001";"NE_0001"
"2023";"10";"220401";"SAN MARTIN";"HUALLAGA";"SAPOSOA";"GOBIERNO REGIONAL";"I-1";"00021587";"ALTO PACHIZA";"NE_0001";"";"NE_0001";"NE_0001";"NE_0001";"NE_0001";"NE_0001";"NE_0001";"NE_0001"
"2023";"10";"220401";"SAN MARTIN";"HUALLAGA";"SAPOSOA";"GOBIERNO REGIONAL";"I-1";"00006532";"PALTAICO";"NE_0001";"";"NE_0001";"NE_0001";"NE_0001";"NE_0001";"NE_0001";"NE_0001";"NE_0001"
"2023";"10";"220401";"SAN MARTIN";"HUALLAGA";"SAPOSOA";"GOBIERNO REGIONAL";"I-1";"00006530";"7 DE JUNIO-AHUIHUA";"NE_0001";"";"NE_0001";"NE_0001";"NE_0001";"NE_0001";"NE_0001";"NE_0001";"NE_0001"
"2023";"10";"220402";"SAN MARTIN";"HUALLAGA";"ALTO SAPOSOA";"GOBIERNO REGIONAL";"I-1";"00006541";"YACUSISA";"NE_0001";"";"NE_0001";"NE_0001";"NE_0001";"NE_0001";"NE_0001";"NE_0001";"NE_0001"
"2023";"10";"220401";"SAN MARTIN";"HUALLAGA";"SAPOSOA";"GOBIERNO REGIONAL";"I-3";"00006538";"EL DORADO";"241600";"HOSPITALIZACIÓN QUIRÚRGICA OBSTETRICIA   ";"1";"1";"1";"3";"4";"30";"0"
"2023";"10";"220401";"SAN MARTIN";"HUALLAGA";"SAPOSOA";"GOBIERNO REGIONAL";"I-1";"00006535";"SAN REGIS";"NE_0001";"";"NE_0001";"NE_0001";"NE_0001";"NE_0001";"NE_0001";"NE_0001";"NE_0001"
"2023";"10";"220401";"SAN MARTIN";"HUALLAGA";"SAPOSOA";"GOBIERNO REGIONAL";"I-1";"00006536";"INTIYACU";"NE_0001";"";"NE_0001";"NE_0001";"NE_0001";"NE_0001";"NE_0001";"NE_0001";"NE_0001"
"2023";"10";"220401";"SAN MARTIN";"HUALLAGA";"SAPOSOA";"GOBIERNO REGIONAL";"I-1";"00006537";"CHAMBIRA";"NE_0001";"";"NE_0001";"NE_0001";"NE_0001";"NE_0001";"NE_0001";"NE_0001";"NE_0001"
"2023";"10";"220402";"SAN MARTIN";"HUALLAGA";"ALTO SAPOSOA";"GOBIERNO REGIONAL";"I-2";"00006539";"PASARRAYA";"NE_0001";"";"NE_0001";"NE_0001";"NE_0001";"NE_0001";"NE_0001";"NE_0001";"NE_0001"
"2023";"10";"220401";"SAN MARTIN";"HUALLAGA";"SAPOSOA";"GOBIERNO REGIONAL";"I-1";"00026163";"AGUA AZUL";"NE_0001";"";"NE_0001";"NE_0001";"NE_0001";"NE_0001";"NE_0001";"NE_0001";"NE_0001"
"2023";"10";"220401";"SAN MARTIN";"HUALLAGA";"SAPOSOA";"GOBIERNO REGIONAL";"I-1";"00006534";"SAN ANDRES";"NE_0001";"";"NE_0001";"NE_0001";"NE_0001";"NE_0001";"NE_0001";"NE_0001";"NE_0001"
"2023";"10";"220402";"SAN MARTIN";"HUALLAGA";"ALTO SAPOSOA";"GOBIERNO REGIONAL";"I-1";"00006540";"NUEVA VIDA";"NE_0001";"";"NE_0001";"NE_0001";"NE_0001";"NE_0001";"NE_0001";"NE_0001";"NE_0001"
"2023";"09";"150120";"LIMA";"LIMA";"MAGDALENA DEL MAR";"PRIVADO";"II-E";"00015349";"MEDICAL PLASTIC";"240800";"HOSPITALIZACIÓN QUIRÚRGICA CIRUGÍA PLÁSTICA/RECONSTRUCTIVA/ REPARADORA ";"6";"6";"6";"6";"4";"120";"0"
"2023";"08";"250301";"UCAYALI";"PADRE ABAD";"PADRE ABAD";"GOBIERNO REGIONAL";"I-2";"00006802";"SHAMBILLO";"NE_0001";"";"NE_0001";"NE_0001";"NE_0001";"NE_0001";"NE_0001";"NE_0001";"NE_0001"
"2023";"08";"250301";"UCAYALI";"PADRE ABAD";"PADRE ABAD";"GOBIERNO REGIONAL";"I-2";"00005411";"SANTA ROSA DE AGUAYTIA";"NE_0001";"";"NE_0001";"NE_0001";"NE_0001";"NE_0001";"NE_0001";"NE_0001";"NE_0001"
"2023";"08";"250301";"UCAYALI";"PADRE ABAD";"PADRE ABAD";"GOBIERNO REGIONAL";"I-2";"00005406";"PREVISTO";"NE_0001";"";"NE_0001";"NE_0001";"NE_0001";"NE_0001";"NE_0001";"NE_0001";"NE_0001"
"2023";"08";"250301";"UCAYALI";"PADRE ABAD";"PADRE ABAD";"GOBIERNO REGIONAL";"I-1";"00005403";"MIGUEL GRAU SEMINARIO";"NE_0001";"";"NE_0001";"NE_0001";"NE_0001";"NE_0001";"NE_0001";"NE_0001";"NE_0001"
"2023";"08";"250301";"UCAYALI";"PADRE ABAD";"PADRE ABAD";"GOBIERNO REGIONAL";"I-1";"00005402";"MARISCAL CACERES.";"NE_0001";"";"NE_0001";"NE_0001";"NE_0001";"NE_0001";"NE_0001";"NE_0001";"NE_0001"
"2023";"08";"250301";"UCAYALI";"PADRE ABAD";"PADRE ABAD";"GOBIERNO REGIONAL";"I-1";"00005401";"LA DIVISORIA";"NE_0001";"";"NE_0001";"NE_0001";"NE_0001";"NE_0001";"NE_0001";"NE_0001";"NE_0001"
"2023";"08";"250301";"UCAYALI";"PADRE ABAD";"PADRE ABAD";"GOBIERNO REGIONAL";"I-2";"00005400";"HUIPOCA";"NE_0001";"";"NE_0001";"NE_0001";"NE_0001";"NE_0001";"NE_0001";"NE_0001";"NE_0001"
"2023";"08";"250301";"UCAYALI";"PADRE ABAD";"PADRE ABAD";"GOBIERNO REGIONAL";"I-2";"00005399";"BOQUERON";"NE_0001";"";"NE_0001";"NE_0001";"NE_0001";"NE_0001";"NE_0001";"NE_0001";"NE_0001"
"2023";"08";"250301";"UCAYALI";"PADRE ABAD";"PADRE ABAD";"GOBIERNO REGIONAL";"I-1";"00005398";"ALTO AGUAYTIA.";"NE_0001";"";"NE_0001";"NE_0001";"NE_0001";"NE_0001";"NE_0001";"NE_0001";"NE_0001"
"2023";"08";"250301";"UCAYALI";"PADRE ABAD";"PADRE ABAD";"GOBIERNO REGIONAL";"I-1";"00005397";"3 DE OCTUBRE";"NE_0001";"";"NE_0001";"NE_0001";"NE_0001";"NE_0001";"NE_0001";"NE_0001";"NE_0001"
"2023";"08";"250301";"UCAYALI";"PADRE ABAD";"PADRE ABAD";"GOBIERNO REGIONAL";"I-4";"00005395";"AGUAYTIA";"NE_0002";"";"NE_0002";"NE_0002";"NE_0002";"NE_0002";"NE_0002";"NE_0002";"NE_0002"
"2023";"10";"150132";"LIMA";"LIMA";"SAN JUAN DE LURIGANCHO";"MINSA";"II-2";"00005617";"HOSPITAL SAN JUAN DE LURIGANCHO";"240100";"HOSPITALIZACIÓN QUIRÚRGICA CIRUGÍA GENERAL ";"309";"183";"538";"597";"24";"744";"0"
"2023";"10";"150132";"LIMA";"LIMA";"SAN JUAN DE LURIGANCHO";"MINSA";"II-2";"00005617";"HOSPITAL SAN JUAN DE LURIGANCHO";"241500";"HOSPITALIZACIÓN QUIRÚRGICA GINECOLOGÍA  ";"127";"75";"223";"235";"8";"248";"0"
"2023";"10";"150132";"LIMA";"LIMA";"SAN JUAN DE LURIGANCHO";"MINSA";"II-2";"00005617";"HOSPITAL SAN JUAN DE LURIGANCHO";"241600";"HOSPITALIZACIÓN QUIRÚRGICA OBSTETRICIA   ";"272";"267";"577";"583";"24";"744";"0"
"2023";"10";"150132";"LIMA";"LIMA";"SAN JUAN DE LURIGANCHO";"MINSA";"II-2";"00005617";"HOSPITAL SAN JUAN DE LURIGANCHO";"241800";"HOSPITALIZACIÓN DE MEDICINA MEDICINA GENERAL ";"82";"71";"597";"722";"24";"744";"10"
"2023";"10";"150132";"LIMA";"LIMA";"SAN JUAN DE LURIGANCHO";"MINSA";"II-2";"00005617";"HOSPITAL SAN JUAN DE LURIGANCHO";"242300";"HOSPITALIZACIÓN DE PEDIATRÍA  PEDIATRÍA  GENERAL ";"104";"89";"475";"495";"18";"558";"0"
"2023";"10";"150132";"LIMA";"LIMA";"SAN JUAN DE LURIGANCHO";"MINSA";"II-2";"00005617";"HOSPITAL SAN JUAN DE LURIGANCHO";"243200";"HOSPITALIZACIÓN DE PEDIATRÍA PEDIATRIA NEONATOLOGÍA";"13";"9";"54";"56";"3";"93";"0"
"2023";"10";"040112";"AREQUIPA";"AREQUIPA";"PAUCARPATA";"PRIVADO";"II-E";"00016064";"CLINICA PAZ HOLANDESA";"240000";"HOSPITALIZACIÓN";"139";"131";"346";"139";"58";"1798";"0"
"2023";"10";"110501";"ICA";"PISCO";"PISCO";"PRIVADO";"II-1";"00027173";"FAMISALUD SAC";"241500";"HOSPITALIZACIÓN QUIRÚRGICA GINECOLOGÍA  ";"1";"1";"1";"7";"2";"62";"0"
"2023";"10";"110501";"ICA";"PISCO";"PISCO";"PRIVADO";"II-1";"00027173";"FAMISALUD SAC";"241200";"HOSPITALIZACIÓN QUIRÚRGICA TRAUMATOLOGÍA Y ORTOPEDIA ";"0";"0";"0";"7";"1";"31";"0"
"2023";"10";"110501";"ICA";"PISCO";"PISCO";"PRIVADO";"II-1";"00027173";"FAMISALUD SAC";"240100";"HOSPITALIZACIÓN QUIRÚRGICA CIRUGÍA GENERAL ";"3";"4";"10";"7";"4";"112";"0"
"2023";"10";"110501";"ICA";"PISCO";"PISCO";"PRIVADO";"II-1";"00027173";"FAMISALUD SAC";"241800";"HOSPITALIZACIÓN DE MEDICINA MEDICINA GENERAL ";"3";"3";"8";"7";"1";"31";"0"
"2023";"10";"150103";"LIMA";"LIMA";"ATE";"PRIVADO";"II-1";"00018584";"CLINICA MARIA DEL SOCORRO";"240000";"HOSPITALIZACIÓN";"137";"144";"199";"219";"20";"620";"0"
"2023";"10";"150122";"LIMA";"LIMA";"MIRAFLORES";"PRIVADO";"II-E";"00011750";"CLINICA LOS ANDES SAC";"240000";"HOSPITALIZACIÓN";"58";"57";"84";"86";"15";"465";"0"
"2023";"10";"140101";"LAMBAYEQUE";"CHICLAYO";"CHICLAYO";"GOBIERNO REGIONAL";"III-1";"00011470";"HOSPITAL REGIONAL LAMBAYEQUE";"240000";"HOSPITALIZACIÓN";"532";"478";"1897";"2726";"101";"3131";"12"
"2023";"10";"140101";"LAMBAYEQUE";"CHICLAYO";"CHICLAYO";"GOBIERNO REGIONAL";"III-1";"00011470";"HOSPITAL REGIONAL LAMBAYEQUE";"242300";"HOSPITALIZACIÓN DE PEDIATRÍA  PEDIATRÍA  GENERAL ";"113";"100";"479";"567";"24";"744";"1"
"2023";"10";"140101";"LAMBAYEQUE";"CHICLAYO";"CHICLAYO";"GOBIERNO REGIONAL";"III-1";"00011470";"HOSPITAL REGIONAL LAMBAYEQUE";"243200";"HOSPITALIZACIÓN DE PEDIATRÍA PEDIATRIA NEONATOLOGÍA";"72";"35";"148";"655";"24";"744";"0"
"2023";"10";"140101";"LAMBAYEQUE";"CHICLAYO";"CHICLAYO";"GOBIERNO REGIONAL";"III-1";"00011470";"HOSPITAL REGIONAL LAMBAYEQUE";"250100";"UNIDAD DE CUIDADOS CRITICOS UNIDAD  DE CUIDADOS INTENSIVOS GENERALES (UCI) ";"15";"0";"0";"242";"8";"248";"0"
"2023";"10";"140101";"LAMBAYEQUE";"CHICLAYO";"CHICLAYO";"GOBIERNO REGIONAL";"III-1";"00011470";"HOSPITAL REGIONAL LAMBAYEQUE";"250200";"UNIDAD DE CUIDADOS CRITICOS UNIDAD DE CUIDADOS INTERMEDIOS GENERAL  (UCIN) ";"22";"3";"26";"285";"10";"310";"3"
"2023";"10";"140101";"LAMBAYEQUE";"CHICLAYO";"CHICLAYO";"GOBIERNO REGIONAL";"III-1";"00011470";"HOSPITAL REGIONAL LAMBAYEQUE";"250105";"UNIDAD DE CUIDADOS CRITICOS UNIDAD  DE CUIDADOS INTENSIVOS  (UCI) NEONATOLOGÍA";"15";"6";"55";"177";"6";"186";"6"
"2023";"10";"140101";"LAMBAYEQUE";"CHICLAYO";"CHICLAYO";"GOBIERNO REGIONAL";"III-1";"00011470";"HOSPITAL REGIONAL LAMBAYEQUE";"250108";"UNIDAD DE CUIDADOS CRITICOS UNIDAD  DE CUIDADOS INTENSIVOS  (UCI) PEDIÁTRICA";"13";"8";"46";"116";"4";"124";"4"
"2023";"10";"150131";"LIMA";"LIMA";"SAN ISIDRO";"PRIVADO";"II-E";"00018581";"CLINICA PETRAS";"240800";"HOSPITALIZACIÓN QUIRÚRGICA CIRUGÍA PLÁSTICA/RECONSTRUCTIVA/ REPARADORA ";"8";"8";"8";"1";"2,00";"62";"0"
"2023";"10";"220501";"SAN MARTIN";"LAMAS";"LAMAS";"ESSALUD";"I-2";"00016484";"POSTA MEDICA LAMAS - ESSALUD";"NE_0001";"";"NE_0001";"NE_0001";"NE_0001";"NE_0001";"NE_0001";"NE_0001";"NE_0001"
"2023";"10";"060307";"CAJAMARCA";"CELENDIN";"MIGUEL IGLESIAS";"GOBIERNO REGIONAL";"I-3";"00004478";"MIGUEL IGLESIAS";"NE_0001";"";"NE_0001";"NE_0001";"NE_0001";"NE_0001";"NE_0001";"NE_0001";"NE_0001"
"2023";"10";"060307";"CAJAMARCA";"CELENDIN";"MIGUEL IGLESIAS";"GOBIERNO REGIONAL";"I-1";"00009085";"MUYOC GRANDE";"NE_0001";"";"NE_0001";"NE_0001";"NE_0001";"NE_0001";"NE_0001";"NE_0001";"NE_0001"
"2023";"10";"060302";"CAJAMARCA";"CELENDIN";"CHUMUCH";"GOBIERNO REGIONAL";"I-1";"00004479";"CHUMUCH";"NE_0001";"";"NE_0001";"NE_0001";"NE_0001";"NE_0001";"NE_0001";"NE_0001";"NE_0001"
"2023";"10";"060312";"CAJAMARCA";"CELENDIN";"LA LIBERTAD DE PALLAN";"GOBIERNO REGIONAL";"I-2";"00004481";"LA LIBERTAD DE PALLAN";"NE_0001";"";"NE_0001";"NE_0001";"NE_0001";"NE_0001";"NE_0001";"NE_0001";"NE_0001"
"2023";"10";"060312";"CAJAMARCA";"CELENDIN";"LA LIBERTAD DE PALLAN";"GOBIERNO REGIONAL";"I-1";"00004480";"NUEVA ESPERANZA";"NE_0001";"";"NE_0001";"NE_0001";"NE_0001";"NE_0001";"NE_0001";"NE_0001";"NE_0001"
"2023";"10";"060312";"CAJAMARCA";"CELENDIN";"LA LIBERTAD DE PALLAN";"GOBIERNO REGIONAL";"I-1";"00006756";"RAMOSCUCHO";"NE_0001";"";"NE_0001";"NE_0001";"NE_0001";"NE_0001";"NE_0001";"NE_0001";"NE_0001"
"2023";"10";"060307";"CAJAMARCA";"CELENDIN";"MIGUEL IGLESIAS";"GOBIERNO REGIONAL";"I-1";"00009088";"PIZON";"NE_0001";"";"NE_0001";"NE_0001";"NE_0001";"NE_0001";"NE_0001";"NE_0001";"NE_0001"
"2023";"10";"060307";"CAJAMARCA";"CELENDIN";"MIGUEL IGLESIAS";"GOBIERNO REGIONAL";"I-1";"00011156";"MUYOC CHICO";"NE_0001";"";"NE_0001";"NE_0001";"NE_0001";"NE_0001";"NE_0001";"NE_0001";"NE_0001"
"2023";"10";"060302";"CAJAMARCA";"CELENDIN";"CHUMUCH";"GOBIERNO REGIONAL";"I-1";"00006759";"RAMBRAN";"NE_0001";"";"NE_0001";"NE_0001";"NE_0001";"NE_0001";"NE_0001";"NE_0001";"NE_0001"
"2023";"10";"060307";"CAJAMARCA";"CELENDIN";"MIGUEL IGLESIAS";"GOBIERNO REGIONAL";"I-1";"00025042";"JORGE CHAVEZ DE MIGUEL IGLESIAS";"NE_0001";"";"NE_0001";"NE_0001";"NE_0001";"NE_0001";"NE_0001";"NE_0001";"NE_0001"
"2023";"10";"120401";"JUNIN";"JAUJA";"JAUJA";"SANIDAD DE LA POLICIA NACIONAL DEL PERU";"I-2";"00011874";"POSTA MEDICA POLICIAL JAUJA";"NE_0001";"";"NE_0001";"NE_0001";"NE_0001";"NE_0001";"NE_0001";"NE_0001";"NE_0001"
"2023";"10";"130111";"LA LIBERTAD";"TRUJILLO";"VICTOR LARCO HERRERA";"GOBIERNO REGIONAL";"II-1";"00005243";"HOSPITAL DISTRITAL VISTA ALEGRE";"241400";"HOSPITALIZACIÓN QUIRÚRGICA GINECO - OBSTETRICIA ";"22";"22";"36";"36";"8";"248";"0"
"2023";"10";"220101";"SAN MARTIN";"MOYOBAMBA";"MOYOBAMBA";"GOBIERNO REGIONAL";"II-1";"00006733";"HOSPITAL II-1 MOYOBAMBA - DR. SEGUNDO RODOLFO PÉREZ NIETO";"240100";"HOSPITALIZACIÓN QUIRÚRGICA CIRUGÍA GENERAL ";"76";"87";"305";"305";"14";"434";"0"
"2023";"10";"220101";"SAN MARTIN";"MOYOBAMBA";"MOYOBAMBA";"GOBIERNO REGIONAL";"II-1";"00006733";"HOSPITAL II-1 MOYOBAMBA - DR. SEGUNDO RODOLFO PÉREZ NIETO";"240600";"HOSPITALIZACIÓN QUIRÚRGICA CIRUGÍA OFTALMOLÓGICA ";"18";"18";"18";"18";"1";"31";"0"
"2023";"10";"220101";"SAN MARTIN";"MOYOBAMBA";"MOYOBAMBA";"GOBIERNO REGIONAL";"II-1";"00006733";"HOSPITAL II-1 MOYOBAMBA - DR. SEGUNDO RODOLFO PÉREZ NIETO";"240700";"HOSPITALIZACIÓN QUIRÚRGICA CIRUGÍA PEDIÁTRICA ";"17";"17";"46";"46";"2";"62";"0"
"2023";"10";"220101";"SAN MARTIN";"MOYOBAMBA";"MOYOBAMBA";"GOBIERNO REGIONAL";"II-1";"00006733";"HOSPITAL II-1 MOYOBAMBA - DR. SEGUNDO RODOLFO PÉREZ NIETO";"240900";"HOSPITALIZACIÓN QUIRÚRGICA NEUROCIRUGÍA ";"6";"6";"26";"26";"1";"31";"0"
"2023";"10";"220101";"SAN MARTIN";"MOYOBAMBA";"MOYOBAMBA";"GOBIERNO REGIONAL";"II-1";"00006733";"HOSPITAL II-1 MOYOBAMBA - DR. SEGUNDO RODOLFO PÉREZ NIETO";"241100";"HOSPITALIZACIÓN QUIRÚRGICA OTORRINOLARINGOLOGÍA  ";"17";"18";"31";"31";"1";"31";"0"
"2023";"10";"220101";"SAN MARTIN";"MOYOBAMBA";"MOYOBAMBA";"GOBIERNO REGIONAL";"II-1";"00006733";"HOSPITAL II-1 MOYOBAMBA - DR. SEGUNDO RODOLFO PÉREZ NIETO";"241200";"HOSPITALIZACIÓN QUIRÚRGICA TRAUMATOLOGÍA Y ORTOPEDIA ";"45";"49";"190";"190";"10";"310";"0"
"2023";"10";"220101";"SAN MARTIN";"MOYOBAMBA";"MOYOBAMBA";"GOBIERNO REGIONAL";"II-1";"00006733";"HOSPITAL II-1 MOYOBAMBA - DR. SEGUNDO RODOLFO PÉREZ NIETO";"241300";"HOSPITALIZACIÓN QUIRÚRGICA UROLOGÍA  ";"4";"7";"30";"30";"1";"31";"0"
"2023";"10";"220101";"SAN MARTIN";"MOYOBAMBA";"MOYOBAMBA";"GOBIERNO REGIONAL";"II-1";"00006733";"HOSPITAL II-1 MOYOBAMBA - DR. SEGUNDO RODOLFO PÉREZ NIETO";"241500";"HOSPITALIZACIÓN QUIRÚRGICA GINECOLOGÍA  ";"41";"44";"96";"96";"10";"310";"0"
"2023";"10";"220101";"SAN MARTIN";"MOYOBAMBA";"MOYOBAMBA";"GOBIERNO REGIONAL";"II-1";"00006733";"HOSPITAL II-1 MOYOBAMBA - DR. SEGUNDO RODOLFO PÉREZ NIETO";"241600";"HOSPITALIZACIÓN QUIRÚRGICA OBSTETRICIA   ";"191";"196";"471";"471";"18";"558";"0"
"2023";"10";"220101";"SAN MARTIN";"MOYOBAMBA";"MOYOBAMBA";"GOBIERNO REGIONAL";"II-1";"00006733";"HOSPITAL II-1 MOYOBAMBA - DR. SEGUNDO RODOLFO PÉREZ NIETO";"241700";"HOSPITALIZACIÓN QUIRÚRGICA GINECOLOGÍA   GINECOLOGIA ONCOLOGiCA";"7";"7";"34";"34";"2";"62";"0"
"2023";"10";"220101";"SAN MARTIN";"MOYOBAMBA";"MOYOBAMBA";"GOBIERNO REGIONAL";"II-1";"00006733";"HOSPITAL II-1 MOYOBAMBA - DR. SEGUNDO RODOLFO PÉREZ NIETO";"241900";"HOSPITALIZACIÓN DE MEDICINA MEDICINA INTERNA ";"57";"72";"447";"447";"22";"682";"3"
"2023";"10";"220101";"SAN MARTIN";"MOYOBAMBA";"MOYOBAMBA";"GOBIERNO REGIONAL";"II-1";"00006733";"HOSPITAL II-1 MOYOBAMBA - DR. SEGUNDO RODOLFO PÉREZ NIETO";"242500";"HOSPITALIZACIÓN-PEDIATRÍA GENERAL-";"49";"58";"246";"246";"10";"310";"0"
"2023";"10";"220101";"SAN MARTIN";"MOYOBAMBA";"MOYOBAMBA";"GOBIERNO REGIONAL";"II-1";"00006733";"HOSPITAL II-1 MOYOBAMBA - DR. SEGUNDO RODOLFO PÉREZ NIETO";"243200";"HOSPITALIZACIÓN DE PEDIATRÍA PEDIATRIA NEONATOLOGÍA";"19";"23";"103";"103";"10";"310";"0"
"2023";"10";"220101";"SAN MARTIN";"MOYOBAMBA";"MOYOBAMBA";"GOBIERNO REGIONAL";"II-1";"00006733";"HOSPITAL II-1 MOYOBAMBA - DR. SEGUNDO RODOLFO PÉREZ NIETO";"250102";"UNIDAD DE CUIDADOS CRITICOS UNIDAD  DE CUIDADOS INTENSIVOS GENERALES (UCI) GINECO-OBSTETRICIA";"1";"3";"22";"22";"2";"62";"0"
"2023";"10";"220101";"SAN MARTIN";"MOYOBAMBA";"MOYOBAMBA";"GOBIERNO REGIONAL";"II-1";"00006733";"HOSPITAL II-1 MOYOBAMBA - DR. SEGUNDO RODOLFO PÉREZ NIETO";"250103";"UNIDAD DE CUIDADOS CRITICOS UNIDAD  DE CUIDADOS INTENSIVOS GENERALES  (UCI) MEDICINA";"4";"7";"76";"76";"4";"124";"2"
"2023";"10";"220101";"SAN MARTIN";"MOYOBAMBA";"MOYOBAMBA";"GOBIERNO REGIONAL";"II-1";"00006733";"HOSPITAL II-1 MOYOBAMBA - DR. SEGUNDO RODOLFO PÉREZ NIETO";"250105";"UNIDAD DE CUIDADOS CRITICOS UNIDAD  DE CUIDADOS INTENSIVOS  (UCI) NEONATOLOGÍA";"2";"4";"64";"64";"4";"124";"2"
"2023";"10";"220101";"SAN MARTIN";"MOYOBAMBA";"MOYOBAMBA";"GOBIERNO REGIONAL";"II-1";"00006733";"HOSPITAL II-1 MOYOBAMBA - DR. SEGUNDO RODOLFO PÉREZ NIETO";"250106";"UNIDAD DE CUIDADOS CRITICOS UNIDAD  DE CUIDADOS INTENSIVOS  (UCI) NEUROLÓGICA";"1";"2";"18";"18";"1";"31";"0"
"2023";"10";"220101";"SAN MARTIN";"MOYOBAMBA";"MOYOBAMBA";"GOBIERNO REGIONAL";"II-1";"00006733";"HOSPITAL II-1 MOYOBAMBA - DR. SEGUNDO RODOLFO PÉREZ NIETO";"250108";"UNIDAD DE CUIDADOS CRITICOS UNIDAD  DE CUIDADOS INTENSIVOS  (UCI) PEDIÁTRICA";"1";"2";"21";"21";"2";"62";"2"
"2023";"10";"040129";"AREQUIPA";"AREQUIPA";"JOSE LUIS BUSTAMANTE Y RIVERO";"GOBIERNO REGIONAL";"I-3";"00001257";"CENTRO DE SALUD VICTOR RAUL HINOJOSA LLERENA";"NE_0001";"";"NE_0001";"NE_0001";"NE_0001";"NE_0001";"NE_0001";"NE_0001";"NE_0001"
"2023";"10";"040129";"AREQUIPA";"AREQUIPA";"JOSE LUIS BUSTAMANTE Y RIVERO";"GOBIERNO REGIONAL";"I-3";"00023488";"CENTRO DE SALUD MENTAL COMUNITARIO SIMON BOLIVAR";"NE_0001";"";"NE_0001";"NE_0001";"NE_0001";"NE_0001";"NE_0001";"NE_0001";"NE_0001"
"2023";"10";"040129";"AREQUIPA";"AREQUIPA";"JOSE LUIS BUSTAMANTE Y RIVERO";"GOBIERNO REGIONAL";"I-2";"00001267";"PUESTO DE SALUD CERRO JULI";"NE_0001";"";"NE_0001";"NE_0001";"NE_0001";"NE_0001";"NE_0001";"NE_0001";"NE_0001"
"2023";"10";"110201";"ICA";"CHINCHA";"CHINCHA ALTA";"PRIVADO";"II-1";"00010559";"CLINICA DANIEL A. CARRION S.A.C.";"240100";"HOSPITALIZACIÓN QUIRÚRGICA CIRUGÍA GENERAL ";"14";"14";"23";"23";"4";"124";"0"
"2023";"10";"110201";"ICA";"CHINCHA";"CHINCHA ALTA";"PRIVADO";"II-1";"00010559";"CLINICA DANIEL A. CARRION S.A.C.";"241400";"HOSPITALIZACIÓN QUIRÚRGICA GINECO - OBSTETRICIA ";"12";"11";"17";"18";"4";"124";"0"
"2023";"10";"110201";"ICA";"CHINCHA";"CHINCHA ALTA";"PRIVADO";"II-1";"00010559";"CLINICA DANIEL A. CARRION S.A.C.";"241800";"HOSPITALIZACIÓN DE MEDICINA MEDICINA GENERAL ";"1";"1";"1";"1";"1";"31";"0"
"2023";"10";"110201";"ICA";"CHINCHA";"CHINCHA ALTA";"PRIVADO";"II-1";"00010559";"CLINICA DANIEL A. CARRION S.A.C.";"242300";"HOSPITALIZACIÓN DE PEDIATRÍA  PEDIATRÍA  GENERAL ";"3";"2";"2";"3";"1";"31";"0"
"2023";"10";"150121";"LIMA";"LIMA";"PUEBLO LIBRE";"PRIVADO";"II-E";"00011741";"CLÍNICA NORVISION";"NE_0001";"";"NE_0001";"NE_0001";"NE_0001";"NE_0001";"NE_0001";"NE_0001";"NE_0001"
"2023";"10";"040702";"AREQUIPA";"ISLAY";"COCACHACRA";"ESSALUD";"I-2";"00026367";"POSTA MEDICA CHUCARAPI";"NE_0001";"";"NE_0001";"NE_0001";"NE_0001";"NE_0001";"NE_0001";"NE_0001";"NE_0001"
"2023";"10";"140106";"LAMBAYEQUE";"CHICLAYO";"LA VICTORIA";"PRIVADO";"II-E";"00010972";"HOSPITAL PRIVADO JUAN PABLO II SAC";"240000";"HOSPITALIZACIÓN";"21";"175";"501";"215";"38";"1178";"2"
"2023";"10";"180301";"MOQUEGUA";"ILO";"ILO";"GOBIERNO REGIONAL";"II-1";"00002818";"HOSPITAL ILO";"240100";"HOSPITALIZACIÓN QUIRÚRGICA CIRUGÍA GENERAL ";"14";"14";"48";"119";"8";"279";"0"
"2023";"10";"180301";"MOQUEGUA";"ILO";"ILO";"GOBIERNO REGIONAL";"II-1";"00002818";"HOSPITAL ILO";"241200";"HOSPITALIZACIÓN QUIRÚRGICA TRAUMATOLOGÍA Y ORTOPEDIA ";"3";"3";"7";"18";"1";"31";"0"
"2023";"10";"180301";"MOQUEGUA";"ILO";"ILO";"GOBIERNO REGIONAL";"II-1";"00002818";"HOSPITAL ILO";"241800";"HOSPITALIZACIÓN DE MEDICINA MEDICINA GENERAL ";"24";"24";"109";"108";"30";"930";"1"
"2023";"10";"180301";"MOQUEGUA";"ILO";"ILO";"GOBIERNO REGIONAL";"II-1";"00002818";"HOSPITAL ILO";"242500";"HOSPITALIZACIÓN-PEDIATRÍA GENERAL-";"39";"39";"110";"76";"4";"124";"0"
"2023";"10";"180301";"MOQUEGUA";"ILO";"ILO";"GOBIERNO REGIONAL";"II-1";"00002818";"HOSPITAL ILO";"241500";"HOSPITALIZACIÓN QUIRÚRGICA GINECOLOGÍA  ";"10";"10";"41";"77";"3";"93";"0"
"2023";"10";"180301";"MOQUEGUA";"ILO";"ILO";"GOBIERNO REGIONAL";"II-1";"00002818";"HOSPITAL ILO";"243200";"HOSPITALIZACIÓN DE PEDIATRÍA PEDIATRIA NEONATOLOGÍA";"26";"26";"53";"22";"3";"93";"0"
"2023";"10";"180301";"MOQUEGUA";"ILO";"ILO";"GOBIERNO REGIONAL";"II-1";"00002818";"HOSPITAL ILO";"241400";"HOSPITALIZACIÓN QUIRÚRGICA GINECO - OBSTETRICIA ";"31";"31";"105";"144";"7";"217";"0"
"2023";"10";"180301";"MOQUEGUA";"ILO";"ILO";"GOBIERNO REGIONAL";"II-1";"00002818";"HOSPITAL ILO";"241600";"HOSPITALIZACIÓN QUIRÚRGICA OBSTETRICIA   ";"62";"62";"147";"174";"10";"310";"0"
"2023";"10";"080105";"CUSCO";"CUSCO";"SAN SEBASTIAN";"GOBIERNO REGIONAL";"I-2";"00026181";"MENTAL SAN SEBASTIAN";"NE_0001";"";"NE_0001";"NE_0001";"NE_0001";"NE_0001";"NE_0001";"NE_0001";"NE_0001"
"2023";"10";"060101";"CAJAMARCA";"CAJAMARCA";"CAJAMARCA";"GOBIERNO REGIONAL";"II-2";"00007686";"HOSPITAL REGIONAL DOCENTE CAJAMARCA";"240100";"HOSPITALIZACIÓN QUIRÚRGICA CIRUGÍA GENERAL ";"288";"291";"1727";"1723";"60";"1860";"0"
"2023";"10";"060101";"CAJAMARCA";"CAJAMARCA";"CAJAMARCA";"GOBIERNO REGIONAL";"II-2";"00007686";"HOSPITAL REGIONAL DOCENTE CAJAMARCA";"241400";"HOSPITALIZACIÓN QUIRÚRGICA GINECO - OBSTETRICIA ";"316";"321";"877";"782";"35";"1085";"0"
"2023";"10";"060101";"CAJAMARCA";"CAJAMARCA";"CAJAMARCA";"GOBIERNO REGIONAL";"II-2";"00007686";"HOSPITAL REGIONAL DOCENTE CAJAMARCA";"241800";"HOSPITALIZACIÓN DE MEDICINA MEDICINA GENERAL ";"152";"149";"887";"979";"32";"992";"12"
"2023";"10";"060101";"CAJAMARCA";"CAJAMARCA";"CAJAMARCA";"GOBIERNO REGIONAL";"II-2";"00007686";"HOSPITAL REGIONAL DOCENTE CAJAMARCA";"243200";"HOSPITALIZACIÓN DE PEDIATRÍA PEDIATRIA NEONATOLOGÍA";"76";"63";"840";"965";"35";"1085";"2"
"2023";"10";"060101";"CAJAMARCA";"CAJAMARCA";"CAJAMARCA";"GOBIERNO REGIONAL";"II-2";"00007686";"HOSPITAL REGIONAL DOCENTE CAJAMARCA";"242500";"HOSPITALIZACIÓN-PEDIATRÍA GENERAL-";"67";"60";"356";"411";"18";"558";"1"
"2023";"10";"060101";"CAJAMARCA";"CAJAMARCA";"CAJAMARCA";"GOBIERNO REGIONAL";"II-2";"00007686";"HOSPITAL REGIONAL DOCENTE CAJAMARCA";"250103";"UNIDAD DE CUIDADOS CRITICOS UNIDAD  DE CUIDADOS INTENSIVOS GENERALES  (UCI) MEDICINA";"28";"24";"237";"355";"13";"403";"5"
"2023";"10";"060101";"CAJAMARCA";"CAJAMARCA";"CAJAMARCA";"GOBIERNO REGIONAL";"II-2";"00007686";"HOSPITAL REGIONAL DOCENTE CAJAMARCA";"250200";"UNIDAD DE CUIDADOS CRITICOS UNIDAD DE CUIDADOS INTERMEDIOS GENERAL  (UCIN) ";"21";"16";"113";"171";"6";"186";"2"
"2023";"09";"220202";"SAN MARTIN";"BELLAVISTA";"ALTO BIAVO";"GOBIERNO REGIONAL";"I-1";"00006528";"NUEVA ARICA";"NE_0002";"";"NE_0002";"NE_0002";"NE_0002";"NE_0002";"NE_0002";"NE_0002";"NE_0002"
"2023";"09";"220202";"SAN MARTIN";"BELLAVISTA";"ALTO BIAVO";"GOBIERNO REGIONAL";"I-1";"00006525";"CUZCO";"NE_0002";"";"NE_0002";"NE_0002";"NE_0002";"NE_0002";"NE_0002";"NE_0002";"NE_0002"
"2023";"09";"220202";"SAN MARTIN";"BELLAVISTA";"ALTO BIAVO";"GOBIERNO REGIONAL";"I-2";"00006524";"BARRANCA";"NE_0002";"";"NE_0002";"NE_0002";"NE_0002";"NE_0002";"NE_0002";"NE_0002";"NE_0002"
"2023";"09";"220202";"SAN MARTIN";"BELLAVISTA";"ALTO BIAVO";"GOBIERNO REGIONAL";"I-1";"00006526";"INCAICO";"NE_0002";"";"NE_0002";"NE_0002";"NE_0002";"NE_0002";"NE_0002";"NE_0002";"NE_0002"
"2023";"09";"220202";"SAN MARTIN";"BELLAVISTA";"ALTO BIAVO";"GOBIERNO REGIONAL";"I-1";"00006527";"JOSE OLAYA";"NE_0002";"";"NE_0002";"NE_0002";"NE_0002";"NE_0002";"NE_0002";"NE_0002";"NE_0002"
"2023";"09";"211101";"PUNO";"SAN ROMAN";"JULIACA";"PRIVADO";"II-E";"00020181";"CLINICA INTERNACIONAL NACER";"241600";"HOSPITALIZACIÓN QUIRÚRGICA OBSTETRICIA   ";"49";"49";"41";"49";"10";"259";"0"
"2023";"09";"230301";"TACNA";"JORGE BASADRE";"LOCUMBA";"ESSALUD";"I-2";"00018550";"CENTRO DE ATENCION PRIMARIA  I  LOCUMBA";"NE_0001";"";"NE_0001";"NE_0001";"NE_0001";"NE_0001";"NE_0001";"NE_0001";"NE_0001"
"2023";"09";"060101";"CAJAMARCA";"CAJAMARCA";"CAJAMARCA";"PRIVADO";"0";"00029780";"LABORATORIO EL INGENIO";"NE_0001";"";"NE_0001";"NE_0001";"NE_0001";"NE_0001";"NE_0001";"NE_0001";"NE_0001"
"2023";"09";"050206";"AYACUCHO";"CANGALLO";"TOTOS";"GOBIERNO REGIONAL";"I-1";"00003625";"QUIÑASI";"NE_0001";"";"NE_0001";"NE_0001";"NE_0001";"NE_0001";"NE_0001";"NE_0001";"NE_0001"
"2023";"09";"051012";"AYACUCHO";"VICTOR FAJARDO";"VILCANCHOS";"GOBIERNO REGIONAL";"I-1";"00003627";"COCAS";"NE_0001";"";"NE_0001";"NE_0001";"NE_0001";"NE_0001";"NE_0001";"NE_0001";"NE_0001"
"2023";"09";"050206";"AYACUCHO";"CANGALLO";"TOTOS";"GOBIERNO REGIONAL";"I-1";"00003622";"CHUYMAY";"NE_0001";"";"NE_0001";"NE_0001";"NE_0001";"NE_0001";"NE_0001";"NE_0001";"NE_0001"
"2023";"09";"050206";"AYACUCHO";"CANGALLO";"TOTOS";"GOBIERNO REGIONAL";"I-3";"00003623";"CENTRO DE SALUD TOTOS";"NE_0002";"";"NE_0002";"NE_0002";"NE_0002";"NE_0002";"NE_0002";"NE_0002";"NE_0002"
"2023";"09";"051012";"AYACUCHO";"VICTOR FAJARDO";"VILCANCHOS";"GOBIERNO REGIONAL";"I-2";"00003628";"PUESTO DE SALUD VILCANCHOS";"NE_0001";"";"NE_0001";"NE_0001";"NE_0001";"NE_0001";"NE_0001";"NE_0001";"NE_0001"
"2023";"09";"190104";"PASCO";"PASCO";"HUAYLLAY";"ESSALUD";"I-3";"00009751";"CENTRO MEDICO  HUAYLLAY";"NE_0001";"";"NE_0001";"NE_0001";"NE_0001";"NE_0001";"NE_0001";"NE_0001";"NE_0001"
"2023";"09";"220101";"SAN MARTIN";"MOYOBAMBA";"MOYOBAMBA";"GOBIERNO REGIONAL";"I-2";"00006291";"ATUMPLAYA";"NE_0001";"";"NE_0001";"NE_0001";"NE_0001";"NE_0001";"NE_0001";"NE_0001";"NE_0001"
"2023";"09";"220807";"SAN MARTIN";"RIOJA";"SAN FERNANDO";"GOBIERNO REGIONAL";"I-3";"00006290";"SAN FERNANDO";"NE_0002";"";"NE_0002";"NE_0002";"NE_0002";"NE_0002";"NE_0002";"NE_0002";"NE_0002"
"2023";"09";"220807";"SAN MARTIN";"RIOJA";"SAN FERNANDO";"GOBIERNO REGIONAL";"I-1";"00006294";"PERLA MAYO";"NE_0001";"";"NE_0001";"NE_0001";"NE_0001";"NE_0001";"NE_0001";"NE_0001";"NE_0001"
"2023";"10";"040112";"AREQUIPA";"AREQUIPA";"PAUCARPATA";"GOBIERNO REGIONAL";"I-3";"00001314";"SAN JUAN DE CIUDAD BLANCA";"NE_0001";"";"NE_0001";"NE_0001";"NE_0001";"NE_0001";"NE_0001";"NE_0001";"NE_0001"
"2023";"10";"040112";"AREQUIPA";"AREQUIPA";"PAUCARPATA";"GOBIERNO REGIONAL";"I-3";"00025066";"CENTRO DE SALUD MENTAL COMUNITARIO AYELEN";"NE_0001";"";"NE_0001";"NE_0001";"NE_0001";"NE_0001";"NE_0001";"NE_0001";"NE_0001"
"2023";"10";"080602";"CUSCO";"CANCHIS";"CHECACUPE";"GOBIERNO REGIONAL";"I-2";"00002385";"CHECACUPE";"NE_0001";"";"NE_0001";"NE_0001";"NE_0001";"NE_0001";"NE_0001";"NE_0001";"NE_0001"
"2023";"10";"210101";"PUNO";"PUNO";"PUNO";"ESSALUD";"II-2";"00009215";"HOSPITAL III BASE  (PUNO) - RED ASISTENCIAL PUNO";"240000";"HOSPITALIZACIÓN";"155";"153";"888";"916";"31";"961";"5"
"2023";"10";"210101";"PUNO";"PUNO";"PUNO";"ESSALUD";"II-2";"00009215";"HOSPITAL III BASE  (PUNO) - RED ASISTENCIAL PUNO";"241900";"HOSPITALIZACIÓN DE MEDICINA MEDICINA INTERNA ";"41";"37";"353";"324";"12";"372";"0"
"2023";"10";"210101";"PUNO";"PUNO";"PUNO";"ESSALUD";"II-2";"00009215";"HOSPITAL III BASE  (PUNO) - RED ASISTENCIAL PUNO";"240100";"HOSPITALIZACIÓN QUIRÚRGICA CIRUGÍA GENERAL ";"74";"79";"196";"182";"8";"248";"0"
"2023";"10";"210101";"PUNO";"PUNO";"PUNO";"ESSALUD";"II-2";"00009215";"HOSPITAL III BASE  (PUNO) - RED ASISTENCIAL PUNO";"241500";"HOSPITALIZACIÓN QUIRÚRGICA GINECOLOGÍA  ";"43";"41";"106";"90";"5";"155";"0"
"2023";"10";"210101";"PUNO";"PUNO";"PUNO";"ESSALUD";"II-2";"00009215";"HOSPITAL III BASE  (PUNO) - RED ASISTENCIAL PUNO";"241600";"HOSPITALIZACIÓN QUIRÚRGICA OBSTETRICIA   ";"80";"77";"187";"203";"12";"372";"0"
"2023";"10";"210101";"PUNO";"PUNO";"PUNO";"ESSALUD";"II-2";"00009215";"HOSPITAL III BASE  (PUNO) - RED ASISTENCIAL PUNO";"242300";"HOSPITALIZACIÓN DE PEDIATRÍA  PEDIATRÍA  GENERAL ";"123";"123";"363";"366";"14";"434";"0"
"2023";"10";"210101";"PUNO";"PUNO";"PUNO";"ESSALUD";"II-2";"00009215";"HOSPITAL III BASE  (PUNO) - RED ASISTENCIAL PUNO";"250100";"UNIDAD DE CUIDADOS CRITICOS UNIDAD  DE CUIDADOS INTENSIVOS GENERALES (UCI) ";"5";"3";"49";"56";"4";"124";"3"
"2023";"10";"210101";"PUNO";"PUNO";"PUNO";"ESSALUD";"II-2";"00009215";"HOSPITAL III BASE  (PUNO) - RED ASISTENCIAL PUNO";"250200";"UNIDAD DE CUIDADOS CRITICOS UNIDAD DE CUIDADOS INTERMEDIOS GENERAL  (UCIN) ";"2";"2";"22";"69";"4";"124";"0"
"2023";"10";"150103";"LIMA";"LIMA";"ATE";"MINSA";"II-E";"00028025";"HOSPITAL EMERGENCIA ATE VITARTE";"241900";"HOSPITALIZACIÓN DE MEDICINA MEDICINA INTERNA ";"56";"56";"683";"542";"18";"558";"5"
"2023";"10";"150103";"LIMA";"LIMA";"ATE";"MINSA";"II-E";"00028025";"HOSPITAL EMERGENCIA ATE VITARTE";"242300";"HOSPITALIZACIÓN DE PEDIATRÍA  PEDIATRÍA  GENERAL ";"39";"31";"193";"250";"9";"279";"0"
"2023";"10";"150103";"LIMA";"LIMA";"ATE";"MINSA";"II-E";"00028025";"HOSPITAL EMERGENCIA ATE VITARTE";"240100";"HOSPITALIZACIÓN QUIRÚRGICA CIRUGÍA GENERAL ";"51";"49";"243";"379";"13";"403";"0"
"2023";"10";"050501";"AYACUCHO";"LA MAR";"SAN MIGUEL";"GOBIERNO REGIONAL";"II-E";"00003792";"HOSPITAL DE APOYO  SAN MIGUEL";"240100";"HOSPITALIZACIÓN QUIRÚRGICA CIRUGÍA GENERAL ";"9";"9";"21";"5";"5";"150";"1"
"2023";"10";"050501";"AYACUCHO";"LA MAR";"SAN MIGUEL";"GOBIERNO REGIONAL";"II-E";"00003792";"HOSPITAL DE APOYO  SAN MIGUEL";"241500";"HOSPITALIZACIÓN QUIRÚRGICA GINECOLOGÍA  ";"7";"7";"18";"3";"5";"150";"0"
"2023";"10";"050501";"AYACUCHO";"LA MAR";"SAN MIGUEL";"GOBIERNO REGIONAL";"II-E";"00003792";"HOSPITAL DE APOYO  SAN MIGUEL";"241600";"HOSPITALIZACIÓN QUIRÚRGICA OBSTETRICIA   ";"23";"23";"45";"8";"5";"150";"0"
"2023";"10";"050501";"AYACUCHO";"LA MAR";"SAN MIGUEL";"GOBIERNO REGIONAL";"II-E";"00003792";"HOSPITAL DE APOYO  SAN MIGUEL";"241800";"HOSPITALIZACIÓN DE MEDICINA MEDICINA GENERAL ";"8";"11";"60";"9";"5";"150";"1"
"2023";"10";"050501";"AYACUCHO";"LA MAR";"SAN MIGUEL";"GOBIERNO REGIONAL";"II-E";"00003792";"HOSPITAL DE APOYO  SAN MIGUEL";"242500";"HOSPITALIZACIÓN-PEDIATRÍA GENERAL-";"1";"1";"1";"1";"5";"150";"0"
"2023";"10";"150108";"LIMA";"LIMA";"CHORRILLOS";"PRIVADO";"II-2";"00010251";"CLINICA MAISON DE SANTE DEL SUR";"240000";"HOSPITALIZACIÓN";"87";"88";"370";"333";"20";"620";"0"
"2023";"10";"150108";"LIMA";"LIMA";"CHORRILLOS";"PRIVADO";"II-2";"00010251";"CLINICA MAISON DE SANTE DEL SUR";"241400";"HOSPITALIZACIÓN QUIRÚRGICA GINECO - OBSTETRICIA ";"20";"19";"44";"92";"7";"217";"0"
"2023";"10";"150108";"LIMA";"LIMA";"CHORRILLOS";"PRIVADO";"II-2";"00010251";"CLINICA MAISON DE SANTE DEL SUR";"250100";"UNIDAD DE CUIDADOS CRITICOS UNIDAD  DE CUIDADOS INTENSIVOS GENERALES (UCI) ";"5";"4";"67";"65";"6";"180";"0"
"2023";"10";"150131";"LIMA";"LIMA";"SAN ISIDRO";"PRIVADO";"II-1";"00009888";"CLINICA UNIPLAST S.A.C.";"240800";"HOSPITALIZACIÓN QUIRÚRGICA CIRUGÍA PLÁSTICA/RECONSTRUCTIVA/ REPARADORA ";"3";"3";"3";"3";"3";"93";"0"
"2023";"10";"040112";"AREQUIPA";"AREQUIPA";"PAUCARPATA";"GOBIERNO REGIONAL";"I-2";"00001311";"PUESTO DE SALUD ALTO JESUS";"NE_0001";"";"NE_0001";"NE_0001";"NE_0001";"NE_0001";"NE_0001";"NE_0001";"NE_0001"
"2023";"10";"040112";"AREQUIPA";"AREQUIPA";"PAUCARPATA";"GOBIERNO REGIONAL";"I-2";"00007744";"PUESTO DE SALUD VILLA JESUS";"NE_0001";"";"NE_0001";"NE_0001";"NE_0001";"NE_0001";"NE_0001";"NE_0001";"NE_0001"
"2023";"10";"080608";"CUSCO";"CANCHIS";"TINTA";"GOBIERNO REGIONAL";"I-3";"00002397";"TINTA";"NE_0001";"";"NE_0001";"NE_0001";"NE_0001";"NE_0001";"NE_0001";"NE_0001";"NE_0001"
"2023";"10";"160113";"LORETO";"MAYNAS";"SAN JUAN BAUTISTA";"ESSALUD";"I-3";"00011386";"CAP II SAN JUAN BAUTISTA";"NE_0001";"";"NE_0001";"NE_0001";"NE_0001";"NE_0001";"NE_0001";"NE_0001";"NE_0001"
"2023";"10";"221005";"SAN MARTIN";"TOCACHE";"UCHIZA";"ESSALUD";"I-2";"00010704";"POSTA MEDICA UCHIZA";"NE_0001";"";"NE_0001";"NE_0001";"NE_0001";"NE_0001";"NE_0001";"NE_0001";"NE_0001"
"2023";"11";"160101";"LORETO";"MAYNAS";"IQUITOS";"PRIVADO";"I-3";"00012075";"SARLOR";"NE_0002";"";"NE_0002";"NE_0002";"NE_0002";"NE_0002";"NE_0002";"NE_0002";"NE_0002"
"2023";"11";"130501";"LA LIBERTAD";"JULCAN";"JULCAN";"GOBIERNO REGIONAL";"I-3";"00006775";"AYANGAY";"NE_0002";"";"NE_0002";"NE_0002";"NE_0002";"NE_0002";"NE_0002";"NE_0002";"NE_0002"
"2023";"11";"130501";"LA LIBERTAD";"JULCAN";"JULCAN";"GOBIERNO REGIONAL";"I-2";"00016423";"SAN ANTONIO";"NE_0002";"";"NE_0002";"NE_0002";"NE_0002";"NE_0002";"NE_0002";"NE_0002";"NE_0002"
"2023";"11";"130501";"LA LIBERTAD";"JULCAN";"JULCAN";"GOBIERNO REGIONAL";"I-2";"00006963";"CHUGURPAMPA";"NE_0002";"";"NE_0002";"NE_0002";"NE_0002";"NE_0002";"NE_0002";"NE_0002";"NE_0002"
"2023";"11";"130501";"LA LIBERTAD";"JULCAN";"JULCAN";"GOBIERNO REGIONAL";"I-2";"00007249";"SAN AGUSTIN";"NE_0002";"";"NE_0002";"NE_0002";"NE_0002";"NE_0002";"NE_0002";"NE_0002";"NE_0002"
"2023";"11";"130501";"LA LIBERTAD";"JULCAN";"JULCAN";"GOBIERNO REGIONAL";"I-2";"00005307";"SANTA TERESA";"NE_0002";"";"NE_0002";"NE_0002";"NE_0002";"NE_0002";"NE_0002";"NE_0002";"NE_0002"
"2023";"11";"130501";"LA LIBERTAD";"JULCAN";"JULCAN";"GOBIERNO REGIONAL";"I-2";"00006774";"PARUQUE BAJO";"NE_0002";"";"NE_0002";"NE_0002";"NE_0002";"NE_0002";"NE_0002";"NE_0002";"NE_0002"
"2023";"11";"040112";"AREQUIPA";"AREQUIPA";"PAUCARPATA";"GOBIERNO REGIONAL";"I-4";"00001296";"CENTRO DE SALUD  AMPLIACIÓN PAUCARPATA";"NE_0001";"";"NE_0001";"NE_0001";"NE_0001";"NE_0001";"NE_0001";"NE_0001";"NE_0001"
"2023";"11";"040112";"AREQUIPA";"AREQUIPA";"PAUCARPATA";"GOBIERNO REGIONAL";"I-3";"00001313";"CENTRO DE SALUD NUEVA ALBORADA";"NE_0001";"";"NE_0001";"NE_0001";"NE_0001";"NE_0001";"NE_0001";"NE_0001";"NE_0001"
"2023";"11";"040112";"AREQUIPA";"AREQUIPA";"PAUCARPATA";"GOBIERNO REGIONAL";"I-3";"00001310";"CENTRO DE SALUD MANUEL PRADO";"NE_0001";"";"NE_0001";"NE_0001";"NE_0001";"NE_0001";"NE_0001";"NE_0001";"NE_0001"
"2023";"11";"040112";"AREQUIPA";"AREQUIPA";"PAUCARPATA";"GOBIERNO REGIONAL";"I-3";"00001315";"CENTRO DE SALUD CAMPO MARTE";"NE_0001";"";"NE_0001";"NE_0001";"NE_0001";"NE_0001";"NE_0001";"NE_0001";"NE_0001"
"2023";"11";"061204";"CAJAMARCA";"SAN PABLO";"TUMBADEN";"GOBIERNO REGIONAL";"I-1";"00004610";"EL REGALADO";"NE_0001";"";"NE_0001";"NE_0001";"NE_0001";"NE_0001";"NE_0001";"NE_0001";"NE_0001"
"2023";"11";"061202";"CAJAMARCA";"SAN PABLO";"SAN BERNARDINO";"GOBIERNO REGIONAL";"I-1";"00004539";"TUÑAD";"NE_0001";"";"NE_0001";"NE_0001";"NE_0001";"NE_0001";"NE_0001";"NE_0001";"NE_0001"
"2023";"11";"061203";"CAJAMARCA";"SAN PABLO";"SAN LUIS";"GOBIERNO REGIONAL";"I-1";"00004584";"PAMPA DE SAN LUIS";"NE_0001";"";"NE_0001";"NE_0001";"NE_0001";"NE_0001";"NE_0001";"NE_0001";"NE_0001"
"2023";"11";"061203";"CAJAMARCA";"SAN PABLO";"SAN LUIS";"GOBIERNO REGIONAL";"I-1";"00004585";"SAN LUIS BAJO - GRANDE";"NE_0001";"";"NE_0001";"NE_0001";"NE_0001";"NE_0001";"NE_0001";"NE_0001";"NE_0001"
"2023";"11";"061204";"CAJAMARCA";"SAN PABLO";"TUMBADEN";"GOBIERNO REGIONAL";"I-1";"00004582";"TUMBADEN ALTO";"NE_0001";"";"NE_0001";"NE_0001";"NE_0001";"NE_0001";"NE_0001";"NE_0001";"NE_0001"
"2023";"11";"061202";"CAJAMARCA";"SAN PABLO";"SAN BERNARDINO";"GOBIERNO REGIONAL";"I-2";"00004580";"SAN BERNARDINO";"NE_0001";"";"NE_0001";"NE_0001";"NE_0001";"NE_0001";"NE_0001";"NE_0001";"NE_0001"
"2023";"09";"030201";"APURIMAC";"ANDAHUAYLAS";"ANDAHUAYLAS";"ESSALUD";"II-1";"00011214";"HOSPITAL I SANTA MARGARITA";"241800";"HOSPITALIZACIÓN DE MEDICINA MEDICINA GENERAL ";"36";"29";"224";"186";"6";"186";"0"
"2023";"09";"030201";"APURIMAC";"ANDAHUAYLAS";"ANDAHUAYLAS";"ESSALUD";"II-1";"00011214";"HOSPITAL I SANTA MARGARITA";"240100";"HOSPITALIZACIÓN QUIRÚRGICA CIRUGÍA GENERAL ";"32";"31";"157";"133";"4";"133";"0"
"2023";"09";"030201";"APURIMAC";"ANDAHUAYLAS";"ANDAHUAYLAS";"ESSALUD";"II-1";"00011214";"HOSPITAL I SANTA MARGARITA";"241400";"HOSPITALIZACIÓN QUIRÚRGICA GINECO - OBSTETRICIA ";"8";"7";"18";"18";"1";"20";"0"
"2023";"09";"030201";"APURIMAC";"ANDAHUAYLAS";"ANDAHUAYLAS";"ESSALUD";"II-1";"00011214";"HOSPITAL I SANTA MARGARITA";"241600";"HOSPITALIZACIÓN QUIRÚRGICA OBSTETRICIA   ";"33";"32";"84";"81";"3";"81";"0"
"2023";"09";"030201";"APURIMAC";"ANDAHUAYLAS";"ANDAHUAYLAS";"ESSALUD";"II-1";"00011214";"HOSPITAL I SANTA MARGARITA";"242300";"HOSPITALIZACIÓN DE PEDIATRÍA  PEDIATRÍA  GENERAL ";"7";"6";"25";"19";"2";"60";"0"
"2023";"09";"040302";"AREQUIPA";"CARAVELI";"ACARI";"ESSALUD";"I-2";"00012195";"POSTA MEDICA ACARI";"NE_0001";"";"NE_0001";"NE_0001";"NE_0001";"NE_0001";"NE_0001";"NE_0001";"NE_0001"
"2023";"09";"211101";"PUNO";"SAN ROMAN";"JULIACA";"GOBIERNO REGIONAL";"II-2";"00003299";"CARLOS MONJE MEDRANO";"240100";"HOSPITALIZACIÓN QUIRÚRGICA CIRUGÍA GENERAL ";"48";"69";"524";"69";"27";"810";"1"
"2023";"09";"211101";"PUNO";"SAN ROMAN";"JULIACA";"GOBIERNO REGIONAL";"II-2";"00003299";"CARLOS MONJE MEDRANO";"244300";"HOSPITALIZACIÓN DE MEDICINA GASTROENTEROLOGÍA  ";"20";"23";"103";"23";"6";"180";"1"
"2023";"09";"211101";"PUNO";"SAN ROMAN";"JULIACA";"GOBIERNO REGIONAL";"II-2";"00003299";"CARLOS MONJE MEDRANO";"241500";"HOSPITALIZACIÓN QUIRÚRGICA GINECOLOGÍA  ";"60";"63";"235";"63";"6";"180";"0"
"2023";"09";"211101";"PUNO";"SAN ROMAN";"JULIACA";"GOBIERNO REGIONAL";"II-2";"00003299";"CARLOS MONJE MEDRANO";"241800";"HOSPITALIZACIÓN DE MEDICINA MEDICINA GENERAL ";"69";"83";"508";"83";"9";"270";"16"
"2023";"09";"211101";"PUNO";"SAN ROMAN";"JULIACA";"GOBIERNO REGIONAL";"II-2";"00003299";"CARLOS MONJE MEDRANO";"243200";"HOSPITALIZACIÓN DE PEDIATRÍA PEDIATRIA NEONATOLOGÍA";"18";"22";"185";"22";"39";"1170";"1"
"2023";"09";"211101";"PUNO";"SAN ROMAN";"JULIACA";"GOBIERNO REGIONAL";"II-2";"00003299";"CARLOS MONJE MEDRANO";"245300";"HOSPITALIZACIÓN DE MEDICINA NEUMOLOGÍA  ";"7";"12";"215";"12";"6";"180";"0"
"2023";"09";"211101";"PUNO";"SAN ROMAN";"JULIACA";"GOBIERNO REGIONAL";"II-2";"00003299";"CARLOS MONJE MEDRANO";"240900";"HOSPITALIZACIÓN QUIRÚRGICA NEUROCIRUGÍA ";"16";"19";"186";"19";"12";"360";"0"
"2023";"09";"211101";"PUNO";"SAN ROMAN";"JULIACA";"GOBIERNO REGIONAL";"II-2";"00003299";"CARLOS MONJE MEDRANO";"241600";"HOSPITALIZACIÓN QUIRÚRGICA OBSTETRICIA   ";"236";"255";"830";"255";"27";"810";"0"
"2023";"09";"211101";"PUNO";"SAN ROMAN";"JULIACA";"GOBIERNO REGIONAL";"II-2";"00003299";"CARLOS MONJE MEDRANO";"242500";"HOSPITALIZACIÓN-PEDIATRÍA GENERAL-";"58";"72";"377";"72";"29";"870";"0"
"2023";"09";"211101";"PUNO";"SAN ROMAN";"JULIACA";"GOBIERNO REGIONAL";"II-2";"00003299";"CARLOS MONJE MEDRANO";"242200";"HOSPITALIZACIÓN DE MEDICINA PSIQUIATRÍA ";"6";"8";"114";"8";"3";"90";"0"
"2023";"09";"211101";"PUNO";"SAN ROMAN";"JULIACA";"GOBIERNO REGIONAL";"II-2";"00003299";"CARLOS MONJE MEDRANO";"241200";"HOSPITALIZACIÓN QUIRÚRGICA TRAUMATOLOGÍA Y ORTOPEDIA ";"29";"34";"180";"34";"12";"360";"0"
"2023";"09";"211101";"PUNO";"SAN ROMAN";"JULIACA";"GOBIERNO REGIONAL";"II-2";"00003299";"CARLOS MONJE MEDRANO";"250100";"UNIDAD DE CUIDADOS CRITICOS UNIDAD  DE CUIDADOS INTENSIVOS GENERALES (UCI) ";"2";"6";"85";"6";"6";"180";"4"
"2023";"09";"211101";"PUNO";"SAN ROMAN";"JULIACA";"GOBIERNO REGIONAL";"II-2";"00003299";"CARLOS MONJE MEDRANO";"250105";"UNIDAD DE CUIDADOS CRITICOS UNIDAD  DE CUIDADOS INTENSIVOS  (UCI) NEONATOLOGÍA";"23";"32";"377";"32";"6";"180";"5"
"2023";"09";"211101";"PUNO";"SAN ROMAN";"JULIACA";"GOBIERNO REGIONAL";"II-2";"00003299";"CARLOS MONJE MEDRANO";"250108";"UNIDAD DE CUIDADOS CRITICOS UNIDAD  DE CUIDADOS INTENSIVOS  (UCI) PEDIÁTRICA";"1";"1";"3";"1";"6";"180";"1"
"2023";"09";"211101";"PUNO";"SAN ROMAN";"JULIACA";"GOBIERNO REGIONAL";"II-2";"00003299";"CARLOS MONJE MEDRANO";"250200";"UNIDAD DE CUIDADOS CRITICOS UNIDAD DE CUIDADOS INTERMEDIOS GENERAL  (UCIN) ";"6";"8";"92";"8";"6";"180";"0"
"2023";"09";"211101";"PUNO";"SAN ROMAN";"JULIACA";"GOBIERNO REGIONAL";"II-2";"00003299";"CARLOS MONJE MEDRANO";"241300";"HOSPITALIZACIÓN QUIRÚRGICA UROLOGÍA  ";"8";"12";"98";"12";"3";"90";"0"
"2023";"09";"221001";"SAN MARTIN";"TOCACHE";"TOCACHE";"GOBIERNO REGIONAL";"II-1";"00006580";"HOSPITAL II-1 ""DR. JOSE PEÑA PORTUGUEZ "" - TOCACHE";"240100";"HOSPITALIZACIÓN QUIRÚRGICA CIRUGÍA GENERAL ";"53";"55";"238";"238";"15";"450";"0"
"2023";"09";"221001";"SAN MARTIN";"TOCACHE";"TOCACHE";"GOBIERNO REGIONAL";"II-1";"00006580";"HOSPITAL II-1 ""DR. JOSE PEÑA PORTUGUEZ "" - TOCACHE";"241400";"HOSPITALIZACIÓN QUIRÚRGICA GINECO - OBSTETRICIA ";"71";"75";"168";"168";"8";"240";"0"
"2023";"09";"221001";"SAN MARTIN";"TOCACHE";"TOCACHE";"GOBIERNO REGIONAL";"II-1";"00006580";"HOSPITAL II-1 ""DR. JOSE PEÑA PORTUGUEZ "" - TOCACHE";"241600";"HOSPITALIZACIÓN QUIRÚRGICA OBSTETRICIA   ";"59";"61";"95";"95";"15";"450";"0"
"2023";"09";"221001";"SAN MARTIN";"TOCACHE";"TOCACHE";"GOBIERNO REGIONAL";"II-1";"00006580";"HOSPITAL II-1 ""DR. JOSE PEÑA PORTUGUEZ "" - TOCACHE";"241800";"HOSPITALIZACIÓN DE MEDICINA MEDICINA GENERAL ";"27";"33";"207";"207";"11";"330";"4"
"2023";"09";"221001";"SAN MARTIN";"TOCACHE";"TOCACHE";"GOBIERNO REGIONAL";"II-1";"00006580";"HOSPITAL II-1 ""DR. JOSE PEÑA PORTUGUEZ "" - TOCACHE";"242500";"HOSPITALIZACIÓN-PEDIATRÍA GENERAL-";"7";"7";"29";"29";"21";"150";"0"
"2023";"09";"221001";"SAN MARTIN";"TOCACHE";"TOCACHE";"GOBIERNO REGIONAL";"II-1";"00006580";"HOSPITAL II-1 ""DR. JOSE PEÑA PORTUGUEZ "" - TOCACHE";"243200";"HOSPITALIZACIÓN DE PEDIATRÍA PEDIATRIA NEONATOLOGÍA";"34";"35";"68";"68";"5";"630";"0"
"2023";"08";"250101";"UCAYALI";"CORONEL PORTILLO";"CALLERIA";"GOBIERNO REGIONAL";"I-3";"00030785";"CENTRO DE SALUD MENTAL COMUNITARIO UNIVERSITARIO MAYUSHIN";"NE_0001";"";"NE_0001";"NE_0001";"NE_0001";"NE_0001";"NE_0001";"NE_0001";"NE_0001"
"2023";"08";"250101";"UCAYALI";"CORONEL PORTILLO";"CALLERIA";"GOBIERNO REGIONAL";"I-3";"00028683";"CENTRO DE SALUD MENTAL COMUNITARIO BENA MANATI";"NE_0001";"";"NE_0001";"NE_0001";"NE_0001";"NE_0001";"NE_0001";"NE_0001";"NE_0001"
"2023";"08";"250105";"UCAYALI";"CORONEL PORTILLO";"YARINACOCHA";"GOBIERNO REGIONAL";"I-1";"00013264";"SANIDAD AEREA";"NE_0001";"";"NE_0001";"NE_0001";"NE_0001";"NE_0001";"NE_0001";"NE_0001";"NE_0001"
"2023";"08";"250101";"UCAYALI";"CORONEL PORTILLO";"CALLERIA";"GOBIERNO REGIONAL";"I-3";"00005569";"CLAS TUPAC AMARU";"NE_0001";"";"NE_0001";"NE_0001";"NE_0001";"NE_0001";"NE_0001";"NE_0001";"NE_0001"
"2023";"08";"250101";"UCAYALI";"CORONEL PORTILLO";"CALLERIA";"GOBIERNO REGIONAL";"I-2";"00005568";"DOS DE MAYO";"NE_0001";"";"NE_0001";"NE_0001";"NE_0001";"NE_0001";"NE_0001";"NE_0001";"NE_0001"
"2023";"08";"250101";"UCAYALI";"CORONEL PORTILLO";"CALLERIA";"GOBIERNO REGIONAL";"I-3";"00005567";"JOSE OLAYA";"NE_0001";"";"NE_0001";"NE_0001";"NE_0001";"NE_0001";"NE_0001";"NE_0001";"NE_0001"
"2023";"08";"250105";"UCAYALI";"CORONEL PORTILLO";"YARINACOCHA";"GOBIERNO REGIONAL";"I-3";"00005566";"HUSARES DEL PERU.";"NE_0001";"";"NE_0001";"NE_0001";"NE_0001";"NE_0001";"NE_0001";"NE_0001";"NE_0001"
"2023";"08";"250101";"UCAYALI";"CORONEL PORTILLO";"CALLERIA";"GOBIERNO REGIONAL";"I-3";"00005565";"NUEVO PARAISO";"NE_0001";"";"NE_0001";"NE_0001";"NE_0001";"NE_0001";"NE_0001";"NE_0001";"NE_0001"
"2023";"08";"250105";"UCAYALI";"CORONEL PORTILLO";"YARINACOCHA";"GOBIERNO REGIONAL";"I-2";"00005559";"SHIRAMBARI.";"NE_0001";"";"NE_0001";"NE_0001";"NE_0001";"NE_0001";"NE_0001";"NE_0001";"NE_0001"
"2023";"08";"250105";"UCAYALI";"CORONEL PORTILLO";"YARINACOCHA";"GOBIERNO REGIONAL";"I-1";"00005547";"SANTA TERESITA";"NE_0001";"";"NE_0001";"NE_0001";"NE_0001";"NE_0001";"NE_0001";"NE_0001";"NE_0001"
"2023";"08";"250105";"UCAYALI";"CORONEL PORTILLO";"YARINACOCHA";"GOBIERNO REGIONAL";"I-3";"00005539";"CENTRO AMERICA";"NE_0001";"";"NE_0001";"NE_0001";"NE_0001";"NE_0001";"NE_0001";"NE_0001";"NE_0001"
"2023";"10";"030601";"APURIMAC";"CHINCHEROS";"CHINCHEROS";"SANIDAD DE LA POLICIA NACIONAL DEL PERU";"I-2";"00011894";"POSTA MÉDICA SANIDAD CHINCHEROS";"NE_0001";"";"NE_0001";"NE_0001";"NE_0001";"NE_0001";"NE_0001";"NE_0001";"NE_0001"
"2023";"10";"150131";"LIMA";"LIMA";"SAN ISIDRO";"PRIVADO";"II-E";"00016397";"CLINICA ESPECIALIZADA EN CIRUGIA PLASTICA - DR. LUIS VIZCARRA / CIRUESTHETIC";"240800";"HOSPITALIZACIÓN QUIRÚRGICA CIRUGÍA PLÁSTICA/RECONSTRUCTIVA/ REPARADORA ";"4";"4";"0";"1";"2";"40";"0"
"2023";"10";"190113";"PASCO";"PASCO";"YANACANCHA";"SANIDAD DE LA POLICIA NACIONAL DEL PERU";"I-2";"00011773";"POSTA MEDICA PNP CERRO DE PASCO";"NE_0001";"";"NE_0001";"NE_0001";"NE_0001";"NE_0001";"NE_0001";"NE_0001";"NE_0001"
"2023";"10";"211101";"PUNO";"SAN ROMAN";"JULIACA";"SANIDAD DE LA POLICIA NACIONAL DEL PERU";"I-2";"00010236";"POSTA MEDICA DE SALUD PNP - JULIACA";"NE_0001";"";"NE_0001";"NE_0001";"NE_0001";"NE_0001";"NE_0001";"NE_0001";"NE_0001"
"2023";"10";"220101";"SAN MARTIN";"MOYOBAMBA";"MOYOBAMBA";"ESSALUD";"II-1";"00015598";"HOSPITAL I ALTO MAYO";"241800";"HOSPITALIZACIÓN DE MEDICINA MEDICINA GENERAL ";"66";"66";"353";"345";"15";"465";"6"
"2023";"10";"220101";"SAN MARTIN";"MOYOBAMBA";"MOYOBAMBA";"ESSALUD";"II-1";"00015598";"HOSPITAL I ALTO MAYO";"240100";"HOSPITALIZACIÓN QUIRÚRGICA CIRUGÍA GENERAL ";"71";"64";"216";"197";"7";"217";"0"
"2023";"10";"220101";"SAN MARTIN";"MOYOBAMBA";"MOYOBAMBA";"ESSALUD";"II-1";"00015598";"HOSPITAL I ALTO MAYO";"241500";"HOSPITALIZACIÓN QUIRÚRGICA GINECOLOGÍA  ";"18";"18";"78";"62";"2";"62";"0"
"2023";"10";"220101";"SAN MARTIN";"MOYOBAMBA";"MOYOBAMBA";"ESSALUD";"II-1";"00015598";"HOSPITAL I ALTO MAYO";"241600";"HOSPITALIZACIÓN QUIRÚRGICA OBSTETRICIA   ";"80";"81";"237";"153";"9";"279";"0"
"2023";"10";"220101";"SAN MARTIN";"MOYOBAMBA";"MOYOBAMBA";"ESSALUD";"II-1";"00015598";"HOSPITAL I ALTO MAYO";"242300";"HOSPITALIZACIÓN DE PEDIATRÍA  PEDIATRÍA  GENERAL ";"17";"16";"74";"59";"2";"62";"1"
"2023";"11";"010701";"AMAZONAS";"UTCUBAMBA";"BAGUA GRANDE";"SANIDAD DE LA POLICIA NACIONAL DEL PERU";"I-3";"00018106";"POLICLINICO POLICIAL BAGUA GRANDE";"NE_0001";"";"NE_0001";"NE_0001";"NE_0001";"NE_0001";"NE_0001";"NE_0001";"NE_0001"
"2023";"11";"190113";"PASCO";"PASCO";"YANACANCHA";"SANIDAD DE LA POLICIA NACIONAL DEL PERU";"I-2";"00011773";"POSTA MEDICA PNP CERRO DE PASCO";"NE_0001";"";"NE_0001";"NE_0001";"NE_0001";"NE_0001";"NE_0001";"NE_0001";"NE_0001"
"2023";"11";"040123";"AREQUIPA";"AREQUIPA";"TIABAYA";"GOBIERNO REGIONAL";"I-3";"00001260";"CENTRO DE SALUD TIABAYA";"NE_0001";"";"NE_0001";"NE_0001";"NE_0001";"NE_0001";"NE_0001";"NE_0001";"NE_0001"
"2023";"11";"040124";"AREQUIPA";"AREQUIPA";"UCHUMAYO";"GOBIERNO REGIONAL";"I-2";"00001290";"PUESTO DE SALUD UCHUMAYO";"NE_0001";"";"NE_0001";"NE_0001";"NE_0001";"NE_0001";"NE_0001";"NE_0001";"NE_0001"
"2023";"11";"040124";"AREQUIPA";"AREQUIPA";"UCHUMAYO";"GOBIERNO REGIONAL";"I-3";"00001281";"CENTRO DE SALUD CONGATA";"NE_0001";"";"NE_0001";"NE_0001";"NE_0001";"NE_0001";"NE_0001";"NE_0001";"NE_0001"
"2023";"11";"040124";"AREQUIPA";"AREQUIPA";"UCHUMAYO";"GOBIERNO REGIONAL";"I-3";"00001280";"CENTRO DE SALUD CERRO VERDE";"NE_0001";"";"NE_0001";"NE_0001";"NE_0001";"NE_0001";"NE_0001";"NE_0001";"NE_0001"
"2023";"11";"130101";"LA LIBERTAD";"TRUJILLO";"TRUJILLO";"SANIDAD DE LA POLICIA NACIONAL DEL PERU";"I-3";"00011154";"SANIDAD DE LA PNP - TRUJILLO";"NE_0001";"";"NE_0001";"NE_0001";"NE_0001";"NE_0001";"NE_0001";"NE_0001";"NE_0001"
"2023";"11";"110101";"ICA";"ICA";"ICA";"PRIVADO";"II-1";"00012765";"SAN VICENTE";"240000";"HOSPITALIZACIÓN";"15";"15";"17";"16";"8";"240";"0"
"2023";"11";"150140";"LIMA";"LIMA";"SANTIAGO DE SURCO";"PRIVADO";"I-2";"00010498";"ILA";"NE_0002";"";"NE_0002";"NE_0002";"NE_0002";"NE_0002";"NE_0002";"NE_0002";"NE_0002"
"2023";"11";"090208";"HUANCAVELICA";"ACOBAMBA";"ROSARIO";"GOBIERNO REGIONAL";"I-3";"00003938";"CENTRO DE SALUD PUCA CRUZ";"NE_0001";"";"NE_0001";"NE_0001";"NE_0001";"NE_0001";"NE_0001";"NE_0001";"NE_0001"
"2023";"11";"090208";"HUANCAVELICA";"ACOBAMBA";"ROSARIO";"GOBIERNO REGIONAL";"I-2";"00003942";"PUESTO DE SALUD CHANQUIL";"NE_0001";"";"NE_0001";"NE_0001";"NE_0001";"NE_0001";"NE_0001";"NE_0001";"NE_0001"
"2023";"11";"090208";"HUANCAVELICA";"ACOBAMBA";"ROSARIO";"GOBIERNO REGIONAL";"I-1";"00007418";"PUESTO DE SALUD DE LECCLESPAMPA";"NE_0001";"";"NE_0001";"NE_0001";"NE_0001";"NE_0001";"NE_0001";"NE_0001";"NE_0001"
"2023";"11";"090208";"HUANCAVELICA";"ACOBAMBA";"ROSARIO";"GOBIERNO REGIONAL";"I-1";"00009693";"PUESTO DE SALUD DE PUNCHAYPAMPA";"NE_0001";"";"NE_0001";"NE_0001";"NE_0001";"NE_0001";"NE_0001";"NE_0001";"NE_0001"
"2023";"11";"090208";"HUANCAVELICA";"ACOBAMBA";"ROSARIO";"GOBIERNO REGIONAL";"I-1";"00009706";"PUESTO DE SALUD TORORUMI";"NE_0001";"";"NE_0001";"NE_0001";"NE_0001";"NE_0001";"NE_0001";"NE_0001";"NE_0001"
"2023";"11";"090208";"HUANCAVELICA";"ACOBAMBA";"ROSARIO";"GOBIERNO REGIONAL";"I-1";"00011231";"PUESTO DE SALUD  SANTA ROSA DE ACCOMACHAY";"NE_0001";"";"NE_0001";"NE_0001";"NE_0001";"NE_0001";"NE_0001";"NE_0001";"NE_0001"
"2023";"11";"090208";"HUANCAVELICA";"ACOBAMBA";"ROSARIO";"GOBIERNO REGIONAL";"I-1";"00009503";"PUESTO DE SALUD DE VILLA MANTARO";"NE_0001";"";"NE_0001";"NE_0001";"NE_0001";"NE_0001";"NE_0001";"NE_0001";"NE_0001"
"2023";"11";"090208";"HUANCAVELICA";"ACOBAMBA";"ROSARIO";"GOBIERNO REGIONAL";"I-1";"00007372";"PUESTO DE SALUD LLIPLLINA";"NE_0001";"";"NE_0001";"NE_0001";"NE_0001";"NE_0001";"NE_0001";"NE_0001";"NE_0001"
"2023";"11";"090208";"HUANCAVELICA";"ACOBAMBA";"ROSARIO";"GOBIERNO REGIONAL";"I-2";"00003937";"PUESTO DE SALUD ROSARIO";"NE_0001";"";"NE_0001";"NE_0001";"NE_0001";"NE_0001";"NE_0001";"NE_0001";"NE_0001"
"2023";"11";"090208";"HUANCAVELICA";"ACOBAMBA";"ROSARIO";"GOBIERNO REGIONAL";"I-1";"00009710";"PUESTO  DE SALUD ICHUPAMPA";"NE_0001";"";"NE_0001";"NE_0001";"NE_0001";"NE_0001";"NE_0001";"NE_0001";"NE_0001"
"2023";"11";"090204";"HUANCAVELICA";"ACOBAMBA";"CAJA";"GOBIERNO REGIONAL";"I-1";"00011225";"PUESTO DE SALUD HUANCCALLACO";"NE_0001";"";"NE_0001";"NE_0001";"NE_0001";"NE_0001";"NE_0001";"NE_0001";"NE_0001"
"2023";"11";"090205";"HUANCAVELICA";"ACOBAMBA";"MARCAS";"GOBIERNO REGIONAL";"I-1";"00011232";"PUESTO DE SALUD PALOMA";"NE_0001";"";"NE_0001";"NE_0001";"NE_0001";"NE_0001";"NE_0001";"NE_0001";"NE_0001"
"2023";"11";"090204";"HUANCAVELICA";"ACOBAMBA";"CAJA";"GOBIERNO REGIONAL";"I-3";"00003926";"CENTRO DE SALUD CAJA ESPIRITU";"NE_0001";"";"NE_0001";"NE_0001";"NE_0001";"NE_0001";"NE_0001";"NE_0001";"NE_0001"
"2023";"11";"090204";"HUANCAVELICA";"ACOBAMBA";"CAJA";"GOBIERNO REGIONAL";"I-1";"00003927";"PUESTO DE SALUD POMACANCHA";"NE_0001";"";"NE_0001";"NE_0001";"NE_0001";"NE_0001";"NE_0001";"NE_0001";"NE_0001"
"2023";"11";"090205";"HUANCAVELICA";"ACOBAMBA";"MARCAS";"GOBIERNO REGIONAL";"I-1";"00011220";"PUESTO DE SALUD HUARPA";"NE_0001";"";"NE_0001";"NE_0001";"NE_0001";"NE_0001";"NE_0001";"NE_0001";"NE_0001"
"2023";"11";"090205";"HUANCAVELICA";"ACOBAMBA";"MARCAS";"GOBIERNO REGIONAL";"I-2";"00003928";"PUESTO DE SALUD MARCAS";"NE_0001";"";"NE_0001";"NE_0001";"NE_0001";"NE_0001";"NE_0001";"NE_0001";"NE_0001"
"2023";"11";"090205";"HUANCAVELICA";"ACOBAMBA";"MARCAS";"GOBIERNO REGIONAL";"I-1";"00003929";"PUESTO DE SALUD CUÑI";"NE_0001";"";"NE_0001";"NE_0001";"NE_0001";"NE_0001";"NE_0001";"NE_0001";"NE_0001"
"2023";"11";"090204";"HUANCAVELICA";"ACOBAMBA";"CAJA";"GOBIERNO REGIONAL";"I-1";"00007389";"PUESTO DE SALUD RURUNMARCA";"NE_0001";"";"NE_0001";"NE_0001";"NE_0001";"NE_0001";"NE_0001";"NE_0001";"NE_0001"
"2023";"11";"150101";"LIMA";"LIMA";"LIMA";"SANIDAD DE LA POLICIA NACIONAL DEL PERU";"I-3";"00017391";"POLICLINICO COIP";"NE_0001";"";"NE_0001";"NE_0001";"NE_0001";"NE_0001";"NE_0001";"NE_0001";"NE_0001"
"2023";"11";"020105";"ANCASH";"HUARAZ";"INDEPENDENCIA";"GOBIERNO REGIONAL";"I-3";"00028701";"CENTRO DE SALUD MENTAL COMUNITARIO ""ALLY WARAQ""";"NE_0001";"";"NE_0001";"NE_0001";"NE_0001";"NE_0001";"NE_0001";"NE_0001";"NE_0001"
"2023";"11";"150122";"LIMA";"LIMA";"MIRAFLORES";"PRIVADO";"II-E";"00014361";"INSTITUTO DEL CEREBRO Y LA COLUMNA VERTEBRAL";"240000";"HOSPITALIZACIÓN";"47";"47";"83";"47";"8";"240";"0"
"2023";"11";"040109";"AREQUIPA";"AREQUIPA";"MARIANO MELGAR";"PRIVADO";"II-E";"00019481";"CLINICA J. PRADO SANTA MARIA E.I.R.L.";"240000";"HOSPITALIZACIÓN";"183";"185";"313";"274";"35";"1050";"0"
"2023";"11";"150110";"LIMA";"LIMA";"COMAS";"PRIVADO";"I-3";"00025575";"CENTRO CLÍNICO SAN NICOLAS";"NE_0001";"";"NE_0001";"NE_0001";"NE_0001";"NE_0001";"NE_0001";"NE_0001";"NE_0001"
"2023";"11";"120302";"JUNIN";"CHANCHAMAYO";"PERENE";"GOBIERNO REGIONAL";"I-1";"00000339";"SAN ANTONIO ALTO PICHANAKI";"NE_0001";"";"NE_0001";"NE_0001";"NE_0001";"NE_0001";"NE_0001";"NE_0001";"NE_0001"
"2023";"11";"120608";"JUNIN";"SATIPO";"RIO TAMBO";"GOBIERNO REGIONAL";"I-2";"00000474";"QUITENI";"NE_0001";"";"NE_0001";"NE_0001";"NE_0001";"NE_0001";"NE_0001";"NE_0001";"NE_0001"
"2023";"11";"120608";"JUNIN";"SATIPO";"RIO TAMBO";"GOBIERNO REGIONAL";"I-1";"00000461";"SHEVOJA";"NE_0001";"";"NE_0001";"NE_0001";"NE_0001";"NE_0001";"NE_0001";"NE_0001";"NE_0001"
"2023";"11";"120608";"JUNIN";"SATIPO";"RIO TAMBO";"GOBIERNO REGIONAL";"I-1";"00000475";"CAPERUSIA";"NE_0001";"";"NE_0001";"NE_0001";"NE_0001";"NE_0001";"NE_0001";"NE_0001";"NE_0001"
"2023";"11";"120608";"JUNIN";"SATIPO";"RIO TAMBO";"GOBIERNO REGIONAL";"I-2";"00007187";"VISTA  ALEGRE DEL VALLE DE SANTA CRUZ";"NE_0001";"";"NE_0001";"NE_0001";"NE_0001";"NE_0001";"NE_0001";"NE_0001";"NE_0001"
"2023";"09";"120702";"JUNIN";"TARMA";"ACOBAMBA";"GOBIERNO REGIONAL";"I-1";"00000522";"PICOY";"NE_0001";"";"NE_0001";"NE_0001";"NE_0001";"NE_0001";"NE_0001";"NE_0001";"NE_0001"
"2023";"09";"120702";"JUNIN";"TARMA";"ACOBAMBA";"GOBIERNO REGIONAL";"I-1";"00000526";"COLLPA";"NE_0001";"";"NE_0001";"NE_0001";"NE_0001";"NE_0001";"NE_0001";"NE_0001";"NE_0001"
"2023";"09";"120702";"JUNIN";"TARMA";"ACOBAMBA";"GOBIERNO REGIONAL";"I-4";"00000521";"ACOBAMBA";"241800";"HOSPITALIZACIÓN DE MEDICINA MEDICINA GENERAL ";"1";"1";"1";"1";"3";"90";"0"
"2023";"09";"120702";"JUNIN";"TARMA";"ACOBAMBA";"GOBIERNO REGIONAL";"I-4";"00000521";"ACOBAMBA";"241600";"HOSPITALIZACIÓN QUIRÚRGICA OBSTETRICIA   ";"3";"3";"4";"4";"3";"90";"0"
"2023";"09";"120702";"JUNIN";"TARMA";"ACOBAMBA";"GOBIERNO REGIONAL";"I-1";"00000524";"TUPIN";"NE_0001";"";"NE_0001";"NE_0001";"NE_0001";"NE_0001";"NE_0001";"NE_0001";"NE_0001"
"2023";"09";"220901";"SAN MARTIN";"SAN MARTIN";"TARAPOTO";"PRIVADO";"II-E";"00008269";"CLINICA SAN MARTIN";"240100";"HOSPITALIZACIÓN QUIRÚRGICA CIRUGÍA GENERAL ";"5";"5";"6";"8";"13";"16";"0"
"2023";"09";"220901";"SAN MARTIN";"SAN MARTIN";"TARAPOTO";"PRIVADO";"II-E";"00008269";"CLINICA SAN MARTIN";"241200";"HOSPITALIZACIÓN QUIRÚRGICA TRAUMATOLOGÍA Y ORTOPEDIA ";"1";"1";"6";"2";"13";"21";"0"
"2023";"09";"220901";"SAN MARTIN";"SAN MARTIN";"TARAPOTO";"PRIVADO";"II-E";"00008269";"CLINICA SAN MARTIN";"241300";"HOSPITALIZACIÓN QUIRÚRGICA UROLOGÍA  ";"2";"2";"2";"4";"13";"32";"0"
"2023";"09";"220901";"SAN MARTIN";"SAN MARTIN";"TARAPOTO";"PRIVADO";"II-E";"00008269";"CLINICA SAN MARTIN";"241500";"HOSPITALIZACIÓN QUIRÚRGICA GINECOLOGÍA  ";"12";"12";"17";"18";"13";"36";"0"
"2023";"09";"220901";"SAN MARTIN";"SAN MARTIN";"TARAPOTO";"PRIVADO";"II-E";"00008269";"CLINICA SAN MARTIN";"241800";"HOSPITALIZACIÓN DE MEDICINA MEDICINA GENERAL ";"19";"19";"39";"28";"13";"56";"0"
"2023";"09";"220901";"SAN MARTIN";"SAN MARTIN";"TARAPOTO";"PRIVADO";"II-E";"00008269";"CLINICA SAN MARTIN";"241900";"HOSPITALIZACIÓN DE MEDICINA MEDICINA INTERNA ";"6";"6";"17";"10";"13";"36";"0"
"2023";"09";"220901";"SAN MARTIN";"SAN MARTIN";"TARAPOTO";"PRIVADO";"II-E";"00008269";"CLINICA SAN MARTIN";"242300";"HOSPITALIZACIÓN DE PEDIATRÍA  PEDIATRÍA  GENERAL ";"16";"16";"44";"26";"13";"51";"0"
"2023";"09";"150108";"LIMA";"LIMA";"CHORRILLOS";"SANIDAD DEL EJERCITO DEL PERU";"II-E";"00010098";"HOSPITAL MILITAR GERIATRICO";"240000";"HOSPITALIZACIÓN";"46";"50";"265";"266";"15";"450";"0"
"2023";"09";"060101";"CAJAMARCA";"CAJAMARCA";"CAJAMARCA";"GOBIERNO REGIONAL";"II-2";"00007686";"HOSPITAL REGIONAL DOCENTE CAJAMARCA";"240100";"HOSPITALIZACIÓN QUIRÚRGICA CIRUGÍA GENERAL ";"277";"276";"1609";"1590";"72";"2160";"2"
"2023";"09";"060101";"CAJAMARCA";"CAJAMARCA";"CAJAMARCA";"GOBIERNO REGIONAL";"II-2";"00007686";"HOSPITAL REGIONAL DOCENTE CAJAMARCA";"241400";"HOSPITALIZACIÓN QUIRÚRGICA GINECO - OBSTETRICIA ";"409";"312";"829";"772";"35";"1050";"0"
"2023";"09";"060101";"CAJAMARCA";"CAJAMARCA";"CAJAMARCA";"GOBIERNO REGIONAL";"II-2";"00007686";"HOSPITAL REGIONAL DOCENTE CAJAMARCA";"241800";"HOSPITALIZACIÓN DE MEDICINA MEDICINA GENERAL ";"158";"150";"1012";"862";"32";"960";"3"
"2023";"09";"060101";"CAJAMARCA";"CAJAMARCA";"CAJAMARCA";"GOBIERNO REGIONAL";"II-2";"00007686";"HOSPITAL REGIONAL DOCENTE CAJAMARCA";"243200";"HOSPITALIZACIÓN DE PEDIATRÍA PEDIATRIA NEONATOLOGÍA";"82";"84";"1179";"906";"35";"1050";"0"
"2023";"09";"060101";"CAJAMARCA";"CAJAMARCA";"CAJAMARCA";"GOBIERNO REGIONAL";"II-2";"00007686";"HOSPITAL REGIONAL DOCENTE CAJAMARCA";"242500";"HOSPITALIZACIÓN-PEDIATRÍA GENERAL-";"53";"53";"358";"338";"17";"540";"0"
"2023";"09";"060101";"CAJAMARCA";"CAJAMARCA";"CAJAMARCA";"GOBIERNO REGIONAL";"II-2";"00007686";"HOSPITAL REGIONAL DOCENTE CAJAMARCA";"250103";"UNIDAD DE CUIDADOS CRITICOS UNIDAD  DE CUIDADOS INTENSIVOS GENERALES  (UCI) MEDICINA";"29";"8";"58";"390";"13";"390";"8"
"2023";"09";"060101";"CAJAMARCA";"CAJAMARCA";"CAJAMARCA";"GOBIERNO REGIONAL";"II-2";"00007686";"HOSPITAL REGIONAL DOCENTE CAJAMARCA";"250200";"UNIDAD DE CUIDADOS CRITICOS UNIDAD DE CUIDADOS INTERMEDIOS GENERAL  (UCIN) ";"9";"2";"262";"180";"6";"180";"1"
"2023";"09";"060101";"CAJAMARCA";"CAJAMARCA";"CAJAMARCA";"GOBIERNO REGIONAL";"II-2";"00007686";"HOSPITAL REGIONAL DOCENTE CAJAMARCA";"250105";"UNIDAD DE CUIDADOS CRITICOS UNIDAD  DE CUIDADOS INTENSIVOS  (UCI) NEONATOLOGÍA";"28";"6";"14";"270";"9";"270";"5"
"2023";"09";"060101";"CAJAMARCA";"CAJAMARCA";"CAJAMARCA";"GOBIERNO REGIONAL";"II-2";"00007686";"HOSPITAL REGIONAL DOCENTE CAJAMARCA";"242200";"HOSPITALIZACIÓN DE MEDICINA PSIQUIATRÍA ";"11";"8";"150";"138";"6";"180";"1"
"2023";"09";"070106";"CALLAO";"CALLAO";"VENTANILLA";"GOBIERNO REGIONAL";"II-1";"00007126";"HOSPITAL DE VENTANILLA";"240100";"HOSPITALIZACIÓN QUIRÚRGICA CIRUGÍA GENERAL ";"87";"95";"339";"309";"15";"450";"0"
"2023";"09";"070106";"CALLAO";"CALLAO";"VENTANILLA";"GOBIERNO REGIONAL";"II-1";"00007126";"HOSPITAL DE VENTANILLA";"241500";"HOSPITALIZACIÓN QUIRÚRGICA GINECOLOGÍA  ";"10";"10";"24";"19";"3";"90";"0"
"2023";"09";"070106";"CALLAO";"CALLAO";"VENTANILLA";"GOBIERNO REGIONAL";"II-1";"00007126";"HOSPITAL DE VENTANILLA";"241600";"HOSPITALIZACIÓN QUIRÚRGICA OBSTETRICIA   ";"179";"183";"320";"299";"18";"540";"0"
"2023";"09";"070106";"CALLAO";"CALLAO";"VENTANILLA";"GOBIERNO REGIONAL";"II-1";"00007126";"HOSPITAL DE VENTANILLA";"241800";"HOSPITALIZACIÓN DE MEDICINA MEDICINA GENERAL ";"38";"52";"317";"287";"16";"480";"2"
"2023";"09";"070106";"CALLAO";"CALLAO";"VENTANILLA";"GOBIERNO REGIONAL";"II-1";"00007126";"HOSPITAL DE VENTANILLA";"242500";"HOSPITALIZACIÓN-PEDIATRÍA GENERAL-";"26";"36";"133";"83";"9";"270";"0"
"2023";"09";"070106";"CALLAO";"CALLAO";"VENTANILLA";"GOBIERNO REGIONAL";"II-1";"00007126";"HOSPITAL DE VENTANILLA";"243200";"HOSPITALIZACIÓN DE PEDIATRÍA PEDIATRIA NEONATOLOGÍA";"17";"18";"43";"50";"9";"270";"0"
"2023";"10";"130705";"LA LIBERTAD";"PACASMAYO";"SAN JOSE";"ESSALUD";"I-2";"00012110";"POSTA DE SALUD SAN JOSE";"NE_0001";"";"NE_0001";"NE_0001";"NE_0001";"NE_0001";"NE_0001";"NE_0001";"NE_0001"
"2023";"10";"090302";"HUANCAVELICA";"ANGARAES";"ANCHONGA";"GOBIERNO REGIONAL";"I-3";"00006901";"BUENOS AIRES DE PARCO CHACAPUNCU";"NE_0001";"";"NE_0001";"NE_0001";"NE_0001";"NE_0001";"NE_0001";"NE_0001";"NE_0001"
"2023";"10";"090304";"HUANCAVELICA";"ANGARAES";"CCOCHACCASA";"GOBIERNO REGIONAL";"I-1";"00003956";"SAN PEDRO DE MIMOSA";"NE_0001";"";"NE_0001";"NE_0001";"NE_0001";"NE_0001";"NE_0001";"NE_0001";"NE_0001"
"2023";"10";"090301";"HUANCAVELICA";"ANGARAES";"LIRCAY";"GOBIERNO REGIONAL";"I-1";"00007290";"PERCAPAMPA";"NE_0001";"";"NE_0001";"NE_0001";"NE_0001";"NE_0001";"NE_0001";"NE_0001";"NE_0001"
"2023";"10";"090305";"HUANCAVELICA";"ANGARAES";"CHINCHO";"GOBIERNO REGIONAL";"I-1";"00003963";"CHINCHO";"NE_0001";"";"NE_0001";"NE_0001";"NE_0001";"NE_0001";"NE_0001";"NE_0001";"NE_0001"
"2023";"10";"090306";"HUANCAVELICA";"ANGARAES";"CONGALLA";"GOBIERNO REGIONAL";"I-1";"00011199";"CHAYNABAMBA";"NE_0001";"";"NE_0001";"NE_0001";"NE_0001";"NE_0001";"NE_0001";"NE_0001";"NE_0001"
"2023";"10";"090302";"HUANCAVELICA";"ANGARAES";"ANCHONGA";"GOBIERNO REGIONAL";"I-1";"00006930";"HUARIRUMI - CHONTACANCHA";"NE_0001";"";"NE_0001";"NE_0001";"NE_0001";"NE_0001";"NE_0001";"NE_0001";"NE_0001"
"2023";"10";"090302";"HUANCAVELICA";"ANGARAES";"ANCHONGA";"GOBIERNO REGIONAL";"I-2";"00003961";"SAN PABLO DE OCCO";"NE_0001";"";"NE_0001";"NE_0001";"NE_0001";"NE_0001";"NE_0001";"NE_0001";"NE_0001"
"2023";"10";"090306";"HUANCAVELICA";"ANGARAES";"CONGALLA";"GOBIERNO REGIONAL";"I-1";"00003973";"YUNYACCASA";"NE_0001";"";"NE_0001";"NE_0001";"NE_0001";"NE_0001";"NE_0001";"NE_0001";"NE_0001"
"2023";"10";"090306";"HUANCAVELICA";"ANGARAES";"CONGALLA";"GOBIERNO REGIONAL";"I-1";"00003974";"CARCOSI";"NE_0001";"";"NE_0001";"NE_0001";"NE_0001";"NE_0001";"NE_0001";"NE_0001";"NE_0001"
"2023";"10";"090311";"HUANCAVELICA";"ANGARAES";"SANTO TOMAS DE PATA";"GOBIERNO REGIONAL";"I-1";"00003967";"SANTO TOMAS DE PATA";"NE_0001";"";"NE_0001";"NE_0001";"NE_0001";"NE_0001";"NE_0001";"NE_0001";"NE_0001"
"2023";"10";"070101";"CALLAO";"CALLAO";"CALLAO";"GOBIERNO REGIONAL";"I-2";"00006768";"PUESTO DE SALUD PALMERAS DE OQUENDO";"NE_0001";"";"NE_0001";"NE_0001";"NE_0001";"NE_0001";"NE_0001";"NE_0001";"NE_0001"
"2023";"10";"130705";"LA LIBERTAD";"PACASMAYO";"SAN JOSE";"GOBIERNO REGIONAL";"I-3";"00005297";"SAN JOSE";"NE_0001";"";"NE_0001";"NE_0001";"NE_0001";"NE_0001";"NE_0001";"NE_0001";"NE_0001"
"2023";"10";"150101";"LIMA";"LIMA";"LIMA";"MINSA";"III-1";"00006207";"HOSPITAL NACIONAL ARZOBISPO LOAYZA";"241900";"HOSPITALIZACIÓN DE MEDICINA MEDICINA INTERNA ";"637";"612";"5648";"6161";"211";"6541";"41"
"2023";"10";"150101";"LIMA";"LIMA";"LIMA";"MINSA";"III-1";"00006207";"HOSPITAL NACIONAL ARZOBISPO LOAYZA";"240100";"HOSPITALIZACIÓN QUIRÚRGICA CIRUGÍA GENERAL ";"489";"526";"3450";"4021";"150";"4650";"2"
"2023";"10";"150101";"LIMA";"LIMA";"LIMA";"MINSA";"III-1";"00006207";"HOSPITAL NACIONAL ARZOBISPO LOAYZA";"241500";"HOSPITALIZACIÓN QUIRÚRGICA GINECOLOGÍA  ";"117";"116";"810";"838";"34";"1054";"0"
"2023";"10";"150101";"LIMA";"LIMA";"LIMA";"MINSA";"III-1";"00006207";"HOSPITAL NACIONAL ARZOBISPO LOAYZA";"241600";"HOSPITALIZACIÓN QUIRÚRGICA OBSTETRICIA   ";"184";"185";"773";"817";"53";"1643";"0"
"2023";"10";"150101";"LIMA";"LIMA";"LIMA";"MINSA";"III-1";"00006207";"HOSPITAL NACIONAL ARZOBISPO LOAYZA";"242300";"HOSPITALIZACIÓN DE PEDIATRÍA  PEDIATRÍA  GENERAL ";"97";"102";"621";"699";"38";"1178";"0"
"2023";"10";"150101";"LIMA";"LIMA";"LIMA";"MINSA";"III-1";"00006207";"HOSPITAL NACIONAL ARZOBISPO LOAYZA";"250100";"UNIDAD DE CUIDADOS CRITICOS UNIDAD  DE CUIDADOS INTENSIVOS GENERALES (UCI) ";"38";"27";"1295";"1125";"45";"1395";"27"
"2023";"10";"150101";"LIMA";"LIMA";"LIMA";"MINSA";"III-1";"00006207";"HOSPITAL NACIONAL ARZOBISPO LOAYZA";"250200";"UNIDAD DE CUIDADOS CRITICOS UNIDAD DE CUIDADOS INTERMEDIOS GENERAL  (UCIN) ";"0";"0";"132";"166";"6";"186";"0"
"2023";"10";"150101";"LIMA";"LIMA";"LIMA";"MINSA";"III-1";"00006207";"HOSPITAL NACIONAL ARZOBISPO LOAYZA";"240801";"HOSPITALIZACIÓN QUIRÚRGICA CIRUGÍA PLÁSTICA/RECONSTRUCTIVA/ REPARADORA QUEMADOS";"27";"32";"622";"693";"23";"713";"0"
"2023";"10";"150101";"LIMA";"LIMA";"LIMA";"MINSA";"III-1";"00006207";"HOSPITAL NACIONAL ARZOBISPO LOAYZA";"250105";"UNIDAD DE CUIDADOS CRITICOS UNIDAD  DE CUIDADOS INTENSIVOS  (UCI) NEONATOLOGÍA";"12";"27";"378";"324";"26";"806";"3"
"2023";"10";"150101";"LIMA";"LIMA";"LIMA";"MINSA";"III-1";"00006207";"HOSPITAL NACIONAL ARZOBISPO LOAYZA";"250101";"UNIDAD DE CUIDADOS CRITICOS UNIDAD  DE CUIDADOS INTENSIVOS GENERALES (UCI) CARDIOLOGIA";"14";"12";"133";"159";"6";"186";"1"
"2023";"10";"150101";"LIMA";"LIMA";"LIMA";"MINSA";"III-1";"00006207";"HOSPITAL NACIONAL ARZOBISPO LOAYZA";"241200";"HOSPITALIZACIÓN QUIRÚRGICA TRAUMATOLOGÍA Y ORTOPEDIA ";"65";"66";"453";"545";"20";"620";"0"
"2023";"10";"150101";"LIMA";"LIMA";"LIMA";"MINSA";"III-1";"00006207";"HOSPITAL NACIONAL ARZOBISPO LOAYZA";"245300";"HOSPITALIZACIÓN DE MEDICINA NEUMOLOGÍA  ";"6";"8";"168";"113";"4";"124";"1"
"2023";"10";"220808";"SAN MARTIN";"RIOJA";"YORONGOS";"GOBIERNO REGIONAL";"I-1";"00006276";"PUESTO DE SALUD NUEVO TABALOSOS";"NE_0002";"";"NE_0002";"NE_0002";"NE_0002";"NE_0002";"NE_0002";"NE_0002";"NE_0002"
"2023";"10";"220801";"SAN MARTIN";"RIOJA";"RIOJA";"GOBIERNO REGIONAL";"I-1";"00006280";"PUESTO DE SALUD PORVENIR";"NE_0002";"";"NE_0002";"NE_0002";"NE_0002";"NE_0002";"NE_0002";"NE_0002";"NE_0002"
"2023";"10";"220801";"SAN MARTIN";"RIOJA";"RIOJA";"GOBIERNO REGIONAL";"I-1";"00006708";"PUESTO DE SALUD PERLA DE CASCAYUNGA";"NE_0002";"";"NE_0002";"NE_0002";"NE_0002";"NE_0002";"NE_0002";"NE_0002";"NE_0002"
"2023";"10";"220806";"SAN MARTIN";"RIOJA";"POSIC";"GOBIERNO REGIONAL";"I-1";"00006274";"PUESTO DE SALUD POSIC";"NE_0002";"";"NE_0002";"NE_0002";"NE_0002";"NE_0002";"NE_0002";"NE_0002";"NE_0002"
"2023";"10";"220801";"SAN MARTIN";"RIOJA";"RIOJA";"GOBIERNO REGIONAL";"I-4";"00006270";"CENTRO DE SALUD NUEVA RIOJA";"241600";"HOSPITALIZACIÓN QUIRÚRGICA OBSTETRICIA   ";"7";"7";"7";"7";"7";"186";"0"
"2023";"10";"220801";"SAN MARTIN";"RIOJA";"RIOJA";"GOBIERNO REGIONAL";"I-4";"00006270";"CENTRO DE SALUD NUEVA RIOJA";"241800";"HOSPITALIZACIÓN DE MEDICINA MEDICINA GENERAL ";"56";"60";"184";"7";"7";"496";"0"
"2023";"10";"220808";"SAN MARTIN";"RIOJA";"YORONGOS";"GOBIERNO REGIONAL";"I-3";"00006275";"PUESTO DE SALUD YORONGOS";"NE_0002";"";"NE_0002";"NE_0002";"NE_0002";"NE_0002";"NE_0002";"NE_0002";"NE_0002"
"2023";"10";"150113";"LIMA";"LIMA";"JESUS MARIA";"PRIVADO";"II-E";"00017173";"CLINICA PORVENIR";"240100";"HOSPITALIZACIÓN QUIRÚRGICA CIRUGÍA GENERAL ";"111";"93";"120";"111";"4";"124";"0"
"2023";"10";"150113";"LIMA";"LIMA";"JESUS MARIA";"PRIVADO";"II-E";"00017173";"CLINICA PORVENIR";"241400";"HOSPITALIZACIÓN QUIRÚRGICA GINECO - OBSTETRICIA ";"38";"35";"76";"38";"3";"93";"0"
"2023";"10";"150113";"LIMA";"LIMA";"JESUS MARIA";"PRIVADO";"II-E";"00017173";"CLINICA PORVENIR";"241300";"HOSPITALIZACIÓN QUIRÚRGICA UROLOGÍA  ";"7";"6";"12";"7";"1";"31";"0"
"2023";"10";"150113";"LIMA";"LIMA";"JESUS MARIA";"PRIVADO";"II-E";"00017173";"CLINICA PORVENIR";"241000";"HOSPITALIZACIÓN QUIRÚRGICA ONCOLOGÍA QUIRÚRGICA  ";"2";"2";"2";"2";"1";"31";"0"
"2023";"10";"150113";"LIMA";"LIMA";"JESUS MARIA";"PRIVADO";"II-E";"00017173";"CLINICA PORVENIR";"241200";"HOSPITALIZACIÓN QUIRÚRGICA TRAUMATOLOGÍA Y ORTOPEDIA ";"3";"3";"11";"3";"1";"31";"0"
"2023";"10";"150113";"LIMA";"LIMA";"JESUS MARIA";"PRIVADO";"II-E";"00017173";"CLINICA PORVENIR";"240400";"HOSPITALIZACIÓN QUIRÚRGICA CIRUGÍA DE TÓRAX Y CARDIOVASCULAR ";"2";"2";"2";"2";"1";"31";"0"
"2023";"10";"150113";"LIMA";"LIMA";"JESUS MARIA";"PRIVADO";"II-E";"00017173";"CLINICA PORVENIR";"240000";"HOSPITALIZACIÓN";"2";"2";"3";"2";"1";"31";"1"
"2023";"10";"070101";"CALLAO";"CALLAO";"CALLAO";"GOBIERNO REGIONAL";"0";"00031162";"HOGAR PROTEGIDO ACAPULCO";"NE_0001";"";"NE_0001";"NE_0001";"NE_0001";"NE_0001";"NE_0001";"NE_0001";"NE_0001"
"2023";"10";"070101";"CALLAO";"CALLAO";"CALLAO";"GOBIERNO REGIONAL";"I-2";"00020823";"CENTRO DE SALUD MENTAL COMUNITARIO SARITA COLONIA";"NE_0001";"";"NE_0001";"NE_0001";"NE_0001";"NE_0001";"NE_0001";"NE_0001";"NE_0001"
"2023";"10";"070101";"CALLAO";"CALLAO";"CALLAO";"GOBIERNO REGIONAL";"I-2";"00006233";"PUESTO DE SALUD JUAN PABLO II";"NE_0001";"";"NE_0001";"NE_0001";"NE_0001";"NE_0001";"NE_0001";"NE_0001";"NE_0001"
"2023";"10";"070101";"CALLAO";"CALLAO";"CALLAO";"GOBIERNO REGIONAL";"I-4";"00006230";"CENTRO DE SALUD ACAPULCO";"241400";"HOSPITALIZACIÓN QUIRÚRGICA GINECO - OBSTETRICIA ";"3";"3";"3";"93";"8";"248";"0"
"2023";"10";"130301";"LA LIBERTAD";"BOLIVAR";"BOLIVAR";"GOBIERNO REGIONAL";"II-1";"00005366";"HOSPITAL PROVINCIAL DE BOLIVAR";"241600";"HOSPITALIZACIÓN QUIRÚRGICA OBSTETRICIA   ";"2";"1";"1";"2";"4";"124";"0"
"2023";"10";"130301";"LA LIBERTAD";"BOLIVAR";"BOLIVAR";"GOBIERNO REGIONAL";"II-1";"00005366";"HOSPITAL PROVINCIAL DE BOLIVAR";"241800";"HOSPITALIZACIÓN DE MEDICINA MEDICINA GENERAL ";"5";"6";"16";"10";"4";"124";"0"
"2023";"10";"210401";"PUNO";"CHUCUITO";"JULI";"GOBIERNO REGIONAL";"II-1";"00002990";"JULI";"242500";"HOSPITALIZACIÓN-PEDIATRÍA GENERAL-";"3";"3";"14";"10";"6";"186";"0"
"2023";"10";"210401";"PUNO";"CHUCUITO";"JULI";"GOBIERNO REGIONAL";"II-1";"00002990";"JULI";"240100";"HOSPITALIZACIÓN QUIRÚRGICA CIRUGÍA GENERAL ";"16";"16";"38";"28";"5";"155";"0"
"2023";"10";"210401";"PUNO";"CHUCUITO";"JULI";"GOBIERNO REGIONAL";"II-1";"00002990";"JULI";"241800";"HOSPITALIZACIÓN DE MEDICINA MEDICINA GENERAL ";"13";"13";"50";"42";"6";"186";"0"
"2023";"10";"210401";"PUNO";"CHUCUITO";"JULI";"GOBIERNO REGIONAL";"II-1";"00002990";"JULI";"241600";"HOSPITALIZACIÓN QUIRÚRGICA OBSTETRICIA   ";"38";"38";"81";"94";"9";"279";"0"
"2023";"10";"040118";"AREQUIPA";"AREQUIPA";"SAN JUAN DE SIGUAS";"GOBIERNO REGIONAL";"I-1";"00001339";"PUESTO DE SALUD SAN JUAN DE SIGUAS - TAMBILLO";"NE_0001";"";"NE_0001";"NE_0001";"NE_0001";"NE_0001";"NE_0001";"NE_0001";"NE_0001"
"2023";"10";"040520";"AREQUIPA";"CAYLLOMA";"MAJES";"GOBIERNO REGIONAL";"I-3";"00023969";"CENTRO DE SALUD MENTAL COMUNITARIO MAJES";"NE_0001";"";"NE_0001";"NE_0001";"NE_0001";"NE_0001";"NE_0001";"NE_0001";"NE_0001"
"2023";"10";"150131";"LIMA";"LIMA";"SAN ISIDRO";"PRIVADO";"II-2";"00009437";"CLINICA LIMATAMBO";"240000";"HOSPITALIZACIÓN";"124";"125";"387";"295";"38";"1178";"4"
"2023";"10";"040118";"AREQUIPA";"AREQUIPA";"SAN JUAN DE SIGUAS";"GOBIERNO REGIONAL";"I-1";"00001339";"PUESTO DE SALUD SAN JUAN DE SIGUAS - TAMBILLO";"NE_0001";"";"NE_0001";"NE_0001";"NE_0001";"NE_0001";"NE_0001";"NE_0001";"NE_0001"
"2023";"10";"040520";"AREQUIPA";"CAYLLOMA";"MAJES";"GOBIERNO REGIONAL";"I-3";"00023969";"CENTRO DE SALUD MENTAL COMUNITARIO MAJES";"NE_0001";"";"NE_0001";"NE_0001";"NE_0001";"NE_0001";"NE_0001";"NE_0001";"NE_0001"
"2023";"10";"040520";"AREQUIPA";"CAYLLOMA";"MAJES";"GOBIERNO REGIONAL";"I-2";"00001341";"ASENTAMIENTO B-1";"NE_0001";"";"NE_0001";"NE_0001";"NE_0001";"NE_0001";"NE_0001";"NE_0001";"NE_0001"
"2023";"10";"040520";"AREQUIPA";"CAYLLOMA";"MAJES";"GOBIERNO REGIONAL";"0";"00030864";"HOGAR PROTEGIDO ""HACIA UNA NUEVA VIDA""";"NE_0001";"";"NE_0001";"NE_0001";"NE_0001";"NE_0001";"NE_0001";"NE_0001";"NE_0001"
"2023";"10";"040520";"AREQUIPA";"CAYLLOMA";"MAJES";"GOBIERNO REGIONAL";"I-4";"00001325";"CENTRO DE SALUD  SANDRITA PEREZ EL PEDREGAL";"241600";"HOSPITALIZACIÓN QUIRÚRGICA OBSTETRICIA   ";"9";"9";"9";"9";"6";"22";"0"
"2023";"10";"040120";"AREQUIPA";"AREQUIPA";"SANTA ISABEL DE SIGUAS";"GOBIERNO REGIONAL";"I-2";"00001378";"PUESTO DE SALUD SONDOR";"NE_0001";"";"NE_0001";"NE_0001";"NE_0001";"NE_0001";"NE_0001";"NE_0001";"NE_0001"
"2023";"10";"040520";"AREQUIPA";"CAYLLOMA";"MAJES";"GOBIERNO REGIONAL";"I-2";"00001342";"PUESTO DE SALUD  B-2";"NE_0001";"";"NE_0001";"NE_0001";"NE_0001";"NE_0001";"NE_0001";"NE_0001";"NE_0001"
"2023";"10";"040120";"AREQUIPA";"AREQUIPA";"SANTA ISABEL DE SIGUAS";"GOBIERNO REGIONAL";"I-2";"00001336";"SANTA ISABEL DE SIGUAS";"NE_0001";"";"NE_0001";"NE_0001";"NE_0001";"NE_0001";"NE_0001";"NE_0001";"NE_0001"
"2023";"10";"040120";"AREQUIPA";"AREQUIPA";"SANTA ISABEL DE SIGUAS";"GOBIERNO REGIONAL";"I-1";"00001337";"PUESTO DE SALUD PITAY";"NE_0001";"";"NE_0001";"NE_0001";"NE_0001";"NE_0001";"NE_0001";"NE_0001";"NE_0001"
"2023";"10";"040520";"AREQUIPA";"CAYLLOMA";"MAJES";"GOBIERNO REGIONAL";"I-3";"00001326";"CENTRO DE SALUD LA COLINA";"NE_0001";"";"NE_0001";"NE_0001";"NE_0001";"NE_0001";"NE_0001";"NE_0001";"NE_0001"
"2023";"10";"040511";"AREQUIPA";"CAYLLOMA";"LLUTA";"GOBIERNO REGIONAL";"I-2";"00001340";"PUESTO DE SALUD QUERQUE";"NE_0001";"";"NE_0001";"NE_0001";"NE_0001";"NE_0001";"NE_0001";"NE_0001";"NE_0001"
"2023";"10";"150116";"LIMA";"LIMA";"LINCE";"PRIVADO";"II-E";"00029299";"MAS VISION S.A.C.";"NE_0001";"";"NE_0001";"NE_0001";"NE_0001";"NE_0001";"NE_0001";"NE_0001";"NE_0001"
"2023";"09";"150140";"LIMA";"LIMA";"SANTIAGO DE SURCO";"ESSALUD";"I-3";"00008378";"POLICLINICO PROCERES";"NE_0001";"";"NE_0001";"NE_0001";"NE_0001";"NE_0001";"NE_0001";"NE_0001";"NE_0001"
"2023";"10";"120114";"JUNIN";"HUANCAYO";"EL TAMBO";"GOBIERNO REGIONAL";"I-2";"00000735";"COCHAS CHICO";"NE_0002";"";"NE_0002";"NE_0002";"NE_0002";"NE_0002";"NE_0002";"NE_0002";"NE_0002"
"2023";"10";"150118";"LIMA";"LIMA";"LURIGANCHO";"PRIVADO";"II-E";"00016951";"CLINICA MADRE ZORAIDA";"241500";"HOSPITALIZACIÓN QUIRÚRGICA GINECOLOGÍA  ";"5";"5";"12";"16";"6";"166";"0"
"2023";"10";"150118";"LIMA";"LIMA";"LURIGANCHO";"PRIVADO";"II-E";"00016951";"CLINICA MADRE ZORAIDA";"240100";"HOSPITALIZACIÓN QUIRÚRGICA CIRUGÍA GENERAL ";"2";"2";"6";"8";"6";"165";"0"
"2023";"10";"150118";"LIMA";"LIMA";"LURIGANCHO";"PRIVADO";"II-E";"00016951";"CLINICA MADRE ZORAIDA";"241300";"HOSPITALIZACIÓN QUIRÚRGICA UROLOGÍA  ";"2";"2";"6";"8";"6";"165";"0"
"2023";"10";"150122";"LIMA";"LIMA";"MIRAFLORES";"PRIVADO";"II-E";"00019671";"CLINICA RENACER";"NE_0002";"";"NE_0002";"NE_0002";"NE_0002";"NE_0002";"NE_0002";"NE_0002";"NE_0002"
"2023";"10";"150120";"LIMA";"LIMA";"MAGDALENA DEL MAR";"PRIVADO";"II-E";"00023022";"CLINICA AVANSALUD";"240000";"HOSPITALIZACIÓN";"105";"104";"49";"103";"11";"341";"0"
"2023";"10";"021101";"ANCASH";"HUARMEY";"HUARMEY";"GOBIERNO REGIONAL";"II-1";"00001741";"HOSPITAL DE APOYO HUARMEY";"240100";"HOSPITALIZACIÓN QUIRÚRGICA CIRUGÍA GENERAL ";"10";"10";"44";"43";"3";"93";"0"
"2023";"10";"021101";"ANCASH";"HUARMEY";"HUARMEY";"GOBIERNO REGIONAL";"II-1";"00001741";"HOSPITAL DE APOYO HUARMEY";"241400";"HOSPITALIZACIÓN QUIRÚRGICA GINECO - OBSTETRICIA ";"41";"41";"84";"81";"10";"310";"0"
"2023";"10";"021101";"ANCASH";"HUARMEY";"HUARMEY";"GOBIERNO REGIONAL";"II-1";"00001741";"HOSPITAL DE APOYO HUARMEY";"241800";"HOSPITALIZACIÓN DE MEDICINA MEDICINA GENERAL ";"23";"24";"110";"109";"11";"341";"2"
"2023";"10";"021101";"ANCASH";"HUARMEY";"HUARMEY";"GOBIERNO REGIONAL";"II-1";"00001741";"HOSPITAL DE APOYO HUARMEY";"242300";"HOSPITALIZACIÓN DE PEDIATRÍA  PEDIATRÍA  GENERAL ";"6";"7";"30";"29";"3";"93";"0"
"2023";"10";"200701";"PIURA";"TALARA";"PARIÑAS";"PRIVADO";"II-1";"00011396";"ADMINISTRADORA CLINICA TRESA";"241900";"HOSPITALIZACIÓN DE MEDICINA MEDICINA INTERNA ";"16";"15";"36";"168";"6";"186";"0"
"2023";"10";"200701";"PIURA";"TALARA";"PARIÑAS";"PRIVADO";"II-1";"00011396";"ADMINISTRADORA CLINICA TRESA";"240100";"HOSPITALIZACIÓN QUIRÚRGICA CIRUGÍA GENERAL ";"9";"9";"23";"83";"3";"93";"0"
"2023";"10";"200701";"PIURA";"TALARA";"PARIÑAS";"PRIVADO";"II-1";"00011396";"ADMINISTRADORA CLINICA TRESA";"241200";"HOSPITALIZACIÓN QUIRÚRGICA TRAUMATOLOGÍA Y ORTOPEDIA ";"2";"2";"9";"28";"1";"31";"0"
"2023";"10";"200701";"PIURA";"TALARA";"PARIÑAS";"PRIVADO";"II-1";"00011396";"ADMINISTRADORA CLINICA TRESA";"241500";"HOSPITALIZACIÓN QUIRÚRGICA GINECOLOGÍA  ";"3";"3";"8";"28";"1";"31";"0"
"2023";"10";"200701";"PIURA";"TALARA";"PARIÑAS";"PRIVADO";"II-1";"00011396";"ADMINISTRADORA CLINICA TRESA";"242300";"HOSPITALIZACIÓN DE PEDIATRÍA  PEDIATRÍA  GENERAL ";"6";"6";"18";"84";"3";"93";"0"
"2023";"10";"130902";"LA LIBERTAD";"SANCHEZ CARRION";"CHUGAY";"GOBIERNO REGIONAL";"I-2";"00005353";"UCHUBAMBA";"NE_0001";"";"NE_0001";"NE_0001";"NE_0001";"NE_0001";"NE_0001";"NE_0001";"NE_0001"
"2023";"10";"130902";"LA LIBERTAD";"SANCHEZ CARRION";"CHUGAY";"GOBIERNO REGIONAL";"I-2";"00005354";"COCHABAMBA";"NE_0001";"";"NE_0001";"NE_0001";"NE_0001";"NE_0001";"NE_0001";"NE_0001";"NE_0001"
"2023";"10";"130902";"LA LIBERTAD";"SANCHEZ CARRION";"CHUGAY";"GOBIERNO REGIONAL";"I-2";"00017924";"UCHUY";"NE_0001";"";"NE_0001";"NE_0001";"NE_0001";"NE_0001";"NE_0001";"NE_0001";"NE_0001"
"2023";"10";"130902";"LA LIBERTAD";"SANCHEZ CARRION";"CHUGAY";"GOBIERNO REGIONAL";"I-2";"00005352";"CHUGAY";"NE_0001";"";"NE_0001";"NE_0001";"NE_0001";"NE_0001";"NE_0001";"NE_0001";"NE_0001"
"2023";"10";"130902";"LA LIBERTAD";"SANCHEZ CARRION";"CHUGAY";"GOBIERNO REGIONAL";"I-1";"00018297";"HUAGUIL";"NE_0001";"";"NE_0001";"NE_0001";"NE_0001";"NE_0001";"NE_0001";"NE_0001";"NE_0001"
"2023";"10";"130902";"LA LIBERTAD";"SANCHEZ CARRION";"CHUGAY";"GOBIERNO REGIONAL";"I-1";"00029509";"PUESTO DE SALUD AHIJADERO";"NE_0001";"";"NE_0001";"NE_0001";"NE_0001";"NE_0001";"NE_0001";"NE_0001";"NE_0001"
"2023";"10";"130902";"LA LIBERTAD";"SANCHEZ CARRION";"CHUGAY";"GOBIERNO REGIONAL";"I-1";"00024527";"NUEVO HUAYCHO";"NE_0001";"";"NE_0001";"NE_0001";"NE_0001";"NE_0001";"NE_0001";"NE_0001";"NE_0001"
"2023";"10";"130902";"LA LIBERTAD";"SANCHEZ CARRION";"CHUGAY";"GOBIERNO REGIONAL";"I-2";"00018225";"CANUCUBAMBA";"NE_0001";"";"NE_0001";"NE_0001";"NE_0001";"NE_0001";"NE_0001";"NE_0001";"NE_0001"
"2023";"10";"130902";"LA LIBERTAD";"SANCHEZ CARRION";"CHUGAY";"GOBIERNO REGIONAL";"I-1";"00031804";"PUESTO DE SALUD PAJA BLANCA";"NE_0001";"";"NE_0001";"NE_0001";"NE_0001";"NE_0001";"NE_0001";"NE_0001";"NE_0001"
"2023";"10";"040108";"AREQUIPA";"AREQUIPA";"LA JOYA";"GOBIERNO REGIONAL";"I-3";"00001323";"CENTRO DE SALUD SAN ISIDRO";"NE_0001";"";"NE_0001";"NE_0001";"NE_0001";"NE_0001";"NE_0001";"NE_0001";"NE_0001"
"2023";"10";"040108";"AREQUIPA";"AREQUIPA";"LA JOYA";"GOBIERNO REGIONAL";"I-2";"00001333";"PUESTO DE SALUD SAN JOSE";"NE_0001";"";"NE_0001";"NE_0001";"NE_0001";"NE_0001";"NE_0001";"NE_0001";"NE_0001"
"2023";"10";"040108";"AREQUIPA";"AREQUIPA";"LA JOYA";"GOBIERNO REGIONAL";"I-2";"00001331";"PUESTO DE SALUD LA CANO";"NE_0001";"";"NE_0001";"NE_0001";"NE_0001";"NE_0001";"NE_0001";"NE_0001";"NE_0001"
"2023";"10";"040702";"AREQUIPA";"ISLAY";"COCACHACRA";"GOBIERNO REGIONAL";"I-2";"00001343";"PUESTO DE SALUD SAN CAMILO 7";"NE_0001";"";"NE_0001";"NE_0001";"NE_0001";"NE_0001";"NE_0001";"NE_0001";"NE_0001"
"2023";"10";"040108";"AREQUIPA";"AREQUIPA";"LA JOYA";"GOBIERNO REGIONAL";"I-2";"00001332";"PUESTO DE SALUD SAN CAMILO 6";"NE_0001";"";"NE_0001";"NE_0001";"NE_0001";"NE_0001";"NE_0001";"NE_0001";"NE_0001"
"2023";"10";"060101";"CAJAMARCA";"CAJAMARCA";"CAJAMARCA";"GOBIERNO REGIONAL";"II-2";"00007686";"HOSPITAL REGIONAL DOCENTE CAJAMARCA";"250105";"UNIDAD DE CUIDADOS CRITICOS UNIDAD  DE CUIDADOS INTENSIVOS  (UCI) NEONATOLOGÍA";"46";"46";"463";"416";"15";"465";"3"
"2023";"10";"060101";"CAJAMARCA";"CAJAMARCA";"CAJAMARCA";"GOBIERNO REGIONAL";"II-2";"00007686";"HOSPITAL REGIONAL DOCENTE CAJAMARCA";"242200";"HOSPITALIZACIÓN DE MEDICINA PSIQUIATRÍA ";"5";"5";"63";"157";"6";"186";"0"
"2023";"10";"130101";"LA LIBERTAD";"TRUJILLO";"TRUJILLO";"GOBIERNO REGIONAL";"III-1";"00005195";"HOSPITAL BELEN DE TRUJILLO";"244000";"HOSPITALIZACIÓN DE MEDICINA CARDIOLOGIA ";"1";"12";"242";"189";"7";"217";"0"
"2023";"10";"130101";"LA LIBERTAD";"TRUJILLO";"TRUJILLO";"GOBIERNO REGIONAL";"III-1";"00005195";"HOSPITAL BELEN DE TRUJILLO";"244300";"HOSPITALIZACIÓN DE MEDICINA GASTROENTEROLOGÍA  ";"24";"35";"400";"270";"9";"279";"2"
"2023";"10";"130101";"LA LIBERTAD";"TRUJILLO";"TRUJILLO";"GOBIERNO REGIONAL";"III-1";"00005195";"HOSPITAL BELEN DE TRUJILLO";"241900";"HOSPITALIZACIÓN DE MEDICINA MEDICINA INTERNA ";"118";"81";"1240";"842";"28";"868";"12"
"2023";"10";"130101";"LA LIBERTAD";"TRUJILLO";"TRUJILLO";"GOBIERNO REGIONAL";"III-1";"00005195";"HOSPITAL BELEN DE TRUJILLO";"245300";"HOSPITALIZACIÓN DE MEDICINA NEUMOLOGÍA  ";"9";"18";"401";"242";"13";"403";"5"
"2023";"10";"130101";"LA LIBERTAD";"TRUJILLO";"TRUJILLO";"GOBIERNO REGIONAL";"III-1";"00005195";"HOSPITAL BELEN DE TRUJILLO";"244700";"HOSPITALIZACIÓN DE MEDICINA NEUROLOGIA  ";"10";"26";"481";"312";"12";"372";"5"
"2023";"10";"130101";"LA LIBERTAD";"TRUJILLO";"TRUJILLO";"GOBIERNO REGIONAL";"III-1";"00005195";"HOSPITAL BELEN DE TRUJILLO";"242100";"HOSPITALIZACIÓN DE MEDICINA ONCOLOGÍA MÉDICA ";"0";"8";"156";"115";"4";"124";"3"
"2023";"10";"130101";"LA LIBERTAD";"TRUJILLO";"TRUJILLO";"GOBIERNO REGIONAL";"III-1";"00005195";"HOSPITAL BELEN DE TRUJILLO";"240801";"HOSPITALIZACIÓN QUIRÚRGICA CIRUGÍA PLÁSTICA/RECONSTRUCTIVA/ REPARADORA QUEMADOS";"2";"6";"64";"64";"3";"93";"0"
"2023";"10";"130101";"LA LIBERTAD";"TRUJILLO";"TRUJILLO";"GOBIERNO REGIONAL";"III-1";"00005195";"HOSPITAL BELEN DE TRUJILLO";"240800";"HOSPITALIZACIÓN QUIRÚRGICA CIRUGÍA PLÁSTICA/RECONSTRUCTIVA/ REPARADORA ";"3";"5";"57";"48";"3";"93";"0"
"2023";"10";"130101";"LA LIBERTAD";"TRUJILLO";"TRUJILLO";"GOBIERNO REGIONAL";"III-1";"00005195";"HOSPITAL BELEN DE TRUJILLO";"240400";"HOSPITALIZACIÓN QUIRÚRGICA CIRUGÍA DE TÓRAX Y CARDIOVASCULAR ";"0";"2";"41";"35";"2";"62";"0"
"2023";"10";"130101";"LA LIBERTAD";"TRUJILLO";"TRUJILLO";"GOBIERNO REGIONAL";"III-1";"00005195";"HOSPITAL BELEN DE TRUJILLO";"240100";"HOSPITALIZACIÓN QUIRÚRGICA CIRUGÍA GENERAL ";"169";"165";"1016";"999";"35";"1085";"2"
"2023";"10";"130101";"LA LIBERTAD";"TRUJILLO";"TRUJILLO";"GOBIERNO REGIONAL";"III-1";"00005195";"HOSPITAL BELEN DE TRUJILLO";"241000";"HOSPITALIZACIÓN QUIRÚRGICA ONCOLOGÍA QUIRÚRGICA  ";"3";"4";"25";"20";"1";"31";"0"
"2023";"10";"130101";"LA LIBERTAD";"TRUJILLO";"TRUJILLO";"GOBIERNO REGIONAL";"III-1";"00005195";"HOSPITAL BELEN DE TRUJILLO";"240700";"HOSPITALIZACIÓN QUIRÚRGICA CIRUGÍA PEDIÁTRICA ";"4";"17";"87";"80";"8";"248";"0"
"2023";"10";"130101";"LA LIBERTAD";"TRUJILLO";"TRUJILLO";"GOBIERNO REGIONAL";"III-1";"00005195";"HOSPITAL BELEN DE TRUJILLO";"240900";"HOSPITALIZACIÓN QUIRÚRGICA NEUROCIRUGÍA ";"10";"10";"196";"186";"6";"186";"1"
"2023";"10";"130101";"LA LIBERTAD";"TRUJILLO";"TRUJILLO";"GOBIERNO REGIONAL";"III-1";"00005195";"HOSPITAL BELEN DE TRUJILLO";"241100";"HOSPITALIZACIÓN QUIRÚRGICA OTORRINOLARINGOLOGÍA  ";"0";"2";"16";"13";"1";"31";"0"
"2023";"10";"130101";"LA LIBERTAD";"TRUJILLO";"TRUJILLO";"GOBIERNO REGIONAL";"III-1";"00005195";"HOSPITAL BELEN DE TRUJILLO";"241200";"HOSPITALIZACIÓN QUIRÚRGICA TRAUMATOLOGÍA Y ORTOPEDIA ";"54";"63";"533";"485";"16";"496";"2"
"2023";"10";"130101";"LA LIBERTAD";"TRUJILLO";"TRUJILLO";"GOBIERNO REGIONAL";"III-1";"00005195";"HOSPITAL BELEN DE TRUJILLO";"241300";"HOSPITALIZACIÓN QUIRÚRGICA UROLOGÍA  ";"21";"23";"156";"142";"8";"248";"0"
"2023";"10";"130101";"LA LIBERTAD";"TRUJILLO";"TRUJILLO";"GOBIERNO REGIONAL";"III-1";"00005195";"HOSPITAL BELEN DE TRUJILLO";"250201";"UNIDAD DE CUIDADOS CRITICOS UNIDAD DE CUIDADOS INTERMEDIOS  (UCIN) NEONATAL";"56";"82";"952";"731";"30";"930";"1"
"2023";"10";"130101";"LA LIBERTAD";"TRUJILLO";"TRUJILLO";"GOBIERNO REGIONAL";"III-1";"00005195";"HOSPITAL BELEN DE TRUJILLO";"250105";"UNIDAD DE CUIDADOS CRITICOS UNIDAD  DE CUIDADOS INTENSIVOS  (UCI) NEONATOLOGÍA";"8";"3";"20";"363";"12";"372";"3"
"2023";"10";"130101";"LA LIBERTAD";"TRUJILLO";"TRUJILLO";"GOBIERNO REGIONAL";"III-1";"00005195";"HOSPITAL BELEN DE TRUJILLO";"242300";"HOSPITALIZACIÓN DE PEDIATRÍA  PEDIATRÍA  GENERAL ";"45";"52";"439";"204";"20";"620";"1"
"2023";"10";"130101";"LA LIBERTAD";"TRUJILLO";"TRUJILLO";"GOBIERNO REGIONAL";"III-1";"00005195";"HOSPITAL BELEN DE TRUJILLO";"250108";"UNIDAD DE CUIDADOS CRITICOS UNIDAD  DE CUIDADOS INTENSIVOS  (UCI) PEDIÁTRICA";"4";"2";"18";"147";"5";"155";"2"
"2023";"10";"130101";"LA LIBERTAD";"TRUJILLO";"TRUJILLO";"GOBIERNO REGIONAL";"III-1";"00005195";"HOSPITAL BELEN DE TRUJILLO";"241500";"HOSPITALIZACIÓN QUIRÚRGICA GINECOLOGÍA  ";"52";"50";"198";"194";"10";"310";"1"
"2023";"10";"130101";"LA LIBERTAD";"TRUJILLO";"TRUJILLO";"GOBIERNO REGIONAL";"III-1";"00005195";"HOSPITAL BELEN DE TRUJILLO";"241600";"HOSPITALIZACIÓN QUIRÚRGICA OBSTETRICIA   ";"244";"253";"840";"723";"38";"1178";"1"
"2023";"10";"030101";"APURIMAC";"ABANCAY";"ABANCAY";"GOBIERNO REGIONAL";"II-2";"00007719";"HOSPITAL REGIONAL GUILLERMO DIAZ DE LA VEGA";"241600";"HOSPITALIZACIÓN QUIRÚRGICA OBSTETRICIA   ";"104";"81";"206";"196";"10";"310";"0"
"2023";"10";"030101";"APURIMAC";"ABANCAY";"ABANCAY";"GOBIERNO REGIONAL";"II-2";"00007719";"HOSPITAL REGIONAL GUILLERMO DIAZ DE LA VEGA";"240100";"HOSPITALIZACIÓN QUIRÚRGICA CIRUGÍA GENERAL ";"149";"146";"774";"390";"10";"401";"0"
"2023";"10";"030101";"APURIMAC";"ABANCAY";"ABANCAY";"GOBIERNO REGIONAL";"II-2";"00007719";"HOSPITAL REGIONAL GUILLERMO DIAZ DE LA VEGA";"241500";"HOSPITALIZACIÓN QUIRÚRGICA GINECOLOGÍA  ";"122";"113";"309";"334";"14";"457";"0"
"2023";"10";"030101";"APURIMAC";"ABANCAY";"ABANCAY";"GOBIERNO REGIONAL";"II-2";"00007719";"HOSPITAL REGIONAL GUILLERMO DIAZ DE LA VEGA";"241900";"HOSPITALIZACIÓN DE MEDICINA MEDICINA INTERNA ";"68";"72";"482";"540";"11";"540";"1"
"2023";"10";"030101";"APURIMAC";"ABANCAY";"ABANCAY";"GOBIERNO REGIONAL";"II-2";"00007719";"HOSPITAL REGIONAL GUILLERMO DIAZ DE LA VEGA";"250201";"UNIDAD DE CUIDADOS CRITICOS UNIDAD DE CUIDADOS INTERMEDIOS  (UCIN) NEONATAL";"30";"32";"133";"134";"6";"189";"0"
"2023";"10";"030101";"APURIMAC";"ABANCAY";"ABANCAY";"GOBIERNO REGIONAL";"II-2";"00007719";"HOSPITAL REGIONAL GUILLERMO DIAZ DE LA VEGA";"242300";"HOSPITALIZACIÓN DE PEDIATRÍA  PEDIATRÍA  GENERAL ";"43";"40";"193";"203";"10";"310";"0"
"2023";"10";"030101";"APURIMAC";"ABANCAY";"ABANCAY";"GOBIERNO REGIONAL";"II-2";"00007719";"HOSPITAL REGIONAL GUILLERMO DIAZ DE LA VEGA";"241200";"HOSPITALIZACIÓN QUIRÚRGICA TRAUMATOLOGÍA Y ORTOPEDIA ";"40";"42";"741";"650";"15";"651";"0"
"2023";"10";"030101";"APURIMAC";"ABANCAY";"ABANCAY";"GOBIERNO REGIONAL";"II-2";"00007719";"HOSPITAL REGIONAL GUILLERMO DIAZ DE LA VEGA";"250103";"UNIDAD DE CUIDADOS CRITICOS UNIDAD  DE CUIDADOS INTENSIVOS GENERALES  (UCI) MEDICINA";"11";"12";"144";"104";"4";"128";"2"
"2023";"10";"030101";"APURIMAC";"ABANCAY";"ABANCAY";"GOBIERNO REGIONAL";"II-2";"00007719";"HOSPITAL REGIONAL GUILLERMO DIAZ DE LA VEGA";"250105";"UNIDAD DE CUIDADOS CRITICOS UNIDAD  DE CUIDADOS INTENSIVOS  (UCI) NEONATOLOGÍA";"10";"9";"105";"97";"4";"132";"0"
"2023";"10";"030101";"APURIMAC";"ABANCAY";"ABANCAY";"GOBIERNO REGIONAL";"II-2";"00007719";"HOSPITAL REGIONAL GUILLERMO DIAZ DE LA VEGA";"250200";"UNIDAD DE CUIDADOS CRITICOS UNIDAD DE CUIDADOS INTERMEDIOS GENERAL  (UCIN) ";"6";"7";"30";"44";"4";"124";"0"
"2023";"10";"030101";"APURIMAC";"ABANCAY";"ABANCAY";"GOBIERNO REGIONAL";"II-2";"00007719";"HOSPITAL REGIONAL GUILLERMO DIAZ DE LA VEGA";"242205";"HOSPITALIZACIÓN MEDICINA PSIQUIATRÍA PISIQUIATRIA/ SALUD MENTAL Y ADICCIONES";"12";"10";"80";"136";"12";"372";"0"
"2023";"10";"200115";"PIURA";"PIURA";"VEINTISEIS DE OCTUBRE";"PRIVADO";"II-1";"00027260";"CLÍNICA BELLO HORIZONTE S.A.";"240000";"HOSPITALIZACIÓN";"64";"62";"114";"174";"16";"496";"0"
"2023";"10";"130105";"LA LIBERTAD";"TRUJILLO";"LA ESPERANZA";"PRIVADO";"II-1";"00021412";"CLÍNICA MADRE DE CRISTO";"241400";"HOSPITALIZACIÓN QUIRÚRGICA GINECO - OBSTETRICIA ";"20";"20";"16";"20";"4";"16";"0"
"2023";"10";"130105";"LA LIBERTAD";"TRUJILLO";"LA ESPERANZA";"PRIVADO";"II-1";"00021412";"CLÍNICA MADRE DE CRISTO";"240100";"HOSPITALIZACIÓN QUIRÚRGICA CIRUGÍA GENERAL ";"24";"24";"28";"24";"8";"28";"0"
"2023";"10";"061103";"CAJAMARCA";"SAN MIGUEL";"CALQUIS";"GOBIERNO REGIONAL";"I-1";"00019286";"GORDILLOS";"NE_0001";"";"NE_0001";"NE_0001";"NE_0001";"NE_0001";"NE_0001";"NE_0001";"NE_0001"
"2023";"10";"061103";"CAJAMARCA";"SAN MIGUEL";"CALQUIS";"GOBIERNO REGIONAL";"I-2";"00004576";"CALQUIS";"NE_0001";"";"NE_0001";"NE_0001";"NE_0001";"NE_0001";"NE_0001";"NE_0001";"NE_0001"
"2023";"10";"061107";"CAJAMARCA";"SAN MIGUEL";"LLAPA";"GOBIERNO REGIONAL";"I-1";"00006809";"PAMPA LA CALZADA";"NE_0001";"";"NE_0001";"NE_0001";"NE_0001";"NE_0001";"NE_0001";"NE_0001";"NE_0001"
"2023";"10";"061101";"CAJAMARCA";"SAN MIGUEL";"SAN MIGUEL";"GOBIERNO REGIONAL";"I-4";"00004561";"SAN MIGUEL";"241800";"HOSPITALIZACIÓN DE MEDICINA MEDICINA GENERAL ";"24";"24";"45";"58";"6";"180";"NE_0002"
"2023";"10";"061101";"CAJAMARCA";"SAN MIGUEL";"SAN MIGUEL";"GOBIERNO REGIONAL";"I-4";"00004561";"SAN MIGUEL";"241600";"HOSPITALIZACIÓN QUIRÚRGICA OBSTETRICIA   ";"8";"8";"13";"26";"4";"120";"NE_0002"
"2023";"10";"061101";"CAJAMARCA";"SAN MIGUEL";"SAN MIGUEL";"GOBIERNO REGIONAL";"I-4";"00004561";"SAN MIGUEL";"241500";"HOSPITALIZACIÓN QUIRÚRGICA GINECOLOGÍA  ";"NE_0001";"NE_0001";"NE_0001";"NE_0001";"NE_0001";"NE_0001";"NE_0002"
"2023";"10";"061103";"CAJAMARCA";"SAN MIGUEL";"CALQUIS";"GOBIERNO REGIONAL";"I-1";"00004570";"TAULIS";"NE_0001";"";"NE_0001";"NE_0001";"NE_0001";"NE_0001";"NE_0001";"NE_0001";"NE_0001"
"2023";"10";"061101";"CAJAMARCA";"SAN MIGUEL";"SAN MIGUEL";"GOBIERNO REGIONAL";"I-1";"00004572";"SANTA ROSA";"NE_0001";"";"NE_0001";"NE_0001";"NE_0001";"NE_0001";"NE_0001";"NE_0001";"NE_0001"
"2023";"10";"061101";"CAJAMARCA";"SAN MIGUEL";"SAN MIGUEL";"GOBIERNO REGIONAL";"I-1";"00004574";"TAYAPAMPA";"NE_0001";"";"NE_0001";"NE_0001";"NE_0001";"NE_0001";"NE_0001";"NE_0001";"NE_0001"
"2023";"10";"061101";"CAJAMARCA";"SAN MIGUEL";"SAN MIGUEL";"GOBIERNO REGIONAL";"I-1";"00008996";"CHUAD";"NE_0001";"";"NE_0001";"NE_0001";"NE_0001";"NE_0001";"NE_0001";"NE_0001";"NE_0001"
"2023";"10";"061113";"CAJAMARCA";"SAN MIGUEL";"UNION AGUA BLANCA";"GOBIERNO REGIONAL";"I-2";"00004546";"UNION AGUA BLANCA";"NE_0001";"";"NE_0001";"NE_0001";"NE_0001";"NE_0001";"NE_0001";"NE_0001";"NE_0001"
"2023";"10";"061101";"CAJAMARCA";"SAN MIGUEL";"SAN MIGUEL";"GOBIERNO REGIONAL";"I-1";"00004571";"NITISUYO ALTO";"NE_0001";"";"NE_0001";"NE_0001";"NE_0001";"NE_0001";"NE_0001";"NE_0001";"NE_0001"
"2023";"10";"061105";"CAJAMARCA";"SAN MIGUEL";"EL PRADO";"GOBIERNO REGIONAL";"I-2";"00004575";"EL PRADO";"NE_0001";"";"NE_0001";"NE_0001";"NE_0001";"NE_0001";"NE_0001";"NE_0001";"NE_0001"
"2023";"10";"061101";"CAJAMARCA";"SAN MIGUEL";"SAN MIGUEL";"GOBIERNO REGIONAL";"I-1";"00019285";"CHIAPON";"NE_0001";"";"NE_0001";"NE_0001";"NE_0001";"NE_0001";"NE_0001";"NE_0001";"NE_0001"
"2023";"10";"061105";"CAJAMARCA";"SAN MIGUEL";"EL PRADO";"GOBIERNO REGIONAL";"I-2";"00004573";"LAMASPAMPA";"NE_0001";"";"NE_0001";"NE_0001";"NE_0001";"NE_0001";"NE_0001";"NE_0001";"NE_0001"
"2023";"10";"061105";"CAJAMARCA";"SAN MIGUEL";"EL PRADO";"GOBIERNO REGIONAL";"I-1";"00008995";"LAS PENCAS";"NE_0001";"";"NE_0001";"NE_0001";"NE_0001";"NE_0001";"NE_0001";"NE_0001";"NE_0001"
"2023";"10";"130702";"LA LIBERTAD";"PACASMAYO";"GUADALUPE";"GOBIERNO REGIONAL";"II-1";"00005292";"HOSPITAL DE APOYO TOMAS LAFORA";"241800";"HOSPITALIZACIÓN DE MEDICINA MEDICINA GENERAL ";"28";"24";"125";"149";"14";"434";"0"
"2023";"10";"130702";"LA LIBERTAD";"PACASMAYO";"GUADALUPE";"GOBIERNO REGIONAL";"II-1";"00005292";"HOSPITAL DE APOYO TOMAS LAFORA";"240100";"HOSPITALIZACIÓN QUIRÚRGICA CIRUGÍA GENERAL ";"33";"35";"105";"86";"12";"372";"0"
"2023";"10";"130702";"LA LIBERTAD";"PACASMAYO";"GUADALUPE";"GOBIERNO REGIONAL";"II-1";"00005292";"HOSPITAL DE APOYO TOMAS LAFORA";"242300";"HOSPITALIZACIÓN DE PEDIATRÍA  PEDIATRÍA  GENERAL ";"10";"8";"23";"32";"4";"124";"0"
"2023";"10";"130702";"LA LIBERTAD";"PACASMAYO";"GUADALUPE";"GOBIERNO REGIONAL";"II-1";"00005292";"HOSPITAL DE APOYO TOMAS LAFORA";"243200";"HOSPITALIZACIÓN DE PEDIATRÍA PEDIATRIA NEONATOLOGÍA";"3";"2";"3";"4";"4";"124";"0"
"2023";"10";"130702";"LA LIBERTAD";"PACASMAYO";"GUADALUPE";"GOBIERNO REGIONAL";"II-1";"00005292";"HOSPITAL DE APOYO TOMAS LAFORA";"241600";"HOSPITALIZACIÓN QUIRÚRGICA OBSTETRICIA   ";"93";"92";"201";"204";"14";"434";"0"
"2023";"10";"130702";"LA LIBERTAD";"PACASMAYO";"GUADALUPE";"GOBIERNO REGIONAL";"II-1";"00005292";"HOSPITAL DE APOYO TOMAS LAFORA";"241500";"HOSPITALIZACIÓN QUIRÚRGICA GINECOLOGÍA  ";"23";"25";"34";"31";"3";"93";"0"
"2023";"11";"090206";"HUANCAVELICA";"ACOBAMBA";"PAUCARA";"GOBIERNO REGIONAL";"I-4";"00003930";"CENTRO DE SALUD PAUCARA";"241400";"HOSPITALIZACIÓN QUIRÚRGICA GINECO - OBSTETRICIA ";"25";"25";"32";"25";"32";"720";"0"
"2023";"11";"150143";"LIMA";"LIMA";"VILLA MARIA DEL TRIUNFO";"PRIVADO";"II-2";"00018580";"GUILLERMO KAELIN DE LA FUENTE";"240100";"HOSPITALIZACIÓN QUIRÚRGICA CIRUGÍA GENERAL ";"82";"164";"1365";"1081";"37";"1110";"10"
"2023";"11";"150143";"LIMA";"LIMA";"VILLA MARIA DEL TRIUNFO";"PRIVADO";"II-2";"00018580";"GUILLERMO KAELIN DE LA FUENTE";"241500";"HOSPITALIZACIÓN QUIRÚRGICA GINECOLOGÍA  ";"108";"238";"1051";"964";"46";"1380";"6"
"2023";"11";"150143";"LIMA";"LIMA";"VILLA MARIA DEL TRIUNFO";"PRIVADO";"II-2";"00018580";"GUILLERMO KAELIN DE LA FUENTE";"241800";"HOSPITALIZACIÓN DE MEDICINA MEDICINA GENERAL ";"136";"143";"1548";"1430";"50";"1500";"14"
"2023";"11";"150143";"LIMA";"LIMA";"VILLA MARIA DEL TRIUNFO";"PRIVADO";"II-2";"00018580";"GUILLERMO KAELIN DE LA FUENTE";"242300";"HOSPITALIZACIÓN DE PEDIATRÍA  PEDIATRÍA  GENERAL ";"78";"97";"380";"374";"35";"1050";"0"
"2023";"09";"040411";"AREQUIPA";"CASTILLA";"TIPAN";"GOBIERNO REGIONAL";"I-1";"00001400";"PUESTO DE SALUD TIPAN";"NE_0001";"";"NE_0001";"NE_0001";"NE_0001";"NE_0001";"NE_0001";"NE_0001";"NE_0001"
"2023";"09";"040412";"AREQUIPA";"CASTILLA";"UÑON";"GOBIERNO REGIONAL";"I-2";"00001403";"PUESTO DE SALUD UÑON";"NE_0001";"";"NE_0001";"NE_0001";"NE_0001";"NE_0001";"NE_0001";"NE_0001";"NE_0001"
"2023";"09";"040408";"AREQUIPA";"CASTILLA";"MACHAGUAY";"GOBIERNO REGIONAL";"I-2";"00001402";"PUESTO DE SALUD MACHAGUAY";"NE_0001";"";"NE_0001";"NE_0001";"NE_0001";"NE_0001";"NE_0001";"NE_0001";"NE_0001"
"2023";"09";"040411";"AREQUIPA";"CASTILLA";"TIPAN";"GOBIERNO REGIONAL";"I-1";"00001401";"PUESTO DE SALUD TAGRE";"NE_0001";"";"NE_0001";"NE_0001";"NE_0001";"NE_0001";"NE_0001";"NE_0001";"NE_0001"
"2023";"09";"040414";"AREQUIPA";"CASTILLA";"VIRACO";"GOBIERNO REGIONAL";"I-3";"00001386";"CENTRO DE SALUD VIRACO";"NE_0001";"";"NE_0001";"NE_0001";"NE_0001";"NE_0001";"NE_0001";"NE_0001";"NE_0001"
"2023";"09";"080105";"CUSCO";"CUSCO";"SAN SEBASTIAN";"PRIVADO";"II-E";"00024584";"VIRGEN GUADALUPE CUSCO";"240100";"HOSPITALIZACIÓN QUIRÚRGICA CIRUGÍA GENERAL ";"65";"65";"65";"65";"65";"67";"0"
"2023";"09";"080105";"CUSCO";"CUSCO";"SAN SEBASTIAN";"PRIVADO";"II-E";"00024584";"VIRGEN GUADALUPE CUSCO";"241800";"HOSPITALIZACIÓN DE MEDICINA MEDICINA GENERAL ";"3";"3";"3";"3";"3";"6";"0"
"2023";"09";"061107";"CAJAMARCA";"SAN MIGUEL";"LLAPA";"GOBIERNO REGIONAL";"I-1";"00006809";"PAMPA LA CALZADA";"NE_0001";"";"NE_0001";"NE_0001";"NE_0001";"NE_0001";"NE_0001";"NE_0001";"NE_0001"
"2023";"09";"061101";"CAJAMARCA";"SAN MIGUEL";"SAN MIGUEL";"GOBIERNO REGIONAL";"I-4";"00004561";"SAN MIGUEL";"241800";"HOSPITALIZACIÓN DE MEDICINA MEDICINA GENERAL ";"20";"26";"58";"56";"6";"186";"NE_0002"
"2023";"09";"061101";"CAJAMARCA";"SAN MIGUEL";"SAN MIGUEL";"GOBIERNO REGIONAL";"I-4";"00004561";"SAN MIGUEL";"241600";"HOSPITALIZACIÓN QUIRÚRGICA OBSTETRICIA   ";"6";"7";"11";"38";"4";"124";"NE_0002"
"2023";"09";"061101";"CAJAMARCA";"SAN MIGUEL";"SAN MIGUEL";"GOBIERNO REGIONAL";"I-4";"00004561";"SAN MIGUEL";"241500";"HOSPITALIZACIÓN QUIRÚRGICA GINECOLOGÍA  ";"NE_0001";"NE_0001";"NE_0001";"NE_0001";"NE_0001";"NE_0001";"NE_0002"
"2023";"09";"061103";"CAJAMARCA";"SAN MIGUEL";"CALQUIS";"GOBIERNO REGIONAL";"I-1";"00004570";"TAULIS";"NE_0001";"";"NE_0001";"NE_0001";"NE_0001";"NE_0001";"NE_0001";"NE_0001";"NE_0001"
"2023";"09";"061101";"CAJAMARCA";"SAN MIGUEL";"SAN MIGUEL";"GOBIERNO REGIONAL";"I-1";"00004572";"SANTA ROSA";"NE_0001";"";"NE_0001";"NE_0001";"NE_0001";"NE_0001";"NE_0001";"NE_0001";"NE_0001"
"2023";"09";"061101";"CAJAMARCA";"SAN MIGUEL";"SAN MIGUEL";"GOBIERNO REGIONAL";"I-1";"00004574";"TAYAPAMPA";"NE_0001";"";"NE_0001";"NE_0001";"NE_0001";"NE_0001";"NE_0001";"NE_0001";"NE_0001"
"2023";"09";"061103";"CAJAMARCA";"SAN MIGUEL";"CALQUIS";"GOBIERNO REGIONAL";"I-1";"00019286";"GORDILLOS";"NE_0001";"";"NE_0001";"NE_0001";"NE_0001";"NE_0001";"NE_0001";"NE_0001";"NE_0001"
"2023";"09";"061103";"CAJAMARCA";"SAN MIGUEL";"CALQUIS";"GOBIERNO REGIONAL";"I-2";"00004576";"CALQUIS";"NE_0001";"";"NE_0001";"NE_0001";"NE_0001";"NE_0001";"NE_0001";"NE_0001";"NE_0001"
"2023";"09";"061101";"CAJAMARCA";"SAN MIGUEL";"SAN MIGUEL";"GOBIERNO REGIONAL";"I-1";"00008996";"CHUAD";"NE_0001";"";"NE_0001";"NE_0001";"NE_0001";"NE_0001";"NE_0001";"NE_0001";"NE_0001"
"2023";"09";"061113";"CAJAMARCA";"SAN MIGUEL";"UNION AGUA BLANCA";"GOBIERNO REGIONAL";"I-2";"00004546";"UNION AGUA BLANCA";"NE_0001";"";"NE_0001";"NE_0001";"NE_0001";"NE_0001";"NE_0001";"NE_0001";"NE_0001"
"2023";"09";"061101";"CAJAMARCA";"SAN MIGUEL";"SAN MIGUEL";"GOBIERNO REGIONAL";"I-1";"00004571";"NITISUYO ALTO";"NE_0001";"";"NE_0001";"NE_0001";"NE_0001";"NE_0001";"NE_0001";"NE_0001";"NE_0001"
"2023";"09";"061105";"CAJAMARCA";"SAN MIGUEL";"EL PRADO";"GOBIERNO REGIONAL";"I-2";"00004575";"EL PRADO";"NE_0001";"";"NE_0001";"NE_0001";"NE_0001";"NE_0001";"NE_0001";"NE_0001";"NE_0001"
"2023";"09";"061101";"CAJAMARCA";"SAN MIGUEL";"SAN MIGUEL";"GOBIERNO REGIONAL";"I-1";"00019285";"CHIAPON";"NE_0001";"";"NE_0001";"NE_0001";"NE_0001";"NE_0001";"NE_0001";"NE_0001";"NE_0001"
"2023";"09";"061105";"CAJAMARCA";"SAN MIGUEL";"EL PRADO";"GOBIERNO REGIONAL";"I-2";"00004573";"LAMASPAMPA";"NE_0001";"";"NE_0001";"NE_0001";"NE_0001";"NE_0001";"NE_0001";"NE_0001";"NE_0001"
"2023";"09";"061105";"CAJAMARCA";"SAN MIGUEL";"EL PRADO";"GOBIERNO REGIONAL";"I-1";"00008995";"LAS PENCAS";"NE_0001";"";"NE_0001";"NE_0001";"NE_0001";"NE_0001";"NE_0001";"NE_0001";"NE_0001"
"2023";"09";"100801";"HUANUCO";"PACHITEA";"PANAO";"ESSALUD";"I-2";"00009958";"POSTA MEDICA PANAO";"NE_0001";"";"NE_0001";"NE_0001";"NE_0001";"NE_0001";"NE_0001";"NE_0001";"NE_0001"
"2023";"09";"160108";"LORETO";"MAYNAS";"PUNCHANA";"GOBIERNO REGIONAL";"III-1";"00000003";"HOSPITAL REGIONAL DE LORETO ""FELIPE SANTIAGO ARRIOLA IGLESIAS""";"241900";"HOSPITALIZACIÓN DE MEDICINA MEDICINA INTERNA ";"81";"118";"1100";"736";"29";"870";"11"
"2023";"09";"160108";"LORETO";"MAYNAS";"PUNCHANA";"GOBIERNO REGIONAL";"III-1";"00000003";"HOSPITAL REGIONAL DE LORETO ""FELIPE SANTIAGO ARRIOLA IGLESIAS""";"240100";"HOSPITALIZACIÓN QUIRÚRGICA CIRUGÍA GENERAL ";"107";"130";"950";"675";"28";"840";"1"
"2023";"09";"160108";"LORETO";"MAYNAS";"PUNCHANA";"GOBIERNO REGIONAL";"III-1";"00000003";"HOSPITAL REGIONAL DE LORETO ""FELIPE SANTIAGO ARRIOLA IGLESIAS""";"242300";"HOSPITALIZACIÓN DE PEDIATRÍA  PEDIATRÍA  GENERAL ";"39";"63";"731";"574";"29";"870";"1"
"2023";"09";"160108";"LORETO";"MAYNAS";"PUNCHANA";"GOBIERNO REGIONAL";"III-1";"00000003";"HOSPITAL REGIONAL DE LORETO ""FELIPE SANTIAGO ARRIOLA IGLESIAS""";"241500";"HOSPITALIZACIÓN QUIRÚRGICA GINECOLOGÍA  ";"25";"30";"212";"162";"15";"450";"0"
"2023";"09";"160108";"LORETO";"MAYNAS";"PUNCHANA";"GOBIERNO REGIONAL";"III-1";"00000003";"HOSPITAL REGIONAL DE LORETO ""FELIPE SANTIAGO ARRIOLA IGLESIAS""";"241400";"HOSPITALIZACIÓN QUIRÚRGICA GINECO - OBSTETRICIA ";"344";"374";"852";"836";"37";"1110";"0"
"2023";"09";"160108";"LORETO";"MAYNAS";"PUNCHANA";"GOBIERNO REGIONAL";"III-1";"00000003";"HOSPITAL REGIONAL DE LORETO ""FELIPE SANTIAGO ARRIOLA IGLESIAS""";"242000";"HOSPITALIZACIÓN DE MEDICINA MEDICINA TROPICAL E INFECCIOSAS ";"37";"57";"687";"602";"25";"750";"5"
"2023";"09";"160108";"LORETO";"MAYNAS";"PUNCHANA";"GOBIERNO REGIONAL";"III-1";"00000003";"HOSPITAL REGIONAL DE LORETO ""FELIPE SANTIAGO ARRIOLA IGLESIAS""";"242205";"HOSPITALIZACIÓN MEDICINA PSIQUIATRÍA PISIQUIATRIA/ SALUD MENTAL Y ADICCIONES";"2";"2";"2165";"280";"10";"300";"1"
"2023";"09";"160108";"LORETO";"MAYNAS";"PUNCHANA";"GOBIERNO REGIONAL";"III-1";"00000003";"HOSPITAL REGIONAL DE LORETO ""FELIPE SANTIAGO ARRIOLA IGLESIAS""";"242100";"HOSPITALIZACIÓN DE MEDICINA ONCOLOGÍA MÉDICA ";"16";"21";"123";"96";"4";"120";"0"
"2023";"09";"160108";"LORETO";"MAYNAS";"PUNCHANA";"GOBIERNO REGIONAL";"III-1";"00000003";"HOSPITAL REGIONAL DE LORETO ""FELIPE SANTIAGO ARRIOLA IGLESIAS""";"250103";"UNIDAD DE CUIDADOS CRITICOS UNIDAD  DE CUIDADOS INTENSIVOS GENERALES  (UCI) MEDICINA";"1";"4";"81";"71";"7";"210";"4"
"2023";"09";"160108";"LORETO";"MAYNAS";"PUNCHANA";"GOBIERNO REGIONAL";"III-1";"00000003";"HOSPITAL REGIONAL DE LORETO ""FELIPE SANTIAGO ARRIOLA IGLESIAS""";"250109";"UNIDAD DE CUIDADOS CRITICOS UNIDAD  DE CUIDADOS INTENSIVOS  (UCI) QUIRÚRGICA";"4";"7";"174";"163";"6";"180";"1"
"2023";"09";"160108";"LORETO";"MAYNAS";"PUNCHANA";"GOBIERNO REGIONAL";"III-1";"00000003";"HOSPITAL REGIONAL DE LORETO ""FELIPE SANTIAGO ARRIOLA IGLESIAS""";"250108";"UNIDAD DE CUIDADOS CRITICOS UNIDAD  DE CUIDADOS INTENSIVOS  (UCI) PEDIÁTRICA";"1";"2";"98";"83";"4";"120";"1"
"2023";"09";"160108";"LORETO";"MAYNAS";"PUNCHANA";"GOBIERNO REGIONAL";"III-1";"00000003";"HOSPITAL REGIONAL DE LORETO ""FELIPE SANTIAGO ARRIOLA IGLESIAS""";"250105";"UNIDAD DE CUIDADOS CRITICOS UNIDAD  DE CUIDADOS INTENSIVOS  (UCI) NEONATOLOGÍA";"3";"3";"51";"172";"6";"180";"3"
"2023";"09";"160108";"LORETO";"MAYNAS";"PUNCHANA";"GOBIERNO REGIONAL";"III-1";"00000003";"HOSPITAL REGIONAL DE LORETO ""FELIPE SANTIAGO ARRIOLA IGLESIAS""";"250400";"UNIDAD DE CUIDADOS CRITICOS UNIDAD DE QUEMADOS (GRAN QUEMADO) ";"3";"6";"134";"129";"7";"210";"0"
"2023";"09";"160108";"LORETO";"MAYNAS";"PUNCHANA";"GOBIERNO REGIONAL";"III-1";"00000003";"HOSPITAL REGIONAL DE LORETO ""FELIPE SANTIAGO ARRIOLA IGLESIAS""";"250201";"UNIDAD DE CUIDADOS CRITICOS UNIDAD DE CUIDADOS INTERMEDIOS  (UCIN) NEONATAL";"22";"29";"340";"300";"10";"300";"3"
"2023";"09";"061002";"CAJAMARCA";"SAN MARCOS";"CHANCAY";"GOBIERNO REGIONAL";"I-1";"00004493";"SOCCHAGON";"NE_0001";"";"NE_0001";"NE_0001";"NE_0001";"NE_0001";"NE_0001";"NE_0001";"NE_0001"
"2023";"09";"061002";"CAJAMARCA";"SAN MARCOS";"CHANCAY";"GOBIERNO REGIONAL";"I-1";"00004491";"PUESTO DE SALUD CHANCAY";"NE_0001";"";"NE_0001";"NE_0001";"NE_0001";"NE_0001";"NE_0001";"NE_0001";"NE_0001"
"2023";"09";"061002";"CAJAMARCA";"SAN MARCOS";"CHANCAY";"GOBIERNO REGIONAL";"I-1";"00004490";"PUESTO DE SALUD POMARONGO";"NE_0001";"";"NE_0001";"NE_0001";"NE_0001";"NE_0001";"NE_0001";"NE_0001";"NE_0001"
"2023";"09";"061006";"CAJAMARCA";"SAN MARCOS";"JOSE MANUEL QUIROZ";"GOBIERNO REGIONAL";"I-2";"00004494";"SHIRAC";"NE_0001";"";"NE_0001";"NE_0001";"NE_0001";"NE_0001";"NE_0001";"NE_0001";"NE_0001"
"2023";"09";"061005";"CAJAMARCA";"SAN MARCOS";"ICHOCAN";"GOBIERNO REGIONAL";"I-3";"00004489";"ICHOCAN";"NE_0001";"";"NE_0001";"NE_0001";"NE_0001";"NE_0001";"NE_0001";"NE_0001";"NE_0001"
"2023";"09";"061003";"CAJAMARCA";"SAN MARCOS";"EDUARDO VILLANUEVA";"GOBIERNO REGIONAL";"I-2";"00004492";"LA GRAMA";"NE_0001";"";"NE_0001";"NE_0001";"NE_0001";"NE_0001";"NE_0001";"NE_0001";"NE_0001"
"2023";"09";"160113";"LORETO";"MAYNAS";"SAN JUAN BAUTISTA";"ESSALUD";"I-3";"00011386";"CAP II SAN JUAN BAUTISTA";"NE_0001";"";"NE_0001";"NE_0001";"NE_0001";"NE_0001";"NE_0001";"NE_0001";"NE_0001"
"2023";"09";"190107";"PASCO";"PASCO";"PAUCARTAMBO";"ESSALUD";"I-2";"00009762";"POSTA MEDICA DE PAUCARTAMBO";"NE_0001";"";"NE_0001";"NE_0001";"NE_0001";"NE_0001";"NE_0001";"NE_0001";"NE_0001"
"2023";"09";"040701";"AREQUIPA";"ISLAY";"MOLLENDO";"GOBIERNO REGIONAL";"I-2";"00001447";"PUESTO DE SALUD VILLA LOURDES";"NE_0001";"";"NE_0001";"NE_0001";"NE_0001";"NE_0001";"NE_0001";"NE_0001";"NE_0001"
"2023";"09";"040705";"AREQUIPA";"ISLAY";"MEJIA";"GOBIERNO REGIONAL";"I-2";"00001448";"PUESTO DE SALUD MEJIA";"NE_0001";"";"NE_0001";"NE_0001";"NE_0001";"NE_0001";"NE_0001";"NE_0001";"NE_0001"
"2023";"09";"040701";"AREQUIPA";"ISLAY";"MOLLENDO";"GOBIERNO REGIONAL";"I-4";"00001444";"CENTRO DE SALUD ALTO INCLAN";"241600";"HOSPITALIZACIÓN QUIRÚRGICA OBSTETRICIA   ";"8";"8";"8";"1";"5";"150";"0"
"2023";"09";"040701";"AREQUIPA";"ISLAY";"MOLLENDO";"GOBIERNO REGIONAL";"I-4";"00001444";"CENTRO DE SALUD ALTO INCLAN";"241800";"HOSPITALIZACIÓN DE MEDICINA MEDICINA GENERAL ";"2";"2";"2";"1";"11";"330";"0"
"2023";"09";"040704";"AREQUIPA";"ISLAY";"ISLAY";"GOBIERNO REGIONAL";"I-3";"00001443";"CENTRO DE SALUD MATARANI";"NE_0001";"";"NE_0001";"NE_0001";"NE_0001";"NE_0001";"NE_0001";"NE_0001";"NE_0001"
"2023";"09";"150119";"LIMA";"LIMA";"LURIN";"PRIVADO";"I-3";"00027216";"MEPSO";"NE_0001";"";"NE_0001";"NE_0001";"NE_0001";"NE_0001";"NE_0001";"NE_0001";"NE_0001"
"2023";"09";"150141";"LIMA";"LIMA";"SURQUILLO";"PRIVADO";"I-3";"00023509";"MEDICINA EMPRESARIAL DE PREVENCIÓN EN SALUD OCUPACIONAL SAC";"NE_0001";"";"NE_0001";"NE_0001";"NE_0001";"NE_0001";"NE_0001";"NE_0001";"NE_0001"
"2023";"09";"150136";"LIMA";"LIMA";"SAN MIGUEL";"PRIVADO";"I-3";"00017540";"MEPSO";"NE_0001";"";"NE_0001";"NE_0001";"NE_0001";"NE_0001";"NE_0001";"NE_0001";"NE_0001"
"2023";"10";"150115";"LIMA";"LIMA";"LA VICTORIA";"ESSALUD";"III-2";"00009251";"HOSPITAL NACIONAL GUILLERMO ALMENARA IRIGOYEN";"240500";"HOSPITALIZACIÓN QUIRÚRGICA CIRUGÍA DE TRANSPLANTES ";"39";"39";"306";"328";"12";"372";"0"
"2023";"10";"150115";"LIMA";"LIMA";"LA VICTORIA";"ESSALUD";"III-2";"00009251";"HOSPITAL NACIONAL GUILLERMO ALMENARA IRIGOYEN";"241300";"HOSPITALIZACIÓN QUIRÚRGICA UROLOGÍA  ";"105";"107";"1318";"1181";"40";"1240";"2"
"2023";"10";"150115";"LIMA";"LIMA";"LA VICTORIA";"ESSALUD";"III-2";"00009251";"HOSPITAL NACIONAL GUILLERMO ALMENARA IRIGOYEN";"241500";"HOSPITALIZACIÓN QUIRÚRGICA GINECOLOGÍA  ";"87";"87";"644";"649";"21";"651";"1"
"2023";"10";"150115";"LIMA";"LIMA";"LA VICTORIA";"ESSALUD";"III-2";"00009251";"HOSPITAL NACIONAL GUILLERMO ALMENARA IRIGOYEN";"241600";"HOSPITALIZACIÓN QUIRÚRGICA OBSTETRICIA   ";"223";"231";"1198";"1320";"50";"1550";"0"
"2023";"10";"150115";"LIMA";"LIMA";"LA VICTORIA";"ESSALUD";"III-2";"00009251";"HOSPITAL NACIONAL GUILLERMO ALMENARA IRIGOYEN";"240700";"HOSPITALIZACIÓN QUIRÚRGICA CIRUGÍA PEDIÁTRICA ";"88";"88";"394";"331";"12";"372";"0"
"2023";"10";"150115";"LIMA";"LIMA";"LA VICTORIA";"ESSALUD";"III-2";"00009251";"HOSPITAL NACIONAL GUILLERMO ALMENARA IRIGOYEN";"242300";"HOSPITALIZACIÓN DE PEDIATRÍA  PEDIATRÍA  GENERAL ";"13";"15";"447";"309";"12";"372";"0"
"2023";"10";"150115";"LIMA";"LIMA";"LA VICTORIA";"ESSALUD";"III-2";"00009251";"HOSPITAL NACIONAL GUILLERMO ALMENARA IRIGOYEN";"243200";"HOSPITALIZACIÓN DE PEDIATRÍA PEDIATRIA NEONATOLOGÍA";"10";"33";"307";"270";"10";"310";"1"
"2023";"10";"150115";"LIMA";"LIMA";"LA VICTORIA";"ESSALUD";"III-2";"00009251";"HOSPITAL NACIONAL GUILLERMO ALMENARA IRIGOYEN";"250101";"UNIDAD DE CUIDADOS CRITICOS UNIDAD  DE CUIDADOS INTENSIVOS GENERALES (UCI) CARDIOLOGIA";"31";"24";"238";"241";"9";"279";"3"
"2023";"10";"150115";"LIMA";"LIMA";"LA VICTORIA";"ESSALUD";"III-2";"00009251";"HOSPITAL NACIONAL GUILLERMO ALMENARA IRIGOYEN";"250111";"UNIDAD DE CUIDADOS CRITICOS UNIDAD  DE CUIDADOS INTENSIVOS  (UCI) CARDIOVASCULAR";"2";"2";"21";"180";"7";"217";"0"
"2023";"10";"150115";"LIMA";"LIMA";"LA VICTORIA";"ESSALUD";"III-2";"00009251";"HOSPITAL NACIONAL GUILLERMO ALMENARA IRIGOYEN";"250400";"UNIDAD DE CUIDADOS CRITICOS UNIDAD DE QUEMADOS (GRAN QUEMADO) ";"1";"1";"39";"61";"2";"62";"0"
"2023";"10";"150115";"LIMA";"LIMA";"LA VICTORIA";"ESSALUD";"III-2";"00009251";"HOSPITAL NACIONAL GUILLERMO ALMENARA IRIGOYEN";"250100";"UNIDAD DE CUIDADOS CRITICOS UNIDAD  DE CUIDADOS INTENSIVOS GENERALES (UCI) ";"16";"11";"182";"366";"12";"372";"9"
"2023";"10";"150115";"LIMA";"LIMA";"LA VICTORIA";"ESSALUD";"III-2";"00009251";"HOSPITAL NACIONAL GUILLERMO ALMENARA IRIGOYEN";"250105";"UNIDAD DE CUIDADOS CRITICOS UNIDAD  DE CUIDADOS INTENSIVOS  (UCI) NEONATOLOGÍA";"10";"5";"235";"485";"16";"496";"2"
"2023";"10";"150115";"LIMA";"LIMA";"LA VICTORIA";"ESSALUD";"III-2";"00009251";"HOSPITAL NACIONAL GUILLERMO ALMENARA IRIGOYEN";"250107";"UNIDAD DE CUIDADOS CRITICOS UNIDAD  DE CUIDADOS INTENSIVOS  (UCI) NEUROQUIRÚRGICA";"0";"3";"44";"155";"6";"186";"0"
"2023";"10";"150115";"LIMA";"LIMA";"LA VICTORIA";"ESSALUD";"III-2";"00009251";"HOSPITAL NACIONAL GUILLERMO ALMENARA IRIGOYEN";"250107";"UNIDAD DE CUIDADOS CRITICOS UNIDAD  DE CUIDADOS INTENSIVOS  (UCI) NEUROQUIRÚRGICA";"1";"1";"11";"41";"2";"62";"0"
"2023";"10";"150115";"LIMA";"LIMA";"LA VICTORIA";"ESSALUD";"III-2";"00009251";"HOSPITAL NACIONAL GUILLERMO ALMENARA IRIGOYEN";"250107";"UNIDAD DE CUIDADOS CRITICOS UNIDAD  DE CUIDADOS INTENSIVOS  (UCI) NEUROQUIRÚRGICA";"2";"0";"0";"45";"3";"93";"0"
"2023";"10";"150115";"LIMA";"LIMA";"LA VICTORIA";"ESSALUD";"III-2";"00009251";"HOSPITAL NACIONAL GUILLERMO ALMENARA IRIGOYEN";"250200";"UNIDAD DE CUIDADOS CRITICOS UNIDAD DE CUIDADOS INTERMEDIOS GENERAL  (UCIN) ";"23";"48";"409";"298";"10";"310";"0"
"2023";"10";"150115";"LIMA";"LIMA";"LA VICTORIA";"ESSALUD";"III-2";"00009251";"HOSPITAL NACIONAL GUILLERMO ALMENARA IRIGOYEN";"250200";"UNIDAD DE CUIDADOS CRITICOS UNIDAD DE CUIDADOS INTERMEDIOS GENERAL  (UCIN) ";"5";"10";"137";"148";"5";"155";"0"
"2023";"10";"150115";"LIMA";"LIMA";"LA VICTORIA";"ESSALUD";"III-2";"00009251";"HOSPITAL NACIONAL GUILLERMO ALMENARA IRIGOYEN";"250100";"UNIDAD DE CUIDADOS CRITICOS UNIDAD  DE CUIDADOS INTENSIVOS GENERALES (UCI) ";"17";"15";"451";"300";"10";"310";"0"
"2023";"10";"150115";"LIMA";"LIMA";"LA VICTORIA";"ESSALUD";"III-2";"00009251";"HOSPITAL NACIONAL GUILLERMO ALMENARA IRIGOYEN";"250202";"UNIDAD DE CUIDADOS CRITICOS UNIDAD DE CUIDADOS INTERMEDIOS  (UCIN) PEDIÁTRICOS";"11";"12";"137";"149";"5";"155";"0"
"2023";"10";"150115";"LIMA";"LIMA";"LA VICTORIA";"ESSALUD";"III-2";"00009251";"HOSPITAL NACIONAL GUILLERMO ALMENARA IRIGOYEN";"250202";"UNIDAD DE CUIDADOS CRITICOS UNIDAD DE CUIDADOS INTERMEDIOS  (UCIN) PEDIÁTRICOS";"1";"0";"0";"421";"14";"434";"0"
"2023";"10";"150115";"LIMA";"LIMA";"LA VICTORIA";"ESSALUD";"III-2";"00009251";"HOSPITAL NACIONAL GUILLERMO ALMENARA IRIGOYEN";"250200";"UNIDAD DE CUIDADOS CRITICOS UNIDAD DE CUIDADOS INTERMEDIOS GENERAL  (UCIN) ";"11";"6";"153";"752";"25";"775";"5"
"2023";"10";"150115";"LIMA";"LIMA";"LA VICTORIA";"ESSALUD";"III-2";"00009251";"HOSPITAL NACIONAL GUILLERMO ALMENARA IRIGOYEN";"250201";"UNIDAD DE CUIDADOS CRITICOS UNIDAD DE CUIDADOS INTERMEDIOS  (UCIN) NEONATAL";"11";"28";"877";"475";"16";"496";"0"
"2023";"10";"150115";"LIMA";"LIMA";"LA VICTORIA";"ESSALUD";"III-2";"00009251";"HOSPITAL NACIONAL GUILLERMO ALMENARA IRIGOYEN";"250200";"UNIDAD DE CUIDADOS CRITICOS UNIDAD DE CUIDADOS INTERMEDIOS GENERAL  (UCIN) ";"6";"10";"159";"184";"6";"186";"2"
"2023";"10";"150115";"LIMA";"LIMA";"LA VICTORIA";"ESSALUD";"III-2";"00009251";"HOSPITAL NACIONAL GUILLERMO ALMENARA IRIGOYEN";"250200";"UNIDAD DE CUIDADOS CRITICOS UNIDAD DE CUIDADOS INTERMEDIOS GENERAL  (UCIN) ";"1";"3";"115";"124";"5";"155";"0"
"2023";"10";"150115";"LIMA";"LIMA";"LA VICTORIA";"ESSALUD";"III-2";"00009251";"HOSPITAL NACIONAL GUILLERMO ALMENARA IRIGOYEN";"250200";"UNIDAD DE CUIDADOS CRITICOS UNIDAD DE CUIDADOS INTERMEDIOS GENERAL  (UCIN) ";"0";"5";"39";"60";"3";"93";"0"
"2023";"10";"150115";"LIMA";"LIMA";"LA VICTORIA";"ESSALUD";"III-2";"00009251";"HOSPITAL NACIONAL GUILLERMO ALMENARA IRIGOYEN";"250200";"UNIDAD DE CUIDADOS CRITICOS UNIDAD DE CUIDADOS INTERMEDIOS GENERAL  (UCIN) ";"0";"2";"18";"53";"3";"93";"0"
"2023";"10";"150115";"LIMA";"LIMA";"LA VICTORIA";"ESSALUD";"III-2";"00009251";"HOSPITAL NACIONAL GUILLERMO ALMENARA IRIGOYEN";"240100";"HOSPITALIZACIÓN QUIRÚRGICA CIRUGÍA GENERAL ";"17";"30";"791";"361";"13";"403";"0"
"2023";"10";"150115";"LIMA";"LIMA";"LA VICTORIA";"ESSALUD";"III-2";"00009251";"HOSPITAL NACIONAL GUILLERMO ALMENARA IRIGOYEN";"244000";"HOSPITALIZACIÓN DE MEDICINA CARDIOLOGIA ";"39";"26";"303";"249";"10";"310";"1"
"2023";"10";"150115";"LIMA";"LIMA";"LA VICTORIA";"ESSALUD";"III-2";"00009251";"HOSPITAL NACIONAL GUILLERMO ALMENARA IRIGOYEN";"242205";"HOSPITALIZACIÓN MEDICINA PSIQUIATRÍA PISIQUIATRIA/ SALUD MENTAL Y ADICCIONES";"4";"3";"68";"91";"4";"124";"0"
"2023";"10";"150115";"LIMA";"LIMA";"LA VICTORIA";"ESSALUD";"III-2";"00009251";"HOSPITAL NACIONAL GUILLERMO ALMENARA IRIGOYEN";"244100";"HOSPITALIZACIÓN DE MEDICINA DERMATOLOGÍA    ";"24";"23";"269";"304";"11";"341";"0"
"2023";"10";"150115";"LIMA";"LIMA";"LA VICTORIA";"ESSALUD";"III-2";"00009251";"HOSPITAL NACIONAL GUILLERMO ALMENARA IRIGOYEN";"244200";"HOSPITALIZACIÓN DE MEDICINA ENDOCRINOLOGIA ";"24";"22";"370";"338";"12";"372";"0"
"2023";"10";"150115";"LIMA";"LIMA";"LA VICTORIA";"ESSALUD";"III-2";"00009251";"HOSPITAL NACIONAL GUILLERMO ALMENARA IRIGOYEN";"244300";"HOSPITALIZACIÓN DE MEDICINA GASTROENTEROLOGÍA  ";"46";"42";"806";"1002";"34";"1054";"2"
"2023";"10";"150115";"LIMA";"LIMA";"LA VICTORIA";"ESSALUD";"III-2";"00009251";"HOSPITAL NACIONAL GUILLERMO ALMENARA IRIGOYEN";"244400";"HOSPITALIZACIÓN DE MEDICINA GERIATRIA ";"35";"37";"737";"496";"18";"558";"4"
"2023";"10";"150115";"LIMA";"LIMA";"LA VICTORIA";"ESSALUD";"III-2";"00009251";"HOSPITAL NACIONAL GUILLERMO ALMENARA IRIGOYEN";"244500";"HOSPITALIZACIÓN DE MEDICINA HEMATOLOGÍA ";"20";"22";"359";"341";"13";"403";"0"
"2023";"10";"150115";"LIMA";"LIMA";"LA VICTORIA";"ESSALUD";"III-2";"00009251";"HOSPITAL NACIONAL GUILLERMO ALMENARA IRIGOYEN";"244500";"HOSPITALIZACIÓN DE MEDICINA HEMATOLOGÍA ";"12";"17";"312";"302";"10";"310";"0"
"2023";"10";"150115";"LIMA";"LIMA";"LA VICTORIA";"ESSALUD";"III-2";"00009251";"HOSPITAL NACIONAL GUILLERMO ALMENARA IRIGOYEN";"241900";"HOSPITALIZACIÓN DE MEDICINA MEDICINA INTERNA ";"35";"40";"1764";"973";"33";"1023";"3"
"2023";"10";"150115";"LIMA";"LIMA";"LA VICTORIA";"ESSALUD";"III-2";"00009251";"HOSPITAL NACIONAL GUILLERMO ALMENARA IRIGOYEN";"241900";"HOSPITALIZACIÓN DE MEDICINA MEDICINA INTERNA ";"65";"59";"1165";"1220";"40";"1240";"4"
"2023";"10";"150115";"LIMA";"LIMA";"LA VICTORIA";"ESSALUD";"III-2";"00009251";"HOSPITAL NACIONAL GUILLERMO ALMENARA IRIGOYEN";"241900";"HOSPITALIZACIÓN DE MEDICINA MEDICINA INTERNA ";"52";"52";"1120";"1206";"41";"1271";"21"
"2023";"10";"150115";"LIMA";"LIMA";"LA VICTORIA";"ESSALUD";"III-2";"00009251";"HOSPITAL NACIONAL GUILLERMO ALMENARA IRIGOYEN";"241900";"HOSPITALIZACIÓN DE MEDICINA MEDICINA INTERNA ";"227";"202";"3405";"4147";"134";"4154";"0"
"2023";"09";"130101";"LA LIBERTAD";"TRUJILLO";"TRUJILLO";"GOBIERNO REGIONAL";"III-1";"00005195";"HOSPITAL BELEN DE TRUJILLO";"250108";"UNIDAD DE CUIDADOS CRITICOS UNIDAD  DE CUIDADOS INTENSIVOS  (UCI) PEDIÁTRICA";"8";"1";"6";"149";"5";"150";"1"
"2023";"09";"130101";"LA LIBERTAD";"TRUJILLO";"TRUJILLO";"GOBIERNO REGIONAL";"III-1";"00005195";"HOSPITAL BELEN DE TRUJILLO";"244000";"HOSPITALIZACIÓN DE MEDICINA CARDIOLOGIA ";"5";"13";"284";"180";"6";"180";"2"
"2023";"09";"130101";"LA LIBERTAD";"TRUJILLO";"TRUJILLO";"GOBIERNO REGIONAL";"III-1";"00005195";"HOSPITAL BELEN DE TRUJILLO";"244300";"HOSPITALIZACIÓN DE MEDICINA GASTROENTEROLOGÍA  ";"25";"21";"210";"217";"8";"240";"2"
"2023";"09";"130101";"LA LIBERTAD";"TRUJILLO";"TRUJILLO";"GOBIERNO REGIONAL";"III-1";"00005195";"HOSPITAL BELEN DE TRUJILLO";"241900";"HOSPITALIZACIÓN DE MEDICINA MEDICINA INTERNA ";"95";"92";"1155";"1010";"34";"1020";"11"
"2023";"09";"130101";"LA LIBERTAD";"TRUJILLO";"TRUJILLO";"GOBIERNO REGIONAL";"III-1";"00005195";"HOSPITAL BELEN DE TRUJILLO";"245300";"HOSPITALIZACIÓN DE MEDICINA NEUMOLOGÍA  ";"8";"16";"357";"238";"8";"240";"5"
"2023";"09";"130101";"LA LIBERTAD";"TRUJILLO";"TRUJILLO";"GOBIERNO REGIONAL";"III-1";"00005195";"HOSPITAL BELEN DE TRUJILLO";"241500";"HOSPITALIZACIÓN QUIRÚRGICA GINECOLOGÍA  ";"49";"54";"255";"225";"10";"300";"1"
"2023";"09";"130101";"LA LIBERTAD";"TRUJILLO";"TRUJILLO";"GOBIERNO REGIONAL";"III-1";"00005195";"HOSPITAL BELEN DE TRUJILLO";"244700";"HOSPITALIZACIÓN DE MEDICINA NEUROLOGIA  ";"17";"24";"348";"286";"12";"360";"8"
"2023";"09";"130101";"LA LIBERTAD";"TRUJILLO";"TRUJILLO";"GOBIERNO REGIONAL";"III-1";"00005195";"HOSPITAL BELEN DE TRUJILLO";"242100";"HOSPITALIZACIÓN DE MEDICINA ONCOLOGÍA MÉDICA ";"1";"9";"129";"133";"5";"150";"0"
"2023";"09";"130101";"LA LIBERTAD";"TRUJILLO";"TRUJILLO";"GOBIERNO REGIONAL";"III-1";"00005195";"HOSPITAL BELEN DE TRUJILLO";"240801";"HOSPITALIZACIÓN QUIRÚRGICA CIRUGÍA PLÁSTICA/RECONSTRUCTIVA/ REPARADORA QUEMADOS";"3";"6";"43";"70";"3";"90";"0"
"2023";"09";"130101";"LA LIBERTAD";"TRUJILLO";"TRUJILLO";"GOBIERNO REGIONAL";"III-1";"00005195";"HOSPITAL BELEN DE TRUJILLO";"240800";"HOSPITALIZACIÓN QUIRÚRGICA CIRUGÍA PLÁSTICA/RECONSTRUCTIVA/ REPARADORA ";"3";"8";"138";"27";"1";"30";"0"
"2023";"09";"130101";"LA LIBERTAD";"TRUJILLO";"TRUJILLO";"GOBIERNO REGIONAL";"III-1";"00005195";"HOSPITAL BELEN DE TRUJILLO";"240400";"HOSPITALIZACIÓN QUIRÚRGICA CIRUGÍA DE TÓRAX Y CARDIOVASCULAR ";"4";"16";"306";"162";"6";"180";"0"
"2023";"09";"130101";"LA LIBERTAD";"TRUJILLO";"TRUJILLO";"GOBIERNO REGIONAL";"III-1";"00005195";"HOSPITAL BELEN DE TRUJILLO";"240100";"HOSPITALIZACIÓN QUIRÚRGICA CIRUGÍA GENERAL ";"150";"136";"1007";"1054";"36";"1080";"1"
"2023";"09";"130101";"LA LIBERTAD";"TRUJILLO";"TRUJILLO";"GOBIERNO REGIONAL";"III-1";"00005195";"HOSPITAL BELEN DE TRUJILLO";"241000";"HOSPITALIZACIÓN QUIRÚRGICA ONCOLOGÍA QUIRÚRGICA  ";"0";"2";"23";"23";"1";"30";"0"
"2023";"09";"130101";"LA LIBERTAD";"TRUJILLO";"TRUJILLO";"GOBIERNO REGIONAL";"III-1";"00005195";"HOSPITAL BELEN DE TRUJILLO";"240700";"HOSPITALIZACIÓN QUIRÚRGICA CIRUGÍA PEDIÁTRICA ";"11";"26";"141";"149";"7";"210";"0"
"2023";"09";"130101";"LA LIBERTAD";"TRUJILLO";"TRUJILLO";"GOBIERNO REGIONAL";"III-1";"00005195";"HOSPITAL BELEN DE TRUJILLO";"240900";"HOSPITALIZACIÓN QUIRÚRGICA NEUROCIRUGÍA ";"9";"20";"233";"239";"8";"240";"0"
"2023";"09";"130101";"LA LIBERTAD";"TRUJILLO";"TRUJILLO";"GOBIERNO REGIONAL";"III-1";"00005195";"HOSPITAL BELEN DE TRUJILLO";"241100";"HOSPITALIZACIÓN QUIRÚRGICA OTORRINOLARINGOLOGÍA  ";"2";"1";"6";"7";"1";"30";"0"
"2023";"09";"130101";"LA LIBERTAD";"TRUJILLO";"TRUJILLO";"GOBIERNO REGIONAL";"III-1";"00005195";"HOSPITAL BELEN DE TRUJILLO";"241200";"HOSPITALIZACIÓN QUIRÚRGICA TRAUMATOLOGÍA Y ORTOPEDIA ";"52";"54";"482";"497";"17";"510";"1"
"2023";"09";"130101";"LA LIBERTAD";"TRUJILLO";"TRUJILLO";"GOBIERNO REGIONAL";"III-1";"00005195";"HOSPITAL BELEN DE TRUJILLO";"241300";"HOSPITALIZACIÓN QUIRÚRGICA UROLOGÍA  ";"15";"18";"92";"85";"3";"90";"0"
"2023";"09";"130101";"LA LIBERTAD";"TRUJILLO";"TRUJILLO";"GOBIERNO REGIONAL";"III-1";"00005195";"HOSPITAL BELEN DE TRUJILLO";"250201";"UNIDAD DE CUIDADOS CRITICOS UNIDAD DE CUIDADOS INTERMEDIOS  (UCIN) NEONATAL";"69";"80";"706";"540";"30";"900";"1"
"2023";"09";"130101";"LA LIBERTAD";"TRUJILLO";"TRUJILLO";"GOBIERNO REGIONAL";"III-1";"00005195";"HOSPITAL BELEN DE TRUJILLO";"250105";"UNIDAD DE CUIDADOS CRITICOS UNIDAD  DE CUIDADOS INTENSIVOS  (UCI) NEONATOLOGÍA";"7";"6";"38";"325";"12";"360";"6"
"2023";"09";"130101";"LA LIBERTAD";"TRUJILLO";"TRUJILLO";"GOBIERNO REGIONAL";"III-1";"00005195";"HOSPITAL BELEN DE TRUJILLO";"242300";"HOSPITALIZACIÓN DE PEDIATRÍA  PEDIATRÍA  GENERAL ";"56";"58";"827";"306";"20";"600";"0"
"2023";"09";"130101";"LA LIBERTAD";"TRUJILLO";"TRUJILLO";"GOBIERNO REGIONAL";"III-1";"00005195";"HOSPITAL BELEN DE TRUJILLO";"241600";"HOSPITALIZACIÓN QUIRÚRGICA OBSTETRICIA   ";"271";"278";"905";"750";"38";"1140";"0"
"2023";"09";"130101";"LA LIBERTAD";"TRUJILLO";"TRUJILLO";"GOBIERNO REGIONAL";"III-1";"00005195";"HOSPITAL BELEN DE TRUJILLO";"250100";"UNIDAD DE CUIDADOS CRITICOS UNIDAD  DE CUIDADOS INTENSIVOS GENERALES (UCI) ";"2";"1";"179";"292";"10";"300";"1"
"2023";"09";"220506";"SAN MARTIN";"LAMAS";"PINTO RECODO";"GOBIERNO REGIONAL";"I-1";"00006343";"GOSEN";"NE_0001";"";"NE_0001";"NE_0001";"NE_0001";"NE_0001";"NE_0001";"NE_0001";"NE_0001"
"2023";"09";"220506";"SAN MARTIN";"LAMAS";"PINTO RECODO";"GOBIERNO REGIONAL";"I-1";"00006344";"LA LIBERTAD BAJO MAYO";"NE_0001";"";"NE_0001";"NE_0001";"NE_0001";"NE_0001";"NE_0001";"NE_0001";"NE_0001"
"2023";"09";"220506";"SAN MARTIN";"LAMAS";"PINTO RECODO";"GOBIERNO REGIONAL";"I-1";"00006347";"VENCEDOR";"NE_0001";"";"NE_0001";"NE_0001";"NE_0001";"NE_0001";"NE_0001";"NE_0001";"NE_0001"
"2023";"09";"220502";"SAN MARTIN";"LAMAS";"ALONSO DE ALVARADO";"GOBIERNO REGIONAL";"I-3";"00006350";"PACAYZAPA";"NE_0002";"";"NE_0002";"NE_0002";"NE_0002";"NE_0002";"NE_0002";"NE_0002";"NE_0002"
"2023";"09";"220506";"SAN MARTIN";"LAMAS";"PINTO RECODO";"GOBIERNO REGIONAL";"I-1";"00006342";"BETANIA";"NE_0001";"";"NE_0001";"NE_0001";"NE_0001";"NE_0001";"NE_0001";"NE_0001";"NE_0001"
"2023";"09";"220502";"SAN MARTIN";"LAMAS";"ALONSO DE ALVARADO";"GOBIERNO REGIONAL";"I-1";"00006351";"SAN JUAN DE PACAYZAPA";"NE_0001";"";"NE_0001";"NE_0001";"NE_0001";"NE_0001";"NE_0001";"NE_0001";"NE_0001"
"2023";"09";"220506";"SAN MARTIN";"LAMAS";"PINTO RECODO";"GOBIERNO REGIONAL";"I-1";"00006345";"MIRAFLORES";"NE_0001";"";"NE_0001";"NE_0001";"NE_0001";"NE_0001";"NE_0001";"NE_0001";"NE_0001"
"2023";"09";"160201";"LORETO";"ALTO AMAZONAS";"YURIMAGUAS";"GOBIERNO REGIONAL";"II-2";"00000210";"HOSPITAL II-2 SANTA GEMA DE YURIMAGUAS";"240100";"HOSPITALIZACIÓN QUIRÚRGICA CIRUGÍA GENERAL ";"68";"77";"326";"103";"7";"210";"0"
"2023";"09";"160201";"LORETO";"ALTO AMAZONAS";"YURIMAGUAS";"GOBIERNO REGIONAL";"II-2";"00000210";"HOSPITAL II-2 SANTA GEMA DE YURIMAGUAS";"241200";"HOSPITALIZACIÓN QUIRÚRGICA TRAUMATOLOGÍA Y ORTOPEDIA ";"7";"10";"96";"96";"4";"210";"0"
"2023";"09";"160201";"LORETO";"ALTO AMAZONAS";"YURIMAGUAS";"GOBIERNO REGIONAL";"II-2";"00000210";"HOSPITAL II-2 SANTA GEMA DE YURIMAGUAS";"241300";"HOSPITALIZACIÓN QUIRÚRGICA UROLOGÍA  ";"1";"4";"16";"16";"1";"30";"0"
"2023";"09";"160201";"LORETO";"ALTO AMAZONAS";"YURIMAGUAS";"GOBIERNO REGIONAL";"II-2";"00000210";"HOSPITAL II-2 SANTA GEMA DE YURIMAGUAS";"241500";"HOSPITALIZACIÓN QUIRÚRGICA GINECOLOGÍA  ";"54";"62";"187";"187";"8";"240";"0"
"2023";"09";"160201";"LORETO";"ALTO AMAZONAS";"YURIMAGUAS";"GOBIERNO REGIONAL";"II-2";"00000210";"HOSPITAL II-2 SANTA GEMA DE YURIMAGUAS";"241600";"HOSPITALIZACIÓN QUIRÚRGICA OBSTETRICIA   ";"208";"221";"459";"459";"25";"750";"0"
"2023";"09";"160201";"LORETO";"ALTO AMAZONAS";"YURIMAGUAS";"GOBIERNO REGIONAL";"II-2";"00000210";"HOSPITAL II-2 SANTA GEMA DE YURIMAGUAS";"241900";"HOSPITALIZACIÓN DE MEDICINA MEDICINA INTERNA ";"57";"64";"307";"307";"12";"570";"3"
"2023";"09";"160201";"LORETO";"ALTO AMAZONAS";"YURIMAGUAS";"GOBIERNO REGIONAL";"II-2";"00000210";"HOSPITAL II-2 SANTA GEMA DE YURIMAGUAS";"242500";"HOSPITALIZACIÓN-PEDIATRÍA GENERAL-";"67";"72";"212";"212";"6";"240";"0"
"2023";"09";"160201";"LORETO";"ALTO AMAZONAS";"YURIMAGUAS";"GOBIERNO REGIONAL";"II-2";"00000210";"HOSPITAL II-2 SANTA GEMA DE YURIMAGUAS";"243200";"HOSPITALIZACIÓN DE PEDIATRÍA PEDIATRIA NEONATOLOGÍA";"3";"4";"20";"302";"7";"310";"0"
"2023";"09";"160201";"LORETO";"ALTO AMAZONAS";"YURIMAGUAS";"GOBIERNO REGIONAL";"II-2";"00000210";"HOSPITAL II-2 SANTA GEMA DE YURIMAGUAS";"250103";"UNIDAD DE CUIDADOS CRITICOS UNIDAD  DE CUIDADOS INTENSIVOS GENERALES  (UCI) MEDICINA";"2";"2";"19";"19";"2";"210";"1"
"2023";"10";"220101";"SAN MARTIN";"MOYOBAMBA";"MOYOBAMBA";"SANIDAD DE LA POLICIA NACIONAL DEL PERU";"I-3";"00018077";"POLICLINICO PNP MOYOBAMBA";"NE_0001";"";"NE_0001";"NE_0001";"NE_0001";"NE_0001";"NE_0001";"NE_0001";"NE_0001"
"2023";"10";"200115";"PIURA";"PIURA";"VEINTISEIS DE OCTUBRE";"GOBIERNO REGIONAL";"II-2";"00002084";"HOSPITAL DE LA AMISTAD PERU - COREA SANTA ROSA II-2";"240100";"HOSPITALIZACIÓN QUIRÚRGICA CIRUGÍA GENERAL ";"151";"151";"888";"993";"40";"1240";"1"
"2023";"10";"200115";"PIURA";"PIURA";"VEINTISEIS DE OCTUBRE";"GOBIERNO REGIONAL";"II-2";"00002084";"HOSPITAL DE LA AMISTAD PERU - COREA SANTA ROSA II-2";"241500";"HOSPITALIZACIÓN QUIRÚRGICA GINECOLOGÍA  ";"152";"152";"378";"446";"16";"496";"0"
"2023";"10";"200115";"PIURA";"PIURA";"VEINTISEIS DE OCTUBRE";"GOBIERNO REGIONAL";"II-2";"00002084";"HOSPITAL DE LA AMISTAD PERU - COREA SANTA ROSA II-2";"241600";"HOSPITALIZACIÓN QUIRÚRGICA OBSTETRICIA   ";"201";"201";"347";"391";"25";"775";"0"
"2023";"10";"200115";"PIURA";"PIURA";"VEINTISEIS DE OCTUBRE";"GOBIERNO REGIONAL";"II-2";"00002084";"HOSPITAL DE LA AMISTAD PERU - COREA SANTA ROSA II-2";"241800";"HOSPITALIZACIÓN DE MEDICINA MEDICINA GENERAL ";"143";"143";"1379";"1405";"50";"1550";"14"
"2023";"10";"200115";"PIURA";"PIURA";"VEINTISEIS DE OCTUBRE";"GOBIERNO REGIONAL";"II-2";"00002084";"HOSPITAL DE LA AMISTAD PERU - COREA SANTA ROSA II-2";"242500";"HOSPITALIZACIÓN-PEDIATRÍA GENERAL-";"54";"54";"410";"366";"13";"403";"0"
"2023";"10";"200115";"PIURA";"PIURA";"VEINTISEIS DE OCTUBRE";"GOBIERNO REGIONAL";"II-2";"00002084";"HOSPITAL DE LA AMISTAD PERU - COREA SANTA ROSA II-2";"243200";"HOSPITALIZACIÓN DE PEDIATRÍA PEDIATRIA NEONATOLOGÍA";"104";"104";"683";"710";"23";"713";"1"
"2023";"10";"130101";"LA LIBERTAD";"TRUJILLO";"TRUJILLO";"GOBIERNO REGIONAL";"III-2";"00005197";"IRO JSU";"NE_0001";"";"NE_0001";"NE_0001";"NE_0001";"NE_0001";"NE_0001";"NE_0001";"NE_0001"
"2023";"10";"150131";"LIMA";"LIMA";"SAN ISIDRO";"PRIVADO";"II-E";"00027320";"CLINICA AUNA GUARDIA CIVIL";"240000";"HOSPITALIZACIÓN";"119";"121";"527";"482";"27";"837";"2"
"2023";"10";"150131";"LIMA";"LIMA";"SAN ISIDRO";"PRIVADO";"II-E";"00027320";"CLINICA AUNA GUARDIA CIVIL";"250100";"UNIDAD DE CUIDADOS CRITICOS UNIDAD  DE CUIDADOS INTENSIVOS GENERALES (UCI) ";"1";"3";"6";"1";"15";"465";"1"
"2023";"10";"220403";"SAN MARTIN";"HUALLAGA";"EL ESLABON";"GOBIERNO REGIONAL";"I-3";"00006542";"EL ESLABON";"NE_0002";"";"NE_0002";"NE_0002";"NE_0002";"NE_0002";"NE_0002";"NE_0002";"NE_0002"
"2023";"10";"220403";"SAN MARTIN";"HUALLAGA";"EL ESLABON";"GOBIERNO REGIONAL";"I-1";"00006544";"COLLPA";"NE_0001";"";"NE_0001";"NE_0001";"NE_0001";"NE_0001";"NE_0001";"NE_0001";"NE_0001"
"2023";"11";"060101";"CAJAMARCA";"CAJAMARCA";"CAJAMARCA";"PRIVADO";"0";"00018126";"LABORATORIO LLONTOP S.R.L.";"NE_0001";"";"NE_0001";"NE_0001";"NE_0001";"NE_0001";"NE_0001";"NE_0001";"NE_0001"
"2023";"11";"150129";"LIMA";"LIMA";"SAN BARTOLO";"SANIDAD DE LA POLICIA NACIONAL DEL PERU";"I-2";"00019390";"POSTA MEDICA ETS. PNP. SAN BARTOLO";"NE_0001";"";"NE_0001";"NE_0001";"NE_0001";"NE_0001";"NE_0001";"NE_0001";"NE_0001"
"2023";"11";"080601";"CUSCO";"CANCHIS";"SICUANI";"SANIDAD DE LA POLICIA NACIONAL DEL PERU";"I-2";"00024663";"SANIDAD PNP  SICUANI";"NE_0001";"";"NE_0001";"NE_0001";"NE_0001";"NE_0001";"NE_0001";"NE_0001";"NE_0001"
"2023";"11";"060101";"CAJAMARCA";"CAJAMARCA";"CAJAMARCA";"PRIVADO";"II-1";"00009234";"CLINICA LOS FRESNOS";"240100";"HOSPITALIZACIÓN QUIRÚRGICA CIRUGÍA GENERAL ";"9";"9";"18";"9";"9";"10";"0"
"2023";"11";"060101";"CAJAMARCA";"CAJAMARCA";"CAJAMARCA";"PRIVADO";"II-1";"00009234";"CLINICA LOS FRESNOS";"241700";"HOSPITALIZACIÓN QUIRÚRGICA GINECOLOGÍA   GINECOLOGIA ONCOLOGiCA";"15";"15";"20";"15";"15";"16";"0"
"2023";"11";"060101";"CAJAMARCA";"CAJAMARCA";"CAJAMARCA";"PRIVADO";"II-1";"00009234";"CLINICA LOS FRESNOS";"241900";"HOSPITALIZACIÓN DE MEDICINA MEDICINA INTERNA ";"25";"25";"40";"25";"25";"26";"0"
"2023";"11";"060101";"CAJAMARCA";"CAJAMARCA";"CAJAMARCA";"PRIVADO";"II-1";"00009234";"CLINICA LOS FRESNOS";"241200";"HOSPITALIZACIÓN QUIRÚRGICA TRAUMATOLOGÍA Y ORTOPEDIA ";"4";"4";"7";"4";"4";"5";"0"
"2023";"11";"060101";"CAJAMARCA";"CAJAMARCA";"CAJAMARCA";"PRIVADO";"II-1";"00009234";"CLINICA LOS FRESNOS";"242300";"HOSPITALIZACIÓN DE PEDIATRÍA  PEDIATRÍA  GENERAL ";"9";"9";"19";"9";"9";"10";"0"
"2023";"11";"060101";"CAJAMARCA";"CAJAMARCA";"CAJAMARCA";"PRIVADO";"II-1";"00009234";"CLINICA LOS FRESNOS";"241300";"HOSPITALIZACIÓN QUIRÚRGICA UROLOGÍA  ";"1";"1";"2";"1";"1";"2";"0"
"2023";"11";"050904";"AYACUCHO";"SUCRE";"CHILCAYOC";"GOBIERNO REGIONAL";"I-2";"00003805";"PUESTO DE SALUD CHILCAYOCC";"NE_0001";"";"NE_0001";"NE_0001";"NE_0001";"NE_0001";"NE_0001";"NE_0001";"NE_0001"
"2023";"11";"050909";"AYACUCHO";"SUCRE";"SAN SALVADOR DE QUIJE";"GOBIERNO REGIONAL";"I-1";"00003806";"PUESTO DE SALUD SAN SALVADOR DE QUIJE";"NE_0001";"";"NE_0001";"NE_0001";"NE_0001";"NE_0001";"NE_0001";"NE_0001";"NE_0001"
"2023";"11";"050901";"AYACUCHO";"SUCRE";"QUEROBAMBA";"GOBIERNO REGIONAL";"I-4";"00003808";"CENTRO DE SALUD QUEROBAMBA";"241600";"HOSPITALIZACIÓN QUIRÚRGICA OBSTETRICIA   ";"3";"3";"4";"2";"10";"11";"0"
"2023";"11";"050907";"AYACUCHO";"SUCRE";"PAICO";"GOBIERNO REGIONAL";"I-1";"00003813";"PUESTO DE SALUD PAICO";"NE_0001";"";"NE_0001";"NE_0001";"NE_0001";"NE_0001";"NE_0001";"NE_0001";"NE_0001"
"2023";"11";"050905";"AYACUCHO";"SUCRE";"HUACAÑA";"GOBIERNO REGIONAL";"I-1";"00003719";"PUESTO DE SALUD HUACAÑA";"NE_0001";"";"NE_0001";"NE_0001";"NE_0001";"NE_0001";"NE_0001";"NE_0001";"NE_0001"
"2023";"11";"050901";"AYACUCHO";"SUCRE";"QUEROBAMBA";"GOBIERNO REGIONAL";"I-1";"00003802";"PUESTO DE SALUD POTONGO";"NE_0001";"";"NE_0001";"NE_0001";"NE_0001";"NE_0001";"NE_0001";"NE_0001";"NE_0001"
"2023";"11";"050910";"AYACUCHO";"SUCRE";"SANTIAGO DE PAUCARAY";"GOBIERNO REGIONAL";"I-1";"00007096";"PUESTO DE SALUD AUTAMA";"NE_0001";"";"NE_0001";"NE_0001";"NE_0001";"NE_0001";"NE_0001";"NE_0001";"NE_0001"
"2023";"11";"050906";"AYACUCHO";"SUCRE";"MORCOLLA";"GOBIERNO REGIONAL";"I-1";"00003812";"PUESTO DE SALUD HUACO";"NE_0001";"";"NE_0001";"NE_0001";"NE_0001";"NE_0001";"NE_0001";"NE_0001";"NE_0001"
"2023";"11";"050901";"AYACUCHO";"SUCRE";"QUEROBAMBA";"GOBIERNO REGIONAL";"I-1";"00003809";"PUESTO DE SALUD CHONTA";"NE_0001";"";"NE_0001";"NE_0001";"NE_0001";"NE_0001";"NE_0001";"NE_0001";"NE_0001"
"2023";"11";"050906";"AYACUCHO";"SUCRE";"MORCOLLA";"GOBIERNO REGIONAL";"I-1";"00003810";"PUESTO DE SALUD MORCOLLA";"NE_0001";"";"NE_0001";"NE_0001";"NE_0001";"NE_0001";"NE_0001";"NE_0001";"NE_0001"
"2023";"11";"050906";"AYACUCHO";"SUCRE";"MORCOLLA";"GOBIERNO REGIONAL";"I-1";"00003811";"PUESTO DE SALUD TINTAY";"NE_0001";"";"NE_0001";"NE_0001";"NE_0001";"NE_0001";"NE_0001";"NE_0001";"NE_0001"
"2023";"11";"050907";"AYACUCHO";"SUCRE";"PAICO";"GOBIERNO REGIONAL";"I-1";"00003814";"PUESTO DE SALUD SIHUE";"NE_0001";"";"NE_0001";"NE_0001";"NE_0001";"NE_0001";"NE_0001";"NE_0001";"NE_0001"
"2023";"11";"050910";"AYACUCHO";"SUCRE";"SANTIAGO DE PAUCARAY";"GOBIERNO REGIONAL";"I-1";"00003816";"PUESTO DE SALUD SANTIAGO DE PAUCARAY";"NE_0001";"";"NE_0001";"NE_0001";"NE_0001";"NE_0001";"NE_0001";"NE_0001";"NE_0001"
"2023";"11";"050911";"AYACUCHO";"SUCRE";"SORAS";"GOBIERNO REGIONAL";"I-3";"00003818";"CENTRO DE SALUD SORAS";"NE_0002";"";"NE_0002";"NE_0002";"NE_0002";"NE_0002";"NE_0002";"NE_0002";"NE_0002"
"2023";"11";"050902";"AYACUCHO";"SUCRE";"BELEN";"GOBIERNO REGIONAL";"I-1";"00003803";"PUESTO DE SALUD BELEN";"NE_0001";"";"NE_0001";"NE_0001";"NE_0001";"NE_0001";"NE_0001";"NE_0001";"NE_0001"
"2023";"11";"050909";"AYACUCHO";"SUCRE";"SAN SALVADOR DE QUIJE";"GOBIERNO REGIONAL";"I-1";"00003807";"PUESTO DE SALUD SANTIAGO DE PALLCCA";"NE_0001";"";"NE_0001";"NE_0001";"NE_0001";"NE_0001";"NE_0001";"NE_0001";"NE_0001"
"2023";"11";"050903";"AYACUCHO";"SUCRE";"CHALCOS";"GOBIERNO REGIONAL";"I-1";"00003804";"PUESTO DE SALUD CHALCOS";"NE_0001";"";"NE_0001";"NE_0001";"NE_0001";"NE_0001";"NE_0001";"NE_0001";"NE_0001"
"2023";"11";"050908";"AYACUCHO";"SUCRE";"SAN PEDRO DE LARCAY";"GOBIERNO REGIONAL";"I-2";"00003815";"SAN PEDRO DE LARCAY";"NE_0001";"";"NE_0001";"NE_0001";"NE_0001";"NE_0001";"NE_0001";"NE_0001";"NE_0001"
"2023";"11";"050910";"AYACUCHO";"SUCRE";"SANTIAGO DE PAUCARAY";"GOBIERNO REGIONAL";"I-1";"00003817";"PUESTO DE SALUD ATIHUARA";"NE_0001";"";"NE_0001";"NE_0001";"NE_0001";"NE_0001";"NE_0001";"NE_0001";"NE_0001"
"2023";"11";"050909";"AYACUCHO";"SUCRE";"SAN SALVADOR DE QUIJE";"GOBIERNO REGIONAL";"I-1";"00006900";"PUESTO DE SALUD VISTA ALEGRE - SUCRE";"NE_0001";"";"NE_0001";"NE_0001";"NE_0001";"NE_0001";"NE_0001";"NE_0001";"NE_0001"
"2023";"11";"120608";"JUNIN";"SATIPO";"RIO TAMBO";"GOBIERNO REGIONAL";"I-3";"00000460";"BETANIA";"NE_0001";"";"NE_0001";"NE_0001";"NE_0001";"NE_0001";"NE_0001";"NE_0001";"NE_0001"
"2023";"11";"120608";"JUNIN";"SATIPO";"RIO TAMBO";"GOBIERNO REGIONAL";"I-3";"00000469";"PUERTO OCOPA";"NE_0001";"";"NE_0001";"NE_0001";"NE_0001";"NE_0001";"NE_0001";"NE_0001";"NE_0001"
"2023";"11";"120608";"JUNIN";"SATIPO";"RIO TAMBO";"GOBIERNO REGIONAL";"I-2";"00000470";"SAN MIGUEL DE OTICA";"NE_0001";"";"NE_0001";"NE_0001";"NE_0001";"NE_0001";"NE_0001";"NE_0001";"NE_0001"
"2023";"11";"120608";"JUNIN";"SATIPO";"RIO TAMBO";"GOBIERNO REGIONAL";"I-2";"00000472";"OVIRI";"NE_0001";"";"NE_0001";"NE_0001";"NE_0001";"NE_0001";"NE_0001";"NE_0001";"NE_0001"
"2023";"11";"120608";"JUNIN";"SATIPO";"RIO TAMBO";"GOBIERNO REGIONAL";"I-3";"00000462";"POYENI";"NE_0001";"";"NE_0001";"NE_0001";"NE_0001";"NE_0001";"NE_0001";"NE_0001";"NE_0001"
"2023";"11";"120608";"JUNIN";"SATIPO";"RIO TAMBO";"GOBIERNO REGIONAL";"I-2";"00000465";"CAPITIRI";"NE_0001";"";"NE_0001";"NE_0001";"NE_0001";"NE_0001";"NE_0001";"NE_0001";"NE_0001"
"2023";"11";"120608";"JUNIN";"SATIPO";"RIO TAMBO";"GOBIERNO REGIONAL";"I-2";"00000467";"SHIMA";"NE_0001";"";"NE_0001";"NE_0001";"NE_0001";"NE_0001";"NE_0001";"NE_0001";"NE_0001"
"2023";"11";"120608";"JUNIN";"SATIPO";"RIO TAMBO";"GOBIERNO REGIONAL";"I-3";"00000473";"SAN VICENTE DE CANAAN";"NE_0001";"";"NE_0001";"NE_0001";"NE_0001";"NE_0001";"NE_0001";"NE_0001";"NE_0001"
"2023";"11";"150137";"LIMA";"LIMA";"SANTA ANITA";"ESSALUD";"II-E";"00010434";"ESSALUD - HOSPITAL IIE SAN ISIDRO LABRADOR";"241800";"HOSPITALIZACIÓN DE MEDICINA MEDICINA GENERAL ";"198";"184";"3687";"4512";"180";"5580";"22"
"2023";"11";"150137";"LIMA";"LIMA";"SANTA ANITA";"ESSALUD";"II-E";"00010434";"ESSALUD - HOSPITAL IIE SAN ISIDRO LABRADOR";"250200";"UNIDAD DE CUIDADOS CRITICOS UNIDAD DE CUIDADOS INTERMEDIOS GENERAL  (UCIN) ";"4";"9";"207";"181";"12";"372";"6"
"2023";"09";"100101";"HUANUCO";"HUANUCO";"HUANUCO";"GOBIERNO REGIONAL";"II-2";"00000754";"HOSPITAL REGIONAL HERMILIO VALDIZAN";"242500";"HOSPITALIZACIÓN-PEDIATRÍA GENERAL-";"78";"41";"456";"73";"60";"120";"0"
"2023";"09";"100101";"HUANUCO";"HUANUCO";"HUANUCO";"GOBIERNO REGIONAL";"II-2";"00000754";"HOSPITAL REGIONAL HERMILIO VALDIZAN";"241900";"HOSPITALIZACIÓN DE MEDICINA MEDICINA INTERNA ";"134";"77";"30";"20";"40";"140";"2"
"2023";"09";"100101";"HUANUCO";"HUANUCO";"HUANUCO";"GOBIERNO REGIONAL";"II-2";"00000754";"HOSPITAL REGIONAL HERMILIO VALDIZAN";"240100";"HOSPITALIZACIÓN QUIRÚRGICA CIRUGÍA GENERAL ";"134";"78";"45";"30";"30";"110";"0"
"2023";"09";"100101";"HUANUCO";"HUANUCO";"HUANUCO";"GOBIERNO REGIONAL";"II-2";"00000754";"HOSPITAL REGIONAL HERMILIO VALDIZAN";"250100";"UNIDAD DE CUIDADOS CRITICOS UNIDAD  DE CUIDADOS INTENSIVOS GENERALES (UCI) ";"20";"11";"89";"10";"4";"93";"2"
"2023";"09";"100101";"HUANUCO";"HUANUCO";"HUANUCO";"GOBIERNO REGIONAL";"II-2";"00000754";"HOSPITAL REGIONAL HERMILIO VALDIZAN";"241400";"HOSPITALIZACIÓN QUIRÚRGICA GINECO - OBSTETRICIA ";"150";"113";"60";"63";"20";"145";"0"
"2023";"09";"100101";"HUANUCO";"HUANUCO";"HUANUCO";"GOBIERNO REGIONAL";"II-2";"00000754";"HOSPITAL REGIONAL HERMILIO VALDIZAN";"243200";"HOSPITALIZACIÓN DE PEDIATRÍA PEDIATRIA NEONATOLOGÍA";"77";"65";"60";"35";"23";"90";"0"
"2023";"09";"100101";"HUANUCO";"HUANUCO";"HUANUCO";"GOBIERNO REGIONAL";"II-2";"00000754";"HOSPITAL REGIONAL HERMILIO VALDIZAN";"241500";"HOSPITALIZACIÓN QUIRÚRGICA GINECOLOGÍA  ";"13";"9";"20";"12";"8";"92";"0"
"2023";"09";"080910";"CUSCO";"LA CONVENCION";"PICHARI";"SANIDAD DEL EJERCITO DEL PERU";"I-4";"00024638";"MILITAR PICHARI";"241800";"HOSPITALIZACIÓN DE MEDICINA MEDICINA GENERAL ";"2";"2";"5";"2";"2";"5";"0"
"2023";"09";"080910";"CUSCO";"LA CONVENCION";"PICHARI";"SANIDAD DEL EJERCITO DEL PERU";"I-4";"00024638";"MILITAR PICHARI";"241200";"HOSPITALIZACIÓN QUIRÚRGICA TRAUMATOLOGÍA Y ORTOPEDIA ";"1";"1";"4";"1";"1";"5";"0"
"2023";"09";"080910";"CUSCO";"LA CONVENCION";"PICHARI";"SANIDAD DEL EJERCITO DEL PERU";"I-4";"00024638";"MILITAR PICHARI";"240100";"HOSPITALIZACIÓN QUIRÚRGICA CIRUGÍA GENERAL ";"2";"2";"10";"2";"2";"5";"0"
"2023";"09";"150701";"LIMA";"HUAROCHIRI";"MATUCANA";"GOBIERNO REGIONAL";"II-1";"00005850";"HOSPITAL SAN JUAN DE MATUCANA";"241600";"HOSPITALIZACIÓN QUIRÚRGICA OBSTETRICIA   ";"6";"6";"8";"9";"4";"120";"0"
"2023";"09";"150701";"LIMA";"HUAROCHIRI";"MATUCANA";"GOBIERNO REGIONAL";"II-1";"00005850";"HOSPITAL SAN JUAN DE MATUCANA";"241800";"HOSPITALIZACIÓN DE MEDICINA MEDICINA GENERAL ";"1";"1";"1";"1";"3";"90";"0"
"2023";"09";"150701";"LIMA";"HUAROCHIRI";"MATUCANA";"GOBIERNO REGIONAL";"II-1";"00005850";"HOSPITAL SAN JUAN DE MATUCANA";"242500";"HOSPITALIZACIÓN-PEDIATRÍA GENERAL-";"1";"1";"1";"1";"2";"60";"0"
"2023";"09";"140101";"LAMBAYEQUE";"CHICLAYO";"CHICLAYO";"GOBIERNO REGIONAL";"III-1";"00011470";"HOSPITAL REGIONAL LAMBAYEQUE";"240000";"HOSPITALIZACIÓN";"524";"424";"1673";"2661";"101";"3030";"12"
"2023";"09";"140101";"LAMBAYEQUE";"CHICLAYO";"CHICLAYO";"GOBIERNO REGIONAL";"III-1";"00011470";"HOSPITAL REGIONAL LAMBAYEQUE";"242300";"HOSPITALIZACIÓN DE PEDIATRÍA  PEDIATRÍA  GENERAL ";"90";"89";"504";"561";"24";"720";"3"
"2023";"09";"140101";"LAMBAYEQUE";"CHICLAYO";"CHICLAYO";"GOBIERNO REGIONAL";"III-1";"00011470";"HOSPITAL REGIONAL LAMBAYEQUE";"243200";"HOSPITALIZACIÓN DE PEDIATRÍA PEDIATRIA NEONATOLOGÍA";"128";"49";"128";"616";"24";"720";"0"
"2023";"09";"140101";"LAMBAYEQUE";"CHICLAYO";"CHICLAYO";"GOBIERNO REGIONAL";"III-1";"00011470";"HOSPITAL REGIONAL LAMBAYEQUE";"250100";"UNIDAD DE CUIDADOS CRITICOS UNIDAD  DE CUIDADOS INTENSIVOS GENERALES (UCI) ";"16";"2";"26";"194";"8";"240";"2"
"2023";"09";"140101";"LAMBAYEQUE";"CHICLAYO";"CHICLAYO";"GOBIERNO REGIONAL";"III-1";"00011470";"HOSPITAL REGIONAL LAMBAYEQUE";"250200";"UNIDAD DE CUIDADOS CRITICOS UNIDAD DE CUIDADOS INTERMEDIOS GENERAL  (UCIN) ";"12";"3";"19";"249";"10";"300";"3"
"2023";"09";"140101";"LAMBAYEQUE";"CHICLAYO";"CHICLAYO";"GOBIERNO REGIONAL";"III-1";"00011470";"HOSPITAL REGIONAL LAMBAYEQUE";"250105";"UNIDAD DE CUIDADOS CRITICOS UNIDAD  DE CUIDADOS INTENSIVOS  (UCI) NEONATOLOGÍA";"17";"2";"92";"174";"6";"180";"2"
"2023";"09";"140101";"LAMBAYEQUE";"CHICLAYO";"CHICLAYO";"GOBIERNO REGIONAL";"III-1";"00011470";"HOSPITAL REGIONAL LAMBAYEQUE";"250108";"UNIDAD DE CUIDADOS CRITICOS UNIDAD  DE CUIDADOS INTENSIVOS  (UCI) PEDIÁTRICA";"13";"1";"4";"113";"4";"120";"1"
"2023";"10";"220101";"SAN MARTIN";"MOYOBAMBA";"MOYOBAMBA";"GOBIERNO REGIONAL";"I-3";"00031275";"CENTRO DE SALUD MENTAL COMUNITARIO MOYOBAMBA";"NE_0001";"";"NE_0001";"NE_0001";"NE_0001";"NE_0001";"NE_0001";"NE_0001";"NE_0001"
"2023";"10";"060807";"CAJAMARCA";"JAEN";"POMAHUACA";"GOBIERNO REGIONAL";"I-1";"00016134";"COLAGUAY";"NE_0001";"";"NE_0001";"NE_0001";"NE_0001";"NE_0001";"NE_0001";"NE_0001";"NE_0001"
"2023";"10";"060807";"CAJAMARCA";"JAEN";"POMAHUACA";"GOBIERNO REGIONAL";"I-1";"00027935";"TAYAS";"NE_0001";"";"NE_0001";"NE_0001";"NE_0001";"NE_0001";"NE_0001";"NE_0001";"NE_0001"
"2023";"10";"060807";"CAJAMARCA";"JAEN";"POMAHUACA";"GOBIERNO REGIONAL";"I-3";"00004247";"POMAHUACA";"NE_0001";"";"NE_0001";"NE_0001";"NE_0001";"NE_0001";"NE_0001";"NE_0001";"NE_0001"
"2023";"10";"060807";"CAJAMARCA";"JAEN";"POMAHUACA";"GOBIERNO REGIONAL";"I-1";"00016139";"YAMBOLON";"NE_0001";"";"NE_0001";"NE_0001";"NE_0001";"NE_0001";"NE_0001";"NE_0001";"NE_0001"
"2023";"10";"060807";"CAJAMARCA";"JAEN";"POMAHUACA";"GOBIERNO REGIONAL";"I-1";"00007166";"MANGAYPA";"NE_0001";"";"NE_0001";"NE_0001";"NE_0001";"NE_0001";"NE_0001";"NE_0001";"NE_0001"
"2023";"10";"220801";"SAN MARTIN";"RIOJA";"RIOJA";"GOBIERNO REGIONAL";"I-1";"00006271";"PUESTO DE SALUD MASHUYACU";"NE_0002";"";"NE_0002";"NE_0002";"NE_0002";"NE_0002";"NE_0002";"NE_0002";"NE_0002"
"2023";"10";"220801";"SAN MARTIN";"RIOJA";"RIOJA";"GOBIERNO REGIONAL";"I-1";"00006273";"PUESTO DE SALUD TAMBO";"NE_0002";"";"NE_0002";"NE_0002";"NE_0002";"NE_0002";"NE_0002";"NE_0002";"NE_0002"
"2023";"10";"150113";"LIMA";"LIMA";"JESUS MARIA";"PRIVADO";"II-E";"00009982";"CLINICA REPROMEDIC";"240000";"HOSPITALIZACIÓN";"155";"155";"315";"319";"10";"320";"0"
"2023";"09";"040203";"AREQUIPA";"CAMANA";"MARIANO NICOLAS VALCARCEL";"GOBIERNO REGIONAL";"I-2";"00001366";"LA EUGENIA";"NE_0001";"";"NE_0001";"NE_0001";"NE_0001";"NE_0001";"NE_0001";"NE_0001";"NE_0001"
"2023";"09";"040206";"AREQUIPA";"CAMANA";"OCOÑA";"GOBIERNO REGIONAL";"I-1";"00001364";"PESCADORES";"NE_0001";"";"NE_0001";"NE_0001";"NE_0001";"NE_0001";"NE_0001";"NE_0001";"NE_0001"
"2023";"09";"040206";"AREQUIPA";"CAMANA";"OCOÑA";"GOBIERNO REGIONAL";"I-2";"00001363";"LA PLANCHADA";"NE_0001";"";"NE_0001";"NE_0001";"NE_0001";"NE_0001";"NE_0001";"NE_0001";"NE_0001"
"2023";"09";"040206";"AREQUIPA";"CAMANA";"OCOÑA";"GOBIERNO REGIONAL";"I-3";"00001348";"CENTRO DE SALUD OCOÑA";"NE_0001";"";"NE_0001";"NE_0001";"NE_0001";"NE_0001";"NE_0001";"NE_0001";"NE_0001"
"2023";"10";"110101";"ICA";"ICA";"ICA";"PRIVADO";"II-E";"00009627";"SAN MARTIN";"240000";"HOSPITALIZACIÓN";"3";"3";"9";"20";"6";"180";"0"
"2023";"10";"130101";"LA LIBERTAD";"TRUJILLO";"TRUJILLO";"PRIVADO";"II-E";"00021508";"SMQ QUIRUMEDIC SAC";"240000";"HOSPITALIZACIÓN";"195";"192";"192";"192";"15";"390";"0"
"2023";"10";"150108";"LIMA";"LIMA";"CHORRILLOS";"PRIVADO";"II-E";"00019839";"CLINICA SANTA LEONOR";"240000";"HOSPITALIZACIÓN";"37";"36";"64";"65";"5";"155";"0"
"2023";"10";"150113";"LIMA";"LIMA";"JESUS MARIA";"PRIVADO";"II-E";"00009089";"ONCOGYN CLINICA INTEGRAL";"241400";"HOSPITALIZACIÓN QUIRÚRGICA GINECO - OBSTETRICIA ";"2";"2";"2";"2";"4";"124";"0"
"2023";"10";"150117";"LIMA";"LIMA";"LOS OLIVOS";"PRIVADO";"II-E";"00017847";"CLINICA DEL NORTE";"241400";"HOSPITALIZACIÓN QUIRÚRGICA GINECO - OBSTETRICIA ";"17";"22";"32";"16";"5";"115";"0"
"2023";"10";"030601";"APURIMAC";"CHINCHEROS";"CHINCHEROS";"GOBIERNO REGIONAL";"II-1";"00004140";"HOSPITAL CHINCHEROS";"240100";"HOSPITALIZACIÓN QUIRÚRGICA CIRUGÍA GENERAL ";"8";"8";"15";"19";"7";"217";"0"
"2023";"10";"030601";"APURIMAC";"CHINCHEROS";"CHINCHEROS";"GOBIERNO REGIONAL";"II-1";"00004140";"HOSPITAL CHINCHEROS";"241600";"HOSPITALIZACIÓN QUIRÚRGICA OBSTETRICIA   ";"2";"2";"2";"2";"10";"310";"0"
"2023";"10";"030601";"APURIMAC";"CHINCHEROS";"CHINCHEROS";"GOBIERNO REGIONAL";"II-1";"00004140";"HOSPITAL CHINCHEROS";"241800";"HOSPITALIZACIÓN DE MEDICINA MEDICINA GENERAL ";"29";"30";"105";"117";"10";"310";"0"
"2023";"10";"030601";"APURIMAC";"CHINCHEROS";"CHINCHEROS";"GOBIERNO REGIONAL";"II-1";"00004140";"HOSPITAL CHINCHEROS";"242204";"HOSPITALIZACIÓN DE MEDICINA PSIQUIATRÍA REHABILITACIÓN PSIQUIÁTRICA / REINSERCIÓN ";"5";"7";"56";"17";"10";"310";"0"
"2023";"10";"030601";"APURIMAC";"CHINCHEROS";"CHINCHEROS";"GOBIERNO REGIONAL";"II-1";"00004140";"HOSPITAL CHINCHEROS";"242500";"HOSPITALIZACIÓN-PEDIATRÍA GENERAL-";"4";"5";"14";"13";"3";"93";"0"
"2023";"10";"220401";"SAN MARTIN";"HUALLAGA";"SAPOSOA";"GOBIERNO REGIONAL";"I-1";"00006531";"ALMENDRAS";"NE_0001";"";"NE_0001";"NE_0001";"NE_0001";"NE_0001";"NE_0001";"NE_0001";"NE_0001"
"2023";"10";"220404";"SAN MARTIN";"HUALLAGA";"PISCOYACU";"GOBIERNO REGIONAL";"I-1";"00006533";"PISCOYACU";"NE_0001";"";"NE_0001";"NE_0001";"NE_0001";"NE_0001";"NE_0001";"NE_0001";"NE_0001"
"2023";"10";"220401";"SAN MARTIN";"HUALLAGA";"SAPOSOA";"GOBIERNO REGIONAL";"I-1";"00021587";"ALTO PACHIZA";"NE_0001";"";"NE_0001";"NE_0001";"NE_0001";"NE_0001";"NE_0001";"NE_0001";"NE_0001"
"2023";"10";"220401";"SAN MARTIN";"HUALLAGA";"SAPOSOA";"GOBIERNO REGIONAL";"I-1";"00006532";"PALTAICO";"NE_0001";"";"NE_0001";"NE_0001";"NE_0001";"NE_0001";"NE_0001";"NE_0001";"NE_0001"
"2023";"10";"220401";"SAN MARTIN";"HUALLAGA";"SAPOSOA";"GOBIERNO REGIONAL";"I-1";"00006530";"7 DE JUNIO-AHUIHUA";"NE_0001";"";"NE_0001";"NE_0001";"NE_0001";"NE_0001";"NE_0001";"NE_0001";"NE_0001"
"2023";"10";"220402";"SAN MARTIN";"HUALLAGA";"ALTO SAPOSOA";"GOBIERNO REGIONAL";"I-1";"00006541";"YACUSISA";"NE_0001";"";"NE_0001";"NE_0001";"NE_0001";"NE_0001";"NE_0001";"NE_0001";"NE_0001"
"2023";"10";"220401";"SAN MARTIN";"HUALLAGA";"SAPOSOA";"GOBIERNO REGIONAL";"I-3";"00006538";"EL DORADO";"241600";"HOSPITALIZACIÓN QUIRÚRGICA OBSTETRICIA   ";"1";"1";"1";"3";"4";"30";"0"
"2023";"10";"220401";"SAN MARTIN";"HUALLAGA";"SAPOSOA";"GOBIERNO REGIONAL";"I-1";"00006535";"SAN REGIS";"NE_0001";"";"NE_0001";"NE_0001";"NE_0001";"NE_0001";"NE_0001";"NE_0001";"NE_0001"
"2023";"10";"220401";"SAN MARTIN";"HUALLAGA";"SAPOSOA";"GOBIERNO REGIONAL";"I-1";"00006536";"INTIYACU";"NE_0001";"";"NE_0001";"NE_0001";"NE_0001";"NE_0001";"NE_0001";"NE_0001";"NE_0001"
"2023";"10";"220401";"SAN MARTIN";"HUALLAGA";"SAPOSOA";"GOBIERNO REGIONAL";"I-1";"00006537";"CHAMBIRA";"NE_0001";"";"NE_0001";"NE_0001";"NE_0001";"NE_0001";"NE_0001";"NE_0001";"NE_0001"
"2023";"10";"220402";"SAN MARTIN";"HUALLAGA";"ALTO SAPOSOA";"GOBIERNO REGIONAL";"I-2";"00006539";"PASARRAYA";"NE_0001";"";"NE_0001";"NE_0001";"NE_0001";"NE_0001";"NE_0001";"NE_0001";"NE_0001"
"2023";"10";"220401";"SAN MARTIN";"HUALLAGA";"SAPOSOA";"GOBIERNO REGIONAL";"I-1";"00026163";"AGUA AZUL";"NE_0001";"";"NE_0001";"NE_0001";"NE_0001";"NE_0001";"NE_0001";"NE_0001";"NE_0001"
"2023";"10";"220401";"SAN MARTIN";"HUALLAGA";"SAPOSOA";"GOBIERNO REGIONAL";"I-1";"00006534";"SAN ANDRES";"NE_0001";"";"NE_0001";"NE_0001";"NE_0001";"NE_0001";"NE_0001";"NE_0001";"NE_0001"
"2023";"10";"220402";"SAN MARTIN";"HUALLAGA";"ALTO SAPOSOA";"GOBIERNO REGIONAL";"I-1";"00006540";"NUEVA VIDA";"NE_0001";"";"NE_0001";"NE_0001";"NE_0001";"NE_0001";"NE_0001";"NE_0001";"NE_0001"
"2023";"10";"220401";"SAN MARTIN";"HUALLAGA";"SAPOSOA";"GOBIERNO REGIONAL";"I-1";"00006531";"ALMENDRAS";"NE_0001";"";"NE_0001";"NE_0001";"NE_0001";"NE_0001";"NE_0001";"NE_0001";"NE_0001"
"2023";"10";"220404";"SAN MARTIN";"HUALLAGA";"PISCOYACU";"GOBIERNO REGIONAL";"I-1";"00006533";"PISCOYACU";"NE_0001";"";"NE_0001";"NE_0001";"NE_0001";"NE_0001";"NE_0001";"NE_0001";"NE_0001"
"2023";"10";"220401";"SAN MARTIN";"HUALLAGA";"SAPOSOA";"GOBIERNO REGIONAL";"I-1";"00021587";"ALTO PACHIZA";"NE_0001";"";"NE_0001";"NE_0001";"NE_0001";"NE_0001";"NE_0001";"NE_0001";"NE_0001"
"2023";"10";"220401";"SAN MARTIN";"HUALLAGA";"SAPOSOA";"GOBIERNO REGIONAL";"I-1";"00006532";"PALTAICO";"NE_0001";"";"NE_0001";"NE_0001";"NE_0001";"NE_0001";"NE_0001";"NE_0001";"NE_0001"
"2023";"10";"220401";"SAN MARTIN";"HUALLAGA";"SAPOSOA";"GOBIERNO REGIONAL";"I-1";"00006530";"7 DE JUNIO-AHUIHUA";"NE_0001";"";"NE_0001";"NE_0001";"NE_0001";"NE_0001";"NE_0001";"NE_0001";"NE_0001"
"2023";"10";"220402";"SAN MARTIN";"HUALLAGA";"ALTO SAPOSOA";"GOBIERNO REGIONAL";"I-1";"00006541";"YACUSISA";"NE_0001";"";"NE_0001";"NE_0001";"NE_0001";"NE_0001";"NE_0001";"NE_0001";"NE_0001"
"2023";"10";"220401";"SAN MARTIN";"HUALLAGA";"SAPOSOA";"GOBIERNO REGIONAL";"I-3";"00006538";"EL DORADO";"241600";"HOSPITALIZACIÓN QUIRÚRGICA OBSTETRICIA   ";"1";"1";"1";"3";"4";"30";"0"
"2023";"10";"220401";"SAN MARTIN";"HUALLAGA";"SAPOSOA";"GOBIERNO REGIONAL";"I-1";"00006535";"SAN REGIS";"NE_0001";"";"NE_0001";"NE_0001";"NE_0001";"NE_0001";"NE_0001";"NE_0001";"NE_0001"
"2023";"10";"220401";"SAN MARTIN";"HUALLAGA";"SAPOSOA";"GOBIERNO REGIONAL";"I-1";"00006536";"INTIYACU";"NE_0001";"";"NE_0001";"NE_0001";"NE_0001";"NE_0001";"NE_0001";"NE_0001";"NE_0001"
"2023";"10";"220401";"SAN MARTIN";"HUALLAGA";"SAPOSOA";"GOBIERNO REGIONAL";"I-1";"00006537";"CHAMBIRA";"NE_0001";"";"NE_0001";"NE_0001";"NE_0001";"NE_0001";"NE_0001";"NE_0001";"NE_0001"
"2023";"10";"220402";"SAN MARTIN";"HUALLAGA";"ALTO SAPOSOA";"GOBIERNO REGIONAL";"I-2";"00006539";"PASARRAYA";"NE_0001";"";"NE_0001";"NE_0001";"NE_0001";"NE_0001";"NE_0001";"NE_0001";"NE_0001"
"2023";"10";"220401";"SAN MARTIN";"HUALLAGA";"SAPOSOA";"GOBIERNO REGIONAL";"I-1";"00026163";"AGUA AZUL";"NE_0001";"";"NE_0001";"NE_0001";"NE_0001";"NE_0001";"NE_0001";"NE_0001";"NE_0001"
"2023";"10";"220401";"SAN MARTIN";"HUALLAGA";"SAPOSOA";"GOBIERNO REGIONAL";"I-1";"00006534";"SAN ANDRES";"NE_0001";"";"NE_0001";"NE_0001";"NE_0001";"NE_0001";"NE_0001";"NE_0001";"NE_0001"
"2023";"10";"220402";"SAN MARTIN";"HUALLAGA";"ALTO SAPOSOA";"GOBIERNO REGIONAL";"I-1";"00006540";"NUEVA VIDA";"NE_0001";"";"NE_0001";"NE_0001";"NE_0001";"NE_0001";"NE_0001";"NE_0001";"NE_0001"
"2023";"10";"220401";"SAN MARTIN";"HUALLAGA";"SAPOSOA";"GOBIERNO REGIONAL";"I-1";"00006531";"ALMENDRAS";"NE_0001";"";"NE_0001";"NE_0001";"NE_0001";"NE_0001";"NE_0001";"NE_0001";"NE_0001"
"2023";"10";"220404";"SAN MARTIN";"HUALLAGA";"PISCOYACU";"GOBIERNO REGIONAL";"I-1";"00006533";"PISCOYACU";"NE_0001";"";"NE_0001";"NE_0001";"NE_0001";"NE_0001";"NE_0001";"NE_0001";"NE_0001"
"2023";"10";"220401";"SAN MARTIN";"HUALLAGA";"SAPOSOA";"GOBIERNO REGIONAL";"I-1";"00021587";"ALTO PACHIZA";"NE_0001";"";"NE_0001";"NE_0001";"NE_0001";"NE_0001";"NE_0001";"NE_0001";"NE_0001"
"2023";"10";"220401";"SAN MARTIN";"HUALLAGA";"SAPOSOA";"GOBIERNO REGIONAL";"I-1";"00006532";"PALTAICO";"NE_0001";"";"NE_0001";"NE_0001";"NE_0001";"NE_0001";"NE_0001";"NE_0001";"NE_0001"
"2023";"10";"220401";"SAN MARTIN";"HUALLAGA";"SAPOSOA";"GOBIERNO REGIONAL";"I-1";"00006530";"7 DE JUNIO-AHUIHUA";"NE_0001";"";"NE_0001";"NE_0001";"NE_0001";"NE_0001";"NE_0001";"NE_0001";"NE_0001"
"2023";"10";"220402";"SAN MARTIN";"HUALLAGA";"ALTO SAPOSOA";"GOBIERNO REGIONAL";"I-1";"00006541";"YACUSISA";"NE_0001";"";"NE_0001";"NE_0001";"NE_0001";"NE_0001";"NE_0001";"NE_0001";"NE_0001"
"2023";"10";"220401";"SAN MARTIN";"HUALLAGA";"SAPOSOA";"GOBIERNO REGIONAL";"I-3";"00006538";"EL DORADO";"241600";"HOSPITALIZACIÓN QUIRÚRGICA OBSTETRICIA   ";"1";"1";"1";"3";"4";"30";"0"
"2023";"10";"220401";"SAN MARTIN";"HUALLAGA";"SAPOSOA";"GOBIERNO REGIONAL";"I-1";"00006535";"SAN REGIS";"NE_0001";"";"NE_0001";"NE_0001";"NE_0001";"NE_0001";"NE_0001";"NE_0001";"NE_0001"
"2023";"10";"220401";"SAN MARTIN";"HUALLAGA";"SAPOSOA";"GOBIERNO REGIONAL";"I-1";"00006536";"INTIYACU";"NE_0001";"";"NE_0001";"NE_0001";"NE_0001";"NE_0001";"NE_0001";"NE_0001";"NE_0001"
"2023";"10";"220401";"SAN MARTIN";"HUALLAGA";"SAPOSOA";"GOBIERNO REGIONAL";"I-1";"00006537";"CHAMBIRA";"NE_0001";"";"NE_0001";"NE_0001";"NE_0001";"NE_0001";"NE_0001";"NE_0001";"NE_0001"
"2023";"10";"220402";"SAN MARTIN";"HUALLAGA";"ALTO SAPOSOA";"GOBIERNO REGIONAL";"I-2";"00006539";"PASARRAYA";"NE_0001";"";"NE_0001";"NE_0001";"NE_0001";"NE_0001";"NE_0001";"NE_0001";"NE_0001"
"2023";"10";"220401";"SAN MARTIN";"HUALLAGA";"SAPOSOA";"GOBIERNO REGIONAL";"I-1";"00026163";"AGUA AZUL";"NE_0001";"";"NE_0001";"NE_0001";"NE_0001";"NE_0001";"NE_0001";"NE_0001";"NE_0001"
"2023";"10";"220401";"SAN MARTIN";"HUALLAGA";"SAPOSOA";"GOBIERNO REGIONAL";"I-1";"00006534";"SAN ANDRES";"NE_0001";"";"NE_0001";"NE_0001";"NE_0001";"NE_0001";"NE_0001";"NE_0001";"NE_0001"
"2023";"10";"220402";"SAN MARTIN";"HUALLAGA";"ALTO SAPOSOA";"GOBIERNO REGIONAL";"I-1";"00006540";"NUEVA VIDA";"NE_0001";"";"NE_0001";"NE_0001";"NE_0001";"NE_0001";"NE_0001";"NE_0001";"NE_0001"
"2023";"09";"220505";"SAN MARTIN";"LAMAS";"CUÑUMBUQUI";"GOBIERNO REGIONAL";"I-1";"00006378";"MAMONAQUIHUA";"NE_0002";"";"NE_0002";"NE_0002";"NE_0002";"NE_0002";"NE_0002";"NE_0002";"NE_0002"
"2023";"09";"040208";"AREQUIPA";"CAMANA";"SAMUEL PASTOR";"ESSALUD";"I-4";"00011009";"HOSPITAL I SAMUEL PASTOR DE CAMANA ESSALUD";"241800";"HOSPITALIZACIÓN DE MEDICINA MEDICINA GENERAL ";"32";"27";"139";"151";"5";"150";"0"
"2023";"09";"040208";"AREQUIPA";"CAMANA";"SAMUEL PASTOR";"ESSALUD";"I-4";"00011009";"HOSPITAL I SAMUEL PASTOR DE CAMANA ESSALUD";"240100";"HOSPITALIZACIÓN QUIRÚRGICA CIRUGÍA GENERAL ";"11";"10";"22";"26";"1";"30";"0"
"2023";"09";"040208";"AREQUIPA";"CAMANA";"SAMUEL PASTOR";"ESSALUD";"I-4";"00011009";"HOSPITAL I SAMUEL PASTOR DE CAMANA ESSALUD";"241500";"HOSPITALIZACIÓN QUIRÚRGICA GINECOLOGÍA  ";"10";"10";"19";"19";"1";"30";"0"
"2023";"09";"040208";"AREQUIPA";"CAMANA";"SAMUEL PASTOR";"ESSALUD";"I-4";"00011009";"HOSPITAL I SAMUEL PASTOR DE CAMANA ESSALUD";"241600";"HOSPITALIZACIÓN QUIRÚRGICA OBSTETRICIA   ";"2";"2";"2";"2";"1";"30";"0"
"2023";"10";"150101";"LIMA";"LIMA";"LIMA";"SANIDAD DE LA POLICIA NACIONAL DEL PERU";"I-3";"00017391";"POLICLINICO COIP";"NE_0001";"";"NE_0001";"NE_0001";"NE_0001";"NE_0001";"NE_0001";"NE_0001";"NE_0001"
"2023";"10";"070106";"CALLAO";"CALLAO";"VENTANILLA";"SANIDAD DE LA POLICIA NACIONAL DEL PERU";"I-2";"00010573";"POSTA MEDICA POLICIAL VENTANILLA";"NE_0001";"";"NE_0001";"NE_0001";"NE_0001";"NE_0001";"NE_0001";"NE_0001";"NE_0001"
"2023";"10";"150106";"LIMA";"LIMA";"CARABAYLLO";"SANIDAD DE LA POLICIA NACIONAL DEL PERU";"I-3";"00012664";"POLICLÌNICO  DE LA  POLICÍA  NACIONAL DEL PERÙ CARABAYLLO - DEFENSORES DE LA DEMOCRACIA ";"NE_0001";"";"NE_0001";"NE_0001";"NE_0001";"NE_0001";"NE_0001";"NE_0001";"NE_0001"
"2023";"10";"220901";"SAN MARTIN";"SAN MARTIN";"TARAPOTO";"SANIDAD DE LA POLICIA NACIONAL DEL PERU";"I-3";"00020827";"POLICLINICO  PNP TARAPOTO";"NE_0001";"";"NE_0001";"NE_0001";"NE_0001";"NE_0001";"NE_0001";"NE_0001";"NE_0001"
"2023";"10";"160101";"LORETO";"MAYNAS";"IQUITOS";"ESSALUD";"I-3";"00011408";"CAP III IQUITOS";"NE_0001";"";"NE_0001";"NE_0001";"NE_0001";"NE_0001";"NE_0001";"NE_0001";"NE_0001"
"2023";"09";"040702";"AREQUIPA";"ISLAY";"COCACHACRA";"ESSALUD";"I-2";"00026367";"POSTA MEDICA CHUCARAPI";"NE_0001";"";"NE_0001";"NE_0001";"NE_0001";"NE_0001";"NE_0001";"NE_0001";"NE_0001"
"2023";"10";"130101";"LA LIBERTAD";"TRUJILLO";"TRUJILLO";"SANIDAD DE LA POLICIA NACIONAL DEL PERU";"I-3";"00011154";"SANIDAD DE LA PNP - TRUJILLO";"NE_0001";"";"NE_0001";"NE_0001";"NE_0001";"NE_0001";"NE_0001";"NE_0001";"NE_0001"
"2023";"10";"150113";"LIMA";"LIMA";"JESUS MARIA";"ESSALUD";"0";"00016488";"CENTRO NACIONAL DE SALUD RENAL - ESSALUD";"NE_0001";"";"NE_0001";"NE_0001";"NE_0001";"NE_0001";"NE_0001";"NE_0001";"NE_0001"
"2023";"10";"050509";"AYACUCHO";"LA MAR";"SAMUGARI";"SANIDAD DE LA POLICIA NACIONAL DEL PERU";"I-2";"00027203";"PUESTO DE SALUD PNP PALMAPAMPA";"NE_0002";"";"NE_0002";"NE_0002";"NE_0002";"NE_0002";"NE_0002";"NE_0002";"NE_0002"
"2023";"10";"120212";"JUNIN";"CONCEPCION";"NUEVE DE JULIO";"GOBIERNO REGIONAL";"I-1";"00000690";"NUEVE DE JULIO";"NE_0001";"";"NE_0001";"NE_0001";"NE_0001";"NE_0001";"NE_0001";"NE_0001";"NE_0001"
"2023";"10";"120202";"JUNIN";"CONCEPCION";"ACO";"GOBIERNO REGIONAL";"I-2";"00000745";"ACO";"NE_0001";"";"NE_0001";"NE_0001";"NE_0001";"NE_0001";"NE_0001";"NE_0001";"NE_0001"
"2023";"10";"120211";"JUNIN";"CONCEPCION";"MITO";"GOBIERNO REGIONAL";"I-1";"00000749";"SAN LUIS YAICO";"NE_0001";"";"NE_0001";"NE_0001";"NE_0001";"NE_0001";"NE_0001";"NE_0001";"NE_0001"
"2023";"10";"120122";"JUNIN";"HUANCAYO";"INGENIO";"GOBIERNO REGIONAL";"I-1";"00000664";"CASACANCHA";"NE_0001";"";"NE_0001";"NE_0001";"NE_0001";"NE_0001";"NE_0001";"NE_0001";"NE_0001"
"2023";"10";"120201";"JUNIN";"CONCEPCION";"CONCEPCION";"GOBIERNO REGIONAL";"I-4";"00000671";"DAVID GUERRERO DUARTE";"NE_0001";"";"NE_0001";"NE_0001";"NE_0001";"NE_0001";"NE_0001";"NE_0001";"NE_0001"
"2023";"10";"120210";"JUNIN";"CONCEPCION";"MATAHUASI";"GOBIERNO REGIONAL";"I-3";"00000687";"MATAHUASI";"NE_0001";"";"NE_0001";"NE_0001";"NE_0001";"NE_0001";"NE_0001";"NE_0001";"NE_0001"
"2023";"10";"120211";"JUNIN";"CONCEPCION";"MITO";"GOBIERNO REGIONAL";"I-1";"00000750";"MATAHULO";"NE_0001";"";"NE_0001";"NE_0001";"NE_0001";"NE_0001";"NE_0001";"NE_0001";"NE_0001"
"2023";"10";"120202";"JUNIN";"CONCEPCION";"ACO";"GOBIERNO REGIONAL";"I-1";"00000747";"QUICHA GRANDE";"NE_0001";"";"NE_0001";"NE_0001";"NE_0001";"NE_0001";"NE_0001";"NE_0001";"NE_0001"
"2023";"10";"120213";"JUNIN";"CONCEPCION";"ORCOTUNA";"GOBIERNO REGIONAL";"I-1";"00000752";"VICSO";"NE_0001";"";"NE_0001";"NE_0001";"NE_0001";"NE_0001";"NE_0001";"NE_0001";"NE_0001"
"2023";"10";"120207";"JUNIN";"CONCEPCION";"HEROINAS TOLEDO";"GOBIERNO REGIONAL";"I-1";"00000685";"HEROINAS TOLEDO";"NE_0001";"";"NE_0001";"NE_0001";"NE_0001";"NE_0001";"NE_0001";"NE_0001";"NE_0001"
"2023";"10";"120215";"JUNIN";"CONCEPCION";"SANTA ROSA DE OCOPA";"GOBIERNO REGIONAL";"I-1";"00000692";"HUANCHAR";"NE_0001";"";"NE_0001";"NE_0001";"NE_0001";"NE_0001";"NE_0001";"NE_0001";"NE_0001"
"2023";"10";"120127";"JUNIN";"HUANCAYO";"QUICHUAY";"GOBIERNO REGIONAL";"I-2";"00000665";"QUICHUAY";"NE_0001";"";"NE_0001";"NE_0001";"NE_0001";"NE_0001";"NE_0001";"NE_0001";"NE_0001"
"2023";"10";"120210";"JUNIN";"CONCEPCION";"MATAHUASI";"GOBIERNO REGIONAL";"I-1";"00000688";"MARAVILCA";"NE_0001";"";"NE_0001";"NE_0001";"NE_0001";"NE_0001";"NE_0001";"NE_0001";"NE_0001"
"2023";"10";"120210";"JUNIN";"CONCEPCION";"MATAHUASI";"GOBIERNO REGIONAL";"I-1";"00000689";"YANAMUCLO";"NE_0001";"";"NE_0001";"NE_0001";"NE_0001";"NE_0001";"NE_0001";"NE_0001";"NE_0001"
"2023";"10";"120215";"JUNIN";"CONCEPCION";"SANTA ROSA DE OCOPA";"GOBIERNO REGIONAL";"I-3";"00000691";"SANTA ROSA DE OCOPA";"NE_0001";"";"NE_0001";"NE_0001";"NE_0001";"NE_0001";"NE_0001";"NE_0001";"NE_0001"
"2023";"10";"150140";"LIMA";"LIMA";"SANTIAGO DE SURCO";"PRIVADO";"II-2";"00015118";"CLINICA MAISON DE SANTE DEL ESTE";"240000";"HOSPITALIZACIÓN";"120";"107";"570";"550";"31";"961";"2"
"2023";"10";"150140";"LIMA";"LIMA";"SANTIAGO DE SURCO";"PRIVADO";"II-2";"00015118";"CLINICA MAISON DE SANTE DEL ESTE";"241400";"HOSPITALIZACIÓN QUIRÚRGICA GINECO - OBSTETRICIA ";"29";"27";"58";"66";"4";"124";"0"
"2023";"10";"150140";"LIMA";"LIMA";"SANTIAGO DE SURCO";"PRIVADO";"II-2";"00015118";"CLINICA MAISON DE SANTE DEL ESTE";"250100";"UNIDAD DE CUIDADOS CRITICOS UNIDAD  DE CUIDADOS INTENSIVOS GENERALES (UCI) ";"10";"7";"50";"43";"4";"124";"0"
"2023";"10";"150140";"LIMA";"LIMA";"SANTIAGO DE SURCO";"PRIVADO";"II-2";"00015118";"CLINICA MAISON DE SANTE DEL ESTE";"250105";"UNIDAD DE CUIDADOS CRITICOS UNIDAD  DE CUIDADOS INTENSIVOS  (UCI) NEONATOLOGÍA";"5";"5";"37";"56";"4";"124";"0"
"2023";"10";"060808";"CAJAMARCA";"JAEN";"PUCARA";"GOBIERNO REGIONAL";"I-4";"00004249";"PUCARA";"241800";"HOSPITALIZACIÓN DE MEDICINA MEDICINA GENERAL ";"NE_0002";"NE_0002";"NE_0002";"NE_0002";"08";"NE_0002";"0"
"2023";"10";"060808";"CAJAMARCA";"JAEN";"PUCARA";"GOBIERNO REGIONAL";"I-4";"00004249";"PUCARA";"241600";"HOSPITALIZACIÓN QUIRÚRGICA OBSTETRICIA   ";"11";"11";"13";"11";"04";"44";"0"
"2023";"10";"210101";"PUNO";"PUNO";"PUNO";"GOBIERNO REGIONAL";"I-4";"00003254";"JOSE ANTONIO ENCINAS";"241600";"HOSPITALIZACIÓN QUIRÚRGICA OBSTETRICIA   ";"12";"12";"16";"272";"5";"155";"0"
"2023";"10";"070101";"CALLAO";"CALLAO";"CALLAO";"GOBIERNO REGIONAL";"I-3";"00006239";"C.S. SESQUICENTENARIO";"NE_0001";"";"NE_0001";"NE_0001";"NE_0001";"NE_0001";"NE_0001";"NE_0001";"NE_0001"
"2023";"10";"070101";"CALLAO";"CALLAO";"CALLAO";"GOBIERNO REGIONAL";"I-2";"00006240";"PUESTO DE SALUD PREVI";"NE_0001";"";"NE_0001";"NE_0001";"NE_0001";"NE_0001";"NE_0001";"NE_0001";"NE_0001"
"2023";"10";"070101";"CALLAO";"CALLAO";"CALLAO";"GOBIERNO REGIONAL";"I-2";"00006245";"PUESTO DE SALUD BOCANEGRA";"NE_0001";"";"NE_0001";"NE_0001";"NE_0001";"NE_0001";"NE_0001";"NE_0001";"NE_0001"
"2023";"10";"070101";"CALLAO";"CALLAO";"CALLAO";"GOBIERNO REGIONAL";"I-2";"00006246";"PUESTO DE SALUD EL ÁLAMO";"NE_0001";"";"NE_0001";"NE_0001";"NE_0001";"NE_0001";"NE_0001";"NE_0001";"NE_0001"
"2023";"10";"220805";"SAN MARTIN";"RIOJA";"PARDO MIGUEL";"GOBIERNO REGIONAL";"I-1";"00006309";"TUMBARO";"NE_0001";"";"NE_0001";"NE_0001";"NE_0001";"NE_0001";"NE_0001";"NE_0001";"NE_0001"
"2023";"10";"220805";"SAN MARTIN";"RIOJA";"PARDO MIGUEL";"GOBIERNO REGIONAL";"I-2";"00006304";"AGUAS CLARAS";"NE_0001";"";"NE_0001";"NE_0001";"NE_0001";"NE_0001";"NE_0001";"NE_0001";"NE_0001"
"2023";"10";"220805";"SAN MARTIN";"RIOJA";"PARDO MIGUEL";"GOBIERNO REGIONAL";"I-1";"00006308";"SAN AGUSTIN";"NE_0001";"";"NE_0001";"NE_0001";"NE_0001";"NE_0001";"NE_0001";"NE_0001";"NE_0001"
"2023";"10";"220805";"SAN MARTIN";"RIOJA";"PARDO MIGUEL";"GOBIERNO REGIONAL";"I-1";"00006310";"PERLA DEL MAYO";"NE_0001";"";"NE_0001";"NE_0001";"NE_0001";"NE_0001";"NE_0001";"NE_0001";"NE_0001"
"2023";"10";"220805";"SAN MARTIN";"RIOJA";"PARDO MIGUEL";"GOBIERNO REGIONAL";"I-1";"00006306";"EL MIRADOR";"NE_0001";"";"NE_0001";"NE_0001";"NE_0001";"NE_0001";"NE_0001";"NE_0001";"NE_0001"
"2023";"10";"220805";"SAN MARTIN";"RIOJA";"PARDO MIGUEL";"GOBIERNO REGIONAL";"I-4";"00006303";"CENTRO DE NARANJOS";"241600";"HOSPITALIZACIÓN QUIRÚRGICA OBSTETRICIA   ";"12";"12";"12";"24";"6";"156";"0"
"2023";"10";"220805";"SAN MARTIN";"RIOJA";"PARDO MIGUEL";"GOBIERNO REGIONAL";"I-4";"00006303";"CENTRO DE NARANJOS";"241800";"HOSPITALIZACIÓN DE MEDICINA MEDICINA GENERAL ";"15";"15";"41";"41";"3";"49";"0"
"2023";"10";"220805";"SAN MARTIN";"RIOJA";"PARDO MIGUEL";"GOBIERNO REGIONAL";"I-2";"00006305";"AGUAS VERDES";"NE_0001";"";"NE_0001";"NE_0001";"NE_0001";"NE_0001";"NE_0001";"NE_0001";"NE_0001"
"2023";"10";"220805";"SAN MARTIN";"RIOJA";"PARDO MIGUEL";"GOBIERNO REGIONAL";"I-1";"00006307";"PIONEROS BAJO (SAN JUAN DEL MAYO)";"NE_0001";"";"NE_0001";"NE_0001";"NE_0001";"NE_0001";"NE_0001";"NE_0001";"NE_0001"
"2023";"10";"220911";"SAN MARTIN";"SAN MARTIN";"PAPAPLAYA";"GOBIERNO REGIONAL";"I-1";"00006455";"SAN ANTONIO  RIO HUALLAGA";"NE_0001";"";"NE_0001";"NE_0001";"NE_0001";"NE_0001";"NE_0001";"NE_0001";"NE_0001"
"2023";"10";"220906";"SAN MARTIN";"SAN MARTIN";"EL PORVENIR";"GOBIERNO REGIONAL";"I-1";"00006456";"NUEVO SAN JUAN";"NE_0001";"";"NE_0001";"NE_0001";"NE_0001";"NE_0001";"NE_0001";"NE_0001";"NE_0001"
"2023";"10";"220911";"SAN MARTIN";"SAN MARTIN";"PAPAPLAYA";"GOBIERNO REGIONAL";"I-3";"00006449";"HOSPITAL RURAL DE PAPAPLAYA";"241800";"HOSPITALIZACIÓN DE MEDICINA MEDICINA GENERAL ";"9";"9";"14";"14";"4";"124";"0"
"2023";"10";"220911";"SAN MARTIN";"SAN MARTIN";"PAPAPLAYA";"GOBIERNO REGIONAL";"I-1";"00006448";"REFORMA";"NE_0001";"";"NE_0001";"NE_0001";"NE_0001";"NE_0001";"NE_0001";"NE_0001";"NE_0001"
"2023";"10";"220911";"SAN MARTIN";"SAN MARTIN";"PAPAPLAYA";"GOBIERNO REGIONAL";"I-1";"00006454";"SAN JUAN RIO HUALLAGA";"NE_0001";"";"NE_0001";"NE_0001";"NE_0001";"NE_0001";"NE_0001";"NE_0001";"NE_0001"
"2023";"10";"220906";"SAN MARTIN";"SAN MARTIN";"EL PORVENIR";"GOBIERNO REGIONAL";"I-1";"00006451";"PELEJO";"NE_0001";"";"NE_0001";"NE_0001";"NE_0001";"NE_0001";"NE_0001";"NE_0001";"NE_0001"
"2023";"10";"220911";"SAN MARTIN";"SAN MARTIN";"PAPAPLAYA";"GOBIERNO REGIONAL";"I-1";"00006452";"ASUNCION";"NE_0001";"";"NE_0001";"NE_0001";"NE_0001";"NE_0001";"NE_0001";"NE_0001";"NE_0001"
"2023";"10";"220911";"SAN MARTIN";"SAN MARTIN";"PAPAPLAYA";"GOBIERNO REGIONAL";"I-1";"00006453";"PUERTO MERCEDES";"NE_0001";"";"NE_0001";"NE_0001";"NE_0001";"NE_0001";"NE_0001";"NE_0001";"NE_0001"
"2023";"10";"200105";"PIURA";"PIURA";"CATACAOS";"PRIVADO";"II-1";"00010723";"HOSPITAL PRIVADO DEL PERU";"240000";"HOSPITALIZACIÓN";"125";"107";"206";"378";"32";"992";"3"
"2023";"10";"150121";"LIMA";"LIMA";"PUEBLO LIBRE";"PRIVADO";"II-E";"00015077";"LIGA CONTRA EL CÁNCER";"NE_0001";"";"NE_0001";"NE_0001";"NE_0001";"NE_0001";"NE_0001";"NE_0001";"NE_0001"
"2023";"10";"021806";"ANCASH";"SANTA";"NEPEÑA";"ESSALUD";"I-3";"00009921";"CENTRO DE ATENCION PRIMARIA II SAN JACINTO";"NE_0001";"";"NE_0001";"NE_0001";"NE_0001";"NE_0001";"NE_0001";"NE_0001";"NE_0001"
"2023";"10";"040104";"AREQUIPA";"AREQUIPA";"CERRO COLORADO";"MUNICIPALIDAD PROVINCIAL";"0";"00021551";"HOSPITAL MUNICIPAL DE AREQUIPA";"NE_0001";"";"NE_0001";"NE_0001";"NE_0001";"NE_0001";"NE_0001";"NE_0001";"NE_0001"
"2023";"11";"080101";"CUSCO";"CUSCO";"CUSCO";"PRIVADO";"II-E";"00016541";"HOGAR CLINICA SAN JUAN DE DIOS-CUSCO";"240000";"HOSPITALIZACIÓN";"58";"52";"450";"7";"15";"450";"0"
"2023";"11";"150143";"LIMA";"LIMA";"VILLA MARIA DEL TRIUNFO";"PRIVADO";"II-2";"00018580";"GUILLERMO KAELIN DE LA FUENTE";"250100";"UNIDAD DE CUIDADOS CRITICOS UNIDAD  DE CUIDADOS INTENSIVOS GENERALES (UCI) ";"19";"11";"178";"235";"18";"540";"7"
"2023";"11";"150143";"LIMA";"LIMA";"VILLA MARIA DEL TRIUNFO";"PRIVADO";"II-2";"00018580";"GUILLERMO KAELIN DE LA FUENTE";"250200";"UNIDAD DE CUIDADOS CRITICOS UNIDAD DE CUIDADOS INTERMEDIOS GENERAL  (UCIN) ";"11";"15";"119";"232";"20";"600";"2"
"2023";"11";"120114";"JUNIN";"HUANCAYO";"EL TAMBO";"PRIVADO";"II-E";"00027694";"CHENET CLINICA ESPECIALIZADA";"240100";"HOSPITALIZACIÓN QUIRÚRGICA CIRUGÍA GENERAL ";"52";"47";"124";"146";"10";"300";"0"
"2023";"11";"060601";"CAJAMARCA";"CUTERVO";"CUTERVO";"GOBIERNO REGIONAL";"I-1";"00004986";"EL ARENAL DE CUTERVO";"NE_0001";"";"NE_0001";"NE_0001";"NE_0001";"NE_0001";"NE_0001";"NE_0001";"NE_0001"
"2023";"11";"060601";"CAJAMARCA";"CUTERVO";"CUTERVO";"GOBIERNO REGIONAL";"I-2";"00004989";"AMBULCO GRANDE";"NE_0001";"";"NE_0001";"NE_0001";"NE_0001";"NE_0001";"NE_0001";"NE_0001";"NE_0001"
"2023";"11";"060601";"CAJAMARCA";"CUTERVO";"CUTERVO";"GOBIERNO REGIONAL";"I-1";"00007748";"CULLANMAYO";"NE_0001";"";"NE_0001";"NE_0001";"NE_0001";"NE_0001";"NE_0001";"NE_0001";"NE_0001"
"2023";"11";"060601";"CAJAMARCA";"CUTERVO";"CUTERVO";"GOBIERNO REGIONAL";"I-1";"00004990";"YATUN";"NE_0001";"";"NE_0001";"NE_0001";"NE_0001";"NE_0001";"NE_0001";"NE_0001";"NE_0001"
"2023";"11";"060601";"CAJAMARCA";"CUTERVO";"CUTERVO";"GOBIERNO REGIONAL";"I-1";"00007697";"CHUGUR";"NE_0001";"";"NE_0001";"NE_0001";"NE_0001";"NE_0001";"NE_0001";"NE_0001";"NE_0001"
"2023";"11";"060601";"CAJAMARCA";"CUTERVO";"CUTERVO";"GOBIERNO REGIONAL";"I-1";"00006831";"LA SUCCHA DE CUTERVO";"NE_0001";"";"NE_0001";"NE_0001";"NE_0001";"NE_0001";"NE_0001";"NE_0001";"NE_0001"
"2023";"11";"060601";"CAJAMARCA";"CUTERVO";"CUTERVO";"GOBIERNO REGIONAL";"I-1";"00004988";"LA COLCA";"NE_0001";"";"NE_0001";"NE_0001";"NE_0001";"NE_0001";"NE_0001";"NE_0001";"NE_0001"
"2023";"11";"060601";"CAJAMARCA";"CUTERVO";"CUTERVO";"GOBIERNO REGIONAL";"I-1";"00006787";"SANTA ROSA DE TAPO";"NE_0001";"";"NE_0001";"NE_0001";"NE_0001";"NE_0001";"NE_0001";"NE_0001";"NE_0001"
"2023";"11";"060601";"CAJAMARCA";"CUTERVO";"CUTERVO";"GOBIERNO REGIONAL";"I-1";"00006837";"SAN CRISTOBAL DE NUDILLO";"NE_0001";"";"NE_0001";"NE_0001";"NE_0001";"NE_0001";"NE_0001";"NE_0001";"NE_0001"
"2023";"11";"060601";"CAJAMARCA";"CUTERVO";"CUTERVO";"GOBIERNO REGIONAL";"I-1";"00007109";"CHIPULUC";"NE_0001";"";"NE_0001";"NE_0001";"NE_0001";"NE_0001";"NE_0001";"NE_0001";"NE_0001"
"2023";"11";"060601";"CAJAMARCA";"CUTERVO";"CUTERVO";"GOBIERNO REGIONAL";"I-1";"00011064";"SAN LORENZO";"NE_0001";"";"NE_0001";"NE_0001";"NE_0001";"NE_0001";"NE_0001";"NE_0001";"NE_0001"
"2023";"11";"220104";"SAN MARTIN";"MOYOBAMBA";"JEPELACIO";"GOBIERNO REGIONAL";"I-2";"00006340";"NUEVO SAN MIGUEL";"NE_0001";"";"NE_0001";"NE_0001";"NE_0001";"NE_0001";"NE_0001";"NE_0001";"NE_0001"
"2023";"11";"220104";"SAN MARTIN";"MOYOBAMBA";"JEPELACIO";"GOBIERNO REGIONAL";"I-1";"00006338";"CARRIZAL";"NE_0001";"";"NE_0001";"NE_0001";"NE_0001";"NE_0001";"NE_0001";"NE_0001";"NE_0001"
"2023";"11";"150121";"LIMA";"LIMA";"PUEBLO LIBRE";"PRIVADO";"II-E";"00011741";"CLÍNICA NORVISION";"NE_0001";"";"NE_0001";"NE_0001";"NE_0001";"NE_0001";"NE_0001";"NE_0001";"NE_0001"
"2023";"09";"150108";"LIMA";"LIMA";"CHORRILLOS";"PRIVADO";"II-1";"00011950";"CLINICA CHORRILLOS";"NE_0002";"";"NE_0002";"NE_0002";"NE_0002";"NE_0002";"NE_0002";"NE_0002";"NE_0002"
"2023";"10";"130504";"LA LIBERTAD";"JULCAN";"HUASO";"GOBIERNO REGIONAL";"I-2";"00006772";"LA VEGA";"NE_0001";"";"NE_0001";"NE_0001";"NE_0001";"NE_0001";"NE_0001";"NE_0001";"NE_0001"
"2023";"10";"130504";"LA LIBERTAD";"JULCAN";"HUASO";"GOBIERNO REGIONAL";"I-2";"00006770";"CHINCHINVARA";"NE_0001";"";"NE_0001";"NE_0001";"NE_0001";"NE_0001";"NE_0001";"NE_0001";"NE_0001"
"2023";"10";"130504";"LA LIBERTAD";"JULCAN";"HUASO";"GOBIERNO REGIONAL";"I-4";"00005312";"HUASO";"NE_0001";"";"NE_0001";"NE_0001";"NE_0001";"NE_0001";"NE_0001";"NE_0001";"NE_0001"
"2023";"10";"130504";"LA LIBERTAD";"JULCAN";"HUASO";"GOBIERNO REGIONAL";"I-1";"00016422";"LA UNION";"NE_0001";"";"NE_0001";"NE_0001";"NE_0001";"NE_0001";"NE_0001";"NE_0001";"NE_0001"
"2023";"10";"130504";"LA LIBERTAD";"JULCAN";"HUASO";"GOBIERNO REGIONAL";"I-2";"00005313";"PARASIVE";"NE_0001";"";"NE_0001";"NE_0001";"NE_0001";"NE_0001";"NE_0001";"NE_0001";"NE_0001"
"2023";"10";"130504";"LA LIBERTAD";"JULCAN";"HUASO";"GOBIERNO REGIONAL";"I-2";"00005335";"UNINGAMBAL";"NE_0001";"";"NE_0001";"NE_0001";"NE_0001";"NE_0001";"NE_0001";"NE_0001";"NE_0001"
"2023";"10";"130504";"LA LIBERTAD";"JULCAN";"HUASO";"GOBIERNO REGIONAL";"I-3";"00006771";"CANRAZ";"NE_0001";"";"NE_0001";"NE_0001";"NE_0001";"NE_0001";"NE_0001";"NE_0001";"NE_0001"
"2023";"10";"150115";"LIMA";"LIMA";"LA VICTORIA";"ESSALUD";"III-2";"00009251";"HOSPITAL NACIONAL GUILLERMO ALMENARA IRIGOYEN";"241900";"HOSPITALIZACIÓN DE MEDICINA MEDICINA INTERNA ";"50";"42";"887";"939";"32";"992";"5"
"2023";"10";"150115";"LIMA";"LIMA";"LA VICTORIA";"ESSALUD";"III-2";"00009251";"HOSPITAL NACIONAL GUILLERMO ALMENARA IRIGOYEN";"244600";"HOSPITALIZACIÓN DE MEDICINA NEFROLOGIA ";"75";"87";"871";"846";"30";"930";"2"
"2023";"10";"150115";"LIMA";"LIMA";"LA VICTORIA";"ESSALUD";"III-2";"00009251";"HOSPITAL NACIONAL GUILLERMO ALMENARA IRIGOYEN";"245300";"HOSPITALIZACIÓN DE MEDICINA NEUMOLOGÍA  ";"34";"28";"401";"559";"19";"589";"0"
"2023";"10";"150115";"LIMA";"LIMA";"LA VICTORIA";"ESSALUD";"III-2";"00009251";"HOSPITAL NACIONAL GUILLERMO ALMENARA IRIGOYEN";"244700";"HOSPITALIZACIÓN DE MEDICINA NEUROLOGIA  ";"30";"34";"563";"575";"20";"620";"0"
"2023";"10";"150115";"LIMA";"LIMA";"LA VICTORIA";"ESSALUD";"III-2";"00009251";"HOSPITAL NACIONAL GUILLERMO ALMENARA IRIGOYEN";"242100";"HOSPITALIZACIÓN DE MEDICINA ONCOLOGÍA MÉDICA ";"118";"119";"1162";"584";"19";"589";"3"
"2023";"10";"150115";"LIMA";"LIMA";"LA VICTORIA";"ESSALUD";"III-2";"00009251";"HOSPITAL NACIONAL GUILLERMO ALMENARA IRIGOYEN";"242100";"HOSPITALIZACIÓN DE MEDICINA ONCOLOGÍA MÉDICA ";"20";"21";"627";"295";"10";"310";"0"
"2023";"10";"150115";"LIMA";"LIMA";"LA VICTORIA";"ESSALUD";"III-2";"00009251";"HOSPITAL NACIONAL GUILLERMO ALMENARA IRIGOYEN";"242202";"HOSPITALIZACIÓN DE MEDICINA PSIQUIATRÍA PSIQUIATRÍA DEL ADULTO Y GERONTE";"29";"32";"593";"513";"18";"558";"0"
"2023";"10";"150115";"LIMA";"LIMA";"LA VICTORIA";"ESSALUD";"III-2";"00009251";"HOSPITAL NACIONAL GUILLERMO ALMENARA IRIGOYEN";"242203";"HOSPITALIZACIÓN DE MEDICINA PSIQUIATRÍA PSIQUIATRÍA DEL NIÑO Y DEL ADOLESCENTE";"17";"17";"272";"187";"7";"217";"0"
"2023";"10";"150115";"LIMA";"LIMA";"LA VICTORIA";"ESSALUD";"III-2";"00009251";"HOSPITAL NACIONAL GUILLERMO ALMENARA IRIGOYEN";"245500";"HOSPITALIZACIÓN DE MEDICINA REUMATOLOGÍA    ";"19";"20";"301";"345";"13";"403";"0"
"2023";"10";"150115";"LIMA";"LIMA";"LA VICTORIA";"ESSALUD";"III-2";"00009251";"HOSPITAL NACIONAL GUILLERMO ALMENARA IRIGOYEN";"240200";"HOSPITALIZACIÓN QUIRÚRGICA CIRUGÍA DE CABEZA Y CUELLO / MÁXILO FACIAL ";"41";"42";"367";"526";"17";"527";"0"
"2023";"10";"150115";"LIMA";"LIMA";"LA VICTORIA";"ESSALUD";"III-2";"00009251";"HOSPITAL NACIONAL GUILLERMO ALMENARA IRIGOYEN";"240400";"HOSPITALIZACIÓN QUIRÚRGICA CIRUGÍA DE TÓRAX Y CARDIOVASCULAR ";"12";"10";"157";"57";"2";"62";"0"
"2023";"10";"150115";"LIMA";"LIMA";"LA VICTORIA";"ESSALUD";"III-2";"00009251";"HOSPITAL NACIONAL GUILLERMO ALMENARA IRIGOYEN";"241200";"HOSPITALIZACIÓN QUIRÚRGICA TRAUMATOLOGÍA Y ORTOPEDIA ";"36";"39";"325";"264";"10";"310";"0"
"2023";"10";"150115";"LIMA";"LIMA";"LA VICTORIA";"ESSALUD";"III-2";"00009251";"HOSPITAL NACIONAL GUILLERMO ALMENARA IRIGOYEN";"240400";"HOSPITALIZACIÓN QUIRÚRGICA CIRUGÍA DE TÓRAX Y CARDIOVASCULAR ";"33";"39";"512";"339";"11";"341";"0"
"2023";"10";"150115";"LIMA";"LIMA";"LA VICTORIA";"ESSALUD";"III-2";"00009251";"HOSPITAL NACIONAL GUILLERMO ALMENARA IRIGOYEN";"240801";"HOSPITALIZACIÓN QUIRÚRGICA CIRUGÍA PLÁSTICA/RECONSTRUCTIVA/ REPARADORA QUEMADOS";"23";"22";"386";"254";"9";"279";"0"
"2023";"10";"150115";"LIMA";"LIMA";"LA VICTORIA";"ESSALUD";"III-2";"00009251";"HOSPITAL NACIONAL GUILLERMO ALMENARA IRIGOYEN";"240100";"HOSPITALIZACIÓN QUIRÚRGICA CIRUGÍA GENERAL ";"41";"58";"714";"435";"15";"465";"0"
"2023";"10";"150115";"LIMA";"LIMA";"LA VICTORIA";"ESSALUD";"III-2";"00009251";"HOSPITAL NACIONAL GUILLERMO ALMENARA IRIGOYEN";"250108";"UNIDAD DE CUIDADOS CRITICOS UNIDAD  DE CUIDADOS INTENSIVOS  (UCI) PEDIÁTRICA";"12";"4";"84";"246";"8";"248";"3"
"2023";"10";"150115";"LIMA";"LIMA";"LA VICTORIA";"ESSALUD";"III-2";"00009251";"HOSPITAL NACIONAL GUILLERMO ALMENARA IRIGOYEN";"240100";"HOSPITALIZACIÓN QUIRÚRGICA CIRUGÍA GENERAL ";"37";"30";"395";"525";"18";"558";"0"
"2023";"10";"150115";"LIMA";"LIMA";"LA VICTORIA";"ESSALUD";"III-2";"00009251";"HOSPITAL NACIONAL GUILLERMO ALMENARA IRIGOYEN";"240100";"HOSPITALIZACIÓN QUIRÚRGICA CIRUGÍA GENERAL ";"33";"33";"667";"456";"16";"496";"1"
"2023";"10";"150115";"LIMA";"LIMA";"LA VICTORIA";"ESSALUD";"III-2";"00009251";"HOSPITAL NACIONAL GUILLERMO ALMENARA IRIGOYEN";"240100";"HOSPITALIZACIÓN QUIRÚRGICA CIRUGÍA GENERAL ";"101";"103";"730";"763";"26";"806";"0"
"2023";"10";"150115";"LIMA";"LIMA";"LA VICTORIA";"ESSALUD";"III-2";"00009251";"HOSPITAL NACIONAL GUILLERMO ALMENARA IRIGOYEN";"241500";"HOSPITALIZACIÓN QUIRÚRGICA GINECOLOGÍA  ";"34";"36";"224";"205";"7";"217";"0"
"2023";"10";"150115";"LIMA";"LIMA";"LA VICTORIA";"ESSALUD";"III-2";"00009251";"HOSPITAL NACIONAL GUILLERMO ALMENARA IRIGOYEN";"240900";"HOSPITALIZACIÓN QUIRÚRGICA NEUROCIRUGÍA ";"30";"28";"421";"243";"10";"310";"1"
"2023";"10";"150115";"LIMA";"LIMA";"LA VICTORIA";"ESSALUD";"III-2";"00009251";"HOSPITAL NACIONAL GUILLERMO ALMENARA IRIGOYEN";"240900";"HOSPITALIZACIÓN QUIRÚRGICA NEUROCIRUGÍA ";"30";"29";"152";"119";"5";"155";"0"
"2023";"10";"150115";"LIMA";"LIMA";"LA VICTORIA";"ESSALUD";"III-2";"00009251";"HOSPITAL NACIONAL GUILLERMO ALMENARA IRIGOYEN";"240900";"HOSPITALIZACIÓN QUIRÚRGICA NEUROCIRUGÍA ";"33";"30";"291";"304";"10";"310";"0"
"2023";"10";"150115";"LIMA";"LIMA";"LA VICTORIA";"ESSALUD";"III-2";"00009251";"HOSPITAL NACIONAL GUILLERMO ALMENARA IRIGOYEN";"240600";"HOSPITALIZACIÓN QUIRÚRGICA CIRUGÍA OFTALMOLÓGICA ";"10";"10";"64";"92";"4";"124";"0"
"2023";"10";"150115";"LIMA";"LIMA";"LA VICTORIA";"ESSALUD";"III-2";"00009251";"HOSPITAL NACIONAL GUILLERMO ALMENARA IRIGOYEN";"240600";"HOSPITALIZACIÓN QUIRÚRGICA CIRUGÍA OFTALMOLÓGICA ";"4";"3";"18";"16";"2";"62";"0"
"2023";"10";"150115";"LIMA";"LIMA";"LA VICTORIA";"ESSALUD";"III-2";"00009251";"HOSPITAL NACIONAL GUILLERMO ALMENARA IRIGOYEN";"241200";"HOSPITALIZACIÓN QUIRÚRGICA TRAUMATOLOGÍA Y ORTOPEDIA ";"63";"63";"730";"862";"29";"899";"0"
"2023";"10";"150115";"LIMA";"LIMA";"LA VICTORIA";"ESSALUD";"III-2";"00009251";"HOSPITAL NACIONAL GUILLERMO ALMENARA IRIGOYEN";"241200";"HOSPITALIZACIÓN QUIRÚRGICA TRAUMATOLOGÍA Y ORTOPEDIA ";"110";"119";"1126";"929";"31";"961";"0"
"2023";"10";"150115";"LIMA";"LIMA";"LA VICTORIA";"ESSALUD";"III-2";"00009251";"HOSPITAL NACIONAL GUILLERMO ALMENARA IRIGOYEN";"241100";"HOSPITALIZACIÓN QUIRÚRGICA OTORRINOLARINGOLOGÍA  ";"60";"59";"449";"443";"17";"527";"0"
"2023";"10";"150115";"LIMA";"LIMA";"LA VICTORIA";"ESSALUD";"III-2";"00009251";"HOSPITAL NACIONAL GUILLERMO ALMENARA IRIGOYEN";"240500";"HOSPITALIZACIÓN QUIRÚRGICA CIRUGÍA DE TRANSPLANTES ";"27";"25";"270";"265";"11";"341";"1"
"2023";"10";"170101";"MADRE DE DIOS";"TAMBOPATA";"TAMBOPATA";"ESSALUD";"II-1";"00009319";"HOSPITAL I VICTOR ALFREDO LAZO PERALTA";"240100";"HOSPITALIZACIÓN QUIRÚRGICA CIRUGÍA GENERAL ";"37";"43";"264";"263";"22";"682";"2"
"2023";"10";"170101";"MADRE DE DIOS";"TAMBOPATA";"TAMBOPATA";"ESSALUD";"II-1";"00009319";"HOSPITAL I VICTOR ALFREDO LAZO PERALTA";"241400";"HOSPITALIZACIÓN QUIRÚRGICA GINECO - OBSTETRICIA ";"67";"65";"282";"279";"10";"310";"1"
"2023";"10";"170101";"MADRE DE DIOS";"TAMBOPATA";"TAMBOPATA";"ESSALUD";"II-1";"00009319";"HOSPITAL I VICTOR ALFREDO LAZO PERALTA";"242300";"HOSPITALIZACIÓN DE PEDIATRÍA  PEDIATRÍA  GENERAL ";"61";"61";"159";"158";"10";"310";"0"
"2023";"10";"170101";"MADRE DE DIOS";"TAMBOPATA";"TAMBOPATA";"ESSALUD";"II-1";"00009319";"HOSPITAL I VICTOR ALFREDO LAZO PERALTA";"242300";"HOSPITALIZACIÓN DE PEDIATRÍA  PEDIATRÍA  GENERAL ";"9";"11";"34";"33";"4";"124";"0"
"2023";"10";"110301";"ICA";"NAZCA";"NAZCA";"SANIDAD DE LA POLICIA NACIONAL DEL PERU";"I-2";"00011399";"UNIDAD EJECUTORA 020:SANIDAD DE LA PNP";"NE_0001";"";"NE_0001";"NE_0001";"NE_0001";"NE_0001";"NE_0001";"NE_0001";"NE_0001"
"2023";"10";"150122";"LIMA";"LIMA";"MIRAFLORES";"SANIDAD DE LA FUERZA AEREA DEL PERU";"III-1";"00010751";"HOSPITAL CENTRAL DE LA FUERZA AEREA DEL PERU";"240000";"HOSPITALIZACIÓN";"363";"358";"3085";"3205";"264";"5547";"13"
"2023";"10";"220101";"SAN MARTIN";"MOYOBAMBA";"MOYOBAMBA";"GOBIERNO REGIONAL";"I-2";"00006282";"LA CONQUISTA";"NE_0001";"";"NE_0001";"NE_0001";"NE_0001";"NE_0001";"NE_0001";"NE_0001";"NE_0001"
"2023";"10";"220809";"SAN MARTIN";"RIOJA";"YURACYACU";"GOBIERNO REGIONAL";"I-3";"00006281";"YURACYACU";"NE_0002";"";"NE_0002";"NE_0002";"NE_0002";"NE_0002";"NE_0002";"NE_0002";"NE_0002"
"2023";"10";"130101";"LA LIBERTAD";"TRUJILLO";"TRUJILLO";"PRIVADO";"II-E";"00016830";"CLINICA CAMINO REAL";"240000";"HOSPITALIZACIÓN";"36";"16";"31";"133";"6";"186";"0"
"2023";"10";"130101";"LA LIBERTAD";"TRUJILLO";"TRUJILLO";"PRIVADO";"II-E";"00016830";"CLINICA CAMINO REAL";"250100";"UNIDAD DE CUIDADOS CRITICOS UNIDAD  DE CUIDADOS INTENSIVOS GENERALES (UCI) ";"2";"0";"0";"1";"2";"62";"0"
"2023";"10";"021601";"ANCASH";"POMABAMBA";"POMABAMBA";"GOBIERNO REGIONAL";"I-1";"00001771";"PUESTO DE SALUD CHOGO";"NE_0002";"";"NE_0002";"NE_0002";"NE_0002";"NE_0002";"NE_0002";"NE_0002";"NE_0002"
"2023";"10";"021603";"ANCASH";"POMABAMBA";"PAROBAMBA";"GOBIERNO REGIONAL";"I-1";"00001776";"PUESTO DE SALUD PAROBAMBA NUEVO";"NE_0002";"";"NE_0002";"NE_0002";"NE_0002";"NE_0002";"NE_0002";"NE_0002";"NE_0002"
"2023";"10";"021603";"ANCASH";"POMABAMBA";"PAROBAMBA";"GOBIERNO REGIONAL";"I-2";"00001780";"PUESTO DE SALUD CHANGA";"NE_0002";"";"NE_0002";"NE_0002";"NE_0002";"NE_0002";"NE_0002";"NE_0002";"NE_0002"
"2023";"10";"021604";"ANCASH";"POMABAMBA";"QUINUABAMBA";"GOBIERNO REGIONAL";"I-1";"00001782";"YAMIAN";"NE_0002";"";"NE_0002";"NE_0002";"NE_0002";"NE_0002";"NE_0002";"NE_0002";"NE_0002"
"2023";"10";"021603";"ANCASH";"POMABAMBA";"PAROBAMBA";"GOBIERNO REGIONAL";"I-4";"00001775";"CENTRO DE SALUD PAROBAMBA VIEJO";"NE_0002";"";"NE_0002";"NE_0002";"NE_0002";"NE_0002";"NE_0002";"NE_0002";"NE_0002"
"2023";"10";"021603";"ANCASH";"POMABAMBA";"PAROBAMBA";"GOBIERNO REGIONAL";"I-1";"00001778";"PUESTO DE SALUD SHUMPILLAN";"NE_0002";"";"NE_0002";"NE_0002";"NE_0002";"NE_0002";"NE_0002";"NE_0002";"NE_0002"
"2023";"10";"021603";"ANCASH";"POMABAMBA";"PAROBAMBA";"GOBIERNO REGIONAL";"I-1";"00001779";"PUESTO DE SALUD CAJAS";"NE_0002";"";"NE_0002";"NE_0002";"NE_0002";"NE_0002";"NE_0002";"NE_0002";"NE_0002"
"2023";"10";"021603";"ANCASH";"POMABAMBA";"PAROBAMBA";"GOBIERNO REGIONAL";"I-2";"00001777";"PUESTO DE SALUD HUANCHAYLLO";"NE_0002";"";"NE_0002";"NE_0002";"NE_0002";"NE_0002";"NE_0002";"NE_0002";"NE_0002"
"2023";"10";"021604";"ANCASH";"POMABAMBA";"QUINUABAMBA";"GOBIERNO REGIONAL";"I-2";"00001781";"PUESTO DE SALUD QUINUABAMBA";"NE_0002";"";"NE_0002";"NE_0002";"NE_0002";"NE_0002";"NE_0002";"NE_0002";"NE_0002"
"2023";"10";"060108";"CAJAMARCA";"CAJAMARCA";"LOS BAÑOS DEL INCA";"ESSALUD";"I-3";"00010821";"CENTRO DE ATENCION PRIMARIA II";"NE_0001";"";"NE_0001";"NE_0001";"NE_0001";"NE_0001";"NE_0001";"NE_0001";"NE_0001"
"2023";"10";"040504";"AREQUIPA";"CAYLLOMA";"CALLALLI";"GOBIERNO REGIONAL";"I-2";"00001437";"PUESTO DE SALUD CHALHUANCA";"NE_0001";"";"NE_0001";"NE_0001";"NE_0001";"NE_0001";"NE_0001";"NE_0001";"NE_0001"
"2023";"10";"040517";"AREQUIPA";"CAYLLOMA";"TISCO";"GOBIERNO REGIONAL";"I-2";"00006891";"PUESTO DE SALUD TARUCAMARCA";"NE_0001";"";"NE_0001";"NE_0001";"NE_0001";"NE_0001";"NE_0001";"NE_0001";"NE_0001"
"2023";"10";"040515";"AREQUIPA";"CAYLLOMA";"SIBAYO";"GOBIERNO REGIONAL";"I-2";"00001435";"PUESTO DE SALUD SANTA ROSA DE SIBAYO";"NE_0001";"";"NE_0001";"NE_0001";"NE_0001";"NE_0001";"NE_0001";"NE_0001";"NE_0001"
"2023";"10";"040518";"AREQUIPA";"CAYLLOMA";"TUTI";"GOBIERNO REGIONAL";"I-2";"00001436";"PUESTO DE SALUD TUTI";"NE_0001";"";"NE_0001";"NE_0001";"NE_0001";"NE_0001";"NE_0001";"NE_0001";"NE_0001"
"2023";"10";"040517";"AREQUIPA";"CAYLLOMA";"TISCO";"GOBIERNO REGIONAL";"I-2";"00001438";"PUESTO DE SALUD TISCO";"NE_0001";"";"NE_0001";"NE_0001";"NE_0001";"NE_0001";"NE_0001";"NE_0001";"NE_0001"
"2023";"10";"040517";"AREQUIPA";"CAYLLOMA";"TISCO";"GOBIERNO REGIONAL";"I-2";"00001431";"PUESTO DE SALUD COTACOTA";"NE_0001";"";"NE_0001";"NE_0001";"NE_0001";"NE_0001";"NE_0001";"NE_0001";"NE_0001"
"2023";"10";"040504";"AREQUIPA";"CAYLLOMA";"CALLALLI";"GOBIERNO REGIONAL";"I-3";"00001421";"CENTRO DE SALUD CALLALLI";"NE_0001";"";"NE_0001";"NE_0001";"NE_0001";"NE_0001";"NE_0001";"NE_0001";"NE_0001"
"2023";"10";"130903";"LA LIBERTAD";"SANCHEZ CARRION";"COCHORCO";"GOBIERNO REGIONAL";"I-2";"00013810";"ARAGOSTAY";"NE_0001";"";"NE_0001";"NE_0001";"NE_0001";"NE_0001";"NE_0001";"NE_0001";"NE_0001"
"2023";"10";"130903";"LA LIBERTAD";"SANCHEZ CARRION";"COCHORCO";"GOBIERNO REGIONAL";"I-2";"00005356";"ARICAPAMPA";"NE_0001";"";"NE_0001";"NE_0001";"NE_0001";"NE_0001";"NE_0001";"NE_0001";"NE_0001"
"2023";"10";"130903";"LA LIBERTAD";"SANCHEZ CARRION";"COCHORCO";"GOBIERNO REGIONAL";"I-1";"00013808";"MOLINO VIEJO";"NE_0001";"";"NE_0001";"NE_0001";"NE_0001";"NE_0001";"NE_0001";"NE_0001";"NE_0001"
"2023";"10";"130903";"LA LIBERTAD";"SANCHEZ CARRION";"COCHORCO";"GOBIERNO REGIONAL";"I-2";"00013802";"SUCCHAMARCA";"NE_0001";"";"NE_0001";"NE_0001";"NE_0001";"NE_0001";"NE_0001";"NE_0001";"NE_0001"
"2023";"10";"130903";"LA LIBERTAD";"SANCHEZ CARRION";"COCHORCO";"GOBIERNO REGIONAL";"I-2";"00013800";"SUCCHACENTRO";"NE_0001";"";"NE_0001";"NE_0001";"NE_0001";"NE_0001";"NE_0001";"NE_0001";"NE_0001"
"2023";"10";"021801";"ANCASH";"SANTA";"CHIMBOTE";"PRIVADO";"II-1";"00015375";"CLINICA SAN PEDRO";"241800";"HOSPITALIZACIÓN DE MEDICINA MEDICINA GENERAL ";"16";"16";"64";"64";"6";"186";"0"
"2023";"10";"021801";"ANCASH";"SANTA";"CHIMBOTE";"PRIVADO";"II-1";"00015375";"CLINICA SAN PEDRO";"240100";"HOSPITALIZACIÓN QUIRÚRGICA CIRUGÍA GENERAL ";"32";"28";"54";"71";"6";"186";"0"
"2023";"10";"021801";"ANCASH";"SANTA";"CHIMBOTE";"PRIVADO";"II-1";"00015375";"CLINICA SAN PEDRO";"241400";"HOSPITALIZACIÓN QUIRÚRGICA GINECO - OBSTETRICIA ";"45";"38";"61";"68";"6";"186";"0"
"2023";"10";"160107";"LORETO";"MAYNAS";"NAPO";"GOBIERNO REGIONAL";"II-1";"00000066";"HOSPITAL II-1 SANTA CLOTILDE";"241800";"HOSPITALIZACIÓN DE MEDICINA MEDICINA GENERAL ";"11";"11";"98";"109";"16";"496";"1"
"2023";"10";"160107";"LORETO";"MAYNAS";"NAPO";"GOBIERNO REGIONAL";"II-1";"00000066";"HOSPITAL II-1 SANTA CLOTILDE";"242300";"HOSPITALIZACIÓN DE PEDIATRÍA  PEDIATRÍA  GENERAL ";"6";"6";"23";"138";"7";"217";"0"
"2023";"10";"160107";"LORETO";"MAYNAS";"NAPO";"GOBIERNO REGIONAL";"II-1";"00000066";"HOSPITAL II-1 SANTA CLOTILDE";"241600";"HOSPITALIZACIÓN QUIRÚRGICA OBSTETRICIA   ";"5";"5";"10";"50";"6";"186";"0"
"2023";"10";"160107";"LORETO";"MAYNAS";"NAPO";"GOBIERNO REGIONAL";"II-1";"00000066";"HOSPITAL II-1 SANTA CLOTILDE";"242000";"HOSPITALIZACIÓN DE MEDICINA MEDICINA TROPICAL E INFECCIOSAS ";"3";"3";"21";"63";"4";"124";"0"
"2023";"10";"150135";"LIMA";"LIMA";"SAN MARTIN DE PORRES";"PRIVADO";"II-2";"00010603";"CLÍNICA MÉDICA CAYETANO HEREDIA";"240000";"HOSPITALIZACIÓN";"364";"350";"1097";"1083";"55";"1650";"2"
"2023";"10";"150135";"LIMA";"LIMA";"SAN MARTIN DE PORRES";"PRIVADO";"II-2";"00010603";"CLÍNICA MÉDICA CAYETANO HEREDIA";"250100";"UNIDAD DE CUIDADOS CRITICOS UNIDAD  DE CUIDADOS INTENSIVOS GENERALES (UCI) ";"17";"16";"156";"139";"9";"270";"2"
"2023";"10";"150135";"LIMA";"LIMA";"SAN MARTIN DE PORRES";"PRIVADO";"II-2";"00010603";"CLÍNICA MÉDICA CAYETANO HEREDIA";"250105";"UNIDAD DE CUIDADOS CRITICOS UNIDAD  DE CUIDADOS INTENSIVOS  (UCI) NEONATOLOGÍA";"3";"3";"28";"18";"4";"120";"0"
"2023";"10";"150135";"LIMA";"LIMA";"SAN MARTIN DE PORRES";"PRIVADO";"II-2";"00010603";"CLÍNICA MÉDICA CAYETANO HEREDIA";"250108";"UNIDAD DE CUIDADOS CRITICOS UNIDAD  DE CUIDADOS INTENSIVOS  (UCI) PEDIÁTRICA";"6";"9";"78";"41";"5";"150";"0"
"2023";"10";"120101";"JUNIN";"HUANCAYO";"HUANCAYO";"PRIVADO";"II-1";"00025971";"CLINICA BILBAO";"240100";"HOSPITALIZACIÓN QUIRÚRGICA CIRUGÍA GENERAL ";"20";"20";"46";"46";"4";"124";"0"
"2023";"10";"120101";"JUNIN";"HUANCAYO";"HUANCAYO";"PRIVADO";"II-1";"00025971";"CLINICA BILBAO";"241300";"HOSPITALIZACIÓN QUIRÚRGICA UROLOGÍA  ";"2";"2";"4";"5";"1";"31";"0"
"2023";"10";"120101";"JUNIN";"HUANCAYO";"HUANCAYO";"PRIVADO";"II-1";"00025971";"CLINICA BILBAO";"241400";"HOSPITALIZACIÓN QUIRÚRGICA GINECO - OBSTETRICIA ";"11";"11";"20";"17";"2";"62";"0"
"2023";"10";"120101";"JUNIN";"HUANCAYO";"HUANCAYO";"PRIVADO";"II-1";"00025971";"CLINICA BILBAO";"245300";"HOSPITALIZACIÓN DE MEDICINA NEUMOLOGÍA  ";"2";"2";"7";"7";"1";"31";"0"
"2023";"10";"120101";"JUNIN";"HUANCAYO";"HUANCAYO";"PRIVADO";"II-1";"00025971";"CLINICA BILBAO";"241800";"HOSPITALIZACIÓN DE MEDICINA MEDICINA GENERAL ";"1";"1";"1";"1";"1";"31";"0"
"2023";"10";"120101";"JUNIN";"HUANCAYO";"HUANCAYO";"PRIVADO";"II-1";"00025971";"CLINICA BILBAO";"241500";"HOSPITALIZACIÓN QUIRÚRGICA GINECOLOGÍA  ";"7";"7";"13";"12";"2";"62";"0"
"2023";"10";"120101";"JUNIN";"HUANCAYO";"HUANCAYO";"PRIVADO";"II-1";"00025971";"CLINICA BILBAO";"241200";"HOSPITALIZACIÓN QUIRÚRGICA TRAUMATOLOGÍA Y ORTOPEDIA ";"5";"5";"8";"9";"1";"31";"0"
"2023";"10";"120101";"JUNIN";"HUANCAYO";"HUANCAYO";"PRIVADO";"II-1";"00025971";"CLINICA BILBAO";"244200";"HOSPITALIZACIÓN DE MEDICINA ENDOCRINOLOGIA ";"1";"1";"0";"1";"1";"31";"0"
"2023";"10";"120805";"JUNIN";"YAULI";"MOROCOCHA";"GOBIERNO REGIONAL";"I-3";"00000563";"MOROCOCHA";"NE_0001";"";"NE_0001";"NE_0001";"NE_0001";"NE_0001";"NE_0001";"NE_0001";"NE_0001"
"2023";"10";"120805";"JUNIN";"YAULI";"MOROCOCHA";"GOBIERNO REGIONAL";"I-1";"00021450";"SAN FRANCISCO DE ASIS DE PUCARA";"NE_0001";"";"NE_0001";"NE_0001";"NE_0001";"NE_0001";"NE_0001";"NE_0001";"NE_0001"
"2023";"10";"120803";"JUNIN";"YAULI";"HUAY HUAY";"GOBIERNO REGIONAL";"I-2";"00000430";"HUAYHUAY";"NE_0001";"";"NE_0001";"NE_0001";"NE_0001";"NE_0001";"NE_0001";"NE_0001";"NE_0001"
"2023";"10";"120809";"JUNIN";"YAULI";"SUITUCANCHA";"GOBIERNO REGIONAL";"I-2";"00000431";"SUITUCANCHA";"NE_0001";"";"NE_0001";"NE_0001";"NE_0001";"NE_0001";"NE_0001";"NE_0001";"NE_0001"
"2023";"10";"150120";"LIMA";"LIMA";"MAGDALENA DEL MAR";"PRIVADO";"II-E";"00011803";"CLINICA VIRGEN DEL ROSARIO SRL";"240000";"HOSPITALIZACIÓN";"194";"201";"298";"203";"24";"690";"0"
"2023";"10";"160108";"LORETO";"MAYNAS";"PUNCHANA";"ESSALUD";"III-1";"00011409";"HOSPITAL III IQUITOS";"241900";"HOSPITALIZACIÓN DE MEDICINA MEDICINA INTERNA ";"121";"132";"1132";"1004";"44";"1364";"8"
"2023";"10";"160108";"LORETO";"MAYNAS";"PUNCHANA";"ESSALUD";"III-1";"00011409";"HOSPITAL III IQUITOS";"240100";"HOSPITALIZACIÓN QUIRÚRGICA CIRUGÍA GENERAL ";"223";"202";"775";"870";"40";"1240";"0"
"2023";"10";"160108";"LORETO";"MAYNAS";"PUNCHANA";"ESSALUD";"III-1";"00011409";"HOSPITAL III IQUITOS";"241400";"HOSPITALIZACIÓN QUIRÚRGICA GINECO - OBSTETRICIA ";"39";"39";"115";"118";"5";"155";"0"
"2023";"10";"160108";"LORETO";"MAYNAS";"PUNCHANA";"ESSALUD";"III-1";"00011409";"HOSPITAL III IQUITOS";"241600";"HOSPITALIZACIÓN QUIRÚRGICA OBSTETRICIA   ";"200";"201";"437";"421";"18";"558";"0"
"2023";"10";"160108";"LORETO";"MAYNAS";"PUNCHANA";"ESSALUD";"III-1";"00011409";"HOSPITAL III IQUITOS";"242300";"HOSPITALIZACIÓN DE PEDIATRÍA  PEDIATRÍA  GENERAL ";"78";"81";"347";"346";"14";"434";"0"
"2023";"10";"160108";"LORETO";"MAYNAS";"PUNCHANA";"ESSALUD";"III-1";"00011409";"HOSPITAL III IQUITOS";"250100";"UNIDAD DE CUIDADOS CRITICOS UNIDAD  DE CUIDADOS INTENSIVOS GENERALES (UCI) ";"27";"24";"197";"228";"10";"310";"7"
"2023";"10";"160108";"LORETO";"MAYNAS";"PUNCHANA";"ESSALUD";"III-1";"00011409";"HOSPITAL III IQUITOS";"250200";"UNIDAD DE CUIDADOS CRITICOS UNIDAD DE CUIDADOS INTERMEDIOS GENERAL  (UCIN) ";"67";"68";"362";"341";"13";"403";"0"
"2023";"10";"050110";"AYACUCHO";"HUAMANGA";"SAN JUAN BAUTISTA";"GOBIERNO REGIONAL";"I-4";"00003598";"CENTRO DE SALUD DE SAN JUAN BAUTISTA";"NE_0001";"";"NE_0001";"NE_0001";"NE_0001";"NE_0001";"NE_0001";"NE_0001";"NE_0001"
"2023";"10";"210101";"PUNO";"PUNO";"PUNO";"SANIDAD DEL EJERCITO DEL PERU";"I-3";"00021066";"POLICLÍNICO MILITAR MANCO CÁPAC";"NE_0001";"";"NE_0001";"NE_0001";"NE_0001";"NE_0001";"NE_0001";"NE_0001";"NE_0001"
"2023";"10";"050110";"AYACUCHO";"HUAMANGA";"SAN JUAN BAUTISTA";"GOBIERNO REGIONAL";"I-3";"00006882";"LOS OLIVOS";"NE_0001";"";"NE_0001";"NE_0001";"NE_0001";"NE_0001";"NE_0001";"NE_0001";"NE_0001"
"2023";"10";"050110";"AYACUCHO";"HUAMANGA";"SAN JUAN BAUTISTA";"GOBIERNO REGIONAL";"I-2";"00003599";"PUESTO DE SALUD ÑAHUINPUQUIO";"NE_0001";"";"NE_0001";"NE_0001";"NE_0001";"NE_0001";"NE_0001";"NE_0001";"NE_0001"
"2023";"10";"060613";"CAJAMARCA";"CUTERVO";"SANTO TOMAS";"GOBIERNO REGIONAL";"I-1";"00005023";"TAMBILLO DE SANTO TOMAS";"NE_0001";"";"NE_0001";"NE_0001";"NE_0001";"NE_0001";"NE_0001";"NE_0001";"NE_0001"
"2023";"10";"060613";"CAJAMARCA";"CUTERVO";"SANTO TOMAS";"GOBIERNO REGIONAL";"I-1";"00007750";"TAYALES";"NE_0001";"";"NE_0001";"NE_0001";"NE_0001";"NE_0001";"NE_0001";"NE_0001";"NE_0001"
"2023";"10";"060613";"CAJAMARCA";"CUTERVO";"SANTO TOMAS";"GOBIERNO REGIONAL";"I-1";"00011067";"PLAYA GRANDE";"NE_0001";"";"NE_0001";"NE_0001";"NE_0001";"NE_0001";"NE_0001";"NE_0001";"NE_0001"
"2023";"10";"060613";"CAJAMARCA";"CUTERVO";"SANTO TOMAS";"GOBIERNO REGIONAL";"I-1";"00011065";"PALMA CENTRAL";"NE_0001";"";"NE_0001";"NE_0001";"NE_0001";"NE_0001";"NE_0001";"NE_0001";"NE_0001"
"2023";"10";"060606";"CAJAMARCA";"CUTERVO";"PIMPINGOS";"GOBIERNO REGIONAL";"I-1";"00005014";"CONDORHUASI";"NE_0001";"";"NE_0001";"NE_0001";"NE_0001";"NE_0001";"NE_0001";"NE_0001";"NE_0001"
"2023";"10";"060606";"CAJAMARCA";"CUTERVO";"PIMPINGOS";"GOBIERNO REGIONAL";"I-1";"00005016";"PANDALLE";"NE_0001";"";"NE_0001";"NE_0001";"NE_0001";"NE_0001";"NE_0001";"NE_0001";"NE_0001"
"2023";"10";"060606";"CAJAMARCA";"CUTERVO";"PIMPINGOS";"GOBIERNO REGIONAL";"I-3";"00005012";"PIMPINCOS";"NE_0001";"";"NE_0001";"NE_0001";"NE_0001";"NE_0001";"NE_0001";"NE_0001";"NE_0001"
"2023";"10";"060613";"CAJAMARCA";"CUTERVO";"SANTO TOMAS";"GOBIERNO REGIONAL";"I-1";"00005024";"LANCHEPATA";"NE_0001";"";"NE_0001";"NE_0001";"NE_0001";"NE_0001";"NE_0001";"NE_0001";"NE_0001"
"2023";"10";"220201";"SAN MARTIN";"BELLAVISTA";"BELLAVISTA";"GOBIERNO REGIONAL";"II-E";"00006502";"HOSPITAL BELLAVISTA";"240100";"HOSPITALIZACIÓN QUIRÚRGICA CIRUGÍA GENERAL ";"18";"18";"46";"46";"8";"248";"0"
"2023";"10";"220201";"SAN MARTIN";"BELLAVISTA";"BELLAVISTA";"GOBIERNO REGIONAL";"II-E";"00006502";"HOSPITAL BELLAVISTA";"241500";"HOSPITALIZACIÓN QUIRÚRGICA GINECOLOGÍA  ";"14";"15";"35";"35";"6";"186";"0"
"2023";"10";"220201";"SAN MARTIN";"BELLAVISTA";"BELLAVISTA";"GOBIERNO REGIONAL";"II-E";"00006502";"HOSPITAL BELLAVISTA";"241900";"HOSPITALIZACIÓN DE MEDICINA MEDICINA INTERNA ";"28";"32";"115";"115";"10";"310";"0"
"2023";"10";"220201";"SAN MARTIN";"BELLAVISTA";"BELLAVISTA";"GOBIERNO REGIONAL";"II-E";"00006502";"HOSPITAL BELLAVISTA";"242500";"HOSPITALIZACIÓN-PEDIATRÍA GENERAL-";"12";"16";"85";"85";"6";"186";"0"
"2023";"10";"220201";"SAN MARTIN";"BELLAVISTA";"BELLAVISTA";"GOBIERNO REGIONAL";"II-E";"00006502";"HOSPITAL BELLAVISTA";"243200";"HOSPITALIZACIÓN DE PEDIATRÍA PEDIATRIA NEONATOLOGÍA";"5";"7";"27";"27";"2";"62";"0"
"2023";"10";"150103";"LIMA";"LIMA";"ATE";"MINSA";"II-1";"00005883";"HOSPITAL DE HUAYCAN";"241800";"HOSPITALIZACIÓN DE MEDICINA MEDICINA GENERAL ";"28";"26";"194";"210";"7";"217";"0"
"2023";"10";"150103";"LIMA";"LIMA";"ATE";"MINSA";"II-1";"00005883";"HOSPITAL DE HUAYCAN";"240100";"HOSPITALIZACIÓN QUIRÚRGICA CIRUGÍA GENERAL ";"31";"36";"143";"135";"11";"341";"0"
"2023";"10";"150103";"LIMA";"LIMA";"ATE";"MINSA";"II-1";"00005883";"HOSPITAL DE HUAYCAN";"241200";"HOSPITALIZACIÓN QUIRÚRGICA TRAUMATOLOGÍA Y ORTOPEDIA ";"15";"16";"72";"72";"4";"124";"0"
"2023";"10";"150103";"LIMA";"LIMA";"ATE";"MINSA";"II-1";"00005883";"HOSPITAL DE HUAYCAN";"242500";"HOSPITALIZACIÓN-PEDIATRÍA GENERAL-";"47";"44";"137";"137";"11";"341";"0"
"2023";"10";"150103";"LIMA";"LIMA";"ATE";"MINSA";"II-1";"00005883";"HOSPITAL DE HUAYCAN";"241600";"HOSPITALIZACIÓN QUIRÚRGICA OBSTETRICIA   ";"130";"130";"284";"194";"16";"496";"0"
"2023";"10";"150103";"LIMA";"LIMA";"ATE";"MINSA";"II-1";"00005883";"HOSPITAL DE HUAYCAN";"241500";"HOSPITALIZACIÓN QUIRÚRGICA GINECOLOGÍA  ";"3";"3";"8";"8";"1";"31";"0"
"2023";"11";"220104";"SAN MARTIN";"MOYOBAMBA";"JEPELACIO";"GOBIERNO REGIONAL";"I-1";"00007238";"PACAYPITE";"NE_0001";"";"NE_0001";"NE_0001";"NE_0001";"NE_0001";"NE_0001";"NE_0001";"NE_0001"
"2023";"11";"220104";"SAN MARTIN";"MOYOBAMBA";"JEPELACIO";"GOBIERNO REGIONAL";"I-4";"00006337";"JEPELACIO";"241400";"HOSPITALIZACIÓN QUIRÚRGICA GINECO - OBSTETRICIA ";"4";"4";"4";"4";"4";"60";"0"
"2023";"11";"220104";"SAN MARTIN";"MOYOBAMBA";"JEPELACIO";"GOBIERNO REGIONAL";"I-2";"00006339";"SHUCSHUYACU";"NE_0001";"";"NE_0001";"NE_0001";"NE_0001";"NE_0001";"NE_0001";"NE_0001";"NE_0001"
"2023";"11";"110305";"ICA";"NAZCA";"VISTA ALEGRE";"ESSALUD";"I-3";"00010429";"NASCA";"NE_0001";"";"NE_0001";"NE_0001";"NE_0001";"NE_0001";"NE_0001";"NE_0001";"NE_0001"
"2023";"11";"130906";"LA LIBERTAD";"SANCHEZ CARRION";"SANAGORAN";"GOBIERNO REGIONAL";"I-1";"00019765";"24 DE JUNIO";"NE_0001";"";"NE_0001";"NE_0001";"NE_0001";"NE_0001";"NE_0001";"NE_0001";"NE_0001"
"2023";"11";"130906";"LA LIBERTAD";"SANCHEZ CARRION";"SANAGORAN";"GOBIERNO REGIONAL";"I-2";"00007240";"HUALASGOSDAY";"NE_0001";"";"NE_0001";"NE_0001";"NE_0001";"NE_0001";"NE_0001";"NE_0001";"NE_0001"
"2023";"11";"130906";"LA LIBERTAD";"SANCHEZ CARRION";"SANAGORAN";"GOBIERNO REGIONAL";"I-2";"00007241";"CORRAL GRANDE";"NE_0001";"";"NE_0001";"NE_0001";"NE_0001";"NE_0001";"NE_0001";"NE_0001";"NE_0001"
"2023";"11";"040101";"AREQUIPA";"AREQUIPA";"AREQUIPA";"ESSALUD";"III-1";"00013290";"HOSPITAL NACIONAL III-1 CARLOS ALBERTO SEGUÍN ESCOBEDO";"242300";"HOSPITALIZACIÓN DE PEDIATRÍA  PEDIATRÍA  GENERAL ";"23";"15";"425";"303";"11";"330";"0"
"2023";"11";"040101";"AREQUIPA";"AREQUIPA";"AREQUIPA";"ESSALUD";"III-1";"00013290";"HOSPITAL NACIONAL III-1 CARLOS ALBERTO SEGUÍN ESCOBEDO";"241900";"HOSPITALIZACIÓN DE MEDICINA MEDICINA INTERNA ";"369";"320";"4984";"4370";"153";"4590";"29"
"2023";"11";"040101";"AREQUIPA";"AREQUIPA";"AREQUIPA";"ESSALUD";"III-1";"00013290";"HOSPITAL NACIONAL III-1 CARLOS ALBERTO SEGUÍN ESCOBEDO";"240200";"HOSPITALIZACIÓN QUIRÚRGICA CIRUGÍA DE CABEZA Y CUELLO / MÁXILO FACIAL ";"41";"40";"197";"192";"7";"210";"0"
"2023";"11";"040101";"AREQUIPA";"AREQUIPA";"AREQUIPA";"ESSALUD";"III-1";"00013290";"HOSPITAL NACIONAL III-1 CARLOS ALBERTO SEGUÍN ESCOBEDO";"240400";"HOSPITALIZACIÓN QUIRÚRGICA CIRUGÍA DE TÓRAX Y CARDIOVASCULAR ";"31";"24";"480";"303";"12";"360";"0"
"2023";"11";"040101";"AREQUIPA";"AREQUIPA";"AREQUIPA";"ESSALUD";"III-1";"00013290";"HOSPITAL NACIONAL III-1 CARLOS ALBERTO SEGUÍN ESCOBEDO";"241000";"HOSPITALIZACIÓN QUIRÚRGICA ONCOLOGÍA QUIRÚRGICA  ";"19";"20";"127";"138";"5";"150";"0"
"2023";"11";"040101";"AREQUIPA";"AREQUIPA";"AREQUIPA";"ESSALUD";"III-1";"00013290";"HOSPITAL NACIONAL III-1 CARLOS ALBERTO SEGUÍN ESCOBEDO";"240800";"HOSPITALIZACIÓN QUIRÚRGICA CIRUGÍA PLÁSTICA/RECONSTRUCTIVA/ REPARADORA ";"21";"18";"210";"277";"10";"300";"0"
"2023";"11";"040101";"AREQUIPA";"AREQUIPA";"AREQUIPA";"ESSALUD";"III-1";"00013290";"HOSPITAL NACIONAL III-1 CARLOS ALBERTO SEGUÍN ESCOBEDO";"240900";"HOSPITALIZACIÓN QUIRÚRGICA NEUROCIRUGÍA ";"37";"36";"703";"388";"14";"420";"1"
"2023";"11";"040101";"AREQUIPA";"AREQUIPA";"AREQUIPA";"ESSALUD";"III-1";"00013290";"HOSPITAL NACIONAL III-1 CARLOS ALBERTO SEGUÍN ESCOBEDO";"240100";"HOSPITALIZACIÓN QUIRÚRGICA CIRUGÍA GENERAL ";"78";"79";"557";"329";"11";"330";"3"
"2023";"11";"040101";"AREQUIPA";"AREQUIPA";"AREQUIPA";"ESSALUD";"III-1";"00013290";"HOSPITAL NACIONAL III-1 CARLOS ALBERTO SEGUÍN ESCOBEDO";"241100";"HOSPITALIZACIÓN QUIRÚRGICA OTORRINOLARINGOLOGÍA  ";"39";"34";"111";"111";"5";"150";"0"
"2023";"11";"040101";"AREQUIPA";"AREQUIPA";"AREQUIPA";"ESSALUD";"III-1";"00013290";"HOSPITAL NACIONAL III-1 CARLOS ALBERTO SEGUÍN ESCOBEDO";"242202";"HOSPITALIZACIÓN DE MEDICINA PSIQUIATRÍA PSIQUIATRÍA DEL ADULTO Y GERONTE";"26";"25";"648";"528";"24";"720";"0"
"2023";"11";"040101";"AREQUIPA";"AREQUIPA";"AREQUIPA";"ESSALUD";"III-1";"00013290";"HOSPITAL NACIONAL III-1 CARLOS ALBERTO SEGUÍN ESCOBEDO";"241200";"HOSPITALIZACIÓN QUIRÚRGICA TRAUMATOLOGÍA Y ORTOPEDIA ";"122";"118";"896";"794";"27";"810";"5"
"2023";"11";"040101";"AREQUIPA";"AREQUIPA";"AREQUIPA";"ESSALUD";"III-1";"00013290";"HOSPITAL NACIONAL III-1 CARLOS ALBERTO SEGUÍN ESCOBEDO";"241300";"HOSPITALIZACIÓN QUIRÚRGICA UROLOGÍA  ";"43";"38";"252";"282";"10";"300";"0"
"2023";"11";"040101";"AREQUIPA";"AREQUIPA";"AREQUIPA";"ESSALUD";"III-1";"00013290";"HOSPITAL NACIONAL III-1 CARLOS ALBERTO SEGUÍN ESCOBEDO";"240100";"HOSPITALIZACIÓN QUIRÚRGICA CIRUGÍA GENERAL ";"132";"135";"1126";"883";"30";"900";"3"
"2023";"11";"040101";"AREQUIPA";"AREQUIPA";"AREQUIPA";"ESSALUD";"III-1";"00013290";"HOSPITAL NACIONAL III-1 CARLOS ALBERTO SEGUÍN ESCOBEDO";"240700";"HOSPITALIZACIÓN QUIRÚRGICA CIRUGÍA PEDIÁTRICA ";"4";"3";"30";"30";"1";"30";"0"
"2023";"11";"040101";"AREQUIPA";"AREQUIPA";"AREQUIPA";"ESSALUD";"III-1";"00013290";"HOSPITAL NACIONAL III-1 CARLOS ALBERTO SEGUÍN ESCOBEDO";"241500";"HOSPITALIZACIÓN QUIRÚRGICA GINECOLOGÍA  ";"53";"50";"178";"178";"6";"180";"0"
"2023";"11";"040101";"AREQUIPA";"AREQUIPA";"AREQUIPA";"ESSALUD";"III-1";"00013290";"HOSPITAL NACIONAL III-1 CARLOS ALBERTO SEGUÍN ESCOBEDO";"242300";"HOSPITALIZACIÓN DE PEDIATRÍA  PEDIATRÍA  GENERAL ";"12";"12";"199";"173";"9";"270";"0"
"2023";"11";"040101";"AREQUIPA";"AREQUIPA";"AREQUIPA";"ESSALUD";"III-1";"00013290";"HOSPITAL NACIONAL III-1 CARLOS ALBERTO SEGUÍN ESCOBEDO";"243200";"HOSPITALIZACIÓN DE PEDIATRÍA PEDIATRIA NEONATOLOGÍA";"64";"56";"603";"202";"9";"270";"1"
"2023";"11";"040101";"AREQUIPA";"AREQUIPA";"AREQUIPA";"ESSALUD";"III-1";"00013290";"HOSPITAL NACIONAL III-1 CARLOS ALBERTO SEGUÍN ESCOBEDO";"241600";"HOSPITALIZACIÓN QUIRÚRGICA OBSTETRICIA   ";"101";"90";"431";"362";"16";"480";"1"
"2023";"11";"040101";"AREQUIPA";"AREQUIPA";"AREQUIPA";"ESSALUD";"III-1";"00013290";"HOSPITAL NACIONAL III-1 CARLOS ALBERTO SEGUÍN ESCOBEDO";"241700";"HOSPITALIZACIÓN QUIRÚRGICA GINECOLOGÍA   GINECOLOGIA ONCOLOGiCA";"25";"26";"98";"87";"5";"150";"0"
"2023";"11";"040101";"AREQUIPA";"AREQUIPA";"AREQUIPA";"ESSALUD";"III-1";"00013290";"HOSPITAL NACIONAL III-1 CARLOS ALBERTO SEGUÍN ESCOBEDO";"250100";"UNIDAD DE CUIDADOS CRITICOS UNIDAD  DE CUIDADOS INTENSIVOS GENERALES (UCI) ";"98";"96";"1336";"1452";"50";"1500";"11"
"2023";"11";"040101";"AREQUIPA";"AREQUIPA";"AREQUIPA";"ESSALUD";"III-1";"00013290";"HOSPITAL NACIONAL III-1 CARLOS ALBERTO SEGUÍN ESCOBEDO";"250200";"UNIDAD DE CUIDADOS CRITICOS UNIDAD DE CUIDADOS INTERMEDIOS GENERAL  (UCIN) ";"75";"77";"503";"402";"15";"450";"1"
"2023";"11";"060508";"CAJAMARCA";"CONTUMAZA";"YONAN";"ESSALUD";"I-2";"00010274";"POSTA MEDICA TEMBLADERA";"NE_0001";"";"NE_0001";"NE_0001";"NE_0001";"NE_0001";"NE_0001";"NE_0001";"NE_0001"
"2023";"11";"150137";"LIMA";"LIMA";"SANTA ANITA";"ESSALUD";"II-E";"00010434";"ESSALUD - HOSPITAL IIE SAN ISIDRO LABRADOR";"250103";"UNIDAD DE CUIDADOS CRITICOS UNIDAD  DE CUIDADOS INTENSIVOS GENERALES  (UCI) MEDICINA";"4";"5";"175";"132";"8";"186";"4"
"2023";"11";"050202";"AYACUCHO";"CANGALLO";"CHUSCHI";"GOBIERNO REGIONAL";"I-1";"00003593";"PUESTO DE SALUD PUNKUPATA";"NE_0002";"";"NE_0002";"NE_0002";"NE_0002";"NE_0002";"NE_0002";"NE_0002";"NE_0002"
"2023";"11";"050202";"AYACUCHO";"CANGALLO";"CHUSCHI";"GOBIERNO REGIONAL";"I-2";"00003592";"PUESTO DE SALUD CATALINAYOC";"NE_0002";"";"NE_0002";"NE_0002";"NE_0002";"NE_0002";"NE_0002";"NE_0002";"NE_0002"
"2023";"11";"050114";"AYACUCHO";"HUAMANGA";"VINCHOS";"GOBIERNO REGIONAL";"I-3";"00003590";"CENTRO DE  SALUD PUTACCA";"NE_0002";"";"NE_0002";"NE_0002";"NE_0002";"NE_0002";"NE_0002";"NE_0002";"NE_0002"
"2023";"11";"050114";"AYACUCHO";"HUAMANGA";"VINCHOS";"GOBIERNO REGIONAL";"I-1";"00003591";"ROSASPATA";"NE_0002";"";"NE_0002";"NE_0002";"NE_0002";"NE_0002";"NE_0002";"NE_0002";"NE_0002"
"2023";"11";"050202";"AYACUCHO";"CANGALLO";"CHUSCHI";"GOBIERNO REGIONAL";"I-1";"00006753";"PUESTO DE SALUD CUCHUQUESERA";"NE_0002";"";"NE_0002";"NE_0002";"NE_0002";"NE_0002";"NE_0002";"NE_0002";"NE_0002"
"2023";"11";"050114";"AYACUCHO";"HUAMANGA";"VINCHOS";"GOBIERNO REGIONAL";"I-1";"00003589";"PUESTO DE SALUD MILLPO";"NE_0002";"";"NE_0002";"NE_0002";"NE_0002";"NE_0002";"NE_0002";"NE_0002";"NE_0002"
"2023";"11";"220901";"SAN MARTIN";"SAN MARTIN";"TARAPOTO";"ESSALUD";"I-2";"00027727";"CENTRO DE ATENCIÓN PRIMARIA METROPOLITANO - ESSALUD";"NE_0001";"";"NE_0001";"NE_0001";"NE_0001";"NE_0001";"NE_0001";"NE_0001";"NE_0001"
"2023";"11";"120605";"JUNIN";"SATIPO";"PAMPA HERMOSA";"GOBIERNO REGIONAL";"I-1";"00007185";"PAMPA MANDARINA";"NE_0001";"";"NE_0001";"NE_0001";"NE_0001";"NE_0001";"NE_0001";"NE_0001";"NE_0001"
"2023";"11";"150113";"LIMA";"LIMA";"JESUS MARIA";"ESSALUD";"I-3";"00008711";"POLICLINICO PABLO BERMUDEZ";"NE_0001";"";"NE_0001";"NE_0001";"NE_0001";"NE_0001";"NE_0001";"NE_0001";"NE_0001"
"2023";"11";"150122";"LIMA";"LIMA";"MIRAFLORES";"PRIVADO";"0";"00023901";"INSTITUTO DE GAMMA KNIFE DEL PACIFICO SAC";"NE_0001";"";"NE_0001";"NE_0001";"NE_0001";"NE_0001";"NE_0001";"NE_0001";"NE_0001"
"2023";"11";"150122";"LIMA";"LIMA";"MIRAFLORES";"PRIVADO";"II-E";"00019748";"CLINICA HIGUERETA";"240000";"HOSPITALIZACIÓN";"124";"116";"477";"361";"17";"527";"0"
"2023";"11";"150122";"LIMA";"LIMA";"MIRAFLORES";"PRIVADO";"II-E";"00019748";"CLINICA HIGUERETA";"250100";"UNIDAD DE CUIDADOS CRITICOS UNIDAD  DE CUIDADOS INTENSIVOS GENERALES (UCI) ";"1";"0";"31";"31";"2";"62";"0"
"2023";"11";"200104";"PIURA";"PIURA";"CASTILLA";"ESSALUD";"II-E";"00016363";"INSTITUTO PERUANO DE OFTALMOLOGIA";"240000";"HOSPITALIZACIÓN";"152";"152";"153";"152";"6";"180";"0"
"2023";"10";"150121";"LIMA";"LIMA";"PUEBLO LIBRE";"PRIVADO";"II-1";"00010831";"centro Especializado en Odontoestomatología";"NE_0001";"";"NE_0001";"NE_0001";"NE_0001";"NE_0001";"NE_0001";"NE_0001";"NE_0001"
"2023";"11";"150121";"LIMA";"LIMA";"PUEBLO LIBRE";"PRIVADO";"II-E";"00020230";"CLINICA DE OJOS GLOBAL LASER";"NE_0001";"";"NE_0001";"NE_0001";"NE_0001";"NE_0001";"NE_0001";"NE_0001";"NE_0001"
"2023";"11";"040126";"AREQUIPA";"AREQUIPA";"YANAHUARA";"PRIVADO";"II-1";"00028448";"CLINICA EMMEL";"245700";"HOSPITALIZACIÓN QUIRÚRGICA CARDIOLOGIA ";"1";"1";"1";"1";"1";"31";"0"
"2023";"11";"040126";"AREQUIPA";"AREQUIPA";"YANAHUARA";"PRIVADO";"II-1";"00028448";"CLINICA EMMEL";"240200";"HOSPITALIZACIÓN QUIRÚRGICA CIRUGÍA DE CABEZA Y CUELLO / MÁXILO FACIAL ";"4";"3";"4";"2";"2";"62";"0"
"2023";"11";"040126";"AREQUIPA";"AREQUIPA";"YANAHUARA";"PRIVADO";"II-1";"00028448";"CLINICA EMMEL";"240400";"HOSPITALIZACIÓN QUIRÚRGICA CIRUGÍA DE TÓRAX Y CARDIOVASCULAR ";"1";"1";"4";"2";"2";"62";"0"
"2023";"11";"040126";"AREQUIPA";"AREQUIPA";"YANAHUARA";"PRIVADO";"II-1";"00028448";"CLINICA EMMEL";"240100";"HOSPITALIZACIÓN QUIRÚRGICA CIRUGÍA GENERAL ";"94";"93";"131";"130";"5";"155";"0"
"2023";"11";"040126";"AREQUIPA";"AREQUIPA";"YANAHUARA";"PRIVADO";"II-1";"00028448";"CLINICA EMMEL";"241000";"HOSPITALIZACIÓN QUIRÚRGICA ONCOLOGÍA QUIRÚRGICA  ";"3";"3";"3";"1";"1";"31";"0"
"2023";"11";"040126";"AREQUIPA";"AREQUIPA";"YANAHUARA";"PRIVADO";"II-1";"00028448";"CLINICA EMMEL";"240300";"HOSPITALIZACIÓN QUIRÚRGICA CIRUGÍA DIGESTIVA ";"3";"3";"3";"1";"1";"31";"0"
"2023";"11";"040126";"AREQUIPA";"AREQUIPA";"YANAHUARA";"PRIVADO";"II-1";"00028448";"CLINICA EMMEL";"241400";"HOSPITALIZACIÓN QUIRÚRGICA GINECO - OBSTETRICIA ";"3";"3";"3";"1";"1";"31";"0"
"2023";"11";"040126";"AREQUIPA";"AREQUIPA";"YANAHUARA";"PRIVADO";"II-1";"00028448";"CLINICA EMMEL";"240900";"HOSPITALIZACIÓN QUIRÚRGICA NEUROCIRUGÍA ";"6";"6";"21";"19";"3";"93";"0"
"2023";"11";"040126";"AREQUIPA";"AREQUIPA";"YANAHUARA";"PRIVADO";"II-1";"00028448";"CLINICA EMMEL";"241200";"HOSPITALIZACIÓN QUIRÚRGICA TRAUMATOLOGÍA Y ORTOPEDIA ";"14";"15";"28";"25";"3";"93";"0"
"2023";"11";"040126";"AREQUIPA";"AREQUIPA";"YANAHUARA";"PRIVADO";"II-1";"00028448";"CLINICA EMMEL";"241300";"HOSPITALIZACIÓN QUIRÚRGICA UROLOGÍA  ";"2";"2";"2";"1";"1";"31";"0"
"2023";"11";"110201";"ICA";"CHINCHA";"CHINCHA ALTA";"GOBIERNO REGIONAL";"II-1";"00003414";"HOSPITAL SAN JOSE DE CHINCHA";"240100";"HOSPITALIZACIÓN QUIRÚRGICA CIRUGÍA GENERAL ";"105";"105";"473";"470";"32";"960";"0"
"2023";"11";"110201";"ICA";"CHINCHA";"CHINCHA ALTA";"GOBIERNO REGIONAL";"II-1";"00003414";"HOSPITAL SAN JOSE DE CHINCHA";"241400";"HOSPITALIZACIÓN QUIRÚRGICA GINECO - OBSTETRICIA ";"224";"224";"475";"471";"40";"1200";"0"
"2023";"11";"110201";"ICA";"CHINCHA";"CHINCHA ALTA";"GOBIERNO REGIONAL";"II-1";"00003414";"HOSPITAL SAN JOSE DE CHINCHA";"241800";"HOSPITALIZACIÓN DE MEDICINA MEDICINA GENERAL ";"95";"95";"685";"683";"68";"2040";"16"
"2023";"11";"110201";"ICA";"CHINCHA";"CHINCHA ALTA";"GOBIERNO REGIONAL";"II-1";"00003414";"HOSPITAL SAN JOSE DE CHINCHA";"242500";"HOSPITALIZACIÓN-PEDIATRÍA GENERAL-";"86";"86";"306";"305";"14";"420";"3"
"2023";"11";"220605";"SAN MARTIN";"MARISCAL CACERES";"PAJARILLO";"GOBIERNO REGIONAL";"I-1";"00006564";"DOS UNIDOS";"NE_0001";"";"NE_0001";"NE_0001";"NE_0001";"NE_0001";"NE_0001";"NE_0001";"NE_0001"
"2023";"11";"220602";"SAN MARTIN";"MARISCAL CACERES";"CAMPANILLA";"GOBIERNO REGIONAL";"I-1";"00006566";"CUÑUMBUZA";"NE_0001";"";"NE_0001";"NE_0001";"NE_0001";"NE_0001";"NE_0001";"NE_0001";"NE_0001"
"2023";"11";"220202";"SAN MARTIN";"BELLAVISTA";"ALTO BIAVO";"GOBIERNO REGIONAL";"I-1";"00006714";"CENTRO AMERICA";"NE_0001";"";"NE_0001";"NE_0001";"NE_0001";"NE_0001";"NE_0001";"NE_0001";"NE_0001"
"2023";"09";"150121";"LIMA";"LIMA";"PUEBLO LIBRE";"PRIVADO";"II-E";"00008351";"CLINICAS SAN BERNARDO S.A.";"240000";"HOSPITALIZACIÓN";"104";"102";"229";"219";"22";"660";"0"
"2023";"09";"010601";"AMAZONAS";"RODRIGUEZ DE MENDOZA";"SAN NICOLAS";"GOBIERNO REGIONAL";"II-1";"00004950";"MARIA AUXILIADORA";"241600";"HOSPITALIZACIÓN QUIRÚRGICA OBSTETRICIA   ";"12";"12";"25";"25";"5";"150";"0"
"2023";"09";"010601";"AMAZONAS";"RODRIGUEZ DE MENDOZA";"SAN NICOLAS";"GOBIERNO REGIONAL";"II-1";"00004950";"MARIA AUXILIADORA";"241800";"HOSPITALIZACIÓN DE MEDICINA MEDICINA GENERAL ";"25";"25";"114";"114";"10";"300";"0"
"2023";"09";"150133";"LIMA";"LIMA";"SAN JUAN DE MIRAFLORES";"PRIVADO";"II-2";"00018985";"CLINICA SANTA MARTHA DEL SUR";"240000";"HOSPITALIZACIÓN";"205";"209";"657";"1832";"82";"2542";"0"
"2023";"09";"150133";"LIMA";"LIMA";"SAN JUAN DE MIRAFLORES";"PRIVADO";"II-2";"00018985";"CLINICA SANTA MARTHA DEL SUR";"250100";"UNIDAD DE CUIDADOS CRITICOS UNIDAD  DE CUIDADOS INTENSIVOS GENERALES (UCI) ";"22";"21";"41";"75";"7";"217";"0"
"2023";"09";"060801";"CAJAMARCA";"JAEN";"JAEN";"GOBIERNO REGIONAL";"II-2";"00004210";"HOSPITAL GENERAL DE JAEN";"241800";"HOSPITALIZACIÓN DE MEDICINA MEDICINA GENERAL ";"67";"75";"658";"92";"40";"1200";"11"
"2023";"09";"060801";"CAJAMARCA";"JAEN";"JAEN";"GOBIERNO REGIONAL";"II-2";"00004210";"HOSPITAL GENERAL DE JAEN";"240100";"HOSPITALIZACIÓN QUIRÚRGICA CIRUGÍA GENERAL ";"137";"145";"749";"157";"34";"1020";"0"
"2023";"09";"060801";"CAJAMARCA";"JAEN";"JAEN";"GOBIERNO REGIONAL";"II-2";"00004210";"HOSPITAL GENERAL DE JAEN";"241600";"HOSPITALIZACIÓN QUIRÚRGICA OBSTETRICIA   ";"269";"273";"896";"288";"25";"750";"0"
"2023";"09";"060801";"CAJAMARCA";"JAEN";"JAEN";"GOBIERNO REGIONAL";"II-2";"00004210";"HOSPITAL GENERAL DE JAEN";"242500";"HOSPITALIZACIÓN-PEDIATRÍA GENERAL-";"76";"74";"433";"88";"15";"450";"0"
"2023";"09";"060801";"CAJAMARCA";"JAEN";"JAEN";"GOBIERNO REGIONAL";"II-2";"00004210";"HOSPITAL GENERAL DE JAEN";"243200";"HOSPITALIZACIÓN DE PEDIATRÍA PEDIATRIA NEONATOLOGÍA";"34";"34";"305";"44";"17";"510";"1"
"2023";"09";"150110";"LIMA";"LIMA";"COMAS";"MINSA";"III-1";"00007634";"HOSPITAL SERGIO E. BERNALES";"241900";"HOSPITALIZACIÓN DE MEDICINA MEDICINA INTERNA ";"133";"90";"1428";"1360";"48";"1440";"14"
"2023";"09";"150110";"LIMA";"LIMA";"COMAS";"MINSA";"III-1";"00007634";"HOSPITAL SERGIO E. BERNALES";"245300";"HOSPITALIZACIÓN DE MEDICINA NEUMOLOGÍA  ";"24";"27";"650";"402";"25";"750";"3"
"2023";"09";"150110";"LIMA";"LIMA";"COMAS";"MINSA";"III-1";"00007634";"HOSPITAL SERGIO E. BERNALES";"240100";"HOSPITALIZACIÓN QUIRÚRGICA CIRUGÍA GENERAL ";"233";"252";"1867";"1845";"65";"1950";"4"
"2023";"09";"150110";"LIMA";"LIMA";"COMAS";"MINSA";"III-1";"00007634";"HOSPITAL SERGIO E. BERNALES";"241200";"HOSPITALIZACIÓN QUIRÚRGICA TRAUMATOLOGÍA Y ORTOPEDIA ";"41";"36";"574";"242";"22";"660";"0"
"2023";"09";"150110";"LIMA";"LIMA";"COMAS";"MINSA";"III-1";"00007634";"HOSPITAL SERGIO E. BERNALES";"242300";"HOSPITALIZACIÓN DE PEDIATRÍA  PEDIATRÍA  GENERAL ";"206";"204";"637";"636";"28";"840";"0"
"2023";"09";"150110";"LIMA";"LIMA";"COMAS";"MINSA";"III-1";"00007634";"HOSPITAL SERGIO E. BERNALES";"243200";"HOSPITALIZACIÓN DE PEDIATRÍA PEDIATRIA NEONATOLOGÍA";"281";"120";"548";"572";"29";"870";"0"
"2023";"09";"150110";"LIMA";"LIMA";"COMAS";"MINSA";"III-1";"00007634";"HOSPITAL SERGIO E. BERNALES";"241600";"HOSPITALIZACIÓN QUIRÚRGICA OBSTETRICIA   ";"89";"72";"278";"343";"14";"420";"0"
"2023";"09";"150110";"LIMA";"LIMA";"COMAS";"MINSA";"III-1";"00007634";"HOSPITAL SERGIO E. BERNALES";"241500";"HOSPITALIZACIÓN QUIRÚRGICA GINECOLOGÍA  ";"428";"437";"1089";"1137";"58";"1740";"0"
"2023";"08";"130702";"LA LIBERTAD";"PACASMAYO";"GUADALUPE";"ESSALUD";"I-2";"00012101";"POSTA DE SALUD GUADALUPE";"NE_0001";"";"NE_0001";"NE_0001";"NE_0001";"NE_0001";"NE_0001";"NE_0001";"NE_0001"
"2023";"09";"100108";"HUANUCO";"HUANUCO";"SAN PEDRO DE CHAULAN";"GOBIERNO REGIONAL";"I-1";"00000796";"SAN JOSE DE COZO TINGO";"NE_0001";"";"NE_0001";"NE_0001";"NE_0001";"NE_0001";"NE_0001";"NE_0001";"NE_0001"
"2023";"09";"100108";"HUANUCO";"HUANUCO";"SAN PEDRO DE CHAULAN";"GOBIERNO REGIONAL";"I-3";"00000794";"CHAULAN";"NE_0001";"";"NE_0001";"NE_0001";"NE_0001";"NE_0001";"NE_0001";"NE_0001";"NE_0001"
"2023";"09";"100108";"HUANUCO";"HUANUCO";"SAN PEDRO DE CHAULAN";"GOBIERNO REGIONAL";"I-2";"00000789";"SAN JUAN DE LIBERTAD";"NE_0001";"";"NE_0001";"NE_0001";"NE_0001";"NE_0001";"NE_0001";"NE_0001";"NE_0001"
"2023";"10";"090204";"HUANCAVELICA";"ACOBAMBA";"CAJA";"GOBIERNO REGIONAL";"I-1";"00011225";"PUESTO DE SALUD HUANCCALLACO";"NE_0001";"";"NE_0001";"NE_0001";"NE_0001";"NE_0001";"NE_0001";"NE_0001";"NE_0001"
"2023";"10";"090205";"HUANCAVELICA";"ACOBAMBA";"MARCAS";"GOBIERNO REGIONAL";"I-1";"00011232";"PUESTO DE SALUD PALOMA";"NE_0001";"";"NE_0001";"NE_0001";"NE_0001";"NE_0001";"NE_0001";"NE_0001";"NE_0001"
"2023";"10";"090204";"HUANCAVELICA";"ACOBAMBA";"CAJA";"GOBIERNO REGIONAL";"I-3";"00003926";"CENTRO DE SALUD CAJA ESPIRITU";"NE_0001";"";"NE_0001";"NE_0001";"NE_0001";"NE_0001";"NE_0001";"NE_0001";"NE_0001"
"2023";"10";"090204";"HUANCAVELICA";"ACOBAMBA";"CAJA";"GOBIERNO REGIONAL";"I-1";"00003927";"PUESTO DE SALUD POMACANCHA";"NE_0001";"";"NE_0001";"NE_0001";"NE_0001";"NE_0001";"NE_0001";"NE_0001";"NE_0001"
"2023";"10";"090205";"HUANCAVELICA";"ACOBAMBA";"MARCAS";"GOBIERNO REGIONAL";"I-1";"00011220";"PUESTO DE SALUD HUARPA";"NE_0001";"";"NE_0001";"NE_0001";"NE_0001";"NE_0001";"NE_0001";"NE_0001";"NE_0001"
"2023";"10";"090205";"HUANCAVELICA";"ACOBAMBA";"MARCAS";"GOBIERNO REGIONAL";"I-2";"00003928";"PUESTO DE SALUD MARCAS";"NE_0001";"";"NE_0001";"NE_0001";"NE_0001";"NE_0001";"NE_0001";"NE_0001";"NE_0001"
"2023";"10";"090205";"HUANCAVELICA";"ACOBAMBA";"MARCAS";"GOBIERNO REGIONAL";"I-1";"00003929";"PUESTO DE SALUD CUÑI";"NE_0001";"";"NE_0001";"NE_0001";"NE_0001";"NE_0001";"NE_0001";"NE_0001";"NE_0001"
"2023";"10";"090204";"HUANCAVELICA";"ACOBAMBA";"CAJA";"GOBIERNO REGIONAL";"I-1";"00007389";"PUESTO DE SALUD RURUNMARCA";"NE_0001";"";"NE_0001";"NE_0001";"NE_0001";"NE_0001";"NE_0001";"NE_0001";"NE_0001"
"2023";"10";"040112";"AREQUIPA";"AREQUIPA";"PAUCARPATA";"GOBIERNO REGIONAL";"I-3";"00001297";"CENTRO DE SALUD CIUDAD BLANCA";"NE_0001";"";"NE_0001";"NE_0001";"NE_0001";"NE_0001";"NE_0001";"NE_0001";"NE_0001"
"2023";"10";"040112";"AREQUIPA";"AREQUIPA";"PAUCARPATA";"GOBIERNO REGIONAL";"I-2";"00001312";"PUESTO DE SALUD ISRAEL";"NE_0001";"";"NE_0001";"NE_0001";"NE_0001";"NE_0001";"NE_0001";"NE_0001";"NE_0001"
"2023";"10";"060101";"CAJAMARCA";"CAJAMARCA";"CAJAMARCA";"GOBIERNO REGIONAL";"I-2";"00015496";"CHONTAPACCHA";"NE_0002";"";"NE_0002";"NE_0002";"NE_0002";"NE_0002";"NE_0002";"NE_0002";"NE_0002"
"2023";"10";"060101";"CAJAMARCA";"CAJAMARCA";"CAJAMARCA";"GOBIERNO REGIONAL";"I-1";"00004654";"SAMANACRUZ";"NE_0001";"";"NE_0001";"NE_0001";"NE_0001";"NE_0001";"NE_0001";"NE_0001";"NE_0001"
"2023";"10";"060109";"CAJAMARCA";"CAJAMARCA";"MAGDALENA";"GOBIERNO REGIONAL";"I-1";"00016886";"SAN CRISTOBAL";"NE_0001";"";"NE_0001";"NE_0001";"NE_0001";"NE_0001";"NE_0001";"NE_0001";"NE_0001"
"2023";"10";"150130";"LIMA";"LIMA";"SAN BORJA";"SANIDAD DEL EJERCITO DEL PERU";"I-1";"00029429";"ENFERMERÍA DEL BATALLÓN POLICÍA MILITAR N° 505";"NE_0001";"";"NE_0001";"NE_0001";"NE_0001";"NE_0001";"NE_0001";"NE_0001";"NE_0001"
"2023";"10";"060109";"CAJAMARCA";"CAJAMARCA";"MAGDALENA";"GOBIERNO REGIONAL";"I-1";"00004631";"CUMBICO";"NE_0002";"";"NE_0002";"NE_0002";"NE_0002";"NE_0002";"NE_0002";"NE_0002";"NE_0002"
"2023";"10";"070106";"CALLAO";"CALLAO";"VENTANILLA";"GOBIERNO REGIONAL";"I-2";"00006267";"PUESTO DE SALUD CIUDAD PACHACUTEC";"NE_0001";"";"NE_0001";"NE_0001";"NE_0001";"NE_0001";"NE_0001";"NE_0001";"NE_0001"
"2023";"10";"070106";"CALLAO";"CALLAO";"VENTANILLA";"GOBIERNO REGIONAL";"I-2";"00006264";"PUESTO DE SALUD BAHÍA BLANCA";"NE_0001";"";"NE_0001";"NE_0001";"NE_0001";"NE_0001";"NE_0001";"NE_0001";"NE_0001"
"2023";"10";"070106";"CALLAO";"CALLAO";"VENTANILLA";"GOBIERNO REGIONAL";"I-4";"00007314";"C.S. MATERNO INFANTIL PACHACUTEC  PERU-COREA";"241800";"HOSPITALIZACIÓN DE MEDICINA MEDICINA GENERAL ";"24";"24";"24";"775";"24";"744";"0"
"2023";"10";"040122";"AREQUIPA";"AREQUIPA";"SOCABAYA";"ESSALUD";"I-3";"00013298";"CAP III MELITON SALAS TEJADA";"NE_0001";"";"NE_0001";"NE_0001";"NE_0001";"NE_0001";"NE_0001";"NE_0001";"NE_0001"
"2023";"10";"140101";"LAMBAYEQUE";"CHICLAYO";"CHICLAYO";"PRIVADO";"II-E";"00008750";"CLINICA DEL PACIFICO S.A";"240000";"HOSPITALIZACIÓN";"320";"318";"810";"767";"51";"1530";"5"
"2023";"10";"140101";"LAMBAYEQUE";"CHICLAYO";"CHICLAYO";"PRIVADO";"II-E";"00008750";"CLINICA DEL PACIFICO S.A";"250100";"UNIDAD DE CUIDADOS CRITICOS UNIDAD  DE CUIDADOS INTENSIVOS GENERALES (UCI) ";"5";"6";"39";"30";"4";"120";"1"
"2023";"10";"060801";"CAJAMARCA";"JAEN";"JAEN";"GOBIERNO REGIONAL";"I-1";"00004220";"PALMA CENTRAL";"NE_0001";"";"NE_0001";"NE_0001";"NE_0001";"NE_0001";"NE_0001";"NE_0001";"NE_0001"
"2023";"10";"060801";"CAJAMARCA";"JAEN";"JAEN";"GOBIERNO REGIONAL";"I-4";"00004211";"MORRO SOLAR";"241800";"HOSPITALIZACIÓN DE MEDICINA MEDICINA GENERAL ";"39";"36";"43";"39";"8";"197";"0"
"2023";"10";"060801";"CAJAMARCA";"JAEN";"JAEN";"GOBIERNO REGIONAL";"0";"00031497";"HOGAR PROTEGIDO SEÑOR DE HUAMANTANGA";"NE_0001";"";"NE_0001";"NE_0001";"NE_0001";"NE_0001";"NE_0001";"NE_0001";"NE_0001"
"2023";"10";"060801";"CAJAMARCA";"JAEN";"JAEN";"GOBIERNO REGIONAL";"I-1";"00004214";"LAS NARANJAS";"NE_0001";"";"NE_0001";"NE_0001";"NE_0001";"NE_0001";"NE_0001";"NE_0001";"NE_0001"
"2023";"10";"060801";"CAJAMARCA";"JAEN";"JAEN";"GOBIERNO REGIONAL";"I-1";"00007024";"SAN MARTIN DE PORRES";"NE_0001";"";"NE_0001";"NE_0001";"NE_0001";"NE_0001";"NE_0001";"NE_0001";"NE_0001"
"2023";"10";"060801";"CAJAMARCA";"JAEN";"JAEN";"GOBIERNO REGIONAL";"I-1";"00004221";"VALILLO";"NE_0001";"";"NE_0001";"NE_0001";"NE_0001";"NE_0001";"NE_0001";"NE_0001";"NE_0001"
"2023";"10";"060801";"CAJAMARCA";"JAEN";"JAEN";"GOBIERNO REGIONAL";"I-2";"00025858";"NUEVO HORIZONTE";"NE_0001";"";"NE_0001";"NE_0001";"NE_0001";"NE_0001";"NE_0001";"NE_0001";"NE_0001"
"2023";"10";"150113";"LIMA";"LIMA";"JESUS MARIA";"PRIVADO";"II-1";"00010776";"TRAUMATOLOGIA Y ORTOPEDIA AYBAR & AS SAC";"NE_0002";"";"NE_0002";"NE_0002";"NE_0002";"NE_0002";"NE_0002";"NE_0002";"NE_0002"
"2023";"10";"230101";"TACNA";"TACNA";"TACNA";"GOBIERNO REGIONAL";"II-2";"00002864";"HOSPITAL HIPOLITO UNANUE DE TACNA";"240100";"HOSPITALIZACIÓN QUIRÚRGICA CIRUGÍA GENERAL ";"140";"138";"956";"1123";"39";"1209";"4"
"2023";"10";"230101";"TACNA";"TACNA";"TACNA";"GOBIERNO REGIONAL";"II-2";"00002864";"HOSPITAL HIPOLITO UNANUE DE TACNA";"241500";"HOSPITALIZACIÓN QUIRÚRGICA GINECOLOGÍA  ";"86";"83";"175";"188";"8";"248";"0"
"2023";"10";"230101";"TACNA";"TACNA";"TACNA";"GOBIERNO REGIONAL";"II-2";"00002864";"HOSPITAL HIPOLITO UNANUE DE TACNA";"241900";"HOSPITALIZACIÓN DE MEDICINA MEDICINA INTERNA ";"154";"132";"1083";"1101";"41";"1271";"28"
"2023";"10";"230101";"TACNA";"TACNA";"TACNA";"GOBIERNO REGIONAL";"II-2";"00002864";"HOSPITAL HIPOLITO UNANUE DE TACNA";"243200";"HOSPITALIZACIÓN DE PEDIATRÍA PEDIATRIA NEONATOLOGÍA";"18";"14";"31";"144";"8";"248";"0"
"2023";"10";"230101";"TACNA";"TACNA";"TACNA";"GOBIERNO REGIONAL";"II-2";"00002864";"HOSPITAL HIPOLITO UNANUE DE TACNA";"245300";"HOSPITALIZACIÓN DE MEDICINA NEUMOLOGÍA  ";"15";"11";"75";"95";"5";"155";"1"
"2023";"10";"230101";"TACNA";"TACNA";"TACNA";"GOBIERNO REGIONAL";"II-2";"00002864";"HOSPITAL HIPOLITO UNANUE DE TACNA";"241400";"HOSPITALIZACIÓN QUIRÚRGICA GINECO - OBSTETRICIA ";"207";"195";"508";"835";"33";"1023";"0"
"2023";"10";"230101";"TACNA";"TACNA";"TACNA";"GOBIERNO REGIONAL";"II-2";"00002864";"HOSPITAL HIPOLITO UNANUE DE TACNA";"242300";"HOSPITALIZACIÓN DE PEDIATRÍA  PEDIATRÍA  GENERAL ";"45";"40";"210";"215";"7";"217";"3"
"2023";"10";"230101";"TACNA";"TACNA";"TACNA";"GOBIERNO REGIONAL";"II-2";"00002864";"HOSPITAL HIPOLITO UNANUE DE TACNA";"242200";"HOSPITALIZACIÓN DE MEDICINA PSIQUIATRÍA ";"19";"16";"359";"451";"15";"465";"0"
"2023";"10";"230101";"TACNA";"TACNA";"TACNA";"GOBIERNO REGIONAL";"II-2";"00002864";"HOSPITAL HIPOLITO UNANUE DE TACNA";"240700";"HOSPITALIZACIÓN QUIRÚRGICA CIRUGÍA PEDIÁTRICA ";"25";"23";"141";"151";"5";"155";"0"
"2023";"10";"230101";"TACNA";"TACNA";"TACNA";"GOBIERNO REGIONAL";"II-2";"00002864";"HOSPITAL HIPOLITO UNANUE DE TACNA";"250400";"UNIDAD DE CUIDADOS CRITICOS UNIDAD DE QUEMADOS (GRAN QUEMADO) ";"8";"6";"54";"90";"3";"93";"0"
"2023";"10";"230101";"TACNA";"TACNA";"TACNA";"GOBIERNO REGIONAL";"II-2";"00002864";"HOSPITAL HIPOLITO UNANUE DE TACNA";"241200";"HOSPITALIZACIÓN QUIRÚRGICA TRAUMATOLOGÍA Y ORTOPEDIA ";"19";"14";"233";"612";"20";"620";"0"
"2023";"10";"230101";"TACNA";"TACNA";"TACNA";"GOBIERNO REGIONAL";"II-2";"00002864";"HOSPITAL HIPOLITO UNANUE DE TACNA";"250100";"UNIDAD DE CUIDADOS CRITICOS UNIDAD  DE CUIDADOS INTENSIVOS GENERALES (UCI) ";"7";"6";"60";"184";"6";"186";"0"
"2023";"10";"010101";"AMAZONAS";"CHACHAPOYAS";"CHACHAPOYAS";"ESSALUD";"II-1";"00009066";"HOSPITAL HIGOS URCO";"241800";"HOSPITALIZACIÓN DE MEDICINA MEDICINA GENERAL ";"19";"20";"86";"77";"4";"124";"0"
"2023";"10";"010101";"AMAZONAS";"CHACHAPOYAS";"CHACHAPOYAS";"ESSALUD";"II-1";"00009066";"HOSPITAL HIGOS URCO";"240100";"HOSPITALIZACIÓN QUIRÚRGICA CIRUGÍA GENERAL ";"36";"35";"103";"97";"6";"186";"0"
"2023";"10";"010101";"AMAZONAS";"CHACHAPOYAS";"CHACHAPOYAS";"ESSALUD";"II-1";"00009066";"HOSPITAL HIGOS URCO";"245400";"HOSPITALIZACIÓN DE MEDICINA GINECOLOGIA ";"40";"44";"107";"99";"6";"186";"0"
"2023";"10";"010101";"AMAZONAS";"CHACHAPOYAS";"CHACHAPOYAS";"ESSALUD";"II-1";"00009066";"HOSPITAL HIGOS URCO";"242300";"HOSPITALIZACIÓN DE PEDIATRÍA  PEDIATRÍA  GENERAL ";"11";"12";"36";"37";"2";"62";"0"
"2023";"10";"080101";"CUSCO";"CUSCO";"CUSCO";"PRIVADO";"II-E";"00016758";"HERMANA JOSEFINA SERRANO";"240000";"HOSPITALIZACIÓN";"31";"25";"133";"29";"44";"1364";"1"
"2023";"10";"150117";"LIMA";"LIMA";"LOS OLIVOS";"MUNICIPALIDAD DISTRITAL";"II-1";"00019787";"HOSPITAL MUNICIPAL LOS OLIVOS";"241800";"HOSPITALIZACIÓN DE MEDICINA MEDICINA GENERAL ";"11";"11";"28";"39";"25";"775";"0"
"2023";"10";"150117";"LIMA";"LIMA";"LOS OLIVOS";"MUNICIPALIDAD DISTRITAL";"II-1";"00019787";"HOSPITAL MUNICIPAL LOS OLIVOS";"240100";"HOSPITALIZACIÓN QUIRÚRGICA CIRUGÍA GENERAL ";"22";"18";"41";"63";"25";"775";"0"
"2023";"10";"150117";"LIMA";"LIMA";"LOS OLIVOS";"MUNICIPALIDAD DISTRITAL";"II-1";"00019787";"HOSPITAL MUNICIPAL LOS OLIVOS";"241300";"HOSPITALIZACIÓN QUIRÚRGICA UROLOGÍA  ";"2";"2";"2";"10";"25";"775";"0"
"2023";"10";"150117";"LIMA";"LIMA";"LOS OLIVOS";"MUNICIPALIDAD DISTRITAL";"II-1";"00019787";"HOSPITAL MUNICIPAL LOS OLIVOS";"241200";"HOSPITALIZACIÓN QUIRÚRGICA TRAUMATOLOGÍA Y ORTOPEDIA ";"3";"3";"7";"3";"25";"775";"0"
"2023";"10";"150117";"LIMA";"LIMA";"LOS OLIVOS";"MUNICIPALIDAD DISTRITAL";"II-1";"00019787";"HOSPITAL MUNICIPAL LOS OLIVOS";"241500";"HOSPITALIZACIÓN QUIRÚRGICA GINECOLOGÍA  ";"16";"16";"28";"16";"11";"330";"0"
"2023";"10";"060615";"CAJAMARCA";"CUTERVO";"TORIBIO CASANOVA";"GOBIERNO REGIONAL";"I-1";"00005017";"PERLAMAYO";"NE_0001";"";"NE_0001";"NE_0001";"NE_0001";"NE_0001";"NE_0001";"NE_0001";"NE_0001"
"2023";"10";"060615";"CAJAMARCA";"CUTERVO";"TORIBIO CASANOVA";"GOBIERNO REGIONAL";"I-3";"00005019";"LA SACILIA";"NE_0001";"";"NE_0001";"NE_0001";"NE_0001";"NE_0001";"NE_0001";"NE_0001";"NE_0001"
"2023";"10";"060604";"CAJAMARCA";"CUTERVO";"CUJILLO";"GOBIERNO REGIONAL";"I-3";"00004974";"CUJILLO";"NE_0001";"";"NE_0001";"NE_0001";"NE_0001";"NE_0001";"NE_0001";"NE_0001";"NE_0001"
"2023";"10";"060604";"CAJAMARCA";"CUTERVO";"CUJILLO";"GOBIERNO REGIONAL";"I-1";"00006959";"CUNUAT";"NE_0001";"";"NE_0001";"NE_0001";"NE_0001";"NE_0001";"NE_0001";"NE_0001";"NE_0001"
"2023";"10";"060603";"CAJAMARCA";"CUTERVO";"CHOROS";"GOBIERNO REGIONAL";"I-1";"00007698";"SAN PEDRO DE CHOROS";"NE_0001";"";"NE_0001";"NE_0001";"NE_0001";"NE_0001";"NE_0001";"NE_0001";"NE_0001"
"2023";"10";"060603";"CAJAMARCA";"CUTERVO";"CHOROS";"GOBIERNO REGIONAL";"I-1";"00004972";"MESARRUME";"NE_0001";"";"NE_0001";"NE_0001";"NE_0001";"NE_0001";"NE_0001";"NE_0001";"NE_0001"
"2023";"10";"060603";"CAJAMARCA";"CUTERVO";"CHOROS";"GOBIERNO REGIONAL";"I-3";"00004971";"CHOROS";"NE_0001";"";"NE_0001";"NE_0001";"NE_0001";"NE_0001";"NE_0001";"NE_0001";"NE_0001"
"2023";"10";"150113";"LIMA";"LIMA";"JESUS MARIA";"PRIVADO";"II-E";"00014181";"CLINICA SERVISALUD";"240000";"HOSPITALIZACIÓN";"105";"105";"152";"153";"9";"279";"0"
"2023";"10";"220303";"SAN MARTIN";"EL DORADO";"SAN MARTIN";"GOBIERNO REGIONAL";"I-4";"00006492";"SAN MARTIN DE ALAO";"241600";"HOSPITALIZACIÓN QUIRÚRGICA OBSTETRICIA   ";"10";"10";"10";"10";"3";"90";"0"
"2023";"10";"220303";"SAN MARTIN";"EL DORADO";"SAN MARTIN";"GOBIERNO REGIONAL";"I-4";"00006492";"SAN MARTIN DE ALAO";"241800";"HOSPITALIZACIÓN DE MEDICINA MEDICINA GENERAL ";"9";"9";"9";"9";"4";"120";"0"
"2023";"10";"220303";"SAN MARTIN";"EL DORADO";"SAN MARTIN";"GOBIERNO REGIONAL";"I-1";"00006494";"SINAMI";"NE_0001";"";"NE_0001";"NE_0001";"NE_0001";"NE_0001";"NE_0001";"NE_0001";"NE_0001"
"2023";"10";"220303";"SAN MARTIN";"EL DORADO";"SAN MARTIN";"GOBIERNO REGIONAL";"I-1";"00007391";"CASHNAHUASI";"NE_0001";"";"NE_0001";"NE_0001";"NE_0001";"NE_0001";"NE_0001";"NE_0001";"NE_0001"
"2023";"10";"220303";"SAN MARTIN";"EL DORADO";"SAN MARTIN";"GOBIERNO REGIONAL";"I-1";"00007392";"BUENA VISTA";"NE_0001";"";"NE_0001";"NE_0001";"NE_0001";"NE_0001";"NE_0001";"NE_0001";"NE_0001"
"2023";"10";"220303";"SAN MARTIN";"EL DORADO";"SAN MARTIN";"GOBIERNO REGIONAL";"I-1";"00007644";"PACAYPAMPA";"NE_0001";"";"NE_0001";"NE_0001";"NE_0001";"NE_0001";"NE_0001";"NE_0001";"NE_0001"
"2023";"10";"220305";"SAN MARTIN";"EL DORADO";"SHATOJA";"GOBIERNO REGIONAL";"I-1";"00006493";"SHATOJA";"NE_0001";"";"NE_0001";"NE_0001";"NE_0001";"NE_0001";"NE_0001";"NE_0001";"NE_0001"
"2023";"09";"051005";"AYACUCHO";"VICTOR FAJARDO";"CANARIA";"GOBIERNO REGIONAL";"I-1";"00003825";"PUESTO DE SALUD RACCAYA";"NE_0002";"";"NE_0002";"NE_0002";"NE_0002";"NE_0002";"NE_0002";"NE_0002";"NE_0002"
"2023";"09";"051005";"AYACUCHO";"VICTOR FAJARDO";"CANARIA";"GOBIERNO REGIONAL";"I-1";"00003827";"PUESTO DE SALUD UMASI";"NE_0002";"";"NE_0002";"NE_0002";"NE_0002";"NE_0002";"NE_0002";"NE_0002";"NE_0002"
"2023";"09";"051009";"AYACUCHO";"VICTOR FAJARDO";"HUANCARAYLLA";"GOBIERNO REGIONAL";"I-1";"00003837";"PUESTO DE SALUD CIRCAMARCA";"NE_0002";"";"NE_0002";"NE_0002";"NE_0002";"NE_0002";"NE_0002";"NE_0002";"NE_0002"
"2023";"09";"051004";"AYACUCHO";"VICTOR FAJARDO";"ASQUIPATA";"GOBIERNO REGIONAL";"I-1";"00003822";"PUESTO DE SALUD CHIHUIRE";"NE_0002";"";"NE_0002";"NE_0002";"NE_0002";"NE_0002";"NE_0002";"NE_0002";"NE_0002"
"2023";"09";"051010";"AYACUCHO";"VICTOR FAJARDO";"HUALLA";"GOBIERNO REGIONAL";"I-3";"00003829";"CENTRO DE SALUD HUALLA";"NE_0002";"";"NE_0002";"NE_0002";"NE_0002";"NE_0002";"NE_0002";"NE_0002";"NE_0002"
"2023";"09";"051010";"AYACUCHO";"VICTOR FAJARDO";"HUALLA";"GOBIERNO REGIONAL";"I-1";"00003830";"PUESTO DE SALUD TIQUIHUA";"NE_0002";"";"NE_0002";"NE_0002";"NE_0002";"NE_0002";"NE_0002";"NE_0002";"NE_0002"
"2023";"09";"051009";"AYACUCHO";"VICTOR FAJARDO";"HUANCARAYLLA";"GOBIERNO REGIONAL";"I-2";"00003838";"PUESTO DE SALUD HUANCARAYLLA";"NE_0002";"";"NE_0002";"NE_0002";"NE_0002";"NE_0002";"NE_0002";"NE_0002";"NE_0002"
"2023";"09";"051003";"AYACUCHO";"VICTOR FAJARDO";"APONGO";"GOBIERNO REGIONAL";"I-1";"00003819";"APONGO";"NE_0002";"";"NE_0002";"NE_0002";"NE_0002";"NE_0002";"NE_0002";"NE_0002";"NE_0002"
"2023";"09";"051005";"AYACUCHO";"VICTOR FAJARDO";"CANARIA";"GOBIERNO REGIONAL";"I-2";"00003826";"PUESTO DE SALUD TACA";"NE_0002";"";"NE_0002";"NE_0002";"NE_0002";"NE_0002";"NE_0002";"NE_0002";"NE_0002"
"2023";"09";"051008";"AYACUCHO";"VICTOR FAJARDO";"HUAMANQUIQUIA";"GOBIERNO REGIONAL";"I-2";"00003831";"PUESTO DE SALUD HUAMANQUIQUIA";"NE_0002";"";"NE_0002";"NE_0002";"NE_0002";"NE_0002";"NE_0002";"NE_0002";"NE_0002"
"2023";"09";"051108";"AYACUCHO";"VILCAS HUAMAN";"VISCHONGO";"GOBIERNO REGIONAL";"I-1";"00003840";"PUESTO DE SALUD UMARO";"NE_0002";"";"NE_0002";"NE_0002";"NE_0002";"NE_0002";"NE_0002";"NE_0002";"NE_0002"
"2023";"09";"051004";"AYACUCHO";"VICTOR FAJARDO";"ASQUIPATA";"GOBIERNO REGIONAL";"I-1";"00003821";"PUESTO DE SALUD ASQUIPATA";"NE_0002";"";"NE_0002";"NE_0002";"NE_0002";"NE_0002";"NE_0002";"NE_0002";"NE_0002"
"2023";"09";"051004";"AYACUCHO";"VICTOR FAJARDO";"ASQUIPATA";"GOBIERNO REGIONAL";"I-1";"00003823";"PUESTO DE SALUD MORCOLLA CHICO";"NE_0002";"";"NE_0002";"NE_0002";"NE_0002";"NE_0002";"NE_0002";"NE_0002";"NE_0002"
"2023";"09";"051008";"AYACUCHO";"VICTOR FAJARDO";"HUAMANQUIQUIA";"GOBIERNO REGIONAL";"I-1";"00003833";"PUESTO DE SALUD TINCA";"NE_0002";"";"NE_0002";"NE_0002";"NE_0002";"NE_0002";"NE_0002";"NE_0002";"NE_0002"
"2023";"09";"051007";"AYACUCHO";"VICTOR FAJARDO";"COLCA";"GOBIERNO REGIONAL";"I-1";"00003836";"PUESTO DE SALUD QUILLA";"NE_0002";"";"NE_0002";"NE_0002";"NE_0002";"NE_0002";"NE_0002";"NE_0002";"NE_0002"
"2023";"09";"051001";"AYACUCHO";"VICTOR FAJARDO";"HUANCAPI";"GOBIERNO REGIONAL";"I-4";"00003834";"CENTRO DE SALUD HUANCAPI";"241600";"HOSPITALIZACIÓN QUIRÚRGICA OBSTETRICIA   ";"5";"5";"9";"30";"3";"90";"0"
"2023";"09";"051001";"AYACUCHO";"VICTOR FAJARDO";"HUANCAPI";"GOBIERNO REGIONAL";"I-4";"00003834";"CENTRO DE SALUD HUANCAPI";"241800";"HOSPITALIZACIÓN DE MEDICINA MEDICINA GENERAL ";"5";"5";"26";"30";"5";"150";"0"
"2023";"09";"051009";"AYACUCHO";"VICTOR FAJARDO";"HUANCARAYLLA";"GOBIERNO REGIONAL";"I-1";"00003839";"PUESTO DE SALUD LLUSITA";"NE_0002";"";"NE_0002";"NE_0002";"NE_0002";"NE_0002";"NE_0002";"NE_0002";"NE_0002"
"2023";"09";"051005";"AYACUCHO";"VICTOR FAJARDO";"CANARIA";"GOBIERNO REGIONAL";"I-3";"00003824";"CENTRO DE SALUD CANARIA";"241800";"HOSPITALIZACIÓN DE MEDICINA MEDICINA GENERAL ";"1";"1";"2";"30";"4";"120";"0"
"2023";"09";"051006";"AYACUCHO";"VICTOR FAJARDO";"CAYARA";"GOBIERNO REGIONAL";"I-2";"00003828";"PUESTO DE SALUD CAYARA";"NE_0002";"";"NE_0002";"NE_0002";"NE_0002";"NE_0002";"NE_0002";"NE_0002";"NE_0002"
"2023";"09";"051007";"AYACUCHO";"VICTOR FAJARDO";"COLCA";"GOBIERNO REGIONAL";"I-1";"00003835";"PUESTO DE SALUD COLCA";"NE_0002";"";"NE_0002";"NE_0002";"NE_0002";"NE_0002";"NE_0002";"NE_0002";"NE_0002"
"2023";"09";"150131";"LIMA";"LIMA";"SAN ISIDRO";"PRIVADO";"I-2";"00008215";"MEDICENTRO SAN ISIDRO";"NE_0001";"";"NE_0001";"NE_0001";"NE_0001";"NE_0001";"NE_0001";"NE_0001";"NE_0001"
"2023";"10";"040514";"AREQUIPA";"CAYLLOMA";"SAN ANTONIO DE CHUCA";"GOBIERNO REGIONAL";"I-2";"00001242";"PUESTO DE SALUD IMATA";"NE_0002";"";"NE_0002";"NE_0002";"NE_0002";"NE_0002";"NE_0002";"NE_0002";"NE_0002"
"2023";"10";"040128";"AREQUIPA";"AREQUIPA";"YURA";"GOBIERNO REGIONAL";"I-3";"00001253";"CENTRO DE SALUD CIUDAD DE DIOS";"NE_0002";"";"NE_0002";"NE_0002";"NE_0002";"NE_0002";"NE_0002";"NE_0002";"NE_0002"
"2023";"10";"040511";"AREQUIPA";"CAYLLOMA";"LLUTA";"GOBIERNO REGIONAL";"I-2";"00001255";"PUESTO DE SALUD LLUTA";"NE_0002";"";"NE_0002";"NE_0002";"NE_0002";"NE_0002";"NE_0002";"NE_0002";"NE_0002"
"2023";"10";"040511";"AREQUIPA";"CAYLLOMA";"LLUTA";"GOBIERNO REGIONAL";"I-2";"00001256";"PUESTO DE SALUD TAYA";"NE_0002";"";"NE_0002";"NE_0002";"NE_0002";"NE_0002";"NE_0002";"NE_0002";"NE_0002"
"2023";"10";"040126";"AREQUIPA";"AREQUIPA";"YANAHUARA";"GOBIERNO REGIONAL";"I-1";"00001241";"PUESTO DE SALUD SUMBAY - CHASQUIPAMPA";"NE_0002";"";"NE_0002";"NE_0002";"NE_0002";"NE_0002";"NE_0002";"NE_0002";"NE_0002"
"2023";"10";"040514";"AREQUIPA";"CAYLLOMA";"SAN ANTONIO DE CHUCA";"GOBIERNO REGIONAL";"I-1";"00001243";"PUESTO DE SALUD PILLONES";"NE_0002";"";"NE_0002";"NE_0002";"NE_0002";"NE_0002";"NE_0002";"NE_0002";"NE_0002"
"2023";"10";"040128";"AREQUIPA";"AREQUIPA";"YURA";"GOBIERNO REGIONAL";"I-2";"00001254";"PUESTO DE SALUD YURA";"NE_0002";"";"NE_0002";"NE_0002";"NE_0002";"NE_0002";"NE_0002";"NE_0002";"NE_0002"
"2023";"10";"040508";"AREQUIPA";"CAYLLOMA";"HUANCA";"GOBIERNO REGIONAL";"I-2";"00001239";"PUESTO DE SALUD HUANCA";"NE_0002";"";"NE_0002";"NE_0002";"NE_0002";"NE_0002";"NE_0002";"NE_0002";"NE_0002"
"2023";"10";"240304";"TUMBES";"ZARUMILLA";"PAPAYAL";"GOBIERNO REGIONAL";"I-1";"00001895";"LECHUGAL";"NE_0001";"";"NE_0001";"NE_0001";"NE_0001";"NE_0001";"NE_0001";"NE_0001";"NE_0001"
"2023";"10";"240301";"TUMBES";"ZARUMILLA";"ZARUMILLA";"GOBIERNO REGIONAL";"I-4";"00001896";"CENTRO DE SALUD ZARUMILLA";"241600";"HOSPITALIZACIÓN QUIRÚRGICA OBSTETRICIA   ";"30";"30";"30";"30";"1";"31";"0"
"2023";"10";"240302";"TUMBES";"ZARUMILLA";"AGUAS VERDES";"GOBIERNO REGIONAL";"I-3";"00001885";"CLAS AGUAS VERDES";"NE_0001";"";"NE_0001";"NE_0001";"NE_0001";"NE_0001";"NE_0001";"NE_0001";"NE_0001"
"2023";"10";"240302";"TUMBES";"ZARUMILLA";"AGUAS VERDES";"GOBIERNO REGIONAL";"I-1";"00001889";"LOMA SAAVEDRA";"NE_0001";"";"NE_0001";"NE_0001";"NE_0001";"NE_0001";"NE_0001";"NE_0001";"NE_0001"
"2023";"10";"240304";"TUMBES";"ZARUMILLA";"PAPAYAL";"GOBIERNO REGIONAL";"I-3";"00001891";"C.S. PAPAYAL";"NE_0001";"";"NE_0001";"NE_0001";"NE_0001";"NE_0001";"NE_0001";"NE_0001";"NE_0001"
"2023";"10";"240303";"TUMBES";"ZARUMILLA";"MATAPALO";"GOBIERNO REGIONAL";"I-3";"00001890";"C.S MATAPALO";"NE_0001";"";"NE_0001";"NE_0001";"NE_0001";"NE_0001";"NE_0001";"NE_0001";"NE_0001"
"2023";"10";"240302";"TUMBES";"ZARUMILLA";"AGUAS VERDES";"GOBIERNO REGIONAL";"I-2";"00001886";"CUCHARETA BAJA";"NE_0001";"";"NE_0001";"NE_0001";"NE_0001";"NE_0001";"NE_0001";"NE_0001";"NE_0001"
"2023";"10";"100501";"HUANUCO";"HUAMALIES";"LLATA";"GOBIERNO REGIONAL";"I-2";"00000888";"PAMPAS DEL CARMEN";"NE_0001";"";"NE_0001";"NE_0001";"NE_0001";"NE_0001";"NE_0001";"NE_0001";"NE_0001"
"2023";"10";"100501";"HUANUCO";"HUAMALIES";"LLATA";"GOBIERNO REGIONAL";"I-2";"00000890";"LIBERTAD";"NE_0001";"";"NE_0001";"NE_0001";"NE_0001";"NE_0001";"NE_0001";"NE_0001";"NE_0001"
"2023";"10";"100501";"HUANUCO";"HUAMALIES";"LLATA";"GOBIERNO REGIONAL";"I-2";"00000889";"EL PORVENIR";"NE_0001";"";"NE_0001";"NE_0001";"NE_0001";"NE_0001";"NE_0001";"NE_0001";"NE_0001"
"2023";"10";"100501";"HUANUCO";"HUAMALIES";"LLATA";"GOBIERNO REGIONAL";"I-2";"00000891";"ISHANCA";"NE_0001";"";"NE_0001";"NE_0001";"NE_0001";"NE_0001";"NE_0001";"NE_0001";"NE_0001"
"2023";"10";"100501";"HUANUCO";"HUAMALIES";"LLATA";"GOBIERNO REGIONAL";"I-4";"00000887";"LLATA";"241400";"HOSPITALIZACIÓN QUIRÚRGICA GINECO - OBSTETRICIA ";"31";"30";"3";"3";"7";"10";"0"
"2023";"10";"100501";"HUANUCO";"HUAMALIES";"LLATA";"GOBIERNO REGIONAL";"I-4";"00000887";"LLATA";"241800";"HOSPITALIZACIÓN DE MEDICINA MEDICINA GENERAL ";"9";"9";"3";"5";"9";"10";"0"
"2023";"10";"100501";"HUANUCO";"HUAMALIES";"LLATA";"GOBIERNO REGIONAL";"I-2";"00000888";"PAMPAS DEL CARMEN";"NE_0001";"";"NE_0001";"NE_0001";"NE_0001";"NE_0001";"NE_0001";"NE_0001";"NE_0001"
"2023";"10";"061001";"CAJAMARCA";"SAN MARCOS";"PEDRO GALVEZ";"GOBIERNO REGIONAL";"I-1";"00004505";"HUAYOBAMBA";"NE_0001";"";"NE_0001";"NE_0001";"NE_0001";"NE_0001";"NE_0001";"NE_0001";"NE_0001"
"2023";"10";"061004";"CAJAMARCA";"SAN MARCOS";"GREGORIO PITA";"GOBIERNO REGIONAL";"I-1";"00004503";"PUESTO DE SALUD ULLILLIN";"NE_0001";"";"NE_0001";"NE_0001";"NE_0001";"NE_0001";"NE_0001";"NE_0001";"NE_0001"
"2023";"10";"061001";"CAJAMARCA";"SAN MARCOS";"PEDRO GALVEZ";"GOBIERNO REGIONAL";"I-1";"00004509";"CONDORMARCA";"NE_0001";"";"NE_0001";"NE_0001";"NE_0001";"NE_0001";"NE_0001";"NE_0001";"NE_0001"
"2023";"10";"061001";"CAJAMARCA";"SAN MARCOS";"PEDRO GALVEZ";"GOBIERNO REGIONAL";"I-1";"00004504";"EDELMIRA";"NE_0001";"";"NE_0001";"NE_0001";"NE_0001";"NE_0001";"NE_0001";"NE_0001";"NE_0001"
"2023";"10";"061004";"CAJAMARCA";"SAN MARCOS";"GREGORIO PITA";"GOBIERNO REGIONAL";"I-1";"00004506";"PUESTO DE SALUD MANZANILLA";"NE_0001";"";"NE_0001";"NE_0001";"NE_0001";"NE_0001";"NE_0001";"NE_0001";"NE_0001"
"2023";"10";"061004";"CAJAMARCA";"SAN MARCOS";"GREGORIO PITA";"GOBIERNO REGIONAL";"I-2";"00004507";"RIO SECO";"NE_0001";"";"NE_0001";"NE_0001";"NE_0001";"NE_0001";"NE_0001";"NE_0001";"NE_0001"
"2023";"10";"061001";"CAJAMARCA";"SAN MARCOS";"PEDRO GALVEZ";"GOBIERNO REGIONAL";"I-4";"00004501";"SAN MARCOS";"241400";"HOSPITALIZACIÓN QUIRÚRGICA GINECO - OBSTETRICIA ";"9";"9";"13";"20";"3";"93";"0"
"2023";"10";"061001";"CAJAMARCA";"SAN MARCOS";"PEDRO GALVEZ";"GOBIERNO REGIONAL";"I-4";"00004501";"SAN MARCOS";"241600";"HOSPITALIZACIÓN QUIRÚRGICA OBSTETRICIA   ";"15";"15";"26";"39";"6";"186";"0"
"2023";"10";"061001";"CAJAMARCA";"SAN MARCOS";"PEDRO GALVEZ";"GOBIERNO REGIONAL";"I-4";"00004501";"SAN MARCOS";"241800";"HOSPITALIZACIÓN DE MEDICINA MEDICINA GENERAL ";"2";"3";"12";"10";"3";"93";"0"
"2023";"10";"061004";"CAJAMARCA";"SAN MARCOS";"GREGORIO PITA";"GOBIERNO REGIONAL";"I-1";"00004502";"PUESTO DE SALUD MUYOC";"NE_0001";"";"NE_0001";"NE_0001";"NE_0001";"NE_0001";"NE_0001";"NE_0001";"NE_0001"
"2023";"10";"061004";"CAJAMARCA";"SAN MARCOS";"GREGORIO PITA";"GOBIERNO REGIONAL";"I-2";"00004508";"PAUCAMARCA";"NE_0001";"";"NE_0001";"NE_0001";"NE_0001";"NE_0001";"NE_0001";"NE_0001";"NE_0001"
"2023";"10";"061001";"CAJAMARCA";"SAN MARCOS";"PEDRO GALVEZ";"GOBIERNO REGIONAL";"I-1";"00004510";"CHUCO";"NE_0001";"";"NE_0001";"NE_0001";"NE_0001";"NE_0001";"NE_0001";"NE_0001";"NE_0001"
"2023";"11";"150108";"LIMA";"LIMA";"CHORRILLOS";"SANIDAD DE LA POLICIA NACIONAL DEL PERU";"I-3";"00020382";"POLICLINICO POLICIAL CHORRILLOS";"NE_0001";"";"NE_0001";"NE_0001";"NE_0001";"NE_0001";"NE_0001";"NE_0001";"NE_0001"
"2023";"11";"150132";"LIMA";"LIMA";"SAN JUAN DE LURIGANCHO";"PRIVADO";"II-E";"00014509";"CLINICA SAN MARTIN";"240000";"HOSPITALIZACIÓN";"0";"0";"0";"360";"12";"360";"0"
"2023";"11";"120101";"JUNIN";"HUANCAYO";"HUANCAYO";"PRIVADO";"II-E";"00008475";"CLINICA OFTALMOLOGICA REGIONAL";"NE_0002";"";"NE_0002";"NE_0002";"NE_0002";"NE_0002";"NE_0002";"NE_0002";"NE_0002"
"2023";"11";"200701";"PIURA";"TALARA";"PARIÑAS";"PRIVADO";"II-1";"00011395";"CLINICA VIGO 2000 S. CIVIL DE R.L.";"240100";"HOSPITALIZACIÓN QUIRÚRGICA CIRUGÍA GENERAL ";"2";"2";"4";"4";"15";"396";"0"
"2023";"11";"200701";"PIURA";"TALARA";"PARIÑAS";"PRIVADO";"II-1";"00011395";"CLINICA VIGO 2000 S. CIVIL DE R.L.";"241800";"HOSPITALIZACIÓN DE MEDICINA MEDICINA GENERAL ";"1";"1";"2";"2";"15";"396";"0"
"2023";"11";"200701";"PIURA";"TALARA";"PARIÑAS";"PRIVADO";"II-1";"00011395";"CLINICA VIGO 2000 S. CIVIL DE R.L.";"241400";"HOSPITALIZACIÓN QUIRÚRGICA GINECO - OBSTETRICIA ";"2";"2";"4";"4";"15";"396";"0"
"2023";"11";"120709";"JUNIN";"TARMA";"TAPO";"GOBIERNO REGIONAL";"I-1";"00000581";"QUETA";"NE_0001";"";"NE_0001";"NE_0001";"NE_0001";"NE_0001";"NE_0001";"NE_0001";"NE_0001"
"2023";"11";"120709";"JUNIN";"TARMA";"TAPO";"GOBIERNO REGIONAL";"I-1";"00000578";"YURACMAYO";"NE_0001";"";"NE_0001";"NE_0001";"NE_0001";"NE_0001";"NE_0001";"NE_0001";"NE_0001"
"2023";"11";"120709";"JUNIN";"TARMA";"TAPO";"GOBIERNO REGIONAL";"I-1";"00000579";"MACO";"NE_0001";"";"NE_0001";"NE_0001";"NE_0001";"NE_0001";"NE_0001";"NE_0001";"NE_0001"
"2023";"11";"120709";"JUNIN";"TARMA";"TAPO";"GOBIERNO REGIONAL";"I-2";"00000577";"TAPO";"NE_0001";"";"NE_0001";"NE_0001";"NE_0001";"NE_0001";"NE_0001";"NE_0001";"NE_0001"
"2023";"11";"120709";"JUNIN";"TARMA";"TAPO";"GOBIERNO REGIONAL";"I-1";"00000580";"CASACOTO - SAN ANTONIO";"NE_0001";"";"NE_0001";"NE_0001";"NE_0001";"NE_0001";"NE_0001";"NE_0001";"NE_0001"
"2023";"11";"120709";"JUNIN";"TARMA";"TAPO";"GOBIERNO REGIONAL";"I-1";"00000582";"PACCHAC";"NE_0001";"";"NE_0001";"NE_0001";"NE_0001";"NE_0001";"NE_0001";"NE_0001";"NE_0001"
"2023";"11";"110101";"ICA";"ICA";"ICA";"ESSALUD";"II-2";"00016374";"HOSPITAL IV AUGUSTO HERNANDEZ MENDOZA";"240100";"HOSPITALIZACIÓN QUIRÚRGICA CIRUGÍA GENERAL ";"85";"97";"443";"441";"16";"480";"0"
"2023";"11";"110101";"ICA";"ICA";"ICA";"ESSALUD";"II-2";"00016374";"HOSPITAL IV AUGUSTO HERNANDEZ MENDOZA";"241000";"HOSPITALIZACIÓN QUIRÚRGICA ONCOLOGÍA QUIRÚRGICA  ";"9";"14";"82";"60";"2";"60";"0"
"2023";"11";"110101";"ICA";"ICA";"ICA";"ESSALUD";"II-2";"00016374";"HOSPITAL IV AUGUSTO HERNANDEZ MENDOZA";"240900";"HOSPITALIZACIÓN QUIRÚRGICA NEUROCIRUGÍA ";"8";"10";"269";"60";"2";"60";"0"
"2023";"11";"110101";"ICA";"ICA";"ICA";"ESSALUD";"II-2";"00016374";"HOSPITAL IV AUGUSTO HERNANDEZ MENDOZA";"241200";"HOSPITALIZACIÓN QUIRÚRGICA TRAUMATOLOGÍA Y ORTOPEDIA ";"81";"91";"609";"597";"20";"600";"3"
"2023";"11";"110101";"ICA";"ICA";"ICA";"ESSALUD";"II-2";"00016374";"HOSPITAL IV AUGUSTO HERNANDEZ MENDOZA";"241100";"HOSPITALIZACIÓN QUIRÚRGICA OTORRINOLARINGOLOGÍA  ";"2";"2";"2";"30";"1";"30";"0"
"2023";"11";"110101";"ICA";"ICA";"ICA";"ESSALUD";"II-2";"00016374";"HOSPITAL IV AUGUSTO HERNANDEZ MENDOZA";"241300";"HOSPITALIZACIÓN QUIRÚRGICA UROLOGÍA  ";"44";"55";"186";"180";"6";"180";"1"
"2023";"11";"110101";"ICA";"ICA";"ICA";"ESSALUD";"II-2";"00016374";"HOSPITAL IV AUGUSTO HERNANDEZ MENDOZA";"241500";"HOSPITALIZACIÓN QUIRÚRGICA GINECOLOGÍA  ";"10";"35";"162";"143";"6";"180";"0"
"2023";"11";"110101";"ICA";"ICA";"ICA";"ESSALUD";"II-2";"00016374";"HOSPITAL IV AUGUSTO HERNANDEZ MENDOZA";"241900";"HOSPITALIZACIÓN DE MEDICINA MEDICINA INTERNA ";"52";"54";"1247";"648";"21";"660";"14"
"2023";"11";"110101";"ICA";"ICA";"ICA";"ESSALUD";"II-2";"00016374";"HOSPITAL IV AUGUSTO HERNANDEZ MENDOZA";"244600";"HOSPITALIZACIÓN DE MEDICINA NEFROLOGIA ";"3";"2";"10";"90";"3";"90";"0"
"2023";"11";"110101";"ICA";"ICA";"ICA";"ESSALUD";"II-2";"00016374";"HOSPITAL IV AUGUSTO HERNANDEZ MENDOZA";"244700";"HOSPITALIZACIÓN DE MEDICINA NEUROLOGIA  ";"1";"1";"7";"30";"1";"30";"0"
"2023";"11";"110101";"ICA";"ICA";"ICA";"ESSALUD";"II-2";"00016374";"HOSPITAL IV AUGUSTO HERNANDEZ MENDOZA";"241400";"HOSPITALIZACIÓN QUIRÚRGICA GINECO - OBSTETRICIA ";"39";"73";"249";"231";"11";"360";"0"
"2023";"11";"110101";"ICA";"ICA";"ICA";"ESSALUD";"II-2";"00016374";"HOSPITAL IV AUGUSTO HERNANDEZ MENDOZA";"242100";"HOSPITALIZACIÓN DE MEDICINA ONCOLOGÍA MÉDICA ";"14";"14";"45";"60";"1";"60";"0"
"2023";"11";"110101";"ICA";"ICA";"ICA";"ESSALUD";"II-2";"00016374";"HOSPITAL IV AUGUSTO HERNANDEZ MENDOZA";"242500";"HOSPITALIZACIÓN-PEDIATRÍA GENERAL-";"25";"31";"179";"185";"9";"270";"0"
"2023";"11";"110101";"ICA";"ICA";"ICA";"ESSALUD";"II-2";"00016374";"HOSPITAL IV AUGUSTO HERNANDEZ MENDOZA";"250100";"UNIDAD DE CUIDADOS CRITICOS UNIDAD  DE CUIDADOS INTENSIVOS GENERALES (UCI) ";"12";"3";"8";"142";"5";"150";"5"
"2023";"11";"110101";"ICA";"ICA";"ICA";"ESSALUD";"II-2";"00016374";"HOSPITAL IV AUGUSTO HERNANDEZ MENDOZA";"250105";"UNIDAD DE CUIDADOS CRITICOS UNIDAD  DE CUIDADOS INTENSIVOS  (UCI) NEONATOLOGÍA";"10";"2";"8";"49";"3";"90";"0"
"2023";"09";"120401";"JUNIN";"JAUJA";"JAUJA";"GOBIERNO REGIONAL";"II-1";"00000365";"HOSPITAL DOMINGO OLAVEGOYA";"240100";"HOSPITALIZACIÓN QUIRÚRGICA CIRUGÍA GENERAL ";"66";"74";"341";"267";"24";"720";"0"
"2023";"09";"120401";"JUNIN";"JAUJA";"JAUJA";"GOBIERNO REGIONAL";"II-1";"00000365";"HOSPITAL DOMINGO OLAVEGOYA";"241400";"HOSPITALIZACIÓN QUIRÚRGICA GINECO - OBSTETRICIA ";"88";"96";"275";"217";"16";"480";"0"
"2023";"09";"120401";"JUNIN";"JAUJA";"JAUJA";"GOBIERNO REGIONAL";"II-1";"00000365";"HOSPITAL DOMINGO OLAVEGOYA";"241500";"HOSPITALIZACIÓN QUIRÚRGICA GINECOLOGÍA  ";"12";"13";"40";"38";"10";"300";"0"
"2023";"09";"120401";"JUNIN";"JAUJA";"JAUJA";"GOBIERNO REGIONAL";"II-1";"00000365";"HOSPITAL DOMINGO OLAVEGOYA";"241800";"HOSPITALIZACIÓN DE MEDICINA MEDICINA GENERAL ";"29";"40";"438";"307";"17";"510";"0"
"2023";"09";"120401";"JUNIN";"JAUJA";"JAUJA";"GOBIERNO REGIONAL";"II-1";"00000365";"HOSPITAL DOMINGO OLAVEGOYA";"242300";"HOSPITALIZACIÓN DE PEDIATRÍA  PEDIATRÍA  GENERAL ";"29";"33";"130";"153";"26";"780";"0"
"2023";"09";"120401";"JUNIN";"JAUJA";"JAUJA";"GOBIERNO REGIONAL";"II-1";"00000365";"HOSPITAL DOMINGO OLAVEGOYA";"250200";"UNIDAD DE CUIDADOS CRITICOS UNIDAD DE CUIDADOS INTERMEDIOS GENERAL  (UCIN) ";"4";"5";"29";"85";"4";"120";"1"
"2023";"09";"070102";"CALLAO";"CALLAO";"BELLAVISTA";"PRIVADO";"II-1";"00009250";"CLINICAS AUNA - SEDE BELLAVISTA";"240000";"HOSPITALIZACIÓN";"137";"148";"427";"394";"19";"570";"1"
"2023";"09";"070102";"CALLAO";"CALLAO";"BELLAVISTA";"PRIVADO";"II-1";"00009250";"CLINICAS AUNA - SEDE BELLAVISTA";"250100";"UNIDAD DE CUIDADOS CRITICOS UNIDAD  DE CUIDADOS INTENSIVOS GENERALES (UCI) ";"0";"0";"0";"6";"3";"90";"0"
"2023";"09";"160108";"LORETO";"MAYNAS";"PUNCHANA";"ESSALUD";"III-1";"00011409";"HOSPITAL III IQUITOS";"241900";"HOSPITALIZACIÓN DE MEDICINA MEDICINA INTERNA ";"130";"121";"1114";"1194";"44";"1320";"14"
"2023";"09";"160108";"LORETO";"MAYNAS";"PUNCHANA";"ESSALUD";"III-1";"00011409";"HOSPITAL III IQUITOS";"240100";"HOSPITALIZACIÓN QUIRÚRGICA CIRUGÍA GENERAL ";"229";"241";"896";"889";"40";"1200";"0"
"2023";"09";"160108";"LORETO";"MAYNAS";"PUNCHANA";"ESSALUD";"III-1";"00011409";"HOSPITAL III IQUITOS";"241400";"HOSPITALIZACIÓN QUIRÚRGICA GINECO - OBSTETRICIA ";"41";"48";"145";"140";"5";"150";"1"
"2023";"09";"160108";"LORETO";"MAYNAS";"PUNCHANA";"ESSALUD";"III-1";"00011409";"HOSPITAL III IQUITOS";"241600";"HOSPITALIZACIÓN QUIRÚRGICA OBSTETRICIA   ";"185";"175";"406";"397";"18";"540";"0"
"2023";"09";"160108";"LORETO";"MAYNAS";"PUNCHANA";"ESSALUD";"III-1";"00011409";"HOSPITAL III IQUITOS";"242300";"HOSPITALIZACIÓN DE PEDIATRÍA  PEDIATRÍA  GENERAL ";"95";"96";"372";"354";"14";"420";"0"
"2023";"09";"160108";"LORETO";"MAYNAS";"PUNCHANA";"ESSALUD";"III-1";"00011409";"HOSPITAL III IQUITOS";"250100";"UNIDAD DE CUIDADOS CRITICOS UNIDAD  DE CUIDADOS INTENSIVOS GENERALES (UCI) ";"26";"30";"270";"248";"10";"300";"7"
"2023";"09";"160108";"LORETO";"MAYNAS";"PUNCHANA";"ESSALUD";"III-1";"00011409";"HOSPITAL III IQUITOS";"250200";"UNIDAD DE CUIDADOS CRITICOS UNIDAD DE CUIDADOS INTERMEDIOS GENERAL  (UCIN) ";"61";"59";"347";"378";"14";"420";"0"
"2023";"09";"021809";"ANCASH";"SANTA";"NUEVO CHIMBOTE";"PRIVADO";"II-E";"00010475";"CENTRO MEDICO ESPECIALIZADO CLINICA DE LA MUJER Y EL NIÑO EIRL";"241400";"HOSPITALIZACIÓN QUIRÚRGICA GINECO - OBSTETRICIA ";"10";"10";"15";"23";"4";"120";"0"
"2023";"09";"021809";"ANCASH";"SANTA";"NUEVO CHIMBOTE";"PRIVADO";"II-E";"00010475";"CENTRO MEDICO ESPECIALIZADO CLINICA DE LA MUJER Y EL NIÑO EIRL";"240100";"HOSPITALIZACIÓN QUIRÚRGICA CIRUGÍA GENERAL ";"1";"1";"1";"1";"1";"30";"0"
"2023";"10";"130103";"LA LIBERTAD";"TRUJILLO";"FLORENCIA DE MORA";"ESSALUD";"II-E";"00009278";"FLORENCIA DE MORA";"241800";"HOSPITALIZACIÓN DE MEDICINA MEDICINA GENERAL ";"6";"9";"42";"29";"3";"93";"0"
"2023";"10";"130103";"LA LIBERTAD";"TRUJILLO";"FLORENCIA DE MORA";"ESSALUD";"II-E";"00009278";"FLORENCIA DE MORA";"240100";"HOSPITALIZACIÓN QUIRÚRGICA CIRUGÍA GENERAL ";"41";"37";"88";"98";"5";"155";"0"
"2023";"10";"130103";"LA LIBERTAD";"TRUJILLO";"FLORENCIA DE MORA";"ESSALUD";"II-E";"00009278";"FLORENCIA DE MORA";"241500";"HOSPITALIZACIÓN QUIRÚRGICA GINECOLOGÍA  ";"21";"14";"44";"51";"3";"93";"0"
"2023";"10";"130103";"LA LIBERTAD";"TRUJILLO";"FLORENCIA DE MORA";"ESSALUD";"II-E";"00009278";"FLORENCIA DE MORA";"241600";"HOSPITALIZACIÓN QUIRÚRGICA OBSTETRICIA   ";"15";"17";"84";"63";"4";"124";"0"
"2023";"10";"150116";"LIMA";"LIMA";"LINCE";"PRIVADO";"II-E";"00015684";"CLINICA GONZALEZ S.A.";"240000";"HOSPITALIZACIÓN";"1";"1";"1";"1";"1";"30";"0"
"2023";"10";"150116";"LIMA";"LIMA";"LINCE";"PRIVADO";"II-E";"00015684";"CLINICA GONZALEZ S.A.";"240100";"HOSPITALIZACIÓN QUIRÚRGICA CIRUGÍA GENERAL ";"9";"9";"15";"9";"5";"150";"0"
"2023";"10";"150116";"LIMA";"LIMA";"LINCE";"PRIVADO";"II-E";"00015684";"CLINICA GONZALEZ S.A.";"240200";"HOSPITALIZACIÓN QUIRÚRGICA CIRUGÍA DE CABEZA Y CUELLO / MÁXILO FACIAL ";"1";"1";"2";"1";"1";"30";"0"
"2023";"10";"150116";"LIMA";"LIMA";"LINCE";"PRIVADO";"II-E";"00015684";"CLINICA GONZALEZ S.A.";"240900";"HOSPITALIZACIÓN QUIRÚRGICA NEUROCIRUGÍA ";"1";"1";"8";"1";"1";"30";"0"
"2023";"10";"150116";"LIMA";"LIMA";"LINCE";"PRIVADO";"II-E";"00015684";"CLINICA GONZALEZ S.A.";"241200";"HOSPITALIZACIÓN QUIRÚRGICA TRAUMATOLOGÍA Y ORTOPEDIA ";"2";"1";"3";"2";"2";"60";"0"
"2023";"10";"150116";"LIMA";"LIMA";"LINCE";"PRIVADO";"II-E";"00015684";"CLINICA GONZALEZ S.A.";"241300";"HOSPITALIZACIÓN QUIRÚRGICA UROLOGÍA  ";"8";"7";"24";"8";"6";"180";"0"
"2023";"10";"150116";"LIMA";"LIMA";"LINCE";"PRIVADO";"II-E";"00015684";"CLINICA GONZALEZ S.A.";"241400";"HOSPITALIZACIÓN QUIRÚRGICA GINECO - OBSTETRICIA ";"5";"5";"13";"5";"4";"120";"0"
"2023";"10";"150116";"LIMA";"LIMA";"LINCE";"PRIVADO";"II-E";"00015684";"CLINICA GONZALEZ S.A.";"243200";"HOSPITALIZACIÓN DE PEDIATRÍA PEDIATRIA NEONATOLOGÍA";"5";"5";"9";"5";"4";"120";"0"
"2023";"10";"220101";"SAN MARTIN";"MOYOBAMBA";"MOYOBAMBA";"GOBIERNO REGIONAL";"I-1";"00006707";"CORDILLERA ANDINA";"NE_0001";"";"NE_0001";"NE_0001";"NE_0001";"NE_0001";"NE_0001";"NE_0001";"NE_0001"
"2023";"10";"220101";"SAN MARTIN";"MOYOBAMBA";"MOYOBAMBA";"GOBIERNO REGIONAL";"I-2";"00031276";"LA PRIMAVERA";"NE_0001";"";"NE_0001";"NE_0001";"NE_0001";"NE_0001";"NE_0001";"NE_0001";"NE_0001"
"2023";"10";"210201";"PUNO";"AZANGARO";"AZANGARO";"GOBIERNO REGIONAL";"II-1";"00002941";"CARLOS CORNEJO ROSELLO";"240100";"HOSPITALIZACIÓN QUIRÚRGICA CIRUGÍA GENERAL ";"24";"26";"75";"90";"06";"186";"0"
"2023";"10";"210201";"PUNO";"AZANGARO";"AZANGARO";"GOBIERNO REGIONAL";"II-1";"00002941";"CARLOS CORNEJO ROSELLO";"241500";"HOSPITALIZACIÓN QUIRÚRGICA GINECOLOGÍA  ";"36";"38";"92";"128";"06";"186";"0"
"2023";"10";"210201";"PUNO";"AZANGARO";"AZANGARO";"GOBIERNO REGIONAL";"II-1";"00002941";"CARLOS CORNEJO ROSELLO";"241600";"HOSPITALIZACIÓN QUIRÚRGICA OBSTETRICIA   ";"25";"26";"44";"70";"06";"186";"0"
"2023";"10";"210201";"PUNO";"AZANGARO";"AZANGARO";"GOBIERNO REGIONAL";"II-1";"00002941";"CARLOS CORNEJO ROSELLO";"241800";"HOSPITALIZACIÓN DE MEDICINA MEDICINA GENERAL ";"38";"39";"117";"156";"14";"434";"2"
"2023";"10";"210201";"PUNO";"AZANGARO";"AZANGARO";"GOBIERNO REGIONAL";"II-1";"00002941";"CARLOS CORNEJO ROSELLO";"242500";"HOSPITALIZACIÓN-PEDIATRÍA GENERAL-";"22";"24";"60";"84";"13";"403";"1"
"2023";"10";"110207";"ICA";"CHINCHA";"PUEBLO NUEVO";"ESSALUD";"I-3";"00012277";"PUEBLO NUEVO";"NE_0001";"";"NE_0001";"NE_0001";"NE_0001";"NE_0001";"NE_0001";"NE_0001";"NE_0001"
"2023";"10";"220505";"SAN MARTIN";"LAMAS";"CUÑUMBUQUI";"GOBIERNO REGIONAL";"I-3";"00006396";"CUÑUMBUQUE";"241600";"HOSPITALIZACIÓN QUIRÚRGICA OBSTETRICIA   ";"2";"2";"2";"2";"2";"62";"0"
"2023";"10";"220511";"SAN MARTIN";"LAMAS";"ZAPATERO";"GOBIERNO REGIONAL";"I-1";"00006399";"ZAPATERO";"NE_0002";"";"NE_0002";"NE_0002";"NE_0002";"NE_0002";"NE_0002";"NE_0002";"NE_0002"
"2023";"10";"220505";"SAN MARTIN";"LAMAS";"CUÑUMBUQUI";"GOBIERNO REGIONAL";"I-1";"00006377";"LAS FLORES DE MAMONAQUIHUA";"NE_0002";"";"NE_0002";"NE_0002";"NE_0002";"NE_0002";"NE_0002";"NE_0002";"NE_0002"
"2023";"10";"220505";"SAN MARTIN";"LAMAS";"CUÑUMBUQUI";"GOBIERNO REGIONAL";"I-1";"00006378";"MAMONAQUIHUA";"NE_0002";"";"NE_0002";"NE_0002";"NE_0002";"NE_0002";"NE_0002";"NE_0002";"NE_0002"
"2023";"10";"070101";"CALLAO";"CALLAO";"CALLAO";"PRIVADO";"I-3";"00021094";"LIMATAMBO SEDE MINKA II";"NE_0001";"";"NE_0001";"NE_0001";"NE_0001";"NE_0001";"NE_0001";"NE_0001";"NE_0001"
"2023";"10";"220505";"SAN MARTIN";"LAMAS";"CUÑUMBUQUI";"GOBIERNO REGIONAL";"I-1";"00006784";"ALTO ANDINO";"NE_0002";"";"NE_0002";"NE_0002";"NE_0002";"NE_0002";"NE_0002";"NE_0002";"NE_0002"
"2023";"10";"220511";"SAN MARTIN";"LAMAS";"ZAPATERO";"GOBIERNO REGIONAL";"I-1";"00006810";"VISTOSO GRANDE";"NE_0002";"";"NE_0002";"NE_0002";"NE_0002";"NE_0002";"NE_0002";"NE_0002";"NE_0002"
"2023";"10";"220505";"SAN MARTIN";"LAMAS";"CUÑUMBUQUI";"GOBIERNO REGIONAL";"I-1";"00006372";"SAN FRANCISCO DEL RIO MAYO";"NE_0002";"";"NE_0002";"NE_0002";"NE_0002";"NE_0002";"NE_0002";"NE_0002";"NE_0002"
"2023";"10";"220511";"SAN MARTIN";"LAMAS";"ZAPATERO";"GOBIERNO REGIONAL";"I-1";"00006406";"NUEVO MUNDO";"NE_0002";"";"NE_0002";"NE_0002";"NE_0002";"NE_0002";"NE_0002";"NE_0002";"NE_0002"
"2023";"10";"060612";"CAJAMARCA";"CUTERVO";"SANTO DOMINGO DE LA CAPILLA";"GOBIERNO REGIONAL";"I-1";"00006862";"PALO QUEMADO";"NE_0001";"";"NE_0001";"NE_0001";"NE_0001";"NE_0001";"NE_0001";"NE_0001";"NE_0001"
"2023";"10";"060612";"CAJAMARCA";"CUTERVO";"SANTO DOMINGO DE LA CAPILLA";"GOBIERNO REGIONAL";"I-3";"00005002";"STO. DOMINGO DE LA CAPILLA";"NE_0001";"";"NE_0001";"NE_0001";"NE_0001";"NE_0001";"NE_0001";"NE_0001";"NE_0001"
"2023";"10";"060612";"CAJAMARCA";"CUTERVO";"SANTO DOMINGO DE LA CAPILLA";"GOBIERNO REGIONAL";"I-1";"00008924";"NUEVO ORIENTE DE LA CAPILLA";"NE_0001";"";"NE_0001";"NE_0001";"NE_0001";"NE_0001";"NE_0001";"NE_0001";"NE_0001"
"2023";"10";"120114";"JUNIN";"HUANCAYO";"EL TAMBO";"ESSALUD";"III-1";"00008652";"HOSPITAL NACIONAL RAMIRO PRIALE PRIALE";"240700";"HOSPITALIZACIÓN QUIRÚRGICA CIRUGÍA PEDIÁTRICA ";"11";"17";"104";"67";"3";"93";"0"
"2023";"10";"120114";"JUNIN";"HUANCAYO";"EL TAMBO";"ESSALUD";"III-1";"00008652";"HOSPITAL NACIONAL RAMIRO PRIALE PRIALE";"242600";"HOSPITALIZACIÓN DE PEDIATRÍA PEDIATRIA CARDIOLOGÍA PEDIÁTRICA";"11";"9";"50";"87";"3";"93";"0"
"2023";"10";"120114";"JUNIN";"HUANCAYO";"EL TAMBO";"ESSALUD";"III-1";"00008652";"HOSPITAL NACIONAL RAMIRO PRIALE PRIALE";"242900";"HOSPITALIZACIÓN DE PEDIATRÍA PEDIATRIA GASTROENTEROLOGÍA PEDIÁTRICA";"21";"15";"149";"252";"9";"279";"0"
"2023";"10";"120114";"JUNIN";"HUANCAYO";"EL TAMBO";"ESSALUD";"III-1";"00008652";"HOSPITAL NACIONAL RAMIRO PRIALE PRIALE";"242202";"HOSPITALIZACIÓN DE MEDICINA PSIQUIATRÍA PSIQUIATRÍA DEL ADULTO Y GERONTE";"34";"36";"506";"468";"16";"496";"7"
"2023";"10";"120114";"JUNIN";"HUANCAYO";"EL TAMBO";"ESSALUD";"III-1";"00008652";"HOSPITAL NACIONAL RAMIRO PRIALE PRIALE";"241900";"HOSPITALIZACIÓN DE MEDICINA MEDICINA INTERNA ";"7";"9";"172";"128";"5";"155";"0"
"2023";"10";"120114";"JUNIN";"HUANCAYO";"EL TAMBO";"ESSALUD";"III-1";"00008652";"HOSPITAL NACIONAL RAMIRO PRIALE PRIALE";"241900";"HOSPITALIZACIÓN DE MEDICINA MEDICINA INTERNA ";"82";"80";"1628";"1319";"46";"1426";"7"
"2023";"10";"120114";"JUNIN";"HUANCAYO";"EL TAMBO";"ESSALUD";"III-1";"00008652";"HOSPITAL NACIONAL RAMIRO PRIALE PRIALE";"243100";"HOSPITALIZACIÓN DE PEDIATRÍA PEDIATRIA NEFROLOGÍA PEDIÁTRICA";"10";"10";"94";"97";"4";"124";"0"
"2023";"10";"120114";"JUNIN";"HUANCAYO";"EL TAMBO";"ESSALUD";"III-1";"00008652";"HOSPITAL NACIONAL RAMIRO PRIALE PRIALE";"242100";"HOSPITALIZACIÓN DE MEDICINA ONCOLOGÍA MÉDICA ";"39";"44";"1837";"404";"14";"434";"8"
"2023";"10";"120114";"JUNIN";"HUANCAYO";"EL TAMBO";"ESSALUD";"III-1";"00008652";"HOSPITAL NACIONAL RAMIRO PRIALE PRIALE";"242200";"HOSPITALIZACIÓN DE MEDICINA PSIQUIATRÍA ";"13";"14";"409";"382";"15";"465";"0"
"2023";"10";"120114";"JUNIN";"HUANCAYO";"EL TAMBO";"ESSALUD";"III-1";"00008652";"HOSPITAL NACIONAL RAMIRO PRIALE PRIALE";"242000";"HOSPITALIZACIÓN DE MEDICINA MEDICINA TROPICAL E INFECCIOSAS ";"15";"13";"137";"124";"5";"155";"0"
"2023";"10";"120114";"JUNIN";"HUANCAYO";"EL TAMBO";"ESSALUD";"III-1";"00008652";"HOSPITAL NACIONAL RAMIRO PRIALE PRIALE";"240400";"HOSPITALIZACIÓN QUIRÚRGICA CIRUGÍA DE TÓRAX Y CARDIOVASCULAR ";"17";"17";"25";"25";"1";"31";"0"
"2023";"10";"120114";"JUNIN";"HUANCAYO";"EL TAMBO";"ESSALUD";"III-1";"00008652";"HOSPITAL NACIONAL RAMIRO PRIALE PRIALE";"240400";"HOSPITALIZACIÓN QUIRÚRGICA CIRUGÍA DE TÓRAX Y CARDIOVASCULAR ";"7";"8";"93";"105";"4";"124";"0"
"2023";"10";"120114";"JUNIN";"HUANCAYO";"EL TAMBO";"ESSALUD";"III-1";"00008652";"HOSPITAL NACIONAL RAMIRO PRIALE PRIALE";"240100";"HOSPITALIZACIÓN QUIRÚRGICA CIRUGÍA GENERAL ";"206";"215";"1192";"997";"33";"1023";"5"
"2023";"10";"120114";"JUNIN";"HUANCAYO";"EL TAMBO";"ESSALUD";"III-1";"00008652";"HOSPITAL NACIONAL RAMIRO PRIALE PRIALE";"240900";"HOSPITALIZACIÓN QUIRÚRGICA NEUROCIRUGÍA ";"13";"13";"129";"208";"7";"217";"0"
"2023";"10";"120114";"JUNIN";"HUANCAYO";"EL TAMBO";"ESSALUD";"III-1";"00008652";"HOSPITAL NACIONAL RAMIRO PRIALE PRIALE";"241200";"HOSPITALIZACIÓN QUIRÚRGICA TRAUMATOLOGÍA Y ORTOPEDIA ";"104";"95";"693";"764";"25";"775";"0"
"2023";"10";"120114";"JUNIN";"HUANCAYO";"EL TAMBO";"ESSALUD";"III-1";"00008652";"HOSPITAL NACIONAL RAMIRO PRIALE PRIALE";"241300";"HOSPITALIZACIÓN QUIRÚRGICA UROLOGÍA  ";"47";"47";"279";"293";"10";"310";"0"
"2023";"10";"120114";"JUNIN";"HUANCAYO";"EL TAMBO";"ESSALUD";"III-1";"00008652";"HOSPITAL NACIONAL RAMIRO PRIALE PRIALE";"241600";"HOSPITALIZACIÓN QUIRÚRGICA OBSTETRICIA   ";"90";"241";"518";"621";"22";"682";"0"
"2023";"10";"120114";"JUNIN";"HUANCAYO";"EL TAMBO";"ESSALUD";"III-1";"00008652";"HOSPITAL NACIONAL RAMIRO PRIALE PRIALE";"241500";"HOSPITALIZACIÓN QUIRÚRGICA GINECOLOGÍA  ";"59";"57";"242";"253";"9";"279";"0"
"2023";"10";"120114";"JUNIN";"HUANCAYO";"EL TAMBO";"ESSALUD";"III-1";"00008652";"HOSPITAL NACIONAL RAMIRO PRIALE PRIALE";"241700";"HOSPITALIZACIÓN QUIRÚRGICA GINECOLOGÍA   GINECOLOGIA ONCOLOGiCA";"16";"16";"57";"57";"2";"62";"0"
"2023";"10";"120114";"JUNIN";"HUANCAYO";"EL TAMBO";"ESSALUD";"III-1";"00008652";"HOSPITAL NACIONAL RAMIRO PRIALE PRIALE";"242300";"HOSPITALIZACIÓN DE PEDIATRÍA  PEDIATRÍA  GENERAL ";"74";"75";"327";"347";"12";"372";"0"
"2023";"10";"120114";"JUNIN";"HUANCAYO";"EL TAMBO";"ESSALUD";"III-1";"00008652";"HOSPITAL NACIONAL RAMIRO PRIALE PRIALE";"250100";"UNIDAD DE CUIDADOS CRITICOS UNIDAD  DE CUIDADOS INTENSIVOS GENERALES (UCI) ";"40";"19";"112";"353";"12";"372";"17"
"2023";"10";"120114";"JUNIN";"HUANCAYO";"EL TAMBO";"ESSALUD";"III-1";"00008652";"HOSPITAL NACIONAL RAMIRO PRIALE PRIALE";"250108";"UNIDAD DE CUIDADOS CRITICOS UNIDAD  DE CUIDADOS INTENSIVOS  (UCI) PEDIÁTRICA";"6";"1";"9";"55";"2";"62";"1"
"2023";"10";"120114";"JUNIN";"HUANCAYO";"EL TAMBO";"ESSALUD";"III-1";"00008652";"HOSPITAL NACIONAL RAMIRO PRIALE PRIALE";"250105";"UNIDAD DE CUIDADOS CRITICOS UNIDAD  DE CUIDADOS INTENSIVOS  (UCI) NEONATOLOGÍA";"16";"1";"4";"173";"6";"186";"1"
"2023";"10";"120114";"JUNIN";"HUANCAYO";"EL TAMBO";"ESSALUD";"III-1";"00008652";"HOSPITAL NACIONAL RAMIRO PRIALE PRIALE";"240500";"HOSPITALIZACIÓN QUIRÚRGICA CIRUGÍA DE TRANSPLANTES ";"0";"1";"28";"15";"1";"18";"0"
"2023";"10";"120114";"JUNIN";"HUANCAYO";"EL TAMBO";"ESSALUD";"III-1";"00008652";"HOSPITAL NACIONAL RAMIRO PRIALE PRIALE";"250200";"UNIDAD DE CUIDADOS CRITICOS UNIDAD DE CUIDADOS INTERMEDIOS GENERAL  (UCIN) ";"34";"2";"7";"279";"10";"310";"0"
"2023";"10";"120114";"JUNIN";"HUANCAYO";"EL TAMBO";"ESSALUD";"III-1";"00008652";"HOSPITAL NACIONAL RAMIRO PRIALE PRIALE";"250202";"UNIDAD DE CUIDADOS CRITICOS UNIDAD DE CUIDADOS INTERMEDIOS  (UCIN) PEDIÁTRICOS";"27";"21";"102";"126";"5";"155";"0"
"2023";"10";"120114";"JUNIN";"HUANCAYO";"EL TAMBO";"ESSALUD";"III-1";"00008652";"HOSPITAL NACIONAL RAMIRO PRIALE PRIALE";"250200";"UNIDAD DE CUIDADOS CRITICOS UNIDAD DE CUIDADOS INTERMEDIOS GENERAL  (UCIN) ";"50";"45";"291";"262";"9";"279";"0"
"2023";"10";"120303";"JUNIN";"CHANCHAMAYO";"PICHANAQUI";"GOBIERNO REGIONAL";"II-1";"00000340";"HOSPITAL DE APOYO PICHANAKI";"241800";"HOSPITALIZACIÓN DE MEDICINA MEDICINA GENERAL ";"43";"45";"227";"227";"9";"279";"2"
"2023";"10";"120303";"JUNIN";"CHANCHAMAYO";"PICHANAQUI";"GOBIERNO REGIONAL";"II-1";"00000340";"HOSPITAL DE APOYO PICHANAKI";"240100";"HOSPITALIZACIÓN QUIRÚRGICA CIRUGÍA GENERAL ";"41";"36";"140";"140";"6";"186";"0"
"2023";"10";"120303";"JUNIN";"CHANCHAMAYO";"PICHANAQUI";"GOBIERNO REGIONAL";"II-1";"00000340";"HOSPITAL DE APOYO PICHANAKI";"241200";"HOSPITALIZACIÓN QUIRÚRGICA TRAUMATOLOGÍA Y ORTOPEDIA ";"9";"11";"36";"36";"2";"62";"0"
"2023";"10";"120303";"JUNIN";"CHANCHAMAYO";"PICHANAQUI";"GOBIERNO REGIONAL";"II-1";"00000340";"HOSPITAL DE APOYO PICHANAKI";"242500";"HOSPITALIZACIÓN-PEDIATRÍA GENERAL-";"20";"22";"82";"82";"4";"124";"0"
"2023";"10";"120303";"JUNIN";"CHANCHAMAYO";"PICHANAQUI";"GOBIERNO REGIONAL";"II-1";"00000340";"HOSPITAL DE APOYO PICHANAKI";"241600";"HOSPITALIZACIÓN QUIRÚRGICA OBSTETRICIA   ";"109";"103";"189";"189";"12";"372";"0"
"2023";"10";"120303";"JUNIN";"CHANCHAMAYO";"PICHANAQUI";"GOBIERNO REGIONAL";"II-1";"00000340";"HOSPITAL DE APOYO PICHANAKI";"241400";"HOSPITALIZACIÓN QUIRÚRGICA GINECO - OBSTETRICIA ";"27";"29";"47";"47";"9";"279";"0"
"2023";"10";"081102";"CUSCO";"PAUCARTAMBO";"CAICAY";"GOBIERNO REGIONAL";"I-1";"00002512";"CAICAY";"NE_0002";"";"NE_0002";"NE_0002";"NE_0002";"NE_0002";"NE_0002";"NE_0002";"NE_0002"
"2023";"10";"081106";"CUSCO";"PAUCARTAMBO";"KOSÑIPATA";"GOBIERNO REGIONAL";"I-3";"00002521";"PILCOPATA";"NE_0002";"";"NE_0002";"NE_0002";"NE_0002";"NE_0002";"NE_0002";"NE_0002";"NE_0002"
"2023";"10";"081104";"CUSCO";"PAUCARTAMBO";"COLQUEPATA";"GOBIERNO REGIONAL";"I-2";"00002518";"VIZCOCHONI";"NE_0002";"";"NE_0002";"NE_0002";"NE_0002";"NE_0002";"NE_0002";"NE_0002";"NE_0002"
"2023";"10";"081105";"CUSCO";"PAUCARTAMBO";"HUANCARANI";"GOBIERNO REGIONAL";"I-4";"00002520";"HUANCARANI";"NE_0002";"";"NE_0002";"NE_0002";"NE_0002";"NE_0002";"NE_0002";"NE_0002";"NE_0002"
"2023";"10";"081106";"CUSCO";"PAUCARTAMBO";"KOSÑIPATA";"GOBIERNO REGIONAL";"I-2";"00002522";"PATRIA";"NE_0002";"";"NE_0002";"NE_0002";"NE_0002";"NE_0002";"NE_0002";"NE_0002";"NE_0002"
"2023";"10";"081101";"CUSCO";"PAUCARTAMBO";"PAUCARTAMBO";"GOBIERNO REGIONAL";"I-2";"00002511";"MOLLOMARCA";"NE_0002";"";"NE_0002";"NE_0002";"NE_0002";"NE_0002";"NE_0002";"NE_0002";"NE_0002"
"2023";"10";"081104";"CUSCO";"PAUCARTAMBO";"COLQUEPATA";"GOBIERNO REGIONAL";"I-2";"00002516";"COLQUEPATA";"NE_0002";"";"NE_0002";"NE_0002";"NE_0002";"NE_0002";"NE_0002";"NE_0002";"NE_0002"
"2023";"10";"120808";"JUNIN";"YAULI";"SANTA ROSA DE SACCO";"GOBIERNO REGIONAL";"I-3";"00000566";"SANTA ROSA DE SACCO";"NE_0001";"";"NE_0001";"NE_0001";"NE_0001";"NE_0001";"NE_0001";"NE_0001";"NE_0001"
"2023";"10";"120801";"JUNIN";"YAULI";"LA OROYA";"GOBIERNO REGIONAL";"I-4";"00000559";"LA OROYA";"NE_0001";"";"NE_0001";"NE_0001";"NE_0001";"NE_0001";"NE_0001";"NE_0001";"NE_0001"
"2023";"10";"120801";"JUNIN";"YAULI";"LA OROYA";"GOBIERNO REGIONAL";"I-2";"00000560";"HUAYNACANCHA";"NE_0001";"";"NE_0001";"NE_0001";"NE_0001";"NE_0001";"NE_0001";"NE_0001";"NE_0001"
"2023";"10";"120804";"JUNIN";"YAULI";"MARCAPOMACOCHA";"GOBIERNO REGIONAL";"I-1";"00000562";"SAN FRANCISCO DE YANTAC";"NE_0001";"";"NE_0001";"NE_0001";"NE_0001";"NE_0001";"NE_0001";"NE_0001";"NE_0001"
"2023";"10";"120810";"JUNIN";"YAULI";"YAULI";"GOBIERNO REGIONAL";"I-2";"00000567";"YAULI - LA OROYA";"NE_0001";"";"NE_0001";"NE_0001";"NE_0001";"NE_0001";"NE_0001";"NE_0001";"NE_0001"
"2023";"10";"120808";"JUNIN";"YAULI";"SANTA ROSA DE SACCO";"GOBIERNO REGIONAL";"I-1";"00021449";"JUAN PABLO II";"NE_0001";"";"NE_0001";"NE_0001";"NE_0001";"NE_0001";"NE_0001";"NE_0001";"NE_0001"
"2023";"10";"120802";"JUNIN";"YAULI";"CHACAPALPA";"GOBIERNO REGIONAL";"I-1";"00000429";"CHACAPALPA";"NE_0001";"";"NE_0001";"NE_0001";"NE_0001";"NE_0001";"NE_0001";"NE_0001";"NE_0001"
"2023";"10";"120806";"JUNIN";"YAULI";"PACCHA";"GOBIERNO REGIONAL";"I-2";"00000564";"PACCHA - LA OROYA";"NE_0001";"";"NE_0001";"NE_0001";"NE_0001";"NE_0001";"NE_0001";"NE_0001";"NE_0001"
"2023";"09";"150113";"LIMA";"LIMA";"JESUS MARIA";"PRIVADO";"II-E";"00009982";"CLINICA REPROMEDIC";"240000";"HOSPITALIZACIÓN";"135";"135";"304";"290";"10";"320";"0"
"2023";"09";"150131";"LIMA";"LIMA";"SAN ISIDRO";"PRIVADO";"II-E";"00018667";"CLINICA ARROYO";"NE_0001";"";"NE_0001";"NE_0001";"NE_0001";"NE_0001";"NE_0001";"NE_0001";"NE_0001"
"2023";"09";"150140";"LIMA";"LIMA";"SANTIAGO DE SURCO";"PRIVADO";"II-E";"00028189";"GLAUCOMA SALUD";"NE_0001";"";"NE_0001";"NE_0001";"NE_0001";"NE_0001";"NE_0001";"NE_0001";"NE_0001"
"2023";"09";"150122";"LIMA";"LIMA";"MIRAFLORES";"PRIVADO";"II-E";"00024924";"CLÍNICA CORPORACIÓN DE CIRUJANOS PLÁSTICOS";"NE_0002";"";"NE_0002";"NE_0002";"NE_0002";"NE_0002";"NE_0002";"NE_0002";"NE_0002"
"2023";"09";"150130";"LIMA";"LIMA";"SAN BORJA";"PRIVADO";"II-E";"00015179";"CLINICA KIRSCHBAUM";"240800";"HOSPITALIZACIÓN QUIRÚRGICA CIRUGÍA PLÁSTICA/RECONSTRUCTIVA/ REPARADORA ";"54";"54";"77";"54";"10";"310";"0"
"2023";"10";"160113";"LORETO";"MAYNAS";"SAN JUAN BAUTISTA";"SANIDAD DE LA POLICIA NACIONAL DEL PERU";"I-3";"00011369";"POLICLINICO POLICIAL IQUITOS";"NE_0001";"";"NE_0001";"NE_0001";"NE_0001";"NE_0001";"NE_0001";"NE_0001";"NE_0001"
"2023";"10";"080601";"CUSCO";"CANCHIS";"SICUANI";"SANIDAD DE LA POLICIA NACIONAL DEL PERU";"I-2";"00024663";"SANIDAD PNP  SICUANI";"NE_0001";"";"NE_0001";"NE_0001";"NE_0001";"NE_0001";"NE_0001";"NE_0001";"NE_0001"
"2023";"10";"220804";"SAN MARTIN";"RIOJA";"NUEVA CAJAMARCA";"GOBIERNO REGIONAL";"I-1";"00006299";"PERLA DAGUAS";"NE_0001";"";"NE_0001";"NE_0001";"NE_0001";"NE_0001";"NE_0001";"NE_0001";"NE_0001"
"2023";"10";"220804";"SAN MARTIN";"RIOJA";"NUEVA CAJAMARCA";"GOBIERNO REGIONAL";"I-3";"00006300";"SAN JUAN RIO SORITOR";"NE_0002";"";"NE_0002";"NE_0002";"NE_0002";"NE_0002";"NE_0002";"NE_0002";"NE_0002"
"2023";"10";"220801";"SAN MARTIN";"RIOJA";"RIOJA";"ESSALUD";"I-4";"00021003";"CENTRO MEDICO RIOJA - ESSALUD";"241800";"HOSPITALIZACIÓN DE MEDICINA MEDICINA GENERAL ";"27";"29";"75";"86";"3";"93";"0"
"2023";"10";"220801";"SAN MARTIN";"RIOJA";"RIOJA";"ESSALUD";"I-4";"00021003";"CENTRO MEDICO RIOJA - ESSALUD";"241600";"HOSPITALIZACIÓN QUIRÚRGICA OBSTETRICIA   ";"8";"8";"26";"30";"1";"31";"0"
"2023";"10";"220801";"SAN MARTIN";"RIOJA";"RIOJA";"ESSALUD";"I-4";"00021003";"CENTRO MEDICO RIOJA - ESSALUD";"242300";"HOSPITALIZACIÓN DE PEDIATRÍA  PEDIATRÍA  GENERAL ";"10";"11";"30";"31";"1";"31";"0"
"2023";"10";"150133";"LIMA";"LIMA";"SAN JUAN DE MIRAFLORES";"PRIVADO";"II-E";"00028244";"CLINICA SAGRADA FAMILIA DEL SUR";"240000";"HOSPITALIZACIÓN";"11";"11";"26";"24";"6";"21";"0"
"2023";"10";"150141";"LIMA";"LIMA";"SURQUILLO";"PRIVADO";"II-E";"00025930";"CLINICA SANENS";"240000";"HOSPITALIZACIÓN";"65";"59";"68";"51";"7";"210";"0"
"2023";"10";"061201";"CAJAMARCA";"SAN PABLO";"SAN PABLO";"GOBIERNO REGIONAL";"I-2";"00004578";"CALLANCAS";"NE_0001";"";"NE_0001";"NE_0001";"NE_0001";"NE_0001";"NE_0001";"NE_0001";"NE_0001"
"2023";"10";"061201";"CAJAMARCA";"SAN PABLO";"SAN PABLO";"GOBIERNO REGIONAL";"I-4";"00004577";"SAN PABLO";"241800";"HOSPITALIZACIÓN DE MEDICINA MEDICINA GENERAL ";"8";"8";"23";"23";"3";"93";"0"
"2023";"10";"061201";"CAJAMARCA";"SAN PABLO";"SAN PABLO";"GOBIERNO REGIONAL";"I-4";"00004577";"SAN PABLO";"241600";"HOSPITALIZACIÓN QUIRÚRGICA OBSTETRICIA   ";"6";"6";"21";"13";"6";"186";"0"
"2023";"10";"061201";"CAJAMARCA";"SAN PABLO";"SAN PABLO";"GOBIERNO REGIONAL";"I-2";"00004581";"SANTA ROSA DE UNANCA";"NE_0001";"";"NE_0001";"NE_0001";"NE_0001";"NE_0001";"NE_0001";"NE_0001";"NE_0001"
"2023";"11";"140101";"LAMBAYEQUE";"CHICLAYO";"CHICLAYO";"PRIVADO";"II-E";"00026707";"CLÍNICA OFTALMOLÓGICA VIDAVAS SAC";"NE_0001";"";"NE_0001";"NE_0001";"NE_0001";"NE_0001";"NE_0001";"NE_0001";"NE_0001"
"2023";"11";"220804";"SAN MARTIN";"RIOJA";"NUEVA CAJAMARCA";"GOBIERNO REGIONAL";"I-1";"00006299";"PERLA DAGUAS";"NE_0001";"";"NE_0001";"NE_0001";"NE_0001";"NE_0001";"NE_0001";"NE_0001";"NE_0001"
"2023";"11";"220804";"SAN MARTIN";"RIOJA";"NUEVA CAJAMARCA";"GOBIERNO REGIONAL";"I-3";"00006300";"SAN JUAN RIO SORITOR";"NE_0002";"";"NE_0002";"NE_0002";"NE_0002";"NE_0002";"NE_0002";"NE_0002";"NE_0002"
"2023";"11";"110207";"ICA";"CHINCHA";"PUEBLO NUEVO";"ESSALUD";"I-3";"00012277";"PUEBLO NUEVO";"NE_0001";"";"NE_0001";"NE_0001";"NE_0001";"NE_0001";"NE_0001";"NE_0001";"NE_0001"
"2023";"11";"220909";"SAN MARTIN";"SAN MARTIN";"LA BANDA DE SHILCAYO";"GOBIERNO REGIONAL";"II-E";"00006359";"BANDA SHILCAYO";"241400";"HOSPITALIZACIÓN QUIRÚRGICA GINECO - OBSTETRICIA ";"92";"102";"175";"162";"17";"510";"0"
"2023";"11";"220909";"SAN MARTIN";"SAN MARTIN";"LA BANDA DE SHILCAYO";"GOBIERNO REGIONAL";"II-E";"00006359";"BANDA SHILCAYO";"241800";"HOSPITALIZACIÓN DE MEDICINA MEDICINA GENERAL ";"27";"33";"135";"132";"23";"690";"1"
"2023";"11";"220909";"SAN MARTIN";"SAN MARTIN";"LA BANDA DE SHILCAYO";"GOBIERNO REGIONAL";"II-E";"00006359";"BANDA SHILCAYO";"242500";"HOSPITALIZACIÓN-PEDIATRÍA GENERAL-";"28";"30";"107";"102";"7";"210";"0"
"2023";"11";"040401";"AREQUIPA";"CASTILLA";"APLAO";"ESSALUD";"I-3";"00013299";"CENTRO MEDICO APLAO";"NE_0001";"";"NE_0001";"NE_0001";"NE_0001";"NE_0001";"NE_0001";"NE_0001";"NE_0001"
"2023";"11";"120303";"JUNIN";"CHANCHAMAYO";"PICHANAQUI";"GOBIERNO REGIONAL";"I-3";"00000343";"CENTRO CUYANI";"NE_0001";"";"NE_0001";"NE_0001";"NE_0001";"NE_0001";"NE_0001";"NE_0001";"NE_0001"
"2023";"11";"120303";"JUNIN";"CHANCHAMAYO";"PICHANAQUI";"GOBIERNO REGIONAL";"I-2";"00000350";"VALLE HERMOSO";"NE_0001";"";"NE_0001";"NE_0001";"NE_0001";"NE_0001";"NE_0001";"NE_0001";"NE_0001"
"2023";"11";"120303";"JUNIN";"CHANCHAMAYO";"PICHANAQUI";"GOBIERNO REGIONAL";"I-2";"00000347";"CONDADO PICHIKIARI";"NE_0001";"";"NE_0001";"NE_0001";"NE_0001";"NE_0001";"NE_0001";"NE_0001";"NE_0001"
"2023";"11";"120303";"JUNIN";"CHANCHAMAYO";"PICHANAQUI";"GOBIERNO REGIONAL";"I-1";"00000353";"ANDRES AVELINO CACERES";"NE_0001";"";"NE_0001";"NE_0001";"NE_0001";"NE_0001";"NE_0001";"NE_0001";"NE_0001"
"2023";"11";"050701";"AYACUCHO";"PARINACOCHAS";"CORACORA";"ESSALUD";"I-2";"00011443";"CORACORA";"NE_0001";"";"NE_0001";"NE_0001";"NE_0001";"NE_0001";"NE_0001";"NE_0001";"NE_0001"
"2023";"11";"150101";"LIMA";"LIMA";"LIMA";"MINSA";"III-2";"00006217";"INO DR. FRANCISCO CONTRERAS C.";"240600";"HOSPITALIZACIÓN QUIRÚRGICA CIRUGÍA OFTALMOLÓGICA ";"26";"15";"26";"15";"7";"210";"0"
"2023";"11";"220405";"SAN MARTIN";"HUALLAGA";"SACANCHE";"GOBIERNO REGIONAL";"I-3";"00006543";"SACANCHE";"NE_0002";"";"NE_0002";"NE_0002";"NE_0002";"NE_0002";"NE_0002";"NE_0002";"NE_0002"
"2023";"11";"220404";"SAN MARTIN";"HUALLAGA";"PISCOYACU";"GOBIERNO REGIONAL";"I-2";"00006545";"NUEVO SACANCHE";"NE_0002";"";"NE_0002";"NE_0002";"NE_0002";"NE_0002";"NE_0002";"NE_0002";"NE_0002"
"2023";"11";"150120";"LIMA";"LIMA";"MAGDALENA DEL MAR";"PRIVADO";"II-E";"00023022";"CLINICA AVANSALUD";"240000";"HOSPITALIZACIÓN";"114";"113";"159";"112";"11";"341";"0"
"2023";"11";"110113";"ICA";"ICA";"TATE";"GOBIERNO REGIONAL";"I-1";"00003404";"LUJARAJA";"NE_0001";"";"NE_0001";"NE_0001";"NE_0001";"NE_0001";"NE_0001";"NE_0001";"NE_0001"
"2023";"11";"110107";"ICA";"ICA";"PUEBLO NUEVO";"MINSA";"I-3";"00003370";"CENTRO DE SALUD PUEBLO NUEVO";"NE_0001";"";"NE_0001";"NE_0001";"NE_0001";"NE_0001";"NE_0001";"NE_0001";"NE_0001"
"2023";"11";"110105";"ICA";"ICA";"PACHACUTEC";"GOBIERNO REGIONAL";"I-2";"00003407";"EL PALTO";"NE_0001";"";"NE_0001";"NE_0001";"NE_0001";"NE_0001";"NE_0001";"NE_0001";"NE_0001"
"2023";"11";"110105";"ICA";"ICA";"PACHACUTEC";"MINSA";"I-2";"00003372";"PACHACUTEC";"NE_0001";"";"NE_0001";"NE_0001";"NE_0001";"NE_0001";"NE_0001";"NE_0001";"NE_0001"
"2023";"11";"110107";"ICA";"ICA";"PUEBLO NUEVO";"GOBIERNO REGIONAL";"I-1";"00003401";"SAN RAFAEL";"NE_0001";"";"NE_0001";"NE_0001";"NE_0001";"NE_0001";"NE_0001";"NE_0001";"NE_0001"
"2023";"11";"150130";"LIMA";"LIMA";"SAN BORJA";"MINSA";"III-2";"00016918";"INSTITUTO NACIONAL DE SALUD NIÑO SAN BORJA";"242100";"HOSPITALIZACIÓN DE MEDICINA ONCOLOGÍA MÉDICA ";"28";"26";"417";"355";"17";"510";"0"
"2023";"11";"150130";"LIMA";"LIMA";"SAN BORJA";"MINSA";"III-2";"00016918";"INSTITUTO NACIONAL DE SALUD NIÑO SAN BORJA";"244500";"HOSPITALIZACIÓN DE MEDICINA HEMATOLOGÍA ";"24";"26";"742";"659";"23";"701";"0"
"2023";"11";"150130";"LIMA";"LIMA";"SAN BORJA";"MINSA";"III-2";"00016918";"INSTITUTO NACIONAL DE SALUD NIÑO SAN BORJA";"240400";"HOSPITALIZACIÓN QUIRÚRGICA CIRUGÍA DE TÓRAX Y CARDIOVASCULAR ";"63";"75";"2085";"1021";"35";"1050";"0"
"2023";"11";"150130";"LIMA";"LIMA";"SAN BORJA";"MINSA";"III-2";"00016918";"INSTITUTO NACIONAL DE SALUD NIÑO SAN BORJA";"240700";"HOSPITALIZACIÓN QUIRÚRGICA CIRUGÍA PEDIÁTRICA ";"59";"56";"677";"931";"33";"976";"1"
"2023";"11";"150130";"LIMA";"LIMA";"SAN BORJA";"MINSA";"III-2";"00016918";"INSTITUTO NACIONAL DE SALUD NIÑO SAN BORJA";"240900";"HOSPITALIZACIÓN QUIRÚRGICA NEUROCIRUGÍA ";"56";"56";"886";"984";"34";"1033";"2"
"2023";"11";"150130";"LIMA";"LIMA";"SAN BORJA";"MINSA";"III-2";"00016918";"INSTITUTO NACIONAL DE SALUD NIÑO SAN BORJA";"240100";"HOSPITALIZACIÓN QUIRÚRGICA CIRUGÍA GENERAL ";"116";"112";"1093";"963";"33";"986";"0"
"2023";"11";"150130";"LIMA";"LIMA";"SAN BORJA";"MINSA";"III-2";"00016918";"INSTITUTO NACIONAL DE SALUD NIÑO SAN BORJA";"242300";"HOSPITALIZACIÓN DE PEDIATRÍA  PEDIATRÍA  GENERAL ";"51";"54";"810";"874";"30";"906";"2"
"2023";"11";"150130";"LIMA";"LIMA";"SAN BORJA";"MINSA";"III-2";"00016918";"INSTITUTO NACIONAL DE SALUD NIÑO SAN BORJA";"240801";"HOSPITALIZACIÓN QUIRÚRGICA CIRUGÍA PLÁSTICA/RECONSTRUCTIVA/ REPARADORA QUEMADOS";"40";"42";"717";"522";"18";"540";"0"
"2023";"11";"150130";"LIMA";"LIMA";"SAN BORJA";"MINSA";"III-2";"00016918";"INSTITUTO NACIONAL DE SALUD NIÑO SAN BORJA";"240500";"HOSPITALIZACIÓN QUIRÚRGICA CIRUGÍA DE TRANSPLANTES ";"7";"6";"59";"135";"5";"152";"0"
"2023";"11";"150130";"LIMA";"LIMA";"SAN BORJA";"MINSA";"III-2";"00016918";"INSTITUTO NACIONAL DE SALUD NIÑO SAN BORJA";"243600";"HOSPITALIZACIÓN DE PEDIATRÍA PEDIATRIA ONCOLOGÍA PEDIÁTRICA";"0";"7";"82";"85";"3";"90";"0"
"2023";"11";"220502";"SAN MARTIN";"LAMAS";"ALONSO DE ALVARADO";"GOBIERNO REGIONAL";"I-1";"00010516";"PORVENIR DEL NORTE";"NE_0001";"";"NE_0001";"NE_0001";"NE_0001";"NE_0001";"NE_0001";"NE_0001";"NE_0001"
"2023";"11";"220502";"SAN MARTIN";"LAMAS";"ALONSO DE ALVARADO";"GOBIERNO REGIONAL";"I-3";"00006348";"ROQUE";"241600";"HOSPITALIZACIÓN QUIRÚRGICA OBSTETRICIA   ";"2";"2";"2";"2";"6";"30";"0"
"2023";"11";"210501";"PUNO";"EL COLLAO";"ILAVE";"GOBIERNO REGIONAL";"II-1";"00003032";"ILAVE";"241600";"HOSPITALIZACIÓN QUIRÚRGICA OBSTETRICIA   ";"62";"61";"105";"167";"12";"360";"0"
"2023";"11";"210501";"PUNO";"EL COLLAO";"ILAVE";"GOBIERNO REGIONAL";"II-1";"00003032";"ILAVE";"241800";"HOSPITALIZACIÓN DE MEDICINA MEDICINA GENERAL ";"27";"23";"116";"143";"9";"270";"0"
"2023";"11";"210501";"PUNO";"EL COLLAO";"ILAVE";"GOBIERNO REGIONAL";"II-1";"00003032";"ILAVE";"242500";"HOSPITALIZACIÓN-PEDIATRÍA GENERAL-";"17";"16";"76";"93";"9";"270";"0"
"2023";"11";"210501";"PUNO";"EL COLLAO";"ILAVE";"GOBIERNO REGIONAL";"II-1";"00003032";"ILAVE";"240100";"HOSPITALIZACIÓN QUIRÚRGICA CIRUGÍA GENERAL ";"13";"11";"36";"49";"5";"150";"0"
"2023";"11";"210501";"PUNO";"EL COLLAO";"ILAVE";"GOBIERNO REGIONAL";"II-1";"00003032";"ILAVE";"243200";"HOSPITALIZACIÓN DE PEDIATRÍA PEDIATRIA NEONATOLOGÍA";"1";"1";"3";"4";"1";"30";"0"
"2023";"11";"200601";"PIURA";"SULLANA";"SULLANA";"SANIDAD DE LA POLICIA NACIONAL DEL PERU";"I-2";"00010688";"POSTA  MEDICA  POLICIAL  SULLANA";"NE_0001";"";"NE_0001";"NE_0001";"NE_0001";"NE_0001";"NE_0001";"NE_0001";"NE_0001"
"2023";"11";"150130";"LIMA";"LIMA";"SAN BORJA";"PRIVADO";"III-1";"00009886";"CLINICA SAN BORJA";"240000";"HOSPITALIZACIÓN";"473";"514";"2068";"69";"83";"2490";"4"
"2023";"11";"150130";"LIMA";"LIMA";"SAN BORJA";"PRIVADO";"III-1";"00009886";"CLINICA SAN BORJA";"240500";"HOSPITALIZACIÓN QUIRÚRGICA CIRUGÍA DE TRANSPLANTES ";"3";"4";"52";"2";"4";"120";"0"
"2023";"11";"150130";"LIMA";"LIMA";"SAN BORJA";"PRIVADO";"III-1";"00009886";"CLINICA SAN BORJA";"250105";"UNIDAD DE CUIDADOS CRITICOS UNIDAD  DE CUIDADOS INTENSIVOS  (UCI) NEONATOLOGÍA";"12";"14";"80";"3";"4";"120";"0"
"2023";"11";"150130";"LIMA";"LIMA";"SAN BORJA";"PRIVADO";"III-1";"00009886";"CLINICA SAN BORJA";"250306";"HOSPIT. EN UNIDAD DE CUID.INTEN.-UNIDAD DE VIGILANCIA INTENSIVA (UVI)-PEDIATRÍA";"10";"2";"81";"3";"4";"120";"0"
"2023";"11";"150130";"LIMA";"LIMA";"SAN BORJA";"PRIVADO";"III-1";"00009886";"CLINICA SAN BORJA";"250100";"UNIDAD DE CUIDADOS CRITICOS UNIDAD  DE CUIDADOS INTENSIVOS GENERALES (UCI) ";"76";"50";"376";"13";"19";"570";"9"
"2023";"11";"060601";"CAJAMARCA";"CUTERVO";"CUTERVO";"GOBIERNO REGIONAL";"I-1";"00006850";"CONDAY";"NE_0001";"";"NE_0001";"NE_0001";"NE_0001";"NE_0001";"NE_0001";"NE_0001";"NE_0001"
"2023";"11";"060601";"CAJAMARCA";"CUTERVO";"CUTERVO";"GOBIERNO REGIONAL";"I-1";"00007178";"RAYME";"NE_0001";"";"NE_0001";"NE_0001";"NE_0001";"NE_0001";"NE_0001";"NE_0001";"NE_0001"
"2023";"11";"060601";"CAJAMARCA";"CUTERVO";"CUTERVO";"GOBIERNO REGIONAL";"I-1";"00004996";"RAMBRAN";"NE_0001";"";"NE_0001";"NE_0001";"NE_0001";"NE_0001";"NE_0001";"NE_0001";"NE_0001"
"2023";"11";"060601";"CAJAMARCA";"CUTERVO";"CUTERVO";"GOBIERNO REGIONAL";"I-1";"00006856";"CHACAF";"NE_0001";"";"NE_0001";"NE_0001";"NE_0001";"NE_0001";"NE_0001";"NE_0001";"NE_0001"
"2023";"11";"060601";"CAJAMARCA";"CUTERVO";"CUTERVO";"GOBIERNO REGIONAL";"I-1";"00007431";"CONGA DE ALLANGA";"NE_0001";"";"NE_0001";"NE_0001";"NE_0001";"NE_0001";"NE_0001";"NE_0001";"NE_0001"
"2023";"11";"060601";"CAJAMARCA";"CUTERVO";"CUTERVO";"GOBIERNO REGIONAL";"I-1";"00004997";"TRIGOPAMPA";"NE_0001";"";"NE_0001";"NE_0001";"NE_0001";"NE_0001";"NE_0001";"NE_0001";"NE_0001"
"2023";"11";"060601";"CAJAMARCA";"CUTERVO";"CUTERVO";"GOBIERNO REGIONAL";"I-1";"00004998";"EL CARDON";"NE_0001";"";"NE_0001";"NE_0001";"NE_0001";"NE_0001";"NE_0001";"NE_0001";"NE_0001"
"2023";"11";"060601";"CAJAMARCA";"CUTERVO";"CUTERVO";"GOBIERNO REGIONAL";"I-1";"00006855";"AULLAN";"NE_0001";"";"NE_0001";"NE_0001";"NE_0001";"NE_0001";"NE_0001";"NE_0001";"NE_0001"
"2023";"11";"060601";"CAJAMARCA";"CUTERVO";"CUTERVO";"GOBIERNO REGIONAL";"I-1";"00007097";"AÑALCATE";"NE_0001";"";"NE_0001";"NE_0001";"NE_0001";"NE_0001";"NE_0001";"NE_0001";"NE_0001"
"2023";"11";"060601";"CAJAMARCA";"CUTERVO";"CUTERVO";"GOBIERNO REGIONAL";"I-2";"00007745";"URCURUME";"NE_0001";"";"NE_0001";"NE_0001";"NE_0001";"NE_0001";"NE_0001";"NE_0001";"NE_0001"
"2023";"11";"060601";"CAJAMARCA";"CUTERVO";"CUTERVO";"GOBIERNO REGIONAL";"I-1";"00008925";"LA LLICA";"NE_0001";"";"NE_0001";"NE_0001";"NE_0001";"NE_0001";"NE_0001";"NE_0001";"NE_0001"
"2023";"11";"060601";"CAJAMARCA";"CUTERVO";"CUTERVO";"GOBIERNO REGIONAL";"I-3";"00006858";"SALOMON VILCHEZ MURGA";"NE_0001";"";"NE_0001";"NE_0001";"NE_0001";"NE_0001";"NE_0001";"NE_0001";"NE_0001"
"2023";"11";"060601";"CAJAMARCA";"CUTERVO";"CUTERVO";"GOBIERNO REGIONAL";"I-2";"00007696";"MAMABAMBA";"NE_0001";"";"NE_0001";"NE_0001";"NE_0001";"NE_0001";"NE_0001";"NE_0001";"NE_0001"
"2023";"11";"060601";"CAJAMARCA";"CUTERVO";"CUTERVO";"GOBIERNO REGIONAL";"I-2";"00004982";"SALABAMBA";"NE_0001";"";"NE_0001";"NE_0001";"NE_0001";"NE_0001";"NE_0001";"NE_0001";"NE_0001"
"2023";"11";"060601";"CAJAMARCA";"CUTERVO";"CUTERVO";"GOBIERNO REGIONAL";"I-1";"00005000";"MUÑUNO";"NE_0001";"";"NE_0001";"NE_0001";"NE_0001";"NE_0001";"NE_0001";"NE_0001";"NE_0001"
"2023";"11";"150121";"LIMA";"LIMA";"PUEBLO LIBRE";"PRIVADO";"II-2";"00010743";"CLINICA STELLA MARIS";"241400";"HOSPITALIZACIÓN QUIRÚRGICA GINECO - OBSTETRICIA ";"47";"44";"110";"108";"16";"480";"0"
"2023";"11";"150121";"LIMA";"LIMA";"PUEBLO LIBRE";"PRIVADO";"II-2";"00010743";"CLINICA STELLA MARIS";"240000";"HOSPITALIZACIÓN";"493";"426";"1570";"1489";"53";"1590";"2"
"2023";"11";"150121";"LIMA";"LIMA";"PUEBLO LIBRE";"PRIVADO";"II-2";"00010743";"CLINICA STELLA MARIS";"243200";"HOSPITALIZACIÓN DE PEDIATRÍA PEDIATRIA NEONATOLOGÍA";"1";"0";"0";"6";"2";"60";"0"
"2023";"11";"150121";"LIMA";"LIMA";"PUEBLO LIBRE";"PRIVADO";"II-2";"00010743";"CLINICA STELLA MARIS";"250100";"UNIDAD DE CUIDADOS CRITICOS UNIDAD  DE CUIDADOS INTENSIVOS GENERALES (UCI) ";"9";"5";"21";"19";"10";"300";"5"
"2023";"11";"150121";"LIMA";"LIMA";"PUEBLO LIBRE";"PRIVADO";"II-2";"00010743";"CLINICA STELLA MARIS";"250200";"UNIDAD DE CUIDADOS CRITICOS UNIDAD DE CUIDADOS INTERMEDIOS GENERAL  (UCIN) ";"32";"27";"127";"98";"5";"150";"0"
"2023";"11";"240102";"TUMBES";"TUMBES";"CORRALES";"GOBIERNO REGIONAL";"I-2";"00001867";"SAN ISIDRO";"NE_0001";"";"NE_0001";"NE_0001";"NE_0001";"NE_0001";"NE_0001";"NE_0001";"NE_0001"
"2023";"11";"060809";"CAJAMARCA";"JAEN";"SALLIQUE";"GOBIERNO REGIONAL";"I-2";"00004253";"LA UNION";"NE_0001";"";"NE_0001";"NE_0001";"NE_0001";"NE_0001";"NE_0001";"NE_0001";"NE_0001"
"2023";"11";"060809";"CAJAMARCA";"JAEN";"SALLIQUE";"GOBIERNO REGIONAL";"I-1";"00009967";"CHALANMACHE";"NE_0001";"";"NE_0001";"NE_0001";"NE_0001";"NE_0001";"NE_0001";"NE_0001";"NE_0001"
"2023";"09";"040104";"AREQUIPA";"AREQUIPA";"CERRO COLORADO";"SANIDAD DE LA FUERZA AEREA DEL PERU";"II-E";"00011448";"HOSPITAL REGIONAL DEL SUR";"240000";"HOSPITALIZACIÓN";"8";"8";"83";"117";"20";"474";"0"
"2023";"09";"130207";"LA LIBERTAD";"ASCOPE";"SANTIAGO DE CAO";"ESSALUD";"I-2";"00012114";"POSTA DE SALUD SANTIAGO DE CAO";"NE_0001";"";"NE_0001";"NE_0001";"NE_0001";"NE_0001";"NE_0001";"NE_0001";"NE_0001"
"2023";"09";"040101";"AREQUIPA";"AREQUIPA";"AREQUIPA";"GOBIERNO REGIONAL";"III-1";"00001231";"HOSPITAL REGIONAL HONORIO DELGADO ESPINOZA";"241800";"HOSPITALIZACIÓN DE MEDICINA MEDICINA GENERAL ";"215";"235";"3947";"3733";"140";"4200";"46"
"2023";"09";"040101";"AREQUIPA";"AREQUIPA";"AREQUIPA";"GOBIERNO REGIONAL";"III-1";"00001231";"HOSPITAL REGIONAL HONORIO DELGADO ESPINOZA";"245300";"HOSPITALIZACIÓN DE MEDICINA NEUMOLOGÍA  ";"61";"65";"864";"712";"47";"1410";"5"
"2023";"09";"040101";"AREQUIPA";"AREQUIPA";"AREQUIPA";"GOBIERNO REGIONAL";"III-1";"00001231";"HOSPITAL REGIONAL HONORIO DELGADO ESPINOZA";"244000";"HOSPITALIZACIÓN DE MEDICINA CARDIOLOGIA ";"26";"18";"91";"115";"4";"120";"0"
"2023";"09";"040101";"AREQUIPA";"AREQUIPA";"AREQUIPA";"GOBIERNO REGIONAL";"III-1";"00001231";"HOSPITAL REGIONAL HONORIO DELGADO ESPINOZA";"242200";"HOSPITALIZACIÓN DE MEDICINA PSIQUIATRÍA ";"34";"32";"596";"725";"32";"960";"0"
"2023";"09";"040101";"AREQUIPA";"AREQUIPA";"AREQUIPA";"GOBIERNO REGIONAL";"III-1";"00001231";"HOSPITAL REGIONAL HONORIO DELGADO ESPINOZA";"240100";"HOSPITALIZACIÓN QUIRÚRGICA CIRUGÍA GENERAL ";"436";"438";"4412";"4012";"152";"4550";"8"
"2023";"09";"040101";"AREQUIPA";"AREQUIPA";"AREQUIPA";"GOBIERNO REGIONAL";"III-1";"00001231";"HOSPITAL REGIONAL HONORIO DELGADO ESPINOZA";"240900";"HOSPITALIZACIÓN QUIRÚRGICA NEUROCIRUGÍA ";"34";"36";"570";"518";"22";"660";"0"
"2023";"09";"040101";"AREQUIPA";"AREQUIPA";"AREQUIPA";"GOBIERNO REGIONAL";"III-1";"00001231";"HOSPITAL REGIONAL HONORIO DELGADO ESPINOZA";"240800";"HOSPITALIZACIÓN QUIRÚRGICA CIRUGÍA PLÁSTICA/RECONSTRUCTIVA/ REPARADORA ";"9";"10";"184";"268";"10";"300";"1"
"2023";"09";"040101";"AREQUIPA";"AREQUIPA";"AREQUIPA";"GOBIERNO REGIONAL";"III-1";"00001231";"HOSPITAL REGIONAL HONORIO DELGADO ESPINOZA";"250100";"UNIDAD DE CUIDADOS CRITICOS UNIDAD  DE CUIDADOS INTENSIVOS GENERALES (UCI) ";"20";"5";"174";"621";"22";"660";"15"
"2023";"09";"040101";"AREQUIPA";"AREQUIPA";"AREQUIPA";"GOBIERNO REGIONAL";"III-1";"00001231";"HOSPITAL REGIONAL HONORIO DELGADO ESPINOZA";"250108";"UNIDAD DE CUIDADOS CRITICOS UNIDAD  DE CUIDADOS INTENSIVOS  (UCI) PEDIÁTRICA";"4";"1";"5";"171";"6";"180";"0"
"2023";"09";"040101";"AREQUIPA";"AREQUIPA";"AREQUIPA";"GOBIERNO REGIONAL";"III-1";"00001231";"HOSPITAL REGIONAL HONORIO DELGADO ESPINOZA";"242300";"HOSPITALIZACIÓN DE PEDIATRÍA  PEDIATRÍA  GENERAL ";"175";"188";"1507";"1388";"70";"2106";"4"
"2023";"09";"040101";"AREQUIPA";"AREQUIPA";"AREQUIPA";"GOBIERNO REGIONAL";"III-1";"00001231";"HOSPITAL REGIONAL HONORIO DELGADO ESPINOZA";"243200";"HOSPITALIZACIÓN DE PEDIATRÍA PEDIATRIA NEONATOLOGÍA";"86";"98";"678";"493";"30";"900";"1"
"2023";"09";"040101";"AREQUIPA";"AREQUIPA";"AREQUIPA";"GOBIERNO REGIONAL";"III-1";"00001231";"HOSPITAL REGIONAL HONORIO DELGADO ESPINOZA";"250105";"UNIDAD DE CUIDADOS CRITICOS UNIDAD  DE CUIDADOS INTENSIVOS  (UCI) NEONATOLOGÍA";"12";"3";"61";"198";"7";"210";"4"
"2023";"09";"040101";"AREQUIPA";"AREQUIPA";"AREQUIPA";"GOBIERNO REGIONAL";"III-1";"00001231";"HOSPITAL REGIONAL HONORIO DELGADO ESPINOZA";"241600";"HOSPITALIZACIÓN QUIRÚRGICA OBSTETRICIA   ";"460";"465";"1784";"1471";"82";"2460";"0"
"2023";"09";"040101";"AREQUIPA";"AREQUIPA";"AREQUIPA";"GOBIERNO REGIONAL";"III-1";"00001231";"HOSPITAL REGIONAL HONORIO DELGADO ESPINOZA";"241500";"HOSPITALIZACIÓN QUIRÚRGICA GINECOLOGÍA  ";"82";"87";"585";"491";"27";"810";"0"
"2023";"09";"160101";"LORETO";"MAYNAS";"IQUITOS";"MINSA";"II-2";"00000001";"HOSPITAL IQUITOS ""CESAR GARAYAR GARCÍA""";"241800";"HOSPITALIZACIÓN DE MEDICINA MEDICINA GENERAL ";"42";"53";"359";"308";"17";"459";"8"
"2023";"09";"160101";"LORETO";"MAYNAS";"IQUITOS";"MINSA";"II-2";"00000001";"HOSPITAL IQUITOS ""CESAR GARAYAR GARCÍA""";"240100";"HOSPITALIZACIÓN QUIRÚRGICA CIRUGÍA GENERAL ";"89";"98";"369";"398";"21";"567";"0"
"2023";"09";"160101";"LORETO";"MAYNAS";"IQUITOS";"MINSA";"II-2";"00000001";"HOSPITAL IQUITOS ""CESAR GARAYAR GARCÍA""";"242300";"HOSPITALIZACIÓN DE PEDIATRÍA  PEDIATRÍA  GENERAL ";"40";"50";"265";"227";"12";"324";"2"
"2023";"09";"160101";"LORETO";"MAYNAS";"IQUITOS";"MINSA";"II-2";"00000001";"HOSPITAL IQUITOS ""CESAR GARAYAR GARCÍA""";"241500";"HOSPITALIZACIÓN QUIRÚRGICA GINECOLOGÍA  ";"86";"89";"132";"74";"5";"135";"0"
"2023";"09";"160101";"LORETO";"MAYNAS";"IQUITOS";"MINSA";"II-2";"00000001";"HOSPITAL IQUITOS ""CESAR GARAYAR GARCÍA""";"241600";"HOSPITALIZACIÓN QUIRÚRGICA OBSTETRICIA   ";"209";"217";"401";"416";"26";"702";"0"
"2023";"09";"160101";"LORETO";"MAYNAS";"IQUITOS";"MINSA";"II-2";"00000001";"HOSPITAL IQUITOS ""CESAR GARAYAR GARCÍA""";"243200";"HOSPITALIZACIÓN DE PEDIATRÍA PEDIATRIA NEONATOLOGÍA";"204";"216";"486";"268";"14";"378";"0"
"2023";"10";"200301";"PIURA";"HUANCABAMBA";"HUANCABAMBA";"SANIDAD DE LA POLICIA NACIONAL DEL PERU";"I-1";"00010680";"PUESTO SANITARIO PNP HUANCABAMBA";"NE_0002";"";"NE_0002";"NE_0002";"NE_0002";"NE_0002";"NE_0002";"NE_0002";"NE_0002"
"2023";"10";"010201";"AMAZONAS";"BAGUA";"BAGUA";"ESSALUD";"II-1";"00009068";"HOSPITAL I HEROES DEL CENEPA";"241800";"HOSPITALIZACIÓN DE MEDICINA MEDICINA GENERAL ";"50";"50";"151";"123";"4";"124";"0"
"2023";"10";"010201";"AMAZONAS";"BAGUA";"BAGUA";"ESSALUD";"II-1";"00009068";"HOSPITAL I HEROES DEL CENEPA";"240100";"HOSPITALIZACIÓN QUIRÚRGICA CIRUGÍA GENERAL ";"9";"9";"23";"28";"3";"93";"0"
"2023";"10";"010201";"AMAZONAS";"BAGUA";"BAGUA";"ESSALUD";"II-1";"00009068";"HOSPITAL I HEROES DEL CENEPA";"241500";"HOSPITALIZACIÓN QUIRÚRGICA GINECOLOGÍA  ";"24";"24";"58";"57";"3";"93";"0"
"2023";"10";"010201";"AMAZONAS";"BAGUA";"BAGUA";"ESSALUD";"II-1";"00009068";"HOSPITAL I HEROES DEL CENEPA";"242300";"HOSPITALIZACIÓN DE PEDIATRÍA  PEDIATRÍA  GENERAL ";"27";"27";"61";"64";"3";"93";"0"
"2023";"10";"060606";"CAJAMARCA";"CUTERVO";"PIMPINGOS";"GOBIERNO REGIONAL";"I-1";"00005015";"PANAMA";"NE_0001";"";"NE_0001";"NE_0001";"NE_0001";"NE_0001";"NE_0001";"NE_0001";"NE_0001"
"2023";"10";"060606";"CAJAMARCA";"CUTERVO";"PIMPINGOS";"GOBIERNO REGIONAL";"I-1";"00005018";"EL PALTO";"NE_0001";"";"NE_0001";"NE_0001";"NE_0001";"NE_0001";"NE_0001";"NE_0001";"NE_0001"
"2023";"10";"060613";"CAJAMARCA";"CUTERVO";"SANTO TOMAS";"GOBIERNO REGIONAL";"I-1";"00007047";"ANDAMARCA";"NE_0001";"";"NE_0001";"NE_0001";"NE_0001";"NE_0001";"NE_0001";"NE_0001";"NE_0001"
"2023";"10";"060606";"CAJAMARCA";"CUTERVO";"PIMPINGOS";"GOBIERNO REGIONAL";"I-1";"00011068";"PUCALA";"NE_0001";"";"NE_0001";"NE_0001";"NE_0001";"NE_0001";"NE_0001";"NE_0001";"NE_0001"
"2023";"10";"060613";"CAJAMARCA";"CUTERVO";"SANTO TOMAS";"GOBIERNO REGIONAL";"I-3";"00005020";"SANTO TOMAS";"NE_0001";"";"NE_0001";"NE_0001";"NE_0001";"NE_0001";"NE_0001";"NE_0001";"NE_0001"
"2023";"10";"060613";"CAJAMARCA";"CUTERVO";"SANTO TOMAS";"GOBIERNO REGIONAL";"I-1";"00005022";"EL ARENAL DE SANTO TOMAS";"NE_0001";"";"NE_0001";"NE_0001";"NE_0001";"NE_0001";"NE_0001";"NE_0001";"NE_0001"
"2023";"10";"060613";"CAJAMARCA";"CUTERVO";"SANTO TOMAS";"GOBIERNO REGIONAL";"I-1";"00006836";"SANTA ROSA DE SANTO TOMAS";"NE_0001";"";"NE_0001";"NE_0001";"NE_0001";"NE_0001";"NE_0001";"NE_0001";"NE_0001"
"2023";"10";"060606";"CAJAMARCA";"CUTERVO";"PIMPINGOS";"GOBIERNO REGIONAL";"I-1";"00006867";"LIBERTAD LIMON";"NE_0001";"";"NE_0001";"NE_0001";"NE_0001";"NE_0001";"NE_0001";"NE_0001";"NE_0001"
"2023";"10";"060613";"CAJAMARCA";"CUTERVO";"SANTO TOMAS";"GOBIERNO REGIONAL";"I-1";"00005025";"SAN LUIS";"NE_0001";"";"NE_0001";"NE_0001";"NE_0001";"NE_0001";"NE_0001";"NE_0001";"NE_0001"
"2023";"10";"060613";"CAJAMARCA";"CUTERVO";"SANTO TOMAS";"GOBIERNO REGIONAL";"I-1";"00005021";"VIZA";"NE_0001";"";"NE_0001";"NE_0001";"NE_0001";"NE_0001";"NE_0001";"NE_0001";"NE_0001"
"2023";"10";"060810";"CAJAMARCA";"JAEN";"SAN FELIPE";"GOBIERNO REGIONAL";"I-3";"00004254";"SAN FELIPE";"NE_0001";"";"NE_0001";"NE_0001";"NE_0001";"NE_0001";"NE_0001";"NE_0001";"NE_0001"
"2023";"10";"060101";"CAJAMARCA";"CAJAMARCA";"CAJAMARCA";"PRIVADO";"II-1";"00012761";"CLINICA SAN LORENZO S.R.L.";"240300";"HOSPITALIZACIÓN QUIRÚRGICA CIRUGÍA DIGESTIVA ";"10";"10";"12";"22";"16";"496";"0"
"2023";"10";"060101";"CAJAMARCA";"CAJAMARCA";"CAJAMARCA";"PRIVADO";"II-1";"00012761";"CLINICA SAN LORENZO S.R.L.";"240400";"HOSPITALIZACIÓN QUIRÚRGICA CIRUGÍA DE TÓRAX Y CARDIOVASCULAR ";"1";"1";"1";"2";"16";"496";"0"
"2023";"10";"060101";"CAJAMARCA";"CAJAMARCA";"CAJAMARCA";"PRIVADO";"II-1";"00012761";"CLINICA SAN LORENZO S.R.L.";"240801";"HOSPITALIZACIÓN QUIRÚRGICA CIRUGÍA PLÁSTICA/RECONSTRUCTIVA/ REPARADORA QUEMADOS";"2";"2";"3";"5";"16";"496";"0"
"2023";"10";"060101";"CAJAMARCA";"CAJAMARCA";"CAJAMARCA";"PRIVADO";"II-1";"00012761";"CLINICA SAN LORENZO S.R.L.";"241000";"HOSPITALIZACIÓN QUIRÚRGICA ONCOLOGÍA QUIRÚRGICA  ";"2";"2";"2";"4";"16";"496";"0"
"2023";"10";"060101";"CAJAMARCA";"CAJAMARCA";"CAJAMARCA";"PRIVADO";"II-1";"00012761";"CLINICA SAN LORENZO S.R.L.";"241200";"HOSPITALIZACIÓN QUIRÚRGICA TRAUMATOLOGÍA Y ORTOPEDIA ";"13";"13";"26";"39";"16";"496";"0"
"2023";"10";"060101";"CAJAMARCA";"CAJAMARCA";"CAJAMARCA";"PRIVADO";"II-1";"00012761";"CLINICA SAN LORENZO S.R.L.";"241300";"HOSPITALIZACIÓN QUIRÚRGICA UROLOGÍA  ";"3";"3";"6";"9";"16";"496";"0"
"2023";"10";"060101";"CAJAMARCA";"CAJAMARCA";"CAJAMARCA";"PRIVADO";"II-1";"00012761";"CLINICA SAN LORENZO S.R.L.";"241500";"HOSPITALIZACIÓN QUIRÚRGICA GINECOLOGÍA  ";"6";"6";"7";"13";"16";"496";"0"
"2023";"10";"060101";"CAJAMARCA";"CAJAMARCA";"CAJAMARCA";"PRIVADO";"II-1";"00012761";"CLINICA SAN LORENZO S.R.L.";"242100";"HOSPITALIZACIÓN DE MEDICINA ONCOLOGÍA MÉDICA ";"1";"1";"5";"6";"16";"496";"0"
"2023";"10";"220603";"SAN MARTIN";"MARISCAL CACERES";"HUICUNGO";"GOBIERNO REGIONAL";"I-1";"00006556";"MIRAFLORES";"NE_0001";"";"NE_0001";"NE_0001";"NE_0001";"NE_0001";"NE_0001";"NE_0001";"NE_0001"
"2023";"10";"220601";"SAN MARTIN";"MARISCAL CACERES";"JUANJUI";"GOBIERNO REGIONAL";"I-1";"00006549";"LA VICTORIA";"NE_0001";"";"NE_0001";"NE_0001";"NE_0001";"NE_0001";"NE_0001";"NE_0001";"NE_0001"
"2023";"10";"220601";"SAN MARTIN";"MARISCAL CACERES";"JUANJUI";"GOBIERNO REGIONAL";"I-1";"00006552";"HUINGUILLO";"NE_0001";"";"NE_0001";"NE_0001";"NE_0001";"NE_0001";"NE_0001";"NE_0001";"NE_0001"
"2023";"10";"220601";"SAN MARTIN";"MARISCAL CACERES";"JUANJUI";"GOBIERNO REGIONAL";"I-1";"00006554";"VILLA PRADO";"NE_0001";"";"NE_0001";"NE_0001";"NE_0001";"NE_0001";"NE_0001";"NE_0001";"NE_0001"
"2023";"10";"220605";"SAN MARTIN";"MARISCAL CACERES";"PAJARILLO";"GOBIERNO REGIONAL";"I-1";"00006561";"PAJARILLO";"NE_0001";"";"NE_0001";"NE_0001";"NE_0001";"NE_0001";"NE_0001";"NE_0001";"NE_0001"
"2023";"10";"100105";"HUANUCO";"HUANUCO";"MARGOS";"GOBIERNO REGIONAL";"I-1";"00000798";"JESUS DE NAZARETH DE COCHAS";"NE_0001";"";"NE_0001";"NE_0001";"NE_0001";"NE_0001";"NE_0001";"NE_0001";"NE_0001"
"2023";"10";"240201";"TUMBES";"CONTRALMIRANTE VILLAR";"ZORRITOS";"GOBIERNO REGIONAL";"I-1";"00001904";"BOCAPAN.";"NE_0001";"";"NE_0001";"NE_0001";"NE_0001";"NE_0001";"NE_0001";"NE_0001";"NE_0001"
"2023";"10";"240201";"TUMBES";"CONTRALMIRANTE VILLAR";"ZORRITOS";"GOBIERNO REGIONAL";"I-1";"00001901";"GRAU";"NE_0001";"";"NE_0001";"NE_0001";"NE_0001";"NE_0001";"NE_0001";"NE_0001";"NE_0001"
"2023";"10";"240201";"TUMBES";"CONTRALMIRANTE VILLAR";"ZORRITOS";"GOBIERNO REGIONAL";"I-2";"00001903";"ACAPULCO.";"NE_0001";"";"NE_0001";"NE_0001";"NE_0001";"NE_0001";"NE_0001";"NE_0001";"NE_0001"
"2023";"10";"240105";"TUMBES";"TUMBES";"SAN JACINTO";"GOBIERNO REGIONAL";"I-1";"00001907";"CAPITAN HOYLE  *";"NE_0001";"";"NE_0001";"NE_0001";"NE_0001";"NE_0001";"NE_0001";"NE_0001";"NE_0001"
"2023";"10";"240202";"TUMBES";"CONTRALMIRANTE VILLAR";"CASITAS";"GOBIERNO REGIONAL";"I-3";"00001897";"CAÑAVERAL";"NE_0001";"";"NE_0001";"NE_0001";"NE_0001";"NE_0001";"NE_0001";"NE_0001";"NE_0001"
"2023";"10";"240202";"TUMBES";"CONTRALMIRANTE VILLAR";"CASITAS";"GOBIERNO REGIONAL";"I-1";"00001898";"TRIGAL";"NE_0001";"";"NE_0001";"NE_0001";"NE_0001";"NE_0001";"NE_0001";"NE_0001";"NE_0001"
"2023";"10";"240201";"TUMBES";"CONTRALMIRANTE VILLAR";"ZORRITOS";"GOBIERNO REGIONAL";"I-4";"00001900";"ZORRITOS";"241800";"HOSPITALIZACIÓN DE MEDICINA MEDICINA GENERAL ";"7";"7";"15";"10";"1";"31";"0"
"2023";"10";"240201";"TUMBES";"CONTRALMIRANTE VILLAR";"ZORRITOS";"GOBIERNO REGIONAL";"I-4";"00001900";"ZORRITOS";"242500";"HOSPITALIZACIÓN-PEDIATRÍA GENERAL-";"1";"1";"2";"1";"1";"31";"0"
"2023";"10";"240201";"TUMBES";"CONTRALMIRANTE VILLAR";"ZORRITOS";"GOBIERNO REGIONAL";"I-4";"00001900";"ZORRITOS";"241600";"HOSPITALIZACIÓN QUIRÚRGICA OBSTETRICIA   ";"3";"3";"8";"6";"1";"31";"0"
"2023";"10";"220401";"SAN MARTIN";"HUALLAGA";"SAPOSOA";"GOBIERNO REGIONAL";"I-1";"00006531";"ALMENDRAS";"NE_0001";"";"NE_0001";"NE_0001";"NE_0001";"NE_0001";"NE_0001";"NE_0001";"NE_0001"
"2023";"10";"220404";"SAN MARTIN";"HUALLAGA";"PISCOYACU";"GOBIERNO REGIONAL";"I-1";"00006533";"PISCOYACU";"NE_0001";"";"NE_0001";"NE_0001";"NE_0001";"NE_0001";"NE_0001";"NE_0001";"NE_0001"
"2023";"10";"220401";"SAN MARTIN";"HUALLAGA";"SAPOSOA";"GOBIERNO REGIONAL";"I-1";"00021587";"ALTO PACHIZA";"NE_0001";"";"NE_0001";"NE_0001";"NE_0001";"NE_0001";"NE_0001";"NE_0001";"NE_0001"
"2023";"10";"220401";"SAN MARTIN";"HUALLAGA";"SAPOSOA";"GOBIERNO REGIONAL";"I-1";"00006532";"PALTAICO";"NE_0001";"";"NE_0001";"NE_0001";"NE_0001";"NE_0001";"NE_0001";"NE_0001";"NE_0001"
"2023";"10";"220401";"SAN MARTIN";"HUALLAGA";"SAPOSOA";"GOBIERNO REGIONAL";"I-1";"00006530";"7 DE JUNIO-AHUIHUA";"NE_0001";"";"NE_0001";"NE_0001";"NE_0001";"NE_0001";"NE_0001";"NE_0001";"NE_0001"
"2023";"10";"220402";"SAN MARTIN";"HUALLAGA";"ALTO SAPOSOA";"GOBIERNO REGIONAL";"I-1";"00006541";"YACUSISA";"NE_0001";"";"NE_0001";"NE_0001";"NE_0001";"NE_0001";"NE_0001";"NE_0001";"NE_0001"
"2023";"10";"220401";"SAN MARTIN";"HUALLAGA";"SAPOSOA";"GOBIERNO REGIONAL";"I-3";"00006538";"EL DORADO";"241600";"HOSPITALIZACIÓN QUIRÚRGICA OBSTETRICIA   ";"1";"1";"1";"3";"4";"30";"0"
"2023";"10";"220401";"SAN MARTIN";"HUALLAGA";"SAPOSOA";"GOBIERNO REGIONAL";"I-1";"00006535";"SAN REGIS";"NE_0001";"";"NE_0001";"NE_0001";"NE_0001";"NE_0001";"NE_0001";"NE_0001";"NE_0001"
"2023";"10";"220401";"SAN MARTIN";"HUALLAGA";"SAPOSOA";"GOBIERNO REGIONAL";"I-1";"00006536";"INTIYACU";"NE_0001";"";"NE_0001";"NE_0001";"NE_0001";"NE_0001";"NE_0001";"NE_0001";"NE_0001"
"2023";"10";"220401";"SAN MARTIN";"HUALLAGA";"SAPOSOA";"GOBIERNO REGIONAL";"I-1";"00006537";"CHAMBIRA";"NE_0001";"";"NE_0001";"NE_0001";"NE_0001";"NE_0001";"NE_0001";"NE_0001";"NE_0001"
"2023";"10";"220402";"SAN MARTIN";"HUALLAGA";"ALTO SAPOSOA";"GOBIERNO REGIONAL";"I-2";"00006539";"PASARRAYA";"NE_0001";"";"NE_0001";"NE_0001";"NE_0001";"NE_0001";"NE_0001";"NE_0001";"NE_0001"
"2023";"10";"220401";"SAN MARTIN";"HUALLAGA";"SAPOSOA";"GOBIERNO REGIONAL";"I-1";"00026163";"AGUA AZUL";"NE_0001";"";"NE_0001";"NE_0001";"NE_0001";"NE_0001";"NE_0001";"NE_0001";"NE_0001"
"2023";"10";"220401";"SAN MARTIN";"HUALLAGA";"SAPOSOA";"GOBIERNO REGIONAL";"I-1";"00006534";"SAN ANDRES";"NE_0001";"";"NE_0001";"NE_0001";"NE_0001";"NE_0001";"NE_0001";"NE_0001";"NE_0001"
"2023";"10";"220402";"SAN MARTIN";"HUALLAGA";"ALTO SAPOSOA";"GOBIERNO REGIONAL";"I-1";"00006540";"NUEVA VIDA";"NE_0001";"";"NE_0001";"NE_0001";"NE_0001";"NE_0001";"NE_0001";"NE_0001";"NE_0001"
"2023";"10";"220401";"SAN MARTIN";"HUALLAGA";"SAPOSOA";"GOBIERNO REGIONAL";"I-4";"00006529";"RURAL SAPOSOA";"240100";"HOSPITALIZACIÓN QUIRÚRGICA CIRUGÍA GENERAL ";"14";"14";"29";"20";"4";"30";"0"
"2023";"10";"220401";"SAN MARTIN";"HUALLAGA";"SAPOSOA";"GOBIERNO REGIONAL";"I-4";"00006529";"RURAL SAPOSOA";"241400";"HOSPITALIZACIÓN QUIRÚRGICA GINECO - OBSTETRICIA ";"54";"54";"100";"20";"6";"30";"0"
"2023";"10";"220401";"SAN MARTIN";"HUALLAGA";"SAPOSOA";"GOBIERNO REGIONAL";"I-4";"00006529";"RURAL SAPOSOA";"241800";"HOSPITALIZACIÓN DE MEDICINA MEDICINA GENERAL ";"24";"30";"106";"25";"16";"30";"0"
"2023";"10";"220401";"SAN MARTIN";"HUALLAGA";"SAPOSOA";"GOBIERNO REGIONAL";"I-1";"00006531";"ALMENDRAS";"NE_0001";"";"NE_0001";"NE_0001";"NE_0001";"NE_0001";"NE_0001";"NE_0001";"NE_0001"
"2023";"10";"220404";"SAN MARTIN";"HUALLAGA";"PISCOYACU";"GOBIERNO REGIONAL";"I-1";"00006533";"PISCOYACU";"NE_0001";"";"NE_0001";"NE_0001";"NE_0001";"NE_0001";"NE_0001";"NE_0001";"NE_0001"
"2023";"10";"220401";"SAN MARTIN";"HUALLAGA";"SAPOSOA";"GOBIERNO REGIONAL";"I-1";"00021587";"ALTO PACHIZA";"NE_0001";"";"NE_0001";"NE_0001";"NE_0001";"NE_0001";"NE_0001";"NE_0001";"NE_0001"
"2023";"10";"220401";"SAN MARTIN";"HUALLAGA";"SAPOSOA";"GOBIERNO REGIONAL";"I-1";"00006532";"PALTAICO";"NE_0001";"";"NE_0001";"NE_0001";"NE_0001";"NE_0001";"NE_0001";"NE_0001";"NE_0001"
"2023";"10";"220401";"SAN MARTIN";"HUALLAGA";"SAPOSOA";"GOBIERNO REGIONAL";"I-1";"00006530";"7 DE JUNIO-AHUIHUA";"NE_0001";"";"NE_0001";"NE_0001";"NE_0001";"NE_0001";"NE_0001";"NE_0001";"NE_0001"
"2023";"10";"220402";"SAN MARTIN";"HUALLAGA";"ALTO SAPOSOA";"GOBIERNO REGIONAL";"I-1";"00006541";"YACUSISA";"NE_0001";"";"NE_0001";"NE_0001";"NE_0001";"NE_0001";"NE_0001";"NE_0001";"NE_0001"
"2023";"10";"220401";"SAN MARTIN";"HUALLAGA";"SAPOSOA";"GOBIERNO REGIONAL";"I-3";"00006538";"EL DORADO";"241600";"HOSPITALIZACIÓN QUIRÚRGICA OBSTETRICIA   ";"1";"1";"1";"3";"4";"30";"0"
"2023";"10";"220401";"SAN MARTIN";"HUALLAGA";"SAPOSOA";"GOBIERNO REGIONAL";"I-1";"00006535";"SAN REGIS";"NE_0001";"";"NE_0001";"NE_0001";"NE_0001";"NE_0001";"NE_0001";"NE_0001";"NE_0001"
"2023";"10";"220401";"SAN MARTIN";"HUALLAGA";"SAPOSOA";"GOBIERNO REGIONAL";"I-1";"00006536";"INTIYACU";"NE_0001";"";"NE_0001";"NE_0001";"NE_0001";"NE_0001";"NE_0001";"NE_0001";"NE_0001"
"2023";"09";"150140";"LIMA";"LIMA";"SANTIAGO DE SURCO";"PRIVADO";"II-E";"00012572";"CLINICA PAULISTA";"240000";"HOSPITALIZACIÓN";"7";"7";"13";"8";"1";"48";"0"
"2023";"09";"220101";"SAN MARTIN";"MOYOBAMBA";"MOYOBAMBA";"GOBIERNO REGIONAL";"I-1";"00006323";"MORROYACU";"NE_0001";"";"NE_0001";"NE_0001";"NE_0001";"NE_0001";"NE_0001";"NE_0001";"NE_0001"
"2023";"09";"220101";"SAN MARTIN";"MOYOBAMBA";"MOYOBAMBA";"GOBIERNO REGIONAL";"I-1";"00006324";"SHIMPIYACU";"NE_0001";"";"NE_0001";"NE_0001";"NE_0001";"NE_0001";"NE_0001";"NE_0001";"NE_0001"
"2023";"09";"220101";"SAN MARTIN";"MOYOBAMBA";"MOYOBAMBA";"GOBIERNO REGIONAL";"I-1";"00006325";"NUEVA HUANCABAMBA";"NE_0001";"";"NE_0001";"NE_0001";"NE_0001";"NE_0001";"NE_0001";"NE_0001";"NE_0001"
"2023";"09";"220101";"SAN MARTIN";"MOYOBAMBA";"MOYOBAMBA";"GOBIERNO REGIONAL";"I-1";"00006323";"MORROYACU";"NE_0001";"";"NE_0001";"NE_0001";"NE_0001";"NE_0001";"NE_0001";"NE_0001";"NE_0001"
"2023";"09";"220101";"SAN MARTIN";"MOYOBAMBA";"MOYOBAMBA";"GOBIERNO REGIONAL";"I-1";"00006324";"SHIMPIYACU";"NE_0001";"";"NE_0001";"NE_0001";"NE_0001";"NE_0001";"NE_0001";"NE_0001";"NE_0001"
"2023";"09";"220101";"SAN MARTIN";"MOYOBAMBA";"MOYOBAMBA";"GOBIERNO REGIONAL";"I-1";"00006325";"NUEVA HUANCABAMBA";"NE_0001";"";"NE_0001";"NE_0001";"NE_0001";"NE_0001";"NE_0001";"NE_0001";"NE_0001"
"2023";"09";"220101";"SAN MARTIN";"MOYOBAMBA";"MOYOBAMBA";"GOBIERNO REGIONAL";"I-1";"00006323";"MORROYACU";"NE_0001";"";"NE_0001";"NE_0001";"NE_0001";"NE_0001";"NE_0001";"NE_0001";"NE_0001"
"2023";"09";"220101";"SAN MARTIN";"MOYOBAMBA";"MOYOBAMBA";"GOBIERNO REGIONAL";"I-3";"00006322";"PUEBLO LIBRE";"241400";"HOSPITALIZACIÓN QUIRÚRGICA GINECO - OBSTETRICIA ";"2";"2";"2";"2";"2";"3";"0"
"2023";"09";"220101";"SAN MARTIN";"MOYOBAMBA";"MOYOBAMBA";"GOBIERNO REGIONAL";"I-1";"00006324";"SHIMPIYACU";"NE_0001";"";"NE_0001";"NE_0001";"NE_0001";"NE_0001";"NE_0001";"NE_0001";"NE_0001"
"2023";"09";"220101";"SAN MARTIN";"MOYOBAMBA";"MOYOBAMBA";"GOBIERNO REGIONAL";"I-1";"00006325";"NUEVA HUANCABAMBA";"NE_0001";"";"NE_0001";"NE_0001";"NE_0001";"NE_0001";"NE_0001";"NE_0001";"NE_0001"
"2023";"09";"150122";"LIMA";"LIMA";"MIRAFLORES";"PRIVADO";"II-E";"00015182";"OPTIMA VISION S.R.L.";"NE_0001";"";"NE_0001";"NE_0001";"NE_0001";"NE_0001";"NE_0001";"NE_0001";"NE_0001"
"2023";"09";"080106";"CUSCO";"CUSCO";"SANTIAGO";"GOBIERNO REGIONAL";"III-1";"00002305";"ANTONIO LORENA DEL CUSCO";"250100";"UNIDAD DE CUIDADOS CRITICOS UNIDAD  DE CUIDADOS INTENSIVOS GENERALES (UCI) ";"23";"19";"155";"148";"6";"180";"1"
"2023";"09";"080106";"CUSCO";"CUSCO";"SANTIAGO";"GOBIERNO REGIONAL";"III-1";"00002305";"ANTONIO LORENA DEL CUSCO";"250200";"UNIDAD DE CUIDADOS CRITICOS UNIDAD DE CUIDADOS INTERMEDIOS GENERAL  (UCIN) ";"25";"17";"204";"218";"8";"240";"1"
"2023";"09";"080106";"CUSCO";"CUSCO";"SANTIAGO";"GOBIERNO REGIONAL";"III-1";"00002305";"ANTONIO LORENA DEL CUSCO";"240100";"HOSPITALIZACIÓN QUIRÚRGICA CIRUGÍA GENERAL ";"171";"144";"752";"777";"31";"930";"4"
"2023";"09";"080106";"CUSCO";"CUSCO";"SANTIAGO";"GOBIERNO REGIONAL";"III-1";"00002305";"ANTONIO LORENA DEL CUSCO";"240900";"HOSPITALIZACIÓN QUIRÚRGICA NEUROCIRUGÍA ";"40";"32";"335";"269";"10";"300";"1"
"2023";"09";"080106";"CUSCO";"CUSCO";"SANTIAGO";"GOBIERNO REGIONAL";"III-1";"00002305";"ANTONIO LORENA DEL CUSCO";"241200";"HOSPITALIZACIÓN QUIRÚRGICA TRAUMATOLOGÍA Y ORTOPEDIA ";"55";"47";"276";"208";"10";"300";"0"
"2023";"09";"080106";"CUSCO";"CUSCO";"SANTIAGO";"GOBIERNO REGIONAL";"III-1";"00002305";"ANTONIO LORENA DEL CUSCO";"244000";"HOSPITALIZACIÓN DE MEDICINA CARDIOLOGIA ";"25";"21";"152";"151";"10";"300";"0"
"2023";"09";"080106";"CUSCO";"CUSCO";"SANTIAGO";"GOBIERNO REGIONAL";"III-1";"00002305";"ANTONIO LORENA DEL CUSCO";"241900";"HOSPITALIZACIÓN DE MEDICINA MEDICINA INTERNA ";"112";"92";"505";"510";"28";"840";"6"
"2023";"09";"080106";"CUSCO";"CUSCO";"SANTIAGO";"GOBIERNO REGIONAL";"III-1";"00002305";"ANTONIO LORENA DEL CUSCO";"245300";"HOSPITALIZACIÓN DE MEDICINA NEUMOLOGÍA  ";"29";"21";"120";"153";"9";"270";"2"
"2023";"09";"080106";"CUSCO";"CUSCO";"SANTIAGO";"GOBIERNO REGIONAL";"III-1";"00002305";"ANTONIO LORENA DEL CUSCO";"242204";"HOSPITALIZACIÓN DE MEDICINA PSIQUIATRÍA REHABILITACIÓN PSIQUIÁTRICA / REINSERCIÓN ";"20";"11";"347";"288";"10";"300";"0"
"2023";"09";"080106";"CUSCO";"CUSCO";"SANTIAGO";"GOBIERNO REGIONAL";"III-1";"00002305";"ANTONIO LORENA DEL CUSCO";"242000";"HOSPITALIZACIÓN DE MEDICINA MEDICINA TROPICAL E INFECCIOSAS ";"15";"7";"152";"225";"8";"240";"2"
"2023";"09";"080106";"CUSCO";"CUSCO";"SANTIAGO";"GOBIERNO REGIONAL";"III-1";"00002305";"ANTONIO LORENA DEL CUSCO";"242100";"HOSPITALIZACIÓN DE MEDICINA ONCOLOGÍA MÉDICA ";"3";"3";"15";"11";"5";"150";"0"
"2023";"09";"080106";"CUSCO";"CUSCO";"SANTIAGO";"GOBIERNO REGIONAL";"III-1";"00002305";"ANTONIO LORENA DEL CUSCO";"241000";"HOSPITALIZACIÓN QUIRÚRGICA ONCOLOGÍA QUIRÚRGICA  ";"24";"19";"194";"165";"7";"210";"0"
"2023";"09";"080106";"CUSCO";"CUSCO";"SANTIAGO";"GOBIERNO REGIONAL";"III-1";"00002305";"ANTONIO LORENA DEL CUSCO";"241500";"HOSPITALIZACIÓN QUIRÚRGICA GINECOLOGÍA  ";"80";"72";"186";"201";"10";"300";"0"
"2023";"09";"080106";"CUSCO";"CUSCO";"SANTIAGO";"GOBIERNO REGIONAL";"III-1";"00002305";"ANTONIO LORENA DEL CUSCO";"241400";"HOSPITALIZACIÓN QUIRÚRGICA GINECO - OBSTETRICIA ";"165";"147";"433";"452";"20";"600";"0"
"2023";"09";"080106";"CUSCO";"CUSCO";"SANTIAGO";"GOBIERNO REGIONAL";"III-1";"00002305";"ANTONIO LORENA DEL CUSCO";"242300";"HOSPITALIZACIÓN DE PEDIATRÍA  PEDIATRÍA  GENERAL ";"51";"41";"224";"232";"12";"360";"2"
"2023";"09";"080106";"CUSCO";"CUSCO";"SANTIAGO";"GOBIERNO REGIONAL";"III-1";"00002305";"ANTONIO LORENA DEL CUSCO";"243200";"HOSPITALIZACIÓN DE PEDIATRÍA PEDIATRIA NEONATOLOGÍA";"58";"43";"352";"356";"15";"450";"0"
"2023";"09";"080106";"CUSCO";"CUSCO";"SANTIAGO";"GOBIERNO REGIONAL";"III-1";"00002305";"ANTONIO LORENA DEL CUSCO";"250105";"UNIDAD DE CUIDADOS CRITICOS UNIDAD  DE CUIDADOS INTENSIVOS  (UCI) NEONATOLOGÍA";"23";"19";"146";"151";"8";"240";"3"
"2023";"09";"080106";"CUSCO";"CUSCO";"SANTIAGO";"GOBIERNO REGIONAL";"III-1";"00002305";"ANTONIO LORENA DEL CUSCO";"243600";"HOSPITALIZACIÓN DE PEDIATRÍA PEDIATRIA ONCOLOGÍA PEDIÁTRICA";"10";"3";"44";"182";"9";"270";"0"
"2023";"10";"120425";"JUNIN";"JAUJA";"PARCO";"GOBIERNO REGIONAL";"I-2";"00000374";"PARCO";"NE_0001";"";"NE_0001";"NE_0001";"NE_0001";"NE_0001";"NE_0001";"NE_0001";"NE_0001"
"2023";"10";"120405";"JUNIN";"JAUJA";"CANCHAYLLO";"GOBIERNO REGIONAL";"I-2";"00000424";"CANCHAYLLO";"NE_0001";"";"NE_0001";"NE_0001";"NE_0001";"NE_0001";"NE_0001";"NE_0001";"NE_0001"
"2023";"10";"120414";"JUNIN";"JAUJA";"LLOCLLAPAMPA";"GOBIERNO REGIONAL";"I-3";"00000427";"LLOCLLAPAMPA";"NE_0001";"";"NE_0001";"NE_0001";"NE_0001";"NE_0001";"NE_0001";"NE_0001";"NE_0001"
"2023";"10";"120411";"JUNIN";"JAUJA";"JANJAILLO";"GOBIERNO REGIONAL";"I-2";"00000426";"JANJAILLO";"NE_0001";"";"NE_0001";"NE_0001";"NE_0001";"NE_0001";"NE_0001";"NE_0001";"NE_0001"
"2023";"10";"120425";"JUNIN";"JAUJA";"PARCO";"GOBIERNO REGIONAL";"I-1";"00000375";"ULLUSCA";"NE_0001";"";"NE_0001";"NE_0001";"NE_0001";"NE_0001";"NE_0001";"NE_0001";"NE_0001"
"2023";"10";"120406";"JUNIN";"JAUJA";"CURICACA";"GOBIERNO REGIONAL";"I-2";"00000425";"EL ROSARIO";"NE_0001";"";"NE_0001";"NE_0001";"NE_0001";"NE_0001";"NE_0001";"NE_0001";"NE_0001"
"2023";"10";"120414";"JUNIN";"JAUJA";"LLOCLLAPAMPA";"GOBIERNO REGIONAL";"I-1";"00000428";"MATACHICO";"NE_0001";"";"NE_0001";"NE_0001";"NE_0001";"NE_0001";"NE_0001";"NE_0001";"NE_0001"
"2023";"10";"070102";"CALLAO";"CALLAO";"BELLAVISTA";"GOBIERNO REGIONAL";"0";"00016110";"ATENCIÓN DOMICILIARIA AL ADULTO MAYOR Y PACIENTE ONCOLOGICO (ADAMO)";"NE_0001";"";"NE_0001";"NE_0001";"NE_0001";"NE_0001";"NE_0001";"NE_0001";"NE_0001"
"2023";"10";"110201";"ICA";"CHINCHA";"CHINCHA ALTA";"PRIVADO";"II-1";"00018704";"FAMISALUD";"241500";"HOSPITALIZACIÓN QUIRÚRGICA GINECOLOGÍA  ";"2";"2";"2";"7";"2";"60";"0"
"2023";"10";"110201";"ICA";"CHINCHA";"CHINCHA ALTA";"PRIVADO";"II-1";"00018704";"FAMISALUD";"241200";"HOSPITALIZACIÓN QUIRÚRGICA TRAUMATOLOGÍA Y ORTOPEDIA ";"1";"1";"1";"7";"1";"30";"0"
"2023";"10";"110201";"ICA";"CHINCHA";"CHINCHA ALTA";"PRIVADO";"II-1";"00018704";"FAMISALUD";"240100";"HOSPITALIZACIÓN QUIRÚRGICA CIRUGÍA GENERAL ";"4";"4";"4";"7";"4";"120";"0"
"2023";"10";"040501";"AREQUIPA";"CAYLLOMA";"CHIVAY";"GOBIERNO REGIONAL";"I-1";"00001423";"PUESTO DE SALUD CANOCOTA";"NE_0001";"";"NE_0001";"NE_0001";"NE_0001";"NE_0001";"NE_0001";"NE_0001";"NE_0001"
"2023";"10";"040509";"AREQUIPA";"CAYLLOMA";"ICHUPAMPA";"GOBIERNO REGIONAL";"I-2";"00001425";"PUESTO DE SALUD ICHUPAMPA";"NE_0001";"";"NE_0001";"NE_0001";"NE_0001";"NE_0001";"NE_0001";"NE_0001";"NE_0001"
"2023";"10";"040519";"AREQUIPA";"CAYLLOMA";"YANQUE";"GOBIERNO REGIONAL";"I-2";"00001428";"PUESTO DE SALUD YANQUE";"NE_0001";"";"NE_0001";"NE_0001";"NE_0001";"NE_0001";"NE_0001";"NE_0001";"NE_0001"
"2023";"10";"040506";"AREQUIPA";"CAYLLOMA";"COPORAQUE";"GOBIERNO REGIONAL";"I-2";"00001424";"PUESTO DE SALUD COPORAQUE";"NE_0001";"";"NE_0001";"NE_0001";"NE_0001";"NE_0001";"NE_0001";"NE_0001";"NE_0001"
"2023";"10";"040510";"AREQUIPA";"CAYLLOMA";"LARI";"GOBIERNO REGIONAL";"I-2";"00001426";"PUESTO DE SALUD LARI";"NE_0001";"";"NE_0001";"NE_0001";"NE_0001";"NE_0001";"NE_0001";"NE_0001";"NE_0001"
"2023";"10";"040502";"AREQUIPA";"CAYLLOMA";"ACHOMA";"GOBIERNO REGIONAL";"I-2";"00001429";"PUESTO DE SALUD ACHOMA";"NE_0001";"";"NE_0001";"NE_0001";"NE_0001";"NE_0001";"NE_0001";"NE_0001";"NE_0001"
"2023";"10";"040512";"AREQUIPA";"CAYLLOMA";"MACA";"GOBIERNO REGIONAL";"I-2";"00001430";"PUESTO DE SALUD MACA";"NE_0001";"";"NE_0001";"NE_0001";"NE_0001";"NE_0001";"NE_0001";"NE_0001";"NE_0001"
"2023";"10";"040513";"AREQUIPA";"CAYLLOMA";"MADRIGAL";"GOBIERNO REGIONAL";"I-2";"00001427";"PUESTO DE SALUD MADRIGAL";"NE_0001";"";"NE_0001";"NE_0001";"NE_0001";"NE_0001";"NE_0001";"NE_0001";"NE_0001"
"2023";"10";"040501";"AREQUIPA";"CAYLLOMA";"CHIVAY";"GOBIERNO REGIONAL";"I-4";"00001419";"CENTRO DE SALUD CHIVAY";"241600";"HOSPITALIZACIÓN QUIRÚRGICA OBSTETRICIA   ";"4";"4";"8";"8";"4";"248";"0"
"2023";"10";"040501";"AREQUIPA";"CAYLLOMA";"CHIVAY";"GOBIERNO REGIONAL";"I-1";"00001423";"PUESTO DE SALUD CANOCOTA";"NE_0001";"";"NE_0001";"NE_0001";"NE_0001";"NE_0001";"NE_0001";"NE_0001";"NE_0001"
"2023";"10";"040519";"AREQUIPA";"CAYLLOMA";"YANQUE";"GOBIERNO REGIONAL";"I-2";"00001428";"PUESTO DE SALUD YANQUE";"NE_0001";"";"NE_0001";"NE_0001";"NE_0001";"NE_0001";"NE_0001";"NE_0001";"NE_0001"
"2023";"10";"040510";"AREQUIPA";"CAYLLOMA";"LARI";"GOBIERNO REGIONAL";"I-2";"00001426";"PUESTO DE SALUD LARI";"NE_0001";"";"NE_0001";"NE_0001";"NE_0001";"NE_0001";"NE_0001";"NE_0001";"NE_0001"
"2023";"09";"150106";"LIMA";"LIMA";"CARABAYLLO";"ESSALUD";"I-3";"00026009";"CAP III CARABAYLLO";"NE_0001";"";"NE_0001";"NE_0001";"NE_0001";"NE_0001";"NE_0001";"NE_0001";"NE_0001"
"2023";"10";"220901";"SAN MARTIN";"SAN MARTIN";"TARAPOTO";"GOBIERNO REGIONAL";"II-2";"00006918";"HOSPITAL TARAPOTO";"241800";"HOSPITALIZACIÓN DE MEDICINA MEDICINA GENERAL ";"139";"181";"1137";"1137";"42";"1302";"12"
"2023";"10";"220901";"SAN MARTIN";"SAN MARTIN";"TARAPOTO";"GOBIERNO REGIONAL";"II-2";"00006918";"HOSPITAL TARAPOTO";"240100";"HOSPITALIZACIÓN QUIRÚRGICA CIRUGÍA GENERAL ";"204";"233";"955";"1302";"42";"1302";"2"
"2023";"10";"220901";"SAN MARTIN";"SAN MARTIN";"TARAPOTO";"GOBIERNO REGIONAL";"II-2";"00006918";"HOSPITAL TARAPOTO";"241400";"HOSPITALIZACIÓN QUIRÚRGICA GINECO - OBSTETRICIA ";"239";"243";"631";"631";"28";"868";"0"
"2023";"10";"220901";"SAN MARTIN";"SAN MARTIN";"TARAPOTO";"GOBIERNO REGIONAL";"II-2";"00006918";"HOSPITAL TARAPOTO";"241500";"HOSPITALIZACIÓN QUIRÚRGICA GINECOLOGÍA  ";"32";"34";"97";"97";"7";"217";"0"
"2023";"10";"220901";"SAN MARTIN";"SAN MARTIN";"TARAPOTO";"GOBIERNO REGIONAL";"II-2";"00006918";"HOSPITAL TARAPOTO";"242500";"HOSPITALIZACIÓN-PEDIATRÍA GENERAL-";"56";"78";"827";"827";"28";"868";"0"
"2023";"10";"110301";"ICA";"NAZCA";"NAZCA";"GOBIERNO REGIONAL";"II-1";"00003443";"RICARDO CRUZADO RIVAROLA DE NASCA";"240100";"HOSPITALIZACIÓN QUIRÚRGICA CIRUGÍA GENERAL ";"74";"225";"333";"547";"11";"341";"0"
"2023";"10";"110301";"ICA";"NAZCA";"NAZCA";"GOBIERNO REGIONAL";"II-1";"00003443";"RICARDO CRUZADO RIVAROLA DE NASCA";"241500";"HOSPITALIZACIÓN QUIRÚRGICA GINECOLOGÍA  ";"94";"186";"1722";"124";"4";"124";"0"
"2023";"10";"110301";"ICA";"NAZCA";"NAZCA";"GOBIERNO REGIONAL";"II-1";"00003443";"RICARDO CRUZADO RIVAROLA DE NASCA";"241600";"HOSPITALIZACIÓN QUIRÚRGICA OBSTETRICIA   ";"34";"33";"56";"413";"14";"434";"0"
"2023";"10";"110301";"ICA";"NAZCA";"NAZCA";"GOBIERNO REGIONAL";"II-1";"00003443";"RICARDO CRUZADO RIVAROLA DE NASCA";"241800";"HOSPITALIZACIÓN DE MEDICINA MEDICINA GENERAL ";"95";"92";"387";"570";"19";"570";"12"
"2023";"10";"110301";"ICA";"NAZCA";"NAZCA";"GOBIERNO REGIONAL";"II-1";"00003443";"RICARDO CRUZADO RIVAROLA DE NASCA";"242500";"HOSPITALIZACIÓN-PEDIATRÍA GENERAL-";"36";"38";"107";"222";"15";"465";"0"
"2023";"10";"100504";"HUANUCO";"HUAMALIES";"JACAS GRANDE";"GOBIERNO REGIONAL";"I-2";"00000897";"JACAS GRANDE";"NE_0001";"";"NE_0001";"NE_0001";"NE_0001";"NE_0001";"NE_0001";"NE_0001";"NE_0001"
"2023";"10";"080601";"CUSCO";"CANCHIS";"SICUANI";"GOBIERNO REGIONAL";"I-4";"00002380";"TECHO OBRERO";"NE_0001";"";"NE_0001";"NE_0001";"NE_0001";"NE_0001";"NE_0001";"NE_0001";"NE_0001"
"2023";"10";"080604";"CUSCO";"CANCHIS";"MARANGANI";"GOBIERNO REGIONAL";"I-1";"00002390";"CCUYO";"NE_0001";"";"NE_0001";"NE_0001";"NE_0001";"NE_0001";"NE_0001";"NE_0001";"NE_0001"
"2023";"10";"080604";"CUSCO";"CANCHIS";"MARANGANI";"GOBIERNO REGIONAL";"I-2";"00002391";"OCCOBAMBA MARANGANI";"NE_0001";"";"NE_0001";"NE_0001";"NE_0001";"NE_0001";"NE_0001";"NE_0001";"NE_0001"
"2023";"10";"080601";"CUSCO";"CANCHIS";"SICUANI";"GOBIERNO REGIONAL";"I-1";"00002379";"HERCCA";"NE_0001";"";"NE_0001";"NE_0001";"NE_0001";"NE_0001";"NE_0001";"NE_0001";"NE_0001"
"2023";"10";"080504";"CUSCO";"CANAS";"LANGUI";"GOBIERNO REGIONAL";"I-1";"00002370";"CONDEVILUYO";"NE_0001";"";"NE_0001";"NE_0001";"NE_0001";"NE_0001";"NE_0001";"NE_0001";"NE_0001"
"2023";"10";"080505";"CUSCO";"CANAS";"LAYO";"GOBIERNO REGIONAL";"I-3";"00002371";"LAYO";"NE_0001";"";"NE_0001";"NE_0001";"NE_0001";"NE_0001";"NE_0001";"NE_0001";"NE_0001"
"2023";"10";"080604";"CUSCO";"CANCHIS";"MARANGANI";"GOBIERNO REGIONAL";"I-3";"00002388";"MARANGANI";"NE_0001";"";"NE_0001";"NE_0001";"NE_0001";"NE_0001";"NE_0001";"NE_0001";"NE_0001"
"2023";"10";"100504";"HUANUCO";"HUAMALIES";"JACAS GRANDE";"GOBIERNO REGIONAL";"I-2";"00000906";"CARHUAPATA";"NE_0001";"";"NE_0001";"NE_0001";"NE_0001";"NE_0001";"NE_0001";"NE_0001";"NE_0001"
"2023";"10";"100504";"HUANUCO";"HUAMALIES";"JACAS GRANDE";"GOBIERNO REGIONAL";"I-2";"00006888";"CASCANGA";"NE_0001";"";"NE_0001";"NE_0001";"NE_0001";"NE_0001";"NE_0001";"NE_0001";"NE_0001"
"2023";"10";"100504";"HUANUCO";"HUAMALIES";"JACAS GRANDE";"GOBIERNO REGIONAL";"I-2";"00000898";"ANDAS";"NE_0001";"";"NE_0001";"NE_0001";"NE_0001";"NE_0001";"NE_0001";"NE_0001";"NE_0001"
"2023";"10";"100504";"HUANUCO";"HUAMALIES";"JACAS GRANDE";"GOBIERNO REGIONAL";"I-1";"00006674";"NUEVAS FLORES";"NE_0001";"";"NE_0001";"NE_0001";"NE_0001";"NE_0001";"NE_0001";"NE_0001";"NE_0001"
"2023";"11";"150101";"LIMA";"LIMA";"LIMA";"PRIVADO";"I-2";"00018921";"ARIE";"NE_0002";"";"NE_0002";"NE_0002";"NE_0002";"NE_0002";"NE_0002";"NE_0002";"NE_0002"
"2023";"11";"110101";"ICA";"ICA";"ICA";"ESSALUD";"II-2";"00016374";"HOSPITAL IV AUGUSTO HERNANDEZ MENDOZA";"250200";"UNIDAD DE CUIDADOS CRITICOS UNIDAD DE CUIDADOS INTERMEDIOS GENERAL  (UCIN) ";"3";"3";"136";"224";"8";"240";"0"
"2023";"11";"110101";"ICA";"ICA";"ICA";"ESSALUD";"II-2";"00016374";"HOSPITAL IV AUGUSTO HERNANDEZ MENDOZA";"250201";"UNIDAD DE CUIDADOS CRITICOS UNIDAD DE CUIDADOS INTERMEDIOS  (UCIN) NEONATAL";"4";"18";"104";"64";"5";"150";"0"
"2023";"11";"150136";"LIMA";"LIMA";"SAN MIGUEL";"SANIDAD DE LA POLICIA NACIONAL DEL PERU";"II-E";"00014718";"HOSPITAL GERIATRICO PNP SAN JOSE";"244400";"HOSPITALIZACIÓN DE MEDICINA GERIATRIA ";"19";"22";"315";"330";"26";"780";"5"
"2023";"11";"040129";"AREQUIPA";"AREQUIPA";"JOSE LUIS BUSTAMANTE Y RIVERO";"GOBIERNO REGIONAL";"I-3";"00001257";"CENTRO DE SALUD VICTOR RAUL HINOJOSA LLERENA";"NE_0001";"";"NE_0001";"NE_0001";"NE_0001";"NE_0001";"NE_0001";"NE_0001";"NE_0001"
"2023";"11";"040129";"AREQUIPA";"AREQUIPA";"JOSE LUIS BUSTAMANTE Y RIVERO";"GOBIERNO REGIONAL";"I-3";"00023488";"CENTRO DE SALUD MENTAL COMUNITARIO SIMON BOLIVAR";"NE_0001";"";"NE_0001";"NE_0001";"NE_0001";"NE_0001";"NE_0001";"NE_0001";"NE_0001"
"2023";"11";"040129";"AREQUIPA";"AREQUIPA";"JOSE LUIS BUSTAMANTE Y RIVERO";"GOBIERNO REGIONAL";"I-2";"00001263";"PUESTO DE SALUD 13 DE ENERO";"NE_0001";"";"NE_0001";"NE_0001";"NE_0001";"NE_0001";"NE_0001";"NE_0001";"NE_0001"
"2023";"11";"040129";"AREQUIPA";"AREQUIPA";"JOSE LUIS BUSTAMANTE Y RIVERO";"GOBIERNO REGIONAL";"I-3";"00001264";"CENTRO DE SALUD LAS ESMERALDAS";"NE_0001";"";"NE_0001";"NE_0001";"NE_0001";"NE_0001";"NE_0001";"NE_0001";"NE_0001"
"2023";"11";"040129";"AREQUIPA";"AREQUIPA";"JOSE LUIS BUSTAMANTE Y RIVERO";"GOBIERNO REGIONAL";"I-2";"00001267";"PUESTO DE SALUD CERRO JULI";"NE_0001";"";"NE_0001";"NE_0001";"NE_0001";"NE_0001";"NE_0001";"NE_0001";"NE_0001"
"2023";"09";"130105";"LA LIBERTAD";"TRUJILLO";"LA ESPERANZA";"PRIVADO";"II-1";"00021412";"CLÍNICA MADRE DE CRISTO";"241400";"HOSPITALIZACIÓN QUIRÚRGICA GINECO - OBSTETRICIA ";"12";"12";"13";"12";"4";"13";"0"
"2023";"09";"130105";"LA LIBERTAD";"TRUJILLO";"LA ESPERANZA";"PRIVADO";"II-1";"00021412";"CLÍNICA MADRE DE CRISTO";"240100";"HOSPITALIZACIÓN QUIRÚRGICA CIRUGÍA GENERAL ";"23";"23";"25";"23";"8";"25";"0"
"2023";"01";"150103";"LIMA";"LIMA";"ATE";"MINSA";"II-E";"00028025";"HOSPITAL EMERGENCIA ATE VITARTE";"241900";"HOSPITALIZACIÓN DE MEDICINA MEDICINA INTERNA ";"38";"48";"691";"584";"30";"930";"5"
"2023";"01";"150103";"LIMA";"LIMA";"ATE";"MINSA";"II-E";"00028025";"HOSPITAL EMERGENCIA ATE VITARTE";"242300";"HOSPITALIZACIÓN DE PEDIATRÍA  PEDIATRÍA  GENERAL ";"19";"24";"105";"131";"20";"620";"0"
"2023";"01";"150103";"LIMA";"LIMA";"ATE";"MINSA";"II-E";"00028025";"HOSPITAL EMERGENCIA ATE VITARTE";"243200";"HOSPITALIZACIÓN DE PEDIATRÍA PEDIATRIA NEONATOLOGÍA";"5";"2";"6";"27";"5";"155";"1"
"2023";"01";"150103";"LIMA";"LIMA";"ATE";"MINSA";"II-E";"00028025";"HOSPITAL EMERGENCIA ATE VITARTE";"240100";"HOSPITALIZACIÓN QUIRÚRGICA CIRUGÍA GENERAL ";"57";"43";"263";"447";"20";"620";"0"
"2023";"07";"200601";"PIURA";"SULLANA";"SULLANA";"PRIVADO";"II-1";"00012262";"CLÍNICA SANTA ROSA";"240000";"HOSPITALIZACIÓN";"103";"93";"179";"281";"33";"1023";"0"
"2023";"10";"110207";"ICA";"CHINCHA";"PUEBLO NUEVO";"SANIDAD DE LA POLICIA NACIONAL DEL PERU";"I-3";"00011398";"POLICLINICO POLICIAL CHINCHA";"NE_0001";"";"NE_0001";"NE_0001";"NE_0001";"NE_0001";"NE_0001";"NE_0001";"NE_0001"
"2023";"10";"050101";"AYACUCHO";"HUAMANGA";"AYACUCHO";"SANIDAD DE LA POLICIA NACIONAL DEL PERU";"I-3";"00011426";"POLICLINICO POLICIAL DE AYACUCHO";"NE_0001";"";"NE_0001";"NE_0001";"NE_0001";"NE_0001";"NE_0001";"NE_0001";"NE_0001"
"2023";"10";"150141";"LIMA";"LIMA";"SURQUILLO";"SANIDAD DE LA POLICIA NACIONAL DEL PERU";"I-3";"00012822";"CENTRO ODONTOLOGICO PNP ANGAMOS";"NE_0001";"";"NE_0001";"NE_0001";"NE_0001";"NE_0001";"NE_0001";"NE_0001";"NE_0001"
"2023";"10";"021905";"ANCASH";"SIHUAS";"CHINGALPO";"GOBIERNO REGIONAL";"I-1";"00001800";"PUESTO DE SALUD CHINGALPO";"NE_0002";"";"NE_0002";"NE_0002";"NE_0002";"NE_0002";"NE_0002";"NE_0002";"NE_0002"
"2023";"10";"021905";"ANCASH";"SIHUAS";"CHINGALPO";"GOBIERNO REGIONAL";"I-1";"00001754";"PUESTO DE SALUD SAN MIGUEL";"NE_0002";"";"NE_0002";"NE_0002";"NE_0002";"NE_0002";"NE_0002";"NE_0002";"NE_0002"
"2023";"10";"021903";"ANCASH";"SIHUAS";"ALFONSO UGARTE";"GOBIERNO REGIONAL";"I-1";"00001805";"PUESTO DE SALUD ULLOLLUCO";"NE_0002";"";"NE_0002";"NE_0002";"NE_0002";"NE_0002";"NE_0002";"NE_0002";"NE_0002"
"2023";"10";"150108";"LIMA";"LIMA";"CHORRILLOS";"SANIDAD DEL EJERCITO DEL PERU";"I-3";"00008292";"CENTRO MEDICO DE LA ESCUELA MILITAR DE CHORRILLOS ""CORONEL FRANCISCO BOLOGNESI""";"NE_0001";"";"NE_0001";"NE_0001";"NE_0001";"NE_0001";"NE_0001";"NE_0001";"NE_0001"
"2023";"10";"021905";"ANCASH";"SIHUAS";"CHINGALPO";"GOBIERNO REGIONAL";"I-1";"00001800";"PUESTO DE SALUD CHINGALPO";"NE_0002";"";"NE_0002";"NE_0002";"NE_0002";"NE_0002";"NE_0002";"NE_0002";"NE_0002"
"2023";"10";"021905";"ANCASH";"SIHUAS";"CHINGALPO";"GOBIERNO REGIONAL";"I-1";"00001754";"PUESTO DE SALUD SAN MIGUEL";"NE_0002";"";"NE_0002";"NE_0002";"NE_0002";"NE_0002";"NE_0002";"NE_0002";"NE_0002"
"2023";"10";"021903";"ANCASH";"SIHUAS";"ALFONSO UGARTE";"GOBIERNO REGIONAL";"I-1";"00001805";"PUESTO DE SALUD ULLOLLUCO";"NE_0002";"";"NE_0002";"NE_0002";"NE_0002";"NE_0002";"NE_0002";"NE_0002";"NE_0002"
"2023";"10";"040112";"AREQUIPA";"AREQUIPA";"PAUCARPATA";"ESSALUD";"I-2";"00012194";"CAP III - PAUCARPATA";"NE_0001";"";"NE_0001";"NE_0001";"NE_0001";"NE_0001";"NE_0001";"NE_0001";"NE_0001"
"2023";"10";"150130";"LIMA";"LIMA";"SAN BORJA";"PRIVADO";"II-E";"00011547";"CLINICA CONTINENTAL";"NE_0002";"";"NE_0002";"NE_0002";"NE_0002";"NE_0002";"NE_0002";"NE_0002";"NE_0002"
"2023";"10";"150131";"LIMA";"LIMA";"SAN ISIDRO";"PRIVADO";"II-E";"00011358";"CONFÍA INSTITUTO OFTALMOLÓGICO";"NE_0001";"";"NE_0001";"NE_0001";"NE_0001";"NE_0001";"NE_0001";"NE_0001";"NE_0001"
"2023";"10";"100501";"HUANUCO";"HUAMALIES";"LLATA";"GOBIERNO REGIONAL";"I-2";"00000889";"EL PORVENIR";"NE_0001";"";"NE_0001";"NE_0001";"NE_0001";"NE_0001";"NE_0001";"NE_0001";"NE_0001"
"2023";"10";"100501";"HUANUCO";"HUAMALIES";"LLATA";"GOBIERNO REGIONAL";"I-2";"00000891";"ISHANCA";"NE_0001";"";"NE_0001";"NE_0001";"NE_0001";"NE_0001";"NE_0001";"NE_0001";"NE_0001"
"2023";"10";"100510";"HUANUCO";"HUAMALIES";"SINGA";"GOBIERNO REGIONAL";"I-1";"00019155";"SAN JUAN DE VISCAS";"NE_0001";"";"NE_0001";"NE_0001";"NE_0001";"NE_0001";"NE_0001";"NE_0001";"NE_0001"
"2023";"10";"100510";"HUANUCO";"HUAMALIES";"SINGA";"GOBIERNO REGIONAL";"I-1";"00000902";"BELLAS FLORES";"NE_0001";"";"NE_0001";"NE_0001";"NE_0001";"NE_0001";"NE_0001";"NE_0001";"NE_0001"
"2023";"10";"100510";"HUANUCO";"HUAMALIES";"SINGA";"GOBIERNO REGIONAL";"I-3";"00000900";"SINGA";"NE_0001";"";"NE_0001";"NE_0001";"NE_0001";"NE_0001";"NE_0001";"NE_0001";"NE_0001"
"2023";"10";"100510";"HUANUCO";"HUAMALIES";"SINGA";"GOBIERNO REGIONAL";"I-1";"00017149";"SANTA ROSA DE PAMPAN";"NE_0001";"";"NE_0001";"NE_0001";"NE_0001";"NE_0001";"NE_0001";"NE_0001";"NE_0001"
"2023";"11";"160101";"LORETO";"MAYNAS";"IQUITOS";"PRIVADO";"II-1";"00011737";"CLINICA SAN JUAN";"241800";"HOSPITALIZACIÓN DE MEDICINA MEDICINA GENERAL ";"4";"4";"14";"6";"5";"7";"0"
"2023";"11";"160101";"LORETO";"MAYNAS";"IQUITOS";"PRIVADO";"II-1";"00011737";"CLINICA SAN JUAN";"241900";"HOSPITALIZACIÓN DE MEDICINA MEDICINA INTERNA ";"1";"1";"6";"2";"5";"6";"0"
"2023";"11";"140101";"LAMBAYEQUE";"CHICLAYO";"CHICLAYO";"GOBIERNO REGIONAL";"III-1";"00011470";"HOSPITAL REGIONAL LAMBAYEQUE";"240000";"HOSPITALIZACIÓN";"412";"326";"1410";"2503";"101";"3030";"3"
"2023";"10";"080508";"CUSCO";"CANAS";"TUPAC AMARU";"GOBIERNO REGIONAL";"I-1";"00002377";"TOCCOCCORI";"NE_0001";"";"NE_0001";"NE_0001";"NE_0001";"NE_0001";"NE_0001";"NE_0001";"NE_0001"
"2023";"10";"100501";"HUANUCO";"HUAMALIES";"LLATA";"GOBIERNO REGIONAL";"I-2";"00000890";"LIBERTAD";"NE_0001";"";"NE_0001";"NE_0001";"NE_0001";"NE_0001";"NE_0001";"NE_0001";"NE_0001"
"2023";"11";"140101";"LAMBAYEQUE";"CHICLAYO";"CHICLAYO";"GOBIERNO REGIONAL";"III-1";"00011470";"HOSPITAL REGIONAL LAMBAYEQUE";"242300";"HOSPITALIZACIÓN DE PEDIATRÍA  PEDIATRÍA  GENERAL ";"90";"88";"453";"565";"24";"720";"2"
"2023";"11";"140101";"LAMBAYEQUE";"CHICLAYO";"CHICLAYO";"GOBIERNO REGIONAL";"III-1";"00011470";"HOSPITAL REGIONAL LAMBAYEQUE";"243200";"HOSPITALIZACIÓN DE PEDIATRÍA PEDIATRIA NEONATOLOGÍA";"91";"43";"138";"580";"24";"720";"0"
"2023";"11";"140101";"LAMBAYEQUE";"CHICLAYO";"CHICLAYO";"GOBIERNO REGIONAL";"III-1";"00011470";"HOSPITAL REGIONAL LAMBAYEQUE";"250100";"UNIDAD DE CUIDADOS CRITICOS UNIDAD  DE CUIDADOS INTENSIVOS GENERALES (UCI) ";"13";"2";"45";"237";"8";"240";"2"
"2023";"11";"140101";"LAMBAYEQUE";"CHICLAYO";"CHICLAYO";"GOBIERNO REGIONAL";"III-1";"00011470";"HOSPITAL REGIONAL LAMBAYEQUE";"250200";"UNIDAD DE CUIDADOS CRITICOS UNIDAD DE CUIDADOS INTERMEDIOS GENERAL  (UCIN) ";"21";"6";"46";"266";"10";"300";"6"
"2023";"11";"140101";"LAMBAYEQUE";"CHICLAYO";"CHICLAYO";"GOBIERNO REGIONAL";"III-1";"00011470";"HOSPITAL REGIONAL LAMBAYEQUE";"250105";"UNIDAD DE CUIDADOS CRITICOS UNIDAD  DE CUIDADOS INTENSIVOS  (UCI) NEONATOLOGÍA";"12";"2";"5";"173";"6";"180";"2"
"2023";"11";"140101";"LAMBAYEQUE";"CHICLAYO";"CHICLAYO";"GOBIERNO REGIONAL";"III-1";"00011470";"HOSPITAL REGIONAL LAMBAYEQUE";"250108";"UNIDAD DE CUIDADOS CRITICOS UNIDAD  DE CUIDADOS INTENSIVOS  (UCI) PEDIÁTRICA";"11";"1";"2";"118";"4";"120";"0"
"2023";"11";"150128";"LIMA";"LIMA";"RIMAC";"SANIDAD DE LA POLICIA NACIONAL DEL PERU";"II-1";"00016094";"HOSPITAL PNP ""AUGUSTO B. LEGUIA""";"240100";"HOSPITALIZACIÓN QUIRÚRGICA CIRUGÍA GENERAL ";"42";"44";"115";"83";"22";"660";"0"
"2023";"11";"150128";"LIMA";"LIMA";"RIMAC";"SANIDAD DE LA POLICIA NACIONAL DEL PERU";"II-1";"00016094";"HOSPITAL PNP ""AUGUSTO B. LEGUIA""";"241800";"HOSPITALIZACIÓN DE MEDICINA MEDICINA GENERAL ";"20";"11";"110";"177";"39";"1170";"0"
"2023";"11";"150140";"LIMA";"LIMA";"SANTIAGO DE SURCO";"PRIVADO";"II-2";"00009989";"CLINICA PADRE LUIS TEZZA";"240000";"HOSPITALIZACIÓN";"320";"304";"1173";"1483";"62";"1860";"4"
"2023";"11";"040112";"AREQUIPA";"AREQUIPA";"PAUCARPATA";"SANIDAD DE LA POLICIA NACIONAL DEL PERU";"I-2";"00011664";"POSTA MEDICA POLICIAL ""SAN MARTIN DE PORRES""  AREQUIPA";"NE_0001";"";"NE_0001";"NE_0001";"NE_0001";"NE_0001";"NE_0001";"NE_0001";"NE_0001"
"2023";"11";"120105";"JUNIN";"HUANCAYO";"CHACAPAMPA";"GOBIERNO REGIONAL";"I-1";"00000696";"LOS ANGELES";"NE_0002";"";"NE_0002";"NE_0002";"NE_0002";"NE_0002";"NE_0002";"NE_0002";"NE_0002"
"2023";"11";"120112";"JUNIN";"HUANCAYO";"COLCA";"GOBIERNO REGIONAL";"I-2";"00000701";"COLCA";"NE_0002";"";"NE_0002";"NE_0002";"NE_0002";"NE_0002";"NE_0002";"NE_0002";"NE_0002"
"2023";"11";"120105";"JUNIN";"HUANCAYO";"CHACAPAMPA";"GOBIERNO REGIONAL";"I-1";"00000694";"CHACAPAMPA";"NE_0002";"";"NE_0002";"NE_0002";"NE_0002";"NE_0002";"NE_0002";"NE_0002";"NE_0002"
"2023";"11";"120104";"JUNIN";"HUANCAYO";"CARHUACALLANGA";"GOBIERNO REGIONAL";"I-1";"00000693";"CARHUACALLANGA";"NE_0002";"";"NE_0002";"NE_0002";"NE_0002";"NE_0002";"NE_0002";"NE_0002";"NE_0002"
"2023";"11";"120108";"JUNIN";"HUANCAYO";"CHONGOS ALTO";"GOBIERNO REGIONAL";"I-3";"00000700";"CHONGOS ALTO";"NE_0002";"";"NE_0002";"NE_0002";"NE_0002";"NE_0002";"NE_0002";"NE_0002";"NE_0002"
"2023";"11";"120106";"JUNIN";"HUANCAYO";"CHICCHE";"GOBIERNO REGIONAL";"I-1";"00000697";"CHICCHE";"NE_0002";"";"NE_0002";"NE_0002";"NE_0002";"NE_0002";"NE_0002";"NE_0002";"NE_0002"
"2023";"11";"120106";"JUNIN";"HUANCAYO";"CHICCHE";"GOBIERNO REGIONAL";"I-1";"00000699";"YANA YANA";"NE_0002";"";"NE_0002";"NE_0002";"NE_0002";"NE_0002";"NE_0002";"NE_0002";"NE_0002"
"2023";"11";"120120";"JUNIN";"HUANCAYO";"HUASICANCHA";"GOBIERNO REGIONAL";"I-1";"00000703";"HUASICANCHA";"NE_0002";"";"NE_0002";"NE_0002";"NE_0002";"NE_0002";"NE_0002";"NE_0002";"NE_0002"
"2023";"11";"120105";"JUNIN";"HUANCAYO";"CHACAPAMPA";"GOBIERNO REGIONAL";"I-1";"00000695";"HUACAN";"NE_0002";"";"NE_0002";"NE_0002";"NE_0002";"NE_0002";"NE_0002";"NE_0002";"NE_0002"
"2023";"11";"120106";"JUNIN";"HUANCAYO";"CHICCHE";"GOBIERNO REGIONAL";"I-1";"00000698";"VISTA ALEGRE";"NE_0002";"";"NE_0002";"NE_0002";"NE_0002";"NE_0002";"NE_0002";"NE_0002";"NE_0002"
"2023";"11";"150101";"LIMA";"LIMA";"LIMA";"PRIVADO";"II-E";"00009483";"OCULASER SAC";"NE_0001";"";"NE_0001";"NE_0001";"NE_0001";"NE_0001";"NE_0001";"NE_0001";"NE_0001"
"2023";"11";"110401";"ICA";"PALPA";"PALPA";"MINSA";"II-1";"00003458";"DE APOYO DE PALPA";"240100";"HOSPITALIZACIÓN QUIRÚRGICA CIRUGÍA GENERAL ";"2";"2";"3";"7";"6";"180";"0"
"2023";"11";"110401";"ICA";"PALPA";"PALPA";"MINSA";"II-1";"00003458";"DE APOYO DE PALPA";"241600";"HOSPITALIZACIÓN QUIRÚRGICA OBSTETRICIA   ";"12";"12";"27";"29";"9";"270";"0"
"2023";"11";"110401";"ICA";"PALPA";"PALPA";"MINSA";"II-1";"00003458";"DE APOYO DE PALPA";"241800";"HOSPITALIZACIÓN DE MEDICINA MEDICINA GENERAL ";"5";"6";"25";"24";"6";"180";"0"
"2023";"11";"110401";"ICA";"PALPA";"PALPA";"MINSA";"II-1";"00003458";"DE APOYO DE PALPA";"242500";"HOSPITALIZACIÓN-PEDIATRÍA GENERAL-";"4";"5";"12";"11";"6";"180";"0"
"2023";"11";"060801";"CAJAMARCA";"JAEN";"JAEN";"GOBIERNO REGIONAL";"I-3";"00004213";"FILA ALTA";"NE_0001";"";"NE_0001";"NE_0001";"NE_0001";"NE_0001";"NE_0001";"NE_0001";"NE_0001"
"2023";"11";"060801";"CAJAMARCA";"JAEN";"JAEN";"GOBIERNO REGIONAL";"I-1";"00010804";"PUENTE ZONANGA";"NE_0001";"";"NE_0001";"NE_0001";"NE_0001";"NE_0001";"NE_0001";"NE_0001";"NE_0001"
"2023";"11";"220901";"SAN MARTIN";"SAN MARTIN";"TARAPOTO";"GOBIERNO REGIONAL";"II-2";"00006918";"HOSPITAL TARAPOTO";"240100";"HOSPITALIZACIÓN QUIRÚRGICA CIRUGÍA GENERAL ";"264";"257";"1180";"1180";"42";"1260";"1"
"2023";"11";"220901";"SAN MARTIN";"SAN MARTIN";"TARAPOTO";"GOBIERNO REGIONAL";"II-2";"00006918";"HOSPITAL TARAPOTO";"241400";"HOSPITALIZACIÓN QUIRÚRGICA GINECO - OBSTETRICIA ";"242";"228";"557";"557";"28";"840";"0"
"2023";"11";"220901";"SAN MARTIN";"SAN MARTIN";"TARAPOTO";"GOBIERNO REGIONAL";"II-2";"00006918";"HOSPITAL TARAPOTO";"241500";"HOSPITALIZACIÓN QUIRÚRGICA GINECOLOGÍA  ";"35";"31";"126";"126";"7";"210";"0"
"2023";"11";"220901";"SAN MARTIN";"SAN MARTIN";"TARAPOTO";"GOBIERNO REGIONAL";"II-2";"00006918";"HOSPITAL TARAPOTO";"241800";"HOSPITALIZACIÓN DE MEDICINA MEDICINA GENERAL ";"107";"119";"1332";"1332";"45";"1350";"8"
"2023";"11";"220901";"SAN MARTIN";"SAN MARTIN";"TARAPOTO";"GOBIERNO REGIONAL";"II-2";"00006918";"HOSPITAL TARAPOTO";"242500";"HOSPITALIZACIÓN-PEDIATRÍA GENERAL-";"84";"86";"447";"447";"15";"450";"1"
"2023";"11";"140101";"LAMBAYEQUE";"CHICLAYO";"CHICLAYO";"GOBIERNO REGIONAL";"II-2";"00004317";"HOSPITAL REGIONAL DOCENTE LAS MERCEDES";"241600";"HOSPITALIZACIÓN QUIRÚRGICA OBSTETRICIA   ";"335";"371";"866";"27";"43";"1290";"0"
"2023";"11";"140101";"LAMBAYEQUE";"CHICLAYO";"CHICLAYO";"GOBIERNO REGIONAL";"II-2";"00004317";"HOSPITAL REGIONAL DOCENTE LAS MERCEDES";"243200";"HOSPITALIZACIÓN DE PEDIATRÍA PEDIATRIA NEONATOLOGÍA";"199";"215";"533";"16";"20";"600";"1"
"2023";"11";"140101";"LAMBAYEQUE";"CHICLAYO";"CHICLAYO";"GOBIERNO REGIONAL";"II-2";"00004317";"HOSPITAL REGIONAL DOCENTE LAS MERCEDES";"242300";"HOSPITALIZACIÓN DE PEDIATRÍA  PEDIATRÍA  GENERAL ";"58";"77";"383";"11";"29";"870";"0"
"2023";"11";"140101";"LAMBAYEQUE";"CHICLAYO";"CHICLAYO";"GOBIERNO REGIONAL";"II-2";"00004317";"HOSPITAL REGIONAL DOCENTE LAS MERCEDES";"241800";"HOSPITALIZACIÓN DE MEDICINA MEDICINA GENERAL ";"169";"208";"1372";"35";"57";"1710";"20"
"2023";"11";"140101";"LAMBAYEQUE";"CHICLAYO";"CHICLAYO";"GOBIERNO REGIONAL";"II-2";"00004317";"HOSPITAL REGIONAL DOCENTE LAS MERCEDES";"240100";"HOSPITALIZACIÓN QUIRÚRGICA CIRUGÍA GENERAL ";"104";"123";"467";"13";"30";"900";"0"
"2023";"11";"140101";"LAMBAYEQUE";"CHICLAYO";"CHICLAYO";"GOBIERNO REGIONAL";"II-2";"00004317";"HOSPITAL REGIONAL DOCENTE LAS MERCEDES";"241500";"HOSPITALIZACIÓN QUIRÚRGICA GINECOLOGÍA  ";"18";"21";"44";"1";"14";"420";"0"
"2023";"11";"140101";"LAMBAYEQUE";"CHICLAYO";"CHICLAYO";"GOBIERNO REGIONAL";"II-2";"00004317";"HOSPITAL REGIONAL DOCENTE LAS MERCEDES";"240801";"HOSPITALIZACIÓN QUIRÚRGICA CIRUGÍA PLÁSTICA/RECONSTRUCTIVA/ REPARADORA QUEMADOS";"3";"9";"139";"2";"13";"390";"0"
"2023";"11";"140101";"LAMBAYEQUE";"CHICLAYO";"CHICLAYO";"GOBIERNO REGIONAL";"II-2";"00004317";"HOSPITAL REGIONAL DOCENTE LAS MERCEDES";"241200";"HOSPITALIZACIÓN QUIRÚRGICA TRAUMATOLOGÍA Y ORTOPEDIA ";"29";"35";"217";"6";"14";"420";"0"
"2023";"11";"140101";"LAMBAYEQUE";"CHICLAYO";"CHICLAYO";"GOBIERNO REGIONAL";"II-2";"00004317";"HOSPITAL REGIONAL DOCENTE LAS MERCEDES";"250100";"UNIDAD DE CUIDADOS CRITICOS UNIDAD  DE CUIDADOS INTENSIVOS GENERALES (UCI) ";"4";"6";"148";"2";"6";"180";"2"
"2023";"11";"021001";"ANCASH";"HUARI";"HUARI";"GOBIERNO REGIONAL";"II-1";"00001813";"HOSPITAL DE APOYO HUARI";"241500";"HOSPITALIZACIÓN QUIRÚRGICA GINECOLOGÍA  ";"13";"13";"22";"22";"6";"180";"0"
"2023";"11";"021001";"ANCASH";"HUARI";"HUARI";"GOBIERNO REGIONAL";"II-1";"00001813";"HOSPITAL DE APOYO HUARI";"241600";"HOSPITALIZACIÓN QUIRÚRGICA OBSTETRICIA   ";"37";"41";"81";"88";"6";"180";"0"
"2023";"11";"021001";"ANCASH";"HUARI";"HUARI";"GOBIERNO REGIONAL";"II-1";"00001813";"HOSPITAL DE APOYO HUARI";"241800";"HOSPITALIZACIÓN DE MEDICINA MEDICINA GENERAL ";"25";"34";"122";"122";"12";"360";"1"
"2023";"11";"021001";"ANCASH";"HUARI";"HUARI";"GOBIERNO REGIONAL";"II-1";"00001813";"HOSPITAL DE APOYO HUARI";"242500";"HOSPITALIZACIÓN-PEDIATRÍA GENERAL-";"8";"10";"102";"103";"4";"120";"1"
"2023";"11";"021001";"ANCASH";"HUARI";"HUARI";"GOBIERNO REGIONAL";"II-1";"00001813";"HOSPITAL DE APOYO HUARI";"243200";"HOSPITALIZACIÓN DE PEDIATRÍA PEDIATRIA NEONATOLOGÍA";"3";"3";"11";"14";"1";"30";"0"
"2023";"11";"120432";"JUNIN";"JAUJA";"TUNAN MARCA";"GOBIERNO REGIONAL";"I-1";"00000391";"TUNANMARCA";"NE_0001";"";"NE_0001";"NE_0001";"NE_0001";"NE_0001";"NE_0001";"NE_0001";"NE_0001"
"2023";"11";"120402";"JUNIN";"JAUJA";"ACOLLA";"GOBIERNO REGIONAL";"I-2";"00000383";"PACHASCUCHO";"NE_0001";"";"NE_0001";"NE_0001";"NE_0001";"NE_0001";"NE_0001";"NE_0001";"NE_0001"
"2023";"11";"120426";"JUNIN";"JAUJA";"POMACANCHA";"GOBIERNO REGIONAL";"I-2";"00000388";"POMACANCHA";"NE_0001";"";"NE_0001";"NE_0001";"NE_0001";"NE_0001";"NE_0001";"NE_0001";"NE_0001"
"2023";"11";"120426";"JUNIN";"JAUJA";"POMACANCHA";"GOBIERNO REGIONAL";"I-1";"00000390";"CASABLANCA";"NE_0001";"";"NE_0001";"NE_0001";"NE_0001";"NE_0001";"NE_0001";"NE_0001";"NE_0001"
"2023";"11";"120402";"JUNIN";"JAUJA";"ACOLLA";"GOBIERNO REGIONAL";"I-1";"00000381";"SACAS";"NE_0001";"";"NE_0001";"NE_0001";"NE_0001";"NE_0001";"NE_0001";"NE_0001";"NE_0001"
"2023";"11";"120402";"JUNIN";"JAUJA";"ACOLLA";"GOBIERNO REGIONAL";"I-2";"00000384";"TINGO PACCHA";"NE_0001";"";"NE_0001";"NE_0001";"NE_0001";"NE_0001";"NE_0001";"NE_0001";"NE_0001"
"2023";"11";"120402";"JUNIN";"JAUJA";"ACOLLA";"GOBIERNO REGIONAL";"I-3";"00000379";"ACOLLA";"NE_0001";"";"NE_0001";"NE_0001";"NE_0001";"NE_0001";"NE_0001";"NE_0001";"NE_0001"
"2023";"11";"120402";"JUNIN";"JAUJA";"ACOLLA";"GOBIERNO REGIONAL";"I-2";"00000380";"EL TINGO";"NE_0001";"";"NE_0001";"NE_0001";"NE_0001";"NE_0001";"NE_0001";"NE_0001";"NE_0001"
"2023";"11";"120402";"JUNIN";"JAUJA";"ACOLLA";"GOBIERNO REGIONAL";"I-2";"00000382";"YANAMARCA";"NE_0001";"";"NE_0001";"NE_0001";"NE_0001";"NE_0001";"NE_0001";"NE_0001";"NE_0001"
"2023";"11";"120402";"JUNIN";"JAUJA";"ACOLLA";"GOBIERNO REGIONAL";"I-1";"00006874";"CHUQUISHUARI";"NE_0001";"";"NE_0001";"NE_0001";"NE_0001";"NE_0001";"NE_0001";"NE_0001";"NE_0001"
"2023";"10";"200104";"PIURA";"PIURA";"CASTILLA";"PRIVADO";"II-E";"00013165";"CENTRO DE REPOSO SAN JUAN DE DIOS";"242202";"HOSPITALIZACIÓN DE MEDICINA PSIQUIATRÍA PSIQUIATRÍA DEL ADULTO Y GERONTE";"39";"41";"1136";"731";"46";"1426";"0"
"2023";"10";"050909";"AYACUCHO";"SUCRE";"SAN SALVADOR DE QUIJE";"GOBIERNO REGIONAL";"I-1";"00006900";"PUESTO DE SALUD VISTA ALEGRE - SUCRE";"NE_0001";"";"NE_0001";"NE_0001";"NE_0001";"NE_0001";"NE_0001";"NE_0001";"NE_0001"
"2023";"10";"150131";"LIMA";"LIMA";"SAN ISIDRO";"PRIVADO";"II-E";"00010739";"CLINICA OFTALMOLOGICA WONG";"NE_0001";"";"NE_0001";"NE_0001";"NE_0001";"NE_0001";"NE_0001";"NE_0001";"NE_0001"
"2023";"10";"060306";"CAJAMARCA";"CELENDIN";"JOSE GALVEZ";"GOBIERNO REGIONAL";"I-1";"00004486";"FRAYLECOCHA";"NE_0001";"";"NE_0001";"NE_0001";"NE_0001";"NE_0001";"NE_0001";"NE_0001";"NE_0001"
"2023";"10";"060308";"CAJAMARCA";"CELENDIN";"OXAMARCA";"GOBIERNO REGIONAL";"I-1";"00009049";"LA QUINUA";"NE_0001";"";"NE_0001";"NE_0001";"NE_0001";"NE_0001";"NE_0001";"NE_0001";"NE_0001"
"2023";"10";"060308";"CAJAMARCA";"CELENDIN";"OXAMARCA";"GOBIERNO REGIONAL";"I-2";"00004483";"PIOBAMBA";"NE_0001";"";"NE_0001";"NE_0001";"NE_0001";"NE_0001";"NE_0001";"NE_0001";"NE_0001"
"2023";"10";"060308";"CAJAMARCA";"CELENDIN";"OXAMARCA";"GOBIERNO REGIONAL";"I-2";"00004484";"OXAMARCA";"NE_0001";"";"NE_0001";"NE_0001";"NE_0001";"NE_0001";"NE_0001";"NE_0001";"NE_0001"
"2023";"10";"060306";"CAJAMARCA";"CELENDIN";"JOSE GALVEZ";"GOBIERNO REGIONAL";"I-2";"00004488";"JOSE GALVEZ";"NE_0001";"";"NE_0001";"NE_0001";"NE_0001";"NE_0001";"NE_0001";"NE_0001";"NE_0001"
"2023";"10";"060310";"CAJAMARCA";"CELENDIN";"SUCRE";"GOBIERNO REGIONAL";"I-3";"00004482";"SUCRE";"NE_0001";"";"NE_0001";"NE_0001";"NE_0001";"NE_0001";"NE_0001";"NE_0001";"NE_0001"
"2023";"10";"060310";"CAJAMARCA";"CELENDIN";"SUCRE";"GOBIERNO REGIONAL";"I-1";"00009084";"VIGASPAMPA";"NE_0001";"";"NE_0001";"NE_0001";"NE_0001";"NE_0001";"NE_0001";"NE_0001";"NE_0001"
"2023";"10";"060310";"CAJAMARCA";"CELENDIN";"SUCRE";"GOBIERNO REGIONAL";"I-1";"00004485";"CALCONGA";"NE_0001";"";"NE_0001";"NE_0001";"NE_0001";"NE_0001";"NE_0001";"NE_0001";"NE_0001"
"2023";"10";"060305";"CAJAMARCA";"CELENDIN";"JORGE CHAVEZ";"GOBIERNO REGIONAL";"I-1";"00004487";"JORGE CHAVEZ";"NE_0001";"";"NE_0001";"NE_0001";"NE_0001";"NE_0001";"NE_0001";"NE_0001";"NE_0001"
"2023";"10";"060308";"CAJAMARCA";"CELENDIN";"OXAMARCA";"GOBIERNO REGIONAL";"I-1";"00009046";"MINASCONGA";"NE_0001";"";"NE_0001";"NE_0001";"NE_0001";"NE_0001";"NE_0001";"NE_0001";"NE_0001"
"2023";"10";"060310";"CAJAMARCA";"CELENDIN";"SUCRE";"GOBIERNO REGIONAL";"I-1";"00025043";"CRUZCONGA";"NE_0001";"";"NE_0001";"NE_0001";"NE_0001";"NE_0001";"NE_0001";"NE_0001";"NE_0001"
"2023";"10";"200601";"PIURA";"SULLANA";"SULLANA";"PRIVADO";"II-1";"00012261";"CLINICA INMACULADA";"240000";"HOSPITALIZACIÓN";"114";"112";"137";"140";"30";"900";"0"
"2023";"11";"150120";"LIMA";"LIMA";"MAGDALENA DEL MAR";"PRIVADO";"II-E";"00017703";"OPRECE";"NE_0001";"";"NE_0001";"NE_0001";"NE_0001";"NE_0001";"NE_0001";"NE_0001";"NE_0001"
"2023";"11";"150117";"LIMA";"LIMA";"LOS OLIVOS";"PRIVADO";"II-E";"00026936";"CLINICA AVIVA SEDE LOS OLIVOS";"240000";"HOSPITALIZACIÓN";"324";"296";"681";"324";"22";"660";"0"
"2023";"11";"190301";"PASCO";"OXAPAMPA";"OXAPAMPA";"GOBIERNO REGIONAL";"II-1";"00000980";"ERNESTO GERMAN GUZMÁN GONZALES";"250103";"UNIDAD DE CUIDADOS CRITICOS UNIDAD  DE CUIDADOS INTENSIVOS GENERALES  (UCI) MEDICINA";"3";"3";"25";"35";"2";"60";"0"
"2023";"11";"190301";"PASCO";"OXAPAMPA";"OXAPAMPA";"GOBIERNO REGIONAL";"II-1";"00000980";"ERNESTO GERMAN GUZMÁN GONZALES";"241800";"HOSPITALIZACIÓN DE MEDICINA MEDICINA GENERAL ";"11";"11";"78";"88";"2";"90";"0"
"2023";"11";"190301";"PASCO";"OXAPAMPA";"OXAPAMPA";"GOBIERNO REGIONAL";"II-1";"00000980";"ERNESTO GERMAN GUZMÁN GONZALES";"241900";"HOSPITALIZACIÓN DE MEDICINA MEDICINA INTERNA ";"2";"2";"21";"31";"1";"40";"0"
"2023";"11";"190301";"PASCO";"OXAPAMPA";"OXAPAMPA";"GOBIERNO REGIONAL";"II-1";"00000980";"ERNESTO GERMAN GUZMÁN GONZALES";"242200";"HOSPITALIZACIÓN DE MEDICINA PSIQUIATRÍA ";"6";"6";"55";"65";"6";"180";"0"
"2023";"11";"190301";"PASCO";"OXAPAMPA";"OXAPAMPA";"GOBIERNO REGIONAL";"II-1";"00000980";"ERNESTO GERMAN GUZMÁN GONZALES";"240100";"HOSPITALIZACIÓN QUIRÚRGICA CIRUGÍA GENERAL ";"15";"15";"40";"50";"5";"150";"0"
"2023";"11";"190301";"PASCO";"OXAPAMPA";"OXAPAMPA";"GOBIERNO REGIONAL";"II-1";"00000980";"ERNESTO GERMAN GUZMÁN GONZALES";"241200";"HOSPITALIZACIÓN QUIRÚRGICA TRAUMATOLOGÍA Y ORTOPEDIA ";"9";"9";"38";"48";"1";"60";"0"
"2023";"11";"190301";"PASCO";"OXAPAMPA";"OXAPAMPA";"GOBIERNO REGIONAL";"II-1";"00000980";"ERNESTO GERMAN GUZMÁN GONZALES";"241400";"HOSPITALIZACIÓN QUIRÚRGICA GINECO - OBSTETRICIA ";"54";"54";"463";"473";"2";"480";"0"
"2023";"11";"190301";"PASCO";"OXAPAMPA";"OXAPAMPA";"GOBIERNO REGIONAL";"II-1";"00000980";"ERNESTO GERMAN GUZMÁN GONZALES";"242500";"HOSPITALIZACIÓN-PEDIATRÍA GENERAL-";"7";"7";"16";"26";"2";"60";"0"
"2023";"11";"190301";"PASCO";"OXAPAMPA";"OXAPAMPA";"GOBIERNO REGIONAL";"II-1";"00000980";"ERNESTO GERMAN GUZMÁN GONZALES";"243200";"HOSPITALIZACIÓN DE PEDIATRÍA PEDIATRIA NEONATOLOGÍA";"5";"5";"10";"20";"3";"90";"0"
"2023";"11";"021901";"ANCASH";"SIHUAS";"SIHUAS";"ESSALUD";"I-3";"00009203";"CENTRO MEDICO SIHUAS";"NE_0001";"";"NE_0001";"NE_0001";"NE_0001";"NE_0001";"NE_0001";"NE_0001";"NE_0001"
"2023";"11";"150120";"LIMA";"LIMA";"MAGDALENA DEL MAR";"PRIVADO";"II-E";"00011803";"CLINICA VIRGEN DEL ROSARIO SRL";"240000";"HOSPITALIZACIÓN";"145";"145";"164";"145";"24";"690";"0"
"2023";"11";"210801";"PUNO";"MELGAR";"AYAVIRI";"GOBIERNO REGIONAL";"II-1";"00003156";"SAN JUAN DE DIOS (AYAVIRI)";"240100";"HOSPITALIZACIÓN QUIRÚRGICA CIRUGÍA GENERAL ";"46";"52";"277";"305";"19";"570";"0"
"2023";"11";"210801";"PUNO";"MELGAR";"AYAVIRI";"GOBIERNO REGIONAL";"II-1";"00003156";"SAN JUAN DE DIOS (AYAVIRI)";"241500";"HOSPITALIZACIÓN QUIRÚRGICA GINECOLOGÍA  ";"50";"51";"114";"114";"6";"180";"0"
"2023";"11";"210801";"PUNO";"MELGAR";"AYAVIRI";"GOBIERNO REGIONAL";"II-1";"00003156";"SAN JUAN DE DIOS (AYAVIRI)";"241600";"HOSPITALIZACIÓN QUIRÚRGICA OBSTETRICIA   ";"34";"38";"59";"112";"7";"210";"0"
"2023";"11";"210801";"PUNO";"MELGAR";"AYAVIRI";"GOBIERNO REGIONAL";"II-1";"00003156";"SAN JUAN DE DIOS (AYAVIRI)";"241800";"HOSPITALIZACIÓN DE MEDICINA MEDICINA GENERAL ";"16";"16";"72";"92";"14";"420";"1"
"2023";"11";"210801";"PUNO";"MELGAR";"AYAVIRI";"GOBIERNO REGIONAL";"II-1";"00003156";"SAN JUAN DE DIOS (AYAVIRI)";"242500";"HOSPITALIZACIÓN-PEDIATRÍA GENERAL-";"17";"18";"70";"109";"7";"210";"0"
"2023";"11";"210801";"PUNO";"MELGAR";"AYAVIRI";"GOBIERNO REGIONAL";"II-1";"00003156";"SAN JUAN DE DIOS (AYAVIRI)";"243200";"HOSPITALIZACIÓN DE PEDIATRÍA PEDIATRIA NEONATOLOGÍA";"27";"32";"107";"90";"3";"117";"0"
"2023";"11";"060605";"CAJAMARCA";"CUTERVO";"LA RAMADA";"GOBIERNO REGIONAL";"I-1";"00006947";"LAGUNA";"NE_0001";"";"NE_0001";"NE_0001";"NE_0001";"NE_0001";"NE_0001";"NE_0001";"NE_0001"
"2023";"11";"060609";"CAJAMARCA";"CUTERVO";"SAN JUAN DE CUTERVO";"GOBIERNO REGIONAL";"I-1";"00007103";"SANTA ROSA DE SAN JUAN";"NE_0001";"";"NE_0001";"NE_0001";"NE_0001";"NE_0001";"NE_0001";"NE_0001";"NE_0001"
"2023";"11";"060605";"CAJAMARCA";"CUTERVO";"LA RAMADA";"GOBIERNO REGIONAL";"I-3";"00005027";"LA RAMADA";"NE_0001";"";"NE_0001";"NE_0001";"NE_0001";"NE_0001";"NE_0001";"NE_0001";"NE_0001"
"2023";"11";"060605";"CAJAMARCA";"CUTERVO";"LA RAMADA";"GOBIERNO REGIONAL";"I-1";"00005028";"LLUSHCAPAMPA";"NE_0001";"";"NE_0001";"NE_0001";"NE_0001";"NE_0001";"NE_0001";"NE_0001";"NE_0001"
"2023";"11";"060609";"CAJAMARCA";"CUTERVO";"SAN JUAN DE CUTERVO";"GOBIERNO REGIONAL";"I-1";"00005030";"MUSUNGATE";"NE_0001";"";"NE_0001";"NE_0001";"NE_0001";"NE_0001";"NE_0001";"NE_0001";"NE_0001"
"2023";"11";"060605";"CAJAMARCA";"CUTERVO";"LA RAMADA";"GOBIERNO REGIONAL";"I-1";"00007179";"CHACRERIAS";"NE_0001";"";"NE_0001";"NE_0001";"NE_0001";"NE_0001";"NE_0001";"NE_0001";"NE_0001"
"2023";"11";"060605";"CAJAMARCA";"CUTERVO";"LA RAMADA";"GOBIERNO REGIONAL";"I-1";"00006949";"LOS PUENTES";"NE_0001";"";"NE_0001";"NE_0001";"NE_0001";"NE_0001";"NE_0001";"NE_0001";"NE_0001"
"2023";"11";"060604";"CAJAMARCA";"CUTERVO";"CUJILLO";"GOBIERNO REGIONAL";"I-1";"00005026";"EL PAGO";"NE_0001";"";"NE_0001";"NE_0001";"NE_0001";"NE_0001";"NE_0001";"NE_0001";"NE_0001"
"2023";"11";"060609";"CAJAMARCA";"CUTERVO";"SAN JUAN DE CUTERVO";"GOBIERNO REGIONAL";"I-3";"00005029";"SAN JUAN DE CUTERVO";"NE_0001";"";"NE_0001";"NE_0001";"NE_0001";"NE_0001";"NE_0001";"NE_0001";"NE_0001"
"2023";"11";"060605";"CAJAMARCA";"CUTERVO";"LA RAMADA";"GOBIERNO REGIONAL";"I-1";"00007049";"SURO CHICO";"NE_0001";"";"NE_0001";"NE_0001";"NE_0001";"NE_0001";"NE_0001";"NE_0001";"NE_0001"
"2023";"11";"060605";"CAJAMARCA";"CUTERVO";"LA RAMADA";"GOBIERNO REGIONAL";"I-1";"00007180";"TAMBILLO DE LA RAMADA";"NE_0001";"";"NE_0001";"NE_0001";"NE_0001";"NE_0001";"NE_0001";"NE_0001";"NE_0001"
"2023";"11";"060609";"CAJAMARCA";"CUTERVO";"SAN JUAN DE CUTERVO";"GOBIERNO REGIONAL";"I-1";"00005031";"SANTA CRUZ DE LA SUCCHA";"NE_0001";"";"NE_0001";"NE_0001";"NE_0001";"NE_0001";"NE_0001";"NE_0001";"NE_0001"
"2023";"11";"060614";"CAJAMARCA";"CUTERVO";"SOCOTA";"GOBIERNO REGIONAL";"I-1";"00005033";"EL PORVENIR";"NE_0001";"";"NE_0001";"NE_0001";"NE_0001";"NE_0001";"NE_0001";"NE_0001";"NE_0001"
"2023";"11";"060614";"CAJAMARCA";"CUTERVO";"SOCOTA";"GOBIERNO REGIONAL";"I-1";"00006939";"QUIJOS";"NE_0001";"";"NE_0001";"NE_0001";"NE_0001";"NE_0001";"NE_0001";"NE_0001";"NE_0001"
"2023";"11";"060614";"CAJAMARCA";"CUTERVO";"SOCOTA";"GOBIERNO REGIONAL";"I-1";"00007751";"CHANGAY";"NE_0001";"";"NE_0001";"NE_0001";"NE_0001";"NE_0001";"NE_0001";"NE_0001";"NE_0001"
"2023";"11";"060605";"CAJAMARCA";"CUTERVO";"LA RAMADA";"GOBIERNO REGIONAL";"I-1";"00008923";"CARHUALLO";"NE_0001";"";"NE_0001";"NE_0001";"NE_0001";"NE_0001";"NE_0001";"NE_0001";"NE_0001"
"2023";"11";"120301";"JUNIN";"CHANCHAMAYO";"CHANCHAMAYO";"GOBIERNO REGIONAL";"II-2";"00000308";"HOSPITAL REGIONAL DOCENTE DE MEDICINA TROPICAL DR. JULIO CESAR DEMARINI CARO";"241800";"HOSPITALIZACIÓN DE MEDICINA MEDICINA GENERAL ";"71";"71";"483";"442";"22";"660";"4"
"2023";"11";"120301";"JUNIN";"CHANCHAMAYO";"CHANCHAMAYO";"GOBIERNO REGIONAL";"II-2";"00000308";"HOSPITAL REGIONAL DOCENTE DE MEDICINA TROPICAL DR. JULIO CESAR DEMARINI CARO";"242500";"HOSPITALIZACIÓN-PEDIATRÍA GENERAL-";"46";"55";"237";"181";"16";"480";"1"
"2023";"11";"120301";"JUNIN";"CHANCHAMAYO";"CHANCHAMAYO";"GOBIERNO REGIONAL";"II-2";"00000308";"HOSPITAL REGIONAL DOCENTE DE MEDICINA TROPICAL DR. JULIO CESAR DEMARINI CARO";"240100";"HOSPITALIZACIÓN QUIRÚRGICA CIRUGÍA GENERAL ";"106";"109";"389";"356";"25";"750";"0"
"2023";"11";"120301";"JUNIN";"CHANCHAMAYO";"CHANCHAMAYO";"GOBIERNO REGIONAL";"II-2";"00000308";"HOSPITAL REGIONAL DOCENTE DE MEDICINA TROPICAL DR. JULIO CESAR DEMARINI CARO";"241200";"HOSPITALIZACIÓN QUIRÚRGICA TRAUMATOLOGÍA Y ORTOPEDIA ";"37";"37";"159";"143";"8";"240";"0"
"2023";"11";"120301";"JUNIN";"CHANCHAMAYO";"CHANCHAMAYO";"GOBIERNO REGIONAL";"II-2";"00000308";"HOSPITAL REGIONAL DOCENTE DE MEDICINA TROPICAL DR. JULIO CESAR DEMARINI CARO";"241500";"HOSPITALIZACIÓN QUIRÚRGICA GINECOLOGÍA  ";"19";"15";"57";"66";"3";"90";"0"
"2023";"11";"120301";"JUNIN";"CHANCHAMAYO";"CHANCHAMAYO";"GOBIERNO REGIONAL";"II-2";"00000308";"HOSPITAL REGIONAL DOCENTE DE MEDICINA TROPICAL DR. JULIO CESAR DEMARINI CARO";"241600";"HOSPITALIZACIÓN QUIRÚRGICA OBSTETRICIA   ";"81";"84";"245";"241";"13";"390";"0"
"2023";"11";"120301";"JUNIN";"CHANCHAMAYO";"CHANCHAMAYO";"GOBIERNO REGIONAL";"II-2";"00000308";"HOSPITAL REGIONAL DOCENTE DE MEDICINA TROPICAL DR. JULIO CESAR DEMARINI CARO";"241400";"HOSPITALIZACIÓN QUIRÚRGICA GINECO - OBSTETRICIA ";"51";"50";"101";"106";"7";"210";"0"
"2023";"11";"120301";"JUNIN";"CHANCHAMAYO";"CHANCHAMAYO";"GOBIERNO REGIONAL";"II-2";"00000308";"HOSPITAL REGIONAL DOCENTE DE MEDICINA TROPICAL DR. JULIO CESAR DEMARINI CARO";"242200";"HOSPITALIZACIÓN DE MEDICINA PSIQUIATRÍA ";"6";"2";"39";"206";"8";"240";"0"
"2023";"11";"120301";"JUNIN";"CHANCHAMAYO";"CHANCHAMAYO";"GOBIERNO REGIONAL";"II-2";"00000308";"HOSPITAL REGIONAL DOCENTE DE MEDICINA TROPICAL DR. JULIO CESAR DEMARINI CARO";"250103";"UNIDAD DE CUIDADOS CRITICOS UNIDAD  DE CUIDADOS INTENSIVOS GENERALES  (UCI) MEDICINA";"17";"4";"18";"82";"6";"180";"4"
"2023";"11";"150130";"LIMA";"LIMA";"SAN BORJA";"PRIVADO";"II-E";"00018626";"OFTALMICA S.A";"NE_0001";"";"NE_0001";"NE_0001";"NE_0001";"NE_0001";"NE_0001";"NE_0001";"NE_0001"
"2023";"11";"140201";"LAMBAYEQUE";"FERREÑAFE";"FERREÑAFE";"GOBIERNO REGIONAL";"II-1";"00004440";"HOSPITAL PROVINCIA DE FERREÑAFE (HP_F)";"241600";"HOSPITALIZACIÓN QUIRÚRGICA OBSTETRICIA   ";"63";"62";"76";"130";"11";"330";"0"
"2023";"11";"140201";"LAMBAYEQUE";"FERREÑAFE";"FERREÑAFE";"GOBIERNO REGIONAL";"II-1";"00004440";"HOSPITAL PROVINCIA DE FERREÑAFE (HP_F)";"240000";"HOSPITALIZACIÓN";"81";"77";"213";"221";"17";"510";"0"
"2023";"11";"190109";"PASCO";"PASCO";"SIMON BOLIVAR";"ESSALUD";"II-2";"00009747";"HOSPITAL II PASCO";"241800";"HOSPITALIZACIÓN DE MEDICINA MEDICINA GENERAL ";"41";"41";"285";"230";"12";"360";"1"
"2023";"11";"190109";"PASCO";"PASCO";"SIMON BOLIVAR";"ESSALUD";"II-2";"00009747";"HOSPITAL II PASCO";"250100";"UNIDAD DE CUIDADOS CRITICOS UNIDAD  DE CUIDADOS INTENSIVOS GENERALES (UCI) ";"1";"1";"17";"45";"3";"120";"1"
"2023";"11";"190109";"PASCO";"PASCO";"SIMON BOLIVAR";"ESSALUD";"II-2";"00009747";"HOSPITAL II PASCO";"240100";"HOSPITALIZACIÓN QUIRÚRGICA CIRUGÍA GENERAL ";"83";"83";"407";"405";"14";"420";"0"
"2023";"11";"190109";"PASCO";"PASCO";"SIMON BOLIVAR";"ESSALUD";"II-2";"00009747";"HOSPITAL II PASCO";"241400";"HOSPITALIZACIÓN QUIRÚRGICA GINECO - OBSTETRICIA ";"82";"82";"152";"165";"8";"240";"0"
"2023";"11";"190109";"PASCO";"PASCO";"SIMON BOLIVAR";"ESSALUD";"II-2";"00009747";"HOSPITAL II PASCO";"242300";"HOSPITALIZACIÓN DE PEDIATRÍA  PEDIATRÍA  GENERAL ";"43";"43";"119";"127";"8";"240";"0"
"2023";"11";"190109";"PASCO";"PASCO";"SIMON BOLIVAR";"ESSALUD";"II-2";"00009747";"HOSPITAL II PASCO";"243200";"HOSPITALIZACIÓN DE PEDIATRÍA PEDIATRIA NEONATOLOGÍA";"56";"56";"146";"144";"12";"360";"0"
"2023";"11";"040126";"AREQUIPA";"AREQUIPA";"YANAHUARA";"ESSALUD";"II-1";"00013291";"HOSPITAL III YANAHUARA";"241900";"HOSPITALIZACIÓN DE MEDICINA MEDICINA INTERNA ";"105";"99";"1188";"970";"32";"960";"9"
"2023";"11";"040126";"AREQUIPA";"AREQUIPA";"YANAHUARA";"ESSALUD";"II-1";"00013291";"HOSPITAL III YANAHUARA";"240100";"HOSPITALIZACIÓN QUIRÚRGICA CIRUGÍA GENERAL ";"320";"314";"955";"1200";"40";"1200";"0"
"2023";"11";"040126";"AREQUIPA";"AREQUIPA";"YANAHUARA";"ESSALUD";"II-1";"00013291";"HOSPITAL III YANAHUARA";"241600";"HOSPITALIZACIÓN QUIRÚRGICA OBSTETRICIA   ";"239";"239";"597";"536";"22";"660";"0"
"2023";"11";"040126";"AREQUIPA";"AREQUIPA";"YANAHUARA";"ESSALUD";"II-1";"00013291";"HOSPITAL III YANAHUARA";"241400";"HOSPITALIZACIÓN QUIRÚRGICA GINECO - OBSTETRICIA ";"163";"157";"450";"159";"9";"270";"0"
"2023";"11";"040126";"AREQUIPA";"AREQUIPA";"YANAHUARA";"ESSALUD";"II-1";"00013291";"HOSPITAL III YANAHUARA";"242300";"HOSPITALIZACIÓN DE PEDIATRÍA  PEDIATRÍA  GENERAL ";"50";"47";"379";"198";"10";"300";"0"
"2023";"11";"040126";"AREQUIPA";"AREQUIPA";"YANAHUARA";"ESSALUD";"II-1";"00013291";"HOSPITAL III YANAHUARA";"243200";"HOSPITALIZACIÓN DE PEDIATRÍA PEDIATRIA NEONATOLOGÍA";"160";"165";"648";"554";"20";"600";"0"
"2023";"11";"040126";"AREQUIPA";"AREQUIPA";"YANAHUARA";"ESSALUD";"II-1";"00013291";"HOSPITAL III YANAHUARA";"250100";"UNIDAD DE CUIDADOS CRITICOS UNIDAD  DE CUIDADOS INTENSIVOS GENERALES (UCI) ";"26";"5";"56";"238";"12";"360";"1"
"2023";"11";"240105";"TUMBES";"TUMBES";"SAN JACINTO";"GOBIERNO REGIONAL";"I-2";"00001873";"CASA BLANQUEADA";"NE_0001";"";"NE_0001";"NE_0001";"NE_0001";"NE_0001";"NE_0001";"NE_0001";"NE_0001"
"2023";"11";"240105";"TUMBES";"TUMBES";"SAN JACINTO";"GOBIERNO REGIONAL";"I-1";"00001871";"RICA PLAYA";"NE_0001";"";"NE_0001";"NE_0001";"NE_0001";"NE_0001";"NE_0001";"NE_0001";"NE_0001"
"2023";"11";"240105";"TUMBES";"TUMBES";"SAN JACINTO";"GOBIERNO REGIONAL";"I-2";"00001872";"VAQUERIA";"NE_0001";"";"NE_0001";"NE_0001";"NE_0001";"NE_0001";"NE_0001";"NE_0001";"NE_0001"
"2023";"11";"240102";"TUMBES";"TUMBES";"CORRALES";"GOBIERNO REGIONAL";"I-4";"00001866";"CLAS CORRALES";"241800";"HOSPITALIZACIÓN DE MEDICINA MEDICINA GENERAL ";"2";"2";"5";"4";"1";"30";"0"
"2023";"11";"240102";"TUMBES";"TUMBES";"CORRALES";"GOBIERNO REGIONAL";"I-4";"00001866";"CLAS CORRALES";"241600";"HOSPITALIZACIÓN QUIRÚRGICA OBSTETRICIA   ";"3";"3";"3";"3";"1";"30";"0"
"2023";"11";"240105";"TUMBES";"TUMBES";"SAN JACINTO";"GOBIERNO REGIONAL";"I-1";"00001874";"OIDOR.";"NE_0001";"";"NE_0001";"NE_0001";"NE_0001";"NE_0001";"NE_0001";"NE_0001";"NE_0001"
"2023";"11";"240103";"TUMBES";"TUMBES";"LA CRUZ";"GOBIERNO REGIONAL";"I-3";"00001869";"CLAS LA CRUZ";"NE_0001";"";"NE_0001";"NE_0001";"NE_0001";"NE_0001";"NE_0001";"NE_0001";"NE_0001"
"2023";"11";"240105";"TUMBES";"TUMBES";"SAN JACINTO";"GOBIERNO REGIONAL";"I-3";"00001870";"SAN JACINTO";"NE_0001";"";"NE_0001";"NE_0001";"NE_0001";"NE_0001";"NE_0001";"NE_0001";"NE_0001"
"2023";"11";"110201";"ICA";"CHINCHA";"CHINCHA ALTA";"PRIVADO";"II-1";"00010559";"CLINICA DANIEL A. CARRION S.A.C.";"240100";"HOSPITALIZACIÓN QUIRÚRGICA CIRUGÍA GENERAL ";"27";"25";"155";"157";"4";"120";"0"
"2023";"11";"110201";"ICA";"CHINCHA";"CHINCHA ALTA";"PRIVADO";"II-1";"00010559";"CLINICA DANIEL A. CARRION S.A.C.";"241400";"HOSPITALIZACIÓN QUIRÚRGICA GINECO - OBSTETRICIA ";"13";"13";"17";"17";"4";"120";"0"
"2023";"11";"110201";"ICA";"CHINCHA";"CHINCHA ALTA";"PRIVADO";"II-1";"00010559";"CLINICA DANIEL A. CARRION S.A.C.";"241800";"HOSPITALIZACIÓN DE MEDICINA MEDICINA GENERAL ";"2";"2";"5";"5";"1";"30";"0"
"2023";"11";"110201";"ICA";"CHINCHA";"CHINCHA ALTA";"PRIVADO";"II-1";"00010559";"CLINICA DANIEL A. CARRION S.A.C.";"242300";"HOSPITALIZACIÓN DE PEDIATRÍA  PEDIATRÍA  GENERAL ";"3";"3";"7";"7";"1";"30";"0"
"2023";"11";"020601";"ANCASH";"CARHUAZ";"CARHUAZ";"GOBIERNO REGIONAL";"II-1";"00001516";"HOSPITAL DE APOYO CARHUAZ";"241800";"HOSPITALIZACIÓN DE MEDICINA MEDICINA GENERAL ";"14";"14";"64";"64";"6";"180";"0"
"2023";"11";"020601";"ANCASH";"CARHUAZ";"CARHUAZ";"GOBIERNO REGIONAL";"II-1";"00001516";"HOSPITAL DE APOYO CARHUAZ";"240100";"HOSPITALIZACIÓN QUIRÚRGICA CIRUGÍA GENERAL ";"3";"4";"26";"12";"3";"90";"0"
"2023";"11";"020601";"ANCASH";"CARHUAZ";"CARHUAZ";"GOBIERNO REGIONAL";"II-1";"00001516";"HOSPITAL DE APOYO CARHUAZ";"242500";"HOSPITALIZACIÓN-PEDIATRÍA GENERAL-";"1";"1";"1";"1";"5";"150";"0"
"2023";"11";"020601";"ANCASH";"CARHUAZ";"CARHUAZ";"GOBIERNO REGIONAL";"II-1";"00001516";"HOSPITAL DE APOYO CARHUAZ";"241600";"HOSPITALIZACIÓN QUIRÚRGICA OBSTETRICIA   ";"38";"38";"58";"59";"3";"90";"0"
"2023";"11";"020601";"ANCASH";"CARHUAZ";"CARHUAZ";"GOBIERNO REGIONAL";"II-1";"00001516";"HOSPITAL DE APOYO CARHUAZ";"241500";"HOSPITALIZACIÓN QUIRÚRGICA GINECOLOGÍA  ";"23";"21";"36";"37";"3";"90";"0"
"2023";"10";"240101";"TUMBES";"TUMBES";"TUMBES";"PRIVADO";"II-E";"00007874";"CLINICA FEIJOO EIRL";"241400";"HOSPITALIZACIÓN QUIRÚRGICA GINECO - OBSTETRICIA ";"1";"1";"2";"1";"3";"93";"0"
"2023";"10";"240101";"TUMBES";"TUMBES";"TUMBES";"PRIVADO";"II-E";"00007874";"CLINICA FEIJOO EIRL";"240100";"HOSPITALIZACIÓN QUIRÚRGICA CIRUGÍA GENERAL ";"7";"7";"7";"7";"3";"93";"0"
"2023";"08";"060109";"CAJAMARCA";"CAJAMARCA";"MAGDALENA";"GOBIERNO REGIONAL";"I-1";"00016886";"SAN CRISTOBAL";"NE_0001";"";"NE_0001";"NE_0001";"NE_0001";"NE_0001";"NE_0001";"NE_0001";"NE_0001"
"2023";"08";"060101";"CAJAMARCA";"CAJAMARCA";"CAJAMARCA";"GOBIERNO REGIONAL";"I-2";"00015496";"CHONTAPACCHA";"NE_0002";"";"NE_0002";"NE_0002";"NE_0002";"NE_0002";"NE_0002";"NE_0002";"NE_0002"
"2023";"08";"060101";"CAJAMARCA";"CAJAMARCA";"CAJAMARCA";"GOBIERNO REGIONAL";"I-3";"00004657";"PACHACUTEC";"NE_0001";"";"NE_0001";"NE_0001";"NE_0001";"NE_0001";"NE_0001";"NE_0001";"NE_0001"
"2023";"08";"060101";"CAJAMARCA";"CAJAMARCA";"CAJAMARCA";"GOBIERNO REGIONAL";"I-1";"00004656";"ATAHUALPA";"NE_0001";"";"NE_0001";"NE_0001";"NE_0001";"NE_0001";"NE_0001";"NE_0001";"NE_0001"
"2023";"08";"060101";"CAJAMARCA";"CAJAMARCA";"CAJAMARCA";"GOBIERNO REGIONAL";"I-1";"00004654";"SAMANACRUZ";"NE_0001";"";"NE_0001";"NE_0001";"NE_0001";"NE_0001";"NE_0001";"NE_0001";"NE_0001"
"2023";"08";"060103";"CAJAMARCA";"CAJAMARCA";"CHETILLA";"GOBIERNO REGIONAL";"I-2";"00004653";"CHETILLA";"NE_0001";"";"NE_0001";"NE_0001";"NE_0001";"NE_0001";"NE_0001";"NE_0001";"NE_0001"
"2023";"08";"060101";"CAJAMARCA";"CAJAMARCA";"CAJAMARCA";"GOBIERNO REGIONAL";"I-1";"00004652";"LUCMACUCHO";"NE_0001";"";"NE_0001";"NE_0001";"NE_0001";"NE_0001";"NE_0001";"NE_0001";"NE_0001"
"2023";"08";"060101";"CAJAMARCA";"CAJAMARCA";"CAJAMARCA";"GOBIERNO REGIONAL";"I-1";"00004651";"CHAMIS";"NE_0002";"";"NE_0002";"NE_0002";"NE_0002";"NE_0002";"NE_0002";"NE_0002";"NE_0002"
"2023";"08";"060109";"CAJAMARCA";"CAJAMARCA";"MAGDALENA";"GOBIERNO REGIONAL";"I-1";"00004631";"CUMBICO";"NE_0002";"";"NE_0002";"NE_0002";"NE_0002";"NE_0002";"NE_0002";"NE_0002";"NE_0002"
"2023";"10";"220501";"SAN MARTIN";"LAMAS";"LAMAS";"GOBIERNO REGIONAL";"II-E";"00006352";"HOSPITAL II-E LAMAS";"241400";"HOSPITALIZACIÓN QUIRÚRGICA GINECO - OBSTETRICIA ";"18";"19";"43";"43";"12";"372";"0"
"2023";"10";"220501";"SAN MARTIN";"LAMAS";"LAMAS";"GOBIERNO REGIONAL";"II-E";"00006352";"HOSPITAL II-E LAMAS";"241800";"HOSPITALIZACIÓN DE MEDICINA MEDICINA GENERAL ";"47";"55";"212";"212";"8";"248";"0"
"2023";"10";"040104";"AREQUIPA";"AREQUIPA";"CERRO COLORADO";"SANIDAD DE LA FUERZA AEREA DEL PERU";"II-E";"00011448";"HOSPITAL REGIONAL DEL SUR";"240000";"HOSPITALIZACIÓN";"18";"18";"141";"139";"20";"479";"0"
"2023";"10";"120302";"JUNIN";"CHANCHAMAYO";"PERENE";"GOBIERNO REGIONAL";"I-2";"00000321";"ALTO YURINAKI";"NE_0001";"";"NE_0001";"NE_0001";"NE_0001";"NE_0001";"NE_0001";"NE_0001";"NE_0001"
"2023";"10";"120302";"JUNIN";"CHANCHAMAYO";"PERENE";"GOBIERNO REGIONAL";"I-1";"00000328";"CHURINGAVENI";"NE_0001";"";"NE_0001";"NE_0001";"NE_0001";"NE_0001";"NE_0001";"NE_0001";"NE_0001"
"2023";"10";"120302";"JUNIN";"CHANCHAMAYO";"PERENE";"GOBIERNO REGIONAL";"I-3";"00000330";"SAN FERNANDO DE KIVINAKI";"NE_0001";"";"NE_0001";"NE_0001";"NE_0001";"NE_0001";"NE_0001";"NE_0001";"NE_0001"
"2023";"10";"120302";"JUNIN";"CHANCHAMAYO";"PERENE";"GOBIERNO REGIONAL";"I-1";"00006737";"JOSE OLAYA";"NE_0001";"";"NE_0001";"NE_0001";"NE_0001";"NE_0001";"NE_0001";"NE_0001";"NE_0001"
"2023";"10";"120302";"JUNIN";"CHANCHAMAYO";"PERENE";"GOBIERNO REGIONAL";"I-1";"00007362";"UNION PUCUSANI";"NE_0001";"";"NE_0001";"NE_0001";"NE_0001";"NE_0001";"NE_0001";"NE_0001";"NE_0001"
"2023";"10";"120302";"JUNIN";"CHANCHAMAYO";"PERENE";"GOBIERNO REGIONAL";"I-1";"00014384";"JOSE GALVEZ";"NE_0001";"";"NE_0001";"NE_0001";"NE_0001";"NE_0001";"NE_0001";"NE_0001";"NE_0001"
"2023";"10";"120301";"JUNIN";"CHANCHAMAYO";"CHANCHAMAYO";"GOBIERNO REGIONAL";"I-1";"00000310";"VILLA DORADA";"NE_0001";"";"NE_0001";"NE_0001";"NE_0001";"NE_0001";"NE_0001";"NE_0001";"NE_0001"
"2023";"10";"120302";"JUNIN";"CHANCHAMAYO";"PERENE";"GOBIERNO REGIONAL";"I-1";"00000334";"SANTA ROSA DE CAMONASHARI";"NE_0001";"";"NE_0001";"NE_0001";"NE_0001";"NE_0001";"NE_0001";"NE_0001";"NE_0001"
"2023";"10";"220910";"SAN MARTIN";"SAN MARTIN";"MORALES";"ESSALUD";"I-2";"00027730";"CENTRO DE ATENCIÓN PRIMARIA MORALES - ESSALUD";"NE_0001";"";"NE_0001";"NE_0001";"NE_0001";"NE_0001";"NE_0001";"NE_0001";"NE_0001"
"2023";"10";"060101";"CAJAMARCA";"CAJAMARCA";"CAJAMARCA";"PRIVADO";"II-1";"00009591";"CLINICA LIMATAMBO CAJAMARCA S.A.C.";"240000";"HOSPITALIZACIÓN";"179";"176";"182";"417";"33";"744";"3"
"2023";"10";"120403";"JUNIN";"JAUJA";"APATA";"GOBIERNO REGIONAL";"I-3";"00000409";"APATA";"NE_0001";"";"NE_0001";"NE_0001";"NE_0001";"NE_0001";"NE_0001";"NE_0001";"NE_0001"
"2023";"10";"120403";"JUNIN";"JAUJA";"APATA";"GOBIERNO REGIONAL";"I-1";"00000413";"PAUCAR APATA";"NE_0001";"";"NE_0001";"NE_0001";"NE_0001";"NE_0001";"NE_0001";"NE_0001";"NE_0001"
"2023";"10";"060601";"CAJAMARCA";"CUTERVO";"CUTERVO";"GOBIERNO REGIONAL";"I-3";"00004987";"SUMIDERO";"NE_0001";"";"NE_0001";"NE_0001";"NE_0001";"NE_0001";"NE_0001";"NE_0001";"NE_0001"
"2023";"10";"060601";"CAJAMARCA";"CUTERVO";"CUTERVO";"GOBIERNO REGIONAL";"I-1";"00006852";"LLIPA";"NE_0001";"";"NE_0001";"NE_0001";"NE_0001";"NE_0001";"NE_0001";"NE_0001";"NE_0001"
"2023";"10";"060601";"CAJAMARCA";"CUTERVO";"CUTERVO";"GOBIERNO REGIONAL";"I-1";"00006854";"CARAMARCA CHICA";"NE_0001";"";"NE_0001";"NE_0001";"NE_0001";"NE_0001";"NE_0001";"NE_0001";"NE_0001"
"2023";"10";"060601";"CAJAMARCA";"CUTERVO";"CUTERVO";"GOBIERNO REGIONAL";"I-3";"00006857";"NUEVO ORIENTE";"NE_0001";"";"NE_0001";"NE_0001";"NE_0001";"NE_0001";"NE_0001";"NE_0001";"NE_0001"
"2023";"10";"060601";"CAJAMARCA";"CUTERVO";"CUTERVO";"GOBIERNO REGIONAL";"I-1";"00006936";"CORRALES";"NE_0001";"";"NE_0001";"NE_0001";"NE_0001";"NE_0001";"NE_0001";"NE_0001";"NE_0001"
"2023";"10";"220301";"SAN MARTIN";"EL DORADO";"SAN JOSE DE SISA";"GOBIERNO REGIONAL";"I-1";"00006490";"HUAJA";"NE_0001";"";"NE_0001";"NE_0001";"NE_0001";"NE_0001";"NE_0001";"NE_0001";"NE_0001"
"2023";"10";"220305";"SAN MARTIN";"EL DORADO";"SHATOJA";"GOBIERNO REGIONAL";"I-1";"00006491";"AMINIO";"NE_0001";"";"NE_0001";"NE_0001";"NE_0001";"NE_0001";"NE_0001";"NE_0001";"NE_0001"
"2023";"10";"220301";"SAN MARTIN";"EL DORADO";"SAN JOSE DE SISA";"GOBIERNO REGIONAL";"I-1";"00006487";"SANTA CRUZ";"NE_0001";"";"NE_0001";"NE_0001";"NE_0001";"NE_0001";"NE_0001";"NE_0001";"NE_0001"
"2023";"10";"220301";"SAN MARTIN";"EL DORADO";"SAN JOSE DE SISA";"GOBIERNO REGIONAL";"I-1";"00006489";"SAN JUAN DE MIRAFLORES";"NE_0001";"";"NE_0001";"NE_0001";"NE_0001";"NE_0001";"NE_0001";"NE_0001";"NE_0001"
"2023";"10";"220301";"SAN MARTIN";"EL DORADO";"SAN JOSE DE SISA";"GOBIERNO REGIONAL";"I-1";"00006486";"NAUTA";"NE_0001";"";"NE_0001";"NE_0001";"NE_0001";"NE_0001";"NE_0001";"NE_0001";"NE_0001"
"2023";"10";"220301";"SAN MARTIN";"EL DORADO";"SAN JOSE DE SISA";"GOBIERNO REGIONAL";"I-4";"00006485";"HOSPITAL RURAL SAN JOSE DE SISA";"241600";"HOSPITALIZACIÓN QUIRÚRGICA OBSTETRICIA   ";"20";"21";"27";"21";"9";"279";"0"
"2023";"10";"220301";"SAN MARTIN";"EL DORADO";"SAN JOSE DE SISA";"GOBIERNO REGIONAL";"I-4";"00006485";"HOSPITAL RURAL SAN JOSE DE SISA";"241800";"HOSPITALIZACIÓN DE MEDICINA MEDICINA GENERAL ";"15";"16";"48";"16";"6";"186";"0"
"2023";"10";"080205";"CUSCO";"ACOMAYO";"POMACANCHI";"GOBIERNO REGIONAL";"I-4";"00002321";"POMACANCHI";"NE_0002";"";"NE_0002";"NE_0002";"NE_0002";"NE_0002";"NE_0002";"NE_0002";"NE_0002"
"2023";"10";"080205";"CUSCO";"ACOMAYO";"POMACANCHI";"GOBIERNO REGIONAL";"I-1";"00012926";"SANTA LUCIA";"NE_0002";"";"NE_0002";"NE_0002";"NE_0002";"NE_0002";"NE_0002";"NE_0002";"NE_0002"
"2023";"10";"080207";"CUSCO";"ACOMAYO";"SANGARARA";"GOBIERNO REGIONAL";"I-1";"00002324";"PUESTO DE SALUD SANGARARA";"NE_0002";"";"NE_0002";"NE_0002";"NE_0002";"NE_0002";"NE_0002";"NE_0002";"NE_0002"
"2023";"10";"081008";"CUSCO";"PARURO";"PILLPINTO";"GOBIERNO REGIONAL";"I-1";"00002508";"PILLPINTO";"NE_0002";"";"NE_0002";"NE_0002";"NE_0002";"NE_0002";"NE_0002";"NE_0002";"NE_0002"
"2023";"10";"060605";"CAJAMARCA";"CUTERVO";"LA RAMADA";"GOBIERNO REGIONAL";"I-1";"00006947";"LAGUNA";"NE_0001";"";"NE_0001";"NE_0001";"NE_0001";"NE_0001";"NE_0001";"NE_0001";"NE_0001"
"2023";"10";"060605";"CAJAMARCA";"CUTERVO";"LA RAMADA";"GOBIERNO REGIONAL";"I-3";"00005027";"LA RAMADA";"NE_0001";"";"NE_0001";"NE_0001";"NE_0001";"NE_0001";"NE_0001";"NE_0001";"NE_0001"
"2023";"10";"060609";"CAJAMARCA";"CUTERVO";"SAN JUAN DE CUTERVO";"GOBIERNO REGIONAL";"I-1";"00005030";"MUSUNGATE";"NE_0001";"";"NE_0001";"NE_0001";"NE_0001";"NE_0001";"NE_0001";"NE_0001";"NE_0001"
"2023";"10";"060605";"CAJAMARCA";"CUTERVO";"LA RAMADA";"GOBIERNO REGIONAL";"I-1";"00007179";"CHACRERIAS";"NE_0001";"";"NE_0001";"NE_0001";"NE_0001";"NE_0001";"NE_0001";"NE_0001";"NE_0001"
"2023";"10";"150121";"LIMA";"LIMA";"PUEBLO LIBRE";"PRIVADO";"II-E";"00020230";"CLINICA DE OJOS GLOBAL LASER";"NE_0001";"";"NE_0001";"NE_0001";"NE_0001";"NE_0001";"NE_0001";"NE_0001";"NE_0001"
"2023";"10";"220402";"SAN MARTIN";"HUALLAGA";"ALTO SAPOSOA";"GOBIERNO REGIONAL";"I-2";"00006539";"PASARRAYA";"NE_0001";"";"NE_0001";"NE_0001";"NE_0001";"NE_0001";"NE_0001";"NE_0001";"NE_0001"
"2023";"10";"220401";"SAN MARTIN";"HUALLAGA";"SAPOSOA";"GOBIERNO REGIONAL";"I-1";"00026163";"AGUA AZUL";"NE_0001";"";"NE_0001";"NE_0001";"NE_0001";"NE_0001";"NE_0001";"NE_0001";"NE_0001"
"2023";"10";"110507";"ICA";"PISCO";"SAN CLEMENTE";"ESSALUD";"I-3";"00027769";"CAP I SAN CLEMENTE";"NE_0001";"";"NE_0001";"NE_0001";"NE_0001";"NE_0001";"NE_0001";"NE_0001";"NE_0001"
"2023";"10";"190104";"PASCO";"PASCO";"HUAYLLAY";"ESSALUD";"I-3";"00009751";"CENTRO MEDICO  HUAYLLAY";"NE_0001";"";"NE_0001";"NE_0001";"NE_0001";"NE_0001";"NE_0001";"NE_0001";"NE_0001"
"2023";"10";"080604";"CUSCO";"CANCHIS";"MARANGANI";"GOBIERNO REGIONAL";"I-1";"00002389";"CHECTUYOC";"NE_0001";"";"NE_0001";"NE_0001";"NE_0001";"NE_0001";"NE_0001";"NE_0001";"NE_0001"
"2023";"10";"050110";"AYACUCHO";"HUAMANGA";"SAN JUAN BAUTISTA";"ESSALUD";"II-1";"00011775";"HOSPITAL II HUAMANGA";"240100";"HOSPITALIZACIÓN QUIRÚRGICA CIRUGÍA GENERAL ";"96";"95";"372";"334";"13";"403";"0"
"2023";"10";"050110";"AYACUCHO";"HUAMANGA";"SAN JUAN BAUTISTA";"ESSALUD";"II-1";"00011775";"HOSPITAL II HUAMANGA";"241200";"HOSPITALIZACIÓN QUIRÚRGICA TRAUMATOLOGÍA Y ORTOPEDIA ";"16";"15";"88";"74";"3";"93";"0"
"2023";"10";"050110";"AYACUCHO";"HUAMANGA";"SAN JUAN BAUTISTA";"ESSALUD";"II-1";"00011775";"HOSPITAL II HUAMANGA";"241500";"HOSPITALIZACIÓN QUIRÚRGICA GINECOLOGÍA  ";"15";"16";"70";"61";"3";"93";"0"
"2023";"10";"050110";"AYACUCHO";"HUAMANGA";"SAN JUAN BAUTISTA";"ESSALUD";"II-1";"00011775";"HOSPITAL II HUAMANGA";"241400";"HOSPITALIZACIÓN QUIRÚRGICA GINECO - OBSTETRICIA ";"121";"120";"250";"230";"12";"372";"0"
"2023";"10";"150136";"LIMA";"LIMA";"SAN MIGUEL";"PRIVADO";"II-2";"00014501";"CLINICA SAN GABRIEL S.A.C.";"250105";"UNIDAD DE CUIDADOS CRITICOS UNIDAD  DE CUIDADOS INTENSIVOS  (UCI) NEONATOLOGÍA";"5";"5";"21";"26";"6";"186";"0"
"2023";"10";"150136";"LIMA";"LIMA";"SAN MIGUEL";"PRIVADO";"II-2";"00014501";"CLINICA SAN GABRIEL S.A.C.";"250100";"UNIDAD DE CUIDADOS CRITICOS UNIDAD  DE CUIDADOS INTENSIVOS GENERALES (UCI) ";"59";"62";"162";"216";"12";"372";"4"
"2023";"10";"150136";"LIMA";"LIMA";"SAN MIGUEL";"PRIVADO";"II-2";"00014501";"CLINICA SAN GABRIEL S.A.C.";"240000";"HOSPITALIZACIÓN";"781";"768";"2388";"2610";"87";"2697";"1"
"2023";"10";"150142";"LIMA";"LIMA";"VILLA EL SALVADOR";"MINSA";"II-2";"00023159";"HOSPITAL DE EMERGENCIAS VILLA EL SALVADOR";"241800";"HOSPITALIZACIÓN DE MEDICINA MEDICINA GENERAL ";"170";"152";"1723";"1603";"52";"1612";"13"
"2023";"10";"150142";"LIMA";"LIMA";"VILLA EL SALVADOR";"MINSA";"II-2";"00023159";"HOSPITAL DE EMERGENCIAS VILLA EL SALVADOR";"241700";"HOSPITALIZACIÓN QUIRÚRGICA GINECOLOGÍA   GINECOLOGIA ONCOLOGiCA";"19";"15";"51";"45";"3";"93";"0"
"2023";"10";"150142";"LIMA";"LIMA";"VILLA EL SALVADOR";"MINSA";"II-2";"00023159";"HOSPITAL DE EMERGENCIAS VILLA EL SALVADOR";"241600";"HOSPITALIZACIÓN QUIRÚRGICA OBSTETRICIA   ";"482";"379";"715";"1060";"42";"1302";"0"
"2023";"10";"150142";"LIMA";"LIMA";"VILLA EL SALVADOR";"MINSA";"II-2";"00023159";"HOSPITAL DE EMERGENCIAS VILLA EL SALVADOR";"242500";"HOSPITALIZACIÓN-PEDIATRÍA GENERAL-";"186";"168";"868";"963";"32";"1007";"0"
"2023";"10";"150142";"LIMA";"LIMA";"VILLA EL SALVADOR";"MINSA";"II-2";"00023159";"HOSPITAL DE EMERGENCIAS VILLA EL SALVADOR";"240100";"HOSPITALIZACIÓN QUIRÚRGICA CIRUGÍA GENERAL ";"289";"241";"1830";"1768";"58";"1798";"2"
"2023";"10";"150142";"LIMA";"LIMA";"VILLA EL SALVADOR";"MINSA";"II-2";"00023159";"HOSPITAL DE EMERGENCIAS VILLA EL SALVADOR";"241500";"HOSPITALIZACIÓN QUIRÚRGICA GINECOLOGÍA  ";"117";"80";"232";"224";"9";"279";"0"
"2023";"10";"150142";"LIMA";"LIMA";"VILLA EL SALVADOR";"MINSA";"II-2";"00023159";"HOSPITAL DE EMERGENCIAS VILLA EL SALVADOR";"241000";"HOSPITALIZACIÓN QUIRÚRGICA ONCOLOGÍA QUIRÚRGICA  ";"12";"3";"16";"60";"3";"93";"0"
"2023";"10";"150142";"LIMA";"LIMA";"VILLA EL SALVADOR";"MINSA";"II-2";"00023159";"HOSPITAL DE EMERGENCIAS VILLA EL SALVADOR";"250100";"UNIDAD DE CUIDADOS CRITICOS UNIDAD  DE CUIDADOS INTENSIVOS GENERALES (UCI) ";"67";"16";"532";"519";"18";"558";"13"
"2023";"10";"150142";"LIMA";"LIMA";"VILLA EL SALVADOR";"MINSA";"II-2";"00023159";"HOSPITAL DE EMERGENCIAS VILLA EL SALVADOR";"250200";"UNIDAD DE CUIDADOS CRITICOS UNIDAD DE CUIDADOS INTERMEDIOS GENERAL  (UCIN) ";"61";"2";"241";"217";"8";"248";"2"
"2023";"10";"150142";"LIMA";"LIMA";"VILLA EL SALVADOR";"MINSA";"II-2";"00023159";"HOSPITAL DE EMERGENCIAS VILLA EL SALVADOR";"250108";"UNIDAD DE CUIDADOS CRITICOS UNIDAD  DE CUIDADOS INTENSIVOS  (UCI) PEDIÁTRICA";"13";"3";"162";"130";"6";"186";"1"
"2023";"10";"150142";"LIMA";"LIMA";"VILLA EL SALVADOR";"MINSA";"II-2";"00023159";"HOSPITAL DE EMERGENCIAS VILLA EL SALVADOR";"250202";"UNIDAD DE CUIDADOS CRITICOS UNIDAD DE CUIDADOS INTERMEDIOS  (UCIN) PEDIÁTRICOS";"18";"4";"253";"111";"5";"155";"1"
"2023";"10";"150142";"LIMA";"LIMA";"VILLA EL SALVADOR";"MINSA";"II-2";"00023159";"HOSPITAL DE EMERGENCIAS VILLA EL SALVADOR";"250105";"UNIDAD DE CUIDADOS CRITICOS UNIDAD  DE CUIDADOS INTENSIVOS  (UCI) NEONATOLOGÍA";"22";"6";"253";"176";"8";"248";"2"
"2023";"10";"150142";"LIMA";"LIMA";"VILLA EL SALVADOR";"MINSA";"II-2";"00023159";"HOSPITAL DE EMERGENCIAS VILLA EL SALVADOR";"250201";"UNIDAD DE CUIDADOS CRITICOS UNIDAD DE CUIDADOS INTERMEDIOS  (UCIN) NEONATAL";"93";"63";"319";"342";"16";"496";"0"
"2023";"10";"220401";"SAN MARTIN";"HUALLAGA";"SAPOSOA";"GOBIERNO REGIONAL";"I-1";"00006537";"CHAMBIRA";"NE_0001";"";"NE_0001";"NE_0001";"NE_0001";"NE_0001";"NE_0001";"NE_0001";"NE_0001"
"2023";"10";"050110";"AYACUCHO";"HUAMANGA";"SAN JUAN BAUTISTA";"ESSALUD";"II-1";"00011775";"HOSPITAL II HUAMANGA";"241800";"HOSPITALIZACIÓN DE MEDICINA MEDICINA GENERAL ";"80";"79";"408";"357";"16";"496";"0"
"2023";"11";"040201";"AREQUIPA";"CAMANA";"CAMANA";"SANIDAD DE LA POLICIA NACIONAL DEL PERU";"I-2";"00011661";"POSTA MEDICA POLICIAL CAMANA";"NE_0001";"";"NE_0001";"NE_0001";"NE_0001";"NE_0001";"NE_0001";"NE_0001";"NE_0001"
"2023";"11";"150112";"LIMA";"LIMA";"INDEPENDENCIA";"SANIDAD DE LA POLICIA NACIONAL DEL PERU";"I-2";"00012741";"POSTA MEDICA POLICIAL INDEPENDENCIA";"NE_0001";"";"NE_0001";"NE_0001";"NE_0001";"NE_0001";"NE_0001";"NE_0001";"NE_0001"
"2023";"10";"050110";"AYACUCHO";"HUAMANGA";"SAN JUAN BAUTISTA";"ESSALUD";"II-1";"00011775";"HOSPITAL II HUAMANGA";"250100";"UNIDAD DE CUIDADOS CRITICOS UNIDAD  DE CUIDADOS INTENSIVOS GENERALES (UCI) ";"2";"2";"107";"29";"6";"186";"1"
"2023";"10";"050110";"AYACUCHO";"HUAMANGA";"SAN JUAN BAUTISTA";"ESSALUD";"II-1";"00011775";"HOSPITAL II HUAMANGA";"250200";"UNIDAD DE CUIDADOS CRITICOS UNIDAD DE CUIDADOS INTERMEDIOS GENERAL  (UCIN) ";"29";"29";"221";"135";"10";"310";"3"
"2023";"10";"050110";"AYACUCHO";"HUAMANGA";"SAN JUAN BAUTISTA";"ESSALUD";"II-1";"00011775";"HOSPITAL II HUAMANGA";"243200";"HOSPITALIZACIÓN DE PEDIATRÍA PEDIATRIA NEONATOLOGÍA";"43";"43";"105";"99";"5";"155";"0"
"2023";"10";"050110";"AYACUCHO";"HUAMANGA";"SAN JUAN BAUTISTA";"ESSALUD";"II-1";"00011775";"HOSPITAL II HUAMANGA";"242300";"HOSPITALIZACIÓN DE PEDIATRÍA  PEDIATRÍA  GENERAL ";"88";"88";"319";"278";"11";"341";"0"
"2023";"04";"130101";"LA LIBERTAD";"TRUJILLO";"TRUJILLO";"PRIVADO";"II-E";"00021768";"CLINICA PROSALUD";"241400";"HOSPITALIZACIÓN QUIRÚRGICA GINECO - OBSTETRICIA ";"128";"128";"142";"152";"7";"180";"0"
"2023";"04";"130101";"LA LIBERTAD";"TRUJILLO";"TRUJILLO";"PRIVADO";"II-E";"00021768";"CLINICA PROSALUD";"240100";"HOSPITALIZACIÓN QUIRÚRGICA CIRUGÍA GENERAL ";"162";"162";"174";"192";"10";"240";"0"
"2023";"11";"100101";"HUANUCO";"HUANUCO";"HUANUCO";"SANIDAD DE LA POLICIA NACIONAL DEL PERU";"I-3";"00011421";"POLICLINICO POLICIAL HUÀNUCO";"NE_0001";"";"NE_0001";"NE_0001";"NE_0001";"NE_0001";"NE_0001";"NE_0001";"NE_0001"
"2023";"11";"060401";"CAJAMARCA";"CHOTA";"CHOTA";"SANIDAD DE LA POLICIA NACIONAL DEL PERU";"I-2";"00010929";"POSTA MEDICA POLICIAL CHOTA";"NE_0001";"";"NE_0001";"NE_0001";"NE_0001";"NE_0001";"NE_0001";"NE_0001";"NE_0001"
"2023";"09";"150131";"LIMA";"LIMA";"SAN ISIDRO";"PRIVADO";"II-2";"00012633";"CLINICA JAVIER PRADO";"240100";"HOSPITALIZACIÓN QUIRÚRGICA CIRUGÍA GENERAL ";"148";"148";"417";"494";"51";"1530";"0"
"2023";"09";"150131";"LIMA";"LIMA";"SAN ISIDRO";"PRIVADO";"II-2";"00012633";"CLINICA JAVIER PRADO";"241400";"HOSPITALIZACIÓN QUIRÚRGICA GINECO - OBSTETRICIA ";"59";"52";"142";"223";"19";"570";"0"
"2023";"09";"150131";"LIMA";"LIMA";"SAN ISIDRO";"PRIVADO";"II-2";"00012633";"CLINICA JAVIER PRADO";"241900";"HOSPITALIZACIÓN DE MEDICINA MEDICINA INTERNA ";"115";"117";"408";"505";"51";"1530";"1"
"2023";"09";"150131";"LIMA";"LIMA";"SAN ISIDRO";"PRIVADO";"II-2";"00012633";"CLINICA JAVIER PRADO";"242300";"HOSPITALIZACIÓN DE PEDIATRÍA  PEDIATRÍA  GENERAL ";"91";"85";"213";"272";"42";"1260";"0"
"2023";"09";"060307";"CAJAMARCA";"CELENDIN";"MIGUEL IGLESIAS";"GOBIERNO REGIONAL";"I-3";"00004478";"MIGUEL IGLESIAS";"NE_0001";"";"NE_0001";"NE_0001";"NE_0001";"NE_0001";"NE_0001";"NE_0001";"NE_0001"
"2023";"09";"060307";"CAJAMARCA";"CELENDIN";"MIGUEL IGLESIAS";"GOBIERNO REGIONAL";"I-1";"00009085";"MUYOC GRANDE";"NE_0001";"";"NE_0001";"NE_0001";"NE_0001";"NE_0001";"NE_0001";"NE_0001";"NE_0001"
"2023";"09";"060302";"CAJAMARCA";"CELENDIN";"CHUMUCH";"GOBIERNO REGIONAL";"I-1";"00004479";"CHUMUCH";"NE_0001";"";"NE_0001";"NE_0001";"NE_0001";"NE_0001";"NE_0001";"NE_0001";"NE_0001"
"2023";"09";"060312";"CAJAMARCA";"CELENDIN";"LA LIBERTAD DE PALLAN";"GOBIERNO REGIONAL";"I-2";"00004481";"LA LIBERTAD DE PALLAN";"NE_0001";"";"NE_0001";"NE_0001";"NE_0001";"NE_0001";"NE_0001";"NE_0001";"NE_0001"
"2023";"09";"060312";"CAJAMARCA";"CELENDIN";"LA LIBERTAD DE PALLAN";"GOBIERNO REGIONAL";"I-1";"00004480";"NUEVA ESPERANZA";"NE_0001";"";"NE_0001";"NE_0001";"NE_0001";"NE_0001";"NE_0001";"NE_0001";"NE_0001"
"2023";"09";"060312";"CAJAMARCA";"CELENDIN";"LA LIBERTAD DE PALLAN";"GOBIERNO REGIONAL";"I-1";"00006756";"RAMOSCUCHO";"NE_0001";"";"NE_0001";"NE_0001";"NE_0001";"NE_0001";"NE_0001";"NE_0001";"NE_0001"
"2023";"09";"060307";"CAJAMARCA";"CELENDIN";"MIGUEL IGLESIAS";"GOBIERNO REGIONAL";"I-1";"00009088";"PIZON";"NE_0001";"";"NE_0001";"NE_0001";"NE_0001";"NE_0001";"NE_0001";"NE_0001";"NE_0001"
"2023";"09";"060307";"CAJAMARCA";"CELENDIN";"MIGUEL IGLESIAS";"GOBIERNO REGIONAL";"I-1";"00011156";"MUYOC CHICO";"NE_0001";"";"NE_0001";"NE_0001";"NE_0001";"NE_0001";"NE_0001";"NE_0001";"NE_0001"
"2023";"09";"060302";"CAJAMARCA";"CELENDIN";"CHUMUCH";"GOBIERNO REGIONAL";"I-1";"00006759";"RAMBRAN";"NE_0001";"";"NE_0001";"NE_0001";"NE_0001";"NE_0001";"NE_0001";"NE_0001";"NE_0001"
"2023";"09";"060307";"CAJAMARCA";"CELENDIN";"MIGUEL IGLESIAS";"GOBIERNO REGIONAL";"I-1";"00025042";"JORGE CHAVEZ DE MIGUEL IGLESIAS";"NE_0001";"";"NE_0001";"NE_0001";"NE_0001";"NE_0001";"NE_0001";"NE_0001";"NE_0001"
"2023";"09";"150130";"LIMA";"LIMA";"SAN BORJA";"PRIVADO";"II-E";"00011056";"OFTALMIC SERVICE SAC";"NE_0001";"";"NE_0001";"NE_0001";"NE_0001";"NE_0001";"NE_0001";"NE_0001";"NE_0001"
"2023";"09";"240201";"TUMBES";"CONTRALMIRANTE VILLAR";"ZORRITOS";"GOBIERNO REGIONAL";"I-1";"00001904";"BOCAPAN.";"NE_0001";"";"NE_0001";"NE_0001";"NE_0001";"NE_0001";"NE_0001";"NE_0001";"NE_0001"
"2023";"09";"240201";"TUMBES";"CONTRALMIRANTE VILLAR";"ZORRITOS";"GOBIERNO REGIONAL";"I-1";"00001901";"GRAU";"NE_0001";"";"NE_0001";"NE_0001";"NE_0001";"NE_0001";"NE_0001";"NE_0001";"NE_0001"
"2023";"09";"240201";"TUMBES";"CONTRALMIRANTE VILLAR";"ZORRITOS";"GOBIERNO REGIONAL";"I-2";"00001903";"ACAPULCO.";"NE_0001";"";"NE_0001";"NE_0001";"NE_0001";"NE_0001";"NE_0001";"NE_0001";"NE_0001"
"2023";"09";"240105";"TUMBES";"TUMBES";"SAN JACINTO";"GOBIERNO REGIONAL";"I-1";"00001907";"CAPITAN HOYLE  *";"NE_0001";"";"NE_0001";"NE_0001";"NE_0001";"NE_0001";"NE_0001";"NE_0001";"NE_0001"
"2023";"09";"240202";"TUMBES";"CONTRALMIRANTE VILLAR";"CASITAS";"GOBIERNO REGIONAL";"I-3";"00001897";"CAÑAVERAL";"NE_0001";"";"NE_0001";"NE_0001";"NE_0001";"NE_0001";"NE_0001";"NE_0001";"NE_0001"
"2023";"09";"240202";"TUMBES";"CONTRALMIRANTE VILLAR";"CASITAS";"GOBIERNO REGIONAL";"I-1";"00001898";"TRIGAL";"NE_0001";"";"NE_0001";"NE_0001";"NE_0001";"NE_0001";"NE_0001";"NE_0001";"NE_0001"
"2023";"09";"240202";"TUMBES";"CONTRALMIRANTE VILLAR";"CASITAS";"GOBIERNO REGIONAL";"I-2";"00001899";"LA CHOZA";"NE_0001";"";"NE_0001";"NE_0001";"NE_0001";"NE_0001";"NE_0001";"NE_0001";"NE_0001"
"2023";"09";"240203";"TUMBES";"CONTRALMIRANTE VILLAR";"CANOAS DE PUNTA SAL";"GOBIERNO REGIONAL";"I-1";"00001905";"BARRANCOS.";"NE_0001";"";"NE_0001";"NE_0001";"NE_0001";"NE_0001";"NE_0001";"NE_0001";"NE_0001"
"2023";"09";"240203";"TUMBES";"CONTRALMIRANTE VILLAR";"CANOAS DE PUNTA SAL";"GOBIERNO REGIONAL";"I-1";"00001906";"PAJARITOS";"NE_0001";"";"NE_0001";"NE_0001";"NE_0001";"NE_0001";"NE_0001";"NE_0001";"NE_0001"
"2023";"09";"240201";"TUMBES";"CONTRALMIRANTE VILLAR";"ZORRITOS";"GOBIERNO REGIONAL";"I-4";"00001900";"ZORRITOS";"241800";"HOSPITALIZACIÓN DE MEDICINA MEDICINA GENERAL ";"8";"8";"21";"15";"1";"30";"0"
"2023";"09";"240201";"TUMBES";"CONTRALMIRANTE VILLAR";"ZORRITOS";"GOBIERNO REGIONAL";"I-4";"00001900";"ZORRITOS";"242500";"HOSPITALIZACIÓN-PEDIATRÍA GENERAL-";"3";"3";"3";"3";"1";"30";"0"
"2023";"09";"240201";"TUMBES";"CONTRALMIRANTE VILLAR";"ZORRITOS";"GOBIERNO REGIONAL";"I-4";"00001900";"ZORRITOS";"241600";"HOSPITALIZACIÓN QUIRÚRGICA OBSTETRICIA   ";"4";"4";"7";"6";"1";"30";"0"
"2023";"09";"240203";"TUMBES";"CONTRALMIRANTE VILLAR";"CANOAS DE PUNTA SAL";"GOBIERNO REGIONAL";"I-3";"00001902";"CANCAS";"NE_0001";"";"NE_0001";"NE_0001";"NE_0001";"NE_0001";"NE_0001";"NE_0001";"NE_0001"
"2023";"10";"120602";"JUNIN";"SATIPO";"COVIRIALI";"GOBIERNO REGIONAL";"I-1";"00000488";"SAN ANDRES";"NE_0001";"";"NE_0001";"NE_0001";"NE_0001";"NE_0001";"NE_0001";"NE_0001";"NE_0001"
"2023";"10";"120605";"JUNIN";"SATIPO";"PAMPA HERMOSA";"GOBIERNO REGIONAL";"I-1";"00007185";"PAMPA MANDARINA";"NE_0001";"";"NE_0001";"NE_0001";"NE_0001";"NE_0001";"NE_0001";"NE_0001";"NE_0001"
"2023";"10";"120602";"JUNIN";"SATIPO";"COVIRIALI";"GOBIERNO REGIONAL";"I-2";"00000486";"SAN PEDRO";"NE_0001";"";"NE_0001";"NE_0001";"NE_0001";"NE_0001";"NE_0001";"NE_0001";"NE_0001"
"2023";"10";"120605";"JUNIN";"SATIPO";"PAMPA HERMOSA";"GOBIERNO REGIONAL";"I-2";"00000493";"MARIPOSA";"NE_0001";"";"NE_0001";"NE_0001";"NE_0001";"NE_0001";"NE_0001";"NE_0001";"NE_0001"
"2023";"10";"120602";"JUNIN";"SATIPO";"COVIRIALI";"GOBIERNO REGIONAL";"I-3";"00000485";"COVIRIALI";"NE_0001";"";"NE_0001";"NE_0001";"NE_0001";"NE_0001";"NE_0001";"NE_0001";"NE_0001"
"2023";"10";"120605";"JUNIN";"SATIPO";"PAMPA HERMOSA";"GOBIERNO REGIONAL";"I-2";"00006876";"TOLDOPAMPA";"NE_0001";"";"NE_0001";"NE_0001";"NE_0001";"NE_0001";"NE_0001";"NE_0001";"NE_0001"
"2023";"10";"120602";"JUNIN";"SATIPO";"COVIRIALI";"GOBIERNO REGIONAL";"I-1";"00000487";"SANTA MARIA";"NE_0001";"";"NE_0001";"NE_0001";"NE_0001";"NE_0001";"NE_0001";"NE_0001";"NE_0001"
"2023";"10";"120605";"JUNIN";"SATIPO";"PAMPA HERMOSA";"GOBIERNO REGIONAL";"I-2";"00017678";"HUANCAMACHAY";"NE_0001";"";"NE_0001";"NE_0001";"NE_0001";"NE_0001";"NE_0001";"NE_0001";"NE_0001"
"2023";"10";"120602";"JUNIN";"SATIPO";"COVIRIALI";"GOBIERNO REGIONAL";"I-1";"00000489";"BUENOS AIRES";"NE_0001";"";"NE_0001";"NE_0001";"NE_0001";"NE_0001";"NE_0001";"NE_0001";"NE_0001"
"2023";"10";"120605";"JUNIN";"SATIPO";"PAMPA HERMOSA";"GOBIERNO REGIONAL";"I-2";"00000494";"APALLA CALABAZA";"NE_0001";"";"NE_0001";"NE_0001";"NE_0001";"NE_0001";"NE_0001";"NE_0001";"NE_0001"
"2023";"10";"120605";"JUNIN";"SATIPO";"PAMPA HERMOSA";"GOBIERNO REGIONAL";"I-2";"00000492";"SANTA ROSITA";"NE_0001";"";"NE_0001";"NE_0001";"NE_0001";"NE_0001";"NE_0001";"NE_0001";"NE_0001"
"2023";"10";"120602";"JUNIN";"SATIPO";"COVIRIALI";"GOBIERNO REGIONAL";"I-1";"00007186";"PALMAPAMPA";"NE_0001";"";"NE_0001";"NE_0001";"NE_0001";"NE_0001";"NE_0001";"NE_0001";"NE_0001"
"2023";"10";"020801";"ANCASH";"CASMA";"CASMA";"GOBIERNO REGIONAL";"II-1";"00001719";"HOSPITAL DE APOYO CASMA";"241800";"HOSPITALIZACIÓN DE MEDICINA MEDICINA GENERAL ";"59";"53";"228";"229";"12";"372";"1"
"2023";"10";"020801";"ANCASH";"CASMA";"CASMA";"GOBIERNO REGIONAL";"II-1";"00001719";"HOSPITAL DE APOYO CASMA";"240100";"HOSPITALIZACIÓN QUIRÚRGICA CIRUGÍA GENERAL ";"39";"36";"108";"121";"8";"248";"0"
"2023";"10";"020801";"ANCASH";"CASMA";"CASMA";"GOBIERNO REGIONAL";"II-1";"00001719";"HOSPITAL DE APOYO CASMA";"242300";"HOSPITALIZACIÓN DE PEDIATRÍA  PEDIATRÍA  GENERAL ";"33";"38";"132";"120";"16";"496";"0"
"2023";"10";"020801";"ANCASH";"CASMA";"CASMA";"GOBIERNO REGIONAL";"II-1";"00001719";"HOSPITAL DE APOYO CASMA";"241600";"HOSPITALIZACIÓN QUIRÚRGICA OBSTETRICIA   ";"36";"33";"55";"172";"9";"279";"0"
"2023";"10";"020801";"ANCASH";"CASMA";"CASMA";"GOBIERNO REGIONAL";"II-1";"00001719";"HOSPITAL DE APOYO CASMA";"241500";"HOSPITALIZACIÓN QUIRÚRGICA GINECOLOGÍA  ";"58";"52";"149";"61";"6";"186";"0"
"2023";"10";"010701";"AMAZONAS";"UTCUBAMBA";"BAGUA GRANDE";"ESSALUD";"II-1";"00009067";"HOSPITAL EL BUEN SAMARITANO";"241800";"HOSPITALIZACIÓN DE MEDICINA MEDICINA GENERAL ";"34";"36";"121";"118";"6";"186";"0"
"2023";"10";"010701";"AMAZONAS";"UTCUBAMBA";"BAGUA GRANDE";"ESSALUD";"II-1";"00009067";"HOSPITAL EL BUEN SAMARITANO";"240100";"HOSPITALIZACIÓN QUIRÚRGICA CIRUGÍA GENERAL ";"10";"7";"27";"44";"3";"93";"0"
"2023";"10";"010701";"AMAZONAS";"UTCUBAMBA";"BAGUA GRANDE";"ESSALUD";"II-1";"00009067";"HOSPITAL EL BUEN SAMARITANO";"241500";"HOSPITALIZACIÓN QUIRÚRGICA GINECOLOGÍA  ";"23";"25";"58";"56";"4";"124";"0"
"2023";"10";"010701";"AMAZONAS";"UTCUBAMBA";"BAGUA GRANDE";"ESSALUD";"II-1";"00009067";"HOSPITAL EL BUEN SAMARITANO";"242300";"HOSPITALIZACIÓN DE PEDIATRÍA  PEDIATRÍA  GENERAL ";"22";"22";"53";"59";"3";"93";"0"
"2023";"10";"220511";"SAN MARTIN";"LAMAS";"ZAPATERO";"GOBIERNO REGIONAL";"I-1";"00006401";"PROGRESO";"NE_0002";"";"NE_0002";"NE_0002";"NE_0002";"NE_0002";"NE_0002";"NE_0002";"NE_0002"
"2023";"10";"220511";"SAN MARTIN";"LAMAS";"ZAPATERO";"GOBIERNO REGIONAL";"I-1";"00006405";"BAGAZAN";"NE_0002";"";"NE_0002";"NE_0002";"NE_0002";"NE_0002";"NE_0002";"NE_0002";"NE_0002"
"2023";"10";"220505";"SAN MARTIN";"LAMAS";"CUÑUMBUQUI";"GOBIERNO REGIONAL";"I-1";"00006397";"SAN RAFAEL DEL RIO MAYO";"NE_0002";"";"NE_0002";"NE_0002";"NE_0002";"NE_0002";"NE_0002";"NE_0002";"NE_0002"
"2023";"10";"220511";"SAN MARTIN";"LAMAS";"ZAPATERO";"GOBIERNO REGIONAL";"I-1";"00006398";"SAN FERNANDO";"NE_0002";"";"NE_0002";"NE_0002";"NE_0002";"NE_0002";"NE_0002";"NE_0002";"NE_0002"
"2023";"10";"220511";"SAN MARTIN";"LAMAS";"ZAPATERO";"GOBIERNO REGIONAL";"I-1";"00006402";"UCHUMULLACA";"NE_0002";"";"NE_0002";"NE_0002";"NE_0002";"NE_0002";"NE_0002";"NE_0002";"NE_0002"
"2023";"10";"130103";"LA LIBERTAD";"TRUJILLO";"FLORENCIA DE MORA";"GOBIERNO REGIONAL";"II-1";"00005217";"HOSPITAL DISTRITAL EL ESFUERZO DE FLORENCIA DE MORA";"241600";"HOSPITALIZACIÓN QUIRÚRGICA OBSTETRICIA   ";"18";"18";"22";"18";"7";"217";"0"
"2023";"10";"130103";"LA LIBERTAD";"TRUJILLO";"FLORENCIA DE MORA";"GOBIERNO REGIONAL";"II-1";"00005217";"HOSPITAL DISTRITAL EL ESFUERZO DE FLORENCIA DE MORA";"241400";"HOSPITALIZACIÓN QUIRÚRGICA GINECO - OBSTETRICIA ";"7";"7";"22";"7";"3";"93";"0"
"2023";"10";"060612";"CAJAMARCA";"CUTERVO";"SANTO DOMINGO DE LA CAPILLA";"GOBIERNO REGIONAL";"I-1";"00006861";"CHAUPECRUZ";"NE_0001";"";"NE_0001";"NE_0001";"NE_0001";"NE_0001";"NE_0001";"NE_0001";"NE_0001"
"2023";"10";"060602";"CAJAMARCA";"CUTERVO";"CALLAYUC";"GOBIERNO REGIONAL";"I-1";"00004963";"SANTA CLARA";"NE_0001";"";"NE_0001";"NE_0001";"NE_0001";"NE_0001";"NE_0001";"NE_0001";"NE_0001"
"2023";"10";"060612";"CAJAMARCA";"CUTERVO";"SANTO DOMINGO DE LA CAPILLA";"GOBIERNO REGIONAL";"I-1";"00005004";"SAN PEDRO DE LA CAPILLA";"NE_0001";"";"NE_0001";"NE_0001";"NE_0001";"NE_0001";"NE_0001";"NE_0001";"NE_0001"
"2023";"10";"060612";"CAJAMARCA";"CUTERVO";"SANTO DOMINGO DE LA CAPILLA";"GOBIERNO REGIONAL";"I-1";"00006960";"PAN DE AZUCAR";"NE_0001";"";"NE_0001";"NE_0001";"NE_0001";"NE_0001";"NE_0001";"NE_0001";"NE_0001"
"2023";"10";"060612";"CAJAMARCA";"CUTERVO";"SANTO DOMINGO DE LA CAPILLA";"GOBIERNO REGIONAL";"I-1";"00007370";"CEDROPAMPA";"NE_0001";"";"NE_0001";"NE_0001";"NE_0001";"NE_0001";"NE_0001";"NE_0001";"NE_0001"
"2023";"10";"060612";"CAJAMARCA";"CUTERVO";"SANTO DOMINGO DE LA CAPILLA";"GOBIERNO REGIONAL";"I-1";"00005005";"SANTA ROSA DE LA CAPILLA";"NE_0001";"";"NE_0001";"NE_0001";"NE_0001";"NE_0001";"NE_0001";"NE_0001";"NE_0001"
"2023";"10";"060612";"CAJAMARCA";"CUTERVO";"SANTO DOMINGO DE LA CAPILLA";"GOBIERNO REGIONAL";"I-1";"00006958";"PLAYA HERMOZA";"NE_0001";"";"NE_0001";"NE_0001";"NE_0001";"NE_0001";"NE_0001";"NE_0001";"NE_0001"
"2023";"10";"060612";"CAJAMARCA";"CUTERVO";"SANTO DOMINGO DE LA CAPILLA";"GOBIERNO REGIONAL";"I-1";"00005003";"MIRAFLORES";"NE_0001";"";"NE_0001";"NE_0001";"NE_0001";"NE_0001";"NE_0001";"NE_0001";"NE_0001"
"2023";"10";"060612";"CAJAMARCA";"CUTERVO";"SANTO DOMINGO DE LA CAPILLA";"GOBIERNO REGIONAL";"I-1";"00006863";"NARANJOS";"NE_0001";"";"NE_0001";"NE_0001";"NE_0001";"NE_0001";"NE_0001";"NE_0001";"NE_0001"
"2023";"10";"060612";"CAJAMARCA";"CUTERVO";"SANTO DOMINGO DE LA CAPILLA";"GOBIERNO REGIONAL";"I-1";"00006864";"NARANJOYACU";"NE_0001";"";"NE_0001";"NE_0001";"NE_0001";"NE_0001";"NE_0001";"NE_0001";"NE_0001"
"2023";"10";"120303";"JUNIN";"CHANCHAMAYO";"PICHANAQUI";"GOBIERNO REGIONAL";"I-2";"00000350";"VALLE HERMOSO";"NE_0001";"";"NE_0001";"NE_0001";"NE_0001";"NE_0001";"NE_0001";"NE_0001";"NE_0001"
"2023";"10";"120303";"JUNIN";"CHANCHAMAYO";"PICHANAQUI";"GOBIERNO REGIONAL";"I-2";"00000347";"CONDADO PICHIKIARI";"NE_0001";"";"NE_0001";"NE_0001";"NE_0001";"NE_0001";"NE_0001";"NE_0001";"NE_0001"
"2023";"10";"120303";"JUNIN";"CHANCHAMAYO";"PICHANAQUI";"GOBIERNO REGIONAL";"I-1";"00000353";"ANDRES AVELINO CACERES";"NE_0001";"";"NE_0001";"NE_0001";"NE_0001";"NE_0001";"NE_0001";"NE_0001";"NE_0001"
"2023";"10";"060804";"CAJAMARCA";"JAEN";"COLASAY";"GOBIERNO REGIONAL";"I-1";"00004240";"CUYCA";"NE_0001";"";"NE_0001";"NE_0001";"NE_0001";"NE_0001";"NE_0001";"NE_0001";"NE_0001"
"2023";"10";"040103";"AREQUIPA";"AREQUIPA";"CAYMA";"GOBIERNO REGIONAL";"I-2";"00001244";"PUESTO DE SALUD LA TOMILLA";"NE_0001";"";"NE_0001";"NE_0001";"NE_0001";"NE_0001";"NE_0001";"NE_0001";"NE_0001"
"2023";"10";"040103";"AREQUIPA";"AREQUIPA";"CAYMA";"GOBIERNO REGIONAL";"I-3";"00001234";"CENTRO DE SALUD FRANCISCO BOLOGNESI";"NE_0001";"";"NE_0001";"NE_0001";"NE_0001";"NE_0001";"NE_0001";"NE_0001";"NE_0001"
"2023";"09";"150605";"LIMA";"HUARAL";"CHANCAY";"PRIVADO";"II-E";"00032362";"CLINICA DR. POEMAPE - CLINIPOEMAPE";"240100";"HOSPITALIZACIÓN QUIRÚRGICA CIRUGÍA GENERAL ";"2";"2";"2";"2";"1";"2";"0"
"2023";"09";"150605";"LIMA";"HUARAL";"CHANCAY";"PRIVADO";"II-E";"00032362";"CLINICA DR. POEMAPE - CLINIPOEMAPE";"241400";"HOSPITALIZACIÓN QUIRÚRGICA GINECO - OBSTETRICIA ";"2";"2";"2";"2";"1";"2";"0"
"2023";"09";"150605";"LIMA";"HUARAL";"CHANCAY";"PRIVADO";"II-E";"00032362";"CLINICA DR. POEMAPE - CLINIPOEMAPE";"241300";"HOSPITALIZACIÓN QUIRÚRGICA UROLOGÍA  ";"2";"2";"3";"2";"1";"2";"0"
"2023";"09";"150605";"LIMA";"HUARAL";"CHANCAY";"PRIVADO";"II-E";"00032362";"CLINICA DR. POEMAPE - CLINIPOEMAPE";"241300";"HOSPITALIZACIÓN QUIRÚRGICA UROLOGÍA  ";"1";"1";"3";"1";"1";"2";"0"
"2023";"09";"150605";"LIMA";"HUARAL";"CHANCAY";"PRIVADO";"II-E";"00032362";"CLINICA DR. POEMAPE - CLINIPOEMAPE";"241200";"HOSPITALIZACIÓN QUIRÚRGICA TRAUMATOLOGÍA Y ORTOPEDIA ";"1";"1";"2";"1";"1";"2";"0"
"2023";"09";"150605";"LIMA";"HUARAL";"CHANCAY";"PRIVADO";"II-E";"00032362";"CLINICA DR. POEMAPE - CLINIPOEMAPE";"241200";"HOSPITALIZACIÓN QUIRÚRGICA TRAUMATOLOGÍA Y ORTOPEDIA ";"1";"1";"2";"1";"1";"2";"0"
"2023";"09";"150605";"LIMA";"HUARAL";"CHANCAY";"PRIVADO";"II-E";"00032362";"CLINICA DR. POEMAPE - CLINIPOEMAPE";"241200";"HOSPITALIZACIÓN QUIRÚRGICA TRAUMATOLOGÍA Y ORTOPEDIA ";"1";"1";"2";"1";"1";"2";"0"
"2023";"09";"120808";"JUNIN";"YAULI";"SANTA ROSA DE SACCO";"ESSALUD";"II-1";"00008653";"HOSPITAL II ALBERTO HURTADO ABADIA";"241800";"HOSPITALIZACIÓN DE MEDICINA MEDICINA GENERAL ";"43";"38";"160";"181";"12";"353";"1"
"2023";"09";"120808";"JUNIN";"YAULI";"SANTA ROSA DE SACCO";"ESSALUD";"II-1";"00008653";"HOSPITAL II ALBERTO HURTADO ABADIA";"240100";"HOSPITALIZACIÓN QUIRÚRGICA CIRUGÍA GENERAL ";"35";"33";"154";"164";"8";"246";"0"
"2023";"09";"120808";"JUNIN";"YAULI";"SANTA ROSA DE SACCO";"ESSALUD";"II-1";"00008653";"HOSPITAL II ALBERTO HURTADO ABADIA";"241200";"HOSPITALIZACIÓN QUIRÚRGICA TRAUMATOLOGÍA Y ORTOPEDIA ";"29";"34";"158";"130";"8";"237";"0"
"2023";"09";"120808";"JUNIN";"YAULI";"SANTA ROSA DE SACCO";"ESSALUD";"II-1";"00008653";"HOSPITAL II ALBERTO HURTADO ABADIA";"241500";"HOSPITALIZACIÓN QUIRÚRGICA GINECOLOGÍA  ";"9";"9";"23";"23";"2";"65";"0"
"2023";"09";"120808";"JUNIN";"YAULI";"SANTA ROSA DE SACCO";"ESSALUD";"II-1";"00008653";"HOSPITAL II ALBERTO HURTADO ABADIA";"241600";"HOSPITALIZACIÓN QUIRÚRGICA OBSTETRICIA   ";"22";"24";"64";"59";"5";"149";"0"
"2023";"09";"120808";"JUNIN";"YAULI";"SANTA ROSA DE SACCO";"ESSALUD";"II-1";"00008653";"HOSPITAL II ALBERTO HURTADO ABADIA";"242300";"HOSPITALIZACIÓN DE PEDIATRÍA  PEDIATRÍA  GENERAL ";"19";"24";"71";"60";"5";"150";"0"
"2023";"09";"120808";"JUNIN";"YAULI";"SANTA ROSA DE SACCO";"ESSALUD";"II-1";"00008653";"HOSPITAL II ALBERTO HURTADO ABADIA";"250304";"HOSPIT. EN UNIDAD DE CUID.INTEN.-UNIDAD DE VIGILANCIA INTENSIVA (UVI)-MEDICINA";"10";"10";"84";"53";"4";"90";"1"
"2023";"09";"070106";"CALLAO";"CALLAO";"VENTANILLA";"GOBIERNO REGIONAL";"I-2";"00006255";"PUESTO DE SALUD VENTANILLA ALTA";"NE_0001";"";"NE_0001";"NE_0001";"NE_0001";"NE_0001";"NE_0001";"NE_0001";"NE_0001"
"2023";"09";"070106";"CALLAO";"CALLAO";"VENTANILLA";"GOBIERNO REGIONAL";"I-2";"00006257";"PUESTO DE SALUD ANGAMOS";"NE_0001";"";"NE_0001";"NE_0001";"NE_0001";"NE_0001";"NE_0001";"NE_0001";"NE_0001"
"2023";"09";"070106";"CALLAO";"CALLAO";"VENTANILLA";"GOBIERNO REGIONAL";"I-2";"00006268";"PUESTO DE SALUD DEFENSORES DE LA PATRIA";"NE_0001";"";"NE_0001";"NE_0001";"NE_0001";"NE_0001";"NE_0001";"NE_0001";"NE_0001"
"2023";"09";"100402";"HUANUCO";"HUACAYBAMBA";"CANCHABAMBA";"GOBIERNO REGIONAL";"I-3";"00000878";"CANCHABAMBA";"NE_0001";"";"NE_0001";"NE_0001";"NE_0001";"NE_0001";"NE_0001";"NE_0001";"NE_0001"
"2023";"09";"100402";"HUANUCO";"HUACAYBAMBA";"CANCHABAMBA";"GOBIERNO REGIONAL";"I-1";"00000886";"VILLA FLORES DE RAJIN";"NE_0001";"";"NE_0001";"NE_0001";"NE_0001";"NE_0001";"NE_0001";"NE_0001";"NE_0001"
"2023";"10";"150140";"LIMA";"LIMA";"SANTIAGO DE SURCO";"PRIVADO";"II-E";"00011113";"CLINICA MONTERRICO";"240000";"HOSPITALIZACIÓN";"36";"35";"51";"74";"5";"150";"0"
"2023";"10";"130105";"LA LIBERTAD";"TRUJILLO";"LA ESPERANZA";"ESSALUD";"II-1";"00009040";"HOSPITAL I - LA ESPERANZA";"241800";"HOSPITALIZACIÓN DE MEDICINA MEDICINA GENERAL ";"67";"67";"259";"240";"10";"310";"0"
"2023";"10";"200104";"PIURA";"PIURA";"CASTILLA";"ESSALUD";"II-E";"00016363";"INSTITUTO PERUANO DE OFTALMOLOGIA";"240000";"HOSPITALIZACIÓN";"159";"159";"172";"171";"6";"186";"0"
"2023";"10";"050201";"AYACUCHO";"CANGALLO";"CANGALLO";"GOBIERNO REGIONAL";"II-1";"00003494";"HOSPITAL DE APOYO CANGALLO";"241600";"HOSPITALIZACIÓN QUIRÚRGICA OBSTETRICIA   ";"5";"5";"8";"8";"6";"186";"0"
"2023";"10";"050201";"AYACUCHO";"CANGALLO";"CANGALLO";"GOBIERNO REGIONAL";"II-1";"00003494";"HOSPITAL DE APOYO CANGALLO";"240100";"HOSPITALIZACIÓN QUIRÚRGICA CIRUGÍA GENERAL ";"15";"18";"95";"28";"4";"124";"0"
"2023";"10";"050201";"AYACUCHO";"CANGALLO";"CANGALLO";"GOBIERNO REGIONAL";"II-1";"00003494";"HOSPITAL DE APOYO CANGALLO";"241800";"HOSPITALIZACIÓN DE MEDICINA MEDICINA GENERAL ";"5";"5";"31";"43";"4";"124";"0"
"2023";"10";"050201";"AYACUCHO";"CANGALLO";"CANGALLO";"GOBIERNO REGIONAL";"II-1";"00003494";"HOSPITAL DE APOYO CANGALLO";"242500";"HOSPITALIZACIÓN-PEDIATRÍA GENERAL-";"6";"8";"32";"26";"4";"124";"0"
"2023";"10";"050201";"AYACUCHO";"CANGALLO";"CANGALLO";"GOBIERNO REGIONAL";"II-1";"00003494";"HOSPITAL DE APOYO CANGALLO";"241400";"HOSPITALIZACIÓN QUIRÚRGICA GINECO - OBSTETRICIA ";"23";"23";"51";"53";"2";"62";"0"
"2023";"10";"060801";"CAJAMARCA";"JAEN";"JAEN";"GOBIERNO REGIONAL";"II-2";"00004210";"HOSPITAL GENERAL DE JAEN";"241800";"HOSPITALIZACIÓN DE MEDICINA MEDICINA GENERAL ";"72";"99";"1253";"1826";"40";"2394";"17"
"2023";"10";"060801";"CAJAMARCA";"JAEN";"JAEN";"GOBIERNO REGIONAL";"II-2";"00004210";"HOSPITAL GENERAL DE JAEN";"240100";"HOSPITALIZACIÓN QUIRÚRGICA CIRUGÍA GENERAL ";"128";"150";"918";"1262";"34";"2108";"0"
"2023";"10";"060801";"CAJAMARCA";"JAEN";"JAEN";"GOBIERNO REGIONAL";"II-2";"00004210";"HOSPITAL GENERAL DE JAEN";"241600";"HOSPITALIZACIÓN QUIRÚRGICA OBSTETRICIA   ";"324";"253";"823";"802";"18";"1116";"0"
"2023";"10";"060801";"CAJAMARCA";"JAEN";"JAEN";"GOBIERNO REGIONAL";"II-2";"00004210";"HOSPITAL GENERAL DE JAEN";"242500";"HOSPITALIZACIÓN-PEDIATRÍA GENERAL-";"88";"103";"548";"889";"15";"930";"0"
"2023";"10";"060801";"CAJAMARCA";"JAEN";"JAEN";"GOBIERNO REGIONAL";"II-2";"00004210";"HOSPITAL GENERAL DE JAEN";"243200";"HOSPITALIZACIÓN DE PEDIATRÍA PEDIATRIA NEONATOLOGÍA";"18";"32";"537";"815";"17";"1054";"1"
"2023";"10";"050110";"AYACUCHO";"HUAMANGA";"SAN JUAN BAUTISTA";"GOBIERNO REGIONAL";"I-3";"00003600";"CENTRO DE SALUD MIRAFLORES";"NE_0001";"";"NE_0001";"NE_0001";"NE_0001";"NE_0001";"NE_0001";"NE_0001";"NE_0001"
"2023";"10";"250101";"UCAYALI";"CORONEL PORTILLO";"CALLERIA";"PRIVADO";"II-1";"00026079";"CLINICA JUAN PABLO II";"240000";"HOSPITALIZACIÓN";"17";"18";"53";"52";"4";"124";"0"
"2023";"10";"250101";"UCAYALI";"CORONEL PORTILLO";"CALLERIA";"PRIVADO";"II-1";"00026079";"CLINICA JUAN PABLO II";"240100";"HOSPITALIZACIÓN QUIRÚRGICA CIRUGÍA GENERAL ";"2";"2";"5";"5";"1";"31";"0"
"2023";"10";"250101";"UCAYALI";"CORONEL PORTILLO";"CALLERIA";"PRIVADO";"II-1";"00026079";"CLINICA JUAN PABLO II";"241400";"HOSPITALIZACIÓN QUIRÚRGICA GINECO - OBSTETRICIA ";"5";"5";"8";"8";"2";"57";"0"
"2023";"10";"250101";"UCAYALI";"CORONEL PORTILLO";"CALLERIA";"PRIVADO";"II-1";"00026079";"CLINICA JUAN PABLO II";"241800";"HOSPITALIZACIÓN DE MEDICINA MEDICINA GENERAL ";"9";"9";"32";"32";"2";"63";"0"
"2023";"10";"250101";"UCAYALI";"CORONEL PORTILLO";"CALLERIA";"PRIVADO";"II-1";"00026079";"CLINICA JUAN PABLO II";"242500";"HOSPITALIZACIÓN-PEDIATRÍA GENERAL-";"12";"14";"35";"33";"2";"66";"0"
"2023";"10";"080801";"CUSCO";"ESPINAR";"ESPINAR";"GOBIERNO REGIONAL";"II-1";"00007135";"ESPINAR";"240100";"HOSPITALIZACIÓN QUIRÚRGICA CIRUGÍA GENERAL ";"41";"45";"162";"157";"8";"248";"0"
"2023";"10";"080801";"CUSCO";"ESPINAR";"ESPINAR";"GOBIERNO REGIONAL";"II-1";"00007135";"ESPINAR";"241600";"HOSPITALIZACIÓN QUIRÚRGICA OBSTETRICIA   ";"43";"41";"99";"96";"13";"403";"0"
"2023";"10";"080801";"CUSCO";"ESPINAR";"ESPINAR";"GOBIERNO REGIONAL";"II-1";"00007135";"ESPINAR";"241800";"HOSPITALIZACIÓN DE MEDICINA MEDICINA GENERAL ";"8";"10";"90";"86";"8";"248";"0"
"2023";"10";"080801";"CUSCO";"ESPINAR";"ESPINAR";"GOBIERNO REGIONAL";"II-1";"00007135";"ESPINAR";"242500";"HOSPITALIZACIÓN-PEDIATRÍA GENERAL-";"3";"3";"14";"14";"5";"155";"0"
"2023";"10";"080801";"CUSCO";"ESPINAR";"ESPINAR";"GOBIERNO REGIONAL";"II-1";"00007135";"ESPINAR";"243200";"HOSPITALIZACIÓN DE PEDIATRÍA PEDIATRIA NEONATOLOGÍA";"3";"3";"12";"12";"1";"31";"0"
"2023";"10";"080801";"CUSCO";"ESPINAR";"ESPINAR";"GOBIERNO REGIONAL";"II-1";"00007135";"ESPINAR";"241500";"HOSPITALIZACIÓN QUIRÚRGICA GINECOLOGÍA  ";"28";"25";"56";"56";"7";"217";"0"
"2023";"10";"210501";"PUNO";"EL COLLAO";"ILAVE";"GOBIERNO REGIONAL";"II-1";"00003032";"ILAVE";"240100";"HOSPITALIZACIÓN QUIRÚRGICA CIRUGÍA GENERAL ";"7";"8";"45";"52";"4";"124";"0"
"2023";"10";"210501";"PUNO";"EL COLLAO";"ILAVE";"GOBIERNO REGIONAL";"II-1";"00003032";"ILAVE";"241200";"HOSPITALIZACIÓN QUIRÚRGICA TRAUMATOLOGÍA Y ORTOPEDIA ";"1";"1";"4";"5";"1";"31";"0"
"2023";"10";"210501";"PUNO";"EL COLLAO";"ILAVE";"GOBIERNO REGIONAL";"II-1";"00003032";"ILAVE";"241600";"HOSPITALIZACIÓN QUIRÚRGICA OBSTETRICIA   ";"58";"69";"146";"204";"11";"341";"0"
"2023";"10";"210501";"PUNO";"EL COLLAO";"ILAVE";"GOBIERNO REGIONAL";"II-1";"00003032";"ILAVE";"241800";"HOSPITALIZACIÓN DE MEDICINA MEDICINA GENERAL ";"36";"34";"143";"179";"9";"279";"0"
"2023";"10";"210501";"PUNO";"EL COLLAO";"ILAVE";"GOBIERNO REGIONAL";"II-1";"00003032";"ILAVE";"242500";"HOSPITALIZACIÓN-PEDIATRÍA GENERAL-";"16";"17";"62";"78";"9";"279";"0"
"2023";"10";"210501";"PUNO";"EL COLLAO";"ILAVE";"GOBIERNO REGIONAL";"II-1";"00003032";"ILAVE";"243200";"HOSPITALIZACIÓN DE PEDIATRÍA PEDIATRIA NEONATOLOGÍA";"0";"1";"4";"4";"1";"31";"0"
"2023";"10";"130101";"LA LIBERTAD";"TRUJILLO";"TRUJILLO";"PRIVADO";"II-E";"00029518";"OFTALMOLOGICA CACEDA";"NE_0001";"";"NE_0001";"NE_0001";"NE_0001";"NE_0001";"NE_0001";"NE_0001";"NE_0001"
"2023";"10";"210101";"PUNO";"PUNO";"PUNO";"PRIVADO";"II-E";"00009683";"CLINICA PROSALUD";"240000";"HOSPITALIZACIÓN";"24";"24";"48";"48";"5";"155";"0"
"2023";"11";"060802";"CAJAMARCA";"JAEN";"BELLAVISTA";"GOBIERNO REGIONAL";"I-3";"00004225";"AMBATO TAMBORAPA";"NE_0001";"";"NE_0001";"NE_0001";"NE_0001";"NE_0001";"NE_0001";"NE_0001";"NE_0001"
"2023";"11";"040101";"AREQUIPA";"AREQUIPA";"AREQUIPA";"PRIVADO";"II-E";"00017588";"MELO CLINICA DE FERTILIDAD, GINECOLOGIA Y OBSTETRICIA";"241400";"HOSPITALIZACIÓN QUIRÚRGICA GINECO - OBSTETRICIA ";"18";"18";"18";"18";"4";"120";"0"
"2023";"11";"040126";"AREQUIPA";"AREQUIPA";"YANAHUARA";"GOBIERNO REGIONAL";"I-3";"00001233";"CENTRO DE SALUD YANAHUARA";"NE_0001";"";"NE_0001";"NE_0001";"NE_0001";"NE_0001";"NE_0001";"NE_0001";"NE_0001"
"2023";"11";"040117";"AREQUIPA";"AREQUIPA";"SACHACA";"GOBIERNO REGIONAL";"I-2";"00001283";"PUESTO DE SALUD PAMPA DE CAMARONES";"NE_0001";"";"NE_0001";"NE_0001";"NE_0001";"NE_0001";"NE_0001";"NE_0001";"NE_0001"
"2023";"11";"040117";"AREQUIPA";"AREQUIPA";"SACHACA";"GOBIERNO REGIONAL";"I-2";"00001282";"PUESTO DE SALUD SACHACA";"NE_0001";"";"NE_0001";"NE_0001";"NE_0001";"NE_0001";"NE_0001";"NE_0001";"NE_0001"
"2023";"11";"070101";"CALLAO";"CALLAO";"CALLAO";"GOBIERNO REGIONAL";"I-2";"00006220";"PUESTO DE SALUD MANUEL BONILLA";"NE_0001";"";"NE_0001";"NE_0001";"NE_0001";"NE_0001";"NE_0001";"NE_0001";"NE_0001"
"2023";"11";"070101";"CALLAO";"CALLAO";"CALLAO";"GOBIERNO REGIONAL";"I-2";"00006226";"PUESTO DE SALUD PUERTO NUEVO";"NE_0001";"";"NE_0001";"NE_0001";"NE_0001";"NE_0001";"NE_0001";"NE_0001";"NE_0001"
"2023";"11";"061201";"CAJAMARCA";"SAN PABLO";"SAN PABLO";"GOBIERNO REGIONAL";"I-1";"00004586";"JANCOS";"NE_0001";"";"NE_0001";"NE_0001";"NE_0001";"NE_0001";"NE_0001";"NE_0001";"NE_0001"
"2023";"11";"061201";"CAJAMARCA";"SAN PABLO";"SAN PABLO";"GOBIERNO REGIONAL";"I-1";"00004611";"EL PATIÑO";"NE_0001";"";"NE_0001";"NE_0001";"NE_0001";"NE_0001";"NE_0001";"NE_0001";"NE_0001"
"2023";"11";"061204";"CAJAMARCA";"SAN PABLO";"TUMBADEN";"GOBIERNO REGIONAL";"I-2";"00004583";"TUMBADEN BAJO";"NE_0001";"";"NE_0001";"NE_0001";"NE_0001";"NE_0001";"NE_0001";"NE_0001";"NE_0001"
"2023";"11";"061201";"CAJAMARCA";"SAN PABLO";"SAN PABLO";"GOBIERNO REGIONAL";"I-2";"00004578";"CALLANCAS";"NE_0001";"";"NE_0001";"NE_0001";"NE_0001";"NE_0001";"NE_0001";"NE_0001";"NE_0001"
"2023";"11";"061201";"CAJAMARCA";"SAN PABLO";"SAN PABLO";"GOBIERNO REGIONAL";"I-4";"00004577";"SAN PABLO";"241800";"HOSPITALIZACIÓN DE MEDICINA MEDICINA GENERAL ";"4";"4";"4";"5";"3";"90";"0"
"2023";"11";"061201";"CAJAMARCA";"SAN PABLO";"SAN PABLO";"GOBIERNO REGIONAL";"I-4";"00004577";"SAN PABLO";"241600";"HOSPITALIZACIÓN QUIRÚRGICA OBSTETRICIA   ";"8";"8";"12";"15";"6";"180";"0"
"2023";"11";"061201";"CAJAMARCA";"SAN PABLO";"SAN PABLO";"GOBIERNO REGIONAL";"I-2";"00004581";"SANTA ROSA DE UNANCA";"NE_0001";"";"NE_0001";"NE_0001";"NE_0001";"NE_0001";"NE_0001";"NE_0001";"NE_0001"
"2023";"11";"061202";"CAJAMARCA";"SAN PABLO";"SAN BERNARDINO";"GOBIERNO REGIONAL";"I-1";"00004579";"POLAN";"NE_0001";"";"NE_0001";"NE_0001";"NE_0001";"NE_0001";"NE_0001";"NE_0001";"NE_0001"
"2023";"11";"150204";"LIMA";"BARRANCA";"SUPE";"GOBIERNO REGIONAL";"II-1";"00007636";"HOSPITAL DE SUPE LAURA ESTHER RODRIGUEZ DULANTO";"240100";"HOSPITALIZACIÓN QUIRÚRGICA CIRUGÍA GENERAL ";"20";"24";"98";"66";"6";"180";"0"
"2023";"11";"150204";"LIMA";"BARRANCA";"SUPE";"GOBIERNO REGIONAL";"II-1";"00007636";"HOSPITAL DE SUPE LAURA ESTHER RODRIGUEZ DULANTO";"241400";"HOSPITALIZACIÓN QUIRÚRGICA GINECO - OBSTETRICIA ";"49";"53";"126";"125";"15";"450";"0"
"2023";"11";"150204";"LIMA";"BARRANCA";"SUPE";"GOBIERNO REGIONAL";"II-1";"00007636";"HOSPITAL DE SUPE LAURA ESTHER RODRIGUEZ DULANTO";"241800";"HOSPITALIZACIÓN DE MEDICINA MEDICINA GENERAL ";"14";"17";"149";"117";"10";"300";"1"
"2023";"11";"150204";"LIMA";"BARRANCA";"SUPE";"GOBIERNO REGIONAL";"II-1";"00007636";"HOSPITAL DE SUPE LAURA ESTHER RODRIGUEZ DULANTO";"242200";"HOSPITALIZACIÓN DE MEDICINA PSIQUIATRÍA ";"1";"6";"144";"172";"10";"300";"0"
"2023";"11";"150204";"LIMA";"BARRANCA";"SUPE";"GOBIERNO REGIONAL";"II-1";"00007636";"HOSPITAL DE SUPE LAURA ESTHER RODRIGUEZ DULANTO";"242500";"HOSPITALIZACIÓN-PEDIATRÍA GENERAL-";"31";"32";"110";"119";"8";"240";"0"
"2023";"11";"150204";"LIMA";"BARRANCA";"SUPE";"GOBIERNO REGIONAL";"II-1";"00007636";"HOSPITAL DE SUPE LAURA ESTHER RODRIGUEZ DULANTO";"243200";"HOSPITALIZACIÓN DE PEDIATRÍA PEDIATRIA NEONATOLOGÍA";"30";"31";"55";"33";"5";"150";"0"
"2023";"11";"130101";"LA LIBERTAD";"TRUJILLO";"TRUJILLO";"PRIVADO";"II-1";"00013373";"CLINICA PERUANO AMERICANA S. A.";"241800";"HOSPITALIZACIÓN DE MEDICINA MEDICINA GENERAL ";"52";"46";"103";"155";"13";"390";"2"
"2023";"11";"130101";"LA LIBERTAD";"TRUJILLO";"TRUJILLO";"PRIVADO";"II-1";"00013373";"CLINICA PERUANO AMERICANA S. A.";"240100";"HOSPITALIZACIÓN QUIRÚRGICA CIRUGÍA GENERAL ";"127";"101";"308";"516";"20";"600";"1"
"2023";"11";"130101";"LA LIBERTAD";"TRUJILLO";"TRUJILLO";"PRIVADO";"II-1";"00013373";"CLINICA PERUANO AMERICANA S. A.";"242300";"HOSPITALIZACIÓN DE PEDIATRÍA  PEDIATRÍA  GENERAL ";"7";"5";"17";"32";"3";"90";"0"
"2023";"11";"130101";"LA LIBERTAD";"TRUJILLO";"TRUJILLO";"PRIVADO";"II-1";"00013373";"CLINICA PERUANO AMERICANA S. A.";"241400";"HOSPITALIZACIÓN QUIRÚRGICA GINECO - OBSTETRICIA ";"9";"7";"19";"57";"4";"120";"0"
"2023";"11";"100301";"HUANUCO";"DOS DE MAYO";"LA UNION";"ESSALUD";"I-3";"00027084";"POSTA MEDICA LA UNION";"NE_0001";"";"NE_0001";"NE_0001";"NE_0001";"NE_0001";"NE_0001";"NE_0001";"NE_0001"
"2023";"11";"130203";"LA LIBERTAD";"ASCOPE";"CHOCOPE";"ESSALUD";"II-2";"00009037";"HOSPITAL II CHOCOPE";"241900";"HOSPITALIZACIÓN DE MEDICINA MEDICINA INTERNA ";"104";"101";"719";"803";"28";"840";"10"
"2023";"11";"130203";"LA LIBERTAD";"ASCOPE";"CHOCOPE";"ESSALUD";"II-2";"00009037";"HOSPITAL II CHOCOPE";"240100";"HOSPITALIZACIÓN QUIRÚRGICA CIRUGÍA GENERAL ";"104";"109";"369";"409";"15";"450";"0"
"2023";"11";"130203";"LA LIBERTAD";"ASCOPE";"CHOCOPE";"ESSALUD";"II-2";"00009037";"HOSPITAL II CHOCOPE";"241500";"HOSPITALIZACIÓN QUIRÚRGICA GINECOLOGÍA  ";"29";"30";"81";"80";"3";"90";"0"
"2023";"11";"130203";"LA LIBERTAD";"ASCOPE";"CHOCOPE";"ESSALUD";"II-2";"00009037";"HOSPITAL II CHOCOPE";"241600";"HOSPITALIZACIÓN QUIRÚRGICA OBSTETRICIA   ";"49";"50";"99";"98";"4";"120";"0"
"2023";"11";"130203";"LA LIBERTAD";"ASCOPE";"CHOCOPE";"ESSALUD";"II-2";"00009037";"HOSPITAL II CHOCOPE";"242300";"HOSPITALIZACIÓN DE PEDIATRÍA  PEDIATRÍA  GENERAL ";"46";"42";"145";"149";"6";"180";"0"
"2023";"11";"110113";"ICA";"ICA";"TATE";"GOBIERNO REGIONAL";"I-3";"00003371";"TATE";"NE_0001";"";"NE_0001";"NE_0001";"NE_0001";"NE_0001";"NE_0001";"NE_0001";"NE_0001"
"2023";"11";"110107";"ICA";"ICA";"PUEBLO NUEVO";"GOBIERNO REGIONAL";"I-1";"00003403";"CALLEJON LOS ESPINOS";"NE_0001";"";"NE_0001";"NE_0001";"NE_0001";"NE_0001";"NE_0001";"NE_0001";"NE_0001"
"2023";"11";"110113";"ICA";"ICA";"TATE";"GOBIERNO REGIONAL";"I-1";"00003406";"LOS CALDERONES";"NE_0001";"";"NE_0001";"NE_0001";"NE_0001";"NE_0001";"NE_0001";"NE_0001";"NE_0001"
"2023";"11";"110107";"ICA";"ICA";"PUEBLO NUEVO";"GOBIERNO REGIONAL";"I-1";"00003402";"PARIÑA GRANDE";"NE_0001";"";"NE_0001";"NE_0001";"NE_0001";"NE_0001";"NE_0001";"NE_0001";"NE_0001"
"2023";"11";"110113";"ICA";"ICA";"TATE";"GOBIERNO REGIONAL";"I-1";"00003405";"PUNO";"NE_0001";"";"NE_0001";"NE_0001";"NE_0001";"NE_0001";"NE_0001";"NE_0001";"NE_0001"
"2023";"11";"150116";"LIMA";"LIMA";"LINCE";"PRIVADO";"II-E";"00009145";"HOGAR CLINICA MONTE SINAI";"240100";"HOSPITALIZACIÓN QUIRÚRGICA CIRUGÍA GENERAL ";"34";"34";"34";"34";"6";"180";"0"
"2023";"11";"150116";"LIMA";"LIMA";"LINCE";"PRIVADO";"II-E";"00009145";"HOGAR CLINICA MONTE SINAI";"240400";"HOSPITALIZACIÓN QUIRÚRGICA CIRUGÍA DE TÓRAX Y CARDIOVASCULAR ";"6";"6";"6";"6";"2";"60";"0"
"2023";"11";"150116";"LIMA";"LIMA";"LINCE";"PRIVADO";"II-E";"00009145";"HOGAR CLINICA MONTE SINAI";"240800";"HOSPITALIZACIÓN QUIRÚRGICA CIRUGÍA PLÁSTICA/RECONSTRUCTIVA/ REPARADORA ";"28";"28";"28";"28";"2";"60";"0"
"2023";"11";"150116";"LIMA";"LIMA";"LINCE";"PRIVADO";"II-E";"00009145";"HOGAR CLINICA MONTE SINAI";"241000";"HOSPITALIZACIÓN QUIRÚRGICA ONCOLOGÍA QUIRÚRGICA  ";"1";"1";"1";"1";"2";"60";"0"
"2023";"11";"150116";"LIMA";"LIMA";"LINCE";"PRIVADO";"II-E";"00009145";"HOGAR CLINICA MONTE SINAI";"241100";"HOSPITALIZACIÓN QUIRÚRGICA OTORRINOLARINGOLOGÍA  ";"9";"9";"9";"9";"1";"30";"0"
"2023";"11";"150116";"LIMA";"LIMA";"LINCE";"PRIVADO";"II-E";"00009145";"HOGAR CLINICA MONTE SINAI";"241300";"HOSPITALIZACIÓN QUIRÚRGICA UROLOGÍA  ";"2";"2";"2";"2";"1";"30";"0"
"2023";"11";"060802";"CAJAMARCA";"JAEN";"BELLAVISTA";"GOBIERNO REGIONAL";"II-1";"00004223";"SAN JAVIER BELLAVISTA";"242500";"HOSPITALIZACIÓN-PEDIATRÍA GENERAL-";"4";"4";"8";"12";"3";"90";"0"
"2023";"11";"060802";"CAJAMARCA";"JAEN";"BELLAVISTA";"GOBIERNO REGIONAL";"II-1";"00004223";"SAN JAVIER BELLAVISTA";"241800";"HOSPITALIZACIÓN DE MEDICINA MEDICINA GENERAL ";"8";"12";"40";"40";"4";"120";"0"
"2023";"11";"060802";"CAJAMARCA";"JAEN";"BELLAVISTA";"GOBIERNO REGIONAL";"II-1";"00004223";"SAN JAVIER BELLAVISTA";"241400";"HOSPITALIZACIÓN QUIRÚRGICA GINECO - OBSTETRICIA ";"3";"4";"10";"11";"4";"120";"0"
"2023";"11";"060802";"CAJAMARCA";"JAEN";"BELLAVISTA";"GOBIERNO REGIONAL";"II-1";"00004223";"SAN JAVIER BELLAVISTA";"241500";"HOSPITALIZACIÓN QUIRÚRGICA GINECOLOGÍA  ";"3";"3";"3";"3";"4";"120";"0"
"2023";"11";"060802";"CAJAMARCA";"JAEN";"BELLAVISTA";"GOBIERNO REGIONAL";"II-1";"00004223";"SAN JAVIER BELLAVISTA";"241600";"HOSPITALIZACIÓN QUIRÚRGICA OBSTETRICIA   ";"6";"5";"9";"17";"4";"120";"0"
"2023";"11";"060802";"CAJAMARCA";"JAEN";"BELLAVISTA";"GOBIERNO REGIONAL";"II-1";"00004223";"SAN JAVIER BELLAVISTA";"240100";"HOSPITALIZACIÓN QUIRÚRGICA CIRUGÍA GENERAL ";"NE_0002";"NE_0002";"NE_0002";"NE_0002";"2";"60";"0"
"2023";"09";"150101";"LIMA";"LIMA";"LIMA";"MINSA";"III-E";"00006215";"HOSPITAL NACIONAL DOCENTE MADRE NIÑO SAN BARTOLOME";"240100";"HOSPITALIZACIÓN QUIRÚRGICA CIRUGÍA GENERAL ";"51";"47";"525";"541";"29";"875";"1"
"2023";"09";"150101";"LIMA";"LIMA";"LIMA";"MINSA";"III-E";"00006215";"HOSPITAL NACIONAL DOCENTE MADRE NIÑO SAN BARTOLOME";"241400";"HOSPITALIZACIÓN QUIRÚRGICA GINECO - OBSTETRICIA ";"74";"2";"2";"165";"6";"169";"0"
"2023";"09";"150101";"LIMA";"LIMA";"LIMA";"MINSA";"III-E";"00006215";"HOSPITAL NACIONAL DOCENTE MADRE NIÑO SAN BARTOLOME";"241500";"HOSPITALIZACIÓN QUIRÚRGICA GINECOLOGÍA  ";"100";"118";"371";"373";"17";"512";"0"
"2023";"09";"150101";"LIMA";"LIMA";"LIMA";"MINSA";"III-E";"00006215";"HOSPITAL NACIONAL DOCENTE MADRE NIÑO SAN BARTOLOME";"241600";"HOSPITALIZACIÓN QUIRÚRGICA OBSTETRICIA   ";"385";"433";"1765";"1566";"70";"2104";"0"
"2023";"09";"150101";"LIMA";"LIMA";"LIMA";"MINSA";"III-E";"00006215";"HOSPITAL NACIONAL DOCENTE MADRE NIÑO SAN BARTOLOME";"242100";"HOSPITALIZACIÓN DE MEDICINA ONCOLOGÍA MÉDICA ";"24";"32";"98";"84";"4";"121";"0"
"2023";"09";"150101";"LIMA";"LIMA";"LIMA";"MINSA";"III-E";"00006215";"HOSPITAL NACIONAL DOCENTE MADRE NIÑO SAN BARTOLOME";"242500";"HOSPITALIZACIÓN-PEDIATRÍA GENERAL-";"48";"49";"942";"744";"28";"815";"1"
"2023";"09";"150101";"LIMA";"LIMA";"LIMA";"MINSA";"III-E";"00006215";"HOSPITAL NACIONAL DOCENTE MADRE NIÑO SAN BARTOLOME";"243200";"HOSPITALIZACIÓN DE PEDIATRÍA PEDIATRIA NEONATOLOGÍA";"80";"83";"1107";"559";"19";"567";"2"
"2023";"09";"150101";"LIMA";"LIMA";"LIMA";"MINSA";"III-E";"00006215";"HOSPITAL NACIONAL DOCENTE MADRE NIÑO SAN BARTOLOME";"250105";"UNIDAD DE CUIDADOS CRITICOS UNIDAD  DE CUIDADOS INTENSIVOS  (UCI) NEONATOLOGÍA";"11";"2";"35";"327";"12";"360";"2"
"2023";"09";"150101";"LIMA";"LIMA";"LIMA";"MINSA";"III-E";"00006215";"HOSPITAL NACIONAL DOCENTE MADRE NIÑO SAN BARTOLOME";"250108";"UNIDAD DE CUIDADOS CRITICOS UNIDAD  DE CUIDADOS INTENSIVOS  (UCI) PEDIÁTRICA";"5";"1";"11";"200";"7";"209";"1"
"2023";"09";"050101";"AYACUCHO";"HUAMANGA";"AYACUCHO";"GOBIERNO REGIONAL";"II-2";"00003543";"HOSPITAL REGIONAL DE AYACUCHO ""MIGUEL ANGEL MARISCAL LLERENA""";"241800";"HOSPITALIZACIÓN DE MEDICINA MEDICINA GENERAL ";"182";"134";"1553";"1064";"46";"1380";"2"
"2023";"09";"050101";"AYACUCHO";"HUAMANGA";"AYACUCHO";"GOBIERNO REGIONAL";"II-2";"00003543";"HOSPITAL REGIONAL DE AYACUCHO ""MIGUEL ANGEL MARISCAL LLERENA""";"242200";"HOSPITALIZACIÓN DE MEDICINA PSIQUIATRÍA ";"13";"7";"160";"167";"4";"167";"0"
"2023";"09";"050101";"AYACUCHO";"HUAMANGA";"AYACUCHO";"GOBIERNO REGIONAL";"II-2";"00003543";"HOSPITAL REGIONAL DE AYACUCHO ""MIGUEL ANGEL MARISCAL LLERENA""";"250304";"HOSPIT. EN UNIDAD DE CUID.INTEN.-UNIDAD DE VIGILANCIA INTENSIVA (UVI)-MEDICINA";"47";"11";"136";"203";"8";"240";"6"
"2023";"09";"050101";"AYACUCHO";"HUAMANGA";"AYACUCHO";"GOBIERNO REGIONAL";"II-2";"00003543";"HOSPITAL REGIONAL DE AYACUCHO ""MIGUEL ANGEL MARISCAL LLERENA""";"240100";"HOSPITALIZACIÓN QUIRÚRGICA CIRUGÍA GENERAL ";"231";"210";"970";"708";"26";"814";"2"
"2023";"09";"050101";"AYACUCHO";"HUAMANGA";"AYACUCHO";"GOBIERNO REGIONAL";"II-2";"00003543";"HOSPITAL REGIONAL DE AYACUCHO ""MIGUEL ANGEL MARISCAL LLERENA""";"241200";"HOSPITALIZACIÓN QUIRÚRGICA TRAUMATOLOGÍA Y ORTOPEDIA ";"138";"114";"780";"720";"24";"818";"1"
"2023";"09";"050101";"AYACUCHO";"HUAMANGA";"AYACUCHO";"GOBIERNO REGIONAL";"II-2";"00003543";"HOSPITAL REGIONAL DE AYACUCHO ""MIGUEL ANGEL MARISCAL LLERENA""";"242500";"HOSPITALIZACIÓN-PEDIATRÍA GENERAL-";"130";"103";"689";"571";"28";"810";"0"
"2023";"09";"050101";"AYACUCHO";"HUAMANGA";"AYACUCHO";"GOBIERNO REGIONAL";"II-2";"00003543";"HOSPITAL REGIONAL DE AYACUCHO ""MIGUEL ANGEL MARISCAL LLERENA""";"240700";"HOSPITALIZACIÓN QUIRÚRGICA CIRUGÍA PEDIÁTRICA ";"63";"55";"327";"234";"8";"253";"0"
"2023";"09";"050101";"AYACUCHO";"HUAMANGA";"AYACUCHO";"GOBIERNO REGIONAL";"II-2";"00003543";"HOSPITAL REGIONAL DE AYACUCHO ""MIGUEL ANGEL MARISCAL LLERENA""";"250108";"UNIDAD DE CUIDADOS CRITICOS UNIDAD  DE CUIDADOS INTENSIVOS  (UCI) PEDIÁTRICA";"33";"7";"51";"116";"8";"240";"3"
"2023";"09";"050101";"AYACUCHO";"HUAMANGA";"AYACUCHO";"GOBIERNO REGIONAL";"II-2";"00003543";"HOSPITAL REGIONAL DE AYACUCHO ""MIGUEL ANGEL MARISCAL LLERENA""";"250105";"UNIDAD DE CUIDADOS CRITICOS UNIDAD  DE CUIDADOS INTENSIVOS  (UCI) NEONATOLOGÍA";"75";"4";"183";"540";"24";"732";"4"
"2023";"09";"050101";"AYACUCHO";"HUAMANGA";"AYACUCHO";"GOBIERNO REGIONAL";"II-2";"00003543";"HOSPITAL REGIONAL DE AYACUCHO ""MIGUEL ANGEL MARISCAL LLERENA""";"250305";"HOSPIT. EN UNIDAD DE CUID.INTEN.-UNIDAD DE VIGILANCIA INTENSIVA (UVI)-NEONATOLOGÍA";"68";"51";"755";"316";"20";"600";"0"
"2023";"09";"050101";"AYACUCHO";"HUAMANGA";"AYACUCHO";"GOBIERNO REGIONAL";"II-2";"00003543";"HOSPITAL REGIONAL DE AYACUCHO ""MIGUEL ANGEL MARISCAL LLERENA""";"243200";"HOSPITALIZACIÓN DE PEDIATRÍA PEDIATRIA NEONATOLOGÍA";"32";"28";"296";"117";"7";"210";"0"
"2023";"09";"050101";"AYACUCHO";"HUAMANGA";"AYACUCHO";"GOBIERNO REGIONAL";"II-2";"00003543";"HOSPITAL REGIONAL DE AYACUCHO ""MIGUEL ANGEL MARISCAL LLERENA""";"241400";"HOSPITALIZACIÓN QUIRÚRGICA GINECO - OBSTETRICIA ";"470";"332";"1227";"940";"54";"1632";"0"
"2023";"09";"050101";"AYACUCHO";"HUAMANGA";"AYACUCHO";"GOBIERNO REGIONAL";"II-2";"00003543";"HOSPITAL REGIONAL DE AYACUCHO ""MIGUEL ANGEL MARISCAL LLERENA""";"250302";"HOSPIT. EN UNIDAD DE CUID.INTEN.-UNIDAD DE VIGILANCIA INTENSIVA (UVI)-GINECO-OBSTETRICIA";"30";"0";"0";"51";"4";"120";"0"
"2023";"09";"050101";"AYACUCHO";"HUAMANGA";"AYACUCHO";"GOBIERNO REGIONAL";"II-2";"00003543";"HOSPITAL REGIONAL DE AYACUCHO ""MIGUEL ANGEL MARISCAL LLERENA""";"250100";"UNIDAD DE CUIDADOS CRITICOS UNIDAD  DE CUIDADOS INTENSIVOS GENERALES (UCI) ";"46";"7";"47";"316";"12";"360";"3"
"2023";"09";"080101";"CUSCO";"CUSCO";"CUSCO";"PRIVADO";"II-E";"00016758";"HERMANA JOSEFINA SERRANO";"240000";"HOSPITALIZACIÓN";"28";"23";"106";"29";"44";"1364";"0"
"2023";"09";"060101";"CAJAMARCA";"CAJAMARCA";"CAJAMARCA";"GOBIERNO REGIONAL";"I-3";"00027069";"CENTRO DE SALUD MENTAL COMUNITARIO ""ESPERANZA DE VIDA""";"NE_0001";"";"NE_0001";"NE_0001";"NE_0001";"NE_0001";"NE_0001";"NE_0001";"NE_0001"
"2023";"09";"040414";"AREQUIPA";"CASTILLA";"VIRACO";"GOBIERNO REGIONAL";"I-1";"00006766";"PUESTO DE SALUD HUAMI";"NE_0001";"";"NE_0001";"NE_0001";"NE_0001";"NE_0001";"NE_0001";"NE_0001";"NE_0001"
"2023";"09";"130901";"LA LIBERTAD";"SANCHEZ CARRION";"HUAMACHUCO";"GOBIERNO REGIONAL";"I-2";"00005351";"PUENTE PIEDRA";"NE_0001";"";"NE_0001";"NE_0001";"NE_0001";"NE_0001";"NE_0001";"NE_0001";"NE_0001"
"2023";"09";"130901";"LA LIBERTAD";"SANCHEZ CARRION";"HUAMACHUCO";"GOBIERNO REGIONAL";"I-2";"00005355";"EL PALLAR";"NE_0001";"";"NE_0001";"NE_0001";"NE_0001";"NE_0001";"NE_0001";"NE_0001";"NE_0001"
"2023";"09";"130901";"LA LIBERTAD";"SANCHEZ CARRION";"HUAMACHUCO";"GOBIERNO REGIONAL";"I-2";"00005350";"CHOQUIZONGUILLO";"NE_0001";"";"NE_0001";"NE_0001";"NE_0001";"NE_0001";"NE_0001";"NE_0001";"NE_0001"
"2023";"09";"130901";"LA LIBERTAD";"SANCHEZ CARRION";"HUAMACHUCO";"GOBIERNO REGIONAL";"I-1";"00018123";"EL OLIVO";"NE_0001";"";"NE_0001";"NE_0001";"NE_0001";"NE_0001";"NE_0001";"NE_0001";"NE_0001"
"2023";"09";"230103";"TACNA";"TACNA";"CALANA";"ESSALUD";"II-2";"00010185";"Hospital III Daniel Alcides Carrión EsSalud Red de Tacna";"250100";"UNIDAD DE CUIDADOS CRITICOS UNIDAD  DE CUIDADOS INTENSIVOS GENERALES (UCI) ";"7";"7";"285";"147";"5";"149";"2"
"2023";"09";"230103";"TACNA";"TACNA";"CALANA";"ESSALUD";"II-2";"00010185";"Hospital III Daniel Alcides Carrión EsSalud Red de Tacna";"250200";"UNIDAD DE CUIDADOS CRITICOS UNIDAD DE CUIDADOS INTERMEDIOS GENERAL  (UCIN) ";"41";"40";"256";"318";"12";"360";"6"
"2023";"09";"230103";"TACNA";"TACNA";"CALANA";"ESSALUD";"II-2";"00010185";"Hospital III Daniel Alcides Carrión EsSalud Red de Tacna";"241900";"HOSPITALIZACIÓN DE MEDICINA MEDICINA INTERNA ";"119";"129";"1477";"1320";"46";"1373";"5"
"2023";"09";"230103";"TACNA";"TACNA";"CALANA";"ESSALUD";"II-2";"00010185";"Hospital III Daniel Alcides Carrión EsSalud Red de Tacna";"240100";"HOSPITALIZACIÓN QUIRÚRGICA CIRUGÍA GENERAL ";"161";"160";"814";"742";"27";"800";"0"
"2023";"09";"230103";"TACNA";"TACNA";"CALANA";"ESSALUD";"II-2";"00010185";"Hospital III Daniel Alcides Carrión EsSalud Red de Tacna";"241400";"HOSPITALIZACIÓN QUIRÚRGICA GINECO - OBSTETRICIA ";"144";"146";"356";"377";"14";"418";"0"
"2023";"09";"230103";"TACNA";"TACNA";"CALANA";"ESSALUD";"II-2";"00010185";"Hospital III Daniel Alcides Carrión EsSalud Red de Tacna";"242300";"HOSPITALIZACIÓN DE PEDIATRÍA  PEDIATRÍA  GENERAL ";"62";"61";"173";"185";"8";"258";"0"
"2023";"09";"230103";"TACNA";"TACNA";"CALANA";"ESSALUD";"II-2";"00010185";"Hospital III Daniel Alcides Carrión EsSalud Red de Tacna";"243200";"HOSPITALIZACIÓN DE PEDIATRÍA PEDIATRIA NEONATOLOGÍA";"30";"29";"57";"63";"4";"128";"0"
"2023";"08";"250301";"UCAYALI";"PADRE ABAD";"PADRE ABAD";"GOBIERNO REGIONAL";"I-1";"00030640";"PUESTO DE SALUD YAMINO";"NE_0002";"";"NE_0002";"NE_0002";"NE_0002";"NE_0002";"NE_0002";"NE_0002";"NE_0002"
"2023";"08";"250301";"UCAYALI";"PADRE ABAD";"PADRE ABAD";"GOBIERNO REGIONAL";"I-1";"00030639";"PUESTO DE SALUD VALLE DE SION";"NE_0002";"";"NE_0002";"NE_0002";"NE_0002";"NE_0002";"NE_0002";"NE_0002";"NE_0002"
"2023";"08";"250301";"UCAYALI";"PADRE ABAD";"PADRE ABAD";"GOBIERNO REGIONAL";"I-1";"00030638";"PUESTO DE SALUD LOS OLIVOS";"NE_0002";"";"NE_0002";"NE_0002";"NE_0002";"NE_0002";"NE_0002";"NE_0002";"NE_0002"
"2023";"08";"250301";"UCAYALI";"PADRE ABAD";"PADRE ABAD";"GOBIERNO REGIONAL";"I-1";"00019070";"NUEVA CHONTA";"NE_0001";"";"NE_0001";"NE_0001";"NE_0001";"NE_0001";"NE_0001";"NE_0001";"NE_0001"
"2023";"08";"250301";"UCAYALI";"PADRE ABAD";"PADRE ABAD";"GOBIERNO REGIONAL";"I-1";"00005410";"SANTA ANA";"NE_0001";"";"NE_0001";"NE_0001";"NE_0001";"NE_0001";"NE_0001";"NE_0001";"NE_0001"
"2023";"10";"200101";"PIURA";"PIURA";"PIURA";"PRIVADO";"II-1";"00018310";"SANNA - CLINICA BELEN";"240000";"HOSPITALIZACIÓN";"296";"284";"835";"773";"36";"1116";"0"
"2023";"10";"200101";"PIURA";"PIURA";"PIURA";"PRIVADO";"II-1";"00018310";"SANNA - CLINICA BELEN";"250100";"UNIDAD DE CUIDADOS CRITICOS UNIDAD  DE CUIDADOS INTENSIVOS GENERALES (UCI) ";"11";"9";"75";"72";"5";"155";"2"
"2023";"10";"021001";"ANCASH";"HUARI";"HUARI";"GOBIERNO REGIONAL";"II-1";"00001813";"HOSPITAL DE APOYO HUARI";"242500";"HOSPITALIZACIÓN-PEDIATRÍA GENERAL-";"6";"7";"17";"97";"4";"124";"0"
"2023";"10";"021001";"ANCASH";"HUARI";"HUARI";"GOBIERNO REGIONAL";"II-1";"00001813";"HOSPITAL DE APOYO HUARI";"241500";"HOSPITALIZACIÓN QUIRÚRGICA GINECOLOGÍA  ";"3";"3";"8";"8";"6";"186";"0"
"2023";"10";"021001";"ANCASH";"HUARI";"HUARI";"GOBIERNO REGIONAL";"II-1";"00001813";"HOSPITAL DE APOYO HUARI";"241800";"HOSPITALIZACIÓN DE MEDICINA MEDICINA GENERAL ";"30";"35";"162";"181";"12";"372";"1"
"2023";"10";"021001";"ANCASH";"HUARI";"HUARI";"GOBIERNO REGIONAL";"II-1";"00001813";"HOSPITAL DE APOYO HUARI";"243200";"HOSPITALIZACIÓN DE PEDIATRÍA PEDIATRIA NEONATOLOGÍA";"6";"6";"17";"12";"1";"31";"1"
"2023";"10";"021001";"ANCASH";"HUARI";"HUARI";"GOBIERNO REGIONAL";"II-1";"00001813";"HOSPITAL DE APOYO HUARI";"241600";"HOSPITALIZACIÓN QUIRÚRGICA OBSTETRICIA   ";"50";"55";"111";"116";"6";"186";"0"
"2023";"10";"150501";"LIMA";"CAÑETE";"SAN VICENTE DE CAÑETE";"ESSALUD";"II-1";"00010536";"HOSPITAL II CAÑETE";"241800";"HOSPITALIZACIÓN DE MEDICINA MEDICINA GENERAL ";"69";"63";"364";"425";"18";"550";"2"
"2023";"10";"150501";"LIMA";"CAÑETE";"SAN VICENTE DE CAÑETE";"ESSALUD";"II-1";"00010536";"HOSPITAL II CAÑETE";"240100";"HOSPITALIZACIÓN QUIRÚRGICA CIRUGÍA GENERAL ";"69";"68";"291";"297";"12";"370";"0"
"2023";"10";"150501";"LIMA";"CAÑETE";"SAN VICENTE DE CAÑETE";"ESSALUD";"II-1";"00010536";"HOSPITAL II CAÑETE";"241600";"HOSPITALIZACIÓN QUIRÚRGICA OBSTETRICIA   ";"74";"74";"145";"145";"8";"253";"0"
"2023";"10";"150501";"LIMA";"CAÑETE";"SAN VICENTE DE CAÑETE";"ESSALUD";"II-1";"00010536";"HOSPITAL II CAÑETE";"241500";"HOSPITALIZACIÓN QUIRÚRGICA GINECOLOGÍA  ";"5";"4";"12";"13";"1";"29";"0"
"2023";"10";"150501";"LIMA";"CAÑETE";"SAN VICENTE DE CAÑETE";"ESSALUD";"II-1";"00010536";"HOSPITAL II CAÑETE";"242500";"HOSPITALIZACIÓN-PEDIATRÍA GENERAL-";"29";"29";"98";"98";"5";"162";"0"
"2023";"10";"150142";"LIMA";"LIMA";"VILLA EL SALVADOR";"ESSALUD";"II-1";"00008741";"ULDARICO ROCCA FERNANDEZ";"241800";"HOSPITALIZACIÓN DE MEDICINA MEDICINA GENERAL ";"71";"71";"300";"311";"16";"496";"2"
"2023";"10";"150142";"LIMA";"LIMA";"VILLA EL SALVADOR";"ESSALUD";"II-1";"00008741";"ULDARICO ROCCA FERNANDEZ";"240100";"HOSPITALIZACIÓN QUIRÚRGICA CIRUGÍA GENERAL ";"97";"101";"246";"234";"15";"465";"0"
"2023";"10";"150142";"LIMA";"LIMA";"VILLA EL SALVADOR";"ESSALUD";"II-1";"00008741";"ULDARICO ROCCA FERNANDEZ";"241500";"HOSPITALIZACIÓN QUIRÚRGICA GINECOLOGÍA  ";"23";"23";"82";"82";"3";"93";"0"
"2023";"10";"150142";"LIMA";"LIMA";"VILLA EL SALVADOR";"ESSALUD";"II-1";"00008741";"ULDARICO ROCCA FERNANDEZ";"241600";"HOSPITALIZACIÓN QUIRÚRGICA OBSTETRICIA   ";"164";"166";"337";"336";"15";"465";"0"
"2023";"10";"150142";"LIMA";"LIMA";"VILLA EL SALVADOR";"ESSALUD";"II-1";"00008741";"ULDARICO ROCCA FERNANDEZ";"242300";"HOSPITALIZACIÓN DE PEDIATRÍA  PEDIATRÍA  GENERAL ";"89";"90";"280";"265";"9";"279";"0"
"2023";"10";"150142";"LIMA";"LIMA";"VILLA EL SALVADOR";"ESSALUD";"II-1";"00008741";"ULDARICO ROCCA FERNANDEZ";"250100";"UNIDAD DE CUIDADOS CRITICOS UNIDAD  DE CUIDADOS INTENSIVOS GENERALES (UCI) ";"13";"12";"73";"90";"4";"124";"4"
"2023";"10";"220804";"SAN MARTIN";"RIOJA";"NUEVA CAJAMARCA";"GOBIERNO REGIONAL";"I-4";"00006283";"HOSPITAL RURAL NUEVA CAJAMARCA";"241600";"HOSPITALIZACIÓN QUIRÚRGICA OBSTETRICIA   ";"47";"47";"65";"65";"8";"248";"0"
"2023";"10";"220804";"SAN MARTIN";"RIOJA";"NUEVA CAJAMARCA";"GOBIERNO REGIONAL";"I-4";"00006283";"HOSPITAL RURAL NUEVA CAJAMARCA";"241800";"HOSPITALIZACIÓN DE MEDICINA MEDICINA GENERAL ";"47";"52";"129";"129";"8";"248";"0"
"2023";"10";"220804";"SAN MARTIN";"RIOJA";"NUEVA CAJAMARCA";"GOBIERNO REGIONAL";"I-4";"00006283";"HOSPITAL RURAL NUEVA CAJAMARCA";"242500";"HOSPITALIZACIÓN-PEDIATRÍA GENERAL-";"8";"8";"21";"21";"5";"155";"0"
"2023";"10";"220804";"SAN MARTIN";"RIOJA";"NUEVA CAJAMARCA";"GOBIERNO REGIONAL";"I-1";"00006289";"MIRAFLORES";"NE_0001";"";"NE_0001";"NE_0001";"NE_0001";"NE_0001";"NE_0001";"NE_0001";"NE_0001"
"2023";"10";"220804";"SAN MARTIN";"RIOJA";"NUEVA CAJAMARCA";"GOBIERNO REGIONAL";"I-1";"00006287";"TAHUANTINSUYO";"NE_0001";"";"NE_0001";"NE_0001";"NE_0001";"NE_0001";"NE_0001";"NE_0001";"NE_0001"
"2023";"10";"220804";"SAN MARTIN";"RIOJA";"NUEVA CAJAMARCA";"GOBIERNO REGIONAL";"I-1";"00006284";"LA FLORIDA";"NE_0001";"";"NE_0001";"NE_0001";"NE_0001";"NE_0001";"NE_0001";"NE_0001";"NE_0001"
"2023";"10";"220804";"SAN MARTIN";"RIOJA";"NUEVA CAJAMARCA";"GOBIERNO REGIONAL";"I-1";"00006285";"LA UNION";"NE_0001";"";"NE_0001";"NE_0001";"NE_0001";"NE_0001";"NE_0001";"NE_0001";"NE_0001"
"2023";"10";"220804";"SAN MARTIN";"RIOJA";"NUEVA CAJAMARCA";"GOBIERNO REGIONAL";"I-1";"00006286";"PALESTINA";"NE_0001";"";"NE_0001";"NE_0001";"NE_0001";"NE_0001";"NE_0001";"NE_0001";"NE_0001"
"2023";"10";"220804";"SAN MARTIN";"RIOJA";"NUEVA CAJAMARCA";"GOBIERNO REGIONAL";"I-1";"00006288";"UCRANIA";"NE_0001";"";"NE_0001";"NE_0001";"NE_0001";"NE_0001";"NE_0001";"NE_0001";"NE_0001"
"2023";"10";"150101";"LIMA";"LIMA";"LIMA";"MINSA";"III-2";"00006209";"INSTITUTO NACIONAL DE CIENCIAS NEUROLOGICAS";"244800";"HOSPITALIZACIÓN DE MEDICINA-NEUROLOGIA -NEUROLOGIA DE LA CONDUCTA";"33";"27";"192";"190";"15";"465";"0"
"2023";"10";"150101";"LIMA";"LIMA";"LIMA";"MINSA";"III-2";"00006209";"INSTITUTO NACIONAL DE CIENCIAS NEUROLOGICAS";"245200";"HOSPITALIZACIÓN DE MEDICINA NEUROLOGIA  EPILEPSIA/EPILEPTOLOGIA";"29";"22";"230";"265";"10";"302";"0"
"2023";"10";"150101";"LIMA";"LIMA";"LIMA";"MINSA";"III-2";"00006209";"INSTITUTO NACIONAL DE CIENCIAS NEUROLOGICAS";"243400";"HOSPITALIZACIÓN DE PEDIATRÍA PEDIATRIA NEUROLOGÍA PEDIÁTRICA";"19";"25";"367";"296";"14";"434";"0"
"2023";"10";"150101";"LIMA";"LIMA";"LIMA";"MINSA";"III-2";"00006209";"INSTITUTO NACIONAL DE CIENCIAS NEUROLOGICAS";"245100";"HOSPITALIZACIÓN DE MEDICINA NEUROLOGIA  ENFERMEDADES INFECCIOSAS/TRANSMISIBLES DEL SISTEMA NERVIOSO";"13";"10";"343";"486";"16";"496";"1"
"2023";"10";"150101";"LIMA";"LIMA";"LIMA";"MINSA";"III-2";"00006209";"INSTITUTO NACIONAL DE CIENCIAS NEUROLOGICAS";"245000";"HOSPITALIZACIÓN DE MEDICINA NEUROLOGIA  NEUROVASCULARES Y METABOLICAS";"39";"27";"326";"284";"12";"372";"0"
"2023";"10";"150101";"LIMA";"LIMA";"LIMA";"MINSA";"III-2";"00006209";"INSTITUTO NACIONAL DE CIENCIAS NEUROLOGICAS";"244900";"HOSPITALIZACIÓN DE MEDICINA NEUROLOGIA  NEURODEGENERATIVAS";"40";"33";"535";"567";"22";"696";"2"
"2023";"10";"150101";"LIMA";"LIMA";"LIMA";"MINSA";"III-2";"00006209";"INSTITUTO NACIONAL DE CIENCIAS NEUROLOGICAS";"240900";"HOSPITALIZACIÓN QUIRÚRGICA NEUROCIRUGÍA ";"152";"77";"997";"926";"33";"1025";"2"
"2023";"10";"150101";"LIMA";"LIMA";"LIMA";"MINSA";"III-2";"00006209";"INSTITUTO NACIONAL DE CIENCIAS NEUROLOGICAS";"250106";"UNIDAD DE CUIDADOS CRITICOS UNIDAD  DE CUIDADOS INTENSIVOS  (UCI) NEUROLÓGICA";"17";"2";"43";"205";"7";"217";"2"
"2023";"10";"150101";"LIMA";"LIMA";"LIMA";"MINSA";"III-2";"00006209";"INSTITUTO NACIONAL DE CIENCIAS NEUROLOGICAS";"250200";"UNIDAD DE CUIDADOS CRITICOS UNIDAD DE CUIDADOS INTERMEDIOS GENERAL  (UCIN) ";"4";"2";"105";"117";"6";"186";"0"
"2023";"10";"080913";"CUSCO";"LA CONVENCION";"VILLA KINTIARINA";"GOBIERNO REGIONAL";"I-3";"00002488";"VILLA KINTIARINA";"NE_0001";"";"NE_0001";"NE_0001";"NE_0001";"NE_0001";"NE_0001";"NE_0001";"NE_0001"
"2023";"10";"080907";"CUSCO";"LA CONVENCION";"KIMBIRI";"GOBIERNO REGIONAL";"I-2";"00002472";"MAPITUNARI";"NE_0001";"";"NE_0001";"NE_0001";"NE_0001";"NE_0001";"NE_0001";"NE_0001";"NE_0001"
"2023";"10";"080907";"CUSCO";"LA CONVENCION";"KIMBIRI";"GOBIERNO REGIONAL";"I-2";"00002475";"KIMBIRI ALTO";"NE_0001";"";"NE_0001";"NE_0001";"NE_0001";"NE_0001";"NE_0001";"NE_0001";"NE_0001"
"2023";"10";"080912";"CUSCO";"LA CONVENCION";"VILLA VIRGEN";"GOBIERNO REGIONAL";"I-2";"00002479";"VILLA VIRGEN";"NE_0001";"";"NE_0001";"NE_0001";"NE_0001";"NE_0001";"NE_0001";"NE_0001";"NE_0001"
"2023";"10";"080907";"CUSCO";"LA CONVENCION";"KIMBIRI";"GOBIERNO REGIONAL";"I-1";"00002473";"UNION ROSALES";"NE_0001";"";"NE_0001";"NE_0001";"NE_0001";"NE_0001";"NE_0001";"NE_0001";"NE_0001"
"2023";"10";"080907";"CUSCO";"LA CONVENCION";"KIMBIRI";"GOBIERNO REGIONAL";"I-2";"00002470";"CHIRUMPIARI";"NE_0001";"";"NE_0001";"NE_0001";"NE_0001";"NE_0001";"NE_0001";"NE_0001";"NE_0001"
"2023";"10";"080913";"CUSCO";"LA CONVENCION";"VILLA KINTIARINA";"GOBIERNO REGIONAL";"I-2";"00008283";"PUEBLO LIBRE";"NE_0001";"";"NE_0001";"NE_0001";"NE_0001";"NE_0001";"NE_0001";"NE_0001";"NE_0001"
"2023";"10";"080907";"CUSCO";"LA CONVENCION";"KIMBIRI";"GOBIERNO REGIONAL";"I-3";"00002471";"LOBO TAHUANTINSUYO";"NE_0001";"";"NE_0001";"NE_0001";"NE_0001";"NE_0001";"NE_0001";"NE_0001";"NE_0001"
"2023";"11";"150136";"LIMA";"LIMA";"SAN MIGUEL";"PRIVADO";"II-2";"00011401";"CLINICA SAN JUDAS TADEO";"240000";"HOSPITALIZACIÓN";"327";"294";"926";"1040";"54";"1620";"2"
"2023";"09";"120114";"JUNIN";"HUANCAYO";"EL TAMBO";"PRIVADO";"II-1";"00008024";"CLINICA CAYETANO HEREDIA";"240000";"HOSPITALIZACIÓN";"140";"150";"490";"380";"45";"1300";"0"
"2023";"09";"120114";"JUNIN";"HUANCAYO";"EL TAMBO";"PRIVADO";"II-1";"00008024";"CLINICA CAYETANO HEREDIA";"241400";"HOSPITALIZACIÓN QUIRÚRGICA GINECO - OBSTETRICIA ";"35";"38";"100";"85";"8";"240";"0"
"2023";"09";"130101";"LA LIBERTAD";"TRUJILLO";"TRUJILLO";"PRIVADO";"II-E";"00029964";"OFTALMOCENTER";"NE_0001";"";"NE_0001";"NE_0001";"NE_0001";"NE_0001";"NE_0001";"NE_0001";"NE_0001"
"2023";"08";"250106";"UCAYALI";"CORONEL PORTILLO";"NUEVA REQUENA";"GOBIERNO REGIONAL";"I-1";"00013174";"SAN PABLO DE JUANTIA";"NE_0001";"";"NE_0001";"NE_0001";"NE_0001";"NE_0001";"NE_0001";"NE_0001";"NE_0001"
"2023";"08";"250106";"UCAYALI";"CORONEL PORTILLO";"NUEVA REQUENA";"GOBIERNO REGIONAL";"I-1";"00005450";"NARANJAL";"NE_0001";"";"NE_0001";"NE_0001";"NE_0001";"NE_0001";"NE_0001";"NE_0001";"NE_0001"
"2023";"08";"250106";"UCAYALI";"CORONEL PORTILLO";"NUEVA REQUENA";"GOBIERNO REGIONAL";"I-1";"00005449";"SHAMBO PORVENIR";"NE_0001";"";"NE_0001";"NE_0001";"NE_0001";"NE_0001";"NE_0001";"NE_0001";"NE_0001"
"2023";"08";"250106";"UCAYALI";"CORONEL PORTILLO";"NUEVA REQUENA";"GOBIERNO REGIONAL";"I-1";"00005448";"MIRAFLORES";"NE_0001";"";"NE_0001";"NE_0001";"NE_0001";"NE_0001";"NE_0001";"NE_0001";"NE_0001"
"2023";"08";"250106";"UCAYALI";"CORONEL PORTILLO";"NUEVA REQUENA";"GOBIERNO REGIONAL";"I-1";"00005447";"ESPERANZA  DE AGUAYTIA";"NE_0001";"";"NE_0001";"NE_0001";"NE_0001";"NE_0001";"NE_0001";"NE_0001";"NE_0001"
"2023";"08";"250106";"UCAYALI";"CORONEL PORTILLO";"NUEVA REQUENA";"GOBIERNO REGIONAL";"I-1";"00005446";"NUEVO PIURA";"NE_0001";"";"NE_0001";"NE_0001";"NE_0001";"NE_0001";"NE_0001";"NE_0001";"NE_0001"
"2023";"08";"250106";"UCAYALI";"CORONEL PORTILLO";"NUEVA REQUENA";"GOBIERNO REGIONAL";"I-1";"00005445";"JUVENTUD";"NE_0001";"";"NE_0001";"NE_0001";"NE_0001";"NE_0001";"NE_0001";"NE_0001";"NE_0001"
"2023";"08";"250102";"UCAYALI";"CORONEL PORTILLO";"CAMPOVERDE";"GOBIERNO REGIONAL";"I-1";"00005444";"SARITA COLONIA";"NE_0001";"";"NE_0001";"NE_0001";"NE_0001";"NE_0001";"NE_0001";"NE_0001";"NE_0001"
"2023";"08";"250106";"UCAYALI";"CORONEL PORTILLO";"NUEVA REQUENA";"GOBIERNO REGIONAL";"I-3";"00005443";"NUEVA REQUENA";"NE_0001";"";"NE_0001";"NE_0001";"NE_0001";"NE_0001";"NE_0001";"NE_0001";"NE_0001"
"2023";"10";"040101";"AREQUIPA";"AREQUIPA";"AREQUIPA";"PRIVADO";"II-E";"00011995";"CLINICA ALMONTE SAC";"240800";"HOSPITALIZACIÓN QUIRÚRGICA CIRUGÍA PLÁSTICA/RECONSTRUCTIVA/ REPARADORA ";"8";"8";"8";"8";"3";"62";"0"
"2023";"09";"200101";"PIURA";"PIURA";"PIURA";"PRIVADO";"II-E";"00012918";"OFTALMOLOGOS ASOCIADOS VER SAC";"NE_0001";"";"NE_0001";"NE_0001";"NE_0001";"NE_0001";"NE_0001";"NE_0001";"NE_0001"
"2023";"10";"060802";"CAJAMARCA";"JAEN";"BELLAVISTA";"GOBIERNO REGIONAL";"II-1";"00004223";"SAN JAVIER BELLAVISTA";"242500";"HOSPITALIZACIÓN-PEDIATRÍA GENERAL-";"4";"5";"12";"15";"3";"93";"0"
"2023";"10";"060802";"CAJAMARCA";"JAEN";"BELLAVISTA";"GOBIERNO REGIONAL";"II-1";"00004223";"SAN JAVIER BELLAVISTA";"241800";"HOSPITALIZACIÓN DE MEDICINA MEDICINA GENERAL ";"13";"9";"30";"58";"4";"124";"0"
"2023";"10";"060802";"CAJAMARCA";"JAEN";"BELLAVISTA";"GOBIERNO REGIONAL";"II-1";"00004223";"SAN JAVIER BELLAVISTA";"241400";"HOSPITALIZACIÓN QUIRÚRGICA GINECO - OBSTETRICIA ";"4";"3";"9";"17";"4";"124";"0"
"2023";"10";"060802";"CAJAMARCA";"JAEN";"BELLAVISTA";"GOBIERNO REGIONAL";"II-1";"00004223";"SAN JAVIER BELLAVISTA";"241500";"HOSPITALIZACIÓN QUIRÚRGICA GINECOLOGÍA  ";"1";"1";"3";"4";"4";"124";"0"
"2023";"10";"060802";"CAJAMARCA";"JAEN";"BELLAVISTA";"GOBIERNO REGIONAL";"II-1";"00004223";"SAN JAVIER BELLAVISTA";"241600";"HOSPITALIZACIÓN QUIRÚRGICA OBSTETRICIA   ";"2";"2";"5";"8";"4";"1245";"0"
"2023";"10";"060802";"CAJAMARCA";"JAEN";"BELLAVISTA";"GOBIERNO REGIONAL";"II-1";"00004223";"SAN JAVIER BELLAVISTA";"240100";"HOSPITALIZACIÓN QUIRÚRGICA CIRUGÍA GENERAL ";"2";"2";"3";"5";"2";"62";"0"
"2023";"10";"220807";"SAN MARTIN";"RIOJA";"SAN FERNANDO";"GOBIERNO REGIONAL";"I-3";"00006290";"SAN FERNANDO";"NE_0002";"";"NE_0002";"NE_0002";"NE_0002";"NE_0002";"NE_0002";"NE_0002";"NE_0002"
"2023";"10";"130101";"LA LIBERTAD";"TRUJILLO";"TRUJILLO";"GOBIERNO REGIONAL";"II-1";"00005204";"HOSPITAL DE ESPECIALIDADES BASICAS LA NORIA";"241800";"HOSPITALIZACIÓN DE MEDICINA MEDICINA GENERAL ";"3";"3";"12";"12";"4";"124";"0"
"2023";"10";"130101";"LA LIBERTAD";"TRUJILLO";"TRUJILLO";"GOBIERNO REGIONAL";"II-1";"00005204";"HOSPITAL DE ESPECIALIDADES BASICAS LA NORIA";"243200";"HOSPITALIZACIÓN DE PEDIATRÍA PEDIATRIA NEONATOLOGÍA";"6";"6";"7";"7";"4";"124";"0"
"2023";"10";"130101";"LA LIBERTAD";"TRUJILLO";"TRUJILLO";"GOBIERNO REGIONAL";"II-1";"00005204";"HOSPITAL DE ESPECIALIDADES BASICAS LA NORIA";"241400";"HOSPITALIZACIÓN QUIRÚRGICA GINECO - OBSTETRICIA ";"34";"34";"64";"64";"4";"124";"0"
"2023";"10";"130101";"LA LIBERTAD";"TRUJILLO";"TRUJILLO";"GOBIERNO REGIONAL";"II-1";"00005204";"HOSPITAL DE ESPECIALIDADES BASICAS LA NORIA";"241600";"HOSPITALIZACIÓN QUIRÚRGICA OBSTETRICIA   ";"17";"16";"18";"21";"5";"155";"0"
"2023";"10";"120706";"JUNIN";"TARMA";"PALCA";"GOBIERNO REGIONAL";"I-1";"00000575";"HUARIPAMPA";"NE_0001";"";"NE_0001";"NE_0001";"NE_0001";"NE_0001";"NE_0001";"NE_0001";"NE_0001"
"2023";"10";"120706";"JUNIN";"TARMA";"PALCA";"GOBIERNO REGIONAL";"I-1";"00000576";"PATAY";"NE_0001";"";"NE_0001";"NE_0001";"NE_0001";"NE_0001";"NE_0001";"NE_0001";"NE_0001"
"2023";"10";"120706";"JUNIN";"TARMA";"PALCA";"GOBIERNO REGIONAL";"I-1";"00000570";"ÑAHUIN";"NE_0001";"";"NE_0001";"NE_0001";"NE_0001";"NE_0001";"NE_0001";"NE_0001";"NE_0001"
"2023";"10";"120706";"JUNIN";"TARMA";"PALCA";"GOBIERNO REGIONAL";"I-1";"00000571";"CARPAPATA";"NE_0001";"";"NE_0001";"NE_0001";"NE_0001";"NE_0001";"NE_0001";"NE_0001";"NE_0001"
"2023";"10";"220506";"SAN MARTIN";"LAMAS";"PINTO RECODO";"GOBIERNO REGIONAL";"I-1";"00006410";"CHURUZAPA PINTO RECODO";"NE_0001";"";"NE_0001";"NE_0001";"NE_0001";"NE_0001";"NE_0001";"NE_0001";"NE_0001"
"2023";"10";"220510";"SAN MARTIN";"LAMAS";"TABALOSOS";"GOBIERNO REGIONAL";"I-4";"00006408";"TABALOSOS";"241600";"HOSPITALIZACIÓN QUIRÚRGICA OBSTETRICIA   ";"18";"19";"19";"19";"19";"310";"0"
"2023";"10";"220510";"SAN MARTIN";"LAMAS";"TABALOSOS";"GOBIERNO REGIONAL";"I-4";"00006408";"TABALOSOS";"241800";"HOSPITALIZACIÓN DE MEDICINA MEDICINA GENERAL ";"9";"9";"19";"9";"8";"310";"0"
"2023";"10";"220510";"SAN MARTIN";"LAMAS";"TABALOSOS";"GOBIERNO REGIONAL";"I-1";"00006414";"PUCAYACU PANJUI";"NE_0001";"";"NE_0001";"NE_0001";"NE_0001";"NE_0001";"NE_0001";"NE_0001";"NE_0001"
"2023";"10";"150135";"LIMA";"LIMA";"SAN MARTIN DE PORRES";"PRIVADO";"II-E";"00025573";"CREO Clínica Renal y Oncológica";"NE_0001";"";"NE_0001";"NE_0001";"NE_0001";"NE_0001";"NE_0001";"NE_0001";"NE_0001"
"2023";"10";"110102";"ICA";"ICA";"LA TINGUIÑA";"ESSALUD";"I-3";"00024531";"LA TINGUIÑA";"NE_0001";"";"NE_0001";"NE_0001";"NE_0001";"NE_0001";"NE_0001";"NE_0001";"NE_0001"
"2023";"10";"220504";"SAN MARTIN";"LAMAS";"CAYNARACHI";"GOBIERNO REGIONAL";"I-1";"00006417";"SAN MIGUEL DE ACHINAMIZA";"NE_0001";"";"NE_0001";"NE_0001";"NE_0001";"NE_0001";"NE_0001";"NE_0001";"NE_0001"
"2023";"10";"220504";"SAN MARTIN";"LAMAS";"CAYNARACHI";"GOBIERNO REGIONAL";"I-1";"00006421";"YUMBATOS";"NE_0001";"";"NE_0001";"NE_0001";"NE_0001";"NE_0001";"NE_0001";"NE_0001";"NE_0001"
"2023";"10";"220504";"SAN MARTIN";"LAMAS";"CAYNARACHI";"GOBIERNO REGIONAL";"I-4";"00006415";"PONGO DEL CAYNARACHI";"241600";"HOSPITALIZACIÓN QUIRÚRGICA OBSTETRICIA   ";"7";"7";"9";"8";"4";"124";"0"
"2023";"10";"220504";"SAN MARTIN";"LAMAS";"CAYNARACHI";"GOBIERNO REGIONAL";"I-2";"00006418";"ALIANZA";"NE_0001";"";"NE_0001";"NE_0001";"NE_0001";"NE_0001";"NE_0001";"NE_0001";"NE_0001"
"2023";"11";"120101";"JUNIN";"HUANCAYO";"HUANCAYO";"SANIDAD DE LA POLICIA NACIONAL DEL PERU";"I-3";"00010710";"POLICLINICO POLICIAL HUANCAYO ENRIQUE TORRES GONZALES";"NE_0001";"";"NE_0001";"NE_0001";"NE_0001";"NE_0001";"NE_0001";"NE_0001";"NE_0001"
"2023";"11";"040701";"AREQUIPA";"ISLAY";"MOLLENDO";"SANIDAD DE LA POLICIA NACIONAL DEL PERU";"I-2";"00017336";"IX MACRO REGION DE SANIDAD POLICIAL  AREQUIPA / HOSREPOL AREQUIPA/ POSTA MEDICA POLICIAL ISLAY";"NE_0001";"";"NE_0001";"NE_0001";"NE_0001";"NE_0001";"NE_0001";"NE_0001";"NE_0001"
"2023";"11";"150103";"LIMA";"LIMA";"ATE";"SANIDAD DE LA POLICIA NACIONAL DEL PERU";"I-3";"00012275";"POLICLINICO PNP DINOES";"NE_0001";"";"NE_0001";"NE_0001";"NE_0001";"NE_0001";"NE_0001";"NE_0001";"NE_0001"
"2023";"11";"120101";"JUNIN";"HUANCAYO";"HUANCAYO";"PRIVADO";"II-1";"00025971";"CLINICA BILBAO";"NE_0002";"";"NE_0002";"NE_0002";"NE_0002";"NE_0002";"NE_0002";"NE_0002";"NE_0002"
"2023";"11";"150143";"LIMA";"LIMA";"VILLA MARIA DEL TRIUNFO";"PRIVADO";"I-4";"00010229";"CENTRO MEDICO ESPECIALIZADO VIRGEN DE LAS MERCEDES E.I.R.L";"NE_0002";"";"NE_0002";"NE_0002";"NE_0002";"NE_0002";"NE_0002";"NE_0002";"NE_0002"
"2023";"11";"050104";"AYACUCHO";"HUAMANGA";"CARMEN ALTO";"SANIDAD DE LA POLICIA NACIONAL DEL PERU";"I-2";"00027415";"POSTA MEDICA POLICIAL EESTP PNP AYACUCHO";"NE_0001";"";"NE_0001";"NE_0001";"NE_0001";"NE_0001";"NE_0001";"NE_0001";"NE_0001"
"2023";"11";"120401";"JUNIN";"JAUJA";"JAUJA";"SANIDAD DE LA POLICIA NACIONAL DEL PERU";"I-2";"00011874";"POSTA MEDICA POLICIAL JAUJA";"NE_0001";"";"NE_0001";"NE_0001";"NE_0001";"NE_0001";"NE_0001";"NE_0001";"NE_0001"
"2023";"11";"080705";"CUSCO";"CHUMBIVILCAS";"LIVITACA";"GOBIERNO REGIONAL";"I-1";"00016325";"CHILLOROYA - LIVITACA";"NE_0001";"";"NE_0001";"NE_0001";"NE_0001";"NE_0001";"NE_0001";"NE_0001";"NE_0001"
"2023";"11";"080705";"CUSCO";"CHUMBIVILCAS";"LIVITACA";"GOBIERNO REGIONAL";"I-1";"00016327";"AUSANTA";"NE_0001";"";"NE_0001";"NE_0001";"NE_0001";"NE_0001";"NE_0001";"NE_0001";"NE_0001"
"2023";"11";"080705";"CUSCO";"CHUMBIVILCAS";"LIVITACA";"GOBIERNO REGIONAL";"I-1";"00016334";"KISIO";"NE_0001";"";"NE_0001";"NE_0001";"NE_0001";"NE_0001";"NE_0001";"NE_0001";"NE_0001"
"2023";"11";"080705";"CUSCO";"CHUMBIVILCAS";"LIVITACA";"GOBIERNO REGIONAL";"I-4";"00002406";"LIVITACA";"NE_0001";"";"NE_0001";"NE_0001";"NE_0001";"NE_0001";"NE_0001";"NE_0001";"NE_0001"
"2023";"11";"080705";"CUSCO";"CHUMBIVILCAS";"LIVITACA";"GOBIERNO REGIONAL";"I-1";"00025739";"PISQUICOCHA";"NE_0001";"";"NE_0001";"NE_0001";"NE_0001";"NE_0001";"NE_0001";"NE_0001";"NE_0001"
"2023";"11";"080705";"CUSCO";"CHUMBIVILCAS";"LIVITACA";"GOBIERNO REGIONAL";"I-1";"00025740";"TOTORA - REYNA DE LOS ANGELES";"NE_0001";"";"NE_0001";"NE_0001";"NE_0001";"NE_0001";"NE_0001";"NE_0001";"NE_0001"
"2023";"11";"080705";"CUSCO";"CHUMBIVILCAS";"LIVITACA";"GOBIERNO REGIONAL";"I-2";"00016332";"PATAQUEÑA - LIVITACA";"NE_0001";"";"NE_0001";"NE_0001";"NE_0001";"NE_0001";"NE_0001";"NE_0001";"NE_0001"
"2023";"11";"090101";"HUANCAVELICA";"HUANCAVELICA";"HUANCAVELICA";"SANIDAD DE LA POLICIA NACIONAL DEL PERU";"I-2";"00009476";"POSTA  MEDICA  POLICIAL- HUANCAVELICA";"NE_0001";"";"NE_0001";"NE_0001";"NE_0001";"NE_0001";"NE_0001";"NE_0001";"NE_0001"
"2023";"11";"240101";"TUMBES";"TUMBES";"TUMBES";"PRIVADO";"II-E";"00007874";"CLINICA FEIJOO EIRL";"241400";"HOSPITALIZACIÓN QUIRÚRGICA GINECO - OBSTETRICIA ";"2";"2";"2";"2";"3";"90";"0"
"2023";"11";"240101";"TUMBES";"TUMBES";"TUMBES";"PRIVADO";"II-E";"00007874";"CLINICA FEIJOO EIRL";"240100";"HOSPITALIZACIÓN QUIRÚRGICA CIRUGÍA GENERAL ";"4";"4";"4";"4";"3";"90";"0"
"2023";"11";"220603";"SAN MARTIN";"MARISCAL CACERES";"HUICUNGO";"GOBIERNO REGIONAL";"I-1";"00006569";"SANTA INES";"NE_0001";"";"NE_0001";"NE_0001";"NE_0001";"NE_0001";"NE_0001";"NE_0001";"NE_0001"
"2023";"11";"220603";"SAN MARTIN";"MARISCAL CACERES";"HUICUNGO";"GOBIERNO REGIONAL";"I-1";"00006571";"PIZARRO";"NE_0001";"";"NE_0001";"NE_0001";"NE_0001";"NE_0001";"NE_0001";"NE_0001";"NE_0001"
"2023";"11";"220604";"SAN MARTIN";"MARISCAL CACERES";"PACHIZA";"GOBIERNO REGIONAL";"I-1";"00006572";"PACHIZA";"NE_0001";"";"NE_0001";"NE_0001";"NE_0001";"NE_0001";"NE_0001";"NE_0001";"NE_0001"
"2023";"11";"220604";"SAN MARTIN";"MARISCAL CACERES";"PACHIZA";"GOBIERNO REGIONAL";"I-1";"00006573";"ALTO EL SOL";"NE_0001";"";"NE_0001";"NE_0001";"NE_0001";"NE_0001";"NE_0001";"NE_0001";"NE_0001"
"2023";"11";"220604";"SAN MARTIN";"MARISCAL CACERES";"PACHIZA";"GOBIERNO REGIONAL";"I-1";"00006574";"NUEVO CHIMBOTE";"NE_0001";"";"NE_0001";"NE_0001";"NE_0001";"NE_0001";"NE_0001";"NE_0001";"NE_0001"
"2023";"11";"220603";"SAN MARTIN";"MARISCAL CACERES";"HUICUNGO";"GOBIERNO REGIONAL";"I-1";"00006568";"DOS DE MAYO";"NE_0001";"";"NE_0001";"NE_0001";"NE_0001";"NE_0001";"NE_0001";"NE_0001";"NE_0001"
"2023";"11";"220603";"SAN MARTIN";"MARISCAL CACERES";"HUICUNGO";"GOBIERNO REGIONAL";"I-1";"00006570";"NUEVA ESPERANZA";"NE_0001";"";"NE_0001";"NE_0001";"NE_0001";"NE_0001";"NE_0001";"NE_0001";"NE_0001"
"2023";"11";"220101";"SAN MARTIN";"MOYOBAMBA";"MOYOBAMBA";"ESSALUD";"II-1";"00015598";"HOSPITAL I ALTO MAYO";"241800";"HOSPITALIZACIÓN DE MEDICINA MEDICINA GENERAL ";"63";"65";"353";"342";"14";"420";"3"
"2023";"11";"220101";"SAN MARTIN";"MOYOBAMBA";"MOYOBAMBA";"ESSALUD";"II-1";"00015598";"HOSPITAL I ALTO MAYO";"240100";"HOSPITALIZACIÓN QUIRÚRGICA CIRUGÍA GENERAL ";"74";"79";"248";"182";"7";"210";"1"
"2023";"11";"220101";"SAN MARTIN";"MOYOBAMBA";"MOYOBAMBA";"ESSALUD";"II-1";"00015598";"HOSPITAL I ALTO MAYO";"241500";"HOSPITALIZACIÓN QUIRÚRGICA GINECOLOGÍA  ";"11";"8";"31";"35";"2";"60";"0"
"2023";"11";"220101";"SAN MARTIN";"MOYOBAMBA";"MOYOBAMBA";"ESSALUD";"II-1";"00015598";"HOSPITAL I ALTO MAYO";"241600";"HOSPITALIZACIÓN QUIRÚRGICA OBSTETRICIA   ";"72";"71";"220";"152";"9";"270";"0"
"2023";"11";"220101";"SAN MARTIN";"MOYOBAMBA";"MOYOBAMBA";"ESSALUD";"II-1";"00015598";"HOSPITAL I ALTO MAYO";"242300";"HOSPITALIZACIÓN DE PEDIATRÍA  PEDIATRÍA  GENERAL ";"22";"20";"94";"89";"3";"90";"0"
"2023";"11";"130401";"LA LIBERTAD";"CHEPEN";"CHEPEN";"ESSALUD";"II-1";"00009954";"HOSPITAL I CHEPEN ESSALUD";"241900";"HOSPITALIZACIÓN DE MEDICINA MEDICINA INTERNA ";"33";"33";"166";"95";"4";"120";"1"
"2023";"11";"130401";"LA LIBERTAD";"CHEPEN";"CHEPEN";"ESSALUD";"II-1";"00009954";"HOSPITAL I CHEPEN ESSALUD";"240100";"HOSPITALIZACIÓN QUIRÚRGICA CIRUGÍA GENERAL ";"5";"7";"33";"54";"2";"60";"0"
"2023";"11";"130401";"LA LIBERTAD";"CHEPEN";"CHEPEN";"ESSALUD";"II-1";"00009954";"HOSPITAL I CHEPEN ESSALUD";"241500";"HOSPITALIZACIÓN QUIRÚRGICA GINECOLOGÍA  ";"3";"5";"17";"7";"2";"60";"0"
"2023";"11";"130401";"LA LIBERTAD";"CHEPEN";"CHEPEN";"ESSALUD";"II-1";"00009954";"HOSPITAL I CHEPEN ESSALUD";"242300";"HOSPITALIZACIÓN DE PEDIATRÍA  PEDIATRÍA  GENERAL ";"6";"5";"18";"44";"2";"60";"0"
"2023";"11";"040307";"AREQUIPA";"CARAVELI";"CHALA";"ESSALUD";"I-2";"00012198";"POSTA MEDICA CHALA";"NE_0001";"";"NE_0001";"NE_0001";"NE_0001";"NE_0001";"NE_0001";"NE_0001";"NE_0001"
"2023";"11";"040208";"AREQUIPA";"CAMANA";"SAMUEL PASTOR";"ESSALUD";"I-4";"00011009";"HOSPITAL I SAMUEL PASTOR DE CAMANA ESSALUD";"241800";"HOSPITALIZACIÓN DE MEDICINA MEDICINA GENERAL ";"28";"27";"118";"115";"4";"120";"0"
"2023";"11";"040208";"AREQUIPA";"CAMANA";"SAMUEL PASTOR";"ESSALUD";"I-4";"00011009";"HOSPITAL I SAMUEL PASTOR DE CAMANA ESSALUD";"240100";"HOSPITALIZACIÓN QUIRÚRGICA CIRUGÍA GENERAL ";"17";"16";"34";"38";"2";"60";"0"
"2023";"11";"040208";"AREQUIPA";"CAMANA";"SAMUEL PASTOR";"ESSALUD";"I-4";"00011009";"HOSPITAL I SAMUEL PASTOR DE CAMANA ESSALUD";"241500";"HOSPITALIZACIÓN QUIRÚRGICA GINECOLOGÍA  ";"12";"12";"21";"21";"1";"30";"0"
"2023";"11";"040208";"AREQUIPA";"CAMANA";"SAMUEL PASTOR";"ESSALUD";"I-4";"00011009";"HOSPITAL I SAMUEL PASTOR DE CAMANA ESSALUD";"241600";"HOSPITALIZACIÓN QUIRÚRGICA OBSTETRICIA   ";"1";"1";"2";"2";"1";"30";"0"
"2023";"11";"150140";"LIMA";"LIMA";"SANTIAGO DE SURCO";"PRIVADO";"II-E";"00024304";"CLINICA BINOMIUM";"NE_0002";"";"NE_0002";"NE_0002";"NE_0002";"NE_0002";"NE_0002";"NE_0002";"NE_0002"
"2023";"11";"150131";"LIMA";"LIMA";"SAN ISIDRO";"PRIVADO";"II-2";"00008398";"CLINICA EL GOLF";"240000";"HOSPITALIZACIÓN";"331";"310";"1097";"354";"54";"1620";"1"
"2023";"11";"150131";"LIMA";"LIMA";"SAN ISIDRO";"PRIVADO";"II-2";"00008398";"CLINICA EL GOLF";"250103";"UNIDAD DE CUIDADOS CRITICOS UNIDAD  DE CUIDADOS INTENSIVOS GENERALES  (UCI) MEDICINA";"14";"2";"114";"32";"6";"180";"2"
"2023";"11";"061201";"CAJAMARCA";"SAN PABLO";"SAN PABLO";"ESSALUD";"I-1";"00010271";"POSTA MEDICA ESSALUD SAN PABLO";"NE_0001";"";"NE_0001";"NE_0001";"NE_0001";"NE_0001";"NE_0001";"NE_0001";"NE_0001"
"2023";"11";"110201";"ICA";"CHINCHA";"CHINCHA ALTA";"ESSALUD";"II-1";"00013910";"RENE TOCHE GROPPO";"241800";"HOSPITALIZACIÓN DE MEDICINA MEDICINA GENERAL ";"92";"95";"443";"459";"17";"510";"17"
"2023";"11";"110201";"ICA";"CHINCHA";"CHINCHA ALTA";"ESSALUD";"II-1";"00013910";"RENE TOCHE GROPPO";"240100";"HOSPITALIZACIÓN QUIRÚRGICA CIRUGÍA GENERAL ";"134";"135";"650";"572";"21";"630";"0"
"2023";"11";"110201";"ICA";"CHINCHA";"CHINCHA ALTA";"ESSALUD";"II-1";"00013910";"RENE TOCHE GROPPO";"241500";"HOSPITALIZACIÓN QUIRÚRGICA GINECOLOGÍA  ";"25";"29";"110";"108";"4";"120";"0"
"2023";"11";"110201";"ICA";"CHINCHA";"CHINCHA ALTA";"ESSALUD";"II-1";"00013910";"RENE TOCHE GROPPO";"241600";"HOSPITALIZACIÓN QUIRÚRGICA OBSTETRICIA   ";"117";"120";"263";"265";"20";"600";"0"
"2023";"11";"110201";"ICA";"CHINCHA";"CHINCHA ALTA";"ESSALUD";"II-1";"00013910";"RENE TOCHE GROPPO";"242300";"HOSPITALIZACIÓN DE PEDIATRÍA  PEDIATRÍA  GENERAL ";"64";"63";"157";"154";"9";"270";"0"
"2023";"11";"110201";"ICA";"CHINCHA";"CHINCHA ALTA";"ESSALUD";"II-1";"00013910";"RENE TOCHE GROPPO";"243200";"HOSPITALIZACIÓN DE PEDIATRÍA PEDIATRIA NEONATOLOGÍA";"78";"75";"122";"145";"12";"360";"0"
"2023";"09";"220901";"SAN MARTIN";"SAN MARTIN";"TARAPOTO";"GOBIERNO REGIONAL";"I-3";"00006362";"CENTRO DE SALUD NUEVE DE ABRIL";"NE_0001";"";"NE_0001";"NE_0001";"NE_0001";"NE_0001";"NE_0001";"NE_0001";"NE_0001"
"2023";"09";"220901";"SAN MARTIN";"SAN MARTIN";"TARAPOTO";"GOBIERNO REGIONAL";"I-3";"00006370";"PUNTA DEL ESTE";"NE_0001";"";"NE_0001";"NE_0001";"NE_0001";"NE_0001";"NE_0001";"NE_0001";"NE_0001"
"2023";"09";"220901";"SAN MARTIN";"SAN MARTIN";"TARAPOTO";"GOBIERNO REGIONAL";"I-1";"00006363";"ATUMPAMPA";"NE_0001";"";"NE_0001";"NE_0001";"NE_0001";"NE_0001";"NE_0001";"NE_0001";"NE_0001"
"2023";"09";"220901";"SAN MARTIN";"SAN MARTIN";"TARAPOTO";"GOBIERNO REGIONAL";"I-1";"00006373";"SANTA ROSA DE CUMBAZA";"NE_0001";"";"NE_0001";"NE_0001";"NE_0001";"NE_0001";"NE_0001";"NE_0001";"NE_0001"
"2023";"09";"220901";"SAN MARTIN";"SAN MARTIN";"TARAPOTO";"GOBIERNO REGIONAL";"I-2";"00006371";"HUAYCO TARAPOTO";"NE_0001";"";"NE_0001";"NE_0001";"NE_0001";"NE_0001";"NE_0001";"NE_0001";"NE_0001"
"2023";"09";"210101";"PUNO";"PUNO";"PUNO";"GOBIERNO REGIONAL";"II-2";"00003251";"HOSPITAL REGIONAL MANUEL NUÑEZ BUTRON";"240100";"HOSPITALIZACIÓN QUIRÚRGICA CIRUGÍA GENERAL ";"84";"104";"483";"585";"35";"1050";"7"
"2023";"09";"210101";"PUNO";"PUNO";"PUNO";"GOBIERNO REGIONAL";"II-2";"00003251";"HOSPITAL REGIONAL MANUEL NUÑEZ BUTRON";"240700";"HOSPITALIZACIÓN QUIRÚRGICA CIRUGÍA PEDIÁTRICA ";"4";"7";"48";"55";"3";"90";"0"
"2023";"09";"210101";"PUNO";"PUNO";"PUNO";"GOBIERNO REGIONAL";"II-2";"00003251";"HOSPITAL REGIONAL MANUEL NUÑEZ BUTRON";"240900";"HOSPITALIZACIÓN QUIRÚRGICA NEUROCIRUGÍA ";"10";"12";"87";"99";"12";"360";"2"
"2023";"09";"210101";"PUNO";"PUNO";"PUNO";"GOBIERNO REGIONAL";"II-2";"00003251";"HOSPITAL REGIONAL MANUEL NUÑEZ BUTRON";"241200";"HOSPITALIZACIÓN QUIRÚRGICA TRAUMATOLOGÍA Y ORTOPEDIA ";"26";"27";"159";"186";"14";"420";"0"
"2023";"09";"210101";"PUNO";"PUNO";"PUNO";"GOBIERNO REGIONAL";"II-2";"00003251";"HOSPITAL REGIONAL MANUEL NUÑEZ BUTRON";"241300";"HOSPITALIZACIÓN QUIRÚRGICA UROLOGÍA  ";"3";"4";"20";"24";"2";"60";"0"
"2023";"09";"210101";"PUNO";"PUNO";"PUNO";"GOBIERNO REGIONAL";"II-2";"00003251";"HOSPITAL REGIONAL MANUEL NUÑEZ BUTRON";"241500";"HOSPITALIZACIÓN QUIRÚRGICA GINECOLOGÍA  ";"15";"16";"43";"59";"2";"60";"0"
"2023";"09";"210101";"PUNO";"PUNO";"PUNO";"GOBIERNO REGIONAL";"II-2";"00003251";"HOSPITAL REGIONAL MANUEL NUÑEZ BUTRON";"241600";"HOSPITALIZACIÓN QUIRÚRGICA OBSTETRICIA   ";"189";"204";"407";"603";"21";"630";"0"
"2023";"09";"210101";"PUNO";"PUNO";"PUNO";"GOBIERNO REGIONAL";"II-2";"00003251";"HOSPITAL REGIONAL MANUEL NUÑEZ BUTRON";"241800";"HOSPITALIZACIÓN DE MEDICINA MEDICINA GENERAL ";"42";"47";"225";"270";"27";"810";"5"
"2023";"09";"210101";"PUNO";"PUNO";"PUNO";"GOBIERNO REGIONAL";"II-2";"00003251";"HOSPITAL REGIONAL MANUEL NUÑEZ BUTRON";"241900";"HOSPITALIZACIÓN DE MEDICINA MEDICINA INTERNA ";"56";"64";"302";"366";"21";"630";"8"
"2023";"09";"210101";"PUNO";"PUNO";"PUNO";"GOBIERNO REGIONAL";"II-2";"00003251";"HOSPITAL REGIONAL MANUEL NUÑEZ BUTRON";"242500";"HOSPITALIZACIÓN-PEDIATRÍA GENERAL-";"31";"41";"269";"310";"27";"810";"1"
"2023";"09";"210101";"PUNO";"PUNO";"PUNO";"GOBIERNO REGIONAL";"II-2";"00003251";"HOSPITAL REGIONAL MANUEL NUÑEZ BUTRON";"243200";"HOSPITALIZACIÓN DE PEDIATRÍA PEDIATRIA NEONATOLOGÍA";"61";"77";"366";"443";"28";"840";"1"
"2023";"09";"210101";"PUNO";"PUNO";"PUNO";"GOBIERNO REGIONAL";"II-2";"00003251";"HOSPITAL REGIONAL MANUEL NUÑEZ BUTRON";"250103";"UNIDAD DE CUIDADOS CRITICOS UNIDAD  DE CUIDADOS INTENSIVOS GENERALES  (UCI) MEDICINA";"6";"7";"106";"113";"4";"120";"3"
"2023";"09";"210101";"PUNO";"PUNO";"PUNO";"GOBIERNO REGIONAL";"II-2";"00003251";"HOSPITAL REGIONAL MANUEL NUÑEZ BUTRON";"245300";"HOSPITALIZACIÓN DE MEDICINA NEUMOLOGÍA  ";"2";"2";"3";"5";"2";"60";"0"
"2023";"09";"210101";"PUNO";"PUNO";"PUNO";"GOBIERNO REGIONAL";"II-2";"00003251";"HOSPITAL REGIONAL MANUEL NUÑEZ BUTRON";"244700";"HOSPITALIZACIÓN DE MEDICINA NEUROLOGIA  ";"0";"1";"7";"8";"4";"120";"0"
"2023";"09";"210101";"PUNO";"PUNO";"PUNO";"GOBIERNO REGIONAL";"II-2";"00003251";"HOSPITAL REGIONAL MANUEL NUÑEZ BUTRON";"244200";"HOSPITALIZACIÓN DE MEDICINA ENDOCRINOLOGIA ";"12";"12";"43";"55";"3";"90";"0"
"2023";"10";"021801";"ANCASH";"SANTA";"CHIMBOTE";"SANIDAD DE LA POLICIA NACIONAL DEL PERU";"I-3";"00017690";"POLICLINICO PNP CHIMBOTE";"NE_0001";"";"NE_0001";"NE_0001";"NE_0001";"NE_0001";"NE_0001";"NE_0001";"NE_0001"
"2023";"10";"170101";"MADRE DE DIOS";"TAMBOPATA";"TAMBOPATA";"GOBIERNO REGIONAL";"II-1";"00002698";"HOSPITAL SANTA ROSA";"242500";"HOSPITALIZACIÓN-PEDIATRÍA GENERAL-";"109";"99";"403";"109";"16";"558";"0"
"2023";"10";"170101";"MADRE DE DIOS";"TAMBOPATA";"TAMBOPATA";"GOBIERNO REGIONAL";"II-1";"00002698";"HOSPITAL SANTA ROSA";"243200";"HOSPITALIZACIÓN DE PEDIATRÍA PEDIATRIA NEONATOLOGÍA";"199";"190";"330";"199";"22";"527";"0"
"2023";"10";"170101";"MADRE DE DIOS";"TAMBOPATA";"TAMBOPATA";"GOBIERNO REGIONAL";"II-1";"00002698";"HOSPITAL SANTA ROSA";"240100";"HOSPITALIZACIÓN QUIRÚRGICA CIRUGÍA GENERAL ";"146";"127";"577";"146";"22";"930";"0"
"2023";"10";"170101";"MADRE DE DIOS";"TAMBOPATA";"TAMBOPATA";"GOBIERNO REGIONAL";"II-1";"00002698";"HOSPITAL SANTA ROSA";"241600";"HOSPITALIZACIÓN QUIRÚRGICA OBSTETRICIA   ";"277";"266";"644";"277";"26";"1178";"0"
"2023";"10";"170101";"MADRE DE DIOS";"TAMBOPATA";"TAMBOPATA";"GOBIERNO REGIONAL";"II-1";"00002698";"HOSPITAL SANTA ROSA";"241200";"HOSPITALIZACIÓN QUIRÚRGICA TRAUMATOLOGÍA Y ORTOPEDIA ";"81";"55";"324";"81";"7";"961";"0"
"2023";"10";"170101";"MADRE DE DIOS";"TAMBOPATA";"TAMBOPATA";"GOBIERNO REGIONAL";"II-1";"00002698";"HOSPITAL SANTA ROSA";"241800";"HOSPITALIZACIÓN DE MEDICINA MEDICINA GENERAL ";"183";"154";"882";"183";"5";"1302";"0"
"2023";"10";"170101";"MADRE DE DIOS";"TAMBOPATA";"TAMBOPATA";"GOBIERNO REGIONAL";"II-1";"00002698";"HOSPITAL SANTA ROSA";"241500";"HOSPITALIZACIÓN QUIRÚRGICA GINECOLOGÍA  ";"15";"15";"60";"15";"26";"186";"0"
"2023";"10";"170101";"MADRE DE DIOS";"TAMBOPATA";"TAMBOPATA";"GOBIERNO REGIONAL";"II-1";"00002698";"HOSPITAL SANTA ROSA";"250200";"UNIDAD DE CUIDADOS CRITICOS UNIDAD DE CUIDADOS INTERMEDIOS GENERAL  (UCIN) ";"9";"6";"32";"9";"4";"155";"0"
"2023";"10";"170101";"MADRE DE DIOS";"TAMBOPATA";"TAMBOPATA";"GOBIERNO REGIONAL";"II-1";"00002698";"HOSPITAL SANTA ROSA";"250105";"UNIDAD DE CUIDADOS CRITICOS UNIDAD  DE CUIDADOS INTENSIVOS  (UCI) NEONATOLOGÍA";"4";"0";"0";"4";"3";"155";"0"
"2023";"10";"061001";"CAJAMARCA";"SAN MARCOS";"PEDRO GALVEZ";"ESSALUD";"I-2";"00010275";"POSTA MEDICA DE SAN MARCOS";"NE_0001";"";"NE_0001";"NE_0001";"NE_0001";"NE_0001";"NE_0001";"NE_0001";"NE_0001"
"2023";"10";"120129";"JUNIN";"HUANCAYO";"SAN AGUSTIN";"GOBIERNO REGIONAL";"I-3";"00000722";"SAN AGUSTIN DE CAJAS";"NE_0002";"";"NE_0002";"NE_0002";"NE_0002";"NE_0002";"NE_0002";"NE_0002";"NE_0002"
"2023";"10";"120129";"JUNIN";"HUANCAYO";"SAN AGUSTIN";"GOBIERNO REGIONAL";"I-1";"00000723";"COILLOR";"NE_0002";"";"NE_0002";"NE_0002";"NE_0002";"NE_0002";"NE_0002";"NE_0002";"NE_0002"
"2023";"10";"120132";"JUNIN";"HUANCAYO";"SAÑO";"GOBIERNO REGIONAL";"I-2";"00000725";"SAN PEDRO DE SAÑO";"NE_0002";"";"NE_0002";"NE_0002";"NE_0002";"NE_0002";"NE_0002";"NE_0002";"NE_0002"
"2023";"10";"120114";"JUNIN";"HUANCAYO";"EL TAMBO";"GOBIERNO REGIONAL";"I-1";"00018190";"1RO DE MAYO";"NE_0002";"";"NE_0002";"NE_0002";"NE_0002";"NE_0002";"NE_0002";"NE_0002";"NE_0002"
"2023";"10";"040103";"AREQUIPA";"AREQUIPA";"CAYMA";"GOBIERNO REGIONAL";"I-3";"00006890";"PUESTO DE SALUD RAFAEL BELAUNDE";"NE_0001";"";"NE_0001";"NE_0001";"NE_0001";"NE_0001";"NE_0001";"NE_0001";"NE_0001"
"2023";"10";"040103";"AREQUIPA";"AREQUIPA";"CAYMA";"GOBIERNO REGIONAL";"I-3";"00027464";"CENTRO DE SALUD MENTAL COMUNITARIO CAYMA";"NE_0001";"";"NE_0001";"NE_0001";"NE_0001";"NE_0001";"NE_0001";"NE_0001";"NE_0001"
"2023";"11";"110501";"ICA";"PISCO";"PISCO";"SANIDAD DE LA POLICIA NACIONAL DEL PERU";"I-2";"00011400";"POSTA MEDICA POLICIAL PISCO";"NE_0001";"";"NE_0001";"NE_0001";"NE_0001";"NE_0001";"NE_0001";"NE_0001";"NE_0001"
"2023";"11";"150121";"LIMA";"LIMA";"PUEBLO LIBRE";"PRIVADO";"II-1";"00010831";"centro Especializado en Odontoestomatología";"NE_0001";"";"NE_0001";"NE_0001";"NE_0001";"NE_0001";"NE_0001";"NE_0001";"NE_0001"
"2023";"11";"220801";"SAN MARTIN";"RIOJA";"RIOJA";"ESSALUD";"I-4";"00021003";"CENTRO MEDICO RIOJA - ESSALUD";"241800";"HOSPITALIZACIÓN DE MEDICINA MEDICINA GENERAL ";"49";"47";"104";"131";"5";"150";"0"
"2023";"11";"220801";"SAN MARTIN";"RIOJA";"RIOJA";"ESSALUD";"I-4";"00021003";"CENTRO MEDICO RIOJA - ESSALUD";"241600";"HOSPITALIZACIÓN QUIRÚRGICA OBSTETRICIA   ";"6";"6";"13";"13";"1";"20";"0"
"2023";"11";"220801";"SAN MARTIN";"RIOJA";"RIOJA";"ESSALUD";"I-4";"00021003";"CENTRO MEDICO RIOJA - ESSALUD";"242300";"HOSPITALIZACIÓN DE PEDIATRÍA  PEDIATRÍA  GENERAL ";"11";"10";"15";"18";"1";"25";"0"
"2023";"11";"080106";"CUSCO";"CUSCO";"SANTIAGO";"SANIDAD DEL EJERCITO DEL PERU";"I-3";"00010920";"QUINTA BRIGADA DE MONTAÑA";"NE_0001";"";"NE_0001";"NE_0001";"NE_0001";"NE_0001";"NE_0001";"NE_0001";"NE_0001"
"2023";"11";"130703";"LA LIBERTAD";"PACASMAYO";"JEQUETEPEQUE";"ESSALUD";"I-2";"00009646";"POSTA DE SALUD JEQUETEPEQUE";"NE_0001";"";"NE_0001";"NE_0001";"NE_0001";"NE_0001";"NE_0001";"NE_0001";"NE_0001"
"2023";"11";"150117";"LIMA";"LIMA";"LOS OLIVOS";"PRIVADO";"II-E";"00023852";"OFTALMOSALUD";"NE_0001";"";"NE_0001";"NE_0001";"NE_0001";"NE_0001";"NE_0001";"NE_0001";"NE_0001"
"2023";"11";"021601";"ANCASH";"POMABAMBA";"POMABAMBA";"GOBIERNO REGIONAL";"II-1";"00001765";"HOSPITAL DE APOYO DE POMABAMBA ""ANTONIO CALDAS DOMINGUEZ""";"240100";"HOSPITALIZACIÓN QUIRÚRGICA CIRUGÍA GENERAL ";"7";"8";"20";"20";"4";"120";"0"
"2023";"11";"021601";"ANCASH";"POMABAMBA";"POMABAMBA";"GOBIERNO REGIONAL";"II-1";"00001765";"HOSPITAL DE APOYO DE POMABAMBA ""ANTONIO CALDAS DOMINGUEZ""";"241500";"HOSPITALIZACIÓN QUIRÚRGICA GINECOLOGÍA  ";"8";"9";"19";"19";"2";"60";"0"
"2023";"11";"021601";"ANCASH";"POMABAMBA";"POMABAMBA";"GOBIERNO REGIONAL";"II-1";"00001765";"HOSPITAL DE APOYO DE POMABAMBA ""ANTONIO CALDAS DOMINGUEZ""";"241600";"HOSPITALIZACIÓN QUIRÚRGICA OBSTETRICIA   ";"30";"30";"56";"56";"3";"90";"0"
"2023";"11";"021601";"ANCASH";"POMABAMBA";"POMABAMBA";"GOBIERNO REGIONAL";"II-1";"00001765";"HOSPITAL DE APOYO DE POMABAMBA ""ANTONIO CALDAS DOMINGUEZ""";"241800";"HOSPITALIZACIÓN DE MEDICINA MEDICINA GENERAL ";"10";"11";"45";"45";"14";"420";"1"
"2023";"11";"021601";"ANCASH";"POMABAMBA";"POMABAMBA";"GOBIERNO REGIONAL";"II-1";"00001765";"HOSPITAL DE APOYO DE POMABAMBA ""ANTONIO CALDAS DOMINGUEZ""";"242500";"HOSPITALIZACIÓN-PEDIATRÍA GENERAL-";"7";"8";"34";"34";"7";"210";"0"
"2023";"11";"150103";"LIMA";"LIMA";"ATE";"MINSA";"II-1";"00005945";"HOSPITAL VITARTE";"241900";"HOSPITALIZACIÓN DE MEDICINA MEDICINA INTERNA ";"106";"108";"759";"741";"40";"1200";"3"
"2023";"11";"150103";"LIMA";"LIMA";"ATE";"MINSA";"II-1";"00005945";"HOSPITAL VITARTE";"242300";"HOSPITALIZACIÓN DE PEDIATRÍA  PEDIATRÍA  GENERAL ";"113";"110";"545";"561";"22";"660";"0"
"2023";"11";"150103";"LIMA";"LIMA";"ATE";"MINSA";"II-1";"00005945";"HOSPITAL VITARTE";"243200";"HOSPITALIZACIÓN DE PEDIATRÍA PEDIATRIA NEONATOLOGÍA";"120";"117";"323";"320";"11";"330";"0"
"2023";"11";"150103";"LIMA";"LIMA";"ATE";"MINSA";"II-1";"00005945";"HOSPITAL VITARTE";"241500";"HOSPITALIZACIÓN QUIRÚRGICA GINECOLOGÍA  ";"79";"75";"227";"258";"9";"270";"0"
"2023";"11";"150103";"LIMA";"LIMA";"ATE";"MINSA";"II-1";"00005945";"HOSPITAL VITARTE";"241400";"HOSPITALIZACIÓN QUIRÚRGICA GINECO - OBSTETRICIA ";"427";"423";"823";"858";"32";"960";"0"
"2023";"11";"150103";"LIMA";"LIMA";"ATE";"MINSA";"II-1";"00005945";"HOSPITAL VITARTE";"240100";"HOSPITALIZACIÓN QUIRÚRGICA CIRUGÍA GENERAL ";"255";"259";"615";"603";"26";"780";"0"
"2023";"11";"150103";"LIMA";"LIMA";"ATE";"MINSA";"II-1";"00005945";"HOSPITAL VITARTE";"241200";"HOSPITALIZACIÓN QUIRÚRGICA TRAUMATOLOGÍA Y ORTOPEDIA ";"49";"50";"274";"254";"9";"270";"0"
"2023";"11";"150103";"LIMA";"LIMA";"ATE";"MINSA";"II-1";"00005945";"HOSPITAL VITARTE";"241100";"HOSPITALIZACIÓN QUIRÚRGICA OTORRINOLARINGOLOGÍA  ";"15";"15";"15";"15";"1";"30";"0"
"2023";"11";"150103";"LIMA";"LIMA";"ATE";"MINSA";"II-1";"00005945";"HOSPITAL VITARTE";"241300";"HOSPITALIZACIÓN QUIRÚRGICA UROLOGÍA  ";"10";"11";"22";"20";"1";"30";"0"
"2023";"11";"150103";"LIMA";"LIMA";"ATE";"MINSA";"II-1";"00005945";"HOSPITAL VITARTE";"240600";"HOSPITALIZACIÓN QUIRÚRGICA CIRUGÍA OFTALMOLÓGICA ";"24";"24";"24";"24";"1";"30";"0"
"2023";"11";"150140";"LIMA";"LIMA";"SANTIAGO DE SURCO";"PRIVADO";"II-E";"00011110";"CLINICA CAMPBELL";"240800";"HOSPITALIZACIÓN QUIRÚRGICA CIRUGÍA PLÁSTICA/RECONSTRUCTIVA/ REPARADORA ";"9";"9";"9";"9";"2";"60";"0"
"2023";"11";"130106";"LA LIBERTAD";"TRUJILLO";"LAREDO";"GOBIERNO REGIONAL";"II-1";"00005231";"HOSPITAL DISTRITAL LAREDO";"241400";"HOSPITALIZACIÓN QUIRÚRGICA GINECO - OBSTETRICIA ";"24";"24";"38";"62";"6";"180";"0"
"2023";"11";"130106";"LA LIBERTAD";"TRUJILLO";"LAREDO";"GOBIERNO REGIONAL";"II-1";"00005231";"HOSPITAL DISTRITAL LAREDO";"241800";"HOSPITALIZACIÓN DE MEDICINA MEDICINA GENERAL ";"38";"38";"130";"168";"12";"360";"0"
"2023";"11";"130106";"LA LIBERTAD";"TRUJILLO";"LAREDO";"GOBIERNO REGIONAL";"II-1";"00005231";"HOSPITAL DISTRITAL LAREDO";"242500";"HOSPITALIZACIÓN-PEDIATRÍA GENERAL-";"7";"7";"13";"20";"3";"90";"0"
"2023";"11";"150133";"LIMA";"LIMA";"SAN JUAN DE MIRAFLORES";"SANIDAD DEL EJERCITO DEL PERU";"I-3";"00010385";"CENTRO DE SALUD MILITAR ""SAN JUAN""";"NE_0001";"";"NE_0001";"NE_0001";"NE_0001";"NE_0001";"NE_0001";"NE_0001";"NE_0001"
"2023";"11";"130901";"LA LIBERTAD";"SANCHEZ CARRION";"HUAMACHUCO";"GOBIERNO REGIONAL";"I-3";"00026446";"CENTRO DE SALUD MENTAL COMUNITARIO SEMBRANDO ESPERANZA DE HUAMACHUCO";"NE_0001";"";"NE_0001";"NE_0001";"NE_0001";"NE_0001";"NE_0001";"NE_0001";"NE_0001"
"2023";"11";"130101";"LA LIBERTAD";"TRUJILLO";"TRUJILLO";"PRIVADO";"II-E";"00021009";"CLINICA SAN LUIS ASISTENCIAL DOCENTE S.R.L.";"240100";"HOSPITALIZACIÓN QUIRÚRGICA CIRUGÍA GENERAL ";"101";"123";"136";"151";"24";"720";"0"
"2023";"11";"130101";"LA LIBERTAD";"TRUJILLO";"TRUJILLO";"PRIVADO";"II-E";"00021009";"CLINICA SAN LUIS ASISTENCIAL DOCENTE S.R.L.";"241400";"HOSPITALIZACIÓN QUIRÚRGICA GINECO - OBSTETRICIA ";"6";"6";"20";"29";"24";"720";"0"
"2023";"11";"110101";"ICA";"ICA";"ICA";"PRIVADO";"II-1";"00015963";"LA CLINICA DE ICA DR. JULIO TATAJE BARRIGA SRL";"NE_0002";"";"NE_0002";"NE_0002";"NE_0002";"NE_0002";"NE_0002";"NE_0002";"NE_0002"
"2023";"11";"200701";"PIURA";"TALARA";"PARIÑAS";"ESSALUD";"II-1";"00012243";"HOSPITAL II TALARA";"241900";"HOSPITALIZACIÓN DE MEDICINA MEDICINA INTERNA ";"62";"58";"390";"257";"12";"372";"6"
"2023";"11";"200701";"PIURA";"TALARA";"PARIÑAS";"ESSALUD";"II-1";"00012243";"HOSPITAL II TALARA";"240100";"HOSPITALIZACIÓN QUIRÚRGICA CIRUGÍA GENERAL ";"68";"69";"273";"233";"10";"310";"0"
"2023";"11";"200701";"PIURA";"TALARA";"PARIÑAS";"ESSALUD";"II-1";"00012243";"HOSPITAL II TALARA";"241400";"HOSPITALIZACIÓN QUIRÚRGICA GINECO - OBSTETRICIA ";"70";"69";"211";"170";"10";"310";"0"
"2023";"11";"200701";"PIURA";"TALARA";"PARIÑAS";"ESSALUD";"II-1";"00012243";"HOSPITAL II TALARA";"242300";"HOSPITALIZACIÓN DE PEDIATRÍA  PEDIATRÍA  GENERAL ";"80";"77";"233";"135";"6";"186";"0"
"2023";"11";"040501";"AREQUIPA";"CAYLLOMA";"CHIVAY";"GOBIERNO REGIONAL";"I-4";"00001419";"CENTRO DE SALUD CHIVAY";"241600";"HOSPITALIZACIÓN QUIRÚRGICA OBSTETRICIA   ";"3";"3";"6";"6";"3";"240";"0"
"2023";"11";"040501";"AREQUIPA";"CAYLLOMA";"CHIVAY";"GOBIERNO REGIONAL";"I-1";"00001423";"PUESTO DE SALUD CANOCOTA";"NE_0001";"";"NE_0001";"NE_0001";"NE_0001";"NE_0001";"NE_0001";"NE_0001";"NE_0001"
"2023";"11";"040509";"AREQUIPA";"CAYLLOMA";"ICHUPAMPA";"GOBIERNO REGIONAL";"I-2";"00001425";"PUESTO DE SALUD ICHUPAMPA";"NE_0001";"";"NE_0001";"NE_0001";"NE_0001";"NE_0001";"NE_0001";"NE_0001";"NE_0001"
"2023";"11";"040519";"AREQUIPA";"CAYLLOMA";"YANQUE";"GOBIERNO REGIONAL";"I-2";"00001428";"PUESTO DE SALUD YANQUE";"NE_0001";"";"NE_0001";"NE_0001";"NE_0001";"NE_0001";"NE_0001";"NE_0001";"NE_0001"
"2023";"11";"040506";"AREQUIPA";"CAYLLOMA";"COPORAQUE";"GOBIERNO REGIONAL";"I-2";"00001424";"PUESTO DE SALUD COPORAQUE";"NE_0001";"";"NE_0001";"NE_0001";"NE_0001";"NE_0001";"NE_0001";"NE_0001";"NE_0001"
"2023";"11";"040510";"AREQUIPA";"CAYLLOMA";"LARI";"GOBIERNO REGIONAL";"I-2";"00001426";"PUESTO DE SALUD LARI";"NE_0001";"";"NE_0001";"NE_0001";"NE_0001";"NE_0001";"NE_0001";"NE_0001";"NE_0001"
"2023";"11";"040502";"AREQUIPA";"CAYLLOMA";"ACHOMA";"GOBIERNO REGIONAL";"I-2";"00001429";"PUESTO DE SALUD ACHOMA";"NE_0001";"";"NE_0001";"NE_0001";"NE_0001";"NE_0001";"NE_0001";"NE_0001";"NE_0001"
"2023";"11";"040512";"AREQUIPA";"CAYLLOMA";"MACA";"GOBIERNO REGIONAL";"I-2";"00001430";"PUESTO DE SALUD MACA";"NE_0001";"";"NE_0001";"NE_0001";"NE_0001";"NE_0001";"NE_0001";"NE_0001";"NE_0001"
"2023";"11";"040513";"AREQUIPA";"CAYLLOMA";"MADRIGAL";"GOBIERNO REGIONAL";"I-2";"00001427";"PUESTO DE SALUD MADRIGAL";"NE_0001";"";"NE_0001";"NE_0001";"NE_0001";"NE_0001";"NE_0001";"NE_0001";"NE_0001"
"2023";"11";"120415";"JUNIN";"JAUJA";"MARCO";"GOBIERNO REGIONAL";"I-2";"00000385";"MARCO";"NE_0001";"";"NE_0001";"NE_0001";"NE_0001";"NE_0001";"NE_0001";"NE_0001";"NE_0001"
"2023";"11";"120426";"JUNIN";"JAUJA";"POMACANCHA";"GOBIERNO REGIONAL";"I-1";"00000389";"ARMONIA";"NE_0001";"";"NE_0001";"NE_0001";"NE_0001";"NE_0001";"NE_0001";"NE_0001";"NE_0001"
"2023";"11";"120422";"JUNIN";"JAUJA";"PACA";"GOBIERNO REGIONAL";"I-1";"00000386";"YANACANCHA";"NE_0001";"";"NE_0001";"NE_0001";"NE_0001";"NE_0001";"NE_0001";"NE_0001";"NE_0001"
"2023";"11";"130103";"LA LIBERTAD";"TRUJILLO";"FLORENCIA DE MORA";"ESSALUD";"II-E";"00009278";"FLORENCIA DE MORA";"241800";"HOSPITALIZACIÓN DE MEDICINA MEDICINA GENERAL ";"2";"3";"56";"29";"3";"90";"0"
"2023";"11";"130103";"LA LIBERTAD";"TRUJILLO";"FLORENCIA DE MORA";"ESSALUD";"II-E";"00009278";"FLORENCIA DE MORA";"240100";"HOSPITALIZACIÓN QUIRÚRGICA CIRUGÍA GENERAL ";"59";"58";"209";"150";"5";"150";"0"
"2023";"11";"130103";"LA LIBERTAD";"TRUJILLO";"FLORENCIA DE MORA";"ESSALUD";"II-E";"00009278";"FLORENCIA DE MORA";"241500";"HOSPITALIZACIÓN QUIRÚRGICA GINECOLOGÍA  ";"18";"19";"78";"68";"3";"90";"0"
"2023";"11";"130103";"LA LIBERTAD";"TRUJILLO";"FLORENCIA DE MORA";"ESSALUD";"II-E";"00009278";"FLORENCIA DE MORA";"241600";"HOSPITALIZACIÓN QUIRÚRGICA OBSTETRICIA   ";"9";"12";"45";"33";"4";"120";"0"
"2023";"11";"040120";"AREQUIPA";"AREQUIPA";"SANTA ISABEL DE SIGUAS";"GOBIERNO REGIONAL";"I-2";"00001336";"SANTA ISABEL DE SIGUAS";"NE_0001";"";"NE_0001";"NE_0001";"NE_0001";"NE_0001";"NE_0001";"NE_0001";"NE_0001"
"2023";"11";"040120";"AREQUIPA";"AREQUIPA";"SANTA ISABEL DE SIGUAS";"GOBIERNO REGIONAL";"I-1";"00001337";"PUESTO DE SALUD PITAY";"NE_0001";"";"NE_0001";"NE_0001";"NE_0001";"NE_0001";"NE_0001";"NE_0001";"NE_0001"
"2023";"09";"150140";"LIMA";"LIMA";"SANTIAGO DE SURCO";"PRIVADO";"I-3";"00024299";"CLINICA INTERNACIONAL - SEDE SURCO";"NE_0001";"";"NE_0001";"NE_0001";"NE_0001";"NE_0001";"NE_0001";"NE_0001";"NE_0001"
"2023";"09";"021809";"ANCASH";"SANTA";"NUEVO CHIMBOTE";"ESSALUD";"I-4";"00009054";"HOSPITAL I CONO SUR";"241800";"HOSPITALIZACIÓN DE MEDICINA MEDICINA GENERAL ";"16";"13";"43";"43";"2";"51";"0"
"2023";"09";"021809";"ANCASH";"SANTA";"NUEVO CHIMBOTE";"ESSALUD";"I-4";"00009054";"HOSPITAL I CONO SUR";"241500";"HOSPITALIZACIÓN QUIRÚRGICA GINECOLOGÍA  ";"13";"13";"30";"30";"1";"30";"0"
"2023";"08";"250301";"UCAYALI";"PADRE ABAD";"PADRE ABAD";"GOBIERNO REGIONAL";"I-2";"00005407";"COMUNIDAD NATIVA DE PUERTO AZUL";"NE_0001";"";"NE_0001";"NE_0001";"NE_0001";"NE_0001";"NE_0001";"NE_0001";"NE_0001"
"2023";"09";"080902";"CUSCO";"LA CONVENCION";"ECHARATE";"GOBIERNO REGIONAL";"I-1";"00002450";"SAN ANTONIO";"NE_0001";"";"NE_0001";"NE_0001";"NE_0001";"NE_0001";"NE_0001";"NE_0001";"NE_0001"
"2023";"09";"080902";"CUSCO";"LA CONVENCION";"ECHARATE";"GOBIERNO REGIONAL";"I-2";"00002429";"CIRIALO";"NE_0001";"";"NE_0001";"NE_0001";"NE_0001";"NE_0001";"NE_0001";"NE_0001";"NE_0001"
"2023";"09";"080902";"CUSCO";"LA CONVENCION";"ECHARATE";"GOBIERNO REGIONAL";"I-2";"00002433";"KORIBENI";"NE_0001";"";"NE_0001";"NE_0001";"NE_0001";"NE_0001";"NE_0001";"NE_0001";"NE_0001"
"2023";"09";"080902";"CUSCO";"LA CONVENCION";"ECHARATE";"GOBIERNO REGIONAL";"I-4";"00002439";"PALMA REAL";"NE_0001";"";"NE_0001";"NE_0001";"NE_0001";"NE_0001";"NE_0001";"NE_0001";"NE_0001"
"2023";"09";"080902";"CUSCO";"LA CONVENCION";"ECHARATE";"GOBIERNO REGIONAL";"I-1";"00002449";"ICHIQUIATO";"NE_0001";"";"NE_0001";"NE_0001";"NE_0001";"NE_0001";"NE_0001";"NE_0001";"NE_0001"
"2023";"09";"080904";"CUSCO";"LA CONVENCION";"MARANURA";"GOBIERNO REGIONAL";"I-2";"00002460";"SANTA MARIA";"NE_0001";"";"NE_0001";"NE_0001";"NE_0001";"NE_0001";"NE_0001";"NE_0001";"NE_0001"
"2023";"09";"080908";"CUSCO";"LA CONVENCION";"SANTA TERESA";"GOBIERNO REGIONAL";"I-4";"00002476";"SANTA TERESA";"NE_0001";"";"NE_0001";"NE_0001";"NE_0001";"NE_0001";"NE_0001";"NE_0001";"NE_0001"
"2023";"09";"080903";"CUSCO";"LA CONVENCION";"HUAYOPATA";"GOBIERNO REGIONAL";"I-3";"00002453";"HUYRO";"NE_0001";"";"NE_0001";"NE_0001";"NE_0001";"NE_0001";"NE_0001";"NE_0001";"NE_0001"
"2023";"09";"080908";"CUSCO";"LA CONVENCION";"SANTA TERESA";"GOBIERNO REGIONAL";"I-1";"00002478";"TOTORA";"NE_0001";"";"NE_0001";"NE_0001";"NE_0001";"NE_0001";"NE_0001";"NE_0001";"NE_0001"
"2023";"09";"080903";"CUSCO";"LA CONVENCION";"HUAYOPATA";"GOBIERNO REGIONAL";"I-1";"00002454";"ALFAMAYO";"NE_0001";"";"NE_0001";"NE_0001";"NE_0001";"NE_0001";"NE_0001";"NE_0001";"NE_0001"
"2023";"09";"080903";"CUSCO";"LA CONVENCION";"HUAYOPATA";"GOBIERNO REGIONAL";"I-2";"00002456";"AMAYBAMBA";"NE_0001";"";"NE_0001";"NE_0001";"NE_0001";"NE_0001";"NE_0001";"NE_0001";"NE_0001"
"2023";"09";"080904";"CUSCO";"LA CONVENCION";"MARANURA";"GOBIERNO REGIONAL";"I-1";"00002461";"UCHUMAYO";"NE_0001";"";"NE_0001";"NE_0001";"NE_0001";"NE_0001";"NE_0001";"NE_0001";"NE_0001"
"2023";"09";"080903";"CUSCO";"LA CONVENCION";"HUAYOPATA";"GOBIERNO REGIONAL";"I-1";"00002455";"HUAYOPATA";"NE_0001";"";"NE_0001";"NE_0001";"NE_0001";"NE_0001";"NE_0001";"NE_0001";"NE_0001"
"2023";"09";"080908";"CUSCO";"LA CONVENCION";"SANTA TERESA";"GOBIERNO REGIONAL";"I-2";"00002477";"SULLUCUYOC";"NE_0001";"";"NE_0001";"NE_0001";"NE_0001";"NE_0001";"NE_0001";"NE_0001";"NE_0001"
"2023";"09";"080903";"CUSCO";"LA CONVENCION";"HUAYOPATA";"GOBIERNO REGIONAL";"I-1";"00002457";"SAN PABLO HUAYOPATA";"NE_0001";"";"NE_0001";"NE_0001";"NE_0001";"NE_0001";"NE_0001";"NE_0001";"NE_0001"
"2023";"09";"080904";"CUSCO";"LA CONVENCION";"MARANURA";"GOBIERNO REGIONAL";"I-4";"00002458";"MARANURA";"NE_0001";"";"NE_0001";"NE_0001";"NE_0001";"NE_0001";"NE_0001";"NE_0001";"NE_0001"
"2023";"09";"080902";"CUSCO";"LA CONVENCION";"ECHARATE";"GOBIERNO REGIONAL";"I-2";"00002440";"PANGOA";"NE_0001";"";"NE_0001";"NE_0001";"NE_0001";"NE_0001";"NE_0001";"NE_0001";"NE_0001"
"2023";"09";"080902";"CUSCO";"LA CONVENCION";"ECHARATE";"GOBIERNO REGIONAL";"I-2";"00002431";"IVOCHOTE";"NE_0001";"";"NE_0001";"NE_0001";"NE_0001";"NE_0001";"NE_0001";"NE_0001";"NE_0001"
"2023";"09";"080902";"CUSCO";"LA CONVENCION";"ECHARATE";"GOBIERNO REGIONAL";"I-3";"00002432";"KEPASHIATO";"NE_0001";"";"NE_0001";"NE_0001";"NE_0001";"NE_0001";"NE_0001";"NE_0001";"NE_0001"
"2023";"09";"080909";"CUSCO";"LA CONVENCION";"VILCABAMBA";"GOBIERNO REGIONAL";"I-1";"00002493";"SELVA ALEGRE";"NE_0001";"";"NE_0001";"NE_0001";"NE_0001";"NE_0001";"NE_0001";"NE_0001";"NE_0001"
"2023";"09";"080902";"CUSCO";"LA CONVENCION";"ECHARATE";"GOBIERNO REGIONAL";"I-4";"00002427";"KITENI";"NE_0001";"";"NE_0001";"NE_0001";"NE_0001";"NE_0001";"NE_0001";"NE_0001";"NE_0001"
"2023";"09";"080902";"CUSCO";"LA CONVENCION";"ECHARATE";"GOBIERNO REGIONAL";"I-1";"00002443";"SANIRIATO";"NE_0001";"";"NE_0001";"NE_0001";"NE_0001";"NE_0001";"NE_0001";"NE_0001";"NE_0001"
"2023";"09";"080909";"CUSCO";"LA CONVENCION";"VILCABAMBA";"GOBIERNO REGIONAL";"I-2";"00002489";"YUVENI";"NE_0001";"";"NE_0001";"NE_0001";"NE_0001";"NE_0001";"NE_0001";"NE_0001";"NE_0001"
"2023";"09";"080902";"CUSCO";"LA CONVENCION";"ECHARATE";"GOBIERNO REGIONAL";"I-1";"00013068";"TRIO RIO";"NE_0001";"";"NE_0001";"NE_0001";"NE_0001";"NE_0001";"NE_0001";"NE_0001";"NE_0001"
"2023";"09";"080902";"CUSCO";"LA CONVENCION";"ECHARATE";"GOBIERNO REGIONAL";"I-2";"00002434";"MATERIATO";"NE_0001";"";"NE_0001";"NE_0001";"NE_0001";"NE_0001";"NE_0001";"NE_0001";"NE_0001"
"2023";"09";"080902";"CUSCO";"LA CONVENCION";"ECHARATE";"GOBIERNO REGIONAL";"I-1";"00002438";"PACHIRI";"NE_0001";"";"NE_0001";"NE_0001";"NE_0001";"NE_0001";"NE_0001";"NE_0001";"NE_0001"
"2023";"09";"080909";"CUSCO";"LA CONVENCION";"VILCABAMBA";"GOBIERNO REGIONAL";"I-1";"00006976";"CHONTABAMBA";"NE_0001";"";"NE_0001";"NE_0001";"NE_0001";"NE_0001";"NE_0001";"NE_0001";"NE_0001"
"2023";"09";"080902";"CUSCO";"LA CONVENCION";"ECHARATE";"GOBIERNO REGIONAL";"I-2";"00002447";"KAMANQUIRIATO";"NE_0001";"";"NE_0001";"NE_0001";"NE_0001";"NE_0001";"NE_0001";"NE_0001";"NE_0001"
"2023";"09";"080902";"CUSCO";"LA CONVENCION";"ECHARATE";"GOBIERNO REGIONAL";"I-1";"00013069";"PUGUIENTIMARI";"NE_0001";"";"NE_0001";"NE_0001";"NE_0001";"NE_0001";"NE_0001";"NE_0001";"NE_0001"
"2023";"09";"080914";"CUSCO";"LA CONVENCION";"MEGANTONI";"GOBIERNO REGIONAL";"I-2";"00002435";"MIARIA";"NE_0001";"";"NE_0001";"NE_0001";"NE_0001";"NE_0001";"NE_0001";"NE_0001";"NE_0001"
"2023";"09";"080914";"CUSCO";"LA CONVENCION";"MEGANTONI";"GOBIERNO REGIONAL";"I-2";"00002445";"TIMPIA";"NE_0001";"";"NE_0001";"NE_0001";"NE_0001";"NE_0001";"NE_0001";"NE_0001";"NE_0001"
"2023";"09";"080914";"CUSCO";"LA CONVENCION";"MEGANTONI";"GOBIERNO REGIONAL";"I-1";"00013067";"TANGOSHIARI";"NE_0001";"";"NE_0001";"NE_0001";"NE_0001";"NE_0001";"NE_0001";"NE_0001";"NE_0001"
"2023";"09";"080914";"CUSCO";"LA CONVENCION";"MEGANTONI";"GOBIERNO REGIONAL";"I-1";"00015235";"NUEVA VIDA";"NE_0001";"";"NE_0001";"NE_0001";"NE_0001";"NE_0001";"NE_0001";"NE_0001";"NE_0001"
"2023";"09";"080914";"CUSCO";"LA CONVENCION";"MEGANTONI";"GOBIERNO REGIONAL";"I-1";"00002436";"NUEVA LUZ";"NE_0001";"";"NE_0001";"NE_0001";"NE_0001";"NE_0001";"NE_0001";"NE_0001";"NE_0001"
"2023";"09";"080914";"CUSCO";"LA CONVENCION";"MEGANTONI";"GOBIERNO REGIONAL";"I-1";"00013066";"MONTETONI";"NE_0001";"";"NE_0001";"NE_0001";"NE_0001";"NE_0001";"NE_0001";"NE_0001";"NE_0001"
"2023";"09";"080914";"CUSCO";"LA CONVENCION";"MEGANTONI";"GOBIERNO REGIONAL";"I-1";"00015843";"CASHIRIARI";"NE_0001";"";"NE_0001";"NE_0001";"NE_0001";"NE_0001";"NE_0001";"NE_0001";"NE_0001"
"2023";"09";"080914";"CUSCO";"LA CONVENCION";"MEGANTONI";"GOBIERNO REGIONAL";"I-1";"00015844";"CAMANA";"NE_0001";"";"NE_0001";"NE_0001";"NE_0001";"NE_0001";"NE_0001";"NE_0001";"NE_0001"
"2023";"09";"080914";"CUSCO";"LA CONVENCION";"MEGANTONI";"GOBIERNO REGIONAL";"I-2";"00002437";"NUEVO MUNDO";"NE_0001";"";"NE_0001";"NE_0001";"NE_0001";"NE_0001";"NE_0001";"NE_0001";"NE_0001"
"2023";"09";"080914";"CUSCO";"LA CONVENCION";"MEGANTONI";"GOBIERNO REGIONAL";"I-1";"00002428";"CHOCORIARI";"NE_0001";"";"NE_0001";"NE_0001";"NE_0001";"NE_0001";"NE_0001";"NE_0001";"NE_0001"
"2023";"09";"080914";"CUSCO";"LA CONVENCION";"MEGANTONI";"GOBIERNO REGIONAL";"I-1";"00002441";"PUERTO HUALLANA";"NE_0001";"";"NE_0001";"NE_0001";"NE_0001";"NE_0001";"NE_0001";"NE_0001";"NE_0001"
"2023";"09";"080914";"CUSCO";"LA CONVENCION";"MEGANTONI";"GOBIERNO REGIONAL";"I-1";"00002442";"PUERTO RICO";"NE_0001";"";"NE_0001";"NE_0001";"NE_0001";"NE_0001";"NE_0001";"NE_0001";"NE_0001"
"2023";"09";"080914";"CUSCO";"LA CONVENCION";"MEGANTONI";"GOBIERNO REGIONAL";"I-2";"00002452";"SHIVANKORENI";"NE_0001";"";"NE_0001";"NE_0001";"NE_0001";"NE_0001";"NE_0001";"NE_0001";"NE_0001"
"2023";"09";"080914";"CUSCO";"LA CONVENCION";"MEGANTONI";"GOBIERNO REGIONAL";"I-3";"00002426";"KIRIGUETI";"NE_0001";"";"NE_0001";"NE_0001";"NE_0001";"NE_0001";"NE_0001";"NE_0001";"NE_0001"
"2023";"09";"080914";"CUSCO";"LA CONVENCION";"MEGANTONI";"GOBIERNO REGIONAL";"I-1";"00002444";"SENSA";"NE_0001";"";"NE_0001";"NE_0001";"NE_0001";"NE_0001";"NE_0001";"NE_0001";"NE_0001"
"2023";"09";"080914";"CUSCO";"LA CONVENCION";"MEGANTONI";"GOBIERNO REGIONAL";"I-4";"00002448";"KAMISEA";"NE_0001";"";"NE_0001";"NE_0001";"NE_0001";"NE_0001";"NE_0001";"NE_0001";"NE_0001"
"2023";"09";"080910";"CUSCO";"LA CONVENCION";"PICHARI";"GOBIERNO REGIONAL";"I-1";"00015104";"TAMBO DEL ENE";"NE_0001";"";"NE_0001";"NE_0001";"NE_0001";"NE_0001";"NE_0001";"NE_0001";"NE_0001"
"2023";"09";"080910";"CUSCO";"LA CONVENCION";"PICHARI";"GOBIERNO REGIONAL";"I-3";"00002495";"MANTARO";"NE_0001";"";"NE_0001";"NE_0001";"NE_0001";"NE_0001";"NE_0001";"NE_0001";"NE_0001"
"2023";"09";"080910";"CUSCO";"LA CONVENCION";"PICHARI";"GOBIERNO REGIONAL";"I-1";"00015169";"PITIRINQUINI";"NE_0001";"";"NE_0001";"NE_0001";"NE_0001";"NE_0001";"NE_0001";"NE_0001";"NE_0001"
"2023";"10";"200601";"PIURA";"SULLANA";"SULLANA";"SANIDAD DE LA POLICIA NACIONAL DEL PERU";"I-2";"00010688";"POSTA  MEDICA  POLICIAL  SULLANA";"NE_0001";"";"NE_0001";"NE_0001";"NE_0001";"NE_0001";"NE_0001";"NE_0001";"NE_0001"
"2023";"10";"150801";"LIMA";"HUAURA";"HUACHO";"GOBIERNO REGIONAL";"II-2";"00007639";"HOSPITAL GENERAL DE HUACHO";"240100";"HOSPITALIZACIÓN QUIRÚRGICA CIRUGÍA GENERAL ";"132";"145";"617";"757";"40";"1240";"0"
"2023";"10";"150801";"LIMA";"HUAURA";"HUACHO";"GOBIERNO REGIONAL";"II-2";"00007639";"HOSPITAL GENERAL DE HUACHO";"241500";"HOSPITALIZACIÓN QUIRÚRGICA GINECOLOGÍA  ";"48";"52";"177";"52";"8";"248";"0"
"2023";"10";"150801";"LIMA";"HUAURA";"HUACHO";"GOBIERNO REGIONAL";"II-2";"00007639";"HOSPITAL GENERAL DE HUACHO";"241600";"HOSPITALIZACIÓN QUIRÚRGICA OBSTETRICIA   ";"259";"272";"566";"546";"28";"868";"0"
"2023";"10";"150801";"LIMA";"HUAURA";"HUACHO";"GOBIERNO REGIONAL";"II-2";"00007639";"HOSPITAL GENERAL DE HUACHO";"241800";"HOSPITALIZACIÓN DE MEDICINA MEDICINA GENERAL ";"103";"138";"967";"806";"37";"1147";"8"
"2023";"10";"150801";"LIMA";"HUAURA";"HUACHO";"GOBIERNO REGIONAL";"II-2";"00007639";"HOSPITAL GENERAL DE HUACHO";"242500";"HOSPITALIZACIÓN-PEDIATRÍA GENERAL-";"71";"79";"309";"326";"28";"868";"1"
"2023";"10";"150801";"LIMA";"HUAURA";"HUACHO";"GOBIERNO REGIONAL";"II-2";"00007639";"HOSPITAL GENERAL DE HUACHO";"243200";"HOSPITALIZACIÓN DE PEDIATRÍA PEDIATRIA NEONATOLOGÍA";"15";"18";"111";"107";"11";"341";"0"
"2023";"10";"150801";"LIMA";"HUAURA";"HUACHO";"GOBIERNO REGIONAL";"II-2";"00007639";"HOSPITAL GENERAL DE HUACHO";"250103";"UNIDAD DE CUIDADOS CRITICOS UNIDAD  DE CUIDADOS INTENSIVOS GENERALES  (UCI) MEDICINA";"27";"38";"383";"180";"10";"310";"7"
"2023";"10";"150801";"LIMA";"HUAURA";"HUACHO";"GOBIERNO REGIONAL";"II-2";"00007639";"HOSPITAL GENERAL DE HUACHO";"250105";"UNIDAD DE CUIDADOS CRITICOS UNIDAD  DE CUIDADOS INTENSIVOS  (UCI) NEONATOLOGÍA";"5";"6";"35";"31";"4";"124";"2"
"2023";"10";"021801";"ANCASH";"SANTA";"CHIMBOTE";"PRIVADO";"II-1";"00016552";"CLINICA ROBLES S.A.C.";"240100";"HOSPITALIZACIÓN QUIRÚRGICA CIRUGÍA GENERAL ";"52";"42";"58";"31";"14";"459";"0"
"2023";"10";"021801";"ANCASH";"SANTA";"CHIMBOTE";"PRIVADO";"II-1";"00016552";"CLINICA ROBLES S.A.C.";"241400";"HOSPITALIZACIÓN QUIRÚRGICA GINECO - OBSTETRICIA ";"42";"33";"56";"182";"7";"225";"0"
"2023";"10";"130904";"LA LIBERTAD";"SANCHEZ CARRION";"CURGOS";"GOBIERNO REGIONAL";"I-1";"00021651";"HUAYLLAGUAL";"NE_0001";"";"NE_0001";"NE_0001";"NE_0001";"NE_0001";"NE_0001";"NE_0001";"NE_0001"
"2023";"10";"130904";"LA LIBERTAD";"SANCHEZ CARRION";"CURGOS";"GOBIERNO REGIONAL";"I-1";"00021652";"EL CALVARIO";"NE_0001";"";"NE_0001";"NE_0001";"NE_0001";"NE_0001";"NE_0001";"NE_0001";"NE_0001"
"2023";"10";"130904";"LA LIBERTAD";"SANCHEZ CARRION";"CURGOS";"GOBIERNO REGIONAL";"I-2";"00005357";"CURGOS-WALTER JUNIOR VELARDE ARTEAGA";"NE_0001";"";"NE_0001";"NE_0001";"NE_0001";"NE_0001";"NE_0001";"NE_0001";"NE_0001"
"2023";"10";"220101";"SAN MARTIN";"MOYOBAMBA";"MOYOBAMBA";"GOBIERNO REGIONAL";"I-2";"00006291";"ATUMPLAYA";"NE_0001";"";"NE_0001";"NE_0001";"NE_0001";"NE_0001";"NE_0001";"NE_0001";"NE_0001"
"2023";"10";"220807";"SAN MARTIN";"RIOJA";"SAN FERNANDO";"GOBIERNO REGIONAL";"I-1";"00006294";"PERLA MAYO";"NE_0001";"";"NE_0001";"NE_0001";"NE_0001";"NE_0001";"NE_0001";"NE_0001";"NE_0001"
"2023";"10";"150101";"LIMA";"LIMA";"LIMA";"PRIVADO";"I-3";"00027276";"POLICLINICO  ARTHRO MEDS";"NE_0001";"";"NE_0001";"NE_0001";"NE_0001";"NE_0001";"NE_0001";"NE_0001";"NE_0001"
"2023";"11";"150130";"LIMA";"LIMA";"SAN BORJA";"PRIVADO";"II-E";"00015934";"CENTRO DE CIRUGÍA ESTÉTICA LAS CONDES";"240800";"HOSPITALIZACIÓN QUIRÚRGICA CIRUGÍA PLÁSTICA/RECONSTRUCTIVA/ REPARADORA ";"85";"82";"134";"102";"9";"270";"0"
"2023";"11";"130101";"LA LIBERTAD";"TRUJILLO";"TRUJILLO";"PRIVADO";"II-E";"00021354";"CLINICA LUZ Y VIDA";"NE_0001";"";"NE_0001";"NE_0001";"NE_0001";"NE_0001";"NE_0001";"NE_0001";"NE_0001"
"2023";"11";"040104";"AREQUIPA";"AREQUIPA";"CERRO COLORADO";"PRIVADO";"II-1";"00027214";"CLINICA SAN PABLO AREQUIPA";"240000";"HOSPITALIZACIÓN";"179";"181";"560";"748";"60";"1800";"1"
"2023";"11";"040104";"AREQUIPA";"AREQUIPA";"CERRO COLORADO";"PRIVADO";"II-1";"00027214";"CLINICA SAN PABLO AREQUIPA";"250400";"UNIDAD DE CUIDADOS CRITICOS UNIDAD DE QUEMADOS (GRAN QUEMADO) ";"2";"1";"1";"4";"2";"60";"0"
"2023";"11";"180201";"MOQUEGUA";"GENERAL SANCHEZ CERRO";"OMATE";"ESSALUD";"I-2";"00026055";"POSTA MEDICA OMATE";"NE_0001";"";"NE_0001";"NE_0001";"NE_0001";"NE_0001";"NE_0001";"NE_0001";"NE_0001"
"2023";"11";"120608";"JUNIN";"SATIPO";"RIO TAMBO";"GOBIERNO REGIONAL";"I-1";"00000459";"CUSHIRENI";"NE_0001";"";"NE_0001";"NE_0001";"NE_0001";"NE_0001";"NE_0001";"NE_0001";"NE_0001"
"2023";"11";"120608";"JUNIN";"SATIPO";"RIO TAMBO";"GOBIERNO REGIONAL";"I-1";"00000466";"SANTA ROSITA DE SHIRINTIARI";"NE_0001";"";"NE_0001";"NE_0001";"NE_0001";"NE_0001";"NE_0001";"NE_0001";"NE_0001"
"2023";"11";"120606";"JUNIN";"SATIPO";"PANGOA";"GOBIERNO REGIONAL";"I-1";"00006879";"UNION PUERTO ASHANINKA";"NE_0001";"";"NE_0001";"NE_0001";"NE_0001";"NE_0001";"NE_0001";"NE_0001";"NE_0001"
"2023";"09";"220402";"SAN MARTIN";"HUALLAGA";"ALTO SAPOSOA";"GOBIERNO REGIONAL";"I-2";"00006539";"PASARRAYA";"NE_0001";"";"NE_0001";"NE_0001";"NE_0001";"NE_0001";"NE_0001";"NE_0001";"NE_0001"
"2023";"09";"080704";"CUSCO";"CHUMBIVILCAS";"COLQUEMARCA";"GOBIERNO REGIONAL";"I-1";"00008914";"HUAYLLANI";"NE_0001";"";"NE_0001";"NE_0001";"NE_0001";"NE_0001";"NE_0001";"NE_0001";"NE_0001"
"2023";"09";"080704";"CUSCO";"CHUMBIVILCAS";"COLQUEMARCA";"GOBIERNO REGIONAL";"I-3";"00002404";"COLQUEMARCA";"NE_0001";"";"NE_0001";"NE_0001";"NE_0001";"NE_0001";"NE_0001";"NE_0001";"NE_0001"
"2023";"09";"080704";"CUSCO";"CHUMBIVILCAS";"COLQUEMARCA";"GOBIERNO REGIONAL";"I-1";"00002405";"CHARAMURAY";"NE_0001";"";"NE_0001";"NE_0001";"NE_0001";"NE_0001";"NE_0001";"NE_0001";"NE_0001"
"2023";"09";"200115";"PIURA";"PIURA";"VEINTISEIS DE OCTUBRE";"PRIVADO";"II-1";"00027260";"CLÍNICA BELLO HORIZONTE S.A.";"240000";"HOSPITALIZACIÓN";"65";"67";"165";"220";"16";"480";"0"
"2023";"10";"120101";"JUNIN";"HUANCAYO";"HUANCAYO";"PRIVADO";"II-E";"00025973";"CLINICA ZARATE";"241800";"HOSPITALIZACIÓN DE MEDICINA MEDICINA GENERAL ";"81";"82";"21";"199";"15";"297";"0"
"2023";"10";"200701";"PIURA";"TALARA";"PARIÑAS";"PRIVADO";"I-3";"00012085";"CENTRO MEDICO SAN PABLO-TALARA EIRL";"NE_0001";"";"NE_0001";"NE_0001";"NE_0001";"NE_0001";"NE_0001";"NE_0001";"NE_0001"
"2023";"10";"150101";"LIMA";"LIMA";"LIMA";"PRIVADO";"II-E";"00011167";"OFTALMOMEDIC";"NE_0001";"";"NE_0001";"NE_0001";"NE_0001";"NE_0001";"NE_0001";"NE_0001";"NE_0001"
"2023";"10";"200101";"PIURA";"PIURA";"PIURA";"PRIVADO";"II-E";"00027459";"CLINICA MEDICA SANTA EMILIA";"244300";"HOSPITALIZACIÓN DE MEDICINA GASTROENTEROLOGÍA  ";"8";"7";"15";"10";"7";"207";"1"
"2023";"10";"040101";"AREQUIPA";"AREQUIPA";"AREQUIPA";"PRIVADO";"I-4";"00014765";"CENTRO MEDICO MONTE CARMELO";"240000";"HOSPITALIZACIÓN";"8";"9";"64";"44";"10";"310";"0"
"2023";"10";"110101";"ICA";"ICA";"ICA";"PRIVADO";"II-1";"00018450";"CLÍNICA S. MORALES S.R.L";"241200";"HOSPITALIZACIÓN QUIRÚRGICA TRAUMATOLOGÍA Y ORTOPEDIA ";"3";"3";"3";"3";"6";"186";"0"
"2023";"10";"120608";"JUNIN";"SATIPO";"RIO TAMBO";"GOBIERNO REGIONAL";"I-2";"00000516";"PUERTO ROCA";"NE_0001";"";"NE_0001";"NE_0001";"NE_0001";"NE_0001";"NE_0001";"NE_0001";"NE_0001"
"2023";"10";"120608";"JUNIN";"SATIPO";"RIO TAMBO";"GOBIERNO REGIONAL";"I-1";"00000518";"SAN CARLOS ALTO ENE";"NE_0001";"";"NE_0001";"NE_0001";"NE_0001";"NE_0001";"NE_0001";"NE_0001";"NE_0001"
"2023";"10";"120609";"JUNIN";"SATIPO";"VIZCATAN DEL ENE";"GOBIERNO REGIONAL";"I-1";"00000510";"FLORIDA";"NE_0001";"";"NE_0001";"NE_0001";"NE_0001";"NE_0001";"NE_0001";"NE_0001";"NE_0001"
"2023";"10";"120608";"JUNIN";"SATIPO";"RIO TAMBO";"GOBIERNO REGIONAL";"I-1";"00000514";"FE Y ALEGRIA LA PRIMAVERA";"NE_0001";"";"NE_0001";"NE_0001";"NE_0001";"NE_0001";"NE_0001";"NE_0001";"NE_0001"
"2023";"10";"120608";"JUNIN";"SATIPO";"RIO TAMBO";"GOBIERNO REGIONAL";"I-3";"00000517";"VALLE ESMERALDA";"NE_0001";"";"NE_0001";"NE_0001";"NE_0001";"NE_0001";"NE_0001";"NE_0001";"NE_0001"
"2023";"10";"120606";"JUNIN";"SATIPO";"PANGOA";"GOBIERNO REGIONAL";"I-1";"00000468";"MICAELA BASTIDAS MORALES";"NE_0001";"";"NE_0001";"NE_0001";"NE_0001";"NE_0001";"NE_0001";"NE_0001";"NE_0001"
"2023";"10";"120609";"JUNIN";"SATIPO";"VIZCATAN DEL ENE";"GOBIERNO REGIONAL";"I-1";"00000512";"TUNONTUARI RIO ENE";"NE_0001";"";"NE_0001";"NE_0001";"NE_0001";"NE_0001";"NE_0001";"NE_0001";"NE_0001"
"2023";"10";"120609";"JUNIN";"SATIPO";"VIZCATAN DEL ENE";"GOBIERNO REGIONAL";"I-2";"00000507";"BOCA MANTARO";"NE_0001";"";"NE_0001";"NE_0001";"NE_0001";"NE_0001";"NE_0001";"NE_0001";"NE_0001"
"2023";"10";"120609";"JUNIN";"SATIPO";"VIZCATAN DEL ENE";"GOBIERNO REGIONAL";"I-1";"00000511";"SAN JUAN DE MANTARO";"NE_0001";"";"NE_0001";"NE_0001";"NE_0001";"NE_0001";"NE_0001";"NE_0001";"NE_0001"
"2023";"10";"120608";"JUNIN";"SATIPO";"RIO TAMBO";"GOBIERNO REGIONAL";"I-1";"00000513";"QUEMPIRI";"NE_0001";"";"NE_0001";"NE_0001";"NE_0001";"NE_0001";"NE_0001";"NE_0001";"NE_0001"
"2023";"10";"120608";"JUNIN";"SATIPO";"RIO TAMBO";"GOBIERNO REGIONAL";"I-2";"00000471";"CUTIVIRENI";"NE_0001";"";"NE_0001";"NE_0001";"NE_0001";"NE_0001";"NE_0001";"NE_0001";"NE_0001"
"2023";"10";"120609";"JUNIN";"SATIPO";"VIZCATAN DEL ENE";"GOBIERNO REGIONAL";"I-1";"00000509";"SAN MIGUEL DE ENE SHINPINSHARIATO";"NE_0001";"";"NE_0001";"NE_0001";"NE_0001";"NE_0001";"NE_0001";"NE_0001";"NE_0001"
"2023";"10";"120608";"JUNIN";"SATIPO";"RIO TAMBO";"GOBIERNO REGIONAL";"I-2";"00000515";"YAVIRO";"NE_0001";"";"NE_0001";"NE_0001";"NE_0001";"NE_0001";"NE_0001";"NE_0001";"NE_0001"
"2023";"10";"120608";"JUNIN";"SATIPO";"RIO TAMBO";"GOBIERNO REGIONAL";"I-1";"00015914";"SELVA DE ORO";"NE_0001";"";"NE_0001";"NE_0001";"NE_0001";"NE_0001";"NE_0001";"NE_0001";"NE_0001"
"2023";"10";"110401";"ICA";"PALPA";"PALPA";"ESSALUD";"I-3";"00010483";"PALPA";"NE_0001";"";"NE_0001";"NE_0001";"NE_0001";"NE_0001";"NE_0001";"NE_0001";"NE_0001"
"2023";"10";"140112";"LAMBAYEQUE";"CHICLAYO";"PIMENTEL";"ESSALUD";"II-1";"00011020";"HOSPITAL II LUIS HEYSEN INCHAUSTEGUI";"250304";"HOSPIT. EN UNIDAD DE CUID.INTEN.-UNIDAD DE VIGILANCIA INTENSIVA (UVI)-MEDICINA";"6";"5";"33";"130";"5";"159";"4"
"2023";"10";"140112";"LAMBAYEQUE";"CHICLAYO";"PIMENTEL";"ESSALUD";"II-1";"00011020";"HOSPITAL II LUIS HEYSEN INCHAUSTEGUI";"241900";"HOSPITALIZACIÓN DE MEDICINA MEDICINA INTERNA ";"84";"78";"912";"931";"32";"996";"7"
"2023";"10";"140112";"LAMBAYEQUE";"CHICLAYO";"PIMENTEL";"ESSALUD";"II-1";"00011020";"HOSPITAL II LUIS HEYSEN INCHAUSTEGUI";"240100";"HOSPITALIZACIÓN QUIRÚRGICA CIRUGÍA GENERAL ";"303";"311";"1101";"988";"38";"1182";"0"
"2023";"10";"140112";"LAMBAYEQUE";"CHICLAYO";"PIMENTEL";"ESSALUD";"II-1";"00011020";"HOSPITAL II LUIS HEYSEN INCHAUSTEGUI";"241400";"HOSPITALIZACIÓN QUIRÚRGICA GINECO - OBSTETRICIA ";"357";"363";"812";"791";"38";"1178";"0"
"2023";"10";"140112";"LAMBAYEQUE";"CHICLAYO";"PIMENTEL";"ESSALUD";"II-1";"00011020";"HOSPITAL II LUIS HEYSEN INCHAUSTEGUI";"242500";"HOSPITALIZACIÓN-PEDIATRÍA GENERAL-";"11";"36";"147";"201";"10";"310";"0"
"2023";"10";"170101";"MADRE DE DIOS";"TAMBOPATA";"TAMBOPATA";"SANIDAD DEL EJERCITO DEL PERU";"I-2";"00009323";"POSTA MEDICA DE LA 6ta BRIGADA DE FUERZAS ESPECIALES";"NE_0001";"";"NE_0001";"NE_0001";"NE_0001";"NE_0001";"NE_0001";"NE_0001";"NE_0001"
"2023";"09";"220804";"SAN MARTIN";"RIOJA";"NUEVA CAJAMARCA";"GOBIERNO REGIONAL";"I-1";"00006289";"MIRAFLORES";"NE_0001";"";"NE_0001";"NE_0001";"NE_0001";"NE_0001";"NE_0001";"NE_0001";"NE_0001"
"2023";"09";"220804";"SAN MARTIN";"RIOJA";"NUEVA CAJAMARCA";"GOBIERNO REGIONAL";"I-1";"00006288";"UCRANIA";"NE_0001";"";"NE_0001";"NE_0001";"NE_0001";"NE_0001";"NE_0001";"NE_0001";"NE_0001"
"2023";"09";"220804";"SAN MARTIN";"RIOJA";"NUEVA CAJAMARCA";"GOBIERNO REGIONAL";"I-1";"00006287";"TAHUANTINSUYO";"NE_0001";"";"NE_0001";"NE_0001";"NE_0001";"NE_0001";"NE_0001";"NE_0001";"NE_0001"
"2023";"09";"220804";"SAN MARTIN";"RIOJA";"NUEVA CAJAMARCA";"GOBIERNO REGIONAL";"I-1";"00006286";"PALESTINA";"NE_0001";"";"NE_0001";"NE_0001";"NE_0001";"NE_0001";"NE_0001";"NE_0001";"NE_0001"
"2023";"09";"220804";"SAN MARTIN";"RIOJA";"NUEVA CAJAMARCA";"GOBIERNO REGIONAL";"I-1";"00006285";"LA UNION";"NE_0001";"";"NE_0001";"NE_0001";"NE_0001";"NE_0001";"NE_0001";"NE_0001";"NE_0001"
"2023";"09";"220804";"SAN MARTIN";"RIOJA";"NUEVA CAJAMARCA";"GOBIERNO REGIONAL";"I-1";"00006284";"LA FLORIDA";"NE_0001";"";"NE_0001";"NE_0001";"NE_0001";"NE_0001";"NE_0001";"NE_0001";"NE_0001"
"2023";"09";"220804";"SAN MARTIN";"RIOJA";"NUEVA CAJAMARCA";"GOBIERNO REGIONAL";"I-4";"00006283";"HOSPITAL RURAL NUEVA CAJAMARCA";"241600";"HOSPITALIZACIÓN QUIRÚRGICA OBSTETRICIA   ";"38";"40";"49";"49";"8";"240";"0"
"2023";"09";"220804";"SAN MARTIN";"RIOJA";"NUEVA CAJAMARCA";"GOBIERNO REGIONAL";"I-4";"00006283";"HOSPITAL RURAL NUEVA CAJAMARCA";"241800";"HOSPITALIZACIÓN DE MEDICINA MEDICINA GENERAL ";"52";"54";"142";"142";"8";"240";"1"
"2023";"09";"220804";"SAN MARTIN";"RIOJA";"NUEVA CAJAMARCA";"GOBIERNO REGIONAL";"I-4";"00006283";"HOSPITAL RURAL NUEVA CAJAMARCA";"242500";"HOSPITALIZACIÓN-PEDIATRÍA GENERAL-";"6";"6";"17";"17";"5";"150";"0"
"2023";"10";"150113";"LIMA";"LIMA";"JESUS MARIA";"PRIVADO";"II-E";"00026793";"CLINICA BELLAFORMA";"NE_0001";"";"NE_0001";"NE_0001";"NE_0001";"NE_0001";"NE_0001";"NE_0001";"NE_0001"
"2023";"10";"120302";"JUNIN";"CHANCHAMAYO";"PERENE";"GOBIERNO REGIONAL";"I-1";"00000339";"SAN ANTONIO ALTO PICHANAKI";"NE_0001";"";"NE_0001";"NE_0001";"NE_0001";"NE_0001";"NE_0001";"NE_0001";"NE_0001"
"2023";"10";"150130";"LIMA";"LIMA";"SAN BORJA";"PRIVADO";"II-E";"00015078";"NOVO Q";"240000";"HOSPITALIZACIÓN";"114";"112";"116";"101";"12";"271";"0"
"2023";"10";"200105";"PIURA";"PIURA";"CATACAOS";"ESSALUD";"I-3";"00012319";"CENTRO DE ATENCION PRIMARIA-CAP III CATACAOS";"NE_0001";"";"NE_0001";"NE_0001";"NE_0001";"NE_0001";"NE_0001";"NE_0001";"NE_0001"
"2023";"11";"100101";"HUANUCO";"HUANUCO";"HUANUCO";"PRIVADO";"II-E";"00011592";"CLINICA HUANUCO E-I-R-LTDA.";"241400";"HOSPITALIZACIÓN QUIRÚRGICA GINECO - OBSTETRICIA ";"22";"22";"44";"44";"3";"46";"0"
"2023";"11";"100101";"HUANUCO";"HUANUCO";"HUANUCO";"PRIVADO";"II-E";"00011592";"CLINICA HUANUCO E-I-R-LTDA.";"241200";"HOSPITALIZACIÓN QUIRÚRGICA TRAUMATOLOGÍA Y ORTOPEDIA ";"20";"20";"68";"68";"5";"82";"0"
"2023";"11";"100101";"HUANUCO";"HUANUCO";"HUANUCO";"PRIVADO";"II-E";"00011592";"CLINICA HUANUCO E-I-R-LTDA.";"240100";"HOSPITALIZACIÓN QUIRÚRGICA CIRUGÍA GENERAL ";"23";"23";"43";"43";"3";"47";"0"
"2023";"11";"100101";"HUANUCO";"HUANUCO";"HUANUCO";"PRIVADO";"II-E";"00011592";"CLINICA HUANUCO E-I-R-LTDA.";"241300";"HOSPITALIZACIÓN QUIRÚRGICA UROLOGÍA  ";"19";"19";"59";"59";"4";"61";"0"
"2023";"11";"100101";"HUANUCO";"HUANUCO";"HUANUCO";"PRIVADO";"II-E";"00011592";"CLINICA HUANUCO E-I-R-LTDA.";"244300";"HOSPITALIZACIÓN DE MEDICINA GASTROENTEROLOGÍA  ";"2";"2";"6";"6";"1";"24";"0"
"2023";"11";"100101";"HUANUCO";"HUANUCO";"HUANUCO";"PRIVADO";"II-E";"00011592";"CLINICA HUANUCO E-I-R-LTDA.";"241900";"HOSPITALIZACIÓN DE MEDICINA MEDICINA INTERNA ";"10";"10";"28";"28";"2";"32";"0"
"2023";"11";"100101";"HUANUCO";"HUANUCO";"HUANUCO";"PRIVADO";"II-E";"00011592";"CLINICA HUANUCO E-I-R-LTDA.";"242300";"HOSPITALIZACIÓN DE PEDIATRÍA  PEDIATRÍA  GENERAL ";"4";"4";"7";"7";"1";"23";"0"
"2023";"11";"100101";"HUANUCO";"HUANUCO";"HUANUCO";"PRIVADO";"II-E";"00011592";"CLINICA HUANUCO E-I-R-LTDA.";"240700";"HOSPITALIZACIÓN QUIRÚRGICA CIRUGÍA PEDIÁTRICA ";"4";"4";"13";"13";"1";"17";"0"
"2023";"11";"100101";"HUANUCO";"HUANUCO";"HUANUCO";"PRIVADO";"II-E";"00011592";"CLINICA HUANUCO E-I-R-LTDA.";"241100";"HOSPITALIZACIÓN QUIRÚRGICA OTORRINOLARINGOLOGÍA  ";"6";"6";"6";"6";"1";"24";"0"
"2023";"11";"130501";"LA LIBERTAD";"JULCAN";"JULCAN";"GOBIERNO REGIONAL";"II-1";"00005306";"HOSPITAL PROVINCIAL DE JULCAN";"241600";"HOSPITALIZACIÓN QUIRÚRGICA OBSTETRICIA   ";"3";"3";"6";"24";"4";"120";"0"
"2023";"11";"130501";"LA LIBERTAD";"JULCAN";"JULCAN";"GOBIERNO REGIONAL";"II-1";"00005306";"HOSPITAL PROVINCIAL DE JULCAN";"241800";"HOSPITALIZACIÓN DE MEDICINA MEDICINA GENERAL ";"19";"19";"60";"60";"9";"160";"5"
"2023";"11";"070101";"CALLAO";"CALLAO";"CALLAO";"GOBIERNO REGIONAL";"I-4";"00006228";"CENTRO DE SALUD NESTOR GAMBETTA";"241600";"HOSPITALIZACIÓN QUIRÚRGICA OBSTETRICIA   ";"10";"10";"10";"210";"7";"210";"0"
"2023";"11";"070101";"CALLAO";"CALLAO";"CALLAO";"GOBIERNO REGIONAL";"I-2";"00006231";"PUESTO DE SALUD RAMON CASTILLA";"NE_0001";"";"NE_0001";"NE_0001";"NE_0001";"NE_0001";"NE_0001";"NE_0001";"NE_0001"
"2023";"11";"240201";"TUMBES";"CONTRALMIRANTE VILLAR";"ZORRITOS";"GOBIERNO REGIONAL";"I-1";"00001904";"BOCAPAN.";"NE_0001";"";"NE_0001";"NE_0001";"NE_0001";"NE_0001";"NE_0001";"NE_0001";"NE_0001"
"2023";"11";"240304";"TUMBES";"ZARUMILLA";"PAPAYAL";"GOBIERNO REGIONAL";"I-2";"00001893";"UÑA DE GATO";"NE_0001";"";"NE_0001";"NE_0001";"NE_0001";"NE_0001";"NE_0001";"NE_0001";"NE_0001"
"2023";"11";"240201";"TUMBES";"CONTRALMIRANTE VILLAR";"ZORRITOS";"GOBIERNO REGIONAL";"I-2";"00001903";"ACAPULCO.";"NE_0001";"";"NE_0001";"NE_0001";"NE_0001";"NE_0001";"NE_0001";"NE_0001";"NE_0001"
"2023";"11";"240304";"TUMBES";"ZARUMILLA";"PAPAYAL";"GOBIERNO REGIONAL";"I-2";"00001892";"LA PALMA";"NE_0001";"";"NE_0001";"NE_0001";"NE_0001";"NE_0001";"NE_0001";"NE_0001";"NE_0001"
"2023";"11";"240304";"TUMBES";"ZARUMILLA";"PAPAYAL";"GOBIERNO REGIONAL";"I-1";"00001895";"LECHUGAL";"NE_0001";"";"NE_0001";"NE_0001";"NE_0001";"NE_0001";"NE_0001";"NE_0001";"NE_0001"
"2023";"11";"240202";"TUMBES";"CONTRALMIRANTE VILLAR";"CASITAS";"GOBIERNO REGIONAL";"I-1";"00001898";"TRIGAL";"NE_0001";"";"NE_0001";"NE_0001";"NE_0001";"NE_0001";"NE_0001";"NE_0001";"NE_0001"
"2023";"11";"240301";"TUMBES";"ZARUMILLA";"ZARUMILLA";"GOBIERNO REGIONAL";"I-4";"00001896";"CENTRO DE SALUD ZARUMILLA";"241600";"HOSPITALIZACIÓN QUIRÚRGICA OBSTETRICIA   ";"16";"17";"18";"17";"1";"30";"0"
"2023";"11";"240202";"TUMBES";"CONTRALMIRANTE VILLAR";"CASITAS";"GOBIERNO REGIONAL";"I-2";"00001899";"LA CHOZA";"NE_0001";"";"NE_0001";"NE_0001";"NE_0001";"NE_0001";"NE_0001";"NE_0001";"NE_0001"
"2023";"11";"240302";"TUMBES";"ZARUMILLA";"AGUAS VERDES";"GOBIERNO REGIONAL";"I-3";"00001885";"CLAS AGUAS VERDES";"NE_0001";"";"NE_0001";"NE_0001";"NE_0001";"NE_0001";"NE_0001";"NE_0001";"NE_0001"
"2023";"11";"240302";"TUMBES";"ZARUMILLA";"AGUAS VERDES";"GOBIERNO REGIONAL";"I-1";"00001889";"LOMA SAAVEDRA";"NE_0001";"";"NE_0001";"NE_0001";"NE_0001";"NE_0001";"NE_0001";"NE_0001";"NE_0001"
"2023";"11";"240203";"TUMBES";"CONTRALMIRANTE VILLAR";"CANOAS DE PUNTA SAL";"GOBIERNO REGIONAL";"I-1";"00001906";"PAJARITOS";"NE_0001";"";"NE_0001";"NE_0001";"NE_0001";"NE_0001";"NE_0001";"NE_0001";"NE_0001"
"2023";"11";"240203";"TUMBES";"CONTRALMIRANTE VILLAR";"CANOAS DE PUNTA SAL";"GOBIERNO REGIONAL";"I-3";"00001902";"CANCAS";"NE_0001";"";"NE_0001";"NE_0001";"NE_0001";"NE_0001";"NE_0001";"NE_0001";"NE_0001"
"2023";"11";"060809";"CAJAMARCA";"JAEN";"SALLIQUE";"GOBIERNO REGIONAL";"I-1";"00024940";"EL ESPINO";"NE_0001";"";"NE_0001";"NE_0001";"NE_0001";"NE_0001";"NE_0001";"NE_0001";"NE_0001"
"2023";"11";"060809";"CAJAMARCA";"JAEN";"SALLIQUE";"GOBIERNO REGIONAL";"I-1";"00025537";"TAILIN";"NE_0001";"";"NE_0001";"NE_0001";"NE_0001";"NE_0001";"NE_0001";"NE_0001";"NE_0001"
"2023";"11";"060809";"CAJAMARCA";"JAEN";"SALLIQUE";"GOBIERNO REGIONAL";"I-3";"00004250";"SALLIQUE";"NE_0001";"";"NE_0001";"NE_0001";"NE_0001";"NE_0001";"NE_0001";"NE_0001";"NE_0001"
"2023";"11";"060809";"CAJAMARCA";"JAEN";"SALLIQUE";"GOBIERNO REGIONAL";"I-1";"00004251";"MAZIN";"NE_0001";"";"NE_0001";"NE_0001";"NE_0001";"NE_0001";"NE_0001";"NE_0001";"NE_0001"
"2023";"11";"060809";"CAJAMARCA";"JAEN";"SALLIQUE";"GOBIERNO REGIONAL";"I-2";"00007053";"PALAMBE";"NE_0001";"";"NE_0001";"NE_0001";"NE_0001";"NE_0001";"NE_0001";"NE_0001";"NE_0001"
"2023";"11";"060809";"CAJAMARCA";"JAEN";"SALLIQUE";"GOBIERNO REGIONAL";"I-1";"00004252";"SAULACA";"NE_0001";"";"NE_0001";"NE_0001";"NE_0001";"NE_0001";"NE_0001";"NE_0001";"NE_0001"
"2023";"11";"200101";"PIURA";"PIURA";"PIURA";"PRIVADO";"II-E";"00014092";"CLINICA SANTIVAÑEZ";"240800";"HOSPITALIZACIÓN QUIRÚRGICA CIRUGÍA PLÁSTICA/RECONSTRUCTIVA/ REPARADORA ";"17";"17";"17";"17";"3";"90";"0"
"2023";"11";"130101";"LA LIBERTAD";"TRUJILLO";"TRUJILLO";"PRIVADO";"II-E";"00029518";"OFTALMOLOGICA CACEDA";"NE_0001";"";"NE_0001";"NE_0001";"NE_0001";"NE_0001";"NE_0001";"NE_0001";"NE_0001"
"2023";"09";"150143";"LIMA";"LIMA";"VILLA MARIA DEL TRIUNFO";"PRIVADO";"II-1";"00017824";"CLINICA MARIA HUARHUA E.I.R.L";"241600";"HOSPITALIZACIÓN QUIRÚRGICA OBSTETRICIA   ";"5";"5";"10";"10";"10";"15";"0"
"2023";"11";"150142";"LIMA";"LIMA";"VILLA EL SALVADOR";"PRIVADO";"II-E";"00024178";"CLINIC NOVASALUD";"241400";"HOSPITALIZACIÓN QUIRÚRGICA GINECO - OBSTETRICIA ";"15";"15";"15";"15";"6";"90";"0"
"2023";"11";"150122";"LIMA";"LIMA";"MIRAFLORES";"PRIVADO";"II-E";"00011750";"CLINICA LOS ANDES SAC";"240000";"HOSPITALIZACIÓN";"76";"65";"107";"116";"15";"450";"0"
"2023";"11";"021809";"ANCASH";"SANTA";"NUEVO CHIMBOTE";"PRIVADO";"II-E";"00010475";"CENTRO MEDICO ESPECIALIZADO CLINICA DE LA MUJER Y EL NIÑO EIRL";"241400";"HOSPITALIZACIÓN QUIRÚRGICA GINECO - OBSTETRICIA ";"8";"8";"13";"21";"5";"150";"0"
"2023";"11";"040104";"AREQUIPA";"AREQUIPA";"CERRO COLORADO";"SANIDAD DE LA FUERZA AEREA DEL PERU";"II-E";"00011448";"HOSPITAL REGIONAL DEL SUR";"240000";"HOSPITALIZACIÓN";"9";"9";"70";"72";"20";"488";"0"
"2023";"11";"150141";"LIMA";"LIMA";"SURQUILLO";"PRIVADO";"II-1";"00009645";"INVERSIONES GENERALES SALOMON S.A.";"NE_0001";"";"NE_0001";"NE_0001";"NE_0001";"NE_0001";"NE_0001";"NE_0001";"NE_0001"
"2023";"11";"150142";"LIMA";"LIMA";"VILLA EL SALVADOR";"PRIVADO";"II-E";"00024178";"CLINIC NOVASALUD";"241500";"HOSPITALIZACIÓN QUIRÚRGICA GINECOLOGÍA  ";"8";"8";"8";"8";"1";"30";"0"
"2023";"09";"080913";"CUSCO";"LA CONVENCION";"VILLA KINTIARINA";"GOBIERNO REGIONAL";"I-3";"00002488";"VILLA KINTIARINA";"NE_0001";"";"NE_0001";"NE_0001";"NE_0001";"NE_0001";"NE_0001";"NE_0001";"NE_0001"
"2023";"09";"080907";"CUSCO";"LA CONVENCION";"KIMBIRI";"GOBIERNO REGIONAL";"I-2";"00002472";"MAPITUNARI";"NE_0001";"";"NE_0001";"NE_0001";"NE_0001";"NE_0001";"NE_0001";"NE_0001";"NE_0001"
"2023";"09";"080907";"CUSCO";"LA CONVENCION";"KIMBIRI";"GOBIERNO REGIONAL";"I-2";"00002475";"KIMBIRI ALTO";"NE_0001";"";"NE_0001";"NE_0001";"NE_0001";"NE_0001";"NE_0001";"NE_0001";"NE_0001"
"2023";"09";"080912";"CUSCO";"LA CONVENCION";"VILLA VIRGEN";"GOBIERNO REGIONAL";"I-2";"00002479";"VILLA VIRGEN";"NE_0001";"";"NE_0001";"NE_0001";"NE_0001";"NE_0001";"NE_0001";"NE_0001";"NE_0001"
"2023";"09";"080907";"CUSCO";"LA CONVENCION";"KIMBIRI";"GOBIERNO REGIONAL";"I-1";"00002473";"UNION ROSALES";"NE_0001";"";"NE_0001";"NE_0001";"NE_0001";"NE_0001";"NE_0001";"NE_0001";"NE_0001"
"2023";"09";"080907";"CUSCO";"LA CONVENCION";"KIMBIRI";"GOBIERNO REGIONAL";"I-2";"00002474";"SAMANIATO";"NE_0001";"";"NE_0001";"NE_0001";"NE_0001";"NE_0001";"NE_0001";"NE_0001";"NE_0001"
"2023";"09";"080907";"CUSCO";"LA CONVENCION";"KIMBIRI";"GOBIERNO REGIONAL";"I-1";"00008284";"MANITEA ALTA";"NE_0001";"";"NE_0001";"NE_0001";"NE_0001";"NE_0001";"NE_0001";"NE_0001";"NE_0001"
"2023";"09";"080907";"CUSCO";"LA CONVENCION";"KIMBIRI";"GOBIERNO REGIONAL";"I-2";"00008285";"ANGELES";"NE_0001";"";"NE_0001";"NE_0001";"NE_0001";"NE_0001";"NE_0001";"NE_0001";"NE_0001"
"2023";"10";"180301";"MOQUEGUA";"ILO";"ILO";"SANIDAD DE LA POLICIA NACIONAL DEL PERU";"I-2";"00025870";"POSTA MEDICA POLICIAL ILO";"NE_0001";"";"NE_0001";"NE_0001";"NE_0001";"NE_0001";"NE_0001";"NE_0001";"NE_0001"
"2023";"10";"120125";"JUNIN";"HUANCAYO";"PILCOMAYO";"SANIDAD DE LA POLICIA NACIONAL DEL PERU";"I-2";"00025776";"POSTA MEDICA POLICIAL EESTP - HYO";"NE_0001";"";"NE_0001";"NE_0001";"NE_0001";"NE_0001";"NE_0001";"NE_0001";"NE_0001"
"2023";"10";"150135";"LIMA";"LIMA";"SAN MARTIN DE PORRES";"SANIDAD DE LA POLICIA NACIONAL DEL PERU";"I-2";"00012739";"POLICLINICO POLICIAL SAN DIEGO";"NE_0001";"";"NE_0001";"NE_0001";"NE_0001";"NE_0001";"NE_0001";"NE_0001";"NE_0001"
"2023";"10";"060609";"CAJAMARCA";"CUTERVO";"SAN JUAN DE CUTERVO";"GOBIERNO REGIONAL";"I-1";"00007103";"SANTA ROSA DE SAN JUAN";"NE_0001";"";"NE_0001";"NE_0001";"NE_0001";"NE_0001";"NE_0001";"NE_0001";"NE_0001"
"2023";"10";"060605";"CAJAMARCA";"CUTERVO";"LA RAMADA";"GOBIERNO REGIONAL";"I-1";"00005028";"LLUSHCAPAMPA";"NE_0001";"";"NE_0001";"NE_0001";"NE_0001";"NE_0001";"NE_0001";"NE_0001";"NE_0001"
"2023";"10";"060605";"CAJAMARCA";"CUTERVO";"LA RAMADA";"GOBIERNO REGIONAL";"I-1";"00006949";"LOS PUENTES";"NE_0001";"";"NE_0001";"NE_0001";"NE_0001";"NE_0001";"NE_0001";"NE_0001";"NE_0001"
"2023";"10";"060604";"CAJAMARCA";"CUTERVO";"CUJILLO";"GOBIERNO REGIONAL";"I-1";"00005026";"EL PAGO";"NE_0001";"";"NE_0001";"NE_0001";"NE_0001";"NE_0001";"NE_0001";"NE_0001";"NE_0001"
"2023";"10";"060609";"CAJAMARCA";"CUTERVO";"SAN JUAN DE CUTERVO";"GOBIERNO REGIONAL";"I-3";"00005029";"SAN JUAN DE CUTERVO";"NE_0001";"";"NE_0001";"NE_0001";"NE_0001";"NE_0001";"NE_0001";"NE_0001";"NE_0001"
"2023";"10";"060605";"CAJAMARCA";"CUTERVO";"LA RAMADA";"GOBIERNO REGIONAL";"I-1";"00007049";"SURO CHICO";"NE_0001";"";"NE_0001";"NE_0001";"NE_0001";"NE_0001";"NE_0001";"NE_0001";"NE_0001"
"2023";"10";"060605";"CAJAMARCA";"CUTERVO";"LA RAMADA";"GOBIERNO REGIONAL";"I-1";"00007180";"TAMBILLO DE LA RAMADA";"NE_0001";"";"NE_0001";"NE_0001";"NE_0001";"NE_0001";"NE_0001";"NE_0001";"NE_0001"
"2023";"10";"060609";"CAJAMARCA";"CUTERVO";"SAN JUAN DE CUTERVO";"GOBIERNO REGIONAL";"I-1";"00005031";"SANTA CRUZ DE LA SUCCHA";"NE_0001";"";"NE_0001";"NE_0001";"NE_0001";"NE_0001";"NE_0001";"NE_0001";"NE_0001"
"2023";"10";"060614";"CAJAMARCA";"CUTERVO";"SOCOTA";"GOBIERNO REGIONAL";"I-1";"00005033";"EL PORVENIR";"NE_0001";"";"NE_0001";"NE_0001";"NE_0001";"NE_0001";"NE_0001";"NE_0001";"NE_0001"
"2023";"10";"060614";"CAJAMARCA";"CUTERVO";"SOCOTA";"GOBIERNO REGIONAL";"I-1";"00006939";"QUIJOS";"NE_0001";"";"NE_0001";"NE_0001";"NE_0001";"NE_0001";"NE_0001";"NE_0001";"NE_0001"
"2023";"10";"060614";"CAJAMARCA";"CUTERVO";"SOCOTA";"GOBIERNO REGIONAL";"I-1";"00007751";"CHANGAY";"NE_0001";"";"NE_0001";"NE_0001";"NE_0001";"NE_0001";"NE_0001";"NE_0001";"NE_0001"
"2023";"10";"060605";"CAJAMARCA";"CUTERVO";"LA RAMADA";"GOBIERNO REGIONAL";"I-1";"00008923";"CARHUALLO";"NE_0001";"";"NE_0001";"NE_0001";"NE_0001";"NE_0001";"NE_0001";"NE_0001";"NE_0001"
"2023";"10";"220602";"SAN MARTIN";"MARISCAL CACERES";"CAMPANILLA";"GOBIERNO REGIONAL";"I-1";"00006576";"BALZAYACU";"NE_0001";"";"NE_0001";"NE_0001";"NE_0001";"NE_0001";"NE_0001";"NE_0001";"NE_0001"
"2023";"10";"220602";"SAN MARTIN";"MARISCAL CACERES";"CAMPANILLA";"GOBIERNO REGIONAL";"I-1";"00006715";"PERLAMAYO";"NE_0001";"";"NE_0001";"NE_0001";"NE_0001";"NE_0001";"NE_0001";"NE_0001";"NE_0001"
"2023";"10";"150140";"LIMA";"LIMA";"SANTIAGO DE SURCO";"PRIVADO";"III-1";"00009988";"CLINICA SAN PABLO SAC";"240000";"HOSPITALIZACIÓN";"458";"458";"1666";"1790";"101";"3131";"4"
"2023";"10";"150140";"LIMA";"LIMA";"SANTIAGO DE SURCO";"PRIVADO";"III-1";"00009988";"CLINICA SAN PABLO SAC";"250200";"UNIDAD DE CUIDADOS CRITICOS UNIDAD DE CUIDADOS INTERMEDIOS GENERAL  (UCIN) ";"2";"0";"0";"30";"10";"310";"0"
"2023";"10";"150140";"LIMA";"LIMA";"SANTIAGO DE SURCO";"PRIVADO";"III-1";"00009988";"CLINICA SAN PABLO SAC";"250108";"UNIDAD DE CUIDADOS CRITICOS UNIDAD  DE CUIDADOS INTENSIVOS  (UCI) PEDIÁTRICA";"14";"15";"105";"98";"8";"248";"1"
"2023";"10";"150140";"LIMA";"LIMA";"SANTIAGO DE SURCO";"PRIVADO";"III-1";"00009988";"CLINICA SAN PABLO SAC";"250100";"UNIDAD DE CUIDADOS CRITICOS UNIDAD  DE CUIDADOS INTENSIVOS GENERALES (UCI) ";"45";"46";"164";"200";"13";"403";"5"
"2023";"10";"240102";"TUMBES";"TUMBES";"CORRALES";"GOBIERNO REGIONAL";"I-2";"00001868";"MALVAL";"NE_0001";"";"NE_0001";"NE_0001";"NE_0001";"NE_0001";"NE_0001";"NE_0001";"NE_0001"
"2023";"10";"240102";"TUMBES";"TUMBES";"CORRALES";"GOBIERNO REGIONAL";"I-2";"00001867";"SAN ISIDRO";"NE_0001";"";"NE_0001";"NE_0001";"NE_0001";"NE_0001";"NE_0001";"NE_0001";"NE_0001"
"2023";"10";"240105";"TUMBES";"TUMBES";"SAN JACINTO";"GOBIERNO REGIONAL";"I-2";"00001873";"CASA BLANQUEADA";"NE_0001";"";"NE_0001";"NE_0001";"NE_0001";"NE_0001";"NE_0001";"NE_0001";"NE_0001"
"2023";"10";"240105";"TUMBES";"TUMBES";"SAN JACINTO";"GOBIERNO REGIONAL";"I-2";"00001872";"VAQUERIA";"NE_0001";"";"NE_0001";"NE_0001";"NE_0001";"NE_0001";"NE_0001";"NE_0001";"NE_0001"
"2023";"10";"240102";"TUMBES";"TUMBES";"CORRALES";"GOBIERNO REGIONAL";"I-4";"00001866";"CLAS CORRALES";"241800";"HOSPITALIZACIÓN DE MEDICINA MEDICINA GENERAL ";"3";"3";"4";"3";"1";"31";"0"
"2023";"10";"240102";"TUMBES";"TUMBES";"CORRALES";"GOBIERNO REGIONAL";"I-4";"00001866";"CLAS CORRALES";"241600";"HOSPITALIZACIÓN QUIRÚRGICA OBSTETRICIA   ";"11";"11";"11";"11";"1";"31";"0"
"2023";"10";"240105";"TUMBES";"TUMBES";"SAN JACINTO";"GOBIERNO REGIONAL";"I-1";"00001874";"OIDOR.";"NE_0001";"";"NE_0001";"NE_0001";"NE_0001";"NE_0001";"NE_0001";"NE_0001";"NE_0001"
"2023";"10";"240103";"TUMBES";"TUMBES";"LA CRUZ";"GOBIERNO REGIONAL";"I-3";"00001869";"CLAS LA CRUZ";"NE_0001";"";"NE_0001";"NE_0001";"NE_0001";"NE_0001";"NE_0001";"NE_0001";"NE_0001"
"2023";"10";"240105";"TUMBES";"TUMBES";"SAN JACINTO";"GOBIERNO REGIONAL";"I-3";"00001870";"SAN JACINTO";"NE_0001";"";"NE_0001";"NE_0001";"NE_0001";"NE_0001";"NE_0001";"NE_0001";"NE_0001"
"2023";"10";"150108";"LIMA";"LIMA";"CHORRILLOS";"PRIVADO";"II-1";"00011950";"CLINICA CHORRILLOS";"NE_0002";"";"NE_0002";"NE_0002";"NE_0002";"NE_0002";"NE_0002";"NE_0002";"NE_0002"
"2023";"10";"150117";"LIMA";"LIMA";"LOS OLIVOS";"PRIVADO";"II-E";"00013044";"MEGASALUD NARANJAL S.A.C.";"240000";"HOSPITALIZACIÓN";"25";"25";"61";"53";"3";"90";"0"
"2023";"11";"080105";"CUSCO";"CUSCO";"SAN SEBASTIAN";"SANIDAD DE LA POLICIA NACIONAL DEL PERU";"I-3";"00011743";"POLICIAL ""SANTA ROSA""  CUSCO";"NE_0001";"";"NE_0001";"NE_0001";"NE_0001";"NE_0001";"NE_0001";"NE_0001";"NE_0001"
"2023";"11";"110207";"ICA";"CHINCHA";"PUEBLO NUEVO";"SANIDAD DE LA POLICIA NACIONAL DEL PERU";"I-3";"00011398";"POLICLINICO POLICIAL CHINCHA";"NE_0001";"";"NE_0001";"NE_0001";"NE_0001";"NE_0001";"NE_0001";"NE_0001";"NE_0001"
"2023";"11";"110201";"ICA";"CHINCHA";"CHINCHA ALTA";"ESSALUD";"II-1";"00013910";"RENE TOCHE GROPPO";"250304";"HOSPIT. EN UNIDAD DE CUID.INTEN.-UNIDAD DE VIGILANCIA INTENSIVA (UVI)-MEDICINA";"22";"11";"29";"55";"4";"120";"3"
"2023";"11";"110201";"ICA";"CHINCHA";"CHINCHA ALTA";"ESSALUD";"II-1";"00013910";"RENE TOCHE GROPPO";"242204";"HOSPITALIZACIÓN DE MEDICINA PSIQUIATRÍA REHABILITACIÓN PSIQUIÁTRICA / REINSERCIÓN ";"0";"0";"0";"180";"8";"240";"0"
"2023";"11";"150501";"LIMA";"CAÑETE";"SAN VICENTE DE CAÑETE";"ESSALUD";"II-1";"00010536";"HOSPITAL II CAÑETE";"241800";"HOSPITALIZACIÓN DE MEDICINA MEDICINA GENERAL ";"64";"70";"435";"429";"18";"532";"4"
"2023";"11";"150501";"LIMA";"CAÑETE";"SAN VICENTE DE CAÑETE";"ESSALUD";"II-1";"00010536";"HOSPITAL II CAÑETE";"240100";"HOSPITALIZACIÓN QUIRÚRGICA CIRUGÍA GENERAL ";"63";"66";"256";"255";"12";"346";"0"
"2023";"11";"150501";"LIMA";"CAÑETE";"SAN VICENTE DE CAÑETE";"ESSALUD";"II-1";"00010536";"HOSPITAL II CAÑETE";"241600";"HOSPITALIZACIÓN QUIRÚRGICA OBSTETRICIA   ";"86";"86";"184";"184";"8";"250";"0"
"2023";"11";"150501";"LIMA";"CAÑETE";"SAN VICENTE DE CAÑETE";"ESSALUD";"II-1";"00010536";"HOSPITAL II CAÑETE";"241500";"HOSPITALIZACIÓN QUIRÚRGICA GINECOLOGÍA  ";"10";"11";"33";"31";"1";"36";"0"
"2023";"11";"150501";"LIMA";"CAÑETE";"SAN VICENTE DE CAÑETE";"ESSALUD";"II-1";"00010536";"HOSPITAL II CAÑETE";"242500";"HOSPITALIZACIÓN-PEDIATRÍA GENERAL-";"37";"33";"86";"95";"5";"154";"0"
"2023";"11";"150120";"LIMA";"LIMA";"MAGDALENA DEL MAR";"MINSA";"III-1";"00006214";"HOSPITAL VICTOR LARCO HERRERA";"242202";"HOSPITALIZACIÓN DE MEDICINA PSIQUIATRÍA PSIQUIATRÍA DEL ADULTO Y GERONTE";"31";"31";"663";"2534";"84";"3000";"0"
"2023";"11";"120203";"JUNIN";"CONCEPCION";"ANDAMARCA";"GOBIERNO REGIONAL";"I-1";"00019793";"HUANUCO";"NE_0001";"";"NE_0001";"NE_0001";"NE_0001";"NE_0001";"NE_0001";"NE_0001";"NE_0001"
"2023";"11";"120135";"JUNIN";"HUANCAYO";"SANTO DOMINGO DE ACOBAMBA";"GOBIERNO REGIONAL";"I-1";"00000668";"PAURAN ATICOCHA";"NE_0001";"";"NE_0001";"NE_0001";"NE_0001";"NE_0001";"NE_0001";"NE_0001";"NE_0001"
"2023";"11";"120135";"JUNIN";"HUANCAYO";"SANTO DOMINGO DE ACOBAMBA";"GOBIERNO REGIONAL";"I-1";"00023381";"YANABAMBA";"NE_0001";"";"NE_0001";"NE_0001";"NE_0001";"NE_0001";"NE_0001";"NE_0001";"NE_0001"
"2023";"11";"120135";"JUNIN";"HUANCAYO";"SANTO DOMINGO DE ACOBAMBA";"GOBIERNO REGIONAL";"I-1";"00024779";"DURAZNO PATA";"NE_0001";"";"NE_0001";"NE_0001";"NE_0001";"NE_0001";"NE_0001";"NE_0001";"NE_0001"
"2023";"11";"120135";"JUNIN";"HUANCAYO";"SANTO DOMINGO DE ACOBAMBA";"GOBIERNO REGIONAL";"I-1";"00024780";"ROSASPAMPA";"NE_0001";"";"NE_0001";"NE_0001";"NE_0001";"NE_0001";"NE_0001";"NE_0001";"NE_0001"
"2023";"11";"120135";"JUNIN";"HUANCAYO";"SANTO DOMINGO DE ACOBAMBA";"GOBIERNO REGIONAL";"I-2";"00000669";"PUMABAMBA";"NE_0001";"";"NE_0001";"NE_0001";"NE_0001";"NE_0001";"NE_0001";"NE_0001";"NE_0001"
"2023";"11";"120135";"JUNIN";"HUANCAYO";"SANTO DOMINGO DE ACOBAMBA";"GOBIERNO REGIONAL";"I-1";"00000670";"SANTA ROSA DE ASTILLERIA";"NE_0001";"";"NE_0001";"NE_0001";"NE_0001";"NE_0001";"NE_0001";"NE_0001";"NE_0001"
"2023";"11";"120205";"JUNIN";"CONCEPCION";"COCHAS";"GOBIERNO REGIONAL";"I-1";"00019792";"ANDAS";"NE_0001";"";"NE_0001";"NE_0001";"NE_0001";"NE_0001";"NE_0001";"NE_0001";"NE_0001"
"2023";"11";"120205";"JUNIN";"CONCEPCION";"COCHAS";"GOBIERNO REGIONAL";"I-1";"00019794";"SAN FRANCISCO DE MACON";"NE_0001";"";"NE_0001";"NE_0001";"NE_0001";"NE_0001";"NE_0001";"NE_0001";"NE_0001"
"2023";"11";"120203";"JUNIN";"CONCEPCION";"ANDAMARCA";"GOBIERNO REGIONAL";"I-2";"00000672";"ANDAMARCA";"NE_0001";"";"NE_0001";"NE_0001";"NE_0001";"NE_0001";"NE_0001";"NE_0001";"NE_0001"
"2023";"11";"120206";"JUNIN";"CONCEPCION";"COMAS";"GOBIERNO REGIONAL";"I-2";"00000679";"CANCHAPALCA";"NE_0001";"";"NE_0001";"NE_0001";"NE_0001";"NE_0001";"NE_0001";"NE_0001";"NE_0001"
"2023";"11";"120206";"JUNIN";"CONCEPCION";"COMAS";"GOBIERNO REGIONAL";"I-2";"00000680";"RACRACALLA";"NE_0001";"";"NE_0001";"NE_0001";"NE_0001";"NE_0001";"NE_0001";"NE_0001";"NE_0001"
"2023";"11";"120206";"JUNIN";"CONCEPCION";"COMAS";"GOBIERNO REGIONAL";"I-1";"00000681";"POMAMANTA";"NE_0001";"";"NE_0001";"NE_0001";"NE_0001";"NE_0001";"NE_0001";"NE_0001";"NE_0001"
"2023";"11";"120206";"JUNIN";"CONCEPCION";"COMAS";"GOBIERNO REGIONAL";"I-1";"00000683";"PUQUIAN";"NE_0001";"";"NE_0001";"NE_0001";"NE_0001";"NE_0001";"NE_0001";"NE_0001";"NE_0001"
"2023";"11";"040108";"AREQUIPA";"AREQUIPA";"LA JOYA";"GOBIERNO REGIONAL";"I-3";"00001323";"CENTRO DE SALUD SAN ISIDRO";"NE_0001";"";"NE_0001";"NE_0001";"NE_0001";"NE_0001";"NE_0001";"NE_0001";"NE_0001"
"2023";"11";"040108";"AREQUIPA";"AREQUIPA";"LA JOYA";"GOBIERNO REGIONAL";"I-2";"00001333";"PUESTO DE SALUD SAN JOSE";"NE_0001";"";"NE_0001";"NE_0001";"NE_0001";"NE_0001";"NE_0001";"NE_0001";"NE_0001"
"2023";"11";"040108";"AREQUIPA";"AREQUIPA";"LA JOYA";"GOBIERNO REGIONAL";"I-2";"00001331";"PUESTO DE SALUD LA CANO";"NE_0001";"";"NE_0001";"NE_0001";"NE_0001";"NE_0001";"NE_0001";"NE_0001";"NE_0001"
"2023";"11";"040702";"AREQUIPA";"ISLAY";"COCACHACRA";"GOBIERNO REGIONAL";"I-2";"00001343";"PUESTO DE SALUD SAN CAMILO 7";"NE_0001";"";"NE_0001";"NE_0001";"NE_0001";"NE_0001";"NE_0001";"NE_0001";"NE_0001"
"2023";"11";"040108";"AREQUIPA";"AREQUIPA";"LA JOYA";"GOBIERNO REGIONAL";"I-2";"00001332";"PUESTO DE SALUD SAN CAMILO 6";"NE_0001";"";"NE_0001";"NE_0001";"NE_0001";"NE_0001";"NE_0001";"NE_0001";"NE_0001"
"2023";"11";"070101";"CALLAO";"CALLAO";"CALLAO";"GOBIERNO REGIONAL";"I-2";"00006768";"PUESTO DE SALUD PALMERAS DE OQUENDO";"NE_0001";"";"NE_0001";"NE_0001";"NE_0001";"NE_0001";"NE_0001";"NE_0001";"NE_0001"
"2023";"11";"070101";"CALLAO";"CALLAO";"CALLAO";"GOBIERNO REGIONAL";"I-2";"00006244";"PUESTO DE SALUD 200 MILLAS";"NE_0001";"";"NE_0001";"NE_0001";"NE_0001";"NE_0001";"NE_0001";"NE_0001";"NE_0001"
"2023";"11";"150108";"LIMA";"LIMA";"CHORRILLOS";"SANIDAD DEL EJERCITO DEL PERU";"I-4";"00018171";"POLICLINICO MILITAR CHORRILLOS";"NE_0001";"";"NE_0001";"NE_0001";"NE_0001";"NE_0001";"NE_0001";"NE_0001";"NE_0001"
"2023";"11";"050110";"AYACUCHO";"HUAMANGA";"SAN JUAN BAUTISTA";"ESSALUD";"II-1";"00011775";"HOSPITAL II HUAMANGA";"240100";"HOSPITALIZACIÓN QUIRÚRGICA CIRUGÍA GENERAL ";"102";"101";"388";"341";"13";"390";"0"
"2023";"11";"050110";"AYACUCHO";"HUAMANGA";"SAN JUAN BAUTISTA";"ESSALUD";"II-1";"00011775";"HOSPITAL II HUAMANGA";"241200";"HOSPITALIZACIÓN QUIRÚRGICA TRAUMATOLOGÍA Y ORTOPEDIA ";"17";"17";"76";"68";"3";"90";"0"
"2023";"11";"050110";"AYACUCHO";"HUAMANGA";"SAN JUAN BAUTISTA";"ESSALUD";"II-1";"00011775";"HOSPITAL II HUAMANGA";"241500";"HOSPITALIZACIÓN QUIRÚRGICA GINECOLOGÍA  ";"21";"20";"80";"66";"3";"90";"0"
"2023";"11";"050110";"AYACUCHO";"HUAMANGA";"SAN JUAN BAUTISTA";"ESSALUD";"II-1";"00011775";"HOSPITAL II HUAMANGA";"241400";"HOSPITALIZACIÓN QUIRÚRGICA GINECO - OBSTETRICIA ";"129";"128";"308";"291";"12";"360";"0"
"2023";"11";"050110";"AYACUCHO";"HUAMANGA";"SAN JUAN BAUTISTA";"ESSALUD";"II-1";"00011775";"HOSPITAL II HUAMANGA";"241800";"HOSPITALIZACIÓN DE MEDICINA MEDICINA GENERAL ";"73";"72";"366";"302";"16";"480";"0"
"2023";"11";"050110";"AYACUCHO";"HUAMANGA";"SAN JUAN BAUTISTA";"ESSALUD";"II-1";"00011775";"HOSPITAL II HUAMANGA";"250100";"UNIDAD DE CUIDADOS CRITICOS UNIDAD  DE CUIDADOS INTENSIVOS GENERALES (UCI) ";"3";"3";"39";"23";"6";"180";"2"
"2023";"10";"220104";"SAN MARTIN";"MOYOBAMBA";"JEPELACIO";"GOBIERNO REGIONAL";"I-3";"00006341";"JERILLO";"241600";"HOSPITALIZACIÓN QUIRÚRGICA OBSTETRICIA   ";"4";"4";"4";"1";"1";"31";"0"
"2023";"10";"220104";"SAN MARTIN";"MOYOBAMBA";"JEPELACIO";"GOBIERNO REGIONAL";"I-1";"00006346";"RAMIREZ";"NE_0001";"";"NE_0001";"NE_0001";"NE_0001";"NE_0001";"NE_0001";"NE_0001";"NE_0001"
"2023";"10";"220104";"SAN MARTIN";"MOYOBAMBA";"JEPELACIO";"GOBIERNO REGIONAL";"I-3";"00006349";"LA HUARPIA";"NE_0001";"";"NE_0001";"NE_0001";"NE_0001";"NE_0001";"NE_0001";"NE_0001";"NE_0001"
"2023";"10";"021801";"ANCASH";"SANTA";"CHIMBOTE";"GOBIERNO REGIONAL";"II-2";"00001652";"HOSPITAL LA CALETA";"241800";"HOSPITALIZACIÓN DE MEDICINA MEDICINA GENERAL ";"70";"57";"333";"256";"9";"279";"6"
"2023";"10";"021801";"ANCASH";"SANTA";"CHIMBOTE";"GOBIERNO REGIONAL";"II-2";"00001652";"HOSPITAL LA CALETA";"244000";"HOSPITALIZACIÓN DE MEDICINA CARDIOLOGIA ";"2";"4";"65";"42";"2";"62";"0"
"2023";"10";"021801";"ANCASH";"SANTA";"CHIMBOTE";"GOBIERNO REGIONAL";"II-2";"00001652";"HOSPITAL LA CALETA";"244700";"HOSPITALIZACIÓN DE MEDICINA NEUROLOGIA  ";"3";"2";"42";"29";"1";"31";"0"
"2023";"10";"021801";"ANCASH";"SANTA";"CHIMBOTE";"GOBIERNO REGIONAL";"II-2";"00001652";"HOSPITAL LA CALETA";"244300";"HOSPITALIZACIÓN DE MEDICINA GASTROENTEROLOGÍA  ";"10";"9";"84";"99";"4";"124";"0"
"2023";"10";"021801";"ANCASH";"SANTA";"CHIMBOTE";"GOBIERNO REGIONAL";"II-2";"00001652";"HOSPITAL LA CALETA";"245300";"HOSPITALIZACIÓN DE MEDICINA NEUMOLOGÍA  ";"11";"12";"170";"153";"5";"155";"0"
"2023";"10";"021801";"ANCASH";"SANTA";"CHIMBOTE";"GOBIERNO REGIONAL";"II-2";"00001652";"HOSPITAL LA CALETA";"242200";"HOSPITALIZACIÓN DE MEDICINA PSIQUIATRÍA ";"9";"8";"252";"231";"8";"248";"0"
"2023";"10";"021801";"ANCASH";"SANTA";"CHIMBOTE";"GOBIERNO REGIONAL";"II-2";"00001652";"HOSPITAL LA CALETA";"244600";"HOSPITALIZACIÓN DE MEDICINA NEFROLOGIA ";"5";"3";"15";"25";"1";"31";"0"
"2023";"10";"021801";"ANCASH";"SANTA";"CHIMBOTE";"GOBIERNO REGIONAL";"II-2";"00001652";"HOSPITAL LA CALETA";"240100";"HOSPITALIZACIÓN QUIRÚRGICA CIRUGÍA GENERAL ";"82";"83";"227";"216";"11";"341";"1"
"2023";"10";"021801";"ANCASH";"SANTA";"CHIMBOTE";"GOBIERNO REGIONAL";"II-2";"00001652";"HOSPITAL LA CALETA";"241200";"HOSPITALIZACIÓN QUIRÚRGICA TRAUMATOLOGÍA Y ORTOPEDIA ";"16";"14";"126";"76";"3";"93";"0"
"2023";"10";"021801";"ANCASH";"SANTA";"CHIMBOTE";"GOBIERNO REGIONAL";"II-2";"00001652";"HOSPITAL LA CALETA";"241300";"HOSPITALIZACIÓN QUIRÚRGICA UROLOGÍA  ";"9";"8";"29";"61";"3";"93";"0"
"2023";"10";"021801";"ANCASH";"SANTA";"CHIMBOTE";"GOBIERNO REGIONAL";"II-2";"00001652";"HOSPITAL LA CALETA";"240200";"HOSPITALIZACIÓN QUIRÚRGICA CIRUGÍA DE CABEZA Y CUELLO / MÁXILO FACIAL ";"0";"1";"3";"1";"1";"31";"0"
"2023";"10";"021801";"ANCASH";"SANTA";"CHIMBOTE";"GOBIERNO REGIONAL";"II-2";"00001652";"HOSPITAL LA CALETA";"240800";"HOSPITALIZACIÓN QUIRÚRGICA CIRUGÍA PLÁSTICA/RECONSTRUCTIVA/ REPARADORA ";"1";"1";"4";"4";"1";"31";"0"
"2023";"10";"021801";"ANCASH";"SANTA";"CHIMBOTE";"GOBIERNO REGIONAL";"II-2";"00001652";"HOSPITAL LA CALETA";"242500";"HOSPITALIZACIÓN-PEDIATRÍA GENERAL-";"137";"138";"537";"614";"22";"682";"1"
"2023";"10";"021801";"ANCASH";"SANTA";"CHIMBOTE";"GOBIERNO REGIONAL";"II-2";"00001652";"HOSPITAL LA CALETA";"241600";"HOSPITALIZACIÓN QUIRÚRGICA OBSTETRICIA   ";"229";"231";"538";"521";"17";"527";"0"
"2023";"10";"021801";"ANCASH";"SANTA";"CHIMBOTE";"GOBIERNO REGIONAL";"II-2";"00001652";"HOSPITAL LA CALETA";"241500";"HOSPITALIZACIÓN QUIRÚRGICA GINECOLOGÍA  ";"22";"20";"95";"170";"6";"186";"0"
"2023";"10";"131101";"LA LIBERTAD";"GRAN CHIMU";"CASCAS";"GOBIERNO REGIONAL";"II-1";"00005277";"HOSPITAL PROVINCIAL DE CASCAS";"241600";"HOSPITALIZACIÓN QUIRÚRGICA OBSTETRICIA   ";"11";"11";"37";"7";"10";"362";"0"
"2023";"10";"131101";"LA LIBERTAD";"GRAN CHIMU";"CASCAS";"GOBIERNO REGIONAL";"II-1";"00005277";"HOSPITAL PROVINCIAL DE CASCAS";"241800";"HOSPITALIZACIÓN DE MEDICINA MEDICINA GENERAL ";"12";"12";"38";"4";"6";"50";"0"
"2023";"10";"150131";"LIMA";"LIMA";"SAN ISIDRO";"PRIVADO";"II-E";"00018667";"CLINICA ARROYO";"NE_0001";"";"NE_0001";"NE_0001";"NE_0001";"NE_0001";"NE_0001";"NE_0001";"NE_0001"
"2023";"10";"060602";"CAJAMARCA";"CUTERVO";"CALLAYUC";"GOBIERNO REGIONAL";"I-1";"00007367";"CONGA";"NE_0001";"";"NE_0001";"NE_0001";"NE_0001";"NE_0001";"NE_0001";"NE_0001";"NE_0001"
"2023";"10";"060611";"CAJAMARCA";"CUTERVO";"SANTA CRUZ";"GOBIERNO REGIONAL";"I-1";"00004978";"CHIPLE LIMON";"NE_0001";"";"NE_0001";"NE_0001";"NE_0001";"NE_0001";"NE_0001";"NE_0001";"NE_0001"
"2023";"10";"060611";"CAJAMARCA";"CUTERVO";"SANTA CRUZ";"GOBIERNO REGIONAL";"I-1";"00004980";"SAN JUAN DE LIMON";"NE_0001";"";"NE_0001";"NE_0001";"NE_0001";"NE_0001";"NE_0001";"NE_0001";"NE_0001"
"2023";"10";"060602";"CAJAMARCA";"CUTERVO";"CALLAYUC";"GOBIERNO REGIONAL";"I-2";"00004966";"SANTA TERESA DE QUEROMARCA";"NE_0001";"";"NE_0001";"NE_0001";"NE_0001";"NE_0001";"NE_0001";"NE_0001";"NE_0001"
"2023";"10";"060602";"CAJAMARCA";"CUTERVO";"CALLAYUC";"GOBIERNO REGIONAL";"I-1";"00006828";"SANTA ROSA DE CALLAYUC";"NE_0001";"";"NE_0001";"NE_0001";"NE_0001";"NE_0001";"NE_0001";"NE_0001";"NE_0001"
"2023";"10";"120603";"JUNIN";"SATIPO";"LLAYLLA";"GOBIERNO REGIONAL";"I-1";"00000433";"BELEN";"NE_0001";"";"NE_0001";"NE_0001";"NE_0001";"NE_0001";"NE_0001";"NE_0001";"NE_0001"
"2023";"10";"120604";"JUNIN";"SATIPO";"MAZAMARI";"GOBIERNO REGIONAL";"I-2";"00000436";"PUEBLO LIBRE DE PAURIALI";"NE_0001";"";"NE_0001";"NE_0001";"NE_0001";"NE_0001";"NE_0001";"NE_0001";"NE_0001"
"2023";"10";"120604";"JUNIN";"SATIPO";"MAZAMARI";"GOBIERNO REGIONAL";"I-1";"00016911";"BUENOS AIRES";"NE_0001";"";"NE_0001";"NE_0001";"NE_0001";"NE_0001";"NE_0001";"NE_0001";"NE_0001"
"2023";"10";"120603";"JUNIN";"SATIPO";"LLAYLLA";"GOBIERNO REGIONAL";"I-3";"00000490";"LLAYLLA";"NE_0001";"";"NE_0001";"NE_0001";"NE_0001";"NE_0001";"NE_0001";"NE_0001";"NE_0001"
"2023";"10";"120603";"JUNIN";"SATIPO";"LLAYLLA";"GOBIERNO REGIONAL";"I-2";"00000491";"HERMOSA PAMPA";"NE_0001";"";"NE_0001";"NE_0001";"NE_0001";"NE_0001";"NE_0001";"NE_0001";"NE_0001"
"2023";"10";"120606";"JUNIN";"SATIPO";"PANGOA";"GOBIERNO REGIONAL";"I-1";"00000439";"SAN CRISTOBAL";"NE_0001";"";"NE_0001";"NE_0001";"NE_0001";"NE_0001";"NE_0001";"NE_0001";"NE_0001"
"2023";"10";"120604";"JUNIN";"SATIPO";"MAZAMARI";"GOBIERNO REGIONAL";"I-4";"00000434";"MAZAMARI";"241600";"HOSPITALIZACIÓN QUIRÚRGICA OBSTETRICIA   ";"39";"41";"82";"82";"6";"186";"0"
"2023";"10";"120604";"JUNIN";"SATIPO";"MAZAMARI";"GOBIERNO REGIONAL";"I-4";"00000434";"MAZAMARI";"241800";"HOSPITALIZACIÓN DE MEDICINA MEDICINA GENERAL ";"13";"14";"60";"60";"8";"248";"0"
"2023";"10";"120604";"JUNIN";"SATIPO";"MAZAMARI";"GOBIERNO REGIONAL";"I-4";"00000434";"MAZAMARI";"242500";"HOSPITALIZACIÓN-PEDIATRÍA GENERAL-";"11";"11";"32";"32";"6";"186";"0"
"2023";"10";"120604";"JUNIN";"SATIPO";"MAZAMARI";"GOBIERNO REGIONAL";"I-2";"00000437";"PANGA";"NE_0001";"";"NE_0001";"NE_0001";"NE_0001";"NE_0001";"NE_0001";"NE_0001";"NE_0001"
"2023";"10";"120606";"JUNIN";"SATIPO";"PANGOA";"GOBIERNO REGIONAL";"I-3";"00000438";"TZIRIARI";"NE_0001";"";"NE_0001";"NE_0001";"NE_0001";"NE_0001";"NE_0001";"NE_0001";"NE_0001"
"2023";"10";"120604";"JUNIN";"SATIPO";"MAZAMARI";"GOBIERNO REGIONAL";"I-1";"00016908";"GLORIABAMBA";"NE_0001";"";"NE_0001";"NE_0001";"NE_0001";"NE_0001";"NE_0001";"NE_0001";"NE_0001"
"2023";"10";"210701";"PUNO";"LAMPA";"LAMPA";"GOBIERNO REGIONAL";"I-4";"00003128";"ANTONIO BARRIONUEVO (LAMPA)";"240100";"HOSPITALIZACIÓN QUIRÚRGICA CIRUGÍA GENERAL ";"8";"8";"29";"1";"2";"62";"0"
"2023";"10";"210701";"PUNO";"LAMPA";"LAMPA";"GOBIERNO REGIONAL";"I-4";"00003128";"ANTONIO BARRIONUEVO (LAMPA)";"241400";"HOSPITALIZACIÓN QUIRÚRGICA GINECO - OBSTETRICIA ";"4";"4";"10";"1";"2";"62";"0"
"2023";"10";"210701";"PUNO";"LAMPA";"LAMPA";"GOBIERNO REGIONAL";"I-4";"00003128";"ANTONIO BARRIONUEVO (LAMPA)";"241500";"HOSPITALIZACIÓN QUIRÚRGICA GINECOLOGÍA  ";"5";"5";"14";"1";"2";"62";"0"
"2023";"10";"210701";"PUNO";"LAMPA";"LAMPA";"GOBIERNO REGIONAL";"I-4";"00003128";"ANTONIO BARRIONUEVO (LAMPA)";"241600";"HOSPITALIZACIÓN QUIRÚRGICA OBSTETRICIA   ";"8";"8";"12";"1";"2";"62";"0"
"2023";"10";"210701";"PUNO";"LAMPA";"LAMPA";"GOBIERNO REGIONAL";"I-4";"00003128";"ANTONIO BARRIONUEVO (LAMPA)";"241800";"HOSPITALIZACIÓN DE MEDICINA MEDICINA GENERAL ";"10";"10";"30";"1";"4";"124";"1"
"2023";"10";"210701";"PUNO";"LAMPA";"LAMPA";"GOBIERNO REGIONAL";"I-4";"00003128";"ANTONIO BARRIONUEVO (LAMPA)";"242500";"HOSPITALIZACIÓN-PEDIATRÍA GENERAL-";"1";"1";"1";"1";"1";"31";"0"
"2023";"10";"210701";"PUNO";"LAMPA";"LAMPA";"GOBIERNO REGIONAL";"I-4";"00003128";"ANTONIO BARRIONUEVO (LAMPA)";"243200";"HOSPITALIZACIÓN DE PEDIATRÍA PEDIATRIA NEONATOLOGÍA";"1";"1";"1";"1";"1";"31";"0"
"2023";"10";"220510";"SAN MARTIN";"LAMAS";"TABALOSOS";"GOBIERNO REGIONAL";"I-1";"00015377";"HUNGURAHUI PAMPA";"NE_0001";"";"NE_0001";"NE_0001";"NE_0001";"NE_0001";"NE_0001";"NE_0001";"NE_0001"
"2023";"10";"220506";"SAN MARTIN";"LAMAS";"PINTO RECODO";"GOBIERNO REGIONAL";"I-1";"00006411";"MISHQUIYACU PINTO RECODO";"NE_0001";"";"NE_0001";"NE_0001";"NE_0001";"NE_0001";"NE_0001";"NE_0001";"NE_0001"
"2023";"10";"220510";"SAN MARTIN";"LAMAS";"TABALOSOS";"GOBIERNO REGIONAL";"I-1";"00006413";"SAN MIGUEL DEL RIO MAYO";"NE_0001";"";"NE_0001";"NE_0001";"NE_0001";"NE_0001";"NE_0001";"NE_0001";"NE_0001"
"2023";"10";"190201";"PASCO";"DANIEL ALCIDES CARRION";"YANAHUANCA";"ESSALUD";"I-3";"00009760";"CENTRO MEDICO DE YANAHUANCA";"NE_0001";"";"NE_0001";"NE_0001";"NE_0001";"NE_0001";"NE_0001";"NE_0001";"NE_0001"
"2023";"10";"081207";"CUSCO";"QUISPICANCHI";"HUARO";"GOBIERNO REGIONAL";"I-2";"00030708";"MENTAL COMUNITARIO HUARO";"NE_0001";"";"NE_0001";"NE_0001";"NE_0001";"NE_0001";"NE_0001";"NE_0001";"NE_0001"
"2023";"11";"150108";"LIMA";"LIMA";"CHORRILLOS";"ESSALUD";"I-3";"00008438";"POLICLINICO JUAN JOSE RODRIGUEZ LAZO";"NE_0001";"";"NE_0001";"NE_0001";"NE_0001";"NE_0001";"NE_0001";"NE_0001";"NE_0001"
"2023";"11";"150106";"LIMA";"LIMA";"CARABAYLLO";"SANIDAD DE LA POLICIA NACIONAL DEL PERU";"I-3";"00012664";"POLICLÌNICO  DE LA  POLICÍA  NACIONAL DEL PERÙ CARABAYLLO - DEFENSORES DE LA DEMOCRACIA ";"NE_0001";"";"NE_0001";"NE_0001";"NE_0001";"NE_0001";"NE_0001";"NE_0001";"NE_0001"
"2023";"11";"110101";"ICA";"ICA";"ICA";"SANIDAD DE LA POLICIA NACIONAL DEL PERU";"I-3";"00010900";"POLICLINICO POLICIAL ICA";"NE_0001";"";"NE_0001";"NE_0001";"NE_0001";"NE_0001";"NE_0001";"NE_0001";"NE_0001"
"2023";"11";"150509";"LIMA";"CAÑETE";"MALA";"ESSALUD";"I-3";"00010569";"CENTRO MEDICO MALA";"NE_0001";"";"NE_0001";"NE_0001";"NE_0001";"NE_0001";"NE_0001";"NE_0001";"NE_0001"
"2023";"11";"021101";"ANCASH";"HUARMEY";"HUARMEY";"ESSALUD";"I-3";"00009059";"CENTRO MEDICO HUARMEY";"NE_0001";"";"NE_0001";"NE_0001";"NE_0001";"NE_0001";"NE_0001";"NE_0001";"NE_0001"
"2023";"11";"040520";"AREQUIPA";"CAYLLOMA";"MAJES";"GOBIERNO REGIONAL";"I-3";"00001326";"CENTRO DE SALUD LA COLINA";"NE_0001";"";"NE_0001";"NE_0001";"NE_0001";"NE_0001";"NE_0001";"NE_0001";"NE_0001"
"2023";"11";"040511";"AREQUIPA";"CAYLLOMA";"LLUTA";"GOBIERNO REGIONAL";"I-2";"00001340";"PUESTO DE SALUD QUERQUE";"NE_0001";"";"NE_0001";"NE_0001";"NE_0001";"NE_0001";"NE_0001";"NE_0001";"NE_0001"
"2023";"11";"100604";"HUANUCO";"LEONCIO PRADO";"JOSE CRESPO Y CASTILLO";"ESSALUD";"I-2";"00027083";"POSTA MÉDICA AUCAYACU";"NE_0001";"";"NE_0001";"NE_0001";"NE_0001";"NE_0001";"NE_0001";"NE_0001";"NE_0001"
"2023";"11";"040126";"AREQUIPA";"AREQUIPA";"YANAHUARA";"PRIVADO";"II-1";"00012907";"SISTEMAS DE ADMINISTRACION HOSPITALARIA S.A.C.";"240100";"HOSPITALIZACIÓN QUIRÚRGICA CIRUGÍA GENERAL ";"108";"108";"823";"106";"5";"150";"0"
"2023";"11";"040126";"AREQUIPA";"AREQUIPA";"YANAHUARA";"PRIVADO";"II-1";"00012907";"SISTEMAS DE ADMINISTRACION HOSPITALARIA S.A.C.";"241400";"HOSPITALIZACIÓN QUIRÚRGICA GINECO - OBSTETRICIA ";"46";"46";"309";"46";"9";"270";"0"
"2023";"11";"040126";"AREQUIPA";"AREQUIPA";"YANAHUARA";"PRIVADO";"II-1";"00012907";"SISTEMAS DE ADMINISTRACION HOSPITALARIA S.A.C.";"241900";"HOSPITALIZACIÓN DE MEDICINA MEDICINA INTERNA ";"38";"38";"389";"37";"5";"150";"0"
"2023";"11";"040126";"AREQUIPA";"AREQUIPA";"YANAHUARA";"PRIVADO";"II-1";"00012907";"SISTEMAS DE ADMINISTRACION HOSPITALARIA S.A.C.";"242300";"HOSPITALIZACIÓN DE PEDIATRÍA  PEDIATRÍA  GENERAL ";"67";"67";"270";"63";"5";"150";"0"
"2023";"11";"040520";"AREQUIPA";"CAYLLOMA";"MAJES";"GOBIERNO REGIONAL";"II-1";"00016721";"HOSPITAL CENTRAL DE MAJES ING. ANGEL GABRIEL CHURA GALLEGOS";"240100";"HOSPITALIZACIÓN QUIRÚRGICA CIRUGÍA GENERAL ";"37";"35";"143";"189";"8";"240";"0"
"2023";"11";"040520";"AREQUIPA";"CAYLLOMA";"MAJES";"GOBIERNO REGIONAL";"II-1";"00016721";"HOSPITAL CENTRAL DE MAJES ING. ANGEL GABRIEL CHURA GALLEGOS";"241500";"HOSPITALIZACIÓN QUIRÚRGICA GINECOLOGÍA  ";"35";"37";"152";"215";"8";"240";"0"
"2023";"11";"040520";"AREQUIPA";"CAYLLOMA";"MAJES";"GOBIERNO REGIONAL";"II-1";"00016721";"HOSPITAL CENTRAL DE MAJES ING. ANGEL GABRIEL CHURA GALLEGOS";"241800";"HOSPITALIZACIÓN DE MEDICINA MEDICINA GENERAL ";"29";"31";"136";"164";"10";"300";"1"
"2023";"11";"040520";"AREQUIPA";"CAYLLOMA";"MAJES";"GOBIERNO REGIONAL";"II-1";"00016721";"HOSPITAL CENTRAL DE MAJES ING. ANGEL GABRIEL CHURA GALLEGOS";"241600";"HOSPITALIZACIÓN QUIRÚRGICA OBSTETRICIA   ";"97";"94";"96";"155";"11";"330";"0"
"2023";"11";"040520";"AREQUIPA";"CAYLLOMA";"MAJES";"GOBIERNO REGIONAL";"II-1";"00016721";"HOSPITAL CENTRAL DE MAJES ING. ANGEL GABRIEL CHURA GALLEGOS";"242500";"HOSPITALIZACIÓN-PEDIATRÍA GENERAL-";"10";"10";"73";"87";"8";"240";"0"
"2023";"11";"040520";"AREQUIPA";"CAYLLOMA";"MAJES";"GOBIERNO REGIONAL";"II-1";"00016721";"HOSPITAL CENTRAL DE MAJES ING. ANGEL GABRIEL CHURA GALLEGOS";"241200";"HOSPITALIZACIÓN QUIRÚRGICA TRAUMATOLOGÍA Y ORTOPEDIA ";"14";"11";"43";"52";"6";"180";"0"
"2023";"11";"140101";"LAMBAYEQUE";"CHICLAYO";"CHICLAYO";"PRIVADO";"II-E";"00008750";"CLINICA DEL PACIFICO S.A";"240000";"HOSPITALIZACIÓN";"286";"295";"722";"594";"51";"1581";"1"
"2023";"11";"140101";"LAMBAYEQUE";"CHICLAYO";"CHICLAYO";"PRIVADO";"II-E";"00008750";"CLINICA DEL PACIFICO S.A";"250100";"UNIDAD DE CUIDADOS CRITICOS UNIDAD  DE CUIDADOS INTENSIVOS GENERALES (UCI) ";"5";"4";"9";"17";"4";"124";"0"
"2023";"11";"130107";"LA LIBERTAD";"TRUJILLO";"MOCHE";"ESSALUD";"I-4";"00009038";"CENTRO DE SALUD CON INTERNAMIENTO MOCHE";"241800";"HOSPITALIZACIÓN DE MEDICINA MEDICINA GENERAL ";"41";"43";"204";"198";"8";"240";"0"
"2023";"11";"070101";"CALLAO";"CALLAO";"CALLAO";"GOBIERNO REGIONAL";"I-3";"00006239";"C.S. SESQUICENTENARIO";"NE_0001";"";"NE_0001";"NE_0001";"NE_0001";"NE_0001";"NE_0001";"NE_0001";"NE_0001"
"2023";"11";"070101";"CALLAO";"CALLAO";"CALLAO";"GOBIERNO REGIONAL";"I-2";"00006240";"PUESTO DE SALUD PREVI";"NE_0001";"";"NE_0001";"NE_0001";"NE_0001";"NE_0001";"NE_0001";"NE_0001";"NE_0001"
"2023";"11";"070101";"CALLAO";"CALLAO";"CALLAO";"GOBIERNO REGIONAL";"I-2";"00006245";"PUESTO DE SALUD BOCANEGRA";"NE_0001";"";"NE_0001";"NE_0001";"NE_0001";"NE_0001";"NE_0001";"NE_0001";"NE_0001"
"2023";"11";"070101";"CALLAO";"CALLAO";"CALLAO";"GOBIERNO REGIONAL";"I-2";"00006246";"PUESTO DE SALUD EL ÁLAMO";"NE_0001";"";"NE_0001";"NE_0001";"NE_0001";"NE_0001";"NE_0001";"NE_0001";"NE_0001"
"2023";"11";"100102";"HUANUCO";"HUANUCO";"AMARILIS";"ESSALUD";"II-2";"00010571";"HOSPITAL II HUANUCO";"241800";"HOSPITALIZACIÓN DE MEDICINA MEDICINA GENERAL ";"97";"95";"684";"658";"22";"660";"7"
"2023";"11";"100102";"HUANUCO";"HUANUCO";"AMARILIS";"ESSALUD";"II-2";"00010571";"HOSPITAL II HUANUCO";"241300";"HOSPITALIZACIÓN QUIRÚRGICA UROLOGÍA  ";"16";"18";"100";"90";"3";"90";"0"
"2023";"11";"100102";"HUANUCO";"HUANUCO";"AMARILIS";"ESSALUD";"II-2";"00010571";"HOSPITAL II HUANUCO";"240100";"HOSPITALIZACIÓN QUIRÚRGICA CIRUGÍA GENERAL ";"89";"77";"285";"326";"11";"330";"0"
"2023";"11";"100102";"HUANUCO";"HUANUCO";"AMARILIS";"ESSALUD";"II-2";"00010571";"HOSPITAL II HUANUCO";"241200";"HOSPITALIZACIÓN QUIRÚRGICA TRAUMATOLOGÍA Y ORTOPEDIA ";"31";"29";"242";"244";"9";"270";"0"
"2023";"11";"100102";"HUANUCO";"HUANUCO";"AMARILIS";"ESSALUD";"II-2";"00010571";"HOSPITAL II HUANUCO";"241100";"HOSPITALIZACIÓN QUIRÚRGICA OTORRINOLARINGOLOGÍA  ";"1";"1";"1";"2";"1";"30";"0"
"2023";"11";"100102";"HUANUCO";"HUANUCO";"AMARILIS";"ESSALUD";"II-2";"00010571";"HOSPITAL II HUANUCO";"241500";"HOSPITALIZACIÓN QUIRÚRGICA GINECOLOGÍA  ";"25";"27";"93";"70";"3";"90";"0"
"2023";"11";"100102";"HUANUCO";"HUANUCO";"AMARILIS";"ESSALUD";"II-2";"00010571";"HOSPITAL II HUANUCO";"241600";"HOSPITALIZACIÓN QUIRÚRGICA OBSTETRICIA   ";"219";"141";"287";"315";"17";"510";"1"
"2023";"08";"130702";"LA LIBERTAD";"PACASMAYO";"GUADALUPE";"ESSALUD";"I-2";"00009486";"POSTA DE SALUD LIMONCARRO";"NE_0001";"";"NE_0001";"NE_0001";"NE_0001";"NE_0001";"NE_0001";"NE_0001";"NE_0001"
"2023";"10";"150101";"LIMA";"LIMA";"LIMA";"PRIVADO";"II-E";"00022102";"CLINICA SEÑOR DE LOS MILAGROS E.I.R.L.";"NE_0001";"";"NE_0001";"NE_0001";"NE_0001";"NE_0001";"NE_0001";"NE_0001";"NE_0001"
"2023";"10";"040701";"AREQUIPA";"ISLAY";"MOLLENDO";"SANIDAD DE LA POLICIA NACIONAL DEL PERU";"I-2";"00017336";"IX MACRO REGION DE SANIDAD POLICIAL  AREQUIPA / HOSREPOL AREQUIPA/ POSTA MEDICA POLICIAL ISLAY";"NE_0001";"";"NE_0001";"NE_0001";"NE_0001";"NE_0001";"NE_0001";"NE_0001";"NE_0001"
"2023";"10";"250101";"UCAYALI";"CORONEL PORTILLO";"CALLERIA";"SANIDAD DE LA POLICIA NACIONAL DEL PERU";"I-3";"00010148";"POLICLINICO POLICIAL PUCALLPA";"NE_0001";"";"NE_0001";"NE_0001";"NE_0001";"NE_0001";"NE_0001";"NE_0001";"NE_0001"
"2023";"10";"070104";"CALLAO";"CALLAO";"LA PERLA";"SANIDAD DE LA POLICIA NACIONAL DEL PERU";"I-3";"00010557";"POLICLINICO  POLICIAL CALLAO";"NE_0001";"";"NE_0001";"NE_0001";"NE_0001";"NE_0001";"NE_0001";"NE_0001";"NE_0001"
"2023";"10";"010101";"AMAZONAS";"CHACHAPOYAS";"CHACHAPOYAS";"SANIDAD DE LA POLICIA NACIONAL DEL PERU";"I-3";"00026723";"POLICLINICO POLICIAL CHACHAPOYAS";"NE_0001";"";"NE_0001";"NE_0001";"NE_0001";"NE_0001";"NE_0001";"NE_0001";"NE_0001"
"2023";"10";"020101";"ANCASH";"HUARAZ";"HUARAZ";"SANIDAD DE LA POLICIA NACIONAL DEL PERU";"I-3";"00010205";"POLICLINICO PNP HUARAZ";"NE_0001";"";"NE_0001";"NE_0001";"NE_0001";"NE_0001";"NE_0001";"NE_0001";"NE_0001"
"2023";"10";"150108";"LIMA";"LIMA";"CHORRILLOS";"ESSALUD";"I-3";"00008438";"POLICLINICO JUAN JOSE RODRIGUEZ LAZO";"NE_0001";"";"NE_0001";"NE_0001";"NE_0001";"NE_0001";"NE_0001";"NE_0001";"NE_0001"
"2023";"10";"150122";"LIMA";"LIMA";"MIRAFLORES";"PRIVADO";"II-E";"00014361";"INSTITUTO DEL CEREBRO Y LA COLUMNA VERTEBRAL";"240000";"HOSPITALIZACIÓN";"49";"49";"86";"49";"8";"248";"0"
"2023";"10";"060801";"CAJAMARCA";"JAEN";"JAEN";"GOBIERNO REGIONAL";"I-2";"00010007";"GRANADILLAS";"NE_0001";"";"NE_0001";"NE_0001";"NE_0001";"NE_0001";"NE_0001";"NE_0001";"NE_0001"
"2023";"10";"060801";"CAJAMARCA";"JAEN";"JAEN";"GOBIERNO REGIONAL";"I-1";"00004218";"VISTA ALEGRE  DE ZONANGA";"NE_0001";"";"NE_0001";"NE_0001";"NE_0001";"NE_0001";"NE_0001";"NE_0001";"NE_0001"
"2023";"10";"060801";"CAJAMARCA";"JAEN";"JAEN";"GOBIERNO REGIONAL";"I-1";"00004217";"TABACAL";"NE_0001";"";"NE_0001";"NE_0001";"NE_0001";"NE_0001";"NE_0001";"NE_0001";"NE_0001"
"2023";"10";"060801";"CAJAMARCA";"JAEN";"JAEN";"GOBIERNO REGIONAL";"I-3";"00004219";"CHAMBAMONTERA";"NE_0001";"";"NE_0001";"NE_0001";"NE_0001";"NE_0001";"NE_0001";"NE_0001";"NE_0001"
"2023";"10";"070101";"CALLAO";"CALLAO";"CALLAO";"SANIDAD DE LA POLICIA NACIONAL DEL PERU";"I-2";"00010451";"POSTA MÉDICA POLICIAL VIPOL";"NE_0001";"";"NE_0001";"NE_0001";"NE_0001";"NE_0001";"NE_0001";"NE_0001";"NE_0001"
"2023";"10";"060101";"CAJAMARCA";"CAJAMARCA";"CAJAMARCA";"SANIDAD DE LA POLICIA NACIONAL DEL PERU";"I-3";"00009296";"POLICLINICO PNP CAJAMARCA";"NE_0002";"";"NE_0002";"NE_0002";"NE_0002";"NE_0002";"NE_0002";"NE_0002";"NE_0002"
"2023";"10";"130401";"LA LIBERTAD";"CHEPEN";"CHEPEN";"SANIDAD DE LA POLICIA NACIONAL DEL PERU";"I-1";"00025659";"Puesto de Salud de la Sanidad PNP. Chepén  I - 1";"NE_0001";"";"NE_0001";"NE_0001";"NE_0001";"NE_0001";"NE_0001";"NE_0001";"NE_0001"
"2023";"10";"240101";"TUMBES";"TUMBES";"TUMBES";"SANIDAD DE LA POLICIA NACIONAL DEL PERU";"I-3";"00012088";"POLICLINICO POLICIAL ""LA CRUZ"" TUMBES";"NE_0001";"";"NE_0001";"NE_0001";"NE_0001";"NE_0001";"NE_0001";"NE_0001";"NE_0001"
"2023";"10";"070101";"CALLAO";"CALLAO";"CALLAO";"SANIDAD DE LA POLICIA NACIONAL DEL PERU";"I-2";"00010610";"POSTA MEDICA POLICIAL SEDE DIRAVPOL";"NE_0001";"";"NE_0001";"NE_0001";"NE_0001";"NE_0001";"NE_0001";"NE_0001";"NE_0001"
"2023";"10";"230101";"TACNA";"TACNA";"TACNA";"SANIDAD DE LA POLICIA NACIONAL DEL PERU";"I-3";"00011528";"POLICLINICO POLICIAL TACNA";"NE_0001";"";"NE_0001";"NE_0001";"NE_0001";"NE_0001";"NE_0001";"NE_0001";"NE_0001"
"2023";"10";"150131";"LIMA";"LIMA";"SAN ISIDRO";"PRIVADO";"I-4";"00008389";"IPOR: INSTITUTO PERUANO DE ONCOLOGIA & RADIOTERAPIA";"NE_0001";"";"NE_0001";"NE_0001";"NE_0001";"NE_0001";"NE_0001";"NE_0001";"NE_0001"
"2023";"10";"150141";"LIMA";"LIMA";"SURQUILLO";"ESSALUD";"I-3";"00013091";"CENTRO DE ATENCION PRIMARIA III SURQUILLO";"NE_0001";"";"NE_0001";"NE_0001";"NE_0001";"NE_0001";"NE_0001";"NE_0001";"NE_0001"
"2023";"10";"150801";"LIMA";"HUAURA";"HUACHO";"PRIVADO";"II-1";"00010883";"CLINICA SAN PEDRO";"240100";"HOSPITALIZACIÓN QUIRÚRGICA CIRUGÍA GENERAL ";"25";"24";"28";"25";"2";"60";"0"
"2023";"10";"150801";"LIMA";"HUAURA";"HUACHO";"PRIVADO";"II-1";"00010883";"CLINICA SAN PEDRO";"241500";"HOSPITALIZACIÓN QUIRÚRGICA GINECOLOGÍA  ";"18";"18";"22";"18";"4";"120";"0"
"2023";"10";"150801";"LIMA";"HUAURA";"HUACHO";"PRIVADO";"II-1";"00010883";"CLINICA SAN PEDRO";"241900";"HOSPITALIZACIÓN DE MEDICINA MEDICINA INTERNA ";"5";"4";"19";"5";"5";"150";"0"
"2023";"10";"150801";"LIMA";"HUAURA";"HUACHO";"PRIVADO";"II-1";"00010883";"CLINICA SAN PEDRO";"241200";"HOSPITALIZACIÓN QUIRÚRGICA TRAUMATOLOGÍA Y ORTOPEDIA ";"50";"49";"49";"38";"2";"60";"0"
"2023";"10";"150801";"LIMA";"HUAURA";"HUACHO";"PRIVADO";"II-1";"00010883";"CLINICA SAN PEDRO";"242500";"HOSPITALIZACIÓN-PEDIATRÍA GENERAL-";"1";"1";"1";"1";"1";"30";"0"
"2023";"10";"150801";"LIMA";"HUAURA";"HUACHO";"PRIVADO";"II-1";"00010883";"CLINICA SAN PEDRO";"240400";"HOSPITALIZACIÓN QUIRÚRGICA CIRUGÍA DE TÓRAX Y CARDIOVASCULAR ";"1";"1";"0";"1";"1";"30";"0"
"2023";"10";"120606";"JUNIN";"SATIPO";"PANGOA";"GOBIERNO REGIONAL";"I-2";"00000451";"MATERENI";"NE_0001";"";"NE_0001";"NE_0001";"NE_0001";"NE_0001";"NE_0001";"NE_0001";"NE_0001"
"2023";"10";"120606";"JUNIN";"SATIPO";"PANGOA";"GOBIERNO REGIONAL";"I-1";"00021802";"SAN JUAN DE PUEBLO LIBRE";"NE_0001";"";"NE_0001";"NE_0001";"NE_0001";"NE_0001";"NE_0001";"NE_0001";"NE_0001"
"2023";"10";"120606";"JUNIN";"SATIPO";"PANGOA";"GOBIERNO REGIONAL";"I-3";"00000446";"CUBANTIA";"NE_0001";"";"NE_0001";"NE_0001";"NE_0001";"NE_0001";"NE_0001";"NE_0001";"NE_0001"
"2023";"10";"120606";"JUNIN";"SATIPO";"PANGOA";"GOBIERNO REGIONAL";"I-1";"00000449";"MAZARONQUIARI";"NE_0001";"";"NE_0001";"NE_0001";"NE_0001";"NE_0001";"NE_0001";"NE_0001";"NE_0001"
"2023";"10";"120606";"JUNIN";"SATIPO";"PANGOA";"GOBIERNO REGIONAL";"I-1";"00000452";"FORTALEZA";"NE_0001";"";"NE_0001";"NE_0001";"NE_0001";"NE_0001";"NE_0001";"NE_0001";"NE_0001"
"2023";"10";"120606";"JUNIN";"SATIPO";"PANGOA";"GOBIERNO REGIONAL";"I-1";"00021804";"ALTO CHICHIRENI";"NE_0001";"";"NE_0001";"NE_0001";"NE_0001";"NE_0001";"NE_0001";"NE_0001";"NE_0001"
"2023";"10";"120606";"JUNIN";"SATIPO";"PANGOA";"GOBIERNO REGIONAL";"I-1";"00000457";"BOCA KIATARI";"NE_0001";"";"NE_0001";"NE_0001";"NE_0001";"NE_0001";"NE_0001";"NE_0001";"NE_0001"
"2023";"10";"120606";"JUNIN";"SATIPO";"PANGOA";"GOBIERNO REGIONAL";"I-1";"00021801";"SANTA CRUZ DE ANAPATI";"NE_0001";"";"NE_0001";"NE_0001";"NE_0001";"NE_0001";"NE_0001";"NE_0001";"NE_0001"
"2023";"10";"120606";"JUNIN";"SATIPO";"PANGOA";"GOBIERNO REGIONAL";"I-1";"00027800";"MAVENI";"NE_0001";"";"NE_0001";"NE_0001";"NE_0001";"NE_0001";"NE_0001";"NE_0001";"NE_0001"
"2023";"10";"120606";"JUNIN";"SATIPO";"PANGOA";"GOBIERNO REGIONAL";"I-1";"00000454";"CAMPIRUSHARI";"NE_0001";"";"NE_0001";"NE_0001";"NE_0001";"NE_0001";"NE_0001";"NE_0001";"NE_0001"
"2023";"10";"120606";"JUNIN";"SATIPO";"PANGOA";"GOBIERNO REGIONAL";"I-1";"00021805";"SAN JUAN DE SANGARENI";"NE_0001";"";"NE_0001";"NE_0001";"NE_0001";"NE_0001";"NE_0001";"NE_0001";"NE_0001"
"2023";"10";"090701";"HUANCAVELICA";"TAYACAJA";"PAMPAS";"GOBIERNO REGIONAL";"II-1";"00004074";"HOSPITAL DE PAMPAS";"241800";"HOSPITALIZACIÓN DE MEDICINA MEDICINA GENERAL ";"12";"10";"54";"56";"6";"186";"0"
"2023";"10";"090701";"HUANCAVELICA";"TAYACAJA";"PAMPAS";"GOBIERNO REGIONAL";"II-1";"00004074";"HOSPITAL DE PAMPAS";"240100";"HOSPITALIZACIÓN QUIRÚRGICA CIRUGÍA GENERAL ";"21";"21";"74";"92";"6";"186";"0"
"2023";"10";"090701";"HUANCAVELICA";"TAYACAJA";"PAMPAS";"GOBIERNO REGIONAL";"II-1";"00004074";"HOSPITAL DE PAMPAS";"241400";"HOSPITALIZACIÓN QUIRÚRGICA GINECO - OBSTETRICIA ";"99";"91";"378";"254";"10";"310";"0"
"2023";"10";"090701";"HUANCAVELICA";"TAYACAJA";"PAMPAS";"GOBIERNO REGIONAL";"II-1";"00004074";"HOSPITAL DE PAMPAS";"242500";"HOSPITALIZACIÓN-PEDIATRÍA GENERAL-";"13";"13";"45";"45";"6";"186";"0"
"2023";"10";"090701";"HUANCAVELICA";"TAYACAJA";"PAMPAS";"GOBIERNO REGIONAL";"II-1";"00004074";"HOSPITAL DE PAMPAS";"243200";"HOSPITALIZACIÓN DE PEDIATRÍA PEDIATRIA NEONATOLOGÍA";"14";"16";"65";"62";"5";"155";"0"
"2023";"10";"090701";"HUANCAVELICA";"TAYACAJA";"PAMPAS";"GOBIERNO REGIONAL";"II-1";"00004074";"HOSPITAL DE PAMPAS";"243200";"HOSPITALIZACIÓN DE PEDIATRÍA PEDIATRIA NEONATOLOGÍA";"2";"2";"4";"7";"1";"31";"0"
"2023";"10";"040102";"AREQUIPA";"AREQUIPA";"ALTO SELVA ALEGRE";"GOBIERNO REGIONAL";"I-2";"00001304";"PUESTO DE SALUD HEROES DEL CENEPA";"NE_0001";"";"NE_0001";"NE_0001";"NE_0001";"NE_0001";"NE_0001";"NE_0001";"NE_0001"
"2023";"10";"040102";"AREQUIPA";"AREQUIPA";"ALTO SELVA ALEGRE";"GOBIERNO REGIONAL";"I-3";"00001302";"CENTRO DE SALUD INDEPENDENCIA";"NE_0001";"";"NE_0001";"NE_0001";"NE_0001";"NE_0001";"NE_0001";"NE_0001";"NE_0001"
"2023";"10";"040102";"AREQUIPA";"AREQUIPA";"ALTO SELVA ALEGRE";"GOBIERNO REGIONAL";"I-3";"00001300";"CENTRO DE SALUD APURIMAC";"NE_0001";"";"NE_0001";"NE_0001";"NE_0001";"NE_0001";"NE_0001";"NE_0001";"NE_0001"
"2023";"10";"040102";"AREQUIPA";"AREQUIPA";"ALTO SELVA ALEGRE";"GOBIERNO REGIONAL";"I-3";"00001291";"CENTRO DE SALUD ALTO SELVA ALEGRE";"NE_0001";"";"NE_0001";"NE_0001";"NE_0001";"NE_0001";"NE_0001";"NE_0001";"NE_0001"
"2023";"10";"150101";"LIMA";"LIMA";"LIMA";"OTRO";"III-2";"00027929";"INSTITUTO DE MEDICINA LEGAL DEL PERÚ";"NE_0001";"";"NE_0001";"NE_0001";"NE_0001";"NE_0001";"NE_0001";"NE_0001";"NE_0001"
"2023";"10";"060607";"CAJAMARCA";"CUTERVO";"QUEROCOTILLO";"GOBIERNO REGIONAL";"I-1";"00004969";"EL MOLINO";"NE_0001";"";"NE_0001";"NE_0001";"NE_0001";"NE_0001";"NE_0001";"NE_0001";"NE_0001"
"2023";"10";"060603";"CAJAMARCA";"CUTERVO";"CHOROS";"GOBIERNO REGIONAL";"I-1";"00004973";"EL ROLLO";"NE_0001";"";"NE_0001";"NE_0001";"NE_0001";"NE_0001";"NE_0001";"NE_0001";"NE_0001"
"2023";"10";"060607";"CAJAMARCA";"CUTERVO";"QUEROCOTILLO";"GOBIERNO REGIONAL";"I-1";"00006860";"TECHIN";"NE_0001";"";"NE_0001";"NE_0001";"NE_0001";"NE_0001";"NE_0001";"NE_0001";"NE_0001"
"2023";"10";"060607";"CAJAMARCA";"CUTERVO";"QUEROCOTILLO";"GOBIERNO REGIONAL";"I-1";"00005008";"CHUMBICATE";"NE_0001";"";"NE_0001";"NE_0001";"NE_0001";"NE_0001";"NE_0001";"NE_0001";"NE_0001"
"2023";"10";"060607";"CAJAMARCA";"CUTERVO";"QUEROCOTILLO";"GOBIERNO REGIONAL";"I-1";"00006859";"MOSHOQUEQUE";"NE_0001";"";"NE_0001";"NE_0001";"NE_0001";"NE_0001";"NE_0001";"NE_0001";"NE_0001"
"2023";"10";"060611";"CAJAMARCA";"CUTERVO";"SANTA CRUZ";"GOBIERNO REGIONAL";"I-1";"00011261";"GRAMALOTILLO";"NE_0001";"";"NE_0001";"NE_0001";"NE_0001";"NE_0001";"NE_0001";"NE_0001";"NE_0001"
"2023";"10";"150501";"LIMA";"CAÑETE";"SAN VICENTE DE CAÑETE";"PRIVADO";"II-1";"00026070";"CLINICA CORAZON DE JESUS";"240100";"HOSPITALIZACIÓN QUIRÚRGICA CIRUGÍA GENERAL ";"35";"35";"79";"54";"8";"248";"0"
"2023";"10";"150501";"LIMA";"CAÑETE";"SAN VICENTE DE CAÑETE";"PRIVADO";"II-1";"00026070";"CLINICA CORAZON DE JESUS";"241400";"HOSPITALIZACIÓN QUIRÚRGICA GINECO - OBSTETRICIA ";"2";"2";"6";"4";"3";"93";"0"
"2023";"10";"220803";"SAN MARTIN";"RIOJA";"ELIAS SOPLIN VARGAS";"GOBIERNO REGIONAL";"I-1";"00006279";"PUERTO BAGAZAN";"NE_0002";"";"NE_0002";"NE_0002";"NE_0002";"NE_0002";"NE_0002";"NE_0002";"NE_0002"
"2023";"10";"220803";"SAN MARTIN";"RIOJA";"ELIAS SOPLIN VARGAS";"GOBIERNO REGIONAL";"I-1";"00017707";"LA VICTORIA";"NE_0002";"";"NE_0002";"NE_0002";"NE_0002";"NE_0002";"NE_0002";"NE_0002";"NE_0002"
"2023";"10";"220803";"SAN MARTIN";"RIOJA";"ELIAS SOPLIN VARGAS";"GOBIERNO REGIONAL";"I-1";"00007298";"LA NACIENTE DEL RIO NEGRO";"NE_0002";"";"NE_0002";"NE_0002";"NE_0002";"NE_0002";"NE_0002";"NE_0002";"NE_0002"
"2023";"10";"220803";"SAN MARTIN";"RIOJA";"ELIAS SOPLIN VARGAS";"GOBIERNO REGIONAL";"I-1";"00006903";"SANTA FE";"NE_0002";"";"NE_0002";"NE_0002";"NE_0002";"NE_0002";"NE_0002";"NE_0002";"NE_0002"
"2023";"10";"220803";"SAN MARTIN";"RIOJA";"ELIAS SOPLIN VARGAS";"GOBIERNO REGIONAL";"I-3";"00006277";"SEGUNDA JERUSALEN";"241600";"HOSPITALIZACIÓN QUIRÚRGICA OBSTETRICIA   ";"3";"3";"3";"2";"3";"93";"0"
"2023";"10";"220803";"SAN MARTIN";"RIOJA";"ELIAS SOPLIN VARGAS";"GOBIERNO REGIONAL";"I-3";"00006277";"SEGUNDA JERUSALEN";"241800";"HOSPITALIZACIÓN DE MEDICINA MEDICINA GENERAL ";"3";"3";"3";"6";"7";"217";"0"
"2023";"10";"220803";"SAN MARTIN";"RIOJA";"ELIAS SOPLIN VARGAS";"GOBIERNO REGIONAL";"I-1";"00006278";"VALLE GRANDE";"NE_0002";"";"NE_0002";"NE_0002";"NE_0002";"NE_0002";"NE_0002";"NE_0002";"NE_0002"
"2023";"10";"150128";"LIMA";"LIMA";"RIMAC";"SANIDAD DEL EJERCITO DEL PERU";"I-4";"00013914";"CENTRO DE SALUD MILITAR RIMAC";"241800";"HOSPITALIZACIÓN DE MEDICINA MEDICINA GENERAL ";"7";"4";"7";"2";"2";"4";"0"
"2023";"10";"160108";"LORETO";"MAYNAS";"PUNCHANA";"GOBIERNO REGIONAL";"III-1";"00000003";"HOSPITAL REGIONAL DE LORETO ""FELIPE SANTIAGO ARRIOLA IGLESIAS""";"241900";"HOSPITALIZACIÓN DE MEDICINA MEDICINA INTERNA ";"81";"118";"1100";"736";"29";"870";"11"
"2023";"10";"160108";"LORETO";"MAYNAS";"PUNCHANA";"GOBIERNO REGIONAL";"III-1";"00000003";"HOSPITAL REGIONAL DE LORETO ""FELIPE SANTIAGO ARRIOLA IGLESIAS""";"240100";"HOSPITALIZACIÓN QUIRÚRGICA CIRUGÍA GENERAL ";"107";"130";"950";"675";"28";"840";"1"
"2023";"10";"160108";"LORETO";"MAYNAS";"PUNCHANA";"GOBIERNO REGIONAL";"III-1";"00000003";"HOSPITAL REGIONAL DE LORETO ""FELIPE SANTIAGO ARRIOLA IGLESIAS""";"242300";"HOSPITALIZACIÓN DE PEDIATRÍA  PEDIATRÍA  GENERAL ";"39";"63";"731";"574";"29";"870";"1"
"2023";"10";"160108";"LORETO";"MAYNAS";"PUNCHANA";"GOBIERNO REGIONAL";"III-1";"00000003";"HOSPITAL REGIONAL DE LORETO ""FELIPE SANTIAGO ARRIOLA IGLESIAS""";"241500";"HOSPITALIZACIÓN QUIRÚRGICA GINECOLOGÍA  ";"25";"30";"212";"162";"15";"450";"0"
"2023";"10";"160108";"LORETO";"MAYNAS";"PUNCHANA";"GOBIERNO REGIONAL";"III-1";"00000003";"HOSPITAL REGIONAL DE LORETO ""FELIPE SANTIAGO ARRIOLA IGLESIAS""";"241400";"HOSPITALIZACIÓN QUIRÚRGICA GINECO - OBSTETRICIA ";"344";"374";"852";"836";"37";"1110";"0"
"2023";"10";"160108";"LORETO";"MAYNAS";"PUNCHANA";"GOBIERNO REGIONAL";"III-1";"00000003";"HOSPITAL REGIONAL DE LORETO ""FELIPE SANTIAGO ARRIOLA IGLESIAS""";"242000";"HOSPITALIZACIÓN DE MEDICINA MEDICINA TROPICAL E INFECCIOSAS ";"37";"57";"687";"602";"25";"750";"5"
"2023";"10";"160108";"LORETO";"MAYNAS";"PUNCHANA";"GOBIERNO REGIONAL";"III-1";"00000003";"HOSPITAL REGIONAL DE LORETO ""FELIPE SANTIAGO ARRIOLA IGLESIAS""";"242205";"HOSPITALIZACIÓN MEDICINA PSIQUIATRÍA PISIQUIATRIA/ SALUD MENTAL Y ADICCIONES";"2";"2";"2165";"280";"10";"300";"1"
"2023";"10";"160108";"LORETO";"MAYNAS";"PUNCHANA";"GOBIERNO REGIONAL";"III-1";"00000003";"HOSPITAL REGIONAL DE LORETO ""FELIPE SANTIAGO ARRIOLA IGLESIAS""";"242100";"HOSPITALIZACIÓN DE MEDICINA ONCOLOGÍA MÉDICA ";"16";"21";"123";"96";"4";"120";"0"
"2023";"10";"160108";"LORETO";"MAYNAS";"PUNCHANA";"GOBIERNO REGIONAL";"III-1";"00000003";"HOSPITAL REGIONAL DE LORETO ""FELIPE SANTIAGO ARRIOLA IGLESIAS""";"250103";"UNIDAD DE CUIDADOS CRITICOS UNIDAD  DE CUIDADOS INTENSIVOS GENERALES  (UCI) MEDICINA";"1";"4";"81";"71";"7";"210";"4"
"2023";"10";"160108";"LORETO";"MAYNAS";"PUNCHANA";"GOBIERNO REGIONAL";"III-1";"00000003";"HOSPITAL REGIONAL DE LORETO ""FELIPE SANTIAGO ARRIOLA IGLESIAS""";"250109";"UNIDAD DE CUIDADOS CRITICOS UNIDAD  DE CUIDADOS INTENSIVOS  (UCI) QUIRÚRGICA";"4";"7";"174";"163";"6";"180";"1"
"2023";"10";"160108";"LORETO";"MAYNAS";"PUNCHANA";"GOBIERNO REGIONAL";"III-1";"00000003";"HOSPITAL REGIONAL DE LORETO ""FELIPE SANTIAGO ARRIOLA IGLESIAS""";"250108";"UNIDAD DE CUIDADOS CRITICOS UNIDAD  DE CUIDADOS INTENSIVOS  (UCI) PEDIÁTRICA";"1";"2";"98";"83";"4";"120";"1"
"2023";"10";"160108";"LORETO";"MAYNAS";"PUNCHANA";"GOBIERNO REGIONAL";"III-1";"00000003";"HOSPITAL REGIONAL DE LORETO ""FELIPE SANTIAGO ARRIOLA IGLESIAS""";"250105";"UNIDAD DE CUIDADOS CRITICOS UNIDAD  DE CUIDADOS INTENSIVOS  (UCI) NEONATOLOGÍA";"3";"3";"51";"172";"6";"180";"3"
"2023";"10";"160108";"LORETO";"MAYNAS";"PUNCHANA";"GOBIERNO REGIONAL";"III-1";"00000003";"HOSPITAL REGIONAL DE LORETO ""FELIPE SANTIAGO ARRIOLA IGLESIAS""";"250400";"UNIDAD DE CUIDADOS CRITICOS UNIDAD DE QUEMADOS (GRAN QUEMADO) ";"3";"6";"134";"129";"7";"210";"0"
"2023";"10";"160108";"LORETO";"MAYNAS";"PUNCHANA";"GOBIERNO REGIONAL";"III-1";"00000003";"HOSPITAL REGIONAL DE LORETO ""FELIPE SANTIAGO ARRIOLA IGLESIAS""";"250201";"UNIDAD DE CUIDADOS CRITICOS UNIDAD DE CUIDADOS INTERMEDIOS  (UCIN) NEONATAL";"22";"29";"340";"300";"10";"300";"3"
"2023";"11";"130105";"LA LIBERTAD";"TRUJILLO";"LA ESPERANZA";"ESSALUD";"II-1";"00009040";"HOSPITAL I - LA ESPERANZA";"241800";"HOSPITALIZACIÓN DE MEDICINA MEDICINA GENERAL ";"61";"61";"227";"215";"10";"300";"0"
"2023";"11";"150135";"LIMA";"LIMA";"SAN MARTIN DE PORRES";"SANIDAD DE LA POLICIA NACIONAL DEL PERU";"I-3";"00011876";"POLICLINICO PNP SAN MARTIN DE PORRES";"NE_0001";"";"NE_0001";"NE_0001";"NE_0001";"NE_0001";"NE_0001";"NE_0001";"NE_0001"
"2023";"11";"150125";"LIMA";"LIMA";"PUENTE PIEDRA";"PRIVADO";"II-E";"00016353";"CLINICA MONTELUZ";"241400";"HOSPITALIZACIÓN QUIRÚRGICA GINECO - OBSTETRICIA ";"84";"83";"127";"128";"12";"360";"0"
"2023";"11";"150125";"LIMA";"LIMA";"PUENTE PIEDRA";"PRIVADO";"II-E";"00016353";"CLINICA MONTELUZ";"240100";"HOSPITALIZACIÓN QUIRÚRGICA CIRUGÍA GENERAL ";"93";"95";"142";"145";"10";"300";"0"
"2023";"11";"120101";"JUNIN";"HUANCAYO";"HUANCAYO";"PRIVADO";"II-2";"00008858";"CLINICA ORTEGA";"240100";"HOSPITALIZACIÓN QUIRÚRGICA CIRUGÍA GENERAL ";"53";"53";"200";"200";"9";"270";"3"
"2023";"11";"120101";"JUNIN";"HUANCAYO";"HUANCAYO";"PRIVADO";"II-2";"00008858";"CLINICA ORTEGA";"240200";"HOSPITALIZACIÓN QUIRÚRGICA CIRUGÍA DE CABEZA Y CUELLO / MÁXILO FACIAL ";"1";"1";"6";"6";"3";"90";"0"
"2023";"11";"120101";"JUNIN";"HUANCAYO";"HUANCAYO";"PRIVADO";"II-2";"00008858";"CLINICA ORTEGA";"240700";"HOSPITALIZACIÓN QUIRÚRGICA CIRUGÍA PEDIÁTRICA ";"1";"1";"1";"1";"3";"90";"0"
"2023";"11";"120101";"JUNIN";"HUANCAYO";"HUANCAYO";"PRIVADO";"II-2";"00008858";"CLINICA ORTEGA";"240900";"HOSPITALIZACIÓN QUIRÚRGICA NEUROCIRUGÍA ";"10";"10";"64";"64";"5";"150";"0"
"2023";"09";"110201";"ICA";"CHINCHA";"CHINCHA ALTA";"PRIVADO";"II-1";"00017493";"CLINICA GAXAY";"240000";"HOSPITALIZACIÓN";"29";"33";"50";"33";"7";"210";"0"
"2023";"09";"080108";"CUSCO";"CUSCO";"WANCHAQ";"ESSALUD";"III-1";"00010041";"ADOLFO GUEVARA VELASCO";"250100";"UNIDAD DE CUIDADOS CRITICOS UNIDAD  DE CUIDADOS INTENSIVOS GENERALES (UCI) ";"24";"7";"48";"175";"12";"360";"3"
"2023";"09";"080108";"CUSCO";"CUSCO";"WANCHAQ";"ESSALUD";"III-1";"00010041";"ADOLFO GUEVARA VELASCO";"241900";"HOSPITALIZACIÓN DE MEDICINA MEDICINA INTERNA ";"4";"4";"52";"59";"2";"60";"1"
"2023";"09";"080108";"CUSCO";"CUSCO";"WANCHAQ";"ESSALUD";"III-1";"00010041";"ADOLFO GUEVARA VELASCO";"241900";"HOSPITALIZACIÓN DE MEDICINA MEDICINA INTERNA ";"49";"41";"453";"420";"14";"420";"0"
"2023";"09";"080108";"CUSCO";"CUSCO";"WANCHAQ";"ESSALUD";"III-1";"00010041";"ADOLFO GUEVARA VELASCO";"241900";"HOSPITALIZACIÓN DE MEDICINA MEDICINA INTERNA ";"11";"11";"122";"210";"7";"210";"0"
"2023";"09";"080108";"CUSCO";"CUSCO";"WANCHAQ";"ESSALUD";"III-1";"00010041";"ADOLFO GUEVARA VELASCO";"241900";"HOSPITALIZACIÓN DE MEDICINA MEDICINA INTERNA ";"6";"24";"546";"390";"13";"390";"0"
"2023";"09";"080108";"CUSCO";"CUSCO";"WANCHAQ";"ESSALUD";"III-1";"00010041";"ADOLFO GUEVARA VELASCO";"241900";"HOSPITALIZACIÓN DE MEDICINA MEDICINA INTERNA ";"8";"3";"42";"60";"2";"60";"0"
"2023";"09";"080108";"CUSCO";"CUSCO";"WANCHAQ";"ESSALUD";"III-1";"00010041";"ADOLFO GUEVARA VELASCO";"241900";"HOSPITALIZACIÓN DE MEDICINA MEDICINA INTERNA ";"0";"4";"30";"29";"1";"30";"0"
"2023";"09";"080108";"CUSCO";"CUSCO";"WANCHAQ";"ESSALUD";"III-1";"00010041";"ADOLFO GUEVARA VELASCO";"241900";"HOSPITALIZACIÓN DE MEDICINA MEDICINA INTERNA ";"112";"95";"1405";"1380";"46";"1380";"15"
"2023";"09";"080108";"CUSCO";"CUSCO";"WANCHAQ";"ESSALUD";"III-1";"00010041";"ADOLFO GUEVARA VELASCO";"241900";"HOSPITALIZACIÓN DE MEDICINA MEDICINA INTERNA ";"33";"40";"360";"369";"13";"390";"0"
"2023";"09";"080108";"CUSCO";"CUSCO";"WANCHAQ";"ESSALUD";"III-1";"00010041";"ADOLFO GUEVARA VELASCO";"241900";"HOSPITALIZACIÓN DE MEDICINA MEDICINA INTERNA ";"16";"17";"133";"180";"6";"180";"1"
"2023";"09";"080108";"CUSCO";"CUSCO";"WANCHAQ";"ESSALUD";"III-1";"00010041";"ADOLFO GUEVARA VELASCO";"242100";"HOSPITALIZACIÓN DE MEDICINA ONCOLOGÍA MÉDICA ";"78";"87";"619";"557";"19";"570";"8"
"2023";"09";"080108";"CUSCO";"CUSCO";"WANCHAQ";"ESSALUD";"III-1";"00010041";"ADOLFO GUEVARA VELASCO";"240200";"HOSPITALIZACIÓN QUIRÚRGICA CIRUGÍA DE CABEZA Y CUELLO / MÁXILO FACIAL ";"10";"16";"171";"131";"5";"150";"0"
"2023";"09";"080108";"CUSCO";"CUSCO";"WANCHAQ";"ESSALUD";"III-1";"00010041";"ADOLFO GUEVARA VELASCO";"240400";"HOSPITALIZACIÓN QUIRÚRGICA CIRUGÍA DE TÓRAX Y CARDIOVASCULAR ";"26";"26";"262";"226";"8";"240";"0"
"2023";"09";"080108";"CUSCO";"CUSCO";"WANCHAQ";"ESSALUD";"III-1";"00010041";"ADOLFO GUEVARA VELASCO";"241000";"HOSPITALIZACIÓN QUIRÚRGICA ONCOLOGÍA QUIRÚRGICA  ";"33";"33";"166";"169";"6";"180";"0"
"2023";"09";"080108";"CUSCO";"CUSCO";"WANCHAQ";"ESSALUD";"III-1";"00010041";"ADOLFO GUEVARA VELASCO";"240100";"HOSPITALIZACIÓN QUIRÚRGICA CIRUGÍA GENERAL ";"197";"198";"489";"504";"17";"510";"0"
"2023";"09";"080108";"CUSCO";"CUSCO";"WANCHAQ";"ESSALUD";"III-1";"00010041";"ADOLFO GUEVARA VELASCO";"240800";"HOSPITALIZACIÓN QUIRÚRGICA CIRUGÍA PLÁSTICA/RECONSTRUCTIVA/ REPARADORA ";"2";"2";"23";"23";"1";"30";"0"
"2023";"09";"080108";"CUSCO";"CUSCO";"WANCHAQ";"ESSALUD";"III-1";"00010041";"ADOLFO GUEVARA VELASCO";"240900";"HOSPITALIZACIÓN QUIRÚRGICA NEUROCIRUGÍA ";"35";"39";"316";"264";"9";"270";"0"
"2023";"09";"080108";"CUSCO";"CUSCO";"WANCHAQ";"ESSALUD";"III-1";"00010041";"ADOLFO GUEVARA VELASCO";"240600";"HOSPITALIZACIÓN QUIRÚRGICA CIRUGÍA OFTALMOLÓGICA ";"1";"1";"3";"3";"1";"30";"0"
"2023";"09";"080108";"CUSCO";"CUSCO";"WANCHAQ";"ESSALUD";"III-1";"00010041";"ADOLFO GUEVARA VELASCO";"241200";"HOSPITALIZACIÓN QUIRÚRGICA TRAUMATOLOGÍA Y ORTOPEDIA ";"120";"113";"828";"917";"31";"930";"0"
"2023";"09";"080108";"CUSCO";"CUSCO";"WANCHAQ";"ESSALUD";"III-1";"00010041";"ADOLFO GUEVARA VELASCO";"241100";"HOSPITALIZACIÓN QUIRÚRGICA OTORRINOLARINGOLOGÍA  ";"42";"43";"171";"175";"6";"180";"0"
"2023";"09";"080108";"CUSCO";"CUSCO";"WANCHAQ";"ESSALUD";"III-1";"00010041";"ADOLFO GUEVARA VELASCO";"241300";"HOSPITALIZACIÓN QUIRÚRGICA UROLOGÍA  ";"57";"65";"446";"460";"16";"480";"0"
"2023";"09";"080108";"CUSCO";"CUSCO";"WANCHAQ";"ESSALUD";"III-1";"00010041";"ADOLFO GUEVARA VELASCO";"241500";"HOSPITALIZACIÓN QUIRÚRGICA GINECOLOGÍA  ";"130";"128";"381";"364";"16";"480";"0"
"2023";"09";"080108";"CUSCO";"CUSCO";"WANCHAQ";"ESSALUD";"III-1";"00010041";"ADOLFO GUEVARA VELASCO";"241600";"HOSPITALIZACIÓN QUIRÚRGICA OBSTETRICIA   ";"255";"264";"658";"641";"30";"900";"0"
"2023";"09";"080108";"CUSCO";"CUSCO";"WANCHAQ";"ESSALUD";"III-1";"00010041";"ADOLFO GUEVARA VELASCO";"242300";"HOSPITALIZACIÓN DE PEDIATRÍA  PEDIATRÍA  GENERAL ";"66";"57";"458";"385";"14";"420";"0"
"2023";"09";"080108";"CUSCO";"CUSCO";"WANCHAQ";"ESSALUD";"III-1";"00010041";"ADOLFO GUEVARA VELASCO";"240700";"HOSPITALIZACIÓN QUIRÚRGICA CIRUGÍA PEDIÁTRICA ";"25";"27";"153";"173";"11";"330";"0"
"2023";"09";"080108";"CUSCO";"CUSCO";"WANCHAQ";"ESSALUD";"III-1";"00010041";"ADOLFO GUEVARA VELASCO";"250108";"UNIDAD DE CUIDADOS CRITICOS UNIDAD  DE CUIDADOS INTENSIVOS  (UCI) PEDIÁTRICA";"5";"0";"0";"35";"3";"90";"0"
"2023";"09";"080108";"CUSCO";"CUSCO";"WANCHAQ";"ESSALUD";"III-1";"00010041";"ADOLFO GUEVARA VELASCO";"250105";"UNIDAD DE CUIDADOS CRITICOS UNIDAD  DE CUIDADOS INTENSIVOS  (UCI) NEONATOLOGÍA";"22";"3";"6";"114";"10";"300";"3"
"2023";"09";"080108";"CUSCO";"CUSCO";"WANCHAQ";"ESSALUD";"III-1";"00010041";"ADOLFO GUEVARA VELASCO";"250200";"UNIDAD DE CUIDADOS CRITICOS UNIDAD DE CUIDADOS INTERMEDIOS GENERAL  (UCIN) ";"1";"1";"21";"200";"8";"240";"0"
"2023";"09";"080108";"CUSCO";"CUSCO";"WANCHAQ";"ESSALUD";"III-1";"00010041";"ADOLFO GUEVARA VELASCO";"250105";"UNIDAD DE CUIDADOS CRITICOS UNIDAD  DE CUIDADOS INTENSIVOS  (UCI) NEONATOLOGÍA";"3";"12";"49";"178";"8";"240";"0"
"2023";"09";"080108";"CUSCO";"CUSCO";"WANCHAQ";"ESSALUD";"III-1";"00010041";"ADOLFO GUEVARA VELASCO";"250105";"UNIDAD DE CUIDADOS CRITICOS UNIDAD  DE CUIDADOS INTENSIVOS  (UCI) NEONATOLOGÍA";"7";"25";"241";"216";"8";"240";"0"
"2023";"09";"080108";"CUSCO";"CUSCO";"WANCHAQ";"ESSALUD";"III-1";"00010041";"ADOLFO GUEVARA VELASCO";"250105";"UNIDAD DE CUIDADOS CRITICOS UNIDAD  DE CUIDADOS INTENSIVOS  (UCI) NEONATOLOGÍA";"1";"23";"195";"203";"8";"240";"0"
"2023";"09";"150605";"LIMA";"HUARAL";"CHANCAY";"GOBIERNO REGIONAL";"II-2";"00007638";"HOSPITAL DE CHANCAY Y SBS Dr. HIDALGO ATOCHE L¿PEZ";"240100";"HOSPITALIZACIÓN QUIRÚRGICA CIRUGÍA GENERAL ";"44";"50";"117";"117";"4";"120";"0"
"2023";"09";"150605";"LIMA";"HUARAL";"CHANCAY";"GOBIERNO REGIONAL";"II-2";"00007638";"HOSPITAL DE CHANCAY Y SBS Dr. HIDALGO ATOCHE L¿PEZ";"241200";"HOSPITALIZACIÓN QUIRÚRGICA TRAUMATOLOGÍA Y ORTOPEDIA ";"11";"12";"46";"46";"2";"60";"0"
"2023";"09";"150605";"LIMA";"HUARAL";"CHANCAY";"GOBIERNO REGIONAL";"II-2";"00007638";"HOSPITAL DE CHANCAY Y SBS Dr. HIDALGO ATOCHE L¿PEZ";"241300";"HOSPITALIZACIÓN QUIRÚRGICA UROLOGÍA  ";"1";"1";"7";"7";"1";"30";"0"
"2023";"09";"150605";"LIMA";"HUARAL";"CHANCAY";"GOBIERNO REGIONAL";"II-2";"00007638";"HOSPITAL DE CHANCAY Y SBS Dr. HIDALGO ATOCHE L¿PEZ";"241500";"HOSPITALIZACIÓN QUIRÚRGICA GINECOLOGÍA  ";"2";"2";"3";"3";"8";"240";"0"
"2023";"09";"150605";"LIMA";"HUARAL";"CHANCAY";"GOBIERNO REGIONAL";"II-2";"00007638";"HOSPITAL DE CHANCAY Y SBS Dr. HIDALGO ATOCHE L¿PEZ";"241600";"HOSPITALIZACIÓN QUIRÚRGICA OBSTETRICIA   ";"102";"109";"201";"201";"13";"390";"0"
"2023";"09";"150605";"LIMA";"HUARAL";"CHANCAY";"GOBIERNO REGIONAL";"II-2";"00007638";"HOSPITAL DE CHANCAY Y SBS Dr. HIDALGO ATOCHE L¿PEZ";"241800";"HOSPITALIZACIÓN DE MEDICINA MEDICINA GENERAL ";"41";"56";"451";"451";"16";"480";"4"
"2023";"09";"150605";"LIMA";"HUARAL";"CHANCAY";"GOBIERNO REGIONAL";"II-2";"00007638";"HOSPITAL DE CHANCAY Y SBS Dr. HIDALGO ATOCHE L¿PEZ";"242500";"HOSPITALIZACIÓN-PEDIATRÍA GENERAL-";"33";"35";"100";"100";"14";"420";"0"
"2023";"09";"150605";"LIMA";"HUARAL";"CHANCAY";"GOBIERNO REGIONAL";"II-2";"00007638";"HOSPITAL DE CHANCAY Y SBS Dr. HIDALGO ATOCHE L¿PEZ";"243200";"HOSPITALIZACIÓN DE PEDIATRÍA PEDIATRIA NEONATOLOGÍA";"12";"15";"68";"68";"6";"180";"0"
"2023";"09";"150605";"LIMA";"HUARAL";"CHANCAY";"GOBIERNO REGIONAL";"II-2";"00007638";"HOSPITAL DE CHANCAY Y SBS Dr. HIDALGO ATOCHE L¿PEZ";"250103";"UNIDAD DE CUIDADOS CRITICOS UNIDAD  DE CUIDADOS INTENSIVOS GENERALES  (UCI) MEDICINA";"1";"2";"7";"7";"4";"120";"1"
"2023";"09";"150605";"LIMA";"HUARAL";"CHANCAY";"GOBIERNO REGIONAL";"II-2";"00007638";"HOSPITAL DE CHANCAY Y SBS Dr. HIDALGO ATOCHE L¿PEZ";"250105";"UNIDAD DE CUIDADOS CRITICOS UNIDAD  DE CUIDADOS INTENSIVOS  (UCI) NEONATOLOGÍA";"8";"8";"20";"20";"2";"60";"0"
"2023";"09";"220104";"SAN MARTIN";"MOYOBAMBA";"JEPELACIO";"GOBIERNO REGIONAL";"I-3";"00006341";"JERILLO";"241600";"HOSPITALIZACIÓN QUIRÚRGICA OBSTETRICIA   ";"3";"3";"4";"1";"1";"30";"0"
"2023";"09";"220104";"SAN MARTIN";"MOYOBAMBA";"JEPELACIO";"GOBIERNO REGIONAL";"I-1";"00006346";"RAMIREZ";"NE_0001";"";"NE_0001";"NE_0001";"NE_0001";"NE_0001";"NE_0001";"NE_0001";"NE_0001"
"2023";"09";"220104";"SAN MARTIN";"MOYOBAMBA";"JEPELACIO";"GOBIERNO REGIONAL";"I-3";"00006349";"LA HUARPIA";"NE_0001";"";"NE_0001";"NE_0001";"NE_0001";"NE_0001";"NE_0001";"NE_0001";"NE_0001"
"2023";"09";"200601";"PIURA";"SULLANA";"SULLANA";"PRIVADO";"II-1";"00010777";"CLINICA VIRGEN DEL PILAR SCRL";"241900";"HOSPITALIZACIÓN DE MEDICINA MEDICINA INTERNA ";"8";"8";"160";"156";"24";"250";"1"
"2023";"09";"200601";"PIURA";"SULLANA";"SULLANA";"PRIVADO";"II-1";"00010777";"CLINICA VIRGEN DEL PILAR SCRL";"240100";"HOSPITALIZACIÓN QUIRÚRGICA CIRUGÍA GENERAL ";"18";"18";"151";"132";"24";"510";"0"
"2023";"09";"240102";"TUMBES";"TUMBES";"CORRALES";"GOBIERNO REGIONAL";"I-2";"00001868";"MALVAL";"NE_0001";"";"NE_0001";"NE_0001";"NE_0001";"NE_0001";"NE_0001";"NE_0001";"NE_0001"
"2023";"09";"240102";"TUMBES";"TUMBES";"CORRALES";"GOBIERNO REGIONAL";"I-2";"00001867";"SAN ISIDRO";"NE_0001";"";"NE_0001";"NE_0001";"NE_0001";"NE_0001";"NE_0001";"NE_0001";"NE_0001"
"2023";"09";"240105";"TUMBES";"TUMBES";"SAN JACINTO";"GOBIERNO REGIONAL";"I-2";"00001873";"CASA BLANQUEADA";"NE_0001";"";"NE_0001";"NE_0001";"NE_0001";"NE_0001";"NE_0001";"NE_0001";"NE_0001"
"2023";"09";"240105";"TUMBES";"TUMBES";"SAN JACINTO";"GOBIERNO REGIONAL";"I-1";"00001871";"RICA PLAYA";"NE_0001";"";"NE_0001";"NE_0001";"NE_0001";"NE_0001";"NE_0001";"NE_0001";"NE_0001"
"2023";"09";"240105";"TUMBES";"TUMBES";"SAN JACINTO";"GOBIERNO REGIONAL";"I-2";"00001872";"VAQUERIA";"NE_0001";"";"NE_0001";"NE_0001";"NE_0001";"NE_0001";"NE_0001";"NE_0001";"NE_0001"
"2023";"09";"240102";"TUMBES";"TUMBES";"CORRALES";"GOBIERNO REGIONAL";"I-4";"00001866";"CLAS CORRALES";"241800";"HOSPITALIZACIÓN DE MEDICINA MEDICINA GENERAL ";"10";"10";"14";"10";"1";"30";"0"
"2023";"09";"240102";"TUMBES";"TUMBES";"CORRALES";"GOBIERNO REGIONAL";"I-4";"00001866";"CLAS CORRALES";"241600";"HOSPITALIZACIÓN QUIRÚRGICA OBSTETRICIA   ";"10";"10";"14";"13";"1";"30";"0"
"2023";"09";"240105";"TUMBES";"TUMBES";"SAN JACINTO";"GOBIERNO REGIONAL";"I-1";"00001874";"OIDOR.";"NE_0001";"";"NE_0001";"NE_0001";"NE_0001";"NE_0001";"NE_0001";"NE_0001";"NE_0001"
"2023";"09";"240103";"TUMBES";"TUMBES";"LA CRUZ";"GOBIERNO REGIONAL";"I-3";"00001869";"CLAS LA CRUZ";"NE_0001";"";"NE_0001";"NE_0001";"NE_0001";"NE_0001";"NE_0001";"NE_0001";"NE_0001"
"2023";"09";"240105";"TUMBES";"TUMBES";"SAN JACINTO";"GOBIERNO REGIONAL";"I-3";"00001870";"SAN JACINTO";"NE_0001";"";"NE_0001";"NE_0001";"NE_0001";"NE_0001";"NE_0001";"NE_0001";"NE_0001"
"2023";"09";"220808";"SAN MARTIN";"RIOJA";"YORONGOS";"GOBIERNO REGIONAL";"I-1";"00006276";"PUESTO DE SALUD NUEVO TABALOSOS";"NE_0002";"";"NE_0002";"NE_0002";"NE_0002";"NE_0002";"NE_0002";"NE_0002";"NE_0002"
"2023";"09";"220801";"SAN MARTIN";"RIOJA";"RIOJA";"GOBIERNO REGIONAL";"I-1";"00006280";"PUESTO DE SALUD PORVENIR";"NE_0002";"";"NE_0002";"NE_0002";"NE_0002";"NE_0002";"NE_0002";"NE_0002";"NE_0002"
"2023";"09";"220801";"SAN MARTIN";"RIOJA";"RIOJA";"GOBIERNO REGIONAL";"I-1";"00006708";"PUESTO DE SALUD PERLA DE CASCAYUNGA";"NE_0002";"";"NE_0002";"NE_0002";"NE_0002";"NE_0002";"NE_0002";"NE_0002";"NE_0002"
"2023";"09";"220806";"SAN MARTIN";"RIOJA";"POSIC";"GOBIERNO REGIONAL";"I-1";"00006274";"PUESTO DE SALUD POSIC";"NE_0002";"";"NE_0002";"NE_0002";"NE_0002";"NE_0002";"NE_0002";"NE_0002";"NE_0002"
"2023";"09";"220801";"SAN MARTIN";"RIOJA";"RIOJA";"GOBIERNO REGIONAL";"I-4";"00006270";"CENTRO DE SALUD NUEVA RIOJA";"241600";"HOSPITALIZACIÓN QUIRÚRGICA OBSTETRICIA   ";"6";"6";"6";"6";"6";"180";"0"
"2023";"09";"220801";"SAN MARTIN";"RIOJA";"RIOJA";"GOBIERNO REGIONAL";"I-4";"00006270";"CENTRO DE SALUD NUEVA RIOJA";"241800";"HOSPITALIZACIÓN DE MEDICINA MEDICINA GENERAL ";"34";"34";"101";"6";"6";"480";"0"
"2023";"09";"220801";"SAN MARTIN";"RIOJA";"RIOJA";"GOBIERNO REGIONAL";"I-1";"00006271";"PUESTO DE SALUD MASHUYACU";"NE_0002";"";"NE_0002";"NE_0002";"NE_0002";"NE_0002";"NE_0002";"NE_0002";"NE_0002"
"2023";"09";"220801";"SAN MARTIN";"RIOJA";"RIOJA";"GOBIERNO REGIONAL";"I-1";"00006273";"PUESTO DE SALUD TAMBO";"NE_0002";"";"NE_0002";"NE_0002";"NE_0002";"NE_0002";"NE_0002";"NE_0002";"NE_0002"
"2023";"09";"220808";"SAN MARTIN";"RIOJA";"YORONGOS";"GOBIERNO REGIONAL";"I-3";"00006275";"PUESTO DE SALUD YORONGOS";"NE_0002";"";"NE_0002";"NE_0002";"NE_0002";"NE_0002";"NE_0002";"NE_0002";"NE_0002"
"2023";"10";"150107";"LIMA";"LIMA";"CHACLACAYO";"SANIDAD DE LA POLICIA NACIONAL DEL PERU";"I-2";"00011227";"POSTA MEDICA POLICIAL CHACLACAYO";"NE_0001";"";"NE_0001";"NE_0001";"NE_0001";"NE_0001";"NE_0001";"NE_0001";"NE_0001"
"2023";"10";"140101";"LAMBAYEQUE";"CHICLAYO";"CHICLAYO";"PRIVADO";"II-E";"00011129";"MAX SALUD AVISAL S.A.";"244700";"HOSPITALIZACIÓN DE MEDICINA NEUROLOGIA  ";"1";"1";"2";"1";"1";"31";"0"
"2023";"10";"140101";"LAMBAYEQUE";"CHICLAYO";"CHICLAYO";"PRIVADO";"II-E";"00011129";"MAX SALUD AVISAL S.A.";"243500";"HOSPITALIZACIÓN DE PEDIATRÍA PEDIATRIA OFTALMOLOGÍA PEDIÁTRICA";"3";"3";"13";"10";"1";"31";"0"
"2023";"10";"140101";"LAMBAYEQUE";"CHICLAYO";"CHICLAYO";"PRIVADO";"II-E";"00011129";"MAX SALUD AVISAL S.A.";"242400";"HOSPITALIZACIÓN DE PEDIATRÍA ADOLESCENTES ";"4";"4";"14";"13";"4";"120";"0"
"2023";"10";"140101";"LAMBAYEQUE";"CHICLAYO";"CHICLAYO";"PRIVADO";"II-E";"00011129";"MAX SALUD AVISAL S.A.";"241600";"HOSPITALIZACIÓN QUIRÚRGICA OBSTETRICIA   ";"3";"3";"5";"3";"2";"62";"0"
"2023";"10";"140101";"LAMBAYEQUE";"CHICLAYO";"CHICLAYO";"PRIVADO";"II-E";"00011129";"MAX SALUD AVISAL S.A.";"241500";"HOSPITALIZACIÓN QUIRÚRGICA GINECOLOGÍA  ";"13";"13";"27";"18";"6";"186";"0"
"2023";"10";"140101";"LAMBAYEQUE";"CHICLAYO";"CHICLAYO";"PRIVADO";"II-E";"00011129";"MAX SALUD AVISAL S.A.";"241400";"HOSPITALIZACIÓN QUIRÚRGICA GINECO - OBSTETRICIA ";"8";"8";"19";"14";"5";"150";"0"
"2023";"10";"140101";"LAMBAYEQUE";"CHICLAYO";"CHICLAYO";"PRIVADO";"II-E";"00011129";"MAX SALUD AVISAL S.A.";"241300";"HOSPITALIZACIÓN QUIRÚRGICA UROLOGÍA  ";"7";"7";"14";"8";"7";"217";"0"
"2023";"10";"140101";"LAMBAYEQUE";"CHICLAYO";"CHICLAYO";"PRIVADO";"II-E";"00011129";"MAX SALUD AVISAL S.A.";"240700";"HOSPITALIZACIÓN QUIRÚRGICA CIRUGÍA PEDIÁTRICA ";"1";"1";"2";"1";"2";"62";"0"
"2023";"10";"140101";"LAMBAYEQUE";"CHICLAYO";"CHICLAYO";"PRIVADO";"II-E";"00011129";"MAX SALUD AVISAL S.A.";"240100";"HOSPITALIZACIÓN QUIRÚRGICA CIRUGÍA GENERAL ";"32";"32";"69";"49";"11";"330";"0"
"2023";"10";"120417";"JUNIN";"JAUJA";"MASMA CHICCHE";"GOBIERNO REGIONAL";"I-1";"00000395";"MASMA CHICCHE";"NE_0001";"";"NE_0001";"NE_0001";"NE_0001";"NE_0001";"NE_0001";"NE_0001";"NE_0001"
"2023";"10";"120418";"JUNIN";"JAUJA";"MOLINOS";"GOBIERNO REGIONAL";"I-2";"00000397";"MOLINOS";"NE_0001";"";"NE_0001";"NE_0001";"NE_0001";"NE_0001";"NE_0001";"NE_0001";"NE_0001"
"2023";"10";"120302";"JUNIN";"CHANCHAMAYO";"PERENE";"GOBIERNO REGIONAL";"I-2";"00000337";"MIRICHARO";"NE_0001";"";"NE_0001";"NE_0001";"NE_0001";"NE_0001";"NE_0001";"NE_0001";"NE_0001"
"2023";"10";"120302";"JUNIN";"CHANCHAMAYO";"PERENE";"GOBIERNO REGIONAL";"I-3";"00006716";"CIUDAD SATELITE";"NE_0001";"";"NE_0001";"NE_0001";"NE_0001";"NE_0001";"NE_0001";"NE_0001";"NE_0001"
"2023";"10";"120302";"JUNIN";"CHANCHAMAYO";"PERENE";"GOBIERNO REGIONAL";"I-1";"00000338";"SAN CRISTOBAL";"NE_0001";"";"NE_0001";"NE_0001";"NE_0001";"NE_0001";"NE_0001";"NE_0001";"NE_0001"
"2023";"10";"130101";"LA LIBERTAD";"TRUJILLO";"TRUJILLO";"PRIVADO";"II-E";"00021354";"CLINICA LUZ Y VIDA";"NE_0001";"";"NE_0001";"NE_0001";"NE_0001";"NE_0001";"NE_0001";"NE_0001";"NE_0001"
"2023";"10";"070102";"CALLAO";"CALLAO";"BELLAVISTA";"PRIVADO";"II-E";"00018670";"CLINICA G'STAR";"240000";"HOSPITALIZACIÓN";"27";"27";"58";"61";"10";"300";"0"
"2023";"10";"030101";"APURIMAC";"ABANCAY";"ABANCAY";"ESSALUD";"II-2";"00011213";"HOSPITAL II ESSALUD ABANCAY";"241900";"HOSPITALIZACIÓN DE MEDICINA MEDICINA INTERNA ";"56";"60";"358";"348";"13";"403";"4"
"2023";"10";"030101";"APURIMAC";"ABANCAY";"ABANCAY";"ESSALUD";"II-2";"00011213";"HOSPITAL II ESSALUD ABANCAY";"250100";"UNIDAD DE CUIDADOS CRITICOS UNIDAD  DE CUIDADOS INTENSIVOS GENERALES (UCI) ";"9";"7";"103";"203";"7";"217";"0"
"2023";"10";"030101";"APURIMAC";"ABANCAY";"ABANCAY";"ESSALUD";"II-2";"00011213";"HOSPITAL II ESSALUD ABANCAY";"240100";"HOSPITALIZACIÓN QUIRÚRGICA CIRUGÍA GENERAL ";"32";"104";"442";"419";"15";"465";"0"
"2023";"10";"030101";"APURIMAC";"ABANCAY";"ABANCAY";"ESSALUD";"II-2";"00011213";"HOSPITAL II ESSALUD ABANCAY";"241400";"HOSPITALIZACIÓN QUIRÚRGICA GINECO - OBSTETRICIA ";"100";"26";"80";"83";"3";"93";"0"
"2023";"10";"030101";"APURIMAC";"ABANCAY";"ABANCAY";"ESSALUD";"II-2";"00011213";"HOSPITAL II ESSALUD ABANCAY";"241600";"HOSPITALIZACIÓN QUIRÚRGICA OBSTETRICIA   ";"48";"53";"114";"118";"5";"155";"0"
"2023";"10";"030101";"APURIMAC";"ABANCAY";"ABANCAY";"ESSALUD";"II-2";"00011213";"HOSPITAL II ESSALUD ABANCAY";"242300";"HOSPITALIZACIÓN DE PEDIATRÍA  PEDIATRÍA  GENERAL ";"43";"38";"142";"140";"5";"155";"0"
"2023";"10";"060601";"CAJAMARCA";"CUTERVO";"CUTERVO";"GOBIERNO REGIONAL";"I-3";"00028745";"CENTRO DE SALUD MENTAL COMUNITARIO PLENITUD";"NE_0001";"";"NE_0001";"NE_0001";"NE_0001";"NE_0001";"NE_0001";"NE_0001";"NE_0001"
"2023";"10";"150121";"LIMA";"LIMA";"PUEBLO LIBRE";"PRIVADO";"II-E";"00021096";"CLINICA ESPECIALIZADA EN CIRUGÍA PLÁSTICA SAN AGUSTIN";"NE_0001";"";"NE_0001";"NE_0001";"NE_0001";"NE_0001";"NE_0001";"NE_0001";"NE_0001"
"2023";"10";"120424";"JUNIN";"JAUJA";"PANCAN";"GOBIERNO REGIONAL";"I-1";"00000418";"HUASQUICHA";"NE_0001";"";"NE_0001";"NE_0001";"NE_0001";"NE_0001";"NE_0001";"NE_0001";"NE_0001"
"2023";"10";"120433";"JUNIN";"JAUJA";"YAULI";"GOBIERNO REGIONAL";"I-2";"00000423";"YAULI - JAUJA";"NE_0001";"";"NE_0001";"NE_0001";"NE_0001";"NE_0001";"NE_0001";"NE_0001";"NE_0001"
"2023";"10";"120427";"JUNIN";"JAUJA";"RICRAN";"GOBIERNO REGIONAL";"I-2";"00000419";"RICRAN";"NE_0001";"";"NE_0001";"NE_0001";"NE_0001";"NE_0001";"NE_0001";"NE_0001";"NE_0001"
"2023";"10";"200601";"PIURA";"SULLANA";"SULLANA";"GOBIERNO REGIONAL";"II-2";"00001910";"HOSPITAL DE APOYO II - 2 SULLANA";"241900";"HOSPITALIZACIÓN DE MEDICINA MEDICINA INTERNA ";"71";"80";"873";"778";"28";"868";"2"
"2023";"10";"200601";"PIURA";"SULLANA";"SULLANA";"GOBIERNO REGIONAL";"II-2";"00001910";"HOSPITAL DE APOYO II - 2 SULLANA";"244000";"HOSPITALIZACIÓN DE MEDICINA CARDIOLOGIA ";"16";"19";"208";"135";"6";"186";"0"
"2023";"10";"200601";"PIURA";"SULLANA";"SULLANA";"GOBIERNO REGIONAL";"II-2";"00001910";"HOSPITAL DE APOYO II - 2 SULLANA";"240100";"HOSPITALIZACIÓN QUIRÚRGICA CIRUGÍA GENERAL ";"164";"162";"979";"632";"28";"868";"1"
"2023";"09";"022001";"ANCASH";"YUNGAY";"YUNGAY";"GOBIERNO REGIONAL";"II-1";"00001633";"HOSPITAL DE APOYO YUNGAY";"241800";"HOSPITALIZACIÓN DE MEDICINA MEDICINA GENERAL ";"21";"22";"66";"60";"9";"270";"0"
"2023";"09";"022001";"ANCASH";"YUNGAY";"YUNGAY";"GOBIERNO REGIONAL";"II-1";"00001633";"HOSPITAL DE APOYO YUNGAY";"240100";"HOSPITALIZACIÓN QUIRÚRGICA CIRUGÍA GENERAL ";"2";"1";"7";"9";"6";"180";"0"
"2023";"09";"022001";"ANCASH";"YUNGAY";"YUNGAY";"GOBIERNO REGIONAL";"II-1";"00001633";"HOSPITAL DE APOYO YUNGAY";"242500";"HOSPITALIZACIÓN-PEDIATRÍA GENERAL-";"12";"12";"36";"35";"4";"120";"0"
"2023";"09";"022001";"ANCASH";"YUNGAY";"YUNGAY";"GOBIERNO REGIONAL";"II-1";"00001633";"HOSPITAL DE APOYO YUNGAY";"241600";"HOSPITALIZACIÓN QUIRÚRGICA OBSTETRICIA   ";"43";"40";"73";"80";"6";"180";"0"
"2023";"09";"070106";"CALLAO";"CALLAO";"VENTANILLA";"PRIVADO";"II-E";"00009917";"CLINICA CARRION";"NE_0002";"";"NE_0002";"NE_0002";"NE_0002";"NE_0002";"NE_0002";"NE_0002";"NE_0002"
"2023";"09";"230101";"TACNA";"TACNA";"TACNA";"PRIVADO";"II-1";"00027462";"CLINICA LA LUZ";"240300";"HOSPITALIZACIÓN QUIRÚRGICA CIRUGÍA DIGESTIVA ";"37";"37";"42";"37";"13";"185";"0"
"2023";"09";"230101";"TACNA";"TACNA";"TACNA";"PRIVADO";"II-1";"00027462";"CLINICA LA LUZ";"240800";"HOSPITALIZACIÓN QUIRÚRGICA CIRUGÍA PLÁSTICA/RECONSTRUCTIVA/ REPARADORA ";"16";"16";"16";"16";"10";"132";"0"
"2023";"09";"230101";"TACNA";"TACNA";"TACNA";"PRIVADO";"II-1";"00027462";"CLINICA LA LUZ";"241500";"HOSPITALIZACIÓN QUIRÚRGICA GINECOLOGÍA  ";"8";"8";"11";"8";"6";"64";"0"
"2023";"09";"230101";"TACNA";"TACNA";"TACNA";"PRIVADO";"II-1";"00027462";"CLINICA LA LUZ";"243200";"HOSPITALIZACIÓN DE PEDIATRÍA PEDIATRIA NEONATOLOGÍA";"8";"8";"13";"8";"5";"58";"0"
"2023";"09";"230101";"TACNA";"TACNA";"TACNA";"PRIVADO";"II-1";"00027462";"CLINICA LA LUZ";"241200";"HOSPITALIZACIÓN QUIRÚRGICA TRAUMATOLOGÍA Y ORTOPEDIA ";"7";"7";"8";"7";"5";"32";"0"
"2023";"09";"230101";"TACNA";"TACNA";"TACNA";"PRIVADO";"II-1";"00027462";"CLINICA LA LUZ";"241300";"HOSPITALIZACIÓN QUIRÚRGICA UROLOGÍA  ";"5";"5";"12";"5";"5";"25";"0"
"2023";"09";"230101";"TACNA";"TACNA";"TACNA";"PRIVADO";"II-1";"00027462";"CLINICA LA LUZ";"240900";"HOSPITALIZACIÓN QUIRÚRGICA NEUROCIRUGÍA ";"4";"4";"15";"4";"4";"18";"0"
"2023";"09";"230101";"TACNA";"TACNA";"TACNA";"PRIVADO";"II-1";"00027462";"CLINICA LA LUZ";"242300";"HOSPITALIZACIÓN DE PEDIATRÍA  PEDIATRÍA  GENERAL ";"3";"3";"14";"3";"2";"7";"0"
"2023";"09";"230101";"TACNA";"TACNA";"TACNA";"PRIVADO";"II-1";"00027462";"CLINICA LA LUZ";"241600";"HOSPITALIZACIÓN QUIRÚRGICA OBSTETRICIA   ";"1";"1";"2";"1";"1";"3";"0"
"2023";"09";"230101";"TACNA";"TACNA";"TACNA";"PRIVADO";"II-1";"00027462";"CLINICA LA LUZ";"240400";"HOSPITALIZACIÓN QUIRÚRGICA CIRUGÍA DE TÓRAX Y CARDIOVASCULAR ";"1";"1";"6";"1";"1";"3";"0"
"2023";"07";"130702";"LA LIBERTAD";"PACASMAYO";"GUADALUPE";"ESSALUD";"I-2";"00009486";"POSTA DE SALUD LIMONCARRO";"NE_0001";"";"NE_0001";"NE_0001";"NE_0001";"NE_0001";"NE_0001";"NE_0001";"NE_0001"
"2023";"10";"120707";"JUNIN";"TARMA";"PALCAMAYO";"GOBIERNO REGIONAL";"I-1";"00000530";"RICRICAN CAUQUIRAN";"NE_0001";"";"NE_0001";"NE_0001";"NE_0001";"NE_0001";"NE_0001";"NE_0001";"NE_0001"
"2023";"10";"120707";"JUNIN";"TARMA";"PALCAMAYO";"GOBIERNO REGIONAL";"I-1";"00000528";"YANAPUQUIO";"NE_0001";"";"NE_0001";"NE_0001";"NE_0001";"NE_0001";"NE_0001";"NE_0001";"NE_0001"
"2023";"10";"120707";"JUNIN";"TARMA";"PALCAMAYO";"GOBIERNO REGIONAL";"I-3";"00000527";"PALCAMAYO";"NE_0001";"";"NE_0001";"NE_0001";"NE_0001";"NE_0001";"NE_0001";"NE_0001";"NE_0001"
"2023";"10";"120707";"JUNIN";"TARMA";"PALCAMAYO";"GOBIERNO REGIONAL";"I-1";"00000529";"OCHONGA";"NE_0001";"";"NE_0001";"NE_0001";"NE_0001";"NE_0001";"NE_0001";"NE_0001";"NE_0001"
"2023";"10";"120707";"JUNIN";"TARMA";"PALCAMAYO";"GOBIERNO REGIONAL";"I-1";"00000533";"CALCA";"NE_0001";"";"NE_0001";"NE_0001";"NE_0001";"NE_0001";"NE_0001";"NE_0001";"NE_0001"
"2023";"10";"120707";"JUNIN";"TARMA";"PALCAMAYO";"GOBIERNO REGIONAL";"I-1";"00000531";"INCACHACA YANAMACHAY";"NE_0001";"";"NE_0001";"NE_0001";"NE_0001";"NE_0001";"NE_0001";"NE_0001";"NE_0001"
"2023";"10";"120707";"JUNIN";"TARMA";"PALCAMAYO";"GOBIERNO REGIONAL";"I-1";"00000532";"HUAMANIA";"NE_0001";"";"NE_0001";"NE_0001";"NE_0001";"NE_0001";"NE_0001";"NE_0001";"NE_0001"
"2023";"10";"150130";"LIMA";"LIMA";"SAN BORJA";"PRIVADO";"II-E";"00013383";"CLINICA SANTA ISABEL";"241400";"HOSPITALIZACIÓN QUIRÚRGICA GINECO - OBSTETRICIA ";"180";"178";"507";"614";"25";"775";"0"
"2023";"10";"200104";"PIURA";"PIURA";"CASTILLA";"ESSALUD";"I-3";"00010243";"CAP III CASTILLA";"NE_0001";"";"NE_0001";"NE_0001";"NE_0001";"NE_0001";"NE_0001";"NE_0001";"NE_0001"
"2023";"10";"120909";"JUNIN";"CHUPACA";"YANACANCHA";"GOBIERNO REGIONAL";"I-2";"00000661";"YANACANCHA";"NE_0001";"";"NE_0001";"NE_0001";"NE_0001";"NE_0001";"NE_0001";"NE_0001";"NE_0001"
"2023";"10";"120907";"JUNIN";"CHUPACA";"SAN JUAN DE JARPA";"GOBIERNO REGIONAL";"I-3";"00000659";"SAN JUAN DE JARPA";"NE_0001";"";"NE_0001";"NE_0001";"NE_0001";"NE_0001";"NE_0001";"NE_0001";"NE_0001"
"2023";"10";"120909";"JUNIN";"CHUPACA";"YANACANCHA";"GOBIERNO REGIONAL";"I-1";"00000662";"SANTO DOMINGO DE CACHI";"NE_0001";"";"NE_0001";"NE_0001";"NE_0001";"NE_0001";"NE_0001";"NE_0001";"NE_0001"
"2023";"10";"120907";"JUNIN";"CHUPACA";"SAN JUAN DE JARPA";"GOBIERNO REGIONAL";"I-1";"00012470";"SHICUY";"NE_0001";"";"NE_0001";"NE_0001";"NE_0001";"NE_0001";"NE_0001";"NE_0001";"NE_0001"
"2023";"10";"110401";"ICA";"PALPA";"PALPA";"MINSA";"II-1";"00003458";"DE APOYO DE PALPA";"240100";"HOSPITALIZACIÓN QUIRÚRGICA CIRUGÍA GENERAL ";"1";"1";"5";"5";"6";"186";"0"
"2023";"10";"110401";"ICA";"PALPA";"PALPA";"MINSA";"II-1";"00003458";"DE APOYO DE PALPA";"241600";"HOSPITALIZACIÓN QUIRÚRGICA OBSTETRICIA   ";"8";"9";"23";"20";"9";"279";"0"
"2023";"10";"110401";"ICA";"PALPA";"PALPA";"MINSA";"II-1";"00003458";"DE APOYO DE PALPA";"241800";"HOSPITALIZACIÓN DE MEDICINA MEDICINA GENERAL ";"13";"13";"52";"53";"9";"279";"0"
"2023";"10";"110401";"ICA";"PALPA";"PALPA";"MINSA";"II-1";"00003458";"DE APOYO DE PALPA";"242500";"HOSPITALIZACIÓN-PEDIATRÍA GENERAL-";"8";"10";"26";"24";"6";"186";"0"
"2023";"10";"120601";"JUNIN";"SATIPO";"SATIPO";"GOBIERNO REGIONAL";"II-1";"00000432";"DE APOYO MANUEL HIGA ARAKAKI";"240100";"HOSPITALIZACIÓN QUIRÚRGICA CIRUGÍA GENERAL ";"26";"35";"170";"230";"10";"310";"0"
"2023";"10";"120601";"JUNIN";"SATIPO";"SATIPO";"GOBIERNO REGIONAL";"II-1";"00000432";"DE APOYO MANUEL HIGA ARAKAKI";"241200";"HOSPITALIZACIÓN QUIRÚRGICA TRAUMATOLOGÍA Y ORTOPEDIA ";"20";"21";"85";"115";"5";"155";"0"
"2023";"10";"120601";"JUNIN";"SATIPO";"SATIPO";"GOBIERNO REGIONAL";"II-1";"00000432";"DE APOYO MANUEL HIGA ARAKAKI";"241500";"HOSPITALIZACIÓN QUIRÚRGICA GINECOLOGÍA  ";"40";"45";"90";"95";"5";"155";"0"
"2023";"10";"120601";"JUNIN";"SATIPO";"SATIPO";"GOBIERNO REGIONAL";"II-1";"00000432";"DE APOYO MANUEL HIGA ARAKAKI";"241600";"HOSPITALIZACIÓN QUIRÚRGICA OBSTETRICIA   ";"119";"127";"329";"347";"12";"372";"0"
"2023";"10";"120601";"JUNIN";"SATIPO";"SATIPO";"GOBIERNO REGIONAL";"II-1";"00000432";"DE APOYO MANUEL HIGA ARAKAKI";"241900";"HOSPITALIZACIÓN DE MEDICINA MEDICINA INTERNA ";"22";"28";"200";"234";"8";"248";"9"
"2023";"10";"120601";"JUNIN";"SATIPO";"SATIPO";"GOBIERNO REGIONAL";"II-1";"00000432";"DE APOYO MANUEL HIGA ARAKAKI";"242500";"HOSPITALIZACIÓN-PEDIATRÍA GENERAL-";"14";"17";"94";"95";"4";"124";"0"
"2023";"10";"120601";"JUNIN";"SATIPO";"SATIPO";"GOBIERNO REGIONAL";"II-1";"00000432";"DE APOYO MANUEL HIGA ARAKAKI";"243200";"HOSPITALIZACIÓN DE PEDIATRÍA PEDIATRIA NEONATOLOGÍA";"14";"18";"102";"109";"4";"124";"1"
"2023";"10";"060602";"CAJAMARCA";"CUTERVO";"CALLAYUC";"GOBIERNO REGIONAL";"I-1";"00006829";"PUQUIO DE CALLAYUC";"NE_0001";"";"NE_0001";"NE_0001";"NE_0001";"NE_0001";"NE_0001";"NE_0001";"NE_0001"
"2023";"10";"060602";"CAJAMARCA";"CUTERVO";"CALLAYUC";"GOBIERNO REGIONAL";"I-1";"00004961";"SAN JOSE DE LIRIO";"NE_0001";"";"NE_0001";"NE_0001";"NE_0001";"NE_0001";"NE_0001";"NE_0001";"NE_0001"
"2023";"10";"060602";"CAJAMARCA";"CUTERVO";"CALLAYUC";"GOBIERNO REGIONAL";"I-1";"00006830";"FILADELFIA";"NE_0001";"";"NE_0001";"NE_0001";"NE_0001";"NE_0001";"NE_0001";"NE_0001";"NE_0001"
"2023";"10";"060602";"CAJAMARCA";"CUTERVO";"CALLAYUC";"GOBIERNO REGIONAL";"I-2";"00004960";"EL CUMBE";"NE_0001";"";"NE_0001";"NE_0001";"NE_0001";"NE_0001";"NE_0001";"NE_0001";"NE_0001"
"2023";"10";"140101";"LAMBAYEQUE";"CHICLAYO";"CHICLAYO";"GOBIERNO REGIONAL";"II-2";"00004317";"HOSPITAL REGIONAL DOCENTE LAS MERCEDES";"241600";"HOSPITALIZACIÓN QUIRÚRGICA OBSTETRICIA   ";"326";"344";"796";"25";"43";"1333";"0"
"2023";"10";"140101";"LAMBAYEQUE";"CHICLAYO";"CHICLAYO";"GOBIERNO REGIONAL";"II-2";"00004317";"HOSPITAL REGIONAL DOCENTE LAS MERCEDES";"241200";"HOSPITALIZACIÓN QUIRÚRGICA TRAUMATOLOGÍA Y ORTOPEDIA ";"19";"32";"304";"7";"14";"434";"0"
"2023";"10";"140101";"LAMBAYEQUE";"CHICLAYO";"CHICLAYO";"GOBIERNO REGIONAL";"II-2";"00004317";"HOSPITAL REGIONAL DOCENTE LAS MERCEDES";"241800";"HOSPITALIZACIÓN DE MEDICINA MEDICINA GENERAL ";"172";"223";"1736";"43";"57";"1767";"25"
"2023";"10";"140101";"LAMBAYEQUE";"CHICLAYO";"CHICLAYO";"GOBIERNO REGIONAL";"II-2";"00004317";"HOSPITAL REGIONAL DOCENTE LAS MERCEDES";"240100";"HOSPITALIZACIÓN QUIRÚRGICA CIRUGÍA GENERAL ";"95";"116";"515";"12";"30";"930";"0"
"2023";"10";"140101";"LAMBAYEQUE";"CHICLAYO";"CHICLAYO";"GOBIERNO REGIONAL";"II-2";"00004317";"HOSPITAL REGIONAL DOCENTE LAS MERCEDES";"241500";"HOSPITALIZACIÓN QUIRÚRGICA GINECOLOGÍA  ";"21";"24";"70";"1";"14";"434";"0"
"2023";"10";"140101";"LAMBAYEQUE";"CHICLAYO";"CHICLAYO";"GOBIERNO REGIONAL";"II-2";"00004317";"HOSPITAL REGIONAL DOCENTE LAS MERCEDES";"243200";"HOSPITALIZACIÓN DE PEDIATRÍA PEDIATRIA NEONATOLOGÍA";"174";"190";"712";"18";"20";"620";"1"
"2023";"10";"140101";"LAMBAYEQUE";"CHICLAYO";"CHICLAYO";"GOBIERNO REGIONAL";"II-2";"00004317";"HOSPITAL REGIONAL DOCENTE LAS MERCEDES";"242300";"HOSPITALIZACIÓN DE PEDIATRÍA  PEDIATRÍA  GENERAL ";"83";"89";"342";"11";"29";"899";"0"
"2023";"10";"140101";"LAMBAYEQUE";"CHICLAYO";"CHICLAYO";"GOBIERNO REGIONAL";"II-2";"00004317";"HOSPITAL REGIONAL DOCENTE LAS MERCEDES";"240801";"HOSPITALIZACIÓN QUIRÚRGICA CIRUGÍA PLÁSTICA/RECONSTRUCTIVA/ REPARADORA QUEMADOS";"2";"4";"70";"2";"13";"403";"0"
"2023";"10";"140101";"LAMBAYEQUE";"CHICLAYO";"CHICLAYO";"GOBIERNO REGIONAL";"II-2";"00004317";"HOSPITAL REGIONAL DOCENTE LAS MERCEDES";"250100";"UNIDAD DE CUIDADOS CRITICOS UNIDAD  DE CUIDADOS INTENSIVOS GENERALES (UCI) ";"1";"1";"17";"1";"6";"186";"1"
"2023";"10";"150121";"LIMA";"LIMA";"PUEBLO LIBRE";"PRIVADO";"II-2";"00010743";"CLINICA STELLA MARIS";"241400";"HOSPITALIZACIÓN QUIRÚRGICA GINECO - OBSTETRICIA ";"40";"32";"108";"100";"16";"496";"0"
"2023";"10";"150121";"LIMA";"LIMA";"PUEBLO LIBRE";"PRIVADO";"II-2";"00010743";"CLINICA STELLA MARIS";"240000";"HOSPITALIZACIÓN";"451";"386";"1346";"1389";"53";"1643";"3"
"2023";"10";"150121";"LIMA";"LIMA";"PUEBLO LIBRE";"PRIVADO";"II-2";"00010743";"CLINICA STELLA MARIS";"250100";"UNIDAD DE CUIDADOS CRITICOS UNIDAD  DE CUIDADOS INTENSIVOS GENERALES (UCI) ";"9";"7";"59";"62";"10";"310";"6"
"2023";"10";"150121";"LIMA";"LIMA";"PUEBLO LIBRE";"PRIVADO";"II-2";"00010743";"CLINICA STELLA MARIS";"250200";"UNIDAD DE CUIDADOS CRITICOS UNIDAD DE CUIDADOS INTERMEDIOS GENERAL  (UCIN) ";"39";"36";"146";"154";"5";"155";"2"
"2023";"10";"080104";"CUSCO";"CUSCO";"SAN JERONIMO";"GOBIERNO REGIONAL";"0";"00030727";"PATRÓN SAN SEBASTIAN";"NE_0001";"";"NE_0001";"NE_0001";"NE_0001";"NE_0001";"NE_0001";"NE_0001";"NE_0001"
"2023";"10";"120201";"JUNIN";"CONCEPCION";"CONCEPCION";"GOBIERNO REGIONAL";"II-E";"00027857";"INSTITUTO REGIONAL DE ENFERMEDADES NEOPLÁSICAS DEL CENTRO - IREN CENTRO";"242100";"HOSPITALIZACIÓN DE MEDICINA ONCOLOGÍA MÉDICA ";"124";"121";"598";"671";"25";"775";"4"
"2023";"10";"120201";"JUNIN";"CONCEPCION";"CONCEPCION";"GOBIERNO REGIONAL";"II-E";"00027857";"INSTITUTO REGIONAL DE ENFERMEDADES NEOPLÁSICAS DEL CENTRO - IREN CENTRO";"241000";"HOSPITALIZACIÓN QUIRÚRGICA ONCOLOGÍA QUIRÚRGICA  ";"91";"82";"415";"504";"20";"620";"2"
"2023";"10";"120201";"JUNIN";"CONCEPCION";"CONCEPCION";"GOBIERNO REGIONAL";"II-E";"00027857";"INSTITUTO REGIONAL DE ENFERMEDADES NEOPLÁSICAS DEL CENTRO - IREN CENTRO";"250100";"UNIDAD DE CUIDADOS CRITICOS UNIDAD  DE CUIDADOS INTENSIVOS GENERALES (UCI) ";"14";"13";"81";"76";"5";"155";"2"
"2023";"10";"120201";"JUNIN";"CONCEPCION";"CONCEPCION";"GOBIERNO REGIONAL";"II-E";"00027857";"INSTITUTO REGIONAL DE ENFERMEDADES NEOPLÁSICAS DEL CENTRO - IREN CENTRO";"250200";"UNIDAD DE CUIDADOS CRITICOS UNIDAD DE CUIDADOS INTERMEDIOS GENERAL  (UCIN) ";"11";"9";"52";"84";"5";"155";"4"
"2023";"10";"080605";"CUSCO";"CANCHIS";"PITUMARCA";"GOBIERNO REGIONAL";"I-1";"00002393";"PHINAYA";"NE_0001";"";"NE_0001";"NE_0001";"NE_0001";"NE_0001";"NE_0001";"NE_0001";"NE_0001"
"2023";"10";"150130";"LIMA";"LIMA";"SAN BORJA";"PRIVADO";"II-E";"00015179";"CLINICA KIRSCHBAUM";"240800";"HOSPITALIZACIÓN QUIRÚRGICA CIRUGÍA PLÁSTICA/RECONSTRUCTIVA/ REPARADORA ";"53";"53";"86";"53";"10";"310";"0"
"2023";"10";"220205";"SAN MARTIN";"BELLAVISTA";"SAN PABLO";"GOBIERNO REGIONAL";"I-1";"00029371";"CENTRO AMERICA - SAN PABLO";"NE_0001";"";"NE_0001";"NE_0001";"NE_0001";"NE_0001";"NE_0001";"NE_0001";"NE_0001"
"2023";"10";"080601";"CUSCO";"CANCHIS";"SICUANI";"GOBIERNO REGIONAL";"I-2";"00002381";"QUEHUAR";"NE_0001";"";"NE_0001";"NE_0001";"NE_0001";"NE_0001";"NE_0001";"NE_0001";"NE_0001"
"2023";"10";"080606";"CUSCO";"CANCHIS";"SAN PABLO";"GOBIERNO REGIONAL";"I-2";"00002394";"SAN PABLO CANCHIS";"NE_0001";"";"NE_0001";"NE_0001";"NE_0001";"NE_0001";"NE_0001";"NE_0001";"NE_0001"
"2023";"10";"080606";"CUSCO";"CANCHIS";"SAN PABLO";"GOBIERNO REGIONAL";"I-2";"00002395";"SANTA BARBARA";"NE_0001";"";"NE_0001";"NE_0001";"NE_0001";"NE_0001";"NE_0001";"NE_0001";"NE_0001"
"2023";"10";"080601";"CUSCO";"CANCHIS";"SICUANI";"GOBIERNO REGIONAL";"I-1";"00002382";"UZCUPATA";"NE_0001";"";"NE_0001";"NE_0001";"NE_0001";"NE_0001";"NE_0001";"NE_0001";"NE_0001"
"2023";"10";"080601";"CUSCO";"CANCHIS";"SICUANI";"GOBIERNO REGIONAL";"I-3";"00002384";"PAMPAPHALLA";"NE_0001";"";"NE_0001";"NE_0001";"NE_0001";"NE_0001";"NE_0001";"NE_0001";"NE_0001"
"2023";"10";"080601";"CUSCO";"CANCHIS";"SICUANI";"GOBIERNO REGIONAL";"I-2";"00026387";"MENTAL COMUNITARIO SICUANI";"NE_0001";"";"NE_0001";"NE_0001";"NE_0001";"NE_0001";"NE_0001";"NE_0001";"NE_0001"
"2023";"10";"080601";"CUSCO";"CANCHIS";"SICUANI";"GOBIERNO REGIONAL";"I-2";"00002383";"LA FLORIDA";"NE_0001";"";"NE_0001";"NE_0001";"NE_0001";"NE_0001";"NE_0001";"NE_0001";"NE_0001"
"2023";"10";"080607";"CUSCO";"CANCHIS";"SAN PEDRO";"GOBIERNO REGIONAL";"I-2";"00002396";"SAN PEDRO CANCHIS";"NE_0001";"";"NE_0001";"NE_0001";"NE_0001";"NE_0001";"NE_0001";"NE_0001";"NE_0001"
"2023";"11";"021904";"ANCASH";"SIHUAS";"CASHAPAMPA";"GOBIERNO REGIONAL";"I-1";"00001798";"PUESTO DE SALUD PASACANCHA";"NE_0002";"";"NE_0002";"NE_0002";"NE_0002";"NE_0002";"NE_0002";"NE_0002";"NE_0002"
"2023";"11";"021909";"ANCASH";"SIHUAS";"SAN JUAN";"GOBIERNO REGIONAL";"I-2";"00001809";"PUESTO DE SALUD ANDAYMAYO";"NE_0002";"";"NE_0002";"NE_0002";"NE_0002";"NE_0002";"NE_0002";"NE_0002";"NE_0002"
"2023";"11";"021909";"ANCASH";"SIHUAS";"SAN JUAN";"GOBIERNO REGIONAL";"I-2";"00001808";"PUESTO DE SALUD SAN JUAN CHULLIN";"NE_0002";"";"NE_0002";"NE_0002";"NE_0002";"NE_0002";"NE_0002";"NE_0002";"NE_0002"
"2023";"11";"021909";"ANCASH";"SIHUAS";"SAN JUAN";"GOBIERNO REGIONAL";"I-1";"00001810";"PUESTO DE SALUD CHINCHOBAMBA";"NE_0002";"";"NE_0002";"NE_0002";"NE_0002";"NE_0002";"NE_0002";"NE_0002";"NE_0002"
"2023";"11";"021904";"ANCASH";"SIHUAS";"CASHAPAMPA";"GOBIERNO REGIONAL";"I-1";"00001797";"PUESTO DE SALUD CASHAPAMPA";"NE_0002";"";"NE_0002";"NE_0002";"NE_0002";"NE_0002";"NE_0002";"NE_0002";"NE_0002"
"2023";"11";"021906";"ANCASH";"SIHUAS";"HUAYLLABAMBA";"GOBIERNO REGIONAL";"I-1";"00001804";"PUESTO DE SALUD PIRPO";"NE_0002";"";"NE_0002";"NE_0002";"NE_0002";"NE_0002";"NE_0002";"NE_0002";"NE_0002"
"2023";"11";"021906";"ANCASH";"SIHUAS";"HUAYLLABAMBA";"GOBIERNO REGIONAL";"I-2";"00001803";"PUESTO DE SALUD SANTA CLARA";"NE_0002";"";"NE_0002";"NE_0002";"NE_0002";"NE_0002";"NE_0002";"NE_0002";"NE_0002"
"2023";"11";"021909";"ANCASH";"SIHUAS";"SAN JUAN";"GOBIERNO REGIONAL";"I-1";"00007449";"PUESTO DE SALUD PARIASHPAMPA";"NE_0002";"";"NE_0002";"NE_0002";"NE_0002";"NE_0002";"NE_0002";"NE_0002";"NE_0002"
"2023";"11";"021908";"ANCASH";"SIHUAS";"RAGASH";"GOBIERNO REGIONAL";"I-1";"00001796";"PUESTO DE SALUD RAGASH";"NE_0002";"";"NE_0002";"NE_0002";"NE_0002";"NE_0002";"NE_0002";"NE_0002";"NE_0002"
"2023";"11";"021910";"ANCASH";"SIHUAS";"SICSIBAMBA";"GOBIERNO REGIONAL";"I-2";"00001811";"PUESTO DE SALUD SICSIBAMBA";"NE_0002";"";"NE_0002";"NE_0002";"NE_0002";"NE_0002";"NE_0002";"NE_0002";"NE_0002"
"2023";"11";"021910";"ANCASH";"SIHUAS";"SICSIBAMBA";"GOBIERNO REGIONAL";"I-1";"00001812";"PUESTO DE SALUD UMBE";"NE_0002";"";"NE_0002";"NE_0002";"NE_0002";"NE_0002";"NE_0002";"NE_0002";"NE_0002"
"2023";"11";"021901";"ANCASH";"SIHUAS";"SIHUAS";"GOBIERNO REGIONAL";"I-1";"00009731";"PUESTO DE SALUD SAURAPA";"NE_0002";"";"NE_0002";"NE_0002";"NE_0002";"NE_0002";"NE_0002";"NE_0002";"NE_0002"
"2023";"11";"021906";"ANCASH";"SIHUAS";"HUAYLLABAMBA";"GOBIERNO REGIONAL";"I-3";"00001802";"CENTRO DE SALUD HUAYLLABAMBA";"NE_0002";"";"NE_0002";"NE_0002";"NE_0002";"NE_0002";"NE_0002";"NE_0002";"NE_0002"
"2023";"11";"021908";"ANCASH";"SIHUAS";"RAGASH";"GOBIERNO REGIONAL";"I-1";"00009734";"PUESTO DE SALUD QUINGAO";"NE_0002";"";"NE_0002";"NE_0002";"NE_0002";"NE_0002";"NE_0002";"NE_0002";"NE_0002"
"2023";"11";"050110";"AYACUCHO";"HUAMANGA";"SAN JUAN BAUTISTA";"ESSALUD";"II-1";"00011775";"HOSPITAL II HUAMANGA";"250200";"UNIDAD DE CUIDADOS CRITICOS UNIDAD DE CUIDADOS INTERMEDIOS GENERAL  (UCIN) ";"28";"28";"235";"187";"10";"300";"2"
"2023";"11";"050110";"AYACUCHO";"HUAMANGA";"SAN JUAN BAUTISTA";"ESSALUD";"II-1";"00011775";"HOSPITAL II HUAMANGA";"243200";"HOSPITALIZACIÓN DE PEDIATRÍA PEDIATRIA NEONATOLOGÍA";"50";"50";"140";"114";"5";"150";"0"
"2023";"09";"080101";"CUSCO";"CUSCO";"CUSCO";"PRIVADO";"II-E";"00010014";"DR. VICTOR PAREDES";"240000";"HOSPITALIZACIÓN";"98";"101";"162";"80";"19";"570";"0"
"2023";"09";"021901";"ANCASH";"SIHUAS";"SIHUAS";"ESSALUD";"I-3";"00009203";"CENTRO MEDICO SIHUAS";"NE_0001";"";"NE_0001";"NE_0001";"NE_0001";"NE_0001";"NE_0001";"NE_0001";"NE_0001"
"2023";"10";"150121";"LIMA";"LIMA";"PUEBLO LIBRE";"PRIVADO";"II-E";"00012492";"CLINICA DE OJOS VISUAL OPHTHALMICS";"NE_0001";"";"NE_0001";"NE_0001";"NE_0001";"NE_0001";"NE_0001";"NE_0001";"NE_0001"
"2023";"10";"110201";"ICA";"CHINCHA";"CHINCHA ALTA";"PRIVADO";"II-1";"00032741";"CLINICA NUEVA SALUD";"240100";"HOSPITALIZACIÓN QUIRÚRGICA CIRUGÍA GENERAL ";"3";"3";"4";"150";"6";"180";"0"
"2023";"10";"110201";"ICA";"CHINCHA";"CHINCHA ALTA";"PRIVADO";"II-1";"00032741";"CLINICA NUEVA SALUD";"240400";"HOSPITALIZACIÓN QUIRÚRGICA CIRUGÍA DE TÓRAX Y CARDIOVASCULAR ";"1";"1";"1";"150";"6";"180";"0"
"2023";"10";"110201";"ICA";"CHINCHA";"CHINCHA ALTA";"PRIVADO";"II-1";"00032741";"CLINICA NUEVA SALUD";"240801";"HOSPITALIZACIÓN QUIRÚRGICA CIRUGÍA PLÁSTICA/RECONSTRUCTIVA/ REPARADORA QUEMADOS";"1";"1";"1";"150";"6";"180";"0"
"2023";"10";"110201";"ICA";"CHINCHA";"CHINCHA ALTA";"PRIVADO";"II-1";"00032741";"CLINICA NUEVA SALUD";"241200";"HOSPITALIZACIÓN QUIRÚRGICA TRAUMATOLOGÍA Y ORTOPEDIA ";"3";"3";"6";"150";"6";"180";"0"
"2023";"10";"110201";"ICA";"CHINCHA";"CHINCHA ALTA";"PRIVADO";"II-1";"00032741";"CLINICA NUEVA SALUD";"241300";"HOSPITALIZACIÓN QUIRÚRGICA UROLOGÍA  ";"1";"1";"1";"150";"6";"180";"0"
"2023";"10";"110201";"ICA";"CHINCHA";"CHINCHA ALTA";"PRIVADO";"II-1";"00032741";"CLINICA NUEVA SALUD";"241800";"HOSPITALIZACIÓN DE MEDICINA MEDICINA GENERAL ";"2";"2";"5";"150";"6";"180";"0"
"2023";"10";"110201";"ICA";"CHINCHA";"CHINCHA ALTA";"PRIVADO";"II-1";"00032741";"CLINICA NUEVA SALUD";"242000";"HOSPITALIZACIÓN DE MEDICINA MEDICINA TROPICAL E INFECCIOSAS ";"1";"1";"5";"150";"6";"180";"0"
"2023";"10";"110201";"ICA";"CHINCHA";"CHINCHA ALTA";"PRIVADO";"II-1";"00032741";"CLINICA NUEVA SALUD";"244000";"HOSPITALIZACIÓN DE MEDICINA CARDIOLOGIA ";"5";"5";"22";"60";"6";"180";"0"
"2023";"10";"110201";"ICA";"CHINCHA";"CHINCHA ALTA";"PRIVADO";"II-1";"00032741";"CLINICA NUEVA SALUD";"244200";"HOSPITALIZACIÓN DE MEDICINA ENDOCRINOLOGIA ";"1";"1";"6";"150";"5";"150";"0"
"2023";"10";"110201";"ICA";"CHINCHA";"CHINCHA ALTA";"PRIVADO";"II-1";"00032741";"CLINICA NUEVA SALUD";"244300";"HOSPITALIZACIÓN DE MEDICINA GASTROENTEROLOGÍA  ";"2";"2";"2";"150";"6";"180";"0"
"2023";"10";"110201";"ICA";"CHINCHA";"CHINCHA ALTA";"PRIVADO";"II-1";"00032741";"CLINICA NUEVA SALUD";"245400";"HOSPITALIZACIÓN DE MEDICINA GINECOLOGIA ";"2";"2";"2";"150";"6";"180";"0"
"2023";"10";"150120";"LIMA";"LIMA";"MAGDALENA DEL MAR";"PRIVADO";"II-E";"00025749";"MEDAVAN";"240000";"HOSPITALIZACIÓN";"145";"151";"81";"153";"4";"120";"0"
"2023";"10";"030501";"APURIMAC";"COTABAMBAS";"TAMBOBAMBA";"GOBIERNO REGIONAL";"II-1";"00002625";"TAMBOBAMBA";"241400";"HOSPITALIZACIÓN QUIRÚRGICA GINECO - OBSTETRICIA ";"40";"40";"100";"40";"4";"48";"0"
"2023";"10";"030501";"APURIMAC";"COTABAMBAS";"TAMBOBAMBA";"GOBIERNO REGIONAL";"II-1";"00002625";"TAMBOBAMBA";"242300";"HOSPITALIZACIÓN DE PEDIATRÍA  PEDIATRÍA  GENERAL ";"1";"1";"4";"1";"4";"5";"0"
"2023";"10";"030501";"APURIMAC";"COTABAMBAS";"TAMBOBAMBA";"GOBIERNO REGIONAL";"II-1";"00002625";"TAMBOBAMBA";"241600";"HOSPITALIZACIÓN QUIRÚRGICA OBSTETRICIA   ";"2";"2";"4";"2";"2";"4";"0"
"2023";"10";"030501";"APURIMAC";"COTABAMBAS";"TAMBOBAMBA";"GOBIERNO REGIONAL";"II-1";"00002625";"TAMBOBAMBA";"241800";"HOSPITALIZACIÓN DE MEDICINA MEDICINA GENERAL ";"20";"20";"35";"20";"8";"100";"0"
"2023";"10";"120601";"JUNIN";"SATIPO";"SATIPO";"GOBIERNO REGIONAL";"I-2";"00000482";"HUANTASHIRI";"NE_0001";"";"NE_0001";"NE_0001";"NE_0001";"NE_0001";"NE_0001";"NE_0001";"NE_0001"
"2023";"10";"120607";"JUNIN";"SATIPO";"RIO NEGRO";"GOBIERNO REGIONAL";"I-2";"00000496";"VILLA CAPIRI";"NE_0001";"";"NE_0001";"NE_0001";"NE_0001";"NE_0001";"NE_0001";"NE_0001";"NE_0001"
"2023";"10";"120607";"JUNIN";"SATIPO";"RIO NEGRO";"GOBIERNO REGIONAL";"I-1";"00013862";"MIGUEL GRAU";"NE_0001";"";"NE_0001";"NE_0001";"NE_0001";"NE_0001";"NE_0001";"NE_0001";"NE_0001"
"2023";"10";"120607";"JUNIN";"SATIPO";"RIO NEGRO";"GOBIERNO REGIONAL";"I-1";"00013863";"ALTO VILLA VICTORIA";"NE_0001";"";"NE_0001";"NE_0001";"NE_0001";"NE_0001";"NE_0001";"NE_0001";"NE_0001"
"2023";"10";"120607";"JUNIN";"SATIPO";"RIO NEGRO";"GOBIERNO REGIONAL";"I-2";"00000499";"PUENTE IPOKI";"NE_0001";"";"NE_0001";"NE_0001";"NE_0001";"NE_0001";"NE_0001";"NE_0001";"NE_0001"
"2023";"10";"120601";"JUNIN";"SATIPO";"SATIPO";"GOBIERNO REGIONAL";"I-2";"00000481";"PARATUSHALI";"NE_0001";"";"NE_0001";"NE_0001";"NE_0001";"NE_0001";"NE_0001";"NE_0001";"NE_0001"
"2023";"10";"120607";"JUNIN";"SATIPO";"RIO NEGRO";"GOBIERNO REGIONAL";"I-2";"00000497";"RIO CHARI ALTO";"NE_0001";"";"NE_0001";"NE_0001";"NE_0001";"NE_0001";"NE_0001";"NE_0001";"NE_0001"
"2023";"10";"120608";"JUNIN";"SATIPO";"RIO TAMBO";"GOBIERNO REGIONAL";"I-2";"00000500";"AOTI";"NE_0001";"";"NE_0001";"NE_0001";"NE_0001";"NE_0001";"NE_0001";"NE_0001";"NE_0001"
"2023";"10";"120607";"JUNIN";"SATIPO";"RIO NEGRO";"GOBIERNO REGIONAL";"I-2";"00000501";"ALTO PITOCUNA";"NE_0001";"";"NE_0001";"NE_0001";"NE_0001";"NE_0001";"NE_0001";"NE_0001";"NE_0001"
"2023";"10";"120601";"JUNIN";"SATIPO";"SATIPO";"GOBIERNO REGIONAL";"I-1";"00010502";"BELLA ESPERANZA";"NE_0001";"";"NE_0001";"NE_0001";"NE_0001";"NE_0001";"NE_0001";"NE_0001";"NE_0001"
"2023";"10";"120607";"JUNIN";"SATIPO";"RIO NEGRO";"GOBIERNO REGIONAL";"I-2";"00000498";"PITOCUNA";"NE_0001";"";"NE_0001";"NE_0001";"NE_0001";"NE_0001";"NE_0001";"NE_0001";"NE_0001"
"2023";"10";"120608";"JUNIN";"SATIPO";"RIO TAMBO";"GOBIERNO REGIONAL";"I-1";"00006877";"CHONTAKIARI";"NE_0001";"";"NE_0001";"NE_0001";"NE_0001";"NE_0001";"NE_0001";"NE_0001";"NE_0001"
"2023";"10";"120601";"JUNIN";"SATIPO";"SATIPO";"GOBIERNO REGIONAL";"I-1";"00000480";"BAJO CAPIRO";"NE_0001";"";"NE_0001";"NE_0001";"NE_0001";"NE_0001";"NE_0001";"NE_0001";"NE_0001"
"2023";"10";"120607";"JUNIN";"SATIPO";"RIO NEGRO";"GOBIERNO REGIONAL";"I-2";"00000503";"UNION CUVIRIAKI";"NE_0001";"";"NE_0001";"NE_0001";"NE_0001";"NE_0001";"NE_0001";"NE_0001";"NE_0001"
"2023";"10";"120607";"JUNIN";"SATIPO";"RIO NEGRO";"GOBIERNO REGIONAL";"I-1";"00000504";"SHABASHIPANGO";"NE_0001";"";"NE_0001";"NE_0001";"NE_0001";"NE_0001";"NE_0001";"NE_0001";"NE_0001"
"2023";"10";"120601";"JUNIN";"SATIPO";"SATIPO";"GOBIERNO REGIONAL";"I-1";"00013864";"CANAAN DEL NORTE";"NE_0001";"";"NE_0001";"NE_0001";"NE_0001";"NE_0001";"NE_0001";"NE_0001";"NE_0001"
"2023";"10";"120601";"JUNIN";"SATIPO";"SATIPO";"GOBIERNO REGIONAL";"I-2";"00000478";"RIO VENADO";"NE_0001";"";"NE_0001";"NE_0001";"NE_0001";"NE_0001";"NE_0001";"NE_0001";"NE_0001"
"2023";"10";"120607";"JUNIN";"SATIPO";"RIO NEGRO";"GOBIERNO REGIONAL";"I-2";"00000502";"CUSHIVIANI";"NE_0001";"";"NE_0001";"NE_0001";"NE_0001";"NE_0001";"NE_0001";"NE_0001";"NE_0001"
"2023";"10";"120607";"JUNIN";"SATIPO";"RIO NEGRO";"GOBIERNO REGIONAL";"I-3";"00000506";"UNION CAPIRI";"NE_0001";"";"NE_0001";"NE_0001";"NE_0001";"NE_0001";"NE_0001";"NE_0001";"NE_0001"
"2023";"10";"120601";"JUNIN";"SATIPO";"SATIPO";"GOBIERNO REGIONAL";"I-2";"00000483";"SANIBENI";"NE_0001";"";"NE_0001";"NE_0001";"NE_0001";"NE_0001";"NE_0001";"NE_0001";"NE_0001"
"2023";"10";"120601";"JUNIN";"SATIPO";"SATIPO";"GOBIERNO REGIONAL";"I-1";"00029375";"COMUNIDAD NATIVA SHANQUI";"NE_0001";"";"NE_0001";"NE_0001";"NE_0001";"NE_0001";"NE_0001";"NE_0001";"NE_0001"
"2023";"10";"120607";"JUNIN";"SATIPO";"RIO NEGRO";"GOBIERNO REGIONAL";"I-2";"00000477";"HUAHUARI";"NE_0001";"";"NE_0001";"NE_0001";"NE_0001";"NE_0001";"NE_0001";"NE_0001";"NE_0001"
"2023";"10";"120601";"JUNIN";"SATIPO";"SATIPO";"GOBIERNO REGIONAL";"I-2";"00000479";"SANTO DOMINGO DE MARANKIARI";"NE_0001";"";"NE_0001";"NE_0001";"NE_0001";"NE_0001";"NE_0001";"NE_0001";"NE_0001"
"2023";"10";"120601";"JUNIN";"SATIPO";"SATIPO";"GOBIERNO REGIONAL";"I-1";"00000484";"ALTO PAURELI";"NE_0001";"";"NE_0001";"NE_0001";"NE_0001";"NE_0001";"NE_0001";"NE_0001";"NE_0001"
"2023";"10";"120607";"JUNIN";"SATIPO";"RIO NEGRO";"GOBIERNO REGIONAL";"I-3";"00000495";"RIO NEGRO";"NE_0001";"";"NE_0001";"NE_0001";"NE_0001";"NE_0001";"NE_0001";"NE_0001";"NE_0001"
"2023";"10";"120607";"JUNIN";"SATIPO";"RIO NEGRO";"GOBIERNO REGIONAL";"I-2";"00000505";"SAN JUAN DE CHENI";"NE_0001";"";"NE_0001";"NE_0001";"NE_0001";"NE_0001";"NE_0001";"NE_0001";"NE_0001"
"2023";"11";"060601";"CAJAMARCA";"CUTERVO";"CUTERVO";"GOBIERNO REGIONAL";"I-1";"00007701";"EL VERDE";"NE_0001";"";"NE_0001";"NE_0001";"NE_0001";"NE_0001";"NE_0001";"NE_0001";"NE_0001"
"2023";"11";"060601";"CAJAMARCA";"CUTERVO";"CUTERVO";"GOBIERNO REGIONAL";"I-1";"00011066";"VISTA ALEGRE DE LA SOLA";"NE_0001";"";"NE_0001";"NE_0001";"NE_0001";"NE_0001";"NE_0001";"NE_0001";"NE_0001"
"2023";"11";"060601";"CAJAMARCA";"CUTERVO";"CUTERVO";"GOBIERNO REGIONAL";"I-1";"00004995";"PALMAS DE HUICHUD";"NE_0001";"";"NE_0001";"NE_0001";"NE_0001";"NE_0001";"NE_0001";"NE_0001";"NE_0001"
"2023";"11";"060601";"CAJAMARCA";"CUTERVO";"CUTERVO";"GOBIERNO REGIONAL";"I-1";"00006788";"YANGACHIS";"NE_0001";"";"NE_0001";"NE_0001";"NE_0001";"NE_0001";"NE_0001";"NE_0001";"NE_0001"
"2023";"11";"060601";"CAJAMARCA";"CUTERVO";"CUTERVO";"GOBIERNO REGIONAL";"I-1";"00004985";"REJOPAMPA";"NE_0001";"";"NE_0001";"NE_0001";"NE_0001";"NE_0001";"NE_0001";"NE_0001";"NE_0001"
"2023";"11";"100102";"HUANUCO";"HUANUCO";"AMARILIS";"ESSALUD";"II-2";"00010571";"HOSPITAL II HUANUCO";"242300";"HOSPITALIZACIÓN DE PEDIATRÍA  PEDIATRÍA  GENERAL ";"29";"29";"141";"131";"9";"270";"0"
"2023";"11";"100102";"HUANUCO";"HUANUCO";"AMARILIS";"ESSALUD";"II-2";"00010571";"HOSPITAL II HUANUCO";"243200";"HOSPITALIZACIÓN DE PEDIATRÍA PEDIATRIA NEONATOLOGÍA";"107";"94";"0";"179";"10";"300";"0"
"2023";"11";"100102";"HUANUCO";"HUANUCO";"AMARILIS";"ESSALUD";"II-2";"00010571";"HOSPITAL II HUANUCO";"250100";"UNIDAD DE CUIDADOS CRITICOS UNIDAD  DE CUIDADOS INTENSIVOS GENERALES (UCI) ";"16";"14";"151";"201";"9";"270";"2"
"2023";"11";"100102";"HUANUCO";"HUANUCO";"AMARILIS";"ESSALUD";"II-2";"00010571";"HOSPITAL II HUANUCO";"250200";"UNIDAD DE CUIDADOS CRITICOS UNIDAD DE CUIDADOS INTERMEDIOS GENERAL  (UCIN) ";"7";"6";"33";"105";"4";"120";"0"
"2023";"11";"100102";"HUANUCO";"HUANUCO";"AMARILIS";"ESSALUD";"II-2";"00010571";"HOSPITAL II HUANUCO";"250201";"UNIDAD DE CUIDADOS CRITICOS UNIDAD DE CUIDADOS INTERMEDIOS  (UCIN) NEONATAL";"2";"2";"0";"11";"6";"180";"0"
"2023";"11";"040125";"AREQUIPA";"AREQUIPA";"VITOR";"GOBIERNO REGIONAL";"I-3";"00001324";"CENTRO DE SALUD VITOR";"NE_0001";"";"NE_0001";"NE_0001";"NE_0001";"NE_0001";"NE_0001";"NE_0001";"NE_0001"
"2023";"11";"040121";"AREQUIPA";"AREQUIPA";"SANTA RITA DE SIHUAS";"GOBIERNO REGIONAL";"I-3";"00001335";"CENTRO  DE SALUD SANTA RITA DE SIGUAS";"NE_0001";"";"NE_0001";"NE_0001";"NE_0001";"NE_0001";"NE_0001";"NE_0001";"NE_0001"
"2023";"11";"040125";"AREQUIPA";"AREQUIPA";"VITOR";"GOBIERNO REGIONAL";"I-2";"00001334";"PUESTO DE SALUD YURAMAYO";"NE_0001";"";"NE_0001";"NE_0001";"NE_0001";"NE_0001";"NE_0001";"NE_0001";"NE_0001"
"2023";"11";"150133";"LIMA";"LIMA";"SAN JUAN DE MIRAFLORES";"PRIVADO";"II-E";"00027478";"CLINICA BUENAVENTURA";"240100";"HOSPITALIZACIÓN QUIRÚRGICA CIRUGÍA GENERAL ";"10";"10";"10";"10";"10";"300";"0"
"2023";"11";"150133";"LIMA";"LIMA";"SAN JUAN DE MIRAFLORES";"PRIVADO";"II-E";"00027478";"CLINICA BUENAVENTURA";"244000";"HOSPITALIZACIÓN DE MEDICINA CARDIOLOGIA ";"1";"1";"2";"2";"1";"60";"0"
"2023";"11";"150133";"LIMA";"LIMA";"SAN JUAN DE MIRAFLORES";"PRIVADO";"II-E";"00027478";"CLINICA BUENAVENTURA";"241900";"HOSPITALIZACIÓN DE MEDICINA MEDICINA INTERNA ";"1";"1";"1";"1";"1";"30";"0"
"2023";"11";"060807";"CAJAMARCA";"JAEN";"POMAHUACA";"GOBIERNO REGIONAL";"I-2";"00004248";"PALO BLANCO";"NE_0002";"";"NE_0002";"NE_0002";"NE_0002";"NE_0002";"NE_0002";"NE_0002";"NE_0002"
"2023";"11";"060804";"CAJAMARCA";"JAEN";"COLASAY";"GOBIERNO REGIONAL";"I-1";"00031333";"CHUNCHUCA";"NE_0002";"";"NE_0002";"NE_0002";"NE_0002";"NE_0002";"NE_0002";"NE_0002";"NE_0002"
"2023";"11";"060804";"CAJAMARCA";"JAEN";"COLASAY";"GOBIERNO REGIONAL";"I-1";"00007171";"LOS CEDROS DE COLASAY";"NE_0002";"";"NE_0002";"NE_0002";"NE_0002";"NE_0002";"NE_0002";"NE_0002";"NE_0002"
"2023";"11";"060804";"CAJAMARCA";"JAEN";"COLASAY";"GOBIERNO REGIONAL";"I-3";"00004237";"CHUNCHUQUILLO";"NE_0001";"";"NE_0001";"NE_0001";"NE_0001";"NE_0001";"NE_0001";"NE_0001";"NE_0001"
"2023";"11";"060804";"CAJAMARCA";"JAEN";"COLASAY";"GOBIERNO REGIONAL";"I-2";"00004238";"SAN LORENZO DE BARBASCO";"NE_0001";"";"NE_0001";"NE_0001";"NE_0001";"NE_0001";"NE_0001";"NE_0001";"NE_0001"
"2023";"11";"060807";"CAJAMARCA";"JAEN";"POMAHUACA";"GOBIERNO REGIONAL";"I-1";"00007122";"TAMBILLO";"NE_0002";"";"NE_0002";"NE_0002";"NE_0002";"NE_0002";"NE_0002";"NE_0002";"NE_0002"
"2023";"11";"070101";"CALLAO";"CALLAO";"CALLAO";"GOBIERNO REGIONAL";"I-2";"00006242";"PUESTO DE SALUD PLAYA RIMAC";"NE_0001";"";"NE_0001";"NE_0001";"NE_0001";"NE_0001";"NE_0001";"NE_0001";"NE_0001"
"2023";"11";"070101";"CALLAO";"CALLAO";"CALLAO";"GOBIERNO REGIONAL";"I-2";"00006241";"PUESTO DE SALUD AEROPUERTO";"NE_0001";"";"NE_0001";"NE_0001";"NE_0001";"NE_0001";"NE_0001";"NE_0001";"NE_0001"
"2023";"11";"070101";"CALLAO";"CALLAO";"CALLAO";"GOBIERNO REGIONAL";"I-2";"00006248";"PUESTO DE SALUD POLIGONO IV";"NE_0001";"";"NE_0001";"NE_0001";"NE_0001";"NE_0001";"NE_0001";"NE_0001";"NE_0001"
"2023";"11";"220907";"SAN MARTIN";"SAN MARTIN";"HUIMBAYOC";"GOBIERNO REGIONAL";"I-1";"00006442";"SAN JOSE 2 DE MAYO";"NE_0002";"";"NE_0002";"NE_0002";"NE_0002";"NE_0002";"NE_0002";"NE_0002";"NE_0002"
"2023";"11";"220907";"SAN MARTIN";"SAN MARTIN";"HUIMBAYOC";"GOBIERNO REGIONAL";"I-1";"00006444";"SANTA ROSILLO CHIPURANA";"NE_0002";"";"NE_0002";"NE_0002";"NE_0002";"NE_0002";"NE_0002";"NE_0002";"NE_0002"
"2023";"11";"220907";"SAN MARTIN";"SAN MARTIN";"HUIMBAYOC";"GOBIERNO REGIONAL";"I-1";"00006445";"SANTA MARTHA";"NE_0002";"";"NE_0002";"NE_0002";"NE_0002";"NE_0002";"NE_0002";"NE_0002";"NE_0002"
"2023";"11";"220905";"SAN MARTIN";"SAN MARTIN";"CHIPURANA";"GOBIERNO REGIONAL";"I-1";"00006440";"TIPISHCA";"NE_0002";"";"NE_0002";"NE_0002";"NE_0002";"NE_0002";"NE_0002";"NE_0002";"NE_0002"
"2023";"11";"220907";"SAN MARTIN";"SAN MARTIN";"HUIMBAYOC";"GOBIERNO REGIONAL";"I-1";"00006443";"LECHE";"NE_0002";"";"NE_0002";"NE_0002";"NE_0002";"NE_0002";"NE_0002";"NE_0002";"NE_0002"
"2023";"11";"220907";"SAN MARTIN";"SAN MARTIN";"HUIMBAYOC";"GOBIERNO REGIONAL";"I-1";"00006441";"MIRAFLORES";"NE_0002";"";"NE_0002";"NE_0002";"NE_0002";"NE_0002";"NE_0002";"NE_0002";"NE_0002"
"2023";"11";"220907";"SAN MARTIN";"SAN MARTIN";"HUIMBAYOC";"GOBIERNO REGIONAL";"I-1";"00006447";"PUCALLPA";"NE_0002";"";"NE_0002";"NE_0002";"NE_0002";"NE_0002";"NE_0002";"NE_0002";"NE_0002"
"2023";"11";"220907";"SAN MARTIN";"SAN MARTIN";"HUIMBAYOC";"GOBIERNO REGIONAL";"I-3";"00006437";"HUIMBAYOC";"241800";"HOSPITALIZACIÓN DE MEDICINA MEDICINA GENERAL ";"1";"1";"1";"1";"2";"60";"0"
"2023";"11";"040103";"AREQUIPA";"AREQUIPA";"CAYMA";"GOBIERNO REGIONAL";"I-3";"00001235";"BUENOS AIRES DE CAYMA";"NE_0001";"";"NE_0001";"NE_0001";"NE_0001";"NE_0001";"NE_0001";"NE_0001";"NE_0001"
"2023";"11";"080708";"CUSCO";"CHUMBIVILCAS";"VELILLE";"GOBIERNO REGIONAL";"I-1";"00027011";"AYACCASI";"NE_0001";"";"NE_0001";"NE_0001";"NE_0001";"NE_0001";"NE_0001";"NE_0001";"NE_0001"
"2023";"11";"080708";"CUSCO";"CHUMBIVILCAS";"VELILLE";"GOBIERNO REGIONAL";"I-3";"00002409";"VELILLE";"NE_0001";"";"NE_0001";"NE_0001";"NE_0001";"NE_0001";"NE_0001";"NE_0001";"NE_0001"
"2023";"11";"080701";"CUSCO";"CHUMBIVILCAS";"SANTO TOMAS";"GOBIERNO REGIONAL";"I-1";"00030940";"ARCANGEL SAN MIGUEL DE ESQUINA CONGUNYA";"NE_0001";"";"NE_0001";"NE_0001";"NE_0001";"NE_0001";"NE_0001";"NE_0001";"NE_0001"
"2023";"09";"150133";"LIMA";"LIMA";"SAN JUAN DE MIRAFLORES";"MINSA";"III-1";"00005987";"HOSPITAL MARIA AUXILIADORA";"242300";"HOSPITALIZACIÓN DE PEDIATRÍA  PEDIATRÍA  GENERAL ";"130";"134";"624";"584";"30";"899";"0"
"2023";"09";"150133";"LIMA";"LIMA";"SAN JUAN DE MIRAFLORES";"MINSA";"III-1";"00005987";"HOSPITAL MARIA AUXILIADORA";"241900";"HOSPITALIZACIÓN DE MEDICINA MEDICINA INTERNA ";"308";"305";"2793";"2772";"111";"3344";"19"
"2023";"09";"150133";"LIMA";"LIMA";"SAN JUAN DE MIRAFLORES";"MINSA";"III-1";"00005987";"HOSPITAL MARIA AUXILIADORA";"242100";"HOSPITALIZACIÓN DE MEDICINA ONCOLOGÍA MÉDICA ";"36";"47";"613";"382";"14";"420";"3"
"2023";"09";"150133";"LIMA";"LIMA";"SAN JUAN DE MIRAFLORES";"MINSA";"III-1";"00005987";"HOSPITAL MARIA AUXILIADORA";"240100";"HOSPITALIZACIÓN QUIRÚRGICA CIRUGÍA GENERAL ";"321";"339";"2327";"2033";"83";"2501";"0"
"2023";"09";"150133";"LIMA";"LIMA";"SAN JUAN DE MIRAFLORES";"MINSA";"III-1";"00005987";"HOSPITAL MARIA AUXILIADORA";"241400";"HOSPITALIZACIÓN QUIRÚRGICA GINECO - OBSTETRICIA ";"489";"500";"1455";"1256";"68";"2040";"0"
"2023";"09";"150133";"LIMA";"LIMA";"SAN JUAN DE MIRAFLORES";"MINSA";"III-1";"00005987";"HOSPITAL MARIA AUXILIADORA";"243200";"HOSPITALIZACIÓN DE PEDIATRÍA PEDIATRIA NEONATOLOGÍA";"77";"81";"647";"684";"46";"1380";"0"
"2023";"09";"150133";"LIMA";"LIMA";"SAN JUAN DE MIRAFLORES";"MINSA";"III-1";"00005987";"HOSPITAL MARIA AUXILIADORA";"250100";"UNIDAD DE CUIDADOS CRITICOS UNIDAD  DE CUIDADOS INTENSIVOS GENERALES (UCI) ";"19";"7";"93";"311";"11";"330";"7"
"2023";"09";"150133";"LIMA";"LIMA";"SAN JUAN DE MIRAFLORES";"MINSA";"III-1";"00005987";"HOSPITAL MARIA AUXILIADORA";"250105";"UNIDAD DE CUIDADOS CRITICOS UNIDAD  DE CUIDADOS INTENSIVOS  (UCI) NEONATOLOGÍA";"16";"9";"219";"222";"9";"270";"9"
"2023";"09";"150133";"LIMA";"LIMA";"SAN JUAN DE MIRAFLORES";"MINSA";"III-1";"00005987";"HOSPITAL MARIA AUXILIADORA";"250108";"UNIDAD DE CUIDADOS CRITICOS UNIDAD  DE CUIDADOS INTENSIVOS  (UCI) PEDIÁTRICA";"4";"2";"14";"94";"5";"150";"2"
"2023";"09";"150133";"LIMA";"LIMA";"SAN JUAN DE MIRAFLORES";"MINSA";"III-1";"00005987";"HOSPITAL MARIA AUXILIADORA";"250200";"UNIDAD DE CUIDADOS CRITICOS UNIDAD DE CUIDADOS INTERMEDIOS GENERAL  (UCIN) ";"10";"4";"19";"169";"7";"210";"0"
"2023";"09";"060501";"CAJAMARCA";"CONTUMAZA";"CONTUMAZA";"GOBIERNO REGIONAL";"I-1";"00004630";"EL MOTE";"NE_0001";"";"NE_0001";"NE_0001";"NE_0001";"NE_0001";"NE_0001";"NE_0001";"NE_0001"
"2023";"09";"060502";"CAJAMARCA";"CONTUMAZA";"CHILETE";"GOBIERNO REGIONAL";"I-1";"00004545";"LLALLAN";"NE_0001";"";"NE_0001";"NE_0001";"NE_0001";"NE_0001";"NE_0001";"NE_0001";"NE_0001"
"2023";"10";"060101";"CAJAMARCA";"CAJAMARCA";"CAJAMARCA";"PRIVADO";"0";"00018126";"LABORATORIO LLONTOP S.R.L.";"NE_0001";"";"NE_0001";"NE_0001";"NE_0001";"NE_0001";"NE_0001";"NE_0001";"NE_0001"
"2023";"10";"200104";"PIURA";"PIURA";"CASTILLA";"PRIVADO";"0";"00013494";"AUNA CLINICA MIRAFLORES";"240000";"HOSPITALIZACIÓN";"61";"226";"989";"859";"40";"1240";"1"
"2023";"10";"200104";"PIURA";"PIURA";"CASTILLA";"PRIVADO";"0";"00013494";"AUNA CLINICA MIRAFLORES";"250100";"UNIDAD DE CUIDADOS CRITICOS UNIDAD  DE CUIDADOS INTENSIVOS GENERALES (UCI) ";"4";"5";"40";"86";"6";"186";"2"
"2023";"10";"140101";"LAMBAYEQUE";"CHICLAYO";"CHICLAYO";"PRIVADO";"II-E";"00026707";"CLÍNICA OFTALMOLÓGICA VIDAVAS SAC";"NE_0001";"";"NE_0001";"NE_0001";"NE_0001";"NE_0001";"NE_0001";"NE_0001";"NE_0001"
"2023";"10";"060601";"CAJAMARCA";"CUTERVO";"CUTERVO";"GOBIERNO REGIONAL";"I-1";"00004985";"REJOPAMPA";"NE_0001";"";"NE_0001";"NE_0001";"NE_0001";"NE_0001";"NE_0001";"NE_0001";"NE_0001"
"2023";"10";"060601";"CAJAMARCA";"CUTERVO";"CUTERVO";"GOBIERNO REGIONAL";"I-1";"00004986";"EL ARENAL DE CUTERVO";"NE_0001";"";"NE_0001";"NE_0001";"NE_0001";"NE_0001";"NE_0001";"NE_0001";"NE_0001"
"2023";"10";"060601";"CAJAMARCA";"CUTERVO";"CUTERVO";"GOBIERNO REGIONAL";"I-1";"00007697";"CHUGUR";"NE_0001";"";"NE_0001";"NE_0001";"NE_0001";"NE_0001";"NE_0001";"NE_0001";"NE_0001"
"2023";"10";"060601";"CAJAMARCA";"CUTERVO";"CUTERVO";"GOBIERNO REGIONAL";"I-1";"00006831";"LA SUCCHA DE CUTERVO";"NE_0001";"";"NE_0001";"NE_0001";"NE_0001";"NE_0001";"NE_0001";"NE_0001";"NE_0001"
"2023";"10";"060601";"CAJAMARCA";"CUTERVO";"CUTERVO";"GOBIERNO REGIONAL";"I-1";"00004988";"LA COLCA";"NE_0001";"";"NE_0001";"NE_0001";"NE_0001";"NE_0001";"NE_0001";"NE_0001";"NE_0001"
"2023";"10";"110101";"ICA";"ICA";"ICA";"GOBIERNO REGIONAL";"II-1";"00003359";"SANTA MARIA DEL SOCORRO";"240100";"HOSPITALIZACIÓN QUIRÚRGICA CIRUGÍA GENERAL ";"71";"83";"518";"530";"23";"713";"0"
"2023";"10";"110101";"ICA";"ICA";"ICA";"GOBIERNO REGIONAL";"II-1";"00003359";"SANTA MARIA DEL SOCORRO";"241400";"HOSPITALIZACIÓN QUIRÚRGICA GINECO - OBSTETRICIA ";"166";"176";"498";"839";"31";"961";"0"
"2023";"10";"110101";"ICA";"ICA";"ICA";"GOBIERNO REGIONAL";"II-1";"00003359";"SANTA MARIA DEL SOCORRO";"241500";"HOSPITALIZACIÓN QUIRÚRGICA GINECOLOGÍA  ";"74";"79";"297";"316";"12";"372";"0"
"2023";"10";"110101";"ICA";"ICA";"ICA";"GOBIERNO REGIONAL";"II-1";"00003359";"SANTA MARIA DEL SOCORRO";"241900";"HOSPITALIZACIÓN DE MEDICINA MEDICINA INTERNA ";"50";"55";"269";"294";"14";"434";"5"
"2023";"10";"110101";"ICA";"ICA";"ICA";"GOBIERNO REGIONAL";"II-1";"00003359";"SANTA MARIA DEL SOCORRO";"242500";"HOSPITALIZACIÓN-PEDIATRÍA GENERAL-";"45";"51";"207";"106";"18";"558";"0"
"2023";"10";"110101";"ICA";"ICA";"ICA";"GOBIERNO REGIONAL";"II-1";"00003359";"SANTA MARIA DEL SOCORRO";"243200";"HOSPITALIZACIÓN DE PEDIATRÍA PEDIATRIA NEONATOLOGÍA";"19";"19";"58";"165";"7";"217";"1"
"2023";"10";"110101";"ICA";"ICA";"ICA";"GOBIERNO REGIONAL";"II-1";"00003359";"SANTA MARIA DEL SOCORRO";"250103";"UNIDAD DE CUIDADOS CRITICOS UNIDAD  DE CUIDADOS INTENSIVOS GENERALES  (UCI) MEDICINA";"2";"2";"25";"30";"3";"93";"1"
"2023";"10";"021809";"ANCASH";"SANTA";"NUEVO CHIMBOTE";"PRIVADO";"II-1";"00016536";"CLINICA BAHIA S.A.C.";"NE_0002";"";"NE_0002";"NE_0002";"NE_0002";"NE_0002";"NE_0002";"NE_0002";"NE_0002"
"2023";"10";"250101";"UCAYALI";"CORONEL PORTILLO";"CALLERIA";"ESSALUD";"II-2";"00009600";"HOSPITAL II PUCALLPA- ESSALUD";"241800";"HOSPITALIZACIÓN DE MEDICINA MEDICINA GENERAL ";"157";"148";"1466";"1315";"50";"1550";"8"
"2023";"10";"250101";"UCAYALI";"CORONEL PORTILLO";"CALLERIA";"ESSALUD";"II-2";"00009600";"HOSPITAL II PUCALLPA- ESSALUD";"250300";"UNIDAD DE CUIDADOS CRITICOS UNIDAD DE VIGILANCIA INTENSIVA  CLINICA (UVIC) ";"43";"40";"233";"248";"14";"434";"10"
"2023";"10";"250101";"UCAYALI";"CORONEL PORTILLO";"CALLERIA";"ESSALUD";"II-2";"00009600";"HOSPITAL II PUCALLPA- ESSALUD";"240100";"HOSPITALIZACIÓN QUIRÚRGICA CIRUGÍA GENERAL ";"283";"270";"1072";"1174";"48";"1488";"1"
"2023";"10";"250101";"UCAYALI";"CORONEL PORTILLO";"CALLERIA";"ESSALUD";"II-2";"00009600";"HOSPITAL II PUCALLPA- ESSALUD";"241600";"HOSPITALIZACIÓN QUIRÚRGICA OBSTETRICIA   ";"187";"185";"376";"436";"18";"558";"0"
"2023";"10";"250101";"UCAYALI";"CORONEL PORTILLO";"CALLERIA";"ESSALUD";"II-2";"00009600";"HOSPITAL II PUCALLPA- ESSALUD";"241500";"HOSPITALIZACIÓN QUIRÚRGICA GINECOLOGÍA  ";"64";"51";"186";"260";"12";"372";"0"
"2023";"10";"250101";"UCAYALI";"CORONEL PORTILLO";"CALLERIA";"ESSALUD";"II-2";"00009600";"HOSPITAL II PUCALLPA- ESSALUD";"242300";"HOSPITALIZACIÓN DE PEDIATRÍA  PEDIATRÍA  GENERAL ";"74";"73";"255";"236";"15";"465";"0"
"2023";"10";"250101";"UCAYALI";"CORONEL PORTILLO";"CALLERIA";"ESSALUD";"II-2";"00009600";"HOSPITAL II PUCALLPA- ESSALUD";"243200";"HOSPITALIZACIÓN DE PEDIATRÍA PEDIATRIA NEONATOLOGÍA";"37";"35";"120";"92";"5";"155";"0"
"2023";"10";"150101";"LIMA";"LIMA";"LIMA";"PRIVADO";"II-E";"00026473";"OBRA DE SAN CAMILO";"240000";"HOSPITALIZACIÓN";"53";"57";"147";"57";"2";"25";"0"
"2023";"10";"070103";"CALLAO";"CALLAO";"CARMEN DE LA LEGUA-REYNOSO";"GOBIERNO REGIONAL";"II-2";"00006219";"HOSPITAL SAN JOSE";"241800";"HOSPITALIZACIÓN DE MEDICINA MEDICINA GENERAL ";"40";"40";"403";"207";"14";"434";"2"
"2023";"10";"070103";"CALLAO";"CALLAO";"CARMEN DE LA LEGUA-REYNOSO";"GOBIERNO REGIONAL";"II-2";"00006219";"HOSPITAL SAN JOSE";"241600";"HOSPITALIZACIÓN QUIRÚRGICA OBSTETRICIA   ";"153";"157";"448";"441";"15";"465";"0"
"2023";"10";"070103";"CALLAO";"CALLAO";"CARMEN DE LA LEGUA-REYNOSO";"GOBIERNO REGIONAL";"II-2";"00006219";"HOSPITAL SAN JOSE";"240100";"HOSPITALIZACIÓN QUIRÚRGICA CIRUGÍA GENERAL ";"72";"72";"223";"123";"4";"124";"0"
"2023";"10";"070103";"CALLAO";"CALLAO";"CARMEN DE LA LEGUA-REYNOSO";"GOBIERNO REGIONAL";"II-2";"00006219";"HOSPITAL SAN JOSE";"242500";"HOSPITALIZACIÓN-PEDIATRÍA GENERAL-";"17";"17";"89";"81";"3";"93";"0"
"2023";"10";"070103";"CALLAO";"CALLAO";"CARMEN DE LA LEGUA-REYNOSO";"GOBIERNO REGIONAL";"II-2";"00006219";"HOSPITAL SAN JOSE";"243200";"HOSPITALIZACIÓN DE PEDIATRÍA PEDIATRIA NEONATOLOGÍA";"23";"25";"161";"134";"9";"279";"0"
"2023";"10";"070103";"CALLAO";"CALLAO";"CARMEN DE LA LEGUA-REYNOSO";"GOBIERNO REGIONAL";"II-2";"00006219";"HOSPITAL SAN JOSE";"241500";"HOSPITALIZACIÓN QUIRÚRGICA GINECOLOGÍA  ";"42";"37";"106";"115";"7";"217";"0"
"2023";"10";"130905";"LA LIBERTAD";"SANCHEZ CARRION";"MARCABAL";"GOBIERNO REGIONAL";"I-2";"00013552";"AGOCAS";"NE_0001";"";"NE_0001";"NE_0001";"NE_0001";"NE_0001";"NE_0001";"NE_0001";"NE_0001"
"2023";"10";"130905";"LA LIBERTAD";"SANCHEZ CARRION";"MARCABAL";"GOBIERNO REGIONAL";"I-1";"00013827";"NARANJOPAMPA";"NE_0001";"";"NE_0001";"NE_0001";"NE_0001";"NE_0001";"NE_0001";"NE_0001";"NE_0001"
"2023";"10";"130905";"LA LIBERTAD";"SANCHEZ CARRION";"MARCABAL";"GOBIERNO REGIONAL";"I-2";"00013550";"SHITA";"NE_0001";"";"NE_0001";"NE_0001";"NE_0001";"NE_0001";"NE_0001";"NE_0001";"NE_0001"
"2023";"10";"130905";"LA LIBERTAD";"SANCHEZ CARRION";"MARCABAL";"GOBIERNO REGIONAL";"I-2";"00013825";"CHAQUILBAMBA";"NE_0001";"";"NE_0001";"NE_0001";"NE_0001";"NE_0001";"NE_0001";"NE_0001";"NE_0001"
"2023";"10";"130905";"LA LIBERTAD";"SANCHEZ CARRION";"MARCABAL";"GOBIERNO REGIONAL";"I-2";"00005358";"MARCABALITO";"NE_0001";"";"NE_0001";"NE_0001";"NE_0001";"NE_0001";"NE_0001";"NE_0001";"NE_0001"
"2023";"10";"130905";"LA LIBERTAD";"SANCHEZ CARRION";"MARCABAL";"GOBIERNO REGIONAL";"I-2";"00013794";"LLUCHUBAMBA";"NE_0001";"";"NE_0001";"NE_0001";"NE_0001";"NE_0001";"NE_0001";"NE_0001";"NE_0001"
"2023";"10";"080108";"CUSCO";"CUSCO";"WANCHAQ";"PRIVADO";"II-E";"00010023";"CORNEJO";"240100";"HOSPITALIZACIÓN QUIRÚRGICA CIRUGÍA GENERAL ";"1";"1";"3";"3";"5";"155";"0"
"2023";"10";"080108";"CUSCO";"CUSCO";"WANCHAQ";"PRIVADO";"II-E";"00010023";"CORNEJO";"240100";"HOSPITALIZACIÓN QUIRÚRGICA CIRUGÍA GENERAL ";"1";"1";"3";"3";"5";"155";"0"
"2023";"10";"080108";"CUSCO";"CUSCO";"WANCHAQ";"PRIVADO";"II-E";"00010023";"CORNEJO";"240100";"HOSPITALIZACIÓN QUIRÚRGICA CIRUGÍA GENERAL ";"1";"1";"3";"3";"5";"155";"0"
"2023";"10";"080108";"CUSCO";"CUSCO";"WANCHAQ";"PRIVADO";"II-E";"00010023";"CORNEJO";"240800";"HOSPITALIZACIÓN QUIRÚRGICA CIRUGÍA PLÁSTICA/RECONSTRUCTIVA/ REPARADORA ";"1";"1";"4";"1";"5";"155";"0"
"2023";"10";"080108";"CUSCO";"CUSCO";"WANCHAQ";"PRIVADO";"II-E";"00010023";"CORNEJO";"242300";"HOSPITALIZACIÓN DE PEDIATRÍA  PEDIATRÍA  GENERAL ";"1";"1";"4";"1";"5";"155";"0"
"2023";"10";"220205";"SAN MARTIN";"BELLAVISTA";"SAN PABLO";"GOBIERNO REGIONAL";"I-1";"00006507";"FAUSA SAPINA";"NE_0001";"";"NE_0001";"NE_0001";"NE_0001";"NE_0001";"NE_0001";"NE_0001";"NE_0001"
"2023";"10";"220205";"SAN MARTIN";"BELLAVISTA";"SAN PABLO";"GOBIERNO REGIONAL";"I-1";"00006508";"SAN PABLO";"NE_0001";"";"NE_0001";"NE_0001";"NE_0001";"NE_0001";"NE_0001";"NE_0001";"NE_0001"
"2023";"10";"220205";"SAN MARTIN";"BELLAVISTA";"SAN PABLO";"GOBIERNO REGIONAL";"I-2";"00006499";"FAUSA LAMISTA";"NE_0001";"";"NE_0001";"NE_0001";"NE_0001";"NE_0001";"NE_0001";"NE_0001";"NE_0001"
"2023";"10";"220205";"SAN MARTIN";"BELLAVISTA";"SAN PABLO";"GOBIERNO REGIONAL";"I-1";"00006509";"DOS DE MAYO";"NE_0001";"";"NE_0001";"NE_0001";"NE_0001";"NE_0001";"NE_0001";"NE_0001";"NE_0001"
"2023";"10";"220205";"SAN MARTIN";"BELLAVISTA";"SAN PABLO";"GOBIERNO REGIONAL";"I-3";"00006506";"CONSUELO";"NE_0001";"";"NE_0001";"NE_0001";"NE_0001";"NE_0001";"NE_0001";"NE_0001";"NE_0001"
"2023";"10";"130111";"LA LIBERTAD";"TRUJILLO";"VICTOR LARCO HERRERA";"PRIVADO";"II-1";"00010581";"SANNA/SANCHEZ FERRER S.A.";"241900";"HOSPITALIZACIÓN DE MEDICINA MEDICINA INTERNA ";"29";"30";"133";"122";"6";"152";"0"
"2023";"10";"130111";"LA LIBERTAD";"TRUJILLO";"VICTOR LARCO HERRERA";"PRIVADO";"II-1";"00010581";"SANNA/SANCHEZ FERRER S.A.";"241400";"HOSPITALIZACIÓN QUIRÚRGICA GINECO - OBSTETRICIA ";"63";"63";"116";"175";"5";"238";"0"
"2023";"10";"130111";"LA LIBERTAD";"TRUJILLO";"VICTOR LARCO HERRERA";"PRIVADO";"II-1";"00010581";"SANNA/SANCHEZ FERRER S.A.";"242300";"HOSPITALIZACIÓN DE PEDIATRÍA  PEDIATRÍA  GENERAL ";"27";"32";"93";"113";"4";"145";"0"
"2023";"10";"130111";"LA LIBERTAD";"TRUJILLO";"VICTOR LARCO HERRERA";"PRIVADO";"II-1";"00010581";"SANNA/SANCHEZ FERRER S.A.";"240100";"HOSPITALIZACIÓN QUIRÚRGICA CIRUGÍA GENERAL ";"50";"51";"91";"129";"3";"180";"0"
"2023";"10";"130111";"LA LIBERTAD";"TRUJILLO";"VICTOR LARCO HERRERA";"PRIVADO";"II-1";"00010581";"SANNA/SANCHEZ FERRER S.A.";"241200";"HOSPITALIZACIÓN QUIRÚRGICA TRAUMATOLOGÍA Y ORTOPEDIA ";"46";"41";"84";"128";"4";"169";"0"
"2023";"10";"130111";"LA LIBERTAD";"TRUJILLO";"VICTOR LARCO HERRERA";"PRIVADO";"II-1";"00010581";"SANNA/SANCHEZ FERRER S.A.";"240200";"HOSPITALIZACIÓN QUIRÚRGICA CIRUGÍA DE CABEZA Y CUELLO / MÁXILO FACIAL ";"9";"10";"17";"26";"2";"36";"0"
"2023";"10";"130111";"LA LIBERTAD";"TRUJILLO";"VICTOR LARCO HERRERA";"PRIVADO";"II-1";"00010581";"SANNA/SANCHEZ FERRER S.A.";"240900";"HOSPITALIZACIÓN QUIRÚRGICA NEUROCIRUGÍA ";"14";"10";"23";"33";"1";"43";"0"
"2023";"10";"130111";"LA LIBERTAD";"TRUJILLO";"VICTOR LARCO HERRERA";"PRIVADO";"II-1";"00010581";"SANNA/SANCHEZ FERRER S.A.";"244300";"HOSPITALIZACIÓN DE MEDICINA GASTROENTEROLOGÍA  ";"10";"8";"22";"30";"1";"38";"0"
"2023";"10";"130111";"LA LIBERTAD";"TRUJILLO";"VICTOR LARCO HERRERA";"PRIVADO";"II-1";"00010581";"SANNA/SANCHEZ FERRER S.A.";"241300";"HOSPITALIZACIÓN QUIRÚRGICA UROLOGÍA  ";"8";"8";"38";"25";"2";"33";"0"
"2023";"10";"130111";"LA LIBERTAD";"TRUJILLO";"VICTOR LARCO HERRERA";"PRIVADO";"II-1";"00010581";"SANNA/SANCHEZ FERRER S.A.";"240400";"HOSPITALIZACIÓN QUIRÚRGICA CIRUGÍA DE TÓRAX Y CARDIOVASCULAR ";"1";"1";"4";"5";"1";"6";"0"
"2023";"10";"130111";"LA LIBERTAD";"TRUJILLO";"VICTOR LARCO HERRERA";"PRIVADO";"II-1";"00010581";"SANNA/SANCHEZ FERRER S.A.";"242100";"HOSPITALIZACIÓN DE MEDICINA ONCOLOGÍA MÉDICA ";"6";"7";"39";"41";"3";"48";"0"
"2023";"10";"130111";"LA LIBERTAD";"TRUJILLO";"VICTOR LARCO HERRERA";"PRIVADO";"II-1";"00010581";"SANNA/SANCHEZ FERRER S.A.";"241100";"HOSPITALIZACIÓN QUIRÚRGICA OTORRINOLARINGOLOGÍA  ";"2";"1";"1";"2";"1";"3";"0"
"2023";"10";"130111";"LA LIBERTAD";"TRUJILLO";"VICTOR LARCO HERRERA";"PRIVADO";"II-1";"00010581";"SANNA/SANCHEZ FERRER S.A.";"250103";"UNIDAD DE CUIDADOS CRITICOS UNIDAD  DE CUIDADOS INTENSIVOS GENERALES  (UCI) MEDICINA";"2";"1";"6";"7";"1";"8";"0"
"2023";"10";"130111";"LA LIBERTAD";"TRUJILLO";"VICTOR LARCO HERRERA";"PRIVADO";"II-1";"00010581";"SANNA/SANCHEZ FERRER S.A.";"240000";"HOSPITALIZACIÓN";"3";"4";"16";"16";"1";"20";"0"
"2023";"10";"130111";"LA LIBERTAD";"TRUJILLO";"VICTOR LARCO HERRERA";"PRIVADO";"II-1";"00010581";"SANNA/SANCHEZ FERRER S.A.";"241000";"HOSPITALIZACIÓN QUIRÚRGICA ONCOLOGÍA QUIRÚRGICA  ";"2";"1";"5";"6";"1";"7";"0"
"2023";"10";"130111";"LA LIBERTAD";"TRUJILLO";"VICTOR LARCO HERRERA";"PRIVADO";"II-1";"00010581";"SANNA/SANCHEZ FERRER S.A.";"240800";"HOSPITALIZACIÓN QUIRÚRGICA CIRUGÍA PLÁSTICA/RECONSTRUCTIVA/ REPARADORA ";"6";"6";"30";"35";"1";"41";"0"
"2023";"10";"220405";"SAN MARTIN";"HUALLAGA";"SACANCHE";"GOBIERNO REGIONAL";"I-3";"00006543";"SACANCHE";"NE_0002";"";"NE_0002";"NE_0002";"NE_0002";"NE_0002";"NE_0002";"NE_0002";"NE_0002"
"2023";"10";"220404";"SAN MARTIN";"HUALLAGA";"PISCOYACU";"GOBIERNO REGIONAL";"I-2";"00006545";"NUEVO SACANCHE";"NE_0001";"";"NE_0001";"NE_0001";"NE_0001";"NE_0001";"NE_0001";"NE_0001";"NE_0001"
"2023";"10";"220405";"SAN MARTIN";"HUALLAGA";"SACANCHE";"GOBIERNO REGIONAL";"I-1";"00027002";"LA UNION";"NE_0001";"";"NE_0001";"NE_0001";"NE_0001";"NE_0001";"NE_0001";"NE_0001";"NE_0001"
"2023";"11";"060806";"CAJAMARCA";"JAEN";"LAS PIRIAS";"GOBIERNO REGIONAL";"I-3";"00004245";"LAS PIRIAS DE JAEN";"NE_0001";"";"NE_0001";"NE_0001";"NE_0001";"NE_0001";"NE_0001";"NE_0001";"NE_0001"
"2023";"11";"060806";"CAJAMARCA";"JAEN";"LAS PIRIAS";"GOBIERNO REGIONAL";"I-1";"00004246";"RUMIBAMBA";"NE_0001";"";"NE_0001";"NE_0001";"NE_0001";"NE_0001";"NE_0001";"NE_0001";"NE_0001"
"2023";"11";"120101";"JUNIN";"HUANCAYO";"HUANCAYO";"PRIVADO";"II-2";"00008858";"CLINICA ORTEGA";"241000";"HOSPITALIZACIÓN QUIRÚRGICA ONCOLOGÍA QUIRÚRGICA  ";"7";"7";"27";"27";"3";"90";"0"
"2023";"11";"120101";"JUNIN";"HUANCAYO";"HUANCAYO";"PRIVADO";"II-2";"00008858";"CLINICA ORTEGA";"241100";"HOSPITALIZACIÓN QUIRÚRGICA OTORRINOLARINGOLOGÍA  ";"3";"3";"5";"5";"3";"90";"0"
"2023";"11";"120101";"JUNIN";"HUANCAYO";"HUANCAYO";"PRIVADO";"II-2";"00008858";"CLINICA ORTEGA";"241200";"HOSPITALIZACIÓN QUIRÚRGICA TRAUMATOLOGÍA Y ORTOPEDIA ";"64";"64";"256";"256";"11";"330";"0"
"2023";"11";"120101";"JUNIN";"HUANCAYO";"HUANCAYO";"PRIVADO";"II-2";"00008858";"CLINICA ORTEGA";"241300";"HOSPITALIZACIÓN QUIRÚRGICA UROLOGÍA  ";"9";"9";"26";"26";"3";"90";"0"
"2023";"11";"120101";"JUNIN";"HUANCAYO";"HUANCAYO";"PRIVADO";"II-2";"00008858";"CLINICA ORTEGA";"241400";"HOSPITALIZACIÓN QUIRÚRGICA GINECO - OBSTETRICIA ";"20";"20";"66";"66";"5";"150";"0"
"2023";"11";"120101";"JUNIN";"HUANCAYO";"HUANCAYO";"PRIVADO";"II-2";"00008858";"CLINICA ORTEGA";"241800";"HOSPITALIZACIÓN DE MEDICINA MEDICINA GENERAL ";"1";"1";"1";"1";"3";"90";"0"
"2023";"11";"120101";"JUNIN";"HUANCAYO";"HUANCAYO";"PRIVADO";"II-2";"00008858";"CLINICA ORTEGA";"241900";"HOSPITALIZACIÓN DE MEDICINA MEDICINA INTERNA ";"36";"36";"134";"134";"7";"210";"0"
"2023";"11";"120101";"JUNIN";"HUANCAYO";"HUANCAYO";"PRIVADO";"II-2";"00008858";"CLINICA ORTEGA";"242100";"HOSPITALIZACIÓN DE MEDICINA ONCOLOGÍA MÉDICA ";"2";"2";"14";"14";"3";"90";"0"
"2023";"11";"120101";"JUNIN";"HUANCAYO";"HUANCAYO";"PRIVADO";"II-2";"00008858";"CLINICA ORTEGA";"242300";"HOSPITALIZACIÓN DE PEDIATRÍA  PEDIATRÍA  GENERAL ";"2";"2";"10";"10";"3";"90";"0"
"2023";"11";"200101";"PIURA";"PIURA";"PIURA";"PRIVADO";"III-E";"00013727";"INSTITUTO MEDICO ESPECIALIZADO EN DIABETES SOY DIABETICO EIRL";"240000";"HOSPITALIZACIÓN";"13";"13";"27";"27";"6";"180";"0"
"2023";"11";"150121";"LIMA";"LIMA";"PUEBLO LIBRE";"MINSA";"III-1";"00006211";"HOSPITAL DE APOYO SANTA ROSA";"240100";"HOSPITALIZACIÓN QUIRÚRGICA CIRUGÍA GENERAL ";"62";"56";"270";"319";"20";"600";"1"
"2023";"09";"130101";"LA LIBERTAD";"TRUJILLO";"TRUJILLO";"PRIVADO";"II-1";"00012292";"CLINICA  BELMED";"240800";"HOSPITALIZACIÓN QUIRÚRGICA CIRUGÍA PLÁSTICA/RECONSTRUCTIVA/ REPARADORA ";"0";"0";"0";"1";"4";"5";"0"
"2023";"09";"150113";"LIMA";"LIMA";"JESUS MARIA";"PRIVADO";"II-E";"00020346";"CLINICA SANTA BEATRIZ";"240000";"HOSPITALIZACIÓN";"266";"260";"323";"258";"22";"476";"0"
"2023";"09";"150116";"LIMA";"LIMA";"LINCE";"PRIVADO";"II-E";"00033237";"ARTHROMEDS";"NE_0001";"";"NE_0001";"NE_0001";"NE_0001";"NE_0001";"NE_0001";"NE_0001";"NE_0001"
"2023";"09";"150140";"LIMA";"LIMA";"SANTIAGO DE SURCO";"PRIVADO";"II-E";"00011110";"CLINICA CAMPBELL";"240800";"HOSPITALIZACIÓN QUIRÚRGICA CIRUGÍA PLÁSTICA/RECONSTRUCTIVA/ REPARADORA ";"14";"14";"14";"14";"2";"60";"0"
"2023";"09";"060101";"CAJAMARCA";"CAJAMARCA";"CAJAMARCA";"PRIVADO";"II-1";"00012761";"CLINICA SAN LORENZO S.R.L.";"240200";"HOSPITALIZACIÓN QUIRÚRGICA CIRUGÍA DE CABEZA Y CUELLO / MÁXILO FACIAL ";"1";"1";"1";"2";"16";"480";"0"
"2023";"09";"060101";"CAJAMARCA";"CAJAMARCA";"CAJAMARCA";"PRIVADO";"II-1";"00012761";"CLINICA SAN LORENZO S.R.L.";"240300";"HOSPITALIZACIÓN QUIRÚRGICA CIRUGÍA DIGESTIVA ";"15";"15";"17";"32";"16";"480";"0"
"2023";"09";"060101";"CAJAMARCA";"CAJAMARCA";"CAJAMARCA";"PRIVADO";"II-1";"00012761";"CLINICA SAN LORENZO S.R.L.";"240400";"HOSPITALIZACIÓN QUIRÚRGICA CIRUGÍA DE TÓRAX Y CARDIOVASCULAR ";"2";"2";"2";"4";"16";"480";"0"
"2023";"09";"060101";"CAJAMARCA";"CAJAMARCA";"CAJAMARCA";"PRIVADO";"II-1";"00012761";"CLINICA SAN LORENZO S.R.L.";"240801";"HOSPITALIZACIÓN QUIRÚRGICA CIRUGÍA PLÁSTICA/RECONSTRUCTIVA/ REPARADORA QUEMADOS";"1";"1";"2";"3";"16";"480";"0"
"2023";"09";"060101";"CAJAMARCA";"CAJAMARCA";"CAJAMARCA";"PRIVADO";"II-1";"00012761";"CLINICA SAN LORENZO S.R.L.";"241000";"HOSPITALIZACIÓN QUIRÚRGICA ONCOLOGÍA QUIRÚRGICA  ";"1";"1";"1";"2";"16";"480";"0"
"2023";"09";"060101";"CAJAMARCA";"CAJAMARCA";"CAJAMARCA";"PRIVADO";"II-1";"00012761";"CLINICA SAN LORENZO S.R.L.";"241200";"HOSPITALIZACIÓN QUIRÚRGICA TRAUMATOLOGÍA Y ORTOPEDIA ";"5";"5";"9";"14";"16";"480";"0"
"2023";"09";"060101";"CAJAMARCA";"CAJAMARCA";"CAJAMARCA";"PRIVADO";"II-1";"00012761";"CLINICA SAN LORENZO S.R.L.";"241300";"HOSPITALIZACIÓN QUIRÚRGICA UROLOGÍA  ";"4";"4";"10";"14";"16";"480";"0"
"2023";"09";"060101";"CAJAMARCA";"CAJAMARCA";"CAJAMARCA";"PRIVADO";"II-1";"00012761";"CLINICA SAN LORENZO S.R.L.";"241500";"HOSPITALIZACIÓN QUIRÚRGICA GINECOLOGÍA  ";"5";"5";"6";"11";"16";"480";"0"
"2023";"09";"060101";"CAJAMARCA";"CAJAMARCA";"CAJAMARCA";"PRIVADO";"II-1";"00012761";"CLINICA SAN LORENZO S.R.L.";"244000";"HOSPITALIZACIÓN DE MEDICINA CARDIOLOGIA ";"1";"1";"2";"3";"16";"480";"0"
"2023";"09";"080701";"CUSCO";"CHUMBIVILCAS";"SANTO TOMAS";"GOBIERNO REGIONAL";"I-1";"00006981";"CCOYO";"NE_0001";"";"NE_0001";"NE_0001";"NE_0001";"NE_0001";"NE_0001";"NE_0001";"NE_0001"
"2023";"09";"080701";"CUSCO";"CHUMBIVILCAS";"SANTO TOMAS";"GOBIERNO REGIONAL";"I-1";"00006982";"MELLOTOTORA";"NE_0001";"";"NE_0001";"NE_0001";"NE_0001";"NE_0001";"NE_0001";"NE_0001";"NE_0001"
"2023";"09";"080706";"CUSCO";"CHUMBIVILCAS";"LLUSCO";"GOBIERNO REGIONAL";"I-2";"00006748";"COLLPA";"NE_0001";"";"NE_0001";"NE_0001";"NE_0001";"NE_0001";"NE_0001";"NE_0001";"NE_0001"
"2023";"09";"080701";"CUSCO";"CHUMBIVILCAS";"SANTO TOMAS";"GOBIERNO REGIONAL";"I-2";"00006746";"LLIQUE";"NE_0001";"";"NE_0001";"NE_0001";"NE_0001";"NE_0001";"NE_0001";"NE_0001";"NE_0001"
"2023";"09";"080701";"CUSCO";"CHUMBIVILCAS";"SANTO TOMAS";"GOBIERNO REGIONAL";"I-1";"00007111";"YAVINA";"NE_0001";"";"NE_0001";"NE_0001";"NE_0001";"NE_0001";"NE_0001";"NE_0001";"NE_0001"
"2023";"09";"080701";"CUSCO";"CHUMBIVILCAS";"SANTO TOMAS";"GOBIERNO REGIONAL";"I-2";"00008915";"PFULLPURI CONDEPAMPA";"NE_0001";"";"NE_0001";"NE_0001";"NE_0001";"NE_0001";"NE_0001";"NE_0001";"NE_0001"
"2023";"09";"080701";"CUSCO";"CHUMBIVILCAS";"SANTO TOMAS";"GOBIERNO REGIONAL";"I-1";"00006983";"ORCCOMA";"NE_0001";"";"NE_0001";"NE_0001";"NE_0001";"NE_0001";"NE_0001";"NE_0001";"NE_0001"
"2023";"09";"080707";"CUSCO";"CHUMBIVILCAS";"QUIÑOTA";"GOBIERNO REGIONAL";"I-1";"00007112";"YORENCCA";"NE_0001";"";"NE_0001";"NE_0001";"NE_0001";"NE_0001";"NE_0001";"NE_0001";"NE_0001"
"2023";"09";"080704";"CUSCO";"CHUMBIVILCAS";"COLQUEMARCA";"GOBIERNO REGIONAL";"I-1";"00008913";"HUARACO";"NE_0001";"";"NE_0001";"NE_0001";"NE_0001";"NE_0001";"NE_0001";"NE_0001";"NE_0001"
"2023";"09";"080701";"CUSCO";"CHUMBIVILCAS";"SANTO TOMAS";"GOBIERNO REGIONAL";"I-2";"00002400";"ALHUACCHULLO";"NE_0001";"";"NE_0001";"NE_0001";"NE_0001";"NE_0001";"NE_0001";"NE_0001";"NE_0001"
"2023";"09";"150101";"LIMA";"LIMA";"LIMA";"PRIVADO";"II-E";"00025804";"OPERO SCRL";"NE_0001";"";"NE_0001";"NE_0001";"NE_0001";"NE_0001";"NE_0001";"NE_0001";"NE_0001"
"2023";"09";"220605";"SAN MARTIN";"MARISCAL CACERES";"PAJARILLO";"GOBIERNO REGIONAL";"I-1";"00006783";"SOLEDAD";"NE_0001";"";"NE_0001";"NE_0001";"NE_0001";"NE_0001";"NE_0001";"NE_0001";"NE_0001"
"2023";"09";"220605";"SAN MARTIN";"MARISCAL CACERES";"PAJARILLO";"GOBIERNO REGIONAL";"I-1";"00006564";"DOS UNIDOS";"NE_0001";"";"NE_0001";"NE_0001";"NE_0001";"NE_0001";"NE_0001";"NE_0001";"NE_0001"
"2023";"09";"220602";"SAN MARTIN";"MARISCAL CACERES";"CAMPANILLA";"GOBIERNO REGIONAL";"I-1";"00006566";"CUÑUMBUZA";"NE_0001";"";"NE_0001";"NE_0001";"NE_0001";"NE_0001";"NE_0001";"NE_0001";"NE_0001"
"2023";"09";"220202";"SAN MARTIN";"BELLAVISTA";"ALTO BIAVO";"GOBIERNO REGIONAL";"I-1";"00006714";"CENTRO AMERICA";"NE_0001";"";"NE_0001";"NE_0001";"NE_0001";"NE_0001";"NE_0001";"NE_0001";"NE_0001"
"2023";"09";"220605";"SAN MARTIN";"MARISCAL CACERES";"PAJARILLO";"GOBIERNO REGIONAL";"I-1";"00006563";"COSTA RICA";"NE_0001";"";"NE_0001";"NE_0001";"NE_0001";"NE_0001";"NE_0001";"NE_0001";"NE_0001"
"2023";"09";"220204";"SAN MARTIN";"BELLAVISTA";"HUALLAGA";"GOBIERNO REGIONAL";"I-1";"00006565";"AUCARARCA";"NE_0001";"";"NE_0001";"NE_0001";"NE_0001";"NE_0001";"NE_0001";"NE_0001";"NE_0001"
"2023";"09";"210201";"PUNO";"AZANGARO";"AZANGARO";"GOBIERNO REGIONAL";"II-1";"00002941";"CARLOS CORNEJO ROSELLO";"240100";"HOSPITALIZACIÓN QUIRÚRGICA CIRUGÍA GENERAL ";"20";"23";"92";"109";"08";"240";"0"
"2023";"09";"210201";"PUNO";"AZANGARO";"AZANGARO";"GOBIERNO REGIONAL";"II-1";"00002941";"CARLOS CORNEJO ROSELLO";"241500";"HOSPITALIZACIÓN QUIRÚRGICA GINECOLOGÍA  ";"54";"57";"160";"216";"08";"240";"0"
"2023";"09";"210201";"PUNO";"AZANGARO";"AZANGARO";"GOBIERNO REGIONAL";"II-1";"00002941";"CARLOS CORNEJO ROSELLO";"241600";"HOSPITALIZACIÓN QUIRÚRGICA OBSTETRICIA   ";"32";"33";"60";"93";"06";"180";"0"
"2023";"09";"210201";"PUNO";"AZANGARO";"AZANGARO";"GOBIERNO REGIONAL";"II-1";"00002941";"CARLOS CORNEJO ROSELLO";"241800";"HOSPITALIZACIÓN DE MEDICINA MEDICINA GENERAL ";"18";"27";"89";"115";"10";"300";"1"
"2023";"09";"210201";"PUNO";"AZANGARO";"AZANGARO";"GOBIERNO REGIONAL";"II-1";"00002941";"CARLOS CORNEJO ROSELLO";"242500";"HOSPITALIZACIÓN-PEDIATRÍA GENERAL-";"28";"31";"85";"116";"13";"390";"0"
"2023";"09";"060803";"CAJAMARCA";"JAEN";"CHONTALI";"GOBIERNO REGIONAL";"I-3";"00004232";"CHONTALI";"NE_0001";"";"NE_0001";"NE_0001";"NE_0001";"NE_0001";"NE_0001";"NE_0001";"NE_0001"
"2023";"09";"060803";"CAJAMARCA";"JAEN";"CHONTALI";"GOBIERNO REGIONAL";"I-1";"00004235";"TABACAL CHONTALI";"NE_0001";"";"NE_0001";"NE_0001";"NE_0001";"NE_0001";"NE_0001";"NE_0001";"NE_0001"
"2023";"09";"060803";"CAJAMARCA";"JAEN";"CHONTALI";"GOBIERNO REGIONAL";"I-2";"00004234";"HUALATAN";"NE_0001";"";"NE_0001";"NE_0001";"NE_0001";"NE_0001";"NE_0001";"NE_0001";"NE_0001"
"2023";"09";"060803";"CAJAMARCA";"JAEN";"CHONTALI";"GOBIERNO REGIONAL";"I-2";"00004233";"PACHAPIRIANA";"NE_0001";"";"NE_0001";"NE_0001";"NE_0001";"NE_0001";"NE_0001";"NE_0001";"NE_0001"
"2023";"09";"130111";"LA LIBERTAD";"TRUJILLO";"VICTOR LARCO HERRERA";"PRIVADO";"II-1";"00010581";"SANNA/SANCHEZ FERRER S.A.";"241900";"HOSPITALIZACIÓN DE MEDICINA MEDICINA INTERNA ";"37";"34";"108";"128";"6";"162";"1"
"2023";"09";"130111";"LA LIBERTAD";"TRUJILLO";"VICTOR LARCO HERRERA";"PRIVADO";"II-1";"00010581";"SANNA/SANCHEZ FERRER S.A.";"241400";"HOSPITALIZACIÓN QUIRÚRGICA GINECO - OBSTETRICIA ";"66";"68";"116";"172";"5";"240";"0"
"2023";"09";"130111";"LA LIBERTAD";"TRUJILLO";"VICTOR LARCO HERRERA";"PRIVADO";"II-1";"00010581";"SANNA/SANCHEZ FERRER S.A.";"242300";"HOSPITALIZACIÓN DE PEDIATRÍA  PEDIATRÍA  GENERAL ";"30";"26";"79";"102";"3";"128";"0"
"2023";"09";"130111";"LA LIBERTAD";"TRUJILLO";"VICTOR LARCO HERRERA";"PRIVADO";"II-1";"00010581";"SANNA/SANCHEZ FERRER S.A.";"240100";"HOSPITALIZACIÓN QUIRÚRGICA CIRUGÍA GENERAL ";"67";"65";"215";"149";"8";"214";"0"
"2023";"09";"130111";"LA LIBERTAD";"TRUJILLO";"VICTOR LARCO HERRERA";"PRIVADO";"II-1";"00010581";"SANNA/SANCHEZ FERRER S.A.";"241200";"HOSPITALIZACIÓN QUIRÚRGICA TRAUMATOLOGÍA Y ORTOPEDIA ";"36";"39";"100";"136";"4";"175";"0"
"2023";"09";"130111";"LA LIBERTAD";"TRUJILLO";"VICTOR LARCO HERRERA";"PRIVADO";"II-1";"00010581";"SANNA/SANCHEZ FERRER S.A.";"240900";"HOSPITALIZACIÓN QUIRÚRGICA NEUROCIRUGÍA ";"9";"11";"45";"51";"2";"62";"0"
"2023";"09";"130111";"LA LIBERTAD";"TRUJILLO";"VICTOR LARCO HERRERA";"PRIVADO";"II-1";"00010581";"SANNA/SANCHEZ FERRER S.A.";"244300";"HOSPITALIZACIÓN DE MEDICINA GASTROENTEROLOGÍA  ";"3";"3";"8";"11";"1";"14";"0"
"2023";"09";"130111";"LA LIBERTAD";"TRUJILLO";"VICTOR LARCO HERRERA";"PRIVADO";"II-1";"00010581";"SANNA/SANCHEZ FERRER S.A.";"241300";"HOSPITALIZACIÓN QUIRÚRGICA UROLOGÍA  ";"10";"9";"25";"34";"1";"43";"0"
"2023";"09";"130111";"LA LIBERTAD";"TRUJILLO";"VICTOR LARCO HERRERA";"PRIVADO";"II-1";"00010581";"SANNA/SANCHEZ FERRER S.A.";"240200";"HOSPITALIZACIÓN QUIRÚRGICA CIRUGÍA DE CABEZA Y CUELLO / MÁXILO FACIAL ";"10";"9";"14";"23";"1";"32";"0"
"2023";"09";"130111";"LA LIBERTAD";"TRUJILLO";"VICTOR LARCO HERRERA";"PRIVADO";"II-1";"00010581";"SANNA/SANCHEZ FERRER S.A.";"242100";"HOSPITALIZACIÓN DE MEDICINA ONCOLOGÍA MÉDICA ";"5";"4";"7";"11";"1";"15";"0"
"2023";"09";"130111";"LA LIBERTAD";"TRUJILLO";"VICTOR LARCO HERRERA";"PRIVADO";"II-1";"00010581";"SANNA/SANCHEZ FERRER S.A.";"241100";"HOSPITALIZACIÓN QUIRÚRGICA OTORRINOLARINGOLOGÍA  ";"4";"4";"6";"10";"1";"14";"0"
"2023";"09";"130111";"LA LIBERTAD";"TRUJILLO";"VICTOR LARCO HERRERA";"PRIVADO";"II-1";"00010581";"SANNA/SANCHEZ FERRER S.A.";"244700";"HOSPITALIZACIÓN DE MEDICINA NEUROLOGIA  ";"3";"4";"17";"19";"1";"23";"0"
"2023";"09";"130111";"LA LIBERTAD";"TRUJILLO";"VICTOR LARCO HERRERA";"PRIVADO";"II-1";"00010581";"SANNA/SANCHEZ FERRER S.A.";"240000";"HOSPITALIZACIÓN";"9";"11";"50";"48";"2";"59";"0"
"2023";"09";"130111";"LA LIBERTAD";"TRUJILLO";"VICTOR LARCO HERRERA";"PRIVADO";"II-1";"00010581";"SANNA/SANCHEZ FERRER S.A.";"241000";"HOSPITALIZACIÓN QUIRÚRGICA ONCOLOGÍA QUIRÚRGICA  ";"3";"3";"4";"7";"1";"10";"0"
"2023";"09";"150105";"LIMA";"LIMA";"BREÑA";"PRIVADO";"0";"00022016";"CLINICA LA LUZ OFTALMOLOGIA";"NE_0002";"";"NE_0002";"NE_0002";"NE_0002";"NE_0002";"NE_0002";"NE_0002";"NE_0002"
"2023";"09";"140101";"LAMBAYEQUE";"CHICLAYO";"CHICLAYO";"PRIVADO";"II-E";"00012457";"CLINICA PROVIDA";"240800";"HOSPITALIZACIÓN QUIRÚRGICA CIRUGÍA PLÁSTICA/RECONSTRUCTIVA/ REPARADORA ";"28";"28";"19";"28";"1";"30";"0"
"2023";"09";"140101";"LAMBAYEQUE";"CHICLAYO";"CHICLAYO";"PRIVADO";"II-E";"00012457";"CLINICA PROVIDA";"240200";"HOSPITALIZACIÓN QUIRÚRGICA CIRUGÍA DE CABEZA Y CUELLO / MÁXILO FACIAL ";"2";"2";"3";"2";"1";"30";"0"
"2023";"09";"140101";"LAMBAYEQUE";"CHICLAYO";"CHICLAYO";"PRIVADO";"II-E";"00012457";"CLINICA PROVIDA";"240400";"HOSPITALIZACIÓN QUIRÚRGICA CIRUGÍA DE TÓRAX Y CARDIOVASCULAR ";"2";"2";"10";"2";"1";"30";"0"
"2023";"09";"140101";"LAMBAYEQUE";"CHICLAYO";"CHICLAYO";"PRIVADO";"II-E";"00012457";"CLINICA PROVIDA";"240100";"HOSPITALIZACIÓN QUIRÚRGICA CIRUGÍA GENERAL ";"35";"35";"35";"28";"2";"60";"0"
"2023";"09";"140101";"LAMBAYEQUE";"CHICLAYO";"CHICLAYO";"PRIVADO";"II-E";"00012457";"CLINICA PROVIDA";"241200";"HOSPITALIZACIÓN QUIRÚRGICA TRAUMATOLOGÍA Y ORTOPEDIA ";"34";"34";"93";"34";"2";"60";"0"
"2023";"09";"140101";"LAMBAYEQUE";"CHICLAYO";"CHICLAYO";"PRIVADO";"II-E";"00012457";"CLINICA PROVIDA";"241400";"HOSPITALIZACIÓN QUIRÚRGICA GINECO - OBSTETRICIA ";"48";"48";"41";"48";"2";"60";"0"
"2023";"09";"140101";"LAMBAYEQUE";"CHICLAYO";"CHICLAYO";"PRIVADO";"II-E";"00012457";"CLINICA PROVIDA";"242100";"HOSPITALIZACIÓN DE MEDICINA ONCOLOGÍA MÉDICA ";"3";"3";"7";"3";"1";"30";"0"
"2023";"09";"140101";"LAMBAYEQUE";"CHICLAYO";"CHICLAYO";"PRIVADO";"II-E";"00012457";"CLINICA PROVIDA";"240700";"HOSPITALIZACIÓN QUIRÚRGICA CIRUGÍA PEDIÁTRICA ";"3";"3";"10";"3";"1";"30";"0"
"2023";"09";"140101";"LAMBAYEQUE";"CHICLAYO";"CHICLAYO";"PRIVADO";"II-E";"00012457";"CLINICA PROVIDA";"241300";"HOSPITALIZACIÓN QUIRÚRGICA UROLOGÍA  ";"10";"10";"16";"10";"1";"30";"0"
"2023";"09";"140101";"LAMBAYEQUE";"CHICLAYO";"CHICLAYO";"PRIVADO";"II-E";"00012457";"CLINICA PROVIDA";"241900";"HOSPITALIZACIÓN DE MEDICINA MEDICINA INTERNA ";"12";"12";"53";"12";"1";"30";"0"
"2023";"09";"140101";"LAMBAYEQUE";"CHICLAYO";"CHICLAYO";"PRIVADO";"II-E";"00012457";"CLINICA PROVIDA";"244300";"HOSPITALIZACIÓN DE MEDICINA GASTROENTEROLOGÍA  ";"1";"1";"3";"1";"1";"30";"0"
"2023";"09";"140101";"LAMBAYEQUE";"CHICLAYO";"CHICLAYO";"PRIVADO";"II-E";"00012457";"CLINICA PROVIDA";"240900";"HOSPITALIZACIÓN QUIRÚRGICA NEUROCIRUGÍA ";"1";"1";"1";"1";"1";"30";"0"
"2023";"09";"140101";"LAMBAYEQUE";"CHICLAYO";"CHICLAYO";"PRIVADO";"II-E";"00012457";"CLINICA PROVIDA";"244700";"HOSPITALIZACIÓN DE MEDICINA NEUROLOGIA  ";"1";"1";"1";"1";"1";"30";"0"
"2023";"09";"140101";"LAMBAYEQUE";"CHICLAYO";"CHICLAYO";"PRIVADO";"II-E";"00012457";"CLINICA PROVIDA";"244600";"HOSPITALIZACIÓN DE MEDICINA NEFROLOGIA ";"1";"1";"4";"1";"1";"30";"0"
"2023";"09";"080108";"CUSCO";"CUSCO";"WANCHAQ";"PRIVADO";"II-E";"00010023";"CORNEJO";"NE_0002";"";"NE_0002";"NE_0002";"NE_0002";"NE_0002";"NE_0002";"NE_0002";"NE_0002"
"2023";"09";"150117";"LIMA";"LIMA";"LOS OLIVOS";"PRIVADO";"II-E";"00009641";"CLINICA MUNDO SALUD SAC";"240000";"HOSPITALIZACIÓN";"81";"77";"190";"240";"12";"290";"0"
"2023";"09";"200401";"PIURA";"MORROPON";"CHULUCANAS";"GOBIERNO REGIONAL";"II-1";"00002161";"E.S  II-1  HOSPITAL  CHULUCANAS";"240100";"HOSPITALIZACIÓN QUIRÚRGICA CIRUGÍA GENERAL ";"53";"61";"242";"127";"11";"330";"0"
"2023";"09";"200401";"PIURA";"MORROPON";"CHULUCANAS";"GOBIERNO REGIONAL";"II-1";"00002161";"E.S  II-1  HOSPITAL  CHULUCANAS";"241400";"HOSPITALIZACIÓN QUIRÚRGICA GINECO - OBSTETRICIA ";"230";"245";"603";"591";"36";"1080";"0"
"2023";"09";"200401";"PIURA";"MORROPON";"CHULUCANAS";"GOBIERNO REGIONAL";"II-1";"00002161";"E.S  II-1  HOSPITAL  CHULUCANAS";"241800";"HOSPITALIZACIÓN DE MEDICINA MEDICINA GENERAL ";"44";"58";"313";"191";"17";"510";"8"
"2023";"09";"200401";"PIURA";"MORROPON";"CHULUCANAS";"GOBIERNO REGIONAL";"II-1";"00002161";"E.S  II-1  HOSPITAL  CHULUCANAS";"242500";"HOSPITALIZACIÓN-PEDIATRÍA GENERAL-";"20";"23";"84";"152";"10";"300";"0"
"2023";"09";"200401";"PIURA";"MORROPON";"CHULUCANAS";"GOBIERNO REGIONAL";"II-1";"00002161";"E.S  II-1  HOSPITAL  CHULUCANAS";"243200";"HOSPITALIZACIÓN DE PEDIATRÍA PEDIATRIA NEONATOLOGÍA";"17";"27";"151";"115";"7";"196";"0"
"2023";"10";"150125";"LIMA";"LIMA";"PUENTE PIEDRA";"SANIDAD DE LA POLICIA NACIONAL DEL PERU";"I-2";"00012923";"POSTA MEDICA POLICIAL ETS  ESCUELA PUENTE PIEDRA";"NE_0002";"";"NE_0002";"NE_0002";"NE_0002";"NE_0002";"NE_0002";"NE_0002";"NE_0002"
"2023";"10";"150141";"LIMA";"LIMA";"SURQUILLO";"SANIDAD DE LA POLICIA NACIONAL DEL PERU";"I-3";"00012885";"POLICLINICO PNP WALTER ROSALES LEON";"NE_0001";"";"NE_0001";"NE_0001";"NE_0001";"NE_0001";"NE_0001";"NE_0001";"NE_0001"
"2023";"10";"150122";"LIMA";"LIMA";"MIRAFLORES";"PRIVADO";"0";"00023901";"INSTITUTO DE GAMMA KNIFE DEL PACIFICO SAC";"NE_0001";"";"NE_0001";"NE_0001";"NE_0001";"NE_0001";"NE_0001";"NE_0001";"NE_0001"
"2023";"10";"230101";"TACNA";"TACNA";"TACNA";"SANIDAD DEL EJERCITO DEL PERU";"I-3";"00011195";"CENTRO DE SALUD MILITAR DE LA 3RA. BRIGADA DE CABALLERIA TACNA";"NE_0001";"";"NE_0001";"NE_0001";"NE_0001";"NE_0001";"NE_0001";"NE_0001";"NE_0001"
"2023";"10";"150122";"LIMA";"LIMA";"MIRAFLORES";"ESSALUD";"II-2";"00008489";"ESSALUD - HOSPITAL III SUÁREZ ANGAMOS";"250100";"UNIDAD DE CUIDADOS CRITICOS UNIDAD  DE CUIDADOS INTENSIVOS GENERALES (UCI) ";"14";"11";"66";"164";"7";"217";"6"
"2023";"10";"150122";"LIMA";"LIMA";"MIRAFLORES";"ESSALUD";"II-2";"00008489";"ESSALUD - HOSPITAL III SUÁREZ ANGAMOS";"250200";"UNIDAD DE CUIDADOS CRITICOS UNIDAD DE CUIDADOS INTERMEDIOS GENERAL  (UCIN) ";"9";"9";"38";"152";"6";"186";"0"
"2023";"10";"150122";"LIMA";"LIMA";"MIRAFLORES";"ESSALUD";"II-2";"00008489";"ESSALUD - HOSPITAL III SUÁREZ ANGAMOS";"241800";"HOSPITALIZACIÓN DE MEDICINA MEDICINA GENERAL ";"91";"85";"776";"735";"24";"747";"8"
"2023";"10";"150122";"LIMA";"LIMA";"MIRAFLORES";"ESSALUD";"II-2";"00008489";"ESSALUD - HOSPITAL III SUÁREZ ANGAMOS";"240100";"HOSPITALIZACIÓN QUIRÚRGICA CIRUGÍA GENERAL ";"266";"261";"564";"571";"20";"615";"0"
"2023";"10";"150122";"LIMA";"LIMA";"MIRAFLORES";"ESSALUD";"II-2";"00008489";"ESSALUD - HOSPITAL III SUÁREZ ANGAMOS";"241400";"HOSPITALIZACIÓN QUIRÚRGICA GINECO - OBSTETRICIA ";"51";"51";"84";"87";"4";"110";"0"
"2023";"10";"060601";"CAJAMARCA";"CUTERVO";"CUTERVO";"GOBIERNO REGIONAL";"II-1";"00004981";"SANTA MARIA DE CUTERVO";"240100";"HOSPITALIZACIÓN QUIRÚRGICA CIRUGÍA GENERAL ";"51";"53";"201";"214";"8";"248";"0"
"2023";"10";"060601";"CAJAMARCA";"CUTERVO";"CUTERVO";"GOBIERNO REGIONAL";"II-1";"00004981";"SANTA MARIA DE CUTERVO";"241400";"HOSPITALIZACIÓN QUIRÚRGICA GINECO - OBSTETRICIA ";"144";"143";"244";"254";"12";"372";"0"
"2023";"10";"060601";"CAJAMARCA";"CUTERVO";"CUTERVO";"GOBIERNO REGIONAL";"II-1";"00004981";"SANTA MARIA DE CUTERVO";"241800";"HOSPITALIZACIÓN DE MEDICINA MEDICINA GENERAL ";"31";"33";"177";"169";"7";"217";"0"
"2023";"10";"060601";"CAJAMARCA";"CUTERVO";"CUTERVO";"GOBIERNO REGIONAL";"II-1";"00004981";"SANTA MARIA DE CUTERVO";"242500";"HOSPITALIZACIÓN-PEDIATRÍA GENERAL-";"35";"36";"89";"81";"5";"155";"0"
"2023";"10";"100108";"HUANUCO";"HUANUCO";"SAN PEDRO DE CHAULAN";"GOBIERNO REGIONAL";"I-1";"00000796";"SAN JOSE DE COZO TINGO";"NE_0001";"";"NE_0001";"NE_0001";"NE_0001";"NE_0001";"NE_0001";"NE_0001";"NE_0001"
"2023";"10";"100108";"HUANUCO";"HUANUCO";"SAN PEDRO DE CHAULAN";"GOBIERNO REGIONAL";"I-3";"00000794";"CHAULAN";"NE_0001";"";"NE_0001";"NE_0001";"NE_0001";"NE_0001";"NE_0001";"NE_0001";"NE_0001"
"2023";"10";"100108";"HUANUCO";"HUANUCO";"SAN PEDRO DE CHAULAN";"GOBIERNO REGIONAL";"I-2";"00000789";"SAN JUAN DE LIBERTAD";"NE_0001";"";"NE_0001";"NE_0001";"NE_0001";"NE_0001";"NE_0001";"NE_0001";"NE_0001"
"2023";"10";"180201";"MOQUEGUA";"GENERAL SANCHEZ CERRO";"OMATE";"ESSALUD";"I-2";"00026055";"POSTA MEDICA OMATE";"NE_0001";"";"NE_0001";"NE_0001";"NE_0001";"NE_0001";"NE_0001";"NE_0001";"NE_0001"
"2023";"10";"150122";"LIMA";"LIMA";"MIRAFLORES";"ESSALUD";"II-2";"00008489";"ESSALUD - HOSPITAL III SUÁREZ ANGAMOS";"241600";"HOSPITALIZACIÓN QUIRÚRGICA OBSTETRICIA   ";"213";"212";"321";"375";"13";"409";"0"
"2023";"10";"150122";"LIMA";"LIMA";"MIRAFLORES";"ESSALUD";"II-2";"00008489";"ESSALUD - HOSPITAL III SUÁREZ ANGAMOS";"242300";"HOSPITALIZACIÓN DE PEDIATRÍA  PEDIATRÍA  GENERAL ";"73";"75";"227";"215";"10";"301";"0"
"2023";"10";"150122";"LIMA";"LIMA";"MIRAFLORES";"ESSALUD";"II-2";"00008489";"ESSALUD - HOSPITAL III SUÁREZ ANGAMOS";"243200";"HOSPITALIZACIÓN DE PEDIATRÍA PEDIATRIA NEONATOLOGÍA";"14";"16";"48";"41";"4";"119";"0"
"2023";"10";"021701";"ANCASH";"RECUAY";"RECUAY";"GOBIERNO REGIONAL";"II-1";"00001472";"HOSPITAL DE APOYO RECUAY";"241500";"HOSPITALIZACIÓN QUIRÚRGICA GINECOLOGÍA  ";"2";"2";"2";"2";"1";"31";"0"
"2023";"10";"021701";"ANCASH";"RECUAY";"RECUAY";"GOBIERNO REGIONAL";"II-1";"00001472";"HOSPITAL DE APOYO RECUAY";"241600";"HOSPITALIZACIÓN QUIRÚRGICA OBSTETRICIA   ";"7";"7";"10";"12";"1";"31";"0"
"2023";"09";"190307";"PASCO";"OXAPAMPA";"VILLA RICA";"GOBIERNO REGIONAL";"II-1";"00000981";"HOSP. ""ROMAN EGOAVIL PANDO"" VILLA RICA";"241400";"HOSPITALIZACIÓN QUIRÚRGICA GINECO - OBSTETRICIA ";"34";"36";"80";"94";"12";"1310";"0"
"2023";"09";"190307";"PASCO";"OXAPAMPA";"VILLA RICA";"GOBIERNO REGIONAL";"II-1";"00000981";"HOSP. ""ROMAN EGOAVIL PANDO"" VILLA RICA";"241800";"HOSPITALIZACIÓN DE MEDICINA MEDICINA GENERAL ";"74";"76";"182";"34";"16";"1320";"0"
"2023";"09";"100502";"HUANUCO";"HUAMALIES";"ARANCAY";"GOBIERNO REGIONAL";"I-2";"00000905";"ARANCAY";"NE_0001";"";"NE_0001";"NE_0001";"NE_0001";"NE_0001";"NE_0001";"NE_0001";"NE_0001"
"2023";"09";"100502";"HUANUCO";"HUAMALIES";"ARANCAY";"GOBIERNO REGIONAL";"0";"00025485";"AISPED TAZO CHICO -  ARANCAY";"NE_0001";"";"NE_0001";"NE_0001";"NE_0001";"NE_0001";"NE_0001";"NE_0001";"NE_0001"
"2023";"10";"090201";"HUANCAVELICA";"ACOBAMBA";"ACOBAMBA";"GOBIERNO REGIONAL";"I-3";"00022075";"CENTRO DE SALUD MENTAL COMUNITARIO ACOBAMBA";"NE_0001";"";"NE_0001";"NE_0001";"NE_0001";"NE_0001";"NE_0001";"NE_0001";"NE_0001"
"2023";"10";"060801";"CAJAMARCA";"JAEN";"JAEN";"GOBIERNO REGIONAL";"I-3";"00025207";"CENTRO DE SALUD MENTAL COMUNITARIO JAEN";"NE_0001";"";"NE_0001";"NE_0001";"NE_0001";"NE_0001";"NE_0001";"NE_0001";"NE_0001"
"2023";"10";"030201";"APURIMAC";"ANDAHUAYLAS";"ANDAHUAYLAS";"GOBIERNO REGIONAL";"II-2";"00004131";"HOSPITAL SUBREGIONAL DE ANDAHUAYLAS";"240100";"HOSPITALIZACIÓN QUIRÚRGICA CIRUGÍA GENERAL ";"56";"59";"328";"270";"12";"331";"1"
"2023";"10";"030201";"APURIMAC";"ANDAHUAYLAS";"ANDAHUAYLAS";"GOBIERNO REGIONAL";"II-2";"00004131";"HOSPITAL SUBREGIONAL DE ANDAHUAYLAS";"240700";"HOSPITALIZACIÓN QUIRÚRGICA CIRUGÍA PEDIÁTRICA ";"19";"15";"73";"91";"4";"118";"0"
"2023";"10";"030201";"APURIMAC";"ANDAHUAYLAS";"ANDAHUAYLAS";"GOBIERNO REGIONAL";"II-2";"00004131";"HOSPITAL SUBREGIONAL DE ANDAHUAYLAS";"241200";"HOSPITALIZACIÓN QUIRÚRGICA TRAUMATOLOGÍA Y ORTOPEDIA ";"24";"23";"190";"196";"7";"207";"0"
"2023";"10";"030201";"APURIMAC";"ANDAHUAYLAS";"ANDAHUAYLAS";"GOBIERNO REGIONAL";"II-2";"00004131";"HOSPITAL SUBREGIONAL DE ANDAHUAYLAS";"241500";"HOSPITALIZACIÓN QUIRÚRGICA GINECOLOGÍA  ";"51";"56";"151";"115";"5";"133";"0"
"2023";"10";"030201";"APURIMAC";"ANDAHUAYLAS";"ANDAHUAYLAS";"GOBIERNO REGIONAL";"II-2";"00004131";"HOSPITAL SUBREGIONAL DE ANDAHUAYLAS";"241600";"HOSPITALIZACIÓN QUIRÚRGICA OBSTETRICIA   ";"136";"136";"319";"297";"18";"451";"0"
"2023";"10";"030201";"APURIMAC";"ANDAHUAYLAS";"ANDAHUAYLAS";"GOBIERNO REGIONAL";"II-2";"00004131";"HOSPITAL SUBREGIONAL DE ANDAHUAYLAS";"241800";"HOSPITALIZACIÓN DE MEDICINA MEDICINA GENERAL ";"66";"60";"367";"428";"18";"514";"2"
"2023";"10";"030201";"APURIMAC";"ANDAHUAYLAS";"ANDAHUAYLAS";"GOBIERNO REGIONAL";"II-2";"00004131";"HOSPITAL SUBREGIONAL DE ANDAHUAYLAS";"242200";"HOSPITALIZACIÓN DE MEDICINA PSIQUIATRÍA ";"6";"5";"144";"113";"4";"143";"0"
"2023";"10";"030201";"APURIMAC";"ANDAHUAYLAS";"ANDAHUAYLAS";"GOBIERNO REGIONAL";"II-2";"00004131";"HOSPITAL SUBREGIONAL DE ANDAHUAYLAS";"242500";"HOSPITALIZACIÓN-PEDIATRÍA GENERAL-";"30";"26";"93";"89";"6";"165";"0"
"2023";"10";"030201";"APURIMAC";"ANDAHUAYLAS";"ANDAHUAYLAS";"GOBIERNO REGIONAL";"II-2";"00004131";"HOSPITAL SUBREGIONAL DE ANDAHUAYLAS";"243200";"HOSPITALIZACIÓN DE PEDIATRÍA PEDIATRIA NEONATOLOGÍA";"38";"40";"318";"210";"10";"276";"0"
"2023";"10";"030201";"APURIMAC";"ANDAHUAYLAS";"ANDAHUAYLAS";"GOBIERNO REGIONAL";"II-2";"00004131";"HOSPITAL SUBREGIONAL DE ANDAHUAYLAS";"250103";"UNIDAD DE CUIDADOS CRITICOS UNIDAD  DE CUIDADOS INTENSIVOS GENERALES  (UCI) MEDICINA";"14";"16";"79";"66";"4";"112";"2"
"2023";"10";"030201";"APURIMAC";"ANDAHUAYLAS";"ANDAHUAYLAS";"GOBIERNO REGIONAL";"II-2";"00004131";"HOSPITAL SUBREGIONAL DE ANDAHUAYLAS";"250105";"UNIDAD DE CUIDADOS CRITICOS UNIDAD  DE CUIDADOS INTENSIVOS  (UCI) NEONATOLOGÍA";"9";"3";"27";"72";"3";"98";"1"
"2023";"10";"030201";"APURIMAC";"ANDAHUAYLAS";"ANDAHUAYLAS";"GOBIERNO REGIONAL";"II-2";"00004131";"HOSPITAL SUBREGIONAL DE ANDAHUAYLAS";"250108";"UNIDAD DE CUIDADOS CRITICOS UNIDAD  DE CUIDADOS INTENSIVOS  (UCI) PEDIÁTRICA";"8";"3";"11";"37";"2";"65";"0"
"2023";"10";"030201";"APURIMAC";"ANDAHUAYLAS";"ANDAHUAYLAS";"GOBIERNO REGIONAL";"II-2";"00004131";"HOSPITAL SUBREGIONAL DE ANDAHUAYLAS";"250200";"UNIDAD DE CUIDADOS CRITICOS UNIDAD DE CUIDADOS INTERMEDIOS GENERAL  (UCIN) ";"7";"3";"15";"74";"3";"97";"1"
"2023";"10";"200601";"PIURA";"SULLANA";"SULLANA";"PRIVADO";"II-1";"00010777";"CLINICA VIRGEN DEL PILAR SCRL";"241900";"HOSPITALIZACIÓN DE MEDICINA MEDICINA INTERNA ";"8";"8";"184";"63";"24";"250";"1"
"2023";"10";"200601";"PIURA";"SULLANA";"SULLANA";"PRIVADO";"II-1";"00010777";"CLINICA VIRGEN DEL PILAR SCRL";"240100";"HOSPITALIZACIÓN QUIRÚRGICA CIRUGÍA GENERAL ";"23";"23";"124";"171";"24";"510";"0"
"2023";"10";"130901";"LA LIBERTAD";"SANCHEZ CARRION";"HUAMACHUCO";"GOBIERNO REGIONAL";"I-2";"00005351";"PUENTE PIEDRA";"NE_0001";"";"NE_0001";"NE_0001";"NE_0001";"NE_0001";"NE_0001";"NE_0001";"NE_0001"
"2023";"10";"130901";"LA LIBERTAD";"SANCHEZ CARRION";"HUAMACHUCO";"GOBIERNO REGIONAL";"I-2";"00005355";"EL PALLAR";"NE_0001";"";"NE_0001";"NE_0001";"NE_0001";"NE_0001";"NE_0001";"NE_0001";"NE_0001"
"2023";"10";"130901";"LA LIBERTAD";"SANCHEZ CARRION";"HUAMACHUCO";"GOBIERNO REGIONAL";"I-2";"00005350";"CHOQUIZONGUILLO";"NE_0001";"";"NE_0001";"NE_0001";"NE_0001";"NE_0001";"NE_0001";"NE_0001";"NE_0001"
"2023";"10";"130901";"LA LIBERTAD";"SANCHEZ CARRION";"HUAMACHUCO";"GOBIERNO REGIONAL";"I-1";"00018226";"EL CAPULI";"NE_0001";"";"NE_0001";"NE_0001";"NE_0001";"NE_0001";"NE_0001";"NE_0001";"NE_0001"
"2023";"10";"130901";"LA LIBERTAD";"SANCHEZ CARRION";"HUAMACHUCO";"GOBIERNO REGIONAL";"I-1";"00029010";"PALLAR ALTO";"NE_0001";"";"NE_0001";"NE_0001";"NE_0001";"NE_0001";"NE_0001";"NE_0001";"NE_0001"
"2023";"10";"130901";"LA LIBERTAD";"SANCHEZ CARRION";"HUAMACHUCO";"GOBIERNO REGIONAL";"I-1";"00018123";"EL OLIVO";"NE_0001";"";"NE_0001";"NE_0001";"NE_0001";"NE_0001";"NE_0001";"NE_0001";"NE_0001"
"2023";"10";"070102";"CALLAO";"CALLAO";"BELLAVISTA";"GOBIERNO REGIONAL";"I-2";"00030821";"CONSULTORIO OCUPACIONAL DE LA UNIDAD FUNCIONAL DE  SEGURIDAD Y SALUD EN EL TRABAJO - UFSST";"NE_0001";"";"NE_0001";"NE_0001";"NE_0001";"NE_0001";"NE_0001";"NE_0001";"NE_0001"
"2023";"10";"090301";"HUANCAVELICA";"ANGARAES";"LIRCAY";"GOBIERNO REGIONAL";"II-1";"00003943";"HOSPITAL DE LIRCAY";"240100";"HOSPITALIZACIÓN QUIRÚRGICA CIRUGÍA GENERAL ";"13";"16";"61";"13";"6";"186";"0"
"2023";"10";"090301";"HUANCAVELICA";"ANGARAES";"LIRCAY";"GOBIERNO REGIONAL";"II-1";"00003943";"HOSPITAL DE LIRCAY";"241400";"HOSPITALIZACIÓN QUIRÚRGICA GINECO - OBSTETRICIA ";"62";"67";"125";"62";"9";"279";"0"
"2023";"10";"090301";"HUANCAVELICA";"ANGARAES";"LIRCAY";"GOBIERNO REGIONAL";"II-1";"00003943";"HOSPITAL DE LIRCAY";"241900";"HOSPITALIZACIÓN DE MEDICINA MEDICINA INTERNA ";"6";"7";"32";"6";"26";"806";"1"
"2023";"10";"090301";"HUANCAVELICA";"ANGARAES";"LIRCAY";"GOBIERNO REGIONAL";"II-1";"00003943";"HOSPITAL DE LIRCAY";"242500";"HOSPITALIZACIÓN-PEDIATRÍA GENERAL-";"13";"16";"47";"13";"3";"93";"0"
"2023";"10";"150136";"LIMA";"LIMA";"SAN MIGUEL";"PRIVADO";"II-E";"00020976";"VISUAL CENTER CLINICA DE OJOS";"NE_0001";"";"NE_0001";"NE_0001";"NE_0001";"NE_0001";"NE_0001";"NE_0001";"NE_0001"
"2023";"11";"070102";"CALLAO";"CALLAO";"BELLAVISTA";"SANIDAD DE LA MARINA DE GUERRA DEL PERU";"III-1";"00008266";"HOSPITAL NAVAL";"241300";"HOSPITALIZACIÓN QUIRÚRGICA UROLOGÍA  ";"51";"55";"612";"616";"25";"750";"0"
"2023";"11";"070102";"CALLAO";"CALLAO";"BELLAVISTA";"SANIDAD DE LA MARINA DE GUERRA DEL PERU";"III-1";"00008266";"HOSPITAL NAVAL";"242200";"HOSPITALIZACIÓN DE MEDICINA PSIQUIATRÍA ";"12";"8";"63";"240";"28";"840";"0"
"2023";"11";"070102";"CALLAO";"CALLAO";"BELLAVISTA";"SANIDAD DE LA MARINA DE GUERRA DEL PERU";"III-1";"00008266";"HOSPITAL NAVAL";"245300";"HOSPITALIZACIÓN DE MEDICINA NEUMOLOGÍA  ";"37";"36";"294";"234";"10";"300";"1"
"2023";"11";"070102";"CALLAO";"CALLAO";"BELLAVISTA";"SANIDAD DE LA MARINA DE GUERRA DEL PERU";"III-1";"00008266";"HOSPITAL NAVAL";"242000";"HOSPITALIZACIÓN DE MEDICINA MEDICINA TROPICAL E INFECCIOSAS ";"31";"25";"320";"358";"19";"570";"0"
"2023";"11";"150130";"LIMA";"LIMA";"SAN BORJA";"PRIVADO";"II-E";"00032441";"CLINICA SAN BORJA SALUD";"241400";"HOSPITALIZACIÓN QUIRÚRGICA GINECO - OBSTETRICIA ";"148";"148";"148";"169";"11";"161";"0"
"2023";"11";"150130";"LIMA";"LIMA";"SAN BORJA";"PRIVADO";"II-E";"00032441";"CLINICA SAN BORJA SALUD";"240800";"HOSPITALIZACIÓN QUIRÚRGICA CIRUGÍA PLÁSTICA/RECONSTRUCTIVA/ REPARADORA ";"8";"8";"8";"8";"11";"319";"0"
"2023";"11";"150130";"LIMA";"LIMA";"SAN BORJA";"PRIVADO";"II-E";"00032441";"CLINICA SAN BORJA SALUD";"241500";"HOSPITALIZACIÓN QUIRÚRGICA GINECOLOGÍA  ";"2";"2";"2";"2";"11";"328";"0"
"2023";"11";"150130";"LIMA";"LIMA";"SAN BORJA";"PRIVADO";"II-E";"00032441";"CLINICA SAN BORJA SALUD";"241300";"HOSPITALIZACIÓN QUIRÚRGICA UROLOGÍA  ";"8";"8";"8";"8";"11";"319";"0"
"2023";"11";"220105";"SAN MARTIN";"MOYOBAMBA";"SORITOR";"GOBIERNO REGIONAL";"I-1";"00006333";"ALTO PERU";"NE_0001";"";"NE_0001";"NE_0001";"NE_0001";"NE_0001";"NE_0001";"NE_0001";"NE_0001"
"2023";"11";"070102";"CALLAO";"CALLAO";"BELLAVISTA";"SANIDAD DE LA MARINA DE GUERRA DEL PERU";"III-1";"00008266";"HOSPITAL NAVAL";"242300";"HOSPITALIZACIÓN DE PEDIATRÍA  PEDIATRÍA  GENERAL ";"59";"65";"213";"208";"18";"540";"0"
"2023";"11";"070102";"CALLAO";"CALLAO";"BELLAVISTA";"SANIDAD DE LA MARINA DE GUERRA DEL PERU";"III-1";"00008266";"HOSPITAL NAVAL";"241200";"HOSPITALIZACIÓN QUIRÚRGICA TRAUMATOLOGÍA Y ORTOPEDIA ";"19";"22";"470";"480";"16";"480";"0"
"2023";"11";"070102";"CALLAO";"CALLAO";"BELLAVISTA";"SANIDAD DE LA MARINA DE GUERRA DEL PERU";"III-1";"00008266";"HOSPITAL NAVAL";"241400";"HOSPITALIZACIÓN QUIRÚRGICA GINECO - OBSTETRICIA ";"77";"66";"400";"329";"18";"540";"0"
"2023";"11";"070102";"CALLAO";"CALLAO";"BELLAVISTA";"SANIDAD DE LA MARINA DE GUERRA DEL PERU";"III-1";"00008266";"HOSPITAL NAVAL";"243200";"HOSPITALIZACIÓN DE PEDIATRÍA PEDIATRIA NEONATOLOGÍA";"32";"19";"152";"157";"12";"360";"0"
"2023";"11";"070102";"CALLAO";"CALLAO";"BELLAVISTA";"SANIDAD DE LA MARINA DE GUERRA DEL PERU";"III-1";"00008266";"HOSPITAL NAVAL";"244400";"HOSPITALIZACIÓN DE MEDICINA GERIATRIA ";"27";"18";"181";"230";"14";"420";"4"
"2023";"11";"070102";"CALLAO";"CALLAO";"BELLAVISTA";"SANIDAD DE LA MARINA DE GUERRA DEL PERU";"III-1";"00008266";"HOSPITAL NAVAL";"240100";"HOSPITALIZACIÓN QUIRÚRGICA CIRUGÍA GENERAL ";"166";"143";"1052";"1433";"55";"1650";"1"
"2023";"11";"070102";"CALLAO";"CALLAO";"BELLAVISTA";"SANIDAD DE LA MARINA DE GUERRA DEL PERU";"III-1";"00008266";"HOSPITAL NAVAL";"241800";"HOSPITALIZACIÓN DE MEDICINA MEDICINA GENERAL ";"59";"61";"540";"546";"25";"750";"2"
"2023";"11";"070102";"CALLAO";"CALLAO";"BELLAVISTA";"SANIDAD DE LA MARINA DE GUERRA DEL PERU";"III-1";"00008266";"HOSPITAL NAVAL";"240000";"HOSPITALIZACIÓN";"143";"138";"1266";"1345";"101";"3030";"7"
"2023";"11";"150130";"LIMA";"LIMA";"SAN BORJA";"PRIVADO";"II-E";"00011372";"FUTURO VISION";"NE_0001";"";"NE_0001";"NE_0001";"NE_0001";"NE_0001";"NE_0001";"NE_0001";"NE_0001"
"2023";"11";"150140";"LIMA";"LIMA";"SANTIAGO DE SURCO";"PRIVADO";"II-E";"00023741";"CLINICA OFTALMO VISSUM";"NE_0001";"";"NE_0001";"NE_0001";"NE_0001";"NE_0001";"NE_0001";"NE_0001";"NE_0001"
"2023";"11";"070102";"CALLAO";"CALLAO";"BELLAVISTA";"GOBIERNO REGIONAL";"0";"00016110";"ATENCIÓN DOMICILIARIA AL ADULTO MAYOR Y PACIENTE ONCOLOGICO (ADAMO)";"NE_0001";"";"NE_0001";"NE_0001";"NE_0001";"NE_0001";"NE_0001";"NE_0001";"NE_0001"
"2023";"11";"050110";"AYACUCHO";"HUAMANGA";"SAN JUAN BAUTISTA";"ESSALUD";"II-1";"00011775";"HOSPITAL II HUAMANGA";"242300";"HOSPITALIZACIÓN DE PEDIATRÍA  PEDIATRÍA  GENERAL ";"92";"90";"287";"265";"11";"330";"1"
"2023";"11";"220105";"SAN MARTIN";"MOYOBAMBA";"SORITOR";"GOBIERNO REGIONAL";"I-1";"00006335";"JERICOB";"NE_0001";"";"NE_0001";"NE_0001";"NE_0001";"NE_0001";"NE_0001";"NE_0001";"NE_0001"
"2023";"11";"220105";"SAN MARTIN";"MOYOBAMBA";"SORITOR";"GOBIERNO REGIONAL";"I-1";"00006334";"ALTO SAN MARTIN";"NE_0001";"";"NE_0001";"NE_0001";"NE_0001";"NE_0001";"NE_0001";"NE_0001";"NE_0001"
"2023";"11";"220105";"SAN MARTIN";"MOYOBAMBA";"SORITOR";"GOBIERNO REGIONAL";"I-2";"00006336";"SAN MARCOS";"NE_0001";"";"NE_0001";"NE_0001";"NE_0001";"NE_0001";"NE_0001";"NE_0001";"NE_0001"
"2023";"11";"220103";"SAN MARTIN";"MOYOBAMBA";"HABANA";"GOBIERNO REGIONAL";"I-3";"00006327";"CENTRO DE SALUD HABANA";"NE_0001";"";"NE_0001";"NE_0001";"NE_0001";"NE_0001";"NE_0001";"NE_0001";"NE_0001"
"2023";"11";"220105";"SAN MARTIN";"MOYOBAMBA";"SORITOR";"GOBIERNO REGIONAL";"I-4";"00006332";"SORITOR";"241600";"HOSPITALIZACIÓN QUIRÚRGICA OBSTETRICIA   ";"11";"12";"22";"11";"6";"180";"0"
"2023";"11";"220105";"SAN MARTIN";"MOYOBAMBA";"SORITOR";"GOBIERNO REGIONAL";"I-4";"00006332";"SORITOR";"241800";"HOSPITALIZACIÓN DE MEDICINA MEDICINA GENERAL ";"34";"36";"106";"34";"6";"180";"0"
"2023";"11";"150142";"LIMA";"LIMA";"VILLA EL SALVADOR";"PRIVADO";"I-2";"00013687";"ARIE";"NE_0002";"";"NE_0002";"NE_0002";"NE_0002";"NE_0002";"NE_0002";"NE_0002";"NE_0002"
"2023";"11";"040514";"AREQUIPA";"CAYLLOMA";"SAN ANTONIO DE CHUCA";"GOBIERNO REGIONAL";"I-2";"00001242";"PUESTO DE SALUD IMATA";"NE_0002";"";"NE_0002";"NE_0002";"NE_0002";"NE_0002";"NE_0002";"NE_0002";"NE_0002"
"2023";"11";"040511";"AREQUIPA";"CAYLLOMA";"LLUTA";"GOBIERNO REGIONAL";"I-2";"00001255";"PUESTO DE SALUD LLUTA";"NE_0002";"";"NE_0002";"NE_0002";"NE_0002";"NE_0002";"NE_0002";"NE_0002";"NE_0002"
"2023";"11";"040511";"AREQUIPA";"CAYLLOMA";"LLUTA";"GOBIERNO REGIONAL";"I-2";"00001256";"PUESTO DE SALUD TAYA";"NE_0002";"";"NE_0002";"NE_0002";"NE_0002";"NE_0002";"NE_0002";"NE_0002";"NE_0002"
"2023";"11";"040126";"AREQUIPA";"AREQUIPA";"YANAHUARA";"GOBIERNO REGIONAL";"I-1";"00001241";"PUESTO DE SALUD SUMBAY - CHASQUIPAMPA";"NE_0002";"";"NE_0002";"NE_0002";"NE_0002";"NE_0002";"NE_0002";"NE_0002";"NE_0002"
"2023";"11";"040514";"AREQUIPA";"CAYLLOMA";"SAN ANTONIO DE CHUCA";"GOBIERNO REGIONAL";"I-1";"00001243";"PUESTO DE SALUD PILLONES";"NE_0002";"";"NE_0002";"NE_0002";"NE_0002";"NE_0002";"NE_0002";"NE_0002";"NE_0002"
"2023";"11";"040128";"AREQUIPA";"AREQUIPA";"YURA";"GOBIERNO REGIONAL";"I-2";"00001254";"PUESTO DE SALUD YURA";"NE_0002";"";"NE_0002";"NE_0002";"NE_0002";"NE_0002";"NE_0002";"NE_0002";"NE_0002"
"2023";"11";"040508";"AREQUIPA";"CAYLLOMA";"HUANCA";"GOBIERNO REGIONAL";"I-2";"00001239";"PUESTO DE SALUD HUANCA";"NE_0002";"";"NE_0002";"NE_0002";"NE_0002";"NE_0002";"NE_0002";"NE_0002";"NE_0002"
"2023";"11";"150118";"LIMA";"LIMA";"LURIGANCHO";"MINSA";"II-2";"00005947";"HOSPITAL DE MEDIANA COMPLEJIDAD JOSE AGURTO TELLO";"241900";"HOSPITALIZACIÓN DE MEDICINA MEDICINA INTERNA ";"51";"42";"339";"307";"12";"360";"2"
"2023";"11";"150118";"LIMA";"LIMA";"LURIGANCHO";"MINSA";"II-2";"00005947";"HOSPITAL DE MEDIANA COMPLEJIDAD JOSE AGURTO TELLO";"240100";"HOSPITALIZACIÓN QUIRÚRGICA CIRUGÍA GENERAL ";"121";"108";"287";"302";"15";"450";"0"
"2023";"11";"150118";"LIMA";"LIMA";"LURIGANCHO";"MINSA";"II-2";"00005947";"HOSPITAL DE MEDIANA COMPLEJIDAD JOSE AGURTO TELLO";"241200";"HOSPITALIZACIÓN QUIRÚRGICA TRAUMATOLOGÍA Y ORTOPEDIA ";"26";"26";"150";"105";"5";"150";"0"
"2023";"11";"150118";"LIMA";"LIMA";"LURIGANCHO";"MINSA";"II-2";"00005947";"HOSPITAL DE MEDIANA COMPLEJIDAD JOSE AGURTO TELLO";"240600";"HOSPITALIZACIÓN QUIRÚRGICA CIRUGÍA OFTALMOLÓGICA ";"1";"1";"1";"1";"1";"30";"0"
"2023";"11";"150118";"LIMA";"LIMA";"LURIGANCHO";"MINSA";"II-2";"00005947";"HOSPITAL DE MEDIANA COMPLEJIDAD JOSE AGURTO TELLO";"241300";"HOSPITALIZACIÓN QUIRÚRGICA UROLOGÍA  ";"6";"6";"6";"6";"1";"30";"0"
"2023";"11";"150118";"LIMA";"LIMA";"LURIGANCHO";"MINSA";"II-2";"00005947";"HOSPITAL DE MEDIANA COMPLEJIDAD JOSE AGURTO TELLO";"243200";"HOSPITALIZACIÓN DE PEDIATRÍA PEDIATRIA NEONATOLOGÍA";"19";"18";"60";"55";"5";"150";"0"
"2023";"11";"150118";"LIMA";"LIMA";"LURIGANCHO";"MINSA";"II-2";"00005947";"HOSPITAL DE MEDIANA COMPLEJIDAD JOSE AGURTO TELLO";"242500";"HOSPITALIZACIÓN-PEDIATRÍA GENERAL-";"35";"28";"127";"133";"7";"210";"0"
"2023";"11";"150118";"LIMA";"LIMA";"LURIGANCHO";"MINSA";"II-2";"00005947";"HOSPITAL DE MEDIANA COMPLEJIDAD JOSE AGURTO TELLO";"241500";"HOSPITALIZACIÓN QUIRÚRGICA GINECOLOGÍA  ";"22";"19";"66";"75";"5";"150";"0"
"2023";"11";"150118";"LIMA";"LIMA";"LURIGANCHO";"MINSA";"II-2";"00005947";"HOSPITAL DE MEDIANA COMPLEJIDAD JOSE AGURTO TELLO";"241600";"HOSPITALIZACIÓN QUIRÚRGICA OBSTETRICIA   ";"124";"117";"286";"284";"16";"480";"0"
"2023";"11";"110101";"ICA";"ICA";"ICA";"PRIVADO";"I-4";"00009606";"VIRGEN DEL ROSARIO SA";"240000";"HOSPITALIZACIÓN";"86";"84";"107";"106";"16";"496";"0"
"2023";"11";"030201";"APURIMAC";"ANDAHUAYLAS";"ANDAHUAYLAS";"GOBIERNO REGIONAL";"II-2";"00004131";"HOSPITAL SUBREGIONAL DE ANDAHUAYLAS";"240100";"HOSPITALIZACIÓN QUIRÚRGICA CIRUGÍA GENERAL ";"57";"51";"195";"180";"12";"309";"0"
"2023";"11";"030201";"APURIMAC";"ANDAHUAYLAS";"ANDAHUAYLAS";"GOBIERNO REGIONAL";"II-2";"00004131";"HOSPITAL SUBREGIONAL DE ANDAHUAYLAS";"240700";"HOSPITALIZACIÓN QUIRÚRGICA CIRUGÍA PEDIÁTRICA ";"30";"28";"134";"125";"5";"137";"0"
"2023";"11";"030201";"APURIMAC";"ANDAHUAYLAS";"ANDAHUAYLAS";"GOBIERNO REGIONAL";"II-2";"00004131";"HOSPITAL SUBREGIONAL DE ANDAHUAYLAS";"241200";"HOSPITALIZACIÓN QUIRÚRGICA TRAUMATOLOGÍA Y ORTOPEDIA ";"28";"31";"254";"212";"7";"220";"0"
"2023";"11";"030201";"APURIMAC";"ANDAHUAYLAS";"ANDAHUAYLAS";"GOBIERNO REGIONAL";"II-2";"00004131";"HOSPITAL SUBREGIONAL DE ANDAHUAYLAS";"241500";"HOSPITALIZACIÓN QUIRÚRGICA GINECOLOGÍA  ";"65";"62";"112";"99";"5";"126";"0"
"2023";"11";"030201";"APURIMAC";"ANDAHUAYLAS";"ANDAHUAYLAS";"GOBIERNO REGIONAL";"II-2";"00004131";"HOSPITAL SUBREGIONAL DE ANDAHUAYLAS";"241600";"HOSPITALIZACIÓN QUIRÚRGICA OBSTETRICIA   ";"134";"134";"311";"301";"20";"479";"0"
"2023";"11";"030201";"APURIMAC";"ANDAHUAYLAS";"ANDAHUAYLAS";"GOBIERNO REGIONAL";"II-2";"00004131";"HOSPITAL SUBREGIONAL DE ANDAHUAYLAS";"241800";"HOSPITALIZACIÓN DE MEDICINA MEDICINA GENERAL ";"63";"54";"387";"479";"18";"505";"5"
"2023";"11";"030201";"APURIMAC";"ANDAHUAYLAS";"ANDAHUAYLAS";"GOBIERNO REGIONAL";"II-2";"00004131";"HOSPITAL SUBREGIONAL DE ANDAHUAYLAS";"242200";"HOSPITALIZACIÓN DE MEDICINA PSIQUIATRÍA ";"7";"5";"67";"119";"4";"127";"0"
"2023";"11";"030201";"APURIMAC";"ANDAHUAYLAS";"ANDAHUAYLAS";"GOBIERNO REGIONAL";"II-2";"00004131";"HOSPITAL SUBREGIONAL DE ANDAHUAYLAS";"242500";"HOSPITALIZACIÓN-PEDIATRÍA GENERAL-";"43";"41";"143";"143";"7";"182";"0"
"2023";"11";"030201";"APURIMAC";"ANDAHUAYLAS";"ANDAHUAYLAS";"GOBIERNO REGIONAL";"II-2";"00004131";"HOSPITAL SUBREGIONAL DE ANDAHUAYLAS";"243200";"HOSPITALIZACIÓN DE PEDIATRÍA PEDIATRIA NEONATOLOGÍA";"40";"34";"207";"182";"10";"266";"0"
"2023";"11";"030201";"APURIMAC";"ANDAHUAYLAS";"ANDAHUAYLAS";"GOBIERNO REGIONAL";"II-2";"00004131";"HOSPITAL SUBREGIONAL DE ANDAHUAYLAS";"250103";"UNIDAD DE CUIDADOS CRITICOS UNIDAD  DE CUIDADOS INTENSIVOS GENERALES  (UCI) MEDICINA";"14";"13";"60";"56";"4";"108";"1"
"2023";"11";"030201";"APURIMAC";"ANDAHUAYLAS";"ANDAHUAYLAS";"GOBIERNO REGIONAL";"II-2";"00004131";"HOSPITAL SUBREGIONAL DE ANDAHUAYLAS";"250105";"UNIDAD DE CUIDADOS CRITICOS UNIDAD  DE CUIDADOS INTENSIVOS  (UCI) NEONATOLOGÍA";"11";"3";"7";"72";"3";"95";"0"
"2023";"11";"030201";"APURIMAC";"ANDAHUAYLAS";"ANDAHUAYLAS";"GOBIERNO REGIONAL";"II-2";"00004131";"HOSPITAL SUBREGIONAL DE ANDAHUAYLAS";"250108";"UNIDAD DE CUIDADOS CRITICOS UNIDAD  DE CUIDADOS INTENSIVOS  (UCI) PEDIÁTRICA";"9";"5";"16";"44";"2";"63";"2"
"2023";"11";"030201";"APURIMAC";"ANDAHUAYLAS";"ANDAHUAYLAS";"GOBIERNO REGIONAL";"II-2";"00004131";"HOSPITAL SUBREGIONAL DE ANDAHUAYLAS";"250200";"UNIDAD DE CUIDADOS CRITICOS UNIDAD DE CUIDADOS INTERMEDIOS GENERAL  (UCIN) ";"10";"4";"52";"57";"3";"91";"3"
"2023";"11";"220905";"SAN MARTIN";"SAN MARTIN";"CHIPURANA";"GOBIERNO REGIONAL";"I-1";"00006438";"NAVARRO";"NE_0002";"";"NE_0002";"NE_0002";"NE_0002";"NE_0002";"NE_0002";"NE_0002";"NE_0002"
"2023";"11";"220905";"SAN MARTIN";"SAN MARTIN";"CHIPURANA";"GOBIERNO REGIONAL";"I-3";"00006439";"YARINA";"NE_0002";"";"NE_0002";"NE_0002";"NE_0002";"NE_0002";"NE_0002";"NE_0002";"NE_0002"
"2023";"11";"220907";"SAN MARTIN";"SAN MARTIN";"HUIMBAYOC";"GOBIERNO REGIONAL";"I-1";"00006446";"SAN JOSE DE YANAYACU";"NE_0002";"";"NE_0002";"NE_0002";"NE_0002";"NE_0002";"NE_0002";"NE_0002";"NE_0002"
"2023";"11";"220907";"SAN MARTIN";"SAN MARTIN";"HUIMBAYOC";"GOBIERNO REGIONAL";"I-1";"00006431";"PONGO ISLA";"NE_0002";"";"NE_0002";"NE_0002";"NE_0002";"NE_0002";"NE_0002";"NE_0002";"NE_0002"
"2023";"09";"150117";"LIMA";"LIMA";"LOS OLIVOS";"MUNICIPALIDAD DISTRITAL";"II-1";"00019787";"HOSPITAL MUNICIPAL LOS OLIVOS";"241800";"HOSPITALIZACIÓN DE MEDICINA MEDICINA GENERAL ";"10";"12";"37";"47";"25";"750";"0"
"2023";"09";"150117";"LIMA";"LIMA";"LOS OLIVOS";"MUNICIPALIDAD DISTRITAL";"II-1";"00019787";"HOSPITAL MUNICIPAL LOS OLIVOS";"240100";"HOSPITALIZACIÓN QUIRÚRGICA CIRUGÍA GENERAL ";"15";"15";"37";"52";"25";"750";"0"
"2023";"09";"150117";"LIMA";"LIMA";"LOS OLIVOS";"MUNICIPALIDAD DISTRITAL";"II-1";"00019787";"HOSPITAL MUNICIPAL LOS OLIVOS";"241300";"HOSPITALIZACIÓN QUIRÚRGICA UROLOGÍA  ";"4";"3";"16";"20";"25";"750";"0"
"2023";"09";"150117";"LIMA";"LIMA";"LOS OLIVOS";"MUNICIPALIDAD DISTRITAL";"II-1";"00019787";"HOSPITAL MUNICIPAL LOS OLIVOS";"241200";"HOSPITALIZACIÓN QUIRÚRGICA TRAUMATOLOGÍA Y ORTOPEDIA ";"2";"2";"14";"16";"25";"750";"0"
"2023";"09";"150117";"LIMA";"LIMA";"LOS OLIVOS";"MUNICIPALIDAD DISTRITAL";"II-1";"00019787";"HOSPITAL MUNICIPAL LOS OLIVOS";"241500";"HOSPITALIZACIÓN QUIRÚRGICA GINECOLOGÍA  ";"16";"16";"28";"16";"11";"330";"0"
"2023";"09";"150110";"LIMA";"LIMA";"COMAS";"PRIVADO";"II-E";"00025598";"CLINICA MATER PURISSIMA";"241400";"HOSPITALIZACIÓN QUIRÚRGICA GINECO - OBSTETRICIA ";"9";"9";"17";"17";"8";"240";"0"
"2023";"08";"250102";"UCAYALI";"CORONEL PORTILLO";"CAMPOVERDE";"GOBIERNO REGIONAL";"I-1";"00005434";"PUESTO DE SALUD  ALTO MANANTAY";"NE_0001";"";"NE_0001";"NE_0001";"NE_0001";"NE_0001";"NE_0001";"NE_0001";"NE_0001"
"2023";"08";"250102";"UCAYALI";"CORONEL PORTILLO";"CAMPOVERDE";"GOBIERNO REGIONAL";"I-1";"00005433";"P.S  LAS MERCEDES KM. 42";"NE_0001";"";"NE_0001";"NE_0001";"NE_0001";"NE_0001";"NE_0001";"NE_0001";"NE_0001"
"2023";"08";"250102";"UCAYALI";"CORONEL PORTILLO";"CAMPOVERDE";"GOBIERNO REGIONAL";"I-2";"00005432";"PIMENTAL";"NE_0001";"";"NE_0001";"NE_0001";"NE_0001";"NE_0001";"NE_0001";"NE_0001";"NE_0001"
"2023";"08";"250102";"UCAYALI";"CORONEL PORTILLO";"CAMPOVERDE";"GOBIERNO REGIONAL";"I-1";"00005431";"SANTA ROSA KM. 50 CFB";"NE_0001";"";"NE_0001";"NE_0001";"NE_0001";"NE_0001";"NE_0001";"NE_0001";"NE_0001"
"2023";"08";"250102";"UCAYALI";"CORONEL PORTILLO";"CAMPOVERDE";"GOBIERNO REGIONAL";"I-1";"00005430";"SAN JOSE KM 26";"NE_0001";"";"NE_0001";"NE_0001";"NE_0001";"NE_0001";"NE_0001";"NE_0001";"NE_0001"
"2023";"08";"250102";"UCAYALI";"CORONEL PORTILLO";"CAMPOVERDE";"GOBIERNO REGIONAL";"I-1";"00005429";"AGUA BLANCA";"NE_0001";"";"NE_0001";"NE_0001";"NE_0001";"NE_0001";"NE_0001";"NE_0001";"NE_0001"
"2023";"08";"250102";"UCAYALI";"CORONEL PORTILLO";"CAMPOVERDE";"GOBIERNO REGIONAL";"I-1";"00005428";"SAN MARTIN DE MOJARAL";"NE_0001";"";"NE_0001";"NE_0001";"NE_0001";"NE_0001";"NE_0001";"NE_0001";"NE_0001"
"2023";"08";"250102";"UCAYALI";"CORONEL PORTILLO";"CAMPOVERDE";"GOBIERNO REGIONAL";"I-1";"00005427";"PUEBLO LIBRE";"NE_0001";"";"NE_0001";"NE_0001";"NE_0001";"NE_0001";"NE_0001";"NE_0001";"NE_0001"
"2023";"08";"250102";"UCAYALI";"CORONEL PORTILLO";"CAMPOVERDE";"GOBIERNO REGIONAL";"I-3";"00005426";"CAMPO VERDE";"NE_0001";"";"NE_0001";"NE_0001";"NE_0001";"NE_0001";"NE_0001";"NE_0001";"NE_0001"
"2023";"10";"150810";"LIMA";"HUAURA";"SANTA MARIA";"SANIDAD DE LA POLICIA NACIONAL DEL PERU";"I-2";"00010834";"POSTA MEDICA POLICIAL HUACHO";"NE_0001";"";"NE_0001";"NE_0001";"NE_0001";"NE_0001";"NE_0001";"NE_0001";"NE_0001"
"2023";"10";"180104";"MOQUEGUA";"MARISCAL NIETO";"SAMEGUA";"SANIDAD DE LA POLICIA NACIONAL DEL PERU";"I-2";"00015236";"POSTA MEDICA POLICIAL MOQUEGUA";"NE_0001";"";"NE_0001";"NE_0001";"NE_0001";"NE_0001";"NE_0001";"NE_0001";"NE_0001"
"2023";"10";"150114";"LIMA";"LIMA";"LA MOLINA";"PRIVADO";"II-E";"00022113";"CLINICA SANTA JULIA  S.A.C.";"NE_0001";"";"NE_0001";"NE_0001";"NE_0001";"NE_0001";"NE_0001";"NE_0001";"NE_0001"
"2023";"10";"210402";"PUNO";"CHUCUITO";"DESAGUADERO";"ESSALUD";"I-3";"00009221";"CENTRO DE ATENCION PRIMARIA I DESAGUADERO";"NE_0001";"";"NE_0001";"NE_0001";"NE_0001";"NE_0001";"NE_0001";"NE_0001";"NE_0001"
"2023";"10";"210111";"PUNO";"PUNO";"PICHACANI";"ESSALUD";"I-3";"00025342";"CAP I LARAQUERI";"NE_0001";"";"NE_0001";"NE_0001";"NE_0001";"NE_0001";"NE_0001";"NE_0001";"NE_0001"
"2023";"10";"150113";"LIMA";"LIMA";"JESUS MARIA";"ESSALUD";"III-2";"00008720";"HOSPITAL NACIONAL EDGARDO REBAGLIATI MARTINS";"240000";"HOSPITALIZACIÓN";"707";"708";"8464";"8750";"293";"9083";"19"
"2023";"10";"150113";"LIMA";"LIMA";"JESUS MARIA";"ESSALUD";"III-2";"00008720";"HOSPITAL NACIONAL EDGARDO REBAGLIATI MARTINS";"240100";"HOSPITALIZACIÓN QUIRÚRGICA CIRUGÍA GENERAL ";"305";"343";"4371";"3668";"120";"3720";"4"
"2023";"10";"150113";"LIMA";"LIMA";"JESUS MARIA";"ESSALUD";"III-2";"00008720";"HOSPITAL NACIONAL EDGARDO REBAGLIATI MARTINS";"240200";"HOSPITALIZACIÓN QUIRÚRGICA CIRUGÍA DE CABEZA Y CUELLO / MÁXILO FACIAL ";"52";"53";"556";"460";"15";"465";"0"
"2023";"10";"150113";"LIMA";"LIMA";"JESUS MARIA";"ESSALUD";"III-2";"00008720";"HOSPITAL NACIONAL EDGARDO REBAGLIATI MARTINS";"240400";"HOSPITALIZACIÓN QUIRÚRGICA CIRUGÍA DE TÓRAX Y CARDIOVASCULAR ";"61";"77";"1370";"1296";"44";"1364";"0"
"2023";"10";"150113";"LIMA";"LIMA";"JESUS MARIA";"ESSALUD";"III-2";"00008720";"HOSPITAL NACIONAL EDGARDO REBAGLIATI MARTINS";"240600";"HOSPITALIZACIÓN QUIRÚRGICA CIRUGÍA OFTALMOLÓGICA ";"13";"15";"144";"120";"4";"124";"0"
"2023";"10";"150113";"LIMA";"LIMA";"JESUS MARIA";"ESSALUD";"III-2";"00008720";"HOSPITAL NACIONAL EDGARDO REBAGLIATI MARTINS";"240700";"HOSPITALIZACIÓN QUIRÚRGICA CIRUGÍA PEDIÁTRICA ";"110";"122";"858";"1001";"45";"1395";"0"
"2023";"10";"150113";"LIMA";"LIMA";"JESUS MARIA";"ESSALUD";"III-2";"00008720";"HOSPITAL NACIONAL EDGARDO REBAGLIATI MARTINS";"240800";"HOSPITALIZACIÓN QUIRÚRGICA CIRUGÍA PLÁSTICA/RECONSTRUCTIVA/ REPARADORA ";"38";"40";"795";"603";"20";"620";"0"
"2023";"10";"150113";"LIMA";"LIMA";"JESUS MARIA";"ESSALUD";"III-2";"00008720";"HOSPITAL NACIONAL EDGARDO REBAGLIATI MARTINS";"240900";"HOSPITALIZACIÓN QUIRÚRGICA NEUROCIRUGÍA ";"148";"112";"1404";"1825";"62";"1922";"5"
"2023";"10";"150113";"LIMA";"LIMA";"JESUS MARIA";"ESSALUD";"III-2";"00008720";"HOSPITAL NACIONAL EDGARDO REBAGLIATI MARTINS";"241100";"HOSPITALIZACIÓN QUIRÚRGICA OTORRINOLARINGOLOGÍA  ";"51";"51";"389";"366";"12";"372";"0"
"2023";"10";"150113";"LIMA";"LIMA";"JESUS MARIA";"ESSALUD";"III-2";"00008720";"HOSPITAL NACIONAL EDGARDO REBAGLIATI MARTINS";"241200";"HOSPITALIZACIÓN QUIRÚRGICA TRAUMATOLOGÍA Y ORTOPEDIA ";"317";"323";"3978";"3566";"117";"3627";"3"
"2023";"10";"150113";"LIMA";"LIMA";"JESUS MARIA";"ESSALUD";"III-2";"00008720";"HOSPITAL NACIONAL EDGARDO REBAGLIATI MARTINS";"241300";"HOSPITALIZACIÓN QUIRÚRGICA UROLOGÍA  ";"169";"176";"1623";"1467";"48";"1488";"1"
"2023";"10";"150113";"LIMA";"LIMA";"JESUS MARIA";"ESSALUD";"III-2";"00008720";"HOSPITAL NACIONAL EDGARDO REBAGLIATI MARTINS";"241500";"HOSPITALIZACIÓN QUIRÚRGICA GINECOLOGÍA  ";"113";"116";"717";"737";"24";"744";"0"
"2023";"10";"150113";"LIMA";"LIMA";"JESUS MARIA";"ESSALUD";"III-2";"00008720";"HOSPITAL NACIONAL EDGARDO REBAGLIATI MARTINS";"241600";"HOSPITALIZACIÓN QUIRÚRGICA OBSTETRICIA   ";"454";"454";"2990";"2910";"109";"3379";"0"
"2023";"10";"150113";"LIMA";"LIMA";"JESUS MARIA";"ESSALUD";"III-2";"00008720";"HOSPITAL NACIONAL EDGARDO REBAGLIATI MARTINS";"241700";"HOSPITALIZACIÓN QUIRÚRGICA GINECOLOGÍA   GINECOLOGIA ONCOLOGiCA";"108";"107";"716";"743";"24";"744";"0"
"2023";"10";"150113";"LIMA";"LIMA";"JESUS MARIA";"ESSALUD";"III-2";"00008720";"HOSPITAL NACIONAL EDGARDO REBAGLIATI MARTINS";"241900";"HOSPITALIZACIÓN DE MEDICINA MEDICINA INTERNA ";"540";"501";"8713";"8008";"268";"8308";"76"
"2023";"10";"150113";"LIMA";"LIMA";"JESUS MARIA";"ESSALUD";"III-2";"00008720";"HOSPITAL NACIONAL EDGARDO REBAGLIATI MARTINS";"242100";"HOSPITALIZACIÓN DE MEDICINA ONCOLOGÍA MÉDICA ";"131";"136";"1202";"1023";"33";"1023";"1"
"2023";"10";"150113";"LIMA";"LIMA";"JESUS MARIA";"ESSALUD";"III-2";"00008720";"HOSPITAL NACIONAL EDGARDO REBAGLIATI MARTINS";"242200";"HOSPITALIZACIÓN DE MEDICINA PSIQUIATRÍA ";"90";"90";"1718";"1620";"56";"1736";"0"
"2023";"10";"150113";"LIMA";"LIMA";"JESUS MARIA";"ESSALUD";"III-2";"00008720";"HOSPITAL NACIONAL EDGARDO REBAGLIATI MARTINS";"242300";"HOSPITALIZACIÓN DE PEDIATRÍA  PEDIATRÍA  GENERAL ";"59";"68";"809";"732";"24";"744";"0"
"2023";"10";"150113";"LIMA";"LIMA";"JESUS MARIA";"ESSALUD";"III-2";"00008720";"HOSPITAL NACIONAL EDGARDO REBAGLIATI MARTINS";"242500";"HOSPITALIZACIÓN-PEDIATRÍA GENERAL-";"69";"80";"1400";"1031";"35";"1085";"3"
"2023";"10";"150113";"LIMA";"LIMA";"JESUS MARIA";"ESSALUD";"III-2";"00008720";"HOSPITAL NACIONAL EDGARDO REBAGLIATI MARTINS";"243200";"HOSPITALIZACIÓN DE PEDIATRÍA PEDIATRIA NEONATOLOGÍA";"31";"1";"8";"744";"24";"744";"1"
"2023";"10";"150113";"LIMA";"LIMA";"JESUS MARIA";"ESSALUD";"III-2";"00008720";"HOSPITAL NACIONAL EDGARDO REBAGLIATI MARTINS";"243600";"HOSPITALIZACIÓN DE PEDIATRÍA PEDIATRIA ONCOLOGÍA PEDIÁTRICA";"64";"63";"503";"462";"16";"496";"1"
"2023";"10";"150113";"LIMA";"LIMA";"JESUS MARIA";"ESSALUD";"III-2";"00008720";"HOSPITAL NACIONAL EDGARDO REBAGLIATI MARTINS";"250100";"UNIDAD DE CUIDADOS CRITICOS UNIDAD  DE CUIDADOS INTENSIVOS GENERALES (UCI) ";"90";"29";"847";"1849";"61";"1891";"28"
"2023";"10";"150113";"LIMA";"LIMA";"JESUS MARIA";"ESSALUD";"III-2";"00008720";"HOSPITAL NACIONAL EDGARDO REBAGLIATI MARTINS";"250101";"UNIDAD DE CUIDADOS CRITICOS UNIDAD  DE CUIDADOS INTENSIVOS GENERALES (UCI) CARDIOLOGIA";"79";"40";"198";"464";"15";"465";"4"
"2023";"10";"150113";"LIMA";"LIMA";"JESUS MARIA";"ESSALUD";"III-2";"00008720";"HOSPITAL NACIONAL EDGARDO REBAGLIATI MARTINS";"250105";"UNIDAD DE CUIDADOS CRITICOS UNIDAD  DE CUIDADOS INTENSIVOS  (UCI) NEONATOLOGÍA";"8";"58";"1374";"961";"31";"961";"0"
"2023";"10";"150113";"LIMA";"LIMA";"JESUS MARIA";"ESSALUD";"III-2";"00008720";"HOSPITAL NACIONAL EDGARDO REBAGLIATI MARTINS";"250108";"UNIDAD DE CUIDADOS CRITICOS UNIDAD  DE CUIDADOS INTENSIVOS  (UCI) PEDIÁTRICA";"24";"3";"42";"343";"13";"403";"3"
"2023";"10";"150113";"LIMA";"LIMA";"JESUS MARIA";"ESSALUD";"III-2";"00008720";"HOSPITAL NACIONAL EDGARDO REBAGLIATI MARTINS";"250200";"UNIDAD DE CUIDADOS CRITICOS UNIDAD DE CUIDADOS INTERMEDIOS GENERAL  (UCIN) ";"2";"0";"0";"743";"24";"744";"0"
"2023";"10";"050114";"AYACUCHO";"HUAMANGA";"VINCHOS";"GOBIERNO REGIONAL";"I-3";"00003590";"CENTRO DE  SALUD PUTACCA";"NE_0002";"";"NE_0002";"NE_0002";"NE_0002";"NE_0002";"NE_0002";"NE_0002";"NE_0002"
"2023";"10";"050114";"AYACUCHO";"HUAMANGA";"VINCHOS";"GOBIERNO REGIONAL";"I-1";"00003591";"ROSASPATA";"NE_0002";"";"NE_0002";"NE_0002";"NE_0002";"NE_0002";"NE_0002";"NE_0002";"NE_0002"
"2023";"10";"050202";"AYACUCHO";"CANGALLO";"CHUSCHI";"GOBIERNO REGIONAL";"I-1";"00006753";"PUESTO DE SALUD CUCHUQUESERA";"NE_0002";"";"NE_0002";"NE_0002";"NE_0002";"NE_0002";"NE_0002";"NE_0002";"NE_0002"
"2023";"10";"050114";"AYACUCHO";"HUAMANGA";"VINCHOS";"GOBIERNO REGIONAL";"I-1";"00003589";"PUESTO DE SALUD MILLPO";"NE_0002";"";"NE_0002";"NE_0002";"NE_0002";"NE_0002";"NE_0002";"NE_0002";"NE_0002"
"2023";"10";"110101";"ICA";"ICA";"ICA";"PRIVADO";"I-4";"00009660";"SEÑOR DE LUREN DE ICA";"240000";"HOSPITALIZACIÓN";"58";"60";"133";"119";"14";"434";"18"
"2023";"10";"150140";"LIMA";"LIMA";"SANTIAGO DE SURCO";"PRIVADO";"II-E";"00012219";"CLINICA MONTESUR";"241800";"HOSPITALIZACIÓN DE MEDICINA MEDICINA GENERAL ";"246";"243";"272";"228";"34";"155";"0"
"2023";"10";"150140";"LIMA";"LIMA";"SANTIAGO DE SURCO";"PRIVADO";"II-E";"00012219";"CLINICA MONTESUR";"243200";"HOSPITALIZACIÓN DE PEDIATRÍA PEDIATRIA NEONATOLOGÍA";"37";"38";"53";"35";"5";"986";"0"
"2023";"10";"200104";"PIURA";"PIURA";"CASTILLA";"ESSALUD";"III-1";"00015230";"HOSPITAL III JOSE CAYETANO HEREDIA";"241900";"HOSPITALIZACIÓN DE MEDICINA MEDICINA INTERNA ";"186";"201";"2179";"1692";"58";"1798";"14"
"2023";"10";"200104";"PIURA";"PIURA";"CASTILLA";"ESSALUD";"III-1";"00015230";"HOSPITAL III JOSE CAYETANO HEREDIA";"240100";"HOSPITALIZACIÓN QUIRÚRGICA CIRUGÍA GENERAL ";"376";"364";"2187";"1864";"64";"1984";"1"
"2023";"10";"200104";"PIURA";"PIURA";"CASTILLA";"ESSALUD";"III-1";"00015230";"HOSPITAL III JOSE CAYETANO HEREDIA";"241500";"HOSPITALIZACIÓN QUIRÚRGICA GINECOLOGÍA  ";"84";"75";"351";"297";"10";"310";"0"
"2023";"10";"200104";"PIURA";"PIURA";"CASTILLA";"ESSALUD";"III-1";"00015230";"HOSPITAL III JOSE CAYETANO HEREDIA";"241600";"HOSPITALIZACIÓN QUIRÚRGICA OBSTETRICIA   ";"181";"197";"1287";"989";"35";"1085";"0"
"2023";"10";"200104";"PIURA";"PIURA";"CASTILLA";"ESSALUD";"III-1";"00015230";"HOSPITAL III JOSE CAYETANO HEREDIA";"242300";"HOSPITALIZACIÓN DE PEDIATRÍA  PEDIATRÍA  GENERAL ";"82";"92";"567";"568";"20";"620";"2"
"2023";"10";"200104";"PIURA";"PIURA";"CASTILLA";"ESSALUD";"III-1";"00015230";"HOSPITAL III JOSE CAYETANO HEREDIA";"250100";"UNIDAD DE CUIDADOS CRITICOS UNIDAD  DE CUIDADOS INTENSIVOS GENERALES (UCI) ";"28";"59";"881";"713";"25";"775";"13"
"2023";"10";"200104";"PIURA";"PIURA";"CASTILLA";"ESSALUD";"III-1";"00015230";"HOSPITAL III JOSE CAYETANO HEREDIA";"250200";"UNIDAD DE CUIDADOS CRITICOS UNIDAD DE CUIDADOS INTERMEDIOS GENERAL  (UCIN) ";"50";"77";"886";"627";"22";"682";"1"
"2023";"11";"150810";"LIMA";"HUAURA";"SANTA MARIA";"SANIDAD DE LA POLICIA NACIONAL DEL PERU";"I-2";"00010834";"POSTA MEDICA POLICIAL HUACHO";"NE_0001";"";"NE_0001";"NE_0001";"NE_0001";"NE_0001";"NE_0001";"NE_0001";"NE_0001"
"2023";"11";"200701";"PIURA";"TALARA";"PARIÑAS";"PRIVADO";"I-3";"00012085";"CENTRO MEDICO SAN PABLO-TALARA EIRL";"NE_0001";"";"NE_0001";"NE_0001";"NE_0001";"NE_0001";"NE_0001";"NE_0001";"NE_0001"
"2023";"11";"060501";"CAJAMARCA";"CONTUMAZA";"CONTUMAZA";"ESSALUD";"I-2";"00010276";"POSTA MEDICA ESSALUD CONTUMAZA";"NE_0001";"";"NE_0001";"NE_0001";"NE_0001";"NE_0001";"NE_0001";"NE_0001";"NE_0001"
"2023";"11";"040109";"AREQUIPA";"AREQUIPA";"MARIANO MELGAR";"GOBIERNO REGIONAL";"I-2";"00001309";"PUESTO DE SALUD JERUSALEN";"NE_0001";"";"NE_0001";"NE_0001";"NE_0001";"NE_0001";"NE_0001";"NE_0001";"NE_0001"
"2023";"11";"050204";"AYACUCHO";"CANGALLO";"MARIA PARADO DE BELLIDO";"GOBIERNO REGIONAL";"I-1";"00007303";"PUESTO DE SALUD ÑUÑUNHUAYCCO";"NE_0001";"";"NE_0001";"NE_0001";"NE_0001";"NE_0001";"NE_0001";"NE_0001";"NE_0001"
"2023";"11";"050203";"AYACUCHO";"CANGALLO";"LOS MOROCHUCOS";"GOBIERNO REGIONAL";"I-1";"00017085";"PUESTO DE SALUD HUALLCHANCCA";"NE_0001";"";"NE_0001";"NE_0001";"NE_0001";"NE_0001";"NE_0001";"NE_0001";"NE_0001"
"2023";"11";"050201";"AYACUCHO";"CANGALLO";"CANGALLO";"GOBIERNO REGIONAL";"I-1";"00003506";"PUESTO DE SALUD INCARACCAY";"NE_0001";"";"NE_0001";"NE_0001";"NE_0001";"NE_0001";"NE_0001";"NE_0001";"NE_0001"
"2023";"11";"050201";"AYACUCHO";"CANGALLO";"CANGALLO";"GOBIERNO REGIONAL";"I-1";"00006607";"PUESTO DE SALUD CHICHUCANCHA";"NE_0001";"";"NE_0001";"NE_0001";"NE_0001";"NE_0001";"NE_0001";"NE_0001";"NE_0001"
"2023";"11";"050203";"AYACUCHO";"CANGALLO";"LOS MOROCHUCOS";"GOBIERNO REGIONAL";"I-1";"00007302";"PUESTO DE SALUD SATICA";"NE_0001";"";"NE_0001";"NE_0001";"NE_0001";"NE_0001";"NE_0001";"NE_0001";"NE_0001"
"2023";"11";"050201";"AYACUCHO";"CANGALLO";"CANGALLO";"GOBIERNO REGIONAL";"I-1";"00003496";"PUESTO DE SALUD HUANCARUCMA";"NE_0001";"";"NE_0001";"NE_0001";"NE_0001";"NE_0001";"NE_0001";"NE_0001";"NE_0001"
"2023";"11";"050201";"AYACUCHO";"CANGALLO";"CANGALLO";"GOBIERNO REGIONAL";"I-1";"00003497";"PUESTO DE SALUD PUTICA";"NE_0001";"";"NE_0001";"NE_0001";"NE_0001";"NE_0001";"NE_0001";"NE_0001";"NE_0001"
"2023";"11";"050203";"AYACUCHO";"CANGALLO";"LOS MOROCHUCOS";"GOBIERNO REGIONAL";"I-4";"00003507";"CENTRO DE SALUD PAMPA CANGALLO";"240100";"HOSPITALIZACIÓN QUIRÚRGICA CIRUGÍA GENERAL ";"22";"9";"9";"8";"8";"10";"0"
"2023";"11";"050203";"AYACUCHO";"CANGALLO";"LOS MOROCHUCOS";"GOBIERNO REGIONAL";"I-2";"00003508";"PUESTO DE SALUD CHANQUIL";"NE_0001";"";"NE_0001";"NE_0001";"NE_0001";"NE_0001";"NE_0001";"NE_0001";"NE_0001"
"2023";"11";"050201";"AYACUCHO";"CANGALLO";"CANGALLO";"GOBIERNO REGIONAL";"I-1";"00003495";"PUESTO DE SALUD HUAHUAPUQUIO";"NE_0001";"";"NE_0001";"NE_0001";"NE_0001";"NE_0001";"NE_0001";"NE_0001";"NE_0001"
"2023";"11";"051002";"AYACUCHO";"VICTOR FAJARDO";"ALCAMENCA";"GOBIERNO REGIONAL";"I-1";"00003499";"PUESTO DE SALUD HUAMBO";"NE_0001";"";"NE_0001";"NE_0001";"NE_0001";"NE_0001";"NE_0001";"NE_0001";"NE_0001"
"2023";"11";"050203";"AYACUCHO";"CANGALLO";"LOS MOROCHUCOS";"GOBIERNO REGIONAL";"I-1";"00017084";"PUESTO DE SALUD JUSCAYMARCA";"NE_0001";"";"NE_0001";"NE_0001";"NE_0001";"NE_0001";"NE_0001";"NE_0001";"NE_0001"
"2023";"11";"051002";"AYACUCHO";"VICTOR FAJARDO";"ALCAMENCA";"GOBIERNO REGIONAL";"I-1";"00003498";"PUESTO DE SALUD ALCAMENCA";"NE_0001";"";"NE_0001";"NE_0001";"NE_0001";"NE_0001";"NE_0001";"NE_0001";"NE_0001"
"2023";"11";"220101";"SAN MARTIN";"MOYOBAMBA";"MOYOBAMBA";"GOBIERNO REGIONAL";"II-1";"00006733";"HOSPITAL II-1 MOYOBAMBA - DR. SEGUNDO RODOLFO PÉREZ NIETO";"240100";"HOSPITALIZACIÓN QUIRÚRGICA CIRUGÍA GENERAL ";"74";"88";"363";"363";"14";"420";"0"
"2023";"11";"220101";"SAN MARTIN";"MOYOBAMBA";"MOYOBAMBA";"GOBIERNO REGIONAL";"II-1";"00006733";"HOSPITAL II-1 MOYOBAMBA - DR. SEGUNDO RODOLFO PÉREZ NIETO";"240600";"HOSPITALIZACIÓN QUIRÚRGICA CIRUGÍA OFTALMOLÓGICA ";"31";"31";"31";"31";"2";"60";"0"
"2023";"11";"220101";"SAN MARTIN";"MOYOBAMBA";"MOYOBAMBA";"GOBIERNO REGIONAL";"II-1";"00006733";"HOSPITAL II-1 MOYOBAMBA - DR. SEGUNDO RODOLFO PÉREZ NIETO";"240700";"HOSPITALIZACIÓN QUIRÚRGICA CIRUGÍA PEDIÁTRICA ";"9";"9";"21";"21";"1";"30";"0"
"2023";"11";"220101";"SAN MARTIN";"MOYOBAMBA";"MOYOBAMBA";"GOBIERNO REGIONAL";"II-1";"00006733";"HOSPITAL II-1 MOYOBAMBA - DR. SEGUNDO RODOLFO PÉREZ NIETO";"240900";"HOSPITALIZACIÓN QUIRÚRGICA NEUROCIRUGÍA ";"9";"10";"48";"48";"2";"60";"0"
"2023";"11";"220101";"SAN MARTIN";"MOYOBAMBA";"MOYOBAMBA";"GOBIERNO REGIONAL";"II-1";"00006733";"HOSPITAL II-1 MOYOBAMBA - DR. SEGUNDO RODOLFO PÉREZ NIETO";"241100";"HOSPITALIZACIÓN QUIRÚRGICA OTORRINOLARINGOLOGÍA  ";"23";"23";"53";"53";"2";"60";"0"
"2023";"11";"220101";"SAN MARTIN";"MOYOBAMBA";"MOYOBAMBA";"GOBIERNO REGIONAL";"II-1";"00006733";"HOSPITAL II-1 MOYOBAMBA - DR. SEGUNDO RODOLFO PÉREZ NIETO";"241200";"HOSPITALIZACIÓN QUIRÚRGICA TRAUMATOLOGÍA Y ORTOPEDIA ";"26";"29";"93";"93";"2";"240";"0"
"2023";"11";"220101";"SAN MARTIN";"MOYOBAMBA";"MOYOBAMBA";"GOBIERNO REGIONAL";"II-1";"00006733";"HOSPITAL II-1 MOYOBAMBA - DR. SEGUNDO RODOLFO PÉREZ NIETO";"241300";"HOSPITALIZACIÓN QUIRÚRGICA UROLOGÍA  ";"5";"5";"17";"17";"1";"30";"0"
"2023";"11";"220101";"SAN MARTIN";"MOYOBAMBA";"MOYOBAMBA";"GOBIERNO REGIONAL";"II-1";"00006733";"HOSPITAL II-1 MOYOBAMBA - DR. SEGUNDO RODOLFO PÉREZ NIETO";"241500";"HOSPITALIZACIÓN QUIRÚRGICA GINECOLOGÍA  ";"46";"49";"107";"107";"10";"300";"0"
"2023";"11";"220101";"SAN MARTIN";"MOYOBAMBA";"MOYOBAMBA";"GOBIERNO REGIONAL";"II-1";"00006733";"HOSPITAL II-1 MOYOBAMBA - DR. SEGUNDO RODOLFO PÉREZ NIETO";"241600";"HOSPITALIZACIÓN QUIRÚRGICA OBSTETRICIA   ";"148";"158";"395";"395";"18";"540";"0"
"2023";"11";"220101";"SAN MARTIN";"MOYOBAMBA";"MOYOBAMBA";"GOBIERNO REGIONAL";"II-1";"00006733";"HOSPITAL II-1 MOYOBAMBA - DR. SEGUNDO RODOLFO PÉREZ NIETO";"241700";"HOSPITALIZACIÓN QUIRÚRGICA GINECOLOGÍA   GINECOLOGIA ONCOLOGiCA";"8";"8";"26";"26";"2";"60";"0"
"2023";"11";"220101";"SAN MARTIN";"MOYOBAMBA";"MOYOBAMBA";"GOBIERNO REGIONAL";"II-1";"00006733";"HOSPITAL II-1 MOYOBAMBA - DR. SEGUNDO RODOLFO PÉREZ NIETO";"241900";"HOSPITALIZACIÓN DE MEDICINA MEDICINA INTERNA ";"52";"69";"534";"534";"22";"660";"7"
"2023";"11";"220101";"SAN MARTIN";"MOYOBAMBA";"MOYOBAMBA";"GOBIERNO REGIONAL";"II-1";"00006733";"HOSPITAL II-1 MOYOBAMBA - DR. SEGUNDO RODOLFO PÉREZ NIETO";"242500";"HOSPITALIZACIÓN-PEDIATRÍA GENERAL-";"35";"40";"178";"178";"10";"300";"0"
"2023";"11";"220101";"SAN MARTIN";"MOYOBAMBA";"MOYOBAMBA";"GOBIERNO REGIONAL";"II-1";"00006733";"HOSPITAL II-1 MOYOBAMBA - DR. SEGUNDO RODOLFO PÉREZ NIETO";"243200";"HOSPITALIZACIÓN DE PEDIATRÍA PEDIATRIA NEONATOLOGÍA";"17";"18";"52";"52";"10";"300";"0"
"2023";"11";"220101";"SAN MARTIN";"MOYOBAMBA";"MOYOBAMBA";"GOBIERNO REGIONAL";"II-1";"00006733";"HOSPITAL II-1 MOYOBAMBA - DR. SEGUNDO RODOLFO PÉREZ NIETO";"250102";"UNIDAD DE CUIDADOS CRITICOS UNIDAD  DE CUIDADOS INTENSIVOS GENERALES (UCI) GINECO-OBSTETRICIA";"1";"1";"5";"5";"1";"30";"0"
"2023";"11";"220101";"SAN MARTIN";"MOYOBAMBA";"MOYOBAMBA";"GOBIERNO REGIONAL";"II-1";"00006733";"HOSPITAL II-1 MOYOBAMBA - DR. SEGUNDO RODOLFO PÉREZ NIETO";"250103";"UNIDAD DE CUIDADOS CRITICOS UNIDAD  DE CUIDADOS INTENSIVOS GENERALES  (UCI) MEDICINA";"7";"9";"78";"78";"4";"120";"2"
"2023";"09";"040101";"AREQUIPA";"AREQUIPA";"AREQUIPA";"PRIVADO";"II-E";"00024208";"PRAXIS MEDICAL S.A.C.";"240800";"HOSPITALIZACIÓN QUIRÚRGICA CIRUGÍA PLÁSTICA/RECONSTRUCTIVA/ REPARADORA ";"3";"3";"4";"13";"12";"360";"0"
"2023";"09";"200115";"PIURA";"PIURA";"VEINTISEIS DE OCTUBRE";"GOBIERNO REGIONAL";"II-2";"00002084";"HOSPITAL DE LA AMISTAD PERU - COREA SANTA ROSA II-2";"240100";"HOSPITALIZACIÓN QUIRÚRGICA CIRUGÍA GENERAL ";"139";"139";"652";"884";"40";"1200";"3"
"2023";"09";"200115";"PIURA";"PIURA";"VEINTISEIS DE OCTUBRE";"GOBIERNO REGIONAL";"II-2";"00002084";"HOSPITAL DE LA AMISTAD PERU - COREA SANTA ROSA II-2";"241500";"HOSPITALIZACIÓN QUIRÚRGICA GINECOLOGÍA  ";"145";"145";"356";"461";"16";"480";"0"
"2023";"09";"200115";"PIURA";"PIURA";"VEINTISEIS DE OCTUBRE";"GOBIERNO REGIONAL";"II-2";"00002084";"HOSPITAL DE LA AMISTAD PERU - COREA SANTA ROSA II-2";"241600";"HOSPITALIZACIÓN QUIRÚRGICA OBSTETRICIA   ";"260";"260";"568";"505";"25";"750";"0"
"2023";"09";"200115";"PIURA";"PIURA";"VEINTISEIS DE OCTUBRE";"GOBIERNO REGIONAL";"II-2";"00002084";"HOSPITAL DE LA AMISTAD PERU - COREA SANTA ROSA II-2";"241800";"HOSPITALIZACIÓN DE MEDICINA MEDICINA GENERAL ";"120";"120";"1315";"1414";"50";"1500";"12"
"2023";"09";"200115";"PIURA";"PIURA";"VEINTISEIS DE OCTUBRE";"GOBIERNO REGIONAL";"II-2";"00002084";"HOSPITAL DE LA AMISTAD PERU - COREA SANTA ROSA II-2";"242500";"HOSPITALIZACIÓN-PEDIATRÍA GENERAL-";"45";"45";"244";"337";"13";"390";"1"
"2023";"09";"200115";"PIURA";"PIURA";"VEINTISEIS DE OCTUBRE";"GOBIERNO REGIONAL";"II-2";"00002084";"HOSPITAL DE LA AMISTAD PERU - COREA SANTA ROSA II-2";"243200";"HOSPITALIZACIÓN DE PEDIATRÍA PEDIATRIA NEONATOLOGÍA";"100";"100";"709";"602";"23";"690";"6"
"2023";"09";"160301";"LORETO";"LORETO";"NAUTA";"ESSALUD";"I-3";"00011403";"CENTRO DE ATENCION PRIMARIA II NAUTA";"NE_0001";"";"NE_0001";"NE_0001";"NE_0001";"NE_0001";"NE_0001";"NE_0001";"NE_0001"
"2023";"09";"110401";"ICA";"PALPA";"PALPA";"MINSA";"II-1";"00003458";"DE APOYO DE PALPA";"240100";"HOSPITALIZACIÓN QUIRÚRGICA CIRUGÍA GENERAL ";"3";"3";"10";"10";"6";"170";"0"
"2023";"09";"110401";"ICA";"PALPA";"PALPA";"MINSA";"II-1";"00003458";"DE APOYO DE PALPA";"241400";"HOSPITALIZACIÓN QUIRÚRGICA GINECO - OBSTETRICIA ";"11";"11";"22";"24";"6";"156";"0"
"2023";"09";"110401";"ICA";"PALPA";"PALPA";"MINSA";"II-1";"00003458";"DE APOYO DE PALPA";"241800";"HOSPITALIZACIÓN DE MEDICINA MEDICINA GENERAL ";"6";"6";"15";"15";"9";"255";"1"
"2023";"09";"110401";"ICA";"PALPA";"PALPA";"MINSA";"II-1";"00003458";"DE APOYO DE PALPA";"242300";"HOSPITALIZACIÓN DE PEDIATRÍA  PEDIATRÍA  GENERAL ";"11";"11";"21";"22";"9";"248";"0"
"2023";"09";"060106";"CAJAMARCA";"CAJAMARCA";"JESUS";"GOBIERNO REGIONAL";"I-1";"00004637";"YANAMARCA";"NE_0001";"";"NE_0001";"NE_0001";"NE_0001";"NE_0001";"NE_0001";"NE_0001";"NE_0001"
"2023";"09";"060101";"CAJAMARCA";"CAJAMARCA";"CAJAMARCA";"GOBIERNO REGIONAL";"I-3";"00004645";"MAGNA VALLEJO";"NE_0001";"";"NE_0001";"NE_0001";"NE_0001";"NE_0001";"NE_0001";"NE_0001";"NE_0001"
"2023";"09";"060101";"CAJAMARCA";"CAJAMARCA";"CAJAMARCA";"GOBIERNO REGIONAL";"I-1";"00012831";"AYLAMBO";"NE_0001";"";"NE_0001";"NE_0001";"NE_0001";"NE_0001";"NE_0001";"NE_0001";"NE_0001"
"2023";"09";"060101";"CAJAMARCA";"CAJAMARCA";"CAJAMARCA";"GOBIERNO REGIONAL";"I-1";"00004642";"PATA PATA";"NE_0001";"";"NE_0001";"NE_0001";"NE_0001";"NE_0001";"NE_0001";"NE_0001";"NE_0001"
"2023";"09";"060101";"CAJAMARCA";"CAJAMARCA";"CAJAMARCA";"GOBIERNO REGIONAL";"I-1";"00004644";"PARIAMARCA";"NE_0001";"";"NE_0001";"NE_0001";"NE_0001";"NE_0001";"NE_0001";"NE_0001";"NE_0001"
"2023";"09";"060101";"CAJAMARCA";"CAJAMARCA";"CAJAMARCA";"GOBIERNO REGIONAL";"I-2";"00004641";"MICAELA BASTIDAS";"NE_0001";"";"NE_0001";"NE_0001";"NE_0001";"NE_0001";"NE_0001";"NE_0001";"NE_0001"
"2023";"09";"060101";"CAJAMARCA";"CAJAMARCA";"CAJAMARCA";"GOBIERNO REGIONAL";"I-3";"00004640";"LA TULPUNA";"NE_0001";"";"NE_0001";"NE_0001";"NE_0001";"NE_0001";"NE_0001";"NE_0001";"NE_0001"
"2023";"09";"060101";"CAJAMARCA";"CAJAMARCA";"CAJAMARCA";"GOBIERNO REGIONAL";"I-1";"00004643";"AGOCUCHO";"NE_0001";"";"NE_0001";"NE_0001";"NE_0001";"NE_0001";"NE_0001";"NE_0001";"NE_0001"
"2023";"10";"090207";"HUANCAVELICA";"ACOBAMBA";"POMACOCHA";"GOBIERNO REGIONAL";"I-2";"00003923";"PUESTO DE SALUD POMACOCHA";"NE_0001";"";"NE_0001";"NE_0001";"NE_0001";"NE_0001";"NE_0001";"NE_0001";"NE_0001"
"2023";"10";"090207";"HUANCAVELICA";"ACOBAMBA";"POMACOCHA";"GOBIERNO REGIONAL";"I-1";"00009698";"PUESTO DE SALUD INCAPACCHAN";"NE_0001";"";"NE_0001";"NE_0001";"NE_0001";"NE_0001";"NE_0001";"NE_0001";"NE_0001"
"2023";"10";"090201";"HUANCAVELICA";"ACOBAMBA";"ACOBAMBA";"GOBIERNO REGIONAL";"I-1";"00003922";"PUESTO DE SALUD CCARABAMBA";"NE_0001";"";"NE_0001";"NE_0001";"NE_0001";"NE_0001";"NE_0001";"NE_0001";"NE_0001"
"2023";"10";"090201";"HUANCAVELICA";"ACOBAMBA";"ACOBAMBA";"GOBIERNO REGIONAL";"I-1";"00009502";"PUESTO DE SALUD TRES DE OCTUBRE";"NE_0001";"";"NE_0001";"NE_0001";"NE_0001";"NE_0001";"NE_0001";"NE_0001";"NE_0001"
"2023";"10";"090207";"HUANCAVELICA";"ACOBAMBA";"POMACOCHA";"GOBIERNO REGIONAL";"I-1";"00009707";"PUESTO DE SALUD AYAHUASAN";"NE_0001";"";"NE_0001";"NE_0001";"NE_0001";"NE_0001";"NE_0001";"NE_0001";"NE_0001"
"2023";"10";"090201";"HUANCAVELICA";"ACOBAMBA";"ACOBAMBA";"GOBIERNO REGIONAL";"I-1";"00003920";"PUESTO DE SALUD DE CCARHUACC";"NE_0001";"";"NE_0001";"NE_0001";"NE_0001";"NE_0001";"NE_0001";"NE_0001";"NE_0001"
"2023";"10";"090207";"HUANCAVELICA";"ACOBAMBA";"POMACOCHA";"GOBIERNO REGIONAL";"I-3";"00003924";"CENTRO DE SALUD CHOCLOCOCHA";"NE_0001";"";"NE_0001";"NE_0001";"NE_0001";"NE_0001";"NE_0001";"NE_0001";"NE_0001"
"2023";"10";"090201";"HUANCAVELICA";"ACOBAMBA";"ACOBAMBA";"GOBIERNO REGIONAL";"I-1";"00003921";"PUESTO DE SALUD DE VILLA RICA";"NE_0001";"";"NE_0001";"NE_0001";"NE_0001";"NE_0001";"NE_0001";"NE_0001";"NE_0001"
"2023";"10";"090201";"HUANCAVELICA";"ACOBAMBA";"ACOBAMBA";"GOBIERNO REGIONAL";"I-2";"00003918";"PUESTO DE SALUD CURIMARAY";"NE_0001";"";"NE_0001";"NE_0001";"NE_0001";"NE_0001";"NE_0001";"NE_0001";"NE_0001"
"2023";"10";"090207";"HUANCAVELICA";"ACOBAMBA";"POMACOCHA";"GOBIERNO REGIONAL";"I-1";"00003925";"PUESTO DE SALUD YANACCOCHA";"NE_0001";"";"NE_0001";"NE_0001";"NE_0001";"NE_0001";"NE_0001";"NE_0001";"NE_0001"
"2023";"10";"090201";"HUANCAVELICA";"ACOBAMBA";"ACOBAMBA";"GOBIERNO REGIONAL";"I-1";"00003919";"PUESTO DE SALUD POMAVILCA";"NE_0001";"";"NE_0001";"NE_0001";"NE_0001";"NE_0001";"NE_0001";"NE_0001";"NE_0001"
"2023";"10";"080708";"CUSCO";"CHUMBIVILCAS";"VELILLE";"GOBIERNO REGIONAL";"I-1";"00027011";"AYACCASI";"NE_0001";"";"NE_0001";"NE_0001";"NE_0001";"NE_0001";"NE_0001";"NE_0001";"NE_0001"
"2023";"10";"080708";"CUSCO";"CHUMBIVILCAS";"VELILLE";"GOBIERNO REGIONAL";"I-3";"00002409";"VELILLE";"NE_0001";"";"NE_0001";"NE_0001";"NE_0001";"NE_0001";"NE_0001";"NE_0001";"NE_0001"
"2023";"10";"080701";"CUSCO";"CHUMBIVILCAS";"SANTO TOMAS";"GOBIERNO REGIONAL";"I-1";"00030940";"ARCANGEL SAN MIGUEL DE ESQUINA CONGUNYA";"NE_0001";"";"NE_0001";"NE_0001";"NE_0001";"NE_0001";"NE_0001";"NE_0001";"NE_0001"
"2023";"10";"080708";"CUSCO";"CHUMBIVILCAS";"VELILLE";"GOBIERNO REGIONAL";"I-1";"00025371";"TUNTUMA";"NE_0001";"";"NE_0001";"NE_0001";"NE_0001";"NE_0001";"NE_0001";"NE_0001";"NE_0001"
"2023";"10";"080701";"CUSCO";"CHUMBIVILCAS";"SANTO TOMAS";"GOBIERNO REGIONAL";"I-2";"00002399";"PULPERA";"NE_0001";"";"NE_0001";"NE_0001";"NE_0001";"NE_0001";"NE_0001";"NE_0001";"NE_0001"
"2023";"10";"080708";"CUSCO";"CHUMBIVILCAS";"VELILLE";"GOBIERNO REGIONAL";"I-1";"00008912";"ALCCA VICTORIA";"NE_0001";"";"NE_0001";"NE_0001";"NE_0001";"NE_0001";"NE_0001";"NE_0001";"NE_0001"
"2023";"10";"080708";"CUSCO";"CHUMBIVILCAS";"VELILLE";"GOBIERNO REGIONAL";"I-1";"00027016";"HUAYCUÑUTA - URCURUTA";"NE_0001";"";"NE_0001";"NE_0001";"NE_0001";"NE_0001";"NE_0001";"NE_0001";"NE_0001"
"2023";"10";"220101";"SAN MARTIN";"MOYOBAMBA";"MOYOBAMBA";"GOBIERNO REGIONAL";"I-1";"00006323";"MORROYACU";"NE_0001";"";"NE_0001";"NE_0001";"NE_0001";"NE_0001";"NE_0001";"NE_0001";"NE_0001"
"2023";"10";"220101";"SAN MARTIN";"MOYOBAMBA";"MOYOBAMBA";"GOBIERNO REGIONAL";"I-1";"00006324";"SHIMPIYACU";"NE_0001";"";"NE_0001";"NE_0001";"NE_0001";"NE_0001";"NE_0001";"NE_0001";"NE_0001"
"2023";"10";"220101";"SAN MARTIN";"MOYOBAMBA";"MOYOBAMBA";"GOBIERNO REGIONAL";"I-1";"00006325";"NUEVA HUANCABAMBA";"NE_0001";"";"NE_0001";"NE_0001";"NE_0001";"NE_0001";"NE_0001";"NE_0001";"NE_0001"
"2023";"10";"220101";"SAN MARTIN";"MOYOBAMBA";"MOYOBAMBA";"GOBIERNO REGIONAL";"I-1";"00006323";"MORROYACU";"NE_0001";"";"NE_0001";"NE_0001";"NE_0001";"NE_0001";"NE_0001";"NE_0001";"NE_0001"
"2023";"10";"220101";"SAN MARTIN";"MOYOBAMBA";"MOYOBAMBA";"GOBIERNO REGIONAL";"I-1";"00006324";"SHIMPIYACU";"NE_0001";"";"NE_0001";"NE_0001";"NE_0001";"NE_0001";"NE_0001";"NE_0001";"NE_0001"
"2023";"10";"220101";"SAN MARTIN";"MOYOBAMBA";"MOYOBAMBA";"GOBIERNO REGIONAL";"I-1";"00006325";"NUEVA HUANCABAMBA";"NE_0001";"";"NE_0001";"NE_0001";"NE_0001";"NE_0001";"NE_0001";"NE_0001";"NE_0001"
"2023";"10";"081212";"CUSCO";"QUISPICANCHI";"QUIQUIJANA";"GOBIERNO REGIONAL";"I-1";"00002539";"CCOLCA";"NE_0001";"";"NE_0001";"NE_0001";"NE_0001";"NE_0001";"NE_0001";"NE_0001";"NE_0001"
"2023";"10";"081201";"CUSCO";"QUISPICANCHI";"URCOS";"GOBIERNO REGIONAL";"I-4";"00002523";"URCOS";"NE_0001";"";"NE_0001";"NE_0001";"NE_0001";"NE_0001";"NE_0001";"NE_0001";"NE_0001"
"2023";"10";"081206";"CUSCO";"QUISPICANCHI";"CUSIPATA";"GOBIERNO REGIONAL";"I-3";"00002530";"CUSIPATA";"NE_0001";"";"NE_0001";"NE_0001";"NE_0001";"NE_0001";"NE_0001";"NE_0001";"NE_0001"
"2023";"10";"081211";"CUSCO";"QUISPICANCHI";"OROPESA";"GOBIERNO REGIONAL";"I-3";"00002537";"OROPESA";"NE_0001";"";"NE_0001";"NE_0001";"NE_0001";"NE_0001";"NE_0001";"NE_0001";"NE_0001"
"2023";"10";"081207";"CUSCO";"QUISPICANCHI";"HUARO";"GOBIERNO REGIONAL";"I-2";"00002532";"HUARO";"NE_0001";"";"NE_0001";"NE_0001";"NE_0001";"NE_0001";"NE_0001";"NE_0001";"NE_0001"
"2023";"10";"130107";"LA LIBERTAD";"TRUJILLO";"MOCHE";"GOBIERNO REGIONAL";"II-1";"00007152";"HOSPITAL DISTRITAL ALTO MOCHE-WALTER CRUZ VILCA";"241400";"HOSPITALIZACIÓN QUIRÚRGICA GINECO - OBSTETRICIA ";"14";"16";"17";"24";"12";"360";"0"
"2023";"10";"080108";"CUSCO";"CUSCO";"WANCHAQ";"PRIVADO";"II-2";"00012161";"MACSALUD";"250103";"UNIDAD DE CUIDADOS CRITICOS UNIDAD  DE CUIDADOS INTENSIVOS GENERALES  (UCI) MEDICINA";"3";"3";"14";"12";"3";"93";"0"
"2023";"10";"080108";"CUSCO";"CUSCO";"WANCHAQ";"PRIVADO";"II-2";"00012161";"MACSALUD";"241800";"HOSPITALIZACIÓN DE MEDICINA MEDICINA GENERAL ";"86";"86";"250";"242";"45";"465";"0"
"2023";"10";"080108";"CUSCO";"CUSCO";"WANCHAQ";"PRIVADO";"II-2";"00012161";"MACSALUD";"240100";"HOSPITALIZACIÓN QUIRÚRGICA CIRUGÍA GENERAL ";"36";"34";"59";"57";"15";"465";"0"
"2023";"10";"080108";"CUSCO";"CUSCO";"WANCHAQ";"PRIVADO";"II-2";"00012161";"MACSALUD";"241900";"HOSPITALIZACIÓN DE MEDICINA MEDICINA INTERNA ";"2";"2";"6";"6";"15";"465";"0"
"2023";"10";"080108";"CUSCO";"CUSCO";"WANCHAQ";"PRIVADO";"II-2";"00012161";"MACSALUD";"240200";"HOSPITALIZACIÓN QUIRÚRGICA CIRUGÍA DE CABEZA Y CUELLO / MÁXILO FACIAL ";"5";"5";"10";"10";"15";"465";"0"
"2023";"10";"080108";"CUSCO";"CUSCO";"WANCHAQ";"PRIVADO";"II-2";"00012161";"MACSALUD";"240400";"HOSPITALIZACIÓN QUIRÚRGICA CIRUGÍA DE TÓRAX Y CARDIOVASCULAR ";"8";"6";"11";"7";"15";"465";"0"
"2023";"10";"080108";"CUSCO";"CUSCO";"WANCHAQ";"PRIVADO";"II-2";"00012161";"MACSALUD";"240100";"HOSPITALIZACIÓN QUIRÚRGICA CIRUGÍA GENERAL ";"28";"28";"56";"56";"45";"465";"0"
"2023";"10";"080108";"CUSCO";"CUSCO";"WANCHAQ";"PRIVADO";"II-2";"00012161";"MACSALUD";"240700";"HOSPITALIZACIÓN QUIRÚRGICA CIRUGÍA PEDIÁTRICA ";"1";"1";"1";"1";"15";"465";"0"
"2023";"10";"080108";"CUSCO";"CUSCO";"WANCHAQ";"PRIVADO";"II-2";"00012161";"MACSALUD";"240800";"HOSPITALIZACIÓN QUIRÚRGICA CIRUGÍA PLÁSTICA/RECONSTRUCTIVA/ REPARADORA ";"11";"11";"12";"12";"15";"465";"0"
"2023";"10";"080108";"CUSCO";"CUSCO";"WANCHAQ";"PRIVADO";"II-2";"00012161";"MACSALUD";"241500";"HOSPITALIZACIÓN QUIRÚRGICA GINECOLOGÍA  ";"1";"1";"1";"1";"15";"465";"0"
"2023";"10";"080108";"CUSCO";"CUSCO";"WANCHAQ";"PRIVADO";"II-2";"00012161";"MACSALUD";"240900";"HOSPITALIZACIÓN QUIRÚRGICA NEUROCIRUGÍA ";"2";"2";"4";"4";"15";"465";"0"
"2023";"10";"080108";"CUSCO";"CUSCO";"WANCHAQ";"PRIVADO";"II-2";"00012161";"MACSALUD";"241100";"HOSPITALIZACIÓN QUIRÚRGICA OTORRINOLARINGOLOGÍA  ";"7";"7";"18";"18";"15";"465";"0"
"2023";"10";"080108";"CUSCO";"CUSCO";"WANCHAQ";"PRIVADO";"II-2";"00012161";"MACSALUD";"241200";"HOSPITALIZACIÓN QUIRÚRGICA TRAUMATOLOGÍA Y ORTOPEDIA ";"18";"17";"35";"30";"15";"465";"0"
"2023";"10";"080108";"CUSCO";"CUSCO";"WANCHAQ";"PRIVADO";"II-2";"00012161";"MACSALUD";"241300";"HOSPITALIZACIÓN QUIRÚRGICA UROLOGÍA  ";"1";"1";"1";"1";"15";"465";"0"
"2023";"10";"080108";"CUSCO";"CUSCO";"WANCHAQ";"PRIVADO";"II-2";"00012161";"MACSALUD";"242100";"HOSPITALIZACIÓN DE MEDICINA ONCOLOGÍA MÉDICA ";"1";"1";"6";"6";"15";"465";"0"
"2023";"10";"080108";"CUSCO";"CUSCO";"WANCHAQ";"PRIVADO";"II-2";"00012161";"MACSALUD";"243100";"HOSPITALIZACIÓN DE PEDIATRÍA PEDIATRIA NEFROLOGÍA PEDIÁTRICA";"2";"1";"4";"3";"15";"465";"0"
"2023";"10";"080108";"CUSCO";"CUSCO";"WANCHAQ";"PRIVADO";"II-2";"00012161";"MACSALUD";"242500";"HOSPITALIZACIÓN-PEDIATRÍA GENERAL-";"3";"2";"10";"12";"15";"465";"0"
"2023";"10";"160301";"LORETO";"LORETO";"NAUTA";"ESSALUD";"I-3";"00011403";"CENTRO DE ATENCION PRIMARIA II NAUTA";"NE_0001";"";"NE_0001";"NE_0001";"NE_0001";"NE_0001";"NE_0001";"NE_0001";"NE_0001"
"2023";"10";"080504";"CUSCO";"CANAS";"LANGUI";"GOBIERNO REGIONAL";"I-2";"00002369";"LANGUI";"NE_0001";"";"NE_0001";"NE_0001";"NE_0001";"NE_0001";"NE_0001";"NE_0001";"NE_0001"
"2023";"11";"110501";"ICA";"PISCO";"PISCO";"ESSALUD";"II-1";"00014147";"ANTONIO SKRABONJA ANTONCICH";"241800";"HOSPITALIZACIÓN DE MEDICINA MEDICINA GENERAL ";"39";"33";"162";"196";"14";"420";"1"
"2023";"11";"110501";"ICA";"PISCO";"PISCO";"ESSALUD";"II-1";"00014147";"ANTONIO SKRABONJA ANTONCICH";"240100";"HOSPITALIZACIÓN QUIRÚRGICA CIRUGÍA GENERAL ";"56";"52";"189";"198";"13";"390";"0"
"2023";"11";"110501";"ICA";"PISCO";"PISCO";"ESSALUD";"II-1";"00014147";"ANTONIO SKRABONJA ANTONCICH";"241500";"HOSPITALIZACIÓN QUIRÚRGICA GINECOLOGÍA  ";"22";"19";"63";"72";"4";"120";"0"
"2023";"11";"110501";"ICA";"PISCO";"PISCO";"ESSALUD";"II-1";"00014147";"ANTONIO SKRABONJA ANTONCICH";"241600";"HOSPITALIZACIÓN QUIRÚRGICA OBSTETRICIA   ";"96";"95";"210";"209";"10";"300";"0"
"2023";"11";"110501";"ICA";"PISCO";"PISCO";"ESSALUD";"II-1";"00014147";"ANTONIO SKRABONJA ANTONCICH";"242300";"HOSPITALIZACIÓN DE PEDIATRÍA  PEDIATRÍA  GENERAL ";"25";"22";"73";"92";"9";"270";"0"
"2023";"11";"110501";"ICA";"PISCO";"PISCO";"ESSALUD";"II-1";"00014147";"ANTONIO SKRABONJA ANTONCICH";"250304";"HOSPIT. EN UNIDAD DE CUID.INTEN.-UNIDAD DE VIGILANCIA INTENSIVA (UVI)-MEDICINA";"19";"17";"52";"59";"4";"120";"2"
"2023";"11";"130101";"LA LIBERTAD";"TRUJILLO";"TRUJILLO";"PRIVADO";"II-1";"00012301";"CLINICA SAN ANTONIO";"242400";"HOSPITALIZACIÓN DE PEDIATRÍA ADOLESCENTES ";"7";"7";"25";"175";"59";"60";"0"
"2023";"11";"130101";"LA LIBERTAD";"TRUJILLO";"TRUJILLO";"PRIVADO";"II-1";"00012301";"CLINICA SAN ANTONIO";"241300";"HOSPITALIZACIÓN QUIRÚRGICA UROLOGÍA  ";"17";"15";"84";"1428";"200";"1428";"0"
"2023";"11";"130101";"LA LIBERTAD";"TRUJILLO";"TRUJILLO";"PRIVADO";"II-1";"00012301";"CLINICA SAN ANTONIO";"241800";"HOSPITALIZACIÓN DE MEDICINA MEDICINA GENERAL ";"2";"0";"2";"4";"59";"60";"0"
"2023";"11";"130101";"LA LIBERTAD";"TRUJILLO";"TRUJILLO";"PRIVADO";"II-1";"00012301";"CLINICA SAN ANTONIO";"240000";"HOSPITALIZACIÓN";"1";"1";"2";"2";"1";"2";"0"
"2023";"11";"130101";"LA LIBERTAD";"TRUJILLO";"TRUJILLO";"PRIVADO";"II-1";"00012301";"CLINICA SAN ANTONIO";"250100";"UNIDAD DE CUIDADOS CRITICOS UNIDAD  DE CUIDADOS INTENSIVOS GENERALES (UCI) ";"36";"29";"113";"4068";"1";"4068";"0"
"2023";"11";"130101";"LA LIBERTAD";"TRUJILLO";"TRUJILLO";"PRIVADO";"II-1";"00012301";"CLINICA SAN ANTONIO";"241900";"HOSPITALIZACIÓN DE MEDICINA MEDICINA INTERNA ";"5";"3";"25";"125";"99";"125";"0"
"2023";"11";"130101";"LA LIBERTAD";"TRUJILLO";"TRUJILLO";"PRIVADO";"II-1";"00012301";"CLINICA SAN ANTONIO";"240400";"HOSPITALIZACIÓN QUIRÚRGICA CIRUGÍA DE TÓRAX Y CARDIOVASCULAR ";"8";"4";"17";"136";"90";"136";"0"
"2023";"11";"130101";"LA LIBERTAD";"TRUJILLO";"TRUJILLO";"PRIVADO";"II-1";"00012301";"CLINICA SAN ANTONIO";"240800";"HOSPITALIZACIÓN QUIRÚRGICA CIRUGÍA PLÁSTICA/RECONSTRUCTIVA/ REPARADORA ";"4";"4";"16";"64";"20";"64";"0"
"2023";"11";"130101";"LA LIBERTAD";"TRUJILLO";"TRUJILLO";"PRIVADO";"II-1";"00012301";"CLINICA SAN ANTONIO";"240900";"HOSPITALIZACIÓN QUIRÚRGICA NEUROCIRUGÍA ";"1";"1";"5";"5";"2";"5";"0"
"2023";"11";"130101";"LA LIBERTAD";"TRUJILLO";"TRUJILLO";"PRIVADO";"II-1";"00012301";"CLINICA SAN ANTONIO";"241200";"HOSPITALIZACIÓN QUIRÚRGICA TRAUMATOLOGÍA Y ORTOPEDIA ";"11";"8";"51";"561";"80";"561";"0"
"2023";"11";"130101";"LA LIBERTAD";"TRUJILLO";"TRUJILLO";"PRIVADO";"II-1";"00012301";"CLINICA SAN ANTONIO";"244300";"HOSPITALIZACIÓN DE MEDICINA GASTROENTEROLOGÍA  ";"16";"14";"95";"1520";"59";"1520";"0"
"2023";"11";"130101";"LA LIBERTAD";"TRUJILLO";"TRUJILLO";"PRIVADO";"II-1";"00012301";"CLINICA SAN ANTONIO";"245400";"HOSPITALIZACIÓN DE MEDICINA GINECOLOGIA ";"3";"3";"10";"30";"19";"30";"0"
"2023";"11";"240101";"TUMBES";"TUMBES";"TUMBES";"PRIVADO";"I-4";"00007795";"CENTRO MEDICO LA FAMILIA";"NE_0002";"";"NE_0002";"NE_0002";"NE_0002";"NE_0002";"NE_0002";"NE_0002";"NE_0002"
"2023";"11";"150121";"LIMA";"LIMA";"PUEBLO LIBRE";"MINSA";"III-1";"00006211";"HOSPITAL DE APOYO SANTA ROSA";"240700";"HOSPITALIZACIÓN QUIRÚRGICA CIRUGÍA PEDIÁTRICA ";"22";"21";"103";"134";"9";"270";"0"
"2023";"11";"150121";"LIMA";"LIMA";"PUEBLO LIBRE";"MINSA";"III-1";"00006211";"HOSPITAL DE APOYO SANTA ROSA";"241500";"HOSPITALIZACIÓN QUIRÚRGICA GINECOLOGÍA  ";"36";"31";"173";"223";"16";"480";"0"
"2023";"09";"030201";"APURIMAC";"ANDAHUAYLAS";"ANDAHUAYLAS";"PRIVADO";"II-E";"00014017";"CLINICA PERUANA DE LOS ANDES";"240000";"HOSPITALIZACIÓN";"10";"10";"10";"10";"6";"174";"0"
"2023";"09";"150101";"LIMA";"LIMA";"LIMA";"PRIVADO";"I-3";"00016948";"MEDICENTRO COLMENA DE LA CLÍNICA INTERNACIONAL";"NE_0001";"";"NE_0001";"NE_0001";"NE_0001";"NE_0001";"NE_0001";"NE_0001";"NE_0001"
"2023";"08";"250304";"UCAYALI";"PADRE ABAD";"NESHUYA";"GOBIERNO REGIONAL";"I-1";"00030508";"PUESTO DE SALUD NOLBERTH DE ALTO ARUYA";"NE_0001";"";"NE_0001";"NE_0001";"NE_0001";"NE_0001";"NE_0001";"NE_0001";"NE_0001"
"2023";"08";"250304";"UCAYALI";"PADRE ABAD";"NESHUYA";"GOBIERNO REGIONAL";"I-1";"00030507";"PUESTO DE SALUD MAR DE PLATA";"NE_0001";"";"NE_0001";"NE_0001";"NE_0001";"NE_0001";"NE_0001";"NE_0001";"NE_0001"
"2023";"08";"250304";"UCAYALI";"PADRE ABAD";"NESHUYA";"GOBIERNO REGIONAL";"I-1";"00021850";"VIRGEN DEL CARMEN";"NE_0001";"";"NE_0001";"NE_0001";"NE_0001";"NE_0001";"NE_0001";"NE_0001";"NE_0001"
"2023";"08";"250304";"UCAYALI";"PADRE ABAD";"NESHUYA";"GOBIERNO REGIONAL";"I-1";"00007461";"SANTA ROSA DE GUINEA";"NE_0001";"";"NE_0001";"NE_0001";"NE_0001";"NE_0001";"NE_0001";"NE_0001";"NE_0001"
"2023";"08";"250304";"UCAYALI";"PADRE ABAD";"NESHUYA";"GOBIERNO REGIONAL";"I-1";"00007116";"VILLA DEL CAMPO";"NE_0001";"";"NE_0001";"NE_0001";"NE_0001";"NE_0001";"NE_0001";"NE_0001";"NE_0001"
"2023";"08";"250305";"UCAYALI";"PADRE ABAD";"ALEXANDER VON HUMBOLDT";"GOBIERNO REGIONAL";"I-1";"00005421";"EL MILAGRO KM   83";"NE_0001";"";"NE_0001";"NE_0001";"NE_0001";"NE_0001";"NE_0001";"NE_0001";"NE_0001"
"2023";"08";"250304";"UCAYALI";"PADRE ABAD";"NESHUYA";"GOBIERNO REGIONAL";"I-1";"00005420";"NUEVO SAN JUAN KM. 69";"NE_0001";"";"NE_0001";"NE_0001";"NE_0001";"NE_0001";"NE_0001";"NE_0001";"NE_0001"
"2023";"08";"250304";"UCAYALI";"PADRE ABAD";"NESHUYA";"GOBIERNO REGIONAL";"I-1";"00005419";"LA UNION";"NE_0001";"";"NE_0001";"NE_0001";"NE_0001";"NE_0001";"NE_0001";"NE_0001";"NE_0001"
"2023";"08";"250304";"UCAYALI";"PADRE ABAD";"NESHUYA";"GOBIERNO REGIONAL";"I-2";"00005418";"MONTE DE LOS OLIVOS";"NE_0001";"";"NE_0001";"NE_0001";"NE_0001";"NE_0001";"NE_0001";"NE_0001";"NE_0001"
"2023";"08";"250304";"UCAYALI";"PADRE ABAD";"NESHUYA";"GOBIERNO REGIONAL";"I-1";"00005417";"SAN JUAN KM. 71";"NE_0001";"";"NE_0001";"NE_0001";"NE_0001";"NE_0001";"NE_0001";"NE_0001";"NE_0001"
"2023";"08";"250305";"UCAYALI";"PADRE ABAD";"ALEXANDER VON HUMBOLDT";"GOBIERNO REGIONAL";"I-2";"00005416";"VON HUMBOLTD";"NE_0001";"";"NE_0001";"NE_0001";"NE_0001";"NE_0001";"NE_0001";"NE_0001";"NE_0001"
"2023";"08";"250304";"UCAYALI";"PADRE ABAD";"NESHUYA";"GOBIERNO REGIONAL";"I-3";"00005415";"MONTE ALEGRE-NESHUYA";"NE_0001";"";"NE_0001";"NE_0001";"NE_0001";"NE_0001";"NE_0001";"NE_0001";"NE_0001"
"2023";"10";"040201";"AREQUIPA";"CAMANA";"CAMANA";"SANIDAD DE LA POLICIA NACIONAL DEL PERU";"I-2";"00011661";"POSTA MEDICA POLICIAL CAMANA";"NE_0001";"";"NE_0001";"NE_0001";"NE_0001";"NE_0001";"NE_0001";"NE_0001";"NE_0001"
"2023";"10";"040112";"AREQUIPA";"AREQUIPA";"PAUCARPATA";"SANIDAD DE LA POLICIA NACIONAL DEL PERU";"I-2";"00011664";"POSTA MEDICA POLICIAL ""SAN MARTIN DE PORRES""  AREQUIPA";"NE_0001";"";"NE_0001";"NE_0001";"NE_0001";"NE_0001";"NE_0001";"NE_0001";"NE_0001"
"2023";"10";"080106";"CUSCO";"CUSCO";"SANTIAGO";"OTRO";"II-E";"00012995";"SAN JUAN PABLO II";"242200";"HOSPITALIZACIÓN DE MEDICINA PSIQUIATRÍA ";"40";"7";"125";"2875";"40";"1240";"0"
"2023";"10";"080601";"CUSCO";"CANCHIS";"SICUANI";"ESSALUD";"II-1";"00010063";"ESSALUD SICUANI";"240100";"HOSPITALIZACIÓN QUIRÚRGICA CIRUGÍA GENERAL ";"33";"30";"105";"105";"4";"124";"0"
"2023";"10";"080601";"CUSCO";"CANCHIS";"SICUANI";"ESSALUD";"II-1";"00010063";"ESSALUD SICUANI";"241500";"HOSPITALIZACIÓN QUIRÚRGICA GINECOLOGÍA  ";"22";"23";"60";"61";"2";"62";"0"
"2023";"10";"080601";"CUSCO";"CANCHIS";"SICUANI";"ESSALUD";"II-1";"00010063";"ESSALUD SICUANI";"241900";"HOSPITALIZACIÓN DE MEDICINA MEDICINA INTERNA ";"46";"44";"146";"149";"8";"248";"0"
"2023";"10";"080601";"CUSCO";"CANCHIS";"SICUANI";"ESSALUD";"II-1";"00010063";"ESSALUD SICUANI";"241600";"HOSPITALIZACIÓN QUIRÚRGICA OBSTETRICIA   ";"8";"8";"12";"12";"2";"62";"0"
"2023";"10";"080601";"CUSCO";"CANCHIS";"SICUANI";"ESSALUD";"II-1";"00010063";"ESSALUD SICUANI";"242300";"HOSPITALIZACIÓN DE PEDIATRÍA  PEDIATRÍA  GENERAL ";"7";"6";"21";"21";"2";"62";"0"
"2023";"10";"120412";"JUNIN";"JAUJA";"JULCAN";"GOBIERNO REGIONAL";"I-2";"00000393";"JULCAN";"NE_0001";"";"NE_0001";"NE_0001";"NE_0001";"NE_0001";"NE_0001";"NE_0001";"NE_0001"
"2023";"10";"120418";"JUNIN";"JAUJA";"MOLINOS";"GOBIERNO REGIONAL";"I-1";"00000398";"QUERO";"NE_0001";"";"NE_0001";"NE_0001";"NE_0001";"NE_0001";"NE_0001";"NE_0001";"NE_0001"
"2023";"10";"120418";"JUNIN";"JAUJA";"MOLINOS";"GOBIERNO REGIONAL";"I-2";"00000399";"CURIMARCA";"NE_0001";"";"NE_0001";"NE_0001";"NE_0001";"NE_0001";"NE_0001";"NE_0001";"NE_0001"
"2023";"10";"120416";"JUNIN";"JAUJA";"MASMA";"GOBIERNO REGIONAL";"I-3";"00000394";"MASMA";"NE_0001";"";"NE_0001";"NE_0001";"NE_0001";"NE_0001";"NE_0001";"NE_0001";"NE_0001"
"2023";"10";"220503";"SAN MARTIN";"LAMAS";"BARRANQUITA";"GOBIERNO REGIONAL";"I-1";"00006435";"SANTA CLARA";"NE_0001";"";"NE_0001";"NE_0001";"NE_0001";"NE_0001";"NE_0001";"NE_0001";"NE_0001"
"2023";"10";"110501";"ICA";"PISCO";"PISCO";"PRIVADO";"0";"00024336";"CENTRO DE MEDICINA FISICA Y REHABILITACION";"NE_0001";"";"NE_0001";"NE_0001";"NE_0001";"NE_0001";"NE_0001";"NE_0001";"NE_0001"
"2023";"10";"021701";"ANCASH";"RECUAY";"RECUAY";"GOBIERNO REGIONAL";"II-1";"00001472";"HOSPITAL DE APOYO RECUAY";"241800";"HOSPITALIZACIÓN DE MEDICINA MEDICINA GENERAL ";"18";"18";"81";"81";"4";"124";"0"
"2023";"10";"021701";"ANCASH";"RECUAY";"RECUAY";"GOBIERNO REGIONAL";"II-1";"00001472";"HOSPITAL DE APOYO RECUAY";"242500";"HOSPITALIZACIÓN-PEDIATRÍA GENERAL-";"6";"6";"12";"14";"1";"31";"0"
"2023";"10";"200601";"PIURA";"SULLANA";"SULLANA";"GOBIERNO REGIONAL";"II-2";"00001910";"HOSPITAL DE APOYO II - 2 SULLANA";"240700";"HOSPITALIZACIÓN QUIRÚRGICA CIRUGÍA PEDIÁTRICA ";"47";"47";"141";"126";"6";"186";"0"
"2023";"10";"200601";"PIURA";"SULLANA";"SULLANA";"GOBIERNO REGIONAL";"II-2";"00001910";"HOSPITAL DE APOYO II - 2 SULLANA";"241200";"HOSPITALIZACIÓN QUIRÚRGICA TRAUMATOLOGÍA Y ORTOPEDIA ";"9";"7";"80";"150";"6";"180";"0"
"2023";"10";"200601";"PIURA";"SULLANA";"SULLANA";"GOBIERNO REGIONAL";"II-2";"00001910";"HOSPITAL DE APOYO II - 2 SULLANA";"243200";"HOSPITALIZACIÓN DE PEDIATRÍA PEDIATRIA NEONATOLOGÍA";"35";"63";"551";"279";"18";"558";"0"
"2023";"10";"200601";"PIURA";"SULLANA";"SULLANA";"GOBIERNO REGIONAL";"II-2";"00001910";"HOSPITAL DE APOYO II - 2 SULLANA";"250105";"UNIDAD DE CUIDADOS CRITICOS UNIDAD  DE CUIDADOS INTENSIVOS  (UCI) NEONATOLOGÍA";"29";"8";"97";"282";"12";"372";"7"
"2023";"10";"200601";"PIURA";"SULLANA";"SULLANA";"GOBIERNO REGIONAL";"II-2";"00001910";"HOSPITAL DE APOYO II - 2 SULLANA";"242300";"HOSPITALIZACIÓN DE PEDIATRÍA  PEDIATRÍA  GENERAL ";"60";"63";"309";"240";"16";"496";"1"
"2023";"10";"200601";"PIURA";"SULLANA";"SULLANA";"GOBIERNO REGIONAL";"II-2";"00001910";"HOSPITAL DE APOYO II - 2 SULLANA";"241500";"HOSPITALIZACIÓN QUIRÚRGICA GINECOLOGÍA  ";"22";"22";"103";"95";"6";"186";"0"
"2023";"10";"200601";"PIURA";"SULLANA";"SULLANA";"GOBIERNO REGIONAL";"II-2";"00001910";"HOSPITAL DE APOYO II - 2 SULLANA";"241600";"HOSPITALIZACIÓN QUIRÚRGICA OBSTETRICIA   ";"335";"330";"973";"863";"38";"1178";"0"
"2023";"10";"200601";"PIURA";"SULLANA";"SULLANA";"GOBIERNO REGIONAL";"II-2";"00001910";"HOSPITAL DE APOYO II - 2 SULLANA";"250100";"UNIDAD DE CUIDADOS CRITICOS UNIDAD  DE CUIDADOS INTENSIVOS GENERALES (UCI) ";"24";"16";"356";"393";"15";"465";"13"
"2023";"10";"040101";"AREQUIPA";"AREQUIPA";"AREQUIPA";"PRIVADO";"II-E";"00013722";"CLINICA AREQUIPA S.A.";"240100";"HOSPITALIZACIÓN QUIRÚRGICA CIRUGÍA GENERAL ";"152";"144";"484";"662";"46";"1426";"0"
"2023";"10";"040101";"AREQUIPA";"AREQUIPA";"AREQUIPA";"PRIVADO";"II-E";"00013722";"CLINICA AREQUIPA S.A.";"241400";"HOSPITALIZACIÓN QUIRÚRGICA GINECO - OBSTETRICIA ";"53";"56";"117";"313";"27";"837";"1"
"2023";"10";"040101";"AREQUIPA";"AREQUIPA";"AREQUIPA";"PRIVADO";"II-E";"00013722";"CLINICA AREQUIPA S.A.";"241900";"HOSPITALIZACIÓN DE MEDICINA MEDICINA INTERNA ";"47";"54";"249";"293";"29";"899";"0"
"2023";"10";"040107";"AREQUIPA";"AREQUIPA";"JACOBO HUNTER";"GOBIERNO REGIONAL";"I-2";"00001273";"PUESTO DE SALUD DANIEL ALCIDES CARRION";"NE_0001";"";"NE_0001";"NE_0001";"NE_0001";"NE_0001";"NE_0001";"NE_0001";"NE_0001"
"2023";"10";"150141";"LIMA";"LIMA";"SURQUILLO";"PRIVADO";"II-1";"00009645";"INVERSIONES GENERALES SALOMON S.A.";"NE_0001";"";"NE_0001";"NE_0001";"NE_0001";"NE_0001";"NE_0001";"NE_0001";"NE_0001"
"2023";"10";"040107";"AREQUIPA";"AREQUIPA";"JACOBO HUNTER";"GOBIERNO REGIONAL";"I-3";"00001279";"PUESTO DE SALUD UPIS PAISAJISTA";"NE_0001";"";"NE_0001";"NE_0001";"NE_0001";"NE_0001";"NE_0001";"NE_0001";"NE_0001"
"2023";"10";"040107";"AREQUIPA";"AREQUIPA";"JACOBO HUNTER";"GOBIERNO REGIONAL";"I-4";"00001259";"CENTRO DE SALUD JAVIER LLOSA GARCIA -  HUNTER";"241600";"HOSPITALIZACIÓN QUIRÚRGICA OBSTETRICIA   ";"17";"17";"17";"1";"15";"16";"0"
"2023";"10";"040107";"AREQUIPA";"AREQUIPA";"JACOBO HUNTER";"GOBIERNO REGIONAL";"I-2";"00001276";"PUESTO DE SALUD CAMINOS DEL INCA";"NE_0001";"";"NE_0001";"NE_0001";"NE_0001";"NE_0001";"NE_0001";"NE_0001";"NE_0001"
"2023";"10";"040107";"AREQUIPA";"AREQUIPA";"JACOBO HUNTER";"GOBIERNO REGIONAL";"I-2";"00001274";"PUESTO DE SALUD AMPLIACION PAMPAS DEL CUZCO";"NE_0001";"";"NE_0001";"NE_0001";"NE_0001";"NE_0001";"NE_0001";"NE_0001";"NE_0001"
"2023";"10";"040107";"AREQUIPA";"AREQUIPA";"JACOBO HUNTER";"GOBIERNO REGIONAL";"I-2";"00001277";"PUESTO DE SALUD ALTO ALIANZA";"NE_0001";"";"NE_0001";"NE_0001";"NE_0001";"NE_0001";"NE_0001";"NE_0001";"NE_0001"
"2023";"10";"040107";"AREQUIPA";"AREQUIPA";"JACOBO HUNTER";"GOBIERNO REGIONAL";"I-2";"00001275";"PUESTO DE SALUD CHILPINILLA";"NE_0001";"";"NE_0001";"NE_0001";"NE_0001";"NE_0001";"NE_0001";"NE_0001";"NE_0001"
"2023";"10";"040107";"AREQUIPA";"AREQUIPA";"JACOBO HUNTER";"MINSA";"I-3";"00031488";"CENTRO DE SALUD MENTAL COMUNITARIO HUNTER";"NE_0001";"";"NE_0001";"NE_0001";"NE_0001";"NE_0001";"NE_0001";"NE_0001";"NE_0001"
"2023";"10";"100101";"HUANUCO";"HUANUCO";"HUANUCO";"GOBIERNO REGIONAL";"II-2";"00000754";"HOSPITAL REGIONAL HERMILIO VALDIZAN";"242500";"HOSPITALIZACIÓN-PEDIATRÍA GENERAL-";"80";"63";"456";"73";"60";"120";"0"
"2023";"10";"100101";"HUANUCO";"HUANUCO";"HUANUCO";"GOBIERNO REGIONAL";"II-2";"00000754";"HOSPITAL REGIONAL HERMILIO VALDIZAN";"241900";"HOSPITALIZACIÓN DE MEDICINA MEDICINA INTERNA ";"125";"97";"30";"20";"40";"140";"1"
"2023";"10";"100101";"HUANUCO";"HUANUCO";"HUANUCO";"GOBIERNO REGIONAL";"II-2";"00000754";"HOSPITAL REGIONAL HERMILIO VALDIZAN";"240100";"HOSPITALIZACIÓN QUIRÚRGICA CIRUGÍA GENERAL ";"115";"58";"45";"30";"30";"110";"0"
"2023";"10";"100101";"HUANUCO";"HUANUCO";"HUANUCO";"GOBIERNO REGIONAL";"II-2";"00000754";"HOSPITAL REGIONAL HERMILIO VALDIZAN";"250100";"UNIDAD DE CUIDADOS CRITICOS UNIDAD  DE CUIDADOS INTENSIVOS GENERALES (UCI) ";"12";"7";"89";"10";"4";"93";"1"
"2023";"10";"100101";"HUANUCO";"HUANUCO";"HUANUCO";"GOBIERNO REGIONAL";"II-2";"00000754";"HOSPITAL REGIONAL HERMILIO VALDIZAN";"241400";"HOSPITALIZACIÓN QUIRÚRGICA GINECO - OBSTETRICIA ";"153";"102";"60";"63";"20";"145";"0"
"2023";"10";"100101";"HUANUCO";"HUANUCO";"HUANUCO";"GOBIERNO REGIONAL";"II-2";"00000754";"HOSPITAL REGIONAL HERMILIO VALDIZAN";"243200";"HOSPITALIZACIÓN DE PEDIATRÍA PEDIATRIA NEONATOLOGÍA";"70";"60";"60";"35";"23";"90";"0"
"2023";"10";"100101";"HUANUCO";"HUANUCO";"HUANUCO";"GOBIERNO REGIONAL";"II-2";"00000754";"HOSPITAL REGIONAL HERMILIO VALDIZAN";"241500";"HOSPITALIZACIÓN QUIRÚRGICA GINECOLOGÍA  ";"15";"10";"20";"12";"8";"92";"0"
"2023";"10";"150601";"LIMA";"HUARAL";"HUARAL";"PRIVADO";"II-E";"00017081";"CLINICA SAN ANDRES";"241200";"HOSPITALIZACIÓN QUIRÚRGICA TRAUMATOLOGÍA Y ORTOPEDIA ";"7";"7";"9";"9";"2";"31";"0"
"2023";"10";"150601";"LIMA";"HUARAL";"HUARAL";"PRIVADO";"II-E";"00017081";"CLINICA SAN ANDRES";"241300";"HOSPITALIZACIÓN QUIRÚRGICA UROLOGÍA  ";"6";"6";"8";"8";"1";"31";"0"
"2023";"10";"150601";"LIMA";"HUARAL";"HUARAL";"PRIVADO";"II-E";"00017081";"CLINICA SAN ANDRES";"241800";"HOSPITALIZACIÓN DE MEDICINA MEDICINA GENERAL ";"2";"2";"4";"4";"2";"31";"0"
"2023";"10";"150601";"LIMA";"HUARAL";"HUARAL";"PRIVADO";"II-E";"00017081";"CLINICA SAN ANDRES";"240100";"HOSPITALIZACIÓN QUIRÚRGICA CIRUGÍA GENERAL ";"13";"13";"15";"15";"1";"31";"0"
"2023";"10";"150601";"LIMA";"HUARAL";"HUARAL";"PRIVADO";"II-E";"00017081";"CLINICA SAN ANDRES";"241500";"HOSPITALIZACIÓN QUIRÚRGICA GINECOLOGÍA  ";"3";"3";"5";"5";"1";"31";"0"
"2023";"10";"220206";"SAN MARTIN";"BELLAVISTA";"SAN RAFAEL";"GOBIERNO REGIONAL";"I-1";"00006504";"PALESTINA";"NE_0002";"";"NE_0002";"NE_0002";"NE_0002";"NE_0002";"NE_0002";"NE_0002";"NE_0002"
"2023";"10";"220205";"SAN MARTIN";"BELLAVISTA";"SAN PABLO";"GOBIERNO REGIONAL";"I-1";"00006514";"HUINGOYACU";"NE_0002";"";"NE_0002";"NE_0002";"NE_0002";"NE_0002";"NE_0002";"NE_0002";"NE_0002"
"2023";"10";"220204";"SAN MARTIN";"BELLAVISTA";"HUALLAGA";"GOBIERNO REGIONAL";"I-1";"00006562";"LEDOY";"NE_0002";"";"NE_0002";"NE_0002";"NE_0002";"NE_0002";"NE_0002";"NE_0002";"NE_0002"
"2023";"10";"220201";"SAN MARTIN";"BELLAVISTA";"BELLAVISTA";"GOBIERNO REGIONAL";"I-2";"00006511";"LAS  MERCEDES";"NE_0002";"";"NE_0002";"NE_0002";"NE_0002";"NE_0002";"NE_0002";"NE_0002";"NE_0002"
"2023";"10";"220206";"SAN MARTIN";"BELLAVISTA";"SAN RAFAEL";"GOBIERNO REGIONAL";"I-1";"00006517";"PANAMA";"NE_0002";"";"NE_0002";"NE_0002";"NE_0002";"NE_0002";"NE_0002";"NE_0002";"NE_0002"
"2023";"10";"220201";"SAN MARTIN";"BELLAVISTA";"BELLAVISTA";"GOBIERNO REGIONAL";"I-1";"00006785";"PERUATE";"NE_0002";"";"NE_0002";"NE_0002";"NE_0002";"NE_0002";"NE_0002";"NE_0002";"NE_0002"
"2023";"10";"220406";"SAN MARTIN";"HUALLAGA";"TINGO DE SAPOSOA";"GOBIERNO REGIONAL";"I-1";"00006546";"TINGO DE SAPOSOA";"NE_0002";"";"NE_0002";"NE_0002";"NE_0002";"NE_0002";"NE_0002";"NE_0002";"NE_0002"
"2023";"10";"150101";"LIMA";"LIMA";"LIMA";"ESSALUD";"II-1";"00009188";"HOSPITAL II RAMON CASTILLA";"241800";"HOSPITALIZACIÓN DE MEDICINA MEDICINA GENERAL ";"33";"37";"259";"292";"12";"372";"1"
"2023";"10";"150101";"LIMA";"LIMA";"LIMA";"ESSALUD";"II-1";"00009188";"HOSPITAL II RAMON CASTILLA";"250103";"UNIDAD DE CUIDADOS CRITICOS UNIDAD  DE CUIDADOS INTENSIVOS GENERALES  (UCI) MEDICINA";"10";"12";"94";"137";"6";"186";"3"
"2023";"10";"150101";"LIMA";"LIMA";"LIMA";"ESSALUD";"II-1";"00009188";"HOSPITAL II RAMON CASTILLA";"240100";"HOSPITALIZACIÓN QUIRÚRGICA CIRUGÍA GENERAL ";"151";"149";"444";"447";"18";"558";"0"
"2023";"10";"150101";"LIMA";"LIMA";"LIMA";"ESSALUD";"II-1";"00009188";"HOSPITAL II RAMON CASTILLA";"241400";"HOSPITALIZACIÓN QUIRÚRGICA GINECO - OBSTETRICIA ";"20";"20";"81";"93";"3";"93";"0"
"2023";"10";"150101";"LIMA";"LIMA";"LIMA";"ESSALUD";"II-1";"00009188";"HOSPITAL II RAMON CASTILLA";"241600";"HOSPITALIZACIÓN QUIRÚRGICA OBSTETRICIA   ";"85";"95";"249";"218";"12";"372";"0"
"2023";"10";"150101";"LIMA";"LIMA";"LIMA";"ESSALUD";"II-1";"00009188";"HOSPITAL II RAMON CASTILLA";"242300";"HOSPITALIZACIÓN DE PEDIATRÍA  PEDIATRÍA  GENERAL ";"49";"47";"189";"191";"7";"217";"0"
"2023";"10";"150101";"LIMA";"LIMA";"LIMA";"ESSALUD";"II-1";"00009188";"HOSPITAL II RAMON CASTILLA";"243200";"HOSPITALIZACIÓN DE PEDIATRÍA PEDIATRIA NEONATOLOGÍA";"4";"5";"14";"12";"1";"31";"0"
"2023";"10";"090101";"HUANCAVELICA";"HUANCAVELICA";"HUANCAVELICA";"GOBIERNO REGIONAL";"II-2";"00003853";"HOSPITAL DEPARTAMENTAL DE HUANCAVELICA";"240100";"HOSPITALIZACIÓN QUIRÚRGICA CIRUGÍA GENERAL ";"92";"92";"405";"450";"20";"660";"0"
"2023";"10";"090101";"HUANCAVELICA";"HUANCAVELICA";"HUANCAVELICA";"GOBIERNO REGIONAL";"II-2";"00003853";"HOSPITAL DEPARTAMENTAL DE HUANCAVELICA";"241200";"HOSPITALIZACIÓN QUIRÚRGICA TRAUMATOLOGÍA Y ORTOPEDIA ";"24";"24";"127";"180";"9";"360";"0"
"2023";"10";"090101";"HUANCAVELICA";"HUANCAVELICA";"HUANCAVELICA";"GOBIERNO REGIONAL";"II-2";"00003853";"HOSPITAL DEPARTAMENTAL DE HUANCAVELICA";"241400";"HOSPITALIZACIÓN QUIRÚRGICA GINECO - OBSTETRICIA ";"78";"78";"231";"420";"18";"570";"0"
"2023";"10";"090101";"HUANCAVELICA";"HUANCAVELICA";"HUANCAVELICA";"GOBIERNO REGIONAL";"II-2";"00003853";"HOSPITAL DEPARTAMENTAL DE HUANCAVELICA";"241500";"HOSPITALIZACIÓN QUIRÚRGICA GINECOLOGÍA  ";"58";"58";"133";"360";"18";"390";"0"
"2023";"10";"090101";"HUANCAVELICA";"HUANCAVELICA";"HUANCAVELICA";"GOBIERNO REGIONAL";"II-2";"00003853";"HOSPITAL DEPARTAMENTAL DE HUANCAVELICA";"241800";"HOSPITALIZACIÓN DE MEDICINA MEDICINA GENERAL ";"87";"87";"454";"240";"20";"450";"4"
"2023";"10";"090101";"HUANCAVELICA";"HUANCAVELICA";"HUANCAVELICA";"GOBIERNO REGIONAL";"II-2";"00003853";"HOSPITAL DEPARTAMENTAL DE HUANCAVELICA";"242300";"HOSPITALIZACIÓN DE PEDIATRÍA  PEDIATRÍA  GENERAL ";"42";"42";"219";"330";"11";"390";"0"
"2023";"10";"090101";"HUANCAVELICA";"HUANCAVELICA";"HUANCAVELICA";"GOBIERNO REGIONAL";"II-2";"00003853";"HOSPITAL DEPARTAMENTAL DE HUANCAVELICA";"243200";"HOSPITALIZACIÓN DE PEDIATRÍA PEDIATRIA NEONATOLOGÍA";"41";"41";"146";"390";"16";"480";"0"
"2023";"10";"090101";"HUANCAVELICA";"HUANCAVELICA";"HUANCAVELICA";"GOBIERNO REGIONAL";"II-2";"00003853";"HOSPITAL DEPARTAMENTAL DE HUANCAVELICA";"250103";"UNIDAD DE CUIDADOS CRITICOS UNIDAD  DE CUIDADOS INTENSIVOS GENERALES  (UCI) MEDICINA";"10";"10";"107";"330";"20";"390";"1"
"2023";"10";"090101";"HUANCAVELICA";"HUANCAVELICA";"HUANCAVELICA";"GOBIERNO REGIONAL";"II-2";"00003853";"HOSPITAL DEPARTAMENTAL DE HUANCAVELICA";"250108";"UNIDAD DE CUIDADOS CRITICOS UNIDAD  DE CUIDADOS INTENSIVOS  (UCI) PEDIÁTRICA";"4";"4";"25";"330";"11";"390";"0"
"2023";"11";"150131";"LIMA";"LIMA";"SAN ISIDRO";"ESSALUD";"I-3";"00015471";"CENTRO DE ATENCION PRIMARIA-CAP III SAN ISIDRO-ESSALUD";"NE_0001";"";"NE_0001";"NE_0001";"NE_0001";"NE_0001";"NE_0001";"NE_0001";"NE_0001"
"2023";"11";"130503";"LA LIBERTAD";"JULCAN";"CARABAMBA";"GOBIERNO REGIONAL";"I-2";"00006773";"VILLA MARIA";"NE_0002";"";"NE_0002";"NE_0002";"NE_0002";"NE_0002";"NE_0002";"NE_0002";"NE_0002"
"2023";"11";"130503";"LA LIBERTAD";"JULCAN";"CARABAMBA";"GOBIERNO REGIONAL";"I-3";"00005310";"CARABAMBA";"NE_0002";"";"NE_0002";"NE_0002";"NE_0002";"NE_0002";"NE_0002";"NE_0002";"NE_0002"
"2023";"11";"130503";"LA LIBERTAD";"JULCAN";"CARABAMBA";"GOBIERNO REGIONAL";"I-2";"00005311";"SAN JOSE DE SALO BAJO";"NE_0002";"";"NE_0002";"NE_0002";"NE_0002";"NE_0002";"NE_0002";"NE_0002";"NE_0002"
"2023";"11";"080703";"CUSCO";"CHUMBIVILCAS";"CHAMACA";"GOBIERNO REGIONAL";"I-2";"00002402";"CHAMACA";"NE_0001";"";"NE_0001";"NE_0001";"NE_0001";"NE_0001";"NE_0001";"NE_0001";"NE_0001"
"2023";"09";"150120";"LIMA";"LIMA";"MAGDALENA DEL MAR";"PRIVADO";"II-E";"00025749";"MEDAVAN";"240000";"HOSPITALIZACIÓN";"151";"154";"86";"169";"4";"120";"0"
"2023";"09";"060508";"CAJAMARCA";"CONTUMAZA";"YONAN";"GOBIERNO REGIONAL";"I-1";"00004589";"CAFETAL";"NE_0002";"";"NE_0002";"NE_0002";"NE_0002";"NE_0002";"NE_0002";"NE_0002";"NE_0002"
"2023";"09";"060508";"CAJAMARCA";"CONTUMAZA";"YONAN";"GOBIERNO REGIONAL";"I-1";"00004588";"VENTANILLA";"NE_0002";"";"NE_0002";"NE_0002";"NE_0002";"NE_0002";"NE_0002";"NE_0002";"NE_0002"
"2023";"09";"060503";"CAJAMARCA";"CONTUMAZA";"CUPISNIQUE";"GOBIERNO REGIONAL";"I-1";"00004590";"TRINIDAD";"NE_0002";"";"NE_0002";"NE_0002";"NE_0002";"NE_0002";"NE_0002";"NE_0002";"NE_0002"
"2023";"09";"060503";"CAJAMARCA";"CONTUMAZA";"CUPISNIQUE";"GOBIERNO REGIONAL";"I-1";"00004591";"SANTA CATALINA";"NE_0002";"";"NE_0002";"NE_0002";"NE_0002";"NE_0002";"NE_0002";"NE_0002";"NE_0002"
"2023";"09";"060508";"CAJAMARCA";"CONTUMAZA";"YONAN";"GOBIERNO REGIONAL";"I-4";"00004587";"TEMBLADERA";"241600";"HOSPITALIZACIÓN QUIRÚRGICA OBSTETRICIA   ";"13";"9";"19";"65";"5";"155";"0"
"2023";"09";"060508";"CAJAMARCA";"CONTUMAZA";"YONAN";"GOBIERNO REGIONAL";"I-4";"00004587";"TEMBLADERA";"241800";"HOSPITALIZACIÓN DE MEDICINA MEDICINA GENERAL ";"20";"29";"53";"190";"12";"360";"0"
"2023";"09";"060508";"CAJAMARCA";"CONTUMAZA";"YONAN";"GOBIERNO REGIONAL";"I-1";"00004592";"PAY PAY";"NE_0002";"";"NE_0002";"NE_0002";"NE_0002";"NE_0002";"NE_0002";"NE_0002";"NE_0002"
"2023";"09";"040104";"AREQUIPA";"AREQUIPA";"CERRO COLORADO";"GOBIERNO REGIONAL";"I-3";"00001238";"CENTRO DE SALUD MARISCAL CASTILLA";"NE_0002";"";"NE_0002";"NE_0002";"NE_0002";"NE_0002";"NE_0002";"NE_0002";"NE_0002"
"2023";"09";"040104";"AREQUIPA";"AREQUIPA";"CERRO COLORADO";"GOBIERNO REGIONAL";"I-3";"00001249";"CENTRO DE SALUD SEMI RURAL PACHACUTEC";"NE_0002";"";"NE_0002";"NE_0002";"NE_0002";"NE_0002";"NE_0002";"NE_0002";"NE_0002"
"2023";"09";"040104";"AREQUIPA";"AREQUIPA";"CERRO COLORADO";"GOBIERNO REGIONAL";"I-2";"00001250";"PUESTO DE SALUD JOSE SANTOS ATAHUALPA";"NE_0002";"";"NE_0002";"NE_0002";"NE_0002";"NE_0002";"NE_0002";"NE_0002";"NE_0002"
"2023";"09";"040104";"AREQUIPA";"AREQUIPA";"CERRO COLORADO";"GOBIERNO REGIONAL";"I-1";"00001252";"PUESTO DE SALUD EL CURAL";"NE_0002";"";"NE_0002";"NE_0002";"NE_0002";"NE_0002";"NE_0002";"NE_0002";"NE_0002"
"2023";"09";"100102";"HUANUCO";"HUANUCO";"AMARILIS";"GOBIERNO REGIONAL";"I-3";"00027821";"CENTRO DE SALUD AMARILIS";"NE_0001";"";"NE_0001";"NE_0001";"NE_0001";"NE_0001";"NE_0001";"NE_0001";"NE_0001"
"2023";"09";"100102";"HUANUCO";"HUANUCO";"AMARILIS";"GOBIERNO REGIONAL";"I-3";"00027051";"CENTRO DE SALUD MENTAL COMUNITARIO PAKKARIN";"NE_0001";"";"NE_0001";"NE_0001";"NE_0001";"NE_0001";"NE_0001";"NE_0001";"NE_0001"
"2023";"09";"100102";"HUANUCO";"HUANUCO";"AMARILIS";"GOBIERNO REGIONAL";"I-2";"00000763";"PUESTO DE SALUD DE LLICUA";"NE_0001";"";"NE_0001";"NE_0001";"NE_0001";"NE_0001";"NE_0001";"NE_0001";"NE_0001"
"2023";"09";"100102";"HUANUCO";"HUANUCO";"AMARILIS";"GOBIERNO REGIONAL";"I-2";"00000762";"PAUCAR";"NE_0001";"";"NE_0001";"NE_0001";"NE_0001";"NE_0001";"NE_0001";"NE_0001";"NE_0001"
"2023";"09";"100102";"HUANUCO";"HUANUCO";"AMARILIS";"GOBIERNO REGIONAL";"I-2";"00000761";"MALCONGA";"NE_0001";"";"NE_0001";"NE_0001";"NE_0001";"NE_0001";"NE_0001";"NE_0001";"NE_0001"
"2023";"09";"100102";"HUANUCO";"HUANUCO";"AMARILIS";"GOBIERNO REGIONAL";"I-2";"00000760";"LA ESPERANZA";"NE_0001";"";"NE_0001";"NE_0001";"NE_0001";"NE_0001";"NE_0001";"NE_0001";"NE_0001"
"2023";"09";"100102";"HUANUCO";"HUANUCO";"AMARILIS";"GOBIERNO REGIONAL";"I-4";"00000755";"PERU-COREA";"241600";"HOSPITALIZACIÓN QUIRÚRGICA OBSTETRICIA   ";"87";"91";"178";"59";"6";"150";"0"
"2023";"10";"040109";"AREQUIPA";"AREQUIPA";"MARIANO MELGAR";"SANIDAD DEL EJERCITO DEL PERU";"II-1";"00018659";"HOSPITAL MILITAR DIVISIONARIO III DE AREQUIPA";"240100";"HOSPITALIZACIÓN QUIRÚRGICA CIRUGÍA GENERAL ";"22";"25";"90";"154";"8";"158";"0"
"2023";"10";"040109";"AREQUIPA";"AREQUIPA";"MARIANO MELGAR";"SANIDAD DEL EJERCITO DEL PERU";"II-1";"00018659";"HOSPITAL MILITAR DIVISIONARIO III DE AREQUIPA";"241800";"HOSPITALIZACIÓN DE MEDICINA MEDICINA GENERAL ";"18";"19";"124";"128";"26";"678";"0"
"2023";"10";"150108";"LIMA";"LIMA";"CHORRILLOS";"MINSA";"III-E";"00007734";"INSTITUTO NACIONAL DE REHABILITACION DRA. ADRIANA REBAZA FLORES - AMISTAD PERU-JAPON";"240000";"HOSPITALIZACIÓN";"13";"17";"1508";"906";"32";"992";"0"
"2023";"10";"220102";"SAN MARTIN";"MOYOBAMBA";"CALZADA";"GOBIERNO REGIONAL";"I-1";"00006331";"SANTA ROSA BAJO TANGUMI";"NE_0001";"";"NE_0001";"NE_0001";"NE_0001";"NE_0001";"NE_0001";"NE_0001";"NE_0001"
"2023";"10";"150130";"LIMA";"LIMA";"SAN BORJA";"PRIVADO";"I-2";"00024872";"LINE CONTROL CENTER";"NE_0001";"";"NE_0001";"NE_0001";"NE_0001";"NE_0001";"NE_0001";"NE_0001";"NE_0001"
"2023";"10";"140101";"LAMBAYEQUE";"CHICLAYO";"CHICLAYO";"ESSALUD";"III-1";"00008577";"HOSPITAL NACIONAL ALMANZOR AGUINAGA ASENJO";"244000";"HOSPITALIZACIÓN DE MEDICINA CARDIOLOGIA ";"82";"83";"672";"703";"17";"738";"0"
"2023";"10";"140101";"LAMBAYEQUE";"CHICLAYO";"CHICLAYO";"ESSALUD";"III-1";"00008577";"HOSPITAL NACIONAL ALMANZOR AGUINAGA ASENJO";"240200";"HOSPITALIZACIÓN QUIRÚRGICA CIRUGÍA DE CABEZA Y CUELLO / MÁXILO FACIAL ";"19";"22";"142";"127";"5";"148";"0"
"2023";"10";"140101";"LAMBAYEQUE";"CHICLAYO";"CHICLAYO";"ESSALUD";"III-1";"00008577";"HOSPITAL NACIONAL ALMANZOR AGUINAGA ASENJO";"240400";"HOSPITALIZACIÓN QUIRÚRGICA CIRUGÍA DE TÓRAX Y CARDIOVASCULAR ";"16";"17";"256";"114";"10";"131";"0"
"2023";"10";"140101";"LAMBAYEQUE";"CHICLAYO";"CHICLAYO";"ESSALUD";"III-1";"00008577";"HOSPITAL NACIONAL ALMANZOR AGUINAGA ASENJO";"240100";"HOSPITALIZACIÓN QUIRÚRGICA CIRUGÍA GENERAL ";"78";"87";"960";"811";"30";"874";"1"
"2023";"10";"140101";"LAMBAYEQUE";"CHICLAYO";"CHICLAYO";"ESSALUD";"III-1";"00008577";"HOSPITAL NACIONAL ALMANZOR AGUINAGA ASENJO";"240700";"HOSPITALIZACIÓN QUIRÚRGICA CIRUGÍA PEDIÁTRICA ";"30";"35";"173";"151";"8";"248";"0"
"2023";"10";"140101";"LAMBAYEQUE";"CHICLAYO";"CHICLAYO";"ESSALUD";"III-1";"00008577";"HOSPITAL NACIONAL ALMANZOR AGUINAGA ASENJO";"240801";"HOSPITALIZACIÓN QUIRÚRGICA CIRUGÍA PLÁSTICA/RECONSTRUCTIVA/ REPARADORA QUEMADOS";"12";"13";"78";"114";"4";"128";"0"
"2023";"10";"140101";"LAMBAYEQUE";"CHICLAYO";"CHICLAYO";"ESSALUD";"III-1";"00008577";"HOSPITAL NACIONAL ALMANZOR AGUINAGA ASENJO";"244200";"HOSPITALIZACIÓN DE MEDICINA ENDOCRINOLOGIA ";"4";"6";"52";"47";"3";"51";"0"
"2023";"10";"140101";"LAMBAYEQUE";"CHICLAYO";"CHICLAYO";"ESSALUD";"III-1";"00008577";"HOSPITAL NACIONAL ALMANZOR AGUINAGA ASENJO";"244300";"HOSPITALIZACIÓN DE MEDICINA GASTROENTEROLOGÍA  ";"50";"50";"478";"481";"17";"511";"3"
"2023";"10";"140101";"LAMBAYEQUE";"CHICLAYO";"CHICLAYO";"ESSALUD";"III-1";"00008577";"HOSPITAL NACIONAL ALMANZOR AGUINAGA ASENJO";"244400";"HOSPITALIZACIÓN DE MEDICINA GERIATRIA ";"30";"40";"708";"608";"20";"625";"11"
"2023";"10";"140101";"LAMBAYEQUE";"CHICLAYO";"CHICLAYO";"ESSALUD";"III-1";"00008577";"HOSPITAL NACIONAL ALMANZOR AGUINAGA ASENJO";"241500";"HOSPITALIZACIÓN QUIRÚRGICA GINECOLOGÍA  ";"126";"132";"413";"319";"12";"363";"0"
"2023";"10";"140101";"LAMBAYEQUE";"CHICLAYO";"CHICLAYO";"ESSALUD";"III-1";"00008577";"HOSPITAL NACIONAL ALMANZOR AGUINAGA ASENJO";"244500";"HOSPITALIZACIÓN DE MEDICINA HEMATOLOGÍA ";"26";"26";"560";"571";"19";"612";"3"
"2023";"10";"140101";"LAMBAYEQUE";"CHICLAYO";"CHICLAYO";"ESSALUD";"III-1";"00008577";"HOSPITAL NACIONAL ALMANZOR AGUINAGA ASENJO";"241900";"HOSPITALIZACIÓN DE MEDICINA MEDICINA INTERNA ";"48";"47";"856";"908";"29";"943";"6"
"2023";"10";"140101";"LAMBAYEQUE";"CHICLAYO";"CHICLAYO";"ESSALUD";"III-1";"00008577";"HOSPITAL NACIONAL ALMANZOR AGUINAGA ASENJO";"244600";"HOSPITALIZACIÓN DE MEDICINA NEFROLOGIA ";"22";"26";"223";"237";"10";"279";"0"
"2023";"10";"140101";"LAMBAYEQUE";"CHICLAYO";"CHICLAYO";"ESSALUD";"III-1";"00008577";"HOSPITAL NACIONAL ALMANZOR AGUINAGA ASENJO";"243200";"HOSPITALIZACIÓN DE PEDIATRÍA PEDIATRIA NEONATOLOGÍA";"149";"87";"1180";"622";"18";"622";"3"
"2023";"10";"140101";"LAMBAYEQUE";"CHICLAYO";"CHICLAYO";"ESSALUD";"III-1";"00008577";"HOSPITAL NACIONAL ALMANZOR AGUINAGA ASENJO";"245300";"HOSPITALIZACIÓN DE MEDICINA NEUMOLOGÍA  ";"12";"15";"331";"265";"10";"291";"4"
"2023";"10";"140101";"LAMBAYEQUE";"CHICLAYO";"CHICLAYO";"ESSALUD";"III-1";"00008577";"HOSPITAL NACIONAL ALMANZOR AGUINAGA ASENJO";"240900";"HOSPITALIZACIÓN QUIRÚRGICA NEUROCIRUGÍA ";"26";"31";"594";"429";"17";"442";"0"
"2023";"10";"140101";"LAMBAYEQUE";"CHICLAYO";"CHICLAYO";"ESSALUD";"III-1";"00008577";"HOSPITAL NACIONAL ALMANZOR AGUINAGA ASENJO";"244700";"HOSPITALIZACIÓN DE MEDICINA NEUROLOGIA  ";"23";"23";"286";"353";"14";"395";"0"
"2023";"10";"140101";"LAMBAYEQUE";"CHICLAYO";"CHICLAYO";"ESSALUD";"III-1";"00008577";"HOSPITAL NACIONAL ALMANZOR AGUINAGA ASENJO";"241600";"HOSPITALIZACIÓN QUIRÚRGICA OBSTETRICIA   ";"176";"193";"739";"694";"25";"775";"0"
"2023";"10";"140101";"LAMBAYEQUE";"CHICLAYO";"CHICLAYO";"ESSALUD";"III-1";"00008577";"HOSPITAL NACIONAL ALMANZOR AGUINAGA ASENJO";"240600";"HOSPITALIZACIÓN QUIRÚRGICA CIRUGÍA OFTALMOLÓGICA ";"0";"1";"83";"24";"2";"30";"0"
"2023";"10";"140101";"LAMBAYEQUE";"CHICLAYO";"CHICLAYO";"ESSALUD";"III-1";"00008577";"HOSPITAL NACIONAL ALMANZOR AGUINAGA ASENJO";"242100";"HOSPITALIZACIÓN DE MEDICINA ONCOLOGÍA MÉDICA ";"87";"96";"447";"384";"15";"460";"2"
"2023";"10";"140101";"LAMBAYEQUE";"CHICLAYO";"CHICLAYO";"ESSALUD";"III-1";"00008577";"HOSPITAL NACIONAL ALMANZOR AGUINAGA ASENJO";"241200";"HOSPITALIZACIÓN QUIRÚRGICA TRAUMATOLOGÍA Y ORTOPEDIA ";"124";"121";"1134";"963";"30";"995";"0"
"2023";"10";"140101";"LAMBAYEQUE";"CHICLAYO";"CHICLAYO";"ESSALUD";"III-1";"00008577";"HOSPITAL NACIONAL ALMANZOR AGUINAGA ASENJO";"241100";"HOSPITALIZACIÓN QUIRÚRGICA OTORRINOLARINGOLOGÍA  ";"34";"36";"92";"89";"5";"105";"0"
"2023";"10";"140101";"LAMBAYEQUE";"CHICLAYO";"CHICLAYO";"ESSALUD";"III-1";"00008577";"HOSPITAL NACIONAL ALMANZOR AGUINAGA ASENJO";"242300";"HOSPITALIZACIÓN DE PEDIATRÍA  PEDIATRÍA  GENERAL ";"61";"56";"830";"543";"20";"621";"0"
"2023";"10";"140101";"LAMBAYEQUE";"CHICLAYO";"CHICLAYO";"ESSALUD";"III-1";"00008577";"HOSPITAL NACIONAL ALMANZOR AGUINAGA ASENJO";"242200";"HOSPITALIZACIÓN DE MEDICINA PSIQUIATRÍA ";"25";"22";"373";"406";"16";"496";"0"
"2023";"10";"140101";"LAMBAYEQUE";"CHICLAYO";"CHICLAYO";"ESSALUD";"III-1";"00008577";"HOSPITAL NACIONAL ALMANZOR AGUINAGA ASENJO";"241300";"HOSPITALIZACIÓN QUIRÚRGICA UROLOGÍA  ";"32";"36";"236";"247";"16";"319";"0"
"2023";"10";"140101";"LAMBAYEQUE";"CHICLAYO";"CHICLAYO";"ESSALUD";"III-1";"00008577";"HOSPITAL NACIONAL ALMANZOR AGUINAGA ASENJO";"250100";"UNIDAD DE CUIDADOS CRITICOS UNIDAD  DE CUIDADOS INTENSIVOS GENERALES (UCI) ";"21";"12";"146";"495";"38";"651";"12"
"2023";"10";"140101";"LAMBAYEQUE";"CHICLAYO";"CHICLAYO";"ESSALUD";"III-1";"00008577";"HOSPITAL NACIONAL ALMANZOR AGUINAGA ASENJO";"250200";"UNIDAD DE CUIDADOS CRITICOS UNIDAD DE CUIDADOS INTERMEDIOS GENERAL  (UCIN) ";"3";"5";"226";"382";"13";"403";"5"
"2023";"10";"150801";"LIMA";"HUAURA";"HUACHO";"ESSALUD";"II-2";"00011337";"HOSPITAL II GUSTAVO LANATTA LUJAN - ESSALUD";"241800";"HOSPITALIZACIÓN DE MEDICINA MEDICINA GENERAL ";"88";"89";"869";"941";"36";"1116";"18"
"2023";"10";"150801";"LIMA";"HUAURA";"HUACHO";"ESSALUD";"II-2";"00011337";"HOSPITAL II GUSTAVO LANATTA LUJAN - ESSALUD";"240100";"HOSPITALIZACIÓN QUIRÚRGICA CIRUGÍA GENERAL ";"139";"141";"584";"568";"28";"868";"0"
"2023";"10";"150801";"LIMA";"HUAURA";"HUACHO";"ESSALUD";"II-2";"00011337";"HOSPITAL II GUSTAVO LANATTA LUJAN - ESSALUD";"241200";"HOSPITALIZACIÓN QUIRÚRGICA TRAUMATOLOGÍA Y ORTOPEDIA ";"31";"28";"152";"150";"6";"186";"0"
"2023";"10";"150801";"LIMA";"HUAURA";"HUACHO";"ESSALUD";"II-2";"00011337";"HOSPITAL II GUSTAVO LANATTA LUJAN - ESSALUD";"241500";"HOSPITALIZACIÓN QUIRÚRGICA GINECOLOGÍA  ";"53";"58";"139";"125";"6";"186";"0"
"2023";"10";"150801";"LIMA";"HUAURA";"HUACHO";"ESSALUD";"II-2";"00011337";"HOSPITAL II GUSTAVO LANATTA LUJAN - ESSALUD";"241600";"HOSPITALIZACIÓN QUIRÚRGICA OBSTETRICIA   ";"144";"148";"285";"269";"18";"558";"0"
"2023";"10";"150801";"LIMA";"HUAURA";"HUACHO";"ESSALUD";"II-2";"00011337";"HOSPITAL II GUSTAVO LANATTA LUJAN - ESSALUD";"242300";"HOSPITALIZACIÓN DE PEDIATRÍA  PEDIATRÍA  GENERAL ";"44";"43";"127";"152";"12";"372";"0"
"2023";"10";"150801";"LIMA";"HUAURA";"HUACHO";"ESSALUD";"II-2";"00011337";"HOSPITAL II GUSTAVO LANATTA LUJAN - ESSALUD";"243200";"HOSPITALIZACIÓN DE PEDIATRÍA PEDIATRIA NEONATOLOGÍA";"29";"29";"46";"47";"5";"155";"0"
"2023";"10";"150801";"LIMA";"HUAURA";"HUACHO";"ESSALUD";"II-2";"00011337";"HOSPITAL II GUSTAVO LANATTA LUJAN - ESSALUD";"250100";"UNIDAD DE CUIDADOS CRITICOS UNIDAD  DE CUIDADOS INTENSIVOS GENERALES (UCI) ";"19";"15";"142";"89";"4";"124";"4"
"2023";"10";"051108";"AYACUCHO";"VILCAS HUAMAN";"VISCHONGO";"GOBIERNO REGIONAL";"I-1";"00006613";"PUESTO DE SALUD PATAHUASI";"NE_0001";"";"NE_0001";"NE_0001";"NE_0001";"NE_0001";"NE_0001";"NE_0001";"NE_0001"
"2023";"10";"051105";"AYACUCHO";"VILCAS HUAMAN";"HUAMBALPA";"GOBIERNO REGIONAL";"I-1";"00006606";"PUESTO DE SALUD SAN ANTONIO DE COCHAS";"NE_0001";"";"NE_0001";"NE_0001";"NE_0001";"NE_0001";"NE_0001";"NE_0001";"NE_0001"
"2023";"10";"051101";"AYACUCHO";"VILCAS HUAMAN";"VILCAS HUAMAN";"GOBIERNO REGIONAL";"I-1";"00011416";"PUESTO DE SALUD COLPAPAMPA";"NE_0001";"";"NE_0001";"NE_0001";"NE_0001";"NE_0001";"NE_0001";"NE_0001";"NE_0001"
"2023";"10";"051101";"AYACUCHO";"VILCAS HUAMAN";"VILCAS HUAMAN";"GOBIERNO REGIONAL";"I-1";"00003848";"PUESTO DE SALUD HUACCAÑA";"NE_0001";"";"NE_0001";"NE_0001";"NE_0001";"NE_0001";"NE_0001";"NE_0001";"NE_0001"
"2023";"10";"051101";"AYACUCHO";"VILCAS HUAMAN";"VILCAS HUAMAN";"GOBIERNO REGIONAL";"I-1";"00003850";"PUESTO DE SALUD SAN FRANCISCO DE PUJAS";"NE_0001";"";"NE_0001";"NE_0001";"NE_0001";"NE_0001";"NE_0001";"NE_0001";"NE_0001"
"2023";"10";"051102";"AYACUCHO";"VILCAS HUAMAN";"ACCOMARCA";"GOBIERNO REGIONAL";"I-1";"00003843";"PUESTO DE SALUD PONGOCOCHA";"NE_0001";"";"NE_0001";"NE_0001";"NE_0001";"NE_0001";"NE_0001";"NE_0001";"NE_0001"
"2023";"10";"051104";"AYACUCHO";"VILCAS HUAMAN";"CONCEPCION";"GOBIERNO REGIONAL";"I-1";"00003851";"PUESTO DE SALUD SAN ANTONIO ASTANYA";"NE_0001";"";"NE_0001";"NE_0001";"NE_0001";"NE_0001";"NE_0001";"NE_0001";"NE_0001"
"2023";"10";"051108";"AYACUCHO";"VILCAS HUAMAN";"VISCHONGO";"GOBIERNO REGIONAL";"I-1";"00006614";"PUESTO DE SALUD POMACOCHA";"NE_0001";"";"NE_0001";"NE_0001";"NE_0001";"NE_0001";"NE_0001";"NE_0001";"NE_0001"
"2023";"10";"051108";"AYACUCHO";"VILCAS HUAMAN";"VISCHONGO";"GOBIERNO REGIONAL";"I-1";"00027647";"PUESTO DE SALUD SAN LORENZO DE ÑUÑUNHUAYCCO";"NE_0001";"";"NE_0001";"NE_0001";"NE_0001";"NE_0001";"NE_0001";"NE_0001";"NE_0001"
"2023";"10";"051102";"AYACUCHO";"VILCAS HUAMAN";"ACCOMARCA";"GOBIERNO REGIONAL";"I-2";"00003841";"PUESTO DE SALUD ACCOMARCA";"NE_0001";"";"NE_0001";"NE_0001";"NE_0001";"NE_0001";"NE_0001";"NE_0001";"NE_0001"
"2023";"10";"051102";"AYACUCHO";"VILCAS HUAMAN";"ACCOMARCA";"GOBIERNO REGIONAL";"I-1";"00003842";"PUESTO DE SALUD HUARCAS";"NE_0001";"";"NE_0001";"NE_0001";"NE_0001";"NE_0001";"NE_0001";"NE_0001";"NE_0001"
"2023";"10";"051101";"AYACUCHO";"VILCAS HUAMAN";"VILCAS HUAMAN";"GOBIERNO REGIONAL";"I-4";"00003847";"CENTRO DE SALUD VILCASHUAMAN";"NE_0001";"";"NE_0001";"NE_0001";"NE_0001";"NE_0001";"NE_0001";"NE_0001";"NE_0001"
"2023";"10";"051106";"AYACUCHO";"VILCAS HUAMAN";"INDEPENDENCIA";"GOBIERNO REGIONAL";"I-2";"00003844";"PUESTO DE SALUD PACCHAHUALLHUA";"NE_0001";"";"NE_0001";"NE_0001";"NE_0001";"NE_0001";"NE_0001";"NE_0001";"NE_0001"
"2023";"10";"051101";"AYACUCHO";"VILCAS HUAMAN";"VILCAS HUAMAN";"GOBIERNO REGIONAL";"I-1";"00003849";"POMATAMBO";"NE_0001";"";"NE_0001";"NE_0001";"NE_0001";"NE_0001";"NE_0001";"NE_0001";"NE_0001"
"2023";"10";"051104";"AYACUCHO";"VILCAS HUAMAN";"CONCEPCION";"GOBIERNO REGIONAL";"I-2";"00003852";"PUESTO DE SALUD CONCEPCION";"NE_0001";"";"NE_0001";"NE_0001";"NE_0001";"NE_0001";"NE_0001";"NE_0001";"NE_0001"
"2023";"10";"051105";"AYACUCHO";"VILCAS HUAMAN";"HUAMBALPA";"GOBIERNO REGIONAL";"I-2";"00006605";"PUESTO DE SALUD HUAMBALPA";"NE_0001";"";"NE_0001";"NE_0001";"NE_0001";"NE_0001";"NE_0001";"NE_0001";"NE_0001"
"2023";"10";"051108";"AYACUCHO";"VILCAS HUAMAN";"VISCHONGO";"GOBIERNO REGIONAL";"I-1";"00006611";"PUESTO DE SALUD DE CHIRIBAMBA";"NE_0001";"";"NE_0001";"NE_0001";"NE_0001";"NE_0001";"NE_0001";"NE_0001";"NE_0001"
"2023";"10";"130702";"LA LIBERTAD";"PACASMAYO";"GUADALUPE";"ESSALUD";"I-2";"00009486";"POSTA DE SALUD LIMONCARRO";"NE_0001";"";"NE_0001";"NE_0001";"NE_0001";"NE_0001";"NE_0001";"NE_0001";"NE_0001"
"2023";"10";"150140";"LIMA";"LIMA";"SANTIAGO DE SURCO";"PRIVADO";"II-E";"00013064";"CLINICA CEDRON";"240000";"HOSPITALIZACIÓN";"25";"25";"40";"40";"6";"186";"0"
"2023";"11";"040101";"AREQUIPA";"AREQUIPA";"AREQUIPA";"PRIVADO";"I-4";"00014765";"CENTRO MEDICO MONTE CARMELO";"240000";"HOSPITALIZACIÓN";"2";"2";"9";"9";"10";"300";"0"
"2023";"11";"060807";"CAJAMARCA";"JAEN";"POMAHUACA";"GOBIERNO REGIONAL";"I-1";"00016134";"COLAGUAY";"NE_0001";"";"NE_0001";"NE_0001";"NE_0001";"NE_0001";"NE_0001";"NE_0001";"NE_0001"
"2023";"11";"060807";"CAJAMARCA";"JAEN";"POMAHUACA";"GOBIERNO REGIONAL";"I-1";"00027935";"TAYAS";"NE_0001";"";"NE_0001";"NE_0001";"NE_0001";"NE_0001";"NE_0001";"NE_0001";"NE_0001"
"2023";"11";"060807";"CAJAMARCA";"JAEN";"POMAHUACA";"GOBIERNO REGIONAL";"I-3";"00004247";"POMAHUACA";"NE_0001";"";"NE_0001";"NE_0001";"NE_0001";"NE_0001";"NE_0001";"NE_0001";"NE_0001"
"2023";"11";"060807";"CAJAMARCA";"JAEN";"POMAHUACA";"GOBIERNO REGIONAL";"I-1";"00016139";"YAMBOLON";"NE_0001";"";"NE_0001";"NE_0001";"NE_0001";"NE_0001";"NE_0001";"NE_0001";"NE_0001"
"2023";"11";"060807";"CAJAMARCA";"JAEN";"POMAHUACA";"GOBIERNO REGIONAL";"I-1";"00007166";"MANGAYPA";"NE_0001";"";"NE_0001";"NE_0001";"NE_0001";"NE_0001";"NE_0001";"NE_0001";"NE_0001"
"2023";"11";"090701";"HUANCAVELICA";"TAYACAJA";"PAMPAS";"SANIDAD DE LA POLICIA NACIONAL DEL PERU";"I-2";"00010153";"POSTA MEDICA POLICIAL PAMPAS";"NE_0001";"";"NE_0001";"NE_0001";"NE_0001";"NE_0001";"NE_0001";"NE_0001";"NE_0001"
"2023";"11";"200104";"PIURA";"PIURA";"CASTILLA";"PRIVADO";"II-E";"00013165";"CENTRO DE REPOSO SAN JUAN DE DIOS";"242202";"HOSPITALIZACIÓN DE MEDICINA PSIQUIATRÍA PSIQUIATRÍA DEL ADULTO Y GERONTE";"48";"45";"1033";"723";"46";"1380";"0"
"2023";"11";"040413";"AREQUIPA";"CASTILLA";"URACA";"ESSALUD";"I-2";"00013300";"POSTA MEDICA  CORIRE";"NE_0001";"";"NE_0001";"NE_0001";"NE_0001";"NE_0001";"NE_0001";"NE_0001";"NE_0001"
"2023";"11";"061112";"CAJAMARCA";"SAN MIGUEL";"TONGOD";"GOBIERNO REGIONAL";"I-1";"00007085";"PISIT";"NE_0001";"";"NE_0001";"NE_0001";"NE_0001";"NE_0001";"NE_0001";"NE_0001";"NE_0001"
"2023";"08";"170101";"MADRE DE DIOS";"TAMBOPATA";"TAMBOPATA";"GOBIERNO REGIONAL";"II-1";"00002698";"HOSPITAL SANTA ROSA";"241200";"HOSPITALIZACIÓN QUIRÚRGICA TRAUMATOLOGÍA Y ORTOPEDIA ";"63";"50";"357";"63";"16";"620";"0"
"2023";"08";"170101";"MADRE DE DIOS";"TAMBOPATA";"TAMBOPATA";"GOBIERNO REGIONAL";"II-1";"00002698";"HOSPITAL SANTA ROSA";"241600";"HOSPITALIZACIÓN QUIRÚRGICA OBSTETRICIA   ";"316";"316";"816";"316";"22";"1147";"0"
"2023";"08";"170101";"MADRE DE DIOS";"TAMBOPATA";"TAMBOPATA";"GOBIERNO REGIONAL";"II-1";"00002698";"HOSPITAL SANTA ROSA";"241800";"HOSPITALIZACIÓN DE MEDICINA MEDICINA GENERAL ";"96";"85";"523";"96";"22";"1240";"0"
"2023";"08";"170101";"MADRE DE DIOS";"TAMBOPATA";"TAMBOPATA";"GOBIERNO REGIONAL";"II-1";"00002698";"HOSPITAL SANTA ROSA";"240100";"HOSPITALIZACIÓN QUIRÚRGICA CIRUGÍA GENERAL ";"121";"118";"568";"121";"26";"837";"0"
"2023";"08";"170101";"MADRE DE DIOS";"TAMBOPATA";"TAMBOPATA";"GOBIERNO REGIONAL";"II-1";"00002698";"HOSPITAL SANTA ROSA";"243200";"HOSPITALIZACIÓN DE PEDIATRÍA PEDIATRIA NEONATOLOGÍA";"218";"218";"510";"218";"7";"589";"0"
"2023";"08";"170101";"MADRE DE DIOS";"TAMBOPATA";"TAMBOPATA";"GOBIERNO REGIONAL";"II-1";"00002698";"HOSPITAL SANTA ROSA";"242500";"HOSPITALIZACIÓN-PEDIATRÍA GENERAL-";"118";"115";"452";"118";"5";"558";"0"
"2023";"08";"170101";"MADRE DE DIOS";"TAMBOPATA";"TAMBOPATA";"GOBIERNO REGIONAL";"II-1";"00002698";"HOSPITAL SANTA ROSA";"250105";"UNIDAD DE CUIDADOS CRITICOS UNIDAD  DE CUIDADOS INTENSIVOS  (UCI) NEONATOLOGÍA";"6";"5";"15";"6";"21";"124";"0"
"2023";"08";"170101";"MADRE DE DIOS";"TAMBOPATA";"TAMBOPATA";"GOBIERNO REGIONAL";"II-1";"00002698";"HOSPITAL SANTA ROSA";"241500";"HOSPITALIZACIÓN QUIRÚRGICA GINECOLOGÍA  ";"14";"14";"82";"14";"4";"186";"0"
"2023";"08";"170101";"MADRE DE DIOS";"TAMBOPATA";"TAMBOPATA";"GOBIERNO REGIONAL";"II-1";"00002698";"HOSPITAL SANTA ROSA";"250200";"UNIDAD DE CUIDADOS CRITICOS UNIDAD DE CUIDADOS INTERMEDIOS GENERAL  (UCIN) ";"6";"4";"12";"6";"3";"155";"0"
"2023";"09";"220401";"SAN MARTIN";"HUALLAGA";"SAPOSOA";"GOBIERNO REGIONAL";"I-3";"00006538";"EL DORADO";"241600";"HOSPITALIZACIÓN QUIRÚRGICA OBSTETRICIA   ";"2";"3";"4";"20";"4";"15";"0"
"2023";"09";"220401";"SAN MARTIN";"HUALLAGA";"SAPOSOA";"GOBIERNO REGIONAL";"I-1";"00006536";"INTIYACU";"NE_0001";"";"NE_0001";"NE_0001";"NE_0001";"NE_0001";"NE_0001";"NE_0001";"NE_0001"
"2023";"09";"220401";"SAN MARTIN";"HUALLAGA";"SAPOSOA";"GOBIERNO REGIONAL";"I-1";"00006537";"CHAMBIRA";"NE_0001";"";"NE_0001";"NE_0001";"NE_0001";"NE_0001";"NE_0001";"NE_0001";"NE_0001"
"2023";"09";"220401";"SAN MARTIN";"HUALLAGA";"SAPOSOA";"GOBIERNO REGIONAL";"I-1";"00026163";"AGUA AZUL";"NE_0001";"";"NE_0001";"NE_0001";"NE_0001";"NE_0001";"NE_0001";"NE_0001";"NE_0001"
"2023";"09";"080704";"CUSCO";"CHUMBIVILCAS";"COLQUEMARCA";"GOBIERNO REGIONAL";"I-2";"00012932";"YANQUE";"NE_0001";"";"NE_0001";"NE_0001";"NE_0001";"NE_0001";"NE_0001";"NE_0001";"NE_0001"
"2023";"09";"220510";"SAN MARTIN";"LAMAS";"TABALOSOS";"GOBIERNO REGIONAL";"I-1";"00015377";"HUNGURAHUI PAMPA";"NE_0001";"";"NE_0001";"NE_0001";"NE_0001";"NE_0001";"NE_0001";"NE_0001";"NE_0001"
"2023";"09";"220506";"SAN MARTIN";"LAMAS";"PINTO RECODO";"GOBIERNO REGIONAL";"I-1";"00006411";"MISHQUIYACU PINTO RECODO";"NE_0001";"";"NE_0001";"NE_0001";"NE_0001";"NE_0001";"NE_0001";"NE_0001";"NE_0001"
"2023";"09";"220510";"SAN MARTIN";"LAMAS";"TABALOSOS";"GOBIERNO REGIONAL";"I-1";"00006413";"SAN MIGUEL DEL RIO MAYO";"NE_0001";"";"NE_0001";"NE_0001";"NE_0001";"NE_0001";"NE_0001";"NE_0001";"NE_0001"
"2023";"09";"220506";"SAN MARTIN";"LAMAS";"PINTO RECODO";"GOBIERNO REGIONAL";"I-1";"00006410";"CHURUZAPA PINTO RECODO";"NE_0001";"";"NE_0001";"NE_0001";"NE_0001";"NE_0001";"NE_0001";"NE_0001";"NE_0001"
"2023";"09";"220510";"SAN MARTIN";"LAMAS";"TABALOSOS";"GOBIERNO REGIONAL";"I-4";"00006408";"TABALOSOS";"241600";"HOSPITALIZACIÓN QUIRÚRGICA OBSTETRICIA   ";"22";"23";"23";"23";"10";"300";"0"
"2023";"09";"220510";"SAN MARTIN";"LAMAS";"TABALOSOS";"GOBIERNO REGIONAL";"I-4";"00006408";"TABALOSOS";"241800";"HOSPITALIZACIÓN DE MEDICINA MEDICINA GENERAL ";"11";"11";"20";"11";"10";"300";"0"
"2023";"09";"220510";"SAN MARTIN";"LAMAS";"TABALOSOS";"GOBIERNO REGIONAL";"I-1";"00006414";"PUCAYACU PANJUI";"NE_0001";"";"NE_0001";"NE_0001";"NE_0001";"NE_0001";"NE_0001";"NE_0001";"NE_0001"
"2023";"09";"220506";"SAN MARTIN";"LAMAS";"PINTO RECODO";"GOBIERNO REGIONAL";"I-1";"00006409";"PINTO RECODO";"NE_0001";"";"NE_0001";"NE_0001";"NE_0001";"NE_0001";"NE_0001";"NE_0001";"NE_0001"
"2023";"09";"220509";"SAN MARTIN";"LAMAS";"SHANAO";"GOBIERNO REGIONAL";"I-1";"00006412";"SHANAO";"NE_0001";"";"NE_0001";"NE_0001";"NE_0001";"NE_0001";"NE_0001";"NE_0001";"NE_0001"
"2023";"09";"150131";"LIMA";"LIMA";"SAN ISIDRO";"PRIVADO";"II-E";"00009933";"CLINICA OFTALMOLOGICA MACULA D&T";"NE_0001";"";"NE_0001";"NE_0001";"NE_0001";"NE_0001";"NE_0001";"NE_0001";"NE_0001"
"2023";"09";"051011";"AYACUCHO";"VICTOR FAJARDO";"SARHUA";"GOBIERNO REGIONAL";"I-1";"00003505";"TOMANGA";"NE_0001";"";"NE_0001";"NE_0001";"NE_0001";"NE_0001";"NE_0001";"NE_0001";"NE_0001"
"2023";"09";"051011";"AYACUCHO";"VICTOR FAJARDO";"SARHUA";"GOBIERNO REGIONAL";"I-1";"00003500";"PUESTO DE SALUD CHUQUI HUARCAYA";"NE_0001";"";"NE_0001";"NE_0001";"NE_0001";"NE_0001";"NE_0001";"NE_0001";"NE_0001"
"2023";"09";"050202";"AYACUCHO";"CANGALLO";"CHUSCHI";"GOBIERNO REGIONAL";"I-3";"00003502";"CENTRO DE SALUD CHUSCHI";"241400";"HOSPITALIZACIÓN QUIRÚRGICA GINECO - OBSTETRICIA ";"3";"3";"6";"1";"2";"5";"0"
"2023";"09";"050202";"AYACUCHO";"CANGALLO";"CHUSCHI";"GOBIERNO REGIONAL";"I-1";"00003504";"PUESTO DE SALUD CANCHA CANCHA";"NE_0001";"";"NE_0001";"NE_0001";"NE_0001";"NE_0001";"NE_0001";"NE_0001";"NE_0001"
"2023";"09";"050204";"AYACUCHO";"CANGALLO";"MARIA PARADO DE BELLIDO";"GOBIERNO REGIONAL";"I-3";"00003509";"CENTRO DE SALUD POMABAMBA";"240100";"HOSPITALIZACIÓN QUIRÚRGICA CIRUGÍA GENERAL ";"1";"1";"1";"3";"5";"6";"0"
"2023";"09";"050204";"AYACUCHO";"CANGALLO";"MARIA PARADO DE BELLIDO";"GOBIERNO REGIONAL";"I-3";"00003509";"CENTRO DE SALUD POMABAMBA";"241400";"HOSPITALIZACIÓN QUIRÚRGICA GINECO - OBSTETRICIA ";"3";"3";"6";"1";"3";"5";"0"
"2023";"09";"051011";"AYACUCHO";"VICTOR FAJARDO";"SARHUA";"GOBIERNO REGIONAL";"I-3";"00003512";"PUESTO DE SALUD SARHUA";"NE_0002";"";"NE_0002";"NE_0002";"NE_0002";"NE_0002";"NE_0002";"NE_0002";"NE_0002"
"2023";"09";"050202";"AYACUCHO";"CANGALLO";"CHUSCHI";"GOBIERNO REGIONAL";"I-1";"00003503";"PUESTO DE SALUD CHACOLLA";"NE_0001";"";"NE_0001";"NE_0001";"NE_0001";"NE_0001";"NE_0001";"NE_0001";"NE_0001"
"2023";"09";"051008";"AYACUCHO";"VICTOR FAJARDO";"HUAMANQUIQUIA";"GOBIERNO REGIONAL";"I-1";"00003832";"PUESTO DE SALUD PATARA";"NE_0001";"";"NE_0001";"NE_0001";"NE_0001";"NE_0001";"NE_0001";"NE_0001";"NE_0001"
"2023";"09";"051002";"AYACUCHO";"VICTOR FAJARDO";"ALCAMENCA";"GOBIERNO REGIONAL";"I-1";"00003510";"PUESTO DE SALUD CARAMPA";"NE_0001";"";"NE_0001";"NE_0001";"NE_0001";"NE_0001";"NE_0001";"NE_0001";"NE_0001"
"2023";"09";"051011";"AYACUCHO";"VICTOR FAJARDO";"SARHUA";"GOBIERNO REGIONAL";"I-1";"00003511";"PUESTO DE SALUD AUQUILLA";"NE_0001";"";"NE_0001";"NE_0001";"NE_0001";"NE_0001";"NE_0001";"NE_0001";"NE_0001"
"2023";"08";"250102";"UCAYALI";"CORONEL PORTILLO";"CAMPOVERDE";"GOBIERNO REGIONAL";"I-1";"00025879";"PUESTO DE SALUD AMAKELLA";"NE_0001";"";"NE_0001";"NE_0001";"NE_0001";"NE_0001";"NE_0001";"NE_0001";"NE_0001"
"2023";"08";"250102";"UCAYALI";"CORONEL PORTILLO";"CAMPOVERDE";"GOBIERNO REGIONAL";"I-1";"00021550";"ALTO 9 DE FEBRERO";"NE_0001";"";"NE_0001";"NE_0001";"NE_0001";"NE_0001";"NE_0001";"NE_0001";"NE_0001"
"2023";"08";"250102";"UCAYALI";"CORONEL PORTILLO";"CAMPOVERDE";"GOBIERNO REGIONAL";"I-1";"00012260";"TIERRA BUENA";"NE_0001";"";"NE_0001";"NE_0001";"NE_0001";"NE_0001";"NE_0001";"NE_0001";"NE_0001"
"2023";"08";"250102";"UCAYALI";"CORONEL PORTILLO";"CAMPOVERDE";"GOBIERNO REGIONAL";"I-1";"00011909";"NUEVA TUNUYA";"NE_0001";"";"NE_0001";"NE_0001";"NE_0001";"NE_0001";"NE_0001";"NE_0001";"NE_0001"
"2023";"08";"250102";"UCAYALI";"CORONEL PORTILLO";"CAMPOVERDE";"GOBIERNO REGIONAL";"I-1";"00011626";"NUEVA ESPERANZA";"NE_0001";"";"NE_0001";"NE_0001";"NE_0001";"NE_0001";"NE_0001";"NE_0001";"NE_0001"
"2023";"08";"250102";"UCAYALI";"CORONEL PORTILLO";"CAMPOVERDE";"GOBIERNO REGIONAL";"I-2";"00007081";"LA MERCED DE NESHUYA";"NE_0001";"";"NE_0001";"NE_0001";"NE_0001";"NE_0001";"NE_0001";"NE_0001";"NE_0001"
"2023";"08";"250102";"UCAYALI";"CORONEL PORTILLO";"CAMPOVERDE";"GOBIERNO REGIONAL";"I-1";"00007080";"YERBAS BUENAS";"NE_0001";"";"NE_0001";"NE_0001";"NE_0001";"NE_0001";"NE_0001";"NE_0001";"NE_0001"
"2023";"08";"250102";"UCAYALI";"CORONEL PORTILLO";"CAMPOVERDE";"GOBIERNO REGIONAL";"I-1";"00005441";"SEÑOR DE LOS MILAGROS KM 24";"NE_0001";"";"NE_0001";"NE_0001";"NE_0001";"NE_0001";"NE_0001";"NE_0001";"NE_0001"
"2023";"08";"250102";"UCAYALI";"CORONEL PORTILLO";"CAMPOVERDE";"GOBIERNO REGIONAL";"I-1";"00005440";"LOS PINOS";"NE_0001";"";"NE_0001";"NE_0001";"NE_0001";"NE_0001";"NE_0001";"NE_0001";"NE_0001"
"2023";"08";"250102";"UCAYALI";"CORONEL PORTILLO";"CAMPOVERDE";"GOBIERNO REGIONAL";"I-1";"00005439";"SAN PEDRO KM 47";"NE_0001";"";"NE_0001";"NE_0001";"NE_0001";"NE_0001";"NE_0001";"NE_0001";"NE_0001"
"2023";"08";"250102";"UCAYALI";"CORONEL PORTILLO";"CAMPOVERDE";"GOBIERNO REGIONAL";"I-1";"00005437";"ANTONIO RAYMONDI";"NE_0001";"";"NE_0001";"NE_0001";"NE_0001";"NE_0001";"NE_0001";"NE_0001";"NE_0001"
"2023";"08";"250102";"UCAYALI";"CORONEL PORTILLO";"CAMPOVERDE";"GOBIERNO REGIONAL";"I-1";"00005436";"LA VICTORIA";"NE_0001";"";"NE_0001";"NE_0001";"NE_0001";"NE_0001";"NE_0001";"NE_0001";"NE_0001"
"2023";"08";"250102";"UCAYALI";"CORONEL PORTILLO";"CAMPOVERDE";"GOBIERNO REGIONAL";"I-1";"00005435";"EL PORVENIR KM 25";"NE_0001";"";"NE_0001";"NE_0001";"NE_0001";"NE_0001";"NE_0001";"NE_0001";"NE_0001"
"2023";"10";"150140";"LIMA";"LIMA";"SANTIAGO DE SURCO";"PRIVADO";"II-E";"00023741";"CLINICA OFTALMO VISSUM";"NE_0001";"";"NE_0001";"NE_0001";"NE_0001";"NE_0001";"NE_0001";"NE_0001";"NE_0001"
"2023";"10";"130908";"LA LIBERTAD";"SANCHEZ CARRION";"SARTIMBAMBA";"GOBIERNO REGIONAL";"I-2";"00005363";"SARTIMBAMBA";"NE_0001";"";"NE_0001";"NE_0001";"NE_0001";"NE_0001";"NE_0001";"NE_0001";"NE_0001"
"2023";"10";"130908";"LA LIBERTAD";"SANCHEZ CARRION";"SARTIMBAMBA";"GOBIERNO REGIONAL";"I-2";"00005364";"SAN ALFONSO";"NE_0001";"";"NE_0001";"NE_0001";"NE_0001";"NE_0001";"NE_0001";"NE_0001";"NE_0001"
"2023";"10";"130908";"LA LIBERTAD";"SANCHEZ CARRION";"SARTIMBAMBA";"GOBIERNO REGIONAL";"I-2";"00005365";"MARCABAL GRANDE";"NE_0001";"";"NE_0001";"NE_0001";"NE_0001";"NE_0001";"NE_0001";"NE_0001";"NE_0001"
"2023";"10";"130908";"LA LIBERTAD";"SANCHEZ CARRION";"SARTIMBAMBA";"GOBIERNO REGIONAL";"I-2";"00017925";"LA VICTORIA";"NE_0001";"";"NE_0001";"NE_0001";"NE_0001";"NE_0001";"NE_0001";"NE_0001";"NE_0001"
"2023";"10";"021801";"ANCASH";"SANTA";"CHIMBOTE";"PRIVADO";"II-1";"00017075";"CLINICA BELEN";"NE_0002";"";"NE_0002";"NE_0002";"NE_0002";"NE_0002";"NE_0002";"NE_0002";"NE_0002"
"2023";"10";"220601";"SAN MARTIN";"MARISCAL CACERES";"JUANJUI";"GOBIERNO REGIONAL";"II-E";"00006919";"HOSPITAL II-E JUANJUI - MC LUIS IZQUIERDO VÁSQUEZ";"240100";"HOSPITALIZACIÓN QUIRÚRGICA CIRUGÍA GENERAL ";"36";"37";"105";"105";"6";"186";"0"
"2023";"10";"220601";"SAN MARTIN";"MARISCAL CACERES";"JUANJUI";"GOBIERNO REGIONAL";"II-E";"00006919";"HOSPITAL II-E JUANJUI - MC LUIS IZQUIERDO VÁSQUEZ";"241400";"HOSPITALIZACIÓN QUIRÚRGICA GINECO - OBSTETRICIA ";"75";"83";"214";"214";"10";"310";"0"
"2023";"10";"220601";"SAN MARTIN";"MARISCAL CACERES";"JUANJUI";"GOBIERNO REGIONAL";"II-E";"00006919";"HOSPITAL II-E JUANJUI - MC LUIS IZQUIERDO VÁSQUEZ";"241600";"HOSPITALIZACIÓN QUIRÚRGICA OBSTETRICIA   ";"52";"56";"87";"87";"8";"248";"0"
"2023";"10";"220601";"SAN MARTIN";"MARISCAL CACERES";"JUANJUI";"GOBIERNO REGIONAL";"II-E";"00006919";"HOSPITAL II-E JUANJUI - MC LUIS IZQUIERDO VÁSQUEZ";"241800";"HOSPITALIZACIÓN DE MEDICINA MEDICINA GENERAL ";"42";"48";"151";"151";"10";"310";"0"
"2023";"10";"220601";"SAN MARTIN";"MARISCAL CACERES";"JUANJUI";"GOBIERNO REGIONAL";"II-E";"00006919";"HOSPITAL II-E JUANJUI - MC LUIS IZQUIERDO VÁSQUEZ";"242500";"HOSPITALIZACIÓN-PEDIATRÍA GENERAL-";"55";"56";"127";"127";"12";"372";"0"
"2023";"10";"150116";"LIMA";"LIMA";"LINCE";"PRIVADO";"II-E";"00033237";"ARTHROMEDS";"241200";"HOSPITALIZACIÓN QUIRÚRGICA TRAUMATOLOGÍA Y ORTOPEDIA ";"117";"111";"147";"156";"13";"247";"0"
"2023";"10";"060608";"CAJAMARCA";"CUTERVO";"SAN ANDRES DE CUTERVO";"GOBIERNO REGIONAL";"I-3";"00005034";"SAN ANDRES";"NE_0001";"";"NE_0001";"NE_0001";"NE_0001";"NE_0001";"NE_0001";"NE_0001";"NE_0001"
"2023";"10";"060608";"CAJAMARCA";"CUTERVO";"SAN ANDRES DE CUTERVO";"GOBIERNO REGIONAL";"I-1";"00006868";"ILLUGAN";"NE_0001";"";"NE_0001";"NE_0001";"NE_0001";"NE_0001";"NE_0001";"NE_0001";"NE_0001"
"2023";"10";"060608";"CAJAMARCA";"CUTERVO";"SAN ANDRES DE CUTERVO";"GOBIERNO REGIONAL";"I-1";"00006940";"PAJONAL";"NE_0001";"";"NE_0001";"NE_0001";"NE_0001";"NE_0001";"NE_0001";"NE_0001";"NE_0001"
"2023";"10";"060608";"CAJAMARCA";"CUTERVO";"SAN ANDRES DE CUTERVO";"GOBIERNO REGIONAL";"I-1";"00005035";"LA FLOR";"NE_0001";"";"NE_0001";"NE_0001";"NE_0001";"NE_0001";"NE_0001";"NE_0001";"NE_0001"
"2023";"10";"220506";"SAN MARTIN";"LAMAS";"PINTO RECODO";"GOBIERNO REGIONAL";"I-1";"00006343";"GOSEN";"NE_0001";"";"NE_0001";"NE_0001";"NE_0001";"NE_0001";"NE_0001";"NE_0001";"NE_0001"
"2023";"10";"220506";"SAN MARTIN";"LAMAS";"PINTO RECODO";"GOBIERNO REGIONAL";"I-1";"00006344";"LA LIBERTAD BAJO MAYO";"NE_0001";"";"NE_0001";"NE_0001";"NE_0001";"NE_0001";"NE_0001";"NE_0001";"NE_0001"
"2023";"10";"220506";"SAN MARTIN";"LAMAS";"PINTO RECODO";"GOBIERNO REGIONAL";"I-1";"00006347";"VENCEDOR";"NE_0001";"";"NE_0001";"NE_0001";"NE_0001";"NE_0001";"NE_0001";"NE_0001";"NE_0001"
"2023";"10";"220502";"SAN MARTIN";"LAMAS";"ALONSO DE ALVARADO";"GOBIERNO REGIONAL";"I-3";"00006350";"PACAYZAPA";"241600";"HOSPITALIZACIÓN QUIRÚRGICA OBSTETRICIA   ";"1";"1";"1";"2";"2";"62";"0"
"2023";"10";"150117";"LIMA";"LIMA";"LOS OLIVOS";"PRIVADO";"I-2";"00012429";"OFTALMOLOGICA WONG";"NE_0001";"";"NE_0001";"NE_0001";"NE_0001";"NE_0001";"NE_0001";"NE_0001";"NE_0001"
"2023";"10";"110304";"ICA";"NAZCA";"MARCONA";"ESSALUD";"I-4";"00013911";"MARIA REICHE NEUMAN";"241800";"HOSPITALIZACIÓN DE MEDICINA MEDICINA GENERAL ";"39";"38";"118";"80";"4";"124";"0"
"2023";"10";"110304";"ICA";"NAZCA";"MARCONA";"ESSALUD";"I-4";"00013911";"MARIA REICHE NEUMAN";"240100";"HOSPITALIZACIÓN QUIRÚRGICA CIRUGÍA GENERAL ";"10";"9";"35";"26";"2";"62";"0"
"2023";"10";"110304";"ICA";"NAZCA";"MARCONA";"ESSALUD";"I-4";"00013911";"MARIA REICHE NEUMAN";"241500";"HOSPITALIZACIÓN QUIRÚRGICA GINECOLOGÍA  ";"22";"22";"74";"52";"3";"93";"0"
"2023";"10";"110304";"ICA";"NAZCA";"MARCONA";"ESSALUD";"I-4";"00013911";"MARIA REICHE NEUMAN";"242300";"HOSPITALIZACIÓN DE PEDIATRÍA  PEDIATRÍA  GENERAL ";"10";"10";"23";"13";"2";"62";"0"
"2023";"10";"220905";"SAN MARTIN";"SAN MARTIN";"CHIPURANA";"GOBIERNO REGIONAL";"I-1";"00006438";"NAVARRO";"NE_0002";"";"NE_0002";"NE_0002";"NE_0002";"NE_0002";"NE_0002";"NE_0002";"NE_0002"
"2023";"10";"220905";"SAN MARTIN";"SAN MARTIN";"CHIPURANA";"GOBIERNO REGIONAL";"I-3";"00006439";"YARINA";"NE_0002";"";"NE_0002";"NE_0002";"NE_0002";"NE_0002";"NE_0002";"NE_0002";"NE_0002"
"2023";"10";"220907";"SAN MARTIN";"SAN MARTIN";"HUIMBAYOC";"GOBIERNO REGIONAL";"I-1";"00006446";"SAN JOSE DE YANAYACU";"NE_0002";"";"NE_0002";"NE_0002";"NE_0002";"NE_0002";"NE_0002";"NE_0002";"NE_0002"
"2023";"10";"220907";"SAN MARTIN";"SAN MARTIN";"HUIMBAYOC";"GOBIERNO REGIONAL";"I-1";"00006431";"PONGO ISLA";"NE_0002";"";"NE_0002";"NE_0002";"NE_0002";"NE_0002";"NE_0002";"NE_0002";"NE_0002"
"2023";"10";"220907";"SAN MARTIN";"SAN MARTIN";"HUIMBAYOC";"GOBIERNO REGIONAL";"I-1";"00006442";"SAN JOSE 2 DE MAYO";"NE_0002";"";"NE_0002";"NE_0002";"NE_0002";"NE_0002";"NE_0002";"NE_0002";"NE_0002"
"2023";"10";"220907";"SAN MARTIN";"SAN MARTIN";"HUIMBAYOC";"GOBIERNO REGIONAL";"I-1";"00006444";"SANTA ROSILLO CHIPURANA";"NE_0002";"";"NE_0002";"NE_0002";"NE_0002";"NE_0002";"NE_0002";"NE_0002";"NE_0002"
"2023";"10";"220907";"SAN MARTIN";"SAN MARTIN";"HUIMBAYOC";"GOBIERNO REGIONAL";"I-1";"00006445";"SANTA MARTHA";"NE_0002";"";"NE_0002";"NE_0002";"NE_0002";"NE_0002";"NE_0002";"NE_0002";"NE_0002"
"2023";"10";"220905";"SAN MARTIN";"SAN MARTIN";"CHIPURANA";"GOBIERNO REGIONAL";"I-1";"00006440";"TIPISHCA";"NE_0002";"";"NE_0002";"NE_0002";"NE_0002";"NE_0002";"NE_0002";"NE_0002";"NE_0002"
"2023";"10";"220907";"SAN MARTIN";"SAN MARTIN";"HUIMBAYOC";"GOBIERNO REGIONAL";"I-1";"00006443";"LECHE";"NE_0002";"";"NE_0002";"NE_0002";"NE_0002";"NE_0002";"NE_0002";"NE_0002";"NE_0002"
"2023";"09";"220505";"SAN MARTIN";"LAMAS";"CUÑUMBUQUI";"GOBIERNO REGIONAL";"I-3";"00006396";"CUÑUMBUQUE";"241600";"HOSPITALIZACIÓN QUIRÚRGICA OBSTETRICIA   ";"7";"7";"7";"7";"2";"60";"0"
"2023";"09";"220511";"SAN MARTIN";"LAMAS";"ZAPATERO";"GOBIERNO REGIONAL";"I-1";"00006401";"PROGRESO";"NE_0002";"";"NE_0002";"NE_0002";"NE_0002";"NE_0002";"NE_0002";"NE_0002";"NE_0002"
"2023";"09";"220511";"SAN MARTIN";"LAMAS";"ZAPATERO";"GOBIERNO REGIONAL";"I-1";"00006405";"BAGAZAN";"NE_0002";"";"NE_0002";"NE_0002";"NE_0002";"NE_0002";"NE_0002";"NE_0002";"NE_0002"
"2023";"09";"220505";"SAN MARTIN";"LAMAS";"CUÑUMBUQUI";"GOBIERNO REGIONAL";"I-1";"00006397";"SAN RAFAEL DEL RIO MAYO";"NE_0002";"";"NE_0002";"NE_0002";"NE_0002";"NE_0002";"NE_0002";"NE_0002";"NE_0002"
"2023";"09";"220511";"SAN MARTIN";"LAMAS";"ZAPATERO";"GOBIERNO REGIONAL";"I-1";"00006398";"SAN FERNANDO";"NE_0002";"";"NE_0002";"NE_0002";"NE_0002";"NE_0002";"NE_0002";"NE_0002";"NE_0002"
"2023";"09";"220511";"SAN MARTIN";"LAMAS";"ZAPATERO";"GOBIERNO REGIONAL";"I-1";"00006402";"UCHUMULLACA";"NE_0002";"";"NE_0002";"NE_0002";"NE_0002";"NE_0002";"NE_0002";"NE_0002";"NE_0002"
"2023";"09";"220511";"SAN MARTIN";"LAMAS";"ZAPATERO";"GOBIERNO REGIONAL";"I-1";"00006399";"ZAPATERO";"NE_0002";"";"NE_0002";"NE_0002";"NE_0002";"NE_0002";"NE_0002";"NE_0002";"NE_0002"
"2023";"09";"220505";"SAN MARTIN";"LAMAS";"CUÑUMBUQUI";"GOBIERNO REGIONAL";"I-1";"00006377";"LAS FLORES DE MAMONAQUIHUA";"NE_0002";"";"NE_0002";"NE_0002";"NE_0002";"NE_0002";"NE_0002";"NE_0002";"NE_0002"
"2023";"02";"150103";"LIMA";"LIMA";"ATE";"MINSA";"II-E";"00028025";"HOSPITAL EMERGENCIA ATE VITARTE";"241900";"HOSPITALIZACIÓN DE MEDICINA MEDICINA INTERNA ";"17";"19";"803";"234";"19";"532";"3"
"2023";"02";"150103";"LIMA";"LIMA";"ATE";"MINSA";"II-E";"00028025";"HOSPITAL EMERGENCIA ATE VITARTE";"242300";"HOSPITALIZACIÓN DE PEDIATRÍA  PEDIATRÍA  GENERAL ";"23";"12";"20";"256";"15";"420";"0"
"2023";"02";"150103";"LIMA";"LIMA";"ATE";"MINSA";"II-E";"00028025";"HOSPITAL EMERGENCIA ATE VITARTE";"243200";"HOSPITALIZACIÓN DE PEDIATRÍA PEDIATRIA NEONATOLOGÍA";"5";"1";"8";"68";"3";"84";"0"
"2023";"02";"150103";"LIMA";"LIMA";"ATE";"MINSA";"II-E";"00028025";"HOSPITAL EMERGENCIA ATE VITARTE";"241500";"HOSPITALIZACIÓN QUIRÚRGICA GINECOLOGÍA  ";"3";"2";"12";"16";"2";"56";"0"
"2023";"02";"150103";"LIMA";"LIMA";"ATE";"MINSA";"II-E";"00028025";"HOSPITAL EMERGENCIA ATE VITARTE";"240100";"HOSPITALIZACIÓN QUIRÚRGICA CIRUGÍA GENERAL ";"37";"34";"319";"274";"29";"812";"0"
"2023";"03";"150103";"LIMA";"LIMA";"ATE";"MINSA";"II-E";"00028025";"HOSPITAL EMERGENCIA ATE VITARTE";"241900";"HOSPITALIZACIÓN DE MEDICINA MEDICINA INTERNA ";"29";"21";"228";"307";"20";"620";"3"
"2023";"03";"150103";"LIMA";"LIMA";"ATE";"MINSA";"II-E";"00028025";"HOSPITAL EMERGENCIA ATE VITARTE";"242300";"HOSPITALIZACIÓN DE PEDIATRÍA  PEDIATRÍA  GENERAL ";"17";"16";"28";"48";"20";"620";"0"
"2023";"03";"150103";"LIMA";"LIMA";"ATE";"MINSA";"II-E";"00028025";"HOSPITAL EMERGENCIA ATE VITARTE";"240100";"HOSPITALIZACIÓN QUIRÚRGICA CIRUGÍA GENERAL ";"38";"34";"345";"347";"25";"775";"1"
"2023";"10";"070106";"CALLAO";"CALLAO";"VENTANILLA";"GOBIERNO REGIONAL";"I-2";"00006258";"PUESTO DE SALUD VENTANILLA BAJA";"NE_0001";"";"NE_0001";"NE_0001";"NE_0001";"NE_0001";"NE_0001";"NE_0001";"NE_0001"
"2023";"10";"070101";"CALLAO";"CALLAO";"CALLAO";"GOBIERNO REGIONAL";"I-4";"00006238";"C.S. MARQUEZ";"241600";"HOSPITALIZACIÓN QUIRÚRGICA OBSTETRICIA   ";"4";"4";"5";"124";"8";"248";"0"
"2023";"10";"070106";"CALLAO";"CALLAO";"VENTANILLA";"GOBIERNO REGIONAL";"I-2";"00006259";"PUESTO DE SALUD VENTANILLA ESTE";"NE_0001";"";"NE_0001";"NE_0001";"NE_0001";"NE_0001";"NE_0001";"NE_0001";"NE_0001"
"2023";"10";"050115";"AYACUCHO";"HUAMANGA";"JESUS NAZARENO";"PRIVADO";"I-3";"00028119";"EL GALENO";"NE_0001";"";"NE_0001";"NE_0001";"NE_0001";"NE_0001";"NE_0001";"NE_0001";"NE_0001"
"2023";"10";"150132";"LIMA";"LIMA";"SAN JUAN DE LURIGANCHO";"PRIVADO";"II-1";"00009090";"CLINICA "" LIMATAMBO""";"240000";"HOSPITALIZACIÓN";"105";"99";"234";"297";"30";"930";"0"
"2023";"10";"150141";"LIMA";"LIMA";"SURQUILLO";"PRIVADO";"II-E";"00012206";"DETECTA CLINICA";"240000";"HOSPITALIZACIÓN";"209";"196";"429";"202";"18";"330";"1"
"2023";"10";"080207";"CUSCO";"ACOMAYO";"SANGARARA";"GOBIERNO REGIONAL";"I-2";"00002325";"PUESTO DE SALUD MARCACONGA";"NE_0002";"";"NE_0002";"NE_0002";"NE_0002";"NE_0002";"NE_0002";"NE_0002";"NE_0002"
"2023";"10";"080201";"CUSCO";"ACOMAYO";"ACOMAYO";"GOBIERNO REGIONAL";"I-4";"00002317";"ACOMAYO";"NE_0002";"";"NE_0002";"NE_0002";"NE_0002";"NE_0002";"NE_0002";"NE_0002";"NE_0002"
"2023";"10";"080202";"CUSCO";"ACOMAYO";"ACOPIA";"GOBIERNO REGIONAL";"I-1";"00002318";"ACOPIA";"NE_0002";"";"NE_0002";"NE_0002";"NE_0002";"NE_0002";"NE_0002";"NE_0002";"NE_0002"
"2023";"10";"080205";"CUSCO";"ACOMAYO";"POMACANCHI";"GOBIERNO REGIONAL";"I-1";"00002322";"SAN JUAN DE POMACANCHI";"NE_0002";"";"NE_0002";"NE_0002";"NE_0002";"NE_0002";"NE_0002";"NE_0002";"NE_0002"
"2023";"10";"080203";"CUSCO";"ACOMAYO";"ACOS";"GOBIERNO REGIONAL";"I-1";"00002319";"ACOS";"NE_0002";"";"NE_0002";"NE_0002";"NE_0002";"NE_0002";"NE_0002";"NE_0002";"NE_0002"
"2023";"10";"100105";"HUANUCO";"HUANUCO";"MARGOS";"GOBIERNO REGIONAL";"I-3";"00000797";"MARGOS";"NE_0001";"";"NE_0001";"NE_0001";"NE_0001";"NE_0001";"NE_0001";"NE_0001";"NE_0001"
"2023";"10";"100105";"HUANUCO";"HUANUCO";"MARGOS";"GOBIERNO REGIONAL";"I-1";"00000799";"SAN FRANCISCO DE LLAMAPASHILLUM";"NE_0001";"";"NE_0001";"NE_0001";"NE_0001";"NE_0001";"NE_0001";"NE_0001";"NE_0001"
"2023";"10";"100105";"HUANUCO";"HUANUCO";"MARGOS";"GOBIERNO REGIONAL";"I-1";"00000800";"PACAYHUA";"NE_0001";"";"NE_0001";"NE_0001";"NE_0001";"NE_0001";"NE_0001";"NE_0001";"NE_0001"
"2023";"10";"150601";"LIMA";"HUARAL";"HUARAL";"GOBIERNO REGIONAL";"II-2";"00007637";"HOSPITAL SAN JUAN BAUTISTA HUARAL";"240100";"HOSPITALIZACIÓN QUIRÚRGICA CIRUGÍA GENERAL ";"78";"87";"244";"77";"11";"341";"0"
"2023";"10";"150601";"LIMA";"HUARAL";"HUARAL";"GOBIERNO REGIONAL";"II-2";"00007637";"HOSPITAL SAN JUAN BAUTISTA HUARAL";"241200";"HOSPITALIZACIÓN QUIRÚRGICA TRAUMATOLOGÍA Y ORTOPEDIA ";"6";"8";"95";"9";"8";"248";"0"
"2023";"10";"150601";"LIMA";"HUARAL";"HUARAL";"GOBIERNO REGIONAL";"II-2";"00007637";"HOSPITAL SAN JUAN BAUTISTA HUARAL";"241400";"HOSPITALIZACIÓN QUIRÚRGICA GINECO - OBSTETRICIA ";"113";"124";"360";"141";"25";"775";"0"
"2023";"10";"150601";"LIMA";"HUARAL";"HUARAL";"GOBIERNO REGIONAL";"II-2";"00007637";"HOSPITAL SAN JUAN BAUTISTA HUARAL";"241500";"HOSPITALIZACIÓN QUIRÚRGICA GINECOLOGÍA  ";"30";"33";"104";"36";"2";"62";"0"
"2023";"10";"150601";"LIMA";"HUARAL";"HUARAL";"GOBIERNO REGIONAL";"II-2";"00007637";"HOSPITAL SAN JUAN BAUTISTA HUARAL";"241800";"HOSPITALIZACIÓN DE MEDICINA MEDICINA GENERAL ";"41";"50";"398";"41";"14";"434";"5"
"2023";"10";"150601";"LIMA";"HUARAL";"HUARAL";"GOBIERNO REGIONAL";"II-2";"00007637";"HOSPITAL SAN JUAN BAUTISTA HUARAL";"242500";"HOSPITALIZACIÓN-PEDIATRÍA GENERAL-";"24";"26";"85";"32";"5";"155";"0"
"2023";"10";"150601";"LIMA";"HUARAL";"HUARAL";"GOBIERNO REGIONAL";"II-2";"00007637";"HOSPITAL SAN JUAN BAUTISTA HUARAL";"243200";"HOSPITALIZACIÓN DE PEDIATRÍA PEDIATRIA NEONATOLOGÍA";"5";"7";"34";"11";"5";"155";"0"
"2023";"10";"150601";"LIMA";"HUARAL";"HUARAL";"GOBIERNO REGIONAL";"II-2";"00007637";"HOSPITAL SAN JUAN BAUTISTA HUARAL";"250103";"UNIDAD DE CUIDADOS CRITICOS UNIDAD  DE CUIDADOS INTENSIVOS GENERALES  (UCI) MEDICINA";"9";"11";"126";"11";"8";"248";"3"
"2023";"10";"150601";"LIMA";"HUARAL";"HUARAL";"GOBIERNO REGIONAL";"II-2";"00007637";"HOSPITAL SAN JUAN BAUTISTA HUARAL";"250105";"UNIDAD DE CUIDADOS CRITICOS UNIDAD  DE CUIDADOS INTENSIVOS  (UCI) NEONATOLOGÍA";"6";"6";"27";"4";"2";"62";"0"
"2023";"10";"120705";"JUNIN";"TARMA";"LA UNION";"GOBIERNO REGIONAL";"I-2";"00000597";"LA UNION LETICIA";"NE_0001";"";"NE_0001";"NE_0001";"NE_0001";"NE_0001";"NE_0001";"NE_0001";"NE_0001"
"2023";"10";"120705";"JUNIN";"TARMA";"LA UNION";"GOBIERNO REGIONAL";"I-1";"00000598";"CUYRUHUASI";"NE_0001";"";"NE_0001";"NE_0001";"NE_0001";"NE_0001";"NE_0001";"NE_0001";"NE_0001"
"2023";"10";"120705";"JUNIN";"TARMA";"LA UNION";"GOBIERNO REGIONAL";"I-1";"00000599";"CONDORCOCHA";"NE_0001";"";"NE_0001";"NE_0001";"NE_0001";"NE_0001";"NE_0001";"NE_0001";"NE_0001"
"2023";"10";"150122";"LIMA";"LIMA";"MIRAFLORES";"ESSALUD";"I-3";"00009148";"POLICLINICO SANTA CRUZ";"NE_0001";"";"NE_0001";"NE_0001";"NE_0001";"NE_0001";"NE_0001";"NE_0001";"NE_0001"
"2023";"10";"010101";"AMAZONAS";"CHACHAPOYAS";"CHACHAPOYAS";"PRIVADO";"I-3";"00026399";"CENTRO MEDICO AMAZONAS EIRL";"NE_0001";"";"NE_0001";"NE_0001";"NE_0001";"NE_0001";"NE_0001";"NE_0001";"NE_0001"
"2023";"10";"100503";"HUANUCO";"HUAMALIES";"CHAVIN DE PARIARCA";"GOBIERNO REGIONAL";"I-1";"00000899";"SAN JUAN DE PAMPAS";"NE_0001";"";"NE_0001";"NE_0001";"NE_0001";"NE_0001";"NE_0001";"NE_0001";"NE_0001"
"2023";"10";"100503";"HUANUCO";"HUAMALIES";"CHAVIN DE PARIARCA";"GOBIERNO REGIONAL";"I-1";"00007720";"QUIPRAN";"NE_0001";"";"NE_0001";"NE_0001";"NE_0001";"NE_0001";"NE_0001";"NE_0001";"NE_0001"
"2023";"10";"100503";"HUANUCO";"HUAMALIES";"CHAVIN DE PARIARCA";"GOBIERNO REGIONAL";"I-3";"00000896";"CHAVIN DE PARIARCA";"NE_0001";"";"NE_0001";"NE_0001";"NE_0001";"NE_0001";"NE_0001";"NE_0001";"NE_0001"
"2023";"11";"130702";"LA LIBERTAD";"PACASMAYO";"GUADALUPE";"ESSALUD";"I-2";"00009486";"POSTA DE SALUD LIMONCARRO";"NE_0001";"";"NE_0001";"NE_0001";"NE_0001";"NE_0001";"NE_0001";"NE_0001";"NE_0001"
"2023";"11";"130701";"LA LIBERTAD";"PACASMAYO";"SAN PEDRO DE LLOC";"ESSALUD";"I-2";"00012097";"POSTA DE SALUD SAN PEDRO DE LLOC";"NE_0001";"";"NE_0001";"NE_0001";"NE_0001";"NE_0001";"NE_0001";"NE_0001";"NE_0001"
"2023";"11";"150122";"LIMA";"LIMA";"MIRAFLORES";"PRIVADO";"III-1";"00019049";"AUNA CLÍNICA DELGADO";"240000";"HOSPITALIZACIÓN";"505";"785";"3308";"2847";"127";"3810";"7"
"2023";"11";"150122";"LIMA";"LIMA";"MIRAFLORES";"PRIVADO";"III-1";"00019049";"AUNA CLÍNICA DELGADO";"250100";"UNIDAD DE CUIDADOS CRITICOS UNIDAD  DE CUIDADOS INTENSIVOS GENERALES (UCI) ";"37";"12";"67";"344";"15";"450";"5"
"2023";"11";"150122";"LIMA";"LIMA";"MIRAFLORES";"PRIVADO";"III-1";"00019049";"AUNA CLÍNICA DELGADO";"250105";"UNIDAD DE CUIDADOS CRITICOS UNIDAD  DE CUIDADOS INTENSIVOS  (UCI) NEONATOLOGÍA";"7";"10";"57";"133";"10";"300";"1"
"2023";"11";"150122";"LIMA";"LIMA";"MIRAFLORES";"PRIVADO";"III-1";"00019049";"AUNA CLÍNICA DELGADO";"250108";"UNIDAD DE CUIDADOS CRITICOS UNIDAD  DE CUIDADOS INTENSIVOS  (UCI) PEDIÁTRICA";"0";"1";"5";"37";"3";"90";"0"
"2023";"11";"060301";"CAJAMARCA";"CELENDIN";"CELENDIN";"ESSALUD";"I-3";"00010269";"CENTRO MEDICO ESSALUD CELENDIN";"NE_0001";"";"NE_0001";"NE_0001";"NE_0001";"NE_0001";"NE_0001";"NE_0001";"NE_0001"
"2023";"11";"230101";"TACNA";"TACNA";"TACNA";"PRIVADO";"I-4";"00011466";"CLINICA ISABEL";"240000";"HOSPITALIZACIÓN";"1";"1";"2";"1";"1";"30";"0"
"2023";"11";"230101";"TACNA";"TACNA";"TACNA";"PRIVADO";"I-4";"00011466";"CLINICA ISABEL";"240000";"HOSPITALIZACIÓN";"1";"1";"2";"1";"1";"30";"0"
"2023";"11";"230101";"TACNA";"TACNA";"TACNA";"PRIVADO";"I-4";"00011466";"CLINICA ISABEL";"240000";"HOSPITALIZACIÓN";"1";"1";"1";"1";"1";"30";"0"
"2023";"11";"230101";"TACNA";"TACNA";"TACNA";"PRIVADO";"I-4";"00011466";"CLINICA ISABEL";"240000";"HOSPITALIZACIÓN";"1";"1";"2";"1";"1";"30";"0"
"2023";"11";"230101";"TACNA";"TACNA";"TACNA";"PRIVADO";"I-4";"00011466";"CLINICA ISABEL";"240000";"HOSPITALIZACIÓN";"1";"1";"1";"1";"1";"30";"0"
"2023";"11";"230101";"TACNA";"TACNA";"TACNA";"PRIVADO";"I-4";"00011466";"CLINICA ISABEL";"240000";"HOSPITALIZACIÓN";"1";"1";"2";"1";"1";"30";"0"
"2023";"11";"230101";"TACNA";"TACNA";"TACNA";"PRIVADO";"I-4";"00011466";"CLINICA ISABEL";"240000";"HOSPITALIZACIÓN";"1";"1";"1";"1";"1";"30";"0"
"2023";"11";"230101";"TACNA";"TACNA";"TACNA";"PRIVADO";"I-4";"00011466";"CLINICA ISABEL";"240000";"HOSPITALIZACIÓN";"1";"1";"1";"1";"1";"30";"0"
"2023";"11";"150121";"LIMA";"LIMA";"PUEBLO LIBRE";"MINSA";"III-1";"00006211";"HOSPITAL DE APOYO SANTA ROSA";"241600";"HOSPITALIZACIÓN QUIRÚRGICA OBSTETRICIA   ";"142";"132";"441";"585";"30";"900";"0"
"2023";"11";"150121";"LIMA";"LIMA";"PUEBLO LIBRE";"MINSA";"III-1";"00006211";"HOSPITAL DE APOYO SANTA ROSA";"241800";"HOSPITALIZACIÓN DE MEDICINA MEDICINA GENERAL ";"87";"84";"608";"778";"26";"780";"6"
"2023";"11";"150121";"LIMA";"LIMA";"PUEBLO LIBRE";"MINSA";"III-1";"00006211";"HOSPITAL DE APOYO SANTA ROSA";"242100";"HOSPITALIZACIÓN DE MEDICINA ONCOLOGÍA MÉDICA ";"40";"36";"198";"241";"10";"300";"0"
"2023";"11";"150121";"LIMA";"LIMA";"PUEBLO LIBRE";"MINSA";"III-1";"00006211";"HOSPITAL DE APOYO SANTA ROSA";"242500";"HOSPITALIZACIÓN-PEDIATRÍA GENERAL-";"69";"63";"237";"332";"14";"420";"0"
"2023";"11";"150121";"LIMA";"LIMA";"PUEBLO LIBRE";"MINSA";"III-1";"00006211";"HOSPITAL DE APOYO SANTA ROSA";"243200";"HOSPITALIZACIÓN DE PEDIATRÍA PEDIATRIA NEONATOLOGÍA";"16";"17";"93";"122";"7";"210";"0"
"2023";"11";"080704";"CUSCO";"CHUMBIVILCAS";"COLQUEMARCA";"GOBIERNO REGIONAL";"I-1";"00008914";"HUAYLLANI";"NE_0001";"";"NE_0001";"NE_0001";"NE_0001";"NE_0001";"NE_0001";"NE_0001";"NE_0001"
"2023";"11";"080704";"CUSCO";"CHUMBIVILCAS";"COLQUEMARCA";"GOBIERNO REGIONAL";"I-3";"00002404";"COLQUEMARCA";"NE_0001";"";"NE_0001";"NE_0001";"NE_0001";"NE_0001";"NE_0001";"NE_0001";"NE_0001"
"2023";"11";"080704";"CUSCO";"CHUMBIVILCAS";"COLQUEMARCA";"GOBIERNO REGIONAL";"I-1";"00002405";"CHARAMURAY";"NE_0001";"";"NE_0001";"NE_0001";"NE_0001";"NE_0001";"NE_0001";"NE_0001";"NE_0001"
"2023";"11";"080704";"CUSCO";"CHUMBIVILCAS";"COLQUEMARCA";"GOBIERNO REGIONAL";"I-2";"00012932";"YANQUE";"NE_0001";"";"NE_0001";"NE_0001";"NE_0001";"NE_0001";"NE_0001";"NE_0001";"NE_0001"
"2023";"11";"100605";"HUANUCO";"LEONCIO PRADO";"LUYANDO";"GOBIERNO REGIONAL";"II-1";"00000932";"HOSPITAL DE TINGO MARIA (HOSPITAL DE CONTINGENCIA)";"241800";"HOSPITALIZACIÓN DE MEDICINA MEDICINA GENERAL ";"84";"92";"633";"511";"10";"516";"14"
"2023";"11";"100605";"HUANUCO";"LEONCIO PRADO";"LUYANDO";"GOBIERNO REGIONAL";"II-1";"00000932";"HOSPITAL DE TINGO MARIA (HOSPITAL DE CONTINGENCIA)";"240100";"HOSPITALIZACIÓN QUIRÚRGICA CIRUGÍA GENERAL ";"64";"72";"318";"306";"16";"496";"0"
"2023";"11";"100605";"HUANUCO";"LEONCIO PRADO";"LUYANDO";"GOBIERNO REGIONAL";"II-1";"00000932";"HOSPITAL DE TINGO MARIA (HOSPITAL DE CONTINGENCIA)";"243200";"HOSPITALIZACIÓN DE PEDIATRÍA PEDIATRIA NEONATOLOGÍA";"37";"35";"184";"192";"10";"309";"0"
"2023";"11";"100605";"HUANUCO";"LEONCIO PRADO";"LUYANDO";"GOBIERNO REGIONAL";"II-1";"00000932";"HOSPITAL DE TINGO MARIA (HOSPITAL DE CONTINGENCIA)";"242500";"HOSPITALIZACIÓN-PEDIATRÍA GENERAL-";"26";"18";"73";"111";"8";"243";"0"
"2023";"10";"150131";"LIMA";"LIMA";"SAN ISIDRO";"SANIDAD DE LA POLICIA NACIONAL DEL PERU";"I-3";"00012740";"POLICLINICO POLICIAL MININTER";"NE_0001";"";"NE_0001";"NE_0001";"NE_0001";"NE_0001";"NE_0001";"NE_0001";"NE_0001"
"2023";"10";"050104";"AYACUCHO";"HUAMANGA";"CARMEN ALTO";"GOBIERNO REGIONAL";"I-1";"00011354";"PUESTO DE SALUD YANAMA";"NE_0001";"";"NE_0001";"NE_0001";"NE_0001";"NE_0001";"NE_0001";"NE_0001";"NE_0001"
"2023";"10";"050104";"AYACUCHO";"HUAMANGA";"CARMEN ALTO";"GOBIERNO REGIONAL";"I-3";"00003560";"CENTRO DE SALUD CARMEN ALTO";"NE_0001";"";"NE_0001";"NE_0001";"NE_0001";"NE_0001";"NE_0001";"NE_0001";"NE_0001"
"2023";"10";"050104";"AYACUCHO";"HUAMANGA";"CARMEN ALTO";"GOBIERNO REGIONAL";"I-3";"00003562";"CENTRO DE SALUD VISTA ALEGRE";"NE_0001";"";"NE_0001";"NE_0001";"NE_0001";"NE_0001";"NE_0001";"NE_0001";"NE_0001"
"2023";"10";"050104";"AYACUCHO";"HUAMANGA";"CARMEN ALTO";"GOBIERNO REGIONAL";"I-1";"00003561";"POKRAS";"NE_0001";"";"NE_0001";"NE_0001";"NE_0001";"NE_0001";"NE_0001";"NE_0001";"NE_0001"
"2023";"10";"190307";"PASCO";"OXAPAMPA";"VILLA RICA";"GOBIERNO REGIONAL";"II-1";"00000981";"HOSP. ""ROMAN EGOAVIL PANDO"" VILLA RICA";"241400";"HOSPITALIZACIÓN QUIRÚRGICA GINECO - OBSTETRICIA ";"30";"32";"78";"90";"12";"1304";"0"
"2023";"10";"190307";"PASCO";"OXAPAMPA";"VILLA RICA";"GOBIERNO REGIONAL";"II-1";"00000981";"HOSP. ""ROMAN EGOAVIL PANDO"" VILLA RICA";"241800";"HOSPITALIZACIÓN DE MEDICINA MEDICINA GENERAL ";"71";"73";"179";"34";"16";"1316";"0"
"2023";"10";"040411";"AREQUIPA";"CASTILLA";"TIPAN";"GOBIERNO REGIONAL";"I-1";"00001400";"PUESTO DE SALUD TIPAN";"NE_0001";"";"NE_0001";"NE_0001";"NE_0001";"NE_0001";"NE_0001";"NE_0001";"NE_0001"
"2023";"10";"040412";"AREQUIPA";"CASTILLA";"UÑON";"GOBIERNO REGIONAL";"I-2";"00001403";"PUESTO DE SALUD UÑON";"NE_0001";"";"NE_0001";"NE_0001";"NE_0001";"NE_0001";"NE_0001";"NE_0001";"NE_0001"
"2023";"10";"040408";"AREQUIPA";"CASTILLA";"MACHAGUAY";"GOBIERNO REGIONAL";"I-2";"00001402";"PUESTO DE SALUD MACHAGUAY";"NE_0001";"";"NE_0001";"NE_0001";"NE_0001";"NE_0001";"NE_0001";"NE_0001";"NE_0001"
"2023";"10";"120101";"JUNIN";"HUANCAYO";"HUANCAYO";"GOBIERNO REGIONAL";"III-E";"00006615";"HOSPITAL REGIONAL DOCENTE MATERNO INFANTIL EL CARMEN";"241600";"HOSPITALIZACIÓN QUIRÚRGICA OBSTETRICIA   ";"529";"510";"1748";"1677";"57";"1767";"0"
"2023";"10";"120101";"JUNIN";"HUANCAYO";"HUANCAYO";"GOBIERNO REGIONAL";"III-E";"00006615";"HOSPITAL REGIONAL DOCENTE MATERNO INFANTIL EL CARMEN";"250201";"UNIDAD DE CUIDADOS CRITICOS UNIDAD DE CUIDADOS INTERMEDIOS  (UCIN) NEONATAL";"93";"115";"872";"1156";"42";"1302";"0"
"2023";"10";"120101";"JUNIN";"HUANCAYO";"HUANCAYO";"GOBIERNO REGIONAL";"III-E";"00006615";"HOSPITAL REGIONAL DOCENTE MATERNO INFANTIL EL CARMEN";"240700";"HOSPITALIZACIÓN QUIRÚRGICA CIRUGÍA PEDIÁTRICA ";"82";"91";"513";"416";"15";"465";"0"
"2023";"10";"120101";"JUNIN";"HUANCAYO";"HUANCAYO";"GOBIERNO REGIONAL";"III-E";"00006615";"HOSPITAL REGIONAL DOCENTE MATERNO INFANTIL EL CARMEN";"242300";"HOSPITALIZACIÓN DE PEDIATRÍA  PEDIATRÍA  GENERAL ";"71";"75";"358";"396";"21";"651";"0"
"2023";"10";"120101";"JUNIN";"HUANCAYO";"HUANCAYO";"GOBIERNO REGIONAL";"III-E";"00006615";"HOSPITAL REGIONAL DOCENTE MATERNO INFANTIL EL CARMEN";"241500";"HOSPITALIZACIÓN QUIRÚRGICA GINECOLOGÍA  ";"59";"69";"316";"283";"10";"310";"0"
"2023";"10";"120101";"JUNIN";"HUANCAYO";"HUANCAYO";"GOBIERNO REGIONAL";"III-E";"00006615";"HOSPITAL REGIONAL DOCENTE MATERNO INFANTIL EL CARMEN";"250102";"UNIDAD DE CUIDADOS CRITICOS UNIDAD  DE CUIDADOS INTENSIVOS GENERALES (UCI) GINECO-OBSTETRICIA";"7";"1";"4";"92";"6";"186";"0"
"2023";"10";"120101";"JUNIN";"HUANCAYO";"HUANCAYO";"GOBIERNO REGIONAL";"III-E";"00006615";"HOSPITAL REGIONAL DOCENTE MATERNO INFANTIL EL CARMEN";"250105";"UNIDAD DE CUIDADOS CRITICOS UNIDAD  DE CUIDADOS INTENSIVOS  (UCI) NEONATOLOGÍA";"31";"5";"54";"334";"12";"372";"5"
"2023";"10";"120101";"JUNIN";"HUANCAYO";"HUANCAYO";"GOBIERNO REGIONAL";"III-E";"00006615";"HOSPITAL REGIONAL DOCENTE MATERNO INFANTIL EL CARMEN";"250108";"UNIDAD DE CUIDADOS CRITICOS UNIDAD  DE CUIDADOS INTENSIVOS  (UCI) PEDIÁTRICA";"7";"2";"29";"167";"6";"186";"0"
"2023";"10";"150131";"LIMA";"LIMA";"SAN ISIDRO";"PRIVADO";"III-1";"00009409";"CLINICA RICARDO PALMA";"240000";"HOSPITALIZACIÓN";"710";"733";"4328";"3312";"149";"3570";"24"
"2023";"10";"150131";"LIMA";"LIMA";"SAN ISIDRO";"PRIVADO";"III-1";"00009409";"CLINICA RICARDO PALMA";"242300";"HOSPITALIZACIÓN DE PEDIATRÍA  PEDIATRÍA  GENERAL ";"68";"69";"416";"548";"18";"621";"0"
"2023";"10";"150131";"LIMA";"LIMA";"SAN ISIDRO";"PRIVADO";"III-1";"00009409";"CLINICA RICARDO PALMA";"241400";"HOSPITALIZACIÓN QUIRÚRGICA GINECO - OBSTETRICIA ";"79";"77";"224";"180";"8";"195";"0"
"2023";"10";"150131";"LIMA";"LIMA";"SAN ISIDRO";"PRIVADO";"III-1";"00009409";"CLINICA RICARDO PALMA";"250105";"UNIDAD DE CUIDADOS CRITICOS UNIDAD  DE CUIDADOS INTENSIVOS  (UCI) NEONATOLOGÍA";"2";"1";"5";"29";"4";"224";"0"
"2023";"11";"130502";"LA LIBERTAD";"JULCAN";"CALAMARCA";"GOBIERNO REGIONAL";"I-2";"00007247";"BARRO NEGRO";"NE_0001";"";"NE_0001";"NE_0001";"NE_0001";"NE_0001";"NE_0001";"NE_0001";"NE_0001"
"2023";"11";"130502";"LA LIBERTAD";"JULCAN";"CALAMARCA";"GOBIERNO REGIONAL";"I-4";"00005308";"CALAMARCA";"241800";"HOSPITALIZACIÓN DE MEDICINA MEDICINA GENERAL ";"3";"3";"3";"60";"2";"60";"0"
"2023";"11";"130502";"LA LIBERTAD";"JULCAN";"CALAMARCA";"GOBIERNO REGIONAL";"I-1";"00007248";"CHAZKA";"NE_0001";"";"NE_0001";"NE_0001";"NE_0001";"NE_0001";"NE_0001";"NE_0001";"NE_0001"
"2023";"11";"130502";"LA LIBERTAD";"JULCAN";"CALAMARCA";"GOBIERNO REGIONAL";"I-1";"00016424";"HUAGAL";"NE_0001";"";"NE_0001";"NE_0001";"NE_0001";"NE_0001";"NE_0001";"NE_0001";"NE_0001"
"2023";"11";"130502";"LA LIBERTAD";"JULCAN";"CALAMARCA";"GOBIERNO REGIONAL";"I-3";"00005309";"SICCHAL";"NE_0001";"";"NE_0001";"NE_0001";"NE_0001";"NE_0001";"NE_0001";"NE_0001";"NE_0001"
"2023";"11";"080703";"CUSCO";"CHUMBIVILCAS";"CHAMACA";"GOBIERNO REGIONAL";"I-1";"00016329";"INGATA";"NE_0001";"";"NE_0001";"NE_0001";"NE_0001";"NE_0001";"NE_0001";"NE_0001";"NE_0001"
"2023";"11";"150133";"LIMA";"LIMA";"SAN JUAN DE MIRAFLORES";"PRIVADO";"II-E";"00017676";"OFTALMOSALUD";"NE_0001";"";"NE_0001";"NE_0001";"NE_0001";"NE_0001";"NE_0001";"NE_0001";"NE_0001"
"2023";"11";"150501";"LIMA";"CAÑETE";"SAN VICENTE DE CAÑETE";"GOBIERNO REGIONAL";"II-2";"00005986";"HOSPITAL REZOLA";"240100";"HOSPITALIZACIÓN QUIRÚRGICA CIRUGÍA GENERAL ";"119";"134";"551";"470";"26";"780";"1"
"2023";"11";"150501";"LIMA";"CAÑETE";"SAN VICENTE DE CAÑETE";"GOBIERNO REGIONAL";"II-2";"00005986";"HOSPITAL REZOLA";"241400";"HOSPITALIZACIÓN QUIRÚRGICA GINECO - OBSTETRICIA ";"210";"224";"456";"423";"18";"540";"0"
"2023";"11";"150501";"LIMA";"CAÑETE";"SAN VICENTE DE CAÑETE";"GOBIERNO REGIONAL";"II-2";"00005986";"HOSPITAL REZOLA";"241500";"HOSPITALIZACIÓN QUIRÚRGICA GINECOLOGÍA  ";"9";"14";"41";"30";"6";"180";"0"
"2023";"11";"150501";"LIMA";"CAÑETE";"SAN VICENTE DE CAÑETE";"GOBIERNO REGIONAL";"II-2";"00005986";"HOSPITAL REZOLA";"241800";"HOSPITALIZACIÓN DE MEDICINA MEDICINA GENERAL ";"67";"92";"764";"560";"35";"1050";"12"
"2023";"11";"150501";"LIMA";"CAÑETE";"SAN VICENTE DE CAÑETE";"GOBIERNO REGIONAL";"II-2";"00005986";"HOSPITAL REZOLA";"242500";"HOSPITALIZACIÓN-PEDIATRÍA GENERAL-";"32";"46";"182";"149";"12";"360";"0"
"2023";"11";"150501";"LIMA";"CAÑETE";"SAN VICENTE DE CAÑETE";"GOBIERNO REGIONAL";"II-2";"00005986";"HOSPITAL REZOLA";"243200";"HOSPITALIZACIÓN DE PEDIATRÍA PEDIATRIA NEONATOLOGÍA";"15";"17";"103";"79";"9";"270";"0"
"2023";"11";"150501";"LIMA";"CAÑETE";"SAN VICENTE DE CAÑETE";"GOBIERNO REGIONAL";"II-2";"00005986";"HOSPITAL REZOLA";"250103";"UNIDAD DE CUIDADOS CRITICOS UNIDAD  DE CUIDADOS INTENSIVOS GENERALES  (UCI) MEDICINA";"7";"9";"115";"21";"4";"120";"3"
"2023";"11";"150501";"LIMA";"CAÑETE";"SAN VICENTE DE CAÑETE";"GOBIERNO REGIONAL";"II-2";"00005986";"HOSPITAL REZOLA";"250105";"UNIDAD DE CUIDADOS CRITICOS UNIDAD  DE CUIDADOS INTENSIVOS  (UCI) NEONATOLOGÍA";"2";"5";"48";"28";"6";"180";"0"
"2023";"11";"150134";"LIMA";"LIMA";"SAN LUIS";"ESSALUD";"I-3";"00008289";"POLICLÍNICO DE COMPLEJIDAD CRECIENTE SAN LUIS";"NE_0001";"";"NE_0001";"NE_0001";"NE_0001";"NE_0001";"NE_0001";"NE_0001";"NE_0001"
"2023";"11";"140101";"LAMBAYEQUE";"CHICLAYO";"CHICLAYO";"PRIVADO";"II-E";"00030057";"CLINICAS AUNAS SEDE CHICLAYO";"240000";"HOSPITALIZACIÓN";"238";"214";"735";"974";"41";"1230";"0"
"2023";"11";"140101";"LAMBAYEQUE";"CHICLAYO";"CHICLAYO";"PRIVADO";"II-E";"00030057";"CLINICAS AUNAS SEDE CHICLAYO";"250100";"UNIDAD DE CUIDADOS CRITICOS UNIDAD  DE CUIDADOS INTENSIVOS GENERALES (UCI) ";"5";"1";"9";"47";"6";"180";"1"
"2023";"11";"150108";"LIMA";"LIMA";"CHORRILLOS";"SANIDAD DEL EJERCITO DEL PERU";"I-3";"00008292";"CENTRO MEDICO DE LA ESCUELA MILITAR DE CHORRILLOS ""CORONEL FRANCISCO BOLOGNESI""";"NE_0001";"";"NE_0001";"NE_0001";"NE_0001";"NE_0001";"NE_0001";"NE_0001";"NE_0001"
"2023";"11";"010201";"AMAZONAS";"BAGUA";"BAGUA";"GOBIERNO REGIONAL";"II-1";"00005044";"GUSTAVO LANATTA LUJAN";"240100";"HOSPITALIZACIÓN QUIRÚRGICA CIRUGÍA GENERAL ";"91";"91";"216";"216";"10";"300";"0"
"2023";"11";"010201";"AMAZONAS";"BAGUA";"BAGUA";"GOBIERNO REGIONAL";"II-1";"00005044";"GUSTAVO LANATTA LUJAN";"241200";"HOSPITALIZACIÓN QUIRÚRGICA TRAUMATOLOGÍA Y ORTOPEDIA ";"1";"1";"1";"1";"2";"60";"0"
"2023";"11";"010201";"AMAZONAS";"BAGUA";"BAGUA";"GOBIERNO REGIONAL";"II-1";"00005044";"GUSTAVO LANATTA LUJAN";"241400";"HOSPITALIZACIÓN QUIRÚRGICA GINECO - OBSTETRICIA ";"140";"140";"295";"295";"19";"570";"0"
"2023";"11";"010201";"AMAZONAS";"BAGUA";"BAGUA";"GOBIERNO REGIONAL";"II-1";"00005044";"GUSTAVO LANATTA LUJAN";"241800";"HOSPITALIZACIÓN DE MEDICINA MEDICINA GENERAL ";"54";"54";"204";"204";"29";"870";"0"
"2023";"11";"010201";"AMAZONAS";"BAGUA";"BAGUA";"GOBIERNO REGIONAL";"II-1";"00005044";"GUSTAVO LANATTA LUJAN";"242500";"HOSPITALIZACIÓN-PEDIATRÍA GENERAL-";"55";"55";"161";"161";"10";"300";"0"
"2023";"11";"010201";"AMAZONAS";"BAGUA";"BAGUA";"GOBIERNO REGIONAL";"II-1";"00005044";"GUSTAVO LANATTA LUJAN";"243200";"HOSPITALIZACIÓN DE PEDIATRÍA PEDIATRIA NEONATOLOGÍA";"22";"22";"61";"61";"9";"270";"0"
"2023";"11";"010201";"AMAZONAS";"BAGUA";"BAGUA";"GOBIERNO REGIONAL";"II-1";"00005044";"GUSTAVO LANATTA LUJAN";"250103";"UNIDAD DE CUIDADOS CRITICOS UNIDAD  DE CUIDADOS INTENSIVOS GENERALES  (UCI) MEDICINA";"3";"3";"23";"23";"7";"210";"1"
"2023";"11";"010201";"AMAZONAS";"BAGUA";"BAGUA";"GOBIERNO REGIONAL";"II-1";"00005044";"GUSTAVO LANATTA LUJAN";"250304";"HOSPIT. EN UNIDAD DE CUID.INTEN.-UNIDAD DE VIGILANCIA INTENSIVA (UVI)-MEDICINA";"26";"26";"104";"104";"6";"180";"3"
"2023";"11";"040702";"AREQUIPA";"ISLAY";"COCACHACRA";"ESSALUD";"I-2";"00026367";"POSTA MEDICA CHUCARAPI";"NE_0001";"";"NE_0001";"NE_0001";"NE_0001";"NE_0001";"NE_0001";"NE_0001";"NE_0001"
"2023";"11";"030201";"APURIMAC";"ANDAHUAYLAS";"ANDAHUAYLAS";"ESSALUD";"II-1";"00011214";"HOSPITAL I SANTA MARGARITA";"241800";"HOSPITALIZACIÓN DE MEDICINA MEDICINA GENERAL ";"29";"22";"186";"157";"6";"180";"2"
"2023";"11";"030201";"APURIMAC";"ANDAHUAYLAS";"ANDAHUAYLAS";"ESSALUD";"II-1";"00011214";"HOSPITAL I SANTA MARGARITA";"240100";"HOSPITALIZACIÓN QUIRÚRGICA CIRUGÍA GENERAL ";"29";"26";"128";"119";"4";"120";"0"
"2023";"11";"030201";"APURIMAC";"ANDAHUAYLAS";"ANDAHUAYLAS";"ESSALUD";"II-1";"00011214";"HOSPITAL I SANTA MARGARITA";"241400";"HOSPITALIZACIÓN QUIRÚRGICA GINECO - OBSTETRICIA ";"8";"4";"16";"11";"1";"30";"0"
"2023";"11";"030201";"APURIMAC";"ANDAHUAYLAS";"ANDAHUAYLAS";"ESSALUD";"II-1";"00011214";"HOSPITAL I SANTA MARGARITA";"241600";"HOSPITALIZACIÓN QUIRÚRGICA OBSTETRICIA   ";"33";"33";"98";"80";"3";"90";"0"
"2023";"11";"030201";"APURIMAC";"ANDAHUAYLAS";"ANDAHUAYLAS";"ESSALUD";"II-1";"00011214";"HOSPITAL I SANTA MARGARITA";"242300";"HOSPITALIZACIÓN DE PEDIATRÍA  PEDIATRÍA  GENERAL ";"14";"10";"35";"35";"2";"60";"0"
"2023";"09";"150113";"LIMA";"LIMA";"JESUS MARIA";"PRIVADO";"I-3";"00010439";"CENTRO CLINICO JESUS MARIA";"NE_0002";"";"NE_0002";"NE_0002";"NE_0002";"NE_0002";"NE_0002";"NE_0002";"NE_0002"
"2023";"06";"150113";"LIMA";"LIMA";"JESUS MARIA";"PRIVADO";"I-3";"00010439";"CENTRO CLINICO JESUS MARIA";"NE_0002";"";"NE_0002";"NE_0002";"NE_0002";"NE_0002";"NE_0002";"NE_0002";"NE_0002"
"2023";"11";"220801";"SAN MARTIN";"RIOJA";"RIOJA";"GOBIERNO REGIONAL";"II-1";"00006732";"HOSPITAL DE RIOJA";"240100";"HOSPITALIZACIÓN QUIRÚRGICA CIRUGÍA GENERAL ";"53";"62";"287";"287";"10";"300";"1"
"2023";"11";"220801";"SAN MARTIN";"RIOJA";"RIOJA";"GOBIERNO REGIONAL";"II-1";"00006732";"HOSPITAL DE RIOJA";"241200";"HOSPITALIZACIÓN QUIRÚRGICA TRAUMATOLOGÍA Y ORTOPEDIA ";"27";"35";"150";"150";"5";"150";"0"
"2023";"11";"220801";"SAN MARTIN";"RIOJA";"RIOJA";"GOBIERNO REGIONAL";"II-1";"00006732";"HOSPITAL DE RIOJA";"241500";"HOSPITALIZACIÓN QUIRÚRGICA GINECOLOGÍA  ";"52";"58";"146";"146";"11";"330";"0"
"2023";"11";"220801";"SAN MARTIN";"RIOJA";"RIOJA";"GOBIERNO REGIONAL";"II-1";"00006732";"HOSPITAL DE RIOJA";"241600";"HOSPITALIZACIÓN QUIRÚRGICA OBSTETRICIA   ";"101";"112";"267";"267";"14";"420";"0"
"2023";"11";"220801";"SAN MARTIN";"RIOJA";"RIOJA";"GOBIERNO REGIONAL";"II-1";"00006732";"HOSPITAL DE RIOJA";"241800";"HOSPITALIZACIÓN DE MEDICINA MEDICINA GENERAL ";"65";"70";"313";"313";"12";"360";"3"
"2023";"11";"220801";"SAN MARTIN";"RIOJA";"RIOJA";"GOBIERNO REGIONAL";"II-1";"00006732";"HOSPITAL DE RIOJA";"242500";"HOSPITALIZACIÓN-PEDIATRÍA GENERAL-";"40";"44";"167";"167";"10";"300";"1"
"2023";"11";"220801";"SAN MARTIN";"RIOJA";"RIOJA";"GOBIERNO REGIONAL";"II-1";"00006732";"HOSPITAL DE RIOJA";"243200";"HOSPITALIZACIÓN DE PEDIATRÍA PEDIATRIA NEONATOLOGÍA";"18";"19";"81";"81";"7";"210";"1"
"2023";"11";"120502";"JUNIN";"JUNIN";"CARHUAMAYO";"GOBIERNO REGIONAL";"I-3";"00000537";"CARHUAMAYO";"NE_0001";"";"NE_0001";"NE_0001";"NE_0001";"NE_0001";"NE_0001";"NE_0001";"NE_0001"
"2023";"11";"120504";"JUNIN";"JUNIN";"ULCUMAYO";"GOBIERNO REGIONAL";"I-1";"00000538";"LLAUPI";"NE_0001";"";"NE_0001";"NE_0001";"NE_0001";"NE_0001";"NE_0001";"NE_0001";"NE_0001"
"2023";"11";"120504";"JUNIN";"JUNIN";"ULCUMAYO";"GOBIERNO REGIONAL";"I-1";"00000540";"JACHAHUANCA";"NE_0001";"";"NE_0001";"NE_0001";"NE_0001";"NE_0001";"NE_0001";"NE_0001";"NE_0001"
"2023";"11";"120502";"JUNIN";"JUNIN";"CARHUAMAYO";"GOBIERNO REGIONAL";"I-3";"00030166";"CENTRO DE SALUD MENTAL COMUNITARIO CARHUAMAYO";"NE_0001";"";"NE_0001";"NE_0001";"NE_0001";"NE_0001";"NE_0001";"NE_0001";"NE_0001"
"2023";"11";"120501";"JUNIN";"JUNIN";"JUNIN";"GOBIERNO REGIONAL";"I-1";"00000536";"HUAYRE";"NE_0001";"";"NE_0001";"NE_0001";"NE_0001";"NE_0001";"NE_0001";"NE_0001";"NE_0001"
"2023";"11";"060608";"CAJAMARCA";"CUTERVO";"SAN ANDRES DE CUTERVO";"GOBIERNO REGIONAL";"I-1";"00005035";"LA FLOR";"NE_0001";"";"NE_0001";"NE_0001";"NE_0001";"NE_0001";"NE_0001";"NE_0001";"NE_0001"
"2023";"11";"220605";"SAN MARTIN";"MARISCAL CACERES";"PAJARILLO";"GOBIERNO REGIONAL";"I-1";"00006563";"COSTA RICA";"NE_0001";"";"NE_0001";"NE_0001";"NE_0001";"NE_0001";"NE_0001";"NE_0001";"NE_0001"
"2023";"11";"220204";"SAN MARTIN";"BELLAVISTA";"HUALLAGA";"GOBIERNO REGIONAL";"I-1";"00006565";"AUCARARCA";"NE_0001";"";"NE_0001";"NE_0001";"NE_0001";"NE_0001";"NE_0001";"NE_0001";"NE_0001"
"2023";"11";"060607";"CAJAMARCA";"CUTERVO";"QUEROCOTILLO";"GOBIERNO REGIONAL";"I-1";"00005009";"QUIPAYUC";"NE_0001";"";"NE_0001";"NE_0001";"NE_0001";"NE_0001";"NE_0001";"NE_0001";"NE_0001"
"2023";"11";"060607";"CAJAMARCA";"CUTERVO";"QUEROCOTILLO";"GOBIERNO REGIONAL";"I-1";"00006941";"MARAYBAMBA ALTO";"NE_0001";"";"NE_0001";"NE_0001";"NE_0001";"NE_0001";"NE_0001";"NE_0001";"NE_0001"
"2023";"11";"060607";"CAJAMARCA";"CUTERVO";"QUEROCOTILLO";"GOBIERNO REGIONAL";"I-1";"00007226";"LA SUCCHA DE QUEROCOTILLO";"NE_0001";"";"NE_0001";"NE_0001";"NE_0001";"NE_0001";"NE_0001";"NE_0001";"NE_0001"
"2023";"11";"130101";"LA LIBERTAD";"TRUJILLO";"TRUJILLO";"GOBIERNO REGIONAL";"III-2";"00007277";"INSTITUTO REGIONAL DE ENFERMEDADES NEOPLASICAS - NORTE - DR. LUIS PINILLOS GANOZA";"241000";"HOSPITALIZACIÓN QUIRÚRGICA ONCOLOGÍA QUIRÚRGICA  ";"116";"120";"634";"575";"20";"600";"3"
"2023";"11";"130101";"LA LIBERTAD";"TRUJILLO";"TRUJILLO";"GOBIERNO REGIONAL";"III-2";"00007277";"INSTITUTO REGIONAL DE ENFERMEDADES NEOPLASICAS - NORTE - DR. LUIS PINILLOS GANOZA";"242100";"HOSPITALIZACIÓN DE MEDICINA ONCOLOGÍA MÉDICA ";"73";"78";"244";"294";"11";"330";"2"
"2023";"11";"150142";"LIMA";"LIMA";"VILLA EL SALVADOR";"ESSALUD";"II-1";"00008741";"ULDARICO ROCCA FERNANDEZ";"241800";"HOSPITALIZACIÓN DE MEDICINA MEDICINA GENERAL ";"84";"80";"311";"314";"16";"480";"7"
"2023";"11";"150142";"LIMA";"LIMA";"VILLA EL SALVADOR";"ESSALUD";"II-1";"00008741";"ULDARICO ROCCA FERNANDEZ";"240100";"HOSPITALIZACIÓN QUIRÚRGICA CIRUGÍA GENERAL ";"103";"107";"279";"266";"15";"450";"0"
"2023";"11";"150142";"LIMA";"LIMA";"VILLA EL SALVADOR";"ESSALUD";"II-1";"00008741";"ULDARICO ROCCA FERNANDEZ";"241500";"HOSPITALIZACIÓN QUIRÚRGICA GINECOLOGÍA  ";"26";"24";"92";"90";"3";"90";"0"
"2023";"11";"150142";"LIMA";"LIMA";"VILLA EL SALVADOR";"ESSALUD";"II-1";"00008741";"ULDARICO ROCCA FERNANDEZ";"241600";"HOSPITALIZACIÓN QUIRÚRGICA OBSTETRICIA   ";"159";"156";"300";"300";"15";"450";"0"
"2023";"11";"150142";"LIMA";"LIMA";"VILLA EL SALVADOR";"ESSALUD";"II-1";"00008741";"ULDARICO ROCCA FERNANDEZ";"242300";"HOSPITALIZACIÓN DE PEDIATRÍA  PEDIATRÍA  GENERAL ";"81";"78";"256";"262";"9";"270";"0"
"2023";"11";"150142";"LIMA";"LIMA";"VILLA EL SALVADOR";"ESSALUD";"II-1";"00008741";"ULDARICO ROCCA FERNANDEZ";"250100";"UNIDAD DE CUIDADOS CRITICOS UNIDAD  DE CUIDADOS INTENSIVOS GENERALES (UCI) ";"18";"18";"104";"97";"4";"120";"6"
"2023";"11";"120504";"JUNIN";"JUNIN";"ULCUMAYO";"GOBIERNO REGIONAL";"I-1";"00000539";"PUYAY";"NE_0001";"";"NE_0001";"NE_0001";"NE_0001";"NE_0001";"NE_0001";"NE_0001";"NE_0001"
"2023";"11";"120504";"JUNIN";"JUNIN";"ULCUMAYO";"GOBIERNO REGIONAL";"I-1";"00000541";"CARAPACHO";"NE_0001";"";"NE_0001";"NE_0001";"NE_0001";"NE_0001";"NE_0001";"NE_0001";"NE_0001"
"2023";"11";"130105";"LA LIBERTAD";"TRUJILLO";"LA ESPERANZA";"ESSALUD";"III-E";"00020925";"HOSPITAL DE ALTA COMPLEJIDAD DE LA LIBERTAD VIRGEN DE LA PUERTA";"241900";"HOSPITALIZACIÓN DE MEDICINA MEDICINA INTERNA ";"168";"279";"3409";"2639";"96";"2880";"14"
"2023";"11";"130105";"LA LIBERTAD";"TRUJILLO";"LA ESPERANZA";"ESSALUD";"III-E";"00020925";"HOSPITAL DE ALTA COMPLEJIDAD DE LA LIBERTAD VIRGEN DE LA PUERTA";"250100";"UNIDAD DE CUIDADOS CRITICOS UNIDAD  DE CUIDADOS INTENSIVOS GENERALES (UCI) ";"29";"5";"154";"344";"12";"360";"4"
"2023";"11";"130105";"LA LIBERTAD";"TRUJILLO";"LA ESPERANZA";"ESSALUD";"III-E";"00020925";"HOSPITAL DE ALTA COMPLEJIDAD DE LA LIBERTAD VIRGEN DE LA PUERTA";"250200";"UNIDAD DE CUIDADOS CRITICOS UNIDAD DE CUIDADOS INTERMEDIOS GENERAL  (UCIN) ";"51";"15";"268";"604";"21";"630";"1"
"2023";"11";"130105";"LA LIBERTAD";"TRUJILLO";"LA ESPERANZA";"ESSALUD";"III-E";"00020925";"HOSPITAL DE ALTA COMPLEJIDAD DE LA LIBERTAD VIRGEN DE LA PUERTA";"240100";"HOSPITALIZACIÓN QUIRÚRGICA CIRUGÍA GENERAL ";"181";"190";"1297";"1116";"39";"1170";"2"
"2023";"11";"130105";"LA LIBERTAD";"TRUJILLO";"LA ESPERANZA";"ESSALUD";"III-E";"00020925";"HOSPITAL DE ALTA COMPLEJIDAD DE LA LIBERTAD VIRGEN DE LA PUERTA";"241500";"HOSPITALIZACIÓN QUIRÚRGICA GINECOLOGÍA  ";"118";"119";"389";"390";"14";"420";"0"
"2023";"11";"130105";"LA LIBERTAD";"TRUJILLO";"LA ESPERANZA";"ESSALUD";"III-E";"00020925";"HOSPITAL DE ALTA COMPLEJIDAD DE LA LIBERTAD VIRGEN DE LA PUERTA";"242300";"HOSPITALIZACIÓN DE PEDIATRÍA  PEDIATRÍA  GENERAL ";"10";"29";"441";"245";"13";"390";"0"
"2023";"11";"240102";"TUMBES";"TUMBES";"CORRALES";"GOBIERNO REGIONAL";"I-2";"00001868";"MALVAL";"NE_0001";"";"NE_0001";"NE_0001";"NE_0001";"NE_0001";"NE_0001";"NE_0001";"NE_0001"
"2023";"09";"040201";"AREQUIPA";"CAMANA";"CAMANA";"GOBIERNO REGIONAL";"II-1";"00001344";"HOSPITAL DE CAMANA";"240100";"HOSPITALIZACIÓN QUIRÚRGICA CIRUGÍA GENERAL ";"23";"29";"172";"234";"12";"360";"0"
"2023";"09";"040201";"AREQUIPA";"CAMANA";"CAMANA";"GOBIERNO REGIONAL";"II-1";"00001344";"HOSPITAL DE CAMANA";"241200";"HOSPITALIZACIÓN QUIRÚRGICA TRAUMATOLOGÍA Y ORTOPEDIA ";"18";"22";"170";"232";"3";"290";"0"
"2023";"09";"040201";"AREQUIPA";"CAMANA";"CAMANA";"GOBIERNO REGIONAL";"II-1";"00001344";"HOSPITAL DE CAMANA";"241500";"HOSPITALIZACIÓN QUIRÚRGICA GINECOLOGÍA  ";"96";"105";"254";"316";"17";"410";"0"
"2023";"09";"040201";"AREQUIPA";"CAMANA";"CAMANA";"GOBIERNO REGIONAL";"II-1";"00001344";"HOSPITAL DE CAMANA";"241900";"HOSPITALIZACIÓN DE MEDICINA MEDICINA INTERNA ";"24";"30";"241";"303";"18";"470";"3"
"2023";"09";"040201";"AREQUIPA";"CAMANA";"CAMANA";"GOBIERNO REGIONAL";"II-1";"00001344";"HOSPITAL DE CAMANA";"242500";"HOSPITALIZACIÓN-PEDIATRÍA GENERAL-";"10";"13";"66";"128";"13";"290";"0"
"2023";"09";"040201";"AREQUIPA";"CAMANA";"CAMANA";"GOBIERNO REGIONAL";"II-1";"00001344";"HOSPITAL DE CAMANA";"243200";"HOSPITALIZACIÓN DE PEDIATRÍA PEDIATRIA NEONATOLOGÍA";"31";"32";"69";"131";"8";"200";"0"
"2023";"09";"220507";"SAN MARTIN";"LAMAS";"RUMISAPA";"GOBIERNO REGIONAL";"I-1";"00006389";"CHURUZAPA";"NE_0001";"";"NE_0001";"NE_0001";"NE_0001";"NE_0001";"NE_0001";"NE_0001";"NE_0001"
"2023";"09";"220501";"SAN MARTIN";"LAMAS";"LAMAS";"GOBIERNO REGIONAL";"I-1";"00006390";"LAS FLORES DEL RIO MAYO";"NE_0001";"";"NE_0001";"NE_0001";"NE_0001";"NE_0001";"NE_0001";"NE_0001";"NE_0001"
"2023";"09";"220501";"SAN MARTIN";"LAMAS";"LAMAS";"GOBIERNO REGIONAL";"I-1";"00006388";"SAN ANTONIO RIO MAYO";"NE_0001";"";"NE_0001";"NE_0001";"NE_0001";"NE_0001";"NE_0001";"NE_0001";"NE_0001"
"2023";"09";"150101";"LIMA";"LIMA";"LIMA";"MINSA";"III-2";"00006217";"INO DR. FRANCISCO CONTRERAS C.";"240600";"HOSPITALIZACIÓN QUIRÚRGICA CIRUGÍA OFTALMOLÓGICA ";"16";"16";"30";"16";"7";"210";"0"
"2023";"09";"230101";"TACNA";"TACNA";"TACNA";"GOBIERNO REGIONAL";"II-2";"00002864";"HOSPITAL HIPOLITO UNANUE DE TACNA";"240100";"HOSPITALIZACIÓN QUIRÚRGICA CIRUGÍA GENERAL ";"168";"145";"511";"1095";"39";"1209";"127"
"2023";"09";"230101";"TACNA";"TACNA";"TACNA";"GOBIERNO REGIONAL";"II-2";"00002864";"HOSPITAL HIPOLITO UNANUE DE TACNA";"240700";"HOSPITALIZACIÓN QUIRÚRGICA CIRUGÍA PEDIÁTRICA ";"15";"10";"29";"73";"10";"310";"7"
"2023";"09";"230101";"TACNA";"TACNA";"TACNA";"GOBIERNO REGIONAL";"II-2";"00002864";"HOSPITAL HIPOLITO UNANUE DE TACNA";"241400";"HOSPITALIZACIÓN QUIRÚRGICA GINECO - OBSTETRICIA ";"266";"198";"570";"579";"46";"1426";"186"
"2023";"09";"230101";"TACNA";"TACNA";"TACNA";"GOBIERNO REGIONAL";"II-2";"00002864";"HOSPITAL HIPOLITO UNANUE DE TACNA";"241500";"HOSPITALIZACIÓN QUIRÚRGICA GINECOLOGÍA  ";"85";"61";"157";"53";"8";"248";"57"
"2023";"09";"230101";"TACNA";"TACNA";"TACNA";"GOBIERNO REGIONAL";"II-2";"00002864";"HOSPITAL HIPOLITO UNANUE DE TACNA";"241900";"HOSPITALIZACIÓN DE MEDICINA MEDICINA INTERNA ";"162";"123";"490";"1153";"41";"1271";"89"
"2023";"09";"230101";"TACNA";"TACNA";"TACNA";"GOBIERNO REGIONAL";"II-2";"00002864";"HOSPITAL HIPOLITO UNANUE DE TACNA";"242200";"HOSPITALIZACIÓN DE MEDICINA PSIQUIATRÍA ";"17";"9";"16";"358";"16";"496";"8"
"2023";"09";"230101";"TACNA";"TACNA";"TACNA";"GOBIERNO REGIONAL";"II-2";"00002864";"HOSPITAL HIPOLITO UNANUE DE TACNA";"242300";"HOSPITALIZACIÓN DE PEDIATRÍA  PEDIATRÍA  GENERAL ";"52";"45";"214";"258";"10";"310";"45"
"2023";"09";"230101";"TACNA";"TACNA";"TACNA";"GOBIERNO REGIONAL";"II-2";"00002864";"HOSPITAL HIPOLITO UNANUE DE TACNA";"243200";"HOSPITALIZACIÓN DE PEDIATRÍA PEDIATRIA NEONATOLOGÍA";"205";"149";"243";"247";"10";"310";"147"
"2023";"09";"230101";"TACNA";"TACNA";"TACNA";"GOBIERNO REGIONAL";"II-2";"00002864";"HOSPITAL HIPOLITO UNANUE DE TACNA";"245300";"HOSPITALIZACIÓN DE MEDICINA NEUMOLOGÍA  ";"11";"13";"85";"139";"8";"248";"13"
"2023";"09";"230101";"TACNA";"TACNA";"TACNA";"GOBIERNO REGIONAL";"II-2";"00002864";"HOSPITAL HIPOLITO UNANUE DE TACNA";"250100";"UNIDAD DE CUIDADOS CRITICOS UNIDAD  DE CUIDADOS INTENSIVOS GENERALES (UCI) ";"8";"6";"36";"139";"6";"186";"4"
"2023";"09";"230101";"TACNA";"TACNA";"TACNA";"GOBIERNO REGIONAL";"II-2";"00002864";"HOSPITAL HIPOLITO UNANUE DE TACNA";"250400";"UNIDAD DE CUIDADOS CRITICOS UNIDAD DE QUEMADOS (GRAN QUEMADO) ";"14";"7";"17";"59";"3";"93";"6"
"2023";"09";"090201";"HUANCAVELICA";"ACOBAMBA";"ACOBAMBA";"GOBIERNO REGIONAL";"II-1";"00003917";"HOSPITAL PROVINCIAL DE ACOBAMBA";"240100";"HOSPITALIZACIÓN QUIRÚRGICA CIRUGÍA GENERAL ";"6";"6";"35";"41";"4";"120";"0"
"2023";"09";"090201";"HUANCAVELICA";"ACOBAMBA";"ACOBAMBA";"GOBIERNO REGIONAL";"II-1";"00003917";"HOSPITAL PROVINCIAL DE ACOBAMBA";"241400";"HOSPITALIZACIÓN QUIRÚRGICA GINECO - OBSTETRICIA ";"33";"36";"68";"104";"8";"240";"0"
"2023";"09";"090201";"HUANCAVELICA";"ACOBAMBA";"ACOBAMBA";"GOBIERNO REGIONAL";"II-1";"00003917";"HOSPITAL PROVINCIAL DE ACOBAMBA";"241800";"HOSPITALIZACIÓN DE MEDICINA MEDICINA GENERAL ";"5";"5";"20";"25";"6";"180";"0"
"2023";"09";"090201";"HUANCAVELICA";"ACOBAMBA";"ACOBAMBA";"GOBIERNO REGIONAL";"II-1";"00003917";"HOSPITAL PROVINCIAL DE ACOBAMBA";"242500";"HOSPITALIZACIÓN-PEDIATRÍA GENERAL-";"3";"3";"4";"7";"2";"60";"0"
"2023";"09";"130107";"LA LIBERTAD";"TRUJILLO";"MOCHE";"GOBIERNO REGIONAL";"II-1";"00007152";"HOSPITAL DISTRITAL ALTO MOCHE-WALTER CRUZ VILCA";"241400";"HOSPITALIZACIÓN QUIRÚRGICA GINECO - OBSTETRICIA ";"19";"19";"21";"12";"12";"372";"0"
"2023";"10";"150105";"LIMA";"LIMA";"BREÑA";"MINSA";"III-2";"00006216";"INSTITUTO NACIONAL DE SALUD DEL NIÑO";"240200";"HOSPITALIZACIÓN QUIRÚRGICA CIRUGÍA DE CABEZA Y CUELLO / MÁXILO FACIAL ";"28";"27";"358";"306";"10";"310";"0"
"2023";"10";"150105";"LIMA";"LIMA";"BREÑA";"MINSA";"III-2";"00006216";"INSTITUTO NACIONAL DE SALUD DEL NIÑO";"240400";"HOSPITALIZACIÓN QUIRÚRGICA CIRUGÍA DE TÓRAX Y CARDIOVASCULAR ";"23";"9";"153";"299";"13";"403";"0"
"2023";"10";"150105";"LIMA";"LIMA";"BREÑA";"MINSA";"III-2";"00006216";"INSTITUTO NACIONAL DE SALUD DEL NIÑO";"240700";"HOSPITALIZACIÓN QUIRÚRGICA CIRUGÍA PEDIÁTRICA ";"93";"84";"683";"603";"20";"620";"0"
"2023";"10";"150105";"LIMA";"LIMA";"BREÑA";"MINSA";"III-2";"00006216";"INSTITUTO NACIONAL DE SALUD DEL NIÑO";"240801";"HOSPITALIZACIÓN QUIRÚRGICA CIRUGÍA PLÁSTICA/RECONSTRUCTIVA/ REPARADORA QUEMADOS";"61";"46";"368";"634";"26";"806";"0"
"2023";"10";"150105";"LIMA";"LIMA";"BREÑA";"MINSA";"III-2";"00006216";"INSTITUTO NACIONAL DE SALUD DEL NIÑO";"240900";"HOSPITALIZACIÓN QUIRÚRGICA NEUROCIRUGÍA ";"35";"29";"827";"651";"21";"651";"0"
"2023";"10";"150105";"LIMA";"LIMA";"BREÑA";"MINSA";"III-2";"00006216";"INSTITUTO NACIONAL DE SALUD DEL NIÑO";"241200";"HOSPITALIZACIÓN QUIRÚRGICA TRAUMATOLOGÍA Y ORTOPEDIA ";"75";"65";"638";"718";"28";"868";"0"
"2023";"10";"150105";"LIMA";"LIMA";"BREÑA";"MINSA";"III-2";"00006216";"INSTITUTO NACIONAL DE SALUD DEL NIÑO";"241300";"HOSPITALIZACIÓN QUIRÚRGICA UROLOGÍA  ";"25";"28";"232";"159";"6";"186";"0"
"2023";"10";"150105";"LIMA";"LIMA";"BREÑA";"MINSA";"III-2";"00006216";"INSTITUTO NACIONAL DE SALUD DEL NIÑO";"242000";"HOSPITALIZACIÓN DE MEDICINA MEDICINA TROPICAL E INFECCIOSAS ";"52";"51";"757";"654";"25";"775";"0"
"2023";"10";"150105";"LIMA";"LIMA";"BREÑA";"MINSA";"III-2";"00006216";"INSTITUTO NACIONAL DE SALUD DEL NIÑO";"242300";"HOSPITALIZACIÓN DE PEDIATRÍA  PEDIATRÍA  GENERAL ";"336";"311";"2443";"2773";"92";"2852";"3"
"2023";"10";"150105";"LIMA";"LIMA";"BREÑA";"MINSA";"III-2";"00006216";"INSTITUTO NACIONAL DE SALUD DEL NIÑO";"242600";"HOSPITALIZACIÓN DE PEDIATRÍA PEDIATRIA CARDIOLOGÍA PEDIÁTRICA";"55";"45";"234";"359";"16";"496";"0"
"2023";"10";"150105";"LIMA";"LIMA";"BREÑA";"MINSA";"III-2";"00006216";"INSTITUTO NACIONAL DE SALUD DEL NIÑO";"242700";"HOSPITALIZACIÓN DE PEDIATRÍA PEDIATRIA DERMATOLOGÍA PEDIÁTRICA";"25";"21";"105";"128";"8";"248";"0"
"2023";"10";"150105";"LIMA";"LIMA";"BREÑA";"MINSA";"III-2";"00006216";"INSTITUTO NACIONAL DE SALUD DEL NIÑO";"242900";"HOSPITALIZACIÓN DE PEDIATRÍA PEDIATRIA GASTROENTEROLOGÍA PEDIÁTRICA";"22";"16";"167";"224";"8";"248";"0"
"2023";"10";"150105";"LIMA";"LIMA";"BREÑA";"MINSA";"III-2";"00006216";"INSTITUTO NACIONAL DE SALUD DEL NIÑO";"243000";"HOSPITALIZACIÓN DE PEDIATRÍA PEDIATRIA GINECOLOGÍA PEDIÁTRICA";"10";"12";"44";"44";"2";"62";"0"
"2023";"10";"150105";"LIMA";"LIMA";"BREÑA";"MINSA";"III-2";"00006216";"INSTITUTO NACIONAL DE SALUD DEL NIÑO";"243100";"HOSPITALIZACIÓN DE PEDIATRÍA PEDIATRIA NEFROLOGÍA PEDIÁTRICA";"8";"7";"94";"91";"3";"93";"0"
"2023";"10";"150105";"LIMA";"LIMA";"BREÑA";"MINSA";"III-2";"00006216";"INSTITUTO NACIONAL DE SALUD DEL NIÑO";"243300";"HOSPITALIZACIÓN DE PEDIATRÍA PEDIATRIA NEUMOLOGÍA PEDIÁTRICA";"14";"12";"675";"483";"21";"651";"0"
"2023";"10";"150105";"LIMA";"LIMA";"BREÑA";"MINSA";"III-2";"00006216";"INSTITUTO NACIONAL DE SALUD DEL NIÑO";"243400";"HOSPITALIZACIÓN DE PEDIATRÍA PEDIATRIA NEUROLOGÍA PEDIÁTRICA";"22";"20";"186";"391";"13";"403";"0"
"2023";"10";"150105";"LIMA";"LIMA";"BREÑA";"MINSA";"III-2";"00006216";"INSTITUTO NACIONAL DE SALUD DEL NIÑO";"243500";"HOSPITALIZACIÓN DE PEDIATRÍA PEDIATRIA OFTALMOLOGÍA PEDIÁTRICA";"3";"3";"21";"12";"1";"31";"0"
"2023";"10";"150105";"LIMA";"LIMA";"BREÑA";"MINSA";"III-2";"00006216";"INSTITUTO NACIONAL DE SALUD DEL NIÑO";"243600";"HOSPITALIZACIÓN DE PEDIATRÍA PEDIATRIA ONCOLOGÍA PEDIÁTRICA";"7";"4";"64";"65";"3";"93";"0"
"2023";"10";"150105";"LIMA";"LIMA";"BREÑA";"MINSA";"III-2";"00006216";"INSTITUTO NACIONAL DE SALUD DEL NIÑO";"243700";"HOSPITALIZACIÓN DE PEDIATRÍA PEDIATRIA OTORRINOLARINGOLOGÍA PEDIÁTRICA ";"25";"27";"78";"80";"7";"217";"0"
"2023";"10";"150105";"LIMA";"LIMA";"BREÑA";"MINSA";"III-2";"00006216";"INSTITUTO NACIONAL DE SALUD DEL NIÑO";"244500";"HOSPITALIZACIÓN DE MEDICINA HEMATOLOGÍA ";"5";"5";"158";"90";"3";"93";"1"
"2023";"10";"060301";"CAJAMARCA";"CELENDIN";"CELENDIN";"GOBIERNO REGIONAL";"II-1";"00004466";"DE APOYO CELENDIN";"241800";"HOSPITALIZACIÓN DE MEDICINA MEDICINA GENERAL ";"116";"116";"247";"245";"29";"899";"0"
"2023";"10";"130101";"LA LIBERTAD";"TRUJILLO";"TRUJILLO";"ESSALUD";"II-1";"00008685";"HOSPITAL I ALBRECHT";"241800";"HOSPITALIZACIÓN DE MEDICINA MEDICINA GENERAL ";"30";"27";"164";"191";"7";"193";"1"
"2023";"10";"130101";"LA LIBERTAD";"TRUJILLO";"TRUJILLO";"ESSALUD";"II-1";"00008685";"HOSPITAL I ALBRECHT";"240100";"HOSPITALIZACIÓN QUIRÚRGICA CIRUGÍA GENERAL ";"36";"31";"89";"99";"6";"166";"0"
"2023";"10";"130101";"LA LIBERTAD";"TRUJILLO";"TRUJILLO";"ESSALUD";"II-1";"00008685";"HOSPITAL I ALBRECHT";"241500";"HOSPITALIZACIÓN QUIRÚRGICA GINECOLOGÍA  ";"63";"65";"106";"100";"4";"130";"0"
"2023";"10";"130101";"LA LIBERTAD";"TRUJILLO";"TRUJILLO";"ESSALUD";"II-1";"00008685";"HOSPITAL I ALBRECHT";"241600";"HOSPITALIZACIÓN QUIRÚRGICA OBSTETRICIA   ";"32";"34";"85";"74";"3";"119";"0"
"2023";"10";"130101";"LA LIBERTAD";"TRUJILLO";"TRUJILLO";"ESSALUD";"II-1";"00008685";"HOSPITAL I ALBRECHT";"242300";"HOSPITALIZACIÓN DE PEDIATRÍA  PEDIATRÍA  GENERAL ";"42";"42";"114";"118";"4";"144";"0"
"2023";"10";"081104";"CUSCO";"PAUCARTAMBO";"COLQUEPATA";"GOBIERNO REGIONAL";"I-1";"00006979";"TOCRA";"NE_0002";"";"NE_0002";"NE_0002";"NE_0002";"NE_0002";"NE_0002";"NE_0002";"NE_0002"
"2023";"10";"081101";"CUSCO";"PAUCARTAMBO";"PAUCARTAMBO";"GOBIERNO REGIONAL";"I-4";"00002510";"PAUCARTAMBO";"NE_0002";"";"NE_0002";"NE_0002";"NE_0002";"NE_0002";"NE_0002";"NE_0002";"NE_0002"
"2023";"10";"081104";"CUSCO";"PAUCARTAMBO";"COLQUEPATA";"GOBIERNO REGIONAL";"I-1";"00002517";"PICHIHUA COLQUEPATA";"NE_0002";"";"NE_0002";"NE_0002";"NE_0002";"NE_0002";"NE_0002";"NE_0002";"NE_0002"
"2023";"10";"081103";"CUSCO";"PAUCARTAMBO";"CHALLABAMBA";"GOBIERNO REGIONAL";"I-3";"00002514";"CHALLABAMBA";"NE_0002";"";"NE_0002";"NE_0002";"NE_0002";"NE_0002";"NE_0002";"NE_0002";"NE_0002"
"2023";"10";"081104";"CUSCO";"PAUCARTAMBO";"COLQUEPATA";"GOBIERNO REGIONAL";"I-1";"00002519";"AYRE";"NE_0002";"";"NE_0002";"NE_0002";"NE_0002";"NE_0002";"NE_0002";"NE_0002";"NE_0002"
"2023";"10";"081102";"CUSCO";"PAUCARTAMBO";"CAICAY";"GOBIERNO REGIONAL";"I-1";"00002513";"HUASAC";"NE_0002";"";"NE_0002";"NE_0002";"NE_0002";"NE_0002";"NE_0002";"NE_0002";"NE_0002"
"2023";"10";"081205";"CUSCO";"QUISPICANCHI";"CCATCA";"GOBIERNO REGIONAL";"I-1";"00008911";"HUARA HUARA";"NE_0001";"";"NE_0001";"NE_0001";"NE_0001";"NE_0001";"NE_0001";"NE_0001";"NE_0001"
"2023";"10";"081202";"CUSCO";"QUISPICANCHI";"ANDAHUAYLILLAS";"GOBIERNO REGIONAL";"I-2";"00002525";"ANDAHUAYLILLAS";"NE_0001";"";"NE_0001";"NE_0001";"NE_0001";"NE_0001";"NE_0001";"NE_0001";"NE_0001"
"2023";"10";"081212";"CUSCO";"QUISPICANCHI";"QUIQUIJANA";"GOBIERNO REGIONAL";"I-4";"00002538";"QUIQUIJANA";"NE_0001";"";"NE_0001";"NE_0001";"NE_0001";"NE_0001";"NE_0001";"NE_0001";"NE_0001"
"2023";"10";"081206";"CUSCO";"QUISPICANCHI";"CUSIPATA";"GOBIERNO REGIONAL";"I-1";"00006980";"CHILLIHUANI";"NE_0001";"";"NE_0001";"NE_0001";"NE_0001";"NE_0001";"NE_0001";"NE_0001";"NE_0001"
"2023";"10";"081207";"CUSCO";"QUISPICANCHI";"HUARO";"GOBIERNO REGIONAL";"I-1";"00002533";"URPAY";"NE_0001";"";"NE_0001";"NE_0001";"NE_0001";"NE_0001";"NE_0001";"NE_0001";"NE_0001"
"2023";"10";"081208";"CUSCO";"QUISPICANCHI";"LUCRE";"GOBIERNO REGIONAL";"I-2";"00002534";"LUCRE";"NE_0001";"";"NE_0001";"NE_0001";"NE_0001";"NE_0001";"NE_0001";"NE_0001";"NE_0001"
"2023";"10";"150133";"LIMA";"LIMA";"SAN JUAN DE MIRAFLORES";"MINSA";"III-1";"00005987";"HOSPITAL MARIA AUXILIADORA";"242300";"HOSPITALIZACIÓN DE PEDIATRÍA  PEDIATRÍA  GENERAL ";"111";"113";"693";"652";"30";"930";"0"
"2023";"10";"150133";"LIMA";"LIMA";"SAN JUAN DE MIRAFLORES";"MINSA";"III-1";"00005987";"HOSPITAL MARIA AUXILIADORA";"241900";"HOSPITALIZACIÓN DE MEDICINA MEDICINA INTERNA ";"283";"297";"3115";"2765";"103";"3206";"9"
"2023";"10";"150133";"LIMA";"LIMA";"SAN JUAN DE MIRAFLORES";"MINSA";"III-1";"00005987";"HOSPITAL MARIA AUXILIADORA";"242100";"HOSPITALIZACIÓN DE MEDICINA ONCOLOGÍA MÉDICA ";"48";"56";"430";"373";"14";"434";"7"
"2023";"10";"150133";"LIMA";"LIMA";"SAN JUAN DE MIRAFLORES";"MINSA";"III-1";"00005987";"HOSPITAL MARIA AUXILIADORA";"240100";"HOSPITALIZACIÓN QUIRÚRGICA CIRUGÍA GENERAL ";"282";"298";"2201";"1955";"78";"2408";"0"
"2023";"10";"150133";"LIMA";"LIMA";"SAN JUAN DE MIRAFLORES";"MINSA";"III-1";"00005987";"HOSPITAL MARIA AUXILIADORA";"241400";"HOSPITALIZACIÓN QUIRÚRGICA GINECO - OBSTETRICIA ";"437";"471";"1619";"1183";"68";"2108";"0"
"2023";"10";"150133";"LIMA";"LIMA";"SAN JUAN DE MIRAFLORES";"MINSA";"III-1";"00005987";"HOSPITAL MARIA AUXILIADORA";"243200";"HOSPITALIZACIÓN DE PEDIATRÍA PEDIATRIA NEONATOLOGÍA";"96";"96";"789";"733";"46";"1426";"0"
"2023";"10";"150133";"LIMA";"LIMA";"SAN JUAN DE MIRAFLORES";"MINSA";"III-1";"00005987";"HOSPITAL MARIA AUXILIADORA";"250100";"UNIDAD DE CUIDADOS CRITICOS UNIDAD  DE CUIDADOS INTENSIVOS GENERALES (UCI) ";"21";"11";"178";"305";"11";"341";"10"
"2023";"10";"150133";"LIMA";"LIMA";"SAN JUAN DE MIRAFLORES";"MINSA";"III-1";"00005987";"HOSPITAL MARIA AUXILIADORA";"250105";"UNIDAD DE CUIDADOS CRITICOS UNIDAD  DE CUIDADOS INTENSIVOS  (UCI) NEONATOLOGÍA";"8";"10";"244";"184";"9";"279";"9"
"2023";"10";"150133";"LIMA";"LIMA";"SAN JUAN DE MIRAFLORES";"MINSA";"III-1";"00005987";"HOSPITAL MARIA AUXILIADORA";"250108";"UNIDAD DE CUIDADOS CRITICOS UNIDAD  DE CUIDADOS INTENSIVOS  (UCI) PEDIÁTRICA";"8";"0";"0";"110";"5";"155";"0"
"2023";"10";"150133";"LIMA";"LIMA";"SAN JUAN DE MIRAFLORES";"MINSA";"III-1";"00005987";"HOSPITAL MARIA AUXILIADORA";"250200";"UNIDAD DE CUIDADOS CRITICOS UNIDAD DE CUIDADOS INTERMEDIOS GENERAL  (UCIN) ";"16";"2";"3";"167";"7";"217";"1"
"2023";"10";"120114";"JUNIN";"HUANCAYO";"EL TAMBO";"PRIVADO";"II-1";"00008024";"CLINICA CAYETANO HEREDIA";"240000";"HOSPITALIZACIÓN";"142";"152";"490";"386";"45";"1304";"0"
"2023";"10";"120114";"JUNIN";"HUANCAYO";"EL TAMBO";"PRIVADO";"II-1";"00008024";"CLINICA CAYETANO HEREDIA";"241400";"HOSPITALIZACIÓN QUIRÚRGICA GINECO - OBSTETRICIA ";"34";"39";"100";"86";"8";"242";"0"
"2023";"10";"210301";"PUNO";"CARABAYA";"MACUSANI";"GOBIERNO REGIONAL";"II-2";"00031179";"HOSPITAL SAN MARTIN DE PORRES";"240100";"HOSPITALIZACIÓN QUIRÚRGICA CIRUGÍA GENERAL ";"67";"73";"236";"309";"10";"310";"0"
"2023";"10";"210301";"PUNO";"CARABAYA";"MACUSANI";"GOBIERNO REGIONAL";"II-2";"00031179";"HOSPITAL SAN MARTIN DE PORRES";"241500";"HOSPITALIZACIÓN QUIRÚRGICA GINECOLOGÍA  ";"20";"22";"47";"69";"4";"124";"0"
"2023";"10";"210301";"PUNO";"CARABAYA";"MACUSANI";"GOBIERNO REGIONAL";"II-2";"00031179";"HOSPITAL SAN MARTIN DE PORRES";"241600";"HOSPITALIZACIÓN QUIRÚRGICA OBSTETRICIA   ";"66";"77";"194";"271";"11";"341";"0"
"2023";"10";"210301";"PUNO";"CARABAYA";"MACUSANI";"GOBIERNO REGIONAL";"II-2";"00031179";"HOSPITAL SAN MARTIN DE PORRES";"241900";"HOSPITALIZACIÓN DE MEDICINA MEDICINA INTERNA ";"39";"45";"171";"216";"9";"279";"3"
"2023";"10";"210301";"PUNO";"CARABAYA";"MACUSANI";"GOBIERNO REGIONAL";"II-2";"00031179";"HOSPITAL SAN MARTIN DE PORRES";"242500";"HOSPITALIZACIÓN-PEDIATRÍA GENERAL-";"76";"77";"218";"295";"10";"310";"1"
"2023";"10";"210301";"PUNO";"CARABAYA";"MACUSANI";"GOBIERNO REGIONAL";"II-2";"00031179";"HOSPITAL SAN MARTIN DE PORRES";"243200";"HOSPITALIZACIÓN DE PEDIATRÍA PEDIATRIA NEONATOLOGÍA";"0";"2";"21";"23";"4";"124";"0"
"2023";"10";"040112";"AREQUIPA";"AREQUIPA";"PAUCARPATA";"GOBIERNO REGIONAL";"I-2";"00001317";"CENTRO DE SALUD MIGUEL GRAU  B";"NE_0001";"";"NE_0001";"NE_0001";"NE_0001";"NE_0001";"NE_0001";"NE_0001";"NE_0001"
"2023";"10";"040112";"AREQUIPA";"AREQUIPA";"PAUCARPATA";"GOBIERNO REGIONAL";"I-2";"00001318";"PUESTO DE SALUD MIGUEL GRAU  MODULO C-D";"NE_0001";"";"NE_0001";"NE_0001";"NE_0001";"NE_0001";"NE_0001";"NE_0001";"NE_0001"
"2023";"10";"040112";"AREQUIPA";"AREQUIPA";"PAUCARPATA";"GOBIERNO REGIONAL";"I-3";"00001298";"CENTRO DE SALUD 15 DE AGOSTO";"NE_0001";"";"NE_0001";"NE_0001";"NE_0001";"NE_0001";"NE_0001";"NE_0001";"NE_0001"
"2023";"10";"040112";"AREQUIPA";"AREQUIPA";"PAUCARPATA";"GOBIERNO REGIONAL";"I-2";"00001316";"PUESTO DE SALUD MIGUEL GRAU  MODULO A";"NE_0001";"";"NE_0001";"NE_0001";"NE_0001";"NE_0001";"NE_0001";"NE_0001";"NE_0001"
"2023";"10";"210301";"PUNO";"CARABAYA";"MACUSANI";"GOBIERNO REGIONAL";"I-3";"00002974";"METROPOLITANO MACUSANI";"240100";"HOSPITALIZACIÓN QUIRÚRGICA CIRUGÍA GENERAL ";"67";"73";"236";"309";"10";"310";"0"
"2023";"10";"210301";"PUNO";"CARABAYA";"MACUSANI";"GOBIERNO REGIONAL";"I-3";"00002974";"METROPOLITANO MACUSANI";"241500";"HOSPITALIZACIÓN QUIRÚRGICA GINECOLOGÍA  ";"20";"22";"47";"69";"4";"124";"0"
"2023";"10";"210301";"PUNO";"CARABAYA";"MACUSANI";"GOBIERNO REGIONAL";"I-3";"00002974";"METROPOLITANO MACUSANI";"241600";"HOSPITALIZACIÓN QUIRÚRGICA OBSTETRICIA   ";"66";"77";"194";"271";"11";"341";"0"
"2023";"10";"210301";"PUNO";"CARABAYA";"MACUSANI";"GOBIERNO REGIONAL";"I-3";"00002974";"METROPOLITANO MACUSANI";"241900";"HOSPITALIZACIÓN DE MEDICINA MEDICINA INTERNA ";"39";"45";"171";"216";"9";"279";"3"
"2023";"10";"210301";"PUNO";"CARABAYA";"MACUSANI";"GOBIERNO REGIONAL";"I-3";"00002974";"METROPOLITANO MACUSANI";"242500";"HOSPITALIZACIÓN-PEDIATRÍA GENERAL-";"76";"77";"218";"295";"10";"310";"1"
"2023";"10";"210301";"PUNO";"CARABAYA";"MACUSANI";"GOBIERNO REGIONAL";"I-3";"00002974";"METROPOLITANO MACUSANI";"243200";"HOSPITALIZACIÓN DE PEDIATRÍA PEDIATRIA NEONATOLOGÍA";"0";"2";"21";"23";"4";"124";"0"
"2023";"10";"080605";"CUSCO";"CANCHIS";"PITUMARCA";"GOBIERNO REGIONAL";"I-3";"00002392";"PITUMARCA";"NE_0001";"";"NE_0001";"NE_0001";"NE_0001";"NE_0001";"NE_0001";"NE_0001";"NE_0001"
"2023";"10";"080603";"CUSCO";"CANCHIS";"COMBAPATA";"GOBIERNO REGIONAL";"I-4";"00002386";"COMBAPATA CANCHIS";"NE_0001";"";"NE_0001";"NE_0001";"NE_0001";"NE_0001";"NE_0001";"NE_0001";"NE_0001"
"2023";"10";"080603";"CUSCO";"CANCHIS";"COMBAPATA";"GOBIERNO REGIONAL";"I-2";"00002387";"CHIARA";"NE_0001";"";"NE_0001";"NE_0001";"NE_0001";"NE_0001";"NE_0001";"NE_0001";"NE_0001"
"2023";"10";"100511";"HUANUCO";"HUAMALIES";"TANTAMAYO";"GOBIERNO REGIONAL";"I-2";"00000903";"TANTAMAYO";"NE_0001";"";"NE_0001";"NE_0001";"NE_0001";"NE_0001";"NE_0001";"NE_0001";"NE_0001"
"2023";"10";"100511";"HUANUCO";"HUAMALIES";"TANTAMAYO";"GOBIERNO REGIONAL";"I-1";"00022037";"SAN PEDRO DE  PARIARCA";"NE_0001";"";"NE_0001";"NE_0001";"NE_0001";"NE_0001";"NE_0001";"NE_0001";"NE_0001"
"2023";"10";"100511";"HUANUCO";"HUAMALIES";"TANTAMAYO";"GOBIERNO REGIONAL";"I-1";"00011166";"PAMPA FLORIDA";"NE_0001";"";"NE_0001";"NE_0001";"NE_0001";"NE_0001";"NE_0001";"NE_0001";"NE_0001"
"2023";"09";"021905";"ANCASH";"SIHUAS";"CHINGALPO";"GOBIERNO REGIONAL";"I-1";"00001800";"PUESTO DE SALUD CHINGALPO";"NE_0002";"";"NE_0002";"NE_0002";"NE_0002";"NE_0002";"NE_0002";"NE_0002";"NE_0002"
"2023";"09";"021905";"ANCASH";"SIHUAS";"CHINGALPO";"GOBIERNO REGIONAL";"I-1";"00001754";"PUESTO DE SALUD SAN MIGUEL";"NE_0002";"";"NE_0002";"NE_0002";"NE_0002";"NE_0002";"NE_0002";"NE_0002";"NE_0002"
"2023";"09";"021903";"ANCASH";"SIHUAS";"ALFONSO UGARTE";"GOBIERNO REGIONAL";"I-1";"00001805";"PUESTO DE SALUD ULLOLLUCO";"NE_0002";"";"NE_0002";"NE_0002";"NE_0002";"NE_0002";"NE_0002";"NE_0002";"NE_0002"
"2023";"09";"021907";"ANCASH";"SIHUAS";"QUICHES";"GOBIERNO REGIONAL";"I-3";"00001806";"CENTRO DE SALUD QUICHES";"NE_0002";"";"NE_0002";"NE_0002";"NE_0002";"NE_0002";"NE_0002";"NE_0002";"NE_0002"
"2023";"09";"220401";"SAN MARTIN";"HUALLAGA";"SAPOSOA";"GOBIERNO REGIONAL";"I-1";"00006534";"SAN ANDRES";"NE_0001";"";"NE_0001";"NE_0001";"NE_0001";"NE_0001";"NE_0001";"NE_0001";"NE_0001"
"2023";"09";"220401";"SAN MARTIN";"HUALLAGA";"SAPOSOA";"GOBIERNO REGIONAL";"I-1";"00006535";"SAN REGIS";"NE_0001";"";"NE_0001";"NE_0001";"NE_0001";"NE_0001";"NE_0001";"NE_0001";"NE_0001"
"2023";"09";"220402";"SAN MARTIN";"HUALLAGA";"ALTO SAPOSOA";"GOBIERNO REGIONAL";"I-1";"00006540";"NUEVA VIDA";"NE_0001";"";"NE_0001";"NE_0001";"NE_0001";"NE_0001";"NE_0001";"NE_0001";"NE_0001"
"2023";"09";"220401";"SAN MARTIN";"HUALLAGA";"SAPOSOA";"GOBIERNO REGIONAL";"I-4";"00006529";"RURAL SAPOSOA";"241900";"HOSPITALIZACIÓN DE MEDICINA MEDICINA INTERNA ";"1";"1";"3";"5";"2";"10";"0"
"2023";"09";"220401";"SAN MARTIN";"HUALLAGA";"SAPOSOA";"GOBIERNO REGIONAL";"I-4";"00006529";"RURAL SAPOSOA";"241400";"HOSPITALIZACIÓN QUIRÚRGICA GINECO - OBSTETRICIA ";"42";"42";"74";"31";"6";"50";"0"
"2023";"09";"220401";"SAN MARTIN";"HUALLAGA";"SAPOSOA";"GOBIERNO REGIONAL";"I-4";"00006529";"RURAL SAPOSOA";"241300";"HOSPITALIZACIÓN QUIRÚRGICA UROLOGÍA  ";"1";"1";"5";"10";"1";"20";"0"
"2023";"09";"220401";"SAN MARTIN";"HUALLAGA";"SAPOSOA";"GOBIERNO REGIONAL";"I-4";"00006529";"RURAL SAPOSOA";"240100";"HOSPITALIZACIÓN QUIRÚRGICA CIRUGÍA GENERAL ";"7";"7";"17";"25";"2";"50";"0"
"2023";"09";"220401";"SAN MARTIN";"HUALLAGA";"SAPOSOA";"GOBIERNO REGIONAL";"I-4";"00006529";"RURAL SAPOSOA";"241800";"HOSPITALIZACIÓN DE MEDICINA MEDICINA GENERAL ";"36";"41";"140";"30";"16";"40";"0"
"2023";"09";"220401";"SAN MARTIN";"HUALLAGA";"SAPOSOA";"GOBIERNO REGIONAL";"I-1";"00006531";"ALMENDRAS";"NE_0001";"";"NE_0001";"NE_0001";"NE_0001";"NE_0001";"NE_0001";"NE_0001";"NE_0001"
"2023";"09";"220404";"SAN MARTIN";"HUALLAGA";"PISCOYACU";"GOBIERNO REGIONAL";"I-1";"00006533";"PISCOYACU";"NE_0001";"";"NE_0001";"NE_0001";"NE_0001";"NE_0001";"NE_0001";"NE_0001";"NE_0001"
"2023";"09";"220401";"SAN MARTIN";"HUALLAGA";"SAPOSOA";"GOBIERNO REGIONAL";"I-1";"00021587";"ALTO PACHIZA";"NE_0001";"";"NE_0001";"NE_0001";"NE_0001";"NE_0001";"NE_0001";"NE_0001";"NE_0001"
"2023";"09";"220401";"SAN MARTIN";"HUALLAGA";"SAPOSOA";"GOBIERNO REGIONAL";"I-1";"00006532";"PALTAICO";"NE_0001";"";"NE_0001";"NE_0001";"NE_0001";"NE_0001";"NE_0001";"NE_0001";"NE_0001"
"2023";"09";"220401";"SAN MARTIN";"HUALLAGA";"SAPOSOA";"GOBIERNO REGIONAL";"I-1";"00006530";"7 DE JUNIO-AHUIHUA";"NE_0001";"";"NE_0001";"NE_0001";"NE_0001";"NE_0001";"NE_0001";"NE_0001";"NE_0001"
"2023";"09";"220402";"SAN MARTIN";"HUALLAGA";"ALTO SAPOSOA";"GOBIERNO REGIONAL";"I-1";"00006541";"YACUSISA";"NE_0001";"";"NE_0001";"NE_0001";"NE_0001";"NE_0001";"NE_0001";"NE_0001";"NE_0001"
"2023";"09";"220401";"SAN MARTIN";"HUALLAGA";"SAPOSOA";"GOBIERNO REGIONAL";"I-3";"00006538";"EL DORADO";"241600";"HOSPITALIZACIÓN QUIRÚRGICA OBSTETRICIA   ";"2";"3";"4";"15";"4";"20";"0"
"2023";"09";"220401";"SAN MARTIN";"HUALLAGA";"SAPOSOA";"GOBIERNO REGIONAL";"I-1";"00006536";"INTIYACU";"NE_0001";"";"NE_0001";"NE_0001";"NE_0001";"NE_0001";"NE_0001";"NE_0001";"NE_0001"
"2023";"09";"220401";"SAN MARTIN";"HUALLAGA";"SAPOSOA";"GOBIERNO REGIONAL";"I-1";"00006537";"CHAMBIRA";"NE_0001";"";"NE_0001";"NE_0001";"NE_0001";"NE_0001";"NE_0001";"NE_0001";"NE_0001"
"2023";"09";"220402";"SAN MARTIN";"HUALLAGA";"ALTO SAPOSOA";"GOBIERNO REGIONAL";"I-2";"00006539";"PASARRAYA";"NE_0001";"";"NE_0001";"NE_0001";"NE_0001";"NE_0001";"NE_0001";"NE_0001";"NE_0001"
"2023";"09";"220401";"SAN MARTIN";"HUALLAGA";"SAPOSOA";"GOBIERNO REGIONAL";"I-1";"00026163";"AGUA AZUL";"NE_0001";"";"NE_0001";"NE_0001";"NE_0001";"NE_0001";"NE_0001";"NE_0001";"NE_0001"
"2023";"09";"200501";"PIURA";"PAITA";"PAITA";"GOBIERNO REGIONAL";"II-1";"00002021";"HOSPITAL DE APOYO II - 1 NUESTRA SEÑORA DE LAS MERCEDES - PAITA";"240100";"HOSPITALIZACIÓN QUIRÚRGICA CIRUGÍA GENERAL ";"49";"61";"223";"223";"10";"300";"0"
"2023";"09";"200501";"PIURA";"PAITA";"PAITA";"GOBIERNO REGIONAL";"II-1";"00002021";"HOSPITAL DE APOYO II - 1 NUESTRA SEÑORA DE LAS MERCEDES - PAITA";"241500";"HOSPITALIZACIÓN QUIRÚRGICA GINECOLOGÍA  ";"12";"10";"37";"55";"2";"66";"0"
"2023";"09";"200501";"PIURA";"PAITA";"PAITA";"GOBIERNO REGIONAL";"II-1";"00002021";"HOSPITAL DE APOYO II - 1 NUESTRA SEÑORA DE LAS MERCEDES - PAITA";"241600";"HOSPITALIZACIÓN QUIRÚRGICA OBSTETRICIA   ";"183";"178";"417";"417";"20";"600";"0"
"2023";"09";"200501";"PIURA";"PAITA";"PAITA";"GOBIERNO REGIONAL";"II-1";"00002021";"HOSPITAL DE APOYO II - 1 NUESTRA SEÑORA DE LAS MERCEDES - PAITA";"241900";"HOSPITALIZACIÓN DE MEDICINA MEDICINA INTERNA ";"73";"74";"467";"467";"17";"518";"4"
"2023";"09";"200501";"PIURA";"PAITA";"PAITA";"GOBIERNO REGIONAL";"II-1";"00002021";"HOSPITAL DE APOYO II - 1 NUESTRA SEÑORA DE LAS MERCEDES - PAITA";"242500";"HOSPITALIZACIÓN-PEDIATRÍA GENERAL-";"32";"29";"147";"157";"7";"212";"0"
"2023";"09";"200501";"PIURA";"PAITA";"PAITA";"GOBIERNO REGIONAL";"II-1";"00002021";"HOSPITAL DE APOYO II - 1 NUESTRA SEÑORA DE LAS MERCEDES - PAITA";"243200";"HOSPITALIZACIÓN DE PEDIATRÍA PEDIATRIA NEONATOLOGÍA";"21";"25";"103";"103";"5";"151";"0"
"2023";"10";"130703";"LA LIBERTAD";"PACASMAYO";"JEQUETEPEQUE";"ESSALUD";"I-2";"00009646";"POSTA DE SALUD JEQUETEPEQUE";"NE_0001";"";"NE_0001";"NE_0001";"NE_0001";"NE_0001";"NE_0001";"NE_0001";"NE_0001"
"2023";"10";"180303";"MOQUEGUA";"ILO";"PACOCHA";"PRIVADO";"II-1";"00017563";"HOSPITAL SPCC - ILO";"240100";"HOSPITALIZACIÓN QUIRÚRGICA CIRUGÍA GENERAL ";"5";"4";"12";"14";"12";"372";"0"
"2023";"10";"180303";"MOQUEGUA";"ILO";"PACOCHA";"PRIVADO";"II-1";"00017563";"HOSPITAL SPCC - ILO";"241400";"HOSPITALIZACIÓN QUIRÚRGICA GINECO - OBSTETRICIA ";"4";"3";"11";"15";"4";"124";"0"
"2023";"10";"180303";"MOQUEGUA";"ILO";"PACOCHA";"PRIVADO";"II-1";"00017563";"HOSPITAL SPCC - ILO";"241800";"HOSPITALIZACIÓN DE MEDICINA MEDICINA GENERAL ";"6";"5";"11";"49";"14";"434";"0"
"2023";"10";"180303";"MOQUEGUA";"ILO";"PACOCHA";"PRIVADO";"II-1";"00017563";"HOSPITAL SPCC - ILO";"242500";"HOSPITALIZACIÓN-PEDIATRÍA GENERAL-";"3";"4";"10";"13";"7";"217";"0"
"2023";"10";"040414";"AREQUIPA";"CASTILLA";"VIRACO";"GOBIERNO REGIONAL";"I-1";"00006766";"PUESTO DE SALUD HUAMI";"NE_0001";"";"NE_0001";"NE_0001";"NE_0001";"NE_0001";"NE_0001";"NE_0001";"NE_0001"
"2023";"10";"040411";"AREQUIPA";"CASTILLA";"TIPAN";"GOBIERNO REGIONAL";"I-1";"00001401";"PUESTO DE SALUD TAGRE";"NE_0001";"";"NE_0001";"NE_0001";"NE_0001";"NE_0001";"NE_0001";"NE_0001";"NE_0001"
"2023";"10";"040414";"AREQUIPA";"CASTILLA";"VIRACO";"GOBIERNO REGIONAL";"I-3";"00001386";"CENTRO DE SALUD VIRACO";"NE_0001";"";"NE_0001";"NE_0001";"NE_0001";"NE_0001";"NE_0001";"NE_0001";"NE_0001"
"2023";"10";"060812";"CAJAMARCA";"JAEN";"SANTA ROSA";"GOBIERNO REGIONAL";"I-3";"00004261";"SANTA ROSA";"NE_0001";"";"NE_0001";"NE_0001";"NE_0001";"NE_0001";"NE_0001";"NE_0001";"NE_0001"
"2023";"10";"220602";"SAN MARTIN";"MARISCAL CACERES";"CAMPANILLA";"GOBIERNO REGIONAL";"I-3";"00006575";"CAMPANILLA";"NE_0001";"";"NE_0001";"NE_0001";"NE_0001";"NE_0001";"NE_0001";"NE_0001";"NE_0001"
"2023";"10";"220602";"SAN MARTIN";"MARISCAL CACERES";"CAMPANILLA";"GOBIERNO REGIONAL";"I-1";"00006579";"NUEVO JAEN";"NE_0001";"";"NE_0001";"NE_0001";"NE_0001";"NE_0001";"NE_0001";"NE_0001";"NE_0001"
"2023";"10";"220602";"SAN MARTIN";"MARISCAL CACERES";"CAMPANILLA";"GOBIERNO REGIONAL";"I-1";"00006577";"SHUMANZA";"NE_0001";"";"NE_0001";"NE_0001";"NE_0001";"NE_0001";"NE_0001";"NE_0001";"NE_0001"
"2023";"10";"220602";"SAN MARTIN";"MARISCAL CACERES";"CAMPANILLA";"GOBIERNO REGIONAL";"I-1";"00006578";"SION";"NE_0001";"";"NE_0001";"NE_0001";"NE_0001";"NE_0001";"NE_0001";"NE_0001";"NE_0001"
"2023";"10";"220907";"SAN MARTIN";"SAN MARTIN";"HUIMBAYOC";"GOBIERNO REGIONAL";"I-1";"00006441";"MIRAFLORES";"NE_0002";"";"NE_0002";"NE_0002";"NE_0002";"NE_0002";"NE_0002";"NE_0002";"NE_0002"
"2023";"10";"220907";"SAN MARTIN";"SAN MARTIN";"HUIMBAYOC";"GOBIERNO REGIONAL";"I-1";"00006447";"PUCALLPA";"NE_0002";"";"NE_0002";"NE_0002";"NE_0002";"NE_0002";"NE_0002";"NE_0002";"NE_0002"
"2023";"10";"220907";"SAN MARTIN";"SAN MARTIN";"HUIMBAYOC";"GOBIERNO REGIONAL";"I-3";"00006437";"HUIMBAYOC";"241800";"HOSPITALIZACIÓN DE MEDICINA MEDICINA GENERAL ";"1";"1";"1";"2";"2";"62";"0"
"2023";"10";"060607";"CAJAMARCA";"CUTERVO";"QUEROCOTILLO";"GOBIERNO REGIONAL";"I-3";"00004968";"SILLANGATE";"NE_0001";"";"NE_0001";"NE_0001";"NE_0001";"NE_0001";"NE_0001";"NE_0001";"NE_0001"
"2023";"10";"060607";"CAJAMARCA";"CUTERVO";"QUEROCOTILLO";"GOBIERNO REGIONAL";"I-1";"00005011";"PARIC";"NE_0001";"";"NE_0001";"NE_0001";"NE_0001";"NE_0001";"NE_0001";"NE_0001";"NE_0001"
"2023";"10";"060607";"CAJAMARCA";"CUTERVO";"QUEROCOTILLO";"GOBIERNO REGIONAL";"I-1";"00006943";"BALCONCILLO";"NE_0001";"";"NE_0001";"NE_0001";"NE_0001";"NE_0001";"NE_0001";"NE_0001";"NE_0001"
"2023";"10";"060607";"CAJAMARCA";"CUTERVO";"QUEROCOTILLO";"GOBIERNO REGIONAL";"I-2";"00005007";"SANTA ROSA DE QUEROCOTILLO";"NE_0001";"";"NE_0001";"NE_0001";"NE_0001";"NE_0001";"NE_0001";"NE_0001";"NE_0001"
"2023";"10";"060607";"CAJAMARCA";"CUTERVO";"QUEROCOTILLO";"GOBIERNO REGIONAL";"I-1";"00006869";"LAS DELICIAS";"NE_0001";"";"NE_0001";"NE_0001";"NE_0001";"NE_0001";"NE_0001";"NE_0001";"NE_0001"
"2023";"10";"060607";"CAJAMARCA";"CUTERVO";"QUEROCOTILLO";"GOBIERNO REGIONAL";"I-1";"00007753";"BARBASCO";"NE_0001";"";"NE_0001";"NE_0001";"NE_0001";"NE_0001";"NE_0001";"NE_0001";"NE_0001"
"2023";"10";"060607";"CAJAMARCA";"CUTERVO";"QUEROCOTILLO";"GOBIERNO REGIONAL";"I-3";"00005006";"QUEROCOTILLO";"NE_0001";"";"NE_0001";"NE_0001";"NE_0001";"NE_0001";"NE_0001";"NE_0001";"NE_0001"
"2023";"10";"060607";"CAJAMARCA";"CUTERVO";"QUEROCOTILLO";"GOBIERNO REGIONAL";"I-2";"00005010";"INGUER";"NE_0001";"";"NE_0001";"NE_0001";"NE_0001";"NE_0001";"NE_0001";"NE_0001";"NE_0001"
"2023";"10";"060607";"CAJAMARCA";"CUTERVO";"QUEROCOTILLO";"GOBIERNO REGIONAL";"I-1";"00006942";"LA SUCCHA ALTA";"NE_0001";"";"NE_0001";"NE_0001";"NE_0001";"NE_0001";"NE_0001";"NE_0001";"NE_0001"
"2023";"10";"060607";"CAJAMARCA";"CUTERVO";"QUEROCOTILLO";"GOBIERNO REGIONAL";"I-1";"00007099";"AGUA BLANCA";"NE_0001";"";"NE_0001";"NE_0001";"NE_0001";"NE_0001";"NE_0001";"NE_0001";"NE_0001"
"2023";"10";"060607";"CAJAMARCA";"CUTERVO";"QUEROCOTILLO";"GOBIERNO REGIONAL";"I-1";"00007365";"MINAS DE QUEROCOTILLO";"NE_0001";"";"NE_0001";"NE_0001";"NE_0001";"NE_0001";"NE_0001";"NE_0001";"NE_0001"
"2023";"10";"060607";"CAJAMARCA";"CUTERVO";"QUEROCOTILLO";"GOBIERNO REGIONAL";"I-1";"00007366";"EL CORRAL";"NE_0001";"";"NE_0001";"NE_0001";"NE_0001";"NE_0001";"NE_0001";"NE_0001";"NE_0001"
"2023";"10";"060607";"CAJAMARCA";"CUTERVO";"QUEROCOTILLO";"GOBIERNO REGIONAL";"I-1";"00005009";"QUIPAYUC";"NE_0001";"";"NE_0001";"NE_0001";"NE_0001";"NE_0001";"NE_0001";"NE_0001";"NE_0001"
"2023";"10";"060607";"CAJAMARCA";"CUTERVO";"QUEROCOTILLO";"GOBIERNO REGIONAL";"I-1";"00006941";"MARAYBAMBA ALTO";"NE_0001";"";"NE_0001";"NE_0001";"NE_0001";"NE_0001";"NE_0001";"NE_0001";"NE_0001"
"2023";"10";"060607";"CAJAMARCA";"CUTERVO";"QUEROCOTILLO";"GOBIERNO REGIONAL";"I-1";"00007226";"LA SUCCHA DE QUEROCOTILLO";"NE_0001";"";"NE_0001";"NE_0001";"NE_0001";"NE_0001";"NE_0001";"NE_0001";"NE_0001"
"2023";"10";"130207";"LA LIBERTAD";"ASCOPE";"SANTIAGO DE CAO";"ESSALUD";"I-2";"00012114";"POSTA DE SALUD SANTIAGO DE CAO";"NE_0001";"";"NE_0001";"NE_0001";"NE_0001";"NE_0001";"NE_0001";"NE_0001";"NE_0001"
"2023";"10";"040401";"AREQUIPA";"CASTILLA";"APLAO";"GOBIERNO REGIONAL";"I-3";"00024409";"CENTRO DE SALUD MENTAL COMUNITARIO LA REAL C.C.U.";"NE_0001";"";"NE_0001";"NE_0001";"NE_0001";"NE_0001";"NE_0001";"NE_0001";"NE_0001"
"2023";"10";"120608";"JUNIN";"SATIPO";"RIO TAMBO";"GOBIERNO REGIONAL";"I-1";"00000459";"CUSHIRENI";"NE_0001";"";"NE_0001";"NE_0001";"NE_0001";"NE_0001";"NE_0001";"NE_0001";"NE_0001"
"2023";"10";"120608";"JUNIN";"SATIPO";"RIO TAMBO";"GOBIERNO REGIONAL";"I-1";"00000466";"SANTA ROSITA DE SHIRINTIARI";"NE_0001";"";"NE_0001";"NE_0001";"NE_0001";"NE_0001";"NE_0001";"NE_0001";"NE_0001"
"2023";"10";"120606";"JUNIN";"SATIPO";"PANGOA";"GOBIERNO REGIONAL";"I-1";"00006879";"UNION PUERTO ASHANINKA";"NE_0001";"";"NE_0001";"NE_0001";"NE_0001";"NE_0001";"NE_0001";"NE_0001";"NE_0001"
"2023";"10";"120608";"JUNIN";"SATIPO";"RIO TAMBO";"GOBIERNO REGIONAL";"I-2";"00000474";"QUITENI";"NE_0001";"";"NE_0001";"NE_0001";"NE_0001";"NE_0001";"NE_0001";"NE_0001";"NE_0001"
"2023";"10";"120608";"JUNIN";"SATIPO";"RIO TAMBO";"GOBIERNO REGIONAL";"I-1";"00000461";"SHEVOJA";"NE_0001";"";"NE_0001";"NE_0001";"NE_0001";"NE_0001";"NE_0001";"NE_0001";"NE_0001"
"2023";"10";"120608";"JUNIN";"SATIPO";"RIO TAMBO";"GOBIERNO REGIONAL";"I-2";"00000463";"BOCA CHEMBO";"NE_0001";"";"NE_0001";"NE_0001";"NE_0001";"NE_0001";"NE_0001";"NE_0001";"NE_0001"
"2023";"10";"120608";"JUNIN";"SATIPO";"RIO TAMBO";"GOBIERNO REGIONAL";"I-1";"00000464";"IMPANEKIARI";"NE_0001";"";"NE_0001";"NE_0001";"NE_0001";"NE_0001";"NE_0001";"NE_0001";"NE_0001"
"2023";"10";"120606";"JUNIN";"SATIPO";"PANGOA";"GOBIERNO REGIONAL";"I-1";"00006878";"POTSOTENI";"NE_0001";"";"NE_0001";"NE_0001";"NE_0001";"NE_0001";"NE_0001";"NE_0001";"NE_0001"
"2023";"10";"120608";"JUNIN";"SATIPO";"RIO TAMBO";"GOBIERNO REGIONAL";"I-1";"00000475";"CAPERUSIA";"NE_0001";"";"NE_0001";"NE_0001";"NE_0001";"NE_0001";"NE_0001";"NE_0001";"NE_0001"
"2023";"10";"120608";"JUNIN";"SATIPO";"RIO TAMBO";"GOBIERNO REGIONAL";"I-2";"00007187";"VISTA  ALEGRE DEL VALLE DE SANTA CRUZ";"NE_0001";"";"NE_0001";"NE_0001";"NE_0001";"NE_0001";"NE_0001";"NE_0001";"NE_0001"
"2023";"10";"120608";"JUNIN";"SATIPO";"RIO TAMBO";"GOBIERNO REGIONAL";"I-3";"00000460";"BETANIA";"NE_0001";"";"NE_0001";"NE_0001";"NE_0001";"NE_0001";"NE_0001";"NE_0001";"NE_0001"
"2023";"10";"120608";"JUNIN";"SATIPO";"RIO TAMBO";"GOBIERNO REGIONAL";"I-3";"00000469";"PUERTO OCOPA";"NE_0001";"";"NE_0001";"NE_0001";"NE_0001";"NE_0001";"NE_0001";"NE_0001";"NE_0001"
"2023";"10";"120608";"JUNIN";"SATIPO";"RIO TAMBO";"GOBIERNO REGIONAL";"I-2";"00000470";"SAN MIGUEL DE OTICA";"NE_0001";"";"NE_0001";"NE_0001";"NE_0001";"NE_0001";"NE_0001";"NE_0001";"NE_0001"
"2023";"10";"120608";"JUNIN";"SATIPO";"RIO TAMBO";"GOBIERNO REGIONAL";"I-2";"00000472";"OVIRI";"NE_0001";"";"NE_0001";"NE_0001";"NE_0001";"NE_0001";"NE_0001";"NE_0001";"NE_0001"
"2023";"10";"120608";"JUNIN";"SATIPO";"RIO TAMBO";"GOBIERNO REGIONAL";"I-3";"00000462";"POYENI";"NE_0001";"";"NE_0001";"NE_0001";"NE_0001";"NE_0001";"NE_0001";"NE_0001";"NE_0001"
"2023";"10";"120608";"JUNIN";"SATIPO";"RIO TAMBO";"GOBIERNO REGIONAL";"I-2";"00000465";"CAPITIRI";"NE_0001";"";"NE_0001";"NE_0001";"NE_0001";"NE_0001";"NE_0001";"NE_0001";"NE_0001"
"2023";"10";"120608";"JUNIN";"SATIPO";"RIO TAMBO";"GOBIERNO REGIONAL";"I-2";"00000467";"SHIMA";"NE_0001";"";"NE_0001";"NE_0001";"NE_0001";"NE_0001";"NE_0001";"NE_0001";"NE_0001"
"2023";"09";"070106";"CALLAO";"CALLAO";"VENTANILLA";"GOBIERNO REGIONAL";"I-2";"00006262";"PUESTO DE SALUD HIJOS DEL ALMIRANTE GRAU";"NE_0001";"";"NE_0001";"NE_0001";"NE_0001";"NE_0001";"NE_0001";"NE_0001";"NE_0001"
"2023";"06";"150701";"LIMA";"HUAROCHIRI";"MATUCANA";"GOBIERNO REGIONAL";"II-1";"00005850";"HOSPITAL SAN JUAN DE MATUCANA";"241600";"HOSPITALIZACIÓN QUIRÚRGICA OBSTETRICIA   ";"4";"4";"9";"13";"4";"120";"0"
"2023";"06";"150701";"LIMA";"HUAROCHIRI";"MATUCANA";"GOBIERNO REGIONAL";"II-1";"00005850";"HOSPITAL SAN JUAN DE MATUCANA";"242500";"HOSPITALIZACIÓN-PEDIATRÍA GENERAL-";"1";"1";"2";"2";"2";"60";"0"
"2023";"07";"150701";"LIMA";"HUAROCHIRI";"MATUCANA";"GOBIERNO REGIONAL";"II-1";"00005850";"HOSPITAL SAN JUAN DE MATUCANA";"240100";"HOSPITALIZACIÓN QUIRÚRGICA CIRUGÍA GENERAL ";"1";"1";"4";"4";"2";"62";"0"
"2023";"07";"150701";"LIMA";"HUAROCHIRI";"MATUCANA";"GOBIERNO REGIONAL";"II-1";"00005850";"HOSPITAL SAN JUAN DE MATUCANA";"241600";"HOSPITALIZACIÓN QUIRÚRGICA OBSTETRICIA   ";"2";"3";"5";"2";"4";"124";"0"
"2023";"07";"150701";"LIMA";"HUAROCHIRI";"MATUCANA";"GOBIERNO REGIONAL";"II-1";"00005850";"HOSPITAL SAN JUAN DE MATUCANA";"241800";"HOSPITALIZACIÓN DE MEDICINA MEDICINA GENERAL ";"3";"3";"14";"14";"3";"93";"0"
"2023";"07";"150701";"LIMA";"HUAROCHIRI";"MATUCANA";"GOBIERNO REGIONAL";"II-1";"00005850";"HOSPITAL SAN JUAN DE MATUCANA";"242500";"HOSPITALIZACIÓN-PEDIATRÍA GENERAL-";"3";"3";"7";"7";"2";"62";"0"
"2023";"08";"150701";"LIMA";"HUAROCHIRI";"MATUCANA";"GOBIERNO REGIONAL";"II-1";"00005850";"HOSPITAL SAN JUAN DE MATUCANA";"241600";"HOSPITALIZACIÓN QUIRÚRGICA OBSTETRICIA   ";"5";"5";"9";"8";"4";"124";"0"
"2023";"08";"150701";"LIMA";"HUAROCHIRI";"MATUCANA";"GOBIERNO REGIONAL";"II-1";"00005850";"HOSPITAL SAN JUAN DE MATUCANA";"242500";"HOSPITALIZACIÓN-PEDIATRÍA GENERAL-";"2";"2";"9";"9";"2";"62";"0"
"2023";"09";"040608";"AREQUIPA";"CONDESUYOS";"YANAQUIHUA";"GOBIERNO REGIONAL";"I-2";"00001414";"PUESTO DE SALUD ISPACAS";"NE_0001";"";"NE_0001";"NE_0001";"NE_0001";"NE_0001";"NE_0001";"NE_0001";"NE_0001"
"2023";"09";"040607";"AREQUIPA";"CONDESUYOS";"SALAMANCA";"GOBIERNO REGIONAL";"I-1";"00001413";"PUESTO DE SALUD PUCUNCHO";"NE_0001";"";"NE_0001";"NE_0001";"NE_0001";"NE_0001";"NE_0001";"NE_0001";"NE_0001"
"2023";"09";"040602";"AREQUIPA";"CONDESUYOS";"ANDARAY";"GOBIERNO REGIONAL";"I-2";"00001415";"PUESTO DE SALUD ANDARAY";"NE_0001";"";"NE_0001";"NE_0001";"NE_0001";"NE_0001";"NE_0001";"NE_0001";"NE_0001"
"2023";"10";"120205";"JUNIN";"CONCEPCION";"COCHAS";"GOBIERNO REGIONAL";"I-2";"00000676";"COCHAS";"NE_0001";"";"NE_0001";"NE_0001";"NE_0001";"NE_0001";"NE_0001";"NE_0001";"NE_0001"
"2023";"10";"120206";"JUNIN";"CONCEPCION";"COMAS";"GOBIERNO REGIONAL";"I-1";"00000684";"RUNATULLO";"NE_0001";"";"NE_0001";"NE_0001";"NE_0001";"NE_0001";"NE_0001";"NE_0001";"NE_0001"
"2023";"10";"120203";"JUNIN";"CONCEPCION";"ANDAMARCA";"GOBIERNO REGIONAL";"I-1";"00019790";"PUNCO";"NE_0001";"";"NE_0001";"NE_0001";"NE_0001";"NE_0001";"NE_0001";"NE_0001";"NE_0001"
"2023";"10";"120135";"JUNIN";"HUANCAYO";"SANTO DOMINGO DE ACOBAMBA";"GOBIERNO REGIONAL";"I-1";"00024428";"POTRERO";"NE_0001";"";"NE_0001";"NE_0001";"NE_0001";"NE_0001";"NE_0001";"NE_0001";"NE_0001"
"2023";"10";"120135";"JUNIN";"HUANCAYO";"SANTO DOMINGO DE ACOBAMBA";"GOBIERNO REGIONAL";"I-3";"00000666";"SANTO DOMINGO DE ACOBAMBA";"NE_0001";"";"NE_0001";"NE_0001";"NE_0001";"NE_0001";"NE_0001";"NE_0001";"NE_0001"
"2023";"10";"120205";"JUNIN";"CONCEPCION";"COCHAS";"GOBIERNO REGIONAL";"I-1";"00000677";"PILCOLLAMA";"NE_0001";"";"NE_0001";"NE_0001";"NE_0001";"NE_0001";"NE_0001";"NE_0001";"NE_0001"
"2023";"10";"120206";"JUNIN";"CONCEPCION";"COMAS";"GOBIERNO REGIONAL";"I-3";"00000678";"COMAS";"NE_0001";"";"NE_0001";"NE_0001";"NE_0001";"NE_0001";"NE_0001";"NE_0001";"NE_0001"
"2023";"10";"120206";"JUNIN";"CONCEPCION";"COMAS";"GOBIERNO REGIONAL";"I-1";"00000682";"TALHUIS";"NE_0001";"";"NE_0001";"NE_0001";"NE_0001";"NE_0001";"NE_0001";"NE_0001";"NE_0001"
"2023";"10";"120209";"JUNIN";"CONCEPCION";"MARISCAL CASTILLA";"GOBIERNO REGIONAL";"I-2";"00000686";"MARISCAL CASTILLA";"NE_0001";"";"NE_0001";"NE_0001";"NE_0001";"NE_0001";"NE_0001";"NE_0001";"NE_0001"
"2023";"10";"120135";"JUNIN";"HUANCAYO";"SANTO DOMINGO DE ACOBAMBA";"GOBIERNO REGIONAL";"I-2";"00000667";"MATICHACRA";"NE_0001";"";"NE_0001";"NE_0001";"NE_0001";"NE_0001";"NE_0001";"NE_0001";"NE_0001"
"2023";"10";"120203";"JUNIN";"CONCEPCION";"ANDAMARCA";"GOBIERNO REGIONAL";"I-2";"00000673";"PUCACOCHA";"NE_0001";"";"NE_0001";"NE_0001";"NE_0001";"NE_0001";"NE_0001";"NE_0001";"NE_0001"
"2023";"10";"120135";"JUNIN";"HUANCAYO";"SANTO DOMINGO DE ACOBAMBA";"GOBIERNO REGIONAL";"I-2";"00000744";"YUNCACHAQUICOCHA";"NE_0001";"";"NE_0001";"NE_0001";"NE_0001";"NE_0001";"NE_0001";"NE_0001";"NE_0001"
"2023";"10";"120135";"JUNIN";"HUANCAYO";"SANTO DOMINGO DE ACOBAMBA";"GOBIERNO REGIONAL";"I-1";"00007082";"HUANCAMAYO";"NE_0001";"";"NE_0001";"NE_0001";"NE_0001";"NE_0001";"NE_0001";"NE_0001";"NE_0001"
"2023";"10";"120135";"JUNIN";"HUANCAYO";"SANTO DOMINGO DE ACOBAMBA";"GOBIERNO REGIONAL";"I-1";"00012468";"LA NUEVA LIBERTAD DE PUNTO";"NE_0001";"";"NE_0001";"NE_0001";"NE_0001";"NE_0001";"NE_0001";"NE_0001";"NE_0001"
"2023";"10";"120203";"JUNIN";"CONCEPCION";"ANDAMARCA";"GOBIERNO REGIONAL";"I-1";"00019793";"HUANUCO";"NE_0001";"";"NE_0001";"NE_0001";"NE_0001";"NE_0001";"NE_0001";"NE_0001";"NE_0001"
"2023";"10";"120135";"JUNIN";"HUANCAYO";"SANTO DOMINGO DE ACOBAMBA";"GOBIERNO REGIONAL";"I-1";"00000668";"PAURAN ATICOCHA";"NE_0001";"";"NE_0001";"NE_0001";"NE_0001";"NE_0001";"NE_0001";"NE_0001";"NE_0001"
"2023";"10";"120135";"JUNIN";"HUANCAYO";"SANTO DOMINGO DE ACOBAMBA";"GOBIERNO REGIONAL";"I-1";"00023381";"YANABAMBA";"NE_0001";"";"NE_0001";"NE_0001";"NE_0001";"NE_0001";"NE_0001";"NE_0001";"NE_0001"
"2023";"10";"120135";"JUNIN";"HUANCAYO";"SANTO DOMINGO DE ACOBAMBA";"GOBIERNO REGIONAL";"I-1";"00024779";"DURAZNO PATA";"NE_0001";"";"NE_0001";"NE_0001";"NE_0001";"NE_0001";"NE_0001";"NE_0001";"NE_0001"
"2023";"10";"120135";"JUNIN";"HUANCAYO";"SANTO DOMINGO DE ACOBAMBA";"GOBIERNO REGIONAL";"I-1";"00024780";"ROSASPAMPA";"NE_0001";"";"NE_0001";"NE_0001";"NE_0001";"NE_0001";"NE_0001";"NE_0001";"NE_0001"
"2023";"10";"120135";"JUNIN";"HUANCAYO";"SANTO DOMINGO DE ACOBAMBA";"GOBIERNO REGIONAL";"I-2";"00000669";"PUMABAMBA";"NE_0001";"";"NE_0001";"NE_0001";"NE_0001";"NE_0001";"NE_0001";"NE_0001";"NE_0001"
"2023";"10";"120135";"JUNIN";"HUANCAYO";"SANTO DOMINGO DE ACOBAMBA";"GOBIERNO REGIONAL";"I-1";"00000670";"SANTA ROSA DE ASTILLERIA";"NE_0001";"";"NE_0001";"NE_0001";"NE_0001";"NE_0001";"NE_0001";"NE_0001";"NE_0001"
"2023";"10";"120205";"JUNIN";"CONCEPCION";"COCHAS";"GOBIERNO REGIONAL";"I-1";"00019792";"ANDAS";"NE_0001";"";"NE_0001";"NE_0001";"NE_0001";"NE_0001";"NE_0001";"NE_0001";"NE_0001"
"2023";"10";"120205";"JUNIN";"CONCEPCION";"COCHAS";"GOBIERNO REGIONAL";"I-1";"00019794";"SAN FRANCISCO DE MACON";"NE_0001";"";"NE_0001";"NE_0001";"NE_0001";"NE_0001";"NE_0001";"NE_0001";"NE_0001"
"2023";"10";"120203";"JUNIN";"CONCEPCION";"ANDAMARCA";"GOBIERNO REGIONAL";"I-2";"00000672";"ANDAMARCA";"NE_0001";"";"NE_0001";"NE_0001";"NE_0001";"NE_0001";"NE_0001";"NE_0001";"NE_0001"
"2023";"10";"120206";"JUNIN";"CONCEPCION";"COMAS";"GOBIERNO REGIONAL";"I-2";"00000679";"CANCHAPALCA";"NE_0001";"";"NE_0001";"NE_0001";"NE_0001";"NE_0001";"NE_0001";"NE_0001";"NE_0001"
"2023";"10";"120206";"JUNIN";"CONCEPCION";"COMAS";"GOBIERNO REGIONAL";"I-2";"00000680";"RACRACALLA";"NE_0001";"";"NE_0001";"NE_0001";"NE_0001";"NE_0001";"NE_0001";"NE_0001";"NE_0001"
"2023";"10";"120206";"JUNIN";"CONCEPCION";"COMAS";"GOBIERNO REGIONAL";"I-1";"00000681";"POMAMANTA";"NE_0001";"";"NE_0001";"NE_0001";"NE_0001";"NE_0001";"NE_0001";"NE_0001";"NE_0001"
"2023";"10";"120206";"JUNIN";"CONCEPCION";"COMAS";"GOBIERNO REGIONAL";"I-1";"00000683";"PUQUIAN";"NE_0001";"";"NE_0001";"NE_0001";"NE_0001";"NE_0001";"NE_0001";"NE_0001";"NE_0001"
"2023";"10";"200601";"PIURA";"SULLANA";"SULLANA";"PRIVADO";"II-1";"00016148";"CLINICA OLGUIN";"240100";"HOSPITALIZACIÓN QUIRÚRGICA CIRUGÍA GENERAL ";"168";"175";"216";"218";"14";"437";"0"
"2023";"10";"200601";"PIURA";"SULLANA";"SULLANA";"PRIVADO";"II-1";"00016148";"CLINICA OLGUIN";"241400";"HOSPITALIZACIÓN QUIRÚRGICA GINECO - OBSTETRICIA ";"136";"140";"182";"149";"14";"431";"0"
"2023";"10";"150118";"LIMA";"LIMA";"LURIGANCHO";"MINSA";"II-2";"00005947";"HOSPITAL DE MEDIANA COMPLEJIDAD JOSE AGURTO TELLO";"241900";"HOSPITALIZACIÓN DE MEDICINA MEDICINA INTERNA ";"62";"51";"362";"380";"12";"372";"2"
"2023";"10";"150118";"LIMA";"LIMA";"LURIGANCHO";"MINSA";"II-2";"00005947";"HOSPITAL DE MEDIANA COMPLEJIDAD JOSE AGURTO TELLO";"240100";"HOSPITALIZACIÓN QUIRÚRGICA CIRUGÍA GENERAL ";"120";"113";"281";"274";"16";"496";"0"
"2023";"10";"150118";"LIMA";"LIMA";"LURIGANCHO";"MINSA";"II-2";"00005947";"HOSPITAL DE MEDIANA COMPLEJIDAD JOSE AGURTO TELLO";"241200";"HOSPITALIZACIÓN QUIRÚRGICA TRAUMATOLOGÍA Y ORTOPEDIA ";"31";"26";"90";"116";"5";"155";"0"
"2023";"10";"150118";"LIMA";"LIMA";"LURIGANCHO";"MINSA";"II-2";"00005947";"HOSPITAL DE MEDIANA COMPLEJIDAD JOSE AGURTO TELLO";"240600";"HOSPITALIZACIÓN QUIRÚRGICA CIRUGÍA OFTALMOLÓGICA ";"2";"2";"2";"2";"1";"31";"0"
"2023";"10";"150118";"LIMA";"LIMA";"LURIGANCHO";"MINSA";"II-2";"00005947";"HOSPITAL DE MEDIANA COMPLEJIDAD JOSE AGURTO TELLO";"243200";"HOSPITALIZACIÓN DE PEDIATRÍA PEDIATRIA NEONATOLOGÍA";"17";"15";"57";"49";"5";"155";"0"
"2023";"10";"150118";"LIMA";"LIMA";"LURIGANCHO";"MINSA";"II-2";"00005947";"HOSPITAL DE MEDIANA COMPLEJIDAD JOSE AGURTO TELLO";"242500";"HOSPITALIZACIÓN-PEDIATRÍA GENERAL-";"33";"28";"142";"141";"7";"217";"0"
"2023";"10";"150118";"LIMA";"LIMA";"LURIGANCHO";"MINSA";"II-2";"00005947";"HOSPITAL DE MEDIANA COMPLEJIDAD JOSE AGURTO TELLO";"241500";"HOSPITALIZACIÓN QUIRÚRGICA GINECOLOGÍA  ";"17";"16";"62";"62";"5";"155";"0"
"2023";"10";"150118";"LIMA";"LIMA";"LURIGANCHO";"MINSA";"II-2";"00005947";"HOSPITAL DE MEDIANA COMPLEJIDAD JOSE AGURTO TELLO";"241600";"HOSPITALIZACIÓN QUIRÚRGICA OBSTETRICIA   ";"131";"122";"317";"303";"16";"496";"0"
"2023";"10";"220901";"SAN MARTIN";"SAN MARTIN";"TARAPOTO";"ESSALUD";"II-1";"00027733";"HOSPITAL II TARAPOTO";"241800";"HOSPITALIZACIÓN DE MEDICINA MEDICINA GENERAL ";"100";"96";"685";"634";"21";"651";"6"
"2023";"10";"220901";"SAN MARTIN";"SAN MARTIN";"TARAPOTO";"ESSALUD";"II-1";"00027733";"HOSPITAL II TARAPOTO";"250304";"HOSPIT. EN UNIDAD DE CUID.INTEN.-UNIDAD DE VIGILANCIA INTENSIVA (UVI)-MEDICINA";"10";"6";"102";"110";"8";"248";"3"
"2023";"10";"220901";"SAN MARTIN";"SAN MARTIN";"TARAPOTO";"ESSALUD";"II-1";"00027733";"HOSPITAL II TARAPOTO";"240100";"HOSPITALIZACIÓN QUIRÚRGICA CIRUGÍA GENERAL ";"154";"151";"651";"523";"19";"589";"0"
"2023";"10";"220901";"SAN MARTIN";"SAN MARTIN";"TARAPOTO";"ESSALUD";"II-1";"00027733";"HOSPITAL II TARAPOTO";"241400";"HOSPITALIZACIÓN QUIRÚRGICA GINECO - OBSTETRICIA ";"149";"148";"499";"459";"16";"496";"0"
"2023";"10";"220901";"SAN MARTIN";"SAN MARTIN";"TARAPOTO";"ESSALUD";"II-1";"00027733";"HOSPITAL II TARAPOTO";"242300";"HOSPITALIZACIÓN DE PEDIATRÍA  PEDIATRÍA  GENERAL ";"117";"117";"465";"366";"12";"372";"0"
"2023";"10";"040401";"AREQUIPA";"CASTILLA";"APLAO";"ESSALUD";"I-3";"00013299";"CENTRO MEDICO APLAO";"NE_0001";"";"NE_0001";"NE_0001";"NE_0001";"NE_0001";"NE_0001";"NE_0001";"NE_0001"
"2023";"10";"100201";"HUANUCO";"AMBO";"AMBO";"ESSALUD";"I-3";"00009957";"CENTRO MEDICO LEONCIO PRADO - AMBO";"NE_0001";"";"NE_0001";"NE_0001";"NE_0001";"NE_0001";"NE_0001";"NE_0001";"NE_0001"
"2023";"10";"060103";"CAJAMARCA";"CAJAMARCA";"CHETILLA";"GOBIERNO REGIONAL";"I-2";"00004653";"CHETILLA";"NE_0001";"";"NE_0001";"NE_0001";"NE_0001";"NE_0001";"NE_0001";"NE_0001";"NE_0001"
"2023";"10";"060101";"CAJAMARCA";"CAJAMARCA";"CAJAMARCA";"GOBIERNO REGIONAL";"I-1";"00004652";"LUCMACUCHO";"NE_0001";"";"NE_0001";"NE_0001";"NE_0001";"NE_0001";"NE_0001";"NE_0001";"NE_0001"
"2023";"10";"150134";"LIMA";"LIMA";"SAN LUIS";"PRIVADO";"II-1";"00008786";"CLINICA SAN JUAN DE DIOS";"240000";"HOSPITALIZACIÓN";"94";"87";"213";"268";"25";"775";"0"
"2023";"10";"120705";"JUNIN";"TARMA";"LA UNION";"GOBIERNO REGIONAL";"I-1";"00000600";"UCHURACRA";"NE_0001";"";"NE_0001";"NE_0001";"NE_0001";"NE_0001";"NE_0001";"NE_0001";"NE_0001"
"2023";"10";"040109";"AREQUIPA";"AREQUIPA";"MARIANO MELGAR";"GOBIERNO REGIONAL";"I-4";"00001294";"CENTRO DE SALUD MARIANO MELGAR";"241400";"HOSPITALIZACIÓN QUIRÚRGICA GINECO - OBSTETRICIA ";"9";"9";"12";"9";"3";"108";"0"
"2023";"10";"040109";"AREQUIPA";"AREQUIPA";"MARIANO MELGAR";"GOBIERNO REGIONAL";"I-2";"00001308";"PUESTO DE SALUD ATALAYA";"NE_0001";"";"NE_0001";"NE_0001";"NE_0001";"NE_0001";"NE_0001";"NE_0001";"NE_0001"
"2023";"10";"040701";"AREQUIPA";"ISLAY";"MOLLENDO";"GOBIERNO REGIONAL";"I-2";"00001447";"PUESTO DE SALUD VILLA LOURDES";"NE_0001";"";"NE_0001";"NE_0001";"NE_0001";"NE_0001";"NE_0001";"NE_0001";"NE_0001"
"2023";"10";"040705";"AREQUIPA";"ISLAY";"MEJIA";"GOBIERNO REGIONAL";"I-2";"00001448";"PUESTO DE SALUD MEJIA";"NE_0001";"";"NE_0001";"NE_0001";"NE_0001";"NE_0001";"NE_0001";"NE_0001";"NE_0001"
"2023";"10";"040701";"AREQUIPA";"ISLAY";"MOLLENDO";"GOBIERNO REGIONAL";"I-4";"00001444";"CENTRO DE SALUD ALTO INCLAN";"241600";"HOSPITALIZACIÓN QUIRÚRGICA OBSTETRICIA   ";"7";"7";"7";"1";"5";"150";"0"
"2023";"10";"040701";"AREQUIPA";"ISLAY";"MOLLENDO";"GOBIERNO REGIONAL";"I-4";"00001444";"CENTRO DE SALUD ALTO INCLAN";"241800";"HOSPITALIZACIÓN DE MEDICINA MEDICINA GENERAL ";"6";"6";"6";"1";"11";"330";"0"
"2023";"10";"040704";"AREQUIPA";"ISLAY";"ISLAY";"GOBIERNO REGIONAL";"I-3";"00001443";"CENTRO DE SALUD MATARANI";"NE_0001";"";"NE_0001";"NE_0001";"NE_0001";"NE_0001";"NE_0001";"NE_0001";"NE_0001"
"2023";"11";"150113";"LIMA";"LIMA";"JESUS MARIA";"PRIVADO";"II-E";"00010669";"CLÍNICA PERUANA DE LA VISION";"NE_0001";"";"NE_0001";"NE_0001";"NE_0001";"NE_0001";"NE_0001";"NE_0001";"NE_0001"
"2023";"11";"100605";"HUANUCO";"LEONCIO PRADO";"LUYANDO";"GOBIERNO REGIONAL";"II-1";"00000932";"HOSPITAL DE TINGO MARIA (HOSPITAL DE CONTINGENCIA)";"241400";"HOSPITALIZACIÓN QUIRÚRGICA GINECO - OBSTETRICIA ";"342";"258";"614";"584";"25";"779";"0"
"2023";"11";"100605";"HUANUCO";"LEONCIO PRADO";"LUYANDO";"GOBIERNO REGIONAL";"II-1";"00000932";"HOSPITAL DE TINGO MARIA (HOSPITAL DE CONTINGENCIA)";"250200";"UNIDAD DE CUIDADOS CRITICOS UNIDAD DE CUIDADOS INTERMEDIOS GENERAL  (UCIN) ";"1";"1";"4";"12";"9";"279";"0"
"2023";"11";"100605";"HUANUCO";"LEONCIO PRADO";"LUYANDO";"GOBIERNO REGIONAL";"II-1";"00000932";"HOSPITAL DE TINGO MARIA (HOSPITAL DE CONTINGENCIA)";"250304";"HOSPIT. EN UNIDAD DE CUID.INTEN.-UNIDAD DE VIGILANCIA INTENSIVA (UVI)-MEDICINA";"7";"5";"72";"144";"6";"186";"4"
"2023";"11";"100605";"HUANUCO";"LEONCIO PRADO";"LUYANDO";"GOBIERNO REGIONAL";"II-1";"00000932";"HOSPITAL DE TINGO MARIA (HOSPITAL DE CONTINGENCIA)";"242205";"HOSPITALIZACIÓN MEDICINA PSIQUIATRÍA PISIQUIATRIA/ SALUD MENTAL Y ADICCIONES";"9";"10";"233";"251";"10";"300";"0"
"2023";"11";"150101";"LIMA";"LIMA";"LIMA";"MINSA";"III-1";"00006206";"NACIONAL  DOS DE MAYO";"241800";"HOSPITALIZACIÓN DE MEDICINA MEDICINA GENERAL ";"374";"437";"6112";"7523";"266";"7980";"39"
"2023";"11";"150101";"LIMA";"LIMA";"LIMA";"MINSA";"III-1";"00006206";"NACIONAL  DOS DE MAYO";"240100";"HOSPITALIZACIÓN QUIRÚRGICA CIRUGÍA GENERAL ";"226";"252";"1887";"2296";"80";"2400";"4"
"2023";"11";"150101";"LIMA";"LIMA";"LIMA";"MINSA";"III-1";"00006206";"NACIONAL  DOS DE MAYO";"241200";"HOSPITALIZACIÓN QUIRÚRGICA TRAUMATOLOGÍA Y ORTOPEDIA ";"51";"59";"865";"897";"32";"960";"0"
"2023";"09";"150113";"LIMA";"LIMA";"JESUS MARIA";"PRIVADO";"III-1";"00009116";"CLINICA SAN FELIPE S.A.";"240000";"HOSPITALIZACIÓN";"476";"458";"1578";"53";"101";"3030";"2"
"2023";"09";"150113";"LIMA";"LIMA";"JESUS MARIA";"PRIVADO";"III-1";"00009116";"CLINICA SAN FELIPE S.A.";"250200";"UNIDAD DE CUIDADOS CRITICOS UNIDAD DE CUIDADOS INTERMEDIOS GENERAL  (UCIN) ";"76";"76";"283";"9";"25";"750";"1"
"2023";"09";"150113";"LIMA";"LIMA";"JESUS MARIA";"PRIVADO";"III-1";"00009116";"CLINICA SAN FELIPE S.A.";"250100";"UNIDAD DE CUIDADOS CRITICOS UNIDAD  DE CUIDADOS INTENSIVOS GENERALES (UCI) ";"51";"50";"162";"5";"21";"630";"0"
"2023";"09";"220508";"SAN MARTIN";"LAMAS";"SAN ROQUE DE CUMBAZA";"GOBIERNO REGIONAL";"I-1";"00006357";"ALTO SHAMBOYACU";"NE_0001";"";"NE_0001";"NE_0001";"NE_0001";"NE_0001";"NE_0001";"NE_0001";"NE_0001"
"2023";"09";"220501";"SAN MARTIN";"LAMAS";"LAMAS";"GOBIERNO REGIONAL";"I-1";"00006353";"HUAYCO LAMAS";"NE_0001";"";"NE_0001";"NE_0001";"NE_0001";"NE_0001";"NE_0001";"NE_0001";"NE_0001"
"2023";"09";"220507";"SAN MARTIN";"LAMAS";"RUMISAPA";"GOBIERNO REGIONAL";"I-1";"00006392";"MACEDA";"NE_0001";"";"NE_0001";"NE_0001";"NE_0001";"NE_0001";"NE_0001";"NE_0001";"NE_0001"
"2023";"09";"220511";"SAN MARTIN";"LAMAS";"ZAPATERO";"GOBIERNO REGIONAL";"I-1";"00006394";"SANTA ANA DEL RIO MAYO";"NE_0001";"";"NE_0001";"NE_0001";"NE_0001";"NE_0001";"NE_0001";"NE_0001";"NE_0001"
"2023";"09";"220507";"SAN MARTIN";"LAMAS";"RUMISAPA";"GOBIERNO REGIONAL";"I-1";"00006354";"CHIRAPA LA LIBERTAD";"NE_0001";"";"NE_0001";"NE_0001";"NE_0001";"NE_0001";"NE_0001";"NE_0001";"NE_0001"
"2023";"09";"220508";"SAN MARTIN";"LAMAS";"SAN ROQUE DE CUMBAZA";"GOBIERNO REGIONAL";"I-1";"00006355";"CHIRICYACU";"NE_0001";"";"NE_0001";"NE_0001";"NE_0001";"NE_0001";"NE_0001";"NE_0001";"NE_0001"
"2023";"09";"220508";"SAN MARTIN";"LAMAS";"SAN ROQUE DE CUMBAZA";"GOBIERNO REGIONAL";"I-2";"00006356";"PAMASHTO";"NE_0001";"";"NE_0001";"NE_0001";"NE_0001";"NE_0001";"NE_0001";"NE_0001";"NE_0001"
"2023";"09";"220912";"SAN MARTIN";"SAN MARTIN";"SAN ANTONIO";"GOBIERNO REGIONAL";"I-1";"00006387";"AUCALOMA";"NE_0001";"";"NE_0001";"NE_0001";"NE_0001";"NE_0001";"NE_0001";"NE_0001";"NE_0001"
"2023";"09";"220507";"SAN MARTIN";"LAMAS";"RUMISAPA";"GOBIERNO REGIONAL";"I-1";"00006391";"RUMIZAPA";"NE_0001";"";"NE_0001";"NE_0001";"NE_0001";"NE_0001";"NE_0001";"NE_0001";"NE_0001"
"2023";"09";"220508";"SAN MARTIN";"LAMAS";"SAN ROQUE DE CUMBAZA";"GOBIERNO REGIONAL";"I-1";"00006358";"YURILAMAS";"NE_0001";"";"NE_0001";"NE_0001";"NE_0001";"NE_0001";"NE_0001";"NE_0001";"NE_0001"
"2023";"09";"220508";"SAN MARTIN";"LAMAS";"SAN ROQUE DE CUMBAZA";"GOBIERNO REGIONAL";"I-1";"00006386";"SAN ROQUE DE CUMBAZA";"NE_0001";"";"NE_0001";"NE_0001";"NE_0001";"NE_0001";"NE_0001";"NE_0001";"NE_0001"
"2023";"09";"220507";"SAN MARTIN";"LAMAS";"RUMISAPA";"GOBIERNO REGIONAL";"I-1";"00006393";"PACCHILLA";"NE_0001";"";"NE_0001";"NE_0001";"NE_0001";"NE_0001";"NE_0001";"NE_0001";"NE_0001"
"2023";"09";"130105";"LA LIBERTAD";"TRUJILLO";"LA ESPERANZA";"GOBIERNO REGIONAL";"II-1";"00005226";"HOSPITAL DISTRITAL JERUSALEN";"241400";"HOSPITALIZACIÓN QUIRÚRGICA GINECO - OBSTETRICIA ";"6";"6";"12";"48";"6";"180";"0"
"2023";"09";"130105";"LA LIBERTAD";"TRUJILLO";"LA ESPERANZA";"GOBIERNO REGIONAL";"II-1";"00005226";"HOSPITAL DISTRITAL JERUSALEN";"241600";"HOSPITALIZACIÓN QUIRÚRGICA OBSTETRICIA   ";"48";"48";"63";"96";"6";"180";"0"
"2023";"09";"130101";"LA LIBERTAD";"TRUJILLO";"TRUJILLO";"PRIVADO";"II-E";"00021475";"DE LA BELLEZA";"NE_0001";"";"NE_0001";"NE_0001";"NE_0001";"NE_0001";"NE_0001";"NE_0001";"NE_0001"
"2023";"09";"080602";"CUSCO";"CANCHIS";"CHECACUPE";"GOBIERNO REGIONAL";"I-2";"00002385";"CHECACUPE";"NE_0001";"";"NE_0001";"NE_0001";"NE_0001";"NE_0001";"NE_0001";"NE_0001";"NE_0001"
"2023";"09";"080608";"CUSCO";"CANCHIS";"TINTA";"GOBIERNO REGIONAL";"I-3";"00002397";"TINTA";"NE_0001";"";"NE_0001";"NE_0001";"NE_0001";"NE_0001";"NE_0001";"NE_0001";"NE_0001"
"2023";"09";"080204";"CUSCO";"ACOMAYO";"MOSOC LLACTA";"GOBIERNO REGIONAL";"I-2";"00002320";"MOSOCLLACTA";"NE_0001";"";"NE_0001";"NE_0001";"NE_0001";"NE_0001";"NE_0001";"NE_0001";"NE_0001"
"2023";"09";"080605";"CUSCO";"CANCHIS";"PITUMARCA";"GOBIERNO REGIONAL";"I-3";"00002392";"PITUMARCA";"NE_0001";"";"NE_0001";"NE_0001";"NE_0001";"NE_0001";"NE_0001";"NE_0001";"NE_0001"
"2023";"09";"080603";"CUSCO";"CANCHIS";"COMBAPATA";"GOBIERNO REGIONAL";"I-4";"00002386";"COMBAPATA CANCHIS";"NE_0001";"";"NE_0001";"NE_0001";"NE_0001";"NE_0001";"NE_0001";"NE_0001";"NE_0001"
"2023";"09";"080603";"CUSCO";"CANCHIS";"COMBAPATA";"GOBIERNO REGIONAL";"I-2";"00002387";"CHIARA";"NE_0001";"";"NE_0001";"NE_0001";"NE_0001";"NE_0001";"NE_0001";"NE_0001";"NE_0001"
"2023";"10";"110101";"ICA";"ICA";"ICA";"ESSALUD";"II-1";"00013912";"FELIX TORREALVA GUTIERREZ";"241900";"HOSPITALIZACIÓN DE MEDICINA MEDICINA INTERNA ";"246";"253";"1341";"1292";"48";"1488";"10"
"2023";"10";"110101";"ICA";"ICA";"ICA";"ESSALUD";"II-1";"00013912";"FELIX TORREALVA GUTIERREZ";"241900";"HOSPITALIZACIÓN DE MEDICINA MEDICINA INTERNA ";"8";"2";"6";"116";"6";"186";"0"
"2023";"10";"110101";"ICA";"ICA";"ICA";"ESSALUD";"II-1";"00013912";"FELIX TORREALVA GUTIERREZ";"240100";"HOSPITALIZACIÓN QUIRÚRGICA CIRUGÍA GENERAL ";"90";"126";"346";"355";"12";"372";"0"
"2023";"10";"110101";"ICA";"ICA";"ICA";"ESSALUD";"II-1";"00013912";"FELIX TORREALVA GUTIERREZ";"241500";"HOSPITALIZACIÓN QUIRÚRGICA GINECOLOGÍA  ";"26";"26";"83";"85";"4";"124";"0"
"2023";"10";"110101";"ICA";"ICA";"ICA";"ESSALUD";"II-1";"00013912";"FELIX TORREALVA GUTIERREZ";"241500";"HOSPITALIZACIÓN QUIRÚRGICA GINECOLOGÍA  ";"153";"151";"290";"314";"12";"372";"0"
"2023";"10";"230101";"TACNA";"TACNA";"TACNA";"ESSALUD";"I-2";"00010228";"CENTRO DE ATENCION PRIMARIA II  OSCAR FERNANDEZ DAVILA VÉLEZ";"NE_0001";"";"NE_0001";"NE_0001";"NE_0001";"NE_0001";"NE_0001";"NE_0001";"NE_0001"
"2023";"10";"130702";"LA LIBERTAD";"PACASMAYO";"GUADALUPE";"ESSALUD";"I-2";"00012101";"POSTA DE SALUD GUADALUPE";"NE_0001";"";"NE_0001";"NE_0001";"NE_0001";"NE_0001";"NE_0001";"NE_0001";"NE_0001"
"2023";"10";"060703";"CAJAMARCA";"HUALGAYOC";"HUALGAYOC";"ESSALUD";"I-2";"00010270";"POSTA MEDICA DE HUALGAYOC";"NE_0001";"";"NE_0001";"NE_0001";"NE_0001";"NE_0001";"NE_0001";"NE_0001";"NE_0001"
"2023";"10";"110305";"ICA";"NAZCA";"VISTA ALEGRE";"ESSALUD";"I-3";"00010429";"NASCA";"NE_0001";"";"NE_0001";"NE_0001";"NE_0001";"NE_0001";"NE_0001";"NE_0001";"NE_0001"
"2023";"10";"110101";"ICA";"ICA";"ICA";"ESSALUD";"II-2";"00016374";"HOSPITAL IV AUGUSTO HERNANDEZ MENDOZA";"240100";"HOSPITALIZACIÓN QUIRÚRGICA CIRUGÍA GENERAL ";"87";"87";"396";"469";"16";"496";"5"
"2023";"10";"110101";"ICA";"ICA";"ICA";"ESSALUD";"II-2";"00016374";"HOSPITAL IV AUGUSTO HERNANDEZ MENDOZA";"241000";"HOSPITALIZACIÓN QUIRÚRGICA ONCOLOGÍA QUIRÚRGICA  ";"7";"11";"66";"62";"2";"62";"0"
"2023";"10";"110101";"ICA";"ICA";"ICA";"ESSALUD";"II-2";"00016374";"HOSPITAL IV AUGUSTO HERNANDEZ MENDOZA";"240900";"HOSPITALIZACIÓN QUIRÚRGICA NEUROCIRUGÍA ";"9";"12";"130";"62";"2";"62";"0"
"2023";"10";"110101";"ICA";"ICA";"ICA";"ESSALUD";"II-2";"00016374";"HOSPITAL IV AUGUSTO HERNANDEZ MENDOZA";"241200";"HOSPITALIZACIÓN QUIRÚRGICA TRAUMATOLOGÍA Y ORTOPEDIA ";"81";"78";"499";"564";"20";"620";"0"
"2023";"10";"110101";"ICA";"ICA";"ICA";"ESSALUD";"II-2";"00016374";"HOSPITAL IV AUGUSTO HERNANDEZ MENDOZA";"241100";"HOSPITALIZACIÓN QUIRÚRGICA OTORRINOLARINGOLOGÍA  ";"6";"6";"6";"30";"1";"31";"0"
"2023";"10";"110101";"ICA";"ICA";"ICA";"ESSALUD";"II-2";"00016374";"HOSPITAL IV AUGUSTO HERNANDEZ MENDOZA";"241300";"HOSPITALIZACIÓN QUIRÚRGICA UROLOGÍA  ";"52";"50";"186";"186";"6";"186";"0"
"2023";"10";"110101";"ICA";"ICA";"ICA";"ESSALUD";"II-2";"00016374";"HOSPITAL IV AUGUSTO HERNANDEZ MENDOZA";"241500";"HOSPITALIZACIÓN QUIRÚRGICA GINECOLOGÍA  ";"5";"49";"241";"186";"6";"186";"0"
"2023";"10";"110101";"ICA";"ICA";"ICA";"ESSALUD";"II-2";"00016374";"HOSPITAL IV AUGUSTO HERNANDEZ MENDOZA";"241900";"HOSPITALIZACIÓN DE MEDICINA MEDICINA INTERNA ";"55";"57";"757";"588";"19";"589";"9"
"2023";"10";"110101";"ICA";"ICA";"ICA";"ESSALUD";"II-2";"00016374";"HOSPITAL IV AUGUSTO HERNANDEZ MENDOZA";"244600";"HOSPITALIZACIÓN DE MEDICINA NEFROLOGIA ";"1";"1";"7";"93";"3";"93";"0"
"2023";"10";"110101";"ICA";"ICA";"ICA";"ESSALUD";"II-2";"00016374";"HOSPITAL IV AUGUSTO HERNANDEZ MENDOZA";"244700";"HOSPITALIZACIÓN DE MEDICINA NEUROLOGIA  ";"1";"2";"18";"30";"1";"31";"0"
"2023";"10";"110101";"ICA";"ICA";"ICA";"ESSALUD";"II-2";"00016374";"HOSPITAL IV AUGUSTO HERNANDEZ MENDOZA";"241400";"HOSPITALIZACIÓN QUIRÚRGICA GINECO - OBSTETRICIA ";"37";"77";"214";"173";"12";"372";"0"
"2023";"10";"110101";"ICA";"ICA";"ICA";"ESSALUD";"II-2";"00016374";"HOSPITAL IV AUGUSTO HERNANDEZ MENDOZA";"242100";"HOSPITALIZACIÓN DE MEDICINA ONCOLOGÍA MÉDICA ";"10";"13";"40";"31";"1";"31";"0"
"2023";"10";"110101";"ICA";"ICA";"ICA";"ESSALUD";"II-2";"00016374";"HOSPITAL IV AUGUSTO HERNANDEZ MENDOZA";"242500";"HOSPITALIZACIÓN-PEDIATRÍA GENERAL-";"51";"43";"208";"198";"9";"279";"0"
"2023";"10";"110101";"ICA";"ICA";"ICA";"ESSALUD";"II-2";"00016374";"HOSPITAL IV AUGUSTO HERNANDEZ MENDOZA";"245500";"HOSPITALIZACIÓN DE MEDICINA REUMATOLOGÍA    ";"2";"3";"21";"31";"1";"31";"0"
"2023";"10";"110101";"ICA";"ICA";"ICA";"ESSALUD";"II-2";"00016374";"HOSPITAL IV AUGUSTO HERNANDEZ MENDOZA";"250100";"UNIDAD DE CUIDADOS CRITICOS UNIDAD  DE CUIDADOS INTENSIVOS GENERALES (UCI) ";"8";"5";"26";"106";"5";"155";"6"
"2023";"10";"110101";"ICA";"ICA";"ICA";"ESSALUD";"II-2";"00016374";"HOSPITAL IV AUGUSTO HERNANDEZ MENDOZA";"250105";"UNIDAD DE CUIDADOS CRITICOS UNIDAD  DE CUIDADOS INTENSIVOS  (UCI) NEONATOLOGÍA";"9";"2";"5";"80";"3";"93";"0"
"2023";"10";"110101";"ICA";"ICA";"ICA";"ESSALUD";"II-2";"00016374";"HOSPITAL IV AUGUSTO HERNANDEZ MENDOZA";"250200";"UNIDAD DE CUIDADOS CRITICOS UNIDAD DE CUIDADOS INTERMEDIOS GENERAL  (UCIN) ";"13";"4";"112";"196";"8";"248";"0"
"2023";"10";"110101";"ICA";"ICA";"ICA";"ESSALUD";"II-2";"00016374";"HOSPITAL IV AUGUSTO HERNANDEZ MENDOZA";"250201";"UNIDAD DE CUIDADOS CRITICOS UNIDAD DE CUIDADOS INTERMEDIOS  (UCIN) NEONATAL";"8";"25";"213";"128";"5";"155";"0"
"2023";"10";"150140";"LIMA";"LIMA";"SANTIAGO DE SURCO";"ESSALUD";"I-3";"00008378";"POLICLINICO PROCERES";"NE_0001";"";"NE_0001";"NE_0001";"NE_0001";"NE_0001";"NE_0001";"NE_0001";"NE_0001"
"2023";"10";"061201";"CAJAMARCA";"SAN PABLO";"SAN PABLO";"ESSALUD";"I-1";"00010271";"POSTA MEDICA ESSALUD SAN PABLO";"NE_0001";"";"NE_0001";"NE_0001";"NE_0001";"NE_0001";"NE_0001";"NE_0001";"NE_0001"
"2023";"10";"150130";"LIMA";"LIMA";"SAN BORJA";"PRIVADO";"0";"00012366";"MISION MEDICA SAC";"NE_0001";"";"NE_0001";"NE_0001";"NE_0001";"NE_0001";"NE_0001";"NE_0001";"NE_0001"
"2023";"10";"070104";"CALLAO";"CALLAO";"LA PERLA";"GOBIERNO REGIONAL";"I-2";"00006251";"PUESTO DE SALUD  LA PERLA";"NE_0001";"";"NE_0001";"NE_0001";"NE_0001";"NE_0001";"NE_0001";"NE_0001";"NE_0001"
"2023";"10";"070103";"CALLAO";"CALLAO";"CARMEN DE LA LEGUA-REYNOSO";"GOBIERNO REGIONAL";"I-3";"00006252";"CENTRO DE SALUD CARMEN DE LA LEGUA";"NE_0001";"";"NE_0001";"NE_0001";"NE_0001";"NE_0001";"NE_0001";"NE_0001";"NE_0001"
"2023";"10";"070104";"CALLAO";"CALLAO";"LA PERLA";"GOBIERNO REGIONAL";"I-2";"00006250";"PUESTO DE SALUD ALTA MAR";"NE_0001";"";"NE_0001";"NE_0001";"NE_0001";"NE_0001";"NE_0001";"NE_0001";"NE_0001"
"2023";"10";"070102";"CALLAO";"CALLAO";"BELLAVISTA";"GOBIERNO REGIONAL";"I-4";"00006249";"C.S. BELLAVISTA PERU COREA";"241600";"HOSPITALIZACIÓN QUIRÚRGICA OBSTETRICIA   ";"7";"7";"7";"217";"13";"403";"0"
"2023";"10";"070103";"CALLAO";"CALLAO";"CARMEN DE LA LEGUA-REYNOSO";"GOBIERNO REGIONAL";"I-2";"00029132";"Centro de Salud Mental Comunitario ""Carmen de la Legua - Reynoso""";"NE_0001";"";"NE_0001";"NE_0001";"NE_0001";"NE_0001";"NE_0001";"NE_0001";"NE_0001"
"2023";"10";"080104";"CUSCO";"CUSCO";"SAN JERONIMO";"GOBIERNO REGIONAL";"I-1";"00007699";"CONCHACALLE";"NE_0002";"";"NE_0002";"NE_0002";"NE_0002";"NE_0002";"NE_0002";"NE_0002";"NE_0002"
"2023";"10";"060601";"CAJAMARCA";"CUTERVO";"CUTERVO";"GOBIERNO REGIONAL";"I-1";"00006850";"CONDAY";"NE_0001";"";"NE_0001";"NE_0001";"NE_0001";"NE_0001";"NE_0001";"NE_0001";"NE_0001"
"2023";"10";"060601";"CAJAMARCA";"CUTERVO";"CUTERVO";"GOBIERNO REGIONAL";"I-1";"00004996";"RAMBRAN";"NE_0001";"";"NE_0001";"NE_0001";"NE_0001";"NE_0001";"NE_0001";"NE_0001";"NE_0001"
"2023";"10";"060601";"CAJAMARCA";"CUTERVO";"CUTERVO";"GOBIERNO REGIONAL";"I-1";"00007097";"AÑALCATE";"NE_0001";"";"NE_0001";"NE_0001";"NE_0001";"NE_0001";"NE_0001";"NE_0001";"NE_0001"
"2023";"10";"060601";"CAJAMARCA";"CUTERVO";"CUTERVO";"GOBIERNO REGIONAL";"I-2";"00007745";"URCURUME";"NE_0001";"";"NE_0001";"NE_0001";"NE_0001";"NE_0001";"NE_0001";"NE_0001";"NE_0001"
"2023";"10";"060601";"CAJAMARCA";"CUTERVO";"CUTERVO";"GOBIERNO REGIONAL";"I-1";"00008925";"LA LLICA";"NE_0001";"";"NE_0001";"NE_0001";"NE_0001";"NE_0001";"NE_0001";"NE_0001";"NE_0001"
"2023";"10";"060601";"CAJAMARCA";"CUTERVO";"CUTERVO";"GOBIERNO REGIONAL";"I-3";"00006858";"SALOMON VILCHEZ MURGA";"NE_0001";"";"NE_0001";"NE_0001";"NE_0001";"NE_0001";"NE_0001";"NE_0001";"NE_0001"
"2023";"10";"060601";"CAJAMARCA";"CUTERVO";"CUTERVO";"GOBIERNO REGIONAL";"I-2";"00004982";"SALABAMBA";"NE_0001";"";"NE_0001";"NE_0001";"NE_0001";"NE_0001";"NE_0001";"NE_0001";"NE_0001"
"2023";"10";"060601";"CAJAMARCA";"CUTERVO";"CUTERVO";"GOBIERNO REGIONAL";"I-1";"00005000";"MUÑUNO";"NE_0001";"";"NE_0001";"NE_0001";"NE_0001";"NE_0001";"NE_0001";"NE_0001";"NE_0001"
"2023";"10";"060601";"CAJAMARCA";"CUTERVO";"CUTERVO";"GOBIERNO REGIONAL";"I-1";"00006865";"ADCUÑAC";"NE_0001";"";"NE_0001";"NE_0001";"NE_0001";"NE_0001";"NE_0001";"NE_0001";"NE_0001"
"2023";"10";"060601";"CAJAMARCA";"CUTERVO";"CUTERVO";"GOBIERNO REGIONAL";"I-2";"00006938";"CACHACARA";"NE_0001";"";"NE_0001";"NE_0001";"NE_0001";"NE_0001";"NE_0001";"NE_0001";"NE_0001"
"2023";"10";"060601";"CAJAMARCA";"CUTERVO";"CUTERVO";"GOBIERNO REGIONAL";"I-2";"00004983";"CRUZ ROJA";"NE_0001";"";"NE_0001";"NE_0001";"NE_0001";"NE_0001";"NE_0001";"NE_0001";"NE_0001"
"2023";"10";"060601";"CAJAMARCA";"CUTERVO";"CUTERVO";"GOBIERNO REGIONAL";"I-1";"00004999";"LAS PALMAS DE TINYAYOC";"NE_0001";"";"NE_0001";"NE_0001";"NE_0001";"NE_0001";"NE_0001";"NE_0001";"NE_0001"
"2023";"10";"060601";"CAJAMARCA";"CUTERVO";"CUTERVO";"GOBIERNO REGIONAL";"I-1";"00005001";"PATAHUAZ";"NE_0001";"";"NE_0001";"NE_0001";"NE_0001";"NE_0001";"NE_0001";"NE_0001";"NE_0001"
"2023";"10";"060601";"CAJAMARCA";"CUTERVO";"CUTERVO";"GOBIERNO REGIONAL";"I-1";"00006832";"LA CONGONA";"NE_0001";"";"NE_0001";"NE_0001";"NE_0001";"NE_0001";"NE_0001";"NE_0001";"NE_0001"
"2023";"10";"060601";"CAJAMARCA";"CUTERVO";"CUTERVO";"GOBIERNO REGIONAL";"I-1";"00006833";"LA JAYUA";"NE_0001";"";"NE_0001";"NE_0001";"NE_0001";"NE_0001";"NE_0001";"NE_0001";"NE_0001"
"2023";"10";"120404";"JUNIN";"JAUJA";"ATAURA";"GOBIERNO REGIONAL";"I-1";"00000367";"ATAURA";"NE_0002";"";"NE_0002";"NE_0002";"NE_0002";"NE_0002";"NE_0002";"NE_0002";"NE_0002"
"2023";"10";"120430";"JUNIN";"JAUJA";"SAUSA";"GOBIERNO REGIONAL";"I-1";"00000376";"SAUSA";"NE_0002";"";"NE_0002";"NE_0002";"NE_0002";"NE_0002";"NE_0002";"NE_0002";"NE_0002"
"2023";"10";"120434";"JUNIN";"JAUJA";"YAUYOS";"GOBIERNO REGIONAL";"I-3";"00000377";"YAUYOS";"NE_0002";"";"NE_0002";"NE_0002";"NE_0002";"NE_0002";"NE_0002";"NE_0002";"NE_0002"
"2023";"10";"120423";"JUNIN";"JAUJA";"PACCHA";"GOBIERNO REGIONAL";"I-1";"00000371";"PACCHA MIRAFLORES";"NE_0002";"";"NE_0002";"NE_0002";"NE_0002";"NE_0002";"NE_0002";"NE_0002";"NE_0002"
"2023";"10";"120423";"JUNIN";"JAUJA";"PACCHA";"GOBIERNO REGIONAL";"I-1";"00000370";"CANCHAPUNCO";"NE_0002";"";"NE_0002";"NE_0002";"NE_0002";"NE_0002";"NE_0002";"NE_0002";"NE_0002"
"2023";"10";"120410";"JUNIN";"JAUJA";"HUERTAS";"GOBIERNO REGIONAL";"I-1";"00000368";"HUERTAS";"NE_0002";"";"NE_0002";"NE_0002";"NE_0002";"NE_0002";"NE_0002";"NE_0002";"NE_0002"
"2023";"10";"120423";"JUNIN";"JAUJA";"PACCHA";"GOBIERNO REGIONAL";"I-1";"00000373";"PATACANCHA";"NE_0002";"";"NE_0002";"NE_0002";"NE_0002";"NE_0002";"NE_0002";"NE_0002";"NE_0002"
"2023";"10";"220401";"SAN MARTIN";"HUALLAGA";"SAPOSOA";"GOBIERNO REGIONAL";"I-1";"00006534";"SAN ANDRES";"NE_0001";"";"NE_0001";"NE_0001";"NE_0001";"NE_0001";"NE_0001";"NE_0001";"NE_0001"
"2023";"09";"210802";"PUNO";"MELGAR";"ANTAUTA";"ESSALUD";"I-2";"00009898";"POSTA MEDICA SAN RAFAEL - ESSALUD - RED ASISTENCIAL JULIACA";"NE_0001";"";"NE_0001";"NE_0001";"NE_0001";"NE_0001";"NE_0001";"NE_0001";"NE_0001"
"2023";"10";"200104";"PIURA";"PIURA";"CASTILLA";"SANIDAD DEL EJERCITO DEL PERU";"I-4";"00012953";"HOSPITAL MILITAR I DIVISION DEL EJERCITO PIURA";"240000";"HOSPITALIZACIÓN";"1";"1";"1";"1";"11";"12";"1"
"2023";"10";"021601";"ANCASH";"POMABAMBA";"POMABAMBA";"GOBIERNO REGIONAL";"II-1";"00001765";"HOSPITAL DE APOYO DE POMABAMBA ""ANTONIO CALDAS DOMINGUEZ""";"240100";"HOSPITALIZACIÓN QUIRÚRGICA CIRUGÍA GENERAL ";"11";"12";"29";"29";"4";"124";"0"
"2023";"10";"021601";"ANCASH";"POMABAMBA";"POMABAMBA";"GOBIERNO REGIONAL";"II-1";"00001765";"HOSPITAL DE APOYO DE POMABAMBA ""ANTONIO CALDAS DOMINGUEZ""";"241500";"HOSPITALIZACIÓN QUIRÚRGICA GINECOLOGÍA  ";"20";"24";"42";"42";"2";"62";"0"
"2023";"10";"021601";"ANCASH";"POMABAMBA";"POMABAMBA";"GOBIERNO REGIONAL";"II-1";"00001765";"HOSPITAL DE APOYO DE POMABAMBA ""ANTONIO CALDAS DOMINGUEZ""";"241600";"HOSPITALIZACIÓN QUIRÚRGICA OBSTETRICIA   ";"36";"36";"67";"67";"3";"93";"0"
"2023";"10";"021601";"ANCASH";"POMABAMBA";"POMABAMBA";"GOBIERNO REGIONAL";"II-1";"00001765";"HOSPITAL DE APOYO DE POMABAMBA ""ANTONIO CALDAS DOMINGUEZ""";"241800";"HOSPITALIZACIÓN DE MEDICINA MEDICINA GENERAL ";"16";"18";"66";"66";"14";"434";"1"
"2023";"10";"021601";"ANCASH";"POMABAMBA";"POMABAMBA";"GOBIERNO REGIONAL";"II-1";"00001765";"HOSPITAL DE APOYO DE POMABAMBA ""ANTONIO CALDAS DOMINGUEZ""";"242500";"HOSPITALIZACIÓN-PEDIATRÍA GENERAL-";"8";"10";"23";"23";"7";"217";"0"
"2023";"10";"110111";"ICA";"ICA";"SANTIAGO";"ESSALUD";"I-3";"00011968";"SANTA MARGARITA";"NE_0001";"";"NE_0001";"NE_0001";"NE_0001";"NE_0001";"NE_0001";"NE_0001";"NE_0001"
"2023";"10";"080106";"CUSCO";"CUSCO";"SANTIAGO";"GOBIERNO REGIONAL";"III-1";"00002305";"ANTONIO LORENA DEL CUSCO";"250100";"UNIDAD DE CUIDADOS CRITICOS UNIDAD  DE CUIDADOS INTENSIVOS GENERALES (UCI) ";"19";"14";"165";"156";"6";"186";"4"
"2023";"10";"080106";"CUSCO";"CUSCO";"SANTIAGO";"GOBIERNO REGIONAL";"III-1";"00002305";"ANTONIO LORENA DEL CUSCO";"250200";"UNIDAD DE CUIDADOS CRITICOS UNIDAD DE CUIDADOS INTERMEDIOS GENERAL  (UCIN) ";"27";"20";"220";"206";"8";"248";"1"
"2023";"10";"080106";"CUSCO";"CUSCO";"SANTIAGO";"GOBIERNO REGIONAL";"III-1";"00002305";"ANTONIO LORENA DEL CUSCO";"240100";"HOSPITALIZACIÓN QUIRÚRGICA CIRUGÍA GENERAL ";"160";"130";"670";"852";"31";"961";"1"
"2023";"10";"080106";"CUSCO";"CUSCO";"SANTIAGO";"GOBIERNO REGIONAL";"III-1";"00002305";"ANTONIO LORENA DEL CUSCO";"240900";"HOSPITALIZACIÓN QUIRÚRGICA NEUROCIRUGÍA ";"39";"34";"283";"252";"10";"310";"0"
"2023";"10";"080106";"CUSCO";"CUSCO";"SANTIAGO";"GOBIERNO REGIONAL";"III-1";"00002305";"ANTONIO LORENA DEL CUSCO";"241200";"HOSPITALIZACIÓN QUIRÚRGICA TRAUMATOLOGÍA Y ORTOPEDIA ";"43";"36";"212";"231";"10";"310";"1"
"2023";"10";"080106";"CUSCO";"CUSCO";"SANTIAGO";"GOBIERNO REGIONAL";"III-1";"00002305";"ANTONIO LORENA DEL CUSCO";"244000";"HOSPITALIZACIÓN DE MEDICINA CARDIOLOGIA ";"24";"19";"150";"197";"10";"310";"3"
"2023";"10";"080106";"CUSCO";"CUSCO";"SANTIAGO";"GOBIERNO REGIONAL";"III-1";"00002305";"ANTONIO LORENA DEL CUSCO";"241900";"HOSPITALIZACIÓN DE MEDICINA MEDICINA INTERNA ";"111";"89";"530";"568";"28";"868";"8"
"2023";"10";"080106";"CUSCO";"CUSCO";"SANTIAGO";"GOBIERNO REGIONAL";"III-1";"00002305";"ANTONIO LORENA DEL CUSCO";"245300";"HOSPITALIZACIÓN DE MEDICINA NEUMOLOGÍA  ";"36";"31";"233";"210";"9";"279";"2"
"2023";"10";"080106";"CUSCO";"CUSCO";"SANTIAGO";"GOBIERNO REGIONAL";"III-1";"00002305";"ANTONIO LORENA DEL CUSCO";"242204";"HOSPITALIZACIÓN DE MEDICINA PSIQUIATRÍA REHABILITACIÓN PSIQUIÁTRICA / REINSERCIÓN ";"19";"10";"270";"255";"10";"310";"0"
"2023";"10";"080106";"CUSCO";"CUSCO";"SANTIAGO";"GOBIERNO REGIONAL";"III-1";"00002305";"ANTONIO LORENA DEL CUSCO";"242000";"HOSPITALIZACIÓN DE MEDICINA MEDICINA TROPICAL E INFECCIOSAS ";"16";"10";"228";"235";"8";"248";"1"
"2023";"10";"080106";"CUSCO";"CUSCO";"SANTIAGO";"GOBIERNO REGIONAL";"III-1";"00002305";"ANTONIO LORENA DEL CUSCO";"242100";"HOSPITALIZACIÓN DE MEDICINA ONCOLOGÍA MÉDICA ";"2";"2";"11";"11";"5";"155";"0"
"2023";"10";"080106";"CUSCO";"CUSCO";"SANTIAGO";"GOBIERNO REGIONAL";"III-1";"00002305";"ANTONIO LORENA DEL CUSCO";"241000";"HOSPITALIZACIÓN QUIRÚRGICA ONCOLOGÍA QUIRÚRGICA  ";"28";"24";"124";"130";"7";"217";"1"
"2023";"10";"080106";"CUSCO";"CUSCO";"SANTIAGO";"GOBIERNO REGIONAL";"III-1";"00002305";"ANTONIO LORENA DEL CUSCO";"241500";"HOSPITALIZACIÓN QUIRÚRGICA GINECOLOGÍA  ";"93";"86";"256";"260";"10";"310";"0"
"2023";"10";"080106";"CUSCO";"CUSCO";"SANTIAGO";"GOBIERNO REGIONAL";"III-1";"00002305";"ANTONIO LORENA DEL CUSCO";"241400";"HOSPITALIZACIÓN QUIRÚRGICA GINECO - OBSTETRICIA ";"177";"164";"477";"454";"20";"620";"0"
"2023";"10";"080106";"CUSCO";"CUSCO";"SANTIAGO";"GOBIERNO REGIONAL";"III-1";"00002305";"ANTONIO LORENA DEL CUSCO";"242300";"HOSPITALIZACIÓN DE PEDIATRÍA  PEDIATRÍA  GENERAL ";"48";"37";"372";"290";"12";"372";"0"
"2023";"10";"080106";"CUSCO";"CUSCO";"SANTIAGO";"GOBIERNO REGIONAL";"III-1";"00002305";"ANTONIO LORENA DEL CUSCO";"243200";"HOSPITALIZACIÓN DE PEDIATRÍA PEDIATRIA NEONATOLOGÍA";"72";"60";"534";"417";"15";"465";"0"
"2023";"10";"080106";"CUSCO";"CUSCO";"SANTIAGO";"GOBIERNO REGIONAL";"III-1";"00002305";"ANTONIO LORENA DEL CUSCO";"250105";"UNIDAD DE CUIDADOS CRITICOS UNIDAD  DE CUIDADOS INTENSIVOS  (UCI) NEONATOLOGÍA";"17";"16";"184";"151";"8";"248";"2"
"2023";"10";"080106";"CUSCO";"CUSCO";"SANTIAGO";"GOBIERNO REGIONAL";"III-1";"00002305";"ANTONIO LORENA DEL CUSCO";"243600";"HOSPITALIZACIÓN DE PEDIATRÍA PEDIATRIA ONCOLOGÍA PEDIÁTRICA";"11";"9";"292";"153";"9";"279";"1"
"2023";"10";"020801";"ANCASH";"CASMA";"CASMA";"ESSALUD";"I-3";"00009057";"CENTRO MEDICO CASMA";"NE_0001";"";"NE_0001";"NE_0001";"NE_0001";"NE_0001";"NE_0001";"NE_0001";"NE_0001"
"2023";"10";"131201";"LA LIBERTAD";"VIRU";"VIRU";"GOBIERNO REGIONAL";"II-1";"00005251";"HOSPITAL PROVINCIAL DE VIRU";"241600";"HOSPITALIZACIÓN QUIRÚRGICA OBSTETRICIA   ";"33";"33";"34";"34";"7";"217";"0"
"2023";"10";"131201";"LA LIBERTAD";"VIRU";"VIRU";"GOBIERNO REGIONAL";"II-1";"00005251";"HOSPITAL PROVINCIAL DE VIRU";"242500";"HOSPITALIZACIÓN-PEDIATRÍA GENERAL-";"10";"9";"32";"29";"5";"155";"0"
"2023";"10";"131201";"LA LIBERTAD";"VIRU";"VIRU";"GOBIERNO REGIONAL";"II-1";"00005251";"HOSPITAL PROVINCIAL DE VIRU";"241800";"HOSPITALIZACIÓN DE MEDICINA MEDICINA GENERAL ";"30";"31";"96";"94";"6";"186";"0"
"2023";"10";"131201";"LA LIBERTAD";"VIRU";"VIRU";"GOBIERNO REGIONAL";"II-1";"00005251";"HOSPITAL PROVINCIAL DE VIRU";"241500";"HOSPITALIZACIÓN QUIRÚRGICA GINECOLOGÍA  ";"13";"14";"19";"19";"3";"93";"0"
"2023";"10";"230103";"TACNA";"TACNA";"CALANA";"ESSALUD";"II-2";"00010185";"Hospital III Daniel Alcides Carrión EsSalud Red de Tacna";"250100";"UNIDAD DE CUIDADOS CRITICOS UNIDAD  DE CUIDADOS INTENSIVOS GENERALES (UCI) ";"13";"13";"283";"148";"5";"153";"3"
"2023";"10";"230103";"TACNA";"TACNA";"CALANA";"ESSALUD";"II-2";"00010185";"Hospital III Daniel Alcides Carrión EsSalud Red de Tacna";"250200";"UNIDAD DE CUIDADOS CRITICOS UNIDAD DE CUIDADOS INTERMEDIOS GENERAL  (UCIN) ";"41";"50";"441";"346";"11";"354";"6"
"2023";"10";"230103";"TACNA";"TACNA";"CALANA";"ESSALUD";"II-2";"00010185";"Hospital III Daniel Alcides Carrión EsSalud Red de Tacna";"241900";"HOSPITALIZACIÓN DE MEDICINA MEDICINA INTERNA ";"129";"128";"1421";"1295";"44";"1357";"10"
"2023";"10";"230103";"TACNA";"TACNA";"CALANA";"ESSALUD";"II-2";"00010185";"Hospital III Daniel Alcides Carrión EsSalud Red de Tacna";"240100";"HOSPITALIZACIÓN QUIRÚRGICA CIRUGÍA GENERAL ";"189";"187";"896";"851";"28";"879";"0"
"2023";"10";"230103";"TACNA";"TACNA";"CALANA";"ESSALUD";"II-2";"00010185";"Hospital III Daniel Alcides Carrión EsSalud Red de Tacna";"241400";"HOSPITALIZACIÓN QUIRÚRGICA GINECO - OBSTETRICIA ";"152";"149";"407";"335";"15";"456";"0"
"2023";"10";"230103";"TACNA";"TACNA";"CALANA";"ESSALUD";"II-2";"00010185";"Hospital III Daniel Alcides Carrión EsSalud Red de Tacna";"242300";"HOSPITALIZACIÓN DE PEDIATRÍA  PEDIATRÍA  GENERAL ";"89";"88";"255";"241";"10";"301";"0"
"2023";"10";"230103";"TACNA";"TACNA";"CALANA";"ESSALUD";"II-2";"00010185";"Hospital III Daniel Alcides Carrión EsSalud Red de Tacna";"243200";"HOSPITALIZACIÓN DE PEDIATRÍA PEDIATRIA NEONATOLOGÍA";"26";"27";"73";"60";"3";"110";"0"
"2023";"10";"080106";"CUSCO";"CUSCO";"SANTIAGO";"PRIVADO";"II-E";"00024173";"OXIGEN MEDICAL NETWORK";"240100";"HOSPITALIZACIÓN QUIRÚRGICA CIRUGÍA GENERAL ";"19";"19";"69";"20";"13";"403";"0"
"2023";"10";"080106";"CUSCO";"CUSCO";"SANTIAGO";"PRIVADO";"II-E";"00024173";"OXIGEN MEDICAL NETWORK";"241800";"HOSPITALIZACIÓN DE MEDICINA MEDICINA GENERAL ";"209";"212";"544";"219";"12";"372";"0"
"2023";"10";"080106";"CUSCO";"CUSCO";"SANTIAGO";"PRIVADO";"II-E";"00024173";"OXIGEN MEDICAL NETWORK";"250100";"UNIDAD DE CUIDADOS CRITICOS UNIDAD  DE CUIDADOS INTENSIVOS GENERALES (UCI) ";"9";"8";"67";"10";"5";"155";"1"
"2023";"10";"080106";"CUSCO";"CUSCO";"SANTIAGO";"PRIVADO";"II-E";"00024173";"OXIGEN MEDICAL NETWORK";"250200";"UNIDAD DE CUIDADOS CRITICOS UNIDAD DE CUIDADOS INTERMEDIOS GENERAL  (UCIN) ";"3";"3";"32";"3";"2";"62";"0"
"2023";"10";"120808";"JUNIN";"YAULI";"SANTA ROSA DE SACCO";"ESSALUD";"II-1";"00008653";"HOSPITAL II ALBERTO HURTADO ABADIA";"241800";"HOSPITALIZACIÓN DE MEDICINA MEDICINA GENERAL ";"42";"43";"249";"226";"12";"372";"0"
"2023";"10";"120808";"JUNIN";"YAULI";"SANTA ROSA DE SACCO";"ESSALUD";"II-1";"00008653";"HOSPITAL II ALBERTO HURTADO ABADIA";"240100";"HOSPITALIZACIÓN QUIRÚRGICA CIRUGÍA GENERAL ";"34";"37";"154";"154";"8";"248";"0"
"2023";"10";"120808";"JUNIN";"YAULI";"SANTA ROSA DE SACCO";"ESSALUD";"II-1";"00008653";"HOSPITAL II ALBERTO HURTADO ABADIA";"241200";"HOSPITALIZACIÓN QUIRÚRGICA TRAUMATOLOGÍA Y ORTOPEDIA ";"25";"25";"139";"137";"8";"248";"0"
"2023";"10";"120808";"JUNIN";"YAULI";"SANTA ROSA DE SACCO";"ESSALUD";"II-1";"00008653";"HOSPITAL II ALBERTO HURTADO ABADIA";"241500";"HOSPITALIZACIÓN QUIRÚRGICA GINECOLOGÍA  ";"13";"11";"32";"33";"2";"62";"0"
"2023";"10";"120808";"JUNIN";"YAULI";"SANTA ROSA DE SACCO";"ESSALUD";"II-1";"00008653";"HOSPITAL II ALBERTO HURTADO ABADIA";"241600";"HOSPITALIZACIÓN QUIRÚRGICA OBSTETRICIA   ";"27";"27";"75";"73";"5";"155";"0"
"2023";"10";"120808";"JUNIN";"YAULI";"SANTA ROSA DE SACCO";"ESSALUD";"II-1";"00008653";"HOSPITAL II ALBERTO HURTADO ABADIA";"242300";"HOSPITALIZACIÓN DE PEDIATRÍA  PEDIATRÍA  GENERAL ";"27";"26";"104";"87";"5";"155";"0"
"2023";"10";"120808";"JUNIN";"YAULI";"SANTA ROSA DE SACCO";"ESSALUD";"II-1";"00008653";"HOSPITAL II ALBERTO HURTADO ABADIA";"250304";"HOSPIT. EN UNIDAD DE CUID.INTEN.-UNIDAD DE VIGILANCIA INTENSIVA (UVI)-MEDICINA";"11";"11";"58";"59";"4";"124";"3"
"2023";"10";"150110";"LIMA";"LIMA";"COMAS";"PRIVADO";"II-E";"00025598";"CLINICA MATER PURISSIMA";"241400";"HOSPITALIZACIÓN QUIRÚRGICA GINECO - OBSTETRICIA ";"6";"6";"11";"6";"8";"248";"0"
"2023";"10";"150101";"LIMA";"LIMA";"LIMA";"PRIVADO";"II-1";"00011087";"CLINICA LA LUZ S.A.C.";"240000";"HOSPITALIZACIÓN";"90";"94";"149";"92";"15";"16";"0"
"2023";"10";"140101";"LAMBAYEQUE";"CHICLAYO";"CHICLAYO";"PRIVADO";"II-E";"00016192";"CLÍNICA CHICLAYO S.A";"240100";"HOSPITALIZACIÓN QUIRÚRGICA CIRUGÍA GENERAL ";"45";"46";"67";"66";"6";"180";"1"
"2023";"10";"140101";"LAMBAYEQUE";"CHICLAYO";"CHICLAYO";"PRIVADO";"II-E";"00016192";"CLÍNICA CHICLAYO S.A";"241000";"HOSPITALIZACIÓN QUIRÚRGICA ONCOLOGÍA QUIRÚRGICA  ";"9";"9";"16";"18";"3";"91";"0"
"2023";"10";"140101";"LAMBAYEQUE";"CHICLAYO";"CHICLAYO";"PRIVADO";"II-E";"00016192";"CLÍNICA CHICLAYO S.A";"241500";"HOSPITALIZACIÓN QUIRÚRGICA GINECOLOGÍA  ";"16";"16";"24";"19";"3";"87";"0"
"2023";"10";"110501";"ICA";"PISCO";"PISCO";"MINSA";"II-1";"00003472";"SAN JUAN DE DIOS";"240100";"HOSPITALIZACIÓN QUIRÚRGICA CIRUGÍA GENERAL ";"92";"110";"602";"517";"20";"620";"2"
"2023";"10";"110501";"ICA";"PISCO";"PISCO";"MINSA";"II-1";"00003472";"SAN JUAN DE DIOS";"241400";"HOSPITALIZACIÓN QUIRÚRGICA GINECO - OBSTETRICIA ";"256";"277";"695";"799";"31";"961";"0"
"2023";"10";"110501";"ICA";"PISCO";"PISCO";"MINSA";"II-1";"00003472";"SAN JUAN DE DIOS";"241800";"HOSPITALIZACIÓN DE MEDICINA MEDICINA GENERAL ";"92";"106";"574";"534";"21";"651";"10"
"2023";"10";"110501";"ICA";"PISCO";"PISCO";"MINSA";"II-1";"00003472";"SAN JUAN DE DIOS";"242300";"HOSPITALIZACIÓN DE PEDIATRÍA  PEDIATRÍA  GENERAL ";"79";"82";"275";"370";"14";"434";"1"
"2023";"10";"190113";"PASCO";"PASCO";"YANACANCHA";"MINSA";"II-2";"00000979";"HOSPITAL REGIONAL DR. DANIEL ALCIDES CARRION GARCIA";"240100";"HOSPITALIZACIÓN QUIRÚRGICA CIRUGÍA GENERAL ";"91";"106";"564";"549";"28";"868";"2"
"2023";"10";"190113";"PASCO";"PASCO";"YANACANCHA";"MINSA";"II-2";"00000979";"HOSPITAL REGIONAL DR. DANIEL ALCIDES CARRION GARCIA";"241400";"HOSPITALIZACIÓN QUIRÚRGICA GINECO - OBSTETRICIA ";"130";"139";"241";"232";"24";"744";"0"
"2023";"10";"190113";"PASCO";"PASCO";"YANACANCHA";"MINSA";"II-2";"00000979";"HOSPITAL REGIONAL DR. DANIEL ALCIDES CARRION GARCIA";"241800";"HOSPITALIZACIÓN DE MEDICINA MEDICINA GENERAL ";"27";"37";"168";"281";"17";"527";"2"
"2023";"10";"190113";"PASCO";"PASCO";"YANACANCHA";"MINSA";"II-2";"00000979";"HOSPITAL REGIONAL DR. DANIEL ALCIDES CARRION GARCIA";"243200";"HOSPITALIZACIÓN DE PEDIATRÍA PEDIATRIA NEONATOLOGÍA";"33";"40";"145";"138";"13";"403";"1"
"2023";"10";"190113";"PASCO";"PASCO";"YANACANCHA";"MINSA";"II-2";"00000979";"HOSPITAL REGIONAL DR. DANIEL ALCIDES CARRION GARCIA";"242500";"HOSPITALIZACIÓN-PEDIATRÍA GENERAL-";"25";"33";"142";"134";"15";"465";"0"
"2023";"10";"190113";"PASCO";"PASCO";"YANACANCHA";"MINSA";"II-2";"00000979";"HOSPITAL REGIONAL DR. DANIEL ALCIDES CARRION GARCIA";"242200";"HOSPITALIZACIÓN DE MEDICINA PSIQUIATRÍA ";"6";"11";"90";"85";"10";"310";"0"
"2023";"10";"140101";"LAMBAYEQUE";"CHICLAYO";"CHICLAYO";"PRIVADO";"II-E";"00016192";"CLÍNICA CHICLAYO S.A";"241400";"HOSPITALIZACIÓN QUIRÚRGICA GINECO - OBSTETRICIA ";"8";"8";"10";"10";"2";"61";"0"
"2023";"10";"140101";"LAMBAYEQUE";"CHICLAYO";"CHICLAYO";"PRIVADO";"II-E";"00016192";"CLÍNICA CHICLAYO S.A";"242300";"HOSPITALIZACIÓN DE PEDIATRÍA  PEDIATRÍA  GENERAL ";"8";"8";"10";"10";"2";"61";"0"
"2023";"10";"140101";"LAMBAYEQUE";"CHICLAYO";"CHICLAYO";"PRIVADO";"II-E";"00016192";"CLÍNICA CHICLAYO S.A";"241200";"HOSPITALIZACIÓN QUIRÚRGICA TRAUMATOLOGÍA Y ORTOPEDIA ";"29";"30";"46";"47";"5";"151";"0"
"2023";"10";"140101";"LAMBAYEQUE";"CHICLAYO";"CHICLAYO";"PRIVADO";"II-E";"00016192";"CLÍNICA CHICLAYO S.A";"240800";"HOSPITALIZACIÓN QUIRÚRGICA CIRUGÍA PLÁSTICA/RECONSTRUCTIVA/ REPARADORA ";"5";"5";"7";"7";"1";"32";"0"
"2023";"10";"140101";"LAMBAYEQUE";"CHICLAYO";"CHICLAYO";"PRIVADO";"II-E";"00016192";"CLÍNICA CHICLAYO S.A";"240400";"HOSPITALIZACIÓN QUIRÚRGICA CIRUGÍA DE TÓRAX Y CARDIOVASCULAR ";"2";"2";"3";"3";"1";"30";"0"
"2023";"10";"140101";"LAMBAYEQUE";"CHICLAYO";"CHICLAYO";"PRIVADO";"II-E";"00016192";"CLÍNICA CHICLAYO S.A";"241900";"HOSPITALIZACIÓN DE MEDICINA MEDICINA INTERNA ";"8";"8";"11";"12";"2";"62";"0"
"2023";"10";"140101";"LAMBAYEQUE";"CHICLAYO";"CHICLAYO";"PRIVADO";"II-E";"00016192";"CLÍNICA CHICLAYO S.A";"241300";"HOSPITALIZACIÓN QUIRÚRGICA UROLOGÍA  ";"2";"2";"3";"3";"1";"31";"0"
"2023";"10";"100102";"HUANUCO";"HUANUCO";"AMARILIS";"GOBIERNO REGIONAL";"I-4";"00000755";"PERU-COREA";"241600";"HOSPITALIZACIÓN QUIRÚRGICA OBSTETRICIA   ";"76";"91";"182";"104";"6";"156";"0"
"2023";"10";"100102";"HUANUCO";"HUANUCO";"AMARILIS";"GOBIERNO REGIONAL";"I-2";"00000763";"PUESTO DE SALUD DE LLICUA";"NE_0001";"";"NE_0001";"NE_0001";"NE_0001";"NE_0001";"NE_0001";"NE_0001";"NE_0001"
"2023";"10";"100102";"HUANUCO";"HUANUCO";"AMARILIS";"GOBIERNO REGIONAL";"I-2";"00000761";"MALCONGA";"NE_0001";"";"NE_0001";"NE_0001";"NE_0001";"NE_0001";"NE_0001";"NE_0001";"NE_0001"
"2023";"10";"100102";"HUANUCO";"HUANUCO";"AMARILIS";"GOBIERNO REGIONAL";"I-2";"00000762";"PAUCAR";"NE_0001";"";"NE_0001";"NE_0001";"NE_0001";"NE_0001";"NE_0001";"NE_0001";"NE_0001"
"2023";"10";"100102";"HUANUCO";"HUANUCO";"AMARILIS";"GOBIERNO REGIONAL";"I-3";"00027051";"CENTRO DE SALUD MENTAL COMUNITARIO PAKKARIN";"NE_0001";"";"NE_0001";"NE_0001";"NE_0001";"NE_0001";"NE_0001";"NE_0001";"NE_0001"
"2023";"10";"100102";"HUANUCO";"HUANUCO";"AMARILIS";"GOBIERNO REGIONAL";"I-2";"00000760";"LA ESPERANZA";"NE_0001";"";"NE_0001";"NE_0001";"NE_0001";"NE_0001";"NE_0001";"NE_0001";"NE_0001"
"2023";"10";"100102";"HUANUCO";"HUANUCO";"AMARILIS";"GOBIERNO REGIONAL";"I-3";"00027821";"CENTRO DE SALUD AMARILIS";"NE_0001";"";"NE_0001";"NE_0001";"NE_0001";"NE_0001";"NE_0001";"NE_0001";"NE_0001"
"2023";"02";"020105";"ANCASH";"HUARAZ";"INDEPENDENCIA";"PRIVADO";"II-1";"00012671";"CLINICA SAN PABLO SEDE HUARAZ";"240000";"HOSPITALIZACIÓN";"53";"55";"132";"170";"27";"756";"0"
"2023";"02";"020105";"ANCASH";"HUARAZ";"INDEPENDENCIA";"PRIVADO";"II-1";"00012671";"CLINICA SAN PABLO SEDE HUARAZ";"250100";"UNIDAD DE CUIDADOS CRITICOS UNIDAD  DE CUIDADOS INTENSIVOS GENERALES (UCI) ";"10";"10";"32";"43";"4";"112";"0"
"2023";"11";"240101";"TUMBES";"TUMBES";"TUMBES";"SANIDAD DE LA POLICIA NACIONAL DEL PERU";"I-3";"00012088";"POLICLINICO POLICIAL ""LA CRUZ"" TUMBES";"NE_0001";"";"NE_0001";"NE_0001";"NE_0001";"NE_0001";"NE_0001";"NE_0001";"NE_0001"
"2023";"11";"061112";"CAJAMARCA";"SAN MIGUEL";"TONGOD";"GOBIERNO REGIONAL";"I-1";"00008751";"LA CORONILLA";"NE_0001";"";"NE_0001";"NE_0001";"NE_0001";"NE_0001";"NE_0001";"NE_0001";"NE_0001"
"2023";"11";"061112";"CAJAMARCA";"SAN MIGUEL";"TONGOD";"GOBIERNO REGIONAL";"I-3";"00004607";"TONGOD";"NE_0001";"";"NE_0001";"NE_0001";"NE_0001";"NE_0001";"NE_0001";"NE_0001";"NE_0001"
"2023";"11";"170101";"MADRE DE DIOS";"TAMBOPATA";"TAMBOPATA";"GOBIERNO REGIONAL";"II-1";"00002698";"HOSPITAL SANTA ROSA";"243200";"HOSPITALIZACIÓN DE PEDIATRÍA PEDIATRIA NEONATOLOGÍA";"210";"198";"351";"210";"16";"600";"0"
"2023";"11";"170101";"MADRE DE DIOS";"TAMBOPATA";"TAMBOPATA";"GOBIERNO REGIONAL";"II-1";"00002698";"HOSPITAL SANTA ROSA";"241800";"HOSPITALIZACIÓN DE MEDICINA MEDICINA GENERAL ";"162";"142";"791";"162";"22";"1260";"0"
"2023";"11";"170101";"MADRE DE DIOS";"TAMBOPATA";"TAMBOPATA";"GOBIERNO REGIONAL";"II-1";"00002698";"HOSPITAL SANTA ROSA";"240100";"HOSPITALIZACIÓN QUIRÚRGICA CIRUGÍA GENERAL ";"138";"112";"523";"138";"22";"1020";"0"
"2023";"11";"170101";"MADRE DE DIOS";"TAMBOPATA";"TAMBOPATA";"GOBIERNO REGIONAL";"II-1";"00002698";"HOSPITAL SANTA ROSA";"241200";"HOSPITALIZACIÓN QUIRÚRGICA TRAUMATOLOGÍA Y ORTOPEDIA ";"66";"37";"209";"66";"26";"960";"0"
"2023";"11";"170101";"MADRE DE DIOS";"TAMBOPATA";"TAMBOPATA";"GOBIERNO REGIONAL";"II-1";"00002698";"HOSPITAL SANTA ROSA";"241600";"HOSPITALIZACIÓN QUIRÚRGICA OBSTETRICIA   ";"308";"300";"701";"308";"7";"930";"0"
"2023";"11";"170101";"MADRE DE DIOS";"TAMBOPATA";"TAMBOPATA";"GOBIERNO REGIONAL";"II-1";"00002698";"HOSPITAL SANTA ROSA";"242500";"HOSPITALIZACIÓN-PEDIATRÍA GENERAL-";"90";"81";"354";"90";"5";"540";"0"
"2023";"11";"170101";"MADRE DE DIOS";"TAMBOPATA";"TAMBOPATA";"GOBIERNO REGIONAL";"II-1";"00002698";"HOSPITAL SANTA ROSA";"241500";"HOSPITALIZACIÓN QUIRÚRGICA GINECOLOGÍA  ";"9";"9";"45";"9";"21";"180";"0"
"2023";"11";"170101";"MADRE DE DIOS";"TAMBOPATA";"TAMBOPATA";"GOBIERNO REGIONAL";"II-1";"00002698";"HOSPITAL SANTA ROSA";"250105";"UNIDAD DE CUIDADOS CRITICOS UNIDAD  DE CUIDADOS INTENSIVOS  (UCI) NEONATOLOGÍA";"6";"4";"15";"6";"4";"120";"0"
"2023";"11";"170101";"MADRE DE DIOS";"TAMBOPATA";"TAMBOPATA";"GOBIERNO REGIONAL";"II-1";"00002698";"HOSPITAL SANTA ROSA";"250200";"UNIDAD DE CUIDADOS CRITICOS UNIDAD DE CUIDADOS INTERMEDIOS GENERAL  (UCIN) ";"7";"4";"26";"7";"3";"150";"0"
"2023";"11";"150113";"LIMA";"LIMA";"JESUS MARIA";"PRIVADO";"II-E";"00015716";"CLÍNICA VISTA";"NE_0001";"";"NE_0001";"NE_0001";"NE_0001";"NE_0001";"NE_0001";"NE_0001";"NE_0001"
"2023";"11";"150113";"LIMA";"LIMA";"JESUS MARIA";"PRIVADO";"I-3";"00010439";"CENTRO CLINICO JESUS MARIA";"NE_0002";"";"NE_0002";"NE_0002";"NE_0002";"NE_0002";"NE_0002";"NE_0002";"NE_0002"
"2023";"11";"022005";"ANCASH";"YUNGAY";"QUILLO";"GOBIERNO REGIONAL";"I-4";"00001738";"CENTRO DE SALUD QUILLO";"NE_0001";"";"NE_0001";"NE_0001";"NE_0001";"NE_0001";"NE_0001";"NE_0001";"NE_0001"
"2023";"11";"021103";"ANCASH";"HUARMEY";"CULEBRAS";"GOBIERNO REGIONAL";"I-2";"00001746";"PUESTO DE SALUD QUIAN";"NE_0001";"";"NE_0001";"NE_0001";"NE_0001";"NE_0001";"NE_0001";"NE_0001";"NE_0001"
"2023";"11";"020104";"ANCASH";"HUARAZ";"HUANCHAY";"GOBIERNO REGIONAL";"I-1";"00001747";"PUESTO DE SALUD RAYPA";"NE_0001";"";"NE_0001";"NE_0001";"NE_0001";"NE_0001";"NE_0001";"NE_0001";"NE_0001"
"2023";"11";"021802";"ANCASH";"SANTA";"CACERES DEL PERU";"GOBIERNO REGIONAL";"I-2";"00001710";"PUESTO DE SALUD COLCAP";"NE_0001";"";"NE_0001";"NE_0001";"NE_0001";"NE_0001";"NE_0001";"NE_0001";"NE_0001"
"2023";"11";"021807";"ANCASH";"SANTA";"SAMANCO";"GOBIERNO REGIONAL";"I-1";"00001713";"PUESTO DE SALUD HUAMBACHO";"NE_0001";"";"NE_0001";"NE_0001";"NE_0001";"NE_0001";"NE_0001";"NE_0001";"NE_0001"
"2023";"11";"020802";"ANCASH";"CASMA";"BUENA VISTA ALTA";"GOBIERNO REGIONAL";"I-2";"00001725";"PUESTO DE SALUD EL OLIVAR";"NE_0001";"";"NE_0001";"NE_0001";"NE_0001";"NE_0001";"NE_0001";"NE_0001";"NE_0001"
"2023";"11";"020803";"ANCASH";"CASMA";"COMANDANTE NOEL";"GOBIERNO REGIONAL";"I-1";"00001727";"PUESTO DE SALUD TORTUGAS";"NE_0001";"";"NE_0001";"NE_0001";"NE_0001";"NE_0001";"NE_0001";"NE_0001";"NE_0001"
"2023";"09";"150110";"LIMA";"LIMA";"COMAS";"PRIVADO";"II-1";"00008519";"CLINICA UNIVERSITARIA";"240000";"HOSPITALIZACIÓN";"264";"225";"364";"285";"25";"384";"0"
"2023";"09";"060501";"CAJAMARCA";"CONTUMAZA";"CONTUMAZA";"GOBIERNO REGIONAL";"I-1";"00004632";"CORRALES DE CHANTA";"NE_0001";"";"NE_0001";"NE_0001";"NE_0001";"NE_0001";"NE_0001";"NE_0001";"NE_0001"
"2023";"09";"060502";"CAJAMARCA";"CONTUMAZA";"CHILETE";"GOBIERNO REGIONAL";"I-4";"00004538";"DE APOYO CHILETE";"240000";"HOSPITALIZACIÓN";"14";"15";"46";"49";"9";"299";"0"
"2023";"09";"060507";"CAJAMARCA";"CONTUMAZA";"TANTARICA";"GOBIERNO REGIONAL";"I-2";"00004544";"CATÁN - TANTARICA";"NE_0001";"";"NE_0001";"NE_0001";"NE_0001";"NE_0001";"NE_0001";"NE_0001";"NE_0001"
"2023";"09";"060501";"CAJAMARCA";"CONTUMAZA";"CONTUMAZA";"GOBIERNO REGIONAL";"I-1";"00004622";"CATUDEN";"NE_0001";"";"NE_0001";"NE_0001";"NE_0001";"NE_0001";"NE_0001";"NE_0001";"NE_0001"
"2023";"04";"150103";"LIMA";"LIMA";"ATE";"MINSA";"II-E";"00028025";"HOSPITAL EMERGENCIA ATE VITARTE";"241900";"HOSPITALIZACIÓN DE MEDICINA MEDICINA INTERNA ";"45";"44";"437";"384";"40";"1200";"2"
"2023";"04";"150103";"LIMA";"LIMA";"ATE";"MINSA";"II-E";"00028025";"HOSPITAL EMERGENCIA ATE VITARTE";"242300";"HOSPITALIZACIÓN DE PEDIATRÍA  PEDIATRÍA  GENERAL ";"16";"12";"52";"117";"22";"660";"0"
"2023";"04";"150103";"LIMA";"LIMA";"ATE";"MINSA";"II-E";"00028025";"HOSPITAL EMERGENCIA ATE VITARTE";"240100";"HOSPITALIZACIÓN QUIRÚRGICA CIRUGÍA GENERAL ";"34";"37";"335";"225";"29";"870";"0"
"2023";"05";"150103";"LIMA";"LIMA";"ATE";"MINSA";"II-E";"00028025";"HOSPITAL EMERGENCIA ATE VITARTE";"241900";"HOSPITALIZACIÓN DE MEDICINA MEDICINA INTERNA ";"52";"41";"376";"425";"40";"1240";"2"
"2023";"05";"150103";"LIMA";"LIMA";"ATE";"MINSA";"II-E";"00028025";"HOSPITAL EMERGENCIA ATE VITARTE";"242300";"HOSPITALIZACIÓN DE PEDIATRÍA  PEDIATRÍA  GENERAL ";"9";"10";"67";"58";"22";"682";"0"
"2023";"05";"150103";"LIMA";"LIMA";"ATE";"MINSA";"II-E";"00028025";"HOSPITAL EMERGENCIA ATE VITARTE";"240100";"HOSPITALIZACIÓN QUIRÚRGICA CIRUGÍA GENERAL ";"43";"31";"127";"220";"29";"899";"0"
"2023";"06";"150103";"LIMA";"LIMA";"ATE";"MINSA";"II-E";"00028025";"HOSPITAL EMERGENCIA ATE VITARTE";"241900";"HOSPITALIZACIÓN DE MEDICINA MEDICINA INTERNA ";"40";"44";"295";"301";"40";"1200";"8"
"2023";"06";"150103";"LIMA";"LIMA";"ATE";"MINSA";"II-E";"00028025";"HOSPITAL EMERGENCIA ATE VITARTE";"242300";"HOSPITALIZACIÓN DE PEDIATRÍA  PEDIATRÍA  GENERAL ";"13";"10";"48";"79";"22";"660";"0"
"2023";"06";"150103";"LIMA";"LIMA";"ATE";"MINSA";"II-E";"00028025";"HOSPITAL EMERGENCIA ATE VITARTE";"240100";"HOSPITALIZACIÓN QUIRÚRGICA CIRUGÍA GENERAL ";"45";"49";"617";"420";"29";"870";"1"
"2023";"09";"130101";"LA LIBERTAD";"TRUJILLO";"TRUJILLO";"PRIVADO";"I-4";"00013371";"FARMEDICA SAC";"NE_0001";"";"NE_0001";"NE_0001";"NE_0001";"NE_0001";"NE_0001";"NE_0001";"NE_0001"
"2023";"08";"250101";"UCAYALI";"CORONEL PORTILLO";"CALLERIA";"PRIVADO";"II-1";"00026079";"CLINICA JUAN PABLO II";"240000";"HOSPITALIZACIÓN";"21";"19";"57";"59";"4";"127";"0"
"2023";"08";"250101";"UCAYALI";"CORONEL PORTILLO";"CALLERIA";"PRIVADO";"II-1";"00026079";"CLINICA JUAN PABLO II";"241400";"HOSPITALIZACIÓN QUIRÚRGICA GINECO - OBSTETRICIA ";"10";"12";"20";"18";"2";"62";"0"
"2023";"08";"250101";"UCAYALI";"CORONEL PORTILLO";"CALLERIA";"PRIVADO";"II-1";"00026079";"CLINICA JUAN PABLO II";"241800";"HOSPITALIZACIÓN DE MEDICINA MEDICINA GENERAL ";"7";"5";"10";"12";"2";"59";"0"
"2023";"08";"250101";"UCAYALI";"CORONEL PORTILLO";"CALLERIA";"PRIVADO";"II-1";"00026079";"CLINICA JUAN PABLO II";"242500";"HOSPITALIZACIÓN-PEDIATRÍA GENERAL-";"8";"9";"25";"24";"2";"62";"0"
"2023";"10";"150140";"LIMA";"LIMA";"SANTIAGO DE SURCO";"PRIVADO";"I-2";"00010498";"ILA";"NE_0002";"";"NE_0002";"NE_0002";"NE_0002";"NE_0002";"NE_0002";"NE_0002";"NE_0002"
"2023";"10";"040126";"AREQUIPA";"AREQUIPA";"YANAHUARA";"PRIVADO";"II-E";"00018935";"CEFERGIN";"241400";"HOSPITALIZACIÓN QUIRÚRGICA GINECO - OBSTETRICIA ";"1";"1";"1";"1";"2";"61";"0"
"2023";"10";"150125";"LIMA";"LIMA";"PUENTE PIEDRA";"PRIVADO";"II-E";"00016353";"CLINICA MONTELUZ";"241400";"HOSPITALIZACIÓN QUIRÚRGICA GINECO - OBSTETRICIA ";"83";"83";"141";"145";"12";"372";"0"
"2023";"10";"150125";"LIMA";"LIMA";"PUENTE PIEDRA";"PRIVADO";"II-E";"00016353";"CLINICA MONTELUZ";"240100";"HOSPITALIZACIÓN QUIRÚRGICA CIRUGÍA GENERAL ";"109";"106";"156";"151";"10";"300";"0"
"2023";"10";"220901";"SAN MARTIN";"SAN MARTIN";"TARAPOTO";"ESSALUD";"I-2";"00027727";"CENTRO DE ATENCIÓN PRIMARIA METROPOLITANO - ESSALUD";"NE_0001";"";"NE_0001";"NE_0001";"NE_0001";"NE_0001";"NE_0001";"NE_0001";"NE_0001"
"2023";"10";"051005";"AYACUCHO";"VICTOR FAJARDO";"CANARIA";"GOBIERNO REGIONAL";"I-1";"00003825";"PUESTO DE SALUD RACCAYA";"NE_0001";"";"NE_0001";"NE_0001";"NE_0001";"NE_0001";"NE_0001";"NE_0001";"NE_0001"
"2023";"10";"051005";"AYACUCHO";"VICTOR FAJARDO";"CANARIA";"GOBIERNO REGIONAL";"I-1";"00003827";"PUESTO DE SALUD UMASI";"NE_0001";"";"NE_0001";"NE_0001";"NE_0001";"NE_0001";"NE_0001";"NE_0001";"NE_0001"
"2023";"10";"051009";"AYACUCHO";"VICTOR FAJARDO";"HUANCARAYLLA";"GOBIERNO REGIONAL";"I-1";"00003837";"PUESTO DE SALUD CIRCAMARCA";"NE_0001";"";"NE_0001";"NE_0001";"NE_0001";"NE_0001";"NE_0001";"NE_0001";"NE_0001"
"2023";"10";"051004";"AYACUCHO";"VICTOR FAJARDO";"ASQUIPATA";"GOBIERNO REGIONAL";"I-1";"00003822";"PUESTO DE SALUD CHIHUIRE";"NE_0001";"";"NE_0001";"NE_0001";"NE_0001";"NE_0001";"NE_0001";"NE_0001";"NE_0001"
"2023";"10";"051010";"AYACUCHO";"VICTOR FAJARDO";"HUALLA";"GOBIERNO REGIONAL";"I-3";"00003829";"CENTRO DE SALUD HUALLA";"NE_0002";"";"NE_0002";"NE_0002";"NE_0002";"NE_0002";"NE_0002";"NE_0002";"NE_0002"
"2023";"10";"051010";"AYACUCHO";"VICTOR FAJARDO";"HUALLA";"GOBIERNO REGIONAL";"I-1";"00003830";"PUESTO DE SALUD TIQUIHUA";"NE_0001";"";"NE_0001";"NE_0001";"NE_0001";"NE_0001";"NE_0001";"NE_0001";"NE_0001"
"2023";"10";"051009";"AYACUCHO";"VICTOR FAJARDO";"HUANCARAYLLA";"GOBIERNO REGIONAL";"I-2";"00003838";"PUESTO DE SALUD HUANCARAYLLA";"NE_0001";"";"NE_0001";"NE_0001";"NE_0001";"NE_0001";"NE_0001";"NE_0001";"NE_0001"
"2023";"10";"051003";"AYACUCHO";"VICTOR FAJARDO";"APONGO";"GOBIERNO REGIONAL";"I-1";"00003819";"APONGO";"NE_0001";"";"NE_0001";"NE_0001";"NE_0001";"NE_0001";"NE_0001";"NE_0001";"NE_0001"
"2023";"10";"051005";"AYACUCHO";"VICTOR FAJARDO";"CANARIA";"GOBIERNO REGIONAL";"I-2";"00003826";"PUESTO DE SALUD TACA";"NE_0001";"";"NE_0001";"NE_0001";"NE_0001";"NE_0001";"NE_0001";"NE_0001";"NE_0001"
"2023";"10";"051008";"AYACUCHO";"VICTOR FAJARDO";"HUAMANQUIQUIA";"GOBIERNO REGIONAL";"I-2";"00003831";"PUESTO DE SALUD HUAMANQUIQUIA";"NE_0001";"";"NE_0001";"NE_0001";"NE_0001";"NE_0001";"NE_0001";"NE_0001";"NE_0001"
"2023";"10";"051108";"AYACUCHO";"VILCAS HUAMAN";"VISCHONGO";"GOBIERNO REGIONAL";"I-1";"00003840";"PUESTO DE SALUD UMARO";"NE_0001";"";"NE_0001";"NE_0001";"NE_0001";"NE_0001";"NE_0001";"NE_0001";"NE_0001"
"2023";"10";"051004";"AYACUCHO";"VICTOR FAJARDO";"ASQUIPATA";"GOBIERNO REGIONAL";"I-1";"00003821";"PUESTO DE SALUD ASQUIPATA";"NE_0001";"";"NE_0001";"NE_0001";"NE_0001";"NE_0001";"NE_0001";"NE_0001";"NE_0001"
"2023";"10";"051004";"AYACUCHO";"VICTOR FAJARDO";"ASQUIPATA";"GOBIERNO REGIONAL";"I-1";"00003823";"PUESTO DE SALUD MORCOLLA CHICO";"NE_0001";"";"NE_0001";"NE_0001";"NE_0001";"NE_0001";"NE_0001";"NE_0001";"NE_0001"
"2023";"10";"051001";"AYACUCHO";"VICTOR FAJARDO";"HUANCAPI";"GOBIERNO REGIONAL";"I-4";"00003834";"CENTRO DE SALUD HUANCAPI";"241600";"HOSPITALIZACIÓN QUIRÚRGICA OBSTETRICIA   ";"3";"3";"8";"3";"3";"8";"0"
"2023";"10";"051001";"AYACUCHO";"VICTOR FAJARDO";"HUANCAPI";"GOBIERNO REGIONAL";"I-4";"00003834";"CENTRO DE SALUD HUANCAPI";"241800";"HOSPITALIZACIÓN DE MEDICINA MEDICINA GENERAL ";"3";"3";"6";"3";"3";"8";"0"
"2023";"10";"051009";"AYACUCHO";"VICTOR FAJARDO";"HUANCARAYLLA";"GOBIERNO REGIONAL";"I-1";"00003839";"PUESTO DE SALUD LLUSITA";"NE_0001";"";"NE_0001";"NE_0001";"NE_0001";"NE_0001";"NE_0001";"NE_0001";"NE_0001"
"2023";"10";"051005";"AYACUCHO";"VICTOR FAJARDO";"CANARIA";"GOBIERNO REGIONAL";"I-3";"00003824";"CENTRO DE SALUD CANARIA";"241600";"HOSPITALIZACIÓN QUIRÚRGICA OBSTETRICIA   ";"1";"1";"2";"1";"1";"4";"0"
"2023";"10";"051006";"AYACUCHO";"VICTOR FAJARDO";"CAYARA";"GOBIERNO REGIONAL";"I-2";"00003828";"PUESTO DE SALUD CAYARA";"NE_0001";"";"NE_0001";"NE_0001";"NE_0001";"NE_0001";"NE_0001";"NE_0001";"NE_0001"
"2023";"10";"051007";"AYACUCHO";"VICTOR FAJARDO";"COLCA";"GOBIERNO REGIONAL";"I-1";"00003835";"PUESTO DE SALUD COLCA";"NE_0001";"";"NE_0001";"NE_0001";"NE_0001";"NE_0001";"NE_0001";"NE_0001";"NE_0001"
"2023";"10";"110201";"ICA";"CHINCHA";"CHINCHA ALTA";"PRIVADO";"II-1";"00020979";"CLINICA DE LOS VASQUEZ S.A.C.";"240000";"HOSPITALIZACIÓN";"51";"52";"140";"55";"19";"589";"0"
"2023";"10";"081003";"CUSCO";"PARURO";"CCAPI";"GOBIERNO REGIONAL";"I-2";"00002501";"CCAPI";"NE_0002";"";"NE_0002";"NE_0002";"NE_0002";"NE_0002";"NE_0002";"NE_0002";"NE_0002"
"2023";"10";"081003";"CUSCO";"PARURO";"CCAPI";"GOBIERNO REGIONAL";"I-2";"00002502";"CCOYABAMBA";"NE_0002";"";"NE_0002";"NE_0002";"NE_0002";"NE_0002";"NE_0002";"NE_0002";"NE_0002"
"2023";"10";"081005";"CUSCO";"PARURO";"HUANOQUITE";"GOBIERNO REGIONAL";"I-2";"00002504";"HUANOQUITE";"NE_0002";"";"NE_0002";"NE_0002";"NE_0002";"NE_0002";"NE_0002";"NE_0002";"NE_0002"
"2023";"10";"081004";"CUSCO";"PARURO";"COLCHA";"GOBIERNO REGIONAL";"I-1";"00006978";"CCOCHIRIHUAY";"NE_0002";"";"NE_0002";"NE_0002";"NE_0002";"NE_0002";"NE_0002";"NE_0002";"NE_0002"
"2023";"10";"081006";"CUSCO";"PARURO";"OMACHA";"GOBIERNO REGIONAL";"I-2";"00002506";"ANTAPALLPA";"NE_0002";"";"NE_0002";"NE_0002";"NE_0002";"NE_0002";"NE_0002";"NE_0002";"NE_0002"
"2023";"10";"081007";"CUSCO";"PARURO";"PACCARITAMBO";"GOBIERNO REGIONAL";"I-2";"00002507";"PACCARECTAMBO";"NE_0002";"";"NE_0002";"NE_0002";"NE_0002";"NE_0002";"NE_0002";"NE_0002";"NE_0002"
"2023";"10";"081006";"CUSCO";"PARURO";"OMACHA";"GOBIERNO REGIONAL";"I-1";"00012924";"SAHUA SAHUA";"NE_0002";"";"NE_0002";"NE_0002";"NE_0002";"NE_0002";"NE_0002";"NE_0002";"NE_0002"
"2023";"10";"081009";"CUSCO";"PARURO";"YAURISQUE";"GOBIERNO REGIONAL";"I-3";"00002509";"YAURISQUE";"NE_0002";"";"NE_0002";"NE_0002";"NE_0002";"NE_0002";"NE_0002";"NE_0002";"NE_0002"
"2023";"10";"130901";"LA LIBERTAD";"SANCHEZ CARRION";"HUAMACHUCO";"GOBIERNO REGIONAL";"II-1";"00005349";"HOSPITAL DE APOYO LEONCIO PRADO";"240100";"HOSPITALIZACIÓN QUIRÚRGICA CIRUGÍA GENERAL ";"21";"24";"61";"55";"5";"155";"0"
"2023";"10";"130901";"LA LIBERTAD";"SANCHEZ CARRION";"HUAMACHUCO";"GOBIERNO REGIONAL";"II-1";"00005349";"HOSPITAL DE APOYO LEONCIO PRADO";"241500";"HOSPITALIZACIÓN QUIRÚRGICA GINECOLOGÍA  ";"3";"3";"9";"9";"1";"31";"0"
"2023";"10";"130901";"LA LIBERTAD";"SANCHEZ CARRION";"HUAMACHUCO";"GOBIERNO REGIONAL";"II-1";"00005349";"HOSPITAL DE APOYO LEONCIO PRADO";"241600";"HOSPITALIZACIÓN QUIRÚRGICA OBSTETRICIA   ";"214";"224";"374";"373";"16";"496";"0"
"2023";"10";"130901";"LA LIBERTAD";"SANCHEZ CARRION";"HUAMACHUCO";"GOBIERNO REGIONAL";"II-1";"00005349";"HOSPITAL DE APOYO LEONCIO PRADO";"241800";"HOSPITALIZACIÓN DE MEDICINA MEDICINA GENERAL ";"41";"42";"164";"170";"6";"186";"1"
"2023";"10";"130901";"LA LIBERTAD";"SANCHEZ CARRION";"HUAMACHUCO";"GOBIERNO REGIONAL";"II-1";"00005349";"HOSPITAL DE APOYO LEONCIO PRADO";"242500";"HOSPITALIZACIÓN-PEDIATRÍA GENERAL-";"39";"44";"142";"151";"7";"217";"0"
"2023";"10";"040206";"AREQUIPA";"CAMANA";"OCOÑA";"GOBIERNO REGIONAL";"I-3";"00001348";"CENTRO DE SALUD OCOÑA";"NE_0001";"";"NE_0001";"NE_0001";"NE_0001";"NE_0001";"NE_0001";"NE_0001";"NE_0001"
"2023";"10";"040206";"AREQUIPA";"CAMANA";"OCOÑA";"GOBIERNO REGIONAL";"I-2";"00001363";"LA PLANCHADA";"NE_0001";"";"NE_0001";"NE_0001";"NE_0001";"NE_0001";"NE_0001";"NE_0001";"NE_0001"
"2023";"10";"040206";"AREQUIPA";"CAMANA";"OCOÑA";"GOBIERNO REGIONAL";"I-1";"00001364";"PESCADORES";"NE_0001";"";"NE_0001";"NE_0001";"NE_0001";"NE_0001";"NE_0001";"NE_0001";"NE_0001"
"2023";"10";"040203";"AREQUIPA";"CAMANA";"MARIANO NICOLAS VALCARCEL";"GOBIERNO REGIONAL";"I-2";"00001366";"LA EUGENIA";"NE_0001";"";"NE_0001";"NE_0001";"NE_0001";"NE_0001";"NE_0001";"NE_0001";"NE_0001"
"2023";"10";"061204";"CAJAMARCA";"SAN PABLO";"TUMBADEN";"GOBIERNO REGIONAL";"I-2";"00004583";"TUMBADEN BAJO";"NE_0001";"";"NE_0001";"NE_0001";"NE_0001";"NE_0001";"NE_0001";"NE_0001";"NE_0001"
"2023";"10";"061202";"CAJAMARCA";"SAN PABLO";"SAN BERNARDINO";"GOBIERNO REGIONAL";"I-1";"00004579";"POLAN";"NE_0001";"";"NE_0001";"NE_0001";"NE_0001";"NE_0001";"NE_0001";"NE_0001";"NE_0001"
"2023";"10";"150142";"LIMA";"LIMA";"VILLA EL SALVADOR";"PRIVADO";"II-E";"00024178";"CLINIC NOVASALUD";"241400";"HOSPITALIZACIÓN QUIRÚRGICA GINECO - OBSTETRICIA ";"14";"14";"14";"14";"6";"90";"0"
"2023";"10";"150142";"LIMA";"LIMA";"VILLA EL SALVADOR";"PRIVADO";"II-E";"00024178";"CLINIC NOVASALUD";"241500";"HOSPITALIZACIÓN QUIRÚRGICA GINECOLOGÍA  ";"11";"17";"11";"17";"1";"30";"0"
"2023";"10";"080108";"CUSCO";"CUSCO";"WANCHAQ";"PRIVADO";"II-E";"00011338";"PARDO";"240100";"HOSPITALIZACIÓN QUIRÚRGICA CIRUGÍA GENERAL ";"18";"18";"63";"18";"33";"999";"0"
"2023";"10";"080108";"CUSCO";"CUSCO";"WANCHAQ";"PRIVADO";"II-E";"00011338";"PARDO";"240801";"HOSPITALIZACIÓN QUIRÚRGICA CIRUGÍA PLÁSTICA/RECONSTRUCTIVA/ REPARADORA QUEMADOS";"1";"1";"3";"1";"33";"999";"0"
"2023";"10";"080108";"CUSCO";"CUSCO";"WANCHAQ";"PRIVADO";"II-E";"00011338";"PARDO";"240900";"HOSPITALIZACIÓN QUIRÚRGICA NEUROCIRUGÍA ";"18";"18";"80";"19";"33";"999";"0"
"2023";"10";"080108";"CUSCO";"CUSCO";"WANCHAQ";"PRIVADO";"II-E";"00011338";"PARDO";"241000";"HOSPITALIZACIÓN QUIRÚRGICA ONCOLOGÍA QUIRÚRGICA  ";"3";"3";"10";"3";"33";"999";"0"
"2023";"10";"080108";"CUSCO";"CUSCO";"WANCHAQ";"PRIVADO";"II-E";"00011338";"PARDO";"241200";"HOSPITALIZACIÓN QUIRÚRGICA TRAUMATOLOGÍA Y ORTOPEDIA ";"25";"27";"109";"31";"33";"999";"0"
"2023";"10";"080108";"CUSCO";"CUSCO";"WANCHAQ";"PRIVADO";"II-E";"00011338";"PARDO";"241300";"HOSPITALIZACIÓN QUIRÚRGICA UROLOGÍA  ";"5";"5";"19";"5";"33";"999";"0"
"2023";"10";"080108";"CUSCO";"CUSCO";"WANCHAQ";"PRIVADO";"II-E";"00011338";"PARDO";"241400";"HOSPITALIZACIÓN QUIRÚRGICA GINECO - OBSTETRICIA ";"26";"26";"87";"26";"33";"999";"0"
"2023";"10";"080108";"CUSCO";"CUSCO";"WANCHAQ";"PRIVADO";"II-E";"00011338";"PARDO";"241900";"HOSPITALIZACIÓN DE MEDICINA MEDICINA INTERNA ";"11";"14";"37";"13";"33";"999";"0"
"2023";"10";"080108";"CUSCO";"CUSCO";"WANCHAQ";"PRIVADO";"II-E";"00011338";"PARDO";"244300";"HOSPITALIZACIÓN DE MEDICINA GASTROENTEROLOGÍA  ";"2";"2";"7";"2";"33";"999";"0"
"2023";"10";"080108";"CUSCO";"CUSCO";"WANCHAQ";"PRIVADO";"II-E";"00011338";"PARDO";"244700";"HOSPITALIZACIÓN DE MEDICINA NEUROLOGIA  ";"3";"3";"8";"3";"33";"999";"0"
"2023";"10";"080108";"CUSCO";"CUSCO";"WANCHAQ";"PRIVADO";"II-E";"00011338";"PARDO";"250100";"UNIDAD DE CUIDADOS CRITICOS UNIDAD  DE CUIDADOS INTENSIVOS GENERALES (UCI) ";"14";"8";"40";"14";"33";"999";"3"
"2023";"10";"120608";"JUNIN";"SATIPO";"RIO TAMBO";"GOBIERNO REGIONAL";"I-3";"00000473";"SAN VICENTE DE CANAAN";"NE_0001";"";"NE_0001";"NE_0001";"NE_0001";"NE_0001";"NE_0001";"NE_0001";"NE_0001"
"2023";"10";"040126";"AREQUIPA";"AREQUIPA";"YANAHUARA";"PRIVADO";"II-E";"00021966";"CLINICA ALIVIARI";"NE_0001";"";"NE_0001";"NE_0001";"NE_0001";"NE_0001";"NE_0001";"NE_0001";"NE_0001"
"2023";"10";"080105";"CUSCO";"CUSCO";"SAN SEBASTIAN";"PRIVADO";"II-E";"00024584";"VIRGEN GUADALUPE CUSCO";"240100";"HOSPITALIZACIÓN QUIRÚRGICA CIRUGÍA GENERAL ";"65";"65";"65";"65";"65";"67";"0"
"2023";"10";"080105";"CUSCO";"CUSCO";"SAN SEBASTIAN";"PRIVADO";"II-E";"00024584";"VIRGEN GUADALUPE CUSCO";"241800";"HOSPITALIZACIÓN DE MEDICINA MEDICINA GENERAL ";"3";"3";"3";"3";"3";"6";"0"
"2023";"03";"240101";"TUMBES";"TUMBES";"TUMBES";"ESSALUD";"II-1";"00012272";"CARLOS ALBERTO CORTEZ JIMENEZ";"240100";"HOSPITALIZACIÓN QUIRÚRGICA CIRUGÍA GENERAL ";"66";"67";"198";"171";"6";"186";"0"
"2023";"03";"240101";"TUMBES";"TUMBES";"TUMBES";"ESSALUD";"II-1";"00012272";"CARLOS ALBERTO CORTEZ JIMENEZ";"241400";"HOSPITALIZACIÓN QUIRÚRGICA GINECO - OBSTETRICIA ";"33";"51";"126";"119";"8";"248";"0"
"2023";"03";"240101";"TUMBES";"TUMBES";"TUMBES";"ESSALUD";"II-1";"00012272";"CARLOS ALBERTO CORTEZ JIMENEZ";"241800";"HOSPITALIZACIÓN DE MEDICINA MEDICINA GENERAL ";"3";"2";"9";"9";"9";"279";"0"
"2023";"03";"240101";"TUMBES";"TUMBES";"TUMBES";"ESSALUD";"II-1";"00012272";"CARLOS ALBERTO CORTEZ JIMENEZ";"250103";"UNIDAD DE CUIDADOS CRITICOS UNIDAD  DE CUIDADOS INTENSIVOS GENERALES  (UCI) MEDICINA";"8";"2";"46";"7";"4";"124";"1"
"2023";"03";"240101";"TUMBES";"TUMBES";"TUMBES";"ESSALUD";"II-1";"00012272";"CARLOS ALBERTO CORTEZ JIMENEZ";"241900";"HOSPITALIZACIÓN DE MEDICINA MEDICINA INTERNA ";"41";"48";"450";"400";"13";"403";"3"
"2023";"03";"240101";"TUMBES";"TUMBES";"TUMBES";"ESSALUD";"II-1";"00012272";"CARLOS ALBERTO CORTEZ JIMENEZ";"241600";"HOSPITALIZACIÓN QUIRÚRGICA OBSTETRICIA   ";"114";"93";"262";"164";"11";"341";"0"
"2023";"03";"240101";"TUMBES";"TUMBES";"TUMBES";"ESSALUD";"II-1";"00012272";"CARLOS ALBERTO CORTEZ JIMENEZ";"241200";"HOSPITALIZACIÓN QUIRÚRGICA TRAUMATOLOGÍA Y ORTOPEDIA ";"1";"1";"2";"2";"1";"31";"0"
"2023";"03";"240101";"TUMBES";"TUMBES";"TUMBES";"ESSALUD";"II-1";"00012272";"CARLOS ALBERTO CORTEZ JIMENEZ";"242300";"HOSPITALIZACIÓN DE PEDIATRÍA  PEDIATRÍA  GENERAL ";"110";"105";"259";"247";"8";"248";"0"
"2023";"02";"240101";"TUMBES";"TUMBES";"TUMBES";"ESSALUD";"II-1";"00012272";"CARLOS ALBERTO CORTEZ JIMENEZ";"240100";"HOSPITALIZACIÓN QUIRÚRGICA CIRUGÍA GENERAL ";"42";"47";"140";"125";"6";"168";"0"
"2023";"02";"240101";"TUMBES";"TUMBES";"TUMBES";"ESSALUD";"II-1";"00012272";"CARLOS ALBERTO CORTEZ JIMENEZ";"241000";"HOSPITALIZACIÓN QUIRÚRGICA ONCOLOGÍA QUIRÚRGICA  ";"4";"4";"13";"13";"1";"28";"0"
"2023";"02";"240101";"TUMBES";"TUMBES";"TUMBES";"ESSALUD";"II-1";"00012272";"CARLOS ALBERTO CORTEZ JIMENEZ";"241400";"HOSPITALIZACIÓN QUIRÚRGICA GINECO - OBSTETRICIA ";"25";"24";"67";"64";"8";"224";"0"
"2023";"02";"240101";"TUMBES";"TUMBES";"TUMBES";"ESSALUD";"II-1";"00012272";"CARLOS ALBERTO CORTEZ JIMENEZ";"241800";"HOSPITALIZACIÓN DE MEDICINA MEDICINA GENERAL ";"4";"8";"132";"42";"10";"280";"2"
"2023";"02";"240101";"TUMBES";"TUMBES";"TUMBES";"ESSALUD";"II-1";"00012272";"CARLOS ALBERTO CORTEZ JIMENEZ";"250103";"UNIDAD DE CUIDADOS CRITICOS UNIDAD  DE CUIDADOS INTENSIVOS GENERALES  (UCI) MEDICINA";"10";"3";"10";"3";"4";"112";"2"
"2023";"09";"190201";"PASCO";"DANIEL ALCIDES CARRION";"YANAHUANCA";"ESSALUD";"I-3";"00009760";"CENTRO MEDICO DE YANAHUANCA";"NE_0001";"";"NE_0001";"NE_0001";"NE_0001";"NE_0001";"NE_0001";"NE_0001";"NE_0001"
"2023";"09";"080805";"CUSCO";"ESPINAR";"PALLPATA";"GOBIERNO REGIONAL";"I-3";"00002416";"PALLPATA";"NE_0001";"";"NE_0001";"NE_0001";"NE_0001";"NE_0001";"NE_0001";"NE_0001";"NE_0001"
"2023";"09";"080803";"CUSCO";"ESPINAR";"COPORAQUE";"GOBIERNO REGIONAL";"I-2";"00002412";"COPORAQUE";"NE_0001";"";"NE_0001";"NE_0001";"NE_0001";"NE_0001";"NE_0001";"NE_0001";"NE_0001"
"2023";"09";"080808";"CUSCO";"ESPINAR";"ALTO PICHIGUA";"GOBIERNO REGIONAL";"I-2";"00002420";"ACCOCUNCA";"NE_0001";"";"NE_0001";"NE_0001";"NE_0001";"NE_0001";"NE_0001";"NE_0001";"NE_0001"
"2023";"09";"080801";"CUSCO";"ESPINAR";"ESPINAR";"GOBIERNO REGIONAL";"I-1";"00006745";"TINTAYA MARQUIRI";"NE_0001";"";"NE_0001";"NE_0001";"NE_0001";"NE_0001";"NE_0001";"NE_0001";"NE_0001"
"2023";"09";"080801";"CUSCO";"ESPINAR";"ESPINAR";"GOBIERNO REGIONAL";"I-4";"00002410";"YAURI";"NE_0001";"";"NE_0001";"NE_0001";"NE_0001";"NE_0001";"NE_0001";"NE_0001";"NE_0001"
"2023";"09";"080806";"CUSCO";"ESPINAR";"PICHIGUA";"GOBIERNO REGIONAL";"I-1";"00002418";"SAN MIGUEL";"NE_0001";"";"NE_0001";"NE_0001";"NE_0001";"NE_0001";"NE_0001";"NE_0001";"NE_0001"
"2023";"09";"080804";"CUSCO";"ESPINAR";"OCORURO";"GOBIERNO REGIONAL";"I-2";"00002415";"OCCORURO";"NE_0001";"";"NE_0001";"NE_0001";"NE_0001";"NE_0001";"NE_0001";"NE_0001";"NE_0001"
"2023";"09";"080806";"CUSCO";"ESPINAR";"PICHIGUA";"GOBIERNO REGIONAL";"I-2";"00002417";"PICHIGUA ESPINAR";"NE_0001";"";"NE_0001";"NE_0001";"NE_0001";"NE_0001";"NE_0001";"NE_0001";"NE_0001"
"2023";"09";"080802";"CUSCO";"ESPINAR";"CONDOROMA";"GOBIERNO REGIONAL";"I-1";"00002411";"CONDOROMA";"NE_0001";"";"NE_0001";"NE_0001";"NE_0001";"NE_0001";"NE_0001";"NE_0001";"NE_0001"
"2023";"09";"080807";"CUSCO";"ESPINAR";"SUYCKUTAMBO";"GOBIERNO REGIONAL";"I-2";"00002419";"SUYKUTAMBO";"NE_0001";"";"NE_0001";"NE_0001";"NE_0001";"NE_0001";"NE_0001";"NE_0001";"NE_0001"
"2023";"09";"080803";"CUSCO";"ESPINAR";"COPORAQUE";"GOBIERNO REGIONAL";"I-2";"00002413";"URINSAYA";"NE_0001";"";"NE_0001";"NE_0001";"NE_0001";"NE_0001";"NE_0001";"NE_0001";"NE_0001"
"2023";"09";"080803";"CUSCO";"ESPINAR";"COPORAQUE";"GOBIERNO REGIONAL";"I-2";"00002414";"HUAYHUAHUASI";"NE_0001";"";"NE_0001";"NE_0001";"NE_0001";"NE_0001";"NE_0001";"NE_0001";"NE_0001"
"2023";"08";"130101";"LA LIBERTAD";"TRUJILLO";"TRUJILLO";"PRIVADO";"I-4";"00013371";"FARMEDICA SAC";"NE_0001";"";"NE_0001";"NE_0001";"NE_0001";"NE_0001";"NE_0001";"NE_0001";"NE_0001"
"2023";"10";"150122";"LIMA";"LIMA";"MIRAFLORES";"PRIVADO";"II-E";"00016121";"CENTRO MEDICO AVENDAÑO S.A.C.";"240100";"HOSPITALIZACIÓN QUIRÚRGICA CIRUGÍA GENERAL ";"46";"46";"47";"47";"6";"118";"0"
"2023";"10";"150122";"LIMA";"LIMA";"MIRAFLORES";"PRIVADO";"II-E";"00016121";"CENTRO MEDICO AVENDAÑO S.A.C.";"240300";"HOSPITALIZACIÓN QUIRÚRGICA CIRUGÍA DIGESTIVA ";"46";"46";"47";"47";"6";"118";"0"
"2023";"10";"150501";"LIMA";"CAÑETE";"SAN VICENTE DE CAÑETE";"GOBIERNO REGIONAL";"II-2";"00005986";"HOSPITAL REZOLA";"240100";"HOSPITALIZACIÓN QUIRÚRGICA CIRUGÍA GENERAL ";"138";"152";"575";"472";"28";"868";"0"
"2023";"10";"150501";"LIMA";"CAÑETE";"SAN VICENTE DE CAÑETE";"GOBIERNO REGIONAL";"II-2";"00005986";"HOSPITAL REZOLA";"241400";"HOSPITALIZACIÓN QUIRÚRGICA GINECO - OBSTETRICIA ";"225";"241";"519";"495";"24";"744";"0"
"2023";"10";"150501";"LIMA";"CAÑETE";"SAN VICENTE DE CAÑETE";"GOBIERNO REGIONAL";"II-2";"00005986";"HOSPITAL REZOLA";"241500";"HOSPITALIZACIÓN QUIRÚRGICA GINECOLOGÍA  ";"25";"27";"73";"66";"6";"186";"0"
"2023";"10";"150501";"LIMA";"CAÑETE";"SAN VICENTE DE CAÑETE";"GOBIERNO REGIONAL";"II-2";"00005986";"HOSPITAL REZOLA";"241800";"HOSPITALIZACIÓN DE MEDICINA MEDICINA GENERAL ";"87";"105";"692";"571";"31";"961";"19"
"2023";"10";"150501";"LIMA";"CAÑETE";"SAN VICENTE DE CAÑETE";"GOBIERNO REGIONAL";"II-2";"00005986";"HOSPITAL REZOLA";"242500";"HOSPITALIZACIÓN-PEDIATRÍA GENERAL-";"38";"39";"168";"167";"12";"372";"0"
"2023";"10";"150501";"LIMA";"CAÑETE";"SAN VICENTE DE CAÑETE";"GOBIERNO REGIONAL";"II-2";"00005986";"HOSPITAL REZOLA";"243200";"HOSPITALIZACIÓN DE PEDIATRÍA PEDIATRIA NEONATOLOGÍA";"28";"30";"162";"149";"10";"310";"0"
"2023";"10";"150501";"LIMA";"CAÑETE";"SAN VICENTE DE CAÑETE";"GOBIERNO REGIONAL";"II-2";"00005986";"HOSPITAL REZOLA";"250103";"UNIDAD DE CUIDADOS CRITICOS UNIDAD  DE CUIDADOS INTENSIVOS GENERALES  (UCI) MEDICINA";"4";"5";"46";"44";"4";"124";"0"
"2023";"10";"150501";"LIMA";"CAÑETE";"SAN VICENTE DE CAÑETE";"GOBIERNO REGIONAL";"II-2";"00005986";"HOSPITAL REZOLA";"250105";"UNIDAD DE CUIDADOS CRITICOS UNIDAD  DE CUIDADOS INTENSIVOS  (UCI) NEONATOLOGÍA";"4";"7";"65";"32";"7";"217";"1"
"2023";"10";"200101";"PIURA";"PIURA";"PIURA";"PRIVADO";"I-3";"00024833";"MEDITRAN PERU EIRL";"NE_0001";"";"NE_0001";"NE_0001";"NE_0001";"NE_0001";"NE_0001";"NE_0001";"NE_0001"
"2023";"10";"040401";"AREQUIPA";"CASTILLA";"APLAO";"GOBIERNO REGIONAL";"II-1";"00001382";"HOSPITAL APLAO";"240100";"HOSPITALIZACIÓN QUIRÚRGICA CIRUGÍA GENERAL ";"20";"21";"80";"101";"8";"248";"0"
"2023";"10";"040401";"AREQUIPA";"CASTILLA";"APLAO";"GOBIERNO REGIONAL";"II-1";"00001382";"HOSPITAL APLAO";"241200";"HOSPITALIZACIÓN QUIRÚRGICA TRAUMATOLOGÍA Y ORTOPEDIA ";"4";"6";"42";"48";"6";"186";"0"
"2023";"10";"040401";"AREQUIPA";"CASTILLA";"APLAO";"GOBIERNO REGIONAL";"II-1";"00001382";"HOSPITAL APLAO";"241400";"HOSPITALIZACIÓN QUIRÚRGICA GINECO - OBSTETRICIA ";"2";"2";"4";"6";"5";"155";"0"
"2023";"10";"040401";"AREQUIPA";"CASTILLA";"APLAO";"GOBIERNO REGIONAL";"II-1";"00001382";"HOSPITAL APLAO";"241500";"HOSPITALIZACIÓN QUIRÚRGICA GINECOLOGÍA  ";"28";"31";"76";"107";"6";"186";"0"
"2023";"10";"040401";"AREQUIPA";"CASTILLA";"APLAO";"GOBIERNO REGIONAL";"II-1";"00001382";"HOSPITAL APLAO";"241800";"HOSPITALIZACIÓN DE MEDICINA MEDICINA GENERAL ";"17";"17";"64";"81";"14";"434";"0"
"2023";"10";"040401";"AREQUIPA";"CASTILLA";"APLAO";"GOBIERNO REGIONAL";"II-1";"00001382";"HOSPITAL APLAO";"242500";"HOSPITALIZACIÓN-PEDIATRÍA GENERAL-";"8";"8";"23";"31";"10";"310";"0"
"2023";"10";"150110";"LIMA";"LIMA";"COMAS";"PRIVADO";"II-1";"00008519";"CLINICA UNIVERSITARIA";"240000";"HOSPITALIZACIÓN";"245";"218";"364";"289";"25";"378";"0"
"2023";"10";"070101";"CALLAO";"CALLAO";"CALLAO";"PRIVADO";"II-E";"00025535";"CLÍNICA  OQUENDO";"240000";"HOSPITALIZACIÓN";"13";"13";"13";"11";"11";"330";"0"
"2023";"10";"060803";"CAJAMARCA";"JAEN";"CHONTALI";"GOBIERNO REGIONAL";"I-3";"00004232";"CHONTALI";"NE_0001";"";"NE_0001";"NE_0001";"NE_0001";"NE_0001";"NE_0001";"NE_0001";"NE_0001"
"2023";"10";"060803";"CAJAMARCA";"JAEN";"CHONTALI";"GOBIERNO REGIONAL";"I-1";"00004235";"TABACAL CHONTALI";"NE_0001";"";"NE_0001";"NE_0001";"NE_0001";"NE_0001";"NE_0001";"NE_0001";"NE_0001"
"2023";"10";"060803";"CAJAMARCA";"JAEN";"CHONTALI";"GOBIERNO REGIONAL";"I-2";"00004234";"HUALATAN";"NE_0001";"";"NE_0001";"NE_0001";"NE_0001";"NE_0001";"NE_0001";"NE_0001";"NE_0001"
"2023";"10";"060803";"CAJAMARCA";"JAEN";"CHONTALI";"GOBIERNO REGIONAL";"I-2";"00004233";"PACHAPIRIANA";"NE_0001";"";"NE_0001";"NE_0001";"NE_0001";"NE_0001";"NE_0001";"NE_0001";"NE_0001"
"2023";"10";"120101";"JUNIN";"HUANCAYO";"HUANCAYO";"GOBIERNO REGIONAL";"I-2";"00000732";"SAN FRANCISCO";"NE_0001";"";"NE_0001";"NE_0001";"NE_0001";"NE_0001";"NE_0001";"NE_0001";"NE_0001"
"2023";"10";"120101";"JUNIN";"HUANCAYO";"HUANCAYO";"GOBIERNO REGIONAL";"I-4";"00000727";"LA LIBERTAD";"241400";"HOSPITALIZACIÓN QUIRÚRGICA GINECO - OBSTETRICIA ";"40";"42";"48";"2";"6";"14";"0"
"2023";"10";"120124";"JUNIN";"HUANCAYO";"PARIAHUANCA";"GOBIERNO REGIONAL";"I-3";"00000736";"PARIAHUANCA";"NE_0001";"";"NE_0001";"NE_0001";"NE_0001";"NE_0001";"NE_0001";"NE_0001";"NE_0001"
"2023";"10";"120124";"JUNIN";"HUANCAYO";"PARIAHUANCA";"GOBIERNO REGIONAL";"I-1";"00000741";"CEDRUYO";"NE_0001";"";"NE_0001";"NE_0001";"NE_0001";"NE_0001";"NE_0001";"NE_0001";"NE_0001"
"2023";"10";"120124";"JUNIN";"HUANCAYO";"PARIAHUANCA";"GOBIERNO REGIONAL";"I-2";"00000739";"SAN BALVIN";"NE_0001";"";"NE_0001";"NE_0001";"NE_0001";"NE_0001";"NE_0001";"NE_0001";"NE_0001"
"2023";"10";"120124";"JUNIN";"HUANCAYO";"PARIAHUANCA";"GOBIERNO REGIONAL";"I-1";"00000740";"ANTARPA";"NE_0001";"";"NE_0001";"NE_0001";"NE_0001";"NE_0001";"NE_0001";"NE_0001";"NE_0001"
"2023";"10";"120124";"JUNIN";"HUANCAYO";"PARIAHUANCA";"GOBIERNO REGIONAL";"I-1";"00015577";"NUEVO OCCORO";"NE_0001";"";"NE_0001";"NE_0001";"NE_0001";"NE_0001";"NE_0001";"NE_0001";"NE_0001"
"2023";"10";"120101";"JUNIN";"HUANCAYO";"HUANCAYO";"GOBIERNO REGIONAL";"I-2";"00000730";"VILCACOTO";"NE_0001";"";"NE_0001";"NE_0001";"NE_0001";"NE_0001";"NE_0001";"NE_0001";"NE_0001"
"2023";"10";"120101";"JUNIN";"HUANCAYO";"HUANCAYO";"GOBIERNO REGIONAL";"I-2";"00000731";"PALIAN";"NE_0001";"";"NE_0001";"NE_0001";"NE_0001";"NE_0001";"NE_0001";"NE_0001";"NE_0001"
"2023";"10";"120124";"JUNIN";"HUANCAYO";"PARIAHUANCA";"GOBIERNO REGIONAL";"I-1";"00000738";"PANTY";"NE_0001";"";"NE_0001";"NE_0001";"NE_0001";"NE_0001";"NE_0001";"NE_0001";"NE_0001"
"2023";"10";"120101";"JUNIN";"HUANCAYO";"HUANCAYO";"GOBIERNO REGIONAL";"I-3";"00000728";"OCOPILLA";"NE_0001";"";"NE_0001";"NE_0001";"NE_0001";"NE_0001";"NE_0001";"NE_0001";"NE_0001"
"2023";"10";"120124";"JUNIN";"HUANCAYO";"PARIAHUANCA";"GOBIERNO REGIONAL";"I-2";"00000737";"LAMPA";"NE_0001";"";"NE_0001";"NE_0001";"NE_0001";"NE_0001";"NE_0001";"NE_0001";"NE_0001"
"2023";"10";"120124";"JUNIN";"HUANCAYO";"PARIAHUANCA";"GOBIERNO REGIONAL";"I-1";"00012471";"HUAYCHULA";"NE_0001";"";"NE_0001";"NE_0001";"NE_0001";"NE_0001";"NE_0001";"NE_0001";"NE_0001"
"2023";"10";"120101";"JUNIN";"HUANCAYO";"HUANCAYO";"GOBIERNO REGIONAL";"I-2";"00000729";"PUESTO DE SALUD UÑAS";"NE_0001";"";"NE_0001";"NE_0001";"NE_0001";"NE_0001";"NE_0001";"NE_0001";"NE_0001"
"2023";"10";"120124";"JUNIN";"HUANCAYO";"PARIAHUANCA";"GOBIERNO REGIONAL";"I-2";"00000742";"LLACSAPIRCA";"NE_0001";"";"NE_0001";"NE_0001";"NE_0001";"NE_0001";"NE_0001";"NE_0001";"NE_0001"
"2023";"10";"120124";"JUNIN";"HUANCAYO";"PARIAHUANCA";"GOBIERNO REGIONAL";"I-1";"00000743";"ROCCHAC";"NE_0001";"";"NE_0001";"NE_0001";"NE_0001";"NE_0001";"NE_0001";"NE_0001";"NE_0001"
"2023";"10";"120101";"JUNIN";"HUANCAYO";"HUANCAYO";"GOBIERNO REGIONAL";"I-1";"00015905";"ACOPALCA";"NE_0001";"";"NE_0001";"NE_0001";"NE_0001";"NE_0001";"NE_0001";"NE_0001";"NE_0001"
"2023";"07";"090206";"HUANCAVELICA";"ACOBAMBA";"PAUCARA";"GOBIERNO REGIONAL";"I-4";"00003930";"CENTRO DE SALUD PAUCARA";"241400";"HOSPITALIZACIÓN QUIRÚRGICA GINECO - OBSTETRICIA ";"18";"18";"15";"24";"24";"744";"0"
"2023";"11";"010201";"AMAZONAS";"BAGUA";"BAGUA";"SANIDAD DE LA POLICIA NACIONAL DEL PERU";"I-2";"00012954";"POSTA MEDICA  POLICIAL  BAGUA";"NE_0001";"";"NE_0001";"NE_0001";"NE_0001";"NE_0001";"NE_0001";"NE_0001";"NE_0001"
"2023";"11";"220908";"SAN MARTIN";"SAN MARTIN";"JUAN GUERRA";"GOBIERNO REGIONAL";"I-1";"00006379";"YACUCATINA";"NE_0002";"";"NE_0002";"NE_0002";"NE_0002";"NE_0002";"NE_0002";"NE_0002";"NE_0002"
"2023";"11";"220914";"SAN MARTIN";"SAN MARTIN";"SHAPAJA";"GOBIERNO REGIONAL";"I-2";"00006375";"SHAPAJA";"NE_0002";"";"NE_0002";"NE_0002";"NE_0002";"NE_0002";"NE_0002";"NE_0002";"NE_0002"
"2023";"11";"220902";"SAN MARTIN";"SAN MARTIN";"ALBERTO LEVEAU";"GOBIERNO REGIONAL";"I-1";"00006383";"MACHUNGO";"NE_0002";"";"NE_0002";"NE_0002";"NE_0002";"NE_0002";"NE_0002";"NE_0002";"NE_0002"
"2023";"11";"220902";"SAN MARTIN";"SAN MARTIN";"ALBERTO LEVEAU";"GOBIERNO REGIONAL";"I-1";"00006382";"UTCURARCA";"NE_0002";"";"NE_0002";"NE_0002";"NE_0002";"NE_0002";"NE_0002";"NE_0002";"NE_0002"
"2023";"11";"220908";"SAN MARTIN";"SAN MARTIN";"JUAN GUERRA";"GOBIERNO REGIONAL";"I-3";"00006374";"JUAN GUERRA";"NE_0002";"";"NE_0002";"NE_0002";"NE_0002";"NE_0002";"NE_0002";"NE_0002";"NE_0002"
"2023";"11";"021801";"ANCASH";"SANTA";"CHIMBOTE";"PRIVADO";"II-1";"00010987";"INSTITUTO MEDICO ESPECIALIZADO UROGINEC EIRL";"240000";"HOSPITALIZACIÓN";"8";"8";"8";"8";"7";"210";"0"
"2023";"11";"150101";"LIMA";"LIMA";"LIMA";"MINSA";"III-1";"00006206";"NACIONAL  DOS DE MAYO";"241300";"HOSPITALIZACIÓN QUIRÚRGICA UROLOGÍA  ";"45";"55";"555";"578";"23";"690";"0"
"2023";"11";"150101";"LIMA";"LIMA";"LIMA";"MINSA";"III-1";"00006206";"NACIONAL  DOS DE MAYO";"240900";"HOSPITALIZACIÓN QUIRÚRGICA NEUROCIRUGÍA ";"32";"32";"407";"595";"20";"600";"0"
"2023";"11";"150101";"LIMA";"LIMA";"LIMA";"MINSA";"III-1";"00006206";"NACIONAL  DOS DE MAYO";"241100";"HOSPITALIZACIÓN QUIRÚRGICA OTORRINOLARINGOLOGÍA  ";"12";"11";"74";"56";"2";"60";"0"
"2023";"11";"150101";"LIMA";"LIMA";"LIMA";"MINSA";"III-1";"00006206";"NACIONAL  DOS DE MAYO";"240700";"HOSPITALIZACIÓN QUIRÚRGICA CIRUGÍA PEDIÁTRICA ";"71";"80";"220";"158";"6";"180";"0"
"2023";"11";"150101";"LIMA";"LIMA";"LIMA";"MINSA";"III-1";"00006206";"NACIONAL  DOS DE MAYO";"240200";"HOSPITALIZACIÓN QUIRÚRGICA CIRUGÍA DE CABEZA Y CUELLO / MÁXILO FACIAL ";"36";"35";"293";"257";"10";"300";"0"
"2023";"11";"150101";"LIMA";"LIMA";"LIMA";"MINSA";"III-1";"00006206";"NACIONAL  DOS DE MAYO";"240800";"HOSPITALIZACIÓN QUIRÚRGICA CIRUGÍA PLÁSTICA/RECONSTRUCTIVA/ REPARADORA ";"8";"8";"64";"94";"4";"120";"0"
"2023";"11";"150101";"LIMA";"LIMA";"LIMA";"MINSA";"III-1";"00006206";"NACIONAL  DOS DE MAYO";"240400";"HOSPITALIZACIÓN QUIRÚRGICA CIRUGÍA DE TÓRAX Y CARDIOVASCULAR ";"17";"16";"100";"440";"19";"570";"0"
"2023";"11";"150101";"LIMA";"LIMA";"LIMA";"MINSA";"III-1";"00006206";"NACIONAL  DOS DE MAYO";"241400";"HOSPITALIZACIÓN QUIRÚRGICA GINECO - OBSTETRICIA ";"238";"229";"627";"1468";"53";"1590";"1"
"2023";"11";"150101";"LIMA";"LIMA";"LIMA";"MINSA";"III-1";"00006206";"NACIONAL  DOS DE MAYO";"243200";"HOSPITALIZACIÓN DE PEDIATRÍA PEDIATRIA NEONATOLOGÍA";"91";"99";"283";"633";"24";"720";"0"
"2023";"11";"150101";"LIMA";"LIMA";"LIMA";"MINSA";"III-1";"00006206";"NACIONAL  DOS DE MAYO";"242300";"HOSPITALIZACIÓN DE PEDIATRÍA  PEDIATRÍA  GENERAL ";"70";"76";"367";"687";"24";"720";"0"
"2023";"11";"150101";"LIMA";"LIMA";"LIMA";"MINSA";"III-1";"00006206";"NACIONAL  DOS DE MAYO";"250100";"UNIDAD DE CUIDADOS CRITICOS UNIDAD  DE CUIDADOS INTENSIVOS GENERALES (UCI) ";"34";"36";"474";"1467";"68";"2040";"14"
"2023";"11";"051005";"AYACUCHO";"VICTOR FAJARDO";"CANARIA";"GOBIERNO REGIONAL";"I-1";"00003825";"PUESTO DE SALUD RACCAYA";"NE_0001";"";"NE_0001";"NE_0001";"NE_0001";"NE_0001";"NE_0001";"NE_0001";"NE_0001"
"2023";"11";"051005";"AYACUCHO";"VICTOR FAJARDO";"CANARIA";"GOBIERNO REGIONAL";"I-1";"00003827";"PUESTO DE SALUD UMASI";"NE_0001";"";"NE_0001";"NE_0001";"NE_0001";"NE_0001";"NE_0001";"NE_0001";"NE_0001"
"2023";"11";"051009";"AYACUCHO";"VICTOR FAJARDO";"HUANCARAYLLA";"GOBIERNO REGIONAL";"I-1";"00003837";"PUESTO DE SALUD CIRCAMARCA";"NE_0001";"";"NE_0001";"NE_0001";"NE_0001";"NE_0001";"NE_0001";"NE_0001";"NE_0001"
"2023";"11";"051004";"AYACUCHO";"VICTOR FAJARDO";"ASQUIPATA";"GOBIERNO REGIONAL";"I-1";"00003822";"PUESTO DE SALUD CHIHUIRE";"NE_0001";"";"NE_0001";"NE_0001";"NE_0001";"NE_0001";"NE_0001";"NE_0001";"NE_0001"
"2023";"11";"051010";"AYACUCHO";"VICTOR FAJARDO";"HUALLA";"GOBIERNO REGIONAL";"I-1";"00003830";"PUESTO DE SALUD TIQUIHUA";"NE_0001";"";"NE_0001";"NE_0001";"NE_0001";"NE_0001";"NE_0001";"NE_0001";"NE_0001"
"2023";"11";"051009";"AYACUCHO";"VICTOR FAJARDO";"HUANCARAYLLA";"GOBIERNO REGIONAL";"I-2";"00003838";"PUESTO DE SALUD HUANCARAYLLA";"NE_0001";"";"NE_0001";"NE_0001";"NE_0001";"NE_0001";"NE_0001";"NE_0001";"NE_0001"
"2023";"11";"051003";"AYACUCHO";"VICTOR FAJARDO";"APONGO";"GOBIERNO REGIONAL";"I-1";"00003819";"APONGO";"NE_0001";"";"NE_0001";"NE_0001";"NE_0001";"NE_0001";"NE_0001";"NE_0001";"NE_0001"
"2023";"11";"051005";"AYACUCHO";"VICTOR FAJARDO";"CANARIA";"GOBIERNO REGIONAL";"I-2";"00003826";"PUESTO DE SALUD TACA";"NE_0001";"";"NE_0001";"NE_0001";"NE_0001";"NE_0001";"NE_0001";"NE_0001";"NE_0001"
"2023";"11";"051008";"AYACUCHO";"VICTOR FAJARDO";"HUAMANQUIQUIA";"GOBIERNO REGIONAL";"I-2";"00003831";"PUESTO DE SALUD HUAMANQUIQUIA";"NE_0001";"";"NE_0001";"NE_0001";"NE_0001";"NE_0001";"NE_0001";"NE_0001";"NE_0001"
"2023";"11";"051108";"AYACUCHO";"VILCAS HUAMAN";"VISCHONGO";"GOBIERNO REGIONAL";"I-1";"00003840";"PUESTO DE SALUD UMARO";"NE_0001";"";"NE_0001";"NE_0001";"NE_0001";"NE_0001";"NE_0001";"NE_0001";"NE_0001"
"2023";"11";"051004";"AYACUCHO";"VICTOR FAJARDO";"ASQUIPATA";"GOBIERNO REGIONAL";"I-1";"00003821";"PUESTO DE SALUD ASQUIPATA";"NE_0001";"";"NE_0001";"NE_0001";"NE_0001";"NE_0001";"NE_0001";"NE_0001";"NE_0001"
"2023";"09";"110101";"ICA";"ICA";"ICA";"PRIVADO";"I-4";"00009660";"SEÑOR DE LUREN DE ICA";"240000";"HOSPITALIZACIÓN";"61";"60";"92";"94";"14";"420";"17"
"2023";"09";"150125";"LIMA";"LIMA";"PUENTE PIEDRA";"MINSA";"II-2";"00007632";"HOSPITAL CARLOS LANFRANCO LA HOZ";"240100";"HOSPITALIZACIÓN QUIRÚRGICA CIRUGÍA GENERAL ";"210";"232";"620";"246";"34";"1020";"1"
"2023";"09";"150125";"LIMA";"LIMA";"PUENTE PIEDRA";"MINSA";"II-2";"00007632";"HOSPITAL CARLOS LANFRANCO LA HOZ";"241900";"HOSPITALIZACIÓN DE MEDICINA MEDICINA INTERNA ";"103";"138";"878";"163";"26";"780";"17"
"2023";"09";"150125";"LIMA";"LIMA";"PUENTE PIEDRA";"MINSA";"II-2";"00007632";"HOSPITAL CARLOS LANFRANCO LA HOZ";"241400";"HOSPITALIZACIÓN QUIRÚRGICA GINECO - OBSTETRICIA ";"307";"336";"622";"360";"32";"960";"0"
"2023";"09";"150125";"LIMA";"LIMA";"PUENTE PIEDRA";"MINSA";"II-2";"00007632";"HOSPITAL CARLOS LANFRANCO LA HOZ";"242300";"HOSPITALIZACIÓN DE PEDIATRÍA  PEDIATRÍA  GENERAL ";"64";"74";"282";"84";"11";"330";"1"
"2023";"09";"150125";"LIMA";"LIMA";"PUENTE PIEDRA";"MINSA";"II-2";"00007632";"HOSPITAL CARLOS LANFRANCO LA HOZ";"243200";"HOSPITALIZACIÓN DE PEDIATRÍA PEDIATRIA NEONATOLOGÍA";"35";"42";"152";"45";"11";"330";"0"
"2023";"10";"060804";"CAJAMARCA";"JAEN";"COLASAY";"GOBIERNO REGIONAL";"I-3";"00004236";"COLASAY";"NE_0001";"";"NE_0001";"NE_0001";"NE_0001";"NE_0001";"NE_0001";"NE_0001";"NE_0001"
"2023";"10";"060804";"CAJAMARCA";"JAEN";"COLASAY";"GOBIERNO REGIONAL";"I-2";"00007017";"AHUYACA";"NE_0001";"";"NE_0001";"NE_0001";"NE_0001";"NE_0001";"NE_0001";"NE_0001";"NE_0001"
"2023";"10";"060804";"CAJAMARCA";"JAEN";"COLASAY";"GOBIERNO REGIONAL";"I-1";"00004239";"CEDRO PASTO";"NE_0001";"";"NE_0001";"NE_0001";"NE_0001";"NE_0001";"NE_0001";"NE_0001";"NE_0001"
"2023";"10";"060601";"CAJAMARCA";"CUTERVO";"CUTERVO";"GOBIERNO REGIONAL";"I-1";"00006851";"HUICHUD";"NE_0001";"";"NE_0001";"NE_0001";"NE_0001";"NE_0001";"NE_0001";"NE_0001";"NE_0001"
"2023";"10";"150101";"LIMA";"LIMA";"LIMA";"MINSA";"III-2";"00006208";"INSTITUTO NACIONAL MATERNO PERINATAL";"250105";"UNIDAD DE CUIDADOS CRITICOS UNIDAD  DE CUIDADOS INTENSIVOS  (UCI) NEONATOLOGÍA";"56";"50";"816";"910";"30";"930";"14"
"2023";"10";"150101";"LIMA";"LIMA";"LIMA";"MINSA";"III-2";"00006208";"INSTITUTO NACIONAL MATERNO PERINATAL";"243200";"HOSPITALIZACIÓN DE PEDIATRÍA PEDIATRIA NEONATOLOGÍA";"256";"247";"2269";"2536";"85";"2635";"5"
"2023";"10";"180301";"MOQUEGUA";"ILO";"ILO";"ESSALUD";"II-1";"00016153";"HOSPITAL II ILO";"241800";"HOSPITALIZACIÓN DE MEDICINA MEDICINA GENERAL ";"24";"21";"106";"119";"4";"124";"0"
"2023";"10";"180301";"MOQUEGUA";"ILO";"ILO";"ESSALUD";"II-1";"00016153";"HOSPITAL II ILO";"240100";"HOSPITALIZACIÓN QUIRÚRGICA CIRUGÍA GENERAL ";"55";"53";"193";"188";"7";"217";"0"
"2023";"10";"180301";"MOQUEGUA";"ILO";"ILO";"ESSALUD";"II-1";"00016153";"HOSPITAL II ILO";"241500";"HOSPITALIZACIÓN QUIRÚRGICA GINECOLOGÍA  ";"16";"15";"48";"44";"2";"62";"0"
"2023";"10";"180301";"MOQUEGUA";"ILO";"ILO";"ESSALUD";"II-1";"00016153";"HOSPITAL II ILO";"241600";"HOSPITALIZACIÓN QUIRÚRGICA OBSTETRICIA   ";"22";"22";"47";"50";"2";"62";"0"
"2023";"10";"180301";"MOQUEGUA";"ILO";"ILO";"ESSALUD";"II-1";"00016153";"HOSPITAL II ILO";"242300";"HOSPITALIZACIÓN DE PEDIATRÍA  PEDIATRÍA  GENERAL ";"34";"31";"157";"156";"6";"186";"0"
"2023";"10";"180301";"MOQUEGUA";"ILO";"ILO";"ESSALUD";"II-1";"00016153";"HOSPITAL II ILO";"250304";"HOSPIT. EN UNIDAD DE CUID.INTEN.-UNIDAD DE VIGILANCIA INTENSIVA (UVI)-MEDICINA";"3";"3";"8";"8";"1";"31";"0"
"2023";"10";"200101";"PIURA";"PIURA";"PIURA";"PRIVADO";"II-E";"00014092";"CLINICA SANTIVAÑEZ";"240800";"HOSPITALIZACIÓN QUIRÚRGICA CIRUGÍA PLÁSTICA/RECONSTRUCTIVA/ REPARADORA ";"15";"15";"15";"15";"3";"93";"0"
"2023";"10";"120604";"JUNIN";"SATIPO";"MAZAMARI";"GOBIERNO REGIONAL";"I-1";"00016909";"TEORIA";"NE_0001";"";"NE_0001";"NE_0001";"NE_0001";"NE_0001";"NE_0001";"NE_0001";"NE_0001"
"2023";"10";"120604";"JUNIN";"SATIPO";"MAZAMARI";"GOBIERNO REGIONAL";"I-2";"00000435";"CAPIRUSHARI";"NE_0001";"";"NE_0001";"NE_0001";"NE_0001";"NE_0001";"NE_0001";"NE_0001";"NE_0001"
"2023";"10";"120604";"JUNIN";"SATIPO";"MAZAMARI";"GOBIERNO REGIONAL";"I-1";"00016912";"VILLA PROGRESO DE EDEN";"NE_0001";"";"NE_0001";"NE_0001";"NE_0001";"NE_0001";"NE_0001";"NE_0001";"NE_0001"
"2023";"10";"130101";"LA LIBERTAD";"TRUJILLO";"TRUJILLO";"PRIVADO";"II-2";"00018404";"CLINICA SAN PABLO TRUJILLO";"240000";"HOSPITALIZACIÓN";"287";"287";"910";"1208";"64";"1984";"0"
"2023";"10";"130101";"LA LIBERTAD";"TRUJILLO";"TRUJILLO";"PRIVADO";"II-2";"00018404";"CLINICA SAN PABLO TRUJILLO";"250200";"UNIDAD DE CUIDADOS CRITICOS UNIDAD DE CUIDADOS INTERMEDIOS GENERAL  (UCIN) ";"3";"2";"2";"4";"5";"155";"0"
"2023";"10";"130201";"LA LIBERTAD";"ASCOPE";"ASCOPE";"GOBIERNO REGIONAL";"II-1";"00005263";"HOSPITAL PROVINCIAL ASCOPE ""ROSA SANCHEZ DE SANTILLAN""";"241400";"HOSPITALIZACIÓN QUIRÚRGICA GINECO - OBSTETRICIA ";"20";"20";"43";"43";"2";"62";"0"
"2023";"10";"130201";"LA LIBERTAD";"ASCOPE";"ASCOPE";"GOBIERNO REGIONAL";"II-1";"00005263";"HOSPITAL PROVINCIAL ASCOPE ""ROSA SANCHEZ DE SANTILLAN""";"241600";"HOSPITALIZACIÓN QUIRÚRGICA OBSTETRICIA   ";"5";"5";"5";"5";"3";"93";"0"
"2023";"10";"130201";"LA LIBERTAD";"ASCOPE";"ASCOPE";"GOBIERNO REGIONAL";"II-1";"00005263";"HOSPITAL PROVINCIAL ASCOPE ""ROSA SANCHEZ DE SANTILLAN""";"241800";"HOSPITALIZACIÓN DE MEDICINA MEDICINA GENERAL ";"5";"6";"31";"31";"15";"465";"0"
"2023";"10";"120908";"JUNIN";"CHUPACA";"TRES DE DICIEMBRE";"GOBIERNO REGIONAL";"I-2";"00000660";"TRES DE DICIEMBRE";"NE_0001";"";"NE_0001";"NE_0001";"NE_0001";"NE_0001";"NE_0001";"NE_0001";"NE_0001"
"2023";"10";"250105";"UCAYALI";"CORONEL PORTILLO";"YARINACOCHA";"ESSALUD";"I-3";"00032194";"CENTRO  DE SALUD ALAMEDAS - ESSALUD";"NE_0001";"";"NE_0001";"NE_0001";"NE_0001";"NE_0001";"NE_0001";"NE_0001";"NE_0001"
"2023";"10";"150141";"LIMA";"LIMA";"SURQUILLO";"PRIVADO";"II-E";"00012947";"CLINICA SANTA MARIA";"240000";"HOSPITALIZACIÓN";"137";"138";"190";"185";"20";"620";"0"
"2023";"10";"150101";"LIMA";"LIMA";"LIMA";"MINSA";"III-1";"00006206";"NACIONAL  DOS DE MAYO";"241800";"HOSPITALIZACIÓN DE MEDICINA MEDICINA GENERAL ";"413";"473";"6427";"7488";"266";"8246";"58"
"2023";"10";"150101";"LIMA";"LIMA";"LIMA";"MINSA";"III-1";"00006206";"NACIONAL  DOS DE MAYO";"240100";"HOSPITALIZACIÓN QUIRÚRGICA CIRUGÍA GENERAL ";"241";"285";"1677";"2340";"80";"2480";"1"
"2023";"10";"150101";"LIMA";"LIMA";"LIMA";"MINSA";"III-1";"00006206";"NACIONAL  DOS DE MAYO";"241200";"HOSPITALIZACIÓN QUIRÚRGICA TRAUMATOLOGÍA Y ORTOPEDIA ";"55";"63";"949";"892";"32";"992";"1"
"2023";"10";"150101";"LIMA";"LIMA";"LIMA";"MINSA";"III-1";"00006206";"NACIONAL  DOS DE MAYO";"241300";"HOSPITALIZACIÓN QUIRÚRGICA UROLOGÍA  ";"53";"60";"647";"579";"23";"713";"0"
"2023";"10";"150101";"LIMA";"LIMA";"LIMA";"MINSA";"III-1";"00006206";"NACIONAL  DOS DE MAYO";"240900";"HOSPITALIZACIÓN QUIRÚRGICA NEUROCIRUGÍA ";"22";"29";"523";"592";"20";"620";"0"
"2023";"10";"150101";"LIMA";"LIMA";"LIMA";"MINSA";"III-1";"00006206";"NACIONAL  DOS DE MAYO";"241100";"HOSPITALIZACIÓN QUIRÚRGICA OTORRINOLARINGOLOGÍA  ";"15";"15";"129";"58";"2";"62";"0"
"2023";"10";"150101";"LIMA";"LIMA";"LIMA";"MINSA";"III-1";"00006206";"NACIONAL  DOS DE MAYO";"240700";"HOSPITALIZACIÓN QUIRÚRGICA CIRUGÍA PEDIÁTRICA ";"32";"28";"100";"157";"6";"186";"0"
"2023";"10";"150101";"LIMA";"LIMA";"LIMA";"MINSA";"III-1";"00006206";"NACIONAL  DOS DE MAYO";"240200";"HOSPITALIZACIÓN QUIRÚRGICA CIRUGÍA DE CABEZA Y CUELLO / MÁXILO FACIAL ";"29";"31";"337";"240";"10";"310";"0"
"2023";"10";"150101";"LIMA";"LIMA";"LIMA";"MINSA";"III-1";"00006206";"NACIONAL  DOS DE MAYO";"240800";"HOSPITALIZACIÓN QUIRÚRGICA CIRUGÍA PLÁSTICA/RECONSTRUCTIVA/ REPARADORA ";"11";"10";"74";"93";"4";"124";"0"
"2023";"10";"150101";"LIMA";"LIMA";"LIMA";"MINSA";"III-1";"00006206";"NACIONAL  DOS DE MAYO";"240400";"HOSPITALIZACIÓN QUIRÚRGICA CIRUGÍA DE TÓRAX Y CARDIOVASCULAR ";"23";"21";"140";"353";"19";"589";"0"
"2023";"10";"150101";"LIMA";"LIMA";"LIMA";"MINSA";"III-1";"00006206";"NACIONAL  DOS DE MAYO";"241400";"HOSPITALIZACIÓN QUIRÚRGICA GINECO - OBSTETRICIA ";"305";"310";"929";"1461";"53";"1643";"0"
"2023";"10";"150101";"LIMA";"LIMA";"LIMA";"MINSA";"III-1";"00006206";"NACIONAL  DOS DE MAYO";"243200";"HOSPITALIZACIÓN DE PEDIATRÍA PEDIATRIA NEONATOLOGÍA";"109";"109";"501";"628";"24";"744";"0"
"2023";"10";"150101";"LIMA";"LIMA";"LIMA";"MINSA";"III-1";"00006206";"NACIONAL  DOS DE MAYO";"242300";"HOSPITALIZACIÓN DE PEDIATRÍA  PEDIATRÍA  GENERAL ";"98";"96";"406";"686";"24";"744";"0"
"2023";"10";"150101";"LIMA";"LIMA";"LIMA";"MINSA";"III-1";"00006206";"NACIONAL  DOS DE MAYO";"250100";"UNIDAD DE CUIDADOS CRITICOS UNIDAD  DE CUIDADOS INTENSIVOS GENERALES (UCI) ";"54";"47";"357";"1351";"68";"2108";"22"
"2023";"10";"040307";"AREQUIPA";"CARAVELI";"CHALA";"ESSALUD";"I-2";"00012198";"POSTA MEDICA CHALA";"NE_0001";"";"NE_0001";"NE_0001";"NE_0001";"NE_0001";"NE_0001";"NE_0001";"NE_0001"
"2023";"10";"250201";"UCAYALI";"ATALAYA";"RAIMONDI";"ESSALUD";"I-3";"00031879";"CENTRO MEDICO DE  ATALAYA - ESSALUD";"NE_0001";"";"NE_0001";"NE_0001";"NE_0001";"NE_0001";"NE_0001";"NE_0001";"NE_0001"
"2023";"10";"150130";"LIMA";"LIMA";"SAN BORJA";"PRIVADO";"II-2";"00009850";"CLÍNICA VESALIO";"240000";"HOSPITALIZACIÓN";"287";"293";"1525";"1339";"57";"1623";"0"
"2023";"10";"150117";"LIMA";"LIMA";"LOS OLIVOS";"PRIVADO";"II-E";"00009641";"CLINICA MUNDO SALUD SAC";"240000";"HOSPITALIZACIÓN";"83";"85";"196";"197";"12";"181";"0"
"2023";"10";"210601";"PUNO";"HUANCANE";"HUANCANE";"GOBIERNO REGIONAL";"II-1";"00003068";"HOSPITAL LUCIO ALDAZABAL PAUCA";"240100";"HOSPITALIZACIÓN QUIRÚRGICA CIRUGÍA GENERAL ";"17";"17";"54";"54";"4";"124";"0"
"2023";"10";"210601";"PUNO";"HUANCANE";"HUANCANE";"GOBIERNO REGIONAL";"II-1";"00003068";"HOSPITAL LUCIO ALDAZABAL PAUCA";"241500";"HOSPITALIZACIÓN QUIRÚRGICA GINECOLOGÍA  ";"27";"27";"56";"56";"4";"124";"0"
"2023";"10";"210601";"PUNO";"HUANCANE";"HUANCANE";"GOBIERNO REGIONAL";"II-1";"00003068";"HOSPITAL LUCIO ALDAZABAL PAUCA";"241600";"HOSPITALIZACIÓN QUIRÚRGICA OBSTETRICIA   ";"17";"17";"38";"38";"5";"155";"0"
"2023";"10";"210601";"PUNO";"HUANCANE";"HUANCANE";"GOBIERNO REGIONAL";"II-1";"00003068";"HOSPITAL LUCIO ALDAZABAL PAUCA";"241800";"HOSPITALIZACIÓN DE MEDICINA MEDICINA GENERAL ";"23";"23";"11";"22";"10";"310";"1"
"2023";"10";"210601";"PUNO";"HUANCANE";"HUANCANE";"GOBIERNO REGIONAL";"II-1";"00003068";"HOSPITAL LUCIO ALDAZABAL PAUCA";"242500";"HOSPITALIZACIÓN-PEDIATRÍA GENERAL-";"9";"9";"41";"41";"5";"155";"0"
"2023";"10";"210601";"PUNO";"HUANCANE";"HUANCANE";"GOBIERNO REGIONAL";"II-1";"00003068";"HOSPITAL LUCIO ALDAZABAL PAUCA";"243200";"HOSPITALIZACIÓN DE PEDIATRÍA PEDIATRIA NEONATOLOGÍA";"5";"5";"24";"24";"3";"93";"0"
"2023";"10";"080907";"CUSCO";"LA CONVENCION";"KIMBIRI";"GOBIERNO REGIONAL";"I-2";"00002474";"SAMANIATO";"NE_0001";"";"NE_0001";"NE_0001";"NE_0001";"NE_0001";"NE_0001";"NE_0001";"NE_0001"
"2023";"10";"080907";"CUSCO";"LA CONVENCION";"KIMBIRI";"GOBIERNO REGIONAL";"I-1";"00008284";"MANITEA ALTA";"NE_0001";"";"NE_0001";"NE_0001";"NE_0001";"NE_0001";"NE_0001";"NE_0001";"NE_0001"
"2023";"10";"080907";"CUSCO";"LA CONVENCION";"KIMBIRI";"GOBIERNO REGIONAL";"I-2";"00008285";"ANGELES";"NE_0001";"";"NE_0001";"NE_0001";"NE_0001";"NE_0001";"NE_0001";"NE_0001";"NE_0001"
"2023";"07";"250101";"UCAYALI";"CORONEL PORTILLO";"CALLERIA";"PRIVADO";"II-1";"00026079";"CLINICA JUAN PABLO II";"240000";"HOSPITALIZACIÓN";"20";"22";"72";"70";"4";"131";"0"
"2023";"07";"250101";"UCAYALI";"CORONEL PORTILLO";"CALLERIA";"PRIVADO";"II-1";"00026079";"CLINICA JUAN PABLO II";"240100";"HOSPITALIZACIÓN QUIRÚRGICA CIRUGÍA GENERAL ";"3";"4";"7";"8";"1";"30";"0"
"2023";"07";"250101";"UCAYALI";"CORONEL PORTILLO";"CALLERIA";"PRIVADO";"II-1";"00026079";"CLINICA JUAN PABLO II";"241400";"HOSPITALIZACIÓN QUIRÚRGICA GINECO - OBSTETRICIA ";"11";"10";"23";"24";"2";"64";"0"
"2023";"07";"250101";"UCAYALI";"CORONEL PORTILLO";"CALLERIA";"PRIVADO";"II-1";"00026079";"CLINICA JUAN PABLO II";"241800";"HOSPITALIZACIÓN DE MEDICINA MEDICINA GENERAL ";"7";"7";"13";"13";"2";"56";"0"
"2023";"07";"250101";"UCAYALI";"CORONEL PORTILLO";"CALLERIA";"PRIVADO";"II-1";"00026079";"CLINICA JUAN PABLO II";"242500";"HOSPITALIZACIÓN-PEDIATRÍA GENERAL-";"6";"6";"22";"22";"2";"60";"0"
"2023";"11";"050101";"AYACUCHO";"HUAMANGA";"AYACUCHO";"SANIDAD DE LA POLICIA NACIONAL DEL PERU";"I-3";"00011426";"POLICLINICO POLICIAL DE AYACUCHO";"NE_0001";"";"NE_0001";"NE_0001";"NE_0001";"NE_0001";"NE_0001";"NE_0001";"NE_0001"
"2023";"11";"180104";"MOQUEGUA";"MARISCAL NIETO";"SAMEGUA";"SANIDAD DE LA POLICIA NACIONAL DEL PERU";"I-2";"00015236";"POSTA MEDICA POLICIAL MOQUEGUA";"NE_0001";"";"NE_0001";"NE_0001";"NE_0001";"NE_0001";"NE_0001";"NE_0001";"NE_0001"
"2023";"11";"120125";"JUNIN";"HUANCAYO";"PILCOMAYO";"SANIDAD DE LA POLICIA NACIONAL DEL PERU";"I-2";"00025776";"POSTA MEDICA POLICIAL EESTP - HYO";"NE_0001";"";"NE_0001";"NE_0001";"NE_0001";"NE_0001";"NE_0001";"NE_0001";"NE_0001"
"2023";"11";"150132";"LIMA";"LIMA";"SAN JUAN DE LURIGANCHO";"SANIDAD DE LA POLICIA NACIONAL DEL PERU";"I-3";"00030839";"POLICLINICO POLICIAL ZARATE";"NE_0001";"";"NE_0001";"NE_0001";"NE_0001";"NE_0001";"NE_0001";"NE_0001";"NE_0001"
"2023";"02";"030201";"APURIMAC";"ANDAHUAYLAS";"ANDAHUAYLAS";"PRIVADO";"II-E";"00014403";"CLINICA DEL NIÑO ANDAHUAYLAS";"NE_0001";"";"NE_0001";"NE_0001";"NE_0001";"NE_0001";"NE_0001";"NE_0001";"NE_0001"
"2023";"11";"030201";"APURIMAC";"ANDAHUAYLAS";"ANDAHUAYLAS";"PRIVADO";"II-E";"00014403";"CLINICA DEL NIÑO ANDAHUAYLAS";"NE_0001";"";"NE_0001";"NE_0001";"NE_0001";"NE_0001";"NE_0001";"NE_0001";"NE_0001"
"2023";"11";"030101";"APURIMAC";"ABANCAY";"ABANCAY";"SANIDAD DE LA POLICIA NACIONAL DEL PERU";"I-3";"00008036";"POLICLINICO POLICIAL ABANCAY";"NE_0001";"";"NE_0001";"NE_0001";"NE_0001";"NE_0001";"NE_0001";"NE_0001";"NE_0001"
"2023";"10";"090206";"HUANCAVELICA";"ACOBAMBA";"PAUCARA";"GOBIERNO REGIONAL";"I-4";"00003930";"CENTRO DE SALUD PAUCARA";"241400";"HOSPITALIZACIÓN QUIRÚRGICA GINECO - OBSTETRICIA ";"24";"24";"40";"24";"24";"744";"0"
"2023";"11";"070101";"CALLAO";"CALLAO";"CALLAO";"PRIVADO";"I-2";"00018306";"CENTRO DE ATENCIÓN PRIMARIA ALBERTO LEONARDO BARTON THOMPSON";"NE_0001";"";"NE_0001";"NE_0001";"NE_0001";"NE_0001";"NE_0001";"NE_0001";"NE_0001"
"2023";"11";"070101";"CALLAO";"CALLAO";"CALLAO";"PRIVADO";"II-2";"00018319";"HOSPITAL ALBERTO LEONARDO BARTON THOMPSON";"240100";"HOSPITALIZACIÓN QUIRÚRGICA CIRUGÍA GENERAL ";"20";"162";"848";"746";"26";"806";"0"
"2023";"11";"070101";"CALLAO";"CALLAO";"CALLAO";"PRIVADO";"II-2";"00018319";"HOSPITAL ALBERTO LEONARDO BARTON THOMPSON";"241500";"HOSPITALIZACIÓN QUIRÚRGICA GINECOLOGÍA  ";"74";"216";"873";"856";"30";"930";"7"
"2023";"11";"070101";"CALLAO";"CALLAO";"CALLAO";"PRIVADO";"II-2";"00018319";"HOSPITAL ALBERTO LEONARDO BARTON THOMPSON";"241800";"HOSPITALIZACIÓN DE MEDICINA MEDICINA GENERAL ";"223";"239";"2502";"2317";"78";"2418";"28"
"2023";"11";"070101";"CALLAO";"CALLAO";"CALLAO";"PRIVADO";"II-2";"00018319";"HOSPITAL ALBERTO LEONARDO BARTON THOMPSON";"242300";"HOSPITALIZACIÓN DE PEDIATRÍA  PEDIATRÍA  GENERAL ";"123";"159";"556";"521";"33";"1023";"0"
"2023";"11";"070101";"CALLAO";"CALLAO";"CALLAO";"PRIVADO";"II-2";"00018319";"HOSPITAL ALBERTO LEONARDO BARTON THOMPSON";"250100";"UNIDAD DE CUIDADOS CRITICOS UNIDAD  DE CUIDADOS INTENSIVOS GENERALES (UCI) ";"21";"10";"250";"319";"17";"527";"8"
"2023";"11";"070101";"CALLAO";"CALLAO";"CALLAO";"PRIVADO";"II-2";"00018319";"HOSPITAL ALBERTO LEONARDO BARTON THOMPSON";"250200";"UNIDAD DE CUIDADOS CRITICOS UNIDAD DE CUIDADOS INTERMEDIOS GENERAL  (UCIN) ";"13";"18";"145";"329";"25";"775";"1"
"2023";"11";"080703";"CUSCO";"CHUMBIVILCAS";"CHAMACA";"GOBIERNO REGIONAL";"I-2";"00002403";"AÑAHUICHI";"NE_0001";"";"NE_0001";"NE_0001";"NE_0001";"NE_0001";"NE_0001";"NE_0001";"NE_0001"
"2023";"11";"080703";"CUSCO";"CHUMBIVILCAS";"CHAMACA";"GOBIERNO REGIONAL";"I-1";"00016328";"UCCHUCCARCCO";"NE_0001";"";"NE_0001";"NE_0001";"NE_0001";"NE_0001";"NE_0001";"NE_0001";"NE_0001"
"2023";"11";"080703";"CUSCO";"CHUMBIVILCAS";"CHAMACA";"GOBIERNO REGIONAL";"I-1";"00016330";"CCONCHACCOLLO";"NE_0001";"";"NE_0001";"NE_0001";"NE_0001";"NE_0001";"NE_0001";"NE_0001";"NE_0001"
"2023";"11";"140112";"LAMBAYEQUE";"CHICLAYO";"PIMENTEL";"ESSALUD";"II-1";"00011020";"HOSPITAL II LUIS HEYSEN INCHAUSTEGUI";"250304";"HOSPIT. EN UNIDAD DE CUID.INTEN.-UNIDAD DE VIGILANCIA INTENSIVA (UVI)-MEDICINA";"12";"5";"115";"154";"6";"180";"3"
"2023";"11";"140112";"LAMBAYEQUE";"CHICLAYO";"PIMENTEL";"ESSALUD";"II-1";"00011020";"HOSPITAL II LUIS HEYSEN INCHAUSTEGUI";"241900";"HOSPITALIZACIÓN DE MEDICINA MEDICINA INTERNA ";"68";"71";"848";"919";"33";"1000";"9"
"2023";"11";"140112";"LAMBAYEQUE";"CHICLAYO";"PIMENTEL";"ESSALUD";"II-1";"00011020";"HOSPITAL II LUIS HEYSEN INCHAUSTEGUI";"240100";"HOSPITALIZACIÓN QUIRÚRGICA CIRUGÍA GENERAL ";"297";"297";"1246";"1151";"45";"1338";"0"
"2023";"11";"140112";"LAMBAYEQUE";"CHICLAYO";"PIMENTEL";"ESSALUD";"II-1";"00011020";"HOSPITAL II LUIS HEYSEN INCHAUSTEGUI";"241400";"HOSPITALIZACIÓN QUIRÚRGICA GINECO - OBSTETRICIA ";"365";"372";"888";"792";"38";"1142";"0"
"2023";"11";"140112";"LAMBAYEQUE";"CHICLAYO";"PIMENTEL";"ESSALUD";"II-1";"00011020";"HOSPITAL II LUIS HEYSEN INCHAUSTEGUI";"242500";"HOSPITALIZACIÓN-PEDIATRÍA GENERAL-";"9";"39";"219";"234";"10";"300";"0"
"2023";"11";"130111";"LA LIBERTAD";"TRUJILLO";"VICTOR LARCO HERRERA";"GOBIERNO REGIONAL";"II-1";"00005243";"HOSPITAL DISTRITAL VISTA ALEGRE";"241400";"HOSPITALIZACIÓN QUIRÚRGICA GINECO - OBSTETRICIA ";"35";"31";"55";"55";"8";"240";"0"
"2023";"11";"220901";"SAN MARTIN";"SAN MARTIN";"TARAPOTO";"ESSALUD";"II-1";"00027733";"HOSPITAL II TARAPOTO";"241800";"HOSPITALIZACIÓN DE MEDICINA MEDICINA GENERAL ";"86";"85";"622";"595";"21";"630";"2"
"2023";"11";"220901";"SAN MARTIN";"SAN MARTIN";"TARAPOTO";"ESSALUD";"II-1";"00027733";"HOSPITAL II TARAPOTO";"250304";"HOSPIT. EN UNIDAD DE CUID.INTEN.-UNIDAD DE VIGILANCIA INTENSIVA (UVI)-MEDICINA";"16";"13";"125";"161";"8";"240";"6"
"2023";"11";"220901";"SAN MARTIN";"SAN MARTIN";"TARAPOTO";"ESSALUD";"II-1";"00027733";"HOSPITAL II TARAPOTO";"240100";"HOSPITALIZACIÓN QUIRÚRGICA CIRUGÍA GENERAL ";"135";"134";"603";"426";"16";"480";"0"
"2023";"11";"220901";"SAN MARTIN";"SAN MARTIN";"TARAPOTO";"ESSALUD";"II-1";"00027733";"HOSPITAL II TARAPOTO";"241400";"HOSPITALIZACIÓN QUIRÚRGICA GINECO - OBSTETRICIA ";"141";"140";"456";"310";"15";"450";"0"
"2023";"11";"220901";"SAN MARTIN";"SAN MARTIN";"TARAPOTO";"ESSALUD";"II-1";"00027733";"HOSPITAL II TARAPOTO";"242300";"HOSPITALIZACIÓN DE PEDIATRÍA  PEDIATRÍA  GENERAL ";"111";"110";"431";"354";"12";"360";"0"
"2023";"11";"070101";"CALLAO";"CALLAO";"CALLAO";"ESSALUD";"II-2";"00010533";"HOSPITAL II LIMA NORTE CALLAO ""LUIS NEGREIROS VEGA"" ESSALUD";"241900";"HOSPITALIZACIÓN DE MEDICINA MEDICINA INTERNA ";"204";"204";"1775";"1783";"60";"1800";"16"
"2023";"11";"070101";"CALLAO";"CALLAO";"CALLAO";"ESSALUD";"II-2";"00010533";"HOSPITAL II LIMA NORTE CALLAO ""LUIS NEGREIROS VEGA"" ESSALUD";"240100";"HOSPITALIZACIÓN QUIRÚRGICA CIRUGÍA GENERAL ";"374";"375";"830";"913";"34";"1020";"0"
"2023";"11";"070101";"CALLAO";"CALLAO";"CALLAO";"ESSALUD";"II-2";"00010533";"HOSPITAL II LIMA NORTE CALLAO ""LUIS NEGREIROS VEGA"" ESSALUD";"241600";"HOSPITALIZACIÓN QUIRÚRGICA OBSTETRICIA   ";"420";"426";"742";"680";"35";"1050";"0"
"2023";"11";"070101";"CALLAO";"CALLAO";"CALLAO";"ESSALUD";"II-2";"00010533";"HOSPITAL II LIMA NORTE CALLAO ""LUIS NEGREIROS VEGA"" ESSALUD";"242300";"HOSPITALIZACIÓN DE PEDIATRÍA  PEDIATRÍA  GENERAL ";"106";"105";"307";"322";"13";"390";"0"
"2023";"11";"200601";"PIURA";"SULLANA";"SULLANA";"ESSALUD";"I-4";"00010267";"HOSPITAL I ESSALUD-SULLANA";"241800";"HOSPITALIZACIÓN DE MEDICINA MEDICINA GENERAL ";"58";"53";"259";"265";"8";"240";"4"
"2023";"11";"200601";"PIURA";"SULLANA";"SULLANA";"ESSALUD";"I-4";"00010267";"HOSPITAL I ESSALUD-SULLANA";"242300";"HOSPITALIZACIÓN DE PEDIATRÍA  PEDIATRÍA  GENERAL ";"22";"25";"37";"37";"2";"60";"0"
"2023";"09";"190301";"PASCO";"OXAPAMPA";"OXAPAMPA";"GOBIERNO REGIONAL";"II-1";"00000980";"ERNESTO GERMAN GUZMÁN GONZALES";"250103";"UNIDAD DE CUIDADOS CRITICOS UNIDAD  DE CUIDADOS INTENSIVOS GENERALES  (UCI) MEDICINA";"13";"13";"121";"121";"2";"60";"1"
"2023";"09";"190301";"PASCO";"OXAPAMPA";"OXAPAMPA";"GOBIERNO REGIONAL";"II-1";"00000980";"ERNESTO GERMAN GUZMÁN GONZALES";"241800";"HOSPITALIZACIÓN DE MEDICINA MEDICINA GENERAL ";"13";"13";"73";"73";"2";"83";"2"
"2023";"09";"190301";"PASCO";"OXAPAMPA";"OXAPAMPA";"GOBIERNO REGIONAL";"II-1";"00000980";"ERNESTO GERMAN GUZMÁN GONZALES";"240100";"HOSPITALIZACIÓN QUIRÚRGICA CIRUGÍA GENERAL ";"13";"13";"57";"57";"5";"150";"0"
"2023";"09";"190301";"PASCO";"OXAPAMPA";"OXAPAMPA";"GOBIERNO REGIONAL";"II-1";"00000980";"ERNESTO GERMAN GUZMÁN GONZALES";"241200";"HOSPITALIZACIÓN QUIRÚRGICA TRAUMATOLOGÍA Y ORTOPEDIA ";"18";"18";"85";"85";"1";"90";"0"
"2023";"09";"190301";"PASCO";"OXAPAMPA";"OXAPAMPA";"GOBIERNO REGIONAL";"II-1";"00000980";"ERNESTO GERMAN GUZMÁN GONZALES";"241400";"HOSPITALIZACIÓN QUIRÚRGICA GINECO - OBSTETRICIA ";"59";"59";"119";"119";"4";"180";"0"
"2023";"09";"190301";"PASCO";"OXAPAMPA";"OXAPAMPA";"GOBIERNO REGIONAL";"II-1";"00000980";"ERNESTO GERMAN GUZMÁN GONZALES";"241600";"HOSPITALIZACIÓN QUIRÚRGICA OBSTETRICIA   ";"1";"1";"2";"2";"4";"120";"0"
"2023";"09";"190301";"PASCO";"OXAPAMPA";"OXAPAMPA";"GOBIERNO REGIONAL";"II-1";"00000980";"ERNESTO GERMAN GUZMÁN GONZALES";"242500";"HOSPITALIZACIÓN-PEDIATRÍA GENERAL-";"6";"6";"18";"18";"2";"60";"0"
"2023";"09";"190301";"PASCO";"OXAPAMPA";"OXAPAMPA";"GOBIERNO REGIONAL";"II-1";"00000980";"ERNESTO GERMAN GUZMÁN GONZALES";"243200";"HOSPITALIZACIÓN DE PEDIATRÍA PEDIATRIA NEONATOLOGÍA";"7";"7";"12";"12";"3";"90";"0"
"2023";"09";"050110";"AYACUCHO";"HUAMANGA";"SAN JUAN BAUTISTA";"ESSALUD";"II-1";"00011775";"HOSPITAL II HUAMANGA";"240100";"HOSPITALIZACIÓN QUIRÚRGICA CIRUGÍA GENERAL ";"100";"100";"338";"313";"13";"390";"0"
"2023";"09";"050110";"AYACUCHO";"HUAMANGA";"SAN JUAN BAUTISTA";"ESSALUD";"II-1";"00011775";"HOSPITAL II HUAMANGA";"241200";"HOSPITALIZACIÓN QUIRÚRGICA TRAUMATOLOGÍA Y ORTOPEDIA ";"26";"26";"162";"152";"6";"180";"0"
"2023";"09";"050110";"AYACUCHO";"HUAMANGA";"SAN JUAN BAUTISTA";"ESSALUD";"II-1";"00011775";"HOSPITAL II HUAMANGA";"241500";"HOSPITALIZACIÓN QUIRÚRGICA GINECOLOGÍA  ";"16";"16";"49";"46";"3";"90";"0"
"2023";"09";"050110";"AYACUCHO";"HUAMANGA";"SAN JUAN BAUTISTA";"ESSALUD";"II-1";"00011775";"HOSPITAL II HUAMANGA";"241400";"HOSPITALIZACIÓN QUIRÚRGICA GINECO - OBSTETRICIA ";"118";"117";"229";"220";"12";"360";"0"
"2023";"09";"050110";"AYACUCHO";"HUAMANGA";"SAN JUAN BAUTISTA";"ESSALUD";"II-1";"00011775";"HOSPITAL II HUAMANGA";"241800";"HOSPITALIZACIÓN DE MEDICINA MEDICINA GENERAL ";"75";"74";"364";"297";"13";"390";"1"
"2023";"09";"050110";"AYACUCHO";"HUAMANGA";"SAN JUAN BAUTISTA";"ESSALUD";"II-1";"00011775";"HOSPITAL II HUAMANGA";"250100";"UNIDAD DE CUIDADOS CRITICOS UNIDAD  DE CUIDADOS INTENSIVOS GENERALES (UCI) ";"3";"3";"108";"108";"6";"180";"3"
"2023";"09";"050110";"AYACUCHO";"HUAMANGA";"SAN JUAN BAUTISTA";"ESSALUD";"II-1";"00011775";"HOSPITAL II HUAMANGA";"250200";"UNIDAD DE CUIDADOS CRITICOS UNIDAD DE CUIDADOS INTERMEDIOS GENERAL  (UCIN) ";"28";"26";"211";"175";"11";"330";"7"
"2023";"09";"050110";"AYACUCHO";"HUAMANGA";"SAN JUAN BAUTISTA";"ESSALUD";"II-1";"00011775";"HOSPITAL II HUAMANGA";"243200";"HOSPITALIZACIÓN DE PEDIATRÍA PEDIATRIA NEONATOLOGÍA";"49";"48";"147";"135";"5";"150";"0"
"2023";"09";"050110";"AYACUCHO";"HUAMANGA";"SAN JUAN BAUTISTA";"ESSALUD";"II-1";"00011775";"HOSPITAL II HUAMANGA";"242300";"HOSPITALIZACIÓN DE PEDIATRÍA  PEDIATRÍA  GENERAL ";"80";"80";"286";"258";"11";"330";"0"
"2023";"09";"060303";"CAJAMARCA";"CELENDIN";"CORTEGANA";"GOBIERNO REGIONAL";"I-3";"00004477";"CORTEGANA";"NE_0001";"";"NE_0001";"NE_0001";"NE_0001";"NE_0001";"NE_0001";"NE_0001";"NE_0001"
"2023";"09";"060303";"CAJAMARCA";"CELENDIN";"CORTEGANA";"GOBIERNO REGIONAL";"I-1";"00004476";"VILLANUEVA";"NE_0001";"";"NE_0001";"NE_0001";"NE_0001";"NE_0001";"NE_0001";"NE_0001";"NE_0001"
"2023";"08";"130801";"LA LIBERTAD";"PATAZ";"TAYABAMBA";"GOBIERNO REGIONAL";"II-1";"00005375";"HOSPITAL PROVINCIAL DE TAYABAMBA";"241800";"HOSPITALIZACIÓN DE MEDICINA MEDICINA GENERAL ";"27";"25";"86";"166";"11";"330";"0"
"2023";"08";"130801";"LA LIBERTAD";"PATAZ";"TAYABAMBA";"GOBIERNO REGIONAL";"II-1";"00005375";"HOSPITAL PROVINCIAL DE TAYABAMBA";"241600";"HOSPITALIZACIÓN QUIRÚRGICA OBSTETRICIA   ";"16";"14";"21";"50";"5";"150";"0"
"2023";"10";"150136";"LIMA";"LIMA";"SAN MIGUEL";"SANIDAD DE LA POLICIA NACIONAL DEL PERU";"II-E";"00014718";"HOSPITAL GERIATRICO PNP SAN JOSE";"244400";"HOSPITALIZACIÓN DE MEDICINA GERIATRIA ";"24";"25";"302";"305";"26";"806";"8"
"2023";"10";"040101";"AREQUIPA";"AREQUIPA";"AREQUIPA";"PRIVADO";"II-E";"00016486";"CLÍNICA DE OJOS Y LA VISTA FUNDAR E.I.R.L.";"NE_0001";"";"NE_0001";"NE_0001";"NE_0001";"NE_0001";"NE_0001";"NE_0001";"NE_0001"
"2023";"10";"220101";"SAN MARTIN";"MOYOBAMBA";"MOYOBAMBA";"GOBIERNO REGIONAL";"I-1";"00006295";"DORADA";"NE_0001";"";"NE_0001";"NE_0001";"NE_0001";"NE_0001";"NE_0001";"NE_0001";"NE_0001"
"2023";"10";"220101";"SAN MARTIN";"MOYOBAMBA";"MOYOBAMBA";"GOBIERNO REGIONAL";"I-1";"00006293";"RAFAEL BELAUNDE";"NE_0001";"";"NE_0001";"NE_0001";"NE_0001";"NE_0001";"NE_0001";"NE_0001";"NE_0001"
"2023";"10";"220802";"SAN MARTIN";"RIOJA";"AWAJUN";"GOBIERNO REGIONAL";"I-3";"00006297";"BAJO NARANJILLO";"241600";"HOSPITALIZACIÓN QUIRÚRGICA OBSTETRICIA   ";"3";"3";"3";"3";"3";"90";"0"
"2023";"10";"220101";"SAN MARTIN";"MOYOBAMBA";"MOYOBAMBA";"GOBIERNO REGIONAL";"I-1";"00006292";"IMPERIO DE CACHIYACU";"NE_0001";"";"NE_0001";"NE_0001";"NE_0001";"NE_0001";"NE_0001";"NE_0001";"NE_0001"
"2023";"10";"220101";"SAN MARTIN";"MOYOBAMBA";"MOYOBAMBA";"GOBIERNO REGIONAL";"I-1";"00006296";"SAN JOSE DE ALTO MAYO";"NE_0001";"";"NE_0001";"NE_0001";"NE_0001";"NE_0001";"NE_0001";"NE_0001";"NE_0001"
"2023";"10";"220802";"SAN MARTIN";"RIOJA";"AWAJUN";"GOBIERNO REGIONAL";"I-1";"00006298";"SAN FRANCISCO ALTO MAYO";"NE_0001";"";"NE_0001";"NE_0001";"NE_0001";"NE_0001";"NE_0001";"NE_0001";"NE_0001"
"2023";"10";"220804";"SAN MARTIN";"RIOJA";"NUEVA CAJAMARCA";"GOBIERNO REGIONAL";"I-1";"00006302";"TUPAC AMARU";"NE_0001";"";"NE_0001";"NE_0001";"NE_0001";"NE_0001";"NE_0001";"NE_0001";"NE_0001"
"2023";"10";"220802";"SAN MARTIN";"RIOJA";"AWAJUN";"GOBIERNO REGIONAL";"I-1";"00007464";"SAN CARLOS";"NE_0001";"";"NE_0001";"NE_0001";"NE_0001";"NE_0001";"NE_0001";"NE_0001";"NE_0001"
"2023";"10";"220804";"SAN MARTIN";"RIOJA";"NUEVA CAJAMARCA";"GOBIERNO REGIONAL";"I-2";"00006301";"NARANJILLO";"NE_0001";"";"NE_0001";"NE_0001";"NE_0001";"NE_0001";"NE_0001";"NE_0001";"NE_0001"
"2023";"10";"220802";"SAN MARTIN";"RIOJA";"AWAJUN";"GOBIERNO REGIONAL";"I-1";"00009075";"NUEVA SANTA CRUZ";"NE_0001";"";"NE_0001";"NE_0001";"NE_0001";"NE_0001";"NE_0001";"NE_0001";"NE_0001"
"2023";"10";"030201";"APURIMAC";"ANDAHUAYLAS";"ANDAHUAYLAS";"PRIVADO";"I-3";"00021664";"ADMEDICAL CENTRO MEDICO";"NE_0001";"";"NE_0001";"NE_0001";"NE_0001";"NE_0001";"NE_0001";"NE_0001";"NE_0001"
"2023";"10";"090101";"HUANCAVELICA";"HUANCAVELICA";"HUANCAVELICA";"PRIVADO";"I-3";"00009300";"JUAN PABLO II";"NE_0001";"";"NE_0001";"NE_0001";"NE_0001";"NE_0001";"NE_0001";"NE_0001";"NE_0001"
"2023";"10";"150201";"LIMA";"BARRANCA";"BARRANCA";"GOBIERNO REGIONAL";"II-2";"00007635";"HOSPITAL DE BARRANCA";"240100";"HOSPITALIZACIÓN QUIRÚRGICA CIRUGÍA GENERAL ";"73";"82";"322";"529";"12";"372";"0"
"2023";"10";"150201";"LIMA";"BARRANCA";"BARRANCA";"GOBIERNO REGIONAL";"II-2";"00007635";"HOSPITAL DE BARRANCA";"241200";"HOSPITALIZACIÓN QUIRÚRGICA TRAUMATOLOGÍA Y ORTOPEDIA ";"16";"19";"136";"3";"8";"248";"0"
"2023";"10";"150201";"LIMA";"BARRANCA";"BARRANCA";"GOBIERNO REGIONAL";"II-2";"00007635";"HOSPITAL DE BARRANCA";"241300";"HOSPITALIZACIÓN QUIRÚRGICA UROLOGÍA  ";"3";"3";"13";"2";"3";"93";"0"
"2023";"10";"150201";"LIMA";"BARRANCA";"BARRANCA";"GOBIERNO REGIONAL";"II-2";"00007635";"HOSPITAL DE BARRANCA";"241500";"HOSPITALIZACIÓN QUIRÚRGICA GINECOLOGÍA  ";"121";"127";"338";"195";"16";"496";"0"
"2023";"10";"150201";"LIMA";"BARRANCA";"BARRANCA";"GOBIERNO REGIONAL";"II-2";"00007635";"HOSPITAL DE BARRANCA";"241600";"HOSPITALIZACIÓN QUIRÚRGICA OBSTETRICIA   ";"54";"57";"85";"202";"15";"465";"0"
"2023";"10";"150201";"LIMA";"BARRANCA";"BARRANCA";"GOBIERNO REGIONAL";"II-2";"00007635";"HOSPITAL DE BARRANCA";"241800";"HOSPITALIZACIÓN DE MEDICINA MEDICINA GENERAL ";"46";"70";"809";"438";"25";"775";"7"
"2023";"10";"150201";"LIMA";"BARRANCA";"BARRANCA";"GOBIERNO REGIONAL";"II-2";"00007635";"HOSPITAL DE BARRANCA";"242500";"HOSPITALIZACIÓN-PEDIATRÍA GENERAL-";"61";"67";"233";"187";"20";"620";"0"
"2023";"10";"150201";"LIMA";"BARRANCA";"BARRANCA";"GOBIERNO REGIONAL";"II-2";"00007635";"HOSPITAL DE BARRANCA";"243200";"HOSPITALIZACIÓN DE PEDIATRÍA PEDIATRIA NEONATOLOGÍA";"98";"101";"164";"164";"22";"682";"0"
"2023";"10";"150201";"LIMA";"BARRANCA";"BARRANCA";"GOBIERNO REGIONAL";"II-2";"00007635";"HOSPITAL DE BARRANCA";"250103";"UNIDAD DE CUIDADOS CRITICOS UNIDAD  DE CUIDADOS INTENSIVOS GENERALES  (UCI) MEDICINA";"2";"3";"53";"34";"4";"124";"0"
"2023";"10";"150201";"LIMA";"BARRANCA";"BARRANCA";"GOBIERNO REGIONAL";"II-2";"00007635";"HOSPITAL DE BARRANCA";"250108";"UNIDAD DE CUIDADOS CRITICOS UNIDAD  DE CUIDADOS INTENSIVOS  (UCI) PEDIÁTRICA";"2";"2";"7";"32";"7";"217";"0"
"2023";"10";"080501";"CUSCO";"CANAS";"YANAOCA";"GOBIERNO REGIONAL";"I-2";"00018241";"HAMPATURA";"NE_0001";"";"NE_0001";"NE_0001";"NE_0001";"NE_0001";"NE_0001";"NE_0001";"NE_0001"
"2023";"10";"080506";"CUSCO";"CANAS";"PAMPAMARCA";"GOBIERNO REGIONAL";"I-2";"00002372";"PAMPAMARCA";"NE_0001";"";"NE_0001";"NE_0001";"NE_0001";"NE_0001";"NE_0001";"NE_0001";"NE_0001"
"2023";"10";"080508";"CUSCO";"CANAS";"TUPAC AMARU";"GOBIERNO REGIONAL";"I-1";"00002375";"SURIMANA";"NE_0001";"";"NE_0001";"NE_0001";"NE_0001";"NE_0001";"NE_0001";"NE_0001";"NE_0001"
"2023";"10";"080507";"CUSCO";"CANAS";"QUEHUE";"GOBIERNO REGIONAL";"I-2";"00002373";"QUEHUE";"NE_0001";"";"NE_0001";"NE_0001";"NE_0001";"NE_0001";"NE_0001";"NE_0001";"NE_0001"
"2023";"10";"080501";"CUSCO";"CANAS";"YANAOCA";"GOBIERNO REGIONAL";"I-4";"00002364";"YANAOCA";"NE_0001";"";"NE_0001";"NE_0001";"NE_0001";"NE_0001";"NE_0001";"NE_0001";"NE_0001"
"2023";"10";"080508";"CUSCO";"CANAS";"TUPAC AMARU";"GOBIERNO REGIONAL";"I-2";"00002376";"TUNGASUCA";"NE_0001";"";"NE_0001";"NE_0001";"NE_0001";"NE_0001";"NE_0001";"NE_0001";"NE_0001"
"2023";"10";"080501";"CUSCO";"CANAS";"YANAOCA";"GOBIERNO REGIONAL";"I-2";"00002365";"PONGOÑA";"NE_0001";"";"NE_0001";"NE_0001";"NE_0001";"NE_0001";"NE_0001";"NE_0001";"NE_0001"
"2023";"10";"080507";"CUSCO";"CANAS";"QUEHUE";"GOBIERNO REGIONAL";"I-2";"00002374";"HUINCHIRI";"NE_0001";"";"NE_0001";"NE_0001";"NE_0001";"NE_0001";"NE_0001";"NE_0001";"NE_0001"
"2023";"10";"110113";"ICA";"ICA";"TATE";"GOBIERNO REGIONAL";"I-3";"00003371";"TATE";"NE_0001";"";"NE_0001";"NE_0001";"NE_0001";"NE_0001";"NE_0001";"NE_0001";"NE_0001"
"2023";"10";"110107";"ICA";"ICA";"PUEBLO NUEVO";"GOBIERNO REGIONAL";"I-1";"00003403";"CALLEJON LOS ESPINOS";"NE_0001";"";"NE_0001";"NE_0001";"NE_0001";"NE_0001";"NE_0001";"NE_0001";"NE_0001"
"2023";"10";"110113";"ICA";"ICA";"TATE";"GOBIERNO REGIONAL";"I-1";"00003404";"LUJARAJA";"NE_0001";"";"NE_0001";"NE_0001";"NE_0001";"NE_0001";"NE_0001";"NE_0001";"NE_0001"
"2023";"10";"110107";"ICA";"ICA";"PUEBLO NUEVO";"MINSA";"I-3";"00003370";"CENTRO DE SALUD PUEBLO NUEVO";"NE_0001";"";"NE_0001";"NE_0001";"NE_0001";"NE_0001";"NE_0001";"NE_0001";"NE_0001"
"2023";"10";"110113";"ICA";"ICA";"TATE";"GOBIERNO REGIONAL";"I-1";"00003406";"LOS CALDERONES";"NE_0001";"";"NE_0001";"NE_0001";"NE_0001";"NE_0001";"NE_0001";"NE_0001";"NE_0001"
"2023";"10";"110105";"ICA";"ICA";"PACHACUTEC";"GOBIERNO REGIONAL";"I-2";"00003407";"EL PALTO";"NE_0001";"";"NE_0001";"NE_0001";"NE_0001";"NE_0001";"NE_0001";"NE_0001";"NE_0001"
"2023";"10";"110107";"ICA";"ICA";"PUEBLO NUEVO";"GOBIERNO REGIONAL";"I-1";"00003402";"PARIÑA GRANDE";"NE_0001";"";"NE_0001";"NE_0001";"NE_0001";"NE_0001";"NE_0001";"NE_0001";"NE_0001"
"2023";"10";"110113";"ICA";"ICA";"TATE";"GOBIERNO REGIONAL";"I-1";"00003405";"PUNO";"NE_0001";"";"NE_0001";"NE_0001";"NE_0001";"NE_0001";"NE_0001";"NE_0001";"NE_0001"
"2023";"10";"110105";"ICA";"ICA";"PACHACUTEC";"MINSA";"I-2";"00003372";"PACHACUTEC";"NE_0001";"";"NE_0001";"NE_0001";"NE_0001";"NE_0001";"NE_0001";"NE_0001";"NE_0001"
"2023";"10";"110107";"ICA";"ICA";"PUEBLO NUEVO";"GOBIERNO REGIONAL";"I-1";"00003401";"SAN RAFAEL";"NE_0001";"";"NE_0001";"NE_0001";"NE_0001";"NE_0001";"NE_0001";"NE_0001";"NE_0001"
"2023";"10";"190107";"PASCO";"PASCO";"PAUCARTAMBO";"ESSALUD";"I-2";"00009762";"POSTA MEDICA DE PAUCARTAMBO";"NE_0001";"";"NE_0001";"NE_0001";"NE_0001";"NE_0001";"NE_0001";"NE_0001";"NE_0001"
"2023";"10";"120305";"JUNIN";"CHANCHAMAYO";"SAN RAMON";"GOBIERNO REGIONAL";"I-4";"00000354";"SAN RAMON";"241600";"HOSPITALIZACIÓN QUIRÚRGICA OBSTETRICIA   ";"9";"9";"14";"14";"5";"150";"0"
"2023";"10";"120305";"JUNIN";"CHANCHAMAYO";"SAN RAMON";"GOBIERNO REGIONAL";"I-4";"00000354";"SAN RAMON";"241800";"HOSPITALIZACIÓN DE MEDICINA MEDICINA GENERAL ";"7";"7";"17";"17";"3";"90";"0"
"2023";"10";"120306";"JUNIN";"CHANCHAMAYO";"VITOC";"GOBIERNO REGIONAL";"I-1";"00000359";"VISCATAN";"NE_0001";"";"NE_0001";"NE_0001";"NE_0001";"NE_0001";"NE_0001";"NE_0001";"NE_0001"
"2023";"10";"120416";"JUNIN";"JAUJA";"MASMA";"GOBIERNO REGIONAL";"I-1";"00000361";"UCHUBAMBA";"NE_0001";"";"NE_0001";"NE_0001";"NE_0001";"NE_0001";"NE_0001";"NE_0001";"NE_0001"
"2023";"10";"120305";"JUNIN";"CHANCHAMAYO";"SAN RAMON";"GOBIERNO REGIONAL";"I-2";"00000356";"LA ESPERANZA";"NE_0001";"";"NE_0001";"NE_0001";"NE_0001";"NE_0001";"NE_0001";"NE_0001";"NE_0001"
"2023";"10";"120419";"JUNIN";"JAUJA";"MONOBAMBA";"GOBIERNO REGIONAL";"I-1";"00000363";"CHACAYBAMBA";"NE_0001";"";"NE_0001";"NE_0001";"NE_0001";"NE_0001";"NE_0001";"NE_0001";"NE_0001"
"2023";"10";"120419";"JUNIN";"JAUJA";"MONOBAMBA";"GOBIERNO REGIONAL";"I-2";"00000362";"MONOBAMBA";"NE_0001";"";"NE_0001";"NE_0001";"NE_0001";"NE_0001";"NE_0001";"NE_0001";"NE_0001"
"2023";"10";"120306";"JUNIN";"CHANCHAMAYO";"VITOC";"GOBIERNO REGIONAL";"I-2";"00000358";"VITOC";"NE_0001";"";"NE_0001";"NE_0001";"NE_0001";"NE_0001";"NE_0001";"NE_0001";"NE_0001"
"2023";"10";"120306";"JUNIN";"CHANCHAMAYO";"VITOC";"GOBIERNO REGIONAL";"I-1";"00000360";"UTCUYACU";"NE_0001";"";"NE_0001";"NE_0001";"NE_0001";"NE_0001";"NE_0001";"NE_0001";"NE_0001"
"2023";"10";"120305";"JUNIN";"CHANCHAMAYO";"SAN RAMON";"GOBIERNO REGIONAL";"I-2";"00000355";"NARANJAL";"NE_0001";"";"NE_0001";"NE_0001";"NE_0001";"NE_0001";"NE_0001";"NE_0001";"NE_0001"
"2023";"10";"120305";"JUNIN";"CHANCHAMAYO";"SAN RAMON";"GOBIERNO REGIONAL";"I-1";"00000357";"PEDREGAL";"NE_0001";"";"NE_0001";"NE_0001";"NE_0001";"NE_0001";"NE_0001";"NE_0001";"NE_0001"
"2023";"10";"110108";"ICA";"ICA";"SALAS";"GOBIERNO REGIONAL";"I-3";"00003363";"GUADALUPE";"NE_0001";"";"NE_0001";"NE_0001";"NE_0001";"NE_0001";"NE_0001";"NE_0001";"NE_0001"
"2023";"10";"110112";"ICA";"ICA";"SUBTANJALLA";"GOBIERNO REGIONAL";"I-3";"00003362";"SUBTANJALLA";"NE_0001";"";"NE_0001";"NE_0001";"NE_0001";"NE_0001";"NE_0001";"NE_0001";"NE_0001"
"2023";"10";"110108";"ICA";"ICA";"SALAS";"GOBIERNO REGIONAL";"I-2";"00003384";"PAMPA DE VILLACURI";"NE_0001";"";"NE_0001";"NE_0001";"NE_0001";"NE_0001";"NE_0001";"NE_0001";"NE_0001"
"2023";"10";"110112";"ICA";"ICA";"SUBTANJALLA";"GOBIERNO REGIONAL";"I-3";"00003378";"LA ANGOSTURA";"NE_0001";"";"NE_0001";"NE_0001";"NE_0001";"NE_0001";"NE_0001";"NE_0001";"NE_0001"
"2023";"10";"110112";"ICA";"ICA";"SUBTANJALLA";"GOBIERNO REGIONAL";"I-2";"00003380";"YANQUIZA";"NE_0001";"";"NE_0001";"NE_0001";"NE_0001";"NE_0001";"NE_0001";"NE_0001";"NE_0001"
"2023";"10";"110108";"ICA";"ICA";"SALAS";"GOBIERNO REGIONAL";"I-2";"00003382";"COLLAZOS";"NE_0001";"";"NE_0001";"NE_0001";"NE_0001";"NE_0001";"NE_0001";"NE_0001";"NE_0001"
"2023";"10";"110112";"ICA";"ICA";"SUBTANJALLA";"GOBIERNO REGIONAL";"I-2";"00003379";"ARRABALES";"NE_0001";"";"NE_0001";"NE_0001";"NE_0001";"NE_0001";"NE_0001";"NE_0001";"NE_0001"
"2023";"10";"110108";"ICA";"ICA";"SALAS";"GOBIERNO REGIONAL";"I-2";"00003383";"CERRO PRIETO";"NE_0001";"";"NE_0001";"NE_0001";"NE_0001";"NE_0001";"NE_0001";"NE_0001";"NE_0001"
"2023";"10";"050101";"AYACUCHO";"HUAMANGA";"AYACUCHO";"GOBIERNO REGIONAL";"I-3";"00006898";"CENTRO DE  SALUD MOLLEPATA";"NE_0001";"";"NE_0001";"NE_0001";"NE_0001";"NE_0001";"NE_0001";"NE_0001";"NE_0001"
"2023";"10";"050101";"AYACUCHO";"HUAMANGA";"AYACUCHO";"GOBIERNO REGIONAL";"I-4";"00003576";"CENTRO DE SALUD LOS LICENCIADOS";"241600";"HOSPITALIZACIÓN QUIRÚRGICA OBSTETRICIA   ";"27";"27";"27";"3";"7";"10";"0"
"2023";"09";"220505";"SAN MARTIN";"LAMAS";"CUÑUMBUQUI";"GOBIERNO REGIONAL";"I-1";"00006784";"ALTO ANDINO";"NE_0002";"";"NE_0002";"NE_0002";"NE_0002";"NE_0002";"NE_0002";"NE_0002";"NE_0002"
"2023";"09";"220511";"SAN MARTIN";"LAMAS";"ZAPATERO";"GOBIERNO REGIONAL";"I-1";"00006810";"VISTOSO GRANDE";"NE_0002";"";"NE_0002";"NE_0002";"NE_0002";"NE_0002";"NE_0002";"NE_0002";"NE_0002"
"2023";"09";"220205";"SAN MARTIN";"BELLAVISTA";"SAN PABLO";"GOBIERNO REGIONAL";"I-1";"00006507";"FAUSA SAPINA";"NE_0001";"";"NE_0001";"NE_0001";"NE_0001";"NE_0001";"NE_0001";"NE_0001";"NE_0001"
"2023";"09";"220205";"SAN MARTIN";"BELLAVISTA";"SAN PABLO";"GOBIERNO REGIONAL";"I-1";"00006508";"SAN PABLO";"NE_0001";"";"NE_0001";"NE_0001";"NE_0001";"NE_0001";"NE_0001";"NE_0001";"NE_0001"
"2023";"10";"110101";"ICA";"ICA";"ICA";"SANIDAD DE LA POLICIA NACIONAL DEL PERU";"I-3";"00010900";"POLICLINICO POLICIAL ICA";"NE_0001";"";"NE_0001";"NE_0001";"NE_0001";"NE_0001";"NE_0001";"NE_0001";"NE_0001"
"2023";"10";"110101";"ICA";"ICA";"ICA";"PRIVADO";"II-1";"00012765";"SAN VICENTE";"240000";"HOSPITALIZACIÓN";"28";"27";"32";"28";"8";"248";"0"
"2023";"10";"020105";"ANCASH";"HUARAZ";"INDEPENDENCIA";"GOBIERNO REGIONAL";"I-3";"00028701";"CENTRO DE SALUD MENTAL COMUNITARIO ""ALLY WARAQ""";"NE_0001";"";"NE_0001";"NE_0001";"NE_0001";"NE_0001";"NE_0001";"NE_0001";"NE_0001"
"2023";"10";"150130";"LIMA";"LIMA";"SAN BORJA";"PRIVADO";"II-E";"00015934";"CENTRO DE CIRUGÍA ESTÉTICA LAS CONDES";"240800";"HOSPITALIZACIÓN QUIRÚRGICA CIRUGÍA PLÁSTICA/RECONSTRUCTIVA/ REPARADORA ";"93";"90";"146";"114";"9";"186";"0"
"2023";"10";"150117";"LIMA";"LIMA";"LOS OLIVOS";"PRIVADO";"II-E";"00026936";"CLINICA AVIVA SEDE LOS OLIVOS";"240000";"HOSPITALIZACIÓN";"375";"355";"812";"375";"22";"682";"1"
"2023";"10";"040126";"AREQUIPA";"AREQUIPA";"YANAHUARA";"PRIVADO";"II-1";"00012907";"SISTEMAS DE ADMINISTRACION HOSPITALARIA S.A.C.";"240100";"HOSPITALIZACIÓN QUIRÚRGICA CIRUGÍA GENERAL ";"58";"58";"435";"56";"5";"155";"0"
"2023";"10";"040126";"AREQUIPA";"AREQUIPA";"YANAHUARA";"PRIVADO";"II-1";"00012907";"SISTEMAS DE ADMINISTRACION HOSPITALARIA S.A.C.";"241400";"HOSPITALIZACIÓN QUIRÚRGICA GINECO - OBSTETRICIA ";"25";"25";"177";"24";"9";"279";"0"
"2023";"10";"040126";"AREQUIPA";"AREQUIPA";"YANAHUARA";"PRIVADO";"II-1";"00012907";"SISTEMAS DE ADMINISTRACION HOSPITALARIA S.A.C.";"241900";"HOSPITALIZACIÓN DE MEDICINA MEDICINA INTERNA ";"23";"23";"210";"23";"5";"155";"0"
"2023";"10";"040126";"AREQUIPA";"AREQUIPA";"YANAHUARA";"PRIVADO";"II-1";"00012907";"SISTEMAS DE ADMINISTRACION HOSPITALARIA S.A.C.";"242300";"HOSPITALIZACIÓN DE PEDIATRÍA  PEDIATRÍA  GENERAL ";"10";"10";"48";"9";"5";"155";"0"
"2023";"10";"150101";"LIMA";"LIMA";"LIMA";"PRIVADO";"II-E";"00009483";"OCULASER SAC";"NE_0001";"";"NE_0001";"NE_0001";"NE_0001";"NE_0001";"NE_0001";"NE_0001";"NE_0001"
"2023";"10";"220601";"SAN MARTIN";"MARISCAL CACERES";"JUANJUI";"ESSALUD";"I-4";"00016481";"HOSPITAL I JUANJUI - ESSALUD";"241800";"HOSPITALIZACIÓN DE MEDICINA MEDICINA GENERAL ";"62";"68";"276";"208";"8";"240";"1"
"2023";"10";"160201";"LORETO";"ALTO AMAZONAS";"YURIMAGUAS";"ESSALUD";"II-1";"00020274";"ESSALUD - HOSPITAL I YURIMAGUAS";"241800";"HOSPITALIZACIÓN DE MEDICINA MEDICINA GENERAL ";"58";"72";"298";"269";"10";"310";"2"
"2023";"10";"160201";"LORETO";"ALTO AMAZONAS";"YURIMAGUAS";"ESSALUD";"II-1";"00020274";"ESSALUD - HOSPITAL I YURIMAGUAS";"241600";"HOSPITALIZACIÓN QUIRÚRGICA OBSTETRICIA   ";"31";"35";"35";"90";"3";"93";"0"
"2023";"10";"110201";"ICA";"CHINCHA";"CHINCHA ALTA";"GOBIERNO REGIONAL";"II-1";"00003414";"HOSPITAL SAN JOSE DE CHINCHA";"240100";"HOSPITALIZACIÓN QUIRÚRGICA CIRUGÍA GENERAL ";"96";"96";"406";"405";"32";"960";"0"
"2023";"10";"110201";"ICA";"CHINCHA";"CHINCHA ALTA";"GOBIERNO REGIONAL";"II-1";"00003414";"HOSPITAL SAN JOSE DE CHINCHA";"241400";"HOSPITALIZACIÓN QUIRÚRGICA GINECO - OBSTETRICIA ";"250";"250";"533";"525";"40";"1200";"0"
"2023";"10";"110201";"ICA";"CHINCHA";"CHINCHA ALTA";"GOBIERNO REGIONAL";"II-1";"00003414";"HOSPITAL SAN JOSE DE CHINCHA";"241800";"HOSPITALIZACIÓN DE MEDICINA MEDICINA GENERAL ";"83";"83";"569";"569";"68";"2040";"16"
"2023";"10";"110201";"ICA";"CHINCHA";"CHINCHA ALTA";"GOBIERNO REGIONAL";"II-1";"00003414";"HOSPITAL SAN JOSE DE CHINCHA";"242500";"HOSPITALIZACIÓN-PEDIATRÍA GENERAL-";"83";"83";"291";"289";"14";"420";"3"
"2023";"10";"150130";"LIMA";"LIMA";"SAN BORJA";"PRIVADO";"II-E";"00032441";"CLINICA SAN BORJA SALUD";"240100";"HOSPITALIZACIÓN QUIRÚRGICA CIRUGÍA GENERAL ";"89";"89";"89";"178";"11";"152";"0"
"2023";"10";"150130";"LIMA";"LIMA";"SAN BORJA";"PRIVADO";"II-E";"00032441";"CLINICA SAN BORJA SALUD";"241300";"HOSPITALIZACIÓN QUIRÚRGICA UROLOGÍA  ";"2";"2";"4";"8";"11";"300";"0"
"2023";"10";"150130";"LIMA";"LIMA";"SAN BORJA";"PRIVADO";"II-E";"00032441";"CLINICA SAN BORJA SALUD";"241400";"HOSPITALIZACIÓN QUIRÚRGICA GINECO - OBSTETRICIA ";"1";"1";"1";"2";"11";"298";"0"
"2023";"10";"220511";"SAN MARTIN";"LAMAS";"ZAPATERO";"GOBIERNO REGIONAL";"I-1";"00006400";"NUEVO CELENDIN";"NE_0002";"";"NE_0002";"NE_0002";"NE_0002";"NE_0002";"NE_0002";"NE_0002";"NE_0002"
"2023";"10";"220511";"SAN MARTIN";"LAMAS";"ZAPATERO";"GOBIERNO REGIONAL";"I-1";"00006404";"SANTA CRUZ DE SHITARIYACU";"NE_0002";"";"NE_0002";"NE_0002";"NE_0002";"NE_0002";"NE_0002";"NE_0002";"NE_0002"
"2023";"10";"220511";"SAN MARTIN";"LAMAS";"ZAPATERO";"GOBIERNO REGIONAL";"I-1";"00006403";"CARAÑAYACU";"NE_0002";"";"NE_0002";"NE_0002";"NE_0002";"NE_0002";"NE_0002";"NE_0002";"NE_0002"
"2023";"10";"210701";"PUNO";"LAMPA";"LAMPA";"ESSALUD";"II-1";"00009900";"HOSPITAL I LAMPA - ESSALUD - RED ASISTENCIAL JULIACA";"242200";"HOSPITALIZACIÓN DE MEDICINA PSIQUIATRÍA ";"19";"15";"179";"253";"10";"277";"0"
"2023";"10";"120303";"JUNIN";"CHANCHAMAYO";"PICHANAQUI";"GOBIERNO REGIONAL";"I-3";"00000343";"CENTRO CUYANI";"NE_0001";"";"NE_0001";"NE_0001";"NE_0001";"NE_0001";"NE_0001";"NE_0001";"NE_0001"
"2023";"10";"120303";"JUNIN";"CHANCHAMAYO";"PICHANAQUI";"GOBIERNO REGIONAL";"I-1";"00006712";"BARINETTI REAL";"NE_0001";"";"NE_0001";"NE_0001";"NE_0001";"NE_0001";"NE_0001";"NE_0001";"NE_0001"
"2023";"10";"060804";"CAJAMARCA";"JAEN";"COLASAY";"GOBIERNO REGIONAL";"I-1";"00004240";"CUYCA";"NE_0001";"";"NE_0001";"NE_0001";"NE_0001";"NE_0001";"NE_0001";"NE_0001";"NE_0001"
"2023";"10";"020601";"ANCASH";"CARHUAZ";"CARHUAZ";"GOBIERNO REGIONAL";"II-1";"00001516";"HOSPITAL DE APOYO CARHUAZ";"241800";"HOSPITALIZACIÓN DE MEDICINA MEDICINA GENERAL ";"11";"12";"78";"66";"6";"186";"0"
"2023";"10";"020601";"ANCASH";"CARHUAZ";"CARHUAZ";"GOBIERNO REGIONAL";"II-1";"00001516";"HOSPITAL DE APOYO CARHUAZ";"240100";"HOSPITALIZACIÓN QUIRÚRGICA CIRUGÍA GENERAL ";"1";"1";"19";"24";"3";"93";"0"
"2023";"10";"020601";"ANCASH";"CARHUAZ";"CARHUAZ";"GOBIERNO REGIONAL";"II-1";"00001516";"HOSPITAL DE APOYO CARHUAZ";"242500";"HOSPITALIZACIÓN-PEDIATRÍA GENERAL-";"4";"4";"12";"12";"5";"155";"0"
"2023";"10";"020601";"ANCASH";"CARHUAZ";"CARHUAZ";"GOBIERNO REGIONAL";"II-1";"00001516";"HOSPITAL DE APOYO CARHUAZ";"241600";"HOSPITALIZACIÓN QUIRÚRGICA OBSTETRICIA   ";"31";"33";"52";"50";"3";"93";"0"
"2023";"10";"020601";"ANCASH";"CARHUAZ";"CARHUAZ";"GOBIERNO REGIONAL";"II-1";"00001516";"HOSPITAL DE APOYO CARHUAZ";"241500";"HOSPITALIZACIÓN QUIRÚRGICA GINECOLOGÍA  ";"21";"22";"50";"46";"3";"93";"0"
"2023";"10";"080101";"CUSCO";"CUSCO";"CUSCO";"GOBIERNO REGIONAL";"III-1";"00002289";"HOSPITAL DE APOYO DEPARTAMENTAL CUSCO";"240100";"HOSPITALIZACIÓN QUIRÚRGICA CIRUGÍA GENERAL ";"158";"160";"779";"863";"34";"1054";"1"
"2023";"10";"080101";"CUSCO";"CUSCO";"CUSCO";"GOBIERNO REGIONAL";"III-1";"00002289";"HOSPITAL DE APOYO DEPARTAMENTAL CUSCO";"240100";"HOSPITALIZACIÓN QUIRÚRGICA CIRUGÍA GENERAL ";"74";"73";"739";"648";"32";"992";"0"
"2023";"10";"080101";"CUSCO";"CUSCO";"CUSCO";"GOBIERNO REGIONAL";"III-1";"00002289";"HOSPITAL DE APOYO DEPARTAMENTAL CUSCO";"241500";"HOSPITALIZACIÓN QUIRÚRGICA GINECOLOGÍA  ";"226";"227";"715";"743";"29";"899";"0"
"2023";"10";"080101";"CUSCO";"CUSCO";"CUSCO";"GOBIERNO REGIONAL";"III-1";"00002289";"HOSPITAL DE APOYO DEPARTAMENTAL CUSCO";"242000";"HOSPITALIZACIÓN DE MEDICINA MEDICINA TROPICAL E INFECCIOSAS ";"12";"18";"330";"588";"24";"744";"2"
"2023";"10";"080101";"CUSCO";"CUSCO";"CUSCO";"GOBIERNO REGIONAL";"III-1";"00002289";"HOSPITAL DE APOYO DEPARTAMENTAL CUSCO";"241400";"HOSPITALIZACIÓN QUIRÚRGICA GINECO - OBSTETRICIA ";"245";"255";"683";"679";"31";"961";"0"
"2023";"10";"080101";"CUSCO";"CUSCO";"CUSCO";"GOBIERNO REGIONAL";"III-1";"00002289";"HOSPITAL DE APOYO DEPARTAMENTAL CUSCO";"241800";"HOSPITALIZACIÓN DE MEDICINA MEDICINA GENERAL ";"62";"57";"756";"799";"32";"992";"9"
"2023";"10";"080101";"CUSCO";"CUSCO";"CUSCO";"GOBIERNO REGIONAL";"III-1";"00002289";"HOSPITAL DE APOYO DEPARTAMENTAL CUSCO";"241800";"HOSPITALIZACIÓN DE MEDICINA MEDICINA GENERAL ";"46";"48";"670";"649";"25";"775";"5"
"2023";"10";"080101";"CUSCO";"CUSCO";"CUSCO";"GOBIERNO REGIONAL";"III-1";"00002289";"HOSPITAL DE APOYO DEPARTAMENTAL CUSCO";"241900";"HOSPITALIZACIÓN DE MEDICINA MEDICINA INTERNA ";"24";"23";"390";"449";"22";"682";"4"
"2023";"10";"080101";"CUSCO";"CUSCO";"CUSCO";"GOBIERNO REGIONAL";"III-1";"00002289";"HOSPITAL DE APOYO DEPARTAMENTAL CUSCO";"240900";"HOSPITALIZACIÓN QUIRÚRGICA NEUROCIRUGÍA ";"40";"41";"421";"440";"25";"775";"0"
"2023";"10";"080101";"CUSCO";"CUSCO";"CUSCO";"GOBIERNO REGIONAL";"III-1";"00002289";"HOSPITAL DE APOYO DEPARTAMENTAL CUSCO";"242100";"HOSPITALIZACIÓN DE MEDICINA ONCOLOGÍA MÉDICA ";"38";"32";"412";"424";"20";"620";"1"
"2023";"10";"080101";"CUSCO";"CUSCO";"CUSCO";"GOBIERNO REGIONAL";"III-1";"00002289";"HOSPITAL DE APOYO DEPARTAMENTAL CUSCO";"242300";"HOSPITALIZACIÓN DE PEDIATRÍA  PEDIATRÍA  GENERAL ";"46";"46";"438";"510";"21";"651";"0"
"2023";"10";"080101";"CUSCO";"CUSCO";"CUSCO";"GOBIERNO REGIONAL";"III-1";"00002289";"HOSPITAL DE APOYO DEPARTAMENTAL CUSCO";"243200";"HOSPITALIZACIÓN DE PEDIATRÍA PEDIATRIA NEONATOLOGÍA";"82";"79";"589";"547";"30";"930";"3"
"2023";"10";"080101";"CUSCO";"CUSCO";"CUSCO";"GOBIERNO REGIONAL";"III-1";"00002289";"HOSPITAL DE APOYO DEPARTAMENTAL CUSCO";"242204";"HOSPITALIZACIÓN DE MEDICINA PSIQUIATRÍA REHABILITACIÓN PSIQUIÁTRICA / REINSERCIÓN ";"10";"10";"248";"148";"7";"217";"0"
"2023";"10";"080101";"CUSCO";"CUSCO";"CUSCO";"GOBIERNO REGIONAL";"III-1";"00002289";"HOSPITAL DE APOYO DEPARTAMENTAL CUSCO";"241200";"HOSPITALIZACIÓN QUIRÚRGICA TRAUMATOLOGÍA Y ORTOPEDIA ";"50";"56";"913";"879";"30";"930";"0"
"2023";"10";"080101";"CUSCO";"CUSCO";"CUSCO";"GOBIERNO REGIONAL";"III-1";"00002289";"HOSPITAL DE APOYO DEPARTAMENTAL CUSCO";"240801";"HOSPITALIZACIÓN QUIRÚRGICA CIRUGÍA PLÁSTICA/RECONSTRUCTIVA/ REPARADORA QUEMADOS";"24";"24";"322";"381";"18";"558";"0"
"2023";"10";"080101";"CUSCO";"CUSCO";"CUSCO";"GOBIERNO REGIONAL";"III-1";"00002289";"HOSPITAL DE APOYO DEPARTAMENTAL CUSCO";"250100";"UNIDAD DE CUIDADOS CRITICOS UNIDAD  DE CUIDADOS INTENSIVOS GENERALES (UCI) ";"34";"38";"324";"254";"17";"527";"4"
"2023";"10";"230101";"TACNA";"TACNA";"TACNA";"PRIVADO";"I-4";"00015875";"PROMEDIC";"NE_0002";"";"NE_0002";"NE_0002";"NE_0002";"NE_0002";"NE_0002";"NE_0002";"NE_0002"
"2023";"10";"040410";"AREQUIPA";"CASTILLA";"PAMPACOLCA";"GOBIERNO REGIONAL";"I-3";"00001385";"CENTRO DE SALUD PAMPACOLCA";"NE_0001";"";"NE_0001";"NE_0001";"NE_0001";"NE_0001";"NE_0001";"NE_0001";"NE_0001"
"2023";"10";"040410";"AREQUIPA";"CASTILLA";"PAMPACOLCA";"GOBIERNO REGIONAL";"I-2";"00001398";"PUESTO DE SALUD SAN ANTONIO";"NE_0001";"";"NE_0001";"NE_0001";"NE_0001";"NE_0001";"NE_0001";"NE_0001";"NE_0001"
"2023";"10";"040410";"AREQUIPA";"CASTILLA";"PAMPACOLCA";"GOBIERNO REGIONAL";"I-1";"00001399";"PUESTO DE SALUD PISCOPAMPA";"NE_0001";"";"NE_0001";"NE_0001";"NE_0001";"NE_0001";"NE_0001";"NE_0001";"NE_0001"
"2023";"10";"080807";"CUSCO";"ESPINAR";"SUYCKUTAMBO";"GOBIERNO REGIONAL";"I-2";"00002419";"SUYKUTAMBO";"NE_0001";"";"NE_0001";"NE_0001";"NE_0001";"NE_0001";"NE_0001";"NE_0001";"NE_0001"
"2023";"10";"080803";"CUSCO";"ESPINAR";"COPORAQUE";"GOBIERNO REGIONAL";"I-2";"00002413";"URINSAYA";"NE_0001";"";"NE_0001";"NE_0001";"NE_0001";"NE_0001";"NE_0001";"NE_0001";"NE_0001"
"2023";"10";"080803";"CUSCO";"ESPINAR";"COPORAQUE";"GOBIERNO REGIONAL";"I-2";"00002414";"HUAYHUAHUASI";"NE_0001";"";"NE_0001";"NE_0001";"NE_0001";"NE_0001";"NE_0001";"NE_0001";"NE_0001"
"2023";"10";"130704";"LA LIBERTAD";"PACASMAYO";"PACASMAYO";"GOBIERNO REGIONAL";"II-1";"00005296";"HOSPITAL DISTRITAL DE PACASMAYO";"241800";"HOSPITALIZACIÓN DE MEDICINA MEDICINA GENERAL ";"20";"19";"64";"70";"4";"124";"0"
"2023";"10";"130704";"LA LIBERTAD";"PACASMAYO";"PACASMAYO";"GOBIERNO REGIONAL";"II-1";"00005296";"HOSPITAL DISTRITAL DE PACASMAYO";"240100";"HOSPITALIZACIÓN QUIRÚRGICA CIRUGÍA GENERAL ";"NE_0002";"NE_0002";"NE_0002";"NE_0002";"4";"124";"0"
"2023";"10";"130704";"LA LIBERTAD";"PACASMAYO";"PACASMAYO";"GOBIERNO REGIONAL";"II-1";"00005296";"HOSPITAL DISTRITAL DE PACASMAYO";"242300";"HOSPITALIZACIÓN DE PEDIATRÍA  PEDIATRÍA  GENERAL ";"7";"7";"14";"14";"4";"124";"0"
"2023";"10";"130704";"LA LIBERTAD";"PACASMAYO";"PACASMAYO";"GOBIERNO REGIONAL";"II-1";"00005296";"HOSPITAL DISTRITAL DE PACASMAYO";"241600";"HOSPITALIZACIÓN QUIRÚRGICA OBSTETRICIA   ";"26";"28";"65";"59";"4";"124";"0"
"2023";"10";"130704";"LA LIBERTAD";"PACASMAYO";"PACASMAYO";"GOBIERNO REGIONAL";"II-1";"00005296";"HOSPITAL DISTRITAL DE PACASMAYO";"241500";"HOSPITALIZACIÓN QUIRÚRGICA GINECOLOGÍA  ";"5";"6";"17";"13";"4";"124";"0"
"2023";"11";"150137";"LIMA";"LIMA";"SANTA ANITA";"PRIVADO";"I-3";"00010318";"CENTRO MEDICO MAYO";"NE_0001";"";"NE_0001";"NE_0001";"NE_0001";"NE_0001";"NE_0001";"NE_0001";"NE_0001"
"2023";"11";"130102";"LA LIBERTAD";"TRUJILLO";"EL PORVENIR";"ESSALUD";"I-4";"00009041";"CENTRO DE SALUD CON INTERNAMIENTO EL PORVENIR";"241800";"HOSPITALIZACIÓN DE MEDICINA MEDICINA GENERAL ";"20";"19";"98";"104";"7";"210";"0"
"2023";"11";"130102";"LA LIBERTAD";"TRUJILLO";"EL PORVENIR";"ESSALUD";"I-4";"00009041";"CENTRO DE SALUD CON INTERNAMIENTO EL PORVENIR";"240100";"HOSPITALIZACIÓN QUIRÚRGICA CIRUGÍA GENERAL ";"3";"3";"24";"26";"1";"30";"0"
"2023";"11";"130102";"LA LIBERTAD";"TRUJILLO";"EL PORVENIR";"ESSALUD";"I-4";"00009041";"CENTRO DE SALUD CON INTERNAMIENTO EL PORVENIR";"241400";"HOSPITALIZACIÓN QUIRÚRGICA GINECO - OBSTETRICIA ";"6";"7";"41";"39";"2";"60";"0"
"2023";"11";"060601";"CAJAMARCA";"CUTERVO";"CUTERVO";"GOBIERNO REGIONAL";"I-1";"00007102";"SANICULLO ALTO";"NE_0001";"";"NE_0001";"NE_0001";"NE_0001";"NE_0001";"NE_0001";"NE_0001";"NE_0001"
"2023";"11";"060607";"CAJAMARCA";"CUTERVO";"QUEROCOTILLO";"GOBIERNO REGIONAL";"I-1";"00007746";"LAGUNAS";"NE_0001";"";"NE_0001";"NE_0001";"NE_0001";"NE_0001";"NE_0001";"NE_0001";"NE_0001"
"2023";"11";"060607";"CAJAMARCA";"CUTERVO";"QUEROCOTILLO";"GOBIERNO REGIONAL";"I-1";"00007747";"PAJURILLO";"NE_0001";"";"NE_0001";"NE_0001";"NE_0001";"NE_0001";"NE_0001";"NE_0001";"NE_0001"
"2023";"11";"060601";"CAJAMARCA";"CUTERVO";"CUTERVO";"GOBIERNO REGIONAL";"I-1";"00007752";"SANTA CLARA DE CAMSE";"NE_0001";"";"NE_0001";"NE_0001";"NE_0001";"NE_0001";"NE_0001";"NE_0001";"NE_0001"
"2023";"11";"060601";"CAJAMARCA";"CUTERVO";"CUTERVO";"GOBIERNO REGIONAL";"I-3";"00004992";"SINCHIMACHE";"NE_0001";"";"NE_0001";"NE_0001";"NE_0001";"NE_0001";"NE_0001";"NE_0001";"NE_0001"
"2023";"11";"060601";"CAJAMARCA";"CUTERVO";"CUTERVO";"GOBIERNO REGIONAL";"I-3";"00004993";"NARANJITO DE CAMSE";"NE_0001";"";"NE_0001";"NE_0001";"NE_0001";"NE_0001";"NE_0001";"NE_0001";"NE_0001"
"2023";"11";"060601";"CAJAMARCA";"CUTERVO";"CUTERVO";"GOBIERNO REGIONAL";"I-2";"00004994";"PAYAC";"NE_0001";"";"NE_0001";"NE_0001";"NE_0001";"NE_0001";"NE_0001";"NE_0001";"NE_0001"
"2023";"11";"060601";"CAJAMARCA";"CUTERVO";"CUTERVO";"GOBIERNO REGIONAL";"I-1";"00008922";"LA CASCARILLA";"NE_0001";"";"NE_0001";"NE_0001";"NE_0001";"NE_0001";"NE_0001";"NE_0001";"NE_0001"
"2023";"11";"150117";"LIMA";"LIMA";"LOS OLIVOS";"PRIVADO";"II-E";"00017385";"CLINICA SAN BARTOLOME";"240000";"HOSPITALIZACIÓN";"21";"19";"15";"21";"7";"210";"0"
"2023";"11";"200101";"PIURA";"PIURA";"PIURA";"PRIVADO";"II-1";"00018310";"SANNA - CLINICA BELEN";"240000";"HOSPITALIZACIÓN";"334";"318";"759";"780";"35";"1050";"0"
"2023";"11";"200101";"PIURA";"PIURA";"PIURA";"PRIVADO";"II-1";"00018310";"SANNA - CLINICA BELEN";"250100";"UNIDAD DE CUIDADOS CRITICOS UNIDAD  DE CUIDADOS INTENSIVOS GENERALES (UCI) ";"9";"5";"77";"63";"5";"150";"2"
"2023";"11";"230101";"TACNA";"TACNA";"TACNA";"PRIVADO";"I-4";"00015875";"PROMEDIC";"NE_0002";"";"NE_0002";"NE_0002";"NE_0002";"NE_0002";"NE_0002";"NE_0002";"NE_0002"
"2023";"11";"150141";"LIMA";"LIMA";"SURQUILLO";"PRIVADO";"II-E";"00025930";"CLINICA SANENS";"240000";"HOSPITALIZACIÓN";"42";"30";"56";"40";"7";"210";"0"
"2023";"11";"061101";"CAJAMARCA";"SAN MIGUEL";"SAN MIGUEL";"GOBIERNO REGIONAL";"I-1";"00019285";"CHIAPON";"NE_0001";"";"NE_0001";"NE_0001";"NE_0001";"NE_0001";"NE_0001";"NE_0001";"NE_0001"
"2023";"11";"061105";"CAJAMARCA";"SAN MIGUEL";"EL PRADO";"GOBIERNO REGIONAL";"I-1";"00008995";"LAS PENCAS";"NE_0001";"";"NE_0001";"NE_0001";"NE_0001";"NE_0001";"NE_0001";"NE_0001";"NE_0001"
"2023";"11";"050601";"AYACUCHO";"LUCANAS";"PUQUIO";"ESSALUD";"I-3";"00011438";"CENTRO DE ATENCION PRIMARIA II PUQUIO";"NE_0001";"";"NE_0001";"NE_0001";"NE_0001";"NE_0001";"NE_0001";"NE_0001";"NE_0001"
"2023";"11";"040102";"AREQUIPA";"AREQUIPA";"ALTO SELVA ALEGRE";"GOBIERNO REGIONAL";"I-2";"00001304";"PUESTO DE SALUD HEROES DEL CENEPA";"NE_0001";"";"NE_0001";"NE_0001";"NE_0001";"NE_0001";"NE_0001";"NE_0001";"NE_0001"
"2023";"11";"040102";"AREQUIPA";"AREQUIPA";"ALTO SELVA ALEGRE";"GOBIERNO REGIONAL";"I-3";"00001302";"CENTRO DE SALUD INDEPENDENCIA";"NE_0001";"";"NE_0001";"NE_0001";"NE_0001";"NE_0001";"NE_0001";"NE_0001";"NE_0001"
"2023";"11";"040102";"AREQUIPA";"AREQUIPA";"ALTO SELVA ALEGRE";"GOBIERNO REGIONAL";"I-2";"00001303";"PUESTO DE SALUD SAN JUAN BAUTISTA";"NE_0001";"";"NE_0001";"NE_0001";"NE_0001";"NE_0001";"NE_0001";"NE_0001";"NE_0001"
"2023";"11";"040102";"AREQUIPA";"AREQUIPA";"ALTO SELVA ALEGRE";"GOBIERNO REGIONAL";"I-3";"00001300";"CENTRO DE SALUD APURIMAC";"NE_0001";"";"NE_0001";"NE_0001";"NE_0001";"NE_0001";"NE_0001";"NE_0001";"NE_0001"
"2023";"11";"040102";"AREQUIPA";"AREQUIPA";"ALTO SELVA ALEGRE";"GOBIERNO REGIONAL";"I-3";"00001291";"CENTRO DE SALUD ALTO SELVA ALEGRE";"NE_0001";"";"NE_0001";"NE_0001";"NE_0001";"NE_0001";"NE_0001";"NE_0001";"NE_0001"
"2023";"11";"040102";"AREQUIPA";"AREQUIPA";"ALTO SELVA ALEGRE";"GOBIERNO REGIONAL";"I-2";"00001301";"PUESTO DE SALUD LEONES DEL MISTI";"NE_0001";"";"NE_0001";"NE_0001";"NE_0001";"NE_0001";"NE_0001";"NE_0001";"NE_0001"
"2023";"07";"130702";"LA LIBERTAD";"PACASMAYO";"GUADALUPE";"ESSALUD";"I-2";"00012101";"POSTA DE SALUD GUADALUPE";"NE_0001";"";"NE_0001";"NE_0001";"NE_0001";"NE_0001";"NE_0001";"NE_0001";"NE_0001"
"2023";"09";"240302";"TUMBES";"ZARUMILLA";"AGUAS VERDES";"GOBIERNO REGIONAL";"I-1";"00001887";"POCITOS";"NE_0001";"";"NE_0001";"NE_0001";"NE_0001";"NE_0001";"NE_0001";"NE_0001";"NE_0001"
"2023";"09";"240304";"TUMBES";"ZARUMILLA";"PAPAYAL";"GOBIERNO REGIONAL";"I-2";"00001893";"UÑA DE GATO";"NE_0001";"";"NE_0001";"NE_0001";"NE_0001";"NE_0001";"NE_0001";"NE_0001";"NE_0001"
"2023";"09";"240301";"TUMBES";"ZARUMILLA";"ZARUMILLA";"GOBIERNO REGIONAL";"I-3";"00026856";"Centro de Salud Mental Comunitario  ""LIC. ENF. SILVIA VIOLETA CONDE SOSA""";"NE_0001";"";"NE_0001";"NE_0001";"NE_0001";"NE_0001";"NE_0001";"NE_0001";"NE_0001"
"2023";"09";"240304";"TUMBES";"ZARUMILLA";"PAPAYAL";"GOBIERNO REGIONAL";"I-2";"00001892";"LA PALMA";"NE_0001";"";"NE_0001";"NE_0001";"NE_0001";"NE_0001";"NE_0001";"NE_0001";"NE_0001"
"2023";"09";"240304";"TUMBES";"ZARUMILLA";"PAPAYAL";"GOBIERNO REGIONAL";"I-1";"00001894";"EL PORVENIR.";"NE_0001";"";"NE_0001";"NE_0001";"NE_0001";"NE_0001";"NE_0001";"NE_0001";"NE_0001"
"2023";"09";"240304";"TUMBES";"ZARUMILLA";"PAPAYAL";"GOBIERNO REGIONAL";"I-1";"00001895";"LECHUGAL";"NE_0001";"";"NE_0001";"NE_0001";"NE_0001";"NE_0001";"NE_0001";"NE_0001";"NE_0001"
"2023";"09";"240301";"TUMBES";"ZARUMILLA";"ZARUMILLA";"GOBIERNO REGIONAL";"I-4";"00001896";"CENTRO DE SALUD ZARUMILLA";"241600";"HOSPITALIZACIÓN QUIRÚRGICA OBSTETRICIA   ";"32";"32";"32";"32";"1";"30";"0"
"2023";"09";"240302";"TUMBES";"ZARUMILLA";"AGUAS VERDES";"GOBIERNO REGIONAL";"I-3";"00001885";"CLAS AGUAS VERDES";"NE_0001";"";"NE_0001";"NE_0001";"NE_0001";"NE_0001";"NE_0001";"NE_0001";"NE_0001"
"2023";"09";"240302";"TUMBES";"ZARUMILLA";"AGUAS VERDES";"GOBIERNO REGIONAL";"I-1";"00001889";"LOMA SAAVEDRA";"NE_0001";"";"NE_0001";"NE_0001";"NE_0001";"NE_0001";"NE_0001";"NE_0001";"NE_0001"
"2023";"09";"240304";"TUMBES";"ZARUMILLA";"PAPAYAL";"GOBIERNO REGIONAL";"I-3";"00001891";"C.S. PAPAYAL";"NE_0001";"";"NE_0001";"NE_0001";"NE_0001";"NE_0001";"NE_0001";"NE_0001";"NE_0001"
"2023";"09";"240301";"TUMBES";"ZARUMILLA";"ZARUMILLA";"GOBIERNO REGIONAL";"0";"00030270";"II HOGAR PROTEGIDO";"NE_0001";"";"NE_0001";"NE_0001";"NE_0001";"NE_0001";"NE_0001";"NE_0001";"NE_0001"
"2023";"09";"240303";"TUMBES";"ZARUMILLA";"MATAPALO";"GOBIERNO REGIONAL";"I-3";"00001890";"C.S MATAPALO";"NE_0001";"";"NE_0001";"NE_0001";"NE_0001";"NE_0001";"NE_0001";"NE_0001";"NE_0001"
"2023";"09";"240302";"TUMBES";"ZARUMILLA";"AGUAS VERDES";"GOBIERNO REGIONAL";"I-2";"00001886";"CUCHARETA BAJA";"NE_0001";"";"NE_0001";"NE_0001";"NE_0001";"NE_0001";"NE_0001";"NE_0001";"NE_0001"
"2023";"09";"040125";"AREQUIPA";"AREQUIPA";"VITOR";"GOBIERNO REGIONAL";"I-3";"00001324";"CENTRO DE SALUD VITOR";"NE_0001";"";"NE_0001";"NE_0001";"NE_0001";"NE_0001";"NE_0001";"NE_0001";"NE_0001"
"2023";"09";"040121";"AREQUIPA";"AREQUIPA";"SANTA RITA DE SIHUAS";"GOBIERNO REGIONAL";"I-3";"00001335";"CENTRO  DE SALUD SANTA RITA DE SIGUAS";"NE_0001";"";"NE_0001";"NE_0001";"NE_0001";"NE_0001";"NE_0001";"NE_0001";"NE_0001"
"2023";"09";"040125";"AREQUIPA";"AREQUIPA";"VITOR";"GOBIERNO REGIONAL";"I-2";"00001334";"PUESTO DE SALUD YURAMAYO";"NE_0001";"";"NE_0001";"NE_0001";"NE_0001";"NE_0001";"NE_0001";"NE_0001";"NE_0001"
"2023";"09";"021801";"ANCASH";"SANTA";"CHIMBOTE";"ESSALUD";"I-3";"00010013";"POLICLÍNICO DE COMPLEJIDAD CRECIENTE ""VICTOR PANTA RODRIGUEZ""";"NE_0001";"";"NE_0001";"NE_0001";"NE_0001";"NE_0001";"NE_0001";"NE_0001";"NE_0001"
"2023";"09";"050116";"AYACUCHO";"HUAMANGA";"ANDRES AVELINO CACERES D.";"GOBIERNO REGIONAL";"I-1";"00011362";"PUESTO DE SALUD YANAMILLA";"NE_0001";"";"NE_0001";"NE_0001";"NE_0001";"NE_0001";"NE_0001";"NE_0001";"NE_0001"
"2023";"09";"050116";"AYACUCHO";"HUAMANGA";"ANDRES AVELINO CACERES D.";"GOBIERNO REGIONAL";"I-3";"00003602";"CENTRO DE SALUD SANTA ELENA";"241600";"HOSPITALIZACIÓN QUIRÚRGICA OBSTETRICIA   ";"10";"10";"19";"2";"4";"6";"0"
"2023";"09";"050113";"AYACUCHO";"HUAMANGA";"TAMBILLO";"GOBIERNO REGIONAL";"I-1";"00003604";"PUESTO DE SALUD HUAYHUACONDO";"NE_0001";"";"NE_0001";"NE_0001";"NE_0001";"NE_0001";"NE_0001";"NE_0001";"NE_0001"
"2023";"09";"050113";"AYACUCHO";"HUAMANGA";"TAMBILLO";"GOBIERNO REGIONAL";"I-2";"00003549";"TAMBILLO";"NE_0001";"";"NE_0001";"NE_0001";"NE_0001";"NE_0001";"NE_0001";"NE_0001";"NE_0001"
"2023";"09";"050116";"AYACUCHO";"HUAMANGA";"ANDRES AVELINO CACERES D.";"GOBIERNO REGIONAL";"I-3";"00003603";"CENTRO DE SALUD CONCHOPATA";"241600";"HOSPITALIZACIÓN QUIRÚRGICA OBSTETRICIA   ";"2";"2";"4";"2";"2";"3";"0"
"2023";"09";"050116";"AYACUCHO";"HUAMANGA";"ANDRES AVELINO CACERES D.";"GOBIERNO REGIONAL";"I-1";"00011362";"PUESTO DE SALUD YANAMILLA";"NE_0001";"";"NE_0001";"NE_0001";"NE_0001";"NE_0001";"NE_0001";"NE_0001";"NE_0001"
"2023";"09";"050116";"AYACUCHO";"HUAMANGA";"ANDRES AVELINO CACERES D.";"GOBIERNO REGIONAL";"I-3";"00003602";"CENTRO DE SALUD SANTA ELENA";"241600";"HOSPITALIZACIÓN QUIRÚRGICA OBSTETRICIA   ";"10";"10";"19";"2";"4";"6";"0"
"2023";"09";"050113";"AYACUCHO";"HUAMANGA";"TAMBILLO";"GOBIERNO REGIONAL";"I-1";"00003604";"PUESTO DE SALUD HUAYHUACONDO";"NE_0001";"";"NE_0001";"NE_0001";"NE_0001";"NE_0001";"NE_0001";"NE_0001";"NE_0001"
"2023";"09";"050113";"AYACUCHO";"HUAMANGA";"TAMBILLO";"GOBIERNO REGIONAL";"I-2";"00003549";"TAMBILLO";"NE_0001";"";"NE_0001";"NE_0001";"NE_0001";"NE_0001";"NE_0001";"NE_0001";"NE_0001"
"2023";"09";"080907";"CUSCO";"LA CONVENCION";"KIMBIRI";"GOBIERNO REGIONAL";"I-2";"00002470";"CHIRUMPIARI";"NE_0001";"";"NE_0001";"NE_0001";"NE_0001";"NE_0001";"NE_0001";"NE_0001";"NE_0001"
"2023";"09";"080913";"CUSCO";"LA CONVENCION";"VILLA KINTIARINA";"GOBIERNO REGIONAL";"I-2";"00008283";"PUEBLO LIBRE";"NE_0001";"";"NE_0001";"NE_0001";"NE_0001";"NE_0001";"NE_0001";"NE_0001";"NE_0001"
"2023";"09";"080907";"CUSCO";"LA CONVENCION";"KIMBIRI";"GOBIERNO REGIONAL";"I-3";"00002471";"LOBO TAHUANTINSUYO";"NE_0001";"";"NE_0001";"NE_0001";"NE_0001";"NE_0001";"NE_0001";"NE_0001";"NE_0001"
"2023";"09";"110108";"ICA";"ICA";"SALAS";"GOBIERNO REGIONAL";"I-3";"00003363";"GUADALUPE";"NE_0001";"";"NE_0001";"NE_0001";"NE_0001";"NE_0001";"NE_0001";"NE_0001";"NE_0001"
"2023";"09";"110112";"ICA";"ICA";"SUBTANJALLA";"GOBIERNO REGIONAL";"I-3";"00003362";"SUBTANJALLA";"NE_0001";"";"NE_0001";"NE_0001";"NE_0001";"NE_0001";"NE_0001";"NE_0001";"NE_0001"
"2023";"09";"110108";"ICA";"ICA";"SALAS";"GOBIERNO REGIONAL";"I-2";"00003384";"PAMPA DE VILLACURI";"NE_0001";"";"NE_0001";"NE_0001";"NE_0001";"NE_0001";"NE_0001";"NE_0001";"NE_0001"
"2023";"09";"110112";"ICA";"ICA";"SUBTANJALLA";"GOBIERNO REGIONAL";"I-3";"00003378";"LA ANGOSTURA";"NE_0001";"";"NE_0001";"NE_0001";"NE_0001";"NE_0001";"NE_0001";"NE_0001";"NE_0001"
"2023";"09";"110112";"ICA";"ICA";"SUBTANJALLA";"GOBIERNO REGIONAL";"I-2";"00003380";"YANQUIZA";"NE_0001";"";"NE_0001";"NE_0001";"NE_0001";"NE_0001";"NE_0001";"NE_0001";"NE_0001"
"2023";"09";"110108";"ICA";"ICA";"SALAS";"GOBIERNO REGIONAL";"I-2";"00003382";"COLLAZOS";"NE_0001";"";"NE_0001";"NE_0001";"NE_0001";"NE_0001";"NE_0001";"NE_0001";"NE_0001"
"2023";"09";"110112";"ICA";"ICA";"SUBTANJALLA";"GOBIERNO REGIONAL";"I-2";"00003379";"ARRABALES";"NE_0001";"";"NE_0001";"NE_0001";"NE_0001";"NE_0001";"NE_0001";"NE_0001";"NE_0001"
"2023";"09";"110108";"ICA";"ICA";"SALAS";"GOBIERNO REGIONAL";"I-2";"00003383";"CERRO PRIETO";"NE_0001";"";"NE_0001";"NE_0001";"NE_0001";"NE_0001";"NE_0001";"NE_0001";"NE_0001"
"2023";"09";"100110";"HUANUCO";"HUANUCO";"YARUMAYO";"GOBIERNO REGIONAL";"I-1";"00000795";"CHULLAY";"NE_0001";"";"NE_0001";"NE_0001";"NE_0001";"NE_0001";"NE_0001";"NE_0001";"NE_0001"
"2023";"09";"100110";"HUANUCO";"HUANUCO";"YARUMAYO";"GOBIERNO REGIONAL";"I-3";"00000793";"YARUMAYO";"NE_0001";"";"NE_0001";"NE_0001";"NE_0001";"NE_0001";"NE_0001";"NE_0001";"NE_0001"
"2023";"09";"100110";"HUANUCO";"HUANUCO";"YARUMAYO";"GOBIERNO REGIONAL";"I-2";"00006906";"TRES DE MAYO DE ANDAS CHICO";"NE_0001";"";"NE_0001";"NE_0001";"NE_0001";"NE_0001";"NE_0001";"NE_0001";"NE_0001"
"2023";"10";"221005";"SAN MARTIN";"TOCACHE";"UCHIZA";"ESSALUD";"I-2";"00010702";"POSTA MEDICA SANTA LUCIA";"NE_0001";"";"NE_0001";"NE_0001";"NE_0001";"NE_0001";"NE_0001";"NE_0001";"NE_0001"
"2023";"10";"040104";"AREQUIPA";"AREQUIPA";"CERRO COLORADO";"PRIVADO";"II-1";"00027214";"CLINICA SAN PABLO AREQUIPA";"250400";"UNIDAD DE CUIDADOS CRITICOS UNIDAD DE QUEMADOS (GRAN QUEMADO) ";"1";"1";"8";"9";"2";"62";"0"
"2023";"10";"040104";"AREQUIPA";"AREQUIPA";"CERRO COLORADO";"PRIVADO";"II-1";"00027214";"CLINICA SAN PABLO AREQUIPA";"240000";"HOSPITALIZACIÓN";"215";"216";"652";"849";"60";"1860";"0"
"2023";"10";"060602";"CAJAMARCA";"CUTERVO";"CALLAYUC";"GOBIERNO REGIONAL";"I-1";"00004962";"HUABAL";"NE_0001";"";"NE_0001";"NE_0001";"NE_0001";"NE_0001";"NE_0001";"NE_0001";"NE_0001"
"2023";"10";"060602";"CAJAMARCA";"CUTERVO";"CALLAYUC";"GOBIERNO REGIONAL";"I-3";"00004964";"CHIPLE";"NE_0001";"";"NE_0001";"NE_0001";"NE_0001";"NE_0001";"NE_0001";"NE_0001";"NE_0001"
"2023";"10";"060602";"CAJAMARCA";"CUTERVO";"CALLAYUC";"GOBIERNO REGIONAL";"I-1";"00004965";"QUEROMARCA";"NE_0001";"";"NE_0001";"NE_0001";"NE_0001";"NE_0001";"NE_0001";"NE_0001";"NE_0001"
"2023";"10";"060606";"CAJAMARCA";"CUTERVO";"PIMPINGOS";"GOBIERNO REGIONAL";"I-2";"00005013";"CASA BLANCA";"NE_0001";"";"NE_0001";"NE_0001";"NE_0001";"NE_0001";"NE_0001";"NE_0001";"NE_0001"
"2023";"10";"060611";"CAJAMARCA";"CUTERVO";"SANTA CRUZ";"GOBIERNO REGIONAL";"I-1";"00011260";"LA VIÑA";"NE_0001";"";"NE_0001";"NE_0001";"NE_0001";"NE_0001";"NE_0001";"NE_0001";"NE_0001"
"2023";"10";"060607";"CAJAMARCA";"CUTERVO";"QUEROCOTILLO";"GOBIERNO REGIONAL";"I-1";"00004970";"SANTOS";"NE_0001";"";"NE_0001";"NE_0001";"NE_0001";"NE_0001";"NE_0001";"NE_0001";"NE_0001"
"2023";"10";"060611";"CAJAMARCA";"CUTERVO";"SANTA CRUZ";"GOBIERNO REGIONAL";"I-3";"00004977";"SANTA CRUZ DE CUTERVO";"NE_0001";"";"NE_0001";"NE_0001";"NE_0001";"NE_0001";"NE_0001";"NE_0001";"NE_0001"
"2023";"10";"060611";"CAJAMARCA";"CUTERVO";"SANTA CRUZ";"GOBIERNO REGIONAL";"I-1";"00004979";"CAMPO FLORIDO";"NE_0001";"";"NE_0001";"NE_0001";"NE_0001";"NE_0001";"NE_0001";"NE_0001";"NE_0001"
"2023";"10";"060602";"CAJAMARCA";"CUTERVO";"CALLAYUC";"GOBIERNO REGIONAL";"I-2";"00004967";"SECTOR EL CAMPO";"NE_0001";"";"NE_0001";"NE_0001";"NE_0001";"NE_0001";"NE_0001";"NE_0001";"NE_0001"
"2023";"10";"060611";"CAJAMARCA";"CUTERVO";"SANTA CRUZ";"GOBIERNO REGIONAL";"I-1";"00007050";"AMBATO";"NE_0001";"";"NE_0001";"NE_0001";"NE_0001";"NE_0001";"NE_0001";"NE_0001";"NE_0001"
"2023";"10";"070101";"CALLAO";"CALLAO";"CALLAO";"PRIVADO";"I-2";"00011182";"CONSULTORIOS LIMATAMBO SEDE MINKA";"NE_0001";"";"NE_0001";"NE_0001";"NE_0001";"NE_0001";"NE_0001";"NE_0001";"NE_0001"
"2023";"10";"150122";"LIMA";"LIMA";"MIRAFLORES";"PRIVADO";"II-E";"00024924";"CLÍNICA CORPORACIÓN DE CIRUJANOS PLÁSTICOS";"NE_0002";"";"NE_0002";"NE_0002";"NE_0002";"NE_0002";"NE_0002";"NE_0002";"NE_0002"
"2023";"10";"150106";"LIMA";"LIMA";"CARABAYLLO";"PRIVADO";"I-3";"00017468";"POLICLINICO NIÑO DE LA ESPINA SAC";"NE_0001";"";"NE_0001";"NE_0001";"NE_0001";"NE_0001";"NE_0001";"NE_0001";"NE_0001"
"2023";"10";"130906";"LA LIBERTAD";"SANCHEZ CARRION";"SANAGORAN";"GOBIERNO REGIONAL";"I-2";"00005360";"VENTANAS";"NE_0001";"";"NE_0001";"NE_0001";"NE_0001";"NE_0001";"NE_0001";"NE_0001";"NE_0001"
"2023";"10";"130906";"LA LIBERTAD";"SANCHEZ CARRION";"SANAGORAN";"GOBIERNO REGIONAL";"I-1";"00019765";"24 DE JUNIO";"NE_0001";"";"NE_0001";"NE_0001";"NE_0001";"NE_0001";"NE_0001";"NE_0001";"NE_0001"
"2023";"10";"130906";"LA LIBERTAD";"SANCHEZ CARRION";"SANAGORAN";"GOBIERNO REGIONAL";"I-2";"00005359";"SANAGORAN";"NE_0001";"";"NE_0001";"NE_0001";"NE_0001";"NE_0001";"NE_0001";"NE_0001";"NE_0001"
"2023";"10";"130101";"LA LIBERTAD";"TRUJILLO";"TRUJILLO";"PRIVADO";"II-1";"00013373";"CLINICA PERUANO AMERICANA S. A.";"241800";"HOSPITALIZACIÓN DE MEDICINA MEDICINA GENERAL ";"59";"48";"144";"253";"13";"390";"4"
"2023";"10";"130101";"LA LIBERTAD";"TRUJILLO";"TRUJILLO";"PRIVADO";"II-1";"00013373";"CLINICA PERUANO AMERICANA S. A.";"240100";"HOSPITALIZACIÓN QUIRÚRGICA CIRUGÍA GENERAL ";"124";"105";"215";"379";"20";"600";"0"
"2023";"10";"130101";"LA LIBERTAD";"TRUJILLO";"TRUJILLO";"PRIVADO";"II-1";"00013373";"CLINICA PERUANO AMERICANA S. A.";"242300";"HOSPITALIZACIÓN DE PEDIATRÍA  PEDIATRÍA  GENERAL ";"7";"6";"17";"18";"3";"90";"0"
"2023";"10";"130101";"LA LIBERTAD";"TRUJILLO";"TRUJILLO";"PRIVADO";"II-1";"00013373";"CLINICA PERUANO AMERICANA S. A.";"241400";"HOSPITALIZACIÓN QUIRÚRGICA GINECO - OBSTETRICIA ";"13";"10";"19";"32";"4";"120";"0"
"2023";"10";"150116";"LIMA";"LIMA";"LINCE";"PRIVADO";"II-E";"00009145";"HOGAR CLINICA MONTE SINAI";"240100";"HOSPITALIZACIÓN QUIRÚRGICA CIRUGÍA GENERAL ";"16";"16";"16";"16";"4";"120";"0"
"2023";"10";"150116";"LIMA";"LIMA";"LINCE";"PRIVADO";"II-E";"00009145";"HOGAR CLINICA MONTE SINAI";"240400";"HOSPITALIZACIÓN QUIRÚRGICA CIRUGÍA DE TÓRAX Y CARDIOVASCULAR ";"1";"1";"1";"1";"1";"30";"0"
"2023";"10";"150116";"LIMA";"LIMA";"LINCE";"PRIVADO";"II-E";"00009145";"HOGAR CLINICA MONTE SINAI";"240800";"HOSPITALIZACIÓN QUIRÚRGICA CIRUGÍA PLÁSTICA/RECONSTRUCTIVA/ REPARADORA ";"6";"6";"6";"6";"2";"60";"0"
"2023";"10";"150116";"LIMA";"LIMA";"LINCE";"PRIVADO";"II-E";"00009145";"HOGAR CLINICA MONTE SINAI";"241200";"HOSPITALIZACIÓN QUIRÚRGICA TRAUMATOLOGÍA Y ORTOPEDIA ";"42";"42";"42";"42";"4";"120";"0"
"2023";"10";"040101";"AREQUIPA";"AREQUIPA";"AREQUIPA";"GOBIERNO REGIONAL";"III-1";"00001231";"HOSPITAL REGIONAL HONORIO DELGADO ESPINOZA";"241800";"HOSPITALIZACIÓN DE MEDICINA MEDICINA GENERAL ";"279";"280";"5376";"3878";"140";"4355";"54"
"2023";"10";"040101";"AREQUIPA";"AREQUIPA";"AREQUIPA";"GOBIERNO REGIONAL";"III-1";"00001231";"HOSPITAL REGIONAL HONORIO DELGADO ESPINOZA";"245300";"HOSPITALIZACIÓN DE MEDICINA NEUMOLOGÍA  ";"58";"54";"637";"912";"47";"1457";"5"
"2023";"10";"040101";"AREQUIPA";"AREQUIPA";"AREQUIPA";"GOBIERNO REGIONAL";"III-1";"00001231";"HOSPITAL REGIONAL HONORIO DELGADO ESPINOZA";"244000";"HOSPITALIZACIÓN DE MEDICINA CARDIOLOGIA ";"20";"19";"185";"94";"4";"124";"0"
"2023";"10";"040101";"AREQUIPA";"AREQUIPA";"AREQUIPA";"GOBIERNO REGIONAL";"III-1";"00001231";"HOSPITAL REGIONAL HONORIO DELGADO ESPINOZA";"242200";"HOSPITALIZACIÓN DE MEDICINA PSIQUIATRÍA ";"36";"33";"506";"820";"32";"993";"0"
"2023";"10";"040101";"AREQUIPA";"AREQUIPA";"AREQUIPA";"GOBIERNO REGIONAL";"III-1";"00001231";"HOSPITAL REGIONAL HONORIO DELGADO ESPINOZA";"240100";"HOSPITALIZACIÓN QUIRÚRGICA CIRUGÍA GENERAL ";"387";"407";"4633";"4124";"153";"4746";"10"
"2023";"10";"040101";"AREQUIPA";"AREQUIPA";"AREQUIPA";"GOBIERNO REGIONAL";"III-1";"00001231";"HOSPITAL REGIONAL HONORIO DELGADO ESPINOZA";"240900";"HOSPITALIZACIÓN QUIRÚRGICA NEUROCIRUGÍA ";"46";"39";"689";"572";"22";"689";"0"
"2023";"10";"040101";"AREQUIPA";"AREQUIPA";"AREQUIPA";"GOBIERNO REGIONAL";"III-1";"00001231";"HOSPITAL REGIONAL HONORIO DELGADO ESPINOZA";"240800";"HOSPITALIZACIÓN QUIRÚRGICA CIRUGÍA PLÁSTICA/RECONSTRUCTIVA/ REPARADORA ";"10";"9";"131";"231";"10";"310";"0"
"2023";"10";"040101";"AREQUIPA";"AREQUIPA";"AREQUIPA";"GOBIERNO REGIONAL";"III-1";"00001231";"HOSPITAL REGIONAL HONORIO DELGADO ESPINOZA";"250100";"UNIDAD DE CUIDADOS CRITICOS UNIDAD  DE CUIDADOS INTENSIVOS GENERALES (UCI) ";"10";"9";"212";"551";"20";"610";"13"
"2023";"10";"040101";"AREQUIPA";"AREQUIPA";"AREQUIPA";"GOBIERNO REGIONAL";"III-1";"00001231";"HOSPITAL REGIONAL HONORIO DELGADO ESPINOZA";"250108";"UNIDAD DE CUIDADOS CRITICOS UNIDAD  DE CUIDADOS INTENSIVOS  (UCI) PEDIÁTRICA";"1";"1";"39";"180";"6";"186";"0"
"2023";"10";"040101";"AREQUIPA";"AREQUIPA";"AREQUIPA";"GOBIERNO REGIONAL";"III-1";"00001231";"HOSPITAL REGIONAL HONORIO DELGADO ESPINOZA";"242300";"HOSPITALIZACIÓN DE PEDIATRÍA  PEDIATRÍA  GENERAL ";"181";"187";"1338";"1393";"70";"2171";"1"
"2023";"10";"040101";"AREQUIPA";"AREQUIPA";"AREQUIPA";"GOBIERNO REGIONAL";"III-1";"00001231";"HOSPITAL REGIONAL HONORIO DELGADO ESPINOZA";"243200";"HOSPITALIZACIÓN DE PEDIATRÍA PEDIATRIA NEONATOLOGÍA";"94";"97";"515";"606";"30";"930";"3"
"2023";"10";"040101";"AREQUIPA";"AREQUIPA";"AREQUIPA";"GOBIERNO REGIONAL";"III-1";"00001231";"HOSPITAL REGIONAL HONORIO DELGADO ESPINOZA";"250105";"UNIDAD DE CUIDADOS CRITICOS UNIDAD  DE CUIDADOS INTENSIVOS  (UCI) NEONATOLOGÍA";"9";"0";"0";"210";"7";"217";"1"
"2023";"10";"040101";"AREQUIPA";"AREQUIPA";"AREQUIPA";"GOBIERNO REGIONAL";"III-1";"00001231";"HOSPITAL REGIONAL HONORIO DELGADO ESPINOZA";"241600";"HOSPITALIZACIÓN QUIRÚRGICA OBSTETRICIA   ";"478";"468";"1468";"1450";"86";"2666";"0"
"2023";"10";"040101";"AREQUIPA";"AREQUIPA";"AREQUIPA";"GOBIERNO REGIONAL";"III-1";"00001231";"HOSPITAL REGIONAL HONORIO DELGADO ESPINOZA";"241500";"HOSPITALIZACIÓN QUIRÚRGICA GINECOLOGÍA  ";"86";"89";"528";"510";"27";"837";"0"
"2023";"09";"160101";"LORETO";"MAYNAS";"IQUITOS";"PRIVADO";"II-2";"00012854";"ASOC. PAST. DE SERV. MEDICO ASIST. CLINICA ADVENTISTA ANA STAHL DE LA IGLESIA ADV. DEL SEPTIMO DIA";"241800";"HOSPITALIZACIÓN DE MEDICINA MEDICINA GENERAL ";"86";"91";"641";"682";"42";"1218";"0"
"2023";"09";"080106";"CUSCO";"CUSCO";"SANTIAGO";"PRIVADO";"II-E";"00024173";"OXIGEN MEDICAL NETWORK";"240100";"HOSPITALIZACIÓN QUIRÚRGICA CIRUGÍA GENERAL ";"45";"49";"211";"49";"13";"390";"0"
"2023";"09";"080106";"CUSCO";"CUSCO";"SANTIAGO";"PRIVADO";"II-E";"00024173";"OXIGEN MEDICAL NETWORK";"241800";"HOSPITALIZACIÓN DE MEDICINA MEDICINA GENERAL ";"211";"225";"496";"231";"12";"360";"1"
"2023";"09";"080106";"CUSCO";"CUSCO";"SANTIAGO";"PRIVADO";"II-E";"00024173";"OXIGEN MEDICAL NETWORK";"250100";"UNIDAD DE CUIDADOS CRITICOS UNIDAD  DE CUIDADOS INTENSIVOS GENERALES (UCI) ";"4";"3";"56";"4";"10";"300";"1"
"2023";"09";"080108";"CUSCO";"CUSCO";"WANCHAQ";"PRIVADO";"II-E";"00011338";"PARDO";"240100";"HOSPITALIZACIÓN QUIRÚRGICA CIRUGÍA GENERAL ";"18";"20";"43";"20";"33";"999";"0"
"2023";"09";"080108";"CUSCO";"CUSCO";"WANCHAQ";"PRIVADO";"II-E";"00011338";"PARDO";"240400";"HOSPITALIZACIÓN QUIRÚRGICA CIRUGÍA DE TÓRAX Y CARDIOVASCULAR ";"2";"2";"9";"2";"33";"999";"0"
"2023";"09";"080108";"CUSCO";"CUSCO";"WANCHAQ";"PRIVADO";"II-E";"00011338";"PARDO";"240801";"HOSPITALIZACIÓN QUIRÚRGICA CIRUGÍA PLÁSTICA/RECONSTRUCTIVA/ REPARADORA QUEMADOS";"2";"2";"3";"2";"33";"999";"0"
"2023";"09";"080108";"CUSCO";"CUSCO";"WANCHAQ";"PRIVADO";"II-E";"00011338";"PARDO";"240900";"HOSPITALIZACIÓN QUIRÚRGICA NEUROCIRUGÍA ";"14";"16";"49";"16";"33";"999";"0"
"2023";"09";"080108";"CUSCO";"CUSCO";"WANCHAQ";"PRIVADO";"II-E";"00011338";"PARDO";"241000";"HOSPITALIZACIÓN QUIRÚRGICA ONCOLOGÍA QUIRÚRGICA  ";"2";"2";"3";"2";"33";"999";"0"
"2023";"09";"080108";"CUSCO";"CUSCO";"WANCHAQ";"PRIVADO";"II-E";"00011338";"PARDO";"241200";"HOSPITALIZACIÓN QUIRÚRGICA TRAUMATOLOGÍA Y ORTOPEDIA ";"29";"33";"100";"34";"33";"999";"0"
"2023";"09";"080108";"CUSCO";"CUSCO";"WANCHAQ";"PRIVADO";"II-E";"00011338";"PARDO";"241300";"HOSPITALIZACIÓN QUIRÚRGICA UROLOGÍA  ";"3";"4";"11";"4";"33";"999";"0"
"2023";"09";"080108";"CUSCO";"CUSCO";"WANCHAQ";"PRIVADO";"II-E";"00011338";"PARDO";"241400";"HOSPITALIZACIÓN QUIRÚRGICA GINECO - OBSTETRICIA ";"20";"23";"39";"23";"33";"999";"0"
"2023";"09";"080108";"CUSCO";"CUSCO";"WANCHAQ";"PRIVADO";"II-E";"00011338";"PARDO";"241900";"HOSPITALIZACIÓN DE MEDICINA MEDICINA INTERNA ";"12";"12";"27";"12";"33";"999";"0"
"2023";"09";"080108";"CUSCO";"CUSCO";"WANCHAQ";"PRIVADO";"II-E";"00011338";"PARDO";"242300";"HOSPITALIZACIÓN DE PEDIATRÍA  PEDIATRÍA  GENERAL ";"1";"1";"1";"1";"33";"999";"0"
"2023";"09";"080108";"CUSCO";"CUSCO";"WANCHAQ";"PRIVADO";"II-E";"00011338";"PARDO";"244300";"HOSPITALIZACIÓN DE MEDICINA GASTROENTEROLOGÍA  ";"3";"3";"6";"3";"33";"999";"0"
"2023";"09";"080108";"CUSCO";"CUSCO";"WANCHAQ";"PRIVADO";"II-E";"00011338";"PARDO";"244700";"HOSPITALIZACIÓN DE MEDICINA NEUROLOGIA  ";"7";"7";"12";"7";"33";"999";"0"
"2023";"09";"080108";"CUSCO";"CUSCO";"WANCHAQ";"PRIVADO";"II-E";"00011338";"PARDO";"245300";"HOSPITALIZACIÓN DE MEDICINA NEUMOLOGÍA  ";"5";"5";"25";"5";"33";"999";"0"
"2023";"09";"080108";"CUSCO";"CUSCO";"WANCHAQ";"PRIVADO";"II-E";"00011338";"PARDO";"250100";"UNIDAD DE CUIDADOS CRITICOS UNIDAD  DE CUIDADOS INTENSIVOS GENERALES (UCI) ";"6";"10";"62";"10";"33";"999";"0"
"2023";"09";"080108";"CUSCO";"CUSCO";"WANCHAQ";"PRIVADO";"II-E";"00011339";"SAN JOSE";"240100";"HOSPITALIZACIÓN QUIRÚRGICA CIRUGÍA GENERAL ";"36";"12";"180";"24";"24";"720";"0"
"2023";"09";"080108";"CUSCO";"CUSCO";"WANCHAQ";"PRIVADO";"II-E";"00011339";"SAN JOSE";"241700";"HOSPITALIZACIÓN QUIRÚRGICA GINECOLOGÍA   GINECOLOGIA ONCOLOGiCA";"20";"4";"129";"5";"24";"720";"0"
"2023";"09";"080108";"CUSCO";"CUSCO";"WANCHAQ";"PRIVADO";"II-E";"00011339";"SAN JOSE";"240400";"HOSPITALIZACIÓN QUIRÚRGICA CIRUGÍA DE TÓRAX Y CARDIOVASCULAR ";"21";"8";"105";"14";"24";"720";"0"
"2023";"09";"080108";"CUSCO";"CUSCO";"WANCHAQ";"PRIVADO";"II-E";"00011339";"SAN JOSE";"241200";"HOSPITALIZACIÓN QUIRÚRGICA TRAUMATOLOGÍA Y ORTOPEDIA ";"4";"1";"43";"23";"24";"720";"0"
"2023";"09";"080108";"CUSCO";"CUSCO";"WANCHAQ";"PRIVADO";"II-E";"00011339";"SAN JOSE";"241300";"HOSPITALIZACIÓN QUIRÚRGICA UROLOGÍA  ";"2";"2";"67";"14";"24";"720";"0"
"2023";"09";"130101";"LA LIBERTAD";"TRUJILLO";"TRUJILLO";"PRIVADO";"II-E";"00024168";"NORLASER";"NE_0001";"";"NE_0001";"NE_0001";"NE_0001";"NE_0001";"NE_0001";"NE_0001";"NE_0001"
"2023";"09";"080601";"CUSCO";"CANCHIS";"SICUANI";"GOBIERNO REGIONAL";"II-1";"00002378";"SICUANI";"240100";"HOSPITALIZACIÓN QUIRÚRGICA CIRUGÍA GENERAL ";"67";"77";"313";"327";"19";"570";"1"
"2023";"09";"080601";"CUSCO";"CANCHIS";"SICUANI";"GOBIERNO REGIONAL";"II-1";"00002378";"SICUANI";"241500";"HOSPITALIZACIÓN QUIRÚRGICA GINECOLOGÍA  ";"25";"26";"66";"68";"7";"210";"1"
"2023";"09";"080601";"CUSCO";"CANCHIS";"SICUANI";"GOBIERNO REGIONAL";"II-1";"00002378";"SICUANI";"241600";"HOSPITALIZACIÓN QUIRÚRGICA OBSTETRICIA   ";"85";"91";"254";"256";"17";"510";"0"
"2023";"09";"080601";"CUSCO";"CANCHIS";"SICUANI";"GOBIERNO REGIONAL";"II-1";"00002378";"SICUANI";"241800";"HOSPITALIZACIÓN DE MEDICINA MEDICINA GENERAL ";"27";"35";"186";"157";"17";"510";"3"
"2023";"09";"080601";"CUSCO";"CANCHIS";"SICUANI";"GOBIERNO REGIONAL";"II-1";"00002378";"SICUANI";"242500";"HOSPITALIZACIÓN-PEDIATRÍA GENERAL-";"21";"23";"109";"118";"16";"480";"0"
"2023";"09";"080601";"CUSCO";"CANCHIS";"SICUANI";"GOBIERNO REGIONAL";"II-1";"00002378";"SICUANI";"243200";"HOSPITALIZACIÓN DE PEDIATRÍA PEDIATRIA NEONATOLOGÍA";"11";"13";"55";"62";"7";"210";"0"
"2023";"08";"150103";"LIMA";"LIMA";"ATE";"MINSA";"II-E";"00028025";"HOSPITAL EMERGENCIA ATE VITARTE";"241900";"HOSPITALIZACIÓN DE MEDICINA MEDICINA INTERNA ";"53";"41";"757";"552";"18";"558";"3"
"2023";"08";"150103";"LIMA";"LIMA";"ATE";"MINSA";"II-E";"00028025";"HOSPITAL EMERGENCIA ATE VITARTE";"242300";"HOSPITALIZACIÓN DE PEDIATRÍA  PEDIATRÍA  GENERAL ";"17";"14";"53";"99";"6";"186";"1"
"2023";"08";"150103";"LIMA";"LIMA";"ATE";"MINSA";"II-E";"00028025";"HOSPITAL EMERGENCIA ATE VITARTE";"241500";"HOSPITALIZACIÓN QUIRÚRGICA GINECOLOGÍA  ";"6";"2";"5";"70";"3";"93";"0"
"2023";"08";"150103";"LIMA";"LIMA";"ATE";"MINSA";"II-E";"00028025";"HOSPITAL EMERGENCIA ATE VITARTE";"240100";"HOSPITALIZACIÓN QUIRÚRGICA CIRUGÍA GENERAL ";"59";"58";"442";"384";"14";"434";"0"
"2023";"09";"080910";"CUSCO";"LA CONVENCION";"PICHARI";"GOBIERNO REGIONAL";"I-2";"00007114";"QUISTO CENTRAL";"NE_0001";"";"NE_0001";"NE_0001";"NE_0001";"NE_0001";"NE_0001";"NE_0001";"NE_0001"
"2023";"09";"080910";"CUSCO";"LA CONVENCION";"PICHARI";"GOBIERNO REGIONAL";"I-1";"00015170";"PICHARI BAJA";"NE_0001";"";"NE_0001";"NE_0001";"NE_0001";"NE_0001";"NE_0001";"NE_0001";"NE_0001"
"2023";"09";"080910";"CUSCO";"LA CONVENCION";"PICHARI";"GOBIERNO REGIONAL";"I-2";"00002496";"OMAYA";"NE_0001";"";"NE_0001";"NE_0001";"NE_0001";"NE_0001";"NE_0001";"NE_0001";"NE_0001"
"2023";"09";"040605";"AREQUIPA";"CONDESUYOS";"IRAY";"GOBIERNO REGIONAL";"I-2";"00001409";"IRAY";"NE_0001";"";"NE_0001";"NE_0001";"NE_0001";"NE_0001";"NE_0001";"NE_0001";"NE_0001"
"2023";"09";"040604";"AREQUIPA";"CONDESUYOS";"CHICHAS";"GOBIERNO REGIONAL";"I-2";"00001410";"PUESTO DE SALUD CHICHAS";"NE_0001";"";"NE_0001";"NE_0001";"NE_0001";"NE_0001";"NE_0001";"NE_0001";"NE_0001"
"2023";"09";"040604";"AREQUIPA";"CONDESUYOS";"CHICHAS";"GOBIERNO REGIONAL";"I-2";"00001411";"PUESTO DE SALUD YACHANGUILLO";"NE_0001";"";"NE_0001";"NE_0001";"NE_0001";"NE_0001";"NE_0001";"NE_0001";"NE_0001"
"2023";"09";"040604";"AREQUIPA";"CONDESUYOS";"CHICHAS";"GOBIERNO REGIONAL";"I-1";"00001416";"YANQUE";"NE_0001";"";"NE_0001";"NE_0001";"NE_0001";"NE_0001";"NE_0001";"NE_0001";"NE_0001"
"2023";"09";"040607";"AREQUIPA";"CONDESUYOS";"SALAMANCA";"GOBIERNO REGIONAL";"I-2";"00001412";"PUESTO DE SALUD SALAMANCA";"NE_0001";"";"NE_0001";"NE_0001";"NE_0001";"NE_0001";"NE_0001";"NE_0001";"NE_0001"
"2023";"09";"040601";"AREQUIPA";"CONDESUYOS";"CHUQUIBAMBA";"GOBIERNO REGIONAL";"I-4";"00001388";"CENTRO DE SALUD CHUQUIBAMBA";"241600";"HOSPITALIZACIÓN QUIRÚRGICA OBSTETRICIA   ";"3";"3";"3";"4";"3";"86";"0"
"2023";"09";"040608";"AREQUIPA";"CONDESUYOS";"YANAQUIHUA";"GOBIERNO REGIONAL";"I-3";"00001389";"CENTRO DE SALUD YANAQUIHUA";"NE_0001";"";"NE_0001";"NE_0001";"NE_0001";"NE_0001";"NE_0001";"NE_0001";"NE_0001"
"2023";"10";"150204";"LIMA";"BARRANCA";"SUPE";"GOBIERNO REGIONAL";"II-1";"00007636";"HOSPITAL DE SUPE LAURA ESTHER RODRIGUEZ DULANTO";"240100";"HOSPITALIZACIÓN QUIRÚRGICA CIRUGÍA GENERAL ";"14";"17";"69";"91";"6";"186";"0"
"2023";"10";"150204";"LIMA";"BARRANCA";"SUPE";"GOBIERNO REGIONAL";"II-1";"00007636";"HOSPITAL DE SUPE LAURA ESTHER RODRIGUEZ DULANTO";"241400";"HOSPITALIZACIÓN QUIRÚRGICA GINECO - OBSTETRICIA ";"69";"71";"144";"152";"15";"465";"0"
"2023";"10";"150204";"LIMA";"BARRANCA";"SUPE";"GOBIERNO REGIONAL";"II-1";"00007636";"HOSPITAL DE SUPE LAURA ESTHER RODRIGUEZ DULANTO";"241800";"HOSPITALIZACIÓN DE MEDICINA MEDICINA GENERAL ";"14";"16";"94";"103";"10";"310";"0"
"2023";"10";"150204";"LIMA";"BARRANCA";"SUPE";"GOBIERNO REGIONAL";"II-1";"00007636";"HOSPITAL DE SUPE LAURA ESTHER RODRIGUEZ DULANTO";"242200";"HOSPITALIZACIÓN DE MEDICINA PSIQUIATRÍA ";"2";"3";"27";"122";"10";"310";"0"
"2023";"10";"150204";"LIMA";"BARRANCA";"SUPE";"GOBIERNO REGIONAL";"II-1";"00007636";"HOSPITAL DE SUPE LAURA ESTHER RODRIGUEZ DULANTO";"242500";"HOSPITALIZACIÓN-PEDIATRÍA GENERAL-";"22";"26";"93";"86";"10";"310";"0"
"2023";"10";"150204";"LIMA";"BARRANCA";"SUPE";"GOBIERNO REGIONAL";"II-1";"00007636";"HOSPITAL DE SUPE LAURA ESTHER RODRIGUEZ DULANTO";"243200";"HOSPITALIZACIÓN DE PEDIATRÍA PEDIATRIA NEONATOLOGÍA";"46";"48";"71";"22";"5";"155";"0"
"2023";"10";"120504";"JUNIN";"JUNIN";"ULCUMAYO";"GOBIERNO REGIONAL";"I-1";"00000605";"SHOGUE";"NE_0001";"";"NE_0001";"NE_0001";"NE_0001";"NE_0001";"NE_0001";"NE_0001";"NE_0001"
"2023";"10";"120504";"JUNIN";"JUNIN";"ULCUMAYO";"GOBIERNO REGIONAL";"I-2";"00000604";"TAMBOS";"NE_0001";"";"NE_0001";"NE_0001";"NE_0001";"NE_0001";"NE_0001";"NE_0001";"NE_0001"
"2023";"10";"120504";"JUNIN";"JUNIN";"ULCUMAYO";"GOBIERNO REGIONAL";"I-2";"00000602";"QUILCATACTA";"NE_0001";"";"NE_0001";"NE_0001";"NE_0001";"NE_0001";"NE_0001";"NE_0001";"NE_0001"
"2023";"10";"120504";"JUNIN";"JUNIN";"ULCUMAYO";"GOBIERNO REGIONAL";"I-1";"00000603";"YAPACMARCA";"NE_0001";"";"NE_0001";"NE_0001";"NE_0001";"NE_0001";"NE_0001";"NE_0001";"NE_0001"
"2023";"10";"120504";"JUNIN";"JUNIN";"ULCUMAYO";"GOBIERNO REGIONAL";"I-1";"00000607";"PISCURRURAY";"NE_0001";"";"NE_0001";"NE_0001";"NE_0001";"NE_0001";"NE_0001";"NE_0001";"NE_0001"
"2023";"10";"120504";"JUNIN";"JUNIN";"ULCUMAYO";"GOBIERNO REGIONAL";"I-3";"00000601";"ULCUMAYO";"NE_0001";"";"NE_0001";"NE_0001";"NE_0001";"NE_0001";"NE_0001";"NE_0001";"NE_0001"
"2023";"10";"120504";"JUNIN";"JUNIN";"ULCUMAYO";"GOBIERNO REGIONAL";"I-1";"00000606";"QUIPACANCHA";"NE_0001";"";"NE_0001";"NE_0001";"NE_0001";"NE_0001";"NE_0001";"NE_0001";"NE_0001"
"2023";"10";"150605";"LIMA";"HUARAL";"CHANCAY";"GOBIERNO REGIONAL";"II-2";"00007638";"HOSPITAL DE CHANCAY Y SBS Dr. HIDALGO ATOCHE L¿PEZ";"240100";"HOSPITALIZACIÓN QUIRÚRGICA CIRUGÍA GENERAL ";"33";"34";"86";"84";"4";"124";"0"
"2023";"10";"150605";"LIMA";"HUARAL";"CHANCAY";"GOBIERNO REGIONAL";"II-2";"00007638";"HOSPITAL DE CHANCAY Y SBS Dr. HIDALGO ATOCHE L¿PEZ";"241200";"HOSPITALIZACIÓN QUIRÚRGICA TRAUMATOLOGÍA Y ORTOPEDIA ";"8";"8";"31";"31";"2";"62";"0"
"2023";"10";"150605";"LIMA";"HUARAL";"CHANCAY";"GOBIERNO REGIONAL";"II-2";"00007638";"HOSPITAL DE CHANCAY Y SBS Dr. HIDALGO ATOCHE L¿PEZ";"241300";"HOSPITALIZACIÓN QUIRÚRGICA UROLOGÍA  ";"1";"1";"3";"3";"1";"31";"0"
"2023";"10";"150605";"LIMA";"HUARAL";"CHANCAY";"GOBIERNO REGIONAL";"II-2";"00007638";"HOSPITAL DE CHANCAY Y SBS Dr. HIDALGO ATOCHE L¿PEZ";"241400";"HOSPITALIZACIÓN QUIRÚRGICA GINECO - OBSTETRICIA ";"84";"91";"185";"168";"13";"403";"0"
"2023";"10";"150605";"LIMA";"HUARAL";"CHANCAY";"GOBIERNO REGIONAL";"II-2";"00007638";"HOSPITAL DE CHANCAY Y SBS Dr. HIDALGO ATOCHE L¿PEZ";"241500";"HOSPITALIZACIÓN QUIRÚRGICA GINECOLOGÍA  ";"4";"5";"17";"14";"8";"248";"0"
"2023";"10";"150605";"LIMA";"HUARAL";"CHANCAY";"GOBIERNO REGIONAL";"II-2";"00007638";"HOSPITAL DE CHANCAY Y SBS Dr. HIDALGO ATOCHE L¿PEZ";"241800";"HOSPITALIZACIÓN DE MEDICINA MEDICINA GENERAL ";"67";"79";"458";"375";"16";"496";"9"
"2023";"10";"150605";"LIMA";"HUARAL";"CHANCAY";"GOBIERNO REGIONAL";"II-2";"00007638";"HOSPITAL DE CHANCAY Y SBS Dr. HIDALGO ATOCHE L¿PEZ";"242500";"HOSPITALIZACIÓN-PEDIATRÍA GENERAL-";"17";"20";"71";"62";"14";"434";"0"
"2023";"10";"150605";"LIMA";"HUARAL";"CHANCAY";"GOBIERNO REGIONAL";"II-2";"00007638";"HOSPITAL DE CHANCAY Y SBS Dr. HIDALGO ATOCHE L¿PEZ";"243200";"HOSPITALIZACIÓN DE PEDIATRÍA PEDIATRIA NEONATOLOGÍA";"5";"9";"95";"52";"6";"186";"0"
"2023";"10";"150605";"LIMA";"HUARAL";"CHANCAY";"GOBIERNO REGIONAL";"II-2";"00007638";"HOSPITAL DE CHANCAY Y SBS Dr. HIDALGO ATOCHE L¿PEZ";"250103";"UNIDAD DE CUIDADOS CRITICOS UNIDAD  DE CUIDADOS INTENSIVOS GENERALES  (UCI) MEDICINA";"3";"3";"14";"14";"4";"124";"1"
"2023";"10";"150605";"LIMA";"HUARAL";"CHANCAY";"GOBIERNO REGIONAL";"II-2";"00007638";"HOSPITAL DE CHANCAY Y SBS Dr. HIDALGO ATOCHE L¿PEZ";"250105";"UNIDAD DE CUIDADOS CRITICOS UNIDAD  DE CUIDADOS INTENSIVOS  (UCI) NEONATOLOGÍA";"2";"2";"4";"4";"2";"62";"0"
"2023";"10";"220506";"SAN MARTIN";"LAMAS";"PINTO RECODO";"GOBIERNO REGIONAL";"I-1";"00006409";"PINTO RECODO";"NE_0001";"";"NE_0001";"NE_0001";"NE_0001";"NE_0001";"NE_0001";"NE_0001";"NE_0001"
"2023";"10";"220509";"SAN MARTIN";"LAMAS";"SHANAO";"GOBIERNO REGIONAL";"I-1";"00006412";"SHANAO";"NE_0001";"";"NE_0001";"NE_0001";"NE_0001";"NE_0001";"NE_0001";"NE_0001";"NE_0001"
"2023";"10";"220504";"SAN MARTIN";"LAMAS";"CAYNARACHI";"GOBIERNO REGIONAL";"I-1";"00019769";"NUEVO TOCACHE";"NE_0001";"";"NE_0001";"NE_0001";"NE_0001";"NE_0001";"NE_0001";"NE_0001";"NE_0001"
"2023";"10";"220504";"SAN MARTIN";"LAMAS";"CAYNARACHI";"GOBIERNO REGIONAL";"I-1";"00006416";"ALFONSO UGARTE";"NE_0001";"";"NE_0001";"NE_0001";"NE_0001";"NE_0001";"NE_0001";"NE_0001";"NE_0001"
"2023";"10";"220504";"SAN MARTIN";"LAMAS";"CAYNARACHI";"GOBIERNO REGIONAL";"I-1";"00006419";"BONILLA";"NE_0001";"";"NE_0001";"NE_0001";"NE_0001";"NE_0001";"NE_0001";"NE_0001";"NE_0001"
"2023";"10";"220504";"SAN MARTIN";"LAMAS";"CAYNARACHI";"GOBIERNO REGIONAL";"I-1";"00006420";"NUEVO LAMAS";"NE_0001";"";"NE_0001";"NE_0001";"NE_0001";"NE_0001";"NE_0001";"NE_0001";"NE_0001"
"2023";"10";"220504";"SAN MARTIN";"LAMAS";"CAYNARACHI";"GOBIERNO REGIONAL";"I-1";"00006422";"SAN JUAN DE SHANUSI";"NE_0001";"";"NE_0001";"NE_0001";"NE_0001";"NE_0001";"NE_0001";"NE_0001";"NE_0001"
"2023";"11";"150122";"LIMA";"LIMA";"MIRAFLORES";"PRIVADO";"II-E";"00019671";"CLINICA RENACER";"NE_0002";"";"NE_0002";"NE_0002";"NE_0002";"NE_0002";"NE_0002";"NE_0002";"NE_0002"
"2023";"11";"080910";"CUSCO";"LA CONVENCION";"PICHARI";"SANIDAD DE LA POLICIA NACIONAL DEL PERU";"I-2";"00027230";"MEDICA POLICIAL PICHARI";"NE_0001";"";"NE_0001";"NE_0001";"NE_0001";"NE_0001";"NE_0001";"NE_0001";"NE_0001"
"2023";"11";"060101";"CAJAMARCA";"CAJAMARCA";"CAJAMARCA";"PRIVADO";"I-3";"00010487";"MARIA BELEN SRL";"NE_0001";"";"NE_0001";"NE_0001";"NE_0001";"NE_0001";"NE_0001";"NE_0001";"NE_0001"
"2023";"11";"200601";"PIURA";"SULLANA";"SULLANA";"ESSALUD";"I-4";"00010267";"HOSPITAL I ESSALUD-SULLANA";"241600";"HOSPITALIZACIÓN QUIRÚRGICA OBSTETRICIA   ";"7";"9";"27";"18";"1";"30";"0"
"2023";"11";"200601";"PIURA";"SULLANA";"SULLANA";"ESSALUD";"I-4";"00010267";"HOSPITAL I ESSALUD-SULLANA";"240100";"HOSPITALIZACIÓN QUIRÚRGICA CIRUGÍA GENERAL ";"16";"20";"39";"31";"2";"60";"0"
"2023";"11";"240101";"TUMBES";"TUMBES";"TUMBES";"GOBIERNO REGIONAL";"II-2";"00017077";"HOSPITAL REGIONAL JOSE ALFREDO MENDOZA OLAVARRIA JAMO II-2";"240100";"HOSPITALIZACIÓN QUIRÚRGICA CIRUGÍA GENERAL ";"134";"154";"678";"551";"30";"900";"0"
"2023";"11";"240101";"TUMBES";"TUMBES";"TUMBES";"GOBIERNO REGIONAL";"II-2";"00017077";"HOSPITAL REGIONAL JOSE ALFREDO MENDOZA OLAVARRIA JAMO II-2";"241800";"HOSPITALIZACIÓN DE MEDICINA MEDICINA GENERAL ";"31";"52";"694";"644";"22";"660";"5"
"2023";"11";"240101";"TUMBES";"TUMBES";"TUMBES";"GOBIERNO REGIONAL";"II-2";"00017077";"HOSPITAL REGIONAL JOSE ALFREDO MENDOZA OLAVARRIA JAMO II-2";"242500";"HOSPITALIZACIÓN-PEDIATRÍA GENERAL-";"36";"43";"181";"145";"12";"360";"1"
"2023";"11";"240101";"TUMBES";"TUMBES";"TUMBES";"GOBIERNO REGIONAL";"II-2";"00017077";"HOSPITAL REGIONAL JOSE ALFREDO MENDOZA OLAVARRIA JAMO II-2";"243200";"HOSPITALIZACIÓN DE PEDIATRÍA PEDIATRIA NEONATOLOGÍA";"10";"15";"126";"111";"5";"150";"0"
"2023";"11";"240101";"TUMBES";"TUMBES";"TUMBES";"GOBIERNO REGIONAL";"II-2";"00017077";"HOSPITAL REGIONAL JOSE ALFREDO MENDOZA OLAVARRIA JAMO II-2";"250103";"UNIDAD DE CUIDADOS CRITICOS UNIDAD  DE CUIDADOS INTENSIVOS GENERALES  (UCI) MEDICINA";"8";"11";"127";"117";"6";"180";"7"
"2023";"11";"240101";"TUMBES";"TUMBES";"TUMBES";"GOBIERNO REGIONAL";"II-2";"00017077";"HOSPITAL REGIONAL JOSE ALFREDO MENDOZA OLAVARRIA JAMO II-2";"250105";"UNIDAD DE CUIDADOS CRITICOS UNIDAD  DE CUIDADOS INTENSIVOS  (UCI) NEONATOLOGÍA";"0";"2";"57";"55";"4";"120";"0"
"2023";"11";"240101";"TUMBES";"TUMBES";"TUMBES";"GOBIERNO REGIONAL";"II-2";"00017077";"HOSPITAL REGIONAL JOSE ALFREDO MENDOZA OLAVARRIA JAMO II-2";"241400";"HOSPITALIZACIÓN QUIRÚRGICA GINECO - OBSTETRICIA ";"226";"244";"583";"416";"30";"900";"0"
"2023";"11";"130111";"LA LIBERTAD";"TRUJILLO";"VICTOR LARCO HERRERA";"PRIVADO";"II-1";"00010581";"SANNA/SANCHEZ FERRER S.A.";"241900";"HOSPITALIZACIÓN DE MEDICINA MEDICINA INTERNA ";"49";"57";"316";"288";"11";"345";"1"
"2023";"11";"130111";"LA LIBERTAD";"TRUJILLO";"VICTOR LARCO HERRERA";"PRIVADO";"II-1";"00010581";"SANNA/SANCHEZ FERRER S.A.";"241400";"HOSPITALIZACIÓN QUIRÚRGICA GINECO - OBSTETRICIA ";"70";"71";"122";"184";"5";"255";"0"
"2023";"11";"130111";"LA LIBERTAD";"TRUJILLO";"VICTOR LARCO HERRERA";"PRIVADO";"II-1";"00010581";"SANNA/SANCHEZ FERRER S.A.";"242300";"HOSPITALIZACIÓN DE PEDIATRÍA  PEDIATRÍA  GENERAL ";"28";"28";"77";"103";"3";"131";"0"
"2023";"11";"130111";"LA LIBERTAD";"TRUJILLO";"VICTOR LARCO HERRERA";"PRIVADO";"II-1";"00010581";"SANNA/SANCHEZ FERRER S.A.";"240100";"HOSPITALIZACIÓN QUIRÚRGICA CIRUGÍA GENERAL ";"41";"45";"97";"134";"4";"179";"0"
"2023";"11";"130111";"LA LIBERTAD";"TRUJILLO";"VICTOR LARCO HERRERA";"PRIVADO";"II-1";"00010581";"SANNA/SANCHEZ FERRER S.A.";"241200";"HOSPITALIZACIÓN QUIRÚRGICA TRAUMATOLOGÍA Y ORTOPEDIA ";"48";"46";"79";"120";"3";"166";"0"
"2023";"11";"130111";"LA LIBERTAD";"TRUJILLO";"VICTOR LARCO HERRERA";"PRIVADO";"II-1";"00010581";"SANNA/SANCHEZ FERRER S.A.";"244300";"HOSPITALIZACIÓN DE MEDICINA GASTROENTEROLOGÍA  ";"6";"8";"33";"37";"3";"45";"0"
"2023";"11";"130111";"LA LIBERTAD";"TRUJILLO";"VICTOR LARCO HERRERA";"PRIVADO";"II-1";"00010581";"SANNA/SANCHEZ FERRER S.A.";"241300";"HOSPITALIZACIÓN QUIRÚRGICA UROLOGÍA  ";"10";"10";"35";"42";"2";"52";"0"
"2023";"11";"130111";"LA LIBERTAD";"TRUJILLO";"VICTOR LARCO HERRERA";"PRIVADO";"II-1";"00010581";"SANNA/SANCHEZ FERRER S.A.";"240200";"HOSPITALIZACIÓN QUIRÚRGICA CIRUGÍA DE CABEZA Y CUELLO / MÁXILO FACIAL ";"5";"5";"6";"11";"1";"16";"0"
"2023";"11";"130111";"LA LIBERTAD";"TRUJILLO";"VICTOR LARCO HERRERA";"PRIVADO";"II-1";"00010581";"SANNA/SANCHEZ FERRER S.A.";"240400";"HOSPITALIZACIÓN QUIRÚRGICA CIRUGÍA DE TÓRAX Y CARDIOVASCULAR ";"9";"7";"22";"29";"1";"36";"0"
"2023";"11";"130111";"LA LIBERTAD";"TRUJILLO";"VICTOR LARCO HERRERA";"PRIVADO";"II-1";"00010581";"SANNA/SANCHEZ FERRER S.A.";"242100";"HOSPITALIZACIÓN DE MEDICINA ONCOLOGÍA MÉDICA ";"6";"5";"9";"14";"1";"19";"0"
"2023";"11";"130111";"LA LIBERTAD";"TRUJILLO";"VICTOR LARCO HERRERA";"PRIVADO";"II-1";"00010581";"SANNA/SANCHEZ FERRER S.A.";"241100";"HOSPITALIZACIÓN QUIRÚRGICA OTORRINOLARINGOLOGÍA  ";"3";"4";"6";"9";"1";"13";"0"
"2023";"11";"130111";"LA LIBERTAD";"TRUJILLO";"VICTOR LARCO HERRERA";"PRIVADO";"II-1";"00010581";"SANNA/SANCHEZ FERRER S.A.";"244700";"HOSPITALIZACIÓN DE MEDICINA NEUROLOGIA  ";"2";"2";"2";"4";"1";"6";"0"
"2023";"11";"130111";"LA LIBERTAD";"TRUJILLO";"VICTOR LARCO HERRERA";"PRIVADO";"II-1";"00010581";"SANNA/SANCHEZ FERRER S.A.";"240000";"HOSPITALIZACIÓN";"3";"3";"13";"16";"1";"19";"0"
"2023";"09";"150103";"LIMA";"LIMA";"ATE";"ESSALUD";"II-1";"00008353";"HOSPITAL II VITARTE - ESSALUD";"241800";"HOSPITALIZACIÓN DE MEDICINA MEDICINA GENERAL ";"101";"107";"856";"898";"30";"900";"10"
"2023";"09";"150103";"LIMA";"LIMA";"ATE";"ESSALUD";"II-1";"00008353";"HOSPITAL II VITARTE - ESSALUD";"240100";"HOSPITALIZACIÓN QUIRÚRGICA CIRUGÍA GENERAL ";"109";"114";"203";"340";"12";"360";"0"
"2023";"09";"150103";"LIMA";"LIMA";"ATE";"ESSALUD";"II-1";"00008353";"HOSPITAL II VITARTE - ESSALUD";"241300";"HOSPITALIZACIÓN QUIRÚRGICA UROLOGÍA  ";"10";"12";"46";"61";"3";"90";"0"
"2023";"09";"150103";"LIMA";"LIMA";"ATE";"ESSALUD";"II-1";"00008353";"HOSPITAL II VITARTE - ESSALUD";"241200";"HOSPITALIZACIÓN QUIRÚRGICA TRAUMATOLOGÍA Y ORTOPEDIA ";"70";"66";"236";"154";"6";"180";"0"
"2023";"09";"150103";"LIMA";"LIMA";"ATE";"ESSALUD";"II-1";"00008353";"HOSPITAL II VITARTE - ESSALUD";"241500";"HOSPITALIZACIÓN QUIRÚRGICA GINECOLOGÍA  ";"41";"42";"113";"150";"6";"180";"0"
"2023";"09";"150103";"LIMA";"LIMA";"ATE";"ESSALUD";"II-1";"00008353";"HOSPITAL II VITARTE - ESSALUD";"242300";"HOSPITALIZACIÓN DE PEDIATRÍA  PEDIATRÍA  GENERAL ";"55";"59";"204";"255";"9";"270";"0"
"2023";"09";"150103";"LIMA";"LIMA";"ATE";"ESSALUD";"II-1";"00008353";"HOSPITAL II VITARTE - ESSALUD";"250100";"UNIDAD DE CUIDADOS CRITICOS UNIDAD  DE CUIDADOS INTENSIVOS GENERALES (UCI) ";"4";"4";"10";"22";"3";"90";"2"
"2023";"09";"150103";"LIMA";"LIMA";"ATE";"ESSALUD";"II-1";"00008353";"HOSPITAL II VITARTE - ESSALUD";"250101";"UNIDAD DE CUIDADOS CRITICOS UNIDAD  DE CUIDADOS INTENSIVOS GENERALES (UCI) CARDIOLOGIA";"6";"6";"16";"48";"3";"90";"1"
"2023";"09";"130901";"LA LIBERTAD";"SANCHEZ CARRION";"HUAMACHUCO";"GOBIERNO REGIONAL";"I-1";"00018226";"EL CAPULI";"NE_0001";"";"NE_0001";"NE_0001";"NE_0001";"NE_0001";"NE_0001";"NE_0001";"NE_0001"
"2023";"09";"130901";"LA LIBERTAD";"SANCHEZ CARRION";"HUAMACHUCO";"GOBIERNO REGIONAL";"I-1";"00029010";"PALLAR ALTO";"NE_0001";"";"NE_0001";"NE_0001";"NE_0001";"NE_0001";"NE_0001";"NE_0001";"NE_0001"
"2023";"09";"150140";"LIMA";"LIMA";"SANTIAGO DE SURCO";"PRIVADO";"II-E";"00020674";"SAN MARTIN PLASTICA & ESTETICA";"NE_0002";"";"NE_0002";"NE_0002";"NE_0002";"NE_0002";"NE_0002";"NE_0002";"NE_0002"
"2023";"09";"150130";"LIMA";"LIMA";"SAN BORJA";"PRIVADO";"I-2";"00024872";"LINE CONTROL CENTER";"NE_0001";"";"NE_0001";"NE_0001";"NE_0001";"NE_0001";"NE_0001";"NE_0001";"NE_0001"
"2023";"09";"120501";"JUNIN";"JUNIN";"JUNIN";"GOBIERNO REGIONAL";"II-1";"00000519";"DE APOYO JUNIN";"241800";"HOSPITALIZACIÓN DE MEDICINA MEDICINA GENERAL ";"4";"4";"20";"20";"10";"300";"0"
"2023";"09";"120501";"JUNIN";"JUNIN";"JUNIN";"GOBIERNO REGIONAL";"II-1";"00000519";"DE APOYO JUNIN";"243200";"HOSPITALIZACIÓN DE PEDIATRÍA PEDIATRIA NEONATOLOGÍA";"1";"0";"0";"1";"4";"120";"0"
"2023";"09";"120501";"JUNIN";"JUNIN";"JUNIN";"GOBIERNO REGIONAL";"II-1";"00000519";"DE APOYO JUNIN";"242500";"HOSPITALIZACIÓN-PEDIATRÍA GENERAL-";"3";"4";"12";"11";"4";"120";"0"
"2023";"09";"120501";"JUNIN";"JUNIN";"JUNIN";"GOBIERNO REGIONAL";"II-1";"00000519";"DE APOYO JUNIN";"240100";"HOSPITALIZACIÓN QUIRÚRGICA CIRUGÍA GENERAL ";"8";"8";"25";"25";"10";"300";"0"
"2023";"09";"120501";"JUNIN";"JUNIN";"JUNIN";"GOBIERNO REGIONAL";"II-1";"00000519";"DE APOYO JUNIN";"241500";"HOSPITALIZACIÓN QUIRÚRGICA GINECOLOGÍA  ";"9";"11";"24";"22";"4";"120";"0"
"2023";"09";"120501";"JUNIN";"JUNIN";"JUNIN";"GOBIERNO REGIONAL";"II-1";"00000519";"DE APOYO JUNIN";"242200";"HOSPITALIZACIÓN DE MEDICINA PSIQUIATRÍA ";"8";"6";"126";"128";"10";"300";"0"
"2023";"09";"120501";"JUNIN";"JUNIN";"JUNIN";"GOBIERNO REGIONAL";"II-1";"00000519";"DE APOYO JUNIN";"241600";"HOSPITALIZACIÓN QUIRÚRGICA OBSTETRICIA   ";"20";"17";"27";"31";"4";"120";"0"
"2023";"09";"080503";"CUSCO";"CANAS";"KUNTURKANKI";"GOBIERNO REGIONAL";"I-4";"00007700";"EL DESCANSO";"NE_0001";"";"NE_0001";"NE_0001";"NE_0001";"NE_0001";"NE_0001";"NE_0001";"NE_0001"
"2023";"09";"080502";"CUSCO";"CANAS";"CHECCA";"GOBIERNO REGIONAL";"I-1";"00002367";"CHITIBAMBA";"NE_0001";"";"NE_0001";"NE_0001";"NE_0001";"NE_0001";"NE_0001";"NE_0001";"NE_0001"
"2023";"09";"080502";"CUSCO";"CANAS";"CHECCA";"GOBIERNO REGIONAL";"I-2";"00002366";"CHECCA";"NE_0001";"";"NE_0001";"NE_0001";"NE_0001";"NE_0001";"NE_0001";"NE_0001";"NE_0001"
"2023";"05";"150701";"LIMA";"HUAROCHIRI";"MATUCANA";"GOBIERNO REGIONAL";"II-1";"00005850";"HOSPITAL SAN JUAN DE MATUCANA";"241600";"HOSPITALIZACIÓN QUIRÚRGICA OBSTETRICIA   ";"1";"1";"6";"6";"4";"124";"0"
"2023";"05";"150701";"LIMA";"HUAROCHIRI";"MATUCANA";"GOBIERNO REGIONAL";"II-1";"00005850";"HOSPITAL SAN JUAN DE MATUCANA";"241800";"HOSPITALIZACIÓN DE MEDICINA MEDICINA GENERAL ";"3";"3";"5";"5";"3";"93";"0"
"2023";"05";"150701";"LIMA";"HUAROCHIRI";"MATUCANA";"GOBIERNO REGIONAL";"II-1";"00005850";"HOSPITAL SAN JUAN DE MATUCANA";"242500";"HOSPITALIZACIÓN-PEDIATRÍA GENERAL-";"2";"2";"8";"8";"2";"62";"0"
"2023";"10";"080106";"CUSCO";"CUSCO";"SANTIAGO";"SANIDAD DEL EJERCITO DEL PERU";"I-3";"00010920";"QUINTA BRIGADA DE MONTAÑA";"NE_0001";"";"NE_0001";"NE_0001";"NE_0001";"NE_0001";"NE_0001";"NE_0001";"NE_0001"
"2023";"10";"150137";"LIMA";"LIMA";"SANTA ANITA";"ESSALUD";"II-1";"00008318";"ESSALUD - HOSPITAL I JORGE VOTO BERNALES CORPANCHO";"241800";"HOSPITALIZACIÓN DE MEDICINA MEDICINA GENERAL ";"22";"17";"66";"73";"5";"155";"1"
"2023";"10";"150137";"LIMA";"LIMA";"SANTA ANITA";"ESSALUD";"II-1";"00008318";"ESSALUD - HOSPITAL I JORGE VOTO BERNALES CORPANCHO";"243200";"HOSPITALIZACIÓN DE PEDIATRÍA PEDIATRIA NEONATOLOGÍA";"6";"3";"105";"113";"4";"124";"0"
"2023";"10";"150137";"LIMA";"LIMA";"SANTA ANITA";"ESSALUD";"II-1";"00008318";"ESSALUD - HOSPITAL I JORGE VOTO BERNALES CORPANCHO";"240100";"HOSPITALIZACIÓN QUIRÚRGICA CIRUGÍA GENERAL ";"99";"105";"300";"322";"12";"372";"2"
"2023";"10";"150137";"LIMA";"LIMA";"SANTA ANITA";"ESSALUD";"II-1";"00008318";"ESSALUD - HOSPITAL I JORGE VOTO BERNALES CORPANCHO";"241400";"HOSPITALIZACIÓN QUIRÚRGICA GINECO - OBSTETRICIA ";"21";"19";"46";"64";"3";"93";"0"
"2023";"10";"150137";"LIMA";"LIMA";"SANTA ANITA";"ESSALUD";"II-1";"00008318";"ESSALUD - HOSPITAL I JORGE VOTO BERNALES CORPANCHO";"242300";"HOSPITALIZACIÓN DE PEDIATRÍA  PEDIATRÍA  GENERAL ";"17";"17";"77";"74";"3";"93";"0"
"2023";"10";"150137";"LIMA";"LIMA";"SANTA ANITA";"ESSALUD";"II-1";"00008318";"ESSALUD - HOSPITAL I JORGE VOTO BERNALES CORPANCHO";"250100";"UNIDAD DE CUIDADOS CRITICOS UNIDAD  DE CUIDADOS INTENSIVOS GENERALES (UCI) ";"54";"52";"107";"61";"4";"124";"0"
"2023";"10";"150137";"LIMA";"LIMA";"SANTA ANITA";"ESSALUD";"II-1";"00008318";"ESSALUD - HOSPITAL I JORGE VOTO BERNALES CORPANCHO";"241500";"HOSPITALIZACIÓN QUIRÚRGICA GINECOLOGÍA  ";"190";"196";"410";"440";"17";"527";"0"
"2023";"10";"060101";"CAJAMARCA";"CAJAMARCA";"CAJAMARCA";"PRIVADO";"I-3";"00010487";"MARIA BELEN SRL";"NE_0001";"";"NE_0001";"NE_0001";"NE_0001";"NE_0001";"NE_0001";"NE_0001";"NE_0001"
"2023";"08";"110201";"ICA";"CHINCHA";"CHINCHA ALTA";"PRIVADO";"II-1";"00032741";"CLINICA NUEVA SALUD";"240100";"HOSPITALIZACIÓN QUIRÚRGICA CIRUGÍA GENERAL ";"5";"4";"7";"150";"6";"180";"0"
"2023";"08";"110201";"ICA";"CHINCHA";"CHINCHA ALTA";"PRIVADO";"II-1";"00032741";"CLINICA NUEVA SALUD";"241200";"HOSPITALIZACIÓN QUIRÚRGICA TRAUMATOLOGÍA Y ORTOPEDIA ";"1";"0";"1";"150";"5";"180";"0"
"2023";"08";"110201";"ICA";"CHINCHA";"CHINCHA ALTA";"PRIVADO";"II-1";"00032741";"CLINICA NUEVA SALUD";"241300";"HOSPITALIZACIÓN QUIRÚRGICA UROLOGÍA  ";"2";"2";"10";"150";"5";"180";"0"
"2023";"08";"110201";"ICA";"CHINCHA";"CHINCHA ALTA";"PRIVADO";"II-1";"00032741";"CLINICA NUEVA SALUD";"241800";"HOSPITALIZACIÓN DE MEDICINA MEDICINA GENERAL ";"5";"5";"8";"150";"5";"180";"0"
"2023";"08";"110201";"ICA";"CHINCHA";"CHINCHA ALTA";"PRIVADO";"II-1";"00032741";"CLINICA NUEVA SALUD";"242300";"HOSPITALIZACIÓN DE PEDIATRÍA  PEDIATRÍA  GENERAL ";"1";"1";"1";"150";"5";"180";"0"
"2023";"08";"110201";"ICA";"CHINCHA";"CHINCHA ALTA";"PRIVADO";"II-1";"00032741";"CLINICA NUEVA SALUD";"244000";"HOSPITALIZACIÓN DE MEDICINA CARDIOLOGIA ";"4";"4";"10";"150";"5";"180";"0"
"2023";"10";"050115";"AYACUCHO";"HUAMANGA";"JESUS NAZARENO";"GOBIERNO REGIONAL";"I-2";"00011365";"PUESTO DE SALUD VILLA SAN CRISTOBAL";"NE_0001";"";"NE_0001";"NE_0001";"NE_0001";"NE_0001";"NE_0001";"NE_0001";"NE_0001"
"2023";"10";"150601";"LIMA";"HUARAL";"HUARAL";"ESSALUD";"I-4";"00010333";"CENTRO DE ATENCION PRIMARIA III HUARAL";"NE_0001";"";"NE_0001";"NE_0001";"NE_0001";"NE_0001";"NE_0001";"NE_0001";"NE_0001"
"2023";"10";"070102";"CALLAO";"CALLAO";"BELLAVISTA";"PRIVADO";"I-2";"00023578";"CONSULTORIO MEDICO NUTRIMEDIC";"NE_0002";"";"NE_0002";"NE_0002";"NE_0002";"NE_0002";"NE_0002";"NE_0002";"NE_0002"
"2023";"11";"211101";"PUNO";"SAN ROMAN";"JULIACA";"SANIDAD DE LA POLICIA NACIONAL DEL PERU";"I-2";"00010236";"POSTA MEDICA DE SALUD PNP - JULIACA";"NE_0001";"";"NE_0001";"NE_0001";"NE_0001";"NE_0001";"NE_0001";"NE_0001";"NE_0001"
"2023";"11";"021806";"ANCASH";"SANTA";"NEPEÑA";"ESSALUD";"I-3";"00009921";"CENTRO DE ATENCION PRIMARIA II SAN JACINTO";"NE_0001";"";"NE_0001";"NE_0001";"NE_0001";"NE_0001";"NE_0001";"NE_0001";"NE_0001"
"2023";"11";"120425";"JUNIN";"JAUJA";"PARCO";"GOBIERNO REGIONAL";"I-2";"00000374";"PARCO";"NE_0001";"";"NE_0001";"NE_0001";"NE_0001";"NE_0001";"NE_0001";"NE_0001";"NE_0001"
"2023";"11";"120405";"JUNIN";"JAUJA";"CANCHAYLLO";"GOBIERNO REGIONAL";"I-2";"00000424";"CANCHAYLLO";"NE_0001";"";"NE_0001";"NE_0001";"NE_0001";"NE_0001";"NE_0001";"NE_0001";"NE_0001"
"2023";"11";"120414";"JUNIN";"JAUJA";"LLOCLLAPAMPA";"GOBIERNO REGIONAL";"I-3";"00000427";"LLOCLLAPAMPA";"NE_0001";"";"NE_0001";"NE_0001";"NE_0001";"NE_0001";"NE_0001";"NE_0001";"NE_0001"
"2023";"11";"120411";"JUNIN";"JAUJA";"JANJAILLO";"GOBIERNO REGIONAL";"I-2";"00000426";"JANJAILLO";"NE_0001";"";"NE_0001";"NE_0001";"NE_0001";"NE_0001";"NE_0001";"NE_0001";"NE_0001"
"2023";"11";"120425";"JUNIN";"JAUJA";"PARCO";"GOBIERNO REGIONAL";"I-1";"00000375";"ULLUSCA";"NE_0001";"";"NE_0001";"NE_0001";"NE_0001";"NE_0001";"NE_0001";"NE_0001";"NE_0001"
"2023";"11";"120406";"JUNIN";"JAUJA";"CURICACA";"GOBIERNO REGIONAL";"I-2";"00000425";"EL ROSARIO";"NE_0001";"";"NE_0001";"NE_0001";"NE_0001";"NE_0001";"NE_0001";"NE_0001";"NE_0001"
"2023";"11";"120414";"JUNIN";"JAUJA";"LLOCLLAPAMPA";"GOBIERNO REGIONAL";"I-1";"00000428";"MATACHICO";"NE_0001";"";"NE_0001";"NE_0001";"NE_0001";"NE_0001";"NE_0001";"NE_0001";"NE_0001"
"2023";"11";"040112";"AREQUIPA";"AREQUIPA";"PAUCARPATA";"GOBIERNO REGIONAL";"I-2";"00001311";"PUESTO DE SALUD ALTO JESUS";"NE_0001";"";"NE_0001";"NE_0001";"NE_0001";"NE_0001";"NE_0001";"NE_0001";"NE_0001"
"2023";"11";"040112";"AREQUIPA";"AREQUIPA";"PAUCARPATA";"GOBIERNO REGIONAL";"I-3";"00001297";"CENTRO DE SALUD CIUDAD BLANCA";"NE_0001";"";"NE_0001";"NE_0001";"NE_0001";"NE_0001";"NE_0001";"NE_0001";"NE_0001"
"2023";"11";"040112";"AREQUIPA";"AREQUIPA";"PAUCARPATA";"GOBIERNO REGIONAL";"I-2";"00001312";"PUESTO DE SALUD ISRAEL";"NE_0001";"";"NE_0001";"NE_0001";"NE_0001";"NE_0001";"NE_0001";"NE_0001";"NE_0001"
"2023";"11";"040112";"AREQUIPA";"AREQUIPA";"PAUCARPATA";"GOBIERNO REGIONAL";"I-2";"00007744";"PUESTO DE SALUD VILLA JESUS";"NE_0001";"";"NE_0001";"NE_0001";"NE_0001";"NE_0001";"NE_0001";"NE_0001";"NE_0001"
"2023";"11";"040112";"AREQUIPA";"AREQUIPA";"PAUCARPATA";"GOBIERNO REGIONAL";"I-3";"00001314";"SAN JUAN DE CIUDAD BLANCA";"NE_0001";"";"NE_0001";"NE_0001";"NE_0001";"NE_0001";"NE_0001";"NE_0001";"NE_0001"
"2023";"11";"040112";"AREQUIPA";"AREQUIPA";"PAUCARPATA";"GOBIERNO REGIONAL";"I-3";"00025066";"CENTRO DE SALUD MENTAL COMUNITARIO AYELEN";"NE_0001";"";"NE_0001";"NE_0001";"NE_0001";"NE_0001";"NE_0001";"NE_0001";"NE_0001"
"2023";"11";"210201";"PUNO";"AZANGARO";"AZANGARO";"GOBIERNO REGIONAL";"II-1";"00002941";"CARLOS CORNEJO ROSELLO";"241500";"HOSPITALIZACIÓN QUIRÚRGICA GINECOLOGÍA  ";"53";"58";"156";"213";"08";"240";"0"
"2023";"11";"210201";"PUNO";"AZANGARO";"AZANGARO";"GOBIERNO REGIONAL";"II-1";"00002941";"CARLOS CORNEJO ROSELLO";"241600";"HOSPITALIZACIÓN QUIRÚRGICA OBSTETRICIA   ";"23";"24";"40";"64";"06";"180";"0"
"2023";"11";"210201";"PUNO";"AZANGARO";"AZANGARO";"GOBIERNO REGIONAL";"II-1";"00002941";"CARLOS CORNEJO ROSELLO";"241800";"HOSPITALIZACIÓN DE MEDICINA MEDICINA GENERAL ";"18";"20";"54";"74";"12";"360";"0"
"2023";"11";"210201";"PUNO";"AZANGARO";"AZANGARO";"GOBIERNO REGIONAL";"II-1";"00002941";"CARLOS CORNEJO ROSELLO";"242500";"HOSPITALIZACIÓN-PEDIATRÍA GENERAL-";"24";"25";"76";"101";"11";"330";"0"
"2023";"11";"040119";"AREQUIPA";"AREQUIPA";"SAN JUAN DE TARUCANI";"GOBIERNO REGIONAL";"I-2";"00001319";"PUESTO DE SALUD SAN JUAN DE TARUCANI";"NE_0001";"";"NE_0001";"NE_0001";"NE_0001";"NE_0001";"NE_0001";"NE_0001";"NE_0001"
"2023";"11";"040106";"AREQUIPA";"AREQUIPA";"CHIGUATA";"GOBIERNO REGIONAL";"I-3";"00001299";"CENTRO DE SALUD CHIGUATA";"NE_0001";"";"NE_0001";"NE_0001";"NE_0001";"NE_0001";"NE_0001";"NE_0001";"NE_0001"
"2023";"11";"040119";"AREQUIPA";"AREQUIPA";"SAN JUAN DE TARUCANI";"GOBIERNO REGIONAL";"I-2";"00001321";"PUESTO DE SALUD SALINAS HUITO";"NE_0001";"";"NE_0001";"NE_0001";"NE_0001";"NE_0001";"NE_0001";"NE_0001";"NE_0001"
"2023";"11";"090301";"HUANCAVELICA";"ANGARAES";"LIRCAY";"GOBIERNO REGIONAL";"II-1";"00003943";"HOSPITAL DE LIRCAY";"242300";"HOSPITALIZACIÓN DE PEDIATRÍA  PEDIATRÍA  GENERAL ";"13";"13";"26";"13";"3";"90";"0"
"2023";"11";"090301";"HUANCAVELICA";"ANGARAES";"LIRCAY";"GOBIERNO REGIONAL";"II-1";"00003943";"HOSPITAL DE LIRCAY";"240100";"HOSPITALIZACIÓN QUIRÚRGICA CIRUGÍA GENERAL ";"16";"18";"77";"16";"6";"180";"0"
"2023";"11";"090301";"HUANCAVELICA";"ANGARAES";"LIRCAY";"GOBIERNO REGIONAL";"II-1";"00003943";"HOSPITAL DE LIRCAY";"245400";"HOSPITALIZACIÓN DE MEDICINA GINECOLOGIA ";"37";"37";"72";"37";"9";"270";"0"
"2023";"11";"090301";"HUANCAVELICA";"ANGARAES";"LIRCAY";"GOBIERNO REGIONAL";"II-1";"00003943";"HOSPITAL DE LIRCAY";"241900";"HOSPITALIZACIÓN DE MEDICINA MEDICINA INTERNA ";"10";"11";"48";"10";"26";"780";"0"
"2023";"11";"090101";"HUANCAVELICA";"HUANCAVELICA";"HUANCAVELICA";"GOBIERNO REGIONAL";"II-2";"00003853";"HOSPITAL DEPARTAMENTAL DE HUANCAVELICA";"240100";"HOSPITALIZACIÓN QUIRÚRGICA CIRUGÍA GENERAL ";"79";"79";"287";"540";"20";"600";"0"
"2023";"11";"090101";"HUANCAVELICA";"HUANCAVELICA";"HUANCAVELICA";"GOBIERNO REGIONAL";"II-2";"00003853";"HOSPITAL DEPARTAMENTAL DE HUANCAVELICA";"241200";"HOSPITALIZACIÓN QUIRÚRGICA TRAUMATOLOGÍA Y ORTOPEDIA ";"22";"22";"141";"240";"9";"270";"0"
"2023";"11";"090101";"HUANCAVELICA";"HUANCAVELICA";"HUANCAVELICA";"GOBIERNO REGIONAL";"II-2";"00003853";"HOSPITAL DEPARTAMENTAL DE HUANCAVELICA";"241300";"HOSPITALIZACIÓN QUIRÚRGICA UROLOGÍA  ";"1";"1";"1";"570";"20";"600";"0"
"2023";"11";"090101";"HUANCAVELICA";"HUANCAVELICA";"HUANCAVELICA";"GOBIERNO REGIONAL";"II-2";"00003853";"HOSPITAL DEPARTAMENTAL DE HUANCAVELICA";"241400";"HOSPITALIZACIÓN QUIRÚRGICA GINECO - OBSTETRICIA ";"79";"79";"196";"390";"18";"540";"0"
"2023";"11";"090101";"HUANCAVELICA";"HUANCAVELICA";"HUANCAVELICA";"GOBIERNO REGIONAL";"II-2";"00003853";"HOSPITAL DEPARTAMENTAL DE HUANCAVELICA";"241500";"HOSPITALIZACIÓN QUIRÚRGICA GINECOLOGÍA  ";"51";"51";"103";"450";"18";"540";"0"
"2023";"11";"090101";"HUANCAVELICA";"HUANCAVELICA";"HUANCAVELICA";"GOBIERNO REGIONAL";"II-2";"00003853";"HOSPITAL DEPARTAMENTAL DE HUANCAVELICA";"241800";"HOSPITALIZACIÓN DE MEDICINA MEDICINA GENERAL ";"82";"82";"358";"390";"20";"600";"2"
"2023";"11";"090101";"HUANCAVELICA";"HUANCAVELICA";"HUANCAVELICA";"GOBIERNO REGIONAL";"II-2";"00003853";"HOSPITAL DEPARTAMENTAL DE HUANCAVELICA";"242300";"HOSPITALIZACIÓN DE PEDIATRÍA  PEDIATRÍA  GENERAL ";"49";"49";"184";"270";"11";"330";"1"
"2023";"11";"090101";"HUANCAVELICA";"HUANCAVELICA";"HUANCAVELICA";"GOBIERNO REGIONAL";"II-2";"00003853";"HOSPITAL DEPARTAMENTAL DE HUANCAVELICA";"243200";"HOSPITALIZACIÓN DE PEDIATRÍA PEDIATRIA NEONATOLOGÍA";"50";"50";"208";"390";"16";"480";"0"
"2023";"11";"090101";"HUANCAVELICA";"HUANCAVELICA";"HUANCAVELICA";"GOBIERNO REGIONAL";"II-2";"00003853";"HOSPITAL DEPARTAMENTAL DE HUANCAVELICA";"250103";"UNIDAD DE CUIDADOS CRITICOS UNIDAD  DE CUIDADOS INTENSIVOS GENERALES  (UCI) MEDICINA";"2";"2";"11";"300";"20";"600";"0"
"2023";"11";"090101";"HUANCAVELICA";"HUANCAVELICA";"HUANCAVELICA";"GOBIERNO REGIONAL";"II-2";"00003853";"HOSPITAL DEPARTAMENTAL DE HUANCAVELICA";"250105";"UNIDAD DE CUIDADOS CRITICOS UNIDAD  DE CUIDADOS INTENSIVOS  (UCI) NEONATOLOGÍA";"12";"12";"239";"300";"16";"480";"1"
"2023";"11";"090101";"HUANCAVELICA";"HUANCAVELICA";"HUANCAVELICA";"GOBIERNO REGIONAL";"II-2";"00003853";"HOSPITAL DEPARTAMENTAL DE HUANCAVELICA";"250200";"UNIDAD DE CUIDADOS CRITICOS UNIDAD DE CUIDADOS INTERMEDIOS GENERAL  (UCIN) ";"5";"5";"52";"180";"8";"240";"0"
"2023";"11";"120101";"JUNIN";"HUANCAYO";"HUANCAYO";"GOBIERNO REGIONAL";"III-E";"00006615";"HOSPITAL REGIONAL DOCENTE MATERNO INFANTIL EL CARMEN";"241600";"HOSPITALIZACIÓN QUIRÚRGICA OBSTETRICIA   ";"541";"509";"1659";"1785";"63";"1890";"0"
"2023";"11";"120101";"JUNIN";"HUANCAYO";"HUANCAYO";"GOBIERNO REGIONAL";"III-E";"00006615";"HOSPITAL REGIONAL DOCENTE MATERNO INFANTIL EL CARMEN";"250201";"UNIDAD DE CUIDADOS CRITICOS UNIDAD DE CUIDADOS INTERMEDIOS  (UCIN) NEONATAL";"96";"116";"1215";"1199";"42";"1260";"3"
"2023";"11";"120101";"JUNIN";"HUANCAYO";"HUANCAYO";"GOBIERNO REGIONAL";"III-E";"00006615";"HOSPITAL REGIONAL DOCENTE MATERNO INFANTIL EL CARMEN";"240700";"HOSPITALIZACIÓN QUIRÚRGICA CIRUGÍA PEDIÁTRICA ";"92";"93";"328";"373";"15";"450";"0"
"2023";"11";"120101";"JUNIN";"HUANCAYO";"HUANCAYO";"GOBIERNO REGIONAL";"III-E";"00006615";"HOSPITAL REGIONAL DOCENTE MATERNO INFANTIL EL CARMEN";"242300";"HOSPITALIZACIÓN DE PEDIATRÍA  PEDIATRÍA  GENERAL ";"79";"77";"498";"449";"21";"630";"0"
"2023";"11";"120101";"JUNIN";"HUANCAYO";"HUANCAYO";"GOBIERNO REGIONAL";"III-E";"00006615";"HOSPITAL REGIONAL DOCENTE MATERNO INFANTIL EL CARMEN";"241500";"HOSPITALIZACIÓN QUIRÚRGICA GINECOLOGÍA  ";"57";"63";"232";"242";"10";"300";"0"
"2023";"11";"120101";"JUNIN";"HUANCAYO";"HUANCAYO";"GOBIERNO REGIONAL";"III-E";"00006615";"HOSPITAL REGIONAL DOCENTE MATERNO INFANTIL EL CARMEN";"250105";"UNIDAD DE CUIDADOS CRITICOS UNIDAD  DE CUIDADOS INTENSIVOS  (UCI) NEONATOLOGÍA";"39";"6";"11";"341";"12";"360";"3"
"2023";"11";"120101";"JUNIN";"HUANCAYO";"HUANCAYO";"GOBIERNO REGIONAL";"III-E";"00006615";"HOSPITAL REGIONAL DOCENTE MATERNO INFANTIL EL CARMEN";"250108";"UNIDAD DE CUIDADOS CRITICOS UNIDAD  DE CUIDADOS INTENSIVOS  (UCI) PEDIÁTRICA";"8";"2";"16";"143";"6";"180";"2"
"2023";"11";"070106";"CALLAO";"CALLAO";"VENTANILLA";"GOBIERNO REGIONAL";"I-2";"00006263";"PUESTO DE SALUD  SANTA ROSA DE PACHACUTEC";"NE_0001";"";"NE_0001";"NE_0001";"NE_0001";"NE_0001";"NE_0001";"NE_0001";"NE_0001"
"2023";"11";"070106";"CALLAO";"CALLAO";"VENTANILLA";"GOBIERNO REGIONAL";"I-2";"00006267";"PUESTO DE SALUD CIUDAD PACHACUTEC";"NE_0001";"";"NE_0001";"NE_0001";"NE_0001";"NE_0001";"NE_0001";"NE_0001";"NE_0001"
"2023";"11";"070106";"CALLAO";"CALLAO";"VENTANILLA";"GOBIERNO REGIONAL";"I-2";"00006266";"PUESTO DE SALUD 3 DE FEBRERO";"NE_0001";"";"NE_0001";"NE_0001";"NE_0001";"NE_0001";"NE_0001";"NE_0001";"NE_0001"
"2023";"11";"070106";"CALLAO";"CALLAO";"VENTANILLA";"GOBIERNO REGIONAL";"I-2";"00006264";"PUESTO DE SALUD BAHÍA BLANCA";"NE_0001";"";"NE_0001";"NE_0001";"NE_0001";"NE_0001";"NE_0001";"NE_0001";"NE_0001"
"2023";"11";"070106";"CALLAO";"CALLAO";"VENTANILLA";"GOBIERNO REGIONAL";"I-4";"00007314";"C.S. MATERNO INFANTIL PACHACUTEC  PERU-COREA";"241800";"HOSPITALIZACIÓN DE MEDICINA MEDICINA GENERAL ";"16";"16";"19";"90";"12";"360";"0"
"2023";"11";"140101";"LAMBAYEQUE";"CHICLAYO";"CHICLAYO";"PRIVADO";"II-E";"00025061";"HOSPITAL DE CLINICAS LAMBAYEQUE SAC";"241200";"HOSPITALIZACIÓN QUIRÚRGICA TRAUMATOLOGÍA Y ORTOPEDIA ";"30";"18";"10";"19";"19";"20";"0"
"2023";"11";"220504";"SAN MARTIN";"LAMAS";"CAYNARACHI";"GOBIERNO REGIONAL";"I-1";"00006417";"SAN MIGUEL DE ACHINAMIZA";"NE_0001";"";"NE_0001";"NE_0001";"NE_0001";"NE_0001";"NE_0001";"NE_0001";"NE_0001"
"2023";"09";"150108";"LIMA";"LIMA";"CHORRILLOS";"SANIDAD DEL EJERCITO DEL PERU";"I-3";"00008292";"CENTRO MEDICO DE LA ESCUELA MILITAR DE CHORRILLOS ""CORONEL FRANCISCO BOLOGNESI""";"NE_0001";"";"NE_0001";"NE_0001";"NE_0001";"NE_0001";"NE_0001";"NE_0001";"NE_0001"
"2023";"09";"150601";"LIMA";"HUARAL";"HUARAL";"GOBIERNO REGIONAL";"II-2";"00007637";"HOSPITAL SAN JUAN BAUTISTA HUARAL";"240100";"HOSPITALIZACIÓN QUIRÚRGICA CIRUGÍA GENERAL ";"92";"103";"342";"73";"11";"330";"0"
"2023";"09";"150601";"LIMA";"HUARAL";"HUARAL";"GOBIERNO REGIONAL";"II-2";"00007637";"HOSPITAL SAN JUAN BAUTISTA HUARAL";"241200";"HOSPITALIZACIÓN QUIRÚRGICA TRAUMATOLOGÍA Y ORTOPEDIA ";"11";"16";"238";"15";"8";"240";"0"
"2023";"09";"150601";"LIMA";"HUARAL";"HUARAL";"GOBIERNO REGIONAL";"II-2";"00007637";"HOSPITAL SAN JUAN BAUTISTA HUARAL";"241400";"HOSPITALIZACIÓN QUIRÚRGICA GINECO - OBSTETRICIA ";"122";"131";"354";"120";"25";"750";"0"
"2023";"09";"150601";"LIMA";"HUARAL";"HUARAL";"GOBIERNO REGIONAL";"II-2";"00007637";"HOSPITAL SAN JUAN BAUTISTA HUARAL";"241500";"HOSPITALIZACIÓN QUIRÚRGICA GINECOLOGÍA  ";"28";"31";"116";"34";"2";"60";"0"
"2023";"09";"150601";"LIMA";"HUARAL";"HUARAL";"GOBIERNO REGIONAL";"II-2";"00007637";"HOSPITAL SAN JUAN BAUTISTA HUARAL";"241800";"HOSPITALIZACIÓN DE MEDICINA MEDICINA GENERAL ";"63";"76";"424";"57";"14";"420";"10"
"2023";"09";"150601";"LIMA";"HUARAL";"HUARAL";"GOBIERNO REGIONAL";"II-2";"00007637";"HOSPITAL SAN JUAN BAUTISTA HUARAL";"242500";"HOSPITALIZACIÓN-PEDIATRÍA GENERAL-";"17";"19";"57";"32";"5";"150";"0"
"2023";"09";"150601";"LIMA";"HUARAL";"HUARAL";"GOBIERNO REGIONAL";"II-2";"00007637";"HOSPITAL SAN JUAN BAUTISTA HUARAL";"243200";"HOSPITALIZACIÓN DE PEDIATRÍA PEDIATRIA NEONATOLOGÍA";"2";"3";"10";"11";"5";"150";"0"
"2023";"09";"150601";"LIMA";"HUARAL";"HUARAL";"GOBIERNO REGIONAL";"II-2";"00007637";"HOSPITAL SAN JUAN BAUTISTA HUARAL";"250103";"UNIDAD DE CUIDADOS CRITICOS UNIDAD  DE CUIDADOS INTENSIVOS GENERALES  (UCI) MEDICINA";"8";"9";"90";"8";"8";"240";"1"
"2023";"09";"150601";"LIMA";"HUARAL";"HUARAL";"GOBIERNO REGIONAL";"II-2";"00007637";"HOSPITAL SAN JUAN BAUTISTA HUARAL";"250105";"UNIDAD DE CUIDADOS CRITICOS UNIDAD  DE CUIDADOS INTENSIVOS  (UCI) NEONATOLOGÍA";"7";"9";"56";"2";"2";"60";"1"
"2023";"10";"130101";"LA LIBERTAD";"TRUJILLO";"TRUJILLO";"PRIVADO";"II-E";"00025536";"OFTALMONORTE";"NE_0001";"";"NE_0001";"NE_0001";"NE_0001";"NE_0001";"NE_0001";"NE_0001";"NE_0001"
"2023";"10";"130501";"LA LIBERTAD";"JULCAN";"JULCAN";"GOBIERNO REGIONAL";"I-3";"00006775";"AYANGAY";"NE_0002";"";"NE_0002";"NE_0002";"NE_0002";"NE_0002";"NE_0002";"NE_0002";"NE_0002"
"2023";"10";"130501";"LA LIBERTAD";"JULCAN";"JULCAN";"GOBIERNO REGIONAL";"I-2";"00016423";"SAN ANTONIO";"NE_0002";"";"NE_0002";"NE_0002";"NE_0002";"NE_0002";"NE_0002";"NE_0002";"NE_0002"
"2023";"10";"130501";"LA LIBERTAD";"JULCAN";"JULCAN";"GOBIERNO REGIONAL";"I-2";"00006963";"CHUGURPAMPA";"NE_0002";"";"NE_0002";"NE_0002";"NE_0002";"NE_0002";"NE_0002";"NE_0002";"NE_0002"
"2023";"10";"130501";"LA LIBERTAD";"JULCAN";"JULCAN";"GOBIERNO REGIONAL";"I-2";"00007249";"SAN AGUSTIN";"NE_0002";"";"NE_0002";"NE_0002";"NE_0002";"NE_0002";"NE_0002";"NE_0002";"NE_0002"
"2023";"10";"130501";"LA LIBERTAD";"JULCAN";"JULCAN";"GOBIERNO REGIONAL";"I-2";"00005307";"SANTA TERESA";"NE_0002";"";"NE_0002";"NE_0002";"NE_0002";"NE_0002";"NE_0002";"NE_0002";"NE_0002"
"2023";"10";"130501";"LA LIBERTAD";"JULCAN";"JULCAN";"GOBIERNO REGIONAL";"I-2";"00006774";"PARUQUE BAJO";"NE_0002";"";"NE_0002";"NE_0002";"NE_0002";"NE_0002";"NE_0002";"NE_0002";"NE_0002"
"2023";"10";"220104";"SAN MARTIN";"MOYOBAMBA";"JEPELACIO";"GOBIERNO REGIONAL";"I-1";"00007238";"PACAYPITE";"NE_0001";"";"NE_0001";"NE_0001";"NE_0001";"NE_0001";"NE_0001";"NE_0001";"NE_0001"
"2023";"10";"220104";"SAN MARTIN";"MOYOBAMBA";"JEPELACIO";"GOBIERNO REGIONAL";"I-4";"00006337";"JEPELACIO";"241400";"HOSPITALIZACIÓN QUIRÚRGICA GINECO - OBSTETRICIA ";"3";"3";"3";"3";"3";"62";"0"
"2023";"10";"220104";"SAN MARTIN";"MOYOBAMBA";"JEPELACIO";"GOBIERNO REGIONAL";"I-2";"00006339";"SHUCSHUYACU";"NE_0001";"";"NE_0001";"NE_0001";"NE_0001";"NE_0001";"NE_0001";"NE_0001";"NE_0001"
"2023";"10";"220104";"SAN MARTIN";"MOYOBAMBA";"JEPELACIO";"GOBIERNO REGIONAL";"I-2";"00006340";"NUEVO SAN MIGUEL";"NE_0001";"";"NE_0001";"NE_0001";"NE_0001";"NE_0001";"NE_0001";"NE_0001";"NE_0001"
"2023";"10";"220104";"SAN MARTIN";"MOYOBAMBA";"JEPELACIO";"GOBIERNO REGIONAL";"I-1";"00006338";"CARRIZAL";"NE_0001";"";"NE_0001";"NE_0001";"NE_0001";"NE_0001";"NE_0001";"NE_0001";"NE_0001"
"2023";"10";"080914";"CUSCO";"LA CONVENCION";"MEGANTONI";"GOBIERNO REGIONAL";"I-2";"00002435";"MIARIA";"NE_0001";"";"NE_0001";"NE_0001";"NE_0001";"NE_0001";"NE_0001";"NE_0001";"NE_0001"
"2023";"10";"080914";"CUSCO";"LA CONVENCION";"MEGANTONI";"GOBIERNO REGIONAL";"I-2";"00002445";"TIMPIA";"NE_0001";"";"NE_0001";"NE_0001";"NE_0001";"NE_0001";"NE_0001";"NE_0001";"NE_0001"
"2023";"10";"080914";"CUSCO";"LA CONVENCION";"MEGANTONI";"GOBIERNO REGIONAL";"I-1";"00013067";"TANGOSHIARI";"NE_0001";"";"NE_0001";"NE_0001";"NE_0001";"NE_0001";"NE_0001";"NE_0001";"NE_0001"
"2023";"10";"080914";"CUSCO";"LA CONVENCION";"MEGANTONI";"GOBIERNO REGIONAL";"I-1";"00015235";"NUEVA VIDA";"NE_0001";"";"NE_0001";"NE_0001";"NE_0001";"NE_0001";"NE_0001";"NE_0001";"NE_0001"
"2023";"10";"080914";"CUSCO";"LA CONVENCION";"MEGANTONI";"GOBIERNO REGIONAL";"I-1";"00002436";"NUEVA LUZ";"NE_0001";"";"NE_0001";"NE_0001";"NE_0001";"NE_0001";"NE_0001";"NE_0001";"NE_0001"
"2023";"10";"080914";"CUSCO";"LA CONVENCION";"MEGANTONI";"GOBIERNO REGIONAL";"I-1";"00013066";"MONTETONI";"NE_0001";"";"NE_0001";"NE_0001";"NE_0001";"NE_0001";"NE_0001";"NE_0001";"NE_0001"
"2023";"10";"080914";"CUSCO";"LA CONVENCION";"MEGANTONI";"GOBIERNO REGIONAL";"I-1";"00015843";"CASHIRIARI";"NE_0001";"";"NE_0001";"NE_0001";"NE_0001";"NE_0001";"NE_0001";"NE_0001";"NE_0001"
"2023";"10";"080914";"CUSCO";"LA CONVENCION";"MEGANTONI";"GOBIERNO REGIONAL";"I-1";"00015844";"CAMANA";"NE_0001";"";"NE_0001";"NE_0001";"NE_0001";"NE_0001";"NE_0001";"NE_0001";"NE_0001"
"2023";"10";"080914";"CUSCO";"LA CONVENCION";"MEGANTONI";"GOBIERNO REGIONAL";"I-2";"00002437";"NUEVO MUNDO";"NE_0001";"";"NE_0001";"NE_0001";"NE_0001";"NE_0001";"NE_0001";"NE_0001";"NE_0001"
"2023";"10";"080914";"CUSCO";"LA CONVENCION";"MEGANTONI";"GOBIERNO REGIONAL";"I-1";"00002428";"CHOCORIARI";"NE_0001";"";"NE_0001";"NE_0001";"NE_0001";"NE_0001";"NE_0001";"NE_0001";"NE_0001"
"2023";"10";"080914";"CUSCO";"LA CONVENCION";"MEGANTONI";"GOBIERNO REGIONAL";"I-1";"00002441";"PUERTO HUALLANA";"NE_0001";"";"NE_0001";"NE_0001";"NE_0001";"NE_0001";"NE_0001";"NE_0001";"NE_0001"
"2023";"10";"080914";"CUSCO";"LA CONVENCION";"MEGANTONI";"GOBIERNO REGIONAL";"I-1";"00002442";"PUERTO RICO";"NE_0001";"";"NE_0001";"NE_0001";"NE_0001";"NE_0001";"NE_0001";"NE_0001";"NE_0001"
"2023";"10";"080914";"CUSCO";"LA CONVENCION";"MEGANTONI";"GOBIERNO REGIONAL";"I-2";"00002452";"SHIVANKORENI";"NE_0001";"";"NE_0001";"NE_0001";"NE_0001";"NE_0001";"NE_0001";"NE_0001";"NE_0001"
"2023";"10";"080914";"CUSCO";"LA CONVENCION";"MEGANTONI";"GOBIERNO REGIONAL";"I-3";"00002426";"KIRIGUETI";"NE_0001";"";"NE_0001";"NE_0001";"NE_0001";"NE_0001";"NE_0001";"NE_0001";"NE_0001"
"2023";"10";"080914";"CUSCO";"LA CONVENCION";"MEGANTONI";"GOBIERNO REGIONAL";"I-1";"00002444";"SENSA";"NE_0001";"";"NE_0001";"NE_0001";"NE_0001";"NE_0001";"NE_0001";"NE_0001";"NE_0001"
"2023";"10";"080914";"CUSCO";"LA CONVENCION";"MEGANTONI";"GOBIERNO REGIONAL";"I-4";"00002448";"KAMISEA";"NE_0001";"";"NE_0001";"NE_0001";"NE_0001";"NE_0001";"NE_0001";"NE_0001";"NE_0001"
"2023";"11";"080702";"CUSCO";"CHUMBIVILCAS";"CAPACMARCA";"GOBIERNO REGIONAL";"I-3";"00002401";"CCAPACMARCA";"NE_0001";"";"NE_0001";"NE_0001";"NE_0001";"NE_0001";"NE_0001";"NE_0001";"NE_0001"
"2023";"11";"080702";"CUSCO";"CHUMBIVILCAS";"CAPACMARCA";"GOBIERNO REGIONAL";"I-1";"00009963";"CANCAHUANI";"NE_0001";"";"NE_0001";"NE_0001";"NE_0001";"NE_0001";"NE_0001";"NE_0001";"NE_0001"
"2023";"11";"080702";"CUSCO";"CHUMBIVILCAS";"CAPACMARCA";"GOBIERNO REGIONAL";"I-1";"00027009";"TAHUAY";"NE_0001";"";"NE_0001";"NE_0001";"NE_0001";"NE_0001";"NE_0001";"NE_0001";"NE_0001"
"2023";"11";"120504";"JUNIN";"JUNIN";"ULCUMAYO";"GOBIERNO REGIONAL";"I-2";"00000602";"QUILCATACTA";"NE_0001";"";"NE_0001";"NE_0001";"NE_0001";"NE_0001";"NE_0001";"NE_0001";"NE_0001"
"2023";"11";"120504";"JUNIN";"JUNIN";"ULCUMAYO";"GOBIERNO REGIONAL";"I-1";"00000603";"YAPACMARCA";"NE_0001";"";"NE_0001";"NE_0001";"NE_0001";"NE_0001";"NE_0001";"NE_0001";"NE_0001"
"2023";"11";"060805";"CAJAMARCA";"JAEN";"HUABAL";"GOBIERNO REGIONAL";"I-3";"00004241";"HUABAL";"NE_0001";"";"NE_0001";"NE_0001";"NE_0001";"NE_0001";"NE_0001";"NE_0001";"NE_0001"
"2023";"11";"060805";"CAJAMARCA";"JAEN";"HUABAL";"GOBIERNO REGIONAL";"I-1";"00023956";"LA HUACA";"NE_0001";"";"NE_0001";"NE_0001";"NE_0001";"NE_0001";"NE_0001";"NE_0001";"NE_0001"
"2023";"11";"060805";"CAJAMARCA";"JAEN";"HUABAL";"GOBIERNO REGIONAL";"I-1";"00024938";"SAN PABLO";"NE_0001";"";"NE_0001";"NE_0001";"NE_0001";"NE_0001";"NE_0001";"NE_0001";"NE_0001"
"2023";"11";"040103";"AREQUIPA";"AREQUIPA";"CAYMA";"GOBIERNO REGIONAL";"I-2";"00001245";"SAN JOSE";"NE_0001";"";"NE_0001";"NE_0001";"NE_0001";"NE_0001";"NE_0001";"NE_0001";"NE_0001"
"2023";"11";"040103";"AREQUIPA";"AREQUIPA";"CAYMA";"GOBIERNO REGIONAL";"I-2";"00001246";"DEAN VALDIVIA";"NE_0001";"";"NE_0001";"NE_0001";"NE_0001";"NE_0001";"NE_0001";"NE_0001";"NE_0001"
"2023";"11";"120303";"JUNIN";"CHANCHAMAYO";"PICHANAQUI";"GOBIERNO REGIONAL";"I-1";"00006712";"BARINETTI REAL";"NE_0001";"";"NE_0001";"NE_0001";"NE_0001";"NE_0001";"NE_0001";"NE_0001";"NE_0001"
"2023";"11";"150122";"LIMA";"LIMA";"MIRAFLORES";"MINSA";"III-E";"00006213";"HOSPITAL DE EMERGENCIAS JOSE CASIMIRO ULLOA";"240100";"HOSPITALIZACIÓN QUIRÚRGICA CIRUGÍA GENERAL ";"119";"119";"422";"392";"26";"780";"0"
"2023";"11";"150122";"LIMA";"LIMA";"MIRAFLORES";"MINSA";"III-E";"00006213";"HOSPITAL DE EMERGENCIAS JOSE CASIMIRO ULLOA";"241800";"HOSPITALIZACIÓN DE MEDICINA MEDICINA GENERAL ";"139";"139";"987";"519";"20";"600";"16"
"2023";"11";"150122";"LIMA";"LIMA";"MIRAFLORES";"MINSA";"III-E";"00006213";"HOSPITAL DE EMERGENCIAS JOSE CASIMIRO ULLOA";"240900";"HOSPITALIZACIÓN QUIRÚRGICA NEUROCIRUGÍA ";"25";"25";"196";"227";"11";"330";"1"
"2023";"11";"150122";"LIMA";"LIMA";"MIRAFLORES";"MINSA";"III-E";"00006213";"HOSPITAL DE EMERGENCIAS JOSE CASIMIRO ULLOA";"241200";"HOSPITALIZACIÓN QUIRÚRGICA TRAUMATOLOGÍA Y ORTOPEDIA ";"59";"59";"411";"197";"14";"420";"0"
"2023";"11";"150122";"LIMA";"LIMA";"MIRAFLORES";"MINSA";"III-E";"00006213";"HOSPITAL DE EMERGENCIAS JOSE CASIMIRO ULLOA";"250000";"UNIDAD DE CUIDADOS CRITICOS  ";"28";"27";"308";"285";"10";"300";"0"
"2023";"11";"150122";"LIMA";"LIMA";"MIRAFLORES";"MINSA";"III-E";"00006213";"HOSPITAL DE EMERGENCIAS JOSE CASIMIRO ULLOA";"250103";"UNIDAD DE CUIDADOS CRITICOS UNIDAD  DE CUIDADOS INTENSIVOS GENERALES  (UCI) MEDICINA";"9";"10";"172";"172";"6";"180";"0"
"2023";"11";"060811";"CAJAMARCA";"JAEN";"SAN JOSE DEL ALTO";"GOBIERNO REGIONAL";"I-1";"00009965";"SAN ANTONIO";"NE_0001";"";"NE_0001";"NE_0001";"NE_0001";"NE_0001";"NE_0001";"NE_0001";"NE_0001"
"2023";"11";"060811";"CAJAMARCA";"JAEN";"SAN JOSE DEL ALTO";"GOBIERNO REGIONAL";"I-2";"00004258";"ANGASH";"NE_0001";"";"NE_0001";"NE_0001";"NE_0001";"NE_0001";"NE_0001";"NE_0001";"NE_0001"
"2023";"11";"100601";"HUANUCO";"LEONCIO PRADO";"RUPA-RUPA";"ESSALUD";"II-1";"00009180";"HOSPITAL I TINGO MARIA";"241800";"HOSPITALIZACIÓN DE MEDICINA MEDICINA GENERAL ";"25";"25";"114";"130";"6";"180";"2"
"2023";"11";"100601";"HUANUCO";"LEONCIO PRADO";"RUPA-RUPA";"ESSALUD";"II-1";"00009180";"HOSPITAL I TINGO MARIA";"240100";"HOSPITALIZACIÓN QUIRÚRGICA CIRUGÍA GENERAL ";"32";"31";"131";"146";"6";"180";"0"
"2023";"11";"100601";"HUANUCO";"LEONCIO PRADO";"RUPA-RUPA";"ESSALUD";"II-1";"00009180";"HOSPITAL I TINGO MARIA";"241500";"HOSPITALIZACIÓN QUIRÚRGICA GINECOLOGÍA  ";"27";"35";"10";"103";"4";"120";"0"
"2023";"11";"100601";"HUANUCO";"LEONCIO PRADO";"RUPA-RUPA";"ESSALUD";"II-1";"00009180";"HOSPITAL I TINGO MARIA";"241600";"HOSPITALIZACIÓN QUIRÚRGICA OBSTETRICIA   ";"18";"13";"26";"26";"1";"30";"0"
"2023";"11";"100601";"HUANUCO";"LEONCIO PRADO";"RUPA-RUPA";"ESSALUD";"II-1";"00009180";"HOSPITAL I TINGO MARIA";"242300";"HOSPITALIZACIÓN DE PEDIATRÍA  PEDIATRÍA  GENERAL ";"44";"44";"150";"150";"6";"180";"0"
"2023";"11";"240203";"TUMBES";"CONTRALMIRANTE VILLAR";"CANOAS DE PUNTA SAL";"GOBIERNO REGIONAL";"I-1";"00001905";"BARRANCOS.";"NE_0001";"";"NE_0001";"NE_0001";"NE_0001";"NE_0001";"NE_0001";"NE_0001";"NE_0001"
"2023";"11";"240304";"TUMBES";"ZARUMILLA";"PAPAYAL";"GOBIERNO REGIONAL";"I-3";"00001891";"C.S. PAPAYAL";"NE_0001";"";"NE_0001";"NE_0001";"NE_0001";"NE_0001";"NE_0001";"NE_0001";"NE_0001"
"2023";"11";"240201";"TUMBES";"CONTRALMIRANTE VILLAR";"ZORRITOS";"GOBIERNO REGIONAL";"I-4";"00001900";"ZORRITOS";"241800";"HOSPITALIZACIÓN DE MEDICINA MEDICINA GENERAL ";"7";"8";"42";"35";"1";"30";"0"
"2023";"11";"240201";"TUMBES";"CONTRALMIRANTE VILLAR";"ZORRITOS";"GOBIERNO REGIONAL";"I-4";"00001900";"ZORRITOS";"241600";"HOSPITALIZACIÓN QUIRÚRGICA OBSTETRICIA   ";"8";"8";"12";"10";"1";"30";"0"
"2023";"11";"150132";"LIMA";"LIMA";"SAN JUAN DE LURIGANCHO";"PRIVADO";"II-2";"00009104";"CLINICA SAN MIGUEL ARCANGEL S.A.C.";"245300";"HOSPITALIZACIÓN DE MEDICINA NEUMOLOGÍA  ";"1";"1";"2";"2";"1";"30";"0"
"2023";"11";"150132";"LIMA";"LIMA";"SAN JUAN DE LURIGANCHO";"PRIVADO";"II-2";"00009104";"CLINICA SAN MIGUEL ARCANGEL S.A.C.";"241400";"HOSPITALIZACIÓN QUIRÚRGICA GINECO - OBSTETRICIA ";"4";"4";"7";"7";"2";"58";"0"
"2023";"11";"150132";"LIMA";"LIMA";"SAN JUAN DE LURIGANCHO";"PRIVADO";"II-2";"00009104";"CLINICA SAN MIGUEL ARCANGEL S.A.C.";"240100";"HOSPITALIZACIÓN QUIRÚRGICA CIRUGÍA GENERAL ";"24";"24";"36";"36";"3";"92";"0"
"2023";"11";"150132";"LIMA";"LIMA";"SAN JUAN DE LURIGANCHO";"PRIVADO";"II-2";"00009104";"CLINICA SAN MIGUEL ARCANGEL S.A.C.";"241800";"HOSPITALIZACIÓN DE MEDICINA MEDICINA GENERAL ";"2";"2";"7";"7";"1";"30";"0"
"2023";"11";"150132";"LIMA";"LIMA";"SAN JUAN DE LURIGANCHO";"PRIVADO";"II-2";"00009104";"CLINICA SAN MIGUEL ARCANGEL S.A.C.";"241900";"HOSPITALIZACIÓN DE MEDICINA MEDICINA INTERNA ";"1";"1";"1";"1";"1";"30";"0"
"2023";"11";"150132";"LIMA";"LIMA";"SAN JUAN DE LURIGANCHO";"PRIVADO";"II-2";"00009104";"CLINICA SAN MIGUEL ARCANGEL S.A.C.";"241300";"HOSPITALIZACIÓN QUIRÚRGICA UROLOGÍA  ";"1";"1";"1";"1";"1";"30";"0"
"2023";"11";"150132";"LIMA";"LIMA";"SAN JUAN DE LURIGANCHO";"PRIVADO";"II-2";"00009104";"CLINICA SAN MIGUEL ARCANGEL S.A.C.";"241500";"HOSPITALIZACIÓN QUIRÚRGICA GINECOLOGÍA  ";"1";"1";"2";"2";"1";"30";"0"
"2023";"11";"150130";"LIMA";"LIMA";"SAN BORJA";"SANIDAD DEL EJERCITO DEL PERU";"I-3";"00014889";"CENTRO DE SALUD MILITAR DEL CUARTEL GENERAL DEL EJERCITO-SAN BORJA";"NE_0001";"";"NE_0001";"NE_0001";"NE_0001";"NE_0001";"NE_0001";"NE_0001";"NE_0001"
"2023";"11";"120701";"JUNIN";"TARMA";"TARMA";"GOBIERNO REGIONAL";"II-2";"00000520";"DE APOYO FELIX MAYORCA SOTO";"241800";"HOSPITALIZACIÓN DE MEDICINA MEDICINA GENERAL ";"42";"42";"221";"258";"11";"330";"3"
"2023";"11";"120701";"JUNIN";"TARMA";"TARMA";"GOBIERNO REGIONAL";"II-2";"00000520";"DE APOYO FELIX MAYORCA SOTO";"250103";"UNIDAD DE CUIDADOS CRITICOS UNIDAD  DE CUIDADOS INTENSIVOS GENERALES  (UCI) MEDICINA";"5";"6";"38";"57";"3";"90";"5"
"2023";"11";"120701";"JUNIN";"TARMA";"TARMA";"GOBIERNO REGIONAL";"II-2";"00000520";"DE APOYO FELIX MAYORCA SOTO";"240100";"HOSPITALIZACIÓN QUIRÚRGICA CIRUGÍA GENERAL ";"54";"50";"183";"186";"10";"300";"0"
"2023";"11";"120701";"JUNIN";"TARMA";"TARMA";"GOBIERNO REGIONAL";"II-2";"00000520";"DE APOYO FELIX MAYORCA SOTO";"241200";"HOSPITALIZACIÓN QUIRÚRGICA TRAUMATOLOGÍA Y ORTOPEDIA ";"38";"37";"200";"207";"10";"300";"0"
"2023";"11";"120701";"JUNIN";"TARMA";"TARMA";"GOBIERNO REGIONAL";"II-2";"00000520";"DE APOYO FELIX MAYORCA SOTO";"243200";"HOSPITALIZACIÓN DE PEDIATRÍA PEDIATRIA NEONATOLOGÍA";"16";"14";"55";"60";"4";"120";"0"
"2023";"11";"120701";"JUNIN";"TARMA";"TARMA";"GOBIERNO REGIONAL";"II-2";"00000520";"DE APOYO FELIX MAYORCA SOTO";"250105";"UNIDAD DE CUIDADOS CRITICOS UNIDAD  DE CUIDADOS INTENSIVOS  (UCI) NEONATOLOGÍA";"3";"4";"61";"61";"3";"90";"0"
"2023";"11";"120701";"JUNIN";"TARMA";"TARMA";"GOBIERNO REGIONAL";"II-2";"00000520";"DE APOYO FELIX MAYORCA SOTO";"242500";"HOSPITALIZACIÓN-PEDIATRÍA GENERAL-";"16";"16";"77";"66";"4";"120";"1"
"2023";"10";"010201";"AMAZONAS";"BAGUA";"BAGUA";"SANIDAD DE LA POLICIA NACIONAL DEL PERU";"I-2";"00012954";"POSTA MEDICA  POLICIAL  BAGUA";"NE_0001";"";"NE_0001";"NE_0001";"NE_0001";"NE_0001";"NE_0001";"NE_0001";"NE_0001"
"2023";"10";"210101";"PUNO";"PUNO";"PUNO";"GOBIERNO REGIONAL";"II-2";"00003251";"HOSPITAL REGIONAL MANUEL NUÑEZ BUTRON";"240100";"HOSPITALIZACIÓN QUIRÚRGICA CIRUGÍA GENERAL ";"90";"105";"483";"586";"33";"1023";"3"
"2023";"10";"210101";"PUNO";"PUNO";"PUNO";"GOBIERNO REGIONAL";"II-2";"00003251";"HOSPITAL REGIONAL MANUEL NUÑEZ BUTRON";"240400";"HOSPITALIZACIÓN QUIRÚRGICA CIRUGÍA DE TÓRAX Y CARDIOVASCULAR ";"0";"1";"35";"36";"2";"62";"0"
"2023";"10";"210101";"PUNO";"PUNO";"PUNO";"GOBIERNO REGIONAL";"II-2";"00003251";"HOSPITAL REGIONAL MANUEL NUÑEZ BUTRON";"240700";"HOSPITALIZACIÓN QUIRÚRGICA CIRUGÍA PEDIÁTRICA ";"10";"10";"50";"60";"3";"93";"0"
"2023";"10";"210101";"PUNO";"PUNO";"PUNO";"GOBIERNO REGIONAL";"II-2";"00003251";"HOSPITAL REGIONAL MANUEL NUÑEZ BUTRON";"240900";"HOSPITALIZACIÓN QUIRÚRGICA NEUROCIRUGÍA ";"5";"8";"92";"100";"12";"372";"1"
"2023";"10";"210101";"PUNO";"PUNO";"PUNO";"GOBIERNO REGIONAL";"II-2";"00003251";"HOSPITAL REGIONAL MANUEL NUÑEZ BUTRON";"241200";"HOSPITALIZACIÓN QUIRÚRGICA TRAUMATOLOGÍA Y ORTOPEDIA ";"27";"30";"226";"255";"14";"434";"0"
"2023";"10";"210101";"PUNO";"PUNO";"PUNO";"GOBIERNO REGIONAL";"II-2";"00003251";"HOSPITAL REGIONAL MANUEL NUÑEZ BUTRON";"241300";"HOSPITALIZACIÓN QUIRÚRGICA UROLOGÍA  ";"2";"2";"11";"13";"2";"62";"0"
"2023";"10";"210101";"PUNO";"PUNO";"PUNO";"GOBIERNO REGIONAL";"II-2";"00003251";"HOSPITAL REGIONAL MANUEL NUÑEZ BUTRON";"241500";"HOSPITALIZACIÓN QUIRÚRGICA GINECOLOGÍA  ";"14";"14";"28";"42";"2";"62";"0"
"2023";"10";"210101";"PUNO";"PUNO";"PUNO";"GOBIERNO REGIONAL";"II-2";"00003251";"HOSPITAL REGIONAL MANUEL NUÑEZ BUTRON";"241600";"HOSPITALIZACIÓN QUIRÚRGICA OBSTETRICIA   ";"162";"180";"383";"560";"21";"651";"0"
"2023";"10";"210101";"PUNO";"PUNO";"PUNO";"GOBIERNO REGIONAL";"II-2";"00003251";"HOSPITAL REGIONAL MANUEL NUÑEZ BUTRON";"241800";"HOSPITALIZACIÓN DE MEDICINA MEDICINA GENERAL ";"45";"49";"291";"336";"27";"837";"5"
"2023";"10";"210101";"PUNO";"PUNO";"PUNO";"GOBIERNO REGIONAL";"II-2";"00003251";"HOSPITAL REGIONAL MANUEL NUÑEZ BUTRON";"241900";"HOSPITALIZACIÓN DE MEDICINA MEDICINA INTERNA ";"47";"61";"337";"396";"21";"651";"6"
"2023";"10";"210101";"PUNO";"PUNO";"PUNO";"GOBIERNO REGIONAL";"II-2";"00003251";"HOSPITAL REGIONAL MANUEL NUÑEZ BUTRON";"242100";"HOSPITALIZACIÓN DE MEDICINA ONCOLOGÍA MÉDICA ";"2";"2";"14";"16";"1";"31";"0"
"2023";"10";"210101";"PUNO";"PUNO";"PUNO";"GOBIERNO REGIONAL";"II-2";"00003251";"HOSPITAL REGIONAL MANUEL NUÑEZ BUTRON";"242200";"HOSPITALIZACIÓN DE MEDICINA PSIQUIATRÍA ";"1";"1";"2";"3";"1";"31";"0"
"2023";"10";"210101";"PUNO";"PUNO";"PUNO";"GOBIERNO REGIONAL";"II-2";"00003251";"HOSPITAL REGIONAL MANUEL NUÑEZ BUTRON";"242500";"HOSPITALIZACIÓN-PEDIATRÍA GENERAL-";"36";"48";"346";"389";"27";"837";"1"
"2023";"10";"210101";"PUNO";"PUNO";"PUNO";"GOBIERNO REGIONAL";"II-2";"00003251";"HOSPITAL REGIONAL MANUEL NUÑEZ BUTRON";"243200";"HOSPITALIZACIÓN DE PEDIATRÍA PEDIATRIA NEONATOLOGÍA";"50";"56";"256";"312";"28";"868";"3"
"2023";"10";"210101";"PUNO";"PUNO";"PUNO";"GOBIERNO REGIONAL";"II-2";"00003251";"HOSPITAL REGIONAL MANUEL NUÑEZ BUTRON";"250103";"UNIDAD DE CUIDADOS CRITICOS UNIDAD  DE CUIDADOS INTENSIVOS GENERALES  (UCI) MEDICINA";"9";"11";"76";"87";"4";"124";"2"
"2023";"10";"210101";"PUNO";"PUNO";"PUNO";"GOBIERNO REGIONAL";"II-2";"00003251";"HOSPITAL REGIONAL MANUEL NUÑEZ BUTRON";"244000";"HOSPITALIZACIÓN DE MEDICINA CARDIOLOGIA ";"2";"2";"9";"11";"2";"62";"0"
"2023";"10";"210101";"PUNO";"PUNO";"PUNO";"GOBIERNO REGIONAL";"II-2";"00003251";"HOSPITAL REGIONAL MANUEL NUÑEZ BUTRON";"244700";"HOSPITALIZACIÓN DE MEDICINA NEUROLOGIA  ";"6";"6";"22";"28";"4";"124";"1"
"2023";"10";"210101";"PUNO";"PUNO";"PUNO";"GOBIERNO REGIONAL";"II-2";"00003251";"HOSPITAL REGIONAL MANUEL NUÑEZ BUTRON";"244200";"HOSPITALIZACIÓN DE MEDICINA ENDOCRINOLOGIA ";"6";"6";"24";"30";"3";"93";"1"
"2023";"10";"180101";"MOQUEGUA";"MARISCAL NIETO";"MOQUEGUA";"GOBIERNO REGIONAL";"II-2";"00007732";"HOSPITAL REGIONAL DE MOQUEGUA";"241400";"HOSPITALIZACIÓN QUIRÚRGICA GINECO - OBSTETRICIA ";"128";"124";"363";"345";"26";"810";"0"
"2023";"10";"180101";"MOQUEGUA";"MARISCAL NIETO";"MOQUEGUA";"GOBIERNO REGIONAL";"II-2";"00007732";"HOSPITAL REGIONAL DE MOQUEGUA";"241200";"HOSPITALIZACIÓN QUIRÚRGICA TRAUMATOLOGÍA Y ORTOPEDIA ";"50";"50";"400";"386";"12";"390";"0"
"2023";"10";"180101";"MOQUEGUA";"MARISCAL NIETO";"MOQUEGUA";"GOBIERNO REGIONAL";"II-2";"00007732";"HOSPITAL REGIONAL DE MOQUEGUA";"240100";"HOSPITALIZACIÓN QUIRÚRGICA CIRUGÍA GENERAL ";"51";"56";"281";"275";"10";"326";"0"
"2023";"10";"180101";"MOQUEGUA";"MARISCAL NIETO";"MOQUEGUA";"GOBIERNO REGIONAL";"II-2";"00007732";"HOSPITAL REGIONAL DE MOQUEGUA";"242500";"HOSPITALIZACIÓN-PEDIATRÍA GENERAL-";"32";"32";"112";"136";"10";"310";"0"
"2023";"10";"180101";"MOQUEGUA";"MARISCAL NIETO";"MOQUEGUA";"GOBIERNO REGIONAL";"II-2";"00007732";"HOSPITAL REGIONAL DE MOQUEGUA";"243200";"HOSPITALIZACIÓN DE PEDIATRÍA PEDIATRIA NEONATOLOGÍA";"21";"16";"47";"51";"8";"248";"0"
"2023";"10";"180101";"MOQUEGUA";"MARISCAL NIETO";"MOQUEGUA";"GOBIERNO REGIONAL";"II-2";"00007732";"HOSPITAL REGIONAL DE MOQUEGUA";"241800";"HOSPITALIZACIÓN DE MEDICINA MEDICINA GENERAL ";"48";"51";"472";"342";"16";"487";"6"
"2023";"10";"180101";"MOQUEGUA";"MARISCAL NIETO";"MOQUEGUA";"GOBIERNO REGIONAL";"II-2";"00007732";"HOSPITAL REGIONAL DE MOQUEGUA";"250200";"UNIDAD DE CUIDADOS CRITICOS UNIDAD DE CUIDADOS INTERMEDIOS GENERAL  (UCIN) ";"9";"10";"67";"113";"7";"186";"2"
"2023";"10";"180101";"MOQUEGUA";"MARISCAL NIETO";"MOQUEGUA";"GOBIERNO REGIONAL";"II-2";"00007732";"HOSPITAL REGIONAL DE MOQUEGUA";"242200";"HOSPITALIZACIÓN DE MEDICINA PSIQUIATRÍA ";"13";"13";"191";"182";"7";"217";"0"
"2023";"10";"150112";"LIMA";"LIMA";"INDEPENDENCIA";"PRIVADO";"II-2";"00010182";"CLINICA JESUS DEL NORTE";"240000";"HOSPITALIZACIÓN";"557";"552";"1559";"2082";"73";"2263";"1"
"2023";"10";"150112";"LIMA";"LIMA";"INDEPENDENCIA";"PRIVADO";"II-2";"00010182";"CLINICA JESUS DEL NORTE";"250100";"UNIDAD DE CUIDADOS CRITICOS UNIDAD  DE CUIDADOS INTENSIVOS GENERALES (UCI) ";"65";"64";"125";"183";"7";"217";"3"
"2023";"10";"160101";"LORETO";"MAYNAS";"IQUITOS";"MINSA";"II-2";"00000001";"HOSPITAL IQUITOS ""CESAR GARAYAR GARCÍA""";"241800";"HOSPITALIZACIÓN DE MEDICINA MEDICINA GENERAL ";"71";"72";"302";"320";"15";"465";"7"
"2023";"10";"160101";"LORETO";"MAYNAS";"IQUITOS";"MINSA";"II-2";"00000001";"HOSPITAL IQUITOS ""CESAR GARAYAR GARCÍA""";"240100";"HOSPITALIZACIÓN QUIRÚRGICA CIRUGÍA GENERAL ";"108";"108";"460";"489";"19";"593";"0"
"2023";"10";"160101";"LORETO";"MAYNAS";"IQUITOS";"MINSA";"II-2";"00000001";"HOSPITAL IQUITOS ""CESAR GARAYAR GARCÍA""";"242500";"HOSPITALIZACIÓN-PEDIATRÍA GENERAL-";"32";"32";"115";"79";"5";"155";"0"
"2023";"10";"160101";"LORETO";"MAYNAS";"IQUITOS";"MINSA";"II-2";"00000001";"HOSPITAL IQUITOS ""CESAR GARAYAR GARCÍA""";"241500";"HOSPITALIZACIÓN QUIRÚRGICA GINECOLOGÍA  ";"340";"335";"527";"492";"23";"713";"0"
"2023";"10";"160101";"LORETO";"MAYNAS";"IQUITOS";"MINSA";"II-2";"00000001";"HOSPITAL IQUITOS ""CESAR GARAYAR GARCÍA""";"241600";"HOSPITALIZACIÓN QUIRÚRGICA OBSTETRICIA   ";"60";"60";"365";"231";"12";"372";"0"
"2023";"10";"160101";"LORETO";"MAYNAS";"IQUITOS";"MINSA";"II-2";"00000001";"HOSPITAL IQUITOS ""CESAR GARAYAR GARCÍA""";"243200";"HOSPITALIZACIÓN DE PEDIATRÍA PEDIATRIA NEONATOLOGÍA";"58";"58";"309";"288";"14";"434";"2"
"2023";"10";"150130";"LIMA";"LIMA";"SAN BORJA";"PRIVADO";"II-1";"00012975";"CL ESPECIALIDADES MEDICAS";"240000";"HOSPITALIZACIÓN";"35";"38";"113";"107";"13";"403";"0"
"2023";"11";"030201";"APURIMAC";"ANDAHUAYLAS";"ANDAHUAYLAS";"SANIDAD DE LA POLICIA NACIONAL DEL PERU";"I-2";"00011892";"POSTA MEDICA POLICIAL DE ANDAHUAYLAS";"NE_0001";"";"NE_0001";"NE_0001";"NE_0001";"NE_0001";"NE_0001";"NE_0001";"NE_0001"
"2023";"09";"090206";"HUANCAVELICA";"ACOBAMBA";"PAUCARA";"GOBIERNO REGIONAL";"I-4";"00003930";"CENTRO DE SALUD PAUCARA";"241400";"HOSPITALIZACIÓN QUIRÚRGICA GINECO - OBSTETRICIA ";"30";"30";"25";"25";"25";"720";"0"
"2023";"11";"220901";"SAN MARTIN";"SAN MARTIN";"TARAPOTO";"SANIDAD DE LA POLICIA NACIONAL DEL PERU";"I-3";"00020827";"POLICLINICO  PNP TARAPOTO";"NE_0001";"";"NE_0001";"NE_0001";"NE_0001";"NE_0001";"NE_0001";"NE_0001";"NE_0001"
"2023";"11";"130704";"LA LIBERTAD";"PACASMAYO";"PACASMAYO";"ESSALUD";"I-4";"00008514";"HOSPITAL I PACASMAYO";"241800";"HOSPITALIZACIÓN DE MEDICINA MEDICINA GENERAL ";"47";"54";"184";"195";"12";"360";"01"
"2023";"11";"070102";"CALLAO";"CALLAO";"BELLAVISTA";"PRIVADO";"II-1";"00009250";"CLINICAS AUNA - SEDE BELLAVISTA";"240000";"HOSPITALIZACIÓN";"124";"134";"428";"374";"19";"570";"0"
"2023";"11";"070102";"CALLAO";"CALLAO";"BELLAVISTA";"PRIVADO";"II-1";"00009250";"CLINICAS AUNA - SEDE BELLAVISTA";"250100";"UNIDAD DE CUIDADOS CRITICOS UNIDAD  DE CUIDADOS INTENSIVOS GENERALES (UCI) ";"3";"0";"0";"13";"3";"90";"0"
"2023";"11";"150108";"LIMA";"LIMA";"CHORRILLOS";"MINSA";"III-E";"00007734";"INSTITUTO NACIONAL DE REHABILITACION DRA. ADRIANA REBAZA FLORES - AMISTAD PERU-JAPON";"240000";"HOSPITALIZACIÓN";"22";"6";"314";"1063";"37";"1138";"0"
"2023";"11";"210111";"PUNO";"PUNO";"PICHACANI";"ESSALUD";"I-3";"00025342";"CAP I LARAQUERI";"NE_0001";"";"NE_0001";"NE_0001";"NE_0001";"NE_0001";"NE_0001";"NE_0001";"NE_0001"
"2023";"11";"200101";"PIURA";"PIURA";"PIURA";"ESSALUD";"II-1";"00010244";"HOSPITAL II JORGE REATEGUI DELGADO";"241900";"HOSPITALIZACIÓN DE MEDICINA MEDICINA INTERNA ";"69";"61";"368";"552";"21";"630";"0"
"2023";"11";"200101";"PIURA";"PIURA";"PIURA";"ESSALUD";"II-1";"00010244";"HOSPITAL II JORGE REATEGUI DELGADO";"240100";"HOSPITALIZACIÓN QUIRÚRGICA CIRUGÍA GENERAL ";"124";"123";"349";"395";"18";"540";"0"
"2023";"11";"200101";"PIURA";"PIURA";"PIURA";"ESSALUD";"II-1";"00010244";"HOSPITAL II JORGE REATEGUI DELGADO";"241400";"HOSPITALIZACIÓN QUIRÚRGICA GINECO - OBSTETRICIA ";"226";"226";"554";"619";"29";"1170";"0"
"2023";"11";"200101";"PIURA";"PIURA";"PIURA";"ESSALUD";"II-1";"00010244";"HOSPITAL II JORGE REATEGUI DELGADO";"242300";"HOSPITALIZACIÓN DE PEDIATRÍA  PEDIATRÍA  GENERAL ";"51";"50";"240";"155";"11";"245";"0"
"2023";"11";"200101";"PIURA";"PIURA";"PIURA";"ESSALUD";"II-1";"00010244";"HOSPITAL II JORGE REATEGUI DELGADO";"243200";"HOSPITALIZACIÓN DE PEDIATRÍA PEDIATRIA NEONATOLOGÍA";"123";"123";"231";"150";"5";"235";"0"
"2023";"11";"210102";"PUNO";"PUNO";"ACORA";"ESSALUD";"I-3";"00009220";"CENTRO DE ATENCIÓN PRIMARIA II ACORA - RED ASISTENCIAL PUNO";"NE_0001";"";"NE_0001";"NE_0001";"NE_0001";"NE_0001";"NE_0001";"NE_0001";"NE_0001"
"2023";"11";"210101";"PUNO";"PUNO";"PUNO";"ESSALUD";"I-3";"00009217";"CENTRO DE ATENCION PRIMARIA III METROPOLITANO DE PUNO";"NE_0001";"";"NE_0001";"NE_0001";"NE_0001";"NE_0001";"NE_0001";"NE_0001";"NE_0001"
"2023";"11";"210101";"PUNO";"PUNO";"PUNO";"ESSALUD";"II-E";"00032596";"HOSPITAL I CLINICA UNIVERSITARIA";"240000";"HOSPITALIZACIÓN";"34";"34";"172";"174";"7";"210";"0"
"2023";"11";"060303";"CAJAMARCA";"CELENDIN";"CORTEGANA";"GOBIERNO REGIONAL";"I-3";"00004477";"CORTEGANA";"NE_0001";"";"NE_0001";"NE_0001";"NE_0001";"NE_0001";"NE_0001";"NE_0001";"NE_0001"
"2023";"11";"060303";"CAJAMARCA";"CELENDIN";"CORTEGANA";"GOBIERNO REGIONAL";"I-1";"00004476";"VILLANUEVA";"NE_0001";"";"NE_0001";"NE_0001";"NE_0001";"NE_0001";"NE_0001";"NE_0001";"NE_0001"
"2023";"11";"060101";"CAJAMARCA";"CAJAMARCA";"CAJAMARCA";"PRIVADO";"II-1";"00019315";"CLINICA SANTA ANA";"241400";"HOSPITALIZACIÓN QUIRÚRGICA GINECO - OBSTETRICIA ";"9";"9";"11";"1";"6";"38";"0"
"2023";"11";"060101";"CAJAMARCA";"CAJAMARCA";"CAJAMARCA";"PRIVADO";"II-1";"00019315";"CLINICA SANTA ANA";"240100";"HOSPITALIZACIÓN QUIRÚRGICA CIRUGÍA GENERAL ";"10";"11";"11";"13";"4";"124";"0"
"2023";"11";"060101";"CAJAMARCA";"CAJAMARCA";"CAJAMARCA";"PRIVADO";"II-1";"00019315";"CLINICA SANTA ANA";"241900";"HOSPITALIZACIÓN DE MEDICINA MEDICINA INTERNA ";"2";"2";"4";"3";"2";"22";"0"
"2023";"11";"060101";"CAJAMARCA";"CAJAMARCA";"CAJAMARCA";"PRIVADO";"II-1";"00019315";"CLINICA SANTA ANA";"242300";"HOSPITALIZACIÓN DE PEDIATRÍA  PEDIATRÍA  GENERAL ";"0";"0";"0";"1";"1";"62";"0"
"2023";"11";"060801";"CAJAMARCA";"JAEN";"JAEN";"GOBIERNO REGIONAL";"I-1";"00004214";"LAS NARANJAS";"NE_0001";"";"NE_0001";"NE_0001";"NE_0001";"NE_0001";"NE_0001";"NE_0001";"NE_0001"
"2023";"11";"060801";"CAJAMARCA";"JAEN";"JAEN";"GOBIERNO REGIONAL";"I-1";"00007024";"SAN MARTIN DE PORRES";"NE_0001";"";"NE_0001";"NE_0001";"NE_0001";"NE_0001";"NE_0001";"NE_0001";"NE_0001"
"2023";"11";"060801";"CAJAMARCA";"JAEN";"JAEN";"GOBIERNO REGIONAL";"I-1";"00004221";"VALILLO";"NE_0001";"";"NE_0001";"NE_0001";"NE_0001";"NE_0001";"NE_0001";"NE_0001";"NE_0001"
"2023";"11";"060801";"CAJAMARCA";"JAEN";"JAEN";"GOBIERNO REGIONAL";"I-2";"00025858";"NUEVO HORIZONTE";"NE_0001";"";"NE_0001";"NE_0001";"NE_0001";"NE_0001";"NE_0001";"NE_0001";"NE_0001"
"2023";"11";"190103";"PASCO";"PASCO";"HUARIACA";"ESSALUD";"II-E";"00009749";"HOSPITAL II - E HUARIACA";"241800";"HOSPITALIZACIÓN DE MEDICINA MEDICINA GENERAL ";"35";"32";"100";"111";"8";"240";"0"
"2023";"11";"190103";"PASCO";"PASCO";"HUARIACA";"ESSALUD";"II-E";"00009749";"HOSPITAL II - E HUARIACA";"242100";"HOSPITALIZACIÓN DE MEDICINA ONCOLOGÍA MÉDICA ";"58";"55";"180";"133";"10";"300";"0"
"2023";"11";"190103";"PASCO";"PASCO";"HUARIACA";"ESSALUD";"II-E";"00009749";"HOSPITAL II - E HUARIACA";"242200";"HOSPITALIZACIÓN DE MEDICINA PSIQUIATRÍA ";"12";"12";"89";"1003";"70";"2100";"0"
"2023";"11";"190103";"PASCO";"PASCO";"HUARIACA";"ESSALUD";"II-E";"00009749";"HOSPITAL II - E HUARIACA";"240100";"HOSPITALIZACIÓN QUIRÚRGICA CIRUGÍA GENERAL ";"28";"27";"92";"99";"4";"120";"0"
"2023";"11";"190103";"PASCO";"PASCO";"HUARIACA";"ESSALUD";"II-E";"00009749";"HOSPITAL II - E HUARIACA";"241400";"HOSPITALIZACIÓN QUIRÚRGICA GINECO - OBSTETRICIA ";"14";"16";"42";"46";"2";"60";"0"
"2023";"11";"200105";"PIURA";"PIURA";"CATACAOS";"ESSALUD";"I-3";"00012319";"CENTRO DE ATENCION PRIMARIA-CAP III CATACAOS";"NE_0001";"";"NE_0001";"NE_0001";"NE_0001";"NE_0001";"NE_0001";"NE_0001";"NE_0001"
"2023";"11";"090201";"HUANCAVELICA";"ACOBAMBA";"ACOBAMBA";"GOBIERNO REGIONAL";"II-1";"00003917";"HOSPITAL PROVINCIAL DE ACOBAMBA";"240100";"HOSPITALIZACIÓN QUIRÚRGICA CIRUGÍA GENERAL ";"10";"10";"43";"53";"4";"120";"0"
"2023";"11";"090201";"HUANCAVELICA";"ACOBAMBA";"ACOBAMBA";"GOBIERNO REGIONAL";"II-1";"00003917";"HOSPITAL PROVINCIAL DE ACOBAMBA";"241400";"HOSPITALIZACIÓN QUIRÚRGICA GINECO - OBSTETRICIA ";"34";"38";"84";"122";"8";"240";"0"
"2023";"11";"090201";"HUANCAVELICA";"ACOBAMBA";"ACOBAMBA";"GOBIERNO REGIONAL";"II-1";"00003917";"HOSPITAL PROVINCIAL DE ACOBAMBA";"241800";"HOSPITALIZACIÓN DE MEDICINA MEDICINA GENERAL ";"3";"3";"12";"15";"6";"180";"0"
"2023";"11";"090201";"HUANCAVELICA";"ACOBAMBA";"ACOBAMBA";"GOBIERNO REGIONAL";"II-1";"00003917";"HOSPITAL PROVINCIAL DE ACOBAMBA";"242500";"HOSPITALIZACIÓN-PEDIATRÍA GENERAL-";"3";"3";"4";"7";"2";"60";"0"
"2023";"11";"070101";"CALLAO";"CALLAO";"CALLAO";"GOBIERNO REGIONAL";"I-2";"00006222";"PUESTO DE SALUD CALLAO";"NE_0001";"";"NE_0001";"NE_0001";"NE_0001";"NE_0001";"NE_0001";"NE_0001";"NE_0001"
"2023";"11";"070101";"CALLAO";"CALLAO";"CALLAO";"GOBIERNO REGIONAL";"I-2";"00006223";"PUESTO DE SALUD SANTA FE";"NE_0001";"";"NE_0001";"NE_0001";"NE_0001";"NE_0001";"NE_0001";"NE_0001";"NE_0001"
"2023";"11";"070101";"CALLAO";"CALLAO";"CALLAO";"GOBIERNO REGIONAL";"I-2";"00006224";"PUESTO DE SALUD JOSE BOTERIN";"NE_0001";"";"NE_0001";"NE_0001";"NE_0001";"NE_0001";"NE_0001";"NE_0001";"NE_0001"
"2023";"11";"150113";"LIMA";"LIMA";"JESUS MARIA";"PRIVADO";"II-E";"00009089";"ONCOGYN CLINICA INTEGRAL";"NE_0002";"";"NE_0002";"NE_0002";"NE_0002";"NE_0002";"NE_0002";"NE_0002";"NE_0002"
"2023";"11";"220101";"SAN MARTIN";"MOYOBAMBA";"MOYOBAMBA";"GOBIERNO REGIONAL";"I-1";"00006321";"LOS ANGELES";"NE_0001";"";"NE_0001";"NE_0001";"NE_0001";"NE_0001";"NE_0001";"NE_0001";"NE_0001"
"2023";"11";"220101";"SAN MARTIN";"MOYOBAMBA";"MOYOBAMBA";"GOBIERNO REGIONAL";"I-1";"00006320";"CAÑABRAVA";"NE_0001";"";"NE_0001";"NE_0001";"NE_0001";"NE_0001";"NE_0001";"NE_0001";"NE_0001"
"2023";"11";"220101";"SAN MARTIN";"MOYOBAMBA";"MOYOBAMBA";"GOBIERNO REGIONAL";"I-1";"00006319";"BUENOS AIRES";"NE_0001";"";"NE_0001";"NE_0001";"NE_0001";"NE_0001";"NE_0001";"NE_0001";"NE_0001"
"2023";"11";"220106";"SAN MARTIN";"MOYOBAMBA";"YANTALO";"GOBIERNO REGIONAL";"I-3";"00006318";"YANTALO";"241600";"HOSPITALIZACIÓN QUIRÚRGICA OBSTETRICIA   ";"1";"1";"1";"1";"1";"30";"0"
"2023";"11";"040106";"AREQUIPA";"AREQUIPA";"CHIGUATA";"GOBIERNO REGIONAL";"I-2";"00001320";"PUESTO DE SALUD ARENALES";"NE_0001";"";"NE_0001";"NE_0001";"NE_0001";"NE_0001";"NE_0001";"NE_0001";"NE_0001"
"2023";"11";"240302";"TUMBES";"ZARUMILLA";"AGUAS VERDES";"GOBIERNO REGIONAL";"I-1";"00001887";"POCITOS";"NE_0001";"";"NE_0001";"NE_0001";"NE_0001";"NE_0001";"NE_0001";"NE_0001";"NE_0001"
"2023";"11";"240201";"TUMBES";"CONTRALMIRANTE VILLAR";"ZORRITOS";"GOBIERNO REGIONAL";"I-1";"00001901";"GRAU";"NE_0001";"";"NE_0001";"NE_0001";"NE_0001";"NE_0001";"NE_0001";"NE_0001";"NE_0001"
"2023";"11";"240301";"TUMBES";"ZARUMILLA";"ZARUMILLA";"GOBIERNO REGIONAL";"I-3";"00026856";"Centro de Salud Mental Comunitario  ""LIC. ENF. SILVIA VIOLETA CONDE SOSA""";"NE_0001";"";"NE_0001";"NE_0001";"NE_0001";"NE_0001";"NE_0001";"NE_0001";"NE_0001"
"2023";"11";"240105";"TUMBES";"TUMBES";"SAN JACINTO";"GOBIERNO REGIONAL";"I-1";"00001907";"CAPITAN HOYLE  *";"NE_0001";"";"NE_0001";"NE_0001";"NE_0001";"NE_0001";"NE_0001";"NE_0001";"NE_0001"
"2023";"11";"240304";"TUMBES";"ZARUMILLA";"PAPAYAL";"GOBIERNO REGIONAL";"I-1";"00001894";"EL PORVENIR.";"NE_0001";"";"NE_0001";"NE_0001";"NE_0001";"NE_0001";"NE_0001";"NE_0001";"NE_0001"
"2023";"11";"240202";"TUMBES";"CONTRALMIRANTE VILLAR";"CASITAS";"GOBIERNO REGIONAL";"I-3";"00001897";"CAÑAVERAL";"NE_0001";"";"NE_0001";"NE_0001";"NE_0001";"NE_0001";"NE_0001";"NE_0001";"NE_0001"
"2023";"11";"240301";"TUMBES";"ZARUMILLA";"ZARUMILLA";"GOBIERNO REGIONAL";"0";"00030270";"II HOGAR PROTEGIDO";"NE_0001";"";"NE_0001";"NE_0001";"NE_0001";"NE_0001";"NE_0001";"NE_0001";"NE_0001"
"2023";"11";"240303";"TUMBES";"ZARUMILLA";"MATAPALO";"GOBIERNO REGIONAL";"I-3";"00001890";"C.S MATAPALO";"NE_0001";"";"NE_0001";"NE_0001";"NE_0001";"NE_0001";"NE_0001";"NE_0001";"NE_0001"
"2023";"11";"240302";"TUMBES";"ZARUMILLA";"AGUAS VERDES";"GOBIERNO REGIONAL";"I-2";"00001886";"CUCHARETA BAJA";"NE_0001";"";"NE_0001";"NE_0001";"NE_0001";"NE_0001";"NE_0001";"NE_0001";"NE_0001"
"2023";"11";"120703";"JUNIN";"TARMA";"HUARICOLCA";"GOBIERNO REGIONAL";"I-2";"00000595";"HUARICOLCA";"NE_0001";"";"NE_0001";"NE_0001";"NE_0001";"NE_0001";"NE_0001";"NE_0001";"NE_0001"
"2023";"11";"120703";"JUNIN";"TARMA";"HUARICOLCA";"GOBIERNO REGIONAL";"I-1";"00000596";"APAYCANCHILLA";"NE_0001";"";"NE_0001";"NE_0001";"NE_0001";"NE_0001";"NE_0001";"NE_0001";"NE_0001"
"2023";"11";"120703";"JUNIN";"TARMA";"HUARICOLCA";"GOBIERNO REGIONAL";"I-1";"00000568";"CONGAS ANTACUCHO";"NE_0001";"";"NE_0001";"NE_0001";"NE_0001";"NE_0001";"NE_0001";"NE_0001";"NE_0001"
"2023";"09";"220909";"SAN MARTIN";"SAN MARTIN";"LA BANDA DE SHILCAYO";"PRIVADO";"II-E";"00015835";"CLINICA OFTALMOLOGICA DE LA SELVA";"NE_0001";"";"NE_0001";"NE_0001";"NE_0001";"NE_0001";"NE_0001";"NE_0001";"NE_0001"
"2023";"07";"150103";"LIMA";"LIMA";"ATE";"MINSA";"II-E";"00028025";"HOSPITAL EMERGENCIA ATE VITARTE";"241900";"HOSPITALIZACIÓN DE MEDICINA MEDICINA INTERNA ";"48";"44";"600";"358";"25";"775";"3"
"2023";"07";"150103";"LIMA";"LIMA";"ATE";"MINSA";"II-E";"00028025";"HOSPITAL EMERGENCIA ATE VITARTE";"242300";"HOSPITALIZACIÓN DE PEDIATRÍA  PEDIATRÍA  GENERAL ";"11";"9";"36";"67";"5";"155";"1"
"2023";"07";"150103";"LIMA";"LIMA";"ATE";"MINSA";"II-E";"00028025";"HOSPITAL EMERGENCIA ATE VITARTE";"240100";"HOSPITALIZACIÓN QUIRÚRGICA CIRUGÍA GENERAL ";"38";"33";"358";"307";"20";"620";"0"
"2023";"09";"080910";"CUSCO";"LA CONVENCION";"PICHARI";"GOBIERNO REGIONAL";"I-2";"00007113";"NATIVIDAD";"NE_0001";"";"NE_0001";"NE_0001";"NE_0001";"NE_0001";"NE_0001";"NE_0001";"NE_0001"
"2023";"09";"080910";"CUSCO";"LA CONVENCION";"PICHARI";"GOBIERNO REGIONAL";"I-2";"00002498";"PUERTO MAYO";"NE_0001";"";"NE_0001";"NE_0001";"NE_0001";"NE_0001";"NE_0001";"NE_0001";"NE_0001"
"2023";"09";"080910";"CUSCO";"LA CONVENCION";"PICHARI";"GOBIERNO REGIONAL";"I-4";"00002494";"PICHARI";"NE_0001";"";"NE_0001";"NE_0001";"NE_0001";"NE_0001";"NE_0001";"NE_0001";"NE_0001"
"2023";"09";"080910";"CUSCO";"LA CONVENCION";"PICHARI";"GOBIERNO REGIONAL";"I-1";"00002497";"OTARI";"NE_0001";"";"NE_0001";"NE_0001";"NE_0001";"NE_0001";"NE_0001";"NE_0001";"NE_0001"
"2023";"09";"130705";"LA LIBERTAD";"PACASMAYO";"SAN JOSE";"GOBIERNO REGIONAL";"I-3";"00005297";"SAN JOSE";"NE_0001";"";"NE_0001";"NE_0001";"NE_0001";"NE_0001";"NE_0001";"NE_0001";"NE_0001"
"2023";"10";"060101";"CAJAMARCA";"CAJAMARCA";"CAJAMARCA";"PRIVADO";"II-1";"00009234";"CLINICA LOS FRESNOS";"240100";"HOSPITALIZACIÓN QUIRÚRGICA CIRUGÍA GENERAL ";"11";"11";"14";"11";"11";"12";"0"
"2023";"10";"060101";"CAJAMARCA";"CAJAMARCA";"CAJAMARCA";"PRIVADO";"II-1";"00009234";"CLINICA LOS FRESNOS";"241700";"HOSPITALIZACIÓN QUIRÚRGICA GINECOLOGÍA   GINECOLOGIA ONCOLOGiCA";"27";"27";"29";"27";"27";"28";"0"
"2023";"10";"060101";"CAJAMARCA";"CAJAMARCA";"CAJAMARCA";"PRIVADO";"II-1";"00009234";"CLINICA LOS FRESNOS";"241900";"HOSPITALIZACIÓN DE MEDICINA MEDICINA INTERNA ";"6";"6";"13";"6";"6";"7";"0"
"2023";"10";"060101";"CAJAMARCA";"CAJAMARCA";"CAJAMARCA";"PRIVADO";"II-1";"00009234";"CLINICA LOS FRESNOS";"241200";"HOSPITALIZACIÓN QUIRÚRGICA TRAUMATOLOGÍA Y ORTOPEDIA ";"3";"3";"9";"3";"3";"4";"0"
"2023";"10";"060101";"CAJAMARCA";"CAJAMARCA";"CAJAMARCA";"PRIVADO";"II-1";"00009234";"CLINICA LOS FRESNOS";"242300";"HOSPITALIZACIÓN DE PEDIATRÍA  PEDIATRÍA  GENERAL ";"14";"14";"22";"14";"14";"15";"0"
"2023";"10";"060101";"CAJAMARCA";"CAJAMARCA";"CAJAMARCA";"PRIVADO";"II-1";"00009234";"CLINICA LOS FRESNOS";"241300";"HOSPITALIZACIÓN QUIRÚRGICA UROLOGÍA  ";"3";"3";"1";"3";"3";"4";"0"
"2023";"10";"150133";"LIMA";"LIMA";"SAN JUAN DE MIRAFLORES";"SANIDAD DEL EJERCITO DEL PERU";"I-3";"00010385";"CENTRO DE SALUD MILITAR ""SAN JUAN""";"NE_0001";"";"NE_0001";"NE_0001";"NE_0001";"NE_0001";"NE_0001";"NE_0001";"NE_0001"
"2023";"10";"150117";"LIMA";"LIMA";"LOS OLIVOS";"PRIVADO";"II-E";"00012106";"CLINICA MEDICA PRIMAVERA";"240000";"HOSPITALIZACIÓN";"6";"6";"9";"9";"5";"155";"0"
"2023";"10";"070106";"CALLAO";"CALLAO";"VENTANILLA";"GOBIERNO REGIONAL";"I-4";"00006256";"CENTRO DE SALUD VILLA LOS REYES";"241600";"HOSPITALIZACIÓN QUIRÚRGICA OBSTETRICIA   ";"11";"12";"12";"124";"4";"124";"0"
"2023";"10";"070106";"CALLAO";"CALLAO";"VENTANILLA";"GOBIERNO REGIONAL";"I-2";"00032158";"CENTRO DE SALUD MENTAL COMUNITARIO VENTANILLA NORTE";"NE_0001";"";"NE_0001";"NE_0001";"NE_0001";"NE_0001";"NE_0001";"NE_0001";"NE_0001"
"2023";"10";"070107";"CALLAO";"CALLAO";"MI PERU";"GOBIERNO REGIONAL";"I-2";"00029381";"CENTRO DE SALUD MENTAL COMUNITARIO MI PERU";"NE_0001";"";"NE_0001";"NE_0001";"NE_0001";"NE_0001";"NE_0001";"NE_0001";"NE_0001"
"2023";"10";"070107";"CALLAO";"CALLAO";"MI PERU";"GOBIERNO REGIONAL";"I-4";"00006260";"CENTRO DE SALUD  MI PERU";"241800";"HOSPITALIZACIÓN DE MEDICINA MEDICINA GENERAL ";"16";"16";"16";"186";"6";"186";"0"
"2023";"10";"070106";"CALLAO";"CALLAO";"VENTANILLA";"GOBIERNO REGIONAL";"I-2";"00006261";"PUESTO DE SALUD LUIS FELIPE DE LAS CASAS";"NE_0001";"";"NE_0001";"NE_0001";"NE_0001";"NE_0001";"NE_0001";"NE_0001";"NE_0001"
"2023";"10";"120606";"JUNIN";"SATIPO";"PANGOA";"GOBIERNO REGIONAL";"I-2";"00000447";"VILLA MARIA";"NE_0001";"";"NE_0001";"NE_0001";"NE_0001";"NE_0001";"NE_0001";"NE_0001";"NE_0001"
"2023";"10";"120606";"JUNIN";"SATIPO";"PANGOA";"GOBIERNO REGIONAL";"I-3";"00000443";"SAN RAMON DE PANGOA";"NE_0001";"";"NE_0001";"NE_0001";"NE_0001";"NE_0001";"NE_0001";"NE_0001";"NE_0001"
"2023";"10";"120606";"JUNIN";"SATIPO";"PANGOA";"GOBIERNO REGIONAL";"I-1";"00000456";"SANTA ROSA ALTO KIATARI";"NE_0001";"";"NE_0001";"NE_0001";"NE_0001";"NE_0001";"NE_0001";"NE_0001";"NE_0001"
"2023";"10";"120606";"JUNIN";"SATIPO";"PANGOA";"GOBIERNO REGIONAL";"I-2";"00000444";"CHAVINI";"NE_0001";"";"NE_0001";"NE_0001";"NE_0001";"NE_0001";"NE_0001";"NE_0001";"NE_0001"
"2023";"10";"120606";"JUNIN";"SATIPO";"PANGOA";"GOBIERNO REGIONAL";"I-1";"00000450";"ALTO KIATARI";"NE_0001";"";"NE_0001";"NE_0001";"NE_0001";"NE_0001";"NE_0001";"NE_0001";"NE_0001"
"2023";"10";"120606";"JUNIN";"SATIPO";"PANGOA";"GOBIERNO REGIONAL";"I-1";"00000453";"UNION CHAVINI";"NE_0001";"";"NE_0001";"NE_0001";"NE_0001";"NE_0001";"NE_0001";"NE_0001";"NE_0001"
"2023";"10";"120606";"JUNIN";"SATIPO";"PANGOA";"GOBIERNO REGIONAL";"I-1";"00000440";"SAN JOSE DE MIRAFLORES";"NE_0001";"";"NE_0001";"NE_0001";"NE_0001";"NE_0001";"NE_0001";"NE_0001";"NE_0001"
"2023";"10";"120606";"JUNIN";"SATIPO";"PANGOA";"GOBIERNO REGIONAL";"I-1";"00000458";"VILCABAMBA";"NE_0001";"";"NE_0001";"NE_0001";"NE_0001";"NE_0001";"NE_0001";"NE_0001";"NE_0001"
"2023";"10";"070102";"CALLAO";"CALLAO";"BELLAVISTA";"GOBIERNO REGIONAL";"II-E";"00017883";"HOSPITAL DE REHABILITACION DEL CALLAO";"NE_0001";"";"NE_0001";"NE_0001";"NE_0001";"NE_0001";"NE_0001";"NE_0001";"NE_0001"
"2023";"10";"220801";"SAN MARTIN";"RIOJA";"RIOJA";"GOBIERNO REGIONAL";"II-1";"00006732";"HOSPITAL DE RIOJA";"240100";"HOSPITALIZACIÓN QUIRÚRGICA CIRUGÍA GENERAL ";"61";"72";"304";"304";"10";"310";"0"
"2023";"10";"220801";"SAN MARTIN";"RIOJA";"RIOJA";"GOBIERNO REGIONAL";"II-1";"00006732";"HOSPITAL DE RIOJA";"241200";"HOSPITALIZACIÓN QUIRÚRGICA TRAUMATOLOGÍA Y ORTOPEDIA ";"26";"29";"139";"139";"5";"155";"0"
"2023";"10";"220801";"SAN MARTIN";"RIOJA";"RIOJA";"GOBIERNO REGIONAL";"II-1";"00006732";"HOSPITAL DE RIOJA";"241300";"HOSPITALIZACIÓN QUIRÚRGICA UROLOGÍA  ";"5";"6";"19";"19";"1";"31";"0"
"2023";"10";"220801";"SAN MARTIN";"RIOJA";"RIOJA";"GOBIERNO REGIONAL";"II-1";"00006732";"HOSPITAL DE RIOJA";"241500";"HOSPITALIZACIÓN QUIRÚRGICA GINECOLOGÍA  ";"77";"79";"165";"165";"11";"341";"0"
"2023";"10";"220801";"SAN MARTIN";"RIOJA";"RIOJA";"GOBIERNO REGIONAL";"II-1";"00006732";"HOSPITAL DE RIOJA";"241600";"HOSPITALIZACIÓN QUIRÚRGICA OBSTETRICIA   ";"103";"112";"227";"227";"14";"434";"0"
"2023";"10";"220801";"SAN MARTIN";"RIOJA";"RIOJA";"GOBIERNO REGIONAL";"II-1";"00006732";"HOSPITAL DE RIOJA";"241800";"HOSPITALIZACIÓN DE MEDICINA MEDICINA GENERAL ";"43";"50";"296";"296";"12";"372";"1"
"2023";"10";"220801";"SAN MARTIN";"RIOJA";"RIOJA";"GOBIERNO REGIONAL";"II-1";"00006732";"HOSPITAL DE RIOJA";"242500";"HOSPITALIZACIÓN-PEDIATRÍA GENERAL-";"47";"51";"161";"161";"10";"310";"0"
"2023";"10";"220801";"SAN MARTIN";"RIOJA";"RIOJA";"GOBIERNO REGIONAL";"II-1";"00006732";"HOSPITAL DE RIOJA";"243200";"HOSPITALIZACIÓN DE PEDIATRÍA PEDIATRIA NEONATOLOGÍA";"24";"27";"96";"96";"7";"217";"2"
"2023";"10";"220912";"SAN MARTIN";"SAN MARTIN";"SAN ANTONIO";"GOBIERNO REGIONAL";"I-3";"00006384";"SAN ANTONIO DE CUMBAZA";"NE_0001";"";"NE_0001";"NE_0001";"NE_0001";"NE_0001";"NE_0001";"NE_0001";"NE_0001"
"2023";"10";"220903";"SAN MARTIN";"SAN MARTIN";"CACATACHI";"GOBIERNO REGIONAL";"I-3";"00006395";"CACATACHI";"NE_0001";"";"NE_0001";"NE_0001";"NE_0001";"NE_0001";"NE_0001";"NE_0001";"NE_0001"
"2023";"10";"220910";"SAN MARTIN";"SAN MARTIN";"MORALES";"GOBIERNO REGIONAL";"I-4";"00006361";"MORALES";"241400";"HOSPITALIZACIÓN QUIRÚRGICA GINECO - OBSTETRICIA ";"34";"38";"38";"38";"12";"372";"0"
"2023";"10";"220912";"SAN MARTIN";"SAN MARTIN";"SAN ANTONIO";"GOBIERNO REGIONAL";"I-1";"00006385";"SAN PEDRO DE CUMBAZA";"NE_0001";"";"NE_0001";"NE_0001";"NE_0001";"NE_0001";"NE_0001";"NE_0001";"NE_0001"
"2023";"10";"040103";"AREQUIPA";"AREQUIPA";"CAYMA";"PRIVADO";"II-1";"00015730";"CLINICA SAN JUAN DE DIOS";"240000";"HOSPITALIZACIÓN";"478";"475";"1836";"1826";"80";"2480";"6"
"2023";"10";"070102";"CALLAO";"CALLAO";"BELLAVISTA";"PRIVADO";"II-1";"00009250";"CLINICAS AUNA - SEDE BELLAVISTA";"240000";"HOSPITALIZACIÓN";"119";"116";"341";"358";"19";"589";"0"
"2023";"10";"070102";"CALLAO";"CALLAO";"BELLAVISTA";"PRIVADO";"II-1";"00009250";"CLINICAS AUNA - SEDE BELLAVISTA";"250100";"UNIDAD DE CUIDADOS CRITICOS UNIDAD  DE CUIDADOS INTENSIVOS GENERALES (UCI) ";"2";"1";"9";"42";"3";"93";"0"
"2023";"10";"150131";"LIMA";"LIMA";"SAN ISIDRO";"PRIVADO";"I-2";"00025076";"CONSULTORIOS EXTERNOS ANGLO AMERICANA";"NE_0001";"";"NE_0001";"NE_0001";"NE_0001";"NE_0001";"NE_0001";"NE_0001";"NE_0001"
"2023";"10";"130101";"LA LIBERTAD";"TRUJILLO";"TRUJILLO";"PRIVADO";"II-E";"00024168";"NORLASER";"NE_0001";"";"NE_0001";"NE_0001";"NE_0001";"NE_0001";"NE_0001";"NE_0001";"NE_0001"
"2023";"11";"160113";"LORETO";"MAYNAS";"SAN JUAN BAUTISTA";"SANIDAD DE LA POLICIA NACIONAL DEL PERU";"I-3";"00011369";"POLICLINICO POLICIAL IQUITOS";"NE_0001";"";"NE_0001";"NE_0001";"NE_0001";"NE_0001";"NE_0001";"NE_0001";"NE_0001"
"2023";"11";"150112";"LIMA";"LIMA";"INDEPENDENCIA";"ESSALUD";"I-3";"00016357";"CENTRO DE ATENCION PRIMARIA III INDEPENDENCIA - RAA - ESSALUD";"NE_0001";"";"NE_0001";"NE_0001";"NE_0001";"NE_0001";"NE_0001";"NE_0001";"NE_0001"
"2023";"11";"021101";"ANCASH";"HUARMEY";"HUARMEY";"GOBIERNO REGIONAL";"II-1";"00001741";"HOSPITAL DE APOYO HUARMEY";"240100";"HOSPITALIZACIÓN QUIRÚRGICA CIRUGÍA GENERAL ";"6";"7";"28";"21";"3";"90";"0"
"2023";"11";"021101";"ANCASH";"HUARMEY";"HUARMEY";"GOBIERNO REGIONAL";"II-1";"00001741";"HOSPITAL DE APOYO HUARMEY";"241400";"HOSPITALIZACIÓN QUIRÚRGICA GINECO - OBSTETRICIA ";"30";"31";"65";"60";"10";"300";"0"
"2023";"11";"021101";"ANCASH";"HUARMEY";"HUARMEY";"GOBIERNO REGIONAL";"II-1";"00001741";"HOSPITAL DE APOYO HUARMEY";"241800";"HOSPITALIZACIÓN DE MEDICINA MEDICINA GENERAL ";"24";"26";"96";"85";"11";"330";"1"
"2023";"11";"131101";"LA LIBERTAD";"GRAN CHIMU";"CASCAS";"GOBIERNO REGIONAL";"II-1";"00005277";"HOSPITAL PROVINCIAL DE CASCAS";"241600";"HOSPITALIZACIÓN QUIRÚRGICA OBSTETRICIA   ";"5";"5";"2";"7";"5";"362";"0"
"2023";"11";"131101";"LA LIBERTAD";"GRAN CHIMU";"CASCAS";"GOBIERNO REGIONAL";"II-1";"00005277";"HOSPITAL PROVINCIAL DE CASCAS";"241800";"HOSPITALIZACIÓN DE MEDICINA MEDICINA GENERAL ";"17";"17";"8";"4";"6";"50";"0"
"2023";"11";"131101";"LA LIBERTAD";"GRAN CHIMU";"CASCAS";"GOBIERNO REGIONAL";"II-1";"00005277";"HOSPITAL PROVINCIAL DE CASCAS";"241500";"HOSPITALIZACIÓN QUIRÚRGICA GINECOLOGÍA  ";"3";"3";"1";"1";"3";"35";"1"
"2023";"11";"220101";"SAN MARTIN";"MOYOBAMBA";"MOYOBAMBA";"GOBIERNO REGIONAL";"I-1";"00006316";"TAHUISHCO";"NE_0001";"";"NE_0001";"NE_0001";"NE_0001";"NE_0001";"NE_0001";"NE_0001";"NE_0001"
"2023";"11";"220101";"SAN MARTIN";"MOYOBAMBA";"MOYOBAMBA";"GOBIERNO REGIONAL";"I-1";"00006313";"MARONA";"NE_0001";"";"NE_0001";"NE_0001";"NE_0001";"NE_0001";"NE_0001";"NE_0001";"NE_0001"
"2023";"11";"220104";"SAN MARTIN";"MOYOBAMBA";"JEPELACIO";"GOBIERNO REGIONAL";"I-1";"00006317";"SAN MATEO";"NE_0001";"";"NE_0001";"NE_0001";"NE_0001";"NE_0001";"NE_0001";"NE_0001";"NE_0001"
"2023";"11";"220101";"SAN MARTIN";"MOYOBAMBA";"MOYOBAMBA";"GOBIERNO REGIONAL";"I-1";"00010110";"LA FLOR DE LA PRIMAVERA";"NE_0001";"";"NE_0001";"NE_0001";"NE_0001";"NE_0001";"NE_0001";"NE_0001";"NE_0001"
"2023";"11";"220101";"SAN MARTIN";"MOYOBAMBA";"MOYOBAMBA";"GOBIERNO REGIONAL";"I-1";"00006707";"CORDILLERA ANDINA";"NE_0001";"";"NE_0001";"NE_0001";"NE_0001";"NE_0001";"NE_0001";"NE_0001";"NE_0001"
"2023";"11";"220101";"SAN MARTIN";"MOYOBAMBA";"MOYOBAMBA";"GOBIERNO REGIONAL";"I-2";"00031276";"LA PRIMAVERA";"NE_0001";"";"NE_0001";"NE_0001";"NE_0001";"NE_0001";"NE_0001";"NE_0001";"NE_0001"
"2023";"11";"220101";"SAN MARTIN";"MOYOBAMBA";"MOYOBAMBA";"GOBIERNO REGIONAL";"I-3";"00006312";"LLUYLLUCUCHA";"NE_0001";"";"NE_0001";"NE_0001";"NE_0001";"NE_0001";"NE_0001";"NE_0001";"NE_0001"
"2023";"11";"220101";"SAN MARTIN";"MOYOBAMBA";"MOYOBAMBA";"GOBIERNO REGIONAL";"I-1";"00006314";"QUILLOALLPA";"NE_0001";"";"NE_0001";"NE_0001";"NE_0001";"NE_0001";"NE_0001";"NE_0001";"NE_0001"
"2023";"11";"220101";"SAN MARTIN";"MOYOBAMBA";"MOYOBAMBA";"GOBIERNO REGIONAL";"I-2";"00006315";"SUGLLAQUIRO";"NE_0001";"";"NE_0001";"NE_0001";"NE_0001";"NE_0001";"NE_0001";"NE_0001";"NE_0001"
"2023";"11";"220101";"SAN MARTIN";"MOYOBAMBA";"MOYOBAMBA";"GOBIERNO REGIONAL";"I-1";"00027097";"EL CONDOR";"NE_0001";"";"NE_0001";"NE_0001";"NE_0001";"NE_0001";"NE_0001";"NE_0001";"NE_0001"
"2023";"11";"060801";"CAJAMARCA";"JAEN";"JAEN";"ESSALUD";"II-1";"00010136";"HOSPITAL II-1 CLINICA JAEN";"241800";"HOSPITALIZACIÓN DE MEDICINA MEDICINA GENERAL ";"55";"55";"168";"188";"14";"240";"3"
"2023";"11";"060801";"CAJAMARCA";"JAEN";"JAEN";"ESSALUD";"II-1";"00010136";"HOSPITAL II-1 CLINICA JAEN";"240100";"HOSPITALIZACIÓN QUIRÚRGICA CIRUGÍA GENERAL ";"38";"36";"143";"160";"6";"228";"0"
"2023";"11";"060801";"CAJAMARCA";"JAEN";"JAEN";"ESSALUD";"II-1";"00010136";"HOSPITAL II-1 CLINICA JAEN";"241400";"HOSPITALIZACIÓN QUIRÚRGICA GINECO - OBSTETRICIA ";"81";"67";"96";"223";"8";"291";"0"
"2023";"11";"060801";"CAJAMARCA";"JAEN";"JAEN";"ESSALUD";"II-1";"00010136";"HOSPITAL II-1 CLINICA JAEN";"242300";"HOSPITALIZACIÓN DE PEDIATRÍA  PEDIATRÍA  GENERAL ";"82";"56";"122";"100";"6";"261";"1"
"2023";"08";"100501";"HUANUCO";"HUAMALIES";"LLATA";"GOBIERNO REGIONAL";"I-2";"00000888";"PAMPAS DEL CARMEN";"NE_0001";"";"NE_0001";"NE_0001";"NE_0001";"NE_0001";"NE_0001";"NE_0001";"NE_0001"
"2023";"08";"100501";"HUANUCO";"HUAMALIES";"LLATA";"GOBIERNO REGIONAL";"I-4";"00000887";"LLATA";"241400";"HOSPITALIZACIÓN QUIRÚRGICA GINECO - OBSTETRICIA ";"31";"29";"3";"3";"7";"10";"0"
"2023";"08";"100501";"HUANUCO";"HUAMALIES";"LLATA";"GOBIERNO REGIONAL";"I-4";"00000887";"LLATA";"241800";"HOSPITALIZACIÓN DE MEDICINA MEDICINA GENERAL ";"14";"14";"4";"4";"7";"10";"0"
"2023";"11";"040110";"AREQUIPA";"AREQUIPA";"MIRAFLORES";"GOBIERNO REGIONAL";"I-2";"00001305";"CENTRO DE SALUD TOMASA T. COMDEMAYTA";"NE_0001";"";"NE_0001";"NE_0001";"NE_0001";"NE_0001";"NE_0001";"NE_0001";"NE_0001"
"2023";"11";"040110";"AREQUIPA";"AREQUIPA";"MIRAFLORES";"GOBIERNO REGIONAL";"I-3";"00032056";"CENTRO DE SALUD MENTAL COMUNITARIO MIRAFLORES";"NE_0001";"";"NE_0001";"NE_0001";"NE_0001";"NE_0001";"NE_0001";"NE_0001";"NE_0001"
"2023";"11";"040110";"AREQUIPA";"AREQUIPA";"MIRAFLORES";"GOBIERNO REGIONAL";"I-4";"00001292";"CENTRO DE SALUD EDIFICADORES MISTI";"241600";"HOSPITALIZACIÓN QUIRÚRGICA OBSTETRICIA   ";"12";"12";"12";"12";"12";"30";"0"
"2023";"11";"040110";"AREQUIPA";"AREQUIPA";"MIRAFLORES";"GOBIERNO REGIONAL";"I-3";"00001293";"CENTRO DE SALUD MIRAFLORES";"NE_0001";"";"NE_0001";"NE_0001";"NE_0001";"NE_0001";"NE_0001";"NE_0001";"NE_0001"
"2023";"11";"040110";"AREQUIPA";"AREQUIPA";"MIRAFLORES";"GOBIERNO REGIONAL";"I-3";"00001307";"CENTRO DE SALUD MATEO PUMACAHUA";"NE_0001";"";"NE_0001";"NE_0001";"NE_0001";"NE_0001";"NE_0001";"NE_0001";"NE_0001"
"2023";"11";"040110";"AREQUIPA";"AREQUIPA";"MIRAFLORES";"GOBIERNO REGIONAL";"I-3";"00001306";"CENTRO DE SALUD PORVENIR-MIRAFLORES";"NE_0001";"";"NE_0001";"NE_0001";"NE_0001";"NE_0001";"NE_0001";"NE_0001";"NE_0001"
"2023";"11";"060603";"CAJAMARCA";"CUTERVO";"CHOROS";"GOBIERNO REGIONAL";"I-1";"00004973";"EL ROLLO";"NE_0001";"";"NE_0001";"NE_0001";"NE_0001";"NE_0001";"NE_0001";"NE_0001";"NE_0001"
"2023";"11";"060607";"CAJAMARCA";"CUTERVO";"QUEROCOTILLO";"GOBIERNO REGIONAL";"I-1";"00006860";"TECHIN";"NE_0001";"";"NE_0001";"NE_0001";"NE_0001";"NE_0001";"NE_0001";"NE_0001";"NE_0001"
"2023";"10";"160113";"LORETO";"MAYNAS";"SAN JUAN BAUTISTA";"PRIVADO";"II-E";"00024041";"CLÍNICA ESPECIALIZADA EMANUEL";"NE_0001";"";"NE_0001";"NE_0001";"NE_0001";"NE_0001";"NE_0001";"NE_0001";"NE_0001"
"2023";"10";"040302";"AREQUIPA";"CARAVELI";"ACARI";"ESSALUD";"I-2";"00012195";"POSTA MEDICA ACARI";"NE_0001";"";"NE_0001";"NE_0001";"NE_0001";"NE_0001";"NE_0001";"NE_0001";"NE_0001"
"2023";"10";"120415";"JUNIN";"JAUJA";"MARCO";"GOBIERNO REGIONAL";"I-2";"00000385";"MARCO";"NE_0001";"";"NE_0001";"NE_0001";"NE_0001";"NE_0001";"NE_0001";"NE_0001";"NE_0001"
"2023";"10";"120426";"JUNIN";"JAUJA";"POMACANCHA";"GOBIERNO REGIONAL";"I-1";"00000389";"ARMONIA";"NE_0001";"";"NE_0001";"NE_0001";"NE_0001";"NE_0001";"NE_0001";"NE_0001";"NE_0001"
"2023";"10";"120422";"JUNIN";"JAUJA";"PACA";"GOBIERNO REGIONAL";"I-1";"00000386";"YANACANCHA";"NE_0001";"";"NE_0001";"NE_0001";"NE_0001";"NE_0001";"NE_0001";"NE_0001";"NE_0001"
"2023";"10";"120432";"JUNIN";"JAUJA";"TUNAN MARCA";"GOBIERNO REGIONAL";"I-1";"00000391";"TUNANMARCA";"NE_0001";"";"NE_0001";"NE_0001";"NE_0001";"NE_0001";"NE_0001";"NE_0001";"NE_0001"
"2023";"10";"120402";"JUNIN";"JAUJA";"ACOLLA";"GOBIERNO REGIONAL";"I-2";"00000383";"PACHASCUCHO";"NE_0001";"";"NE_0001";"NE_0001";"NE_0001";"NE_0001";"NE_0001";"NE_0001";"NE_0001"
"2023";"10";"120426";"JUNIN";"JAUJA";"POMACANCHA";"GOBIERNO REGIONAL";"I-2";"00000388";"POMACANCHA";"NE_0001";"";"NE_0001";"NE_0001";"NE_0001";"NE_0001";"NE_0001";"NE_0001";"NE_0001"
"2023";"10";"120426";"JUNIN";"JAUJA";"POMACANCHA";"GOBIERNO REGIONAL";"I-1";"00000390";"CASABLANCA";"NE_0001";"";"NE_0001";"NE_0001";"NE_0001";"NE_0001";"NE_0001";"NE_0001";"NE_0001"
"2023";"10";"120402";"JUNIN";"JAUJA";"ACOLLA";"GOBIERNO REGIONAL";"I-1";"00000381";"SACAS";"NE_0001";"";"NE_0001";"NE_0001";"NE_0001";"NE_0001";"NE_0001";"NE_0001";"NE_0001"
"2023";"10";"250301";"UCAYALI";"PADRE ABAD";"PADRE ABAD";"ESSALUD";"I-2";"00031880";"POSTA DE SALUD AGUAYTIA";"NE_0001";"";"NE_0001";"NE_0001";"NE_0001";"NE_0001";"NE_0001";"NE_0001";"NE_0001"
"2023";"10";"060303";"CAJAMARCA";"CELENDIN";"CORTEGANA";"GOBIERNO REGIONAL";"I-1";"00004474";"YAGEN";"NE_0001";"";"NE_0001";"NE_0001";"NE_0001";"NE_0001";"NE_0001";"NE_0001";"NE_0001"
"2023";"10";"060303";"CAJAMARCA";"CELENDIN";"CORTEGANA";"GOBIERNO REGIONAL";"I-1";"00006757";"CANDEN";"NE_0001";"";"NE_0001";"NE_0001";"NE_0001";"NE_0001";"NE_0001";"NE_0001";"NE_0001"
"2023";"10";"060303";"CAJAMARCA";"CELENDIN";"CORTEGANA";"GOBIERNO REGIONAL";"I-1";"00006758";"MUSADEN";"NE_0001";"";"NE_0001";"NE_0001";"NE_0001";"NE_0001";"NE_0001";"NE_0001";"NE_0001"
"2023";"10";"060303";"CAJAMARCA";"CELENDIN";"CORTEGANA";"GOBIERNO REGIONAL";"I-1";"00004475";"ANDAMACHAY";"NE_0001";"";"NE_0001";"NE_0001";"NE_0001";"NE_0001";"NE_0001";"NE_0001";"NE_0001"
"2023";"10";"060303";"CAJAMARCA";"CELENDIN";"CORTEGANA";"GOBIERNO REGIONAL";"I-3";"00004477";"CORTEGANA";"NE_0001";"";"NE_0001";"NE_0001";"NE_0001";"NE_0001";"NE_0001";"NE_0001";"NE_0001"
"2023";"10";"060303";"CAJAMARCA";"CELENDIN";"CORTEGANA";"GOBIERNO REGIONAL";"I-1";"00004476";"VILLANUEVA";"NE_0001";"";"NE_0001";"NE_0001";"NE_0001";"NE_0001";"NE_0001";"NE_0001";"NE_0001"
"2023";"10";"240302";"TUMBES";"ZARUMILLA";"AGUAS VERDES";"GOBIERNO REGIONAL";"I-1";"00001887";"POCITOS";"NE_0001";"";"NE_0001";"NE_0001";"NE_0001";"NE_0001";"NE_0001";"NE_0001";"NE_0001"
"2023";"10";"240304";"TUMBES";"ZARUMILLA";"PAPAYAL";"GOBIERNO REGIONAL";"I-2";"00001893";"UÑA DE GATO";"NE_0001";"";"NE_0001";"NE_0001";"NE_0001";"NE_0001";"NE_0001";"NE_0001";"NE_0001"
"2023";"10";"240301";"TUMBES";"ZARUMILLA";"ZARUMILLA";"GOBIERNO REGIONAL";"I-3";"00026856";"Centro de Salud Mental Comunitario  ""LIC. ENF. SILVIA VIOLETA CONDE SOSA""";"NE_0001";"";"NE_0001";"NE_0001";"NE_0001";"NE_0001";"NE_0001";"NE_0001";"NE_0001"
"2023";"10";"240304";"TUMBES";"ZARUMILLA";"PAPAYAL";"GOBIERNO REGIONAL";"I-2";"00001892";"LA PALMA";"NE_0001";"";"NE_0001";"NE_0001";"NE_0001";"NE_0001";"NE_0001";"NE_0001";"NE_0001"
"2023";"10";"240304";"TUMBES";"ZARUMILLA";"PAPAYAL";"GOBIERNO REGIONAL";"I-1";"00001894";"EL PORVENIR.";"NE_0001";"";"NE_0001";"NE_0001";"NE_0001";"NE_0001";"NE_0001";"NE_0001";"NE_0001"
"2023";"10";"240301";"TUMBES";"ZARUMILLA";"ZARUMILLA";"GOBIERNO REGIONAL";"0";"00030270";"II HOGAR PROTEGIDO";"NE_0001";"";"NE_0001";"NE_0001";"NE_0001";"NE_0001";"NE_0001";"NE_0001";"NE_0001"
"2023";"02";"090206";"HUANCAVELICA";"ACOBAMBA";"PAUCARA";"GOBIERNO REGIONAL";"I-4";"00003930";"CENTRO DE SALUD PAUCARA";"241600";"HOSPITALIZACIÓN QUIRÚRGICA OBSTETRICIA   ";"10";"10";"19";"9";"24";"672";"0"
"2023";"02";"090206";"HUANCAVELICA";"ACOBAMBA";"PAUCARA";"GOBIERNO REGIONAL";"I-4";"00003930";"CENTRO DE SALUD PAUCARA";"241600";"HOSPITALIZACIÓN QUIRÚRGICA OBSTETRICIA   ";"14";"14";"11";"10";"24";"672";"0"
"2023";"02";"090206";"HUANCAVELICA";"ACOBAMBA";"PAUCARA";"GOBIERNO REGIONAL";"I-4";"00003930";"CENTRO DE SALUD PAUCARA";"241600";"HOSPITALIZACIÓN QUIRÚRGICA OBSTETRICIA   ";"5";"5";"12";"5";"24";"672";"0"
"2023";"11";"180301";"MOQUEGUA";"ILO";"ILO";"SANIDAD DE LA POLICIA NACIONAL DEL PERU";"I-2";"00025870";"POSTA MEDICA POLICIAL ILO";"NE_0001";"";"NE_0001";"NE_0001";"NE_0001";"NE_0001";"NE_0001";"NE_0001";"NE_0001"
"2023";"11";"150117";"LIMA";"LIMA";"LOS OLIVOS";"PRIVADO";"I-2";"00012429";"OFTALMOLOGICA WONG";"NE_0001";"";"NE_0001";"NE_0001";"NE_0001";"NE_0001";"NE_0001";"NE_0001";"NE_0001"
"2023";"11";"150113";"LIMA";"LIMA";"JESUS MARIA";"ESSALUD";"III-2";"00008720";"HOSPITAL NACIONAL EDGARDO REBAGLIATI MARTINS";"240000";"HOSPITALIZACIÓN";"689";"668";"8360";"8473";"293";"8790";"14"
"2023";"11";"150113";"LIMA";"LIMA";"JESUS MARIA";"ESSALUD";"III-2";"00008720";"HOSPITAL NACIONAL EDGARDO REBAGLIATI MARTINS";"250200";"UNIDAD DE CUIDADOS CRITICOS UNIDAD DE CUIDADOS INTERMEDIOS GENERAL  (UCIN) ";"4";"1";"8";"716";"24";"720";"1"
"2023";"11";"150113";"LIMA";"LIMA";"JESUS MARIA";"ESSALUD";"III-2";"00008720";"HOSPITAL NACIONAL EDGARDO REBAGLIATI MARTINS";"240100";"HOSPITALIZACIÓN QUIRÚRGICA CIRUGÍA GENERAL ";"320";"361";"4639";"3529";"120";"3600";"7"
"2023";"11";"150113";"LIMA";"LIMA";"JESUS MARIA";"ESSALUD";"III-2";"00008720";"HOSPITAL NACIONAL EDGARDO REBAGLIATI MARTINS";"240200";"HOSPITALIZACIÓN QUIRÚRGICA CIRUGÍA DE CABEZA Y CUELLO / MÁXILO FACIAL ";"49";"54";"484";"446";"15";"450";"0"
"2023";"11";"150113";"LIMA";"LIMA";"JESUS MARIA";"ESSALUD";"III-2";"00008720";"HOSPITAL NACIONAL EDGARDO REBAGLIATI MARTINS";"240400";"HOSPITALIZACIÓN QUIRÚRGICA CIRUGÍA DE TÓRAX Y CARDIOVASCULAR ";"50";"68";"1149";"1280";"44";"1320";"0"
"2023";"11";"150113";"LIMA";"LIMA";"JESUS MARIA";"ESSALUD";"III-2";"00008720";"HOSPITAL NACIONAL EDGARDO REBAGLIATI MARTINS";"240600";"HOSPITALIZACIÓN QUIRÚRGICA CIRUGÍA OFTALMOLÓGICA ";"19";"20";"123";"118";"4";"120";"0"
"2023";"11";"150113";"LIMA";"LIMA";"JESUS MARIA";"ESSALUD";"III-2";"00008720";"HOSPITAL NACIONAL EDGARDO REBAGLIATI MARTINS";"240700";"HOSPITALIZACIÓN QUIRÚRGICA CIRUGÍA PEDIÁTRICA ";"113";"118";"1206";"1065";"45";"1350";"1"
"2023";"11";"150113";"LIMA";"LIMA";"JESUS MARIA";"ESSALUD";"III-2";"00008720";"HOSPITAL NACIONAL EDGARDO REBAGLIATI MARTINS";"240800";"HOSPITALIZACIÓN QUIRÚRGICA CIRUGÍA PLÁSTICA/RECONSTRUCTIVA/ REPARADORA ";"35";"40";"659";"598";"20";"600";"0"
"2023";"11";"150113";"LIMA";"LIMA";"JESUS MARIA";"ESSALUD";"III-2";"00008720";"HOSPITAL NACIONAL EDGARDO REBAGLIATI MARTINS";"240900";"HOSPITALIZACIÓN QUIRÚRGICA NEUROCIRUGÍA ";"134";"134";"1976";"1774";"62";"1860";"3"
"2023";"11";"150113";"LIMA";"LIMA";"JESUS MARIA";"ESSALUD";"III-2";"00008720";"HOSPITAL NACIONAL EDGARDO REBAGLIATI MARTINS";"241100";"HOSPITALIZACIÓN QUIRÚRGICA OTORRINOLARINGOLOGÍA  ";"46";"43";"296";"350";"12";"360";"0"
"2023";"11";"150113";"LIMA";"LIMA";"JESUS MARIA";"ESSALUD";"III-2";"00008720";"HOSPITAL NACIONAL EDGARDO REBAGLIATI MARTINS";"241200";"HOSPITALIZACIÓN QUIRÚRGICA TRAUMATOLOGÍA Y ORTOPEDIA ";"307";"309";"3527";"3445";"117";"3510";"2"
"2023";"11";"150113";"LIMA";"LIMA";"JESUS MARIA";"ESSALUD";"III-2";"00008720";"HOSPITAL NACIONAL EDGARDO REBAGLIATI MARTINS";"241300";"HOSPITALIZACIÓN QUIRÚRGICA UROLOGÍA  ";"177";"185";"1603";"1429";"48";"1440";"3"
"2023";"11";"150113";"LIMA";"LIMA";"JESUS MARIA";"ESSALUD";"III-2";"00008720";"HOSPITAL NACIONAL EDGARDO REBAGLIATI MARTINS";"241500";"HOSPITALIZACIÓN QUIRÚRGICA GINECOLOGÍA  ";"95";"101";"737";"707";"24";"720";"0"
"2023";"11";"150113";"LIMA";"LIMA";"JESUS MARIA";"ESSALUD";"III-2";"00008720";"HOSPITAL NACIONAL EDGARDO REBAGLIATI MARTINS";"241600";"HOSPITALIZACIÓN QUIRÚRGICA OBSTETRICIA   ";"386";"409";"2614";"2624";"109";"3270";"0"
"2023";"11";"150113";"LIMA";"LIMA";"JESUS MARIA";"ESSALUD";"III-2";"00008720";"HOSPITAL NACIONAL EDGARDO REBAGLIATI MARTINS";"241700";"HOSPITALIZACIÓN QUIRÚRGICA GINECOLOGÍA   GINECOLOGIA ONCOLOGiCA";"120";"120";"735";"718";"24";"720";"0"
"2023";"11";"150113";"LIMA";"LIMA";"JESUS MARIA";"ESSALUD";"III-2";"00008720";"HOSPITAL NACIONAL EDGARDO REBAGLIATI MARTINS";"241900";"HOSPITALIZACIÓN DE MEDICINA MEDICINA INTERNA ";"533";"472";"8325";"7755";"268";"8040";"67"
"2023";"11";"150113";"LIMA";"LIMA";"JESUS MARIA";"ESSALUD";"III-2";"00008720";"HOSPITAL NACIONAL EDGARDO REBAGLIATI MARTINS";"242100";"HOSPITALIZACIÓN DE MEDICINA ONCOLOGÍA MÉDICA ";"134";"140";"1247";"988";"33";"990";"2"
"2023";"11";"150113";"LIMA";"LIMA";"JESUS MARIA";"ESSALUD";"III-2";"00008720";"HOSPITAL NACIONAL EDGARDO REBAGLIATI MARTINS";"242200";"HOSPITALIZACIÓN DE MEDICINA PSIQUIATRÍA ";"86";"90";"1557";"1490";"56";"1680";"0"
"2023";"11";"150113";"LIMA";"LIMA";"JESUS MARIA";"ESSALUD";"III-2";"00008720";"HOSPITAL NACIONAL EDGARDO REBAGLIATI MARTINS";"242300";"HOSPITALIZACIÓN DE PEDIATRÍA  PEDIATRÍA  GENERAL ";"60";"82";"1065";"690";"24";"720";"0"
"2023";"11";"150113";"LIMA";"LIMA";"JESUS MARIA";"ESSALUD";"III-2";"00008720";"HOSPITAL NACIONAL EDGARDO REBAGLIATI MARTINS";"242500";"HOSPITALIZACIÓN-PEDIATRÍA GENERAL-";"92";"88";"1176";"972";"35";"1050";"0"
"2023";"11";"150113";"LIMA";"LIMA";"JESUS MARIA";"ESSALUD";"III-2";"00008720";"HOSPITAL NACIONAL EDGARDO REBAGLIATI MARTINS";"243200";"HOSPITALIZACIÓN DE PEDIATRÍA PEDIATRIA NEONATOLOGÍA";"42";"6";"58";"720";"24";"720";"5"
"2023";"11";"150113";"LIMA";"LIMA";"JESUS MARIA";"ESSALUD";"III-2";"00008720";"HOSPITAL NACIONAL EDGARDO REBAGLIATI MARTINS";"243600";"HOSPITALIZACIÓN DE PEDIATRÍA PEDIATRIA ONCOLOGÍA PEDIÁTRICA";"62";"63";"439";"456";"16";"480";"1"
"2023";"11";"150113";"LIMA";"LIMA";"JESUS MARIA";"ESSALUD";"III-2";"00008720";"HOSPITAL NACIONAL EDGARDO REBAGLIATI MARTINS";"250100";"UNIDAD DE CUIDADOS CRITICOS UNIDAD  DE CUIDADOS INTENSIVOS GENERALES (UCI) ";"71";"35";"869";"1781";"61";"1830";"33"
"2023";"11";"150113";"LIMA";"LIMA";"JESUS MARIA";"ESSALUD";"III-2";"00008720";"HOSPITAL NACIONAL EDGARDO REBAGLIATI MARTINS";"250101";"UNIDAD DE CUIDADOS CRITICOS UNIDAD  DE CUIDADOS INTENSIVOS GENERALES (UCI) CARDIOLOGIA";"66";"28";"173";"447";"15";"450";"1"
"2023";"11";"150113";"LIMA";"LIMA";"JESUS MARIA";"ESSALUD";"III-2";"00008720";"HOSPITAL NACIONAL EDGARDO REBAGLIATI MARTINS";"250105";"UNIDAD DE CUIDADOS CRITICOS UNIDAD  DE CUIDADOS INTENSIVOS  (UCI) NEONATOLOGÍA";"10";"47";"1215";"930";"31";"930";"0"
"2023";"11";"150113";"LIMA";"LIMA";"JESUS MARIA";"ESSALUD";"III-2";"00008720";"HOSPITAL NACIONAL EDGARDO REBAGLIATI MARTINS";"250108";"UNIDAD DE CUIDADOS CRITICOS UNIDAD  DE CUIDADOS INTENSIVOS  (UCI) PEDIÁTRICA";"18";"2";"29";"338";"13";"390";"1"
"2023";"11";"220603";"SAN MARTIN";"MARISCAL CACERES";"HUICUNGO";"GOBIERNO REGIONAL";"I-3";"00006567";"HUICUNGO";"NE_0002";"";"NE_0002";"NE_0002";"NE_0002";"NE_0002";"NE_0002";"NE_0002";"NE_0002"
"2023";"11";"220504";"SAN MARTIN";"LAMAS";"CAYNARACHI";"GOBIERNO REGIONAL";"I-1";"00006421";"YUMBATOS";"NE_0001";"";"NE_0001";"NE_0001";"NE_0001";"NE_0001";"NE_0001";"NE_0001";"NE_0001"
"2023";"11";"220504";"SAN MARTIN";"LAMAS";"CAYNARACHI";"GOBIERNO REGIONAL";"I-4";"00006415";"PONGO DEL CAYNARACHI";"241600";"HOSPITALIZACIÓN QUIRÚRGICA OBSTETRICIA   ";"4";"4";"4";"5";"4";"120";"0"
"2023";"11";"220504";"SAN MARTIN";"LAMAS";"CAYNARACHI";"GOBIERNO REGIONAL";"I-1";"00019769";"NUEVO TOCACHE";"NE_0001";"";"NE_0001";"NE_0001";"NE_0001";"NE_0001";"NE_0001";"NE_0001";"NE_0001"
"2023";"11";"220504";"SAN MARTIN";"LAMAS";"CAYNARACHI";"GOBIERNO REGIONAL";"I-1";"00006416";"ALFONSO UGARTE";"NE_0001";"";"NE_0001";"NE_0001";"NE_0001";"NE_0001";"NE_0001";"NE_0001";"NE_0001"
"2023";"11";"220504";"SAN MARTIN";"LAMAS";"CAYNARACHI";"GOBIERNO REGIONAL";"I-2";"00006418";"ALIANZA";"NE_0001";"";"NE_0001";"NE_0001";"NE_0001";"NE_0001";"NE_0001";"NE_0001";"NE_0001"
"2023";"11";"220504";"SAN MARTIN";"LAMAS";"CAYNARACHI";"GOBIERNO REGIONAL";"I-1";"00006419";"BONILLA";"NE_0001";"";"NE_0001";"NE_0001";"NE_0001";"NE_0001";"NE_0001";"NE_0001";"NE_0001"
"2023";"11";"220504";"SAN MARTIN";"LAMAS";"CAYNARACHI";"GOBIERNO REGIONAL";"I-1";"00006420";"NUEVO LAMAS";"NE_0001";"";"NE_0001";"NE_0001";"NE_0001";"NE_0001";"NE_0001";"NE_0001";"NE_0001"
"2023";"11";"220504";"SAN MARTIN";"LAMAS";"CAYNARACHI";"GOBIERNO REGIONAL";"I-1";"00006422";"SAN JUAN DE SHANUSI";"NE_0001";"";"NE_0001";"NE_0001";"NE_0001";"NE_0001";"NE_0001";"NE_0001";"NE_0001"
"2023";"11";"220401";"SAN MARTIN";"HUALLAGA";"SAPOSOA";"GOBIERNO REGIONAL";"I-4";"00006529";"RURAL SAPOSOA";"241400";"HOSPITALIZACIÓN QUIRÚRGICA GINECO - OBSTETRICIA ";"23";"24";"42";"25";"2";"30";"0"
"2023";"11";"220401";"SAN MARTIN";"HUALLAGA";"SAPOSOA";"GOBIERNO REGIONAL";"I-4";"00006529";"RURAL SAPOSOA";"241800";"HOSPITALIZACIÓN DE MEDICINA MEDICINA GENERAL ";"38";"40";"110";"30";"14";"30";"0"
"2023";"11";"220404";"SAN MARTIN";"HUALLAGA";"PISCOYACU";"GOBIERNO REGIONAL";"I-1";"00006533";"PISCOYACU";"NE_0001";"";"NE_0001";"NE_0001";"NE_0001";"NE_0001";"NE_0001";"NE_0001";"NE_0001"
"2023";"11";"220401";"SAN MARTIN";"HUALLAGA";"SAPOSOA";"GOBIERNO REGIONAL";"I-1";"00021587";"ALTO PACHIZA";"NE_0001";"";"NE_0001";"NE_0001";"NE_0001";"NE_0001";"NE_0001";"NE_0001";"NE_0001"
"2023";"11";"220401";"SAN MARTIN";"HUALLAGA";"SAPOSOA";"GOBIERNO REGIONAL";"I-1";"00006532";"PALTAICO";"NE_0001";"";"NE_0001";"NE_0001";"NE_0001";"NE_0001";"NE_0001";"NE_0001";"NE_0001"
"2023";"11";"220401";"SAN MARTIN";"HUALLAGA";"SAPOSOA";"GOBIERNO REGIONAL";"I-3";"00006538";"EL DORADO";"241600";"HOSPITALIZACIÓN QUIRÚRGICA OBSTETRICIA   ";"1";"1";"2";"6";"4";"30";"0"
"2023";"11";"220401";"SAN MARTIN";"HUALLAGA";"SAPOSOA";"GOBIERNO REGIONAL";"I-1";"00006535";"SAN REGIS";"NE_0001";"";"NE_0001";"NE_0001";"NE_0001";"NE_0001";"NE_0001";"NE_0001";"NE_0001"
"2023";"11";"220401";"SAN MARTIN";"HUALLAGA";"SAPOSOA";"GOBIERNO REGIONAL";"I-1";"00006536";"INTIYACU";"NE_0001";"";"NE_0001";"NE_0001";"NE_0001";"NE_0001";"NE_0001";"NE_0001";"NE_0001"
"2023";"11";"220401";"SAN MARTIN";"HUALLAGA";"SAPOSOA";"GOBIERNO REGIONAL";"I-1";"00006537";"CHAMBIRA";"NE_0001";"";"NE_0001";"NE_0001";"NE_0001";"NE_0001";"NE_0001";"NE_0001";"NE_0001"
"2023";"11";"220402";"SAN MARTIN";"HUALLAGA";"ALTO SAPOSOA";"GOBIERNO REGIONAL";"I-2";"00006539";"PASARRAYA";"NE_0001";"";"NE_0001";"NE_0001";"NE_0001";"NE_0001";"NE_0001";"NE_0001";"NE_0001"
"2023";"11";"221001";"SAN MARTIN";"TOCACHE";"TOCACHE";"GOBIERNO REGIONAL";"II-1";"00006580";"HOSPITAL II-1 ""DR. JOSE PEÑA PORTUGUEZ "" - TOCACHE";"240100";"HOSPITALIZACIÓN QUIRÚRGICA CIRUGÍA GENERAL ";"62";"71";"357";"357";"15";"450";"0"
"2023";"11";"221001";"SAN MARTIN";"TOCACHE";"TOCACHE";"GOBIERNO REGIONAL";"II-1";"00006580";"HOSPITAL II-1 ""DR. JOSE PEÑA PORTUGUEZ "" - TOCACHE";"241400";"HOSPITALIZACIÓN QUIRÚRGICA GINECO - OBSTETRICIA ";"78";"82";"203";"203";"8";"240";"0"
"2023";"11";"221001";"SAN MARTIN";"TOCACHE";"TOCACHE";"GOBIERNO REGIONAL";"II-1";"00006580";"HOSPITAL II-1 ""DR. JOSE PEÑA PORTUGUEZ "" - TOCACHE";"241600";"HOSPITALIZACIÓN QUIRÚRGICA OBSTETRICIA   ";"67";"70";"108";"108";"15";"450";"0"
"2023";"11";"221001";"SAN MARTIN";"TOCACHE";"TOCACHE";"GOBIERNO REGIONAL";"II-1";"00006580";"HOSPITAL II-1 ""DR. JOSE PEÑA PORTUGUEZ "" - TOCACHE";"241800";"HOSPITALIZACIÓN DE MEDICINA MEDICINA GENERAL ";"24";"33";"217";"217";"11";"330";"3"
"2023";"11";"221001";"SAN MARTIN";"TOCACHE";"TOCACHE";"GOBIERNO REGIONAL";"II-1";"00006580";"HOSPITAL II-1 ""DR. JOSE PEÑA PORTUGUEZ "" - TOCACHE";"242500";"HOSPITALIZACIÓN-PEDIATRÍA GENERAL-";"7";"9";"66";"60";"4";"120";"0"
"2023";"11";"221001";"SAN MARTIN";"TOCACHE";"TOCACHE";"GOBIERNO REGIONAL";"II-1";"00006580";"HOSPITAL II-1 ""DR. JOSE PEÑA PORTUGUEZ "" - TOCACHE";"243200";"HOSPITALIZACIÓN DE PEDIATRÍA PEDIATRIA NEONATOLOGÍA";"13";"14";"57";"57";"11";"330";"0"
"2023";"11";"040101";"AREQUIPA";"AREQUIPA";"AREQUIPA";"PRIVADO";"II-E";"00013722";"CLINICA AREQUIPA S.A.";"240100";"HOSPITALIZACIÓN QUIRÚRGICA CIRUGÍA GENERAL ";"129";"126";"757";"641";"40";"1200";"0"
"2023";"11";"040101";"AREQUIPA";"AREQUIPA";"AREQUIPA";"PRIVADO";"II-E";"00013722";"CLINICA AREQUIPA S.A.";"241400";"HOSPITALIZACIÓN QUIRÚRGICA GINECO - OBSTETRICIA ";"58";"47";"99";"293";"28";"840";"0"
"2023";"11";"040101";"AREQUIPA";"AREQUIPA";"AREQUIPA";"PRIVADO";"II-E";"00013722";"CLINICA AREQUIPA S.A.";"241900";"HOSPITALIZACIÓN DE MEDICINA MEDICINA INTERNA ";"54";"53";"209";"284";"29";"870";"3"
"2023";"11";"070103";"CALLAO";"CALLAO";"CARMEN DE LA LEGUA-REYNOSO";"GOBIERNO REGIONAL";"I-3";"00006252";"CENTRO DE SALUD CARMEN DE LA LEGUA";"NE_0001";"";"NE_0001";"NE_0001";"NE_0001";"NE_0001";"NE_0001";"NE_0001";"NE_0001"
"2023";"11";"070104";"CALLAO";"CALLAO";"LA PERLA";"GOBIERNO REGIONAL";"I-2";"00006250";"PUESTO DE SALUD ALTA MAR";"NE_0001";"";"NE_0001";"NE_0001";"NE_0001";"NE_0001";"NE_0001";"NE_0001";"NE_0001"
"2023";"11";"070102";"CALLAO";"CALLAO";"BELLAVISTA";"GOBIERNO REGIONAL";"I-4";"00006249";"C.S. BELLAVISTA PERU COREA";"241600";"HOSPITALIZACIÓN QUIRÚRGICA OBSTETRICIA   ";"2";"2";"2";"60";"13";"390";"0"
"2023";"11";"200115";"PIURA";"PIURA";"VEINTISEIS DE OCTUBRE";"PRIVADO";"II-1";"00027260";"CLÍNICA BELLO HORIZONTE S.A.";"240000";"HOSPITALIZACIÓN";"66";"68";"109";"170";"16";"480";"0"
"2023";"11";"200115";"PIURA";"PIURA";"VEINTISEIS DE OCTUBRE";"PRIVADO";"II-1";"00027260";"CLÍNICA BELLO HORIZONTE S.A.";"250100";"UNIDAD DE CUIDADOS CRITICOS UNIDAD  DE CUIDADOS INTENSIVOS GENERALES (UCI) ";"2";"2";"3";"5";"4";"120";"0"
"2023";"11";"120114";"JUNIN";"HUANCAYO";"EL TAMBO";"PRIVADO";"II-1";"00025970";"CLINICA REBAGLIATI";"245400";"HOSPITALIZACIÓN DE MEDICINA GINECOLOGIA ";"1";"1";"2";"3";"4";"6";"0"
"2023";"09";"150135";"LIMA";"LIMA";"SAN MARTIN DE PORRES";"PRIVADO";"II-2";"00010603";"CLÍNICA MÉDICA CAYETANO HEREDIA";"240000";"HOSPITALIZACIÓN";"347";"352";"1192";"1121";"50";"1500";"2"
"2023";"09";"150135";"LIMA";"LIMA";"SAN MARTIN DE PORRES";"PRIVADO";"II-2";"00010603";"CLÍNICA MÉDICA CAYETANO HEREDIA";"250100";"UNIDAD DE CUIDADOS CRITICOS UNIDAD  DE CUIDADOS INTENSIVOS GENERALES (UCI) ";"12";"13";"68";"50";"9";"270";"1"
"2023";"09";"150135";"LIMA";"LIMA";"SAN MARTIN DE PORRES";"PRIVADO";"II-2";"00010603";"CLÍNICA MÉDICA CAYETANO HEREDIA";"250105";"UNIDAD DE CUIDADOS CRITICOS UNIDAD  DE CUIDADOS INTENSIVOS  (UCI) NEONATOLOGÍA";"10";"10";"52";"42";"4";"120";"0"
"2023";"09";"150135";"LIMA";"LIMA";"SAN MARTIN DE PORRES";"PRIVADO";"II-2";"00010603";"CLÍNICA MÉDICA CAYETANO HEREDIA";"250108";"UNIDAD DE CUIDADOS CRITICOS UNIDAD  DE CUIDADOS INTENSIVOS  (UCI) PEDIÁTRICA";"9";"7";"49";"71";"5";"150";"0"
"2023";"09";"120107";"JUNIN";"HUANCAYO";"CHILCA";"GOBIERNO REGIONAL";"I-4";"00000608";"CHILCA";"NE_0002";"";"NE_0002";"NE_0002";"NE_0002";"NE_0002";"NE_0002";"NE_0002";"NE_0002"
"2023";"09";"120136";"JUNIN";"HUANCAYO";"VIQUES";"GOBIERNO REGIONAL";"I-2";"00000635";"VIQUES";"NE_0001";"";"NE_0001";"NE_0001";"NE_0001";"NE_0001";"NE_0001";"NE_0001";"NE_0001"
"2023";"09";"120111";"JUNIN";"HUANCAYO";"CHUPURO";"GOBIERNO REGIONAL";"I-1";"00000614";"SOCOS";"NE_0001";"";"NE_0001";"NE_0001";"NE_0001";"NE_0001";"NE_0001";"NE_0001";"NE_0001"
"2023";"09";"120126";"JUNIN";"HUANCAYO";"PUCARA";"GOBIERNO REGIONAL";"I-3";"00000624";"PUCARA";"NE_0001";"";"NE_0001";"NE_0001";"NE_0001";"NE_0001";"NE_0001";"NE_0001";"NE_0001"
"2023";"09";"120113";"JUNIN";"HUANCAYO";"CULLHUAS";"GOBIERNO REGIONAL";"I-1";"00000617";"RETAMA BAJA";"NE_0001";"";"NE_0001";"NE_0001";"NE_0001";"NE_0001";"NE_0001";"NE_0001";"NE_0001"
"2023";"09";"120116";"JUNIN";"HUANCAYO";"HUACRAPUQUIO";"GOBIERNO REGIONAL";"I-2";"00000619";"HUACRAPUQUIO";"NE_0001";"";"NE_0001";"NE_0001";"NE_0001";"NE_0001";"NE_0001";"NE_0001";"NE_0001"
"2023";"09";"120121";"JUNIN";"HUANCAYO";"HUAYUCACHI";"GOBIERNO REGIONAL";"I-1";"00000623";"HUMANMARCA";"NE_0001";"";"NE_0001";"NE_0001";"NE_0001";"NE_0001";"NE_0001";"NE_0001";"NE_0001"
"2023";"09";"120126";"JUNIN";"HUANCAYO";"PUCARA";"GOBIERNO REGIONAL";"I-1";"00000628";"DOS DE MAYO";"NE_0001";"";"NE_0001";"NE_0001";"NE_0001";"NE_0001";"NE_0001";"NE_0001";"NE_0001"
"2023";"09";"120133";"JUNIN";"HUANCAYO";"SAPALLANGA";"GOBIERNO REGIONAL";"I-3";"00000629";"SAPALLANGA";"NE_0001";"";"NE_0001";"NE_0001";"NE_0001";"NE_0001";"NE_0001";"NE_0001";"NE_0001"
"2023";"09";"120111";"JUNIN";"HUANCAYO";"CHUPURO";"GOBIERNO REGIONAL";"I-2";"00000612";"CHUPURO";"NE_0001";"";"NE_0001";"NE_0001";"NE_0001";"NE_0001";"NE_0001";"NE_0001";"NE_0001"
"2023";"09";"120126";"JUNIN";"HUANCAYO";"PUCARA";"GOBIERNO REGIONAL";"I-2";"00000625";"MARCAVALLE";"NE_0001";"";"NE_0001";"NE_0001";"NE_0001";"NE_0001";"NE_0001";"NE_0001";"NE_0001"
"2023";"09";"120126";"JUNIN";"HUANCAYO";"PUCARA";"GOBIERNO REGIONAL";"I-1";"00000627";"JATUN SUCLLA";"NE_0001";"";"NE_0001";"NE_0001";"NE_0001";"NE_0001";"NE_0001";"NE_0001";"NE_0001"
"2023";"09";"120119";"JUNIN";"HUANCAYO";"HUANCAN";"GOBIERNO REGIONAL";"I-3";"00000620";"HUANCAN";"NE_0001";"";"NE_0001";"NE_0001";"NE_0001";"NE_0001";"NE_0001";"NE_0001";"NE_0001"
"2023";"09";"120126";"JUNIN";"HUANCAYO";"PUCARA";"GOBIERNO REGIONAL";"I-1";"00000626";"RAQUINA";"NE_0001";"";"NE_0001";"NE_0001";"NE_0001";"NE_0001";"NE_0001";"NE_0001";"NE_0001"
"2023";"09";"120133";"JUNIN";"HUANCAYO";"SAPALLANGA";"GOBIERNO REGIONAL";"I-2";"00000630";"LA PUNTA";"NE_0001";"";"NE_0001";"NE_0001";"NE_0001";"NE_0001";"NE_0001";"NE_0001";"NE_0001"
"2023";"09";"120133";"JUNIN";"HUANCAYO";"SAPALLANGA";"GOBIERNO REGIONAL";"I-1";"00000634";"HUAYLLASPANCA";"NE_0001";"";"NE_0001";"NE_0001";"NE_0001";"NE_0001";"NE_0001";"NE_0001";"NE_0001"
"2023";"09";"120111";"JUNIN";"HUANCAYO";"CHUPURO";"GOBIERNO REGIONAL";"I-1";"00000613";"CARHUAPACCHA";"NE_0001";"";"NE_0001";"NE_0001";"NE_0001";"NE_0001";"NE_0001";"NE_0001";"NE_0001"
"2023";"09";"120113";"JUNIN";"HUANCAYO";"CULLHUAS";"GOBIERNO REGIONAL";"I-1";"00000616";"PIHUAS";"NE_0001";"";"NE_0001";"NE_0001";"NE_0001";"NE_0001";"NE_0001";"NE_0001";"NE_0001"
"2023";"09";"120121";"JUNIN";"HUANCAYO";"HUAYUCACHI";"GOBIERNO REGIONAL";"I-3";"00000622";"HUAYUCACHI";"NE_0001";"";"NE_0001";"NE_0001";"NE_0001";"NE_0001";"NE_0001";"NE_0001";"NE_0001"
"2023";"09";"120133";"JUNIN";"HUANCAYO";"SAPALLANGA";"GOBIERNO REGIONAL";"I-1";"00000631";"COCHARCAS";"NE_0001";"";"NE_0001";"NE_0001";"NE_0001";"NE_0001";"NE_0001";"NE_0001";"NE_0001"
"2023";"09";"120113";"JUNIN";"HUANCAYO";"CULLHUAS";"GOBIERNO REGIONAL";"I-1";"00012469";"CHUAMBA";"NE_0001";"";"NE_0001";"NE_0001";"NE_0001";"NE_0001";"NE_0001";"NE_0001";"NE_0001"
"2023";"09";"120107";"JUNIN";"HUANCAYO";"CHILCA";"GOBIERNO REGIONAL";"I-2";"00000609";"AZAPAMPA";"NE_0001";"";"NE_0001";"NE_0001";"NE_0001";"NE_0001";"NE_0001";"NE_0001";"NE_0001"
"2023";"09";"120107";"JUNIN";"HUANCAYO";"CHILCA";"GOBIERNO REGIONAL";"I-3";"00000610";"AUQUIMARCA";"NE_0001";"";"NE_0001";"NE_0001";"NE_0001";"NE_0001";"NE_0001";"NE_0001";"NE_0001"
"2023";"09";"120107";"JUNIN";"HUANCAYO";"CHILCA";"GOBIERNO REGIONAL";"I-2";"00000611";"LA ESPERANZA";"NE_0001";"";"NE_0001";"NE_0001";"NE_0001";"NE_0001";"NE_0001";"NE_0001";"NE_0001"
"2023";"09";"120113";"JUNIN";"HUANCAYO";"CULLHUAS";"GOBIERNO REGIONAL";"I-2";"00000615";"CULLHUAS";"NE_0001";"";"NE_0001";"NE_0001";"NE_0001";"NE_0001";"NE_0001";"NE_0001";"NE_0001"
"2023";"09";"120119";"JUNIN";"HUANCAYO";"HUANCAN";"GOBIERNO REGIONAL";"I-2";"00000621";"HUARI";"NE_0001";"";"NE_0001";"NE_0001";"NE_0001";"NE_0001";"NE_0001";"NE_0001";"NE_0001"
"2023";"09";"120133";"JUNIN";"HUANCAYO";"SAPALLANGA";"GOBIERNO REGIONAL";"I-1";"00000632";"MILUCHACA";"NE_0001";"";"NE_0001";"NE_0001";"NE_0001";"NE_0001";"NE_0001";"NE_0001";"NE_0001"
"2023";"09";"120133";"JUNIN";"HUANCAYO";"SAPALLANGA";"GOBIERNO REGIONAL";"I-1";"00000633";"MIRAFLORES";"NE_0001";"";"NE_0001";"NE_0001";"NE_0001";"NE_0001";"NE_0001";"NE_0001";"NE_0001"
"2023";"09";"120112";"JUNIN";"HUANCAYO";"COLCA";"GOBIERNO REGIONAL";"I-1";"00000702";"SANTA CRUZ DE LARIA";"NE_0001";"";"NE_0001";"NE_0001";"NE_0001";"NE_0001";"NE_0001";"NE_0001";"NE_0001"
"2023";"10";"240103";"TUMBES";"TUMBES";"LA CRUZ";"ESSALUD";"I-2";"00012274";"POSTA MEDICA LA CRUZ";"NE_0001";"";"NE_0001";"NE_0001";"NE_0001";"NE_0001";"NE_0001";"NE_0001";"NE_0001"
"2023";"10";"220201";"SAN MARTIN";"BELLAVISTA";"BELLAVISTA";"ESSALUD";"I-2";"00016482";"POSTA MEDICA BELLAVISTA - ESSALUD";"NE_0001";"";"NE_0001";"NE_0001";"NE_0001";"NE_0001";"NE_0001";"NE_0001";"NE_0001"
"2023";"10";"130906";"LA LIBERTAD";"SANCHEZ CARRION";"SANAGORAN";"GOBIERNO REGIONAL";"I-2";"00007240";"HUALASGOSDAY";"NE_0001";"";"NE_0001";"NE_0001";"NE_0001";"NE_0001";"NE_0001";"NE_0001";"NE_0001"
"2023";"10";"130906";"LA LIBERTAD";"SANCHEZ CARRION";"SANAGORAN";"GOBIERNO REGIONAL";"I-2";"00007241";"CORRAL GRANDE";"NE_0001";"";"NE_0001";"NE_0001";"NE_0001";"NE_0001";"NE_0001";"NE_0001";"NE_0001"
"2023";"10";"150122";"LIMA";"LIMA";"MIRAFLORES";"PRIVADO";"III-2";"00008956";"CLINICA DEL INCA";"240000";"HOSPITALIZACIÓN";"7";"8";"21";"20";"14";"434";"0"
"2023";"10";"150122";"LIMA";"LIMA";"MIRAFLORES";"PRIVADO";"III-2";"00008956";"CLINICA DEL INCA";"250100";"UNIDAD DE CUIDADOS CRITICOS UNIDAD  DE CUIDADOS INTENSIVOS GENERALES (UCI) ";"1";"0";"0";"4";"5";"155";"0"
"2023";"10";"150133";"LIMA";"LIMA";"SAN JUAN DE MIRAFLORES";"PRIVADO";"II-2";"00018985";"CLINICA SANTA MARTHA DEL SUR";"240000";"HOSPITALIZACIÓN";"228";"217";"620";"1773";"82";"2542";"1"
"2023";"10";"150133";"LIMA";"LIMA";"SAN JUAN DE MIRAFLORES";"PRIVADO";"II-2";"00018985";"CLINICA SANTA MARTHA DEL SUR";"250100";"UNIDAD DE CUIDADOS CRITICOS UNIDAD  DE CUIDADOS INTENSIVOS GENERALES (UCI) ";"23";"23";"38";"60";"8";"248";"0"
"2023";"11";"210101";"PUNO";"PUNO";"PUNO";"SANIDAD DE LA POLICIA NACIONAL DEL PERU";"I-3";"00010235";"UNIDAD EJECUTORA 020-1067 SANIDAD DE LA PNP";"NE_0001";"";"NE_0001";"NE_0001";"NE_0001";"NE_0001";"NE_0001";"NE_0001";"NE_0001"
"2023";"11";"021809";"ANCASH";"SANTA";"NUEVO CHIMBOTE";"GOBIERNO REGIONAL";"I-2";"00001705";"PUESTO DE SALUD 3 DE OCTUBRE";"NE_0001";"";"NE_0001";"NE_0001";"NE_0001";"NE_0001";"NE_0001";"NE_0001";"NE_0001"
"2023";"11";"021802";"ANCASH";"SANTA";"CACERES DEL PERU";"GOBIERNO REGIONAL";"I-1";"00001709";"PUESTO DE SALUD LAMPANIN";"NE_0001";"";"NE_0001";"NE_0001";"NE_0001";"NE_0001";"NE_0001";"NE_0001";"NE_0001"
"2023";"11";"021805";"ANCASH";"SANTA";"MORO";"GOBIERNO REGIONAL";"I-3";"00001716";"CENTRO DE SALUD MORO";"NE_0001";"";"NE_0001";"NE_0001";"NE_0001";"NE_0001";"NE_0001";"NE_0001";"NE_0001"
"2023";"11";"022005";"ANCASH";"YUNGAY";"QUILLO";"GOBIERNO REGIONAL";"I-1";"00001737";"PUESTO DE SALUD PAMPACANCHA";"NE_0001";"";"NE_0001";"NE_0001";"NE_0001";"NE_0001";"NE_0001";"NE_0001";"NE_0001"
"2023";"11";"020104";"ANCASH";"HUARAZ";"HUANCHAY";"GOBIERNO REGIONAL";"I-2";"00001748";"PUESTO DE SALUD HUANCHAY HZ";"NE_0001";"";"NE_0001";"NE_0001";"NE_0001";"NE_0001";"NE_0001";"NE_0001";"NE_0001"
"2023";"11";"021809";"ANCASH";"SANTA";"NUEVO CHIMBOTE";"GOBIERNO REGIONAL";"I-2";"00007266";"PUESTO DE SALUD NICOLAS DE GARATEA";"NE_0001";"";"NE_0001";"NE_0001";"NE_0001";"NE_0001";"NE_0001";"NE_0001";"NE_0001"
"2023";"11";"020801";"ANCASH";"CASMA";"CASMA";"GOBIERNO REGIONAL";"I-2";"00031617";"PUESTO DE SALUD VILLA HERMOSA";"NE_0001";"";"NE_0001";"NE_0001";"NE_0001";"NE_0001";"NE_0001";"NE_0001";"NE_0001"
"2023";"11";"021809";"ANCASH";"SANTA";"NUEVO CHIMBOTE";"GOBIERNO REGIONAL";"I-4";"00001704";"CENTRO DE SALUD YUGOSLAVIA";"NE_0001";"";"NE_0001";"NE_0001";"NE_0001";"NE_0001";"NE_0001";"NE_0001";"NE_0001"
"2023";"11";"021809";"ANCASH";"SANTA";"NUEVO CHIMBOTE";"GOBIERNO REGIONAL";"I-2";"00001706";"PUESTO DE SALUD VILLA MARIA";"NE_0001";"";"NE_0001";"NE_0001";"NE_0001";"NE_0001";"NE_0001";"NE_0001";"NE_0001"
"2023";"11";"021802";"ANCASH";"SANTA";"CACERES DEL PERU";"GOBIERNO REGIONAL";"I-2";"00001708";"PUESTO DE SALUD JIMBE";"NE_0001";"";"NE_0001";"NE_0001";"NE_0001";"NE_0001";"NE_0001";"NE_0001";"NE_0001"
"2023";"11";"021807";"ANCASH";"SANTA";"SAMANCO";"GOBIERNO REGIONAL";"I-2";"00001711";"PUESTO DE SALUD SAMANCO";"NE_0001";"";"NE_0001";"NE_0001";"NE_0001";"NE_0001";"NE_0001";"NE_0001";"NE_0001"
"2023";"11";"021806";"ANCASH";"SANTA";"NEPEÑA";"GOBIERNO REGIONAL";"I-3";"00001714";"CENTRO DE SALUD NEPEÑA";"NE_0001";"";"NE_0001";"NE_0001";"NE_0001";"NE_0001";"NE_0001";"NE_0001";"NE_0001"
"2023";"11";"021805";"ANCASH";"SANTA";"MORO";"GOBIERNO REGIONAL";"I-1";"00001717";"PUESTO DE SALUD POCOS";"NE_0001";"";"NE_0001";"NE_0001";"NE_0001";"NE_0001";"NE_0001";"NE_0001";"NE_0001"
"2023";"11";"020802";"ANCASH";"CASMA";"BUENA VISTA ALTA";"GOBIERNO REGIONAL";"I-2";"00001724";"PUESTO DE SALUD HUANCHUY";"NE_0001";"";"NE_0001";"NE_0001";"NE_0001";"NE_0001";"NE_0001";"NE_0001";"NE_0001"
"2023";"11";"020804";"ANCASH";"CASMA";"YAUTAN";"GOBIERNO REGIONAL";"I-4";"00001728";"CENTRO DE SALUD YAUTAN";"NE_0001";"";"NE_0001";"NE_0001";"NE_0001";"NE_0001";"NE_0001";"NE_0001";"NE_0001"
"2023";"11";"021103";"ANCASH";"HUARMEY";"CULEBRAS";"GOBIERNO REGIONAL";"I-1";"00001745";"PUESTO DE SALUD MOLINO";"NE_0001";"";"NE_0001";"NE_0001";"NE_0001";"NE_0001";"NE_0001";"NE_0001";"NE_0001"
"2023";"11";"021104";"ANCASH";"HUARMEY";"HUAYAN";"GOBIERNO REGIONAL";"I-2";"00001752";"PUESTO DE SALUD HUAYAN";"NE_0001";"";"NE_0001";"NE_0001";"NE_0001";"NE_0001";"NE_0001";"NE_0001";"NE_0001"
"2023";"11";"020102";"ANCASH";"HUARAZ";"COCHABAMBA";"GOBIERNO REGIONAL";"I-1";"00001731";"PUESTO DE SALUD CHIPRE";"NE_0001";"";"NE_0001";"NE_0001";"NE_0001";"NE_0001";"NE_0001";"NE_0001";"NE_0001"
"2023";"11";"020103";"ANCASH";"HUARAZ";"COLCABAMBA";"GOBIERNO REGIONAL";"I-1";"00001733";"COLCABAMBA";"NE_0001";"";"NE_0001";"NE_0001";"NE_0001";"NE_0001";"NE_0001";"NE_0001";"NE_0001"
"2023";"11";"021101";"ANCASH";"HUARMEY";"HUARMEY";"GOBIERNO REGIONAL";"I-3";"00001744";"CENTRO DE SALUD LA VICTORIA";"NE_0001";"";"NE_0001";"NE_0001";"NE_0001";"NE_0001";"NE_0001";"NE_0001";"NE_0001"
"2023";"11";"020802";"ANCASH";"CASMA";"BUENA VISTA ALTA";"GOBIERNO REGIONAL";"I-3";"00001723";"CENTRO DE SALUD BUENAVISTA";"NE_0001";"";"NE_0001";"NE_0001";"NE_0001";"NE_0001";"NE_0001";"NE_0001";"NE_0001"
"2023";"11";"020803";"ANCASH";"CASMA";"COMANDANTE NOEL";"GOBIERNO REGIONAL";"I-1";"00001726";"PUESTO DE SALUD COMANDANTE NOEL";"NE_0001";"";"NE_0001";"NE_0001";"NE_0001";"NE_0001";"NE_0001";"NE_0001";"NE_0001"
"2023";"11";"020110";"ANCASH";"HUARAZ";"PARIACOTO";"GOBIERNO REGIONAL";"I-1";"00001735";"PUESTO DE SALUD FORTALEZA";"NE_0001";"";"NE_0001";"NE_0001";"NE_0001";"NE_0001";"NE_0001";"NE_0001";"NE_0001"
"2023";"11";"021105";"ANCASH";"HUARMEY";"MALVAS";"GOBIERNO REGIONAL";"I-1";"00001801";"PUESTO DE SALUD SAN MIGUEL";"NE_0001";"";"NE_0001";"NE_0001";"NE_0001";"NE_0001";"NE_0001";"NE_0001";"NE_0001"
"2023";"11";"021809";"ANCASH";"SANTA";"NUEVO CHIMBOTE";"GOBIERNO REGIONAL";"I-2";"00001707";"PUESTO DE SALUD SATELITE";"NE_0001";"";"NE_0001";"NE_0001";"NE_0001";"NE_0001";"NE_0001";"NE_0001";"NE_0001"
"2023";"11";"020801";"ANCASH";"CASMA";"CASMA";"GOBIERNO REGIONAL";"I-1";"00001721";"PUESTO DE SALUD LA GRAMITA";"NE_0001";"";"NE_0001";"NE_0001";"NE_0001";"NE_0001";"NE_0001";"NE_0001";"NE_0001"
"2023";"11";"021101";"ANCASH";"HUARMEY";"HUARMEY";"GOBIERNO REGIONAL";"I-2";"00001742";"PUESTO DE SALUD PUERTO HUARMEY";"NE_0001";"";"NE_0001";"NE_0001";"NE_0001";"NE_0001";"NE_0001";"NE_0001";"NE_0001"
"2023";"11";"021105";"ANCASH";"HUARMEY";"MALVAS";"GOBIERNO REGIONAL";"I-1";"00001753";"PUESTO DE SALUD MALVAS";"NE_0001";"";"NE_0001";"NE_0001";"NE_0001";"NE_0001";"NE_0001";"NE_0001";"NE_0001"
"2023";"11";"020801";"ANCASH";"CASMA";"CASMA";"GOBIERNO REGIONAL";"I-1";"00001720";"PUESTO DE SALUD SAN RAFAEL";"NE_0001";"";"NE_0001";"NE_0001";"NE_0001";"NE_0001";"NE_0001";"NE_0001";"NE_0001"
"2023";"11";"020801";"ANCASH";"CASMA";"CASMA";"GOBIERNO REGIONAL";"I-1";"00001722";"PUESTO DE SALUD CASA BLANCA";"NE_0001";"";"NE_0001";"NE_0001";"NE_0001";"NE_0001";"NE_0001";"NE_0001";"NE_0001"
"2023";"11";"020102";"ANCASH";"HUARAZ";"COCHABAMBA";"GOBIERNO REGIONAL";"I-1";"00001732";"PUESTO DE SALUD PUMA PUCLLANAN";"NE_0001";"";"NE_0001";"NE_0001";"NE_0001";"NE_0001";"NE_0001";"NE_0001";"NE_0001"
"2023";"11";"020110";"ANCASH";"HUARAZ";"PARIACOTO";"GOBIERNO REGIONAL";"I-1";"00001736";"PUESTO DE SALUD CHACCHAN";"NE_0001";"";"NE_0001";"NE_0001";"NE_0001";"NE_0001";"NE_0001";"NE_0001";"NE_0001"
"2023";"11";"021807";"ANCASH";"SANTA";"SAMANCO";"GOBIERNO REGIONAL";"I-1";"00001712";"PUESTO DE SALUD LOS CHIMUS";"NE_0001";"";"NE_0001";"NE_0001";"NE_0001";"NE_0001";"NE_0001";"NE_0001";"NE_0001"
"2023";"10";"100605";"HUANUCO";"LEONCIO PRADO";"LUYANDO";"GOBIERNO REGIONAL";"II-1";"00000932";"HOSPITAL DE TINGO MARIA (HOSPITAL DE CONTINGENCIA)";"241800";"HOSPITALIZACIÓN DE MEDICINA MEDICINA GENERAL ";"77";"77";"800";"503";"10";"510";"10"
"2023";"10";"100605";"HUANUCO";"LEONCIO PRADO";"LUYANDO";"GOBIERNO REGIONAL";"II-1";"00000932";"HOSPITAL DE TINGO MARIA (HOSPITAL DE CONTINGENCIA)";"240100";"HOSPITALIZACIÓN QUIRÚRGICA CIRUGÍA GENERAL ";"72";"70";"420";"338";"16";"499";"0"
"2023";"10";"100605";"HUANUCO";"LEONCIO PRADO";"LUYANDO";"GOBIERNO REGIONAL";"II-1";"00000932";"HOSPITAL DE TINGO MARIA (HOSPITAL DE CONTINGENCIA)";"243200";"HOSPITALIZACIÓN DE PEDIATRÍA PEDIATRIA NEONATOLOGÍA";"26";"26";"120";"134";"10";"310";"1"
"2023";"10";"100605";"HUANUCO";"LEONCIO PRADO";"LUYANDO";"GOBIERNO REGIONAL";"II-1";"00000932";"HOSPITAL DE TINGO MARIA (HOSPITAL DE CONTINGENCIA)";"242500";"HOSPITALIZACIÓN-PEDIATRÍA GENERAL-";"17";"21";"85";"70";"8";"248";"0"
"2023";"10";"100605";"HUANUCO";"LEONCIO PRADO";"LUYANDO";"GOBIERNO REGIONAL";"II-1";"00000932";"HOSPITAL DE TINGO MARIA (HOSPITAL DE CONTINGENCIA)";"241400";"HOSPITALIZACIÓN QUIRÚRGICA GINECO - OBSTETRICIA ";"314";"262";"601";"561";"25";"780";"0"
"2023";"10";"100605";"HUANUCO";"LEONCIO PRADO";"LUYANDO";"GOBIERNO REGIONAL";"II-1";"00000932";"HOSPITAL DE TINGO MARIA (HOSPITAL DE CONTINGENCIA)";"250200";"UNIDAD DE CUIDADOS CRITICOS UNIDAD DE CUIDADOS INTERMEDIOS GENERAL  (UCIN) ";"5";"2";"16";"27";"9";"279";"2"
"2023";"10";"100605";"HUANUCO";"LEONCIO PRADO";"LUYANDO";"GOBIERNO REGIONAL";"II-1";"00000932";"HOSPITAL DE TINGO MARIA (HOSPITAL DE CONTINGENCIA)";"250304";"HOSPIT. EN UNIDAD DE CUID.INTEN.-UNIDAD DE VIGILANCIA INTENSIVA (UVI)-MEDICINA";"7";"5";"38";"74";"6";"186";"2"
"2023";"10";"100605";"HUANUCO";"LEONCIO PRADO";"LUYANDO";"GOBIERNO REGIONAL";"II-1";"00000932";"HOSPITAL DE TINGO MARIA (HOSPITAL DE CONTINGENCIA)";"242205";"HOSPITALIZACIÓN MEDICINA PSIQUIATRÍA PISIQUIATRIA/ SALUD MENTAL Y ADICCIONES";"11";"9";"305";"248";"10";"310";"0"
"2023";"10";"120708";"JUNIN";"TARMA";"SAN PEDRO DE CAJAS";"GOBIERNO REGIONAL";"I-1";"00000535";"SAN JOSE DE CAYASH";"NE_0001";"";"NE_0001";"NE_0001";"NE_0001";"NE_0001";"NE_0001";"NE_0001";"NE_0001"
"2023";"10";"120708";"JUNIN";"TARMA";"SAN PEDRO DE CAJAS";"GOBIERNO REGIONAL";"I-1";"00010344";"PURHUARACRA";"NE_0001";"";"NE_0001";"NE_0001";"NE_0001";"NE_0001";"NE_0001";"NE_0001";"NE_0001"
"2023";"10";"120708";"JUNIN";"TARMA";"SAN PEDRO DE CAJAS";"GOBIERNO REGIONAL";"I-3";"00000534";"SAN PEDRO DE CAJAS";"NE_0001";"";"NE_0001";"NE_0001";"NE_0001";"NE_0001";"NE_0001";"NE_0001";"NE_0001"
"2023";"10";"150113";"LIMA";"LIMA";"JESUS MARIA";"SANIDAD DEL EJERCITO DEL PERU";"III-1";"00017024";"HOSPITAL  MILITAR LUIS ARIAS SCHEREIBER";"240100";"HOSPITALIZACIÓN QUIRÚRGICA CIRUGÍA GENERAL ";"81";"72";"948";"1030";"66";"2046";"5"
"2023";"10";"150113";"LIMA";"LIMA";"JESUS MARIA";"SANIDAD DEL EJERCITO DEL PERU";"III-1";"00017024";"HOSPITAL  MILITAR LUIS ARIAS SCHEREIBER";"240800";"HOSPITALIZACIÓN QUIRÚRGICA CIRUGÍA PLÁSTICA/RECONSTRUCTIVA/ REPARADORA ";"19";"21";"193";"227";"9";"279";"0"
"2023";"10";"150113";"LIMA";"LIMA";"JESUS MARIA";"SANIDAD DEL EJERCITO DEL PERU";"III-1";"00017024";"HOSPITAL  MILITAR LUIS ARIAS SCHEREIBER";"240900";"HOSPITALIZACIÓN QUIRÚRGICA NEUROCIRUGÍA ";"10";"8";"80";"389";"15";"465";"0"
"2023";"10";"150113";"LIMA";"LIMA";"JESUS MARIA";"SANIDAD DEL EJERCITO DEL PERU";"III-1";"00017024";"HOSPITAL  MILITAR LUIS ARIAS SCHEREIBER";"241200";"HOSPITALIZACIÓN QUIRÚRGICA TRAUMATOLOGÍA Y ORTOPEDIA ";"46";"55";"1000";"850";"63";"1953";"0"
"2023";"10";"150113";"LIMA";"LIMA";"JESUS MARIA";"SANIDAD DEL EJERCITO DEL PERU";"III-1";"00017024";"HOSPITAL  MILITAR LUIS ARIAS SCHEREIBER";"241300";"HOSPITALIZACIÓN QUIRÚRGICA UROLOGÍA  ";"21";"21";"138";"222";"8";"248";"0"
"2023";"10";"150113";"LIMA";"LIMA";"JESUS MARIA";"SANIDAD DEL EJERCITO DEL PERU";"III-1";"00017024";"HOSPITAL  MILITAR LUIS ARIAS SCHEREIBER";"241400";"HOSPITALIZACIÓN QUIRÚRGICA GINECO - OBSTETRICIA ";"39";"38";"161";"147";"11";"341";"0"
"2023";"10";"150113";"LIMA";"LIMA";"JESUS MARIA";"SANIDAD DEL EJERCITO DEL PERU";"III-1";"00017024";"HOSPITAL  MILITAR LUIS ARIAS SCHEREIBER";"241900";"HOSPITALIZACIÓN DE MEDICINA MEDICINA INTERNA ";"113";"110";"1682";"1487";"80";"2480";"8"
"2023";"10";"150113";"LIMA";"LIMA";"JESUS MARIA";"SANIDAD DEL EJERCITO DEL PERU";"III-1";"00017024";"HOSPITAL  MILITAR LUIS ARIAS SCHEREIBER";"242100";"HOSPITALIZACIÓN DE MEDICINA ONCOLOGÍA MÉDICA ";"23";"21";"155";"202";"9";"279";"4"
"2023";"10";"150113";"LIMA";"LIMA";"JESUS MARIA";"SANIDAD DEL EJERCITO DEL PERU";"III-1";"00017024";"HOSPITAL  MILITAR LUIS ARIAS SCHEREIBER";"242200";"HOSPITALIZACIÓN DE MEDICINA PSIQUIATRÍA ";"14";"16";"182";"228";"18";"558";"0"
"2023";"10";"150113";"LIMA";"LIMA";"JESUS MARIA";"SANIDAD DEL EJERCITO DEL PERU";"III-1";"00017024";"HOSPITAL  MILITAR LUIS ARIAS SCHEREIBER";"242300";"HOSPITALIZACIÓN DE PEDIATRÍA  PEDIATRÍA  GENERAL ";"9";"10";"35";"27";"13";"403";"0"
"2023";"10";"150113";"LIMA";"LIMA";"JESUS MARIA";"SANIDAD DEL EJERCITO DEL PERU";"III-1";"00017024";"HOSPITAL  MILITAR LUIS ARIAS SCHEREIBER";"243200";"HOSPITALIZACIÓN DE PEDIATRÍA PEDIATRIA NEONATOLOGÍA";"11";"12";"66";"38";"15";"465";"0"
"2023";"10";"150113";"LIMA";"LIMA";"JESUS MARIA";"SANIDAD DEL EJERCITO DEL PERU";"III-1";"00017024";"HOSPITAL  MILITAR LUIS ARIAS SCHEREIBER";"244300";"HOSPITALIZACIÓN DE MEDICINA GASTROENTEROLOGÍA  ";"24";"19";"209";"271";"14";"434";"1"
"2023";"10";"150113";"LIMA";"LIMA";"JESUS MARIA";"SANIDAD DEL EJERCITO DEL PERU";"III-1";"00017024";"HOSPITAL  MILITAR LUIS ARIAS SCHEREIBER";"244700";"HOSPITALIZACIÓN DE MEDICINA NEUROLOGIA  ";"14";"8";"90";"300";"13";"403";"0"
"2023";"10";"150113";"LIMA";"LIMA";"JESUS MARIA";"SANIDAD DEL EJERCITO DEL PERU";"III-1";"00017024";"HOSPITAL  MILITAR LUIS ARIAS SCHEREIBER";"245300";"HOSPITALIZACIÓN DE MEDICINA NEUMOLOGÍA  ";"12";"15";"405";"391";"29";"899";"0"
"2023";"10";"150113";"LIMA";"LIMA";"JESUS MARIA";"SANIDAD DEL EJERCITO DEL PERU";"III-1";"00017024";"HOSPITAL  MILITAR LUIS ARIAS SCHEREIBER";"250101";"UNIDAD DE CUIDADOS CRITICOS UNIDAD  DE CUIDADOS INTENSIVOS GENERALES (UCI) CARDIOLOGIA";"10";"12";"152";"75";"6";"186";"1"
"2023";"10";"150113";"LIMA";"LIMA";"JESUS MARIA";"SANIDAD DEL EJERCITO DEL PERU";"III-1";"00017024";"HOSPITAL  MILITAR LUIS ARIAS SCHEREIBER";"250103";"UNIDAD DE CUIDADOS CRITICOS UNIDAD  DE CUIDADOS INTENSIVOS GENERALES  (UCI) MEDICINA";"5";"3";"95";"106";"7";"217";"3"
"2023";"10";"211201";"PUNO";"SANDIA";"SANDIA";"MINSA";"II-1";"00003335";"HOSPITAL SANDIA";"240100";"HOSPITALIZACIÓN QUIRÚRGICA CIRUGÍA GENERAL ";"4";"4";"7";"7";"3";"93";"0"
"2023";"10";"211201";"PUNO";"SANDIA";"SANDIA";"MINSA";"II-1";"00003335";"HOSPITAL SANDIA";"241400";"HOSPITALIZACIÓN QUIRÚRGICA GINECO - OBSTETRICIA ";"20";"20";"42";"42";"3";"93";"0"
"2023";"10";"211201";"PUNO";"SANDIA";"SANDIA";"MINSA";"II-1";"00003335";"HOSPITAL SANDIA";"241600";"HOSPITALIZACIÓN QUIRÚRGICA OBSTETRICIA   ";"6";"7";"9";"9";"4";"124";"0"
"2023";"10";"211201";"PUNO";"SANDIA";"SANDIA";"MINSA";"II-1";"00003335";"HOSPITAL SANDIA";"241800";"HOSPITALIZACIÓN DE MEDICINA MEDICINA GENERAL ";"24";"26";"109";"109";"6";"186";"0"
"2023";"10";"211201";"PUNO";"SANDIA";"SANDIA";"MINSA";"II-1";"00003335";"HOSPITAL SANDIA";"242500";"HOSPITALIZACIÓN-PEDIATRÍA GENERAL-";"5";"5";"12";"12";"4";"124";"0"
"2023";"10";"100601";"HUANUCO";"LEONCIO PRADO";"RUPA-RUPA";"ESSALUD";"II-1";"00009180";"HOSPITAL I TINGO MARIA";"240100";"HOSPITALIZACIÓN QUIRÚRGICA CIRUGÍA GENERAL ";"31";"29";"78";"83";"5";"155";"0"
"2023";"10";"100601";"HUANUCO";"LEONCIO PRADO";"RUPA-RUPA";"ESSALUD";"II-1";"00009180";"HOSPITAL I TINGO MARIA";"241500";"HOSPITALIZACIÓN QUIRÚRGICA GINECOLOGÍA  ";"36";"43";"120";"124";"4";"124";"0"
"2023";"10";"100601";"HUANUCO";"LEONCIO PRADO";"RUPA-RUPA";"ESSALUD";"II-1";"00009180";"HOSPITAL I TINGO MARIA";"241600";"HOSPITALIZACIÓN QUIRÚRGICA OBSTETRICIA   ";"28";"21";"37";"39";"3";"93";"0"
"2023";"10";"100601";"HUANUCO";"LEONCIO PRADO";"RUPA-RUPA";"ESSALUD";"II-1";"00009180";"HOSPITAL I TINGO MARIA";"242300";"HOSPITALIZACIÓN DE PEDIATRÍA  PEDIATRÍA  GENERAL ";"54";"58";"160";"160";"6";"186";"0"
"2023";"11";"150131";"LIMA";"LIMA";"SAN ISIDRO";"SANIDAD DE LA POLICIA NACIONAL DEL PERU";"I-3";"00012740";"POLICLINICO POLICIAL MININTER";"NE_0001";"";"NE_0001";"NE_0001";"NE_0001";"NE_0001";"NE_0001";"NE_0001";"NE_0001"
"2023";"11";"060812";"CAJAMARCA";"JAEN";"SANTA ROSA";"GOBIERNO REGIONAL";"I-3";"00004262";"PUENTECILLOS";"NE_0001";"";"NE_0001";"NE_0001";"NE_0001";"NE_0001";"NE_0001";"NE_0001";"NE_0001"
"2023";"11";"060801";"CAJAMARCA";"JAEN";"JAEN";"PRIVADO";"II-1";"00015266";"CLINICA Y BOTICA SAN JUAN";"240000";"HOSPITALIZACIÓN";"52";"55";"95";"55";"12";"336";"0"
"2023";"11";"120606";"JUNIN";"SATIPO";"PANGOA";"GOBIERNO REGIONAL";"I-2";"00000451";"MATERENI";"NE_0001";"";"NE_0001";"NE_0001";"NE_0001";"NE_0001";"NE_0001";"NE_0001";"NE_0001"
"2023";"11";"120606";"JUNIN";"SATIPO";"PANGOA";"GOBIERNO REGIONAL";"I-1";"00021802";"SAN JUAN DE PUEBLO LIBRE";"NE_0001";"";"NE_0001";"NE_0001";"NE_0001";"NE_0001";"NE_0001";"NE_0001";"NE_0001"
"2023";"11";"120606";"JUNIN";"SATIPO";"PANGOA";"GOBIERNO REGIONAL";"I-3";"00000446";"CUBANTIA";"NE_0001";"";"NE_0001";"NE_0001";"NE_0001";"NE_0001";"NE_0001";"NE_0001";"NE_0001"
"2023";"11";"120606";"JUNIN";"SATIPO";"PANGOA";"GOBIERNO REGIONAL";"I-1";"00000449";"MAZARONQUIARI";"NE_0001";"";"NE_0001";"NE_0001";"NE_0001";"NE_0001";"NE_0001";"NE_0001";"NE_0001"
"2023";"11";"120606";"JUNIN";"SATIPO";"PANGOA";"GOBIERNO REGIONAL";"I-1";"00000452";"FORTALEZA";"NE_0001";"";"NE_0001";"NE_0001";"NE_0001";"NE_0001";"NE_0001";"NE_0001";"NE_0001"
"2023";"11";"120606";"JUNIN";"SATIPO";"PANGOA";"GOBIERNO REGIONAL";"I-1";"00021804";"ALTO CHICHIRENI";"NE_0001";"";"NE_0001";"NE_0001";"NE_0001";"NE_0001";"NE_0001";"NE_0001";"NE_0001"
"2023";"11";"120606";"JUNIN";"SATIPO";"PANGOA";"GOBIERNO REGIONAL";"I-1";"00000457";"BOCA KIATARI";"NE_0001";"";"NE_0001";"NE_0001";"NE_0001";"NE_0001";"NE_0001";"NE_0001";"NE_0001"
"2023";"11";"120606";"JUNIN";"SATIPO";"PANGOA";"GOBIERNO REGIONAL";"I-1";"00021801";"SANTA CRUZ DE ANAPATI";"NE_0001";"";"NE_0001";"NE_0001";"NE_0001";"NE_0001";"NE_0001";"NE_0001";"NE_0001"
"2023";"11";"120606";"JUNIN";"SATIPO";"PANGOA";"GOBIERNO REGIONAL";"I-1";"00027800";"MAVENI";"NE_0001";"";"NE_0001";"NE_0001";"NE_0001";"NE_0001";"NE_0001";"NE_0001";"NE_0001"
"2023";"11";"120606";"JUNIN";"SATIPO";"PANGOA";"GOBIERNO REGIONAL";"I-1";"00000454";"CAMPIRUSHARI";"NE_0001";"";"NE_0001";"NE_0001";"NE_0001";"NE_0001";"NE_0001";"NE_0001";"NE_0001"
"2023";"11";"120606";"JUNIN";"SATIPO";"PANGOA";"GOBIERNO REGIONAL";"I-1";"00021805";"SAN JUAN DE SANGARENI";"NE_0001";"";"NE_0001";"NE_0001";"NE_0001";"NE_0001";"NE_0001";"NE_0001";"NE_0001"
"2023";"11";"120606";"JUNIN";"SATIPO";"PANGOA";"GOBIERNO REGIONAL";"I-1";"00021806";"LIBERTAD DE ANAPATI";"NE_0001";"";"NE_0001";"NE_0001";"NE_0001";"NE_0001";"NE_0001";"NE_0001";"NE_0001"
"2023";"11";"120606";"JUNIN";"SATIPO";"PANGOA";"GOBIERNO REGIONAL";"I-1";"00024571";"PUERTO PORVENIR";"NE_0001";"";"NE_0001";"NE_0001";"NE_0001";"NE_0001";"NE_0001";"NE_0001";"NE_0001"
"2023";"11";"120606";"JUNIN";"SATIPO";"PANGOA";"GOBIERNO REGIONAL";"I-1";"00000455";"JERUSALEN DE MIÑARO DE NOMESTSIGUENGA";"NE_0001";"";"NE_0001";"NE_0001";"NE_0001";"NE_0001";"NE_0001";"NE_0001";"NE_0001"
"2023";"11";"120606";"JUNIN";"SATIPO";"PANGOA";"GOBIERNO REGIONAL";"I-1";"00027801";"PUERTO ANAPATI";"NE_0001";"";"NE_0001";"NE_0001";"NE_0001";"NE_0001";"NE_0001";"NE_0001";"NE_0001"
"2023";"11";"150113";"LIMA";"LIMA";"JESUS MARIA";"PRIVADO";"II-E";"00017173";"CLINICA PORVENIR";"240100";"HOSPITALIZACIÓN QUIRÚRGICA CIRUGÍA GENERAL ";"102";"97";"106";"102";"6";"180";"0"
"2023";"11";"150113";"LIMA";"LIMA";"JESUS MARIA";"PRIVADO";"II-E";"00017173";"CLINICA PORVENIR";"241400";"HOSPITALIZACIÓN QUIRÚRGICA GINECO - OBSTETRICIA ";"29";"26";"55";"29";"4";"120";"0"
"2023";"11";"150113";"LIMA";"LIMA";"JESUS MARIA";"PRIVADO";"II-E";"00017173";"CLINICA PORVENIR";"241300";"HOSPITALIZACIÓN QUIRÚRGICA UROLOGÍA  ";"3";"3";"5";"3";"1";"30";"0"
"2023";"11";"150113";"LIMA";"LIMA";"JESUS MARIA";"PRIVADO";"II-E";"00017173";"CLINICA PORVENIR";"241200";"HOSPITALIZACIÓN QUIRÚRGICA TRAUMATOLOGÍA Y ORTOPEDIA ";"1";"1";"5";"1";"1";"30";"0"
"2023";"11";"150113";"LIMA";"LIMA";"JESUS MARIA";"PRIVADO";"II-E";"00017173";"CLINICA PORVENIR";"240000";"HOSPITALIZACIÓN";"1";"1";"1";"1";"1";"30";"0"
"2023";"11";"060108";"CAJAMARCA";"CAJAMARCA";"LOS BAÑOS DEL INCA";"ESSALUD";"I-3";"00010821";"CENTRO DE ATENCION PRIMARIA II";"NE_0001";"";"NE_0001";"NE_0001";"NE_0001";"NE_0001";"NE_0001";"NE_0001";"NE_0001"
"2023";"11";"200104";"PIURA";"PIURA";"CASTILLA";"ESSALUD";"I-3";"00010243";"CAP III CASTILLA";"NE_0001";"";"NE_0001";"NE_0001";"NE_0001";"NE_0001";"NE_0001";"NE_0001";"NE_0001"
"2023";"11";"150140";"LIMA";"LIMA";"SANTIAGO DE SURCO";"PRIVADO";"II-E";"00017823";"OFTALMOLOGICA SANTO TORIBIO";"NE_0001";"";"NE_0001";"NE_0001";"NE_0001";"NE_0001";"NE_0001";"NE_0001";"NE_0001"
"2023";"11";"130905";"LA LIBERTAD";"SANCHEZ CARRION";"MARCABAL";"GOBIERNO REGIONAL";"I-2";"00013552";"AGOCAS";"NE_0001";"";"NE_0001";"NE_0001";"NE_0001";"NE_0001";"NE_0001";"NE_0001";"NE_0001"
"2023";"11";"130905";"LA LIBERTAD";"SANCHEZ CARRION";"MARCABAL";"GOBIERNO REGIONAL";"I-1";"00013827";"NARANJOPAMPA";"NE_0001";"";"NE_0001";"NE_0001";"NE_0001";"NE_0001";"NE_0001";"NE_0001";"NE_0001"
"2023";"11";"130905";"LA LIBERTAD";"SANCHEZ CARRION";"MARCABAL";"GOBIERNO REGIONAL";"I-2";"00013550";"SHITA";"NE_0001";"";"NE_0001";"NE_0001";"NE_0001";"NE_0001";"NE_0001";"NE_0001";"NE_0001"
"2023";"11";"130905";"LA LIBERTAD";"SANCHEZ CARRION";"MARCABAL";"GOBIERNO REGIONAL";"I-2";"00013825";"CHAQUILBAMBA";"NE_0001";"";"NE_0001";"NE_0001";"NE_0001";"NE_0001";"NE_0001";"NE_0001";"NE_0001"
"2023";"11";"130905";"LA LIBERTAD";"SANCHEZ CARRION";"MARCABAL";"GOBIERNO REGIONAL";"I-2";"00005358";"MARCABALITO";"NE_0001";"";"NE_0001";"NE_0001";"NE_0001";"NE_0001";"NE_0001";"NE_0001";"NE_0001"
"2023";"11";"081106";"CUSCO";"PAUCARTAMBO";"KOSÑIPATA";"GOBIERNO REGIONAL";"I-2";"00002522";"PATRIA";"NE_0002";"";"NE_0002";"NE_0002";"NE_0002";"NE_0002";"NE_0002";"NE_0002";"NE_0002"
"2023";"11";"081101";"CUSCO";"PAUCARTAMBO";"PAUCARTAMBO";"GOBIERNO REGIONAL";"I-2";"00002511";"MOLLOMARCA";"NE_0002";"";"NE_0002";"NE_0002";"NE_0002";"NE_0002";"NE_0002";"NE_0002";"NE_0002"
"2023";"11";"081103";"CUSCO";"PAUCARTAMBO";"CHALLABAMBA";"GOBIERNO REGIONAL";"I-3";"00002514";"CHALLABAMBA";"NE_0002";"";"NE_0002";"NE_0002";"NE_0002";"NE_0002";"NE_0002";"NE_0002";"NE_0002"
"2023";"11";"080706";"CUSCO";"CHUMBIVILCAS";"LLUSCO";"GOBIERNO REGIONAL";"I-1";"00027008";"ANTUYO";"NE_0001";"";"NE_0001";"NE_0001";"NE_0001";"NE_0001";"NE_0001";"NE_0001";"NE_0001"
"2023";"11";"080707";"CUSCO";"CHUMBIVILCAS";"QUIÑOTA";"GOBIERNO REGIONAL";"I-1";"00025369";"PUMALLACTA";"NE_0001";"";"NE_0001";"NE_0001";"NE_0001";"NE_0001";"NE_0001";"NE_0001";"NE_0001"
"2023";"09";"140101";"LAMBAYEQUE";"CHICLAYO";"CHICLAYO";"PRIVADO";"II-E";"00025061";"HOSPITAL DE CLINICAS LAMBAYEQUE SAC";"241200";"HOSPITALIZACIÓN QUIRÚRGICA TRAUMATOLOGÍA Y ORTOPEDIA ";"100";"90";"400";"320";"30";"1109";"0"
"2023";"11";"150130";"LIMA";"LIMA";"SAN BORJA";"PRIVADO";"II-2";"00009850";"CLÍNICA VESALIO";"240000";"HOSPITALIZACIÓN";"320";"314";"1364";"1496";"51";"1470";"0"
"2023";"11";"200601";"PIURA";"SULLANA";"SULLANA";"PRIVADO";"II-1";"00012261";"CLINICA INMACULADA";"240000";"HOSPITALIZACIÓN";"140";"137";"205";"145";"30";"900";"0"
"2023";"11";"120608";"JUNIN";"SATIPO";"RIO TAMBO";"GOBIERNO REGIONAL";"I-2";"00000516";"PUERTO ROCA";"NE_0001";"";"NE_0001";"NE_0001";"NE_0001";"NE_0001";"NE_0001";"NE_0001";"NE_0001"
"2023";"11";"120608";"JUNIN";"SATIPO";"RIO TAMBO";"GOBIERNO REGIONAL";"I-1";"00000518";"SAN CARLOS ALTO ENE";"NE_0001";"";"NE_0001";"NE_0001";"NE_0001";"NE_0001";"NE_0001";"NE_0001";"NE_0001"
"2023";"11";"120609";"JUNIN";"SATIPO";"VIZCATAN DEL ENE";"GOBIERNO REGIONAL";"I-1";"00000510";"FLORIDA";"NE_0001";"";"NE_0001";"NE_0001";"NE_0001";"NE_0001";"NE_0001";"NE_0001";"NE_0001"
"2023";"11";"120608";"JUNIN";"SATIPO";"RIO TAMBO";"GOBIERNO REGIONAL";"I-1";"00000514";"FE Y ALEGRIA LA PRIMAVERA";"NE_0001";"";"NE_0001";"NE_0001";"NE_0001";"NE_0001";"NE_0001";"NE_0001";"NE_0001"
"2023";"11";"120608";"JUNIN";"SATIPO";"RIO TAMBO";"GOBIERNO REGIONAL";"I-3";"00000517";"VALLE ESMERALDA";"NE_0001";"";"NE_0001";"NE_0001";"NE_0001";"NE_0001";"NE_0001";"NE_0001";"NE_0001"
"2023";"11";"120606";"JUNIN";"SATIPO";"PANGOA";"GOBIERNO REGIONAL";"I-1";"00000468";"MICAELA BASTIDAS MORALES";"NE_0001";"";"NE_0001";"NE_0001";"NE_0001";"NE_0001";"NE_0001";"NE_0001";"NE_0001"
"2023";"11";"120609";"JUNIN";"SATIPO";"VIZCATAN DEL ENE";"GOBIERNO REGIONAL";"I-1";"00000512";"TUNONTUARI RIO ENE";"NE_0001";"";"NE_0001";"NE_0001";"NE_0001";"NE_0001";"NE_0001";"NE_0001";"NE_0001"
"2023";"11";"120609";"JUNIN";"SATIPO";"VIZCATAN DEL ENE";"GOBIERNO REGIONAL";"I-2";"00000507";"BOCA MANTARO";"NE_0001";"";"NE_0001";"NE_0001";"NE_0001";"NE_0001";"NE_0001";"NE_0001";"NE_0001"
"2023";"11";"120609";"JUNIN";"SATIPO";"VIZCATAN DEL ENE";"GOBIERNO REGIONAL";"I-1";"00000511";"SAN JUAN DE MANTARO";"NE_0001";"";"NE_0001";"NE_0001";"NE_0001";"NE_0001";"NE_0001";"NE_0001";"NE_0001"
"2023";"11";"120608";"JUNIN";"SATIPO";"RIO TAMBO";"GOBIERNO REGIONAL";"I-1";"00000513";"QUEMPIRI";"NE_0001";"";"NE_0001";"NE_0001";"NE_0001";"NE_0001";"NE_0001";"NE_0001";"NE_0001"
"2023";"11";"120608";"JUNIN";"SATIPO";"RIO TAMBO";"GOBIERNO REGIONAL";"I-2";"00000471";"CUTIVIRENI";"NE_0001";"";"NE_0001";"NE_0001";"NE_0001";"NE_0001";"NE_0001";"NE_0001";"NE_0001"
"2023";"11";"120609";"JUNIN";"SATIPO";"VIZCATAN DEL ENE";"GOBIERNO REGIONAL";"I-1";"00000509";"SAN MIGUEL DE ENE SHINPINSHARIATO";"NE_0001";"";"NE_0001";"NE_0001";"NE_0001";"NE_0001";"NE_0001";"NE_0001";"NE_0001"
"2023";"10";"180101";"MOQUEGUA";"MARISCAL NIETO";"MOQUEGUA";"SANIDAD DEL EJERCITO DEL PERU";"I-2";"00031941";"CENTRO DE SALUD MILITAR DE LA 3RA BRIG BLIN";"NE_0001";"";"NE_0001";"NE_0001";"NE_0001";"NE_0001";"NE_0001";"NE_0001";"NE_0001"
"2023";"09";"150122";"LIMA";"LIMA";"MIRAFLORES";"PRIVADO";"II-E";"00019748";"CLINICA HIGUERETA";"240000";"HOSPITALIZACIÓN";"129";"109";"459";"350";"17";"527";"0"
"2023";"09";"150122";"LIMA";"LIMA";"MIRAFLORES";"PRIVADO";"II-E";"00019748";"CLINICA HIGUERETA";"250100";"UNIDAD DE CUIDADOS CRITICOS UNIDAD  DE CUIDADOS INTENSIVOS GENERALES (UCI) ";"1";"0";"31";"31";"2";"62";"0"
"2023";"10";"150110";"LIMA";"LIMA";"COMAS";"PRIVADO";"II-E";"00030606";"VISANA CLINICA  ESPECIALIZADA OFTALMOLOGICA";"NE_0001";"";"NE_0001";"NE_0001";"NE_0001";"NE_0001";"NE_0001";"NE_0001";"NE_0001"
"2023";"10";"021602";"ANCASH";"POMABAMBA";"HUAYLLAN";"GOBIERNO REGIONAL";"I-1";"00001774";"PUESTO DE SALUD HUAYCHO";"NE_0002";"";"NE_0002";"NE_0002";"NE_0002";"NE_0002";"NE_0002";"NE_0002";"NE_0002"
"2023";"10";"021307";"ANCASH";"MARISCAL LUZURIAGA";"LUCMA";"GOBIERNO REGIONAL";"I-2";"00001790";"PUESTO DE SALUD LUCMA";"NE_0002";"";"NE_0002";"NE_0002";"NE_0002";"NE_0002";"NE_0002";"NE_0002";"NE_0002"
"2023";"10";"021307";"ANCASH";"MARISCAL LUZURIAGA";"LUCMA";"GOBIERNO REGIONAL";"I-1";"00001791";"PUESTO DE SALUD SECCHA";"NE_0002";"";"NE_0002";"NE_0002";"NE_0002";"NE_0002";"NE_0002";"NE_0002";"NE_0002"
"2023";"10";"021601";"ANCASH";"POMABAMBA";"POMABAMBA";"GOBIERNO REGIONAL";"I-2";"00001768";"PUESTO DE SALUD VILCABAMBA";"NE_0002";"";"NE_0002";"NE_0002";"NE_0002";"NE_0002";"NE_0002";"NE_0002";"NE_0002"
"2023";"10";"021601";"ANCASH";"POMABAMBA";"POMABAMBA";"GOBIERNO REGIONAL";"I-1";"00001766";"PUESTO DE SALUD SOCSI";"NE_0002";"";"NE_0002";"NE_0002";"NE_0002";"NE_0002";"NE_0002";"NE_0002";"NE_0002"
"2023";"10";"021601";"ANCASH";"POMABAMBA";"POMABAMBA";"GOBIERNO REGIONAL";"I-1";"00001767";"PUESTO DE SALUD CHUYAS";"NE_0002";"";"NE_0002";"NE_0002";"NE_0002";"NE_0002";"NE_0002";"NE_0002";"NE_0002"
"2023";"10";"021602";"ANCASH";"POMABAMBA";"HUAYLLAN";"GOBIERNO REGIONAL";"I-1";"00001772";"PUESTO DE SALUD HUAYLLAN";"NE_0002";"";"NE_0002";"NE_0002";"NE_0002";"NE_0002";"NE_0002";"NE_0002";"NE_0002"
"2023";"10";"021602";"ANCASH";"POMABAMBA";"HUAYLLAN";"GOBIERNO REGIONAL";"I-1";"00001773";"PUESTO DE SALUD ACOBAMBA";"NE_0002";"";"NE_0002";"NE_0002";"NE_0002";"NE_0002";"NE_0002";"NE_0002";"NE_0002"
"2023";"10";"021601";"ANCASH";"POMABAMBA";"POMABAMBA";"GOBIERNO REGIONAL";"I-2";"00001769";"PUESTO DE SALUD CONOPA";"NE_0002";"";"NE_0002";"NE_0002";"NE_0002";"NE_0002";"NE_0002";"NE_0002";"NE_0002"
"2023";"10";"021601";"ANCASH";"POMABAMBA";"POMABAMBA";"GOBIERNO REGIONAL";"I-1";"00001770";"PUESTO DE SALUD JANCAPAMPA";"NE_0002";"";"NE_0002";"NE_0002";"NE_0002";"NE_0002";"NE_0002";"NE_0002";"NE_0002"
"2023";"10";"021302";"ANCASH";"MARISCAL LUZURIAGA";"CASCA";"GOBIERNO REGIONAL";"I-2";"00001785";"PUESTO DE SALUD CASCA";"NE_0002";"";"NE_0002";"NE_0002";"NE_0002";"NE_0002";"NE_0002";"NE_0002";"NE_0002"
"2023";"10";"021307";"ANCASH";"MARISCAL LUZURIAGA";"LUCMA";"GOBIERNO REGIONAL";"0";"00017687";"P. S. MASQUI";"NE_0002";"";"NE_0002";"NE_0002";"NE_0002";"NE_0002";"NE_0002";"NE_0002";"NE_0002"
"2023";"10";"150122";"LIMA";"LIMA";"MIRAFLORES";"PRIVADO";"II-E";"00028941";"Instituto de Glaucoma y Catarata";"NE_0001";"";"NE_0001";"NE_0001";"NE_0001";"NE_0001";"NE_0001";"NE_0001";"NE_0001"
"2023";"10";"200601";"PIURA";"SULLANA";"SULLANA";"ESSALUD";"I-4";"00010267";"HOSPITAL I ESSALUD-SULLANA";"241800";"HOSPITALIZACIÓN DE MEDICINA MEDICINA GENERAL ";"55";"56";"282";"268";"8";"248";"6"
"2023";"10";"200601";"PIURA";"SULLANA";"SULLANA";"ESSALUD";"I-4";"00010267";"HOSPITAL I ESSALUD-SULLANA";"242300";"HOSPITALIZACIÓN DE PEDIATRÍA  PEDIATRÍA  GENERAL ";"29";"26";"28";"36";"2";"62";"0"
"2023";"10";"200601";"PIURA";"SULLANA";"SULLANA";"ESSALUD";"I-4";"00010267";"HOSPITAL I ESSALUD-SULLANA";"241600";"HOSPITALIZACIÓN QUIRÚRGICA OBSTETRICIA   ";"5";"6";"22";"21";"1";"31";"0"
"2023";"10";"200601";"PIURA";"SULLANA";"SULLANA";"ESSALUD";"I-4";"00010267";"HOSPITAL I ESSALUD-SULLANA";"240100";"HOSPITALIZACIÓN QUIRÚRGICA CIRUGÍA GENERAL ";"11";"13";"42";"38";"2";"62";"0"
"2023";"10";"110201";"ICA";"CHINCHA";"CHINCHA ALTA";"PRIVADO";"I-3";"00011272";"DANIEL A. CARRION EIRL";"NE_0001";"";"NE_0001";"NE_0001";"NE_0001";"NE_0001";"NE_0001";"NE_0001";"NE_0001"
"2023";"10";"150122";"LIMA";"LIMA";"MIRAFLORES";"ESSALUD";"I-3";"00009298";"POLICLINICO CENTRAL DE PREVENCION LARCO";"NE_0001";"";"NE_0001";"NE_0001";"NE_0001";"NE_0001";"NE_0001";"NE_0001";"NE_0001"
"2023";"10";"070101";"CALLAO";"CALLAO";"CALLAO";"ESSALUD";"II-2";"00010533";"HOSPITAL II LIMA NORTE CALLAO ""LUIS NEGREIROS VEGA"" ESSALUD";"241900";"HOSPITALIZACIÓN DE MEDICINA MEDICINA INTERNA ";"183";"185";"1618";"1818";"60";"1860";"10"
"2023";"10";"070101";"CALLAO";"CALLAO";"CALLAO";"ESSALUD";"II-2";"00010533";"HOSPITAL II LIMA NORTE CALLAO ""LUIS NEGREIROS VEGA"" ESSALUD";"240100";"HOSPITALIZACIÓN QUIRÚRGICA CIRUGÍA GENERAL ";"391";"389";"843";"925";"34";"1054";"1"
"2023";"10";"070101";"CALLAO";"CALLAO";"CALLAO";"ESSALUD";"II-2";"00010533";"HOSPITAL II LIMA NORTE CALLAO ""LUIS NEGREIROS VEGA"" ESSALUD";"241600";"HOSPITALIZACIÓN QUIRÚRGICA OBSTETRICIA   ";"477";"467";"878";"893";"35";"1085";"0"
"2023";"10";"070101";"CALLAO";"CALLAO";"CALLAO";"ESSALUD";"II-2";"00010533";"HOSPITAL II LIMA NORTE CALLAO ""LUIS NEGREIROS VEGA"" ESSALUD";"242300";"HOSPITALIZACIÓN DE PEDIATRÍA  PEDIATRÍA  GENERAL ";"103";"102";"322";"345";"13";"403";"0"
"2023";"10";"140301";"LAMBAYEQUE";"LAMBAYEQUE";"LAMBAYEQUE";"SANIDAD DEL EJERCITO DEL PERU";"I-3";"00025198";"CENTRO MEDICO MILITAR ""DIVINO NIÑO DEL MILAGRO DE ETEN""";"NE_0001";"";"NE_0001";"NE_0001";"NE_0001";"NE_0001";"NE_0001";"NE_0001";"NE_0001"
"2023";"10";"010401";"AMAZONAS";"CONDORCANQUI";"NIEVA";"GOBIERNO REGIONAL";"II-1";"00005145";"SANTA MARIA DE NIEVA";"241400";"HOSPITALIZACIÓN QUIRÚRGICA GINECO - OBSTETRICIA ";"52";"54";"88";"10";"11";"28";"0"
"2023";"10";"010401";"AMAZONAS";"CONDORCANQUI";"NIEVA";"GOBIERNO REGIONAL";"II-1";"00005145";"SANTA MARIA DE NIEVA";"241800";"HOSPITALIZACIÓN DE MEDICINA MEDICINA GENERAL ";"86";"89";"168";"24";"8";"36";"1"
"2023";"10";"010401";"AMAZONAS";"CONDORCANQUI";"NIEVA";"GOBIERNO REGIONAL";"II-1";"00005145";"SANTA MARIA DE NIEVA";"240100";"HOSPITALIZACIÓN QUIRÚRGICA CIRUGÍA GENERAL ";"8";"10";"28";"4";"2";"6";"0"
"2023";"10";"010401";"AMAZONAS";"CONDORCANQUI";"NIEVA";"GOBIERNO REGIONAL";"II-1";"00005145";"SANTA MARIA DE NIEVA";"242500";"HOSPITALIZACIÓN-PEDIATRÍA GENERAL-";"6";"8";"27";"6";"2";"8";"0"
"2023";"10";"150133";"LIMA";"LIMA";"SAN JUAN DE MIRAFLORES";"PRIVADO";"II-E";"00017676";"OFTALMOSALUD";"NE_0001";"";"NE_0001";"NE_0001";"NE_0001";"NE_0001";"NE_0001";"NE_0001";"NE_0001"
"2023";"10";"150140";"LIMA";"LIMA";"SANTIAGO DE SURCO";"PRIVADO";"II-E";"00017823";"OFTALMOLOGICA SANTO TORIBIO";"NE_0001";"";"NE_0001";"NE_0001";"NE_0001";"NE_0001";"NE_0001";"NE_0001";"NE_0001"
"2023";"10";"081006";"CUSCO";"PARURO";"OMACHA";"GOBIERNO REGIONAL";"I-2";"00002505";"OMACHA";"NE_0002";"";"NE_0002";"NE_0002";"NE_0002";"NE_0002";"NE_0002";"NE_0002";"NE_0002"
"2023";"10";"081002";"CUSCO";"PARURO";"ACCHA";"GOBIERNO REGIONAL";"I-3";"00002500";"ACCHA";"NE_0002";"";"NE_0002";"NE_0002";"NE_0002";"NE_0002";"NE_0002";"NE_0002";"NE_0002"
"2023";"10";"081004";"CUSCO";"PARURO";"COLCHA";"GOBIERNO REGIONAL";"I-1";"00002503";"COLCHA";"NE_0002";"";"NE_0002";"NE_0002";"NE_0002";"NE_0002";"NE_0002";"NE_0002";"NE_0002"
"2023";"10";"081006";"CUSCO";"PARURO";"OMACHA";"GOBIERNO REGIONAL";"I-2";"00007147";"PUESTO DE SALUD DE HUASQUILLAY";"NE_0002";"";"NE_0002";"NE_0002";"NE_0002";"NE_0002";"NE_0002";"NE_0002";"NE_0002"
"2023";"10";"081001";"CUSCO";"PARURO";"PARURO";"GOBIERNO REGIONAL";"I-4";"00002499";"PARURO";"NE_0002";"";"NE_0002";"NE_0002";"NE_0002";"NE_0002";"NE_0002";"NE_0002";"NE_0002"
"2023";"10";"150113";"LIMA";"LIMA";"JESUS MARIA";"ESSALUD";"III-E";"00018011";"INSTITUTO NACIONAL CARDIOVASCULAR CARLOS ALBERTO PESCHIERA CARRILLO – INCOR –ESSALUD";"244000";"HOSPITALIZACIÓN DE MEDICINA CARDIOLOGIA ";"85";"78";"718";"769";"28";"868";"6"
"2023";"10";"150113";"LIMA";"LIMA";"JESUS MARIA";"ESSALUD";"III-E";"00018011";"INSTITUTO NACIONAL CARDIOVASCULAR CARLOS ALBERTO PESCHIERA CARRILLO – INCOR –ESSALUD";"244000";"HOSPITALIZACIÓN DE MEDICINA CARDIOLOGIA ";"169";"160";"172";"108";"8";"192";"0"
"2023";"10";"150113";"LIMA";"LIMA";"JESUS MARIA";"ESSALUD";"III-E";"00018011";"INSTITUTO NACIONAL CARDIOVASCULAR CARLOS ALBERTO PESCHIERA CARRILLO – INCOR –ESSALUD";"242600";"HOSPITALIZACIÓN DE PEDIATRÍA PEDIATRIA CARDIOLOGÍA PEDIÁTRICA";"106";"105";"752";"901";"36";"1116";"3"
"2023";"10";"150113";"LIMA";"LIMA";"JESUS MARIA";"ESSALUD";"III-E";"00018011";"INSTITUTO NACIONAL CARDIOVASCULAR CARLOS ALBERTO PESCHIERA CARRILLO – INCOR –ESSALUD";"240400";"HOSPITALIZACIÓN QUIRÚRGICA CIRUGÍA DE TÓRAX Y CARDIOVASCULAR ";"40";"53";"1307";"982";"36";"1116";"2"
"2023";"10";"040413";"AREQUIPA";"CASTILLA";"URACA";"ESSALUD";"I-2";"00013300";"POSTA MEDICA  CORIRE";"NE_0001";"";"NE_0001";"NE_0001";"NE_0001";"NE_0001";"NE_0001";"NE_0001";"NE_0001"
"2023";"10";"040125";"AREQUIPA";"AREQUIPA";"VITOR";"GOBIERNO REGIONAL";"I-3";"00001324";"CENTRO DE SALUD VITOR";"NE_0001";"";"NE_0001";"NE_0001";"NE_0001";"NE_0001";"NE_0001";"NE_0001";"NE_0001"
"2023";"10";"040121";"AREQUIPA";"AREQUIPA";"SANTA RITA DE SIHUAS";"GOBIERNO REGIONAL";"I-3";"00001335";"CENTRO  DE SALUD SANTA RITA DE SIGUAS";"NE_0001";"";"NE_0001";"NE_0001";"NE_0001";"NE_0001";"NE_0001";"NE_0001";"NE_0001"
"2023";"10";"040125";"AREQUIPA";"AREQUIPA";"VITOR";"GOBIERNO REGIONAL";"I-2";"00001334";"PUESTO DE SALUD YURAMAYO";"NE_0001";"";"NE_0001";"NE_0001";"NE_0001";"NE_0001";"NE_0001";"NE_0001";"NE_0001"
"2023";"11";"150140";"LIMA";"LIMA";"SANTIAGO DE SURCO";"PRIVADO";"II-E";"00015461";"VISTASALUD CENTRO OFTALMOLOGICO";"NE_0001";"";"NE_0001";"NE_0001";"NE_0001";"NE_0001";"NE_0001";"NE_0001";"NE_0001"
"2023";"10";"150122";"LIMA";"LIMA";"MIRAFLORES";"PRIVADO";"II-E";"00019748";"CLINICA HIGUERETA";"240000";"HOSPITALIZACIÓN";"136";"125";"491";"366";"17";"527";"0"
"2023";"10";"150122";"LIMA";"LIMA";"MIRAFLORES";"PRIVADO";"II-E";"00019748";"CLINICA HIGUERETA";"250100";"UNIDAD DE CUIDADOS CRITICOS UNIDAD  DE CUIDADOS INTENSIVOS GENERALES (UCI) ";"1";"0";"31";"31";"2";"62";"0"
"2023";"03";"150113";"LIMA";"LIMA";"JESUS MARIA";"PRIVADO";"I-3";"00010439";"CENTRO CLINICO JESUS MARIA";"NE_0002";"";"NE_0002";"NE_0002";"NE_0002";"NE_0002";"NE_0002";"NE_0002";"NE_0002"
"2023";"11";"150140";"LIMA";"LIMA";"SANTIAGO DE SURCO";"PRIVADO";"II-E";"00011113";"CLINICA MONTERRICO";"240000";"HOSPITALIZACIÓN";"39";"37";"56";"96";"5";"150";"0"
"2023";"11";"051010";"AYACUCHO";"VICTOR FAJARDO";"HUALLA";"GOBIERNO REGIONAL";"I-3";"00003829";"CENTRO DE SALUD HUALLA";"241600";"HOSPITALIZACIÓN QUIRÚRGICA OBSTETRICIA   ";"1";"1";"3";"1";"1";"4";"0"
"2023";"11";"051010";"AYACUCHO";"VICTOR FAJARDO";"HUALLA";"GOBIERNO REGIONAL";"I-1";"00003830";"PUESTO DE SALUD TIQUIHUA";"NE_0001";"";"NE_0001";"NE_0001";"NE_0001";"NE_0001";"NE_0001";"NE_0001";"NE_0001"
"2023";"11";"051108";"AYACUCHO";"VILCAS HUAMAN";"VISCHONGO";"GOBIERNO REGIONAL";"I-1";"00003840";"PUESTO DE SALUD UMARO";"NE_0001";"";"NE_0001";"NE_0001";"NE_0001";"NE_0001";"NE_0001";"NE_0001";"NE_0001"
"2023";"11";"051004";"AYACUCHO";"VICTOR FAJARDO";"ASQUIPATA";"GOBIERNO REGIONAL";"I-1";"00003821";"PUESTO DE SALUD ASQUIPATA";"NE_0001";"";"NE_0001";"NE_0001";"NE_0001";"NE_0001";"NE_0001";"NE_0001";"NE_0001"
"2023";"11";"051004";"AYACUCHO";"VICTOR FAJARDO";"ASQUIPATA";"GOBIERNO REGIONAL";"I-1";"00003823";"PUESTO DE SALUD MORCOLLA CHICO";"NE_0001";"";"NE_0001";"NE_0001";"NE_0001";"NE_0001";"NE_0001";"NE_0001";"NE_0001"
"2023";"11";"051008";"AYACUCHO";"VICTOR FAJARDO";"HUAMANQUIQUIA";"GOBIERNO REGIONAL";"I-1";"00003833";"PUESTO DE SALUD TINCA";"NE_0001";"";"NE_0001";"NE_0001";"NE_0001";"NE_0001";"NE_0001";"NE_0001";"NE_0001"
"2023";"11";"051006";"AYACUCHO";"VICTOR FAJARDO";"CAYARA";"GOBIERNO REGIONAL";"I-2";"00003828";"PUESTO DE SALUD CAYARA";"NE_0001";"";"NE_0001";"NE_0001";"NE_0001";"NE_0001";"NE_0001";"NE_0001";"NE_0001"
"2023";"11";"051007";"AYACUCHO";"VICTOR FAJARDO";"COLCA";"GOBIERNO REGIONAL";"I-1";"00003835";"PUESTO DE SALUD COLCA";"NE_0001";"";"NE_0001";"NE_0001";"NE_0001";"NE_0001";"NE_0001";"NE_0001";"NE_0001"
"2023";"11";"020801";"ANCASH";"CASMA";"CASMA";"GOBIERNO REGIONAL";"II-1";"00001719";"HOSPITAL DE APOYO CASMA";"241800";"HOSPITALIZACIÓN DE MEDICINA MEDICINA GENERAL ";"73";"70";"265";"289";"12";"360";"0"
"2023";"11";"020801";"ANCASH";"CASMA";"CASMA";"GOBIERNO REGIONAL";"II-1";"00001719";"HOSPITAL DE APOYO CASMA";"240100";"HOSPITALIZACIÓN QUIRÚRGICA CIRUGÍA GENERAL ";"45";"40";"164";"178";"8";"240";"0"
"2023";"11";"020801";"ANCASH";"CASMA";"CASMA";"GOBIERNO REGIONAL";"II-1";"00001719";"HOSPITAL DE APOYO CASMA";"242300";"HOSPITALIZACIÓN DE PEDIATRÍA  PEDIATRÍA  GENERAL ";"52";"49";"136";"148";"16";"480";"0"
"2023";"11";"020801";"ANCASH";"CASMA";"CASMA";"GOBIERNO REGIONAL";"II-1";"00001719";"HOSPITAL DE APOYO CASMA";"241600";"HOSPITALIZACIÓN QUIRÚRGICA OBSTETRICIA   ";"26";"26";"43";"43";"6";"180";"0"
"2023";"11";"020801";"ANCASH";"CASMA";"CASMA";"GOBIERNO REGIONAL";"II-1";"00001719";"HOSPITAL DE APOYO CASMA";"241500";"HOSPITALIZACIÓN QUIRÚRGICA GINECOLOGÍA  ";"55";"58";"190";"194";"9";"270";"0"
"2023";"11";"060602";"CAJAMARCA";"CUTERVO";"CALLAYUC";"GOBIERNO REGIONAL";"I-1";"00004962";"HUABAL";"NE_0001";"";"NE_0001";"NE_0001";"NE_0001";"NE_0001";"NE_0001";"NE_0001";"NE_0001"
"2023";"11";"060607";"CAJAMARCA";"CUTERVO";"QUEROCOTILLO";"GOBIERNO REGIONAL";"I-1";"00005008";"CHUMBICATE";"NE_0001";"";"NE_0001";"NE_0001";"NE_0001";"NE_0001";"NE_0001";"NE_0001";"NE_0001"
"2023";"11";"060611";"CAJAMARCA";"CUTERVO";"SANTA CRUZ";"GOBIERNO REGIONAL";"I-1";"00011260";"LA VIÑA";"NE_0001";"";"NE_0001";"NE_0001";"NE_0001";"NE_0001";"NE_0001";"NE_0001";"NE_0001"
"2023";"11";"060607";"CAJAMARCA";"CUTERVO";"QUEROCOTILLO";"GOBIERNO REGIONAL";"I-1";"00004970";"SANTOS";"NE_0001";"";"NE_0001";"NE_0001";"NE_0001";"NE_0001";"NE_0001";"NE_0001";"NE_0001"
"2023";"11";"060303";"CAJAMARCA";"CELENDIN";"CORTEGANA";"GOBIERNO REGIONAL";"I-1";"00004474";"YAGEN";"NE_0001";"";"NE_0001";"NE_0001";"NE_0001";"NE_0001";"NE_0001";"NE_0001";"NE_0001"
"2023";"11";"060303";"CAJAMARCA";"CELENDIN";"CORTEGANA";"GOBIERNO REGIONAL";"I-1";"00006757";"CANDEN";"NE_0001";"";"NE_0001";"NE_0001";"NE_0001";"NE_0001";"NE_0001";"NE_0001";"NE_0001"
"2023";"11";"220910";"SAN MARTIN";"SAN MARTIN";"MORALES";"ESSALUD";"I-2";"00027730";"CENTRO DE ATENCIÓN PRIMARIA MORALES - ESSALUD";"NE_0001";"";"NE_0001";"NE_0001";"NE_0001";"NE_0001";"NE_0001";"NE_0001";"NE_0001"
"2023";"11";"060301";"CAJAMARCA";"CELENDIN";"CELENDIN";"GOBIERNO REGIONAL";"II-1";"00004466";"DE APOYO CELENDIN";"241800";"HOSPITALIZACIÓN DE MEDICINA MEDICINA GENERAL ";"108";"109";"247";"241";"27";"810";"0"
"2023";"11";"190301";"PASCO";"OXAPAMPA";"OXAPAMPA";"ESSALUD";"II-1";"00009748";"HOSPITAL I OXAPAMPA";"241800";"HOSPITALIZACIÓN DE MEDICINA MEDICINA GENERAL ";"27";"24";"80";"111";"4";"120";"0"
"2023";"11";"190301";"PASCO";"OXAPAMPA";"OXAPAMPA";"ESSALUD";"II-1";"00009748";"HOSPITAL I OXAPAMPA";"240100";"HOSPITALIZACIÓN QUIRÚRGICA CIRUGÍA GENERAL ";"17";"16";"43";"61";"3";"90";"0"
"2023";"11";"190301";"PASCO";"OXAPAMPA";"OXAPAMPA";"ESSALUD";"II-1";"00009748";"HOSPITAL I OXAPAMPA";"241400";"HOSPITALIZACIÓN QUIRÚRGICA GINECO - OBSTETRICIA ";"24";"26";"82";"100";"4";"120";"0"
"2023";"11";"190301";"PASCO";"OXAPAMPA";"OXAPAMPA";"ESSALUD";"II-1";"00009748";"HOSPITAL I OXAPAMPA";"242300";"HOSPITALIZACIÓN DE PEDIATRÍA  PEDIATRÍA  GENERAL ";"11";"11";"18";"29";"1";"30";"0"
"2023";"11";"150118";"LIMA";"LIMA";"LURIGANCHO";"PRIVADO";"II-E";"00016951";"CLINICA MADRE ZORAIDA";"241300";"HOSPITALIZACIÓN QUIRÚRGICA UROLOGÍA  ";"2";"2";"6";"8";"6";"150";"0"
"2023";"11";"060801";"CAJAMARCA";"JAEN";"JAEN";"GOBIERNO REGIONAL";"I-2";"00004216";"LA CASCARILLA";"NE_0001";"";"NE_0001";"NE_0001";"NE_0001";"NE_0001";"NE_0001";"NE_0001";"NE_0001"
"2023";"11";"060801";"CAJAMARCA";"JAEN";"JAEN";"GOBIERNO REGIONAL";"I-1";"00024719";"LA VIRGINIA";"NE_0001";"";"NE_0001";"NE_0001";"NE_0001";"NE_0001";"NE_0001";"NE_0001";"NE_0001"
"2023";"11";"060801";"CAJAMARCA";"JAEN";"JAEN";"GOBIERNO REGIONAL";"I-1";"00004222";"ALTO VISTA ALEGRE";"NE_0001";"";"NE_0001";"NE_0001";"NE_0001";"NE_0001";"NE_0001";"NE_0001";"NE_0001"
"2023";"11";"060801";"CAJAMARCA";"JAEN";"JAEN";"GOBIERNO REGIONAL";"I-1";"00006994";"LOMA SANTA";"NE_0001";"";"NE_0001";"NE_0001";"NE_0001";"NE_0001";"NE_0001";"NE_0001";"NE_0001"
"2023";"11";"060801";"CAJAMARCA";"JAEN";"JAEN";"GOBIERNO REGIONAL";"I-3";"00025526";"LOS SAUCES";"NE_0001";"";"NE_0001";"NE_0001";"NE_0001";"NE_0001";"NE_0001";"NE_0001";"NE_0001"
"2023";"11";"060801";"CAJAMARCA";"JAEN";"JAEN";"GOBIERNO REGIONAL";"I-3";"00004212";"MAGLLANAL";"NE_0001";"";"NE_0001";"NE_0001";"NE_0001";"NE_0001";"NE_0001";"NE_0001";"NE_0001"
"2023";"10";"150135";"LIMA";"LIMA";"SAN MARTIN DE PORRES";"SANIDAD DE LA POLICIA NACIONAL DEL PERU";"I-3";"00011876";"POLICLINICO PNP SAN MARTIN DE PORRES";"NE_0001";"";"NE_0001";"NE_0001";"NE_0001";"NE_0001";"NE_0001";"NE_0001";"NE_0001"
"2023";"10";"110112";"ICA";"ICA";"SUBTANJALLA";"ESSALUD";"I-3";"00011967";"MACACONA";"NE_0001";"";"NE_0001";"NE_0001";"NE_0001";"NE_0001";"NE_0001";"NE_0001";"NE_0001"
"2023";"10";"051008";"AYACUCHO";"VICTOR FAJARDO";"HUAMANQUIQUIA";"GOBIERNO REGIONAL";"I-1";"00003833";"PUESTO DE SALUD TINCA";"NE_0001";"";"NE_0001";"NE_0001";"NE_0001";"NE_0001";"NE_0001";"NE_0001";"NE_0001"
"2023";"10";"051007";"AYACUCHO";"VICTOR FAJARDO";"COLCA";"GOBIERNO REGIONAL";"I-1";"00003836";"PUESTO DE SALUD QUILLA";"NE_0001";"";"NE_0001";"NE_0001";"NE_0001";"NE_0001";"NE_0001";"NE_0001";"NE_0001"
"2023";"10";"220401";"SAN MARTIN";"HUALLAGA";"SAPOSOA";"ESSALUD";"I-2";"00031567";"POSTA MEDICA DE SAPOSOA - ESSALUD";"NE_0001";"";"NE_0001";"NE_0001";"NE_0001";"NE_0001";"NE_0001";"NE_0001";"NE_0001"
"2023";"10";"150108";"LIMA";"LIMA";"CHORRILLOS";"PRIVADO";"II-E";"00012220";"CLINICA REAL LOS LAURELES";"NE_0002";"";"NE_0002";"NE_0002";"NE_0002";"NE_0002";"NE_0002";"NE_0002";"NE_0002"
"2023";"10";"060401";"CAJAMARCA";"CHOTA";"CHOTA";"GOBIERNO REGIONAL";"II-1";"00004659";"HOSPITAL DE APOYO CHOTA - JOSE SOTO CADENILLAS";"240100";"HOSPITALIZACIÓN QUIRÚRGICA CIRUGÍA GENERAL ";"68";"80";"290";"338";"16";"496";"0"
"2023";"10";"060401";"CAJAMARCA";"CHOTA";"CHOTA";"GOBIERNO REGIONAL";"II-1";"00004659";"HOSPITAL DE APOYO CHOTA - JOSE SOTO CADENILLAS";"241400";"HOSPITALIZACIÓN QUIRÚRGICA GINECO - OBSTETRICIA ";"180";"185";"433";"405";"20";"620";"0"
"2023";"10";"060401";"CAJAMARCA";"CHOTA";"CHOTA";"GOBIERNO REGIONAL";"II-1";"00004659";"HOSPITAL DE APOYO CHOTA - JOSE SOTO CADENILLAS";"241800";"HOSPITALIZACIÓN DE MEDICINA MEDICINA GENERAL ";"62";"67";"267";"243";"11";"341";"0"
"2023";"10";"060401";"CAJAMARCA";"CHOTA";"CHOTA";"GOBIERNO REGIONAL";"II-1";"00004659";"HOSPITAL DE APOYO CHOTA - JOSE SOTO CADENILLAS";"242500";"HOSPITALIZACIÓN-PEDIATRÍA GENERAL-";"82";"85";"229";"176";"8";"248";"0"
"2023";"10";"150125";"LIMA";"LIMA";"PUENTE PIEDRA";"MINSA";"II-2";"00007632";"HOSPITAL CARLOS LANFRANCO LA HOZ";"240100";"HOSPITALIZACIÓN QUIRÚRGICA CIRUGÍA GENERAL ";"252";"269";"644";"282";"34";"1054";"0"
"2023";"10";"150125";"LIMA";"LIMA";"PUENTE PIEDRA";"MINSA";"II-2";"00007632";"HOSPITAL CARLOS LANFRANCO LA HOZ";"241900";"HOSPITALIZACIÓN DE MEDICINA MEDICINA INTERNA ";"93";"121";"666";"142";"26";"806";"20"
"2023";"10";"150125";"LIMA";"LIMA";"PUENTE PIEDRA";"MINSA";"II-2";"00007632";"HOSPITAL CARLOS LANFRANCO LA HOZ";"241400";"HOSPITALIZACIÓN QUIRÚRGICA GINECO - OBSTETRICIA ";"327";"352";"661";"374";"32";"992";"0"
"2023";"10";"150125";"LIMA";"LIMA";"PUENTE PIEDRA";"MINSA";"II-2";"00007632";"HOSPITAL CARLOS LANFRANCO LA HOZ";"242300";"HOSPITALIZACIÓN DE PEDIATRÍA  PEDIATRÍA  GENERAL ";"67";"78";"279";"88";"11";"341";"0"
"2023";"10";"150125";"LIMA";"LIMA";"PUENTE PIEDRA";"MINSA";"II-2";"00007632";"HOSPITAL CARLOS LANFRANCO LA HOZ";"243200";"HOSPITALIZACIÓN DE PEDIATRÍA PEDIATRIA NEONATOLOGÍA";"42";"45";"157";"48";"11";"341";"0"
"2023";"11";"150116";"LIMA";"LIMA";"LINCE";"ESSALUD";"I-3";"00017695";"CENTRO DE ATENCION PRIMARIA III ALFREDO PIAZZA ROBERTS-GSPN I Y II-RPA-ESSALUD";"NE_0001";"";"NE_0001";"NE_0001";"NE_0001";"NE_0001";"NE_0001";"NE_0001";"NE_0001"
"2023";"07";"100501";"HUANUCO";"HUAMALIES";"LLATA";"GOBIERNO REGIONAL";"I-2";"00000891";"ISHANCA";"NE_0001";"";"NE_0001";"NE_0001";"NE_0001";"NE_0001";"NE_0001";"NE_0001";"NE_0001"
"2023";"07";"100501";"HUANUCO";"HUAMALIES";"LLATA";"GOBIERNO REGIONAL";"I-2";"00000890";"LIBERTAD";"NE_0001";"";"NE_0001";"NE_0001";"NE_0001";"NE_0001";"NE_0001";"NE_0001";"NE_0001"
"2023";"07";"100501";"HUANUCO";"HUAMALIES";"LLATA";"GOBIERNO REGIONAL";"I-2";"00000889";"EL PORVENIR";"NE_0001";"";"NE_0001";"NE_0001";"NE_0001";"NE_0001";"NE_0001";"NE_0001";"NE_0001"
"2023";"07";"100501";"HUANUCO";"HUAMALIES";"LLATA";"GOBIERNO REGIONAL";"I-2";"00000888";"PAMPAS DEL CARMEN";"NE_0001";"";"NE_0001";"NE_0001";"NE_0001";"NE_0001";"NE_0001";"NE_0001";"NE_0001"
"2023";"07";"100501";"HUANUCO";"HUAMALIES";"LLATA";"GOBIERNO REGIONAL";"I-2";"00000890";"LIBERTAD";"NE_0001";"";"NE_0001";"NE_0001";"NE_0001";"NE_0001";"NE_0001";"NE_0001";"NE_0001"
"2023";"07";"100501";"HUANUCO";"HUAMALIES";"LLATA";"GOBIERNO REGIONAL";"I-2";"00000889";"EL PORVENIR";"NE_0001";"";"NE_0001";"NE_0001";"NE_0001";"NE_0001";"NE_0001";"NE_0001";"NE_0001"
"2023";"07";"100501";"HUANUCO";"HUAMALIES";"LLATA";"GOBIERNO REGIONAL";"I-2";"00000888";"PAMPAS DEL CARMEN";"NE_0001";"";"NE_0001";"NE_0001";"NE_0001";"NE_0001";"NE_0001";"NE_0001";"NE_0001"
"2023";"07";"100501";"HUANUCO";"HUAMALIES";"LLATA";"GOBIERNO REGIONAL";"I-4";"00000887";"LLATA";"241400";"HOSPITALIZACIÓN QUIRÚRGICA GINECO - OBSTETRICIA ";"38";"39";"3";"3";"7";"10";"0"
"2023";"11";"070101";"CALLAO";"CALLAO";"CALLAO";"GOBIERNO REGIONAL";"I-2";"00006243";"PUESTO DE SALUD FAUCETT";"NE_0001";"";"NE_0001";"NE_0001";"NE_0001";"NE_0001";"NE_0001";"NE_0001";"NE_0001"
"2023";"11";"220503";"SAN MARTIN";"LAMAS";"BARRANQUITA";"GOBIERNO REGIONAL";"I-1";"00006435";"SANTA CLARA";"NE_0001";"";"NE_0001";"NE_0001";"NE_0001";"NE_0001";"NE_0001";"NE_0001";"NE_0001"
"2023";"07";"100501";"HUANUCO";"HUAMALIES";"LLATA";"GOBIERNO REGIONAL";"I-2";"00000891";"ISHANCA";"NE_0001";"";"NE_0001";"NE_0001";"NE_0001";"NE_0001";"NE_0001";"NE_0001";"NE_0001"
"2023";"07";"100501";"HUANUCO";"HUAMALIES";"LLATA";"GOBIERNO REGIONAL";"I-4";"00000887";"LLATA";"241800";"HOSPITALIZACIÓN DE MEDICINA MEDICINA GENERAL ";"16";"16";"3";"3";"8";"10";"0"
"2023";"11";"110501";"ICA";"PISCO";"PISCO";"PRIVADO";"0";"00024336";"CENTRO DE MEDICINA FISICA Y REHABILITACION";"NE_0001";"";"NE_0001";"NE_0001";"NE_0001";"NE_0001";"NE_0001";"NE_0001";"NE_0001"
"2023";"11";"220503";"SAN MARTIN";"LAMAS";"BARRANQUITA";"GOBIERNO REGIONAL";"I-1";"00006433";"PUERTO PIZARRO";"NE_0001";"";"NE_0001";"NE_0001";"NE_0001";"NE_0001";"NE_0001";"NE_0001";"NE_0001"
"2023";"11";"220503";"SAN MARTIN";"LAMAS";"BARRANQUITA";"GOBIERNO REGIONAL";"I-1";"00007401";"SANANGO";"NE_0001";"";"NE_0001";"NE_0001";"NE_0001";"NE_0001";"NE_0001";"NE_0001";"NE_0001"
"2023";"11";"220503";"SAN MARTIN";"LAMAS";"BARRANQUITA";"GOBIERNO REGIONAL";"I-3";"00006432";"BARRANQUITA CAYNARACHI";"NE_0001";"";"NE_0001";"NE_0001";"NE_0001";"NE_0001";"NE_0001";"NE_0001";"NE_0001"
"2023";"11";"220503";"SAN MARTIN";"LAMAS";"BARRANQUITA";"GOBIERNO REGIONAL";"I-1";"00006434";"SANTIAGO DE BORJA";"NE_0001";"";"NE_0001";"NE_0001";"NE_0001";"NE_0001";"NE_0001";"NE_0001";"NE_0001"
"2023";"11";"220503";"SAN MARTIN";"LAMAS";"BARRANQUITA";"GOBIERNO REGIONAL";"I-1";"00006450";"SANTA ELENA";"NE_0001";"";"NE_0001";"NE_0001";"NE_0001";"NE_0001";"NE_0001";"NE_0001";"NE_0001"
"2023";"11";"220503";"SAN MARTIN";"LAMAS";"BARRANQUITA";"GOBIERNO REGIONAL";"I-1";"00006436";"EL PIÑAL";"NE_0001";"";"NE_0001";"NE_0001";"NE_0001";"NE_0001";"NE_0001";"NE_0001";"NE_0001"
"2023";"11";"150136";"LIMA";"LIMA";"SAN MIGUEL";"ESSALUD";"II-1";"00008564";"HOSPITAL I OCTAVIO MONGRUT MUÑOZ";"241900";"HOSPITALIZACIÓN DE MEDICINA MEDICINA INTERNA ";"67";"59";"371";"470";"20";"598";"5"
"2023";"11";"150136";"LIMA";"LIMA";"SAN MIGUEL";"ESSALUD";"II-1";"00008564";"HOSPITAL I OCTAVIO MONGRUT MUÑOZ";"240100";"HOSPITALIZACIÓN QUIRÚRGICA CIRUGÍA GENERAL ";"47";"43";"63";"62";"5";"146";"0"
"2023";"11";"150136";"LIMA";"LIMA";"SAN MIGUEL";"ESSALUD";"II-1";"00008564";"HOSPITAL I OCTAVIO MONGRUT MUÑOZ";"241500";"HOSPITALIZACIÓN QUIRÚRGICA GINECOLOGÍA  ";"46";"47";"102";"91";"4";"125";"0"
"2023";"11";"150136";"LIMA";"LIMA";"SAN MIGUEL";"ESSALUD";"II-1";"00008564";"HOSPITAL I OCTAVIO MONGRUT MUÑOZ";"241600";"HOSPITALIZACIÓN QUIRÚRGICA OBSTETRICIA   ";"73";"67";"143";"139";"10";"294";"0"
"2023";"11";"150136";"LIMA";"LIMA";"SAN MIGUEL";"ESSALUD";"II-1";"00008564";"HOSPITAL I OCTAVIO MONGRUT MUÑOZ";"242300";"HOSPITALIZACIÓN DE PEDIATRÍA  PEDIATRÍA  GENERAL ";"77";"75";"187";"186";"10";"294";"0"
"2023";"11";"060615";"CAJAMARCA";"CUTERVO";"TORIBIO CASANOVA";"GOBIERNO REGIONAL";"I-1";"00005017";"PERLAMAYO";"NE_0001";"";"NE_0001";"NE_0001";"NE_0001";"NE_0001";"NE_0001";"NE_0001";"NE_0001"
"2023";"11";"060615";"CAJAMARCA";"CUTERVO";"TORIBIO CASANOVA";"GOBIERNO REGIONAL";"I-3";"00005019";"LA SACILIA";"NE_0001";"";"NE_0001";"NE_0001";"NE_0001";"NE_0001";"NE_0001";"NE_0001";"NE_0001"
"2023";"11";"060604";"CAJAMARCA";"CUTERVO";"CUJILLO";"GOBIERNO REGIONAL";"I-3";"00004974";"CUJILLO";"NE_0001";"";"NE_0001";"NE_0001";"NE_0001";"NE_0001";"NE_0001";"NE_0001";"NE_0001"
"2023";"11";"060604";"CAJAMARCA";"CUTERVO";"CUJILLO";"GOBIERNO REGIONAL";"I-1";"00006959";"CUNUAT";"NE_0001";"";"NE_0001";"NE_0001";"NE_0001";"NE_0001";"NE_0001";"NE_0001";"NE_0001"
"2023";"11";"060603";"CAJAMARCA";"CUTERVO";"CHOROS";"GOBIERNO REGIONAL";"I-1";"00007698";"SAN PEDRO DE CHOROS";"NE_0001";"";"NE_0001";"NE_0001";"NE_0001";"NE_0001";"NE_0001";"NE_0001";"NE_0001"
"2023";"11";"060603";"CAJAMARCA";"CUTERVO";"CHOROS";"GOBIERNO REGIONAL";"I-1";"00004972";"MESARRUME";"NE_0001";"";"NE_0001";"NE_0001";"NE_0001";"NE_0001";"NE_0001";"NE_0001";"NE_0001"
"2023";"11";"060603";"CAJAMARCA";"CUTERVO";"CHOROS";"GOBIERNO REGIONAL";"I-3";"00004971";"CHOROS";"NE_0001";"";"NE_0001";"NE_0001";"NE_0001";"NE_0001";"NE_0001";"NE_0001";"NE_0001"
"2023";"11";"060604";"CAJAMARCA";"CUTERVO";"CUJILLO";"GOBIERNO REGIONAL";"I-1";"00004975";"YUNCHACO";"NE_0001";"";"NE_0001";"NE_0001";"NE_0001";"NE_0001";"NE_0001";"NE_0001";"NE_0001"
"2023";"11";"060613";"CAJAMARCA";"CUTERVO";"SANTO TOMAS";"GOBIERNO REGIONAL";"I-1";"00004976";"MALLETA";"NE_0001";"";"NE_0001";"NE_0001";"NE_0001";"NE_0001";"NE_0001";"NE_0001";"NE_0001"
"2023";"09";"220805";"SAN MARTIN";"RIOJA";"PARDO MIGUEL";"GOBIERNO REGIONAL";"I-1";"00006310";"PERLA DEL MAYO";"NE_0001";"";"NE_0001";"NE_0001";"NE_0001";"NE_0001";"NE_0001";"NE_0001";"NE_0001"
"2023";"09";"220805";"SAN MARTIN";"RIOJA";"PARDO MIGUEL";"GOBIERNO REGIONAL";"I-1";"00006309";"TUMBARO";"NE_0001";"";"NE_0001";"NE_0001";"NE_0001";"NE_0001";"NE_0001";"NE_0001";"NE_0001"
"2023";"09";"220805";"SAN MARTIN";"RIOJA";"PARDO MIGUEL";"GOBIERNO REGIONAL";"I-1";"00006308";"SAN AGUSTIN";"NE_0001";"";"NE_0001";"NE_0001";"NE_0001";"NE_0001";"NE_0001";"NE_0001";"NE_0001"
"2023";"09";"220805";"SAN MARTIN";"RIOJA";"PARDO MIGUEL";"GOBIERNO REGIONAL";"I-1";"00006307";"PIONEROS BAJO (SAN JUAN DEL MAYO)";"NE_0001";"";"NE_0001";"NE_0001";"NE_0001";"NE_0001";"NE_0001";"NE_0001";"NE_0001"
"2023";"09";"220805";"SAN MARTIN";"RIOJA";"PARDO MIGUEL";"GOBIERNO REGIONAL";"I-1";"00006306";"EL MIRADOR";"NE_0001";"";"NE_0001";"NE_0001";"NE_0001";"NE_0001";"NE_0001";"NE_0001";"NE_0001"
"2023";"09";"220805";"SAN MARTIN";"RIOJA";"PARDO MIGUEL";"GOBIERNO REGIONAL";"I-2";"00006305";"AGUAS VERDES";"NE_0001";"";"NE_0001";"NE_0001";"NE_0001";"NE_0001";"NE_0001";"NE_0001";"NE_0001"
"2023";"09";"220805";"SAN MARTIN";"RIOJA";"PARDO MIGUEL";"GOBIERNO REGIONAL";"I-2";"00006304";"AGUAS CLARAS";"NE_0001";"";"NE_0001";"NE_0001";"NE_0001";"NE_0001";"NE_0001";"NE_0001";"NE_0001"
"2023";"11";"130101";"LA LIBERTAD";"TRUJILLO";"TRUJILLO";"PRIVADO";"II-E";"00029964";"OFTALMOCENTER";"NE_0001";"";"NE_0001";"NE_0001";"NE_0001";"NE_0001";"NE_0001";"NE_0001";"NE_0001"
"2023";"11";"120114";"JUNIN";"HUANCAYO";"EL TAMBO";"PRIVADO";"II-1";"00025970";"CLINICA REBAGLIATI";"244700";"HOSPITALIZACIÓN DE MEDICINA NEUROLOGIA  ";"3";"3";"3";"4";"4";"5";"0"
"2023";"11";"080908";"CUSCO";"LA CONVENCION";"SANTA TERESA";"GOBIERNO REGIONAL";"I-2";"00002477";"SULLUCUYOC";"NE_0001";"";"NE_0001";"NE_0001";"NE_0001";"NE_0001";"NE_0001";"NE_0001";"NE_0001"
"2023";"11";"080903";"CUSCO";"LA CONVENCION";"HUAYOPATA";"GOBIERNO REGIONAL";"I-1";"00002457";"SAN PABLO HUAYOPATA";"NE_0001";"";"NE_0001";"NE_0001";"NE_0001";"NE_0001";"NE_0001";"NE_0001";"NE_0001"
"2023";"11";"080904";"CUSCO";"LA CONVENCION";"MARANURA";"GOBIERNO REGIONAL";"I-4";"00002458";"MARANURA";"NE_0001";"";"NE_0001";"NE_0001";"NE_0001";"NE_0001";"NE_0001";"NE_0001";"NE_0001"
"2023";"11";"080902";"CUSCO";"LA CONVENCION";"ECHARATE";"GOBIERNO REGIONAL";"I-1";"00002450";"SAN ANTONIO";"NE_0001";"";"NE_0001";"NE_0001";"NE_0001";"NE_0001";"NE_0001";"NE_0001";"NE_0001"
"2023";"11";"080902";"CUSCO";"LA CONVENCION";"ECHARATE";"GOBIERNO REGIONAL";"I-2";"00002429";"CIRIALO";"NE_0001";"";"NE_0001";"NE_0001";"NE_0001";"NE_0001";"NE_0001";"NE_0001";"NE_0001"
"2023";"11";"080902";"CUSCO";"LA CONVENCION";"ECHARATE";"GOBIERNO REGIONAL";"I-2";"00002433";"KORIBENI";"NE_0001";"";"NE_0001";"NE_0001";"NE_0001";"NE_0001";"NE_0001";"NE_0001";"NE_0001"
"2023";"11";"080902";"CUSCO";"LA CONVENCION";"ECHARATE";"GOBIERNO REGIONAL";"I-4";"00002439";"PALMA REAL";"NE_0001";"";"NE_0001";"NE_0001";"NE_0001";"NE_0001";"NE_0001";"NE_0001";"NE_0001"
"2023";"11";"080902";"CUSCO";"LA CONVENCION";"ECHARATE";"GOBIERNO REGIONAL";"I-1";"00002449";"ICHIQUIATO";"NE_0001";"";"NE_0001";"NE_0001";"NE_0001";"NE_0001";"NE_0001";"NE_0001";"NE_0001"
"2023";"11";"080909";"CUSCO";"LA CONVENCION";"VILCABAMBA";"GOBIERNO REGIONAL";"I-4";"00002480";"PUCYURA";"NE_0001";"";"NE_0001";"NE_0001";"NE_0001";"NE_0001";"NE_0001";"NE_0001";"NE_0001"
"2023";"11";"080911";"CUSCO";"LA CONVENCION";"INKAWASI";"GOBIERNO REGIONAL";"I-1";"00002481";"CCARCCO";"NE_0001";"";"NE_0001";"NE_0001";"NE_0001";"NE_0001";"NE_0001";"NE_0001";"NE_0001"
"2023";"11";"080909";"CUSCO";"LA CONVENCION";"VILCABAMBA";"GOBIERNO REGIONAL";"I-1";"00002486";"PAMPACONAS";"NE_0001";"";"NE_0001";"NE_0001";"NE_0001";"NE_0001";"NE_0001";"NE_0001";"NE_0001"
"2023";"11";"080909";"CUSCO";"LA CONVENCION";"VILCABAMBA";"GOBIERNO REGIONAL";"I-2";"00002484";"OYARA";"NE_0001";"";"NE_0001";"NE_0001";"NE_0001";"NE_0001";"NE_0001";"NE_0001";"NE_0001"
"2023";"11";"080909";"CUSCO";"LA CONVENCION";"VILCABAMBA";"GOBIERNO REGIONAL";"I-1";"00002490";"ARMA";"NE_0001";"";"NE_0001";"NE_0001";"NE_0001";"NE_0001";"NE_0001";"NE_0001";"NE_0001"
"2023";"11";"080912";"CUSCO";"LA CONVENCION";"VILLA VIRGEN";"GOBIERNO REGIONAL";"I-1";"00013070";"CHANCAVINE";"NE_0001";"";"NE_0001";"NE_0001";"NE_0001";"NE_0001";"NE_0001";"NE_0001";"NE_0001"
"2023";"11";"080911";"CUSCO";"LA CONVENCION";"INKAWASI";"GOBIERNO REGIONAL";"I-1";"00002485";"PACCAYBAMBA";"NE_0001";"";"NE_0001";"NE_0001";"NE_0001";"NE_0001";"NE_0001";"NE_0001";"NE_0001"
"2023";"11";"080911";"CUSCO";"LA CONVENCION";"INKAWASI";"GOBIERNO REGIONAL";"I-1";"00002491";"LUCMAHUAYCO";"NE_0001";"";"NE_0001";"NE_0001";"NE_0001";"NE_0001";"NE_0001";"NE_0001";"NE_0001"
"2023";"11";"080909";"CUSCO";"LA CONVENCION";"VILCABAMBA";"GOBIERNO REGIONAL";"I-1";"00002492";"PALTAYBAMBA";"NE_0001";"";"NE_0001";"NE_0001";"NE_0001";"NE_0001";"NE_0001";"NE_0001";"NE_0001"
"2023";"11";"080911";"CUSCO";"LA CONVENCION";"INKAWASI";"GOBIERNO REGIONAL";"I-3";"00002482";"INCAHUASI";"NE_0001";"";"NE_0001";"NE_0001";"NE_0001";"NE_0001";"NE_0001";"NE_0001";"NE_0001"
"2023";"11";"080911";"CUSCO";"LA CONVENCION";"INKAWASI";"GOBIERNO REGIONAL";"I-1";"00002487";"CHOQUETIRA";"NE_0001";"";"NE_0001";"NE_0001";"NE_0001";"NE_0001";"NE_0001";"NE_0001";"NE_0001"
"2023";"11";"080906";"CUSCO";"LA CONVENCION";"QUELLOUNO";"GOBIERNO REGIONAL";"I-2";"00002466";"HUILLCAPAMPA";"NE_0001";"";"NE_0001";"NE_0001";"NE_0001";"NE_0001";"NE_0001";"NE_0001";"NE_0001"
"2023";"09";"220511";"SAN MARTIN";"LAMAS";"ZAPATERO";"GOBIERNO REGIONAL";"I-1";"00006400";"NUEVO CELENDIN";"NE_0002";"";"NE_0002";"NE_0002";"NE_0002";"NE_0002";"NE_0002";"NE_0002";"NE_0002"
"2023";"09";"220511";"SAN MARTIN";"LAMAS";"ZAPATERO";"GOBIERNO REGIONAL";"I-1";"00006404";"SANTA CRUZ DE SHITARIYACU";"NE_0002";"";"NE_0002";"NE_0002";"NE_0002";"NE_0002";"NE_0002";"NE_0002";"NE_0002"
"2023";"09";"220505";"SAN MARTIN";"LAMAS";"CUÑUMBUQUI";"GOBIERNO REGIONAL";"I-1";"00006372";"SAN FRANCISCO DEL RIO MAYO";"NE_0002";"";"NE_0002";"NE_0002";"NE_0002";"NE_0002";"NE_0002";"NE_0002";"NE_0002"
"2023";"09";"220511";"SAN MARTIN";"LAMAS";"ZAPATERO";"GOBIERNO REGIONAL";"I-1";"00006403";"CARAÑAYACU";"NE_0002";"";"NE_0002";"NE_0002";"NE_0002";"NE_0002";"NE_0002";"NE_0002";"NE_0002"
"2023";"09";"220511";"SAN MARTIN";"LAMAS";"ZAPATERO";"GOBIERNO REGIONAL";"I-1";"00006406";"NUEVO MUNDO";"NE_0002";"";"NE_0002";"NE_0002";"NE_0002";"NE_0002";"NE_0002";"NE_0002";"NE_0002"
"2023";"09";"150141";"LIMA";"LIMA";"SURQUILLO";"PRIVADO";"II-E";"00012206";"DETECTA CLINICA";"240000";"HOSPITALIZACIÓN";"166";"153";"345";"158";"18";"330";"2"
"2023";"09";"021809";"ANCASH";"SANTA";"NUEVO CHIMBOTE";"GOBIERNO REGIONAL";"II-2";"00001703";"ELEAZAR GUZMAN BARRON";"241800";"HOSPITALIZACIÓN DE MEDICINA MEDICINA GENERAL ";"83";"88";"904";"663";"23";"713";"4"
"2023";"09";"021809";"ANCASH";"SANTA";"NUEVO CHIMBOTE";"GOBIERNO REGIONAL";"II-2";"00001703";"ELEAZAR GUZMAN BARRON";"245700";"HOSPITALIZACIÓN QUIRÚRGICA CARDIOLOGIA ";"2";"2";"7";"7";"1";"31";"0"
"2023";"09";"021809";"ANCASH";"SANTA";"NUEVO CHIMBOTE";"GOBIERNO REGIONAL";"II-2";"00001703";"ELEAZAR GUZMAN BARRON";"244300";"HOSPITALIZACIÓN DE MEDICINA GASTROENTEROLOGÍA  ";"5";"5";"24";"54";"2";"62";"0"
"2023";"09";"021809";"ANCASH";"SANTA";"NUEVO CHIMBOTE";"GOBIERNO REGIONAL";"II-2";"00001703";"ELEAZAR GUZMAN BARRON";"245500";"HOSPITALIZACIÓN DE MEDICINA REUMATOLOGÍA    ";"4";"4";"4";"4";"1";"31";"0"
"2023";"09";"021809";"ANCASH";"SANTA";"NUEVO CHIMBOTE";"GOBIERNO REGIONAL";"II-2";"00001703";"ELEAZAR GUZMAN BARRON";"245300";"HOSPITALIZACIÓN DE MEDICINA NEUMOLOGÍA  ";"4";"7";"104";"39";"2";"62";"0"
"2023";"09";"021809";"ANCASH";"SANTA";"NUEVO CHIMBOTE";"GOBIERNO REGIONAL";"II-2";"00001703";"ELEAZAR GUZMAN BARRON";"242200";"HOSPITALIZACIÓN DE MEDICINA PSIQUIATRÍA ";"4";"2";"56";"196";"10";"310";"0"
"2023";"09";"021809";"ANCASH";"SANTA";"NUEVO CHIMBOTE";"GOBIERNO REGIONAL";"II-2";"00001703";"ELEAZAR GUZMAN BARRON";"240100";"HOSPITALIZACIÓN QUIRÚRGICA CIRUGÍA GENERAL ";"78";"83";"350";"384";"13";"403";"1"
"2023";"09";"021809";"ANCASH";"SANTA";"NUEVO CHIMBOTE";"GOBIERNO REGIONAL";"II-2";"00001703";"ELEAZAR GUZMAN BARRON";"241200";"HOSPITALIZACIÓN QUIRÚRGICA TRAUMATOLOGÍA Y ORTOPEDIA ";"34";"42";"581";"339";"12";"372";"0"
"2023";"09";"021809";"ANCASH";"SANTA";"NUEVO CHIMBOTE";"GOBIERNO REGIONAL";"II-2";"00001703";"ELEAZAR GUZMAN BARRON";"241100";"HOSPITALIZACIÓN QUIRÚRGICA OTORRINOLARINGOLOGÍA  ";"2";"2";"4";"4";"1";"31";"0"
"2023";"09";"021809";"ANCASH";"SANTA";"NUEVO CHIMBOTE";"GOBIERNO REGIONAL";"II-2";"00001703";"ELEAZAR GUZMAN BARRON";"241300";"HOSPITALIZACIÓN QUIRÚRGICA UROLOGÍA  ";"8";"7";"31";"62";"3";"93";"0"
"2023";"09";"021809";"ANCASH";"SANTA";"NUEVO CHIMBOTE";"GOBIERNO REGIONAL";"II-2";"00001703";"ELEAZAR GUZMAN BARRON";"242100";"HOSPITALIZACIÓN DE MEDICINA ONCOLOGÍA MÉDICA ";"10";"9";"40";"42";"2";"62";"0"
"2023";"09";"021809";"ANCASH";"SANTA";"NUEVO CHIMBOTE";"GOBIERNO REGIONAL";"II-2";"00001703";"ELEAZAR GUZMAN BARRON";"240900";"HOSPITALIZACIÓN QUIRÚRGICA NEUROCIRUGÍA ";"10";"9";"67";"58";"2";"62";"0"
"2023";"09";"021809";"ANCASH";"SANTA";"NUEVO CHIMBOTE";"GOBIERNO REGIONAL";"II-2";"00001703";"ELEAZAR GUZMAN BARRON";"240801";"HOSPITALIZACIÓN QUIRÚRGICA CIRUGÍA PLÁSTICA/RECONSTRUCTIVA/ REPARADORA QUEMADOS";"2";"4";"64";"42";"2";"62";"0"
"2023";"09";"021809";"ANCASH";"SANTA";"NUEVO CHIMBOTE";"GOBIERNO REGIONAL";"II-2";"00001703";"ELEAZAR GUZMAN BARRON";"242300";"HOSPITALIZACIÓN DE PEDIATRÍA  PEDIATRÍA  GENERAL ";"175";"179";"872";"767";"27";"837";"2"
"2023";"09";"021809";"ANCASH";"SANTA";"NUEVO CHIMBOTE";"GOBIERNO REGIONAL";"II-2";"00001703";"ELEAZAR GUZMAN BARRON";"241600";"HOSPITALIZACIÓN QUIRÚRGICA OBSTETRICIA   ";"237";"240";"584";"528";"19";"589";"0"
"2023";"09";"021809";"ANCASH";"SANTA";"NUEVO CHIMBOTE";"GOBIERNO REGIONAL";"II-2";"00001703";"ELEAZAR GUZMAN BARRON";"241500";"HOSPITALIZACIÓN QUIRÚRGICA GINECOLOGÍA  ";"38";"33";"84";"102";"4";"124";"0"
"2023";"09";"021809";"ANCASH";"SANTA";"NUEVO CHIMBOTE";"GOBIERNO REGIONAL";"II-2";"00001703";"ELEAZAR GUZMAN BARRON";"250100";"UNIDAD DE CUIDADOS CRITICOS UNIDAD  DE CUIDADOS INTENSIVOS GENERALES (UCI) ";"19";"7";"166";"386";"16";"496";"7"
"2023";"10";"070101";"CALLAO";"CALLAO";"CALLAO";"GOBIERNO REGIONAL";"I-4";"00006228";"CENTRO DE SALUD NESTOR GAMBETTA";"241600";"HOSPITALIZACIÓN QUIRÚRGICA OBSTETRICIA   ";"9";"9";"9";"217";"7";"217";"0"
"2023";"10";"070101";"CALLAO";"CALLAO";"CALLAO";"GOBIERNO REGIONAL";"I-2";"00006231";"PUESTO DE SALUD RAMON CASTILLA";"NE_0001";"";"NE_0001";"NE_0001";"NE_0001";"NE_0001";"NE_0001";"NE_0001";"NE_0001"
"2023";"10";"150130";"LIMA";"LIMA";"SAN BORJA";"PRIVADO";"II-1";"00008258";"REJUVENECIMIENTO Y ESTETICA CABANI SRL";"240800";"HOSPITALIZACIÓN QUIRÚRGICA CIRUGÍA PLÁSTICA/RECONSTRUCTIVA/ REPARADORA ";"42";"42";"17";"59";"6";"186";"0"
"2023";"10";"150135";"LIMA";"LIMA";"SAN MARTIN DE PORRES";"MINSA";"III-1";"00007633";"HOSPITAL NACIONAL CAYETANO HEREDIA";"241900";"HOSPITALIZACIÓN DE MEDICINA MEDICINA INTERNA ";"207";"220";"3961";"2579";"88";"2728";"20"
"2023";"10";"150135";"LIMA";"LIMA";"SAN MARTIN DE PORRES";"MINSA";"III-1";"00007633";"HOSPITAL NACIONAL CAYETANO HEREDIA";"245300";"HOSPITALIZACIÓN DE MEDICINA NEUMOLOGÍA  ";"18";"18";"602";"605";"22";"682";"1"
"2023";"10";"150135";"LIMA";"LIMA";"SAN MARTIN DE PORRES";"MINSA";"III-1";"00007633";"HOSPITAL NACIONAL CAYETANO HEREDIA";"242000";"HOSPITALIZACIÓN DE MEDICINA MEDICINA TROPICAL E INFECCIOSAS ";"45";"45";"1001";"1045";"35";"1085";"3"
"2023";"10";"150135";"LIMA";"LIMA";"SAN MARTIN DE PORRES";"MINSA";"III-1";"00007633";"HOSPITAL NACIONAL CAYETANO HEREDIA";"240100";"HOSPITALIZACIÓN QUIRÚRGICA CIRUGÍA GENERAL ";"268";"292";"2365";"1819";"64";"1984";"1"
"2023";"10";"150135";"LIMA";"LIMA";"SAN MARTIN DE PORRES";"MINSA";"III-1";"00007633";"HOSPITAL NACIONAL CAYETANO HEREDIA";"240500";"HOSPITALIZACIÓN QUIRÚRGICA CIRUGÍA DE TRANSPLANTES ";"12";"15";"265";"131";"10";"310";"0"
"2023";"10";"150135";"LIMA";"LIMA";"SAN MARTIN DE PORRES";"MINSA";"III-1";"00007633";"HOSPITAL NACIONAL CAYETANO HEREDIA";"241200";"HOSPITALIZACIÓN QUIRÚRGICA TRAUMATOLOGÍA Y ORTOPEDIA ";"103";"94";"1697";"1760";"59";"1829";"0"
"2023";"10";"150135";"LIMA";"LIMA";"SAN MARTIN DE PORRES";"MINSA";"III-1";"00007633";"HOSPITAL NACIONAL CAYETANO HEREDIA";"242300";"HOSPITALIZACIÓN DE PEDIATRÍA  PEDIATRÍA  GENERAL ";"146";"154";"966";"1093";"52";"1596";"0"
"2023";"10";"150135";"LIMA";"LIMA";"SAN MARTIN DE PORRES";"MINSA";"III-1";"00007633";"HOSPITAL NACIONAL CAYETANO HEREDIA";"241500";"HOSPITALIZACIÓN QUIRÚRGICA GINECOLOGÍA  ";"172";"145";"483";"628";"22";"657";"0"
"2023";"10";"150135";"LIMA";"LIMA";"SAN MARTIN DE PORRES";"MINSA";"III-1";"00007633";"HOSPITAL NACIONAL CAYETANO HEREDIA";"241600";"HOSPITALIZACIÓN QUIRÚRGICA OBSTETRICIA   ";"289";"329";"1120";"981";"34";"1041";"0"
"2023";"10";"080106";"CUSCO";"CUSCO";"SANTIAGO";"PRIVADO";"II-E";"00023570";"MIR SALUD";"240000";"HOSPITALIZACIÓN";"43";"41";"72";"139";"8";"248";"0"
"2023";"10";"061204";"CAJAMARCA";"SAN PABLO";"TUMBADEN";"GOBIERNO REGIONAL";"I-1";"00004610";"EL REGALADO";"NE_0001";"";"NE_0001";"NE_0001";"NE_0001";"NE_0001";"NE_0001";"NE_0001";"NE_0001"
"2023";"10";"061203";"CAJAMARCA";"SAN PABLO";"SAN LUIS";"GOBIERNO REGIONAL";"I-1";"00004585";"SAN LUIS BAJO - GRANDE";"NE_0001";"";"NE_0001";"NE_0001";"NE_0001";"NE_0001";"NE_0001";"NE_0001";"NE_0001"
"2023";"10";"061204";"CAJAMARCA";"SAN PABLO";"TUMBADEN";"GOBIERNO REGIONAL";"I-1";"00004582";"TUMBADEN ALTO";"NE_0001";"";"NE_0001";"NE_0001";"NE_0001";"NE_0001";"NE_0001";"NE_0001";"NE_0001"
"2023";"11";"021806";"ANCASH";"SANTA";"NEPEÑA";"GOBIERNO REGIONAL";"I-3";"00001715";"CENTRO DE SALUD SAN JACINTO";"NE_0001";"";"NE_0001";"NE_0001";"NE_0001";"NE_0001";"NE_0001";"NE_0001";"NE_0001"
"2023";"11";"021805";"ANCASH";"SANTA";"MORO";"GOBIERNO REGIONAL";"I-1";"00001718";"PUESTO DE SALUD CAPTUY";"NE_0001";"";"NE_0001";"NE_0001";"NE_0001";"NE_0001";"NE_0001";"NE_0001";"NE_0001"
"2023";"11";"020110";"ANCASH";"HUARAZ";"PARIACOTO";"GOBIERNO REGIONAL";"I-4";"00001734";"CENTRO DE SALUD PARIACOTO";"NE_0001";"";"NE_0001";"NE_0001";"NE_0001";"NE_0001";"NE_0001";"NE_0001";"NE_0001"
"2023";"11";"150101";"LIMA";"LIMA";"LIMA";"OTRO";"III-2";"00027929";"INSTITUTO DE MEDICINA LEGAL DEL PERÚ";"NE_0001";"";"NE_0001";"NE_0001";"NE_0001";"NE_0001";"NE_0001";"NE_0001";"NE_0001"
"2023";"11";"150110";"LIMA";"LIMA";"COMAS";"PRIVADO";"II-1";"00009144";"CLINICA MEDICA ZEGARRA S.A.C.";"242300";"HOSPITALIZACIÓN DE PEDIATRÍA  PEDIATRÍA  GENERAL ";"30";"55";"569";"5";"5";"121";"0"
"2023";"11";"150110";"LIMA";"LIMA";"COMAS";"PRIVADO";"II-1";"00009144";"CLINICA MEDICA ZEGARRA S.A.C.";"241800";"HOSPITALIZACIÓN DE MEDICINA MEDICINA GENERAL ";"39";"39";"182";"7";"7";"161";"0"
"2023";"11";"150110";"LIMA";"LIMA";"COMAS";"PRIVADO";"II-1";"00009144";"CLINICA MEDICA ZEGARRA S.A.C.";"241400";"HOSPITALIZACIÓN QUIRÚRGICA GINECO - OBSTETRICIA ";"21";"18";"89";"4";"6";"115";"0"
"2023";"11";"150110";"LIMA";"LIMA";"COMAS";"PRIVADO";"II-1";"00009144";"CLINICA MEDICA ZEGARRA S.A.C.";"240100";"HOSPITALIZACIÓN QUIRÚRGICA CIRUGÍA GENERAL ";"23";"31";"73";"3";"3";"98";"0"
"2023";"11";"150110";"LIMA";"LIMA";"COMAS";"PRIVADO";"II-1";"00009144";"CLINICA MEDICA ZEGARRA S.A.C.";"241200";"HOSPITALIZACIÓN QUIRÚRGICA TRAUMATOLOGÍA Y ORTOPEDIA ";"13";"11";"45";"5";"4";"32";"0"
"2023";"11";"150801";"LIMA";"HUAURA";"HUACHO";"ESSALUD";"II-2";"00011337";"HOSPITAL II GUSTAVO LANATTA LUJAN - ESSALUD";"241800";"HOSPITALIZACIÓN DE MEDICINA MEDICINA GENERAL ";"102";"97";"933";"970";"36";"1080";"17"
"2023";"11";"150801";"LIMA";"HUAURA";"HUACHO";"ESSALUD";"II-2";"00011337";"HOSPITAL II GUSTAVO LANATTA LUJAN - ESSALUD";"240100";"HOSPITALIZACIÓN QUIRÚRGICA CIRUGÍA GENERAL ";"114";"108";"348";"361";"28";"840";"0"
"2023";"11";"150801";"LIMA";"HUAURA";"HUACHO";"ESSALUD";"II-2";"00011337";"HOSPITAL II GUSTAVO LANATTA LUJAN - ESSALUD";"241200";"HOSPITALIZACIÓN QUIRÚRGICA TRAUMATOLOGÍA Y ORTOPEDIA ";"23";"22";"84";"120";"6";"180";"0"
"2023";"11";"150801";"LIMA";"HUAURA";"HUACHO";"ESSALUD";"II-2";"00011337";"HOSPITAL II GUSTAVO LANATTA LUJAN - ESSALUD";"241500";"HOSPITALIZACIÓN QUIRÚRGICA GINECOLOGÍA  ";"37";"33";"91";"92";"6";"180";"0"
"2023";"11";"150801";"LIMA";"HUAURA";"HUACHO";"ESSALUD";"II-2";"00011337";"HOSPITAL II GUSTAVO LANATTA LUJAN - ESSALUD";"241600";"HOSPITALIZACIÓN QUIRÚRGICA OBSTETRICIA   ";"168";"165";"313";"309";"18";"540";"0"
"2023";"11";"150801";"LIMA";"HUAURA";"HUACHO";"ESSALUD";"II-2";"00011337";"HOSPITAL II GUSTAVO LANATTA LUJAN - ESSALUD";"242300";"HOSPITALIZACIÓN DE PEDIATRÍA  PEDIATRÍA  GENERAL ";"45";"43";"153";"146";"12";"360";"0"
"2023";"11";"150801";"LIMA";"HUAURA";"HUACHO";"ESSALUD";"II-2";"00011337";"HOSPITAL II GUSTAVO LANATTA LUJAN - ESSALUD";"243200";"HOSPITALIZACIÓN DE PEDIATRÍA PEDIATRIA NEONATOLOGÍA";"30";"29";"51";"54";"5";"150";"0"
"2023";"11";"150801";"LIMA";"HUAURA";"HUACHO";"ESSALUD";"II-2";"00011337";"HOSPITAL II GUSTAVO LANATTA LUJAN - ESSALUD";"250100";"UNIDAD DE CUIDADOS CRITICOS UNIDAD  DE CUIDADOS INTENSIVOS GENERALES (UCI) ";"23";"22";"76";"93";"4";"120";"9"
"2023";"11";"120303";"JUNIN";"CHANCHAMAYO";"PICHANAQUI";"GOBIERNO REGIONAL";"I-2";"00006711";"SAN FRANCISCO CENTRO KUVIRIANI";"NE_0001";"";"NE_0001";"NE_0001";"NE_0001";"NE_0001";"NE_0001";"NE_0001";"NE_0001"
"2023";"11";"120303";"JUNIN";"CHANCHAMAYO";"PICHANAQUI";"GOBIERNO REGIONAL";"I-3";"00000351";"HUACHIRIKI";"NE_0001";"";"NE_0001";"NE_0001";"NE_0001";"NE_0001";"NE_0001";"NE_0001";"NE_0001"
"2023";"11";"120303";"JUNIN";"CHANCHAMAYO";"PICHANAQUI";"GOBIERNO REGIONAL";"I-2";"00014383";"SAN JOSE DE ANAPIARI";"NE_0001";"";"NE_0001";"NE_0001";"NE_0001";"NE_0001";"NE_0001";"NE_0001";"NE_0001"
"2023";"11";"120303";"JUNIN";"CHANCHAMAYO";"PICHANAQUI";"GOBIERNO REGIONAL";"I-2";"00007371";"28 DE JULIO";"NE_0001";"";"NE_0001";"NE_0001";"NE_0001";"NE_0001";"NE_0001";"NE_0001";"NE_0001"
"2023";"11";"120303";"JUNIN";"CHANCHAMAYO";"PICHANAQUI";"GOBIERNO REGIONAL";"I-2";"00000346";"HUANTININI";"NE_0001";"";"NE_0001";"NE_0001";"NE_0001";"NE_0001";"NE_0001";"NE_0001";"NE_0001"
"2023";"11";"120303";"JUNIN";"CHANCHAMAYO";"PICHANAQUI";"GOBIERNO REGIONAL";"I-2";"00000348";"SAN JUAN CENTRO AUTIKI";"NE_0001";"";"NE_0001";"NE_0001";"NE_0001";"NE_0001";"NE_0001";"NE_0001";"NE_0001"
"2023";"11";"150117";"LIMA";"LIMA";"LOS OLIVOS";"PRIVADO";"II-E";"00012106";"CLINICA MEDICA PRIMAVERA";"240000";"HOSPITALIZACIÓN";"9";"9";"16";"16";"5";"155";"0"
"2023";"11";"120303";"JUNIN";"CHANCHAMAYO";"PICHANAQUI";"GOBIERNO REGIONAL";"I-2";"00000349";"BELEN DE ANAPIARI";"NE_0001";"";"NE_0001";"NE_0001";"NE_0001";"NE_0001";"NE_0001";"NE_0001";"NE_0001"
"2023";"11";"100102";"HUANUCO";"HUANUCO";"AMARILIS";"PRIVADO";"II-E";"00027693";"CENTRO MEDICO ESPECIALIZADO PRIMAVERA";"NE_0002";"";"NE_0002";"NE_0002";"NE_0002";"NE_0002";"NE_0002";"NE_0002";"NE_0002"
"2023";"11";"150101";"LIMA";"LIMA";"LIMA";"PRIVADO";"II-2";"00008281";"CLINICA MAISON DE SANTE  DE LIMA";"240000";"HOSPITALIZACIÓN";"100";"98";"337";"189";"20";"600";"1"
"2023";"11";"150101";"LIMA";"LIMA";"LIMA";"PRIVADO";"II-2";"00008281";"CLINICA MAISON DE SANTE  DE LIMA";"250100";"UNIDAD DE CUIDADOS CRITICOS UNIDAD  DE CUIDADOS INTENSIVOS GENERALES (UCI) ";"6";"5";"18";"31";"8";"240";"0"
"2023";"11";"040103";"AREQUIPA";"AREQUIPA";"CAYMA";"GOBIERNO REGIONAL";"I-2";"00001244";"PUESTO DE SALUD LA TOMILLA";"NE_0001";"";"NE_0001";"NE_0001";"NE_0001";"NE_0001";"NE_0001";"NE_0001";"NE_0001"
"2023";"11";"040103";"AREQUIPA";"AREQUIPA";"CAYMA";"GOBIERNO REGIONAL";"I-3";"00001234";"CENTRO DE SALUD FRANCISCO BOLOGNESI";"NE_0001";"";"NE_0001";"NE_0001";"NE_0001";"NE_0001";"NE_0001";"NE_0001";"NE_0001"
"2023";"11";"040103";"AREQUIPA";"AREQUIPA";"CAYMA";"GOBIERNO REGIONAL";"I-3";"00006890";"PUESTO DE SALUD RAFAEL BELAUNDE";"NE_0001";"";"NE_0001";"NE_0001";"NE_0001";"NE_0001";"NE_0001";"NE_0001";"NE_0001"
"2023";"11";"040103";"AREQUIPA";"AREQUIPA";"CAYMA";"GOBIERNO REGIONAL";"I-3";"00027464";"CENTRO DE SALUD MENTAL COMUNITARIO CAYMA";"NE_0001";"";"NE_0001";"NE_0001";"NE_0001";"NE_0001";"NE_0001";"NE_0001";"NE_0001"
"2023";"11";"090301";"HUANCAVELICA";"ANGARAES";"LIRCAY";"GOBIERNO REGIONAL";"I-1";"00007373";"SOCCLLABAMBA";"NE_0001";"";"NE_0001";"NE_0001";"NE_0001";"NE_0001";"NE_0001";"NE_0001";"NE_0001"
"2023";"11";"090305";"HUANCAVELICA";"ANGARAES";"CHINCHO";"GOBIERNO REGIONAL";"I-1";"00011787";"LLAMOCCTACHI";"NE_0001";"";"NE_0001";"NE_0001";"NE_0001";"NE_0001";"NE_0001";"NE_0001";"NE_0001"
"2023";"11";"090301";"HUANCAVELICA";"ANGARAES";"LIRCAY";"GOBIERNO REGIONAL";"I-1";"00003946";"PIRCAPAHUANA";"NE_0001";"";"NE_0001";"NE_0001";"NE_0001";"NE_0001";"NE_0001";"NE_0001";"NE_0001"
"2023";"11";"090301";"HUANCAVELICA";"ANGARAES";"LIRCAY";"GOBIERNO REGIONAL";"I-2";"00003949";"CHAHUARMA";"NE_0001";"";"NE_0001";"NE_0001";"NE_0001";"NE_0001";"NE_0001";"NE_0001";"NE_0001"
"2023";"11";"090301";"HUANCAVELICA";"ANGARAES";"LIRCAY";"GOBIERNO REGIONAL";"I-1";"00003951";"TUCSIPAMPA";"NE_0001";"";"NE_0001";"NE_0001";"NE_0001";"NE_0001";"NE_0001";"NE_0001";"NE_0001"
"2023";"11";"090304";"HUANCAVELICA";"ANGARAES";"CCOCHACCASA";"GOBIERNO REGIONAL";"I-3";"00003955";"CCOCHACCASA";"NE_0002";"";"NE_0002";"NE_0002";"NE_0002";"NE_0002";"NE_0002";"NE_0002";"NE_0002"
"2023";"11";"090306";"HUANCAVELICA";"ANGARAES";"CONGALLA";"GOBIERNO REGIONAL";"I-1";"00011199";"CHAYNABAMBA";"NE_0001";"";"NE_0001";"NE_0001";"NE_0001";"NE_0001";"NE_0001";"NE_0001";"NE_0001"
"2023";"11";"090302";"HUANCAVELICA";"ANGARAES";"ANCHONGA";"GOBIERNO REGIONAL";"I-1";"00011454";"ALTO MARAYNIYOCC";"NE_0001";"";"NE_0001";"NE_0001";"NE_0001";"NE_0001";"NE_0001";"NE_0001";"NE_0001"
"2023";"11";"090306";"HUANCAVELICA";"ANGARAES";"CONGALLA";"GOBIERNO REGIONAL";"I-1";"00003973";"YUNYACCASA";"NE_0001";"";"NE_0001";"NE_0001";"NE_0001";"NE_0001";"NE_0001";"NE_0001";"NE_0001"
"2023";"11";"090311";"HUANCAVELICA";"ANGARAES";"SANTO TOMAS DE PATA";"GOBIERNO REGIONAL";"I-1";"00003968";"CHUPACC";"NE_0001";"";"NE_0001";"NE_0001";"NE_0001";"NE_0001";"NE_0001";"NE_0001";"NE_0001"
"2023";"11";"040101";"AREQUIPA";"AREQUIPA";"AREQUIPA";"GOBIERNO REGIONAL";"III-2";"00007397";"INSTITUTO REGIONAL DE ENFERMEDADES NEOPLASICAS DEL SUR";"240000";"HOSPITALIZACIÓN";"121";"121";"875";"999";"999";"1080";"11"
"2023";"11";"040101";"AREQUIPA";"AREQUIPA";"AREQUIPA";"GOBIERNO REGIONAL";"III-2";"00007397";"INSTITUTO REGIONAL DE ENFERMEDADES NEOPLASICAS DEL SUR";"250100";"UNIDAD DE CUIDADOS CRITICOS UNIDAD  DE CUIDADOS INTENSIVOS GENERALES (UCI) ";"2";"3";"82";"34";"34";"60";"1"
"2023";"11";"220401";"SAN MARTIN";"HUALLAGA";"SAPOSOA";"ESSALUD";"I-2";"00031567";"POSTA MEDICA DE SAPOSOA - ESSALUD";"NE_0001";"";"NE_0001";"NE_0001";"NE_0001";"NE_0001";"NE_0001";"NE_0001";"NE_0001"
"2023";"09";"220504";"SAN MARTIN";"LAMAS";"CAYNARACHI";"GOBIERNO REGIONAL";"I-4";"00006415";"PONGO DEL CAYNARACHI";"241600";"HOSPITALIZACIÓN QUIRÚRGICA OBSTETRICIA   ";"7";"7";"9";"7";"4";"120";"0"
"2023";"09";"220504";"SAN MARTIN";"LAMAS";"CAYNARACHI";"GOBIERNO REGIONAL";"I-1";"00019769";"NUEVO TOCACHE";"NE_0001";"";"NE_0001";"NE_0001";"NE_0001";"NE_0001";"NE_0001";"NE_0001";"NE_0001"
"2023";"09";"220504";"SAN MARTIN";"LAMAS";"CAYNARACHI";"GOBIERNO REGIONAL";"I-1";"00006416";"ALFONSO UGARTE";"NE_0001";"";"NE_0001";"NE_0001";"NE_0001";"NE_0001";"NE_0001";"NE_0001";"NE_0001"
"2023";"09";"220504";"SAN MARTIN";"LAMAS";"CAYNARACHI";"GOBIERNO REGIONAL";"I-2";"00006418";"ALIANZA";"NE_0001";"";"NE_0001";"NE_0001";"NE_0001";"NE_0001";"NE_0001";"NE_0001";"NE_0001"
"2023";"09";"220504";"SAN MARTIN";"LAMAS";"CAYNARACHI";"GOBIERNO REGIONAL";"I-1";"00006419";"BONILLA";"NE_0001";"";"NE_0001";"NE_0001";"NE_0001";"NE_0001";"NE_0001";"NE_0001";"NE_0001"
"2023";"09";"220504";"SAN MARTIN";"LAMAS";"CAYNARACHI";"GOBIERNO REGIONAL";"I-1";"00006420";"NUEVO LAMAS";"NE_0001";"";"NE_0001";"NE_0001";"NE_0001";"NE_0001";"NE_0001";"NE_0001";"NE_0001"
"2023";"09";"220504";"SAN MARTIN";"LAMAS";"CAYNARACHI";"GOBIERNO REGIONAL";"I-1";"00006422";"SAN JUAN DE SHANUSI";"NE_0001";"";"NE_0001";"NE_0001";"NE_0001";"NE_0001";"NE_0001";"NE_0001";"NE_0001"
"2023";"10";"060601";"CAJAMARCA";"CUTERVO";"CUTERVO";"GOBIERNO REGIONAL";"I-1";"00007701";"EL VERDE";"NE_0001";"";"NE_0001";"NE_0001";"NE_0001";"NE_0001";"NE_0001";"NE_0001";"NE_0001"
"2023";"10";"060601";"CAJAMARCA";"CUTERVO";"CUTERVO";"GOBIERNO REGIONAL";"I-1";"00011066";"VISTA ALEGRE DE LA SOLA";"NE_0001";"";"NE_0001";"NE_0001";"NE_0001";"NE_0001";"NE_0001";"NE_0001";"NE_0001"
"2023";"10";"060601";"CAJAMARCA";"CUTERVO";"CUTERVO";"GOBIERNO REGIONAL";"I-1";"00004995";"PALMAS DE HUICHUD";"NE_0001";"";"NE_0001";"NE_0001";"NE_0001";"NE_0001";"NE_0001";"NE_0001";"NE_0001"
"2023";"10";"060601";"CAJAMARCA";"CUTERVO";"CUTERVO";"GOBIERNO REGIONAL";"I-1";"00006788";"YANGACHIS";"NE_0001";"";"NE_0001";"NE_0001";"NE_0001";"NE_0001";"NE_0001";"NE_0001";"NE_0001"
"2023";"10";"060601";"CAJAMARCA";"CUTERVO";"CUTERVO";"GOBIERNO REGIONAL";"I-2";"00004989";"AMBULCO GRANDE";"NE_0001";"";"NE_0001";"NE_0001";"NE_0001";"NE_0001";"NE_0001";"NE_0001";"NE_0001"
"2023";"10";"060601";"CAJAMARCA";"CUTERVO";"CUTERVO";"GOBIERNO REGIONAL";"I-1";"00007748";"CULLANMAYO";"NE_0001";"";"NE_0001";"NE_0001";"NE_0001";"NE_0001";"NE_0001";"NE_0001";"NE_0001"
"2023";"10";"060601";"CAJAMARCA";"CUTERVO";"CUTERVO";"GOBIERNO REGIONAL";"I-1";"00004990";"YATUN";"NE_0001";"";"NE_0001";"NE_0001";"NE_0001";"NE_0001";"NE_0001";"NE_0001";"NE_0001"
"2023";"10";"060601";"CAJAMARCA";"CUTERVO";"CUTERVO";"GOBIERNO REGIONAL";"I-1";"00006787";"SANTA ROSA DE TAPO";"NE_0001";"";"NE_0001";"NE_0001";"NE_0001";"NE_0001";"NE_0001";"NE_0001";"NE_0001"
"2023";"10";"060601";"CAJAMARCA";"CUTERVO";"CUTERVO";"GOBIERNO REGIONAL";"I-1";"00006837";"SAN CRISTOBAL DE NUDILLO";"NE_0001";"";"NE_0001";"NE_0001";"NE_0001";"NE_0001";"NE_0001";"NE_0001";"NE_0001"
"2023";"10";"060601";"CAJAMARCA";"CUTERVO";"CUTERVO";"GOBIERNO REGIONAL";"I-1";"00007109";"CHIPULUC";"NE_0001";"";"NE_0001";"NE_0001";"NE_0001";"NE_0001";"NE_0001";"NE_0001";"NE_0001"
"2023";"10";"060601";"CAJAMARCA";"CUTERVO";"CUTERVO";"GOBIERNO REGIONAL";"I-1";"00011064";"SAN LORENZO";"NE_0001";"";"NE_0001";"NE_0001";"NE_0001";"NE_0001";"NE_0001";"NE_0001";"NE_0001"
"2023";"10";"080101";"CUSCO";"CUSCO";"CUSCO";"PRIVADO";"II-E";"00010014";"DR. VICTOR PAREDES";"240000";"HOSPITALIZACIÓN";"94";"96";"267";"144";"19";"589";"0"
"2023";"10";"150130";"LIMA";"LIMA";"SAN BORJA";"PRIVADO";"II-1";"00010515";"CLINICA SANTA LUCIA S.A.C.";"NE_0002";"";"NE_0002";"NE_0002";"NE_0002";"NE_0002";"NE_0002";"NE_0002";"NE_0002"
"2023";"10";"060101";"CAJAMARCA";"CAJAMARCA";"CAJAMARCA";"ESSALUD";"II-2";"00010272";"HOSPITAL II CAJAMARCA";"241800";"HOSPITALIZACIÓN DE MEDICINA MEDICINA GENERAL ";"43";"43";"490";"536";"19";"589";"1"
"2023";"10";"060101";"CAJAMARCA";"CAJAMARCA";"CAJAMARCA";"ESSALUD";"II-2";"00010272";"HOSPITAL II CAJAMARCA";"240100";"HOSPITALIZACIÓN QUIRÚRGICA CIRUGÍA GENERAL ";"140";"131";"424";"414";"14";"434";"0"
"2023";"10";"060101";"CAJAMARCA";"CAJAMARCA";"CAJAMARCA";"ESSALUD";"II-2";"00010272";"HOSPITAL II CAJAMARCA";"241500";"HOSPITALIZACIÓN QUIRÚRGICA GINECOLOGÍA  ";"31";"35";"89";"80";"4";"124";"0"
"2023";"10";"060101";"CAJAMARCA";"CAJAMARCA";"CAJAMARCA";"ESSALUD";"II-2";"00010272";"HOSPITAL II CAJAMARCA";"241600";"HOSPITALIZACIÓN QUIRÚRGICA OBSTETRICIA   ";"149";"147";"319";"310";"16";"496";"0"
"2023";"10";"060101";"CAJAMARCA";"CAJAMARCA";"CAJAMARCA";"ESSALUD";"II-2";"00010272";"HOSPITAL II CAJAMARCA";"242300";"HOSPITALIZACIÓN DE PEDIATRÍA  PEDIATRÍA  GENERAL ";"34";"36";"143";"131";"7";"217";"0"
"2023";"10";"060101";"CAJAMARCA";"CAJAMARCA";"CAJAMARCA";"ESSALUD";"II-2";"00010272";"HOSPITAL II CAJAMARCA";"243200";"HOSPITALIZACIÓN DE PEDIATRÍA PEDIATRIA NEONATOLOGÍA";"22";"21";"42";"42";"6";"186";"0"
"2023";"10";"060101";"CAJAMARCA";"CAJAMARCA";"CAJAMARCA";"ESSALUD";"II-2";"00010272";"HOSPITAL II CAJAMARCA";"250100";"UNIDAD DE CUIDADOS CRITICOS UNIDAD  DE CUIDADOS INTENSIVOS GENERALES (UCI) ";"7";"6";"69";"158";"6";"186";"2"
"2023";"10";"060101";"CAJAMARCA";"CAJAMARCA";"CAJAMARCA";"ESSALUD";"II-2";"00010272";"HOSPITAL II CAJAMARCA";"250304";"HOSPIT. EN UNIDAD DE CUID.INTEN.-UNIDAD DE VIGILANCIA INTENSIVA (UVI)-MEDICINA";"3";"3";"51";"115";"4";"124";"0"
"2023";"10";"060601";"CAJAMARCA";"CUTERVO";"CUTERVO";"GOBIERNO REGIONAL";"I-1";"00007178";"RAYME";"NE_0001";"";"NE_0001";"NE_0001";"NE_0001";"NE_0001";"NE_0001";"NE_0001";"NE_0001"
"2023";"10";"060601";"CAJAMARCA";"CUTERVO";"CUTERVO";"GOBIERNO REGIONAL";"I-1";"00004997";"TRIGOPAMPA";"NE_0001";"";"NE_0001";"NE_0001";"NE_0001";"NE_0001";"NE_0001";"NE_0001";"NE_0001"
"2023";"10";"060601";"CAJAMARCA";"CUTERVO";"CUTERVO";"GOBIERNO REGIONAL";"I-1";"00006856";"CHACAF";"NE_0001";"";"NE_0001";"NE_0001";"NE_0001";"NE_0001";"NE_0001";"NE_0001";"NE_0001"
"2023";"10";"060601";"CAJAMARCA";"CUTERVO";"CUTERVO";"GOBIERNO REGIONAL";"I-1";"00007431";"CONGA DE ALLANGA";"NE_0001";"";"NE_0001";"NE_0001";"NE_0001";"NE_0001";"NE_0001";"NE_0001";"NE_0001"
"2023";"10";"040201";"AREQUIPA";"CAMANA";"CAMANA";"GOBIERNO REGIONAL";"II-1";"00001344";"HOSPITAL DE CAMANA";"240100";"HOSPITALIZACIÓN QUIRÚRGICA CIRUGÍA GENERAL ";"33";"37";"192";"254";"12";"372";"0"
"2023";"10";"040201";"AREQUIPA";"CAMANA";"CAMANA";"GOBIERNO REGIONAL";"II-1";"00001344";"HOSPITAL DE CAMANA";"241200";"HOSPITALIZACIÓN QUIRÚRGICA TRAUMATOLOGÍA Y ORTOPEDIA ";"11";"14";"89";"151";"3";"293";"0"
"2023";"10";"040201";"AREQUIPA";"CAMANA";"CAMANA";"GOBIERNO REGIONAL";"II-1";"00001344";"HOSPITAL DE CAMANA";"241500";"HOSPITALIZACIÓN QUIRÚRGICA GINECOLOGÍA  ";"76";"81";"170";"232";"17";"427";"0"
"2023";"10";"040201";"AREQUIPA";"CAMANA";"CAMANA";"GOBIERNO REGIONAL";"II-1";"00001344";"HOSPITAL DE CAMANA";"241900";"HOSPITALIZACIÓN DE MEDICINA MEDICINA INTERNA ";"17";"28";"226";"288";"18";"488";"1"
"2023";"10";"040201";"AREQUIPA";"CAMANA";"CAMANA";"GOBIERNO REGIONAL";"II-1";"00001344";"HOSPITAL DE CAMANA";"242500";"HOSPITALIZACIÓN-PEDIATRÍA GENERAL-";"12";"13";"50";"112";"13";"303";"0"
"2023";"10";"040201";"AREQUIPA";"CAMANA";"CAMANA";"GOBIERNO REGIONAL";"II-1";"00001344";"HOSPITAL DE CAMANA";"243200";"HOSPITALIZACIÓN DE PEDIATRÍA PEDIATRIA NEONATOLOGÍA";"21";"22";"44";"106";"8";"208";"0"
"2023";"10";"060601";"CAJAMARCA";"CUTERVO";"CUTERVO";"GOBIERNO REGIONAL";"I-1";"00004998";"EL CARDON";"NE_0001";"";"NE_0001";"NE_0001";"NE_0001";"NE_0001";"NE_0001";"NE_0001";"NE_0001"
"2023";"10";"060601";"CAJAMARCA";"CUTERVO";"CUTERVO";"GOBIERNO REGIONAL";"I-1";"00006855";"AULLAN";"NE_0001";"";"NE_0001";"NE_0001";"NE_0001";"NE_0001";"NE_0001";"NE_0001";"NE_0001"
"2023";"10";"060601";"CAJAMARCA";"CUTERVO";"CUTERVO";"GOBIERNO REGIONAL";"I-2";"00007696";"MAMABAMBA";"NE_0001";"";"NE_0001";"NE_0001";"NE_0001";"NE_0001";"NE_0001";"NE_0001";"NE_0001"
"2023";"10";"060601";"CAJAMARCA";"CUTERVO";"CUTERVO";"GOBIERNO REGIONAL";"I-1";"00006834";"LUZPAMPA";"NE_0001";"";"NE_0001";"NE_0001";"NE_0001";"NE_0001";"NE_0001";"NE_0001";"NE_0001"
"2023";"10";"060601";"CAJAMARCA";"CUTERVO";"CUTERVO";"GOBIERNO REGIONAL";"I-1";"00007098";"YACANCATE";"NE_0001";"";"NE_0001";"NE_0001";"NE_0001";"NE_0001";"NE_0001";"NE_0001";"NE_0001"
"2023";"10";"060601";"CAJAMARCA";"CUTERVO";"CUTERVO";"GOBIERNO REGIONAL";"I-2";"00004984";"VALLE CALLACATE";"NE_0001";"";"NE_0001";"NE_0001";"NE_0001";"NE_0001";"NE_0001";"NE_0001";"NE_0001"
"2023";"10";"060601";"CAJAMARCA";"CUTERVO";"CUTERVO";"GOBIERNO REGIONAL";"I-2";"00004991";"LANCHE";"NE_0001";"";"NE_0001";"NE_0001";"NE_0001";"NE_0001";"NE_0001";"NE_0001";"NE_0001"
"2023";"10";"120301";"JUNIN";"CHANCHAMAYO";"CHANCHAMAYO";"GOBIERNO REGIONAL";"II-2";"00000308";"HOSPITAL REGIONAL DOCENTE DE MEDICINA TROPICAL DR. JULIO CESAR DEMARINI CARO";"241800";"HOSPITALIZACIÓN DE MEDICINA MEDICINA GENERAL ";"76";"63";"340";"374";"22";"682";"7"
"2023";"10";"120301";"JUNIN";"CHANCHAMAYO";"CHANCHAMAYO";"GOBIERNO REGIONAL";"II-2";"00000308";"HOSPITAL REGIONAL DOCENTE DE MEDICINA TROPICAL DR. JULIO CESAR DEMARINI CARO";"242500";"HOSPITALIZACIÓN-PEDIATRÍA GENERAL-";"60";"57";"280";"258";"16";"496";"2"
"2023";"10";"120301";"JUNIN";"CHANCHAMAYO";"CHANCHAMAYO";"GOBIERNO REGIONAL";"II-2";"00000308";"HOSPITAL REGIONAL DOCENTE DE MEDICINA TROPICAL DR. JULIO CESAR DEMARINI CARO";"240100";"HOSPITALIZACIÓN QUIRÚRGICA CIRUGÍA GENERAL ";"142";"135";"466";"405";"25";"775";"0"
"2023";"10";"120301";"JUNIN";"CHANCHAMAYO";"CHANCHAMAYO";"GOBIERNO REGIONAL";"II-2";"00000308";"HOSPITAL REGIONAL DOCENTE DE MEDICINA TROPICAL DR. JULIO CESAR DEMARINI CARO";"241200";"HOSPITALIZACIÓN QUIRÚRGICA TRAUMATOLOGÍA Y ORTOPEDIA ";"49";"47";"183";"204";"8";"248";"0"
"2023";"10";"120301";"JUNIN";"CHANCHAMAYO";"CHANCHAMAYO";"GOBIERNO REGIONAL";"II-2";"00000308";"HOSPITAL REGIONAL DOCENTE DE MEDICINA TROPICAL DR. JULIO CESAR DEMARINI CARO";"241500";"HOSPITALIZACIÓN QUIRÚRGICA GINECOLOGÍA  ";"22";"18";"69";"80";"3";"93";"0"
"2023";"10";"120301";"JUNIN";"CHANCHAMAYO";"CHANCHAMAYO";"GOBIERNO REGIONAL";"II-2";"00000308";"HOSPITAL REGIONAL DOCENTE DE MEDICINA TROPICAL DR. JULIO CESAR DEMARINI CARO";"241600";"HOSPITALIZACIÓN QUIRÚRGICA OBSTETRICIA   ";"108";"107";"296";"309";"13";"403";"0"
"2023";"10";"120301";"JUNIN";"CHANCHAMAYO";"CHANCHAMAYO";"GOBIERNO REGIONAL";"II-2";"00000308";"HOSPITAL REGIONAL DOCENTE DE MEDICINA TROPICAL DR. JULIO CESAR DEMARINI CARO";"241400";"HOSPITALIZACIÓN QUIRÚRGICA GINECO - OBSTETRICIA ";"35";"38";"96";"74";"7";"217";"0"
"2023";"10";"120301";"JUNIN";"CHANCHAMAYO";"CHANCHAMAYO";"GOBIERNO REGIONAL";"II-2";"00000308";"HOSPITAL REGIONAL DOCENTE DE MEDICINA TROPICAL DR. JULIO CESAR DEMARINI CARO";"242200";"HOSPITALIZACIÓN DE MEDICINA PSIQUIATRÍA ";"4";"7";"254";"116";"8";"248";"0"
"2023";"10";"120301";"JUNIN";"CHANCHAMAYO";"CHANCHAMAYO";"GOBIERNO REGIONAL";"II-2";"00000308";"HOSPITAL REGIONAL DOCENTE DE MEDICINA TROPICAL DR. JULIO CESAR DEMARINI CARO";"250103";"UNIDAD DE CUIDADOS CRITICOS UNIDAD  DE CUIDADOS INTENSIVOS GENERALES  (UCI) MEDICINA";"19";"7";"98";"129";"6";"186";"7"
"2023";"10";"080907";"CUSCO";"LA CONVENCION";"KIMBIRI";"GOBIERNO REGIONAL";"II-E";"00002469";"SAN JUAN DE KIMBIRI-VRAEM";"240100";"HOSPITALIZACIÓN QUIRÚRGICA CIRUGÍA GENERAL ";"23";"23";"119";"120";"13";"403";"0"
"2023";"10";"080907";"CUSCO";"LA CONVENCION";"KIMBIRI";"GOBIERNO REGIONAL";"II-E";"00002469";"SAN JUAN DE KIMBIRI-VRAEM";"241400";"HOSPITALIZACIÓN QUIRÚRGICA GINECO - OBSTETRICIA ";"107";"109";"247";"394";"10";"403";"0"
"2023";"10";"080907";"CUSCO";"LA CONVENCION";"KIMBIRI";"GOBIERNO REGIONAL";"II-E";"00002469";"SAN JUAN DE KIMBIRI-VRAEM";"241800";"HOSPITALIZACIÓN DE MEDICINA MEDICINA GENERAL ";"24";"25";"115";"113";"5";"157";"0"
"2023";"10";"080907";"CUSCO";"LA CONVENCION";"KIMBIRI";"GOBIERNO REGIONAL";"II-E";"00002469";"SAN JUAN DE KIMBIRI-VRAEM";"242500";"HOSPITALIZACIÓN-PEDIATRÍA GENERAL-";"59";"68";"246";"219";"15";"465";"0"
"2023";"10";"150132";"LIMA";"LIMA";"SAN JUAN DE LURIGANCHO";"PRIVADO";"II-2";"00008271";"CLINICA SAN JUAN BAUTISTA";"240000";"HOSPITALIZACIÓN";"118";"112";"268";"405";"40";"1240";"0"
"2023";"10";"150132";"LIMA";"LIMA";"SAN JUAN DE LURIGANCHO";"PRIVADO";"II-2";"00008271";"CLINICA SAN JUAN BAUTISTA";"250100";"UNIDAD DE CUIDADOS CRITICOS UNIDAD  DE CUIDADOS INTENSIVOS GENERALES (UCI) ";"17";"14";"29";"47";"7";"217";"2"
"2023";"10";"140101";"LAMBAYEQUE";"CHICLAYO";"CHICLAYO";"PRIVADO";"II-E";"00026706";"CLINICA UNION SAC.";"241400";"HOSPITALIZACIÓN QUIRÚRGICA GINECO - OBSTETRICIA ";"85";"80";"124";"150";"6";"160";"0"
"2023";"10";"140101";"LAMBAYEQUE";"CHICLAYO";"CHICLAYO";"PRIVADO";"II-E";"00026706";"CLINICA UNION SAC.";"240100";"HOSPITALIZACIÓN QUIRÚRGICA CIRUGÍA GENERAL ";"78";"60";"109";"115";"3";"120";"0"
"2023";"10";"140101";"LAMBAYEQUE";"CHICLAYO";"CHICLAYO";"PRIVADO";"II-E";"00026706";"CLINICA UNION SAC.";"241300";"HOSPITALIZACIÓN QUIRÚRGICA UROLOGÍA  ";"25";"33";"47";"55";"2";"60";"0"
"2023";"10";"140101";"LAMBAYEQUE";"CHICLAYO";"CHICLAYO";"PRIVADO";"II-E";"00026706";"CLINICA UNION SAC.";"240200";"HOSPITALIZACIÓN QUIRÚRGICA CIRUGÍA DE CABEZA Y CUELLO / MÁXILO FACIAL ";"12";"9";"14";"5";"1";"75";"0"
"2023";"10";"140101";"LAMBAYEQUE";"CHICLAYO";"CHICLAYO";"PRIVADO";"II-E";"00026706";"CLINICA UNION SAC.";"241200";"HOSPITALIZACIÓN QUIRÚRGICA TRAUMATOLOGÍA Y ORTOPEDIA ";"16";"6";"17";"18";"1";"25";"0"
"2023";"10";"140101";"LAMBAYEQUE";"CHICLAYO";"CHICLAYO";"PRIVADO";"II-E";"00026706";"CLINICA UNION SAC.";"240800";"HOSPITALIZACIÓN QUIRÚRGICA CIRUGÍA PLÁSTICA/RECONSTRUCTIVA/ REPARADORA ";"6";"5";"7";"18";"1";"36";"0"
"2023";"10";"140101";"LAMBAYEQUE";"CHICLAYO";"CHICLAYO";"PRIVADO";"II-E";"00026706";"CLINICA UNION SAC.";"240400";"HOSPITALIZACIÓN QUIRÚRGICA CIRUGÍA DE TÓRAX Y CARDIOVASCULAR ";"8";"4";"9";"18";"1";"24";"0"
"2023";"10";"140101";"LAMBAYEQUE";"CHICLAYO";"CHICLAYO";"PRIVADO";"II-E";"00026706";"CLINICA UNION SAC.";"240900";"HOSPITALIZACIÓN QUIRÚRGICA NEUROCIRUGÍA ";"3";"6";"8";"20";"1";"30";"0"
"2023";"10";"140101";"LAMBAYEQUE";"CHICLAYO";"CHICLAYO";"PRIVADO";"II-E";"00026706";"CLINICA UNION SAC.";"241900";"HOSPITALIZACIÓN DE MEDICINA MEDICINA INTERNA ";"4";"3";"7";"7";"1";"12";"0"
"2023";"10";"130101";"LA LIBERTAD";"TRUJILLO";"TRUJILLO";"PRIVADO";"II-1";"00027358";"CLÍNICA CRISTO REDENTOR";"240100";"HOSPITALIZACIÓN QUIRÚRGICA CIRUGÍA GENERAL ";"16";"16";"16";"16";"8";"240";"0"
"2023";"10";"130101";"LA LIBERTAD";"TRUJILLO";"TRUJILLO";"PRIVADO";"II-1";"00027358";"CLÍNICA CRISTO REDENTOR";"241900";"HOSPITALIZACIÓN DE MEDICINA MEDICINA INTERNA ";"4";"4";"4";"4";"8";"240";"0"
"2023";"10";"021301";"ANCASH";"MARISCAL LUZURIAGA";"PISCOBAMBA";"GOBIERNO REGIONAL";"I-1";"00001784";"PUESTO DE SALUD SOCOSBAMBA";"NE_0002";"";"NE_0002";"NE_0002";"NE_0002";"NE_0002";"NE_0002";"NE_0002";"NE_0002"
"2023";"10";"021303";"ANCASH";"MARISCAL LUZURIAGA";"ELEAZAR GUZMAN BARRON";"GOBIERNO REGIONAL";"I-1";"00001786";"PUESTO DE SALUD PAMPACHACRA";"NE_0001";"";"NE_0001";"NE_0001";"NE_0001";"NE_0001";"NE_0001";"NE_0001";"NE_0001"
"2023";"10";"021303";"ANCASH";"MARISCAL LUZURIAGA";"ELEAZAR GUZMAN BARRON";"GOBIERNO REGIONAL";"I-1";"00001787";"PUESTO DE SALUD PUMPA";"NE_0001";"";"NE_0001";"NE_0001";"NE_0001";"NE_0001";"NE_0001";"NE_0001";"NE_0001"
"2023";"10";"021305";"ANCASH";"MARISCAL LUZURIAGA";"LLAMA";"GOBIERNO REGIONAL";"I-2";"00001788";"PUESTO DE SALUD LLAMA";"NE_0001";"";"NE_0001";"NE_0001";"NE_0001";"NE_0001";"NE_0001";"NE_0001";"NE_0001"
"2023";"11";"200104";"PIURA";"PIURA";"CASTILLA";"PRIVADO";"0";"00013494";"AUNA CLINICA MIRAFLORES";"240000";"HOSPITALIZACIÓN";"61";"225";"899";"839";"40";"1200";"0"
"2023";"11";"200104";"PIURA";"PIURA";"CASTILLA";"PRIVADO";"0";"00013494";"AUNA CLINICA MIRAFLORES";"250100";"UNIDAD DE CUIDADOS CRITICOS UNIDAD  DE CUIDADOS INTENSIVOS GENERALES (UCI) ";"10";"4";"28";"92";"6";"180";"1"
"2023";"11";"150122";"LIMA";"LIMA";"MIRAFLORES";"SANIDAD DE LA FUERZA AEREA DEL PERU";"III-1";"00010751";"HOSPITAL CENTRAL DE LA FUERZA AEREA DEL PERU";"240000";"HOSPITALIZACIÓN";"379";"348";"2882";"3468";"264";"5564";"23"
"2023";"11";"050201";"AYACUCHO";"CANGALLO";"CANGALLO";"GOBIERNO REGIONAL";"II-1";"00003494";"HOSPITAL DE APOYO CANGALLO";"240100";"HOSPITALIZACIÓN QUIRÚRGICA CIRUGÍA GENERAL ";"21";"23";"107";"23";"4";"124";"0"
"2023";"11";"050201";"AYACUCHO";"CANGALLO";"CANGALLO";"GOBIERNO REGIONAL";"II-1";"00003494";"HOSPITAL DE APOYO CANGALLO";"241400";"HOSPITALIZACIÓN QUIRÚRGICA GINECO - OBSTETRICIA ";"17";"18";"48";"27";"2";"62";"0"
"2023";"11";"050201";"AYACUCHO";"CANGALLO";"CANGALLO";"GOBIERNO REGIONAL";"II-1";"00003494";"HOSPITAL DE APOYO CANGALLO";"241600";"HOSPITALIZACIÓN QUIRÚRGICA OBSTETRICIA   ";"7";"7";"14";"23";"6";"186";"0"
"2023";"11";"050201";"AYACUCHO";"CANGALLO";"CANGALLO";"GOBIERNO REGIONAL";"II-1";"00003494";"HOSPITAL DE APOYO CANGALLO";"241800";"HOSPITALIZACIÓN DE MEDICINA MEDICINA GENERAL ";"3";"5";"7";"12";"4";"124";"1"
"2023";"11";"050201";"AYACUCHO";"CANGALLO";"CANGALLO";"GOBIERNO REGIONAL";"II-1";"00003494";"HOSPITAL DE APOYO CANGALLO";"242500";"HOSPITALIZACIÓN-PEDIATRÍA GENERAL-";"3";"3";"11";"2";"4";"124";"0"
"2023";"11";"150801";"LIMA";"HUAURA";"HUACHO";"PRIVADO";"II-1";"00010883";"CLINICA SAN PEDRO";"240100";"HOSPITALIZACIÓN QUIRÚRGICA CIRUGÍA GENERAL ";"25";"21";"32";"25";"2";"60";"0"
"2023";"11";"150801";"LIMA";"HUAURA";"HUACHO";"PRIVADO";"II-1";"00010883";"CLINICA SAN PEDRO";"241500";"HOSPITALIZACIÓN QUIRÚRGICA GINECOLOGÍA  ";"26";"26";"42";"24";"4";"120";"0"
"2023";"11";"150801";"LIMA";"HUAURA";"HUACHO";"PRIVADO";"II-1";"00010883";"CLINICA SAN PEDRO";"241900";"HOSPITALIZACIÓN DE MEDICINA MEDICINA INTERNA ";"3";"3";"12";"3";"5";"150";"0"
"2023";"11";"150801";"LIMA";"HUAURA";"HUACHO";"PRIVADO";"II-1";"00010883";"CLINICA SAN PEDRO";"241200";"HOSPITALIZACIÓN QUIRÚRGICA TRAUMATOLOGÍA Y ORTOPEDIA ";"52";"52";"37";"37";"2";"60";"0"
"2023";"11";"150801";"LIMA";"HUAURA";"HUACHO";"PRIVADO";"II-1";"00010883";"CLINICA SAN PEDRO";"242500";"HOSPITALIZACIÓN-PEDIATRÍA GENERAL-";"1";"1";"2";"1";"1";"30";"0"
"2023";"11";"120303";"JUNIN";"CHANCHAMAYO";"PICHANAQUI";"GOBIERNO REGIONAL";"I-2";"00000341";"IMPITATO CASCADA";"NE_0001";"";"NE_0001";"NE_0001";"NE_0001";"NE_0001";"NE_0001";"NE_0001";"NE_0001"
"2023";"11";"120303";"JUNIN";"CHANCHAMAYO";"PICHANAQUI";"GOBIERNO REGIONAL";"I-2";"00000345";"PAMPA CAMONA";"NE_0001";"";"NE_0001";"NE_0001";"NE_0001";"NE_0001";"NE_0001";"NE_0001";"NE_0001"
"2023";"11";"120303";"JUNIN";"CHANCHAMAYO";"PICHANAQUI";"GOBIERNO REGIONAL";"I-2";"00000352";"UNION SHIMASHIRO";"NE_0001";"";"NE_0001";"NE_0001";"NE_0001";"NE_0001";"NE_0001";"NE_0001";"NE_0001"
"2023";"11";"120303";"JUNIN";"CHANCHAMAYO";"PICHANAQUI";"GOBIERNO REGIONAL";"I-2";"00000342";"PRIMAVERA";"NE_0001";"";"NE_0001";"NE_0001";"NE_0001";"NE_0001";"NE_0001";"NE_0001";"NE_0001"
"2023";"10";"081207";"CUSCO";"QUISPICANCHI";"HUARO";"SANIDAD DE LA POLICIA NACIONAL DEL PERU";"I-2";"00011747";"POSTA MEDICA POLICIAL PUCUTO";"NE_0001";"";"NE_0001";"NE_0001";"NE_0001";"NE_0001";"NE_0001";"NE_0001";"NE_0001"
"2023";"10";"150108";"LIMA";"LIMA";"CHORRILLOS";"SANIDAD DEL EJERCITO DEL PERU";"I-4";"00018171";"POLICLINICO MILITAR CHORRILLOS";"NE_0001";"";"NE_0001";"NE_0001";"NE_0001";"NE_0001";"NE_0001";"NE_0001";"NE_0001"
"2023";"10";"120303";"JUNIN";"CHANCHAMAYO";"PICHANAQUI";"GOBIERNO REGIONAL";"I-2";"00000349";"BELEN DE ANAPIARI";"NE_0001";"";"NE_0001";"NE_0001";"NE_0001";"NE_0001";"NE_0001";"NE_0001";"NE_0001"
"2023";"10";"120303";"JUNIN";"CHANCHAMAYO";"PICHANAQUI";"GOBIERNO REGIONAL";"I-2";"00006711";"SAN FRANCISCO CENTRO KUVIRIANI";"NE_0001";"";"NE_0001";"NE_0001";"NE_0001";"NE_0001";"NE_0001";"NE_0001";"NE_0001"
"2023";"10";"120303";"JUNIN";"CHANCHAMAYO";"PICHANAQUI";"GOBIERNO REGIONAL";"I-3";"00000351";"HUACHIRIKI";"NE_0001";"";"NE_0001";"NE_0001";"NE_0001";"NE_0001";"NE_0001";"NE_0001";"NE_0001"
"2023";"10";"120303";"JUNIN";"CHANCHAMAYO";"PICHANAQUI";"GOBIERNO REGIONAL";"I-2";"00007371";"28 DE JULIO";"NE_0001";"";"NE_0001";"NE_0001";"NE_0001";"NE_0001";"NE_0001";"NE_0001";"NE_0001"
"2023";"10";"120303";"JUNIN";"CHANCHAMAYO";"PICHANAQUI";"GOBIERNO REGIONAL";"I-2";"00000346";"HUANTININI";"NE_0001";"";"NE_0001";"NE_0001";"NE_0001";"NE_0001";"NE_0001";"NE_0001";"NE_0001"
"2023";"10";"120303";"JUNIN";"CHANCHAMAYO";"PICHANAQUI";"GOBIERNO REGIONAL";"I-2";"00000348";"SAN JUAN CENTRO AUTIKI";"NE_0001";"";"NE_0001";"NE_0001";"NE_0001";"NE_0001";"NE_0001";"NE_0001";"NE_0001"
"2023";"10";"060802";"CAJAMARCA";"JAEN";"BELLAVISTA";"GOBIERNO REGIONAL";"I-3";"00004225";"AMBATO TAMBORAPA";"NE_0001";"";"NE_0001";"NE_0001";"NE_0001";"NE_0001";"NE_0001";"NE_0001";"NE_0001"
"2023";"10";"220501";"SAN MARTIN";"LAMAS";"LAMAS";"GOBIERNO REGIONAL";"I-1";"00006390";"LAS FLORES DEL RIO MAYO";"NE_0001";"";"NE_0001";"NE_0001";"NE_0001";"NE_0001";"NE_0001";"NE_0001";"NE_0001"
"2023";"10";"220501";"SAN MARTIN";"LAMAS";"LAMAS";"GOBIERNO REGIONAL";"I-1";"00006388";"SAN ANTONIO RIO MAYO";"NE_0001";"";"NE_0001";"NE_0001";"NE_0001";"NE_0001";"NE_0001";"NE_0001";"NE_0001"
"2023";"10";"220508";"SAN MARTIN";"LAMAS";"SAN ROQUE DE CUMBAZA";"GOBIERNO REGIONAL";"I-1";"00006386";"SAN ROQUE DE CUMBAZA";"NE_0001";"";"NE_0001";"NE_0001";"NE_0001";"NE_0001";"NE_0001";"NE_0001";"NE_0001"
"2023";"10";"220507";"SAN MARTIN";"LAMAS";"RUMISAPA";"GOBIERNO REGIONAL";"I-1";"00006393";"PACCHILLA";"NE_0001";"";"NE_0001";"NE_0001";"NE_0001";"NE_0001";"NE_0001";"NE_0001";"NE_0001"
"2023";"11";"150107";"LIMA";"LIMA";"CHACLACAYO";"SANIDAD DE LA POLICIA NACIONAL DEL PERU";"I-2";"00011227";"POSTA MEDICA POLICIAL CHACLACAYO";"NE_0001";"";"NE_0001";"NE_0001";"NE_0001";"NE_0001";"NE_0001";"NE_0001";"NE_0001"
"2023";"11";"070102";"CALLAO";"CALLAO";"BELLAVISTA";"PRIVADO";"I-2";"00023578";"CONSULTORIO MEDICO NUTRIMEDIC";"NE_0002";"";"NE_0002";"NE_0002";"NE_0002";"NE_0002";"NE_0002";"NE_0002";"NE_0002"
"2023";"11";"170101";"MADRE DE DIOS";"TAMBOPATA";"TAMBOPATA";"SANIDAD DEL EJERCITO DEL PERU";"I-2";"00009323";"POSTA MEDICA DE LA 6ta BRIGADA DE FUERZAS ESPECIALES";"NE_0001";"";"NE_0001";"NE_0001";"NE_0001";"NE_0001";"NE_0001";"NE_0001";"NE_0001"
"2023";"11";"060801";"CAJAMARCA";"JAEN";"JAEN";"GOBIERNO REGIONAL";"I-1";"00016137";"RINCONADA LAJEÑA";"NE_0001";"";"NE_0001";"NE_0001";"NE_0001";"NE_0001";"NE_0001";"NE_0001";"NE_0001"
"2023";"11";"060801";"CAJAMARCA";"JAEN";"JAEN";"GOBIERNO REGIONAL";"I-1";"00015392";"SAN JOSE DE LA ALIANZA";"NE_0001";"";"NE_0001";"NE_0001";"NE_0001";"NE_0001";"NE_0001";"NE_0001";"NE_0001"
"2023";"11";"220601";"SAN MARTIN";"MARISCAL CACERES";"JUANJUI";"GOBIERNO REGIONAL";"II-E";"00006919";"HOSPITAL II-E JUANJUI - MC LUIS IZQUIERDO VÁSQUEZ";"241400";"HOSPITALIZACIÓN QUIRÚRGICA GINECO - OBSTETRICIA ";"103";"109";"220";"220";"10";"300";"0"
"2023";"11";"220601";"SAN MARTIN";"MARISCAL CACERES";"JUANJUI";"GOBIERNO REGIONAL";"II-E";"00006919";"HOSPITAL II-E JUANJUI - MC LUIS IZQUIERDO VÁSQUEZ";"241600";"HOSPITALIZACIÓN QUIRÚRGICA OBSTETRICIA   ";"52";"56";"78";"78";"10";"300";"0"
"2023";"11";"220601";"SAN MARTIN";"MARISCAL CACERES";"JUANJUI";"GOBIERNO REGIONAL";"II-E";"00006919";"HOSPITAL II-E JUANJUI - MC LUIS IZQUIERDO VÁSQUEZ";"242500";"HOSPITALIZACIÓN-PEDIATRÍA GENERAL-";"51";"58";"155";"155";"12";"360";"1"
"2023";"11";"220601";"SAN MARTIN";"MARISCAL CACERES";"JUANJUI";"GOBIERNO REGIONAL";"II-E";"00006919";"HOSPITAL II-E JUANJUI - MC LUIS IZQUIERDO VÁSQUEZ";"241800";"HOSPITALIZACIÓN DE MEDICINA MEDICINA GENERAL ";"45";"49";"182";"182";"18";"540";"1"
"2023";"11";"220601";"SAN MARTIN";"MARISCAL CACERES";"JUANJUI";"GOBIERNO REGIONAL";"II-E";"00006919";"HOSPITAL II-E JUANJUI - MC LUIS IZQUIERDO VÁSQUEZ";"240100";"HOSPITALIZACIÓN QUIRÚRGICA CIRUGÍA GENERAL ";"36";"37";"96";"96";"6";"180";"0"
"2023";"11";"060811";"CAJAMARCA";"JAEN";"SAN JOSE DEL ALTO";"GOBIERNO REGIONAL";"I-1";"00018121";"EL PORVENIR";"NE_0001";"";"NE_0001";"NE_0001";"NE_0001";"NE_0001";"NE_0001";"NE_0001";"NE_0001"
"2023";"11";"060811";"CAJAMARCA";"JAEN";"SAN JOSE DEL ALTO";"GOBIERNO REGIONAL";"I-2";"00004260";"PEÑA BLANCA";"NE_0001";"";"NE_0001";"NE_0001";"NE_0001";"NE_0001";"NE_0001";"NE_0001";"NE_0001"
"2023";"11";"060811";"CAJAMARCA";"JAEN";"SAN JOSE DEL ALTO";"GOBIERNO REGIONAL";"I-1";"00013058";"SAN PEDRO";"NE_0001";"";"NE_0001";"NE_0001";"NE_0001";"NE_0001";"NE_0001";"NE_0001";"NE_0001"
"2023";"11";"120603";"JUNIN";"SATIPO";"LLAYLLA";"GOBIERNO REGIONAL";"I-1";"00000433";"BELEN";"NE_0001";"";"NE_0001";"NE_0001";"NE_0001";"NE_0001";"NE_0001";"NE_0001";"NE_0001"
"2023";"11";"120604";"JUNIN";"SATIPO";"MAZAMARI";"GOBIERNO REGIONAL";"I-2";"00000436";"PUEBLO LIBRE DE PAURIALI";"NE_0001";"";"NE_0001";"NE_0001";"NE_0001";"NE_0001";"NE_0001";"NE_0001";"NE_0001"
"2023";"11";"120604";"JUNIN";"SATIPO";"MAZAMARI";"GOBIERNO REGIONAL";"I-1";"00016911";"BUENOS AIRES";"NE_0001";"";"NE_0001";"NE_0001";"NE_0001";"NE_0001";"NE_0001";"NE_0001";"NE_0001"
"2023";"11";"120603";"JUNIN";"SATIPO";"LLAYLLA";"GOBIERNO REGIONAL";"I-3";"00000490";"LLAYLLA";"NE_0001";"";"NE_0001";"NE_0001";"NE_0001";"NE_0001";"NE_0001";"NE_0001";"NE_0001"
"2023";"11";"120603";"JUNIN";"SATIPO";"LLAYLLA";"GOBIERNO REGIONAL";"I-2";"00000491";"HERMOSA PAMPA";"NE_0001";"";"NE_0001";"NE_0001";"NE_0001";"NE_0001";"NE_0001";"NE_0001";"NE_0001"
"2023";"11";"120606";"JUNIN";"SATIPO";"PANGOA";"GOBIERNO REGIONAL";"I-1";"00000439";"SAN CRISTOBAL";"NE_0001";"";"NE_0001";"NE_0001";"NE_0001";"NE_0001";"NE_0001";"NE_0001";"NE_0001"
"2023";"11";"120604";"JUNIN";"SATIPO";"MAZAMARI";"GOBIERNO REGIONAL";"I-1";"00016909";"TEORIA";"NE_0001";"";"NE_0001";"NE_0001";"NE_0001";"NE_0001";"NE_0001";"NE_0001";"NE_0001"
"2023";"11";"120604";"JUNIN";"SATIPO";"MAZAMARI";"GOBIERNO REGIONAL";"I-4";"00000434";"MAZAMARI";"241600";"HOSPITALIZACIÓN QUIRÚRGICA OBSTETRICIA   ";"46";"46";"97";"97";"6";"180";"0"
"2023";"11";"120604";"JUNIN";"SATIPO";"MAZAMARI";"GOBIERNO REGIONAL";"I-4";"00000434";"MAZAMARI";"241800";"HOSPITALIZACIÓN DE MEDICINA MEDICINA GENERAL ";"15";"15";"54";"54";"8";"240";"0"
"2023";"11";"120604";"JUNIN";"SATIPO";"MAZAMARI";"GOBIERNO REGIONAL";"I-4";"00000434";"MAZAMARI";"242500";"HOSPITALIZACIÓN-PEDIATRÍA GENERAL-";"5";"8";"23";"23";"6";"180";"0"
"2023";"11";"120604";"JUNIN";"SATIPO";"MAZAMARI";"GOBIERNO REGIONAL";"I-2";"00000437";"PANGA";"NE_0001";"";"NE_0001";"NE_0001";"NE_0001";"NE_0001";"NE_0001";"NE_0001";"NE_0001"
"2023";"11";"120606";"JUNIN";"SATIPO";"PANGOA";"GOBIERNO REGIONAL";"I-3";"00000438";"TZIRIARI";"NE_0001";"";"NE_0001";"NE_0001";"NE_0001";"NE_0001";"NE_0001";"NE_0001";"NE_0001"
"2023";"11";"120604";"JUNIN";"SATIPO";"MAZAMARI";"GOBIERNO REGIONAL";"I-2";"00000435";"CAPIRUSHARI";"NE_0001";"";"NE_0001";"NE_0001";"NE_0001";"NE_0001";"NE_0001";"NE_0001";"NE_0001"
"2023";"11";"120604";"JUNIN";"SATIPO";"MAZAMARI";"GOBIERNO REGIONAL";"I-1";"00016908";"GLORIABAMBA";"NE_0001";"";"NE_0001";"NE_0001";"NE_0001";"NE_0001";"NE_0001";"NE_0001";"NE_0001"
"2023";"11";"120604";"JUNIN";"SATIPO";"MAZAMARI";"GOBIERNO REGIONAL";"I-1";"00016912";"VILLA PROGRESO DE EDEN";"NE_0001";"";"NE_0001";"NE_0001";"NE_0001";"NE_0001";"NE_0001";"NE_0001";"NE_0001"
"2023";"11";"080108";"CUSCO";"CUSCO";"WANCHAQ";"PRIVADO";"II-E";"00010023";"CORNEJO";"240800";"HOSPITALIZACIÓN QUIRÚRGICA CIRUGÍA PLÁSTICA/RECONSTRUCTIVA/ REPARADORA ";"1";"1";"3";"3";"5";"155";"0"
"2023";"11";"080108";"CUSCO";"CUSCO";"WANCHAQ";"PRIVADO";"II-E";"00010023";"CORNEJO";"240800";"HOSPITALIZACIÓN QUIRÚRGICA CIRUGÍA PLÁSTICA/RECONSTRUCTIVA/ REPARADORA ";"1";"1";"3";"3";"5";"155";"0"
"2023";"11";"080108";"CUSCO";"CUSCO";"WANCHAQ";"PRIVADO";"II-E";"00010023";"CORNEJO";"240800";"HOSPITALIZACIÓN QUIRÚRGICA CIRUGÍA PLÁSTICA/RECONSTRUCTIVA/ REPARADORA ";"1";"1";"3";"3";"5";"155";"0"
"2023";"11";"060602";"CAJAMARCA";"CUTERVO";"CALLAYUC";"GOBIERNO REGIONAL";"I-3";"00004959";"CALLAYUC";"NE_0001";"";"NE_0001";"NE_0001";"NE_0001";"NE_0001";"NE_0001";"NE_0001";"NE_0001"
"2023";"11";"060602";"CAJAMARCA";"CUTERVO";"CALLAYUC";"GOBIERNO REGIONAL";"I-1";"00006835";"CHURAS";"NE_0001";"";"NE_0001";"NE_0001";"NE_0001";"NE_0001";"NE_0001";"NE_0001";"NE_0001"
"2023";"11";"060602";"CAJAMARCA";"CUTERVO";"CALLAYUC";"GOBIERNO REGIONAL";"I-1";"00006944";"VILUCO";"NE_0001";"";"NE_0001";"NE_0001";"NE_0001";"NE_0001";"NE_0001";"NE_0001";"NE_0001"
"2023";"11";"060602";"CAJAMARCA";"CUTERVO";"CALLAYUC";"GOBIERNO REGIONAL";"I-1";"00006829";"PUQUIO DE CALLAYUC";"NE_0001";"";"NE_0001";"NE_0001";"NE_0001";"NE_0001";"NE_0001";"NE_0001";"NE_0001"
"2023";"11";"060602";"CAJAMARCA";"CUTERVO";"CALLAYUC";"GOBIERNO REGIONAL";"I-1";"00007368";"CUCHEA";"NE_0001";"";"NE_0001";"NE_0001";"NE_0001";"NE_0001";"NE_0001";"NE_0001";"NE_0001"
"2023";"11";"060602";"CAJAMARCA";"CUTERVO";"CALLAYUC";"GOBIERNO REGIONAL";"I-1";"00007100";"SAN JUAN DE CHORILLOS";"NE_0001";"";"NE_0001";"NE_0001";"NE_0001";"NE_0001";"NE_0001";"NE_0001";"NE_0001"
"2023";"11";"060602";"CAJAMARCA";"CUTERVO";"CALLAYUC";"GOBIERNO REGIONAL";"I-1";"00007369";"CHONTAS";"NE_0001";"";"NE_0001";"NE_0001";"NE_0001";"NE_0001";"NE_0001";"NE_0001";"NE_0001"
"2023";"11";"060602";"CAJAMARCA";"CUTERVO";"CALLAYUC";"GOBIERNO REGIONAL";"I-1";"00004961";"SAN JOSE DE LIRIO";"NE_0001";"";"NE_0001";"NE_0001";"NE_0001";"NE_0001";"NE_0001";"NE_0001";"NE_0001"
"2023";"11";"060602";"CAJAMARCA";"CUTERVO";"CALLAYUC";"GOBIERNO REGIONAL";"I-1";"00006830";"FILADELFIA";"NE_0001";"";"NE_0001";"NE_0001";"NE_0001";"NE_0001";"NE_0001";"NE_0001";"NE_0001"
"2023";"11";"060602";"CAJAMARCA";"CUTERVO";"CALLAYUC";"GOBIERNO REGIONAL";"I-2";"00004960";"EL CUMBE";"NE_0001";"";"NE_0001";"NE_0001";"NE_0001";"NE_0001";"NE_0001";"NE_0001";"NE_0001"
"2023";"11";"120403";"JUNIN";"JAUJA";"APATA";"GOBIERNO REGIONAL";"I-3";"00000409";"APATA";"NE_0001";"";"NE_0001";"NE_0001";"NE_0001";"NE_0001";"NE_0001";"NE_0001";"NE_0001"
"2023";"11";"120403";"JUNIN";"JAUJA";"APATA";"GOBIERNO REGIONAL";"I-1";"00000413";"PAUCAR APATA";"NE_0001";"";"NE_0001";"NE_0001";"NE_0001";"NE_0001";"NE_0001";"NE_0001";"NE_0001"
"2023";"11";"120407";"JUNIN";"JAUJA";"EL MANTARO";"GOBIERNO REGIONAL";"I-1";"00000414";"EL MANTARO";"NE_0001";"";"NE_0001";"NE_0001";"NE_0001";"NE_0001";"NE_0001";"NE_0001";"NE_0001"
"2023";"11";"120403";"JUNIN";"JAUJA";"APATA";"GOBIERNO REGIONAL";"I-1";"00000412";"CHICCHE";"NE_0001";"";"NE_0001";"NE_0001";"NE_0001";"NE_0001";"NE_0001";"NE_0001";"NE_0001"
"2023";"11";"120403";"JUNIN";"JAUJA";"APATA";"GOBIERNO REGIONAL";"I-1";"00000411";"SAN JOSE DE APATA";"NE_0001";"";"NE_0001";"NE_0001";"NE_0001";"NE_0001";"NE_0001";"NE_0001";"NE_0001"
"2023";"11";"120428";"JUNIN";"JAUJA";"SAN LORENZO";"GOBIERNO REGIONAL";"I-1";"00000416";"SAN LORENZO";"NE_0001";"";"NE_0001";"NE_0001";"NE_0001";"NE_0001";"NE_0001";"NE_0001";"NE_0001"
"2023";"11";"120403";"JUNIN";"JAUJA";"APATA";"GOBIERNO REGIONAL";"I-1";"00000410";"NUEVA ESPERANZA";"NE_0001";"";"NE_0001";"NE_0001";"NE_0001";"NE_0001";"NE_0001";"NE_0001";"NE_0001"
"2023";"11";"120408";"JUNIN";"JAUJA";"HUAMALI";"GOBIERNO REGIONAL";"I-2";"00000415";"HUAMALI";"NE_0001";"";"NE_0001";"NE_0001";"NE_0001";"NE_0001";"NE_0001";"NE_0001";"NE_0001"
"2023";"11";"120606";"JUNIN";"SATIPO";"PANGOA";"GOBIERNO REGIONAL";"I-1";"00000450";"ALTO KIATARI";"NE_0001";"";"NE_0001";"NE_0001";"NE_0001";"NE_0001";"NE_0001";"NE_0001";"NE_0001"
"2023";"11";"120606";"JUNIN";"SATIPO";"PANGOA";"GOBIERNO REGIONAL";"I-1";"00000453";"UNION CHAVINI";"NE_0001";"";"NE_0001";"NE_0001";"NE_0001";"NE_0001";"NE_0001";"NE_0001";"NE_0001"
"2023";"11";"120606";"JUNIN";"SATIPO";"PANGOA";"GOBIERNO REGIONAL";"I-1";"00000440";"SAN JOSE DE MIRAFLORES";"NE_0001";"";"NE_0001";"NE_0001";"NE_0001";"NE_0001";"NE_0001";"NE_0001";"NE_0001"
"2023";"11";"120606";"JUNIN";"SATIPO";"PANGOA";"GOBIERNO REGIONAL";"I-1";"00000458";"VILCABAMBA";"NE_0001";"";"NE_0001";"NE_0001";"NE_0001";"NE_0001";"NE_0001";"NE_0001";"NE_0001"
"2023";"11";"060401";"CAJAMARCA";"CHOTA";"CHOTA";"GOBIERNO REGIONAL";"II-1";"00004659";"HOSPITAL DE APOYO CHOTA - JOSE SOTO CADENILLAS";"240100";"HOSPITALIZACIÓN QUIRÚRGICA CIRUGÍA GENERAL ";"71";"78";"304";"452";"16";"480";"0"
"2023";"11";"120606";"JUNIN";"SATIPO";"PANGOA";"GOBIERNO REGIONAL";"I-2";"00000447";"VILLA MARIA";"NE_0001";"";"NE_0001";"NE_0001";"NE_0001";"NE_0001";"NE_0001";"NE_0001";"NE_0001"
"2023";"11";"120606";"JUNIN";"SATIPO";"PANGOA";"GOBIERNO REGIONAL";"I-3";"00000443";"SAN RAMON DE PANGOA";"NE_0001";"";"NE_0001";"NE_0001";"NE_0001";"NE_0001";"NE_0001";"NE_0001";"NE_0001"
"2023";"11";"120606";"JUNIN";"SATIPO";"PANGOA";"GOBIERNO REGIONAL";"I-1";"00000456";"SANTA ROSA ALTO KIATARI";"NE_0001";"";"NE_0001";"NE_0001";"NE_0001";"NE_0001";"NE_0001";"NE_0001";"NE_0001"
"2023";"11";"120606";"JUNIN";"SATIPO";"PANGOA";"GOBIERNO REGIONAL";"I-2";"00000444";"CHAVINI";"NE_0001";"";"NE_0001";"NE_0001";"NE_0001";"NE_0001";"NE_0001";"NE_0001";"NE_0001"
"2023";"11";"060401";"CAJAMARCA";"CHOTA";"CHOTA";"GOBIERNO REGIONAL";"II-1";"00004659";"HOSPITAL DE APOYO CHOTA - JOSE SOTO CADENILLAS";"241400";"HOSPITALIZACIÓN QUIRÚRGICA GINECO - OBSTETRICIA ";"162";"177";"426";"445";"20";"600";"0"
"2023";"09";"130102";"LA LIBERTAD";"TRUJILLO";"EL PORVENIR";"GOBIERNO REGIONAL";"II-1";"00005209";"HOSPITAL DISTRITAL DE EL PORVENIR SANTA ISABEL";"241800";"HOSPITALIZACIÓN DE MEDICINA MEDICINA GENERAL ";"29";"28";"94";"94";"6";"180";"0"
"2023";"09";"130102";"LA LIBERTAD";"TRUJILLO";"EL PORVENIR";"GOBIERNO REGIONAL";"II-1";"00005209";"HOSPITAL DISTRITAL DE EL PORVENIR SANTA ISABEL";"243200";"HOSPITALIZACIÓN DE PEDIATRÍA PEDIATRIA NEONATOLOGÍA";"4";"5";"24";"24";"8";"240";"0"
"2023";"09";"130102";"LA LIBERTAD";"TRUJILLO";"EL PORVENIR";"GOBIERNO REGIONAL";"II-1";"00005209";"HOSPITAL DISTRITAL DE EL PORVENIR SANTA ISABEL";"242300";"HOSPITALIZACIÓN DE PEDIATRÍA  PEDIATRÍA  GENERAL ";"12";"12";"37";"37";"3";"90";"0"
"2023";"09";"130102";"LA LIBERTAD";"TRUJILLO";"EL PORVENIR";"GOBIERNO REGIONAL";"II-1";"00005209";"HOSPITAL DISTRITAL DE EL PORVENIR SANTA ISABEL";"241400";"HOSPITALIZACIÓN QUIRÚRGICA GINECO - OBSTETRICIA ";"44";"43";"65";"65";"10";"300";"0"
"2023";"09";"130102";"LA LIBERTAD";"TRUJILLO";"EL PORVENIR";"GOBIERNO REGIONAL";"II-1";"00005209";"HOSPITAL DISTRITAL DE EL PORVENIR SANTA ISABEL";"241500";"HOSPITALIZACIÓN QUIRÚRGICA GINECOLOGÍA  ";"16";"16";"28";"28";"3";"90";"0"
"2023";"10";"120303";"JUNIN";"CHANCHAMAYO";"PICHANAQUI";"GOBIERNO REGIONAL";"I-2";"00014383";"SAN JOSE DE ANAPIARI";"NE_0001";"";"NE_0001";"NE_0001";"NE_0001";"NE_0001";"NE_0001";"NE_0001";"NE_0001"
"2023";"10";"250105";"UCAYALI";"CORONEL PORTILLO";"YARINACOCHA";"GOBIERNO REGIONAL";"II-2";"00005577";"HOSPITAL AMAZONICO - YARINACOCHA";"241400";"HOSPITALIZACIÓN QUIRÚRGICA GINECO - OBSTETRICIA ";"327";"360";"967";"1323";"62";"1922";"0"
"2023";"10";"250105";"UCAYALI";"CORONEL PORTILLO";"YARINACOCHA";"GOBIERNO REGIONAL";"II-2";"00005577";"HOSPITAL AMAZONICO - YARINACOCHA";"242500";"HOSPITALIZACIÓN-PEDIATRÍA GENERAL-";"41";"53";"373";"381";"21";"651";"2"
"2023";"10";"250105";"UCAYALI";"CORONEL PORTILLO";"YARINACOCHA";"GOBIERNO REGIONAL";"II-2";"00005577";"HOSPITAL AMAZONICO - YARINACOCHA";"250105";"UNIDAD DE CUIDADOS CRITICOS UNIDAD  DE CUIDADOS INTENSIVOS  (UCI) NEONATOLOGÍA";"5";"7";"40";"47";"6";"186";"3"
"2023";"10";"250105";"UCAYALI";"CORONEL PORTILLO";"YARINACOCHA";"GOBIERNO REGIONAL";"II-2";"00005577";"HOSPITAL AMAZONICO - YARINACOCHA";"240100";"HOSPITALIZACIÓN QUIRÚRGICA CIRUGÍA GENERAL ";"133";"152";"688";"729";"26";"806";"0"
"2023";"10";"250105";"UCAYALI";"CORONEL PORTILLO";"YARINACOCHA";"GOBIERNO REGIONAL";"II-2";"00005577";"HOSPITAL AMAZONICO - YARINACOCHA";"241800";"HOSPITALIZACIÓN DE MEDICINA MEDICINA GENERAL ";"48";"68";"709";"727";"29";"899";"3"
"2023";"10";"250105";"UCAYALI";"CORONEL PORTILLO";"YARINACOCHA";"GOBIERNO REGIONAL";"II-2";"00005577";"HOSPITAL AMAZONICO - YARINACOCHA";"242200";"HOSPITALIZACIÓN DE MEDICINA PSIQUIATRÍA ";"1";"5";"120";"122";"9";"279";"0"
"2023";"10";"250105";"UCAYALI";"CORONEL PORTILLO";"YARINACOCHA";"GOBIERNO REGIONAL";"II-2";"00005577";"HOSPITAL AMAZONICO - YARINACOCHA";"243200";"HOSPITALIZACIÓN DE PEDIATRÍA PEDIATRIA NEONATOLOGÍA";"25";"35";"334";"368";"12";"372";"1"
"2023";"10";"250105";"UCAYALI";"CORONEL PORTILLO";"YARINACOCHA";"GOBIERNO REGIONAL";"II-2";"00005577";"HOSPITAL AMAZONICO - YARINACOCHA";"250103";"UNIDAD DE CUIDADOS CRITICOS UNIDAD  DE CUIDADOS INTENSIVOS GENERALES  (UCI) MEDICINA";"1";"4";"183";"185";"9";"279";"1"
"2023";"10";"050104";"AYACUCHO";"HUAMANGA";"CARMEN ALTO";"SANIDAD DE LA POLICIA NACIONAL DEL PERU";"I-2";"00027415";"POSTA MEDICA POLICIAL EESTP PNP AYACUCHO";"NE_0001";"";"NE_0001";"NE_0001";"NE_0001";"NE_0001";"NE_0001";"NE_0001";"NE_0001"
"2023";"10";"160101";"LORETO";"MAYNAS";"IQUITOS";"PRIVADO";"I-3";"00012075";"SARLOR";"NE_0002";"";"NE_0002";"NE_0002";"NE_0002";"NE_0002";"NE_0002";"NE_0002";"NE_0002"
"2023";"10";"120709";"JUNIN";"TARMA";"TAPO";"GOBIERNO REGIONAL";"I-1";"00000581";"QUETA";"NE_0001";"";"NE_0001";"NE_0001";"NE_0001";"NE_0001";"NE_0001";"NE_0001";"NE_0001"
"2023";"10";"120709";"JUNIN";"TARMA";"TAPO";"GOBIERNO REGIONAL";"I-1";"00000578";"YURACMAYO";"NE_0001";"";"NE_0001";"NE_0001";"NE_0001";"NE_0001";"NE_0001";"NE_0001";"NE_0001"
"2023";"10";"120709";"JUNIN";"TARMA";"TAPO";"GOBIERNO REGIONAL";"I-1";"00000579";"MACO";"NE_0001";"";"NE_0001";"NE_0001";"NE_0001";"NE_0001";"NE_0001";"NE_0001";"NE_0001"
"2023";"10";"120709";"JUNIN";"TARMA";"TAPO";"GOBIERNO REGIONAL";"I-2";"00000577";"TAPO";"NE_0001";"";"NE_0001";"NE_0001";"NE_0001";"NE_0001";"NE_0001";"NE_0001";"NE_0001"
"2023";"10";"120709";"JUNIN";"TARMA";"TAPO";"GOBIERNO REGIONAL";"I-1";"00000580";"CASACOTO - SAN ANTONIO";"NE_0001";"";"NE_0001";"NE_0001";"NE_0001";"NE_0001";"NE_0001";"NE_0001";"NE_0001"
"2023";"10";"120709";"JUNIN";"TARMA";"TAPO";"GOBIERNO REGIONAL";"I-1";"00000582";"PACCHAC";"NE_0001";"";"NE_0001";"NE_0001";"NE_0001";"NE_0001";"NE_0001";"NE_0001";"NE_0001"
"2023";"10";"150133";"LIMA";"LIMA";"SAN JUAN DE MIRAFLORES";"PRIVADO";"II-E";"00016794";"CLINICA DIVINO NIÑO JESUS - ORDEN DE MALTA";"240000";"HOSPITALIZACIÓN";"47";"44";"142";"445";"16";"496";"0"
"2023";"10";"120114";"JUNIN";"HUANCAYO";"EL TAMBO";"PRIVADO";"II-E";"00025383";"CLINICA MEDICO QUIRURGICO HUANCAYO E.I.R.L.";"241200";"HOSPITALIZACIÓN QUIRÚRGICA TRAUMATOLOGÍA Y ORTOPEDIA ";"3";"3";"19";"4";"11";"330";"0"
"2023";"10";"120114";"JUNIN";"HUANCAYO";"EL TAMBO";"PRIVADO";"II-E";"00025383";"CLINICA MEDICO QUIRURGICO HUANCAYO E.I.R.L.";"240900";"HOSPITALIZACIÓN QUIRÚRGICA NEUROCIRUGÍA ";"2";"2";"2";"2";"13";"390";"0"
"2023";"10";"120114";"JUNIN";"HUANCAYO";"EL TAMBO";"PRIVADO";"II-E";"00025383";"CLINICA MEDICO QUIRURGICO HUANCAYO E.I.R.L.";"241100";"HOSPITALIZACIÓN QUIRÚRGICA OTORRINOLARINGOLOGÍA  ";"1";"1";"3";"2";"14";"420";"0"
"2023";"10";"120114";"JUNIN";"HUANCAYO";"EL TAMBO";"PRIVADO";"II-E";"00025383";"CLINICA MEDICO QUIRURGICO HUANCAYO E.I.R.L.";"241800";"HOSPITALIZACIÓN DE MEDICINA MEDICINA GENERAL ";"2";"2";"9";"3";"12";"360";"0"
"2023";"10";"240101";"TUMBES";"TUMBES";"TUMBES";"PRIVADO";"I-4";"00007795";"CENTRO MEDICO LA FAMILIA";"NE_0002";"";"NE_0002";"NE_0002";"NE_0002";"NE_0002";"NE_0002";"NE_0002";"NE_0002"
"2023";"10";"211101";"PUNO";"SAN ROMAN";"JULIACA";"GOBIERNO REGIONAL";"II-2";"00003299";"CARLOS MONJE MEDRANO";"240100";"HOSPITALIZACIÓN QUIRÚRGICA CIRUGÍA GENERAL ";"48";"59";"467";"59";"27";"837";"1"
"2023";"10";"211101";"PUNO";"SAN ROMAN";"JULIACA";"GOBIERNO REGIONAL";"II-2";"00003299";"CARLOS MONJE MEDRANO";"244300";"HOSPITALIZACIÓN DE MEDICINA GASTROENTEROLOGÍA  ";"13";"18";"107";"18";"6";"186";"0"
"2023";"10";"211101";"PUNO";"SAN ROMAN";"JULIACA";"GOBIERNO REGIONAL";"II-2";"00003299";"CARLOS MONJE MEDRANO";"241500";"HOSPITALIZACIÓN QUIRÚRGICA GINECOLOGÍA  ";"66";"73";"267";"73";"6";"186";"0"
"2023";"10";"211101";"PUNO";"SAN ROMAN";"JULIACA";"GOBIERNO REGIONAL";"II-2";"00003299";"CARLOS MONJE MEDRANO";"241800";"HOSPITALIZACIÓN DE MEDICINA MEDICINA GENERAL ";"76";"92";"619";"92";"9";"279";"8"
"2023";"10";"211101";"PUNO";"SAN ROMAN";"JULIACA";"GOBIERNO REGIONAL";"II-2";"00003299";"CARLOS MONJE MEDRANO";"243200";"HOSPITALIZACIÓN DE PEDIATRÍA PEDIATRIA NEONATOLOGÍA";"22";"30";"274";"30";"39";"1209";"0"
"2023";"10";"211101";"PUNO";"SAN ROMAN";"JULIACA";"GOBIERNO REGIONAL";"II-2";"00003299";"CARLOS MONJE MEDRANO";"245300";"HOSPITALIZACIÓN DE MEDICINA NEUMOLOGÍA  ";"7";"13";"220";"13";"6";"186";"2"
"2023";"10";"211101";"PUNO";"SAN ROMAN";"JULIACA";"GOBIERNO REGIONAL";"II-2";"00003299";"CARLOS MONJE MEDRANO";"240900";"HOSPITALIZACIÓN QUIRÚRGICA NEUROCIRUGÍA ";"15";"19";"185";"19";"12";"372";"1"
"2023";"10";"211101";"PUNO";"SAN ROMAN";"JULIACA";"GOBIERNO REGIONAL";"II-2";"00003299";"CARLOS MONJE MEDRANO";"241600";"HOSPITALIZACIÓN QUIRÚRGICA OBSTETRICIA   ";"238";"266";"913";"266";"27";"837";"0"
"2023";"10";"211101";"PUNO";"SAN ROMAN";"JULIACA";"GOBIERNO REGIONAL";"II-2";"00003299";"CARLOS MONJE MEDRANO";"242500";"HOSPITALIZACIÓN-PEDIATRÍA GENERAL-";"59";"74";"373";"74";"29";"899";"0"
"2023";"10";"211101";"PUNO";"SAN ROMAN";"JULIACA";"GOBIERNO REGIONAL";"II-2";"00003299";"CARLOS MONJE MEDRANO";"242200";"HOSPITALIZACIÓN DE MEDICINA PSIQUIATRÍA ";"2";"7";"132";"7";"3";"93";"0"
"2023";"10";"211101";"PUNO";"SAN ROMAN";"JULIACA";"GOBIERNO REGIONAL";"II-2";"00003299";"CARLOS MONJE MEDRANO";"241200";"HOSPITALIZACIÓN QUIRÚRGICA TRAUMATOLOGÍA Y ORTOPEDIA ";"45";"55";"336";"55";"12";"372";"0"
"2023";"10";"211101";"PUNO";"SAN ROMAN";"JULIACA";"GOBIERNO REGIONAL";"II-2";"00003299";"CARLOS MONJE MEDRANO";"250100";"UNIDAD DE CUIDADOS CRITICOS UNIDAD  DE CUIDADOS INTENSIVOS GENERALES (UCI) ";"0";"1";"11";"1";"6";"186";"1"
"2023";"10";"211101";"PUNO";"SAN ROMAN";"JULIACA";"GOBIERNO REGIONAL";"II-2";"00003299";"CARLOS MONJE MEDRANO";"250105";"UNIDAD DE CUIDADOS CRITICOS UNIDAD  DE CUIDADOS INTENSIVOS  (UCI) NEONATOLOGÍA";"20";"30";"323";"30";"6";"186";"4"
"2023";"10";"211101";"PUNO";"SAN ROMAN";"JULIACA";"GOBIERNO REGIONAL";"II-2";"00003299";"CARLOS MONJE MEDRANO";"250108";"UNIDAD DE CUIDADOS CRITICOS UNIDAD  DE CUIDADOS INTENSIVOS  (UCI) PEDIÁTRICA";"3";"5";"38";"5";"6";"186";"0"
"2023";"10";"211101";"PUNO";"SAN ROMAN";"JULIACA";"GOBIERNO REGIONAL";"II-2";"00003299";"CARLOS MONJE MEDRANO";"250200";"UNIDAD DE CUIDADOS CRITICOS UNIDAD DE CUIDADOS INTERMEDIOS GENERAL  (UCIN) ";"5";"6";"58";"6";"6";"186";"0"
"2023";"10";"211101";"PUNO";"SAN ROMAN";"JULIACA";"GOBIERNO REGIONAL";"II-2";"00003299";"CARLOS MONJE MEDRANO";"241300";"HOSPITALIZACIÓN QUIRÚRGICA UROLOGÍA  ";"5";"8";"52";"8";"3";"93";"0"
"2023";"10";"060701";"CAJAMARCA";"HUALGAYOC";"BAMBAMARCA";"GOBIERNO REGIONAL";"II-1";"00004782";"BAMBAMARCA - TITO VILLAR CABEZAS";"241400";"HOSPITALIZACIÓN QUIRÚRGICA GINECO - OBSTETRICIA ";"58";"58";"103";"127";"8";"248";"0"
"2023";"10";"060701";"CAJAMARCA";"HUALGAYOC";"BAMBAMARCA";"GOBIERNO REGIONAL";"II-1";"00004782";"BAMBAMARCA - TITO VILLAR CABEZAS";"241800";"HOSPITALIZACIÓN DE MEDICINA MEDICINA GENERAL ";"15";"18";"76";"72";"5";"155";"1"
"2023";"10";"060701";"CAJAMARCA";"HUALGAYOC";"BAMBAMARCA";"GOBIERNO REGIONAL";"II-1";"00004782";"BAMBAMARCA - TITO VILLAR CABEZAS";"240100";"HOSPITALIZACIÓN QUIRÚRGICA CIRUGÍA GENERAL ";"9";"11";"21";"19";"3";"93";"0"
"2023";"10";"060701";"CAJAMARCA";"HUALGAYOC";"BAMBAMARCA";"GOBIERNO REGIONAL";"II-1";"00004782";"BAMBAMARCA - TITO VILLAR CABEZAS";"242500";"HOSPITALIZACIÓN-PEDIATRÍA GENERAL-";"7";"7";"16";"13";"3";"93";"0"
"2023";"10";"150108";"LIMA";"LIMA";"CHORRILLOS";"SANIDAD DEL EJERCITO DEL PERU";"II-E";"00010098";"HOSPITAL MILITAR GERIATRICO";"240000";"HOSPITALIZACIÓN";"45";"41";"202";"225";"15";"465";"1"
"2023";"10";"030201";"APURIMAC";"ANDAHUAYLAS";"ANDAHUAYLAS";"PRIVADO";"II-E";"00014403";"CLINICA DEL NIÑO ANDAHUAYLAS";"NE_0001";"";"NE_0001";"NE_0001";"NE_0001";"NE_0001";"NE_0001";"NE_0001";"NE_0001"
"2023";"04";"110201";"ICA";"CHINCHA";"CHINCHA ALTA";"PRIVADO";"II-1";"00032741";"CLINICA NUEVA SALUD";"240100";"HOSPITALIZACIÓN QUIRÚRGICA CIRUGÍA GENERAL ";"7";"5";"7";"150";"6";"180";"0"
"2023";"04";"110201";"ICA";"CHINCHA";"CHINCHA ALTA";"PRIVADO";"II-1";"00032741";"CLINICA NUEVA SALUD";"240400";"HOSPITALIZACIÓN QUIRÚRGICA CIRUGÍA DE TÓRAX Y CARDIOVASCULAR ";"3";"1";"1";"150";"5";"150";"0"
"2023";"04";"110201";"ICA";"CHINCHA";"CHINCHA ALTA";"PRIVADO";"II-1";"00032741";"CLINICA NUEVA SALUD";"241200";"HOSPITALIZACIÓN QUIRÚRGICA TRAUMATOLOGÍA Y ORTOPEDIA ";"1";"1";"10";"150";"5";"150";"0"
"2023";"04";"110201";"ICA";"CHINCHA";"CHINCHA ALTA";"PRIVADO";"II-1";"00032741";"CLINICA NUEVA SALUD";"241800";"HOSPITALIZACIÓN DE MEDICINA MEDICINA GENERAL ";"11";"11";"8";"150";"5";"150";"0"
"2023";"04";"110201";"ICA";"CHINCHA";"CHINCHA ALTA";"PRIVADO";"II-1";"00032741";"CLINICA NUEVA SALUD";"242100";"HOSPITALIZACIÓN DE MEDICINA ONCOLOGÍA MÉDICA ";"1";"1";"1";"150";"5";"150";"0"
"2023";"04";"110201";"ICA";"CHINCHA";"CHINCHA ALTA";"PRIVADO";"II-1";"00032741";"CLINICA NUEVA SALUD";"244000";"HOSPITALIZACIÓN DE MEDICINA CARDIOLOGIA ";"5";"4";"10";"150";"5";"150";"0"
"2023";"04";"110201";"ICA";"CHINCHA";"CHINCHA ALTA";"PRIVADO";"II-1";"00032741";"CLINICA NUEVA SALUD";"244300";"HOSPITALIZACIÓN DE MEDICINA GASTROENTEROLOGÍA  ";"1";"1";"1";"150";"5";"150";"0"
"2023";"05";"110201";"ICA";"CHINCHA";"CHINCHA ALTA";"PRIVADO";"II-1";"00032741";"CLINICA NUEVA SALUD";"240100";"HOSPITALIZACIÓN QUIRÚRGICA CIRUGÍA GENERAL ";"2";"2";"7";"150";"6";"180";"0"
"2023";"05";"110201";"ICA";"CHINCHA";"CHINCHA ALTA";"PRIVADO";"II-1";"00032741";"CLINICA NUEVA SALUD";"240400";"HOSPITALIZACIÓN QUIRÚRGICA CIRUGÍA DE TÓRAX Y CARDIOVASCULAR ";"1";"1";"1";"150";"5";"150";"0"
"2023";"05";"110201";"ICA";"CHINCHA";"CHINCHA ALTA";"PRIVADO";"II-1";"00032741";"CLINICA NUEVA SALUD";"241300";"HOSPITALIZACIÓN QUIRÚRGICA UROLOGÍA  ";"2";"2";"10";"150";"5";"150";"0"
"2023";"05";"110201";"ICA";"CHINCHA";"CHINCHA ALTA";"PRIVADO";"II-1";"00032741";"CLINICA NUEVA SALUD";"241800";"HOSPITALIZACIÓN DE MEDICINA MEDICINA GENERAL ";"24";"13";"18";"150";"5";"150";"0"
"2023";"05";"110201";"ICA";"CHINCHA";"CHINCHA ALTA";"PRIVADO";"II-1";"00032741";"CLINICA NUEVA SALUD";"241900";"HOSPITALIZACIÓN DE MEDICINA MEDICINA INTERNA ";"2";"1";"1";"150";"5";"150";"0"
"2023";"05";"110201";"ICA";"CHINCHA";"CHINCHA ALTA";"PRIVADO";"II-1";"00032741";"CLINICA NUEVA SALUD";"242100";"HOSPITALIZACIÓN DE MEDICINA ONCOLOGÍA MÉDICA ";"1";"1";"10";"150";"5";"150";"0"
"2023";"06";"110201";"ICA";"CHINCHA";"CHINCHA ALTA";"PRIVADO";"II-1";"00032741";"CLINICA NUEVA SALUD";"240100";"HOSPITALIZACIÓN QUIRÚRGICA CIRUGÍA GENERAL ";"6";"6";"7";"150";"6";"180";"0"
"2023";"06";"110201";"ICA";"CHINCHA";"CHINCHA ALTA";"PRIVADO";"II-1";"00032741";"CLINICA NUEVA SALUD";"241200";"HOSPITALIZACIÓN QUIRÚRGICA TRAUMATOLOGÍA Y ORTOPEDIA ";"1";"1";"1";"150";"5";"150";"0"
"2023";"06";"110201";"ICA";"CHINCHA";"CHINCHA ALTA";"PRIVADO";"II-1";"00032741";"CLINICA NUEVA SALUD";"241800";"HOSPITALIZACIÓN DE MEDICINA MEDICINA GENERAL ";"11";"10";"10";"150";"5";"150";"0"
"2023";"06";"110201";"ICA";"CHINCHA";"CHINCHA ALTA";"PRIVADO";"II-1";"00032741";"CLINICA NUEVA SALUD";"244000";"HOSPITALIZACIÓN DE MEDICINA CARDIOLOGIA ";"5";"4";"8";"150";"5";"150";"0"
"2023";"07";"110201";"ICA";"CHINCHA";"CHINCHA ALTA";"PRIVADO";"II-1";"00032741";"CLINICA NUEVA SALUD";"240100";"HOSPITALIZACIÓN QUIRÚRGICA CIRUGÍA GENERAL ";"2";"1";"7";"150";"6";"180";"0"
"2023";"07";"110201";"ICA";"CHINCHA";"CHINCHA ALTA";"PRIVADO";"II-1";"00032741";"CLINICA NUEVA SALUD";"240400";"HOSPITALIZACIÓN QUIRÚRGICA CIRUGÍA DE TÓRAX Y CARDIOVASCULAR ";"2";"2";"1";"150";"5";"150";"0"
"2023";"07";"110201";"ICA";"CHINCHA";"CHINCHA ALTA";"PRIVADO";"II-1";"00032741";"CLINICA NUEVA SALUD";"241800";"HOSPITALIZACIÓN DE MEDICINA MEDICINA GENERAL ";"7";"4";"10";"150";"5";"150";"0"
"2023";"07";"110201";"ICA";"CHINCHA";"CHINCHA ALTA";"PRIVADO";"II-1";"00032741";"CLINICA NUEVA SALUD";"242500";"HOSPITALIZACIÓN-PEDIATRÍA GENERAL-";"1";"1";"8";"150";"5";"150";"0"
"2023";"10";"050401";"AYACUCHO";"HUANTA";"HUANTA";"GOBIERNO REGIONAL";"II-1";"00003655";"HOSPITAL DE APOYO DE HUANTA ""DANIEL ALCIDES CARRIÓN""";"241800";"HOSPITALIZACIÓN DE MEDICINA MEDICINA GENERAL ";"40";"52";"482";"398";"18";"367";"1"
"2023";"10";"050401";"AYACUCHO";"HUANTA";"HUANTA";"GOBIERNO REGIONAL";"II-1";"00003655";"HOSPITAL DE APOYO DE HUANTA ""DANIEL ALCIDES CARRIÓN""";"240100";"HOSPITALIZACIÓN QUIRÚRGICA CIRUGÍA GENERAL ";"29";"30";"118";"124";"14";"362";"0"
"2023";"10";"050401";"AYACUCHO";"HUANTA";"HUANTA";"GOBIERNO REGIONAL";"II-1";"00003655";"HOSPITAL DE APOYO DE HUANTA ""DANIEL ALCIDES CARRIÓN""";"242500";"HOSPITALIZACIÓN-PEDIATRÍA GENERAL-";"6";"6";"13";"16";"10";"300";"0"
"2023";"10";"050401";"AYACUCHO";"HUANTA";"HUANTA";"GOBIERNO REGIONAL";"II-1";"00003655";"HOSPITAL DE APOYO DE HUANTA ""DANIEL ALCIDES CARRIÓN""";"241500";"HOSPITALIZACIÓN QUIRÚRGICA GINECOLOGÍA  ";"17";"17";"27";"27";"6";"243";"0"
"2023";"10";"150136";"LIMA";"LIMA";"SAN MIGUEL";"PRIVADO";"I-3";"00017540";"MEPSO";"NE_0001";"";"NE_0001";"NE_0001";"NE_0001";"NE_0001";"NE_0001";"NE_0001";"NE_0001"
"2023";"10";"150141";"LIMA";"LIMA";"SURQUILLO";"PRIVADO";"I-3";"00023509";"MEDICINA EMPRESARIAL DE PREVENCIÓN EN SALUD OCUPACIONAL SAC";"NE_0001";"";"NE_0001";"NE_0001";"NE_0001";"NE_0001";"NE_0001";"NE_0001";"NE_0001"
"2023";"10";"150119";"LIMA";"LIMA";"LURIN";"PRIVADO";"I-3";"00027216";"MEPSO";"NE_0001";"";"NE_0001";"NE_0001";"NE_0001";"NE_0001";"NE_0001";"NE_0001";"NE_0001"
"2023";"11";"040126";"AREQUIPA";"AREQUIPA";"YANAHUARA";"PRIVADO";"II-E";"00025732";"NOVA CLINICA QUIRURGICA";"240800";"HOSPITALIZACIÓN QUIRÚRGICA CIRUGÍA PLÁSTICA/RECONSTRUCTIVA/ REPARADORA ";"37";"8";"3";"8";"13";"20";"0"
"2023";"11";"220104";"SAN MARTIN";"MOYOBAMBA";"JEPELACIO";"GOBIERNO REGIONAL";"I-3";"00006341";"JERILLO";"241600";"HOSPITALIZACIÓN QUIRÚRGICA OBSTETRICIA   ";"4";"4";"4";"1";"1";"30";"0"
"2023";"11";"220104";"SAN MARTIN";"MOYOBAMBA";"JEPELACIO";"GOBIERNO REGIONAL";"I-1";"00006346";"RAMIREZ";"NE_0001";"";"NE_0001";"NE_0001";"NE_0001";"NE_0001";"NE_0001";"NE_0001";"NE_0001"
"2023";"11";"220104";"SAN MARTIN";"MOYOBAMBA";"JEPELACIO";"GOBIERNO REGIONAL";"I-3";"00006349";"LA HUARPIA";"NE_0001";"";"NE_0001";"NE_0001";"NE_0001";"NE_0001";"NE_0001";"NE_0001";"NE_0001"
"2023";"11";"210701";"PUNO";"LAMPA";"LAMPA";"ESSALUD";"II-1";"00009900";"HOSPITAL I LAMPA - ESSALUD - RED ASISTENCIAL JULIACA";"242200";"HOSPITALIZACIÓN DE MEDICINA PSIQUIATRÍA ";"15";"17";"249";"250";"10";"279";"0"
"2023";"11";"220402";"SAN MARTIN";"HUALLAGA";"ALTO SAPOSOA";"GOBIERNO REGIONAL";"I-1";"00006540";"NUEVA VIDA";"NE_0001";"";"NE_0001";"NE_0001";"NE_0001";"NE_0001";"NE_0001";"NE_0001";"NE_0001"
"2023";"11";"220401";"SAN MARTIN";"HUALLAGA";"SAPOSOA";"GOBIERNO REGIONAL";"I-1";"00006531";"ALMENDRAS";"NE_0001";"";"NE_0001";"NE_0001";"NE_0001";"NE_0001";"NE_0001";"NE_0001";"NE_0001"
"2023";"11";"220401";"SAN MARTIN";"HUALLAGA";"SAPOSOA";"GOBIERNO REGIONAL";"I-1";"00006530";"7 DE JUNIO-AHUIHUA";"NE_0001";"";"NE_0001";"NE_0001";"NE_0001";"NE_0001";"NE_0001";"NE_0001";"NE_0001"
"2023";"11";"220402";"SAN MARTIN";"HUALLAGA";"ALTO SAPOSOA";"GOBIERNO REGIONAL";"I-1";"00006541";"YACUSISA";"NE_0001";"";"NE_0001";"NE_0001";"NE_0001";"NE_0001";"NE_0001";"NE_0001";"NE_0001"
"2023";"11";"220401";"SAN MARTIN";"HUALLAGA";"SAPOSOA";"GOBIERNO REGIONAL";"I-1";"00026163";"AGUA AZUL";"NE_0001";"";"NE_0001";"NE_0001";"NE_0001";"NE_0001";"NE_0001";"NE_0001";"NE_0001"
"2023";"11";"050110";"AYACUCHO";"HUAMANGA";"SAN JUAN BAUTISTA";"GOBIERNO REGIONAL";"I-4";"00003598";"CENTRO DE SALUD DE SAN JUAN BAUTISTA";"NE_0001";"";"NE_0001";"NE_0001";"NE_0001";"NE_0001";"NE_0001";"NE_0001";"NE_0001"
"2023";"11";"050110";"AYACUCHO";"HUAMANGA";"SAN JUAN BAUTISTA";"GOBIERNO REGIONAL";"I-3";"00003600";"CENTRO DE SALUD MIRAFLORES";"NE_0001";"";"NE_0001";"NE_0001";"NE_0001";"NE_0001";"NE_0001";"NE_0001";"NE_0001"
"2023";"11";"050110";"AYACUCHO";"HUAMANGA";"SAN JUAN BAUTISTA";"GOBIERNO REGIONAL";"I-3";"00006882";"LOS OLIVOS";"NE_0001";"";"NE_0001";"NE_0001";"NE_0001";"NE_0001";"NE_0001";"NE_0001";"NE_0001"
"2023";"11";"070102";"CALLAO";"CALLAO";"BELLAVISTA";"GOBIERNO REGIONAL";"0";"00028102";"SISTEMA DE ATENCION MOVIL DE URGENCIA - SAMU CALLAO";"NE_0001";"";"NE_0001";"NE_0001";"NE_0001";"NE_0001";"NE_0001";"NE_0001";"NE_0001"
"2023";"11";"150114";"LIMA";"LIMA";"LA MOLINA";"PRIVADO";"II-E";"00022113";"CLINICA SANTA JULIA  S.A.C.";"NE_0001";"";"NE_0001";"NE_0001";"NE_0001";"NE_0001";"NE_0001";"NE_0001";"NE_0001"
"2023";"11";"190107";"PASCO";"PASCO";"PAUCARTAMBO";"ESSALUD";"I-2";"00009762";"POSTA MEDICA DE PAUCARTAMBO";"NE_0001";"";"NE_0001";"NE_0001";"NE_0001";"NE_0001";"NE_0001";"NE_0001";"NE_0001"
"2023";"11";"100510";"HUANUCO";"HUAMALIES";"SINGA";"GOBIERNO REGIONAL";"I-1";"00019155";"SAN JUAN DE VISCAS";"NE_0001";"";"NE_0001";"NE_0001";"NE_0001";"NE_0001";"NE_0001";"NE_0001";"NE_0001"
"2023";"11";"100510";"HUANUCO";"HUAMALIES";"SINGA";"GOBIERNO REGIONAL";"I-1";"00000902";"BELLAS FLORES";"NE_0001";"";"NE_0001";"NE_0001";"NE_0001";"NE_0001";"NE_0001";"NE_0001";"NE_0001"
"2023";"11";"100510";"HUANUCO";"HUAMALIES";"SINGA";"GOBIERNO REGIONAL";"I-3";"00000900";"SINGA";"NE_0001";"";"NE_0001";"NE_0001";"NE_0001";"NE_0001";"NE_0001";"NE_0001";"NE_0001"
"2023";"09";"150121";"LIMA";"LIMA";"PUEBLO LIBRE";"PRIVADO";"II-E";"00021096";"CLINICA ESPECIALIZADA EN CIRUGÍA PLÁSTICA SAN AGUSTIN";"NE_0001";"";"NE_0001";"NE_0001";"NE_0001";"NE_0001";"NE_0001";"NE_0001";"NE_0001"
"2023";"10";"150510";"LIMA";"CAÑETE";"NUEVO IMPERIAL";"SANIDAD DE LA POLICIA NACIONAL DEL PERU";"I-3";"00017849";"POLICLINICO POLICIAL CAÑETE";"NE_0001";"";"NE_0001";"NE_0001";"NE_0001";"NE_0001";"NE_0001";"NE_0001";"NE_0001"
"2023";"10";"130701";"LA LIBERTAD";"PACASMAYO";"SAN PEDRO DE LLOC";"ESSALUD";"I-2";"00012097";"POSTA DE SALUD SAN PEDRO DE LLOC";"NE_0001";"";"NE_0001";"NE_0001";"NE_0001";"NE_0001";"NE_0001";"NE_0001";"NE_0001"
"2023";"10";"240101";"TUMBES";"TUMBES";"TUMBES";"GOBIERNO REGIONAL";"II-2";"00017077";"HOSPITAL REGIONAL JOSE ALFREDO MENDOZA OLAVARRIA JAMO II-2";"240100";"HOSPITALIZACIÓN QUIRÚRGICA CIRUGÍA GENERAL ";"140";"161";"616";"507";"30";"930";"0"
"2023";"10";"240101";"TUMBES";"TUMBES";"TUMBES";"GOBIERNO REGIONAL";"II-2";"00017077";"HOSPITAL REGIONAL JOSE ALFREDO MENDOZA OLAVARRIA JAMO II-2";"241800";"HOSPITALIZACIÓN DE MEDICINA MEDICINA GENERAL ";"47";"70";"770";"620";"22";"682";"4"
"2023";"10";"240101";"TUMBES";"TUMBES";"TUMBES";"GOBIERNO REGIONAL";"II-2";"00017077";"HOSPITAL REGIONAL JOSE ALFREDO MENDOZA OLAVARRIA JAMO II-2";"242500";"HOSPITALIZACIÓN-PEDIATRÍA GENERAL-";"51";"56";"239";"194";"12";"372";"0"
"2023";"10";"240101";"TUMBES";"TUMBES";"TUMBES";"GOBIERNO REGIONAL";"II-2";"00017077";"HOSPITAL REGIONAL JOSE ALFREDO MENDOZA OLAVARRIA JAMO II-2";"243200";"HOSPITALIZACIÓN DE PEDIATRÍA PEDIATRIA NEONATOLOGÍA";"16";"20";"112";"93";"5";"155";"0"
"2023";"10";"240101";"TUMBES";"TUMBES";"TUMBES";"GOBIERNO REGIONAL";"II-2";"00017077";"HOSPITAL REGIONAL JOSE ALFREDO MENDOZA OLAVARRIA JAMO II-2";"250103";"UNIDAD DE CUIDADOS CRITICOS UNIDAD  DE CUIDADOS INTENSIVOS GENERALES  (UCI) MEDICINA";"10";"13";"185";"175";"6";"186";"6"
"2023";"10";"240101";"TUMBES";"TUMBES";"TUMBES";"GOBIERNO REGIONAL";"II-2";"00017077";"HOSPITAL REGIONAL JOSE ALFREDO MENDOZA OLAVARRIA JAMO II-2";"250105";"UNIDAD DE CUIDADOS CRITICOS UNIDAD  DE CUIDADOS INTENSIVOS  (UCI) NEONATOLOGÍA";"6";"9";"84";"76";"4";"124";"2"
"2023";"10";"240101";"TUMBES";"TUMBES";"TUMBES";"GOBIERNO REGIONAL";"II-2";"00017077";"HOSPITAL REGIONAL JOSE ALFREDO MENDOZA OLAVARRIA JAMO II-2";"241400";"HOSPITALIZACIÓN QUIRÚRGICA GINECO - OBSTETRICIA ";"230";"253";"618";"446";"30";"930";"0"
"2023";"10";"090201";"HUANCAVELICA";"ACOBAMBA";"ACOBAMBA";"GOBIERNO REGIONAL";"II-1";"00003917";"HOSPITAL PROVINCIAL DE ACOBAMBA";"240100";"HOSPITALIZACIÓN QUIRÚRGICA CIRUGÍA GENERAL ";"9";"10";"27";"37";"4";"124";"0"
"2023";"10";"090201";"HUANCAVELICA";"ACOBAMBA";"ACOBAMBA";"GOBIERNO REGIONAL";"II-1";"00003917";"HOSPITAL PROVINCIAL DE ACOBAMBA";"241400";"HOSPITALIZACIÓN QUIRÚRGICA GINECO - OBSTETRICIA ";"23";"23";"45";"68";"8";"248";"0"
"2023";"10";"090201";"HUANCAVELICA";"ACOBAMBA";"ACOBAMBA";"GOBIERNO REGIONAL";"II-1";"00003917";"HOSPITAL PROVINCIAL DE ACOBAMBA";"241800";"HOSPITALIZACIÓN DE MEDICINA MEDICINA GENERAL ";"6";"6";"15";"21";"6";"186";"0"
"2023";"10";"090201";"HUANCAVELICA";"ACOBAMBA";"ACOBAMBA";"GOBIERNO REGIONAL";"II-1";"00003917";"HOSPITAL PROVINCIAL DE ACOBAMBA";"242500";"HOSPITALIZACIÓN-PEDIATRÍA GENERAL-";"8";"8";"25";"33";"2";"62";"0"
"2023";"10";"250102";"UCAYALI";"CORONEL PORTILLO";"CAMPOVERDE";"ESSALUD";"I-2";"00031881";"POSTA MEDICA-CAMPOVERDE-ESSALUD";"NE_0001";"";"NE_0001";"NE_0001";"NE_0001";"NE_0001";"NE_0001";"NE_0001";"NE_0001"
"2023";"10";"150110";"LIMA";"LIMA";"COMAS";"MINSA";"III-1";"00007634";"HOSPITAL SERGIO E. BERNALES";"241900";"HOSPITALIZACIÓN DE MEDICINA MEDICINA INTERNA ";"53";"93";"1230";"1433";"48";"1488";"14"
"2023";"10";"150110";"LIMA";"LIMA";"COMAS";"MINSA";"III-1";"00007634";"HOSPITAL SERGIO E. BERNALES";"245300";"HOSPITALIZACIÓN DE MEDICINA NEUMOLOGÍA  ";"38";"31";"378";"550";"25";"775";"8"
"2023";"10";"150110";"LIMA";"LIMA";"COMAS";"MINSA";"III-1";"00007634";"HOSPITAL SERGIO E. BERNALES";"240100";"HOSPITALIZACIÓN QUIRÚRGICA CIRUGÍA GENERAL ";"251";"273";"1848";"1722";"65";"2015";"2"
"2023";"10";"150110";"LIMA";"LIMA";"COMAS";"MINSA";"III-1";"00007634";"HOSPITAL SERGIO E. BERNALES";"241200";"HOSPITALIZACIÓN QUIRÚRGICA TRAUMATOLOGÍA Y ORTOPEDIA ";"38";"37";"701";"660";"22";"682";"0"
"2023";"10";"150110";"LIMA";"LIMA";"COMAS";"MINSA";"III-1";"00007634";"HOSPITAL SERGIO E. BERNALES";"242300";"HOSPITALIZACIÓN DE PEDIATRÍA  PEDIATRÍA  GENERAL ";"203";"200";"585";"540";"28";"868";"0"
"2023";"10";"150110";"LIMA";"LIMA";"COMAS";"MINSA";"III-1";"00007634";"HOSPITAL SERGIO E. BERNALES";"243200";"HOSPITALIZACIÓN DE PEDIATRÍA PEDIATRIA NEONATOLOGÍA";"301";"209";"834";"513";"29";"899";"1"
"2023";"10";"150110";"LIMA";"LIMA";"COMAS";"MINSA";"III-1";"00007634";"HOSPITAL SERGIO E. BERNALES";"241600";"HOSPITALIZACIÓN QUIRÚRGICA OBSTETRICIA   ";"85";"80";"307";"279";"14";"434";"0"
"2023";"10";"150110";"LIMA";"LIMA";"COMAS";"MINSA";"III-1";"00007634";"HOSPITAL SERGIO E. BERNALES";"241500";"HOSPITALIZACIÓN QUIRÚRGICA GINECOLOGÍA  ";"424";"430";"1281";"1432";"58";"1798";"0"
"2023";"10";"030201";"APURIMAC";"ANDAHUAYLAS";"ANDAHUAYLAS";"ESSALUD";"II-1";"00011214";"HOSPITAL I SANTA MARGARITA";"241800";"HOSPITALIZACIÓN DE MEDICINA MEDICINA GENERAL ";"35";"30";"213";"191";"7";"209";"0"
"2023";"10";"030201";"APURIMAC";"ANDAHUAYLAS";"ANDAHUAYLAS";"ESSALUD";"II-1";"00011214";"HOSPITAL I SANTA MARGARITA";"240100";"HOSPITALIZACIÓN QUIRÚRGICA CIRUGÍA GENERAL ";"37";"35";"163";"158";"5";"158";"1"
"2023";"10";"030201";"APURIMAC";"ANDAHUAYLAS";"ANDAHUAYLAS";"ESSALUD";"II-1";"00011214";"HOSPITAL I SANTA MARGARITA";"241400";"HOSPITALIZACIÓN QUIRÚRGICA GINECO - OBSTETRICIA ";"12";"8";"36";"36";"1";"36";"0"
"2023";"10";"030201";"APURIMAC";"ANDAHUAYLAS";"ANDAHUAYLAS";"ESSALUD";"II-1";"00011214";"HOSPITAL I SANTA MARGARITA";"241600";"HOSPITALIZACIÓN QUIRÚRGICA OBSTETRICIA   ";"33";"29";"89";"86";"3";"93";"0"
"2023";"10";"030201";"APURIMAC";"ANDAHUAYLAS";"ANDAHUAYLAS";"ESSALUD";"II-1";"00011214";"HOSPITAL I SANTA MARGARITA";"242300";"HOSPITALIZACIÓN DE PEDIATRÍA  PEDIATRÍA  GENERAL ";"7";"7";"32";"31";"2";"62";"0"
"2023";"10";"100102";"HUANUCO";"HUANUCO";"AMARILIS";"ESSALUD";"II-2";"00010571";"HOSPITAL II HUANUCO";"241800";"HOSPITALIZACIÓN DE MEDICINA MEDICINA GENERAL ";"89";"78";"718";"588";"24";"744";"7"
"2023";"10";"100102";"HUANUCO";"HUANUCO";"AMARILIS";"ESSALUD";"II-2";"00010571";"HOSPITAL II HUANUCO";"241300";"HOSPITALIZACIÓN QUIRÚRGICA UROLOGÍA  ";"16";"14";"103";"87";"5";"155";"0"
"2023";"10";"100102";"HUANUCO";"HUANUCO";"AMARILIS";"ESSALUD";"II-2";"00010571";"HOSPITAL II HUANUCO";"240100";"HOSPITALIZACIÓN QUIRÚRGICA CIRUGÍA GENERAL ";"75";"78";"262";"262";"12";"372";"0"
"2023";"10";"100102";"HUANUCO";"HUANUCO";"AMARILIS";"ESSALUD";"II-2";"00010571";"HOSPITAL II HUANUCO";"241200";"HOSPITALIZACIÓN QUIRÚRGICA TRAUMATOLOGÍA Y ORTOPEDIA ";"36";"35";"324";"323";"11";"341";"0"
"2023";"10";"100102";"HUANUCO";"HUANUCO";"AMARILIS";"ESSALUD";"II-2";"00010571";"HOSPITAL II HUANUCO";"241500";"HOSPITALIZACIÓN QUIRÚRGICA GINECOLOGÍA  ";"25";"20";"54";"69";"6";"186";"0"
"2023";"10";"100102";"HUANUCO";"HUANUCO";"AMARILIS";"ESSALUD";"II-2";"00010571";"HOSPITAL II HUANUCO";"241600";"HOSPITALIZACIÓN QUIRÚRGICA OBSTETRICIA   ";"212";"143";"296";"303";"17";"527";"0"
"2023";"10";"100102";"HUANUCO";"HUANUCO";"AMARILIS";"ESSALUD";"II-2";"00010571";"HOSPITAL II HUANUCO";"242300";"HOSPITALIZACIÓN DE PEDIATRÍA  PEDIATRÍA  GENERAL ";"27";"29";"107";"118";"9";"279";"0"
"2023";"10";"100102";"HUANUCO";"HUANUCO";"AMARILIS";"ESSALUD";"II-2";"00010571";"HOSPITAL II HUANUCO";"243200";"HOSPITALIZACIÓN DE PEDIATRÍA PEDIATRIA NEONATOLOGÍA";"97";"90";"151";"143";"10";"310";"0"
"2023";"10";"100102";"HUANUCO";"HUANUCO";"AMARILIS";"ESSALUD";"II-2";"00010571";"HOSPITAL II HUANUCO";"250100";"UNIDAD DE CUIDADOS CRITICOS UNIDAD  DE CUIDADOS INTENSIVOS GENERALES (UCI) ";"18";"21";"217";"197";"9";"279";"0"
"2023";"10";"100102";"HUANUCO";"HUANUCO";"AMARILIS";"ESSALUD";"II-2";"00010571";"HOSPITAL II HUANUCO";"250200";"UNIDAD DE CUIDADOS CRITICOS UNIDAD DE CUIDADOS INTERMEDIOS GENERAL  (UCIN) ";"8";"7";"51";"103";"4";"124";"5"
"2023";"10";"100102";"HUANUCO";"HUANUCO";"AMARILIS";"ESSALUD";"II-2";"00010571";"HOSPITAL II HUANUCO";"250201";"UNIDAD DE CUIDADOS CRITICOS UNIDAD DE CUIDADOS INTERMEDIOS  (UCIN) NEONATAL";"3";"6";"92";"49";"6";"186";"0"
"2023";"10";"050503";"AYACUCHO";"LA MAR";"AYNA";"GOBIERNO REGIONAL";"II-1";"00003754";"HOSPITAL DE APOYO SAN FRANCISCO";"240100";"HOSPITALIZACIÓN QUIRÚRGICA CIRUGÍA GENERAL ";"31";"31";"111";"123";"5";"155";"0"
"2023";"10";"050503";"AYACUCHO";"LA MAR";"AYNA";"GOBIERNO REGIONAL";"II-1";"00003754";"HOSPITAL DE APOYO SAN FRANCISCO";"241400";"HOSPITALIZACIÓN QUIRÚRGICA GINECO - OBSTETRICIA ";"45";"45";"108";"126";"10";"310";"0"
"2023";"10";"050503";"AYACUCHO";"LA MAR";"AYNA";"GOBIERNO REGIONAL";"II-1";"00003754";"HOSPITAL DE APOYO SAN FRANCISCO";"241800";"HOSPITALIZACIÓN DE MEDICINA MEDICINA GENERAL ";"30";"30";"132";"148";"5";"155";"1"
"2023";"10";"050503";"AYACUCHO";"LA MAR";"AYNA";"GOBIERNO REGIONAL";"II-1";"00003754";"HOSPITAL DE APOYO SAN FRANCISCO";"242200";"HOSPITALIZACIÓN DE MEDICINA PSIQUIATRÍA ";"4";"4";"34";"95";"8";"248";"0"
"2023";"10";"050503";"AYACUCHO";"LA MAR";"AYNA";"GOBIERNO REGIONAL";"II-1";"00003754";"HOSPITAL DE APOYO SAN FRANCISCO";"242500";"HOSPITALIZACIÓN-PEDIATRÍA GENERAL-";"19";"19";"72";"102";"5";"155";"0"
"2023";"10";"050503";"AYACUCHO";"LA MAR";"AYNA";"GOBIERNO REGIONAL";"II-1";"00003754";"HOSPITAL DE APOYO SAN FRANCISCO";"243200";"HOSPITALIZACIÓN DE PEDIATRÍA PEDIATRIA NEONATOLOGÍA";"14";"14";"74";"120";"6";"186";"0"
"2023";"10";"150114";"LIMA";"LIMA";"LA MOLINA";"PRIVADO";"I-3";"00010464";"CLINICA ANGLO AMERICANA";"NE_0001";"";"NE_0001";"NE_0001";"NE_0001";"NE_0001";"NE_0001";"NE_0001";"NE_0001"
"2023";"10";"040101";"AREQUIPA";"AREQUIPA";"AREQUIPA";"PRIVADO";"II-E";"00024208";"PRAXIS MEDICAL S.A.C.";"240800";"HOSPITALIZACIÓN QUIRÚRGICA CIRUGÍA PLÁSTICA/RECONSTRUCTIVA/ REPARADORA ";"6";"6";"12";"33";"12";"372";"0"
"2023";"10";"220508";"SAN MARTIN";"LAMAS";"SAN ROQUE DE CUMBAZA";"GOBIERNO REGIONAL";"I-1";"00006357";"ALTO SHAMBOYACU";"NE_0001";"";"NE_0001";"NE_0001";"NE_0001";"NE_0001";"NE_0001";"NE_0001";"NE_0001"
"2023";"10";"220501";"SAN MARTIN";"LAMAS";"LAMAS";"GOBIERNO REGIONAL";"I-1";"00006353";"HUAYCO LAMAS";"NE_0001";"";"NE_0001";"NE_0001";"NE_0001";"NE_0001";"NE_0001";"NE_0001";"NE_0001"
"2023";"10";"220507";"SAN MARTIN";"LAMAS";"RUMISAPA";"GOBIERNO REGIONAL";"I-1";"00006392";"MACEDA";"NE_0001";"";"NE_0001";"NE_0001";"NE_0001";"NE_0001";"NE_0001";"NE_0001";"NE_0001"
"2023";"10";"220511";"SAN MARTIN";"LAMAS";"ZAPATERO";"GOBIERNO REGIONAL";"I-1";"00006394";"SANTA ANA DEL RIO MAYO";"NE_0001";"";"NE_0001";"NE_0001";"NE_0001";"NE_0001";"NE_0001";"NE_0001";"NE_0001"
"2023";"10";"220507";"SAN MARTIN";"LAMAS";"RUMISAPA";"GOBIERNO REGIONAL";"I-1";"00006354";"CHIRAPA LA LIBERTAD";"NE_0001";"";"NE_0001";"NE_0001";"NE_0001";"NE_0001";"NE_0001";"NE_0001";"NE_0001"
"2023";"10";"220508";"SAN MARTIN";"LAMAS";"SAN ROQUE DE CUMBAZA";"GOBIERNO REGIONAL";"I-1";"00006355";"CHIRICYACU";"NE_0001";"";"NE_0001";"NE_0001";"NE_0001";"NE_0001";"NE_0001";"NE_0001";"NE_0001"
"2023";"10";"220508";"SAN MARTIN";"LAMAS";"SAN ROQUE DE CUMBAZA";"GOBIERNO REGIONAL";"I-2";"00006356";"PAMASHTO";"NE_0001";"";"NE_0001";"NE_0001";"NE_0001";"NE_0001";"NE_0001";"NE_0001";"NE_0001"
"2023";"10";"220912";"SAN MARTIN";"SAN MARTIN";"SAN ANTONIO";"GOBIERNO REGIONAL";"I-1";"00006387";"AUCALOMA";"NE_0001";"";"NE_0001";"NE_0001";"NE_0001";"NE_0001";"NE_0001";"NE_0001";"NE_0001"
"2023";"10";"220507";"SAN MARTIN";"LAMAS";"RUMISAPA";"GOBIERNO REGIONAL";"I-1";"00006391";"RUMIZAPA";"NE_0001";"";"NE_0001";"NE_0001";"NE_0001";"NE_0001";"NE_0001";"NE_0001";"NE_0001"
"2023";"10";"220508";"SAN MARTIN";"LAMAS";"SAN ROQUE DE CUMBAZA";"GOBIERNO REGIONAL";"I-1";"00006358";"YURILAMAS";"NE_0001";"";"NE_0001";"NE_0001";"NE_0001";"NE_0001";"NE_0001";"NE_0001";"NE_0001"
"2023";"10";"220507";"SAN MARTIN";"LAMAS";"RUMISAPA";"GOBIERNO REGIONAL";"I-1";"00006389";"CHURUZAPA";"NE_0001";"";"NE_0001";"NE_0001";"NE_0001";"NE_0001";"NE_0001";"NE_0001";"NE_0001"
"2023";"10";"230302";"TACNA";"JORGE BASADRE";"ILABAYA";"ESSALUD";"I-2";"00010191";"CENTRO DE ATENCION PRIMARIA I   ILABAYA";"NE_0001";"";"NE_0001";"NE_0001";"NE_0001";"NE_0001";"NE_0001";"NE_0001";"NE_0001"
"2023";"11";"020102";"ANCASH";"HUARAZ";"COCHABAMBA";"GOBIERNO REGIONAL";"I-2";"00001730";"PUESTO DE SALUD COCHABAMBA";"NE_0001";"";"NE_0001";"NE_0001";"NE_0001";"NE_0001";"NE_0001";"NE_0001";"NE_0001"
"2023";"11";"022005";"ANCASH";"YUNGAY";"QUILLO";"GOBIERNO REGIONAL";"I-2";"00001739";"PUESTO DE SALUD HUACHO";"NE_0001";"";"NE_0001";"NE_0001";"NE_0001";"NE_0001";"NE_0001";"NE_0001";"NE_0001"
"2023";"11";"021103";"ANCASH";"HUARMEY";"CULEBRAS";"GOBIERNO REGIONAL";"I-2";"00001743";"PUESTO DE SALUD CULEBRAS";"NE_0001";"";"NE_0001";"NE_0001";"NE_0001";"NE_0001";"NE_0001";"NE_0001";"NE_0001"
"2023";"11";"021101";"ANCASH";"HUARMEY";"HUARMEY";"GOBIERNO REGIONAL";"I-1";"00001751";"PUESTO DE SALUD HUAMBA";"NE_0001";"";"NE_0001";"NE_0001";"NE_0001";"NE_0001";"NE_0001";"NE_0001";"NE_0001"
"2023";"09";"040413";"AREQUIPA";"CASTILLA";"URACA";"ESSALUD";"I-2";"00013300";"POSTA MEDICA  CORIRE";"NE_0001";"";"NE_0001";"NE_0001";"NE_0001";"NE_0001";"NE_0001";"NE_0001";"NE_0001"
"2023";"11";"150101";"LIMA";"LIMA";"LIMA";"PRIVADO";"II-1";"00016291";"HOSPITAL MEGASALUD UNIVERSAL";"240000";"HOSPITALIZACIÓN";"63";"60";"202";"206";"22";"660";"0"
"2023";"11";"130101";"LA LIBERTAD";"TRUJILLO";"TRUJILLO";"PRIVADO";"II-1";"00012292";"CLINICA  BELMED";"240800";"HOSPITALIZACIÓN QUIRÚRGICA CIRUGÍA PLÁSTICA/RECONSTRUCTIVA/ REPARADORA ";"20";"20";"0";"1";"4";"5";"0"
"2023";"01";"150113";"LIMA";"LIMA";"JESUS MARIA";"PRIVADO";"I-3";"00010439";"CENTRO CLINICO JESUS MARIA";"NE_0002";"";"NE_0002";"NE_0002";"NE_0002";"NE_0002";"NE_0002";"NE_0002";"NE_0002"
"2023";"11";"060811";"CAJAMARCA";"JAEN";"SAN JOSE DEL ALTO";"GOBIERNO REGIONAL";"I-1";"00004259";"HUAHUAYA";"NE_0001";"";"NE_0001";"NE_0001";"NE_0001";"NE_0001";"NE_0001";"NE_0001";"NE_0001"
"2023";"11";"060811";"CAJAMARCA";"JAEN";"SAN JOSE DEL ALTO";"GOBIERNO REGIONAL";"I-1";"00004257";"SAN JOSE DEL ALTO";"NE_0001";"";"NE_0001";"NE_0001";"NE_0001";"NE_0001";"NE_0001";"NE_0001";"NE_0001"
"2023";"11";"060811";"CAJAMARCA";"JAEN";"SAN JOSE DEL ALTO";"GOBIERNO REGIONAL";"I-3";"00004256";"COCHALAN";"NE_0001";"";"NE_0001";"NE_0001";"NE_0001";"NE_0001";"NE_0001";"NE_0001";"NE_0001"
"2023";"11";"200110";"PIURA";"PIURA";"LA UNION";"ESSALUD";"I-3";"00011733";"CENTRO MEDICO ""LEONCIO AMAYA TUME""";"NE_0001";"";"NE_0001";"NE_0001";"NE_0001";"NE_0001";"NE_0001";"NE_0001";"NE_0001"
"2023";"11";"220405";"SAN MARTIN";"HUALLAGA";"SACANCHE";"GOBIERNO REGIONAL";"I-1";"00027002";"LA UNION";"NE_0002";"";"NE_0002";"NE_0002";"NE_0002";"NE_0002";"NE_0002";"NE_0002";"NE_0002"
"2023";"11";"220403";"SAN MARTIN";"HUALLAGA";"EL ESLABON";"GOBIERNO REGIONAL";"I-3";"00006542";"EL ESLABON";"NE_0002";"";"NE_0002";"NE_0002";"NE_0002";"NE_0002";"NE_0002";"NE_0002";"NE_0002"
"2023";"11";"220403";"SAN MARTIN";"HUALLAGA";"EL ESLABON";"GOBIERNO REGIONAL";"I-1";"00006544";"COLLPA";"NE_0002";"";"NE_0002";"NE_0002";"NE_0002";"NE_0002";"NE_0002";"NE_0002";"NE_0002"
"2023";"11";"060601";"CAJAMARCA";"CUTERVO";"CUTERVO";"GOBIERNO REGIONAL";"I-1";"00006834";"LUZPAMPA";"NE_0001";"";"NE_0001";"NE_0001";"NE_0001";"NE_0001";"NE_0001";"NE_0001";"NE_0001"
"2023";"11";"060601";"CAJAMARCA";"CUTERVO";"CUTERVO";"GOBIERNO REGIONAL";"I-1";"00006865";"ADCUÑAC";"NE_0001";"";"NE_0001";"NE_0001";"NE_0001";"NE_0001";"NE_0001";"NE_0001";"NE_0001"
"2023";"11";"060601";"CAJAMARCA";"CUTERVO";"CUTERVO";"GOBIERNO REGIONAL";"I-2";"00006938";"CACHACARA";"NE_0001";"";"NE_0001";"NE_0001";"NE_0001";"NE_0001";"NE_0001";"NE_0001";"NE_0001"
"2023";"11";"060601";"CAJAMARCA";"CUTERVO";"CUTERVO";"GOBIERNO REGIONAL";"I-2";"00004983";"CRUZ ROJA";"NE_0001";"";"NE_0001";"NE_0001";"NE_0001";"NE_0001";"NE_0001";"NE_0001";"NE_0001"
"2023";"11";"060601";"CAJAMARCA";"CUTERVO";"CUTERVO";"GOBIERNO REGIONAL";"I-1";"00004999";"LAS PALMAS DE TINYAYOC";"NE_0001";"";"NE_0001";"NE_0001";"NE_0001";"NE_0001";"NE_0001";"NE_0001";"NE_0001"
"2023";"11";"060601";"CAJAMARCA";"CUTERVO";"CUTERVO";"GOBIERNO REGIONAL";"I-1";"00007098";"YACANCATE";"NE_0001";"";"NE_0001";"NE_0001";"NE_0001";"NE_0001";"NE_0001";"NE_0001";"NE_0001"
"2023";"11";"060601";"CAJAMARCA";"CUTERVO";"CUTERVO";"GOBIERNO REGIONAL";"I-2";"00004984";"VALLE CALLACATE";"NE_0001";"";"NE_0001";"NE_0001";"NE_0001";"NE_0001";"NE_0001";"NE_0001";"NE_0001"
"2023";"11";"060601";"CAJAMARCA";"CUTERVO";"CUTERVO";"GOBIERNO REGIONAL";"I-2";"00004991";"LANCHE";"NE_0001";"";"NE_0001";"NE_0001";"NE_0001";"NE_0001";"NE_0001";"NE_0001";"NE_0001"
"2023";"11";"060601";"CAJAMARCA";"CUTERVO";"CUTERVO";"GOBIERNO REGIONAL";"I-1";"00005001";"PATAHUAZ";"NE_0001";"";"NE_0001";"NE_0001";"NE_0001";"NE_0001";"NE_0001";"NE_0001";"NE_0001"
"2023";"11";"060601";"CAJAMARCA";"CUTERVO";"CUTERVO";"GOBIERNO REGIONAL";"I-1";"00006832";"LA CONGONA";"NE_0001";"";"NE_0001";"NE_0001";"NE_0001";"NE_0001";"NE_0001";"NE_0001";"NE_0001"
"2023";"11";"060601";"CAJAMARCA";"CUTERVO";"CUTERVO";"GOBIERNO REGIONAL";"I-1";"00006833";"LA JAYUA";"NE_0001";"";"NE_0001";"NE_0001";"NE_0001";"NE_0001";"NE_0001";"NE_0001";"NE_0001"
"2023";"11";"120701";"JUNIN";"TARMA";"TARMA";"GOBIERNO REGIONAL";"II-2";"00000520";"DE APOYO FELIX MAYORCA SOTO";"241400";"HOSPITALIZACIÓN QUIRÚRGICA GINECO - OBSTETRICIA ";"129";"128";"437";"412";"20";"600";"1"
"2023";"11";"160201";"LORETO";"ALTO AMAZONAS";"YURIMAGUAS";"ESSALUD";"II-1";"00020274";"ESSALUD - HOSPITAL I YURIMAGUAS";"241800";"HOSPITALIZACIÓN DE MEDICINA MEDICINA GENERAL ";"65";"77";"311";"254";"10";"300";"3"
"2023";"11";"160201";"LORETO";"ALTO AMAZONAS";"YURIMAGUAS";"ESSALUD";"II-1";"00020274";"ESSALUD - HOSPITAL I YURIMAGUAS";"241600";"HOSPITALIZACIÓN QUIRÚRGICA OBSTETRICIA   ";"35";"36";"119";"118";"4";"120";"0"
"2023";"09";"200701";"PIURA";"TALARA";"PARIÑAS";"PRIVADO";"II-1";"00011498";"CLINICA TORRES S.A.";"240000";"HOSPITALIZACIÓN";"6";"6";"14";"45";"16";"451";"0"
"2023";"09";"220904";"SAN MARTIN";"SAN MARTIN";"CHAZUTA";"GOBIERNO REGIONAL";"I-1";"00006424";"ACHINAMIZA";"NE_0001";"";"NE_0001";"NE_0001";"NE_0001";"NE_0001";"NE_0001";"NE_0001";"NE_0001"
"2023";"09";"220904";"SAN MARTIN";"SAN MARTIN";"CHAZUTA";"GOBIERNO REGIONAL";"I-1";"00006430";"SANTA ROSA DE CHIPAOTA";"NE_0001";"";"NE_0001";"NE_0001";"NE_0001";"NE_0001";"NE_0001";"NE_0001";"NE_0001"
"2023";"09";"220904";"SAN MARTIN";"SAN MARTIN";"CHAZUTA";"GOBIERNO REGIONAL";"I-1";"00006427";"TUNUNTUNUMBA";"NE_0001";"";"NE_0001";"NE_0001";"NE_0001";"NE_0001";"NE_0001";"NE_0001";"NE_0001"
"2023";"09";"220904";"SAN MARTIN";"SAN MARTIN";"CHAZUTA";"GOBIERNO REGIONAL";"I-1";"00006428";"SHILCAYO";"NE_0001";"";"NE_0001";"NE_0001";"NE_0001";"NE_0001";"NE_0001";"NE_0001";"NE_0001"
"2023";"09";"220904";"SAN MARTIN";"SAN MARTIN";"CHAZUTA";"GOBIERNO REGIONAL";"I-4";"00006423";"CHAZUTA";"241600";"HOSPITALIZACIÓN QUIRÚRGICA OBSTETRICIA   ";"9";"10";"10";"25";"5";"125";"0"
"2023";"09";"220904";"SAN MARTIN";"SAN MARTIN";"CHAZUTA";"GOBIERNO REGIONAL";"I-4";"00006423";"CHAZUTA";"241800";"HOSPITALIZACIÓN DE MEDICINA MEDICINA GENERAL ";"7";"8";"15";"25";"5";"125";"0"
"2023";"09";"210301";"PUNO";"CARABAYA";"MACUSANI";"GOBIERNO REGIONAL";"I-3";"00002974";"METROPOLITANO MACUSANI";"240100";"HOSPITALIZACIÓN QUIRÚRGICA CIRUGÍA GENERAL ";"63";"65";"200";"265";"10";"300";"0"
"2023";"09";"210301";"PUNO";"CARABAYA";"MACUSANI";"GOBIERNO REGIONAL";"I-3";"00002974";"METROPOLITANO MACUSANI";"241500";"HOSPITALIZACIÓN QUIRÚRGICA GINECOLOGÍA  ";"20";"20";"44";"64";"4";"120";"0"
"2023";"09";"210301";"PUNO";"CARABAYA";"MACUSANI";"GOBIERNO REGIONAL";"I-3";"00002974";"METROPOLITANO MACUSANI";"241600";"HOSPITALIZACIÓN QUIRÚRGICA OBSTETRICIA   ";"65";"73";"209";"73";"11";"330";"0"
"2023";"09";"210301";"PUNO";"CARABAYA";"MACUSANI";"GOBIERNO REGIONAL";"I-3";"00002974";"METROPOLITANO MACUSANI";"241900";"HOSPITALIZACIÓN DE MEDICINA MEDICINA INTERNA ";"39";"42";"162";"204";"9";"270";"2"
"2023";"09";"210301";"PUNO";"CARABAYA";"MACUSANI";"GOBIERNO REGIONAL";"I-3";"00002974";"METROPOLITANO MACUSANI";"242500";"HOSPITALIZACIÓN-PEDIATRÍA GENERAL-";"14";"18";"92";"110";"6";"180";"0"
"2023";"09";"210301";"PUNO";"CARABAYA";"MACUSANI";"GOBIERNO REGIONAL";"I-3";"00002974";"METROPOLITANO MACUSANI";"243200";"HOSPITALIZACIÓN DE PEDIATRÍA PEDIATRIA NEONATOLOGÍA";"11";"12";"62";"74";"4";"120";"0"
"2023";"09";"130905";"LA LIBERTAD";"SANCHEZ CARRION";"MARCABAL";"GOBIERNO REGIONAL";"I-2";"00013552";"AGOCAS";"NE_0001";"";"NE_0001";"NE_0001";"NE_0001";"NE_0001";"NE_0001";"NE_0001";"NE_0001"
"2023";"09";"130905";"LA LIBERTAD";"SANCHEZ CARRION";"MARCABAL";"GOBIERNO REGIONAL";"I-1";"00013827";"NARANJOPAMPA";"NE_0001";"";"NE_0001";"NE_0001";"NE_0001";"NE_0001";"NE_0001";"NE_0001";"NE_0001"
"2023";"09";"130905";"LA LIBERTAD";"SANCHEZ CARRION";"MARCABAL";"GOBIERNO REGIONAL";"I-2";"00013550";"SHITA";"NE_0001";"";"NE_0001";"NE_0001";"NE_0001";"NE_0001";"NE_0001";"NE_0001";"NE_0001"
"2023";"09";"130905";"LA LIBERTAD";"SANCHEZ CARRION";"MARCABAL";"GOBIERNO REGIONAL";"I-2";"00013825";"CHAQUILBAMBA";"NE_0001";"";"NE_0001";"NE_0001";"NE_0001";"NE_0001";"NE_0001";"NE_0001";"NE_0001"
"2023";"09";"130905";"LA LIBERTAD";"SANCHEZ CARRION";"MARCABAL";"GOBIERNO REGIONAL";"I-2";"00005358";"MARCABALITO";"NE_0001";"";"NE_0001";"NE_0001";"NE_0001";"NE_0001";"NE_0001";"NE_0001";"NE_0001"
"2023";"09";"130905";"LA LIBERTAD";"SANCHEZ CARRION";"MARCABAL";"GOBIERNO REGIONAL";"I-2";"00013794";"LLUCHUBAMBA";"NE_0001";"";"NE_0001";"NE_0001";"NE_0001";"NE_0001";"NE_0001";"NE_0001";"NE_0001"
"2023";"09";"060610";"CAJAMARCA";"CUTERVO";"SAN LUIS DE LUCMA";"GOBIERNO REGIONAL";"I-3";"00005038";"SAN LUIS DE LA LUCMA";"NE_0001";"";"NE_0001";"NE_0001";"NE_0001";"NE_0001";"NE_0001";"NE_0001";"NE_0001"
"2023";"09";"060610";"CAJAMARCA";"CUTERVO";"SAN LUIS DE LUCMA";"GOBIERNO REGIONAL";"I-1";"00006870";"SANTA ROSA DEL TINGO";"NE_0001";"";"NE_0001";"NE_0001";"NE_0001";"NE_0001";"NE_0001";"NE_0001";"NE_0001"
"2023";"09";"060614";"CAJAMARCA";"CUTERVO";"SOCOTA";"GOBIERNO REGIONAL";"I-1";"00006937";"MINAS DE SOCOTA";"NE_0001";"";"NE_0001";"NE_0001";"NE_0001";"NE_0001";"NE_0001";"NE_0001";"NE_0001"
"2023";"09";"060610";"CAJAMARCA";"CUTERVO";"SAN LUIS DE LUCMA";"GOBIERNO REGIONAL";"I-1";"00006853";"SAIREPAMPA";"NE_0001";"";"NE_0001";"NE_0001";"NE_0001";"NE_0001";"NE_0001";"NE_0001";"NE_0001"
"2023";"09";"060614";"CAJAMARCA";"CUTERVO";"SOCOTA";"GOBIERNO REGIONAL";"I-1";"00011258";"RINCONADA MIRAFLORES";"NE_0001";"";"NE_0001";"NE_0001";"NE_0001";"NE_0001";"NE_0001";"NE_0001";"NE_0001"
"2023";"09";"060614";"CAJAMARCA";"CUTERVO";"SOCOTA";"GOBIERNO REGIONAL";"I-1";"00011262";"PUQUIO DE SOCOTA";"NE_0001";"";"NE_0001";"NE_0001";"NE_0001";"NE_0001";"NE_0001";"NE_0001";"NE_0001"
"2023";"09";"060614";"CAJAMARCA";"CUTERVO";"SOCOTA";"GOBIERNO REGIONAL";"I-1";"00005032";"PAMPA LA RIOJA";"NE_0001";"";"NE_0001";"NE_0001";"NE_0001";"NE_0001";"NE_0001";"NE_0001";"NE_0001"
"2023";"09";"060614";"CAJAMARCA";"CUTERVO";"SOCOTA";"GOBIERNO REGIONAL";"I-3";"00005040";" VIRGEN DE LA CANDELARIA ";"NE_0001";"";"NE_0001";"NE_0001";"NE_0001";"NE_0001";"NE_0001";"NE_0001";"NE_0001"
"2023";"09";"060614";"CAJAMARCA";"CUTERVO";"SOCOTA";"GOBIERNO REGIONAL";"I-1";"00005037";"CHISIGLE";"NE_0001";"";"NE_0001";"NE_0001";"NE_0001";"NE_0001";"NE_0001";"NE_0001";"NE_0001"
"2023";"09";"060614";"CAJAMARCA";"CUTERVO";"SOCOTA";"GOBIERNO REGIONAL";"I-1";"00005042";"SAN ANTONIO";"NE_0001";"";"NE_0001";"NE_0001";"NE_0001";"NE_0001";"NE_0001";"NE_0001";"NE_0001"
"2023";"09";"060614";"CAJAMARCA";"CUTERVO";"SOCOTA";"GOBIERNO REGIONAL";"I-1";"00005043";"LAGUNA SHITA";"NE_0001";"";"NE_0001";"NE_0001";"NE_0001";"NE_0001";"NE_0001";"NE_0001";"NE_0001"
"2023";"09";"060614";"CAJAMARCA";"CUTERVO";"SOCOTA";"GOBIERNO REGIONAL";"I-1";"00007749";"CHURUMAYO";"NE_0001";"";"NE_0001";"NE_0001";"NE_0001";"NE_0001";"NE_0001";"NE_0001";"NE_0001"
"2023";"09";"060614";"CAJAMARCA";"CUTERVO";"SOCOTA";"GOBIERNO REGIONAL";"I-1";"00011061";"NUEVO ORIENTE DE SOCOTA";"NE_0001";"";"NE_0001";"NE_0001";"NE_0001";"NE_0001";"NE_0001";"NE_0001";"NE_0001"
"2023";"09";"060614";"CAJAMARCA";"CUTERVO";"SOCOTA";"GOBIERNO REGIONAL";"I-1";"00011063";"LIBERTAD LA PALMA";"NE_0001";"";"NE_0001";"NE_0001";"NE_0001";"NE_0001";"NE_0001";"NE_0001";"NE_0001"
"2023";"09";"060610";"CAJAMARCA";"CUTERVO";"SAN LUIS DE LUCMA";"GOBIERNO REGIONAL";"I-1";"00005039";"SANTO DOMINGO DE LA LUCMA";"NE_0001";"";"NE_0001";"NE_0001";"NE_0001";"NE_0001";"NE_0001";"NE_0001";"NE_0001"
"2023";"09";"060614";"CAJAMARCA";"CUTERVO";"SOCOTA";"GOBIERNO REGIONAL";"I-1";"00005041";"MOCHADIN";"NE_0001";"";"NE_0001";"NE_0001";"NE_0001";"NE_0001";"NE_0001";"NE_0001";"NE_0001"
"2023";"09";"060614";"CAJAMARCA";"CUTERVO";"SOCOTA";"GOBIERNO REGIONAL";"I-1";"00006866";"CUÑANQUE";"NE_0001";"";"NE_0001";"NE_0001";"NE_0001";"NE_0001";"NE_0001";"NE_0001";"NE_0001"
"2023";"09";"060614";"CAJAMARCA";"CUTERVO";"SOCOTA";"GOBIERNO REGIONAL";"I-1";"00006948";"SANTA ELENA";"NE_0001";"";"NE_0001";"NE_0001";"NE_0001";"NE_0001";"NE_0001";"NE_0001";"NE_0001"
"2023";"09";"060610";"CAJAMARCA";"CUTERVO";"SAN LUIS DE LUCMA";"GOBIERNO REGIONAL";"I-1";"00007048";"SEXESHITA";"NE_0001";"";"NE_0001";"NE_0001";"NE_0001";"NE_0001";"NE_0001";"NE_0001";"NE_0001"
"2023";"10";"150108";"LIMA";"LIMA";"CHORRILLOS";"SANIDAD DE LA POLICIA NACIONAL DEL PERU";"I-3";"00018660";"POLICLINICO POLICIAL SEDE ESCUELA DE OFICIALES";"NE_0001";"";"NE_0001";"NE_0001";"NE_0001";"NE_0001";"NE_0001";"NE_0001";"NE_0001"
"2023";"10";"150131";"LIMA";"LIMA";"SAN ISIDRO";"PRIVADO";"II-E";"00009505";"OFTALMOSALUD";"NE_0001";"";"NE_0001";"NE_0001";"NE_0001";"NE_0001";"NE_0001";"NE_0001";"NE_0001"
"2023";"10";"090301";"HUANCAVELICA";"ANGARAES";"LIRCAY";"GOBIERNO REGIONAL";"I-1";"00003944";"BUENA VISTA";"NE_0001";"";"NE_0001";"NE_0001";"NE_0001";"NE_0001";"NE_0001";"NE_0001";"NE_0001"
"2023";"10";"090301";"HUANCAVELICA";"ANGARAES";"LIRCAY";"GOBIERNO REGIONAL";"I-1";"00003950";"CHALLHUAPUQUIO";"NE_0001";"";"NE_0001";"NE_0001";"NE_0001";"NE_0001";"NE_0001";"NE_0001";"NE_0001"
"2023";"10";"090307";"HUANCAVELICA";"ANGARAES";"HUANCA-HUANCA";"GOBIERNO REGIONAL";"I-2";"00003953";"HUANCA HUANCA";"NE_0001";"";"NE_0001";"NE_0001";"NE_0001";"NE_0001";"NE_0001";"NE_0001";"NE_0001"
"2023";"10";"090302";"HUANCAVELICA";"ANGARAES";"ANCHONGA";"GOBIERNO REGIONAL";"I-3";"00003959";"PARCO ALTO";"NE_0002";"";"NE_0002";"NE_0002";"NE_0002";"NE_0002";"NE_0002";"NE_0002";"NE_0002"
"2023";"10";"090306";"HUANCAVELICA";"ANGARAES";"CONGALLA";"GOBIERNO REGIONAL";"I-2";"00003972";"CONGALLA";"NE_0001";"";"NE_0001";"NE_0001";"NE_0001";"NE_0001";"NE_0001";"NE_0001";"NE_0001"
"2023";"10";"090301";"HUANCAVELICA";"ANGARAES";"LIRCAY";"GOBIERNO REGIONAL";"I-1";"00007384";"SAN JUAN DE AHUAY";"NE_0001";"";"NE_0001";"NE_0001";"NE_0001";"NE_0001";"NE_0001";"NE_0001";"NE_0001"
"2023";"10";"090311";"HUANCAVELICA";"ANGARAES";"SANTO TOMAS DE PATA";"GOBIERNO REGIONAL";"I-1";"00011768";"CUTICSA";"NE_0001";"";"NE_0001";"NE_0001";"NE_0001";"NE_0001";"NE_0001";"NE_0001";"NE_0001"
"2023";"10";"090302";"HUANCAVELICA";"ANGARAES";"ANCHONGA";"GOBIERNO REGIONAL";"I-2";"00003960";"TUCO";"NE_0001";"";"NE_0001";"NE_0001";"NE_0001";"NE_0001";"NE_0001";"NE_0001";"NE_0001"
"2023";"10";"090309";"HUANCAVELICA";"ANGARAES";"JULCAMARCA";"GOBIERNO REGIONAL";"I-3";"00003962";"JULCAMARCA";"NE_0002";"";"NE_0002";"NE_0002";"NE_0002";"NE_0002";"NE_0002";"NE_0002";"NE_0002"
"2023";"10";"090310";"HUANCAVELICA";"ANGARAES";"SAN ANTONIO DE ANTAPARCO";"GOBIERNO REGIONAL";"I-1";"00003965";"SAN ANTONIO DE ANTAPARCO";"NE_0001";"";"NE_0001";"NE_0001";"NE_0001";"NE_0001";"NE_0001";"NE_0001";"NE_0001"
"2023";"10";"090312";"HUANCAVELICA";"ANGARAES";"SECCLLA";"GOBIERNO REGIONAL";"I-3";"00003969";"SECCLLA";"NE_0002";"";"NE_0002";"NE_0002";"NE_0002";"NE_0002";"NE_0002";"NE_0002";"NE_0002"
"2023";"10";"090301";"HUANCAVELICA";"ANGARAES";"LIRCAY";"GOBIERNO REGIONAL";"I-1";"00007373";"SOCCLLABAMBA";"NE_0001";"";"NE_0001";"NE_0001";"NE_0001";"NE_0001";"NE_0001";"NE_0001";"NE_0001"
"2023";"10";"090305";"HUANCAVELICA";"ANGARAES";"CHINCHO";"GOBIERNO REGIONAL";"I-1";"00011787";"LLAMOCCTACHI";"NE_0001";"";"NE_0001";"NE_0001";"NE_0001";"NE_0001";"NE_0001";"NE_0001";"NE_0001"
"2023";"10";"090301";"HUANCAVELICA";"ANGARAES";"LIRCAY";"GOBIERNO REGIONAL";"I-1";"00003946";"PIRCAPAHUANA";"NE_0001";"";"NE_0001";"NE_0001";"NE_0001";"NE_0001";"NE_0001";"NE_0001";"NE_0001"
"2023";"10";"090301";"HUANCAVELICA";"ANGARAES";"LIRCAY";"GOBIERNO REGIONAL";"I-2";"00003949";"CHAHUARMA";"NE_0001";"";"NE_0001";"NE_0001";"NE_0001";"NE_0001";"NE_0001";"NE_0001";"NE_0001"
"2023";"10";"090301";"HUANCAVELICA";"ANGARAES";"LIRCAY";"GOBIERNO REGIONAL";"I-1";"00003951";"TUCSIPAMPA";"NE_0001";"";"NE_0001";"NE_0001";"NE_0001";"NE_0001";"NE_0001";"NE_0001";"NE_0001"
"2023";"10";"090308";"HUANCAVELICA";"ANGARAES";"HUALLAY-GRANDE";"GOBIERNO REGIONAL";"I-2";"00003954";"HUAYLLAY GRANDE";"NE_0001";"";"NE_0001";"NE_0001";"NE_0001";"NE_0001";"NE_0001";"NE_0001";"NE_0001"
"2023";"10";"090304";"HUANCAVELICA";"ANGARAES";"CCOCHACCASA";"GOBIERNO REGIONAL";"I-3";"00003955";"CCOCHACCASA";"NE_0002";"";"NE_0002";"NE_0002";"NE_0002";"NE_0002";"NE_0002";"NE_0002";"NE_0002"
"2023";"10";"090302";"HUANCAVELICA";"ANGARAES";"ANCHONGA";"GOBIERNO REGIONAL";"I-1";"00003958";"ANCHONGA";"NE_0001";"";"NE_0001";"NE_0001";"NE_0001";"NE_0001";"NE_0001";"NE_0001";"NE_0001"
"2023";"10";"090302";"HUANCAVELICA";"ANGARAES";"ANCHONGA";"GOBIERNO REGIONAL";"I-1";"00011454";"ALTO MARAYNIYOCC";"NE_0001";"";"NE_0001";"NE_0001";"NE_0001";"NE_0001";"NE_0001";"NE_0001";"NE_0001"
"2023";"10";"090301";"HUANCAVELICA";"ANGARAES";"LIRCAY";"GOBIERNO REGIONAL";"I-1";"00011201";"CIENEGUILLA";"NE_0001";"";"NE_0001";"NE_0001";"NE_0001";"NE_0001";"NE_0001";"NE_0001";"NE_0001"
"2023";"10";"090304";"HUANCAVELICA";"ANGARAES";"CCOCHACCASA";"GOBIERNO REGIONAL";"I-1";"00011204";"VELASCO PUCAPAMPA";"NE_0001";"";"NE_0001";"NE_0001";"NE_0001";"NE_0001";"NE_0001";"NE_0001";"NE_0001"
"2023";"10";"090302";"HUANCAVELICA";"ANGARAES";"ANCHONGA";"GOBIERNO REGIONAL";"I-1";"00028780";"LLANCAPUQUIO";"NE_0001";"";"NE_0001";"NE_0001";"NE_0001";"NE_0001";"NE_0001";"NE_0001";"NE_0001"
"2023";"10";"090301";"HUANCAVELICA";"ANGARAES";"LIRCAY";"GOBIERNO REGIONAL";"I-1";"00003948";"UCHCUPAMPA";"NE_0001";"";"NE_0001";"NE_0001";"NE_0001";"NE_0001";"NE_0001";"NE_0001";"NE_0001"
"2023";"10";"090310";"HUANCAVELICA";"ANGARAES";"SAN ANTONIO DE ANTAPARCO";"GOBIERNO REGIONAL";"I-1";"00003966";"MAICENA";"NE_0001";"";"NE_0001";"NE_0001";"NE_0001";"NE_0001";"NE_0001";"NE_0001";"NE_0001"
"2023";"10";"090311";"HUANCAVELICA";"ANGARAES";"SANTO TOMAS DE PATA";"GOBIERNO REGIONAL";"I-1";"00003968";"CHUPACC";"NE_0001";"";"NE_0001";"NE_0001";"NE_0001";"NE_0001";"NE_0001";"NE_0001";"NE_0001"
"2023";"10";"090301";"HUANCAVELICA";"ANGARAES";"LIRCAY";"GOBIERNO REGIONAL";"I-1";"00011202";"PAMPAHUASI";"NE_0001";"";"NE_0001";"NE_0001";"NE_0001";"NE_0001";"NE_0001";"NE_0001";"NE_0001"
"2023";"10";"100604";"HUANUCO";"LEONCIO PRADO";"JOSE CRESPO Y CASTILLO";"ESSALUD";"I-2";"00027083";"POSTA MÉDICA AUCAYACU";"NE_0001";"";"NE_0001";"NE_0001";"NE_0001";"NE_0001";"NE_0001";"NE_0001";"NE_0001"
"2023";"10";"211101";"PUNO";"SAN ROMAN";"JULIACA";"ESSALUD";"II-2";"00009899";"HOSPITAL BASE III JULIACA - ESSALUD - RED ASISTENCIAL JULIACA";"241900";"HOSPITALIZACIÓN DE MEDICINA MEDICINA INTERNA ";"49";"49";"248";"248";"8";"248";"0"
"2023";"10";"211101";"PUNO";"SAN ROMAN";"JULIACA";"ESSALUD";"II-2";"00009899";"HOSPITAL BASE III JULIACA - ESSALUD - RED ASISTENCIAL JULIACA";"244000";"HOSPITALIZACIÓN DE MEDICINA CARDIOLOGIA ";"5";"8";"48";"48";"2";"62";"2"
"2023";"10";"211101";"PUNO";"SAN ROMAN";"JULIACA";"ESSALUD";"II-2";"00009899";"HOSPITAL BASE III JULIACA - ESSALUD - RED ASISTENCIAL JULIACA";"244300";"HOSPITALIZACIÓN DE MEDICINA GASTROENTEROLOGÍA  ";"26";"26";"124";"124";"4";"124";"0"
"2023";"10";"211101";"PUNO";"SAN ROMAN";"JULIACA";"ESSALUD";"II-2";"00009899";"HOSPITAL BASE III JULIACA - ESSALUD - RED ASISTENCIAL JULIACA";"244700";"HOSPITALIZACIÓN DE MEDICINA NEUROLOGIA  ";"7";"7";"36";"36";"2";"62";"0"
"2023";"10";"211101";"PUNO";"SAN ROMAN";"JULIACA";"ESSALUD";"II-2";"00009899";"HOSPITAL BASE III JULIACA - ESSALUD - RED ASISTENCIAL JULIACA";"245300";"HOSPITALIZACIÓN DE MEDICINA NEUMOLOGÍA  ";"7";"10";"110";"110";"8";"248";"3"
"2023";"10";"211101";"PUNO";"SAN ROMAN";"JULIACA";"ESSALUD";"II-2";"00009899";"HOSPITAL BASE III JULIACA - ESSALUD - RED ASISTENCIAL JULIACA";"240100";"HOSPITALIZACIÓN QUIRÚRGICA CIRUGÍA GENERAL ";"101";"102";"310";"310";"10";"310";"0"
"2023";"10";"211101";"PUNO";"SAN ROMAN";"JULIACA";"ESSALUD";"II-2";"00009899";"HOSPITAL BASE III JULIACA - ESSALUD - RED ASISTENCIAL JULIACA";"240400";"HOSPITALIZACIÓN QUIRÚRGICA CIRUGÍA DE TÓRAX Y CARDIOVASCULAR ";"4";"5";"28";"28";"4";"124";"0"
"2023";"10";"211101";"PUNO";"SAN ROMAN";"JULIACA";"ESSALUD";"II-2";"00009899";"HOSPITAL BASE III JULIACA - ESSALUD - RED ASISTENCIAL JULIACA";"240900";"HOSPITALIZACIÓN QUIRÚRGICA NEUROCIRUGÍA ";"5";"6";"48";"48";"2";"62";"0"
"2023";"10";"211101";"PUNO";"SAN ROMAN";"JULIACA";"ESSALUD";"II-2";"00009899";"HOSPITAL BASE III JULIACA - ESSALUD - RED ASISTENCIAL JULIACA";"241200";"HOSPITALIZACIÓN QUIRÚRGICA TRAUMATOLOGÍA Y ORTOPEDIA ";"30";"35";"124";"124";"4";"124";"0"
"2023";"10";"211101";"PUNO";"SAN ROMAN";"JULIACA";"ESSALUD";"II-2";"00009899";"HOSPITAL BASE III JULIACA - ESSALUD - RED ASISTENCIAL JULIACA";"241100";"HOSPITALIZACIÓN QUIRÚRGICA OTORRINOLARINGOLOGÍA  ";"11";"9";"18";"18";"1";"31";"0"
"2023";"10";"211101";"PUNO";"SAN ROMAN";"JULIACA";"ESSALUD";"II-2";"00009899";"HOSPITAL BASE III JULIACA - ESSALUD - RED ASISTENCIAL JULIACA";"241300";"HOSPITALIZACIÓN QUIRÚRGICA UROLOGÍA  ";"17";"16";"73";"73";"3";"93";"0"
"2023";"10";"211101";"PUNO";"SAN ROMAN";"JULIACA";"ESSALUD";"II-2";"00009899";"HOSPITAL BASE III JULIACA - ESSALUD - RED ASISTENCIAL JULIACA";"241400";"HOSPITALIZACIÓN QUIRÚRGICA GINECO - OBSTETRICIA ";"157";"143";"366";"366";"18";"558";"0"
"2023";"09";"160101";"LORETO";"MAYNAS";"IQUITOS";"PRIVADO";"II-1";"00012170";"SERVICIOS MEDICOS CLINICA SANTA ANITA SRL";"NE_0002";"";"NE_0002";"NE_0002";"NE_0002";"NE_0002";"NE_0002";"NE_0002";"NE_0002"
"2023";"09";"150128";"LIMA";"LIMA";"RIMAC";"SANIDAD DEL EJERCITO DEL PERU";"I-4";"00013914";"CENTRO DE SALUD MILITAR RIMAC";"241800";"HOSPITALIZACIÓN DE MEDICINA MEDICINA GENERAL ";"1";"0";"1";"1";"1";"3";"0"
"2023";"09";"080501";"CUSCO";"CANAS";"YANAOCA";"GOBIERNO REGIONAL";"I-2";"00018241";"HAMPATURA";"NE_0001";"";"NE_0001";"NE_0001";"NE_0001";"NE_0001";"NE_0001";"NE_0001";"NE_0001"
"2023";"09";"080506";"CUSCO";"CANAS";"PAMPAMARCA";"GOBIERNO REGIONAL";"I-2";"00002372";"PAMPAMARCA";"NE_0001";"";"NE_0001";"NE_0001";"NE_0001";"NE_0001";"NE_0001";"NE_0001";"NE_0001"
"2023";"09";"080508";"CUSCO";"CANAS";"TUPAC AMARU";"GOBIERNO REGIONAL";"I-1";"00002375";"SURIMANA";"NE_0001";"";"NE_0001";"NE_0001";"NE_0001";"NE_0001";"NE_0001";"NE_0001";"NE_0001"
"2023";"09";"080507";"CUSCO";"CANAS";"QUEHUE";"GOBIERNO REGIONAL";"I-2";"00002373";"QUEHUE";"NE_0001";"";"NE_0001";"NE_0001";"NE_0001";"NE_0001";"NE_0001";"NE_0001";"NE_0001"
"2023";"09";"080501";"CUSCO";"CANAS";"YANAOCA";"GOBIERNO REGIONAL";"I-4";"00002364";"YANAOCA";"NE_0001";"";"NE_0001";"NE_0001";"NE_0001";"NE_0001";"NE_0001";"NE_0001";"NE_0001"
"2023";"09";"080508";"CUSCO";"CANAS";"TUPAC AMARU";"GOBIERNO REGIONAL";"I-2";"00002376";"TUNGASUCA";"NE_0001";"";"NE_0001";"NE_0001";"NE_0001";"NE_0001";"NE_0001";"NE_0001";"NE_0001"
"2023";"09";"080501";"CUSCO";"CANAS";"YANAOCA";"GOBIERNO REGIONAL";"I-2";"00002365";"PONGOÑA";"NE_0001";"";"NE_0001";"NE_0001";"NE_0001";"NE_0001";"NE_0001";"NE_0001";"NE_0001"
"2023";"09";"080507";"CUSCO";"CANAS";"QUEHUE";"GOBIERNO REGIONAL";"I-2";"00002374";"HUINCHIRI";"NE_0001";"";"NE_0001";"NE_0001";"NE_0001";"NE_0001";"NE_0001";"NE_0001";"NE_0001"
"2023";"09";"080508";"CUSCO";"CANAS";"TUPAC AMARU";"GOBIERNO REGIONAL";"I-1";"00002377";"TOCCOCCORI";"NE_0001";"";"NE_0001";"NE_0001";"NE_0001";"NE_0001";"NE_0001";"NE_0001";"NE_0001"
"2023";"10";"200701";"PIURA";"TALARA";"PARIÑAS";"PRIVADO";"I-2";"00012359";"CENTRO OFTALMOLOGICO DE TALARA SRL";"NE_0001";"";"NE_0001";"NE_0001";"NE_0001";"NE_0001";"NE_0001";"NE_0001";"NE_0001"
"2023";"10";"090206";"HUANCAVELICA";"ACOBAMBA";"PAUCARA";"GOBIERNO REGIONAL";"I-1";"00009696";"PUESTO DE SALUD LIBERTADORES DE CHOPCCA";"NE_0001";"";"NE_0001";"NE_0001";"NE_0001";"NE_0001";"NE_0001";"NE_0001";"NE_0001"
"2023";"10";"090206";"HUANCAVELICA";"ACOBAMBA";"PAUCARA";"GOBIERNO REGIONAL";"I-3";"00003931";"TINQUERCCASA";"NE_0001";"";"NE_0001";"NE_0001";"NE_0001";"NE_0001";"NE_0001";"NE_0001";"NE_0001"
"2023";"10";"090206";"HUANCAVELICA";"ACOBAMBA";"PAUCARA";"GOBIERNO REGIONAL";"I-1";"00003932";"PUESTO DE SALUD HUACHHUA";"NE_0001";"";"NE_0001";"NE_0001";"NE_0001";"NE_0001";"NE_0001";"NE_0001";"NE_0001"
"2023";"10";"090206";"HUANCAVELICA";"ACOBAMBA";"PAUCARA";"GOBIERNO REGIONAL";"I-2";"00006823";"PUESTO DE SALUD CHOPCCAPAMPA";"NE_0001";"";"NE_0001";"NE_0001";"NE_0001";"NE_0001";"NE_0001";"NE_0001";"NE_0001"
"2023";"10";"150140";"LIMA";"LIMA";"SANTIAGO DE SURCO";"PRIVADO";"II-E";"00015461";"VISTASALUD CENTRO OFTALMOLOGICO";"NE_0001";"";"NE_0001";"NE_0001";"NE_0001";"NE_0001";"NE_0001";"NE_0001";"NE_0001"
"2023";"10";"150110";"LIMA";"LIMA";"COMAS";"PRIVADO";"I-2";"00013834";"ARIE";"NE_0002";"";"NE_0002";"NE_0002";"NE_0002";"NE_0002";"NE_0002";"NE_0002";"NE_0002"
"2023";"10";"150117";"LIMA";"LIMA";"LOS OLIVOS";"PRIVADO";"II-E";"00023852";"OFTALMOSALUD";"NE_0001";"";"NE_0001";"NE_0001";"NE_0001";"NE_0001";"NE_0001";"NE_0001";"NE_0001"
"2023";"10";"090301";"HUANCAVELICA";"ANGARAES";"LIRCAY";"GOBIERNO REGIONAL";"I-2";"00003945";"CARHUAPATA";"NE_0001";"";"NE_0001";"NE_0001";"NE_0001";"NE_0001";"NE_0001";"NE_0001";"NE_0001"
"2023";"10";"120701";"JUNIN";"TARMA";"TARMA";"GOBIERNO REGIONAL";"II-2";"00000520";"DE APOYO FELIX MAYORCA SOTO";"241800";"HOSPITALIZACIÓN DE MEDICINA MEDICINA GENERAL ";"45";"46";"295";"246";"12";"372";"6"
"2023";"10";"120701";"JUNIN";"TARMA";"TARMA";"GOBIERNO REGIONAL";"II-2";"00000520";"DE APOYO FELIX MAYORCA SOTO";"250103";"UNIDAD DE CUIDADOS CRITICOS UNIDAD  DE CUIDADOS INTENSIVOS GENERALES  (UCI) MEDICINA";"5";"4";"9";"19";"2";"62";"1"
"2023";"10";"120701";"JUNIN";"TARMA";"TARMA";"GOBIERNO REGIONAL";"II-2";"00000520";"DE APOYO FELIX MAYORCA SOTO";"240100";"HOSPITALIZACIÓN QUIRÚRGICA CIRUGÍA GENERAL ";"52";"50";"224";"229";"10";"310";"0"
"2023";"10";"120701";"JUNIN";"TARMA";"TARMA";"GOBIERNO REGIONAL";"II-2";"00000520";"DE APOYO FELIX MAYORCA SOTO";"241200";"HOSPITALIZACIÓN QUIRÚRGICA TRAUMATOLOGÍA Y ORTOPEDIA ";"36";"35";"150";"151";"10";"310";"0"
"2023";"10";"120701";"JUNIN";"TARMA";"TARMA";"GOBIERNO REGIONAL";"II-2";"00000520";"DE APOYO FELIX MAYORCA SOTO";"243200";"HOSPITALIZACIÓN DE PEDIATRÍA PEDIATRIA NEONATOLOGÍA";"10";"12";"42";"45";"4";"124";"0"
"2023";"10";"120701";"JUNIN";"TARMA";"TARMA";"GOBIERNO REGIONAL";"II-2";"00000520";"DE APOYO FELIX MAYORCA SOTO";"250105";"UNIDAD DE CUIDADOS CRITICOS UNIDAD  DE CUIDADOS INTENSIVOS  (UCI) NEONATOLOGÍA";"4";"6";"63";"31";"2";"62";"0"
"2023";"10";"120701";"JUNIN";"TARMA";"TARMA";"GOBIERNO REGIONAL";"II-2";"00000520";"DE APOYO FELIX MAYORCA SOTO";"242500";"HOSPITALIZACIÓN-PEDIATRÍA GENERAL-";"28";"27";"83";"100";"5";"155";"0"
"2023";"10";"120701";"JUNIN";"TARMA";"TARMA";"GOBIERNO REGIONAL";"II-2";"00000520";"DE APOYO FELIX MAYORCA SOTO";"241400";"HOSPITALIZACIÓN QUIRÚRGICA GINECO - OBSTETRICIA ";"108";"108";"352";"359";"20";"620";"0"
"2023";"10";"090301";"HUANCAVELICA";"ANGARAES";"LIRCAY";"GOBIERNO REGIONAL";"I-1";"00003947";"CONSTANCIA";"NE_0001";"";"NE_0001";"NE_0001";"NE_0001";"NE_0001";"NE_0001";"NE_0001";"NE_0001"
"2023";"10";"090312";"HUANCAVELICA";"ANGARAES";"SECCLLA";"GOBIERNO REGIONAL";"I-1";"00003970";"QUISPICANCHA";"NE_0001";"";"NE_0001";"NE_0001";"NE_0001";"NE_0001";"NE_0001";"NE_0001";"NE_0001"
"2023";"10";"090301";"HUANCAVELICA";"ANGARAES";"LIRCAY";"GOBIERNO REGIONAL";"I-1";"00011769";"YANAUTUTO";"NE_0001";"";"NE_0001";"NE_0001";"NE_0001";"NE_0001";"NE_0001";"NE_0001";"NE_0001"
"2023";"10";"090303";"HUANCAVELICA";"ANGARAES";"CALLANMARCA";"GOBIERNO REGIONAL";"I-1";"00003952";"CALLANMARCA";"NE_0001";"";"NE_0001";"NE_0001";"NE_0001";"NE_0001";"NE_0001";"NE_0001";"NE_0001"
"2023";"10";"090304";"HUANCAVELICA";"ANGARAES";"CCOCHACCASA";"GOBIERNO REGIONAL";"I-1";"00003957";"CCASCCABAMBA";"NE_0001";"";"NE_0001";"NE_0001";"NE_0001";"NE_0001";"NE_0001";"NE_0001";"NE_0001"
"2023";"10";"090301";"HUANCAVELICA";"ANGARAES";"LIRCAY";"GOBIERNO REGIONAL";"I-2";"00007385";"SAN JUAN DE DIOS DE CCOLLPAPAMPA";"NE_0001";"";"NE_0001";"NE_0001";"NE_0001";"NE_0001";"NE_0001";"NE_0001";"NE_0001"
"2023";"10";"090312";"HUANCAVELICA";"ANGARAES";"SECCLLA";"GOBIERNO REGIONAL";"I-1";"00003971";"TRANCA";"NE_0001";"";"NE_0001";"NE_0001";"NE_0001";"NE_0001";"NE_0001";"NE_0001";"NE_0001"
"2023";"10";"090306";"HUANCAVELICA";"ANGARAES";"CONGALLA";"GOBIERNO REGIONAL";"I-1";"00003975";"LIRCAYCCASA";"NE_0001";"";"NE_0001";"NE_0001";"NE_0001";"NE_0001";"NE_0001";"NE_0001";"NE_0001"
"2023";"10";"090307";"HUANCAVELICA";"ANGARAES";"HUANCA-HUANCA";"GOBIERNO REGIONAL";"I-1";"00011200";"CCARAPA";"NE_0001";"";"NE_0001";"NE_0001";"NE_0001";"NE_0001";"NE_0001";"NE_0001";"NE_0001"
"2023";"10";"090301";"HUANCAVELICA";"ANGARAES";"LIRCAY";"GOBIERNO REGIONAL";"I-1";"00011205";"UNION PROGRESO PATAHUASI";"NE_0001";"";"NE_0001";"NE_0001";"NE_0001";"NE_0001";"NE_0001";"NE_0001";"NE_0001"
"2023";"10";"090301";"HUANCAVELICA";"ANGARAES";"LIRCAY";"GOBIERNO REGIONAL";"I-3";"00028484";"CENTRO DE SALUD MENTAL COMUNITARIO ANGARAES";"NE_0002";"";"NE_0002";"NE_0002";"NE_0002";"NE_0002";"NE_0002";"NE_0002";"NE_0002"
"2023";"10";"070101";"CALLAO";"CALLAO";"CALLAO";"GOBIERNO REGIONAL";"I-2";"00006244";"PUESTO DE SALUD 200 MILLAS";"NE_0001";"";"NE_0001";"NE_0001";"NE_0001";"NE_0001";"NE_0001";"NE_0001";"NE_0001"
"2023";"10";"070101";"CALLAO";"CALLAO";"CALLAO";"GOBIERNO REGIONAL";"I-2";"00006243";"PUESTO DE SALUD FAUCETT";"NE_0001";"";"NE_0001";"NE_0001";"NE_0001";"NE_0001";"NE_0001";"NE_0001";"NE_0001"
"2023";"10";"220101";"SAN MARTIN";"MOYOBAMBA";"MOYOBAMBA";"GOBIERNO REGIONAL";"I-1";"00006316";"TAHUISHCO";"NE_0001";"";"NE_0001";"NE_0001";"NE_0001";"NE_0001";"NE_0001";"NE_0001";"NE_0001"
"2023";"10";"220101";"SAN MARTIN";"MOYOBAMBA";"MOYOBAMBA";"GOBIERNO REGIONAL";"I-1";"00006313";"MARONA";"NE_0001";"";"NE_0001";"NE_0001";"NE_0001";"NE_0001";"NE_0001";"NE_0001";"NE_0001"
"2023";"10";"220104";"SAN MARTIN";"MOYOBAMBA";"JEPELACIO";"GOBIERNO REGIONAL";"I-1";"00006317";"SAN MATEO";"NE_0001";"";"NE_0001";"NE_0001";"NE_0001";"NE_0001";"NE_0001";"NE_0001";"NE_0001"
"2023";"10";"220101";"SAN MARTIN";"MOYOBAMBA";"MOYOBAMBA";"GOBIERNO REGIONAL";"I-1";"00010110";"LA FLOR DE LA PRIMAVERA";"NE_0001";"";"NE_0001";"NE_0001";"NE_0001";"NE_0001";"NE_0001";"NE_0001";"NE_0001"
"2023";"10";"220101";"SAN MARTIN";"MOYOBAMBA";"MOYOBAMBA";"GOBIERNO REGIONAL";"I-3";"00006312";"LLUYLLUCUCHA";"NE_0001";"";"NE_0001";"NE_0001";"NE_0001";"NE_0001";"NE_0001";"NE_0001";"NE_0001"
"2023";"10";"220101";"SAN MARTIN";"MOYOBAMBA";"MOYOBAMBA";"GOBIERNO REGIONAL";"I-1";"00006314";"QUILLOALLPA";"NE_0001";"";"NE_0001";"NE_0001";"NE_0001";"NE_0001";"NE_0001";"NE_0001";"NE_0001"
"2023";"10";"220101";"SAN MARTIN";"MOYOBAMBA";"MOYOBAMBA";"GOBIERNO REGIONAL";"I-2";"00006315";"SUGLLAQUIRO";"NE_0001";"";"NE_0001";"NE_0001";"NE_0001";"NE_0001";"NE_0001";"NE_0001";"NE_0001"
"2023";"10";"220101";"SAN MARTIN";"MOYOBAMBA";"MOYOBAMBA";"GOBIERNO REGIONAL";"I-1";"00027097";"EL CONDOR";"NE_0001";"";"NE_0001";"NE_0001";"NE_0001";"NE_0001";"NE_0001";"NE_0001";"NE_0001"
"2023";"10";"150120";"LIMA";"LIMA";"MAGDALENA DEL MAR";"PRIVADO";"II-E";"00015349";"MEDICAL PLASTIC";"240800";"HOSPITALIZACIÓN QUIRÚRGICA CIRUGÍA PLÁSTICA/RECONSTRUCTIVA/ REPARADORA ";"4";"4";"4";"4";"4";"124";"0"
"2023";"10";"060614";"CAJAMARCA";"CUTERVO";"SOCOTA";"GOBIERNO REGIONAL";"I-1";"00005042";"SAN ANTONIO";"NE_0001";"";"NE_0001";"NE_0001";"NE_0001";"NE_0001";"NE_0001";"NE_0001";"NE_0001"
"2023";"10";"060614";"CAJAMARCA";"CUTERVO";"SOCOTA";"GOBIERNO REGIONAL";"I-1";"00005043";"LAGUNA SHITA";"NE_0001";"";"NE_0001";"NE_0001";"NE_0001";"NE_0001";"NE_0001";"NE_0001";"NE_0001"
"2023";"10";"080706";"CUSCO";"CHUMBIVILCAS";"LLUSCO";"GOBIERNO REGIONAL";"I-2";"00006748";"COLLPA";"NE_0001";"";"NE_0001";"NE_0001";"NE_0001";"NE_0001";"NE_0001";"NE_0001";"NE_0001"
"2023";"10";"080701";"CUSCO";"CHUMBIVILCAS";"SANTO TOMAS";"GOBIERNO REGIONAL";"I-2";"00006746";"LLIQUE";"NE_0001";"";"NE_0001";"NE_0001";"NE_0001";"NE_0001";"NE_0001";"NE_0001";"NE_0001"
"2023";"10";"080701";"CUSCO";"CHUMBIVILCAS";"SANTO TOMAS";"GOBIERNO REGIONAL";"I-1";"00007111";"YAVINA";"NE_0001";"";"NE_0001";"NE_0001";"NE_0001";"NE_0001";"NE_0001";"NE_0001";"NE_0001"
"2023";"10";"060614";"CAJAMARCA";"CUTERVO";"SOCOTA";"GOBIERNO REGIONAL";"I-1";"00006948";"SANTA ELENA";"NE_0001";"";"NE_0001";"NE_0001";"NE_0001";"NE_0001";"NE_0001";"NE_0001";"NE_0001"
"2023";"10";"060610";"CAJAMARCA";"CUTERVO";"SAN LUIS DE LUCMA";"GOBIERNO REGIONAL";"I-1";"00007048";"SEXESHITA";"NE_0001";"";"NE_0001";"NE_0001";"NE_0001";"NE_0001";"NE_0001";"NE_0001";"NE_0001"
"2023";"10";"040701";"AREQUIPA";"ISLAY";"MOLLENDO";"ESSALUD";"II-1";"00013295";"HOSPITAL II MANUEL DE TORRES MUÑOZ -  MOLLENDO";"241800";"HOSPITALIZACIÓN DE MEDICINA MEDICINA GENERAL ";"30";"37";"277";"252";"12";"372";"4"
"2023";"10";"040701";"AREQUIPA";"ISLAY";"MOLLENDO";"ESSALUD";"II-1";"00013295";"HOSPITAL II MANUEL DE TORRES MUÑOZ -  MOLLENDO";"240100";"HOSPITALIZACIÓN QUIRÚRGICA CIRUGÍA GENERAL ";"37";"38";"152";"141";"6";"186";"0"
"2023";"10";"040701";"AREQUIPA";"ISLAY";"MOLLENDO";"ESSALUD";"II-1";"00013295";"HOSPITAL II MANUEL DE TORRES MUÑOZ -  MOLLENDO";"241500";"HOSPITALIZACIÓN QUIRÚRGICA GINECOLOGÍA  ";"13";"12";"30";"32";"2";"62";"0"
"2023";"10";"040701";"AREQUIPA";"ISLAY";"MOLLENDO";"ESSALUD";"II-1";"00013295";"HOSPITAL II MANUEL DE TORRES MUÑOZ -  MOLLENDO";"241600";"HOSPITALIZACIÓN QUIRÚRGICA OBSTETRICIA   ";"19";"23";"50";"41";"3";"93";"0"
"2023";"10";"040701";"AREQUIPA";"ISLAY";"MOLLENDO";"ESSALUD";"II-1";"00013295";"HOSPITAL II MANUEL DE TORRES MUÑOZ -  MOLLENDO";"242300";"HOSPITALIZACIÓN DE PEDIATRÍA  PEDIATRÍA  GENERAL ";"30";"37";"83";"68";"4";"124";"0"
"2023";"10";"060811";"CAJAMARCA";"JAEN";"SAN JOSE DEL ALTO";"GOBIERNO REGIONAL";"I-1";"00018121";"EL PORVENIR";"NE_0001";"";"NE_0001";"NE_0001";"NE_0001";"NE_0001";"NE_0001";"NE_0001";"NE_0001"
"2023";"10";"060811";"CAJAMARCA";"JAEN";"SAN JOSE DEL ALTO";"GOBIERNO REGIONAL";"I-2";"00004260";"PEÑA BLANCA";"NE_0001";"";"NE_0001";"NE_0001";"NE_0001";"NE_0001";"NE_0001";"NE_0001";"NE_0001"
"2023";"10";"060811";"CAJAMARCA";"JAEN";"SAN JOSE DEL ALTO";"GOBIERNO REGIONAL";"I-1";"00013058";"SAN PEDRO";"NE_0001";"";"NE_0001";"NE_0001";"NE_0001";"NE_0001";"NE_0001";"NE_0001";"NE_0001"
"2023";"10";"060811";"CAJAMARCA";"JAEN";"SAN JOSE DEL ALTO";"GOBIERNO REGIONAL";"I-1";"00004259";"HUAHUAYA";"NE_0001";"";"NE_0001";"NE_0001";"NE_0001";"NE_0001";"NE_0001";"NE_0001";"NE_0001"
"2023";"10";"060811";"CAJAMARCA";"JAEN";"SAN JOSE DEL ALTO";"GOBIERNO REGIONAL";"I-1";"00004257";"SAN JOSE DEL ALTO";"NE_0001";"";"NE_0001";"NE_0001";"NE_0001";"NE_0001";"NE_0001";"NE_0001";"NE_0001"
"2023";"10";"060811";"CAJAMARCA";"JAEN";"SAN JOSE DEL ALTO";"GOBIERNO REGIONAL";"I-1";"00009965";"SAN ANTONIO";"NE_0001";"";"NE_0001";"NE_0001";"NE_0001";"NE_0001";"NE_0001";"NE_0001";"NE_0001"
"2023";"10";"060811";"CAJAMARCA";"JAEN";"SAN JOSE DEL ALTO";"GOBIERNO REGIONAL";"I-3";"00004256";"COCHALAN";"NE_0001";"";"NE_0001";"NE_0001";"NE_0001";"NE_0001";"NE_0001";"NE_0001";"NE_0001"
"2023";"10";"060811";"CAJAMARCA";"JAEN";"SAN JOSE DEL ALTO";"GOBIERNO REGIONAL";"I-2";"00004258";"ANGASH";"NE_0001";"";"NE_0001";"NE_0001";"NE_0001";"NE_0001";"NE_0001";"NE_0001";"NE_0001"
"2023";"10";"120114";"JUNIN";"HUANCAYO";"EL TAMBO";"PRIVADO";"II-E";"00028966";"CLÍNICA ESPECIALIZADA MIRANDA";"241200";"HOSPITALIZACIÓN QUIRÚRGICA TRAUMATOLOGÍA Y ORTOPEDIA ";"7";"7";"7";"20";"9";"20";"0"
"2023";"10";"120114";"JUNIN";"HUANCAYO";"EL TAMBO";"PRIVADO";"II-E";"00028966";"CLÍNICA ESPECIALIZADA MIRANDA";"245400";"HOSPITALIZACIÓN DE MEDICINA GINECOLOGIA ";"11";"11";"11";"26";"9";"26";"0"
"2023";"10";"120114";"JUNIN";"HUANCAYO";"EL TAMBO";"PRIVADO";"II-E";"00028966";"CLÍNICA ESPECIALIZADA MIRANDA";"240100";"HOSPITALIZACIÓN QUIRÚRGICA CIRUGÍA GENERAL ";"44";"44";"44";"95";"9";"95";"0"
"2023";"10";"140101";"LAMBAYEQUE";"CHICLAYO";"CHICLAYO";"PRIVADO";"II-E";"00012457";"CLINICA PROVIDA";"240800";"HOSPITALIZACIÓN QUIRÚRGICA CIRUGÍA PLÁSTICA/RECONSTRUCTIVA/ REPARADORA ";"31";"31";"16";"25";"2";"62";"0"
"2023";"10";"140101";"LAMBAYEQUE";"CHICLAYO";"CHICLAYO";"PRIVADO";"II-E";"00012457";"CLINICA PROVIDA";"240200";"HOSPITALIZACIÓN QUIRÚRGICA CIRUGÍA DE CABEZA Y CUELLO / MÁXILO FACIAL ";"1";"1";"1";"1";"1";"31";"0"
"2023";"10";"140101";"LAMBAYEQUE";"CHICLAYO";"CHICLAYO";"PRIVADO";"II-E";"00012457";"CLINICA PROVIDA";"240400";"HOSPITALIZACIÓN QUIRÚRGICA CIRUGÍA DE TÓRAX Y CARDIOVASCULAR ";"3";"3";"8";"3";"1";"31";"0"
"2023";"10";"140101";"LAMBAYEQUE";"CHICLAYO";"CHICLAYO";"PRIVADO";"II-E";"00012457";"CLINICA PROVIDA";"240100";"HOSPITALIZACIÓN QUIRÚRGICA CIRUGÍA GENERAL ";"27";"27";"51";"28";"2";"62";"0"
"2023";"10";"140101";"LAMBAYEQUE";"CHICLAYO";"CHICLAYO";"PRIVADO";"II-E";"00012457";"CLINICA PROVIDA";"241200";"HOSPITALIZACIÓN QUIRÚRGICA TRAUMATOLOGÍA Y ORTOPEDIA ";"59";"57";"116";"59";"3";"93";"0"
"2023";"10";"140101";"LAMBAYEQUE";"CHICLAYO";"CHICLAYO";"PRIVADO";"II-E";"00012457";"CLINICA PROVIDA";"241400";"HOSPITALIZACIÓN QUIRÚRGICA GINECO - OBSTETRICIA ";"39";"39";"44";"39";"2";"62";"0"
"2023";"10";"140101";"LAMBAYEQUE";"CHICLAYO";"CHICLAYO";"PRIVADO";"II-E";"00012457";"CLINICA PROVIDA";"242100";"HOSPITALIZACIÓN DE MEDICINA ONCOLOGÍA MÉDICA ";"6";"6";"25";"6";"1";"31";"0"
"2023";"10";"140101";"LAMBAYEQUE";"CHICLAYO";"CHICLAYO";"PRIVADO";"II-E";"00012457";"CLINICA PROVIDA";"240700";"HOSPITALIZACIÓN QUIRÚRGICA CIRUGÍA PEDIÁTRICA ";"4";"4";"4";"4";"1";"31";"0"
"2023";"10";"140101";"LAMBAYEQUE";"CHICLAYO";"CHICLAYO";"PRIVADO";"II-E";"00012457";"CLINICA PROVIDA";"241300";"HOSPITALIZACIÓN QUIRÚRGICA UROLOGÍA  ";"12";"12";"20";"12";"1";"31";"0"
"2023";"10";"140101";"LAMBAYEQUE";"CHICLAYO";"CHICLAYO";"PRIVADO";"II-E";"00012457";"CLINICA PROVIDA";"241900";"HOSPITALIZACIÓN DE MEDICINA MEDICINA INTERNA ";"11";"11";"45";"11";"1";"31";"0"
"2023";"09";"150122";"LIMA";"LIMA";"MIRAFLORES";"ESSALUD";"II-2";"00008489";"ESSALUD - HOSPITAL III SUÁREZ ANGAMOS";"250100";"UNIDAD DE CUIDADOS CRITICOS UNIDAD  DE CUIDADOS INTENSIVOS GENERALES (UCI) ";"6";"6";"40";"139";"7";"210";"0"
"2023";"09";"150122";"LIMA";"LIMA";"MIRAFLORES";"ESSALUD";"II-2";"00008489";"ESSALUD - HOSPITAL III SUÁREZ ANGAMOS";"250200";"UNIDAD DE CUIDADOS CRITICOS UNIDAD DE CUIDADOS INTERMEDIOS GENERAL  (UCIN) ";"4";"4";"11";"144";"6";"180";"0"
"2023";"09";"150122";"LIMA";"LIMA";"MIRAFLORES";"ESSALUD";"II-2";"00008489";"ESSALUD - HOSPITAL III SUÁREZ ANGAMOS";"241800";"HOSPITALIZACIÓN DE MEDICINA MEDICINA GENERAL ";"98";"99";"933";"699";"24";"720";"4"
"2023";"09";"150122";"LIMA";"LIMA";"MIRAFLORES";"ESSALUD";"II-2";"00008489";"ESSALUD - HOSPITAL III SUÁREZ ANGAMOS";"240100";"HOSPITALIZACIÓN QUIRÚRGICA CIRUGÍA GENERAL ";"263";"259";"503";"496";"20";"597";"0"
"2023";"09";"150122";"LIMA";"LIMA";"MIRAFLORES";"ESSALUD";"II-2";"00008489";"ESSALUD - HOSPITAL III SUÁREZ ANGAMOS";"241400";"HOSPITALIZACIÓN QUIRÚRGICA GINECO - OBSTETRICIA ";"45";"44";"84";"79";"3";"103";"0"
"2023";"09";"150122";"LIMA";"LIMA";"MIRAFLORES";"ESSALUD";"II-2";"00008489";"ESSALUD - HOSPITAL III SUÁREZ ANGAMOS";"241600";"HOSPITALIZACIÓN QUIRÚRGICA OBSTETRICIA   ";"225";"215";"398";"399";"14";"432";"0"
"2023";"09";"150122";"LIMA";"LIMA";"MIRAFLORES";"ESSALUD";"II-2";"00008489";"ESSALUD - HOSPITAL III SUÁREZ ANGAMOS";"242300";"HOSPITALIZACIÓN DE PEDIATRÍA  PEDIATRÍA  GENERAL ";"63";"63";"221";"231";"10";"287";"0"
"2023";"09";"150122";"LIMA";"LIMA";"MIRAFLORES";"ESSALUD";"II-2";"00008489";"ESSALUD - HOSPITAL III SUÁREZ ANGAMOS";"243200";"HOSPITALIZACIÓN DE PEDIATRÍA PEDIATRIA NEONATOLOGÍA";"11";"9";"29";"30";"4";"111";"0"
"2023";"09";"021301";"ANCASH";"MARISCAL LUZURIAGA";"PISCOBAMBA";"GOBIERNO REGIONAL";"I-1";"00001784";"PUESTO DE SALUD SOCOSBAMBA";"NE_0001";"";"NE_0001";"NE_0001";"NE_0001";"NE_0001";"NE_0001";"NE_0001";"NE_0001"
"2023";"09";"021303";"ANCASH";"MARISCAL LUZURIAGA";"ELEAZAR GUZMAN BARRON";"GOBIERNO REGIONAL";"I-1";"00001786";"PUESTO DE SALUD PAMPACHACRA";"NE_0001";"";"NE_0001";"NE_0001";"NE_0001";"NE_0001";"NE_0001";"NE_0001";"NE_0001"
"2023";"09";"021303";"ANCASH";"MARISCAL LUZURIAGA";"ELEAZAR GUZMAN BARRON";"GOBIERNO REGIONAL";"I-1";"00001787";"PUESTO DE SALUD PUMPA";"NE_0001";"";"NE_0001";"NE_0001";"NE_0001";"NE_0001";"NE_0001";"NE_0001";"NE_0001"
"2023";"09";"021305";"ANCASH";"MARISCAL LUZURIAGA";"LLAMA";"GOBIERNO REGIONAL";"I-2";"00001788";"PUESTO DE SALUD LLAMA";"NE_0001";"";"NE_0001";"NE_0001";"NE_0001";"NE_0001";"NE_0001";"NE_0001";"NE_0001"
"2023";"09";"021304";"ANCASH";"MARISCAL LUZURIAGA";"FIDEL OLIVAS ESCUDERO";"GOBIERNO REGIONAL";"I-1";"00001793";"PUESTO DE SALUD SANASHGAN";"NE_0001";"";"NE_0001";"NE_0001";"NE_0001";"NE_0001";"NE_0001";"NE_0001";"NE_0001"
"2023";"09";"021301";"ANCASH";"MARISCAL LUZURIAGA";"PISCOBAMBA";"GOBIERNO REGIONAL";"I-4";"00001783";"CENTRO DE SALUD PISCOBAMBA";"241600";"HOSPITALIZACIÓN QUIRÚRGICA OBSTETRICIA   ";"5";"5";"13";"13";"5";"150";"0"
"2023";"09";"021304";"ANCASH";"MARISCAL LUZURIAGA";"FIDEL OLIVAS ESCUDERO";"GOBIERNO REGIONAL";"I-1";"00001794";"PUESTO DE SALUD PARCO";"NE_0001";"";"NE_0001";"NE_0001";"NE_0001";"NE_0001";"NE_0001";"NE_0001";"NE_0001"
"2023";"09";"021306";"ANCASH";"MARISCAL LUZURIAGA";"LLUMPA";"GOBIERNO REGIONAL";"I-2";"00001789";"PUESTO DE SALUD LLUMPA";"NE_0001";"";"NE_0001";"NE_0001";"NE_0001";"NE_0001";"NE_0001";"NE_0001";"NE_0001"
"2023";"09";"021301";"ANCASH";"MARISCAL LUZURIAGA";"PISCOBAMBA";"GOBIERNO REGIONAL";"I-1";"00001784";"PUESTO DE SALUD SOCOSBAMBA";"NE_0001";"";"NE_0001";"NE_0001";"NE_0001";"NE_0001";"NE_0001";"NE_0001";"NE_0001"
"2023";"09";"021303";"ANCASH";"MARISCAL LUZURIAGA";"ELEAZAR GUZMAN BARRON";"GOBIERNO REGIONAL";"I-1";"00001786";"PUESTO DE SALUD PAMPACHACRA";"NE_0001";"";"NE_0001";"NE_0001";"NE_0001";"NE_0001";"NE_0001";"NE_0001";"NE_0001"
"2023";"09";"021303";"ANCASH";"MARISCAL LUZURIAGA";"ELEAZAR GUZMAN BARRON";"GOBIERNO REGIONAL";"I-1";"00001787";"PUESTO DE SALUD PUMPA";"NE_0001";"";"NE_0001";"NE_0001";"NE_0001";"NE_0001";"NE_0001";"NE_0001";"NE_0001"
"2023";"09";"021305";"ANCASH";"MARISCAL LUZURIAGA";"LLAMA";"GOBIERNO REGIONAL";"I-2";"00001788";"PUESTO DE SALUD LLAMA";"NE_0001";"";"NE_0001";"NE_0001";"NE_0001";"NE_0001";"NE_0001";"NE_0001";"NE_0001"
"2023";"09";"021304";"ANCASH";"MARISCAL LUZURIAGA";"FIDEL OLIVAS ESCUDERO";"GOBIERNO REGIONAL";"I-1";"00001793";"PUESTO DE SALUD SANASHGAN";"NE_0001";"";"NE_0001";"NE_0001";"NE_0001";"NE_0001";"NE_0001";"NE_0001";"NE_0001"
"2023";"09";"021308";"ANCASH";"MARISCAL LUZURIAGA";"MUSGA";"GOBIERNO REGIONAL";"I-1";"00001792";"PUESTO DE SALUD MUSGA";"NE_0001";"";"NE_0001";"NE_0001";"NE_0001";"NE_0001";"NE_0001";"NE_0001";"NE_0001"
"2023";"09";"021301";"ANCASH";"MARISCAL LUZURIAGA";"PISCOBAMBA";"GOBIERNO REGIONAL";"I-4";"00001783";"CENTRO DE SALUD PISCOBAMBA";"241600";"HOSPITALIZACIÓN QUIRÚRGICA OBSTETRICIA   ";"5";"5";"13";"13";"5";"150";"0"
"2023";"09";"021304";"ANCASH";"MARISCAL LUZURIAGA";"FIDEL OLIVAS ESCUDERO";"GOBIERNO REGIONAL";"I-1";"00001794";"PUESTO DE SALUD PARCO";"NE_0001";"";"NE_0001";"NE_0001";"NE_0001";"NE_0001";"NE_0001";"NE_0001";"NE_0001"
"2023";"09";"021306";"ANCASH";"MARISCAL LUZURIAGA";"LLUMPA";"GOBIERNO REGIONAL";"I-2";"00001789";"PUESTO DE SALUD LLUMPA";"NE_0001";"";"NE_0001";"NE_0001";"NE_0001";"NE_0001";"NE_0001";"NE_0001";"NE_0001"
"2023";"09";"220909";"SAN MARTIN";"SAN MARTIN";"LA BANDA DE SHILCAYO";"GOBIERNO REGIONAL";"II-E";"00006359";"BANDA SHILCAYO";"241400";"HOSPITALIZACIÓN QUIRÚRGICA GINECO - OBSTETRICIA ";"91";"95";"149";"144";"17";"510";"0"
"2023";"09";"220909";"SAN MARTIN";"SAN MARTIN";"LA BANDA DE SHILCAYO";"GOBIERNO REGIONAL";"II-E";"00006359";"BANDA SHILCAYO";"241800";"HOSPITALIZACIÓN DE MEDICINA MEDICINA GENERAL ";"18";"22";"82";"79";"23";"690";"1"
"2023";"09";"220909";"SAN MARTIN";"SAN MARTIN";"LA BANDA DE SHILCAYO";"GOBIERNO REGIONAL";"II-E";"00006359";"BANDA SHILCAYO";"242500";"HOSPITALIZACIÓN-PEDIATRÍA GENERAL-";"14";"18";"47";"43";"7";"210";"0"
"2023";"09";"060108";"CAJAMARCA";"CAJAMARCA";"LOS BAÑOS DEL INCA";"ESSALUD";"I-3";"00010821";"CENTRO DE ATENCION PRIMARIA II";"NE_0001";"";"NE_0001";"NE_0001";"NE_0001";"NE_0001";"NE_0001";"NE_0001";"NE_0001"
"2023";"09";"050101";"AYACUCHO";"HUAMANGA";"AYACUCHO";"GOBIERNO REGIONAL";"I-3";"00006898";"CENTRO DE  SALUD MOLLEPATA";"NE_0001";"";"NE_0001";"NE_0001";"NE_0001";"NE_0001";"NE_0001";"NE_0001";"NE_0001"
"2023";"09";"050101";"AYACUCHO";"HUAMANGA";"AYACUCHO";"GOBIERNO REGIONAL";"I-4";"00003576";"CENTRO DE SALUD LOS LICENCIADOS";"241600";"HOSPITALIZACIÓN QUIRÚRGICA OBSTETRICIA   ";"23";"23";"44";"3";"7";"10";"0"
"2023";"09";"050115";"AYACUCHO";"HUAMANGA";"JESUS NAZARENO";"GOBIERNO REGIONAL";"I-2";"00011365";"PUESTO DE SALUD VILLA SAN CRISTOBAL";"NE_0001";"";"NE_0001";"NE_0001";"NE_0001";"NE_0001";"NE_0001";"NE_0001";"NE_0001"
"2023";"10";"150116";"LIMA";"LIMA";"LINCE";"PRIVADO";"I-3";"00017909";"POLICLINICO RISSO";"NE_0001";"";"NE_0001";"NE_0001";"NE_0001";"NE_0001";"NE_0001";"NE_0001";"NE_0001"
"2023";"10";"150128";"LIMA";"LIMA";"RIMAC";"SANIDAD DE LA POLICIA NACIONAL DEL PERU";"II-1";"00016094";"HOSPITAL PNP ""AUGUSTO B. LEGUIA""";"240100";"HOSPITALIZACIÓN QUIRÚRGICA CIRUGÍA GENERAL ";"36";"44";"195";"108";"22";"682";"0"
"2023";"10";"150128";"LIMA";"LIMA";"RIMAC";"SANIDAD DE LA POLICIA NACIONAL DEL PERU";"II-1";"00016094";"HOSPITAL PNP ""AUGUSTO B. LEGUIA""";"241800";"HOSPITALIZACIÓN DE MEDICINA MEDICINA GENERAL ";"13";"18";"208";"141";"39";"1209";"0"
"2023";"10";"040105";"AREQUIPA";"AREQUIPA";"CHARACATO";"GOBIERNO REGIONAL";"I-3";"00001261";"CENTRO DE SALUD DE CHARACATO";"NE_0001";"";"NE_0001";"NE_0001";"NE_0001";"NE_0001";"NE_0001";"NE_0001";"NE_0001"
"2023";"10";"040113";"AREQUIPA";"AREQUIPA";"POCSI";"GOBIERNO REGIONAL";"I-1";"00001289";"PUESTO DE SALUD PIACA";"NE_0001";"";"NE_0001";"NE_0001";"NE_0001";"NE_0001";"NE_0001";"NE_0001";"NE_0001"
"2023";"10";"040111";"AREQUIPA";"AREQUIPA";"MOLLEBAYA";"GOBIERNO REGIONAL";"I-2";"00001285";"PUESTO DE SALUD MOLLEBAYA";"NE_0001";"";"NE_0001";"NE_0001";"NE_0001";"NE_0001";"NE_0001";"NE_0001";"NE_0001"
"2023";"10";"040114";"AREQUIPA";"AREQUIPA";"POLOBAYA";"GOBIERNO REGIONAL";"I-2";"00001262";"PUESTO DE SALUD POLOBAYA";"NE_0001";"";"NE_0001";"NE_0001";"NE_0001";"NE_0001";"NE_0001";"NE_0001";"NE_0001"
"2023";"10";"040116";"AREQUIPA";"AREQUIPA";"SABANDIA";"GOBIERNO REGIONAL";"I-2";"00001284";"PUESTO DE SALUD LEOPOLDO RONDON - SABANDIA";"NE_0001";"";"NE_0001";"NE_0001";"NE_0001";"NE_0001";"NE_0001";"NE_0001";"NE_0001"
"2023";"10";"040111";"AREQUIPA";"AREQUIPA";"MOLLEBAYA";"GOBIERNO REGIONAL";"I-2";"00011677";"PUESTO DE SALUD MACHAHUAYA";"NE_0001";"";"NE_0001";"NE_0001";"NE_0001";"NE_0001";"NE_0001";"NE_0001";"NE_0001"
"2023";"10";"040127";"AREQUIPA";"AREQUIPA";"YARABAMBA";"GOBIERNO REGIONAL";"I-2";"00001287";"PUESTO DE SALUD YARABAMBA";"NE_0001";"";"NE_0001";"NE_0001";"NE_0001";"NE_0001";"NE_0001";"NE_0001";"NE_0001"
"2023";"10";"040113";"AREQUIPA";"AREQUIPA";"POCSI";"GOBIERNO REGIONAL";"I-1";"00001288";"PUESTO DE SALUD POCSI";"NE_0001";"";"NE_0001";"NE_0001";"NE_0001";"NE_0001";"NE_0001";"NE_0001";"NE_0001"
"2023";"10";"040115";"AREQUIPA";"AREQUIPA";"QUEQUEÑA";"GOBIERNO REGIONAL";"I-2";"00001286";"PUESTO DE SALUD QUEQUEÑA";"NE_0001";"";"NE_0001";"NE_0001";"NE_0001";"NE_0001";"NE_0001";"NE_0001";"NE_0001"
"2023";"10";"110201";"ICA";"CHINCHA";"CHINCHA ALTA";"ESSALUD";"II-1";"00013910";"RENE TOCHE GROPPO";"241800";"HOSPITALIZACIÓN DE MEDICINA MEDICINA GENERAL ";"85";"107";"578";"453";"18";"558";"16"
"2023";"10";"110201";"ICA";"CHINCHA";"CHINCHA ALTA";"ESSALUD";"II-1";"00013910";"RENE TOCHE GROPPO";"240100";"HOSPITALIZACIÓN QUIRÚRGICA CIRUGÍA GENERAL ";"134";"135";"659";"622";"21";"651";"0"
"2023";"10";"110201";"ICA";"CHINCHA";"CHINCHA ALTA";"ESSALUD";"II-1";"00013910";"RENE TOCHE GROPPO";"241500";"HOSPITALIZACIÓN QUIRÚRGICA GINECOLOGÍA  ";"38";"32";"135";"137";"5";"155";"0"
"2023";"10";"110201";"ICA";"CHINCHA";"CHINCHA ALTA";"ESSALUD";"II-1";"00013910";"RENE TOCHE GROPPO";"241600";"HOSPITALIZACIÓN QUIRÚRGICA OBSTETRICIA   ";"131";"125";"322";"326";"23";"713";"0"
"2023";"10";"110201";"ICA";"CHINCHA";"CHINCHA ALTA";"ESSALUD";"II-1";"00013910";"RENE TOCHE GROPPO";"242300";"HOSPITALIZACIÓN DE PEDIATRÍA  PEDIATRÍA  GENERAL ";"47";"64";"139";"143";"10";"310";"0"
"2023";"10";"110201";"ICA";"CHINCHA";"CHINCHA ALTA";"ESSALUD";"II-1";"00013910";"RENE TOCHE GROPPO";"243200";"HOSPITALIZACIÓN DE PEDIATRÍA PEDIATRIA NEONATOLOGÍA";"74";"93";"118";"136";"12";"372";"0"
"2023";"10";"110201";"ICA";"CHINCHA";"CHINCHA ALTA";"ESSALUD";"II-1";"00013910";"RENE TOCHE GROPPO";"250304";"HOSPIT. EN UNIDAD DE CUID.INTEN.-UNIDAD DE VIGILANCIA INTENSIVA (UVI)-MEDICINA";"20";"8";"17";"63";"4";"124";"2"
"2023";"10";"110201";"ICA";"CHINCHA";"CHINCHA ALTA";"ESSALUD";"II-1";"00013910";"RENE TOCHE GROPPO";"242204";"HOSPITALIZACIÓN DE MEDICINA PSIQUIATRÍA REHABILITACIÓN PSIQUIÁTRICA / REINSERCIÓN ";"0";"0";"0";"186";"8";"248";"0"
"2023";"10";"150132";"LIMA";"LIMA";"SAN JUAN DE LURIGANCHO";"ESSALUD";"II-1";"00008317";"HOSPITAL AURELIO DIAZ UFANO Y PERAL";"240100";"HOSPITALIZACIÓN QUIRÚRGICA CIRUGÍA GENERAL ";"110";"116";"214";"200";"7";"213";"0"
"2023";"10";"150132";"LIMA";"LIMA";"SAN JUAN DE LURIGANCHO";"ESSALUD";"II-1";"00008317";"HOSPITAL AURELIO DIAZ UFANO Y PERAL";"241400";"HOSPITALIZACIÓN QUIRÚRGICA GINECO - OBSTETRICIA ";"29";"27";"77";"98";"3";"107";"0"
"2023";"10";"150132";"LIMA";"LIMA";"SAN JUAN DE LURIGANCHO";"ESSALUD";"II-1";"00008317";"HOSPITAL AURELIO DIAZ UFANO Y PERAL";"241600";"HOSPITALIZACIÓN QUIRÚRGICA OBSTETRICIA   ";"140";"145";"238";"222";"12";"374";"0"
"2023";"10";"150132";"LIMA";"LIMA";"SAN JUAN DE LURIGANCHO";"ESSALUD";"II-1";"00008317";"HOSPITAL AURELIO DIAZ UFANO Y PERAL";"241900";"HOSPITALIZACIÓN DE MEDICINA MEDICINA INTERNA ";"66";"67";"264";"257";"10";"301";"2"
"2023";"10";"150132";"LIMA";"LIMA";"SAN JUAN DE LURIGANCHO";"ESSALUD";"II-1";"00008317";"HOSPITAL AURELIO DIAZ UFANO Y PERAL";"242300";"HOSPITALIZACIÓN DE PEDIATRÍA  PEDIATRÍA  GENERAL ";"82";"79";"191";"192";"8";"248";"0"
"2023";"10";"150132";"LIMA";"LIMA";"SAN JUAN DE LURIGANCHO";"ESSALUD";"II-1";"00008317";"HOSPITAL AURELIO DIAZ UFANO Y PERAL";"243200";"HOSPITALIZACIÓN DE PEDIATRÍA PEDIATRIA NEONATOLOGÍA";"49";"49";"91";"84";"3";"93";"0"
"2023";"10";"150103";"LIMA";"LIMA";"ATE";"MINSA";"II-1";"00005945";"HOSPITAL VITARTE";"241900";"HOSPITALIZACIÓN DE MEDICINA MEDICINA INTERNA ";"101";"115";"796";"770";"40";"1240";"6"
"2023";"10";"150103";"LIMA";"LIMA";"ATE";"MINSA";"II-1";"00005945";"HOSPITAL VITARTE";"242300";"HOSPITALIZACIÓN DE PEDIATRÍA  PEDIATRÍA  GENERAL ";"132";"150";"649";"569";"21";"651";"0"
"2023";"10";"150103";"LIMA";"LIMA";"ATE";"MINSA";"II-1";"00005945";"HOSPITAL VITARTE";"243200";"HOSPITALIZACIÓN DE PEDIATRÍA PEDIATRIA NEONATOLOGÍA";"92";"94";"330";"340";"11";"341";"2"
"2023";"10";"150103";"LIMA";"LIMA";"ATE";"MINSA";"II-1";"00005945";"HOSPITAL VITARTE";"241500";"HOSPITALIZACIÓN QUIRÚRGICA GINECOLOGÍA  ";"71";"70";"211";"214";"7";"217";"0"
"2023";"10";"150103";"LIMA";"LIMA";"ATE";"MINSA";"II-1";"00005945";"HOSPITAL VITARTE";"241400";"HOSPITALIZACIÓN QUIRÚRGICA GINECO - OBSTETRICIA ";"426";"427";"841";"896";"33";"1023";"0"
"2023";"10";"150103";"LIMA";"LIMA";"ATE";"MINSA";"II-1";"00005945";"HOSPITAL VITARTE";"240100";"HOSPITALIZACIÓN QUIRÚRGICA CIRUGÍA GENERAL ";"286";"292";"740";"721";"28";"868";"0"
"2023";"10";"150103";"LIMA";"LIMA";"ATE";"MINSA";"II-1";"00005945";"HOSPITAL VITARTE";"241200";"HOSPITALIZACIÓN QUIRÚRGICA TRAUMATOLOGÍA Y ORTOPEDIA ";"56";"57";"213";"229";"8";"248";"0"
"2023";"10";"150103";"LIMA";"LIMA";"ATE";"MINSA";"II-1";"00005945";"HOSPITAL VITARTE";"241100";"HOSPITALIZACIÓN QUIRÚRGICA OTORRINOLARINGOLOGÍA  ";"24";"24";"27";"27";"1";"31";"0"
"2023";"10";"150103";"LIMA";"LIMA";"ATE";"MINSA";"II-1";"00005945";"HOSPITAL VITARTE";"241300";"HOSPITALIZACIÓN QUIRÚRGICA UROLOGÍA  ";"5";"4";"6";"8";"1";"31";"0"
"2023";"10";"150103";"LIMA";"LIMA";"ATE";"MINSA";"II-1";"00005945";"HOSPITAL VITARTE";"240600";"HOSPITALIZACIÓN QUIRÚRGICA CIRUGÍA OFTALMOLÓGICA ";"21";"21";"22";"53";"2";"62";"0"
"2023";"10";"060201";"CAJAMARCA";"CAJABAMBA";"CAJABAMBA";"GOBIERNO REGIONAL";"II-1";"00004511";"DE APOYO CAJABAMBA";"240100";"HOSPITALIZACIÓN QUIRÚRGICA CIRUGÍA GENERAL ";"21";"22";"95";"87";"4";"124";"0"
"2023";"10";"060201";"CAJAMARCA";"CAJABAMBA";"CAJABAMBA";"GOBIERNO REGIONAL";"II-1";"00004511";"DE APOYO CAJABAMBA";"241400";"HOSPITALIZACIÓN QUIRÚRGICA GINECO - OBSTETRICIA ";"112";"112";"243";"190";"14";"434";"0"
"2023";"10";"060201";"CAJAMARCA";"CAJABAMBA";"CAJABAMBA";"GOBIERNO REGIONAL";"II-1";"00004511";"DE APOYO CAJABAMBA";"241800";"HOSPITALIZACIÓN DE MEDICINA MEDICINA GENERAL ";"21";"22";"94";"105";"6";"186";"1"
"2023";"10";"060201";"CAJAMARCA";"CAJABAMBA";"CAJABAMBA";"GOBIERNO REGIONAL";"II-1";"00004511";"DE APOYO CAJABAMBA";"242500";"HOSPITALIZACIÓN-PEDIATRÍA GENERAL-";"20";"23";"55";"34";"6";"186";"0"
"2023";"10";"060607";"CAJAMARCA";"CUTERVO";"QUEROCOTILLO";"GOBIERNO REGIONAL";"I-1";"00007101";"EL GUAYO";"NE_0001";"";"NE_0001";"NE_0001";"NE_0001";"NE_0001";"NE_0001";"NE_0001";"NE_0001"
"2023";"10";"080910";"CUSCO";"LA CONVENCION";"PICHARI";"GOBIERNO REGIONAL";"I-1";"00015104";"TAMBO DEL ENE";"NE_0001";"";"NE_0001";"NE_0001";"NE_0001";"NE_0001";"NE_0001";"NE_0001";"NE_0001"
"2023";"10";"080910";"CUSCO";"LA CONVENCION";"PICHARI";"GOBIERNO REGIONAL";"I-3";"00002495";"MANTARO";"NE_0001";"";"NE_0001";"NE_0001";"NE_0001";"NE_0001";"NE_0001";"NE_0001";"NE_0001"
"2023";"10";"080910";"CUSCO";"LA CONVENCION";"PICHARI";"GOBIERNO REGIONAL";"I-1";"00015169";"PITIRINQUINI";"NE_0001";"";"NE_0001";"NE_0001";"NE_0001";"NE_0001";"NE_0001";"NE_0001";"NE_0001"
"2023";"10";"120107";"JUNIN";"HUANCAYO";"CHILCA";"GOBIERNO REGIONAL";"I-4";"00000608";"CHILCA";"NE_0002";"";"NE_0002";"NE_0002";"NE_0002";"NE_0002";"NE_0002";"NE_0002";"NE_0002"
"2023";"10";"120136";"JUNIN";"HUANCAYO";"VIQUES";"GOBIERNO REGIONAL";"I-2";"00000635";"VIQUES";"NE_0001";"";"NE_0001";"NE_0001";"NE_0001";"NE_0001";"NE_0001";"NE_0001";"NE_0001"
"2023";"10";"120111";"JUNIN";"HUANCAYO";"CHUPURO";"GOBIERNO REGIONAL";"I-1";"00000614";"SOCOS";"NE_0001";"";"NE_0001";"NE_0001";"NE_0001";"NE_0001";"NE_0001";"NE_0001";"NE_0001"
"2023";"10";"120126";"JUNIN";"HUANCAYO";"PUCARA";"GOBIERNO REGIONAL";"I-3";"00000624";"PUCARA";"NE_0001";"";"NE_0001";"NE_0001";"NE_0001";"NE_0001";"NE_0001";"NE_0001";"NE_0001"
"2023";"10";"120113";"JUNIN";"HUANCAYO";"CULLHUAS";"GOBIERNO REGIONAL";"I-1";"00000617";"RETAMA BAJA";"NE_0001";"";"NE_0001";"NE_0001";"NE_0001";"NE_0001";"NE_0001";"NE_0001";"NE_0001"
"2023";"10";"120116";"JUNIN";"HUANCAYO";"HUACRAPUQUIO";"GOBIERNO REGIONAL";"I-2";"00000619";"HUACRAPUQUIO";"NE_0001";"";"NE_0001";"NE_0001";"NE_0001";"NE_0001";"NE_0001";"NE_0001";"NE_0001"
"2023";"10";"120121";"JUNIN";"HUANCAYO";"HUAYUCACHI";"GOBIERNO REGIONAL";"I-1";"00000623";"HUMANMARCA";"NE_0001";"";"NE_0001";"NE_0001";"NE_0001";"NE_0001";"NE_0001";"NE_0001";"NE_0001"
"2023";"10";"120126";"JUNIN";"HUANCAYO";"PUCARA";"GOBIERNO REGIONAL";"I-1";"00000628";"DOS DE MAYO";"NE_0001";"";"NE_0001";"NE_0001";"NE_0001";"NE_0001";"NE_0001";"NE_0001";"NE_0001"
"2023";"10";"120133";"JUNIN";"HUANCAYO";"SAPALLANGA";"GOBIERNO REGIONAL";"I-3";"00000629";"SAPALLANGA";"NE_0001";"";"NE_0001";"NE_0001";"NE_0001";"NE_0001";"NE_0001";"NE_0001";"NE_0001"
"2023";"10";"120111";"JUNIN";"HUANCAYO";"CHUPURO";"GOBIERNO REGIONAL";"I-2";"00000612";"CHUPURO";"NE_0001";"";"NE_0001";"NE_0001";"NE_0001";"NE_0001";"NE_0001";"NE_0001";"NE_0001"
"2023";"10";"120126";"JUNIN";"HUANCAYO";"PUCARA";"GOBIERNO REGIONAL";"I-2";"00000625";"MARCAVALLE";"NE_0001";"";"NE_0001";"NE_0001";"NE_0001";"NE_0001";"NE_0001";"NE_0001";"NE_0001"
"2023";"10";"120126";"JUNIN";"HUANCAYO";"PUCARA";"GOBIERNO REGIONAL";"I-1";"00000627";"JATUN SUCLLA";"NE_0001";"";"NE_0001";"NE_0001";"NE_0001";"NE_0001";"NE_0001";"NE_0001";"NE_0001"
"2023";"08";"200601";"PIURA";"SULLANA";"SULLANA";"PRIVADO";"II-1";"00012262";"CLÍNICA SANTA ROSA";"240000";"HOSPITALIZACIÓN";"124";"115";"237";"359";"33";"1023";"0"
"2023";"09";"200601";"PIURA";"SULLANA";"SULLANA";"PRIVADO";"II-1";"00012262";"CLÍNICA SANTA ROSA";"240000";"HOSPITALIZACIÓN";"122";"117";"326";"445";"33";"990";"0"
"2023";"10";"110501";"ICA";"PISCO";"PISCO";"SANIDAD DE LA POLICIA NACIONAL DEL PERU";"I-2";"00011400";"POSTA MEDICA POLICIAL PISCO";"NE_0001";"";"NE_0001";"NE_0001";"NE_0001";"NE_0001";"NE_0001";"NE_0001";"NE_0001"
"2023";"10";"080910";"CUSCO";"LA CONVENCION";"PICHARI";"SANIDAD DE LA POLICIA NACIONAL DEL PERU";"I-2";"00027230";"MEDICA POLICIAL PICHARI";"NE_0001";"";"NE_0001";"NE_0001";"NE_0001";"NE_0001";"NE_0001";"NE_0001";"NE_0001"
"2023";"10";"090701";"HUANCAVELICA";"TAYACAJA";"PAMPAS";"SANIDAD DE LA POLICIA NACIONAL DEL PERU";"I-2";"00010153";"POSTA MEDICA POLICIAL PAMPAS";"NE_0001";"";"NE_0001";"NE_0001";"NE_0001";"NE_0001";"NE_0001";"NE_0001";"NE_0001"
"2023";"10";"060801";"CAJAMARCA";"JAEN";"JAEN";"PRIVADO";"II-1";"00015269";"CLINICA SAN FERNANDO E.I.R.L";"241800";"HOSPITALIZACIÓN DE MEDICINA MEDICINA GENERAL ";"3";"2";"16";"5";"18";"24";"0"
"2023";"10";"060801";"CAJAMARCA";"JAEN";"JAEN";"PRIVADO";"II-1";"00015269";"CLINICA SAN FERNANDO E.I.R.L";"241900";"HOSPITALIZACIÓN DE MEDICINA MEDICINA INTERNA ";"4";"2";"12";"6";"18";"24";"0"
"2023";"10";"060801";"CAJAMARCA";"JAEN";"JAEN";"PRIVADO";"II-1";"00015269";"CLINICA SAN FERNANDO E.I.R.L";"241200";"HOSPITALIZACIÓN QUIRÚRGICA TRAUMATOLOGÍA Y ORTOPEDIA ";"5";"4";"1";"12";"18";"24";"0"
"2023";"10";"060801";"CAJAMARCA";"JAEN";"JAEN";"PRIVADO";"II-1";"00015269";"CLINICA SAN FERNANDO E.I.R.L";"241200";"HOSPITALIZACIÓN QUIRÚRGICA TRAUMATOLOGÍA Y ORTOPEDIA ";"6";"4";"14";"10";"18";"24";"0"
"2023";"10";"060801";"CAJAMARCA";"JAEN";"JAEN";"PRIVADO";"II-1";"00015269";"CLINICA SAN FERNANDO E.I.R.L";"241200";"HOSPITALIZACIÓN QUIRÚRGICA TRAUMATOLOGÍA Y ORTOPEDIA ";"6";"4";"14";"10";"18";"24";"0"
"2023";"10";"070101";"CALLAO";"CALLAO";"CALLAO";"PRIVADO";"I-2";"00018306";"CENTRO DE ATENCIÓN PRIMARIA ALBERTO LEONARDO BARTON THOMPSON";"NE_0001";"";"NE_0001";"NE_0001";"NE_0001";"NE_0001";"NE_0001";"NE_0001";"NE_0001"
"2023";"10";"070101";"CALLAO";"CALLAO";"CALLAO";"PRIVADO";"II-2";"00018319";"HOSPITAL ALBERTO LEONARDO BARTON THOMPSON";"240100";"HOSPITALIZACIÓN QUIRÚRGICA CIRUGÍA GENERAL ";"13";"159";"792";"775";"26";"806";"0"
"2023";"10";"070101";"CALLAO";"CALLAO";"CALLAO";"PRIVADO";"II-2";"00018319";"HOSPITAL ALBERTO LEONARDO BARTON THOMPSON";"241500";"HOSPITALIZACIÓN QUIRÚRGICA GINECOLOGÍA  ";"57";"234";"960";"855";"30";"930";"2"
"2023";"10";"070101";"CALLAO";"CALLAO";"CALLAO";"PRIVADO";"II-2";"00018319";"HOSPITAL ALBERTO LEONARDO BARTON THOMPSON";"241800";"HOSPITALIZACIÓN DE MEDICINA MEDICINA GENERAL ";"229";"250";"2317";"2379";"78";"2418";"36"
"2023";"10";"070101";"CALLAO";"CALLAO";"CALLAO";"PRIVADO";"II-2";"00018319";"HOSPITAL ALBERTO LEONARDO BARTON THOMPSON";"242300";"HOSPITALIZACIÓN DE PEDIATRÍA  PEDIATRÍA  GENERAL ";"130";"155";"522";"533";"33";"1023";"0"
"2023";"10";"070101";"CALLAO";"CALLAO";"CALLAO";"PRIVADO";"II-2";"00018319";"HOSPITAL ALBERTO LEONARDO BARTON THOMPSON";"250100";"UNIDAD DE CUIDADOS CRITICOS UNIDAD  DE CUIDADOS INTENSIVOS GENERALES (UCI) ";"15";"11";"148";"314";"17";"527";"10"
"2023";"10";"070101";"CALLAO";"CALLAO";"CALLAO";"PRIVADO";"II-2";"00018319";"HOSPITAL ALBERTO LEONARDO BARTON THOMPSON";"250200";"UNIDAD DE CUIDADOS CRITICOS UNIDAD DE CUIDADOS INTERMEDIOS GENERAL  (UCIN) ";"14";"9";"45";"318";"25";"775";"0"
"2023";"10";"150143";"LIMA";"LIMA";"VILLA MARIA DEL TRIUNFO";"PRIVADO";"II-2";"00018580";"GUILLERMO KAELIN DE LA FUENTE";"240100";"HOSPITALIZACIÓN QUIRÚRGICA CIRUGÍA GENERAL ";"122";"216";"1136";"1057";"37";"1147";"9"
"2023";"10";"150143";"LIMA";"LIMA";"VILLA MARIA DEL TRIUNFO";"PRIVADO";"II-2";"00018580";"GUILLERMO KAELIN DE LA FUENTE";"241500";"HOSPITALIZACIÓN QUIRÚRGICA GINECOLOGÍA  ";"118";"268";"1050";"1043";"46";"1426";"4"
"2023";"10";"150143";"LIMA";"LIMA";"VILLA MARIA DEL TRIUNFO";"PRIVADO";"II-2";"00018580";"GUILLERMO KAELIN DE LA FUENTE";"241800";"HOSPITALIZACIÓN DE MEDICINA MEDICINA GENERAL ";"162";"159";"1532";"1546";"50";"1550";"16"
"2023";"10";"150143";"LIMA";"LIMA";"VILLA MARIA DEL TRIUNFO";"PRIVADO";"II-2";"00018580";"GUILLERMO KAELIN DE LA FUENTE";"242300";"HOSPITALIZACIÓN DE PEDIATRÍA  PEDIATRÍA  GENERAL ";"94";"96";"428";"436";"35";"1085";"0"
"2023";"10";"150143";"LIMA";"LIMA";"VILLA MARIA DEL TRIUNFO";"PRIVADO";"II-2";"00018580";"GUILLERMO KAELIN DE LA FUENTE";"250100";"UNIDAD DE CUIDADOS CRITICOS UNIDAD  DE CUIDADOS INTENSIVOS GENERALES (UCI) ";"11";"10";"155";"339";"18";"558";"9"
"2023";"10";"150143";"LIMA";"LIMA";"VILLA MARIA DEL TRIUNFO";"PRIVADO";"II-2";"00018580";"GUILLERMO KAELIN DE LA FUENTE";"250200";"UNIDAD DE CUIDADOS CRITICOS UNIDAD DE CUIDADOS INTERMEDIOS GENERAL  (UCIN) ";"3";"16";"81";"209";"20";"620";"0"
"2023";"10";"150111";"LIMA";"LIMA";"EL AGUSTINO";"MINSA";"III-1";"00005946";"HOSPITAL NACIONAL HIPOLITO UNANUE";"241600";"HOSPITALIZACIÓN QUIRÚRGICA OBSTETRICIA   ";"338";"364";"806";"1004";"82";"2542";"0"
"2023";"10";"150111";"LIMA";"LIMA";"EL AGUSTINO";"MINSA";"III-1";"00005946";"HOSPITAL NACIONAL HIPOLITO UNANUE";"243200";"HOSPITALIZACIÓN DE PEDIATRÍA PEDIATRIA NEONATOLOGÍA";"73";"79";"888";"714";"44";"1364";"6"
"2023";"10";"150111";"LIMA";"LIMA";"EL AGUSTINO";"MINSA";"III-1";"00005946";"HOSPITAL NACIONAL HIPOLITO UNANUE";"241500";"HOSPITALIZACIÓN QUIRÚRGICA GINECOLOGÍA  ";"159";"107";"492";"252";"12";"372";"0"
"2023";"10";"150111";"LIMA";"LIMA";"EL AGUSTINO";"MINSA";"III-1";"00005946";"HOSPITAL NACIONAL HIPOLITO UNANUE";"240100";"HOSPITALIZACIÓN QUIRÚRGICA CIRUGÍA GENERAL ";"269";"247";"1669";"1434";"73";"2263";"0"
"2023";"10";"150111";"LIMA";"LIMA";"EL AGUSTINO";"MINSA";"III-1";"00005946";"HOSPITAL NACIONAL HIPOLITO UNANUE";"240700";"HOSPITALIZACIÓN QUIRÚRGICA CIRUGÍA PEDIÁTRICA ";"28";"28";"164";"57";"10";"310";"0"
"2023";"10";"150111";"LIMA";"LIMA";"EL AGUSTINO";"MINSA";"III-1";"00005946";"HOSPITAL NACIONAL HIPOLITO UNANUE";"240300";"HOSPITALIZACIÓN QUIRÚRGICA CIRUGÍA DIGESTIVA ";"70";"56";"364";"368";"18";"558";"0"
"2023";"10";"150111";"LIMA";"LIMA";"EL AGUSTINO";"MINSA";"III-1";"00005946";"HOSPITAL NACIONAL HIPOLITO UNANUE";"241800";"HOSPITALIZACIÓN DE MEDICINA MEDICINA GENERAL ";"219";"252";"2668";"2652";"87";"2697";"27"
"2023";"10";"150111";"LIMA";"LIMA";"EL AGUSTINO";"MINSA";"III-1";"00005946";"HOSPITAL NACIONAL HIPOLITO UNANUE";"241300";"HOSPITALIZACIÓN QUIRÚRGICA UROLOGÍA  ";"34";"30";"268";"311";"11";"341";"0"
"2023";"10";"150111";"LIMA";"LIMA";"EL AGUSTINO";"MINSA";"III-1";"00005946";"HOSPITAL NACIONAL HIPOLITO UNANUE";"240900";"HOSPITALIZACIÓN QUIRÚRGICA NEUROCIRUGÍA ";"22";"27";"729";"460";"17";"527";"1"
"2023";"10";"150111";"LIMA";"LIMA";"EL AGUSTINO";"MINSA";"III-1";"00005946";"HOSPITAL NACIONAL HIPOLITO UNANUE";"240400";"HOSPITALIZACIÓN QUIRÚRGICA CIRUGÍA DE TÓRAX Y CARDIOVASCULAR ";"155";"149";"2772";"3480";"132";"4092";"11"
"2023";"10";"150111";"LIMA";"LIMA";"EL AGUSTINO";"MINSA";"III-1";"00005946";"HOSPITAL NACIONAL HIPOLITO UNANUE";"240200";"HOSPITALIZACIÓN QUIRÚRGICA CIRUGÍA DE CABEZA Y CUELLO / MÁXILO FACIAL ";"26";"23";"266";"332";"11";"341";"0"
"2023";"10";"150111";"LIMA";"LIMA";"EL AGUSTINO";"MINSA";"III-1";"00005946";"HOSPITAL NACIONAL HIPOLITO UNANUE";"241200";"HOSPITALIZACIÓN QUIRÚRGICA TRAUMATOLOGÍA Y ORTOPEDIA ";"71";"77";"953";"1112";"36";"1116";"0"
"2023";"10";"150111";"LIMA";"LIMA";"EL AGUSTINO";"MINSA";"III-1";"00005946";"HOSPITAL NACIONAL HIPOLITO UNANUE";"241100";"HOSPITALIZACIÓN QUIRÚRGICA OTORRINOLARINGOLOGÍA  ";"22";"22";"72";"79";"3";"93";"0"
"2023";"10";"150111";"LIMA";"LIMA";"EL AGUSTINO";"MINSA";"III-1";"00005946";"HOSPITAL NACIONAL HIPOLITO UNANUE";"240600";"HOSPITALIZACIÓN QUIRÚRGICA CIRUGÍA OFTALMOLÓGICA ";"1";"2";"7";"6";"1";"31";"0"
"2023";"10";"150111";"LIMA";"LIMA";"EL AGUSTINO";"MINSA";"III-1";"00005946";"HOSPITAL NACIONAL HIPOLITO UNANUE";"242500";"HOSPITALIZACIÓN-PEDIATRÍA GENERAL-";"69";"54";"283";"370";"39";"1209";"0"
"2023";"10";"150111";"LIMA";"LIMA";"EL AGUSTINO";"MINSA";"III-1";"00005946";"HOSPITAL NACIONAL HIPOLITO UNANUE";"240800";"HOSPITALIZACIÓN QUIRÚRGICA CIRUGÍA PLÁSTICA/RECONSTRUCTIVA/ REPARADORA ";"13";"11";"253";"249";"11";"341";"0"
"2023";"10";"150111";"LIMA";"LIMA";"EL AGUSTINO";"MINSA";"III-1";"00005946";"HOSPITAL NACIONAL HIPOLITO UNANUE";"242000";"HOSPITALIZACIÓN DE MEDICINA MEDICINA TROPICAL E INFECCIOSAS ";"12";"14";"172";"305";"12";"372";"0"
"2023";"10";"150111";"LIMA";"LIMA";"EL AGUSTINO";"MINSA";"III-1";"00005946";"HOSPITAL NACIONAL HIPOLITO UNANUE";"242200";"HOSPITALIZACIÓN DE MEDICINA PSIQUIATRÍA ";"16";"15";"64";"128";"5";"155";"0"
"2023";"10";"150111";"LIMA";"LIMA";"EL AGUSTINO";"MINSA";"III-1";"00005946";"HOSPITAL NACIONAL HIPOLITO UNANUE";"250100";"UNIDAD DE CUIDADOS CRITICOS UNIDAD  DE CUIDADOS INTENSIVOS GENERALES (UCI) ";"33";"2";"3";"399";"15";"465";"1"
"2023";"10";"060805";"CAJAMARCA";"JAEN";"HUABAL";"GOBIERNO REGIONAL";"I-1";"00013849";"SANTA ROSA DE HUABAL";"NE_0001";"";"NE_0001";"NE_0001";"NE_0001";"NE_0001";"NE_0001";"NE_0001";"NE_0001"
"2023";"10";"060805";"CAJAMARCA";"JAEN";"HUABAL";"GOBIERNO REGIONAL";"I-1";"00004243";"LA ESPERANZA";"NE_0001";"";"NE_0001";"NE_0001";"NE_0001";"NE_0001";"NE_0001";"NE_0001";"NE_0001"
"2023";"10";"060805";"CAJAMARCA";"JAEN";"HUABAL";"GOBIERNO REGIONAL";"I-1";"00016136";"CAJONES";"NE_0001";"";"NE_0001";"NE_0001";"NE_0001";"NE_0001";"NE_0001";"NE_0001";"NE_0001"
"2023";"10";"060805";"CAJAMARCA";"JAEN";"HUABAL";"GOBIERNO REGIONAL";"I-1";"00004242";"SAN FRANCISCO DE ASIS";"NE_0001";"";"NE_0001";"NE_0001";"NE_0001";"NE_0001";"NE_0001";"NE_0001";"NE_0001"
"2023";"10";"060805";"CAJAMARCA";"JAEN";"HUABAL";"GOBIERNO REGIONAL";"I-1";"00007124";"CORAZON DE JESUS";"NE_0001";"";"NE_0001";"NE_0001";"NE_0001";"NE_0001";"NE_0001";"NE_0001";"NE_0001"
"2023";"10";"060805";"CAJAMARCA";"JAEN";"HUABAL";"GOBIERNO REGIONAL";"I-2";"00007687";"HUACO";"NE_0001";"";"NE_0001";"NE_0001";"NE_0001";"NE_0001";"NE_0001";"NE_0001";"NE_0001"
"2023";"10";"060805";"CAJAMARCA";"JAEN";"HUABAL";"GOBIERNO REGIONAL";"I-3";"00004241";"HUABAL";"NE_0001";"";"NE_0001";"NE_0001";"NE_0001";"NE_0001";"NE_0001";"NE_0001";"NE_0001"
"2023";"10";"060805";"CAJAMARCA";"JAEN";"HUABAL";"GOBIERNO REGIONAL";"I-1";"00023956";"LA HUACA";"NE_0001";"";"NE_0001";"NE_0001";"NE_0001";"NE_0001";"NE_0001";"NE_0001";"NE_0001"
"2023";"10";"060805";"CAJAMARCA";"JAEN";"HUABAL";"GOBIERNO REGIONAL";"I-1";"00024938";"SAN PABLO";"NE_0001";"";"NE_0001";"NE_0001";"NE_0001";"NE_0001";"NE_0001";"NE_0001";"NE_0001"
"2023";"10";"120303";"JUNIN";"CHANCHAMAYO";"PICHANAQUI";"GOBIERNO REGIONAL";"I-2";"00000341";"IMPITATO CASCADA";"NE_0001";"";"NE_0001";"NE_0001";"NE_0001";"NE_0001";"NE_0001";"NE_0001";"NE_0001"
"2023";"10";"120303";"JUNIN";"CHANCHAMAYO";"PICHANAQUI";"GOBIERNO REGIONAL";"I-2";"00000345";"PAMPA CAMONA";"NE_0001";"";"NE_0001";"NE_0001";"NE_0001";"NE_0001";"NE_0001";"NE_0001";"NE_0001"
"2023";"10";"120303";"JUNIN";"CHANCHAMAYO";"PICHANAQUI";"GOBIERNO REGIONAL";"I-2";"00000352";"UNION SHIMASHIRO";"NE_0001";"";"NE_0001";"NE_0001";"NE_0001";"NE_0001";"NE_0001";"NE_0001";"NE_0001"
"2023";"10";"120303";"JUNIN";"CHANCHAMAYO";"PICHANAQUI";"GOBIERNO REGIONAL";"I-2";"00000342";"PRIMAVERA";"NE_0001";"";"NE_0001";"NE_0001";"NE_0001";"NE_0001";"NE_0001";"NE_0001";"NE_0001"
"2023";"10";"120303";"JUNIN";"CHANCHAMAYO";"PICHANAQUI";"GOBIERNO REGIONAL";"I-3";"00000344";"LAS PALMAS";"NE_0001";"";"NE_0001";"NE_0001";"NE_0001";"NE_0001";"NE_0001";"NE_0001";"NE_0001"
"2023";"10";"120303";"JUNIN";"CHANCHAMAYO";"PICHANAQUI";"GOBIERNO REGIONAL";"I-2";"00007361";"COLONIA HUANCA";"NE_0001";"";"NE_0001";"NE_0001";"NE_0001";"NE_0001";"NE_0001";"NE_0001";"NE_0001"
"2023";"10";"120702";"JUNIN";"TARMA";"ACOBAMBA";"GOBIERNO REGIONAL";"I-1";"00000524";"TUPIN";"NE_0001";"";"NE_0001";"NE_0001";"NE_0001";"NE_0001";"NE_0001";"NE_0001";"NE_0001"
"2023";"10";"150121";"LIMA";"LIMA";"PUEBLO LIBRE";"MINSA";"III-1";"00006211";"HOSPITAL DE APOYO SANTA ROSA";"240100";"HOSPITALIZACIÓN QUIRÚRGICA CIRUGÍA GENERAL ";"106";"120";"668";"660";"23";"713";"2"
"2023";"10";"150121";"LIMA";"LIMA";"PUEBLO LIBRE";"MINSA";"III-1";"00006211";"HOSPITAL DE APOYO SANTA ROSA";"240700";"HOSPITALIZACIÓN QUIRÚRGICA CIRUGÍA PEDIÁTRICA ";"29";"34";"230";"196";"10";"310";"0"
"2023";"10";"150121";"LIMA";"LIMA";"PUEBLO LIBRE";"MINSA";"III-1";"00006211";"HOSPITAL DE APOYO SANTA ROSA";"241500";"HOSPITALIZACIÓN QUIRÚRGICA GINECOLOGÍA  ";"46";"55";"332";"347";"16";"496";"1"
"2023";"10";"150121";"LIMA";"LIMA";"PUEBLO LIBRE";"MINSA";"III-1";"00006211";"HOSPITAL DE APOYO SANTA ROSA";"241600";"HOSPITALIZACIÓN QUIRÚRGICA OBSTETRICIA   ";"134";"139";"847";"597";"29";"899";"0"
"2023";"10";"150121";"LIMA";"LIMA";"PUEBLO LIBRE";"MINSA";"III-1";"00006211";"HOSPITAL DE APOYO SANTA ROSA";"241800";"HOSPITALIZACIÓN DE MEDICINA MEDICINA GENERAL ";"91";"94";"741";"839";"28";"868";"6"
"2023";"10";"150121";"LIMA";"LIMA";"PUEBLO LIBRE";"MINSA";"III-1";"00006211";"HOSPITAL DE APOYO SANTA ROSA";"242100";"HOSPITALIZACIÓN DE MEDICINA ONCOLOGÍA MÉDICA ";"35";"37";"223";"246";"9";"279";"0"
"2023";"10";"150121";"LIMA";"LIMA";"PUEBLO LIBRE";"MINSA";"III-1";"00006211";"HOSPITAL DE APOYO SANTA ROSA";"242500";"HOSPITALIZACIÓN-PEDIATRÍA GENERAL-";"67";"73";"277";"323";"14";"434";"0"
"2023";"10";"150121";"LIMA";"LIMA";"PUEBLO LIBRE";"MINSA";"III-1";"00006211";"HOSPITAL DE APOYO SANTA ROSA";"243200";"HOSPITALIZACIÓN DE PEDIATRÍA PEDIATRIA NEONATOLOGÍA";"19";"17";"90";"106";"7";"217";"0"
"2023";"10";"120804";"JUNIN";"YAULI";"MARCAPOMACOCHA";"GOBIERNO REGIONAL";"I-2";"00000561";"MARCAPOMACOCHA";"NE_0001";"";"NE_0001";"NE_0001";"NE_0001";"NE_0001";"NE_0001";"NE_0001";"NE_0001"
"2023";"10";"120801";"JUNIN";"YAULI";"LA OROYA";"GOBIERNO REGIONAL";"I-1";"00021481";"HUARI";"NE_0001";"";"NE_0001";"NE_0001";"NE_0001";"NE_0001";"NE_0001";"NE_0001";"NE_0001"
"2023";"10";"040110";"AREQUIPA";"AREQUIPA";"MIRAFLORES";"GOBIERNO REGIONAL";"I-2";"00001305";"CENTRO DE SALUD TOMASA T. COMDEMAYTA";"NE_0001";"";"NE_0001";"NE_0001";"NE_0001";"NE_0001";"NE_0001";"NE_0001";"NE_0001"
"2023";"10";"040110";"AREQUIPA";"AREQUIPA";"MIRAFLORES";"GOBIERNO REGIONAL";"I-3";"00032056";"CENTRO DE SALUD MENTAL COMUNITARIO MIRAFLORES";"NE_0001";"";"NE_0001";"NE_0001";"NE_0001";"NE_0001";"NE_0001";"NE_0001";"NE_0001"
"2023";"10";"040110";"AREQUIPA";"AREQUIPA";"MIRAFLORES";"GOBIERNO REGIONAL";"I-4";"00001292";"CENTRO DE SALUD EDIFICADORES MISTI";"241600";"HOSPITALIZACIÓN QUIRÚRGICA OBSTETRICIA   ";"5";"5";"5";"5";"5";"30";"0"
"2023";"10";"040110";"AREQUIPA";"AREQUIPA";"MIRAFLORES";"GOBIERNO REGIONAL";"I-3";"00001293";"CENTRO DE SALUD MIRAFLORES";"NE_0001";"";"NE_0001";"NE_0001";"NE_0001";"NE_0001";"NE_0001";"NE_0001";"NE_0001"
"2023";"10";"040110";"AREQUIPA";"AREQUIPA";"MIRAFLORES";"GOBIERNO REGIONAL";"I-3";"00001307";"CENTRO DE SALUD MATEO PUMACAHUA";"NE_0001";"";"NE_0001";"NE_0001";"NE_0001";"NE_0001";"NE_0001";"NE_0001";"NE_0001"
"2023";"10";"040110";"AREQUIPA";"AREQUIPA";"MIRAFLORES";"GOBIERNO REGIONAL";"I-3";"00001306";"CENTRO DE SALUD PORVENIR-MIRAFLORES";"NE_0001";"";"NE_0001";"NE_0001";"NE_0001";"NE_0001";"NE_0001";"NE_0001";"NE_0001"
"2023";"11";"150108";"LIMA";"LIMA";"CHORRILLOS";"PRIVADO";"II-2";"00010251";"CLINICA MAISON DE SANTE DEL SUR";"240000";"HOSPITALIZACIÓN";"98";"98";"440";"356";"20";"600";"1"
"2023";"11";"150108";"LIMA";"LIMA";"CHORRILLOS";"PRIVADO";"II-2";"00010251";"CLINICA MAISON DE SANTE DEL SUR";"241400";"HOSPITALIZACIÓN QUIRÚRGICA GINECO - OBSTETRICIA ";"17";"18";"36";"103";"7";"210";"0"
"2023";"11";"150108";"LIMA";"LIMA";"CHORRILLOS";"PRIVADO";"II-2";"00010251";"CLINICA MAISON DE SANTE DEL SUR";"250100";"UNIDAD DE CUIDADOS CRITICOS UNIDAD  DE CUIDADOS INTENSIVOS GENERALES (UCI) ";"8";"6";"121";"60";"6";"180";"0"
"2023";"11";"150122";"LIMA";"LIMA";"MIRAFLORES";"PRIVADO";"II-E";"00016121";"CENTRO MEDICO AVENDAÑO S.A.C.";"240100";"HOSPITALIZACIÓN QUIRÚRGICA CIRUGÍA GENERAL ";"44";"44";"47";"47";"6";"118";"0"
"2023";"11";"150122";"LIMA";"LIMA";"MIRAFLORES";"PRIVADO";"II-E";"00016121";"CENTRO MEDICO AVENDAÑO S.A.C.";"240300";"HOSPITALIZACIÓN QUIRÚRGICA CIRUGÍA DIGESTIVA ";"44";"44";"45";"45";"6";"118";"0"
"2023";"11";"150131";"LIMA";"LIMA";"SAN ISIDRO";"PRIVADO";"II-E";"00011358";"CONFÍA INSTITUTO OFTALMOLÓGICO";"NE_0001";"";"NE_0001";"NE_0001";"NE_0001";"NE_0001";"NE_0001";"NE_0001";"NE_0001"
"2023";"11";"131101";"LA LIBERTAD";"GRAN CHIMU";"CASCAS";"ESSALUD";"I-2";"00012104";"POSTA DE SALUD CASCAS";"NE_0001";"";"NE_0001";"NE_0001";"NE_0001";"NE_0001";"NE_0001";"NE_0001";"NE_0001"
"2023";"11";"040206";"AREQUIPA";"CAMANA";"OCOÑA";"GOBIERNO REGIONAL";"I-3";"00001348";"CENTRO DE SALUD OCOÑA";"NE_0001";"";"NE_0001";"NE_0001";"NE_0001";"NE_0001";"NE_0001";"NE_0001";"NE_0001"
"2023";"11";"040206";"AREQUIPA";"CAMANA";"OCOÑA";"GOBIERNO REGIONAL";"I-2";"00001363";"LA PLANCHADA";"NE_0001";"";"NE_0001";"NE_0001";"NE_0001";"NE_0001";"NE_0001";"NE_0001";"NE_0001"
"2023";"11";"040206";"AREQUIPA";"CAMANA";"OCOÑA";"GOBIERNO REGIONAL";"I-1";"00001364";"PESCADORES";"NE_0001";"";"NE_0001";"NE_0001";"NE_0001";"NE_0001";"NE_0001";"NE_0001";"NE_0001"
"2023";"11";"040203";"AREQUIPA";"CAMANA";"MARIANO NICOLAS VALCARCEL";"GOBIERNO REGIONAL";"I-2";"00001366";"LA EUGENIA";"NE_0001";"";"NE_0001";"NE_0001";"NE_0001";"NE_0001";"NE_0001";"NE_0001";"NE_0001"
"2023";"11";"110101";"ICA";"ICA";"ICA";"PRIVADO";"II-E";"00009627";"SAN MARTIN";"240000";"HOSPITALIZACIÓN";"1";"2";"22";"9";"6";"180";"0"
"2023";"11";"100101";"HUANUCO";"HUANUCO";"HUANUCO";"GOBIERNO REGIONAL";"II-2";"00000754";"HOSPITAL REGIONAL HERMILIO VALDIZAN";"242500";"HOSPITALIZACIÓN-PEDIATRÍA GENERAL-";"90";"40";"456";"73";"60";"120";"0"
"2023";"09";"060303";"CAJAMARCA";"CELENDIN";"CORTEGANA";"GOBIERNO REGIONAL";"I-1";"00004474";"YAGEN";"NE_0001";"";"NE_0001";"NE_0001";"NE_0001";"NE_0001";"NE_0001";"NE_0001";"NE_0001"
"2023";"09";"060303";"CAJAMARCA";"CELENDIN";"CORTEGANA";"GOBIERNO REGIONAL";"I-1";"00006757";"CANDEN";"NE_0001";"";"NE_0001";"NE_0001";"NE_0001";"NE_0001";"NE_0001";"NE_0001";"NE_0001"
"2023";"09";"060303";"CAJAMARCA";"CELENDIN";"CORTEGANA";"GOBIERNO REGIONAL";"I-1";"00006758";"MUSADEN";"NE_0001";"";"NE_0001";"NE_0001";"NE_0001";"NE_0001";"NE_0001";"NE_0001";"NE_0001"
"2023";"09";"060303";"CAJAMARCA";"CELENDIN";"CORTEGANA";"GOBIERNO REGIONAL";"I-1";"00004475";"ANDAMACHAY";"NE_0001";"";"NE_0001";"NE_0001";"NE_0001";"NE_0001";"NE_0001";"NE_0001";"NE_0001"
"2023";"06";"130101";"LA LIBERTAD";"TRUJILLO";"TRUJILLO";"PRIVADO";"I-4";"00013371";"FARMEDICA SAC";"NE_0001";"";"NE_0001";"NE_0001";"NE_0001";"NE_0001";"NE_0001";"NE_0001";"NE_0001"
"2023";"09";"100105";"HUANUCO";"HUANUCO";"MARGOS";"GOBIERNO REGIONAL";"I-3";"00000797";"MARGOS";"NE_0001";"";"NE_0001";"NE_0001";"NE_0001";"NE_0001";"NE_0001";"NE_0001";"NE_0001"
"2023";"09";"100105";"HUANUCO";"HUANUCO";"MARGOS";"GOBIERNO REGIONAL";"I-1";"00000798";"JESUS DE NAZARETH DE COCHAS";"NE_0001";"";"NE_0001";"NE_0001";"NE_0001";"NE_0001";"NE_0001";"NE_0001";"NE_0001"
"2023";"09";"100105";"HUANUCO";"HUANUCO";"MARGOS";"GOBIERNO REGIONAL";"I-1";"00000799";"SAN FRANCISCO DE LLAMAPASHILLUM";"NE_0001";"";"NE_0001";"NE_0001";"NE_0001";"NE_0001";"NE_0001";"NE_0001";"NE_0001"
"2023";"09";"100105";"HUANUCO";"HUANUCO";"MARGOS";"GOBIERNO REGIONAL";"I-1";"00000800";"PACAYHUA";"NE_0001";"";"NE_0001";"NE_0001";"NE_0001";"NE_0001";"NE_0001";"NE_0001";"NE_0001"
"2023";"10";"200101";"PIURA";"PIURA";"PIURA";"PRIVADO";"II-1";"00025208";"GRUPO CARITA FELIZ S.A.";"242300";"HOSPITALIZACIÓN DE PEDIATRÍA  PEDIATRÍA  GENERAL ";"27";"27";"83";"73";"3";"93";"0"
"2023";"10";"200101";"PIURA";"PIURA";"PIURA";"PRIVADO";"II-1";"00025208";"GRUPO CARITA FELIZ S.A.";"241900";"HOSPITALIZACIÓN DE MEDICINA MEDICINA INTERNA ";"24";"16";"53";"78";"3";"93";"0"
"2023";"10";"200101";"PIURA";"PIURA";"PIURA";"PRIVADO";"II-1";"00025208";"GRUPO CARITA FELIZ S.A.";"240100";"HOSPITALIZACIÓN QUIRÚRGICA CIRUGÍA GENERAL ";"76";"74";"168";"165";"9";"279";"0"
"2023";"10";"200101";"PIURA";"PIURA";"PIURA";"PRIVADO";"II-1";"00025208";"GRUPO CARITA FELIZ S.A.";"241400";"HOSPITALIZACIÓN QUIRÚRGICA GINECO - OBSTETRICIA ";"37";"35";"74";"72";"5";"155";"0"
"2023";"10";"200101";"PIURA";"PIURA";"PIURA";"PRIVADO";"II-1";"00025208";"GRUPO CARITA FELIZ S.A.";"250100";"UNIDAD DE CUIDADOS CRITICOS UNIDAD  DE CUIDADOS INTENSIVOS GENERALES (UCI) ";"12";"3";"11";"37";"3";"93";"0"
"2023";"10";"200101";"PIURA";"PIURA";"PIURA";"PRIVADO";"II-1";"00025208";"GRUPO CARITA FELIZ S.A.";"250105";"UNIDAD DE CUIDADOS CRITICOS UNIDAD  DE CUIDADOS INTENSIVOS  (UCI) NEONATOLOGÍA";"2";"0";"0";"8";"2";"62";"0"
"2023";"10";"200101";"PIURA";"PIURA";"PIURA";"PRIVADO";"II-1";"00025208";"GRUPO CARITA FELIZ S.A.";"250201";"UNIDAD DE CUIDADOS CRITICOS UNIDAD DE CUIDADOS INTERMEDIOS  (UCIN) NEONATAL";"2";"2";"9";"3";"2";"62";"0"
"2023";"06";"250101";"UCAYALI";"CORONEL PORTILLO";"CALLERIA";"GOBIERNO REGIONAL";"II-2";"00005576";"HOSPITAL REGIONAL DE PUCALLPA";"241900";"HOSPITALIZACIÓN DE MEDICINA MEDICINA INTERNA ";"44";"35";"291";"204";"9";"270";"3"
"2023";"06";"250101";"UCAYALI";"CORONEL PORTILLO";"CALLERIA";"GOBIERNO REGIONAL";"II-2";"00005576";"HOSPITAL REGIONAL DE PUCALLPA";"245300";"HOSPITALIZACIÓN DE MEDICINA NEUMOLOGÍA  ";"10";"6";"42";"82";"4";"120";"0"
"2023";"06";"250101";"UCAYALI";"CORONEL PORTILLO";"CALLERIA";"GOBIERNO REGIONAL";"II-2";"00005576";"HOSPITAL REGIONAL DE PUCALLPA";"244000";"HOSPITALIZACIÓN DE MEDICINA CARDIOLOGIA ";"6";"6";"19";"15";"3";"90";"0"
"2023";"06";"250101";"UCAYALI";"CORONEL PORTILLO";"CALLERIA";"GOBIERNO REGIONAL";"II-2";"00005576";"HOSPITAL REGIONAL DE PUCALLPA";"244700";"HOSPITALIZACIÓN DE MEDICINA NEUROLOGIA  ";"6";"6";"23";"18";"3";"90";"0"
"2023";"06";"250101";"UCAYALI";"CORONEL PORTILLO";"CALLERIA";"GOBIERNO REGIONAL";"II-2";"00005576";"HOSPITAL REGIONAL DE PUCALLPA";"242000";"HOSPITALIZACIÓN DE MEDICINA MEDICINA TROPICAL E INFECCIOSAS ";"13";"11";"37";"49";"3";"90";"0"
"2023";"06";"250101";"UCAYALI";"CORONEL PORTILLO";"CALLERIA";"GOBIERNO REGIONAL";"II-2";"00005576";"HOSPITAL REGIONAL DE PUCALLPA";"244400";"HOSPITALIZACIÓN DE MEDICINA GERIATRIA ";"6";"4";"46";"42";"3";"90";"2"
"2023";"06";"250101";"UCAYALI";"CORONEL PORTILLO";"CALLERIA";"GOBIERNO REGIONAL";"II-2";"00005576";"HOSPITAL REGIONAL DE PUCALLPA";"250100";"UNIDAD DE CUIDADOS CRITICOS UNIDAD  DE CUIDADOS INTENSIVOS GENERALES (UCI) ";"12";"7";"58";"127";"6";"180";"5"
"2023";"06";"250101";"UCAYALI";"CORONEL PORTILLO";"CALLERIA";"GOBIERNO REGIONAL";"II-2";"00005576";"HOSPITAL REGIONAL DE PUCALLPA";"250200";"UNIDAD DE CUIDADOS CRITICOS UNIDAD DE CUIDADOS INTERMEDIOS GENERAL  (UCIN) ";"5";"2";"54";"93";"4";"120";"1"
"2023";"06";"250101";"UCAYALI";"CORONEL PORTILLO";"CALLERIA";"GOBIERNO REGIONAL";"II-2";"00005576";"HOSPITAL REGIONAL DE PUCALLPA";"240100";"HOSPITALIZACIÓN QUIRÚRGICA CIRUGÍA GENERAL ";"74";"64";"261";"305";"12";"360";"0"
"2023";"06";"250101";"UCAYALI";"CORONEL PORTILLO";"CALLERIA";"GOBIERNO REGIONAL";"II-2";"00005576";"HOSPITAL REGIONAL DE PUCALLPA";"241200";"HOSPITALIZACIÓN QUIRÚRGICA TRAUMATOLOGÍA Y ORTOPEDIA ";"29";"19";"185";"234";"8";"240";"0"
"2023";"06";"250101";"UCAYALI";"CORONEL PORTILLO";"CALLERIA";"GOBIERNO REGIONAL";"II-2";"00005576";"HOSPITAL REGIONAL DE PUCALLPA";"240200";"HOSPITALIZACIÓN QUIRÚRGICA CIRUGÍA DE CABEZA Y CUELLO / MÁXILO FACIAL ";"2";"2";"13";"12";"1";"30";"0"
"2023";"06";"250101";"UCAYALI";"CORONEL PORTILLO";"CALLERIA";"GOBIERNO REGIONAL";"II-2";"00005576";"HOSPITAL REGIONAL DE PUCALLPA";"241300";"HOSPITALIZACIÓN QUIRÚRGICA UROLOGÍA  ";"9";"6";"68";"90";"3";"90";"0"
"2023";"06";"250101";"UCAYALI";"CORONEL PORTILLO";"CALLERIA";"GOBIERNO REGIONAL";"II-2";"00005576";"HOSPITAL REGIONAL DE PUCALLPA";"240900";"HOSPITALIZACIÓN QUIRÚRGICA NEUROCIRUGÍA ";"9";"6";"38";"83";"3";"90";"0"
"2023";"06";"250101";"UCAYALI";"CORONEL PORTILLO";"CALLERIA";"GOBIERNO REGIONAL";"II-2";"00005576";"HOSPITAL REGIONAL DE PUCALLPA";"240700";"HOSPITALIZACIÓN QUIRÚRGICA CIRUGÍA PEDIÁTRICA ";"14";"10";"72";"96";"4";"120";"0"
"2023";"06";"250101";"UCAYALI";"CORONEL PORTILLO";"CALLERIA";"GOBIERNO REGIONAL";"II-2";"00005576";"HOSPITAL REGIONAL DE PUCALLPA";"240800";"HOSPITALIZACIÓN QUIRÚRGICA CIRUGÍA PLÁSTICA/RECONSTRUCTIVA/ REPARADORA ";"10";"6";"150";"99";"10";"300";"0"
"2023";"06";"250101";"UCAYALI";"CORONEL PORTILLO";"CALLERIA";"GOBIERNO REGIONAL";"II-2";"00005576";"HOSPITAL REGIONAL DE PUCALLPA";"242300";"HOSPITALIZACIÓN DE PEDIATRÍA  PEDIATRÍA  GENERAL ";"111";"98";"399";"369";"20";"600";"1"
"2023";"06";"250101";"UCAYALI";"CORONEL PORTILLO";"CALLERIA";"GOBIERNO REGIONAL";"II-2";"00005576";"HOSPITAL REGIONAL DE PUCALLPA";"241600";"HOSPITALIZACIÓN QUIRÚRGICA OBSTETRICIA   ";"313";"298";"609";"567";"26";"780";"0"
"2023";"06";"250101";"UCAYALI";"CORONEL PORTILLO";"CALLERIA";"GOBIERNO REGIONAL";"II-2";"00005576";"HOSPITAL REGIONAL DE PUCALLPA";"241500";"HOSPITALIZACIÓN QUIRÚRGICA GINECOLOGÍA  ";"22";"22";"67";"57";"4";"120";"0"
"2023";"06";"250101";"UCAYALI";"CORONEL PORTILLO";"CALLERIA";"GOBIERNO REGIONAL";"II-2";"00005576";"HOSPITAL REGIONAL DE PUCALLPA";"250105";"UNIDAD DE CUIDADOS CRITICOS UNIDAD  DE CUIDADOS INTENSIVOS  (UCI) NEONATOLOGÍA";"48";"34";"319";"410";"16";"480";"4"
"2023";"10";"211101";"PUNO";"SAN ROMAN";"JULIACA";"ESSALUD";"II-2";"00009899";"HOSPITAL BASE III JULIACA - ESSALUD - RED ASISTENCIAL JULIACA";"242300";"HOSPITALIZACIÓN DE PEDIATRÍA  PEDIATRÍA  GENERAL ";"68";"60";"220";"220";"16";"496";"0"
"2023";"10";"211101";"PUNO";"SAN ROMAN";"JULIACA";"ESSALUD";"II-2";"00009899";"HOSPITAL BASE III JULIACA - ESSALUD - RED ASISTENCIAL JULIACA";"243200";"HOSPITALIZACIÓN DE PEDIATRÍA PEDIATRIA NEONATOLOGÍA";"75";"74";"219";"219";"9";"279";"0"
"2023";"10";"211101";"PUNO";"SAN ROMAN";"JULIACA";"ESSALUD";"II-2";"00009899";"HOSPITAL BASE III JULIACA - ESSALUD - RED ASISTENCIAL JULIACA";"250100";"UNIDAD DE CUIDADOS CRITICOS UNIDAD  DE CUIDADOS INTENSIVOS GENERALES (UCI) ";"9";"4";"25";"25";"3";"93";"4"
"2023";"10";"220206";"SAN MARTIN";"BELLAVISTA";"SAN RAFAEL";"GOBIERNO REGIONAL";"I-3";"00006515";"SAN RAFAEL";"NE_0002";"";"NE_0002";"NE_0002";"NE_0002";"NE_0002";"NE_0002";"NE_0002";"NE_0002"
"2023";"10";"220206";"SAN MARTIN";"BELLAVISTA";"SAN RAFAEL";"GOBIERNO REGIONAL";"I-2";"00006516";"LA LIBERTAD";"NE_0002";"";"NE_0002";"NE_0002";"NE_0002";"NE_0002";"NE_0002";"NE_0002";"NE_0002"
"2023";"10";"220201";"SAN MARTIN";"BELLAVISTA";"BELLAVISTA";"GOBIERNO REGIONAL";"I-1";"00006512";"NUEVA FLORIDA";"NE_0002";"";"NE_0002";"NE_0002";"NE_0002";"NE_0002";"NE_0002";"NE_0002";"NE_0002"
"2023";"10";"220201";"SAN MARTIN";"BELLAVISTA";"BELLAVISTA";"GOBIERNO REGIONAL";"I-1";"00006513";"HUACHO";"NE_0002";"";"NE_0002";"NE_0002";"NE_0002";"NE_0002";"NE_0002";"NE_0002";"NE_0002"
"2023";"10";"080701";"CUSCO";"CHUMBIVILCAS";"SANTO TOMAS";"GOBIERNO REGIONAL";"II-1";"00002398";"SANTO TOMAS";"240100";"HOSPITALIZACIÓN QUIRÚRGICA CIRUGÍA GENERAL ";"40";"40";"155";"151";"6";"186";"0"
"2023";"10";"080701";"CUSCO";"CHUMBIVILCAS";"SANTO TOMAS";"GOBIERNO REGIONAL";"II-1";"00002398";"SANTO TOMAS";"241400";"HOSPITALIZACIÓN QUIRÚRGICA GINECO - OBSTETRICIA ";"44";"44";"108";"65";"4";"124";"0"
"2023";"10";"080701";"CUSCO";"CHUMBIVILCAS";"SANTO TOMAS";"GOBIERNO REGIONAL";"II-1";"00002398";"SANTO TOMAS";"241600";"HOSPITALIZACIÓN QUIRÚRGICA OBSTETRICIA   ";"53";"53";"100";"143";"7";"217";"0"
"2023";"10";"080701";"CUSCO";"CHUMBIVILCAS";"SANTO TOMAS";"GOBIERNO REGIONAL";"II-1";"00002398";"SANTO TOMAS";"241800";"HOSPITALIZACIÓN DE MEDICINA MEDICINA GENERAL ";"16";"16";"75";"104";"6";"186";"0"
"2023";"10";"080701";"CUSCO";"CHUMBIVILCAS";"SANTO TOMAS";"GOBIERNO REGIONAL";"II-1";"00002398";"SANTO TOMAS";"242500";"HOSPITALIZACIÓN-PEDIATRÍA GENERAL-";"5";"5";"23";"21";"4";"124";"0"
"2023";"10";"080701";"CUSCO";"CHUMBIVILCAS";"SANTO TOMAS";"GOBIERNO REGIONAL";"II-1";"00002398";"SANTO TOMAS";"243200";"HOSPITALIZACIÓN DE PEDIATRÍA PEDIATRIA NEONATOLOGÍA";"1";"1";"5";"88";"3";"93";"0"
"2023";"10";"150122";"LIMA";"LIMA";"MIRAFLORES";"PRIVADO";"II-E";"00015182";"OPTIMA VISION S.R.L.";"NE_0001";"";"NE_0001";"NE_0001";"NE_0001";"NE_0001";"NE_0001";"NE_0001";"NE_0001"
"2023";"10";"250101";"UCAYALI";"CORONEL PORTILLO";"CALLERIA";"GOBIERNO REGIONAL";"II-2";"00005576";"HOSPITAL REGIONAL DE PUCALLPA";"241900";"HOSPITALIZACIÓN DE MEDICINA MEDICINA INTERNA ";"65";"49";"226";"241";"8";"248";"6"
"2023";"10";"250101";"UCAYALI";"CORONEL PORTILLO";"CALLERIA";"GOBIERNO REGIONAL";"II-2";"00005576";"HOSPITAL REGIONAL DE PUCALLPA";"245300";"HOSPITALIZACIÓN DE MEDICINA NEUMOLOGÍA  ";"10";"8";"121";"91";"4";"124";"0"
"2023";"10";"250101";"UCAYALI";"CORONEL PORTILLO";"CALLERIA";"GOBIERNO REGIONAL";"II-2";"00005576";"HOSPITAL REGIONAL DE PUCALLPA";"244000";"HOSPITALIZACIÓN DE MEDICINA CARDIOLOGIA ";"7";"5";"15";"77";"3";"93";"0"
"2023";"10";"250101";"UCAYALI";"CORONEL PORTILLO";"CALLERIA";"GOBIERNO REGIONAL";"II-2";"00005576";"HOSPITAL REGIONAL DE PUCALLPA";"244700";"HOSPITALIZACIÓN DE MEDICINA NEUROLOGIA  ";"17";"13";"73";"93";"4";"124";"0"
"2023";"10";"250101";"UCAYALI";"CORONEL PORTILLO";"CALLERIA";"GOBIERNO REGIONAL";"II-2";"00005576";"HOSPITAL REGIONAL DE PUCALLPA";"242000";"HOSPITALIZACIÓN DE MEDICINA MEDICINA TROPICAL E INFECCIOSAS ";"18";"15";"97";"104";"4";"124";"3"
"2023";"10";"250101";"UCAYALI";"CORONEL PORTILLO";"CALLERIA";"GOBIERNO REGIONAL";"II-2";"00005576";"HOSPITAL REGIONAL DE PUCALLPA";"244400";"HOSPITALIZACIÓN DE MEDICINA GERIATRIA ";"1";"1";"7";"6";"2";"62";"1"
"2023";"10";"250101";"UCAYALI";"CORONEL PORTILLO";"CALLERIA";"GOBIERNO REGIONAL";"II-2";"00005576";"HOSPITAL REGIONAL DE PUCALLPA";"250100";"UNIDAD DE CUIDADOS CRITICOS UNIDAD  DE CUIDADOS INTENSIVOS GENERALES (UCI) ";"15";"10";"112";"130";"6";"186";"10"
"2023";"10";"250101";"UCAYALI";"CORONEL PORTILLO";"CALLERIA";"GOBIERNO REGIONAL";"II-2";"00005576";"HOSPITAL REGIONAL DE PUCALLPA";"250200";"UNIDAD DE CUIDADOS CRITICOS UNIDAD DE CUIDADOS INTERMEDIOS GENERAL  (UCIN) ";"5";"1";"1";"102";"4";"124";"0"
"2023";"10";"250101";"UCAYALI";"CORONEL PORTILLO";"CALLERIA";"GOBIERNO REGIONAL";"II-2";"00005576";"HOSPITAL REGIONAL DE PUCALLPA";"240100";"HOSPITALIZACIÓN QUIRÚRGICA CIRUGÍA GENERAL ";"75";"60";"293";"402";"13";"403";"0"
"2023";"10";"250101";"UCAYALI";"CORONEL PORTILLO";"CALLERIA";"GOBIERNO REGIONAL";"II-2";"00005576";"HOSPITAL REGIONAL DE PUCALLPA";"240400";"HOSPITALIZACIÓN QUIRÚRGICA CIRUGÍA DE TÓRAX Y CARDIOVASCULAR ";"2";"2";"7";"7";"1";"31";"0"
"2023";"10";"250101";"UCAYALI";"CORONEL PORTILLO";"CALLERIA";"GOBIERNO REGIONAL";"II-2";"00005576";"HOSPITAL REGIONAL DE PUCALLPA";"241200";"HOSPITALIZACIÓN QUIRÚRGICA TRAUMATOLOGÍA Y ORTOPEDIA ";"46";"32";"332";"380";"12";"380";"0"
"2023";"10";"250101";"UCAYALI";"CORONEL PORTILLO";"CALLERIA";"GOBIERNO REGIONAL";"II-2";"00005576";"HOSPITAL REGIONAL DE PUCALLPA";"240200";"HOSPITALIZACIÓN QUIRÚRGICA CIRUGÍA DE CABEZA Y CUELLO / MÁXILO FACIAL ";"6";"4";"39";"34";"2";"62";"0"
"2023";"10";"250101";"UCAYALI";"CORONEL PORTILLO";"CALLERIA";"GOBIERNO REGIONAL";"II-2";"00005576";"HOSPITAL REGIONAL DE PUCALLPA";"240600";"HOSPITALIZACIÓN QUIRÚRGICA CIRUGÍA OFTALMOLÓGICA ";"1";"1";"7";"7";"1";"31";"0"
"2023";"10";"250101";"UCAYALI";"CORONEL PORTILLO";"CALLERIA";"GOBIERNO REGIONAL";"II-2";"00005576";"HOSPITAL REGIONAL DE PUCALLPA";"241300";"HOSPITALIZACIÓN QUIRÚRGICA UROLOGÍA  ";"5";"5";"44";"29";"1";"31";"0"
"2023";"10";"250101";"UCAYALI";"CORONEL PORTILLO";"CALLERIA";"GOBIERNO REGIONAL";"II-2";"00005576";"HOSPITAL REGIONAL DE PUCALLPA";"240900";"HOSPITALIZACIÓN QUIRÚRGICA NEUROCIRUGÍA ";"7";"6";"40";"46";"2";"62";"0"
"2023";"10";"250101";"UCAYALI";"CORONEL PORTILLO";"CALLERIA";"GOBIERNO REGIONAL";"II-2";"00005576";"HOSPITAL REGIONAL DE PUCALLPA";"240700";"HOSPITALIZACIÓN QUIRÚRGICA CIRUGÍA PEDIÁTRICA ";"8";"6";"58";"57";"3";"93";"0"
"2023";"10";"250101";"UCAYALI";"CORONEL PORTILLO";"CALLERIA";"GOBIERNO REGIONAL";"II-2";"00005576";"HOSPITAL REGIONAL DE PUCALLPA";"240800";"HOSPITALIZACIÓN QUIRÚRGICA CIRUGÍA PLÁSTICA/RECONSTRUCTIVA/ REPARADORA ";"13";"7";"56";"159";"10";"310";"0"
"2023";"10";"250101";"UCAYALI";"CORONEL PORTILLO";"CALLERIA";"GOBIERNO REGIONAL";"II-2";"00005576";"HOSPITAL REGIONAL DE PUCALLPA";"242300";"HOSPITALIZACIÓN DE PEDIATRÍA  PEDIATRÍA  GENERAL ";"86";"78";"379";"362";"20";"620";"0"
"2023";"10";"250101";"UCAYALI";"CORONEL PORTILLO";"CALLERIA";"GOBIERNO REGIONAL";"II-2";"00005576";"HOSPITAL REGIONAL DE PUCALLPA";"241600";"HOSPITALIZACIÓN QUIRÚRGICA OBSTETRICIA   ";"304";"288";"672";"644";"26";"806";"0"
"2023";"10";"250101";"UCAYALI";"CORONEL PORTILLO";"CALLERIA";"GOBIERNO REGIONAL";"II-2";"00005576";"HOSPITAL REGIONAL DE PUCALLPA";"241500";"HOSPITALIZACIÓN QUIRÚRGICA GINECOLOGÍA  ";"26";"24";"106";"95";"4";"124";"0"
"2023";"10";"250101";"UCAYALI";"CORONEL PORTILLO";"CALLERIA";"GOBIERNO REGIONAL";"II-2";"00005576";"HOSPITAL REGIONAL DE PUCALLPA";"250105";"UNIDAD DE CUIDADOS CRITICOS UNIDAD  DE CUIDADOS INTENSIVOS  (UCI) NEONATOLOGÍA";"70";"52";"398";"420";"16";"496";"3"
"2023";"11";"130401";"LA LIBERTAD";"CHEPEN";"CHEPEN";"SANIDAD DE LA POLICIA NACIONAL DEL PERU";"I-1";"00025659";"Puesto de Salud de la Sanidad PNP. Chepén  I - 1";"NE_0001";"";"NE_0001";"NE_0001";"NE_0001";"NE_0001";"NE_0001";"NE_0001";"NE_0001"
"2023";"11";"211301";"PUNO";"YUNGUYO";"YUNGUYO";"GOBIERNO REGIONAL";"II-1";"00003349";"YUNGUYO";"240100";"HOSPITALIZACIÓN QUIRÚRGICA CIRUGÍA GENERAL ";"28";"29";"68";"68";"4";"120";"0"
"2023";"11";"211301";"PUNO";"YUNGUYO";"YUNGUYO";"GOBIERNO REGIONAL";"II-1";"00003349";"YUNGUYO";"241400";"HOSPITALIZACIÓN QUIRÚRGICA GINECO - OBSTETRICIA ";"17";"17";"35";"35";"3";"90";"0"
"2023";"11";"211301";"PUNO";"YUNGUYO";"YUNGUYO";"GOBIERNO REGIONAL";"II-1";"00003349";"YUNGUYO";"241600";"HOSPITALIZACIÓN QUIRÚRGICA OBSTETRICIA   ";"24";"24";"40";"40";"7";"210";"0"
"2023";"11";"211301";"PUNO";"YUNGUYO";"YUNGUYO";"GOBIERNO REGIONAL";"II-1";"00003349";"YUNGUYO";"241800";"HOSPITALIZACIÓN DE MEDICINA MEDICINA GENERAL ";"7";"9";"37";"37";"6";"180";"0"
"2023";"11";"211301";"PUNO";"YUNGUYO";"YUNGUYO";"GOBIERNO REGIONAL";"II-1";"00003349";"YUNGUYO";"241900";"HOSPITALIZACIÓN DE MEDICINA MEDICINA INTERNA ";"4";"4";"14";"14";"1";"30";"0"
"2023";"11";"211301";"PUNO";"YUNGUYO";"YUNGUYO";"GOBIERNO REGIONAL";"II-1";"00003349";"YUNGUYO";"242500";"HOSPITALIZACIÓN-PEDIATRÍA GENERAL-";"1";"1";"4";"4";"1";"30";"0"
"2023";"11";"211301";"PUNO";"YUNGUYO";"YUNGUYO";"GOBIERNO REGIONAL";"II-1";"00003349";"YUNGUYO";"244300";"HOSPITALIZACIÓN DE MEDICINA GASTROENTEROLOGÍA  ";"6";"6";"16";"16";"2";"60";"0"
"2023";"04";"150113";"LIMA";"LIMA";"JESUS MARIA";"PRIVADO";"I-3";"00010439";"CENTRO CLINICO JESUS MARIA";"NE_0002";"";"NE_0002";"NE_0002";"NE_0002";"NE_0002";"NE_0002";"NE_0002";"NE_0002"
"2023";"11";"120114";"JUNIN";"HUANCAYO";"EL TAMBO";"GOBIERNO REGIONAL";"I-1";"00000711";"SAÑOS CHICO";"NE_0002";"";"NE_0002";"NE_0002";"NE_0002";"NE_0002";"NE_0002";"NE_0002";"NE_0002"
"2023";"11";"120114";"JUNIN";"HUANCAYO";"EL TAMBO";"GOBIERNO REGIONAL";"I-1";"00000734";"COCHAS GRANDE";"NE_0002";"";"NE_0002";"NE_0002";"NE_0002";"NE_0002";"NE_0002";"NE_0002";"NE_0002"
"2023";"11";"120114";"JUNIN";"HUANCAYO";"EL TAMBO";"GOBIERNO REGIONAL";"I-4";"00000705";"JUSTICIA PAZ Y VIDA";"NE_0002";"";"NE_0002";"NE_0002";"NE_0002";"NE_0002";"NE_0002";"NE_0002";"NE_0002"
"2023";"11";"120114";"JUNIN";"HUANCAYO";"EL TAMBO";"GOBIERNO REGIONAL";"I-3";"00000707";"SAN MARTIN";"NE_0002";"";"NE_0002";"NE_0002";"NE_0002";"NE_0002";"NE_0002";"NE_0002";"NE_0002"
"2023";"11";"120114";"JUNIN";"HUANCAYO";"EL TAMBO";"GOBIERNO REGIONAL";"I-1";"00000709";"UMUTO";"NE_0002";"";"NE_0002";"NE_0002";"NE_0002";"NE_0002";"NE_0002";"NE_0002";"NE_0002"
"2023";"11";"120114";"JUNIN";"HUANCAYO";"EL TAMBO";"GOBIERNO REGIONAL";"I-1";"00000710";"INCHO";"NE_0002";"";"NE_0002";"NE_0002";"NE_0002";"NE_0002";"NE_0002";"NE_0002";"NE_0002"
"2023";"11";"120114";"JUNIN";"HUANCAYO";"EL TAMBO";"GOBIERNO REGIONAL";"I-3";"00000714";"JUAN PARRA DEL RIEGO";"NE_0002";"";"NE_0002";"NE_0002";"NE_0002";"NE_0002";"NE_0002";"NE_0002";"NE_0002"
"2023";"11";"120128";"JUNIN";"HUANCAYO";"QUILCAS";"GOBIERNO REGIONAL";"I-1";"00000721";"COLPAR";"NE_0002";"";"NE_0002";"NE_0002";"NE_0002";"NE_0002";"NE_0002";"NE_0002";"NE_0002"
"2023";"11";"150132";"LIMA";"LIMA";"SAN JUAN DE LURIGANCHO";"ESSALUD";"II-1";"00008317";"HOSPITAL AURELIO DIAZ UFANO Y PERAL";"240100";"HOSPITALIZACIÓN QUIRÚRGICA CIRUGÍA GENERAL ";"129";"120";"220";"240";"8";"243";"0"
"2023";"11";"150132";"LIMA";"LIMA";"SAN JUAN DE LURIGANCHO";"ESSALUD";"II-1";"00008317";"HOSPITAL AURELIO DIAZ UFANO Y PERAL";"241400";"HOSPITALIZACIÓN QUIRÚRGICA GINECO - OBSTETRICIA ";"26";"24";"67";"67";"2";"70";"0"
"2023";"11";"150132";"LIMA";"LIMA";"SAN JUAN DE LURIGANCHO";"ESSALUD";"II-1";"00008317";"HOSPITAL AURELIO DIAZ UFANO Y PERAL";"241600";"HOSPITALIZACIÓN QUIRÚRGICA OBSTETRICIA   ";"146";"146";"221";"228";"12";"362";"0"
"2023";"11";"150132";"LIMA";"LIMA";"SAN JUAN DE LURIGANCHO";"ESSALUD";"II-1";"00008317";"HOSPITAL AURELIO DIAZ UFANO Y PERAL";"241900";"HOSPITALIZACIÓN DE MEDICINA MEDICINA INTERNA ";"51";"55";"232";"236";"10";"286";"5"
"2023";"11";"150132";"LIMA";"LIMA";"SAN JUAN DE LURIGANCHO";"ESSALUD";"II-1";"00008317";"HOSPITAL AURELIO DIAZ UFANO Y PERAL";"242300";"HOSPITALIZACIÓN DE PEDIATRÍA  PEDIATRÍA  GENERAL ";"71";"73";"193";"186";"8";"239";"0"
"2023";"11";"150132";"LIMA";"LIMA";"SAN JUAN DE LURIGANCHO";"ESSALUD";"II-1";"00008317";"HOSPITAL AURELIO DIAZ UFANO Y PERAL";"243200";"HOSPITALIZACIÓN DE PEDIATRÍA PEDIATRIA NEONATOLOGÍA";"57";"57";"83";"84";"3";"90";"0"
"2023";"11";"021601";"ANCASH";"POMABAMBA";"POMABAMBA";"GOBIERNO REGIONAL";"I-1";"00001771";"PUESTO DE SALUD CHOGO";"NE_0002";"";"NE_0002";"NE_0002";"NE_0002";"NE_0002";"NE_0002";"NE_0002";"NE_0002"
"2023";"11";"021603";"ANCASH";"POMABAMBA";"PAROBAMBA";"GOBIERNO REGIONAL";"I-1";"00001776";"PUESTO DE SALUD PAROBAMBA NUEVO";"NE_0002";"";"NE_0002";"NE_0002";"NE_0002";"NE_0002";"NE_0002";"NE_0002";"NE_0002"
"2023";"11";"021603";"ANCASH";"POMABAMBA";"PAROBAMBA";"GOBIERNO REGIONAL";"I-2";"00001780";"PUESTO DE SALUD CHANGA";"NE_0002";"";"NE_0002";"NE_0002";"NE_0002";"NE_0002";"NE_0002";"NE_0002";"NE_0002"
"2023";"11";"021604";"ANCASH";"POMABAMBA";"QUINUABAMBA";"GOBIERNO REGIONAL";"I-1";"00001782";"YAMIAN";"NE_0002";"";"NE_0002";"NE_0002";"NE_0002";"NE_0002";"NE_0002";"NE_0002";"NE_0002"
"2023";"11";"021603";"ANCASH";"POMABAMBA";"PAROBAMBA";"GOBIERNO REGIONAL";"I-1";"00001778";"PUESTO DE SALUD SHUMPILLAN";"NE_0002";"";"NE_0002";"NE_0002";"NE_0002";"NE_0002";"NE_0002";"NE_0002";"NE_0002"
"2023";"09";"060801";"CAJAMARCA";"JAEN";"JAEN";"PRIVADO";"I-3";"00030976";"CENTRO MEDICO SALUD & VIAL JAEN";"NE_0001";"";"NE_0001";"NE_0001";"NE_0001";"NE_0001";"NE_0001";"NE_0001";"NE_0001"
"2023";"09";"220205";"SAN MARTIN";"BELLAVISTA";"SAN PABLO";"GOBIERNO REGIONAL";"I-2";"00006499";"FAUSA LAMISTA";"NE_0001";"";"NE_0001";"NE_0001";"NE_0001";"NE_0001";"NE_0001";"NE_0001";"NE_0001"
"2023";"09";"220205";"SAN MARTIN";"BELLAVISTA";"SAN PABLO";"GOBIERNO REGIONAL";"I-1";"00006509";"DOS DE MAYO";"NE_0001";"";"NE_0001";"NE_0001";"NE_0001";"NE_0001";"NE_0001";"NE_0001";"NE_0001"
"2023";"09";"220205";"SAN MARTIN";"BELLAVISTA";"SAN PABLO";"GOBIERNO REGIONAL";"I-1";"00029371";"CENTRO AMERICA - SAN PABLO";"NE_0001";"";"NE_0001";"NE_0001";"NE_0001";"NE_0001";"NE_0001";"NE_0001";"NE_0001"
"2023";"09";"220205";"SAN MARTIN";"BELLAVISTA";"SAN PABLO";"GOBIERNO REGIONAL";"I-3";"00006506";"CONSUELO";"NE_0001";"";"NE_0001";"NE_0001";"NE_0001";"NE_0001";"NE_0001";"NE_0001";"NE_0001"
"2023";"10";"150120";"LIMA";"LIMA";"MAGDALENA DEL MAR";"MINSA";"III-1";"00006214";"HOSPITAL VICTOR LARCO HERRERA";"242202";"HOSPITALIZACIÓN DE MEDICINA PSIQUIATRÍA PSIQUIATRÍA DEL ADULTO Y GERONTE";"38";"22";"987";"2616";"84";"3100";"1"
"2023";"10";"140101";"LAMBAYEQUE";"CHICLAYO";"CHICLAYO";"PRIVADO";"II-E";"00012457";"CLINICA PROVIDA";"244300";"HOSPITALIZACIÓN DE MEDICINA GASTROENTEROLOGÍA  ";"2";"2";"3";"2";"1";"31";"0"
"2023";"10";"140101";"LAMBAYEQUE";"CHICLAYO";"CHICLAYO";"PRIVADO";"II-E";"00012457";"CLINICA PROVIDA";"240900";"HOSPITALIZACIÓN QUIRÚRGICA NEUROCIRUGÍA ";"3";"3";"8";"3";"1";"31";"0"
"2023";"10";"120702";"JUNIN";"TARMA";"ACOBAMBA";"GOBIERNO REGIONAL";"I-1";"00000522";"PICOY";"NE_0001";"";"NE_0001";"NE_0001";"NE_0001";"NE_0001";"NE_0001";"NE_0001";"NE_0001"
"2023";"10";"120702";"JUNIN";"TARMA";"ACOBAMBA";"GOBIERNO REGIONAL";"I-1";"00000526";"COLLPA";"NE_0001";"";"NE_0001";"NE_0001";"NE_0001";"NE_0001";"NE_0001";"NE_0001";"NE_0001"
"2023";"10";"120702";"JUNIN";"TARMA";"ACOBAMBA";"GOBIERNO REGIONAL";"I-4";"00000521";"ACOBAMBA";"241600";"HOSPITALIZACIÓN QUIRÚRGICA OBSTETRICIA   ";"4";"4";"6";"6";"3";"93";"0"
"2023";"10";"120702";"JUNIN";"TARMA";"ACOBAMBA";"GOBIERNO REGIONAL";"I-1";"00000525";"HUAYLAHUICHAN";"NE_0001";"";"NE_0001";"NE_0001";"NE_0001";"NE_0001";"NE_0001";"NE_0001";"NE_0001"
"2023";"10";"120702";"JUNIN";"TARMA";"ACOBAMBA";"GOBIERNO REGIONAL";"I-1";"00000523";"HUARACAYO";"NE_0001";"";"NE_0001";"NE_0001";"NE_0001";"NE_0001";"NE_0001";"NE_0001";"NE_0001"
"2023";"10";"220901";"SAN MARTIN";"SAN MARTIN";"TARAPOTO";"PRIVADO";"II-E";"00008269";"CLINICA SAN MARTIN";"240100";"HOSPITALIZACIÓN QUIRÚRGICA CIRUGÍA GENERAL ";"5";"5";"6";"8";"13";"16";"0"
"2023";"10";"220901";"SAN MARTIN";"SAN MARTIN";"TARAPOTO";"PRIVADO";"II-E";"00008269";"CLINICA SAN MARTIN";"241200";"HOSPITALIZACIÓN QUIRÚRGICA TRAUMATOLOGÍA Y ORTOPEDIA ";"1";"1";"6";"2";"13";"21";"0"
"2023";"10";"220901";"SAN MARTIN";"SAN MARTIN";"TARAPOTO";"PRIVADO";"II-E";"00008269";"CLINICA SAN MARTIN";"241300";"HOSPITALIZACIÓN QUIRÚRGICA UROLOGÍA  ";"2";"2";"2";"4";"13";"32";"0"
"2023";"10";"220901";"SAN MARTIN";"SAN MARTIN";"TARAPOTO";"PRIVADO";"II-E";"00008269";"CLINICA SAN MARTIN";"241500";"HOSPITALIZACIÓN QUIRÚRGICA GINECOLOGÍA  ";"12";"12";"17";"18";"13";"36";"0"
"2023";"10";"220901";"SAN MARTIN";"SAN MARTIN";"TARAPOTO";"PRIVADO";"II-E";"00008269";"CLINICA SAN MARTIN";"241800";"HOSPITALIZACIÓN DE MEDICINA MEDICINA GENERAL ";"19";"19";"39";"28";"13";"56";"0"
"2023";"10";"220901";"SAN MARTIN";"SAN MARTIN";"TARAPOTO";"PRIVADO";"II-E";"00008269";"CLINICA SAN MARTIN";"241900";"HOSPITALIZACIÓN DE MEDICINA MEDICINA INTERNA ";"6";"6";"17";"10";"13";"36";"0"
"2023";"10";"220901";"SAN MARTIN";"SAN MARTIN";"TARAPOTO";"PRIVADO";"II-E";"00008269";"CLINICA SAN MARTIN";"242300";"HOSPITALIZACIÓN DE PEDIATRÍA  PEDIATRÍA  GENERAL ";"16";"16";"44";"26";"13";"51";"0"
"2023";"10";"150140";"LIMA";"LIMA";"SANTIAGO DE SURCO";"PRIVADO";"II-E";"00028189";"GLAUCOMA SALUD";"NE_0001";"";"NE_0001";"NE_0001";"NE_0001";"NE_0001";"NE_0001";"NE_0001";"NE_0001"
"2023";"10";"021304";"ANCASH";"MARISCAL LUZURIAGA";"FIDEL OLIVAS ESCUDERO";"GOBIERNO REGIONAL";"I-1";"00001793";"PUESTO DE SALUD SANASHGAN";"NE_0001";"";"NE_0001";"NE_0001";"NE_0001";"NE_0001";"NE_0001";"NE_0001";"NE_0001"
"2023";"10";"021308";"ANCASH";"MARISCAL LUZURIAGA";"MUSGA";"GOBIERNO REGIONAL";"I-1";"00001792";"PUESTO DE SALUD MUSGA";"NE_0001";"";"NE_0001";"NE_0001";"NE_0001";"NE_0001";"NE_0001";"NE_0001";"NE_0001"
"2023";"10";"021301";"ANCASH";"MARISCAL LUZURIAGA";"PISCOBAMBA";"GOBIERNO REGIONAL";"I-4";"00001783";"CENTRO DE SALUD PISCOBAMBA";"241600";"HOSPITALIZACIÓN QUIRÚRGICA OBSTETRICIA   ";"7";"7";"18";"18";"7";"217";"0"
"2023";"10";"021301";"ANCASH";"MARISCAL LUZURIAGA";"PISCOBAMBA";"GOBIERNO REGIONAL";"I-4";"00001783";"CENTRO DE SALUD PISCOBAMBA";"241800";"HOSPITALIZACIÓN DE MEDICINA MEDICINA GENERAL ";"3";"3";"10";"10";"3";"93";"0"
"2023";"10";"021304";"ANCASH";"MARISCAL LUZURIAGA";"FIDEL OLIVAS ESCUDERO";"GOBIERNO REGIONAL";"I-1";"00001794";"PUESTO DE SALUD PARCO";"NE_0001";"";"NE_0001";"NE_0001";"NE_0001";"NE_0001";"NE_0001";"NE_0001";"NE_0001"
"2023";"10";"021306";"ANCASH";"MARISCAL LUZURIAGA";"LLUMPA";"GOBIERNO REGIONAL";"I-2";"00001789";"PUESTO DE SALUD LLUMPA";"NE_0001";"";"NE_0001";"NE_0001";"NE_0001";"NE_0001";"NE_0001";"NE_0001";"NE_0001"
"2023";"10";"210101";"PUNO";"PUNO";"PUNO";"PRIVADO";"II-1";"00009685";"CLINICA PUNO";"240100";"HOSPITALIZACIÓN QUIRÚRGICA CIRUGÍA GENERAL ";"27";"27";"63";"60";"3";"93";"0"
"2023";"10";"210101";"PUNO";"PUNO";"PUNO";"PRIVADO";"II-1";"00009685";"CLINICA PUNO";"241400";"HOSPITALIZACIÓN QUIRÚRGICA GINECO - OBSTETRICIA ";"19";"19";"26";"20";"4";"124";"0"
"2023";"10";"210101";"PUNO";"PUNO";"PUNO";"PRIVADO";"II-1";"00009685";"CLINICA PUNO";"241200";"HOSPITALIZACIÓN QUIRÚRGICA TRAUMATOLOGÍA Y ORTOPEDIA ";"4";"4";"4";"3";"1";"31";"0"
"2023";"10";"210101";"PUNO";"PUNO";"PUNO";"PRIVADO";"II-1";"00009685";"CLINICA PUNO";"241300";"HOSPITALIZACIÓN QUIRÚRGICA UROLOGÍA  ";"4";"4";"11";"10";"1";"31";"0"
"2023";"10";"100401";"HUANUCO";"HUACAYBAMBA";"HUACAYBAMBA";"GOBIERNO REGIONAL";"I-2";"00000880";"QUICHIRRAGRA";"NE_0001";"";"NE_0001";"NE_0001";"NE_0001";"NE_0001";"NE_0001";"NE_0001";"NE_0001"
"2023";"10";"100401";"HUANUCO";"HUACAYBAMBA";"HUACAYBAMBA";"GOBIERNO REGIONAL";"I-3";"00000877";"CENTRO DE SALUD DE HUACAYBAMBA";"NE_0001";"";"NE_0001";"NE_0001";"NE_0001";"NE_0001";"NE_0001";"NE_0001";"NE_0001"
"2023";"10";"100401";"HUANUCO";"HUACAYBAMBA";"HUACAYBAMBA";"GOBIERNO REGIONAL";"I-1";"00000881";"PUESTO DE SALUD DE RONDOBAMBA";"NE_0001";"";"NE_0001";"NE_0001";"NE_0001";"NE_0001";"NE_0001";"NE_0001";"NE_0001"
"2023";"10";"100402";"HUANUCO";"HUACAYBAMBA";"CANCHABAMBA";"GOBIERNO REGIONAL";"I-3";"00000878";"CANCHABAMBA";"NE_0001";"";"NE_0001";"NE_0001";"NE_0001";"NE_0001";"NE_0001";"NE_0001";"NE_0001"
"2023";"10";"100402";"HUANUCO";"HUACAYBAMBA";"CANCHABAMBA";"GOBIERNO REGIONAL";"I-1";"00000886";"VILLA FLORES DE RAJIN";"NE_0001";"";"NE_0001";"NE_0001";"NE_0001";"NE_0001";"NE_0001";"NE_0001";"NE_0001"
"2023";"10";"230301";"TACNA";"JORGE BASADRE";"LOCUMBA";"ESSALUD";"I-2";"00018550";"CENTRO DE ATENCION PRIMARIA  I  LOCUMBA";"NE_0001";"";"NE_0001";"NE_0001";"NE_0001";"NE_0001";"NE_0001";"NE_0001";"NE_0001"
"2023";"09";"120504";"JUNIN";"JUNIN";"ULCUMAYO";"GOBIERNO REGIONAL";"I-1";"00000317";"RAYMONDI";"NE_0001";"";"NE_0001";"NE_0001";"NE_0001";"NE_0001";"NE_0001";"NE_0001";"NE_0001"
"2023";"09";"120304";"JUNIN";"CHANCHAMAYO";"SAN LUIS DE SHUARO";"GOBIERNO REGIONAL";"I-1";"00000316";"SANTA HERMINIA BAJA";"NE_0001";"";"NE_0001";"NE_0001";"NE_0001";"NE_0001";"NE_0001";"NE_0001";"NE_0001"
"2023";"09";"120304";"JUNIN";"CHANCHAMAYO";"SAN LUIS DE SHUARO";"GOBIERNO REGIONAL";"I-3";"00000315";"SANCHIRIO PALOMAR";"NE_0001";"";"NE_0001";"NE_0001";"NE_0001";"NE_0001";"NE_0001";"NE_0001";"NE_0001"
"2023";"09";"120304";"JUNIN";"CHANCHAMAYO";"SAN LUIS DE SHUARO";"GOBIERNO REGIONAL";"I-3";"00000314";"SAN LUIS DE SHUARO";"NE_0001";"";"NE_0001";"NE_0001";"NE_0001";"NE_0001";"NE_0001";"NE_0001";"NE_0001"
"2023";"09";"120301";"JUNIN";"CHANCHAMAYO";"CHANCHAMAYO";"GOBIERNO REGIONAL";"I-1";"00000312";"PUEBLO PARDO";"NE_0001";"";"NE_0001";"NE_0001";"NE_0001";"NE_0001";"NE_0001";"NE_0001";"NE_0001"
"2023";"09";"120301";"JUNIN";"CHANCHAMAYO";"CHANCHAMAYO";"GOBIERNO REGIONAL";"I-2";"00000311";"VILLA PROGRESO";"NE_0001";"";"NE_0001";"NE_0001";"NE_0001";"NE_0001";"NE_0001";"NE_0001";"NE_0001"
"2023";"11";"220101";"SAN MARTIN";"MOYOBAMBA";"MOYOBAMBA";"GOBIERNO REGIONAL";"I-3";"00031275";"CENTRO DE SALUD MENTAL COMUNITARIO MOYOBAMBA";"NE_0001";"";"NE_0001";"NE_0001";"NE_0001";"NE_0001";"NE_0001";"NE_0001";"NE_0001"
"2023";"11";"220808";"SAN MARTIN";"RIOJA";"YORONGOS";"GOBIERNO REGIONAL";"I-1";"00006276";"PUESTO DE SALUD NUEVO TABALOSOS";"NE_0002";"";"NE_0002";"NE_0002";"NE_0002";"NE_0002";"NE_0002";"NE_0002";"NE_0002"
"2023";"11";"220801";"SAN MARTIN";"RIOJA";"RIOJA";"GOBIERNO REGIONAL";"I-1";"00006280";"PUESTO DE SALUD PORVENIR";"NE_0002";"";"NE_0002";"NE_0002";"NE_0002";"NE_0002";"NE_0002";"NE_0002";"NE_0002"
"2023";"11";"220801";"SAN MARTIN";"RIOJA";"RIOJA";"GOBIERNO REGIONAL";"I-1";"00006708";"PUESTO DE SALUD PERLA DE CASCAYUNGA";"NE_0002";"";"NE_0002";"NE_0002";"NE_0002";"NE_0002";"NE_0002";"NE_0002";"NE_0002"
"2023";"11";"220806";"SAN MARTIN";"RIOJA";"POSIC";"GOBIERNO REGIONAL";"I-1";"00006274";"PUESTO DE SALUD POSIC";"NE_0002";"";"NE_0002";"NE_0002";"NE_0002";"NE_0002";"NE_0002";"NE_0002";"NE_0002"
"2023";"11";"220801";"SAN MARTIN";"RIOJA";"RIOJA";"GOBIERNO REGIONAL";"I-4";"00006270";"CENTRO DE SALUD NUEVA RIOJA";"241600";"HOSPITALIZACIÓN QUIRÚRGICA OBSTETRICIA   ";"4";"4";"4";"4";"4";"180";"0"
"2023";"11";"220801";"SAN MARTIN";"RIOJA";"RIOJA";"GOBIERNO REGIONAL";"I-4";"00006270";"CENTRO DE SALUD NUEVA RIOJA";"241800";"HOSPITALIZACIÓN DE MEDICINA MEDICINA GENERAL ";"47";"47";"156";"4";"4";"480";"0"
"2023";"11";"220808";"SAN MARTIN";"RIOJA";"YORONGOS";"GOBIERNO REGIONAL";"I-3";"00006275";"PUESTO DE SALUD YORONGOS";"NE_0002";"";"NE_0002";"NE_0002";"NE_0002";"NE_0002";"NE_0002";"NE_0002";"NE_0002"
"2023";"11";"220801";"SAN MARTIN";"RIOJA";"RIOJA";"GOBIERNO REGIONAL";"I-1";"00006271";"PUESTO DE SALUD MASHUYACU";"NE_0002";"";"NE_0002";"NE_0002";"NE_0002";"NE_0002";"NE_0002";"NE_0002";"NE_0002"
"2023";"11";"220801";"SAN MARTIN";"RIOJA";"RIOJA";"GOBIERNO REGIONAL";"I-1";"00006273";"PUESTO DE SALUD TAMBO";"NE_0002";"";"NE_0002";"NE_0002";"NE_0002";"NE_0002";"NE_0002";"NE_0002";"NE_0002"
"2023";"07";"150113";"LIMA";"LIMA";"JESUS MARIA";"PRIVADO";"I-3";"00010439";"CENTRO CLINICO JESUS MARIA";"NE_0002";"";"NE_0002";"NE_0002";"NE_0002";"NE_0002";"NE_0002";"NE_0002";"NE_0002"
"2023";"11";"210401";"PUNO";"CHUCUITO";"JULI";"ESSALUD";"I-3";"00009222";"ESSALUD JULI";"NE_0001";"";"NE_0001";"NE_0001";"NE_0001";"NE_0001";"NE_0001";"NE_0001";"NE_0001"
"2023";"11";"120114";"JUNIN";"HUANCAYO";"EL TAMBO";"GOBIERNO REGIONAL";"I-2";"00000713";"BATANYACU";"NE_0002";"";"NE_0002";"NE_0002";"NE_0002";"NE_0002";"NE_0002";"NE_0002";"NE_0002"
"2023";"11";"120117";"JUNIN";"HUANCAYO";"HUALHUAS";"GOBIERNO REGIONAL";"I-2";"00000718";"HUALHUAS";"NE_0002";"";"NE_0002";"NE_0002";"NE_0002";"NE_0002";"NE_0002";"NE_0002";"NE_0002"
"2023";"11";"120114";"JUNIN";"HUANCAYO";"EL TAMBO";"GOBIERNO REGIONAL";"I-2";"00000715";"RAMIRO PRIALE";"NE_0002";"";"NE_0002";"NE_0002";"NE_0002";"NE_0002";"NE_0002";"NE_0002";"NE_0002"
"2023";"11";"120114";"JUNIN";"HUANCAYO";"EL TAMBO";"GOBIERNO REGIONAL";"I-1";"00000717";"LA VICTORIA";"NE_0002";"";"NE_0002";"NE_0002";"NE_0002";"NE_0002";"NE_0002";"NE_0002";"NE_0002"
"2023";"11";"120129";"JUNIN";"HUANCAYO";"SAN AGUSTIN";"GOBIERNO REGIONAL";"I-3";"00000722";"SAN AGUSTIN DE CAJAS";"NE_0002";"";"NE_0002";"NE_0002";"NE_0002";"NE_0002";"NE_0002";"NE_0002";"NE_0002"
"2023";"11";"211301";"PUNO";"YUNGUYO";"YUNGUYO";"ESSALUD";"I-3";"00009219";"YUNGUYO";"NE_0001";"";"NE_0001";"NE_0001";"NE_0001";"NE_0001";"NE_0001";"NE_0001";"NE_0001"
"2023";"11";"120129";"JUNIN";"HUANCAYO";"SAN AGUSTIN";"GOBIERNO REGIONAL";"I-1";"00000723";"COILLOR";"NE_0002";"";"NE_0002";"NE_0002";"NE_0002";"NE_0002";"NE_0002";"NE_0002";"NE_0002"
"2023";"11";"120132";"JUNIN";"HUANCAYO";"SAÑO";"GOBIERNO REGIONAL";"I-2";"00000725";"SAN PEDRO DE SAÑO";"NE_0002";"";"NE_0002";"NE_0002";"NE_0002";"NE_0002";"NE_0002";"NE_0002";"NE_0002"
"2023";"11";"120130";"JUNIN";"HUANCAYO";"SAN JERONIMO DE TUNAN";"GOBIERNO REGIONAL";"I-3";"00000724";"SAN JERONIMO";"NE_0002";"";"NE_0002";"NE_0002";"NE_0002";"NE_0002";"NE_0002";"NE_0002";"NE_0002"
"2023";"11";"120114";"JUNIN";"HUANCAYO";"EL TAMBO";"GOBIERNO REGIONAL";"I-1";"00018190";"1RO DE MAYO";"NE_0002";"";"NE_0002";"NE_0002";"NE_0002";"NE_0002";"NE_0002";"NE_0002";"NE_0002"
"2023";"11";"120128";"JUNIN";"HUANCAYO";"QUILCAS";"GOBIERNO REGIONAL";"I-2";"00000720";"QUILCAS";"NE_0002";"";"NE_0002";"NE_0002";"NE_0002";"NE_0002";"NE_0002";"NE_0002";"NE_0002"
"2023";"11";"120114";"JUNIN";"HUANCAYO";"EL TAMBO";"GOBIERNO REGIONAL";"I-2";"00000735";"COCHAS CHICO";"NE_0002";"";"NE_0002";"NE_0002";"NE_0002";"NE_0002";"NE_0002";"NE_0002";"NE_0002"
"2023";"11";"120114";"JUNIN";"HUANCAYO";"EL TAMBO";"GOBIERNO REGIONAL";"I-1";"00000706";"SAÑOS GRANDE";"NE_0002";"";"NE_0002";"NE_0002";"NE_0002";"NE_0002";"NE_0002";"NE_0002";"NE_0002"
"2023";"11";"120114";"JUNIN";"HUANCAYO";"EL TAMBO";"GOBIERNO REGIONAL";"I-1";"00000708";"PACCHA";"NE_0002";"";"NE_0002";"NE_0002";"NE_0002";"NE_0002";"NE_0002";"NE_0002";"NE_0002"
"2023";"11";"120114";"JUNIN";"HUANCAYO";"EL TAMBO";"GOBIERNO REGIONAL";"I-1";"00000716";"HUALAHOYO";"NE_0002";"";"NE_0002";"NE_0002";"NE_0002";"NE_0002";"NE_0002";"NE_0002";"NE_0002"
"2023";"11";"120125";"JUNIN";"HUANCAYO";"PILCOMAYO";"GOBIERNO REGIONAL";"I-3";"00000719";"PILCOMAYO";"NE_0002";"";"NE_0002";"NE_0002";"NE_0002";"NE_0002";"NE_0002";"NE_0002";"NE_0002"
"2023";"11";"120134";"JUNIN";"HUANCAYO";"SICAYA";"GOBIERNO REGIONAL";"I-3";"00000726";"SICAYA";"NE_0002";"";"NE_0002";"NE_0002";"NE_0002";"NE_0002";"NE_0002";"NE_0002";"NE_0002"
"2023";"11";"120114";"JUNIN";"HUANCAYO";"EL TAMBO";"GOBIERNO REGIONAL";"I-1";"00000733";"CULLPA";"NE_0002";"";"NE_0002";"NE_0002";"NE_0002";"NE_0002";"NE_0002";"NE_0002";"NE_0002"
"2023";"11";"120114";"JUNIN";"HUANCAYO";"EL TAMBO";"GOBIERNO REGIONAL";"I-1";"00000712";"AZA";"NE_0002";"";"NE_0002";"NE_0002";"NE_0002";"NE_0002";"NE_0002";"NE_0002";"NE_0002"
"2023";"11";"210501";"PUNO";"EL COLLAO";"ILAVE";"ESSALUD";"I-3";"00009218";"POLICLINICO ILAVE -  RED ASISTENCIAL PUNO";"NE_0001";"";"NE_0001";"NE_0001";"NE_0001";"NE_0001";"NE_0001";"NE_0001";"NE_0001"
"2023";"11";"120606";"JUNIN";"SATIPO";"PANGOA";"GOBIERNO REGIONAL";"II-1";"00000442";"SAN MARTIN DE PANGOA";"241800";"HOSPITALIZACIÓN DE MEDICINA MEDICINA GENERAL ";"28";"32";"127";"152";"6";"180";"0"
"2023";"11";"120606";"JUNIN";"SATIPO";"PANGOA";"GOBIERNO REGIONAL";"II-1";"00000442";"SAN MARTIN DE PANGOA";"242500";"HOSPITALIZACIÓN-PEDIATRÍA GENERAL-";"19";"23";"78";"75";"8";"240";"0"
"2023";"11";"120606";"JUNIN";"SATIPO";"PANGOA";"GOBIERNO REGIONAL";"II-1";"00000442";"SAN MARTIN DE PANGOA";"240100";"HOSPITALIZACIÓN QUIRÚRGICA CIRUGÍA GENERAL ";"25";"25";"61";"61";"4";"120";"0"
"2023";"11";"120606";"JUNIN";"SATIPO";"PANGOA";"GOBIERNO REGIONAL";"II-1";"00000442";"SAN MARTIN DE PANGOA";"241500";"HOSPITALIZACIÓN QUIRÚRGICA GINECOLOGÍA  ";"39";"39";"90";"30";"8";"240";"0"
"2023";"11";"120606";"JUNIN";"SATIPO";"PANGOA";"GOBIERNO REGIONAL";"II-1";"00000442";"SAN MARTIN DE PANGOA";"241400";"HOSPITALIZACIÓN QUIRÚRGICA GINECO - OBSTETRICIA ";"54";"56";"112";"144";"8";"240";"0"
"2023";"11";"120606";"JUNIN";"SATIPO";"PANGOA";"GOBIERNO REGIONAL";"II-1";"00000442";"SAN MARTIN DE PANGOA";"243200";"HOSPITALIZACIÓN DE PEDIATRÍA PEDIATRIA NEONATOLOGÍA";"5";"5";"29";"42";"6";"180";"0"
"2023";"11";"150101";"LIMA";"LIMA";"LIMA";"PRIVADO";"II-E";"00011167";"OFTALMOMEDIC";"NE_0001";"";"NE_0001";"NE_0001";"NE_0001";"NE_0001";"NE_0001";"NE_0001";"NE_0001"
"2023";"10";"150142";"LIMA";"LIMA";"VILLA EL SALVADOR";"PRIVADO";"I-2";"00013687";"ARIE";"NE_0002";"";"NE_0002";"NE_0002";"NE_0002";"NE_0002";"NE_0002";"NE_0002";"NE_0002"
"2023";"10";"120101";"JUNIN";"HUANCAYO";"HUANCAYO";"ESSALUD";"I-3";"00012190";"CAP III MANTARO";"NE_0001";"";"NE_0001";"NE_0001";"NE_0001";"NE_0001";"NE_0001";"NE_0001";"NE_0001"
"2023";"08";"180106";"MOQUEGUA";"MARISCAL NIETO";"TORATA";"PRIVADO";"II-1";"00017393";"HOSPITAL CUAJONE DE LA SOUTHERN PERU";"240100";"HOSPITALIZACIÓN QUIRÚRGICA CIRUGÍA GENERAL ";"18";"16";"73";"78";"14";"434";"0"
"2023";"08";"180106";"MOQUEGUA";"MARISCAL NIETO";"TORATA";"PRIVADO";"II-1";"00017393";"HOSPITAL CUAJONE DE LA SOUTHERN PERU";"241400";"HOSPITALIZACIÓN QUIRÚRGICA GINECO - OBSTETRICIA ";"1";"1";"2";"3";"3";"93";"0"
"2023";"08";"180106";"MOQUEGUA";"MARISCAL NIETO";"TORATA";"PRIVADO";"II-1";"00017393";"HOSPITAL CUAJONE DE LA SOUTHERN PERU";"241800";"HOSPITALIZACIÓN DE MEDICINA MEDICINA GENERAL ";"21";"20";"49";"72";"16";"496";"0"
"2023";"08";"180106";"MOQUEGUA";"MARISCAL NIETO";"TORATA";"PRIVADO";"II-1";"00017393";"HOSPITAL CUAJONE DE LA SOUTHERN PERU";"242500";"HOSPITALIZACIÓN-PEDIATRÍA GENERAL-";"2";"2";"4";"3";"17";"527";"0"
"2023";"10";"130107";"LA LIBERTAD";"TRUJILLO";"MOCHE";"ESSALUD";"I-4";"00009038";"CENTRO DE SALUD CON INTERNAMIENTO MOCHE";"241800";"HOSPITALIZACIÓN DE MEDICINA MEDICINA GENERAL ";"35";"35";"199";"203";"8";"248";"0"
"2023";"10";"060101";"CAJAMARCA";"CAJAMARCA";"CAJAMARCA";"GOBIERNO REGIONAL";"II-E";"00004655";"SIMON BOLIVAR";"241400";"HOSPITALIZACIÓN QUIRÚRGICA GINECO - OBSTETRICIA ";"300";"293";"445";"601";"21";"651";"0"
"2023";"10";"060101";"CAJAMARCA";"CAJAMARCA";"CAJAMARCA";"GOBIERNO REGIONAL";"II-E";"00004655";"SIMON BOLIVAR";"240100";"HOSPITALIZACIÓN QUIRÚRGICA CIRUGÍA GENERAL ";"28";"32";"114";"417";"15";"465";"0"
"2023";"10";"060101";"CAJAMARCA";"CAJAMARCA";"CAJAMARCA";"GOBIERNO REGIONAL";"II-E";"00004655";"SIMON BOLIVAR";"241800";"HOSPITALIZACIÓN DE MEDICINA MEDICINA GENERAL ";"33";"33";"116";"259";"10";"310";"0"
"2023";"10";"060101";"CAJAMARCA";"CAJAMARCA";"CAJAMARCA";"GOBIERNO REGIONAL";"II-E";"00004655";"SIMON BOLIVAR";"242300";"HOSPITALIZACIÓN DE PEDIATRÍA  PEDIATRÍA  GENERAL ";"220";"221";"381";"115";"5";"155";"0"
"2023";"10";"060809";"CAJAMARCA";"JAEN";"SALLIQUE";"GOBIERNO REGIONAL";"I-1";"00024940";"EL ESPINO";"NE_0001";"";"NE_0001";"NE_0001";"NE_0001";"NE_0001";"NE_0001";"NE_0001";"NE_0001"
"2023";"10";"060809";"CAJAMARCA";"JAEN";"SALLIQUE";"GOBIERNO REGIONAL";"I-1";"00025537";"TAILIN";"NE_0001";"";"NE_0001";"NE_0001";"NE_0001";"NE_0001";"NE_0001";"NE_0001";"NE_0001"
"2023";"10";"060809";"CAJAMARCA";"JAEN";"SALLIQUE";"GOBIERNO REGIONAL";"I-3";"00004250";"SALLIQUE";"NE_0001";"";"NE_0001";"NE_0001";"NE_0001";"NE_0001";"NE_0001";"NE_0001";"NE_0001"
"2023";"10";"060809";"CAJAMARCA";"JAEN";"SALLIQUE";"GOBIERNO REGIONAL";"I-2";"00007053";"PALAMBE";"NE_0001";"";"NE_0001";"NE_0001";"NE_0001";"NE_0001";"NE_0001";"NE_0001";"NE_0001"
"2023";"10";"060809";"CAJAMARCA";"JAEN";"SALLIQUE";"GOBIERNO REGIONAL";"I-1";"00004252";"SAULACA";"NE_0001";"";"NE_0001";"NE_0001";"NE_0001";"NE_0001";"NE_0001";"NE_0001";"NE_0001"
"2023";"10";"120119";"JUNIN";"HUANCAYO";"HUANCAN";"GOBIERNO REGIONAL";"I-3";"00000620";"HUANCAN";"NE_0001";"";"NE_0001";"NE_0001";"NE_0001";"NE_0001";"NE_0001";"NE_0001";"NE_0001"
"2023";"10";"120126";"JUNIN";"HUANCAYO";"PUCARA";"GOBIERNO REGIONAL";"I-1";"00000626";"RAQUINA";"NE_0001";"";"NE_0001";"NE_0001";"NE_0001";"NE_0001";"NE_0001";"NE_0001";"NE_0001"
"2023";"10";"120133";"JUNIN";"HUANCAYO";"SAPALLANGA";"GOBIERNO REGIONAL";"I-2";"00000630";"LA PUNTA";"NE_0001";"";"NE_0001";"NE_0001";"NE_0001";"NE_0001";"NE_0001";"NE_0001";"NE_0001"
"2023";"10";"120133";"JUNIN";"HUANCAYO";"SAPALLANGA";"GOBIERNO REGIONAL";"I-1";"00000634";"HUAYLLASPANCA";"NE_0001";"";"NE_0001";"NE_0001";"NE_0001";"NE_0001";"NE_0001";"NE_0001";"NE_0001"
"2023";"10";"120111";"JUNIN";"HUANCAYO";"CHUPURO";"GOBIERNO REGIONAL";"I-1";"00000613";"CARHUAPACCHA";"NE_0001";"";"NE_0001";"NE_0001";"NE_0001";"NE_0001";"NE_0001";"NE_0001";"NE_0001"
"2023";"10";"120113";"JUNIN";"HUANCAYO";"CULLHUAS";"GOBIERNO REGIONAL";"I-1";"00000616";"PIHUAS";"NE_0001";"";"NE_0001";"NE_0001";"NE_0001";"NE_0001";"NE_0001";"NE_0001";"NE_0001"
"2023";"10";"120121";"JUNIN";"HUANCAYO";"HUAYUCACHI";"GOBIERNO REGIONAL";"I-3";"00000622";"HUAYUCACHI";"NE_0001";"";"NE_0001";"NE_0001";"NE_0001";"NE_0001";"NE_0001";"NE_0001";"NE_0001"
"2023";"10";"120133";"JUNIN";"HUANCAYO";"SAPALLANGA";"GOBIERNO REGIONAL";"I-1";"00000631";"COCHARCAS";"NE_0001";"";"NE_0001";"NE_0001";"NE_0001";"NE_0001";"NE_0001";"NE_0001";"NE_0001"
"2023";"10";"120113";"JUNIN";"HUANCAYO";"CULLHUAS";"GOBIERNO REGIONAL";"I-1";"00012469";"CHUAMBA";"NE_0001";"";"NE_0001";"NE_0001";"NE_0001";"NE_0001";"NE_0001";"NE_0001";"NE_0001"
"2023";"10";"120107";"JUNIN";"HUANCAYO";"CHILCA";"GOBIERNO REGIONAL";"I-2";"00000609";"AZAPAMPA";"NE_0001";"";"NE_0001";"NE_0001";"NE_0001";"NE_0001";"NE_0001";"NE_0001";"NE_0001"
"2023";"10";"120107";"JUNIN";"HUANCAYO";"CHILCA";"GOBIERNO REGIONAL";"I-3";"00000610";"AUQUIMARCA";"NE_0001";"";"NE_0001";"NE_0001";"NE_0001";"NE_0001";"NE_0001";"NE_0001";"NE_0001"
"2023";"10";"120107";"JUNIN";"HUANCAYO";"CHILCA";"GOBIERNO REGIONAL";"I-2";"00000611";"LA ESPERANZA";"NE_0001";"";"NE_0001";"NE_0001";"NE_0001";"NE_0001";"NE_0001";"NE_0001";"NE_0001"
"2023";"10";"120113";"JUNIN";"HUANCAYO";"CULLHUAS";"GOBIERNO REGIONAL";"I-2";"00000615";"CULLHUAS";"NE_0001";"";"NE_0001";"NE_0001";"NE_0001";"NE_0001";"NE_0001";"NE_0001";"NE_0001"
"2023";"10";"120119";"JUNIN";"HUANCAYO";"HUANCAN";"GOBIERNO REGIONAL";"I-2";"00000621";"HUARI";"NE_0001";"";"NE_0001";"NE_0001";"NE_0001";"NE_0001";"NE_0001";"NE_0001";"NE_0001"
"2023";"10";"120133";"JUNIN";"HUANCAYO";"SAPALLANGA";"GOBIERNO REGIONAL";"I-1";"00000632";"MILUCHACA";"NE_0001";"";"NE_0001";"NE_0001";"NE_0001";"NE_0001";"NE_0001";"NE_0001";"NE_0001"
"2023";"10";"120133";"JUNIN";"HUANCAYO";"SAPALLANGA";"GOBIERNO REGIONAL";"I-1";"00000633";"MIRAFLORES";"NE_0001";"";"NE_0001";"NE_0001";"NE_0001";"NE_0001";"NE_0001";"NE_0001";"NE_0001"
"2023";"10";"120112";"JUNIN";"HUANCAYO";"COLCA";"GOBIERNO REGIONAL";"I-1";"00000702";"SANTA CRUZ DE LARIA";"NE_0001";"";"NE_0001";"NE_0001";"NE_0001";"NE_0001";"NE_0001";"NE_0001";"NE_0001"
"2023";"11";"130907";"LA LIBERTAD";"SANCHEZ CARRION";"SARIN";"GOBIERNO REGIONAL";"I-2";"00011627";"CERPAQUINO";"NE_0001";"";"NE_0001";"NE_0001";"NE_0001";"NE_0001";"NE_0001";"NE_0001";"NE_0001"
"2023";"11";"130907";"LA LIBERTAD";"SANCHEZ CARRION";"SARIN";"GOBIERNO REGIONAL";"I-2";"00005361";"SARIN";"NE_0001";"";"NE_0001";"NE_0001";"NE_0001";"NE_0001";"NE_0001";"NE_0001";"NE_0001"
"2023";"11";"130907";"LA LIBERTAD";"SANCHEZ CARRION";"SARIN";"GOBIERNO REGIONAL";"I-2";"00011624";"MUNMALCA";"NE_0001";"";"NE_0001";"NE_0001";"NE_0001";"NE_0001";"NE_0001";"NE_0001";"NE_0001"
"2023";"11";"130907";"LA LIBERTAD";"SANCHEZ CARRION";"SARIN";"GOBIERNO REGIONAL";"I-2";"00011628";"SHIRACORRAL";"NE_0001";"";"NE_0001";"NE_0001";"NE_0001";"NE_0001";"NE_0001";"NE_0001";"NE_0001"
"2023";"11";"130907";"LA LIBERTAD";"SANCHEZ CARRION";"SARIN";"GOBIERNO REGIONAL";"I-2";"00005362";"OROGOLDAY";"NE_0001";"";"NE_0001";"NE_0001";"NE_0001";"NE_0001";"NE_0001";"NE_0001";"NE_0001"
"2023";"11";"220101";"SAN MARTIN";"MOYOBAMBA";"MOYOBAMBA";"SANIDAD DE LA POLICIA NACIONAL DEL PERU";"I-3";"00018077";"POLICLINICO PNP MOYOBAMBA";"NE_0001";"";"NE_0001";"NE_0001";"NE_0001";"NE_0001";"NE_0001";"NE_0001";"NE_0001"
"2023";"11";"150141";"LIMA";"LIMA";"SURQUILLO";"SANIDAD DE LA POLICIA NACIONAL DEL PERU";"I-3";"00012885";"POLICLINICO PNP WALTER ROSALES LEON";"NE_0001";"";"NE_0001";"NE_0001";"NE_0001";"NE_0001";"NE_0001";"NE_0001";"NE_0001"
"2023";"11";"010101";"AMAZONAS";"CHACHAPOYAS";"CHACHAPOYAS";"GOBIERNO REGIONAL";"II-2";"00004838";"HOSPITAL REGIONAL VIRGEN DE FATIMA";"240100";"HOSPITALIZACIÓN QUIRÚRGICA CIRUGÍA GENERAL ";"78";"94";"613";"384";"20";"600";"1"
"2023";"11";"010101";"AMAZONAS";"CHACHAPOYAS";"CHACHAPOYAS";"GOBIERNO REGIONAL";"II-2";"00004838";"HOSPITAL REGIONAL VIRGEN DE FATIMA";"240700";"HOSPITALIZACIÓN QUIRÚRGICA CIRUGÍA PEDIÁTRICA ";"2";"2";"3";"5";"3";"90";"0"
"2023";"11";"010101";"AMAZONAS";"CHACHAPOYAS";"CHACHAPOYAS";"GOBIERNO REGIONAL";"II-2";"00004838";"HOSPITAL REGIONAL VIRGEN DE FATIMA";"241200";"HOSPITALIZACIÓN QUIRÚRGICA TRAUMATOLOGÍA Y ORTOPEDIA ";"22";"29";"226";"206";"9";"270";"0"
"2023";"11";"010101";"AMAZONAS";"CHACHAPOYAS";"CHACHAPOYAS";"GOBIERNO REGIONAL";"II-2";"00004838";"HOSPITAL REGIONAL VIRGEN DE FATIMA";"241500";"HOSPITALIZACIÓN QUIRÚRGICA GINECOLOGÍA  ";"21";"26";"93";"86";"6";"180";"0"
"2023";"11";"010101";"AMAZONAS";"CHACHAPOYAS";"CHACHAPOYAS";"GOBIERNO REGIONAL";"II-2";"00004838";"HOSPITAL REGIONAL VIRGEN DE FATIMA";"241600";"HOSPITALIZACIÓN QUIRÚRGICA OBSTETRICIA   ";"145";"149";"258";"401";"20";"600";"0"
"2023";"11";"010101";"AMAZONAS";"CHACHAPOYAS";"CHACHAPOYAS";"GOBIERNO REGIONAL";"II-2";"00004838";"HOSPITAL REGIONAL VIRGEN DE FATIMA";"241900";"HOSPITALIZACIÓN DE MEDICINA MEDICINA INTERNA ";"55";"63";"233";"262";"23";"690";"3"
"2023";"11";"010101";"AMAZONAS";"CHACHAPOYAS";"CHACHAPOYAS";"GOBIERNO REGIONAL";"II-2";"00004838";"HOSPITAL REGIONAL VIRGEN DE FATIMA";"242205";"HOSPITALIZACIÓN MEDICINA PSIQUIATRÍA PISIQUIATRIA/ SALUD MENTAL Y ADICCIONES";"12";"16";"94";"102";"4";"120";"0"
"2023";"11";"010101";"AMAZONAS";"CHACHAPOYAS";"CHACHAPOYAS";"GOBIERNO REGIONAL";"II-2";"00004838";"HOSPITAL REGIONAL VIRGEN DE FATIMA";"242500";"HOSPITALIZACIÓN-PEDIATRÍA GENERAL-";"22";"28";"109";"115";"14";"420";"0"
"2023";"11";"010101";"AMAZONAS";"CHACHAPOYAS";"CHACHAPOYAS";"GOBIERNO REGIONAL";"II-2";"00004838";"HOSPITAL REGIONAL VIRGEN DE FATIMA";"243200";"HOSPITALIZACIÓN DE PEDIATRÍA PEDIATRIA NEONATOLOGÍA";"112";"123";"399";"299";"10";"300";"0"
"2023";"11";"010101";"AMAZONAS";"CHACHAPOYAS";"CHACHAPOYAS";"GOBIERNO REGIONAL";"II-2";"00004838";"HOSPITAL REGIONAL VIRGEN DE FATIMA";"250103";"UNIDAD DE CUIDADOS CRITICOS UNIDAD  DE CUIDADOS INTENSIVOS GENERALES  (UCI) MEDICINA";"5";"7";"28";"18";"5";"150";"2"
"2023";"11";"010101";"AMAZONAS";"CHACHAPOYAS";"CHACHAPOYAS";"GOBIERNO REGIONAL";"II-2";"00004838";"HOSPITAL REGIONAL VIRGEN DE FATIMA";"250105";"UNIDAD DE CUIDADOS CRITICOS UNIDAD  DE CUIDADOS INTENSIVOS  (UCI) NEONATOLOGÍA";"5";"6";"81";"44";"6";"180";"2"
"2023";"11";"220501";"SAN MARTIN";"LAMAS";"LAMAS";"GOBIERNO REGIONAL";"II-E";"00006352";"HOSPITAL II-E LAMAS";"241400";"HOSPITALIZACIÓN QUIRÚRGICA GINECO - OBSTETRICIA ";"10";"11";"17";"17";"8";"240";"0"
"2023";"11";"220501";"SAN MARTIN";"LAMAS";"LAMAS";"GOBIERNO REGIONAL";"II-E";"00006352";"HOSPITAL II-E LAMAS";"241800";"HOSPITALIZACIÓN DE MEDICINA MEDICINA GENERAL ";"40";"42";"141";"141";"12";"360";"3"
"2023";"11";"150140";"LIMA";"LIMA";"SANTIAGO DE SURCO";"PRIVADO";"II-E";"00013064";"CLINICA CEDRON";"240000";"HOSPITALIZACIÓN";"25";"25";"34";"34";"6";"180";"0"
"2023";"11";"200501";"PIURA";"PAITA";"PAITA";"ESSALUD";"I-4";"00011763";"HOSPITAL I MIGUEL CRUZADO VERA - PAITA";"241800";"HOSPITALIZACIÓN DE MEDICINA MEDICINA GENERAL ";"26";"28";"131";"107";"6";"180";"0"
"2023";"11";"040109";"AREQUIPA";"AREQUIPA";"MARIANO MELGAR";"SANIDAD DEL EJERCITO DEL PERU";"II-1";"00018659";"HOSPITAL MILITAR DIVISIONARIO III DE AREQUIPA";"240100";"HOSPITALIZACIÓN QUIRÚRGICA CIRUGÍA GENERAL ";"19";"17";"43";"41";"8";"196";"0"
"2023";"11";"040109";"AREQUIPA";"AREQUIPA";"MARIANO MELGAR";"SANIDAD DEL EJERCITO DEL PERU";"II-1";"00018659";"HOSPITAL MILITAR DIVISIONARIO III DE AREQUIPA";"241800";"HOSPITALIZACIÓN DE MEDICINA MEDICINA GENERAL ";"11";"13";"92";"90";"26";"598";"0"
"2023";"11";"150131";"LIMA";"LIMA";"SAN ISIDRO";"PRIVADO";"II-E";"00009505";"OFTALMOSALUD";"NE_0001";"";"NE_0001";"NE_0001";"NE_0001";"NE_0001";"NE_0001";"NE_0001";"NE_0001"
"2023";"11";"200501";"PIURA";"PAITA";"PAITA";"ESSALUD";"I-4";"00011763";"HOSPITAL I MIGUEL CRUZADO VERA - PAITA";"241500";"HOSPITALIZACIÓN QUIRÚRGICA GINECOLOGÍA  ";"6";"3";"21";"4";"1";"30";"0"
"2023";"11";"200501";"PIURA";"PAITA";"PAITA";"ESSALUD";"I-4";"00011763";"HOSPITAL I MIGUEL CRUZADO VERA - PAITA";"241400";"HOSPITALIZACIÓN QUIRÚRGICA GINECO - OBSTETRICIA ";"9";"10";"24";"21";"1";"30";"0"
"2023";"11";"200501";"PIURA";"PAITA";"PAITA";"ESSALUD";"I-4";"00011763";"HOSPITAL I MIGUEL CRUZADO VERA - PAITA";"242300";"HOSPITALIZACIÓN DE PEDIATRÍA  PEDIATRÍA  GENERAL ";"12";"10";"34";"26";"1";"30";"0"
"2023";"11";"120504";"JUNIN";"JUNIN";"ULCUMAYO";"GOBIERNO REGIONAL";"I-1";"00000605";"SHOGUE";"NE_0001";"";"NE_0001";"NE_0001";"NE_0001";"NE_0001";"NE_0001";"NE_0001";"NE_0001"
"2023";"11";"120504";"JUNIN";"JUNIN";"ULCUMAYO";"GOBIERNO REGIONAL";"I-2";"00000604";"TAMBOS";"NE_0001";"";"NE_0001";"NE_0001";"NE_0001";"NE_0001";"NE_0001";"NE_0001";"NE_0001"
"2023";"11";"120504";"JUNIN";"JUNIN";"ULCUMAYO";"GOBIERNO REGIONAL";"I-1";"00000607";"PISCURRURAY";"NE_0001";"";"NE_0001";"NE_0001";"NE_0001";"NE_0001";"NE_0001";"NE_0001";"NE_0001"
"2023";"11";"120504";"JUNIN";"JUNIN";"ULCUMAYO";"GOBIERNO REGIONAL";"I-3";"00000601";"ULCUMAYO";"NE_0001";"";"NE_0001";"NE_0001";"NE_0001";"NE_0001";"NE_0001";"NE_0001";"NE_0001"
"2023";"11";"120504";"JUNIN";"JUNIN";"ULCUMAYO";"GOBIERNO REGIONAL";"I-1";"00000606";"QUIPACANCHA";"NE_0001";"";"NE_0001";"NE_0001";"NE_0001";"NE_0001";"NE_0001";"NE_0001";"NE_0001"
"2023";"11";"060805";"CAJAMARCA";"JAEN";"HUABAL";"GOBIERNO REGIONAL";"I-1";"00013849";"SANTA ROSA DE HUABAL";"NE_0001";"";"NE_0001";"NE_0001";"NE_0001";"NE_0001";"NE_0001";"NE_0001";"NE_0001"
"2023";"11";"060805";"CAJAMARCA";"JAEN";"HUABAL";"GOBIERNO REGIONAL";"I-1";"00004243";"LA ESPERANZA";"NE_0001";"";"NE_0001";"NE_0001";"NE_0001";"NE_0001";"NE_0001";"NE_0001";"NE_0001"
"2023";"11";"060805";"CAJAMARCA";"JAEN";"HUABAL";"GOBIERNO REGIONAL";"I-1";"00016136";"CAJONES";"NE_0001";"";"NE_0001";"NE_0001";"NE_0001";"NE_0001";"NE_0001";"NE_0001";"NE_0001"
"2023";"11";"060805";"CAJAMARCA";"JAEN";"HUABAL";"GOBIERNO REGIONAL";"I-1";"00004242";"SAN FRANCISCO DE ASIS";"NE_0001";"";"NE_0001";"NE_0001";"NE_0001";"NE_0001";"NE_0001";"NE_0001";"NE_0001"
"2023";"11";"060805";"CAJAMARCA";"JAEN";"HUABAL";"GOBIERNO REGIONAL";"I-1";"00007124";"CORAZON DE JESUS";"NE_0001";"";"NE_0001";"NE_0001";"NE_0001";"NE_0001";"NE_0001";"NE_0001";"NE_0001"
"2023";"11";"060805";"CAJAMARCA";"JAEN";"HUABAL";"GOBIERNO REGIONAL";"I-2";"00007687";"HUACO";"NE_0001";"";"NE_0001";"NE_0001";"NE_0001";"NE_0001";"NE_0001";"NE_0001";"NE_0001"
"2023";"11";"010201";"AMAZONAS";"BAGUA";"BAGUA";"ESSALUD";"II-1";"00009068";"HOSPITAL I HEROES DEL CENEPA";"241800";"HOSPITALIZACIÓN DE MEDICINA MEDICINA GENERAL ";"51";"51";"156";"105";"4";"120";"0"
"2023";"11";"010201";"AMAZONAS";"BAGUA";"BAGUA";"ESSALUD";"II-1";"00009068";"HOSPITAL I HEROES DEL CENEPA";"240100";"HOSPITALIZACIÓN QUIRÚRGICA CIRUGÍA GENERAL ";"16";"16";"48";"34";"3";"90";"0"
"2023";"11";"010201";"AMAZONAS";"BAGUA";"BAGUA";"ESSALUD";"II-1";"00009068";"HOSPITAL I HEROES DEL CENEPA";"241500";"HOSPITALIZACIÓN QUIRÚRGICA GINECOLOGÍA  ";"27";"27";"77";"85";"3";"90";"0"
"2023";"11";"010201";"AMAZONAS";"BAGUA";"BAGUA";"ESSALUD";"II-1";"00009068";"HOSPITAL I HEROES DEL CENEPA";"242300";"HOSPITALIZACIÓN DE PEDIATRÍA  PEDIATRÍA  GENERAL ";"29";"29";"83";"89";"3";"90";"0"
"2023";"11";"060801";"CAJAMARCA";"JAEN";"JAEN";"GOBIERNO REGIONAL";"I-3";"00025207";"CENTRO DE SALUD MENTAL COMUNITARIO JAEN";"NE_0001";"";"NE_0001";"NE_0001";"NE_0001";"NE_0001";"NE_0001";"NE_0001";"NE_0001"
"2023";"11";"211101";"PUNO";"SAN ROMAN";"JULIACA";"GOBIERNO REGIONAL";"II-2";"00003299";"CARLOS MONJE MEDRANO";"240100";"HOSPITALIZACIÓN QUIRÚRGICA CIRUGÍA GENERAL ";"65";"79";"531";"79";"27";"810";"2"
"2023";"11";"211101";"PUNO";"SAN ROMAN";"JULIACA";"GOBIERNO REGIONAL";"II-2";"00003299";"CARLOS MONJE MEDRANO";"244300";"HOSPITALIZACIÓN DE MEDICINA GASTROENTEROLOGÍA  ";"21";"24";"106";"24";"6";"180";"1"
"2023";"11";"211101";"PUNO";"SAN ROMAN";"JULIACA";"GOBIERNO REGIONAL";"II-2";"00003299";"CARLOS MONJE MEDRANO";"241500";"HOSPITALIZACIÓN QUIRÚRGICA GINECOLOGÍA  ";"62";"72";"272";"72";"6";"180";"0"
"2023";"11";"211101";"PUNO";"SAN ROMAN";"JULIACA";"GOBIERNO REGIONAL";"II-2";"00003299";"CARLOS MONJE MEDRANO";"241800";"HOSPITALIZACIÓN DE MEDICINA MEDICINA GENERAL ";"89";"109";"774";"109";"9";"270";"16"
"2023";"11";"211101";"PUNO";"SAN ROMAN";"JULIACA";"GOBIERNO REGIONAL";"II-2";"00003299";"CARLOS MONJE MEDRANO";"243200";"HOSPITALIZACIÓN DE PEDIATRÍA PEDIATRIA NEONATOLOGÍA";"17";"22";"177";"22";"39";"1170";"0"
"2023";"11";"211101";"PUNO";"SAN ROMAN";"JULIACA";"GOBIERNO REGIONAL";"II-2";"00003299";"CARLOS MONJE MEDRANO";"245300";"HOSPITALIZACIÓN DE MEDICINA NEUMOLOGÍA  ";"11";"16";"106";"16";"6";"180";"3"
"2023";"11";"211101";"PUNO";"SAN ROMAN";"JULIACA";"GOBIERNO REGIONAL";"II-2";"00003299";"CARLOS MONJE MEDRANO";"240900";"HOSPITALIZACIÓN QUIRÚRGICA NEUROCIRUGÍA ";"14";"20";"239";"20";"12";"360";"5"
"2023";"11";"211101";"PUNO";"SAN ROMAN";"JULIACA";"GOBIERNO REGIONAL";"II-2";"00003299";"CARLOS MONJE MEDRANO";"241600";"HOSPITALIZACIÓN QUIRÚRGICA OBSTETRICIA   ";"223";"243";"816";"243";"27";"810";"0"
"2023";"11";"211101";"PUNO";"SAN ROMAN";"JULIACA";"GOBIERNO REGIONAL";"II-2";"00003299";"CARLOS MONJE MEDRANO";"242500";"HOSPITALIZACIÓN-PEDIATRÍA GENERAL-";"55";"62";"331";"62";"29";"870";"0"
"2023";"11";"211101";"PUNO";"SAN ROMAN";"JULIACA";"GOBIERNO REGIONAL";"II-2";"00003299";"CARLOS MONJE MEDRANO";"242200";"HOSPITALIZACIÓN DE MEDICINA PSIQUIATRÍA ";"3";"8";"117";"8";"3";"90";"0"
"2023";"11";"211101";"PUNO";"SAN ROMAN";"JULIACA";"GOBIERNO REGIONAL";"II-2";"00003299";"CARLOS MONJE MEDRANO";"241200";"HOSPITALIZACIÓN QUIRÚRGICA TRAUMATOLOGÍA Y ORTOPEDIA ";"37";"44";"258";"44";"12";"360";"0"
"2023";"09";"211101";"PUNO";"SAN ROMAN";"JULIACA";"PRIVADO";"II-1";"00010815";"CLINICA ADVENTISTA AMERICANA DE JULIACA";"240000";"HOSPITALIZACIÓN";"192";"187";"603";"601";"40";"1200";"4"
"2023";"09";"120805";"JUNIN";"YAULI";"MOROCOCHA";"GOBIERNO REGIONAL";"I-3";"00000563";"MOROCOCHA";"NE_0001";"";"NE_0001";"NE_0001";"NE_0001";"NE_0001";"NE_0001";"NE_0001";"NE_0001"
"2023";"09";"120805";"JUNIN";"YAULI";"MOROCOCHA";"GOBIERNO REGIONAL";"I-1";"00021450";"SAN FRANCISCO DE ASIS DE PUCARA";"NE_0001";"";"NE_0001";"NE_0001";"NE_0001";"NE_0001";"NE_0001";"NE_0001";"NE_0001"
"2023";"09";"150131";"LIMA";"LIMA";"SAN ISIDRO";"PRIVADO";"III-1";"00009409";"CLINICA RICARDO PALMA";"240000";"HOSPITALIZACIÓN";"648";"646";"2970";"3943";"149";"4051";"22"
"2023";"09";"150131";"LIMA";"LIMA";"SAN ISIDRO";"PRIVADO";"III-1";"00009409";"CLINICA RICARDO PALMA";"242300";"HOSPITALIZACIÓN DE PEDIATRÍA  PEDIATRÍA  GENERAL ";"81";"85";"494";"539";"18";"684";"0"
"2023";"09";"150131";"LIMA";"LIMA";"SAN ISIDRO";"PRIVADO";"III-1";"00009409";"CLINICA RICARDO PALMA";"241400";"HOSPITALIZACIÓN QUIRÚRGICA GINECO - OBSTETRICIA ";"75";"78";"252";"140";"8";"240";"0"
"2023";"09";"150131";"LIMA";"LIMA";"SAN ISIDRO";"PRIVADO";"III-1";"00009409";"CLINICA RICARDO PALMA";"250105";"UNIDAD DE CUIDADOS CRITICOS UNIDAD  DE CUIDADOS INTENSIVOS  (UCI) NEONATOLOGÍA";"3";"2";"13";"18";"4";"252";"0"
"2023";"09";"070101";"CALLAO";"CALLAO";"CALLAO";"PRIVADO";"II-E";"00025535";"CLÍNICA  OQUENDO";"240000";"HOSPITALIZACIÓN";"18";"17";"18";"17";"11";"330";"0"
"2023";"09";"150101";"LIMA";"LIMA";"LIMA";"ESSALUD";"I-3";"00008539";"POLICLINICO CHINCHA";"NE_0001";"";"NE_0001";"NE_0001";"NE_0001";"NE_0001";"NE_0001";"NE_0001";"NE_0001"
"2023";"10";"150101";"LIMA";"LIMA";"LIMA";"ESSALUD";"I-3";"00008539";"POLICLINICO CHINCHA";"NE_0001";"";"NE_0001";"NE_0001";"NE_0001";"NE_0001";"NE_0001";"NE_0001";"NE_0001"
"2023";"11";"150121";"LIMA";"LIMA";"PUEBLO LIBRE";"PRIVADO";"II-E";"00012492";"CLINICA DE OJOS VISUAL OPHTHALMICS";"NE_0001";"";"NE_0001";"NE_0001";"NE_0001";"NE_0001";"NE_0001";"NE_0001";"NE_0001"
"2023";"11";"130207";"LA LIBERTAD";"ASCOPE";"SANTIAGO DE CAO";"ESSALUD";"I-2";"00012114";"POSTA DE SALUD SANTIAGO DE CAO";"NE_0001";"";"NE_0001";"NE_0001";"NE_0001";"NE_0001";"NE_0001";"NE_0001";"NE_0001"
"2023";"11";"130906";"LA LIBERTAD";"SANCHEZ CARRION";"SANAGORAN";"GOBIERNO REGIONAL";"I-2";"00005360";"VENTANAS";"NE_0001";"";"NE_0001";"NE_0001";"NE_0001";"NE_0001";"NE_0001";"NE_0001";"NE_0001"
"2023";"11";"130906";"LA LIBERTAD";"SANCHEZ CARRION";"SANAGORAN";"GOBIERNO REGIONAL";"I-2";"00005359";"SANAGORAN";"NE_0001";"";"NE_0001";"NE_0001";"NE_0001";"NE_0001";"NE_0001";"NE_0001";"NE_0001"
"2023";"11";"200101";"PIURA";"PIURA";"PIURA";"PRIVADO";"II-1";"00013042";"CLÍNICA LOS COCOS";"240100";"HOSPITALIZACIÓN QUIRÚRGICA CIRUGÍA GENERAL ";"82";"84";"140";"145";"12";"360";"0"
"2023";"11";"200101";"PIURA";"PIURA";"PIURA";"PRIVADO";"II-1";"00013042";"CLÍNICA LOS COCOS";"241400";"HOSPITALIZACIÓN QUIRÚRGICA GINECO - OBSTETRICIA ";"140";"137";"197";"202";"16";"480";"0"
"2023";"11";"200101";"PIURA";"PIURA";"PIURA";"PRIVADO";"II-1";"00013042";"CLÍNICA LOS COCOS";"241800";"HOSPITALIZACIÓN DE MEDICINA MEDICINA GENERAL ";"10";"11";"20";"21";"11";"330";"0"
"2023";"11";"060501";"CAJAMARCA";"CONTUMAZA";"CONTUMAZA";"GOBIERNO REGIONAL";"I-1";"00004630";"EL MOTE";"NE_0001";"";"NE_0001";"NE_0001";"NE_0001";"NE_0001";"NE_0001";"NE_0001";"NE_0001"
"2023";"11";"060502";"CAJAMARCA";"CONTUMAZA";"CHILETE";"GOBIERNO REGIONAL";"I-1";"00004545";"LLALLAN";"NE_0001";"";"NE_0001";"NE_0001";"NE_0001";"NE_0001";"NE_0001";"NE_0001";"NE_0001"
"2023";"11";"060501";"CAJAMARCA";"CONTUMAZA";"CONTUMAZA";"GOBIERNO REGIONAL";"I-1";"00004632";"CORRALES DE CHANTA";"NE_0001";"";"NE_0001";"NE_0001";"NE_0001";"NE_0001";"NE_0001";"NE_0001";"NE_0001"
"2023";"11";"060502";"CAJAMARCA";"CONTUMAZA";"CHILETE";"GOBIERNO REGIONAL";"I-4";"00004538";"DE APOYO CHILETE";"240000";"HOSPITALIZACIÓN";"14";"14";"36";"40";"9";"245";"0"
"2023";"11";"060507";"CAJAMARCA";"CONTUMAZA";"TANTARICA";"GOBIERNO REGIONAL";"I-2";"00004544";"CATÁN - TANTARICA";"NE_0001";"";"NE_0001";"NE_0001";"NE_0001";"NE_0001";"NE_0001";"NE_0001";"NE_0001"
"2023";"11";"060501";"CAJAMARCA";"CONTUMAZA";"CONTUMAZA";"GOBIERNO REGIONAL";"I-1";"00004622";"CATUDEN";"NE_0001";"";"NE_0001";"NE_0001";"NE_0001";"NE_0001";"NE_0001";"NE_0001";"NE_0001"
"2023";"11";"100101";"HUANUCO";"HUANUCO";"HUANUCO";"GOBIERNO REGIONAL";"II-2";"00000754";"HOSPITAL REGIONAL HERMILIO VALDIZAN";"241900";"HOSPITALIZACIÓN DE MEDICINA MEDICINA INTERNA ";"128";"60";"30";"20";"40";"140";"1"
"2023";"11";"100101";"HUANUCO";"HUANUCO";"HUANUCO";"GOBIERNO REGIONAL";"II-2";"00000754";"HOSPITAL REGIONAL HERMILIO VALDIZAN";"240100";"HOSPITALIZACIÓN QUIRÚRGICA CIRUGÍA GENERAL ";"115";"20";"45";"30";"30";"110";"0"
"2023";"11";"100101";"HUANUCO";"HUANUCO";"HUANUCO";"GOBIERNO REGIONAL";"II-2";"00000754";"HOSPITAL REGIONAL HERMILIO VALDIZAN";"250100";"UNIDAD DE CUIDADOS CRITICOS UNIDAD  DE CUIDADOS INTENSIVOS GENERALES (UCI) ";"12";"6";"89";"10";"4";"93";"1"
"2023";"11";"100101";"HUANUCO";"HUANUCO";"HUANUCO";"GOBIERNO REGIONAL";"II-2";"00000754";"HOSPITAL REGIONAL HERMILIO VALDIZAN";"241400";"HOSPITALIZACIÓN QUIRÚRGICA GINECO - OBSTETRICIA ";"143";"113";"60";"63";"20";"145";"0"
"2023";"11";"100101";"HUANUCO";"HUANUCO";"HUANUCO";"GOBIERNO REGIONAL";"II-2";"00000754";"HOSPITAL REGIONAL HERMILIO VALDIZAN";"243200";"HOSPITALIZACIÓN DE PEDIATRÍA PEDIATRIA NEONATOLOGÍA";"85";"45";"60";"35";"23";"90";"0"
"2023";"11";"100101";"HUANUCO";"HUANUCO";"HUANUCO";"GOBIERNO REGIONAL";"II-2";"00000754";"HOSPITAL REGIONAL HERMILIO VALDIZAN";"241500";"HOSPITALIZACIÓN QUIRÚRGICA GINECOLOGÍA  ";"14";"8";"20";"12";"8";"92";"0"
"2023";"11";"220205";"SAN MARTIN";"BELLAVISTA";"SAN PABLO";"GOBIERNO REGIONAL";"I-1";"00006507";"FAUSA SAPINA";"NE_0001";"";"NE_0001";"NE_0001";"NE_0001";"NE_0001";"NE_0001";"NE_0001";"NE_0001"
"2023";"11";"220205";"SAN MARTIN";"BELLAVISTA";"SAN PABLO";"GOBIERNO REGIONAL";"I-1";"00006508";"SAN PABLO";"NE_0001";"";"NE_0001";"NE_0001";"NE_0001";"NE_0001";"NE_0001";"NE_0001";"NE_0001"
"2023";"11";"220205";"SAN MARTIN";"BELLAVISTA";"SAN PABLO";"GOBIERNO REGIONAL";"I-2";"00006499";"FAUSA LAMISTA";"NE_0001";"";"NE_0001";"NE_0001";"NE_0001";"NE_0001";"NE_0001";"NE_0001";"NE_0001"
"2023";"11";"220205";"SAN MARTIN";"BELLAVISTA";"SAN PABLO";"GOBIERNO REGIONAL";"I-1";"00006509";"DOS DE MAYO";"NE_0001";"";"NE_0001";"NE_0001";"NE_0001";"NE_0001";"NE_0001";"NE_0001";"NE_0001"
"2023";"11";"220205";"SAN MARTIN";"BELLAVISTA";"SAN PABLO";"GOBIERNO REGIONAL";"I-1";"00029371";"CENTRO AMERICA - SAN PABLO";"NE_0001";"";"NE_0001";"NE_0001";"NE_0001";"NE_0001";"NE_0001";"NE_0001";"NE_0001"
"2023";"11";"220205";"SAN MARTIN";"BELLAVISTA";"SAN PABLO";"GOBIERNO REGIONAL";"I-3";"00006506";"CONSUELO";"NE_0001";"";"NE_0001";"NE_0001";"NE_0001";"NE_0001";"NE_0001";"NE_0001";"NE_0001"
"2023";"11";"220602";"SAN MARTIN";"MARISCAL CACERES";"CAMPANILLA";"GOBIERNO REGIONAL";"I-1";"00006578";"SION";"NE_0001";"";"NE_0001";"NE_0001";"NE_0001";"NE_0001";"NE_0001";"NE_0001";"NE_0001"
"2023";"11";"220602";"SAN MARTIN";"MARISCAL CACERES";"CAMPANILLA";"GOBIERNO REGIONAL";"I-1";"00006576";"BALZAYACU";"NE_0001";"";"NE_0001";"NE_0001";"NE_0001";"NE_0001";"NE_0001";"NE_0001";"NE_0001"
"2023";"11";"220602";"SAN MARTIN";"MARISCAL CACERES";"CAMPANILLA";"GOBIERNO REGIONAL";"I-1";"00006715";"PERLAMAYO";"NE_0001";"";"NE_0001";"NE_0001";"NE_0001";"NE_0001";"NE_0001";"NE_0001";"NE_0001"
"2023";"11";"061001";"CAJAMARCA";"SAN MARCOS";"PEDRO GALVEZ";"ESSALUD";"I-2";"00010275";"POSTA MEDICA DE SAN MARCOS";"NE_0001";"";"NE_0001";"NE_0001";"NE_0001";"NE_0001";"NE_0001";"NE_0001";"NE_0001"
"2023";"11";"130705";"LA LIBERTAD";"PACASMAYO";"SAN JOSE";"GOBIERNO REGIONAL";"I-3";"00005297";"SAN JOSE";"NE_0001";"";"NE_0001";"NE_0001";"NE_0001";"NE_0001";"NE_0001";"NE_0001";"NE_0001"
"2023";"11";"120808";"JUNIN";"YAULI";"SANTA ROSA DE SACCO";"GOBIERNO REGIONAL";"I-3";"00000566";"SANTA ROSA DE SACCO";"NE_0001";"";"NE_0001";"NE_0001";"NE_0001";"NE_0001";"NE_0001";"NE_0001";"NE_0001"
"2023";"11";"120801";"JUNIN";"YAULI";"LA OROYA";"GOBIERNO REGIONAL";"I-4";"00000559";"LA OROYA";"NE_0001";"";"NE_0001";"NE_0001";"NE_0001";"NE_0001";"NE_0001";"NE_0001";"NE_0001"
"2023";"11";"120801";"JUNIN";"YAULI";"LA OROYA";"GOBIERNO REGIONAL";"I-2";"00000560";"HUAYNACANCHA";"NE_0001";"";"NE_0001";"NE_0001";"NE_0001";"NE_0001";"NE_0001";"NE_0001";"NE_0001"
"2023";"11";"120804";"JUNIN";"YAULI";"MARCAPOMACOCHA";"GOBIERNO REGIONAL";"I-1";"00000562";"SAN FRANCISCO DE YANTAC";"NE_0001";"";"NE_0001";"NE_0001";"NE_0001";"NE_0001";"NE_0001";"NE_0001";"NE_0001"
"2023";"11";"120810";"JUNIN";"YAULI";"YAULI";"GOBIERNO REGIONAL";"I-2";"00000567";"YAULI - LA OROYA";"NE_0001";"";"NE_0001";"NE_0001";"NE_0001";"NE_0001";"NE_0001";"NE_0001";"NE_0001"
"2023";"11";"120808";"JUNIN";"YAULI";"SANTA ROSA DE SACCO";"GOBIERNO REGIONAL";"I-1";"00021449";"JUAN PABLO II";"NE_0001";"";"NE_0001";"NE_0001";"NE_0001";"NE_0001";"NE_0001";"NE_0001";"NE_0001"
"2023";"11";"120802";"JUNIN";"YAULI";"CHACAPALPA";"GOBIERNO REGIONAL";"I-1";"00000429";"CHACAPALPA";"NE_0001";"";"NE_0001";"NE_0001";"NE_0001";"NE_0001";"NE_0001";"NE_0001";"NE_0001"
"2023";"11";"120806";"JUNIN";"YAULI";"PACCHA";"GOBIERNO REGIONAL";"I-2";"00000564";"PACCHA - LA OROYA";"NE_0001";"";"NE_0001";"NE_0001";"NE_0001";"NE_0001";"NE_0001";"NE_0001";"NE_0001"
"2023";"11";"120101";"JUNIN";"HUANCAYO";"HUANCAYO";"PRIVADO";"II-E";"00024425";"CLÍNICA MEDICA SALAZAR";"241800";"HOSPITALIZACIÓN DE MEDICINA MEDICINA GENERAL ";"31";"30";"63";"279";"10";"310";"0"
"2023";"11";"180106";"MOQUEGUA";"MARISCAL NIETO";"TORATA";"ESSALUD";"I-3";"00016151";"CENTRO DE ATENCION PRIMARIA II TORATA";"NE_0001";"";"NE_0001";"NE_0001";"NE_0001";"NE_0001";"NE_0001";"NE_0001";"NE_0001"
"2023";"11";"060614";"CAJAMARCA";"CUTERVO";"SOCOTA";"GOBIERNO REGIONAL";"I-1";"00005043";"LAGUNA SHITA";"NE_0001";"";"NE_0001";"NE_0001";"NE_0001";"NE_0001";"NE_0001";"NE_0001";"NE_0001"
"2023";"11";"060614";"CAJAMARCA";"CUTERVO";"SOCOTA";"GOBIERNO REGIONAL";"I-1";"00011061";"NUEVO ORIENTE DE SOCOTA";"NE_0001";"";"NE_0001";"NE_0001";"NE_0001";"NE_0001";"NE_0001";"NE_0001";"NE_0001"
"2023";"11";"150101";"LIMA";"LIMA";"LIMA";"MINSA";"III-2";"00006208";"INSTITUTO NACIONAL MATERNO PERINATAL";"241400";"HOSPITALIZACIÓN QUIRÚRGICA GINECO - OBSTETRICIA ";"1310";"1190";"4435";"4638";"189";"5670";"0"
"2023";"11";"150101";"LIMA";"LIMA";"LIMA";"MINSA";"III-2";"00006208";"INSTITUTO NACIONAL MATERNO PERINATAL";"241500";"HOSPITALIZACIÓN QUIRÚRGICA GINECOLOGÍA  ";"19";"98";"430";"447";"19";"570";"0"
"2023";"11";"150101";"LIMA";"LIMA";"LIMA";"MINSA";"III-2";"00006208";"INSTITUTO NACIONAL MATERNO PERINATAL";"250102";"UNIDAD DE CUIDADOS CRITICOS UNIDAD  DE CUIDADOS INTENSIVOS GENERALES (UCI) GINECO-OBSTETRICIA";"48";"43";"171";"211";"9";"270";"0"
"2023";"11";"150101";"LIMA";"LIMA";"LIMA";"MINSA";"III-2";"00006208";"INSTITUTO NACIONAL MATERNO PERINATAL";"250105";"UNIDAD DE CUIDADOS CRITICOS UNIDAD  DE CUIDADOS INTENSIVOS  (UCI) NEONATOLOGÍA";"59";"53";"829";"888";"30";"900";"14"
"2023";"11";"150101";"LIMA";"LIMA";"LIMA";"MINSA";"III-2";"00006208";"INSTITUTO NACIONAL MATERNO PERINATAL";"243200";"HOSPITALIZACIÓN DE PEDIATRÍA PEDIATRIA NEONATOLOGÍA";"249";"211";"2301";"2490";"85";"2550";"5"
"2023";"11";"070104";"CALLAO";"CALLAO";"LA PERLA";"GOBIERNO REGIONAL";"I-2";"00006251";"PUESTO DE SALUD  LA PERLA";"NE_0001";"";"NE_0001";"NE_0001";"NE_0001";"NE_0001";"NE_0001";"NE_0001";"NE_0001"
"2023";"11";"070102";"CALLAO";"CALLAO";"BELLAVISTA";"GOBIERNO REGIONAL";"I-2";"00031271";"CENTRO DE SALUD MENTAL COMUNITARIO UNIVERSITARIO CALLAO";"NE_0001";"";"NE_0001";"NE_0001";"NE_0001";"NE_0001";"NE_0001";"NE_0001";"NE_0001"
"2023";"11";"070104";"CALLAO";"CALLAO";"LA PERLA";"GOBIERNO REGIONAL";"I-2";"00026983";"CENTRO DE SALUD MENTAL COMUNITARIO LA PERLA";"NE_0001";"";"NE_0001";"NE_0001";"NE_0001";"NE_0001";"NE_0001";"NE_0001";"NE_0001"
"2023";"11";"070103";"CALLAO";"CALLAO";"CARMEN DE LA LEGUA-REYNOSO";"GOBIERNO REGIONAL";"I-2";"00029132";"Centro de Salud Mental Comunitario ""Carmen de la Legua - Reynoso""";"NE_0001";"";"NE_0001";"NE_0001";"NE_0001";"NE_0001";"NE_0001";"NE_0001";"NE_0001"
"2023";"11";"070103";"CALLAO";"CALLAO";"CARMEN DE LA LEGUA-REYNOSO";"GOBIERNO REGIONAL";"I-2";"00006253";"PUESTO DE SALUD VILLA SEÑOR. DE LOS MILAGROS";"NE_0001";"";"NE_0001";"NE_0001";"NE_0001";"NE_0001";"NE_0001";"NE_0001";"NE_0001"
"2023";"11";"080602";"CUSCO";"CANCHIS";"CHECACUPE";"GOBIERNO REGIONAL";"I-2";"00002385";"CHECACUPE";"NE_0001";"";"NE_0001";"NE_0001";"NE_0001";"NE_0001";"NE_0001";"NE_0001";"NE_0001"
"2023";"11";"080608";"CUSCO";"CANCHIS";"TINTA";"GOBIERNO REGIONAL";"I-3";"00002397";"TINTA";"NE_0001";"";"NE_0001";"NE_0001";"NE_0001";"NE_0001";"NE_0001";"NE_0001";"NE_0001"
"2023";"11";"080204";"CUSCO";"ACOMAYO";"MOSOC LLACTA";"GOBIERNO REGIONAL";"I-2";"00002320";"MOSOCLLACTA";"NE_0001";"";"NE_0001";"NE_0001";"NE_0001";"NE_0001";"NE_0001";"NE_0001";"NE_0001"
"2023";"11";"080605";"CUSCO";"CANCHIS";"PITUMARCA";"GOBIERNO REGIONAL";"I-3";"00002392";"PITUMARCA";"NE_0001";"";"NE_0001";"NE_0001";"NE_0001";"NE_0001";"NE_0001";"NE_0001";"NE_0001"
"2023";"11";"080603";"CUSCO";"CANCHIS";"COMBAPATA";"GOBIERNO REGIONAL";"I-4";"00002386";"COMBAPATA CANCHIS";"NE_0001";"";"NE_0001";"NE_0001";"NE_0001";"NE_0001";"NE_0001";"NE_0001";"NE_0001"
"2023";"11";"080603";"CUSCO";"CANCHIS";"COMBAPATA";"GOBIERNO REGIONAL";"I-2";"00002387";"CHIARA";"NE_0001";"";"NE_0001";"NE_0001";"NE_0001";"NE_0001";"NE_0001";"NE_0001";"NE_0001"
"2023";"11";"150141";"LIMA";"LIMA";"SURQUILLO";"PRIVADO";"II-E";"00012206";"DETECTA CLINICA";"240000";"HOSPITALIZACIÓN";"218";"234";"439";"202";"18";"330";"5"
"2023";"11";"120808";"JUNIN";"YAULI";"SANTA ROSA DE SACCO";"ESSALUD";"II-1";"00008653";"HOSPITAL II ALBERTO HURTADO ABADIA";"241800";"HOSPITALIZACIÓN DE MEDICINA MEDICINA GENERAL ";"48";"47";"231";"218";"12";"360";"0"
"2023";"11";"120808";"JUNIN";"YAULI";"SANTA ROSA DE SACCO";"ESSALUD";"II-1";"00008653";"HOSPITAL II ALBERTO HURTADO ABADIA";"240100";"HOSPITALIZACIÓN QUIRÚRGICA CIRUGÍA GENERAL ";"36";"37";"134";"125";"8";"240";"0"
"2023";"11";"120808";"JUNIN";"YAULI";"SANTA ROSA DE SACCO";"ESSALUD";"II-1";"00008653";"HOSPITAL II ALBERTO HURTADO ABADIA";"241200";"HOSPITALIZACIÓN QUIRÚRGICA TRAUMATOLOGÍA Y ORTOPEDIA ";"36";"35";"165";"170";"8";"240";"0"
"2023";"11";"120808";"JUNIN";"YAULI";"SANTA ROSA DE SACCO";"ESSALUD";"II-1";"00008653";"HOSPITAL II ALBERTO HURTADO ABADIA";"241500";"HOSPITALIZACIÓN QUIRÚRGICA GINECOLOGÍA  ";"8";"10";"19";"18";"2";"60";"0"
"2023";"11";"120808";"JUNIN";"YAULI";"SANTA ROSA DE SACCO";"ESSALUD";"II-1";"00008653";"HOSPITAL II ALBERTO HURTADO ABADIA";"241600";"HOSPITALIZACIÓN QUIRÚRGICA OBSTETRICIA   ";"23";"24";"57";"55";"5";"150";"0"
"2023";"11";"120808";"JUNIN";"YAULI";"SANTA ROSA DE SACCO";"ESSALUD";"II-1";"00008653";"HOSPITAL II ALBERTO HURTADO ABADIA";"242300";"HOSPITALIZACIÓN DE PEDIATRÍA  PEDIATRÍA  GENERAL ";"29";"29";"66";"86";"5";"150";"0"
"2023";"11";"120808";"JUNIN";"YAULI";"SANTA ROSA DE SACCO";"ESSALUD";"II-1";"00008653";"HOSPITAL II ALBERTO HURTADO ABADIA";"250304";"HOSPIT. EN UNIDAD DE CUID.INTEN.-UNIDAD DE VIGILANCIA INTENSIVA (UVI)-MEDICINA";"12";"11";"56";"57";"4";"150";"3"
"2023";"11";"220202";"SAN MARTIN";"BELLAVISTA";"ALTO BIAVO";"GOBIERNO REGIONAL";"I-1";"00006528";"NUEVA ARICA";"NE_0001";"";"NE_0001";"NE_0001";"NE_0001";"NE_0001";"NE_0001";"NE_0001";"NE_0001"
"2023";"11";"220202";"SAN MARTIN";"BELLAVISTA";"ALTO BIAVO";"GOBIERNO REGIONAL";"I-1";"00006525";"CUZCO";"NE_0001";"";"NE_0001";"NE_0001";"NE_0001";"NE_0001";"NE_0001";"NE_0001";"NE_0001"
"2023";"11";"220202";"SAN MARTIN";"BELLAVISTA";"ALTO BIAVO";"GOBIERNO REGIONAL";"I-2";"00006524";"BARRANCA";"NE_0001";"";"NE_0001";"NE_0001";"NE_0001";"NE_0001";"NE_0001";"NE_0001";"NE_0001"
"2023";"10";"120202";"JUNIN";"CONCEPCION";"ACO";"GOBIERNO REGIONAL";"I-1";"00000746";"QUICHA CHICO";"NE_0001";"";"NE_0001";"NE_0001";"NE_0001";"NE_0001";"NE_0001";"NE_0001";"NE_0001"
"2023";"10";"120211";"JUNIN";"CONCEPCION";"MITO";"GOBIERNO REGIONAL";"I-1";"00000748";"MITO";"NE_0001";"";"NE_0001";"NE_0001";"NE_0001";"NE_0001";"NE_0001";"NE_0001";"NE_0001"
"2023";"10";"120213";"JUNIN";"CONCEPCION";"ORCOTUNA";"GOBIERNO REGIONAL";"I-3";"00000751";"ORCOTUNA";"NE_0001";"";"NE_0001";"NE_0001";"NE_0001";"NE_0001";"NE_0001";"NE_0001";"NE_0001"
"2023";"10";"120122";"JUNIN";"HUANCAYO";"INGENIO";"GOBIERNO REGIONAL";"I-2";"00000663";"INGENIO";"NE_0001";"";"NE_0001";"NE_0001";"NE_0001";"NE_0001";"NE_0001";"NE_0001";"NE_0001"
"2023";"11";"150136";"LIMA";"LIMA";"SAN MIGUEL";"PRIVADO";"II-E";"00020976";"VISUAL CENTER CLINICA DE OJOS";"NE_0001";"";"NE_0001";"NE_0001";"NE_0001";"NE_0001";"NE_0001";"NE_0001";"NE_0001"
"2023";"11";"090207";"HUANCAVELICA";"ACOBAMBA";"POMACOCHA";"GOBIERNO REGIONAL";"I-2";"00003923";"PUESTO DE SALUD POMACOCHA";"NE_0001";"";"NE_0001";"NE_0001";"NE_0001";"NE_0001";"NE_0001";"NE_0001";"NE_0001"
"2023";"11";"090207";"HUANCAVELICA";"ACOBAMBA";"POMACOCHA";"GOBIERNO REGIONAL";"I-1";"00009698";"PUESTO DE SALUD INCAPACCHAN";"NE_0001";"";"NE_0001";"NE_0001";"NE_0001";"NE_0001";"NE_0001";"NE_0001";"NE_0001"
"2023";"11";"090201";"HUANCAVELICA";"ACOBAMBA";"ACOBAMBA";"GOBIERNO REGIONAL";"I-1";"00003922";"PUESTO DE SALUD CCARABAMBA";"NE_0001";"";"NE_0001";"NE_0001";"NE_0001";"NE_0001";"NE_0001";"NE_0001";"NE_0001"
"2023";"11";"090201";"HUANCAVELICA";"ACOBAMBA";"ACOBAMBA";"GOBIERNO REGIONAL";"I-2";"00003918";"PUESTO DE SALUD CURIMARAY";"NE_0001";"";"NE_0001";"NE_0001";"NE_0001";"NE_0001";"NE_0001";"NE_0001";"NE_0001"
"2023";"11";"090201";"HUANCAVELICA";"ACOBAMBA";"ACOBAMBA";"GOBIERNO REGIONAL";"I-1";"00009502";"PUESTO DE SALUD TRES DE OCTUBRE";"NE_0001";"";"NE_0001";"NE_0001";"NE_0001";"NE_0001";"NE_0001";"NE_0001";"NE_0001"
"2023";"11";"090207";"HUANCAVELICA";"ACOBAMBA";"POMACOCHA";"GOBIERNO REGIONAL";"I-1";"00009707";"PUESTO DE SALUD AYAHUASAN";"NE_0001";"";"NE_0001";"NE_0001";"NE_0001";"NE_0001";"NE_0001";"NE_0001";"NE_0001"
"2023";"11";"090201";"HUANCAVELICA";"ACOBAMBA";"ACOBAMBA";"GOBIERNO REGIONAL";"I-1";"00003920";"PUESTO DE SALUD DE CCARHUACC";"NE_0001";"";"NE_0001";"NE_0001";"NE_0001";"NE_0001";"NE_0001";"NE_0001";"NE_0001"
"2023";"11";"090207";"HUANCAVELICA";"ACOBAMBA";"POMACOCHA";"GOBIERNO REGIONAL";"I-3";"00003924";"CENTRO DE SALUD CHOCLOCOCHA";"NE_0001";"";"NE_0001";"NE_0001";"NE_0001";"NE_0001";"NE_0001";"NE_0001";"NE_0001"
"2023";"11";"090201";"HUANCAVELICA";"ACOBAMBA";"ACOBAMBA";"GOBIERNO REGIONAL";"I-1";"00003921";"PUESTO DE SALUD DE VILLA RICA";"NE_0001";"";"NE_0001";"NE_0001";"NE_0001";"NE_0001";"NE_0001";"NE_0001";"NE_0001"
"2023";"11";"090207";"HUANCAVELICA";"ACOBAMBA";"POMACOCHA";"GOBIERNO REGIONAL";"I-1";"00003925";"PUESTO DE SALUD YANACCOCHA";"NE_0001";"";"NE_0001";"NE_0001";"NE_0001";"NE_0001";"NE_0001";"NE_0001";"NE_0001"
"2023";"11";"090201";"HUANCAVELICA";"ACOBAMBA";"ACOBAMBA";"GOBIERNO REGIONAL";"I-1";"00003919";"PUESTO DE SALUD POMAVILCA";"NE_0001";"";"NE_0001";"NE_0001";"NE_0001";"NE_0001";"NE_0001";"NE_0001";"NE_0001"
"2023";"11";"150131";"LIMA";"LIMA";"SAN ISIDRO";"PRIVADO";"II-E";"00016397";"CLINICA ESPECIALIZADA EN CIRUGIA PLASTICA - DR. LUIS VIZCARRA / CIRUESTHETIC";"240800";"HOSPITALIZACIÓN QUIRÚRGICA CIRUGÍA PLÁSTICA/RECONSTRUCTIVA/ REPARADORA ";"4";"4";"0";"1";"2";"40";"0"
"2023";"11";"230101";"TACNA";"TACNA";"TACNA";"SANIDAD DE LA POLICIA NACIONAL DEL PERU";"I-3";"00011528";"POLICLINICO POLICIAL TACNA";"NE_0001";"";"NE_0001";"NE_0001";"NE_0001";"NE_0001";"NE_0001";"NE_0001";"NE_0001"
"2023";"11";"061101";"CAJAMARCA";"SAN MIGUEL";"SAN MIGUEL";"ESSALUD";"I-2";"00010273";"POSTA MEDICA ESSALUD SAN MIGUEL";"NE_0001";"";"NE_0001";"NE_0001";"NE_0001";"NE_0001";"NE_0001";"NE_0001";"NE_0001"
"2023";"11";"200104";"PIURA";"PIURA";"CASTILLA";"SANIDAD DE LA POLICIA NACIONAL DEL PERU";"I-3";"00010679";"POLICLINICO PNP ""ALMIRANTE MIGUEL GRAU""";"NE_0002";"";"NE_0002";"NE_0002";"NE_0002";"NE_0002";"NE_0002";"NE_0002";"NE_0002"
"2023";"11";"030601";"APURIMAC";"CHINCHEROS";"CHINCHEROS";"SANIDAD DE LA POLICIA NACIONAL DEL PERU";"I-2";"00011894";"POSTA MÉDICA SANIDAD CHINCHEROS";"NE_0001";"";"NE_0001";"NE_0001";"NE_0001";"NE_0001";"NE_0001";"NE_0001";"NE_0001"
"2023";"11";"200301";"PIURA";"HUANCABAMBA";"HUANCABAMBA";"SANIDAD DE LA POLICIA NACIONAL DEL PERU";"I-1";"00010680";"PUESTO SANITARIO PNP HUANCABAMBA";"NE_0002";"";"NE_0002";"NE_0002";"NE_0002";"NE_0002";"NE_0002";"NE_0002";"NE_0002"
"2023";"11";"150510";"LIMA";"CAÑETE";"NUEVO IMPERIAL";"SANIDAD DE LA POLICIA NACIONAL DEL PERU";"I-3";"00017849";"POLICLINICO POLICIAL CAÑETE";"NE_0001";"";"NE_0001";"NE_0001";"NE_0001";"NE_0001";"NE_0001";"NE_0001";"NE_0001"
"2023";"11";"021603";"ANCASH";"POMABAMBA";"PAROBAMBA";"GOBIERNO REGIONAL";"I-1";"00001779";"PUESTO DE SALUD CAJAS";"NE_0002";"";"NE_0002";"NE_0002";"NE_0002";"NE_0002";"NE_0002";"NE_0002";"NE_0002"
"2023";"11";"051005";"AYACUCHO";"VICTOR FAJARDO";"CANARIA";"GOBIERNO REGIONAL";"I-1";"00003825";"PUESTO DE SALUD RACCAYA";"NE_0001";"";"NE_0001";"NE_0001";"NE_0001";"NE_0001";"NE_0001";"NE_0001";"NE_0001"
"2023";"11";"051005";"AYACUCHO";"VICTOR FAJARDO";"CANARIA";"GOBIERNO REGIONAL";"I-1";"00003827";"PUESTO DE SALUD UMASI";"NE_0001";"";"NE_0001";"NE_0001";"NE_0001";"NE_0001";"NE_0001";"NE_0001";"NE_0001"
"2023";"11";"051009";"AYACUCHO";"VICTOR FAJARDO";"HUANCARAYLLA";"GOBIERNO REGIONAL";"I-1";"00003837";"PUESTO DE SALUD CIRCAMARCA";"NE_0001";"";"NE_0001";"NE_0001";"NE_0001";"NE_0001";"NE_0001";"NE_0001";"NE_0001"
"2023";"11";"050101";"AYACUCHO";"HUAMANGA";"AYACUCHO";"PRIVADO";"II-1";"00008154";"CLINICA EL NAZARENO";"241100";"HOSPITALIZACIÓN QUIRÚRGICA OTORRINOLARINGOLOGÍA  ";"2";"2";"1";"1";"1";"126";"0"
"2023";"11";"050101";"AYACUCHO";"HUAMANGA";"AYACUCHO";"PRIVADO";"II-1";"00008154";"CLINICA EL NAZARENO";"241200";"HOSPITALIZACIÓN QUIRÚRGICA TRAUMATOLOGÍA Y ORTOPEDIA ";"1";"1";"4";"4";"1";"96";"0"
"2023";"11";"050101";"AYACUCHO";"HUAMANGA";"AYACUCHO";"PRIVADO";"II-1";"00008154";"CLINICA EL NAZARENO";"240100";"HOSPITALIZACIÓN QUIRÚRGICA CIRUGÍA GENERAL ";"1";"1";"1";"1";"1";"126";"0"
"2023";"11";"050101";"AYACUCHO";"HUAMANGA";"AYACUCHO";"PRIVADO";"II-1";"00008154";"CLINICA EL NAZARENO";"241800";"HOSPITALIZACIÓN DE MEDICINA MEDICINA GENERAL ";"1";"1";"4";"4";"1";"96";"0"
"2023";"11";"010701";"AMAZONAS";"UTCUBAMBA";"BAGUA GRANDE";"GOBIERNO REGIONAL";"II-1";"00005125";"HOSPITAL  SANTIAGO APOSTOL DE UTCUBAMBA";"240100";"HOSPITALIZACIÓN QUIRÚRGICA CIRUGÍA GENERAL ";"58";"61";"56";"175";"7";"217";"0"
"2023";"11";"010701";"AMAZONAS";"UTCUBAMBA";"BAGUA GRANDE";"GOBIERNO REGIONAL";"II-1";"00005125";"HOSPITAL  SANTIAGO APOSTOL DE UTCUBAMBA";"241200";"HOSPITALIZACIÓN QUIRÚRGICA TRAUMATOLOGÍA Y ORTOPEDIA ";"19";"20";"18";"46";"4";"124";"0"
"2023";"11";"010701";"AMAZONAS";"UTCUBAMBA";"BAGUA GRANDE";"GOBIERNO REGIONAL";"II-1";"00005125";"HOSPITAL  SANTIAGO APOSTOL DE UTCUBAMBA";"241400";"HOSPITALIZACIÓN QUIRÚRGICA GINECO - OBSTETRICIA ";"25";"27";"25";"36";"2";"62";"0"
"2023";"11";"010701";"AMAZONAS";"UTCUBAMBA";"BAGUA GRANDE";"GOBIERNO REGIONAL";"II-1";"00005125";"HOSPITAL  SANTIAGO APOSTOL DE UTCUBAMBA";"241600";"HOSPITALIZACIÓN QUIRÚRGICA OBSTETRICIA   ";"143";"147";"139";"232";"17";"527";"0"
"2023";"11";"010701";"AMAZONAS";"UTCUBAMBA";"BAGUA GRANDE";"GOBIERNO REGIONAL";"II-1";"00005125";"HOSPITAL  SANTIAGO APOSTOL DE UTCUBAMBA";"241800";"HOSPITALIZACIÓN DE MEDICINA MEDICINA GENERAL ";"30";"32";"29";"138";"9";"279";"3"
"2023";"11";"010701";"AMAZONAS";"UTCUBAMBA";"BAGUA GRANDE";"GOBIERNO REGIONAL";"II-1";"00005125";"HOSPITAL  SANTIAGO APOSTOL DE UTCUBAMBA";"242500";"HOSPITALIZACIÓN-PEDIATRÍA GENERAL-";"28";"31";"27";"71";"5";"155";"2"
"2023";"11";"010701";"AMAZONAS";"UTCUBAMBA";"BAGUA GRANDE";"GOBIERNO REGIONAL";"II-1";"00005125";"HOSPITAL  SANTIAGO APOSTOL DE UTCUBAMBA";"243200";"HOSPITALIZACIÓN DE PEDIATRÍA PEDIATRIA NEONATOLOGÍA";"22";"22";"21";"41";"6";"186";"0"
"2023";"11";"010701";"AMAZONAS";"UTCUBAMBA";"BAGUA GRANDE";"GOBIERNO REGIONAL";"II-1";"00005125";"HOSPITAL  SANTIAGO APOSTOL DE UTCUBAMBA";"250304";"HOSPIT. EN UNIDAD DE CUID.INTEN.-UNIDAD DE VIGILANCIA INTENSIVA (UVI)-MEDICINA";"7";"9";"7";"44";"3";"93";"0"
"2023";"11";"060201";"CAJAMARCA";"CAJABAMBA";"CAJABAMBA";"GOBIERNO REGIONAL";"II-1";"00004511";"DE APOYO CAJABAMBA";"240100";"HOSPITALIZACIÓN QUIRÚRGICA CIRUGÍA GENERAL ";"14";"15";"43";"43";"4";"120";"0"
"2023";"11";"060201";"CAJAMARCA";"CAJABAMBA";"CAJABAMBA";"GOBIERNO REGIONAL";"II-1";"00004511";"DE APOYO CAJABAMBA";"241400";"HOSPITALIZACIÓN QUIRÚRGICA GINECO - OBSTETRICIA ";"120";"130";"316";"283";"14";"420";"0"
"2023";"11";"060201";"CAJAMARCA";"CAJABAMBA";"CAJABAMBA";"GOBIERNO REGIONAL";"II-1";"00004511";"DE APOYO CAJABAMBA";"241800";"HOSPITALIZACIÓN DE MEDICINA MEDICINA GENERAL ";"28";"35";"131";"108";"6";"180";"2"
"2023";"11";"060201";"CAJAMARCA";"CAJABAMBA";"CAJABAMBA";"GOBIERNO REGIONAL";"II-1";"00004511";"DE APOYO CAJABAMBA";"242500";"HOSPITALIZACIÓN-PEDIATRÍA GENERAL-";"20";"21";"49";"44";"6";"180";"1"
"2023";"10";"150143";"LIMA";"LIMA";"VILLA MARIA DEL TRIUNFO";"PRIVADO";"II-1";"00017824";"CLINICA MARIA HUARHUA E.I.R.L";"241600";"HOSPITALIZACIÓN QUIRÚRGICA OBSTETRICIA   ";"4";"4";"8";"8";"10";"12";"0"
"2023";"11";"120303";"JUNIN";"CHANCHAMAYO";"PICHANAQUI";"GOBIERNO REGIONAL";"I-3";"00000344";"LAS PALMAS";"NE_0001";"";"NE_0001";"NE_0001";"NE_0001";"NE_0001";"NE_0001";"NE_0001";"NE_0001"
"2023";"11";"120303";"JUNIN";"CHANCHAMAYO";"PICHANAQUI";"GOBIERNO REGIONAL";"I-2";"00007361";"COLONIA HUANCA";"NE_0001";"";"NE_0001";"NE_0001";"NE_0001";"NE_0001";"NE_0001";"NE_0001";"NE_0001"
"2023";"11";"040126";"AREQUIPA";"AREQUIPA";"YANAHUARA";"PRIVADO";"II-E";"00021966";"CLINICA ALIVIARI";"NE_0001";"";"NE_0001";"NE_0001";"NE_0001";"NE_0001";"NE_0001";"NE_0001";"NE_0001"
"2023";"11";"130704";"LA LIBERTAD";"PACASMAYO";"PACASMAYO";"GOBIERNO REGIONAL";"II-1";"00005296";"HOSPITAL DISTRITAL DE PACASMAYO";"241800";"HOSPITALIZACIÓN DE MEDICINA MEDICINA GENERAL ";"16";"14";"68";"87";"4";"120";"0"
"2023";"11";"130704";"LA LIBERTAD";"PACASMAYO";"PACASMAYO";"GOBIERNO REGIONAL";"II-1";"00005296";"HOSPITAL DISTRITAL DE PACASMAYO";"240100";"HOSPITALIZACIÓN QUIRÚRGICA CIRUGÍA GENERAL ";"NE_0002";"NE_0002";"NE_0002";"NE_0002";"4";"120";"0"
"2023";"11";"130704";"LA LIBERTAD";"PACASMAYO";"PACASMAYO";"GOBIERNO REGIONAL";"II-1";"00005296";"HOSPITAL DISTRITAL DE PACASMAYO";"242300";"HOSPITALIZACIÓN DE PEDIATRÍA  PEDIATRÍA  GENERAL ";"4";"3";"8";"10";"4";"120";"0"
"2023";"11";"130704";"LA LIBERTAD";"PACASMAYO";"PACASMAYO";"GOBIERNO REGIONAL";"II-1";"00005296";"HOSPITAL DISTRITAL DE PACASMAYO";"241600";"HOSPITALIZACIÓN QUIRÚRGICA OBSTETRICIA   ";"22";"20";"47";"51";"4";"120";"0"
"2023";"11";"130704";"LA LIBERTAD";"PACASMAYO";"PACASMAYO";"GOBIERNO REGIONAL";"II-1";"00005296";"HOSPITAL DISTRITAL DE PACASMAYO";"241500";"HOSPITALIZACIÓN QUIRÚRGICA GINECOLOGÍA  ";"7";"7";"15";"15";"4";"120";"0"
"2023";"11";"040101";"AREQUIPA";"AREQUIPA";"AREQUIPA";"GOBIERNO REGIONAL";"III-1";"00001232";"HOSPITAL GOYENECHE";"241900";"HOSPITALIZACIÓN DE MEDICINA MEDICINA INTERNA ";"85";"98";"1113";"1129";"53";"1590";"11"
"2023";"11";"040101";"AREQUIPA";"AREQUIPA";"AREQUIPA";"GOBIERNO REGIONAL";"III-1";"00001232";"HOSPITAL GOYENECHE";"240100";"HOSPITALIZACIÓN QUIRÚRGICA CIRUGÍA GENERAL ";"131";"149";"1032";"700";"24";"720";"2"
"2023";"11";"040101";"AREQUIPA";"AREQUIPA";"AREQUIPA";"GOBIERNO REGIONAL";"III-1";"00001232";"HOSPITAL GOYENECHE";"240000";"HOSPITALIZACIÓN";"60";"58";"774";"737";"30";"900";"0"
"2023";"11";"040101";"AREQUIPA";"AREQUIPA";"AREQUIPA";"GOBIERNO REGIONAL";"III-1";"00001232";"HOSPITAL GOYENECHE";"242100";"HOSPITALIZACIÓN DE MEDICINA ONCOLOGÍA MÉDICA ";"58";"55";"209";"226";"10";"300";"0"
"2023";"11";"040101";"AREQUIPA";"AREQUIPA";"AREQUIPA";"GOBIERNO REGIONAL";"III-1";"00001232";"HOSPITAL GOYENECHE";"242500";"HOSPITALIZACIÓN-PEDIATRÍA GENERAL-";"60";"57";"214";"219";"23";"690";"0"
"2023";"11";"040101";"AREQUIPA";"AREQUIPA";"AREQUIPA";"GOBIERNO REGIONAL";"III-1";"00001232";"HOSPITAL GOYENECHE";"240700";"HOSPITALIZACIÓN QUIRÚRGICA CIRUGÍA PEDIÁTRICA ";"25";"25";"107";"114";"7";"210";"0"
"2023";"11";"040101";"AREQUIPA";"AREQUIPA";"AREQUIPA";"GOBIERNO REGIONAL";"III-1";"00001232";"HOSPITAL GOYENECHE";"243200";"HOSPITALIZACIÓN DE PEDIATRÍA PEDIATRIA NEONATOLOGÍA";"101";"105";"341";"385";"15";"450";"0"
"2023";"11";"040101";"AREQUIPA";"AREQUIPA";"AREQUIPA";"GOBIERNO REGIONAL";"III-1";"00001232";"HOSPITAL GOYENECHE";"241500";"HOSPITALIZACIÓN QUIRÚRGICA GINECOLOGÍA  ";"119";"108";"267";"277";"22";"660";"0"
"2023";"11";"040101";"AREQUIPA";"AREQUIPA";"AREQUIPA";"GOBIERNO REGIONAL";"III-1";"00001232";"HOSPITAL GOYENECHE";"241600";"HOSPITALIZACIÓN QUIRÚRGICA OBSTETRICIA   ";"208";"208";"627";"533";"32";"960";"0"
"2023";"11";"040101";"AREQUIPA";"AREQUIPA";"AREQUIPA";"GOBIERNO REGIONAL";"III-1";"00001232";"HOSPITAL GOYENECHE";"250100";"UNIDAD DE CUIDADOS CRITICOS UNIDAD  DE CUIDADOS INTENSIVOS GENERALES (UCI) ";"2";"1";"26";"172";"6";"180";"1"
"2023";"11";"040101";"AREQUIPA";"AREQUIPA";"AREQUIPA";"GOBIERNO REGIONAL";"III-1";"00001232";"HOSPITAL GOYENECHE";"250105";"UNIDAD DE CUIDADOS CRITICOS UNIDAD  DE CUIDADOS INTENSIVOS  (UCI) NEONATOLOGÍA";"8";"2";"22";"114";"6";"180";"2"
"2023";"11";"150130";"LIMA";"LIMA";"SAN BORJA";"PRIVADO";"II-E";"00017634";"CLINICA ONCOSALUD";"240000";"HOSPITALIZACIÓN";"324";"322";"2894";"1710";"69";"2070";"16"
"2023";"11";"100102";"HUANUCO";"HUANUCO";"AMARILIS";"GOBIERNO REGIONAL";"II-E";"00000756";"HOSPITAL MATERNO INFANTIL CARLOS SHOWING FERRARI";"241400";"HOSPITALIZACIÓN QUIRÚRGICA GINECO - OBSTETRICIA ";"184";"194";"488";"682";"25";"750";"0"
"2023";"11";"100102";"HUANUCO";"HUANUCO";"AMARILIS";"GOBIERNO REGIONAL";"II-E";"00000756";"HOSPITAL MATERNO INFANTIL CARLOS SHOWING FERRARI";"242500";"HOSPITALIZACIÓN-PEDIATRÍA GENERAL-";"28";"35";"152";"187";"11";"330";"0"
"2023";"11";"100102";"HUANUCO";"HUANUCO";"AMARILIS";"GOBIERNO REGIONAL";"II-E";"00000756";"HOSPITAL MATERNO INFANTIL CARLOS SHOWING FERRARI";"243200";"HOSPITALIZACIÓN DE PEDIATRÍA PEDIATRIA NEONATOLOGÍA";"30";"34";"118";"152";"11";"330";"0"
"2023";"11";"140101";"LAMBAYEQUE";"CHICLAYO";"CHICLAYO";"PRIVADO";"II-E";"00012457";"CLINICA PROVIDA";"240800";"HOSPITALIZACIÓN QUIRÚRGICA CIRUGÍA PLÁSTICA/RECONSTRUCTIVA/ REPARADORA ";"20";"20";"26";"28";"2";"60";"0"
"2023";"11";"140101";"LAMBAYEQUE";"CHICLAYO";"CHICLAYO";"PRIVADO";"II-E";"00012457";"CLINICA PROVIDA";"240400";"HOSPITALIZACIÓN QUIRÚRGICA CIRUGÍA DE TÓRAX Y CARDIOVASCULAR ";"4";"4";"45";"4";"1";"30";"0"
"2023";"11";"140101";"LAMBAYEQUE";"CHICLAYO";"CHICLAYO";"PRIVADO";"II-E";"00012457";"CLINICA PROVIDA";"240100";"HOSPITALIZACIÓN QUIRÚRGICA CIRUGÍA GENERAL ";"41";"40";"51";"41";"2";"60";"0"
"2023";"11";"140101";"LAMBAYEQUE";"CHICLAYO";"CHICLAYO";"PRIVADO";"II-E";"00012457";"CLINICA PROVIDA";"241200";"HOSPITALIZACIÓN QUIRÚRGICA TRAUMATOLOGÍA Y ORTOPEDIA ";"57";"57";"259";"57";"3";"90";"0"
"2023";"11";"140101";"LAMBAYEQUE";"CHICLAYO";"CHICLAYO";"PRIVADO";"II-E";"00012457";"CLINICA PROVIDA";"241400";"HOSPITALIZACIÓN QUIRÚRGICA GINECO - OBSTETRICIA ";"43";"43";"140";"48";"3";"90";"0"
"2023";"11";"140101";"LAMBAYEQUE";"CHICLAYO";"CHICLAYO";"PRIVADO";"II-E";"00012457";"CLINICA PROVIDA";"242100";"HOSPITALIZACIÓN DE MEDICINA ONCOLOGÍA MÉDICA ";"7";"7";"27";"7";"1";"30";"0"
"2023";"11";"140101";"LAMBAYEQUE";"CHICLAYO";"CHICLAYO";"PRIVADO";"II-E";"00012457";"CLINICA PROVIDA";"241300";"HOSPITALIZACIÓN QUIRÚRGICA UROLOGÍA  ";"11";"11";"8";"11";"1";"30";"0"
"2023";"11";"140101";"LAMBAYEQUE";"CHICLAYO";"CHICLAYO";"PRIVADO";"II-E";"00012457";"CLINICA PROVIDA";"241900";"HOSPITALIZACIÓN DE MEDICINA MEDICINA INTERNA ";"8";"8";"19";"8";"1";"30";"0"
"2023";"11";"140101";"LAMBAYEQUE";"CHICLAYO";"CHICLAYO";"PRIVADO";"II-E";"00012457";"CLINICA PROVIDA";"240900";"HOSPITALIZACIÓN QUIRÚRGICA NEUROCIRUGÍA ";"1";"1";"5";"1";"1";"30";"0"
"2023";"11";"140101";"LAMBAYEQUE";"CHICLAYO";"CHICLAYO";"PRIVADO";"II-E";"00012457";"CLINICA PROVIDA";"241800";"HOSPITALIZACIÓN DE MEDICINA MEDICINA GENERAL ";"3";"3";"5";"3";"1";"30";"0"
"2023";"11";"140101";"LAMBAYEQUE";"CHICLAYO";"CHICLAYO";"PRIVADO";"II-E";"00012457";"CLINICA PROVIDA";"244600";"HOSPITALIZACIÓN DE MEDICINA NEFROLOGIA ";"2";"2";"10";"2";"1";"30";"0"
"2023";"11";"120608";"JUNIN";"SATIPO";"RIO TAMBO";"GOBIERNO REGIONAL";"I-2";"00000515";"YAVIRO";"NE_0001";"";"NE_0001";"NE_0001";"NE_0001";"NE_0001";"NE_0001";"NE_0001";"NE_0001"
"2023";"11";"130101";"LA LIBERTAD";"TRUJILLO";"TRUJILLO";"PRIVADO";"II-E";"00024168";"NORLASER";"NE_0001";"";"NE_0001";"NE_0001";"NE_0001";"NE_0001";"NE_0001";"NE_0001";"NE_0001"
"2023";"11";"120608";"JUNIN";"SATIPO";"RIO TAMBO";"GOBIERNO REGIONAL";"I-1";"00015914";"SELVA DE ORO";"NE_0001";"";"NE_0001";"NE_0001";"NE_0001";"NE_0001";"NE_0001";"NE_0001";"NE_0001"
"2023";"11";"150105";"LIMA";"LIMA";"BREÑA";"PRIVADO";"0";"00022016";"CLINICA LA LUZ OFTALMOLOGIA";"NE_0002";"";"NE_0002";"NE_0002";"NE_0002";"NE_0002";"NE_0002";"NE_0002";"NE_0002"
"2023";"11";"230103";"TACNA";"TACNA";"CALANA";"ESSALUD";"II-2";"00010185";"Hospital III Daniel Alcides Carrión EsSalud Red de Tacna";"250100";"UNIDAD DE CUIDADOS CRITICOS UNIDAD  DE CUIDADOS INTENSIVOS GENERALES (UCI) ";"16";"16";"319";"140";"5";"144";"5"
"2023";"11";"230103";"TACNA";"TACNA";"CALANA";"ESSALUD";"II-2";"00010185";"Hospital III Daniel Alcides Carrión EsSalud Red de Tacna";"250200";"UNIDAD DE CUIDADOS CRITICOS UNIDAD DE CUIDADOS INTERMEDIOS GENERAL  (UCIN) ";"44";"42";"569";"321";"11";"359";"3"
"2023";"11";"230103";"TACNA";"TACNA";"CALANA";"ESSALUD";"II-2";"00010185";"Hospital III Daniel Alcides Carrión EsSalud Red de Tacna";"241900";"HOSPITALIZACIÓN DE MEDICINA MEDICINA INTERNA ";"161";"160";"1821";"1272";"45";"1361";"10"
"2023";"11";"230103";"TACNA";"TACNA";"CALANA";"ESSALUD";"II-2";"00010185";"Hospital III Daniel Alcides Carrión EsSalud Red de Tacna";"240100";"HOSPITALIZACIÓN QUIRÚRGICA CIRUGÍA GENERAL ";"192";"187";"816";"827";"28";"837";"0"
"2023";"11";"230103";"TACNA";"TACNA";"CALANA";"ESSALUD";"II-2";"00010185";"Hospital III Daniel Alcides Carrión EsSalud Red de Tacna";"241400";"HOSPITALIZACIÓN QUIRÚRGICA GINECO - OBSTETRICIA ";"180";"179";"392";"425";"16";"466";"0"
"2023";"11";"230103";"TACNA";"TACNA";"CALANA";"ESSALUD";"II-2";"00010185";"Hospital III Daniel Alcides Carrión EsSalud Red de Tacna";"242300";"HOSPITALIZACIÓN DE PEDIATRÍA  PEDIATRÍA  GENERAL ";"67";"66";"209";"197";"10";"303";"0"
"2023";"11";"230103";"TACNA";"TACNA";"CALANA";"ESSALUD";"II-2";"00010185";"Hospital III Daniel Alcides Carrión EsSalud Red de Tacna";"243200";"HOSPITALIZACIÓN DE PEDIATRÍA PEDIATRIA NEONATOLOGÍA";"40";"37";"80";"86";"4";"119";"2"
"2023";"11";"080503";"CUSCO";"CANAS";"KUNTURKANKI";"GOBIERNO REGIONAL";"I-4";"00007700";"EL DESCANSO";"NE_0001";"";"NE_0001";"NE_0001";"NE_0001";"NE_0001";"NE_0001";"NE_0001";"NE_0001"
"2023";"11";"080502";"CUSCO";"CANAS";"CHECCA";"GOBIERNO REGIONAL";"I-1";"00002367";"CHITIBAMBA";"NE_0001";"";"NE_0001";"NE_0001";"NE_0001";"NE_0001";"NE_0001";"NE_0001";"NE_0001"
"2023";"11";"080502";"CUSCO";"CANAS";"CHECCA";"GOBIERNO REGIONAL";"I-2";"00002366";"CHECCA";"NE_0001";"";"NE_0001";"NE_0001";"NE_0001";"NE_0001";"NE_0001";"NE_0001";"NE_0001"
"2023";"06";"040101";"AREQUIPA";"AREQUIPA";"AREQUIPA";"PRIVADO";"I-3";"00015693";"CENTRO MEDICO ESPECIALIZADO EN OFTALMOLOGIA";"NE_0001";"";"NE_0001";"NE_0001";"NE_0001";"NE_0001";"NE_0001";"NE_0001";"NE_0001"
"2023";"07";"040101";"AREQUIPA";"AREQUIPA";"AREQUIPA";"PRIVADO";"I-3";"00015693";"CENTRO MEDICO ESPECIALIZADO EN OFTALMOLOGIA";"NE_0001";"";"NE_0001";"NE_0001";"NE_0001";"NE_0001";"NE_0001";"NE_0001";"NE_0001"
"2023";"08";"040101";"AREQUIPA";"AREQUIPA";"AREQUIPA";"PRIVADO";"I-3";"00015693";"CENTRO MEDICO ESPECIALIZADO EN OFTALMOLOGIA";"NE_0001";"";"NE_0001";"NE_0001";"NE_0001";"NE_0001";"NE_0001";"NE_0001";"NE_0001"
"2023";"09";"040101";"AREQUIPA";"AREQUIPA";"AREQUIPA";"PRIVADO";"I-3";"00015693";"CENTRO MEDICO ESPECIALIZADO EN OFTALMOLOGIA";"NE_0001";"";"NE_0001";"NE_0001";"NE_0001";"NE_0001";"NE_0001";"NE_0001";"NE_0001"
"2023";"10";"130502";"LA LIBERTAD";"JULCAN";"CALAMARCA";"GOBIERNO REGIONAL";"I-2";"00007247";"BARRO NEGRO";"NE_0001";"";"NE_0001";"NE_0001";"NE_0001";"NE_0001";"NE_0001";"NE_0001";"NE_0001"
"2023";"10";"130502";"LA LIBERTAD";"JULCAN";"CALAMARCA";"GOBIERNO REGIONAL";"I-4";"00005308";"CALAMARCA";"NE_0001";"";"NE_0001";"NE_0001";"NE_0001";"NE_0001";"NE_0001";"NE_0001";"NE_0001"
"2023";"10";"130502";"LA LIBERTAD";"JULCAN";"CALAMARCA";"GOBIERNO REGIONAL";"I-1";"00007248";"CHAZKA";"NE_0001";"";"NE_0001";"NE_0001";"NE_0001";"NE_0001";"NE_0001";"NE_0001";"NE_0001"
"2023";"10";"130502";"LA LIBERTAD";"JULCAN";"CALAMARCA";"GOBIERNO REGIONAL";"I-1";"00016424";"HUAGAL";"NE_0001";"";"NE_0001";"NE_0001";"NE_0001";"NE_0001";"NE_0001";"NE_0001";"NE_0001"
"2023";"10";"130502";"LA LIBERTAD";"JULCAN";"CALAMARCA";"GOBIERNO REGIONAL";"I-3";"00005309";"SICCHAL";"NE_0001";"";"NE_0001";"NE_0001";"NE_0001";"NE_0001";"NE_0001";"NE_0001";"NE_0001"
"2023";"10";"010701";"AMAZONAS";"UTCUBAMBA";"BAGUA GRANDE";"SANIDAD DE LA POLICIA NACIONAL DEL PERU";"I-3";"00018106";"POLICLINICO POLICIAL BAGUA GRANDE";"NE_0001";"";"NE_0001";"NE_0001";"NE_0001";"NE_0001";"NE_0001";"NE_0001";"NE_0001"
"2023";"10";"150110";"LIMA";"LIMA";"COMAS";"ESSALUD";"II-1";"00027565";"Hospital I Marino Molina Scippa - EsSalud";"241800";"HOSPITALIZACIÓN DE MEDICINA MEDICINA GENERAL ";"106";"100";"1018";"1100";"37";"1147";"4"
"2023";"10";"150110";"LIMA";"LIMA";"COMAS";"ESSALUD";"II-1";"00027565";"Hospital I Marino Molina Scippa - EsSalud";"241900";"HOSPITALIZACIÓN DE MEDICINA MEDICINA INTERNA ";"166";"163";"514";"571";"19";"589";"0"
"2023";"10";"150110";"LIMA";"LIMA";"COMAS";"ESSALUD";"II-1";"00027565";"Hospital I Marino Molina Scippa - EsSalud";"241600";"HOSPITALIZACIÓN QUIRÚRGICA OBSTETRICIA   ";"268";"276";"728";"692";"28";"868";"0"
"2023";"10";"150110";"LIMA";"LIMA";"COMAS";"ESSALUD";"II-1";"00027565";"Hospital I Marino Molina Scippa - EsSalud";"241500";"HOSPITALIZACIÓN QUIRÚRGICA GINECOLOGÍA  ";"27";"29";"133";"88";"3";"93";"0"
"2023";"10";"150110";"LIMA";"LIMA";"COMAS";"ESSALUD";"II-1";"00027565";"Hospital I Marino Molina Scippa - EsSalud";"242300";"HOSPITALIZACIÓN DE PEDIATRÍA  PEDIATRÍA  GENERAL ";"63";"62";"280";"285";"14";"434";"0"
"2023";"10";"150110";"LIMA";"LIMA";"COMAS";"ESSALUD";"II-1";"00027565";"Hospital I Marino Molina Scippa - EsSalud";"243200";"HOSPITALIZACIÓN DE PEDIATRÍA PEDIATRIA NEONATOLOGÍA";"33";"35";"111";"98";"7";"217";"0"
"2023";"10";"040520";"AREQUIPA";"CAYLLOMA";"MAJES";"GOBIERNO REGIONAL";"II-1";"00016721";"HOSPITAL CENTRAL DE MAJES ING. ANGEL GABRIEL CHURA GALLEGOS";"240100";"HOSPITALIZACIÓN QUIRÚRGICA CIRUGÍA GENERAL ";"38";"39";"95";"127";"8";"240";"0"
"2023";"10";"040520";"AREQUIPA";"CAYLLOMA";"MAJES";"GOBIERNO REGIONAL";"II-1";"00016721";"HOSPITAL CENTRAL DE MAJES ING. ANGEL GABRIEL CHURA GALLEGOS";"241500";"HOSPITALIZACIÓN QUIRÚRGICA GINECOLOGÍA  ";"34";"37";"115";"168";"8";"240";"0"
"2023";"10";"040520";"AREQUIPA";"CAYLLOMA";"MAJES";"GOBIERNO REGIONAL";"II-1";"00016721";"HOSPITAL CENTRAL DE MAJES ING. ANGEL GABRIEL CHURA GALLEGOS";"241800";"HOSPITALIZACIÓN DE MEDICINA MEDICINA GENERAL ";"20";"19";"90";"107";"10";"300";"1"
"2023";"10";"040520";"AREQUIPA";"CAYLLOMA";"MAJES";"GOBIERNO REGIONAL";"II-1";"00016721";"HOSPITAL CENTRAL DE MAJES ING. ANGEL GABRIEL CHURA GALLEGOS";"241600";"HOSPITALIZACIÓN QUIRÚRGICA OBSTETRICIA   ";"93";"93";"157";"236";"11";"330";"0"
"2023";"10";"040520";"AREQUIPA";"CAYLLOMA";"MAJES";"GOBIERNO REGIONAL";"II-1";"00016721";"HOSPITAL CENTRAL DE MAJES ING. ANGEL GABRIEL CHURA GALLEGOS";"242500";"HOSPITALIZACIÓN-PEDIATRÍA GENERAL-";"20";"20";"100";"126";"8";"240";"0"
"2023";"10";"040520";"AREQUIPA";"CAYLLOMA";"MAJES";"GOBIERNO REGIONAL";"II-1";"00016721";"HOSPITAL CENTRAL DE MAJES ING. ANGEL GABRIEL CHURA GALLEGOS";"241200";"HOSPITALIZACIÓN QUIRÚRGICA TRAUMATOLOGÍA Y ORTOPEDIA ";"10";"12";"79";"91";"6";"180";"0"
"2023";"10";"050202";"AYACUCHO";"CANGALLO";"CHUSCHI";"GOBIERNO REGIONAL";"I-1";"00003593";"PUESTO DE SALUD PUNKUPATA";"NE_0002";"";"NE_0002";"NE_0002";"NE_0002";"NE_0002";"NE_0002";"NE_0002";"NE_0002"
"2023";"10";"150140";"LIMA";"LIMA";"SANTIAGO DE SURCO";"PRIVADO";"II-E";"00020674";"SAN MARTIN PLASTICA & ESTETICA";"NE_0002";"";"NE_0002";"NE_0002";"NE_0002";"NE_0002";"NE_0002";"NE_0002";"NE_0002"
"2023";"11";"110111";"ICA";"ICA";"SANTIAGO";"ESSALUD";"I-3";"00011968";"SANTA MARGARITA";"NE_0001";"";"NE_0001";"NE_0001";"NE_0001";"NE_0001";"NE_0001";"NE_0001";"NE_0001"
"2023";"11";"120601";"JUNIN";"SATIPO";"SATIPO";"GOBIERNO REGIONAL";"I-3";"00027078";"CENTRO DE SALUD MENTAL COMUNITARIO SATIPO";"NE_0001";"";"NE_0001";"NE_0001";"NE_0001";"NE_0001";"NE_0001";"NE_0001";"NE_0001"
"2023";"11";"150801";"LIMA";"HUAURA";"HUACHO";"GOBIERNO REGIONAL";"II-2";"00007639";"HOSPITAL GENERAL DE HUACHO";"240100";"HOSPITALIZACIÓN QUIRÚRGICA CIRUGÍA GENERAL ";"99";"128";"970";"878";"40";"1200";"1"
"2023";"11";"150801";"LIMA";"HUAURA";"HUACHO";"GOBIERNO REGIONAL";"II-2";"00007639";"HOSPITAL GENERAL DE HUACHO";"241500";"HOSPITALIZACIÓN QUIRÚRGICA GINECOLOGÍA  ";"41";"45";"193";"213";"9";"270";"0"
"2023";"11";"150801";"LIMA";"HUAURA";"HUACHO";"GOBIERNO REGIONAL";"II-2";"00007639";"HOSPITAL GENERAL DE HUACHO";"241600";"HOSPITALIZACIÓN QUIRÚRGICA OBSTETRICIA   ";"296";"322";"667";"588";"27";"810";"0"
"2023";"11";"150801";"LIMA";"HUAURA";"HUACHO";"GOBIERNO REGIONAL";"II-2";"00007639";"HOSPITAL GENERAL DE HUACHO";"241800";"HOSPITALIZACIÓN DE MEDICINA MEDICINA GENERAL ";"104";"130";"833";"879";"37";"1110";"6"
"2023";"11";"150801";"LIMA";"HUAURA";"HUACHO";"GOBIERNO REGIONAL";"II-2";"00007639";"HOSPITAL GENERAL DE HUACHO";"242500";"HOSPITALIZACIÓN-PEDIATRÍA GENERAL-";"52";"64";"287";"248";"28";"840";"0"
"2023";"11";"150801";"LIMA";"HUAURA";"HUACHO";"GOBIERNO REGIONAL";"II-2";"00007639";"HOSPITAL GENERAL DE HUACHO";"243200";"HOSPITALIZACIÓN DE PEDIATRÍA PEDIATRIA NEONATOLOGÍA";"16";"21";"90";"68";"11";"330";"0"
"2023";"11";"150801";"LIMA";"HUAURA";"HUACHO";"GOBIERNO REGIONAL";"II-2";"00007639";"HOSPITAL GENERAL DE HUACHO";"250103";"UNIDAD DE CUIDADOS CRITICOS UNIDAD  DE CUIDADOS INTENSIVOS GENERALES  (UCI) MEDICINA";"24";"27";"127";"161";"10";"300";"6"
"2023";"11";"150801";"LIMA";"HUAURA";"HUACHO";"GOBIERNO REGIONAL";"II-2";"00007639";"HOSPITAL GENERAL DE HUACHO";"250105";"UNIDAD DE CUIDADOS CRITICOS UNIDAD  DE CUIDADOS INTENSIVOS  (UCI) NEONATOLOGÍA";"7";"9";"29";"25";"4";"120";"1"
"2023";"11";"220201";"SAN MARTIN";"BELLAVISTA";"BELLAVISTA";"ESSALUD";"I-2";"00016482";"POSTA MEDICA BELLAVISTA - ESSALUD";"NE_0001";"";"NE_0001";"NE_0001";"NE_0001";"NE_0001";"NE_0001";"NE_0001";"NE_0001"
"2023";"11";"130101";"LA LIBERTAD";"TRUJILLO";"TRUJILLO";"PRIVADO";"II-E";"00021508";"SMQ QUIRUMEDIC SAC";"240000";"HOSPITALIZACIÓN";"208";"200";"200";"200";"15";"416";"0"
"2023";"11";"060804";"CAJAMARCA";"JAEN";"COLASAY";"GOBIERNO REGIONAL";"I-1";"00004240";"CUYCA";"NE_0001";"";"NE_0001";"NE_0001";"NE_0001";"NE_0001";"NE_0001";"NE_0001";"NE_0001"
"2023";"11";"060401";"CAJAMARCA";"CHOTA";"CHOTA";"GOBIERNO REGIONAL";"II-1";"00004659";"HOSPITAL DE APOYO CHOTA - JOSE SOTO CADENILLAS";"241800";"HOSPITALIZACIÓN DE MEDICINA MEDICINA GENERAL ";"48";"55";"269";"326";"11";"330";"0"
"2023";"11";"060401";"CAJAMARCA";"CHOTA";"CHOTA";"GOBIERNO REGIONAL";"II-1";"00004659";"HOSPITAL DE APOYO CHOTA - JOSE SOTO CADENILLAS";"242500";"HOSPITALIZACIÓN-PEDIATRÍA GENERAL-";"97";"99";"230";"128";"8";"240";"0"
"2023";"11";"081003";"CUSCO";"PARURO";"CCAPI";"GOBIERNO REGIONAL";"I-2";"00002501";"CCAPI";"NE_0002";"";"NE_0002";"NE_0002";"NE_0002";"NE_0002";"NE_0002";"NE_0002";"NE_0002"
"2023";"11";"081005";"CUSCO";"PARURO";"HUANOQUITE";"GOBIERNO REGIONAL";"I-2";"00002504";"HUANOQUITE";"NE_0002";"";"NE_0002";"NE_0002";"NE_0002";"NE_0002";"NE_0002";"NE_0002";"NE_0002"
"2023";"11";"081006";"CUSCO";"PARURO";"OMACHA";"GOBIERNO REGIONAL";"I-1";"00012924";"SAHUA SAHUA";"NE_0002";"";"NE_0002";"NE_0002";"NE_0002";"NE_0002";"NE_0002";"NE_0002";"NE_0002"
"2023";"11";"081006";"CUSCO";"PARURO";"OMACHA";"GOBIERNO REGIONAL";"I-2";"00002505";"OMACHA";"NE_0002";"";"NE_0002";"NE_0002";"NE_0002";"NE_0002";"NE_0002";"NE_0002";"NE_0002"
"2023";"11";"081009";"CUSCO";"PARURO";"YAURISQUE";"GOBIERNO REGIONAL";"I-3";"00002509";"YAURISQUE";"NE_0002";"";"NE_0002";"NE_0002";"NE_0002";"NE_0002";"NE_0002";"NE_0002";"NE_0002"
"2023";"11";"081001";"CUSCO";"PARURO";"PARURO";"GOBIERNO REGIONAL";"I-4";"00002499";"PARURO";"NE_0002";"";"NE_0002";"NE_0002";"NE_0002";"NE_0002";"NE_0002";"NE_0002";"NE_0002"
"2023";"11";"150120";"LIMA";"LIMA";"MAGDALENA DEL MAR";"PRIVADO";"II-E";"00015349";"MEDICAL PLASTIC";"240800";"HOSPITALIZACIÓN QUIRÚRGICA CIRUGÍA PLÁSTICA/RECONSTRUCTIVA/ REPARADORA ";"2";"2";"2";"2";"4";"120";"0"
"2023";"11";"220301";"SAN MARTIN";"EL DORADO";"SAN JOSE DE SISA";"GOBIERNO REGIONAL";"I-1";"00006490";"HUAJA";"NE_0001";"";"NE_0001";"NE_0001";"NE_0001";"NE_0001";"NE_0001";"NE_0001";"NE_0001"
"2023";"11";"220305";"SAN MARTIN";"EL DORADO";"SHATOJA";"GOBIERNO REGIONAL";"I-1";"00006491";"AMINIO";"NE_0001";"";"NE_0001";"NE_0001";"NE_0001";"NE_0001";"NE_0001";"NE_0001";"NE_0001"
"2023";"11";"220301";"SAN MARTIN";"EL DORADO";"SAN JOSE DE SISA";"GOBIERNO REGIONAL";"I-1";"00006487";"SANTA CRUZ";"NE_0001";"";"NE_0001";"NE_0001";"NE_0001";"NE_0001";"NE_0001";"NE_0001";"NE_0001"
"2023";"11";"220301";"SAN MARTIN";"EL DORADO";"SAN JOSE DE SISA";"GOBIERNO REGIONAL";"I-1";"00006489";"SAN JUAN DE MIRAFLORES";"NE_0001";"";"NE_0001";"NE_0001";"NE_0001";"NE_0001";"NE_0001";"NE_0001";"NE_0001"
"2023";"11";"220301";"SAN MARTIN";"EL DORADO";"SAN JOSE DE SISA";"GOBIERNO REGIONAL";"I-1";"00006486";"NAUTA";"NE_0001";"";"NE_0001";"NE_0001";"NE_0001";"NE_0001";"NE_0001";"NE_0001";"NE_0001"
"2023";"11";"220301";"SAN MARTIN";"EL DORADO";"SAN JOSE DE SISA";"GOBIERNO REGIONAL";"I-4";"00006485";"HOSPITAL RURAL SAN JOSE DE SISA";"241600";"HOSPITALIZACIÓN QUIRÚRGICA OBSTETRICIA   ";"29";"29";"42";"29";"6";"180";"0"
"2023";"11";"220301";"SAN MARTIN";"EL DORADO";"SAN JOSE DE SISA";"GOBIERNO REGIONAL";"I-4";"00006485";"HOSPITAL RURAL SAN JOSE DE SISA";"241800";"HOSPITALIZACIÓN DE MEDICINA MEDICINA GENERAL ";"13";"13";"37";"13";"9";"270";"0"
"2023";"11";"160201";"LORETO";"ALTO AMAZONAS";"YURIMAGUAS";"GOBIERNO REGIONAL";"II-2";"00000210";"HOSPITAL II-2 SANTA GEMA DE YURIMAGUAS";"240100";"HOSPITALIZACIÓN QUIRÚRGICA CIRUGÍA GENERAL ";"63";"69";"293";"293";"7";"210";"0"
"2023";"11";"160201";"LORETO";"ALTO AMAZONAS";"YURIMAGUAS";"GOBIERNO REGIONAL";"II-2";"00000210";"HOSPITAL II-2 SANTA GEMA DE YURIMAGUAS";"241200";"HOSPITALIZACIÓN QUIRÚRGICA TRAUMATOLOGÍA Y ORTOPEDIA ";"10";"16";"131";"131";"4";"210";"0"
"2023";"11";"160201";"LORETO";"ALTO AMAZONAS";"YURIMAGUAS";"GOBIERNO REGIONAL";"II-2";"00000210";"HOSPITAL II-2 SANTA GEMA DE YURIMAGUAS";"241300";"HOSPITALIZACIÓN QUIRÚRGICA UROLOGÍA  ";"1";"4";"38";"30";"1";"30";"0"
"2023";"11";"160201";"LORETO";"ALTO AMAZONAS";"YURIMAGUAS";"GOBIERNO REGIONAL";"II-2";"00000210";"HOSPITAL II-2 SANTA GEMA DE YURIMAGUAS";"241500";"HOSPITALIZACIÓN QUIRÚRGICA GINECOLOGÍA  ";"58";"61";"139";"139";"8";"240";"0"
"2023";"11";"160201";"LORETO";"ALTO AMAZONAS";"YURIMAGUAS";"GOBIERNO REGIONAL";"II-2";"00000210";"HOSPITAL II-2 SANTA GEMA DE YURIMAGUAS";"241600";"HOSPITALIZACIÓN QUIRÚRGICA OBSTETRICIA   ";"175";"191";"445";"445";"25";"750";"0"
"2023";"11";"160201";"LORETO";"ALTO AMAZONAS";"YURIMAGUAS";"GOBIERNO REGIONAL";"II-2";"00000210";"HOSPITAL II-2 SANTA GEMA DE YURIMAGUAS";"241900";"HOSPITALIZACIÓN DE MEDICINA MEDICINA INTERNA ";"57";"79";"493";"431";"12";"570";"3"
"2023";"11";"160201";"LORETO";"ALTO AMAZONAS";"YURIMAGUAS";"GOBIERNO REGIONAL";"II-2";"00000210";"HOSPITAL II-2 SANTA GEMA DE YURIMAGUAS";"242500";"HOSPITALIZACIÓN-PEDIATRÍA GENERAL-";"44";"51";"157";"157";"6";"240";"0"
"2023";"11";"160201";"LORETO";"ALTO AMAZONAS";"YURIMAGUAS";"GOBIERNO REGIONAL";"II-2";"00000210";"HOSPITAL II-2 SANTA GEMA DE YURIMAGUAS";"243200";"HOSPITALIZACIÓN DE PEDIATRÍA PEDIATRIA NEONATOLOGÍA";"10";"12";"74";"136";"6";"240";"1"
"2023";"11";"160201";"LORETO";"ALTO AMAZONAS";"YURIMAGUAS";"GOBIERNO REGIONAL";"II-2";"00000210";"HOSPITAL II-2 SANTA GEMA DE YURIMAGUAS";"250103";"UNIDAD DE CUIDADOS CRITICOS UNIDAD  DE CUIDADOS INTENSIVOS GENERALES  (UCI) MEDICINA";"2";"2";"6";"6";"2";"210";"0"
"2023";"11";"110201";"ICA";"CHINCHA";"CHINCHA ALTA";"PRIVADO";"I-3";"00011272";"DANIEL A. CARRION EIRL";"NE_0001";"";"NE_0001";"NE_0001";"NE_0001";"NE_0001";"NE_0001";"NE_0001";"NE_0001"
"2023";"11";"150116";"LIMA";"LIMA";"LINCE";"PRIVADO";"II-E";"00015684";"CLINICA GONZALEZ S.A.";"241200";"HOSPITALIZACIÓN QUIRÚRGICA TRAUMATOLOGÍA Y ORTOPEDIA ";"1";"1";"1";"1";"1";"30";"0"
"2023";"11";"150116";"LIMA";"LIMA";"LINCE";"PRIVADO";"II-E";"00015684";"CLINICA GONZALEZ S.A.";"241800";"HOSPITALIZACIÓN DE MEDICINA MEDICINA GENERAL ";"2";"2";"0";"2";"2";"60";"0"
"2023";"11";"150116";"LIMA";"LIMA";"LINCE";"PRIVADO";"II-E";"00015684";"CLINICA GONZALEZ S.A.";"240100";"HOSPITALIZACIÓN QUIRÚRGICA CIRUGÍA GENERAL ";"12";"12";"22";"12";"12";"360";"0"
"2023";"11";"150116";"LIMA";"LIMA";"LINCE";"PRIVADO";"II-E";"00015684";"CLINICA GONZALEZ S.A.";"241300";"HOSPITALIZACIÓN QUIRÚRGICA UROLOGÍA  ";"9";"9";"25";"9";"9";"270";"0"
"2023";"11";"150116";"LIMA";"LIMA";"LINCE";"PRIVADO";"II-E";"00015684";"CLINICA GONZALEZ S.A.";"241400";"HOSPITALIZACIÓN QUIRÚRGICA GINECO - OBSTETRICIA ";"8";"8";"18";"8";"8";"240";"0"
"2023";"11";"150116";"LIMA";"LIMA";"LINCE";"PRIVADO";"II-E";"00015684";"CLINICA GONZALEZ S.A.";"243200";"HOSPITALIZACIÓN DE PEDIATRÍA PEDIATRIA NEONATOLOGÍA";"7";"7";"12";"7";"7";"210";"0"
"2023";"11";"120705";"JUNIN";"TARMA";"LA UNION";"GOBIERNO REGIONAL";"I-2";"00000597";"LA UNION LETICIA";"NE_0001";"";"NE_0001";"NE_0001";"NE_0001";"NE_0001";"NE_0001";"NE_0001";"NE_0001"
"2023";"11";"120705";"JUNIN";"TARMA";"LA UNION";"GOBIERNO REGIONAL";"I-1";"00000600";"UCHURACRA";"NE_0001";"";"NE_0001";"NE_0001";"NE_0001";"NE_0001";"NE_0001";"NE_0001";"NE_0001"
"2023";"11";"220201";"SAN MARTIN";"BELLAVISTA";"BELLAVISTA";"GOBIERNO REGIONAL";"II-E";"00006502";"HOSPITAL BELLAVISTA";"240100";"HOSPITALIZACIÓN QUIRÚRGICA CIRUGÍA GENERAL ";"14";"14";"38";"38";"8";"240";"0"
"2023";"11";"220201";"SAN MARTIN";"BELLAVISTA";"BELLAVISTA";"GOBIERNO REGIONAL";"II-E";"00006502";"HOSPITAL BELLAVISTA";"241400";"HOSPITALIZACIÓN QUIRÚRGICA GINECO - OBSTETRICIA ";"83";"90";"171";"171";"6";"180";"0"
"2023";"11";"220201";"SAN MARTIN";"BELLAVISTA";"BELLAVISTA";"GOBIERNO REGIONAL";"II-E";"00006502";"HOSPITAL BELLAVISTA";"241500";"HOSPITALIZACIÓN QUIRÚRGICA GINECOLOGÍA  ";"8";"10";"26";"26";"6";"180";"0"
"2023";"11";"220201";"SAN MARTIN";"BELLAVISTA";"BELLAVISTA";"GOBIERNO REGIONAL";"II-E";"00006502";"HOSPITAL BELLAVISTA";"241900";"HOSPITALIZACIÓN DE MEDICINA MEDICINA INTERNA ";"19";"24";"100";"100";"10";"300";"0"
"2023";"11";"220201";"SAN MARTIN";"BELLAVISTA";"BELLAVISTA";"GOBIERNO REGIONAL";"II-E";"00006502";"HOSPITAL BELLAVISTA";"242500";"HOSPITALIZACIÓN-PEDIATRÍA GENERAL-";"8";"8";"22";"22";"6";"180";"0"
"2023";"11";"220201";"SAN MARTIN";"BELLAVISTA";"BELLAVISTA";"GOBIERNO REGIONAL";"II-E";"00006502";"HOSPITAL BELLAVISTA";"243200";"HOSPITALIZACIÓN DE PEDIATRÍA PEDIATRIA NEONATOLOGÍA";"11";"11";"43";"43";"2";"60";"0"
"2023";"11";"220803";"SAN MARTIN";"RIOJA";"ELIAS SOPLIN VARGAS";"GOBIERNO REGIONAL";"I-1";"00006279";"PUERTO BAGAZAN";"NE_0002";"";"NE_0002";"NE_0002";"NE_0002";"NE_0002";"NE_0002";"NE_0002";"NE_0002"
"2023";"11";"220803";"SAN MARTIN";"RIOJA";"ELIAS SOPLIN VARGAS";"GOBIERNO REGIONAL";"I-1";"00017707";"LA VICTORIA";"NE_0002";"";"NE_0002";"NE_0002";"NE_0002";"NE_0002";"NE_0002";"NE_0002";"NE_0002"
"2023";"11";"220803";"SAN MARTIN";"RIOJA";"ELIAS SOPLIN VARGAS";"GOBIERNO REGIONAL";"I-1";"00007298";"LA NACIENTE DEL RIO NEGRO";"NE_0002";"";"NE_0002";"NE_0002";"NE_0002";"NE_0002";"NE_0002";"NE_0002";"NE_0002"
"2023";"11";"220803";"SAN MARTIN";"RIOJA";"ELIAS SOPLIN VARGAS";"GOBIERNO REGIONAL";"I-1";"00006903";"SANTA FE";"NE_0002";"";"NE_0002";"NE_0002";"NE_0002";"NE_0002";"NE_0002";"NE_0002";"NE_0002"
"2023";"11";"220803";"SAN MARTIN";"RIOJA";"ELIAS SOPLIN VARGAS";"GOBIERNO REGIONAL";"I-1";"00006278";"VALLE GRANDE";"NE_0002";"";"NE_0002";"NE_0002";"NE_0002";"NE_0002";"NE_0002";"NE_0002";"NE_0002"
"2023";"11";"220803";"SAN MARTIN";"RIOJA";"ELIAS SOPLIN VARGAS";"GOBIERNO REGIONAL";"I-1";"00006279";"PUERTO BAGAZAN";"NE_0002";"";"NE_0002";"NE_0002";"NE_0002";"NE_0002";"NE_0002";"NE_0002";"NE_0002"
"2023";"11";"220803";"SAN MARTIN";"RIOJA";"ELIAS SOPLIN VARGAS";"GOBIERNO REGIONAL";"I-1";"00017707";"LA VICTORIA";"NE_0002";"";"NE_0002";"NE_0002";"NE_0002";"NE_0002";"NE_0002";"NE_0002";"NE_0002"
"2023";"11";"220803";"SAN MARTIN";"RIOJA";"ELIAS SOPLIN VARGAS";"GOBIERNO REGIONAL";"I-1";"00007298";"LA NACIENTE DEL RIO NEGRO";"NE_0002";"";"NE_0002";"NE_0002";"NE_0002";"NE_0002";"NE_0002";"NE_0002";"NE_0002"
"2023";"11";"220803";"SAN MARTIN";"RIOJA";"ELIAS SOPLIN VARGAS";"GOBIERNO REGIONAL";"I-1";"00006903";"SANTA FE";"NE_0002";"";"NE_0002";"NE_0002";"NE_0002";"NE_0002";"NE_0002";"NE_0002";"NE_0002"
"2023";"11";"220803";"SAN MARTIN";"RIOJA";"ELIAS SOPLIN VARGAS";"GOBIERNO REGIONAL";"I-3";"00006277";"SEGUNDA JERUSALEN";"241600";"HOSPITALIZACIÓN QUIRÚRGICA OBSTETRICIA   ";"3";"3";"3";"3";"3";"90";"0"
"2023";"11";"220803";"SAN MARTIN";"RIOJA";"ELIAS SOPLIN VARGAS";"GOBIERNO REGIONAL";"I-1";"00006278";"VALLE GRANDE";"NE_0002";"";"NE_0002";"NE_0002";"NE_0002";"NE_0002";"NE_0002";"NE_0002";"NE_0002"
"2023";"11";"220805";"SAN MARTIN";"RIOJA";"PARDO MIGUEL";"GOBIERNO REGIONAL";"I-1";"00006309";"TUMBARO";"NE_0001";"";"NE_0001";"NE_0001";"NE_0001";"NE_0001";"NE_0001";"NE_0001";"NE_0001"
"2023";"10";"101002";"HUANUCO";"LAURICOCHA";"BAÑOS";"ESSALUD";"I-2";"00027081";"POSTA MÉDICA BAÑOS";"NE_0001";"";"NE_0001";"NE_0001";"NE_0001";"NE_0001";"NE_0001";"NE_0001";"NE_0001"
"2023";"10";"040123";"AREQUIPA";"AREQUIPA";"TIABAYA";"GOBIERNO REGIONAL";"I-3";"00001260";"CENTRO DE SALUD TIABAYA";"NE_0001";"";"NE_0001";"NE_0001";"NE_0001";"NE_0001";"NE_0001";"NE_0001";"NE_0001"
"2023";"10";"040124";"AREQUIPA";"AREQUIPA";"UCHUMAYO";"GOBIERNO REGIONAL";"I-2";"00001290";"PUESTO DE SALUD UCHUMAYO";"NE_0001";"";"NE_0001";"NE_0001";"NE_0001";"NE_0001";"NE_0001";"NE_0001";"NE_0001"
"2023";"10";"040124";"AREQUIPA";"AREQUIPA";"UCHUMAYO";"GOBIERNO REGIONAL";"I-3";"00001281";"CENTRO DE SALUD CONGATA";"NE_0001";"";"NE_0001";"NE_0001";"NE_0001";"NE_0001";"NE_0001";"NE_0001";"NE_0001"
"2023";"10";"040124";"AREQUIPA";"AREQUIPA";"UCHUMAYO";"GOBIERNO REGIONAL";"I-3";"00001280";"CENTRO DE SALUD CERRO VERDE";"NE_0001";"";"NE_0001";"NE_0001";"NE_0001";"NE_0001";"NE_0001";"NE_0001";"NE_0001"
"2023";"10";"120201";"JUNIN";"CONCEPCION";"CONCEPCION";"ESSALUD";"I-3";"00008668";"CENTRO MEDICO CONCEPCION";"NE_0001";"";"NE_0001";"NE_0001";"NE_0001";"NE_0001";"NE_0001";"NE_0001";"NE_0001"
"2023";"10";"150143";"LIMA";"LIMA";"VILLA MARIA DEL TRIUNFO";"PRIVADO";"I-2";"00018825";"GUILLERMO KAELIN DE LA FUENTE";"NE_0001";"";"NE_0001";"NE_0001";"NE_0001";"NE_0001";"NE_0001";"NE_0001";"NE_0001"
"2023";"10";"040101";"AREQUIPA";"AREQUIPA";"AREQUIPA";"PRIVADO";"I-3";"00015693";"CENTRO MEDICO ESPECIALIZADO EN OFTALMOLOGIA";"NE_0001";"";"NE_0001";"NE_0001";"NE_0001";"NE_0001";"NE_0001";"NE_0001";"NE_0001"
"2023";"10";"120401";"JUNIN";"JAUJA";"JAUJA";"GOBIERNO REGIONAL";"II-1";"00000365";"HOSPITAL DOMINGO OLAVEGOYA";"240100";"HOSPITALIZACIÓN QUIRÚRGICA CIRUGÍA GENERAL ";"70";"75";"287";"272";"24";"744";"0"
"2023";"10";"120401";"JUNIN";"JAUJA";"JAUJA";"GOBIERNO REGIONAL";"II-1";"00000365";"HOSPITAL DOMINGO OLAVEGOYA";"241400";"HOSPITALIZACIÓN QUIRÚRGICA GINECO - OBSTETRICIA ";"110";"122";"291";"245";"16";"496";"0"
"2023";"10";"120401";"JUNIN";"JAUJA";"JAUJA";"GOBIERNO REGIONAL";"II-1";"00000365";"HOSPITAL DOMINGO OLAVEGOYA";"241500";"HOSPITALIZACIÓN QUIRÚRGICA GINECOLOGÍA  ";"8";"9";"32";"34";"10";"310";"0"
"2023";"10";"120401";"JUNIN";"JAUJA";"JAUJA";"GOBIERNO REGIONAL";"II-1";"00000365";"HOSPITAL DOMINGO OLAVEGOYA";"241800";"HOSPITALIZACIÓN DE MEDICINA MEDICINA GENERAL ";"35";"45";"329";"369";"17";"527";"2"
"2023";"10";"120401";"JUNIN";"JAUJA";"JAUJA";"GOBIERNO REGIONAL";"II-1";"00000365";"HOSPITAL DOMINGO OLAVEGOYA";"242300";"HOSPITALIZACIÓN DE PEDIATRÍA  PEDIATRÍA  GENERAL ";"28";"32";"136";"106";"26";"806";"0"
"2023";"10";"120401";"JUNIN";"JAUJA";"JAUJA";"GOBIERNO REGIONAL";"II-1";"00000365";"HOSPITAL DOMINGO OLAVEGOYA";"250200";"UNIDAD DE CUIDADOS CRITICOS UNIDAD DE CUIDADOS INTERMEDIOS GENERAL  (UCIN) ";"3";"3";"9";"76";"4";"124";"1"
"2023";"10";"070102";"CALLAO";"CALLAO";"BELLAVISTA";"ESSALUD";"III-1";"00008265";"HOSPITAL NACIONAL ALBERTO SABOGAL SOLOGUREN DE LA RED ASISTENCIAL SABOGAL";"250200";"UNIDAD DE CUIDADOS CRITICOS UNIDAD DE CUIDADOS INTERMEDIOS GENERAL  (UCIN) ";"39";"61";"1090";"484";"16";"496";"6"
"2023";"10";"070102";"CALLAO";"CALLAO";"BELLAVISTA";"ESSALUD";"III-1";"00008265";"HOSPITAL NACIONAL ALBERTO SABOGAL SOLOGUREN DE LA RED ASISTENCIAL SABOGAL";"241900";"HOSPITALIZACIÓN DE MEDICINA MEDICINA INTERNA ";"452";"478";"5931";"5668";"191";"5921";"27"
"2023";"10";"070102";"CALLAO";"CALLAO";"BELLAVISTA";"ESSALUD";"III-1";"00008265";"HOSPITAL NACIONAL ALBERTO SABOGAL SOLOGUREN DE LA RED ASISTENCIAL SABOGAL";"240100";"HOSPITALIZACIÓN QUIRÚRGICA CIRUGÍA GENERAL ";"152";"142";"1041";"1131";"42";"1289";"2"
"2023";"10";"070102";"CALLAO";"CALLAO";"BELLAVISTA";"ESSALUD";"III-1";"00008265";"HOSPITAL NACIONAL ALBERTO SABOGAL SOLOGUREN DE LA RED ASISTENCIAL SABOGAL";"240200";"HOSPITALIZACIÓN QUIRÚRGICA CIRUGÍA DE CABEZA Y CUELLO / MÁXILO FACIAL ";"54";"49";"223";"205";"7";"227";"0"
"2023";"10";"070102";"CALLAO";"CALLAO";"BELLAVISTA";"ESSALUD";"III-1";"00008265";"HOSPITAL NACIONAL ALBERTO SABOGAL SOLOGUREN DE LA RED ASISTENCIAL SABOGAL";"240400";"HOSPITALIZACIÓN QUIRÚRGICA CIRUGÍA DE TÓRAX Y CARDIOVASCULAR ";"17";"16";"133";"126";"4";"139";"0"
"2023";"10";"070102";"CALLAO";"CALLAO";"BELLAVISTA";"ESSALUD";"III-1";"00008265";"HOSPITAL NACIONAL ALBERTO SABOGAL SOLOGUREN DE LA RED ASISTENCIAL SABOGAL";"240800";"HOSPITALIZACIÓN QUIRÚRGICA CIRUGÍA PLÁSTICA/RECONSTRUCTIVA/ REPARADORA ";"4";"4";"19";"47";"2";"57";"0"
"2023";"10";"070102";"CALLAO";"CALLAO";"BELLAVISTA";"ESSALUD";"III-1";"00008265";"HOSPITAL NACIONAL ALBERTO SABOGAL SOLOGUREN DE LA RED ASISTENCIAL SABOGAL";"241700";"HOSPITALIZACIÓN QUIRÚRGICA GINECOLOGÍA   GINECOLOGIA ONCOLOGiCA";"56";"59";"213";"179";"6";"186";"1"
"2023";"10";"070102";"CALLAO";"CALLAO";"BELLAVISTA";"ESSALUD";"III-1";"00008265";"HOSPITAL NACIONAL ALBERTO SABOGAL SOLOGUREN DE LA RED ASISTENCIAL SABOGAL";"241900";"HOSPITALIZACIÓN DE MEDICINA MEDICINA INTERNA ";"18";"22";"221";"147";"5";"155";"0"
"2023";"10";"070102";"CALLAO";"CALLAO";"BELLAVISTA";"ESSALUD";"III-1";"00008265";"HOSPITAL NACIONAL ALBERTO SABOGAL SOLOGUREN DE LA RED ASISTENCIAL SABOGAL";"242000";"HOSPITALIZACIÓN DE MEDICINA MEDICINA TROPICAL E INFECCIOSAS ";"32";"31";"428";"328";"11";"341";"3"
"2023";"10";"070102";"CALLAO";"CALLAO";"BELLAVISTA";"ESSALUD";"III-1";"00008265";"HOSPITAL NACIONAL ALBERTO SABOGAL SOLOGUREN DE LA RED ASISTENCIAL SABOGAL";"242100";"HOSPITALIZACIÓN DE MEDICINA ONCOLOGÍA MÉDICA ";"82";"85";"460";"406";"14";"434";"1"
"2023";"10";"070102";"CALLAO";"CALLAO";"BELLAVISTA";"ESSALUD";"III-1";"00008265";"HOSPITAL NACIONAL ALBERTO SABOGAL SOLOGUREN DE LA RED ASISTENCIAL SABOGAL";"240700";"HOSPITALIZACIÓN QUIRÚRGICA CIRUGÍA PEDIÁTRICA ";"60";"61";"325";"320";"14";"434";"0"
"2023";"10";"070102";"CALLAO";"CALLAO";"BELLAVISTA";"ESSALUD";"III-1";"00008265";"HOSPITAL NACIONAL ALBERTO SABOGAL SOLOGUREN DE LA RED ASISTENCIAL SABOGAL";"240900";"HOSPITALIZACIÓN QUIRÚRGICA NEUROCIRUGÍA ";"58";"56";"340";"336";"13";"403";"0"
"2023";"10";"070102";"CALLAO";"CALLAO";"BELLAVISTA";"ESSALUD";"III-1";"00008265";"HOSPITAL NACIONAL ALBERTO SABOGAL SOLOGUREN DE LA RED ASISTENCIAL SABOGAL";"241100";"HOSPITALIZACIÓN QUIRÚRGICA OTORRINOLARINGOLOGÍA  ";"60";"59";"121";"99";"4";"119";"0"
"2023";"10";"070102";"CALLAO";"CALLAO";"BELLAVISTA";"ESSALUD";"III-1";"00008265";"HOSPITAL NACIONAL ALBERTO SABOGAL SOLOGUREN DE LA RED ASISTENCIAL SABOGAL";"241200";"HOSPITALIZACIÓN QUIRÚRGICA TRAUMATOLOGÍA Y ORTOPEDIA ";"121";"125";"1282";"1134";"41";"1269";"0"
"2023";"10";"070102";"CALLAO";"CALLAO";"BELLAVISTA";"ESSALUD";"III-1";"00008265";"HOSPITAL NACIONAL ALBERTO SABOGAL SOLOGUREN DE LA RED ASISTENCIAL SABOGAL";"241300";"HOSPITALIZACIÓN QUIRÚRGICA UROLOGÍA  ";"93";"96";"440";"425";"16";"496";"0"
"2023";"10";"070102";"CALLAO";"CALLAO";"BELLAVISTA";"ESSALUD";"III-1";"00008265";"HOSPITAL NACIONAL ALBERTO SABOGAL SOLOGUREN DE LA RED ASISTENCIAL SABOGAL";"241500";"HOSPITALIZACIÓN QUIRÚRGICA GINECOLOGÍA  ";"78";"74";"240";"247";"10";"310";"0"
"2023";"10";"070102";"CALLAO";"CALLAO";"BELLAVISTA";"ESSALUD";"III-1";"00008265";"HOSPITAL NACIONAL ALBERTO SABOGAL SOLOGUREN DE LA RED ASISTENCIAL SABOGAL";"241600";"HOSPITALIZACIÓN QUIRÚRGICA OBSTETRICIA   ";"295";"295";"1305";"1159";"45";"1395";"0"
"2023";"10";"070102";"CALLAO";"CALLAO";"BELLAVISTA";"ESSALUD";"III-1";"00008265";"HOSPITAL NACIONAL ALBERTO SABOGAL SOLOGUREN DE LA RED ASISTENCIAL SABOGAL";"242300";"HOSPITALIZACIÓN DE PEDIATRÍA  PEDIATRÍA  GENERAL ";"99";"92";"859";"991";"35";"1085";"0"
"2023";"10";"070102";"CALLAO";"CALLAO";"BELLAVISTA";"ESSALUD";"III-1";"00008265";"HOSPITAL NACIONAL ALBERTO SABOGAL SOLOGUREN DE LA RED ASISTENCIAL SABOGAL";"250100";"UNIDAD DE CUIDADOS CRITICOS UNIDAD  DE CUIDADOS INTENSIVOS GENERALES (UCI) ";"10";"21";"359";"221";"8";"248";"12"
"2023";"10";"150136";"LIMA";"LIMA";"SAN MIGUEL";"ESSALUD";"II-1";"00008564";"HOSPITAL I OCTAVIO MONGRUT MUÑOZ";"241900";"HOSPITALIZACIÓN DE MEDICINA MEDICINA INTERNA ";"73";"73";"485";"467";"19";"600";"3"
"2023";"10";"150136";"LIMA";"LIMA";"SAN MIGUEL";"ESSALUD";"II-1";"00008564";"HOSPITAL I OCTAVIO MONGRUT MUÑOZ";"240100";"HOSPITALIZACIÓN QUIRÚRGICA CIRUGÍA GENERAL ";"50";"49";"82";"85";"5";"150";"0"
"2023";"10";"150136";"LIMA";"LIMA";"SAN MIGUEL";"ESSALUD";"II-1";"00008564";"HOSPITAL I OCTAVIO MONGRUT MUÑOZ";"241500";"HOSPITALIZACIÓN QUIRÚRGICA GINECOLOGÍA  ";"49";"45";"104";"96";"4";"121";"0"
"2023";"10";"150136";"LIMA";"LIMA";"SAN MIGUEL";"ESSALUD";"II-1";"00008564";"HOSPITAL I OCTAVIO MONGRUT MUÑOZ";"241600";"HOSPITALIZACIÓN QUIRÚRGICA OBSTETRICIA   ";"80";"70";"159";"156";"8";"246";"0"
"2023";"10";"150136";"LIMA";"LIMA";"SAN MIGUEL";"ESSALUD";"II-1";"00008564";"HOSPITAL I OCTAVIO MONGRUT MUÑOZ";"242300";"HOSPITALIZACIÓN DE PEDIATRÍA  PEDIATRÍA  GENERAL ";"62";"61";"157";"160";"8";"258";"0"
"2023";"10";"150122";"LIMA";"LIMA";"MIRAFLORES";"MINSA";"III-E";"00006213";"HOSPITAL DE EMERGENCIAS JOSE CASIMIRO ULLOA";"240100";"HOSPITALIZACIÓN QUIRÚRGICA CIRUGÍA GENERAL ";"128";"142";"544";"568";"26";"568";"1"
"2023";"10";"150122";"LIMA";"LIMA";"MIRAFLORES";"MINSA";"III-E";"00006213";"HOSPITAL DE EMERGENCIAS JOSE CASIMIRO ULLOA";"241800";"HOSPITALIZACIÓN DE MEDICINA MEDICINA GENERAL ";"102";"133";"1197";"554";"20";"554";"19"
"2023";"10";"150122";"LIMA";"LIMA";"MIRAFLORES";"MINSA";"III-E";"00006213";"HOSPITAL DE EMERGENCIAS JOSE CASIMIRO ULLOA";"240900";"HOSPITALIZACIÓN QUIRÚRGICA NEUROCIRUGÍA ";"9";"15";"244";"227";"11";"227";"2"
"2023";"10";"150122";"LIMA";"LIMA";"MIRAFLORES";"MINSA";"III-E";"00006213";"HOSPITAL DE EMERGENCIAS JOSE CASIMIRO ULLOA";"241200";"HOSPITALIZACIÓN QUIRÚRGICA TRAUMATOLOGÍA Y ORTOPEDIA ";"46";"57";"330";"276";"14";"276";"0"
"2023";"10";"150122";"LIMA";"LIMA";"MIRAFLORES";"MINSA";"III-E";"00006213";"HOSPITAL DE EMERGENCIAS JOSE CASIMIRO ULLOA";"250000";"UNIDAD DE CUIDADOS CRITICOS  ";"28";"28";"233";"285";"10";"310";"0"
"2023";"10";"150122";"LIMA";"LIMA";"MIRAFLORES";"MINSA";"III-E";"00006213";"HOSPITAL DE EMERGENCIAS JOSE CASIMIRO ULLOA";"250103";"UNIDAD DE CUIDADOS CRITICOS UNIDAD  DE CUIDADOS INTENSIVOS GENERALES  (UCI) MEDICINA";"11";"11";"90";"181";"6";"186";"0"
"2023";"10";"150132";"LIMA";"LIMA";"SAN JUAN DE LURIGANCHO";"PRIVADO";"II-2";"00009104";"CLINICA SAN MIGUEL ARCANGEL S.A.C.";"241300";"HOSPITALIZACIÓN QUIRÚRGICA UROLOGÍA  ";"1";"1";"1";"1";"1";"31";"0"
"2023";"10";"150132";"LIMA";"LIMA";"SAN JUAN DE LURIGANCHO";"PRIVADO";"II-2";"00009104";"CLINICA SAN MIGUEL ARCANGEL S.A.C.";"241200";"HOSPITALIZACIÓN QUIRÚRGICA TRAUMATOLOGÍA Y ORTOPEDIA ";"4";"4";"7";"6";"2";"62";"0"
"2023";"10";"150132";"LIMA";"LIMA";"SAN JUAN DE LURIGANCHO";"PRIVADO";"II-2";"00009104";"CLINICA SAN MIGUEL ARCANGEL S.A.C.";"241600";"HOSPITALIZACIÓN QUIRÚRGICA OBSTETRICIA   ";"1";"1";"1";"1";"1";"31";"0"
"2023";"10";"150132";"LIMA";"LIMA";"SAN JUAN DE LURIGANCHO";"PRIVADO";"II-2";"00009104";"CLINICA SAN MIGUEL ARCANGEL S.A.C.";"241400";"HOSPITALIZACIÓN QUIRÚRGICA GINECO - OBSTETRICIA ";"7";"7";"13";"13";"2";"62";"0"
"2023";"10";"150132";"LIMA";"LIMA";"SAN JUAN DE LURIGANCHO";"PRIVADO";"II-2";"00009104";"CLINICA SAN MIGUEL ARCANGEL S.A.C.";"240100";"HOSPITALIZACIÓN QUIRÚRGICA CIRUGÍA GENERAL ";"16";"16";"20";"20";"3";"93";"0"
"2023";"10";"150132";"LIMA";"LIMA";"SAN JUAN DE LURIGANCHO";"PRIVADO";"II-2";"00009104";"CLINICA SAN MIGUEL ARCANGEL S.A.C.";"241800";"HOSPITALIZACIÓN DE MEDICINA MEDICINA GENERAL ";"1";"1";"2";"2";"1";"31";"0"
"2023";"10";"220202";"SAN MARTIN";"BELLAVISTA";"ALTO BIAVO";"GOBIERNO REGIONAL";"I-1";"00006528";"NUEVA ARICA";"NE_0002";"";"NE_0002";"NE_0002";"NE_0002";"NE_0002";"NE_0002";"NE_0002";"NE_0002"
"2023";"10";"220202";"SAN MARTIN";"BELLAVISTA";"ALTO BIAVO";"GOBIERNO REGIONAL";"I-2";"00006524";"BARRANCA";"NE_0002";"";"NE_0002";"NE_0002";"NE_0002";"NE_0002";"NE_0002";"NE_0002";"NE_0002"
"2023";"10";"220202";"SAN MARTIN";"BELLAVISTA";"ALTO BIAVO";"GOBIERNO REGIONAL";"I-1";"00006526";"INCAICO";"NE_0002";"";"NE_0002";"NE_0002";"NE_0002";"NE_0002";"NE_0002";"NE_0002";"NE_0002"
"2023";"10";"220202";"SAN MARTIN";"BELLAVISTA";"ALTO BIAVO";"GOBIERNO REGIONAL";"I-1";"00006527";"JOSE OLAYA";"NE_0002";"";"NE_0002";"NE_0002";"NE_0002";"NE_0002";"NE_0002";"NE_0002";"NE_0002"
"2023";"10";"150130";"LIMA";"LIMA";"SAN BORJA";"PRIVADO";"III-1";"00009886";"CLINICA SAN BORJA";"240000";"HOSPITALIZACIÓN";"502";"536";"2119";"68";"83";"2573";"2"
"2023";"10";"150130";"LIMA";"LIMA";"SAN BORJA";"PRIVADO";"III-1";"00009886";"CLINICA SAN BORJA";"240500";"HOSPITALIZACIÓN QUIRÚRGICA CIRUGÍA DE TRANSPLANTES ";"1";"1";"20";"1";"4";"124";"0"
"2023";"10";"150130";"LIMA";"LIMA";"SAN BORJA";"PRIVADO";"III-1";"00009886";"CLINICA SAN BORJA";"250105";"UNIDAD DE CUIDADOS CRITICOS UNIDAD  DE CUIDADOS INTENSIVOS  (UCI) NEONATOLOGÍA";"10";"11";"54";"2";"4";"124";"0"
"2023";"10";"150130";"LIMA";"LIMA";"SAN BORJA";"PRIVADO";"III-1";"00009886";"CLINICA SAN BORJA";"250306";"HOSPIT. EN UNIDAD DE CUID.INTEN.-UNIDAD DE VIGILANCIA INTENSIVA (UVI)-PEDIATRÍA";"7";"2";"61";"2";"4";"124";"0"
"2023";"10";"150130";"LIMA";"LIMA";"SAN BORJA";"PRIVADO";"III-1";"00009886";"CLINICA SAN BORJA";"250100";"UNIDAD DE CUIDADOS CRITICOS UNIDAD  DE CUIDADOS INTENSIVOS GENERALES (UCI) ";"66";"32";"352";"11";"19";"589";"3"
"2023";"10";"130102";"LA LIBERTAD";"TRUJILLO";"EL PORVENIR";"GOBIERNO REGIONAL";"II-1";"00005209";"HOSPITAL DISTRITAL DE EL PORVENIR SANTA ISABEL";"241800";"HOSPITALIZACIÓN DE MEDICINA MEDICINA GENERAL ";"30";"30";"100";"100";"6";"186";"0"
"2023";"10";"130102";"LA LIBERTAD";"TRUJILLO";"EL PORVENIR";"GOBIERNO REGIONAL";"II-1";"00005209";"HOSPITAL DISTRITAL DE EL PORVENIR SANTA ISABEL";"243200";"HOSPITALIZACIÓN DE PEDIATRÍA PEDIATRIA NEONATOLOGÍA";"3";"3";"9";"9";"8";"248";"0"
"2023";"10";"130102";"LA LIBERTAD";"TRUJILLO";"EL PORVENIR";"GOBIERNO REGIONAL";"II-1";"00005209";"HOSPITAL DISTRITAL DE EL PORVENIR SANTA ISABEL";"242300";"HOSPITALIZACIÓN DE PEDIATRÍA  PEDIATRÍA  GENERAL ";"17";"17";"56";"56";"3";"93";"0"
"2023";"10";"130102";"LA LIBERTAD";"TRUJILLO";"EL PORVENIR";"GOBIERNO REGIONAL";"II-1";"00005209";"HOSPITAL DISTRITAL DE EL PORVENIR SANTA ISABEL";"241400";"HOSPITALIZACIÓN QUIRÚRGICA GINECO - OBSTETRICIA ";"42";"39";"62";"62";"10";"310";"0"
"2023";"10";"130102";"LA LIBERTAD";"TRUJILLO";"EL PORVENIR";"GOBIERNO REGIONAL";"II-1";"00005209";"HOSPITAL DISTRITAL DE EL PORVENIR SANTA ISABEL";"241500";"HOSPITALIZACIÓN QUIRÚRGICA GINECOLOGÍA  ";"18";"16";"73";"73";"3";"93";"0"
"2023";"10";"060101";"CAJAMARCA";"CAJAMARCA";"CAJAMARCA";"GOBIERNO REGIONAL";"I-3";"00004645";"MAGNA VALLEJO";"NE_0001";"";"NE_0001";"NE_0001";"NE_0001";"NE_0001";"NE_0001";"NE_0001";"NE_0001"
"2023";"10";"060101";"CAJAMARCA";"CAJAMARCA";"CAJAMARCA";"GOBIERNO REGIONAL";"I-1";"00012831";"AYLAMBO";"NE_0001";"";"NE_0001";"NE_0001";"NE_0001";"NE_0001";"NE_0001";"NE_0001";"NE_0001"
"2023";"10";"060101";"CAJAMARCA";"CAJAMARCA";"CAJAMARCA";"GOBIERNO REGIONAL";"I-1";"00004642";"PATA PATA";"NE_0001";"";"NE_0001";"NE_0001";"NE_0001";"NE_0001";"NE_0001";"NE_0001";"NE_0001"
"2023";"10";"060101";"CAJAMARCA";"CAJAMARCA";"CAJAMARCA";"GOBIERNO REGIONAL";"I-1";"00004644";"PARIAMARCA";"NE_0001";"";"NE_0001";"NE_0001";"NE_0001";"NE_0001";"NE_0001";"NE_0001";"NE_0001"
"2023";"10";"060101";"CAJAMARCA";"CAJAMARCA";"CAJAMARCA";"GOBIERNO REGIONAL";"I-2";"00004641";"MICAELA BASTIDAS";"NE_0001";"";"NE_0001";"NE_0001";"NE_0001";"NE_0001";"NE_0001";"NE_0001";"NE_0001"
"2023";"10";"060101";"CAJAMARCA";"CAJAMARCA";"CAJAMARCA";"GOBIERNO REGIONAL";"I-3";"00004640";"LA TULPUNA";"NE_0001";"";"NE_0001";"NE_0001";"NE_0001";"NE_0001";"NE_0001";"NE_0001";"NE_0001"
"2023";"10";"060101";"CAJAMARCA";"CAJAMARCA";"CAJAMARCA";"GOBIERNO REGIONAL";"I-1";"00004643";"AGOCUCHO";"NE_0001";"";"NE_0001";"NE_0001";"NE_0001";"NE_0001";"NE_0001";"NE_0001";"NE_0001"
"2023";"10";"100509";"HUANUCO";"HUAMALIES";"PUÑOS";"GOBIERNO REGIONAL";"I-3";"00000892";"PUÑOS";"NE_0001";"";"NE_0001";"NE_0001";"NE_0001";"NE_0001";"NE_0001";"NE_0001";"NE_0001"
"2023";"10";"080204";"CUSCO";"ACOMAYO";"MOSOC LLACTA";"GOBIERNO REGIONAL";"I-2";"00002320";"MOSOCLLACTA";"NE_0001";"";"NE_0001";"NE_0001";"NE_0001";"NE_0001";"NE_0001";"NE_0001";"NE_0001"
"2023";"10";"060106";"CAJAMARCA";"CAJAMARCA";"JESUS";"GOBIERNO REGIONAL";"I-1";"00004637";"YANAMARCA";"NE_0001";"";"NE_0001";"NE_0001";"NE_0001";"NE_0001";"NE_0001";"NE_0001";"NE_0001"
"2023";"10";"100509";"HUANUCO";"HUAMALIES";"PUÑOS";"GOBIERNO REGIONAL";"I-1";"00000894";"ILLAHUASI";"NE_0001";"";"NE_0001";"NE_0001";"NE_0001";"NE_0001";"NE_0001";"NE_0001";"NE_0001"
"2023";"10";"100509";"HUANUCO";"HUAMALIES";"PUÑOS";"GOBIERNO REGIONAL";"I-2";"00000893";"POQUE";"NE_0001";"";"NE_0001";"NE_0001";"NE_0001";"NE_0001";"NE_0001";"NE_0001";"NE_0001"
"2023";"11";"070106";"CALLAO";"CALLAO";"VENTANILLA";"SANIDAD DE LA POLICIA NACIONAL DEL PERU";"I-2";"00010573";"POSTA MEDICA POLICIAL VENTANILLA";"NE_0001";"";"NE_0001";"NE_0001";"NE_0001";"NE_0001";"NE_0001";"NE_0001";"NE_0001"
"2023";"11";"250101";"UCAYALI";"CORONEL PORTILLO";"CALLERIA";"SANIDAD DE LA POLICIA NACIONAL DEL PERU";"I-3";"00010148";"POLICLINICO POLICIAL PUCALLPA";"NE_0001";"";"NE_0001";"NE_0001";"NE_0001";"NE_0001";"NE_0001";"NE_0001";"NE_0001"
"2023";"11";"120601";"JUNIN";"SATIPO";"SATIPO";"SANIDAD DE LA POLICIA NACIONAL DEL PERU";"I-2";"00011485";"POSTA MEDICA POLICIAL SATIPO";"NE_0001";"";"NE_0001";"NE_0001";"NE_0001";"NE_0001";"NE_0001";"NE_0001";"NE_0001"
"2023";"11";"040101";"AREQUIPA";"AREQUIPA";"AREQUIPA";"ESSALUD";"I-3";"00013297";"POLICLINICO METROPOLITANO ESSALUD";"NE_0001";"";"NE_0001";"NE_0001";"NE_0001";"NE_0001";"NE_0001";"NE_0001";"NE_0001"
"2023";"11";"210402";"PUNO";"CHUCUITO";"DESAGUADERO";"ESSALUD";"I-3";"00009221";"CENTRO DE ATENCION PRIMARIA I DESAGUADERO";"NE_0001";"";"NE_0001";"NE_0001";"NE_0001";"NE_0001";"NE_0001";"NE_0001";"NE_0001"
"2023";"11";"060601";"CAJAMARCA";"CUTERVO";"CUTERVO";"GOBIERNO REGIONAL";"II-1";"00004981";"SANTA MARIA DE CUTERVO";"240100";"HOSPITALIZACIÓN QUIRÚRGICA CIRUGÍA GENERAL ";"46";"46";"173";"176";"8";"240";"0"
"2023";"11";"060601";"CAJAMARCA";"CUTERVO";"CUTERVO";"GOBIERNO REGIONAL";"II-1";"00004981";"SANTA MARIA DE CUTERVO";"241400";"HOSPITALIZACIÓN QUIRÚRGICA GINECO - OBSTETRICIA ";"129";"130";"237";"255";"12";"360";"0"
"2023";"11";"060601";"CAJAMARCA";"CUTERVO";"CUTERVO";"GOBIERNO REGIONAL";"II-1";"00004981";"SANTA MARIA DE CUTERVO";"241800";"HOSPITALIZACIÓN DE MEDICINA MEDICINA GENERAL ";"17";"17";"71";"81";"7";"210";"0"
"2023";"11";"060601";"CAJAMARCA";"CUTERVO";"CUTERVO";"GOBIERNO REGIONAL";"II-1";"00004981";"SANTA MARIA DE CUTERVO";"242500";"HOSPITALIZACIÓN-PEDIATRÍA GENERAL-";"29";"32";"89";"53";"5";"150";"0"
"2023";"11";"130101";"LA LIBERTAD";"TRUJILLO";"TRUJILLO";"SANIDAD DEL EJERCITO DEL PERU";"I-4";"00032053";"CENTRO DE SALUD EJERCITO PERUANO";"241800";"HOSPITALIZACIÓN DE MEDICINA MEDICINA GENERAL ";"4";"3";"24";"184";"12";"372";"0"
"2023";"11";"210401";"PUNO";"CHUCUITO";"JULI";"GOBIERNO REGIONAL";"II-1";"00002990";"JULI";"242500";"HOSPITALIZACIÓN-PEDIATRÍA GENERAL-";"4";"4";"12";"20";"6";"180";"0"
"2023";"11";"210401";"PUNO";"CHUCUITO";"JULI";"GOBIERNO REGIONAL";"II-1";"00002990";"JULI";"240100";"HOSPITALIZACIÓN QUIRÚRGICA CIRUGÍA GENERAL ";"11";"11";"46";"35";"5";"150";"0"
"2023";"11";"210401";"PUNO";"CHUCUITO";"JULI";"GOBIERNO REGIONAL";"II-1";"00002990";"JULI";"241800";"HOSPITALIZACIÓN DE MEDICINA MEDICINA GENERAL ";"10";"10";"44";"40";"6";"180";"0"
"2023";"11";"210401";"PUNO";"CHUCUITO";"JULI";"GOBIERNO REGIONAL";"II-1";"00002990";"JULI";"241600";"HOSPITALIZACIÓN QUIRÚRGICA OBSTETRICIA   ";"37";"37";"75";"96";"9";"270";"0"
"2023";"11";"150137";"LIMA";"LIMA";"SANTA ANITA";"MINSA";"III-1";"00005948";"HOSPITAL HERMILIO VALDIZAN";"242202";"HOSPITALIZACIÓN DE MEDICINA PSIQUIATRÍA PSIQUIATRÍA DEL ADULTO Y GERONTE";"61";"46";"1622";"3092";"159";"4770";"0"
"2023";"10";"060401";"CAJAMARCA";"CHOTA";"CHOTA";"SANIDAD DE LA POLICIA NACIONAL DEL PERU";"I-2";"00010929";"POSTA MEDICA POLICIAL CHOTA";"NE_0001";"";"NE_0001";"NE_0001";"NE_0001";"NE_0001";"NE_0001";"NE_0001";"NE_0001"
"2023";"10";"090118";"HUANCAVELICA";"HUANCAVELICA";"ASCENSION";"ESSALUD";"II-1";"00009132";"HOSPITAL II HUANCAVELICA";"241800";"HOSPITALIZACIÓN DE MEDICINA MEDICINA GENERAL ";"52";"51";"232";"273";"9";"279";"0"
"2023";"10";"090118";"HUANCAVELICA";"HUANCAVELICA";"ASCENSION";"ESSALUD";"II-1";"00009132";"HOSPITAL II HUANCAVELICA";"240100";"HOSPITALIZACIÓN QUIRÚRGICA CIRUGÍA GENERAL ";"45";"45";"215";"217";"8";"248";"0"
"2023";"10";"090118";"HUANCAVELICA";"HUANCAVELICA";"ASCENSION";"ESSALUD";"II-1";"00009132";"HOSPITAL II HUANCAVELICA";"241200";"HOSPITALIZACIÓN QUIRÚRGICA TRAUMATOLOGÍA Y ORTOPEDIA ";"12";"14";"68";"52";"4";"124";"0"
"2023";"10";"090118";"HUANCAVELICA";"HUANCAVELICA";"ASCENSION";"ESSALUD";"II-1";"00009132";"HOSPITAL II HUANCAVELICA";"241400";"HOSPITALIZACIÓN QUIRÚRGICA GINECO - OBSTETRICIA ";"17";"16";"62";"77";"3";"93";"0"
"2023";"10";"090118";"HUANCAVELICA";"HUANCAVELICA";"ASCENSION";"ESSALUD";"II-1";"00009132";"HOSPITAL II HUANCAVELICA";"241600";"HOSPITALIZACIÓN QUIRÚRGICA OBSTETRICIA   ";"48";"43";"110";"137";"6";"186";"0"
"2023";"10";"090118";"HUANCAVELICA";"HUANCAVELICA";"ASCENSION";"ESSALUD";"II-1";"00009132";"HOSPITAL II HUANCAVELICA";"242300";"HOSPITALIZACIÓN DE PEDIATRÍA  PEDIATRÍA  GENERAL ";"39";"39";"108";"108";"5";"155";"0"
"2023";"10";"090118";"HUANCAVELICA";"HUANCAVELICA";"ASCENSION";"ESSALUD";"II-1";"00009132";"HOSPITAL II HUANCAVELICA";"250300";"UNIDAD DE CUIDADOS CRITICOS UNIDAD DE VIGILANCIA INTENSIVA  CLINICA (UVIC) ";"23";"21";"49";"53";"2";"62";"1"
"2023";"10";"230101";"TACNA";"TACNA";"TACNA";"PRIVADO";"I-4";"00011466";"CLINICA ISABEL";"240000";"HOSPITALIZACIÓN";"1";"1";"2";"1";"1";"31";"0"
"2023";"10";"230101";"TACNA";"TACNA";"TACNA";"PRIVADO";"I-4";"00011466";"CLINICA ISABEL";"240000";"HOSPITALIZACIÓN";"1";"1";"2";"1";"1";"31";"0"
"2023";"10";"230101";"TACNA";"TACNA";"TACNA";"PRIVADO";"I-4";"00011466";"CLINICA ISABEL";"240000";"HOSPITALIZACIÓN";"2";"2";"1";"1";"1";"31";"0"
"2023";"10";"230101";"TACNA";"TACNA";"TACNA";"PRIVADO";"I-4";"00011466";"CLINICA ISABEL";"240000";"HOSPITALIZACIÓN";"1";"1";"2";"1";"1";"31";"0"
"2023";"10";"230101";"TACNA";"TACNA";"TACNA";"PRIVADO";"I-4";"00011466";"CLINICA ISABEL";"240000";"HOSPITALIZACIÓN";"1";"1";"1";"1";"1";"31";"0"
"2023";"10";"230101";"TACNA";"TACNA";"TACNA";"PRIVADO";"I-4";"00011466";"CLINICA ISABEL";"240000";"HOSPITALIZACIÓN";"1";"1";"2";"1";"1";"31";"0"
"2023";"10";"230101";"TACNA";"TACNA";"TACNA";"PRIVADO";"I-4";"00011466";"CLINICA ISABEL";"240000";"HOSPITALIZACIÓN";"1";"1";"1";"1";"1";"31";"0"
"2023";"10";"230101";"TACNA";"TACNA";"TACNA";"PRIVADO";"I-4";"00011466";"CLINICA ISABEL";"240000";"HOSPITALIZACIÓN";"1";"1";"1";"1";"1";"31";"0"
"2023";"10";"230101";"TACNA";"TACNA";"TACNA";"PRIVADO";"I-4";"00011466";"CLINICA ISABEL";"240000";"HOSPITALIZACIÓN";"1";"1";"3";"1";"1";"31";"0"
"2023";"10";"230101";"TACNA";"TACNA";"TACNA";"PRIVADO";"I-4";"00011466";"CLINICA ISABEL";"240000";"HOSPITALIZACIÓN";"1";"1";"2";"1";"1";"31";"0"
"2023";"10";"150135";"LIMA";"LIMA";"SAN MARTIN DE PORRES";"MINSA";"III-2";"00007733";"INSTITUTO NACIONAL DE SALUD MENTAL ""HONORIO DELGADO - HIDEYO NOGUCHI""";"242202";"HOSPITALIZACIÓN DE MEDICINA PSIQUIATRÍA PSIQUIATRÍA DEL ADULTO Y GERONTE";"16";"14";"723";"1325";"49";"1519";"0"
"2023";"10";"150135";"LIMA";"LIMA";"SAN MARTIN DE PORRES";"MINSA";"III-2";"00007733";"INSTITUTO NACIONAL DE SALUD MENTAL ""HONORIO DELGADO - HIDEYO NOGUCHI""";"242203";"HOSPITALIZACIÓN DE MEDICINA PSIQUIATRÍA PSIQUIATRÍA DEL NIÑO Y DEL ADOLESCENTE";"9";"9";"351";"363";"12";"372";"0"
"2023";"10";"150135";"LIMA";"LIMA";"SAN MARTIN DE PORRES";"MINSA";"III-2";"00007733";"INSTITUTO NACIONAL DE SALUD MENTAL ""HONORIO DELGADO - HIDEYO NOGUCHI""";"242205";"HOSPITALIZACIÓN MEDICINA PSIQUIATRÍA PISIQUIATRIA/ SALUD MENTAL Y ADICCIONES";"10";"16";"791";"684";"30";"930";"0"
"2023";"10";"150130";"LIMA";"LIMA";"SAN BORJA";"PRIVADO";"II-E";"00018626";"OFTALMICA S.A";"NE_0001";"";"NE_0001";"NE_0001";"NE_0001";"NE_0001";"NE_0001";"NE_0001";"NE_0001"
"2023";"10";"060812";"CAJAMARCA";"JAEN";"SANTA ROSA";"GOBIERNO REGIONAL";"I-3";"00004262";"PUENTECILLOS";"NE_0001";"";"NE_0001";"NE_0001";"NE_0001";"NE_0001";"NE_0001";"NE_0001";"NE_0001"
"2023";"10";"040129";"AREQUIPA";"AREQUIPA";"JOSE LUIS BUSTAMANTE Y RIVERO";"GOBIERNO REGIONAL";"I-2";"00001263";"PUESTO DE SALUD 13 DE ENERO";"NE_0001";"";"NE_0001";"NE_0001";"NE_0001";"NE_0001";"NE_0001";"NE_0001";"NE_0001"
"2023";"10";"040129";"AREQUIPA";"AREQUIPA";"JOSE LUIS BUSTAMANTE Y RIVERO";"GOBIERNO REGIONAL";"I-3";"00001264";"CENTRO DE SALUD LAS ESMERALDAS";"NE_0001";"";"NE_0001";"NE_0001";"NE_0001";"NE_0001";"NE_0001";"NE_0001";"NE_0001"
"2023";"10";"040509";"AREQUIPA";"CAYLLOMA";"ICHUPAMPA";"GOBIERNO REGIONAL";"I-2";"00001425";"PUESTO DE SALUD ICHUPAMPA";"NE_0001";"";"NE_0001";"NE_0001";"NE_0001";"NE_0001";"NE_0001";"NE_0001";"NE_0001"
"2023";"10";"040506";"AREQUIPA";"CAYLLOMA";"COPORAQUE";"GOBIERNO REGIONAL";"I-2";"00001424";"PUESTO DE SALUD COPORAQUE";"NE_0001";"";"NE_0001";"NE_0001";"NE_0001";"NE_0001";"NE_0001";"NE_0001";"NE_0001"
"2023";"10";"040502";"AREQUIPA";"CAYLLOMA";"ACHOMA";"GOBIERNO REGIONAL";"I-2";"00001429";"PUESTO DE SALUD ACHOMA";"NE_0001";"";"NE_0001";"NE_0001";"NE_0001";"NE_0001";"NE_0001";"NE_0001";"NE_0001"
"2023";"10";"040512";"AREQUIPA";"CAYLLOMA";"MACA";"GOBIERNO REGIONAL";"I-2";"00001430";"PUESTO DE SALUD MACA";"NE_0001";"";"NE_0001";"NE_0001";"NE_0001";"NE_0001";"NE_0001";"NE_0001";"NE_0001"
"2023";"10";"040513";"AREQUIPA";"CAYLLOMA";"MADRIGAL";"GOBIERNO REGIONAL";"I-2";"00001427";"PUESTO DE SALUD MADRIGAL";"NE_0001";"";"NE_0001";"NE_0001";"NE_0001";"NE_0001";"NE_0001";"NE_0001";"NE_0001"
"2023";"10";"080108";"CUSCO";"CUSCO";"WANCHAQ";"ESSALUD";"III-1";"00010041";"ADOLFO GUEVARA VELASCO";"241900";"HOSPITALIZACIÓN DE MEDICINA MEDICINA INTERNA ";"9";"13";"92";"83";"3";"93";"0"
"2023";"10";"080108";"CUSCO";"CUSCO";"WANCHAQ";"ESSALUD";"III-1";"00010041";"ADOLFO GUEVARA VELASCO";"241900";"HOSPITALIZACIÓN DE MEDICINA MEDICINA INTERNA ";"43";"44";"356";"459";"15";"465";"1"
"2023";"10";"080108";"CUSCO";"CUSCO";"WANCHAQ";"ESSALUD";"III-1";"00010041";"ADOLFO GUEVARA VELASCO";"241900";"HOSPITALIZACIÓN DE MEDICINA MEDICINA INTERNA ";"12";"12";"153";"254";"9";"279";"0"
"2023";"10";"080108";"CUSCO";"CUSCO";"WANCHAQ";"ESSALUD";"III-1";"00010041";"ADOLFO GUEVARA VELASCO";"241900";"HOSPITALIZACIÓN DE MEDICINA MEDICINA INTERNA ";"11";"26";"450";"401";"13";"403";"0"
"2023";"10";"080108";"CUSCO";"CUSCO";"WANCHAQ";"ESSALUD";"III-1";"00010041";"ADOLFO GUEVARA VELASCO";"241900";"HOSPITALIZACIÓN DE MEDICINA MEDICINA INTERNA ";"6";"4";"68";"37";"2";"62";"0"
"2023";"10";"080108";"CUSCO";"CUSCO";"WANCHAQ";"ESSALUD";"III-1";"00010041";"ADOLFO GUEVARA VELASCO";"241900";"HOSPITALIZACIÓN DE MEDICINA MEDICINA INTERNA ";"6";"4";"25";"24";"1";"31";"0"
"2023";"10";"080108";"CUSCO";"CUSCO";"WANCHAQ";"ESSALUD";"III-1";"00010041";"ADOLFO GUEVARA VELASCO";"241900";"HOSPITALIZACIÓN DE MEDICINA MEDICINA INTERNA ";"102";"84";"1423";"1285";"42";"1302";"9"
"2023";"10";"080108";"CUSCO";"CUSCO";"WANCHAQ";"ESSALUD";"III-1";"00010041";"ADOLFO GUEVARA VELASCO";"241900";"HOSPITALIZACIÓN DE MEDICINA MEDICINA INTERNA ";"31";"36";"367";"356";"12";"372";"1"
"2023";"10";"080108";"CUSCO";"CUSCO";"WANCHAQ";"ESSALUD";"III-1";"00010041";"ADOLFO GUEVARA VELASCO";"241900";"HOSPITALIZACIÓN DE MEDICINA MEDICINA INTERNA ";"14";"14";"152";"202";"7";"217";"1"
"2023";"10";"080108";"CUSCO";"CUSCO";"WANCHAQ";"ESSALUD";"III-1";"00010041";"ADOLFO GUEVARA VELASCO";"242100";"HOSPITALIZACIÓN DE MEDICINA ONCOLOGÍA MÉDICA ";"91";"92";"645";"658";"22";"682";"14"
"2023";"10";"080108";"CUSCO";"CUSCO";"WANCHAQ";"ESSALUD";"III-1";"00010041";"ADOLFO GUEVARA VELASCO";"240200";"HOSPITALIZACIÓN QUIRÚRGICA CIRUGÍA DE CABEZA Y CUELLO / MÁXILO FACIAL ";"20";"18";"162";"172";"6";"186";"0"
"2023";"10";"080108";"CUSCO";"CUSCO";"WANCHAQ";"ESSALUD";"III-1";"00010041";"ADOLFO GUEVARA VELASCO";"240400";"HOSPITALIZACIÓN QUIRÚRGICA CIRUGÍA DE TÓRAX Y CARDIOVASCULAR ";"20";"18";"121";"191";"7";"217";"0"
"2023";"10";"080108";"CUSCO";"CUSCO";"WANCHAQ";"ESSALUD";"III-1";"00010041";"ADOLFO GUEVARA VELASCO";"241000";"HOSPITALIZACIÓN QUIRÚRGICA ONCOLOGÍA QUIRÚRGICA  ";"47";"44";"162";"152";"5";"155";"0"
"2023";"10";"080108";"CUSCO";"CUSCO";"WANCHAQ";"ESSALUD";"III-1";"00010041";"ADOLFO GUEVARA VELASCO";"240100";"HOSPITALIZACIÓN QUIRÚRGICA CIRUGÍA GENERAL ";"228";"224";"569";"617";"21";"651";"1"
"2023";"10";"080108";"CUSCO";"CUSCO";"WANCHAQ";"ESSALUD";"III-1";"00010041";"ADOLFO GUEVARA VELASCO";"240800";"HOSPITALIZACIÓN QUIRÚRGICA CIRUGÍA PLÁSTICA/RECONSTRUCTIVA/ REPARADORA ";"2";"3";"24";"23";"1";"31";"0"
"2023";"10";"080108";"CUSCO";"CUSCO";"WANCHAQ";"ESSALUD";"III-1";"00010041";"ADOLFO GUEVARA VELASCO";"240900";"HOSPITALIZACIÓN QUIRÚRGICA NEUROCIRUGÍA ";"26";"26";"251";"263";"9";"279";"0"
"2023";"10";"080108";"CUSCO";"CUSCO";"WANCHAQ";"ESSALUD";"III-1";"00010041";"ADOLFO GUEVARA VELASCO";"240600";"HOSPITALIZACIÓN QUIRÚRGICA CIRUGÍA OFTALMOLÓGICA ";"1";"0";"0";"1";"1";"31";"0"
"2023";"10";"080108";"CUSCO";"CUSCO";"WANCHAQ";"ESSALUD";"III-1";"00010041";"ADOLFO GUEVARA VELASCO";"241200";"HOSPITALIZACIÓN QUIRÚRGICA TRAUMATOLOGÍA Y ORTOPEDIA ";"96";"108";"939";"988";"32";"992";"0"
"2023";"10";"080108";"CUSCO";"CUSCO";"WANCHAQ";"ESSALUD";"III-1";"00010041";"ADOLFO GUEVARA VELASCO";"241100";"HOSPITALIZACIÓN QUIRÚRGICA OTORRINOLARINGOLOGÍA  ";"51";"51";"218";"219";"8";"248";"0"
"2023";"10";"080108";"CUSCO";"CUSCO";"WANCHAQ";"ESSALUD";"III-1";"00010041";"ADOLFO GUEVARA VELASCO";"241300";"HOSPITALIZACIÓN QUIRÚRGICA UROLOGÍA  ";"56";"62";"454";"430";"14";"434";"0"
"2023";"10";"080108";"CUSCO";"CUSCO";"WANCHAQ";"ESSALUD";"III-1";"00010041";"ADOLFO GUEVARA VELASCO";"241500";"HOSPITALIZACIÓN QUIRÚRGICA GINECOLOGÍA  ";"109";"111";"332";"294";"10";"310";"0"
"2023";"10";"080108";"CUSCO";"CUSCO";"WANCHAQ";"ESSALUD";"III-1";"00010041";"ADOLFO GUEVARA VELASCO";"241600";"HOSPITALIZACIÓN QUIRÚRGICA OBSTETRICIA   ";"247";"257";"695";"682";"30";"930";"0"
"2023";"10";"080108";"CUSCO";"CUSCO";"WANCHAQ";"ESSALUD";"III-1";"00010041";"ADOLFO GUEVARA VELASCO";"242300";"HOSPITALIZACIÓN DE PEDIATRÍA  PEDIATRÍA  GENERAL ";"72";"76";"474";"460";"15";"465";"0"
"2023";"10";"080108";"CUSCO";"CUSCO";"WANCHAQ";"ESSALUD";"III-1";"00010041";"ADOLFO GUEVARA VELASCO";"240700";"HOSPITALIZACIÓN QUIRÚRGICA CIRUGÍA PEDIÁTRICA ";"13";"21";"239";"113";"9";"279";"0"
"2023";"10";"080108";"CUSCO";"CUSCO";"WANCHAQ";"ESSALUD";"III-1";"00010041";"ADOLFO GUEVARA VELASCO";"250100";"UNIDAD DE CUIDADOS CRITICOS UNIDAD  DE CUIDADOS INTENSIVOS GENERALES (UCI) ";"20";"6";"143";"250";"12";"372";"7"
"2023";"10";"080108";"CUSCO";"CUSCO";"WANCHAQ";"ESSALUD";"III-1";"00010041";"ADOLFO GUEVARA VELASCO";"250108";"UNIDAD DE CUIDADOS CRITICOS UNIDAD  DE CUIDADOS INTENSIVOS  (UCI) PEDIÁTRICA";"1";"2";"47";"56";"3";"93";"0"
"2023";"10";"080108";"CUSCO";"CUSCO";"WANCHAQ";"ESSALUD";"III-1";"00010041";"ADOLFO GUEVARA VELASCO";"250105";"UNIDAD DE CUIDADOS CRITICOS UNIDAD  DE CUIDADOS INTENSIVOS  (UCI) NEONATOLOGÍA";"16";"5";"72";"114";"10";"310";"0"
"2023";"10";"080108";"CUSCO";"CUSCO";"WANCHAQ";"ESSALUD";"III-1";"00010041";"ADOLFO GUEVARA VELASCO";"250200";"UNIDAD DE CUIDADOS CRITICOS UNIDAD DE CUIDADOS INTERMEDIOS GENERAL  (UCIN) ";"1";"2";"239";"223";"8";"248";"0"
"2023";"10";"080108";"CUSCO";"CUSCO";"WANCHAQ";"ESSALUD";"III-1";"00010041";"ADOLFO GUEVARA VELASCO";"250105";"UNIDAD DE CUIDADOS CRITICOS UNIDAD  DE CUIDADOS INTENSIVOS  (UCI) NEONATOLOGÍA";"0";"13";"140";"170";"6";"186";"5"
"2023";"10";"080108";"CUSCO";"CUSCO";"WANCHAQ";"ESSALUD";"III-1";"00010041";"ADOLFO GUEVARA VELASCO";"250105";"UNIDAD DE CUIDADOS CRITICOS UNIDAD  DE CUIDADOS INTENSIVOS  (UCI) NEONATOLOGÍA";"3";"35";"322";"300";"10";"310";"0"
"2023";"10";"080108";"CUSCO";"CUSCO";"WANCHAQ";"ESSALUD";"III-1";"00010041";"ADOLFO GUEVARA VELASCO";"250105";"UNIDAD DE CUIDADOS CRITICOS UNIDAD  DE CUIDADOS INTENSIVOS  (UCI) NEONATOLOGÍA";"3";"27";"282";"233";"8";"248";"0"
"2023";"10";"040109";"AREQUIPA";"AREQUIPA";"MARIANO MELGAR";"GOBIERNO REGIONAL";"I-2";"00001309";"PUESTO DE SALUD JERUSALEN";"NE_0001";"";"NE_0001";"NE_0001";"NE_0001";"NE_0001";"NE_0001";"NE_0001";"NE_0001"
"2023";"10";"040109";"AREQUIPA";"AREQUIPA";"MARIANO MELGAR";"GOBIERNO REGIONAL";"I-2";"00007722";"PUESTO DE SALUD EL MIRADOR";"NE_0001";"";"NE_0001";"NE_0001";"NE_0001";"NE_0001";"NE_0001";"NE_0001";"NE_0001"
"2023";"10";"040109";"AREQUIPA";"AREQUIPA";"MARIANO MELGAR";"GOBIERNO REGIONAL";"I-3";"00001295";"CENTRO DE SALUD GENERALISIMO SAN MARTIN";"NE_0001";"";"NE_0001";"NE_0001";"NE_0001";"NE_0001";"NE_0001";"NE_0001";"NE_0001"
"2023";"10";"080901";"CUSCO";"LA CONVENCION";"SANTA ANA";"GOBIERNO REGIONAL";"II-1";"00002421";"QUILLABAMBA";"240100";"HOSPITALIZACIÓN QUIRÚRGICA CIRUGÍA GENERAL ";"90";"99";"580";"541";"30";"930";"0"
"2023";"10";"080901";"CUSCO";"LA CONVENCION";"SANTA ANA";"GOBIERNO REGIONAL";"II-1";"00002421";"QUILLABAMBA";"241400";"HOSPITALIZACIÓN QUIRÚRGICA GINECO - OBSTETRICIA ";"159";"157";"368";"385";"31";"961";"0"
"2023";"10";"080901";"CUSCO";"LA CONVENCION";"SANTA ANA";"GOBIERNO REGIONAL";"II-1";"00002421";"QUILLABAMBA";"241800";"HOSPITALIZACIÓN DE MEDICINA MEDICINA GENERAL ";"74";"71";"355";"438";"44";"1364";"6"
"2023";"10";"080901";"CUSCO";"LA CONVENCION";"SANTA ANA";"GOBIERNO REGIONAL";"II-1";"00002421";"QUILLABAMBA";"242500";"HOSPITALIZACIÓN-PEDIATRÍA GENERAL-";"53";"48";"170";"284";"25";"775";"0"
"2023";"10";"080901";"CUSCO";"LA CONVENCION";"SANTA ANA";"GOBIERNO REGIONAL";"II-1";"00002421";"QUILLABAMBA";"242200";"HOSPITALIZACIÓN DE MEDICINA PSIQUIATRÍA ";"14";"11";"170";"201";"10";"310";"0"
"2023";"10";"120105";"JUNIN";"HUANCAYO";"CHACAPAMPA";"GOBIERNO REGIONAL";"I-1";"00000696";"LOS ANGELES";"NE_0002";"";"NE_0002";"NE_0002";"NE_0002";"NE_0002";"NE_0002";"NE_0002";"NE_0002"
"2023";"10";"120105";"JUNIN";"HUANCAYO";"CHACAPAMPA";"GOBIERNO REGIONAL";"I-1";"00000694";"CHACAPAMPA";"NE_0002";"";"NE_0002";"NE_0002";"NE_0002";"NE_0002";"NE_0002";"NE_0002";"NE_0002"
"2023";"10";"120104";"JUNIN";"HUANCAYO";"CARHUACALLANGA";"GOBIERNO REGIONAL";"I-1";"00000693";"CARHUACALLANGA";"NE_0002";"";"NE_0002";"NE_0002";"NE_0002";"NE_0002";"NE_0002";"NE_0002";"NE_0002"
"2023";"10";"120120";"JUNIN";"HUANCAYO";"HUASICANCHA";"GOBIERNO REGIONAL";"I-1";"00000703";"HUASICANCHA";"NE_0002";"";"NE_0002";"NE_0002";"NE_0002";"NE_0002";"NE_0002";"NE_0002";"NE_0002"
"2023";"10";"120106";"JUNIN";"HUANCAYO";"CHICCHE";"GOBIERNO REGIONAL";"I-1";"00000698";"VISTA ALEGRE";"NE_0002";"";"NE_0002";"NE_0002";"NE_0002";"NE_0002";"NE_0002";"NE_0002";"NE_0002"
"2023";"11";"130101";"LA LIBERTAD";"TRUJILLO";"TRUJILLO";"PRIVADO";"II-E";"00016830";"CLINICA CAMINO REAL";"240000";"HOSPITALIZACIÓN";"30";"5";"10";"142";"6";"180";"0"
"2023";"11";"130101";"LA LIBERTAD";"TRUJILLO";"TRUJILLO";"PRIVADO";"II-E";"00016830";"CLINICA CAMINO REAL";"250100";"UNIDAD DE CUIDADOS CRITICOS UNIDAD  DE CUIDADOS INTENSIVOS GENERALES (UCI) ";"0";"1";"5";"1";"2";"60";"0"
"2023";"11";"090206";"HUANCAVELICA";"ACOBAMBA";"PAUCARA";"GOBIERNO REGIONAL";"I-1";"00003932";"PUESTO DE SALUD HUACHHUA";"NE_0001";"";"NE_0001";"NE_0001";"NE_0001";"NE_0001";"NE_0001";"NE_0001";"NE_0001"
"2023";"11";"090206";"HUANCAVELICA";"ACOBAMBA";"PAUCARA";"GOBIERNO REGIONAL";"I-2";"00006823";"PUESTO DE SALUD CHOPCCAPAMPA";"NE_0001";"";"NE_0001";"NE_0001";"NE_0001";"NE_0001";"NE_0001";"NE_0001";"NE_0001"
"2023";"11";"130908";"LA LIBERTAD";"SANCHEZ CARRION";"SARTIMBAMBA";"GOBIERNO REGIONAL";"I-2";"00005363";"SARTIMBAMBA";"NE_0001";"";"NE_0001";"NE_0001";"NE_0001";"NE_0001";"NE_0001";"NE_0001";"NE_0001"
"2023";"11";"130908";"LA LIBERTAD";"SANCHEZ CARRION";"SARTIMBAMBA";"GOBIERNO REGIONAL";"I-2";"00005364";"SAN ALFONSO";"NE_0001";"";"NE_0001";"NE_0001";"NE_0001";"NE_0001";"NE_0001";"NE_0001";"NE_0001"
"2023";"11";"130908";"LA LIBERTAD";"SANCHEZ CARRION";"SARTIMBAMBA";"GOBIERNO REGIONAL";"I-2";"00005365";"MARCABAL GRANDE";"NE_0001";"";"NE_0001";"NE_0001";"NE_0001";"NE_0001";"NE_0001";"NE_0001";"NE_0001"
"2023";"11";"130908";"LA LIBERTAD";"SANCHEZ CARRION";"SARTIMBAMBA";"GOBIERNO REGIONAL";"I-2";"00017925";"LA VICTORIA";"NE_0001";"";"NE_0001";"NE_0001";"NE_0001";"NE_0001";"NE_0001";"NE_0001";"NE_0001"
"2023";"11";"040701";"AREQUIPA";"ISLAY";"MOLLENDO";"ESSALUD";"II-1";"00013295";"HOSPITAL II MANUEL DE TORRES MUÑOZ -  MOLLENDO";"241800";"HOSPITALIZACIÓN DE MEDICINA MEDICINA GENERAL ";"33";"29";"187";"200";"7";"210";"5"
"2023";"11";"040701";"AREQUIPA";"ISLAY";"MOLLENDO";"ESSALUD";"II-1";"00013295";"HOSPITAL II MANUEL DE TORRES MUÑOZ -  MOLLENDO";"240100";"HOSPITALIZACIÓN QUIRÚRGICA CIRUGÍA GENERAL ";"34";"30";"83";"106";"5";"150";"0"
"2023";"11";"040701";"AREQUIPA";"ISLAY";"MOLLENDO";"ESSALUD";"II-1";"00013295";"HOSPITAL II MANUEL DE TORRES MUÑOZ -  MOLLENDO";"241500";"HOSPITALIZACIÓN QUIRÚRGICA GINECOLOGÍA  ";"14";"14";"37";"36";"2";"60";"0"
"2023";"11";"040701";"AREQUIPA";"ISLAY";"MOLLENDO";"ESSALUD";"II-1";"00013295";"HOSPITAL II MANUEL DE TORRES MUÑOZ -  MOLLENDO";"241600";"HOSPITALIZACIÓN QUIRÚRGICA OBSTETRICIA   ";"14";"12";"26";"27";"1";"30";"0"
"2023";"11";"040701";"AREQUIPA";"ISLAY";"MOLLENDO";"ESSALUD";"II-1";"00013295";"HOSPITAL II MANUEL DE TORRES MUÑOZ -  MOLLENDO";"242300";"HOSPITALIZACIÓN DE PEDIATRÍA  PEDIATRÍA  GENERAL ";"18";"16";"35";"38";"2";"60";"0"
"2023";"11";"090201";"HUANCAVELICA";"ACOBAMBA";"ACOBAMBA";"GOBIERNO REGIONAL";"I-3";"00022075";"CENTRO DE SALUD MENTAL COMUNITARIO ACOBAMBA";"NE_0001";"";"NE_0001";"NE_0001";"NE_0001";"NE_0001";"NE_0001";"NE_0001";"NE_0001"
"2023";"11";"220101";"SAN MARTIN";"MOYOBAMBA";"MOYOBAMBA";"GOBIERNO REGIONAL";"I-1";"00006324";"SHIMPIYACU";"NE_0001";"";"NE_0001";"NE_0001";"NE_0001";"NE_0001";"NE_0001";"NE_0001";"NE_0001"
"2023";"11";"220202";"SAN MARTIN";"BELLAVISTA";"ALTO BIAVO";"GOBIERNO REGIONAL";"I-1";"00006526";"INCAICO";"NE_0001";"";"NE_0001";"NE_0001";"NE_0001";"NE_0001";"NE_0001";"NE_0001";"NE_0001"
"2023";"11";"220202";"SAN MARTIN";"BELLAVISTA";"ALTO BIAVO";"GOBIERNO REGIONAL";"I-1";"00006527";"JOSE OLAYA";"NE_0001";"";"NE_0001";"NE_0001";"NE_0001";"NE_0001";"NE_0001";"NE_0001";"NE_0001"
"2023";"11";"040103";"AREQUIPA";"AREQUIPA";"CAYMA";"PRIVADO";"II-1";"00015730";"CLINICA SAN JUAN DE DIOS";"240000";"HOSPITALIZACIÓN";"435";"434";"1636";"1626";"71";"2130";"3"
"2023";"11";"040101";"AREQUIPA";"AREQUIPA";"AREQUIPA";"PRIVADO";"II-E";"00024208";"PRAXIS MEDICAL S.A.C.";"240800";"HOSPITALIZACIÓN QUIRÚRGICA CIRUGÍA PLÁSTICA/RECONSTRUCTIVA/ REPARADORA ";"6";"5";"13";"25";"12";"360";"0"
"2023";"11";"110304";"ICA";"NAZCA";"MARCONA";"ESSALUD";"I-4";"00013911";"MARIA REICHE NEUMAN";"241800";"HOSPITALIZACIÓN DE MEDICINA MEDICINA GENERAL ";"25";"24";"97";"73";"4";"120";"0"
"2023";"11";"110304";"ICA";"NAZCA";"MARCONA";"ESSALUD";"I-4";"00013911";"MARIA REICHE NEUMAN";"240100";"HOSPITALIZACIÓN QUIRÚRGICA CIRUGÍA GENERAL ";"4";"5";"31";"26";"2";"60";"0"
"2023";"11";"110304";"ICA";"NAZCA";"MARCONA";"ESSALUD";"I-4";"00013911";"MARIA REICHE NEUMAN";"241500";"HOSPITALIZACIÓN QUIRÚRGICA GINECOLOGÍA  ";"18";"18";"47";"29";"3";"90";"0"
"2023";"11";"110304";"ICA";"NAZCA";"MARCONA";"ESSALUD";"I-4";"00013911";"MARIA REICHE NEUMAN";"242300";"HOSPITALIZACIÓN DE PEDIATRÍA  PEDIATRÍA  GENERAL ";"12";"13";"36";"23";"2";"60";"0"
"2023";"09";"250105";"UCAYALI";"CORONEL PORTILLO";"YARINACOCHA";"GOBIERNO REGIONAL";"II-2";"00005577";"HOSPITAL AMAZONICO - YARINACOCHA";"241400";"HOSPITALIZACIÓN QUIRÚRGICA GINECO - OBSTETRICIA ";"345";"386";"1060";"1437";"62";"1860";"0"
"2023";"09";"250105";"UCAYALI";"CORONEL PORTILLO";"YARINACOCHA";"GOBIERNO REGIONAL";"II-2";"00005577";"HOSPITAL AMAZONICO - YARINACOCHA";"242500";"HOSPITALIZACIÓN-PEDIATRÍA GENERAL-";"42";"61";"505";"517";"21";"630";"2"
"2023";"09";"250105";"UCAYALI";"CORONEL PORTILLO";"YARINACOCHA";"GOBIERNO REGIONAL";"II-2";"00005577";"HOSPITAL AMAZONICO - YARINACOCHA";"250105";"UNIDAD DE CUIDADOS CRITICOS UNIDAD  DE CUIDADOS INTENSIVOS  (UCI) NEONATOLOGÍA";"10";"6";"54";"56";"6";"180";"4"
"2023";"09";"250105";"UCAYALI";"CORONEL PORTILLO";"YARINACOCHA";"GOBIERNO REGIONAL";"II-2";"00005577";"HOSPITAL AMAZONICO - YARINACOCHA";"240100";"HOSPITALIZACIÓN QUIRÚRGICA CIRUGÍA GENERAL ";"92";"118";"775";"780";"26";"780";"0"
"2023";"09";"250105";"UCAYALI";"CORONEL PORTILLO";"YARINACOCHA";"GOBIERNO REGIONAL";"II-2";"00005577";"HOSPITAL AMAZONICO - YARINACOCHA";"241800";"HOSPITALIZACIÓN DE MEDICINA MEDICINA GENERAL ";"48";"67";"829";"774";"29";"870";"10"
"2023";"09";"250105";"UCAYALI";"CORONEL PORTILLO";"YARINACOCHA";"GOBIERNO REGIONAL";"II-2";"00005577";"HOSPITAL AMAZONICO - YARINACOCHA";"242200";"HOSPITALIZACIÓN DE MEDICINA PSIQUIATRÍA ";"1";"4";"89";"91";"9";"270";"0"
"2023";"09";"250105";"UCAYALI";"CORONEL PORTILLO";"YARINACOCHA";"GOBIERNO REGIONAL";"II-2";"00005577";"HOSPITAL AMAZONICO - YARINACOCHA";"243200";"HOSPITALIZACIÓN DE PEDIATRÍA PEDIATRIA NEONATOLOGÍA";"27";"39";"281";"320";"12";"360";"1"
"2023";"09";"250105";"UCAYALI";"CORONEL PORTILLO";"YARINACOCHA";"GOBIERNO REGIONAL";"II-2";"00005577";"HOSPITAL AMAZONICO - YARINACOCHA";"250103";"UNIDAD DE CUIDADOS CRITICOS UNIDAD  DE CUIDADOS INTENSIVOS GENERALES  (UCI) MEDICINA";"6";"8";"82";"88";"9";"270";"6"
"2023";"09";"250105";"UCAYALI";"CORONEL PORTILLO";"YARINACOCHA";"GOBIERNO REGIONAL";"II-2";"00005577";"HOSPITAL AMAZONICO - YARINACOCHA";"250302";"HOSPIT. EN UNIDAD DE CUID.INTEN.-UNIDAD DE VIGILANCIA INTENSIVA (UVI)-GINECO-OBSTETRICIA";"16";"3";"8";"11";"3";"90";"0"
"2023";"08";"250101";"UCAYALI";"CORONEL PORTILLO";"CALLERIA";"GOBIERNO REGIONAL";"0";"00027157";"SISTEMA DE ATENCIÓN MÓVIL DE URGENCIAS (SAMU)";"NE_0001";"";"NE_0001";"NE_0001";"NE_0001";"NE_0001";"NE_0001";"NE_0001";"NE_0001"
"2023";"08";"250303";"UCAYALI";"PADRE ABAD";"CURIMANA";"GOBIERNO REGIONAL";"I-1";"00025049";"PUESTO DE SALUD MERIBA";"NE_0001";"";"NE_0001";"NE_0001";"NE_0001";"NE_0001";"NE_0001";"NE_0001";"NE_0001"
"2023";"08";"250105";"UCAYALI";"CORONEL PORTILLO";"YARINACOCHA";"GOBIERNO REGIONAL";"0";"00014314";"LABORATORIO DE REFERENCIA REGIONAL EN SALUD PUBLICA UCAYALI";"NE_0001";"";"NE_0001";"NE_0001";"NE_0001";"NE_0001";"NE_0001";"NE_0001";"NE_0001"
"2023";"08";"250105";"UCAYALI";"CORONEL PORTILLO";"YARINACOCHA";"GOBIERNO REGIONAL";"I-1";"00007237";"NUEVA UNION";"NE_0001";"";"NE_0001";"NE_0001";"NE_0001";"NE_0001";"NE_0001";"NE_0001";"NE_0001"
"2023";"08";"250303";"UCAYALI";"PADRE ABAD";"CURIMANA";"GOBIERNO REGIONAL";"I-1";"00006950";"PUEBLO LIBRE CURIMANA";"NE_0001";"";"NE_0001";"NE_0001";"NE_0001";"NE_0001";"NE_0001";"NE_0001";"NE_0001"
"2023";"08";"250303";"UCAYALI";"PADRE ABAD";"CURIMANA";"GOBIERNO REGIONAL";"I-1";"00006885";"SAN JUAN DE TAHUAPOA";"NE_0001";"";"NE_0001";"NE_0001";"NE_0001";"NE_0001";"NE_0001";"NE_0001";"NE_0001"
"2023";"08";"250105";"UCAYALI";"CORONEL PORTILLO";"YARINACOCHA";"GOBIERNO REGIONAL";"I-1";"00005549";"SANTA ROSA";"NE_0001";"";"NE_0001";"NE_0001";"NE_0001";"NE_0001";"NE_0001";"NE_0001";"NE_0001"
"2023";"08";"250105";"UCAYALI";"CORONEL PORTILLO";"YARINACOCHA";"GOBIERNO REGIONAL";"I-1";"00005548";"CASHIVOCOCHA";"NE_0001";"";"NE_0001";"NE_0001";"NE_0001";"NE_0001";"NE_0001";"NE_0001";"NE_0001"
"2023";"08";"250105";"UCAYALI";"CORONEL PORTILLO";"YARINACOCHA";"GOBIERNO REGIONAL";"I-1";"00005546";"MARISCAL SUCRE";"NE_0001";"";"NE_0001";"NE_0001";"NE_0001";"NE_0001";"NE_0001";"NE_0001";"NE_0001"
"2023";"08";"250105";"UCAYALI";"CORONEL PORTILLO";"YARINACOCHA";"GOBIERNO REGIONAL";"I-1";"00005545";"NUEVA ALEJANDRIA";"NE_0001";"";"NE_0001";"NE_0001";"NE_0001";"NE_0001";"NE_0001";"NE_0001";"NE_0001"
"2023";"08";"250105";"UCAYALI";"CORONEL PORTILLO";"YARINACOCHA";"GOBIERNO REGIONAL";"I-1";"00005544";"CLAS UNION ZAPOTILLO";"NE_0001";"";"NE_0001";"NE_0001";"NE_0001";"NE_0001";"NE_0001";"NE_0001";"NE_0001"
"2023";"08";"250105";"UCAYALI";"CORONEL PORTILLO";"YARINACOCHA";"GOBIERNO REGIONAL";"I-1";"00005543";"NUEVA LUZ DE FATIMA";"NE_0001";"";"NE_0001";"NE_0001";"NE_0001";"NE_0001";"NE_0001";"NE_0001";"NE_0001"
"2023";"08";"250105";"UCAYALI";"CORONEL PORTILLO";"YARINACOCHA";"GOBIERNO REGIONAL";"I-1";"00005542";"CLAS  DE SAN JUAN YARINACOCHA .";"NE_0001";"";"NE_0001";"NE_0001";"NE_0001";"NE_0001";"NE_0001";"NE_0001";"NE_0001"
"2023";"08";"250105";"UCAYALI";"CORONEL PORTILLO";"YARINACOCHA";"GOBIERNO REGIONAL";"I-1";"00005541";"PUESTO DE SALUD LEONCIO PRADO";"NE_0001";"";"NE_0001";"NE_0001";"NE_0001";"NE_0001";"NE_0001";"NE_0001";"NE_0001"
"2023";"08";"250105";"UCAYALI";"CORONEL PORTILLO";"YARINACOCHA";"GOBIERNO REGIONAL";"I-1";"00005540";"HUITOCOCHA";"NE_0001";"";"NE_0001";"NE_0001";"NE_0001";"NE_0001";"NE_0001";"NE_0001";"NE_0001"
"2023";"08";"250105";"UCAYALI";"CORONEL PORTILLO";"YARINACOCHA";"GOBIERNO REGIONAL";"I-2";"00005538";"SAN FRANCISCO DE YARINACOCHA";"NE_0001";"";"NE_0001";"NE_0001";"NE_0001";"NE_0001";"NE_0001";"NE_0001";"NE_0001"
"2023";"08";"250105";"UCAYALI";"CORONEL PORTILLO";"YARINACOCHA";"GOBIERNO REGIONAL";"I-2";"00005537";"CLAS   BELLAVISTA DE YARINACOCHA";"NE_0001";"";"NE_0001";"NE_0001";"NE_0001";"NE_0001";"NE_0001";"NE_0001";"NE_0001"
"2023";"08";"250105";"UCAYALI";"CORONEL PORTILLO";"YARINACOCHA";"GOBIERNO REGIONAL";"I-2";"00005536";"ESPERANZA DE PANAILLO";"NE_0001";"";"NE_0001";"NE_0001";"NE_0001";"NE_0001";"NE_0001";"NE_0001";"NE_0001"
"2023";"08";"250105";"UCAYALI";"CORONEL PORTILLO";"YARINACOCHA";"GOBIERNO REGIONAL";"I-2";"00005535";"CLAS SAN PABLO DE TUSHMO.";"NE_0001";"";"NE_0001";"NE_0001";"NE_0001";"NE_0001";"NE_0001";"NE_0001";"NE_0001"
"2023";"08";"250105";"UCAYALI";"CORONEL PORTILLO";"YARINACOCHA";"GOBIERNO REGIONAL";"I-3";"00005534";"SAN JOSE DE YARINACOCHA";"NE_0001";"";"NE_0001";"NE_0001";"NE_0001";"NE_0001";"NE_0001";"NE_0001";"NE_0001"
"2023";"08";"250303";"UCAYALI";"PADRE ABAD";"CURIMANA";"GOBIERNO REGIONAL";"I-1";"00005425";"ZORRILLOS";"NE_0001";"";"NE_0001";"NE_0001";"NE_0001";"NE_0001";"NE_0001";"NE_0001";"NE_0001"
"2023";"08";"250303";"UCAYALI";"PADRE ABAD";"CURIMANA";"GOBIERNO REGIONAL";"I-1";"00005424";"BELLO HORIZONTE";"NE_0001";"";"NE_0001";"NE_0001";"NE_0001";"NE_0001";"NE_0001";"NE_0001";"NE_0001"
"2023";"08";"250303";"UCAYALI";"PADRE ABAD";"CURIMANA";"GOBIERNO REGIONAL";"I-1";"00005423";"LAS MALVINAS.";"NE_0001";"";"NE_0001";"NE_0001";"NE_0001";"NE_0001";"NE_0001";"NE_0001";"NE_0001"
"2023";"08";"250303";"UCAYALI";"PADRE ABAD";"CURIMANA";"GOBIERNO REGIONAL";"I-3";"00005422";"CURIMANA";"NE_0001";"";"NE_0001";"NE_0001";"NE_0001";"NE_0001";"NE_0001";"NE_0001";"NE_0001"
"2023";"09";"080906";"CUSCO";"LA CONVENCION";"QUELLOUNO";"GOBIERNO REGIONAL";"I-2";"00002466";"HUILLCAPAMPA";"NE_0001";"";"NE_0001";"NE_0001";"NE_0001";"NE_0001";"NE_0001";"NE_0001";"NE_0001"
"2023";"09";"080408";"CUSCO";"CALCA";"YANATILE";"GOBIERNO REGIONAL";"I-1";"00002363";"TUPAC AMARU QUELLOUNO";"NE_0001";"";"NE_0001";"NE_0001";"NE_0001";"NE_0001";"NE_0001";"NE_0001";"NE_0001"
"2023";"09";"080905";"CUSCO";"LA CONVENCION";"OCOBAMBA";"GOBIERNO REGIONAL";"I-1";"00002463";"CHINGANILLA";"NE_0001";"";"NE_0001";"NE_0001";"NE_0001";"NE_0001";"NE_0001";"NE_0001";"NE_0001"
"2023";"09";"080906";"CUSCO";"LA CONVENCION";"QUELLOUNO";"GOBIERNO REGIONAL";"I-1";"00008907";"MATORIATO";"NE_0001";"";"NE_0001";"NE_0001";"NE_0001";"NE_0001";"NE_0001";"NE_0001";"NE_0001"
"2023";"09";"080906";"CUSCO";"LA CONVENCION";"QUELLOUNO";"GOBIERNO REGIONAL";"I-2";"00008909";"CHAPO BOYERO";"NE_0001";"";"NE_0001";"NE_0001";"NE_0001";"NE_0001";"NE_0001";"NE_0001";"NE_0001"
"2023";"09";"080905";"CUSCO";"LA CONVENCION";"OCOBAMBA";"GOBIERNO REGIONAL";"I-3";"00002462";"OCCOBAMBA LACONVENCION";"NE_0001";"";"NE_0001";"NE_0001";"NE_0001";"NE_0001";"NE_0001";"NE_0001";"NE_0001"
"2023";"09";"080906";"CUSCO";"LA CONVENCION";"QUELLOUNO";"GOBIERNO REGIONAL";"I-1";"00008906";"ESTRELLA";"NE_0001";"";"NE_0001";"NE_0001";"NE_0001";"NE_0001";"NE_0001";"NE_0001";"NE_0001"
"2023";"09";"080906";"CUSCO";"LA CONVENCION";"QUELLOUNO";"GOBIERNO REGIONAL";"I-4";"00002465";"QUELLOUNO";"NE_0001";"";"NE_0001";"NE_0001";"NE_0001";"NE_0001";"NE_0001";"NE_0001";"NE_0001"
"2023";"09";"080906";"CUSCO";"LA CONVENCION";"QUELLOUNO";"GOBIERNO REGIONAL";"I-2";"00002468";"SAN MARTIN";"NE_0001";"";"NE_0001";"NE_0001";"NE_0001";"NE_0001";"NE_0001";"NE_0001";"NE_0001"
"2023";"09";"080906";"CUSCO";"LA CONVENCION";"QUELLOUNO";"GOBIERNO REGIONAL";"I-1";"00008908";"CHIRUMBIA";"NE_0001";"";"NE_0001";"NE_0001";"NE_0001";"NE_0001";"NE_0001";"NE_0001";"NE_0001"
"2023";"09";"080909";"CUSCO";"LA CONVENCION";"VILCABAMBA";"GOBIERNO REGIONAL";"I-4";"00002480";"PUCYURA";"NE_0001";"";"NE_0001";"NE_0001";"NE_0001";"NE_0001";"NE_0001";"NE_0001";"NE_0001"
"2023";"09";"080911";"CUSCO";"LA CONVENCION";"INKAWASI";"GOBIERNO REGIONAL";"I-1";"00002481";"CCARCCO";"NE_0001";"";"NE_0001";"NE_0001";"NE_0001";"NE_0001";"NE_0001";"NE_0001";"NE_0001"
"2023";"09";"080909";"CUSCO";"LA CONVENCION";"VILCABAMBA";"GOBIERNO REGIONAL";"I-1";"00002486";"PAMPACONAS";"NE_0001";"";"NE_0001";"NE_0001";"NE_0001";"NE_0001";"NE_0001";"NE_0001";"NE_0001"
"2023";"09";"080909";"CUSCO";"LA CONVENCION";"VILCABAMBA";"GOBIERNO REGIONAL";"I-2";"00002484";"OYARA";"NE_0001";"";"NE_0001";"NE_0001";"NE_0001";"NE_0001";"NE_0001";"NE_0001";"NE_0001"
"2023";"09";"080909";"CUSCO";"LA CONVENCION";"VILCABAMBA";"GOBIERNO REGIONAL";"I-1";"00002490";"ARMA";"NE_0001";"";"NE_0001";"NE_0001";"NE_0001";"NE_0001";"NE_0001";"NE_0001";"NE_0001"
"2023";"09";"080912";"CUSCO";"LA CONVENCION";"VILLA VIRGEN";"GOBIERNO REGIONAL";"I-1";"00013070";"CHANCAVINE";"NE_0001";"";"NE_0001";"NE_0001";"NE_0001";"NE_0001";"NE_0001";"NE_0001";"NE_0001"
"2023";"09";"080911";"CUSCO";"LA CONVENCION";"INKAWASI";"GOBIERNO REGIONAL";"I-1";"00002485";"PACCAYBAMBA";"NE_0001";"";"NE_0001";"NE_0001";"NE_0001";"NE_0001";"NE_0001";"NE_0001";"NE_0001"
"2023";"09";"080911";"CUSCO";"LA CONVENCION";"INKAWASI";"GOBIERNO REGIONAL";"I-1";"00002491";"LUCMAHUAYCO";"NE_0001";"";"NE_0001";"NE_0001";"NE_0001";"NE_0001";"NE_0001";"NE_0001";"NE_0001"
"2023";"09";"080909";"CUSCO";"LA CONVENCION";"VILCABAMBA";"GOBIERNO REGIONAL";"I-1";"00002492";"PALTAYBAMBA";"NE_0001";"";"NE_0001";"NE_0001";"NE_0001";"NE_0001";"NE_0001";"NE_0001";"NE_0001"
"2023";"09";"080911";"CUSCO";"LA CONVENCION";"INKAWASI";"GOBIERNO REGIONAL";"I-3";"00002482";"INCAHUASI";"NE_0001";"";"NE_0001";"NE_0001";"NE_0001";"NE_0001";"NE_0001";"NE_0001";"NE_0001"
"2023";"09";"080911";"CUSCO";"LA CONVENCION";"INKAWASI";"GOBIERNO REGIONAL";"I-1";"00002487";"CHOQUETIRA";"NE_0001";"";"NE_0001";"NE_0001";"NE_0001";"NE_0001";"NE_0001";"NE_0001";"NE_0001"
"2023";"09";"080902";"CUSCO";"LA CONVENCION";"ECHARATE";"GOBIERNO REGIONAL";"I-1";"00002451";"CHAHUARES";"NE_0001";"";"NE_0001";"NE_0001";"NE_0001";"NE_0001";"NE_0001";"NE_0001";"NE_0001"
"2023";"09";"080901";"CUSCO";"LA CONVENCION";"SANTA ANA";"GOBIERNO REGIONAL";"I-1";"00002424";"POTRERO";"NE_0001";"";"NE_0001";"NE_0001";"NE_0001";"NE_0001";"NE_0001";"NE_0001";"NE_0001"
"2023";"09";"080902";"CUSCO";"LA CONVENCION";"ECHARATE";"GOBIERNO REGIONAL";"I-1";"00002446";"CHACCO";"NE_0001";"";"NE_0001";"NE_0001";"NE_0001";"NE_0001";"NE_0001";"NE_0001";"NE_0001"
"2023";"09";"080902";"CUSCO";"LA CONVENCION";"ECHARATE";"GOBIERNO REGIONAL";"I-2";"00002425";"ECHARATE";"NE_0001";"";"NE_0001";"NE_0001";"NE_0001";"NE_0001";"NE_0001";"NE_0001";"NE_0001"
"2023";"09";"080901";"CUSCO";"LA CONVENCION";"SANTA ANA";"GOBIERNO REGIONAL";"I-4";"00008910";"SANTA ANA";"NE_0001";"";"NE_0001";"NE_0001";"NE_0001";"NE_0001";"NE_0001";"NE_0001";"NE_0001"
"2023";"09";"080901";"CUSCO";"LA CONVENCION";"SANTA ANA";"GOBIERNO REGIONAL";"I-1";"00002422";"HUAYANAY";"NE_0001";"";"NE_0001";"NE_0001";"NE_0001";"NE_0001";"NE_0001";"NE_0001";"NE_0001"
"2023";"09";"080901";"CUSCO";"LA CONVENCION";"SANTA ANA";"GOBIERNO REGIONAL";"I-1";"00002423";"IDMA";"NE_0001";"";"NE_0001";"NE_0001";"NE_0001";"NE_0001";"NE_0001";"NE_0001";"NE_0001"
"2023";"09";"080902";"CUSCO";"LA CONVENCION";"ECHARATE";"GOBIERNO REGIONAL";"I-2";"00002430";"PAMPA CONCEPCION";"NE_0001";"";"NE_0001";"NE_0001";"NE_0001";"NE_0001";"NE_0001";"NE_0001";"NE_0001"
"2023";"09";"080901";"CUSCO";"LA CONVENCION";"SANTA ANA";"GOBIERNO REGIONAL";"I-3";"00015842";"PAVAYOC";"NE_0001";"";"NE_0001";"NE_0001";"NE_0001";"NE_0001";"NE_0001";"NE_0001";"NE_0001"
"2023";"10";"140101";"LAMBAYEQUE";"CHICLAYO";"CHICLAYO";"SANIDAD DE LA POLICIA NACIONAL DEL PERU";"I-4";"00011833";"HOSPITAL REGIONAL POLICIAL CHICLAYO";"241800";"HOSPITALIZACIÓN DE MEDICINA MEDICINA GENERAL ";"17";"18";"106";"108";"16";"496";"0"
"2023";"10";"170101";"MADRE DE DIOS";"TAMBOPATA";"TAMBOPATA";"SANIDAD DE LA POLICIA NACIONAL DEL PERU";"I-2";"00009320";"POSTA MEDICA DE LA PNP";"NE_0001";"";"NE_0001";"NE_0001";"NE_0001";"NE_0001";"NE_0001";"NE_0001";"NE_0001"
"2023";"10";"040103";"AREQUIPA";"AREQUIPA";"CAYMA";"GOBIERNO REGIONAL";"I-3";"00001235";"BUENOS AIRES DE CAYMA";"NE_0001";"";"NE_0001";"NE_0001";"NE_0001";"NE_0001";"NE_0001";"NE_0001";"NE_0001"
"2023";"10";"040103";"AREQUIPA";"AREQUIPA";"CAYMA";"GOBIERNO REGIONAL";"I-2";"00001245";"SAN JOSE";"NE_0001";"";"NE_0001";"NE_0001";"NE_0001";"NE_0001";"NE_0001";"NE_0001";"NE_0001"
"2023";"10";"040103";"AREQUIPA";"AREQUIPA";"CAYMA";"GOBIERNO REGIONAL";"I-2";"00001246";"DEAN VALDIVIA";"NE_0001";"";"NE_0001";"NE_0001";"NE_0001";"NE_0001";"NE_0001";"NE_0001";"NE_0001"
"2023";"10";"150112";"LIMA";"LIMA";"INDEPENDENCIA";"ESSALUD";"I-3";"00016357";"CENTRO DE ATENCION PRIMARIA III INDEPENDENCIA - RAA - ESSALUD";"NE_0001";"";"NE_0001";"NE_0001";"NE_0001";"NE_0001";"NE_0001";"NE_0001";"NE_0001"
"2023";"11";"220804";"SAN MARTIN";"RIOJA";"NUEVA CAJAMARCA";"GOBIERNO REGIONAL";"I-4";"00006283";"HOSPITAL RURAL NUEVA CAJAMARCA";"241600";"HOSPITALIZACIÓN QUIRÚRGICA OBSTETRICIA   ";"39";"41";"64";"64";"8";"240";"0"
"2023";"11";"220804";"SAN MARTIN";"RIOJA";"NUEVA CAJAMARCA";"GOBIERNO REGIONAL";"I-4";"00006283";"HOSPITAL RURAL NUEVA CAJAMARCA";"241800";"HOSPITALIZACIÓN DE MEDICINA MEDICINA GENERAL ";"54";"56";"158";"158";"8";"240";"0"
"2023";"11";"220804";"SAN MARTIN";"RIOJA";"NUEVA CAJAMARCA";"GOBIERNO REGIONAL";"I-4";"00006283";"HOSPITAL RURAL NUEVA CAJAMARCA";"242500";"HOSPITALIZACIÓN-PEDIATRÍA GENERAL-";"10";"11";"23";"23";"5";"150";"0"
"2023";"11";"120114";"JUNIN";"HUANCAYO";"EL TAMBO";"ESSALUD";"I-4";"00008660";"POLICLINICO METROPOLITANO HUANCAYO";"NE_0001";"";"NE_0001";"NE_0001";"NE_0001";"NE_0001";"NE_0001";"NE_0001";"NE_0001"
"2023";"11";"090101";"HUANCAVELICA";"HUANCAVELICA";"HUANCAVELICA";"PRIVADO";"I-3";"00009300";"JUAN PABLO II";"NE_0001";"";"NE_0001";"NE_0001";"NE_0001";"NE_0001";"NE_0001";"NE_0001";"NE_0001"
"2023";"02";"040101";"AREQUIPA";"AREQUIPA";"AREQUIPA";"PRIVADO";"II-E";"00032002";"OFTALMOSALUD AREQUIPA  S.A.C.";"NE_0001";"";"NE_0001";"NE_0001";"NE_0001";"NE_0001";"NE_0001";"NE_0001";"NE_0001"
"2023";"11";"220510";"SAN MARTIN";"LAMAS";"TABALOSOS";"GOBIERNO REGIONAL";"I-1";"00015377";"HUNGURAHUI PAMPA";"NE_0001";"";"NE_0001";"NE_0001";"NE_0001";"NE_0001";"NE_0001";"NE_0001";"NE_0001"
"2023";"11";"220506";"SAN MARTIN";"LAMAS";"PINTO RECODO";"GOBIERNO REGIONAL";"I-1";"00006411";"MISHQUIYACU PINTO RECODO";"NE_0001";"";"NE_0001";"NE_0001";"NE_0001";"NE_0001";"NE_0001";"NE_0001";"NE_0001"
"2023";"09";"190113";"PASCO";"PASCO";"YANACANCHA";"MINSA";"II-2";"00000979";"HOSPITAL REGIONAL DR. DANIEL ALCIDES CARRION GARCIA";"240100";"HOSPITALIZACIÓN QUIRÚRGICA CIRUGÍA GENERAL ";"68";"85";"439";"422";"30";"900";"0"
"2023";"09";"190113";"PASCO";"PASCO";"YANACANCHA";"MINSA";"II-2";"00000979";"HOSPITAL REGIONAL DR. DANIEL ALCIDES CARRION GARCIA";"241400";"HOSPITALIZACIÓN QUIRÚRGICA GINECO - OBSTETRICIA ";"122";"132";"309";"299";"26";"780";"0"
"2023";"09";"190113";"PASCO";"PASCO";"YANACANCHA";"MINSA";"II-2";"00000979";"HOSPITAL REGIONAL DR. DANIEL ALCIDES CARRION GARCIA";"241800";"HOSPITALIZACIÓN DE MEDICINA MEDICINA GENERAL ";"32";"38";"234";"228";"18";"540";"2"
"2023";"09";"190113";"PASCO";"PASCO";"YANACANCHA";"MINSA";"II-2";"00000979";"HOSPITAL REGIONAL DR. DANIEL ALCIDES CARRION GARCIA";"243200";"HOSPITALIZACIÓN DE PEDIATRÍA PEDIATRIA NEONATOLOGÍA";"42";"47";"184";"179";"20";"600";"1"
"2023";"09";"190113";"PASCO";"PASCO";"YANACANCHA";"MINSA";"II-2";"00000979";"HOSPITAL REGIONAL DR. DANIEL ALCIDES CARRION GARCIA";"242500";"HOSPITALIZACIÓN-PEDIATRÍA GENERAL-";"25";"29";"122";"118";"15";"450";"0"
"2023";"09";"190113";"PASCO";"PASCO";"YANACANCHA";"MINSA";"II-2";"00000979";"HOSPITAL REGIONAL DR. DANIEL ALCIDES CARRION GARCIA";"242200";"HOSPITALIZACIÓN DE MEDICINA PSIQUIATRÍA ";"6";"8";"90";"88";"10";"300";"0"
"2023";"09";"190113";"PASCO";"PASCO";"YANACANCHA";"MINSA";"II-2";"00000979";"HOSPITAL REGIONAL DR. DANIEL ALCIDES CARRION GARCIA";"250103";"UNIDAD DE CUIDADOS CRITICOS UNIDAD  DE CUIDADOS INTENSIVOS GENERALES  (UCI) MEDICINA";"4";"5";"25";"24";"10";"300";"5"
"2023";"10";"200701";"PIURA";"TALARA";"PARIÑAS";"PRIVADO";"II-1";"00011395";"CLINICA VIGO 2000 S. CIVIL DE R.L.";"240100";"HOSPITALIZACIÓN QUIRÚRGICA CIRUGÍA GENERAL ";"2";"2";"4";"4";"15";"396";"0"
"2023";"10";"200701";"PIURA";"TALARA";"PARIÑAS";"PRIVADO";"II-1";"00011395";"CLINICA VIGO 2000 S. CIVIL DE R.L.";"241800";"HOSPITALIZACIÓN DE MEDICINA MEDICINA GENERAL ";"1";"1";"2";"2";"15";"396";"0"
"2023";"10";"200701";"PIURA";"TALARA";"PARIÑAS";"PRIVADO";"II-1";"00011395";"CLINICA VIGO 2000 S. CIVIL DE R.L.";"241400";"HOSPITALIZACIÓN QUIRÚRGICA GINECO - OBSTETRICIA ";"2";"2";"4";"4";"15";"396";"0"
"2023";"10";"060801";"CAJAMARCA";"JAEN";"JAEN";"ESSALUD";"II-1";"00010136";"HOSPITAL II-1 CLINICA JAEN";"241800";"HOSPITALIZACIÓN DE MEDICINA MEDICINA GENERAL ";"76";"53";"199";"185";"14";"360";"1"
"2023";"10";"060801";"CAJAMARCA";"JAEN";"JAEN";"ESSALUD";"II-1";"00010136";"HOSPITAL II-1 CLINICA JAEN";"240100";"HOSPITALIZACIÓN QUIRÚRGICA CIRUGÍA GENERAL ";"38";"50";"190";"170";"6";"231";"0"
"2023";"10";"060801";"CAJAMARCA";"JAEN";"JAEN";"ESSALUD";"II-1";"00010136";"HOSPITAL II-1 CLINICA JAEN";"241400";"HOSPITALIZACIÓN QUIRÚRGICA GINECO - OBSTETRICIA ";"139";"80";"126";"103";"8";"223";"1"
"2023";"10";"060801";"CAJAMARCA";"JAEN";"JAEN";"ESSALUD";"II-1";"00010136";"HOSPITAL II-1 CLINICA JAEN";"242300";"HOSPITALIZACIÓN DE PEDIATRÍA  PEDIATRÍA  GENERAL ";"90";"83";"195";"222";"6";"240";"0"
"2023";"10";"040101";"AREQUIPA";"AREQUIPA";"AREQUIPA";"ESSALUD";"I-3";"00013297";"POLICLINICO METROPOLITANO ESSALUD";"NE_0001";"";"NE_0001";"NE_0001";"NE_0001";"NE_0001";"NE_0001";"NE_0001";"NE_0001"
"2023";"11";"110211";"ICA";"CHINCHA";"TAMBO DE MORA";"ESSALUD";"I-2";"00012023";"TAMBO DE MORA";"NE_0001";"";"NE_0001";"NE_0001";"NE_0001";"NE_0001";"NE_0001";"NE_0001";"NE_0001"
"2023";"11";"110501";"ICA";"PISCO";"PISCO";"PRIVADO";"II-1";"00027173";"FAMISALUD SAC";"241500";"HOSPITALIZACIÓN QUIRÚRGICA GINECOLOGÍA  ";"1";"1";"2";"7";"2";"60";"0"
"2023";"11";"110501";"ICA";"PISCO";"PISCO";"PRIVADO";"II-1";"00027173";"FAMISALUD SAC";"241200";"HOSPITALIZACIÓN QUIRÚRGICA TRAUMATOLOGÍA Y ORTOPEDIA ";"3";"3";"8";"7";"1";"30";"0"
"2023";"11";"110501";"ICA";"PISCO";"PISCO";"PRIVADO";"II-1";"00027173";"FAMISALUD SAC";"240100";"HOSPITALIZACIÓN QUIRÚRGICA CIRUGÍA GENERAL ";"3";"3";"5";"7";"4";"120";"0"
"2023";"11";"110501";"ICA";"PISCO";"PISCO";"PRIVADO";"II-1";"00027173";"FAMISALUD SAC";"241800";"HOSPITALIZACIÓN DE MEDICINA MEDICINA GENERAL ";"3";"3";"7";"7";"1";"30";"0"
"2023";"11";"110501";"ICA";"PISCO";"PISCO";"PRIVADO";"II-1";"00027173";"FAMISALUD SAC";"241800";"HOSPITALIZACIÓN DE MEDICINA MEDICINA GENERAL ";"0";"0";"0";"7";"3";"90";"0"
"2023";"11";"180301";"MOQUEGUA";"ILO";"ILO";"SANIDAD DEL EJERCITO DEL PERU";"I-2";"00028386";"AGRUPAMIENTO  DE COHETES ANTIAEREO ""CRL JOSE GALVEZ""";"NE_0001";"";"NE_0001";"NE_0001";"NE_0001";"NE_0001";"NE_0001";"NE_0001";"NE_0001"
"2023";"11";"060701";"CAJAMARCA";"HUALGAYOC";"BAMBAMARCA";"GOBIERNO REGIONAL";"II-1";"00004782";"BAMBAMARCA - TITO VILLAR CABEZAS";"241400";"HOSPITALIZACIÓN QUIRÚRGICA GINECO - OBSTETRICIA ";"88";"93";"156";"174";"8";"240";"0"
"2023";"11";"060701";"CAJAMARCA";"HUALGAYOC";"BAMBAMARCA";"GOBIERNO REGIONAL";"II-1";"00004782";"BAMBAMARCA - TITO VILLAR CABEZAS";"241800";"HOSPITALIZACIÓN DE MEDICINA MEDICINA GENERAL ";"23";"24";"67";"80";"5";"150";"0"
"2023";"11";"060701";"CAJAMARCA";"HUALGAYOC";"BAMBAMARCA";"GOBIERNO REGIONAL";"II-1";"00004782";"BAMBAMARCA - TITO VILLAR CABEZAS";"240100";"HOSPITALIZACIÓN QUIRÚRGICA CIRUGÍA GENERAL ";"27";"27";"56";"36";"3";"90";"0"
"2023";"11";"060701";"CAJAMARCA";"HUALGAYOC";"BAMBAMARCA";"GOBIERNO REGIONAL";"II-1";"00004782";"BAMBAMARCA - TITO VILLAR CABEZAS";"242500";"HOSPITALIZACIÓN-PEDIATRÍA GENERAL-";"5";"5";"6";"12";"3";"90";"0"
"2023";"11";"010401";"AMAZONAS";"CONDORCANQUI";"NIEVA";"GOBIERNO REGIONAL";"II-1";"00005145";"SANTA MARIA DE NIEVA";"240100";"HOSPITALIZACIÓN QUIRÚRGICA CIRUGÍA GENERAL ";"9";"10";"24";"4";"2";"6";"0"
"2023";"11";"010401";"AMAZONAS";"CONDORCANQUI";"NIEVA";"GOBIERNO REGIONAL";"II-1";"00005145";"SANTA MARIA DE NIEVA";"241400";"HOSPITALIZACIÓN QUIRÚRGICA GINECO - OBSTETRICIA ";"53";"56";"104";"12";"10";"30";"0"
"2023";"11";"010401";"AMAZONAS";"CONDORCANQUI";"NIEVA";"GOBIERNO REGIONAL";"II-1";"00005145";"SANTA MARIA DE NIEVA";"241800";"HOSPITALIZACIÓN DE MEDICINA MEDICINA GENERAL ";"29";"32";"87";"20";"8";"28";"0"
"2023";"11";"010401";"AMAZONAS";"CONDORCANQUI";"NIEVA";"GOBIERNO REGIONAL";"II-1";"00005145";"SANTA MARIA DE NIEVA";"242500";"HOSPITALIZACIÓN-PEDIATRÍA GENERAL-";"19";"19";"48";"8";"2";"10";"0"
"2023";"11";"021801";"ANCASH";"SANTA";"CHIMBOTE";"PRIVADO";"II-1";"00015375";"CLINICA SAN PEDRO";"241800";"HOSPITALIZACIÓN DE MEDICINA MEDICINA GENERAL ";"21";"11";"47";"121";"6";"186";"0"
"2023";"11";"021801";"ANCASH";"SANTA";"CHIMBOTE";"PRIVADO";"II-1";"00015375";"CLINICA SAN PEDRO";"240100";"HOSPITALIZACIÓN QUIRÚRGICA CIRUGÍA GENERAL ";"44";"35";"66";"140";"6";"186";"0"
"2023";"11";"021801";"ANCASH";"SANTA";"CHIMBOTE";"PRIVADO";"II-1";"00015375";"CLINICA SAN PEDRO";"241400";"HOSPITALIZACIÓN QUIRÚRGICA GINECO - OBSTETRICIA ";"35";"16";"30";"136";"6";"186";"0"
"2023";"11";"040108";"AREQUIPA";"AREQUIPA";"LA JOYA";"ESSALUD";"I-2";"00013305";"POSTA MEDICA LA JOYA";"NE_0001";"";"NE_0001";"NE_0001";"NE_0001";"NE_0001";"NE_0001";"NE_0001";"NE_0001"
"2023";"11";"050407";"AYACUCHO";"HUANTA";"SIVIA";"GOBIERNO REGIONAL";"II-1";"00003770";"HOSPITAL DE APOYO SIVIA";"240100";"HOSPITALIZACIÓN QUIRÚRGICA CIRUGÍA GENERAL ";"2";"2";"4";"20";"1";"30";"0"
"2023";"11";"050407";"AYACUCHO";"HUANTA";"SIVIA";"GOBIERNO REGIONAL";"II-1";"00003770";"HOSPITAL DE APOYO SIVIA";"241400";"HOSPITALIZACIÓN QUIRÚRGICA GINECO - OBSTETRICIA ";"7";"7";"19";"25";"4";"120";"0"
"2023";"11";"050407";"AYACUCHO";"HUANTA";"SIVIA";"GOBIERNO REGIONAL";"II-1";"00003770";"HOSPITAL DE APOYO SIVIA";"241800";"HOSPITALIZACIÓN DE MEDICINA MEDICINA GENERAL ";"7";"7";"23";"38";"7";"210";"0"
"2023";"11";"050407";"AYACUCHO";"HUANTA";"SIVIA";"GOBIERNO REGIONAL";"II-1";"00003770";"HOSPITAL DE APOYO SIVIA";"242500";"HOSPITALIZACIÓN-PEDIATRÍA GENERAL-";"2";"2";"6";"17";"2";"60";"0"
"2023";"11";"220805";"SAN MARTIN";"RIOJA";"PARDO MIGUEL";"GOBIERNO REGIONAL";"I-1";"00006310";"PERLA DEL MAYO";"NE_0001";"";"NE_0001";"NE_0001";"NE_0001";"NE_0001";"NE_0001";"NE_0001";"NE_0001"
"2023";"11";"120301";"JUNIN";"CHANCHAMAYO";"CHANCHAMAYO";"ESSALUD";"II-1";"00008656";"HOSPITAL  SELVA CENTRAL Y ENFERMEDADES TROPICALES LA MERCED";"241800";"HOSPITALIZACIÓN DE MEDICINA MEDICINA GENERAL ";"36";"33";"180";"175";"6";"180";"3"
"2023";"11";"120301";"JUNIN";"CHANCHAMAYO";"CHANCHAMAYO";"ESSALUD";"II-1";"00008656";"HOSPITAL  SELVA CENTRAL Y ENFERMEDADES TROPICALES LA MERCED";"240100";"HOSPITALIZACIÓN QUIRÚRGICA CIRUGÍA GENERAL ";"76";"74";"270";"264";"9";"270";"0"
"2023";"11";"120301";"JUNIN";"CHANCHAMAYO";"CHANCHAMAYO";"ESSALUD";"II-1";"00008656";"HOSPITAL  SELVA CENTRAL Y ENFERMEDADES TROPICALES LA MERCED";"241500";"HOSPITALIZACIÓN QUIRÚRGICA GINECOLOGÍA  ";"42";"4";"13";"13";"2";"60";"0"
"2023";"11";"120301";"JUNIN";"CHANCHAMAYO";"CHANCHAMAYO";"ESSALUD";"II-1";"00008656";"HOSPITAL  SELVA CENTRAL Y ENFERMEDADES TROPICALES LA MERCED";"241600";"HOSPITALIZACIÓN QUIRÚRGICA OBSTETRICIA   ";"4";"42";"108";"104";"4";"120";"0"
"2023";"11";"120301";"JUNIN";"CHANCHAMAYO";"CHANCHAMAYO";"ESSALUD";"II-1";"00008656";"HOSPITAL  SELVA CENTRAL Y ENFERMEDADES TROPICALES LA MERCED";"242300";"HOSPITALIZACIÓN DE PEDIATRÍA  PEDIATRÍA  GENERAL ";"51";"51";"120";"120";"4";"120";"0"
"2023";"11";"021801";"ANCASH";"SANTA";"CHIMBOTE";"PRIVADO";"II-1";"00013164";"CLINICA SANTA MARIA DE CHIMBOTE S.A.C.";"240100";"HOSPITALIZACIÓN QUIRÚRGICA CIRUGÍA GENERAL ";"55";"55";"67";"67";"5";"175";"0"
"2023";"11";"021801";"ANCASH";"SANTA";"CHIMBOTE";"PRIVADO";"II-1";"00013164";"CLINICA SANTA MARIA DE CHIMBOTE S.A.C.";"241400";"HOSPITALIZACIÓN QUIRÚRGICA GINECO - OBSTETRICIA ";"13";"11";"14";"16";"2";"34";"0"
"2023";"11";"221005";"SAN MARTIN";"TOCACHE";"UCHIZA";"ESSALUD";"I-2";"00010702";"POSTA MEDICA SANTA LUCIA";"NE_0001";"";"NE_0001";"NE_0001";"NE_0001";"NE_0001";"NE_0001";"NE_0001";"NE_0001"
"2023";"11";"220805";"SAN MARTIN";"RIOJA";"PARDO MIGUEL";"GOBIERNO REGIONAL";"I-2";"00006304";"AGUAS CLARAS";"NE_0001";"";"NE_0001";"NE_0001";"NE_0001";"NE_0001";"NE_0001";"NE_0001";"NE_0001"
"2023";"11";"220805";"SAN MARTIN";"RIOJA";"PARDO MIGUEL";"GOBIERNO REGIONAL";"I-1";"00006308";"SAN AGUSTIN";"NE_0001";"";"NE_0001";"NE_0001";"NE_0001";"NE_0001";"NE_0001";"NE_0001";"NE_0001"
"2023";"11";"220805";"SAN MARTIN";"RIOJA";"PARDO MIGUEL";"GOBIERNO REGIONAL";"I-1";"00006306";"EL MIRADOR";"NE_0001";"";"NE_0001";"NE_0001";"NE_0001";"NE_0001";"NE_0001";"NE_0001";"NE_0001"
"2023";"11";"220805";"SAN MARTIN";"RIOJA";"PARDO MIGUEL";"GOBIERNO REGIONAL";"I-4";"00006303";"CENTRO DE NARANJOS";"241600";"HOSPITALIZACIÓN QUIRÚRGICA OBSTETRICIA   ";"7";"7";"7";"14";"6";"166";"0"
"2023";"11";"220805";"SAN MARTIN";"RIOJA";"PARDO MIGUEL";"GOBIERNO REGIONAL";"I-4";"00006303";"CENTRO DE NARANJOS";"241800";"HOSPITALIZACIÓN DE MEDICINA MEDICINA GENERAL ";"25";"25";"25";"25";"3";"65";"0"
"2023";"11";"220805";"SAN MARTIN";"RIOJA";"PARDO MIGUEL";"GOBIERNO REGIONAL";"I-2";"00006305";"AGUAS VERDES";"NE_0001";"";"NE_0001";"NE_0001";"NE_0001";"NE_0001";"NE_0001";"NE_0001";"NE_0001"
"2023";"11";"220805";"SAN MARTIN";"RIOJA";"PARDO MIGUEL";"GOBIERNO REGIONAL";"I-1";"00006307";"PIONEROS BAJO (SAN JUAN DEL MAYO)";"NE_0001";"";"NE_0001";"NE_0001";"NE_0001";"NE_0001";"NE_0001";"NE_0001";"NE_0001"
"2023";"11";"150134";"LIMA";"LIMA";"SAN LUIS";"PRIVADO";"II-1";"00008786";"CLINICA SAN JUAN DE DIOS";"240000";"HOSPITALIZACIÓN";"79";"77";"213";"234";"25";"775";"1"
"2023";"11";"250101";"UCAYALI";"CORONEL PORTILLO";"CALLERIA";"PRIVADO";"II-E";"00027312";"Clínica Especializada Amazónica SAC";"240100";"HOSPITALIZACIÓN QUIRÚRGICA CIRUGÍA GENERAL ";"36";"36";"36";"36";"2";"60";"0"
"2023";"11";"220602";"SAN MARTIN";"MARISCAL CACERES";"CAMPANILLA";"GOBIERNO REGIONAL";"I-1";"00006579";"NUEVO JAEN";"NE_0001";"";"NE_0001";"NE_0001";"NE_0001";"NE_0001";"NE_0001";"NE_0001";"NE_0001"
"2023";"11";"220602";"SAN MARTIN";"MARISCAL CACERES";"CAMPANILLA";"GOBIERNO REGIONAL";"I-1";"00006577";"SHUMANZA";"NE_0001";"";"NE_0001";"NE_0001";"NE_0001";"NE_0001";"NE_0001";"NE_0001";"NE_0001"
"2023";"11";"220602";"SAN MARTIN";"MARISCAL CACERES";"CAMPANILLA";"GOBIERNO REGIONAL";"I-1";"00006578";"SION";"NE_0001";"";"NE_0001";"NE_0001";"NE_0001";"NE_0001";"NE_0001";"NE_0001";"NE_0001"
"2023";"11";"220602";"SAN MARTIN";"MARISCAL CACERES";"CAMPANILLA";"GOBIERNO REGIONAL";"I-1";"00006576";"BALZAYACU";"NE_0001";"";"NE_0001";"NE_0001";"NE_0001";"NE_0001";"NE_0001";"NE_0001";"NE_0001"
"2023";"11";"220602";"SAN MARTIN";"MARISCAL CACERES";"CAMPANILLA";"GOBIERNO REGIONAL";"I-1";"00006715";"PERLAMAYO";"NE_0001";"";"NE_0001";"NE_0001";"NE_0001";"NE_0001";"NE_0001";"NE_0001";"NE_0001"
"2023";"11";"220602";"SAN MARTIN";"MARISCAL CACERES";"CAMPANILLA";"GOBIERNO REGIONAL";"I-1";"00006579";"NUEVO JAEN";"NE_0001";"";"NE_0001";"NE_0001";"NE_0001";"NE_0001";"NE_0001";"NE_0001";"NE_0001"
"2023";"11";"220602";"SAN MARTIN";"MARISCAL CACERES";"CAMPANILLA";"GOBIERNO REGIONAL";"I-1";"00006577";"SHUMANZA";"NE_0001";"";"NE_0001";"NE_0001";"NE_0001";"NE_0001";"NE_0001";"NE_0001";"NE_0001"
"2023";"11";"220602";"SAN MARTIN";"MARISCAL CACERES";"CAMPANILLA";"GOBIERNO REGIONAL";"I-1";"00006578";"SION";"NE_0001";"";"NE_0001";"NE_0001";"NE_0001";"NE_0001";"NE_0001";"NE_0001";"NE_0001"
"2023";"11";"220602";"SAN MARTIN";"MARISCAL CACERES";"CAMPANILLA";"GOBIERNO REGIONAL";"I-1";"00006576";"BALZAYACU";"NE_0001";"";"NE_0001";"NE_0001";"NE_0001";"NE_0001";"NE_0001";"NE_0001";"NE_0001"
"2023";"11";"220602";"SAN MARTIN";"MARISCAL CACERES";"CAMPANILLA";"GOBIERNO REGIONAL";"I-1";"00006715";"PERLAMAYO";"NE_0001";"";"NE_0001";"NE_0001";"NE_0001";"NE_0001";"NE_0001";"NE_0001";"NE_0001"
"2023";"11";"220602";"SAN MARTIN";"MARISCAL CACERES";"CAMPANILLA";"GOBIERNO REGIONAL";"I-3";"00006575";"CAMPANILLA";"NE_0001";"";"NE_0001";"NE_0001";"NE_0001";"NE_0001";"NE_0001";"NE_0001";"NE_0001"
"2023";"11";"220602";"SAN MARTIN";"MARISCAL CACERES";"CAMPANILLA";"GOBIERNO REGIONAL";"I-1";"00006579";"NUEVO JAEN";"NE_0001";"";"NE_0001";"NE_0001";"NE_0001";"NE_0001";"NE_0001";"NE_0001";"NE_0001"
"2023";"11";"150101";"LIMA";"LIMA";"LIMA";"ESSALUD";"II-1";"00009188";"HOSPITAL II RAMON CASTILLA";"241800";"HOSPITALIZACIÓN DE MEDICINA MEDICINA GENERAL ";"36";"39";"242";"255";"12";"360";"1"
"2023";"11";"150101";"LIMA";"LIMA";"LIMA";"ESSALUD";"II-1";"00009188";"HOSPITAL II RAMON CASTILLA";"250103";"UNIDAD DE CUIDADOS CRITICOS UNIDAD  DE CUIDADOS INTENSIVOS GENERALES  (UCI) MEDICINA";"6";"7";"61";"65";"3";"90";"3"
"2023";"11";"150101";"LIMA";"LIMA";"LIMA";"ESSALUD";"II-1";"00009188";"HOSPITAL II RAMON CASTILLA";"240100";"HOSPITALIZACIÓN QUIRÚRGICA CIRUGÍA GENERAL ";"149";"151";"417";"422";"18";"540";"0"
"2023";"11";"150101";"LIMA";"LIMA";"LIMA";"ESSALUD";"II-1";"00009188";"HOSPITAL II RAMON CASTILLA";"241400";"HOSPITALIZACIÓN QUIRÚRGICA GINECO - OBSTETRICIA ";"19";"17";"91";"85";"3";"90";"0"
"2023";"11";"150101";"LIMA";"LIMA";"LIMA";"ESSALUD";"II-1";"00009188";"HOSPITAL II RAMON CASTILLA";"241600";"HOSPITALIZACIÓN QUIRÚRGICA OBSTETRICIA   ";"90";"82";"204";"227";"12";"360";"0"
"2023";"11";"150101";"LIMA";"LIMA";"LIMA";"ESSALUD";"II-1";"00009188";"HOSPITAL II RAMON CASTILLA";"242300";"HOSPITALIZACIÓN DE PEDIATRÍA  PEDIATRÍA  GENERAL ";"36";"41";"171";"160";"7";"210";"0"
"2023";"11";"150101";"LIMA";"LIMA";"LIMA";"ESSALUD";"II-1";"00009188";"HOSPITAL II RAMON CASTILLA";"243200";"HOSPITALIZACIÓN DE PEDIATRÍA PEDIATRIA NEONATOLOGÍA";"10";"9";"24";"24";"1";"30";"0"
"2023";"11";"150601";"LIMA";"HUARAL";"HUARAL";"PRIVADO";"II-E";"00017081";"CLINICA SAN ANDRES";"241200";"HOSPITALIZACIÓN QUIRÚRGICA TRAUMATOLOGÍA Y ORTOPEDIA ";"6";"6";"8";"8";"2";"30";"0"
"2023";"11";"150601";"LIMA";"HUARAL";"HUARAL";"PRIVADO";"II-E";"00017081";"CLINICA SAN ANDRES";"241300";"HOSPITALIZACIÓN QUIRÚRGICA UROLOGÍA  ";"3";"3";"5";"5";"1";"30";"0"
"2023";"11";"150601";"LIMA";"HUARAL";"HUARAL";"PRIVADO";"II-E";"00017081";"CLINICA SAN ANDRES";"240100";"HOSPITALIZACIÓN QUIRÚRGICA CIRUGÍA GENERAL ";"10";"10";"12";"12";"1";"30";"0"
"2023";"11";"150601";"LIMA";"HUARAL";"HUARAL";"PRIVADO";"II-E";"00017081";"CLINICA SAN ANDRES";"241500";"HOSPITALIZACIÓN QUIRÚRGICA GINECOLOGÍA  ";"2";"2";"4";"4";"1";"30";"0"
"2023";"11";"060613";"CAJAMARCA";"CUTERVO";"SANTO TOMAS";"GOBIERNO REGIONAL";"I-1";"00005023";"TAMBILLO DE SANTO TOMAS";"NE_0001";"";"NE_0001";"NE_0001";"NE_0001";"NE_0001";"NE_0001";"NE_0001";"NE_0001"
"2023";"11";"060613";"CAJAMARCA";"CUTERVO";"SANTO TOMAS";"GOBIERNO REGIONAL";"I-1";"00007750";"TAYALES";"NE_0001";"";"NE_0001";"NE_0001";"NE_0001";"NE_0001";"NE_0001";"NE_0001";"NE_0001"
"2023";"11";"060613";"CAJAMARCA";"CUTERVO";"SANTO TOMAS";"GOBIERNO REGIONAL";"I-1";"00011067";"PLAYA GRANDE";"NE_0001";"";"NE_0001";"NE_0001";"NE_0001";"NE_0001";"NE_0001";"NE_0001";"NE_0001"
"2023";"11";"060606";"CAJAMARCA";"CUTERVO";"PIMPINGOS";"GOBIERNO REGIONAL";"I-1";"00005015";"PANAMA";"NE_0001";"";"NE_0001";"NE_0001";"NE_0001";"NE_0001";"NE_0001";"NE_0001";"NE_0001"
"2023";"11";"060606";"CAJAMARCA";"CUTERVO";"PIMPINGOS";"GOBIERNO REGIONAL";"I-1";"00005018";"EL PALTO";"NE_0001";"";"NE_0001";"NE_0001";"NE_0001";"NE_0001";"NE_0001";"NE_0001";"NE_0001"
"2023";"11";"060613";"CAJAMARCA";"CUTERVO";"SANTO TOMAS";"GOBIERNO REGIONAL";"I-1";"00007047";"ANDAMARCA";"NE_0001";"";"NE_0001";"NE_0001";"NE_0001";"NE_0001";"NE_0001";"NE_0001";"NE_0001"
"2023";"11";"060606";"CAJAMARCA";"CUTERVO";"PIMPINGOS";"GOBIERNO REGIONAL";"I-1";"00011068";"PUCALA";"NE_0001";"";"NE_0001";"NE_0001";"NE_0001";"NE_0001";"NE_0001";"NE_0001";"NE_0001"
"2023";"11";"060613";"CAJAMARCA";"CUTERVO";"SANTO TOMAS";"GOBIERNO REGIONAL";"I-3";"00005020";"SANTO TOMAS";"NE_0001";"";"NE_0001";"NE_0001";"NE_0001";"NE_0001";"NE_0001";"NE_0001";"NE_0001"
"2023";"11";"060613";"CAJAMARCA";"CUTERVO";"SANTO TOMAS";"GOBIERNO REGIONAL";"I-1";"00005022";"EL ARENAL DE SANTO TOMAS";"NE_0001";"";"NE_0001";"NE_0001";"NE_0001";"NE_0001";"NE_0001";"NE_0001";"NE_0001"
"2023";"11";"060613";"CAJAMARCA";"CUTERVO";"SANTO TOMAS";"GOBIERNO REGIONAL";"I-1";"00011065";"PALMA CENTRAL";"NE_0001";"";"NE_0001";"NE_0001";"NE_0001";"NE_0001";"NE_0001";"NE_0001";"NE_0001"
"2023";"11";"060606";"CAJAMARCA";"CUTERVO";"PIMPINGOS";"GOBIERNO REGIONAL";"I-1";"00005014";"CONDORHUASI";"NE_0001";"";"NE_0001";"NE_0001";"NE_0001";"NE_0001";"NE_0001";"NE_0001";"NE_0001"
"2023";"11";"060606";"CAJAMARCA";"CUTERVO";"PIMPINGOS";"GOBIERNO REGIONAL";"I-1";"00005016";"PANDALLE";"NE_0001";"";"NE_0001";"NE_0001";"NE_0001";"NE_0001";"NE_0001";"NE_0001";"NE_0001"
"2023";"11";"060613";"CAJAMARCA";"CUTERVO";"SANTO TOMAS";"GOBIERNO REGIONAL";"I-1";"00006836";"SANTA ROSA DE SANTO TOMAS";"NE_0001";"";"NE_0001";"NE_0001";"NE_0001";"NE_0001";"NE_0001";"NE_0001";"NE_0001"
"2023";"11";"060606";"CAJAMARCA";"CUTERVO";"PIMPINGOS";"GOBIERNO REGIONAL";"I-3";"00005012";"PIMPINCOS";"NE_0001";"";"NE_0001";"NE_0001";"NE_0001";"NE_0001";"NE_0001";"NE_0001";"NE_0001"
"2023";"09";"080801";"CUSCO";"ESPINAR";"ESPINAR";"GOBIERNO REGIONAL";"II-1";"00007135";"ESPINAR";"240100";"HOSPITALIZACIÓN QUIRÚRGICA CIRUGÍA GENERAL ";"42";"39";"131";"129";"8";"240";"0"
"2023";"09";"080801";"CUSCO";"ESPINAR";"ESPINAR";"GOBIERNO REGIONAL";"II-1";"00007135";"ESPINAR";"241600";"HOSPITALIZACIÓN QUIRÚRGICA OBSTETRICIA   ";"56";"55";"137";"135";"13";"390";"0"
"2023";"09";"080801";"CUSCO";"ESPINAR";"ESPINAR";"GOBIERNO REGIONAL";"II-1";"00007135";"ESPINAR";"241800";"HOSPITALIZACIÓN DE MEDICINA MEDICINA GENERAL ";"15";"14";"58";"55";"8";"240";"0"
"2023";"09";"080801";"CUSCO";"ESPINAR";"ESPINAR";"GOBIERNO REGIONAL";"II-1";"00007135";"ESPINAR";"242500";"HOSPITALIZACIÓN-PEDIATRÍA GENERAL-";"1";"1";"7";"7";"5";"150";"0"
"2023";"09";"080801";"CUSCO";"ESPINAR";"ESPINAR";"GOBIERNO REGIONAL";"II-1";"00007135";"ESPINAR";"243200";"HOSPITALIZACIÓN DE PEDIATRÍA PEDIATRIA NEONATOLOGÍA";"6";"6";"10";"10";"1";"30";"0"
"2023";"09";"080801";"CUSCO";"ESPINAR";"ESPINAR";"GOBIERNO REGIONAL";"II-1";"00007135";"ESPINAR";"241500";"HOSPITALIZACIÓN QUIRÚRGICA GINECOLOGÍA  ";"18";"18";"42";"42";"7";"210";"0"
"2023";"09";"070102";"CALLAO";"CALLAO";"BELLAVISTA";"PRIVADO";"II-E";"00018670";"CLINICA G'STAR";"240000";"HOSPITALIZACIÓN";"26";"26";"56";"58";"10";"300";"0"
"2023";"10";"150122";"LIMA";"LIMA";"MIRAFLORES";"PRIVADO";"III-1";"00019049";"AUNA CLÍNICA DELGADO";"240000";"HOSPITALIZACIÓN";"529";"874";"3463";"3240";"127";"3937";"3"
"2023";"10";"150122";"LIMA";"LIMA";"MIRAFLORES";"PRIVADO";"III-1";"00019049";"AUNA CLÍNICA DELGADO";"250100";"UNIDAD DE CUIDADOS CRITICOS UNIDAD  DE CUIDADOS INTENSIVOS GENERALES (UCI) ";"27";"3";"14";"286";"15";"465";"1"
"2023";"10";"150122";"LIMA";"LIMA";"MIRAFLORES";"PRIVADO";"III-1";"00019049";"AUNA CLÍNICA DELGADO";"250105";"UNIDAD DE CUIDADOS CRITICOS UNIDAD  DE CUIDADOS INTENSIVOS  (UCI) NEONATOLOGÍA";"10";"21";"197";"170";"10";"310";"0"
"2023";"10";"150122";"LIMA";"LIMA";"MIRAFLORES";"PRIVADO";"III-1";"00019049";"AUNA CLÍNICA DELGADO";"250108";"UNIDAD DE CUIDADOS CRITICOS UNIDAD  DE CUIDADOS INTENSIVOS  (UCI) PEDIÁTRICA";"0";"0";"0";"25";"3";"93";"0"
"2023";"10";"051107";"AYACUCHO";"VILCAS HUAMAN";"SAURAMA";"GOBIERNO REGIONAL";"I-1";"00003846";"PUESTO DE SALUD SAURAMA";"NE_0001";"";"NE_0001";"NE_0001";"NE_0001";"NE_0001";"NE_0001";"NE_0001";"NE_0001"
"2023";"10";"051108";"AYACUCHO";"VILCAS HUAMAN";"VISCHONGO";"GOBIERNO REGIONAL";"I-3";"00006609";"CENTRO DE SALUD VISCHONGO";"NE_0001";"";"NE_0001";"NE_0001";"NE_0001";"NE_0001";"NE_0001";"NE_0001";"NE_0001"
"2023";"10";"051108";"AYACUCHO";"VILCAS HUAMAN";"VISCHONGO";"GOBIERNO REGIONAL";"I-1";"00006612";"PUESTO DE SALUD PALLCCACANCHA";"NE_0001";"";"NE_0001";"NE_0001";"NE_0001";"NE_0001";"NE_0001";"NE_0001";"NE_0001"
"2023";"10";"051106";"AYACUCHO";"VILCAS HUAMAN";"INDEPENDENCIA";"GOBIERNO REGIONAL";"I-1";"00021259";"PUESTO DE SALUD OCCO";"NE_0001";"";"NE_0001";"NE_0001";"NE_0001";"NE_0001";"NE_0001";"NE_0001";"NE_0001"
"2023";"10";"051103";"AYACUCHO";"VILCAS HUAMAN";"CARHUANCA";"GOBIERNO REGIONAL";"I-2";"00003845";"PUESTO DE SALUD CARHUANCA";"NE_0001";"";"NE_0001";"NE_0001";"NE_0001";"NE_0001";"NE_0001";"NE_0001";"NE_0001"
"2023";"10";"120301";"JUNIN";"CHANCHAMAYO";"CHANCHAMAYO";"ESSALUD";"II-1";"00008656";"HOSPITAL  SELVA CENTRAL Y ENFERMEDADES TROPICALES LA MERCED";"241800";"HOSPITALIZACIÓN DE MEDICINA MEDICINA GENERAL ";"43";"41";"208";"198";"6";"186";"3"
"2023";"10";"120301";"JUNIN";"CHANCHAMAYO";"CHANCHAMAYO";"ESSALUD";"II-1";"00008656";"HOSPITAL  SELVA CENTRAL Y ENFERMEDADES TROPICALES LA MERCED";"240100";"HOSPITALIZACIÓN QUIRÚRGICA CIRUGÍA GENERAL ";"68";"67";"238";"233";"9";"279";"0"
"2023";"10";"120301";"JUNIN";"CHANCHAMAYO";"CHANCHAMAYO";"ESSALUD";"II-1";"00008656";"HOSPITAL  SELVA CENTRAL Y ENFERMEDADES TROPICALES LA MERCED";"241500";"HOSPITALIZACIÓN QUIRÚRGICA GINECOLOGÍA  ";"3";"3";"10";"10";"2";"62";"0"
"2023";"10";"120301";"JUNIN";"CHANCHAMAYO";"CHANCHAMAYO";"ESSALUD";"II-1";"00008656";"HOSPITAL  SELVA CENTRAL Y ENFERMEDADES TROPICALES LA MERCED";"241600";"HOSPITALIZACIÓN QUIRÚRGICA OBSTETRICIA   ";"50";"47";"102";"94";"5";"155";"0"
"2023";"10";"120301";"JUNIN";"CHANCHAMAYO";"CHANCHAMAYO";"ESSALUD";"II-1";"00008656";"HOSPITAL  SELVA CENTRAL Y ENFERMEDADES TROPICALES LA MERCED";"242300";"HOSPITALIZACIÓN DE PEDIATRÍA  PEDIATRÍA  GENERAL ";"54";"52";"145";"124";"4";"124";"0"
"2023";"10";"150141";"LIMA";"LIMA";"SURQUILLO";"PRIVADO";"II-E";"00012020";"CLINICA OFTALMOLOGICA ESPECIALIZADA ÑAHUI";"NE_0001";"";"NE_0001";"NE_0001";"NE_0001";"NE_0001";"NE_0001";"NE_0001";"NE_0001"
"2023";"11";"120604";"JUNIN";"SATIPO";"MAZAMARI";"SANIDAD DE LA POLICIA NACIONAL DEL PERU";"I-2";"00012454";"POSTA MEDICA POLICIAL LOS SINCHIS";"NE_0001";"";"NE_0001";"NE_0001";"NE_0001";"NE_0001";"NE_0001";"NE_0001";"NE_0001"
"2023";"11";"040112";"AREQUIPA";"AREQUIPA";"PAUCARPATA";"ESSALUD";"I-2";"00012194";"CAP III - PAUCARPATA";"NE_0001";"";"NE_0001";"NE_0001";"NE_0001";"NE_0001";"NE_0001";"NE_0001";"NE_0001"
"2023";"11";"110101";"ICA";"ICA";"ICA";"PRIVADO";"II-1";"00013386";"LAS CONDES SAC";"240000";"HOSPITALIZACIÓN";"39";"39";"40";"40";"8";"240";"0"
"2023";"11";"210101";"PUNO";"PUNO";"PUNO";"ESSALUD";"II-2";"00009215";"HOSPITAL III BASE  (PUNO) - RED ASISTENCIAL PUNO";"240000";"HOSPITALIZACIÓN";"135";"144";"1045";"967";"33";"990";"8"
"2023";"10";"100111";"HUANUCO";"HUANUCO";"PILLCO MARCA";"GOBIERNO REGIONAL";"I-3";"00000757";"POTRACANCHA";"NE_0001";"";"NE_0001";"NE_0001";"NE_0001";"NE_0001";"NE_0001";"NE_0001";"NE_0001"
"2023";"07";"190201";"PASCO";"DANIEL ALCIDES CARRION";"YANAHUANCA";"ESSALUD";"I-3";"00009760";"CENTRO MEDICO DE YANAHUANCA";"NE_0001";"";"NE_0001";"NE_0001";"NE_0001";"NE_0001";"NE_0001";"NE_0001";"NE_0001"
"2023";"11";"210101";"PUNO";"PUNO";"PUNO";"ESSALUD";"II-2";"00009215";"HOSPITAL III BASE  (PUNO) - RED ASISTENCIAL PUNO";"241900";"HOSPITALIZACIÓN DE MEDICINA MEDICINA INTERNA ";"46";"35";"251";"368";"13";"390";"2"
"2023";"11";"210101";"PUNO";"PUNO";"PUNO";"ESSALUD";"II-2";"00009215";"HOSPITAL III BASE  (PUNO) - RED ASISTENCIAL PUNO";"240100";"HOSPITALIZACIÓN QUIRÚRGICA CIRUGÍA GENERAL ";"75";"72";"208";"180";"10";"300";"1"
"2023";"11";"210101";"PUNO";"PUNO";"PUNO";"ESSALUD";"II-2";"00009215";"HOSPITAL III BASE  (PUNO) - RED ASISTENCIAL PUNO";"241500";"HOSPITALIZACIÓN QUIRÚRGICA GINECOLOGÍA  ";"41";"42";"92";"87";"4";"120";"0"
"2023";"11";"210101";"PUNO";"PUNO";"PUNO";"ESSALUD";"II-2";"00009215";"HOSPITAL III BASE  (PUNO) - RED ASISTENCIAL PUNO";"241600";"HOSPITALIZACIÓN QUIRÚRGICA OBSTETRICIA   ";"69";"70";"198";"197";"10";"300";"0"
"2023";"11";"210101";"PUNO";"PUNO";"PUNO";"ESSALUD";"II-2";"00009215";"HOSPITAL III BASE  (PUNO) - RED ASISTENCIAL PUNO";"242300";"HOSPITALIZACIÓN DE PEDIATRÍA  PEDIATRÍA  GENERAL ";"109";"107";"326";"271";"12";"360";"0"
"2023";"11";"210101";"PUNO";"PUNO";"PUNO";"ESSALUD";"II-2";"00009215";"HOSPITAL III BASE  (PUNO) - RED ASISTENCIAL PUNO";"250100";"UNIDAD DE CUIDADOS CRITICOS UNIDAD  DE CUIDADOS INTENSIVOS GENERALES (UCI) ";"5";"2";"30";"42";"4";"120";"2"
"2023";"11";"210101";"PUNO";"PUNO";"PUNO";"ESSALUD";"II-2";"00009215";"HOSPITAL III BASE  (PUNO) - RED ASISTENCIAL PUNO";"250200";"UNIDAD DE CUIDADOS CRITICOS UNIDAD DE CUIDADOS INTERMEDIOS GENERAL  (UCIN) ";"8";"3";"70";"67";"4";"120";"3"
"2023";"11";"150113";"LIMA";"LIMA";"JESUS MARIA";"SANIDAD DEL EJERCITO DEL PERU";"III-1";"00017024";"HOSPITAL  MILITAR LUIS ARIAS SCHEREIBER";"240100";"HOSPITALIZACIÓN QUIRÚRGICA CIRUGÍA GENERAL ";"77";"74";"2431";"1005";"66";"1980";"2"
"2023";"11";"150113";"LIMA";"LIMA";"JESUS MARIA";"SANIDAD DEL EJERCITO DEL PERU";"III-1";"00017024";"HOSPITAL  MILITAR LUIS ARIAS SCHEREIBER";"240800";"HOSPITALIZACIÓN QUIRÚRGICA CIRUGÍA PLÁSTICA/RECONSTRUCTIVA/ REPARADORA ";"14";"12";"158";"229";"9";"270";"0"
"2023";"11";"150113";"LIMA";"LIMA";"JESUS MARIA";"SANIDAD DEL EJERCITO DEL PERU";"III-1";"00017024";"HOSPITAL  MILITAR LUIS ARIAS SCHEREIBER";"240900";"HOSPITALIZACIÓN QUIRÚRGICA NEUROCIRUGÍA ";"5";"10";"619";"408";"15";"450";"1"
"2023";"11";"150113";"LIMA";"LIMA";"JESUS MARIA";"SANIDAD DEL EJERCITO DEL PERU";"III-1";"00017024";"HOSPITAL  MILITAR LUIS ARIAS SCHEREIBER";"241200";"HOSPITALIZACIÓN QUIRÚRGICA TRAUMATOLOGÍA Y ORTOPEDIA ";"59";"52";"562";"813";"63";"1890";"0"
"2023";"11";"150113";"LIMA";"LIMA";"JESUS MARIA";"SANIDAD DEL EJERCITO DEL PERU";"III-1";"00017024";"HOSPITAL  MILITAR LUIS ARIAS SCHEREIBER";"241300";"HOSPITALIZACIÓN QUIRÚRGICA UROLOGÍA  ";"12";"10";"38";"147";"8";"240";"0"
"2023";"11";"150113";"LIMA";"LIMA";"JESUS MARIA";"SANIDAD DEL EJERCITO DEL PERU";"III-1";"00017024";"HOSPITAL  MILITAR LUIS ARIAS SCHEREIBER";"241400";"HOSPITALIZACIÓN QUIRÚRGICA GINECO - OBSTETRICIA ";"36";"36";"130";"119";"11";"330";"0"
"2023";"11";"150113";"LIMA";"LIMA";"JESUS MARIA";"SANIDAD DEL EJERCITO DEL PERU";"III-1";"00017024";"HOSPITAL  MILITAR LUIS ARIAS SCHEREIBER";"241900";"HOSPITALIZACIÓN DE MEDICINA MEDICINA INTERNA ";"103";"110";"1425";"1312";"80";"2400";"6"
"2023";"11";"150113";"LIMA";"LIMA";"JESUS MARIA";"SANIDAD DEL EJERCITO DEL PERU";"III-1";"00017024";"HOSPITAL  MILITAR LUIS ARIAS SCHEREIBER";"242100";"HOSPITALIZACIÓN DE MEDICINA ONCOLOGÍA MÉDICA ";"6";"11";"237";"100";"9";"270";"1"
"2023";"11";"150113";"LIMA";"LIMA";"JESUS MARIA";"SANIDAD DEL EJERCITO DEL PERU";"III-1";"00017024";"HOSPITAL  MILITAR LUIS ARIAS SCHEREIBER";"242200";"HOSPITALIZACIÓN DE MEDICINA PSIQUIATRÍA ";"12";"11";"141";"213";"18";"540";"0"
"2023";"11";"150113";"LIMA";"LIMA";"JESUS MARIA";"SANIDAD DEL EJERCITO DEL PERU";"III-1";"00017024";"HOSPITAL  MILITAR LUIS ARIAS SCHEREIBER";"242300";"HOSPITALIZACIÓN DE PEDIATRÍA  PEDIATRÍA  GENERAL ";"23";"24";"113";"104";"13";"390";"0"
"2023";"11";"150113";"LIMA";"LIMA";"JESUS MARIA";"SANIDAD DEL EJERCITO DEL PERU";"III-1";"00017024";"HOSPITAL  MILITAR LUIS ARIAS SCHEREIBER";"243200";"HOSPITALIZACIÓN DE PEDIATRÍA PEDIATRIA NEONATOLOGÍA";"5";"7";"22";"20";"15";"450";"0"
"2023";"11";"150113";"LIMA";"LIMA";"JESUS MARIA";"SANIDAD DEL EJERCITO DEL PERU";"III-1";"00017024";"HOSPITAL  MILITAR LUIS ARIAS SCHEREIBER";"244300";"HOSPITALIZACIÓN DE MEDICINA GASTROENTEROLOGÍA  ";"25";"24";"261";"271";"14";"420";"1"
"2023";"11";"150113";"LIMA";"LIMA";"JESUS MARIA";"SANIDAD DEL EJERCITO DEL PERU";"III-1";"00017024";"HOSPITAL  MILITAR LUIS ARIAS SCHEREIBER";"244700";"HOSPITALIZACIÓN DE MEDICINA NEUROLOGIA  ";"9";"18";"447";"224";"13";"390";"0"
"2023";"11";"150113";"LIMA";"LIMA";"JESUS MARIA";"SANIDAD DEL EJERCITO DEL PERU";"III-1";"00017024";"HOSPITAL  MILITAR LUIS ARIAS SCHEREIBER";"245300";"HOSPITALIZACIÓN DE MEDICINA NEUMOLOGÍA  ";"8";"9";"190";"369";"29";"870";"1"
"2023";"11";"150113";"LIMA";"LIMA";"JESUS MARIA";"SANIDAD DEL EJERCITO DEL PERU";"III-1";"00017024";"HOSPITAL  MILITAR LUIS ARIAS SCHEREIBER";"250101";"UNIDAD DE CUIDADOS CRITICOS UNIDAD  DE CUIDADOS INTENSIVOS GENERALES (UCI) CARDIOLOGIA";"8";"9";"30";"88";"6";"180";"0"
"2023";"11";"150113";"LIMA";"LIMA";"JESUS MARIA";"SANIDAD DEL EJERCITO DEL PERU";"III-1";"00017024";"HOSPITAL  MILITAR LUIS ARIAS SCHEREIBER";"250103";"UNIDAD DE CUIDADOS CRITICOS UNIDAD  DE CUIDADOS INTENSIVOS GENERALES  (UCI) MEDICINA";"4";"2";"33";"165";"7";"210";"2"
"2023";"10";"060508";"CAJAMARCA";"CONTUMAZA";"YONAN";"ESSALUD";"I-2";"00010274";"POSTA MEDICA TEMBLADERA";"NE_0001";"";"NE_0001";"NE_0001";"NE_0001";"NE_0001";"NE_0001";"NE_0001";"NE_0001"
"2023";"11";"120202";"JUNIN";"CONCEPCION";"ACO";"GOBIERNO REGIONAL";"I-1";"00000746";"QUICHA CHICO";"NE_0001";"";"NE_0001";"NE_0001";"NE_0001";"NE_0001";"NE_0001";"NE_0001";"NE_0001"
"2023";"11";"120211";"JUNIN";"CONCEPCION";"MITO";"GOBIERNO REGIONAL";"I-1";"00000748";"MITO";"NE_0001";"";"NE_0001";"NE_0001";"NE_0001";"NE_0001";"NE_0001";"NE_0001";"NE_0001"
"2023";"11";"120213";"JUNIN";"CONCEPCION";"ORCOTUNA";"GOBIERNO REGIONAL";"I-3";"00000751";"ORCOTUNA";"NE_0001";"";"NE_0001";"NE_0001";"NE_0001";"NE_0001";"NE_0001";"NE_0001";"NE_0001"
"2023";"11";"120122";"JUNIN";"HUANCAYO";"INGENIO";"GOBIERNO REGIONAL";"I-2";"00000663";"INGENIO";"NE_0001";"";"NE_0001";"NE_0001";"NE_0001";"NE_0001";"NE_0001";"NE_0001";"NE_0001"
"2023";"11";"120212";"JUNIN";"CONCEPCION";"NUEVE DE JULIO";"GOBIERNO REGIONAL";"I-1";"00000690";"NUEVE DE JULIO";"NE_0001";"";"NE_0001";"NE_0001";"NE_0001";"NE_0001";"NE_0001";"NE_0001";"NE_0001"
"2023";"11";"120202";"JUNIN";"CONCEPCION";"ACO";"GOBIERNO REGIONAL";"I-2";"00000745";"ACO";"NE_0001";"";"NE_0001";"NE_0001";"NE_0001";"NE_0001";"NE_0001";"NE_0001";"NE_0001"
"2023";"11";"120211";"JUNIN";"CONCEPCION";"MITO";"GOBIERNO REGIONAL";"I-1";"00000749";"SAN LUIS YAICO";"NE_0001";"";"NE_0001";"NE_0001";"NE_0001";"NE_0001";"NE_0001";"NE_0001";"NE_0001"
"2023";"11";"120122";"JUNIN";"HUANCAYO";"INGENIO";"GOBIERNO REGIONAL";"I-1";"00000664";"CASACANCHA";"NE_0001";"";"NE_0001";"NE_0001";"NE_0001";"NE_0001";"NE_0001";"NE_0001";"NE_0001"
"2023";"11";"120201";"JUNIN";"CONCEPCION";"CONCEPCION";"GOBIERNO REGIONAL";"I-4";"00000671";"DAVID GUERRERO DUARTE";"NE_0001";"";"NE_0001";"NE_0001";"NE_0001";"NE_0001";"NE_0001";"NE_0001";"NE_0001"
"2023";"11";"120210";"JUNIN";"CONCEPCION";"MATAHUASI";"GOBIERNO REGIONAL";"I-3";"00000687";"MATAHUASI";"NE_0001";"";"NE_0001";"NE_0001";"NE_0001";"NE_0001";"NE_0001";"NE_0001";"NE_0001"
"2023";"11";"120211";"JUNIN";"CONCEPCION";"MITO";"GOBIERNO REGIONAL";"I-1";"00000750";"MATAHULO";"NE_0001";"";"NE_0001";"NE_0001";"NE_0001";"NE_0001";"NE_0001";"NE_0001";"NE_0001"
"2023";"11";"120202";"JUNIN";"CONCEPCION";"ACO";"GOBIERNO REGIONAL";"I-1";"00000747";"QUICHA GRANDE";"NE_0001";"";"NE_0001";"NE_0001";"NE_0001";"NE_0001";"NE_0001";"NE_0001";"NE_0001"
"2023";"11";"120213";"JUNIN";"CONCEPCION";"ORCOTUNA";"GOBIERNO REGIONAL";"I-1";"00000752";"VICSO";"NE_0001";"";"NE_0001";"NE_0001";"NE_0001";"NE_0001";"NE_0001";"NE_0001";"NE_0001"
"2023";"11";"120207";"JUNIN";"CONCEPCION";"HEROINAS TOLEDO";"GOBIERNO REGIONAL";"I-1";"00000685";"HEROINAS TOLEDO";"NE_0001";"";"NE_0001";"NE_0001";"NE_0001";"NE_0001";"NE_0001";"NE_0001";"NE_0001"
"2023";"11";"120215";"JUNIN";"CONCEPCION";"SANTA ROSA DE OCOPA";"GOBIERNO REGIONAL";"I-1";"00000692";"HUANCHAR";"NE_0001";"";"NE_0001";"NE_0001";"NE_0001";"NE_0001";"NE_0001";"NE_0001";"NE_0001"
"2023";"11";"120127";"JUNIN";"HUANCAYO";"QUICHUAY";"GOBIERNO REGIONAL";"I-2";"00000665";"QUICHUAY";"NE_0001";"";"NE_0001";"NE_0001";"NE_0001";"NE_0001";"NE_0001";"NE_0001";"NE_0001"
"2023";"11";"120210";"JUNIN";"CONCEPCION";"MATAHUASI";"GOBIERNO REGIONAL";"I-1";"00000688";"MARAVILCA";"NE_0001";"";"NE_0001";"NE_0001";"NE_0001";"NE_0001";"NE_0001";"NE_0001";"NE_0001"
"2023";"11";"120210";"JUNIN";"CONCEPCION";"MATAHUASI";"GOBIERNO REGIONAL";"I-1";"00000689";"YANAMUCLO";"NE_0001";"";"NE_0001";"NE_0001";"NE_0001";"NE_0001";"NE_0001";"NE_0001";"NE_0001"
"2023";"11";"120215";"JUNIN";"CONCEPCION";"SANTA ROSA DE OCOPA";"GOBIERNO REGIONAL";"I-3";"00000691";"SANTA ROSA DE OCOPA";"NE_0001";"";"NE_0001";"NE_0001";"NE_0001";"NE_0001";"NE_0001";"NE_0001";"NE_0001"
"2023";"11";"130103";"LA LIBERTAD";"TRUJILLO";"FLORENCIA DE MORA";"GOBIERNO REGIONAL";"II-1";"00005217";"HOSPITAL DISTRITAL EL ESFUERZO DE FLORENCIA DE MORA";"241600";"HOSPITALIZACIÓN QUIRÚRGICA OBSTETRICIA   ";"19";"19";"20";"20";"7";"210";"0"
"2023";"11";"130103";"LA LIBERTAD";"TRUJILLO";"FLORENCIA DE MORA";"GOBIERNO REGIONAL";"II-1";"00005217";"HOSPITAL DISTRITAL EL ESFUERZO DE FLORENCIA DE MORA";"241400";"HOSPITALIZACIÓN QUIRÚRGICA GINECO - OBSTETRICIA ";"5";"5";"11";"11";"3";"90";"0"
"2023";"11";"120608";"JUNIN";"SATIPO";"RIO TAMBO";"GOBIERNO REGIONAL";"I-2";"00000463";"BOCA CHEMBO";"NE_0001";"";"NE_0001";"NE_0001";"NE_0001";"NE_0001";"NE_0001";"NE_0001";"NE_0001"
"2023";"11";"120608";"JUNIN";"SATIPO";"RIO TAMBO";"GOBIERNO REGIONAL";"I-1";"00000464";"IMPANEKIARI";"NE_0001";"";"NE_0001";"NE_0001";"NE_0001";"NE_0001";"NE_0001";"NE_0001";"NE_0001"
"2023";"11";"120606";"JUNIN";"SATIPO";"PANGOA";"GOBIERNO REGIONAL";"I-1";"00006878";"POTSOTENI";"NE_0001";"";"NE_0001";"NE_0001";"NE_0001";"NE_0001";"NE_0001";"NE_0001";"NE_0001"
"2023";"11";"220303";"SAN MARTIN";"EL DORADO";"SAN MARTIN";"GOBIERNO REGIONAL";"I-4";"00006492";"SAN MARTIN DE ALAO";"241600";"HOSPITALIZACIÓN QUIRÚRGICA OBSTETRICIA   ";"8";"9";"9";"9";"4";"120";"0"
"2023";"11";"220303";"SAN MARTIN";"EL DORADO";"SAN MARTIN";"GOBIERNO REGIONAL";"I-4";"00006492";"SAN MARTIN DE ALAO";"241800";"HOSPITALIZACIÓN DE MEDICINA MEDICINA GENERAL ";"7";"7";"7";"7";"3";"90";"0"
"2023";"11";"220303";"SAN MARTIN";"EL DORADO";"SAN MARTIN";"GOBIERNO REGIONAL";"I-1";"00006494";"SINAMI";"NE_0001";"";"NE_0001";"NE_0001";"NE_0001";"NE_0001";"NE_0001";"NE_0001";"NE_0001"
"2023";"11";"220303";"SAN MARTIN";"EL DORADO";"SAN MARTIN";"GOBIERNO REGIONAL";"I-1";"00007391";"CASHNAHUASI";"NE_0001";"";"NE_0001";"NE_0001";"NE_0001";"NE_0001";"NE_0001";"NE_0001";"NE_0001"
"2023";"09";"150132";"LIMA";"LIMA";"SAN JUAN DE LURIGANCHO";"PRIVADO";"II-E";"00012267";"CLINICA SAN MARCOS";"240100";"HOSPITALIZACIÓN QUIRÚRGICA CIRUGÍA GENERAL ";"38";"38";"38";"57";"5";"157";"0"
"2023";"09";"150132";"LIMA";"LIMA";"SAN JUAN DE LURIGANCHO";"PRIVADO";"II-E";"00012267";"CLINICA SAN MARCOS";"241300";"HOSPITALIZACIÓN QUIRÚRGICA UROLOGÍA  ";"5";"5";"5";"7";"3";"64";"0"
"2023";"09";"150132";"LIMA";"LIMA";"SAN JUAN DE LURIGANCHO";"PRIVADO";"II-E";"00012267";"CLINICA SAN MARCOS";"241400";"HOSPITALIZACIÓN QUIRÚRGICA GINECO - OBSTETRICIA ";"10";"10";"10";"10";"2";"63";"0"
"2023";"09";"150132";"LIMA";"LIMA";"SAN JUAN DE LURIGANCHO";"PRIVADO";"II-E";"00012267";"CLINICA SAN MARCOS";"240400";"HOSPITALIZACIÓN QUIRÚRGICA CIRUGÍA DE TÓRAX Y CARDIOVASCULAR ";"2";"2";"2";"2";"1";"31";"0"
"2023";"09";"150132";"LIMA";"LIMA";"SAN JUAN DE LURIGANCHO";"PRIVADO";"II-E";"00012267";"CLINICA SAN MARCOS";"241500";"HOSPITALIZACIÓN QUIRÚRGICA GINECOLOGÍA  ";"6";"6";"6";"10";"1";"31";"0"
"2023";"09";"150132";"LIMA";"LIMA";"SAN JUAN DE LURIGANCHO";"PRIVADO";"II-E";"00012267";"CLINICA SAN MARCOS";"241600";"HOSPITALIZACIÓN QUIRÚRGICA OBSTETRICIA   ";"2";"2";"2";"2";"1";"31";"0"
"2023";"09";"110101";"ICA";"ICA";"ICA";"GOBIERNO REGIONAL";"I-2";"00003375";"SENOR DE LUREN";"NE_0001";"";"NE_0001";"NE_0001";"NE_0001";"NE_0001";"NE_0001";"NE_0001";"NE_0001"
"2023";"09";"110101";"ICA";"ICA";"ICA";"GOBIERNO REGIONAL";"I-3";"00003360";"SAN JOAQUIN";"NE_0001";"";"NE_0001";"NE_0001";"NE_0001";"NE_0001";"NE_0001";"NE_0001";"NE_0001"
"2023";"09";"110101";"ICA";"ICA";"ICA";"GOBIERNO REGIONAL";"I-2";"00003376";"CACHICHE";"NE_0001";"";"NE_0001";"NE_0001";"NE_0001";"NE_0001";"NE_0001";"NE_0001";"NE_0001"
"2023";"09";"110101";"ICA";"ICA";"ICA";"GOBIERNO REGIONAL";"I-3";"00003361";"LA PALMA GRANDE";"NE_0002";"";"NE_0002";"NE_0002";"NE_0002";"NE_0002";"NE_0002";"NE_0002";"NE_0002"
"2023";"09";"110101";"ICA";"ICA";"ICA";"MINSA";"I-2";"00003377";"EL HUARANGO";"NE_0001";"";"NE_0001";"NE_0001";"NE_0001";"NE_0001";"NE_0001";"NE_0001";"NE_0001"
"2023";"09";"200701";"PIURA";"TALARA";"PARIÑAS";"ESSALUD";"II-1";"00012243";"HOSPITAL II TALARA";"241800";"HOSPITALIZACIÓN DE MEDICINA MEDICINA GENERAL ";"94";"74";"514";"438";"38";"1178";"4"
"2023";"09";"200701";"PIURA";"TALARA";"PARIÑAS";"ESSALUD";"II-1";"00012243";"HOSPITAL II TALARA";"240100";"HOSPITALIZACIÓN QUIRÚRGICA CIRUGÍA GENERAL ";"16";"08";"38";"13";"7";"240";"0"
"2023";"09";"200701";"PIURA";"TALARA";"PARIÑAS";"ESSALUD";"II-1";"00012243";"HOSPITAL II TALARA";"241400";"HOSPITALIZACIÓN QUIRÚRGICA GINECO - OBSTETRICIA ";"36";"42";"137";"72";"8";"240";"0"
"2023";"09";"200701";"PIURA";"TALARA";"PARIÑAS";"ESSALUD";"II-1";"00012243";"HOSPITAL II TALARA";"242300";"HOSPITALIZACIÓN DE PEDIATRÍA  PEDIATRÍA  GENERAL ";"10";"10";"75";"68";"6";"180";"0"
"2023";"09";"130101";"LA LIBERTAD";"TRUJILLO";"TRUJILLO";"GOBIERNO REGIONAL";"III-2";"00005197";"IRO JSU";"NE_0001";"";"NE_0001";"NE_0001";"NE_0001";"NE_0001";"NE_0001";"NE_0001";"NE_0001"
"2023";"10";"150101";"LIMA";"LIMA";"LIMA";"PRIVADO";"II-E";"00023833";"INSTITUTO OFTALMOLOGICO LA LUZ SOCIEDAD ANONIMA CERRADA - INSTITUTO OFTALMOLOGICO LA LUZ S.A.C.";"NE_0001";"";"NE_0001";"NE_0001";"NE_0001";"NE_0001";"NE_0001";"NE_0001";"NE_0001"
"2023";"10";"200701";"PIURA";"TALARA";"PARIÑAS";"ESSALUD";"II-1";"00012243";"HOSPITAL II TALARA";"241900";"HOSPITALIZACIÓN DE MEDICINA MEDICINA INTERNA ";"62";"58";"390";"257";"12";"372";"4"
"2023";"10";"200701";"PIURA";"TALARA";"PARIÑAS";"ESSALUD";"II-1";"00012243";"HOSPITAL II TALARA";"240100";"HOSPITALIZACIÓN QUIRÚRGICA CIRUGÍA GENERAL ";"68";"69";"273";"233";"10";"310";"0"
"2023";"10";"200701";"PIURA";"TALARA";"PARIÑAS";"ESSALUD";"II-1";"00012243";"HOSPITAL II TALARA";"241400";"HOSPITALIZACIÓN QUIRÚRGICA GINECO - OBSTETRICIA ";"70";"69";"211";"170";"10";"310";"0"
"2023";"10";"200701";"PIURA";"TALARA";"PARIÑAS";"ESSALUD";"II-1";"00012243";"HOSPITAL II TALARA";"242300";"HOSPITALIZACIÓN DE PEDIATRÍA  PEDIATRÍA  GENERAL ";"80";"77";"233";"135";"6";"186";"0"
"2023";"10";"150101";"LIMA";"LIMA";"LIMA";"PRIVADO";"I-3";"00016948";"MEDICENTRO COLMENA DE LA CLÍNICA INTERNACIONAL";"NE_0001";"";"NE_0001";"NE_0001";"NE_0001";"NE_0001";"NE_0001";"NE_0001";"NE_0001"
"2023";"10";"150131";"LIMA";"LIMA";"SAN ISIDRO";"PRIVADO";"I-2";"00008215";"MEDICENTRO SAN ISIDRO";"NE_0001";"";"NE_0001";"NE_0001";"NE_0001";"NE_0001";"NE_0001";"NE_0001";"NE_0001"
"2023";"10";"150140";"LIMA";"LIMA";"SANTIAGO DE SURCO";"PRIVADO";"I-3";"00024299";"CLINICA INTERNACIONAL - SEDE SURCO";"NE_0001";"";"NE_0001";"NE_0001";"NE_0001";"NE_0001";"NE_0001";"NE_0001";"NE_0001"
"2023";"10";"150101";"LIMA";"LIMA";"LIMA";"PRIVADO";"II-2";"00015610";"Clínica Internacional - Sede Lima";"240000";"HOSPITALIZACIÓN";"581";"591";"2694";"2018";"83";"2573";"0"
"2023";"10";"150130";"LIMA";"LIMA";"SAN BORJA";"PRIVADO";"II-2";"00009682";"CLÍNICA INTERNACIONAL";"240000";"HOSPITALIZACIÓN";"533";"615";"2694";"2627";"102";"3162";"0"
"2023";"10";"061007";"CAJAMARCA";"SAN MARCOS";"JOSE SABOGAL";"GOBIERNO REGIONAL";"I-1";"00004496";"TINYAYOC";"NE_0001";"";"NE_0001";"NE_0001";"NE_0001";"NE_0001";"NE_0001";"NE_0001";"NE_0001"
"2023";"10";"061007";"CAJAMARCA";"SAN MARCOS";"JOSE SABOGAL";"GOBIERNO REGIONAL";"I-2";"00004497";"MALAT";"NE_0001";"";"NE_0001";"NE_0001";"NE_0001";"NE_0001";"NE_0001";"NE_0001";"NE_0001"
"2023";"10";"061007";"CAJAMARCA";"SAN MARCOS";"JOSE SABOGAL";"GOBIERNO REGIONAL";"I-1";"00004499";"MATIBAMBA";"NE_0001";"";"NE_0001";"NE_0001";"NE_0001";"NE_0001";"NE_0001";"NE_0001";"NE_0001"
"2023";"10";"061007";"CAJAMARCA";"SAN MARCOS";"JOSE SABOGAL";"GOBIERNO REGIONAL";"I-1";"00004495";"HUAGAL";"NE_0001";"";"NE_0001";"NE_0001";"NE_0001";"NE_0001";"NE_0001";"NE_0001";"NE_0001"
"2023";"10";"061007";"CAJAMARCA";"SAN MARCOS";"JOSE SABOGAL";"GOBIERNO REGIONAL";"I-2";"00004498";"LICLICONGA";"NE_0001";"";"NE_0001";"NE_0001";"NE_0001";"NE_0001";"NE_0001";"NE_0001";"NE_0001"
"2023";"10";"061007";"CAJAMARCA";"SAN MARCOS";"JOSE SABOGAL";"GOBIERNO REGIONAL";"I-3";"00004500";"JOSE SABOGAL";"NE_0001";"";"NE_0001";"NE_0001";"NE_0001";"NE_0001";"NE_0001";"NE_0001";"NE_0001"
"2023";"10";"050204";"AYACUCHO";"CANGALLO";"MARIA PARADO DE BELLIDO";"GOBIERNO REGIONAL";"I-1";"00007303";"PUESTO DE SALUD ÑUÑUNHUAYCCO";"NE_0001";"";"NE_0001";"NE_0001";"NE_0001";"NE_0001";"NE_0001";"NE_0001";"NE_0001"
"2023";"10";"050203";"AYACUCHO";"CANGALLO";"LOS MOROCHUCOS";"GOBIERNO REGIONAL";"I-1";"00017085";"PUESTO DE SALUD HUALLCHANCCA";"NE_0001";"";"NE_0001";"NE_0001";"NE_0001";"NE_0001";"NE_0001";"NE_0001";"NE_0001"
"2023";"10";"050201";"AYACUCHO";"CANGALLO";"CANGALLO";"GOBIERNO REGIONAL";"I-1";"00003506";"PUESTO DE SALUD INCARACCAY";"NE_0001";"";"NE_0001";"NE_0001";"NE_0001";"NE_0001";"NE_0001";"NE_0001";"NE_0001"
"2023";"10";"050201";"AYACUCHO";"CANGALLO";"CANGALLO";"GOBIERNO REGIONAL";"I-1";"00006607";"PUESTO DE SALUD CHICHUCANCHA";"NE_0001";"";"NE_0001";"NE_0001";"NE_0001";"NE_0001";"NE_0001";"NE_0001";"NE_0001"
"2023";"10";"050203";"AYACUCHO";"CANGALLO";"LOS MOROCHUCOS";"GOBIERNO REGIONAL";"I-1";"00007302";"PUESTO DE SALUD SATICA";"NE_0001";"";"NE_0001";"NE_0001";"NE_0001";"NE_0001";"NE_0001";"NE_0001";"NE_0001"
"2023";"10";"050201";"AYACUCHO";"CANGALLO";"CANGALLO";"GOBIERNO REGIONAL";"I-1";"00003496";"PUESTO DE SALUD HUANCARUCMA";"NE_0001";"";"NE_0001";"NE_0001";"NE_0001";"NE_0001";"NE_0001";"NE_0001";"NE_0001"
"2023";"10";"050201";"AYACUCHO";"CANGALLO";"CANGALLO";"GOBIERNO REGIONAL";"I-1";"00003497";"PUESTO DE SALUD PUTICA";"NE_0001";"";"NE_0001";"NE_0001";"NE_0001";"NE_0001";"NE_0001";"NE_0001";"NE_0001"
"2023";"10";"050203";"AYACUCHO";"CANGALLO";"LOS MOROCHUCOS";"GOBIERNO REGIONAL";"I-4";"00003507";"CENTRO DE SALUD PAMPA CANGALLO";"240100";"HOSPITALIZACIÓN QUIRÚRGICA CIRUGÍA GENERAL ";"22";"9";"9";"8";"8";"10";"0"
"2023";"10";"050203";"AYACUCHO";"CANGALLO";"LOS MOROCHUCOS";"GOBIERNO REGIONAL";"I-2";"00003508";"PUESTO DE SALUD CHANQUIL";"NE_0001";"";"NE_0001";"NE_0001";"NE_0001";"NE_0001";"NE_0001";"NE_0001";"NE_0001"
"2023";"10";"050201";"AYACUCHO";"CANGALLO";"CANGALLO";"GOBIERNO REGIONAL";"I-1";"00003495";"PUESTO DE SALUD HUAHUAPUQUIO";"NE_0001";"";"NE_0001";"NE_0001";"NE_0001";"NE_0001";"NE_0001";"NE_0001";"NE_0001"
"2023";"10";"051002";"AYACUCHO";"VICTOR FAJARDO";"ALCAMENCA";"GOBIERNO REGIONAL";"I-1";"00003499";"PUESTO DE SALUD HUAMBO";"NE_0001";"";"NE_0001";"NE_0001";"NE_0001";"NE_0001";"NE_0001";"NE_0001";"NE_0001"
"2023";"10";"050203";"AYACUCHO";"CANGALLO";"LOS MOROCHUCOS";"GOBIERNO REGIONAL";"I-1";"00017084";"PUESTO DE SALUD JUSCAYMARCA";"NE_0001";"";"NE_0001";"NE_0001";"NE_0001";"NE_0001";"NE_0001";"NE_0001";"NE_0001"
"2023";"10";"051002";"AYACUCHO";"VICTOR FAJARDO";"ALCAMENCA";"GOBIERNO REGIONAL";"I-1";"00003498";"PUESTO DE SALUD ALCAMENCA";"NE_0001";"";"NE_0001";"NE_0001";"NE_0001";"NE_0001";"NE_0001";"NE_0001";"NE_0001"
"2023";"10";"140201";"LAMBAYEQUE";"FERREÑAFE";"FERREÑAFE";"GOBIERNO REGIONAL";"II-1";"00004440";"HOSPITAL PROVINCIA DE FERREÑAFE (HP_F)";"241600";"HOSPITALIZACIÓN QUIRÚRGICA OBSTETRICIA   ";"54";"51";"52";"130";"11";"341";"0"
"2023";"10";"140201";"LAMBAYEQUE";"FERREÑAFE";"FERREÑAFE";"GOBIERNO REGIONAL";"II-1";"00004440";"HOSPITAL PROVINCIA DE FERREÑAFE (HP_F)";"240000";"HOSPITALIZACIÓN";"92";"92";"274";"274";"17";"527";"0"
"2023";"10";"061002";"CAJAMARCA";"SAN MARCOS";"CHANCAY";"GOBIERNO REGIONAL";"I-1";"00004493";"SOCCHAGON";"NE_0001";"";"NE_0001";"NE_0001";"NE_0001";"NE_0001";"NE_0001";"NE_0001";"NE_0001"
"2023";"10";"061002";"CAJAMARCA";"SAN MARCOS";"CHANCAY";"GOBIERNO REGIONAL";"I-1";"00004491";"PUESTO DE SALUD CHANCAY";"NE_0001";"";"NE_0001";"NE_0001";"NE_0001";"NE_0001";"NE_0001";"NE_0001";"NE_0001"
"2023";"10";"061002";"CAJAMARCA";"SAN MARCOS";"CHANCAY";"GOBIERNO REGIONAL";"I-1";"00004490";"PUESTO DE SALUD POMARONGO";"NE_0001";"";"NE_0001";"NE_0001";"NE_0001";"NE_0001";"NE_0001";"NE_0001";"NE_0001"
"2023";"10";"061006";"CAJAMARCA";"SAN MARCOS";"JOSE MANUEL QUIROZ";"GOBIERNO REGIONAL";"I-2";"00004494";"SHIRAC";"NE_0001";"";"NE_0001";"NE_0001";"NE_0001";"NE_0001";"NE_0001";"NE_0001";"NE_0001"
"2023";"10";"061005";"CAJAMARCA";"SAN MARCOS";"ICHOCAN";"GOBIERNO REGIONAL";"I-3";"00004489";"ICHOCAN";"NE_0001";"";"NE_0001";"NE_0001";"NE_0001";"NE_0001";"NE_0001";"NE_0001";"NE_0001"
"2023";"10";"061003";"CAJAMARCA";"SAN MARCOS";"EDUARDO VILLANUEVA";"GOBIERNO REGIONAL";"I-2";"00004492";"LA GRAMA";"NE_0001";"";"NE_0001";"NE_0001";"NE_0001";"NE_0001";"NE_0001";"NE_0001";"NE_0001"
"2023";"11";"200701";"PIURA";"TALARA";"PARIÑAS";"PRIVADO";"II-1";"00011498";"CLINICA TORRES S.A.";"240000";"HOSPITALIZACIÓN";"6";"6";"15";"15";"16";"481";"0"
"2023";"11";"090203";"HUANCAVELICA";"ACOBAMBA";"ANTA";"GOBIERNO REGIONAL";"I-1";"00003941";"PUESTO DE SALUD MANYACC";"NE_0001";"";"NE_0001";"NE_0001";"NE_0001";"NE_0001";"NE_0001";"NE_0001";"NE_0001"
"2023";"11";"090203";"HUANCAVELICA";"ACOBAMBA";"ANTA";"GOBIERNO REGIONAL";"I-1";"00011230";"PUESTO DE SALUD RAYANNIYOCC";"NE_0001";"";"NE_0001";"NE_0001";"NE_0001";"NE_0001";"NE_0001";"NE_0001";"NE_0001"
"2023";"11";"090203";"HUANCAVELICA";"ACOBAMBA";"ANTA";"GOBIERNO REGIONAL";"I-3";"00003939";"CENTRO DE SALUD ANTA";"NE_0001";"";"NE_0001";"NE_0001";"NE_0001";"NE_0001";"NE_0001";"NE_0001";"NE_0001"
"2023";"11";"090203";"HUANCAVELICA";"ACOBAMBA";"ANTA";"GOBIERNO REGIONAL";"I-1";"00009697";"PUESTO DE SALUD DE CASACANCHA";"NE_0001";"";"NE_0001";"NE_0001";"NE_0001";"NE_0001";"NE_0001";"NE_0001";"NE_0001"
"2023";"11";"090203";"HUANCAVELICA";"ACOBAMBA";"ANTA";"GOBIERNO REGIONAL";"I-1";"00009469";"PUESTO DE SALUD VISTA ALEGRE DE ANTA";"NE_0001";"";"NE_0001";"NE_0001";"NE_0001";"NE_0001";"NE_0001";"NE_0001";"NE_0001"
"2023";"11";"150130";"LIMA";"LIMA";"SAN BORJA";"PRIVADO";"II-1";"00010515";"CLINICA SANTA LUCIA S.A.C.";"NE_0002";"";"NE_0002";"NE_0002";"NE_0002";"NE_0002";"NE_0002";"NE_0002";"NE_0002"
"2023";"11";"150122";"LIMA";"LIMA";"MIRAFLORES";"ESSALUD";"II-2";"00008489";"ESSALUD - HOSPITAL III SUÁREZ ANGAMOS";"250100";"UNIDAD DE CUIDADOS CRITICOS UNIDAD  DE CUIDADOS INTENSIVOS GENERALES (UCI) ";"7";"7";"29";"150";"7";"210";"0"
"2023";"11";"150122";"LIMA";"LIMA";"MIRAFLORES";"ESSALUD";"II-2";"00008489";"ESSALUD - HOSPITAL III SUÁREZ ANGAMOS";"250200";"UNIDAD DE CUIDADOS CRITICOS UNIDAD DE CUIDADOS INTERMEDIOS GENERAL  (UCIN) ";"10";"10";"67";"144";"6";"180";"2"
"2023";"11";"150122";"LIMA";"LIMA";"MIRAFLORES";"ESSALUD";"II-2";"00008489";"ESSALUD - HOSPITAL III SUÁREZ ANGAMOS";"241800";"HOSPITALIZACIÓN DE MEDICINA MEDICINA GENERAL ";"120";"117";"963";"697";"24";"720";"3"
"2023";"11";"150122";"LIMA";"LIMA";"MIRAFLORES";"ESSALUD";"II-2";"00008489";"ESSALUD - HOSPITAL III SUÁREZ ANGAMOS";"240100";"HOSPITALIZACIÓN QUIRÚRGICA CIRUGÍA GENERAL ";"271";"273";"507";"498";"22";"651";"0"
"2023";"11";"150122";"LIMA";"LIMA";"MIRAFLORES";"ESSALUD";"II-2";"00008489";"ESSALUD - HOSPITAL III SUÁREZ ANGAMOS";"241400";"HOSPITALIZACIÓN QUIRÚRGICA GINECO - OBSTETRICIA ";"52";"53";"85";"86";"4";"124";"0"
"2023";"11";"150122";"LIMA";"LIMA";"MIRAFLORES";"ESSALUD";"II-2";"00008489";"ESSALUD - HOSPITAL III SUÁREZ ANGAMOS";"241600";"HOSPITALIZACIÓN QUIRÚRGICA OBSTETRICIA   ";"192";"183";"268";"306";"12";"365";"0"
"2023";"11";"150122";"LIMA";"LIMA";"MIRAFLORES";"ESSALUD";"II-2";"00008489";"ESSALUD - HOSPITAL III SUÁREZ ANGAMOS";"242300";"HOSPITALIZACIÓN DE PEDIATRÍA  PEDIATRÍA  GENERAL ";"68";"66";"219";"226";"10";"296";"0"
"2023";"11";"150122";"LIMA";"LIMA";"MIRAFLORES";"ESSALUD";"II-2";"00008489";"ESSALUD - HOSPITAL III SUÁREZ ANGAMOS";"243200";"HOSPITALIZACIÓN DE PEDIATRÍA PEDIATRIA NEONATOLOGÍA";"10";"9";"19";"20";"4";"119";"0"
"2023";"11";"250107";"UCAYALI";"CORONEL PORTILLO";"MANANTAY";"ESSALUD";"I-3";"00032739";"CENTRO DE SALUD MANANTAY - ESSALUD";"NE_0001";"";"NE_0001";"NE_0001";"NE_0001";"NE_0001";"NE_0001";"NE_0001";"NE_0001"
"2023";"11";"220508";"SAN MARTIN";"LAMAS";"SAN ROQUE DE CUMBAZA";"GOBIERNO REGIONAL";"I-1";"00006357";"ALTO SHAMBOYACU";"NE_0001";"";"NE_0001";"NE_0001";"NE_0001";"NE_0001";"NE_0001";"NE_0001";"NE_0001"
"2023";"11";"220501";"SAN MARTIN";"LAMAS";"LAMAS";"GOBIERNO REGIONAL";"I-1";"00006353";"HUAYCO LAMAS";"NE_0001";"";"NE_0001";"NE_0001";"NE_0001";"NE_0001";"NE_0001";"NE_0001";"NE_0001"
"2023";"11";"220507";"SAN MARTIN";"LAMAS";"RUMISAPA";"GOBIERNO REGIONAL";"I-1";"00006392";"MACEDA";"NE_0001";"";"NE_0001";"NE_0001";"NE_0001";"NE_0001";"NE_0001";"NE_0001";"NE_0001"
"2023";"11";"220511";"SAN MARTIN";"LAMAS";"ZAPATERO";"GOBIERNO REGIONAL";"I-1";"00006394";"SANTA ANA DEL RIO MAYO";"NE_0001";"";"NE_0001";"NE_0001";"NE_0001";"NE_0001";"NE_0001";"NE_0001";"NE_0001"
"2023";"11";"220507";"SAN MARTIN";"LAMAS";"RUMISAPA";"GOBIERNO REGIONAL";"I-1";"00006354";"CHIRAPA LA LIBERTAD";"NE_0001";"";"NE_0001";"NE_0001";"NE_0001";"NE_0001";"NE_0001";"NE_0001";"NE_0001"
"2023";"11";"220508";"SAN MARTIN";"LAMAS";"SAN ROQUE DE CUMBAZA";"GOBIERNO REGIONAL";"I-1";"00006355";"CHIRICYACU";"NE_0001";"";"NE_0001";"NE_0001";"NE_0001";"NE_0001";"NE_0001";"NE_0001";"NE_0001"
"2023";"11";"220508";"SAN MARTIN";"LAMAS";"SAN ROQUE DE CUMBAZA";"GOBIERNO REGIONAL";"I-2";"00006356";"PAMASHTO";"NE_0001";"";"NE_0001";"NE_0001";"NE_0001";"NE_0001";"NE_0001";"NE_0001";"NE_0001"
"2023";"11";"220912";"SAN MARTIN";"SAN MARTIN";"SAN ANTONIO";"GOBIERNO REGIONAL";"I-1";"00006387";"AUCALOMA";"NE_0001";"";"NE_0001";"NE_0001";"NE_0001";"NE_0001";"NE_0001";"NE_0001";"NE_0001"
"2023";"11";"220507";"SAN MARTIN";"LAMAS";"RUMISAPA";"GOBIERNO REGIONAL";"I-1";"00006391";"RUMIZAPA";"NE_0001";"";"NE_0001";"NE_0001";"NE_0001";"NE_0001";"NE_0001";"NE_0001";"NE_0001"
"2023";"11";"220508";"SAN MARTIN";"LAMAS";"SAN ROQUE DE CUMBAZA";"GOBIERNO REGIONAL";"I-1";"00006358";"YURILAMAS";"NE_0001";"";"NE_0001";"NE_0001";"NE_0001";"NE_0001";"NE_0001";"NE_0001";"NE_0001"
"2023";"11";"220507";"SAN MARTIN";"LAMAS";"RUMISAPA";"GOBIERNO REGIONAL";"I-1";"00006389";"CHURUZAPA";"NE_0001";"";"NE_0001";"NE_0001";"NE_0001";"NE_0001";"NE_0001";"NE_0001";"NE_0001"
"2023";"11";"220501";"SAN MARTIN";"LAMAS";"LAMAS";"GOBIERNO REGIONAL";"I-1";"00006390";"LAS FLORES DEL RIO MAYO";"NE_0001";"";"NE_0001";"NE_0001";"NE_0001";"NE_0001";"NE_0001";"NE_0001";"NE_0001"
"2023";"11";"220501";"SAN MARTIN";"LAMAS";"LAMAS";"GOBIERNO REGIONAL";"I-1";"00006388";"SAN ANTONIO RIO MAYO";"NE_0001";"";"NE_0001";"NE_0001";"NE_0001";"NE_0001";"NE_0001";"NE_0001";"NE_0001"
"2023";"09";"110101";"ICA";"ICA";"ICA";"GOBIERNO REGIONAL";"II-2";"00003358";"HOSPITAL REGIONAL DE ICA";"240100";"HOSPITALIZACIÓN QUIRÚRGICA CIRUGÍA GENERAL ";"134";"189";"1695";"2561";"63";"1890";"1"
"2023";"09";"110101";"ICA";"ICA";"ICA";"GOBIERNO REGIONAL";"II-2";"00003358";"HOSPITAL REGIONAL DE ICA";"241500";"HOSPITALIZACIÓN QUIRÚRGICA GINECOLOGÍA  ";"69";"71";"235";"273";"15";"450";"0"
"2023";"09";"110101";"ICA";"ICA";"ICA";"GOBIERNO REGIONAL";"II-2";"00003358";"HOSPITAL REGIONAL DE ICA";"241600";"HOSPITALIZACIÓN QUIRÚRGICA OBSTETRICIA   ";"179";"197";"457";"592";"26";"780";"0"
"2023";"09";"110101";"ICA";"ICA";"ICA";"GOBIERNO REGIONAL";"II-2";"00003358";"HOSPITAL REGIONAL DE ICA";"241900";"HOSPITALIZACIÓN DE MEDICINA MEDICINA INTERNA ";"122";"170";"1366";"1513";"134";"4020";"12"
"2023";"09";"110101";"ICA";"ICA";"ICA";"GOBIERNO REGIONAL";"II-2";"00003358";"HOSPITAL REGIONAL DE ICA";"242500";"HOSPITALIZACIÓN-PEDIATRÍA GENERAL-";"67";"79";"260";"298";"7";"310";"0"
"2023";"09";"110101";"ICA";"ICA";"ICA";"GOBIERNO REGIONAL";"II-2";"00003358";"HOSPITAL REGIONAL DE ICA";"243200";"HOSPITALIZACIÓN DE PEDIATRÍA PEDIATRIA NEONATOLOGÍA";"44";"44";"131";"146";"12";"360";"0"
"2023";"09";"110101";"ICA";"ICA";"ICA";"GOBIERNO REGIONAL";"II-2";"00003358";"HOSPITAL REGIONAL DE ICA";"250103";"UNIDAD DE CUIDADOS CRITICOS UNIDAD  DE CUIDADOS INTENSIVOS GENERALES  (UCI) MEDICINA";"0";"2";"86";"86";"10";"300";"2"
"2023";"09";"110101";"ICA";"ICA";"ICA";"GOBIERNO REGIONAL";"II-2";"00003358";"HOSPITAL REGIONAL DE ICA";"250105";"UNIDAD DE CUIDADOS CRITICOS UNIDAD  DE CUIDADOS INTENSIVOS  (UCI) NEONATOLOGÍA";"2";"4";"68";"71";"7";"210";"0"
"2023";"09";"110101";"ICA";"ICA";"ICA";"GOBIERNO REGIONAL";"II-2";"00003358";"HOSPITAL REGIONAL DE ICA";"250108";"UNIDAD DE CUIDADOS CRITICOS UNIDAD  DE CUIDADOS INTENSIVOS  (UCI) PEDIÁTRICA";"4";"4";"22";"27";"5";"150";"0"
"2023";"09";"150101";"LIMA";"LIMA";"LIMA";"PRIVADO";"II-E";"00011167";"OFTALMOMEDIC";"NE_0001";"";"NE_0001";"NE_0001";"NE_0001";"NE_0001";"NE_0001";"NE_0001";"NE_0001"
"2023";"10";"080707";"CUSCO";"CHUMBIVILCAS";"QUIÑOTA";"GOBIERNO REGIONAL";"I-1";"00006984";"CCOLLANA";"NE_0001";"";"NE_0001";"NE_0001";"NE_0001";"NE_0001";"NE_0001";"NE_0001";"NE_0001"
"2023";"10";"080706";"CUSCO";"CHUMBIVILCAS";"LLUSCO";"GOBIERNO REGIONAL";"I-1";"00027008";"ANTUYO";"NE_0001";"";"NE_0001";"NE_0001";"NE_0001";"NE_0001";"NE_0001";"NE_0001";"NE_0001"
"2023";"10";"080707";"CUSCO";"CHUMBIVILCAS";"QUIÑOTA";"GOBIERNO REGIONAL";"I-1";"00025369";"PUMALLACTA";"NE_0001";"";"NE_0001";"NE_0001";"NE_0001";"NE_0001";"NE_0001";"NE_0001";"NE_0001"
"2023";"10";"080706";"CUSCO";"CHUMBIVILCAS";"LLUSCO";"GOBIERNO REGIONAL";"I-2";"00006747";"LUTTO";"NE_0001";"";"NE_0001";"NE_0001";"NE_0001";"NE_0001";"NE_0001";"NE_0001";"NE_0001"
"2023";"10";"080706";"CUSCO";"CHUMBIVILCAS";"LLUSCO";"GOBIERNO REGIONAL";"I-2";"00002407";"LLUSCO";"NE_0001";"";"NE_0001";"NE_0001";"NE_0001";"NE_0001";"NE_0001";"NE_0001";"NE_0001"
"2023";"10";"150133";"LIMA";"LIMA";"SAN JUAN DE MIRAFLORES";"PRIVADO";"II-E";"00027478";"CLINICA BUENAVENTURA";"240100";"HOSPITALIZACIÓN QUIRÚRGICA CIRUGÍA GENERAL ";"7";"7";"7";"9";"7";"279";"0"
"2023";"10";"150133";"LIMA";"LIMA";"SAN JUAN DE MIRAFLORES";"PRIVADO";"II-E";"00027478";"CLINICA BUENAVENTURA";"245701";"HOSPITALIZACIÓN QUIRÚRGICA CARDIOLOGIA CARDIOLOGIA INTERVENVIONISTA";"1";"1";"1";"3";"1";"31";"0"
"2023";"10";"150133";"LIMA";"LIMA";"SAN JUAN DE MIRAFLORES";"PRIVADO";"II-E";"00027478";"CLINICA BUENAVENTURA";"245701";"HOSPITALIZACIÓN QUIRÚRGICA CARDIOLOGIA CARDIOLOGIA INTERVENVIONISTA";"1";"1";"1";"1";"1";"31";"0"
"2023";"10";"150133";"LIMA";"LIMA";"SAN JUAN DE MIRAFLORES";"PRIVADO";"II-E";"00027478";"CLINICA BUENAVENTURA";"241900";"HOSPITALIZACIÓN DE MEDICINA MEDICINA INTERNA ";"3";"3";"3";"5";"7";"217";"0"
"2023";"10";"150133";"LIMA";"LIMA";"SAN JUAN DE MIRAFLORES";"PRIVADO";"II-E";"00027478";"CLINICA BUENAVENTURA";"250100";"UNIDAD DE CUIDADOS CRITICOS UNIDAD  DE CUIDADOS INTENSIVOS GENERALES (UCI) ";"1";"1";"1";"1";"3";"93";"1"
"2023";"10";"150140";"LIMA";"LIMA";"SANTIAGO DE SURCO";"PRIVADO";"II-2";"00009989";"CLINICA PADRE LUIS TEZZA";"240000";"HOSPITALIZACIÓN";"329";"305";"1388";"1485";"62";"1922";"5"
"2023";"10";"040101";"AREQUIPA";"AREQUIPA";"AREQUIPA";"ESSALUD";"III-1";"00013290";"HOSPITAL NACIONAL III-1 CARLOS ALBERTO SEGUÍN ESCOBEDO";"241900";"HOSPITALIZACIÓN DE MEDICINA MEDICINA INTERNA ";"597";"539";"8173";"7235";"240";"7440";"25"
"2023";"10";"040101";"AREQUIPA";"AREQUIPA";"AREQUIPA";"ESSALUD";"III-1";"00013290";"HOSPITAL NACIONAL III-1 CARLOS ALBERTO SEGUÍN ESCOBEDO";"241500";"HOSPITALIZACIÓN QUIRÚRGICA GINECOLOGÍA  ";"51";"48";"163";"181";"6";"186";"0"
"2023";"10";"040101";"AREQUIPA";"AREQUIPA";"AREQUIPA";"ESSALUD";"III-1";"00013290";"HOSPITAL NACIONAL III-1 CARLOS ALBERTO SEGUÍN ESCOBEDO";"242300";"HOSPITALIZACIÓN DE PEDIATRÍA  PEDIATRÍA  GENERAL ";"10";"12";"190";"192";"9";"279";"0"
"2023";"10";"040101";"AREQUIPA";"AREQUIPA";"AREQUIPA";"ESSALUD";"III-1";"00013290";"HOSPITAL NACIONAL III-1 CARLOS ALBERTO SEGUÍN ESCOBEDO";"243200";"HOSPITALIZACIÓN DE PEDIATRÍA PEDIATRIA NEONATOLOGÍA";"65";"60";"441";"223";"9";"279";"3"
"2023";"10";"040101";"AREQUIPA";"AREQUIPA";"AREQUIPA";"ESSALUD";"III-1";"00013290";"HOSPITAL NACIONAL III-1 CARLOS ALBERTO SEGUÍN ESCOBEDO";"241600";"HOSPITALIZACIÓN QUIRÚRGICA OBSTETRICIA   ";"101";"106";"388";"426";"16";"496";"0"
"2023";"10";"040101";"AREQUIPA";"AREQUIPA";"AREQUIPA";"ESSALUD";"III-1";"00013290";"HOSPITAL NACIONAL III-1 CARLOS ALBERTO SEGUÍN ESCOBEDO";"241700";"HOSPITALIZACIÓN QUIRÚRGICA GINECOLOGÍA   GINECOLOGIA ONCOLOGiCA";"33";"31";"102";"108";"5";"155";"0"
"2023";"10";"040101";"AREQUIPA";"AREQUIPA";"AREQUIPA";"ESSALUD";"III-1";"00013290";"HOSPITAL NACIONAL III-1 CARLOS ALBERTO SEGUÍN ESCOBEDO";"242300";"HOSPITALIZACIÓN DE PEDIATRÍA  PEDIATRÍA  GENERAL ";"22";"13";"298";"257";"9";"279";"0"
"2023";"10";"040101";"AREQUIPA";"AREQUIPA";"AREQUIPA";"ESSALUD";"III-1";"00013290";"HOSPITAL NACIONAL III-1 CARLOS ALBERTO SEGUÍN ESCOBEDO";"240500";"HOSPITALIZACIÓN QUIRÚRGICA CIRUGÍA DE TRANSPLANTES ";"0";"1";"13";"16";"4";"124";"0"
"2023";"10";"040101";"AREQUIPA";"AREQUIPA";"AREQUIPA";"ESSALUD";"III-1";"00013290";"HOSPITAL NACIONAL III-1 CARLOS ALBERTO SEGUÍN ESCOBEDO";"250100";"UNIDAD DE CUIDADOS CRITICOS UNIDAD  DE CUIDADOS INTENSIVOS GENERALES (UCI) ";"117";"117";"1288";"1462";"49";"1519";"6"
"2023";"10";"040101";"AREQUIPA";"AREQUIPA";"AREQUIPA";"ESSALUD";"III-1";"00013290";"HOSPITAL NACIONAL III-1 CARLOS ALBERTO SEGUÍN ESCOBEDO";"250200";"UNIDAD DE CUIDADOS CRITICOS UNIDAD DE CUIDADOS INTERMEDIOS GENERAL  (UCIN) ";"59";"61";"401";"444";"15";"465";"5"
"2023";"10";"040101";"AREQUIPA";"AREQUIPA";"AREQUIPA";"ESSALUD";"III-1";"00013290";"HOSPITAL NACIONAL III-1 CARLOS ALBERTO SEGUÍN ESCOBEDO";"240200";"HOSPITALIZACIÓN QUIRÚRGICA CIRUGÍA DE CABEZA Y CUELLO / MÁXILO FACIAL ";"44";"46";"193";"209";"7";"217";"0"
"2023";"10";"040101";"AREQUIPA";"AREQUIPA";"AREQUIPA";"ESSALUD";"III-1";"00013290";"HOSPITAL NACIONAL III-1 CARLOS ALBERTO SEGUÍN ESCOBEDO";"240400";"HOSPITALIZACIÓN QUIRÚRGICA CIRUGÍA DE TÓRAX Y CARDIOVASCULAR ";"23";"18";"472";"355";"12";"372";"0"
"2023";"10";"040101";"AREQUIPA";"AREQUIPA";"AREQUIPA";"ESSALUD";"III-1";"00013290";"HOSPITAL NACIONAL III-1 CARLOS ALBERTO SEGUÍN ESCOBEDO";"241000";"HOSPITALIZACIÓN QUIRÚRGICA ONCOLOGÍA QUIRÚRGICA  ";"30";"25";"183";"173";"6";"186";"0"
"2023";"10";"040101";"AREQUIPA";"AREQUIPA";"AREQUIPA";"ESSALUD";"III-1";"00013290";"HOSPITAL NACIONAL III-1 CARLOS ALBERTO SEGUÍN ESCOBEDO";"240800";"HOSPITALIZACIÓN QUIRÚRGICA CIRUGÍA PLÁSTICA/RECONSTRUCTIVA/ REPARADORA ";"23";"22";"220";"287";"10";"310";"0"
"2023";"10";"040101";"AREQUIPA";"AREQUIPA";"AREQUIPA";"ESSALUD";"III-1";"00013290";"HOSPITAL NACIONAL III-1 CARLOS ALBERTO SEGUÍN ESCOBEDO";"240900";"HOSPITALIZACIÓN QUIRÚRGICA NEUROCIRUGÍA ";"42";"35";"513";"455";"15";"465";"1"
"2023";"10";"040101";"AREQUIPA";"AREQUIPA";"AREQUIPA";"ESSALUD";"III-1";"00013290";"HOSPITAL NACIONAL III-1 CARLOS ALBERTO SEGUÍN ESCOBEDO";"240100";"HOSPITALIZACIÓN QUIRÚRGICA CIRUGÍA GENERAL ";"95";"95";"733";"417";"14";"434";"2"
"2023";"10";"040101";"AREQUIPA";"AREQUIPA";"AREQUIPA";"ESSALUD";"III-1";"00013290";"HOSPITAL NACIONAL III-1 CARLOS ALBERTO SEGUÍN ESCOBEDO";"241100";"HOSPITALIZACIÓN QUIRÚRGICA OTORRINOLARINGOLOGÍA  ";"33";"37";"131";"122";"5";"155";"0"
"2023";"10";"040101";"AREQUIPA";"AREQUIPA";"AREQUIPA";"ESSALUD";"III-1";"00013290";"HOSPITAL NACIONAL III-1 CARLOS ALBERTO SEGUÍN ESCOBEDO";"242202";"HOSPITALIZACIÓN DE MEDICINA PSIQUIATRÍA PSIQUIATRÍA DEL ADULTO Y GERONTE";"24";"24";"455";"553";"24";"744";"0"
"2023";"10";"040101";"AREQUIPA";"AREQUIPA";"AREQUIPA";"ESSALUD";"III-1";"00013290";"HOSPITAL NACIONAL III-1 CARLOS ALBERTO SEGUÍN ESCOBEDO";"241200";"HOSPITALIZACIÓN QUIRÚRGICA TRAUMATOLOGÍA Y ORTOPEDIA ";"118";"119";"764";"791";"26";"806";"4"
"2023";"10";"040101";"AREQUIPA";"AREQUIPA";"AREQUIPA";"ESSALUD";"III-1";"00013290";"HOSPITAL NACIONAL III-1 CARLOS ALBERTO SEGUÍN ESCOBEDO";"241300";"HOSPITALIZACIÓN QUIRÚRGICA UROLOGÍA  ";"35";"34";"292";"259";"9";"279";"0"
"2023";"10";"040101";"AREQUIPA";"AREQUIPA";"AREQUIPA";"ESSALUD";"III-1";"00013290";"HOSPITAL NACIONAL III-1 CARLOS ALBERTO SEGUÍN ESCOBEDO";"240100";"HOSPITALIZACIÓN QUIRÚRGICA CIRUGÍA GENERAL ";"115";"116";"903";"911";"31";"961";"2"
"2023";"10";"040101";"AREQUIPA";"AREQUIPA";"AREQUIPA";"ESSALUD";"III-1";"00013290";"HOSPITAL NACIONAL III-1 CARLOS ALBERTO SEGUÍN ESCOBEDO";"240700";"HOSPITALIZACIÓN QUIRÚRGICA CIRUGÍA PEDIÁTRICA ";"2";"3";"38";"38";"2";"62";"0"
"2023";"10";"150110";"LIMA";"LIMA";"COMAS";"PRIVADO";"I-3";"00025575";"CENTRO CLÍNICO SAN NICOLAS";"NE_0001";"";"NE_0001";"NE_0001";"NE_0001";"NE_0001";"NE_0001";"NE_0001";"NE_0001"
"2023";"10";"211101";"PUNO";"SAN ROMAN";"JULIACA";"PRIVADO";"II-E";"00011978";"CLINICA MONTE SINAI JULIACA E.I.R.L.";"241800";"HOSPITALIZACIÓN DE MEDICINA MEDICINA GENERAL ";"11";"10";"25";"35";"2";"150";"0"
"2023";"10";"211101";"PUNO";"SAN ROMAN";"JULIACA";"PRIVADO";"II-E";"00011978";"CLINICA MONTE SINAI JULIACA E.I.R.L.";"240100";"HOSPITALIZACIÓN QUIRÚRGICA CIRUGÍA GENERAL ";"35";"28";"110";"15";"13";"92";"0"
"2023";"10";"211101";"PUNO";"SAN ROMAN";"JULIACA";"PRIVADO";"II-E";"00011978";"CLINICA MONTE SINAI JULIACA E.I.R.L.";"241200";"HOSPITALIZACIÓN QUIRÚRGICA TRAUMATOLOGÍA Y ORTOPEDIA ";"1";"1";"5";"5";"1";"92";"0"
"2023";"10";"150113";"LIMA";"LIMA";"JESUS MARIA";"PRIVADO";"III-1";"00009116";"CLINICA SAN FELIPE S.A.";"240000";"HOSPITALIZACIÓN";"462";"452";"1535";"50";"101";"3131";"5"
"2023";"10";"150113";"LIMA";"LIMA";"JESUS MARIA";"PRIVADO";"III-1";"00009116";"CLINICA SAN FELIPE S.A.";"250200";"UNIDAD DE CUIDADOS CRITICOS UNIDAD DE CUIDADOS INTERMEDIOS GENERAL  (UCIN) ";"62";"66";"347";"11";"25";"775";"4"
"2023";"10";"150113";"LIMA";"LIMA";"JESUS MARIA";"PRIVADO";"III-1";"00009116";"CLINICA SAN FELIPE S.A.";"250100";"UNIDAD DE CUIDADOS CRITICOS UNIDAD  DE CUIDADOS INTENSIVOS GENERALES (UCI) ";"47";"52";"148";"5";"21";"651";"1"
"2023";"10";"150605";"LIMA";"HUARAL";"CHANCAY";"PRIVADO";"II-E";"00032362";"CLINICA DR. POEMAPE - CLINIPOEMAPE";"241200";"HOSPITALIZACIÓN QUIRÚRGICA TRAUMATOLOGÍA Y ORTOPEDIA ";"4";"6";"12";"2";"1";"3";"0"
"2023";"10";"150605";"LIMA";"HUARAL";"CHANCAY";"PRIVADO";"II-E";"00032362";"CLINICA DR. POEMAPE - CLINIPOEMAPE";"241300";"HOSPITALIZACIÓN QUIRÚRGICA UROLOGÍA  ";"1";"1";"2";"2";"1";"3";"0"
"2023";"10";"150605";"LIMA";"HUARAL";"CHANCAY";"PRIVADO";"II-E";"00032362";"CLINICA DR. POEMAPE - CLINIPOEMAPE";"241400";"HOSPITALIZACIÓN QUIRÚRGICA GINECO - OBSTETRICIA ";"1";"2";"3";"2";"1";"3";"0"
"2023";"10";"150605";"LIMA";"HUARAL";"CHANCAY";"PRIVADO";"II-E";"00032362";"CLINICA DR. POEMAPE - CLINIPOEMAPE";"240100";"HOSPITALIZACIÓN QUIRÚRGICA CIRUGÍA GENERAL ";"7";"8";"24";"2";"1";"3";"0"
"2023";"10";"140101";"LAMBAYEQUE";"CHICLAYO";"CHICLAYO";"PRIVADO";"II-E";"00017589";"INSTITUTO OFTALMOLÓGICO LA LUZ SAC";"NE_0001";"";"NE_0001";"NE_0001";"NE_0001";"NE_0001";"NE_0001";"NE_0001";"NE_0001"
"2023";"11";"150110";"LIMA";"LIMA";"COMAS";"PRIVADO";"II-E";"00030606";"VISANA CLINICA  ESPECIALIZADA OFTALMOLOGICA";"NE_0001";"";"NE_0001";"NE_0001";"NE_0001";"NE_0001";"NE_0001";"NE_0001";"NE_0001"
"2023";"11";"130902";"LA LIBERTAD";"SANCHEZ CARRION";"CHUGAY";"GOBIERNO REGIONAL";"I-2";"00005354";"COCHABAMBA";"NE_0001";"";"NE_0001";"NE_0001";"NE_0001";"NE_0001";"NE_0001";"NE_0001";"NE_0001"
"2023";"11";"150130";"LIMA";"LIMA";"SAN BORJA";"PRIVADO";"II-E";"00011547";"CLINICA CONTINENTAL";"NE_0002";"";"NE_0002";"NE_0002";"NE_0002";"NE_0002";"NE_0002";"NE_0002";"NE_0002"
"2023";"11";"130902";"LA LIBERTAD";"SANCHEZ CARRION";"CHUGAY";"GOBIERNO REGIONAL";"I-2";"00005353";"UCHUBAMBA";"NE_0001";"";"NE_0001";"NE_0001";"NE_0001";"NE_0001";"NE_0001";"NE_0001";"NE_0001"
"2023";"11";"130902";"LA LIBERTAD";"SANCHEZ CARRION";"CHUGAY";"GOBIERNO REGIONAL";"I-2";"00017924";"UCHUY";"NE_0001";"";"NE_0001";"NE_0001";"NE_0001";"NE_0001";"NE_0001";"NE_0001";"NE_0001"
"2023";"11";"130902";"LA LIBERTAD";"SANCHEZ CARRION";"CHUGAY";"GOBIERNO REGIONAL";"I-2";"00005352";"CHUGAY";"NE_0001";"";"NE_0001";"NE_0001";"NE_0001";"NE_0001";"NE_0001";"NE_0001";"NE_0001"
"2023";"11";"130902";"LA LIBERTAD";"SANCHEZ CARRION";"CHUGAY";"GOBIERNO REGIONAL";"I-1";"00018297";"HUAGUIL";"NE_0001";"";"NE_0001";"NE_0001";"NE_0001";"NE_0001";"NE_0001";"NE_0001";"NE_0001"
"2023";"11";"130902";"LA LIBERTAD";"SANCHEZ CARRION";"CHUGAY";"GOBIERNO REGIONAL";"I-1";"00029509";"PUESTO DE SALUD AHIJADERO";"NE_0001";"";"NE_0001";"NE_0001";"NE_0001";"NE_0001";"NE_0001";"NE_0001";"NE_0001"
"2023";"11";"130902";"LA LIBERTAD";"SANCHEZ CARRION";"CHUGAY";"GOBIERNO REGIONAL";"I-1";"00024527";"NUEVO HUAYCHO";"NE_0001";"";"NE_0001";"NE_0001";"NE_0001";"NE_0001";"NE_0001";"NE_0001";"NE_0001"
"2023";"11";"130902";"LA LIBERTAD";"SANCHEZ CARRION";"CHUGAY";"GOBIERNO REGIONAL";"I-2";"00018225";"CANUCUBAMBA";"NE_0001";"";"NE_0001";"NE_0001";"NE_0001";"NE_0001";"NE_0001";"NE_0001";"NE_0001"
"2023";"11";"130902";"LA LIBERTAD";"SANCHEZ CARRION";"CHUGAY";"GOBIERNO REGIONAL";"I-1";"00031804";"PUESTO DE SALUD PAJA BLANCA";"NE_0001";"";"NE_0001";"NE_0001";"NE_0001";"NE_0001";"NE_0001";"NE_0001";"NE_0001"
"2023";"11";"120302";"JUNIN";"CHANCHAMAYO";"PERENE";"GOBIERNO REGIONAL";"I-1";"00000322";"LIBERTAD TOTERANI";"NE_0001";"";"NE_0001";"NE_0001";"NE_0001";"NE_0001";"NE_0001";"NE_0001";"NE_0001"
"2023";"11";"120302";"JUNIN";"CHANCHAMAYO";"PERENE";"GOBIERNO REGIONAL";"I-1";"00000323";"INCHATINGARI";"NE_0001";"";"NE_0001";"NE_0001";"NE_0001";"NE_0001";"NE_0001";"NE_0001";"NE_0001"
"2023";"11";"120302";"JUNIN";"CHANCHAMAYO";"PERENE";"GOBIERNO REGIONAL";"I-2";"00000324";"LOS ANGELES DE UBIRIKI";"NE_0001";"";"NE_0001";"NE_0001";"NE_0001";"NE_0001";"NE_0001";"NE_0001";"NE_0001"
"2023";"11";"120302";"JUNIN";"CHANCHAMAYO";"PERENE";"GOBIERNO REGIONAL";"I-1";"00000327";"ALTO PUMPURIANI";"NE_0001";"";"NE_0001";"NE_0001";"NE_0001";"NE_0001";"NE_0001";"NE_0001";"NE_0001"
"2023";"11";"120302";"JUNIN";"CHANCHAMAYO";"PERENE";"GOBIERNO REGIONAL";"I-1";"00000335";"ZONA PATRIA";"NE_0001";"";"NE_0001";"NE_0001";"NE_0001";"NE_0001";"NE_0001";"NE_0001";"NE_0001"
"2023";"11";"120302";"JUNIN";"CHANCHAMAYO";"PERENE";"GOBIERNO REGIONAL";"I-3";"00000320";"PUERTO YURINAKI";"NE_0001";"";"NE_0001";"NE_0001";"NE_0001";"NE_0001";"NE_0001";"NE_0001";"NE_0001"
"2023";"11";"120302";"JUNIN";"CHANCHAMAYO";"PERENE";"GOBIERNO REGIONAL";"I-2";"00000325";"CENTRO POBLADO MENOR LA FLORIDA";"NE_0001";"";"NE_0001";"NE_0001";"NE_0001";"NE_0001";"NE_0001";"NE_0001";"NE_0001"
"2023";"11";"120302";"JUNIN";"CHANCHAMAYO";"PERENE";"GOBIERNO REGIONAL";"I-1";"00000329";"HUACAMAYO";"NE_0001";"";"NE_0001";"NE_0001";"NE_0001";"NE_0001";"NE_0001";"NE_0001";"NE_0001"
"2023";"11";"120304";"JUNIN";"CHANCHAMAYO";"SAN LUIS DE SHUARO";"GOBIERNO REGIONAL";"I-1";"00000336";"ALTO YAPAZ";"NE_0001";"";"NE_0001";"NE_0001";"NE_0001";"NE_0001";"NE_0001";"NE_0001";"NE_0001"
"2023";"11";"120302";"JUNIN";"CHANCHAMAYO";"PERENE";"GOBIERNO REGIONAL";"I-4";"00000318";"VILLA PERENE";"241600";"HOSPITALIZACIÓN QUIRÚRGICA OBSTETRICIA   ";"08";"09";"22";"20";"3";"93";"0"
"2023";"11";"120302";"JUNIN";"CHANCHAMAYO";"PERENE";"GOBIERNO REGIONAL";"I-4";"00000318";"VILLA PERENE";"241800";"HOSPITALIZACIÓN DE MEDICINA MEDICINA GENERAL ";"05";"06";"15";"15";"9";"279";"0"
"2023";"11";"120302";"JUNIN";"CHANCHAMAYO";"PERENE";"GOBIERNO REGIONAL";"I-2";"00000319";"BAJO MARANKIARI";"NE_0001";"";"NE_0001";"NE_0001";"NE_0001";"NE_0001";"NE_0001";"NE_0001";"NE_0001"
"2023";"11";"120302";"JUNIN";"CHANCHAMAYO";"PERENE";"GOBIERNO REGIONAL";"I-1";"00000326";"SANTA ROSA DE RIO AMARILLO";"NE_0001";"";"NE_0001";"NE_0001";"NE_0001";"NE_0001";"NE_0001";"NE_0001";"NE_0001"
"2023";"11";"120302";"JUNIN";"CHANCHAMAYO";"PERENE";"GOBIERNO REGIONAL";"I-1";"00000332";"ALTO SAN JUAN";"NE_0001";"";"NE_0001";"NE_0001";"NE_0001";"NE_0001";"NE_0001";"NE_0001";"NE_0001"
"2023";"11";"120302";"JUNIN";"CHANCHAMAYO";"PERENE";"GOBIERNO REGIONAL";"I-1";"00000333";"CENTRO TOTERANI";"NE_0001";"";"NE_0001";"NE_0001";"NE_0001";"NE_0001";"NE_0001";"NE_0001";"NE_0001"
"2023";"11";"120302";"JUNIN";"CHANCHAMAYO";"PERENE";"GOBIERNO REGIONAL";"I-1";"00007319";"SANTA ROSA TOTERANI";"NE_0001";"";"NE_0001";"NE_0001";"NE_0001";"NE_0001";"NE_0001";"NE_0001";"NE_0001"
"2023";"11";"120302";"JUNIN";"CHANCHAMAYO";"PERENE";"GOBIERNO REGIONAL";"I-2";"00014385";"MARISCAL CACERES";"NE_0001";"";"NE_0001";"NE_0001";"NE_0001";"NE_0001";"NE_0001";"NE_0001";"NE_0001"
"2023";"11";"120302";"JUNIN";"CHANCHAMAYO";"PERENE";"GOBIERNO REGIONAL";"I-1";"00000331";"LOS ANGELES TOTERANI";"NE_0001";"";"NE_0001";"NE_0001";"NE_0001";"NE_0001";"NE_0001";"NE_0001";"NE_0001"
"2023";"11";"120302";"JUNIN";"CHANCHAMAYO";"PERENE";"GOBIERNO REGIONAL";"I-2";"00000321";"ALTO YURINAKI";"NE_0001";"";"NE_0001";"NE_0001";"NE_0001";"NE_0001";"NE_0001";"NE_0001";"NE_0001"
"2023";"11";"120302";"JUNIN";"CHANCHAMAYO";"PERENE";"GOBIERNO REGIONAL";"I-1";"00000328";"CHURINGAVENI";"NE_0001";"";"NE_0001";"NE_0001";"NE_0001";"NE_0001";"NE_0001";"NE_0001";"NE_0001"
"2023";"11";"120302";"JUNIN";"CHANCHAMAYO";"PERENE";"GOBIERNO REGIONAL";"I-3";"00000330";"SAN FERNANDO DE KIVINAKI";"NE_0001";"";"NE_0001";"NE_0001";"NE_0001";"NE_0001";"NE_0001";"NE_0001";"NE_0001"
"2023";"11";"120302";"JUNIN";"CHANCHAMAYO";"PERENE";"GOBIERNO REGIONAL";"I-1";"00006737";"JOSE OLAYA";"NE_0001";"";"NE_0001";"NE_0001";"NE_0001";"NE_0001";"NE_0001";"NE_0001";"NE_0001"
"2023";"11";"120302";"JUNIN";"CHANCHAMAYO";"PERENE";"GOBIERNO REGIONAL";"I-1";"00007362";"UNION PUCUSANI";"NE_0001";"";"NE_0001";"NE_0001";"NE_0001";"NE_0001";"NE_0001";"NE_0001";"NE_0001"
"2023";"11";"120302";"JUNIN";"CHANCHAMAYO";"PERENE";"GOBIERNO REGIONAL";"I-1";"00014384";"JOSE GALVEZ";"NE_0001";"";"NE_0001";"NE_0001";"NE_0001";"NE_0001";"NE_0001";"NE_0001";"NE_0001"
"2023";"10";"150132";"LIMA";"LIMA";"SAN JUAN DE LURIGANCHO";"PRIVADO";"I-2";"00024750";"ARIE";"NE_0002";"";"NE_0002";"NE_0002";"NE_0002";"NE_0002";"NE_0002";"NE_0002";"NE_0002"
"2023";"11";"221005";"SAN MARTIN";"TOCACHE";"UCHIZA";"SANIDAD DE LA POLICIA NACIONAL DEL PERU";"I-1";"00025272";"PUESTO SANITARIO PNP SANTA LUCIA";"NE_0001";"";"NE_0001";"NE_0001";"NE_0001";"NE_0001";"NE_0001";"NE_0001";"NE_0001"
"2023";"11";"150141";"LIMA";"LIMA";"SURQUILLO";"PRIVADO";"II-E";"00012020";"CLINICA OFTALMOLOGICA ESPECIALIZADA ÑAHUI";"NE_0001";"";"NE_0001";"NE_0001";"NE_0001";"NE_0001";"NE_0001";"NE_0001";"NE_0001"
"2023";"11";"010701";"AMAZONAS";"UTCUBAMBA";"BAGUA GRANDE";"ESSALUD";"II-1";"00009067";"HOSPITAL EL BUEN SAMARITANO";"241800";"HOSPITALIZACIÓN DE MEDICINA MEDICINA GENERAL ";"22";"24";"88";"89";"6";"180";"0"
"2023";"11";"010701";"AMAZONAS";"UTCUBAMBA";"BAGUA GRANDE";"ESSALUD";"II-1";"00009067";"HOSPITAL EL BUEN SAMARITANO";"240100";"HOSPITALIZACIÓN QUIRÚRGICA CIRUGÍA GENERAL ";"20";"21";"88";"82";"3";"90";"0"
"2023";"11";"010701";"AMAZONAS";"UTCUBAMBA";"BAGUA GRANDE";"ESSALUD";"II-1";"00009067";"HOSPITAL EL BUEN SAMARITANO";"241500";"HOSPITALIZACIÓN QUIRÚRGICA GINECOLOGÍA  ";"27";"26";"70";"84";"4";"120";"0"
"2023";"11";"010701";"AMAZONAS";"UTCUBAMBA";"BAGUA GRANDE";"ESSALUD";"II-1";"00009067";"HOSPITAL EL BUEN SAMARITANO";"242300";"HOSPITALIZACIÓN DE PEDIATRÍA  PEDIATRÍA  GENERAL ";"25";"26";"68";"67";"3";"90";"0"
"2023";"11";"070106";"CALLAO";"CALLAO";"VENTANILLA";"GOBIERNO REGIONAL";"I-2";"00032158";"CENTRO DE SALUD MENTAL COMUNITARIO VENTANILLA NORTE";"NE_0001";"";"NE_0001";"NE_0001";"NE_0001";"NE_0001";"NE_0001";"NE_0001";"NE_0001"
"2023";"11";"070107";"CALLAO";"CALLAO";"MI PERU";"GOBIERNO REGIONAL";"I-2";"00029381";"CENTRO DE SALUD MENTAL COMUNITARIO MI PERU";"NE_0001";"";"NE_0001";"NE_0001";"NE_0001";"NE_0001";"NE_0001";"NE_0001";"NE_0001"
"2023";"11";"070107";"CALLAO";"CALLAO";"MI PERU";"GOBIERNO REGIONAL";"I-4";"00006260";"CENTRO DE SALUD  MI PERU";"241800";"HOSPITALIZACIÓN DE MEDICINA MEDICINA GENERAL ";"18";"18";"18";"540";"6";"180";"0"
"2023";"11";"070106";"CALLAO";"CALLAO";"VENTANILLA";"GOBIERNO REGIONAL";"I-2";"00006261";"PUESTO DE SALUD LUIS FELIPE DE LAS CASAS";"NE_0001";"";"NE_0001";"NE_0001";"NE_0001";"NE_0001";"NE_0001";"NE_0001";"NE_0001"
"2023";"11";"021701";"ANCASH";"RECUAY";"RECUAY";"GOBIERNO REGIONAL";"II-1";"00001472";"HOSPITAL DE APOYO RECUAY";"241500";"HOSPITALIZACIÓN QUIRÚRGICA GINECOLOGÍA  ";"2";"2";"2";"2";"1";"31";"0"
"2023";"11";"021701";"ANCASH";"RECUAY";"RECUAY";"GOBIERNO REGIONAL";"II-1";"00001472";"HOSPITAL DE APOYO RECUAY";"241600";"HOSPITALIZACIÓN QUIRÚRGICA OBSTETRICIA   ";"7";"7";"10";"12";"1";"31";"0"
"2023";"11";"021701";"ANCASH";"RECUAY";"RECUAY";"GOBIERNO REGIONAL";"II-1";"00001472";"HOSPITAL DE APOYO RECUAY";"241800";"HOSPITALIZACIÓN DE MEDICINA MEDICINA GENERAL ";"18";"18";"81";"81";"4";"124";"0"
"2023";"11";"021701";"ANCASH";"RECUAY";"RECUAY";"GOBIERNO REGIONAL";"II-1";"00001472";"HOSPITAL DE APOYO RECUAY";"242500";"HOSPITALIZACIÓN-PEDIATRÍA GENERAL-";"6";"6";"12";"14";"1";"31";"0"
"2023";"11";"060606";"CAJAMARCA";"CUTERVO";"PIMPINGOS";"GOBIERNO REGIONAL";"I-1";"00006867";"LIBERTAD LIMON";"NE_0001";"";"NE_0001";"NE_0001";"NE_0001";"NE_0001";"NE_0001";"NE_0001";"NE_0001"
"2023";"11";"060613";"CAJAMARCA";"CUTERVO";"SANTO TOMAS";"GOBIERNO REGIONAL";"I-1";"00005024";"LANCHEPATA";"NE_0001";"";"NE_0001";"NE_0001";"NE_0001";"NE_0001";"NE_0001";"NE_0001";"NE_0001"
"2023";"11";"060613";"CAJAMARCA";"CUTERVO";"SANTO TOMAS";"GOBIERNO REGIONAL";"I-1";"00005025";"SAN LUIS";"NE_0001";"";"NE_0001";"NE_0001";"NE_0001";"NE_0001";"NE_0001";"NE_0001";"NE_0001"
"2023";"11";"060613";"CAJAMARCA";"CUTERVO";"SANTO TOMAS";"GOBIERNO REGIONAL";"I-1";"00005021";"VIZA";"NE_0001";"";"NE_0001";"NE_0001";"NE_0001";"NE_0001";"NE_0001";"NE_0001";"NE_0001"
"2023";"11";"110101";"ICA";"ICA";"ICA";"GOBIERNO REGIONAL";"II-1";"00003359";"SANTA MARIA DEL SOCORRO";"240100";"HOSPITALIZACIÓN QUIRÚRGICA CIRUGÍA GENERAL ";"68";"77";"431";"499";"23";"690";"0"
"2023";"11";"110101";"ICA";"ICA";"ICA";"GOBIERNO REGIONAL";"II-1";"00003359";"SANTA MARIA DEL SOCORRO";"241400";"HOSPITALIZACIÓN QUIRÚRGICA GINECO - OBSTETRICIA ";"176";"190";"570";"740";"31";"930";"0"
"2023";"11";"110101";"ICA";"ICA";"ICA";"GOBIERNO REGIONAL";"II-1";"00003359";"SANTA MARIA DEL SOCORRO";"241500";"HOSPITALIZACIÓN QUIRÚRGICA GINECOLOGÍA  ";"46";"52";"210";"237";"12";"360";"0"
"2023";"11";"110101";"ICA";"ICA";"ICA";"GOBIERNO REGIONAL";"II-1";"00003359";"SANTA MARIA DEL SOCORRO";"241900";"HOSPITALIZACIÓN DE MEDICINA MEDICINA INTERNA ";"40";"48";"281";"171";"14";"420";"4"
"2023";"11";"110101";"ICA";"ICA";"ICA";"GOBIERNO REGIONAL";"II-1";"00003359";"SANTA MARIA DEL SOCORRO";"242500";"HOSPITALIZACIÓN-PEDIATRÍA GENERAL-";"45";"47";"220";"121";"18";"540";"0"
"2023";"11";"110101";"ICA";"ICA";"ICA";"GOBIERNO REGIONAL";"II-1";"00003359";"SANTA MARIA DEL SOCORRO";"243200";"HOSPITALIZACIÓN DE PEDIATRÍA PEDIATRIA NEONATOLOGÍA";"14";"14";"40";"125";"7";"210";"0"
"2023";"11";"110101";"ICA";"ICA";"ICA";"GOBIERNO REGIONAL";"II-1";"00003359";"SANTA MARIA DEL SOCORRO";"250103";"UNIDAD DE CUIDADOS CRITICOS UNIDAD  DE CUIDADOS INTENSIVOS GENERALES  (UCI) MEDICINA";"3";"6";"93";"73";"3";"90";"0"
"2023";"11";"021901";"ANCASH";"SIHUAS";"SIHUAS";"GOBIERNO REGIONAL";"II-1";"00001795";"HOSPITAL DE APOYO SIHUAS";"241800";"HOSPITALIZACIÓN DE MEDICINA MEDICINA GENERAL ";"23";"23";"66";"69";"11";"330";"0"
"2023";"11";"021901";"ANCASH";"SIHUAS";"SIHUAS";"GOBIERNO REGIONAL";"II-1";"00001795";"HOSPITAL DE APOYO SIHUAS";"240100";"HOSPITALIZACIÓN QUIRÚRGICA CIRUGÍA GENERAL ";"0";"1";"7";"2";"4";"120";"0"
"2023";"11";"021901";"ANCASH";"SIHUAS";"SIHUAS";"GOBIERNO REGIONAL";"II-1";"00001795";"HOSPITAL DE APOYO SIHUAS";"241500";"HOSPITALIZACIÓN QUIRÚRGICA GINECOLOGÍA  ";"23";"23";"45";"39";"4";"120";"0"
"2023";"11";"021901";"ANCASH";"SIHUAS";"SIHUAS";"GOBIERNO REGIONAL";"II-1";"00001795";"HOSPITAL DE APOYO SIHUAS";"241600";"HOSPITALIZACIÓN QUIRÚRGICA OBSTETRICIA   ";"7";"8";"18";"18";"4";"120";"0"
"2023";"11";"150601";"LIMA";"HUARAL";"HUARAL";"ESSALUD";"I-4";"00010333";"CENTRO DE ATENCION PRIMARIA III HUARAL";"NE_0001";"";"NE_0001";"NE_0001";"NE_0001";"NE_0001";"NE_0001";"NE_0001";"NE_0001"
"2023";"11";"150103";"LIMA";"LIMA";"ATE";"ESSALUD";"II-1";"00008353";"HOSPITAL II VITARTE - ESSALUD";"241800";"HOSPITALIZACIÓN DE MEDICINA MEDICINA GENERAL ";"86";"97";"836";"853";"30";"900";"9"
"2023";"11";"150103";"LIMA";"LIMA";"ATE";"ESSALUD";"II-1";"00008353";"HOSPITAL II VITARTE - ESSALUD";"240100";"HOSPITALIZACIÓN QUIRÚRGICA CIRUGÍA GENERAL ";"145";"143";"277";"340";"12";"360";"0"
"2023";"11";"150103";"LIMA";"LIMA";"ATE";"ESSALUD";"II-1";"00008353";"HOSPITAL II VITARTE - ESSALUD";"241300";"HOSPITALIZACIÓN QUIRÚRGICA UROLOGÍA  ";"16";"15";"46";"88";"3";"90";"0"
"2023";"11";"150103";"LIMA";"LIMA";"ATE";"ESSALUD";"II-1";"00008353";"HOSPITAL II VITARTE - ESSALUD";"241200";"HOSPITALIZACIÓN QUIRÚRGICA TRAUMATOLOGÍA Y ORTOPEDIA ";"92";"91";"310";"177";"6";"180";"0"
"2023";"11";"150103";"LIMA";"LIMA";"ATE";"ESSALUD";"II-1";"00008353";"HOSPITAL II VITARTE - ESSALUD";"241500";"HOSPITALIZACIÓN QUIRÚRGICA GINECOLOGÍA  ";"45";"42";"110";"169";"6";"180";"0"
"2023";"11";"150103";"LIMA";"LIMA";"ATE";"ESSALUD";"II-1";"00008353";"HOSPITAL II VITARTE - ESSALUD";"242300";"HOSPITALIZACIÓN DE PEDIATRÍA  PEDIATRÍA  GENERAL ";"60";"59";"199";"250";"9";"270";"0"
"2023";"11";"150103";"LIMA";"LIMA";"ATE";"ESSALUD";"II-1";"00008353";"HOSPITAL II VITARTE - ESSALUD";"250100";"UNIDAD DE CUIDADOS CRITICOS UNIDAD  DE CUIDADOS INTENSIVOS GENERALES (UCI) ";"1";"2";"22";"38";"3";"90";"3"
"2023";"11";"150103";"LIMA";"LIMA";"ATE";"ESSALUD";"II-1";"00008353";"HOSPITAL II VITARTE - ESSALUD";"250101";"UNIDAD DE CUIDADOS CRITICOS UNIDAD  DE CUIDADOS INTENSIVOS GENERALES (UCI) CARDIOLOGIA";"6";"6";"13";"45";"3";"90";"3"
"2023";"11";"050503";"AYACUCHO";"LA MAR";"AYNA";"GOBIERNO REGIONAL";"II-1";"00003754";"HOSPITAL DE APOYO SAN FRANCISCO";"240100";"HOSPITALIZACIÓN QUIRÚRGICA CIRUGÍA GENERAL ";"23";"24";"90";"125";"6";"180";"0"
"2023";"11";"050503";"AYACUCHO";"LA MAR";"AYNA";"GOBIERNO REGIONAL";"II-1";"00003754";"HOSPITAL DE APOYO SAN FRANCISCO";"241200";"HOSPITALIZACIÓN QUIRÚRGICA TRAUMATOLOGÍA Y ORTOPEDIA ";"2";"2";"8";"15";"2";"60";"0"
"2023";"11";"050503";"AYACUCHO";"LA MAR";"AYNA";"GOBIERNO REGIONAL";"II-1";"00003754";"HOSPITAL DE APOYO SAN FRANCISCO";"241400";"HOSPITALIZACIÓN QUIRÚRGICA GINECO - OBSTETRICIA ";"59";"60";"147";"166";"10";"300";"1"
"2023";"11";"050503";"AYACUCHO";"LA MAR";"AYNA";"GOBIERNO REGIONAL";"II-1";"00003754";"HOSPITAL DE APOYO SAN FRANCISCO";"241800";"HOSPITALIZACIÓN DE MEDICINA MEDICINA GENERAL ";"23";"27";"98";"160";"6";"180";"0"
"2023";"11";"050503";"AYACUCHO";"LA MAR";"AYNA";"GOBIERNO REGIONAL";"II-1";"00003754";"HOSPITAL DE APOYO SAN FRANCISCO";"242000";"HOSPITALIZACIÓN DE MEDICINA MEDICINA TROPICAL E INFECCIOSAS ";"6";"6";"35";"57";"2";"60";"0"
"2023";"11";"050503";"AYACUCHO";"LA MAR";"AYNA";"GOBIERNO REGIONAL";"II-1";"00003754";"HOSPITAL DE APOYO SAN FRANCISCO";"242200";"HOSPITALIZACIÓN DE MEDICINA PSIQUIATRÍA ";"3";"3";"29";"41";"8";"240";"0"
"2023";"11";"050503";"AYACUCHO";"LA MAR";"AYNA";"GOBIERNO REGIONAL";"II-1";"00003754";"HOSPITAL DE APOYO SAN FRANCISCO";"242500";"HOSPITALIZACIÓN-PEDIATRÍA GENERAL-";"17";"20";"48";"40";"5";"150";"0"
"2023";"11";"050503";"AYACUCHO";"LA MAR";"AYNA";"GOBIERNO REGIONAL";"II-1";"00003754";"HOSPITAL DE APOYO SAN FRANCISCO";"243200";"HOSPITALIZACIÓN DE PEDIATRÍA PEDIATRIA NEONATOLOGÍA";"14";"14";"39";"60";"5";"150";"0"
"2023";"11";"220206";"SAN MARTIN";"BELLAVISTA";"SAN RAFAEL";"GOBIERNO REGIONAL";"I-1";"00006518";"CRISTINO GARCIA CARHUAPOMA";"NE_0002";"";"NE_0002";"NE_0002";"NE_0002";"NE_0002";"NE_0002";"NE_0002";"NE_0002"
"2023";"11";"220206";"SAN MARTIN";"BELLAVISTA";"SAN RAFAEL";"GOBIERNO REGIONAL";"I-1";"00006504";"PALESTINA";"NE_0002";"";"NE_0002";"NE_0002";"NE_0002";"NE_0002";"NE_0002";"NE_0002";"NE_0002"
"2023";"11";"220205";"SAN MARTIN";"BELLAVISTA";"SAN PABLO";"GOBIERNO REGIONAL";"I-1";"00006514";"HUINGOYACU";"NE_0002";"";"NE_0002";"NE_0002";"NE_0002";"NE_0002";"NE_0002";"NE_0002";"NE_0002"
"2023";"11";"220204";"SAN MARTIN";"BELLAVISTA";"HUALLAGA";"GOBIERNO REGIONAL";"I-1";"00006562";"LEDOY";"NE_0002";"";"NE_0002";"NE_0002";"NE_0002";"NE_0002";"NE_0002";"NE_0002";"NE_0002"
"2023";"11";"220201";"SAN MARTIN";"BELLAVISTA";"BELLAVISTA";"GOBIERNO REGIONAL";"I-2";"00006511";"LAS  MERCEDES";"NE_0002";"";"NE_0002";"NE_0002";"NE_0002";"NE_0002";"NE_0002";"NE_0002";"NE_0002"
"2023";"11";"220206";"SAN MARTIN";"BELLAVISTA";"SAN RAFAEL";"GOBIERNO REGIONAL";"I-1";"00006517";"PANAMA";"NE_0002";"";"NE_0002";"NE_0002";"NE_0002";"NE_0002";"NE_0002";"NE_0002";"NE_0002"
"2023";"11";"220201";"SAN MARTIN";"BELLAVISTA";"BELLAVISTA";"GOBIERNO REGIONAL";"I-1";"00006503";"BUENOS AIRES";"NE_0002";"";"NE_0002";"NE_0002";"NE_0002";"NE_0002";"NE_0002";"NE_0002";"NE_0002"
"2023";"11";"220201";"SAN MARTIN";"BELLAVISTA";"BELLAVISTA";"GOBIERNO REGIONAL";"I-1";"00006785";"PERUATE";"NE_0002";"";"NE_0002";"NE_0002";"NE_0002";"NE_0002";"NE_0002";"NE_0002";"NE_0002"
"2023";"11";"220206";"SAN MARTIN";"BELLAVISTA";"SAN RAFAEL";"GOBIERNO REGIONAL";"I-3";"00006515";"SAN RAFAEL";"NE_0002";"";"NE_0002";"NE_0002";"NE_0002";"NE_0002";"NE_0002";"NE_0002";"NE_0002"
"2023";"11";"220206";"SAN MARTIN";"BELLAVISTA";"SAN RAFAEL";"GOBIERNO REGIONAL";"I-2";"00006516";"LA LIBERTAD";"NE_0002";"";"NE_0002";"NE_0002";"NE_0002";"NE_0002";"NE_0002";"NE_0002";"NE_0002"
"2023";"11";"220406";"SAN MARTIN";"HUALLAGA";"TINGO DE SAPOSOA";"GOBIERNO REGIONAL";"I-1";"00006546";"TINGO DE SAPOSOA";"NE_0002";"";"NE_0002";"NE_0002";"NE_0002";"NE_0002";"NE_0002";"NE_0002";"NE_0002"
"2023";"11";"220201";"SAN MARTIN";"BELLAVISTA";"BELLAVISTA";"GOBIERNO REGIONAL";"I-1";"00006512";"NUEVA FLORIDA";"NE_0002";"";"NE_0002";"NE_0002";"NE_0002";"NE_0002";"NE_0002";"NE_0002";"NE_0002"
"2023";"11";"220201";"SAN MARTIN";"BELLAVISTA";"BELLAVISTA";"GOBIERNO REGIONAL";"I-1";"00006513";"HUACHO";"NE_0002";"";"NE_0002";"NE_0002";"NE_0002";"NE_0002";"NE_0002";"NE_0002";"NE_0002"
"2023";"11";"220201";"SAN MARTIN";"BELLAVISTA";"BELLAVISTA";"GOBIERNO REGIONAL";"I-1";"00006505";"LIMON";"NE_0002";"";"NE_0002";"NE_0002";"NE_0002";"NE_0002";"NE_0002";"NE_0002";"NE_0002"
"2023";"11";"120417";"JUNIN";"JAUJA";"MASMA CHICCHE";"GOBIERNO REGIONAL";"I-1";"00000395";"MASMA CHICCHE";"NE_0001";"";"NE_0001";"NE_0001";"NE_0001";"NE_0001";"NE_0001";"NE_0001";"NE_0001"
"2023";"11";"210101";"PUNO";"PUNO";"PUNO";"PRIVADO";"II-1";"00009685";"CLINICA PUNO";"240100";"HOSPITALIZACIÓN QUIRÚRGICA CIRUGÍA GENERAL ";"7";"7";"16";"12";"2";"44";"0"
"2023";"11";"210101";"PUNO";"PUNO";"PUNO";"PRIVADO";"II-1";"00009685";"CLINICA PUNO";"241200";"HOSPITALIZACIÓN QUIRÚRGICA TRAUMATOLOGÍA Y ORTOPEDIA ";"5";"5";"8";"6";"1";"22";"0"
"2023";"11";"210101";"PUNO";"PUNO";"PUNO";"PRIVADO";"II-1";"00009685";"CLINICA PUNO";"241300";"HOSPITALIZACIÓN QUIRÚRGICA UROLOGÍA  ";"3";"3";"14";"10";"1";"16";"0"
"2023";"11";"210101";"PUNO";"PUNO";"PUNO";"PRIVADO";"II-1";"00009685";"CLINICA PUNO";"241400";"HOSPITALIZACIÓN QUIRÚRGICA GINECO - OBSTETRICIA ";"4";"4";"9";"7";"2";"51";"0"
"2023";"11";"210101";"PUNO";"PUNO";"PUNO";"PRIVADO";"II-1";"00009685";"CLINICA PUNO";"241800";"HOSPITALIZACIÓN DE MEDICINA MEDICINA GENERAL ";"1";"1";"2";"1";"1";"28";"0"
"2023";"11";"150103";"LIMA";"LIMA";"ATE";"MINSA";"II-1";"00005883";"HOSPITAL DE HUAYCAN";"241800";"HOSPITALIZACIÓN DE MEDICINA MEDICINA GENERAL ";"16";"18";"141";"148";"7";"210";"1"
"2023";"11";"150103";"LIMA";"LIMA";"ATE";"MINSA";"II-1";"00005883";"HOSPITAL DE HUAYCAN";"240100";"HOSPITALIZACIÓN QUIRÚRGICA CIRUGÍA GENERAL ";"43";"40";"126";"129";"11";"330";"0"
"2023";"11";"150103";"LIMA";"LIMA";"ATE";"MINSA";"II-1";"00005883";"HOSPITAL DE HUAYCAN";"241200";"HOSPITALIZACIÓN QUIRÚRGICA TRAUMATOLOGÍA Y ORTOPEDIA ";"10";"11";"49";"41";"4";"120";"0"
"2023";"11";"150103";"LIMA";"LIMA";"ATE";"MINSA";"II-1";"00005883";"HOSPITAL DE HUAYCAN";"242500";"HOSPITALIZACIÓN-PEDIATRÍA GENERAL-";"31";"33";"108";"112";"11";"330";"0"
"2023";"11";"150103";"LIMA";"LIMA";"ATE";"MINSA";"II-1";"00005883";"HOSPITAL DE HUAYCAN";"241600";"HOSPITALIZACIÓN QUIRÚRGICA OBSTETRICIA   ";"102";"105";"247";"243";"16";"480";"0"
"2023";"11";"150103";"LIMA";"LIMA";"ATE";"MINSA";"II-1";"00005883";"HOSPITAL DE HUAYCAN";"241500";"HOSPITALIZACIÓN QUIRÚRGICA GINECOLOGÍA  ";"3";"3";"14";"14";"1";"30";"0"
"2023";"11";"130901";"LA LIBERTAD";"SANCHEZ CARRION";"HUAMACHUCO";"GOBIERNO REGIONAL";"I-2";"00005351";"PUENTE PIEDRA";"NE_0001";"";"NE_0001";"NE_0001";"NE_0001";"NE_0001";"NE_0001";"NE_0001";"NE_0001"
"2023";"11";"130901";"LA LIBERTAD";"SANCHEZ CARRION";"HUAMACHUCO";"GOBIERNO REGIONAL";"I-2";"00005355";"EL PALLAR";"NE_0001";"";"NE_0001";"NE_0001";"NE_0001";"NE_0001";"NE_0001";"NE_0001";"NE_0001"
"2023";"11";"130901";"LA LIBERTAD";"SANCHEZ CARRION";"HUAMACHUCO";"GOBIERNO REGIONAL";"I-2";"00005350";"CHOQUIZONGUILLO";"NE_0001";"";"NE_0001";"NE_0001";"NE_0001";"NE_0001";"NE_0001";"NE_0001";"NE_0001"
"2023";"11";"130901";"LA LIBERTAD";"SANCHEZ CARRION";"HUAMACHUCO";"GOBIERNO REGIONAL";"I-1";"00018226";"EL CAPULI";"NE_0001";"";"NE_0001";"NE_0001";"NE_0001";"NE_0001";"NE_0001";"NE_0001";"NE_0001"
"2023";"11";"140101";"LAMBAYEQUE";"CHICLAYO";"CHICLAYO";"PRIVADO";"II-E";"00026706";"CLINICA UNION SAC.";"241400";"HOSPITALIZACIÓN QUIRÚRGICA GINECO - OBSTETRICIA ";"83";"80";"124";"150";"6";"160";"0"
"2023";"11";"140101";"LAMBAYEQUE";"CHICLAYO";"CHICLAYO";"PRIVADO";"II-E";"00026706";"CLINICA UNION SAC.";"240100";"HOSPITALIZACIÓN QUIRÚRGICA CIRUGÍA GENERAL ";"75";"60";"109";"115";"3";"120";"0"
"2023";"11";"140101";"LAMBAYEQUE";"CHICLAYO";"CHICLAYO";"PRIVADO";"II-E";"00026706";"CLINICA UNION SAC.";"241300";"HOSPITALIZACIÓN QUIRÚRGICA UROLOGÍA  ";"22";"33";"47";"55";"2";"60";"0"
"2023";"11";"140101";"LAMBAYEQUE";"CHICLAYO";"CHICLAYO";"PRIVADO";"II-E";"00026706";"CLINICA UNION SAC.";"240200";"HOSPITALIZACIÓN QUIRÚRGICA CIRUGÍA DE CABEZA Y CUELLO / MÁXILO FACIAL ";"10";"9";"14";"5";"1";"75";"0"
"2023";"11";"140101";"LAMBAYEQUE";"CHICLAYO";"CHICLAYO";"PRIVADO";"II-E";"00026706";"CLINICA UNION SAC.";"241200";"HOSPITALIZACIÓN QUIRÚRGICA TRAUMATOLOGÍA Y ORTOPEDIA ";"15";"6";"17";"18";"1";"25";"0"
"2023";"11";"140101";"LAMBAYEQUE";"CHICLAYO";"CHICLAYO";"PRIVADO";"II-E";"00026706";"CLINICA UNION SAC.";"240800";"HOSPITALIZACIÓN QUIRÚRGICA CIRUGÍA PLÁSTICA/RECONSTRUCTIVA/ REPARADORA ";"6";"5";"7";"18";"1";"36";"0"
"2023";"11";"140101";"LAMBAYEQUE";"CHICLAYO";"CHICLAYO";"PRIVADO";"II-E";"00026706";"CLINICA UNION SAC.";"240400";"HOSPITALIZACIÓN QUIRÚRGICA CIRUGÍA DE TÓRAX Y CARDIOVASCULAR ";"8";"4";"9";"18";"1";"24";"0"
"2023";"11";"140101";"LAMBAYEQUE";"CHICLAYO";"CHICLAYO";"PRIVADO";"II-E";"00026706";"CLINICA UNION SAC.";"241900";"HOSPITALIZACIÓN DE MEDICINA MEDICINA INTERNA ";"4";"3";"7";"7";"1";"12";"0"
"2023";"11";"110108";"ICA";"ICA";"SALAS";"GOBIERNO REGIONAL";"I-3";"00003363";"GUADALUPE";"NE_0001";"";"NE_0001";"NE_0001";"NE_0001";"NE_0001";"NE_0001";"NE_0001";"NE_0001"
"2023";"11";"110112";"ICA";"ICA";"SUBTANJALLA";"GOBIERNO REGIONAL";"I-3";"00003362";"SUBTANJALLA";"NE_0001";"";"NE_0001";"NE_0001";"NE_0001";"NE_0001";"NE_0001";"NE_0001";"NE_0001"
"2023";"11";"110108";"ICA";"ICA";"SALAS";"GOBIERNO REGIONAL";"I-2";"00003384";"PAMPA DE VILLACURI";"NE_0001";"";"NE_0001";"NE_0001";"NE_0001";"NE_0001";"NE_0001";"NE_0001";"NE_0001"
"2023";"11";"110112";"ICA";"ICA";"SUBTANJALLA";"GOBIERNO REGIONAL";"I-3";"00003378";"LA ANGOSTURA";"NE_0001";"";"NE_0001";"NE_0001";"NE_0001";"NE_0001";"NE_0001";"NE_0001";"NE_0001"
"2023";"11";"110112";"ICA";"ICA";"SUBTANJALLA";"GOBIERNO REGIONAL";"I-2";"00003380";"YANQUIZA";"NE_0001";"";"NE_0001";"NE_0001";"NE_0001";"NE_0001";"NE_0001";"NE_0001";"NE_0001"
"2023";"11";"110108";"ICA";"ICA";"SALAS";"GOBIERNO REGIONAL";"I-2";"00003382";"COLLAZOS";"NE_0001";"";"NE_0001";"NE_0001";"NE_0001";"NE_0001";"NE_0001";"NE_0001";"NE_0001"
"2023";"11";"110112";"ICA";"ICA";"SUBTANJALLA";"GOBIERNO REGIONAL";"I-2";"00003379";"ARRABALES";"NE_0001";"";"NE_0001";"NE_0001";"NE_0001";"NE_0001";"NE_0001";"NE_0001";"NE_0001"
"2023";"11";"110108";"ICA";"ICA";"SALAS";"GOBIERNO REGIONAL";"I-2";"00003383";"CERRO PRIETO";"NE_0001";"";"NE_0001";"NE_0001";"NE_0001";"NE_0001";"NE_0001";"NE_0001";"NE_0001"
"2023";"09";"200104";"PIURA";"PIURA";"CASTILLA";"ESSALUD";"III-1";"00015230";"HOSPITAL III JOSE CAYETANO HEREDIA";"241900";"HOSPITALIZACIÓN DE MEDICINA MEDICINA INTERNA ";"326";"207";"2096";"1619";"58";"1740";"20"
"2023";"09";"200104";"PIURA";"PIURA";"CASTILLA";"ESSALUD";"III-1";"00015230";"HOSPITAL III JOSE CAYETANO HEREDIA";"240100";"HOSPITALIZACIÓN QUIRÚRGICA CIRUGÍA GENERAL ";"203";"332";"2304";"1901";"67";"2010";"2"
"2023";"09";"200104";"PIURA";"PIURA";"CASTILLA";"ESSALUD";"III-1";"00015230";"HOSPITAL III JOSE CAYETANO HEREDIA";"241500";"HOSPITALIZACIÓN QUIRÚRGICA GINECOLOGÍA  ";"62";"68";"343";"289";"10";"300";"0"
"2023";"09";"200104";"PIURA";"PIURA";"CASTILLA";"ESSALUD";"III-1";"00015230";"HOSPITAL III JOSE CAYETANO HEREDIA";"241600";"HOSPITALIZACIÓN QUIRÚRGICA OBSTETRICIA   ";"199";"201";"997";"968";"35";"1050";"0"
"2023";"09";"200104";"PIURA";"PIURA";"CASTILLA";"ESSALUD";"III-1";"00015230";"HOSPITAL III JOSE CAYETANO HEREDIA";"242300";"HOSPITALIZACIÓN DE PEDIATRÍA  PEDIATRÍA  GENERAL ";"89";"101";"764";"554";"19";"570";"1"
"2023";"09";"200104";"PIURA";"PIURA";"CASTILLA";"ESSALUD";"III-1";"00015230";"HOSPITAL III JOSE CAYETANO HEREDIA";"250100";"UNIDAD DE CUIDADOS CRITICOS UNIDAD  DE CUIDADOS INTENSIVOS GENERALES (UCI) ";"25";"65";"781";"678";"24";"720";"11"
"2023";"09";"200104";"PIURA";"PIURA";"CASTILLA";"ESSALUD";"III-1";"00015230";"HOSPITAL III JOSE CAYETANO HEREDIA";"250200";"UNIDAD DE CUIDADOS CRITICOS UNIDAD DE CUIDADOS INTERMEDIOS GENERAL  (UCIN) ";"40";"70";"950";"538";"19";"570";"0"
"2023";"09";"150117";"LIMA";"LIMA";"LOS OLIVOS";"PRIVADO";"II-E";"00013044";"MEGASALUD NARANJAL S.A.C.";"240000";"HOSPITALIZACIÓN";"23";"35";"65";"63";"7";"210";"0"
"2023";"10";"220503";"SAN MARTIN";"LAMAS";"BARRANQUITA";"GOBIERNO REGIONAL";"I-1";"00006433";"PUERTO PIZARRO";"NE_0001";"";"NE_0001";"NE_0001";"NE_0001";"NE_0001";"NE_0001";"NE_0001";"NE_0001"
"2023";"10";"220503";"SAN MARTIN";"LAMAS";"BARRANQUITA";"GOBIERNO REGIONAL";"I-1";"00007401";"SANANGO";"NE_0001";"";"NE_0001";"NE_0001";"NE_0001";"NE_0001";"NE_0001";"NE_0001";"NE_0001"
"2023";"10";"220503";"SAN MARTIN";"LAMAS";"BARRANQUITA";"GOBIERNO REGIONAL";"I-3";"00006432";"BARRANQUITA CAYNARACHI";"NE_0001";"";"NE_0001";"NE_0001";"NE_0001";"NE_0001";"NE_0001";"NE_0001";"NE_0001"
"2023";"10";"220503";"SAN MARTIN";"LAMAS";"BARRANQUITA";"GOBIERNO REGIONAL";"I-1";"00006434";"SANTIAGO DE BORJA";"NE_0001";"";"NE_0001";"NE_0001";"NE_0001";"NE_0001";"NE_0001";"NE_0001";"NE_0001"
"2023";"10";"220503";"SAN MARTIN";"LAMAS";"BARRANQUITA";"GOBIERNO REGIONAL";"I-1";"00006450";"SANTA ELENA";"NE_0001";"";"NE_0001";"NE_0001";"NE_0001";"NE_0001";"NE_0001";"NE_0001";"NE_0001"
"2023";"10";"220503";"SAN MARTIN";"LAMAS";"BARRANQUITA";"GOBIERNO REGIONAL";"I-1";"00006436";"EL PIÑAL";"NE_0001";"";"NE_0001";"NE_0001";"NE_0001";"NE_0001";"NE_0001";"NE_0001";"NE_0001"
"2023";"10";"150130";"LIMA";"LIMA";"SAN BORJA";"MINSA";"III-2";"00016918";"INSTITUTO NACIONAL DE SALUD NIÑO SAN BORJA";"242100";"HOSPITALIZACIÓN DE MEDICINA ONCOLOGÍA MÉDICA ";"18";"21";"638";"421";"17";"527";"0"
"2023";"10";"150130";"LIMA";"LIMA";"SAN BORJA";"MINSA";"III-2";"00016918";"INSTITUTO NACIONAL DE SALUD NIÑO SAN BORJA";"244500";"HOSPITALIZACIÓN DE MEDICINA HEMATOLOGÍA ";"26";"27";"759";"671";"24";"733";"0"
"2023";"10";"150130";"LIMA";"LIMA";"SAN BORJA";"MINSA";"III-2";"00016918";"INSTITUTO NACIONAL DE SALUD NIÑO SAN BORJA";"240400";"HOSPITALIZACIÓN QUIRÚRGICA CIRUGÍA DE TÓRAX Y CARDIOVASCULAR ";"49";"54";"1077";"1031";"35";"1085";"1"
"2023";"10";"150130";"LIMA";"LIMA";"SAN BORJA";"MINSA";"III-2";"00016918";"INSTITUTO NACIONAL DE SALUD NIÑO SAN BORJA";"240700";"HOSPITALIZACIÓN QUIRÚRGICA CIRUGÍA PEDIÁTRICA ";"50";"45";"666";"939";"32";"992";"0"
"2023";"10";"150130";"LIMA";"LIMA";"SAN BORJA";"MINSA";"III-2";"00016918";"INSTITUTO NACIONAL DE SALUD NIÑO SAN BORJA";"240900";"HOSPITALIZACIÓN QUIRÚRGICA NEUROCIRUGÍA ";"46";"48";"887";"979";"34";"1063";"1"
"2023";"10";"150130";"LIMA";"LIMA";"SAN BORJA";"MINSA";"III-2";"00016918";"INSTITUTO NACIONAL DE SALUD NIÑO SAN BORJA";"240100";"HOSPITALIZACIÓN QUIRÚRGICA CIRUGÍA GENERAL ";"123";"121";"1016";"966";"33";"1036";"0"
"2023";"10";"150130";"LIMA";"LIMA";"SAN BORJA";"MINSA";"III-2";"00016918";"INSTITUTO NACIONAL DE SALUD NIÑO SAN BORJA";"242300";"HOSPITALIZACIÓN DE PEDIATRÍA  PEDIATRÍA  GENERAL ";"56";"62";"1066";"913";"32";"979";"1"
"2023";"10";"150130";"LIMA";"LIMA";"SAN BORJA";"MINSA";"III-2";"00016918";"INSTITUTO NACIONAL DE SALUD NIÑO SAN BORJA";"240801";"HOSPITALIZACIÓN QUIRÚRGICA CIRUGÍA PLÁSTICA/RECONSTRUCTIVA/ REPARADORA QUEMADOS";"37";"42";"718";"517";"18";"558";"0"
"2023";"10";"150130";"LIMA";"LIMA";"SAN BORJA";"MINSA";"III-2";"00016918";"INSTITUTO NACIONAL DE SALUD NIÑO SAN BORJA";"240500";"HOSPITALIZACIÓN QUIRÚRGICA CIRUGÍA DE TRANSPLANTES ";"10";"8";"139";"123";"6";"186";"0"
"2023";"10";"150130";"LIMA";"LIMA";"SAN BORJA";"MINSA";"III-2";"00016918";"INSTITUTO NACIONAL DE SALUD NIÑO SAN BORJA";"243600";"HOSPITALIZACIÓN DE PEDIATRÍA PEDIATRIA ONCOLOGÍA PEDIÁTRICA";"0";"2";"15";"34";"3";"39";"0"
"2023";"10";"220506";"SAN MARTIN";"LAMAS";"PINTO RECODO";"GOBIERNO REGIONAL";"I-1";"00006343";"GOSEN";"NE_0001";"";"NE_0001";"NE_0001";"NE_0001";"NE_0001";"NE_0001";"NE_0001";"NE_0001"
"2023";"10";"220506";"SAN MARTIN";"LAMAS";"PINTO RECODO";"GOBIERNO REGIONAL";"I-1";"00006344";"LA LIBERTAD BAJO MAYO";"NE_0001";"";"NE_0001";"NE_0001";"NE_0001";"NE_0001";"NE_0001";"NE_0001";"NE_0001"
"2023";"10";"220506";"SAN MARTIN";"LAMAS";"PINTO RECODO";"GOBIERNO REGIONAL";"I-1";"00006347";"VENCEDOR";"NE_0001";"";"NE_0001";"NE_0001";"NE_0001";"NE_0001";"NE_0001";"NE_0001";"NE_0001"
"2023";"10";"220506";"SAN MARTIN";"LAMAS";"PINTO RECODO";"GOBIERNO REGIONAL";"I-1";"00006342";"BETANIA";"NE_0001";"";"NE_0001";"NE_0001";"NE_0001";"NE_0001";"NE_0001";"NE_0001";"NE_0001"
"2023";"10";"220502";"SAN MARTIN";"LAMAS";"ALONSO DE ALVARADO";"GOBIERNO REGIONAL";"I-1";"00006351";"SAN JUAN DE PACAYZAPA";"NE_0001";"";"NE_0001";"NE_0001";"NE_0001";"NE_0001";"NE_0001";"NE_0001";"NE_0001"
"2023";"10";"220506";"SAN MARTIN";"LAMAS";"PINTO RECODO";"GOBIERNO REGIONAL";"I-1";"00006345";"MIRAFLORES";"NE_0001";"";"NE_0001";"NE_0001";"NE_0001";"NE_0001";"NE_0001";"NE_0001";"NE_0001"
"2023";"10";"220506";"SAN MARTIN";"LAMAS";"PINTO RECODO";"GOBIERNO REGIONAL";"I-1";"00006342";"BETANIA";"NE_0001";"";"NE_0001";"NE_0001";"NE_0001";"NE_0001";"NE_0001";"NE_0001";"NE_0001"
"2023";"10";"220502";"SAN MARTIN";"LAMAS";"ALONSO DE ALVARADO";"GOBIERNO REGIONAL";"I-1";"00006351";"SAN JUAN DE PACAYZAPA";"NE_0001";"";"NE_0001";"NE_0001";"NE_0001";"NE_0001";"NE_0001";"NE_0001";"NE_0001"
"2023";"10";"220506";"SAN MARTIN";"LAMAS";"PINTO RECODO";"GOBIERNO REGIONAL";"I-1";"00006345";"MIRAFLORES";"NE_0001";"";"NE_0001";"NE_0001";"NE_0001";"NE_0001";"NE_0001";"NE_0001";"NE_0001"
"2023";"10";"220101";"SAN MARTIN";"MOYOBAMBA";"MOYOBAMBA";"GOBIERNO REGIONAL";"I-1";"00006321";"LOS ANGELES";"NE_0001";"";"NE_0001";"NE_0001";"NE_0001";"NE_0001";"NE_0001";"NE_0001";"NE_0001"
"2023";"10";"220101";"SAN MARTIN";"MOYOBAMBA";"MOYOBAMBA";"GOBIERNO REGIONAL";"I-1";"00006320";"CAÑABRAVA";"NE_0001";"";"NE_0001";"NE_0001";"NE_0001";"NE_0001";"NE_0001";"NE_0001";"NE_0001"
"2023";"10";"220101";"SAN MARTIN";"MOYOBAMBA";"MOYOBAMBA";"GOBIERNO REGIONAL";"I-1";"00006319";"BUENOS AIRES";"NE_0001";"";"NE_0001";"NE_0001";"NE_0001";"NE_0001";"NE_0001";"NE_0001";"NE_0001"
"2023";"10";"220106";"SAN MARTIN";"MOYOBAMBA";"YANTALO";"GOBIERNO REGIONAL";"I-3";"00006318";"YANTALO";"NE_0001";"";"NE_0001";"NE_0001";"NE_0001";"NE_0001";"NE_0001";"NE_0001";"NE_0001"
"2023";"10";"060810";"CAJAMARCA";"JAEN";"SAN FELIPE";"GOBIERNO REGIONAL";"I-2";"00004255";"PIQUIJACA";"NE_0001";"";"NE_0001";"NE_0001";"NE_0001";"NE_0001";"NE_0001";"NE_0001";"NE_0001"
"2023";"10";"130101";"LA LIBERTAD";"TRUJILLO";"TRUJILLO";"PRIVADO";"II-1";"00012292";"CLINICA  BELMED";"240800";"HOSPITALIZACIÓN QUIRÚRGICA CIRUGÍA PLÁSTICA/RECONSTRUCTIVA/ REPARADORA ";"0";"0";"0";"1";"4";"5";"0"
"2023";"10";"070106";"CALLAO";"CALLAO";"VENTANILLA";"PRIVADO";"II-E";"00009917";"CLINICA CARRION";"NE_0002";"";"NE_0002";"NE_0002";"NE_0002";"NE_0002";"NE_0002";"NE_0002";"NE_0002"
"2023";"10";"040101";"AREQUIPA";"AREQUIPA";"AREQUIPA";"GOBIERNO REGIONAL";"III-1";"00001232";"HOSPITAL GOYENECHE";"241900";"HOSPITALIZACIÓN DE MEDICINA MEDICINA INTERNA ";"119";"126";"1320";"1416";"53";"1643";"21"
"2023";"10";"040101";"AREQUIPA";"AREQUIPA";"AREQUIPA";"GOBIERNO REGIONAL";"III-1";"00001232";"HOSPITAL GOYENECHE";"240100";"HOSPITALIZACIÓN QUIRÚRGICA CIRUGÍA GENERAL ";"165";"166";"1436";"1388";"48";"1488";"0"
"2023";"10";"040101";"AREQUIPA";"AREQUIPA";"AREQUIPA";"GOBIERNO REGIONAL";"III-1";"00001232";"HOSPITAL GOYENECHE";"240000";"HOSPITALIZACIÓN";"49";"57";"837";"844";"30";"930";"0"
"2023";"10";"040101";"AREQUIPA";"AREQUIPA";"AREQUIPA";"GOBIERNO REGIONAL";"III-1";"00001232";"HOSPITAL GOYENECHE";"242100";"HOSPITALIZACIÓN DE MEDICINA ONCOLOGÍA MÉDICA ";"75";"79";"379";"370";"22";"682";"3"
"2023";"10";"040101";"AREQUIPA";"AREQUIPA";"AREQUIPA";"GOBIERNO REGIONAL";"III-1";"00001232";"HOSPITAL GOYENECHE";"242500";"HOSPITALIZACIÓN-PEDIATRÍA GENERAL-";"76";"71";"239";"261";"23";"713";"0"
"2023";"10";"040101";"AREQUIPA";"AREQUIPA";"AREQUIPA";"GOBIERNO REGIONAL";"III-1";"00001232";"HOSPITAL GOYENECHE";"240700";"HOSPITALIZACIÓN QUIRÚRGICA CIRUGÍA PEDIÁTRICA ";"30";"28";"145";"140";"7";"217";"0"
"2023";"10";"040101";"AREQUIPA";"AREQUIPA";"AREQUIPA";"GOBIERNO REGIONAL";"III-1";"00001232";"HOSPITAL GOYENECHE";"243200";"HOSPITALIZACIÓN DE PEDIATRÍA PEDIATRIA NEONATOLOGÍA";"101";"105";"408";"293";"15";"465";"0"
"2023";"10";"040101";"AREQUIPA";"AREQUIPA";"AREQUIPA";"GOBIERNO REGIONAL";"III-1";"00001232";"HOSPITAL GOYENECHE";"241500";"HOSPITALIZACIÓN QUIRÚRGICA GINECOLOGÍA  ";"165";"182";"508";"459";"22";"682";"0"
"2023";"10";"040101";"AREQUIPA";"AREQUIPA";"AREQUIPA";"GOBIERNO REGIONAL";"III-1";"00001232";"HOSPITAL GOYENECHE";"241600";"HOSPITALIZACIÓN QUIRÚRGICA OBSTETRICIA   ";"200";"197";"607";"601";"32";"992";"0"
"2023";"10";"040101";"AREQUIPA";"AREQUIPA";"AREQUIPA";"GOBIERNO REGIONAL";"III-1";"00001232";"HOSPITAL GOYENECHE";"250100";"UNIDAD DE CUIDADOS CRITICOS UNIDAD  DE CUIDADOS INTENSIVOS GENERALES (UCI) ";"3";"3";"39";"177";"6";"186";"3"
"2023";"10";"040101";"AREQUIPA";"AREQUIPA";"AREQUIPA";"GOBIERNO REGIONAL";"III-1";"00001232";"HOSPITAL GOYENECHE";"250105";"UNIDAD DE CUIDADOS CRITICOS UNIDAD  DE CUIDADOS INTENSIVOS  (UCI) NEONATOLOGÍA";"11";"3";"29";"139";"6";"186";"3"
"2023";"10";"100508";"HUANUCO";"HUAMALIES";"PUNCHAO";"GOBIERNO REGIONAL";"I-2";"00000901";"PUNCHAO";"NE_0001";"";"NE_0001";"NE_0001";"NE_0001";"NE_0001";"NE_0001";"NE_0001";"NE_0001"
"2023";"11";"220303";"SAN MARTIN";"EL DORADO";"SAN MARTIN";"GOBIERNO REGIONAL";"I-1";"00007392";"BUENA VISTA";"NE_0001";"";"NE_0001";"NE_0001";"NE_0001";"NE_0001";"NE_0001";"NE_0001";"NE_0001"
"2023";"11";"220303";"SAN MARTIN";"EL DORADO";"SAN MARTIN";"GOBIERNO REGIONAL";"I-1";"00007644";"PACAYPAMPA";"NE_0001";"";"NE_0001";"NE_0001";"NE_0001";"NE_0001";"NE_0001";"NE_0001";"NE_0001"
"2023";"11";"220305";"SAN MARTIN";"EL DORADO";"SHATOJA";"GOBIERNO REGIONAL";"I-1";"00006493";"SHATOJA";"NE_0001";"";"NE_0001";"NE_0001";"NE_0001";"NE_0001";"NE_0001";"NE_0001";"NE_0001"
"2023";"11";"040118";"AREQUIPA";"AREQUIPA";"SAN JUAN DE SIGUAS";"GOBIERNO REGIONAL";"I-1";"00001339";"PUESTO DE SALUD SAN JUAN DE SIGUAS - TAMBILLO";"NE_0001";"";"NE_0001";"NE_0001";"NE_0001";"NE_0001";"NE_0001";"NE_0001";"NE_0001"
"2023";"11";"040520";"AREQUIPA";"CAYLLOMA";"MAJES";"GOBIERNO REGIONAL";"I-3";"00023969";"CENTRO DE SALUD MENTAL COMUNITARIO MAJES";"NE_0001";"";"NE_0001";"NE_0001";"NE_0001";"NE_0001";"NE_0001";"NE_0001";"NE_0001"
"2023";"11";"040520";"AREQUIPA";"CAYLLOMA";"MAJES";"GOBIERNO REGIONAL";"I-2";"00001341";"ASENTAMIENTO B-1";"NE_0001";"";"NE_0001";"NE_0001";"NE_0001";"NE_0001";"NE_0001";"NE_0001";"NE_0001"
"2023";"11";"040520";"AREQUIPA";"CAYLLOMA";"MAJES";"GOBIERNO REGIONAL";"I-2";"00001342";"PUESTO DE SALUD  B-2";"NE_0001";"";"NE_0001";"NE_0001";"NE_0001";"NE_0001";"NE_0001";"NE_0001";"NE_0001"
"2023";"11";"040120";"AREQUIPA";"AREQUIPA";"SANTA ISABEL DE SIGUAS";"GOBIERNO REGIONAL";"I-2";"00001336";"SANTA ISABEL DE SIGUAS";"NE_0001";"";"NE_0001";"NE_0001";"NE_0001";"NE_0001";"NE_0001";"NE_0001";"NE_0001"
"2023";"11";"040120";"AREQUIPA";"AREQUIPA";"SANTA ISABEL DE SIGUAS";"GOBIERNO REGIONAL";"I-1";"00001337";"PUESTO DE SALUD PITAY";"NE_0001";"";"NE_0001";"NE_0001";"NE_0001";"NE_0001";"NE_0001";"NE_0001";"NE_0001"
"2023";"11";"040520";"AREQUIPA";"CAYLLOMA";"MAJES";"GOBIERNO REGIONAL";"I-3";"00001326";"CENTRO DE SALUD LA COLINA";"NE_0001";"";"NE_0001";"NE_0001";"NE_0001";"NE_0001";"NE_0001";"NE_0001";"NE_0001"
"2023";"11";"040511";"AREQUIPA";"CAYLLOMA";"LLUTA";"GOBIERNO REGIONAL";"I-2";"00001340";"PUESTO DE SALUD QUERQUE";"NE_0001";"";"NE_0001";"NE_0001";"NE_0001";"NE_0001";"NE_0001";"NE_0001";"NE_0001"
"2023";"11";"080601";"CUSCO";"CANCHIS";"SICUANI";"ESSALUD";"II-1";"00010063";"ESSALUD SICUANI";"240100";"HOSPITALIZACIÓN QUIRÚRGICA CIRUGÍA GENERAL ";"27";"22";"72";"72";"4";"120";"0"
"2023";"11";"080601";"CUSCO";"CANCHIS";"SICUANI";"ESSALUD";"II-1";"00010063";"ESSALUD SICUANI";"241500";"HOSPITALIZACIÓN QUIRÚRGICA GINECOLOGÍA  ";"24";"21";"59";"60";"2";"60";"0"
"2023";"11";"080601";"CUSCO";"CANCHIS";"SICUANI";"ESSALUD";"II-1";"00010063";"ESSALUD SICUANI";"241900";"HOSPITALIZACIÓN DE MEDICINA MEDICINA INTERNA ";"42";"42";"184";"184";"8";"240";"0"
"2023";"11";"080601";"CUSCO";"CANCHIS";"SICUANI";"ESSALUD";"II-1";"00010063";"ESSALUD SICUANI";"241600";"HOSPITALIZACIÓN QUIRÚRGICA OBSTETRICIA   ";"9";"8";"13";"13";"2";"60";"0"
"2023";"11";"080601";"CUSCO";"CANCHIS";"SICUANI";"ESSALUD";"II-1";"00010063";"ESSALUD SICUANI";"242300";"HOSPITALIZACIÓN DE PEDIATRÍA  PEDIATRÍA  GENERAL ";"6";"7";"21";"21";"2";"60";"0"
"2023";"11";"220909";"SAN MARTIN";"SAN MARTIN";"LA BANDA DE SHILCAYO";"GOBIERNO REGIONAL";"I-1";"00006365";"PUESTO DE SALUD BELLO HORIZONTE";"NE_0001";"";"NE_0001";"NE_0001";"NE_0001";"NE_0001";"NE_0001";"NE_0001";"NE_0001"
"2023";"11";"220909";"SAN MARTIN";"SAN MARTIN";"LA BANDA DE SHILCAYO";"GOBIERNO REGIONAL";"I-1";"00006367";"LA UNION (SANIRARCA)";"NE_0001";"";"NE_0001";"NE_0001";"NE_0001";"NE_0001";"NE_0001";"NE_0001";"NE_0001"
"2023";"11";"220909";"SAN MARTIN";"SAN MARTIN";"LA BANDA DE SHILCAYO";"GOBIERNO REGIONAL";"I-1";"00006366";"LAS PALMAS";"NE_0001";"";"NE_0001";"NE_0001";"NE_0001";"NE_0001";"NE_0001";"NE_0001";"NE_0001"
"2023";"11";"220909";"SAN MARTIN";"SAN MARTIN";"LA BANDA DE SHILCAYO";"GOBIERNO REGIONAL";"I-1";"00006368";"PROGRESO KM.30";"NE_0001";"";"NE_0001";"NE_0001";"NE_0001";"NE_0001";"NE_0001";"NE_0001";"NE_0001"
"2023";"11";"220909";"SAN MARTIN";"SAN MARTIN";"LA BANDA DE SHILCAYO";"GOBIERNO REGIONAL";"I-1";"00006369";"SAN JOSE KM.34";"NE_0001";"";"NE_0001";"NE_0001";"NE_0001";"NE_0001";"NE_0001";"NE_0001";"NE_0001"
"2023";"11";"220909";"SAN MARTIN";"SAN MARTIN";"LA BANDA DE SHILCAYO";"GOBIERNO REGIONAL";"I-3";"00026698";"CENTRO DE SALUD MENTAL COMUNITARIO ""LA BANDA DE SHILCAYO""";"NE_0001";"";"NE_0001";"NE_0001";"NE_0001";"NE_0001";"NE_0001";"NE_0001";"NE_0001"
"2023";"11";"100201";"HUANUCO";"AMBO";"AMBO";"ESSALUD";"I-3";"00009957";"CENTRO MEDICO LEONCIO PRADO - AMBO";"NE_0001";"";"NE_0001";"NE_0001";"NE_0001";"NE_0001";"NE_0001";"NE_0001";"NE_0001"
"2023";"11";"120602";"JUNIN";"SATIPO";"COVIRIALI";"GOBIERNO REGIONAL";"I-1";"00000488";"SAN ANDRES";"NE_0001";"";"NE_0001";"NE_0001";"NE_0001";"NE_0001";"NE_0001";"NE_0001";"NE_0001"
"2023";"11";"120602";"JUNIN";"SATIPO";"COVIRIALI";"GOBIERNO REGIONAL";"I-2";"00000486";"SAN PEDRO";"NE_0001";"";"NE_0001";"NE_0001";"NE_0001";"NE_0001";"NE_0001";"NE_0001";"NE_0001"
"2023";"11";"120605";"JUNIN";"SATIPO";"PAMPA HERMOSA";"GOBIERNO REGIONAL";"I-2";"00000493";"MARIPOSA";"NE_0001";"";"NE_0001";"NE_0001";"NE_0001";"NE_0001";"NE_0001";"NE_0001";"NE_0001"
"2023";"09";"050701";"AYACUCHO";"PARINACOCHAS";"CORACORA";"GOBIERNO REGIONAL";"II-1";"00003523";"HOSPITAL DE APOYO DE CORACORA";"240100";"HOSPITALIZACIÓN QUIRÚRGICA CIRUGÍA GENERAL ";"13";"13";"38";"38";"8";"240";"0"
"2023";"09";"050701";"AYACUCHO";"PARINACOCHAS";"CORACORA";"GOBIERNO REGIONAL";"II-1";"00003523";"HOSPITAL DE APOYO DE CORACORA";"241400";"HOSPITALIZACIÓN QUIRÚRGICA GINECO - OBSTETRICIA ";"31";"31";"63";"63";"5";"150";"0"
"2023";"09";"050701";"AYACUCHO";"PARINACOCHAS";"CORACORA";"GOBIERNO REGIONAL";"II-1";"00003523";"HOSPITAL DE APOYO DE CORACORA";"241500";"HOSPITALIZACIÓN QUIRÚRGICA GINECOLOGÍA  ";"33";"33";"77";"77";"7";"210";"0"
"2023";"09";"050701";"AYACUCHO";"PARINACOCHAS";"CORACORA";"GOBIERNO REGIONAL";"II-1";"00003523";"HOSPITAL DE APOYO DE CORACORA";"241800";"HOSPITALIZACIÓN DE MEDICINA MEDICINA GENERAL ";"21";"21";"99";"99";"16";"480";"4"
"2023";"09";"050701";"AYACUCHO";"PARINACOCHAS";"CORACORA";"GOBIERNO REGIONAL";"II-1";"00003523";"HOSPITAL DE APOYO DE CORACORA";"242500";"HOSPITALIZACIÓN-PEDIATRÍA GENERAL-";"40";"40";"66";"66";"4";"120";"0"
"2023";"09";"100511";"HUANUCO";"HUAMALIES";"TANTAMAYO";"GOBIERNO REGIONAL";"I-2";"00000903";"TANTAMAYO";"NE_0001";"";"NE_0001";"NE_0001";"NE_0001";"NE_0001";"NE_0001";"NE_0001";"NE_0001"
"2023";"09";"100511";"HUANUCO";"HUAMALIES";"TANTAMAYO";"GOBIERNO REGIONAL";"I-1";"00011166";"PAMPA FLORIDA";"NE_0001";"";"NE_0001";"NE_0001";"NE_0001";"NE_0001";"NE_0001";"NE_0001";"NE_0001"
"2023";"09";"100511";"HUANUCO";"HUAMALIES";"TANTAMAYO";"GOBIERNO REGIONAL";"I-1";"00022037";"SAN PEDRO DE  PARIARCA";"NE_0001";"";"NE_0001";"NE_0001";"NE_0001";"NE_0001";"NE_0001";"NE_0001";"NE_0001"
"2023";"09";"100401";"HUANUCO";"HUACAYBAMBA";"HUACAYBAMBA";"GOBIERNO REGIONAL";"I-2";"00000880";"QUICHIRRAGRA";"NE_0001";"";"NE_0001";"NE_0001";"NE_0001";"NE_0001";"NE_0001";"NE_0001";"NE_0001"
"2023";"09";"100401";"HUANUCO";"HUACAYBAMBA";"HUACAYBAMBA";"GOBIERNO REGIONAL";"I-3";"00000877";"CENTRO DE SALUD DE HUACAYBAMBA";"NE_0001";"";"NE_0001";"NE_0001";"NE_0001";"NE_0001";"NE_0001";"NE_0001";"NE_0001"
"2023";"09";"100401";"HUANUCO";"HUACAYBAMBA";"HUACAYBAMBA";"GOBIERNO REGIONAL";"I-1";"00000881";"PUESTO DE SALUD DE RONDOBAMBA";"NE_0001";"";"NE_0001";"NE_0001";"NE_0001";"NE_0001";"NE_0001";"NE_0001";"NE_0001"
"2023";"09";"100403";"HUANUCO";"HUACAYBAMBA";"COCHABAMBA";"GOBIERNO REGIONAL";"I-1";"00000882";"SANTA ANA PIRUSHTO";"NE_0001";"";"NE_0001";"NE_0001";"NE_0001";"NE_0001";"NE_0001";"NE_0001";"NE_0001"
"2023";"09";"100403";"HUANUCO";"HUACAYBAMBA";"COCHABAMBA";"GOBIERNO REGIONAL";"I-1";"00000879";"COCHABAMBA";"NE_0001";"";"NE_0001";"NE_0001";"NE_0001";"NE_0001";"NE_0001";"NE_0001";"NE_0001"
"2023";"09";"100503";"HUANUCO";"HUAMALIES";"CHAVIN DE PARIARCA";"GOBIERNO REGIONAL";"I-1";"00000899";"SAN JUAN DE PAMPAS";"NE_0001";"";"NE_0001";"NE_0001";"NE_0001";"NE_0001";"NE_0001";"NE_0001";"NE_0001"
"2023";"09";"100503";"HUANUCO";"HUAMALIES";"CHAVIN DE PARIARCA";"GOBIERNO REGIONAL";"I-1";"00007720";"QUIPRAN";"NE_0001";"";"NE_0001";"NE_0001";"NE_0001";"NE_0001";"NE_0001";"NE_0001";"NE_0001"
"2023";"09";"100503";"HUANUCO";"HUAMALIES";"CHAVIN DE PARIARCA";"GOBIERNO REGIONAL";"I-3";"00000896";"CHAVIN DE PARIARCA";"NE_0001";"";"NE_0001";"NE_0001";"NE_0001";"NE_0001";"NE_0001";"NE_0001";"NE_0001"
"2023";"09";"100504";"HUANUCO";"HUAMALIES";"JACAS GRANDE";"GOBIERNO REGIONAL";"I-2";"00000906";"CARHUAPATA";"NE_0001";"";"NE_0001";"NE_0001";"NE_0001";"NE_0001";"NE_0001";"NE_0001";"NE_0001"
"2023";"09";"100504";"HUANUCO";"HUAMALIES";"JACAS GRANDE";"GOBIERNO REGIONAL";"I-2";"00000897";"JACAS GRANDE";"NE_0001";"";"NE_0001";"NE_0001";"NE_0001";"NE_0001";"NE_0001";"NE_0001";"NE_0001"
"2023";"09";"100504";"HUANUCO";"HUAMALIES";"JACAS GRANDE";"GOBIERNO REGIONAL";"I-2";"00006888";"CASCANGA";"NE_0001";"";"NE_0001";"NE_0001";"NE_0001";"NE_0001";"NE_0001";"NE_0001";"NE_0001"
"2023";"09";"100504";"HUANUCO";"HUAMALIES";"JACAS GRANDE";"GOBIERNO REGIONAL";"I-2";"00000898";"ANDAS";"NE_0001";"";"NE_0001";"NE_0001";"NE_0001";"NE_0001";"NE_0001";"NE_0001";"NE_0001"
"2023";"09";"100504";"HUANUCO";"HUAMALIES";"JACAS GRANDE";"GOBIERNO REGIONAL";"I-1";"00006674";"NUEVAS FLORES";"NE_0001";"";"NE_0001";"NE_0001";"NE_0001";"NE_0001";"NE_0001";"NE_0001";"NE_0001"
"2023";"09";"100505";"HUANUCO";"HUAMALIES";"JIRCAN";"GOBIERNO REGIONAL";"I-2";"00000904";"JIRCAN";"NE_0001";"";"NE_0001";"NE_0001";"NE_0001";"NE_0001";"NE_0001";"NE_0001";"NE_0001"
"2023";"09";"100506";"HUANUCO";"HUAMALIES";"MIRAFLORES";"GOBIERNO REGIONAL";"I-2";"00000895";"MIRAFLORES";"NE_0001";"";"NE_0001";"NE_0001";"NE_0001";"NE_0001";"NE_0001";"NE_0001";"NE_0001"
"2023";"09";"100508";"HUANUCO";"HUAMALIES";"PUNCHAO";"GOBIERNO REGIONAL";"I-2";"00000901";"PUNCHAO";"NE_0001";"";"NE_0001";"NE_0001";"NE_0001";"NE_0001";"NE_0001";"NE_0001";"NE_0001"
"2023";"09";"100510";"HUANUCO";"HUAMALIES";"SINGA";"GOBIERNO REGIONAL";"I-1";"00019155";"SAN JUAN DE VISCAS";"NE_0001";"";"NE_0001";"NE_0001";"NE_0001";"NE_0001";"NE_0001";"NE_0001";"NE_0001"
"2023";"09";"100510";"HUANUCO";"HUAMALIES";"SINGA";"GOBIERNO REGIONAL";"I-1";"00000902";"BELLAS FLORES";"NE_0001";"";"NE_0001";"NE_0001";"NE_0001";"NE_0001";"NE_0001";"NE_0001";"NE_0001"
"2023";"09";"100510";"HUANUCO";"HUAMALIES";"SINGA";"GOBIERNO REGIONAL";"I-3";"00000900";"SINGA";"NE_0001";"";"NE_0001";"NE_0001";"NE_0001";"NE_0001";"NE_0001";"NE_0001";"NE_0001"
"2023";"09";"100510";"HUANUCO";"HUAMALIES";"SINGA";"GOBIERNO REGIONAL";"I-1";"00017149";"SANTA ROSA DE PAMPAN";"NE_0001";"";"NE_0001";"NE_0001";"NE_0001";"NE_0001";"NE_0001";"NE_0001";"NE_0001"
"2023";"10";"021904";"ANCASH";"SIHUAS";"CASHAPAMPA";"GOBIERNO REGIONAL";"I-1";"00001798";"PUESTO DE SALUD PASACANCHA";"NE_0002";"";"NE_0002";"NE_0002";"NE_0002";"NE_0002";"NE_0002";"NE_0002";"NE_0002"
"2023";"10";"021909";"ANCASH";"SIHUAS";"SAN JUAN";"GOBIERNO REGIONAL";"I-2";"00001809";"PUESTO DE SALUD ANDAYMAYO";"NE_0002";"";"NE_0002";"NE_0002";"NE_0002";"NE_0002";"NE_0002";"NE_0002";"NE_0002"
"2023";"10";"021909";"ANCASH";"SIHUAS";"SAN JUAN";"GOBIERNO REGIONAL";"I-2";"00001808";"PUESTO DE SALUD SAN JUAN CHULLIN";"NE_0002";"";"NE_0002";"NE_0002";"NE_0002";"NE_0002";"NE_0002";"NE_0002";"NE_0002"
"2023";"10";"021909";"ANCASH";"SIHUAS";"SAN JUAN";"GOBIERNO REGIONAL";"I-1";"00001810";"PUESTO DE SALUD CHINCHOBAMBA";"NE_0002";"";"NE_0002";"NE_0002";"NE_0002";"NE_0002";"NE_0002";"NE_0002";"NE_0002"
"2023";"10";"021904";"ANCASH";"SIHUAS";"CASHAPAMPA";"GOBIERNO REGIONAL";"I-1";"00001797";"PUESTO DE SALUD CASHAPAMPA";"NE_0002";"";"NE_0002";"NE_0002";"NE_0002";"NE_0002";"NE_0002";"NE_0002";"NE_0002"
"2023";"10";"021906";"ANCASH";"SIHUAS";"HUAYLLABAMBA";"GOBIERNO REGIONAL";"I-1";"00001804";"PUESTO DE SALUD PIRPO";"NE_0002";"";"NE_0002";"NE_0002";"NE_0002";"NE_0002";"NE_0002";"NE_0002";"NE_0002"
"2023";"10";"021906";"ANCASH";"SIHUAS";"HUAYLLABAMBA";"GOBIERNO REGIONAL";"I-2";"00001803";"PUESTO DE SALUD SANTA CLARA";"NE_0002";"";"NE_0002";"NE_0002";"NE_0002";"NE_0002";"NE_0002";"NE_0002";"NE_0002"
"2023";"10";"021909";"ANCASH";"SIHUAS";"SAN JUAN";"GOBIERNO REGIONAL";"I-1";"00007449";"PUESTO DE SALUD PARIASHPAMPA";"NE_0002";"";"NE_0002";"NE_0002";"NE_0002";"NE_0002";"NE_0002";"NE_0002";"NE_0002"
"2023";"10";"021908";"ANCASH";"SIHUAS";"RAGASH";"GOBIERNO REGIONAL";"I-1";"00001796";"PUESTO DE SALUD RAGASH";"NE_0002";"";"NE_0002";"NE_0002";"NE_0002";"NE_0002";"NE_0002";"NE_0002";"NE_0002"
"2023";"10";"021910";"ANCASH";"SIHUAS";"SICSIBAMBA";"GOBIERNO REGIONAL";"I-2";"00001811";"PUESTO DE SALUD SICSIBAMBA";"NE_0002";"";"NE_0002";"NE_0002";"NE_0002";"NE_0002";"NE_0002";"NE_0002";"NE_0002"
"2023";"10";"021910";"ANCASH";"SIHUAS";"SICSIBAMBA";"GOBIERNO REGIONAL";"I-1";"00001812";"PUESTO DE SALUD UMBE";"NE_0002";"";"NE_0002";"NE_0002";"NE_0002";"NE_0002";"NE_0002";"NE_0002";"NE_0002"
"2023";"10";"021901";"ANCASH";"SIHUAS";"SIHUAS";"GOBIERNO REGIONAL";"I-1";"00009731";"PUESTO DE SALUD SAURAPA";"NE_0002";"";"NE_0002";"NE_0002";"NE_0002";"NE_0002";"NE_0002";"NE_0002";"NE_0002"
"2023";"10";"021906";"ANCASH";"SIHUAS";"HUAYLLABAMBA";"GOBIERNO REGIONAL";"I-3";"00001802";"CENTRO DE SALUD HUAYLLABAMBA";"NE_0002";"";"NE_0002";"NE_0002";"NE_0002";"NE_0002";"NE_0002";"NE_0002";"NE_0002"
"2023";"10";"021908";"ANCASH";"SIHUAS";"RAGASH";"GOBIERNO REGIONAL";"I-1";"00009734";"PUESTO DE SALUD QUINGAO";"NE_0002";"";"NE_0002";"NE_0002";"NE_0002";"NE_0002";"NE_0002";"NE_0002";"NE_0002"
"2023";"10";"070105";"CALLAO";"CALLAO";"LA PUNTA";"GOBIERNO REGIONAL";"I-2";"00006227";"PUESTO DE SALUD LA PUNTA";"NE_0001";"";"NE_0001";"NE_0001";"NE_0001";"NE_0001";"NE_0001";"NE_0001";"NE_0001"
"2023";"10";"040126";"AREQUIPA";"AREQUIPA";"YANAHUARA";"PRIVADO";"II-E";"00025732";"NOVA CLINICA QUIRURGICA";"240800";"HOSPITALIZACIÓN QUIRÚRGICA CIRUGÍA PLÁSTICA/RECONSTRUCTIVA/ REPARADORA ";"37";"8";"3";"8";"13";"20";"0"
"2023";"10";"040109";"AREQUIPA";"AREQUIPA";"MARIANO MELGAR";"PRIVADO";"II-E";"00019481";"CLINICA J. PRADO SANTA MARIA E.I.R.L.";"240000";"HOSPITALIZACIÓN";"231";"228";"349";"356";"35";"1085";"0"
"2023";"10";"070101";"CALLAO";"CALLAO";"CALLAO";"GOBIERNO REGIONAL";"I-2";"00006226";"PUESTO DE SALUD PUERTO NUEVO";"NE_0001";"";"NE_0001";"NE_0001";"NE_0001";"NE_0001";"NE_0001";"NE_0001";"NE_0001"
"2023";"10";"070101";"CALLAO";"CALLAO";"CALLAO";"GOBIERNO REGIONAL";"I-2";"00006225";"PUESTO DE SALUD  SAN JUAN BOSCO";"NE_0001";"";"NE_0001";"NE_0001";"NE_0001";"NE_0001";"NE_0001";"NE_0001";"NE_0001"
"2023";"10";"070101";"CALLAO";"CALLAO";"CALLAO";"GOBIERNO REGIONAL";"I-3";"00006221";"C.S. ALBERTO BARTON";"NE_0001";"";"NE_0001";"NE_0001";"NE_0001";"NE_0001";"NE_0001";"NE_0001";"NE_0001"
"2023";"10";"070101";"CALLAO";"CALLAO";"CALLAO";"GOBIERNO REGIONAL";"I-2";"00006220";"PUESTO DE SALUD MANUEL BONILLA";"NE_0001";"";"NE_0001";"NE_0001";"NE_0001";"NE_0001";"NE_0001";"NE_0001";"NE_0001"
"2023";"10";"150130";"LIMA";"LIMA";"SAN BORJA";"PRIVADO";"II-E";"00010467";"CLINICA FLEMING";"240000";"HOSPITALIZACIÓN";"1";"1";"1";"1";"8";"248";"0"
"2023";"10";"150105";"LIMA";"LIMA";"BREÑA";"PRIVADO";"0";"00022016";"CLINICA LA LUZ OFTALMOLOGIA";"NE_0002";"";"NE_0002";"NE_0002";"NE_0002";"NE_0002";"NE_0002";"NE_0002";"NE_0002"
"2023";"11";"130504";"LA LIBERTAD";"JULCAN";"HUASO";"GOBIERNO REGIONAL";"I-2";"00006770";"CHINCHINVARA";"NE_0001";"";"NE_0001";"NE_0001";"NE_0001";"NE_0001";"NE_0001";"NE_0001";"NE_0001"
"2023";"11";"130504";"LA LIBERTAD";"JULCAN";"HUASO";"GOBIERNO REGIONAL";"I-4";"00005312";"HUASO";"NE_0001";"";"NE_0001";"NE_0001";"NE_0001";"NE_0001";"NE_0001";"NE_0001";"NE_0001"
"2023";"11";"130504";"LA LIBERTAD";"JULCAN";"HUASO";"GOBIERNO REGIONAL";"I-2";"00006772";"LA VEGA";"NE_0001";"";"NE_0001";"NE_0001";"NE_0001";"NE_0001";"NE_0001";"NE_0001";"NE_0001"
"2023";"11";"130504";"LA LIBERTAD";"JULCAN";"HUASO";"GOBIERNO REGIONAL";"I-1";"00016422";"LA UNION";"NE_0001";"";"NE_0001";"NE_0001";"NE_0001";"NE_0001";"NE_0001";"NE_0001";"NE_0001"
"2023";"11";"130504";"LA LIBERTAD";"JULCAN";"HUASO";"GOBIERNO REGIONAL";"I-2";"00005313";"PARASIVE";"NE_0001";"";"NE_0001";"NE_0001";"NE_0001";"NE_0001";"NE_0001";"NE_0001";"NE_0001"
"2023";"11";"130504";"LA LIBERTAD";"JULCAN";"HUASO";"GOBIERNO REGIONAL";"I-2";"00005335";"UNINGAMBAL";"NE_0001";"";"NE_0001";"NE_0001";"NE_0001";"NE_0001";"NE_0001";"NE_0001";"NE_0001"
"2023";"11";"130504";"LA LIBERTAD";"JULCAN";"HUASO";"GOBIERNO REGIONAL";"I-3";"00006771";"CANRAZ";"NE_0001";"";"NE_0001";"NE_0001";"NE_0001";"NE_0001";"NE_0001";"NE_0001";"NE_0001"
"2023";"11";"120706";"JUNIN";"TARMA";"PALCA";"GOBIERNO REGIONAL";"I-1";"00000572";"LLACSACACA";"NE_0001";"";"NE_0001";"NE_0001";"NE_0001";"NE_0001";"NE_0001";"NE_0001";"NE_0001"
"2023";"11";"120706";"JUNIN";"TARMA";"PALCA";"GOBIERNO REGIONAL";"I-1";"00000573";"CHIPOCAYO";"NE_0001";"";"NE_0001";"NE_0001";"NE_0001";"NE_0001";"NE_0001";"NE_0001";"NE_0001"
"2023";"11";"120706";"JUNIN";"TARMA";"PALCA";"GOBIERNO REGIONAL";"I-3";"00000569";"PALCA";"NE_0001";"";"NE_0001";"NE_0001";"NE_0001";"NE_0001";"NE_0001";"NE_0001";"NE_0001"
"2023";"11";"120706";"JUNIN";"TARMA";"PALCA";"GOBIERNO REGIONAL";"I-1";"00000574";"YAROCA";"NE_0001";"";"NE_0001";"NE_0001";"NE_0001";"NE_0001";"NE_0001";"NE_0001";"NE_0001"
"2023";"11";"120706";"JUNIN";"TARMA";"PALCA";"GOBIERNO REGIONAL";"I-1";"00000575";"HUARIPAMPA";"NE_0001";"";"NE_0001";"NE_0001";"NE_0001";"NE_0001";"NE_0001";"NE_0001";"NE_0001"
"2023";"11";"120706";"JUNIN";"TARMA";"PALCA";"GOBIERNO REGIONAL";"I-1";"00000576";"PATAY";"NE_0001";"";"NE_0001";"NE_0001";"NE_0001";"NE_0001";"NE_0001";"NE_0001";"NE_0001"
"2023";"11";"120706";"JUNIN";"TARMA";"PALCA";"GOBIERNO REGIONAL";"I-1";"00000570";"ÑAHUIN";"NE_0001";"";"NE_0001";"NE_0001";"NE_0001";"NE_0001";"NE_0001";"NE_0001";"NE_0001"
"2023";"11";"120706";"JUNIN";"TARMA";"PALCA";"GOBIERNO REGIONAL";"I-1";"00000571";"CARPAPATA";"NE_0001";"";"NE_0001";"NE_0001";"NE_0001";"NE_0001";"NE_0001";"NE_0001";"NE_0001"
"2023";"11";"150141";"LIMA";"LIMA";"SURQUILLO";"MINSA";"III-2";"00006210";"INSTITUTO NACIONAL DE ENFERMEDADES NEOPLASICAS";"242100";"HOSPITALIZACIÓN DE MEDICINA ONCOLOGÍA MÉDICA ";"74";"168";"4050";"4050";"114";"4320";"7"
"2023";"11";"150141";"LIMA";"LIMA";"SURQUILLO";"MINSA";"III-2";"00006210";"INSTITUTO NACIONAL DE ENFERMEDADES NEOPLASICAS";"250000";"UNIDAD DE CUIDADOS CRITICOS  ";"0";"11";"165";"165";"10";"810";"11"
"2023";"11";"150141";"LIMA";"LIMA";"SURQUILLO";"MINSA";"III-2";"00006210";"INSTITUTO NACIONAL DE ENFERMEDADES NEOPLASICAS";"241000";"HOSPITALIZACIÓN QUIRÚRGICA ONCOLOGÍA QUIRÚRGICA  ";"304";"367";"3266";"3266";"153";"4590";"2"
"2023";"11";"150141";"LIMA";"LIMA";"SURQUILLO";"MINSA";"III-2";"00006210";"INSTITUTO NACIONAL DE ENFERMEDADES NEOPLASICAS";"241700";"HOSPITALIZACIÓN QUIRÚRGICA GINECOLOGÍA   GINECOLOGIA ONCOLOGiCA";"67";"67";"479";"479";"18";"570";"0"
"2023";"11";"150141";"LIMA";"LIMA";"SURQUILLO";"MINSA";"III-2";"00006210";"INSTITUTO NACIONAL DE ENFERMEDADES NEOPLASICAS";"243600";"HOSPITALIZACIÓN DE PEDIATRÍA PEDIATRIA ONCOLOGÍA PEDIÁTRICA";"9";"37";"1372";"1372";"34";"1740";"1"
"2023";"11";"110201";"ICA";"CHINCHA";"CHINCHA ALTA";"PRIVADO";"II-1";"00018704";"FAMISALUD";"241500";"HOSPITALIZACIÓN QUIRÚRGICA GINECOLOGÍA  ";"2";"2";"2";"7";"2";"60";"0"
"2023";"11";"110201";"ICA";"CHINCHA";"CHINCHA ALTA";"PRIVADO";"II-1";"00018704";"FAMISALUD";"241200";"HOSPITALIZACIÓN QUIRÚRGICA TRAUMATOLOGÍA Y ORTOPEDIA ";"1";"1";"1";"7";"1";"30";"0"
"2023";"11";"220506";"SAN MARTIN";"LAMAS";"PINTO RECODO";"GOBIERNO REGIONAL";"I-1";"00006343";"GOSEN";"NE_0001";"";"NE_0001";"NE_0001";"NE_0001";"NE_0001";"NE_0001";"NE_0001";"NE_0001"
"2023";"11";"220506";"SAN MARTIN";"LAMAS";"PINTO RECODO";"GOBIERNO REGIONAL";"I-1";"00006347";"VENCEDOR";"NE_0001";"";"NE_0001";"NE_0001";"NE_0001";"NE_0001";"NE_0001";"NE_0001";"NE_0001"
"2023";"11";"210802";"PUNO";"MELGAR";"ANTAUTA";"ESSALUD";"I-2";"00009898";"POSTA MEDICA SAN RAFAEL - ESSALUD - RED ASISTENCIAL JULIACA";"NE_0001";"";"NE_0001";"NE_0001";"NE_0001";"NE_0001";"NE_0001";"NE_0001";"NE_0001"
"2023";"09";"040122";"AREQUIPA";"AREQUIPA";"SOCABAYA";"ESSALUD";"I-3";"00013298";"CAP III MELITON SALAS TEJADA";"NE_0001";"";"NE_0001";"NE_0001";"NE_0001";"NE_0001";"NE_0001";"NE_0001";"NE_0001"
"2023";"09";"160107";"LORETO";"MAYNAS";"NAPO";"GOBIERNO REGIONAL";"II-1";"00000066";"HOSPITAL II-1 SANTA CLOTILDE";"241800";"HOSPITALIZACIÓN DE MEDICINA MEDICINA GENERAL ";"8";"8";"36";"44";"16";"480";"0"
"2023";"09";"160107";"LORETO";"MAYNAS";"NAPO";"GOBIERNO REGIONAL";"II-1";"00000066";"HOSPITAL II-1 SANTA CLOTILDE";"242300";"HOSPITALIZACIÓN DE PEDIATRÍA  PEDIATRÍA  GENERAL ";"4";"4";"9";"13";"7";"210";"0"
"2023";"09";"160107";"LORETO";"MAYNAS";"NAPO";"GOBIERNO REGIONAL";"II-1";"00000066";"HOSPITAL II-1 SANTA CLOTILDE";"241600";"HOSPITALIZACIÓN QUIRÚRGICA OBSTETRICIA   ";"11";"11";"26";"37";"6";"180";"0"
"2023";"09";"160107";"LORETO";"MAYNAS";"NAPO";"GOBIERNO REGIONAL";"II-1";"00000066";"HOSPITAL II-1 SANTA CLOTILDE";"242000";"HOSPITALIZACIÓN DE MEDICINA MEDICINA TROPICAL E INFECCIOSAS ";"1";"1";"29";"30";"3";"90";"0"
"2023";"09";"100509";"HUANUCO";"HUAMALIES";"PUÑOS";"GOBIERNO REGIONAL";"I-3";"00000892";"PUÑOS";"NE_0001";"";"NE_0001";"NE_0001";"NE_0001";"NE_0001";"NE_0001";"NE_0001";"NE_0001"
"2023";"09";"100509";"HUANUCO";"HUAMALIES";"PUÑOS";"GOBIERNO REGIONAL";"I-1";"00000894";"ILLAHUASI";"NE_0001";"";"NE_0001";"NE_0001";"NE_0001";"NE_0001";"NE_0001";"NE_0001";"NE_0001"
"2023";"09";"100509";"HUANUCO";"HUAMALIES";"PUÑOS";"GOBIERNO REGIONAL";"I-2";"00000893";"POQUE";"NE_0001";"";"NE_0001";"NE_0001";"NE_0001";"NE_0001";"NE_0001";"NE_0001";"NE_0001"
"2023";"09";"020801";"ANCASH";"CASMA";"CASMA";"ESSALUD";"I-3";"00009057";"CENTRO MEDICO CASMA";"NE_0001";"";"NE_0001";"NE_0001";"NE_0001";"NE_0001";"NE_0001";"NE_0001";"NE_0001"
"2023";"10";"120703";"JUNIN";"TARMA";"HUARICOLCA";"GOBIERNO REGIONAL";"I-2";"00000595";"HUARICOLCA";"NE_0001";"";"NE_0001";"NE_0001";"NE_0001";"NE_0001";"NE_0001";"NE_0001";"NE_0001"
"2023";"10";"120703";"JUNIN";"TARMA";"HUARICOLCA";"GOBIERNO REGIONAL";"I-1";"00000596";"APAYCANCHILLA";"NE_0001";"";"NE_0001";"NE_0001";"NE_0001";"NE_0001";"NE_0001";"NE_0001";"NE_0001"
"2023";"10";"120703";"JUNIN";"TARMA";"HUARICOLCA";"GOBIERNO REGIONAL";"I-1";"00000568";"CONGAS ANTACUCHO";"NE_0001";"";"NE_0001";"NE_0001";"NE_0001";"NE_0001";"NE_0001";"NE_0001";"NE_0001"
"2023";"10";"130101";"LA LIBERTAD";"TRUJILLO";"TRUJILLO";"PRIVADO";"II-E";"00008044";"OFTALMOVISION";"NE_0001";"";"NE_0001";"NE_0001";"NE_0001";"NE_0001";"NE_0001";"NE_0001";"NE_0001"
"2023";"11";"120301";"JUNIN";"CHANCHAMAYO";"CHANCHAMAYO";"GOBIERNO REGIONAL";"I-1";"00000310";"VILLA DORADA";"NE_0001";"";"NE_0001";"NE_0001";"NE_0001";"NE_0001";"NE_0001";"NE_0001";"NE_0001"
"2023";"11";"120302";"JUNIN";"CHANCHAMAYO";"PERENE";"GOBIERNO REGIONAL";"I-1";"00000334";"SANTA ROSA DE CAMONASHARI";"NE_0001";"";"NE_0001";"NE_0001";"NE_0001";"NE_0001";"NE_0001";"NE_0001";"NE_0001"
"2023";"11";"040126";"AREQUIPA";"AREQUIPA";"YANAHUARA";"PRIVADO";"II-E";"00018935";"CEFERGIN";"NE_0001";"";"NE_0001";"NE_0001";"NE_0001";"NE_0001";"NE_0001";"NE_0001";"NE_0001"
"2023";"11";"140101";"LAMBAYEQUE";"CHICLAYO";"CHICLAYO";"ESSALUD";"III-1";"00008577";"HOSPITAL NACIONAL ALMANZOR AGUINAGA ASENJO";"244000";"HOSPITALIZACIÓN DE MEDICINA CARDIOLOGIA ";"80";"74";"594";"654";"17";"682";"3"
"2023";"11";"140101";"LAMBAYEQUE";"CHICLAYO";"CHICLAYO";"ESSALUD";"III-1";"00008577";"HOSPITAL NACIONAL ALMANZOR AGUINAGA ASENJO";"240200";"HOSPITALIZACIÓN QUIRÚRGICA CIRUGÍA DE CABEZA Y CUELLO / MÁXILO FACIAL ";"13";"18";"170";"79";"5";"112";"0"
"2023";"11";"140101";"LAMBAYEQUE";"CHICLAYO";"CHICLAYO";"ESSALUD";"III-1";"00008577";"HOSPITAL NACIONAL ALMANZOR AGUINAGA ASENJO";"240400";"HOSPITALIZACIÓN QUIRÚRGICA CIRUGÍA DE TÓRAX Y CARDIOVASCULAR ";"23";"26";"256";"144";"10";"153";"0"
"2023";"11";"140101";"LAMBAYEQUE";"CHICLAYO";"CHICLAYO";"ESSALUD";"III-1";"00008577";"HOSPITAL NACIONAL ALMANZOR AGUINAGA ASENJO";"240100";"HOSPITALIZACIÓN QUIRÚRGICA CIRUGÍA GENERAL ";"91";"80";"811";"814";"30";"852";"2"
"2023";"11";"140101";"LAMBAYEQUE";"CHICLAYO";"CHICLAYO";"ESSALUD";"III-1";"00008577";"HOSPITAL NACIONAL ALMANZOR AGUINAGA ASENJO";"240700";"HOSPITALIZACIÓN QUIRÚRGICA CIRUGÍA PEDIÁTRICA ";"40";"38";"178";"188";"8";"256";"0"
"2023";"11";"140101";"LAMBAYEQUE";"CHICLAYO";"CHICLAYO";"ESSALUD";"III-1";"00008577";"HOSPITAL NACIONAL ALMANZOR AGUINAGA ASENJO";"240801";"HOSPITALIZACIÓN QUIRÚRGICA CIRUGÍA PLÁSTICA/RECONSTRUCTIVA/ REPARADORA QUEMADOS";"15";"15";"172";"112";"4";"120";"0"
"2023";"11";"140101";"LAMBAYEQUE";"CHICLAYO";"CHICLAYO";"ESSALUD";"III-1";"00008577";"HOSPITAL NACIONAL ALMANZOR AGUINAGA ASENJO";"244200";"HOSPITALIZACIÓN DE MEDICINA ENDOCRINOLOGIA ";"1";"2";"11";"8";"3";"48";"0"
"2023";"11";"140101";"LAMBAYEQUE";"CHICLAYO";"CHICLAYO";"ESSALUD";"III-1";"00008577";"HOSPITAL NACIONAL ALMANZOR AGUINAGA ASENJO";"244300";"HOSPITALIZACIÓN DE MEDICINA GASTROENTEROLOGÍA  ";"34";"40";"361";"488";"17";"491";"0"
"2023";"11";"140101";"LAMBAYEQUE";"CHICLAYO";"CHICLAYO";"ESSALUD";"III-1";"00008577";"HOSPITAL NACIONAL ALMANZOR AGUINAGA ASENJO";"244400";"HOSPITALIZACIÓN DE MEDICINA GERIATRIA ";"45";"45";"919";"601";"20";"605";"8"
"2023";"11";"140101";"LAMBAYEQUE";"CHICLAYO";"CHICLAYO";"ESSALUD";"III-1";"00008577";"HOSPITAL NACIONAL ALMANZOR AGUINAGA ASENJO";"241500";"HOSPITALIZACIÓN QUIRÚRGICA GINECOLOGÍA  ";"109";"112";"375";"331";"12";"353";"0"
"2023";"11";"140101";"LAMBAYEQUE";"CHICLAYO";"CHICLAYO";"ESSALUD";"III-1";"00008577";"HOSPITAL NACIONAL ALMANZOR AGUINAGA ASENJO";"244500";"HOSPITALIZACIÓN DE MEDICINA HEMATOLOGÍA ";"18";"23";"905";"466";"19";"551";"1"
"2023";"11";"140101";"LAMBAYEQUE";"CHICLAYO";"CHICLAYO";"ESSALUD";"III-1";"00008577";"HOSPITAL NACIONAL ALMANZOR AGUINAGA ASENJO";"241900";"HOSPITALIZACIÓN DE MEDICINA MEDICINA INTERNA ";"66";"61";"858";"911";"29";"912";"7"
"2023";"11";"140101";"LAMBAYEQUE";"CHICLAYO";"CHICLAYO";"ESSALUD";"III-1";"00008577";"HOSPITAL NACIONAL ALMANZOR AGUINAGA ASENJO";"244600";"HOSPITALIZACIÓN DE MEDICINA NEFROLOGIA ";"26";"25";"244";"206";"10";"264";"1"
"2023";"11";"140101";"LAMBAYEQUE";"CHICLAYO";"CHICLAYO";"ESSALUD";"III-1";"00008577";"HOSPITAL NACIONAL ALMANZOR AGUINAGA ASENJO";"243200";"HOSPITALIZACIÓN DE PEDIATRÍA PEDIATRIA NEONATOLOGÍA";"141";"65";"518";"485";"17";"510";"4"
"2023";"11";"140101";"LAMBAYEQUE";"CHICLAYO";"CHICLAYO";"ESSALUD";"III-1";"00008577";"HOSPITAL NACIONAL ALMANZOR AGUINAGA ASENJO";"245300";"HOSPITALIZACIÓN DE MEDICINA NEUMOLOGÍA  ";"25";"23";"414";"303";"14";"412";"4"
"2023";"11";"140101";"LAMBAYEQUE";"CHICLAYO";"CHICLAYO";"ESSALUD";"III-1";"00008577";"HOSPITAL NACIONAL ALMANZOR AGUINAGA ASENJO";"240900";"HOSPITALIZACIÓN QUIRÚRGICA NEUROCIRUGÍA ";"34";"30";"434";"462";"17";"464";"1"
"2023";"11";"140101";"LAMBAYEQUE";"CHICLAYO";"CHICLAYO";"ESSALUD";"III-1";"00008577";"HOSPITAL NACIONAL ALMANZOR AGUINAGA ASENJO";"244700";"HOSPITALIZACIÓN DE MEDICINA NEUROLOGIA  ";"33";"35";"454";"422";"14";"426";"0"
"2023";"11";"140101";"LAMBAYEQUE";"CHICLAYO";"CHICLAYO";"ESSALUD";"III-1";"00008577";"HOSPITAL NACIONAL ALMANZOR AGUINAGA ASENJO";"241600";"HOSPITALIZACIÓN QUIRÚRGICA OBSTETRICIA   ";"185";"197";"734";"694";"24";"718";"0"
"2023";"11";"140101";"LAMBAYEQUE";"CHICLAYO";"CHICLAYO";"ESSALUD";"III-1";"00008577";"HOSPITAL NACIONAL ALMANZOR AGUINAGA ASENJO";"240600";"HOSPITALIZACIÓN QUIRÚRGICA CIRUGÍA OFTALMOLÓGICA ";"0";"0";"0";"15";"2";"36";"0"
"2023";"11";"140101";"LAMBAYEQUE";"CHICLAYO";"CHICLAYO";"ESSALUD";"III-1";"00008577";"HOSPITAL NACIONAL ALMANZOR AGUINAGA ASENJO";"242100";"HOSPITALIZACIÓN DE MEDICINA ONCOLOGÍA MÉDICA ";"74";"84";"425";"443";"15";"472";"3"
"2023";"11";"140101";"LAMBAYEQUE";"CHICLAYO";"CHICLAYO";"ESSALUD";"III-1";"00008577";"HOSPITAL NACIONAL ALMANZOR AGUINAGA ASENJO";"241200";"HOSPITALIZACIÓN QUIRÚRGICA TRAUMATOLOGÍA Y ORTOPEDIA ";"132";"126";"945";"906";"30";"912";"1"
"2023";"11";"140101";"LAMBAYEQUE";"CHICLAYO";"CHICLAYO";"ESSALUD";"III-1";"00008577";"HOSPITAL NACIONAL ALMANZOR AGUINAGA ASENJO";"241100";"HOSPITALIZACIÓN QUIRÚRGICA OTORRINOLARINGOLOGÍA  ";"32";"35";"90";"104";"5";"111";"0"
"2023";"11";"140101";"LAMBAYEQUE";"CHICLAYO";"CHICLAYO";"ESSALUD";"III-1";"00008577";"HOSPITAL NACIONAL ALMANZOR AGUINAGA ASENJO";"242300";"HOSPITALIZACIÓN DE PEDIATRÍA  PEDIATRÍA  GENERAL ";"46";"47";"598";"518";"20";"594";"0"
"2023";"11";"140101";"LAMBAYEQUE";"CHICLAYO";"CHICLAYO";"ESSALUD";"III-1";"00008577";"HOSPITAL NACIONAL ALMANZOR AGUINAGA ASENJO";"242200";"HOSPITALIZACIÓN DE MEDICINA PSIQUIATRÍA ";"10";"18";"389";"275";"16";"480";"0"
"2023";"11";"140101";"LAMBAYEQUE";"CHICLAYO";"CHICLAYO";"ESSALUD";"III-1";"00008577";"HOSPITAL NACIONAL ALMANZOR AGUINAGA ASENJO";"241300";"HOSPITALIZACIÓN QUIRÚRGICA UROLOGÍA  ";"51";"49";"315";"312";"16";"367";"0"
"2023";"11";"140101";"LAMBAYEQUE";"CHICLAYO";"CHICLAYO";"ESSALUD";"III-1";"00008577";"HOSPITAL NACIONAL ALMANZOR AGUINAGA ASENJO";"250100";"UNIDAD DE CUIDADOS CRITICOS UNIDAD  DE CUIDADOS INTENSIVOS GENERALES (UCI) ";"16";"9";"154";"453";"17";"510";"7"
"2023";"11";"140101";"LAMBAYEQUE";"CHICLAYO";"CHICLAYO";"ESSALUD";"III-1";"00008577";"HOSPITAL NACIONAL ALMANZOR AGUINAGA ASENJO";"250200";"UNIDAD DE CUIDADOS CRITICOS UNIDAD DE CUIDADOS INTERMEDIOS GENERAL  (UCIN) ";"7";"6";"362";"371";"13";"390";"6"
"2023";"11";"040101";"AREQUIPA";"AREQUIPA";"AREQUIPA";"PRIVADO";"II-E";"00011995";"CLINICA ALMONTE SAC";"240800";"HOSPITALIZACIÓN QUIRÚRGICA CIRUGÍA PLÁSTICA/RECONSTRUCTIVA/ REPARADORA ";"8";"8";"8";"8";"3";"62";"0"
"2023";"11";"060703";"CAJAMARCA";"HUALGAYOC";"HUALGAYOC";"ESSALUD";"I-2";"00010270";"POSTA MEDICA DE HUALGAYOC";"NE_0001";"";"NE_0001";"NE_0001";"NE_0001";"NE_0001";"NE_0001";"NE_0001";"NE_0001"
"2023";"10";"150131";"LIMA";"LIMA";"SAN ISIDRO";"PRIVADO";"II-E";"00017099";"OFTALMOLOGOS CONTRERAS  C.SCRL";"NE_0001";"";"NE_0001";"NE_0001";"NE_0001";"NE_0001";"NE_0001";"NE_0001";"NE_0001"
"2023";"11";"150122";"LIMA";"LIMA";"MIRAFLORES";"PRIVADO";"III-2";"00008956";"CLINICA DEL INCA";"240000";"HOSPITALIZACIÓN";"4";"7";"28";"26";"14";"420";"0"
"2023";"11";"150122";"LIMA";"LIMA";"MIRAFLORES";"PRIVADO";"III-2";"00008956";"CLINICA DEL INCA";"250100";"UNIDAD DE CUIDADOS CRITICOS UNIDAD  DE CUIDADOS INTENSIVOS GENERALES (UCI) ";"4";"1";"3";"7";"5";"150";"0"
"2023";"11";"081209";"CUSCO";"QUISPICANCHI";"MARCAPATA";"GOBIERNO REGIONAL";"I-2";"00002535";"MARCAPATA";"NE_0002";"";"NE_0002";"NE_0002";"NE_0002";"NE_0002";"NE_0002";"NE_0002";"NE_0002"
"2023";"11";"220101";"SAN MARTIN";"MOYOBAMBA";"MOYOBAMBA";"GOBIERNO REGIONAL";"I-1";"00006323";"MORROYACU";"NE_0001";"";"NE_0001";"NE_0001";"NE_0001";"NE_0001";"NE_0001";"NE_0001";"NE_0001"
"2023";"11";"220101";"SAN MARTIN";"MOYOBAMBA";"MOYOBAMBA";"GOBIERNO REGIONAL";"I-3";"00006322";"PUEBLO LIBRE";"241400";"HOSPITALIZACIÓN QUIRÚRGICA GINECO - OBSTETRICIA ";"2";"2";"2";"2";"2";"3";"0"
"2023";"11";"220101";"SAN MARTIN";"MOYOBAMBA";"MOYOBAMBA";"GOBIERNO REGIONAL";"I-3";"00006322";"PUEBLO LIBRE";"241600";"HOSPITALIZACIÓN QUIRÚRGICA OBSTETRICIA   ";"4";"4";"4";"4";"4";"5";"0"
"2023";"11";"220101";"SAN MARTIN";"MOYOBAMBA";"MOYOBAMBA";"GOBIERNO REGIONAL";"I-1";"00006325";"NUEVA HUANCABAMBA";"NE_0001";"";"NE_0001";"NE_0001";"NE_0001";"NE_0001";"NE_0001";"NE_0001";"NE_0001"
"2023";"11";"220801";"SAN MARTIN";"RIOJA";"RIOJA";"PRIVADO";"II-E";"00028254";"CLINICA SINAI";"NE_0002";"";"NE_0002";"NE_0002";"NE_0002";"NE_0002";"NE_0002";"NE_0002";"NE_0002"
"2023";"11";"150142";"LIMA";"LIMA";"VILLA EL SALVADOR";"MINSA";"II-2";"00023159";"HOSPITAL DE EMERGENCIAS VILLA EL SALVADOR";"241800";"HOSPITALIZACIÓN DE MEDICINA MEDICINA GENERAL ";"174";"141";"1883";"1493";"52";"1560";"12"
"2023";"11";"150142";"LIMA";"LIMA";"VILLA EL SALVADOR";"MINSA";"II-2";"00023159";"HOSPITAL DE EMERGENCIAS VILLA EL SALVADOR";"241700";"HOSPITALIZACIÓN QUIRÚRGICA GINECOLOGÍA   GINECOLOGIA ONCOLOGiCA";"25";"12";"54";"56";"3";"90";"0"
"2023";"11";"150142";"LIMA";"LIMA";"VILLA EL SALVADOR";"MINSA";"II-2";"00023159";"HOSPITAL DE EMERGENCIAS VILLA EL SALVADOR";"241600";"HOSPITALIZACIÓN QUIRÚRGICA OBSTETRICIA   ";"515";"425";"941";"900";"42";"1260";"0"
"2023";"11";"150142";"LIMA";"LIMA";"VILLA EL SALVADOR";"MINSA";"II-2";"00023159";"HOSPITAL DE EMERGENCIAS VILLA EL SALVADOR";"242500";"HOSPITALIZACIÓN-PEDIATRÍA GENERAL-";"225";"201";"798";"753";"32";"960";"0"
"2023";"11";"150142";"LIMA";"LIMA";"VILLA EL SALVADOR";"MINSA";"II-2";"00023159";"HOSPITAL DE EMERGENCIAS VILLA EL SALVADOR";"240100";"HOSPITALIZACIÓN QUIRÚRGICA CIRUGÍA GENERAL ";"279";"223";"1753";"1520";"53";"1590";"0"
"2023";"11";"150142";"LIMA";"LIMA";"VILLA EL SALVADOR";"MINSA";"II-2";"00023159";"HOSPITAL DE EMERGENCIAS VILLA EL SALVADOR";"241500";"HOSPITALIZACIÓN QUIRÚRGICA GINECOLOGÍA  ";"136";"99";"240";"212";"9";"270";"0"
"2023";"11";"150142";"LIMA";"LIMA";"VILLA EL SALVADOR";"MINSA";"II-2";"00023159";"HOSPITAL DE EMERGENCIAS VILLA EL SALVADOR";"241000";"HOSPITALIZACIÓN QUIRÚRGICA ONCOLOGÍA QUIRÚRGICA  ";"17";"9";"72";"88";"3";"90";"0"
"2023";"11";"150142";"LIMA";"LIMA";"VILLA EL SALVADOR";"MINSA";"II-2";"00023159";"HOSPITAL DE EMERGENCIAS VILLA EL SALVADOR";"250100";"UNIDAD DE CUIDADOS CRITICOS UNIDAD  DE CUIDADOS INTENSIVOS GENERALES (UCI) ";"84";"9";"513";"519";"18";"540";"8"
"2023";"11";"150142";"LIMA";"LIMA";"VILLA EL SALVADOR";"MINSA";"II-2";"00023159";"HOSPITAL DE EMERGENCIAS VILLA EL SALVADOR";"250200";"UNIDAD DE CUIDADOS CRITICOS UNIDAD DE CUIDADOS INTERMEDIOS GENERAL  (UCIN) ";"67";"1";"206";"213";"8";"240";"0"
"2023";"11";"150142";"LIMA";"LIMA";"VILLA EL SALVADOR";"MINSA";"II-2";"00023159";"HOSPITAL DE EMERGENCIAS VILLA EL SALVADOR";"250108";"UNIDAD DE CUIDADOS CRITICOS UNIDAD  DE CUIDADOS INTENSIVOS  (UCI) PEDIÁTRICA";"13";"1";"74";"103";"6";"180";"1"
"2023";"11";"150142";"LIMA";"LIMA";"VILLA EL SALVADOR";"MINSA";"II-2";"00023159";"HOSPITAL DE EMERGENCIAS VILLA EL SALVADOR";"250202";"UNIDAD DE CUIDADOS CRITICOS UNIDAD DE CUIDADOS INTERMEDIOS  (UCIN) PEDIÁTRICOS";"20";"4";"96";"113";"5";"150";"0"
"2023";"11";"150142";"LIMA";"LIMA";"VILLA EL SALVADOR";"MINSA";"II-2";"00023159";"HOSPITAL DE EMERGENCIAS VILLA EL SALVADOR";"250105";"UNIDAD DE CUIDADOS CRITICOS UNIDAD  DE CUIDADOS INTENSIVOS  (UCI) NEONATOLOGÍA";"19";"1";"132";"187";"8";"240";"1"
"2023";"11";"150142";"LIMA";"LIMA";"VILLA EL SALVADOR";"MINSA";"II-2";"00023159";"HOSPITAL DE EMERGENCIAS VILLA EL SALVADOR";"250201";"UNIDAD DE CUIDADOS CRITICOS UNIDAD DE CUIDADOS INTERMEDIOS  (UCIN) NEONATAL";"83";"58";"309";"346";"16";"480";"0"
"2023";"11";"180106";"MOQUEGUA";"MARISCAL NIETO";"TORATA";"PRIVADO";"II-1";"00017393";"HOSPITAL CUAJONE DE LA SOUTHERN PERU";"240100";"HOSPITALIZACIÓN QUIRÚRGICA CIRUGÍA GENERAL ";"12";"11";"30";"41";"14";"420";"0"
"2023";"11";"180106";"MOQUEGUA";"MARISCAL NIETO";"TORATA";"PRIVADO";"II-1";"00017393";"HOSPITAL CUAJONE DE LA SOUTHERN PERU";"241800";"HOSPITALIZACIÓN DE MEDICINA MEDICINA GENERAL ";"43";"42";"101";"142";"16";"480";"0"
"2023";"11";"150108";"LIMA";"LIMA";"CHORRILLOS";"PRIVADO";"II-E";"00019839";"CLINICA SANTA LEONOR";"240000";"HOSPITALIZACIÓN";"32";"32";"55";"54";"5";"150";"0"
"2023";"11";"130903";"LA LIBERTAD";"SANCHEZ CARRION";"COCHORCO";"GOBIERNO REGIONAL";"I-2";"00013810";"ARAGOSTAY";"NE_0001";"";"NE_0001";"NE_0001";"NE_0001";"NE_0001";"NE_0001";"NE_0001";"NE_0001"
"2023";"11";"130903";"LA LIBERTAD";"SANCHEZ CARRION";"COCHORCO";"GOBIERNO REGIONAL";"I-2";"00005356";"ARICAPAMPA";"NE_0001";"";"NE_0001";"NE_0001";"NE_0001";"NE_0001";"NE_0001";"NE_0001";"NE_0001"
"2023";"11";"130903";"LA LIBERTAD";"SANCHEZ CARRION";"COCHORCO";"GOBIERNO REGIONAL";"I-1";"00013808";"MOLINO VIEJO";"NE_0001";"";"NE_0001";"NE_0001";"NE_0001";"NE_0001";"NE_0001";"NE_0001";"NE_0001"
"2023";"11";"130903";"LA LIBERTAD";"SANCHEZ CARRION";"COCHORCO";"GOBIERNO REGIONAL";"I-2";"00013802";"SUCCHAMARCA";"NE_0001";"";"NE_0001";"NE_0001";"NE_0001";"NE_0001";"NE_0001";"NE_0001";"NE_0001"
"2023";"11";"130903";"LA LIBERTAD";"SANCHEZ CARRION";"COCHORCO";"GOBIERNO REGIONAL";"I-2";"00013800";"SUCCHACENTRO";"NE_0001";"";"NE_0001";"NE_0001";"NE_0001";"NE_0001";"NE_0001";"NE_0001";"NE_0001"
"2023";"11";"080101";"CUSCO";"CUSCO";"CUSCO";"PRIVADO";"II-E";"00010014";"DR. VICTOR PAREDES";"240000";"HOSPITALIZACIÓN";"74";"67";"143";"134";"19";"570";"1"
"2023";"11";"080106";"CUSCO";"CUSCO";"SANTIAGO";"PRIVADO";"II-E";"00023570";"MIR SALUD";"240000";"HOSPITALIZACIÓN";"40";"39";"72";"137";"8";"240";"0"
"2023";"11";"060614";"CAJAMARCA";"CUTERVO";"SOCOTA";"GOBIERNO REGIONAL";"I-1";"00011262";"PUQUIO DE SOCOTA";"NE_0001";"";"NE_0001";"NE_0001";"NE_0001";"NE_0001";"NE_0001";"NE_0001";"NE_0001"
"2023";"11";"060614";"CAJAMARCA";"CUTERVO";"SOCOTA";"GOBIERNO REGIONAL";"I-1";"00005032";"PAMPA LA RIOJA";"NE_0001";"";"NE_0001";"NE_0001";"NE_0001";"NE_0001";"NE_0001";"NE_0001";"NE_0001"
"2023";"11";"060614";"CAJAMARCA";"CUTERVO";"SOCOTA";"GOBIERNO REGIONAL";"I-1";"00005037";"CHISIGLE";"NE_0001";"";"NE_0001";"NE_0001";"NE_0001";"NE_0001";"NE_0001";"NE_0001";"NE_0001"
"2023";"11";"060614";"CAJAMARCA";"CUTERVO";"SOCOTA";"GOBIERNO REGIONAL";"I-1";"00007749";"CHURUMAYO";"NE_0001";"";"NE_0001";"NE_0001";"NE_0001";"NE_0001";"NE_0001";"NE_0001";"NE_0001"
"2023";"11";"060614";"CAJAMARCA";"CUTERVO";"SOCOTA";"GOBIERNO REGIONAL";"I-1";"00011063";"LIBERTAD LA PALMA";"NE_0001";"";"NE_0001";"NE_0001";"NE_0001";"NE_0001";"NE_0001";"NE_0001";"NE_0001"
"2023";"11";"060610";"CAJAMARCA";"CUTERVO";"SAN LUIS DE LUCMA";"GOBIERNO REGIONAL";"I-1";"00005039";"SANTO DOMINGO DE LA LUCMA";"NE_0001";"";"NE_0001";"NE_0001";"NE_0001";"NE_0001";"NE_0001";"NE_0001";"NE_0001"
"2023";"11";"060614";"CAJAMARCA";"CUTERVO";"SOCOTA";"GOBIERNO REGIONAL";"I-1";"00005041";"MOCHADIN";"NE_0001";"";"NE_0001";"NE_0001";"NE_0001";"NE_0001";"NE_0001";"NE_0001";"NE_0001"
"2023";"11";"060614";"CAJAMARCA";"CUTERVO";"SOCOTA";"GOBIERNO REGIONAL";"I-1";"00006866";"CUÑANQUE";"NE_0001";"";"NE_0001";"NE_0001";"NE_0001";"NE_0001";"NE_0001";"NE_0001";"NE_0001"
"2023";"11";"060614";"CAJAMARCA";"CUTERVO";"SOCOTA";"GOBIERNO REGIONAL";"I-1";"00006948";"SANTA ELENA";"NE_0001";"";"NE_0001";"NE_0001";"NE_0001";"NE_0001";"NE_0001";"NE_0001";"NE_0001"
"2023";"11";"060610";"CAJAMARCA";"CUTERVO";"SAN LUIS DE LUCMA";"GOBIERNO REGIONAL";"I-1";"00007048";"SEXESHITA";"NE_0001";"";"NE_0001";"NE_0001";"NE_0001";"NE_0001";"NE_0001";"NE_0001";"NE_0001"
"2023";"11";"160601";"LORETO";"UCAYALI";"CONTAMANA";"ESSALUD";"I-3";"00010843";"POSTA MEDICA ESSALUD CONTAMANA";"NE_0001";"";"NE_0001";"NE_0001";"NE_0001";"NE_0001";"NE_0001";"NE_0001";"NE_0001"
"2023";"11";"070103";"CALLAO";"CALLAO";"CARMEN DE LA LEGUA-REYNOSO";"GOBIERNO REGIONAL";"II-2";"00006219";"HOSPITAL SAN JOSE";"241800";"HOSPITALIZACIÓN DE MEDICINA MEDICINA GENERAL ";"32";"36";"243";"206";"9";"270";"1"
"2023";"11";"070103";"CALLAO";"CALLAO";"CARMEN DE LA LEGUA-REYNOSO";"GOBIERNO REGIONAL";"II-2";"00006219";"HOSPITAL SAN JOSE";"241600";"HOSPITALIZACIÓN QUIRÚRGICA OBSTETRICIA   ";"114";"114";"328";"320";"12";"360";"0"
"2023";"11";"070103";"CALLAO";"CALLAO";"CARMEN DE LA LEGUA-REYNOSO";"GOBIERNO REGIONAL";"II-2";"00006219";"HOSPITAL SAN JOSE";"240100";"HOSPITALIZACIÓN QUIRÚRGICA CIRUGÍA GENERAL ";"84";"77";"250";"239";"8";"240";"0"
"2023";"11";"070103";"CALLAO";"CALLAO";"CARMEN DE LA LEGUA-REYNOSO";"GOBIERNO REGIONAL";"II-2";"00006219";"HOSPITAL SAN JOSE";"242500";"HOSPITALIZACIÓN-PEDIATRÍA GENERAL-";"15";"18";"91";"85";"3";"90";"0"
"2023";"11";"070103";"CALLAO";"CALLAO";"CARMEN DE LA LEGUA-REYNOSO";"GOBIERNO REGIONAL";"II-2";"00006219";"HOSPITAL SAN JOSE";"243200";"HOSPITALIZACIÓN DE PEDIATRÍA PEDIATRIA NEONATOLOGÍA";"21";"16";"80";"65";"6";"180";"0"
"2023";"09";"110201";"ICA";"CHINCHA";"CHINCHA ALTA";"PRIVADO";"II-1";"00032741";"CLINICA NUEVA SALUD";"241800";"HOSPITALIZACIÓN DE MEDICINA MEDICINA GENERAL ";"4";"2";"22";"60";"6";"180";"0"
"2023";"09";"110201";"ICA";"CHINCHA";"CHINCHA ALTA";"PRIVADO";"II-1";"00032741";"CLINICA NUEVA SALUD";"242300";"HOSPITALIZACIÓN DE PEDIATRÍA  PEDIATRÍA  GENERAL ";"1";"1";"3";"150";"6";"180";"0"
"2023";"09";"110201";"ICA";"CHINCHA";"CHINCHA ALTA";"PRIVADO";"II-1";"00032741";"CLINICA NUEVA SALUD";"244000";"HOSPITALIZACIÓN DE MEDICINA CARDIOLOGIA ";"1";"1";"7";"150";"6";"180";"0"
"2023";"09";"110201";"ICA";"CHINCHA";"CHINCHA ALTA";"PRIVADO";"II-1";"00032741";"CLINICA NUEVA SALUD";"245400";"HOSPITALIZACIÓN DE MEDICINA GINECOLOGIA ";"1";"0";"1";"150";"6";"180";"0"
"2023";"09";"110201";"ICA";"CHINCHA";"CHINCHA ALTA";"PRIVADO";"II-1";"00032741";"CLINICA NUEVA SALUD";"240100";"HOSPITALIZACIÓN QUIRÚRGICA CIRUGÍA GENERAL ";"1";"1";"4";"150";"6";"180";"0"
"2023";"09";"110201";"ICA";"CHINCHA";"CHINCHA ALTA";"PRIVADO";"II-1";"00032741";"CLINICA NUEVA SALUD";"240400";"HOSPITALIZACIÓN QUIRÚRGICA CIRUGÍA DE TÓRAX Y CARDIOVASCULAR ";"1";"1";"1";"150";"6";"180";"0"
"2023";"09";"110201";"ICA";"CHINCHA";"CHINCHA ALTA";"PRIVADO";"II-1";"00032741";"CLINICA NUEVA SALUD";"240800";"HOSPITALIZACIÓN QUIRÚRGICA CIRUGÍA PLÁSTICA/RECONSTRUCTIVA/ REPARADORA ";"1";"1";"1";"150";"6";"180";"0"
"2023";"09";"110201";"ICA";"CHINCHA";"CHINCHA ALTA";"PRIVADO";"II-1";"00032741";"CLINICA NUEVA SALUD";"241300";"HOSPITALIZACIÓN QUIRÚRGICA UROLOGÍA  ";"1";"1";"3";"150";"6";"180";"0"
"2023";"10";"120114";"JUNIN";"HUANCAYO";"EL TAMBO";"GOBIERNO REGIONAL";"I-2";"00000713";"BATANYACU";"NE_0002";"";"NE_0002";"NE_0002";"NE_0002";"NE_0002";"NE_0002";"NE_0002";"NE_0002"
"2023";"10";"120117";"JUNIN";"HUANCAYO";"HUALHUAS";"GOBIERNO REGIONAL";"I-2";"00000718";"HUALHUAS";"NE_0002";"";"NE_0002";"NE_0002";"NE_0002";"NE_0002";"NE_0002";"NE_0002";"NE_0002"
"2023";"10";"120114";"JUNIN";"HUANCAYO";"EL TAMBO";"GOBIERNO REGIONAL";"I-2";"00000715";"RAMIRO PRIALE";"NE_0002";"";"NE_0002";"NE_0002";"NE_0002";"NE_0002";"NE_0002";"NE_0002";"NE_0002"
"2023";"10";"120114";"JUNIN";"HUANCAYO";"EL TAMBO";"GOBIERNO REGIONAL";"I-1";"00000717";"LA VICTORIA";"NE_0002";"";"NE_0002";"NE_0002";"NE_0002";"NE_0002";"NE_0002";"NE_0002";"NE_0002"
"2023";"10";"120130";"JUNIN";"HUANCAYO";"SAN JERONIMO DE TUNAN";"GOBIERNO REGIONAL";"I-3";"00000724";"SAN JERONIMO";"NE_0002";"";"NE_0002";"NE_0002";"NE_0002";"NE_0002";"NE_0002";"NE_0002";"NE_0002"
"2023";"10";"120114";"JUNIN";"HUANCAYO";"EL TAMBO";"GOBIERNO REGIONAL";"I-1";"00000711";"SAÑOS CHICO";"NE_0002";"";"NE_0002";"NE_0002";"NE_0002";"NE_0002";"NE_0002";"NE_0002";"NE_0002"
"2023";"10";"120128";"JUNIN";"HUANCAYO";"QUILCAS";"GOBIERNO REGIONAL";"I-2";"00000720";"QUILCAS";"NE_0002";"";"NE_0002";"NE_0002";"NE_0002";"NE_0002";"NE_0002";"NE_0002";"NE_0002"
"2023";"10";"120114";"JUNIN";"HUANCAYO";"EL TAMBO";"GOBIERNO REGIONAL";"I-1";"00000706";"SAÑOS GRANDE";"NE_0002";"";"NE_0002";"NE_0002";"NE_0002";"NE_0002";"NE_0002";"NE_0002";"NE_0002"
"2023";"10";"120114";"JUNIN";"HUANCAYO";"EL TAMBO";"GOBIERNO REGIONAL";"I-1";"00000708";"PACCHA";"NE_0002";"";"NE_0002";"NE_0002";"NE_0002";"NE_0002";"NE_0002";"NE_0002";"NE_0002"
"2023";"10";"120114";"JUNIN";"HUANCAYO";"EL TAMBO";"GOBIERNO REGIONAL";"I-1";"00000716";"HUALAHOYO";"NE_0002";"";"NE_0002";"NE_0002";"NE_0002";"NE_0002";"NE_0002";"NE_0002";"NE_0002"
"2023";"10";"120125";"JUNIN";"HUANCAYO";"PILCOMAYO";"GOBIERNO REGIONAL";"I-3";"00000719";"PILCOMAYO";"NE_0002";"";"NE_0002";"NE_0002";"NE_0002";"NE_0002";"NE_0002";"NE_0002";"NE_0002"
"2023";"10";"120134";"JUNIN";"HUANCAYO";"SICAYA";"GOBIERNO REGIONAL";"I-3";"00000726";"SICAYA";"NE_0002";"";"NE_0002";"NE_0002";"NE_0002";"NE_0002";"NE_0002";"NE_0002";"NE_0002"
"2023";"10";"120114";"JUNIN";"HUANCAYO";"EL TAMBO";"GOBIERNO REGIONAL";"I-1";"00000733";"CULLPA";"NE_0002";"";"NE_0002";"NE_0002";"NE_0002";"NE_0002";"NE_0002";"NE_0002";"NE_0002"
"2023";"10";"120114";"JUNIN";"HUANCAYO";"EL TAMBO";"GOBIERNO REGIONAL";"I-1";"00000712";"AZA";"NE_0002";"";"NE_0002";"NE_0002";"NE_0002";"NE_0002";"NE_0002";"NE_0002";"NE_0002"
"2023";"10";"120114";"JUNIN";"HUANCAYO";"EL TAMBO";"GOBIERNO REGIONAL";"I-1";"00000734";"COCHAS GRANDE";"NE_0002";"";"NE_0002";"NE_0002";"NE_0002";"NE_0002";"NE_0002";"NE_0002";"NE_0002"
"2023";"10";"120114";"JUNIN";"HUANCAYO";"EL TAMBO";"GOBIERNO REGIONAL";"I-4";"00000705";"JUSTICIA PAZ Y VIDA";"NE_0002";"";"NE_0002";"NE_0002";"NE_0002";"NE_0002";"NE_0002";"NE_0002";"NE_0002"
"2023";"10";"120114";"JUNIN";"HUANCAYO";"EL TAMBO";"GOBIERNO REGIONAL";"I-3";"00000707";"SAN MARTIN";"NE_0002";"";"NE_0002";"NE_0002";"NE_0002";"NE_0002";"NE_0002";"NE_0002";"NE_0002"
"2023";"10";"120114";"JUNIN";"HUANCAYO";"EL TAMBO";"GOBIERNO REGIONAL";"I-1";"00000709";"UMUTO";"NE_0002";"";"NE_0002";"NE_0002";"NE_0002";"NE_0002";"NE_0002";"NE_0002";"NE_0002"
"2023";"10";"120114";"JUNIN";"HUANCAYO";"EL TAMBO";"GOBIERNO REGIONAL";"I-1";"00000710";"INCHO";"NE_0002";"";"NE_0002";"NE_0002";"NE_0002";"NE_0002";"NE_0002";"NE_0002";"NE_0002"
"2023";"10";"120114";"JUNIN";"HUANCAYO";"EL TAMBO";"GOBIERNO REGIONAL";"I-3";"00000714";"JUAN PARRA DEL RIEGO";"NE_0002";"";"NE_0002";"NE_0002";"NE_0002";"NE_0002";"NE_0002";"NE_0002";"NE_0002"
"2023";"10";"120128";"JUNIN";"HUANCAYO";"QUILCAS";"GOBIERNO REGIONAL";"I-1";"00000721";"COLPAR";"NE_0002";"";"NE_0002";"NE_0002";"NE_0002";"NE_0002";"NE_0002";"NE_0002";"NE_0002"
"2023";"10";"200501";"PIURA";"PAITA";"PAITA";"ESSALUD";"I-4";"00011763";"HOSPITAL I MIGUEL CRUZADO VERA - PAITA";"241800";"HOSPITALIZACIÓN DE MEDICINA MEDICINA GENERAL ";"34";"33";"181";"145";"7";"217";"3"
"2023";"10";"200501";"PIURA";"PAITA";"PAITA";"ESSALUD";"I-4";"00011763";"HOSPITAL I MIGUEL CRUZADO VERA - PAITA";"241400";"HOSPITALIZACIÓN QUIRÚRGICA GINECO - OBSTETRICIA ";"11";"11";"17";"22";"1";"31";"0"
"2023";"10";"200501";"PIURA";"PAITA";"PAITA";"ESSALUD";"I-4";"00011763";"HOSPITAL I MIGUEL CRUZADO VERA - PAITA";"242300";"HOSPITALIZACIÓN DE PEDIATRÍA  PEDIATRÍA  GENERAL ";"14";"15";"39";"23";"1";"31";"0"
"2023";"10";"021801";"ANCASH";"SANTA";"CHIMBOTE";"ESSALUD";"I-3";"00010013";"POLICLÍNICO DE COMPLEJIDAD CRECIENTE ""VICTOR PANTA RODRIGUEZ""";"NE_0001";"";"NE_0001";"NE_0001";"NE_0001";"NE_0001";"NE_0001";"NE_0001";"NE_0001"
"2023";"10";"060801";"CAJAMARCA";"JAEN";"JAEN";"PRIVADO";"II-1";"00015266";"CLINICA Y BOTICA SAN JUAN";"240000";"HOSPITALIZACIÓN";"71";"68";"100";"73";"12";"336";"0"
"2023";"10";"021809";"ANCASH";"SANTA";"NUEVO CHIMBOTE";"ESSALUD";"I-4";"00009054";"HOSPITAL I CONO SUR";"241800";"HOSPITALIZACIÓN DE MEDICINA MEDICINA GENERAL ";"12";"11";"25";"25";"1";"31";"0"
"2023";"10";"021809";"ANCASH";"SANTA";"NUEVO CHIMBOTE";"ESSALUD";"I-4";"00009054";"HOSPITAL I CONO SUR";"241500";"HOSPITALIZACIÓN QUIRÚRGICA GINECOLOGÍA  ";"10";"10";"31";"31";"1";"31";"0"
"2023";"10";"140101";"LAMBAYEQUE";"CHICLAYO";"CHICLAYO";"PRIVADO";"II-E";"00030057";"CLINICAS AUNAS SEDE CHICLAYO";"240000";"HOSPITALIZACIÓN";"248";"219";"765";"975";"41";"1271";"0"
"2023";"10";"140101";"LAMBAYEQUE";"CHICLAYO";"CHICLAYO";"PRIVADO";"II-E";"00030057";"CLINICAS AUNAS SEDE CHICLAYO";"250100";"UNIDAD DE CUIDADOS CRITICOS UNIDAD  DE CUIDADOS INTENSIVOS GENERALES (UCI) ";"6";"3";"57";"44";"6";"186";"1"
"2023";"10";"120606";"JUNIN";"SATIPO";"PANGOA";"GOBIERNO REGIONAL";"I-1";"00021806";"LIBERTAD DE ANAPATI";"NE_0001";"";"NE_0001";"NE_0001";"NE_0001";"NE_0001";"NE_0001";"NE_0001";"NE_0001"
"2023";"10";"120606";"JUNIN";"SATIPO";"PANGOA";"GOBIERNO REGIONAL";"I-1";"00024571";"PUERTO PORVENIR";"NE_0001";"";"NE_0001";"NE_0001";"NE_0001";"NE_0001";"NE_0001";"NE_0001";"NE_0001"
"2023";"10";"120606";"JUNIN";"SATIPO";"PANGOA";"GOBIERNO REGIONAL";"I-1";"00000455";"JERUSALEN DE MIÑARO DE NOMESTSIGUENGA";"NE_0001";"";"NE_0001";"NE_0001";"NE_0001";"NE_0001";"NE_0001";"NE_0001";"NE_0001"
"2023";"10";"120606";"JUNIN";"SATIPO";"PANGOA";"GOBIERNO REGIONAL";"I-1";"00027801";"PUERTO ANAPATI";"NE_0001";"";"NE_0001";"NE_0001";"NE_0001";"NE_0001";"NE_0001";"NE_0001";"NE_0001"
"2023";"10";"150140";"LIMA";"LIMA";"SANTIAGO DE SURCO";"PRIVADO";"II-E";"00011110";"CLINICA CAMPBELL";"240800";"HOSPITALIZACIÓN QUIRÚRGICA CIRUGÍA PLÁSTICA/RECONSTRUCTIVA/ REPARADORA ";"10";"10";"10";"10";"2";"60";"0"
"2023";"10";"220206";"SAN MARTIN";"BELLAVISTA";"SAN RAFAEL";"GOBIERNO REGIONAL";"I-1";"00006518";"CRISTINO GARCIA CARHUAPOMA";"NE_0002";"";"NE_0002";"NE_0002";"NE_0002";"NE_0002";"NE_0002";"NE_0002";"NE_0002"
"2023";"10";"220201";"SAN MARTIN";"BELLAVISTA";"BELLAVISTA";"GOBIERNO REGIONAL";"I-1";"00006503";"BUENOS AIRES";"NE_0002";"";"NE_0002";"NE_0002";"NE_0002";"NE_0002";"NE_0002";"NE_0002";"NE_0002"
"2023";"10";"220201";"SAN MARTIN";"BELLAVISTA";"BELLAVISTA";"GOBIERNO REGIONAL";"I-1";"00006505";"LIMON";"NE_0002";"";"NE_0002";"NE_0002";"NE_0002";"NE_0002";"NE_0002";"NE_0002";"NE_0002"
"2023";"10";"080105";"CUSCO";"CUSCO";"SAN SEBASTIAN";"GOBIERNO REGIONAL";"II-E";"00025210";"TUPAC AMARU";"241800";"HOSPITALIZACIÓN DE MEDICINA MEDICINA GENERAL ";"34";"34";"107";"107";"9";"279";"0"
"2023";"10";"080105";"CUSCO";"CUSCO";"SAN SEBASTIAN";"GOBIERNO REGIONAL";"II-E";"00025210";"TUPAC AMARU";"245400";"HOSPITALIZACIÓN DE MEDICINA GINECOLOGIA ";"62";"62";"133";"117";"12";"372";"0"
"2023";"10";"080105";"CUSCO";"CUSCO";"SAN SEBASTIAN";"GOBIERNO REGIONAL";"II-E";"00025210";"TUPAC AMARU";"243200";"HOSPITALIZACIÓN DE PEDIATRÍA PEDIATRIA NEONATOLOGÍA";"23";"23";"67";"67";"8";"248";"0"
"2023";"10";"160108";"LORETO";"MAYNAS";"PUNCHANA";"ESSALUD";"I-3";"00011397";"CENTRO DE ATENCION PRIMARIA III PUNCHANA";"NE_0001";"";"NE_0001";"NE_0001";"NE_0001";"NE_0001";"NE_0001";"NE_0001";"NE_0001"
"2023";"10";"220909";"SAN MARTIN";"SAN MARTIN";"LA BANDA DE SHILCAYO";"PRIVADO";"II-E";"00015835";"CLINICA OFTALMOLOGICA DE LA SELVA";"NE_0001";"";"NE_0001";"NE_0001";"NE_0001";"NE_0001";"NE_0001";"NE_0001";"NE_0001"
"2023";"10";"040101";"AREQUIPA";"AREQUIPA";"AREQUIPA";"PRIVADO";"II-1";"00016744";"CLÍNICAS AUNA SEDE VALLESUR";"240000";"HOSPITALIZACIÓN";"289";"418";"1207";"1096";"42";"1302";"0"
"2023";"10";"040101";"AREQUIPA";"AREQUIPA";"AREQUIPA";"PRIVADO";"II-1";"00016744";"CLÍNICAS AUNA SEDE VALLESUR";"250100";"UNIDAD DE CUIDADOS CRITICOS UNIDAD  DE CUIDADOS INTENSIVOS GENERALES (UCI) ";"12";"2";"47";"113";"6";"186";"1"
"2023";"10";"040101";"AREQUIPA";"AREQUIPA";"AREQUIPA";"PRIVADO";"II-1";"00016744";"CLÍNICAS AUNA SEDE VALLESUR";"250105";"UNIDAD DE CUIDADOS CRITICOS UNIDAD  DE CUIDADOS INTENSIVOS  (UCI) NEONATOLOGÍA";"1";"0";"0";"15";"3";"93";"0"
"2023";"10";"080601";"CUSCO";"CANCHIS";"SICUANI";"GOBIERNO REGIONAL";"II-1";"00002378";"SICUANI";"240100";"HOSPITALIZACIÓN QUIRÚRGICA CIRUGÍA GENERAL ";"73";"76";"292";"300";"19";"589";"0"
"2023";"10";"080601";"CUSCO";"CANCHIS";"SICUANI";"GOBIERNO REGIONAL";"II-1";"00002378";"SICUANI";"241500";"HOSPITALIZACIÓN QUIRÚRGICA GINECOLOGÍA  ";"28";"29";"81";"87";"7";"217";"0"
"2023";"10";"080601";"CUSCO";"CANCHIS";"SICUANI";"GOBIERNO REGIONAL";"II-1";"00002378";"SICUANI";"241600";"HOSPITALIZACIÓN QUIRÚRGICA OBSTETRICIA   ";"84";"91";"231";"221";"17";"527";"0"
"2023";"10";"080601";"CUSCO";"CANCHIS";"SICUANI";"GOBIERNO REGIONAL";"II-1";"00002378";"SICUANI";"241800";"HOSPITALIZACIÓN DE MEDICINA MEDICINA GENERAL ";"41";"45";"212";"231";"17";"527";"8"
"2023";"10";"080601";"CUSCO";"CANCHIS";"SICUANI";"GOBIERNO REGIONAL";"II-1";"00002378";"SICUANI";"242500";"HOSPITALIZACIÓN-PEDIATRÍA GENERAL-";"14";"19";"82";"90";"16";"496";"0"
"2023";"10";"080601";"CUSCO";"CANCHIS";"SICUANI";"GOBIERNO REGIONAL";"II-1";"00002378";"SICUANI";"243200";"HOSPITALIZACIÓN DE PEDIATRÍA PEDIATRIA NEONATOLOGÍA";"15";"17";"75";"72";"7";"217";"0"
"2023";"10";"130101";"LA LIBERTAD";"TRUJILLO";"TRUJILLO";"PRIVADO";"II-E";"00021475";"DE LA BELLEZA";"NE_0001";"";"NE_0001";"NE_0001";"NE_0001";"NE_0001";"NE_0001";"NE_0001";"NE_0001"
"2023";"10";"110101";"ICA";"ICA";"ICA";"GOBIERNO REGIONAL";"I-2";"00003385";"SAN MARTIN DE PORRAS";"NE_0001";"";"NE_0001";"NE_0001";"NE_0001";"NE_0001";"NE_0001";"NE_0001";"NE_0001"
"2023";"10";"110110";"ICA";"ICA";"SAN JUAN BAUTISTA";"MINSA";"I-2";"00003387";"CAMINO DE REYES";"NE_0001";"";"NE_0001";"NE_0001";"NE_0001";"NE_0001";"NE_0001";"NE_0001";"NE_0001"
"2023";"10";"110110";"ICA";"ICA";"SAN JUAN BAUTISTA";"GOBIERNO REGIONAL";"I-3";"00003364";"SAN JUAN BAUTISTA";"NE_0001";"";"NE_0001";"NE_0001";"NE_0001";"NE_0001";"NE_0001";"NE_0001";"NE_0001"
"2023";"10";"110112";"ICA";"ICA";"SUBTANJALLA";"MINSA";"I-3";"00003381";"FONAVI IV";"NE_0001";"";"NE_0001";"NE_0001";"NE_0001";"NE_0001";"NE_0001";"NE_0001";"NE_0001"
"2023";"10";"110110";"ICA";"ICA";"SAN JUAN BAUTISTA";"GOBIERNO REGIONAL";"I-3";"00003386";"EL CARMEN-OLIVO";"NE_0001";"";"NE_0001";"NE_0001";"NE_0001";"NE_0001";"NE_0001";"NE_0001";"NE_0001"
"2023";"11";"021801";"ANCASH";"SANTA";"CHIMBOTE";"GOBIERNO REGIONAL";"II-2";"00001652";"HOSPITAL LA CALETA";"241800";"HOSPITALIZACIÓN DE MEDICINA MEDICINA GENERAL ";"35";"41";"183";"239";"9";"270";"9"
"2023";"11";"021801";"ANCASH";"SANTA";"CHIMBOTE";"GOBIERNO REGIONAL";"II-2";"00001652";"HOSPITAL LA CALETA";"244000";"HOSPITALIZACIÓN DE MEDICINA CARDIOLOGIA ";"3";"2";"10";"19";"1";"30";"0"
"2023";"11";"021801";"ANCASH";"SANTA";"CHIMBOTE";"GOBIERNO REGIONAL";"II-2";"00001652";"HOSPITAL LA CALETA";"244700";"HOSPITALIZACIÓN DE MEDICINA NEUROLOGIA  ";"6";"6";"57";"56";"2";"60";"0"
"2023";"11";"021801";"ANCASH";"SANTA";"CHIMBOTE";"GOBIERNO REGIONAL";"II-2";"00001652";"HOSPITAL LA CALETA";"244300";"HOSPITALIZACIÓN DE MEDICINA GASTROENTEROLOGÍA  ";"8";"9";"76";"87";"3";"90";"0"
"2023";"11";"021801";"ANCASH";"SANTA";"CHIMBOTE";"GOBIERNO REGIONAL";"II-2";"00001652";"HOSPITAL LA CALETA";"245300";"HOSPITALIZACIÓN DE MEDICINA NEUMOLOGÍA  ";"11";"10";"125";"143";"5";"150";"0"
"2023";"11";"021801";"ANCASH";"SANTA";"CHIMBOTE";"GOBIERNO REGIONAL";"II-2";"00001652";"HOSPITAL LA CALETA";"242200";"HOSPITALIZACIÓN DE MEDICINA PSIQUIATRÍA ";"4";"5";"188";"158";"6";"180";"0"
"2023";"11";"021801";"ANCASH";"SANTA";"CHIMBOTE";"GOBIERNO REGIONAL";"II-2";"00001652";"HOSPITAL LA CALETA";"244600";"HOSPITALIZACIÓN DE MEDICINA NEFROLOGIA ";"6";"8";"65";"54";"2";"60";"0"
"2023";"11";"021801";"ANCASH";"SANTA";"CHIMBOTE";"GOBIERNO REGIONAL";"II-2";"00001652";"HOSPITAL LA CALETA";"240100";"HOSPITALIZACIÓN QUIRÚRGICA CIRUGÍA GENERAL ";"65";"68";"186";"162";"7";"210";"0"
"2023";"11";"021801";"ANCASH";"SANTA";"CHIMBOTE";"GOBIERNO REGIONAL";"II-2";"00001652";"HOSPITAL LA CALETA";"241200";"HOSPITALIZACIÓN QUIRÚRGICA TRAUMATOLOGÍA Y ORTOPEDIA ";"14";"19";"127";"107";"4";"120";"0"
"2023";"11";"021801";"ANCASH";"SANTA";"CHIMBOTE";"GOBIERNO REGIONAL";"II-2";"00001652";"HOSPITAL LA CALETA";"241300";"HOSPITALIZACIÓN QUIRÚRGICA UROLOGÍA  ";"10";"13";"83";"50";"3";"90";"0"
"2023";"11";"021801";"ANCASH";"SANTA";"CHIMBOTE";"GOBIERNO REGIONAL";"II-2";"00001652";"HOSPITAL LA CALETA";"240800";"HOSPITALIZACIÓN QUIRÚRGICA CIRUGÍA PLÁSTICA/RECONSTRUCTIVA/ REPARADORA ";"1";"1";"13";"13";"1";"30";"0"
"2023";"11";"021801";"ANCASH";"SANTA";"CHIMBOTE";"GOBIERNO REGIONAL";"II-2";"00001652";"HOSPITAL LA CALETA";"242500";"HOSPITALIZACIÓN-PEDIATRÍA GENERAL-";"97";"107";"404";"375";"22";"660";"0"
"2023";"09";"030201";"APURIMAC";"ANDAHUAYLAS";"ANDAHUAYLAS";"PRIVADO";"I-3";"00021664";"ADMEDICAL CENTRO MEDICO";"NE_0001";"";"NE_0001";"NE_0001";"NE_0001";"NE_0001";"NE_0001";"NE_0001";"NE_0001"
"2023";"09";"150113";"LIMA";"LIMA";"JESUS MARIA";"PRIVADO";"II-1";"00010776";"TRAUMATOLOGIA Y ORTOPEDIA AYBAR & AS SAC";"240000";"HOSPITALIZACIÓN";"1";"1";"1";"1";"6";"180";"0"
"2023";"09";"150113";"LIMA";"LIMA";"JESUS MARIA";"ESSALUD";"III-E";"00018011";"INSTITUTO NACIONAL CARDIOVASCULAR CARLOS ALBERTO PESCHIERA CARRILLO – INCOR –ESSALUD";"244000";"HOSPITALIZACIÓN DE MEDICINA CARDIOLOGIA ";"78";"65";"559";"763";"28";"840";"2"
"2023";"09";"150113";"LIMA";"LIMA";"JESUS MARIA";"ESSALUD";"III-E";"00018011";"INSTITUTO NACIONAL CARDIOVASCULAR CARLOS ALBERTO PESCHIERA CARRILLO – INCOR –ESSALUD";"244000";"HOSPITALIZACIÓN DE MEDICINA CARDIOLOGIA ";"140";"142";"165";"106";"8";"176";"0"
"2023";"09";"150113";"LIMA";"LIMA";"JESUS MARIA";"ESSALUD";"III-E";"00018011";"INSTITUTO NACIONAL CARDIOVASCULAR CARLOS ALBERTO PESCHIERA CARRILLO – INCOR –ESSALUD";"242600";"HOSPITALIZACIÓN DE PEDIATRÍA PEDIATRIA CARDIOLOGÍA PEDIÁTRICA";"104";"101";"806";"716";"36";"1080";"5"
"2023";"09";"150113";"LIMA";"LIMA";"JESUS MARIA";"ESSALUD";"III-E";"00018011";"INSTITUTO NACIONAL CARDIOVASCULAR CARLOS ALBERTO PESCHIERA CARRILLO – INCOR –ESSALUD";"240400";"HOSPITALIZACIÓN QUIRÚRGICA CIRUGÍA DE TÓRAX Y CARDIOVASCULAR ";"32";"43";"918";"881";"38";"1142";"2"
"2023";"09";"120101";"JUNIN";"HUANCAYO";"HUANCAYO";"GOBIERNO REGIONAL";"I-2";"00000732";"SAN FRANCISCO";"NE_0001";"";"NE_0001";"NE_0001";"NE_0001";"NE_0001";"NE_0001";"NE_0001";"NE_0001"
"2023";"09";"120101";"JUNIN";"HUANCAYO";"HUANCAYO";"GOBIERNO REGIONAL";"I-4";"00000727";"LA LIBERTAD";"241400";"HOSPITALIZACIÓN QUIRÚRGICA GINECO - OBSTETRICIA ";"38";"39";"54";"2";"6";"14";"0"
"2023";"09";"120124";"JUNIN";"HUANCAYO";"PARIAHUANCA";"GOBIERNO REGIONAL";"I-3";"00000736";"PARIAHUANCA";"NE_0001";"";"NE_0001";"NE_0001";"NE_0001";"NE_0001";"NE_0001";"NE_0001";"NE_0001"
"2023";"09";"120124";"JUNIN";"HUANCAYO";"PARIAHUANCA";"GOBIERNO REGIONAL";"I-1";"00000741";"CEDRUYO";"NE_0001";"";"NE_0001";"NE_0001";"NE_0001";"NE_0001";"NE_0001";"NE_0001";"NE_0001"
"2023";"09";"120124";"JUNIN";"HUANCAYO";"PARIAHUANCA";"GOBIERNO REGIONAL";"I-2";"00000739";"SAN BALVIN";"NE_0001";"";"NE_0001";"NE_0001";"NE_0001";"NE_0001";"NE_0001";"NE_0001";"NE_0001"
"2023";"09";"120124";"JUNIN";"HUANCAYO";"PARIAHUANCA";"GOBIERNO REGIONAL";"I-1";"00000740";"ANTARPA";"NE_0001";"";"NE_0001";"NE_0001";"NE_0001";"NE_0001";"NE_0001";"NE_0001";"NE_0001"
"2023";"09";"120124";"JUNIN";"HUANCAYO";"PARIAHUANCA";"GOBIERNO REGIONAL";"I-1";"00015577";"NUEVO OCCORO";"NE_0001";"";"NE_0001";"NE_0001";"NE_0001";"NE_0001";"NE_0001";"NE_0001";"NE_0001"
"2023";"09";"120101";"JUNIN";"HUANCAYO";"HUANCAYO";"GOBIERNO REGIONAL";"I-2";"00000730";"VILCACOTO";"NE_0001";"";"NE_0001";"NE_0001";"NE_0001";"NE_0001";"NE_0001";"NE_0001";"NE_0001"
"2023";"09";"120101";"JUNIN";"HUANCAYO";"HUANCAYO";"GOBIERNO REGIONAL";"I-2";"00000731";"PALIAN";"NE_0001";"";"NE_0001";"NE_0001";"NE_0001";"NE_0001";"NE_0001";"NE_0001";"NE_0001"
"2023";"09";"120124";"JUNIN";"HUANCAYO";"PARIAHUANCA";"GOBIERNO REGIONAL";"I-1";"00000738";"PANTY";"NE_0001";"";"NE_0001";"NE_0001";"NE_0001";"NE_0001";"NE_0001";"NE_0001";"NE_0001"
"2023";"09";"120101";"JUNIN";"HUANCAYO";"HUANCAYO";"GOBIERNO REGIONAL";"I-3";"00000728";"OCOPILLA";"NE_0001";"";"NE_0001";"NE_0001";"NE_0001";"NE_0001";"NE_0001";"NE_0001";"NE_0001"
"2023";"09";"120124";"JUNIN";"HUANCAYO";"PARIAHUANCA";"GOBIERNO REGIONAL";"I-2";"00000737";"LAMPA";"NE_0001";"";"NE_0001";"NE_0001";"NE_0001";"NE_0001";"NE_0001";"NE_0001";"NE_0001"
"2023";"09";"120124";"JUNIN";"HUANCAYO";"PARIAHUANCA";"GOBIERNO REGIONAL";"I-1";"00012471";"HUAYCHULA";"NE_0001";"";"NE_0001";"NE_0001";"NE_0001";"NE_0001";"NE_0001";"NE_0001";"NE_0001"
"2023";"09";"120101";"JUNIN";"HUANCAYO";"HUANCAYO";"GOBIERNO REGIONAL";"I-2";"00000729";"PUESTO DE SALUD UÑAS";"NE_0001";"";"NE_0001";"NE_0001";"NE_0001";"NE_0001";"NE_0001";"NE_0001";"NE_0001"
"2023";"09";"120124";"JUNIN";"HUANCAYO";"PARIAHUANCA";"GOBIERNO REGIONAL";"I-2";"00000742";"LLACSAPIRCA";"NE_0001";"";"NE_0001";"NE_0001";"NE_0001";"NE_0001";"NE_0001";"NE_0001";"NE_0001"
"2023";"09";"120124";"JUNIN";"HUANCAYO";"PARIAHUANCA";"GOBIERNO REGIONAL";"I-1";"00000743";"ROCCHAC";"NE_0001";"";"NE_0001";"NE_0001";"NE_0001";"NE_0001";"NE_0001";"NE_0001";"NE_0001"
"2023";"09";"120101";"JUNIN";"HUANCAYO";"HUANCAYO";"GOBIERNO REGIONAL";"I-1";"00015905";"ACOPALCA";"NE_0001";"";"NE_0001";"NE_0001";"NE_0001";"NE_0001";"NE_0001";"NE_0001";"NE_0001"
"2023";"10";"220105";"SAN MARTIN";"MOYOBAMBA";"SORITOR";"GOBIERNO REGIONAL";"I-1";"00006333";"ALTO PERU";"NE_0001";"";"NE_0001";"NE_0001";"NE_0001";"NE_0001";"NE_0001";"NE_0001";"NE_0001"
"2023";"10";"220105";"SAN MARTIN";"MOYOBAMBA";"SORITOR";"GOBIERNO REGIONAL";"I-1";"00006335";"JERICOB";"NE_0001";"";"NE_0001";"NE_0001";"NE_0001";"NE_0001";"NE_0001";"NE_0001";"NE_0001"
"2023";"10";"220105";"SAN MARTIN";"MOYOBAMBA";"SORITOR";"GOBIERNO REGIONAL";"I-1";"00006334";"ALTO SAN MARTIN";"NE_0001";"";"NE_0001";"NE_0001";"NE_0001";"NE_0001";"NE_0001";"NE_0001";"NE_0001"
"2023";"10";"220105";"SAN MARTIN";"MOYOBAMBA";"SORITOR";"GOBIERNO REGIONAL";"I-2";"00006336";"SAN MARCOS";"NE_0001";"";"NE_0001";"NE_0001";"NE_0001";"NE_0001";"NE_0001";"NE_0001";"NE_0001"
"2023";"10";"220103";"SAN MARTIN";"MOYOBAMBA";"HABANA";"GOBIERNO REGIONAL";"I-3";"00006327";"CENTRO DE SALUD HABANA";"NE_0001";"";"NE_0001";"NE_0001";"NE_0001";"NE_0001";"NE_0001";"NE_0001";"NE_0001"
"2023";"10";"220105";"SAN MARTIN";"MOYOBAMBA";"SORITOR";"GOBIERNO REGIONAL";"I-4";"00006332";"SORITOR";"241600";"HOSPITALIZACIÓN QUIRÚRGICA OBSTETRICIA   ";"17";"18";"18";"17";"6";"180";"0"
"2023";"10";"220105";"SAN MARTIN";"MOYOBAMBA";"SORITOR";"GOBIERNO REGIONAL";"I-4";"00006332";"SORITOR";"241800";"HOSPITALIZACIÓN DE MEDICINA MEDICINA GENERAL ";"22";"23";"55";"22";"6";"180";"0"
"2023";"10";"220909";"SAN MARTIN";"SAN MARTIN";"LA BANDA DE SHILCAYO";"GOBIERNO REGIONAL";"I-1";"00006365";"PUESTO DE SALUD BELLO HORIZONTE";"NE_0001";"";"NE_0001";"NE_0001";"NE_0001";"NE_0001";"NE_0001";"NE_0001";"NE_0001"
"2023";"10";"220909";"SAN MARTIN";"SAN MARTIN";"LA BANDA DE SHILCAYO";"GOBIERNO REGIONAL";"I-1";"00006367";"LA UNION (SANIRARCA)";"NE_0001";"";"NE_0001";"NE_0001";"NE_0001";"NE_0001";"NE_0001";"NE_0001";"NE_0001"
"2023";"10";"220909";"SAN MARTIN";"SAN MARTIN";"LA BANDA DE SHILCAYO";"GOBIERNO REGIONAL";"I-1";"00006366";"LAS PALMAS";"NE_0001";"";"NE_0001";"NE_0001";"NE_0001";"NE_0001";"NE_0001";"NE_0001";"NE_0001"
"2023";"10";"220909";"SAN MARTIN";"SAN MARTIN";"LA BANDA DE SHILCAYO";"GOBIERNO REGIONAL";"I-1";"00006368";"PROGRESO KM.30";"NE_0001";"";"NE_0001";"NE_0001";"NE_0001";"NE_0001";"NE_0001";"NE_0001";"NE_0001"
"2023";"10";"220909";"SAN MARTIN";"SAN MARTIN";"LA BANDA DE SHILCAYO";"GOBIERNO REGIONAL";"I-1";"00006369";"SAN JOSE KM.34";"NE_0001";"";"NE_0001";"NE_0001";"NE_0001";"NE_0001";"NE_0001";"NE_0001";"NE_0001"
"2023";"10";"220909";"SAN MARTIN";"SAN MARTIN";"LA BANDA DE SHILCAYO";"GOBIERNO REGIONAL";"I-3";"00026698";"CENTRO DE SALUD MENTAL COMUNITARIO ""LA BANDA DE SHILCAYO""";"NE_0001";"";"NE_0001";"NE_0001";"NE_0001";"NE_0001";"NE_0001";"NE_0001";"NE_0001"
"2023";"10";"120904";"JUNIN";"CHUPACA";"HUACHAC";"GOBIERNO REGIONAL";"I-1";"00000654";"ANTAPAMPA";"NE_0002";"";"NE_0002";"NE_0002";"NE_0002";"NE_0002";"NE_0002";"NE_0002";"NE_0002"
"2023";"10";"120204";"JUNIN";"CONCEPCION";"CHAMBARA";"GOBIERNO REGIONAL";"I-2";"00000636";"CHAMBARA";"NE_0002";"";"NE_0002";"NE_0002";"NE_0002";"NE_0002";"NE_0002";"NE_0002";"NE_0002"
"2023";"10";"120208";"JUNIN";"CONCEPCION";"MANZANARES";"GOBIERNO REGIONAL";"I-1";"00000640";"MANZANARES";"NE_0002";"";"NE_0002";"NE_0002";"NE_0002";"NE_0002";"NE_0002";"NE_0002";"NE_0002"
"2023";"10";"120204";"JUNIN";"CONCEPCION";"CHAMBARA";"GOBIERNO REGIONAL";"I-1";"00000639";"ANGASMAYO";"NE_0002";"";"NE_0002";"NE_0002";"NE_0002";"NE_0002";"NE_0002";"NE_0002";"NE_0002"
"2023";"10";"120904";"JUNIN";"CHUPACA";"HUACHAC";"GOBIERNO REGIONAL";"I-1";"00000653";"MARCATUNA";"NE_0002";"";"NE_0002";"NE_0002";"NE_0002";"NE_0002";"NE_0002";"NE_0002";"NE_0002"
"2023";"10";"120904";"JUNIN";"CHUPACA";"HUACHAC";"GOBIERNO REGIONAL";"I-3";"00000651";"HUACHAC";"NE_0002";"";"NE_0002";"NE_0002";"NE_0002";"NE_0002";"NE_0002";"NE_0002";"NE_0002"
"2023";"10";"081204";"CUSCO";"QUISPICANCHI";"CCARHUAYO";"GOBIERNO REGIONAL";"I-2";"00002527";"CCARHUAYO";"NE_0002";"";"NE_0002";"NE_0002";"NE_0002";"NE_0002";"NE_0002";"NE_0002";"NE_0002"
"2023";"10";"081205";"CUSCO";"QUISPICANCHI";"CCATCA";"GOBIERNO REGIONAL";"I-2";"00002529";"KCAURY";"NE_0002";"";"NE_0002";"NE_0002";"NE_0002";"NE_0002";"NE_0002";"NE_0002";"NE_0002"
"2023";"10";"081210";"CUSCO";"QUISPICANCHI";"OCONGATE";"GOBIERNO REGIONAL";"I-2";"00006977";"TINKI";"NE_0002";"";"NE_0002";"NE_0002";"NE_0002";"NE_0002";"NE_0002";"NE_0002";"NE_0002"
"2023";"10";"081209";"CUSCO";"QUISPICANCHI";"MARCAPATA";"GOBIERNO REGIONAL";"I-1";"00007110";"INCACANCHA";"NE_0002";"";"NE_0002";"NE_0002";"NE_0002";"NE_0002";"NE_0002";"NE_0002";"NE_0002"
"2023";"10";"081205";"CUSCO";"QUISPICANCHI";"CCATCA";"GOBIERNO REGIONAL";"I-1";"00012931";"CHICHINA";"NE_0002";"";"NE_0002";"NE_0002";"NE_0002";"NE_0002";"NE_0002";"NE_0002";"NE_0002"
"2023";"10";"081205";"CUSCO";"QUISPICANCHI";"CCATCA";"GOBIERNO REGIONAL";"I-1";"00016335";"CCAPANA";"NE_0002";"";"NE_0002";"NE_0002";"NE_0002";"NE_0002";"NE_0002";"NE_0002";"NE_0002"
"2023";"10";"081205";"CUSCO";"QUISPICANCHI";"CCATCA";"GOBIERNO REGIONAL";"I-2";"00002524";"PAMPACAMARA";"NE_0002";"";"NE_0002";"NE_0002";"NE_0002";"NE_0002";"NE_0002";"NE_0002";"NE_0002"
"2023";"10";"081209";"CUSCO";"QUISPICANCHI";"MARCAPATA";"GOBIERNO REGIONAL";"I-2";"00002535";"MARCAPATA";"NE_0002";"";"NE_0002";"NE_0002";"NE_0002";"NE_0002";"NE_0002";"NE_0002";"NE_0002"
"2023";"10";"211101";"PUNO";"SAN ROMAN";"JULIACA";"PRIVADO";"II-1";"00010815";"CLINICA ADVENTISTA AMERICANA DE JULIACA";"240000";"HOSPITALIZACIÓN";"202";"200";"654";"671";"40";"1250";"4"
"2023";"11";"220804";"SAN MARTIN";"RIOJA";"NUEVA CAJAMARCA";"GOBIERNO REGIONAL";"I-1";"00006289";"MIRAFLORES";"NE_0001";"";"NE_0001";"NE_0001";"NE_0001";"NE_0001";"NE_0001";"NE_0001";"NE_0001"
"2023";"11";"220804";"SAN MARTIN";"RIOJA";"NUEVA CAJAMARCA";"GOBIERNO REGIONAL";"I-1";"00006287";"TAHUANTINSUYO";"NE_0001";"";"NE_0001";"NE_0001";"NE_0001";"NE_0001";"NE_0001";"NE_0001";"NE_0001"
"2023";"11";"220804";"SAN MARTIN";"RIOJA";"NUEVA CAJAMARCA";"GOBIERNO REGIONAL";"I-1";"00006284";"LA FLORIDA";"NE_0001";"";"NE_0001";"NE_0001";"NE_0001";"NE_0001";"NE_0001";"NE_0001";"NE_0001"
"2023";"11";"220804";"SAN MARTIN";"RIOJA";"NUEVA CAJAMARCA";"GOBIERNO REGIONAL";"I-1";"00006285";"LA UNION";"NE_0001";"";"NE_0001";"NE_0001";"NE_0001";"NE_0001";"NE_0001";"NE_0001";"NE_0001"
"2023";"11";"220804";"SAN MARTIN";"RIOJA";"NUEVA CAJAMARCA";"GOBIERNO REGIONAL";"I-1";"00006286";"PALESTINA";"NE_0001";"";"NE_0001";"NE_0001";"NE_0001";"NE_0001";"NE_0001";"NE_0001";"NE_0001"
"2023";"11";"220804";"SAN MARTIN";"RIOJA";"NUEVA CAJAMARCA";"GOBIERNO REGIONAL";"I-1";"00006288";"UCRANIA";"NE_0001";"";"NE_0001";"NE_0001";"NE_0001";"NE_0001";"NE_0001";"NE_0001";"NE_0001"
"2023";"11";"150131";"LIMA";"LIMA";"SAN ISIDRO";"PRIVADO";"II-E";"00010739";"CLINICA OFTALMOLOGICA WONG";"NE_0001";"";"NE_0001";"NE_0001";"NE_0001";"NE_0001";"NE_0001";"NE_0001";"NE_0001"
"2023";"11";"200701";"PIURA";"TALARA";"PARIÑAS";"PRIVADO";"I-2";"00012359";"CENTRO OFTALMOLOGICO DE TALARA SRL";"NE_0001";"";"NE_0001";"NE_0001";"NE_0001";"NE_0001";"NE_0001";"NE_0001";"NE_0001"
"2023";"11";"150130";"LIMA";"LIMA";"SAN BORJA";"PRIVADO";"II-E";"00013383";"CLINICA SANTA ISABEL";"241400";"HOSPITALIZACIÓN QUIRÚRGICA GINECO - OBSTETRICIA ";"168";"169";"471";"515";"24";"720";"0"
"2023";"11";"120602";"JUNIN";"SATIPO";"COVIRIALI";"GOBIERNO REGIONAL";"I-3";"00000485";"COVIRIALI";"NE_0001";"";"NE_0001";"NE_0001";"NE_0001";"NE_0001";"NE_0001";"NE_0001";"NE_0001"
"2023";"11";"120605";"JUNIN";"SATIPO";"PAMPA HERMOSA";"GOBIERNO REGIONAL";"I-2";"00006876";"TOLDOPAMPA";"NE_0001";"";"NE_0001";"NE_0001";"NE_0001";"NE_0001";"NE_0001";"NE_0001";"NE_0001"
"2023";"11";"120602";"JUNIN";"SATIPO";"COVIRIALI";"GOBIERNO REGIONAL";"I-1";"00000487";"SANTA MARIA";"NE_0001";"";"NE_0001";"NE_0001";"NE_0001";"NE_0001";"NE_0001";"NE_0001";"NE_0001"
"2023";"11";"120605";"JUNIN";"SATIPO";"PAMPA HERMOSA";"GOBIERNO REGIONAL";"I-2";"00017678";"HUANCAMACHAY";"NE_0001";"";"NE_0001";"NE_0001";"NE_0001";"NE_0001";"NE_0001";"NE_0001";"NE_0001"
"2023";"11";"120602";"JUNIN";"SATIPO";"COVIRIALI";"GOBIERNO REGIONAL";"I-1";"00000489";"BUENOS AIRES";"NE_0001";"";"NE_0001";"NE_0001";"NE_0001";"NE_0001";"NE_0001";"NE_0001";"NE_0001"
"2023";"11";"120605";"JUNIN";"SATIPO";"PAMPA HERMOSA";"GOBIERNO REGIONAL";"I-2";"00000494";"APALLA CALABAZA";"NE_0001";"";"NE_0001";"NE_0001";"NE_0001";"NE_0001";"NE_0001";"NE_0001";"NE_0001"
"2023";"11";"120605";"JUNIN";"SATIPO";"PAMPA HERMOSA";"GOBIERNO REGIONAL";"I-2";"00000492";"SANTA ROSITA";"NE_0001";"";"NE_0001";"NE_0001";"NE_0001";"NE_0001";"NE_0001";"NE_0001";"NE_0001"
"2023";"11";"120602";"JUNIN";"SATIPO";"COVIRIALI";"GOBIERNO REGIONAL";"I-1";"00007186";"PALMAPAMPA";"NE_0001";"";"NE_0001";"NE_0001";"NE_0001";"NE_0001";"NE_0001";"NE_0001";"NE_0001"
"2023";"11";"040128";"AREQUIPA";"AREQUIPA";"YURA";"GOBIERNO REGIONAL";"I-3";"00001253";"CENTRO DE SALUD CIUDAD DE DIOS";"NE_0002";"";"NE_0002";"NE_0002";"NE_0002";"NE_0002";"NE_0002";"NE_0002";"NE_0002"
"2023";"11";"150133";"LIMA";"LIMA";"SAN JUAN DE MIRAFLORES";"PRIVADO";"II-2";"00018985";"CLINICA SANTA MARTHA DEL SUR";"240000";"HOSPITALIZACIÓN";"214";"217";"654";"1892";"82";"2460";"0"
"2023";"11";"150133";"LIMA";"LIMA";"SAN JUAN DE MIRAFLORES";"PRIVADO";"II-2";"00018985";"CLINICA SANTA MARTHA DEL SUR";"250100";"UNIDAD DE CUIDADOS CRITICOS UNIDAD  DE CUIDADOS INTENSIVOS GENERALES (UCI) ";"33";"33";"100";"154";"8";"240";"3"
"2023";"11";"010601";"AMAZONAS";"RODRIGUEZ DE MENDOZA";"SAN NICOLAS";"GOBIERNO REGIONAL";"II-1";"00004950";"MARIA AUXILIADORA";"241600";"HOSPITALIZACIÓN QUIRÚRGICA OBSTETRICIA   ";"16";"16";"32";"32";"5";"150";"0"
"2023";"11";"010601";"AMAZONAS";"RODRIGUEZ DE MENDOZA";"SAN NICOLAS";"GOBIERNO REGIONAL";"II-1";"00004950";"MARIA AUXILIADORA";"241800";"HOSPITALIZACIÓN DE MEDICINA MEDICINA GENERAL ";"31";"31";"121";"121";"10";"300";"0"
"2023";"11";"150115";"LIMA";"LIMA";"LA VICTORIA";"ESSALUD";"III-2";"00009251";"HOSPITAL NACIONAL GUILLERMO ALMENARA IRIGOYEN";"244000";"HOSPITALIZACIÓN DE MEDICINA CARDIOLOGIA ";"34";"30";"213";"235";"9";"270";"1"
"2023";"11";"150115";"LIMA";"LIMA";"LA VICTORIA";"ESSALUD";"III-2";"00009251";"HOSPITAL NACIONAL GUILLERMO ALMENARA IRIGOYEN";"242205";"HOSPITALIZACIÓN MEDICINA PSIQUIATRÍA PISIQUIATRIA/ SALUD MENTAL Y ADICCIONES";"1";"5";"91";"79";"3";"90";"0"
"2023";"11";"150115";"LIMA";"LIMA";"LA VICTORIA";"ESSALUD";"III-2";"00009251";"HOSPITAL NACIONAL GUILLERMO ALMENARA IRIGOYEN";"244100";"HOSPITALIZACIÓN DE MEDICINA DERMATOLOGÍA    ";"22";"22";"245";"293";"11";"330";"0"
"2023";"11";"150115";"LIMA";"LIMA";"LA VICTORIA";"ESSALUD";"III-2";"00009251";"HOSPITAL NACIONAL GUILLERMO ALMENARA IRIGOYEN";"244200";"HOSPITALIZACIÓN DE MEDICINA ENDOCRINOLOGIA ";"18";"21";"377";"292";"10";"300";"0"
"2023";"11";"150115";"LIMA";"LIMA";"LA VICTORIA";"ESSALUD";"III-2";"00009251";"HOSPITAL NACIONAL GUILLERMO ALMENARA IRIGOYEN";"244300";"HOSPITALIZACIÓN DE MEDICINA GASTROENTEROLOGÍA  ";"98";"91";"1540";"1321";"50";"1500";"0"
"2023";"11";"150115";"LIMA";"LIMA";"LA VICTORIA";"ESSALUD";"III-2";"00009251";"HOSPITAL NACIONAL GUILLERMO ALMENARA IRIGOYEN";"244400";"HOSPITALIZACIÓN DE MEDICINA GERIATRIA ";"31";"30";"521";"463";"18";"540";"2"
"2023";"10";"120606";"JUNIN";"SATIPO";"PANGOA";"GOBIERNO REGIONAL";"I-1";"00021797";"SAN JERONIMO";"NE_0001";"";"NE_0001";"NE_0001";"NE_0001";"NE_0001";"NE_0001";"NE_0001";"NE_0001"
"2023";"10";"120606";"JUNIN";"SATIPO";"PANGOA";"GOBIERNO REGIONAL";"I-1";"00021800";"LOS ÁNGELES DE EDEN";"NE_0001";"";"NE_0001";"NE_0001";"NE_0001";"NE_0001";"NE_0001";"NE_0001";"NE_0001"
"2023";"10";"120606";"JUNIN";"SATIPO";"PANGOA";"GOBIERNO REGIONAL";"I-1";"00021814";"CENTRO SAURENI";"NE_0001";"";"NE_0001";"NE_0001";"NE_0001";"NE_0001";"NE_0001";"NE_0001";"NE_0001"
"2023";"10";"120606";"JUNIN";"SATIPO";"PANGOA";"GOBIERNO REGIONAL";"I-3";"00000445";"SAN ANTONIO DE SONOMORO";"NE_0001";"";"NE_0001";"NE_0001";"NE_0001";"NE_0001";"NE_0001";"NE_0001";"NE_0001"
"2023";"10";"120606";"JUNIN";"SATIPO";"PANGOA";"GOBIERNO REGIONAL";"I-2";"00000448";"NAYLAM DE SONOMORO";"NE_0001";"";"NE_0001";"NE_0001";"NE_0001";"NE_0001";"NE_0001";"NE_0001";"NE_0001"
"2023";"10";"120606";"JUNIN";"SATIPO";"PANGOA";"GOBIERNO REGIONAL";"I-1";"00011138";"SANTA ELENA";"NE_0001";"";"NE_0001";"NE_0001";"NE_0001";"NE_0001";"NE_0001";"NE_0001";"NE_0001"
"2023";"10";"120606";"JUNIN";"SATIPO";"PANGOA";"GOBIERNO REGIONAL";"I-1";"00021803";"LOS MANANTIALES";"NE_0001";"";"NE_0001";"NE_0001";"NE_0001";"NE_0001";"NE_0001";"NE_0001";"NE_0001"
"2023";"10";"120606";"JUNIN";"SATIPO";"PANGOA";"GOBIERNO REGIONAL";"I-2";"00006880";"CIUDAD DE DIOS";"NE_0001";"";"NE_0001";"NE_0001";"NE_0001";"NE_0001";"NE_0001";"NE_0001";"NE_0001"
"2023";"10";"150140";"LIMA";"LIMA";"SANTIAGO DE SURCO";"PRIVADO";"II-E";"00013900";"OFTALMOSALUD";"NE_0001";"";"NE_0001";"NE_0001";"NE_0001";"NE_0001";"NE_0001";"NE_0001";"NE_0001"
"2023";"10";"221001";"SAN MARTIN";"TOCACHE";"TOCACHE";"GOBIERNO REGIONAL";"II-1";"00006580";"HOSPITAL II-1 ""DR. JOSE PEÑA PORTUGUEZ "" - TOCACHE";"240100";"HOSPITALIZACIÓN QUIRÚRGICA CIRUGÍA GENERAL ";"41";"51";"280";"238";"15";"450";"0"
"2023";"10";"221001";"SAN MARTIN";"TOCACHE";"TOCACHE";"GOBIERNO REGIONAL";"II-1";"00006580";"HOSPITAL II-1 ""DR. JOSE PEÑA PORTUGUEZ "" - TOCACHE";"241400";"HOSPITALIZACIÓN QUIRÚRGICA GINECO - OBSTETRICIA ";"44";"47";"146";"168";"8";"240";"0"
"2023";"10";"221001";"SAN MARTIN";"TOCACHE";"TOCACHE";"GOBIERNO REGIONAL";"II-1";"00006580";"HOSPITAL II-1 ""DR. JOSE PEÑA PORTUGUEZ "" - TOCACHE";"241600";"HOSPITALIZACIÓN QUIRÚRGICA OBSTETRICIA   ";"59";"61";"100";"95";"15";"450";"0"
"2023";"10";"221001";"SAN MARTIN";"TOCACHE";"TOCACHE";"GOBIERNO REGIONAL";"II-1";"00006580";"HOSPITAL II-1 ""DR. JOSE PEÑA PORTUGUEZ "" - TOCACHE";"241800";"HOSPITALIZACIÓN DE MEDICINA MEDICINA GENERAL ";"19";"26";"202";"207";"11";"330";"2"
"2023";"10";"221001";"SAN MARTIN";"TOCACHE";"TOCACHE";"GOBIERNO REGIONAL";"II-1";"00006580";"HOSPITAL II-1 ""DR. JOSE PEÑA PORTUGUEZ "" - TOCACHE";"242500";"HOSPITALIZACIÓN-PEDIATRÍA GENERAL-";"4";"7";"34";"29";"4";"120";"0"
"2023";"10";"221001";"SAN MARTIN";"TOCACHE";"TOCACHE";"GOBIERNO REGIONAL";"II-1";"00006580";"HOSPITAL II-1 ""DR. JOSE PEÑA PORTUGUEZ "" - TOCACHE";"243200";"HOSPITALIZACIÓN DE PEDIATRÍA PEDIATRIA NEONATOLOGÍA";"25";"28";"81";"68";"11";"330";"0"
"2023";"10";"061202";"CAJAMARCA";"SAN PABLO";"SAN BERNARDINO";"GOBIERNO REGIONAL";"I-1";"00004539";"TUÑAD";"NE_0001";"";"NE_0001";"NE_0001";"NE_0001";"NE_0001";"NE_0001";"NE_0001";"NE_0001"
"2023";"10";"061203";"CAJAMARCA";"SAN PABLO";"SAN LUIS";"GOBIERNO REGIONAL";"I-1";"00004584";"PAMPA DE SAN LUIS";"NE_0001";"";"NE_0001";"NE_0001";"NE_0001";"NE_0001";"NE_0001";"NE_0001";"NE_0001"
"2023";"10";"061202";"CAJAMARCA";"SAN PABLO";"SAN BERNARDINO";"GOBIERNO REGIONAL";"I-2";"00004580";"SAN BERNARDINO";"NE_0001";"";"NE_0001";"NE_0001";"NE_0001";"NE_0001";"NE_0001";"NE_0001";"NE_0001"
"2023";"10";"061201";"CAJAMARCA";"SAN PABLO";"SAN PABLO";"GOBIERNO REGIONAL";"I-1";"00004586";"JANCOS";"NE_0001";"";"NE_0001";"NE_0001";"NE_0001";"NE_0001";"NE_0001";"NE_0001";"NE_0001"
"2023";"10";"061201";"CAJAMARCA";"SAN PABLO";"SAN PABLO";"GOBIERNO REGIONAL";"I-1";"00004611";"EL PATIÑO";"NE_0001";"";"NE_0001";"NE_0001";"NE_0001";"NE_0001";"NE_0001";"NE_0001";"NE_0001"
"2023";"10";"240101";"TUMBES";"TUMBES";"TUMBES";"SANIDAD DEL EJERCITO DEL PERU";"I-3";"00011996";"CENTRO DE SALUD MILITAR VIRGEN DE FÁTIMA DE LA 9ª BRIGADA BLINDADA";"NE_0001";"";"NE_0001";"NE_0001";"NE_0001";"NE_0001";"NE_0001";"NE_0001";"NE_0001"
"2023";"10";"040608";"AREQUIPA";"CONDESUYOS";"YANAQUIHUA";"GOBIERNO REGIONAL";"I-2";"00001414";"PUESTO DE SALUD ISPACAS";"NE_0001";"";"NE_0001";"NE_0001";"NE_0001";"NE_0001";"NE_0001";"NE_0001";"NE_0001"
"2023";"10";"040605";"AREQUIPA";"CONDESUYOS";"IRAY";"GOBIERNO REGIONAL";"I-2";"00001409";"IRAY";"NE_0001";"";"NE_0001";"NE_0001";"NE_0001";"NE_0001";"NE_0001";"NE_0001";"NE_0001"
"2023";"10";"040607";"AREQUIPA";"CONDESUYOS";"SALAMANCA";"GOBIERNO REGIONAL";"I-1";"00001413";"PUESTO DE SALUD PUCUNCHO";"NE_0001";"";"NE_0001";"NE_0001";"NE_0001";"NE_0001";"NE_0001";"NE_0001";"NE_0001"
"2023";"10";"040604";"AREQUIPA";"CONDESUYOS";"CHICHAS";"GOBIERNO REGIONAL";"I-2";"00001410";"PUESTO DE SALUD CHICHAS";"NE_0001";"";"NE_0001";"NE_0001";"NE_0001";"NE_0001";"NE_0001";"NE_0001";"NE_0001"
"2023";"10";"040604";"AREQUIPA";"CONDESUYOS";"CHICHAS";"GOBIERNO REGIONAL";"I-2";"00001411";"PUESTO DE SALUD YACHANGUILLO";"NE_0001";"";"NE_0001";"NE_0001";"NE_0001";"NE_0001";"NE_0001";"NE_0001";"NE_0001"
"2023";"10";"040604";"AREQUIPA";"CONDESUYOS";"CHICHAS";"GOBIERNO REGIONAL";"I-1";"00001416";"YANQUE";"NE_0001";"";"NE_0001";"NE_0001";"NE_0001";"NE_0001";"NE_0001";"NE_0001";"NE_0001"
"2023";"10";"040607";"AREQUIPA";"CONDESUYOS";"SALAMANCA";"GOBIERNO REGIONAL";"I-2";"00001412";"PUESTO DE SALUD SALAMANCA";"NE_0001";"";"NE_0001";"NE_0001";"NE_0001";"NE_0001";"NE_0001";"NE_0001";"NE_0001"
"2023";"10";"040601";"AREQUIPA";"CONDESUYOS";"CHUQUIBAMBA";"GOBIERNO REGIONAL";"I-4";"00001388";"CENTRO DE SALUD CHUQUIBAMBA";"241600";"HOSPITALIZACIÓN QUIRÚRGICA OBSTETRICIA   ";"3";"3";"3";"4";"3";"89";"0"
"2023";"10";"040608";"AREQUIPA";"CONDESUYOS";"YANAQUIHUA";"GOBIERNO REGIONAL";"I-3";"00001389";"CENTRO DE SALUD YANAQUIHUA";"NE_0001";"";"NE_0001";"NE_0001";"NE_0001";"NE_0001";"NE_0001";"NE_0001";"NE_0001"
"2023";"10";"040602";"AREQUIPA";"CONDESUYOS";"ANDARAY";"GOBIERNO REGIONAL";"I-2";"00001415";"PUESTO DE SALUD ANDARAY";"NE_0001";"";"NE_0001";"NE_0001";"NE_0001";"NE_0001";"NE_0001";"NE_0001";"NE_0001"
"2023";"11";"150108";"LIMA";"LIMA";"CHORRILLOS";"SANIDAD DE LA POLICIA NACIONAL DEL PERU";"I-3";"00018660";"POLICLINICO POLICIAL SEDE ESCUELA DE OFICIALES";"NE_0001";"";"NE_0001";"NE_0001";"NE_0001";"NE_0001";"NE_0001";"NE_0001";"NE_0001"
"2023";"11";"150135";"LIMA";"LIMA";"SAN MARTIN DE PORRES";"SANIDAD DE LA POLICIA NACIONAL DEL PERU";"I-2";"00012739";"POLICLINICO POLICIAL SAN DIEGO";"NE_0001";"";"NE_0001";"NE_0001";"NE_0001";"NE_0001";"NE_0001";"NE_0001";"NE_0001"
"2023";"11";"060801";"CAJAMARCA";"JAEN";"JAEN";"SANIDAD DE LA POLICIA NACIONAL DEL PERU";"I-3";"00018950";"POLICLINICO POLICIAL JAEN";"NE_0001";"";"NE_0001";"NE_0001";"NE_0001";"NE_0001";"NE_0001";"NE_0001";"NE_0001"
"2023";"11";"170101";"MADRE DE DIOS";"TAMBOPATA";"TAMBOPATA";"SANIDAD DE LA POLICIA NACIONAL DEL PERU";"I-2";"00009320";"POSTA MEDICA DE LA PNP";"NE_0001";"";"NE_0001";"NE_0001";"NE_0001";"NE_0001";"NE_0001";"NE_0001";"NE_0001"
"2023";"11";"200101";"PIURA";"PIURA";"PIURA";"PRIVADO";"II-E";"00027459";"CLINICA MEDICA SANTA EMILIA";"244300";"HOSPITALIZACIÓN DE MEDICINA GASTROENTEROLOGÍA  ";"3";"3";"15";"15";"7";"195";"0"
"2023";"11";"120101";"JUNIN";"HUANCAYO";"HUANCAYO";"PRIVADO";"II-E";"00025973";"CLINICA ZARATE";"241800";"HOSPITALIZACIÓN DE MEDICINA MEDICINA GENERAL ";"77";"78";"21";"123";"15";"342";"0"
"2023";"11";"100101";"HUANUCO";"HUANUCO";"HUANUCO";"PRIVADO";"II-E";"00021062";"CLINICA SAN JUAN BOSCO E.I.R.L.";"240000";"HOSPITALIZACIÓN";"6";"6";"6";"6";"11";"330";"0"
"2023";"11";"220501";"SAN MARTIN";"LAMAS";"LAMAS";"ESSALUD";"I-2";"00016484";"POSTA MEDICA LAMAS - ESSALUD";"NE_0001";"";"NE_0001";"NE_0001";"NE_0001";"NE_0001";"NE_0001";"NE_0001";"NE_0001"
"2023";"11";"130705";"LA LIBERTAD";"PACASMAYO";"SAN JOSE";"ESSALUD";"I-2";"00012110";"POSTA DE SALUD SAN JOSE";"NE_0001";"";"NE_0001";"NE_0001";"NE_0001";"NE_0001";"NE_0001";"NE_0001";"NE_0001"
"2023";"09";"140101";"LAMBAYEQUE";"CHICLAYO";"CHICLAYO";"PRIVADO";"II-E";"00008730";"BM CLINICA";"240000";"HOSPITALIZACIÓN";"23";"21";"81";"23";"10";"310";"0"
"2023";"09";"140101";"LAMBAYEQUE";"CHICLAYO";"CHICLAYO";"PRIVADO";"II-E";"00008730";"BM CLINICA";"250000";"UNIDAD DE CUIDADOS CRITICOS  ";"3";"3";"26";"3";"6";"180";"2"
"2023";"11";"150110";"LIMA";"LIMA";"COMAS";"PRIVADO";"I-2";"00013834";"ARIE";"NE_0002";"";"NE_0002";"NE_0002";"NE_0002";"NE_0002";"NE_0002";"NE_0002";"NE_0002"
"2023";"11";"060804";"CAJAMARCA";"JAEN";"COLASAY";"GOBIERNO REGIONAL";"I-3";"00004236";"COLASAY";"NE_0001";"";"NE_0001";"NE_0001";"NE_0001";"NE_0001";"NE_0001";"NE_0001";"NE_0001"
"2023";"11";"060804";"CAJAMARCA";"JAEN";"COLASAY";"GOBIERNO REGIONAL";"I-2";"00007017";"AHUYACA";"NE_0001";"";"NE_0001";"NE_0001";"NE_0001";"NE_0001";"NE_0001";"NE_0001";"NE_0001"
"2023";"11";"130101";"LA LIBERTAD";"TRUJILLO";"TRUJILLO";"PRIVADO";"II-E";"00021768";"CLINICA PROSALUD";"241400";"HOSPITALIZACIÓN QUIRÚRGICA GINECO - OBSTETRICIA ";"104";"104";"133";"159";"12";"175";"0"
"2023";"11";"130101";"LA LIBERTAD";"TRUJILLO";"TRUJILLO";"PRIVADO";"II-E";"00021768";"CLINICA PROSALUD";"240100";"HOSPITALIZACIÓN QUIRÚRGICA CIRUGÍA GENERAL ";"65";"65";"89";"124";"5";"152";"0"
"2023";"11";"080506";"CUSCO";"CANAS";"PAMPAMARCA";"GOBIERNO REGIONAL";"I-2";"00002372";"PAMPAMARCA";"NE_0001";"";"NE_0001";"NE_0001";"NE_0001";"NE_0001";"NE_0001";"NE_0001";"NE_0001"
"2023";"11";"080508";"CUSCO";"CANAS";"TUPAC AMARU";"GOBIERNO REGIONAL";"I-1";"00002375";"SURIMANA";"NE_0001";"";"NE_0001";"NE_0001";"NE_0001";"NE_0001";"NE_0001";"NE_0001";"NE_0001"
"2023";"11";"080507";"CUSCO";"CANAS";"QUEHUE";"GOBIERNO REGIONAL";"I-2";"00002373";"QUEHUE";"NE_0001";"";"NE_0001";"NE_0001";"NE_0001";"NE_0001";"NE_0001";"NE_0001";"NE_0001"
"2023";"11";"080501";"CUSCO";"CANAS";"YANAOCA";"GOBIERNO REGIONAL";"I-4";"00002364";"YANAOCA";"NE_0001";"";"NE_0001";"NE_0001";"NE_0001";"NE_0001";"NE_0001";"NE_0001";"NE_0001"
"2023";"11";"080508";"CUSCO";"CANAS";"TUPAC AMARU";"GOBIERNO REGIONAL";"I-2";"00002376";"TUNGASUCA";"NE_0001";"";"NE_0001";"NE_0001";"NE_0001";"NE_0001";"NE_0001";"NE_0001";"NE_0001"
"2023";"11";"081209";"CUSCO";"QUISPICANCHI";"MARCAPATA";"GOBIERNO REGIONAL";"I-1";"00007110";"INCACANCHA";"NE_0002";"";"NE_0002";"NE_0002";"NE_0002";"NE_0002";"NE_0002";"NE_0002";"NE_0002"
"2023";"11";"081205";"CUSCO";"QUISPICANCHI";"CCATCA";"GOBIERNO REGIONAL";"I-1";"00012931";"CHICHINA";"NE_0002";"";"NE_0002";"NE_0002";"NE_0002";"NE_0002";"NE_0002";"NE_0002";"NE_0002"
"2023";"11";"081205";"CUSCO";"QUISPICANCHI";"CCATCA";"GOBIERNO REGIONAL";"I-1";"00016335";"CCAPANA";"NE_0002";"";"NE_0002";"NE_0002";"NE_0002";"NE_0002";"NE_0002";"NE_0002";"NE_0002"
"2023";"11";"130601";"LA LIBERTAD";"OTUZCO";"OTUZCO";"GOBIERNO REGIONAL";"II-1";"00005314";"HOSPITAL DE APOYO OTUZCO ELPIDIO BEROVIDES PEREZ";"240100";"HOSPITALIZACIÓN QUIRÚRGICA CIRUGÍA GENERAL ";"8";"7";"30";"28";"3";"90";"0"
"2023";"11";"130601";"LA LIBERTAD";"OTUZCO";"OTUZCO";"GOBIERNO REGIONAL";"II-1";"00005314";"HOSPITAL DE APOYO OTUZCO ELPIDIO BEROVIDES PEREZ";"241800";"HOSPITALIZACIÓN DE MEDICINA MEDICINA GENERAL ";"12";"11";"58";"61";"5";"150";"0"
"2023";"11";"130601";"LA LIBERTAD";"OTUZCO";"OTUZCO";"GOBIERNO REGIONAL";"II-1";"00005314";"HOSPITAL DE APOYO OTUZCO ELPIDIO BEROVIDES PEREZ";"243200";"HOSPITALIZACIÓN DE PEDIATRÍA PEDIATRIA NEONATOLOGÍA";"2";"2";"27";"27";"3";"90";"0"
"2023";"11";"130601";"LA LIBERTAD";"OTUZCO";"OTUZCO";"GOBIERNO REGIONAL";"II-1";"00005314";"HOSPITAL DE APOYO OTUZCO ELPIDIO BEROVIDES PEREZ";"242300";"HOSPITALIZACIÓN DE PEDIATRÍA  PEDIATRÍA  GENERAL ";"14";"13";"74";"69";"4";"122";"0"
"2023";"11";"130601";"LA LIBERTAD";"OTUZCO";"OTUZCO";"GOBIERNO REGIONAL";"II-1";"00005314";"HOSPITAL DE APOYO OTUZCO ELPIDIO BEROVIDES PEREZ";"241400";"HOSPITALIZACIÓN QUIRÚRGICA GINECO - OBSTETRICIA ";"6";"7";"16";"10";"3";"90";"0"
"2023";"11";"130601";"LA LIBERTAD";"OTUZCO";"OTUZCO";"GOBIERNO REGIONAL";"II-1";"00005314";"HOSPITAL DE APOYO OTUZCO ELPIDIO BEROVIDES PEREZ";"241500";"HOSPITALIZACIÓN QUIRÚRGICA GINECOLOGÍA  ";"13";"12";"20";"19";"3";"90";"0"
"2023";"11";"130601";"LA LIBERTAD";"OTUZCO";"OTUZCO";"GOBIERNO REGIONAL";"II-1";"00005314";"HOSPITAL DE APOYO OTUZCO ELPIDIO BEROVIDES PEREZ";"241600";"HOSPITALIZACIÓN QUIRÚRGICA OBSTETRICIA   ";"12";"11";"13";"12";"3";"88";"0"
"2023";"11";"120704";"JUNIN";"TARMA";"HUASAHUASI";"GOBIERNO REGIONAL";"I-1";"00000547";"CHIRAS";"NE_0001";"";"NE_0001";"NE_0001";"NE_0001";"NE_0001";"NE_0001";"NE_0001";"NE_0001"
"2023";"11";"120704";"JUNIN";"TARMA";"HUASAHUASI";"GOBIERNO REGIONAL";"I-1";"00000544";"PUNRAY";"NE_0001";"";"NE_0001";"NE_0001";"NE_0001";"NE_0001";"NE_0001";"NE_0001";"NE_0001"
"2023";"10";"140101";"LAMBAYEQUE";"CHICLAYO";"CHICLAYO";"PRIVADO";"II-E";"00025061";"HOSPITAL DE CLINICAS LAMBAYEQUE SAC";"241200";"HOSPITALIZACIÓN QUIRÚRGICA TRAUMATOLOGÍA Y ORTOPEDIA ";"180";"260";"440";"220";"29";"400";"0"
"2023";"11";"220508";"SAN MARTIN";"LAMAS";"SAN ROQUE DE CUMBAZA";"GOBIERNO REGIONAL";"I-1";"00006386";"SAN ROQUE DE CUMBAZA";"NE_0001";"";"NE_0001";"NE_0001";"NE_0001";"NE_0001";"NE_0001";"NE_0001";"NE_0001"
"2023";"11";"120114";"JUNIN";"HUANCAYO";"EL TAMBO";"PRIVADO";"II-E";"00010250";"CLINICA OFTALMOLOGICA DEL CENTRO DEL PERU";"NE_0002";"";"NE_0002";"NE_0002";"NE_0002";"NE_0002";"NE_0002";"NE_0002";"NE_0002"
"2023";"11";"070106";"CALLAO";"CALLAO";"VENTANILLA";"PRIVADO";"II-E";"00009917";"CLINICA CARRION";"NE_0002";"";"NE_0002";"NE_0002";"NE_0002";"NE_0002";"NE_0002";"NE_0002";"NE_0002"
"2023";"11";"150111";"LIMA";"LIMA";"EL AGUSTINO";"MINSA";"III-1";"00005946";"HOSPITAL NACIONAL HIPOLITO UNANUE";"240100";"HOSPITALIZACIÓN QUIRÚRGICA CIRUGÍA GENERAL ";"153";"204";"1702";"1407";"73";"2190";"6"
"2023";"11";"150111";"LIMA";"LIMA";"EL AGUSTINO";"MINSA";"III-1";"00005946";"HOSPITAL NACIONAL HIPOLITO UNANUE";"240200";"HOSPITALIZACIÓN QUIRÚRGICA CIRUGÍA DE CABEZA Y CUELLO / MÁXILO FACIAL ";"20";"31";"391";"254";"9";"270";"1"
"2023";"11";"150111";"LIMA";"LIMA";"EL AGUSTINO";"MINSA";"III-1";"00005946";"HOSPITAL NACIONAL HIPOLITO UNANUE";"240400";"HOSPITALIZACIÓN QUIRÚRGICA CIRUGÍA DE TÓRAX Y CARDIOVASCULAR ";"37";"65";"1550";"1479";"56";"1680";"0"
"2023";"11";"150111";"LIMA";"LIMA";"EL AGUSTINO";"MINSA";"III-1";"00005946";"HOSPITAL NACIONAL HIPOLITO UNANUE";"240600";"HOSPITALIZACIÓN QUIRÚRGICA CIRUGÍA OFTALMOLÓGICA ";"4";"4";"8";"8";"1";"30";"0"
"2023";"11";"150111";"LIMA";"LIMA";"EL AGUSTINO";"MINSA";"III-1";"00005946";"HOSPITAL NACIONAL HIPOLITO UNANUE";"240700";"HOSPITALIZACIÓN QUIRÚRGICA CIRUGÍA PEDIÁTRICA ";"25";"31";"111";"73";"10";"300";"0"
"2023";"11";"150111";"LIMA";"LIMA";"EL AGUSTINO";"MINSA";"III-1";"00005946";"HOSPITAL NACIONAL HIPOLITO UNANUE";"240800";"HOSPITALIZACIÓN QUIRÚRGICA CIRUGÍA PLÁSTICA/RECONSTRUCTIVA/ REPARADORA ";"4";"8";"197";"373";"13";"390";"0"
"2023";"11";"150111";"LIMA";"LIMA";"EL AGUSTINO";"MINSA";"III-1";"00005946";"HOSPITAL NACIONAL HIPOLITO UNANUE";"240900";"HOSPITALIZACIÓN QUIRÚRGICA NEUROCIRUGÍA ";"10";"18";"335";"366";"26";"780";"0"
"2023";"11";"150111";"LIMA";"LIMA";"EL AGUSTINO";"MINSA";"III-1";"00005946";"HOSPITAL NACIONAL HIPOLITO UNANUE";"241100";"HOSPITALIZACIÓN QUIRÚRGICA OTORRINOLARINGOLOGÍA  ";"16";"19";"78";"70";"3";"90";"0"
"2023";"11";"150111";"LIMA";"LIMA";"EL AGUSTINO";"MINSA";"III-1";"00005946";"HOSPITAL NACIONAL HIPOLITO UNANUE";"241200";"HOSPITALIZACIÓN QUIRÚRGICA TRAUMATOLOGÍA Y ORTOPEDIA ";"44";"68";"1382";"984";"33";"990";"1"
"2023";"11";"150111";"LIMA";"LIMA";"EL AGUSTINO";"MINSA";"III-1";"00005946";"HOSPITAL NACIONAL HIPOLITO UNANUE";"241300";"HOSPITALIZACIÓN QUIRÚRGICA UROLOGÍA  ";"27";"41";"443";"365";"13";"390";"0"
"2023";"11";"150111";"LIMA";"LIMA";"EL AGUSTINO";"MINSA";"III-1";"00005946";"HOSPITAL NACIONAL HIPOLITO UNANUE";"241400";"HOSPITALIZACIÓN QUIRÚRGICA GINECO - OBSTETRICIA ";"455";"494";"1295";"1321";"132";"3960";"0"
"2023";"11";"150111";"LIMA";"LIMA";"EL AGUSTINO";"MINSA";"III-1";"00005946";"HOSPITAL NACIONAL HIPOLITO UNANUE";"241900";"HOSPITALIZACIÓN DE MEDICINA MEDICINA INTERNA ";"150";"213";"3085";"1822";"87";"2610";"8"
"2023";"11";"150111";"LIMA";"LIMA";"EL AGUSTINO";"MINSA";"III-1";"00005946";"HOSPITAL NACIONAL HIPOLITO UNANUE";"242000";"HOSPITALIZACIÓN DE MEDICINA MEDICINA TROPICAL E INFECCIOSAS ";"9";"15";"452";"340";"12";"360";"1"
"2023";"11";"150111";"LIMA";"LIMA";"EL AGUSTINO";"MINSA";"III-1";"00005946";"HOSPITAL NACIONAL HIPOLITO UNANUE";"242200";"HOSPITALIZACIÓN DE MEDICINA PSIQUIATRÍA ";"9";"10";"43";"66";"5";"150";"0"
"2023";"11";"150111";"LIMA";"LIMA";"EL AGUSTINO";"MINSA";"III-1";"00005946";"HOSPITAL NACIONAL HIPOLITO UNANUE";"243200";"HOSPITALIZACIÓN DE PEDIATRÍA PEDIATRIA NEONATOLOGÍA";"62";"76";"678";"207";"10";"300";"4"
"2023";"11";"150111";"LIMA";"LIMA";"EL AGUSTINO";"MINSA";"III-1";"00005946";"HOSPITAL NACIONAL HIPOLITO UNANUE";"250200";"UNIDAD DE CUIDADOS CRITICOS UNIDAD DE CUIDADOS INTERMEDIOS GENERAL  (UCIN) ";"4";"13";"179";"212";"8";"240";"1"
"2023";"11";"150111";"LIMA";"LIMA";"EL AGUSTINO";"MINSA";"III-1";"00005946";"HOSPITAL NACIONAL HIPOLITO UNANUE";"242300";"HOSPITALIZACIÓN DE PEDIATRÍA  PEDIATRÍA  GENERAL ";"59";"76";"476";"501";"34";"1020";"0"
"2023";"11";"150111";"LIMA";"LIMA";"EL AGUSTINO";"MINSA";"III-1";"00005946";"HOSPITAL NACIONAL HIPOLITO UNANUE";"250000";"UNIDAD DE CUIDADOS CRITICOS  ";"5";"13";"282";"586";"20";"600";"0"
"2023";"11";"150111";"LIMA";"LIMA";"EL AGUSTINO";"MINSA";"III-1";"00005946";"HOSPITAL NACIONAL HIPOLITO UNANUE";"245300";"HOSPITALIZACIÓN DE MEDICINA NEUMOLOGÍA  ";"34";"69";"1193";"134";"5";"150";"16"
"2023";"09";"080601";"CUSCO";"CANCHIS";"SICUANI";"GOBIERNO REGIONAL";"I-4";"00002380";"TECHO OBRERO";"NE_0001";"";"NE_0001";"NE_0001";"NE_0001";"NE_0001";"NE_0001";"NE_0001";"NE_0001"
"2023";"09";"080604";"CUSCO";"CANCHIS";"MARANGANI";"GOBIERNO REGIONAL";"I-1";"00002389";"CHECTUYOC";"NE_0001";"";"NE_0001";"NE_0001";"NE_0001";"NE_0001";"NE_0001";"NE_0001";"NE_0001"
"2023";"09";"080504";"CUSCO";"CANAS";"LANGUI";"GOBIERNO REGIONAL";"I-2";"00002369";"LANGUI";"NE_0001";"";"NE_0001";"NE_0001";"NE_0001";"NE_0001";"NE_0001";"NE_0001";"NE_0001"
"2023";"09";"080604";"CUSCO";"CANCHIS";"MARANGANI";"GOBIERNO REGIONAL";"I-1";"00002390";"CCUYO";"NE_0001";"";"NE_0001";"NE_0001";"NE_0001";"NE_0001";"NE_0001";"NE_0001";"NE_0001"
"2023";"09";"080604";"CUSCO";"CANCHIS";"MARANGANI";"GOBIERNO REGIONAL";"I-2";"00002391";"OCCOBAMBA MARANGANI";"NE_0001";"";"NE_0001";"NE_0001";"NE_0001";"NE_0001";"NE_0001";"NE_0001";"NE_0001"
"2023";"09";"080601";"CUSCO";"CANCHIS";"SICUANI";"GOBIERNO REGIONAL";"I-1";"00002379";"HERCCA";"NE_0001";"";"NE_0001";"NE_0001";"NE_0001";"NE_0001";"NE_0001";"NE_0001";"NE_0001"
"2023";"10";"150509";"LIMA";"CAÑETE";"MALA";"ESSALUD";"I-3";"00010569";"CENTRO MEDICO MALA";"NE_0001";"";"NE_0001";"NE_0001";"NE_0001";"NE_0001";"NE_0001";"NE_0001";"NE_0001"
"2023";"10";"110101";"ICA";"ICA";"ICA";"PRIVADO";"II-1";"00013386";"LAS CONDES SAC";"240000";"HOSPITALIZACIÓN";"41";"40";"41";"40";"8";"240";"0"
"2023";"10";"060801";"CAJAMARCA";"JAEN";"JAEN";"PRIVADO";"I-3";"00030976";"CENTRO MEDICO SALUD & VIAL JAEN";"NE_0001";"";"NE_0001";"NE_0001";"NE_0001";"NE_0001";"NE_0001";"NE_0001";"NE_0001"
"2023";"10";"060508";"CAJAMARCA";"CONTUMAZA";"YONAN";"GOBIERNO REGIONAL";"I-1";"00004589";"CAFETAL";"NE_0002";"";"NE_0002";"NE_0002";"NE_0002";"NE_0002";"NE_0002";"NE_0002";"NE_0002"
"2023";"10";"060508";"CAJAMARCA";"CONTUMAZA";"YONAN";"GOBIERNO REGIONAL";"I-1";"00004588";"VENTANILLA";"NE_0002";"";"NE_0002";"NE_0002";"NE_0002";"NE_0002";"NE_0002";"NE_0002";"NE_0002"
"2023";"10";"060503";"CAJAMARCA";"CONTUMAZA";"CUPISNIQUE";"GOBIERNO REGIONAL";"I-1";"00004590";"TRINIDAD";"NE_0002";"";"NE_0002";"NE_0002";"NE_0002";"NE_0002";"NE_0002";"NE_0002";"NE_0002"
"2023";"10";"060503";"CAJAMARCA";"CONTUMAZA";"CUPISNIQUE";"GOBIERNO REGIONAL";"I-1";"00004591";"SANTA CATALINA";"NE_0002";"";"NE_0002";"NE_0002";"NE_0002";"NE_0002";"NE_0002";"NE_0002";"NE_0002"
"2023";"10";"060508";"CAJAMARCA";"CONTUMAZA";"YONAN";"GOBIERNO REGIONAL";"I-4";"00004587";"TEMBLADERA";"241600";"HOSPITALIZACIÓN QUIRÚRGICA OBSTETRICIA   ";"5";"5";"13";"38";"5";"155";"0"
"2023";"10";"060508";"CAJAMARCA";"CONTUMAZA";"YONAN";"GOBIERNO REGIONAL";"I-4";"00004587";"TEMBLADERA";"241800";"HOSPITALIZACIÓN DE MEDICINA MEDICINA GENERAL ";"25";"23";"42";"176";"12";"372";"0"
"2023";"10";"060508";"CAJAMARCA";"CONTUMAZA";"YONAN";"GOBIERNO REGIONAL";"I-1";"00004592";"PAY PAY";"NE_0002";"";"NE_0002";"NE_0002";"NE_0002";"NE_0002";"NE_0002";"NE_0002";"NE_0002"
"2023";"11";"080901";"CUSCO";"LA CONVENCION";"SANTA ANA";"SANIDAD DE LA POLICIA NACIONAL DEL PERU";"I-2";"00011744";"POSTA MEDICO POLICIAL LA CONVENCION - QUILLABAMBA";"NE_0001";"";"NE_0001";"NE_0001";"NE_0001";"NE_0001";"NE_0001";"NE_0001";"NE_0001"
"2023";"11";"200101";"PIURA";"PIURA";"PIURA";"PRIVADO";"II-1";"00025208";"GRUPO CARITA FELIZ S.A.";"242300";"HOSPITALIZACIÓN DE PEDIATRÍA  PEDIATRÍA  GENERAL ";"18";"19";"48";"45";"2";"60";"0"
"2023";"11";"200101";"PIURA";"PIURA";"PIURA";"PRIVADO";"II-1";"00025208";"GRUPO CARITA FELIZ S.A.";"241900";"HOSPITALIZACIÓN DE MEDICINA MEDICINA INTERNA ";"25";"28";"140";"107";"4";"120";"0"
"2023";"11";"200101";"PIURA";"PIURA";"PIURA";"PRIVADO";"II-1";"00025208";"GRUPO CARITA FELIZ S.A.";"240100";"HOSPITALIZACIÓN QUIRÚRGICA CIRUGÍA GENERAL ";"73";"70";"207";"171";"9";"270";"1"
"2023";"11";"200101";"PIURA";"PIURA";"PIURA";"PRIVADO";"II-1";"00025208";"GRUPO CARITA FELIZ S.A.";"241400";"HOSPITALIZACIÓN QUIRÚRGICA GINECO - OBSTETRICIA ";"30";"33";"64";"62";"5";"150";"0"
"2023";"11";"200101";"PIURA";"PIURA";"PIURA";"PRIVADO";"II-1";"00025208";"GRUPO CARITA FELIZ S.A.";"250100";"UNIDAD DE CUIDADOS CRITICOS UNIDAD  DE CUIDADOS INTENSIVOS GENERALES (UCI) ";"6";"1";"6";"41";"3";"90";"0"
"2023";"11";"200101";"PIURA";"PIURA";"PIURA";"PRIVADO";"II-1";"00025208";"GRUPO CARITA FELIZ S.A.";"250105";"UNIDAD DE CUIDADOS CRITICOS UNIDAD  DE CUIDADOS INTENSIVOS  (UCI) NEONATOLOGÍA";"1";"1";"9";"10";"2";"60";"0"
"2023";"11";"200101";"PIURA";"PIURA";"PIURA";"PRIVADO";"II-1";"00025208";"GRUPO CARITA FELIZ S.A.";"250201";"UNIDAD DE CUIDADOS CRITICOS UNIDAD DE CUIDADOS INTERMEDIOS  (UCIN) NEONATAL";"3";"2";"8";"14";"2";"60";"0"
"2023";"11";"140101";"LAMBAYEQUE";"CHICLAYO";"CHICLAYO";"SANIDAD DE LA POLICIA NACIONAL DEL PERU";"I-4";"00011833";"HOSPITAL REGIONAL POLICIAL CHICLAYO";"241800";"HOSPITALIZACIÓN DE MEDICINA MEDICINA GENERAL ";"11";"11";"64";"79";"16";"480";"0"
"2023";"11";"040103";"AREQUIPA";"AREQUIPA";"CAYMA";"SANIDAD DE LA POLICIA NACIONAL DEL PERU";"II-1";"00011794";"HOSPITAL REGIONAL PNP AREQUIPA";"240100";"HOSPITALIZACIÓN QUIRÚRGICA CIRUGÍA GENERAL ";"51";"45";"199";"199";"20";"600";"0"
"2023";"11";"040103";"AREQUIPA";"AREQUIPA";"CAYMA";"SANIDAD DE LA POLICIA NACIONAL DEL PERU";"II-1";"00011794";"HOSPITAL REGIONAL PNP AREQUIPA";"241400";"HOSPITALIZACIÓN QUIRÚRGICA GINECO - OBSTETRICIA ";"13";"15";"40";"40";"4";"120";"0"
"2023";"11";"040103";"AREQUIPA";"AREQUIPA";"CAYMA";"SANIDAD DE LA POLICIA NACIONAL DEL PERU";"II-1";"00011794";"HOSPITAL REGIONAL PNP AREQUIPA";"241500";"HOSPITALIZACIÓN QUIRÚRGICA GINECOLOGÍA  ";"15";"10";"29";"29";"2";"60";"0"
"2023";"11";"040103";"AREQUIPA";"AREQUIPA";"CAYMA";"SANIDAD DE LA POLICIA NACIONAL DEL PERU";"II-1";"00011794";"HOSPITAL REGIONAL PNP AREQUIPA";"241800";"HOSPITALIZACIÓN DE MEDICINA MEDICINA GENERAL ";"29";"23";"208";"208";"20";"600";"1"
"2023";"11";"040103";"AREQUIPA";"AREQUIPA";"CAYMA";"SANIDAD DE LA POLICIA NACIONAL DEL PERU";"II-1";"00011794";"HOSPITAL REGIONAL PNP AREQUIPA";"242300";"HOSPITALIZACIÓN DE PEDIATRÍA  PEDIATRÍA  GENERAL ";"5";"4";"8";"8";"6";"180";"0"
"2023";"11";"040103";"AREQUIPA";"AREQUIPA";"CAYMA";"SANIDAD DE LA POLICIA NACIONAL DEL PERU";"II-1";"00011794";"HOSPITAL REGIONAL PNP AREQUIPA";"243200";"HOSPITALIZACIÓN DE PEDIATRÍA PEDIATRIA NEONATOLOGÍA";"1";"0";"9";"9";"6";"180";"0"
"2023";"11";"040103";"AREQUIPA";"AREQUIPA";"CAYMA";"SANIDAD DE LA POLICIA NACIONAL DEL PERU";"II-1";"00011794";"HOSPITAL REGIONAL PNP AREQUIPA";"245400";"HOSPITALIZACIÓN DE MEDICINA GINECOLOGIA ";"2";"2";"4";"4";"2";"60";"0"
"2023";"11";"081207";"CUSCO";"QUISPICANCHI";"HUARO";"SANIDAD DE LA POLICIA NACIONAL DEL PERU";"I-2";"00011747";"POSTA MEDICA POLICIAL PUCUTO";"NE_0001";"";"NE_0001";"NE_0001";"NE_0001";"NE_0001";"NE_0001";"NE_0001";"NE_0001"
"2023";"11";"240103";"TUMBES";"TUMBES";"LA CRUZ";"ESSALUD";"I-2";"00012274";"POSTA MEDICA LA CRUZ";"NE_0001";"";"NE_0001";"NE_0001";"NE_0001";"NE_0001";"NE_0001";"NE_0001";"NE_0001"
"2023";"11";"060812";"CAJAMARCA";"JAEN";"SANTA ROSA";"GOBIERNO REGIONAL";"I-3";"00004261";"SANTA ROSA";"NE_0001";"";"NE_0001";"NE_0001";"NE_0001";"NE_0001";"NE_0001";"NE_0001";"NE_0001"
"2023";"11";"220901";"SAN MARTIN";"SAN MARTIN";"TARAPOTO";"GOBIERNO REGIONAL";"I-3";"00006362";"CENTRO DE SALUD NUEVE DE ABRIL";"NE_0001";"";"NE_0001";"NE_0001";"NE_0001";"NE_0001";"NE_0001";"NE_0001";"NE_0001"
"2023";"11";"220901";"SAN MARTIN";"SAN MARTIN";"TARAPOTO";"GOBIERNO REGIONAL";"I-3";"00006370";"PUNTA DEL ESTE";"NE_0001";"";"NE_0001";"NE_0001";"NE_0001";"NE_0001";"NE_0001";"NE_0001";"NE_0001"
"2023";"11";"120303";"JUNIN";"CHANCHAMAYO";"PICHANAQUI";"GOBIERNO REGIONAL";"II-1";"00000340";"HOSPITAL DE APOYO PICHANAKI";"241800";"HOSPITALIZACIÓN DE MEDICINA MEDICINA GENERAL ";"44";"47";"216";"216";"8";"248";"2"
"2023";"11";"120303";"JUNIN";"CHANCHAMAYO";"PICHANAQUI";"GOBIERNO REGIONAL";"II-1";"00000340";"HOSPITAL DE APOYO PICHANAKI";"240100";"HOSPITALIZACIÓN QUIRÚRGICA CIRUGÍA GENERAL ";"54";"54";"185";"185";"7";"217";"0"
"2023";"11";"120303";"JUNIN";"CHANCHAMAYO";"PICHANAQUI";"GOBIERNO REGIONAL";"II-1";"00000340";"HOSPITAL DE APOYO PICHANAKI";"241200";"HOSPITALIZACIÓN QUIRÚRGICA TRAUMATOLOGÍA Y ORTOPEDIA ";"10";"10";"24";"24";"2";"62";"0"
"2023";"11";"120303";"JUNIN";"CHANCHAMAYO";"PICHANAQUI";"GOBIERNO REGIONAL";"II-1";"00000340";"HOSPITAL DE APOYO PICHANAKI";"242500";"HOSPITALIZACIÓN-PEDIATRÍA GENERAL-";"18";"16";"53";"53";"3";"93";"0"
"2023";"11";"120303";"JUNIN";"CHANCHAMAYO";"PICHANAQUI";"GOBIERNO REGIONAL";"II-1";"00000340";"HOSPITAL DE APOYO PICHANAKI";"241600";"HOSPITALIZACIÓN QUIRÚRGICA OBSTETRICIA   ";"99";"97";"161";"161";"12";"372";"0"
"2023";"11";"120303";"JUNIN";"CHANCHAMAYO";"PICHANAQUI";"GOBIERNO REGIONAL";"II-1";"00000340";"HOSPITAL DE APOYO PICHANAKI";"241400";"HOSPITALIZACIÓN QUIRÚRGICA GINECO - OBSTETRICIA ";"46";"49";"97";"97";"10";"310";"0"
"2023";"11";"150141";"LIMA";"LIMA";"SURQUILLO";"ESSALUD";"I-3";"00013091";"CENTRO DE ATENCION PRIMARIA III SURQUILLO";"NE_0001";"";"NE_0001";"NE_0001";"NE_0001";"NE_0001";"NE_0001";"NE_0001";"NE_0001"
"2023";"11";"150122";"LIMA";"LIMA";"MIRAFLORES";"PRIVADO";"II-E";"00011849";"CLINICA MIRAFLORES SAC";"240000";"HOSPITALIZACIÓN";"21";"21";"57";"55";"10";"300";"0"
"2023";"11";"150122";"LIMA";"LIMA";"MIRAFLORES";"PRIVADO";"II-E";"00011849";"CLINICA MIRAFLORES SAC";"250105";"UNIDAD DE CUIDADOS CRITICOS UNIDAD  DE CUIDADOS INTENSIVOS  (UCI) NEONATOLOGÍA";"1";"1";"1";"2";"3";"93";"0"
"2023";"11";"150122";"LIMA";"LIMA";"MIRAFLORES";"PRIVADO";"II-E";"00011849";"CLINICA MIRAFLORES SAC";"250200";"UNIDAD DE CUIDADOS CRITICOS UNIDAD DE CUIDADOS INTERMEDIOS GENERAL  (UCIN) ";"2";"2";"5";"6";"2";"62";"0"
"2023";"11";"150122";"LIMA";"LIMA";"MIRAFLORES";"PRIVADO";"II-E";"00011849";"CLINICA MIRAFLORES SAC";"243200";"HOSPITALIZACIÓN DE PEDIATRÍA PEDIATRIA NEONATOLOGÍA";"5";"5";"14";"18";"6";"180";"0"
"2023";"10";"160201";"LORETO";"ALTO AMAZONAS";"YURIMAGUAS";"GOBIERNO REGIONAL";"II-2";"00000210";"HOSPITAL II-2 SANTA GEMA DE YURIMAGUAS";"240100";"HOSPITALIZACIÓN QUIRÚRGICA CIRUGÍA GENERAL ";"77";"83";"354";"354";"7";"217";"0"
"2023";"10";"160201";"LORETO";"ALTO AMAZONAS";"YURIMAGUAS";"GOBIERNO REGIONAL";"II-2";"00000210";"HOSPITAL II-2 SANTA GEMA DE YURIMAGUAS";"241200";"HOSPITALIZACIÓN QUIRÚRGICA TRAUMATOLOGÍA Y ORTOPEDIA ";"16";"17";"66";"35";"4";"217";"0"
"2023";"10";"160201";"LORETO";"ALTO AMAZONAS";"YURIMAGUAS";"GOBIERNO REGIONAL";"II-2";"00000210";"HOSPITAL II-2 SANTA GEMA DE YURIMAGUAS";"241300";"HOSPITALIZACIÓN QUIRÚRGICA UROLOGÍA  ";"3";"3";"9";"9";"1";"31";"0"
"2023";"10";"160201";"LORETO";"ALTO AMAZONAS";"YURIMAGUAS";"GOBIERNO REGIONAL";"II-2";"00000210";"HOSPITAL II-2 SANTA GEMA DE YURIMAGUAS";"241500";"HOSPITALIZACIÓN QUIRÚRGICA GINECOLOGÍA  ";"67";"70";"161";"157";"8";"248";"0"
"2023";"10";"160201";"LORETO";"ALTO AMAZONAS";"YURIMAGUAS";"GOBIERNO REGIONAL";"II-2";"00000210";"HOSPITAL II-2 SANTA GEMA DE YURIMAGUAS";"241600";"HOSPITALIZACIÓN QUIRÚRGICA OBSTETRICIA   ";"176";"193";"412";"415";"25";"775";"0"
"2023";"10";"160201";"LORETO";"ALTO AMAZONAS";"YURIMAGUAS";"GOBIERNO REGIONAL";"II-2";"00000210";"HOSPITAL II-2 SANTA GEMA DE YURIMAGUAS";"241900";"HOSPITALIZACIÓN DE MEDICINA MEDICINA INTERNA ";"70";"84";"512";"512";"12";"589";"6"
"2023";"10";"160201";"LORETO";"ALTO AMAZONAS";"YURIMAGUAS";"GOBIERNO REGIONAL";"II-2";"00000210";"HOSPITAL II-2 SANTA GEMA DE YURIMAGUAS";"242500";"HOSPITALIZACIÓN-PEDIATRÍA GENERAL-";"68";"75";"271";"210";"6";"465";"0"
"2023";"10";"160201";"LORETO";"ALTO AMAZONAS";"YURIMAGUAS";"GOBIERNO REGIONAL";"II-2";"00000210";"HOSPITAL II-2 SANTA GEMA DE YURIMAGUAS";"243200";"HOSPITALIZACIÓN DE PEDIATRÍA PEDIATRIA NEONATOLOGÍA";"10";"11";"60";"115";"6";"248";"3"
"2023";"11";"120404";"JUNIN";"JAUJA";"ATAURA";"GOBIERNO REGIONAL";"I-1";"00000367";"ATAURA";"NE_0002";"";"NE_0002";"NE_0002";"NE_0002";"NE_0002";"NE_0002";"NE_0002";"NE_0002"
"2023";"11";"120434";"JUNIN";"JAUJA";"YAUYOS";"GOBIERNO REGIONAL";"I-3";"00000377";"YAUYOS";"NE_0002";"";"NE_0002";"NE_0002";"NE_0002";"NE_0002";"NE_0002";"NE_0002";"NE_0002"
"2023";"11";"120423";"JUNIN";"JAUJA";"PACCHA";"GOBIERNO REGIONAL";"I-1";"00000370";"CANCHAPUNCO";"NE_0002";"";"NE_0002";"NE_0002";"NE_0002";"NE_0002";"NE_0002";"NE_0002";"NE_0002"
"2023";"11";"120410";"JUNIN";"JAUJA";"HUERTAS";"GOBIERNO REGIONAL";"I-1";"00000368";"HUERTAS";"NE_0002";"";"NE_0002";"NE_0002";"NE_0002";"NE_0002";"NE_0002";"NE_0002";"NE_0002"
"2023";"11";"120423";"JUNIN";"JAUJA";"PACCHA";"GOBIERNO REGIONAL";"I-1";"00000373";"PATACANCHA";"NE_0002";"";"NE_0002";"NE_0002";"NE_0002";"NE_0002";"NE_0002";"NE_0002";"NE_0002"
"2023";"11";"120434";"JUNIN";"JAUJA";"YAUYOS";"GOBIERNO REGIONAL";"I-1";"00000378";"HUANCAS";"NE_0002";"";"NE_0002";"NE_0002";"NE_0002";"NE_0002";"NE_0002";"NE_0002";"NE_0002"
"2023";"11";"070106";"CALLAO";"CALLAO";"VENTANILLA";"GOBIERNO REGIONAL";"I-4";"00006256";"CENTRO DE SALUD VILLA LOS REYES";"241600";"HOSPITALIZACIÓN QUIRÚRGICA OBSTETRICIA   ";"13";"14";"14";"120";"4";"120";"0"
"2023";"11";"120601";"JUNIN";"SATIPO";"SATIPO";"GOBIERNO REGIONAL";"II-1";"00000432";"DE APOYO MANUEL HIGA ARAKAKI";"240100";"HOSPITALIZACIÓN QUIRÚRGICA CIRUGÍA GENERAL ";"29";"38";"206";"219";"8";"240";"0"
"2023";"11";"120601";"JUNIN";"SATIPO";"SATIPO";"GOBIERNO REGIONAL";"II-1";"00000432";"DE APOYO MANUEL HIGA ARAKAKI";"241200";"HOSPITALIZACIÓN QUIRÚRGICA TRAUMATOLOGÍA Y ORTOPEDIA ";"19";"25";"162";"172";"6";"180";"0"
"2023";"11";"120601";"JUNIN";"SATIPO";"SATIPO";"GOBIERNO REGIONAL";"II-1";"00000432";"DE APOYO MANUEL HIGA ARAKAKI";"241500";"HOSPITALIZACIÓN QUIRÚRGICA GINECOLOGÍA  ";"40";"43";"92";"98";"7";"210";"0"
"2023";"11";"120601";"JUNIN";"SATIPO";"SATIPO";"GOBIERNO REGIONAL";"II-1";"00000432";"DE APOYO MANUEL HIGA ARAKAKI";"241600";"HOSPITALIZACIÓN QUIRÚRGICA OBSTETRICIA   ";"104";"115";"309";"328";"11";"330";"1"
"2023";"11";"120601";"JUNIN";"SATIPO";"SATIPO";"GOBIERNO REGIONAL";"II-1";"00000432";"DE APOYO MANUEL HIGA ARAKAKI";"241900";"HOSPITALIZACIÓN DE MEDICINA MEDICINA INTERNA ";"29";"34";"218";"226";"8";"240";"10"
"2023";"11";"120601";"JUNIN";"SATIPO";"SATIPO";"GOBIERNO REGIONAL";"II-1";"00000432";"DE APOYO MANUEL HIGA ARAKAKI";"242200";"HOSPITALIZACIÓN DE MEDICINA PSIQUIATRÍA ";"4";"4";"57";"87";"10";"300";"0"
"2023";"11";"120601";"JUNIN";"SATIPO";"SATIPO";"GOBIERNO REGIONAL";"II-1";"00000432";"DE APOYO MANUEL HIGA ARAKAKI";"242500";"HOSPITALIZACIÓN-PEDIATRÍA GENERAL-";"14";"15";"77";"88";"4";"120";"0"
"2023";"11";"120601";"JUNIN";"SATIPO";"SATIPO";"GOBIERNO REGIONAL";"II-1";"00000432";"DE APOYO MANUEL HIGA ARAKAKI";"243200";"HOSPITALIZACIÓN DE PEDIATRÍA PEDIATRIA NEONATOLOGÍA";"12";"14";"61";"89";"4";"120";"1"
"2023";"11";"070103";"CALLAO";"CALLAO";"CARMEN DE LA LEGUA-REYNOSO";"GOBIERNO REGIONAL";"II-2";"00006219";"HOSPITAL SAN JOSE";"241500";"HOSPITALIZACIÓN QUIRÚRGICA GINECOLOGÍA  ";"30";"32";"89";"80";"4";"120";"0"
"2023";"11";"030601";"APURIMAC";"CHINCHEROS";"CHINCHEROS";"GOBIERNO REGIONAL";"II-1";"00004140";"HOSPITAL CHINCHEROS";"242500";"HOSPITALIZACIÓN-PEDIATRÍA GENERAL-";"4";"4";"9";"11";"3";"93";"0"
"2023";"06";"130101";"LA LIBERTAD";"TRUJILLO";"TRUJILLO";"ESSALUD";"III-1";"00009042";"VICTOR LAZARTE ECHEGARAY";"250200";"UNIDAD DE CUIDADOS CRITICOS UNIDAD DE CUIDADOS INTERMEDIOS GENERAL  (UCIN) ";"22";"16";"130";"872";"33";"1023";"3"
"2023";"06";"130101";"LA LIBERTAD";"TRUJILLO";"TRUJILLO";"ESSALUD";"III-1";"00009042";"VICTOR LAZARTE ECHEGARAY";"241900";"HOSPITALIZACIÓN DE MEDICINA MEDICINA INTERNA ";"150";"115";"832";"1840";"64";"1984";"18"
"2023";"06";"130101";"LA LIBERTAD";"TRUJILLO";"TRUJILLO";"ESSALUD";"III-1";"00009042";"VICTOR LAZARTE ECHEGARAY";"241300";"HOSPITALIZACIÓN QUIRÚRGICA UROLOGÍA  ";"43";"42";"273";"75";"12";"372";"1"
"2023";"06";"130101";"LA LIBERTAD";"TRUJILLO";"TRUJILLO";"ESSALUD";"III-1";"00009042";"VICTOR LAZARTE ECHEGARAY";"240100";"HOSPITALIZACIÓN QUIRÚRGICA CIRUGÍA GENERAL ";"770";"764";"801";"969";"43";"1333";"0"
"2023";"06";"130101";"LA LIBERTAD";"TRUJILLO";"TRUJILLO";"ESSALUD";"III-1";"00009042";"VICTOR LAZARTE ECHEGARAY";"241200";"HOSPITALIZACIÓN QUIRÚRGICA TRAUMATOLOGÍA Y ORTOPEDIA ";"60";"55";"382";"272";"20";"620";"0"
"2023";"06";"130101";"LA LIBERTAD";"TRUJILLO";"TRUJILLO";"ESSALUD";"III-1";"00009042";"VICTOR LAZARTE ECHEGARAY";"241500";"HOSPITALIZACIÓN QUIRÚRGICA GINECOLOGÍA  ";"35";"34";"95";"11";"5";"155";"0"
"2023";"06";"130101";"LA LIBERTAD";"TRUJILLO";"TRUJILLO";"ESSALUD";"III-1";"00009042";"VICTOR LAZARTE ECHEGARAY";"241600";"HOSPITALIZACIÓN QUIRÚRGICA OBSTETRICIA   ";"303";"299";"725";"859";"35";"1085";"0"
"2023";"06";"130101";"LA LIBERTAD";"TRUJILLO";"TRUJILLO";"ESSALUD";"III-1";"00009042";"VICTOR LAZARTE ECHEGARAY";"242300";"HOSPITALIZACIÓN DE PEDIATRÍA  PEDIATRÍA  GENERAL ";"296";"281";"889";"282";"18";"558";"3"
"2023";"11";"220510";"SAN MARTIN";"LAMAS";"TABALOSOS";"GOBIERNO REGIONAL";"I-1";"00006413";"SAN MIGUEL DEL RIO MAYO";"NE_0001";"";"NE_0001";"NE_0001";"NE_0001";"NE_0001";"NE_0001";"NE_0001";"NE_0001"
"2023";"11";"220506";"SAN MARTIN";"LAMAS";"PINTO RECODO";"GOBIERNO REGIONAL";"I-1";"00006410";"CHURUZAPA PINTO RECODO";"NE_0001";"";"NE_0001";"NE_0001";"NE_0001";"NE_0001";"NE_0001";"NE_0001";"NE_0001"
"2023";"11";"220510";"SAN MARTIN";"LAMAS";"TABALOSOS";"GOBIERNO REGIONAL";"I-4";"00006408";"TABALOSOS";"241600";"HOSPITALIZACIÓN QUIRÚRGICA OBSTETRICIA   ";"9";"9";"9";"9";"2";"30";"0"
"2023";"11";"220510";"SAN MARTIN";"LAMAS";"TABALOSOS";"GOBIERNO REGIONAL";"I-1";"00006414";"PUCAYACU PANJUI";"NE_0001";"";"NE_0001";"NE_0001";"NE_0001";"NE_0001";"NE_0001";"NE_0001";"NE_0001"
"2023";"11";"220506";"SAN MARTIN";"LAMAS";"PINTO RECODO";"GOBIERNO REGIONAL";"I-1";"00006409";"PINTO RECODO";"NE_0001";"";"NE_0001";"NE_0001";"NE_0001";"NE_0001";"NE_0001";"NE_0001";"NE_0001"
"2023";"11";"220509";"SAN MARTIN";"LAMAS";"SHANAO";"GOBIERNO REGIONAL";"I-1";"00006412";"SHANAO";"NE_0001";"";"NE_0001";"NE_0001";"NE_0001";"NE_0001";"NE_0001";"NE_0001";"NE_0001"
"2023";"11";"080902";"CUSCO";"LA CONVENCION";"ECHARATE";"GOBIERNO REGIONAL";"I-2";"00002440";"PANGOA";"NE_0001";"";"NE_0001";"NE_0001";"NE_0001";"NE_0001";"NE_0001";"NE_0001";"NE_0001"
"2023";"11";"080902";"CUSCO";"LA CONVENCION";"ECHARATE";"GOBIERNO REGIONAL";"I-2";"00002431";"IVOCHOTE";"NE_0001";"";"NE_0001";"NE_0001";"NE_0001";"NE_0001";"NE_0001";"NE_0001";"NE_0001"
"2023";"11";"080902";"CUSCO";"LA CONVENCION";"ECHARATE";"GOBIERNO REGIONAL";"I-3";"00002432";"KEPASHIATO";"NE_0001";"";"NE_0001";"NE_0001";"NE_0001";"NE_0001";"NE_0001";"NE_0001";"NE_0001"
"2023";"11";"080909";"CUSCO";"LA CONVENCION";"VILCABAMBA";"GOBIERNO REGIONAL";"I-1";"00002493";"SELVA ALEGRE";"NE_0001";"";"NE_0001";"NE_0001";"NE_0001";"NE_0001";"NE_0001";"NE_0001";"NE_0001"
"2023";"11";"080902";"CUSCO";"LA CONVENCION";"ECHARATE";"GOBIERNO REGIONAL";"I-4";"00002427";"KITENI";"NE_0001";"";"NE_0001";"NE_0001";"NE_0001";"NE_0001";"NE_0001";"NE_0001";"NE_0001"
"2023";"11";"080902";"CUSCO";"LA CONVENCION";"ECHARATE";"GOBIERNO REGIONAL";"I-1";"00002443";"SANIRIATO";"NE_0001";"";"NE_0001";"NE_0001";"NE_0001";"NE_0001";"NE_0001";"NE_0001";"NE_0001"
"2023";"09";"120803";"JUNIN";"YAULI";"HUAY HUAY";"GOBIERNO REGIONAL";"I-2";"00000430";"HUAYHUAY";"NE_0001";"";"NE_0001";"NE_0001";"NE_0001";"NE_0001";"NE_0001";"NE_0001";"NE_0001"
"2023";"09";"120804";"JUNIN";"YAULI";"MARCAPOMACOCHA";"GOBIERNO REGIONAL";"I-2";"00000561";"MARCAPOMACOCHA";"NE_0001";"";"NE_0001";"NE_0001";"NE_0001";"NE_0001";"NE_0001";"NE_0001";"NE_0001"
"2023";"09";"120801";"JUNIN";"YAULI";"LA OROYA";"GOBIERNO REGIONAL";"I-1";"00021481";"HUARI";"NE_0001";"";"NE_0001";"NE_0001";"NE_0001";"NE_0001";"NE_0001";"NE_0001";"NE_0001"
"2023";"09";"120809";"JUNIN";"YAULI";"SUITUCANCHA";"GOBIERNO REGIONAL";"I-2";"00000431";"SUITUCANCHA";"NE_0001";"";"NE_0001";"NE_0001";"NE_0001";"NE_0001";"NE_0001";"NE_0001";"NE_0001"
"2023";"09";"120808";"JUNIN";"YAULI";"SANTA ROSA DE SACCO";"GOBIERNO REGIONAL";"I-3";"00000566";"SANTA ROSA DE SACCO";"NE_0001";"";"NE_0001";"NE_0001";"NE_0001";"NE_0001";"NE_0001";"NE_0001";"NE_0001"
"2023";"09";"120801";"JUNIN";"YAULI";"LA OROYA";"GOBIERNO REGIONAL";"I-4";"00000559";"LA OROYA";"NE_0001";"";"NE_0001";"NE_0001";"NE_0001";"NE_0001";"NE_0001";"NE_0001";"NE_0001"
"2023";"09";"120801";"JUNIN";"YAULI";"LA OROYA";"GOBIERNO REGIONAL";"I-2";"00000560";"HUAYNACANCHA";"NE_0001";"";"NE_0001";"NE_0001";"NE_0001";"NE_0001";"NE_0001";"NE_0001";"NE_0001"
"2023";"09";"120804";"JUNIN";"YAULI";"MARCAPOMACOCHA";"GOBIERNO REGIONAL";"I-1";"00000562";"SAN FRANCISCO DE YANTAC";"NE_0001";"";"NE_0001";"NE_0001";"NE_0001";"NE_0001";"NE_0001";"NE_0001";"NE_0001"
"2023";"09";"120810";"JUNIN";"YAULI";"YAULI";"GOBIERNO REGIONAL";"I-2";"00000567";"YAULI - LA OROYA";"NE_0001";"";"NE_0001";"NE_0001";"NE_0001";"NE_0001";"NE_0001";"NE_0001";"NE_0001"
"2023";"09";"120808";"JUNIN";"YAULI";"SANTA ROSA DE SACCO";"GOBIERNO REGIONAL";"I-1";"00021449";"JUAN PABLO II";"NE_0001";"";"NE_0001";"NE_0001";"NE_0001";"NE_0001";"NE_0001";"NE_0001";"NE_0001"
"2023";"09";"120802";"JUNIN";"YAULI";"CHACAPALPA";"GOBIERNO REGIONAL";"I-1";"00000429";"CHACAPALPA";"NE_0001";"";"NE_0001";"NE_0001";"NE_0001";"NE_0001";"NE_0001";"NE_0001";"NE_0001"
"2023";"09";"120806";"JUNIN";"YAULI";"PACCHA";"GOBIERNO REGIONAL";"I-2";"00000564";"PACCHA - LA OROYA";"NE_0001";"";"NE_0001";"NE_0001";"NE_0001";"NE_0001";"NE_0001";"NE_0001";"NE_0001"
"2023";"09";"190109";"PASCO";"PASCO";"SIMON BOLIVAR";"ESSALUD";"II-2";"00009747";"HOSPITAL II PASCO";"241800";"HOSPITALIZACIÓN DE MEDICINA MEDICINA GENERAL ";"47";"47";"321";"234";"12";"360";"2"
"2023";"09";"190109";"PASCO";"PASCO";"SIMON BOLIVAR";"ESSALUD";"II-2";"00009747";"HOSPITAL II PASCO";"250100";"UNIDAD DE CUIDADOS CRITICOS UNIDAD  DE CUIDADOS INTENSIVOS GENERALES (UCI) ";"6";"6";"68";"68";"4";"120";"0"
"2023";"09";"190109";"PASCO";"PASCO";"SIMON BOLIVAR";"ESSALUD";"II-2";"00009747";"HOSPITAL II PASCO";"240100";"HOSPITALIZACIÓN QUIRÚRGICA CIRUGÍA GENERAL ";"72";"72";"346";"321";"13";"390";"0"
"2023";"09";"190109";"PASCO";"PASCO";"SIMON BOLIVAR";"ESSALUD";"II-2";"00009747";"HOSPITAL II PASCO";"241400";"HOSPITALIZACIÓN QUIRÚRGICA GINECO - OBSTETRICIA ";"72";"72";"153";"146";"8";"240";"0"
"2023";"09";"190109";"PASCO";"PASCO";"SIMON BOLIVAR";"ESSALUD";"II-2";"00009747";"HOSPITAL II PASCO";"242300";"HOSPITALIZACIÓN DE PEDIATRÍA  PEDIATRÍA  GENERAL ";"52";"53";"187";"163";"7";"210";"1"
"2023";"09";"190109";"PASCO";"PASCO";"SIMON BOLIVAR";"ESSALUD";"II-2";"00009747";"HOSPITAL II PASCO";"243200";"HOSPITALIZACIÓN DE PEDIATRÍA PEDIATRIA NEONATOLOGÍA";"67";"67";"265";"265";"12";"360";"1"
"2023";"09";"150112";"LIMA";"LIMA";"INDEPENDENCIA";"ESSALUD";"I-3";"00016357";"CENTRO DE ATENCION PRIMARIA III INDEPENDENCIA - RAA - ESSALUD";"NE_0001";"";"NE_0001";"NE_0001";"NE_0001";"NE_0001";"NE_0001";"NE_0001";"NE_0001"
"2023";"10";"150116";"LIMA";"LIMA";"LINCE";"PRIVADO";"II-E";"00015927";"CLINICA DE OJOS D´OPELUCE";"NE_0001";"";"NE_0001";"NE_0001";"NE_0001";"NE_0001";"NE_0001";"NE_0001";"NE_0001"
"2023";"10";"150113";"LIMA";"LIMA";"JESUS MARIA";"PRIVADO";"II-E";"00015716";"CLÍNICA VISTA";"NE_0001";"";"NE_0001";"NE_0001";"NE_0001";"NE_0001";"NE_0001";"NE_0001";"NE_0001"
"2023";"10";"200104";"PIURA";"PIURA";"CASTILLA";"SANIDAD DE LA POLICIA NACIONAL DEL PERU";"I-3";"00010679";"POLICLINICO PNP ""ALMIRANTE MIGUEL GRAU""";"NE_0002";"";"NE_0002";"NE_0002";"NE_0002";"NE_0002";"NE_0002";"NE_0002";"NE_0002"
"2023";"11";"021801";"ANCASH";"SANTA";"CHIMBOTE";"GOBIERNO REGIONAL";"II-2";"00001652";"HOSPITAL LA CALETA";"241600";"HOSPITALIZACIÓN QUIRÚRGICA OBSTETRICIA   ";"205";"209";"460";"631";"22";"660";"0"
"2023";"11";"021801";"ANCASH";"SANTA";"CHIMBOTE";"GOBIERNO REGIONAL";"II-2";"00001652";"HOSPITAL LA CALETA";"241500";"HOSPITALIZACIÓN QUIRÚRGICA GINECOLOGÍA  ";"15";"21";"69";"127";"5";"150";"0"
"2023";"11";"060804";"CAJAMARCA";"JAEN";"COLASAY";"GOBIERNO REGIONAL";"I-1";"00004239";"CEDRO PASTO";"NE_0001";"";"NE_0001";"NE_0001";"NE_0001";"NE_0001";"NE_0001";"NE_0001";"NE_0001"
"2023";"11";"070102";"CALLAO";"CALLAO";"BELLAVISTA";"GOBIERNO REGIONAL";"I-2";"00030821";"CONSULTORIO OCUPACIONAL DE LA UNIDAD FUNCIONAL DE  SEGURIDAD Y SALUD EN EL TRABAJO - UFSST";"NE_0001";"";"NE_0001";"NE_0001";"NE_0001";"NE_0001";"NE_0001";"NE_0001";"NE_0001"
"2023";"09";"220805";"SAN MARTIN";"RIOJA";"PARDO MIGUEL";"GOBIERNO REGIONAL";"I-1";"00006310";"PERLA DEL MAYO";"NE_0001";"";"NE_0001";"NE_0001";"NE_0001";"NE_0001";"NE_0001";"NE_0001";"NE_0001"
"2023";"09";"220805";"SAN MARTIN";"RIOJA";"PARDO MIGUEL";"GOBIERNO REGIONAL";"I-1";"00006309";"TUMBARO";"NE_0001";"";"NE_0001";"NE_0001";"NE_0001";"NE_0001";"NE_0001";"NE_0001";"NE_0001"
"2023";"09";"220805";"SAN MARTIN";"RIOJA";"PARDO MIGUEL";"GOBIERNO REGIONAL";"I-1";"00006308";"SAN AGUSTIN";"NE_0001";"";"NE_0001";"NE_0001";"NE_0001";"NE_0001";"NE_0001";"NE_0001";"NE_0001"
"2023";"09";"220805";"SAN MARTIN";"RIOJA";"PARDO MIGUEL";"GOBIERNO REGIONAL";"I-1";"00006307";"PIONEROS BAJO (SAN JUAN DEL MAYO)";"NE_0001";"";"NE_0001";"NE_0001";"NE_0001";"NE_0001";"NE_0001";"NE_0001";"NE_0001"
"2023";"09";"220805";"SAN MARTIN";"RIOJA";"PARDO MIGUEL";"GOBIERNO REGIONAL";"I-1";"00006306";"EL MIRADOR";"NE_0001";"";"NE_0001";"NE_0001";"NE_0001";"NE_0001";"NE_0001";"NE_0001";"NE_0001"
"2023";"09";"220805";"SAN MARTIN";"RIOJA";"PARDO MIGUEL";"GOBIERNO REGIONAL";"I-2";"00006305";"AGUAS VERDES";"NE_0001";"";"NE_0001";"NE_0001";"NE_0001";"NE_0001";"NE_0001";"NE_0001";"NE_0001"
"2023";"09";"220805";"SAN MARTIN";"RIOJA";"PARDO MIGUEL";"GOBIERNO REGIONAL";"I-2";"00006304";"AGUAS CLARAS";"NE_0001";"";"NE_0001";"NE_0001";"NE_0001";"NE_0001";"NE_0001";"NE_0001";"NE_0001"
"2023";"11";"081003";"CUSCO";"PARURO";"CCAPI";"GOBIERNO REGIONAL";"I-2";"00002502";"CCOYABAMBA";"NE_0002";"";"NE_0002";"NE_0002";"NE_0002";"NE_0002";"NE_0002";"NE_0002";"NE_0002"
"2023";"11";"081006";"CUSCO";"PARURO";"OMACHA";"GOBIERNO REGIONAL";"I-2";"00002506";"ANTAPALLPA";"NE_0002";"";"NE_0002";"NE_0002";"NE_0002";"NE_0002";"NE_0002";"NE_0002";"NE_0002"
"2023";"11";"080106";"CUSCO";"CUSCO";"SANTIAGO";"OTRO";"II-E";"00012995";"SAN JUAN PABLO II";"242200";"HOSPITALIZACIÓN DE MEDICINA PSIQUIATRÍA ";"40";"7";"125";"2875";"40";"1240";"0"
"2023";"11";"150131";"LIMA";"LIMA";"SAN ISIDRO";"PRIVADO";"III-1";"00009409";"CLINICA RICARDO PALMA";"240000";"HOSPITALIZACIÓN";"693";"702";"3321";"2840";"149";"3043";"19"
"2023";"11";"150131";"LIMA";"LIMA";"SAN ISIDRO";"PRIVADO";"III-1";"00009409";"CLINICA RICARDO PALMA";"242300";"HOSPITALIZACIÓN DE PEDIATRÍA  PEDIATRÍA  GENERAL ";"86";"88";"571";"494";"18";"580";"0"
"2023";"11";"150131";"LIMA";"LIMA";"SAN ISIDRO";"PRIVADO";"III-1";"00009409";"CLINICA RICARDO PALMA";"241400";"HOSPITALIZACIÓN QUIRÚRGICA GINECO - OBSTETRICIA ";"82";"82";"237";"346";"8";"420";"0"
"2023";"11";"150131";"LIMA";"LIMA";"SAN ISIDRO";"PRIVADO";"III-1";"00009409";"CLINICA RICARDO PALMA";"250105";"UNIDAD DE CUIDADOS CRITICOS UNIDAD  DE CUIDADOS INTENSIVOS  (UCI) NEONATOLOGÍA";"1";"1";"5";"32";"4";"203";"0"
"2023";"11";"030201";"APURIMAC";"ANDAHUAYLAS";"ANDAHUAYLAS";"PRIVADO";"I-3";"00021664";"ADMEDICAL CENTRO MEDICO";"NE_0001";"";"NE_0001";"NE_0001";"NE_0001";"NE_0001";"NE_0001";"NE_0001";"NE_0001"
"2023";"11";"150141";"LIMA";"LIMA";"SURQUILLO";"PRIVADO";"II-E";"00012947";"CLINICA SANTA MARIA";"240000";"HOSPITALIZACIÓN";"153";"144";"202";"235";"20";"600";"0"
"2023";"11";"230101";"TACNA";"TACNA";"TACNA";"PRIVADO";"II-1";"00027462";"CLINICA LA LUZ";"240100";"HOSPITALIZACIÓN QUIRÚRGICA CIRUGÍA GENERAL ";"19";"19";"64";"67";"3";"121";"0"
"2023";"11";"230101";"TACNA";"TACNA";"TACNA";"PRIVADO";"II-1";"00027462";"CLINICA LA LUZ";"240300";"HOSPITALIZACIÓN QUIRÚRGICA CIRUGÍA DIGESTIVA ";"14";"14";"19";"28";"4";"46";"0"
"2023";"11";"230101";"TACNA";"TACNA";"TACNA";"PRIVADO";"II-1";"00027462";"CLINICA LA LUZ";"240400";"HOSPITALIZACIÓN QUIRÚRGICA CIRUGÍA DE TÓRAX Y CARDIOVASCULAR ";"1";"1";"1";"2";"3";"4";"0"
"2023";"11";"230101";"TACNA";"TACNA";"TACNA";"PRIVADO";"II-1";"00027462";"CLINICA LA LUZ";"240800";"HOSPITALIZACIÓN QUIRÚRGICA CIRUGÍA PLÁSTICA/RECONSTRUCTIVA/ REPARADORA ";"7";"7";"7";"9";"2";"18";"0"
"2023";"11";"230101";"TACNA";"TACNA";"TACNA";"PRIVADO";"II-1";"00027462";"CLINICA LA LUZ";"240900";"HOSPITALIZACIÓN QUIRÚRGICA NEUROCIRUGÍA ";"1";"1";"1";"2";"3";"4";"0"
"2023";"11";"230101";"TACNA";"TACNA";"TACNA";"PRIVADO";"II-1";"00027462";"CLINICA LA LUZ";"241000";"HOSPITALIZACIÓN QUIRÚRGICA ONCOLOGÍA QUIRÚRGICA  ";"1";"1";"6";"7";"3";"11";"0"
"2023";"11";"230101";"TACNA";"TACNA";"TACNA";"PRIVADO";"II-1";"00027462";"CLINICA LA LUZ";"241200";"HOSPITALIZACIÓN QUIRÚRGICA TRAUMATOLOGÍA Y ORTOPEDIA ";"6";"6";"20";"15";"2";"20";"0"
"2023";"11";"230101";"TACNA";"TACNA";"TACNA";"PRIVADO";"II-1";"00027462";"CLINICA LA LUZ";"241300";"HOSPITALIZACIÓN QUIRÚRGICA UROLOGÍA  ";"15";"15";"24";"19";"2";"28";"0"
"2023";"11";"230101";"TACNA";"TACNA";"TACNA";"PRIVADO";"II-1";"00027462";"CLINICA LA LUZ";"241500";"HOSPITALIZACIÓN QUIRÚRGICA GINECOLOGÍA  ";"13";"13";"77";"56";"4";"152";"0"
"2023";"11";"230101";"TACNA";"TACNA";"TACNA";"PRIVADO";"II-1";"00027462";"CLINICA LA LUZ";"241800";"HOSPITALIZACIÓN DE MEDICINA MEDICINA GENERAL ";"1";"1";"1";"2";"3";"4";"0"
"2023";"11";"230101";"TACNA";"TACNA";"TACNA";"PRIVADO";"II-1";"00027462";"CLINICA LA LUZ";"242900";"HOSPITALIZACIÓN DE PEDIATRÍA PEDIATRIA GASTROENTEROLOGÍA PEDIÁTRICA";"2";"2";"4";"3";"2";"3";"0"
"2023";"11";"230101";"TACNA";"TACNA";"TACNA";"PRIVADO";"II-1";"00027462";"CLINICA LA LUZ";"245300";"HOSPITALIZACIÓN DE MEDICINA NEUMOLOGÍA  ";"2";"2";"4";"4";"3";"4";"0"
"2023";"11";"240301";"TUMBES";"ZARUMILLA";"ZARUMILLA";"ESSALUD";"I-2";"00012271";"POSTA MEDICA ZARUMILLA";"NE_0001";"";"NE_0001";"NE_0001";"NE_0001";"NE_0001";"NE_0001";"NE_0001";"NE_0001"
"2023";"11";"211101";"PUNO";"SAN ROMAN";"JULIACA";"PRIVADO";"II-1";"00010815";"CLINICA ADVENTISTA AMERICANA DE JULIACA";"240000";"HOSPITALIZACIÓN";"194";"189";"707";"722";"39";"1180";"4"
"2023";"11";"130101";"LA LIBERTAD";"TRUJILLO";"TRUJILLO";"PRIVADO";"II-1";"00027358";"CLÍNICA CRISTO REDENTOR";"240100";"HOSPITALIZACIÓN QUIRÚRGICA CIRUGÍA GENERAL ";"25";"25";"25";"25";"8";"210";"0"
"2023";"11";"080108";"CUSCO";"CUSCO";"WANCHAQ";"PRIVADO";"II-E";"00011338";"PARDO";"240100";"HOSPITALIZACIÓN QUIRÚRGICA CIRUGÍA GENERAL ";"11";"11";"39";"11";"33";"999";"0"
"2023";"11";"080108";"CUSCO";"CUSCO";"WANCHAQ";"PRIVADO";"II-E";"00011338";"PARDO";"240200";"HOSPITALIZACIÓN QUIRÚRGICA CIRUGÍA DE CABEZA Y CUELLO / MÁXILO FACIAL ";"1";"1";"4";"1";"33";"999";"0"
"2023";"11";"080108";"CUSCO";"CUSCO";"WANCHAQ";"PRIVADO";"II-E";"00011338";"PARDO";"240801";"HOSPITALIZACIÓN QUIRÚRGICA CIRUGÍA PLÁSTICA/RECONSTRUCTIVA/ REPARADORA QUEMADOS";"1";"1";"5";"1";"33";"999";"0"
"2023";"11";"080108";"CUSCO";"CUSCO";"WANCHAQ";"PRIVADO";"II-E";"00011338";"PARDO";"240900";"HOSPITALIZACIÓN QUIRÚRGICA NEUROCIRUGÍA ";"15";"16";"29";"16";"33";"999";"0"
"2023";"11";"080108";"CUSCO";"CUSCO";"WANCHAQ";"PRIVADO";"II-E";"00011338";"PARDO";"241000";"HOSPITALIZACIÓN QUIRÚRGICA ONCOLOGÍA QUIRÚRGICA  ";"12";"12";"23";"12";"33";"999";"0"
"2023";"11";"080108";"CUSCO";"CUSCO";"WANCHAQ";"PRIVADO";"II-E";"00011338";"PARDO";"241200";"HOSPITALIZACIÓN QUIRÚRGICA TRAUMATOLOGÍA Y ORTOPEDIA ";"32";"36";"112";"36";"33";"999";"0"
"2023";"11";"080108";"CUSCO";"CUSCO";"WANCHAQ";"PRIVADO";"II-E";"00011338";"PARDO";"241300";"HOSPITALIZACIÓN QUIRÚRGICA UROLOGÍA  ";"5";"5";"23";"5";"33";"999";"0"
"2023";"11";"080108";"CUSCO";"CUSCO";"WANCHAQ";"PRIVADO";"II-E";"00011338";"PARDO";"241400";"HOSPITALIZACIÓN QUIRÚRGICA GINECO - OBSTETRICIA ";"22";"22";"45";"22";"33";"999";"0"
"2023";"11";"080108";"CUSCO";"CUSCO";"WANCHAQ";"PRIVADO";"II-E";"00011338";"PARDO";"241900";"HOSPITALIZACIÓN DE MEDICINA MEDICINA INTERNA ";"20";"20";"97";"18";"33";"999";"0"
"2023";"11";"080108";"CUSCO";"CUSCO";"WANCHAQ";"PRIVADO";"II-E";"00011338";"PARDO";"242300";"HOSPITALIZACIÓN DE PEDIATRÍA  PEDIATRÍA  GENERAL ";"1";"1";"3";"1";"33";"999";"0"
"2023";"11";"080108";"CUSCO";"CUSCO";"WANCHAQ";"PRIVADO";"II-E";"00011338";"PARDO";"244700";"HOSPITALIZACIÓN DE MEDICINA NEUROLOGIA  ";"18";"18";"41";"18";"33";"999";"0"
"2023";"11";"080108";"CUSCO";"CUSCO";"WANCHAQ";"PRIVADO";"II-E";"00011338";"PARDO";"245300";"HOSPITALIZACIÓN DE MEDICINA NEUMOLOGÍA  ";"4";"4";"17";"4";"33";"999";"0"
"2023";"11";"080108";"CUSCO";"CUSCO";"WANCHAQ";"PRIVADO";"II-E";"00011338";"PARDO";"250100";"UNIDAD DE CUIDADOS CRITICOS UNIDAD  DE CUIDADOS INTENSIVOS GENERALES (UCI) ";"17";"19";"57";"16";"33";"999";"0"
"2023";"11";"070101";"CALLAO";"CALLAO";"CALLAO";"PRIVADO";"II-E";"00025535";"CLÍNICA  OQUENDO";"240000";"HOSPITALIZACIÓN";"12";"12";"12";"12";"11";"330";"0"
"2023";"11";"080106";"CUSCO";"CUSCO";"SANTIAGO";"PRIVADO";"II-E";"00024173";"OXIGEN MEDICAL NETWORK";"240100";"HOSPITALIZACIÓN QUIRÚRGICA CIRUGÍA GENERAL ";"34";"32";"195";"36";"13";"390";"0"
"2023";"11";"080106";"CUSCO";"CUSCO";"SANTIAGO";"PRIVADO";"II-E";"00024173";"OXIGEN MEDICAL NETWORK";"241800";"HOSPITALIZACIÓN DE MEDICINA MEDICINA GENERAL ";"203";"185";"496";"215";"12";"360";"0"
"2023";"11";"080106";"CUSCO";"CUSCO";"SANTIAGO";"PRIVADO";"II-E";"00024173";"OXIGEN MEDICAL NETWORK";"250100";"UNIDAD DE CUIDADOS CRITICOS UNIDAD  DE CUIDADOS INTENSIVOS GENERALES (UCI) ";"5";"4";"34";"6";"5";"150";"1"
"2023";"11";"080106";"CUSCO";"CUSCO";"SANTIAGO";"PRIVADO";"II-E";"00024173";"OXIGEN MEDICAL NETWORK";"250200";"UNIDAD DE CUIDADOS CRITICOS UNIDAD DE CUIDADOS INTERMEDIOS GENERAL  (UCIN) ";"3";"3";"22";"3";"2";"60";"0"
"2023";"11";"070106";"CALLAO";"CALLAO";"VENTANILLA";"GOBIERNO REGIONAL";"II-1";"00007126";"HOSPITAL DE VENTANILLA";"240100";"HOSPITALIZACIÓN QUIRÚRGICA CIRUGÍA GENERAL ";"95";"103";"316";"356";"15";"450";"0"
"2023";"11";"070106";"CALLAO";"CALLAO";"VENTANILLA";"GOBIERNO REGIONAL";"II-1";"00007126";"HOSPITAL DE VENTANILLA";"241500";"HOSPITALIZACIÓN QUIRÚRGICA GINECOLOGÍA  ";"26";"26";"58";"57";"3";"90";"0"
"2023";"11";"070106";"CALLAO";"CALLAO";"VENTANILLA";"GOBIERNO REGIONAL";"II-1";"00007126";"HOSPITAL DE VENTANILLA";"241600";"HOSPITALIZACIÓN QUIRÚRGICA OBSTETRICIA   ";"160";"164";"405";"279";"18";"540";"0"
"2023";"11";"070106";"CALLAO";"CALLAO";"VENTANILLA";"GOBIERNO REGIONAL";"II-1";"00007126";"HOSPITAL DE VENTANILLA";"241800";"HOSPITALIZACIÓN DE MEDICINA MEDICINA GENERAL ";"27";"35";"258";"316";"16";"480";"0"
"2023";"11";"070106";"CALLAO";"CALLAO";"VENTANILLA";"GOBIERNO REGIONAL";"II-1";"00007126";"HOSPITAL DE VENTANILLA";"242500";"HOSPITALIZACIÓN-PEDIATRÍA GENERAL-";"35";"40";"124";"100";"9";"270";"0"
"2023";"11";"070106";"CALLAO";"CALLAO";"VENTANILLA";"GOBIERNO REGIONAL";"II-1";"00007126";"HOSPITAL DE VENTANILLA";"243200";"HOSPITALIZACIÓN DE PEDIATRÍA PEDIATRIA NEONATOLOGÍA";"11";"14";"43";"49";"9";"270";"0"
"2023";"11";"150131";"LIMA";"LIMA";"SAN ISIDRO";"PRIVADO";"I-2";"00008215";"MEDICENTRO SAN ISIDRO";"NE_0001";"";"NE_0001";"NE_0001";"NE_0001";"NE_0001";"NE_0001";"NE_0001";"NE_0001"
"2023";"11";"220909";"SAN MARTIN";"SAN MARTIN";"LA BANDA DE SHILCAYO";"PRIVADO";"II-E";"00015835";"CLINICA OFTALMOLOGICA DE LA SELVA";"NE_0001";"";"NE_0001";"NE_0001";"NE_0001";"NE_0001";"NE_0001";"NE_0001";"NE_0001"
"2023";"11";"150131";"LIMA";"LIMA";"SAN ISIDRO";"PRIVADO";"II-2";"00009437";"CLINICA LIMATAMBO";"240000";"HOSPITALIZACIÓN";"124";"125";"387";"295";"38";"1178";"4"
"2023";"11";"070101";"CALLAO";"CALLAO";"CALLAO";"PRIVADO";"I-3";"00021094";"LIMATAMBO SEDE MINKA II";"NE_0001";"";"NE_0001";"NE_0001";"NE_0001";"NE_0001";"NE_0001";"NE_0001";"NE_0001"
"2023";"11";"080908";"CUSCO";"LA CONVENCION";"SANTA TERESA";"GOBIERNO REGIONAL";"I-4";"00002476";"SANTA TERESA";"NE_0001";"";"NE_0001";"NE_0001";"NE_0001";"NE_0001";"NE_0001";"NE_0001";"NE_0001"
"2023";"11";"080903";"CUSCO";"LA CONVENCION";"HUAYOPATA";"GOBIERNO REGIONAL";"I-3";"00002453";"HUYRO";"NE_0001";"";"NE_0001";"NE_0001";"NE_0001";"NE_0001";"NE_0001";"NE_0001";"NE_0001"
"2023";"11";"080908";"CUSCO";"LA CONVENCION";"SANTA TERESA";"GOBIERNO REGIONAL";"I-1";"00002478";"TOTORA";"NE_0001";"";"NE_0001";"NE_0001";"NE_0001";"NE_0001";"NE_0001";"NE_0001";"NE_0001"
"2023";"11";"080903";"CUSCO";"LA CONVENCION";"HUAYOPATA";"GOBIERNO REGIONAL";"I-1";"00002454";"ALFAMAYO";"NE_0001";"";"NE_0001";"NE_0001";"NE_0001";"NE_0001";"NE_0001";"NE_0001";"NE_0001"
"2023";"11";"080903";"CUSCO";"LA CONVENCION";"HUAYOPATA";"GOBIERNO REGIONAL";"I-2";"00002456";"AMAYBAMBA";"NE_0001";"";"NE_0001";"NE_0001";"NE_0001";"NE_0001";"NE_0001";"NE_0001";"NE_0001"
"2023";"11";"080904";"CUSCO";"LA CONVENCION";"MARANURA";"GOBIERNO REGIONAL";"I-1";"00002461";"UCHUMAYO";"NE_0001";"";"NE_0001";"NE_0001";"NE_0001";"NE_0001";"NE_0001";"NE_0001";"NE_0001"
"2023";"11";"080903";"CUSCO";"LA CONVENCION";"HUAYOPATA";"GOBIERNO REGIONAL";"I-1";"00002455";"HUAYOPATA";"NE_0001";"";"NE_0001";"NE_0001";"NE_0001";"NE_0001";"NE_0001";"NE_0001";"NE_0001"
"2023";"09";"150101";"LIMA";"LIMA";"LIMA";"PRIVADO";"II-E";"00023833";"INSTITUTO OFTALMOLOGICO LA LUZ SOCIEDAD ANONIMA CERRADA - INSTITUTO OFTALMOLOGICO LA LUZ S.A.C.";"NE_0001";"";"NE_0001";"NE_0001";"NE_0001";"NE_0001";"NE_0001";"NE_0001";"NE_0001"
"2023";"09";"140101";"LAMBAYEQUE";"CHICLAYO";"CHICLAYO";"PRIVADO";"II-E";"00008750";"CLINICA DEL PACIFICO S.A";"240000";"HOSPITALIZACIÓN";"294";"297";"931";"706";"51";"1581";"1"
"2023";"09";"140101";"LAMBAYEQUE";"CHICLAYO";"CHICLAYO";"PRIVADO";"II-E";"00008750";"CLINICA DEL PACIFICO S.A";"250100";"UNIDAD DE CUIDADOS CRITICOS UNIDAD  DE CUIDADOS INTENSIVOS GENERALES (UCI) ";"1";"0";"1";"7";"4";"124";"0"
"2023";"09";"040401";"AREQUIPA";"CASTILLA";"APLAO";"GOBIERNO REGIONAL";"II-1";"00001382";"HOSPITAL APLAO";"240100";"HOSPITALIZACIÓN QUIRÚRGICA CIRUGÍA GENERAL ";"18";"19";"54";"73";"6";"180";"0"
"2023";"09";"040401";"AREQUIPA";"CASTILLA";"APLAO";"GOBIERNO REGIONAL";"II-1";"00001382";"HOSPITAL APLAO";"241200";"HOSPITALIZACIÓN QUIRÚRGICA TRAUMATOLOGÍA Y ORTOPEDIA ";"12";"14";"66";"80";"8";"240";"0"
"2023";"09";"040401";"AREQUIPA";"CASTILLA";"APLAO";"GOBIERNO REGIONAL";"II-1";"00001382";"HOSPITAL APLAO";"241400";"HOSPITALIZACIÓN QUIRÚRGICA GINECO - OBSTETRICIA ";"6";"6";"15";"21";"4";"120";"0"
"2023";"09";"040401";"AREQUIPA";"CASTILLA";"APLAO";"GOBIERNO REGIONAL";"II-1";"00001382";"HOSPITAL APLAO";"241500";"HOSPITALIZACIÓN QUIRÚRGICA GINECOLOGÍA  ";"18";"18";"32";"50";"7";"210";"0"
"2023";"09";"040401";"AREQUIPA";"CASTILLA";"APLAO";"GOBIERNO REGIONAL";"II-1";"00001382";"HOSPITAL APLAO";"241800";"HOSPITALIZACIÓN DE MEDICINA MEDICINA GENERAL ";"10";"14";"114";"128";"14";"420";"1"
"2023";"09";"040401";"AREQUIPA";"CASTILLA";"APLAO";"GOBIERNO REGIONAL";"II-1";"00001382";"HOSPITAL APLAO";"242500";"HOSPITALIZACIÓN-PEDIATRÍA GENERAL-";"10";"10";"36";"46";"10";"300";"0"
"2023";"09";"110301";"ICA";"NAZCA";"NAZCA";"GOBIERNO REGIONAL";"II-1";"00003443";"RICARDO CRUZADO RIVAROLA DE NASCA";"NE_0002";"";"NE_0002";"NE_0002";"NE_0002";"NE_0002";"NE_0002";"NE_0002";"NE_0002"
"2023";"10";"130704";"LA LIBERTAD";"PACASMAYO";"PACASMAYO";"ESSALUD";"I-4";"00008514";"HOSPITAL I PACASMAYO";"241800";"HOSPITALIZACIÓN DE MEDICINA MEDICINA GENERAL ";"51";"47";"189";"231";"12";"372";"1"
"2023";"10";"150117";"LIMA";"LIMA";"LOS OLIVOS";"PRIVADO";"II-E";"00018307";"CLINICA MARIA SRL";"240100";"HOSPITALIZACIÓN QUIRÚRGICA CIRUGÍA GENERAL ";"17";"17";"17";"17";"8";"223";"0"
"2023";"10";"040112";"AREQUIPA";"AREQUIPA";"PAUCARPATA";"GOBIERNO REGIONAL";"I-4";"00001296";"CENTRO DE SALUD  AMPLIACIÓN PAUCARPATA";"NE_0001";"";"NE_0001";"NE_0001";"NE_0001";"NE_0001";"NE_0001";"NE_0001";"NE_0001"
"2023";"10";"040112";"AREQUIPA";"AREQUIPA";"PAUCARPATA";"GOBIERNO REGIONAL";"I-3";"00001313";"CENTRO DE SALUD NUEVA ALBORADA";"NE_0001";"";"NE_0001";"NE_0001";"NE_0001";"NE_0001";"NE_0001";"NE_0001";"NE_0001"
"2023";"10";"040112";"AREQUIPA";"AREQUIPA";"PAUCARPATA";"GOBIERNO REGIONAL";"I-3";"00001310";"CENTRO DE SALUD MANUEL PRADO";"NE_0001";"";"NE_0001";"NE_0001";"NE_0001";"NE_0001";"NE_0001";"NE_0001";"NE_0001"
"2023";"10";"040112";"AREQUIPA";"AREQUIPA";"PAUCARPATA";"GOBIERNO REGIONAL";"I-3";"00001315";"CENTRO DE SALUD CAMPO MARTE";"NE_0001";"";"NE_0001";"NE_0001";"NE_0001";"NE_0001";"NE_0001";"NE_0001";"NE_0001"
"2023";"10";"080910";"CUSCO";"LA CONVENCION";"PICHARI";"SANIDAD DEL EJERCITO DEL PERU";"I-4";"00024638";"MILITAR PICHARI";"241800";"HOSPITALIZACIÓN DE MEDICINA MEDICINA GENERAL ";"4";"4";"17";"4";"2";"3";"0"
"2023";"10";"080910";"CUSCO";"LA CONVENCION";"PICHARI";"SANIDAD DEL EJERCITO DEL PERU";"I-4";"00024638";"MILITAR PICHARI";"241200";"HOSPITALIZACIÓN QUIRÚRGICA TRAUMATOLOGÍA Y ORTOPEDIA ";"2";"2";"4";"2";"2";"3";"0"
"2023";"10";"220101";"SAN MARTIN";"MOYOBAMBA";"MOYOBAMBA";"GOBIERNO REGIONAL";"I-1";"00006323";"MORROYACU";"NE_0001";"";"NE_0001";"NE_0001";"NE_0001";"NE_0001";"NE_0001";"NE_0001";"NE_0001"
"2023";"10";"220101";"SAN MARTIN";"MOYOBAMBA";"MOYOBAMBA";"GOBIERNO REGIONAL";"I-3";"00006322";"PUEBLO LIBRE";"241400";"HOSPITALIZACIÓN QUIRÚRGICA GINECO - OBSTETRICIA ";"4";"4";"4";"4";"4";"5";"4"
"2023";"10";"220101";"SAN MARTIN";"MOYOBAMBA";"MOYOBAMBA";"GOBIERNO REGIONAL";"I-1";"00006324";"SHIMPIYACU";"NE_0001";"";"NE_0001";"NE_0001";"NE_0001";"NE_0001";"NE_0001";"NE_0001";"NE_0001"
"2023";"10";"220101";"SAN MARTIN";"MOYOBAMBA";"MOYOBAMBA";"GOBIERNO REGIONAL";"I-1";"00006325";"NUEVA HUANCABAMBA";"NE_0001";"";"NE_0001";"NE_0001";"NE_0001";"NE_0001";"NE_0001";"NE_0001";"NE_0001"
"2023";"10";"060602";"CAJAMARCA";"CUTERVO";"CALLAYUC";"GOBIERNO REGIONAL";"I-3";"00004959";"CALLAYUC";"NE_0001";"";"NE_0001";"NE_0001";"NE_0001";"NE_0001";"NE_0001";"NE_0001";"NE_0001"
"2023";"10";"060602";"CAJAMARCA";"CUTERVO";"CALLAYUC";"GOBIERNO REGIONAL";"I-1";"00006944";"VILUCO";"NE_0001";"";"NE_0001";"NE_0001";"NE_0001";"NE_0001";"NE_0001";"NE_0001";"NE_0001"
"2023";"10";"060602";"CAJAMARCA";"CUTERVO";"CALLAYUC";"GOBIERNO REGIONAL";"I-1";"00006835";"CHURAS";"NE_0001";"";"NE_0001";"NE_0001";"NE_0001";"NE_0001";"NE_0001";"NE_0001";"NE_0001"
"2023";"10";"060602";"CAJAMARCA";"CUTERVO";"CALLAYUC";"GOBIERNO REGIONAL";"I-1";"00007368";"CUCHEA";"NE_0001";"";"NE_0001";"NE_0001";"NE_0001";"NE_0001";"NE_0001";"NE_0001";"NE_0001"
"2023";"10";"060602";"CAJAMARCA";"CUTERVO";"CALLAYUC";"GOBIERNO REGIONAL";"I-1";"00007100";"SAN JUAN DE CHORILLOS";"NE_0001";"";"NE_0001";"NE_0001";"NE_0001";"NE_0001";"NE_0001";"NE_0001";"NE_0001"
"2023";"10";"060602";"CAJAMARCA";"CUTERVO";"CALLAYUC";"GOBIERNO REGIONAL";"I-1";"00007369";"CHONTAS";"NE_0001";"";"NE_0001";"NE_0001";"NE_0001";"NE_0001";"NE_0001";"NE_0001";"NE_0001"
"2023";"11";"150115";"LIMA";"LIMA";"LA VICTORIA";"ESSALUD";"III-2";"00009251";"HOSPITAL NACIONAL GUILLERMO ALMENARA IRIGOYEN";"244500";"HOSPITALIZACIÓN DE MEDICINA HEMATOLOGÍA ";"13";"17";"288";"320";"14";"420";"1"
"2023";"11";"150115";"LIMA";"LIMA";"LA VICTORIA";"ESSALUD";"III-2";"00009251";"HOSPITAL NACIONAL GUILLERMO ALMENARA IRIGOYEN";"244500";"HOSPITALIZACIÓN DE MEDICINA HEMATOLOGÍA ";"24";"15";"317";"333";"15";"450";"0"
"2023";"11";"150115";"LIMA";"LIMA";"LA VICTORIA";"ESSALUD";"III-2";"00009251";"HOSPITAL NACIONAL GUILLERMO ALMENARA IRIGOYEN";"241900";"HOSPITALIZACIÓN DE MEDICINA MEDICINA INTERNA ";"40";"39";"1017";"900";"31";"930";"4"
"2023";"11";"150115";"LIMA";"LIMA";"LA VICTORIA";"ESSALUD";"III-2";"00009251";"HOSPITAL NACIONAL GUILLERMO ALMENARA IRIGOYEN";"241900";"HOSPITALIZACIÓN DE MEDICINA MEDICINA INTERNA ";"72";"66";"1182";"1122";"41";"1230";"6"
"2023";"11";"150115";"LIMA";"LIMA";"LA VICTORIA";"ESSALUD";"III-2";"00009251";"HOSPITAL NACIONAL GUILLERMO ALMENARA IRIGOYEN";"241900";"HOSPITALIZACIÓN DE MEDICINA MEDICINA INTERNA ";"249";"194";"4019";"4351";"148";"4440";"15"
"2023";"11";"150115";"LIMA";"LIMA";"LA VICTORIA";"ESSALUD";"III-2";"00009251";"HOSPITAL NACIONAL GUILLERMO ALMENARA IRIGOYEN";"241900";"HOSPITALIZACIÓN DE MEDICINA MEDICINA INTERNA ";"52";"51";"882";"894";"31";"930";"6"
"2023";"11";"150115";"LIMA";"LIMA";"LA VICTORIA";"ESSALUD";"III-2";"00009251";"HOSPITAL NACIONAL GUILLERMO ALMENARA IRIGOYEN";"244600";"HOSPITALIZACIÓN DE MEDICINA NEFROLOGIA ";"70";"68";"862";"818";"29";"870";"3"
"2023";"11";"150115";"LIMA";"LIMA";"LA VICTORIA";"ESSALUD";"III-2";"00009251";"HOSPITAL NACIONAL GUILLERMO ALMENARA IRIGOYEN";"245300";"HOSPITALIZACIÓN DE MEDICINA NEUMOLOGÍA  ";"63";"60";"1078";"944";"37";"1110";"1"
"2023";"11";"150115";"LIMA";"LIMA";"LA VICTORIA";"ESSALUD";"III-2";"00009251";"HOSPITAL NACIONAL GUILLERMO ALMENARA IRIGOYEN";"244700";"HOSPITALIZACIÓN DE MEDICINA NEUROLOGIA  ";"39";"42";"645";"540";"19";"570";"0"
"2023";"11";"150115";"LIMA";"LIMA";"LA VICTORIA";"ESSALUD";"III-2";"00009251";"HOSPITAL NACIONAL GUILLERMO ALMENARA IRIGOYEN";"242100";"HOSPITALIZACIÓN DE MEDICINA ONCOLOGÍA MÉDICA ";"104";"115";"711";"549";"20";"600";"0"
"2023";"11";"150115";"LIMA";"LIMA";"LA VICTORIA";"ESSALUD";"III-2";"00009251";"HOSPITAL NACIONAL GUILLERMO ALMENARA IRIGOYEN";"242100";"HOSPITALIZACIÓN DE MEDICINA ONCOLOGÍA MÉDICA ";"18";"23";"314";"263";"11";"330";"0"
"2023";"11";"150115";"LIMA";"LIMA";"LA VICTORIA";"ESSALUD";"III-2";"00009251";"HOSPITAL NACIONAL GUILLERMO ALMENARA IRIGOYEN";"242202";"HOSPITALIZACIÓN DE MEDICINA PSIQUIATRÍA PSIQUIATRÍA DEL ADULTO Y GERONTE";"28";"20";"516";"519";"18";"540";"0"
"2023";"11";"150115";"LIMA";"LIMA";"LA VICTORIA";"ESSALUD";"III-2";"00009251";"HOSPITAL NACIONAL GUILLERMO ALMENARA IRIGOYEN";"242203";"HOSPITALIZACIÓN DE MEDICINA PSIQUIATRÍA PSIQUIATRÍA DEL NIÑO Y DEL ADOLESCENTE";"15";"15";"223";"237";"9";"270";"0"
"2023";"11";"150115";"LIMA";"LIMA";"LA VICTORIA";"ESSALUD";"III-2";"00009251";"HOSPITAL NACIONAL GUILLERMO ALMENARA IRIGOYEN";"245500";"HOSPITALIZACIÓN DE MEDICINA REUMATOLOGÍA    ";"24";"30";"493";"335";"13";"390";"0"
"2023";"11";"150115";"LIMA";"LIMA";"LA VICTORIA";"ESSALUD";"III-2";"00009251";"HOSPITAL NACIONAL GUILLERMO ALMENARA IRIGOYEN";"240200";"HOSPITALIZACIÓN QUIRÚRGICA CIRUGÍA DE CABEZA Y CUELLO / MÁXILO FACIAL ";"55";"55";"555";"501";"18";"540";"1"
"2023";"11";"150115";"LIMA";"LIMA";"LA VICTORIA";"ESSALUD";"III-2";"00009251";"HOSPITAL NACIONAL GUILLERMO ALMENARA IRIGOYEN";"240400";"HOSPITALIZACIÓN QUIRÚRGICA CIRUGÍA DE TÓRAX Y CARDIOVASCULAR ";"13";"7";"47";"82";"4";"120";"0"
"2023";"11";"150115";"LIMA";"LIMA";"LA VICTORIA";"ESSALUD";"III-2";"00009251";"HOSPITAL NACIONAL GUILLERMO ALMENARA IRIGOYEN";"241200";"HOSPITALIZACIÓN QUIRÚRGICA TRAUMATOLOGÍA Y ORTOPEDIA ";"36";"35";"301";"285";"11";"330";"0"
"2023";"11";"150115";"LIMA";"LIMA";"LA VICTORIA";"ESSALUD";"III-2";"00009251";"HOSPITAL NACIONAL GUILLERMO ALMENARA IRIGOYEN";"240400";"HOSPITALIZACIÓN QUIRÚRGICA CIRUGÍA DE TÓRAX Y CARDIOVASCULAR ";"23";"27";"356";"308";"12";"360";"0"
"2023";"11";"150115";"LIMA";"LIMA";"LA VICTORIA";"ESSALUD";"III-2";"00009251";"HOSPITAL NACIONAL GUILLERMO ALMENARA IRIGOYEN";"240801";"HOSPITALIZACIÓN QUIRÚRGICA CIRUGÍA PLÁSTICA/RECONSTRUCTIVA/ REPARADORA QUEMADOS";"18";"20";"288";"211";"8";"240";"0"
"2023";"11";"150115";"LIMA";"LIMA";"LA VICTORIA";"ESSALUD";"III-2";"00009251";"HOSPITAL NACIONAL GUILLERMO ALMENARA IRIGOYEN";"240100";"HOSPITALIZACIÓN QUIRÚRGICA CIRUGÍA GENERAL ";"23";"21";"557";"352";"13";"390";"0"
"2023";"11";"150115";"LIMA";"LIMA";"LA VICTORIA";"ESSALUD";"III-2";"00009251";"HOSPITAL NACIONAL GUILLERMO ALMENARA IRIGOYEN";"240100";"HOSPITALIZACIÓN QUIRÚRGICA CIRUGÍA GENERAL ";"38";"45";"763";"461";"17";"510";"0"
"2023";"11";"150115";"LIMA";"LIMA";"LA VICTORIA";"ESSALUD";"III-2";"00009251";"HOSPITAL NACIONAL GUILLERMO ALMENARA IRIGOYEN";"240100";"HOSPITALIZACIÓN QUIRÚRGICA CIRUGÍA GENERAL ";"20";"37";"701";"503";"18";"540";"0"
"2023";"11";"150115";"LIMA";"LIMA";"LA VICTORIA";"ESSALUD";"III-2";"00009251";"HOSPITAL NACIONAL GUILLERMO ALMENARA IRIGOYEN";"240100";"HOSPITALIZACIÓN QUIRÚRGICA CIRUGÍA GENERAL ";"29";"34";"637";"395";"14";"420";"1"
"2023";"11";"150115";"LIMA";"LIMA";"LA VICTORIA";"ESSALUD";"III-2";"00009251";"HOSPITAL NACIONAL GUILLERMO ALMENARA IRIGOYEN";"240100";"HOSPITALIZACIÓN QUIRÚRGICA CIRUGÍA GENERAL ";"105";"100";"683";"732";"27";"810";"1"
"2023";"11";"150115";"LIMA";"LIMA";"LA VICTORIA";"ESSALUD";"III-2";"00009251";"HOSPITAL NACIONAL GUILLERMO ALMENARA IRIGOYEN";"241500";"HOSPITALIZACIÓN QUIRÚRGICA GINECOLOGÍA  ";"40";"39";"214";"208";"7";"210";"0"
"2023";"11";"150115";"LIMA";"LIMA";"LA VICTORIA";"ESSALUD";"III-2";"00009251";"HOSPITAL NACIONAL GUILLERMO ALMENARA IRIGOYEN";"240900";"HOSPITALIZACIÓN QUIRÚRGICA NEUROCIRUGÍA ";"38";"31";"369";"272";"10";"300";"0"
"2023";"11";"150115";"LIMA";"LIMA";"LA VICTORIA";"ESSALUD";"III-2";"00009251";"HOSPITAL NACIONAL GUILLERMO ALMENARA IRIGOYEN";"240900";"HOSPITALIZACIÓN QUIRÚRGICA NEUROCIRUGÍA ";"27";"19";"157";"115";"4";"120";"0"
"2023";"11";"150115";"LIMA";"LIMA";"LA VICTORIA";"ESSALUD";"III-2";"00009251";"HOSPITAL NACIONAL GUILLERMO ALMENARA IRIGOYEN";"240900";"HOSPITALIZACIÓN QUIRÚRGICA NEUROCIRUGÍA ";"32";"31";"333";"252";"9";"270";"0"
"2023";"11";"150115";"LIMA";"LIMA";"LA VICTORIA";"ESSALUD";"III-2";"00009251";"HOSPITAL NACIONAL GUILLERMO ALMENARA IRIGOYEN";"240600";"HOSPITALIZACIÓN QUIRÚRGICA CIRUGÍA OFTALMOLÓGICA ";"12";"13";"75";"72";"3";"90";"0"
"2023";"11";"150115";"LIMA";"LIMA";"LA VICTORIA";"ESSALUD";"III-2";"00009251";"HOSPITAL NACIONAL GUILLERMO ALMENARA IRIGOYEN";"240600";"HOSPITALIZACIÓN QUIRÚRGICA CIRUGÍA OFTALMOLÓGICA ";"3";"2";"11";"22";"2";"60";"0"
"2023";"11";"150115";"LIMA";"LIMA";"LA VICTORIA";"ESSALUD";"III-2";"00009251";"HOSPITAL NACIONAL GUILLERMO ALMENARA IRIGOYEN";"241200";"HOSPITALIZACIÓN QUIRÚRGICA TRAUMATOLOGÍA Y ORTOPEDIA ";"85";"76";"813";"893";"31";"930";"1"
"2023";"11";"150115";"LIMA";"LIMA";"LA VICTORIA";"ESSALUD";"III-2";"00009251";"HOSPITAL NACIONAL GUILLERMO ALMENARA IRIGOYEN";"241200";"HOSPITALIZACIÓN QUIRÚRGICA TRAUMATOLOGÍA Y ORTOPEDIA ";"120";"118";"932";"847";"31";"930";"0"
"2023";"11";"150115";"LIMA";"LIMA";"LA VICTORIA";"ESSALUD";"III-2";"00009251";"HOSPITAL NACIONAL GUILLERMO ALMENARA IRIGOYEN";"241100";"HOSPITALIZACIÓN QUIRÚRGICA OTORRINOLARINGOLOGÍA  ";"45";"43";"391";"398";"14";"420";"0"
"2023";"11";"150115";"LIMA";"LIMA";"LA VICTORIA";"ESSALUD";"III-2";"00009251";"HOSPITAL NACIONAL GUILLERMO ALMENARA IRIGOYEN";"240500";"HOSPITALIZACIÓN QUIRÚRGICA CIRUGÍA DE TRANSPLANTES ";"20";"27";"363";"272";"10";"300";"3"
"2023";"11";"150115";"LIMA";"LIMA";"LA VICTORIA";"ESSALUD";"III-2";"00009251";"HOSPITAL NACIONAL GUILLERMO ALMENARA IRIGOYEN";"240500";"HOSPITALIZACIÓN QUIRÚRGICA CIRUGÍA DE TRANSPLANTES ";"41";"40";"236";"284";"10";"300";"0"
"2023";"11";"150115";"LIMA";"LIMA";"LA VICTORIA";"ESSALUD";"III-2";"00009251";"HOSPITAL NACIONAL GUILLERMO ALMENARA IRIGOYEN";"241300";"HOSPITALIZACIÓN QUIRÚRGICA UROLOGÍA  ";"100";"106";"1897";"1160";"43";"1290";"1"
"2023";"11";"150115";"LIMA";"LIMA";"LA VICTORIA";"ESSALUD";"III-2";"00009251";"HOSPITAL NACIONAL GUILLERMO ALMENARA IRIGOYEN";"241500";"HOSPITALIZACIÓN QUIRÚRGICA GINECOLOGÍA  ";"84";"86";"580";"602";"23";"690";"0"
"2023";"11";"150115";"LIMA";"LIMA";"LA VICTORIA";"ESSALUD";"III-2";"00009251";"HOSPITAL NACIONAL GUILLERMO ALMENARA IRIGOYEN";"241600";"HOSPITALIZACIÓN QUIRÚRGICA OBSTETRICIA   ";"200";"194";"1130";"1084";"48";"1440";"0"
"2023";"11";"150115";"LIMA";"LIMA";"LA VICTORIA";"ESSALUD";"III-2";"00009251";"HOSPITAL NACIONAL GUILLERMO ALMENARA IRIGOYEN";"240700";"HOSPITALIZACIÓN QUIRÚRGICA CIRUGÍA PEDIÁTRICA ";"81";"85";"353";"307";"12";"360";"0"
"2023";"11";"150115";"LIMA";"LIMA";"LA VICTORIA";"ESSALUD";"III-2";"00009251";"HOSPITAL NACIONAL GUILLERMO ALMENARA IRIGOYEN";"242300";"HOSPITALIZACIÓN DE PEDIATRÍA  PEDIATRÍA  GENERAL ";"18";"26";"515";"282";"10";"300";"0"
"2023";"11";"150115";"LIMA";"LIMA";"LA VICTORIA";"ESSALUD";"III-2";"00009251";"HOSPITAL NACIONAL GUILLERMO ALMENARA IRIGOYEN";"243200";"HOSPITALIZACIÓN DE PEDIATRÍA PEDIATRIA NEONATOLOGÍA";"5";"40";"469";"230";"10";"300";"3"
"2023";"11";"150115";"LIMA";"LIMA";"LA VICTORIA";"ESSALUD";"III-2";"00009251";"HOSPITAL NACIONAL GUILLERMO ALMENARA IRIGOYEN";"250101";"UNIDAD DE CUIDADOS CRITICOS UNIDAD  DE CUIDADOS INTENSIVOS GENERALES (UCI) CARDIOLOGIA";"13";"5";"79";"230";"8";"240";"1"
"2023";"11";"150115";"LIMA";"LIMA";"LA VICTORIA";"ESSALUD";"III-2";"00009251";"HOSPITAL NACIONAL GUILLERMO ALMENARA IRIGOYEN";"250111";"UNIDAD DE CUIDADOS CRITICOS UNIDAD  DE CUIDADOS INTENSIVOS  (UCI) CARDIOVASCULAR";"2";"2";"100";"189";"7";"210";"1"
"2023";"11";"150115";"LIMA";"LIMA";"LA VICTORIA";"ESSALUD";"III-2";"00009251";"HOSPITAL NACIONAL GUILLERMO ALMENARA IRIGOYEN";"250400";"UNIDAD DE CUIDADOS CRITICOS UNIDAD DE QUEMADOS (GRAN QUEMADO) ";"1";"1";"14";"53";"2";"60";"0"
"2023";"11";"150115";"LIMA";"LIMA";"LA VICTORIA";"ESSALUD";"III-2";"00009251";"HOSPITAL NACIONAL GUILLERMO ALMENARA IRIGOYEN";"250108";"UNIDAD DE CUIDADOS CRITICOS UNIDAD  DE CUIDADOS INTENSIVOS  (UCI) PEDIÁTRICA";"6";"4";"49";"230";"8";"240";"1"
"2023";"11";"150115";"LIMA";"LIMA";"LA VICTORIA";"ESSALUD";"III-2";"00009251";"HOSPITAL NACIONAL GUILLERMO ALMENARA IRIGOYEN";"250100";"UNIDAD DE CUIDADOS CRITICOS UNIDAD  DE CUIDADOS INTENSIVOS GENERALES (UCI) ";"16";"8";"129";"342";"12";"360";"8"
"2023";"11";"150115";"LIMA";"LIMA";"LA VICTORIA";"ESSALUD";"III-2";"00009251";"HOSPITAL NACIONAL GUILLERMO ALMENARA IRIGOYEN";"250105";"UNIDAD DE CUIDADOS CRITICOS UNIDAD  DE CUIDADOS INTENSIVOS  (UCI) NEONATOLOGÍA";"13";"4";"71";"470";"18";"540";"3"
"2023";"11";"150115";"LIMA";"LIMA";"LA VICTORIA";"ESSALUD";"III-2";"00009251";"HOSPITAL NACIONAL GUILLERMO ALMENARA IRIGOYEN";"250107";"UNIDAD DE CUIDADOS CRITICOS UNIDAD  DE CUIDADOS INTENSIVOS  (UCI) NEUROQUIRÚRGICA";"1";"5";"119";"140";"5";"150";"4"
"2023";"11";"150115";"LIMA";"LIMA";"LA VICTORIA";"ESSALUD";"III-2";"00009251";"HOSPITAL NACIONAL GUILLERMO ALMENARA IRIGOYEN";"250107";"UNIDAD DE CUIDADOS CRITICOS UNIDAD  DE CUIDADOS INTENSIVOS  (UCI) NEUROQUIRÚRGICA";"0";"1";"10";"40";"2";"60";"0"
"2023";"11";"150115";"LIMA";"LIMA";"LA VICTORIA";"ESSALUD";"III-2";"00009251";"HOSPITAL NACIONAL GUILLERMO ALMENARA IRIGOYEN";"250107";"UNIDAD DE CUIDADOS CRITICOS UNIDAD  DE CUIDADOS INTENSIVOS  (UCI) NEUROQUIRÚRGICA";"0";"1";"5";"48";"2";"60";"1"
"2023";"11";"150115";"LIMA";"LIMA";"LA VICTORIA";"ESSALUD";"III-2";"00009251";"HOSPITAL NACIONAL GUILLERMO ALMENARA IRIGOYEN";"250200";"UNIDAD DE CUIDADOS CRITICOS UNIDAD DE CUIDADOS INTERMEDIOS GENERAL  (UCIN) ";"35";"43";"406";"285";"10";"300";"0"
"2023";"11";"150115";"LIMA";"LIMA";"LA VICTORIA";"ESSALUD";"III-2";"00009251";"HOSPITAL NACIONAL GUILLERMO ALMENARA IRIGOYEN";"250200";"UNIDAD DE CUIDADOS CRITICOS UNIDAD DE CUIDADOS INTERMEDIOS GENERAL  (UCIN) ";"4";"14";"333";"166";"6";"180";"1"
"2023";"11";"150115";"LIMA";"LIMA";"LA VICTORIA";"ESSALUD";"III-2";"00009251";"HOSPITAL NACIONAL GUILLERMO ALMENARA IRIGOYEN";"250100";"UNIDAD DE CUIDADOS CRITICOS UNIDAD  DE CUIDADOS INTENSIVOS GENERALES (UCI) ";"12";"13";"197";"264";"11";"330";"0"
"2023";"11";"150115";"LIMA";"LIMA";"LA VICTORIA";"ESSALUD";"III-2";"00009251";"HOSPITAL NACIONAL GUILLERMO ALMENARA IRIGOYEN";"250202";"UNIDAD DE CUIDADOS CRITICOS UNIDAD DE CUIDADOS INTERMEDIOS  (UCIN) PEDIÁTRICOS";"13";"10";"84";"133";"5";"150";"0"
"2023";"11";"150115";"LIMA";"LIMA";"LA VICTORIA";"ESSALUD";"III-2";"00009251";"HOSPITAL NACIONAL GUILLERMO ALMENARA IRIGOYEN";"250202";"UNIDAD DE CUIDADOS CRITICOS UNIDAD DE CUIDADOS INTERMEDIOS  (UCIN) PEDIÁTRICOS";"3";"6";"289";"402";"14";"420";"1"
"2023";"11";"150115";"LIMA";"LIMA";"LA VICTORIA";"ESSALUD";"III-2";"00009251";"HOSPITAL NACIONAL GUILLERMO ALMENARA IRIGOYEN";"250200";"UNIDAD DE CUIDADOS CRITICOS UNIDAD DE CUIDADOS INTERMEDIOS GENERAL  (UCIN) ";"11";"9";"177";"707";"25";"750";"6"
"2023";"11";"150115";"LIMA";"LIMA";"LA VICTORIA";"ESSALUD";"III-2";"00009251";"HOSPITAL NACIONAL GUILLERMO ALMENARA IRIGOYEN";"250201";"UNIDAD DE CUIDADOS CRITICOS UNIDAD DE CUIDADOS INTERMEDIOS  (UCIN) NEONATAL";"6";"22";"600";"438";"19";"570";"1"
"2023";"11";"150115";"LIMA";"LIMA";"LA VICTORIA";"ESSALUD";"III-2";"00009251";"HOSPITAL NACIONAL GUILLERMO ALMENARA IRIGOYEN";"250200";"UNIDAD DE CUIDADOS CRITICOS UNIDAD DE CUIDADOS INTERMEDIOS GENERAL  (UCIN) ";"3";"2";"37";"174";"6";"180";"1"
"2023";"11";"150115";"LIMA";"LIMA";"LA VICTORIA";"ESSALUD";"III-2";"00009251";"HOSPITAL NACIONAL GUILLERMO ALMENARA IRIGOYEN";"250200";"UNIDAD DE CUIDADOS CRITICOS UNIDAD DE CUIDADOS INTERMEDIOS GENERAL  (UCIN) ";"2";"3";"86";"138";"5";"150";"0"
"2023";"11";"150115";"LIMA";"LIMA";"LA VICTORIA";"ESSALUD";"III-2";"00009251";"HOSPITAL NACIONAL GUILLERMO ALMENARA IRIGOYEN";"250200";"UNIDAD DE CUIDADOS CRITICOS UNIDAD DE CUIDADOS INTERMEDIOS GENERAL  (UCIN) ";"1";"4";"78";"38";"2";"60";"0"
"2023";"11";"150115";"LIMA";"LIMA";"LA VICTORIA";"ESSALUD";"III-2";"00009251";"HOSPITAL NACIONAL GUILLERMO ALMENARA IRIGOYEN";"250200";"UNIDAD DE CUIDADOS CRITICOS UNIDAD DE CUIDADOS INTERMEDIOS GENERAL  (UCIN) ";"0";"3";"15";"40";"2";"60";"0"
"2023";"11";"211101";"PUNO";"SAN ROMAN";"JULIACA";"GOBIERNO REGIONAL";"II-2";"00003299";"CARLOS MONJE MEDRANO";"250100";"UNIDAD DE CUIDADOS CRITICOS UNIDAD  DE CUIDADOS INTENSIVOS GENERALES (UCI) ";"2";"3";"22";"3";"6";"180";"1"
"2023";"11";"211101";"PUNO";"SAN ROMAN";"JULIACA";"GOBIERNO REGIONAL";"II-2";"00003299";"CARLOS MONJE MEDRANO";"250105";"UNIDAD DE CUIDADOS CRITICOS UNIDAD  DE CUIDADOS INTENSIVOS  (UCI) NEONATOLOGÍA";"21";"31";"477";"31";"6";"180";"4"
"2023";"11";"211101";"PUNO";"SAN ROMAN";"JULIACA";"GOBIERNO REGIONAL";"II-2";"00003299";"CARLOS MONJE MEDRANO";"250108";"UNIDAD DE CUIDADOS CRITICOS UNIDAD  DE CUIDADOS INTENSIVOS  (UCI) PEDIÁTRICA";"3";"4";"12";"4";"6";"180";"2"
"2023";"11";"211101";"PUNO";"SAN ROMAN";"JULIACA";"GOBIERNO REGIONAL";"II-2";"00003299";"CARLOS MONJE MEDRANO";"250200";"UNIDAD DE CUIDADOS CRITICOS UNIDAD DE CUIDADOS INTERMEDIOS GENERAL  (UCIN) ";"7";"9";"87";"9";"6";"180";"0"
"2023";"11";"211101";"PUNO";"SAN ROMAN";"JULIACA";"GOBIERNO REGIONAL";"II-2";"00003299";"CARLOS MONJE MEDRANO";"241300";"HOSPITALIZACIÓN QUIRÚRGICA UROLOGÍA  ";"12";"12";"97";"12";"3";"90";"0"
"2023";"11";"090301";"HUANCAVELICA";"ANGARAES";"LIRCAY";"GOBIERNO REGIONAL";"I-2";"00003945";"CARHUAPATA";"NE_0001";"";"NE_0001";"NE_0001";"NE_0001";"NE_0001";"NE_0001";"NE_0001";"NE_0001"
"2023";"11";"090301";"HUANCAVELICA";"ANGARAES";"LIRCAY";"GOBIERNO REGIONAL";"I-1";"00003947";"CONSTANCIA";"NE_0001";"";"NE_0001";"NE_0001";"NE_0001";"NE_0001";"NE_0001";"NE_0001";"NE_0001"
"2023";"11";"090301";"HUANCAVELICA";"ANGARAES";"LIRCAY";"GOBIERNO REGIONAL";"I-1";"00003950";"CHALLHUAPUQUIO";"NE_0001";"";"NE_0001";"NE_0001";"NE_0001";"NE_0001";"NE_0001";"NE_0001";"NE_0001"
"2023";"11";"090307";"HUANCAVELICA";"ANGARAES";"HUANCA-HUANCA";"GOBIERNO REGIONAL";"I-2";"00003953";"HUANCA HUANCA";"NE_0001";"";"NE_0001";"NE_0001";"NE_0001";"NE_0001";"NE_0001";"NE_0001";"NE_0001"
"2023";"11";"090312";"HUANCAVELICA";"ANGARAES";"SECCLLA";"GOBIERNO REGIONAL";"I-1";"00003970";"QUISPICANCHA";"NE_0001";"";"NE_0001";"NE_0001";"NE_0001";"NE_0001";"NE_0001";"NE_0001";"NE_0001"
"2023";"11";"090303";"HUANCAVELICA";"ANGARAES";"CALLANMARCA";"GOBIERNO REGIONAL";"I-1";"00003952";"CALLANMARCA";"NE_0001";"";"NE_0001";"NE_0001";"NE_0001";"NE_0001";"NE_0001";"NE_0001";"NE_0001"
"2023";"09";"030501";"APURIMAC";"COTABAMBAS";"TAMBOBAMBA";"GOBIERNO REGIONAL";"II-1";"00002625";"TAMBOBAMBA";"241400";"HOSPITALIZACIÓN QUIRÚRGICA GINECO - OBSTETRICIA ";"50";"50";"100";"50";"4";"48";"0"
"2023";"09";"030501";"APURIMAC";"COTABAMBAS";"TAMBOBAMBA";"GOBIERNO REGIONAL";"II-1";"00002625";"TAMBOBAMBA";"242300";"HOSPITALIZACIÓN DE PEDIATRÍA  PEDIATRÍA  GENERAL ";"1";"1";"4";"1";"4";"5";"0"
"2023";"09";"030501";"APURIMAC";"COTABAMBAS";"TAMBOBAMBA";"GOBIERNO REGIONAL";"II-1";"00002625";"TAMBOBAMBA";"241600";"HOSPITALIZACIÓN QUIRÚRGICA OBSTETRICIA   ";"2";"2";"4";"2";"2";"4";"0"
"2023";"09";"030501";"APURIMAC";"COTABAMBAS";"TAMBOBAMBA";"GOBIERNO REGIONAL";"II-1";"00002625";"TAMBOBAMBA";"241800";"HOSPITALIZACIÓN DE MEDICINA MEDICINA GENERAL ";"25";"25";"35";"25";"8";"100";"0"
"2023";"09";"110101";"ICA";"ICA";"ICA";"GOBIERNO REGIONAL";"I-2";"00003385";"SAN MARTIN DE PORRAS";"NE_0001";"";"NE_0001";"NE_0001";"NE_0001";"NE_0001";"NE_0001";"NE_0001";"NE_0001"
"2023";"09";"110110";"ICA";"ICA";"SAN JUAN BAUTISTA";"MINSA";"I-2";"00003387";"CAMINO DE REYES";"NE_0001";"";"NE_0001";"NE_0001";"NE_0001";"NE_0001";"NE_0001";"NE_0001";"NE_0001"
"2023";"09";"110110";"ICA";"ICA";"SAN JUAN BAUTISTA";"GOBIERNO REGIONAL";"I-3";"00003364";"SAN JUAN BAUTISTA";"NE_0001";"";"NE_0001";"NE_0001";"NE_0001";"NE_0001";"NE_0001";"NE_0001";"NE_0001"
"2023";"09";"110112";"ICA";"ICA";"SUBTANJALLA";"MINSA";"I-3";"00003381";"FONAVI IV";"NE_0001";"";"NE_0001";"NE_0001";"NE_0001";"NE_0001";"NE_0001";"NE_0001";"NE_0001"
"2023";"09";"110110";"ICA";"ICA";"SAN JUAN BAUTISTA";"GOBIERNO REGIONAL";"I-3";"00003386";"EL CARMEN-OLIVO";"NE_0001";"";"NE_0001";"NE_0001";"NE_0001";"NE_0001";"NE_0001";"NE_0001";"NE_0001"
"2023";"05";"200601";"PIURA";"SULLANA";"SULLANA";"PRIVADO";"II-1";"00012262";"CLÍNICA SANTA ROSA";"240000";"HOSPITALIZACIÓN";"170";"150";"394";"561";"33";"1023";"0"
"2023";"06";"200601";"PIURA";"SULLANA";"SULLANA";"PRIVADO";"II-1";"00012262";"CLÍNICA SANTA ROSA";"240000";"HOSPITALIZACIÓN";"164";"154";"352";"515";"33";"990";"0"
"2023";"10";"130907";"LA LIBERTAD";"SANCHEZ CARRION";"SARIN";"GOBIERNO REGIONAL";"I-2";"00011627";"CERPAQUINO";"NE_0001";"";"NE_0001";"NE_0001";"NE_0001";"NE_0001";"NE_0001";"NE_0001";"NE_0001"
"2023";"10";"130907";"LA LIBERTAD";"SANCHEZ CARRION";"SARIN";"GOBIERNO REGIONAL";"I-2";"00005361";"SARIN";"NE_0001";"";"NE_0001";"NE_0001";"NE_0001";"NE_0001";"NE_0001";"NE_0001";"NE_0001"
"2023";"10";"130907";"LA LIBERTAD";"SANCHEZ CARRION";"SARIN";"GOBIERNO REGIONAL";"I-2";"00011624";"MUNMALCA";"NE_0001";"";"NE_0001";"NE_0001";"NE_0001";"NE_0001";"NE_0001";"NE_0001";"NE_0001"
"2023";"10";"130907";"LA LIBERTAD";"SANCHEZ CARRION";"SARIN";"GOBIERNO REGIONAL";"I-2";"00011628";"SHIRACORRAL";"NE_0001";"";"NE_0001";"NE_0001";"NE_0001";"NE_0001";"NE_0001";"NE_0001";"NE_0001"
"2023";"10";"130907";"LA LIBERTAD";"SANCHEZ CARRION";"SARIN";"GOBIERNO REGIONAL";"I-2";"00005362";"OROGOLDAY";"NE_0001";"";"NE_0001";"NE_0001";"NE_0001";"NE_0001";"NE_0001";"NE_0001";"NE_0001"
"2023";"10";"120302";"JUNIN";"CHANCHAMAYO";"PERENE";"GOBIERNO REGIONAL";"I-1";"00000331";"LOS ANGELES TOTERANI";"NE_0001";"";"NE_0001";"NE_0001";"NE_0001";"NE_0001";"NE_0001";"NE_0001";"NE_0001"
"2023";"10";"060101";"CAJAMARCA";"CAJAMARCA";"CAJAMARCA";"PRIVADO";"II-1";"00019315";"CLINICA SANTA ANA";"241400";"HOSPITALIZACIÓN QUIRÚRGICA GINECO - OBSTETRICIA ";"19";"19";"19";"12";"6";"38";"0"
"2023";"10";"060101";"CAJAMARCA";"CAJAMARCA";"CAJAMARCA";"PRIVADO";"II-1";"00019315";"CLINICA SANTA ANA";"240100";"HOSPITALIZACIÓN QUIRÚRGICA CIRUGÍA GENERAL ";"4";"3";"4";"4";"4";"124";"0"
"2023";"10";"060101";"CAJAMARCA";"CAJAMARCA";"CAJAMARCA";"PRIVADO";"II-1";"00019315";"CLINICA SANTA ANA";"241900";"HOSPITALIZACIÓN DE MEDICINA MEDICINA INTERNA ";"0";"0";"0";"2";"2";"22";"0"
"2023";"10";"060101";"CAJAMARCA";"CAJAMARCA";"CAJAMARCA";"PRIVADO";"II-1";"00019315";"CLINICA SANTA ANA";"242300";"HOSPITALIZACIÓN DE PEDIATRÍA  PEDIATRÍA  GENERAL ";"0";"0";"0";"1";"1";"62";"0"
"2023";"10";"180106";"MOQUEGUA";"MARISCAL NIETO";"TORATA";"PRIVADO";"II-1";"00017393";"HOSPITAL CUAJONE DE LA SOUTHERN PERU";"240100";"HOSPITALIZACIÓN QUIRÚRGICA CIRUGÍA GENERAL ";"11";"10";"30";"44";"14";"434";"0"
"2023";"10";"180106";"MOQUEGUA";"MARISCAL NIETO";"TORATA";"PRIVADO";"II-1";"00017393";"HOSPITAL CUAJONE DE LA SOUTHERN PERU";"241800";"HOSPITALIZACIÓN DE MEDICINA MEDICINA GENERAL ";"32";"26";"51";"90";"16";"496";"0"
"2023";"10";"050701";"AYACUCHO";"PARINACOCHAS";"CORACORA";"ESSALUD";"I-2";"00011443";"CORACORA";"NE_0001";"";"NE_0001";"NE_0001";"NE_0001";"NE_0001";"NE_0001";"NE_0001";"NE_0001"
"2023";"10";"050701";"AYACUCHO";"PARINACOCHAS";"CORACORA";"GOBIERNO REGIONAL";"II-1";"00003523";"HOSPITAL DE APOYO DE CORACORA";"240100";"HOSPITALIZACIÓN QUIRÚRGICA CIRUGÍA GENERAL ";"15";"17";"59";"59";"8";"248";"0"
"2023";"10";"050701";"AYACUCHO";"PARINACOCHAS";"CORACORA";"GOBIERNO REGIONAL";"II-1";"00003523";"HOSPITAL DE APOYO DE CORACORA";"241400";"HOSPITALIZACIÓN QUIRÚRGICA GINECO - OBSTETRICIA ";"17";"17";"27";"27";"5";"155";"0"
"2023";"10";"050701";"AYACUCHO";"PARINACOCHAS";"CORACORA";"GOBIERNO REGIONAL";"II-1";"00003523";"HOSPITAL DE APOYO DE CORACORA";"241500";"HOSPITALIZACIÓN QUIRÚRGICA GINECOLOGÍA  ";"29";"29";"72";"72";"7";"217";"0"
"2023";"10";"050701";"AYACUCHO";"PARINACOCHAS";"CORACORA";"GOBIERNO REGIONAL";"II-1";"00003523";"HOSPITAL DE APOYO DE CORACORA";"241800";"HOSPITALIZACIÓN DE MEDICINA MEDICINA GENERAL ";"9";"10";"34";"34";"16";"496";"2"
"2023";"10";"050701";"AYACUCHO";"PARINACOCHAS";"CORACORA";"GOBIERNO REGIONAL";"II-1";"00003523";"HOSPITAL DE APOYO DE CORACORA";"242500";"HOSPITALIZACIÓN-PEDIATRÍA GENERAL-";"27";"27";"48";"48";"4";"124";"0"
"2023";"10";"070101";"CALLAO";"CALLAO";"CALLAO";"GOBIERNO REGIONAL";"I-2";"00006242";"PUESTO DE SALUD PLAYA RIMAC";"NE_0001";"";"NE_0001";"NE_0001";"NE_0001";"NE_0001";"NE_0001";"NE_0001";"NE_0001"
"2023";"10";"070101";"CALLAO";"CALLAO";"CALLAO";"GOBIERNO REGIONAL";"I-2";"00006248";"PUESTO DE SALUD POLIGONO IV";"NE_0001";"";"NE_0001";"NE_0001";"NE_0001";"NE_0001";"NE_0001";"NE_0001";"NE_0001"
"2023";"10";"070101";"CALLAO";"CALLAO";"CALLAO";"GOBIERNO REGIONAL";"I-2";"00006241";"PUESTO DE SALUD AEROPUERTO";"NE_0001";"";"NE_0001";"NE_0001";"NE_0001";"NE_0001";"NE_0001";"NE_0001";"NE_0001"
"2023";"10";"150103";"LIMA";"LIMA";"ATE";"ESSALUD";"II-1";"00008353";"HOSPITAL II VITARTE - ESSALUD";"241800";"HOSPITALIZACIÓN DE MEDICINA MEDICINA GENERAL ";"92";"115";"977";"920";"30";"930";"9"
"2023";"10";"150103";"LIMA";"LIMA";"ATE";"ESSALUD";"II-1";"00008353";"HOSPITAL II VITARTE - ESSALUD";"240100";"HOSPITALIZACIÓN QUIRÚRGICA CIRUGÍA GENERAL ";"95";"93";"196";"350";"12";"372";"0"
"2023";"10";"150103";"LIMA";"LIMA";"ATE";"ESSALUD";"II-1";"00008353";"HOSPITAL II VITARTE - ESSALUD";"241300";"HOSPITALIZACIÓN QUIRÚRGICA UROLOGÍA  ";"8";"9";"29";"72";"3";"93";"0"
"2023";"10";"150103";"LIMA";"LIMA";"ATE";"ESSALUD";"II-1";"00008353";"HOSPITAL II VITARTE - ESSALUD";"241200";"HOSPITALIZACIÓN QUIRÚRGICA TRAUMATOLOGÍA Y ORTOPEDIA ";"87";"85";"362";"170";"6";"186";"0"
"2023";"10";"150103";"LIMA";"LIMA";"ATE";"ESSALUD";"II-1";"00008353";"HOSPITAL II VITARTE - ESSALUD";"241500";"HOSPITALIZACIÓN QUIRÚRGICA GINECOLOGÍA  ";"43";"45";"126";"154";"6";"186";"0"
"2023";"10";"150103";"LIMA";"LIMA";"ATE";"ESSALUD";"II-1";"00008353";"HOSPITAL II VITARTE - ESSALUD";"242300";"HOSPITALIZACIÓN DE PEDIATRÍA  PEDIATRÍA  GENERAL ";"61";"58";"186";"222";"9";"279";"0"
"2023";"10";"150103";"LIMA";"LIMA";"ATE";"ESSALUD";"II-1";"00008353";"HOSPITAL II VITARTE - ESSALUD";"250100";"UNIDAD DE CUIDADOS CRITICOS UNIDAD  DE CUIDADOS INTENSIVOS GENERALES (UCI) ";"0";"4";"105";"89";"3";"93";"3"
"2023";"10";"150103";"LIMA";"LIMA";"ATE";"ESSALUD";"II-1";"00008353";"HOSPITAL II VITARTE - ESSALUD";"250101";"UNIDAD DE CUIDADOS CRITICOS UNIDAD  DE CUIDADOS INTENSIVOS GENERALES (UCI) CARDIOLOGIA";"7";"7";"32";"32";"3";"93";"3"
"2023";"11";"051107";"AYACUCHO";"VILCAS HUAMAN";"SAURAMA";"GOBIERNO REGIONAL";"I-1";"00003846";"PUESTO DE SALUD SAURAMA";"NE_0001";"";"NE_0001";"NE_0001";"NE_0001";"NE_0001";"NE_0001";"NE_0001";"NE_0001"
"2023";"11";"051108";"AYACUCHO";"VILCAS HUAMAN";"VISCHONGO";"GOBIERNO REGIONAL";"I-3";"00006609";"CENTRO DE SALUD VISCHONGO";"NE_0001";"";"NE_0001";"NE_0001";"NE_0001";"NE_0001";"NE_0001";"NE_0001";"NE_0001"
"2023";"11";"051108";"AYACUCHO";"VILCAS HUAMAN";"VISCHONGO";"GOBIERNO REGIONAL";"I-1";"00006612";"PUESTO DE SALUD PALLCCACANCHA";"NE_0001";"";"NE_0001";"NE_0001";"NE_0001";"NE_0001";"NE_0001";"NE_0001";"NE_0001"
"2023";"11";"051106";"AYACUCHO";"VILCAS HUAMAN";"INDEPENDENCIA";"GOBIERNO REGIONAL";"I-1";"00021259";"PUESTO DE SALUD OCCO";"NE_0001";"";"NE_0001";"NE_0001";"NE_0001";"NE_0001";"NE_0001";"NE_0001";"NE_0001"
"2023";"11";"051103";"AYACUCHO";"VILCAS HUAMAN";"CARHUANCA";"GOBIERNO REGIONAL";"I-2";"00003845";"PUESTO DE SALUD CARHUANCA";"NE_0001";"";"NE_0001";"NE_0001";"NE_0001";"NE_0001";"NE_0001";"NE_0001";"NE_0001"
"2023";"11";"051108";"AYACUCHO";"VILCAS HUAMAN";"VISCHONGO";"GOBIERNO REGIONAL";"I-1";"00006613";"PUESTO DE SALUD PATAHUASI";"NE_0001";"";"NE_0001";"NE_0001";"NE_0001";"NE_0001";"NE_0001";"NE_0001";"NE_0001"
"2023";"11";"051105";"AYACUCHO";"VILCAS HUAMAN";"HUAMBALPA";"GOBIERNO REGIONAL";"I-1";"00006606";"PUESTO DE SALUD SAN ANTONIO DE COCHAS";"NE_0001";"";"NE_0001";"NE_0001";"NE_0001";"NE_0001";"NE_0001";"NE_0001";"NE_0001"
"2023";"11";"051101";"AYACUCHO";"VILCAS HUAMAN";"VILCAS HUAMAN";"GOBIERNO REGIONAL";"I-1";"00011416";"PUESTO DE SALUD COLPAPAMPA";"NE_0001";"";"NE_0001";"NE_0001";"NE_0001";"NE_0001";"NE_0001";"NE_0001";"NE_0001"
"2023";"11";"051101";"AYACUCHO";"VILCAS HUAMAN";"VILCAS HUAMAN";"GOBIERNO REGIONAL";"I-1";"00003848";"PUESTO DE SALUD HUACCAÑA";"NE_0001";"";"NE_0001";"NE_0001";"NE_0001";"NE_0001";"NE_0001";"NE_0001";"NE_0001"
"2023";"11";"051101";"AYACUCHO";"VILCAS HUAMAN";"VILCAS HUAMAN";"GOBIERNO REGIONAL";"I-1";"00003850";"PUESTO DE SALUD SAN FRANCISCO DE PUJAS";"NE_0001";"";"NE_0001";"NE_0001";"NE_0001";"NE_0001";"NE_0001";"NE_0001";"NE_0001"
"2023";"11";"051102";"AYACUCHO";"VILCAS HUAMAN";"ACCOMARCA";"GOBIERNO REGIONAL";"I-1";"00003843";"PUESTO DE SALUD PONGOCOCHA";"NE_0001";"";"NE_0001";"NE_0001";"NE_0001";"NE_0001";"NE_0001";"NE_0001";"NE_0001"
"2023";"11";"051104";"AYACUCHO";"VILCAS HUAMAN";"CONCEPCION";"GOBIERNO REGIONAL";"I-1";"00003851";"PUESTO DE SALUD SAN ANTONIO ASTANYA";"NE_0001";"";"NE_0001";"NE_0001";"NE_0001";"NE_0001";"NE_0001";"NE_0001";"NE_0001"
"2023";"11";"051108";"AYACUCHO";"VILCAS HUAMAN";"VISCHONGO";"GOBIERNO REGIONAL";"I-1";"00006614";"PUESTO DE SALUD POMACOCHA";"NE_0001";"";"NE_0001";"NE_0001";"NE_0001";"NE_0001";"NE_0001";"NE_0001";"NE_0001"
"2023";"11";"051108";"AYACUCHO";"VILCAS HUAMAN";"VISCHONGO";"GOBIERNO REGIONAL";"I-1";"00027647";"PUESTO DE SALUD SAN LORENZO DE ÑUÑUNHUAYCCO";"NE_0001";"";"NE_0001";"NE_0001";"NE_0001";"NE_0001";"NE_0001";"NE_0001";"NE_0001"
"2023";"11";"051102";"AYACUCHO";"VILCAS HUAMAN";"ACCOMARCA";"GOBIERNO REGIONAL";"I-2";"00003841";"PUESTO DE SALUD ACCOMARCA";"NE_0001";"";"NE_0001";"NE_0001";"NE_0001";"NE_0001";"NE_0001";"NE_0001";"NE_0001"
"2023";"11";"051102";"AYACUCHO";"VILCAS HUAMAN";"ACCOMARCA";"GOBIERNO REGIONAL";"I-1";"00003842";"PUESTO DE SALUD HUARCAS";"NE_0001";"";"NE_0001";"NE_0001";"NE_0001";"NE_0001";"NE_0001";"NE_0001";"NE_0001"
"2023";"11";"051101";"AYACUCHO";"VILCAS HUAMAN";"VILCAS HUAMAN";"GOBIERNO REGIONAL";"I-4";"00003847";"CENTRO DE SALUD VILCASHUAMAN";"NE_0001";"";"NE_0001";"NE_0001";"NE_0001";"NE_0001";"NE_0001";"NE_0001";"NE_0001"
"2023";"11";"051106";"AYACUCHO";"VILCAS HUAMAN";"INDEPENDENCIA";"GOBIERNO REGIONAL";"I-2";"00003844";"PUESTO DE SALUD PACCHAHUALLHUA";"NE_0001";"";"NE_0001";"NE_0001";"NE_0001";"NE_0001";"NE_0001";"NE_0001";"NE_0001"
"2023";"11";"051101";"AYACUCHO";"VILCAS HUAMAN";"VILCAS HUAMAN";"GOBIERNO REGIONAL";"I-1";"00003849";"POMATAMBO";"NE_0001";"";"NE_0001";"NE_0001";"NE_0001";"NE_0001";"NE_0001";"NE_0001";"NE_0001"
"2023";"11";"051104";"AYACUCHO";"VILCAS HUAMAN";"CONCEPCION";"GOBIERNO REGIONAL";"I-2";"00003852";"PUESTO DE SALUD CONCEPCION";"NE_0001";"";"NE_0001";"NE_0001";"NE_0001";"NE_0001";"NE_0001";"NE_0001";"NE_0001"
"2023";"11";"051105";"AYACUCHO";"VILCAS HUAMAN";"HUAMBALPA";"GOBIERNO REGIONAL";"I-2";"00006605";"PUESTO DE SALUD HUAMBALPA";"NE_0001";"";"NE_0001";"NE_0001";"NE_0001";"NE_0001";"NE_0001";"NE_0001";"NE_0001"
"2023";"11";"051108";"AYACUCHO";"VILCAS HUAMAN";"VISCHONGO";"GOBIERNO REGIONAL";"I-1";"00006611";"PUESTO DE SALUD DE CHIRIBAMBA";"NE_0001";"";"NE_0001";"NE_0001";"NE_0001";"NE_0001";"NE_0001";"NE_0001";"NE_0001"
"2023";"11";"150115";"LIMA";"LIMA";"LA VICTORIA";"PRIVADO";"II-E";"00009431";"CLÍNICA SANTA CATALINA";"NE_0002";"";"NE_0002";"NE_0002";"NE_0002";"NE_0002";"NE_0002";"NE_0002";"NE_0002"
"2023";"11";"150131";"LIMA";"LIMA";"SAN ISIDRO";"PRIVADO";"II-E";"00017099";"OFTALMOLOGOS CONTRERAS  C.SCRL";"NE_0001";"";"NE_0001";"NE_0001";"NE_0001";"NE_0001";"NE_0001";"NE_0001";"NE_0001"
"2023";"11";"230101";"TACNA";"TACNA";"TACNA";"SANIDAD DEL EJERCITO DEL PERU";"I-3";"00011195";"CENTRO DE SALUD MILITAR DE LA 3RA. BRIGADA DE CABALLERIA TACNA";"NE_0001";"";"NE_0001";"NE_0001";"NE_0001";"NE_0001";"NE_0001";"NE_0001";"NE_0001"
"2023";"11";"150111";"LIMA";"LIMA";"EL AGUSTINO";"MINSA";"III-1";"00005946";"HOSPITAL NACIONAL HIPOLITO UNANUE";"242900";"HOSPITALIZACIÓN DE PEDIATRÍA PEDIATRIA GASTROENTEROLOGÍA PEDIÁTRICA";"46";"64";"553";"212";"10";"300";"1"
"2023";"11";"080108";"CUSCO";"CUSCO";"WANCHAQ";"PRIVADO";"II-E";"00011339";"SAN JOSE";"241600";"HOSPITALIZACIÓN QUIRÚRGICA OBSTETRICIA   ";"24";"24";"48";"4";"6";"120";"0"
"2023";"11";"080108";"CUSCO";"CUSCO";"WANCHAQ";"PRIVADO";"II-E";"00011339";"SAN JOSE";"241800";"HOSPITALIZACIÓN DE MEDICINA MEDICINA GENERAL ";"150";"140";"560";"14";"24";"720";"0"
"2023";"11";"080108";"CUSCO";"CUSCO";"WANCHAQ";"PRIVADO";"II-E";"00011339";"SAN JOSE";"242100";"HOSPITALIZACIÓN DE MEDICINA ONCOLOGÍA MÉDICA ";"5";"5";"15";"2";"24";"720";"0"
"2023";"11";"080108";"CUSCO";"CUSCO";"WANCHAQ";"PRIVADO";"II-E";"00011339";"SAN JOSE";"242300";"HOSPITALIZACIÓN DE PEDIATRÍA  PEDIATRÍA  GENERAL ";"2";"2";"8";"1";"24";"720";"0"
"2023";"11";"080108";"CUSCO";"CUSCO";"WANCHAQ";"PRIVADO";"II-E";"00011339";"SAN JOSE";"241200";"HOSPITALIZACIÓN QUIRÚRGICA TRAUMATOLOGÍA Y ORTOPEDIA ";"10";"9";"18";"12";"24";"720";"0"
"2023";"11";"150101";"LIMA";"LIMA";"LIMA";"PRIVADO";"II-E";"00023833";"INSTITUTO OFTALMOLOGICO LA LUZ SOCIEDAD ANONIMA CERRADA - INSTITUTO OFTALMOLOGICO LA LUZ S.A.C.";"NE_0001";"";"NE_0001";"NE_0001";"NE_0001";"NE_0001";"NE_0001";"NE_0001";"NE_0001"
"2023";"11";"200105";"PIURA";"PIURA";"CATACAOS";"PRIVADO";"II-1";"00010723";"HOSPITAL PRIVADO DEL PERU";"240000";"HOSPITALIZACIÓN";"122";"110";"207";"357";"32";"992";"1"
"2023";"11";"150110";"LIMA";"LIMA";"COMAS";"PRIVADO";"II-E";"00025598";"CLINICA MATER PURISSIMA";"241400";"HOSPITALIZACIÓN QUIRÚRGICA GINECO - OBSTETRICIA ";"9";"8";"9";"9";"8";"240";"0"
"2023";"11";"250101";"UCAYALI";"CORONEL PORTILLO";"CALLERIA";"ESSALUD";"II-2";"00009600";"HOSPITAL II PUCALLPA- ESSALUD";"241800";"HOSPITALIZACIÓN DE MEDICINA MEDICINA GENERAL ";"186";"172";"1494";"1219";"50";"1500";"5"
"2023";"11";"250101";"UCAYALI";"CORONEL PORTILLO";"CALLERIA";"ESSALUD";"II-2";"00009600";"HOSPITAL II PUCALLPA- ESSALUD";"250300";"UNIDAD DE CUIDADOS CRITICOS UNIDAD DE VIGILANCIA INTENSIVA  CLINICA (UVIC) ";"39";"36";"294";"256";"14";"420";"9"
"2023";"11";"250101";"UCAYALI";"CORONEL PORTILLO";"CALLERIA";"ESSALUD";"II-2";"00009600";"HOSPITAL II PUCALLPA- ESSALUD";"240100";"HOSPITALIZACIÓN QUIRÚRGICA CIRUGÍA GENERAL ";"336";"332";"1295";"1190";"48";"1440";"0"
"2023";"11";"250101";"UCAYALI";"CORONEL PORTILLO";"CALLERIA";"ESSALUD";"II-2";"00009600";"HOSPITAL II PUCALLPA- ESSALUD";"241600";"HOSPITALIZACIÓN QUIRÚRGICA OBSTETRICIA   ";"174";"172";"328";"393";"18";"540";"0"
"2023";"11";"250101";"UCAYALI";"CORONEL PORTILLO";"CALLERIA";"ESSALUD";"II-2";"00009600";"HOSPITAL II PUCALLPA- ESSALUD";"241500";"HOSPITALIZACIÓN QUIRÚRGICA GINECOLOGÍA  ";"59";"68";"221";"202";"12";"360";"0"
"2023";"11";"250101";"UCAYALI";"CORONEL PORTILLO";"CALLERIA";"ESSALUD";"II-2";"00009600";"HOSPITAL II PUCALLPA- ESSALUD";"242300";"HOSPITALIZACIÓN DE PEDIATRÍA  PEDIATRÍA  GENERAL ";"71";"65";"242";"237";"15";"450";"0"
"2023";"11";"250101";"UCAYALI";"CORONEL PORTILLO";"CALLERIA";"ESSALUD";"II-2";"00009600";"HOSPITAL II PUCALLPA- ESSALUD";"243200";"HOSPITALIZACIÓN DE PEDIATRÍA PEDIATRIA NEONATOLOGÍA";"28";"25";"73";"58";"5";"150";"0"
"2023";"11";"150101";"LIMA";"LIMA";"LIMA";"PRIVADO";"I-3";"00016948";"MEDICENTRO COLMENA DE LA CLÍNICA INTERNACIONAL";"NE_0001";"";"NE_0001";"NE_0001";"NE_0001";"NE_0001";"NE_0001";"NE_0001";"NE_0001"
"2023";"11";"150105";"LIMA";"LIMA";"BREÑA";"PRIVADO";"II-E";"00015718";"CLINICA SAN MARCOS";"240000";"HOSPITALIZACIÓN";"106";"109";"184";"184";"23";"713";"0"
"2023";"11";"080701";"CUSCO";"CHUMBIVILCAS";"SANTO TOMAS";"GOBIERNO REGIONAL";"II-1";"00002398";"SANTO TOMAS";"240100";"HOSPITALIZACIÓN QUIRÚRGICA CIRUGÍA GENERAL ";"29";"29";"100";"96";"6";"180";"0"
"2023";"11";"080701";"CUSCO";"CHUMBIVILCAS";"SANTO TOMAS";"GOBIERNO REGIONAL";"II-1";"00002398";"SANTO TOMAS";"241400";"HOSPITALIZACIÓN QUIRÚRGICA GINECO - OBSTETRICIA ";"40";"39";"106";"61";"4";"120";"0"
"2023";"09";"130101";"LA LIBERTAD";"TRUJILLO";"TRUJILLO";"PRIVADO";"II-E";"00008044";"OFTALMOVISION";"NE_0001";"";"NE_0001";"NE_0001";"NE_0001";"NE_0001";"NE_0001";"NE_0001";"NE_0001"
"2023";"09";"130801";"LA LIBERTAD";"PATAZ";"TAYABAMBA";"GOBIERNO REGIONAL";"II-1";"00005375";"HOSPITAL PROVINCIAL DE TAYABAMBA";"241800";"HOSPITALIZACIÓN DE MEDICINA MEDICINA GENERAL ";"23";"25";"59";"118";"11";"330";"0"
"2023";"09";"130801";"LA LIBERTAD";"PATAZ";"TAYABAMBA";"GOBIERNO REGIONAL";"II-1";"00005375";"HOSPITAL PROVINCIAL DE TAYABAMBA";"241600";"HOSPITALIZACIÓN QUIRÚRGICA OBSTETRICIA   ";"27";"29";"49";"76";"5";"150";"0"
"2023";"05";"040101";"AREQUIPA";"AREQUIPA";"AREQUIPA";"PRIVADO";"I-3";"00015693";"CENTRO MEDICO ESPECIALIZADO EN OFTALMOLOGIA";"NE_0001";"";"NE_0001";"NE_0001";"NE_0001";"NE_0001";"NE_0001";"NE_0001";"NE_0001"
"2023";"09";"120305";"JUNIN";"CHANCHAMAYO";"SAN RAMON";"GOBIERNO REGIONAL";"I-4";"00000354";"SAN RAMON";"241600";"HOSPITALIZACIÓN QUIRÚRGICA OBSTETRICIA   ";"6";"6";"15";"15";"5";"150";"0"
"2023";"09";"120305";"JUNIN";"CHANCHAMAYO";"SAN RAMON";"GOBIERNO REGIONAL";"I-4";"00000354";"SAN RAMON";"241800";"HOSPITALIZACIÓN DE MEDICINA MEDICINA GENERAL ";"4";"4";"5";"5";"3";"90";"0"
"2023";"09";"120306";"JUNIN";"CHANCHAMAYO";"VITOC";"GOBIERNO REGIONAL";"I-1";"00000359";"VISCATAN";"NE_0001";"";"NE_0001";"NE_0001";"NE_0001";"NE_0001";"NE_0001";"NE_0001";"NE_0001"
"2023";"09";"120416";"JUNIN";"JAUJA";"MASMA";"GOBIERNO REGIONAL";"I-1";"00000361";"UCHUBAMBA";"NE_0001";"";"NE_0001";"NE_0001";"NE_0001";"NE_0001";"NE_0001";"NE_0001";"NE_0001"
"2023";"09";"120305";"JUNIN";"CHANCHAMAYO";"SAN RAMON";"GOBIERNO REGIONAL";"I-2";"00000356";"LA ESPERANZA";"NE_0001";"";"NE_0001";"NE_0001";"NE_0001";"NE_0001";"NE_0001";"NE_0001";"NE_0001"
"2023";"09";"120419";"JUNIN";"JAUJA";"MONOBAMBA";"GOBIERNO REGIONAL";"I-1";"00000363";"CHACAYBAMBA";"NE_0001";"";"NE_0001";"NE_0001";"NE_0001";"NE_0001";"NE_0001";"NE_0001";"NE_0001"
"2023";"09";"120419";"JUNIN";"JAUJA";"MONOBAMBA";"GOBIERNO REGIONAL";"I-2";"00000362";"MONOBAMBA";"NE_0001";"";"NE_0001";"NE_0001";"NE_0001";"NE_0001";"NE_0001";"NE_0001";"NE_0001"
"2023";"09";"120306";"JUNIN";"CHANCHAMAYO";"VITOC";"GOBIERNO REGIONAL";"I-2";"00000358";"VITOC";"NE_0001";"";"NE_0001";"NE_0001";"NE_0001";"NE_0001";"NE_0001";"NE_0001";"NE_0001"
"2023";"09";"120306";"JUNIN";"CHANCHAMAYO";"VITOC";"GOBIERNO REGIONAL";"I-1";"00000360";"UTCUYACU";"NE_0001";"";"NE_0001";"NE_0001";"NE_0001";"NE_0001";"NE_0001";"NE_0001";"NE_0001"
"2023";"09";"120305";"JUNIN";"CHANCHAMAYO";"SAN RAMON";"GOBIERNO REGIONAL";"I-2";"00000355";"NARANJAL";"NE_0001";"";"NE_0001";"NE_0001";"NE_0001";"NE_0001";"NE_0001";"NE_0001";"NE_0001"
"2023";"09";"120305";"JUNIN";"CHANCHAMAYO";"SAN RAMON";"GOBIERNO REGIONAL";"I-1";"00000357";"PEDREGAL";"NE_0001";"";"NE_0001";"NE_0001";"NE_0001";"NE_0001";"NE_0001";"NE_0001";"NE_0001"
"2023";"09";"050401";"AYACUCHO";"HUANTA";"HUANTA";"GOBIERNO REGIONAL";"II-1";"00003655";"HOSPITAL DE APOYO DE HUANTA ""DANIEL ALCIDES CARRIÓN""";"241800";"HOSPITALIZACIÓN DE MEDICINA MEDICINA GENERAL ";"40";"52";"482";"398";"18";"367";"1"
"2023";"09";"050401";"AYACUCHO";"HUANTA";"HUANTA";"GOBIERNO REGIONAL";"II-1";"00003655";"HOSPITAL DE APOYO DE HUANTA ""DANIEL ALCIDES CARRIÓN""";"240100";"HOSPITALIZACIÓN QUIRÚRGICA CIRUGÍA GENERAL ";"29";"30";"118";"124";"14";"362";"0"
"2023";"09";"050401";"AYACUCHO";"HUANTA";"HUANTA";"GOBIERNO REGIONAL";"II-1";"00003655";"HOSPITAL DE APOYO DE HUANTA ""DANIEL ALCIDES CARRIÓN""";"242500";"HOSPITALIZACIÓN-PEDIATRÍA GENERAL-";"6";"6";"13";"16";"10";"300";"0"
"2023";"09";"050401";"AYACUCHO";"HUANTA";"HUANTA";"GOBIERNO REGIONAL";"II-1";"00003655";"HOSPITAL DE APOYO DE HUANTA ""DANIEL ALCIDES CARRIÓN""";"241500";"HOSPITALIZACIÓN QUIRÚRGICA GINECOLOGÍA  ";"17";"17";"27";"27";"6";"243";"0"
"2023";"08";"120504";"JUNIN";"JUNIN";"ULCUMAYO";"GOBIERNO REGIONAL";"I-1";"00000317";"RAYMONDI";"NE_0001";"";"NE_0001";"NE_0001";"NE_0001";"NE_0001";"NE_0001";"NE_0001";"NE_0001"
"2023";"08";"120304";"JUNIN";"CHANCHAMAYO";"SAN LUIS DE SHUARO";"GOBIERNO REGIONAL";"I-1";"00000316";"SANTA HERMINIA BAJA";"NE_0001";"";"NE_0001";"NE_0001";"NE_0001";"NE_0001";"NE_0001";"NE_0001";"NE_0001"
"2023";"08";"120304";"JUNIN";"CHANCHAMAYO";"SAN LUIS DE SHUARO";"GOBIERNO REGIONAL";"I-3";"00000315";"SANCHIRIO PALOMAR";"NE_0001";"";"NE_0001";"NE_0001";"NE_0001";"NE_0001";"NE_0001";"NE_0001";"NE_0001"
"2023";"08";"120304";"JUNIN";"CHANCHAMAYO";"SAN LUIS DE SHUARO";"GOBIERNO REGIONAL";"I-3";"00000314";"SAN LUIS DE SHUARO";"NE_0001";"";"NE_0001";"NE_0001";"NE_0001";"NE_0001";"NE_0001";"NE_0001";"NE_0001"
"2023";"08";"120301";"JUNIN";"CHANCHAMAYO";"CHANCHAMAYO";"GOBIERNO REGIONAL";"I-1";"00000312";"PUEBLO PARDO";"NE_0001";"";"NE_0001";"NE_0001";"NE_0001";"NE_0001";"NE_0001";"NE_0001";"NE_0001"
"2023";"08";"120301";"JUNIN";"CHANCHAMAYO";"CHANCHAMAYO";"GOBIERNO REGIONAL";"I-2";"00000311";"VILLA PROGRESO";"NE_0001";"";"NE_0001";"NE_0001";"NE_0001";"NE_0001";"NE_0001";"NE_0001";"NE_0001"
"2023";"09";"070101";"CALLAO";"CALLAO";"CALLAO";"PRIVADO";"0";"00016115";"DIAGNOCENTRO OLAZ";"NE_0001";"";"NE_0001";"NE_0001";"NE_0001";"NE_0001";"NE_0001";"NE_0001";"NE_0001"
"2023";"09";"110113";"ICA";"ICA";"TATE";"GOBIERNO REGIONAL";"I-3";"00003371";"TATE";"NE_0001";"";"NE_0001";"NE_0001";"NE_0001";"NE_0001";"NE_0001";"NE_0001";"NE_0001"
"2023";"09";"110107";"ICA";"ICA";"PUEBLO NUEVO";"GOBIERNO REGIONAL";"I-1";"00003403";"CALLEJON LOS ESPINOS";"NE_0001";"";"NE_0001";"NE_0001";"NE_0001";"NE_0001";"NE_0001";"NE_0001";"NE_0001"
"2023";"09";"110113";"ICA";"ICA";"TATE";"GOBIERNO REGIONAL";"I-1";"00003404";"LUJARAJA";"NE_0001";"";"NE_0001";"NE_0001";"NE_0001";"NE_0001";"NE_0001";"NE_0001";"NE_0001"
"2023";"09";"110107";"ICA";"ICA";"PUEBLO NUEVO";"MINSA";"I-3";"00003370";"CENTRO DE SALUD PUEBLO NUEVO";"NE_0001";"";"NE_0001";"NE_0001";"NE_0001";"NE_0001";"NE_0001";"NE_0001";"NE_0001"
"2023";"09";"110113";"ICA";"ICA";"TATE";"GOBIERNO REGIONAL";"I-1";"00003406";"LOS CALDERONES";"NE_0001";"";"NE_0001";"NE_0001";"NE_0001";"NE_0001";"NE_0001";"NE_0001";"NE_0001"
"2023";"09";"110105";"ICA";"ICA";"PACHACUTEC";"GOBIERNO REGIONAL";"I-2";"00003407";"EL PALTO";"NE_0001";"";"NE_0001";"NE_0001";"NE_0001";"NE_0001";"NE_0001";"NE_0001";"NE_0001"
"2023";"09";"110107";"ICA";"ICA";"PUEBLO NUEVO";"GOBIERNO REGIONAL";"I-1";"00003402";"PARIÑA GRANDE";"NE_0001";"";"NE_0001";"NE_0001";"NE_0001";"NE_0001";"NE_0001";"NE_0001";"NE_0001"
"2023";"09";"110113";"ICA";"ICA";"TATE";"GOBIERNO REGIONAL";"I-1";"00003405";"PUNO";"NE_0001";"";"NE_0001";"NE_0001";"NE_0001";"NE_0001";"NE_0001";"NE_0001";"NE_0001"
"2023";"09";"110105";"ICA";"ICA";"PACHACUTEC";"MINSA";"I-2";"00003372";"PACHACUTEC";"NE_0001";"";"NE_0001";"NE_0001";"NE_0001";"NE_0001";"NE_0001";"NE_0001";"NE_0001"
"2023";"09";"110107";"ICA";"ICA";"PUEBLO NUEVO";"GOBIERNO REGIONAL";"I-1";"00003401";"SAN RAFAEL";"NE_0001";"";"NE_0001";"NE_0001";"NE_0001";"NE_0001";"NE_0001";"NE_0001";"NE_0001"
"2023";"10";"120502";"JUNIN";"JUNIN";"CARHUAMAYO";"GOBIERNO REGIONAL";"I-3";"00000537";"CARHUAMAYO";"NE_0001";"";"NE_0001";"NE_0001";"NE_0001";"NE_0001";"NE_0001";"NE_0001";"NE_0001"
"2023";"10";"120504";"JUNIN";"JUNIN";"ULCUMAYO";"GOBIERNO REGIONAL";"I-1";"00000538";"LLAUPI";"NE_0001";"";"NE_0001";"NE_0001";"NE_0001";"NE_0001";"NE_0001";"NE_0001";"NE_0001"
"2023";"10";"120504";"JUNIN";"JUNIN";"ULCUMAYO";"GOBIERNO REGIONAL";"I-1";"00000540";"JACHAHUANCA";"NE_0001";"";"NE_0001";"NE_0001";"NE_0001";"NE_0001";"NE_0001";"NE_0001";"NE_0001"
"2023";"10";"120502";"JUNIN";"JUNIN";"CARHUAMAYO";"GOBIERNO REGIONAL";"I-3";"00030166";"CENTRO DE SALUD MENTAL COMUNITARIO CARHUAMAYO";"NE_0001";"";"NE_0001";"NE_0001";"NE_0001";"NE_0001";"NE_0001";"NE_0001";"NE_0001"
"2023";"10";"120501";"JUNIN";"JUNIN";"JUNIN";"GOBIERNO REGIONAL";"I-1";"00000536";"HUAYRE";"NE_0001";"";"NE_0001";"NE_0001";"NE_0001";"NE_0001";"NE_0001";"NE_0001";"NE_0001"
"2023";"10";"120504";"JUNIN";"JUNIN";"ULCUMAYO";"GOBIERNO REGIONAL";"I-1";"00000539";"PUYAY";"NE_0001";"";"NE_0001";"NE_0001";"NE_0001";"NE_0001";"NE_0001";"NE_0001";"NE_0001"
"2023";"10";"120504";"JUNIN";"JUNIN";"ULCUMAYO";"GOBIERNO REGIONAL";"I-1";"00000541";"CARAPACHO";"NE_0001";"";"NE_0001";"NE_0001";"NE_0001";"NE_0001";"NE_0001";"NE_0001";"NE_0001"
"2023";"10";"180101";"MOQUEGUA";"MARISCAL NIETO";"MOQUEGUA";"ESSALUD";"II-1";"00016157";"HOSPITAL II MOQUEGUA";"241800";"HOSPITALIZACIÓN DE MEDICINA MEDICINA GENERAL ";"30";"26";"275";"274";"12";"372";"4"
"2023";"10";"180101";"MOQUEGUA";"MARISCAL NIETO";"MOQUEGUA";"ESSALUD";"II-1";"00016157";"HOSPITAL II MOQUEGUA";"240100";"HOSPITALIZACIÓN QUIRÚRGICA CIRUGÍA GENERAL ";"80";"74";"395";"434";"14";"434";"0"
"2023";"10";"180101";"MOQUEGUA";"MARISCAL NIETO";"MOQUEGUA";"ESSALUD";"II-1";"00016157";"HOSPITAL II MOQUEGUA";"241500";"HOSPITALIZACIÓN QUIRÚRGICA GINECOLOGÍA  ";"12";"13";"36";"32";"2";"62";"0"
"2023";"10";"180101";"MOQUEGUA";"MARISCAL NIETO";"MOQUEGUA";"ESSALUD";"II-1";"00016157";"HOSPITAL II MOQUEGUA";"241600";"HOSPITALIZACIÓN QUIRÚRGICA OBSTETRICIA   ";"64";"63";"141";"142";"6";"186";"0"
"2023";"10";"180101";"MOQUEGUA";"MARISCAL NIETO";"MOQUEGUA";"ESSALUD";"II-1";"00016157";"HOSPITAL II MOQUEGUA";"242300";"HOSPITALIZACIÓN DE PEDIATRÍA  PEDIATRÍA  GENERAL ";"65";"62";"141";"154";"5";"155";"1"
"2023";"10";"180101";"MOQUEGUA";"MARISCAL NIETO";"MOQUEGUA";"ESSALUD";"II-1";"00016157";"HOSPITAL II MOQUEGUA";"250304";"HOSPIT. EN UNIDAD DE CUID.INTEN.-UNIDAD DE VIGILANCIA INTENSIVA (UVI)-MEDICINA";"6";"3";"108";"71";"3";"93";"1"
"2023";"10";"110101";"ICA";"ICA";"ICA";"PRIVADO";"I-3";"00028251";"EL GALENO";"NE_0001";"";"NE_0001";"NE_0001";"NE_0001";"NE_0001";"NE_0001";"NE_0001";"NE_0001"
"2023";"10";"040520";"AREQUIPA";"CAYLLOMA";"MAJES";"GOBIERNO REGIONAL";"I-2";"00001341";"ASENTAMIENTO B-1";"NE_0001";"";"NE_0001";"NE_0001";"NE_0001";"NE_0001";"NE_0001";"NE_0001";"NE_0001"
"2023";"10";"040520";"AREQUIPA";"CAYLLOMA";"MAJES";"GOBIERNO REGIONAL";"0";"00030864";"HOGAR PROTEGIDO ""HACIA UNA NUEVA VIDA""";"NE_0001";"";"NE_0001";"NE_0001";"NE_0001";"NE_0001";"NE_0001";"NE_0001";"NE_0001"
"2023";"10";"040120";"AREQUIPA";"AREQUIPA";"SANTA ISABEL DE SIGUAS";"GOBIERNO REGIONAL";"I-2";"00001378";"PUESTO DE SALUD SONDOR";"NE_0001";"";"NE_0001";"NE_0001";"NE_0001";"NE_0001";"NE_0001";"NE_0001";"NE_0001"
"2023";"10";"040520";"AREQUIPA";"CAYLLOMA";"MAJES";"GOBIERNO REGIONAL";"I-2";"00001342";"PUESTO DE SALUD  B-2";"NE_0001";"";"NE_0001";"NE_0001";"NE_0001";"NE_0001";"NE_0001";"NE_0001";"NE_0001"
"2023";"10";"040120";"AREQUIPA";"AREQUIPA";"SANTA ISABEL DE SIGUAS";"GOBIERNO REGIONAL";"I-2";"00001336";"SANTA ISABEL DE SIGUAS";"NE_0001";"";"NE_0001";"NE_0001";"NE_0001";"NE_0001";"NE_0001";"NE_0001";"NE_0001"
"2023";"10";"040520";"AREQUIPA";"CAYLLOMA";"MAJES";"GOBIERNO REGIONAL";"I-3";"00001326";"CENTRO DE SALUD LA COLINA";"NE_0001";"";"NE_0001";"NE_0001";"NE_0001";"NE_0001";"NE_0001";"NE_0001";"NE_0001"
"2023";"10";"100102";"HUANUCO";"HUANUCO";"AMARILIS";"GOBIERNO REGIONAL";"II-E";"00000756";"HOSPITAL MATERNO INFANTIL CARLOS SHOWING FERRARI";"241400";"HOSPITALIZACIÓN QUIRÚRGICA GINECO - OBSTETRICIA ";"193";"203";"434";"637";"25";"775";"0"
"2023";"10";"100102";"HUANUCO";"HUANUCO";"AMARILIS";"GOBIERNO REGIONAL";"II-E";"00000756";"HOSPITAL MATERNO INFANTIL CARLOS SHOWING FERRARI";"242500";"HOSPITALIZACIÓN-PEDIATRÍA GENERAL-";"21";"27";"108";"135";"11";"341";"0"
"2023";"10";"100102";"HUANUCO";"HUANUCO";"AMARILIS";"GOBIERNO REGIONAL";"II-E";"00000756";"HOSPITAL MATERNO INFANTIL CARLOS SHOWING FERRARI";"243200";"HOSPITALIZACIÓN DE PEDIATRÍA PEDIATRIA NEONATOLOGÍA";"34";"38";"113";"151";"11";"341";"0"
"2023";"10";"040702";"AREQUIPA";"ISLAY";"COCACHACRA";"GOBIERNO REGIONAL";"I-3";"00001445";"CENTRO DE SALUD COCACHACRA";"NE_0001";"";"NE_0001";"NE_0001";"NE_0001";"NE_0001";"NE_0001";"NE_0001";"NE_0001"
"2023";"10";"040702";"AREQUIPA";"ISLAY";"COCACHACRA";"GOBIERNO REGIONAL";"I-1";"00001453";"PUESTO DE SALUD EL TORO";"NE_0001";"";"NE_0001";"NE_0001";"NE_0001";"NE_0001";"NE_0001";"NE_0001";"NE_0001"
"2023";"10";"040702";"AREQUIPA";"ISLAY";"COCACHACRA";"GOBIERNO REGIONAL";"I-2";"00001454";"PUESTO DE SALUD LA PASCANA";"NE_0001";"";"NE_0001";"NE_0001";"NE_0001";"NE_0001";"NE_0001";"NE_0001";"NE_0001"
"2023";"10";"040702";"AREQUIPA";"ISLAY";"COCACHACRA";"GOBIERNO REGIONAL";"I-2";"00001452";"PUESTO DE SALUD EL FISCAL";"NE_0001";"";"NE_0001";"NE_0001";"NE_0001";"NE_0001";"NE_0001";"NE_0001";"NE_0001"
"2023";"11";"150113";"LIMA";"LIMA";"JESUS MARIA";"PRIVADO";"II-E";"00026793";"CLINICA BELLAFORMA";"NE_0001";"";"NE_0001";"NE_0001";"NE_0001";"NE_0001";"NE_0001";"NE_0001";"NE_0001"
"2023";"11";"150135";"LIMA";"LIMA";"SAN MARTIN DE PORRES";"MINSA";"III-2";"00007733";"INSTITUTO NACIONAL DE SALUD MENTAL ""HONORIO DELGADO - HIDEYO NOGUCHI""";"242202";"HOSPITALIZACIÓN DE MEDICINA PSIQUIATRÍA PSIQUIATRÍA DEL ADULTO Y GERONTE";"21";"20";"1066";"1336";"49";"1470";"0"
"2023";"11";"150135";"LIMA";"LIMA";"SAN MARTIN DE PORRES";"MINSA";"III-2";"00007733";"INSTITUTO NACIONAL DE SALUD MENTAL ""HONORIO DELGADO - HIDEYO NOGUCHI""";"242203";"HOSPITALIZACIÓN DE MEDICINA PSIQUIATRÍA PSIQUIATRÍA DEL NIÑO Y DEL ADOLESCENTE";"10";"10";"442";"356";"12";"360";"0"
"2023";"11";"150135";"LIMA";"LIMA";"SAN MARTIN DE PORRES";"MINSA";"III-2";"00007733";"INSTITUTO NACIONAL DE SALUD MENTAL ""HONORIO DELGADO - HIDEYO NOGUCHI""";"242205";"HOSPITALIZACIÓN MEDICINA PSIQUIATRÍA PISIQUIATRIA/ SALUD MENTAL Y ADICCIONES";"15";"16";"755";"496";"30";"900";"0"
"2023";"09";"220805";"SAN MARTIN";"RIOJA";"PARDO MIGUEL";"GOBIERNO REGIONAL";"I-1";"00006310";"PERLA DEL MAYO";"NE_0001";"";"NE_0001";"NE_0001";"NE_0001";"NE_0001";"NE_0001";"NE_0001";"NE_0001"
"2023";"11";"150140";"LIMA";"LIMA";"SANTIAGO DE SURCO";"PRIVADO";"II-E";"00020674";"SAN MARTIN PLASTICA & ESTETICA";"NE_0002";"";"NE_0002";"NE_0002";"NE_0002";"NE_0002";"NE_0002";"NE_0002";"NE_0002"
"2023";"11";"220507";"SAN MARTIN";"LAMAS";"RUMISAPA";"GOBIERNO REGIONAL";"I-1";"00006393";"PACCHILLA";"NE_0001";"";"NE_0001";"NE_0001";"NE_0001";"NE_0001";"NE_0001";"NE_0001";"NE_0001"
"2023";"11";"130101";"LA LIBERTAD";"TRUJILLO";"TRUJILLO";"GOBIERNO REGIONAL";"III-2";"00005197";"IRO JSU";"NE_0001";"";"NE_0001";"NE_0001";"NE_0001";"NE_0001";"NE_0001";"NE_0001";"NE_0001"
"2023";"11";"080909";"CUSCO";"LA CONVENCION";"VILCABAMBA";"GOBIERNO REGIONAL";"I-2";"00002489";"YUVENI";"NE_0001";"";"NE_0001";"NE_0001";"NE_0001";"NE_0001";"NE_0001";"NE_0001";"NE_0001"
"2023";"11";"080902";"CUSCO";"LA CONVENCION";"ECHARATE";"GOBIERNO REGIONAL";"I-1";"00013068";"TRIO RIO";"NE_0001";"";"NE_0001";"NE_0001";"NE_0001";"NE_0001";"NE_0001";"NE_0001";"NE_0001"
"2023";"11";"080902";"CUSCO";"LA CONVENCION";"ECHARATE";"GOBIERNO REGIONAL";"I-2";"00002434";"MATERIATO";"NE_0001";"";"NE_0001";"NE_0001";"NE_0001";"NE_0001";"NE_0001";"NE_0001";"NE_0001"
"2023";"11";"080902";"CUSCO";"LA CONVENCION";"ECHARATE";"GOBIERNO REGIONAL";"I-1";"00002438";"PACHIRI";"NE_0001";"";"NE_0001";"NE_0001";"NE_0001";"NE_0001";"NE_0001";"NE_0001";"NE_0001"
"2023";"11";"080909";"CUSCO";"LA CONVENCION";"VILCABAMBA";"GOBIERNO REGIONAL";"I-1";"00006976";"CHONTABAMBA";"NE_0001";"";"NE_0001";"NE_0001";"NE_0001";"NE_0001";"NE_0001";"NE_0001";"NE_0001"
"2023";"11";"080902";"CUSCO";"LA CONVENCION";"ECHARATE";"GOBIERNO REGIONAL";"I-2";"00002447";"KAMANQUIRIATO";"NE_0001";"";"NE_0001";"NE_0001";"NE_0001";"NE_0001";"NE_0001";"NE_0001";"NE_0001"
"2023";"11";"080902";"CUSCO";"LA CONVENCION";"ECHARATE";"GOBIERNO REGIONAL";"I-1";"00013069";"PUGUIENTIMARI";"NE_0001";"";"NE_0001";"NE_0001";"NE_0001";"NE_0001";"NE_0001";"NE_0001";"NE_0001"
"2023";"11";"080904";"CUSCO";"LA CONVENCION";"MARANURA";"GOBIERNO REGIONAL";"I-2";"00002460";"SANTA MARIA";"NE_0001";"";"NE_0001";"NE_0001";"NE_0001";"NE_0001";"NE_0001";"NE_0001";"NE_0001"
"2023";"10";"120604";"JUNIN";"SATIPO";"MAZAMARI";"SANIDAD DE LA POLICIA NACIONAL DEL PERU";"I-2";"00012454";"POSTA MEDICA POLICIAL LOS SINCHIS";"NE_0001";"";"NE_0001";"NE_0001";"NE_0001";"NE_0001";"NE_0001";"NE_0001";"NE_0001"
"2023";"10";"150108";"LIMA";"LIMA";"CHORRILLOS";"SANIDAD DE LA POLICIA NACIONAL DEL PERU";"I-3";"00020382";"POLICLINICO POLICIAL CHORRILLOS";"NE_0001";"";"NE_0001";"NE_0001";"NE_0001";"NE_0001";"NE_0001";"NE_0001";"NE_0001"
"2023";"10";"150132";"LIMA";"LIMA";"SAN JUAN DE LURIGANCHO";"PRIVADO";"II-E";"00014509";"CLINICA SAN MARTIN";"240000";"HOSPITALIZACIÓN";"0";"0";"0";"360";"12";"360";"0"
"2023";"10";"221005";"SAN MARTIN";"TOCACHE";"UCHIZA";"SANIDAD DE LA POLICIA NACIONAL DEL PERU";"I-1";"00025272";"PUESTO SANITARIO PNP SANTA LUCIA";"NE_0001";"";"NE_0001";"NE_0001";"NE_0001";"NE_0001";"NE_0001";"NE_0001";"NE_0001"
"2023";"10";"210101";"PUNO";"PUNO";"PUNO";"SANIDAD DE LA POLICIA NACIONAL DEL PERU";"I-3";"00010235";"UNIDAD EJECUTORA 020-1067 SANIDAD DE LA PNP";"NE_0001";"";"NE_0001";"NE_0001";"NE_0001";"NE_0001";"NE_0001";"NE_0001";"NE_0001"
"2023";"10";"100101";"HUANUCO";"HUANUCO";"HUANUCO";"PRIVADO";"II-E";"00021062";"CLINICA SAN JUAN BOSCO E.I.R.L.";"240000";"HOSPITALIZACIÓN";"19";"19";"20";"19";"11";"330";"0"
"2023";"10";"080105";"CUSCO";"CUSCO";"SAN SEBASTIAN";"SANIDAD DE LA POLICIA NACIONAL DEL PERU";"I-3";"00011743";"POLICIAL ""SANTA ROSA""  CUSCO";"NE_0001";"";"NE_0001";"NE_0001";"NE_0001";"NE_0001";"NE_0001";"NE_0001";"NE_0001"
"2023";"10";"090208";"HUANCAVELICA";"ACOBAMBA";"ROSARIO";"GOBIERNO REGIONAL";"I-3";"00003938";"CENTRO DE SALUD PUCA CRUZ";"NE_0001";"";"NE_0001";"NE_0001";"NE_0001";"NE_0001";"NE_0001";"NE_0001";"NE_0001"
"2023";"10";"090208";"HUANCAVELICA";"ACOBAMBA";"ROSARIO";"GOBIERNO REGIONAL";"I-2";"00003942";"PUESTO DE SALUD CHANQUIL";"NE_0001";"";"NE_0001";"NE_0001";"NE_0001";"NE_0001";"NE_0001";"NE_0001";"NE_0001"
"2023";"10";"090208";"HUANCAVELICA";"ACOBAMBA";"ROSARIO";"GOBIERNO REGIONAL";"I-1";"00007418";"PUESTO DE SALUD DE LECCLESPAMPA";"NE_0001";"";"NE_0001";"NE_0001";"NE_0001";"NE_0001";"NE_0001";"NE_0001";"NE_0001"
"2023";"10";"090208";"HUANCAVELICA";"ACOBAMBA";"ROSARIO";"GOBIERNO REGIONAL";"I-1";"00009693";"PUESTO DE SALUD DE PUNCHAYPAMPA";"NE_0001";"";"NE_0001";"NE_0001";"NE_0001";"NE_0001";"NE_0001";"NE_0001";"NE_0001"
"2023";"10";"090208";"HUANCAVELICA";"ACOBAMBA";"ROSARIO";"GOBIERNO REGIONAL";"I-1";"00009706";"PUESTO DE SALUD TORORUMI";"NE_0001";"";"NE_0001";"NE_0001";"NE_0001";"NE_0001";"NE_0001";"NE_0001";"NE_0001"
"2023";"10";"090208";"HUANCAVELICA";"ACOBAMBA";"ROSARIO";"GOBIERNO REGIONAL";"I-1";"00011231";"PUESTO DE SALUD  SANTA ROSA DE ACCOMACHAY";"NE_0001";"";"NE_0001";"NE_0001";"NE_0001";"NE_0001";"NE_0001";"NE_0001";"NE_0001"
"2023";"10";"090208";"HUANCAVELICA";"ACOBAMBA";"ROSARIO";"GOBIERNO REGIONAL";"I-1";"00009503";"PUESTO DE SALUD DE VILLA MANTARO";"NE_0001";"";"NE_0001";"NE_0001";"NE_0001";"NE_0001";"NE_0001";"NE_0001";"NE_0001"
"2023";"10";"090208";"HUANCAVELICA";"ACOBAMBA";"ROSARIO";"GOBIERNO REGIONAL";"I-1";"00007372";"PUESTO DE SALUD LLIPLLINA";"NE_0001";"";"NE_0001";"NE_0001";"NE_0001";"NE_0001";"NE_0001";"NE_0001";"NE_0001"
"2023";"10";"090208";"HUANCAVELICA";"ACOBAMBA";"ROSARIO";"GOBIERNO REGIONAL";"I-2";"00003937";"PUESTO DE SALUD ROSARIO";"NE_0001";"";"NE_0001";"NE_0001";"NE_0001";"NE_0001";"NE_0001";"NE_0001";"NE_0001"
"2023";"10";"090208";"HUANCAVELICA";"ACOBAMBA";"ROSARIO";"GOBIERNO REGIONAL";"I-1";"00009710";"PUESTO  DE SALUD ICHUPAMPA";"NE_0001";"";"NE_0001";"NE_0001";"NE_0001";"NE_0001";"NE_0001";"NE_0001";"NE_0001"
"2023";"10";"131101";"LA LIBERTAD";"GRAN CHIMU";"CASCAS";"ESSALUD";"I-2";"00012104";"POSTA DE SALUD CASCAS";"NE_0001";"";"NE_0001";"NE_0001";"NE_0001";"NE_0001";"NE_0001";"NE_0001";"NE_0001"
"2023";"10";"080101";"CUSCO";"CUSCO";"CUSCO";"PRIVADO";"II-E";"00016541";"HOGAR CLINICA SAN JUAN DE DIOS-CUSCO";"240000";"HOSPITALIZACIÓN";"56";"54";"465";"7";"15";"465";"0"
"2023";"10";"211301";"PUNO";"YUNGUYO";"YUNGUYO";"GOBIERNO REGIONAL";"II-1";"00003349";"YUNGUYO";"240100";"HOSPITALIZACIÓN QUIRÚRGICA CIRUGÍA GENERAL ";"23";"27";"95";"95";"4";"124";"0"
"2023";"10";"211301";"PUNO";"YUNGUYO";"YUNGUYO";"GOBIERNO REGIONAL";"II-1";"00003349";"YUNGUYO";"241400";"HOSPITALIZACIÓN QUIRÚRGICA GINECO - OBSTETRICIA ";"13";"13";"32";"32";"3";"93";"0"
"2023";"10";"211301";"PUNO";"YUNGUYO";"YUNGUYO";"GOBIERNO REGIONAL";"II-1";"00003349";"YUNGUYO";"241600";"HOSPITALIZACIÓN QUIRÚRGICA OBSTETRICIA   ";"21";"21";"32";"32";"7";"217";"0"
"2023";"10";"211301";"PUNO";"YUNGUYO";"YUNGUYO";"GOBIERNO REGIONAL";"II-1";"00003349";"YUNGUYO";"241800";"HOSPITALIZACIÓN DE MEDICINA MEDICINA GENERAL ";"20";"21";"76";"76";"8";"248";"0"
"2023";"10";"211301";"PUNO";"YUNGUYO";"YUNGUYO";"GOBIERNO REGIONAL";"II-1";"00003349";"YUNGUYO";"242500";"HOSPITALIZACIÓN-PEDIATRÍA GENERAL-";"4";"5";"11";"11";"2";"62";"0"
"2023";"10";"150101";"LIMA";"LIMA";"LIMA";"PRIVADO";"II-1";"00016291";"HOSPITAL MEGASALUD UNIVERSAL";"240000";"HOSPITALIZACIÓN";"31";"32";"90";"82";"22";"682";"0"
"2023";"10";"040104";"AREQUIPA";"AREQUIPA";"CERRO COLORADO";"GOBIERNO REGIONAL";"I-4";"00001237";"CENTRO DE SALUD MARITZA CAMPOS DIAZ - ZAMACOLA";"241600";"HOSPITALIZACIÓN QUIRÚRGICA OBSTETRICIA   ";"64";"64";"79";"1";"14";"98";"0"
"2023";"10";"040104";"AREQUIPA";"AREQUIPA";"CERRO COLORADO";"GOBIERNO REGIONAL";"I-3";"00011023";"PUESTO DE SALUD PERUARBO";"NE_0001";"";"NE_0001";"NE_0001";"NE_0001";"NE_0001";"NE_0001";"NE_0001";"NE_0001"
"2023";"10";"040104";"AREQUIPA";"AREQUIPA";"CERRO COLORADO";"GOBIERNO REGIONAL";"I-2";"00001251";"PUESTO DE SALUD NAZARENO";"NE_0001";"";"NE_0001";"NE_0001";"NE_0001";"NE_0001";"NE_0001";"NE_0001";"NE_0001"
"2023";"10";"040104";"AREQUIPA";"AREQUIPA";"CERRO COLORADO";"GOBIERNO REGIONAL";"I-3";"00001247";"CENTRO DE SALUD CIUDAD MUNICIPAL";"NE_0001";"";"NE_0001";"NE_0001";"NE_0001";"NE_0001";"NE_0001";"NE_0001";"NE_0001"
"2023";"10";"150114";"LIMA";"LIMA";"LA MOLINA";"PRIVADO";"II-2";"00009153";"CLINICA MONTEFIORI";"250100";"UNIDAD DE CUIDADOS CRITICOS UNIDAD  DE CUIDADOS INTENSIVOS GENERALES (UCI) ";"3";"1";"13";"13";"3";"86";"0"
"2023";"10";"150114";"LIMA";"LIMA";"LA MOLINA";"PRIVADO";"II-2";"00009153";"CLINICA MONTEFIORI";"240000";"HOSPITALIZACIÓN";"458";"449";"1219";"1079";"43";"1419";"0"
"2023";"10";"130401";"LA LIBERTAD";"CHEPEN";"CHEPEN";"GOBIERNO REGIONAL";"II-1";"00005299";"HOSPITAL DE APOYO CHEPEN";"240100";"HOSPITALIZACIÓN QUIRÚRGICA CIRUGÍA GENERAL ";"47";"53";"173";"250";"20";"620";"0"
"2023";"10";"130401";"LA LIBERTAD";"CHEPEN";"CHEPEN";"GOBIERNO REGIONAL";"II-1";"00005299";"HOSPITAL DE APOYO CHEPEN";"241400";"HOSPITALIZACIÓN QUIRÚRGICA GINECO - OBSTETRICIA ";"127";"138";"311";"466";"24";"744";"0"
"2023";"10";"130401";"LA LIBERTAD";"CHEPEN";"CHEPEN";"GOBIERNO REGIONAL";"II-1";"00005299";"HOSPITAL DE APOYO CHEPEN";"241800";"HOSPITALIZACIÓN DE MEDICINA MEDICINA GENERAL ";"31";"36";"152";"195";"18";"558";"4"
"2023";"10";"130401";"LA LIBERTAD";"CHEPEN";"CHEPEN";"GOBIERNO REGIONAL";"II-1";"00005299";"HOSPITAL DE APOYO CHEPEN";"242500";"HOSPITALIZACIÓN-PEDIATRÍA GENERAL-";"33";"34";"83";"179";"22";"682";"0"
"2023";"10";"021801";"ANCASH";"SANTA";"CHIMBOTE";"PRIVADO";"II-1";"00013164";"CLINICA SANTA MARIA DE CHIMBOTE S.A.C.";"240100";"HOSPITALIZACIÓN QUIRÚRGICA CIRUGÍA GENERAL ";"14";"12";"18";"56";"8";"248";"0"
"2023";"10";"021801";"ANCASH";"SANTA";"CHIMBOTE";"PRIVADO";"II-1";"00013164";"CLINICA SANTA MARIA DE CHIMBOTE S.A.C.";"241400";"HOSPITALIZACIÓN QUIRÚRGICA GINECO - OBSTETRICIA ";"4";"4";"7";"7";"2";"62";"0"
"2023";"10";"120101";"JUNIN";"HUANCAYO";"HUANCAYO";"PRIVADO";"II-E";"00024425";"CLÍNICA MEDICA SALAZAR";"241800";"HOSPITALIZACIÓN DE MEDICINA MEDICINA GENERAL ";"60";"55";"160";"418";"15";"465";"0"
"2023";"10";"070101";"CALLAO";"CALLAO";"CALLAO";"GOBIERNO REGIONAL";"I-2";"00006235";"PUESTO DE SALUD MIGUEL GRAU";"NE_0001";"";"NE_0001";"NE_0001";"NE_0001";"NE_0001";"NE_0001";"NE_0001";"NE_0001"
"2023";"10";"070101";"CALLAO";"CALLAO";"CALLAO";"GOBIERNO REGIONAL";"I-2";"00006234";"PUESTO DE SALUD SANTA ROSA";"NE_0001";"";"NE_0001";"NE_0001";"NE_0001";"NE_0001";"NE_0001";"NE_0001";"NE_0001"
"2023";"10";"070101";"CALLAO";"CALLAO";"CALLAO";"GOBIERNO REGIONAL";"I-2";"00025474";"PUESTO DE SALUD JOSE OLAYA";"NE_0001";"";"NE_0001";"NE_0001";"NE_0001";"NE_0001";"NE_0001";"NE_0001";"NE_0001"
"2023";"10";"120101";"JUNIN";"HUANCAYO";"HUANCAYO";"PRIVADO";"II-1";"00008516";"CLINICA SANTO DOMINGO";"240100";"HOSPITALIZACIÓN QUIRÚRGICA CIRUGÍA GENERAL ";"14";"14";"26";"26";"2";"31";"0"
"2023";"10";"120101";"JUNIN";"HUANCAYO";"HUANCAYO";"PRIVADO";"II-1";"00008516";"CLINICA SANTO DOMINGO";"245300";"HOSPITALIZACIÓN DE MEDICINA NEUMOLOGÍA  ";"1";"1";"3";"3";"1";"31";"0"
"2023";"10";"120101";"JUNIN";"HUANCAYO";"HUANCAYO";"PRIVADO";"II-1";"00008516";"CLINICA SANTO DOMINGO";"241200";"HOSPITALIZACIÓN QUIRÚRGICA TRAUMATOLOGÍA Y ORTOPEDIA ";"6";"6";"9";"9";"1";"31";"0"
"2023";"10";"120101";"JUNIN";"HUANCAYO";"HUANCAYO";"PRIVADO";"II-1";"00008516";"CLINICA SANTO DOMINGO";"241500";"HOSPITALIZACIÓN QUIRÚRGICA GINECOLOGÍA  ";"12";"12";"21";"21";"2";"30";"0"
"2023";"10";"120101";"JUNIN";"HUANCAYO";"HUANCAYO";"PRIVADO";"II-1";"00008516";"CLINICA SANTO DOMINGO";"244200";"HOSPITALIZACIÓN DE MEDICINA ENDOCRINOLOGIA ";"2";"2";"2";"2";"1";"20";"0"
"2023";"10";"120101";"JUNIN";"HUANCAYO";"HUANCAYO";"PRIVADO";"II-1";"00008516";"CLINICA SANTO DOMINGO";"245400";"HOSPITALIZACIÓN DE MEDICINA GINECOLOGIA ";"2";"2";"3";"3";"1";"20";"0"
"2023";"10";"120101";"JUNIN";"HUANCAYO";"HUANCAYO";"PRIVADO";"II-1";"00008516";"CLINICA SANTO DOMINGO";"241300";"HOSPITALIZACIÓN QUIRÚRGICA UROLOGÍA  ";"3";"3";"3";"3";"1";"20";"0"
"2023";"10";"190301";"PASCO";"OXAPAMPA";"OXAPAMPA";"ESSALUD";"II-1";"00009748";"HOSPITAL I OXAPAMPA";"241800";"HOSPITALIZACIÓN DE MEDICINA MEDICINA GENERAL ";"23";"25";"95";"106";"5";"155";"1"
"2023";"10";"190301";"PASCO";"OXAPAMPA";"OXAPAMPA";"ESSALUD";"II-1";"00009748";"HOSPITAL I OXAPAMPA";"240100";"HOSPITALIZACIÓN QUIRÚRGICA CIRUGÍA GENERAL ";"10";"11";"34";"41";"3";"93";"0"
"2023";"10";"190301";"PASCO";"OXAPAMPA";"OXAPAMPA";"ESSALUD";"II-1";"00009748";"HOSPITAL I OXAPAMPA";"241400";"HOSPITALIZACIÓN QUIRÚRGICA GINECO - OBSTETRICIA ";"19";"18";"32";"53";"2";"62";"0"
"2023";"10";"190301";"PASCO";"OXAPAMPA";"OXAPAMPA";"ESSALUD";"II-1";"00009748";"HOSPITAL I OXAPAMPA";"242300";"HOSPITALIZACIÓN DE PEDIATRÍA  PEDIATRÍA  GENERAL ";"12";"12";"21";"33";"2";"62";"0"
"2023";"11";"021302";"ANCASH";"MARISCAL LUZURIAGA";"CASCA";"GOBIERNO REGIONAL";"I-2";"00001785";"PUESTO DE SALUD CASCA";"NE_0002";"";"NE_0002";"NE_0002";"NE_0002";"NE_0002";"NE_0002";"NE_0002";"NE_0002"
"2023";"11";"120201";"JUNIN";"CONCEPCION";"CONCEPCION";"ESSALUD";"I-3";"00008668";"CENTRO MEDICO CONCEPCION";"NE_0001";"";"NE_0001";"NE_0001";"NE_0001";"NE_0001";"NE_0001";"NE_0001";"NE_0001"
"2023";"11";"070102";"CALLAO";"CALLAO";"BELLAVISTA";"GOBIERNO REGIONAL";"II-E";"00017883";"HOSPITAL DE REHABILITACION DEL CALLAO";"NE_0001";"";"NE_0001";"NE_0001";"NE_0001";"NE_0001";"NE_0001";"NE_0001";"NE_0001"
"2023";"11";"150105";"LIMA";"LIMA";"BREÑA";"MINSA";"III-2";"00006216";"INSTITUTO NACIONAL DE SALUD DEL NIÑO";"240200";"HOSPITALIZACIÓN QUIRÚRGICA CIRUGÍA DE CABEZA Y CUELLO / MÁXILO FACIAL ";"26";"25";"196";"217";"8";"240";"0"
"2023";"11";"150105";"LIMA";"LIMA";"BREÑA";"MINSA";"III-2";"00006216";"INSTITUTO NACIONAL DE SALUD DEL NIÑO";"240400";"HOSPITALIZACIÓN QUIRÚRGICA CIRUGÍA DE TÓRAX Y CARDIOVASCULAR ";"23";"13";"307";"398";"19";"570";"0"
"2023";"11";"150105";"LIMA";"LIMA";"BREÑA";"MINSA";"III-2";"00006216";"INSTITUTO NACIONAL DE SALUD DEL NIÑO";"240700";"HOSPITALIZACIÓN QUIRÚRGICA CIRUGÍA PEDIÁTRICA ";"93";"89";"710";"607";"21";"630";"1"
"2023";"11";"150105";"LIMA";"LIMA";"BREÑA";"MINSA";"III-2";"00006216";"INSTITUTO NACIONAL DE SALUD DEL NIÑO";"240801";"HOSPITALIZACIÓN QUIRÚRGICA CIRUGÍA PLÁSTICA/RECONSTRUCTIVA/ REPARADORA QUEMADOS";"59";"56";"702";"495";"26";"780";"0"
"2023";"11";"150105";"LIMA";"LIMA";"BREÑA";"MINSA";"III-2";"00006216";"INSTITUTO NACIONAL DE SALUD DEL NIÑO";"240900";"HOSPITALIZACIÓN QUIRÚRGICA NEUROCIRUGÍA ";"39";"34";"716";"632";"22";"660";"1"
"2023";"11";"150105";"LIMA";"LIMA";"BREÑA";"MINSA";"III-2";"00006216";"INSTITUTO NACIONAL DE SALUD DEL NIÑO";"241200";"HOSPITALIZACIÓN QUIRÚRGICA TRAUMATOLOGÍA Y ORTOPEDIA ";"47";"52";"508";"722";"28";"840";"0"
"2023";"11";"150105";"LIMA";"LIMA";"BREÑA";"MINSA";"III-2";"00006216";"INSTITUTO NACIONAL DE SALUD DEL NIÑO";"241300";"HOSPITALIZACIÓN QUIRÚRGICA UROLOGÍA  ";"17";"18";"86";"67";"5";"150";"0"
"2023";"11";"150105";"LIMA";"LIMA";"BREÑA";"MINSA";"III-2";"00006216";"INSTITUTO NACIONAL DE SALUD DEL NIÑO";"242000";"HOSPITALIZACIÓN DE MEDICINA MEDICINA TROPICAL E INFECCIOSAS ";"47";"43";"521";"616";"25";"750";"0"
"2023";"11";"150105";"LIMA";"LIMA";"BREÑA";"MINSA";"III-2";"00006216";"INSTITUTO NACIONAL DE SALUD DEL NIÑO";"242300";"HOSPITALIZACIÓN DE PEDIATRÍA  PEDIATRÍA  GENERAL ";"281";"271";"2274";"2443";"83";"2490";"1"
"2023";"11";"150105";"LIMA";"LIMA";"BREÑA";"MINSA";"III-2";"00006216";"INSTITUTO NACIONAL DE SALUD DEL NIÑO";"242600";"HOSPITALIZACIÓN DE PEDIATRÍA PEDIATRIA CARDIOLOGÍA PEDIÁTRICA";"59";"53";"366";"387";"16";"480";"3"
"2023";"11";"150105";"LIMA";"LIMA";"BREÑA";"MINSA";"III-2";"00006216";"INSTITUTO NACIONAL DE SALUD DEL NIÑO";"242700";"HOSPITALIZACIÓN DE PEDIATRÍA PEDIATRIA DERMATOLOGÍA PEDIÁTRICA";"17";"18";"93";"100";"8";"240";"0"
"2023";"11";"150105";"LIMA";"LIMA";"BREÑA";"MINSA";"III-2";"00006216";"INSTITUTO NACIONAL DE SALUD DEL NIÑO";"242900";"HOSPITALIZACIÓN DE PEDIATRÍA PEDIATRIA GASTROENTEROLOGÍA PEDIÁTRICA";"20";"18";"217";"222";"8";"240";"0"
"2023";"11";"150105";"LIMA";"LIMA";"BREÑA";"MINSA";"III-2";"00006216";"INSTITUTO NACIONAL DE SALUD DEL NIÑO";"243000";"HOSPITALIZACIÓN DE PEDIATRÍA PEDIATRIA GINECOLOGÍA PEDIÁTRICA";"8";"6";"19";"40";"2";"60";"0"
"2023";"11";"150105";"LIMA";"LIMA";"BREÑA";"MINSA";"III-2";"00006216";"INSTITUTO NACIONAL DE SALUD DEL NIÑO";"243100";"HOSPITALIZACIÓN DE PEDIATRÍA PEDIATRIA NEFROLOGÍA PEDIÁTRICA";"6";"4";"33";"106";"4";"120";"0"
"2023";"11";"150105";"LIMA";"LIMA";"BREÑA";"MINSA";"III-2";"00006216";"INSTITUTO NACIONAL DE SALUD DEL NIÑO";"243300";"HOSPITALIZACIÓN DE PEDIATRÍA PEDIATRIA NEUMOLOGÍA PEDIÁTRICA";"25";"18";"299";"448";"21";"630";"0"
"2023";"11";"150105";"LIMA";"LIMA";"BREÑA";"MINSA";"III-2";"00006216";"INSTITUTO NACIONAL DE SALUD DEL NIÑO";"243400";"HOSPITALIZACIÓN DE PEDIATRÍA PEDIATRIA NEUROLOGÍA PEDIÁTRICA";"30";"29";"458";"378";"13";"390";"0"
"2023";"11";"150105";"LIMA";"LIMA";"BREÑA";"MINSA";"III-2";"00006216";"INSTITUTO NACIONAL DE SALUD DEL NIÑO";"243500";"HOSPITALIZACIÓN DE PEDIATRÍA PEDIATRIA OFTALMOLOGÍA PEDIÁTRICA";"2";"2";"6";"8";"1";"30";"0"
"2023";"11";"150105";"LIMA";"LIMA";"BREÑA";"MINSA";"III-2";"00006216";"INSTITUTO NACIONAL DE SALUD DEL NIÑO";"243600";"HOSPITALIZACIÓN DE PEDIATRÍA PEDIATRIA ONCOLOGÍA PEDIÁTRICA";"5";"5";"93";"79";"3";"90";"0"
"2023";"11";"150105";"LIMA";"LIMA";"BREÑA";"MINSA";"III-2";"00006216";"INSTITUTO NACIONAL DE SALUD DEL NIÑO";"243700";"HOSPITALIZACIÓN DE PEDIATRÍA PEDIATRIA OTORRINOLARINGOLOGÍA PEDIÁTRICA ";"21";"22";"92";"102";"6";"180";"0"
"2023";"11";"150105";"LIMA";"LIMA";"BREÑA";"MINSA";"III-2";"00006216";"INSTITUTO NACIONAL DE SALUD DEL NIÑO";"244500";"HOSPITALIZACIÓN DE MEDICINA HEMATOLOGÍA ";"6";"6";"59";"87";"3";"90";"0"
"2023";"11";"080207";"CUSCO";"ACOMAYO";"SANGARARA";"GOBIERNO REGIONAL";"I-2";"00002325";"PUESTO DE SALUD MARCACONGA";"NE_0002";"";"NE_0002";"NE_0002";"NE_0002";"NE_0002";"NE_0002";"NE_0002";"NE_0002"
"2023";"11";"080201";"CUSCO";"ACOMAYO";"ACOMAYO";"GOBIERNO REGIONAL";"I-4";"00002317";"ACOMAYO";"NE_0002";"";"NE_0002";"NE_0002";"NE_0002";"NE_0002";"NE_0002";"NE_0002";"NE_0002"
"2023";"11";"080202";"CUSCO";"ACOMAYO";"ACOPIA";"GOBIERNO REGIONAL";"I-1";"00002318";"ACOPIA";"NE_0002";"";"NE_0002";"NE_0002";"NE_0002";"NE_0002";"NE_0002";"NE_0002";"NE_0002"
"2023";"11";"080205";"CUSCO";"ACOMAYO";"POMACANCHI";"GOBIERNO REGIONAL";"I-4";"00002321";"POMACANCHI";"NE_0002";"";"NE_0002";"NE_0002";"NE_0002";"NE_0002";"NE_0002";"NE_0002";"NE_0002"
"2023";"11";"080205";"CUSCO";"ACOMAYO";"POMACANCHI";"GOBIERNO REGIONAL";"I-1";"00002322";"SAN JUAN DE POMACANCHI";"NE_0002";"";"NE_0002";"NE_0002";"NE_0002";"NE_0002";"NE_0002";"NE_0002";"NE_0002"
"2023";"11";"080203";"CUSCO";"ACOMAYO";"ACOS";"GOBIERNO REGIONAL";"I-1";"00002319";"ACOS";"NE_0002";"";"NE_0002";"NE_0002";"NE_0002";"NE_0002";"NE_0002";"NE_0002";"NE_0002"
"2023";"11";"080205";"CUSCO";"ACOMAYO";"POMACANCHI";"GOBIERNO REGIONAL";"I-1";"00012926";"SANTA LUCIA";"NE_0002";"";"NE_0002";"NE_0002";"NE_0002";"NE_0002";"NE_0002";"NE_0002";"NE_0002"
"2023";"11";"080207";"CUSCO";"ACOMAYO";"SANGARARA";"GOBIERNO REGIONAL";"I-1";"00002324";"PUESTO DE SALUD SANGARARA";"NE_0002";"";"NE_0002";"NE_0002";"NE_0002";"NE_0002";"NE_0002";"NE_0002";"NE_0002"
"2023";"11";"081008";"CUSCO";"PARURO";"PILLPINTO";"GOBIERNO REGIONAL";"I-1";"00002508";"PILLPINTO";"NE_0002";"";"NE_0002";"NE_0002";"NE_0002";"NE_0002";"NE_0002";"NE_0002";"NE_0002"
"2023";"11";"120114";"JUNIN";"HUANCAYO";"EL TAMBO";"PRIVADO";"II-1";"00025970";"CLINICA REBAGLIATI";"240100";"HOSPITALIZACIÓN QUIRÚRGICA CIRUGÍA GENERAL ";"51";"51";"51";"71";"9";"51";"0"
"2023";"11";"120114";"JUNIN";"HUANCAYO";"EL TAMBO";"PRIVADO";"II-1";"00025970";"CLINICA REBAGLIATI";"240200";"HOSPITALIZACIÓN QUIRÚRGICA CIRUGÍA DE CABEZA Y CUELLO / MÁXILO FACIAL ";"2";"2";"2";"4";"3";"9";"0"
"2023";"11";"120114";"JUNIN";"HUANCAYO";"EL TAMBO";"PRIVADO";"II-1";"00025970";"CLINICA REBAGLIATI";"240400";"HOSPITALIZACIÓN QUIRÚRGICA CIRUGÍA DE TÓRAX Y CARDIOVASCULAR ";"1";"1";"1";"2";"2";"3";"0"
"2023";"11";"120114";"JUNIN";"HUANCAYO";"EL TAMBO";"PRIVADO";"II-1";"00025970";"CLINICA REBAGLIATI";"240800";"HOSPITALIZACIÓN QUIRÚRGICA CIRUGÍA PLÁSTICA/RECONSTRUCTIVA/ REPARADORA ";"1";"1";"3";"3";"3";"6";"0"
"2023";"11";"120114";"JUNIN";"HUANCAYO";"EL TAMBO";"PRIVADO";"II-1";"00025970";"CLINICA REBAGLIATI";"240900";"HOSPITALIZACIÓN QUIRÚRGICA NEUROCIRUGÍA ";"4";"4";"6";"2";"1";"2";"0"
"2023";"11";"120114";"JUNIN";"HUANCAYO";"EL TAMBO";"PRIVADO";"II-1";"00025970";"CLINICA REBAGLIATI";"241100";"HOSPITALIZACIÓN QUIRÚRGICA OTORRINOLARINGOLOGÍA  ";"12";"12";"12";"16";"17";"20";"0"
"2023";"11";"120114";"JUNIN";"HUANCAYO";"EL TAMBO";"PRIVADO";"II-1";"00025970";"CLINICA REBAGLIATI";"241200";"HOSPITALIZACIÓN QUIRÚRGICA TRAUMATOLOGÍA Y ORTOPEDIA ";"5";"5";"5";"20";"5";"22";"0"
"2023";"11";"120114";"JUNIN";"HUANCAYO";"EL TAMBO";"PRIVADO";"II-1";"00025970";"CLINICA REBAGLIATI";"241300";"HOSPITALIZACIÓN QUIRÚRGICA UROLOGÍA  ";"8";"8";"8";"9";"10";"12";"0"
"2023";"11";"120114";"JUNIN";"HUANCAYO";"EL TAMBO";"PRIVADO";"II-1";"00025970";"CLINICA REBAGLIATI";"241400";"HOSPITALIZACIÓN QUIRÚRGICA GINECO - OBSTETRICIA ";"18";"18";"18";"19";"19";"20";"0"
"2023";"11";"120114";"JUNIN";"HUANCAYO";"EL TAMBO";"PRIVADO";"II-1";"00025970";"CLINICA REBAGLIATI";"241500";"HOSPITALIZACIÓN QUIRÚRGICA GINECOLOGÍA  ";"6";"6";"6";"33";"12";"34";"0"
"2023";"10";"200101";"PIURA";"PIURA";"PIURA";"PRIVADO";"II-E";"00012918";"OFTALMOLOGOS ASOCIADOS VER SAC";"NE_0001";"";"NE_0001";"NE_0001";"NE_0001";"NE_0001";"NE_0001";"NE_0001";"NE_0001"
"2023";"10";"150131";"LIMA";"LIMA";"SAN ISIDRO";"PRIVADO";"II-E";"00010402";"LASER VISION CENTER & ASOCIADOS S.A.C.";"NE_0001";"";"NE_0001";"NE_0001";"NE_0001";"NE_0001";"NE_0001";"NE_0001";"NE_0001"
"2023";"10";"050601";"AYACUCHO";"LUCANAS";"PUQUIO";"ESSALUD";"I-3";"00011438";"CENTRO DE ATENCION PRIMARIA II PUQUIO";"NE_0001";"";"NE_0001";"NE_0001";"NE_0001";"NE_0001";"NE_0001";"NE_0001";"NE_0001"
"2023";"10";"240105";"TUMBES";"TUMBES";"SAN JACINTO";"GOBIERNO REGIONAL";"I-1";"00001871";"RICA PLAYA";"NE_0001";"";"NE_0001";"NE_0001";"NE_0001";"NE_0001";"NE_0001";"NE_0001";"NE_0001"
"2023";"10";"070106";"CALLAO";"CALLAO";"VENTANILLA";"GOBIERNO REGIONAL";"II-1";"00007126";"HOSPITAL DE VENTANILLA";"240100";"HOSPITALIZACIÓN QUIRÚRGICA CIRUGÍA GENERAL ";"94";"101";"284";"319";"15";"465";"0"
"2023";"10";"070106";"CALLAO";"CALLAO";"VENTANILLA";"GOBIERNO REGIONAL";"II-1";"00007126";"HOSPITAL DE VENTANILLA";"241500";"HOSPITALIZACIÓN QUIRÚRGICA GINECOLOGÍA  ";"23";"23";"53";"52";"3";"93";"0"
"2023";"10";"070106";"CALLAO";"CALLAO";"VENTANILLA";"GOBIERNO REGIONAL";"II-1";"00007126";"HOSPITAL DE VENTANILLA";"241600";"HOSPITALIZACIÓN QUIRÚRGICA OBSTETRICIA   ";"190";"196";"382";"244";"18";"558";"0"
"2023";"10";"070106";"CALLAO";"CALLAO";"VENTANILLA";"GOBIERNO REGIONAL";"II-1";"00007126";"HOSPITAL DE VENTANILLA";"241800";"HOSPITALIZACIÓN DE MEDICINA MEDICINA GENERAL ";"44";"55";"334";"336";"16";"496";"2"
"2023";"10";"070106";"CALLAO";"CALLAO";"VENTANILLA";"GOBIERNO REGIONAL";"II-1";"00007126";"HOSPITAL DE VENTANILLA";"242500";"HOSPITALIZACIÓN-PEDIATRÍA GENERAL-";"36";"40";"138";"95";"9";"279";"0"
"2023";"10";"070106";"CALLAO";"CALLAO";"VENTANILLA";"GOBIERNO REGIONAL";"II-1";"00007126";"HOSPITAL DE VENTANILLA";"243200";"HOSPITALIZACIÓN DE PEDIATRÍA PEDIATRIA NEONATOLOGÍA";"18";"20";"86";"83";"9";"279";"0"
"2023";"10";"220605";"SAN MARTIN";"MARISCAL CACERES";"PAJARILLO";"GOBIERNO REGIONAL";"I-1";"00006783";"SOLEDAD";"NE_0001";"";"NE_0001";"NE_0001";"NE_0001";"NE_0001";"NE_0001";"NE_0001";"NE_0001"
"2023";"10";"220605";"SAN MARTIN";"MARISCAL CACERES";"PAJARILLO";"GOBIERNO REGIONAL";"I-1";"00006564";"DOS UNIDOS";"NE_0001";"";"NE_0001";"NE_0001";"NE_0001";"NE_0001";"NE_0001";"NE_0001";"NE_0001"
"2023";"10";"220602";"SAN MARTIN";"MARISCAL CACERES";"CAMPANILLA";"GOBIERNO REGIONAL";"I-1";"00006566";"CUÑUMBUZA";"NE_0001";"";"NE_0001";"NE_0001";"NE_0001";"NE_0001";"NE_0001";"NE_0001";"NE_0001"
"2023";"10";"220202";"SAN MARTIN";"BELLAVISTA";"ALTO BIAVO";"GOBIERNO REGIONAL";"I-1";"00006714";"CENTRO AMERICA";"NE_0001";"";"NE_0001";"NE_0001";"NE_0001";"NE_0001";"NE_0001";"NE_0001";"NE_0001"
"2023";"10";"220605";"SAN MARTIN";"MARISCAL CACERES";"PAJARILLO";"GOBIERNO REGIONAL";"I-1";"00006563";"COSTA RICA";"NE_0001";"";"NE_0001";"NE_0001";"NE_0001";"NE_0001";"NE_0001";"NE_0001";"NE_0001"
"2023";"10";"220204";"SAN MARTIN";"BELLAVISTA";"HUALLAGA";"GOBIERNO REGIONAL";"I-1";"00006565";"AUCARARCA";"NE_0001";"";"NE_0001";"NE_0001";"NE_0001";"NE_0001";"NE_0001";"NE_0001";"NE_0001"
"2023";"10";"120706";"JUNIN";"TARMA";"PALCA";"GOBIERNO REGIONAL";"I-1";"00000572";"LLACSACACA";"NE_0001";"";"NE_0001";"NE_0001";"NE_0001";"NE_0001";"NE_0001";"NE_0001";"NE_0001"
"2023";"10";"120706";"JUNIN";"TARMA";"PALCA";"GOBIERNO REGIONAL";"I-1";"00000573";"CHIPOCAYO";"NE_0001";"";"NE_0001";"NE_0001";"NE_0001";"NE_0001";"NE_0001";"NE_0001";"NE_0001"
"2023";"10";"120706";"JUNIN";"TARMA";"PALCA";"GOBIERNO REGIONAL";"I-3";"00000569";"PALCA";"NE_0001";"";"NE_0001";"NE_0001";"NE_0001";"NE_0001";"NE_0001";"NE_0001";"NE_0001"
"2023";"10";"120706";"JUNIN";"TARMA";"PALCA";"GOBIERNO REGIONAL";"I-1";"00000574";"YAROCA";"NE_0001";"";"NE_0001";"NE_0001";"NE_0001";"NE_0001";"NE_0001";"NE_0001";"NE_0001"
"2023";"10";"230110";"TACNA";"TACNA";"CORONEL GREGORIO ALBARRACIN L.";"ESSALUD";"I-3";"00010222";"CENTRO  DE ATENCION PRIMARIA II ""LUIS PALZA LEVANO""";"NE_0001";"";"NE_0001";"NE_0001";"NE_0001";"NE_0001";"NE_0001";"NE_0001";"NE_0001"
"2023";"10";"150101";"LIMA";"LIMA";"LIMA";"ESSALUD";"I-3";"00008880";"CENTRO MEDICO ANCIJE";"NE_0001";"";"NE_0001";"NE_0001";"NE_0001";"NE_0001";"NE_0001";"NE_0001";"NE_0001"
"2023";"10";"160101";"LORETO";"MAYNAS";"IQUITOS";"PRIVADO";"II-2";"00012854";"ASOC. PAST. DE SERV. MEDICO ASIST. CLINICA ADVENTISTA ANA STAHL DE LA IGLESIA ADV. DEL SEPTIMO DIA";"241800";"HOSPITALIZACIÓN DE MEDICINA MEDICINA GENERAL ";"109";"121";"896";"958";"42";"1218";"0"
"2023";"09";"250301";"UCAYALI";"PADRE ABAD";"PADRE ABAD";"ESSALUD";"I-2";"00031880";"POSTA DE SALUD AGUAYTIA";"NE_0001";"";"NE_0001";"NE_0001";"NE_0001";"NE_0001";"NE_0001";"NE_0001";"NE_0001"
"2023";"10";"080901";"CUSCO";"LA CONVENCION";"SANTA ANA";"PRIVADO";"II-E";"00026080";"SR DE TORRECHAYOC";"241400";"HOSPITALIZACIÓN QUIRÚRGICA GINECO - OBSTETRICIA ";"3";"3";"5";"9";"4";"124";"0"
"2023";"10";"070106";"CALLAO";"CALLAO";"VENTANILLA";"GOBIERNO REGIONAL";"I-2";"00006262";"PUESTO DE SALUD HIJOS DEL ALMIRANTE GRAU";"NE_0001";"";"NE_0001";"NE_0001";"NE_0001";"NE_0001";"NE_0001";"NE_0001";"NE_0001"
"2023";"10";"070106";"CALLAO";"CALLAO";"VENTANILLA";"GOBIERNO REGIONAL";"I-2";"00006255";"PUESTO DE SALUD VENTANILLA ALTA";"NE_0001";"";"NE_0001";"NE_0001";"NE_0001";"NE_0001";"NE_0001";"NE_0001";"NE_0001"
"2023";"10";"070106";"CALLAO";"CALLAO";"VENTANILLA";"GOBIERNO REGIONAL";"I-2";"00006257";"PUESTO DE SALUD ANGAMOS";"NE_0001";"";"NE_0001";"NE_0001";"NE_0001";"NE_0001";"NE_0001";"NE_0001";"NE_0001"
"2023";"10";"070106";"CALLAO";"CALLAO";"VENTANILLA";"GOBIERNO REGIONAL";"I-2";"00006268";"PUESTO DE SALUD DEFENSORES DE LA PATRIA";"NE_0001";"";"NE_0001";"NE_0001";"NE_0001";"NE_0001";"NE_0001";"NE_0001";"NE_0001"
"2023";"10";"060101";"CAJAMARCA";"CAJAMARCA";"CAJAMARCA";"PRIVADO";"0";"00029780";"LABORATORIO EL INGENIO";"NE_0001";"";"NE_0001";"NE_0001";"NE_0001";"NE_0001";"NE_0001";"NE_0001";"NE_0001"
"2023";"11";"090304";"HUANCAVELICA";"ANGARAES";"CCOCHACCASA";"GOBIERNO REGIONAL";"I-1";"00003957";"CCASCCABAMBA";"NE_0001";"";"NE_0001";"NE_0001";"NE_0001";"NE_0001";"NE_0001";"NE_0001";"NE_0001"
"2023";"11";"090302";"HUANCAVELICA";"ANGARAES";"ANCHONGA";"GOBIERNO REGIONAL";"I-3";"00003959";"PARCO ALTO";"NE_0002";"";"NE_0002";"NE_0002";"NE_0002";"NE_0002";"NE_0002";"NE_0002";"NE_0002"
"2023";"11";"090306";"HUANCAVELICA";"ANGARAES";"CONGALLA";"GOBIERNO REGIONAL";"I-2";"00003972";"CONGALLA";"NE_0001";"";"NE_0001";"NE_0001";"NE_0001";"NE_0001";"NE_0001";"NE_0001";"NE_0001"
"2023";"11";"090301";"HUANCAVELICA";"ANGARAES";"LIRCAY";"GOBIERNO REGIONAL";"I-1";"00007384";"SAN JUAN DE AHUAY";"NE_0001";"";"NE_0001";"NE_0001";"NE_0001";"NE_0001";"NE_0001";"NE_0001";"NE_0001"
"2023";"11";"090301";"HUANCAVELICA";"ANGARAES";"LIRCAY";"GOBIERNO REGIONAL";"I-2";"00007385";"SAN JUAN DE DIOS DE CCOLLPAPAMPA";"NE_0001";"";"NE_0001";"NE_0001";"NE_0001";"NE_0001";"NE_0001";"NE_0001";"NE_0001"
"2023";"11";"090311";"HUANCAVELICA";"ANGARAES";"SANTO TOMAS DE PATA";"GOBIERNO REGIONAL";"I-1";"00011768";"CUTICSA";"NE_0001";"";"NE_0001";"NE_0001";"NE_0001";"NE_0001";"NE_0001";"NE_0001";"NE_0001"
"2023";"11";"090302";"HUANCAVELICA";"ANGARAES";"ANCHONGA";"GOBIERNO REGIONAL";"I-2";"00003960";"TUCO";"NE_0001";"";"NE_0001";"NE_0001";"NE_0001";"NE_0001";"NE_0001";"NE_0001";"NE_0001"
"2023";"11";"090309";"HUANCAVELICA";"ANGARAES";"JULCAMARCA";"GOBIERNO REGIONAL";"I-3";"00003962";"JULCAMARCA";"NE_0002";"";"NE_0002";"NE_0002";"NE_0002";"NE_0002";"NE_0002";"NE_0002";"NE_0002"
"2023";"11";"090310";"HUANCAVELICA";"ANGARAES";"SAN ANTONIO DE ANTAPARCO";"GOBIERNO REGIONAL";"I-1";"00003965";"SAN ANTONIO DE ANTAPARCO";"NE_0001";"";"NE_0001";"NE_0001";"NE_0001";"NE_0001";"NE_0001";"NE_0001";"NE_0001"
"2023";"11";"090312";"HUANCAVELICA";"ANGARAES";"SECCLLA";"GOBIERNO REGIONAL";"I-3";"00003969";"SECCLLA";"NE_0002";"";"NE_0002";"NE_0002";"NE_0002";"NE_0002";"NE_0002";"NE_0002";"NE_0002"
"2023";"11";"090312";"HUANCAVELICA";"ANGARAES";"SECCLLA";"GOBIERNO REGIONAL";"I-1";"00003971";"TRANCA";"NE_0001";"";"NE_0001";"NE_0001";"NE_0001";"NE_0001";"NE_0001";"NE_0001";"NE_0001"
"2023";"11";"090302";"HUANCAVELICA";"ANGARAES";"ANCHONGA";"GOBIERNO REGIONAL";"I-3";"00006901";"BUENOS AIRES DE PARCO CHACAPUNCU";"NE_0001";"";"NE_0001";"NE_0001";"NE_0001";"NE_0001";"NE_0001";"NE_0001";"NE_0001"
"2023";"11";"090304";"HUANCAVELICA";"ANGARAES";"CCOCHACCASA";"GOBIERNO REGIONAL";"I-1";"00003956";"SAN PEDRO DE MIMOSA";"NE_0001";"";"NE_0001";"NE_0001";"NE_0001";"NE_0001";"NE_0001";"NE_0001";"NE_0001"
"2023";"11";"090308";"HUANCAVELICA";"ANGARAES";"HUALLAY-GRANDE";"GOBIERNO REGIONAL";"I-2";"00003954";"HUAYLLAY GRANDE";"NE_0001";"";"NE_0001";"NE_0001";"NE_0001";"NE_0001";"NE_0001";"NE_0001";"NE_0001"
"2023";"11";"090302";"HUANCAVELICA";"ANGARAES";"ANCHONGA";"GOBIERNO REGIONAL";"I-1";"00003958";"ANCHONGA";"NE_0001";"";"NE_0001";"NE_0001";"NE_0001";"NE_0001";"NE_0001";"NE_0001";"NE_0001"
"2023";"11";"090305";"HUANCAVELICA";"ANGARAES";"CHINCHO";"GOBIERNO REGIONAL";"I-1";"00003963";"CHINCHO";"NE_0001";"";"NE_0001";"NE_0001";"NE_0001";"NE_0001";"NE_0001";"NE_0001";"NE_0001"
"2023";"11";"090302";"HUANCAVELICA";"ANGARAES";"ANCHONGA";"GOBIERNO REGIONAL";"I-1";"00006930";"HUARIRUMI - CHONTACANCHA";"NE_0001";"";"NE_0001";"NE_0001";"NE_0001";"NE_0001";"NE_0001";"NE_0001";"NE_0001"
"2023";"11";"090302";"HUANCAVELICA";"ANGARAES";"ANCHONGA";"GOBIERNO REGIONAL";"I-2";"00003961";"SAN PABLO DE OCCO";"NE_0001";"";"NE_0001";"NE_0001";"NE_0001";"NE_0001";"NE_0001";"NE_0001";"NE_0001"
"2023";"11";"090306";"HUANCAVELICA";"ANGARAES";"CONGALLA";"GOBIERNO REGIONAL";"I-1";"00003974";"CARCOSI";"NE_0001";"";"NE_0001";"NE_0001";"NE_0001";"NE_0001";"NE_0001";"NE_0001";"NE_0001"
"2023";"11";"090306";"HUANCAVELICA";"ANGARAES";"CONGALLA";"GOBIERNO REGIONAL";"I-1";"00003975";"LIRCAYCCASA";"NE_0001";"";"NE_0001";"NE_0001";"NE_0001";"NE_0001";"NE_0001";"NE_0001";"NE_0001"
"2023";"11";"090307";"HUANCAVELICA";"ANGARAES";"HUANCA-HUANCA";"GOBIERNO REGIONAL";"I-1";"00011200";"CCARAPA";"NE_0001";"";"NE_0001";"NE_0001";"NE_0001";"NE_0001";"NE_0001";"NE_0001";"NE_0001"
"2023";"11";"090301";"HUANCAVELICA";"ANGARAES";"LIRCAY";"GOBIERNO REGIONAL";"I-1";"00011201";"CIENEGUILLA";"NE_0001";"";"NE_0001";"NE_0001";"NE_0001";"NE_0001";"NE_0001";"NE_0001";"NE_0001"
"2023";"11";"090304";"HUANCAVELICA";"ANGARAES";"CCOCHACCASA";"GOBIERNO REGIONAL";"I-1";"00011204";"VELASCO PUCAPAMPA";"NE_0001";"";"NE_0001";"NE_0001";"NE_0001";"NE_0001";"NE_0001";"NE_0001";"NE_0001"
"2023";"11";"090302";"HUANCAVELICA";"ANGARAES";"ANCHONGA";"GOBIERNO REGIONAL";"I-1";"00028780";"LLANCAPUQUIO";"NE_0001";"";"NE_0001";"NE_0001";"NE_0001";"NE_0001";"NE_0001";"NE_0001";"NE_0001"
"2023";"11";"090301";"HUANCAVELICA";"ANGARAES";"LIRCAY";"GOBIERNO REGIONAL";"I-1";"00003948";"UCHCUPAMPA";"NE_0001";"";"NE_0001";"NE_0001";"NE_0001";"NE_0001";"NE_0001";"NE_0001";"NE_0001"
"2023";"11";"090310";"HUANCAVELICA";"ANGARAES";"SAN ANTONIO DE ANTAPARCO";"GOBIERNO REGIONAL";"I-1";"00003966";"MAICENA";"NE_0001";"";"NE_0001";"NE_0001";"NE_0001";"NE_0001";"NE_0001";"NE_0001";"NE_0001"
"2023";"11";"090311";"HUANCAVELICA";"ANGARAES";"SANTO TOMAS DE PATA";"GOBIERNO REGIONAL";"I-1";"00003967";"SANTO TOMAS DE PATA";"NE_0001";"";"NE_0001";"NE_0001";"NE_0001";"NE_0001";"NE_0001";"NE_0001";"NE_0001"
"2023";"11";"090301";"HUANCAVELICA";"ANGARAES";"LIRCAY";"GOBIERNO REGIONAL";"I-1";"00011202";"PAMPAHUASI";"NE_0001";"";"NE_0001";"NE_0001";"NE_0001";"NE_0001";"NE_0001";"NE_0001";"NE_0001"
"2023";"11";"090301";"HUANCAVELICA";"ANGARAES";"LIRCAY";"GOBIERNO REGIONAL";"I-1";"00011205";"UNION PROGRESO PATAHUASI";"NE_0001";"";"NE_0001";"NE_0001";"NE_0001";"NE_0001";"NE_0001";"NE_0001";"NE_0001"
"2023";"11";"090301";"HUANCAVELICA";"ANGARAES";"LIRCAY";"GOBIERNO REGIONAL";"I-3";"00028484";"CENTRO DE SALUD MENTAL COMUNITARIO ANGARAES";"NE_0002";"";"NE_0002";"NE_0002";"NE_0002";"NE_0002";"NE_0002";"NE_0002";"NE_0002"
"2023";"11";"120214";"JUNIN";"CONCEPCION";"SAN JOSE DE QUERO";"GOBIERNO REGIONAL";"I-1";"00000644";"SANTA ROSA DE HUARMITA";"NE_0001";"";"NE_0001";"NE_0001";"NE_0001";"NE_0001";"NE_0001";"NE_0001";"NE_0001"
"2023";"11";"060802";"CAJAMARCA";"JAEN";"BELLAVISTA";"GOBIERNO REGIONAL";"I-3";"00004224";"CRUCE SHUMBA";"NE_0001";"";"NE_0001";"NE_0001";"NE_0001";"NE_0001";"NE_0001";"NE_0001";"NE_0001"
"2023";"11";"220605";"SAN MARTIN";"MARISCAL CACERES";"PAJARILLO";"GOBIERNO REGIONAL";"I-1";"00006783";"SOLEDAD";"NE_0001";"";"NE_0001";"NE_0001";"NE_0001";"NE_0001";"NE_0001";"NE_0001";"NE_0001"
"2023";"11";"060607";"CAJAMARCA";"CUTERVO";"QUEROCOTILLO";"GOBIERNO REGIONAL";"I-3";"00004968";"SILLANGATE";"NE_0001";"";"NE_0001";"NE_0001";"NE_0001";"NE_0001";"NE_0001";"NE_0001";"NE_0001"
"2023";"11";"060607";"CAJAMARCA";"CUTERVO";"QUEROCOTILLO";"GOBIERNO REGIONAL";"I-1";"00005011";"PARIC";"NE_0001";"";"NE_0001";"NE_0001";"NE_0001";"NE_0001";"NE_0001";"NE_0001";"NE_0001"
"2023";"11";"060607";"CAJAMARCA";"CUTERVO";"QUEROCOTILLO";"GOBIERNO REGIONAL";"I-1";"00006943";"BALCONCILLO";"NE_0001";"";"NE_0001";"NE_0001";"NE_0001";"NE_0001";"NE_0001";"NE_0001";"NE_0001"
"2023";"11";"060607";"CAJAMARCA";"CUTERVO";"QUEROCOTILLO";"GOBIERNO REGIONAL";"I-2";"00005007";"SANTA ROSA DE QUEROCOTILLO";"NE_0001";"";"NE_0001";"NE_0001";"NE_0001";"NE_0001";"NE_0001";"NE_0001";"NE_0001"
"2023";"11";"060607";"CAJAMARCA";"CUTERVO";"QUEROCOTILLO";"GOBIERNO REGIONAL";"I-1";"00006869";"LAS DELICIAS";"NE_0001";"";"NE_0001";"NE_0001";"NE_0001";"NE_0001";"NE_0001";"NE_0001";"NE_0001"
"2023";"11";"060607";"CAJAMARCA";"CUTERVO";"QUEROCOTILLO";"GOBIERNO REGIONAL";"I-1";"00007753";"BARBASCO";"NE_0001";"";"NE_0001";"NE_0001";"NE_0001";"NE_0001";"NE_0001";"NE_0001";"NE_0001"
"2023";"11";"060607";"CAJAMARCA";"CUTERVO";"QUEROCOTILLO";"GOBIERNO REGIONAL";"I-3";"00005006";"QUEROCOTILLO";"NE_0001";"";"NE_0001";"NE_0001";"NE_0001";"NE_0001";"NE_0001";"NE_0001";"NE_0001"
"2023";"11";"060607";"CAJAMARCA";"CUTERVO";"QUEROCOTILLO";"GOBIERNO REGIONAL";"I-2";"00005010";"INGUER";"NE_0001";"";"NE_0001";"NE_0001";"NE_0001";"NE_0001";"NE_0001";"NE_0001";"NE_0001"
"2023";"11";"060607";"CAJAMARCA";"CUTERVO";"QUEROCOTILLO";"GOBIERNO REGIONAL";"I-1";"00006942";"LA SUCCHA ALTA";"NE_0001";"";"NE_0001";"NE_0001";"NE_0001";"NE_0001";"NE_0001";"NE_0001";"NE_0001"
"2023";"11";"060607";"CAJAMARCA";"CUTERVO";"QUEROCOTILLO";"GOBIERNO REGIONAL";"I-1";"00007099";"AGUA BLANCA";"NE_0001";"";"NE_0001";"NE_0001";"NE_0001";"NE_0001";"NE_0001";"NE_0001";"NE_0001"
"2023";"11";"060607";"CAJAMARCA";"CUTERVO";"QUEROCOTILLO";"GOBIERNO REGIONAL";"I-1";"00007365";"MINAS DE QUEROCOTILLO";"NE_0001";"";"NE_0001";"NE_0001";"NE_0001";"NE_0001";"NE_0001";"NE_0001";"NE_0001"
"2023";"11";"060607";"CAJAMARCA";"CUTERVO";"QUEROCOTILLO";"GOBIERNO REGIONAL";"I-1";"00007366";"EL CORRAL";"NE_0001";"";"NE_0001";"NE_0001";"NE_0001";"NE_0001";"NE_0001";"NE_0001";"NE_0001"
"2023";"10";"060801";"CAJAMARCA";"JAEN";"JAEN";"SANIDAD DE LA POLICIA NACIONAL DEL PERU";"I-3";"00018950";"POLICLINICO POLICIAL JAEN";"NE_0001";"";"NE_0001";"NE_0001";"NE_0001";"NE_0001";"NE_0001";"NE_0001";"NE_0001"
"2023";"10";"150129";"LIMA";"LIMA";"SAN BARTOLO";"SANIDAD DE LA POLICIA NACIONAL DEL PERU";"I-2";"00019390";"POSTA MEDICA ETS. PNP. SAN BARTOLO";"NE_0001";"";"NE_0001";"NE_0001";"NE_0001";"NE_0001";"NE_0001";"NE_0001";"NE_0001"
"2023";"10";"020105";"ANCASH";"HUARAZ";"INDEPENDENCIA";"PRIVADO";"II-1";"00012671";"CLINICA SAN PABLO SEDE HUARAZ";"240000";"HOSPITALIZACIÓN";"85";"87";"246";"320";"24";"744";"0"
"2023";"10";"120114";"JUNIN";"HUANCAYO";"EL TAMBO";"PRIVADO";"II-E";"00027694";"CHENET CLINICA ESPECIALIZADA";"240100";"HOSPITALIZACIÓN QUIRÚRGICA CIRUGÍA GENERAL ";"48";"49";"163";"158";"10";"310";"1"
"2023";"10";"020101";"ANCASH";"HUARAZ";"HUARAZ";"GOBIERNO REGIONAL";"II-2";"00001543";"HOSPITAL ""VICTOR RAMOS GUARDIA"" - HUARAZ";"244000";"HOSPITALIZACIÓN DE MEDICINA CARDIOLOGIA ";"6";"7";"68";"65";"3";"93";"0"
"2023";"10";"020101";"ANCASH";"HUARAZ";"HUARAZ";"GOBIERNO REGIONAL";"II-2";"00001543";"HOSPITAL ""VICTOR RAMOS GUARDIA"" - HUARAZ";"244300";"HOSPITALIZACIÓN DE MEDICINA GASTROENTEROLOGÍA  ";"21";"25";"132";"153";"6";"186";"2"
"2023";"10";"020101";"ANCASH";"HUARAZ";"HUARAZ";"GOBIERNO REGIONAL";"II-2";"00001543";"HOSPITAL ""VICTOR RAMOS GUARDIA"" - HUARAZ";"241800";"HOSPITALIZACIÓN DE MEDICINA MEDICINA GENERAL ";"30";"44";"297";"242";"9";"279";"3"
"2023";"10";"020101";"ANCASH";"HUARAZ";"HUARAZ";"GOBIERNO REGIONAL";"II-2";"00001543";"HOSPITAL ""VICTOR RAMOS GUARDIA"" - HUARAZ";"245300";"HOSPITALIZACIÓN DE MEDICINA NEUMOLOGÍA  ";"15";"25";"269";"255";"9";"279";"2"
"2023";"10";"020101";"ANCASH";"HUARAZ";"HUARAZ";"GOBIERNO REGIONAL";"II-2";"00001543";"HOSPITAL ""VICTOR RAMOS GUARDIA"" - HUARAZ";"244700";"HOSPITALIZACIÓN DE MEDICINA NEUROLOGIA  ";"8";"8";"43";"52";"2";"62";"1"
"2023";"10";"020101";"ANCASH";"HUARAZ";"HUARAZ";"GOBIERNO REGIONAL";"II-2";"00001543";"HOSPITAL ""VICTOR RAMOS GUARDIA"" - HUARAZ";"242200";"HOSPITALIZACIÓN DE MEDICINA PSIQUIATRÍA ";"10";"13";"97";"117";"10";"310";"0"
"2023";"10";"020101";"ANCASH";"HUARAZ";"HUARAZ";"GOBIERNO REGIONAL";"II-2";"00001543";"HOSPITAL ""VICTOR RAMOS GUARDIA"" - HUARAZ";"240100";"HOSPITALIZACIÓN QUIRÚRGICA CIRUGÍA GENERAL ";"105";"129";"607";"540";"20";"620";"0"
"2023";"10";"020101";"ANCASH";"HUARAZ";"HUARAZ";"GOBIERNO REGIONAL";"II-2";"00001543";"HOSPITAL ""VICTOR RAMOS GUARDIA"" - HUARAZ";"240900";"HOSPITALIZACIÓN QUIRÚRGICA NEUROCIRUGÍA ";"8";"12";"120";"138";"5";"155";"0"
"2023";"10";"020101";"ANCASH";"HUARAZ";"HUARAZ";"GOBIERNO REGIONAL";"II-2";"00001543";"HOSPITAL ""VICTOR RAMOS GUARDIA"" - HUARAZ";"241200";"HOSPITALIZACIÓN QUIRÚRGICA TRAUMATOLOGÍA Y ORTOPEDIA ";"25";"45";"824";"583";"23";"713";"0"
"2023";"10";"020101";"ANCASH";"HUARAZ";"HUARAZ";"GOBIERNO REGIONAL";"II-2";"00001543";"HOSPITAL ""VICTOR RAMOS GUARDIA"" - HUARAZ";"241300";"HOSPITALIZACIÓN QUIRÚRGICA UROLOGÍA  ";"13";"15";"68";"57";"2";"62";"0"
"2023";"10";"020101";"ANCASH";"HUARAZ";"HUARAZ";"GOBIERNO REGIONAL";"II-2";"00001543";"HOSPITAL ""VICTOR RAMOS GUARDIA"" - HUARAZ";"241100";"HOSPITALIZACIÓN QUIRÚRGICA OTORRINOLARINGOLOGÍA  ";"1";"1";"6";"6";"1";"31";"0"
"2023";"10";"020101";"ANCASH";"HUARAZ";"HUARAZ";"GOBIERNO REGIONAL";"II-2";"00001543";"HOSPITAL ""VICTOR RAMOS GUARDIA"" - HUARAZ";"241500";"HOSPITALIZACIÓN QUIRÚRGICA GINECOLOGÍA  ";"31";"35";"86";"77";"3";"93";"0"
"2023";"10";"020101";"ANCASH";"HUARAZ";"HUARAZ";"GOBIERNO REGIONAL";"II-2";"00001543";"HOSPITAL ""VICTOR RAMOS GUARDIA"" - HUARAZ";"241600";"HOSPITALIZACIÓN QUIRÚRGICA OBSTETRICIA   ";"269";"290";"625";"568";"24";"744";"0"
"2023";"10";"020101";"ANCASH";"HUARAZ";"HUARAZ";"GOBIERNO REGIONAL";"II-2";"00001543";"HOSPITAL ""VICTOR RAMOS GUARDIA"" - HUARAZ";"242500";"HOSPITALIZACIÓN-PEDIATRÍA GENERAL-";"77";"87";"348";"320";"14";"434";"0"
"2023";"10";"020101";"ANCASH";"HUARAZ";"HUARAZ";"GOBIERNO REGIONAL";"II-2";"00001543";"HOSPITAL ""VICTOR RAMOS GUARDIA"" - HUARAZ";"243200";"HOSPITALIZACIÓN DE PEDIATRÍA PEDIATRIA NEONATOLOGÍA";"32";"47";"367";"377";"18";"558";"1"
"2023";"10";"020101";"ANCASH";"HUARAZ";"HUARAZ";"GOBIERNO REGIONAL";"II-2";"00001543";"HOSPITAL ""VICTOR RAMOS GUARDIA"" - HUARAZ";"250000";"UNIDAD DE CUIDADOS CRITICOS  ";"9";"13";"201";"216";"8";"248";"3"
"2023";"10";"020105";"ANCASH";"HUARAZ";"INDEPENDENCIA";"PRIVADO";"II-1";"00012671";"CLINICA SAN PABLO SEDE HUARAZ";"250100";"UNIDAD DE CUIDADOS CRITICOS UNIDAD  DE CUIDADOS INTENSIVOS GENERALES (UCI) ";"10";"11";"57";"45";"5";"155";"0"
"2023";"10";"120903";"JUNIN";"CHUPACA";"CHONGOS BAJO";"GOBIERNO REGIONAL";"I-1";"00000650";"PUMPUNYA";"NE_0001";"";"NE_0001";"NE_0001";"NE_0001";"NE_0001";"NE_0001";"NE_0001";"NE_0001"
"2023";"10";"120906";"JUNIN";"CHUPACA";"SAN JUAN DE YSCOS";"GOBIERNO REGIONAL";"I-1";"00000657";"TINYARI CHICO";"NE_0001";"";"NE_0001";"NE_0001";"NE_0001";"NE_0001";"NE_0001";"NE_0001";"NE_0001"
"2023";"10";"120101";"JUNIN";"HUANCAYO";"HUANCAYO";"GOBIERNO REGIONAL";"III-E";"00000753";"HOSPITAL REGIONAL DOCENTE CLINICO QUIRURGICO DANIEL ALCIDES CARRION";"241900";"HOSPITALIZACIÓN DE MEDICINA MEDICINA INTERNA ";"119";"116";"1165";"1477";"48";"1488";"17"
"2023";"10";"120101";"JUNIN";"HUANCAYO";"HUANCAYO";"GOBIERNO REGIONAL";"III-E";"00000753";"HOSPITAL REGIONAL DOCENTE CLINICO QUIRURGICO DANIEL ALCIDES CARRION";"242000";"HOSPITALIZACIÓN DE MEDICINA MEDICINA TROPICAL E INFECCIOSAS ";"10";"11";"299";"172";"6";"186";"1"
"2023";"10";"120101";"JUNIN";"HUANCAYO";"HUANCAYO";"GOBIERNO REGIONAL";"III-E";"00000753";"HOSPITAL REGIONAL DOCENTE CLINICO QUIRURGICO DANIEL ALCIDES CARRION";"244000";"HOSPITALIZACIÓN DE MEDICINA CARDIOLOGIA ";"52";"45";"169";"241";"8";"248";"0"
"2023";"10";"120101";"JUNIN";"HUANCAYO";"HUANCAYO";"GOBIERNO REGIONAL";"III-E";"00000753";"HOSPITAL REGIONAL DOCENTE CLINICO QUIRURGICO DANIEL ALCIDES CARRION";"244200";"HOSPITALIZACIÓN DE MEDICINA ENDOCRINOLOGIA ";"16";"14";"131";"75";"4";"124";"0"
"2023";"10";"120101";"JUNIN";"HUANCAYO";"HUANCAYO";"GOBIERNO REGIONAL";"III-E";"00000753";"HOSPITAL REGIONAL DOCENTE CLINICO QUIRURGICO DANIEL ALCIDES CARRION";"244300";"HOSPITALIZACIÓN DE MEDICINA GASTROENTEROLOGÍA  ";"35";"30";"205";"160";"6";"186";"4"
"2023";"10";"120101";"JUNIN";"HUANCAYO";"HUANCAYO";"GOBIERNO REGIONAL";"III-E";"00000753";"HOSPITAL REGIONAL DOCENTE CLINICO QUIRURGICO DANIEL ALCIDES CARRION";"244400";"HOSPITALIZACIÓN DE MEDICINA GERIATRIA ";"16";"14";"93";"75";"3";"93";"4"
"2023";"10";"120101";"JUNIN";"HUANCAYO";"HUANCAYO";"GOBIERNO REGIONAL";"III-E";"00000753";"HOSPITAL REGIONAL DOCENTE CLINICO QUIRURGICO DANIEL ALCIDES CARRION";"245300";"HOSPITALIZACIÓN DE MEDICINA NEUMOLOGÍA  ";"33";"36";"375";"552";"19";"589";"4"
"2023";"10";"120101";"JUNIN";"HUANCAYO";"HUANCAYO";"GOBIERNO REGIONAL";"III-E";"00000753";"HOSPITAL REGIONAL DOCENTE CLINICO QUIRURGICO DANIEL ALCIDES CARRION";"240100";"HOSPITALIZACIÓN QUIRÚRGICA CIRUGÍA GENERAL ";"181";"195";"1280";"1316";"43";"1333";"4"
"2023";"10";"120101";"JUNIN";"HUANCAYO";"HUANCAYO";"GOBIERNO REGIONAL";"III-E";"00000753";"HOSPITAL REGIONAL DOCENTE CLINICO QUIRURGICO DANIEL ALCIDES CARRION";"240200";"HOSPITALIZACIÓN QUIRÚRGICA CIRUGÍA DE CABEZA Y CUELLO / MÁXILO FACIAL ";"17";"18";"100";"185";"6";"186";"0"
"2023";"10";"120101";"JUNIN";"HUANCAYO";"HUANCAYO";"GOBIERNO REGIONAL";"III-E";"00000753";"HOSPITAL REGIONAL DOCENTE CLINICO QUIRURGICO DANIEL ALCIDES CARRION";"240600";"HOSPITALIZACIÓN QUIRÚRGICA CIRUGÍA OFTALMOLÓGICA ";"1";"1";"2";"10";"1";"31";"0"
"2023";"10";"120101";"JUNIN";"HUANCAYO";"HUANCAYO";"GOBIERNO REGIONAL";"III-E";"00000753";"HOSPITAL REGIONAL DOCENTE CLINICO QUIRURGICO DANIEL ALCIDES CARRION";"240800";"HOSPITALIZACIÓN QUIRÚRGICA CIRUGÍA PLÁSTICA/RECONSTRUCTIVA/ REPARADORA ";"13";"13";"290";"133";"5";"155";"0"
"2023";"10";"120101";"JUNIN";"HUANCAYO";"HUANCAYO";"GOBIERNO REGIONAL";"III-E";"00000753";"HOSPITAL REGIONAL DOCENTE CLINICO QUIRURGICO DANIEL ALCIDES CARRION";"240900";"HOSPITALIZACIÓN QUIRÚRGICA NEUROCIRUGÍA ";"40";"42";"488";"431";"14";"434";"8"
"2023";"10";"120101";"JUNIN";"HUANCAYO";"HUANCAYO";"GOBIERNO REGIONAL";"III-E";"00000753";"HOSPITAL REGIONAL DOCENTE CLINICO QUIRURGICO DANIEL ALCIDES CARRION";"241100";"HOSPITALIZACIÓN QUIRÚRGICA OTORRINOLARINGOLOGÍA  ";"3";"3";"13";"31";"1";"31";"0"
"2023";"10";"120101";"JUNIN";"HUANCAYO";"HUANCAYO";"GOBIERNO REGIONAL";"III-E";"00000753";"HOSPITAL REGIONAL DOCENTE CLINICO QUIRURGICO DANIEL ALCIDES CARRION";"241200";"HOSPITALIZACIÓN QUIRÚRGICA TRAUMATOLOGÍA Y ORTOPEDIA ";"75";"67";"795";"1078";"36";"1116";"2"
"2023";"10";"120101";"JUNIN";"HUANCAYO";"HUANCAYO";"GOBIERNO REGIONAL";"III-E";"00000753";"HOSPITAL REGIONAL DOCENTE CLINICO QUIRURGICO DANIEL ALCIDES CARRION";"241300";"HOSPITALIZACIÓN QUIRÚRGICA UROLOGÍA  ";"15";"16";"133";"164";"6";"186";"0"
"2023";"10";"120101";"JUNIN";"HUANCAYO";"HUANCAYO";"GOBIERNO REGIONAL";"III-E";"00000753";"HOSPITAL REGIONAL DOCENTE CLINICO QUIRURGICO DANIEL ALCIDES CARRION";"242100";"HOSPITALIZACIÓN DE MEDICINA ONCOLOGÍA MÉDICA ";"8";"12";"211";"192";"8";"248";"1"
"2023";"11";"150114";"LIMA";"LIMA";"LA MOLINA";"ESSALUD";"II-1";"00010135";"HOSPITAL I CARLOS ALCANTARA BUTTERFIELD";"241800";"HOSPITALIZACIÓN DE MEDICINA MEDICINA GENERAL ";"44";"50";"358";"327";"12";"360";"5"
"2023";"11";"150114";"LIMA";"LIMA";"LA MOLINA";"ESSALUD";"II-1";"00010135";"HOSPITAL I CARLOS ALCANTARA BUTTERFIELD";"250304";"HOSPIT. EN UNIDAD DE CUID.INTEN.-UNIDAD DE VIGILANCIA INTENSIVA (UVI)-MEDICINA";"16";"8";"124";"141";"7";"210";"1"
"2023";"11";"150114";"LIMA";"LIMA";"LA MOLINA";"ESSALUD";"II-1";"00010135";"HOSPITAL I CARLOS ALCANTARA BUTTERFIELD";"240100";"HOSPITALIZACIÓN QUIRÚRGICA CIRUGÍA GENERAL ";"254";"233";"527";"487";"23";"690";"0"
"2023";"11";"150114";"LIMA";"LIMA";"LA MOLINA";"ESSALUD";"II-1";"00010135";"HOSPITAL I CARLOS ALCANTARA BUTTERFIELD";"242500";"HOSPITALIZACIÓN-PEDIATRÍA GENERAL-";"33";"32";"95";"95";"6";"180";"0"
"2023";"11";"150114";"LIMA";"LIMA";"LA MOLINA";"ESSALUD";"II-1";"00010135";"HOSPITAL I CARLOS ALCANTARA BUTTERFIELD";"241600";"HOSPITALIZACIÓN QUIRÚRGICA OBSTETRICIA   ";"51";"57";"142";"143";"9";"270";"0"
"2023";"11";"021603";"ANCASH";"POMABAMBA";"PAROBAMBA";"GOBIERNO REGIONAL";"I-4";"00001775";"CENTRO DE SALUD PAROBAMBA VIEJO";"NE_0002";"";"NE_0002";"NE_0002";"NE_0002";"NE_0002";"NE_0002";"NE_0002";"NE_0002"
"2023";"11";"021603";"ANCASH";"POMABAMBA";"PAROBAMBA";"GOBIERNO REGIONAL";"I-2";"00001777";"PUESTO DE SALUD HUANCHAYLLO";"NE_0002";"";"NE_0002";"NE_0002";"NE_0002";"NE_0002";"NE_0002";"NE_0002";"NE_0002"
"2023";"11";"021604";"ANCASH";"POMABAMBA";"QUINUABAMBA";"GOBIERNO REGIONAL";"I-2";"00001781";"PUESTO DE SALUD QUINUABAMBA";"NE_0002";"";"NE_0002";"NE_0002";"NE_0002";"NE_0002";"NE_0002";"NE_0002";"NE_0002"
"2023";"11";"051004";"AYACUCHO";"VICTOR FAJARDO";"ASQUIPATA";"GOBIERNO REGIONAL";"I-1";"00003822";"PUESTO DE SALUD CHIHUIRE";"NE_0001";"";"NE_0001";"NE_0001";"NE_0001";"NE_0001";"NE_0001";"NE_0001";"NE_0001"
"2023";"11";"051009";"AYACUCHO";"VICTOR FAJARDO";"HUANCARAYLLA";"GOBIERNO REGIONAL";"I-2";"00003838";"PUESTO DE SALUD HUANCARAYLLA";"NE_0001";"";"NE_0001";"NE_0001";"NE_0001";"NE_0001";"NE_0001";"NE_0001";"NE_0001"
"2023";"11";"051003";"AYACUCHO";"VICTOR FAJARDO";"APONGO";"GOBIERNO REGIONAL";"I-1";"00003819";"APONGO";"NE_0001";"";"NE_0001";"NE_0001";"NE_0001";"NE_0001";"NE_0001";"NE_0001";"NE_0001"
"2023";"11";"051005";"AYACUCHO";"VICTOR FAJARDO";"CANARIA";"GOBIERNO REGIONAL";"I-2";"00003826";"PUESTO DE SALUD TACA";"NE_0001";"";"NE_0001";"NE_0001";"NE_0001";"NE_0001";"NE_0001";"NE_0001";"NE_0001"
"2023";"11";"051008";"AYACUCHO";"VICTOR FAJARDO";"HUAMANQUIQUIA";"GOBIERNO REGIONAL";"I-2";"00003831";"PUESTO DE SALUD HUAMANQUIQUIA";"NE_0001";"";"NE_0001";"NE_0001";"NE_0001";"NE_0001";"NE_0001";"NE_0001";"NE_0001"
"2023";"11";"051007";"AYACUCHO";"VICTOR FAJARDO";"COLCA";"GOBIERNO REGIONAL";"I-1";"00003836";"PUESTO DE SALUD QUILLA";"NE_0001";"";"NE_0001";"NE_0001";"NE_0001";"NE_0001";"NE_0001";"NE_0001";"NE_0001"
"2023";"11";"051001";"AYACUCHO";"VICTOR FAJARDO";"HUANCAPI";"GOBIERNO REGIONAL";"I-4";"00003834";"CENTRO DE SALUD HUANCAPI";"240100";"HOSPITALIZACIÓN QUIRÚRGICA CIRUGÍA GENERAL ";"1";"1";"1";"1";"1";"8";"0"
"2023";"11";"051001";"AYACUCHO";"VICTOR FAJARDO";"HUANCAPI";"GOBIERNO REGIONAL";"I-4";"00003834";"CENTRO DE SALUD HUANCAPI";"241600";"HOSPITALIZACIÓN QUIRÚRGICA OBSTETRICIA   ";"4";"4";"7";"1";"1";"8";"0"
"2023";"11";"051001";"AYACUCHO";"VICTOR FAJARDO";"HUANCAPI";"GOBIERNO REGIONAL";"I-4";"00003834";"CENTRO DE SALUD HUANCAPI";"241800";"HOSPITALIZACIÓN DE MEDICINA MEDICINA GENERAL ";"6";"7";"19";"1";"1";"8";"0"
"2023";"11";"051009";"AYACUCHO";"VICTOR FAJARDO";"HUANCARAYLLA";"GOBIERNO REGIONAL";"I-1";"00003839";"PUESTO DE SALUD LLUSITA";"NE_0001";"";"NE_0001";"NE_0001";"NE_0001";"NE_0001";"NE_0001";"NE_0001";"NE_0001"
"2023";"11";"051005";"AYACUCHO";"VICTOR FAJARDO";"CANARIA";"GOBIERNO REGIONAL";"I-3";"00003824";"CENTRO DE SALUD CANARIA";"241600";"HOSPITALIZACIÓN QUIRÚRGICA OBSTETRICIA   ";"1";"1";"2";"1";"1";"4";"0"
"2023";"11";"021801";"ANCASH";"SANTA";"CHIMBOTE";"ESSALUD";"0";"00009047";"HOSPITAL III CHIMBOTE";"241900";"HOSPITALIZACIÓN DE MEDICINA MEDICINA INTERNA ";"229";"221";"1571";"1667";"62";"1860";"20"
"2023";"11";"021801";"ANCASH";"SANTA";"CHIMBOTE";"ESSALUD";"0";"00009047";"HOSPITAL III CHIMBOTE";"240100";"HOSPITALIZACIÓN QUIRÚRGICA CIRUGÍA GENERAL ";"189";"155";"558";"461";"16";"483";"1"
"2023";"11";"021801";"ANCASH";"SANTA";"CHIMBOTE";"ESSALUD";"0";"00009047";"HOSPITAL III CHIMBOTE";"241200";"HOSPITALIZACIÓN QUIRÚRGICA TRAUMATOLOGÍA Y ORTOPEDIA ";"55";"55";"714";"586";"20";"600";"0"
"2023";"11";"021801";"ANCASH";"SANTA";"CHIMBOTE";"ESSALUD";"0";"00009047";"HOSPITAL III CHIMBOTE";"241300";"HOSPITALIZACIÓN QUIRÚRGICA UROLOGÍA  ";"17";"17";"70";"93";"4";"120";"0"
"2023";"11";"021801";"ANCASH";"SANTA";"CHIMBOTE";"ESSALUD";"0";"00009047";"HOSPITAL III CHIMBOTE";"240900";"HOSPITALIZACIÓN QUIRÚRGICA NEUROCIRUGÍA ";"4";"4";"52";"38";"2";"60";"0"
"2023";"11";"021801";"ANCASH";"SANTA";"CHIMBOTE";"ESSALUD";"0";"00009047";"HOSPITAL III CHIMBOTE";"241500";"HOSPITALIZACIÓN QUIRÚRGICA GINECOLOGÍA  ";"78";"78";"255";"238";"8";"238";"0"
"2023";"11";"021801";"ANCASH";"SANTA";"CHIMBOTE";"ESSALUD";"0";"00009047";"HOSPITAL III CHIMBOTE";"241600";"HOSPITALIZACIÓN QUIRÚRGICA OBSTETRICIA   ";"159";"159";"336";"339";"18";"542";"0"
"2023";"11";"021801";"ANCASH";"SANTA";"CHIMBOTE";"ESSALUD";"0";"00009047";"HOSPITAL III CHIMBOTE";"242300";"HOSPITALIZACIÓN DE PEDIATRÍA  PEDIATRÍA  GENERAL ";"66";"66";"351";"286";"10";"286";"0"
"2023";"11";"021801";"ANCASH";"SANTA";"CHIMBOTE";"ESSALUD";"0";"00009047";"HOSPITAL III CHIMBOTE";"240700";"HOSPITALIZACIÓN QUIRÚRGICA CIRUGÍA PEDIÁTRICA ";"24";"24";"48";"89";"3";"90";"0"
"2023";"11";"021801";"ANCASH";"SANTA";"CHIMBOTE";"ESSALUD";"0";"00009047";"HOSPITAL III CHIMBOTE";"243200";"HOSPITALIZACIÓN DE PEDIATRÍA PEDIATRIA NEONATOLOGÍA";"94";"94";"198";"117";"10";"300";"1"
"2023";"11";"021801";"ANCASH";"SANTA";"CHIMBOTE";"ESSALUD";"0";"00009047";"HOSPITAL III CHIMBOTE";"240100";"HOSPITALIZACIÓN QUIRÚRGICA CIRUGÍA GENERAL ";"11";"11";"112";"138";"5";"150";"1"
"2023";"11";"021801";"ANCASH";"SANTA";"CHIMBOTE";"ESSALUD";"0";"00009047";"HOSPITAL III CHIMBOTE";"250200";"UNIDAD DE CUIDADOS CRITICOS UNIDAD DE CUIDADOS INTERMEDIOS GENERAL  (UCIN) ";"15";"15";"126";"213";"8";"240";"1"
"2023";"11";"150103";"LIMA";"LIMA";"ATE";"MINSA";"II-E";"00028025";"HOSPITAL EMERGENCIA ATE VITARTE";"241900";"HOSPITALIZACIÓN DE MEDICINA MEDICINA INTERNA ";"56";"56";"683";"542";"45";"1350";"5"
"2023";"11";"150103";"LIMA";"LIMA";"ATE";"MINSA";"II-E";"00028025";"HOSPITAL EMERGENCIA ATE VITARTE";"242300";"HOSPITALIZACIÓN DE PEDIATRÍA  PEDIATRÍA  GENERAL ";"39";"31";"193";"250";"25";"750";"0"
"2023";"11";"150103";"LIMA";"LIMA";"ATE";"MINSA";"II-E";"00028025";"HOSPITAL EMERGENCIA ATE VITARTE";"240100";"HOSPITALIZACIÓN QUIRÚRGICA CIRUGÍA GENERAL ";"51";"49";"243";"379";"32";"960";"0"
"2023";"11";"080701";"CUSCO";"CHUMBIVILCAS";"SANTO TOMAS";"GOBIERNO REGIONAL";"II-1";"00002398";"SANTO TOMAS";"241600";"HOSPITALIZACIÓN QUIRÚRGICA OBSTETRICIA   ";"43";"42";"83";"139";"7";"210";"0"
"2023";"11";"080701";"CUSCO";"CHUMBIVILCAS";"SANTO TOMAS";"GOBIERNO REGIONAL";"II-1";"00002398";"SANTO TOMAS";"241800";"HOSPITALIZACIÓN DE MEDICINA MEDICINA GENERAL ";"20";"20";"84";"95";"6";"180";"0"
"2023";"11";"080701";"CUSCO";"CHUMBIVILCAS";"SANTO TOMAS";"GOBIERNO REGIONAL";"II-1";"00002398";"SANTO TOMAS";"242500";"HOSPITALIZACIÓN-PEDIATRÍA GENERAL-";"6";"6";"20";"37";"4";"120";"0"
"2023";"11";"080701";"CUSCO";"CHUMBIVILCAS";"SANTO TOMAS";"GOBIERNO REGIONAL";"II-1";"00002398";"SANTO TOMAS";"243200";"HOSPITALIZACIÓN DE PEDIATRÍA PEDIATRIA NEONATOLOGÍA";"10";"9";"30";"21";"3";"90";"0"
"2023";"11";"160101";"LORETO";"MAYNAS";"IQUITOS";"MINSA";"II-2";"00000001";"HOSPITAL IQUITOS ""CESAR GARAYAR GARCÍA""";"241800";"HOSPITALIZACIÓN DE MEDICINA MEDICINA GENERAL ";"76";"77";"420";"369";"15";"450";"3"
"2023";"11";"160101";"LORETO";"MAYNAS";"IQUITOS";"MINSA";"II-2";"00000001";"HOSPITAL IQUITOS ""CESAR GARAYAR GARCÍA""";"240100";"HOSPITALIZACIÓN QUIRÚRGICA CIRUGÍA GENERAL ";"111";"108";"377";"400";"19";"570";"0"
"2023";"11";"160101";"LORETO";"MAYNAS";"IQUITOS";"MINSA";"II-2";"00000001";"HOSPITAL IQUITOS ""CESAR GARAYAR GARCÍA""";"242500";"HOSPITALIZACIÓN-PEDIATRÍA GENERAL-";"38";"39";"174";"116";"5";"150";"1"
"2023";"11";"160101";"LORETO";"MAYNAS";"IQUITOS";"MINSA";"II-2";"00000001";"HOSPITAL IQUITOS ""CESAR GARAYAR GARCÍA""";"241500";"HOSPITALIZACIÓN QUIRÚRGICA GINECOLOGÍA  ";"353";"286";"553";"519";"23";"690";"0"
"2023";"11";"160101";"LORETO";"MAYNAS";"IQUITOS";"MINSA";"II-2";"00000001";"HOSPITAL IQUITOS ""CESAR GARAYAR GARCÍA""";"241600";"HOSPITALIZACIÓN QUIRÚRGICA OBSTETRICIA   ";"46";"52";"213";"170";"12";"360";"0"
"2023";"11";"160101";"LORETO";"MAYNAS";"IQUITOS";"MINSA";"II-2";"00000001";"HOSPITAL IQUITOS ""CESAR GARAYAR GARCÍA""";"243200";"HOSPITALIZACIÓN DE PEDIATRÍA PEDIATRIA NEONATOLOGÍA";"62";"62";"369";"208";"10";"300";"5"
"2023";"03";"040101";"AREQUIPA";"AREQUIPA";"AREQUIPA";"PRIVADO";"II-E";"00032002";"OFTALMOSALUD AREQUIPA  S.A.C.";"NE_0001";"";"NE_0001";"NE_0001";"NE_0001";"NE_0001";"NE_0001";"NE_0001";"NE_0001"
"2023";"11";"070101";"CALLAO";"CALLAO";"CALLAO";"PRIVADO";"I-2";"00011182";"CONSULTORIOS LIMATAMBO SEDE MINKA";"NE_0001";"";"NE_0001";"NE_0001";"NE_0001";"NE_0001";"NE_0001";"NE_0001";"NE_0001"
"2023";"11";"150140";"LIMA";"LIMA";"SANTIAGO DE SURCO";"ESSALUD";"I-3";"00008378";"POLICLINICO PROCERES";"NE_0001";"";"NE_0001";"NE_0001";"NE_0001";"NE_0001";"NE_0001";"NE_0001";"NE_0001"
"2023";"11";"110501";"ICA";"PISCO";"PISCO";"MINSA";"II-1";"00003472";"SAN JUAN DE DIOS";"240100";"HOSPITALIZACIÓN QUIRÚRGICA CIRUGÍA GENERAL ";"95";"111";"591";"548";"23";"690";"1"
"2023";"11";"110501";"ICA";"PISCO";"PISCO";"MINSA";"II-1";"00003472";"SAN JUAN DE DIOS";"241400";"HOSPITALIZACIÓN QUIRÚRGICA GINECO - OBSTETRICIA ";"236";"257";"763";"763";"31";"930";"0"
"2023";"11";"110501";"ICA";"PISCO";"PISCO";"MINSA";"II-1";"00003472";"SAN JUAN DE DIOS";"241800";"HOSPITALIZACIÓN DE MEDICINA MEDICINA GENERAL ";"92";"108";"587";"570";"23";"690";"11"
"2023";"11";"110501";"ICA";"PISCO";"PISCO";"MINSA";"II-1";"00003472";"SAN JUAN DE DIOS";"242300";"HOSPITALIZACIÓN DE PEDIATRÍA  PEDIATRÍA  GENERAL ";"73";"81";"266";"231";"9";"270";"0"
"2023";"01";"150116";"LIMA";"LIMA";"LINCE";"PRIVADO";"II-E";"00029299";"MAS VISION S.A.C.";"NE_0001";"";"NE_0001";"NE_0001";"NE_0001";"NE_0001";"NE_0001";"NE_0001";"NE_0001"
"2023";"11";"120606";"JUNIN";"SATIPO";"PANGOA";"GOBIERNO REGIONAL";"I-2";"00006880";"CIUDAD DE DIOS";"NE_0001";"";"NE_0001";"NE_0001";"NE_0001";"NE_0001";"NE_0001";"NE_0001";"NE_0001"
"2023";"01";"130101";"LA LIBERTAD";"TRUJILLO";"TRUJILLO";"PRIVADO";"II-E";"00021768";"CLINICA PROSALUD";"241400";"HOSPITALIZACIÓN QUIRÚRGICA GINECO - OBSTETRICIA ";"132";"132";"154";"166";"12";"188";"0"
"2023";"01";"130101";"LA LIBERTAD";"TRUJILLO";"TRUJILLO";"PRIVADO";"II-E";"00021768";"CLINICA PROSALUD";"240100";"HOSPITALIZACIÓN QUIRÚRGICA CIRUGÍA GENERAL ";"79";"79";"96";"142";"5";"166";"0"
"2023";"02";"130101";"LA LIBERTAD";"TRUJILLO";"TRUJILLO";"PRIVADO";"II-E";"00021768";"CLINICA PROSALUD";"241400";"HOSPITALIZACIÓN QUIRÚRGICA GINECO - OBSTETRICIA ";"113";"113";"138";"166";"12";"189";"0"
"2023";"02";"130101";"LA LIBERTAD";"TRUJILLO";"TRUJILLO";"PRIVADO";"II-E";"00021768";"CLINICA PROSALUD";"240100";"HOSPITALIZACIÓN QUIRÚRGICA CIRUGÍA GENERAL ";"57";"57";"85";"109";"5";"133";"0"
"2023";"03";"130101";"LA LIBERTAD";"TRUJILLO";"TRUJILLO";"PRIVADO";"II-E";"00021768";"CLINICA PROSALUD";"241400";"HOSPITALIZACIÓN QUIRÚRGICA GINECO - OBSTETRICIA ";"151";"151";"186";"214";"12";"288";"0"
"2023";"03";"130101";"LA LIBERTAD";"TRUJILLO";"TRUJILLO";"PRIVADO";"II-E";"00021768";"CLINICA PROSALUD";"240100";"HOSPITALIZACIÓN QUIRÚRGICA CIRUGÍA GENERAL ";"80";"80";"112";"154";"5";"188";"0"
"2023";"06";"130101";"LA LIBERTAD";"TRUJILLO";"TRUJILLO";"PRIVADO";"II-E";"00021768";"CLINICA PROSALUD";"241400";"HOSPITALIZACIÓN QUIRÚRGICA GINECO - OBSTETRICIA ";"141";"141";"173";"202";"12";"228";"0"
"2023";"06";"130101";"LA LIBERTAD";"TRUJILLO";"TRUJILLO";"PRIVADO";"II-E";"00021768";"CLINICA PROSALUD";"240100";"HOSPITALIZACIÓN QUIRÚRGICA CIRUGÍA GENERAL ";"105";"105";"118";"126";"5";"156";"0"
"2023";"07";"130101";"LA LIBERTAD";"TRUJILLO";"TRUJILLO";"PRIVADO";"II-E";"00021768";"CLINICA PROSALUD";"241400";"HOSPITALIZACIÓN QUIRÚRGICA GINECO - OBSTETRICIA ";"127";"127";"174";"195";"12";"212";"0"
"2023";"09";"060305";"CAJAMARCA";"CELENDIN";"JORGE CHAVEZ";"GOBIERNO REGIONAL";"I-1";"00004487";"JORGE CHAVEZ";"NE_0001";"";"NE_0001";"NE_0001";"NE_0001";"NE_0001";"NE_0001";"NE_0001";"NE_0001"
"2023";"09";"060308";"CAJAMARCA";"CELENDIN";"OXAMARCA";"GOBIERNO REGIONAL";"I-1";"00009046";"MINASCONGA";"NE_0001";"";"NE_0001";"NE_0001";"NE_0001";"NE_0001";"NE_0001";"NE_0001";"NE_0001"
"2023";"09";"060310";"CAJAMARCA";"CELENDIN";"SUCRE";"GOBIERNO REGIONAL";"I-1";"00025043";"CRUZCONGA";"NE_0001";"";"NE_0001";"NE_0001";"NE_0001";"NE_0001";"NE_0001";"NE_0001";"NE_0001"
"2023";"09";"040123";"AREQUIPA";"AREQUIPA";"TIABAYA";"GOBIERNO REGIONAL";"I-3";"00001260";"CENTRO DE SALUD TIABAYA";"NE_0001";"";"NE_0001";"NE_0001";"NE_0001";"NE_0001";"NE_0001";"NE_0001";"NE_0001"
"2023";"09";"040124";"AREQUIPA";"AREQUIPA";"UCHUMAYO";"GOBIERNO REGIONAL";"I-2";"00001290";"PUESTO DE SALUD UCHUMAYO";"NE_0001";"";"NE_0001";"NE_0001";"NE_0001";"NE_0001";"NE_0001";"NE_0001";"NE_0001"
"2023";"09";"040124";"AREQUIPA";"AREQUIPA";"UCHUMAYO";"GOBIERNO REGIONAL";"I-3";"00001281";"CENTRO DE SALUD CONGATA";"NE_0001";"";"NE_0001";"NE_0001";"NE_0001";"NE_0001";"NE_0001";"NE_0001";"NE_0001"
"2023";"09";"040124";"AREQUIPA";"AREQUIPA";"UCHUMAYO";"GOBIERNO REGIONAL";"I-3";"00001280";"CENTRO DE SALUD CERRO VERDE";"NE_0001";"";"NE_0001";"NE_0001";"NE_0001";"NE_0001";"NE_0001";"NE_0001";"NE_0001"
"2023";"10";"070101";"CALLAO";"CALLAO";"CALLAO";"GOBIERNO REGIONAL";"I-2";"00006222";"PUESTO DE SALUD CALLAO";"NE_0001";"";"NE_0001";"NE_0001";"NE_0001";"NE_0001";"NE_0001";"NE_0001";"NE_0001"
"2023";"10";"070101";"CALLAO";"CALLAO";"CALLAO";"GOBIERNO REGIONAL";"I-2";"00006224";"PUESTO DE SALUD JOSE BOTERIN";"NE_0001";"";"NE_0001";"NE_0001";"NE_0001";"NE_0001";"NE_0001";"NE_0001";"NE_0001"
"2023";"10";"070101";"CALLAO";"CALLAO";"CALLAO";"GOBIERNO REGIONAL";"I-2";"00006223";"PUESTO DE SALUD SANTA FE";"NE_0001";"";"NE_0001";"NE_0001";"NE_0001";"NE_0001";"NE_0001";"NE_0001";"NE_0001"
"2023";"10";"220913";"SAN MARTIN";"SAN MARTIN";"SAUCE";"GOBIERNO REGIONAL";"I-1";"00006381";"DOS DE MAYO";"NE_0001";"";"NE_0001";"NE_0001";"NE_0001";"NE_0001";"NE_0001";"NE_0001";"NE_0001"
"2023";"10";"220913";"SAN MARTIN";"SAN MARTIN";"SAUCE";"GOBIERNO REGIONAL";"I-3";"00006380";"SAUCE";"241600";"HOSPITALIZACIÓN QUIRÚRGICA OBSTETRICIA   ";"2";"2";"2";"2";"2";"62";"0"
"2023";"10";"120409";"JUNIN";"JAUJA";"HUARIPAMPA";"GOBIERNO REGIONAL";"I-1";"00000400";"HUARIPAMPA";"NE_0001";"";"NE_0001";"NE_0001";"NE_0001";"NE_0001";"NE_0001";"NE_0001";"NE_0001"
"2023";"10";"120420";"JUNIN";"JAUJA";"MUQUI";"GOBIERNO REGIONAL";"I-1";"00000402";"MUQUI";"NE_0001";"";"NE_0001";"NE_0001";"NE_0001";"NE_0001";"NE_0001";"NE_0001";"NE_0001"
"2023";"10";"120431";"JUNIN";"JAUJA";"SINCOS";"GOBIERNO REGIONAL";"I-1";"00000407";"SALLAHUACHAC";"NE_0001";"";"NE_0001";"NE_0001";"NE_0001";"NE_0001";"NE_0001";"NE_0001";"NE_0001"
"2023";"10";"120431";"JUNIN";"JAUJA";"SINCOS";"GOBIERNO REGIONAL";"I-3";"00000404";"SINCOS";"NE_0001";"";"NE_0001";"NE_0001";"NE_0001";"NE_0001";"NE_0001";"NE_0001";"NE_0001"
"2023";"10";"120431";"JUNIN";"JAUJA";"SINCOS";"GOBIERNO REGIONAL";"I-1";"00000405";"LLACUARIPAMPA";"NE_0001";"";"NE_0001";"NE_0001";"NE_0001";"NE_0001";"NE_0001";"NE_0001";"NE_0001"
"2023";"10";"120413";"JUNIN";"JAUJA";"LEONOR ORDOÑEZ";"GOBIERNO REGIONAL";"I-1";"00000401";"HUANCANI";"NE_0001";"";"NE_0001";"NE_0001";"NE_0001";"NE_0001";"NE_0001";"NE_0001";"NE_0001"
"2023";"10";"120431";"JUNIN";"JAUJA";"SINCOS";"GOBIERNO REGIONAL";"I-2";"00000406";"ARAMACHAY";"NE_0001";"";"NE_0001";"NE_0001";"NE_0001";"NE_0001";"NE_0001";"NE_0001";"NE_0001"
"2023";"10";"120431";"JUNIN";"JAUJA";"SINCOS";"GOBIERNO REGIONAL";"I-1";"00000408";"CHALHUAS";"NE_0001";"";"NE_0001";"NE_0001";"NE_0001";"NE_0001";"NE_0001";"NE_0001";"NE_0001"
"2023";"10";"120421";"JUNIN";"JAUJA";"MUQUIYAUYO";"GOBIERNO REGIONAL";"I-2";"00000403";"MUQUIYAUYO";"NE_0001";"";"NE_0001";"NE_0001";"NE_0001";"NE_0001";"NE_0001";"NE_0001";"NE_0001"
"2023";"10";"150130";"LIMA";"LIMA";"SAN BORJA";"PRIVADO";"II-E";"00015143";"CLINICA ASTOCONDOR";"240800";"HOSPITALIZACIÓN QUIRÚRGICA CIRUGÍA PLÁSTICA/RECONSTRUCTIVA/ REPARADORA ";"3";"3";"3";"3";"3";"39";"0"
"2023";"10";"150113";"LIMA";"LIMA";"JESUS MARIA";"PRIVADO";"II-E";"00020346";"CLINICA SANTA BEATRIZ";"240000";"HOSPITALIZACIÓN";"251";"244";"315";"574";"22";"204";"0"
"2023";"10";"160101";"LORETO";"MAYNAS";"IQUITOS";"SANIDAD DE LA FUERZA AEREA DEL PERU";"I-4";"00010605";"HOSPITAL REGIONAL DEL ORIENTE - FAP";"241800";"HOSPITALIZACIÓN DE MEDICINA MEDICINA GENERAL ";"2";"1";"3";"66";"20";"310";"0"
"2023";"10";"160601";"LORETO";"UCAYALI";"CONTAMANA";"ESSALUD";"I-3";"00010843";"POSTA MEDICA ESSALUD CONTAMANA";"NE_0001";"";"NE_0001";"NE_0001";"NE_0001";"NE_0001";"NE_0001";"NE_0001";"NE_0001"
"2023";"10";"220901";"SAN MARTIN";"SAN MARTIN";"TARAPOTO";"GOBIERNO REGIONAL";"I-3";"00006362";"CENTRO DE SALUD NUEVE DE ABRIL";"NE_0001";"";"NE_0001";"NE_0001";"NE_0001";"NE_0001";"NE_0001";"NE_0001";"NE_0001"
"2023";"10";"120114";"JUNIN";"HUANCAYO";"EL TAMBO";"PRIVADO";"II-1";"00025970";"CLINICA REBAGLIATI";"240100";"HOSPITALIZACIÓN QUIRÚRGICA CIRUGÍA GENERAL ";"76";"74";"104";"111";"9";"134";"0"
"2023";"10";"120114";"JUNIN";"HUANCAYO";"EL TAMBO";"PRIVADO";"II-1";"00025970";"CLINICA REBAGLIATI";"240200";"HOSPITALIZACIÓN QUIRÚRGICA CIRUGÍA DE CABEZA Y CUELLO / MÁXILO FACIAL ";"1";"1";"1";"2";"2";"9";"0"
"2023";"10";"120114";"JUNIN";"HUANCAYO";"EL TAMBO";"PRIVADO";"II-1";"00025970";"CLINICA REBAGLIATI";"240400";"HOSPITALIZACIÓN QUIRÚRGICA CIRUGÍA DE TÓRAX Y CARDIOVASCULAR ";"4";"4";"5";"7";"7";"13";"0"
"2023";"10";"120114";"JUNIN";"HUANCAYO";"EL TAMBO";"PRIVADO";"II-1";"00025970";"CLINICA REBAGLIATI";"240900";"HOSPITALIZACIÓN QUIRÚRGICA NEUROCIRUGÍA ";"1";"1";"2";"4";"7";"9";"0"
"2023";"10";"120114";"JUNIN";"HUANCAYO";"EL TAMBO";"PRIVADO";"II-1";"00025970";"CLINICA REBAGLIATI";"241100";"HOSPITALIZACIÓN QUIRÚRGICA OTORRINOLARINGOLOGÍA  ";"46";"46";"46";"46";"5";"50";"0"
"2023";"10";"120114";"JUNIN";"HUANCAYO";"EL TAMBO";"PRIVADO";"II-1";"00025970";"CLINICA REBAGLIATI";"241200";"HOSPITALIZACIÓN QUIRÚRGICA TRAUMATOLOGÍA Y ORTOPEDIA ";"1";"1";"1";"2";"2";"5";"0"
"2023";"10";"120114";"JUNIN";"HUANCAYO";"EL TAMBO";"PRIVADO";"II-1";"00025970";"CLINICA REBAGLIATI";"241300";"HOSPITALIZACIÓN QUIRÚRGICA UROLOGÍA  ";"14";"14";"17";"15";"9";"20";"0"
"2023";"10";"120114";"JUNIN";"HUANCAYO";"EL TAMBO";"PRIVADO";"II-1";"00025970";"CLINICA REBAGLIATI";"241400";"HOSPITALIZACIÓN QUIRÚRGICA GINECO - OBSTETRICIA ";"2";"2";"6";"8";"6";"41";"0"
"2023";"10";"120114";"JUNIN";"HUANCAYO";"EL TAMBO";"PRIVADO";"II-1";"00025970";"CLINICA REBAGLIATI";"241500";"HOSPITALIZACIÓN QUIRÚRGICA GINECOLOGÍA  ";"4";"4";"8";"33";"12";"34";"0"
"2023";"10";"120114";"JUNIN";"HUANCAYO";"EL TAMBO";"PRIVADO";"II-1";"00025970";"CLINICA REBAGLIATI";"241600";"HOSPITALIZACIÓN QUIRÚRGICA OBSTETRICIA   ";"2";"2";"3";"5";"4";"7";"0"
"2023";"10";"120114";"JUNIN";"HUANCAYO";"EL TAMBO";"PRIVADO";"II-1";"00025970";"CLINICA REBAGLIATI";"241700";"HOSPITALIZACIÓN QUIRÚRGICA GINECOLOGÍA   GINECOLOGIA ONCOLOGiCA";"6";"6";"20";"14";"14";"16";"0"
"2023";"10";"120114";"JUNIN";"HUANCAYO";"EL TAMBO";"PRIVADO";"II-1";"00025970";"CLINICA REBAGLIATI";"241800";"HOSPITALIZACIÓN DE MEDICINA MEDICINA GENERAL ";"4";"4";"7";"9";"7";"11";"0"
"2023";"10";"120114";"JUNIN";"HUANCAYO";"EL TAMBO";"PRIVADO";"II-1";"00025970";"CLINICA REBAGLIATI";"241900";"HOSPITALIZACIÓN DE MEDICINA MEDICINA INTERNA ";"3";"3";"24";"16";"6";"27";"0"
"2023";"10";"040208";"AREQUIPA";"CAMANA";"SAMUEL PASTOR";"ESSALUD";"I-4";"00011009";"HOSPITAL I SAMUEL PASTOR DE CAMANA ESSALUD";"241800";"HOSPITALIZACIÓN DE MEDICINA MEDICINA GENERAL ";"32";"32";"140";"148";"5";"155";"0"
"2023";"10";"040208";"AREQUIPA";"CAMANA";"SAMUEL PASTOR";"ESSALUD";"I-4";"00011009";"HOSPITAL I SAMUEL PASTOR DE CAMANA ESSALUD";"240100";"HOSPITALIZACIÓN QUIRÚRGICA CIRUGÍA GENERAL ";"18";"19";"45";"41";"2";"62";"0"
"2023";"10";"040208";"AREQUIPA";"CAMANA";"SAMUEL PASTOR";"ESSALUD";"I-4";"00011009";"HOSPITAL I SAMUEL PASTOR DE CAMANA ESSALUD";"241500";"HOSPITALIZACIÓN QUIRÚRGICA GINECOLOGÍA  ";"10";"10";"21";"21";"1";"31";"0"
"2023";"10";"040208";"AREQUIPA";"CAMANA";"SAMUEL PASTOR";"ESSALUD";"I-4";"00011009";"HOSPITAL I SAMUEL PASTOR DE CAMANA ESSALUD";"241600";"HOSPITALIZACIÓN QUIRÚRGICA OBSTETRICIA   ";"1";"1";"1";"1";"1";"31";"0"
"2023";"10";"040104";"AREQUIPA";"AREQUIPA";"CERRO COLORADO";"GOBIERNO REGIONAL";"I-3";"00001238";"CENTRO DE SALUD MARISCAL CASTILLA";"NE_0001";"";"NE_0001";"NE_0001";"NE_0001";"NE_0001";"NE_0001";"NE_0001";"NE_0001"
"2023";"10";"040104";"AREQUIPA";"AREQUIPA";"CERRO COLORADO";"GOBIERNO REGIONAL";"I-3";"00001249";"CENTRO DE SALUD SEMI RURAL PACHACUTEC";"NE_0001";"";"NE_0001";"NE_0001";"NE_0001";"NE_0001";"NE_0001";"NE_0001";"NE_0001"
"2023";"10";"040104";"AREQUIPA";"AREQUIPA";"CERRO COLORADO";"GOBIERNO REGIONAL";"I-2";"00001250";"PUESTO DE SALUD JOSE SANTOS ATAHUALPA";"NE_0001";"";"NE_0001";"NE_0001";"NE_0001";"NE_0001";"NE_0001";"NE_0001";"NE_0001"
"2023";"10";"040104";"AREQUIPA";"AREQUIPA";"CERRO COLORADO";"GOBIERNO REGIONAL";"I-1";"00001252";"PUESTO DE SALUD EL CURAL";"NE_0001";"";"NE_0001";"NE_0001";"NE_0001";"NE_0001";"NE_0001";"NE_0001";"NE_0001"
"2023";"11";"070101";"CALLAO";"CALLAO";"CALLAO";"GOBIERNO REGIONAL";"I-2";"00006235";"PUESTO DE SALUD MIGUEL GRAU";"NE_0001";"";"NE_0001";"NE_0001";"NE_0001";"NE_0001";"NE_0001";"NE_0001";"NE_0001"
"2023";"11";"070101";"CALLAO";"CALLAO";"CALLAO";"GOBIERNO REGIONAL";"I-2";"00025474";"PUESTO DE SALUD JOSE OLAYA";"NE_0001";"";"NE_0001";"NE_0001";"NE_0001";"NE_0001";"NE_0001";"NE_0001";"NE_0001"
"2023";"11";"070101";"CALLAO";"CALLAO";"CALLAO";"GOBIERNO REGIONAL";"I-2";"00006234";"PUESTO DE SALUD SANTA ROSA";"NE_0001";"";"NE_0001";"NE_0001";"NE_0001";"NE_0001";"NE_0001";"NE_0001";"NE_0001"
"2023";"08";"150113";"LIMA";"LIMA";"JESUS MARIA";"PRIVADO";"I-3";"00010439";"CENTRO CLINICO JESUS MARIA";"NE_0002";"";"NE_0002";"NE_0002";"NE_0002";"NE_0002";"NE_0002";"NE_0002";"NE_0002"
"2023";"11";"040302";"AREQUIPA";"CARAVELI";"ACARI";"ESSALUD";"I-2";"00012195";"POSTA MEDICA ACARI";"NE_0001";"";"NE_0001";"NE_0001";"NE_0001";"NE_0001";"NE_0001";"NE_0001";"NE_0001"
"2023";"11";"110101";"ICA";"ICA";"ICA";"PRIVADO";"II-1";"00018450";"CLÍNICA S. MORALES S.R.L";"NE_0002";"";"NE_0002";"NE_0002";"NE_0002";"NE_0002";"NE_0002";"NE_0002";"NE_0002"
"2023";"11";"150131";"LIMA";"LIMA";"SAN ISIDRO";"PRIVADO";"II-2";"00012633";"CLINICA JAVIER PRADO";"240100";"HOSPITALIZACIÓN QUIRÚRGICA CIRUGÍA GENERAL ";"137";"131";"315";"436";"52";"1560";"0"
"2023";"11";"150131";"LIMA";"LIMA";"SAN ISIDRO";"PRIVADO";"II-2";"00012633";"CLINICA JAVIER PRADO";"241400";"HOSPITALIZACIÓN QUIRÚRGICA GINECO - OBSTETRICIA ";"55";"47";"124";"198";"17";"510";"0"
"2023";"11";"150131";"LIMA";"LIMA";"SAN ISIDRO";"PRIVADO";"II-2";"00012633";"CLINICA JAVIER PRADO";"241900";"HOSPITALIZACIÓN DE MEDICINA MEDICINA INTERNA ";"150";"152";"497";"601";"60";"1800";"2"
"2023";"11";"150131";"LIMA";"LIMA";"SAN ISIDRO";"PRIVADO";"II-2";"00012633";"CLINICA JAVIER PRADO";"242300";"HOSPITALIZACIÓN DE PEDIATRÍA  PEDIATRÍA  GENERAL ";"71";"74";"185";"234";"39";"1170";"0"
"2023";"11";"040104";"AREQUIPA";"AREQUIPA";"CERRO COLORADO";"GOBIERNO REGIONAL";"I-4";"00001237";"CENTRO DE SALUD MARITZA CAMPOS DIAZ - ZAMACOLA";"241600";"HOSPITALIZACIÓN QUIRÚRGICA OBSTETRICIA   ";"55";"55";"65";"1";"14";"83";"0"
"2023";"11";"040104";"AREQUIPA";"AREQUIPA";"CERRO COLORADO";"GOBIERNO REGIONAL";"I-3";"00011023";"PUESTO DE SALUD PERUARBO";"NE_0001";"";"NE_0001";"NE_0001";"NE_0001";"NE_0001";"NE_0001";"NE_0001";"NE_0001"
"2023";"11";"040104";"AREQUIPA";"AREQUIPA";"CERRO COLORADO";"GOBIERNO REGIONAL";"I-2";"00001251";"PUESTO DE SALUD NAZARENO";"NE_0001";"";"NE_0001";"NE_0001";"NE_0001";"NE_0001";"NE_0001";"NE_0001";"NE_0001"
"2023";"11";"040104";"AREQUIPA";"AREQUIPA";"CERRO COLORADO";"GOBIERNO REGIONAL";"I-3";"00001247";"CENTRO DE SALUD CIUDAD MUNICIPAL";"NE_0001";"";"NE_0001";"NE_0001";"NE_0001";"NE_0001";"NE_0001";"NE_0001";"NE_0001"
"2023";"11";"150114";"LIMA";"LIMA";"LA MOLINA";"PRIVADO";"II-2";"00009153";"CLINICA MONTEFIORI";"240000";"HOSPITALIZACIÓN";"427";"425";"1169";"1085";"43";"1419";"0"
"2023";"11";"150114";"LIMA";"LIMA";"LA MOLINA";"PRIVADO";"II-2";"00009153";"CLINICA MONTEFIORI";"250100";"UNIDAD DE CUIDADOS CRITICOS UNIDAD  DE CUIDADOS INTENSIVOS GENERALES (UCI) ";"3";"2";"11";"7";"3";"86";"1"
"2023";"11";"240101";"TUMBES";"TUMBES";"TUMBES";"ESSALUD";"II-1";"00012272";"CARLOS ALBERTO CORTEZ JIMENEZ";"241900";"HOSPITALIZACIÓN DE MEDICINA MEDICINA INTERNA ";"40";"42";"276";"244";"14";"420";"5"
"2023";"11";"240101";"TUMBES";"TUMBES";"TUMBES";"ESSALUD";"II-1";"00012272";"CARLOS ALBERTO CORTEZ JIMENEZ";"240100";"HOSPITALIZACIÓN QUIRÚRGICA CIRUGÍA GENERAL ";"58";"55";"154";"157";"6";"180";"0"
"2023";"11";"240101";"TUMBES";"TUMBES";"TUMBES";"ESSALUD";"II-1";"00012272";"CARLOS ALBERTO CORTEZ JIMENEZ";"241400";"HOSPITALIZACIÓN QUIRÚRGICA GINECO - OBSTETRICIA ";"33";"31";"92";"96";"6";"180";"0"
"2023";"11";"240101";"TUMBES";"TUMBES";"TUMBES";"ESSALUD";"II-1";"00012272";"CARLOS ALBERTO CORTEZ JIMENEZ";"241600";"HOSPITALIZACIÓN QUIRÚRGICA OBSTETRICIA   ";"94";"96";"186";"185";"13";"390";"0"
"2023";"11";"240101";"TUMBES";"TUMBES";"TUMBES";"ESSALUD";"II-1";"00012272";"CARLOS ALBERTO CORTEZ JIMENEZ";"242300";"HOSPITALIZACIÓN DE PEDIATRÍA  PEDIATRÍA  GENERAL ";"28";"29";"99";"102";"8";"240";"0"
"2023";"11";"240101";"TUMBES";"TUMBES";"TUMBES";"ESSALUD";"II-1";"00012272";"CARLOS ALBERTO CORTEZ JIMENEZ";"250103";"UNIDAD DE CUIDADOS CRITICOS UNIDAD  DE CUIDADOS INTENSIVOS GENERALES  (UCI) MEDICINA";"6";"4";"31";"105";"4";"120";"0"
"2023";"11";"240101";"TUMBES";"TUMBES";"TUMBES";"ESSALUD";"II-1";"00012272";"CARLOS ALBERTO CORTEZ JIMENEZ";"250105";"UNIDAD DE CUIDADOS CRITICOS UNIDAD  DE CUIDADOS INTENSIVOS  (UCI) NEONATOLOGÍA";"4";"5";"21";"15";"2";"60";"0"
"2023";"11";"240101";"TUMBES";"TUMBES";"TUMBES";"ESSALUD";"II-1";"00012272";"CARLOS ALBERTO CORTEZ JIMENEZ";"250200";"UNIDAD DE CUIDADOS CRITICOS UNIDAD DE CUIDADOS INTERMEDIOS GENERAL  (UCIN) ";"9";"2";"34";"111";"7";"210";"1"
"2023";"11";"040105";"AREQUIPA";"AREQUIPA";"CHARACATO";"GOBIERNO REGIONAL";"I-3";"00001261";"CENTRO DE SALUD DE CHARACATO";"NE_0001";"";"NE_0001";"NE_0001";"NE_0001";"NE_0001";"NE_0001";"NE_0001";"NE_0001"
"2023";"11";"040113";"AREQUIPA";"AREQUIPA";"POCSI";"GOBIERNO REGIONAL";"I-1";"00001289";"PUESTO DE SALUD PIACA";"NE_0001";"";"NE_0001";"NE_0001";"NE_0001";"NE_0001";"NE_0001";"NE_0001";"NE_0001"
"2023";"11";"040111";"AREQUIPA";"AREQUIPA";"MOLLEBAYA";"GOBIERNO REGIONAL";"I-2";"00001285";"PUESTO DE SALUD MOLLEBAYA";"NE_0001";"";"NE_0001";"NE_0001";"NE_0001";"NE_0001";"NE_0001";"NE_0001";"NE_0001"
"2023";"11";"040114";"AREQUIPA";"AREQUIPA";"POLOBAYA";"GOBIERNO REGIONAL";"I-2";"00001262";"PUESTO DE SALUD POLOBAYA";"NE_0001";"";"NE_0001";"NE_0001";"NE_0001";"NE_0001";"NE_0001";"NE_0001";"NE_0001"
"2023";"11";"040116";"AREQUIPA";"AREQUIPA";"SABANDIA";"GOBIERNO REGIONAL";"I-2";"00001284";"PUESTO DE SALUD LEOPOLDO RONDON - SABANDIA";"NE_0001";"";"NE_0001";"NE_0001";"NE_0001";"NE_0001";"NE_0001";"NE_0001";"NE_0001"
"2023";"11";"040111";"AREQUIPA";"AREQUIPA";"MOLLEBAYA";"GOBIERNO REGIONAL";"I-2";"00011677";"PUESTO DE SALUD MACHAHUAYA";"NE_0001";"";"NE_0001";"NE_0001";"NE_0001";"NE_0001";"NE_0001";"NE_0001";"NE_0001"
"2023";"11";"040127";"AREQUIPA";"AREQUIPA";"YARABAMBA";"GOBIERNO REGIONAL";"I-2";"00001287";"PUESTO DE SALUD YARABAMBA";"NE_0001";"";"NE_0001";"NE_0001";"NE_0001";"NE_0001";"NE_0001";"NE_0001";"NE_0001"
"2023";"11";"040113";"AREQUIPA";"AREQUIPA";"POCSI";"GOBIERNO REGIONAL";"I-1";"00001288";"PUESTO DE SALUD POCSI";"NE_0001";"";"NE_0001";"NE_0001";"NE_0001";"NE_0001";"NE_0001";"NE_0001";"NE_0001"
"2023";"11";"040115";"AREQUIPA";"AREQUIPA";"QUEQUEÑA";"GOBIERNO REGIONAL";"I-2";"00001286";"PUESTO DE SALUD QUEQUEÑA";"NE_0001";"";"NE_0001";"NE_0001";"NE_0001";"NE_0001";"NE_0001";"NE_0001";"NE_0001"
"2023";"09";"100501";"HUANUCO";"HUAMALIES";"LLATA";"GOBIERNO REGIONAL";"I-2";"00000890";"LIBERTAD";"NE_0001";"";"NE_0001";"NE_0001";"NE_0001";"NE_0001";"NE_0001";"NE_0001";"NE_0001"
"2023";"09";"100501";"HUANUCO";"HUAMALIES";"LLATA";"GOBIERNO REGIONAL";"I-2";"00000889";"EL PORVENIR";"NE_0001";"";"NE_0001";"NE_0001";"NE_0001";"NE_0001";"NE_0001";"NE_0001";"NE_0001"
"2023";"09";"100501";"HUANUCO";"HUAMALIES";"LLATA";"GOBIERNO REGIONAL";"I-2";"00000888";"PAMPAS DEL CARMEN";"NE_0001";"";"NE_0001";"NE_0001";"NE_0001";"NE_0001";"NE_0001";"NE_0001";"NE_0001"
"2023";"09";"100501";"HUANUCO";"HUAMALIES";"LLATA";"GOBIERNO REGIONAL";"I-4";"00000887";"LLATA";"241400";"HOSPITALIZACIÓN QUIRÚRGICA GINECO - OBSTETRICIA ";"31";"30";"3";"3";"7";"10";"0"
"2023";"09";"100501";"HUANUCO";"HUAMALIES";"LLATA";"GOBIERNO REGIONAL";"I-4";"00000887";"LLATA";"241800";"HOSPITALIZACIÓN DE MEDICINA MEDICINA GENERAL ";"15";"15";"4";"4";"8";"10";"0"
"2023";"11";"210601";"PUNO";"HUANCANE";"HUANCANE";"GOBIERNO REGIONAL";"II-1";"00003068";"HOSPITAL LUCIO ALDAZABAL PAUCA";"240100";"HOSPITALIZACIÓN QUIRÚRGICA CIRUGÍA GENERAL ";"19";"19";"39";"39";"4";"120";"0"
"2023";"11";"210601";"PUNO";"HUANCANE";"HUANCANE";"GOBIERNO REGIONAL";"II-1";"00003068";"HOSPITAL LUCIO ALDAZABAL PAUCA";"241500";"HOSPITALIZACIÓN QUIRÚRGICA GINECOLOGÍA  ";"24";"24";"71";"71";"4";"120";"0"
"2023";"11";"210601";"PUNO";"HUANCANE";"HUANCANE";"GOBIERNO REGIONAL";"II-1";"00003068";"HOSPITAL LUCIO ALDAZABAL PAUCA";"241600";"HOSPITALIZACIÓN QUIRÚRGICA OBSTETRICIA   ";"17";"17";"45";"45";"5";"150";"0"
"2023";"09";"150121";"LIMA";"LIMA";"PUEBLO LIBRE";"PRIVADO";"II-1";"00010831";"centro Especializado en Odontoestomatología";"NE_0001";"";"NE_0001";"NE_0001";"NE_0001";"NE_0001";"NE_0001";"NE_0001";"NE_0001"
"2023";"09";"060101";"CAJAMARCA";"CAJAMARCA";"CAJAMARCA";"GOBIERNO REGIONAL";"I-1";"00004656";"ATAHUALPA";"NE_0001";"";"NE_0001";"NE_0001";"NE_0001";"NE_0001";"NE_0001";"NE_0001";"NE_0001"
"2023";"09";"060101";"CAJAMARCA";"CAJAMARCA";"CAJAMARCA";"GOBIERNO REGIONAL";"I-1";"00004651";"CHAMIS";"NE_0002";"";"NE_0002";"NE_0002";"NE_0002";"NE_0002";"NE_0002";"NE_0002";"NE_0002"
"2023";"09";"060101";"CAJAMARCA";"CAJAMARCA";"CAJAMARCA";"GOBIERNO REGIONAL";"I-3";"00004657";"PACHACUTEC";"NE_0001";"";"NE_0001";"NE_0001";"NE_0001";"NE_0001";"NE_0001";"NE_0001";"NE_0001"
"2023";"09";"060103";"CAJAMARCA";"CAJAMARCA";"CHETILLA";"GOBIERNO REGIONAL";"I-2";"00004653";"CHETILLA";"NE_0001";"";"NE_0001";"NE_0001";"NE_0001";"NE_0001";"NE_0001";"NE_0001";"NE_0001"
"2023";"09";"060101";"CAJAMARCA";"CAJAMARCA";"CAJAMARCA";"GOBIERNO REGIONAL";"I-2";"00015496";"CHONTAPACCHA";"NE_0002";"";"NE_0002";"NE_0002";"NE_0002";"NE_0002";"NE_0002";"NE_0002";"NE_0002"
"2023";"09";"060101";"CAJAMARCA";"CAJAMARCA";"CAJAMARCA";"GOBIERNO REGIONAL";"I-1";"00004652";"LUCMACUCHO";"NE_0001";"";"NE_0001";"NE_0001";"NE_0001";"NE_0001";"NE_0001";"NE_0001";"NE_0001"
"2023";"09";"060109";"CAJAMARCA";"CAJAMARCA";"MAGDALENA";"GOBIERNO REGIONAL";"I-1";"00016886";"SAN CRISTOBAL";"NE_0001";"";"NE_0001";"NE_0001";"NE_0001";"NE_0001";"NE_0001";"NE_0001";"NE_0001"
"2023";"09";"060109";"CAJAMARCA";"CAJAMARCA";"MAGDALENA";"GOBIERNO REGIONAL";"I-1";"00004631";"CUMBICO";"NE_0002";"";"NE_0002";"NE_0002";"NE_0002";"NE_0002";"NE_0002";"NE_0002";"NE_0002"
"2023";"09";"060101";"CAJAMARCA";"CAJAMARCA";"CAJAMARCA";"GOBIERNO REGIONAL";"I-1";"00004656";"ATAHUALPA";"NE_0001";"";"NE_0001";"NE_0001";"NE_0001";"NE_0001";"NE_0001";"NE_0001";"NE_0001"
"2023";"09";"060101";"CAJAMARCA";"CAJAMARCA";"CAJAMARCA";"GOBIERNO REGIONAL";"I-1";"00004651";"CHAMIS";"NE_0002";"";"NE_0002";"NE_0002";"NE_0002";"NE_0002";"NE_0002";"NE_0002";"NE_0002"
"2023";"09";"060101";"CAJAMARCA";"CAJAMARCA";"CAJAMARCA";"GOBIERNO REGIONAL";"I-3";"00004657";"PACHACUTEC";"NE_0001";"";"NE_0001";"NE_0001";"NE_0001";"NE_0001";"NE_0001";"NE_0001";"NE_0001"
"2023";"09";"060103";"CAJAMARCA";"CAJAMARCA";"CHETILLA";"GOBIERNO REGIONAL";"I-2";"00004653";"CHETILLA";"NE_0001";"";"NE_0001";"NE_0001";"NE_0001";"NE_0001";"NE_0001";"NE_0001";"NE_0001"
"2023";"09";"060101";"CAJAMARCA";"CAJAMARCA";"CAJAMARCA";"GOBIERNO REGIONAL";"I-2";"00015496";"CHONTAPACCHA";"NE_0002";"";"NE_0002";"NE_0002";"NE_0002";"NE_0002";"NE_0002";"NE_0002";"NE_0002"
"2023";"09";"060101";"CAJAMARCA";"CAJAMARCA";"CAJAMARCA";"GOBIERNO REGIONAL";"I-1";"00004654";"SAMANACRUZ";"NE_0001";"";"NE_0001";"NE_0001";"NE_0001";"NE_0001";"NE_0001";"NE_0001";"NE_0001"
"2023";"09";"060101";"CAJAMARCA";"CAJAMARCA";"CAJAMARCA";"GOBIERNO REGIONAL";"I-1";"00004652";"LUCMACUCHO";"NE_0001";"";"NE_0001";"NE_0001";"NE_0001";"NE_0001";"NE_0001";"NE_0001";"NE_0001"
"2023";"09";"060109";"CAJAMARCA";"CAJAMARCA";"MAGDALENA";"GOBIERNO REGIONAL";"I-1";"00016886";"SAN CRISTOBAL";"NE_0001";"";"NE_0001";"NE_0001";"NE_0001";"NE_0001";"NE_0001";"NE_0001";"NE_0001"
"2023";"09";"060109";"CAJAMARCA";"CAJAMARCA";"MAGDALENA";"GOBIERNO REGIONAL";"I-1";"00004631";"CUMBICO";"NE_0002";"";"NE_0002";"NE_0002";"NE_0002";"NE_0002";"NE_0002";"NE_0002";"NE_0002"
"2023";"10";"150112";"LIMA";"LIMA";"INDEPENDENCIA";"SANIDAD DE LA POLICIA NACIONAL DEL PERU";"I-2";"00012741";"POSTA MEDICA POLICIAL INDEPENDENCIA";"NE_0001";"";"NE_0001";"NE_0001";"NE_0001";"NE_0001";"NE_0001";"NE_0001";"NE_0001"
"2023";"10";"010201";"AMAZONAS";"BAGUA";"BAGUA";"GOBIERNO REGIONAL";"II-1";"00005044";"GUSTAVO LANATTA LUJAN";"240100";"HOSPITALIZACIÓN QUIRÚRGICA CIRUGÍA GENERAL ";"59";"59";"156";"156";"10";"310";"0"
"2023";"10";"010201";"AMAZONAS";"BAGUA";"BAGUA";"GOBIERNO REGIONAL";"II-1";"00005044";"GUSTAVO LANATTA LUJAN";"241200";"HOSPITALIZACIÓN QUIRÚRGICA TRAUMATOLOGÍA Y ORTOPEDIA ";"4";"4";"19";"19";"2";"62";"0"
"2023";"10";"010201";"AMAZONAS";"BAGUA";"BAGUA";"GOBIERNO REGIONAL";"II-1";"00005044";"GUSTAVO LANATTA LUJAN";"241400";"HOSPITALIZACIÓN QUIRÚRGICA GINECO - OBSTETRICIA ";"163";"163";"400";"400";"19";"589";"0"
"2023";"10";"010201";"AMAZONAS";"BAGUA";"BAGUA";"GOBIERNO REGIONAL";"II-1";"00005044";"GUSTAVO LANATTA LUJAN";"241800";"HOSPITALIZACIÓN DE MEDICINA MEDICINA GENERAL ";"48";"48";"181";"181";"29";"899";"1"
"2023";"10";"010201";"AMAZONAS";"BAGUA";"BAGUA";"GOBIERNO REGIONAL";"II-1";"00005044";"GUSTAVO LANATTA LUJAN";"242500";"HOSPITALIZACIÓN-PEDIATRÍA GENERAL-";"47";"47";"130";"130";"10";"310";"0"
"2023";"10";"010201";"AMAZONAS";"BAGUA";"BAGUA";"GOBIERNO REGIONAL";"II-1";"00005044";"GUSTAVO LANATTA LUJAN";"243200";"HOSPITALIZACIÓN DE PEDIATRÍA PEDIATRIA NEONATOLOGÍA";"23";"23";"86";"86";"9";"279";"0"
"2023";"10";"010201";"AMAZONAS";"BAGUA";"BAGUA";"GOBIERNO REGIONAL";"II-1";"00005044";"GUSTAVO LANATTA LUJAN";"250103";"UNIDAD DE CUIDADOS CRITICOS UNIDAD  DE CUIDADOS INTENSIVOS GENERALES  (UCI) MEDICINA";"6";"6";"33";"33";"7";"217";"1"
"2023";"10";"010201";"AMAZONAS";"BAGUA";"BAGUA";"GOBIERNO REGIONAL";"II-1";"00005044";"GUSTAVO LANATTA LUJAN";"250304";"HOSPIT. EN UNIDAD DE CUID.INTEN.-UNIDAD DE VIGILANCIA INTENSIVA (UVI)-MEDICINA";"11";"11";"67";"67";"6";"186";"0"
"2023";"10";"120214";"JUNIN";"CONCEPCION";"SAN JOSE DE QUERO";"GOBIERNO REGIONAL";"I-3";"00000641";"SAN JOSE DE QUERO";"NE_0001";"";"NE_0001";"NE_0001";"NE_0001";"NE_0001";"NE_0001";"NE_0001";"NE_0001"
"2023";"10";"120214";"JUNIN";"CONCEPCION";"SAN JOSE DE QUERO";"GOBIERNO REGIONAL";"I-2";"00000645";"USIBAMBA";"NE_0001";"";"NE_0001";"NE_0001";"NE_0001";"NE_0001";"NE_0001";"NE_0001";"NE_0001"
"2023";"10";"120214";"JUNIN";"CONCEPCION";"SAN JOSE DE QUERO";"GOBIERNO REGIONAL";"I-2";"00000642";"CHAQUICOCHA";"NE_0001";"";"NE_0001";"NE_0001";"NE_0001";"NE_0001";"NE_0001";"NE_0001";"NE_0001"
"2023";"10";"150116";"LIMA";"LIMA";"LINCE";"ESSALUD";"I-3";"00017695";"CENTRO DE ATENCION PRIMARIA III ALFREDO PIAZZA ROBERTS-GSPN I Y II-RPA-ESSALUD";"NE_0001";"";"NE_0001";"NE_0001";"NE_0001";"NE_0001";"NE_0001";"NE_0001";"NE_0001"
"2023";"10";"040126";"AREQUIPA";"AREQUIPA";"YANAHUARA";"GOBIERNO REGIONAL";"I-3";"00001233";"CENTRO DE SALUD YANAHUARA";"NE_0001";"";"NE_0001";"NE_0001";"NE_0001";"NE_0001";"NE_0001";"NE_0001";"NE_0001"
"2023";"10";"040117";"AREQUIPA";"AREQUIPA";"SACHACA";"GOBIERNO REGIONAL";"I-2";"00001283";"PUESTO DE SALUD PAMPA DE CAMARONES";"NE_0001";"";"NE_0001";"NE_0001";"NE_0001";"NE_0001";"NE_0001";"NE_0001";"NE_0001"
"2023";"10";"040117";"AREQUIPA";"AREQUIPA";"SACHACA";"GOBIERNO REGIONAL";"I-2";"00001282";"PUESTO DE SALUD SACHACA";"NE_0001";"";"NE_0001";"NE_0001";"NE_0001";"NE_0001";"NE_0001";"NE_0001";"NE_0001"
"2023";"10";"040126";"AREQUIPA";"AREQUIPA";"YANAHUARA";"ESSALUD";"II-1";"00013291";"HOSPITAL III YANAHUARA";"241900";"HOSPITALIZACIÓN DE MEDICINA MEDICINA INTERNA ";"101";"95";"1102";"1013";"35";"1050";"5"
"2023";"10";"040126";"AREQUIPA";"AREQUIPA";"YANAHUARA";"ESSALUD";"II-1";"00013291";"HOSPITAL III YANAHUARA";"240100";"HOSPITALIZACIÓN QUIRÚRGICA CIRUGÍA GENERAL ";"342";"336";"948";"1253";"41";"1271";"0"
"2023";"10";"040126";"AREQUIPA";"AREQUIPA";"YANAHUARA";"ESSALUD";"II-1";"00013291";"HOSPITAL III YANAHUARA";"241600";"HOSPITALIZACIÓN QUIRÚRGICA OBSTETRICIA   ";"287";"284";"939";"630";"21";"630";"0"
"2023";"10";"040126";"AREQUIPA";"AREQUIPA";"YANAHUARA";"ESSALUD";"II-1";"00013291";"HOSPITAL III YANAHUARA";"241400";"HOSPITALIZACIÓN QUIRÚRGICA GINECO - OBSTETRICIA ";"171";"175";"190";"201";"11";"330";"0"
"2023";"10";"040126";"AREQUIPA";"AREQUIPA";"YANAHUARA";"ESSALUD";"II-1";"00013291";"HOSPITAL III YANAHUARA";"242300";"HOSPITALIZACIÓN DE PEDIATRÍA  PEDIATRÍA  GENERAL ";"58";"64";"208";"238";"9";"270";"0"
"2023";"10";"040126";"AREQUIPA";"AREQUIPA";"YANAHUARA";"ESSALUD";"II-1";"00013291";"HOSPITAL III YANAHUARA";"243200";"HOSPITALIZACIÓN DE PEDIATRÍA PEDIATRIA NEONATOLOGÍA";"169";"164";"653";"596";"25";"750";"0"
"2023";"10";"040126";"AREQUIPA";"AREQUIPA";"YANAHUARA";"ESSALUD";"II-1";"00013291";"HOSPITAL III YANAHUARA";"250100";"UNIDAD DE CUIDADOS CRITICOS UNIDAD  DE CUIDADOS INTENSIVOS GENERALES (UCI) ";"27";"6";"177";"233";"12";"360";"5"
"2023";"10";"060301";"CAJAMARCA";"CELENDIN";"CELENDIN";"ESSALUD";"I-3";"00010269";"CENTRO MEDICO ESSALUD CELENDIN";"NE_0001";"";"NE_0001";"NE_0001";"NE_0001";"NE_0001";"NE_0001";"NE_0001";"NE_0001"
"2023";"10";"110201";"ICA";"CHINCHA";"CHINCHA ALTA";"PRIVADO";"II-1";"00017493";"CLINICA GAXAY";"240000";"HOSPITALIZACIÓN";"25";"25";"27";"25";"7";"217";"0"
"2023";"10";"211101";"PUNO";"SAN ROMAN";"JULIACA";"PRIVADO";"II-E";"00020181";"CLINICA INTERNACIONAL NACER";"241600";"HOSPITALIZACIÓN QUIRÚRGICA OBSTETRICIA   ";"46";"46";"41";"46";"10";"259";"0"
"2023";"10";"160101";"LORETO";"MAYNAS";"IQUITOS";"SANIDAD DEL EJERCITO DEL PERU";"I-4";"00020543";"IPRESS I-4 MILITAR DIVISIONARIO ""SANTA ROSA"" IQUITOS";"241800";"HOSPITALIZACIÓN DE MEDICINA MEDICINA GENERAL ";"3";"2";"24";"1";"20";"620";"0"
"2023";"10";"070101";"CALLAO";"CALLAO";"CALLAO";"PRIVADO";"0";"00016115";"DIAGNOCENTRO OLAZ";"NE_0001";"";"NE_0001";"NE_0001";"NE_0001";"NE_0001";"NE_0001";"NE_0001";"NE_0001"
"2023";"11";"150113";"LIMA";"LIMA";"JESUS MARIA";"ESSALUD";"0";"00016488";"CENTRO NACIONAL DE SALUD RENAL - ESSALUD";"NE_0001";"";"NE_0001";"NE_0001";"NE_0001";"NE_0001";"NE_0001";"NE_0001";"NE_0001"
"2023";"11";"110101";"ICA";"ICA";"ICA";"ESSALUD";"II-1";"00013912";"FELIX TORREALVA GUTIERREZ";"241900";"HOSPITALIZACIÓN DE MEDICINA MEDICINA INTERNA ";"265";"296";"1147";"1276";"48";"1440";"10"
"2023";"11";"110101";"ICA";"ICA";"ICA";"ESSALUD";"II-1";"00013912";"FELIX TORREALVA GUTIERREZ";"241900";"HOSPITALIZACIÓN DE MEDICINA MEDICINA INTERNA ";"12";"6";"42";"97";"6";"180";"1"
"2023";"11";"110101";"ICA";"ICA";"ICA";"ESSALUD";"II-1";"00013912";"FELIX TORREALVA GUTIERREZ";"240100";"HOSPITALIZACIÓN QUIRÚRGICA CIRUGÍA GENERAL ";"65";"142";"406";"300";"12";"360";"0"
"2023";"11";"110101";"ICA";"ICA";"ICA";"ESSALUD";"II-1";"00013912";"FELIX TORREALVA GUTIERREZ";"241500";"HOSPITALIZACIÓN QUIRÚRGICA GINECOLOGÍA  ";"27";"25";"75";"74";"4";"120";"0"
"2023";"11";"110101";"ICA";"ICA";"ICA";"ESSALUD";"II-1";"00013912";"FELIX TORREALVA GUTIERREZ";"241500";"HOSPITALIZACIÓN QUIRÚRGICA GINECOLOGÍA  ";"158";"151";"300";"333";"12";"360";"0"
"2023";"11";"040507";"AREQUIPA";"CAYLLOMA";"HUAMBO";"GOBIERNO REGIONAL";"I-2";"00001433";"PUESTO DE SALUD HUAMBO";"NE_0001";"";"NE_0001";"NE_0001";"NE_0001";"NE_0001";"NE_0001";"NE_0001";"NE_0001"
"2023";"11";"040503";"AREQUIPA";"CAYLLOMA";"CABANACONDE";"GOBIERNO REGIONAL";"I-3";"00001420";"CENTRO DE SALUD CABANACONDE";"NE_0001";"";"NE_0001";"NE_0001";"NE_0001";"NE_0001";"NE_0001";"NE_0001";"NE_0001"
"2023";"11";"040406";"AREQUIPA";"CASTILLA";"CHOCO";"GOBIERNO REGIONAL";"I-2";"00001441";"PUESTO DE SALUD CHOCO";"NE_0001";"";"NE_0001";"NE_0001";"NE_0001";"NE_0001";"NE_0001";"NE_0001";"NE_0001"
"2023";"11";"040503";"AREQUIPA";"CAYLLOMA";"CABANACONDE";"GOBIERNO REGIONAL";"I-2";"00001432";"PUESTO DE SALUD PINCHOLLO";"NE_0001";"";"NE_0001";"NE_0001";"NE_0001";"NE_0001";"NE_0001";"NE_0001";"NE_0001"
"2023";"11";"220101";"SAN MARTIN";"MOYOBAMBA";"MOYOBAMBA";"GOBIERNO REGIONAL";"I-2";"00006282";"LA CONQUISTA";"NE_0001";"";"NE_0001";"NE_0001";"NE_0001";"NE_0001";"NE_0001";"NE_0001";"NE_0001"
"2023";"11";"220809";"SAN MARTIN";"RIOJA";"YURACYACU";"GOBIERNO REGIONAL";"I-3";"00006281";"YURACYACU";"241600";"HOSPITALIZACIÓN QUIRÚRGICA OBSTETRICIA   ";"2";"2";"2";"2";"3";"88";"0"
"2023";"11";"150137";"LIMA";"LIMA";"SANTA ANITA";"ESSALUD";"II-1";"00008318";"ESSALUD - HOSPITAL I JORGE VOTO BERNALES CORPANCHO";"241800";"HOSPITALIZACIÓN DE MEDICINA MEDICINA GENERAL ";"17";"21";"97";"99";"6";"180";"1"
"2023";"11";"150137";"LIMA";"LIMA";"SANTA ANITA";"ESSALUD";"II-1";"00008318";"ESSALUD - HOSPITAL I JORGE VOTO BERNALES CORPANCHO";"243200";"HOSPITALIZACIÓN DE PEDIATRÍA PEDIATRIA NEONATOLOGÍA";"3";"0";"0";"58";"4";"120";"0"
"2023";"11";"150137";"LIMA";"LIMA";"SANTA ANITA";"ESSALUD";"II-1";"00008318";"ESSALUD - HOSPITAL I JORGE VOTO BERNALES CORPANCHO";"240100";"HOSPITALIZACIÓN QUIRÚRGICA CIRUGÍA GENERAL ";"103";"92";"281";"330";"11";"330";"0"
"2023";"11";"150137";"LIMA";"LIMA";"SANTA ANITA";"ESSALUD";"II-1";"00008318";"ESSALUD - HOSPITAL I JORGE VOTO BERNALES CORPANCHO";"241400";"HOSPITALIZACIÓN QUIRÚRGICA GINECO - OBSTETRICIA ";"16";"17";"54";"66";"3";"90";"0"
"2023";"11";"150137";"LIMA";"LIMA";"SANTA ANITA";"ESSALUD";"II-1";"00008318";"ESSALUD - HOSPITAL I JORGE VOTO BERNALES CORPANCHO";"242300";"HOSPITALIZACIÓN DE PEDIATRÍA  PEDIATRÍA  GENERAL ";"16";"16";"63";"80";"3";"90";"0"
"2023";"11";"150137";"LIMA";"LIMA";"SANTA ANITA";"ESSALUD";"II-1";"00008318";"ESSALUD - HOSPITAL I JORGE VOTO BERNALES CORPANCHO";"250100";"UNIDAD DE CUIDADOS CRITICOS UNIDAD  DE CUIDADOS INTENSIVOS GENERALES (UCI) ";"40";"38";"77";"80";"4";"120";"0"
"2023";"11";"150137";"LIMA";"LIMA";"SANTA ANITA";"ESSALUD";"II-1";"00008318";"ESSALUD - HOSPITAL I JORGE VOTO BERNALES CORPANCHO";"241500";"HOSPITALIZACIÓN QUIRÚRGICA GINECOLOGÍA  ";"208";"204";"445";"465";"17";"510";"0"
"2023";"11";"120114";"JUNIN";"HUANCAYO";"EL TAMBO";"PRIVADO";"II-E";"00028966";"CLÍNICA ESPECIALIZADA MIRANDA";"241200";"HOSPITALIZACIÓN QUIRÚRGICA TRAUMATOLOGÍA Y ORTOPEDIA ";"19";"19";"19";"45";"9";"45";"0"
"2023";"11";"120114";"JUNIN";"HUANCAYO";"EL TAMBO";"PRIVADO";"II-E";"00028966";"CLÍNICA ESPECIALIZADA MIRANDA";"241100";"HOSPITALIZACIÓN QUIRÚRGICA OTORRINOLARINGOLOGÍA  ";"1";"1";"1";"10";"9";"10";"0"
"2023";"11";"120114";"JUNIN";"HUANCAYO";"EL TAMBO";"PRIVADO";"II-E";"00028966";"CLÍNICA ESPECIALIZADA MIRANDA";"241500";"HOSPITALIZACIÓN QUIRÚRGICA GINECOLOGÍA  ";"8";"8";"8";"20";"9";"20";"0"
"2023";"11";"120114";"JUNIN";"HUANCAYO";"EL TAMBO";"PRIVADO";"II-E";"00028966";"CLÍNICA ESPECIALIZADA MIRANDA";"240100";"HOSPITALIZACIÓN QUIRÚRGICA CIRUGÍA GENERAL ";"59";"59";"59";"110";"9";"110";"0"
"2023";"11";"150108";"LIMA";"LIMA";"CHORRILLOS";"PRIVADO";"II-1";"00011950";"CLINICA CHORRILLOS";"NE_0002";"";"NE_0002";"NE_0002";"NE_0002";"NE_0002";"NE_0002";"NE_0002";"NE_0002"
"2023";"11";"080101";"CUSCO";"CUSCO";"CUSCO";"GOBIERNO REGIONAL";"III-1";"00002289";"HOSPITAL DE APOYO DEPARTAMENTAL CUSCO";"240100";"HOSPITALIZACIÓN QUIRÚRGICA CIRUGÍA GENERAL ";"141";"143";"989";"817";"34";"1020";"2"
"2023";"11";"080101";"CUSCO";"CUSCO";"CUSCO";"GOBIERNO REGIONAL";"III-1";"00002289";"HOSPITAL DE APOYO DEPARTAMENTAL CUSCO";"240100";"HOSPITALIZACIÓN QUIRÚRGICA CIRUGÍA GENERAL ";"80";"75";"812";"622";"32";"960";"0"
"2023";"11";"080101";"CUSCO";"CUSCO";"CUSCO";"GOBIERNO REGIONAL";"III-1";"00002289";"HOSPITAL DE APOYO DEPARTAMENTAL CUSCO";"241500";"HOSPITALIZACIÓN QUIRÚRGICA GINECOLOGÍA  ";"204";"202";"473";"537";"29";"870";"0"
"2023";"11";"080101";"CUSCO";"CUSCO";"CUSCO";"GOBIERNO REGIONAL";"III-1";"00002289";"HOSPITAL DE APOYO DEPARTAMENTAL CUSCO";"241400";"HOSPITALIZACIÓN QUIRÚRGICA GINECO - OBSTETRICIA ";"156";"164";"381";"313";"31";"930";"0"
"2023";"11";"080101";"CUSCO";"CUSCO";"CUSCO";"GOBIERNO REGIONAL";"III-1";"00002289";"HOSPITAL DE APOYO DEPARTAMENTAL CUSCO";"241800";"HOSPITALIZACIÓN DE MEDICINA MEDICINA GENERAL ";"80";"78";"815";"870";"32";"960";"4"
"2023";"11";"080101";"CUSCO";"CUSCO";"CUSCO";"GOBIERNO REGIONAL";"III-1";"00002289";"HOSPITAL DE APOYO DEPARTAMENTAL CUSCO";"241800";"HOSPITALIZACIÓN DE MEDICINA MEDICINA GENERAL ";"53";"55";"902";"581";"25";"750";"10"
"2023";"11";"080101";"CUSCO";"CUSCO";"CUSCO";"GOBIERNO REGIONAL";"III-1";"00002289";"HOSPITAL DE APOYO DEPARTAMENTAL CUSCO";"241900";"HOSPITALIZACIÓN DE MEDICINA MEDICINA INTERNA ";"27";"33";"550";"376";"22";"660";"5"
"2023";"11";"080101";"CUSCO";"CUSCO";"CUSCO";"GOBIERNO REGIONAL";"III-1";"00002289";"HOSPITAL DE APOYO DEPARTAMENTAL CUSCO";"240900";"HOSPITALIZACIÓN QUIRÚRGICA NEUROCIRUGÍA ";"30";"34";"463";"370";"25";"750";"1"
"2023";"11";"080101";"CUSCO";"CUSCO";"CUSCO";"GOBIERNO REGIONAL";"III-1";"00002289";"HOSPITAL DE APOYO DEPARTAMENTAL CUSCO";"242100";"HOSPITALIZACIÓN DE MEDICINA ONCOLOGÍA MÉDICA ";"40";"43";"536";"477";"20";"600";"2"
"2023";"11";"080101";"CUSCO";"CUSCO";"CUSCO";"GOBIERNO REGIONAL";"III-1";"00002289";"HOSPITAL DE APOYO DEPARTAMENTAL CUSCO";"242300";"HOSPITALIZACIÓN DE PEDIATRÍA  PEDIATRÍA  GENERAL ";"56";"54";"602";"522";"21";"630";"2"
"2023";"11";"080101";"CUSCO";"CUSCO";"CUSCO";"GOBIERNO REGIONAL";"III-1";"00002289";"HOSPITAL DE APOYO DEPARTAMENTAL CUSCO";"243200";"HOSPITALIZACIÓN DE PEDIATRÍA PEDIATRIA NEONATOLOGÍA";"63";"69";"883";"488";"30";"900";"3"
"2023";"11";"080101";"CUSCO";"CUSCO";"CUSCO";"GOBIERNO REGIONAL";"III-1";"00002289";"HOSPITAL DE APOYO DEPARTAMENTAL CUSCO";"242204";"HOSPITALIZACIÓN DE MEDICINA PSIQUIATRÍA REHABILITACIÓN PSIQUIÁTRICA / REINSERCIÓN ";"10";"12";"207";"139";"7";"210";"0"
"2023";"11";"080101";"CUSCO";"CUSCO";"CUSCO";"GOBIERNO REGIONAL";"III-1";"00002289";"HOSPITAL DE APOYO DEPARTAMENTAL CUSCO";"241200";"HOSPITALIZACIÓN QUIRÚRGICA TRAUMATOLOGÍA Y ORTOPEDIA ";"51";"47";"735";"843";"30";"900";"0"
"2023";"11";"080101";"CUSCO";"CUSCO";"CUSCO";"GOBIERNO REGIONAL";"III-1";"00002289";"HOSPITAL DE APOYO DEPARTAMENTAL CUSCO";"240801";"HOSPITALIZACIÓN QUIRÚRGICA CIRUGÍA PLÁSTICA/RECONSTRUCTIVA/ REPARADORA QUEMADOS";"20";"19";"252";"369";"18";"540";"0"
"2023";"11";"080101";"CUSCO";"CUSCO";"CUSCO";"GOBIERNO REGIONAL";"III-1";"00002289";"HOSPITAL DE APOYO DEPARTAMENTAL CUSCO";"250100";"UNIDAD DE CUIDADOS CRITICOS UNIDAD  DE CUIDADOS INTENSIVOS GENERALES (UCI) ";"30";"26";"419";"258";"17";"510";"4"
"2023";"11";"120114";"JUNIN";"HUANCAYO";"EL TAMBO";"PRIVADO";"II-1";"00025970";"CLINICA REBAGLIATI";"241600";"HOSPITALIZACIÓN QUIRÚRGICA OBSTETRICIA   ";"2";"2";"2";"5";"4";"7";"0"
"2023";"11";"120114";"JUNIN";"HUANCAYO";"EL TAMBO";"PRIVADO";"II-1";"00025970";"CLINICA REBAGLIATI";"241800";"HOSPITALIZACIÓN DE MEDICINA MEDICINA GENERAL ";"2";"2";"2";"3";"4";"5";"0"
"2023";"11";"120114";"JUNIN";"HUANCAYO";"EL TAMBO";"PRIVADO";"II-1";"00025970";"CLINICA REBAGLIATI";"241900";"HOSPITALIZACIÓN DE MEDICINA MEDICINA INTERNA ";"4";"4";"4";"3";"3";"4";"0"
"2023";"11";"120114";"JUNIN";"HUANCAYO";"EL TAMBO";"PRIVADO";"II-1";"00025970";"CLINICA REBAGLIATI";"242100";"HOSPITALIZACIÓN DE MEDICINA ONCOLOGÍA MÉDICA ";"3";"3";"6";"9";"3";"11";"0"
"2023";"09";"040103";"AREQUIPA";"AREQUIPA";"CAYMA";"PRIVADO";"II-1";"00015730";"CLINICA SAN JUAN DE DIOS";"240000";"HOSPITALIZACIÓN";"479";"490";"1846";"1841";"80";"2400";"4"
"2023";"09";"150105";"LIMA";"LIMA";"BREÑA";"PRIVADO";"II-E";"00015718";"CLINICA SAN MARCOS";"240000";"HOSPITALIZACIÓN";"106";"109";"184";"184";"23";"713";"0"
"2023";"10";"080707";"CUSCO";"CHUMBIVILCAS";"QUIÑOTA";"GOBIERNO REGIONAL";"I-2";"00002408";"QUIÑOTA";"NE_0001";"";"NE_0001";"NE_0001";"NE_0001";"NE_0001";"NE_0001";"NE_0001";"NE_0001"
"2023";"10";"040119";"AREQUIPA";"AREQUIPA";"SAN JUAN DE TARUCANI";"GOBIERNO REGIONAL";"I-2";"00001319";"PUESTO DE SALUD SAN JUAN DE TARUCANI";"NE_0001";"";"NE_0001";"NE_0001";"NE_0001";"NE_0001";"NE_0001";"NE_0001";"NE_0001"
"2023";"10";"040106";"AREQUIPA";"AREQUIPA";"CHIGUATA";"GOBIERNO REGIONAL";"I-3";"00001299";"CENTRO DE SALUD CHIGUATA";"NE_0001";"";"NE_0001";"NE_0001";"NE_0001";"NE_0001";"NE_0001";"NE_0001";"NE_0001"
"2023";"10";"040119";"AREQUIPA";"AREQUIPA";"SAN JUAN DE TARUCANI";"GOBIERNO REGIONAL";"I-2";"00001321";"PUESTO DE SALUD SALINAS HUITO";"NE_0001";"";"NE_0001";"NE_0001";"NE_0001";"NE_0001";"NE_0001";"NE_0001";"NE_0001"
"2023";"10";"040106";"AREQUIPA";"AREQUIPA";"CHIGUATA";"GOBIERNO REGIONAL";"I-2";"00001320";"PUESTO DE SALUD ARENALES";"NE_0001";"";"NE_0001";"NE_0001";"NE_0001";"NE_0001";"NE_0001";"NE_0001";"NE_0001"
"2023";"10";"150115";"LIMA";"LIMA";"LA VICTORIA";"PRIVADO";"II-E";"00009431";"CLÍNICA SANTA CATALINA";"NE_0002";"";"NE_0002";"NE_0002";"NE_0002";"NE_0002";"NE_0002";"NE_0002";"NE_0002"
"2023";"10";"150140";"LIMA";"LIMA";"SANTIAGO DE SURCO";"PRIVADO";"II-E";"00024304";"CLINICA BINOMIUM";"NE_0002";"";"NE_0002";"NE_0002";"NE_0002";"NE_0002";"NE_0002";"NE_0002";"NE_0002"
"2023";"10";"050904";"AYACUCHO";"SUCRE";"CHILCAYOC";"GOBIERNO REGIONAL";"I-2";"00003805";"PUESTO DE SALUD CHILCAYOCC";"NE_0001";"";"NE_0001";"NE_0001";"NE_0001";"NE_0001";"NE_0001";"NE_0001";"NE_0001"
"2023";"10";"050909";"AYACUCHO";"SUCRE";"SAN SALVADOR DE QUIJE";"GOBIERNO REGIONAL";"I-1";"00003806";"PUESTO DE SALUD SAN SALVADOR DE QUIJE";"NE_0001";"";"NE_0001";"NE_0001";"NE_0001";"NE_0001";"NE_0001";"NE_0001";"NE_0001"
"2023";"10";"050901";"AYACUCHO";"SUCRE";"QUEROBAMBA";"GOBIERNO REGIONAL";"I-4";"00003808";"CENTRO DE SALUD QUEROBAMBA";"241600";"HOSPITALIZACIÓN QUIRÚRGICA OBSTETRICIA   ";"6";"6";"14";"2";"10";"11";"0"
"2023";"10";"050907";"AYACUCHO";"SUCRE";"PAICO";"GOBIERNO REGIONAL";"I-1";"00003813";"PUESTO DE SALUD PAICO";"NE_0001";"";"NE_0001";"NE_0001";"NE_0001";"NE_0001";"NE_0001";"NE_0001";"NE_0001"
"2023";"10";"050905";"AYACUCHO";"SUCRE";"HUACAÑA";"GOBIERNO REGIONAL";"I-1";"00003719";"PUESTO DE SALUD HUACAÑA";"NE_0001";"";"NE_0001";"NE_0001";"NE_0001";"NE_0001";"NE_0001";"NE_0001";"NE_0001"
"2023";"10";"050901";"AYACUCHO";"SUCRE";"QUEROBAMBA";"GOBIERNO REGIONAL";"I-1";"00003802";"PUESTO DE SALUD POTONGO";"NE_0001";"";"NE_0001";"NE_0001";"NE_0001";"NE_0001";"NE_0001";"NE_0001";"NE_0001"
"2023";"10";"050910";"AYACUCHO";"SUCRE";"SANTIAGO DE PAUCARAY";"GOBIERNO REGIONAL";"I-1";"00007096";"PUESTO DE SALUD AUTAMA";"NE_0001";"";"NE_0001";"NE_0001";"NE_0001";"NE_0001";"NE_0001";"NE_0001";"NE_0001"
"2023";"10";"050906";"AYACUCHO";"SUCRE";"MORCOLLA";"GOBIERNO REGIONAL";"I-1";"00003812";"PUESTO DE SALUD HUACO";"NE_0001";"";"NE_0001";"NE_0001";"NE_0001";"NE_0001";"NE_0001";"NE_0001";"NE_0001"
"2023";"10";"050901";"AYACUCHO";"SUCRE";"QUEROBAMBA";"GOBIERNO REGIONAL";"I-1";"00003809";"PUESTO DE SALUD CHONTA";"NE_0001";"";"NE_0001";"NE_0001";"NE_0001";"NE_0001";"NE_0001";"NE_0001";"NE_0001"
"2023";"10";"050906";"AYACUCHO";"SUCRE";"MORCOLLA";"GOBIERNO REGIONAL";"I-1";"00003810";"PUESTO DE SALUD MORCOLLA";"NE_0001";"";"NE_0001";"NE_0001";"NE_0001";"NE_0001";"NE_0001";"NE_0001";"NE_0001"
"2023";"10";"050906";"AYACUCHO";"SUCRE";"MORCOLLA";"GOBIERNO REGIONAL";"I-1";"00003811";"PUESTO DE SALUD TINTAY";"NE_0001";"";"NE_0001";"NE_0001";"NE_0001";"NE_0001";"NE_0001";"NE_0001";"NE_0001"
"2023";"10";"050907";"AYACUCHO";"SUCRE";"PAICO";"GOBIERNO REGIONAL";"I-1";"00003814";"PUESTO DE SALUD SIHUE";"NE_0001";"";"NE_0001";"NE_0001";"NE_0001";"NE_0001";"NE_0001";"NE_0001";"NE_0001"
"2023";"10";"050910";"AYACUCHO";"SUCRE";"SANTIAGO DE PAUCARAY";"GOBIERNO REGIONAL";"I-1";"00003816";"PUESTO DE SALUD SANTIAGO DE PAUCARAY";"NE_0001";"";"NE_0001";"NE_0001";"NE_0001";"NE_0001";"NE_0001";"NE_0001";"NE_0001"
"2023";"10";"050911";"AYACUCHO";"SUCRE";"SORAS";"GOBIERNO REGIONAL";"I-3";"00003818";"CENTRO DE SALUD SORAS";"NE_0002";"";"NE_0002";"NE_0002";"NE_0002";"NE_0002";"NE_0002";"NE_0002";"NE_0002"
"2023";"10";"050902";"AYACUCHO";"SUCRE";"BELEN";"GOBIERNO REGIONAL";"I-1";"00003803";"PUESTO DE SALUD BELEN";"NE_0001";"";"NE_0001";"NE_0001";"NE_0001";"NE_0001";"NE_0001";"NE_0001";"NE_0001"
"2023";"10";"050909";"AYACUCHO";"SUCRE";"SAN SALVADOR DE QUIJE";"GOBIERNO REGIONAL";"I-1";"00003807";"PUESTO DE SALUD SANTIAGO DE PALLCCA";"NE_0001";"";"NE_0001";"NE_0001";"NE_0001";"NE_0001";"NE_0001";"NE_0001";"NE_0001"
"2023";"10";"050903";"AYACUCHO";"SUCRE";"CHALCOS";"GOBIERNO REGIONAL";"I-1";"00003804";"PUESTO DE SALUD CHALCOS";"NE_0001";"";"NE_0001";"NE_0001";"NE_0001";"NE_0001";"NE_0001";"NE_0001";"NE_0001"
"2023";"10";"050908";"AYACUCHO";"SUCRE";"SAN PEDRO DE LARCAY";"GOBIERNO REGIONAL";"I-2";"00003815";"SAN PEDRO DE LARCAY";"NE_0001";"";"NE_0001";"NE_0001";"NE_0001";"NE_0001";"NE_0001";"NE_0001";"NE_0001"
"2023";"10";"050910";"AYACUCHO";"SUCRE";"SANTIAGO DE PAUCARAY";"GOBIERNO REGIONAL";"I-1";"00003817";"PUESTO DE SALUD ATIHUARA";"NE_0001";"";"NE_0001";"NE_0001";"NE_0001";"NE_0001";"NE_0001";"NE_0001";"NE_0001"
"2023";"10";"150131";"LIMA";"LIMA";"SAN ISIDRO";"ESSALUD";"I-3";"00015471";"CENTRO DE ATENCION PRIMARIA-CAP III SAN ISIDRO-ESSALUD";"NE_0001";"";"NE_0001";"NE_0001";"NE_0001";"NE_0001";"NE_0001";"NE_0001";"NE_0001"
"2023";"10";"120101";"JUNIN";"HUANCAYO";"HUANCAYO";"PRIVADO";"II-2";"00008858";"CLINICA ORTEGA";"240100";"HOSPITALIZACIÓN QUIRÚRGICA CIRUGÍA GENERAL ";"37";"37";"135";"135";"7";"217";"0"
"2023";"10";"120101";"JUNIN";"HUANCAYO";"HUANCAYO";"PRIVADO";"II-2";"00008858";"CLINICA ORTEGA";"240200";"HOSPITALIZACIÓN QUIRÚRGICA CIRUGÍA DE CABEZA Y CUELLO / MÁXILO FACIAL ";"1";"1";"11";"11";"3";"93";"0"
"2023";"10";"120101";"JUNIN";"HUANCAYO";"HUANCAYO";"PRIVADO";"II-2";"00008858";"CLINICA ORTEGA";"240700";"HOSPITALIZACIÓN QUIRÚRGICA CIRUGÍA PEDIÁTRICA ";"2";"2";"2";"2";"3";"93";"0"
"2023";"10";"120101";"JUNIN";"HUANCAYO";"HUANCAYO";"PRIVADO";"II-2";"00008858";"CLINICA ORTEGA";"240900";"HOSPITALIZACIÓN QUIRÚRGICA NEUROCIRUGÍA ";"8";"8";"61";"61";"4";"124";"0"
"2023";"10";"120101";"JUNIN";"HUANCAYO";"HUANCAYO";"PRIVADO";"II-2";"00008858";"CLINICA ORTEGA";"241000";"HOSPITALIZACIÓN QUIRÚRGICA ONCOLOGÍA QUIRÚRGICA  ";"5";"5";"14";"14";"3";"93";"0"
"2023";"10";"120101";"JUNIN";"HUANCAYO";"HUANCAYO";"PRIVADO";"II-2";"00008858";"CLINICA ORTEGA";"241100";"HOSPITALIZACIÓN QUIRÚRGICA OTORRINOLARINGOLOGÍA  ";"5";"5";"8";"8";"3";"93";"0"
"2023";"10";"120101";"JUNIN";"HUANCAYO";"HUANCAYO";"PRIVADO";"II-2";"00008858";"CLINICA ORTEGA";"241200";"HOSPITALIZACIÓN QUIRÚRGICA TRAUMATOLOGÍA Y ORTOPEDIA ";"70";"70";"226";"226";"10";"310";"0"
"2023";"10";"120101";"JUNIN";"HUANCAYO";"HUANCAYO";"PRIVADO";"II-2";"00008858";"CLINICA ORTEGA";"241300";"HOSPITALIZACIÓN QUIRÚRGICA UROLOGÍA  ";"16";"16";"52";"52";"4";"124";"0"
"2023";"10";"120101";"JUNIN";"HUANCAYO";"HUANCAYO";"PRIVADO";"II-2";"00008858";"CLINICA ORTEGA";"241400";"HOSPITALIZACIÓN QUIRÚRGICA GINECO - OBSTETRICIA ";"28";"28";"76";"76";"5";"155";"0"
"2023";"10";"120101";"JUNIN";"HUANCAYO";"HUANCAYO";"PRIVADO";"II-2";"00008858";"CLINICA ORTEGA";"241800";"HOSPITALIZACIÓN DE MEDICINA MEDICINA GENERAL ";"2";"2";"2";"2";"3";"93";"0"
"2023";"10";"120101";"JUNIN";"HUANCAYO";"HUANCAYO";"PRIVADO";"II-2";"00008858";"CLINICA ORTEGA";"241900";"HOSPITALIZACIÓN DE MEDICINA MEDICINA INTERNA ";"24";"24";"114";"114";"6";"186";"1"
"2023";"10";"120101";"JUNIN";"HUANCAYO";"HUANCAYO";"PRIVADO";"II-2";"00008858";"CLINICA ORTEGA";"242000";"HOSPITALIZACIÓN DE MEDICINA MEDICINA TROPICAL E INFECCIOSAS ";"1";"1";"28";"28";"3";"93";"0"
"2023";"10";"120101";"JUNIN";"HUANCAYO";"HUANCAYO";"PRIVADO";"II-2";"00008858";"CLINICA ORTEGA";"242100";"HOSPITALIZACIÓN DE MEDICINA ONCOLOGÍA MÉDICA ";"2";"2";"20";"20";"3";"93";"0"
"2023";"10";"120101";"JUNIN";"HUANCAYO";"HUANCAYO";"PRIVADO";"II-2";"00008858";"CLINICA ORTEGA";"242300";"HOSPITALIZACIÓN DE PEDIATRÍA  PEDIATRÍA  GENERAL ";"3";"3";"12";"12";"3";"93";"0"
"2023";"10";"220901";"SAN MARTIN";"SAN MARTIN";"TARAPOTO";"GOBIERNO REGIONAL";"I-3";"00006370";"PUNTA DEL ESTE";"NE_0001";"";"NE_0001";"NE_0001";"NE_0001";"NE_0001";"NE_0001";"NE_0001";"NE_0001"
"2023";"10";"220901";"SAN MARTIN";"SAN MARTIN";"TARAPOTO";"GOBIERNO REGIONAL";"I-1";"00006363";"ATUMPAMPA";"NE_0001";"";"NE_0001";"NE_0001";"NE_0001";"NE_0001";"NE_0001";"NE_0001";"NE_0001"
"2023";"10";"220901";"SAN MARTIN";"SAN MARTIN";"TARAPOTO";"GOBIERNO REGIONAL";"I-1";"00006373";"SANTA ROSA DE CUMBAZA";"NE_0001";"";"NE_0001";"NE_0001";"NE_0001";"NE_0001";"NE_0001";"NE_0001";"NE_0001"
"2023";"10";"220901";"SAN MARTIN";"SAN MARTIN";"TARAPOTO";"GOBIERNO REGIONAL";"I-2";"00006371";"HUAYCO TARAPOTO";"NE_0001";"";"NE_0001";"NE_0001";"NE_0001";"NE_0001";"NE_0001";"NE_0001";"NE_0001"
"2023";"11";"021801";"ANCASH";"SANTA";"CHIMBOTE";"SANIDAD DE LA POLICIA NACIONAL DEL PERU";"I-3";"00017690";"POLICLINICO PNP CHIMBOTE";"NE_0001";"";"NE_0001";"NE_0001";"NE_0001";"NE_0001";"NE_0001";"NE_0001";"NE_0001"
"2023";"11";"110401";"ICA";"PALPA";"PALPA";"ESSALUD";"I-3";"00010483";"PALPA";"NE_0001";"";"NE_0001";"NE_0001";"NE_0001";"NE_0001";"NE_0001";"NE_0001";"NE_0001"
"2023";"11";"130102";"LA LIBERTAD";"TRUJILLO";"EL PORVENIR";"GOBIERNO REGIONAL";"II-1";"00005209";"HOSPITAL DISTRITAL DE EL PORVENIR SANTA ISABEL";"241800";"HOSPITALIZACIÓN DE MEDICINA MEDICINA GENERAL ";"21";"17";"49";"49";"6";"180";"0"
"2023";"11";"130102";"LA LIBERTAD";"TRUJILLO";"EL PORVENIR";"GOBIERNO REGIONAL";"II-1";"00005209";"HOSPITAL DISTRITAL DE EL PORVENIR SANTA ISABEL";"243200";"HOSPITALIZACIÓN DE PEDIATRÍA PEDIATRIA NEONATOLOGÍA";"7";"5";"22";"22";"8";"240";"0"
"2023";"11";"130102";"LA LIBERTAD";"TRUJILLO";"EL PORVENIR";"GOBIERNO REGIONAL";"II-1";"00005209";"HOSPITAL DISTRITAL DE EL PORVENIR SANTA ISABEL";"242300";"HOSPITALIZACIÓN DE PEDIATRÍA  PEDIATRÍA  GENERAL ";"13";"13";"35";"35";"3";"90";"0"
"2023";"11";"130102";"LA LIBERTAD";"TRUJILLO";"EL PORVENIR";"GOBIERNO REGIONAL";"II-1";"00005209";"HOSPITAL DISTRITAL DE EL PORVENIR SANTA ISABEL";"241400";"HOSPITALIZACIÓN QUIRÚRGICA GINECO - OBSTETRICIA ";"50";"54";"78";"78";"10";"300";"0"
"2023";"11";"130102";"LA LIBERTAD";"TRUJILLO";"EL PORVENIR";"GOBIERNO REGIONAL";"II-1";"00005209";"HOSPITAL DISTRITAL DE EL PORVENIR SANTA ISABEL";"241500";"HOSPITALIZACIÓN QUIRÚRGICA GINECOLOGÍA  ";"16";"16";"57";"57";"3";"90";"0"
"2023";"02";"150113";"LIMA";"LIMA";"JESUS MARIA";"PRIVADO";"I-3";"00010439";"CENTRO CLINICO JESUS MARIA";"NE_0002";"";"NE_0002";"NE_0002";"NE_0002";"NE_0002";"NE_0002";"NE_0002";"NE_0002"
"2023";"11";"070101";"CALLAO";"CALLAO";"CALLAO";"GOBIERNO REGIONAL";"I-4";"00006238";"C.S. MARQUEZ";"241600";"HOSPITALIZACIÓN QUIRÚRGICA OBSTETRICIA   ";"2";"2";"2";"60";"8";"240";"0"
"2023";"11";"070106";"CALLAO";"CALLAO";"VENTANILLA";"GOBIERNO REGIONAL";"I-2";"00006258";"PUESTO DE SALUD VENTANILLA BAJA";"NE_0001";"";"NE_0001";"NE_0001";"NE_0001";"NE_0001";"NE_0001";"NE_0001";"NE_0001"
"2023";"11";"070106";"CALLAO";"CALLAO";"VENTANILLA";"GOBIERNO REGIONAL";"I-2";"00006259";"PUESTO DE SALUD VENTANILLA ESTE";"NE_0001";"";"NE_0001";"NE_0001";"NE_0001";"NE_0001";"NE_0001";"NE_0001";"NE_0001"
"2023";"11";"060601";"CAJAMARCA";"CUTERVO";"CUTERVO";"GOBIERNO REGIONAL";"I-3";"00028745";"CENTRO DE SALUD MENTAL COMUNITARIO PLENITUD";"NE_0001";"";"NE_0001";"NE_0001";"NE_0001";"NE_0001";"NE_0001";"NE_0001";"NE_0001"
"2023";"11";"220901";"SAN MARTIN";"SAN MARTIN";"TARAPOTO";"GOBIERNO REGIONAL";"I-1";"00006363";"ATUMPAMPA";"NE_0001";"";"NE_0001";"NE_0001";"NE_0001";"NE_0001";"NE_0001";"NE_0001";"NE_0001"
"2023";"11";"220901";"SAN MARTIN";"SAN MARTIN";"TARAPOTO";"GOBIERNO REGIONAL";"I-1";"00006373";"SANTA ROSA DE CUMBAZA";"NE_0001";"";"NE_0001";"NE_0001";"NE_0001";"NE_0001";"NE_0001";"NE_0001";"NE_0001"
"2023";"11";"220901";"SAN MARTIN";"SAN MARTIN";"TARAPOTO";"GOBIERNO REGIONAL";"I-2";"00006371";"HUAYCO TARAPOTO";"NE_0001";"";"NE_0001";"NE_0001";"NE_0001";"NE_0001";"NE_0001";"NE_0001";"NE_0001"
"2023";"11";"060801";"CAJAMARCA";"JAEN";"JAEN";"PRIVADO";"II-1";"00015269";"CLINICA SAN FERNANDO E.I.R.L";"241800";"HOSPITALIZACIÓN DE MEDICINA MEDICINA GENERAL ";"3";"2";"16";"5";"18";"24";"0"
"2023";"11";"060801";"CAJAMARCA";"JAEN";"JAEN";"PRIVADO";"II-1";"00015269";"CLINICA SAN FERNANDO E.I.R.L";"241900";"HOSPITALIZACIÓN DE MEDICINA MEDICINA INTERNA ";"4";"2";"12";"6";"18";"24";"0"
"2023";"11";"060801";"CAJAMARCA";"JAEN";"JAEN";"PRIVADO";"II-1";"00015269";"CLINICA SAN FERNANDO E.I.R.L";"241200";"HOSPITALIZACIÓN QUIRÚRGICA TRAUMATOLOGÍA Y ORTOPEDIA ";"5";"4";"1";"12";"18";"24";"0"
"2023";"11";"060801";"CAJAMARCA";"JAEN";"JAEN";"PRIVADO";"II-1";"00015269";"CLINICA SAN FERNANDO E.I.R.L";"241200";"HOSPITALIZACIÓN QUIRÚRGICA TRAUMATOLOGÍA Y ORTOPEDIA ";"6";"4";"14";"10";"18";"24";"0"
"2023";"11";"060801";"CAJAMARCA";"JAEN";"JAEN";"PRIVADO";"II-1";"00015269";"CLINICA SAN FERNANDO E.I.R.L";"241200";"HOSPITALIZACIÓN QUIRÚRGICA TRAUMATOLOGÍA Y ORTOPEDIA ";"6";"4";"14";"10";"18";"24";"0"
"2023";"11";"220506";"SAN MARTIN";"LAMAS";"PINTO RECODO";"GOBIERNO REGIONAL";"I-1";"00006344";"LA LIBERTAD BAJO MAYO";"NE_0001";"";"NE_0001";"NE_0001";"NE_0001";"NE_0001";"NE_0001";"NE_0001";"NE_0001"
"2023";"11";"220502";"SAN MARTIN";"LAMAS";"ALONSO DE ALVARADO";"GOBIERNO REGIONAL";"I-3";"00006350";"PACAYZAPA";"NE_0002";"";"NE_0002";"NE_0002";"NE_0002";"NE_0002";"NE_0002";"NE_0002";"NE_0002"
"2023";"11";"220506";"SAN MARTIN";"LAMAS";"PINTO RECODO";"GOBIERNO REGIONAL";"I-1";"00006342";"BETANIA";"NE_0001";"";"NE_0001";"NE_0001";"NE_0001";"NE_0001";"NE_0001";"NE_0001";"NE_0001"
"2023";"11";"220502";"SAN MARTIN";"LAMAS";"ALONSO DE ALVARADO";"GOBIERNO REGIONAL";"I-1";"00006351";"SAN JUAN DE PACAYZAPA";"NE_0001";"";"NE_0001";"NE_0001";"NE_0001";"NE_0001";"NE_0001";"NE_0001";"NE_0001"
"2023";"11";"220506";"SAN MARTIN";"LAMAS";"PINTO RECODO";"GOBIERNO REGIONAL";"I-1";"00006345";"MIRAFLORES";"NE_0001";"";"NE_0001";"NE_0001";"NE_0001";"NE_0001";"NE_0001";"NE_0001";"NE_0001"
"2023";"11";"150131";"LIMA";"LIMA";"SAN ISIDRO";"PRIVADO";"II-E";"00010402";"LASER VISION CENTER & ASOCIADOS S.A.C.";"NE_0001";"";"NE_0001";"NE_0001";"NE_0001";"NE_0001";"NE_0001";"NE_0001";"NE_0001"
"2023";"11";"130201";"LA LIBERTAD";"ASCOPE";"ASCOPE";"GOBIERNO REGIONAL";"II-1";"00005263";"HOSPITAL PROVINCIAL ASCOPE ""ROSA SANCHEZ DE SANTILLAN""";"241400";"HOSPITALIZACIÓN QUIRÚRGICA GINECO - OBSTETRICIA ";"6";"6";"14";"6";"2";"60";"0"
"2023";"11";"130201";"LA LIBERTAD";"ASCOPE";"ASCOPE";"GOBIERNO REGIONAL";"II-1";"00005263";"HOSPITAL PROVINCIAL ASCOPE ""ROSA SANCHEZ DE SANTILLAN""";"241600";"HOSPITALIZACIÓN QUIRÚRGICA OBSTETRICIA   ";"6";"7";"7";"7";"3";"90";"0"
"2023";"11";"130201";"LA LIBERTAD";"ASCOPE";"ASCOPE";"GOBIERNO REGIONAL";"II-1";"00005263";"HOSPITAL PROVINCIAL ASCOPE ""ROSA SANCHEZ DE SANTILLAN""";"241800";"HOSPITALIZACIÓN DE MEDICINA MEDICINA GENERAL ";"10";"10";"51";"10";"15";"450";"0"
"2023";"11";"150130";"LIMA";"LIMA";"SAN BORJA";"PRIVADO";"0";"00012366";"MISION MEDICA SAC";"NE_0001";"";"NE_0001";"NE_0001";"NE_0001";"NE_0001";"NE_0001";"NE_0001";"NE_0001"
"2023";"11";"021201";"ANCASH";"HUAYLAS";"CARAZ";"GOBIERNO REGIONAL";"II-1";"00001587";"HOSPITAL DE APOYO CARAZ";"241800";"HOSPITALIZACIÓN DE MEDICINA MEDICINA GENERAL ";"19";"17";"55";"66";"16";"496";"4"
"2023";"11";"021201";"ANCASH";"HUAYLAS";"CARAZ";"GOBIERNO REGIONAL";"II-1";"00001587";"HOSPITAL DE APOYO CARAZ";"240100";"HOSPITALIZACIÓN QUIRÚRGICA CIRUGÍA GENERAL ";"16";"19";"80";"58";"6";"186";"0"
"2023";"11";"021201";"ANCASH";"HUAYLAS";"CARAZ";"GOBIERNO REGIONAL";"II-1";"00001587";"HOSPITAL DE APOYO CARAZ";"242500";"HOSPITALIZACIÓN-PEDIATRÍA GENERAL-";"12";"10";"20";"27";"9";"279";"0"
"2023";"11";"021201";"ANCASH";"HUAYLAS";"CARAZ";"GOBIERNO REGIONAL";"II-1";"00001587";"HOSPITAL DE APOYO CARAZ";"241500";"HOSPITALIZACIÓN QUIRÚRGICA GINECOLOGÍA  ";"42";"44";"71";"41";"6";"93";"0"
"2023";"11";"021201";"ANCASH";"HUAYLAS";"CARAZ";"GOBIERNO REGIONAL";"II-1";"00001587";"HOSPITAL DE APOYO CARAZ";"241500";"HOSPITALIZACIÓN QUIRÚRGICA GINECOLOGÍA  ";"48";"56";"106";"56";"6";"93";"0"
"2023";"11";"220502";"SAN MARTIN";"LAMAS";"ALONSO DE ALVARADO";"GOBIERNO REGIONAL";"I-1";"00007297";"ALAN GARCIA";"NE_0001";"";"NE_0001";"NE_0001";"NE_0001";"NE_0001";"NE_0001";"NE_0001";"NE_0001"
"2023";"11";"150121";"LIMA";"LIMA";"PUEBLO LIBRE";"PRIVADO";"II-E";"00021096";"CLINICA ESPECIALIZADA EN CIRUGÍA PLÁSTICA SAN AGUSTIN";"NE_0001";"";"NE_0001";"NE_0001";"NE_0001";"NE_0001";"NE_0001";"NE_0001";"NE_0001"
"2023";"11";"120906";"JUNIN";"CHUPACA";"SAN JUAN DE YSCOS";"GOBIERNO REGIONAL";"I-1";"00000658";"TINYARI GRANDE";"NE_0001";"";"NE_0001";"NE_0001";"NE_0001";"NE_0001";"NE_0001";"NE_0001";"NE_0001"
"2023";"11";"120905";"JUNIN";"CHUPACA";"HUAMANCACA CHICO";"GOBIERNO REGIONAL";"I-2";"00000655";"HUAMANCACA CHICO";"NE_0001";"";"NE_0001";"NE_0001";"NE_0001";"NE_0001";"NE_0001";"NE_0001";"NE_0001"
"2023";"03";"200601";"PIURA";"SULLANA";"SULLANA";"PRIVADO";"II-1";"00012262";"CLÍNICA SANTA ROSA";"240000";"HOSPITALIZACIÓN";"144";"135";"429";"574";"33";"1023";"0"
"2023";"04";"200601";"PIURA";"SULLANA";"SULLANA";"PRIVADO";"II-1";"00012262";"CLÍNICA SANTA ROSA";"240000";"HOSPITALIZACIÓN";"120";"112";"246";"364";"33";"990";"0"
"2023";"10";"040108";"AREQUIPA";"AREQUIPA";"LA JOYA";"ESSALUD";"I-2";"00013305";"POSTA MEDICA LA JOYA";"NE_0001";"";"NE_0001";"NE_0001";"NE_0001";"NE_0001";"NE_0001";"NE_0001";"NE_0001"
"2023";"10";"100101";"HUANUCO";"HUANUCO";"HUANUCO";"PRIVADO";"II-E";"00011592";"CLINICA HUANUCO E-I-R-LTDA.";"241400";"HOSPITALIZACIÓN QUIRÚRGICA GINECO - OBSTETRICIA ";"20";"20";"40";"40";"3";"50";"0"
"2023";"10";"100101";"HUANUCO";"HUANUCO";"HUANUCO";"PRIVADO";"II-E";"00011592";"CLINICA HUANUCO E-I-R-LTDA.";"245400";"HOSPITALIZACIÓN DE MEDICINA GINECOLOGIA ";"2";"2";"4";"4";"1";"26";"0"
"2023";"10";"100101";"HUANUCO";"HUANUCO";"HUANUCO";"PRIVADO";"II-E";"00011592";"CLINICA HUANUCO E-I-R-LTDA.";"241200";"HOSPITALIZACIÓN QUIRÚRGICA TRAUMATOLOGÍA Y ORTOPEDIA ";"9";"9";"18";"18";"2";"42";"0"
"2023";"10";"100101";"HUANUCO";"HUANUCO";"HUANUCO";"PRIVADO";"II-E";"00011592";"CLINICA HUANUCO E-I-R-LTDA.";"240100";"HOSPITALIZACIÓN QUIRÚRGICA CIRUGÍA GENERAL ";"13";"13";"32";"32";"3";"58";"0"
"2023";"10";"100101";"HUANUCO";"HUANUCO";"HUANUCO";"PRIVADO";"II-E";"00011592";"CLINICA HUANUCO E-I-R-LTDA.";"241300";"HOSPITALIZACIÓN QUIRÚRGICA UROLOGÍA  ";"13";"13";"45";"45";"3";"48";"0"
"2023";"10";"100101";"HUANUCO";"HUANUCO";"HUANUCO";"PRIVADO";"II-E";"00011592";"CLINICA HUANUCO E-I-R-LTDA.";"244300";"HOSPITALIZACIÓN DE MEDICINA GASTROENTEROLOGÍA  ";"1";"1";"2";"2";"1";"28";"0"
"2023";"10";"100101";"HUANUCO";"HUANUCO";"HUANUCO";"PRIVADO";"II-E";"00011592";"CLINICA HUANUCO E-I-R-LTDA.";"241900";"HOSPITALIZACIÓN DE MEDICINA MEDICINA INTERNA ";"9";"9";"22";"22";"2";"38";"0"
"2023";"10";"100101";"HUANUCO";"HUANUCO";"HUANUCO";"PRIVADO";"II-E";"00011592";"CLINICA HUANUCO E-I-R-LTDA.";"241100";"HOSPITALIZACIÓN QUIRÚRGICA OTORRINOLARINGOLOGÍA  ";"6";"6";"15";"15";"1";"18";"0"
"2023";"10";"150130";"LIMA";"LIMA";"SAN BORJA";"SANIDAD DEL EJERCITO DEL PERU";"I-3";"00014889";"CENTRO DE SALUD MILITAR DEL CUARTEL GENERAL DEL EJERCITO-SAN BORJA";"NE_0001";"";"NE_0001";"NE_0001";"NE_0001";"NE_0001";"NE_0001";"NE_0001";"NE_0001"
"2023";"10";"050401";"AYACUCHO";"HUANTA";"HUANTA";"SANIDAD DE LA POLICIA NACIONAL DEL PERU";"I-2";"00011437";"POSTA MEDICA PNP HUANTA";"NE_0001";"";"NE_0001";"NE_0001";"NE_0001";"NE_0001";"NE_0001";"NE_0001";"NE_0001"
"2023";"10";"090203";"HUANCAVELICA";"ACOBAMBA";"ANTA";"GOBIERNO REGIONAL";"I-1";"00003941";"PUESTO DE SALUD MANYACC";"NE_0001";"";"NE_0001";"NE_0001";"NE_0001";"NE_0001";"NE_0001";"NE_0001";"NE_0001"
"2023";"10";"090203";"HUANCAVELICA";"ACOBAMBA";"ANTA";"GOBIERNO REGIONAL";"I-1";"00011230";"PUESTO DE SALUD RAYANNIYOCC";"NE_0001";"";"NE_0001";"NE_0001";"NE_0001";"NE_0001";"NE_0001";"NE_0001";"NE_0001"
"2023";"10";"090203";"HUANCAVELICA";"ACOBAMBA";"ANTA";"GOBIERNO REGIONAL";"I-3";"00003939";"CENTRO DE SALUD ANTA";"NE_0001";"";"NE_0001";"NE_0001";"NE_0001";"NE_0001";"NE_0001";"NE_0001";"NE_0001"
"2023";"10";"090203";"HUANCAVELICA";"ACOBAMBA";"ANTA";"GOBIERNO REGIONAL";"I-1";"00009697";"PUESTO DE SALUD DE CASACANCHA";"NE_0001";"";"NE_0001";"NE_0001";"NE_0001";"NE_0001";"NE_0001";"NE_0001";"NE_0001"
"2023";"10";"090203";"HUANCAVELICA";"ACOBAMBA";"ANTA";"GOBIERNO REGIONAL";"I-1";"00009469";"PUESTO DE SALUD VISTA ALEGRE DE ANTA";"NE_0001";"";"NE_0001";"NE_0001";"NE_0001";"NE_0001";"NE_0001";"NE_0001";"NE_0001"
"2023";"10";"130101";"LA LIBERTAD";"TRUJILLO";"TRUJILLO";"SANIDAD DEL EJERCITO DEL PERU";"I-4";"00032053";"CENTRO DE SALUD EJERCITO PERUANO";"241200";"HOSPITALIZACIÓN QUIRÚRGICA TRAUMATOLOGÍA Y ORTOPEDIA ";"5";"3";"61";"119";"6";"180";"0"
"2023";"10";"130101";"LA LIBERTAD";"TRUJILLO";"TRUJILLO";"SANIDAD DEL EJERCITO DEL PERU";"I-4";"00032053";"CENTRO DE SALUD EJERCITO PERUANO";"241800";"HOSPITALIZACIÓN DE MEDICINA MEDICINA GENERAL ";"1";"1";"31";"149";"6";"180";"0"
"2023";"10";"060610";"CAJAMARCA";"CUTERVO";"SAN LUIS DE LUCMA";"GOBIERNO REGIONAL";"I-3";"00005038";"SAN LUIS DE LA LUCMA";"NE_0001";"";"NE_0001";"NE_0001";"NE_0001";"NE_0001";"NE_0001";"NE_0001";"NE_0001"
"2023";"10";"060610";"CAJAMARCA";"CUTERVO";"SAN LUIS DE LUCMA";"GOBIERNO REGIONAL";"I-1";"00006870";"SANTA ROSA DEL TINGO";"NE_0001";"";"NE_0001";"NE_0001";"NE_0001";"NE_0001";"NE_0001";"NE_0001";"NE_0001"
"2023";"10";"060614";"CAJAMARCA";"CUTERVO";"SOCOTA";"GOBIERNO REGIONAL";"I-1";"00006937";"MINAS DE SOCOTA";"NE_0001";"";"NE_0001";"NE_0001";"NE_0001";"NE_0001";"NE_0001";"NE_0001";"NE_0001"
"2023";"10";"060610";"CAJAMARCA";"CUTERVO";"SAN LUIS DE LUCMA";"GOBIERNO REGIONAL";"I-1";"00006853";"SAIREPAMPA";"NE_0001";"";"NE_0001";"NE_0001";"NE_0001";"NE_0001";"NE_0001";"NE_0001";"NE_0001"
"2023";"10";"060614";"CAJAMARCA";"CUTERVO";"SOCOTA";"GOBIERNO REGIONAL";"I-1";"00011258";"RINCONADA MIRAFLORES";"NE_0001";"";"NE_0001";"NE_0001";"NE_0001";"NE_0001";"NE_0001";"NE_0001";"NE_0001"
"2023";"10";"060614";"CAJAMARCA";"CUTERVO";"SOCOTA";"GOBIERNO REGIONAL";"I-1";"00011262";"PUQUIO DE SOCOTA";"NE_0001";"";"NE_0001";"NE_0001";"NE_0001";"NE_0001";"NE_0001";"NE_0001";"NE_0001"
"2023";"10";"060614";"CAJAMARCA";"CUTERVO";"SOCOTA";"GOBIERNO REGIONAL";"I-1";"00005032";"PAMPA LA RIOJA";"NE_0001";"";"NE_0001";"NE_0001";"NE_0001";"NE_0001";"NE_0001";"NE_0001";"NE_0001"
"2023";"10";"060614";"CAJAMARCA";"CUTERVO";"SOCOTA";"GOBIERNO REGIONAL";"I-3";"00005040";" VIRGEN DE LA CANDELARIA ";"NE_0001";"";"NE_0001";"NE_0001";"NE_0001";"NE_0001";"NE_0001";"NE_0001";"NE_0001"
"2023";"10";"060614";"CAJAMARCA";"CUTERVO";"SOCOTA";"GOBIERNO REGIONAL";"I-1";"00005037";"CHISIGLE";"NE_0001";"";"NE_0001";"NE_0001";"NE_0001";"NE_0001";"NE_0001";"NE_0001";"NE_0001"
"2023";"10";"080701";"CUSCO";"CHUMBIVILCAS";"SANTO TOMAS";"GOBIERNO REGIONAL";"I-1";"00006981";"CCOYO";"NE_0001";"";"NE_0001";"NE_0001";"NE_0001";"NE_0001";"NE_0001";"NE_0001";"NE_0001"
"2023";"10";"080701";"CUSCO";"CHUMBIVILCAS";"SANTO TOMAS";"GOBIERNO REGIONAL";"I-1";"00006982";"MELLOTOTORA";"NE_0001";"";"NE_0001";"NE_0001";"NE_0001";"NE_0001";"NE_0001";"NE_0001";"NE_0001"
"2023";"10";"060614";"CAJAMARCA";"CUTERVO";"SOCOTA";"GOBIERNO REGIONAL";"I-1";"00007749";"CHURUMAYO";"NE_0001";"";"NE_0001";"NE_0001";"NE_0001";"NE_0001";"NE_0001";"NE_0001";"NE_0001"
"2023";"10";"060614";"CAJAMARCA";"CUTERVO";"SOCOTA";"GOBIERNO REGIONAL";"I-1";"00011061";"NUEVO ORIENTE DE SOCOTA";"NE_0001";"";"NE_0001";"NE_0001";"NE_0001";"NE_0001";"NE_0001";"NE_0001";"NE_0001"
"2023";"10";"060614";"CAJAMARCA";"CUTERVO";"SOCOTA";"GOBIERNO REGIONAL";"I-1";"00011063";"LIBERTAD LA PALMA";"NE_0001";"";"NE_0001";"NE_0001";"NE_0001";"NE_0001";"NE_0001";"NE_0001";"NE_0001"
"2023";"10";"080701";"CUSCO";"CHUMBIVILCAS";"SANTO TOMAS";"GOBIERNO REGIONAL";"I-2";"00008915";"PFULLPURI CONDEPAMPA";"NE_0001";"";"NE_0001";"NE_0001";"NE_0001";"NE_0001";"NE_0001";"NE_0001";"NE_0001"
"2023";"10";"060610";"CAJAMARCA";"CUTERVO";"SAN LUIS DE LUCMA";"GOBIERNO REGIONAL";"I-1";"00005039";"SANTO DOMINGO DE LA LUCMA";"NE_0001";"";"NE_0001";"NE_0001";"NE_0001";"NE_0001";"NE_0001";"NE_0001";"NE_0001"
"2023";"10";"080701";"CUSCO";"CHUMBIVILCAS";"SANTO TOMAS";"GOBIERNO REGIONAL";"I-1";"00006983";"ORCCOMA";"NE_0001";"";"NE_0001";"NE_0001";"NE_0001";"NE_0001";"NE_0001";"NE_0001";"NE_0001"
"2023";"10";"060614";"CAJAMARCA";"CUTERVO";"SOCOTA";"GOBIERNO REGIONAL";"I-1";"00005041";"MOCHADIN";"NE_0001";"";"NE_0001";"NE_0001";"NE_0001";"NE_0001";"NE_0001";"NE_0001";"NE_0001"
"2023";"10";"080707";"CUSCO";"CHUMBIVILCAS";"QUIÑOTA";"GOBIERNO REGIONAL";"I-1";"00007112";"YORENCCA";"NE_0001";"";"NE_0001";"NE_0001";"NE_0001";"NE_0001";"NE_0001";"NE_0001";"NE_0001"
"2023";"10";"060614";"CAJAMARCA";"CUTERVO";"SOCOTA";"GOBIERNO REGIONAL";"I-1";"00006866";"CUÑANQUE";"NE_0001";"";"NE_0001";"NE_0001";"NE_0001";"NE_0001";"NE_0001";"NE_0001";"NE_0001"
"2023";"10";"080704";"CUSCO";"CHUMBIVILCAS";"COLQUEMARCA";"GOBIERNO REGIONAL";"I-1";"00008913";"HUARACO";"NE_0001";"";"NE_0001";"NE_0001";"NE_0001";"NE_0001";"NE_0001";"NE_0001";"NE_0001"
"2023";"10";"080701";"CUSCO";"CHUMBIVILCAS";"SANTO TOMAS";"GOBIERNO REGIONAL";"I-2";"00002400";"ALHUACCHULLO";"NE_0001";"";"NE_0001";"NE_0001";"NE_0001";"NE_0001";"NE_0001";"NE_0001";"NE_0001"
"2023";"10";"120427";"JUNIN";"JAUJA";"RICRAN";"GOBIERNO REGIONAL";"I-1";"00000421";"APAYCANCHA";"NE_0001";"";"NE_0001";"NE_0001";"NE_0001";"NE_0001";"NE_0001";"NE_0001";"NE_0001"
"2023";"10";"120424";"JUNIN";"JAUJA";"PANCAN";"GOBIERNO REGIONAL";"I-1";"00000417";"PANCAN";"NE_0001";"";"NE_0001";"NE_0001";"NE_0001";"NE_0001";"NE_0001";"NE_0001";"NE_0001"
"2023";"10";"120429";"JUNIN";"JAUJA";"SAN PEDRO DE CHUNAN";"GOBIERNO REGIONAL";"I-1";"00000422";"SAN PEDRO DE CHUNAN";"NE_0001";"";"NE_0001";"NE_0001";"NE_0001";"NE_0001";"NE_0001";"NE_0001";"NE_0001"
"2023";"10";"150131";"LIMA";"LIMA";"SAN ISIDRO";"PRIVADO";"II-E";"00009933";"CLINICA OFTALMOLOGICA MACULA D&T";"NE_0001";"";"NE_0001";"NE_0001";"NE_0001";"NE_0001";"NE_0001";"NE_0001";"NE_0001"
"2023";"10";"040101";"AREQUIPA";"AREQUIPA";"AREQUIPA";"GOBIERNO REGIONAL";"III-2";"00007397";"INSTITUTO REGIONAL DE ENFERMEDADES NEOPLASICAS DEL SUR";"240000";"HOSPITALIZACIÓN";"116";"108";"761";"819";"36";"1116";"12"
"2023";"10";"040101";"AREQUIPA";"AREQUIPA";"AREQUIPA";"GOBIERNO REGIONAL";"III-2";"00007397";"INSTITUTO REGIONAL DE ENFERMEDADES NEOPLASICAS DEL SUR";"250100";"UNIDAD DE CUIDADOS CRITICOS UNIDAD  DE CUIDADOS INTENSIVOS GENERALES (UCI) ";"2";"1";"5";"48";"2";"62";"1"
"2023";"10";"150111";"LIMA";"LIMA";"EL AGUSTINO";"PRIVADO";"II-E";"00026299";"CLINICA ONCOVIDA";"240000";"HOSPITALIZACIÓN";"31";"31";"36";"36";"11";"305";"0"
"2023";"10";"110201";"ICA";"CHINCHA";"CHINCHA ALTA";"PRIVADO";"II-E";"00025160";"CLIN. DANIEL A. CARRION";"NE_0001";"";"NE_0001";"NE_0001";"NE_0001";"NE_0001";"NE_0001";"NE_0001";"NE_0001"
"2023";"05";"130101";"LA LIBERTAD";"TRUJILLO";"TRUJILLO";"PRIVADO";"II-E";"00021768";"CLINICA PROSALUD";"241400";"HOSPITALIZACIÓN QUIRÚRGICA GINECO - OBSTETRICIA ";"126";"126";"144";"166";"7";"180";"0"
"2023";"05";"130101";"LA LIBERTAD";"TRUJILLO";"TRUJILLO";"PRIVADO";"II-E";"00021768";"CLINICA PROSALUD";"240100";"HOSPITALIZACIÓN QUIRÚRGICA CIRUGÍA GENERAL ";"137";"137";"152";"175";"10";"240";"0"
"2023";"11";"021307";"ANCASH";"MARISCAL LUZURIAGA";"LUCMA";"GOBIERNO REGIONAL";"0";"00017687";"P. S. MASQUI";"NE_0002";"";"NE_0002";"NE_0002";"NE_0002";"NE_0002";"NE_0002";"NE_0002";"NE_0002"
"2023";"11";"020101";"ANCASH";"HUARAZ";"HUARAZ";"SANIDAD DE LA POLICIA NACIONAL DEL PERU";"I-3";"00010205";"POLICLINICO PNP HUARAZ";"NE_0001";"";"NE_0001";"NE_0001";"NE_0001";"NE_0001";"NE_0001";"NE_0001";"NE_0001"
"2023";"11";"150122";"LIMA";"LIMA";"MIRAFLORES";"PRIVADO";"II-2";"00008746";"CLINICA GOOD HOPE";"240000";"HOSPITALIZACIÓN";"547";"529";"1374";"2110";"138";"4140";"6"
"2023";"11";"230110";"TACNA";"TACNA";"CORONEL GREGORIO ALBARRACIN L.";"ESSALUD";"I-3";"00010222";"CENTRO  DE ATENCION PRIMARIA II ""LUIS PALZA LEVANO""";"NE_0001";"";"NE_0001";"NE_0001";"NE_0001";"NE_0001";"NE_0001";"NE_0001";"NE_0001"
"2023";"05";"150113";"LIMA";"LIMA";"JESUS MARIA";"PRIVADO";"I-3";"00010439";"CENTRO CLINICO JESUS MARIA";"NE_0002";"";"NE_0002";"NE_0002";"NE_0002";"NE_0002";"NE_0002";"NE_0002";"NE_0002"
"2023";"11";"180301";"MOQUEGUA";"ILO";"ILO";"GOBIERNO REGIONAL";"II-1";"00002818";"HOSPITAL ILO";"240100";"HOSPITALIZACIÓN QUIRÚRGICA CIRUGÍA GENERAL ";"14";"14";"42";"103";"8";"240";"0"
"2023";"11";"180301";"MOQUEGUA";"ILO";"ILO";"GOBIERNO REGIONAL";"II-1";"00002818";"HOSPITAL ILO";"241200";"HOSPITALIZACIÓN QUIRÚRGICA TRAUMATOLOGÍA Y ORTOPEDIA ";"2";"2";"9";"18";"1";"30";"0"
"2023";"11";"180301";"MOQUEGUA";"ILO";"ILO";"GOBIERNO REGIONAL";"II-1";"00002818";"HOSPITAL ILO";"241800";"HOSPITALIZACIÓN DE MEDICINA MEDICINA GENERAL ";"16";"16";"85";"98";"30";"900";"2"
"2023";"11";"180301";"MOQUEGUA";"ILO";"ILO";"GOBIERNO REGIONAL";"II-1";"00002818";"HOSPITAL ILO";"242500";"HOSPITALIZACIÓN-PEDIATRÍA GENERAL-";"36";"36";"94";"76";"4";"120";"0"
"2023";"11";"180301";"MOQUEGUA";"ILO";"ILO";"GOBIERNO REGIONAL";"II-1";"00002818";"HOSPITAL ILO";"241500";"HOSPITALIZACIÓN QUIRÚRGICA GINECOLOGÍA  ";"12";"12";"42";"77";"3";"90";"0"
"2023";"11";"180301";"MOQUEGUA";"ILO";"ILO";"GOBIERNO REGIONAL";"II-1";"00002818";"HOSPITAL ILO";"243200";"HOSPITALIZACIÓN DE PEDIATRÍA PEDIATRIA NEONATOLOGÍA";"17";"17";"36";"22";"3";"90";"0"
"2023";"11";"180301";"MOQUEGUA";"ILO";"ILO";"GOBIERNO REGIONAL";"II-1";"00002818";"HOSPITAL ILO";"241400";"HOSPITALIZACIÓN QUIRÚRGICA GINECO - OBSTETRICIA ";"18";"18";"55";"114";"7";"210";"0"
"2023";"11";"180301";"MOQUEGUA";"ILO";"ILO";"GOBIERNO REGIONAL";"II-1";"00002818";"HOSPITAL ILO";"241600";"HOSPITALIZACIÓN QUIRÚRGICA OBSTETRICIA   ";"59";"59";"121";"165";"10";"300";"0"
"2023";"11";"200101";"PIURA";"PIURA";"PIURA";"ESSALUD";"I-3";"00012235";"CENTRO DE ATENCIÓN PRIMARIA CAP III METROPOLITANO- ESSALUD";"NE_0001";"";"NE_0001";"NE_0001";"NE_0001";"NE_0001";"NE_0001";"NE_0001";"NE_0001"
"2023";"11";"100501";"HUANUCO";"HUAMALIES";"LLATA";"ESSALUD";"I-3";"00027591";"POSTA MEDICA LLATA";"NE_0001";"";"NE_0001";"NE_0001";"NE_0001";"NE_0001";"NE_0001";"NE_0001";"NE_0001"
"2023";"11";"150112";"LIMA";"LIMA";"INDEPENDENCIA";"PRIVADO";"II-2";"00010182";"CLINICA JESUS DEL NORTE";"240000";"HOSPITALIZACIÓN";"564";"560";"1476";"2042";"73";"2190";"1"
"2023";"11";"150112";"LIMA";"LIMA";"INDEPENDENCIA";"PRIVADO";"II-2";"00010182";"CLINICA JESUS DEL NORTE";"250100";"UNIDAD DE CUIDADOS CRITICOS UNIDAD  DE CUIDADOS INTENSIVOS GENERALES (UCI) ";"51";"52";"112";"144";"7";"210";"4"
"2023";"08";"230302";"TACNA";"JORGE BASADRE";"ILABAYA";"PRIVADO";"I-4";"00018230";"HOSPITAL TOQUEPALA";"240100";"HOSPITALIZACIÓN QUIRÚRGICA CIRUGÍA GENERAL ";"2";"2";"17";"112";"12";"372";"0"
"2023";"08";"230302";"TACNA";"JORGE BASADRE";"ILABAYA";"PRIVADO";"I-4";"00018230";"HOSPITAL TOQUEPALA";"241800";"HOSPITALIZACIÓN DE MEDICINA MEDICINA GENERAL ";"1";"1";"4";"129";"14";"434";"0"
"2023";"11";"080914";"CUSCO";"LA CONVENCION";"MEGANTONI";"GOBIERNO REGIONAL";"I-2";"00002435";"MIARIA";"NE_0001";"";"NE_0001";"NE_0001";"NE_0001";"NE_0001";"NE_0001";"NE_0001";"NE_0001"
"2023";"11";"080914";"CUSCO";"LA CONVENCION";"MEGANTONI";"GOBIERNO REGIONAL";"I-2";"00002445";"TIMPIA";"NE_0001";"";"NE_0001";"NE_0001";"NE_0001";"NE_0001";"NE_0001";"NE_0001";"NE_0001"
"2023";"11";"080914";"CUSCO";"LA CONVENCION";"MEGANTONI";"GOBIERNO REGIONAL";"I-1";"00013067";"TANGOSHIARI";"NE_0001";"";"NE_0001";"NE_0001";"NE_0001";"NE_0001";"NE_0001";"NE_0001";"NE_0001"
"2023";"11";"080914";"CUSCO";"LA CONVENCION";"MEGANTONI";"GOBIERNO REGIONAL";"I-1";"00015235";"NUEVA VIDA";"NE_0001";"";"NE_0001";"NE_0001";"NE_0001";"NE_0001";"NE_0001";"NE_0001";"NE_0001"
"2023";"11";"080914";"CUSCO";"LA CONVENCION";"MEGANTONI";"GOBIERNO REGIONAL";"I-1";"00002436";"NUEVA LUZ";"NE_0001";"";"NE_0001";"NE_0001";"NE_0001";"NE_0001";"NE_0001";"NE_0001";"NE_0001"
"2023";"11";"080914";"CUSCO";"LA CONVENCION";"MEGANTONI";"GOBIERNO REGIONAL";"I-1";"00013066";"MONTETONI";"NE_0001";"";"NE_0001";"NE_0001";"NE_0001";"NE_0001";"NE_0001";"NE_0001";"NE_0001"
"2023";"11";"080914";"CUSCO";"LA CONVENCION";"MEGANTONI";"GOBIERNO REGIONAL";"I-1";"00015843";"CASHIRIARI";"NE_0001";"";"NE_0001";"NE_0001";"NE_0001";"NE_0001";"NE_0001";"NE_0001";"NE_0001"
"2023";"11";"080914";"CUSCO";"LA CONVENCION";"MEGANTONI";"GOBIERNO REGIONAL";"I-1";"00015844";"CAMANA";"NE_0001";"";"NE_0001";"NE_0001";"NE_0001";"NE_0001";"NE_0001";"NE_0001";"NE_0001"
"2023";"11";"080914";"CUSCO";"LA CONVENCION";"MEGANTONI";"GOBIERNO REGIONAL";"I-2";"00002437";"NUEVO MUNDO";"NE_0001";"";"NE_0001";"NE_0001";"NE_0001";"NE_0001";"NE_0001";"NE_0001";"NE_0001"
"2023";"11";"080914";"CUSCO";"LA CONVENCION";"MEGANTONI";"GOBIERNO REGIONAL";"I-1";"00002428";"CHOCORIARI";"NE_0001";"";"NE_0001";"NE_0001";"NE_0001";"NE_0001";"NE_0001";"NE_0001";"NE_0001"
"2023";"11";"080914";"CUSCO";"LA CONVENCION";"MEGANTONI";"GOBIERNO REGIONAL";"I-1";"00002441";"PUERTO HUALLANA";"NE_0001";"";"NE_0001";"NE_0001";"NE_0001";"NE_0001";"NE_0001";"NE_0001";"NE_0001"
"2023";"11";"080914";"CUSCO";"LA CONVENCION";"MEGANTONI";"GOBIERNO REGIONAL";"I-1";"00002442";"PUERTO RICO";"NE_0001";"";"NE_0001";"NE_0001";"NE_0001";"NE_0001";"NE_0001";"NE_0001";"NE_0001"
"2023";"09";"021101";"ANCASH";"HUARMEY";"HUARMEY";"ESSALUD";"I-3";"00009059";"CENTRO MEDICO HUARMEY";"NE_0001";"";"NE_0001";"NE_0001";"NE_0001";"NE_0001";"NE_0001";"NE_0001";"NE_0001"
"2023";"09";"180106";"MOQUEGUA";"MARISCAL NIETO";"TORATA";"ESSALUD";"I-3";"00016151";"CENTRO DE ATENCION PRIMARIA II TORATA";"NE_0001";"";"NE_0001";"NE_0001";"NE_0001";"NE_0001";"NE_0001";"NE_0001";"NE_0001"
"2023";"09";"150136";"LIMA";"LIMA";"SAN MIGUEL";"ESSALUD";"II-1";"00008564";"HOSPITAL I OCTAVIO MONGRUT MUÑOZ";"241900";"HOSPITALIZACIÓN DE MEDICINA MEDICINA INTERNA ";"57";"61";"361";"381";"14";"413";"5"
"2023";"09";"150136";"LIMA";"LIMA";"SAN MIGUEL";"ESSALUD";"II-1";"00008564";"HOSPITAL I OCTAVIO MONGRUT MUÑOZ";"240100";"HOSPITALIZACIÓN QUIRÚRGICA CIRUGÍA GENERAL ";"47";"50";"70";"65";"4";"119";"0"
"2023";"09";"150136";"LIMA";"LIMA";"SAN MIGUEL";"ESSALUD";"II-1";"00008564";"HOSPITAL I OCTAVIO MONGRUT MUÑOZ";"241500";"HOSPITALIZACIÓN QUIRÚRGICA GINECOLOGÍA  ";"22";"16";"45";"48";"2";"62";"0"
"2023";"09";"150136";"LIMA";"LIMA";"SAN MIGUEL";"ESSALUD";"II-1";"00008564";"HOSPITAL I OCTAVIO MONGRUT MUÑOZ";"241600";"HOSPITALIZACIÓN QUIRÚRGICA OBSTETRICIA   ";"91";"81";"162";"164";"8";"238";"0"
"2023";"09";"150136";"LIMA";"LIMA";"SAN MIGUEL";"ESSALUD";"II-1";"00008564";"HOSPITAL I OCTAVIO MONGRUT MUÑOZ";"242300";"HOSPITALIZACIÓN DE PEDIATRÍA  PEDIATRÍA  GENERAL ";"61";"60";"155";"153";"8";"237";"0"
"2023";"09";"060801";"CAJAMARCA";"JAEN";"JAEN";"PRIVADO";"II-1";"00015269";"CLINICA SAN FERNANDO E.I.R.L";"241800";"HOSPITALIZACIÓN DE MEDICINA MEDICINA GENERAL ";"3";"2";"16";"5";"18";"24";"0"
"2023";"09";"060801";"CAJAMARCA";"JAEN";"JAEN";"PRIVADO";"II-1";"00015269";"CLINICA SAN FERNANDO E.I.R.L";"241900";"HOSPITALIZACIÓN DE MEDICINA MEDICINA INTERNA ";"4";"2";"12";"6";"18";"24";"0"
"2023";"09";"060801";"CAJAMARCA";"JAEN";"JAEN";"PRIVADO";"II-1";"00015269";"CLINICA SAN FERNANDO E.I.R.L";"241200";"HOSPITALIZACIÓN QUIRÚRGICA TRAUMATOLOGÍA Y ORTOPEDIA ";"5";"4";"1";"12";"18";"24";"0"
"2023";"09";"060801";"CAJAMARCA";"JAEN";"JAEN";"PRIVADO";"II-1";"00015269";"CLINICA SAN FERNANDO E.I.R.L";"241200";"HOSPITALIZACIÓN QUIRÚRGICA TRAUMATOLOGÍA Y ORTOPEDIA ";"6";"4";"14";"10";"18";"24";"0"
"2023";"09";"060801";"CAJAMARCA";"JAEN";"JAEN";"PRIVADO";"II-1";"00015269";"CLINICA SAN FERNANDO E.I.R.L";"241200";"HOSPITALIZACIÓN QUIRÚRGICA TRAUMATOLOGÍA Y ORTOPEDIA ";"6";"4";"14";"10";"18";"24";"0"
"2023";"09";"240101";"TUMBES";"TUMBES";"TUMBES";"SANIDAD DEL EJERCITO DEL PERU";"I-3";"00011996";"CENTRO DE SALUD MILITAR VIRGEN DE FÁTIMA DE LA 9ª BRIGADA BLINDADA";"NE_0001";"";"NE_0001";"NE_0001";"NE_0001";"NE_0001";"NE_0001";"NE_0001";"NE_0001"
"2023";"10";"130101";"LA LIBERTAD";"TRUJILLO";"TRUJILLO";"PRIVADO";"II-1";"00012301";"CLINICA SAN ANTONIO";"242400";"HOSPITALIZACIÓN DE PEDIATRÍA ADOLESCENTES ";"4";"10";"42";"168";"59";"168";"0"
"2023";"10";"130101";"LA LIBERTAD";"TRUJILLO";"TRUJILLO";"PRIVADO";"II-1";"00012301";"CLINICA SAN ANTONIO";"241300";"HOSPITALIZACIÓN QUIRÚRGICA UROLOGÍA  ";"1";"1";"5";"5";"4";"5";"0"
"2023";"10";"130101";"LA LIBERTAD";"TRUJILLO";"TRUJILLO";"PRIVADO";"II-1";"00012301";"CLINICA SAN ANTONIO";"241800";"HOSPITALIZACIÓN DE MEDICINA MEDICINA GENERAL ";"13";"10";"45";"585";"100";"585";"0"
"2023";"10";"130101";"LA LIBERTAD";"TRUJILLO";"TRUJILLO";"PRIVADO";"II-1";"00012301";"CLINICA SAN ANTONIO";"240000";"HOSPITALIZACIÓN";"1";"1";"3";"3";"2";"3";"0"
"2023";"10";"130101";"LA LIBERTAD";"TRUJILLO";"TRUJILLO";"PRIVADO";"II-1";"00012301";"CLINICA SAN ANTONIO";"250100";"UNIDAD DE CUIDADOS CRITICOS UNIDAD  DE CUIDADOS INTENSIVOS GENERALES (UCI) ";"2";"2";"12";"24";"20";"24";"0"
"2023";"10";"130101";"LA LIBERTAD";"TRUJILLO";"TRUJILLO";"PRIVADO";"II-1";"00012301";"CLINICA SAN ANTONIO";"241900";"HOSPITALIZACIÓN DE MEDICINA MEDICINA INTERNA ";"28";"31";"64";"1792";"1";"1792";"0"
"2023";"10";"130101";"LA LIBERTAD";"TRUJILLO";"TRUJILLO";"PRIVADO";"II-1";"00012301";"CLINICA SAN ANTONIO";"240400";"HOSPITALIZACIÓN QUIRÚRGICA CIRUGÍA DE TÓRAX Y CARDIOVASCULAR ";"3";"3";"12";"36";"30";"36";"0"
"2023";"10";"130101";"LA LIBERTAD";"TRUJILLO";"TRUJILLO";"PRIVADO";"II-1";"00012301";"CLINICA SAN ANTONIO";"240800";"HOSPITALIZACIÓN QUIRÚRGICA CIRUGÍA PLÁSTICA/RECONSTRUCTIVA/ REPARADORA ";"5";"2";"18";"90";"70";"90";"0"
"2023";"10";"130101";"LA LIBERTAD";"TRUJILLO";"TRUJILLO";"PRIVADO";"II-1";"00012301";"CLINICA SAN ANTONIO";"240900";"HOSPITALIZACIÓN QUIRÚRGICA NEUROCIRUGÍA ";"1";"1";"2";"2";"1";"2";"0"
"2023";"10";"130101";"LA LIBERTAD";"TRUJILLO";"TRUJILLO";"PRIVADO";"II-1";"00012301";"CLINICA SAN ANTONIO";"241200";"HOSPITALIZACIÓN QUIRÚRGICA TRAUMATOLOGÍA Y ORTOPEDIA ";"13";"15";"42";"546";"150";"546";"0"
"2023";"10";"130101";"LA LIBERTAD";"TRUJILLO";"TRUJILLO";"PRIVADO";"II-1";"00012301";"CLINICA SAN ANTONIO";"244300";"HOSPITALIZACIÓN DE MEDICINA GASTROENTEROLOGÍA  ";"12";"9";"10";"120";"46";"120";"0"
"2023";"10";"130101";"LA LIBERTAD";"TRUJILLO";"TRUJILLO";"PRIVADO";"II-1";"00012301";"CLINICA SAN ANTONIO";"245400";"HOSPITALIZACIÓN DE MEDICINA GINECOLOGIA ";"5";"5";"44";"220";"204";"220";"0"
"2023";"10";"220101";"SAN MARTIN";"MOYOBAMBA";"MOYOBAMBA";"GOBIERNO REGIONAL";"I-1";"00006330";"SANTA ROSA DE OROMINA";"NE_0001";"";"NE_0001";"NE_0001";"NE_0001";"NE_0001";"NE_0001";"NE_0001";"NE_0001"
"2023";"10";"220102";"SAN MARTIN";"MOYOBAMBA";"CALZADA";"GOBIERNO REGIONAL";"I-3";"00006326";"CALZADA";"NE_0001";"";"NE_0001";"NE_0001";"NE_0001";"NE_0001";"NE_0001";"NE_0001";"NE_0001"
"2023";"10";"220104";"SAN MARTIN";"MOYOBAMBA";"JEPELACIO";"GOBIERNO REGIONAL";"I-1";"00006329";"OCHAME";"NE_0001";"";"NE_0001";"NE_0001";"NE_0001";"NE_0001";"NE_0001";"NE_0001";"NE_0001"
"2023";"10";"130102";"LA LIBERTAD";"TRUJILLO";"EL PORVENIR";"ESSALUD";"I-4";"00009041";"CENTRO DE SALUD CON INTERNAMIENTO EL PORVENIR";"241800";"HOSPITALIZACIÓN DE MEDICINA MEDICINA GENERAL ";"28";"28";"128";"145";"6";"186";"0"
"2023";"10";"130102";"LA LIBERTAD";"TRUJILLO";"EL PORVENIR";"ESSALUD";"I-4";"00009041";"CENTRO DE SALUD CON INTERNAMIENTO EL PORVENIR";"240100";"HOSPITALIZACIÓN QUIRÚRGICA CIRUGÍA GENERAL ";"4";"6";"64";"57";"2";"62";"0"
"2023";"10";"130102";"LA LIBERTAD";"TRUJILLO";"EL PORVENIR";"ESSALUD";"I-4";"00009041";"CENTRO DE SALUD CON INTERNAMIENTO EL PORVENIR";"241400";"HOSPITALIZACIÓN QUIRÚRGICA GINECO - OBSTETRICIA ";"8";"6";"37";"40";"2";"62";"0"
"2023";"10";"130101";"LA LIBERTAD";"TRUJILLO";"TRUJILLO";"PRIVADO";"I-3";"00027028";"EL GALENO DE ICA";"NE_0001";"";"NE_0001";"NE_0001";"NE_0001";"NE_0001";"NE_0001";"NE_0001";"NE_0001"
"2023";"10";"060809";"CAJAMARCA";"JAEN";"SALLIQUE";"GOBIERNO REGIONAL";"I-2";"00004253";"LA UNION";"NE_0001";"";"NE_0001";"NE_0001";"NE_0001";"NE_0001";"NE_0001";"NE_0001";"NE_0001"
"2023";"10";"060809";"CAJAMARCA";"JAEN";"SALLIQUE";"GOBIERNO REGIONAL";"I-1";"00009967";"CHALANMACHE";"NE_0001";"";"NE_0001";"NE_0001";"NE_0001";"NE_0001";"NE_0001";"NE_0001";"NE_0001"
"2023";"10";"060809";"CAJAMARCA";"JAEN";"SALLIQUE";"GOBIERNO REGIONAL";"I-1";"00004251";"MAZIN";"NE_0001";"";"NE_0001";"NE_0001";"NE_0001";"NE_0001";"NE_0001";"NE_0001";"NE_0001"
"2023";"10";"150131";"LIMA";"LIMA";"SAN ISIDRO";"PRIVADO";"II-2";"00012633";"CLINICA JAVIER PRADO";"240100";"HOSPITALIZACIÓN QUIRÚRGICA CIRUGÍA GENERAL ";"159";"154";"521";"580";"52";"1612";"0"
"2023";"10";"150131";"LIMA";"LIMA";"SAN ISIDRO";"PRIVADO";"II-2";"00012633";"CLINICA JAVIER PRADO";"241400";"HOSPITALIZACIÓN QUIRÚRGICA GINECO - OBSTETRICIA ";"46";"49";"129";"197";"16";"496";"0"
"2023";"10";"150131";"LIMA";"LIMA";"SAN ISIDRO";"PRIVADO";"II-2";"00012633";"CLINICA JAVIER PRADO";"241900";"HOSPITALIZACIÓN DE MEDICINA MEDICINA INTERNA ";"167";"158";"512";"665";"54";"1674";"5"
"2023";"10";"150131";"LIMA";"LIMA";"SAN ISIDRO";"PRIVADO";"II-2";"00012633";"CLINICA JAVIER PRADO";"242300";"HOSPITALIZACIÓN DE PEDIATRÍA  PEDIATRÍA  GENERAL ";"72";"77";"250";"287";"39";"1209";"0"
"2023";"10";"120906";"JUNIN";"CHUPACA";"SAN JUAN DE YSCOS";"GOBIERNO REGIONAL";"I-1";"00000658";"TINYARI GRANDE";"NE_0001";"";"NE_0001";"NE_0001";"NE_0001";"NE_0001";"NE_0001";"NE_0001";"NE_0001"
"2023";"10";"120905";"JUNIN";"CHUPACA";"HUAMANCACA CHICO";"GOBIERNO REGIONAL";"I-2";"00000655";"HUAMANCACA CHICO";"NE_0001";"";"NE_0001";"NE_0001";"NE_0001";"NE_0001";"NE_0001";"NE_0001";"NE_0001"
"2023";"10";"120906";"JUNIN";"CHUPACA";"SAN JUAN DE YSCOS";"GOBIERNO REGIONAL";"I-2";"00000656";"SAN JUAN DE ISCOS";"NE_0001";"";"NE_0001";"NE_0001";"NE_0001";"NE_0001";"NE_0001";"NE_0001";"NE_0001"
"2023";"10";"120902";"JUNIN";"CHUPACA";"AHUAC";"GOBIERNO REGIONAL";"I-2";"00000647";"AHUAC";"NE_0001";"";"NE_0001";"NE_0001";"NE_0001";"NE_0001";"NE_0001";"NE_0001";"NE_0001"
"2023";"10";"120901";"JUNIN";"CHUPACA";"CHUPACA";"GOBIERNO REGIONAL";"I-4";"00000646";"PEDRO SANCHEZ MEZA";"NE_0001";"";"NE_0001";"NE_0001";"NE_0001";"NE_0001";"NE_0001";"NE_0001";"NE_0001"
"2023";"10";"120902";"JUNIN";"CHUPACA";"AHUAC";"GOBIERNO REGIONAL";"I-1";"00000648";"HUARISCA";"NE_0001";"";"NE_0001";"NE_0001";"NE_0001";"NE_0001";"NE_0001";"NE_0001";"NE_0001"
"2023";"10";"120903";"JUNIN";"CHUPACA";"CHONGOS BAJO";"GOBIERNO REGIONAL";"I-3";"00000649";"CHONGOS BAJO";"NE_0001";"";"NE_0001";"NE_0001";"NE_0001";"NE_0001";"NE_0001";"NE_0001";"NE_0001"
"2023";"08";"220805";"SAN MARTIN";"RIOJA";"PARDO MIGUEL";"GOBIERNO REGIONAL";"I-1";"00006310";"PERLA DEL MAYO";"NE_0001";"";"NE_0001";"NE_0001";"NE_0001";"NE_0001";"NE_0001";"NE_0001";"NE_0001"
"2023";"08";"220805";"SAN MARTIN";"RIOJA";"PARDO MIGUEL";"GOBIERNO REGIONAL";"I-1";"00006309";"TUMBARO";"NE_0001";"";"NE_0001";"NE_0001";"NE_0001";"NE_0001";"NE_0001";"NE_0001";"NE_0001"
"2023";"08";"220805";"SAN MARTIN";"RIOJA";"PARDO MIGUEL";"GOBIERNO REGIONAL";"I-1";"00006308";"SAN AGUSTIN";"NE_0001";"";"NE_0001";"NE_0001";"NE_0001";"NE_0001";"NE_0001";"NE_0001";"NE_0001"
"2023";"08";"220805";"SAN MARTIN";"RIOJA";"PARDO MIGUEL";"GOBIERNO REGIONAL";"I-1";"00006307";"PIONEROS BAJO (SAN JUAN DEL MAYO)";"NE_0001";"";"NE_0001";"NE_0001";"NE_0001";"NE_0001";"NE_0001";"NE_0001";"NE_0001"
"2023";"08";"220805";"SAN MARTIN";"RIOJA";"PARDO MIGUEL";"GOBIERNO REGIONAL";"I-1";"00006306";"EL MIRADOR";"NE_0001";"";"NE_0001";"NE_0001";"NE_0001";"NE_0001";"NE_0001";"NE_0001";"NE_0001"
"2023";"08";"220805";"SAN MARTIN";"RIOJA";"PARDO MIGUEL";"GOBIERNO REGIONAL";"I-2";"00006305";"AGUAS VERDES";"NE_0001";"";"NE_0001";"NE_0001";"NE_0001";"NE_0001";"NE_0001";"NE_0001";"NE_0001"
"2023";"08";"220805";"SAN MARTIN";"RIOJA";"PARDO MIGUEL";"GOBIERNO REGIONAL";"I-2";"00006304";"AGUAS CLARAS";"NE_0001";"";"NE_0001";"NE_0001";"NE_0001";"NE_0001";"NE_0001";"NE_0001";"NE_0001"
"2023";"08";"220805";"SAN MARTIN";"RIOJA";"PARDO MIGUEL";"GOBIERNO REGIONAL";"I-4";"00006303";"CENTRO DE NARANJOS";"241600";"HOSPITALIZACIÓN QUIRÚRGICA OBSTETRICIA   ";"10";"10";"10";"30";"6";"180";"0"
"2023";"08";"220805";"SAN MARTIN";"RIOJA";"PARDO MIGUEL";"GOBIERNO REGIONAL";"I-4";"00006303";"CENTRO DE NARANJOS";"241800";"HOSPITALIZACIÓN DE MEDICINA MEDICINA GENERAL ";"9";"9";"26";"26";"3";"30";"0"
"2023";"10";"220202";"SAN MARTIN";"BELLAVISTA";"ALTO BIAVO";"GOBIERNO REGIONAL";"I-1";"00006525";"CUZCO";"NE_0002";"";"NE_0002";"NE_0002";"NE_0002";"NE_0002";"NE_0002";"NE_0002";"NE_0002"
"2023";"11";"110101";"ICA";"ICA";"ICA";"PRIVADO";"I-3";"00009648";"TATAJE  DI FLORIO SAC";"NE_0002";"";"NE_0002";"NE_0002";"NE_0002";"NE_0002";"NE_0002";"NE_0002";"NE_0002"
"2023";"11";"090206";"HUANCAVELICA";"ACOBAMBA";"PAUCARA";"GOBIERNO REGIONAL";"I-3";"00003931";"TINQUERCCASA";"NE_0001";"";"NE_0001";"NE_0001";"NE_0001";"NE_0001";"NE_0001";"NE_0001";"NE_0001"
"2023";"11";"090206";"HUANCAVELICA";"ACOBAMBA";"PAUCARA";"GOBIERNO REGIONAL";"I-1";"00003932";"PUESTO DE SALUD HUACHHUA";"NE_0001";"";"NE_0001";"NE_0001";"NE_0001";"NE_0001";"NE_0001";"NE_0001";"NE_0001"
"2023";"11";"090206";"HUANCAVELICA";"ACOBAMBA";"PAUCARA";"GOBIERNO REGIONAL";"I-2";"00006823";"PUESTO DE SALUD CHOPCCAPAMPA";"NE_0001";"";"NE_0001";"NE_0001";"NE_0001";"NE_0001";"NE_0001";"NE_0001";"NE_0001"
"2023";"11";"090206";"HUANCAVELICA";"ACOBAMBA";"PAUCARA";"GOBIERNO REGIONAL";"I-1";"00009696";"PUESTO DE SALUD LIBERTADORES DE CHOPCCA";"NE_0001";"";"NE_0001";"NE_0001";"NE_0001";"NE_0001";"NE_0001";"NE_0001";"NE_0001"
"2023";"11";"090206";"HUANCAVELICA";"ACOBAMBA";"PAUCARA";"GOBIERNO REGIONAL";"I-3";"00003931";"TINQUERCCASA";"NE_0001";"";"NE_0001";"NE_0001";"NE_0001";"NE_0001";"NE_0001";"NE_0001";"NE_0001"
"2023";"11";"150132";"LIMA";"LIMA";"SAN JUAN DE LURIGANCHO";"MINSA";"II-2";"00005617";"HOSPITAL SAN JUAN DE LURIGANCHO";"240100";"HOSPITALIZACIÓN QUIRÚRGICA CIRUGÍA GENERAL ";"180";"133";"465";"525";"20";"600";"0"
"2023";"11";"150132";"LIMA";"LIMA";"SAN JUAN DE LURIGANCHO";"MINSA";"II-2";"00005617";"HOSPITAL SAN JUAN DE LURIGANCHO";"241500";"HOSPITALIZACIÓN QUIRÚRGICA GINECOLOGÍA  ";"67";"51";"161";"178";"7";"210";"0"
"2023";"11";"150132";"LIMA";"LIMA";"SAN JUAN DE LURIGANCHO";"MINSA";"II-2";"00005617";"HOSPITAL SAN JUAN DE LURIGANCHO";"241600";"HOSPITALIZACIÓN QUIRÚRGICA OBSTETRICIA   ";"229";"226";"455";"473";"18";"540";"0"
"2023";"11";"150132";"LIMA";"LIMA";"SAN JUAN DE LURIGANCHO";"MINSA";"II-2";"00005617";"HOSPITAL SAN JUAN DE LURIGANCHO";"241800";"HOSPITALIZACIÓN DE MEDICINA MEDICINA GENERAL ";"106";"100";"696";"718";"24";"720";"6"
"2023";"11";"150132";"LIMA";"LIMA";"SAN JUAN DE LURIGANCHO";"MINSA";"II-2";"00005617";"HOSPITAL SAN JUAN DE LURIGANCHO";"242300";"HOSPITALIZACIÓN DE PEDIATRÍA  PEDIATRÍA  GENERAL ";"86";"84";"407";"462";"18";"540";"0"
"2023";"11";"150132";"LIMA";"LIMA";"SAN JUAN DE LURIGANCHO";"MINSA";"II-2";"00005617";"HOSPITAL SAN JUAN DE LURIGANCHO";"243200";"HOSPITALIZACIÓN DE PEDIATRÍA PEDIATRIA NEONATOLOGÍA";"13";"7";"28";"49";"2";"60";"0"
"2023";"11";"150121";"LIMA";"LIMA";"PUEBLO LIBRE";"PRIVADO";"II-2";"00008325";"CLINICA CENTENARIO PERUANO JAPONESA";"242300";"HOSPITALIZACIÓN DE PEDIATRÍA  PEDIATRÍA  GENERAL ";"111";"87";"260";"475";"21";"630";"0"
"2023";"11";"150121";"LIMA";"LIMA";"PUEBLO LIBRE";"PRIVADO";"II-2";"00008325";"CLINICA CENTENARIO PERUANO JAPONESA";"241900";"HOSPITALIZACIÓN DE MEDICINA MEDICINA INTERNA ";"102";"90";"356";"426";"21";"630";"1"
"2023";"11";"150121";"LIMA";"LIMA";"PUEBLO LIBRE";"PRIVADO";"II-2";"00008325";"CLINICA CENTENARIO PERUANO JAPONESA";"241900";"HOSPITALIZACIÓN DE MEDICINA MEDICINA INTERNA ";"57";"59";"381";"464";"21";"630";"1"
"2023";"11";"150121";"LIMA";"LIMA";"PUEBLO LIBRE";"PRIVADO";"II-2";"00008325";"CLINICA CENTENARIO PERUANO JAPONESA";"241600";"HOSPITALIZACIÓN QUIRÚRGICA OBSTETRICIA   ";"54";"55";"163";"158";"11";"330";"0"
"2023";"11";"150121";"LIMA";"LIMA";"PUEBLO LIBRE";"PRIVADO";"II-2";"00008325";"CLINICA CENTENARIO PERUANO JAPONESA";"241900";"HOSPITALIZACIÓN DE MEDICINA MEDICINA INTERNA ";"89";"88";"517";"497";"21";"630";"3"
"2023";"11";"150121";"LIMA";"LIMA";"PUEBLO LIBRE";"PRIVADO";"II-2";"00008325";"CLINICA CENTENARIO PERUANO JAPONESA";"240100";"HOSPITALIZACIÓN QUIRÚRGICA CIRUGÍA GENERAL ";"132";"134";"298";"298";"14";"420";"0"
"2023";"11";"150121";"LIMA";"LIMA";"PUEBLO LIBRE";"PRIVADO";"II-2";"00008325";"CLINICA CENTENARIO PERUANO JAPONESA";"250100";"UNIDAD DE CUIDADOS CRITICOS UNIDAD  DE CUIDADOS INTENSIVOS GENERALES (UCI) ";"21";"22";"177";"132";"8";"240";"2"
"2023";"11";"150121";"LIMA";"LIMA";"PUEBLO LIBRE";"PRIVADO";"II-2";"00008325";"CLINICA CENTENARIO PERUANO JAPONESA";"250200";"UNIDAD DE CUIDADOS CRITICOS UNIDAD DE CUIDADOS INTERMEDIOS GENERAL  (UCIN) ";"31";"30";"115";"121";"6";"180";"2"
"2023";"11";"150121";"LIMA";"LIMA";"PUEBLO LIBRE";"PRIVADO";"II-2";"00008325";"CLINICA CENTENARIO PERUANO JAPONESA";"250105";"UNIDAD DE CUIDADOS CRITICOS UNIDAD  DE CUIDADOS INTENSIVOS  (UCI) NEONATOLOGÍA";"2";"2";"8";"15";"4";"120";"0"
"2023";"11";"150121";"LIMA";"LIMA";"PUEBLO LIBRE";"PRIVADO";"II-2";"00008325";"CLINICA CENTENARIO PERUANO JAPONESA";"250305";"HOSPIT. EN UNIDAD DE CUID.INTEN.-UNIDAD DE VIGILANCIA INTENSIVA (UVI)-NEONATOLOGÍA";"5";"5";"32";"22";"4";"120";"0"
"2023";"11";"110112";"ICA";"ICA";"SUBTANJALLA";"ESSALUD";"I-3";"00011967";"MACACONA";"NE_0001";"";"NE_0001";"NE_0001";"NE_0001";"NE_0001";"NE_0001";"NE_0001";"NE_0001"
"2023";"11";"180101";"MOQUEGUA";"MARISCAL NIETO";"MOQUEGUA";"ESSALUD";"II-1";"00016157";"HOSPITAL II MOQUEGUA";"241800";"HOSPITALIZACIÓN DE MEDICINA MEDICINA GENERAL ";"26";"29";"302";"250";"12";"360";"4"
"2023";"11";"180101";"MOQUEGUA";"MARISCAL NIETO";"MOQUEGUA";"ESSALUD";"II-1";"00016157";"HOSPITAL II MOQUEGUA";"240100";"HOSPITALIZACIÓN QUIRÚRGICA CIRUGÍA GENERAL ";"60";"63";"424";"446";"15";"450";"0"
"2023";"11";"180101";"MOQUEGUA";"MARISCAL NIETO";"MOQUEGUA";"ESSALUD";"II-1";"00016157";"HOSPITAL II MOQUEGUA";"241500";"HOSPITALIZACIÓN QUIRÚRGICA GINECOLOGÍA  ";"20";"17";"44";"48";"2";"60";"0"
"2023";"11";"180101";"MOQUEGUA";"MARISCAL NIETO";"MOQUEGUA";"ESSALUD";"II-1";"00016157";"HOSPITAL II MOQUEGUA";"241600";"HOSPITALIZACIÓN QUIRÚRGICA OBSTETRICIA   ";"45";"48";"105";"98";"5";"150";"0"
"2023";"11";"180101";"MOQUEGUA";"MARISCAL NIETO";"MOQUEGUA";"ESSALUD";"II-1";"00016157";"HOSPITAL II MOQUEGUA";"242300";"HOSPITALIZACIÓN DE PEDIATRÍA  PEDIATRÍA  GENERAL ";"44";"49";"142";"125";"5";"150";"0"
"2023";"11";"180101";"MOQUEGUA";"MARISCAL NIETO";"MOQUEGUA";"ESSALUD";"II-1";"00016157";"HOSPITAL II MOQUEGUA";"250304";"HOSPIT. EN UNIDAD DE CUID.INTEN.-UNIDAD DE VIGILANCIA INTENSIVA (UVI)-MEDICINA";"2";"1";"3";"77";"3";"90";"1"
"2023";"11";"060101";"CAJAMARCA";"CAJAMARCA";"CAJAMARCA";"PRIVADO";"II-1";"00009591";"CLINICA LIMATAMBO CAJAMARCA S.A.C.";"240000";"HOSPITALIZACIÓN";"168";"165";"172";"480";"33";"720";"0"
"2023";"11";"210601";"PUNO";"HUANCANE";"HUANCANE";"GOBIERNO REGIONAL";"II-1";"00003068";"HOSPITAL LUCIO ALDAZABAL PAUCA";"241800";"HOSPITALIZACIÓN DE MEDICINA MEDICINA GENERAL ";"30";"30";"11";"22";"10";"300";"4"
"2023";"11";"210601";"PUNO";"HUANCANE";"HUANCANE";"GOBIERNO REGIONAL";"II-1";"00003068";"HOSPITAL LUCIO ALDAZABAL PAUCA";"242500";"HOSPITALIZACIÓN-PEDIATRÍA GENERAL-";"10";"10";"37";"37";"5";"150";"0"
"2023";"11";"210601";"PUNO";"HUANCANE";"HUANCANE";"GOBIERNO REGIONAL";"II-1";"00003068";"HOSPITAL LUCIO ALDAZABAL PAUCA";"243200";"HOSPITALIZACIÓN DE PEDIATRÍA PEDIATRIA NEONATOLOGÍA";"6";"6";"21";"21";"3";"90";"0"
"2023";"11";"150118";"LIMA";"LIMA";"LURIGANCHO";"PRIVADO";"II-E";"00016951";"CLINICA MADRE ZORAIDA";"241500";"HOSPITALIZACIÓN QUIRÚRGICA GINECOLOGÍA  ";"9";"9";"33";"33";"6";"132";"0"
"2023";"09";"220206";"SAN MARTIN";"BELLAVISTA";"SAN RAFAEL";"GOBIERNO REGIONAL";"I-1";"00006518";"CRISTINO GARCIA CARHUAPOMA";"NE_0002";"";"NE_0002";"NE_0002";"NE_0002";"NE_0002";"NE_0002";"NE_0002";"NE_0002"
"2023";"09";"220206";"SAN MARTIN";"BELLAVISTA";"SAN RAFAEL";"GOBIERNO REGIONAL";"I-1";"00006504";"PALESTINA";"NE_0002";"";"NE_0002";"NE_0002";"NE_0002";"NE_0002";"NE_0002";"NE_0002";"NE_0002"
"2023";"09";"220205";"SAN MARTIN";"BELLAVISTA";"SAN PABLO";"GOBIERNO REGIONAL";"I-1";"00006514";"HUINGOYACU";"NE_0001";"";"NE_0001";"NE_0001";"NE_0001";"NE_0001";"NE_0001";"NE_0001";"NE_0001"
"2023";"09";"220204";"SAN MARTIN";"BELLAVISTA";"HUALLAGA";"GOBIERNO REGIONAL";"I-1";"00006562";"LEDOY";"NE_0001";"";"NE_0001";"NE_0001";"NE_0001";"NE_0001";"NE_0001";"NE_0001";"NE_0001"
"2023";"09";"220201";"SAN MARTIN";"BELLAVISTA";"BELLAVISTA";"GOBIERNO REGIONAL";"I-2";"00006511";"LAS  MERCEDES";"NE_0001";"";"NE_0001";"NE_0001";"NE_0001";"NE_0001";"NE_0001";"NE_0001";"NE_0001"
"2023";"09";"220206";"SAN MARTIN";"BELLAVISTA";"SAN RAFAEL";"GOBIERNO REGIONAL";"I-1";"00006517";"PANAMA";"NE_0002";"";"NE_0002";"NE_0002";"NE_0002";"NE_0002";"NE_0002";"NE_0002";"NE_0002"
"2023";"09";"220201";"SAN MARTIN";"BELLAVISTA";"BELLAVISTA";"GOBIERNO REGIONAL";"I-1";"00006503";"BUENOS AIRES";"NE_0001";"";"NE_0001";"NE_0001";"NE_0001";"NE_0001";"NE_0001";"NE_0001";"NE_0001"
"2023";"09";"220201";"SAN MARTIN";"BELLAVISTA";"BELLAVISTA";"GOBIERNO REGIONAL";"I-1";"00006785";"PERUATE";"NE_0001";"";"NE_0001";"NE_0001";"NE_0001";"NE_0001";"NE_0001";"NE_0001";"NE_0001"
"2023";"09";"220206";"SAN MARTIN";"BELLAVISTA";"SAN RAFAEL";"GOBIERNO REGIONAL";"I-3";"00006515";"SAN RAFAEL";"NE_0002";"";"NE_0002";"NE_0002";"NE_0002";"NE_0002";"NE_0002";"NE_0002";"NE_0002"
"2023";"09";"220206";"SAN MARTIN";"BELLAVISTA";"SAN RAFAEL";"GOBIERNO REGIONAL";"I-2";"00006516";"LA LIBERTAD";"NE_0002";"";"NE_0002";"NE_0002";"NE_0002";"NE_0002";"NE_0002";"NE_0002";"NE_0002"
"2023";"10";"040126";"AREQUIPA";"AREQUIPA";"YANAHUARA";"PRIVADO";"II-1";"00028448";"CLINICA EMMEL";"245700";"HOSPITALIZACIÓN QUIRÚRGICA CARDIOLOGIA ";"1";"1";"1";"1";"1";"31";"0"
"2023";"10";"040126";"AREQUIPA";"AREQUIPA";"YANAHUARA";"PRIVADO";"II-1";"00028448";"CLINICA EMMEL";"240200";"HOSPITALIZACIÓN QUIRÚRGICA CIRUGÍA DE CABEZA Y CUELLO / MÁXILO FACIAL ";"3";"3";"4";"2";"2";"62";"0"
"2023";"10";"040126";"AREQUIPA";"AREQUIPA";"YANAHUARA";"PRIVADO";"II-1";"00028448";"CLINICA EMMEL";"240100";"HOSPITALIZACIÓN QUIRÚRGICA CIRUGÍA GENERAL ";"96";"98";"152";"150";"5";"155";"0"
"2023";"10";"040126";"AREQUIPA";"AREQUIPA";"YANAHUARA";"PRIVADO";"II-1";"00028448";"CLINICA EMMEL";"241000";"HOSPITALIZACIÓN QUIRÚRGICA ONCOLOGÍA QUIRÚRGICA  ";"4";"5";"13";"11";"2";"62";"0"
"2023";"10";"040126";"AREQUIPA";"AREQUIPA";"YANAHUARA";"PRIVADO";"II-1";"00028448";"CLINICA EMMEL";"240801";"HOSPITALIZACIÓN QUIRÚRGICA CIRUGÍA PLÁSTICA/RECONSTRUCTIVA/ REPARADORA QUEMADOS";"2";"2";"2";"1";"1";"31";"0"
"2023";"10";"040126";"AREQUIPA";"AREQUIPA";"YANAHUARA";"PRIVADO";"II-1";"00028448";"CLINICA EMMEL";"240300";"HOSPITALIZACIÓN QUIRÚRGICA CIRUGÍA DIGESTIVA ";"1";"1";"1";"1";"1";"31";"0"
"2023";"10";"040126";"AREQUIPA";"AREQUIPA";"YANAHUARA";"PRIVADO";"II-1";"00028448";"CLINICA EMMEL";"241400";"HOSPITALIZACIÓN QUIRÚRGICA GINECO - OBSTETRICIA ";"5";"5";"5";"3";"2";"62";"0"
"2023";"10";"040126";"AREQUIPA";"AREQUIPA";"YANAHUARA";"PRIVADO";"II-1";"00028448";"CLINICA EMMEL";"240900";"HOSPITALIZACIÓN QUIRÚRGICA NEUROCIRUGÍA ";"5";"6";"19";"17";"1";"31";"0"
"2023";"10";"040126";"AREQUIPA";"AREQUIPA";"YANAHUARA";"PRIVADO";"II-1";"00028448";"CLINICA EMMEL";"241100";"HOSPITALIZACIÓN QUIRÚRGICA OTORRINOLARINGOLOGÍA  ";"1";"1";"1";"1";"1";"31";"0"
"2023";"10";"040126";"AREQUIPA";"AREQUIPA";"YANAHUARA";"PRIVADO";"II-1";"00028448";"CLINICA EMMEL";"241200";"HOSPITALIZACIÓN QUIRÚRGICA TRAUMATOLOGÍA Y ORTOPEDIA ";"21";"20";"37";"35";"2";"62";"0"
"2023";"10";"040126";"AREQUIPA";"AREQUIPA";"YANAHUARA";"PRIVADO";"II-1";"00028448";"CLINICA EMMEL";"241300";"HOSPITALIZACIÓN QUIRÚRGICA UROLOGÍA  ";"3";"5";"17";"14";"2";"62";"0"
"2023";"10";"150119";"LIMA";"LIMA";"LURIN";"ESSALUD";"I-3";"00009979";"CENTRO DE ATENCION PRIMARIA II LURIN";"NE_0001";"";"NE_0001";"NE_0001";"NE_0001";"NE_0001";"NE_0001";"NE_0001";"NE_0001"
"2023";"10";"050407";"AYACUCHO";"HUANTA";"SIVIA";"GOBIERNO REGIONAL";"II-1";"00003770";"HOSPITAL DE APOYO SIVIA";"240100";"HOSPITALIZACIÓN QUIRÚRGICA CIRUGÍA GENERAL ";"3";"3";"8";"16";"2";"31";"0"
"2023";"10";"021801";"ANCASH";"SANTA";"CHIMBOTE";"PRIVADO";"II-1";"00010987";"INSTITUTO MEDICO ESPECIALIZADO UROGINEC EIRL";"240000";"HOSPITALIZACIÓN";"17";"18";"18";"18";"7";"217";"0"
"2023";"10";"200101";"PIURA";"PIURA";"PIURA";"ESSALUD";"I-3";"00012235";"CENTRO DE ATENCIÓN PRIMARIA CAP III METROPOLITANO- ESSALUD";"NE_0001";"";"NE_0001";"NE_0001";"NE_0001";"NE_0001";"NE_0001";"NE_0001";"NE_0001"
"2023";"10";"050407";"AYACUCHO";"HUANTA";"SIVIA";"GOBIERNO REGIONAL";"II-1";"00003770";"HOSPITAL DE APOYO SIVIA";"241400";"HOSPITALIZACIÓN QUIRÚRGICA GINECO - OBSTETRICIA ";"7";"8";"19";"25";"4";"124";"0"
"2023";"10";"050407";"AYACUCHO";"HUANTA";"SIVIA";"GOBIERNO REGIONAL";"II-1";"00003770";"HOSPITAL DE APOYO SIVIA";"241800";"HOSPITALIZACIÓN DE MEDICINA MEDICINA GENERAL ";"6";"6";"26";"35";"6";"186";"0"
"2023";"10";"050407";"AYACUCHO";"HUANTA";"SIVIA";"GOBIERNO REGIONAL";"II-1";"00003770";"HOSPITAL DE APOYO SIVIA";"242500";"HOSPITALIZACIÓN-PEDIATRÍA GENERAL-";"2";"2";"3";"11";"2";"62";"0"
"2023";"10";"040120";"AREQUIPA";"AREQUIPA";"SANTA ISABEL DE SIGUAS";"GOBIERNO REGIONAL";"I-1";"00001337";"PUESTO DE SALUD PITAY";"NE_0001";"";"NE_0001";"NE_0001";"NE_0001";"NE_0001";"NE_0001";"NE_0001";"NE_0001"
"2023";"10";"040511";"AREQUIPA";"CAYLLOMA";"LLUTA";"GOBIERNO REGIONAL";"I-2";"00001340";"PUESTO DE SALUD QUERQUE";"NE_0001";"";"NE_0001";"NE_0001";"NE_0001";"NE_0001";"NE_0001";"NE_0001";"NE_0001"
"2023";"10";"130101";"LA LIBERTAD";"TRUJILLO";"TRUJILLO";"PRIVADO";"II-E";"00029964";"OFTALMOCENTER";"NE_0001";"";"NE_0001";"NE_0001";"NE_0001";"NE_0001";"NE_0001";"NE_0001";"NE_0001"
"2023";"10";"060801";"CAJAMARCA";"JAEN";"JAEN";"GOBIERNO REGIONAL";"I-1";"00004215";"CHAMAYA";"NE_0001";"";"NE_0001";"NE_0001";"NE_0001";"NE_0001";"NE_0001";"NE_0001";"NE_0001"
"2023";"10";"060801";"CAJAMARCA";"JAEN";"JAEN";"GOBIERNO REGIONAL";"I-2";"00007168";"MONTEGRANDE";"NE_0001";"";"NE_0001";"NE_0001";"NE_0001";"NE_0001";"NE_0001";"NE_0001";"NE_0001"
"2023";"11";"120701";"JUNIN";"TARMA";"TARMA";"GOBIERNO REGIONAL";"I-1";"00000589";"VICORA CONGAS";"NE_0001";"";"NE_0001";"NE_0001";"NE_0001";"NE_0001";"NE_0001";"NE_0001";"NE_0001"
"2023";"11";"120701";"JUNIN";"TARMA";"TARMA";"GOBIERNO REGIONAL";"I-1";"00000584";"TARMATAMBO";"NE_0001";"";"NE_0001";"NE_0001";"NE_0001";"NE_0001";"NE_0001";"NE_0001";"NE_0001"
"2023";"11";"120701";"JUNIN";"TARMA";"TARMA";"GOBIERNO REGIONAL";"I-1";"00000586";"MUYLO";"NE_0001";"";"NE_0001";"NE_0001";"NE_0001";"NE_0001";"NE_0001";"NE_0001";"NE_0001"
"2023";"11";"120701";"JUNIN";"TARMA";"TARMA";"GOBIERNO REGIONAL";"I-1";"00000593";"SANYACANCHA";"NE_0001";"";"NE_0001";"NE_0001";"NE_0001";"NE_0001";"NE_0001";"NE_0001";"NE_0001"
"2023";"11";"120701";"JUNIN";"TARMA";"TARMA";"GOBIERNO REGIONAL";"I-1";"00000590";"MISARURASHA";"NE_0001";"";"NE_0001";"NE_0001";"NE_0001";"NE_0001";"NE_0001";"NE_0001";"NE_0001"
"2023";"11";"120701";"JUNIN";"TARMA";"TARMA";"GOBIERNO REGIONAL";"I-1";"00000591";"CARHUACATAC";"NE_0001";"";"NE_0001";"NE_0001";"NE_0001";"NE_0001";"NE_0001";"NE_0001";"NE_0001"
"2023";"11";"120701";"JUNIN";"TARMA";"TARMA";"GOBIERNO REGIONAL";"I-1";"00000585";"COCHAS";"NE_0001";"";"NE_0001";"NE_0001";"NE_0001";"NE_0001";"NE_0001";"NE_0001";"NE_0001"
"2023";"11";"120701";"JUNIN";"TARMA";"TARMA";"GOBIERNO REGIONAL";"I-1";"00000592";"PALCAPACCHA";"NE_0001";"";"NE_0001";"NE_0001";"NE_0001";"NE_0001";"NE_0001";"NE_0001";"NE_0001"
"2023";"11";"120701";"JUNIN";"TARMA";"TARMA";"GOBIERNO REGIONAL";"I-2";"00000587";"POMACHACA";"NE_0001";"";"NE_0001";"NE_0001";"NE_0001";"NE_0001";"NE_0001";"NE_0001";"NE_0001"
"2023";"11";"120701";"JUNIN";"TARMA";"TARMA";"GOBIERNO REGIONAL";"I-1";"00000588";"MULLUCRO";"NE_0001";"";"NE_0001";"NE_0001";"NE_0001";"NE_0001";"NE_0001";"NE_0001";"NE_0001"
"2023";"11";"220603";"SAN MARTIN";"MARISCAL CACERES";"HUICUNGO";"GOBIERNO REGIONAL";"I-1";"00006555";"SHEPTE";"NE_0001";"";"NE_0001";"NE_0001";"NE_0001";"NE_0001";"NE_0001";"NE_0001";"NE_0001"
"2023";"11";"220603";"SAN MARTIN";"MARISCAL CACERES";"HUICUNGO";"GOBIERNO REGIONAL";"I-1";"00006556";"MIRAFLORES";"NE_0001";"";"NE_0001";"NE_0001";"NE_0001";"NE_0001";"NE_0001";"NE_0001";"NE_0001"
"2023";"11";"220604";"SAN MARTIN";"MARISCAL CACERES";"PACHIZA";"GOBIERNO REGIONAL";"I-1";"00006559";"SAN RAMON";"NE_0001";"";"NE_0001";"NE_0001";"NE_0001";"NE_0001";"NE_0001";"NE_0001";"NE_0001"
"2023";"11";"220601";"SAN MARTIN";"MARISCAL CACERES";"JUANJUI";"GOBIERNO REGIONAL";"I-1";"00006550";"QUINILLA";"NE_0001";"";"NE_0001";"NE_0001";"NE_0001";"NE_0001";"NE_0001";"NE_0001";"NE_0001"
"2023";"11";"220605";"SAN MARTIN";"MARISCAL CACERES";"PAJARILLO";"GOBIERNO REGIONAL";"I-1";"00006560";"ARMAYARI";"NE_0001";"";"NE_0001";"NE_0001";"NE_0001";"NE_0001";"NE_0001";"NE_0001";"NE_0001"
"2023";"11";"220601";"SAN MARTIN";"MARISCAL CACERES";"JUANJUI";"GOBIERNO REGIONAL";"I-1";"00006553";"HUAYABAMBA";"NE_0001";"";"NE_0001";"NE_0001";"NE_0001";"NE_0001";"NE_0001";"NE_0001";"NE_0001"
"2023";"11";"220601";"SAN MARTIN";"MARISCAL CACERES";"JUANJUI";"GOBIERNO REGIONAL";"I-1";"00006551";"CAYENA";"NE_0001";"";"NE_0001";"NE_0001";"NE_0001";"NE_0001";"NE_0001";"NE_0001";"NE_0001"
"2023";"11";"220604";"SAN MARTIN";"MARISCAL CACERES";"PACHIZA";"GOBIERNO REGIONAL";"I-1";"00006557";"BAGAZAN";"NE_0001";"";"NE_0001";"NE_0001";"NE_0001";"NE_0001";"NE_0001";"NE_0001";"NE_0001"
"2023";"11";"220604";"SAN MARTIN";"MARISCAL CACERES";"PACHIZA";"GOBIERNO REGIONAL";"I-1";"00006558";"SAN JUAN DEL CAÑO";"NE_0001";"";"NE_0001";"NE_0001";"NE_0001";"NE_0001";"NE_0001";"NE_0001";"NE_0001"
"2023";"11";"220601";"SAN MARTIN";"MARISCAL CACERES";"JUANJUI";"GOBIERNO REGIONAL";"I-1";"00006549";"LA VICTORIA";"NE_0001";"";"NE_0001";"NE_0001";"NE_0001";"NE_0001";"NE_0001";"NE_0001";"NE_0001"
"2023";"11";"220601";"SAN MARTIN";"MARISCAL CACERES";"JUANJUI";"GOBIERNO REGIONAL";"I-1";"00006552";"HUINGUILLO";"NE_0001";"";"NE_0001";"NE_0001";"NE_0001";"NE_0001";"NE_0001";"NE_0001";"NE_0001"
"2023";"11";"220601";"SAN MARTIN";"MARISCAL CACERES";"JUANJUI";"GOBIERNO REGIONAL";"I-1";"00006554";"VILLA PRADO";"NE_0001";"";"NE_0001";"NE_0001";"NE_0001";"NE_0001";"NE_0001";"NE_0001";"NE_0001"
"2023";"11";"220605";"SAN MARTIN";"MARISCAL CACERES";"PAJARILLO";"GOBIERNO REGIONAL";"I-1";"00006561";"PAJARILLO";"NE_0001";"";"NE_0001";"NE_0001";"NE_0001";"NE_0001";"NE_0001";"NE_0001";"NE_0001"
"2023";"11";"061103";"CAJAMARCA";"SAN MIGUEL";"CALQUIS";"GOBIERNO REGIONAL";"I-1";"00019286";"GORDILLOS";"NE_0001";"";"NE_0001";"NE_0001";"NE_0001";"NE_0001";"NE_0001";"NE_0001";"NE_0001"
"2023";"11";"061103";"CAJAMARCA";"SAN MIGUEL";"CALQUIS";"GOBIERNO REGIONAL";"I-2";"00004576";"CALQUIS";"NE_0001";"";"NE_0001";"NE_0001";"NE_0001";"NE_0001";"NE_0001";"NE_0001";"NE_0001"
"2023";"11";"061107";"CAJAMARCA";"SAN MIGUEL";"LLAPA";"GOBIERNO REGIONAL";"I-1";"00006809";"PAMPA LA CALZADA";"NE_0001";"";"NE_0001";"NE_0001";"NE_0001";"NE_0001";"NE_0001";"NE_0001";"NE_0001"
"2023";"11";"061101";"CAJAMARCA";"SAN MIGUEL";"SAN MIGUEL";"GOBIERNO REGIONAL";"I-4";"00004561";"SAN MIGUEL";"241800";"HOSPITALIZACIÓN DE MEDICINA MEDICINA GENERAL ";"20";"21";"41";"61";"6";"180";"2"
"2023";"11";"061101";"CAJAMARCA";"SAN MIGUEL";"SAN MIGUEL";"GOBIERNO REGIONAL";"I-4";"00004561";"SAN MIGUEL";"241600";"HOSPITALIZACIÓN QUIRÚRGICA OBSTETRICIA   ";"13";"13";"22";"37";"4";"120";"NE_0002"
"2023";"11";"061101";"CAJAMARCA";"SAN MIGUEL";"SAN MIGUEL";"GOBIERNO REGIONAL";"I-4";"00004561";"SAN MIGUEL";"241500";"HOSPITALIZACIÓN QUIRÚRGICA GINECOLOGÍA  ";"NE_0001";"NE_0001";"NE_0001";"NE_0001";"NE_0001";"NE_0001";"NE_0002"
"2023";"11";"061103";"CAJAMARCA";"SAN MIGUEL";"CALQUIS";"GOBIERNO REGIONAL";"I-1";"00004570";"TAULIS";"NE_0001";"";"NE_0001";"NE_0001";"NE_0001";"NE_0001";"NE_0001";"NE_0001";"NE_0001"
"2023";"11";"061101";"CAJAMARCA";"SAN MIGUEL";"SAN MIGUEL";"GOBIERNO REGIONAL";"I-1";"00004572";"SANTA ROSA";"NE_0001";"";"NE_0001";"NE_0001";"NE_0001";"NE_0001";"NE_0001";"NE_0001";"NE_0001"
"2023";"11";"061101";"CAJAMARCA";"SAN MIGUEL";"SAN MIGUEL";"GOBIERNO REGIONAL";"I-1";"00004574";"TAYAPAMPA";"NE_0001";"";"NE_0001";"NE_0001";"NE_0001";"NE_0001";"NE_0001";"NE_0001";"NE_0001"
"2023";"11";"061101";"CAJAMARCA";"SAN MIGUEL";"SAN MIGUEL";"GOBIERNO REGIONAL";"I-1";"00008996";"CHUAD";"NE_0001";"";"NE_0001";"NE_0001";"NE_0001";"NE_0001";"NE_0001";"NE_0001";"NE_0001"
"2023";"11";"061113";"CAJAMARCA";"SAN MIGUEL";"UNION AGUA BLANCA";"GOBIERNO REGIONAL";"I-2";"00004546";"UNION AGUA BLANCA";"NE_0001";"";"NE_0001";"NE_0001";"NE_0001";"NE_0001";"NE_0001";"NE_0001";"NE_0001"
"2023";"11";"061101";"CAJAMARCA";"SAN MIGUEL";"SAN MIGUEL";"GOBIERNO REGIONAL";"I-1";"00004571";"NITISUYO ALTO";"NE_0001";"";"NE_0001";"NE_0001";"NE_0001";"NE_0001";"NE_0001";"NE_0001";"NE_0001"
"2023";"11";"061105";"CAJAMARCA";"SAN MIGUEL";"EL PRADO";"GOBIERNO REGIONAL";"I-2";"00004575";"EL PRADO";"NE_0001";"";"NE_0001";"NE_0001";"NE_0001";"NE_0001";"NE_0001";"NE_0001";"NE_0001"
"2023";"11";"061105";"CAJAMARCA";"SAN MIGUEL";"EL PRADO";"GOBIERNO REGIONAL";"I-2";"00004573";"LAMASPAMPA";"NE_0001";"";"NE_0001";"NE_0001";"NE_0001";"NE_0001";"NE_0001";"NE_0001";"NE_0001"
"2023";"11";"150101";"LIMA";"LIMA";"LIMA";"ESSALUD";"I-3";"00008880";"CENTRO MEDICO ANCIJE";"NE_0001";"";"NE_0001";"NE_0001";"NE_0001";"NE_0001";"NE_0001";"NE_0001";"NE_0001"
"2023";"11";"060610";"CAJAMARCA";"CUTERVO";"SAN LUIS DE LUCMA";"GOBIERNO REGIONAL";"I-3";"00005038";"SAN LUIS DE LA LUCMA";"NE_0001";"";"NE_0001";"NE_0001";"NE_0001";"NE_0001";"NE_0001";"NE_0001";"NE_0001"
"2023";"11";"060610";"CAJAMARCA";"CUTERVO";"SAN LUIS DE LUCMA";"GOBIERNO REGIONAL";"I-1";"00006870";"SANTA ROSA DEL TINGO";"NE_0001";"";"NE_0001";"NE_0001";"NE_0001";"NE_0001";"NE_0001";"NE_0001";"NE_0001"
"2023";"11";"060614";"CAJAMARCA";"CUTERVO";"SOCOTA";"GOBIERNO REGIONAL";"I-1";"00006937";"MINAS DE SOCOTA";"NE_0001";"";"NE_0001";"NE_0001";"NE_0001";"NE_0001";"NE_0001";"NE_0001";"NE_0001"
"2023";"11";"060610";"CAJAMARCA";"CUTERVO";"SAN LUIS DE LUCMA";"GOBIERNO REGIONAL";"I-1";"00006853";"SAIREPAMPA";"NE_0001";"";"NE_0001";"NE_0001";"NE_0001";"NE_0001";"NE_0001";"NE_0001";"NE_0001"
"2023";"11";"060614";"CAJAMARCA";"CUTERVO";"SOCOTA";"GOBIERNO REGIONAL";"I-1";"00011258";"RINCONADA MIRAFLORES";"NE_0001";"";"NE_0001";"NE_0001";"NE_0001";"NE_0001";"NE_0001";"NE_0001";"NE_0001"
"2023";"11";"060614";"CAJAMARCA";"CUTERVO";"SOCOTA";"GOBIERNO REGIONAL";"I-3";"00005040";" VIRGEN DE LA CANDELARIA ";"NE_0001";"";"NE_0001";"NE_0001";"NE_0001";"NE_0001";"NE_0001";"NE_0001";"NE_0001"
"2023";"11";"060614";"CAJAMARCA";"CUTERVO";"SOCOTA";"GOBIERNO REGIONAL";"I-1";"00005042";"SAN ANTONIO";"NE_0001";"";"NE_0001";"NE_0001";"NE_0001";"NE_0001";"NE_0001";"NE_0001";"NE_0001"
"2023";"11";"220401";"SAN MARTIN";"HUALLAGA";"SAPOSOA";"GOBIERNO REGIONAL";"I-4";"00006529";"RURAL SAPOSOA";"240100";"HOSPITALIZACIÓN QUIRÚRGICA CIRUGÍA GENERAL ";"14";"14";"30";"25";"5";"30";"0"
"2023";"11";"220401";"SAN MARTIN";"HUALLAGA";"SAPOSOA";"GOBIERNO REGIONAL";"I-4";"00006529";"RURAL SAPOSOA";"241300";"HOSPITALIZACIÓN QUIRÚRGICA UROLOGÍA  ";"4";"4";"23";"10";"2";"30";"0"
"2023";"09";"150131";"LIMA";"LIMA";"SAN ISIDRO";"PRIVADO";"II-E";"00027320";"CLINICA AUNA GUARDIA CIVIL";"240000";"HOSPITALIZACIÓN";"122";"129";"543";"617";"27";"810";"3"
"2023";"09";"150131";"LIMA";"LIMA";"SAN ISIDRO";"PRIVADO";"II-E";"00027320";"CLINICA AUNA GUARDIA CIVIL";"250100";"UNIDAD DE CUIDADOS CRITICOS UNIDAD  DE CUIDADOS INTENSIVOS GENERALES (UCI) ";"4";"3";"47";"12";"15";"450";"2"
"2023";"10";"060806";"CAJAMARCA";"JAEN";"LAS PIRIAS";"GOBIERNO REGIONAL";"I-3";"00004245";"LAS PIRIAS DE JAEN";"NE_0001";"";"NE_0001";"NE_0001";"NE_0001";"NE_0001";"NE_0001";"NE_0001";"NE_0001"
"2023";"10";"060806";"CAJAMARCA";"JAEN";"LAS PIRIAS";"GOBIERNO REGIONAL";"I-1";"00004246";"RUMIBAMBA";"NE_0001";"";"NE_0001";"NE_0001";"NE_0001";"NE_0001";"NE_0001";"NE_0001";"NE_0001"
"2023";"10";"060601";"CAJAMARCA";"CUTERVO";"CUTERVO";"GOBIERNO REGIONAL";"I-1";"00007102";"SANICULLO ALTO";"NE_0001";"";"NE_0001";"NE_0001";"NE_0001";"NE_0001";"NE_0001";"NE_0001";"NE_0001"
"2023";"10";"060607";"CAJAMARCA";"CUTERVO";"QUEROCOTILLO";"GOBIERNO REGIONAL";"I-1";"00007746";"LAGUNAS";"NE_0001";"";"NE_0001";"NE_0001";"NE_0001";"NE_0001";"NE_0001";"NE_0001";"NE_0001"
"2023";"10";"060607";"CAJAMARCA";"CUTERVO";"QUEROCOTILLO";"GOBIERNO REGIONAL";"I-1";"00007747";"PAJURILLO";"NE_0001";"";"NE_0001";"NE_0001";"NE_0001";"NE_0001";"NE_0001";"NE_0001";"NE_0001"
"2023";"10";"060601";"CAJAMARCA";"CUTERVO";"CUTERVO";"GOBIERNO REGIONAL";"I-1";"00007752";"SANTA CLARA DE CAMSE";"NE_0001";"";"NE_0001";"NE_0001";"NE_0001";"NE_0001";"NE_0001";"NE_0001";"NE_0001"
"2023";"10";"060601";"CAJAMARCA";"CUTERVO";"CUTERVO";"GOBIERNO REGIONAL";"I-3";"00004992";"SINCHIMACHE";"NE_0001";"";"NE_0001";"NE_0001";"NE_0001";"NE_0001";"NE_0001";"NE_0001";"NE_0001"
"2023";"10";"060601";"CAJAMARCA";"CUTERVO";"CUTERVO";"GOBIERNO REGIONAL";"I-3";"00004993";"NARANJITO DE CAMSE";"NE_0001";"";"NE_0001";"NE_0001";"NE_0001";"NE_0001";"NE_0001";"NE_0001";"NE_0001"
"2023";"10";"060601";"CAJAMARCA";"CUTERVO";"CUTERVO";"GOBIERNO REGIONAL";"I-2";"00004994";"PAYAC";"NE_0001";"";"NE_0001";"NE_0001";"NE_0001";"NE_0001";"NE_0001";"NE_0001";"NE_0001"
"2023";"10";"060601";"CAJAMARCA";"CUTERVO";"CUTERVO";"GOBIERNO REGIONAL";"I-1";"00008922";"LA CASCARILLA";"NE_0001";"";"NE_0001";"NE_0001";"NE_0001";"NE_0001";"NE_0001";"NE_0001";"NE_0001"
"2023";"10";"040102";"AREQUIPA";"AREQUIPA";"ALTO SELVA ALEGRE";"GOBIERNO REGIONAL";"I-2";"00001301";"PUESTO DE SALUD LEONES DEL MISTI";"NE_0001";"";"NE_0001";"NE_0001";"NE_0001";"NE_0001";"NE_0001";"NE_0001";"NE_0001"
"2023";"10";"050101";"AYACUCHO";"HUAMANGA";"AYACUCHO";"GOBIERNO REGIONAL";"II-2";"00003543";"HOSPITAL REGIONAL DE AYACUCHO ""MIGUEL ANGEL MARISCAL LLERENA""";"241800";"HOSPITALIZACIÓN DE MEDICINA MEDICINA GENERAL ";"185";"132";"1311";"1065";"46";"1426";"2"
"2023";"10";"050101";"AYACUCHO";"HUAMANGA";"AYACUCHO";"GOBIERNO REGIONAL";"II-2";"00003543";"HOSPITAL REGIONAL DE AYACUCHO ""MIGUEL ANGEL MARISCAL LLERENA""";"242200";"HOSPITALIZACIÓN DE MEDICINA PSIQUIATRÍA ";"15";"9";"217";"190";"4";"190";"0"
"2023";"10";"050101";"AYACUCHO";"HUAMANGA";"AYACUCHO";"GOBIERNO REGIONAL";"II-2";"00003543";"HOSPITAL REGIONAL DE AYACUCHO ""MIGUEL ANGEL MARISCAL LLERENA""";"250304";"HOSPIT. EN UNIDAD DE CUID.INTEN.-UNIDAD DE VIGILANCIA INTENSIVA (UVI)-MEDICINA";"43";"10";"99";"228";"8";"248";"8"
"2023";"10";"050101";"AYACUCHO";"HUAMANGA";"AYACUCHO";"GOBIERNO REGIONAL";"II-2";"00003543";"HOSPITAL REGIONAL DE AYACUCHO ""MIGUEL ANGEL MARISCAL LLERENA""";"240100";"HOSPITALIZACIÓN QUIRÚRGICA CIRUGÍA GENERAL ";"180";"156";"732";"530";"26";"810";"1"
"2023";"10";"050101";"AYACUCHO";"HUAMANGA";"AYACUCHO";"GOBIERNO REGIONAL";"II-2";"00003543";"HOSPITAL REGIONAL DE AYACUCHO ""MIGUEL ANGEL MARISCAL LLERENA""";"241200";"HOSPITALIZACIÓN QUIRÚRGICA TRAUMATOLOGÍA Y ORTOPEDIA ";"146";"128";"925";"679";"24";"813";"0"
"2023";"10";"050101";"AYACUCHO";"HUAMANGA";"AYACUCHO";"GOBIERNO REGIONAL";"II-2";"00003543";"HOSPITAL REGIONAL DE AYACUCHO ""MIGUEL ANGEL MARISCAL LLERENA""";"242500";"HOSPITALIZACIÓN-PEDIATRÍA GENERAL-";"161";"134";"885";"693";"28";"837";"0"
"2023";"10";"050101";"AYACUCHO";"HUAMANGA";"AYACUCHO";"GOBIERNO REGIONAL";"II-2";"00003543";"HOSPITAL REGIONAL DE AYACUCHO ""MIGUEL ANGEL MARISCAL LLERENA""";"240700";"HOSPITALIZACIÓN QUIRÚRGICA CIRUGÍA PEDIÁTRICA ";"57";"53";"209";"148";"8";"248";"0"
"2023";"10";"050101";"AYACUCHO";"HUAMANGA";"AYACUCHO";"GOBIERNO REGIONAL";"II-2";"00003543";"HOSPITAL REGIONAL DE AYACUCHO ""MIGUEL ANGEL MARISCAL LLERENA""";"250108";"UNIDAD DE CUIDADOS CRITICOS UNIDAD  DE CUIDADOS INTENSIVOS  (UCI) PEDIÁTRICA";"33";"3";"6";"116";"8";"248";"0"
"2023";"10";"050101";"AYACUCHO";"HUAMANGA";"AYACUCHO";"GOBIERNO REGIONAL";"II-2";"00003543";"HOSPITAL REGIONAL DE AYACUCHO ""MIGUEL ANGEL MARISCAL LLERENA""";"250105";"UNIDAD DE CUIDADOS CRITICOS UNIDAD  DE CUIDADOS INTENSIVOS  (UCI) NEONATOLOGÍA";"87";"7";"45";"584";"24";"774";"6"
"2023";"10";"050101";"AYACUCHO";"HUAMANGA";"AYACUCHO";"GOBIERNO REGIONAL";"II-2";"00003543";"HOSPITAL REGIONAL DE AYACUCHO ""MIGUEL ANGEL MARISCAL LLERENA""";"250305";"HOSPIT. EN UNIDAD DE CUID.INTEN.-UNIDAD DE VIGILANCIA INTENSIVA (UVI)-NEONATOLOGÍA";"53";"41";"824";"289";"20";"620";"0"
"2023";"10";"050101";"AYACUCHO";"HUAMANGA";"AYACUCHO";"GOBIERNO REGIONAL";"II-2";"00003543";"HOSPITAL REGIONAL DE AYACUCHO ""MIGUEL ANGEL MARISCAL LLERENA""";"243200";"HOSPITALIZACIÓN DE PEDIATRÍA PEDIATRIA NEONATOLOGÍA";"30";"22";"173";"152";"7";"217";"0"
"2023";"10";"050101";"AYACUCHO";"HUAMANGA";"AYACUCHO";"GOBIERNO REGIONAL";"II-2";"00003543";"HOSPITAL REGIONAL DE AYACUCHO ""MIGUEL ANGEL MARISCAL LLERENA""";"241400";"HOSPITALIZACIÓN QUIRÚRGICA GINECO - OBSTETRICIA ";"522";"388";"1400";"1061";"54";"1693";"0"
"2023";"10";"050101";"AYACUCHO";"HUAMANGA";"AYACUCHO";"GOBIERNO REGIONAL";"II-2";"00003543";"HOSPITAL REGIONAL DE AYACUCHO ""MIGUEL ANGEL MARISCAL LLERENA""";"250302";"HOSPIT. EN UNIDAD DE CUID.INTEN.-UNIDAD DE VIGILANCIA INTENSIVA (UVI)-GINECO-OBSTETRICIA";"33";"1";"1";"60";"4";"124";"0"
"2023";"10";"040102";"AREQUIPA";"AREQUIPA";"ALTO SELVA ALEGRE";"GOBIERNO REGIONAL";"I-2";"00001303";"PUESTO DE SALUD SAN JUAN BAUTISTA";"NE_0001";"";"NE_0001";"NE_0001";"NE_0001";"NE_0001";"NE_0001";"NE_0001";"NE_0001"
"2023";"10";"030201";"APURIMAC";"ANDAHUAYLAS";"ANDAHUAYLAS";"PRIVADO";"II-E";"00014017";"CLINICA PERUANA DE LOS ANDES";"240000";"HOSPITALIZACIÓN";"8";"8";"12";"8";"6";"186";"0"
"2023";"10";"200401";"PIURA";"MORROPON";"CHULUCANAS";"GOBIERNO REGIONAL";"II-1";"00002161";"E.S  II-1  HOSPITAL  CHULUCANAS";"240100";"HOSPITALIZACIÓN QUIRÚRGICA CIRUGÍA GENERAL ";"55";"65";"262";"221";"11";"341";"0"
"2023";"10";"200401";"PIURA";"MORROPON";"CHULUCANAS";"GOBIERNO REGIONAL";"II-1";"00002161";"E.S  II-1  HOSPITAL  CHULUCANAS";"241400";"HOSPITALIZACIÓN QUIRÚRGICA GINECO - OBSTETRICIA ";"213";"238";"557";"541";"36";"1116";"0"
"2023";"10";"200401";"PIURA";"MORROPON";"CHULUCANAS";"GOBIERNO REGIONAL";"II-1";"00002161";"E.S  II-1  HOSPITAL  CHULUCANAS";"241800";"HOSPITALIZACIÓN DE MEDICINA MEDICINA GENERAL ";"38";"50";"321";"91";"17";"527";"2"
"2023";"10";"200401";"PIURA";"MORROPON";"CHULUCANAS";"GOBIERNO REGIONAL";"II-1";"00002161";"E.S  II-1  HOSPITAL  CHULUCANAS";"242500";"HOSPITALIZACIÓN-PEDIATRÍA GENERAL-";"21";"24";"128";"119";"10";"310";"0"
"2023";"10";"200401";"PIURA";"MORROPON";"CHULUCANAS";"GOBIERNO REGIONAL";"II-1";"00002161";"E.S  II-1  HOSPITAL  CHULUCANAS";"243200";"HOSPITALIZACIÓN DE PEDIATRÍA PEDIATRIA NEONATOLOGÍA";"10";"20";"265";"191";"7";"217";"0"
"2023";"01";"030201";"APURIMAC";"ANDAHUAYLAS";"ANDAHUAYLAS";"PRIVADO";"II-E";"00014403";"CLINICA DEL NIÑO ANDAHUAYLAS";"NE_0001";"";"NE_0001";"NE_0001";"NE_0001";"NE_0001";"NE_0001";"NE_0001";"NE_0001"
"2023";"11";"070101";"CALLAO";"CALLAO";"CALLAO";"SANIDAD DE LA POLICIA NACIONAL DEL PERU";"I-2";"00010451";"POSTA MÉDICA POLICIAL VIPOL";"NE_0001";"";"NE_0001";"NE_0001";"NE_0001";"NE_0001";"NE_0001";"NE_0001";"NE_0001"
"2023";"11";"070104";"CALLAO";"CALLAO";"LA PERLA";"SANIDAD DE LA POLICIA NACIONAL DEL PERU";"I-3";"00010557";"POLICLINICO  POLICIAL CALLAO";"NE_0001";"";"NE_0001";"NE_0001";"NE_0001";"NE_0001";"NE_0001";"NE_0001";"NE_0001"
"2023";"11";"150101";"LIMA";"LIMA";"LIMA";"PRIVADO";"II-E";"00022102";"CLINICA SEÑOR DE LOS MILAGROS E.I.R.L.";"NE_0001";"";"NE_0001";"NE_0001";"NE_0001";"NE_0001";"NE_0001";"NE_0001";"NE_0001"
"2023";"11";"120301";"JUNIN";"CHANCHAMAYO";"CHANCHAMAYO";"SANIDAD DE LA POLICIA NACIONAL DEL PERU";"I-2";"00011913";"POSTA MEDICA POLICIAL LA MERCED";"NE_0001";"";"NE_0001";"NE_0001";"NE_0001";"NE_0001";"NE_0001";"NE_0001";"NE_0001"
"2023";"11";"030101";"APURIMAC";"ABANCAY";"ABANCAY";"GOBIERNO REGIONAL";"II-2";"00007719";"HOSPITAL REGIONAL GUILLERMO DIAZ DE LA VEGA";"241600";"HOSPITALIZACIÓN QUIRÚRGICA OBSTETRICIA   ";"101";"87";"183";"191";"10";"304";"0"
"2023";"11";"030101";"APURIMAC";"ABANCAY";"ABANCAY";"GOBIERNO REGIONAL";"II-2";"00007719";"HOSPITAL REGIONAL GUILLERMO DIAZ DE LA VEGA";"240100";"HOSPITALIZACIÓN QUIRÚRGICA CIRUGÍA GENERAL ";"144";"141";"580";"477";"10";"486";"0"
"2023";"11";"030101";"APURIMAC";"ABANCAY";"ABANCAY";"GOBIERNO REGIONAL";"II-2";"00007719";"HOSPITAL REGIONAL GUILLERMO DIAZ DE LA VEGA";"241500";"HOSPITALIZACIÓN QUIRÚRGICA GINECOLOGÍA  ";"86";"94";"288";"266";"14";"438";"0"
"2023";"10";"050101";"AYACUCHO";"HUAMANGA";"AYACUCHO";"GOBIERNO REGIONAL";"II-2";"00003543";"HOSPITAL REGIONAL DE AYACUCHO ""MIGUEL ANGEL MARISCAL LLERENA""";"250100";"UNIDAD DE CUIDADOS CRITICOS UNIDAD  DE CUIDADOS INTENSIVOS GENERALES (UCI) ";"41";"10";"287";"298";"12";"372";"10"
"2023";"10";"100501";"HUANUCO";"HUAMALIES";"LLATA";"ESSALUD";"I-3";"00027591";"POSTA MEDICA LLATA";"NE_0001";"";"NE_0001";"NE_0001";"NE_0001";"NE_0001";"NE_0001";"NE_0001";"NE_0001"
"2023";"11";"030101";"APURIMAC";"ABANCAY";"ABANCAY";"GOBIERNO REGIONAL";"II-2";"00007719";"HOSPITAL REGIONAL GUILLERMO DIAZ DE LA VEGA";"241900";"HOSPITALIZACIÓN DE MEDICINA MEDICINA INTERNA ";"69";"64";"386";"582";"11";"582";"5"
"2023";"11";"030101";"APURIMAC";"ABANCAY";"ABANCAY";"GOBIERNO REGIONAL";"II-2";"00007719";"HOSPITAL REGIONAL GUILLERMO DIAZ DE LA VEGA";"250201";"UNIDAD DE CUIDADOS CRITICOS UNIDAD DE CUIDADOS INTERMEDIOS  (UCIN) NEONATAL";"19";"22";"194";"107";"6";"183";"0"
"2023";"11";"030101";"APURIMAC";"ABANCAY";"ABANCAY";"GOBIERNO REGIONAL";"II-2";"00007719";"HOSPITAL REGIONAL GUILLERMO DIAZ DE LA VEGA";"242300";"HOSPITALIZACIÓN DE PEDIATRÍA  PEDIATRÍA  GENERAL ";"51";"53";"202";"186";"10";"302";"0"
"2023";"11";"030101";"APURIMAC";"ABANCAY";"ABANCAY";"GOBIERNO REGIONAL";"II-2";"00007719";"HOSPITAL REGIONAL GUILLERMO DIAZ DE LA VEGA";"241200";"HOSPITALIZACIÓN QUIRÚRGICA TRAUMATOLOGÍA Y ORTOPEDIA ";"50";"54";"642";"513";"11";"513";"0"
"2023";"11";"030101";"APURIMAC";"ABANCAY";"ABANCAY";"GOBIERNO REGIONAL";"II-2";"00007719";"HOSPITAL REGIONAL GUILLERMO DIAZ DE LA VEGA";"250103";"UNIDAD DE CUIDADOS CRITICOS UNIDAD  DE CUIDADOS INTENSIVOS GENERALES  (UCI) MEDICINA";"8";"7";"61";"118";"4";"128";"3"
"2023";"11";"030101";"APURIMAC";"ABANCAY";"ABANCAY";"GOBIERNO REGIONAL";"II-2";"00007719";"HOSPITAL REGIONAL GUILLERMO DIAZ DE LA VEGA";"250105";"UNIDAD DE CUIDADOS CRITICOS UNIDAD  DE CUIDADOS INTENSIVOS  (UCI) NEONATOLOGÍA";"3";"5";"43";"46";"4";"120";"1"
"2023";"11";"030101";"APURIMAC";"ABANCAY";"ABANCAY";"GOBIERNO REGIONAL";"II-2";"00007719";"HOSPITAL REGIONAL GUILLERMO DIAZ DE LA VEGA";"250200";"UNIDAD DE CUIDADOS CRITICOS UNIDAD DE CUIDADOS INTERMEDIOS GENERAL  (UCIN) ";"2";"1";"2";"58";"4";"120";"0"
"2023";"11";"030101";"APURIMAC";"ABANCAY";"ABANCAY";"GOBIERNO REGIONAL";"II-2";"00007719";"HOSPITAL REGIONAL GUILLERMO DIAZ DE LA VEGA";"242205";"HOSPITALIZACIÓN MEDICINA PSIQUIATRÍA PISIQUIATRIA/ SALUD MENTAL Y ADICCIONES";"18";"18";"211";"165";"12";"360";"0"
"2023";"11";"120423";"JUNIN";"JAUJA";"PACCHA";"GOBIERNO REGIONAL";"I-1";"00000372";"MASAJCANCHA";"NE_0002";"";"NE_0002";"NE_0002";"NE_0002";"NE_0002";"NE_0002";"NE_0002";"NE_0002"
"2023";"11";"120430";"JUNIN";"JAUJA";"SAUSA";"GOBIERNO REGIONAL";"I-1";"00000376";"SAUSA";"NE_0002";"";"NE_0002";"NE_0002";"NE_0002";"NE_0002";"NE_0002";"NE_0002";"NE_0002"
"2023";"11";"120423";"JUNIN";"JAUJA";"PACCHA";"GOBIERNO REGIONAL";"I-1";"00000371";"PACCHA MIRAFLORES";"NE_0002";"";"NE_0002";"NE_0002";"NE_0002";"NE_0002";"NE_0002";"NE_0002";"NE_0002"
"2023";"11";"120422";"JUNIN";"JAUJA";"PACA";"GOBIERNO REGIONAL";"I-2";"00000369";"PACA";"NE_0002";"";"NE_0002";"NE_0002";"NE_0002";"NE_0002";"NE_0002";"NE_0002";"NE_0002"
"2023";"11";"120906";"JUNIN";"CHUPACA";"SAN JUAN DE YSCOS";"GOBIERNO REGIONAL";"I-2";"00000656";"SAN JUAN DE ISCOS";"NE_0001";"";"NE_0001";"NE_0001";"NE_0001";"NE_0001";"NE_0001";"NE_0001";"NE_0001"
"2023";"11";"120908";"JUNIN";"CHUPACA";"TRES DE DICIEMBRE";"GOBIERNO REGIONAL";"I-2";"00000660";"TRES DE DICIEMBRE";"NE_0001";"";"NE_0001";"NE_0001";"NE_0001";"NE_0001";"NE_0001";"NE_0001";"NE_0001"
"2023";"11";"120902";"JUNIN";"CHUPACA";"AHUAC";"GOBIERNO REGIONAL";"I-2";"00000647";"AHUAC";"NE_0001";"";"NE_0001";"NE_0001";"NE_0001";"NE_0001";"NE_0001";"NE_0001";"NE_0001"
"2023";"11";"120903";"JUNIN";"CHUPACA";"CHONGOS BAJO";"GOBIERNO REGIONAL";"I-1";"00000650";"PUMPUNYA";"NE_0001";"";"NE_0001";"NE_0001";"NE_0001";"NE_0001";"NE_0001";"NE_0001";"NE_0001"
"2023";"11";"120901";"JUNIN";"CHUPACA";"CHUPACA";"GOBIERNO REGIONAL";"I-4";"00000646";"PEDRO SANCHEZ MEZA";"NE_0001";"";"NE_0001";"NE_0001";"NE_0001";"NE_0001";"NE_0001";"NE_0001";"NE_0001"
"2023";"11";"120902";"JUNIN";"CHUPACA";"AHUAC";"GOBIERNO REGIONAL";"I-1";"00000648";"HUARISCA";"NE_0001";"";"NE_0001";"NE_0001";"NE_0001";"NE_0001";"NE_0001";"NE_0001";"NE_0001"
"2023";"11";"120903";"JUNIN";"CHUPACA";"CHONGOS BAJO";"GOBIERNO REGIONAL";"I-3";"00000649";"CHONGOS BAJO";"NE_0001";"";"NE_0001";"NE_0001";"NE_0001";"NE_0001";"NE_0001";"NE_0001";"NE_0001"
"2023";"11";"120906";"JUNIN";"CHUPACA";"SAN JUAN DE YSCOS";"GOBIERNO REGIONAL";"I-1";"00000657";"TINYARI CHICO";"NE_0001";"";"NE_0001";"NE_0001";"NE_0001";"NE_0001";"NE_0001";"NE_0001";"NE_0001"
"2023";"11";"080707";"CUSCO";"CHUMBIVILCAS";"QUIÑOTA";"GOBIERNO REGIONAL";"I-1";"00006984";"CCOLLANA";"NE_0001";"";"NE_0001";"NE_0001";"NE_0001";"NE_0001";"NE_0001";"NE_0001";"NE_0001"
"2023";"11";"080706";"CUSCO";"CHUMBIVILCAS";"LLUSCO";"GOBIERNO REGIONAL";"I-2";"00002407";"LLUSCO";"NE_0001";"";"NE_0001";"NE_0001";"NE_0001";"NE_0001";"NE_0001";"NE_0001";"NE_0001"
"2023";"11";"080707";"CUSCO";"CHUMBIVILCAS";"QUIÑOTA";"GOBIERNO REGIONAL";"I-2";"00002408";"QUIÑOTA";"NE_0001";"";"NE_0001";"NE_0001";"NE_0001";"NE_0001";"NE_0001";"NE_0001";"NE_0001"
"2023";"11";"080706";"CUSCO";"CHUMBIVILCAS";"LLUSCO";"GOBIERNO REGIONAL";"I-1";"00006985";"TOTORAPALLCA";"NE_0001";"";"NE_0001";"NE_0001";"NE_0001";"NE_0001";"NE_0001";"NE_0001";"NE_0001"
"2023";"11";"150140";"LIMA";"LIMA";"SANTIAGO DE SURCO";"PRIVADO";"III-1";"00009988";"CLINICA SAN PABLO SAC";"240000";"HOSPITALIZACIÓN";"476";"477";"1733";"1937";"101";"3030";"5"
"2023";"11";"150140";"LIMA";"LIMA";"SANTIAGO DE SURCO";"PRIVADO";"III-1";"00009988";"CLINICA SAN PABLO SAC";"250200";"UNIDAD DE CUIDADOS CRITICOS UNIDAD DE CUIDADOS INTERMEDIOS GENERAL  (UCIN) ";"2";"4";"51";"29";"10";"300";"0"
"2023";"11";"150140";"LIMA";"LIMA";"SANTIAGO DE SURCO";"PRIVADO";"III-1";"00009988";"CLINICA SAN PABLO SAC";"250108";"UNIDAD DE CUIDADOS CRITICOS UNIDAD  DE CUIDADOS INTENSIVOS  (UCI) PEDIÁTRICA";"12";"11";"65";"61";"8";"240";"0"
"2023";"11";"150140";"LIMA";"LIMA";"SANTIAGO DE SURCO";"PRIVADO";"III-1";"00009988";"CLINICA SAN PABLO SAC";"250100";"UNIDAD DE CUIDADOS CRITICOS UNIDAD  DE CUIDADOS INTENSIVOS GENERALES (UCI) ";"54";"58";"238";"224";"13";"390";"3"
"2023";"11";"220805";"SAN MARTIN";"RIOJA";"PARDO MIGUEL";"GOBIERNO REGIONAL";"I-1";"00006309";"TUMBARO";"NE_0001";"";"NE_0001";"NE_0001";"NE_0001";"NE_0001";"NE_0001";"NE_0001";"NE_0001"
"2023";"11";"220805";"SAN MARTIN";"RIOJA";"PARDO MIGUEL";"GOBIERNO REGIONAL";"I-2";"00006304";"AGUAS CLARAS";"NE_0001";"";"NE_0001";"NE_0001";"NE_0001";"NE_0001";"NE_0001";"NE_0001";"NE_0001"
"2023";"11";"220805";"SAN MARTIN";"RIOJA";"PARDO MIGUEL";"GOBIERNO REGIONAL";"I-1";"00006308";"SAN AGUSTIN";"NE_0001";"";"NE_0001";"NE_0001";"NE_0001";"NE_0001";"NE_0001";"NE_0001";"NE_0001"
"2023";"11";"220805";"SAN MARTIN";"RIOJA";"PARDO MIGUEL";"GOBIERNO REGIONAL";"I-1";"00006310";"PERLA DEL MAYO";"NE_0001";"";"NE_0001";"NE_0001";"NE_0001";"NE_0001";"NE_0001";"NE_0001";"NE_0001"
"2023";"11";"220805";"SAN MARTIN";"RIOJA";"PARDO MIGUEL";"GOBIERNO REGIONAL";"I-1";"00006306";"EL MIRADOR";"NE_0001";"";"NE_0001";"NE_0001";"NE_0001";"NE_0001";"NE_0001";"NE_0001";"NE_0001"
"2023";"11";"220805";"SAN MARTIN";"RIOJA";"PARDO MIGUEL";"GOBIERNO REGIONAL";"I-2";"00006305";"AGUAS VERDES";"NE_0001";"";"NE_0001";"NE_0001";"NE_0001";"NE_0001";"NE_0001";"NE_0001";"NE_0001"
"2023";"11";"220805";"SAN MARTIN";"RIOJA";"PARDO MIGUEL";"GOBIERNO REGIONAL";"I-1";"00006307";"PIONEROS BAJO (SAN JUAN DEL MAYO)";"NE_0001";"";"NE_0001";"NE_0001";"NE_0001";"NE_0001";"NE_0001";"NE_0001";"NE_0001"
"2023";"11";"180303";"MOQUEGUA";"ILO";"PACOCHA";"PRIVADO";"II-1";"00017563";"HOSPITAL SPCC - ILO";"240100";"HOSPITALIZACIÓN QUIRÚRGICA CIRUGÍA GENERAL ";"15";"14";"46";"58";"11";"330";"0"
"2023";"11";"180303";"MOQUEGUA";"ILO";"PACOCHA";"PRIVADO";"II-1";"00017563";"HOSPITAL SPCC - ILO";"241400";"HOSPITALIZACIÓN QUIRÚRGICA GINECO - OBSTETRICIA ";"3";"3";"4";"9";"4";"120";"0"
"2023";"11";"180303";"MOQUEGUA";"ILO";"PACOCHA";"PRIVADO";"II-1";"00017563";"HOSPITAL SPCC - ILO";"241800";"HOSPITALIZACIÓN DE MEDICINA MEDICINA GENERAL ";"5";"7";"115";"62";"15";"450";"0"
"2023";"11";"180303";"MOQUEGUA";"ILO";"PACOCHA";"PRIVADO";"II-1";"00017563";"HOSPITAL SPCC - ILO";"242500";"HOSPITALIZACIÓN-PEDIATRÍA GENERAL-";"6";"5";"23";"23";"7";"210";"0"
"2023";"11";"220602";"SAN MARTIN";"MARISCAL CACERES";"CAMPANILLA";"GOBIERNO REGIONAL";"I-1";"00006577";"SHUMANZA";"NE_0001";"";"NE_0001";"NE_0001";"NE_0001";"NE_0001";"NE_0001";"NE_0001";"NE_0001"
"2023";"10";"140101";"LAMBAYEQUE";"CHICLAYO";"CHICLAYO";"PRIVADO";"I-3";"00008229";"SERVIMEDICOS S.A.C.";"NE_0001";"";"NE_0001";"NE_0001";"NE_0001";"NE_0001";"NE_0001";"NE_0001";"NE_0001"
"2023";"10";"150143";"LIMA";"LIMA";"VILLA MARIA DEL TRIUNFO";"PRIVADO";"I-4";"00010229";"CENTRO MEDICO ESPECIALIZADO VIRGEN DE LAS MERCEDES E.I.R.L";"NE_0002";"";"NE_0002";"NE_0002";"NE_0002";"NE_0002";"NE_0002";"NE_0002";"NE_0002"
"2023";"10";"220502";"SAN MARTIN";"LAMAS";"ALONSO DE ALVARADO";"GOBIERNO REGIONAL";"I-1";"00010516";"PORVENIR DEL NORTE";"NE_0001";"";"NE_0001";"NE_0001";"NE_0001";"NE_0001";"NE_0001";"NE_0001";"NE_0001"
"2023";"10";"220502";"SAN MARTIN";"LAMAS";"ALONSO DE ALVARADO";"GOBIERNO REGIONAL";"I-3";"00006348";"ROQUE";"241600";"HOSPITALIZACIÓN QUIRÚRGICA OBSTETRICIA   ";"7";"7";"7";"14";"6";"30";"0"
"2023";"10";"220502";"SAN MARTIN";"LAMAS";"ALONSO DE ALVARADO";"GOBIERNO REGIONAL";"I-1";"00007297";"ALAN GARCIA";"NE_0001";"";"NE_0001";"NE_0001";"NE_0001";"NE_0001";"NE_0001";"NE_0001";"NE_0001"
"2023";"11";"080901";"CUSCO";"LA CONVENCION";"SANTA ANA";"GOBIERNO REGIONAL";"II-1";"00002421";"QUILLABAMBA";"240100";"HOSPITALIZACIÓN QUIRÚRGICA CIRUGÍA GENERAL ";"100";"91";"471";"576";"30";"900";"0"
"2023";"11";"080901";"CUSCO";"LA CONVENCION";"SANTA ANA";"GOBIERNO REGIONAL";"II-1";"00002421";"QUILLABAMBA";"241400";"HOSPITALIZACIÓN QUIRÚRGICA GINECO - OBSTETRICIA ";"126";"129";"278";"322";"31";"930";"0"
"2023";"11";"080901";"CUSCO";"LA CONVENCION";"SANTA ANA";"GOBIERNO REGIONAL";"II-1";"00002421";"QUILLABAMBA";"241800";"HOSPITALIZACIÓN DE MEDICINA MEDICINA GENERAL ";"97";"94";"368";"396";"44";"1320";"10"
"2023";"11";"080901";"CUSCO";"LA CONVENCION";"SANTA ANA";"GOBIERNO REGIONAL";"II-1";"00002421";"QUILLABAMBA";"242500";"HOSPITALIZACIÓN-PEDIATRÍA GENERAL-";"45";"47";"173";"168";"25";"750";"1"
"2023";"11";"080901";"CUSCO";"LA CONVENCION";"SANTA ANA";"GOBIERNO REGIONAL";"II-1";"00002421";"QUILLABAMBA";"242200";"HOSPITALIZACIÓN DE MEDICINA PSIQUIATRÍA ";"15";"13";"270";"250";"10";"300";"0"
"2023";"11";"120909";"JUNIN";"CHUPACA";"YANACANCHA";"GOBIERNO REGIONAL";"I-2";"00000661";"YANACANCHA";"NE_0001";"";"NE_0001";"NE_0001";"NE_0001";"NE_0001";"NE_0001";"NE_0001";"NE_0001"
"2023";"11";"120907";"JUNIN";"CHUPACA";"SAN JUAN DE JARPA";"GOBIERNO REGIONAL";"I-3";"00000659";"SAN JUAN DE JARPA";"NE_0001";"";"NE_0001";"NE_0001";"NE_0001";"NE_0001";"NE_0001";"NE_0001";"NE_0001"
"2023";"11";"120909";"JUNIN";"CHUPACA";"YANACANCHA";"GOBIERNO REGIONAL";"I-1";"00000662";"SANTO DOMINGO DE CACHI";"NE_0001";"";"NE_0001";"NE_0001";"NE_0001";"NE_0001";"NE_0001";"NE_0001";"NE_0001"
"2023";"11";"120907";"JUNIN";"CHUPACA";"SAN JUAN DE JARPA";"GOBIERNO REGIONAL";"I-1";"00012470";"SHICUY";"NE_0001";"";"NE_0001";"NE_0001";"NE_0001";"NE_0001";"NE_0001";"NE_0001";"NE_0001"
"2023";"11";"040107";"AREQUIPA";"AREQUIPA";"JACOBO HUNTER";"GOBIERNO REGIONAL";"I-3";"00001279";"PUESTO DE SALUD UPIS PAISAJISTA";"NE_0001";"";"NE_0001";"NE_0001";"NE_0001";"NE_0001";"NE_0001";"NE_0001";"NE_0001"
"2023";"11";"040107";"AREQUIPA";"AREQUIPA";"JACOBO HUNTER";"GOBIERNO REGIONAL";"I-2";"00001273";"PUESTO DE SALUD DANIEL ALCIDES CARRION";"NE_0001";"";"NE_0001";"NE_0001";"NE_0001";"NE_0001";"NE_0001";"NE_0001";"NE_0001"
"2023";"11";"040107";"AREQUIPA";"AREQUIPA";"JACOBO HUNTER";"GOBIERNO REGIONAL";"I-4";"00001259";"CENTRO DE SALUD JAVIER LLOSA GARCIA -  HUNTER";"241600";"HOSPITALIZACIÓN QUIRÚRGICA OBSTETRICIA   ";"20";"20";"21";"1";"15";"16";"0"
"2023";"11";"040107";"AREQUIPA";"AREQUIPA";"JACOBO HUNTER";"GOBIERNO REGIONAL";"I-2";"00001276";"PUESTO DE SALUD CAMINOS DEL INCA";"NE_0001";"";"NE_0001";"NE_0001";"NE_0001";"NE_0001";"NE_0001";"NE_0001";"NE_0001"
"2023";"11";"040107";"AREQUIPA";"AREQUIPA";"JACOBO HUNTER";"GOBIERNO REGIONAL";"I-2";"00001274";"PUESTO DE SALUD AMPLIACION PAMPAS DEL CUZCO";"NE_0001";"";"NE_0001";"NE_0001";"NE_0001";"NE_0001";"NE_0001";"NE_0001";"NE_0001"
"2023";"11";"040107";"AREQUIPA";"AREQUIPA";"JACOBO HUNTER";"GOBIERNO REGIONAL";"I-2";"00001277";"PUESTO DE SALUD ALTO ALIANZA";"NE_0001";"";"NE_0001";"NE_0001";"NE_0001";"NE_0001";"NE_0001";"NE_0001";"NE_0001"
"2023";"11";"040107";"AREQUIPA";"AREQUIPA";"JACOBO HUNTER";"GOBIERNO REGIONAL";"I-2";"00001275";"PUESTO DE SALUD CHILPINILLA";"NE_0001";"";"NE_0001";"NE_0001";"NE_0001";"NE_0001";"NE_0001";"NE_0001";"NE_0001"
"2023";"11";"040107";"AREQUIPA";"AREQUIPA";"JACOBO HUNTER";"MINSA";"I-3";"00031488";"CENTRO DE SALUD MENTAL COMUNITARIO HUNTER";"NE_0001";"";"NE_0001";"NE_0001";"NE_0001";"NE_0001";"NE_0001";"NE_0001";"NE_0001"
"2023";"11";"090701";"HUANCAVELICA";"TAYACAJA";"PAMPAS";"GOBIERNO REGIONAL";"II-1";"00004074";"HOSPITAL DE PAMPAS";"241800";"HOSPITALIZACIÓN DE MEDICINA MEDICINA GENERAL ";"18";"17";"84";"74";"6";"180";"1"
"2023";"11";"090701";"HUANCAVELICA";"TAYACAJA";"PAMPAS";"GOBIERNO REGIONAL";"II-1";"00004074";"HOSPITAL DE PAMPAS";"240100";"HOSPITALIZACIÓN QUIRÚRGICA CIRUGÍA GENERAL ";"21";"20";"72";"95";"6";"188";"0"
"2023";"11";"090701";"HUANCAVELICA";"TAYACAJA";"PAMPAS";"GOBIERNO REGIONAL";"II-1";"00004074";"HOSPITAL DE PAMPAS";"241400";"HOSPITALIZACIÓN QUIRÚRGICA GINECO - OBSTETRICIA ";"76";"79";"269";"168";"10";"300";"0"
"2023";"11";"090701";"HUANCAVELICA";"TAYACAJA";"PAMPAS";"GOBIERNO REGIONAL";"II-1";"00004074";"HOSPITAL DE PAMPAS";"242500";"HOSPITALIZACIÓN-PEDIATRÍA GENERAL-";"13";"14";"76";"76";"6";"180";"0"
"2023";"11";"090701";"HUANCAVELICA";"TAYACAJA";"PAMPAS";"GOBIERNO REGIONAL";"II-1";"00004074";"HOSPITAL DE PAMPAS";"243200";"HOSPITALIZACIÓN DE PEDIATRÍA PEDIATRIA NEONATOLOGÍA";"7";"8";"39";"36";"5";"150";"0"
"2023";"11";"090701";"HUANCAVELICA";"TAYACAJA";"PAMPAS";"GOBIERNO REGIONAL";"II-1";"00004074";"HOSPITAL DE PAMPAS";"243200";"HOSPITALIZACIÓN DE PEDIATRÍA PEDIATRIA NEONATOLOGÍA";"0";"0";"0";"1";"1";"30";"0"
"2023";"11";"150113";"LIMA";"LIMA";"JESUS MARIA";"PRIVADO";"II-E";"00009982";"CLINICA REPROMEDIC";"240000";"HOSPITALIZACIÓN";"133";"133";"299";"286";"10";"320";"0"
"2023";"11";"150133";"LIMA";"LIMA";"SAN JUAN DE MIRAFLORES";"PRIVADO";"II-E";"00016794";"CLINICA DIVINO NIÑO JESUS - ORDEN DE MALTA";"240000";"HOSPITALIZACIÓN";"44";"44";"100";"405";"15";"450";"0"
"2023";"11";"080105";"CUSCO";"CUSCO";"SAN SEBASTIAN";"GOBIERNO REGIONAL";"I-2";"00026181";"MENTAL SAN SEBASTIAN";"NE_0001";"";"NE_0001";"NE_0001";"NE_0001";"NE_0001";"NE_0001";"NE_0001";"NE_0001"
"2023";"11";"200115";"PIURA";"PIURA";"VEINTISEIS DE OCTUBRE";"GOBIERNO REGIONAL";"II-2";"00002084";"HOSPITAL DE LA AMISTAD PERU - COREA SANTA ROSA II-2";"240100";"HOSPITALIZACIÓN QUIRÚRGICA CIRUGÍA GENERAL ";"151";"154";"722";"1053";"40";"1200";"1"
"2023";"11";"200115";"PIURA";"PIURA";"VEINTISEIS DE OCTUBRE";"GOBIERNO REGIONAL";"II-2";"00002084";"HOSPITAL DE LA AMISTAD PERU - COREA SANTA ROSA II-2";"241500";"HOSPITALIZACIÓN QUIRÚRGICA GINECOLOGÍA  ";"152";"131";"341";"472";"16";"480";"0"
"2023";"11";"200115";"PIURA";"PIURA";"VEINTISEIS DE OCTUBRE";"GOBIERNO REGIONAL";"II-2";"00002084";"HOSPITAL DE LA AMISTAD PERU - COREA SANTA ROSA II-2";"241600";"HOSPITALIZACIÓN QUIRÚRGICA OBSTETRICIA   ";"201";"224";"408";"438";"25";"750";"0"
"2023";"11";"200115";"PIURA";"PIURA";"VEINTISEIS DE OCTUBRE";"GOBIERNO REGIONAL";"II-2";"00002084";"HOSPITAL DE LA AMISTAD PERU - COREA SANTA ROSA II-2";"241800";"HOSPITALIZACIÓN DE MEDICINA MEDICINA GENERAL ";"143";"118";"1313";"1341";"50";"1500";"12"
"2023";"11";"200115";"PIURA";"PIURA";"VEINTISEIS DE OCTUBRE";"GOBIERNO REGIONAL";"II-2";"00002084";"HOSPITAL DE LA AMISTAD PERU - COREA SANTA ROSA II-2";"242500";"HOSPITALIZACIÓN-PEDIATRÍA GENERAL-";"54";"45";"339";"342";"13";"390";"1"
"2023";"11";"200115";"PIURA";"PIURA";"VEINTISEIS DE OCTUBRE";"GOBIERNO REGIONAL";"II-2";"00002084";"HOSPITAL DE LA AMISTAD PERU - COREA SANTA ROSA II-2";"243200";"HOSPITALIZACIÓN DE PEDIATRÍA PEDIATRIA NEONATOLOGÍA";"104";"86";"568";"680";"23";"690";"0"
"2023";"11";"250201";"UCAYALI";"ATALAYA";"RAIMONDI";"ESSALUD";"I-3";"00031879";"CENTRO MEDICO DE  ATALAYA - ESSALUD";"NE_0001";"";"NE_0001";"NE_0001";"NE_0001";"NE_0001";"NE_0001";"NE_0001";"NE_0001"
"2023";"11";"080408";"CUSCO";"CALCA";"YANATILE";"GOBIERNO REGIONAL";"I-1";"00002363";"TUPAC AMARU QUELLOUNO";"NE_0001";"";"NE_0001";"NE_0001";"NE_0001";"NE_0001";"NE_0001";"NE_0001";"NE_0001"
"2023";"11";"080905";"CUSCO";"LA CONVENCION";"OCOBAMBA";"GOBIERNO REGIONAL";"I-1";"00002463";"CHINGANILLA";"NE_0001";"";"NE_0001";"NE_0001";"NE_0001";"NE_0001";"NE_0001";"NE_0001";"NE_0001"
"2023";"11";"080906";"CUSCO";"LA CONVENCION";"QUELLOUNO";"GOBIERNO REGIONAL";"I-1";"00008907";"MATORIATO";"NE_0001";"";"NE_0001";"NE_0001";"NE_0001";"NE_0001";"NE_0001";"NE_0001";"NE_0001"
"2023";"11";"080906";"CUSCO";"LA CONVENCION";"QUELLOUNO";"GOBIERNO REGIONAL";"I-2";"00008909";"CHAPO BOYERO";"NE_0001";"";"NE_0001";"NE_0001";"NE_0001";"NE_0001";"NE_0001";"NE_0001";"NE_0001"
"2023";"11";"080906";"CUSCO";"LA CONVENCION";"QUELLOUNO";"GOBIERNO REGIONAL";"I-2";"00002468";"SAN MARTIN";"NE_0001";"";"NE_0001";"NE_0001";"NE_0001";"NE_0001";"NE_0001";"NE_0001";"NE_0001"
"2023";"11";"080906";"CUSCO";"LA CONVENCION";"QUELLOUNO";"GOBIERNO REGIONAL";"I-1";"00008908";"CHIRUMBIA";"NE_0001";"";"NE_0001";"NE_0001";"NE_0001";"NE_0001";"NE_0001";"NE_0001";"NE_0001"
"2023";"11";"230302";"TACNA";"JORGE BASADRE";"ILABAYA";"PRIVADO";"I-4";"00018230";"HOSPITAL TOQUEPALA";"240100";"HOSPITALIZACIÓN QUIRÚRGICA CIRUGÍA GENERAL ";"6";"6";"24";"90";"12";"360";"0"
"2023";"09";"230302";"TACNA";"JORGE BASADRE";"ILABAYA";"PRIVADO";"I-4";"00018230";"HOSPITAL TOQUEPALA";"240100";"HOSPITALIZACIÓN QUIRÚRGICA CIRUGÍA GENERAL ";"11";"7";"26";"51";"12";"372";"0"
"2023";"09";"230302";"TACNA";"JORGE BASADRE";"ILABAYA";"PRIVADO";"I-4";"00018230";"HOSPITAL TOQUEPALA";"241800";"HOSPITALIZACIÓN DE MEDICINA MEDICINA GENERAL ";"5";"5";"140";"54";"14";"434";"0"
"2023";"11";"040401";"AREQUIPA";"CASTILLA";"APLAO";"GOBIERNO REGIONAL";"I-3";"00024409";"CENTRO DE SALUD MENTAL COMUNITARIO LA REAL C.C.U.";"NE_0001";"";"NE_0001";"NE_0001";"NE_0001";"NE_0001";"NE_0001";"NE_0001";"NE_0001"
"2023";"11";"080901";"CUSCO";"LA CONVENCION";"SANTA ANA";"GOBIERNO REGIONAL";"I-1";"00002424";"POTRERO";"NE_0001";"";"NE_0001";"NE_0001";"NE_0001";"NE_0001";"NE_0001";"NE_0001";"NE_0001"
"2023";"11";"080902";"CUSCO";"LA CONVENCION";"ECHARATE";"GOBIERNO REGIONAL";"I-1";"00002446";"CHACCO";"NE_0001";"";"NE_0001";"NE_0001";"NE_0001";"NE_0001";"NE_0001";"NE_0001";"NE_0001"
"2023";"11";"080902";"CUSCO";"LA CONVENCION";"ECHARATE";"GOBIERNO REGIONAL";"I-2";"00002425";"ECHARATE";"NE_0001";"";"NE_0001";"NE_0001";"NE_0001";"NE_0001";"NE_0001";"NE_0001";"NE_0001"
"2023";"11";"080901";"CUSCO";"LA CONVENCION";"SANTA ANA";"GOBIERNO REGIONAL";"I-4";"00008910";"SANTA ANA";"NE_0001";"";"NE_0001";"NE_0001";"NE_0001";"NE_0001";"NE_0001";"NE_0001";"NE_0001"
"2023";"11";"080901";"CUSCO";"LA CONVENCION";"SANTA ANA";"GOBIERNO REGIONAL";"I-1";"00002422";"HUAYANAY";"NE_0001";"";"NE_0001";"NE_0001";"NE_0001";"NE_0001";"NE_0001";"NE_0001";"NE_0001"
"2023";"03";"210101";"PUNO";"PUNO";"PUNO";"ESSALUD";"II-E";"00032596";"HOSPITAL I CLINICA UNIVERSITARIA";"240000";"HOSPITALIZACIÓN";"37";"32";"177";"179";"7";"217";"0"
"2023";"04";"210101";"PUNO";"PUNO";"PUNO";"ESSALUD";"II-E";"00032596";"HOSPITAL I CLINICA UNIVERSITARIA";"240000";"HOSPITALIZACIÓN";"26";"29";"219";"242";"7";"210";"0"
"2023";"11";"080914";"CUSCO";"LA CONVENCION";"MEGANTONI";"GOBIERNO REGIONAL";"I-2";"00002452";"SHIVANKORENI";"NE_0001";"";"NE_0001";"NE_0001";"NE_0001";"NE_0001";"NE_0001";"NE_0001";"NE_0001"
"2023";"11";"080914";"CUSCO";"LA CONVENCION";"MEGANTONI";"GOBIERNO REGIONAL";"I-3";"00002426";"KIRIGUETI";"NE_0001";"";"NE_0001";"NE_0001";"NE_0001";"NE_0001";"NE_0001";"NE_0001";"NE_0001"
"2023";"11";"080914";"CUSCO";"LA CONVENCION";"MEGANTONI";"GOBIERNO REGIONAL";"I-1";"00002444";"SENSA";"NE_0001";"";"NE_0001";"NE_0001";"NE_0001";"NE_0001";"NE_0001";"NE_0001";"NE_0001"
"2023";"11";"080914";"CUSCO";"LA CONVENCION";"MEGANTONI";"GOBIERNO REGIONAL";"I-4";"00002448";"KAMISEA";"NE_0001";"";"NE_0001";"NE_0001";"NE_0001";"NE_0001";"NE_0001";"NE_0001";"NE_0001"
"2023";"11";"120606";"JUNIN";"SATIPO";"PANGOA";"GOBIERNO REGIONAL";"I-1";"00021800";"LOS ÁNGELES DE EDEN";"NE_0001";"";"NE_0001";"NE_0001";"NE_0001";"NE_0001";"NE_0001";"NE_0001";"NE_0001"
"2023";"11";"120606";"JUNIN";"SATIPO";"PANGOA";"GOBIERNO REGIONAL";"I-1";"00021814";"CENTRO SAURENI";"NE_0001";"";"NE_0001";"NE_0001";"NE_0001";"NE_0001";"NE_0001";"NE_0001";"NE_0001"
"2023";"11";"120606";"JUNIN";"SATIPO";"PANGOA";"GOBIERNO REGIONAL";"I-3";"00000445";"SAN ANTONIO DE SONOMORO";"NE_0001";"";"NE_0001";"NE_0001";"NE_0001";"NE_0001";"NE_0001";"NE_0001";"NE_0001"
"2023";"11";"120606";"JUNIN";"SATIPO";"PANGOA";"GOBIERNO REGIONAL";"I-2";"00000448";"NAYLAM DE SONOMORO";"NE_0001";"";"NE_0001";"NE_0001";"NE_0001";"NE_0001";"NE_0001";"NE_0001";"NE_0001"
"2023";"11";"120606";"JUNIN";"SATIPO";"PANGOA";"GOBIERNO REGIONAL";"I-1";"00011138";"SANTA ELENA";"NE_0001";"";"NE_0001";"NE_0001";"NE_0001";"NE_0001";"NE_0001";"NE_0001";"NE_0001"
"2023";"11";"120606";"JUNIN";"SATIPO";"PANGOA";"GOBIERNO REGIONAL";"I-1";"00021803";"LOS MANANTIALES";"NE_0001";"";"NE_0001";"NE_0001";"NE_0001";"NE_0001";"NE_0001";"NE_0001";"NE_0001"
"2023";"07";"130101";"LA LIBERTAD";"TRUJILLO";"TRUJILLO";"PRIVADO";"II-E";"00021768";"CLINICA PROSALUD";"240100";"HOSPITALIZACIÓN QUIRÚRGICA CIRUGÍA GENERAL ";"67";"67";"85";"120";"5";"150";"0"
"2023";"08";"130101";"LA LIBERTAD";"TRUJILLO";"TRUJILLO";"PRIVADO";"II-E";"00021768";"CLINICA PROSALUD";"241400";"HOSPITALIZACIÓN QUIRÚRGICA GINECO - OBSTETRICIA ";"134";"134";"145";"182";"12";"217";"0"
"2023";"08";"130101";"LA LIBERTAD";"TRUJILLO";"TRUJILLO";"PRIVADO";"II-E";"00021768";"CLINICA PROSALUD";"240100";"HOSPITALIZACIÓN QUIRÚRGICA CIRUGÍA GENERAL ";"75";"75";"98";"122";"5";"150";"0"
"2023";"09";"130101";"LA LIBERTAD";"TRUJILLO";"TRUJILLO";"PRIVADO";"II-E";"00021768";"CLINICA PROSALUD";"241400";"HOSPITALIZACIÓN QUIRÚRGICA GINECO - OBSTETRICIA ";"127";"127";"154";"188";"12";"206";"0"
"2023";"09";"130101";"LA LIBERTAD";"TRUJILLO";"TRUJILLO";"PRIVADO";"II-E";"00021768";"CLINICA PROSALUD";"240100";"HOSPITALIZACIÓN QUIRÚRGICA CIRUGÍA GENERAL ";"64";"64";"88";"122";"5";"150";"0"
"2023";"10";"130101";"LA LIBERTAD";"TRUJILLO";"TRUJILLO";"PRIVADO";"II-E";"00021768";"CLINICA PROSALUD";"241400";"HOSPITALIZACIÓN QUIRÚRGICA GINECO - OBSTETRICIA ";"152";"152";"184";"212";"12";"242";"0"
"2023";"10";"130101";"LA LIBERTAD";"TRUJILLO";"TRUJILLO";"PRIVADO";"II-E";"00021768";"CLINICA PROSALUD";"240100";"HOSPITALIZACIÓN QUIRÚRGICA CIRUGÍA GENERAL ";"56";"56";"88";"114";"5";"146";"0"
"2023";"11";"060101";"CAJAMARCA";"CAJAMARCA";"CAJAMARCA";"GOBIERNO REGIONAL";"I-2";"00004641";"MICAELA BASTIDAS";"NE_0001";"";"NE_0001";"NE_0001";"NE_0001";"NE_0001";"NE_0001";"NE_0001";"NE_0001"
"2023";"11";"060101";"CAJAMARCA";"CAJAMARCA";"CAJAMARCA";"GOBIERNO REGIONAL";"I-3";"00004640";"LA TULPUNA";"NE_0001";"";"NE_0001";"NE_0001";"NE_0001";"NE_0001";"NE_0001";"NE_0001";"NE_0001"
"2023";"11";"060101";"CAJAMARCA";"CAJAMARCA";"CAJAMARCA";"GOBIERNO REGIONAL";"I-1";"00004643";"AGOCUCHO";"NE_0001";"";"NE_0001";"NE_0001";"NE_0001";"NE_0001";"NE_0001";"NE_0001";"NE_0001"
"2023";"11";"101002";"HUANUCO";"LAURICOCHA";"BAÑOS";"ESSALUD";"I-2";"00027081";"POSTA MÉDICA BAÑOS";"NE_0001";"";"NE_0001";"NE_0001";"NE_0001";"NE_0001";"NE_0001";"NE_0001";"NE_0001"
"2023";"11";"100509";"HUANUCO";"HUAMALIES";"PUÑOS";"GOBIERNO REGIONAL";"I-3";"00000892";"PUÑOS";"NE_0001";"";"NE_0001";"NE_0001";"NE_0001";"NE_0001";"NE_0001";"NE_0001";"NE_0001"
"2023";"11";"100509";"HUANUCO";"HUAMALIES";"PUÑOS";"GOBIERNO REGIONAL";"I-1";"00000894";"ILLAHUASI";"NE_0001";"";"NE_0001";"NE_0001";"NE_0001";"NE_0001";"NE_0001";"NE_0001";"NE_0001"
"2023";"11";"100509";"HUANUCO";"HUAMALIES";"PUÑOS";"GOBIERNO REGIONAL";"I-2";"00000893";"POQUE";"NE_0001";"";"NE_0001";"NE_0001";"NE_0001";"NE_0001";"NE_0001";"NE_0001";"NE_0001"
"2023";"03";"030201";"APURIMAC";"ANDAHUAYLAS";"ANDAHUAYLAS";"PRIVADO";"II-E";"00014403";"CLINICA DEL NIÑO ANDAHUAYLAS";"NE_0001";"";"NE_0001";"NE_0001";"NE_0001";"NE_0001";"NE_0001";"NE_0001";"NE_0001"
"2023";"11";"060308";"CAJAMARCA";"CELENDIN";"OXAMARCA";"GOBIERNO REGIONAL";"I-1";"00009046";"MINASCONGA";"NE_0001";"";"NE_0001";"NE_0001";"NE_0001";"NE_0001";"NE_0001";"NE_0001";"NE_0001"
"2023";"11";"060310";"CAJAMARCA";"CELENDIN";"SUCRE";"GOBIERNO REGIONAL";"I-1";"00025043";"CRUZCONGA";"NE_0001";"";"NE_0001";"NE_0001";"NE_0001";"NE_0001";"NE_0001";"NE_0001";"NE_0001"
"2023";"07";"030201";"APURIMAC";"ANDAHUAYLAS";"ANDAHUAYLAS";"PRIVADO";"II-E";"00014403";"CLINICA DEL NIÑO ANDAHUAYLAS";"NE_0001";"";"NE_0001";"NE_0001";"NE_0001";"NE_0001";"NE_0001";"NE_0001";"NE_0001"
"2023";"11";"221005";"SAN MARTIN";"TOCACHE";"UCHIZA";"ESSALUD";"I-2";"00010704";"POSTA MEDICA UCHIZA";"NE_0001";"";"NE_0001";"NE_0001";"NE_0001";"NE_0001";"NE_0001";"NE_0001";"NE_0001"
"2023";"09";"021902";"ANCASH";"SIHUAS";"ACOBAMBA";"GOBIERNO REGIONAL";"I-1";"00001799";"PUESTO DE SALUD ACOBAMBA";"241400";"HOSPITALIZACIÓN QUIRÚRGICA GINECO - OBSTETRICIA ";"2";"2";"2";"2";"2";"3";"0"
"2023";"09";"021905";"ANCASH";"SIHUAS";"CHINGALPO";"GOBIERNO REGIONAL";"I-1";"00001800";"PUESTO DE SALUD CHINGALPO";"NE_0002";"";"NE_0002";"NE_0002";"NE_0002";"NE_0002";"NE_0002";"NE_0002";"NE_0002"
"2023";"09";"021905";"ANCASH";"SIHUAS";"CHINGALPO";"GOBIERNO REGIONAL";"I-1";"00001754";"PUESTO DE SALUD SAN MIGUEL";"NE_0002";"";"NE_0002";"NE_0002";"NE_0002";"NE_0002";"NE_0002";"NE_0002";"NE_0002"
"2023";"09";"021903";"ANCASH";"SIHUAS";"ALFONSO UGARTE";"GOBIERNO REGIONAL";"I-1";"00001805";"PUESTO DE SALUD ULLOLLUCO";"NE_0002";"";"NE_0002";"NE_0002";"NE_0002";"NE_0002";"NE_0002";"NE_0002";"NE_0002"
"2023";"09";"021907";"ANCASH";"SIHUAS";"QUICHES";"GOBIERNO REGIONAL";"I-1";"00001807";"PUESTO DE SALUD JOCOSBAMBA";"241400";"HOSPITALIZACIÓN QUIRÚRGICA GINECO - OBSTETRICIA ";"1";"1";"1";"1";"1";"2";"0"
"2023";"09";"021907";"ANCASH";"SIHUAS";"QUICHES";"GOBIERNO REGIONAL";"I-3";"00001806";"CENTRO DE SALUD QUICHES";"NE_0002";"";"NE_0002";"NE_0002";"NE_0002";"NE_0002";"NE_0002";"NE_0002";"NE_0002"
"2023";"09";"220406";"SAN MARTIN";"HUALLAGA";"TINGO DE SAPOSOA";"GOBIERNO REGIONAL";"I-1";"00006546";"TINGO DE SAPOSOA";"NE_0001";"";"NE_0001";"NE_0001";"NE_0001";"NE_0001";"NE_0001";"NE_0001";"NE_0001"
"2023";"09";"220201";"SAN MARTIN";"BELLAVISTA";"BELLAVISTA";"GOBIERNO REGIONAL";"I-1";"00006512";"NUEVA FLORIDA";"NE_0001";"";"NE_0001";"NE_0001";"NE_0001";"NE_0001";"NE_0001";"NE_0001";"NE_0001"
"2023";"09";"220201";"SAN MARTIN";"BELLAVISTA";"BELLAVISTA";"GOBIERNO REGIONAL";"I-1";"00006513";"HUACHO";"NE_0001";"";"NE_0001";"NE_0001";"NE_0001";"NE_0001";"NE_0001";"NE_0001";"NE_0001"
"2023";"09";"220201";"SAN MARTIN";"BELLAVISTA";"BELLAVISTA";"GOBIERNO REGIONAL";"I-1";"00006505";"LIMON";"NE_0001";"";"NE_0001";"NE_0001";"NE_0001";"NE_0001";"NE_0001";"NE_0001";"NE_0001"
"2023";"09";"150130";"LIMA";"LIMA";"SAN BORJA";"PRIVADO";"II-E";"00017634";"CLINICA ONCOSALUD";"240000";"HOSPITALIZACIÓN";"316";"317";"2246";"2071";"69";"2070";"21"
"2023";"09";"140106";"LAMBAYEQUE";"CHICLAYO";"LA VICTORIA";"PRIVADO";"II-E";"00010972";"HOSPITAL PRIVADO JUAN PABLO II SAC";"240000";"HOSPITALIZACIÓN";"30";"200";"658";"324";"38";"1140";"5"
"2023";"09";"120302";"JUNIN";"CHANCHAMAYO";"PERENE";"GOBIERNO REGIONAL";"I-1";"00000322";"LIBERTAD TOTERANI";"NE_0001";"";"NE_0001";"NE_0001";"NE_0001";"NE_0001";"NE_0001";"NE_0001";"NE_0001"
"2023";"09";"120302";"JUNIN";"CHANCHAMAYO";"PERENE";"GOBIERNO REGIONAL";"I-1";"00000323";"INCHATINGARI";"NE_0001";"";"NE_0001";"NE_0001";"NE_0001";"NE_0001";"NE_0001";"NE_0001";"NE_0001"
"2023";"09";"120302";"JUNIN";"CHANCHAMAYO";"PERENE";"GOBIERNO REGIONAL";"I-2";"00000324";"LOS ANGELES DE UBIRIKI";"NE_0001";"";"NE_0001";"NE_0001";"NE_0001";"NE_0001";"NE_0001";"NE_0001";"NE_0001"
"2023";"09";"120302";"JUNIN";"CHANCHAMAYO";"PERENE";"GOBIERNO REGIONAL";"I-1";"00000327";"ALTO PUMPURIANI";"NE_0001";"";"NE_0001";"NE_0001";"NE_0001";"NE_0001";"NE_0001";"NE_0001";"NE_0001"
"2023";"09";"120302";"JUNIN";"CHANCHAMAYO";"PERENE";"GOBIERNO REGIONAL";"I-1";"00000335";"ZONA PATRIA";"NE_0001";"";"NE_0001";"NE_0001";"NE_0001";"NE_0001";"NE_0001";"NE_0001";"NE_0001"
"2023";"09";"120302";"JUNIN";"CHANCHAMAYO";"PERENE";"GOBIERNO REGIONAL";"I-3";"00000320";"PUERTO YURINAKI";"NE_0001";"";"NE_0001";"NE_0001";"NE_0001";"NE_0001";"NE_0001";"NE_0001";"NE_0001"
"2023";"09";"120302";"JUNIN";"CHANCHAMAYO";"PERENE";"GOBIERNO REGIONAL";"I-2";"00000325";"CENTRO POBLADO MENOR LA FLORIDA";"NE_0001";"";"NE_0001";"NE_0001";"NE_0001";"NE_0001";"NE_0001";"NE_0001";"NE_0001"
"2023";"09";"120302";"JUNIN";"CHANCHAMAYO";"PERENE";"GOBIERNO REGIONAL";"I-1";"00000329";"HUACAMAYO";"NE_0001";"";"NE_0001";"NE_0001";"NE_0001";"NE_0001";"NE_0001";"NE_0001";"NE_0001"
"2023";"09";"120304";"JUNIN";"CHANCHAMAYO";"SAN LUIS DE SHUARO";"GOBIERNO REGIONAL";"I-1";"00000336";"ALTO YAPAZ";"NE_0001";"";"NE_0001";"NE_0001";"NE_0001";"NE_0001";"NE_0001";"NE_0001";"NE_0001"
"2023";"09";"120302";"JUNIN";"CHANCHAMAYO";"PERENE";"GOBIERNO REGIONAL";"I-4";"00000318";"VILLA PERENE";"241600";"HOSPITALIZACIÓN QUIRÚRGICA OBSTETRICIA   ";"7";"6";"12";"14";"3";"93";"0"
"2023";"09";"120302";"JUNIN";"CHANCHAMAYO";"PERENE";"GOBIERNO REGIONAL";"I-4";"00000318";"VILLA PERENE";"241800";"HOSPITALIZACIÓN DE MEDICINA MEDICINA GENERAL ";"15";"13";"38";"47";"9";"279";"0"
"2023";"09";"120302";"JUNIN";"CHANCHAMAYO";"PERENE";"GOBIERNO REGIONAL";"I-2";"00000319";"BAJO MARANKIARI";"NE_0001";"";"NE_0001";"NE_0001";"NE_0001";"NE_0001";"NE_0001";"NE_0001";"NE_0001"
"2023";"09";"120302";"JUNIN";"CHANCHAMAYO";"PERENE";"GOBIERNO REGIONAL";"I-1";"00000326";"SANTA ROSA DE RIO AMARILLO";"NE_0001";"";"NE_0001";"NE_0001";"NE_0001";"NE_0001";"NE_0001";"NE_0001";"NE_0001"
"2023";"09";"120302";"JUNIN";"CHANCHAMAYO";"PERENE";"GOBIERNO REGIONAL";"I-1";"00000332";"ALTO SAN JUAN";"NE_0001";"";"NE_0001";"NE_0001";"NE_0001";"NE_0001";"NE_0001";"NE_0001";"NE_0001"
"2023";"09";"120302";"JUNIN";"CHANCHAMAYO";"PERENE";"GOBIERNO REGIONAL";"I-1";"00000333";"CENTRO TOTERANI";"NE_0001";"";"NE_0001";"NE_0001";"NE_0001";"NE_0001";"NE_0001";"NE_0001";"NE_0001"
"2023";"09";"120302";"JUNIN";"CHANCHAMAYO";"PERENE";"GOBIERNO REGIONAL";"I-1";"00007319";"SANTA ROSA TOTERANI";"NE_0001";"";"NE_0001";"NE_0001";"NE_0001";"NE_0001";"NE_0001";"NE_0001";"NE_0001"
"2023";"09";"120302";"JUNIN";"CHANCHAMAYO";"PERENE";"GOBIERNO REGIONAL";"I-2";"00014385";"MARISCAL CACERES";"NE_0001";"";"NE_0001";"NE_0001";"NE_0001";"NE_0001";"NE_0001";"NE_0001";"NE_0001"
"2023";"09";"120302";"JUNIN";"CHANCHAMAYO";"PERENE";"GOBIERNO REGIONAL";"I-1";"00000331";"LOS ANGELES TOTERANI";"NE_0001";"";"NE_0001";"NE_0001";"NE_0001";"NE_0001";"NE_0001";"NE_0001";"NE_0001"
"2023";"09";"120302";"JUNIN";"CHANCHAMAYO";"PERENE";"GOBIERNO REGIONAL";"I-2";"00000321";"ALTO YURINAKI";"NE_0001";"";"NE_0001";"NE_0001";"NE_0001";"NE_0001";"NE_0001";"NE_0001";"NE_0001"
"2023";"09";"120302";"JUNIN";"CHANCHAMAYO";"PERENE";"GOBIERNO REGIONAL";"I-1";"00000328";"CHURINGAVENI";"NE_0001";"";"NE_0001";"NE_0001";"NE_0001";"NE_0001";"NE_0001";"NE_0001";"NE_0001"
"2023";"09";"120302";"JUNIN";"CHANCHAMAYO";"PERENE";"GOBIERNO REGIONAL";"I-3";"00000330";"SAN FERNANDO DE KIVINAKI";"NE_0001";"";"NE_0001";"NE_0001";"NE_0001";"NE_0001";"NE_0001";"NE_0001";"NE_0001"
"2023";"09";"120302";"JUNIN";"CHANCHAMAYO";"PERENE";"GOBIERNO REGIONAL";"I-1";"00006737";"JOSE OLAYA";"NE_0001";"";"NE_0001";"NE_0001";"NE_0001";"NE_0001";"NE_0001";"NE_0001";"NE_0001"
"2023";"09";"120302";"JUNIN";"CHANCHAMAYO";"PERENE";"GOBIERNO REGIONAL";"I-1";"00007362";"UNION PUCUSANI";"NE_0001";"";"NE_0001";"NE_0001";"NE_0001";"NE_0001";"NE_0001";"NE_0001";"NE_0001"
"2023";"09";"120302";"JUNIN";"CHANCHAMAYO";"PERENE";"GOBIERNO REGIONAL";"I-1";"00014384";"JOSE GALVEZ";"NE_0001";"";"NE_0001";"NE_0001";"NE_0001";"NE_0001";"NE_0001";"NE_0001";"NE_0001"
"2023";"09";"120301";"JUNIN";"CHANCHAMAYO";"CHANCHAMAYO";"GOBIERNO REGIONAL";"I-1";"00000310";"VILLA DORADA";"NE_0001";"";"NE_0001";"NE_0001";"NE_0001";"NE_0001";"NE_0001";"NE_0001";"NE_0001"
"2023";"09";"120302";"JUNIN";"CHANCHAMAYO";"PERENE";"GOBIERNO REGIONAL";"I-1";"00000334";"SANTA ROSA DE CAMONASHARI";"NE_0001";"";"NE_0001";"NE_0001";"NE_0001";"NE_0001";"NE_0001";"NE_0001";"NE_0001"
"2023";"09";"150101";"LIMA";"LIMA";"LIMA";"PRIVADO";"II-1";"00011087";"CLINICA LA LUZ S.A.C.";"240000";"HOSPITALIZACIÓN";"90";"94";"149";"92";"15";"150";"0"
"2023";"09";"120704";"JUNIN";"TARMA";"HUASAHUASI";"GOBIERNO REGIONAL";"I-1";"00000547";"CHIRAS";"NE_0001";"";"NE_0001";"NE_0001";"NE_0001";"NE_0001";"NE_0001";"NE_0001";"NE_0001"
"2023";"09";"120704";"JUNIN";"TARMA";"HUASAHUASI";"GOBIERNO REGIONAL";"I-1";"00000544";"PUNRAY";"NE_0001";"";"NE_0001";"NE_0001";"NE_0001";"NE_0001";"NE_0001";"NE_0001";"NE_0001"
"2023";"09";"120704";"JUNIN";"TARMA";"HUASAHUASI";"GOBIERNO REGIONAL";"I-1";"00000543";"CASCA";"NE_0001";"";"NE_0001";"NE_0001";"NE_0001";"NE_0001";"NE_0001";"NE_0001";"NE_0001"
"2023";"09";"120704";"JUNIN";"TARMA";"HUASAHUASI";"GOBIERNO REGIONAL";"I-4";"00000542";"HUASAHUASI";"241600";"HOSPITALIZACIÓN QUIRÚRGICA OBSTETRICIA   ";"3";"3";"3";"3";"3";"90";"0"
"2023";"09";"120704";"JUNIN";"TARMA";"HUASAHUASI";"GOBIERNO REGIONAL";"I-1";"00000546";"SAN JUAN DE LA LIBERTAD";"NE_0001";"";"NE_0001";"NE_0001";"NE_0001";"NE_0001";"NE_0001";"NE_0001";"NE_0001"
"2023";"09";"120704";"JUNIN";"TARMA";"HUASAHUASI";"GOBIERNO REGIONAL";"I-1";"00000545";"HUACUAS";"NE_0001";"";"NE_0001";"NE_0001";"NE_0001";"NE_0001";"NE_0001";"NE_0001";"NE_0001"
"2023";"09";"120704";"JUNIN";"TARMA";"HUASAHUASI";"GOBIERNO REGIONAL";"I-1";"00000548";"TIAMBRA";"NE_0001";"";"NE_0001";"NE_0001";"NE_0001";"NE_0001";"NE_0001";"NE_0001";"NE_0001"
"2023";"09";"100102";"HUANUCO";"HUANUCO";"AMARILIS";"GOBIERNO REGIONAL";"II-E";"00000756";"HOSPITAL MATERNO INFANTIL CARLOS SHOWING FERRARI";"241400";"HOSPITALIZACIÓN QUIRÚRGICA GINECO - OBSTETRICIA ";"178";"194";"399";"593";"25";"750";"0"
"2023";"09";"100102";"HUANUCO";"HUANUCO";"AMARILIS";"GOBIERNO REGIONAL";"II-E";"00000756";"HOSPITAL MATERNO INFANTIL CARLOS SHOWING FERRARI";"242500";"HOSPITALIZACIÓN-PEDIATRÍA GENERAL-";"20";"23";"82";"105";"11";"330";"0"
"2023";"09";"100102";"HUANUCO";"HUANUCO";"AMARILIS";"GOBIERNO REGIONAL";"II-E";"00000756";"HOSPITAL MATERNO INFANTIL CARLOS SHOWING FERRARI";"243200";"HOSPITALIZACIÓN DE PEDIATRÍA PEDIATRIA NEONATOLOGÍA";"34";"41";"123";"164";"11";"330";"0"
"2023";"10";"051011";"AYACUCHO";"VICTOR FAJARDO";"SARHUA";"GOBIERNO REGIONAL";"I-1";"00003505";"TOMANGA";"NE_0001";"";"NE_0001";"NE_0001";"NE_0001";"NE_0001";"NE_0001";"NE_0001";"NE_0001"
"2023";"10";"051011";"AYACUCHO";"VICTOR FAJARDO";"SARHUA";"GOBIERNO REGIONAL";"I-1";"00003500";"PUESTO DE SALUD CHUQUI HUARCAYA";"NE_0001";"";"NE_0001";"NE_0001";"NE_0001";"NE_0001";"NE_0001";"NE_0001";"NE_0001"
"2023";"10";"050202";"AYACUCHO";"CANGALLO";"CHUSCHI";"GOBIERNO REGIONAL";"I-3";"00003502";"CENTRO DE SALUD CHUSCHI";"241400";"HOSPITALIZACIÓN QUIRÚRGICA GINECO - OBSTETRICIA ";"4";"4";"10";"2";"3";"4";"0"
"2023";"10";"050202";"AYACUCHO";"CANGALLO";"CHUSCHI";"GOBIERNO REGIONAL";"I-1";"00003504";"PUESTO DE SALUD CANCHA CANCHA";"NE_0001";"";"NE_0001";"NE_0001";"NE_0001";"NE_0001";"NE_0001";"NE_0001";"NE_0001"
"2023";"10";"050204";"AYACUCHO";"CANGALLO";"MARIA PARADO DE BELLIDO";"GOBIERNO REGIONAL";"I-3";"00003509";"CENTRO DE SALUD POMABAMBA";"240100";"HOSPITALIZACIÓN QUIRÚRGICA CIRUGÍA GENERAL ";"1";"1";"1";"3";"5";"6";"0"
"2023";"10";"050204";"AYACUCHO";"CANGALLO";"MARIA PARADO DE BELLIDO";"GOBIERNO REGIONAL";"I-3";"00003509";"CENTRO DE SALUD POMABAMBA";"241400";"HOSPITALIZACIÓN QUIRÚRGICA GINECO - OBSTETRICIA ";"6";"6";"10";"1";"2";"4";"0"
"2023";"10";"051011";"AYACUCHO";"VICTOR FAJARDO";"SARHUA";"GOBIERNO REGIONAL";"I-3";"00003512";"PUESTO DE SALUD SARHUA";"NE_0002";"";"NE_0002";"NE_0002";"NE_0002";"NE_0002";"NE_0002";"NE_0002";"NE_0002"
"2023";"10";"050202";"AYACUCHO";"CANGALLO";"CHUSCHI";"GOBIERNO REGIONAL";"I-1";"00003503";"PUESTO DE SALUD CHACOLLA";"NE_0001";"";"NE_0001";"NE_0001";"NE_0001";"NE_0001";"NE_0001";"NE_0001";"NE_0001"
"2023";"10";"051008";"AYACUCHO";"VICTOR FAJARDO";"HUAMANQUIQUIA";"GOBIERNO REGIONAL";"I-1";"00003832";"PUESTO DE SALUD PATARA";"NE_0001";"";"NE_0001";"NE_0001";"NE_0001";"NE_0001";"NE_0001";"NE_0001";"NE_0001"
"2023";"10";"051002";"AYACUCHO";"VICTOR FAJARDO";"ALCAMENCA";"GOBIERNO REGIONAL";"I-1";"00003510";"PUESTO DE SALUD CARAMPA";"NE_0001";"";"NE_0001";"NE_0001";"NE_0001";"NE_0001";"NE_0001";"NE_0001";"NE_0001"
"2023";"10";"051011";"AYACUCHO";"VICTOR FAJARDO";"SARHUA";"GOBIERNO REGIONAL";"I-1";"00003511";"PUESTO DE SALUD AUQUILLA";"NE_0001";"";"NE_0001";"NE_0001";"NE_0001";"NE_0001";"NE_0001";"NE_0001";"NE_0001"
"2023";"10";"060502";"CAJAMARCA";"CONTUMAZA";"CHILETE";"GOBIERNO REGIONAL";"I-1";"00004545";"LLALLAN";"NE_0001";"";"NE_0001";"NE_0001";"NE_0001";"NE_0001";"NE_0001";"NE_0001";"NE_0001"
"2023";"10";"060501";"CAJAMARCA";"CONTUMAZA";"CONTUMAZA";"GOBIERNO REGIONAL";"I-1";"00004630";"EL MOTE";"NE_0001";"";"NE_0001";"NE_0001";"NE_0001";"NE_0001";"NE_0001";"NE_0001";"NE_0001"
"2023";"10";"060501";"CAJAMARCA";"CONTUMAZA";"CONTUMAZA";"GOBIERNO REGIONAL";"I-1";"00004632";"CORRALES DE CHANTA";"NE_0001";"";"NE_0001";"NE_0001";"NE_0001";"NE_0001";"NE_0001";"NE_0001";"NE_0001"
"2023";"10";"060502";"CAJAMARCA";"CONTUMAZA";"CHILETE";"GOBIERNO REGIONAL";"I-4";"00004538";"DE APOYO CHILETE";"240000";"HOSPITALIZACIÓN";"15";"15";"42";"44";"238";"299";"0"
"2023";"10";"060507";"CAJAMARCA";"CONTUMAZA";"TANTARICA";"GOBIERNO REGIONAL";"I-2";"00004544";"CATÁN - TANTARICA";"NE_0001";"";"NE_0001";"NE_0001";"NE_0001";"NE_0001";"NE_0001";"NE_0001";"NE_0001"
"2023";"10";"060501";"CAJAMARCA";"CONTUMAZA";"CONTUMAZA";"GOBIERNO REGIONAL";"I-1";"00004622";"CATUDEN";"NE_0001";"";"NE_0001";"NE_0001";"NE_0001";"NE_0001";"NE_0001";"NE_0001";"NE_0001"
"2023";"10";"150117";"LIMA";"LIMA";"LOS OLIVOS";"PRIVADO";"II-E";"00017385";"CLINICA SAN BARTOLOME";"240000";"HOSPITALIZACIÓN";"16";"16";"12";"18";"7";"217";"0"
"2023";"10";"210801";"PUNO";"MELGAR";"AYAVIRI";"GOBIERNO REGIONAL";"II-1";"00003156";"SAN JUAN DE DIOS (AYAVIRI)";"240100";"HOSPITALIZACIÓN QUIRÚRGICA CIRUGÍA GENERAL ";"47";"51";"234";"247";"19";"589";"0"
"2023";"10";"210801";"PUNO";"MELGAR";"AYAVIRI";"GOBIERNO REGIONAL";"II-1";"00003156";"SAN JUAN DE DIOS (AYAVIRI)";"241500";"HOSPITALIZACIÓN QUIRÚRGICA GINECOLOGÍA  ";"56";"60";"147";"147";"6";"186";"1"
"2023";"10";"210801";"PUNO";"MELGAR";"AYAVIRI";"GOBIERNO REGIONAL";"II-1";"00003156";"SAN JUAN DE DIOS (AYAVIRI)";"241600";"HOSPITALIZACIÓN QUIRÚRGICA OBSTETRICIA   ";"51";"52";"97";"150";"7";"217";"0"
"2023";"10";"210801";"PUNO";"MELGAR";"AYAVIRI";"GOBIERNO REGIONAL";"II-1";"00003156";"SAN JUAN DE DIOS (AYAVIRI)";"241800";"HOSPITALIZACIÓN DE MEDICINA MEDICINA GENERAL ";"16";"19";"113";"113";"14";"434";"1"
"2023";"10";"210801";"PUNO";"MELGAR";"AYAVIRI";"GOBIERNO REGIONAL";"II-1";"00003156";"SAN JUAN DE DIOS (AYAVIRI)";"242500";"HOSPITALIZACIÓN-PEDIATRÍA GENERAL-";"23";"27";"108";"118";"7";"217";"0"
"2023";"10";"210801";"PUNO";"MELGAR";"AYAVIRI";"GOBIERNO REGIONAL";"II-1";"00003156";"SAN JUAN DE DIOS (AYAVIRI)";"243200";"HOSPITALIZACIÓN DE PEDIATRÍA PEDIATRIA NEONATOLOGÍA";"41";"44";"156";"93";"3";"175";"0"
"2023";"10";"150130";"LIMA";"LIMA";"SAN BORJA";"PRIVADO";"II-E";"00011372";"FUTURO VISION";"NE_0001";"";"NE_0001";"NE_0001";"NE_0001";"NE_0001";"NE_0001";"NE_0001";"NE_0001"
"2023";"10";"150101";"LIMA";"LIMA";"LIMA";"PRIVADO";"II-2";"00008281";"CLINICA MAISON DE SANTE  DE LIMA";"240000";"HOSPITALIZACIÓN";"69";"66";"180";"278";"20";"620";"0"
"2023";"10";"150101";"LIMA";"LIMA";"LIMA";"PRIVADO";"II-2";"00008281";"CLINICA MAISON DE SANTE  DE LIMA";"250100";"UNIDAD DE CUIDADOS CRITICOS UNIDAD  DE CUIDADOS INTENSIVOS GENERALES (UCI) ";"6";"3";"36";"41";"8";"248";"3"
"2023";"10";"120601";"JUNIN";"SATIPO";"SATIPO";"GOBIERNO REGIONAL";"I-3";"00027078";"CENTRO DE SALUD MENTAL COMUNITARIO SATIPO";"NE_0001";"";"NE_0001";"NE_0001";"NE_0001";"NE_0001";"NE_0001";"NE_0001";"NE_0001"
"2023";"10";"180301";"MOQUEGUA";"ILO";"ILO";"SANIDAD DEL EJERCITO DEL PERU";"I-2";"00028386";"AGRUPAMIENTO  DE COHETES ANTIAEREO ""CRL JOSE GALVEZ""";"NE_0001";"";"NE_0001";"NE_0001";"NE_0001";"NE_0001";"NE_0001";"NE_0001";"NE_0001"
"2023";"10";"120204";"JUNIN";"CONCEPCION";"CHAMBARA";"GOBIERNO REGIONAL";"I-1";"00000638";"SAN BLAS";"NE_0002";"";"NE_0002";"NE_0002";"NE_0002";"NE_0002";"NE_0002";"NE_0002";"NE_0002"
"2023";"10";"150101";"LIMA";"LIMA";"LIMA";"MINSA";"III-2";"00006208";"INSTITUTO NACIONAL MATERNO PERINATAL";"241400";"HOSPITALIZACIÓN QUIRÚRGICA GINECO - OBSTETRICIA ";"1272";"1243";"4297";"4720";"189";"5859";"0"
"2023";"10";"150101";"LIMA";"LIMA";"LIMA";"MINSA";"III-2";"00006208";"INSTITUTO NACIONAL MATERNO PERINATAL";"241500";"HOSPITALIZACIÓN QUIRÚRGICA GINECOLOGÍA  ";"19";"93";"354";"433";"19";"589";"0"
"2023";"10";"150101";"LIMA";"LIMA";"LIMA";"MINSA";"III-2";"00006208";"INSTITUTO NACIONAL MATERNO PERINATAL";"250102";"UNIDAD DE CUIDADOS CRITICOS UNIDAD  DE CUIDADOS INTENSIVOS GENERALES (UCI) GINECO-OBSTETRICIA";"45";"42";"183";"216";"9";"279";"0"
"2023";"04";"150701";"LIMA";"HUAROCHIRI";"MATUCANA";"GOBIERNO REGIONAL";"II-1";"00005850";"HOSPITAL SAN JUAN DE MATUCANA";"241600";"HOSPITALIZACIÓN QUIRÚRGICA OBSTETRICIA   ";"4";"4";"9";"15";"4";"120";"0"
"2023";"04";"150701";"LIMA";"HUAROCHIRI";"MATUCANA";"GOBIERNO REGIONAL";"II-1";"00005850";"HOSPITAL SAN JUAN DE MATUCANA";"241800";"HOSPITALIZACIÓN DE MEDICINA MEDICINA GENERAL ";"2";"2";"22";"24";"3";"90";"0"
"2023";"04";"150701";"LIMA";"HUAROCHIRI";"MATUCANA";"GOBIERNO REGIONAL";"II-1";"00005850";"HOSPITAL SAN JUAN DE MATUCANA";"242500";"HOSPITALIZACIÓN-PEDIATRÍA GENERAL-";"1";"1";"2";"2";"2";"60";"0"
"2023";"09";"130702";"LA LIBERTAD";"PACASMAYO";"GUADALUPE";"GOBIERNO REGIONAL";"II-1";"00005292";"HOSPITAL DE APOYO TOMAS LAFORA";"241800";"HOSPITALIZACIÓN DE MEDICINA MEDICINA GENERAL ";"17";"17";"86";"84";"14";"420";"0"
"2023";"09";"130702";"LA LIBERTAD";"PACASMAYO";"GUADALUPE";"GOBIERNO REGIONAL";"II-1";"00005292";"HOSPITAL DE APOYO TOMAS LAFORA";"240100";"HOSPITALIZACIÓN QUIRÚRGICA CIRUGÍA GENERAL ";"30";"28";"121";"136";"12";"360";"0"
"2023";"09";"130702";"LA LIBERTAD";"PACASMAYO";"GUADALUPE";"GOBIERNO REGIONAL";"II-1";"00005292";"HOSPITAL DE APOYO TOMAS LAFORA";"242300";"HOSPITALIZACIÓN DE PEDIATRÍA  PEDIATRÍA  GENERAL ";"4";"3";"12";"11";"4";"120";"0"
"2023";"09";"130702";"LA LIBERTAD";"PACASMAYO";"GUADALUPE";"GOBIERNO REGIONAL";"II-1";"00005292";"HOSPITAL DE APOYO TOMAS LAFORA";"243200";"HOSPITALIZACIÓN DE PEDIATRÍA PEDIATRIA NEONATOLOGÍA";"7";"7";"9";"9";"4";"120";"0"
"2023";"09";"130702";"LA LIBERTAD";"PACASMAYO";"GUADALUPE";"GOBIERNO REGIONAL";"II-1";"00005292";"HOSPITAL DE APOYO TOMAS LAFORA";"241600";"HOSPITALIZACIÓN QUIRÚRGICA OBSTETRICIA   ";"89";"88";"196";"203";"14";"420";"0"
"2023";"09";"130702";"LA LIBERTAD";"PACASMAYO";"GUADALUPE";"GOBIERNO REGIONAL";"II-1";"00005292";"HOSPITAL DE APOYO TOMAS LAFORA";"241500";"HOSPITALIZACIÓN QUIRÚRGICA GINECOLOGÍA  ";"36";"35";"46";"47";"3";"90";"0"
"2023";"10";"130901";"LA LIBERTAD";"SANCHEZ CARRION";"HUAMACHUCO";"GOBIERNO REGIONAL";"I-3";"00026446";"CENTRO DE SALUD MENTAL COMUNITARIO SEMBRANDO ESPERANZA DE HUAMACHUCO";"NE_0001";"";"NE_0001";"NE_0001";"NE_0001";"NE_0001";"NE_0001";"NE_0001";"NE_0001"
"2023";"10";"060101";"CAJAMARCA";"CAJAMARCA";"CAJAMARCA";"PRIVADO";"I-3";"00024687";"MEDITRAN PERU";"NE_0001";"";"NE_0001";"NE_0001";"NE_0001";"NE_0001";"NE_0001";"NE_0001";"NE_0001"
"2023";"10";"200101";"PIURA";"PIURA";"PIURA";"PRIVADO";"II-1";"00013042";"CLÍNICA LOS COCOS";"240100";"HOSPITALIZACIÓN QUIRÚRGICA CIRUGÍA GENERAL ";"94";"96";"178";"185";"12";"372";"0"
"2023";"10";"200101";"PIURA";"PIURA";"PIURA";"PRIVADO";"II-1";"00013042";"CLÍNICA LOS COCOS";"241400";"HOSPITALIZACIÓN QUIRÚRGICA GINECO - OBSTETRICIA ";"148";"147";"197";"201";"16";"496";"0"
"2023";"10";"200101";"PIURA";"PIURA";"PIURA";"PRIVADO";"II-1";"00013042";"CLÍNICA LOS COCOS";"241800";"HOSPITALIZACIÓN DE MEDICINA MEDICINA GENERAL ";"9";"8";"27";"28";"11";"341";"0"
"2023";"10";"220904";"SAN MARTIN";"SAN MARTIN";"CHAZUTA";"GOBIERNO REGIONAL";"I-1";"00006424";"ACHINAMIZA";"NE_0001";"";"NE_0001";"NE_0001";"NE_0001";"NE_0001";"NE_0001";"NE_0001";"NE_0001"
"2023";"10";"220904";"SAN MARTIN";"SAN MARTIN";"CHAZUTA";"GOBIERNO REGIONAL";"I-1";"00006430";"SANTA ROSA DE CHIPAOTA";"NE_0001";"";"NE_0001";"NE_0001";"NE_0001";"NE_0001";"NE_0001";"NE_0001";"NE_0001"
"2023";"10";"220904";"SAN MARTIN";"SAN MARTIN";"CHAZUTA";"GOBIERNO REGIONAL";"I-1";"00006427";"TUNUNTUNUMBA";"NE_0001";"";"NE_0001";"NE_0001";"NE_0001";"NE_0001";"NE_0001";"NE_0001";"NE_0001"
"2023";"10";"220904";"SAN MARTIN";"SAN MARTIN";"CHAZUTA";"GOBIERNO REGIONAL";"I-1";"00006428";"SHILCAYO";"NE_0001";"";"NE_0001";"NE_0001";"NE_0001";"NE_0001";"NE_0001";"NE_0001";"NE_0001"
"2023";"10";"220904";"SAN MARTIN";"SAN MARTIN";"CHAZUTA";"GOBIERNO REGIONAL";"I-4";"00006423";"CHAZUTA";"241600";"HOSPITALIZACIÓN QUIRÚRGICA OBSTETRICIA   ";"10";"11";"12";"12";"5";"60";"0"
"2023";"10";"220904";"SAN MARTIN";"SAN MARTIN";"CHAZUTA";"GOBIERNO REGIONAL";"I-4";"00006423";"CHAZUTA";"241800";"HOSPITALIZACIÓN DE MEDICINA MEDICINA GENERAL ";"4";"4";"5";"5";"5";"25";"0"
"2023";"10";"220904";"SAN MARTIN";"SAN MARTIN";"CHAZUTA";"GOBIERNO REGIONAL";"I-1";"00006429";"CURIYACU";"NE_0001";"";"NE_0001";"NE_0001";"NE_0001";"NE_0001";"NE_0001";"NE_0001";"NE_0001"
"2023";"10";"220904";"SAN MARTIN";"SAN MARTIN";"CHAZUTA";"GOBIERNO REGIONAL";"I-1";"00006425";"AGUANO MUYUNA";"NE_0001";"";"NE_0001";"NE_0001";"NE_0001";"NE_0001";"NE_0001";"NE_0001";"NE_0001"
"2023";"10";"220904";"SAN MARTIN";"SAN MARTIN";"CHAZUTA";"GOBIERNO REGIONAL";"I-1";"00006426";"CALLANAYACU";"NE_0001";"";"NE_0001";"NE_0001";"NE_0001";"NE_0001";"NE_0001";"NE_0001";"NE_0001"
"2023";"10";"220603";"SAN MARTIN";"MARISCAL CACERES";"HUICUNGO";"GOBIERNO REGIONAL";"I-1";"00006555";"SHEPTE";"NE_0001";"";"NE_0001";"NE_0001";"NE_0001";"NE_0001";"NE_0001";"NE_0001";"NE_0001"
"2023";"10";"060701";"CAJAMARCA";"HUALGAYOC";"BAMBAMARCA";"ESSALUD";"I-2";"00010277";"POSTA MEDICA ESSALUD BAMBAMARCA";"NE_0001";"";"NE_0001";"NE_0001";"NE_0001";"NE_0001";"NE_0001";"NE_0001";"NE_0001"
"2023";"10";"220604";"SAN MARTIN";"MARISCAL CACERES";"PACHIZA";"GOBIERNO REGIONAL";"I-1";"00006559";"SAN RAMON";"NE_0001";"";"NE_0001";"NE_0001";"NE_0001";"NE_0001";"NE_0001";"NE_0001";"NE_0001"
"2023";"10";"220601";"SAN MARTIN";"MARISCAL CACERES";"JUANJUI";"GOBIERNO REGIONAL";"I-1";"00006550";"QUINILLA";"NE_0001";"";"NE_0001";"NE_0001";"NE_0001";"NE_0001";"NE_0001";"NE_0001";"NE_0001"
"2023";"10";"220605";"SAN MARTIN";"MARISCAL CACERES";"PAJARILLO";"GOBIERNO REGIONAL";"I-1";"00006560";"ARMAYARI";"NE_0001";"";"NE_0001";"NE_0001";"NE_0001";"NE_0001";"NE_0001";"NE_0001";"NE_0001"
"2023";"10";"220601";"SAN MARTIN";"MARISCAL CACERES";"JUANJUI";"GOBIERNO REGIONAL";"I-1";"00006553";"HUAYABAMBA";"NE_0001";"";"NE_0001";"NE_0001";"NE_0001";"NE_0001";"NE_0001";"NE_0001";"NE_0001"
"2023";"10";"220601";"SAN MARTIN";"MARISCAL CACERES";"JUANJUI";"GOBIERNO REGIONAL";"I-1";"00006551";"CAYENA";"NE_0001";"";"NE_0001";"NE_0001";"NE_0001";"NE_0001";"NE_0001";"NE_0001";"NE_0001"
"2023";"10";"220604";"SAN MARTIN";"MARISCAL CACERES";"PACHIZA";"GOBIERNO REGIONAL";"I-1";"00006557";"BAGAZAN";"NE_0001";"";"NE_0001";"NE_0001";"NE_0001";"NE_0001";"NE_0001";"NE_0001";"NE_0001"
"2023";"10";"220604";"SAN MARTIN";"MARISCAL CACERES";"PACHIZA";"GOBIERNO REGIONAL";"I-1";"00006558";"SAN JUAN DEL CAÑO";"NE_0001";"";"NE_0001";"NE_0001";"NE_0001";"NE_0001";"NE_0001";"NE_0001";"NE_0001"
"2023";"10";"110101";"ICA";"ICA";"ICA";"GOBIERNO REGIONAL";"I-2";"00003375";"SENOR DE LUREN";"NE_0001";"";"NE_0001";"NE_0001";"NE_0001";"NE_0001";"NE_0001";"NE_0001";"NE_0001"
"2023";"10";"110101";"ICA";"ICA";"ICA";"GOBIERNO REGIONAL";"I-3";"00003360";"SAN JOAQUIN";"NE_0001";"";"NE_0001";"NE_0001";"NE_0001";"NE_0001";"NE_0001";"NE_0001";"NE_0001"
"2023";"10";"110101";"ICA";"ICA";"ICA";"GOBIERNO REGIONAL";"I-2";"00003376";"CACHICHE";"NE_0001";"";"NE_0001";"NE_0001";"NE_0001";"NE_0001";"NE_0001";"NE_0001";"NE_0001"
"2023";"10";"110101";"ICA";"ICA";"ICA";"GOBIERNO REGIONAL";"I-3";"00003361";"LA PALMA GRANDE";"NE_0002";"";"NE_0002";"NE_0002";"NE_0002";"NE_0002";"NE_0002";"NE_0002";"NE_0002"
"2023";"10";"110101";"ICA";"ICA";"ICA";"MINSA";"I-2";"00003377";"EL HUARANGO";"NE_0001";"";"NE_0001";"NE_0001";"NE_0001";"NE_0001";"NE_0001";"NE_0001";"NE_0001"
"2023";"11";"200104";"PIURA";"PIURA";"CASTILLA";"SANIDAD DEL EJERCITO DEL PERU";"I-4";"00012953";"HOSPITAL MILITAR I DIVISION DEL EJERCITO PIURA";"240000";"HOSPITALIZACIÓN";"1";"1";"1";"1";"11";"12";"1"
"2023";"11";"150141";"LIMA";"LIMA";"SURQUILLO";"SANIDAD DE LA POLICIA NACIONAL DEL PERU";"I-3";"00012822";"CENTRO ODONTOLOGICO PNP ANGAMOS";"NE_0001";"";"NE_0001";"NE_0001";"NE_0001";"NE_0001";"NE_0001";"NE_0001";"NE_0001"
"2023";"11";"150117";"LIMA";"LIMA";"LOS OLIVOS";"PRIVADO";"II-E";"00023151";"CLINICA CORI";"240000";"HOSPITALIZACIÓN";"45";"50";"56";"74";"14";"422";"0"
"2023";"11";"150122";"LIMA";"LIMA";"MIRAFLORES";"PRIVADO";"II-E";"00028941";"Instituto de Glaucoma y Catarata";"NE_0001";"";"NE_0001";"NE_0001";"NE_0001";"NE_0001";"NE_0001";"NE_0001";"NE_0001"
"2023";"11";"021602";"ANCASH";"POMABAMBA";"HUAYLLAN";"GOBIERNO REGIONAL";"I-1";"00001774";"PUESTO DE SALUD HUAYCHO";"NE_0002";"";"NE_0002";"NE_0002";"NE_0002";"NE_0002";"NE_0002";"NE_0002";"NE_0002"
"2023";"11";"021307";"ANCASH";"MARISCAL LUZURIAGA";"LUCMA";"GOBIERNO REGIONAL";"I-2";"00001790";"PUESTO DE SALUD LUCMA";"NE_0002";"";"NE_0002";"NE_0002";"NE_0002";"NE_0002";"NE_0002";"NE_0002";"NE_0002"
"2023";"11";"021307";"ANCASH";"MARISCAL LUZURIAGA";"LUCMA";"GOBIERNO REGIONAL";"I-1";"00001791";"PUESTO DE SALUD SECCHA";"NE_0002";"";"NE_0002";"NE_0002";"NE_0002";"NE_0002";"NE_0002";"NE_0002";"NE_0002"
"2023";"11";"021601";"ANCASH";"POMABAMBA";"POMABAMBA";"GOBIERNO REGIONAL";"I-2";"00001768";"PUESTO DE SALUD VILCABAMBA";"NE_0002";"";"NE_0002";"NE_0002";"NE_0002";"NE_0002";"NE_0002";"NE_0002";"NE_0002"
"2023";"11";"021601";"ANCASH";"POMABAMBA";"POMABAMBA";"GOBIERNO REGIONAL";"I-1";"00001766";"PUESTO DE SALUD SOCSI";"NE_0002";"";"NE_0002";"NE_0002";"NE_0002";"NE_0002";"NE_0002";"NE_0002";"NE_0002"
"2023";"11";"021602";"ANCASH";"POMABAMBA";"HUAYLLAN";"GOBIERNO REGIONAL";"I-1";"00001772";"PUESTO DE SALUD HUAYLLAN";"NE_0002";"";"NE_0002";"NE_0002";"NE_0002";"NE_0002";"NE_0002";"NE_0002";"NE_0002"
"2023";"11";"100601";"HUANUCO";"LEONCIO PRADO";"RUPA-RUPA";"SANIDAD DE LA POLICIA NACIONAL DEL PERU";"I-2";"00015771";"POSTA MEDICA POLICIAL TINGO MARIA";"NE_0001";"";"NE_0001";"NE_0001";"NE_0001";"NE_0001";"NE_0001";"NE_0001";"NE_0001"
"2023";"11";"150101";"LIMA";"LIMA";"LIMA";"ESSALUD";"I-3";"00008539";"POLICLINICO CHINCHA";"NE_0001";"";"NE_0001";"NE_0001";"NE_0001";"NE_0001";"NE_0001";"NE_0001";"NE_0001"
"2023";"10";"150106";"LIMA";"LIMA";"CARABAYLLO";"ESSALUD";"I-3";"00026009";"CAP III CARABAYLLO";"NE_0001";"";"NE_0001";"NE_0001";"NE_0001";"NE_0001";"NE_0001";"NE_0001";"NE_0001"
"2023";"11";"130702";"LA LIBERTAD";"PACASMAYO";"GUADALUPE";"ESSALUD";"I-2";"00012101";"POSTA DE SALUD GUADALUPE";"NE_0001";"";"NE_0001";"NE_0001";"NE_0001";"NE_0001";"NE_0001";"NE_0001";"NE_0001"
"2023";"11";"040704";"AREQUIPA";"ISLAY";"ISLAY";"ESSALUD";"I-2";"00012192";"POSTA MEDICA MATARANI";"NE_0002";"";"NE_0002";"NE_0002";"NE_0002";"NE_0002";"NE_0002";"NE_0002";"NE_0002"
"2023";"11";"230302";"TACNA";"JORGE BASADRE";"ILABAYA";"ESSALUD";"I-2";"00010191";"CENTRO DE ATENCION PRIMARIA I   ILABAYA";"NE_0001";"";"NE_0001";"NE_0001";"NE_0001";"NE_0001";"NE_0001";"NE_0001";"NE_0001"
"2023";"10";"140101";"LAMBAYEQUE";"CHICLAYO";"CHICLAYO";"PRIVADO";"II-E";"00008730";"BM CLINICA";"240000";"HOSPITALIZACIÓN";"48";"46";"145";"48";"10";"310";"0"
"2023";"10";"140101";"LAMBAYEQUE";"CHICLAYO";"CHICLAYO";"PRIVADO";"II-E";"00008730";"BM CLINICA";"250000";"UNIDAD DE CUIDADOS CRITICOS  ";"9";"8";"23";"9";"6";"186";"2"
"2023";"10";"150113";"LIMA";"LIMA";"JESUS MARIA";"PRIVADO";"I-3";"00010439";"CENTRO CLINICO JESUS MARIA";"NE_0002";"";"NE_0002";"NE_0002";"NE_0002";"NE_0002";"NE_0002";"NE_0002";"NE_0002"
"2023";"11";"150132";"LIMA";"LIMA";"SAN JUAN DE LURIGANCHO";"PRIVADO";"II-E";"00033622";"CLINICA GRAN CHIMU";"240000";"HOSPITALIZACIÓN";"0";"0";"0";"300";"10";"300";"0"
"2023";"11";"040118";"AREQUIPA";"AREQUIPA";"SAN JUAN DE SIGUAS";"GOBIERNO REGIONAL";"I-1";"00001339";"PUESTO DE SALUD SAN JUAN DE SIGUAS - TAMBILLO";"NE_0001";"";"NE_0001";"NE_0001";"NE_0001";"NE_0001";"NE_0001";"NE_0001";"NE_0001"
"2023";"11";"040520";"AREQUIPA";"CAYLLOMA";"MAJES";"GOBIERNO REGIONAL";"I-3";"00023969";"CENTRO DE SALUD MENTAL COMUNITARIO MAJES";"NE_0001";"";"NE_0001";"NE_0001";"NE_0001";"NE_0001";"NE_0001";"NE_0001";"NE_0001"
"2023";"11";"040520";"AREQUIPA";"CAYLLOMA";"MAJES";"GOBIERNO REGIONAL";"I-2";"00001341";"ASENTAMIENTO B-1";"NE_0001";"";"NE_0001";"NE_0001";"NE_0001";"NE_0001";"NE_0001";"NE_0001";"NE_0001"
"2023";"11";"040520";"AREQUIPA";"CAYLLOMA";"MAJES";"GOBIERNO REGIONAL";"0";"00030864";"HOGAR PROTEGIDO ""HACIA UNA NUEVA VIDA""";"NE_0001";"";"NE_0001";"NE_0001";"NE_0001";"NE_0001";"NE_0001";"NE_0001";"NE_0001"
"2023";"11";"040120";"AREQUIPA";"AREQUIPA";"SANTA ISABEL DE SIGUAS";"GOBIERNO REGIONAL";"I-2";"00001378";"PUESTO DE SALUD SONDOR";"NE_0001";"";"NE_0001";"NE_0001";"NE_0001";"NE_0001";"NE_0001";"NE_0001";"NE_0001"
"2023";"11";"040520";"AREQUIPA";"CAYLLOMA";"MAJES";"GOBIERNO REGIONAL";"I-2";"00001342";"PUESTO DE SALUD  B-2";"NE_0001";"";"NE_0001";"NE_0001";"NE_0001";"NE_0001";"NE_0001";"NE_0001";"NE_0001"
"2023";"11";"040120";"AREQUIPA";"AREQUIPA";"SANTA ISABEL DE SIGUAS";"GOBIERNO REGIONAL";"I-2";"00001336";"SANTA ISABEL DE SIGUAS";"NE_0001";"";"NE_0001";"NE_0001";"NE_0001";"NE_0001";"NE_0001";"NE_0001";"NE_0001"
"2023";"11";"040120";"AREQUIPA";"AREQUIPA";"SANTA ISABEL DE SIGUAS";"GOBIERNO REGIONAL";"I-1";"00001337";"PUESTO DE SALUD PITAY";"NE_0001";"";"NE_0001";"NE_0001";"NE_0001";"NE_0001";"NE_0001";"NE_0001";"NE_0001"
"2023";"11";"040520";"AREQUIPA";"CAYLLOMA";"MAJES";"GOBIERNO REGIONAL";"I-3";"00001326";"CENTRO DE SALUD LA COLINA";"NE_0001";"";"NE_0001";"NE_0001";"NE_0001";"NE_0001";"NE_0001";"NE_0001";"NE_0001"
"2023";"11";"040511";"AREQUIPA";"CAYLLOMA";"LLUTA";"GOBIERNO REGIONAL";"I-2";"00001340";"PUESTO DE SALUD QUERQUE";"NE_0001";"";"NE_0001";"NE_0001";"NE_0001";"NE_0001";"NE_0001";"NE_0001";"NE_0001"
"2023";"11";"040520";"AREQUIPA";"CAYLLOMA";"MAJES";"GOBIERNO REGIONAL";"0";"00030864";"HOGAR PROTEGIDO ""HACIA UNA NUEVA VIDA""";"NE_0001";"";"NE_0001";"NE_0001";"NE_0001";"NE_0001";"NE_0001";"NE_0001";"NE_0001"
"2023";"11";"040520";"AREQUIPA";"CAYLLOMA";"MAJES";"GOBIERNO REGIONAL";"I-4";"00001325";"CENTRO DE SALUD  SANDRITA PEREZ EL PEDREGAL";"241600";"HOSPITALIZACIÓN QUIRÚRGICA OBSTETRICIA   ";"9";"9";"9";"9";"6";"22";"0"
"2023";"11";"040120";"AREQUIPA";"AREQUIPA";"SANTA ISABEL DE SIGUAS";"GOBIERNO REGIONAL";"I-2";"00001378";"PUESTO DE SALUD SONDOR";"NE_0001";"";"NE_0001";"NE_0001";"NE_0001";"NE_0001";"NE_0001";"NE_0001";"NE_0001"
"2023";"11";"060607";"CAJAMARCA";"CUTERVO";"QUEROCOTILLO";"GOBIERNO REGIONAL";"I-1";"00004969";"EL MOLINO";"NE_0001";"";"NE_0001";"NE_0001";"NE_0001";"NE_0001";"NE_0001";"NE_0001";"NE_0001"
"2023";"11";"050601";"AYACUCHO";"LUCANAS";"PUQUIO";"GOBIERNO REGIONAL";"II-1";"00003727";"HOSPITAL DE APOYO DE PUQUIO ""FELIPE HUAMÁN POMA DE AYALA""";"240100";"HOSPITALIZACIÓN QUIRÚRGICA CIRUGÍA GENERAL ";"19";"20";"100";"19";"8";"240";"0"
"2023";"11";"050601";"AYACUCHO";"LUCANAS";"PUQUIO";"GOBIERNO REGIONAL";"II-1";"00003727";"HOSPITAL DE APOYO DE PUQUIO ""FELIPE HUAMÁN POMA DE AYALA""";"241500";"HOSPITALIZACIÓN QUIRÚRGICA GINECOLOGÍA  ";"19";"21";"41";"19";"4";"120";"0"
"2023";"11";"050601";"AYACUCHO";"LUCANAS";"PUQUIO";"GOBIERNO REGIONAL";"II-1";"00003727";"HOSPITAL DE APOYO DE PUQUIO ""FELIPE HUAMÁN POMA DE AYALA""";"241600";"HOSPITALIZACIÓN QUIRÚRGICA OBSTETRICIA   ";"15";"17";"36";"15";"8";"240";"0"
"2023";"11";"050601";"AYACUCHO";"LUCANAS";"PUQUIO";"GOBIERNO REGIONAL";"II-1";"00003727";"HOSPITAL DE APOYO DE PUQUIO ""FELIPE HUAMÁN POMA DE AYALA""";"241800";"HOSPITALIZACIÓN DE MEDICINA MEDICINA GENERAL ";"16";"16";"50";"16";"10";"300";"0"
"2023";"11";"050601";"AYACUCHO";"LUCANAS";"PUQUIO";"GOBIERNO REGIONAL";"II-1";"00003727";"HOSPITAL DE APOYO DE PUQUIO ""FELIPE HUAMÁN POMA DE AYALA""";"242200";"HOSPITALIZACIÓN DE MEDICINA PSIQUIATRÍA ";"7";"9";"65";"7";"2";"60";"0"
"2023";"11";"050601";"AYACUCHO";"LUCANAS";"PUQUIO";"GOBIERNO REGIONAL";"II-1";"00003727";"HOSPITAL DE APOYO DE PUQUIO ""FELIPE HUAMÁN POMA DE AYALA""";"242500";"HOSPITALIZACIÓN-PEDIATRÍA GENERAL-";"11";"13";"27";"11";"11";"330";"0"
"2023";"11";"050601";"AYACUCHO";"LUCANAS";"PUQUIO";"GOBIERNO REGIONAL";"II-1";"00003727";"HOSPITAL DE APOYO DE PUQUIO ""FELIPE HUAMÁN POMA DE AYALA""";"243200";"HOSPITALIZACIÓN DE PEDIATRÍA PEDIATRIA NEONATOLOGÍA";"5";"5";"21";"5";"6";"180";"0"
"2023";"11";"050601";"AYACUCHO";"LUCANAS";"PUQUIO";"GOBIERNO REGIONAL";"II-1";"00003727";"HOSPITAL DE APOYO DE PUQUIO ""FELIPE HUAMÁN POMA DE AYALA""";"250105";"UNIDAD DE CUIDADOS CRITICOS UNIDAD  DE CUIDADOS INTENSIVOS  (UCI) NEONATOLOGÍA";"1";"1";"4";"1";"1";"30";"0"
"2023";"11";"210201";"PUNO";"AZANGARO";"AZANGARO";"GOBIERNO REGIONAL";"II-1";"00002941";"CARLOS CORNEJO ROSELLO";"240100";"HOSPITALIZACIÓN QUIRÚRGICA CIRUGÍA GENERAL ";"16";"18";"80";"98";"08";"240";"1"
"2023";"09";"130903";"LA LIBERTAD";"SANCHEZ CARRION";"COCHORCO";"GOBIERNO REGIONAL";"I-2";"00013810";"ARAGOSTAY";"NE_0001";"";"NE_0001";"NE_0001";"NE_0001";"NE_0001";"NE_0001";"NE_0001";"NE_0001"
"2023";"09";"130903";"LA LIBERTAD";"SANCHEZ CARRION";"COCHORCO";"GOBIERNO REGIONAL";"I-2";"00005356";"ARICAPAMPA";"NE_0001";"";"NE_0001";"NE_0001";"NE_0001";"NE_0001";"NE_0001";"NE_0001";"NE_0001"
"2023";"09";"130903";"LA LIBERTAD";"SANCHEZ CARRION";"COCHORCO";"GOBIERNO REGIONAL";"I-1";"00013808";"MOLINO VIEJO";"NE_0001";"";"NE_0001";"NE_0001";"NE_0001";"NE_0001";"NE_0001";"NE_0001";"NE_0001"
"2023";"09";"130903";"LA LIBERTAD";"SANCHEZ CARRION";"COCHORCO";"GOBIERNO REGIONAL";"I-2";"00013802";"SUCCHAMARCA";"NE_0001";"";"NE_0001";"NE_0001";"NE_0001";"NE_0001";"NE_0001";"NE_0001";"NE_0001"
"2023";"09";"130903";"LA LIBERTAD";"SANCHEZ CARRION";"COCHORCO";"GOBIERNO REGIONAL";"I-2";"00013800";"SUCCHACENTRO";"NE_0001";"";"NE_0001";"NE_0001";"NE_0001";"NE_0001";"NE_0001";"NE_0001";"NE_0001"
"2023";"09";"150131";"LIMA";"LIMA";"SAN ISIDRO";"PRIVADO";"II-E";"00010402";"LASER VISION CENTER & ASOCIADOS S.A.C.";"NE_0001";"";"NE_0001";"NE_0001";"NE_0001";"NE_0001";"NE_0001";"NE_0001";"NE_0001"
"2023";"09";"130101";"LA LIBERTAD";"TRUJILLO";"TRUJILLO";"GOBIERNO REGIONAL";"III-1";"00005196";"REGIONAL DOCENTE DE TRUJILLO";"241900";"HOSPITALIZACIÓN DE MEDICINA MEDICINA INTERNA ";"122";"128";"2109";"970";"33";"990";"14"
"2023";"09";"130101";"LA LIBERTAD";"TRUJILLO";"TRUJILLO";"GOBIERNO REGIONAL";"III-1";"00005196";"REGIONAL DOCENTE DE TRUJILLO";"245300";"HOSPITALIZACIÓN DE MEDICINA NEUMOLOGÍA  ";"18";"20";"334";"403";"20";"600";"1"
"2023";"09";"130101";"LA LIBERTAD";"TRUJILLO";"TRUJILLO";"GOBIERNO REGIONAL";"III-1";"00005196";"REGIONAL DOCENTE DE TRUJILLO";"244700";"HOSPITALIZACIÓN DE MEDICINA NEUROLOGIA  ";"23";"28";"255";"203";"10";"300";"0"
"2023";"09";"130101";"LA LIBERTAD";"TRUJILLO";"TRUJILLO";"GOBIERNO REGIONAL";"III-1";"00005196";"REGIONAL DOCENTE DE TRUJILLO";"244300";"HOSPITALIZACIÓN DE MEDICINA GASTROENTEROLOGÍA  ";"35";"33";"282";"357";"13";"390";"2"
"2023";"09";"130101";"LA LIBERTAD";"TRUJILLO";"TRUJILLO";"GOBIERNO REGIONAL";"III-1";"00005196";"REGIONAL DOCENTE DE TRUJILLO";"244000";"HOSPITALIZACIÓN DE MEDICINA CARDIOLOGIA ";"6";"5";"31";"27";"1";"30";"0"
"2023";"09";"130101";"LA LIBERTAD";"TRUJILLO";"TRUJILLO";"GOBIERNO REGIONAL";"III-1";"00005196";"REGIONAL DOCENTE DE TRUJILLO";"242200";"HOSPITALIZACIÓN DE MEDICINA PSIQUIATRÍA ";"19";"16";"397";"424";"15";"450";"0"
"2023";"09";"130101";"LA LIBERTAD";"TRUJILLO";"TRUJILLO";"GOBIERNO REGIONAL";"III-1";"00005196";"REGIONAL DOCENTE DE TRUJILLO";"250103";"UNIDAD DE CUIDADOS CRITICOS UNIDAD  DE CUIDADOS INTENSIVOS GENERALES  (UCI) MEDICINA";"15";"10";"127";"372";"13";"390";"8"
"2023";"09";"130101";"LA LIBERTAD";"TRUJILLO";"TRUJILLO";"GOBIERNO REGIONAL";"III-1";"00005196";"REGIONAL DOCENTE DE TRUJILLO";"240100";"HOSPITALIZACIÓN QUIRÚRGICA CIRUGÍA GENERAL ";"169";"173";"873";"519";"23";"690";"3"
"2023";"09";"130101";"LA LIBERTAD";"TRUJILLO";"TRUJILLO";"GOBIERNO REGIONAL";"III-1";"00005196";"REGIONAL DOCENTE DE TRUJILLO";"240800";"HOSPITALIZACIÓN QUIRÚRGICA CIRUGÍA PLÁSTICA/RECONSTRUCTIVA/ REPARADORA ";"5";"9";"238";"165";"6";"180";"0"
"2023";"09";"130101";"LA LIBERTAD";"TRUJILLO";"TRUJILLO";"GOBIERNO REGIONAL";"III-1";"00005196";"REGIONAL DOCENTE DE TRUJILLO";"240400";"HOSPITALIZACIÓN QUIRÚRGICA CIRUGÍA DE TÓRAX Y CARDIOVASCULAR ";"4";"8";"101";"69";"3";"90";"0"
"2023";"09";"130101";"LA LIBERTAD";"TRUJILLO";"TRUJILLO";"GOBIERNO REGIONAL";"III-1";"00005196";"REGIONAL DOCENTE DE TRUJILLO";"241200";"HOSPITALIZACIÓN QUIRÚRGICA TRAUMATOLOGÍA Y ORTOPEDIA ";"49";"40";"467";"322";"13";"390";"0"
"2023";"09";"130101";"LA LIBERTAD";"TRUJILLO";"TRUJILLO";"GOBIERNO REGIONAL";"III-1";"00005196";"REGIONAL DOCENTE DE TRUJILLO";"241100";"HOSPITALIZACIÓN QUIRÚRGICA OTORRINOLARINGOLOGÍA  ";"13";"12";"73";"60";"3";"90";"0"
"2023";"09";"130101";"LA LIBERTAD";"TRUJILLO";"TRUJILLO";"GOBIERNO REGIONAL";"III-1";"00005196";"REGIONAL DOCENTE DE TRUJILLO";"241300";"HOSPITALIZACIÓN QUIRÚRGICA UROLOGÍA  ";"19";"22";"66";"62";"3";"90";"0"
"2023";"09";"130101";"LA LIBERTAD";"TRUJILLO";"TRUJILLO";"GOBIERNO REGIONAL";"III-1";"00005196";"REGIONAL DOCENTE DE TRUJILLO";"240900";"HOSPITALIZACIÓN QUIRÚRGICA NEUROCIRUGÍA ";"21";"30";"504";"245";"13";"390";"0"
"2023";"09";"130101";"LA LIBERTAD";"TRUJILLO";"TRUJILLO";"GOBIERNO REGIONAL";"III-1";"00005196";"REGIONAL DOCENTE DE TRUJILLO";"242300";"HOSPITALIZACIÓN DE PEDIATRÍA  PEDIATRÍA  GENERAL ";"58";"59";"335";"300";"15";"450";"0"
"2023";"09";"130101";"LA LIBERTAD";"TRUJILLO";"TRUJILLO";"GOBIERNO REGIONAL";"III-1";"00005196";"REGIONAL DOCENTE DE TRUJILLO";"250108";"UNIDAD DE CUIDADOS CRITICOS UNIDAD  DE CUIDADOS INTENSIVOS  (UCI) PEDIÁTRICA";"3";"3";"137";"138";"5";"150";"3"
"2023";"09";"130101";"LA LIBERTAD";"TRUJILLO";"TRUJILLO";"GOBIERNO REGIONAL";"III-1";"00005196";"REGIONAL DOCENTE DE TRUJILLO";"243200";"HOSPITALIZACIÓN DE PEDIATRÍA PEDIATRIA NEONATOLOGÍA";"22";"48";"826";"280";"10";"300";"0"
"2023";"09";"130101";"LA LIBERTAD";"TRUJILLO";"TRUJILLO";"GOBIERNO REGIONAL";"III-1";"00005196";"REGIONAL DOCENTE DE TRUJILLO";"250105";"UNIDAD DE CUIDADOS CRITICOS UNIDAD  DE CUIDADOS INTENSIVOS  (UCI) NEONATOLOGÍA";"25";"6";"82";"448";"15";"450";"6"
"2023";"09";"130101";"LA LIBERTAD";"TRUJILLO";"TRUJILLO";"GOBIERNO REGIONAL";"III-1";"00005196";"REGIONAL DOCENTE DE TRUJILLO";"241600";"HOSPITALIZACIÓN QUIRÚRGICA OBSTETRICIA   ";"114";"113";"473";"443";"17";"510";"0"
"2023";"09";"130101";"LA LIBERTAD";"TRUJILLO";"TRUJILLO";"GOBIERNO REGIONAL";"III-1";"00005196";"REGIONAL DOCENTE DE TRUJILLO";"241500";"HOSPITALIZACIÓN QUIRÚRGICA GINECOLOGÍA  ";"147";"144";"512";"467";"21";"630";"0"
"2023";"10";"120204";"JUNIN";"CONCEPCION";"CHAMBARA";"GOBIERNO REGIONAL";"I-1";"00000637";"STA. ROSA DE TISTES";"NE_0002";"";"NE_0002";"NE_0002";"NE_0002";"NE_0002";"NE_0002";"NE_0002";"NE_0002"
"2023";"10";"120904";"JUNIN";"CHUPACA";"HUACHAC";"GOBIERNO REGIONAL";"I-1";"00000652";"HUAYAO";"NE_0002";"";"NE_0002";"NE_0002";"NE_0002";"NE_0002";"NE_0002";"NE_0002";"NE_0002"
"2023";"10";"081203";"CUSCO";"QUISPICANCHI";"CAMANTI";"GOBIERNO REGIONAL";"I-3";"00002526";"QUINCE MIL";"NE_0002";"";"NE_0002";"NE_0002";"NE_0002";"NE_0002";"NE_0002";"NE_0002";"NE_0002"
"2023";"10";"081205";"CUSCO";"QUISPICANCHI";"CCATCA";"GOBIERNO REGIONAL";"I-4";"00002528";"CCATCCA";"NE_0002";"";"NE_0002";"NE_0002";"NE_0002";"NE_0002";"NE_0002";"NE_0002";"NE_0002"
"2023";"10";"081210";"CUSCO";"QUISPICANCHI";"OCONGATE";"GOBIERNO REGIONAL";"I-4";"00002536";"OCONGATE";"NE_0002";"";"NE_0002";"NE_0002";"NE_0002";"NE_0002";"NE_0002";"NE_0002";"NE_0002"
"2023";"10";"150121";"LIMA";"LIMA";"PUEBLO LIBRE";"PRIVADO";"II-E";"00008351";"CLINICAS SAN BERNARDO S.A.";"240000";"HOSPITALIZACIÓN";"118";"113";"333";"277";"22";"682";"0"
"2023";"10";"150122";"LIMA";"LIMA";"MIRAFLORES";"PRIVADO";"II-E";"00011849";"CLINICA MIRAFLORES SAC";"240000";"HOSPITALIZACIÓN";"17";"17";"55";"74";"10";"310";"0"
"2023";"10";"150122";"LIMA";"LIMA";"MIRAFLORES";"PRIVADO";"II-E";"00011849";"CLINICA MIRAFLORES SAC";"250200";"UNIDAD DE CUIDADOS CRITICOS UNIDAD DE CUIDADOS INTERMEDIOS GENERAL  (UCIN) ";"1";"1";"3";"4";"1";"31";"0"
"2023";"10";"150122";"LIMA";"LIMA";"MIRAFLORES";"PRIVADO";"II-E";"00011849";"CLINICA MIRAFLORES SAC";"243200";"HOSPITALIZACIÓN DE PEDIATRÍA PEDIATRIA NEONATOLOGÍA";"6";"5";"17";"20";"6";"186";"0"
"2023";"10";"080107";"CUSCO";"CUSCO";"SAYLLA";"GOBIERNO REGIONAL";"I-2";"00002314";"SAYLLA";"NE_0002";"";"NE_0002";"NE_0002";"NE_0002";"NE_0002";"NE_0002";"NE_0002";"NE_0002"
"2023";"10";"080104";"CUSCO";"CUSCO";"SAN JERONIMO";"GOBIERNO REGIONAL";"I-4";"00002300";"SAN JERONIMO";"NE_0002";"";"NE_0002";"NE_0002";"NE_0002";"NE_0002";"NE_0002";"NE_0002";"NE_0002"
"2023";"10";"080206";"CUSCO";"ACOMAYO";"RONDOCAN";"GOBIERNO REGIONAL";"I-3";"00002323";"RONDOCAN";"NE_0002";"";"NE_0002";"NE_0002";"NE_0002";"NE_0002";"NE_0002";"NE_0002";"NE_0002"
"2023";"10";"080105";"CUSCO";"CUSCO";"SAN SEBASTIAN";"GOBIERNO REGIONAL";"I-3";"00002301";"SAN SEBASTIAN";"NE_0002";"";"NE_0002";"NE_0002";"NE_0002";"NE_0002";"NE_0002";"NE_0002";"NE_0002"
"2023";"10";"080105";"CUSCO";"CUSCO";"SAN SEBASTIAN";"GOBIERNO REGIONAL";"I-3";"00002303";"SANTA ROSA";"NE_0002";"";"NE_0002";"NE_0002";"NE_0002";"NE_0002";"NE_0002";"NE_0002";"NE_0002"
"2023";"10";"150101";"LIMA";"LIMA";"LIMA";"MINSA";"III-2";"00006217";"INO DR. FRANCISCO CONTRERAS C.";"240600";"HOSPITALIZACIÓN QUIRÚRGICA CIRUGÍA OFTALMOLÓGICA ";"18";"15";"22";"15";"7";"217";"0"
"2023";"10";"120423";"JUNIN";"JAUJA";"PACCHA";"GOBIERNO REGIONAL";"I-1";"00000372";"MASAJCANCHA";"NE_0002";"";"NE_0002";"NE_0002";"NE_0002";"NE_0002";"NE_0002";"NE_0002";"NE_0002"
"2023";"10";"120422";"JUNIN";"JAUJA";"PACA";"GOBIERNO REGIONAL";"I-2";"00000369";"PACA";"NE_0002";"";"NE_0002";"NE_0002";"NE_0002";"NE_0002";"NE_0002";"NE_0002";"NE_0002"
"2023";"10";"120434";"JUNIN";"JAUJA";"YAUYOS";"GOBIERNO REGIONAL";"I-1";"00000378";"HUANCAS";"NE_0002";"";"NE_0002";"NE_0002";"NE_0002";"NE_0002";"NE_0002";"NE_0002";"NE_0002"
"2023";"10";"150121";"LIMA";"LIMA";"PUEBLO LIBRE";"PRIVADO";"II-2";"00008325";"CLINICA CENTENARIO PERUANO JAPONESA";"242300";"HOSPITALIZACIÓN DE PEDIATRÍA  PEDIATRÍA  GENERAL ";"90";"97";"296";"267";"21";"651";"0"
"2023";"10";"150121";"LIMA";"LIMA";"PUEBLO LIBRE";"PRIVADO";"II-2";"00008325";"CLINICA CENTENARIO PERUANO JAPONESA";"241900";"HOSPITALIZACIÓN DE MEDICINA MEDICINA INTERNA ";"82";"79";"316";"369";"21";"651";"0"
"2023";"10";"150121";"LIMA";"LIMA";"PUEBLO LIBRE";"PRIVADO";"II-2";"00008325";"CLINICA CENTENARIO PERUANO JAPONESA";"241900";"HOSPITALIZACIÓN DE MEDICINA MEDICINA INTERNA ";"74";"67";"301";"446";"21";"651";"0"
"2023";"10";"150121";"LIMA";"LIMA";"PUEBLO LIBRE";"PRIVADO";"II-2";"00008325";"CLINICA CENTENARIO PERUANO JAPONESA";"241600";"HOSPITALIZACIÓN QUIRÚRGICA OBSTETRICIA   ";"44";"44";"129";"134";"11";"341";"0"
"2023";"10";"150121";"LIMA";"LIMA";"PUEBLO LIBRE";"PRIVADO";"II-2";"00008325";"CLINICA CENTENARIO PERUANO JAPONESA";"241900";"HOSPITALIZACIÓN DE MEDICINA MEDICINA INTERNA ";"78";"72";"423";"487";"21";"651";"1"
"2023";"10";"150121";"LIMA";"LIMA";"PUEBLO LIBRE";"PRIVADO";"II-2";"00008325";"CLINICA CENTENARIO PERUANO JAPONESA";"240100";"HOSPITALIZACIÓN QUIRÚRGICA CIRUGÍA GENERAL ";"133";"136";"345";"314";"14";"434";"0"
"2023";"10";"150121";"LIMA";"LIMA";"PUEBLO LIBRE";"PRIVADO";"II-2";"00008325";"CLINICA CENTENARIO PERUANO JAPONESA";"250100";"UNIDAD DE CUIDADOS CRITICOS UNIDAD  DE CUIDADOS INTENSIVOS GENERALES (UCI) ";"24";"28";"163";"169";"8";"248";"3"
"2023";"10";"150121";"LIMA";"LIMA";"PUEBLO LIBRE";"PRIVADO";"II-2";"00008325";"CLINICA CENTENARIO PERUANO JAPONESA";"250200";"UNIDAD DE CUIDADOS CRITICOS UNIDAD DE CUIDADOS INTERMEDIOS GENERAL  (UCIN) ";"45";"48";"150";"150";"6";"186";"2"
"2023";"10";"150121";"LIMA";"LIMA";"PUEBLO LIBRE";"PRIVADO";"II-2";"00008325";"CLINICA CENTENARIO PERUANO JAPONESA";"250105";"UNIDAD DE CUIDADOS CRITICOS UNIDAD  DE CUIDADOS INTENSIVOS  (UCI) NEONATOLOGÍA";"3";"3";"7";"10";"4";"124";"0"
"2023";"10";"150121";"LIMA";"LIMA";"PUEBLO LIBRE";"PRIVADO";"II-2";"00008325";"CLINICA CENTENARIO PERUANO JAPONESA";"250305";"HOSPIT. EN UNIDAD DE CUID.INTEN.-UNIDAD DE VIGILANCIA INTENSIVA (UVI)-NEONATOLOGÍA";"6";"4";"51";"10";"4";"124";"6"
"2023";"10";"240202";"TUMBES";"CONTRALMIRANTE VILLAR";"CASITAS";"GOBIERNO REGIONAL";"I-2";"00001899";"LA CHOZA";"NE_0001";"";"NE_0001";"NE_0001";"NE_0001";"NE_0001";"NE_0001";"NE_0001";"NE_0001"
"2023";"10";"240203";"TUMBES";"CONTRALMIRANTE VILLAR";"CANOAS DE PUNTA SAL";"GOBIERNO REGIONAL";"I-1";"00001905";"BARRANCOS.";"NE_0001";"";"NE_0001";"NE_0001";"NE_0001";"NE_0001";"NE_0001";"NE_0001";"NE_0001"
"2023";"10";"240203";"TUMBES";"CONTRALMIRANTE VILLAR";"CANOAS DE PUNTA SAL";"GOBIERNO REGIONAL";"I-1";"00001906";"PAJARITOS";"NE_0001";"";"NE_0001";"NE_0001";"NE_0001";"NE_0001";"NE_0001";"NE_0001";"NE_0001"
"2023";"10";"240203";"TUMBES";"CONTRALMIRANTE VILLAR";"CANOAS DE PUNTA SAL";"GOBIERNO REGIONAL";"I-3";"00001902";"CANCAS";"NE_0001";"";"NE_0001";"NE_0001";"NE_0001";"NE_0001";"NE_0001";"NE_0001";"NE_0001"
"2023";"10";"021809";"ANCASH";"SANTA";"NUEVO CHIMBOTE";"GOBIERNO REGIONAL";"II-2";"00001703";"ELEAZAR GUZMAN BARRON";"241800";"HOSPITALIZACIÓN DE MEDICINA MEDICINA GENERAL ";"79";"76";"651";"670";"22";"682";"5"
"2023";"10";"021809";"ANCASH";"SANTA";"NUEVO CHIMBOTE";"GOBIERNO REGIONAL";"II-2";"00001703";"ELEAZAR GUZMAN BARRON";"245700";"HOSPITALIZACIÓN QUIRÚRGICA CARDIOLOGIA ";"0";"1";"6";"1";"1";"31";"0"
"2023";"10";"021809";"ANCASH";"SANTA";"NUEVO CHIMBOTE";"GOBIERNO REGIONAL";"II-2";"00001703";"ELEAZAR GUZMAN BARRON";"244300";"HOSPITALIZACIÓN DE MEDICINA GASTROENTEROLOGÍA  ";"0";"2";"34";"36";"2";"62";"0"
"2023";"10";"021809";"ANCASH";"SANTA";"NUEVO CHIMBOTE";"GOBIERNO REGIONAL";"II-2";"00001703";"ELEAZAR GUZMAN BARRON";"245500";"HOSPITALIZACIÓN DE MEDICINA REUMATOLOGÍA    ";"4";"4";"4";"4";"1";"31";"0"
"2023";"10";"021809";"ANCASH";"SANTA";"NUEVO CHIMBOTE";"GOBIERNO REGIONAL";"II-2";"00001703";"ELEAZAR GUZMAN BARRON";"245300";"HOSPITALIZACIÓN DE MEDICINA NEUMOLOGÍA  ";"7";"8";"149";"73";"3";"93";"0"
"2023";"10";"021809";"ANCASH";"SANTA";"NUEVO CHIMBOTE";"GOBIERNO REGIONAL";"II-2";"00001703";"ELEAZAR GUZMAN BARRON";"242200";"HOSPITALIZACIÓN DE MEDICINA PSIQUIATRÍA ";"4";"8";"364";"196";"10";"310";"0"
"2023";"10";"021809";"ANCASH";"SANTA";"NUEVO CHIMBOTE";"GOBIERNO REGIONAL";"II-2";"00001703";"ELEAZAR GUZMAN BARRON";"240100";"HOSPITALIZACIÓN QUIRÚRGICA CIRUGÍA GENERAL ";"74";"79";"280";"416";"14";"434";"2"
"2023";"10";"021809";"ANCASH";"SANTA";"NUEVO CHIMBOTE";"GOBIERNO REGIONAL";"II-2";"00001703";"ELEAZAR GUZMAN BARRON";"241200";"HOSPITALIZACIÓN QUIRÚRGICA TRAUMATOLOGÍA Y ORTOPEDIA ";"33";"32";"379";"291";"10";"310";"0"
"2023";"10";"021809";"ANCASH";"SANTA";"NUEVO CHIMBOTE";"GOBIERNO REGIONAL";"II-2";"00001703";"ELEAZAR GUZMAN BARRON";"241100";"HOSPITALIZACIÓN QUIRÚRGICA OTORRINOLARINGOLOGÍA  ";"3";"3";"5";"5";"1";"31";"0"
"2023";"10";"021809";"ANCASH";"SANTA";"NUEVO CHIMBOTE";"GOBIERNO REGIONAL";"II-2";"00001703";"ELEAZAR GUZMAN BARRON";"241300";"HOSPITALIZACIÓN QUIRÚRGICA UROLOGÍA  ";"11";"10";"62";"96";"4";"124";"0"
"2023";"10";"021809";"ANCASH";"SANTA";"NUEVO CHIMBOTE";"GOBIERNO REGIONAL";"II-2";"00001703";"ELEAZAR GUZMAN BARRON";"242100";"HOSPITALIZACIÓN DE MEDICINA ONCOLOGÍA MÉDICA ";"14";"13";"63";"66";"3";"93";"0"
"2023";"10";"021809";"ANCASH";"SANTA";"NUEVO CHIMBOTE";"GOBIERNO REGIONAL";"II-2";"00001703";"ELEAZAR GUZMAN BARRON";"240900";"HOSPITALIZACIÓN QUIRÚRGICA NEUROCIRUGÍA ";"12";"10";"135";"99";"4";"124";"0"
"2023";"10";"021809";"ANCASH";"SANTA";"NUEVO CHIMBOTE";"GOBIERNO REGIONAL";"II-2";"00001703";"ELEAZAR GUZMAN BARRON";"240801";"HOSPITALIZACIÓN QUIRÚRGICA CIRUGÍA PLÁSTICA/RECONSTRUCTIVA/ REPARADORA QUEMADOS";"3";"3";"6";"6";"1";"31";"0"
"2023";"10";"021809";"ANCASH";"SANTA";"NUEVO CHIMBOTE";"GOBIERNO REGIONAL";"II-2";"00001703";"ELEAZAR GUZMAN BARRON";"242300";"HOSPITALIZACIÓN DE PEDIATRÍA  PEDIATRÍA  GENERAL ";"158";"155";"713";"683";"26";"806";"3"
"2023";"10";"021809";"ANCASH";"SANTA";"NUEVO CHIMBOTE";"GOBIERNO REGIONAL";"II-2";"00001703";"ELEAZAR GUZMAN BARRON";"241600";"HOSPITALIZACIÓN QUIRÚRGICA OBSTETRICIA   ";"238";"235";"498";"446";"16";"496";"0"
"2023";"10";"021809";"ANCASH";"SANTA";"NUEVO CHIMBOTE";"GOBIERNO REGIONAL";"II-2";"00001703";"ELEAZAR GUZMAN BARRON";"241500";"HOSPITALIZACIÓN QUIRÚRGICA GINECOLOGÍA  ";"48";"51";"148";"136";"6";"186";"0"
"2023";"10";"021809";"ANCASH";"SANTA";"NUEVO CHIMBOTE";"GOBIERNO REGIONAL";"II-2";"00001703";"ELEAZAR GUZMAN BARRON";"250100";"UNIDAD DE CUIDADOS CRITICOS UNIDAD  DE CUIDADOS INTENSIVOS GENERALES (UCI) ";"13";"8";"146";"396";"16";"496";"8"
"2023";"10";"061110";"CAJAMARCA";"SAN MIGUEL";"SAN GREGORIO";"GOBIERNO REGIONAL";"I-1";"00004535";"EL SAUCE";"NE_0001";"";"NE_0001";"NE_0001";"NE_0001";"NE_0001";"NE_0001";"NE_0001";"NE_0001"
"2023";"10";"061108";"CAJAMARCA";"SAN MIGUEL";"NANCHOC";"GOBIERNO REGIONAL";"I-1";"00004533";"CARAHUASI";"NE_0001";"";"NE_0001";"NE_0001";"NE_0001";"NE_0001";"NE_0001";"NE_0001";"NE_0001"
"2023";"10";"061110";"CAJAMARCA";"SAN MIGUEL";"SAN GREGORIO";"GOBIERNO REGIONAL";"I-1";"00004536";"SAN GREGORIO";"NE_0001";"";"NE_0001";"NE_0001";"NE_0001";"NE_0001";"NE_0001";"NE_0001";"NE_0001"
"2023";"10";"061108";"CAJAMARCA";"SAN MIGUEL";"NANCHOC";"GOBIERNO REGIONAL";"I-3";"00004532";"NANCHOC";"NE_0001";"";"NE_0001";"NE_0001";"NE_0001";"NE_0001";"NE_0001";"NE_0001";"NE_0001"
"2023";"10";"061102";"CAJAMARCA";"SAN MIGUEL";"BOLIVAR";"GOBIERNO REGIONAL";"I-2";"00004534";"BOLIVAR";"NE_0001";"";"NE_0001";"NE_0001";"NE_0001";"NE_0001";"NE_0001";"NE_0001";"NE_0001"
"2023";"10";"061110";"CAJAMARCA";"SAN MIGUEL";"SAN GREGORIO";"GOBIERNO REGIONAL";"I-2";"00004537";"CASA BLANCA";"NE_0001";"";"NE_0001";"NE_0001";"NE_0001";"NE_0001";"NE_0001";"NE_0001";"NE_0001"
"2023";"10";"061102";"CAJAMARCA";"SAN MIGUEL";"BOLIVAR";"GOBIERNO REGIONAL";"I-1";"00007405";"SAN JOSE";"NE_0001";"";"NE_0001";"NE_0001";"NE_0001";"NE_0001";"NE_0001";"NE_0001";"NE_0001"
"2023";"10";"100801";"HUANUCO";"PACHITEA";"PANAO";"ESSALUD";"I-2";"00009958";"POSTA MEDICA PANAO";"NE_0001";"";"NE_0001";"NE_0001";"NE_0001";"NE_0001";"NE_0001";"NE_0001";"NE_0001"
"2023";"11";"050509";"AYACUCHO";"LA MAR";"SAMUGARI";"SANIDAD DE LA POLICIA NACIONAL DEL PERU";"I-2";"00027203";"PUESTO DE SALUD PNP PALMAPAMPA";"NE_0002";"";"NE_0002";"NE_0002";"NE_0002";"NE_0002";"NE_0002";"NE_0002";"NE_0002"
"2023";"11";"140101";"LAMBAYEQUE";"CHICLAYO";"CHICLAYO";"PRIVADO";"II-E";"00008730";"BM CLINICA";"240000";"HOSPITALIZACIÓN";"37";"36";"135";"37";"10";"300";"1"
"2023";"11";"140101";"LAMBAYEQUE";"CHICLAYO";"CHICLAYO";"PRIVADO";"II-E";"00008730";"BM CLINICA";"250000";"UNIDAD DE CUIDADOS CRITICOS  ";"3";"2";"35";"3";"6";"180";"1"
"2023";"11";"060607";"CAJAMARCA";"CUTERVO";"QUEROCOTILLO";"GOBIERNO REGIONAL";"I-1";"00007101";"EL GUAYO";"NE_0001";"";"NE_0001";"NE_0001";"NE_0001";"NE_0001";"NE_0001";"NE_0001";"NE_0001"
"2023";"11";"060601";"CAJAMARCA";"CUTERVO";"CUTERVO";"GOBIERNO REGIONAL";"I-1";"00006851";"HUICHUD";"NE_0001";"";"NE_0001";"NE_0001";"NE_0001";"NE_0001";"NE_0001";"NE_0001";"NE_0001"
"2023";"10";"250107";"UCAYALI";"CORONEL PORTILLO";"MANANTAY";"ESSALUD";"I-3";"00032739";"CENTRO DE SALUD MANANTAY - ESSALUD";"NE_0001";"";"NE_0001";"NE_0001";"NE_0001";"NE_0001";"NE_0001";"NE_0001";"NE_0001"
"2023";"10";"130101";"LA LIBERTAD";"TRUJILLO";"TRUJILLO";"GOBIERNO REGIONAL";"III-1";"00005196";"REGIONAL DOCENTE DE TRUJILLO";"241900";"HOSPITALIZACIÓN DE MEDICINA MEDICINA INTERNA ";"109";"117";"1489";"1014";"33";"1023";"16"
"2023";"10";"130101";"LA LIBERTAD";"TRUJILLO";"TRUJILLO";"GOBIERNO REGIONAL";"III-1";"00005196";"REGIONAL DOCENTE DE TRUJILLO";"245300";"HOSPITALIZACIÓN DE MEDICINA NEUMOLOGÍA  ";"29";"28";"457";"394";"20";"620";"3"
"2023";"10";"130101";"LA LIBERTAD";"TRUJILLO";"TRUJILLO";"GOBIERNO REGIONAL";"III-1";"00005196";"REGIONAL DOCENTE DE TRUJILLO";"244700";"HOSPITALIZACIÓN DE MEDICINA NEUROLOGIA  ";"18";"21";"292";"203";"10";"310";"1"
"2023";"10";"130101";"LA LIBERTAD";"TRUJILLO";"TRUJILLO";"GOBIERNO REGIONAL";"III-1";"00005196";"REGIONAL DOCENTE DE TRUJILLO";"244300";"HOSPITALIZACIÓN DE MEDICINA GASTROENTEROLOGÍA  ";"26";"26";"197";"215";"10";"310";"1"
"2023";"10";"130101";"LA LIBERTAD";"TRUJILLO";"TRUJILLO";"GOBIERNO REGIONAL";"III-1";"00005196";"REGIONAL DOCENTE DE TRUJILLO";"244000";"HOSPITALIZACIÓN DE MEDICINA CARDIOLOGIA ";"15";"16";"105";"120";"4";"124";"0"
"2023";"10";"130101";"LA LIBERTAD";"TRUJILLO";"TRUJILLO";"GOBIERNO REGIONAL";"III-1";"00005196";"REGIONAL DOCENTE DE TRUJILLO";"242200";"HOSPITALIZACIÓN DE MEDICINA PSIQUIATRÍA ";"21";"22";"507";"458";"16";"496";"0"
"2023";"10";"130101";"LA LIBERTAD";"TRUJILLO";"TRUJILLO";"GOBIERNO REGIONAL";"III-1";"00005196";"REGIONAL DOCENTE DE TRUJILLO";"250103";"UNIDAD DE CUIDADOS CRITICOS UNIDAD  DE CUIDADOS INTENSIVOS GENERALES  (UCI) MEDICINA";"21";"6";"76";"377";"13";"403";"6"
"2023";"10";"130101";"LA LIBERTAD";"TRUJILLO";"TRUJILLO";"GOBIERNO REGIONAL";"III-1";"00005196";"REGIONAL DOCENTE DE TRUJILLO";"240100";"HOSPITALIZACIÓN QUIRÚRGICA CIRUGÍA GENERAL ";"165";"156";"511";"559";"25";"775";"0"
"2023";"10";"130101";"LA LIBERTAD";"TRUJILLO";"TRUJILLO";"GOBIERNO REGIONAL";"III-1";"00005196";"REGIONAL DOCENTE DE TRUJILLO";"240800";"HOSPITALIZACIÓN QUIRÚRGICA CIRUGÍA PLÁSTICA/RECONSTRUCTIVA/ REPARADORA ";"5";"12";"179";"135";"5";"155";"0"
"2023";"10";"130101";"LA LIBERTAD";"TRUJILLO";"TRUJILLO";"GOBIERNO REGIONAL";"III-1";"00005196";"REGIONAL DOCENTE DE TRUJILLO";"240400";"HOSPITALIZACIÓN QUIRÚRGICA CIRUGÍA DE TÓRAX Y CARDIOVASCULAR ";"13";"10";"74";"59";"2";"62";"0"
"2023";"10";"130101";"LA LIBERTAD";"TRUJILLO";"TRUJILLO";"GOBIERNO REGIONAL";"III-1";"00005196";"REGIONAL DOCENTE DE TRUJILLO";"241200";"HOSPITALIZACIÓN QUIRÚRGICA TRAUMATOLOGÍA Y ORTOPEDIA ";"50";"50";"422";"394";"14";"434";"0"
"2023";"10";"130101";"LA LIBERTAD";"TRUJILLO";"TRUJILLO";"GOBIERNO REGIONAL";"III-1";"00005196";"REGIONAL DOCENTE DE TRUJILLO";"241100";"HOSPITALIZACIÓN QUIRÚRGICA OTORRINOLARINGOLOGÍA  ";"15";"16";"64";"51";"2";"62";"0"
"2023";"10";"130101";"LA LIBERTAD";"TRUJILLO";"TRUJILLO";"GOBIERNO REGIONAL";"III-1";"00005196";"REGIONAL DOCENTE DE TRUJILLO";"241300";"HOSPITALIZACIÓN QUIRÚRGICA UROLOGÍA  ";"26";"24";"83";"80";"3";"93";"0"
"2023";"10";"130101";"LA LIBERTAD";"TRUJILLO";"TRUJILLO";"GOBIERNO REGIONAL";"III-1";"00005196";"REGIONAL DOCENTE DE TRUJILLO";"240900";"HOSPITALIZACIÓN QUIRÚRGICA NEUROCIRUGÍA ";"18";"23";"246";"242";"12";"372";"1"
"2023";"10";"130101";"LA LIBERTAD";"TRUJILLO";"TRUJILLO";"GOBIERNO REGIONAL";"III-1";"00005196";"REGIONAL DOCENTE DE TRUJILLO";"242300";"HOSPITALIZACIÓN DE PEDIATRÍA  PEDIATRÍA  GENERAL ";"57";"54";"446";"315";"14";"434";"0"
"2023";"10";"130101";"LA LIBERTAD";"TRUJILLO";"TRUJILLO";"GOBIERNO REGIONAL";"III-1";"00005196";"REGIONAL DOCENTE DE TRUJILLO";"250108";"UNIDAD DE CUIDADOS CRITICOS UNIDAD  DE CUIDADOS INTENSIVOS  (UCI) PEDIÁTRICA";"3";"0";"0";"148";"5";"155";"0"
"2023";"10";"130101";"LA LIBERTAD";"TRUJILLO";"TRUJILLO";"GOBIERNO REGIONAL";"III-1";"00005196";"REGIONAL DOCENTE DE TRUJILLO";"243200";"HOSPITALIZACIÓN DE PEDIATRÍA PEDIATRIA NEONATOLOGÍA";"22";"46";"666";"222";"8";"248";"0"
"2023";"10";"130101";"LA LIBERTAD";"TRUJILLO";"TRUJILLO";"GOBIERNO REGIONAL";"III-1";"00005196";"REGIONAL DOCENTE DE TRUJILLO";"250105";"UNIDAD DE CUIDADOS CRITICOS UNIDAD  DE CUIDADOS INTENSIVOS  (UCI) NEONATOLOGÍA";"23";"1";"38";"430";"14";"434";"1"
"2023";"10";"130101";"LA LIBERTAD";"TRUJILLO";"TRUJILLO";"GOBIERNO REGIONAL";"III-1";"00005196";"REGIONAL DOCENTE DE TRUJILLO";"241600";"HOSPITALIZACIÓN QUIRÚRGICA OBSTETRICIA   ";"146";"131";"477";"531";"18";"558";"0"
"2023";"10";"130101";"LA LIBERTAD";"TRUJILLO";"TRUJILLO";"GOBIERNO REGIONAL";"III-1";"00005196";"REGIONAL DOCENTE DE TRUJILLO";"241500";"HOSPITALIZACIÓN QUIRÚRGICA GINECOLOGÍA  ";"125";"148";"493";"438";"21";"651";"0"
"2023";"10";"220203";"SAN MARTIN";"BELLAVISTA";"BAJO BIAVO";"GOBIERNO REGIONAL";"I-1";"00006520";"NUEVO TARAPOTO";"NE_0002";"";"NE_0002";"NE_0002";"NE_0002";"NE_0002";"NE_0002";"NE_0002";"NE_0002"
"2023";"10";"220203";"SAN MARTIN";"BELLAVISTA";"BAJO BIAVO";"GOBIERNO REGIONAL";"I-1";"00006523";"SANTA ELENA";"NE_0002";"";"NE_0002";"NE_0002";"NE_0002";"NE_0002";"NE_0002";"NE_0002";"NE_0002"
"2023";"10";"220203";"SAN MARTIN";"BELLAVISTA";"BAJO BIAVO";"GOBIERNO REGIONAL";"I-4";"00006519";"NUEVO LIMA";"NE_0002";"";"NE_0002";"NE_0002";"NE_0002";"NE_0002";"NE_0002";"NE_0002";"NE_0002"
"2023";"10";"220203";"SAN MARTIN";"BELLAVISTA";"BAJO BIAVO";"GOBIERNO REGIONAL";"I-1";"00006522";"LA UNION";"NE_0002";"";"NE_0002";"NE_0002";"NE_0002";"NE_0002";"NE_0002";"NE_0002";"NE_0002"
"2023";"10";"220203";"SAN MARTIN";"BELLAVISTA";"BAJO BIAVO";"GOBIERNO REGIONAL";"I-1";"00006521";"DOS UNIDOS";"NE_0002";"";"NE_0002";"NE_0002";"NE_0002";"NE_0002";"NE_0002";"NE_0002";"NE_0002"
"2023";"10";"220203";"SAN MARTIN";"BELLAVISTA";"BAJO BIAVO";"GOBIERNO REGIONAL";"I-1";"00011343";"YANAYACU";"NE_0002";"";"NE_0002";"NE_0002";"NE_0002";"NE_0002";"NE_0002";"NE_0002";"NE_0002"
"2023";"10";"150137";"LIMA";"LIMA";"SANTA ANITA";"ESSALUD";"II-E";"00010434";"ESSALUD - HOSPITAL IIE SAN ISIDRO LABRADOR";"241800";"HOSPITALIZACIÓN DE MEDICINA MEDICINA GENERAL ";"186";"205";"4578";"4582";"180";"5580";"20"
"2023";"10";"150137";"LIMA";"LIMA";"SANTA ANITA";"ESSALUD";"II-E";"00010434";"ESSALUD - HOSPITAL IIE SAN ISIDRO LABRADOR";"250200";"UNIDAD DE CUIDADOS CRITICOS UNIDAD DE CUIDADOS INTERMEDIOS GENERAL  (UCIN) ";"8";"9";"330";"192";"12";"372";"6"
"2023";"10";"150137";"LIMA";"LIMA";"SANTA ANITA";"ESSALUD";"II-E";"00010434";"ESSALUD - HOSPITAL IIE SAN ISIDRO LABRADOR";"250103";"UNIDAD DE CUIDADOS CRITICOS UNIDAD  DE CUIDADOS INTENSIVOS GENERALES  (UCI) MEDICINA";"4";"6";"94";"126";"8";"186";"4"
"2023";"10";"070101";"CALLAO";"CALLAO";"CALLAO";"GOBIERNO REGIONAL";"I-2";"00006669";"SANIDAD AEREA INTERNACIONAL";"NE_0001";"";"NE_0001";"NE_0001";"NE_0001";"NE_0001";"NE_0001";"NE_0001";"NE_0001"
"2023";"10";"070101";"CALLAO";"CALLAO";"CALLAO";"GOBIERNO REGIONAL";"I-2";"00006668";"SANIDAD MARITIMA";"NE_0001";"";"NE_0001";"NE_0001";"NE_0001";"NE_0001";"NE_0001";"NE_0001";"NE_0001"
"2023";"10";"120114";"JUNIN";"HUANCAYO";"EL TAMBO";"PRIVADO";"II-E";"00010250";"CLINICA OFTALMOLOGICA DEL CENTRO DEL PERU";"NE_0002";"";"NE_0002";"NE_0002";"NE_0002";"NE_0002";"NE_0002";"NE_0002";"NE_0002"
"2023";"05";"240101";"TUMBES";"TUMBES";"TUMBES";"ESSALUD";"II-1";"00012272";"CARLOS ALBERTO CORTEZ JIMENEZ";"240100";"HOSPITALIZACIÓN QUIRÚRGICA CIRUGÍA GENERAL ";"61";"55";"162";"154";"6";"186";"0"
"2023";"05";"240101";"TUMBES";"TUMBES";"TUMBES";"ESSALUD";"II-1";"00012272";"CARLOS ALBERTO CORTEZ JIMENEZ";"241000";"HOSPITALIZACIÓN QUIRÚRGICA ONCOLOGÍA QUIRÚRGICA  ";"2";"2";"6";"6";"1";"31";"0"
"2023";"05";"240101";"TUMBES";"TUMBES";"TUMBES";"ESSALUD";"II-1";"00012272";"CARLOS ALBERTO CORTEZ JIMENEZ";"241400";"HOSPITALIZACIÓN QUIRÚRGICA GINECO - OBSTETRICIA ";"33";"41";"147";"122";"8";"248";"0"
"2023";"05";"240101";"TUMBES";"TUMBES";"TUMBES";"ESSALUD";"II-1";"00012272";"CARLOS ALBERTO CORTEZ JIMENEZ";"241800";"HOSPITALIZACIÓN DE MEDICINA MEDICINA GENERAL ";"6";"5";"12";"12";"10";"310";"0"
"2023";"05";"240101";"TUMBES";"TUMBES";"TUMBES";"ESSALUD";"II-1";"00012272";"CARLOS ALBERTO CORTEZ JIMENEZ";"250103";"UNIDAD DE CUIDADOS CRITICOS UNIDAD  DE CUIDADOS INTENSIVOS GENERALES  (UCI) MEDICINA";"8";"8";"172";"79";"4";"124";"4"
"2023";"05";"240101";"TUMBES";"TUMBES";"TUMBES";"ESSALUD";"II-1";"00012272";"CARLOS ALBERTO CORTEZ JIMENEZ";"241900";"HOSPITALIZACIÓN DE MEDICINA MEDICINA INTERNA ";"41";"46";"390";"250";"10";"310";"6"
"2023";"05";"240101";"TUMBES";"TUMBES";"TUMBES";"ESSALUD";"II-1";"00012272";"CARLOS ALBERTO CORTEZ JIMENEZ";"241600";"HOSPITALIZACIÓN QUIRÚRGICA OBSTETRICIA   ";"89";"79";"213";"191";"11";"341";"0"
"2023";"05";"240101";"TUMBES";"TUMBES";"TUMBES";"ESSALUD";"II-1";"00012272";"CARLOS ALBERTO CORTEZ JIMENEZ";"241200";"HOSPITALIZACIÓN QUIRÚRGICA TRAUMATOLOGÍA Y ORTOPEDIA ";"1";"1";"1";"1";"1";"31";"0"
"2023";"05";"240101";"TUMBES";"TUMBES";"TUMBES";"ESSALUD";"II-1";"00012272";"CARLOS ALBERTO CORTEZ JIMENEZ";"242300";"HOSPITALIZACIÓN DE PEDIATRÍA  PEDIATRÍA  GENERAL ";"101";"93";"310";"241";"8";"248";"1"
"2023";"10";"240101";"TUMBES";"TUMBES";"TUMBES";"ESSALUD";"II-1";"00012272";"CARLOS ALBERTO CORTEZ JIMENEZ";"240100";"HOSPITALIZACIÓN QUIRÚRGICA CIRUGÍA GENERAL ";"51";"48";"142";"138";"6";"186";"0"
"2023";"10";"240101";"TUMBES";"TUMBES";"TUMBES";"ESSALUD";"II-1";"00012272";"CARLOS ALBERTO CORTEZ JIMENEZ";"241000";"HOSPITALIZACIÓN QUIRÚRGICA ONCOLOGÍA QUIRÚRGICA  ";"5";"5";"14";"14";"1";"31";"0"
"2023";"10";"240101";"TUMBES";"TUMBES";"TUMBES";"ESSALUD";"II-1";"00012272";"CARLOS ALBERTO CORTEZ JIMENEZ";"241400";"HOSPITALIZACIÓN QUIRÚRGICA GINECO - OBSTETRICIA ";"43";"38";"153";"139";"7";"217";"0"
"2023";"10";"240101";"TUMBES";"TUMBES";"TUMBES";"ESSALUD";"II-1";"00012272";"CARLOS ALBERTO CORTEZ JIMENEZ";"241800";"HOSPITALIZACIÓN DE MEDICINA MEDICINA GENERAL ";"105";"95";"333";"319";"11";"341";"0"
"2023";"10";"240101";"TUMBES";"TUMBES";"TUMBES";"ESSALUD";"II-1";"00012272";"CARLOS ALBERTO CORTEZ JIMENEZ";"250103";"UNIDAD DE CUIDADOS CRITICOS UNIDAD  DE CUIDADOS INTENSIVOS GENERALES  (UCI) MEDICINA";"11";"5";"44";"30";"4";"124";"2"
"2023";"10";"240101";"TUMBES";"TUMBES";"TUMBES";"ESSALUD";"II-1";"00012272";"CARLOS ALBERTO CORTEZ JIMENEZ";"241900";"HOSPITALIZACIÓN DE MEDICINA MEDICINA INTERNA ";"48";"56";"318";"270";"10";"310";"1"
"2023";"10";"240101";"TUMBES";"TUMBES";"TUMBES";"ESSALUD";"II-1";"00012272";"CARLOS ALBERTO CORTEZ JIMENEZ";"243200";"HOSPITALIZACIÓN DE PEDIATRÍA PEDIATRIA NEONATOLOGÍA";"66";"62";"107";"107";"4";"124";"0"
"2023";"10";"240101";"TUMBES";"TUMBES";"TUMBES";"ESSALUD";"II-1";"00012272";"CARLOS ALBERTO CORTEZ JIMENEZ";"241600";"HOSPITALIZACIÓN QUIRÚRGICA OBSTETRICIA   ";"98";"93";"169";"169";"10";"310";"0"
"2023";"10";"240101";"TUMBES";"TUMBES";"TUMBES";"ESSALUD";"II-1";"00012272";"CARLOS ALBERTO CORTEZ JIMENEZ";"242300";"HOSPITALIZACIÓN DE PEDIATRÍA  PEDIATRÍA  GENERAL ";"25";"24";"170";"102";"8";"248";"0"
"2023";"09";"240101";"TUMBES";"TUMBES";"TUMBES";"ESSALUD";"II-1";"00012272";"CARLOS ALBERTO CORTEZ JIMENEZ";"240100";"HOSPITALIZACIÓN QUIRÚRGICA CIRUGÍA GENERAL ";"51";"48";"142";"138";"6";"186";"0"
"2023";"09";"240101";"TUMBES";"TUMBES";"TUMBES";"ESSALUD";"II-1";"00012272";"CARLOS ALBERTO CORTEZ JIMENEZ";"241000";"HOSPITALIZACIÓN QUIRÚRGICA ONCOLOGÍA QUIRÚRGICA  ";"5";"5";"14";"14";"1";"31";"0"
"2023";"09";"240101";"TUMBES";"TUMBES";"TUMBES";"ESSALUD";"II-1";"00012272";"CARLOS ALBERTO CORTEZ JIMENEZ";"241400";"HOSPITALIZACIÓN QUIRÚRGICA GINECO - OBSTETRICIA ";"43";"38";"153";"139";"7";"217";"0"
"2023";"09";"240101";"TUMBES";"TUMBES";"TUMBES";"ESSALUD";"II-1";"00012272";"CARLOS ALBERTO CORTEZ JIMENEZ";"241800";"HOSPITALIZACIÓN DE MEDICINA MEDICINA GENERAL ";"105";"95";"333";"319";"11";"341";"0"
"2023";"09";"240101";"TUMBES";"TUMBES";"TUMBES";"ESSALUD";"II-1";"00012272";"CARLOS ALBERTO CORTEZ JIMENEZ";"250103";"UNIDAD DE CUIDADOS CRITICOS UNIDAD  DE CUIDADOS INTENSIVOS GENERALES  (UCI) MEDICINA";"11";"5";"44";"30";"4";"124";"2"
"2023";"09";"240101";"TUMBES";"TUMBES";"TUMBES";"ESSALUD";"II-1";"00012272";"CARLOS ALBERTO CORTEZ JIMENEZ";"241900";"HOSPITALIZACIÓN DE MEDICINA MEDICINA INTERNA ";"48";"56";"318";"270";"10";"310";"1"
"2023";"09";"240101";"TUMBES";"TUMBES";"TUMBES";"ESSALUD";"II-1";"00012272";"CARLOS ALBERTO CORTEZ JIMENEZ";"243200";"HOSPITALIZACIÓN DE PEDIATRÍA PEDIATRIA NEONATOLOGÍA";"66";"62";"107";"107";"4";"124";"0"
"2023";"09";"240101";"TUMBES";"TUMBES";"TUMBES";"ESSALUD";"II-1";"00012272";"CARLOS ALBERTO CORTEZ JIMENEZ";"241600";"HOSPITALIZACIÓN QUIRÚRGICA OBSTETRICIA   ";"98";"93";"169";"169";"10";"310";"0"
"2023";"09";"240101";"TUMBES";"TUMBES";"TUMBES";"ESSALUD";"II-1";"00012272";"CARLOS ALBERTO CORTEZ JIMENEZ";"242300";"HOSPITALIZACIÓN DE PEDIATRÍA  PEDIATRÍA  GENERAL ";"25";"24";"170";"102";"8";"248";"0"
"2023";"08";"240101";"TUMBES";"TUMBES";"TUMBES";"ESSALUD";"II-1";"00012272";"CARLOS ALBERTO CORTEZ JIMENEZ";"240100";"HOSPITALIZACIÓN QUIRÚRGICA CIRUGÍA GENERAL ";"51";"48";"142";"138";"6";"186";"0"
"2023";"08";"240101";"TUMBES";"TUMBES";"TUMBES";"ESSALUD";"II-1";"00012272";"CARLOS ALBERTO CORTEZ JIMENEZ";"241000";"HOSPITALIZACIÓN QUIRÚRGICA ONCOLOGÍA QUIRÚRGICA  ";"5";"5";"14";"14";"1";"31";"0"
"2023";"08";"240101";"TUMBES";"TUMBES";"TUMBES";"ESSALUD";"II-1";"00012272";"CARLOS ALBERTO CORTEZ JIMENEZ";"241400";"HOSPITALIZACIÓN QUIRÚRGICA GINECO - OBSTETRICIA ";"43";"38";"153";"139";"7";"217";"0"
"2023";"08";"240101";"TUMBES";"TUMBES";"TUMBES";"ESSALUD";"II-1";"00012272";"CARLOS ALBERTO CORTEZ JIMENEZ";"241800";"HOSPITALIZACIÓN DE MEDICINA MEDICINA GENERAL ";"105";"95";"333";"319";"11";"341";"0"
"2023";"08";"240101";"TUMBES";"TUMBES";"TUMBES";"ESSALUD";"II-1";"00012272";"CARLOS ALBERTO CORTEZ JIMENEZ";"250103";"UNIDAD DE CUIDADOS CRITICOS UNIDAD  DE CUIDADOS INTENSIVOS GENERALES  (UCI) MEDICINA";"11";"5";"44";"30";"4";"124";"2"
"2023";"08";"240101";"TUMBES";"TUMBES";"TUMBES";"ESSALUD";"II-1";"00012272";"CARLOS ALBERTO CORTEZ JIMENEZ";"241900";"HOSPITALIZACIÓN DE MEDICINA MEDICINA INTERNA ";"48";"56";"318";"270";"10";"310";"1"
"2023";"08";"240101";"TUMBES";"TUMBES";"TUMBES";"ESSALUD";"II-1";"00012272";"CARLOS ALBERTO CORTEZ JIMENEZ";"243200";"HOSPITALIZACIÓN DE PEDIATRÍA PEDIATRIA NEONATOLOGÍA";"66";"62";"107";"107";"4";"124";"0"
"2023";"08";"240101";"TUMBES";"TUMBES";"TUMBES";"ESSALUD";"II-1";"00012272";"CARLOS ALBERTO CORTEZ JIMENEZ";"241600";"HOSPITALIZACIÓN QUIRÚRGICA OBSTETRICIA   ";"98";"93";"169";"169";"10";"310";"0"
"2023";"08";"240101";"TUMBES";"TUMBES";"TUMBES";"ESSALUD";"II-1";"00012272";"CARLOS ALBERTO CORTEZ JIMENEZ";"242300";"HOSPITALIZACIÓN DE PEDIATRÍA  PEDIATRÍA  GENERAL ";"25";"24";"170";"102";"8";"248";"0"
"2023";"11";"070101";"CALLAO";"CALLAO";"CALLAO";"SANIDAD DE LA POLICIA NACIONAL DEL PERU";"I-2";"00010610";"POSTA MEDICA POLICIAL SEDE DIRAVPOL";"NE_0001";"";"NE_0001";"NE_0001";"NE_0001";"NE_0001";"NE_0001";"NE_0001";"NE_0001"
"2023";"11";"040101";"AREQUIPA";"AREQUIPA";"AREQUIPA";"PRIVADO";"II-E";"00016486";"CLÍNICA DE OJOS Y LA VISTA FUNDAR E.I.R.L.";"NE_0001";"";"NE_0001";"NE_0001";"NE_0001";"NE_0001";"NE_0001";"NE_0001";"NE_0001"
"2023";"11";"150131";"LIMA";"LIMA";"SAN ISIDRO";"PRIVADO";"II-E";"00018581";"CLINICA PETRAS";"240800";"HOSPITALIZACIÓN QUIRÚRGICA CIRUGÍA PLÁSTICA/RECONSTRUCTIVA/ REPARADORA ";"6";"6";"6";"3";"2,00";"60";"0"
"2023";"11";"230303";"TACNA";"JORGE BASADRE";"ITE";"ESSALUD";"I-2";"00027545";"CENTRO DE ATENCION PRIMARIA I ITE";"NE_0001";"";"NE_0001";"NE_0001";"NE_0001";"NE_0001";"NE_0001";"NE_0001";"NE_0001"
"2023";"11";"070105";"CALLAO";"CALLAO";"LA PUNTA";"GOBIERNO REGIONAL";"I-2";"00006227";"PUESTO DE SALUD LA PUNTA";"NE_0001";"";"NE_0001";"NE_0001";"NE_0001";"NE_0001";"NE_0001";"NE_0001";"NE_0001"
"2023";"11";"070101";"CALLAO";"CALLAO";"CALLAO";"GOBIERNO REGIONAL";"I-2";"00006225";"PUESTO DE SALUD  SAN JUAN BOSCO";"NE_0001";"";"NE_0001";"NE_0001";"NE_0001";"NE_0001";"NE_0001";"NE_0001";"NE_0001"
"2023";"11";"070101";"CALLAO";"CALLAO";"CALLAO";"GOBIERNO REGIONAL";"I-3";"00006221";"C.S. ALBERTO BARTON";"NE_0001";"";"NE_0001";"NE_0001";"NE_0001";"NE_0001";"NE_0001";"NE_0001";"NE_0001"
"2023";"11";"060607";"CAJAMARCA";"CUTERVO";"QUEROCOTILLO";"GOBIERNO REGIONAL";"I-1";"00006859";"MOSHOQUEQUE";"NE_0001";"";"NE_0001";"NE_0001";"NE_0001";"NE_0001";"NE_0001";"NE_0001";"NE_0001"
"2023";"11";"060602";"CAJAMARCA";"CUTERVO";"CALLAYUC";"GOBIERNO REGIONAL";"I-3";"00004964";"CHIPLE";"NE_0001";"";"NE_0001";"NE_0001";"NE_0001";"NE_0001";"NE_0001";"NE_0001";"NE_0001"
"2023";"11";"060602";"CAJAMARCA";"CUTERVO";"CALLAYUC";"GOBIERNO REGIONAL";"I-1";"00004965";"QUEROMARCA";"NE_0001";"";"NE_0001";"NE_0001";"NE_0001";"NE_0001";"NE_0001";"NE_0001";"NE_0001"
"2023";"11";"060606";"CAJAMARCA";"CUTERVO";"PIMPINGOS";"GOBIERNO REGIONAL";"I-2";"00005013";"CASA BLANCA";"NE_0001";"";"NE_0001";"NE_0001";"NE_0001";"NE_0001";"NE_0001";"NE_0001";"NE_0001"
"2023";"11";"060602";"CAJAMARCA";"CUTERVO";"CALLAYUC";"GOBIERNO REGIONAL";"I-1";"00007367";"CONGA";"NE_0001";"";"NE_0001";"NE_0001";"NE_0001";"NE_0001";"NE_0001";"NE_0001";"NE_0001"
"2023";"11";"060611";"CAJAMARCA";"CUTERVO";"SANTA CRUZ";"GOBIERNO REGIONAL";"I-1";"00004978";"CHIPLE LIMON";"NE_0001";"";"NE_0001";"NE_0001";"NE_0001";"NE_0001";"NE_0001";"NE_0001";"NE_0001"
"2023";"11";"060611";"CAJAMARCA";"CUTERVO";"SANTA CRUZ";"GOBIERNO REGIONAL";"I-1";"00004980";"SAN JUAN DE LIMON";"NE_0001";"";"NE_0001";"NE_0001";"NE_0001";"NE_0001";"NE_0001";"NE_0001";"NE_0001"
"2023";"11";"060602";"CAJAMARCA";"CUTERVO";"CALLAYUC";"GOBIERNO REGIONAL";"I-2";"00004966";"SANTA TERESA DE QUEROMARCA";"NE_0001";"";"NE_0001";"NE_0001";"NE_0001";"NE_0001";"NE_0001";"NE_0001";"NE_0001"
"2023";"11";"060602";"CAJAMARCA";"CUTERVO";"CALLAYUC";"GOBIERNO REGIONAL";"I-1";"00006828";"SANTA ROSA DE CALLAYUC";"NE_0001";"";"NE_0001";"NE_0001";"NE_0001";"NE_0001";"NE_0001";"NE_0001";"NE_0001"
"2023";"11";"060611";"CAJAMARCA";"CUTERVO";"SANTA CRUZ";"GOBIERNO REGIONAL";"I-3";"00004977";"SANTA CRUZ DE CUTERVO";"NE_0001";"";"NE_0001";"NE_0001";"NE_0001";"NE_0001";"NE_0001";"NE_0001";"NE_0001"
"2023";"11";"060611";"CAJAMARCA";"CUTERVO";"SANTA CRUZ";"GOBIERNO REGIONAL";"I-1";"00004979";"CAMPO FLORIDO";"NE_0001";"";"NE_0001";"NE_0001";"NE_0001";"NE_0001";"NE_0001";"NE_0001";"NE_0001"
"2023";"11";"060602";"CAJAMARCA";"CUTERVO";"CALLAYUC";"GOBIERNO REGIONAL";"I-2";"00004967";"SECTOR EL CAMPO";"NE_0001";"";"NE_0001";"NE_0001";"NE_0001";"NE_0001";"NE_0001";"NE_0001";"NE_0001"
"2023";"11";"060611";"CAJAMARCA";"CUTERVO";"SANTA CRUZ";"GOBIERNO REGIONAL";"I-1";"00007050";"AMBATO";"NE_0001";"";"NE_0001";"NE_0001";"NE_0001";"NE_0001";"NE_0001";"NE_0001";"NE_0001"
"2023";"11";"060611";"CAJAMARCA";"CUTERVO";"SANTA CRUZ";"GOBIERNO REGIONAL";"I-1";"00011261";"GRAMALOTILLO";"NE_0001";"";"NE_0001";"NE_0001";"NE_0001";"NE_0001";"NE_0001";"NE_0001";"NE_0001"
"2023";"09";"100501";"HUANUCO";"HUAMALIES";"LLATA";"GOBIERNO REGIONAL";"I-2";"00000891";"ISHANCA";"NE_0001";"";"NE_0001";"NE_0001";"NE_0001";"NE_0001";"NE_0001";"NE_0001";"NE_0001"
"2023";"11";"060303";"CAJAMARCA";"CELENDIN";"CORTEGANA";"GOBIERNO REGIONAL";"I-1";"00006758";"MUSADEN";"NE_0001";"";"NE_0001";"NE_0001";"NE_0001";"NE_0001";"NE_0001";"NE_0001";"NE_0001"
"2023";"11";"060303";"CAJAMARCA";"CELENDIN";"CORTEGANA";"GOBIERNO REGIONAL";"I-1";"00004475";"ANDAMACHAY";"NE_0001";"";"NE_0001";"NE_0001";"NE_0001";"NE_0001";"NE_0001";"NE_0001";"NE_0001"
"2023";"09";"120114";"JUNIN";"HUANCAYO";"EL TAMBO";"PRIVADO";"II-1";"00025970";"CLINICA REBAGLIATI";"240100";"HOSPITALIZACIÓN QUIRÚRGICA CIRUGÍA GENERAL ";"51";"51";"51";"71";"9";"51";"0"
"2023";"09";"120114";"JUNIN";"HUANCAYO";"EL TAMBO";"PRIVADO";"II-1";"00025970";"CLINICA REBAGLIATI";"240200";"HOSPITALIZACIÓN QUIRÚRGICA CIRUGÍA DE CABEZA Y CUELLO / MÁXILO FACIAL ";"2";"2";"2";"4";"3";"9";"0"
"2023";"09";"120114";"JUNIN";"HUANCAYO";"EL TAMBO";"PRIVADO";"II-1";"00025970";"CLINICA REBAGLIATI";"240400";"HOSPITALIZACIÓN QUIRÚRGICA CIRUGÍA DE TÓRAX Y CARDIOVASCULAR ";"1";"1";"1";"2";"2";"3";"0"
"2023";"09";"120114";"JUNIN";"HUANCAYO";"EL TAMBO";"PRIVADO";"II-1";"00025970";"CLINICA REBAGLIATI";"240800";"HOSPITALIZACIÓN QUIRÚRGICA CIRUGÍA PLÁSTICA/RECONSTRUCTIVA/ REPARADORA ";"1";"1";"3";"3";"3";"6";"0"
"2023";"09";"120114";"JUNIN";"HUANCAYO";"EL TAMBO";"PRIVADO";"II-1";"00025970";"CLINICA REBAGLIATI";"240900";"HOSPITALIZACIÓN QUIRÚRGICA NEUROCIRUGÍA ";"4";"4";"6";"2";"1";"2";"0"
"2023";"09";"120114";"JUNIN";"HUANCAYO";"EL TAMBO";"PRIVADO";"II-1";"00025970";"CLINICA REBAGLIATI";"241100";"HOSPITALIZACIÓN QUIRÚRGICA OTORRINOLARINGOLOGÍA  ";"12";"12";"12";"16";"17";"20";"0"
"2023";"09";"120114";"JUNIN";"HUANCAYO";"EL TAMBO";"PRIVADO";"II-1";"00025970";"CLINICA REBAGLIATI";"241200";"HOSPITALIZACIÓN QUIRÚRGICA TRAUMATOLOGÍA Y ORTOPEDIA ";"5";"5";"5";"20";"5";"22";"0"
"2023";"09";"120114";"JUNIN";"HUANCAYO";"EL TAMBO";"PRIVADO";"II-1";"00025970";"CLINICA REBAGLIATI";"241300";"HOSPITALIZACIÓN QUIRÚRGICA UROLOGÍA  ";"8";"8";"8";"9";"10";"12";"0"
"2023";"09";"120114";"JUNIN";"HUANCAYO";"EL TAMBO";"PRIVADO";"II-1";"00025970";"CLINICA REBAGLIATI";"241400";"HOSPITALIZACIÓN QUIRÚRGICA GINECO - OBSTETRICIA ";"18";"18";"18";"19";"19";"20";"0"
"2023";"09";"120114";"JUNIN";"HUANCAYO";"EL TAMBO";"PRIVADO";"II-1";"00025970";"CLINICA REBAGLIATI";"241500";"HOSPITALIZACIÓN QUIRÚRGICA GINECOLOGÍA  ";"6";"6";"6";"33";"12";"34";"0"
"2023";"09";"120114";"JUNIN";"HUANCAYO";"EL TAMBO";"PRIVADO";"II-1";"00025970";"CLINICA REBAGLIATI";"241600";"HOSPITALIZACIÓN QUIRÚRGICA OBSTETRICIA   ";"2";"2";"2";"5";"4";"7";"0"
"2023";"09";"120114";"JUNIN";"HUANCAYO";"EL TAMBO";"PRIVADO";"II-1";"00025970";"CLINICA REBAGLIATI";"241800";"HOSPITALIZACIÓN DE MEDICINA MEDICINA GENERAL ";"2";"2";"2";"3";"4";"5";"0"
"2023";"09";"120114";"JUNIN";"HUANCAYO";"EL TAMBO";"PRIVADO";"II-1";"00025970";"CLINICA REBAGLIATI";"241900";"HOSPITALIZACIÓN DE MEDICINA MEDICINA INTERNA ";"4";"4";"4";"3";"3";"4";"0"
"2023";"09";"120114";"JUNIN";"HUANCAYO";"EL TAMBO";"PRIVADO";"II-1";"00025970";"CLINICA REBAGLIATI";"242100";"HOSPITALIZACIÓN DE MEDICINA ONCOLOGÍA MÉDICA ";"3";"3";"6";"9";"3";"11";"0"
"2023";"09";"120114";"JUNIN";"HUANCAYO";"EL TAMBO";"PRIVADO";"II-1";"00025970";"CLINICA REBAGLIATI";"245400";"HOSPITALIZACIÓN DE MEDICINA GINECOLOGIA ";"1";"1";"2";"3";"4";"6";"0"
"2023";"09";"120114";"JUNIN";"HUANCAYO";"EL TAMBO";"PRIVADO";"II-1";"00025970";"CLINICA REBAGLIATI";"244700";"HOSPITALIZACIÓN DE MEDICINA NEUROLOGIA  ";"3";"3";"3";"4";"4";"5";"0"
"2023";"09";"070102";"CALLAO";"CALLAO";"BELLAVISTA";"GOBIERNO REGIONAL";"III-1";"00006218";"NAC. DANIEL A. CARRION";"241900";"HOSPITALIZACIÓN DE MEDICINA MEDICINA INTERNA ";"303";"302";"4120";"4158";"145";"4329";"35"
"2023";"09";"070102";"CALLAO";"CALLAO";"BELLAVISTA";"GOBIERNO REGIONAL";"III-1";"00006218";"NAC. DANIEL A. CARRION";"245300";"HOSPITALIZACIÓN DE MEDICINA NEUMOLOGÍA  ";"5";"6";"170";"313";"14";"420";"0"
"2023";"09";"070102";"CALLAO";"CALLAO";"BELLAVISTA";"GOBIERNO REGIONAL";"III-1";"00006218";"NAC. DANIEL A. CARRION";"240100";"HOSPITALIZACIÓN QUIRÚRGICA CIRUGÍA GENERAL ";"250";"241";"2267";"1718";"83";"2473";"2"
"2023";"09";"070102";"CALLAO";"CALLAO";"BELLAVISTA";"GOBIERNO REGIONAL";"III-1";"00006218";"NAC. DANIEL A. CARRION";"241200";"HOSPITALIZACIÓN QUIRÚRGICA TRAUMATOLOGÍA Y ORTOPEDIA ";"32";"42";"873";"897";"30";"903";"0"
"2023";"09";"070102";"CALLAO";"CALLAO";"BELLAVISTA";"GOBIERNO REGIONAL";"III-1";"00006218";"NAC. DANIEL A. CARRION";"240900";"HOSPITALIZACIÓN QUIRÚRGICA NEUROCIRUGÍA ";"48";"44";"674";"619";"32";"955";"1"
"2023";"09";"070102";"CALLAO";"CALLAO";"BELLAVISTA";"GOBIERNO REGIONAL";"III-1";"00006218";"NAC. DANIEL A. CARRION";"240700";"HOSPITALIZACIÓN QUIRÚRGICA CIRUGÍA PEDIÁTRICA ";"64";"69";"315";"284";"18";"540";"0"
"2023";"09";"070102";"CALLAO";"CALLAO";"BELLAVISTA";"GOBIERNO REGIONAL";"III-1";"00006218";"NAC. DANIEL A. CARRION";"250105";"UNIDAD DE CUIDADOS CRITICOS UNIDAD  DE CUIDADOS INTENSIVOS  (UCI) NEONATOLOGÍA";"37";"85";"692";"697";"37";"1110";"1"
"2023";"09";"070102";"CALLAO";"CALLAO";"BELLAVISTA";"GOBIERNO REGIONAL";"III-1";"00006218";"NAC. DANIEL A. CARRION";"242300";"HOSPITALIZACIÓN DE PEDIATRÍA  PEDIATRÍA  GENERAL ";"110";"120";"652";"587";"24";"720";"0"
"2023";"09";"070102";"CALLAO";"CALLAO";"BELLAVISTA";"GOBIERNO REGIONAL";"III-1";"00006218";"NAC. DANIEL A. CARRION";"241500";"HOSPITALIZACIÓN QUIRÚRGICA GINECOLOGÍA  ";"107";"149";"583";"509";"26";"780";"0"
"2023";"09";"070102";"CALLAO";"CALLAO";"BELLAVISTA";"GOBIERNO REGIONAL";"III-1";"00006218";"NAC. DANIEL A. CARRION";"241600";"HOSPITALIZACIÓN QUIRÚRGICA OBSTETRICIA   ";"10";"158";"349";"332";"15";"450";"0"
"2023";"09";"070102";"CALLAO";"CALLAO";"BELLAVISTA";"GOBIERNO REGIONAL";"III-1";"00006218";"NAC. DANIEL A. CARRION";"241400";"HOSPITALIZACIÓN QUIRÚRGICA GINECO - OBSTETRICIA ";"110";"36";"102";"142";"16";"476";"0"
"2023";"09";"070102";"CALLAO";"CALLAO";"BELLAVISTA";"GOBIERNO REGIONAL";"III-1";"00006218";"NAC. DANIEL A. CARRION";"250100";"UNIDAD DE CUIDADOS CRITICOS UNIDAD  DE CUIDADOS INTENSIVOS GENERALES (UCI) ";"5";"3";"43";"180";"6";"180";"2"
"2023";"09";"070102";"CALLAO";"CALLAO";"BELLAVISTA";"GOBIERNO REGIONAL";"III-1";"00006218";"NAC. DANIEL A. CARRION";"250200";"UNIDAD DE CUIDADOS CRITICOS UNIDAD DE CUIDADOS INTERMEDIOS GENERAL  (UCIN) ";"3";"1";"69";"237";"8";"240";"1"
"2023";"09";"070102";"CALLAO";"CALLAO";"BELLAVISTA";"GOBIERNO REGIONAL";"III-1";"00006218";"NAC. DANIEL A. CARRION";"242100";"HOSPITALIZACIÓN DE MEDICINA ONCOLOGÍA MÉDICA ";"46";"57";"643";"446";"19";"577";"1"
"2023";"09";"070102";"CALLAO";"CALLAO";"BELLAVISTA";"GOBIERNO REGIONAL";"III-1";"00006218";"NAC. DANIEL A. CARRION";"250108";"UNIDAD DE CUIDADOS CRITICOS UNIDAD  DE CUIDADOS INTENSIVOS  (UCI) PEDIÁTRICA";"10";"1";"1";"160";"6";"180";"1"
"2023";"09";"040101";"AREQUIPA";"AREQUIPA";"AREQUIPA";"GOBIERNO REGIONAL";"III-1";"00001232";"HOSPITAL GOYENECHE";"241900";"HOSPITALIZACIÓN DE MEDICINA MEDICINA INTERNA ";"121";"120";"1502";"1260";"53";"1590";"14"
"2023";"09";"040101";"AREQUIPA";"AREQUIPA";"AREQUIPA";"GOBIERNO REGIONAL";"III-1";"00001232";"HOSPITAL GOYENECHE";"240100";"HOSPITALIZACIÓN QUIRÚRGICA CIRUGÍA GENERAL ";"152";"153";"1254";"1320";"48";"1440";"2"
"2023";"09";"040101";"AREQUIPA";"AREQUIPA";"AREQUIPA";"GOBIERNO REGIONAL";"III-1";"00001232";"HOSPITAL GOYENECHE";"240000";"HOSPITALIZACIÓN";"60";"60";"894";"837";"30";"900";"0"
"2023";"09";"040101";"AREQUIPA";"AREQUIPA";"AREQUIPA";"GOBIERNO REGIONAL";"III-1";"00001232";"HOSPITAL GOYENECHE";"242100";"HOSPITALIZACIÓN DE MEDICINA ONCOLOGÍA MÉDICA ";"78";"80";"433";"344";"22";"660";"2"
"2023";"09";"040101";"AREQUIPA";"AREQUIPA";"AREQUIPA";"GOBIERNO REGIONAL";"III-1";"00001232";"HOSPITAL GOYENECHE";"242500";"HOSPITALIZACIÓN-PEDIATRÍA GENERAL-";"80";"91";"343";"305";"23";"690";"0"
"2023";"09";"040101";"AREQUIPA";"AREQUIPA";"AREQUIPA";"GOBIERNO REGIONAL";"III-1";"00001232";"HOSPITAL GOYENECHE";"240700";"HOSPITALIZACIÓN QUIRÚRGICA CIRUGÍA PEDIÁTRICA ";"29";"33";"213";"180";"7";"210";"0"
"2023";"09";"040101";"AREQUIPA";"AREQUIPA";"AREQUIPA";"GOBIERNO REGIONAL";"III-1";"00001232";"HOSPITAL GOYENECHE";"243200";"HOSPITALIZACIÓN DE PEDIATRÍA PEDIATRIA NEONATOLOGÍA";"113";"127";"562";"442";"15";"450";"0"
"2023";"09";"040101";"AREQUIPA";"AREQUIPA";"AREQUIPA";"GOBIERNO REGIONAL";"III-1";"00001232";"HOSPITAL GOYENECHE";"241500";"HOSPITALIZACIÓN QUIRÚRGICA GINECOLOGÍA  ";"175";"163";"412";"445";"22";"660";"0"
"2023";"09";"040101";"AREQUIPA";"AREQUIPA";"AREQUIPA";"GOBIERNO REGIONAL";"III-1";"00001232";"HOSPITAL GOYENECHE";"241600";"HOSPITALIZACIÓN QUIRÚRGICA OBSTETRICIA   ";"232";"232";"652";"655";"32";"960";"0"
"2023";"09";"040101";"AREQUIPA";"AREQUIPA";"AREQUIPA";"GOBIERNO REGIONAL";"III-1";"00001232";"HOSPITAL GOYENECHE";"250100";"UNIDAD DE CUIDADOS CRITICOS UNIDAD  DE CUIDADOS INTENSIVOS GENERALES (UCI) ";"5";"1";"3";"153";"6";"180";"1"
"2023";"09";"040101";"AREQUIPA";"AREQUIPA";"AREQUIPA";"GOBIERNO REGIONAL";"III-1";"00001232";"HOSPITAL GOYENECHE";"250105";"UNIDAD DE CUIDADOS CRITICOS UNIDAD  DE CUIDADOS INTENSIVOS  (UCI) NEONATOLOGÍA";"12";"2";"9";"115";"6";"180";"2"
"2023";"10";"061105";"CAJAMARCA";"SAN MIGUEL";"EL PRADO";"GOBIERNO REGIONAL";"I-1";"00004540";"EL GUAYO";"NE_0001";"";"NE_0001";"NE_0001";"NE_0001";"NE_0001";"NE_0001";"NE_0001";"NE_0001"
"2023";"10";"061113";"CAJAMARCA";"SAN MIGUEL";"UNION AGUA BLANCA";"GOBIERNO REGIONAL";"I-1";"00004543";"LIVES";"NE_0001";"";"NE_0001";"NE_0001";"NE_0001";"NE_0001";"NE_0001";"NE_0001";"NE_0001"
"2023";"10";"061101";"CAJAMARCA";"SAN MIGUEL";"SAN MIGUEL";"GOBIERNO REGIONAL";"I-1";"00004541";"TANON CAMPO ALEGRE";"NE_0001";"";"NE_0001";"NE_0001";"NE_0001";"NE_0001";"NE_0001";"NE_0001";"NE_0001"
"2023";"10";"061105";"CAJAMARCA";"SAN MIGUEL";"EL PRADO";"GOBIERNO REGIONAL";"I-1";"00004542";"QUINDEN BAJO";"NE_0001";"";"NE_0001";"NE_0001";"NE_0001";"NE_0001";"NE_0001";"NE_0001";"NE_0001"
"2023";"10";"230401";"TACNA";"TARATA";"TARATA";"ESSALUD";"I-2";"00010192";"CENTRO DE ATENCION PRIMARIA I TARATA";"NE_0001";"";"NE_0001";"NE_0001";"NE_0001";"NE_0001";"NE_0001";"NE_0001";"NE_0001"
"2023";"10";"150113";"LIMA";"LIMA";"JESUS MARIA";"ESSALUD";"I-3";"00008711";"POLICLINICO PABLO BERMUDEZ";"NE_0001";"";"NE_0001";"NE_0001";"NE_0001";"NE_0001";"NE_0001";"NE_0001";"NE_0001"
"2023";"10";"150134";"LIMA";"LIMA";"SAN LUIS";"ESSALUD";"I-3";"00008289";"POLICLÍNICO DE COMPLEJIDAD CRECIENTE SAN LUIS";"NE_0001";"";"NE_0001";"NE_0001";"NE_0001";"NE_0001";"NE_0001";"NE_0001";"NE_0001"
"2023";"10";"061101";"CAJAMARCA";"SAN MIGUEL";"SAN MIGUEL";"ESSALUD";"I-2";"00010273";"POSTA MEDICA ESSALUD SAN MIGUEL";"NE_0001";"";"NE_0001";"NE_0001";"NE_0001";"NE_0001";"NE_0001";"NE_0001";"NE_0001"
"2023";"10";"110101";"ICA";"ICA";"ICA";"PRIVADO";"I-4";"00009606";"VIRGEN DEL ROSARIO SA";"240000";"HOSPITALIZACIÓN";"95";"97";"136";"138";"16";"496";"0"
"2023";"10";"130101";"LA LIBERTAD";"TRUJILLO";"TRUJILLO";"PRIVADO";"II-E";"00021009";"CLINICA SAN LUIS ASISTENCIAL DOCENTE S.R.L.";"240100";"HOSPITALIZACIÓN QUIRÚRGICA CIRUGÍA GENERAL ";"99";"121";"134";"149";"24";"720";"0"
"2023";"10";"130101";"LA LIBERTAD";"TRUJILLO";"TRUJILLO";"PRIVADO";"II-E";"00021009";"CLINICA SAN LUIS ASISTENCIAL DOCENTE S.R.L.";"241400";"HOSPITALIZACIÓN QUIRÚRGICA GINECO - OBSTETRICIA ";"5";"5";"19";"28";"24";"720";"0"
"2023";"10";"120606";"JUNIN";"SATIPO";"PANGOA";"GOBIERNO REGIONAL";"II-1";"00000442";"SAN MARTIN DE PANGOA";"241800";"HOSPITALIZACIÓN DE MEDICINA MEDICINA GENERAL ";"35";"38";"149";"186";"6";"186";"2"
"2023";"10";"120606";"JUNIN";"SATIPO";"PANGOA";"GOBIERNO REGIONAL";"II-1";"00000442";"SAN MARTIN DE PANGOA";"242500";"HOSPITALIZACIÓN-PEDIATRÍA GENERAL-";"16";"19";"69";"72";"8";"248";"0"
"2023";"10";"120606";"JUNIN";"SATIPO";"PANGOA";"GOBIERNO REGIONAL";"II-1";"00000442";"SAN MARTIN DE PANGOA";"240100";"HOSPITALIZACIÓN QUIRÚRGICA CIRUGÍA GENERAL ";"30";"32";"98";"93";"4";"124";"0"
"2023";"10";"120606";"JUNIN";"SATIPO";"PANGOA";"GOBIERNO REGIONAL";"II-1";"00000442";"SAN MARTIN DE PANGOA";"241500";"HOSPITALIZACIÓN QUIRÚRGICA GINECOLOGÍA  ";"45";"47";"98";"42";"8";"248";"0"
"2023";"10";"120606";"JUNIN";"SATIPO";"PANGOA";"GOBIERNO REGIONAL";"II-1";"00000442";"SAN MARTIN DE PANGOA";"241400";"HOSPITALIZACIÓN QUIRÚRGICA GINECO - OBSTETRICIA ";"53";"53";"108";"116";"8";"248";"0"
"2023";"10";"120606";"JUNIN";"SATIPO";"PANGOA";"GOBIERNO REGIONAL";"II-1";"00000442";"SAN MARTIN DE PANGOA";"243200";"HOSPITALIZACIÓN DE PEDIATRÍA PEDIATRIA NEONATOLOGÍA";"8";"11";"64";"44";"6";"186";"1"
"2023";"10";"021801";"ANCASH";"SANTA";"CHIMBOTE";"ESSALUD";"0";"00009047";"HOSPITAL III CHIMBOTE";"241900";"HOSPITALIZACIÓN DE MEDICINA MEDICINA INTERNA ";"230";"220";"1158";"1734";"66";"2046";"20"
"2023";"10";"021801";"ANCASH";"SANTA";"CHIMBOTE";"ESSALUD";"0";"00009047";"HOSPITAL III CHIMBOTE";"240100";"HOSPITALIZACIÓN QUIRÚRGICA CIRUGÍA GENERAL ";"151";"151";"546";"504";"16";"511";"0"
"2023";"10";"021801";"ANCASH";"SANTA";"CHIMBOTE";"ESSALUD";"0";"00009047";"HOSPITAL III CHIMBOTE";"241200";"HOSPITALIZACIÓN QUIRÚRGICA TRAUMATOLOGÍA Y ORTOPEDIA ";"56";"56";"489";"548";"19";"589";"0"
"2023";"10";"021801";"ANCASH";"SANTA";"CHIMBOTE";"ESSALUD";"0";"00009047";"HOSPITAL III CHIMBOTE";"241300";"HOSPITALIZACIÓN QUIRÚRGICA UROLOGÍA  ";"19";"19";"88";"80";"3";"93";"0"
"2023";"10";"021801";"ANCASH";"SANTA";"CHIMBOTE";"ESSALUD";"0";"00009047";"HOSPITAL III CHIMBOTE";"240900";"HOSPITALIZACIÓN QUIRÚRGICA NEUROCIRUGÍA ";"10";"10";"128";"55";"3";"93";"1"
"2023";"10";"021801";"ANCASH";"SANTA";"CHIMBOTE";"ESSALUD";"0";"00009047";"HOSPITAL III CHIMBOTE";"241100";"HOSPITALIZACIÓN QUIRÚRGICA OTORRINOLARINGOLOGÍA  ";"1";"1";"5";"8";"1";"16";"0"
"2023";"10";"021801";"ANCASH";"SANTA";"CHIMBOTE";"ESSALUD";"0";"00009047";"HOSPITAL III CHIMBOTE";"241500";"HOSPITALIZACIÓN QUIRÚRGICA GINECOLOGÍA  ";"84";"84";"259";"270";"9";"278";"0"
"2023";"10";"021801";"ANCASH";"SANTA";"CHIMBOTE";"ESSALUD";"0";"00009047";"HOSPITAL III CHIMBOTE";"241600";"HOSPITALIZACIÓN QUIRÚRGICA OBSTETRICIA   ";"164";"159";"356";"351";"18";"560";"0"
"2023";"10";"021801";"ANCASH";"SANTA";"CHIMBOTE";"ESSALUD";"0";"00009047";"HOSPITAL III CHIMBOTE";"242300";"HOSPITALIZACIÓN DE PEDIATRÍA  PEDIATRÍA  GENERAL ";"81";"81";"395";"343";"11";"343";"0"
"2023";"10";"021801";"ANCASH";"SANTA";"CHIMBOTE";"ESSALUD";"0";"00009047";"HOSPITAL III CHIMBOTE";"240700";"HOSPITALIZACIÓN QUIRÚRGICA CIRUGÍA PEDIÁTRICA ";"24";"24";"49";"65";"2";"65";"0"
"2023";"10";"021801";"ANCASH";"SANTA";"CHIMBOTE";"ESSALUD";"0";"00009047";"HOSPITAL III CHIMBOTE";"243200";"HOSPITALIZACIÓN DE PEDIATRÍA PEDIATRIA NEONATOLOGÍA";"103";"103";"417";"210";"10";"311";"1"
"2023";"10";"021801";"ANCASH";"SANTA";"CHIMBOTE";"ESSALUD";"0";"00009047";"HOSPITAL III CHIMBOTE";"240100";"HOSPITALIZACIÓN QUIRÚRGICA CIRUGÍA GENERAL ";"17";"17";"152";"141";"5";"155";"2"
"2023";"10";"021801";"ANCASH";"SANTA";"CHIMBOTE";"ESSALUD";"0";"00009047";"HOSPITAL III CHIMBOTE";"250200";"UNIDAD DE CUIDADOS CRITICOS UNIDAD DE CUIDADOS INTERMEDIOS GENERAL  (UCIN) ";"18";"18";"181";"230";"8";"248";"3"
"2023";"10";"070102";"CALLAO";"CALLAO";"BELLAVISTA";"SANIDAD DE LA MARINA DE GUERRA DEL PERU";"III-1";"00008266";"HOSPITAL NAVAL";"241300";"HOSPITALIZACIÓN QUIRÚRGICA UROLOGÍA  ";"61";"63";"649";"643";"25";"775";"0"
"2023";"10";"070102";"CALLAO";"CALLAO";"BELLAVISTA";"SANIDAD DE LA MARINA DE GUERRA DEL PERU";"III-1";"00008266";"HOSPITAL NAVAL";"242200";"HOSPITALIZACIÓN DE MEDICINA PSIQUIATRÍA ";"20";"19";"386";"419";"28";"868";"0"
"2023";"10";"070102";"CALLAO";"CALLAO";"BELLAVISTA";"SANIDAD DE LA MARINA DE GUERRA DEL PERU";"III-1";"00008266";"HOSPITAL NAVAL";"245300";"HOSPITALIZACIÓN DE MEDICINA NEUMOLOGÍA  ";"43";"44";"243";"299";"10";"310";"2"
"2023";"10";"070102";"CALLAO";"CALLAO";"BELLAVISTA";"SANIDAD DE LA MARINA DE GUERRA DEL PERU";"III-1";"00008266";"HOSPITAL NAVAL";"242000";"HOSPITALIZACIÓN DE MEDICINA MEDICINA TROPICAL E INFECCIOSAS ";"29";"31";"250";"305";"19";"589";"0"
"2023";"10";"070102";"CALLAO";"CALLAO";"BELLAVISTA";"SANIDAD DE LA MARINA DE GUERRA DEL PERU";"III-1";"00008266";"HOSPITAL NAVAL";"242300";"HOSPITALIZACIÓN DE PEDIATRÍA  PEDIATRÍA  GENERAL ";"68";"66";"290";"283";"18";"558";"0"
"2023";"10";"070102";"CALLAO";"CALLAO";"BELLAVISTA";"SANIDAD DE LA MARINA DE GUERRA DEL PERU";"III-1";"00008266";"HOSPITAL NAVAL";"241200";"HOSPITALIZACIÓN QUIRÚRGICA TRAUMATOLOGÍA Y ORTOPEDIA ";"19";"19";"494";"496";"16";"496";"0"
"2023";"10";"070102";"CALLAO";"CALLAO";"BELLAVISTA";"SANIDAD DE LA MARINA DE GUERRA DEL PERU";"III-1";"00008266";"HOSPITAL NAVAL";"241400";"HOSPITALIZACIÓN QUIRÚRGICA GINECO - OBSTETRICIA ";"78";"64";"375";"295";"18";"558";"0"
"2023";"10";"070102";"CALLAO";"CALLAO";"BELLAVISTA";"SANIDAD DE LA MARINA DE GUERRA DEL PERU";"III-1";"00008266";"HOSPITAL NAVAL";"243200";"HOSPITALIZACIÓN DE PEDIATRÍA PEDIATRIA NEONATOLOGÍA";"30";"20";"105";"140";"12";"372";"0"
"2023";"10";"070102";"CALLAO";"CALLAO";"BELLAVISTA";"SANIDAD DE LA MARINA DE GUERRA DEL PERU";"III-1";"00008266";"HOSPITAL NAVAL";"244400";"HOSPITALIZACIÓN DE MEDICINA GERIATRIA ";"38";"38";"286";"270";"14";"434";"6"
"2023";"10";"070102";"CALLAO";"CALLAO";"BELLAVISTA";"SANIDAD DE LA MARINA DE GUERRA DEL PERU";"III-1";"00008266";"HOSPITAL NAVAL";"240100";"HOSPITALIZACIÓN QUIRÚRGICA CIRUGÍA GENERAL ";"154";"124";"1165";"1403";"55";"1705";"0"
"2023";"10";"070102";"CALLAO";"CALLAO";"BELLAVISTA";"SANIDAD DE LA MARINA DE GUERRA DEL PERU";"III-1";"00008266";"HOSPITAL NAVAL";"241800";"HOSPITALIZACIÓN DE MEDICINA MEDICINA GENERAL ";"66";"70";"719";"604";"25";"775";"0"
"2023";"10";"070102";"CALLAO";"CALLAO";"BELLAVISTA";"SANIDAD DE LA MARINA DE GUERRA DEL PERU";"III-1";"00008266";"HOSPITAL NAVAL";"240000";"HOSPITALIZACIÓN";"121";"126";"1862";"1407";"101";"3131";"5"
"2023";"10";"130501";"LA LIBERTAD";"JULCAN";"JULCAN";"GOBIERNO REGIONAL";"II-1";"00005306";"HOSPITAL PROVINCIAL DE JULCAN";"241600";"HOSPITALIZACIÓN QUIRÚRGICA OBSTETRICIA   ";"6";"6";"6";"23";"3";"93";"0"
"2023";"10";"130501";"LA LIBERTAD";"JULCAN";"JULCAN";"GOBIERNO REGIONAL";"II-1";"00005306";"HOSPITAL PROVINCIAL DE JULCAN";"241800";"HOSPITALIZACIÓN DE MEDICINA MEDICINA GENERAL ";"19";"19";"60";"62";"9";"279";"4"
"2023";"10";"060802";"CAJAMARCA";"JAEN";"BELLAVISTA";"GOBIERNO REGIONAL";"I-3";"00004224";"CRUCE SHUMBA";"NE_0001";"";"NE_0001";"NE_0001";"NE_0001";"NE_0001";"NE_0001";"NE_0001";"NE_0001"
"2023";"10";"150136";"LIMA";"LIMA";"SAN MIGUEL";"PRIVADO";"II-2";"00011401";"CLINICA SAN JUDAS TADEO";"240000";"HOSPITALIZACIÓN";"328";"305";"1032";"1151";"54";"1674";"3"
"2023";"10";"021801";"ANCASH";"SANTA";"CHIMBOTE";"PRIVADO";"II-1";"00016551";"CLINICA JUAN PABLO II";"240000";"HOSPITALIZACIÓN";"15";"15";"43";"17";"18";"558";"0"
"2023";"10";"060801";"CAJAMARCA";"JAEN";"JAEN";"GOBIERNO REGIONAL";"I-2";"00004216";"LA CASCARILLA";"NE_0001";"";"NE_0001";"NE_0001";"NE_0001";"NE_0001";"NE_0001";"NE_0001";"NE_0001"
"2023";"10";"060801";"CAJAMARCA";"JAEN";"JAEN";"GOBIERNO REGIONAL";"I-1";"00024719";"LA VIRGINIA";"NE_0001";"";"NE_0001";"NE_0001";"NE_0001";"NE_0001";"NE_0001";"NE_0001";"NE_0001"
"2023";"10";"060801";"CAJAMARCA";"JAEN";"JAEN";"GOBIERNO REGIONAL";"I-1";"00004222";"ALTO VISTA ALEGRE";"NE_0001";"";"NE_0001";"NE_0001";"NE_0001";"NE_0001";"NE_0001";"NE_0001";"NE_0001"
"2023";"10";"060801";"CAJAMARCA";"JAEN";"JAEN";"GOBIERNO REGIONAL";"I-1";"00006994";"LOMA SANTA";"NE_0001";"";"NE_0001";"NE_0001";"NE_0001";"NE_0001";"NE_0001";"NE_0001";"NE_0001"
"2023";"10";"060801";"CAJAMARCA";"JAEN";"JAEN";"GOBIERNO REGIONAL";"I-3";"00025526";"LOS SAUCES";"NE_0001";"";"NE_0001";"NE_0001";"NE_0001";"NE_0001";"NE_0001";"NE_0001";"NE_0001"
"2023";"10";"060801";"CAJAMARCA";"JAEN";"JAEN";"GOBIERNO REGIONAL";"I-3";"00004212";"MAGLLANAL";"NE_0001";"";"NE_0001";"NE_0001";"NE_0001";"NE_0001";"NE_0001";"NE_0001";"NE_0001"
"2023";"10";"060801";"CAJAMARCA";"JAEN";"JAEN";"GOBIERNO REGIONAL";"I-1";"00016137";"RINCONADA LAJEÑA";"NE_0001";"";"NE_0001";"NE_0001";"NE_0001";"NE_0001";"NE_0001";"NE_0001";"NE_0001"
"2023";"10";"060801";"CAJAMARCA";"JAEN";"JAEN";"GOBIERNO REGIONAL";"I-1";"00015392";"SAN JOSE DE LA ALIANZA";"NE_0001";"";"NE_0001";"NE_0001";"NE_0001";"NE_0001";"NE_0001";"NE_0001";"NE_0001"
"2023";"11";"150122";"LIMA";"LIMA";"MIRAFLORES";"PRIVADO";"II-E";"00015182";"OPTIMA VISION S.R.L.";"NE_0001";"";"NE_0001";"NE_0001";"NE_0001";"NE_0001";"NE_0001";"NE_0001";"NE_0001"
"2023";"11";"240201";"TUMBES";"CONTRALMIRANTE VILLAR";"ZORRITOS";"ESSALUD";"I-2";"00012273";"POSTA MEDICA ZORRITOS";"NE_0001";"";"NE_0001";"NE_0001";"NE_0001";"NE_0001";"NE_0001";"NE_0001";"NE_0001"
"2023";"11";"150132";"LIMA";"LIMA";"SAN JUAN DE LURIGANCHO";"PRIVADO";"II-E";"00012267";"CLINICA SAN MARCOS";"240100";"HOSPITALIZACIÓN QUIRÚRGICA CIRUGÍA GENERAL ";"30";"30";"49";"49";"5";"158";"0"
"2023";"11";"150132";"LIMA";"LIMA";"SAN JUAN DE LURIGANCHO";"PRIVADO";"II-E";"00012267";"CLINICA SAN MARCOS";"241400";"HOSPITALIZACIÓN QUIRÚRGICA GINECO - OBSTETRICIA ";"9";"9";"18";"18";"3";"54";"0"
"2023";"11";"150132";"LIMA";"LIMA";"SAN JUAN DE LURIGANCHO";"PRIVADO";"II-E";"00012267";"CLINICA SAN MARCOS";"241500";"HOSPITALIZACIÓN QUIRÚRGICA GINECOLOGÍA  ";"8";"8";"8";"8";"2";"32";"0"
"2023";"11";"150132";"LIMA";"LIMA";"SAN JUAN DE LURIGANCHO";"PRIVADO";"II-E";"00012267";"CLINICA SAN MARCOS";"240200";"HOSPITALIZACIÓN QUIRÚRGICA CIRUGÍA DE CABEZA Y CUELLO / MÁXILO FACIAL ";"3";"3";"3";"3";"1";"12";"0"
"2023";"11";"150132";"LIMA";"LIMA";"SAN JUAN DE LURIGANCHO";"PRIVADO";"II-E";"00012267";"CLINICA SAN MARCOS";"240400";"HOSPITALIZACIÓN QUIRÚRGICA CIRUGÍA DE TÓRAX Y CARDIOVASCULAR ";"1";"1";"1";"1";"1";"4";"0"
"2023";"11";"150132";"LIMA";"LIMA";"SAN JUAN DE LURIGANCHO";"PRIVADO";"II-E";"00012267";"CLINICA SAN MARCOS";"241300";"HOSPITALIZACIÓN QUIRÚRGICA UROLOGÍA  ";"2";"2";"2";"2";"1";"8";"0"
"2023";"11";"150101";"LIMA";"LIMA";"LIMA";"PRIVADO";"II-2";"00015610";"Clínica Internacional - Sede Lima";"240000";"HOSPITALIZACIÓN";"581";"591";"2694";"2018";"83";"2573";"0"
"2023";"11";"120601";"JUNIN";"SATIPO";"SATIPO";"GOBIERNO REGIONAL";"I-2";"00000482";"HUANTASHIRI";"NE_0001";"";"NE_0001";"NE_0001";"NE_0001";"NE_0001";"NE_0001";"NE_0001";"NE_0001"
"2023";"11";"120607";"JUNIN";"SATIPO";"RIO NEGRO";"GOBIERNO REGIONAL";"I-2";"00000496";"VILLA CAPIRI";"NE_0001";"";"NE_0001";"NE_0001";"NE_0001";"NE_0001";"NE_0001";"NE_0001";"NE_0001"
"2023";"11";"120607";"JUNIN";"SATIPO";"RIO NEGRO";"GOBIERNO REGIONAL";"I-1";"00013862";"MIGUEL GRAU";"NE_0001";"";"NE_0001";"NE_0001";"NE_0001";"NE_0001";"NE_0001";"NE_0001";"NE_0001"
"2023";"11";"120607";"JUNIN";"SATIPO";"RIO NEGRO";"GOBIERNO REGIONAL";"I-1";"00013863";"ALTO VILLA VICTORIA";"NE_0001";"";"NE_0001";"NE_0001";"NE_0001";"NE_0001";"NE_0001";"NE_0001";"NE_0001"
"2023";"11";"120607";"JUNIN";"SATIPO";"RIO NEGRO";"GOBIERNO REGIONAL";"I-2";"00000499";"PUENTE IPOKI";"NE_0001";"";"NE_0001";"NE_0001";"NE_0001";"NE_0001";"NE_0001";"NE_0001";"NE_0001"
"2023";"11";"120601";"JUNIN";"SATIPO";"SATIPO";"GOBIERNO REGIONAL";"I-2";"00000481";"PARATUSHALI";"NE_0001";"";"NE_0001";"NE_0001";"NE_0001";"NE_0001";"NE_0001";"NE_0001";"NE_0001"
"2023";"11";"120607";"JUNIN";"SATIPO";"RIO NEGRO";"GOBIERNO REGIONAL";"I-2";"00000497";"RIO CHARI ALTO";"NE_0001";"";"NE_0001";"NE_0001";"NE_0001";"NE_0001";"NE_0001";"NE_0001";"NE_0001"
"2023";"11";"120608";"JUNIN";"SATIPO";"RIO TAMBO";"GOBIERNO REGIONAL";"I-2";"00000500";"AOTI";"NE_0001";"";"NE_0001";"NE_0001";"NE_0001";"NE_0001";"NE_0001";"NE_0001";"NE_0001"
"2023";"11";"120607";"JUNIN";"SATIPO";"RIO NEGRO";"GOBIERNO REGIONAL";"I-2";"00000501";"ALTO PITOCUNA";"NE_0001";"";"NE_0001";"NE_0001";"NE_0001";"NE_0001";"NE_0001";"NE_0001";"NE_0001"
"2023";"11";"120601";"JUNIN";"SATIPO";"SATIPO";"GOBIERNO REGIONAL";"I-1";"00010502";"BELLA ESPERANZA";"NE_0001";"";"NE_0001";"NE_0001";"NE_0001";"NE_0001";"NE_0001";"NE_0001";"NE_0001"
"2023";"11";"120607";"JUNIN";"SATIPO";"RIO NEGRO";"GOBIERNO REGIONAL";"I-2";"00000498";"PITOCUNA";"NE_0001";"";"NE_0001";"NE_0001";"NE_0001";"NE_0001";"NE_0001";"NE_0001";"NE_0001"
"2023";"11";"120608";"JUNIN";"SATIPO";"RIO TAMBO";"GOBIERNO REGIONAL";"I-1";"00006877";"CHONTAKIARI";"NE_0001";"";"NE_0001";"NE_0001";"NE_0001";"NE_0001";"NE_0001";"NE_0001";"NE_0001"
"2023";"11";"120601";"JUNIN";"SATIPO";"SATIPO";"GOBIERNO REGIONAL";"I-1";"00000480";"BAJO CAPIRO";"NE_0001";"";"NE_0001";"NE_0001";"NE_0001";"NE_0001";"NE_0001";"NE_0001";"NE_0001"
"2023";"11";"120607";"JUNIN";"SATIPO";"RIO NEGRO";"GOBIERNO REGIONAL";"I-2";"00000503";"UNION CUVIRIAKI";"NE_0001";"";"NE_0001";"NE_0001";"NE_0001";"NE_0001";"NE_0001";"NE_0001";"NE_0001"
"2023";"11";"120607";"JUNIN";"SATIPO";"RIO NEGRO";"GOBIERNO REGIONAL";"I-1";"00000504";"SHABASHIPANGO";"NE_0001";"";"NE_0001";"NE_0001";"NE_0001";"NE_0001";"NE_0001";"NE_0001";"NE_0001"
"2023";"11";"120601";"JUNIN";"SATIPO";"SATIPO";"GOBIERNO REGIONAL";"I-1";"00013864";"CANAAN DEL NORTE";"NE_0001";"";"NE_0001";"NE_0001";"NE_0001";"NE_0001";"NE_0001";"NE_0001";"NE_0001"
"2023";"11";"120601";"JUNIN";"SATIPO";"SATIPO";"GOBIERNO REGIONAL";"I-2";"00000478";"RIO VENADO";"NE_0001";"";"NE_0001";"NE_0001";"NE_0001";"NE_0001";"NE_0001";"NE_0001";"NE_0001"
"2023";"11";"120607";"JUNIN";"SATIPO";"RIO NEGRO";"GOBIERNO REGIONAL";"I-2";"00000502";"CUSHIVIANI";"NE_0001";"";"NE_0001";"NE_0001";"NE_0001";"NE_0001";"NE_0001";"NE_0001";"NE_0001"
"2023";"11";"120607";"JUNIN";"SATIPO";"RIO NEGRO";"GOBIERNO REGIONAL";"I-3";"00000506";"UNION CAPIRI";"NE_0001";"";"NE_0001";"NE_0001";"NE_0001";"NE_0001";"NE_0001";"NE_0001";"NE_0001"
"2023";"11";"120601";"JUNIN";"SATIPO";"SATIPO";"GOBIERNO REGIONAL";"I-2";"00000483";"SANIBENI";"NE_0001";"";"NE_0001";"NE_0001";"NE_0001";"NE_0001";"NE_0001";"NE_0001";"NE_0001"
"2023";"11";"120601";"JUNIN";"SATIPO";"SATIPO";"GOBIERNO REGIONAL";"I-1";"00029375";"COMUNIDAD NATIVA SHANQUI";"NE_0001";"";"NE_0001";"NE_0001";"NE_0001";"NE_0001";"NE_0001";"NE_0001";"NE_0001"
"2023";"11";"120607";"JUNIN";"SATIPO";"RIO NEGRO";"GOBIERNO REGIONAL";"I-2";"00000477";"HUAHUARI";"NE_0001";"";"NE_0001";"NE_0001";"NE_0001";"NE_0001";"NE_0001";"NE_0001";"NE_0001"
"2023";"11";"120601";"JUNIN";"SATIPO";"SATIPO";"GOBIERNO REGIONAL";"I-2";"00000479";"SANTO DOMINGO DE MARANKIARI";"NE_0001";"";"NE_0001";"NE_0001";"NE_0001";"NE_0001";"NE_0001";"NE_0001";"NE_0001"
"2023";"11";"120601";"JUNIN";"SATIPO";"SATIPO";"GOBIERNO REGIONAL";"I-1";"00000484";"ALTO PAURELI";"NE_0001";"";"NE_0001";"NE_0001";"NE_0001";"NE_0001";"NE_0001";"NE_0001";"NE_0001"
"2023";"11";"120607";"JUNIN";"SATIPO";"RIO NEGRO";"GOBIERNO REGIONAL";"I-3";"00000495";"RIO NEGRO";"NE_0001";"";"NE_0001";"NE_0001";"NE_0001";"NE_0001";"NE_0001";"NE_0001";"NE_0001"
"2023";"11";"120607";"JUNIN";"SATIPO";"RIO NEGRO";"GOBIERNO REGIONAL";"I-2";"00000505";"SAN JUAN DE CHENI";"NE_0001";"";"NE_0001";"NE_0001";"NE_0001";"NE_0001";"NE_0001";"NE_0001";"NE_0001"
"2023";"12";"160113";"LORETO";"MAYNAS";"SAN JUAN BAUTISTA";"SANIDAD DE LA POLICIA NACIONAL DEL PERU";"I-3";"00011369";"POLICLINICO POLICIAL IQUITOS";"NE_0001";"";"NE_0001";"NE_0001";"NE_0001";"NE_0001";"NE_0001";"NE_0001";"NE_0001"
"2023";"12";"150810";"LIMA";"HUAURA";"SANTA MARIA";"SANIDAD DE LA POLICIA NACIONAL DEL PERU";"I-2";"00010834";"POSTA MEDICA POLICIAL HUACHO";"NE_0001";"";"NE_0001";"NE_0001";"NE_0001";"NE_0001";"NE_0001";"NE_0001";"NE_0001"
"2023";"12";"040109";"AREQUIPA";"AREQUIPA";"MARIANO MELGAR";"SANIDAD DEL EJERCITO DEL PERU";"II-1";"00018659";"HOSPITAL MILITAR DIVISIONARIO III DE AREQUIPA";"240100";"HOSPITALIZACIÓN QUIRÚRGICA CIRUGÍA GENERAL ";"6";"10";"31";"28";"8";"220";"0"
"2023";"12";"040109";"AREQUIPA";"AREQUIPA";"MARIANO MELGAR";"SANIDAD DEL EJERCITO DEL PERU";"II-1";"00018659";"HOSPITAL MILITAR DIVISIONARIO III DE AREQUIPA";"241800";"HOSPITALIZACIÓN DE MEDICINA MEDICINA GENERAL ";"6";"5";"45";"45";"23";"668";"0"
"2023";"12";"120606";"JUNIN";"SATIPO";"PANGOA";"GOBIERNO REGIONAL";"I-2";"00006880";"CIUDAD DE DIOS";"NE_0001";"";"NE_0001";"NE_0001";"NE_0001";"NE_0001";"NE_0001";"NE_0001";"NE_0001"
"2023";"12";"200101";"PIURA";"PIURA";"PIURA";"PRIVADO";"II-E";"00012918";"OFTALMOLOGOS ASOCIADOS VER SAC";"NE_0001";"";"NE_0001";"NE_0001";"NE_0001";"NE_0001";"NE_0001";"NE_0001";"NE_0001"
"2023";"12";"150108";"LIMA";"LIMA";"CHORRILLOS";"SANIDAD DEL EJERCITO DEL PERU";"I-4";"00018171";"POLICLINICO MILITAR CHORRILLOS";"NE_0001";"";"NE_0001";"NE_0001";"NE_0001";"NE_0001";"NE_0001";"NE_0001";"NE_0001"
"2023";"12";"130101";"LA LIBERTAD";"TRUJILLO";"TRUJILLO";"PRIVADO";"II-E";"00021768";"CLINICA PROSALUD";"241400";"HOSPITALIZACIÓN QUIRÚRGICA GINECO - OBSTETRICIA ";"145";"145";"312";"425";"12";"570";"0"
"2023";"12";"130101";"LA LIBERTAD";"TRUJILLO";"TRUJILLO";"PRIVADO";"II-E";"00021768";"CLINICA PROSALUD";"240100";"HOSPITALIZACIÓN QUIRÚRGICA CIRUGÍA GENERAL ";"48";"48";"101";"135";"5";"183";"0"
"2023";"12";"150130";"LIMA";"LIMA";"SAN BORJA";"PRIVADO";"II-E";"00032441";"CLINICA SAN BORJA SALUD";"240100";"HOSPITALIZACIÓN QUIRÚRGICA CIRUGÍA GENERAL ";"109";"109";"112";"115";"6";"68";"0"
"2023";"12";"150130";"LIMA";"LIMA";"SAN BORJA";"PRIVADO";"II-E";"00032441";"CLINICA SAN BORJA SALUD";"240200";"HOSPITALIZACIÓN QUIRÚRGICA CIRUGÍA DE CABEZA Y CUELLO / MÁXILO FACIAL ";"3";"3";"6";"8";"6";"174";"0"
"2023";"12";"150130";"LIMA";"LIMA";"SAN BORJA";"PRIVADO";"II-E";"00032441";"CLINICA SAN BORJA SALUD";"240300";"HOSPITALIZACIÓN QUIRÚRGICA CIRUGÍA DIGESTIVA ";"33";"33";"33";"35";"6";"147";"0"
"2023";"12";"150130";"LIMA";"LIMA";"SAN BORJA";"PRIVADO";"II-E";"00032441";"CLINICA SAN BORJA SALUD";"240400";"HOSPITALIZACIÓN QUIRÚRGICA CIRUGÍA DE TÓRAX Y CARDIOVASCULAR ";"6";"6";"6";"7";"6";"174";"0"
"2023";"12";"150130";"LIMA";"LIMA";"SAN BORJA";"PRIVADO";"II-E";"00032441";"CLINICA SAN BORJA SALUD";"240800";"HOSPITALIZACIÓN QUIRÚRGICA CIRUGÍA PLÁSTICA/RECONSTRUCTIVA/ REPARADORA ";"9";"9";"9";"11";"6";"171";"0"
"2023";"12";"150130";"LIMA";"LIMA";"SAN BORJA";"PRIVADO";"II-E";"00032441";"CLINICA SAN BORJA SALUD";"241200";"HOSPITALIZACIÓN QUIRÚRGICA TRAUMATOLOGÍA Y ORTOPEDIA ";"2";"2";"4";"5";"6";"176";"0"
"2023";"12";"150130";"LIMA";"LIMA";"SAN BORJA";"PRIVADO";"II-E";"00032441";"CLINICA SAN BORJA SALUD";"241300";"HOSPITALIZACIÓN QUIRÚRGICA UROLOGÍA  ";"15";"15";"23";"25";"6";"157";"0"
"2023";"12";"150130";"LIMA";"LIMA";"SAN BORJA";"PRIVADO";"II-E";"00032441";"CLINICA SAN BORJA SALUD";"241400";"HOSPITALIZACIÓN QUIRÚRGICA GINECO - OBSTETRICIA ";"1";"1";"1";"2";"6";"179";"0"
"2023";"12";"021801";"ANCASH";"SANTA";"CHIMBOTE";"PRIVADO";"II-1";"00017075";"CLINICA BELEN";"NE_0002";"";"NE_0002";"NE_0002";"NE_0002";"NE_0002";"NE_0002";"NE_0002";"NE_0002"
"2023";"12";"021801";"ANCASH";"SANTA";"CHIMBOTE";"PRIVADO";"II-1";"00013164";"CLINICA SANTA MARIA DE CHIMBOTE S.A.C.";"240100";"HOSPITALIZACIÓN QUIRÚRGICA CIRUGÍA GENERAL ";"28";"27";"44";"47";"7";"486";"0"
"2023";"12";"021801";"ANCASH";"SANTA";"CHIMBOTE";"PRIVADO";"II-1";"00013164";"CLINICA SANTA MARIA DE CHIMBOTE S.A.C.";"241400";"HOSPITALIZACIÓN QUIRÚRGICA GINECO - OBSTETRICIA ";"23";"22";"33";"34";"2";"126";"0"
"2023";"12";"040307";"AREQUIPA";"CARAVELI";"CHALA";"ESSALUD";"I-2";"00012198";"POSTA MEDICA CHALA";"NE_0001";"";"NE_0001";"NE_0001";"NE_0001";"NE_0001";"NE_0001";"NE_0001";"NE_0001"
"2023";"12";"080901";"CUSCO";"LA CONVENCION";"SANTA ANA";"GOBIERNO REGIONAL";"II-1";"00002421";"QUILLABAMBA";"240100";"HOSPITALIZACIÓN QUIRÚRGICA CIRUGÍA GENERAL ";"102";"112";"577";"530";"30";"930";"1"
"2023";"12";"080901";"CUSCO";"LA CONVENCION";"SANTA ANA";"GOBIERNO REGIONAL";"II-1";"00002421";"QUILLABAMBA";"241400";"HOSPITALIZACIÓN QUIRÚRGICA GINECO - OBSTETRICIA ";"122";"122";"286";"296";"31";"961";"0"
"2023";"12";"080901";"CUSCO";"LA CONVENCION";"SANTA ANA";"GOBIERNO REGIONAL";"II-1";"00002421";"QUILLABAMBA";"241800";"HOSPITALIZACIÓN DE MEDICINA MEDICINA GENERAL ";"83";"86";"395";"415";"44";"1364";"9"
"2023";"12";"080901";"CUSCO";"LA CONVENCION";"SANTA ANA";"GOBIERNO REGIONAL";"II-1";"00002421";"QUILLABAMBA";"242500";"HOSPITALIZACIÓN-PEDIATRÍA GENERAL-";"57";"59";"194";"203";"25";"775";"1"
"2023";"12";"080901";"CUSCO";"LA CONVENCION";"SANTA ANA";"GOBIERNO REGIONAL";"II-1";"00002421";"QUILLABAMBA";"242200";"HOSPITALIZACIÓN DE MEDICINA PSIQUIATRÍA ";"6";"9";"149";"163";"10";"310";"0"
"2023";"12";"090104";"HUANCAVELICA";"HUANCAVELICA";"CONAYCA";"GOBIERNO REGIONAL";"I-3";"00003904";"CONAICA";"NE_0002";"";"NE_0002";"NE_0002";"NE_0002";"NE_0002";"NE_0002";"NE_0002";"NE_0002"
"2023";"12";"090109";"HUANCAVELICA";"HUANCAVELICA";"LARIA";"GOBIERNO REGIONAL";"I-1";"00003908";"SAN JOSE DE BELEN";"NE_0001";"";"NE_0001";"NE_0001";"NE_0001";"NE_0001";"NE_0001";"NE_0001";"NE_0001"
"2023";"12";"150130";"LIMA";"LIMA";"SAN BORJA";"PRIVADO";"II-E";"00015078";"NOVO Q";"240000";"HOSPITALIZACIÓN";"102";"102";"126";"75";"12";"297";"0"
"2023";"12";"090613";"HUANCAVELICA";"HUAYTARA";"SANTIAGO DE CHOCORVOS";"GOBIERNO REGIONAL";"I-1";"00004061";"PALMACANCHA";"NE_0001";"";"NE_0001";"NE_0001";"NE_0001";"NE_0001";"NE_0001";"NE_0001";"NE_0001"
"2023";"12";"090605";"HUANCAVELICA";"HUAYTARA";"LARAMARCA";"GOBIERNO REGIONAL";"I-2";"00004069";"LARAMARCA";"NE_0001";"";"NE_0001";"NE_0001";"NE_0001";"NE_0001";"NE_0001";"NE_0001";"NE_0001"
"2023";"12";"090604";"HUANCAVELICA";"HUAYTARA";"HUAYACUNDO ARMA";"GOBIERNO REGIONAL";"I-1";"00004038";"HUAYACUNDO ARMA";"NE_0001";"";"NE_0001";"NE_0001";"NE_0001";"NE_0001";"NE_0001";"NE_0001";"NE_0001"
"2023";"12";"090606";"HUANCAVELICA";"HUAYTARA";"OCOYO";"GOBIERNO REGIONAL";"I-1";"00004066";"VICHURI";"NE_0001";"";"NE_0001";"NE_0001";"NE_0001";"NE_0001";"NE_0001";"NE_0001";"NE_0001"
"2023";"12";"090612";"HUANCAVELICA";"HUAYTARA";"SAN ISIDRO";"GOBIERNO REGIONAL";"I-1";"00004067";"SAN ISIDRO DE HUIRPACANCHA";"NE_0001";"";"NE_0001";"NE_0001";"NE_0001";"NE_0001";"NE_0001";"NE_0001";"NE_0001"
"2023";"12";"090607";"HUANCAVELICA";"HUAYTARA";"PILPICHACA";"GOBIERNO REGIONAL";"I-2";"00004046";"INGAHUASI";"NE_0001";"";"NE_0001";"NE_0001";"NE_0001";"NE_0001";"NE_0001";"NE_0001";"NE_0001"
"2023";"12";"160101";"LORETO";"MAYNAS";"IQUITOS";"MINSA";"II-2";"00000001";"HOSPITAL IQUITOS ""CESAR GARAYAR GARCÍA""";"241800";"HOSPITALIZACIÓN DE MEDICINA MEDICINA GENERAL ";"65";"63";"340";"324";"15";"465";"7"
"2023";"12";"160101";"LORETO";"MAYNAS";"IQUITOS";"MINSA";"II-2";"00000001";"HOSPITAL IQUITOS ""CESAR GARAYAR GARCÍA""";"240100";"HOSPITALIZACIÓN QUIRÚRGICA CIRUGÍA GENERAL ";"84";"82";"405";"364";"19";"589";"0"
"2023";"12";"160101";"LORETO";"MAYNAS";"IQUITOS";"MINSA";"II-2";"00000001";"HOSPITAL IQUITOS ""CESAR GARAYAR GARCÍA""";"242500";"HOSPITALIZACIÓN-PEDIATRÍA GENERAL-";"39";"37";"121";"75";"5";"155";"5"
"2023";"12";"160101";"LORETO";"MAYNAS";"IQUITOS";"MINSA";"II-2";"00000001";"HOSPITAL IQUITOS ""CESAR GARAYAR GARCÍA""";"241500";"HOSPITALIZACIÓN QUIRÚRGICA GINECOLOGÍA  ";"328";"323";"697";"640";"23";"713";"0"
"2023";"12";"160101";"LORETO";"MAYNAS";"IQUITOS";"MINSA";"II-2";"00000001";"HOSPITAL IQUITOS ""CESAR GARAYAR GARCÍA""";"241600";"HOSPITALIZACIÓN QUIRÚRGICA OBSTETRICIA   ";"45";"40";"126";"135";"12";"372";"0"
"2023";"12";"160101";"LORETO";"MAYNAS";"IQUITOS";"MINSA";"II-2";"00000001";"HOSPITAL IQUITOS ""CESAR GARAYAR GARCÍA""";"243200";"HOSPITALIZACIÓN DE PEDIATRÍA PEDIATRIA NEONATOLOGÍA";"46";"40";"238";"203";"10";"310";"3"
"2023";"12";"070103";"CALLAO";"CALLAO";"CARMEN DE LA LEGUA-REYNOSO";"GOBIERNO REGIONAL";"II-2";"00006219";"HOSPITAL SAN JOSE";"241800";"HOSPITALIZACIÓN DE MEDICINA MEDICINA GENERAL ";"44";"43";"388";"232";"9";"270";"1"
"2023";"12";"070103";"CALLAO";"CALLAO";"CARMEN DE LA LEGUA-REYNOSO";"GOBIERNO REGIONAL";"II-2";"00006219";"HOSPITAL SAN JOSE";"241600";"HOSPITALIZACIÓN QUIRÚRGICA OBSTETRICIA   ";"135";"135";"365";"357";"12";"360";"0"
"2023";"12";"070103";"CALLAO";"CALLAO";"CARMEN DE LA LEGUA-REYNOSO";"GOBIERNO REGIONAL";"II-2";"00006219";"HOSPITAL SAN JOSE";"240100";"HOSPITALIZACIÓN QUIRÚRGICA CIRUGÍA GENERAL ";"70";"76";"258";"231";"8";"240";"0"
"2023";"12";"070103";"CALLAO";"CALLAO";"CARMEN DE LA LEGUA-REYNOSO";"GOBIERNO REGIONAL";"II-2";"00006219";"HOSPITAL SAN JOSE";"242500";"HOSPITALIZACIÓN-PEDIATRÍA GENERAL-";"17";"19";"87";"76";"3";"90";"0"
"2023";"12";"070103";"CALLAO";"CALLAO";"CARMEN DE LA LEGUA-REYNOSO";"GOBIERNO REGIONAL";"II-2";"00006219";"HOSPITAL SAN JOSE";"243200";"HOSPITALIZACIÓN DE PEDIATRÍA PEDIATRIA NEONATOLOGÍA";"15";"16";"96";"72";"6";"180";"0"
"2023";"12";"070103";"CALLAO";"CALLAO";"CARMEN DE LA LEGUA-REYNOSO";"GOBIERNO REGIONAL";"II-2";"00006219";"HOSPITAL SAN JOSE";"241500";"HOSPITALIZACIÓN QUIRÚRGICA GINECOLOGÍA  ";"24";"26";"101";"92";"4";"120";"0"
"2023";"12";"190201";"PASCO";"DANIEL ALCIDES CARRION";"YANAHUANCA";"ESSALUD";"I-3";"00009760";"CENTRO MEDICO DE YANAHUANCA";"NE_0001";"";"NE_0001";"NE_0001";"NE_0001";"NE_0001";"NE_0001";"NE_0001";"NE_0001"
"2023";"12";"120303";"JUNIN";"CHANCHAMAYO";"PICHANAQUI";"GOBIERNO REGIONAL";"I-3";"00000343";"CENTRO CUYANI";"NE_0001";"";"NE_0001";"NE_0001";"NE_0001";"NE_0001";"NE_0001";"NE_0001";"NE_0001"
"2023";"12";"120303";"JUNIN";"CHANCHAMAYO";"PICHANAQUI";"GOBIERNO REGIONAL";"I-2";"00000350";"VALLE HERMOSO";"NE_0001";"";"NE_0001";"NE_0001";"NE_0001";"NE_0001";"NE_0001";"NE_0001";"NE_0001"
"2023";"12";"120303";"JUNIN";"CHANCHAMAYO";"PICHANAQUI";"GOBIERNO REGIONAL";"I-2";"00000347";"CONDADO PICHIKIARI";"NE_0001";"";"NE_0001";"NE_0001";"NE_0001";"NE_0001";"NE_0001";"NE_0001";"NE_0001"
"2023";"12";"120303";"JUNIN";"CHANCHAMAYO";"PICHANAQUI";"GOBIERNO REGIONAL";"I-1";"00000353";"ANDRES AVELINO CACERES";"NE_0001";"";"NE_0001";"NE_0001";"NE_0001";"NE_0001";"NE_0001";"NE_0001";"NE_0001"
"2023";"12";"120303";"JUNIN";"CHANCHAMAYO";"PICHANAQUI";"GOBIERNO REGIONAL";"I-1";"00006712";"BARINETTI REAL";"NE_0001";"";"NE_0001";"NE_0001";"NE_0001";"NE_0001";"NE_0001";"NE_0001";"NE_0001"
"2023";"12";"220205";"SAN MARTIN";"BELLAVISTA";"SAN PABLO";"GOBIERNO REGIONAL";"I-1";"00006507";"FAUSA SAPINA";"NE_0001";"";"NE_0001";"NE_0001";"NE_0001";"NE_0001";"NE_0001";"NE_0001";"NE_0001"
"2023";"12";"220205";"SAN MARTIN";"BELLAVISTA";"SAN PABLO";"GOBIERNO REGIONAL";"I-1";"00006508";"SAN PABLO";"NE_0001";"";"NE_0001";"NE_0001";"NE_0001";"NE_0001";"NE_0001";"NE_0001";"NE_0001"
"2023";"12";"220205";"SAN MARTIN";"BELLAVISTA";"SAN PABLO";"GOBIERNO REGIONAL";"I-2";"00006499";"FAUSA LAMISTA";"NE_0001";"";"NE_0001";"NE_0001";"NE_0001";"NE_0001";"NE_0001";"NE_0001";"NE_0001"
"2023";"12";"220205";"SAN MARTIN";"BELLAVISTA";"SAN PABLO";"GOBIERNO REGIONAL";"I-1";"00006509";"DOS DE MAYO";"NE_0001";"";"NE_0001";"NE_0001";"NE_0001";"NE_0001";"NE_0001";"NE_0001";"NE_0001"
"2023";"12";"061201";"CAJAMARCA";"SAN PABLO";"SAN PABLO";"GOBIERNO REGIONAL";"I-1";"00004586";"JANCOS";"NE_0001";"";"NE_0001";"NE_0001";"NE_0001";"NE_0001";"NE_0001";"NE_0001";"NE_0001"
"2023";"12";"061201";"CAJAMARCA";"SAN PABLO";"SAN PABLO";"GOBIERNO REGIONAL";"I-2";"00004578";"CALLANCAS";"NE_0001";"";"NE_0001";"NE_0001";"NE_0001";"NE_0001";"NE_0001";"NE_0001";"NE_0001"
"2023";"12";"061201";"CAJAMARCA";"SAN PABLO";"SAN PABLO";"GOBIERNO REGIONAL";"I-4";"00004577";"SAN PABLO";"241800";"HOSPITALIZACIÓN DE MEDICINA MEDICINA GENERAL ";"8";"8";"19";"23";"3";"93";"0"
"2023";"12";"061201";"CAJAMARCA";"SAN PABLO";"SAN PABLO";"GOBIERNO REGIONAL";"I-4";"00004577";"SAN PABLO";"241600";"HOSPITALIZACIÓN QUIRÚRGICA OBSTETRICIA   ";"3";"3";"4";"6";"6";"186";"0"
"2023";"12";"130901";"LA LIBERTAD";"SANCHEZ CARRION";"HUAMACHUCO";"GOBIERNO REGIONAL";"II-1";"00005349";"HOSPITAL DE APOYO LEONCIO PRADO";"240100";"HOSPITALIZACIÓN QUIRÚRGICA CIRUGÍA GENERAL ";"16";"18";"62";"60";"5";"155";"0"
"2023";"12";"130901";"LA LIBERTAD";"SANCHEZ CARRION";"HUAMACHUCO";"GOBIERNO REGIONAL";"II-1";"00005349";"HOSPITAL DE APOYO LEONCIO PRADO";"241500";"HOSPITALIZACIÓN QUIRÚRGICA GINECOLOGÍA  ";"3";"4";"7";"9";"2";"62";"0"
"2023";"12";"130901";"LA LIBERTAD";"SANCHEZ CARRION";"HUAMACHUCO";"GOBIERNO REGIONAL";"II-1";"00005349";"HOSPITAL DE APOYO LEONCIO PRADO";"241600";"HOSPITALIZACIÓN QUIRÚRGICA OBSTETRICIA   ";"213";"221";"371";"358";"16";"496";"0"
"2023";"12";"130901";"LA LIBERTAD";"SANCHEZ CARRION";"HUAMACHUCO";"GOBIERNO REGIONAL";"II-1";"00005349";"HOSPITAL DE APOYO LEONCIO PRADO";"241800";"HOSPITALIZACIÓN DE MEDICINA MEDICINA GENERAL ";"22";"27";"115";"90";"6";"186";"1"
"2023";"12";"130901";"LA LIBERTAD";"SANCHEZ CARRION";"HUAMACHUCO";"GOBIERNO REGIONAL";"II-1";"00005349";"HOSPITAL DE APOYO LEONCIO PRADO";"242500";"HOSPITALIZACIÓN-PEDIATRÍA GENERAL-";"20";"20";"58";"83";"7";"217";"0"
"2023";"12";"200601";"PIURA";"SULLANA";"SULLANA";"PRIVADO";"II-1";"00010777";"CLINICA VIRGEN DEL PILAR SCRL";"241900";"HOSPITALIZACIÓN DE MEDICINA MEDICINA INTERNA ";"9";"9";"181";"63";"24";"250";"1"
"2023";"12";"090715";"HUANCAVELICA";"TAYACAJA";"SALCAHUASI";"GOBIERNO REGIONAL";"I-1";"00004127";"SAN ANTONIO DE SALCABAMBA";"NE_0001";"";"NE_0001";"NE_0001";"NE_0001";"NE_0001";"NE_0001";"NE_0001";"NE_0001"
"2023";"12";"150135";"LIMA";"LIMA";"SAN MARTIN DE PORRES";"PRIVADO";"II-2";"00010603";"CLÍNICA MÉDICA CAYETANO HEREDIA";"240000";"HOSPITALIZACIÓN";"309";"327";"1103";"971";"55";"1705";"0"
"2023";"12";"150135";"LIMA";"LIMA";"SAN MARTIN DE PORRES";"PRIVADO";"II-2";"00010603";"CLÍNICA MÉDICA CAYETANO HEREDIA";"250100";"UNIDAD DE CUIDADOS CRITICOS UNIDAD  DE CUIDADOS INTENSIVOS GENERALES (UCI) ";"15";"16";"93";"69";"9";"279";"2"
"2023";"12";"150135";"LIMA";"LIMA";"SAN MARTIN DE PORRES";"PRIVADO";"II-2";"00010603";"CLÍNICA MÉDICA CAYETANO HEREDIA";"250105";"UNIDAD DE CUIDADOS CRITICOS UNIDAD  DE CUIDADOS INTENSIVOS  (UCI) NEONATOLOGÍA";"13";"10";"54";"50";"4";"124";"0"
"2023";"12";"150135";"LIMA";"LIMA";"SAN MARTIN DE PORRES";"PRIVADO";"II-2";"00010603";"CLÍNICA MÉDICA CAYETANO HEREDIA";"250108";"UNIDAD DE CUIDADOS CRITICOS UNIDAD  DE CUIDADOS INTENSIVOS  (UCI) PEDIÁTRICA";"5";"6";"36";"53";"5";"155";"0"
"2023";"12";"150108";"LIMA";"LIMA";"CHORRILLOS";"PRIVADO";"II-1";"00016005";"CLINICA PARROQUIAL SAN FRANCISCO DE ASIS";"240100";"HOSPITALIZACIÓN QUIRÚRGICA CIRUGÍA GENERAL ";"41";"41";"41";"41";"12";"360";"0"
"2023";"12";"150108";"LIMA";"LIMA";"CHORRILLOS";"PRIVADO";"II-1";"00016005";"CLINICA PARROQUIAL SAN FRANCISCO DE ASIS";"240100";"HOSPITALIZACIÓN QUIRÚRGICA CIRUGÍA GENERAL ";"4";"4";"4";"4";"12";"360";"0"
"2023";"12";"150108";"LIMA";"LIMA";"CHORRILLOS";"PRIVADO";"II-1";"00016005";"CLINICA PARROQUIAL SAN FRANCISCO DE ASIS";"240100";"HOSPITALIZACIÓN QUIRÚRGICA CIRUGÍA GENERAL ";"2";"2";"2";"2";"12";"360";"0"
"2023";"12";"150108";"LIMA";"LIMA";"CHORRILLOS";"PRIVADO";"II-1";"00016005";"CLINICA PARROQUIAL SAN FRANCISCO DE ASIS";"240100";"HOSPITALIZACIÓN QUIRÚRGICA CIRUGÍA GENERAL ";"1";"1";"1";"1";"12";"360";"0"
"2023";"12";"150108";"LIMA";"LIMA";"CHORRILLOS";"PRIVADO";"II-1";"00016005";"CLINICA PARROQUIAL SAN FRANCISCO DE ASIS";"240100";"HOSPITALIZACIÓN QUIRÚRGICA CIRUGÍA GENERAL ";"1";"1";"1";"1";"12";"360";"0"
"2023";"12";"150108";"LIMA";"LIMA";"CHORRILLOS";"PRIVADO";"II-1";"00016005";"CLINICA PARROQUIAL SAN FRANCISCO DE ASIS";"240100";"HOSPITALIZACIÓN QUIRÚRGICA CIRUGÍA GENERAL ";"1";"1";"1";"1";"12";"360";"0"
"2023";"12";"150108";"LIMA";"LIMA";"CHORRILLOS";"PRIVADO";"II-1";"00016005";"CLINICA PARROQUIAL SAN FRANCISCO DE ASIS";"240100";"HOSPITALIZACIÓN QUIRÚRGICA CIRUGÍA GENERAL ";"1";"1";"1";"1";"12";"360";"0"
"2023";"12";"150108";"LIMA";"LIMA";"CHORRILLOS";"PRIVADO";"II-1";"00016005";"CLINICA PARROQUIAL SAN FRANCISCO DE ASIS";"240100";"HOSPITALIZACIÓN QUIRÚRGICA CIRUGÍA GENERAL ";"1";"1";"1";"1";"12";"360";"0"
"2023";"12";"150108";"LIMA";"LIMA";"CHORRILLOS";"PRIVADO";"II-1";"00016005";"CLINICA PARROQUIAL SAN FRANCISCO DE ASIS";"241400";"HOSPITALIZACIÓN QUIRÚRGICA GINECO - OBSTETRICIA ";"1";"1";"2";"1";"12";"360";"0"
"2023";"12";"150108";"LIMA";"LIMA";"CHORRILLOS";"PRIVADO";"II-1";"00016005";"CLINICA PARROQUIAL SAN FRANCISCO DE ASIS";"241400";"HOSPITALIZACIÓN QUIRÚRGICA GINECO - OBSTETRICIA ";"1";"1";"2";"1";"12";"360";"0"
"2023";"12";"200601";"PIURA";"SULLANA";"SULLANA";"PRIVADO";"II-1";"00010777";"CLINICA VIRGEN DEL PILAR SCRL";"240100";"HOSPITALIZACIÓN QUIRÚRGICA CIRUGÍA GENERAL ";"18";"18";"121";"192";"24";"510";"0"
"2023";"04";"021501";"ANCASH";"PALLASCA";"CABANA";"ESSALUD";"I-2";"00009924";"POSTA MEDICA CABANA";"NE_0001";"";"NE_0001";"NE_0001";"NE_0001";"NE_0001";"NE_0001";"NE_0001";"NE_0001"
"2023";"12";"150101";"LIMA";"LIMA";"LIMA";"ESSALUD";"II-2";"00008502";"HOSPITAL DE EMERGENCIAS GRAU";"241900";"HOSPITALIZACIÓN DE MEDICINA MEDICINA INTERNA ";"180";"185";"1567";"1488";"57";"1767";"7"
"2023";"12";"150101";"LIMA";"LIMA";"LIMA";"ESSALUD";"II-2";"00008502";"HOSPITAL DE EMERGENCIAS GRAU";"242000";"HOSPITALIZACIÓN DE MEDICINA MEDICINA TROPICAL E INFECCIOSAS ";"38";"38";"359";"277";"9";"279";"0"
"2023";"12";"150101";"LIMA";"LIMA";"LIMA";"ESSALUD";"II-2";"00008502";"HOSPITAL DE EMERGENCIAS GRAU";"240100";"HOSPITALIZACIÓN QUIRÚRGICA CIRUGÍA GENERAL ";"313";"322";"755";"680";"26";"806";"0"
"2023";"12";"150101";"LIMA";"LIMA";"LIMA";"ESSALUD";"II-2";"00008502";"HOSPITAL DE EMERGENCIAS GRAU";"241200";"HOSPITALIZACIÓN QUIRÚRGICA TRAUMATOLOGÍA Y ORTOPEDIA ";"96";"99";"432";"336";"13";"403";"2"
"2023";"12";"150101";"LIMA";"LIMA";"LIMA";"ESSALUD";"II-2";"00008502";"HOSPITAL DE EMERGENCIAS GRAU";"241300";"HOSPITALIZACIÓN QUIRÚRGICA UROLOGÍA  ";"93";"94";"356";"369";"14";"434";"0"
"2023";"12";"150101";"LIMA";"LIMA";"LIMA";"ESSALUD";"II-2";"00008502";"HOSPITAL DE EMERGENCIAS GRAU";"241400";"HOSPITALIZACIÓN QUIRÚRGICA GINECO - OBSTETRICIA ";"333";"333";"679";"639";"31";"961";"0"
"2023";"12";"150101";"LIMA";"LIMA";"LIMA";"ESSALUD";"II-2";"00008502";"HOSPITAL DE EMERGENCIAS GRAU";"242500";"HOSPITALIZACIÓN-PEDIATRÍA GENERAL-";"86";"87";"248";"247";"11";"341";"0"
"2023";"12";"150101";"LIMA";"LIMA";"LIMA";"ESSALUD";"II-2";"00008502";"HOSPITAL DE EMERGENCIAS GRAU";"250200";"UNIDAD DE CUIDADOS CRITICOS UNIDAD DE CUIDADOS INTERMEDIOS GENERAL  (UCIN) ";"128";"122";"214";"243";"15";"465";"1"
"2023";"12";"150101";"LIMA";"LIMA";"LIMA";"ESSALUD";"II-2";"00008502";"HOSPITAL DE EMERGENCIAS GRAU";"250100";"UNIDAD DE CUIDADOS CRITICOS UNIDAD  DE CUIDADOS INTENSIVOS GENERALES (UCI) ";"16";"7";"144";"242";"8";"248";"6"
"2023";"12";"040520";"AREQUIPA";"CAYLLOMA";"MAJES";"GOBIERNO REGIONAL";"II-1";"00016721";"HOSPITAL CENTRAL DE MAJES ING. ANGEL GABRIEL CHURA GALLEGOS";"240100";"HOSPITALIZACIÓN QUIRÚRGICA CIRUGÍA GENERAL ";"42";"44";"163";"206";"8";"240";"0"
"2023";"12";"040520";"AREQUIPA";"CAYLLOMA";"MAJES";"GOBIERNO REGIONAL";"II-1";"00016721";"HOSPITAL CENTRAL DE MAJES ING. ANGEL GABRIEL CHURA GALLEGOS";"241500";"HOSPITALIZACIÓN QUIRÚRGICA GINECOLOGÍA  ";"29";"29";"187";"238";"8";"240";"0"
"2023";"12";"040520";"AREQUIPA";"CAYLLOMA";"MAJES";"GOBIERNO REGIONAL";"II-1";"00016721";"HOSPITAL CENTRAL DE MAJES ING. ANGEL GABRIEL CHURA GALLEGOS";"241800";"HOSPITALIZACIÓN DE MEDICINA MEDICINA GENERAL ";"29";"22";"89";"109";"10";"300";"1"
"2023";"12";"040520";"AREQUIPA";"CAYLLOMA";"MAJES";"GOBIERNO REGIONAL";"II-1";"00016721";"HOSPITAL CENTRAL DE MAJES ING. ANGEL GABRIEL CHURA GALLEGOS";"241600";"HOSPITALIZACIÓN QUIRÚRGICA OBSTETRICIA   ";"96";"93";"100";"133";"11";"330";"0"
"2023";"12";"040520";"AREQUIPA";"CAYLLOMA";"MAJES";"GOBIERNO REGIONAL";"II-1";"00016721";"HOSPITAL CENTRAL DE MAJES ING. ANGEL GABRIEL CHURA GALLEGOS";"242500";"HOSPITALIZACIÓN-PEDIATRÍA GENERAL-";"13";"14";"75";"92";"8";"240";"0"
"2023";"12";"040520";"AREQUIPA";"CAYLLOMA";"MAJES";"GOBIERNO REGIONAL";"II-1";"00016721";"HOSPITAL CENTRAL DE MAJES ING. ANGEL GABRIEL CHURA GALLEGOS";"241200";"HOSPITALIZACIÓN QUIRÚRGICA TRAUMATOLOGÍA Y ORTOPEDIA ";"13";"16";"138";"154";"6";"180";"0"
"2023";"03";"100101";"HUANUCO";"HUANUCO";"HUANUCO";"PRIVADO";"II-E";"00018192";"CLINICA DE OJOS SANTOS S.R.L";"NE_0001";"";"NE_0001";"NE_0001";"NE_0001";"NE_0001";"NE_0001";"NE_0001";"NE_0001"
"2023";"12";"150132";"LIMA";"LIMA";"SAN JUAN DE LURIGANCHO";"PRIVADO";"I-2";"00024750";"ARIE";"NE_0002";"";"NE_0002";"NE_0002";"NE_0002";"NE_0002";"NE_0002";"NE_0002";"NE_0002"
"2023";"12";"230101";"TACNA";"TACNA";"TACNA";"PRIVADO";"I-4";"00011466";"CLINICA ISABEL";"240000";"HOSPITALIZACIÓN";"1";"1";"2";"1";"1";"31";"0"
"2023";"12";"230101";"TACNA";"TACNA";"TACNA";"PRIVADO";"I-4";"00011466";"CLINICA ISABEL";"240000";"HOSPITALIZACIÓN";"2";"2";"2";"1";"1";"31";"0"
"2023";"12";"230101";"TACNA";"TACNA";"TACNA";"PRIVADO";"I-4";"00011466";"CLINICA ISABEL";"240000";"HOSPITALIZACIÓN";"2";"2";"1";"1";"1";"31";"0"
"2023";"12";"230101";"TACNA";"TACNA";"TACNA";"PRIVADO";"I-4";"00011466";"CLINICA ISABEL";"240000";"HOSPITALIZACIÓN";"2";"2";"2";"1";"1";"31";"0"
"2023";"12";"230101";"TACNA";"TACNA";"TACNA";"PRIVADO";"I-4";"00011466";"CLINICA ISABEL";"240000";"HOSPITALIZACIÓN";"2";"2";"1";"1";"1";"31";"0"
"2023";"12";"230101";"TACNA";"TACNA";"TACNA";"PRIVADO";"I-4";"00011466";"CLINICA ISABEL";"240000";"HOSPITALIZACIÓN";"1";"1";"2";"1";"1";"31";"0"
"2023";"12";"230101";"TACNA";"TACNA";"TACNA";"PRIVADO";"I-4";"00011466";"CLINICA ISABEL";"240000";"HOSPITALIZACIÓN";"1";"1";"2";"1";"1";"31";"0"
"2023";"12";"230101";"TACNA";"TACNA";"TACNA";"PRIVADO";"I-4";"00011466";"CLINICA ISABEL";"240000";"HOSPITALIZACIÓN";"1";"1";"2";"1";"1";"31";"0"
"2023";"12";"110101";"ICA";"ICA";"ICA";"PRIVADO";"II-1";"00013386";"LAS CONDES SAC";"240000";"HOSPITALIZACIÓN";"32";"32";"2";"33";"8";"240";"0"
"2023";"12";"150140";"LIMA";"LIMA";"SANTIAGO DE SURCO";"PRIVADO";"II-E";"00013064";"CLINICA CEDRON";"240000";"HOSPITALIZACIÓN";"24";"24";"30";"30";"6";"186";"0"
"2023";"12";"090306";"HUANCAVELICA";"ANGARAES";"CONGALLA";"GOBIERNO REGIONAL";"I-2";"00003972";"CONGALLA";"NE_0001";"";"NE_0001";"NE_0001";"NE_0001";"NE_0001";"NE_0001";"NE_0001";"NE_0001"
"2023";"12";"090301";"HUANCAVELICA";"ANGARAES";"LIRCAY";"GOBIERNO REGIONAL";"I-2";"00007385";"SAN JUAN DE DIOS DE CCOLLPAPAMPA";"NE_0001";"";"NE_0001";"NE_0001";"NE_0001";"NE_0001";"NE_0001";"NE_0001";"NE_0001"
"2023";"12";"090302";"HUANCAVELICA";"ANGARAES";"ANCHONGA";"GOBIERNO REGIONAL";"I-2";"00003960";"TUCO";"NE_0001";"";"NE_0001";"NE_0001";"NE_0001";"NE_0001";"NE_0001";"NE_0001";"NE_0001"
"2023";"12";"090309";"HUANCAVELICA";"ANGARAES";"JULCAMARCA";"GOBIERNO REGIONAL";"I-3";"00003962";"JULCAMARCA";"NE_0002";"";"NE_0002";"NE_0002";"NE_0002";"NE_0002";"NE_0002";"NE_0002";"NE_0002"
"2023";"12";"090310";"HUANCAVELICA";"ANGARAES";"SAN ANTONIO DE ANTAPARCO";"GOBIERNO REGIONAL";"I-1";"00003965";"SAN ANTONIO DE ANTAPARCO";"NE_0001";"";"NE_0001";"NE_0001";"NE_0001";"NE_0001";"NE_0001";"NE_0001";"NE_0001"
"2023";"12";"090305";"HUANCAVELICA";"ANGARAES";"CHINCHO";"GOBIERNO REGIONAL";"I-1";"00011787";"LLAMOCCTACHI";"NE_0001";"";"NE_0001";"NE_0001";"NE_0001";"NE_0001";"NE_0001";"NE_0001";"NE_0001"
"2023";"12";"090308";"HUANCAVELICA";"ANGARAES";"HUALLAY-GRANDE";"GOBIERNO REGIONAL";"I-2";"00003954";"HUAYLLAY GRANDE";"NE_0001";"";"NE_0001";"NE_0001";"NE_0001";"NE_0001";"NE_0001";"NE_0001";"NE_0001"
"2023";"12";"090306";"HUANCAVELICA";"ANGARAES";"CONGALLA";"GOBIERNO REGIONAL";"I-1";"00003973";"YUNYACCASA";"NE_0001";"";"NE_0001";"NE_0001";"NE_0001";"NE_0001";"NE_0001";"NE_0001";"NE_0001"
"2023";"12";"090306";"HUANCAVELICA";"ANGARAES";"CONGALLA";"GOBIERNO REGIONAL";"I-1";"00003974";"CARCOSI";"NE_0001";"";"NE_0001";"NE_0001";"NE_0001";"NE_0001";"NE_0001";"NE_0001";"NE_0001"
"2023";"12";"090306";"HUANCAVELICA";"ANGARAES";"CONGALLA";"GOBIERNO REGIONAL";"I-1";"00003975";"LIRCAYCCASA";"NE_0001";"";"NE_0001";"NE_0001";"NE_0001";"NE_0001";"NE_0001";"NE_0001";"NE_0001"
"2023";"12";"090307";"HUANCAVELICA";"ANGARAES";"HUANCA-HUANCA";"GOBIERNO REGIONAL";"I-1";"00011200";"CCARAPA";"NE_0001";"";"NE_0001";"NE_0001";"NE_0001";"NE_0001";"NE_0001";"NE_0001";"NE_0001"
"2023";"12";"090301";"HUANCAVELICA";"ANGARAES";"LIRCAY";"GOBIERNO REGIONAL";"I-1";"00011201";"CIENEGUILLA";"NE_0001";"";"NE_0001";"NE_0001";"NE_0001";"NE_0001";"NE_0001";"NE_0001";"NE_0001"
"2023";"12";"090301";"HUANCAVELICA";"ANGARAES";"LIRCAY";"GOBIERNO REGIONAL";"I-1";"00011205";"UNION PROGRESO PATAHUASI";"NE_0001";"";"NE_0001";"NE_0001";"NE_0001";"NE_0001";"NE_0001";"NE_0001";"NE_0001"
"2023";"12";"060801";"CAJAMARCA";"JAEN";"JAEN";"GOBIERNO REGIONAL";"I-2";"00010007";"GRANADILLAS";"NE_0001";"";"NE_0001";"NE_0001";"NE_0001";"NE_0001";"NE_0001";"NE_0001";"NE_0001"
"2023";"12";"060801";"CAJAMARCA";"JAEN";"JAEN";"GOBIERNO REGIONAL";"I-3";"00004219";"CHAMBAMONTERA";"NE_0001";"";"NE_0001";"NE_0001";"NE_0001";"NE_0001";"NE_0001";"NE_0001";"NE_0001"
"2023";"12";"150140";"LIMA";"LIMA";"SANTIAGO DE SURCO";"PRIVADO";"II-E";"00028189";"GLAUCOMA SALUD";"NE_0001";"";"NE_0001";"NE_0001";"NE_0001";"NE_0001";"NE_0001";"NE_0001";"NE_0001"
"2023";"12";"120703";"JUNIN";"TARMA";"HUARICOLCA";"GOBIERNO REGIONAL";"I-2";"00000595";"HUARICOLCA";"NE_0001";"";"NE_0001";"NE_0001";"NE_0001";"NE_0001";"NE_0001";"NE_0001";"NE_0001"
"2023";"12";"090607";"HUANCAVELICA";"HUAYTARA";"PILPICHACA";"GOBIERNO REGIONAL";"I-1";"00004045";"CARHUANCHO";"NE_0001";"";"NE_0001";"NE_0001";"NE_0001";"NE_0001";"NE_0001";"NE_0001";"NE_0001"
"2023";"12";"090607";"HUANCAVELICA";"HUAYTARA";"PILPICHACA";"GOBIERNO REGIONAL";"I-1";"00011497";"PELAPATA";"NE_0001";"";"NE_0001";"NE_0001";"NE_0001";"NE_0001";"NE_0001";"NE_0001";"NE_0001"
"2023";"12";"090616";"HUANCAVELICA";"HUAYTARA";"TAMBO";"GOBIERNO REGIONAL";"I-3";"00004048";"SANTA ROSA DE TAMBO";"NE_0002";"";"NE_0002";"NE_0002";"NE_0002";"NE_0002";"NE_0002";"NE_0002";"NE_0002"
"2023";"12";"090613";"HUANCAVELICA";"HUAYTARA";"SANTIAGO DE CHOCORVOS";"GOBIERNO REGIONAL";"I-3";"00004054";"SANTIAGO DE CHOCORVOS";"NE_0002";"";"NE_0002";"NE_0002";"NE_0002";"NE_0002";"NE_0002";"NE_0002";"NE_0002"
"2023";"12";"090613";"HUANCAVELICA";"HUAYTARA";"SANTIAGO DE CHOCORVOS";"GOBIERNO REGIONAL";"I-1";"00004056";"LA  MEJORADA";"NE_0001";"";"NE_0001";"NE_0001";"NE_0001";"NE_0001";"NE_0001";"NE_0001";"NE_0001"
"2023";"12";"090613";"HUANCAVELICA";"HUAYTARA";"SANTIAGO DE CHOCORVOS";"GOBIERNO REGIONAL";"I-1";"00004058";"SAN MIGUEL DE CURIS";"NE_0001";"";"NE_0001";"NE_0001";"NE_0001";"NE_0001";"NE_0001";"NE_0001";"NE_0001"
"2023";"12";"090613";"HUANCAVELICA";"HUAYTARA";"SANTIAGO DE CHOCORVOS";"GOBIERNO REGIONAL";"I-1";"00004059";"SANTA ROSA DE OLAYA";"NE_0001";"";"NE_0001";"NE_0001";"NE_0001";"NE_0001";"NE_0001";"NE_0001";"NE_0001"
"2023";"12";"090603";"HUANCAVELICA";"HUAYTARA";"CORDOVA";"GOBIERNO REGIONAL";"I-3";"00004064";"CORDOVA";"NE_0002";"";"NE_0002";"NE_0002";"NE_0002";"NE_0002";"NE_0002";"NE_0002";"NE_0002"
"2023";"12";"090607";"HUANCAVELICA";"HUAYTARA";"PILPICHACA";"GOBIERNO REGIONAL";"I-1";"00007358";"PICHCCAHUASI";"NE_0001";"";"NE_0001";"NE_0001";"NE_0001";"NE_0001";"NE_0001";"NE_0001";"NE_0001"
"2023";"12";"090607";"HUANCAVELICA";"HUAYTARA";"PILPICHACA";"GOBIERNO REGIONAL";"I-1";"00009690";"NUEVA JERUSALEN";"NE_0001";"";"NE_0001";"NE_0001";"NE_0001";"NE_0001";"NE_0001";"NE_0001";"NE_0001"
"2023";"12";"090607";"HUANCAVELICA";"HUAYTARA";"PILPICHACA";"GOBIERNO REGIONAL";"I-1";"00004044";"SAN FELIPE";"NE_0001";"";"NE_0001";"NE_0001";"NE_0001";"NE_0001";"NE_0001";"NE_0001";"NE_0001"
"2023";"11";"080910";"CUSCO";"LA CONVENCION";"PICHARI";"GOBIERNO REGIONAL";"I-2";"00007114";"QUISTO CENTRAL";"NE_0001";"";"NE_0001";"NE_0001";"NE_0001";"NE_0001";"NE_0001";"NE_0001";"NE_0001"
"2023";"11";"080910";"CUSCO";"LA CONVENCION";"PICHARI";"GOBIERNO REGIONAL";"I-1";"00015170";"PICHARI BAJA";"NE_0001";"";"NE_0001";"NE_0001";"NE_0001";"NE_0001";"NE_0001";"NE_0001";"NE_0001"
"2023";"11";"080910";"CUSCO";"LA CONVENCION";"PICHARI";"GOBIERNO REGIONAL";"I-2";"00002496";"OMAYA";"NE_0001";"";"NE_0001";"NE_0001";"NE_0001";"NE_0001";"NE_0001";"NE_0001";"NE_0001"
"2023";"12";"020801";"ANCASH";"CASMA";"CASMA";"GOBIERNO REGIONAL";"II-1";"00001719";"HOSPITAL DE APOYO CASMA";"241800";"HOSPITALIZACIÓN DE MEDICINA MEDICINA GENERAL ";"22";"21";"85";"90";"5";"154";"3"
"2023";"12";"020801";"ANCASH";"CASMA";"CASMA";"GOBIERNO REGIONAL";"II-1";"00001719";"HOSPITAL DE APOYO CASMA";"240100";"HOSPITALIZACIÓN QUIRÚRGICA CIRUGÍA GENERAL ";"30";"26";"110";"114";"5";"154";"0"
"2023";"12";"020801";"ANCASH";"CASMA";"CASMA";"GOBIERNO REGIONAL";"II-1";"00001719";"HOSPITAL DE APOYO CASMA";"242300";"HOSPITALIZACIÓN DE PEDIATRÍA  PEDIATRÍA  GENERAL ";"9";"10";"35";"35";"9";"308";"0"
"2023";"12";"020801";"ANCASH";"CASMA";"CASMA";"GOBIERNO REGIONAL";"II-1";"00001719";"HOSPITAL DE APOYO CASMA";"241600";"HOSPITALIZACIÓN QUIRÚRGICA OBSTETRICIA   ";"30";"26";"34";"40";"8";"270";"0"
"2023";"12";"020801";"ANCASH";"CASMA";"CASMA";"GOBIERNO REGIONAL";"II-1";"00001719";"HOSPITAL DE APOYO CASMA";"241500";"HOSPITALIZACIÓN QUIRÚRGICA GINECOLOGÍA  ";"40";"40";"120";"119";"6";"180";"0"
"2023";"12";"060801";"CAJAMARCA";"JAEN";"JAEN";"PRIVADO";"II-1";"00015269";"CLINICA SAN FERNANDO E.I.R.L";"241800";"HOSPITALIZACIÓN DE MEDICINA MEDICINA GENERAL ";"3";"2";"16";"5";"18";"24";"0"
"2023";"12";"060801";"CAJAMARCA";"JAEN";"JAEN";"PRIVADO";"II-1";"00015269";"CLINICA SAN FERNANDO E.I.R.L";"241900";"HOSPITALIZACIÓN DE MEDICINA MEDICINA INTERNA ";"4";"2";"12";"6";"18";"24";"0"
"2023";"12";"060801";"CAJAMARCA";"JAEN";"JAEN";"PRIVADO";"II-1";"00015269";"CLINICA SAN FERNANDO E.I.R.L";"241200";"HOSPITALIZACIÓN QUIRÚRGICA TRAUMATOLOGÍA Y ORTOPEDIA ";"5";"4";"1";"12";"18";"24";"0"
"2023";"12";"060801";"CAJAMARCA";"JAEN";"JAEN";"PRIVADO";"II-1";"00015269";"CLINICA SAN FERNANDO E.I.R.L";"241200";"HOSPITALIZACIÓN QUIRÚRGICA TRAUMATOLOGÍA Y ORTOPEDIA ";"6";"4";"14";"10";"18";"24";"0"
"2023";"12";"060801";"CAJAMARCA";"JAEN";"JAEN";"PRIVADO";"II-1";"00015269";"CLINICA SAN FERNANDO E.I.R.L";"241200";"HOSPITALIZACIÓN QUIRÚRGICA TRAUMATOLOGÍA Y ORTOPEDIA ";"6";"4";"14";"10";"18";"24";"0"
"2023";"12";"200104";"PIURA";"PIURA";"CASTILLA";"ESSALUD";"I-3";"00010243";"CAP III CASTILLA";"NE_0001";"";"NE_0001";"NE_0001";"NE_0001";"NE_0001";"NE_0001";"NE_0001";"NE_0001"
"2023";"12";"061103";"CAJAMARCA";"SAN MIGUEL";"CALQUIS";"GOBIERNO REGIONAL";"I-1";"00019286";"GORDILLOS";"NE_0001";"";"NE_0001";"NE_0001";"NE_0001";"NE_0001";"NE_0001";"NE_0001";"NE_0001"
"2023";"12";"061103";"CAJAMARCA";"SAN MIGUEL";"CALQUIS";"GOBIERNO REGIONAL";"I-2";"00004576";"CALQUIS";"NE_0001";"";"NE_0001";"NE_0001";"NE_0001";"NE_0001";"NE_0001";"NE_0001";"NE_0001"
"2023";"12";"061107";"CAJAMARCA";"SAN MIGUEL";"LLAPA";"GOBIERNO REGIONAL";"I-1";"00006809";"PAMPA LA CALZADA";"NE_0001";"";"NE_0001";"NE_0001";"NE_0001";"NE_0001";"NE_0001";"NE_0001";"NE_0001"
"2023";"12";"061101";"CAJAMARCA";"SAN MIGUEL";"SAN MIGUEL";"GOBIERNO REGIONAL";"I-4";"00004561";"SAN MIGUEL";"241800";"HOSPITALIZACIÓN DE MEDICINA MEDICINA GENERAL ";"21";"23";"47";"61";"6";"186";"NE_0002"
"2023";"12";"061101";"CAJAMARCA";"SAN MIGUEL";"SAN MIGUEL";"GOBIERNO REGIONAL";"I-4";"00004561";"SAN MIGUEL";"241600";"HOSPITALIZACIÓN QUIRÚRGICA OBSTETRICIA   ";"12";"13";"22";"37";"4";"124";"NE_0002"
"2023";"12";"061101";"CAJAMARCA";"SAN MIGUEL";"SAN MIGUEL";"GOBIERNO REGIONAL";"I-4";"00004561";"SAN MIGUEL";"241500";"HOSPITALIZACIÓN QUIRÚRGICA GINECOLOGÍA  ";"NE_0001";"NE_0001";"NE_0001";"NE_0001";"NE_0001";"NE_0001";"NE_0002"
"2023";"12";"061103";"CAJAMARCA";"SAN MIGUEL";"CALQUIS";"GOBIERNO REGIONAL";"I-1";"00004570";"TAULIS";"NE_0001";"";"NE_0001";"NE_0001";"NE_0001";"NE_0001";"NE_0001";"NE_0001";"NE_0001"
"2023";"12";"061101";"CAJAMARCA";"SAN MIGUEL";"SAN MIGUEL";"GOBIERNO REGIONAL";"I-1";"00004572";"SANTA ROSA";"NE_0001";"";"NE_0001";"NE_0001";"NE_0001";"NE_0001";"NE_0001";"NE_0001";"NE_0001"
"2023";"12";"061101";"CAJAMARCA";"SAN MIGUEL";"SAN MIGUEL";"GOBIERNO REGIONAL";"I-1";"00004574";"TAYAPAMPA";"NE_0001";"";"NE_0001";"NE_0001";"NE_0001";"NE_0001";"NE_0001";"NE_0001";"NE_0001"
"2023";"12";"061101";"CAJAMARCA";"SAN MIGUEL";"SAN MIGUEL";"GOBIERNO REGIONAL";"I-1";"00008996";"CHUAD";"NE_0001";"";"NE_0001";"NE_0001";"NE_0001";"NE_0001";"NE_0001";"NE_0001";"NE_0001"
"2023";"12";"061113";"CAJAMARCA";"SAN MIGUEL";"UNION AGUA BLANCA";"GOBIERNO REGIONAL";"I-2";"00004546";"UNION AGUA BLANCA";"NE_0001";"";"NE_0001";"NE_0001";"NE_0001";"NE_0001";"NE_0001";"NE_0001";"NE_0001"
"2023";"12";"061101";"CAJAMARCA";"SAN MIGUEL";"SAN MIGUEL";"GOBIERNO REGIONAL";"I-1";"00004571";"NITISUYO ALTO";"NE_0001";"";"NE_0001";"NE_0001";"NE_0001";"NE_0001";"NE_0001";"NE_0001";"NE_0001"
"2023";"12";"061105";"CAJAMARCA";"SAN MIGUEL";"EL PRADO";"GOBIERNO REGIONAL";"I-2";"00004575";"EL PRADO";"NE_0001";"";"NE_0001";"NE_0001";"NE_0001";"NE_0001";"NE_0001";"NE_0001";"NE_0001"
"2023";"12";"061101";"CAJAMARCA";"SAN MIGUEL";"SAN MIGUEL";"GOBIERNO REGIONAL";"I-1";"00019285";"CHIAPON";"NE_0001";"";"NE_0001";"NE_0001";"NE_0001";"NE_0001";"NE_0001";"NE_0001";"NE_0001"
"2023";"12";"061105";"CAJAMARCA";"SAN MIGUEL";"EL PRADO";"GOBIERNO REGIONAL";"I-2";"00004573";"LAMASPAMPA";"NE_0001";"";"NE_0001";"NE_0001";"NE_0001";"NE_0001";"NE_0001";"NE_0001";"NE_0001"
"2023";"12";"061105";"CAJAMARCA";"SAN MIGUEL";"EL PRADO";"GOBIERNO REGIONAL";"I-1";"00008995";"LAS PENCAS";"NE_0001";"";"NE_0001";"NE_0001";"NE_0001";"NE_0001";"NE_0001";"NE_0001";"NE_0001"
"2023";"12";"150140";"LIMA";"LIMA";"SANTIAGO DE SURCO";"PRIVADO";"II-E";"00032409";"CLÍNICA ALVAREZ";"240000";"HOSPITALIZACIÓN";"16";"18";"39";"26";"7";"217";"0"
"2023";"12";"090412";"HUANCAVELICA";"CASTROVIRREYNA";"TANTARA";"GOBIERNO REGIONAL";"I-3";"00004030";"TANTARA";"NE_0001";"";"NE_0001";"NE_0001";"NE_0001";"NE_0001";"NE_0001";"NE_0001";"NE_0001"
"2023";"12";"090410";"HUANCAVELICA";"CASTROVIRREYNA";"SAN JUAN";"GOBIERNO REGIONAL";"I-1";"00004035";"CAMAYOCC";"NE_0001";"";"NE_0001";"NE_0001";"NE_0001";"NE_0001";"NE_0001";"NE_0001";"NE_0001"
"2023";"12";"080106";"CUSCO";"CUSCO";"SANTIAGO";"PRIVADO";"II-E";"00024173";"OXIGEN MEDICAL NETWORK";"240100";"HOSPITALIZACIÓN QUIRÚRGICA CIRUGÍA GENERAL ";"22";"24";"85";"24";"13";"403";"0"
"2023";"12";"080106";"CUSCO";"CUSCO";"SANTIAGO";"PRIVADO";"II-E";"00024173";"OXIGEN MEDICAL NETWORK";"241800";"HOSPITALIZACIÓN DE MEDICINA MEDICINA GENERAL ";"173";"178";"407";"188";"12";"372";"0"
"2023";"12";"080106";"CUSCO";"CUSCO";"SANTIAGO";"PRIVADO";"II-E";"00024173";"OXIGEN MEDICAL NETWORK";"250100";"UNIDAD DE CUIDADOS CRITICOS UNIDAD  DE CUIDADOS INTENSIVOS GENERALES (UCI) ";"8";"8";"37";"9";"5";"155";"2"
"2023";"12";"080106";"CUSCO";"CUSCO";"SANTIAGO";"PRIVADO";"II-E";"00024173";"OXIGEN MEDICAL NETWORK";"250200";"UNIDAD DE CUIDADOS CRITICOS UNIDAD DE CUIDADOS INTERMEDIOS GENERAL  (UCIN) ";"3";"3";"12";"3";"2";"62";"0"
"2023";"12";"070101";"CALLAO";"CALLAO";"CALLAO";"PRIVADO";"II-E";"00025535";"CLÍNICA  OQUENDO";"240000";"HOSPITALIZACIÓN";"10";"10";"7";"10";"11";"330";"0"
"2023";"12";"130401";"LA LIBERTAD";"CHEPEN";"CHEPEN";"GOBIERNO REGIONAL";"II-1";"00005299";"HOSPITAL DE APOYO CHEPEN";"240100";"HOSPITALIZACIÓN QUIRÚRGICA CIRUGÍA GENERAL ";"56";"54";"197";"244";"20";"620";"0"
"2023";"12";"130401";"LA LIBERTAD";"CHEPEN";"CHEPEN";"GOBIERNO REGIONAL";"II-1";"00005299";"HOSPITAL DE APOYO CHEPEN";"241400";"HOSPITALIZACIÓN QUIRÚRGICA GINECO - OBSTETRICIA ";"123";"132";"294";"331";"24";"774";"0"
"2023";"12";"130401";"LA LIBERTAD";"CHEPEN";"CHEPEN";"GOBIERNO REGIONAL";"II-1";"00005299";"HOSPITAL DE APOYO CHEPEN";"241800";"HOSPITALIZACIÓN DE MEDICINA MEDICINA GENERAL ";"38";"36";"223";"331";"18";"558";"0"
"2023";"12";"130401";"LA LIBERTAD";"CHEPEN";"CHEPEN";"GOBIERNO REGIONAL";"II-1";"00005299";"HOSPITAL DE APOYO CHEPEN";"242500";"HOSPITALIZACIÓN-PEDIATRÍA GENERAL-";"23";"24";"78";"87";"22";"682";"0"
"2023";"12";"110101";"ICA";"ICA";"ICA";"PRIVADO";"I-4";"00009660";"SEÑOR DE LUREN DE ICA";"240000";"HOSPITALIZACIÓN";"50";"52";"107";"109";"14";"434";"18"
"2023";"12";"140101";"LAMBAYEQUE";"CHICLAYO";"CHICLAYO";"PRIVADO";"II-E";"00025061";"HOSPITAL DE CLINICAS LAMBAYEQUE SAC";"241200";"HOSPITALIZACIÓN QUIRÚRGICA TRAUMATOLOGÍA Y ORTOPEDIA ";"140";"140";"240";"120";"29";"180";"0"
"2023";"12";"060303";"CAJAMARCA";"CELENDIN";"CORTEGANA";"GOBIERNO REGIONAL";"I-1";"00004474";"YAGEN";"NE_0001";"";"NE_0001";"NE_0001";"NE_0001";"NE_0001";"NE_0001";"NE_0001";"NE_0001"
"2023";"12";"060303";"CAJAMARCA";"CELENDIN";"CORTEGANA";"GOBIERNO REGIONAL";"I-1";"00006757";"CANDEN";"NE_0001";"";"NE_0001";"NE_0001";"NE_0001";"NE_0001";"NE_0001";"NE_0001";"NE_0001"
"2023";"12";"060303";"CAJAMARCA";"CELENDIN";"CORTEGANA";"GOBIERNO REGIONAL";"I-1";"00006758";"MUSADEN";"NE_0001";"";"NE_0001";"NE_0001";"NE_0001";"NE_0001";"NE_0001";"NE_0001";"NE_0001"
"2023";"12";"060303";"CAJAMARCA";"CELENDIN";"CORTEGANA";"GOBIERNO REGIONAL";"I-1";"00004475";"ANDAMACHAY";"NE_0001";"";"NE_0001";"NE_0001";"NE_0001";"NE_0001";"NE_0001";"NE_0001";"NE_0001"
"2023";"12";"060303";"CAJAMARCA";"CELENDIN";"CORTEGANA";"GOBIERNO REGIONAL";"I-3";"00004477";"CORTEGANA";"NE_0001";"";"NE_0001";"NE_0001";"NE_0001";"NE_0001";"NE_0001";"NE_0001";"NE_0001"
"2023";"12";"060303";"CAJAMARCA";"CELENDIN";"CORTEGANA";"GOBIERNO REGIONAL";"I-1";"00004476";"VILLANUEVA";"NE_0001";"";"NE_0001";"NE_0001";"NE_0001";"NE_0001";"NE_0001";"NE_0001";"NE_0001"
"2023";"11";"130105";"LA LIBERTAD";"TRUJILLO";"LA ESPERANZA";"PRIVADO";"II-1";"00021412";"CLÍNICA MADRE DE CRISTO";"241400";"HOSPITALIZACIÓN QUIRÚRGICA GINECO - OBSTETRICIA ";"10";"10";"18";"34";"4";"48";"0"
"2023";"11";"130105";"LA LIBERTAD";"TRUJILLO";"LA ESPERANZA";"PRIVADO";"II-1";"00021412";"CLÍNICA MADRE DE CRISTO";"240100";"HOSPITALIZACIÓN QUIRÚRGICA CIRUGÍA GENERAL ";"18";"18";"32";"51";"8";"63";"0"
"2023";"11";"070102";"CALLAO";"CALLAO";"BELLAVISTA";"PRIVADO";"II-E";"00018670";"CLINICA G'STAR";"240000";"HOSPITALIZACIÓN";"44";"44";"94";"99";"10";"300";"0"
"2023";"11";"130401";"LA LIBERTAD";"CHEPEN";"CHEPEN";"GOBIERNO REGIONAL";"II-1";"00005299";"HOSPITAL DE APOYO CHEPEN";"240100";"HOSPITALIZACIÓN QUIRÚRGICA CIRUGÍA GENERAL ";"50";"49";"170";"221";"20";"600";"0"
"2023";"11";"150113";"LIMA";"LIMA";"JESUS MARIA";"PRIVADO";"II-E";"00020346";"CLINICA SANTA BEATRIZ";"240000";"HOSPITALIZACIÓN";"316";"314";"377";"334";"22";"421";"0"
"2023";"11";"150122";"LIMA";"LIMA";"MIRAFLORES";"PRIVADO";"II-E";"00024924";"CLÍNICA CORPORACIÓN DE CIRUJANOS PLÁSTICOS";"NE_0002";"";"NE_0002";"NE_0002";"NE_0002";"NE_0002";"NE_0002";"NE_0002";"NE_0002"
"2023";"11";"130401";"LA LIBERTAD";"CHEPEN";"CHEPEN";"GOBIERNO REGIONAL";"II-1";"00005299";"HOSPITAL DE APOYO CHEPEN";"241400";"HOSPITALIZACIÓN QUIRÚRGICA GINECO - OBSTETRICIA ";"118";"116";"257";"281";"24";"720";"0"
"2023";"11";"130401";"LA LIBERTAD";"CHEPEN";"CHEPEN";"GOBIERNO REGIONAL";"II-1";"00005299";"HOSPITAL DE APOYO CHEPEN";"241800";"HOSPITALIZACIÓN DE MEDICINA MEDICINA GENERAL ";"47";"35";"204";"353";"18";"540";"3"
"2023";"11";"130401";"LA LIBERTAD";"CHEPEN";"CHEPEN";"GOBIERNO REGIONAL";"II-1";"00005299";"HOSPITAL DE APOYO CHEPEN";"242500";"HOSPITALIZACIÓN-PEDIATRÍA GENERAL-";"22";"23";"53";"54";"22";"660";"0"
"2023";"11";"150131";"LIMA";"LIMA";"SAN ISIDRO";"PRIVADO";"I-4";"00008389";"IPOR: INSTITUTO PERUANO DE ONCOLOGIA & RADIOTERAPIA";"NE_0001";"";"NE_0001";"NE_0001";"NE_0001";"NE_0001";"NE_0001";"NE_0001";"NE_0001"
"2023";"12";"130502";"LA LIBERTAD";"JULCAN";"CALAMARCA";"GOBIERNO REGIONAL";"I-2";"00007247";"BARRO NEGRO";"NE_0001";"";"NE_0001";"NE_0001";"NE_0001";"NE_0001";"NE_0001";"NE_0001";"NE_0001"
"2023";"12";"130502";"LA LIBERTAD";"JULCAN";"CALAMARCA";"GOBIERNO REGIONAL";"I-4";"00005308";"CALAMARCA";"NE_0001";"";"NE_0001";"NE_0001";"NE_0001";"NE_0001";"NE_0001";"NE_0001";"NE_0001"
"2023";"12";"130502";"LA LIBERTAD";"JULCAN";"CALAMARCA";"GOBIERNO REGIONAL";"I-1";"00007248";"CHAZKA";"NE_0001";"";"NE_0001";"NE_0001";"NE_0001";"NE_0001";"NE_0001";"NE_0001";"NE_0001"
"2023";"12";"130502";"LA LIBERTAD";"JULCAN";"CALAMARCA";"GOBIERNO REGIONAL";"I-1";"00016424";"HUAGAL";"NE_0001";"";"NE_0001";"NE_0001";"NE_0001";"NE_0001";"NE_0001";"NE_0001";"NE_0001"
"2023";"12";"130502";"LA LIBERTAD";"JULCAN";"CALAMARCA";"GOBIERNO REGIONAL";"I-3";"00005309";"SICCHAL";"NE_0001";"";"NE_0001";"NE_0001";"NE_0001";"NE_0001";"NE_0001";"NE_0001";"NE_0001"
"2023";"12";"150140";"LIMA";"LIMA";"SANTIAGO DE SURCO";"PRIVADO";"II-E";"00012219";"CLINICA MONTESUR";"241800";"HOSPITALIZACIÓN DE MEDICINA MEDICINA GENERAL ";"225";"223";"280";"205";"32";"150";"0"
"2023";"12";"150140";"LIMA";"LIMA";"SANTIAGO DE SURCO";"PRIVADO";"II-E";"00012219";"CLINICA MONTESUR";"243200";"HOSPITALIZACIÓN DE PEDIATRÍA PEDIATRIA NEONATOLOGÍA";"61";"60";"120";"50";"5";"947";"0"
"2023";"12";"180106";"MOQUEGUA";"MARISCAL NIETO";"TORATA";"ESSALUD";"I-3";"00016151";"CENTRO DE ATENCION PRIMARIA II TORATA";"NE_0001";"";"NE_0001";"NE_0001";"NE_0001";"NE_0001";"NE_0001";"NE_0001";"NE_0001"
"2023";"12";"150131";"LIMA";"LIMA";"SAN ISIDRO";"ESSALUD";"I-3";"00015471";"CENTRO DE ATENCION PRIMARIA-CAP III SAN ISIDRO-ESSALUD";"NE_0001";"";"NE_0001";"NE_0001";"NE_0001";"NE_0001";"NE_0001";"NE_0001";"NE_0001"
"2023";"12";"130401";"LA LIBERTAD";"CHEPEN";"CHEPEN";"ESSALUD";"II-1";"00009954";"HOSPITAL I CHEPEN ESSALUD";"241900";"HOSPITALIZACIÓN DE MEDICINA MEDICINA INTERNA ";"34";"38";"115";"108";"3";"93";"7"
"2023";"12";"130401";"LA LIBERTAD";"CHEPEN";"CHEPEN";"ESSALUD";"II-1";"00009954";"HOSPITAL I CHEPEN ESSALUD";"240100";"HOSPITALIZACIÓN QUIRÚRGICA CIRUGÍA GENERAL ";"13";"12";"25";"25";"2";"62";"0"
"2023";"12";"130401";"LA LIBERTAD";"CHEPEN";"CHEPEN";"ESSALUD";"II-1";"00009954";"HOSPITAL I CHEPEN ESSALUD";"241500";"HOSPITALIZACIÓN QUIRÚRGICA GINECOLOGÍA  ";"7";"6";"16";"25";"2";"62";"0"
"2023";"12";"130401";"LA LIBERTAD";"CHEPEN";"CHEPEN";"ESSALUD";"II-1";"00009954";"HOSPITAL I CHEPEN ESSALUD";"242300";"HOSPITALIZACIÓN DE PEDIATRÍA  PEDIATRÍA  GENERAL ";"5";"5";"15";"15";"1";"31";"0"
"2023";"12";"150142";"LIMA";"LIMA";"VILLA EL SALVADOR";"PRIVADO";"I-2";"00013687";"ARIE";"NE_0002";"";"NE_0002";"NE_0002";"NE_0002";"NE_0002";"NE_0002";"NE_0002";"NE_0002"
"2023";"12";"190301";"PASCO";"OXAPAMPA";"OXAPAMPA";"GOBIERNO REGIONAL";"I-1";"00001087";"ALTO CHURUMAZU";"NE_0002";"";"NE_0002";"NE_0002";"NE_0002";"NE_0002";"NE_0002";"NE_0002";"NE_0002"
"2023";"12";"190301";"PASCO";"OXAPAMPA";"OXAPAMPA";"GOBIERNO REGIONAL";"I-3";"00001091";"CANTARIZU";"NE_0002";"";"NE_0002";"NE_0002";"NE_0002";"NE_0002";"NE_0002";"NE_0002";"NE_0002"
"2023";"12";"190301";"PASCO";"OXAPAMPA";"OXAPAMPA";"GOBIERNO REGIONAL";"I-1";"00001090";"MEZAPATA";"NE_0002";"";"NE_0002";"NE_0002";"NE_0002";"NE_0002";"NE_0002";"NE_0002";"NE_0002"
"2023";"12";"190301";"PASCO";"OXAPAMPA";"OXAPAMPA";"GOBIERNO REGIONAL";"I-1";"00009892";"CHACOS";"NE_0002";"";"NE_0002";"NE_0002";"NE_0002";"NE_0002";"NE_0002";"NE_0002";"NE_0002"
"2023";"12";"190301";"PASCO";"OXAPAMPA";"OXAPAMPA";"GOBIERNO REGIONAL";"I-2";"00001085";"CHURUMAZU";"NE_0002";"";"NE_0002";"NE_0002";"NE_0002";"NE_0002";"NE_0002";"NE_0002";"NE_0002"
"2023";"12";"190301";"PASCO";"OXAPAMPA";"OXAPAMPA";"GOBIERNO REGIONAL";"I-2";"00001089";"QUILLAZU";"NE_0002";"";"NE_0002";"NE_0002";"NE_0002";"NE_0002";"NE_0002";"NE_0002";"NE_0002"
"2023";"12";"190301";"PASCO";"OXAPAMPA";"OXAPAMPA";"GOBIERNO REGIONAL";"I-1";"00001092";"RIO PISCO";"NE_0002";"";"NE_0002";"NE_0002";"NE_0002";"NE_0002";"NE_0002";"NE_0002";"NE_0002"
"2023";"12";"190301";"PASCO";"OXAPAMPA";"OXAPAMPA";"GOBIERNO REGIONAL";"I-1";"00001088";"SOGORMO";"NE_0002";"";"NE_0002";"NE_0002";"NE_0002";"NE_0002";"NE_0002";"NE_0002";"NE_0002"
"2023";"12";"240101";"TUMBES";"TUMBES";"TUMBES";"GOBIERNO REGIONAL";"II-2";"00017077";"HOSPITAL REGIONAL JOSE ALFREDO MENDOZA OLAVARRIA JAMO II-2";"240100";"HOSPITALIZACIÓN QUIRÚRGICA CIRUGÍA GENERAL ";"125";"151";"599";"481";"30";"930";"2"
"2023";"12";"240101";"TUMBES";"TUMBES";"TUMBES";"GOBIERNO REGIONAL";"II-2";"00017077";"HOSPITAL REGIONAL JOSE ALFREDO MENDOZA OLAVARRIA JAMO II-2";"241800";"HOSPITALIZACIÓN DE MEDICINA MEDICINA GENERAL ";"28";"45";"791";"650";"22";"682";"6"
"2023";"12";"240101";"TUMBES";"TUMBES";"TUMBES";"GOBIERNO REGIONAL";"II-2";"00017077";"HOSPITAL REGIONAL JOSE ALFREDO MENDOZA OLAVARRIA JAMO II-2";"242500";"HOSPITALIZACIÓN-PEDIATRÍA GENERAL-";"52";"59";"275";"227";"12";"372";"0"
"2023";"12";"240101";"TUMBES";"TUMBES";"TUMBES";"GOBIERNO REGIONAL";"II-2";"00017077";"HOSPITAL REGIONAL JOSE ALFREDO MENDOZA OLAVARRIA JAMO II-2";"243200";"HOSPITALIZACIÓN DE PEDIATRÍA PEDIATRIA NEONATOLOGÍA";"24";"27";"204";"150";"5";"155";"0"
"2023";"12";"240101";"TUMBES";"TUMBES";"TUMBES";"GOBIERNO REGIONAL";"II-2";"00017077";"HOSPITAL REGIONAL JOSE ALFREDO MENDOZA OLAVARRIA JAMO II-2";"250103";"UNIDAD DE CUIDADOS CRITICOS UNIDAD  DE CUIDADOS INTENSIVOS GENERALES  (UCI) MEDICINA";"8";"10";"96";"88";"6";"186";"6"
"2023";"12";"240101";"TUMBES";"TUMBES";"TUMBES";"GOBIERNO REGIONAL";"II-2";"00017077";"HOSPITAL REGIONAL JOSE ALFREDO MENDOZA OLAVARRIA JAMO II-2";"250105";"UNIDAD DE CUIDADOS CRITICOS UNIDAD  DE CUIDADOS INTENSIVOS  (UCI) NEONATOLOGÍA";"8";"9";"57";"48";"4";"124";"4"
"2023";"12";"240101";"TUMBES";"TUMBES";"TUMBES";"GOBIERNO REGIONAL";"II-2";"00017077";"HOSPITAL REGIONAL JOSE ALFREDO MENDOZA OLAVARRIA JAMO II-2";"241400";"HOSPITALIZACIÓN QUIRÚRGICA GINECO - OBSTETRICIA ";"241";"261";"627";"448";"30";"930";"0"
"2023";"12";"040126";"AREQUIPA";"AREQUIPA";"YANAHUARA";"PRIVADO";"II-1";"00028448";"CLINICA EMMEL";"245700";"HOSPITALIZACIÓN QUIRÚRGICA CARDIOLOGIA ";"2";"2";"2";"1";"1";"31";"0"
"2023";"12";"040126";"AREQUIPA";"AREQUIPA";"YANAHUARA";"PRIVADO";"II-1";"00028448";"CLINICA EMMEL";"240200";"HOSPITALIZACIÓN QUIRÚRGICA CIRUGÍA DE CABEZA Y CUELLO / MÁXILO FACIAL ";"4";"5";"14";"12";"2";"62";"0"
"2023";"12";"040126";"AREQUIPA";"AREQUIPA";"YANAHUARA";"PRIVADO";"II-1";"00028448";"CLINICA EMMEL";"240100";"HOSPITALIZACIÓN QUIRÚRGICA CIRUGÍA GENERAL ";"71";"74";"126";"124";"5";"155";"0"
"2023";"12";"040126";"AREQUIPA";"AREQUIPA";"YANAHUARA";"PRIVADO";"II-1";"00028448";"CLINICA EMMEL";"241000";"HOSPITALIZACIÓN QUIRÚRGICA ONCOLOGÍA QUIRÚRGICA  ";"2";"2";"3";"2";"1";"31";"0"
"2023";"12";"040126";"AREQUIPA";"AREQUIPA";"YANAHUARA";"PRIVADO";"II-1";"00028448";"CLINICA EMMEL";"240700";"HOSPITALIZACIÓN QUIRÚRGICA CIRUGÍA PEDIÁTRICA ";"1";"1";"1";"1";"1";"31";"0"
"2023";"12";"040126";"AREQUIPA";"AREQUIPA";"YANAHUARA";"PRIVADO";"II-1";"00028448";"CLINICA EMMEL";"240800";"HOSPITALIZACIÓN QUIRÚRGICA CIRUGÍA PLÁSTICA/RECONSTRUCTIVA/ REPARADORA ";"1";"1";"1";"1";"1";"31";"0"
"2023";"12";"040126";"AREQUIPA";"AREQUIPA";"YANAHUARA";"PRIVADO";"II-1";"00028448";"CLINICA EMMEL";"240300";"HOSPITALIZACIÓN QUIRÚRGICA CIRUGÍA DIGESTIVA ";"4";"4";"4";"2";"1";"31";"0"
"2023";"12";"040126";"AREQUIPA";"AREQUIPA";"YANAHUARA";"PRIVADO";"II-1";"00028448";"CLINICA EMMEL";"241400";"HOSPITALIZACIÓN QUIRÚRGICA GINECO - OBSTETRICIA ";"11";"11";"14";"12";"2";"62";"0"
"2023";"12";"040126";"AREQUIPA";"AREQUIPA";"YANAHUARA";"PRIVADO";"II-1";"00028448";"CLINICA EMMEL";"240900";"HOSPITALIZACIÓN QUIRÚRGICA NEUROCIRUGÍA ";"2";"1";"3";"2";"2";"62";"0"
"2023";"12";"040126";"AREQUIPA";"AREQUIPA";"YANAHUARA";"PRIVADO";"II-1";"00028448";"CLINICA EMMEL";"241200";"HOSPITALIZACIÓN QUIRÚRGICA TRAUMATOLOGÍA Y ORTOPEDIA ";"11";"11";"18";"16";"2";"62";"0"
"2023";"12";"040126";"AREQUIPA";"AREQUIPA";"YANAHUARA";"PRIVADO";"II-1";"00028448";"CLINICA EMMEL";"241300";"HOSPITALIZACIÓN QUIRÚRGICA UROLOGÍA  ";"5";"2";"4";"2";"2";"62";"0"
"2023";"12";"150134";"LIMA";"LIMA";"SAN LUIS";"PRIVADO";"II-1";"00008786";"CLINICA SAN JUAN DE DIOS";"240000";"HOSPITALIZACIÓN";"90";"95";"221";"238";"25";"775";"0"
"2023";"01";"021509";"ANCASH";"PALLASCA";"PAMPAS";"ESSALUD";"I-2";"00009202";"POSTA MEDICA PAMPAS";"NE_0001";"";"NE_0001";"NE_0001";"NE_0001";"NE_0001";"NE_0001";"NE_0001";"NE_0001"
"2023";"12";"130903";"LA LIBERTAD";"SANCHEZ CARRION";"COCHORCO";"GOBIERNO REGIONAL";"I-2";"00013810";"ARAGOSTAY";"NE_0001";"";"NE_0001";"NE_0001";"NE_0001";"NE_0001";"NE_0001";"NE_0001";"NE_0001"
"2023";"12";"130903";"LA LIBERTAD";"SANCHEZ CARRION";"COCHORCO";"GOBIERNO REGIONAL";"I-2";"00005356";"ARICAPAMPA";"NE_0001";"";"NE_0001";"NE_0001";"NE_0001";"NE_0001";"NE_0001";"NE_0001";"NE_0001"
"2023";"12";"130903";"LA LIBERTAD";"SANCHEZ CARRION";"COCHORCO";"GOBIERNO REGIONAL";"I-1";"00013808";"MOLINO VIEJO";"NE_0001";"";"NE_0001";"NE_0001";"NE_0001";"NE_0001";"NE_0001";"NE_0001";"NE_0001"
"2023";"12";"130903";"LA LIBERTAD";"SANCHEZ CARRION";"COCHORCO";"GOBIERNO REGIONAL";"I-2";"00013802";"SUCCHAMARCA";"NE_0001";"";"NE_0001";"NE_0001";"NE_0001";"NE_0001";"NE_0001";"NE_0001";"NE_0001"
"2023";"12";"130903";"LA LIBERTAD";"SANCHEZ CARRION";"COCHORCO";"GOBIERNO REGIONAL";"I-2";"00013800";"SUCCHACENTRO";"NE_0001";"";"NE_0001";"NE_0001";"NE_0001";"NE_0001";"NE_0001";"NE_0001";"NE_0001"
"2023";"12";"100604";"HUANUCO";"LEONCIO PRADO";"JOSE CRESPO Y CASTILLO";"ESSALUD";"I-2";"00027083";"POSTA MÉDICA AUCAYACU";"NE_0001";"";"NE_0001";"NE_0001";"NE_0001";"NE_0001";"NE_0001";"NE_0001";"NE_0001"
"2023";"12";"120707";"JUNIN";"TARMA";"PALCAMAYO";"GOBIERNO REGIONAL";"I-3";"00000527";"PALCAMAYO";"NE_0001";"";"NE_0001";"NE_0001";"NE_0001";"NE_0001";"NE_0001";"NE_0001";"NE_0001"
"2023";"12";"120707";"JUNIN";"TARMA";"PALCAMAYO";"GOBIERNO REGIONAL";"I-1";"00000529";"OCHONGA";"NE_0001";"";"NE_0001";"NE_0001";"NE_0001";"NE_0001";"NE_0001";"NE_0001";"NE_0001"
"2023";"12";"120707";"JUNIN";"TARMA";"PALCAMAYO";"GOBIERNO REGIONAL";"I-1";"00000533";"CALCA";"NE_0001";"";"NE_0001";"NE_0001";"NE_0001";"NE_0001";"NE_0001";"NE_0001";"NE_0001"
"2023";"12";"120707";"JUNIN";"TARMA";"PALCAMAYO";"GOBIERNO REGIONAL";"I-1";"00000531";"INCACHACA YANAMACHAY";"NE_0001";"";"NE_0001";"NE_0001";"NE_0001";"NE_0001";"NE_0001";"NE_0001";"NE_0001"
"2023";"12";"120707";"JUNIN";"TARMA";"PALCAMAYO";"GOBIERNO REGIONAL";"I-1";"00000532";"HUAMANIA";"NE_0001";"";"NE_0001";"NE_0001";"NE_0001";"NE_0001";"NE_0001";"NE_0001";"NE_0001"
"2023";"12";"110111";"ICA";"ICA";"SANTIAGO";"GOBIERNO REGIONAL";"I-2";"00003409";"SANTA DOMINGUITA";"NE_0001";"";"NE_0001";"NE_0001";"NE_0001";"NE_0001";"NE_0001";"NE_0001";"NE_0001"
"2023";"12";"110104";"ICA";"ICA";"OCUCAJE";"GOBIERNO REGIONAL";"I-1";"00003411";"PUESTO DE SALUD CALLANGO";"NE_0001";"";"NE_0001";"NE_0001";"NE_0001";"NE_0001";"NE_0001";"NE_0001";"NE_0001"
"2023";"12";"110104";"ICA";"ICA";"OCUCAJE";"GOBIERNO REGIONAL";"I-3";"00003374";"OCUCAJE";"NE_0001";"";"NE_0001";"NE_0001";"NE_0001";"NE_0001";"NE_0001";"NE_0001";"NE_0001"
"2023";"12";"110111";"ICA";"ICA";"SANTIAGO";"GOBIERNO REGIONAL";"I-2";"00003408";"LA VENTA";"NE_0001";"";"NE_0001";"NE_0001";"NE_0001";"NE_0001";"NE_0001";"NE_0001";"NE_0001"
"2023";"12";"211101";"PUNO";"SAN ROMAN";"JULIACA";"PRIVADO";"II-1";"00010815";"CLINICA ADVENTISTA AMERICANA DE JULIACA";"240000";"HOSPITALIZACIÓN";"203";"206";"638";"646";"40";"1237";"2"
"2023";"12";"120114";"JUNIN";"HUANCAYO";"EL TAMBO";"PRIVADO";"II-E";"00010250";"CLINICA OFTALMOLOGICA DEL CENTRO DEL PERU";"NE_0002";"";"NE_0002";"NE_0002";"NE_0002";"NE_0002";"NE_0002";"NE_0002";"NE_0002"
"2023";"12";"150120";"LIMA";"LIMA";"MAGDALENA DEL MAR";"PRIVADO";"II-E";"00025749";"MEDAVAN";"240000";"HOSPITALIZACIÓN";"118";"118";"60";"133";"4";"120";"0"
"2023";"04";"100101";"HUANUCO";"HUANUCO";"HUANUCO";"PRIVADO";"II-E";"00018192";"CLINICA DE OJOS SANTOS S.R.L";"NE_0001";"";"NE_0001";"NE_0001";"NE_0001";"NE_0001";"NE_0001";"NE_0001";"NE_0001"
"2023";"05";"100101";"HUANUCO";"HUANUCO";"HUANUCO";"PRIVADO";"II-E";"00018192";"CLINICA DE OJOS SANTOS S.R.L";"NE_0001";"";"NE_0001";"NE_0001";"NE_0001";"NE_0001";"NE_0001";"NE_0001";"NE_0001"
"2023";"11";"150108";"LIMA";"LIMA";"CHORRILLOS";"PRIVADO";"II-1";"00016005";"CLINICA PARROQUIAL SAN FRANCISCO DE ASIS";"240100";"HOSPITALIZACIÓN QUIRÚRGICA CIRUGÍA GENERAL ";"25";"25";"25";"25";"12";"360";"0"
"2023";"11";"150108";"LIMA";"LIMA";"CHORRILLOS";"PRIVADO";"II-1";"00016005";"CLINICA PARROQUIAL SAN FRANCISCO DE ASIS";"240100";"HOSPITALIZACIÓN QUIRÚRGICA CIRUGÍA GENERAL ";"15";"15";"15";"15";"12";"360";"0"
"2023";"11";"150108";"LIMA";"LIMA";"CHORRILLOS";"PRIVADO";"II-1";"00016005";"CLINICA PARROQUIAL SAN FRANCISCO DE ASIS";"240100";"HOSPITALIZACIÓN QUIRÚRGICA CIRUGÍA GENERAL ";"2";"2";"2";"2";"12";"360";"0"
"2023";"11";"150108";"LIMA";"LIMA";"CHORRILLOS";"PRIVADO";"II-1";"00016005";"CLINICA PARROQUIAL SAN FRANCISCO DE ASIS";"240100";"HOSPITALIZACIÓN QUIRÚRGICA CIRUGÍA GENERAL ";"2";"2";"2";"2";"12";"360";"0"
"2023";"11";"150108";"LIMA";"LIMA";"CHORRILLOS";"PRIVADO";"II-1";"00016005";"CLINICA PARROQUIAL SAN FRANCISCO DE ASIS";"240100";"HOSPITALIZACIÓN QUIRÚRGICA CIRUGÍA GENERAL ";"1";"1";"1";"1";"12";"360";"0"
"2023";"11";"150108";"LIMA";"LIMA";"CHORRILLOS";"PRIVADO";"II-1";"00016005";"CLINICA PARROQUIAL SAN FRANCISCO DE ASIS";"240100";"HOSPITALIZACIÓN QUIRÚRGICA CIRUGÍA GENERAL ";"1";"1";"1";"1";"12";"360";"0"
"2023";"11";"150108";"LIMA";"LIMA";"CHORRILLOS";"PRIVADO";"II-1";"00016005";"CLINICA PARROQUIAL SAN FRANCISCO DE ASIS";"240100";"HOSPITALIZACIÓN QUIRÚRGICA CIRUGÍA GENERAL ";"1";"1";"1";"1";"12";"360";"0"
"2023";"11";"150108";"LIMA";"LIMA";"CHORRILLOS";"PRIVADO";"II-1";"00016005";"CLINICA PARROQUIAL SAN FRANCISCO DE ASIS";"241400";"HOSPITALIZACIÓN QUIRÚRGICA GINECO - OBSTETRICIA ";"1";"1";"2";"1";"12";"360";"0"
"2023";"11";"150108";"LIMA";"LIMA";"CHORRILLOS";"PRIVADO";"II-1";"00016005";"CLINICA PARROQUIAL SAN FRANCISCO DE ASIS";"241400";"HOSPITALIZACIÓN QUIRÚRGICA GINECO - OBSTETRICIA ";"1";"1";"2";"1";"12";"360";"0"
"2023";"12";"040401";"AREQUIPA";"CASTILLA";"APLAO";"ESSALUD";"I-3";"00013299";"CENTRO MEDICO APLAO";"NE_0001";"";"NE_0001";"NE_0001";"NE_0001";"NE_0001";"NE_0001";"NE_0001";"NE_0001"
"2023";"12";"150113";"LIMA";"LIMA";"JESUS MARIA";"PRIVADO";"I-3";"00010439";"CENTRO CLINICO JESUS MARIA";"NE_0002";"";"NE_0002";"NE_0002";"NE_0002";"NE_0002";"NE_0002";"NE_0002";"NE_0002"
"2023";"12";"150116";"LIMA";"LIMA";"LINCE";"ESSALUD";"I-3";"00017695";"CENTRO DE ATENCION PRIMARIA III ALFREDO PIAZZA ROBERTS-GSPN I Y II-RPA-ESSALUD";"NE_0001";"";"NE_0001";"NE_0001";"NE_0001";"NE_0001";"NE_0001";"NE_0001";"NE_0001"
"2023";"12";"220401";"SAN MARTIN";"HUALLAGA";"SAPOSOA";"ESSALUD";"I-2";"00031567";"POSTA MEDICA DE SAPOSOA - ESSALUD";"NE_0001";"";"NE_0001";"NE_0001";"NE_0001";"NE_0001";"NE_0001";"NE_0001";"NE_0001"
"2023";"12";"150131";"LIMA";"LIMA";"SAN ISIDRO";"PRIVADO";"II-E";"00011358";"CONFÍA INSTITUTO OFTALMOLÓGICO";"NE_0001";"";"NE_0001";"NE_0001";"NE_0001";"NE_0001";"NE_0001";"NE_0001";"NE_0001"
"2023";"12";"120303";"JUNIN";"CHANCHAMAYO";"PICHANAQUI";"GOBIERNO REGIONAL";"I-2";"00000345";"PAMPA CAMONA";"NE_0001";"";"NE_0001";"NE_0001";"NE_0001";"NE_0001";"NE_0001";"NE_0001";"NE_0001"
"2023";"12";"080901";"CUSCO";"LA CONVENCION";"SANTA ANA";"PRIVADO";"II-E";"00026080";"SR DE TORRECHAYOC";"241400";"HOSPITALIZACIÓN QUIRÚRGICA GINECO - OBSTETRICIA ";"5";"5";"7";"6";"4";"124";"0"
"2023";"12";"120704";"JUNIN";"TARMA";"HUASAHUASI";"GOBIERNO REGIONAL";"I-1";"00000547";"CHIRAS";"NE_0001";"";"NE_0001";"NE_0001";"NE_0001";"NE_0001";"NE_0001";"NE_0001";"NE_0001"
"2023";"12";"120704";"JUNIN";"TARMA";"HUASAHUASI";"GOBIERNO REGIONAL";"I-1";"00000544";"PUNRAY";"NE_0001";"";"NE_0001";"NE_0001";"NE_0001";"NE_0001";"NE_0001";"NE_0001";"NE_0001"
"2023";"12";"120704";"JUNIN";"TARMA";"HUASAHUASI";"GOBIERNO REGIONAL";"I-1";"00000543";"CASCA";"NE_0001";"";"NE_0001";"NE_0001";"NE_0001";"NE_0001";"NE_0001";"NE_0001";"NE_0001"
"2023";"12";"120704";"JUNIN";"TARMA";"HUASAHUASI";"GOBIERNO REGIONAL";"I-4";"00000542";"HUASAHUASI";"241600";"HOSPITALIZACIÓN QUIRÚRGICA OBSTETRICIA   ";"10";"10";"10";"10";"10";"310";"0"
"2023";"12";"120704";"JUNIN";"TARMA";"HUASAHUASI";"GOBIERNO REGIONAL";"I-1";"00000546";"SAN JUAN DE LA LIBERTAD";"NE_0001";"";"NE_0001";"NE_0001";"NE_0001";"NE_0001";"NE_0001";"NE_0001";"NE_0001"
"2023";"12";"120704";"JUNIN";"TARMA";"HUASAHUASI";"GOBIERNO REGIONAL";"I-1";"00000545";"HUACUAS";"NE_0001";"";"NE_0001";"NE_0001";"NE_0001";"NE_0001";"NE_0001";"NE_0001";"NE_0001"
"2023";"12";"120704";"JUNIN";"TARMA";"HUASAHUASI";"GOBIERNO REGIONAL";"I-1";"00000548";"TIAMBRA";"NE_0001";"";"NE_0001";"NE_0001";"NE_0001";"NE_0001";"NE_0001";"NE_0001";"NE_0001"
"2023";"12";"100201";"HUANUCO";"AMBO";"AMBO";"ESSALUD";"I-3";"00009957";"CENTRO MEDICO LEONCIO PRADO - AMBO";"NE_0001";"";"NE_0001";"NE_0001";"NE_0001";"NE_0001";"NE_0001";"NE_0001";"NE_0001"
"2023";"12";"090701";"HUANCAVELICA";"TAYACAJA";"PAMPAS";"SANIDAD DE LA POLICIA NACIONAL DEL PERU";"I-2";"00010153";"POSTA MEDICA POLICIAL PAMPAS";"NE_0001";"";"NE_0001";"NE_0001";"NE_0001";"NE_0001";"NE_0001";"NE_0001";"NE_0001"
"2023";"12";"190301";"PASCO";"OXAPAMPA";"OXAPAMPA";"ESSALUD";"II-1";"00009748";"HOSPITAL I OXAPAMPA";"241800";"HOSPITALIZACIÓN DE MEDICINA MEDICINA GENERAL ";"21";"24";"75";"94";"5";"155";"0"
"2023";"12";"190301";"PASCO";"OXAPAMPA";"OXAPAMPA";"ESSALUD";"II-1";"00009748";"HOSPITAL I OXAPAMPA";"240100";"HOSPITALIZACIÓN QUIRÚRGICA CIRUGÍA GENERAL ";"11";"12";"29";"39";"3";"93";"0"
"2023";"12";"190301";"PASCO";"OXAPAMPA";"OXAPAMPA";"ESSALUD";"II-1";"00009748";"HOSPITAL I OXAPAMPA";"241400";"HOSPITALIZACIÓN QUIRÚRGICA GINECO - OBSTETRICIA ";"21";"21";"62";"81";"3";"93";"0"
"2023";"12";"190301";"PASCO";"OXAPAMPA";"OXAPAMPA";"ESSALUD";"II-1";"00009748";"HOSPITAL I OXAPAMPA";"242300";"HOSPITALIZACIÓN DE PEDIATRÍA  PEDIATRÍA  GENERAL ";"10";"10";"16";"26";"1";"31";"0"
"2023";"12";"150117";"LIMA";"LIMA";"LOS OLIVOS";"PRIVADO";"II-E";"00017385";"CLINICA SAN BARTOLOME";"240000";"HOSPITALIZACIÓN";"21";"23";"12";"25";"7";"217";"0"
"2023";"12";"180301";"MOQUEGUA";"ILO";"ILO";"ESSALUD";"II-1";"00016153";"HOSPITAL II ILO";"241800";"HOSPITALIZACIÓN DE MEDICINA MEDICINA GENERAL ";"32";"30";"258";"238";"8";"248";"2"
"2023";"12";"180301";"MOQUEGUA";"ILO";"ILO";"ESSALUD";"II-1";"00016153";"HOSPITAL II ILO";"240100";"HOSPITALIZACIÓN QUIRÚRGICA CIRUGÍA GENERAL ";"36";"38";"134";"159";"6";"186";"0"
"2023";"12";"180301";"MOQUEGUA";"ILO";"ILO";"ESSALUD";"II-1";"00016153";"HOSPITAL II ILO";"241500";"HOSPITALIZACIÓN QUIRÚRGICA GINECOLOGÍA  ";"19";"21";"91";"85";"3";"93";"0"
"2023";"12";"180301";"MOQUEGUA";"ILO";"ILO";"ESSALUD";"II-1";"00016153";"HOSPITAL II ILO";"241600";"HOSPITALIZACIÓN QUIRÚRGICA OBSTETRICIA   ";"35";"33";"86";"89";"3";"93";"0"
"2023";"12";"180301";"MOQUEGUA";"ILO";"ILO";"ESSALUD";"II-1";"00016153";"HOSPITAL II ILO";"242300";"HOSPITALIZACIÓN DE PEDIATRÍA  PEDIATRÍA  GENERAL ";"22";"26";"108";"87";"3";"93";"0"
"2023";"12";"180301";"MOQUEGUA";"ILO";"ILO";"ESSALUD";"II-1";"00016153";"HOSPITAL II ILO";"250304";"HOSPIT. EN UNIDAD DE CUID.INTEN.-UNIDAD DE VIGILANCIA INTENSIVA (UVI)-MEDICINA";"5";"5";"11";"11";"1";"31";"0"
"2023";"12";"060101";"CAJAMARCA";"CAJAMARCA";"CAJAMARCA";"GOBIERNO REGIONAL";"I-1";"00004652";"LUCMACUCHO";"NE_0001";"";"NE_0001";"NE_0001";"NE_0001";"NE_0001";"NE_0001";"NE_0001";"NE_0001"
"2023";"12";"060109";"CAJAMARCA";"CAJAMARCA";"MAGDALENA";"GOBIERNO REGIONAL";"I-1";"00004631";"CUMBICO";"NE_0002";"";"NE_0002";"NE_0002";"NE_0002";"NE_0002";"NE_0002";"NE_0002";"NE_0002"
"2023";"11";"120401";"JUNIN";"JAUJA";"JAUJA";"GOBIERNO REGIONAL";"II-1";"00000365";"HOSPITAL DOMINGO OLAVEGOYA";"241800";"HOSPITALIZACIÓN DE MEDICINA MEDICINA GENERAL ";"38";"53";"440";"366";"17";"510";"5"
"2023";"11";"120401";"JUNIN";"JAUJA";"JAUJA";"GOBIERNO REGIONAL";"II-1";"00000365";"HOSPITAL DOMINGO OLAVEGOYA";"242300";"HOSPITALIZACIÓN DE PEDIATRÍA  PEDIATRÍA  GENERAL ";"39";"41";"146";"89";"21";"630";"0"
"2023";"11";"120401";"JUNIN";"JAUJA";"JAUJA";"GOBIERNO REGIONAL";"II-1";"00000365";"HOSPITAL DOMINGO OLAVEGOYA";"250200";"UNIDAD DE CUIDADOS CRITICOS UNIDAD DE CUIDADOS INTERMEDIOS GENERAL  (UCIN) ";"3";"4";"16";"62";"4";"120";"2"
"2023";"11";"150140";"LIMA";"LIMA";"SANTIAGO DE SURCO";"PRIVADO";"I-3";"00024299";"CLINICA INTERNACIONAL - SEDE SURCO";"NE_0001";"";"NE_0001";"NE_0001";"NE_0001";"NE_0001";"NE_0001";"NE_0001";"NE_0001"
"2023";"11";"040410";"AREQUIPA";"CASTILLA";"PAMPACOLCA";"GOBIERNO REGIONAL";"I-3";"00001385";"CENTRO DE SALUD PAMPACOLCA";"NE_0001";"";"NE_0001";"NE_0001";"NE_0001";"NE_0001";"NE_0001";"NE_0001";"NE_0001"
"2023";"11";"040410";"AREQUIPA";"CASTILLA";"PAMPACOLCA";"GOBIERNO REGIONAL";"I-2";"00001398";"PUESTO DE SALUD SAN ANTONIO";"NE_0001";"";"NE_0001";"NE_0001";"NE_0001";"NE_0001";"NE_0001";"NE_0001";"NE_0001"
"2023";"11";"040410";"AREQUIPA";"CASTILLA";"PAMPACOLCA";"GOBIERNO REGIONAL";"I-1";"00001399";"PUESTO DE SALUD PISCOPAMPA";"NE_0001";"";"NE_0001";"NE_0001";"NE_0001";"NE_0001";"NE_0001";"NE_0001";"NE_0001"
"2023";"12";"090204";"HUANCAVELICA";"ACOBAMBA";"CAJA";"GOBIERNO REGIONAL";"I-1";"00003927";"PUESTO DE SALUD POMACANCHA";"NE_0001";"";"NE_0001";"NE_0001";"NE_0001";"NE_0001";"NE_0001";"NE_0001";"NE_0001"
"2023";"12";"150108";"LIMA";"LIMA";"CHORRILLOS";"SANIDAD DE LA POLICIA NACIONAL DEL PERU";"I-3";"00018660";"POLICLINICO POLICIAL SEDE ESCUELA DE OFICIALES";"NE_0001";"";"NE_0001";"NE_0001";"NE_0001";"NE_0001";"NE_0001";"NE_0001";"NE_0001"
"2023";"12";"150121";"LIMA";"LIMA";"PUEBLO LIBRE";"PRIVADO";"II-E";"00012492";"CLINICA DE OJOS VISUAL OPHTHALMICS";"NE_0001";"";"NE_0001";"NE_0001";"NE_0001";"NE_0001";"NE_0001";"NE_0001";"NE_0001"
"2023";"12";"200501";"PIURA";"PAITA";"PAITA";"ESSALUD";"I-4";"00011763";"HOSPITAL I MIGUEL CRUZADO VERA - PAITA";"241800";"HOSPITALIZACIÓN DE MEDICINA MEDICINA GENERAL ";"34";"32";"130";"122";"5";"155";"0"
"2023";"12";"200501";"PIURA";"PAITA";"PAITA";"ESSALUD";"I-4";"00011763";"HOSPITAL I MIGUEL CRUZADO VERA - PAITA";"241500";"HOSPITALIZACIÓN QUIRÚRGICA GINECOLOGÍA  ";"5";"4";"7";"12";"1";"31";"0"
"2023";"12";"200501";"PIURA";"PAITA";"PAITA";"ESSALUD";"I-4";"00011763";"HOSPITAL I MIGUEL CRUZADO VERA - PAITA";"241400";"HOSPITALIZACIÓN QUIRÚRGICA GINECO - OBSTETRICIA ";"14";"15";"28";"25";"2";"64";"0"
"2023";"12";"200501";"PIURA";"PAITA";"PAITA";"ESSALUD";"I-4";"00011763";"HOSPITAL I MIGUEL CRUZADO VERA - PAITA";"242300";"HOSPITALIZACIÓN DE PEDIATRÍA  PEDIATRÍA  GENERAL ";"15";"16";"30";"28";"2";"64";"0"
"2023";"12";"200101";"PIURA";"PIURA";"PIURA";"PRIVADO";"II-E";"00027459";"CLINICA MEDICA SANTA EMILIA";"244300";"HOSPITALIZACIÓN DE MEDICINA GASTROENTEROLOGÍA  ";"6";"6";"15";"15";"7";"195";"0"
"2023";"12";"220601";"SAN MARTIN";"MARISCAL CACERES";"JUANJUI";"GOBIERNO REGIONAL";"I-1";"00006550";"QUINILLA";"NE_0001";"";"NE_0001";"NE_0001";"NE_0001";"NE_0001";"NE_0001";"NE_0001";"NE_0001"
"2023";"12";"220605";"SAN MARTIN";"MARISCAL CACERES";"PAJARILLO";"GOBIERNO REGIONAL";"I-1";"00006560";"ARMAYARI";"NE_0001";"";"NE_0001";"NE_0001";"NE_0001";"NE_0001";"NE_0001";"NE_0001";"NE_0001"
"2023";"12";"220601";"SAN MARTIN";"MARISCAL CACERES";"JUANJUI";"GOBIERNO REGIONAL";"I-1";"00006553";"HUAYABAMBA";"NE_0001";"";"NE_0001";"NE_0001";"NE_0001";"NE_0001";"NE_0001";"NE_0001";"NE_0001"
"2023";"12";"220604";"SAN MARTIN";"MARISCAL CACERES";"PACHIZA";"GOBIERNO REGIONAL";"I-1";"00006557";"BAGAZAN";"NE_0001";"";"NE_0001";"NE_0001";"NE_0001";"NE_0001";"NE_0001";"NE_0001";"NE_0001"
"2023";"12";"220601";"SAN MARTIN";"MARISCAL CACERES";"JUANJUI";"GOBIERNO REGIONAL";"I-1";"00006549";"LA VICTORIA";"NE_0001";"";"NE_0001";"NE_0001";"NE_0001";"NE_0001";"NE_0001";"NE_0001";"NE_0001"
"2023";"12";"220605";"SAN MARTIN";"MARISCAL CACERES";"PAJARILLO";"GOBIERNO REGIONAL";"I-1";"00006561";"PAJARILLO";"NE_0001";"";"NE_0001";"NE_0001";"NE_0001";"NE_0001";"NE_0001";"NE_0001";"NE_0001"
"2023";"12";"140101";"LAMBAYEQUE";"CHICLAYO";"CHICLAYO";"ESSALUD";"III-1";"00008577";"HOSPITAL NACIONAL ALMANZOR AGUINAGA ASENJO";"244000";"HOSPITALIZACIÓN DE MEDICINA CARDIOLOGIA ";"72";"81";"593";"633";"17";"686";"3"
"2023";"12";"140101";"LAMBAYEQUE";"CHICLAYO";"CHICLAYO";"ESSALUD";"III-1";"00008577";"HOSPITAL NACIONAL ALMANZOR AGUINAGA ASENJO";"240200";"HOSPITALIZACIÓN QUIRÚRGICA CIRUGÍA DE CABEZA Y CUELLO / MÁXILO FACIAL ";"14";"14";"74";"84";"5";"134";"0"
"2023";"12";"140101";"LAMBAYEQUE";"CHICLAYO";"CHICLAYO";"ESSALUD";"III-1";"00008577";"HOSPITAL NACIONAL ALMANZOR AGUINAGA ASENJO";"240400";"HOSPITALIZACIÓN QUIRÚRGICA CIRUGÍA DE TÓRAX Y CARDIOVASCULAR ";"21";"25";"207";"145";"10";"189";"0"
"2023";"12";"140101";"LAMBAYEQUE";"CHICLAYO";"CHICLAYO";"ESSALUD";"III-1";"00008577";"HOSPITAL NACIONAL ALMANZOR AGUINAGA ASENJO";"240100";"HOSPITALIZACIÓN QUIRÚRGICA CIRUGÍA GENERAL ";"65";"66";"1072";"920";"30";"973";"0"
"2023";"12";"140101";"LAMBAYEQUE";"CHICLAYO";"CHICLAYO";"ESSALUD";"III-1";"00008577";"HOSPITAL NACIONAL ALMANZOR AGUINAGA ASENJO";"240700";"HOSPITALIZACIÓN QUIRÚRGICA CIRUGÍA PEDIÁTRICA ";"39";"46";"247";"202";"8";"268";"0"
"2023";"12";"140101";"LAMBAYEQUE";"CHICLAYO";"CHICLAYO";"ESSALUD";"III-1";"00008577";"HOSPITAL NACIONAL ALMANZOR AGUINAGA ASENJO";"240801";"HOSPITALIZACIÓN QUIRÚRGICA CIRUGÍA PLÁSTICA/RECONSTRUCTIVA/ REPARADORA QUEMADOS";"11";"14";"137";"69";"4";"102";"0"
"2023";"12";"140101";"LAMBAYEQUE";"CHICLAYO";"CHICLAYO";"ESSALUD";"III-1";"00008577";"HOSPITAL NACIONAL ALMANZOR AGUINAGA ASENJO";"244200";"HOSPITALIZACIÓN DE MEDICINA ENDOCRINOLOGIA ";"1";"1";"7";"7";"3";"64";"0"
"2023";"12";"140101";"LAMBAYEQUE";"CHICLAYO";"CHICLAYO";"ESSALUD";"III-1";"00008577";"HOSPITAL NACIONAL ALMANZOR AGUINAGA ASENJO";"244300";"HOSPITALIZACIÓN DE MEDICINA GASTROENTEROLOGÍA  ";"45";"45";"366";"508";"17";"514";"0"
"2023";"12";"140101";"LAMBAYEQUE";"CHICLAYO";"CHICLAYO";"ESSALUD";"III-1";"00008577";"HOSPITAL NACIONAL ALMANZOR AGUINAGA ASENJO";"244400";"HOSPITALIZACIÓN DE MEDICINA GERIATRIA ";"53";"48";"861";"618";"20";"618";"13"
"2023";"12";"140101";"LAMBAYEQUE";"CHICLAYO";"CHICLAYO";"ESSALUD";"III-1";"00008577";"HOSPITAL NACIONAL ALMANZOR AGUINAGA ASENJO";"241500";"HOSPITALIZACIÓN QUIRÚRGICA GINECOLOGÍA  ";"125";"129";"671";"381";"12";"386";"0"
"2023";"12";"140101";"LAMBAYEQUE";"CHICLAYO";"CHICLAYO";"ESSALUD";"III-1";"00008577";"HOSPITAL NACIONAL ALMANZOR AGUINAGA ASENJO";"244500";"HOSPITALIZACIÓN DE MEDICINA HEMATOLOGÍA ";"13";"19";"499";"489";"19";"542";"0"
"2023";"12";"140101";"LAMBAYEQUE";"CHICLAYO";"CHICLAYO";"ESSALUD";"III-1";"00008577";"HOSPITAL NACIONAL ALMANZOR AGUINAGA ASENJO";"241900";"HOSPITALIZACIÓN DE MEDICINA MEDICINA INTERNA ";"70";"80";"1206";"914";"29";"923";"10"
"2023";"12";"140101";"LAMBAYEQUE";"CHICLAYO";"CHICLAYO";"ESSALUD";"III-1";"00008577";"HOSPITAL NACIONAL ALMANZOR AGUINAGA ASENJO";"244600";"HOSPITALIZACIÓN DE MEDICINA NEFROLOGIA ";"17";"20";"192";"176";"10";"255";"0"
"2023";"12";"140101";"LAMBAYEQUE";"CHICLAYO";"CHICLAYO";"ESSALUD";"III-1";"00008577";"HOSPITAL NACIONAL ALMANZOR AGUINAGA ASENJO";"243200";"HOSPITALIZACIÓN DE PEDIATRÍA PEDIATRIA NEONATOLOGÍA";"105";"55";"490";"365";"17";"526";"2"
"2023";"12";"140101";"LAMBAYEQUE";"CHICLAYO";"CHICLAYO";"ESSALUD";"III-1";"00008577";"HOSPITAL NACIONAL ALMANZOR AGUINAGA ASENJO";"245300";"HOSPITALIZACIÓN DE MEDICINA NEUMOLOGÍA  ";"10";"16";"267";"206";"14";"369";"1"
"2023";"12";"140101";"LAMBAYEQUE";"CHICLAYO";"CHICLAYO";"ESSALUD";"III-1";"00008577";"HOSPITAL NACIONAL ALMANZOR AGUINAGA ASENJO";"240900";"HOSPITALIZACIÓN QUIRÚRGICA NEUROCIRUGÍA ";"25";"33";"758";"369";"17";"411";"0"
"2023";"12";"140101";"LAMBAYEQUE";"CHICLAYO";"CHICLAYO";"ESSALUD";"III-1";"00008577";"HOSPITAL NACIONAL ALMANZOR AGUINAGA ASENJO";"244700";"HOSPITALIZACIÓN DE MEDICINA NEUROLOGIA  ";"37";"41";"477";"440";"14";"462";"0"
"2023";"12";"140101";"LAMBAYEQUE";"CHICLAYO";"CHICLAYO";"ESSALUD";"III-1";"00008577";"HOSPITAL NACIONAL ALMANZOR AGUINAGA ASENJO";"241600";"HOSPITALIZACIÓN QUIRÚRGICA OBSTETRICIA   ";"123";"139";"406";"408";"24";"739";"0"
"2023";"12";"140101";"LAMBAYEQUE";"CHICLAYO";"CHICLAYO";"ESSALUD";"III-1";"00008577";"HOSPITAL NACIONAL ALMANZOR AGUINAGA ASENJO";"240600";"HOSPITALIZACIÓN QUIRÚRGICA CIRUGÍA OFTALMOLÓGICA ";"1";"2";"23";"21";"2";"62";"0"
"2023";"12";"140101";"LAMBAYEQUE";"CHICLAYO";"CHICLAYO";"ESSALUD";"III-1";"00008577";"HOSPITAL NACIONAL ALMANZOR AGUINAGA ASENJO";"242100";"HOSPITALIZACIÓN DE MEDICINA ONCOLOGÍA MÉDICA ";"89";"99";"442";"485";"15";"519";"0"
"2023";"12";"140101";"LAMBAYEQUE";"CHICLAYO";"CHICLAYO";"ESSALUD";"III-1";"00008577";"HOSPITAL NACIONAL ALMANZOR AGUINAGA ASENJO";"241200";"HOSPITALIZACIÓN QUIRÚRGICA TRAUMATOLOGÍA Y ORTOPEDIA ";"107";"106";"872";"870";"30";"920";"1"
"2023";"12";"140101";"LAMBAYEQUE";"CHICLAYO";"CHICLAYO";"ESSALUD";"III-1";"00008577";"HOSPITAL NACIONAL ALMANZOR AGUINAGA ASENJO";"241100";"HOSPITALIZACIÓN QUIRÚRGICA OTORRINOLARINGOLOGÍA  ";"31";"34";"83";"79";"5";"107";"0"
"2023";"12";"140101";"LAMBAYEQUE";"CHICLAYO";"CHICLAYO";"ESSALUD";"III-1";"00008577";"HOSPITAL NACIONAL ALMANZOR AGUINAGA ASENJO";"242300";"HOSPITALIZACIÓN DE PEDIATRÍA  PEDIATRÍA  GENERAL ";"60";"60";"588";"481";"20";"614";"2"
"2023";"12";"140101";"LAMBAYEQUE";"CHICLAYO";"CHICLAYO";"ESSALUD";"III-1";"00008577";"HOSPITAL NACIONAL ALMANZOR AGUINAGA ASENJO";"242200";"HOSPITALIZACIÓN DE MEDICINA PSIQUIATRÍA ";"18";"21";"232";"255";"16";"496";"0"
"2023";"12";"140101";"LAMBAYEQUE";"CHICLAYO";"CHICLAYO";"ESSALUD";"III-1";"00008577";"HOSPITAL NACIONAL ALMANZOR AGUINAGA ASENJO";"241300";"HOSPITALIZACIÓN QUIRÚRGICA UROLOGÍA  ";"41";"45";"312";"259";"16";"427";"0"
"2023";"12";"140101";"LAMBAYEQUE";"CHICLAYO";"CHICLAYO";"ESSALUD";"III-1";"00008577";"HOSPITAL NACIONAL ALMANZOR AGUINAGA ASENJO";"250100";"UNIDAD DE CUIDADOS CRITICOS UNIDAD  DE CUIDADOS INTENSIVOS GENERALES (UCI) ";"26";"18";"124";"501";"17";"527";"17"
"2023";"12";"140101";"LAMBAYEQUE";"CHICLAYO";"CHICLAYO";"ESSALUD";"III-1";"00008577";"HOSPITAL NACIONAL ALMANZOR AGUINAGA ASENJO";"250200";"UNIDAD DE CUIDADOS CRITICOS UNIDAD DE CUIDADOS INTERMEDIOS GENERAL  (UCIN) ";"8";"12";"300";"376";"13";"403";"10"
"2023";"08";"150130";"LIMA";"LIMA";"SAN BORJA";"PRIVADO";"II-E";"00032441";"CLINICA SAN BORJA SALUD";"NE_0001";"";"NE_0001";"NE_0001";"NE_0001";"NE_0001";"NE_0001";"NE_0001";"NE_0001"
"2023";"12";"080907";"CUSCO";"LA CONVENCION";"KIMBIRI";"GOBIERNO REGIONAL";"II-E";"00002469";"SAN JUAN DE KIMBIRI-VRAEM";"240100";"HOSPITALIZACIÓN QUIRÚRGICA CIRUGÍA GENERAL ";"13";"15";"63";"88";"13";"396";"0"
"2023";"12";"080907";"CUSCO";"LA CONVENCION";"KIMBIRI";"GOBIERNO REGIONAL";"II-E";"00002469";"SAN JUAN DE KIMBIRI-VRAEM";"241400";"HOSPITALIZACIÓN QUIRÚRGICA GINECO - OBSTETRICIA ";"108";"113";"265";"226";"10";"317";"0"
"2023";"12";"080907";"CUSCO";"LA CONVENCION";"KIMBIRI";"GOBIERNO REGIONAL";"II-E";"00002469";"SAN JUAN DE KIMBIRI-VRAEM";"241800";"HOSPITALIZACIÓN DE MEDICINA MEDICINA GENERAL ";"27";"29";"141";"106";"5";"162";"0"
"2023";"12";"080907";"CUSCO";"LA CONVENCION";"KIMBIRI";"GOBIERNO REGIONAL";"II-E";"00002469";"SAN JUAN DE KIMBIRI-VRAEM";"242500";"HOSPITALIZACIÓN-PEDIATRÍA GENERAL-";"36";"43";"198";"105";"15";"465";"0"
"2023";"12";"150121";"LIMA";"LIMA";"PUEBLO LIBRE";"PRIVADO";"II-2";"00008325";"CLINICA CENTENARIO PERUANO JAPONESA";"242300";"HOSPITALIZACIÓN DE PEDIATRÍA  PEDIATRÍA  GENERAL ";"86";"94";"270";"339";"21";"651";"0"
"2023";"12";"150121";"LIMA";"LIMA";"PUEBLO LIBRE";"PRIVADO";"II-2";"00008325";"CLINICA CENTENARIO PERUANO JAPONESA";"241900";"HOSPITALIZACIÓN DE MEDICINA MEDICINA INTERNA ";"86";"94";"303";"303";"21";"651";"0"
"2023";"12";"150121";"LIMA";"LIMA";"PUEBLO LIBRE";"PRIVADO";"II-2";"00008325";"CLINICA CENTENARIO PERUANO JAPONESA";"241900";"HOSPITALIZACIÓN DE MEDICINA MEDICINA INTERNA ";"68";"71";"584";"411";"21";"651";"2"
"2023";"12";"150121";"LIMA";"LIMA";"PUEBLO LIBRE";"PRIVADO";"II-2";"00008325";"CLINICA CENTENARIO PERUANO JAPONESA";"241600";"HOSPITALIZACIÓN QUIRÚRGICA OBSTETRICIA   ";"47";"55";"147";"140";"11";"341";"0"
"2023";"12";"150121";"LIMA";"LIMA";"PUEBLO LIBRE";"PRIVADO";"II-2";"00008325";"CLINICA CENTENARIO PERUANO JAPONESA";"241900";"HOSPITALIZACIÓN DE MEDICINA MEDICINA INTERNA ";"52";"56";"534";"399";"21";"651";"2"
"2023";"12";"150121";"LIMA";"LIMA";"PUEBLO LIBRE";"PRIVADO";"II-2";"00008325";"CLINICA CENTENARIO PERUANO JAPONESA";"240100";"HOSPITALIZACIÓN QUIRÚRGICA CIRUGÍA GENERAL ";"116";"119";"297";"273";"14";"434";"2"
"2023";"12";"150121";"LIMA";"LIMA";"PUEBLO LIBRE";"PRIVADO";"II-2";"00008325";"CLINICA CENTENARIO PERUANO JAPONESA";"250100";"UNIDAD DE CUIDADOS CRITICOS UNIDAD  DE CUIDADOS INTENSIVOS GENERALES (UCI) ";"30";"26";"141";"129";"8";"248";"3"
"2023";"12";"150121";"LIMA";"LIMA";"PUEBLO LIBRE";"PRIVADO";"II-2";"00008325";"CLINICA CENTENARIO PERUANO JAPONESA";"250200";"UNIDAD DE CUIDADOS CRITICOS UNIDAD DE CUIDADOS INTERMEDIOS GENERAL  (UCIN) ";"36";"37";"114";"128";"6";"186";"0"
"2023";"12";"150121";"LIMA";"LIMA";"PUEBLO LIBRE";"PRIVADO";"II-2";"00008325";"CLINICA CENTENARIO PERUANO JAPONESA";"250105";"UNIDAD DE CUIDADOS CRITICOS UNIDAD  DE CUIDADOS INTENSIVOS  (UCI) NEONATOLOGÍA";"3";"2";"3";"3";"4";"124";"1"
"2023";"12";"150121";"LIMA";"LIMA";"PUEBLO LIBRE";"PRIVADO";"II-2";"00008325";"CLINICA CENTENARIO PERUANO JAPONESA";"250305";"HOSPIT. EN UNIDAD DE CUID.INTEN.-UNIDAD DE VIGILANCIA INTENSIVA (UVI)-NEONATOLOGÍA";"4";"5";"14";"11";"4";"124";"0"
"2023";"12";"040108";"AREQUIPA";"AREQUIPA";"LA JOYA";"GOBIERNO REGIONAL";"I-3";"00001323";"CENTRO DE SALUD SAN ISIDRO";"NE_0001";"";"NE_0001";"NE_0001";"NE_0001";"NE_0001";"NE_0001";"NE_0001";"NE_0001"
"2023";"12";"040108";"AREQUIPA";"AREQUIPA";"LA JOYA";"GOBIERNO REGIONAL";"I-2";"00001331";"PUESTO DE SALUD LA CANO";"NE_0001";"";"NE_0001";"NE_0001";"NE_0001";"NE_0001";"NE_0001";"NE_0001";"NE_0001"
"2023";"12";"040108";"AREQUIPA";"AREQUIPA";"LA JOYA";"GOBIERNO REGIONAL";"I-2";"00001332";"PUESTO DE SALUD SAN CAMILO 6";"NE_0001";"";"NE_0001";"NE_0001";"NE_0001";"NE_0001";"NE_0001";"NE_0001";"NE_0001"
"2023";"12";"040108";"AREQUIPA";"AREQUIPA";"LA JOYA";"GOBIERNO REGIONAL";"I-2";"00001333";"PUESTO DE SALUD SAN JOSE";"NE_0001";"";"NE_0001";"NE_0001";"NE_0001";"NE_0001";"NE_0001";"NE_0001";"NE_0001"
"2023";"12";"040702";"AREQUIPA";"ISLAY";"COCACHACRA";"GOBIERNO REGIONAL";"I-2";"00001343";"PUESTO DE SALUD SAN CAMILO 7";"NE_0001";"";"NE_0001";"NE_0001";"NE_0001";"NE_0001";"NE_0001";"NE_0001";"NE_0001"
"2023";"12";"110101";"ICA";"ICA";"ICA";"GOBIERNO REGIONAL";"II-1";"00003359";"SANTA MARIA DEL SOCORRO";"240100";"HOSPITALIZACIÓN QUIRÚRGICA CIRUGÍA GENERAL ";"66";"78";"476";"502";"23";"713";"1"
"2023";"12";"110101";"ICA";"ICA";"ICA";"GOBIERNO REGIONAL";"II-1";"00003359";"SANTA MARIA DEL SOCORRO";"241400";"HOSPITALIZACIÓN QUIRÚRGICA GINECO - OBSTETRICIA ";"174";"182";"530";"809";"31";"961";"0"
"2023";"12";"110101";"ICA";"ICA";"ICA";"GOBIERNO REGIONAL";"II-1";"00003359";"SANTA MARIA DEL SOCORRO";"241500";"HOSPITALIZACIÓN QUIRÚRGICA GINECOLOGÍA  ";"41";"45";"153";"194";"12";"372";"0"
"2023";"12";"110101";"ICA";"ICA";"ICA";"GOBIERNO REGIONAL";"II-1";"00003359";"SANTA MARIA DEL SOCORRO";"241900";"HOSPITALIZACIÓN DE MEDICINA MEDICINA INTERNA ";"32";"39";"241";"82";"14";"434";"2"
"2023";"12";"110101";"ICA";"ICA";"ICA";"GOBIERNO REGIONAL";"II-1";"00003359";"SANTA MARIA DEL SOCORRO";"242500";"HOSPITALIZACIÓN-PEDIATRÍA GENERAL-";"34";"37";"129";"177";"18";"558";"0"
"2023";"12";"110101";"ICA";"ICA";"ICA";"GOBIERNO REGIONAL";"II-1";"00003359";"SANTA MARIA DEL SOCORRO";"243200";"HOSPITALIZACIÓN DE PEDIATRÍA PEDIATRIA NEONATOLOGÍA";"26";"28";"108";"187";"7";"217";"0"
"2023";"12";"110101";"ICA";"ICA";"ICA";"GOBIERNO REGIONAL";"II-1";"00003359";"SANTA MARIA DEL SOCORRO";"250103";"UNIDAD DE CUIDADOS CRITICOS UNIDAD  DE CUIDADOS INTENSIVOS GENERALES  (UCI) MEDICINA";"0";"1";"16";"41";"3";"93";"0"
"2023";"12";"220405";"SAN MARTIN";"HUALLAGA";"SACANCHE";"GOBIERNO REGIONAL";"I-3";"00006543";"SACANCHE";"NE_0002";"";"NE_0002";"NE_0002";"NE_0002";"NE_0002";"NE_0002";"NE_0002";"NE_0002"
"2023";"12";"220404";"SAN MARTIN";"HUALLAGA";"PISCOYACU";"GOBIERNO REGIONAL";"I-2";"00006545";"NUEVO SACANCHE";"NE_0002";"";"NE_0002";"NE_0002";"NE_0002";"NE_0002";"NE_0002";"NE_0002";"NE_0002"
"2023";"12";"220405";"SAN MARTIN";"HUALLAGA";"SACANCHE";"GOBIERNO REGIONAL";"I-1";"00027002";"LA UNION";"NE_0002";"";"NE_0002";"NE_0002";"NE_0002";"NE_0002";"NE_0002";"NE_0002";"NE_0002"
"2023";"12";"220403";"SAN MARTIN";"HUALLAGA";"EL ESLABON";"GOBIERNO REGIONAL";"I-3";"00006542";"EL ESLABON";"NE_0002";"";"NE_0002";"NE_0002";"NE_0002";"NE_0002";"NE_0002";"NE_0002";"NE_0002"
"2023";"12";"220403";"SAN MARTIN";"HUALLAGA";"EL ESLABON";"GOBIERNO REGIONAL";"I-1";"00006544";"COLLPA";"NE_0002";"";"NE_0002";"NE_0002";"NE_0002";"NE_0002";"NE_0002";"NE_0002";"NE_0002"
"2023";"12";"081204";"CUSCO";"QUISPICANCHI";"CCARHUAYO";"GOBIERNO REGIONAL";"I-2";"00002527";"CCARHUAYO";"NE_0002";"";"NE_0002";"NE_0002";"NE_0002";"NE_0002";"NE_0002";"NE_0002";"NE_0002"
"2023";"12";"081209";"CUSCO";"QUISPICANCHI";"MARCAPATA";"GOBIERNO REGIONAL";"I-1";"00007110";"INCACANCHA";"NE_0002";"";"NE_0002";"NE_0002";"NE_0002";"NE_0002";"NE_0002";"NE_0002";"NE_0002"
"2023";"12";"081205";"CUSCO";"QUISPICANCHI";"CCATCA";"GOBIERNO REGIONAL";"I-1";"00012931";"CHICHINA";"NE_0002";"";"NE_0002";"NE_0002";"NE_0002";"NE_0002";"NE_0002";"NE_0002";"NE_0002"
"2023";"12";"081205";"CUSCO";"QUISPICANCHI";"CCATCA";"GOBIERNO REGIONAL";"I-1";"00016335";"CCAPANA";"NE_0002";"";"NE_0002";"NE_0002";"NE_0002";"NE_0002";"NE_0002";"NE_0002";"NE_0002"
"2023";"12";"081205";"CUSCO";"QUISPICANCHI";"CCATCA";"GOBIERNO REGIONAL";"I-2";"00002524";"PAMPACAMARA";"NE_0002";"";"NE_0002";"NE_0002";"NE_0002";"NE_0002";"NE_0002";"NE_0002";"NE_0002"
"2023";"12";"081209";"CUSCO";"QUISPICANCHI";"MARCAPATA";"GOBIERNO REGIONAL";"I-2";"00002535";"MARCAPATA";"NE_0002";"";"NE_0002";"NE_0002";"NE_0002";"NE_0002";"NE_0002";"NE_0002";"NE_0002"
"2023";"12";"021809";"ANCASH";"SANTA";"NUEVO CHIMBOTE";"PRIVADO";"II-E";"00010475";"CENTRO MEDICO ESPECIALIZADO CLINICA DE LA MUJER Y EL NIÑO EIRL";"241400";"HOSPITALIZACIÓN QUIRÚRGICA GINECO - OBSTETRICIA ";"8";"8";"14";"21";"4";"124";"0"
"2023";"12";"021809";"ANCASH";"SANTA";"NUEVO CHIMBOTE";"PRIVADO";"II-E";"00010475";"CENTRO MEDICO ESPECIALIZADO CLINICA DE LA MUJER Y EL NIÑO EIRL";"240100";"HOSPITALIZACIÓN QUIRÚRGICA CIRUGÍA GENERAL ";"1";"1";"1";"1";"1";"31";"0"
"2023";"12";"150140";"LIMA";"LIMA";"SANTIAGO DE SURCO";"PRIVADO";"II-E";"00017823";"OFTALMOLOGICA SANTO TORIBIO";"NE_0001";"";"NE_0001";"NE_0001";"NE_0001";"NE_0001";"NE_0001";"NE_0001";"NE_0001"
"2023";"12";"110101";"ICA";"ICA";"ICA";"PRIVADO";"II-E";"00009627";"SAN MARTIN";"240000";"HOSPITALIZACIÓN";"3";"2";"7";"18";"6";"180";"0"
"2023";"12";"110101";"ICA";"ICA";"ICA";"GOBIERNO REGIONAL";"I-2";"00003375";"SENOR DE LUREN";"NE_0001";"";"NE_0001";"NE_0001";"NE_0001";"NE_0001";"NE_0001";"NE_0001";"NE_0001"
"2023";"12";"110101";"ICA";"ICA";"ICA";"GOBIERNO REGIONAL";"I-3";"00003360";"SAN JOAQUIN";"NE_0001";"";"NE_0001";"NE_0001";"NE_0001";"NE_0001";"NE_0001";"NE_0001";"NE_0001"
"2023";"12";"110101";"ICA";"ICA";"ICA";"GOBIERNO REGIONAL";"I-2";"00003376";"CACHICHE";"NE_0001";"";"NE_0001";"NE_0001";"NE_0001";"NE_0001";"NE_0001";"NE_0001";"NE_0001"
"2023";"12";"060401";"CAJAMARCA";"CHOTA";"CHOTA";"SANIDAD DE LA POLICIA NACIONAL DEL PERU";"I-2";"00010929";"POSTA MEDICA POLICIAL CHOTA";"NE_0001";"";"NE_0001";"NE_0001";"NE_0001";"NE_0001";"NE_0001";"NE_0001";"NE_0001"
"2023";"12";"130501";"LA LIBERTAD";"JULCAN";"JULCAN";"GOBIERNO REGIONAL";"I-3";"00006775";"AYANGAY";"NE_0002";"";"NE_0002";"NE_0002";"NE_0002";"NE_0002";"NE_0002";"NE_0002";"NE_0002"
"2023";"12";"130501";"LA LIBERTAD";"JULCAN";"JULCAN";"GOBIERNO REGIONAL";"I-2";"00016423";"SAN ANTONIO";"NE_0002";"";"NE_0002";"NE_0002";"NE_0002";"NE_0002";"NE_0002";"NE_0002";"NE_0002"
"2023";"12";"130501";"LA LIBERTAD";"JULCAN";"JULCAN";"GOBIERNO REGIONAL";"I-2";"00006963";"CHUGURPAMPA";"NE_0002";"";"NE_0002";"NE_0002";"NE_0002";"NE_0002";"NE_0002";"NE_0002";"NE_0002"
"2023";"12";"130501";"LA LIBERTAD";"JULCAN";"JULCAN";"GOBIERNO REGIONAL";"I-2";"00007249";"SAN AGUSTIN";"NE_0002";"";"NE_0002";"NE_0002";"NE_0002";"NE_0002";"NE_0002";"NE_0002";"NE_0002"
"2023";"12";"130501";"LA LIBERTAD";"JULCAN";"JULCAN";"GOBIERNO REGIONAL";"I-2";"00005307";"SANTA TERESA";"NE_0002";"";"NE_0002";"NE_0002";"NE_0002";"NE_0002";"NE_0002";"NE_0002";"NE_0002"
"2023";"12";"130501";"LA LIBERTAD";"JULCAN";"JULCAN";"GOBIERNO REGIONAL";"I-2";"00006774";"PARUQUE BAJO";"NE_0002";"";"NE_0002";"NE_0002";"NE_0002";"NE_0002";"NE_0002";"NE_0002";"NE_0002"
"2023";"12";"230303";"TACNA";"JORGE BASADRE";"ITE";"ESSALUD";"I-2";"00027545";"CENTRO DE ATENCION PRIMARIA I ITE";"NE_0001";"";"NE_0001";"NE_0001";"NE_0001";"NE_0001";"NE_0001";"NE_0001";"NE_0001"
"2023";"12";"210102";"PUNO";"PUNO";"ACORA";"ESSALUD";"I-3";"00009220";"CENTRO DE ATENCIÓN PRIMARIA II ACORA - RED ASISTENCIAL PUNO";"NE_0001";"";"NE_0001";"NE_0001";"NE_0001";"NE_0001";"NE_0001";"NE_0001";"NE_0001"
"2023";"12";"190307";"PASCO";"OXAPAMPA";"VILLA RICA";"GOBIERNO REGIONAL";"I-1";"00001177";"BOCAZ";"NE_0002";"";"NE_0002";"NE_0002";"NE_0002";"NE_0002";"NE_0002";"NE_0002";"NE_0002"
"2023";"12";"190307";"PASCO";"OXAPAMPA";"VILLA RICA";"GOBIERNO REGIONAL";"I-1";"00001187";"ALTO ENTAZ";"NE_0002";"";"NE_0002";"NE_0002";"NE_0002";"NE_0002";"NE_0002";"NE_0002";"NE_0002"
"2023";"12";"190307";"PASCO";"OXAPAMPA";"VILLA RICA";"GOBIERNO REGIONAL";"I-1";"00001188";"PAMPA ENCANTADA";"NE_0002";"";"NE_0002";"NE_0002";"NE_0002";"NE_0002";"NE_0002";"NE_0002";"NE_0002"
"2023";"12";"190307";"PASCO";"OXAPAMPA";"VILLA RICA";"GOBIERNO REGIONAL";"I-1";"00001190";"BELLA ESPERANZA";"NE_0002";"";"NE_0002";"NE_0002";"NE_0002";"NE_0002";"NE_0002";"NE_0002";"NE_0002"
"2023";"12";"190307";"PASCO";"OXAPAMPA";"VILLA RICA";"GOBIERNO REGIONAL";"I-2";"00001176";"PUENTE PAUCARTAMBO";"NE_0002";"";"NE_0002";"NE_0002";"NE_0002";"NE_0002";"NE_0002";"NE_0002";"NE_0002"
"2023";"12";"190307";"PASCO";"OXAPAMPA";"VILLA RICA";"GOBIERNO REGIONAL";"I-1";"00001182";"MAYME";"NE_0002";"";"NE_0002";"NE_0002";"NE_0002";"NE_0002";"NE_0002";"NE_0002";"NE_0002"
"2023";"12";"190307";"PASCO";"OXAPAMPA";"VILLA RICA";"GOBIERNO REGIONAL";"I-1";"00001189";"UBIRIKI";"NE_0002";"";"NE_0002";"NE_0002";"NE_0002";"NE_0002";"NE_0002";"NE_0002";"NE_0002"
"2023";"12";"190307";"PASCO";"OXAPAMPA";"VILLA RICA";"GOBIERNO REGIONAL";"I-2";"00001183";"ÑAGAZU";"NE_0002";"";"NE_0002";"NE_0002";"NE_0002";"NE_0002";"NE_0002";"NE_0002";"NE_0002"
"2023";"12";"190307";"PASCO";"OXAPAMPA";"VILLA RICA";"GOBIERNO REGIONAL";"I-1";"00001184";"VILLA OYON";"NE_0002";"";"NE_0002";"NE_0002";"NE_0002";"NE_0002";"NE_0002";"NE_0002";"NE_0002"
"2023";"12";"190307";"PASCO";"OXAPAMPA";"VILLA RICA";"GOBIERNO REGIONAL";"I-3";"00001181";"SAN JUAN DE CACAZU";"NE_0002";"";"NE_0002";"NE_0002";"NE_0002";"NE_0002";"NE_0002";"NE_0002";"NE_0002"
"2023";"12";"190307";"PASCO";"OXAPAMPA";"VILLA RICA";"GOBIERNO REGIONAL";"I-2";"00001186";"CEDROPAMPA";"NE_0002";"";"NE_0002";"NE_0002";"NE_0002";"NE_0002";"NE_0002";"NE_0002";"NE_0002"
"2023";"12";"120608";"JUNIN";"SATIPO";"RIO TAMBO";"GOBIERNO REGIONAL";"I-2";"00000516";"PUERTO ROCA";"NE_0001";"";"NE_0001";"NE_0001";"NE_0001";"NE_0001";"NE_0001";"NE_0001";"NE_0001"
"2023";"12";"120608";"JUNIN";"SATIPO";"RIO TAMBO";"GOBIERNO REGIONAL";"I-1";"00000518";"SAN CARLOS ALTO ENE";"NE_0001";"";"NE_0001";"NE_0001";"NE_0001";"NE_0001";"NE_0001";"NE_0001";"NE_0001"
"2023";"12";"120609";"JUNIN";"SATIPO";"VIZCATAN DEL ENE";"GOBIERNO REGIONAL";"I-1";"00000510";"FLORIDA";"NE_0001";"";"NE_0001";"NE_0001";"NE_0001";"NE_0001";"NE_0001";"NE_0001";"NE_0001"
"2023";"12";"120608";"JUNIN";"SATIPO";"RIO TAMBO";"GOBIERNO REGIONAL";"I-1";"00000514";"FE Y ALEGRIA LA PRIMAVERA";"NE_0001";"";"NE_0001";"NE_0001";"NE_0001";"NE_0001";"NE_0001";"NE_0001";"NE_0001"
"2023";"12";"120608";"JUNIN";"SATIPO";"RIO TAMBO";"GOBIERNO REGIONAL";"I-3";"00000517";"VALLE ESMERALDA";"NE_0001";"";"NE_0001";"NE_0001";"NE_0001";"NE_0001";"NE_0001";"NE_0001";"NE_0001"
"2023";"12";"120606";"JUNIN";"SATIPO";"PANGOA";"GOBIERNO REGIONAL";"I-1";"00000468";"MICAELA BASTIDAS MORALES";"NE_0001";"";"NE_0001";"NE_0001";"NE_0001";"NE_0001";"NE_0001";"NE_0001";"NE_0001"
"2023";"12";"080801";"CUSCO";"ESPINAR";"ESPINAR";"GOBIERNO REGIONAL";"II-1";"00007135";"ESPINAR";"240100";"HOSPITALIZACIÓN QUIRÚRGICA CIRUGÍA GENERAL ";"43";"45";"162";"155";"8";"248";"0"
"2023";"12";"080801";"CUSCO";"ESPINAR";"ESPINAR";"GOBIERNO REGIONAL";"II-1";"00007135";"ESPINAR";"241600";"HOSPITALIZACIÓN QUIRÚRGICA OBSTETRICIA   ";"35";"35";"96";"94";"13";"403";"0"
"2023";"12";"080801";"CUSCO";"ESPINAR";"ESPINAR";"GOBIERNO REGIONAL";"II-1";"00007135";"ESPINAR";"241800";"HOSPITALIZACIÓN DE MEDICINA MEDICINA GENERAL ";"14";"12";"57";"56";"8";"248";"1"
"2023";"12";"080801";"CUSCO";"ESPINAR";"ESPINAR";"GOBIERNO REGIONAL";"II-1";"00007135";"ESPINAR";"242500";"HOSPITALIZACIÓN-PEDIATRÍA GENERAL-";"3";"2";"6";"6";"5";"155";"0"
"2023";"12";"080801";"CUSCO";"ESPINAR";"ESPINAR";"GOBIERNO REGIONAL";"II-1";"00007135";"ESPINAR";"241500";"HOSPITALIZACIÓN QUIRÚRGICA GINECOLOGÍA  ";"22";"24";"66";"64";"7";"217";"0"
"2023";"12";"060801";"CAJAMARCA";"JAEN";"JAEN";"GOBIERNO REGIONAL";"I-1";"00004215";"CHAMAYA";"NE_0001";"";"NE_0001";"NE_0001";"NE_0001";"NE_0001";"NE_0001";"NE_0001";"NE_0001"
"2023";"12";"060801";"CAJAMARCA";"JAEN";"JAEN";"GOBIERNO REGIONAL";"I-2";"00007168";"MONTEGRANDE";"NE_0001";"";"NE_0001";"NE_0001";"NE_0001";"NE_0001";"NE_0001";"NE_0001";"NE_0001"
"2023";"12";"060801";"CAJAMARCA";"JAEN";"JAEN";"GOBIERNO REGIONAL";"I-1";"00004220";"PALMA CENTRAL";"NE_0001";"";"NE_0001";"NE_0001";"NE_0001";"NE_0001";"NE_0001";"NE_0001";"NE_0001"
"2023";"12";"060801";"CAJAMARCA";"JAEN";"JAEN";"GOBIERNO REGIONAL";"I-4";"00004211";"MORRO SOLAR";"241800";"HOSPITALIZACIÓN DE MEDICINA MEDICINA GENERAL ";"56";"52";"74";"56";"8";"184";"0"
"2023";"12";"060801";"CAJAMARCA";"JAEN";"JAEN";"GOBIERNO REGIONAL";"0";"00031497";"HOGAR PROTEGIDO SEÑOR DE HUAMANTANGA";"NE_0001";"";"NE_0001";"NE_0001";"NE_0001";"NE_0001";"NE_0001";"NE_0001";"NE_0001"
"2023";"12";"060801";"CAJAMARCA";"JAEN";"JAEN";"GOBIERNO REGIONAL";"I-2";"00025858";"NUEVO HORIZONTE";"NE_0001";"";"NE_0001";"NE_0001";"NE_0001";"NE_0001";"NE_0001";"NE_0001";"NE_0001"
"2023";"11";"250102";"UCAYALI";"CORONEL PORTILLO";"CAMPOVERDE";"GOBIERNO REGIONAL";"I-1";"00025879";"PUESTO DE SALUD AMAKELLA";"NE_0001";"";"NE_0001";"NE_0001";"NE_0001";"NE_0001";"NE_0001";"NE_0001";"NE_0001"
"2023";"11";"250102";"UCAYALI";"CORONEL PORTILLO";"CAMPOVERDE";"GOBIERNO REGIONAL";"I-1";"00021550";"ALTO 9 DE FEBRERO";"NE_0001";"";"NE_0001";"NE_0001";"NE_0001";"NE_0001";"NE_0001";"NE_0001";"NE_0001"
"2023";"11";"250102";"UCAYALI";"CORONEL PORTILLO";"CAMPOVERDE";"GOBIERNO REGIONAL";"I-1";"00012260";"TIERRA BUENA";"NE_0001";"";"NE_0001";"NE_0001";"NE_0001";"NE_0001";"NE_0001";"NE_0001";"NE_0001"
"2023";"11";"250102";"UCAYALI";"CORONEL PORTILLO";"CAMPOVERDE";"GOBIERNO REGIONAL";"I-1";"00011909";"NUEVA TUNUYA";"NE_0001";"";"NE_0001";"NE_0001";"NE_0001";"NE_0001";"NE_0001";"NE_0001";"NE_0001"
"2023";"11";"250102";"UCAYALI";"CORONEL PORTILLO";"CAMPOVERDE";"GOBIERNO REGIONAL";"I-1";"00011626";"NUEVA ESPERANZA";"NE_0001";"";"NE_0001";"NE_0001";"NE_0001";"NE_0001";"NE_0001";"NE_0001";"NE_0001"
"2023";"11";"250102";"UCAYALI";"CORONEL PORTILLO";"CAMPOVERDE";"GOBIERNO REGIONAL";"I-2";"00007081";"LA MERCED DE NESHUYA";"NE_0001";"";"NE_0001";"NE_0001";"NE_0001";"NE_0001";"NE_0001";"NE_0001";"NE_0001"
"2023";"11";"250102";"UCAYALI";"CORONEL PORTILLO";"CAMPOVERDE";"GOBIERNO REGIONAL";"I-1";"00007080";"YERBAS BUENAS";"NE_0001";"";"NE_0001";"NE_0001";"NE_0001";"NE_0001";"NE_0001";"NE_0001";"NE_0001"
"2023";"11";"250102";"UCAYALI";"CORONEL PORTILLO";"CAMPOVERDE";"GOBIERNO REGIONAL";"I-1";"00005441";"SEÑOR DE LOS MILAGROS KM 24";"NE_0001";"";"NE_0001";"NE_0001";"NE_0001";"NE_0001";"NE_0001";"NE_0001";"NE_0001"
"2023";"11";"250102";"UCAYALI";"CORONEL PORTILLO";"CAMPOVERDE";"GOBIERNO REGIONAL";"I-1";"00005440";"LOS PINOS";"NE_0001";"";"NE_0001";"NE_0001";"NE_0001";"NE_0001";"NE_0001";"NE_0001";"NE_0001"
"2023";"11";"250102";"UCAYALI";"CORONEL PORTILLO";"CAMPOVERDE";"GOBIERNO REGIONAL";"I-1";"00005439";"SAN PEDRO KM 47";"NE_0001";"";"NE_0001";"NE_0001";"NE_0001";"NE_0001";"NE_0001";"NE_0001";"NE_0001"
"2023";"11";"250102";"UCAYALI";"CORONEL PORTILLO";"CAMPOVERDE";"GOBIERNO REGIONAL";"I-1";"00005437";"ANTONIO RAYMONDI";"NE_0001";"";"NE_0001";"NE_0001";"NE_0001";"NE_0001";"NE_0001";"NE_0001";"NE_0001"
"2023";"11";"250102";"UCAYALI";"CORONEL PORTILLO";"CAMPOVERDE";"GOBIERNO REGIONAL";"I-1";"00005436";"LA VICTORIA";"NE_0001";"";"NE_0001";"NE_0001";"NE_0001";"NE_0001";"NE_0001";"NE_0001";"NE_0001"
"2023";"11";"250102";"UCAYALI";"CORONEL PORTILLO";"CAMPOVERDE";"GOBIERNO REGIONAL";"I-1";"00005435";"EL PORVENIR KM 25";"NE_0001";"";"NE_0001";"NE_0001";"NE_0001";"NE_0001";"NE_0001";"NE_0001";"NE_0001"
"2023";"11";"250102";"UCAYALI";"CORONEL PORTILLO";"CAMPOVERDE";"GOBIERNO REGIONAL";"I-1";"00005434";"PUESTO DE SALUD  ALTO MANANTAY";"NE_0001";"";"NE_0001";"NE_0001";"NE_0001";"NE_0001";"NE_0001";"NE_0001";"NE_0001"
"2023";"11";"250102";"UCAYALI";"CORONEL PORTILLO";"CAMPOVERDE";"GOBIERNO REGIONAL";"I-1";"00005433";"P.S  LAS MERCEDES KM. 42";"NE_0001";"";"NE_0001";"NE_0001";"NE_0001";"NE_0001";"NE_0001";"NE_0001";"NE_0001"
"2023";"11";"250102";"UCAYALI";"CORONEL PORTILLO";"CAMPOVERDE";"GOBIERNO REGIONAL";"I-2";"00005432";"PIMENTAL";"NE_0001";"";"NE_0001";"NE_0001";"NE_0001";"NE_0001";"NE_0001";"NE_0001";"NE_0001"
"2023";"11";"250102";"UCAYALI";"CORONEL PORTILLO";"CAMPOVERDE";"GOBIERNO REGIONAL";"I-1";"00005431";"SANTA ROSA KM. 50 CFB";"NE_0001";"";"NE_0001";"NE_0001";"NE_0001";"NE_0001";"NE_0001";"NE_0001";"NE_0001"
"2023";"11";"250102";"UCAYALI";"CORONEL PORTILLO";"CAMPOVERDE";"GOBIERNO REGIONAL";"I-1";"00005430";"SAN JOSE KM 26";"NE_0001";"";"NE_0001";"NE_0001";"NE_0001";"NE_0001";"NE_0001";"NE_0001";"NE_0001"
"2023";"11";"250102";"UCAYALI";"CORONEL PORTILLO";"CAMPOVERDE";"GOBIERNO REGIONAL";"I-1";"00005429";"AGUA BLANCA";"NE_0001";"";"NE_0001";"NE_0001";"NE_0001";"NE_0001";"NE_0001";"NE_0001";"NE_0001"
"2023";"11";"250102";"UCAYALI";"CORONEL PORTILLO";"CAMPOVERDE";"GOBIERNO REGIONAL";"I-1";"00005428";"SAN MARTIN DE MOJARAL";"NE_0001";"";"NE_0001";"NE_0001";"NE_0001";"NE_0001";"NE_0001";"NE_0001";"NE_0001"
"2023";"11";"250102";"UCAYALI";"CORONEL PORTILLO";"CAMPOVERDE";"GOBIERNO REGIONAL";"I-1";"00005427";"PUEBLO LIBRE";"NE_0001";"";"NE_0001";"NE_0001";"NE_0001";"NE_0001";"NE_0001";"NE_0001";"NE_0001"
"2023";"11";"250102";"UCAYALI";"CORONEL PORTILLO";"CAMPOVERDE";"GOBIERNO REGIONAL";"I-3";"00005426";"CAMPO VERDE";"NE_0001";"";"NE_0001";"NE_0001";"NE_0001";"NE_0001";"NE_0001";"NE_0001";"NE_0001"
"2023";"12";"040501";"AREQUIPA";"CAYLLOMA";"CHIVAY";"GOBIERNO REGIONAL";"I-4";"00001419";"CENTRO DE SALUD CHIVAY";"241600";"HOSPITALIZACIÓN QUIRÚRGICA OBSTETRICIA   ";"4";"4";"8";"8";"4";"248";"0"
"2023";"12";"040501";"AREQUIPA";"CAYLLOMA";"CHIVAY";"GOBIERNO REGIONAL";"I-1";"00001423";"PUESTO DE SALUD CANOCOTA";"NE_0001";"";"NE_0001";"NE_0001";"NE_0001";"NE_0001";"NE_0001";"NE_0001";"NE_0001"
"2023";"12";"040509";"AREQUIPA";"CAYLLOMA";"ICHUPAMPA";"GOBIERNO REGIONAL";"I-2";"00001425";"PUESTO DE SALUD ICHUPAMPA";"NE_0001";"";"NE_0001";"NE_0001";"NE_0001";"NE_0001";"NE_0001";"NE_0001";"NE_0001"
"2023";"12";"040519";"AREQUIPA";"CAYLLOMA";"YANQUE";"GOBIERNO REGIONAL";"I-2";"00001428";"PUESTO DE SALUD YANQUE";"NE_0001";"";"NE_0001";"NE_0001";"NE_0001";"NE_0001";"NE_0001";"NE_0001";"NE_0001"
"2023";"12";"040506";"AREQUIPA";"CAYLLOMA";"COPORAQUE";"GOBIERNO REGIONAL";"I-2";"00001424";"PUESTO DE SALUD COPORAQUE";"NE_0001";"";"NE_0001";"NE_0001";"NE_0001";"NE_0001";"NE_0001";"NE_0001";"NE_0001"
"2023";"12";"040510";"AREQUIPA";"CAYLLOMA";"LARI";"GOBIERNO REGIONAL";"I-2";"00001426";"PUESTO DE SALUD LARI";"NE_0001";"";"NE_0001";"NE_0001";"NE_0001";"NE_0001";"NE_0001";"NE_0001";"NE_0001"
"2023";"12";"040502";"AREQUIPA";"CAYLLOMA";"ACHOMA";"GOBIERNO REGIONAL";"I-2";"00001429";"PUESTO DE SALUD ACHOMA";"NE_0001";"";"NE_0001";"NE_0001";"NE_0001";"NE_0001";"NE_0001";"NE_0001";"NE_0001"
"2023";"12";"040512";"AREQUIPA";"CAYLLOMA";"MACA";"GOBIERNO REGIONAL";"I-2";"00001430";"PUESTO DE SALUD MACA";"NE_0001";"";"NE_0001";"NE_0001";"NE_0001";"NE_0001";"NE_0001";"NE_0001";"NE_0001"
"2023";"12";"040513";"AREQUIPA";"CAYLLOMA";"MADRIGAL";"GOBIERNO REGIONAL";"I-2";"00001427";"PUESTO DE SALUD MADRIGAL";"NE_0001";"";"NE_0001";"NE_0001";"NE_0001";"NE_0001";"NE_0001";"NE_0001";"NE_0001"
"2023";"12";"150202";"LIMA";"BARRANCA";"PARAMONGA";"ESSALUD";"I-3";"00010394";"CENTRO DE ATENCION PRIMARIA II PARAMONGA";"NE_0001";"";"NE_0001";"NE_0001";"NE_0001";"NE_0001";"NE_0001";"NE_0001";"NE_0001"
"2023";"12";"150142";"LIMA";"LIMA";"VILLA EL SALVADOR";"PRIVADO";"II-E";"00024178";"CLINIC NOVASALUD";"241400";"HOSPITALIZACIÓN QUIRÚRGICA GINECO - OBSTETRICIA ";"9";"9";"9";"9";"5";"90";"0"
"2023";"12";"150142";"LIMA";"LIMA";"VILLA EL SALVADOR";"PRIVADO";"II-E";"00024178";"CLINIC NOVASALUD";"241500";"HOSPITALIZACIÓN QUIRÚRGICA GINECOLOGÍA  ";"2";"2";"2";"2";"2";"30";"0"
"2023";"10";"150128";"LIMA";"LIMA";"RIMAC";"ESSALUD";"I-3";"00008881";"FRANCISCO PIZARRO";"NE_0001";"";"NE_0001";"NE_0001";"NE_0001";"NE_0001";"NE_0001";"NE_0001";"NE_0001"
"2023";"12";"120114";"JUNIN";"HUANCAYO";"EL TAMBO";"GOBIERNO REGIONAL";"I-1";"00000709";"UMUTO";"NE_0002";"";"NE_0002";"NE_0002";"NE_0002";"NE_0002";"NE_0002";"NE_0002";"NE_0002"
"2023";"11";"150120";"LIMA";"LIMA";"MAGDALENA DEL MAR";"PRIVADO";"II-E";"00025749";"MEDAVAN";"240000";"HOSPITALIZACIÓN";"113";"113";"60";"126";"4";"120";"0"
"2023";"11";"100506";"HUANUCO";"HUAMALIES";"MIRAFLORES";"GOBIERNO REGIONAL";"I-2";"00000895";"MIRAFLORES";"NE_0001";"";"NE_0001";"NE_0001";"NE_0001";"NE_0001";"NE_0001";"NE_0001";"NE_0001"
"2023";"09";"250106";"UCAYALI";"CORONEL PORTILLO";"NUEVA REQUENA";"GOBIERNO REGIONAL";"I-1";"00013174";"SAN PABLO DE JUANTIA";"NE_0001";"";"NE_0001";"NE_0001";"NE_0001";"NE_0001";"NE_0001";"NE_0001";"NE_0001"
"2023";"09";"250106";"UCAYALI";"CORONEL PORTILLO";"NUEVA REQUENA";"GOBIERNO REGIONAL";"I-1";"00005450";"NARANJAL";"NE_0001";"";"NE_0001";"NE_0001";"NE_0001";"NE_0001";"NE_0001";"NE_0001";"NE_0001"
"2023";"09";"250106";"UCAYALI";"CORONEL PORTILLO";"NUEVA REQUENA";"GOBIERNO REGIONAL";"I-1";"00005449";"SHAMBO PORVENIR";"NE_0001";"";"NE_0001";"NE_0001";"NE_0001";"NE_0001";"NE_0001";"NE_0001";"NE_0001"
"2023";"09";"250106";"UCAYALI";"CORONEL PORTILLO";"NUEVA REQUENA";"GOBIERNO REGIONAL";"I-1";"00005448";"MIRAFLORES";"NE_0001";"";"NE_0001";"NE_0001";"NE_0001";"NE_0001";"NE_0001";"NE_0001";"NE_0001"
"2023";"09";"250106";"UCAYALI";"CORONEL PORTILLO";"NUEVA REQUENA";"GOBIERNO REGIONAL";"I-1";"00005447";"ESPERANZA  DE AGUAYTIA";"NE_0001";"";"NE_0001";"NE_0001";"NE_0001";"NE_0001";"NE_0001";"NE_0001";"NE_0001"
"2023";"09";"250106";"UCAYALI";"CORONEL PORTILLO";"NUEVA REQUENA";"GOBIERNO REGIONAL";"I-1";"00005446";"NUEVO PIURA";"NE_0001";"";"NE_0001";"NE_0001";"NE_0001";"NE_0001";"NE_0001";"NE_0001";"NE_0001"
"2023";"09";"250106";"UCAYALI";"CORONEL PORTILLO";"NUEVA REQUENA";"GOBIERNO REGIONAL";"I-1";"00005445";"JUVENTUD";"NE_0001";"";"NE_0001";"NE_0001";"NE_0001";"NE_0001";"NE_0001";"NE_0001";"NE_0001"
"2023";"09";"250102";"UCAYALI";"CORONEL PORTILLO";"CAMPOVERDE";"GOBIERNO REGIONAL";"I-1";"00005444";"SARITA COLONIA";"NE_0001";"";"NE_0001";"NE_0001";"NE_0001";"NE_0001";"NE_0001";"NE_0001";"NE_0001"
"2023";"09";"250106";"UCAYALI";"CORONEL PORTILLO";"NUEVA REQUENA";"GOBIERNO REGIONAL";"I-3";"00005443";"NUEVA REQUENA";"NE_0001";"";"NE_0001";"NE_0001";"NE_0001";"NE_0001";"NE_0001";"NE_0001";"NE_0001"
"2023";"12";"010101";"AMAZONAS";"CHACHAPOYAS";"CHACHAPOYAS";"SANIDAD DE LA POLICIA NACIONAL DEL PERU";"I-3";"00026723";"POLICLINICO POLICIAL CHACHAPOYAS";"NE_0001";"";"NE_0001";"NE_0001";"NE_0001";"NE_0001";"NE_0001";"NE_0001";"NE_0001"
"2023";"12";"120114";"JUNIN";"HUANCAYO";"EL TAMBO";"GOBIERNO REGIONAL";"I-3";"00000707";"SAN MARTIN";"NE_0002";"";"NE_0002";"NE_0002";"NE_0002";"NE_0002";"NE_0002";"NE_0002";"NE_0002"
"2023";"12";"040507";"AREQUIPA";"CAYLLOMA";"HUAMBO";"GOBIERNO REGIONAL";"I-2";"00001433";"PUESTO DE SALUD HUAMBO";"NE_0001";"";"NE_0001";"NE_0001";"NE_0001";"NE_0001";"NE_0001";"NE_0001";"NE_0001"
"2023";"12";"040406";"AREQUIPA";"CASTILLA";"CHOCO";"GOBIERNO REGIONAL";"I-2";"00001441";"PUESTO DE SALUD CHOCO";"NE_0001";"";"NE_0001";"NE_0001";"NE_0001";"NE_0001";"NE_0001";"NE_0001";"NE_0001"
"2023";"12";"130901";"LA LIBERTAD";"SANCHEZ CARRION";"HUAMACHUCO";"GOBIERNO REGIONAL";"I-2";"00005351";"PUENTE PIEDRA";"NE_0001";"";"NE_0001";"NE_0001";"NE_0001";"NE_0001";"NE_0001";"NE_0001";"NE_0001"
"2023";"12";"061110";"CAJAMARCA";"SAN MIGUEL";"SAN GREGORIO";"GOBIERNO REGIONAL";"I-1";"00004535";"EL SAUCE";"NE_0001";"";"NE_0001";"NE_0001";"NE_0001";"NE_0001";"NE_0001";"NE_0001";"NE_0001"
"2023";"12";"061108";"CAJAMARCA";"SAN MIGUEL";"NANCHOC";"GOBIERNO REGIONAL";"I-1";"00004533";"CARAHUASI";"NE_0001";"";"NE_0001";"NE_0001";"NE_0001";"NE_0001";"NE_0001";"NE_0001";"NE_0001"
"2023";"12";"061110";"CAJAMARCA";"SAN MIGUEL";"SAN GREGORIO";"GOBIERNO REGIONAL";"I-1";"00004536";"SAN GREGORIO";"NE_0001";"";"NE_0001";"NE_0001";"NE_0001";"NE_0001";"NE_0001";"NE_0001";"NE_0001"
"2023";"12";"061108";"CAJAMARCA";"SAN MIGUEL";"NANCHOC";"GOBIERNO REGIONAL";"I-3";"00004532";"NANCHOC";"NE_0001";"";"NE_0001";"NE_0001";"NE_0001";"NE_0001";"NE_0001";"NE_0001";"NE_0001"
"2023";"12";"061102";"CAJAMARCA";"SAN MIGUEL";"BOLIVAR";"GOBIERNO REGIONAL";"I-2";"00004534";"BOLIVAR";"NE_0001";"";"NE_0001";"NE_0001";"NE_0001";"NE_0001";"NE_0001";"NE_0001";"NE_0001"
"2023";"12";"061110";"CAJAMARCA";"SAN MIGUEL";"SAN GREGORIO";"GOBIERNO REGIONAL";"I-2";"00004537";"CASA BLANCA";"NE_0001";"";"NE_0001";"NE_0001";"NE_0001";"NE_0001";"NE_0001";"NE_0001";"NE_0001"
"2023";"12";"061102";"CAJAMARCA";"SAN MIGUEL";"BOLIVAR";"GOBIERNO REGIONAL";"I-1";"00007405";"SAN JOSE";"NE_0001";"";"NE_0001";"NE_0001";"NE_0001";"NE_0001";"NE_0001";"NE_0001";"NE_0001"
"2023";"12";"210501";"PUNO";"EL COLLAO";"ILAVE";"ESSALUD";"I-3";"00009218";"POLICLINICO ILAVE -  RED ASISTENCIAL PUNO";"NE_0001";"";"NE_0001";"NE_0001";"NE_0001";"NE_0001";"NE_0001";"NE_0001";"NE_0001"
"2023";"12";"130101";"LA LIBERTAD";"TRUJILLO";"TRUJILLO";"PRIVADO";"II-E";"00021354";"CLINICA LUZ Y VIDA";"NE_0001";"";"NE_0001";"NE_0001";"NE_0001";"NE_0001";"NE_0001";"NE_0001";"NE_0001"
"2023";"12";"090103";"HUANCAVELICA";"HUANCAVELICA";"ACORIA";"GOBIERNO REGIONAL";"I-2";"00003896";"CHUPACA";"NE_0001";"";"NE_0001";"NE_0001";"NE_0001";"NE_0001";"NE_0001";"NE_0001";"NE_0001"
"2023";"12";"090103";"HUANCAVELICA";"HUANCAVELICA";"ACORIA";"GOBIERNO REGIONAL";"I-1";"00011197";"JOSE CARLOS MARIATEGUI";"NE_0001";"";"NE_0001";"NE_0001";"NE_0001";"NE_0001";"NE_0001";"NE_0001";"NE_0001"
"2023";"12";"090111";"HUANCAVELICA";"HUANCAVELICA";"MARISCAL CACERES";"GOBIERNO REGIONAL";"I-2";"00003891";"MARISCAL CACERES";"NE_0001";"";"NE_0001";"NE_0001";"NE_0001";"NE_0001";"NE_0001";"NE_0001";"NE_0001"
"2023";"12";"090103";"HUANCAVELICA";"HUANCAVELICA";"ACORIA";"GOBIERNO REGIONAL";"I-1";"00016723";"UNION AMBO";"NE_0001";"";"NE_0001";"NE_0001";"NE_0001";"NE_0001";"NE_0001";"NE_0001";"NE_0001"
"2023";"12";"090108";"HUANCAVELICA";"HUANCAVELICA";"IZCUCHACA";"GOBIERNO REGIONAL";"I-3";"00003889";"IZCUCHACA";"NE_0001";"";"NE_0001";"NE_0001";"NE_0001";"NE_0001";"NE_0001";"NE_0001";"NE_0001"
"2023";"12";"090103";"HUANCAVELICA";"HUANCAVELICA";"ACORIA";"GOBIERNO REGIONAL";"I-1";"00016204";"ALIANZA ANDINO";"NE_0001";"";"NE_0001";"NE_0001";"NE_0001";"NE_0001";"NE_0001";"NE_0001";"NE_0001"
"2023";"12";"090105";"HUANCAVELICA";"HUANCAVELICA";"CUENCA";"GOBIERNO REGIONAL";"I-1";"00003890";"CUENCA";"NE_0001";"";"NE_0001";"NE_0001";"NE_0001";"NE_0001";"NE_0001";"NE_0001";"NE_0001"
"2023";"12";"090103";"HUANCAVELICA";"HUANCAVELICA";"ACORIA";"GOBIERNO REGIONAL";"I-1";"00003895";"CCOSNIPUQUIO";"NE_0001";"";"NE_0001";"NE_0001";"NE_0001";"NE_0001";"NE_0001";"NE_0001";"NE_0001"
"2023";"12";"040110";"AREQUIPA";"AREQUIPA";"MIRAFLORES";"GOBIERNO REGIONAL";"I-2";"00001305";"CENTRO DE SALUD TOMASA T. COMDEMAYTA";"NE_0001";"";"NE_0001";"NE_0001";"NE_0001";"NE_0001";"NE_0001";"NE_0001";"NE_0001"
"2023";"12";"040110";"AREQUIPA";"AREQUIPA";"MIRAFLORES";"GOBIERNO REGIONAL";"I-3";"00032056";"CENTRO DE SALUD MENTAL COMUNITARIO MIRAFLORES";"NE_0001";"";"NE_0001";"NE_0001";"NE_0001";"NE_0001";"NE_0001";"NE_0001";"NE_0001"
"2023";"12";"040110";"AREQUIPA";"AREQUIPA";"MIRAFLORES";"GOBIERNO REGIONAL";"I-4";"00001292";"CENTRO DE SALUD EDIFICADORES MISTI";"241600";"HOSPITALIZACIÓN QUIRÚRGICA OBSTETRICIA   ";"8";"8";"8";"8";"8";"31";"0"
"2023";"12";"040110";"AREQUIPA";"AREQUIPA";"MIRAFLORES";"GOBIERNO REGIONAL";"I-3";"00001293";"CENTRO DE SALUD MIRAFLORES";"NE_0001";"";"NE_0001";"NE_0001";"NE_0001";"NE_0001";"NE_0001";"NE_0001";"NE_0001"
"2023";"12";"040110";"AREQUIPA";"AREQUIPA";"MIRAFLORES";"GOBIERNO REGIONAL";"I-3";"00001307";"CENTRO DE SALUD MATEO PUMACAHUA";"NE_0001";"";"NE_0001";"NE_0001";"NE_0001";"NE_0001";"NE_0001";"NE_0001";"NE_0001"
"2023";"12";"040110";"AREQUIPA";"AREQUIPA";"MIRAFLORES";"GOBIERNO REGIONAL";"I-3";"00001306";"CENTRO DE SALUD PORVENIR-MIRAFLORES";"NE_0001";"";"NE_0001";"NE_0001";"NE_0001";"NE_0001";"NE_0001";"NE_0001";"NE_0001"
"2023";"12";"150132";"LIMA";"LIMA";"SAN JUAN DE LURIGANCHO";"PRIVADO";"II-2";"00008271";"CLINICA SAN JUAN BAUTISTA";"240000";"HOSPITALIZACIÓN";"140";"147";"335";"463";"40";"1240";"0"
"2023";"12";"150132";"LIMA";"LIMA";"SAN JUAN DE LURIGANCHO";"PRIVADO";"II-2";"00008271";"CLINICA SAN JUAN BAUTISTA";"250100";"UNIDAD DE CUIDADOS CRITICOS UNIDAD  DE CUIDADOS INTENSIVOS GENERALES (UCI) ";"28";"30";"88";"104";"7";"217";"1"
"2023";"06";"021509";"ANCASH";"PALLASCA";"PAMPAS";"ESSALUD";"I-2";"00009202";"POSTA MEDICA PAMPAS";"NE_0001";"";"NE_0001";"NE_0001";"NE_0001";"NE_0001";"NE_0001";"NE_0001";"NE_0001"
"2023";"11";"060612";"CAJAMARCA";"CUTERVO";"SANTO DOMINGO DE LA CAPILLA";"GOBIERNO REGIONAL";"I-1";"00006863";"NARANJOS";"NE_0001";"";"NE_0001";"NE_0001";"NE_0001";"NE_0001";"NE_0001";"NE_0001";"NE_0001"
"2023";"11";"060612";"CAJAMARCA";"CUTERVO";"SANTO DOMINGO DE LA CAPILLA";"GOBIERNO REGIONAL";"I-1";"00007370";"CEDROPAMPA";"NE_0001";"";"NE_0001";"NE_0001";"NE_0001";"NE_0001";"NE_0001";"NE_0001";"NE_0001"
"2023";"11";"060612";"CAJAMARCA";"CUTERVO";"SANTO DOMINGO DE LA CAPILLA";"GOBIERNO REGIONAL";"I-1";"00006862";"PALO QUEMADO";"NE_0001";"";"NE_0001";"NE_0001";"NE_0001";"NE_0001";"NE_0001";"NE_0001";"NE_0001"
"2023";"11";"060612";"CAJAMARCA";"CUTERVO";"SANTO DOMINGO DE LA CAPILLA";"GOBIERNO REGIONAL";"I-1";"00006958";"PLAYA HERMOZA";"NE_0001";"";"NE_0001";"NE_0001";"NE_0001";"NE_0001";"NE_0001";"NE_0001";"NE_0001"
"2023";"11";"060612";"CAJAMARCA";"CUTERVO";"SANTO DOMINGO DE LA CAPILLA";"GOBIERNO REGIONAL";"I-3";"00005002";"STO. DOMINGO DE LA CAPILLA";"NE_0001";"";"NE_0001";"NE_0001";"NE_0001";"NE_0001";"NE_0001";"NE_0001";"NE_0001"
"2023";"11";"060612";"CAJAMARCA";"CUTERVO";"SANTO DOMINGO DE LA CAPILLA";"GOBIERNO REGIONAL";"I-1";"00005003";"MIRAFLORES";"NE_0001";"";"NE_0001";"NE_0001";"NE_0001";"NE_0001";"NE_0001";"NE_0001";"NE_0001"
"2023";"11";"060612";"CAJAMARCA";"CUTERVO";"SANTO DOMINGO DE LA CAPILLA";"GOBIERNO REGIONAL";"I-1";"00006864";"NARANJOYACU";"NE_0001";"";"NE_0001";"NE_0001";"NE_0001";"NE_0001";"NE_0001";"NE_0001";"NE_0001"
"2023";"11";"040122";"AREQUIPA";"AREQUIPA";"SOCABAYA";"ESSALUD";"I-3";"00013298";"CAP III MELITON SALAS TEJADA";"NE_0001";"";"NE_0001";"NE_0001";"NE_0001";"NE_0001";"NE_0001";"NE_0001";"NE_0001"
"2023";"11";"150101";"LIMA";"LIMA";"LIMA";"PRIVADO";"II-1";"00011087";"CLINICA LA LUZ S.A.C.";"240000";"HOSPITALIZACIÓN";"67";"67";"155";"67";"15";"16";"0"
"2023";"11";"200401";"PIURA";"MORROPON";"CHULUCANAS";"GOBIERNO REGIONAL";"II-1";"00002161";"E.S  II-1  HOSPITAL  CHULUCANAS";"240100";"HOSPITALIZACIÓN QUIRÚRGICA CIRUGÍA GENERAL ";"54";"66";"271";"236";"11";"330";"0"
"2023";"11";"200401";"PIURA";"MORROPON";"CHULUCANAS";"GOBIERNO REGIONAL";"II-1";"00002161";"E.S  II-1  HOSPITAL  CHULUCANAS";"241400";"HOSPITALIZACIÓN QUIRÚRGICA GINECO - OBSTETRICIA ";"220";"241";"572";"554";"36";"1080";"0"
"2023";"11";"200401";"PIURA";"MORROPON";"CHULUCANAS";"GOBIERNO REGIONAL";"II-1";"00002161";"E.S  II-1  HOSPITAL  CHULUCANAS";"241800";"HOSPITALIZACIÓN DE MEDICINA MEDICINA GENERAL ";"35";"49";"329";"118";"17";"510";"3"
"2023";"11";"200401";"PIURA";"MORROPON";"CHULUCANAS";"GOBIERNO REGIONAL";"II-1";"00002161";"E.S  II-1  HOSPITAL  CHULUCANAS";"242500";"HOSPITALIZACIÓN-PEDIATRÍA GENERAL-";"24";"29";"137";"122";"10";"300";"0"
"2023";"11";"200401";"PIURA";"MORROPON";"CHULUCANAS";"GOBIERNO REGIONAL";"II-1";"00002161";"E.S  II-1  HOSPITAL  CHULUCANAS";"243200";"HOSPITALIZACIÓN DE PEDIATRÍA PEDIATRIA NEONATOLOGÍA";"12";"23";"278";"194";"7";"210";"1"
"2023";"12";"221005";"SAN MARTIN";"TOCACHE";"UCHIZA";"SANIDAD DE LA POLICIA NACIONAL DEL PERU";"I-1";"00025272";"PUESTO SANITARIO PNP SANTA LUCIA";"NE_0001";"";"NE_0001";"NE_0001";"NE_0001";"NE_0001";"NE_0001";"NE_0001";"NE_0001"
"2023";"12";"150140";"LIMA";"LIMA";"SANTIAGO DE SURCO";"PRIVADO";"II-E";"00015461";"VISTASALUD CENTRO OFTALMOLOGICO";"NE_0001";"";"NE_0001";"NE_0001";"NE_0001";"NE_0001";"NE_0001";"NE_0001";"NE_0001"
"2023";"12";"010101";"AMAZONAS";"CHACHAPOYAS";"CHACHAPOYAS";"GOBIERNO REGIONAL";"II-2";"00004838";"HOSPITAL REGIONAL VIRGEN DE FATIMA";"240100";"HOSPITALIZACIÓN QUIRÚRGICA CIRUGÍA GENERAL ";"60";"68";"298";"164";"20";"620";"0"
"2023";"12";"010101";"AMAZONAS";"CHACHAPOYAS";"CHACHAPOYAS";"GOBIERNO REGIONAL";"II-2";"00004838";"HOSPITAL REGIONAL VIRGEN DE FATIMA";"241200";"HOSPITALIZACIÓN QUIRÚRGICA TRAUMATOLOGÍA Y ORTOPEDIA ";"19";"25";"227";"184";"9";"279";"0"
"2023";"12";"010101";"AMAZONAS";"CHACHAPOYAS";"CHACHAPOYAS";"GOBIERNO REGIONAL";"II-2";"00004838";"HOSPITAL REGIONAL VIRGEN DE FATIMA";"241500";"HOSPITALIZACIÓN QUIRÚRGICA GINECOLOGÍA  ";"20";"23";"53";"68";"6";"186";"0"
"2023";"12";"010101";"AMAZONAS";"CHACHAPOYAS";"CHACHAPOYAS";"GOBIERNO REGIONAL";"II-2";"00004838";"HOSPITAL REGIONAL VIRGEN DE FATIMA";"241600";"HOSPITALIZACIÓN QUIRÚRGICA OBSTETRICIA   ";"152";"157";"221";"234";"20";"620";"0"
"2023";"12";"010101";"AMAZONAS";"CHACHAPOYAS";"CHACHAPOYAS";"GOBIERNO REGIONAL";"II-2";"00004838";"HOSPITAL REGIONAL VIRGEN DE FATIMA";"241900";"HOSPITALIZACIÓN DE MEDICINA MEDICINA INTERNA ";"58";"66";"337";"234";"23";"713";"3"
"2023";"12";"010101";"AMAZONAS";"CHACHAPOYAS";"CHACHAPOYAS";"GOBIERNO REGIONAL";"II-2";"00004838";"HOSPITAL REGIONAL VIRGEN DE FATIMA";"242205";"HOSPITALIZACIÓN MEDICINA PSIQUIATRÍA PISIQUIATRIA/ SALUD MENTAL Y ADICCIONES";"7";"8";"46";"52";"4";"124";"0"
"2023";"12";"010101";"AMAZONAS";"CHACHAPOYAS";"CHACHAPOYAS";"GOBIERNO REGIONAL";"II-2";"00004838";"HOSPITAL REGIONAL VIRGEN DE FATIMA";"242500";"HOSPITALIZACIÓN-PEDIATRÍA GENERAL-";"19";"23";"105";"72";"14";"434";"0"
"2023";"12";"010101";"AMAZONAS";"CHACHAPOYAS";"CHACHAPOYAS";"GOBIERNO REGIONAL";"II-2";"00004838";"HOSPITAL REGIONAL VIRGEN DE FATIMA";"243200";"HOSPITALIZACIÓN DE PEDIATRÍA PEDIATRIA NEONATOLOGÍA";"107";"115";"416";"436";"15";"465";"0"
"2023";"12";"010101";"AMAZONAS";"CHACHAPOYAS";"CHACHAPOYAS";"GOBIERNO REGIONAL";"II-2";"00004838";"HOSPITAL REGIONAL VIRGEN DE FATIMA";"250103";"UNIDAD DE CUIDADOS CRITICOS UNIDAD  DE CUIDADOS INTENSIVOS GENERALES  (UCI) MEDICINA";"7";"9";"84";"29";"5";"155";"2"
"2023";"12";"010101";"AMAZONAS";"CHACHAPOYAS";"CHACHAPOYAS";"GOBIERNO REGIONAL";"II-2";"00004838";"HOSPITAL REGIONAL VIRGEN DE FATIMA";"250105";"UNIDAD DE CUIDADOS CRITICOS UNIDAD  DE CUIDADOS INTENSIVOS  (UCI) NEONATOLOGÍA";"2";"4";"55";"35";"6";"186";"1"
"2023";"12";"220503";"SAN MARTIN";"LAMAS";"BARRANQUITA";"GOBIERNO REGIONAL";"I-1";"00006435";"SANTA CLARA";"NE_0001";"";"NE_0001";"NE_0001";"NE_0001";"NE_0001";"NE_0001";"NE_0001";"NE_0001"
"2023";"12";"220503";"SAN MARTIN";"LAMAS";"BARRANQUITA";"GOBIERNO REGIONAL";"I-1";"00006433";"PUERTO PIZARRO";"NE_0001";"";"NE_0001";"NE_0001";"NE_0001";"NE_0001";"NE_0001";"NE_0001";"NE_0001"
"2023";"12";"220503";"SAN MARTIN";"LAMAS";"BARRANQUITA";"GOBIERNO REGIONAL";"I-1";"00007401";"SANANGO";"NE_0001";"";"NE_0001";"NE_0001";"NE_0001";"NE_0001";"NE_0001";"NE_0001";"NE_0001"
"2023";"12";"220503";"SAN MARTIN";"LAMAS";"BARRANQUITA";"GOBIERNO REGIONAL";"I-3";"00006432";"BARRANQUITA CAYNARACHI";"NE_0001";"";"NE_0001";"NE_0001";"NE_0001";"NE_0001";"NE_0001";"NE_0001";"NE_0001"
"2023";"12";"220503";"SAN MARTIN";"LAMAS";"BARRANQUITA";"GOBIERNO REGIONAL";"I-1";"00006434";"SANTIAGO DE BORJA";"NE_0001";"";"NE_0001";"NE_0001";"NE_0001";"NE_0001";"NE_0001";"NE_0001";"NE_0001"
"2023";"12";"220503";"SAN MARTIN";"LAMAS";"BARRANQUITA";"GOBIERNO REGIONAL";"I-1";"00006450";"SANTA ELENA";"NE_0001";"";"NE_0001";"NE_0001";"NE_0001";"NE_0001";"NE_0001";"NE_0001";"NE_0001"
"2023";"12";"220503";"SAN MARTIN";"LAMAS";"BARRANQUITA";"GOBIERNO REGIONAL";"I-1";"00006436";"EL PIÑAL";"NE_0001";"";"NE_0001";"NE_0001";"NE_0001";"NE_0001";"NE_0001";"NE_0001";"NE_0001"
"2023";"12";"130101";"LA LIBERTAD";"TRUJILLO";"TRUJILLO";"PRIVADO";"II-E";"00021009";"CLINICA SAN LUIS ASISTENCIAL DOCENTE S.R.L.";"240100";"HOSPITALIZACIÓN QUIRÚRGICA CIRUGÍA GENERAL ";"92";"114";"127";"142";"24";"720";"0"
"2023";"12";"130101";"LA LIBERTAD";"TRUJILLO";"TRUJILLO";"PRIVADO";"II-E";"00021009";"CLINICA SAN LUIS ASISTENCIAL DOCENTE S.R.L.";"241400";"HOSPITALIZACIÓN QUIRÚRGICA GINECO - OBSTETRICIA ";"2";"2";"16";"25";"24";"720";"0"
"2023";"12";"040104";"AREQUIPA";"AREQUIPA";"CERRO COLORADO";"GOBIERNO REGIONAL";"I-4";"00001237";"CENTRO DE SALUD MARITZA CAMPOS DIAZ - ZAMACOLA";"241600";"HOSPITALIZACIÓN QUIRÚRGICA OBSTETRICIA   ";"67";"67";"86";"1";"14";"101";"0"
"2023";"12";"040104";"AREQUIPA";"AREQUIPA";"CERRO COLORADO";"GOBIERNO REGIONAL";"I-3";"00011023";"PUESTO DE SALUD PERUARBO";"NE_0001";"";"NE_0001";"NE_0001";"NE_0001";"NE_0001";"NE_0001";"NE_0001";"NE_0001"
"2023";"12";"040104";"AREQUIPA";"AREQUIPA";"CERRO COLORADO";"GOBIERNO REGIONAL";"I-2";"00001251";"PUESTO DE SALUD NAZARENO";"NE_0001";"";"NE_0001";"NE_0001";"NE_0001";"NE_0001";"NE_0001";"NE_0001";"NE_0001"
"2023";"12";"040104";"AREQUIPA";"AREQUIPA";"CERRO COLORADO";"GOBIERNO REGIONAL";"I-3";"00001247";"CENTRO DE SALUD CIUDAD MUNICIPAL";"NE_0001";"";"NE_0001";"NE_0001";"NE_0001";"NE_0001";"NE_0001";"NE_0001";"NE_0001"
"2023";"12";"131101";"LA LIBERTAD";"GRAN CHIMU";"CASCAS";"GOBIERNO REGIONAL";"II-1";"00005277";"HOSPITAL PROVINCIAL DE CASCAS";"241600";"HOSPITALIZACIÓN QUIRÚRGICA OBSTETRICIA   ";"8";"8";"21";"4";"2";"362";"0"
"2023";"12";"131101";"LA LIBERTAD";"GRAN CHIMU";"CASCAS";"GOBIERNO REGIONAL";"II-1";"00005277";"HOSPITAL PROVINCIAL DE CASCAS";"241800";"HOSPITALIZACIÓN DE MEDICINA MEDICINA GENERAL ";"28";"28";"98";"5";"6";"50";"0"
"2023";"12";"040114";"AREQUIPA";"AREQUIPA";"POLOBAYA";"GOBIERNO REGIONAL";"I-2";"00001262";"PUESTO DE SALUD POLOBAYA";"NE_0001";"";"NE_0001";"NE_0001";"NE_0001";"NE_0001";"NE_0001";"NE_0001";"NE_0001"
"2023";"12";"040116";"AREQUIPA";"AREQUIPA";"SABANDIA";"GOBIERNO REGIONAL";"I-2";"00001284";"PUESTO DE SALUD LEOPOLDO RONDON - SABANDIA";"NE_0001";"";"NE_0001";"NE_0001";"NE_0001";"NE_0001";"NE_0001";"NE_0001";"NE_0001"
"2023";"12";"040111";"AREQUIPA";"AREQUIPA";"MOLLEBAYA";"GOBIERNO REGIONAL";"I-2";"00011677";"PUESTO DE SALUD MACHAHUAYA";"NE_0001";"";"NE_0001";"NE_0001";"NE_0001";"NE_0001";"NE_0001";"NE_0001";"NE_0001"
"2023";"12";"040127";"AREQUIPA";"AREQUIPA";"YARABAMBA";"GOBIERNO REGIONAL";"I-2";"00001287";"PUESTO DE SALUD YARABAMBA";"NE_0001";"";"NE_0001";"NE_0001";"NE_0001";"NE_0001";"NE_0001";"NE_0001";"NE_0001"
"2023";"12";"040113";"AREQUIPA";"AREQUIPA";"POCSI";"GOBIERNO REGIONAL";"I-1";"00001288";"PUESTO DE SALUD POCSI";"NE_0001";"";"NE_0001";"NE_0001";"NE_0001";"NE_0001";"NE_0001";"NE_0001";"NE_0001"
"2023";"12";"040115";"AREQUIPA";"AREQUIPA";"QUEQUEÑA";"GOBIERNO REGIONAL";"I-2";"00001286";"PUESTO DE SALUD QUEQUEÑA";"NE_0001";"";"NE_0001";"NE_0001";"NE_0001";"NE_0001";"NE_0001";"NE_0001";"NE_0001"
"2023";"12";"040516";"AREQUIPA";"CAYLLOMA";"TAPAY";"GOBIERNO REGIONAL";"I-2";"00001434";"PUESTO DE SALUD TAPAY";"NE_0001";"";"NE_0001";"NE_0001";"NE_0001";"NE_0001";"NE_0001";"NE_0001";"NE_0001"
"2023";"12";"110101";"ICA";"ICA";"ICA";"GOBIERNO REGIONAL";"I-3";"00003361";"LA PALMA GRANDE";"NE_0002";"";"NE_0002";"NE_0002";"NE_0002";"NE_0002";"NE_0002";"NE_0002";"NE_0002"
"2023";"12";"110101";"ICA";"ICA";"ICA";"MINSA";"I-2";"00003377";"EL HUARANGO";"NE_0001";"";"NE_0001";"NE_0001";"NE_0001";"NE_0001";"NE_0001";"NE_0001";"NE_0001"
"2023";"12";"190308";"PASCO";"OXAPAMPA";"CONSTITUCION";"GOBIERNO REGIONAL";"I-4";"00001118";"CENTRO DE SALUD CIUDAD CONSTITUCIÓN";"241600";"HOSPITALIZACIÓN QUIRÚRGICA OBSTETRICIA   ";"35";"36";"48";"35";"4";"35";"0"
"2023";"12";"190308";"PASCO";"OXAPAMPA";"CONSTITUCION";"GOBIERNO REGIONAL";"I-4";"00001118";"CENTRO DE SALUD CIUDAD CONSTITUCIÓN";"241800";"HOSPITALIZACIÓN DE MEDICINA MEDICINA GENERAL ";"13";"13";"26";"24";"8";"24";"4"
"2023";"12";"070106";"CALLAO";"CALLAO";"VENTANILLA";"GOBIERNO REGIONAL";"I-2";"00006262";"PUESTO DE SALUD HIJOS DEL ALMIRANTE GRAU";"NE_0001";"";"NE_0001";"NE_0001";"NE_0001";"NE_0001";"NE_0001";"NE_0001";"NE_0001"
"2023";"12";"070106";"CALLAO";"CALLAO";"VENTANILLA";"GOBIERNO REGIONAL";"I-2";"00006268";"PUESTO DE SALUD DEFENSORES DE LA PATRIA";"NE_0001";"";"NE_0001";"NE_0001";"NE_0001";"NE_0001";"NE_0001";"NE_0001";"NE_0001"
"2023";"12";"070106";"CALLAO";"CALLAO";"VENTANILLA";"GOBIERNO REGIONAL";"II-1";"00007126";"HOSPITAL DE VENTANILLA";"240100";"HOSPITALIZACIÓN QUIRÚRGICA CIRUGÍA GENERAL ";"74";"88";"439";"336";"15";"465";"0"
"2023";"12";"070106";"CALLAO";"CALLAO";"VENTANILLA";"GOBIERNO REGIONAL";"II-1";"00007126";"HOSPITAL DE VENTANILLA";"241500";"HOSPITALIZACIÓN QUIRÚRGICA GINECOLOGÍA  ";"27";"28";"67";"64";"3";"93";"0"
"2023";"12";"070106";"CALLAO";"CALLAO";"VENTANILLA";"GOBIERNO REGIONAL";"II-1";"00007126";"HOSPITAL DE VENTANILLA";"241600";"HOSPITALIZACIÓN QUIRÚRGICA OBSTETRICIA   ";"136";"146";"258";"223";"18";"558";"0"
"2023";"12";"070106";"CALLAO";"CALLAO";"VENTANILLA";"GOBIERNO REGIONAL";"II-1";"00007126";"HOSPITAL DE VENTANILLA";"241800";"HOSPITALIZACIÓN DE MEDICINA MEDICINA GENERAL ";"31";"39";"345";"217";"16";"496";"0"
"2023";"12";"070106";"CALLAO";"CALLAO";"VENTANILLA";"GOBIERNO REGIONAL";"II-1";"00007126";"HOSPITAL DE VENTANILLA";"242500";"HOSPITALIZACIÓN-PEDIATRÍA GENERAL-";"25";"34";"143";"112";"9";"279";"0"
"2023";"12";"070106";"CALLAO";"CALLAO";"VENTANILLA";"GOBIERNO REGIONAL";"II-1";"00007126";"HOSPITAL DE VENTANILLA";"243200";"HOSPITALIZACIÓN DE PEDIATRÍA PEDIATRIA NEONATOLOGÍA";"9";"11";"51";"38";"9";"279";"0"
"2023";"12";"130105";"LA LIBERTAD";"TRUJILLO";"LA ESPERANZA";"GOBIERNO REGIONAL";"II-1";"00005226";"HOSPITAL DISTRITAL JERUSALEN";"241400";"HOSPITALIZACIÓN QUIRÚRGICA GINECO - OBSTETRICIA ";"6";"6";"11";"28";"6";"186";"0"
"2023";"12";"130105";"LA LIBERTAD";"TRUJILLO";"LA ESPERANZA";"GOBIERNO REGIONAL";"II-1";"00005226";"HOSPITAL DISTRITAL JERUSALEN";"241600";"HOSPITALIZACIÓN QUIRÚRGICA OBSTETRICIA   ";"55";"57";"71";"96";"6";"186";"0"
"2023";"12";"150117";"LIMA";"LIMA";"LOS OLIVOS";"PRIVADO";"II-E";"00013044";"MEGASALUD NARANJAL S.A.C.";"240000";"HOSPITALIZACIÓN";"22";"22";"53";"46";"3";"90";"0"
"2023";"12";"140101";"LAMBAYEQUE";"CHICLAYO";"CHICLAYO";"PRIVADO";"II-E";"00008151";"CLÍNICA METROPOLITANA";"240000";"HOSPITALIZACIÓN";"173";"183";"197";"466";"24";"744";"1"
"2023";"12";"220909";"SAN MARTIN";"SAN MARTIN";"LA BANDA DE SHILCAYO";"PRIVADO";"II-E";"00015835";"CLINICA OFTALMOLOGICA DE LA SELVA";"NE_0001";"";"NE_0001";"NE_0001";"NE_0001";"NE_0001";"NE_0001";"NE_0001";"NE_0001"
"2023";"12";"130101";"LA LIBERTAD";"TRUJILLO";"TRUJILLO";"GOBIERNO REGIONAL";"III-2";"00005197";"IRO JSU";"NE_0001";"";"NE_0001";"NE_0001";"NE_0001";"NE_0001";"NE_0001";"NE_0001";"NE_0001"
"2023";"12";"200601";"PIURA";"SULLANA";"SULLANA";"PRIVADO";"II-1";"00012261";"CLINICA INMACULADA";"240000";"HOSPITALIZACIÓN";"137";"130";"180";"130";"30";"900";"0"
"2023";"12";"230101";"TACNA";"TACNA";"TACNA";"GOBIERNO REGIONAL";"II-2";"00002864";"HOSPITAL HIPOLITO UNANUE DE TACNA";"240100";"HOSPITALIZACIÓN QUIRÚRGICA CIRUGÍA GENERAL ";"168";"110";"534";"1056";"39";"1209";"3"
"2023";"12";"230101";"TACNA";"TACNA";"TACNA";"GOBIERNO REGIONAL";"II-2";"00002864";"HOSPITAL HIPOLITO UNANUE DE TACNA";"240700";"HOSPITALIZACIÓN QUIRÚRGICA CIRUGÍA PEDIÁTRICA ";"15";"18";"94";"184";"10";"310";"0"
"2023";"12";"230101";"TACNA";"TACNA";"TACNA";"GOBIERNO REGIONAL";"II-2";"00002864";"HOSPITAL HIPOLITO UNANUE DE TACNA";"241400";"HOSPITALIZACIÓN QUIRÚRGICA GINECO - OBSTETRICIA ";"266";"188";"426";"633";"46";"1426";"0"
"2023";"12";"230101";"TACNA";"TACNA";"TACNA";"GOBIERNO REGIONAL";"II-2";"00002864";"HOSPITAL HIPOLITO UNANUE DE TACNA";"241500";"HOSPITALIZACIÓN QUIRÚRGICA GINECOLOGÍA  ";"85";"91";"206";"232";"8";"248";"0"
"2023";"12";"230101";"TACNA";"TACNA";"TACNA";"GOBIERNO REGIONAL";"II-2";"00002864";"HOSPITAL HIPOLITO UNANUE DE TACNA";"241900";"HOSPITALIZACIÓN DE MEDICINA MEDICINA INTERNA ";"162";"137";"1244";"1259";"41";"1271";"23"
"2023";"12";"230101";"TACNA";"TACNA";"TACNA";"GOBIERNO REGIONAL";"II-2";"00002864";"HOSPITAL HIPOLITO UNANUE DE TACNA";"242200";"HOSPITALIZACIÓN DE MEDICINA PSIQUIATRÍA ";"17";"5";"71";"216";"16";"496";"1"
"2023";"12";"230101";"TACNA";"TACNA";"TACNA";"GOBIERNO REGIONAL";"II-2";"00002864";"HOSPITAL HIPOLITO UNANUE DE TACNA";"242300";"HOSPITALIZACIÓN DE PEDIATRÍA  PEDIATRÍA  GENERAL ";"52";"30";"186";"234";"10";"310";"1"
"2023";"12";"230101";"TACNA";"TACNA";"TACNA";"GOBIERNO REGIONAL";"II-2";"00002864";"HOSPITAL HIPOLITO UNANUE DE TACNA";"243200";"HOSPITALIZACIÓN DE PEDIATRÍA PEDIATRIA NEONATOLOGÍA";"205";"88";"305";"309";"10";"310";"0"
"2023";"12";"230101";"TACNA";"TACNA";"TACNA";"GOBIERNO REGIONAL";"II-2";"00002864";"HOSPITAL HIPOLITO UNANUE DE TACNA";"245300";"HOSPITALIZACIÓN DE MEDICINA NEUMOLOGÍA  ";"11";"8";"66";"101";"8";"248";"1"
"2023";"12";"230101";"TACNA";"TACNA";"TACNA";"GOBIERNO REGIONAL";"II-2";"00002864";"HOSPITAL HIPOLITO UNANUE DE TACNA";"250100";"UNIDAD DE CUIDADOS CRITICOS UNIDAD  DE CUIDADOS INTENSIVOS GENERALES (UCI) ";"8";"1";"9";"151";"6";"186";"0"
"2023";"12";"230101";"TACNA";"TACNA";"TACNA";"GOBIERNO REGIONAL";"II-2";"00002864";"HOSPITAL HIPOLITO UNANUE DE TACNA";"250400";"UNIDAD DE CUIDADOS CRITICOS UNIDAD DE QUEMADOS (GRAN QUEMADO) ";"14";"5";"71";"85";"3";"93";"0"
"2023";"12";"120604";"JUNIN";"SATIPO";"MAZAMARI";"SANIDAD DE LA POLICIA NACIONAL DEL PERU";"I-2";"00012454";"POSTA MEDICA POLICIAL LOS SINCHIS";"NE_0001";"";"NE_0001";"NE_0001";"NE_0001";"NE_0001";"NE_0001";"NE_0001";"NE_0001"
"2023";"12";"200701";"PIURA";"TALARA";"PARIÑAS";"PRIVADO";"I-3";"00012085";"CENTRO MEDICO SAN PABLO-TALARA EIRL";"NE_0001";"";"NE_0001";"NE_0001";"NE_0001";"NE_0001";"NE_0001";"NE_0001";"NE_0001"
"2023";"12";"150108";"LIMA";"LIMA";"CHORRILLOS";"PRIVADO";"II-E";"00012220";"CLINICA REAL LOS LAURELES";"NE_0002";"";"NE_0002";"NE_0002";"NE_0002";"NE_0002";"NE_0002";"NE_0002";"NE_0002"
"2023";"12";"120114";"JUNIN";"HUANCAYO";"EL TAMBO";"PRIVADO";"II-E";"00025383";"CLINICA MEDICO QUIRURGICO HUANCAYO E.I.R.L.";"241200";"HOSPITALIZACIÓN QUIRÚRGICA TRAUMATOLOGÍA Y ORTOPEDIA ";"8";"8";"34";"6";"7";"210";"0"
"2023";"12";"120114";"JUNIN";"HUANCAYO";"EL TAMBO";"PRIVADO";"II-E";"00025383";"CLINICA MEDICO QUIRURGICO HUANCAYO E.I.R.L.";"240900";"HOSPITALIZACIÓN QUIRÚRGICA NEUROCIRUGÍA ";"5";"5";"11";"5";"9";"270";"0"
"2023";"12";"120114";"JUNIN";"HUANCAYO";"EL TAMBO";"PRIVADO";"II-E";"00025383";"CLINICA MEDICO QUIRURGICO HUANCAYO E.I.R.L.";"241100";"HOSPITALIZACIÓN QUIRÚRGICA OTORRINOLARINGOLOGÍA  ";"1";"1";"2";"2";"14";"420";"0"
"2023";"12";"120114";"JUNIN";"HUANCAYO";"EL TAMBO";"PRIVADO";"II-E";"00025383";"CLINICA MEDICO QUIRURGICO HUANCAYO E.I.R.L.";"241800";"HOSPITALIZACIÓN DE MEDICINA MEDICINA GENERAL ";"4";"3";"13";"3";"11";"330";"0"
"2023";"12";"120114";"JUNIN";"HUANCAYO";"EL TAMBO";"PRIVADO";"II-E";"00025383";"CLINICA MEDICO QUIRURGICO HUANCAYO E.I.R.L.";"240100";"HOSPITALIZACIÓN QUIRÚRGICA CIRUGÍA GENERAL ";"1";"1";"1";"3";"14";"420";"0"
"2023";"12";"130101";"LA LIBERTAD";"TRUJILLO";"TRUJILLO";"GOBIERNO REGIONAL";"II-1";"00005204";"HOSPITAL DE ESPECIALIDADES BASICAS LA NORIA";"241800";"HOSPITALIZACIÓN DE MEDICINA MEDICINA GENERAL ";"1";"1";"15";"15";"2";"62";"0"
"2023";"12";"130101";"LA LIBERTAD";"TRUJILLO";"TRUJILLO";"GOBIERNO REGIONAL";"II-1";"00005204";"HOSPITAL DE ESPECIALIDADES BASICAS LA NORIA";"243200";"HOSPITALIZACIÓN DE PEDIATRÍA PEDIATRIA NEONATOLOGÍA";"3";"3";"3";"3";"4";"124";"0"
"2023";"12";"130101";"LA LIBERTAD";"TRUJILLO";"TRUJILLO";"GOBIERNO REGIONAL";"II-1";"00005204";"HOSPITAL DE ESPECIALIDADES BASICAS LA NORIA";"240100";"HOSPITALIZACIÓN QUIRÚRGICA CIRUGÍA GENERAL ";"6";"6";"12";"12";"2";"62";"0"
"2023";"12";"130101";"LA LIBERTAD";"TRUJILLO";"TRUJILLO";"GOBIERNO REGIONAL";"II-1";"00005204";"HOSPITAL DE ESPECIALIDADES BASICAS LA NORIA";"241400";"HOSPITALIZACIÓN QUIRÚRGICA GINECO - OBSTETRICIA ";"67";"67";"102";"102";"4";"124";"0"
"2023";"12";"130101";"LA LIBERTAD";"TRUJILLO";"TRUJILLO";"GOBIERNO REGIONAL";"II-1";"00005204";"HOSPITAL DE ESPECIALIDADES BASICAS LA NORIA";"241600";"HOSPITALIZACIÓN QUIRÚRGICA OBSTETRICIA   ";"22";"22";"27";"27";"5";"155";"0"
"2023";"12";"140101";"LAMBAYEQUE";"CHICLAYO";"CHICLAYO";"PRIVADO";"II-E";"00016192";"CLÍNICA CHICLAYO S.A";"240100";"HOSPITALIZACIÓN QUIRÚRGICA CIRUGÍA GENERAL ";"51";"51";"65";"65";"6";"180";"0"
"2023";"12";"140101";"LAMBAYEQUE";"CHICLAYO";"CHICLAYO";"PRIVADO";"II-E";"00016192";"CLÍNICA CHICLAYO S.A";"241000";"HOSPITALIZACIÓN QUIRÚRGICA ONCOLOGÍA QUIRÚRGICA  ";"8";"8";"12";"13";"3";"93";"0"
"2023";"12";"140101";"LAMBAYEQUE";"CHICLAYO";"CHICLAYO";"PRIVADO";"II-E";"00016192";"CLÍNICA CHICLAYO S.A";"241500";"HOSPITALIZACIÓN QUIRÚRGICA GINECOLOGÍA  ";"15";"14";"23";"23";"3";"88";"0"
"2023";"12";"140101";"LAMBAYEQUE";"CHICLAYO";"CHICLAYO";"PRIVADO";"II-E";"00016192";"CLÍNICA CHICLAYO S.A";"241400";"HOSPITALIZACIÓN QUIRÚRGICA GINECO - OBSTETRICIA ";"9";"9";"13";"13";"2";"61";"0"
"2023";"12";"140101";"LAMBAYEQUE";"CHICLAYO";"CHICLAYO";"PRIVADO";"II-E";"00016192";"CLÍNICA CHICLAYO S.A";"242300";"HOSPITALIZACIÓN DE PEDIATRÍA  PEDIATRÍA  GENERAL ";"9";"9";"13";"13";"2";"61";"0"
"2023";"12";"140101";"LAMBAYEQUE";"CHICLAYO";"CHICLAYO";"PRIVADO";"II-E";"00016192";"CLÍNICA CHICLAYO S.A";"241200";"HOSPITALIZACIÓN QUIRÚRGICA TRAUMATOLOGÍA Y ORTOPEDIA ";"29";"30";"38";"38";"5";"155";"0"
"2023";"12";"130301";"LA LIBERTAD";"BOLIVAR";"BOLIVAR";"GOBIERNO REGIONAL";"II-1";"00005366";"HOSPITAL PROVINCIAL DE BOLIVAR";"241600";"HOSPITALIZACIÓN QUIRÚRGICA OBSTETRICIA   ";"2";"2";"2";"2";"4";"124";"0"
"2023";"12";"090117";"HUANCAVELICA";"HUANCAVELICA";"YAULI";"GOBIERNO REGIONAL";"I-1";"00003882";"PUCAPAMPA";"NE_0001";"";"NE_0001";"NE_0001";"NE_0001";"NE_0001";"NE_0001";"NE_0001";"NE_0001"
"2023";"12";"090117";"HUANCAVELICA";"HUANCAVELICA";"YAULI";"GOBIERNO REGIONAL";"I-4";"00003879";"YAULI";"245400";"HOSPITALIZACIÓN DE MEDICINA GINECOLOGIA ";"9";"9";"18";"18";"8";"24";"0"
"2023";"12";"090117";"HUANCAVELICA";"HUANCAVELICA";"YAULI";"GOBIERNO REGIONAL";"I-2";"00007343";"ATALLA";"NE_0001";"";"NE_0001";"NE_0001";"NE_0001";"NE_0001";"NE_0001";"NE_0001";"NE_0001"
"2023";"12";"090117";"HUANCAVELICA";"HUANCAVELICA";"YAULI";"GOBIERNO REGIONAL";"I-1";"00012641";"TACSANA";"NE_0001";"";"NE_0001";"NE_0001";"NE_0001";"NE_0001";"NE_0001";"NE_0001";"NE_0001"
"2023";"12";"090117";"HUANCAVELICA";"HUANCAVELICA";"YAULI";"GOBIERNO REGIONAL";"I-1";"00007406";"PALTAMACHAY";"NE_0001";"";"NE_0001";"NE_0001";"NE_0001";"NE_0001";"NE_0001";"NE_0001";"NE_0001"
"2023";"12";"090117";"HUANCAVELICA";"HUANCAVELICA";"YAULI";"GOBIERNO REGIONAL";"I-1";"00007454";"CHACARILLA";"NE_0001";"";"NE_0001";"NE_0001";"NE_0001";"NE_0001";"NE_0001";"NE_0001";"NE_0001"
"2023";"12";"150122";"LIMA";"LIMA";"MIRAFLORES";"PRIVADO";"III-2";"00008956";"CLINICA DEL INCA";"240000";"HOSPITALIZACIÓN";"2";"4";"21";"14";"14";"434";"0"
"2023";"12";"150122";"LIMA";"LIMA";"MIRAFLORES";"PRIVADO";"III-2";"00008956";"CLINICA DEL INCA";"250100";"UNIDAD DE CUIDADOS CRITICOS UNIDAD  DE CUIDADOS INTENSIVOS GENERALES (UCI) ";"3";"1";"2";"10";"5";"155";"0"
"2023";"12";"190305";"PASCO";"OXAPAMPA";"POZUZO";"GOBIERNO REGIONAL";"I-1";"00001098";"BUENA VISTA";"NE_0001";"";"NE_0001";"NE_0001";"NE_0001";"NE_0001";"NE_0001";"NE_0001";"NE_0001"
"2023";"12";"190305";"PASCO";"OXAPAMPA";"POZUZO";"GOBIERNO REGIONAL";"I-1";"00001094";"RIO TIGRE";"NE_0001";"";"NE_0001";"NE_0001";"NE_0001";"NE_0001";"NE_0001";"NE_0001";"NE_0001"
"2023";"12";"190305";"PASCO";"OXAPAMPA";"POZUZO";"GOBIERNO REGIONAL";"I-1";"00001099";"CUSHI";"NE_0001";"";"NE_0001";"NE_0001";"NE_0001";"NE_0001";"NE_0001";"NE_0001";"NE_0001"
"2023";"12";"190305";"PASCO";"OXAPAMPA";"POZUZO";"GOBIERNO REGIONAL";"I-2";"00001100";"SANTA ROSA";"NE_0001";"";"NE_0001";"NE_0001";"NE_0001";"NE_0001";"NE_0001";"NE_0001";"NE_0001"
"2023";"12";"190305";"PASCO";"OXAPAMPA";"POZUZO";"GOBIERNO REGIONAL";"I-1";"00001101";"ALTO LAGARTO";"NE_0001";"";"NE_0001";"NE_0001";"NE_0001";"NE_0001";"NE_0001";"NE_0001";"NE_0001"
"2023";"12";"190305";"PASCO";"OXAPAMPA";"POZUZO";"GOBIERNO REGIONAL";"I-1";"00001104";"ASCENCION";"NE_0001";"";"NE_0001";"NE_0001";"NE_0001";"NE_0001";"NE_0001";"NE_0001";"NE_0001"
"2023";"12";"190305";"PASCO";"OXAPAMPA";"POZUZO";"GOBIERNO REGIONAL";"I-1";"00011571";"TINGO MAL PASO";"NE_0001";"";"NE_0001";"NE_0001";"NE_0001";"NE_0001";"NE_0001";"NE_0001";"NE_0001"
"2023";"12";"190305";"PASCO";"OXAPAMPA";"POZUZO";"GOBIERNO REGIONAL";"I-2";"00001097";"CAÑACHACRA";"NE_0001";"";"NE_0001";"NE_0001";"NE_0001";"NE_0001";"NE_0001";"NE_0001";"NE_0001"
"2023";"12";"190305";"PASCO";"OXAPAMPA";"POZUZO";"GOBIERNO REGIONAL";"I-2";"00001103";"SANTA  VIRGINIA";"NE_0001";"";"NE_0001";"NE_0001";"NE_0001";"NE_0001";"NE_0001";"NE_0001";"NE_0001"
"2023";"12";"190305";"PASCO";"OXAPAMPA";"POZUZO";"GOBIERNO REGIONAL";"I-1";"00011570";"OSOMAYO";"NE_0001";"";"NE_0001";"NE_0001";"NE_0001";"NE_0001";"NE_0001";"NE_0001";"NE_0001"
"2023";"12";"190305";"PASCO";"OXAPAMPA";"POZUZO";"GOBIERNO REGIONAL";"I-2";"00001102";"SAN SALVADOR";"NE_0001";"";"NE_0001";"NE_0001";"NE_0001";"NE_0001";"NE_0001";"NE_0001";"NE_0001"
"2023";"12";"190305";"PASCO";"OXAPAMPA";"POZUZO";"GOBIERNO REGIONAL";"I-1";"00001095";"SAN JOSE";"NE_0001";"";"NE_0001";"NE_0001";"NE_0001";"NE_0001";"NE_0001";"NE_0001";"NE_0001"
"2023";"12";"220901";"SAN MARTIN";"SAN MARTIN";"TARAPOTO";"PRIVADO";"II-E";"00032615";"CLINICA RODRIGUEZ Y ESPECIALISTAS";"240100";"HOSPITALIZACIÓN QUIRÚRGICA CIRUGÍA GENERAL ";"18";"20";"66";"46";"8";"152";"0"
"2023";"12";"220901";"SAN MARTIN";"SAN MARTIN";"TARAPOTO";"PRIVADO";"II-E";"00032615";"CLINICA RODRIGUEZ Y ESPECIALISTAS";"241800";"HOSPITALIZACIÓN DE MEDICINA MEDICINA GENERAL ";"5";"4";"7";"8";"8";"40";"0"
"2023";"12";"140101";"LAMBAYEQUE";"CHICLAYO";"CHICLAYO";"PRIVADO";"II-E";"00016192";"CLÍNICA CHICLAYO S.A";"240800";"HOSPITALIZACIÓN QUIRÚRGICA CIRUGÍA PLÁSTICA/RECONSTRUCTIVA/ REPARADORA ";"4";"5";"6";"6";"1";"32";"0"
"2023";"12";"140101";"LAMBAYEQUE";"CHICLAYO";"CHICLAYO";"PRIVADO";"II-E";"00016192";"CLÍNICA CHICLAYO S.A";"240400";"HOSPITALIZACIÓN QUIRÚRGICA CIRUGÍA DE TÓRAX Y CARDIOVASCULAR ";"3";"3";"4";"4";"1";"30";"0"
"2023";"12";"140101";"LAMBAYEQUE";"CHICLAYO";"CHICLAYO";"PRIVADO";"II-E";"00016192";"CLÍNICA CHICLAYO S.A";"241900";"HOSPITALIZACIÓN DE MEDICINA MEDICINA INTERNA ";"7";"7";"10";"10";"2";"61";"0"
"2023";"12";"140101";"LAMBAYEQUE";"CHICLAYO";"CHICLAYO";"PRIVADO";"II-E";"00016192";"CLÍNICA CHICLAYO S.A";"241300";"HOSPITALIZACIÓN QUIRÚRGICA UROLOGÍA  ";"2";"2";"3";"3";"1";"31";"0"
"2023";"12";"120201";"JUNIN";"CONCEPCION";"CONCEPCION";"GOBIERNO REGIONAL";"II-E";"00027857";"INSTITUTO REGIONAL DE ENFERMEDADES NEOPLÁSICAS DEL CENTRO - IREN CENTRO";"242100";"HOSPITALIZACIÓN DE MEDICINA ONCOLOGÍA MÉDICA ";"124";"123";"679";"655";"25";"775";"15"
"2023";"12";"120201";"JUNIN";"CONCEPCION";"CONCEPCION";"GOBIERNO REGIONAL";"II-E";"00027857";"INSTITUTO REGIONAL DE ENFERMEDADES NEOPLÁSICAS DEL CENTRO - IREN CENTRO";"241000";"HOSPITALIZACIÓN QUIRÚRGICA ONCOLOGÍA QUIRÚRGICA  ";"84";"93";"448";"462";"20";"620";"2"
"2023";"12";"120201";"JUNIN";"CONCEPCION";"CONCEPCION";"GOBIERNO REGIONAL";"II-E";"00027857";"INSTITUTO REGIONAL DE ENFERMEDADES NEOPLÁSICAS DEL CENTRO - IREN CENTRO";"250100";"UNIDAD DE CUIDADOS CRITICOS UNIDAD  DE CUIDADOS INTENSIVOS GENERALES (UCI) ";"7";"8";"84";"88";"4";"124";"2"
"2023";"12";"120201";"JUNIN";"CONCEPCION";"CONCEPCION";"GOBIERNO REGIONAL";"II-E";"00027857";"INSTITUTO REGIONAL DE ENFERMEDADES NEOPLÁSICAS DEL CENTRO - IREN CENTRO";"250200";"UNIDAD DE CUIDADOS CRITICOS UNIDAD DE CUIDADOS INTERMEDIOS GENERAL  (UCIN) ";"10";"12";"58";"49";"2";"62";"1"
"2023";"12";"130301";"LA LIBERTAD";"BOLIVAR";"BOLIVAR";"GOBIERNO REGIONAL";"II-1";"00005366";"HOSPITAL PROVINCIAL DE BOLIVAR";"241800";"HOSPITALIZACIÓN DE MEDICINA MEDICINA GENERAL ";"2";"2";"9";"9";"4";"124";"0"
"2023";"11";"040201";"AREQUIPA";"CAMANA";"CAMANA";"GOBIERNO REGIONAL";"II-1";"00001344";"HOSPITAL DE CAMANA";"240100";"HOSPITALIZACIÓN QUIRÚRGICA CIRUGÍA GENERAL ";"19";"21";"100";"162";"12";"360";"0"
"2023";"11";"040201";"AREQUIPA";"CAMANA";"CAMANA";"GOBIERNO REGIONAL";"II-1";"00001344";"HOSPITAL DE CAMANA";"241200";"HOSPITALIZACIÓN QUIRÚRGICA TRAUMATOLOGÍA Y ORTOPEDIA ";"10";"12";"129";"191";"3";"260";"0"
"2023";"11";"040201";"AREQUIPA";"CAMANA";"CAMANA";"GOBIERNO REGIONAL";"II-1";"00001344";"HOSPITAL DE CAMANA";"241500";"HOSPITALIZACIÓN QUIRÚRGICA GINECOLOGÍA  ";"78";"81";"170";"232";"17";"360";"0"
"2023";"11";"040201";"AREQUIPA";"CAMANA";"CAMANA";"GOBIERNO REGIONAL";"II-1";"00001344";"HOSPITAL DE CAMANA";"241900";"HOSPITALIZACIÓN DE MEDICINA MEDICINA INTERNA ";"23";"30";"250";"312";"18";"480";"5"
"2023";"11";"040201";"AREQUIPA";"CAMANA";"CAMANA";"GOBIERNO REGIONAL";"II-1";"00001344";"HOSPITAL DE CAMANA";"242500";"HOSPITALIZACIÓN-PEDIATRÍA GENERAL-";"8";"9";"34";"96";"13";"189";"0"
"2023";"11";"040201";"AREQUIPA";"CAMANA";"CAMANA";"GOBIERNO REGIONAL";"II-1";"00001344";"HOSPITAL DE CAMANA";"243200";"HOSPITALIZACIÓN DE PEDIATRÍA PEDIATRIA NEONATOLOGÍA";"24";"24";"46";"108";"8";"240";"0"
"2023";"11";"060106";"CAJAMARCA";"CAJAMARCA";"JESUS";"GOBIERNO REGIONAL";"I-1";"00004637";"YANAMARCA";"NE_0001";"";"NE_0001";"NE_0001";"NE_0001";"NE_0001";"NE_0001";"NE_0001";"NE_0001"
"2023";"11";"060101";"CAJAMARCA";"CAJAMARCA";"CAJAMARCA";"GOBIERNO REGIONAL";"I-3";"00004645";"MAGNA VALLEJO";"NE_0001";"";"NE_0001";"NE_0001";"NE_0001";"NE_0001";"NE_0001";"NE_0001";"NE_0001"
"2023";"11";"060101";"CAJAMARCA";"CAJAMARCA";"CAJAMARCA";"GOBIERNO REGIONAL";"I-1";"00012831";"AYLAMBO";"NE_0001";"";"NE_0001";"NE_0001";"NE_0001";"NE_0001";"NE_0001";"NE_0001";"NE_0001"
"2023";"11";"060101";"CAJAMARCA";"CAJAMARCA";"CAJAMARCA";"GOBIERNO REGIONAL";"I-1";"00004642";"PATA PATA";"NE_0001";"";"NE_0001";"NE_0001";"NE_0001";"NE_0001";"NE_0001";"NE_0001";"NE_0001"
"2023";"11";"060101";"CAJAMARCA";"CAJAMARCA";"CAJAMARCA";"GOBIERNO REGIONAL";"I-1";"00004644";"PARIAMARCA";"NE_0001";"";"NE_0001";"NE_0001";"NE_0001";"NE_0001";"NE_0001";"NE_0001";"NE_0001"
"2023";"12";"150135";"LIMA";"LIMA";"SAN MARTIN DE PORRES";"MINSA";"III-2";"00007733";"INSTITUTO NACIONAL DE SALUD MENTAL ""HONORIO DELGADO - HIDEYO NOGUCHI""";"242202";"HOSPITALIZACIÓN DE MEDICINA PSIQUIATRÍA PSIQUIATRÍA DEL ADULTO Y GERONTE";"16";"23";"1607";"1384";"49";"1519";"0"
"2023";"12";"150135";"LIMA";"LIMA";"SAN MARTIN DE PORRES";"MINSA";"III-2";"00007733";"INSTITUTO NACIONAL DE SALUD MENTAL ""HONORIO DELGADO - HIDEYO NOGUCHI""";"242203";"HOSPITALIZACIÓN DE MEDICINA PSIQUIATRÍA PSIQUIATRÍA DEL NIÑO Y DEL ADOLESCENTE";"8";"8";"296";"358";"12";"372";"0"
"2023";"12";"150135";"LIMA";"LIMA";"SAN MARTIN DE PORRES";"MINSA";"III-2";"00007733";"INSTITUTO NACIONAL DE SALUD MENTAL ""HONORIO DELGADO - HIDEYO NOGUCHI""";"242205";"HOSPITALIZACIÓN MEDICINA PSIQUIATRÍA PISIQUIATRIA/ SALUD MENTAL Y ADICCIONES";"11";"4";"192";"672";"30";"930";"0"
"2023";"12";"150137";"LIMA";"LIMA";"SANTA ANITA";"MINSA";"III-1";"00005948";"HOSPITAL HERMILIO VALDIZAN";"242202";"HOSPITALIZACIÓN DE MEDICINA PSIQUIATRÍA PSIQUIATRÍA DEL ADULTO Y GERONTE";"43";"52";"1927";"3554";"159";"4929";"0"
"2023";"12";"180201";"MOQUEGUA";"GENERAL SANCHEZ CERRO";"OMATE";"ESSALUD";"I-2";"00026055";"POSTA MEDICA OMATE";"NE_0001";"";"NE_0001";"NE_0001";"NE_0001";"NE_0001";"NE_0001";"NE_0001";"NE_0001"
"2023";"12";"070102";"CALLAO";"CALLAO";"BELLAVISTA";"PRIVADO";"II-E";"00018670";"CLINICA G'STAR";"240000";"HOSPITALIZACIÓN";"25";"25";"54";"56";"10";"300";"0"
"2023";"12";"120707";"JUNIN";"TARMA";"PALCAMAYO";"GOBIERNO REGIONAL";"I-1";"00000528";"YANAPUQUIO";"NE_0001";"";"NE_0001";"NE_0001";"NE_0001";"NE_0001";"NE_0001";"NE_0001";"NE_0001"
"2023";"12";"090114";"HUANCAVELICA";"HUANCAVELICA";"PALCA";"GOBIERNO REGIONAL";"I-1";"00003903";"HUAYANAY";"NE_0002";"";"NE_0002";"NE_0002";"NE_0002";"NE_0002";"NE_0002";"NE_0002";"NE_0002"
"2023";"12";"090114";"HUANCAVELICA";"HUANCAVELICA";"PALCA";"GOBIERNO REGIONAL";"I-3";"00003902";"PALCA";"NE_0001";"";"NE_0001";"NE_0001";"NE_0001";"NE_0001";"NE_0001";"NE_0001";"NE_0001"
"2023";"12";"090114";"HUANCAVELICA";"HUANCAVELICA";"PALCA";"GOBIERNO REGIONAL";"I-1";"00007342";"CHILLHUAPAMPA";"NE_0002";"";"NE_0002";"NE_0002";"NE_0002";"NE_0002";"NE_0002";"NE_0002";"NE_0002"
"2023";"12";"090114";"HUANCAVELICA";"HUANCAVELICA";"PALCA";"GOBIERNO REGIONAL";"I-1";"00011351";"PUTACCA";"NE_0002";"";"NE_0002";"NE_0002";"NE_0002";"NE_0002";"NE_0002";"NE_0002";"NE_0002"
"2023";"12";"150135";"LIMA";"LIMA";"SAN MARTIN DE PORRES";"PRIVADO";"II-E";"00025573";"CREO Clínica Renal y Oncológica";"NE_0001";"";"NE_0001";"NE_0001";"NE_0001";"NE_0001";"NE_0001";"NE_0001";"NE_0001"
"2023";"12";"150122";"LIMA";"LIMA";"MIRAFLORES";"ESSALUD";"I-3";"00009298";"POLICLINICO CENTRAL DE PREVENCION LARCO";"NE_0001";"";"NE_0001";"NE_0001";"NE_0001";"NE_0001";"NE_0001";"NE_0001";"NE_0001"
"2023";"12";"030104";"APURIMAC";"ABANCAY";"CURAHUASI";"PRIVADO";"II-1";"00008108";"HOSPITAL  DIOSPI SUYANA";"240000";"HOSPITALIZACIÓN";"114";"128";"544";"735";"49";"1381";"1"
"2023";"12";"150121";"LIMA";"LIMA";"PUEBLO LIBRE";"PRIVADO";"II-1";"00010831";"centro Especializado en Odontoestomatología";"NE_0001";"";"NE_0001";"NE_0001";"NE_0001";"NE_0001";"NE_0001";"NE_0001";"NE_0001"
"2023";"12";"130101";"LA LIBERTAD";"TRUJILLO";"TRUJILLO";"PRIVADO";"II-1";"00012292";"CLINICA  BELMED";"240800";"HOSPITALIZACIÓN QUIRÚRGICA CIRUGÍA PLÁSTICA/RECONSTRUCTIVA/ REPARADORA ";"28";"28";"0";"1";"4";"5";"0"
"2023";"12";"250304";"UCAYALI";"PADRE ABAD";"NESHUYA";"GOBIERNO REGIONAL";"I-1";"00007116";"VILLA DEL CAMPO";"NE_0001";"";"NE_0001";"NE_0001";"NE_0001";"NE_0001";"NE_0001";"NE_0001";"NE_0001"
"2023";"12";"110113";"ICA";"ICA";"TATE";"GOBIERNO REGIONAL";"I-3";"00003371";"TATE";"NE_0001";"";"NE_0001";"NE_0001";"NE_0001";"NE_0001";"NE_0001";"NE_0001";"NE_0001"
"2023";"12";"110107";"ICA";"ICA";"PUEBLO NUEVO";"GOBIERNO REGIONAL";"I-1";"00003403";"CALLEJON LOS ESPINOS";"NE_0001";"";"NE_0001";"NE_0001";"NE_0001";"NE_0001";"NE_0001";"NE_0001";"NE_0001"
"2023";"12";"250304";"UCAYALI";"PADRE ABAD";"NESHUYA";"GOBIERNO REGIONAL";"I-1";"00030508";"PUESTO DE SALUD NOLBERTH DE ALTO ARUYA";"NE_0001";"";"NE_0001";"NE_0001";"NE_0001";"NE_0001";"NE_0001";"NE_0001";"NE_0001"
"2023";"12";"100503";"HUANUCO";"HUAMALIES";"CHAVIN DE PARIARCA";"GOBIERNO REGIONAL";"I-1";"00000899";"SAN JUAN DE PAMPAS";"NE_0001";"";"NE_0001";"NE_0001";"NE_0001";"NE_0001";"NE_0001";"NE_0001";"NE_0001"
"2023";"12";"100503";"HUANUCO";"HUAMALIES";"CHAVIN DE PARIARCA";"GOBIERNO REGIONAL";"I-1";"00007720";"QUIPRAN";"NE_0001";"";"NE_0001";"NE_0001";"NE_0001";"NE_0001";"NE_0001";"NE_0001";"NE_0001"
"2023";"12";"100503";"HUANUCO";"HUAMALIES";"CHAVIN DE PARIARCA";"GOBIERNO REGIONAL";"I-3";"00000896";"CHAVIN DE PARIARCA";"NE_0001";"";"NE_0001";"NE_0001";"NE_0001";"NE_0001";"NE_0001";"NE_0001";"NE_0001"
"2023";"12";"040104";"AREQUIPA";"AREQUIPA";"CERRO COLORADO";"GOBIERNO REGIONAL";"I-3";"00001238";"CENTRO DE SALUD MARISCAL CASTILLA";"NE_0001";"";"NE_0001";"NE_0001";"NE_0001";"NE_0001";"NE_0001";"NE_0001";"NE_0001"
"2023";"12";"040104";"AREQUIPA";"AREQUIPA";"CERRO COLORADO";"GOBIERNO REGIONAL";"I-3";"00001249";"CENTRO DE SALUD SEMI RURAL PACHACUTEC";"NE_0001";"";"NE_0001";"NE_0001";"NE_0001";"NE_0001";"NE_0001";"NE_0001";"NE_0001"
"2023";"12";"040104";"AREQUIPA";"AREQUIPA";"CERRO COLORADO";"GOBIERNO REGIONAL";"I-2";"00001250";"PUESTO DE SALUD JOSE SANTOS ATAHUALPA";"NE_0001";"";"NE_0001";"NE_0001";"NE_0001";"NE_0001";"NE_0001";"NE_0001";"NE_0001"
"2023";"12";"040104";"AREQUIPA";"AREQUIPA";"CERRO COLORADO";"GOBIERNO REGIONAL";"I-1";"00001252";"PUESTO DE SALUD EL CURAL";"NE_0001";"";"NE_0001";"NE_0001";"NE_0001";"NE_0001";"NE_0001";"NE_0001";"NE_0001"
"2023";"11";"150135";"LIMA";"LIMA";"SAN MARTIN DE PORRES";"MINSA";"III-1";"00007633";"HOSPITAL NACIONAL CAYETANO HEREDIA";"241900";"HOSPITALIZACIÓN DE MEDICINA MEDICINA INTERNA ";"186";"197";"3333";"2469";"87";"2610";"25"
"2023";"11";"150135";"LIMA";"LIMA";"SAN MARTIN DE PORRES";"MINSA";"III-1";"00007633";"HOSPITAL NACIONAL CAYETANO HEREDIA";"245300";"HOSPITALIZACIÓN DE MEDICINA NEUMOLOGÍA  ";"21";"18";"439";"555";"19";"570";"2"
"2023";"11";"150135";"LIMA";"LIMA";"SAN MARTIN DE PORRES";"MINSA";"III-1";"00007633";"HOSPITAL NACIONAL CAYETANO HEREDIA";"242000";"HOSPITALIZACIÓN DE MEDICINA MEDICINA TROPICAL E INFECCIOSAS ";"53";"45";"1090";"1020";"35";"1050";"5"
"2023";"11";"150135";"LIMA";"LIMA";"SAN MARTIN DE PORRES";"MINSA";"III-1";"00007633";"HOSPITAL NACIONAL CAYETANO HEREDIA";"240100";"HOSPITALIZACIÓN QUIRÚRGICA CIRUGÍA GENERAL ";"236";"282";"2295";"1764";"64";"1920";"1"
"2023";"11";"150135";"LIMA";"LIMA";"SAN MARTIN DE PORRES";"MINSA";"III-1";"00007633";"HOSPITAL NACIONAL CAYETANO HEREDIA";"240500";"HOSPITALIZACIÓN QUIRÚRGICA CIRUGÍA DE TRANSPLANTES ";"13";"11";"144";"167";"10";"300";"0"
"2023";"11";"150135";"LIMA";"LIMA";"SAN MARTIN DE PORRES";"MINSA";"III-1";"00007633";"HOSPITAL NACIONAL CAYETANO HEREDIA";"241200";"HOSPITALIZACIÓN QUIRÚRGICA TRAUMATOLOGÍA Y ORTOPEDIA ";"95";"99";"2072";"1657";"58";"1740";"0"
"2023";"11";"150135";"LIMA";"LIMA";"SAN MARTIN DE PORRES";"MINSA";"III-1";"00007633";"HOSPITAL NACIONAL CAYETANO HEREDIA";"242300";"HOSPITALIZACIÓN DE PEDIATRÍA  PEDIATRÍA  GENERAL ";"162";"173";"1312";"984";"49";"1470";"1"
"2023";"11";"150135";"LIMA";"LIMA";"SAN MARTIN DE PORRES";"MINSA";"III-1";"00007633";"HOSPITAL NACIONAL CAYETANO HEREDIA";"241500";"HOSPITALIZACIÓN QUIRÚRGICA GINECOLOGÍA  ";"172";"152";"484";"613";"22";"637";"0"
"2023";"11";"150135";"LIMA";"LIMA";"SAN MARTIN DE PORRES";"MINSA";"III-1";"00007633";"HOSPITAL NACIONAL CAYETANO HEREDIA";"241600";"HOSPITALIZACIÓN QUIRÚRGICA OBSTETRICIA   ";"315";"295";"1059";"989";"34";"1020";"0"
"2023";"11";"150601";"LIMA";"HUARAL";"HUARAL";"GOBIERNO REGIONAL";"II-2";"00007637";"HOSPITAL SAN JUAN BAUTISTA HUARAL";"240100";"HOSPITALIZACIÓN QUIRÚRGICA CIRUGÍA GENERAL ";"90";"99";"248";"86";"11";"330";"0"
"2023";"11";"150601";"LIMA";"HUARAL";"HUARAL";"GOBIERNO REGIONAL";"II-2";"00007637";"HOSPITAL SAN JUAN BAUTISTA HUARAL";"241200";"HOSPITALIZACIÓN QUIRÚRGICA TRAUMATOLOGÍA Y ORTOPEDIA ";"9";"12";"150";"14";"8";"240";"0"
"2023";"11";"150601";"LIMA";"HUARAL";"HUARAL";"GOBIERNO REGIONAL";"II-2";"00007637";"HOSPITAL SAN JUAN BAUTISTA HUARAL";"241300";"HOSPITALIZACIÓN QUIRÚRGICA UROLOGÍA  ";"1";"1";"1";"1";"1";"30";"0"
"2023";"11";"150601";"LIMA";"HUARAL";"HUARAL";"GOBIERNO REGIONAL";"II-2";"00007637";"HOSPITAL SAN JUAN BAUTISTA HUARAL";"241400";"HOSPITALIZACIÓN QUIRÚRGICA GINECO - OBSTETRICIA ";"124";"129";"365";"128";"25";"750";"0"
"2023";"11";"150601";"LIMA";"HUARAL";"HUARAL";"GOBIERNO REGIONAL";"II-2";"00007637";"HOSPITAL SAN JUAN BAUTISTA HUARAL";"241500";"HOSPITALIZACIÓN QUIRÚRGICA GINECOLOGÍA  ";"16";"22";"81";"39";"2";"60";"0"
"2023";"11";"150601";"LIMA";"HUARAL";"HUARAL";"GOBIERNO REGIONAL";"II-2";"00007637";"HOSPITAL SAN JUAN BAUTISTA HUARAL";"241800";"HOSPITALIZACIÓN DE MEDICINA MEDICINA GENERAL ";"47";"65";"416";"49";"14";"420";"11"
"2023";"11";"150601";"LIMA";"HUARAL";"HUARAL";"GOBIERNO REGIONAL";"II-2";"00007637";"HOSPITAL SAN JUAN BAUTISTA HUARAL";"242500";"HOSPITALIZACIÓN-PEDIATRÍA GENERAL-";"22";"26";"109";"30";"5";"150";"0"
"2023";"11";"150601";"LIMA";"HUARAL";"HUARAL";"GOBIERNO REGIONAL";"II-2";"00007637";"HOSPITAL SAN JUAN BAUTISTA HUARAL";"243200";"HOSPITALIZACIÓN DE PEDIATRÍA PEDIATRIA NEONATOLOGÍA";"9";"9";"37";"23";"5";"150";"0"
"2023";"11";"150601";"LIMA";"HUARAL";"HUARAL";"GOBIERNO REGIONAL";"II-2";"00007637";"HOSPITAL SAN JUAN BAUTISTA HUARAL";"250103";"UNIDAD DE CUIDADOS CRITICOS UNIDAD  DE CUIDADOS INTENSIVOS GENERALES  (UCI) MEDICINA";"5";"7";"40";"12";"8";"240";"1"
"2023";"11";"150601";"LIMA";"HUARAL";"HUARAL";"GOBIERNO REGIONAL";"II-2";"00007637";"HOSPITAL SAN JUAN BAUTISTA HUARAL";"250105";"UNIDAD DE CUIDADOS CRITICOS UNIDAD  DE CUIDADOS INTENSIVOS  (UCI) NEONATOLOGÍA";"12";"12";"37";"4";"2";"60";"0"
"2023";"11";"080907";"CUSCO";"LA CONVENCION";"KIMBIRI";"GOBIERNO REGIONAL";"II-E";"00002469";"SAN JUAN DE KIMBIRI-VRAEM";"240100";"HOSPITALIZACIÓN QUIRÚRGICA CIRUGÍA GENERAL ";"27";"28";"153";"148";"13";"401";"0"
"2023";"11";"080907";"CUSCO";"LA CONVENCION";"KIMBIRI";"GOBIERNO REGIONAL";"II-E";"00002469";"SAN JUAN DE KIMBIRI-VRAEM";"241400";"HOSPITALIZACIÓN QUIRÚRGICA GINECO - OBSTETRICIA ";"109";"102";"236";"326";"10";"345";"0"
"2023";"11";"080907";"CUSCO";"LA CONVENCION";"KIMBIRI";"GOBIERNO REGIONAL";"II-E";"00002469";"SAN JUAN DE KIMBIRI-VRAEM";"241800";"HOSPITALIZACIÓN DE MEDICINA MEDICINA GENERAL ";"19";"22";"85";"95";"5";"157";"1"
"2023";"11";"080907";"CUSCO";"LA CONVENCION";"KIMBIRI";"GOBIERNO REGIONAL";"II-E";"00002469";"SAN JUAN DE KIMBIRI-VRAEM";"242500";"HOSPITALIZACIÓN-PEDIATRÍA GENERAL-";"48";"44";"160";"187";"15";"465";"0"
"2023";"11";"220505";"SAN MARTIN";"LAMAS";"CUÑUMBUQUI";"GOBIERNO REGIONAL";"I-3";"00006396";"CUÑUMBUQUE";"241600";"HOSPITALIZACIÓN QUIRÚRGICA OBSTETRICIA   ";"4";"4";"4";"4";"2";"60";"0"
"2023";"11";"220511";"SAN MARTIN";"LAMAS";"ZAPATERO";"GOBIERNO REGIONAL";"I-1";"00006401";"PROGRESO";"NE_0002";"";"NE_0002";"NE_0002";"NE_0002";"NE_0002";"NE_0002";"NE_0002";"NE_0002"
"2023";"11";"220511";"SAN MARTIN";"LAMAS";"ZAPATERO";"GOBIERNO REGIONAL";"I-1";"00006405";"BAGAZAN";"NE_0002";"";"NE_0002";"NE_0002";"NE_0002";"NE_0002";"NE_0002";"NE_0002";"NE_0002"
"2023";"11";"220505";"SAN MARTIN";"LAMAS";"CUÑUMBUQUI";"GOBIERNO REGIONAL";"I-1";"00006397";"SAN RAFAEL DEL RIO MAYO";"NE_0002";"";"NE_0002";"NE_0002";"NE_0002";"NE_0002";"NE_0002";"NE_0002";"NE_0002"
"2023";"11";"220511";"SAN MARTIN";"LAMAS";"ZAPATERO";"GOBIERNO REGIONAL";"I-1";"00006398";"SAN FERNANDO";"NE_0002";"";"NE_0002";"NE_0002";"NE_0002";"NE_0002";"NE_0002";"NE_0002";"NE_0002"
"2023";"11";"220511";"SAN MARTIN";"LAMAS";"ZAPATERO";"GOBIERNO REGIONAL";"I-1";"00006402";"UCHUMULLACA";"NE_0002";"";"NE_0002";"NE_0002";"NE_0002";"NE_0002";"NE_0002";"NE_0002";"NE_0002"
"2023";"11";"220511";"SAN MARTIN";"LAMAS";"ZAPATERO";"GOBIERNO REGIONAL";"I-1";"00006399";"ZAPATERO";"NE_0002";"";"NE_0002";"NE_0002";"NE_0002";"NE_0002";"NE_0002";"NE_0002";"NE_0002"
"2023";"11";"220505";"SAN MARTIN";"LAMAS";"CUÑUMBUQUI";"GOBIERNO REGIONAL";"I-1";"00006377";"LAS FLORES DE MAMONAQUIHUA";"NE_0002";"";"NE_0002";"NE_0002";"NE_0002";"NE_0002";"NE_0002";"NE_0002";"NE_0002"
"2023";"11";"220505";"SAN MARTIN";"LAMAS";"CUÑUMBUQUI";"GOBIERNO REGIONAL";"I-1";"00006378";"MAMONAQUIHUA";"NE_0002";"";"NE_0002";"NE_0002";"NE_0002";"NE_0002";"NE_0002";"NE_0002";"NE_0002"
"2023";"11";"220511";"SAN MARTIN";"LAMAS";"ZAPATERO";"GOBIERNO REGIONAL";"I-1";"00006400";"NUEVO CELENDIN";"NE_0002";"";"NE_0002";"NE_0002";"NE_0002";"NE_0002";"NE_0002";"NE_0002";"NE_0002"
"2023";"11";"220511";"SAN MARTIN";"LAMAS";"ZAPATERO";"GOBIERNO REGIONAL";"I-1";"00006404";"SANTA CRUZ DE SHITARIYACU";"NE_0002";"";"NE_0002";"NE_0002";"NE_0002";"NE_0002";"NE_0002";"NE_0002";"NE_0002"
"2023";"11";"220505";"SAN MARTIN";"LAMAS";"CUÑUMBUQUI";"GOBIERNO REGIONAL";"I-1";"00006784";"ALTO ANDINO";"NE_0002";"";"NE_0002";"NE_0002";"NE_0002";"NE_0002";"NE_0002";"NE_0002";"NE_0002"
"2023";"11";"220511";"SAN MARTIN";"LAMAS";"ZAPATERO";"GOBIERNO REGIONAL";"I-1";"00006810";"VISTOSO GRANDE";"NE_0002";"";"NE_0002";"NE_0002";"NE_0002";"NE_0002";"NE_0002";"NE_0002";"NE_0002"
"2023";"11";"220505";"SAN MARTIN";"LAMAS";"CUÑUMBUQUI";"GOBIERNO REGIONAL";"I-1";"00006372";"SAN FRANCISCO DEL RIO MAYO";"NE_0002";"";"NE_0002";"NE_0002";"NE_0002";"NE_0002";"NE_0002";"NE_0002";"NE_0002"
"2023";"11";"220511";"SAN MARTIN";"LAMAS";"ZAPATERO";"GOBIERNO REGIONAL";"I-1";"00006403";"CARAÑAYACU";"NE_0002";"";"NE_0002";"NE_0002";"NE_0002";"NE_0002";"NE_0002";"NE_0002";"NE_0002"
"2023";"11";"220511";"SAN MARTIN";"LAMAS";"ZAPATERO";"GOBIERNO REGIONAL";"I-1";"00006406";"NUEVO MUNDO";"NE_0002";"";"NE_0002";"NE_0002";"NE_0002";"NE_0002";"NE_0002";"NE_0002";"NE_0002"
"2023";"11";"100510";"HUANUCO";"HUAMALIES";"SINGA";"GOBIERNO REGIONAL";"I-1";"00017149";"SANTA ROSA DE PAMPAN";"NE_0001";"";"NE_0001";"NE_0001";"NE_0001";"NE_0001";"NE_0001";"NE_0001";"NE_0001"
"2023";"12";"100601";"HUANUCO";"LEONCIO PRADO";"RUPA-RUPA";"SANIDAD DE LA POLICIA NACIONAL DEL PERU";"I-2";"00015771";"POSTA MEDICA POLICIAL TINGO MARIA";"NE_0001";"";"NE_0001";"NE_0001";"NE_0001";"NE_0001";"NE_0001";"NE_0001";"NE_0001"
"2023";"12";"150117";"LIMA";"LIMA";"LOS OLIVOS";"PRIVADO";"II-E";"00023151";"CLINICA CORI";"240000";"HOSPITALIZACIÓN";"27";"26";"40";"57";"14";"434";"0"
"2023";"12";"150130";"LIMA";"LIMA";"SAN BORJA";"PRIVADO";"II-E";"00011372";"FUTURO VISION";"NE_0001";"";"NE_0001";"NE_0001";"NE_0001";"NE_0001";"NE_0001";"NE_0001";"NE_0001"
"2023";"12";"040101";"AREQUIPA";"AREQUIPA";"AREQUIPA";"PRIVADO";"II-E";"00032002";"OFTALMOSALUD AREQUIPA  S.A.C.";"NE_0001";"";"NE_0001";"NE_0001";"NE_0001";"NE_0001";"NE_0001";"NE_0001";"NE_0001"
"2023";"12";"070101";"CALLAO";"CALLAO";"CALLAO";"GOBIERNO REGIONAL";"I-2";"00006244";"PUESTO DE SALUD 200 MILLAS";"NE_0001";"";"NE_0001";"NE_0001";"NE_0001";"NE_0001";"NE_0001";"NE_0001";"NE_0001"
"2023";"12";"070101";"CALLAO";"CALLAO";"CALLAO";"GOBIERNO REGIONAL";"I-2";"00006768";"PUESTO DE SALUD PALMERAS DE OQUENDO";"NE_0001";"";"NE_0001";"NE_0001";"NE_0001";"NE_0001";"NE_0001";"NE_0001";"NE_0001"
"2023";"12";"120909";"JUNIN";"CHUPACA";"YANACANCHA";"GOBIERNO REGIONAL";"I-1";"00000662";"SANTO DOMINGO DE CACHI";"NE_0001";"";"NE_0001";"NE_0001";"NE_0001";"NE_0001";"NE_0001";"NE_0001";"NE_0001"
"2023";"12";"120907";"JUNIN";"CHUPACA";"SAN JUAN DE JARPA";"GOBIERNO REGIONAL";"I-1";"00012470";"SHICUY";"NE_0001";"";"NE_0001";"NE_0001";"NE_0001";"NE_0001";"NE_0001";"NE_0001";"NE_0001"
"2023";"12";"120302";"JUNIN";"CHANCHAMAYO";"PERENE";"GOBIERNO REGIONAL";"I-2";"00000325";"CENTRO POBLADO MENOR LA FLORIDA";"NE_0001";"";"NE_0001";"NE_0001";"NE_0001";"NE_0001";"NE_0001";"NE_0001";"NE_0001"
"2023";"12";"120302";"JUNIN";"CHANCHAMAYO";"PERENE";"GOBIERNO REGIONAL";"I-1";"00000329";"HUACAMAYO";"NE_0001";"";"NE_0001";"NE_0001";"NE_0001";"NE_0001";"NE_0001";"NE_0001";"NE_0001"
"2023";"12";"120304";"JUNIN";"CHANCHAMAYO";"SAN LUIS DE SHUARO";"GOBIERNO REGIONAL";"I-1";"00000336";"ALTO YAPAZ";"NE_0001";"";"NE_0001";"NE_0001";"NE_0001";"NE_0001";"NE_0001";"NE_0001";"NE_0001"
"2023";"12";"120302";"JUNIN";"CHANCHAMAYO";"PERENE";"GOBIERNO REGIONAL";"I-4";"00000318";"VILLA PERENE";"241600";"HOSPITALIZACIÓN QUIRÚRGICA OBSTETRICIA   ";"07";"07";"16";"16";"3";"93";"0"
"2023";"12";"120302";"JUNIN";"CHANCHAMAYO";"PERENE";"GOBIERNO REGIONAL";"I-4";"00000318";"VILLA PERENE";"241800";"HOSPITALIZACIÓN DE MEDICINA MEDICINA GENERAL ";"13";"13";"72";"74";"9";"279";"0"
"2023";"12";"120302";"JUNIN";"CHANCHAMAYO";"PERENE";"GOBIERNO REGIONAL";"I-2";"00000319";"BAJO MARANKIARI";"NE_0001";"";"NE_0001";"NE_0001";"NE_0001";"NE_0001";"NE_0001";"NE_0001";"NE_0001"
"2023";"12";"120302";"JUNIN";"CHANCHAMAYO";"PERENE";"GOBIERNO REGIONAL";"I-1";"00000333";"CENTRO TOTERANI";"NE_0001";"";"NE_0001";"NE_0001";"NE_0001";"NE_0001";"NE_0001";"NE_0001";"NE_0001"
"2023";"12";"120302";"JUNIN";"CHANCHAMAYO";"PERENE";"GOBIERNO REGIONAL";"I-1";"00007319";"SANTA ROSA TOTERANI";"NE_0001";"";"NE_0001";"NE_0001";"NE_0001";"NE_0001";"NE_0001";"NE_0001";"NE_0001"
"2023";"12";"120302";"JUNIN";"CHANCHAMAYO";"PERENE";"GOBIERNO REGIONAL";"I-2";"00014385";"MARISCAL CACERES";"NE_0001";"";"NE_0001";"NE_0001";"NE_0001";"NE_0001";"NE_0001";"NE_0001";"NE_0001"
"2023";"12";"120302";"JUNIN";"CHANCHAMAYO";"PERENE";"GOBIERNO REGIONAL";"I-1";"00000331";"LOS ANGELES TOTERANI";"NE_0001";"";"NE_0001";"NE_0001";"NE_0001";"NE_0001";"NE_0001";"NE_0001";"NE_0001"
"2023";"12";"120302";"JUNIN";"CHANCHAMAYO";"PERENE";"GOBIERNO REGIONAL";"I-2";"00000321";"ALTO YURINAKI";"NE_0001";"";"NE_0001";"NE_0001";"NE_0001";"NE_0001";"NE_0001";"NE_0001";"NE_0001"
"2023";"12";"120302";"JUNIN";"CHANCHAMAYO";"PERENE";"GOBIERNO REGIONAL";"I-1";"00000334";"SANTA ROSA DE CAMONASHARI";"NE_0001";"";"NE_0001";"NE_0001";"NE_0001";"NE_0001";"NE_0001";"NE_0001";"NE_0001"
"2023";"12";"150122";"LIMA";"LIMA";"MIRAFLORES";"SANIDAD DE LA FUERZA AEREA DEL PERU";"III-1";"00010751";"HOSPITAL CENTRAL DE LA FUERZA AEREA DEL PERU";"240000";"HOSPITALIZACIÓN";"293";"351";"3826";"3081";"264";"5554";"17"
"2023";"12";"021201";"ANCASH";"HUAYLAS";"CARAZ";"GOBIERNO REGIONAL";"II-1";"00001587";"HOSPITAL DE APOYO CARAZ";"241800";"HOSPITALIZACIÓN DE MEDICINA MEDICINA GENERAL ";"17";"18";"83";"121";"16";"496";"2"
"2023";"12";"021201";"ANCASH";"HUAYLAS";"CARAZ";"GOBIERNO REGIONAL";"II-1";"00001587";"HOSPITAL DE APOYO CARAZ";"240100";"HOSPITALIZACIÓN QUIRÚRGICA CIRUGÍA GENERAL ";"28";"27";"93";"80";"6";"186";"0"
"2023";"12";"021201";"ANCASH";"HUAYLAS";"CARAZ";"GOBIERNO REGIONAL";"II-1";"00001587";"HOSPITAL DE APOYO CARAZ";"242500";"HOSPITALIZACIÓN-PEDIATRÍA GENERAL-";"7";"8";"25";"17";"9";"279";"0"
"2023";"12";"021201";"ANCASH";"HUAYLAS";"CARAZ";"GOBIERNO REGIONAL";"II-1";"00001587";"HOSPITAL DE APOYO CARAZ";"241600";"HOSPITALIZACIÓN QUIRÚRGICA OBSTETRICIA   ";"39";"36";"101";"48";"6";"186";"0"
"2023";"12";"021201";"ANCASH";"HUAYLAS";"CARAZ";"GOBIERNO REGIONAL";"II-1";"00001587";"HOSPITAL DE APOYO CARAZ";"241500";"HOSPITALIZACIÓN QUIRÚRGICA GINECOLOGÍA  ";"53";"52";"54";"91";"6";"186";"0"
"2023";"12";"150137";"LIMA";"LIMA";"SANTA ANITA";"ESSALUD";"II-E";"00010434";"ESSALUD - HOSPITAL IIE SAN ISIDRO LABRADOR";"241800";"HOSPITALIZACIÓN DE MEDICINA MEDICINA GENERAL ";"184";"217";"5348";"4163";"180";"5580";"24"
"2023";"12";"150137";"LIMA";"LIMA";"SANTA ANITA";"ESSALUD";"II-E";"00010434";"ESSALUD - HOSPITAL IIE SAN ISIDRO LABRADOR";"250200";"UNIDAD DE CUIDADOS CRITICOS UNIDAD DE CUIDADOS INTERMEDIOS GENERAL  (UCIN) ";"3";"6";"187";"194";"12";"372";"4"
"2023";"12";"150137";"LIMA";"LIMA";"SANTA ANITA";"ESSALUD";"II-E";"00010434";"ESSALUD - HOSPITAL IIE SAN ISIDRO LABRADOR";"250103";"UNIDAD DE CUIDADOS CRITICOS UNIDAD  DE CUIDADOS INTENSIVOS GENERALES  (UCI) MEDICINA";"6";"4";"23";"159";"8";"248";"3"
"2023";"12";"120606";"JUNIN";"SATIPO";"PANGOA";"GOBIERNO REGIONAL";"I-2";"00000447";"VILLA MARIA";"NE_0001";"";"NE_0001";"NE_0001";"NE_0001";"NE_0001";"NE_0001";"NE_0001";"NE_0001"
"2023";"12";"120606";"JUNIN";"SATIPO";"PANGOA";"GOBIERNO REGIONAL";"I-3";"00000443";"SAN RAMON DE PANGOA";"NE_0001";"";"NE_0001";"NE_0001";"NE_0001";"NE_0001";"NE_0001";"NE_0001";"NE_0001"
"2023";"12";"120606";"JUNIN";"SATIPO";"PANGOA";"GOBIERNO REGIONAL";"I-1";"00000456";"SANTA ROSA ALTO KIATARI";"NE_0001";"";"NE_0001";"NE_0001";"NE_0001";"NE_0001";"NE_0001";"NE_0001";"NE_0001"
"2023";"12";"120606";"JUNIN";"SATIPO";"PANGOA";"GOBIERNO REGIONAL";"I-2";"00000444";"CHAVINI";"NE_0001";"";"NE_0001";"NE_0001";"NE_0001";"NE_0001";"NE_0001";"NE_0001";"NE_0001"
"2023";"12";"120606";"JUNIN";"SATIPO";"PANGOA";"GOBIERNO REGIONAL";"I-1";"00000450";"ALTO KIATARI";"NE_0001";"";"NE_0001";"NE_0001";"NE_0001";"NE_0001";"NE_0001";"NE_0001";"NE_0001"
"2023";"12";"120606";"JUNIN";"SATIPO";"PANGOA";"GOBIERNO REGIONAL";"I-1";"00000453";"UNION CHAVINI";"NE_0001";"";"NE_0001";"NE_0001";"NE_0001";"NE_0001";"NE_0001";"NE_0001";"NE_0001"
"2023";"12";"120606";"JUNIN";"SATIPO";"PANGOA";"GOBIERNO REGIONAL";"I-1";"00000440";"SAN JOSE DE MIRAFLORES";"NE_0001";"";"NE_0001";"NE_0001";"NE_0001";"NE_0001";"NE_0001";"NE_0001";"NE_0001"
"2023";"12";"120606";"JUNIN";"SATIPO";"PANGOA";"GOBIERNO REGIONAL";"I-1";"00000458";"VILCABAMBA";"NE_0001";"";"NE_0001";"NE_0001";"NE_0001";"NE_0001";"NE_0001";"NE_0001";"NE_0001"
"2023";"12";"130105";"LA LIBERTAD";"TRUJILLO";"LA ESPERANZA";"ESSALUD";"III-E";"00020925";"HOSPITAL DE ALTA COMPLEJIDAD DE LA LIBERTAD VIRGEN DE LA PUERTA";"241900";"HOSPITALIZACIÓN DE MEDICINA MEDICINA INTERNA ";"156";"278";"2958";"2554";"90";"2790";"23"
"2023";"12";"130105";"LA LIBERTAD";"TRUJILLO";"LA ESPERANZA";"ESSALUD";"III-E";"00020925";"HOSPITAL DE ALTA COMPLEJIDAD DE LA LIBERTAD VIRGEN DE LA PUERTA";"250100";"UNIDAD DE CUIDADOS CRITICOS UNIDAD  DE CUIDADOS INTENSIVOS GENERALES (UCI) ";"30";"6";"185";"362";"12";"372";"4"
"2023";"12";"130105";"LA LIBERTAD";"TRUJILLO";"LA ESPERANZA";"ESSALUD";"III-E";"00020925";"HOSPITAL DE ALTA COMPLEJIDAD DE LA LIBERTAD VIRGEN DE LA PUERTA";"250200";"UNIDAD DE CUIDADOS CRITICOS UNIDAD DE CUIDADOS INTERMEDIOS GENERAL  (UCIN) ";"37";"14";"314";"596";"20";"620";"0"
"2023";"12";"130105";"LA LIBERTAD";"TRUJILLO";"LA ESPERANZA";"ESSALUD";"III-E";"00020925";"HOSPITAL DE ALTA COMPLEJIDAD DE LA LIBERTAD VIRGEN DE LA PUERTA";"240100";"HOSPITALIZACIÓN QUIRÚRGICA CIRUGÍA GENERAL ";"179";"210";"1321";"1032";"34";"1054";"4"
"2023";"12";"130105";"LA LIBERTAD";"TRUJILLO";"LA ESPERANZA";"ESSALUD";"III-E";"00020925";"HOSPITAL DE ALTA COMPLEJIDAD DE LA LIBERTAD VIRGEN DE LA PUERTA";"241500";"HOSPITALIZACIÓN QUIRÚRGICA GINECOLOGÍA  ";"98";"106";"362";"312";"14";"434";"0"
"2023";"12";"130105";"LA LIBERTAD";"TRUJILLO";"LA ESPERANZA";"ESSALUD";"III-E";"00020925";"HOSPITAL DE ALTA COMPLEJIDAD DE LA LIBERTAD VIRGEN DE LA PUERTA";"242300";"HOSPITALIZACIÓN DE PEDIATRÍA  PEDIATRÍA  GENERAL ";"11";"23";"1475";"306";"12";"372";"0"
"2023";"12";"120601";"JUNIN";"SATIPO";"SATIPO";"GOBIERNO REGIONAL";"I-2";"00000482";"HUANTASHIRI";"NE_0001";"";"NE_0001";"NE_0001";"NE_0001";"NE_0001";"NE_0001";"NE_0001";"NE_0001"
"2023";"12";"120601";"JUNIN";"SATIPO";"SATIPO";"GOBIERNO REGIONAL";"I-1";"00010502";"BELLA ESPERANZA";"NE_0001";"";"NE_0001";"NE_0001";"NE_0001";"NE_0001";"NE_0001";"NE_0001";"NE_0001"
"2023";"12";"120607";"JUNIN";"SATIPO";"RIO NEGRO";"GOBIERNO REGIONAL";"I-2";"00000498";"PITOCUNA";"NE_0001";"";"NE_0001";"NE_0001";"NE_0001";"NE_0001";"NE_0001";"NE_0001";"NE_0001"
"2023";"12";"120608";"JUNIN";"SATIPO";"RIO TAMBO";"GOBIERNO REGIONAL";"I-1";"00006877";"CHONTAKIARI";"NE_0001";"";"NE_0001";"NE_0001";"NE_0001";"NE_0001";"NE_0001";"NE_0001";"NE_0001"
"2023";"12";"150140";"LIMA";"LIMA";"SANTIAGO DE SURCO";"PRIVADO";"II-2";"00015118";"CLINICA MAISON DE SANTE DEL ESTE";"240000";"HOSPITALIZACIÓN";"132";"144";"792";"667";"33";"939";"5"
"2023";"12";"150140";"LIMA";"LIMA";"SANTIAGO DE SURCO";"PRIVADO";"II-2";"00015118";"CLINICA MAISON DE SANTE DEL ESTE";"241400";"HOSPITALIZACIÓN QUIRÚRGICA GINECO - OBSTETRICIA ";"22";"22";"42";"40";"4";"124";"0"
"2023";"12";"150140";"LIMA";"LIMA";"SANTIAGO DE SURCO";"PRIVADO";"II-2";"00015118";"CLINICA MAISON DE SANTE DEL ESTE";"250100";"UNIDAD DE CUIDADOS CRITICOS UNIDAD  DE CUIDADOS INTENSIVOS GENERALES (UCI) ";"15";"14";"105";"98";"4";"124";"0"
"2023";"12";"150140";"LIMA";"LIMA";"SANTIAGO DE SURCO";"PRIVADO";"II-2";"00015118";"CLINICA MAISON DE SANTE DEL ESTE";"250105";"UNIDAD DE CUIDADOS CRITICOS UNIDAD  DE CUIDADOS INTENSIVOS  (UCI) NEONATOLOGÍA";"4";"4";"28";"24";"4";"124";"0"
"2023";"12";"150131";"LIMA";"LIMA";"SAN ISIDRO";"SANIDAD DE LA POLICIA NACIONAL DEL PERU";"I-3";"00012740";"POLICLINICO POLICIAL MININTER";"NE_0001";"";"NE_0001";"NE_0001";"NE_0001";"NE_0001";"NE_0001";"NE_0001";"NE_0001"
"2023";"12";"090204";"HUANCAVELICA";"ACOBAMBA";"CAJA";"GOBIERNO REGIONAL";"I-1";"00011225";"PUESTO DE SALUD HUANCCALLACO";"NE_0001";"";"NE_0001";"NE_0001";"NE_0001";"NE_0001";"NE_0001";"NE_0001";"NE_0001"
"2023";"12";"090205";"HUANCAVELICA";"ACOBAMBA";"MARCAS";"GOBIERNO REGIONAL";"I-1";"00011232";"PUESTO DE SALUD PALOMA";"NE_0001";"";"NE_0001";"NE_0001";"NE_0001";"NE_0001";"NE_0001";"NE_0001";"NE_0001"
"2023";"12";"090204";"HUANCAVELICA";"ACOBAMBA";"CAJA";"GOBIERNO REGIONAL";"I-3";"00003926";"CENTRO DE SALUD CAJA ESPIRITU";"NE_0001";"";"NE_0001";"NE_0001";"NE_0001";"NE_0001";"NE_0001";"NE_0001";"NE_0001"
"2023";"12";"090205";"HUANCAVELICA";"ACOBAMBA";"MARCAS";"GOBIERNO REGIONAL";"I-2";"00003928";"PUESTO DE SALUD MARCAS";"NE_0001";"";"NE_0001";"NE_0001";"NE_0001";"NE_0001";"NE_0001";"NE_0001";"NE_0001"
"2023";"12";"090205";"HUANCAVELICA";"ACOBAMBA";"MARCAS";"GOBIERNO REGIONAL";"I-1";"00003929";"PUESTO DE SALUD CUÑI";"NE_0001";"";"NE_0001";"NE_0001";"NE_0001";"NE_0001";"NE_0001";"NE_0001";"NE_0001"
"2023";"12";"090204";"HUANCAVELICA";"ACOBAMBA";"CAJA";"GOBIERNO REGIONAL";"I-1";"00007389";"PUESTO DE SALUD RURUNMARCA";"NE_0001";"";"NE_0001";"NE_0001";"NE_0001";"NE_0001";"NE_0001";"NE_0001";"NE_0001"
"2023";"12";"021903";"ANCASH";"SIHUAS";"ALFONSO UGARTE";"GOBIERNO REGIONAL";"I-1";"00001805";"PUESTO DE SALUD ULLOLLUCO";"NE_0002";"";"NE_0002";"NE_0002";"NE_0002";"NE_0002";"NE_0002";"NE_0002";"NE_0002"
"2023";"12";"021907";"ANCASH";"SIHUAS";"QUICHES";"GOBIERNO REGIONAL";"I-1";"00001807";"PUESTO DE SALUD JOCOSBAMBA";"NE_0002";"";"NE_0002";"NE_0002";"NE_0002";"NE_0002";"NE_0002";"NE_0002";"NE_0002"
"2023";"12";"100108";"HUANUCO";"HUANUCO";"SAN PEDRO DE CHAULAN";"GOBIERNO REGIONAL";"I-1";"00000796";"SAN JOSE DE COZO TINGO";"NE_0001";"";"NE_0001";"NE_0001";"NE_0001";"NE_0001";"NE_0001";"NE_0001";"NE_0001"
"2023";"12";"100108";"HUANUCO";"HUANUCO";"SAN PEDRO DE CHAULAN";"GOBIERNO REGIONAL";"I-3";"00000794";"CHAULAN";"NE_0001";"";"NE_0001";"NE_0001";"NE_0001";"NE_0001";"NE_0001";"NE_0001";"NE_0001"
"2023";"12";"100108";"HUANUCO";"HUANUCO";"SAN PEDRO DE CHAULAN";"GOBIERNO REGIONAL";"I-2";"00000789";"SAN JUAN DE LIBERTAD";"NE_0001";"";"NE_0001";"NE_0001";"NE_0001";"NE_0001";"NE_0001";"NE_0001";"NE_0001"
"2023";"12";"110101";"ICA";"ICA";"ICA";"PRIVADO";"I-4";"00009606";"VIRGEN DEL ROSARIO SA";"240000";"HOSPITALIZACIÓN";"86";"90";"107";"103";"16";"496";"0"
"2023";"12";"060801";"CAJAMARCA";"JAEN";"JAEN";"GOBIERNO REGIONAL";"I-1";"00004214";"LAS NARANJAS";"NE_0001";"";"NE_0001";"NE_0001";"NE_0001";"NE_0001";"NE_0001";"NE_0001";"NE_0001"
"2023";"12";"060801";"CAJAMARCA";"JAEN";"JAEN";"GOBIERNO REGIONAL";"I-1";"00007024";"SAN MARTIN DE PORRES";"NE_0001";"";"NE_0001";"NE_0001";"NE_0001";"NE_0001";"NE_0001";"NE_0001";"NE_0001"
"2023";"12";"060801";"CAJAMARCA";"JAEN";"JAEN";"GOBIERNO REGIONAL";"I-1";"00004221";"VALILLO";"NE_0001";"";"NE_0001";"NE_0001";"NE_0001";"NE_0001";"NE_0001";"NE_0001";"NE_0001"
"2023";"12";"060805";"CAJAMARCA";"JAEN";"HUABAL";"GOBIERNO REGIONAL";"I-1";"00023956";"LA HUACA";"NE_0001";"";"NE_0001";"NE_0001";"NE_0001";"NE_0001";"NE_0001";"NE_0001";"NE_0001"
"2023";"12";"060805";"CAJAMARCA";"JAEN";"HUABAL";"GOBIERNO REGIONAL";"I-1";"00024938";"SAN PABLO";"NE_0001";"";"NE_0001";"NE_0001";"NE_0001";"NE_0001";"NE_0001";"NE_0001";"NE_0001"
"2023";"11";"250301";"UCAYALI";"PADRE ABAD";"PADRE ABAD";"GOBIERNO REGIONAL";"I-1";"00005403";"MIGUEL GRAU SEMINARIO";"NE_0001";"";"NE_0001";"NE_0001";"NE_0001";"NE_0001";"NE_0001";"NE_0001";"NE_0001"
"2023";"11";"250301";"UCAYALI";"PADRE ABAD";"PADRE ABAD";"GOBIERNO REGIONAL";"I-1";"00005402";"MARISCAL CACERES.";"NE_0001";"";"NE_0001";"NE_0001";"NE_0001";"NE_0001";"NE_0001";"NE_0001";"NE_0001"
"2023";"11";"250301";"UCAYALI";"PADRE ABAD";"PADRE ABAD";"GOBIERNO REGIONAL";"I-1";"00005397";"3 DE OCTUBRE";"NE_0001";"";"NE_0001";"NE_0001";"NE_0001";"NE_0001";"NE_0001";"NE_0001";"NE_0001"
"2023";"11";"150117";"LIMA";"LIMA";"LOS OLIVOS";"PRIVADO";"II-E";"00018307";"CLINICA MARIA SRL";"240100";"HOSPITALIZACIÓN QUIRÚRGICA CIRUGÍA GENERAL ";"34";"34";"32";"32";"8";"208";"0"
"2023";"11";"150130";"LIMA";"LIMA";"SAN BORJA";"PRIVADO";"II-1";"00012975";"CL ESPECIALIDADES MEDICAS";"240000";"HOSPITALIZACIÓN";"33";"31";"94";"108";"13";"390";"0"
"2023";"11";"120708";"JUNIN";"TARMA";"SAN PEDRO DE CAJAS";"GOBIERNO REGIONAL";"I-1";"00000535";"SAN JOSE DE CAYASH";"NE_0001";"";"NE_0001";"NE_0001";"NE_0001";"NE_0001";"NE_0001";"NE_0001";"NE_0001"
"2023";"11";"120708";"JUNIN";"TARMA";"SAN PEDRO DE CAJAS";"GOBIERNO REGIONAL";"I-1";"00010344";"PURHUARACRA";"NE_0001";"";"NE_0001";"NE_0001";"NE_0001";"NE_0001";"NE_0001";"NE_0001";"NE_0001"
"2023";"11";"120708";"JUNIN";"TARMA";"SAN PEDRO DE CAJAS";"GOBIERNO REGIONAL";"I-3";"00000534";"SAN PEDRO DE CAJAS";"NE_0001";"";"NE_0001";"NE_0001";"NE_0001";"NE_0001";"NE_0001";"NE_0001";"NE_0001"
"2023";"11";"150140";"LIMA";"LIMA";"SANTIAGO DE SURCO";"PRIVADO";"II-E";"00012219";"CLINICA MONTESUR";"241800";"HOSPITALIZACIÓN DE MEDICINA MEDICINA GENERAL ";"226";"224";"283";"208";"34";"150";"0"
"2023";"11";"150140";"LIMA";"LIMA";"SANTIAGO DE SURCO";"PRIVADO";"II-E";"00012219";"CLINICA MONTESUR";"243200";"HOSPITALIZACIÓN DE PEDIATRÍA PEDIATRIA NEONATOLOGÍA";"63";"62";"125";"53";"5";"952";"0"
"2023";"11";"150117";"LIMA";"LIMA";"LOS OLIVOS";"PRIVADO";"II-E";"00017847";"CLINICA DEL NORTE";"241400";"HOSPITALIZACIÓN QUIRÚRGICA GINECO - OBSTETRICIA ";"14";"18";"26";"15";"5";"115";"0"
"2023";"11";"030201";"APURIMAC";"ANDAHUAYLAS";"ANDAHUAYLAS";"PRIVADO";"II-E";"00014017";"CLINICA PERUANA DE LOS ANDES";"240000";"HOSPITALIZACIÓN";"11";"11";"15";"11";"6";"180";"0"
"2023";"11";"220912";"SAN MARTIN";"SAN MARTIN";"SAN ANTONIO";"GOBIERNO REGIONAL";"I-3";"00006384";"SAN ANTONIO DE CUMBAZA";"NE_0001";"";"NE_0001";"NE_0001";"NE_0001";"NE_0001";"NE_0001";"NE_0001";"NE_0001"
"2023";"11";"220903";"SAN MARTIN";"SAN MARTIN";"CACATACHI";"GOBIERNO REGIONAL";"I-3";"00006395";"CACATACHI";"NE_0001";"";"NE_0001";"NE_0001";"NE_0001";"NE_0001";"NE_0001";"NE_0001";"NE_0001"
"2023";"11";"220910";"SAN MARTIN";"SAN MARTIN";"MORALES";"GOBIERNO REGIONAL";"I-4";"00006361";"MORALES";"241400";"HOSPITALIZACIÓN QUIRÚRGICA GINECO - OBSTETRICIA ";"41";"41";"41";"41";"12";"360";"0"
"2023";"11";"220912";"SAN MARTIN";"SAN MARTIN";"SAN ANTONIO";"GOBIERNO REGIONAL";"I-1";"00006385";"SAN PEDRO DE CUMBAZA";"NE_0001";"";"NE_0001";"NE_0001";"NE_0001";"NE_0001";"NE_0001";"NE_0001";"NE_0001"
"2023";"11";"150106";"LIMA";"LIMA";"CARABAYLLO";"ESSALUD";"I-3";"00026009";"CAP III CARABAYLLO";"NE_0001";"";"NE_0001";"NE_0001";"NE_0001";"NE_0001";"NE_0001";"NE_0001";"NE_0001"
"2023";"11";"040701";"AREQUIPA";"ISLAY";"MOLLENDO";"GOBIERNO REGIONAL";"I-2";"00001447";"PUESTO DE SALUD VILLA LOURDES";"NE_0001";"";"NE_0001";"NE_0001";"NE_0001";"NE_0001";"NE_0001";"NE_0001";"NE_0001"
"2023";"11";"040705";"AREQUIPA";"ISLAY";"MEJIA";"GOBIERNO REGIONAL";"I-2";"00001448";"PUESTO DE SALUD MEJIA";"NE_0001";"";"NE_0001";"NE_0001";"NE_0001";"NE_0001";"NE_0001";"NE_0001";"NE_0001"
"2023";"11";"040701";"AREQUIPA";"ISLAY";"MOLLENDO";"GOBIERNO REGIONAL";"I-4";"00001444";"CENTRO DE SALUD ALTO INCLAN";"241600";"HOSPITALIZACIÓN QUIRÚRGICA OBSTETRICIA   ";"1";"1";"1";"1";"5";"150";"0"
"2023";"11";"040701";"AREQUIPA";"ISLAY";"MOLLENDO";"GOBIERNO REGIONAL";"I-4";"00001444";"CENTRO DE SALUD ALTO INCLAN";"241800";"HOSPITALIZACIÓN DE MEDICINA MEDICINA GENERAL ";"8";"8";"8";"1";"11";"330";"0"
"2023";"11";"040704";"AREQUIPA";"ISLAY";"ISLAY";"GOBIERNO REGIONAL";"I-3";"00001443";"CENTRO DE SALUD MATARANI";"NE_0001";"";"NE_0001";"NE_0001";"NE_0001";"NE_0001";"NE_0001";"NE_0001";"NE_0001"
"2023";"11";"040808";"AREQUIPA";"LA UNION";"SAYLA";"GOBIERNO REGIONAL";"I-2";"00001469";"PUESTO DE SALUD SAYLA";"NE_0001";"";"NE_0001";"NE_0001";"NE_0001";"NE_0001";"NE_0001";"NE_0001";"NE_0001"
"2023";"11";"040805";"AREQUIPA";"LA UNION";"PAMPAMARCA";"GOBIERNO REGIONAL";"I-1";"00001460";"PUESTO DE SALUD MUNGUI";"NE_0001";"";"NE_0001";"NE_0001";"NE_0001";"NE_0001";"NE_0001";"NE_0001";"NE_0001"
"2023";"11";"040803";"AREQUIPA";"LA UNION";"CHARCANA";"GOBIERNO REGIONAL";"I-2";"00001466";"PUESTO DE SALUD ANDAMARCA";"NE_0001";"";"NE_0001";"NE_0001";"NE_0001";"NE_0001";"NE_0001";"NE_0001";"NE_0001"
"2023";"11";"040801";"AREQUIPA";"LA UNION";"COTAHUASI";"GOBIERNO REGIONAL";"I-4";"00001455";"CENTRO DE SALUD COTAHUASI";"241800";"HOSPITALIZACIÓN DE MEDICINA MEDICINA GENERAL ";"17";"17";"32";"33";"16";"480";"0"
"2023";"11";"040810";"AREQUIPA";"LA UNION";"TOMEPAMPA";"GOBIERNO REGIONAL";"I-2";"00001456";"PUESTO DE SALUD TOMEPAMPA";"NE_0001";"";"NE_0001";"NE_0001";"NE_0001";"NE_0001";"NE_0001";"NE_0001";"NE_0001"
"2023";"11";"040803";"AREQUIPA";"LA UNION";"CHARCANA";"GOBIERNO REGIONAL";"I-2";"00001467";"PUESTO DE SALUD CHARCANA";"NE_0001";"";"NE_0001";"NE_0001";"NE_0001";"NE_0001";"NE_0001";"NE_0001";"NE_0001"
"2023";"11";"040809";"AREQUIPA";"LA UNION";"TAURIA";"GOBIERNO REGIONAL";"I-2";"00001470";"PUESTO DE SALUD TAURIA";"NE_0001";"";"NE_0001";"NE_0001";"NE_0001";"NE_0001";"NE_0001";"NE_0001";"NE_0001"
"2023";"11";"040811";"AREQUIPA";"LA UNION";"TORO";"GOBIERNO REGIONAL";"I-2";"00001458";"PUESTO DE SALUD CASPI";"NE_0001";"";"NE_0001";"NE_0001";"NE_0001";"NE_0001";"NE_0001";"NE_0001";"NE_0001"
"2023";"11";"040811";"AREQUIPA";"LA UNION";"TORO";"GOBIERNO REGIONAL";"I-2";"00001457";"PUESTO DE SALUD TORO";"NE_0001";"";"NE_0001";"NE_0001";"NE_0001";"NE_0001";"NE_0001";"NE_0001";"NE_0001"
"2023";"11";"040805";"AREQUIPA";"LA UNION";"PAMPAMARCA";"GOBIERNO REGIONAL";"I-2";"00001462";"PUESTO DE SALUD PAMPAMARCA";"NE_0001";"";"NE_0001";"NE_0001";"NE_0001";"NE_0001";"NE_0001";"NE_0001";"NE_0001"
"2023";"11";"040805";"AREQUIPA";"LA UNION";"PAMPAMARCA";"GOBIERNO REGIONAL";"I-2";"00001459";"PUESTO DE SALUD HUARHUA";"NE_0001";"";"NE_0001";"NE_0001";"NE_0001";"NE_0001";"NE_0001";"NE_0001";"NE_0001"
"2023";"11";"040108";"AREQUIPA";"AREQUIPA";"LA JOYA";"GOBIERNO REGIONAL";"I-3";"00001322";"LA JOYA";"NE_0001";"";"NE_0001";"NE_0001";"NE_0001";"NE_0001";"NE_0001";"NE_0001";"NE_0001"
"2023";"11";"040108";"AREQUIPA";"AREQUIPA";"LA JOYA";"GOBIERNO REGIONAL";"I-1";"00001327";"PUESTO DE SALUD CERRITO BUENA VISTA";"NE_0001";"";"NE_0001";"NE_0001";"NE_0001";"NE_0001";"NE_0001";"NE_0001";"NE_0001"
"2023";"11";"040807";"AREQUIPA";"LA UNION";"QUECHUALLA";"GOBIERNO REGIONAL";"I-1";"00001468";"PUESTO DE SALUD VELINGA";"NE_0001";"";"NE_0001";"NE_0001";"NE_0001";"NE_0001";"NE_0001";"NE_0001";"NE_0001"
"2023";"11";"040801";"AREQUIPA";"LA UNION";"COTAHUASI";"GOBIERNO REGIONAL";"I-4";"00001455";"CENTRO DE SALUD COTAHUASI";"242500";"HOSPITALIZACIÓN-PEDIATRÍA GENERAL-";"1";"1";"1";"1";"1";"30";"0"
"2023";"11";"040108";"AREQUIPA";"AREQUIPA";"LA JOYA";"GOBIERNO REGIONAL";"I-3";"00001330";"CENTRO DE SALUD EL CRUCE - TRIUNFO";"NE_0001";"";"NE_0001";"NE_0001";"NE_0001";"NE_0001";"NE_0001";"NE_0001";"NE_0001"
"2023";"11";"040108";"AREQUIPA";"AREQUIPA";"LA JOYA";"GOBIERNO REGIONAL";"I-1";"00001328";"PUESTO DE SALUD LOS MEDANOS";"NE_0001";"";"NE_0001";"NE_0001";"NE_0001";"NE_0001";"NE_0001";"NE_0001";"NE_0001"
"2023";"11";"040108";"AREQUIPA";"AREQUIPA";"LA JOYA";"GOBIERNO REGIONAL";"I-1";"00001329";"PUESTO DE SALUD BENITO LAZO";"NE_0001";"";"NE_0001";"NE_0001";"NE_0001";"NE_0001";"NE_0001";"NE_0001";"NE_0001"
"2023";"10";"070102";"CALLAO";"CALLAO";"BELLAVISTA";"GOBIERNO REGIONAL";"III-1";"00006218";"NAC. DANIEL A. CARRION";"241900";"HOSPITALIZACIÓN DE MEDICINA MEDICINA INTERNA ";"253";"259";"3531";"4338";"138";"4246";"19"
"2023";"10";"070102";"CALLAO";"CALLAO";"BELLAVISTA";"GOBIERNO REGIONAL";"III-1";"00006218";"NAC. DANIEL A. CARRION";"245300";"HOSPITALIZACIÓN DE MEDICINA NEUMOLOGÍA  ";"2";"5";"190";"302";"13";"401";"1"
"2023";"10";"070102";"CALLAO";"CALLAO";"BELLAVISTA";"GOBIERNO REGIONAL";"III-1";"00006218";"NAC. DANIEL A. CARRION";"240100";"HOSPITALIZACIÓN QUIRÚRGICA CIRUGÍA GENERAL ";"214";"212";"1559";"1510";"73";"2266";"3"
"2023";"10";"070102";"CALLAO";"CALLAO";"BELLAVISTA";"GOBIERNO REGIONAL";"III-1";"00006218";"NAC. DANIEL A. CARRION";"241200";"HOSPITALIZACIÓN QUIRÚRGICA TRAUMATOLOGÍA Y ORTOPEDIA ";"35";"36";"871";"939";"31";"965";"1"
"2023";"10";"070102";"CALLAO";"CALLAO";"BELLAVISTA";"GOBIERNO REGIONAL";"III-1";"00006218";"NAC. DANIEL A. CARRION";"240900";"HOSPITALIZACIÓN QUIRÚRGICA NEUROCIRUGÍA ";"75";"41";"457";"777";"32";"986";"0"
"2023";"10";"070102";"CALLAO";"CALLAO";"BELLAVISTA";"GOBIERNO REGIONAL";"III-1";"00006218";"NAC. DANIEL A. CARRION";"240700";"HOSPITALIZACIÓN QUIRÚRGICA CIRUGÍA PEDIÁTRICA ";"54";"53";"238";"319";"18";"558";"0"
"2023";"10";"070102";"CALLAO";"CALLAO";"BELLAVISTA";"GOBIERNO REGIONAL";"III-1";"00006218";"NAC. DANIEL A. CARRION";"250105";"UNIDAD DE CUIDADOS CRITICOS UNIDAD  DE CUIDADOS INTENSIVOS  (UCI) NEONATOLOGÍA";"26";"61";"696";"837";"37";"1147";"2"
"2023";"10";"070102";"CALLAO";"CALLAO";"BELLAVISTA";"GOBIERNO REGIONAL";"III-1";"00006218";"NAC. DANIEL A. CARRION";"242300";"HOSPITALIZACIÓN DE PEDIATRÍA  PEDIATRÍA  GENERAL ";"92";"99";"421";"672";"24";"744";"0"
"2023";"10";"070102";"CALLAO";"CALLAO";"BELLAVISTA";"GOBIERNO REGIONAL";"III-1";"00006218";"NAC. DANIEL A. CARRION";"241500";"HOSPITALIZACIÓN QUIRÚRGICA GINECOLOGÍA  ";"112";"162";"623";"579";"26";"806";"0"
"2023";"10";"070102";"CALLAO";"CALLAO";"BELLAVISTA";"GOBIERNO REGIONAL";"III-1";"00006218";"NAC. DANIEL A. CARRION";"241600";"HOSPITALIZACIÓN QUIRÚRGICA OBSTETRICIA   ";"25";"132";"335";"192";"15";"466";"0"
"2023";"10";"070102";"CALLAO";"CALLAO";"BELLAVISTA";"GOBIERNO REGIONAL";"III-1";"00006218";"NAC. DANIEL A. CARRION";"241400";"HOSPITALIZACIÓN QUIRÚRGICA GINECO - OBSTETRICIA ";"124";"34";"100";"246";"16";"495";"0"
"2023";"10";"070102";"CALLAO";"CALLAO";"BELLAVISTA";"GOBIERNO REGIONAL";"III-1";"00006218";"NAC. DANIEL A. CARRION";"250100";"UNIDAD DE CUIDADOS CRITICOS UNIDAD  DE CUIDADOS INTENSIVOS GENERALES (UCI) ";"5";"4";"115";"127";"6";"186";"0"
"2023";"10";"070102";"CALLAO";"CALLAO";"BELLAVISTA";"GOBIERNO REGIONAL";"III-1";"00006218";"NAC. DANIEL A. CARRION";"250200";"UNIDAD DE CUIDADOS CRITICOS UNIDAD DE CUIDADOS INTERMEDIOS GENERAL  (UCIN) ";"4";"5";"221";"241";"8";"247";"5"
"2023";"10";"070102";"CALLAO";"CALLAO";"BELLAVISTA";"GOBIERNO REGIONAL";"III-1";"00006218";"NAC. DANIEL A. CARRION";"242100";"HOSPITALIZACIÓN DE MEDICINA ONCOLOGÍA MÉDICA ";"40";"48";"430";"494";"19";"602";"3"
"2023";"10";"070102";"CALLAO";"CALLAO";"BELLAVISTA";"GOBIERNO REGIONAL";"III-1";"00006218";"NAC. DANIEL A. CARRION";"250108";"UNIDAD DE CUIDADOS CRITICOS UNIDAD  DE CUIDADOS INTENSIVOS  (UCI) PEDIÁTRICA";"5";"1";"173";"139";"6";"178";"0"
"2023";"11";"080105";"CUSCO";"CUSCO";"SAN SEBASTIAN";"PRIVADO";"II-E";"00024584";"VIRGEN GUADALUPE CUSCO";"240100";"HOSPITALIZACIÓN QUIRÚRGICA CIRUGÍA GENERAL ";"65";"65";"65";"65";"65";"67";"0"
"2023";"11";"080105";"CUSCO";"CUSCO";"SAN SEBASTIAN";"PRIVADO";"II-E";"00024584";"VIRGEN GUADALUPE CUSCO";"241800";"HOSPITALIZACIÓN DE MEDICINA MEDICINA GENERAL ";"3";"3";"3";"3";"3";"6";"0"
"2023";"12";"180301";"MOQUEGUA";"ILO";"ILO";"SANIDAD DE LA POLICIA NACIONAL DEL PERU";"I-2";"00025870";"POSTA MEDICA POLICIAL ILO";"NE_0001";"";"NE_0001";"NE_0001";"NE_0001";"NE_0001";"NE_0001";"NE_0001";"NE_0001"
"2023";"12";"150131";"LIMA";"LIMA";"SAN ISIDRO";"PRIVADO";"II-E";"00016397";"CLINICA ESPECIALIZADA EN CIRUGIA PLASTICA - DR. LUIS VIZCARRA / CIRUESTHETIC";"240800";"HOSPITALIZACIÓN QUIRÚRGICA CIRUGÍA PLÁSTICA/RECONSTRUCTIVA/ REPARADORA ";"4";"4";"0";"1";"2";"40";"0"
"2023";"04";"040129";"AREQUIPA";"AREQUIPA";"JOSE LUIS BUSTAMANTE Y RIVERO";"PRIVADO";"II-E";"00032853";"CLINICA UROSUR";"NE_0002";"";"NE_0002";"NE_0002";"NE_0002";"NE_0002";"NE_0002";"NE_0002";"NE_0002"
"2023";"12";"060307";"CAJAMARCA";"CELENDIN";"MIGUEL IGLESIAS";"GOBIERNO REGIONAL";"I-3";"00004478";"MIGUEL IGLESIAS";"NE_0001";"";"NE_0001";"NE_0001";"NE_0001";"NE_0001";"NE_0001";"NE_0001";"NE_0001"
"2023";"12";"060302";"CAJAMARCA";"CELENDIN";"CHUMUCH";"GOBIERNO REGIONAL";"I-1";"00004479";"CHUMUCH";"NE_0001";"";"NE_0001";"NE_0001";"NE_0001";"NE_0001";"NE_0001";"NE_0001";"NE_0001"
"2023";"12";"060312";"CAJAMARCA";"CELENDIN";"LA LIBERTAD DE PALLAN";"GOBIERNO REGIONAL";"I-2";"00004481";"LA LIBERTAD DE PALLAN";"NE_0001";"";"NE_0001";"NE_0001";"NE_0001";"NE_0001";"NE_0001";"NE_0001";"NE_0001"
"2023";"12";"060307";"CAJAMARCA";"CELENDIN";"MIGUEL IGLESIAS";"GOBIERNO REGIONAL";"I-1";"00009088";"PIZON";"NE_0001";"";"NE_0001";"NE_0001";"NE_0001";"NE_0001";"NE_0001";"NE_0001";"NE_0001"
"2023";"12";"060307";"CAJAMARCA";"CELENDIN";"MIGUEL IGLESIAS";"GOBIERNO REGIONAL";"I-1";"00011156";"MUYOC CHICO";"NE_0001";"";"NE_0001";"NE_0001";"NE_0001";"NE_0001";"NE_0001";"NE_0001";"NE_0001"
"2023";"12";"060302";"CAJAMARCA";"CELENDIN";"CHUMUCH";"GOBIERNO REGIONAL";"I-1";"00006759";"RAMBRAN";"NE_0001";"";"NE_0001";"NE_0001";"NE_0001";"NE_0001";"NE_0001";"NE_0001";"NE_0001"
"2023";"12";"060307";"CAJAMARCA";"CELENDIN";"MIGUEL IGLESIAS";"GOBIERNO REGIONAL";"I-1";"00025042";"JORGE CHAVEZ DE MIGUEL IGLESIAS";"NE_0001";"";"NE_0001";"NE_0001";"NE_0001";"NE_0001";"NE_0001";"NE_0001";"NE_0001"
"2023";"12";"110101";"ICA";"ICA";"ICA";"PRIVADO";"I-3";"00009648";"TATAJE  DI FLORIO SAC";"NE_0002";"";"NE_0002";"NE_0002";"NE_0002";"NE_0002";"NE_0002";"NE_0002";"NE_0002"
"2023";"12";"150132";"LIMA";"LIMA";"SAN JUAN DE LURIGANCHO";"ESSALUD";"II-1";"00008317";"HOSPITAL AURELIO DIAZ UFANO Y PERAL";"240100";"HOSPITALIZACIÓN QUIRÚRGICA CIRUGÍA GENERAL ";"94";"99";"200";"182";"7";"224";"0"
"2023";"12";"150132";"LIMA";"LIMA";"SAN JUAN DE LURIGANCHO";"ESSALUD";"II-1";"00008317";"HOSPITAL AURELIO DIAZ UFANO Y PERAL";"241400";"HOSPITALIZACIÓN QUIRÚRGICA GINECO - OBSTETRICIA ";"30";"34";"91";"83";"3";"92";"0"
"2023";"12";"150132";"LIMA";"LIMA";"SAN JUAN DE LURIGANCHO";"ESSALUD";"II-1";"00008317";"HOSPITAL AURELIO DIAZ UFANO Y PERAL";"241600";"HOSPITALIZACIÓN QUIRÚRGICA OBSTETRICIA   ";"143";"143";"223";"197";"13";"388";"0"
"2023";"12";"150132";"LIMA";"LIMA";"SAN JUAN DE LURIGANCHO";"ESSALUD";"II-1";"00008317";"HOSPITAL AURELIO DIAZ UFANO Y PERAL";"241900";"HOSPITALIZACIÓN DE MEDICINA MEDICINA INTERNA ";"67";"65";"266";"262";"9";"286";"7"
"2023";"12";"150132";"LIMA";"LIMA";"SAN JUAN DE LURIGANCHO";"ESSALUD";"II-1";"00008317";"HOSPITAL AURELIO DIAZ UFANO Y PERAL";"242300";"HOSPITALIZACIÓN DE PEDIATRÍA  PEDIATRÍA  GENERAL ";"71";"74";"194";"190";"8";"248";"0"
"2023";"12";"150132";"LIMA";"LIMA";"SAN JUAN DE LURIGANCHO";"ESSALUD";"II-1";"00008317";"HOSPITAL AURELIO DIAZ UFANO Y PERAL";"243200";"HOSPITALIZACIÓN DE PEDIATRÍA PEDIATRIA NEONATOLOGÍA";"49";"51";"95";"83";"3";"95";"0"
"2023";"12";"050101";"AYACUCHO";"HUAMANGA";"AYACUCHO";"GOBIERNO REGIONAL";"I-3";"00003606";"CENTRO DE SALUD SIMPAPATA";"NE_0002";"";"NE_0002";"NE_0002";"NE_0002";"NE_0002";"NE_0002";"NE_0002";"NE_0002"
"2023";"12";"050107";"AYACUCHO";"HUAMANGA";"PACAYCASA";"GOBIERNO REGIONAL";"I-1";"00003608";"PUESTO DE SALUD LA COMPAÑIA";"NE_0002";"";"NE_0002";"NE_0002";"NE_0002";"NE_0002";"NE_0002";"NE_0002";"NE_0002"
"2023";"12";"050113";"AYACUCHO";"HUAMANGA";"TAMBILLO";"GOBIERNO REGIONAL";"I-2";"00003610";"PUESTO DE SALUD MUYURINA";"NE_0002";"";"NE_0002";"NE_0002";"NE_0002";"NE_0002";"NE_0002";"NE_0002";"NE_0002"
"2023";"12";"050113";"AYACUCHO";"HUAMANGA";"TAMBILLO";"GOBIERNO REGIONAL";"I-1";"00003550";"PUESTO DE SALUD NIÑO  YUCAY";"NE_0002";"";"NE_0002";"NE_0002";"NE_0002";"NE_0002";"NE_0002";"NE_0002";"NE_0002"
"2023";"12";"050107";"AYACUCHO";"HUAMANGA";"PACAYCASA";"GOBIERNO REGIONAL";"I-2";"00003609";"PUESTO DE SALUD PACAYCASA";"NE_0002";"";"NE_0002";"NE_0002";"NE_0002";"NE_0002";"NE_0002";"NE_0002";"NE_0002"
"2023";"12";"050111";"AYACUCHO";"HUAMANGA";"SANTIAGO DE PISCHA";"GOBIERNO REGIONAL";"I-1";"00003613";"PUESTO DE SALUD ATACOCHA";"NE_0002";"";"NE_0002";"NE_0002";"NE_0002";"NE_0002";"NE_0002";"NE_0002";"NE_0002"
"2023";"12";"050111";"AYACUCHO";"HUAMANGA";"SANTIAGO DE PISCHA";"GOBIERNO REGIONAL";"I-1";"00003611";"PUESTO DE SALUD SANTIAGO DE PISCHA";"NE_0002";"";"NE_0002";"NE_0002";"NE_0002";"NE_0002";"NE_0002";"NE_0002";"NE_0002"
"2023";"12";"050111";"AYACUCHO";"HUAMANGA";"SANTIAGO DE PISCHA";"GOBIERNO REGIONAL";"I-1";"00003612";"PUESTO DE SALUD LARAMATE";"NE_0002";"";"NE_0002";"NE_0002";"NE_0002";"NE_0002";"NE_0002";"NE_0002";"NE_0002"
"2023";"12";"240105";"TUMBES";"TUMBES";"SAN JACINTO";"GOBIERNO REGIONAL";"I-2";"00001873";"CASA BLANQUEADA";"NE_0001";"";"NE_0001";"NE_0001";"NE_0001";"NE_0001";"NE_0001";"NE_0001";"NE_0001"
"2023";"12";"240105";"TUMBES";"TUMBES";"SAN JACINTO";"GOBIERNO REGIONAL";"I-1";"00001871";"RICA PLAYA";"NE_0001";"";"NE_0001";"NE_0001";"NE_0001";"NE_0001";"NE_0001";"NE_0001";"NE_0001"
"2023";"12";"240105";"TUMBES";"TUMBES";"SAN JACINTO";"GOBIERNO REGIONAL";"I-2";"00001872";"VAQUERIA";"NE_0001";"";"NE_0001";"NE_0001";"NE_0001";"NE_0001";"NE_0001";"NE_0001";"NE_0001"
"2023";"12";"240102";"TUMBES";"TUMBES";"CORRALES";"GOBIERNO REGIONAL";"I-4";"00001866";"CLAS CORRALES";"241800";"HOSPITALIZACIÓN DE MEDICINA MEDICINA GENERAL ";"8";"9";"12";"11";"1";"31";"0"
"2023";"12";"240102";"TUMBES";"TUMBES";"CORRALES";"GOBIERNO REGIONAL";"I-4";"00001866";"CLAS CORRALES";"241600";"HOSPITALIZACIÓN QUIRÚRGICA OBSTETRICIA   ";"6";"6";"6";"6";"1";"31";"0"
"2023";"12";"240105";"TUMBES";"TUMBES";"SAN JACINTO";"GOBIERNO REGIONAL";"I-1";"00001874";"OIDOR.";"NE_0001";"";"NE_0001";"NE_0001";"NE_0001";"NE_0001";"NE_0001";"NE_0001";"NE_0001"
"2023";"11";"080910";"CUSCO";"LA CONVENCION";"PICHARI";"GOBIERNO REGIONAL";"I-1";"00015104";"TAMBO DEL ENE";"NE_0001";"";"NE_0001";"NE_0001";"NE_0001";"NE_0001";"NE_0001";"NE_0001";"NE_0001"
"2023";"11";"080910";"CUSCO";"LA CONVENCION";"PICHARI";"GOBIERNO REGIONAL";"I-3";"00002495";"MANTARO";"NE_0001";"";"NE_0001";"NE_0001";"NE_0001";"NE_0001";"NE_0001";"NE_0001";"NE_0001"
"2023";"11";"080910";"CUSCO";"LA CONVENCION";"PICHARI";"GOBIERNO REGIONAL";"I-1";"00015169";"PITIRINQUINI";"NE_0001";"";"NE_0001";"NE_0001";"NE_0001";"NE_0001";"NE_0001";"NE_0001";"NE_0001"
"2023";"11";"050116";"AYACUCHO";"HUAMANGA";"ANDRES AVELINO CACERES D.";"GOBIERNO REGIONAL";"I-3";"00003603";"CENTRO DE SALUD CONCHOPATA";"241600";"HOSPITALIZACIÓN QUIRÚRGICA OBSTETRICIA   ";"1";"1";"2";"2";"2";"3";"0"
"2023";"11";"050116";"AYACUCHO";"HUAMANGA";"ANDRES AVELINO CACERES D.";"GOBIERNO REGIONAL";"I-1";"00011362";"PUESTO DE SALUD YANAMILLA";"NE_0001";"";"NE_0001";"NE_0001";"NE_0001";"NE_0001";"NE_0001";"NE_0001";"NE_0001"
"2023";"11";"050116";"AYACUCHO";"HUAMANGA";"ANDRES AVELINO CACERES D.";"GOBIERNO REGIONAL";"I-3";"00003602";"CENTRO DE SALUD SANTA ELENA";"241600";"HOSPITALIZACIÓN QUIRÚRGICA OBSTETRICIA   ";"11";"11";"22";"2";"4";"6";"0"
"2023";"11";"050113";"AYACUCHO";"HUAMANGA";"TAMBILLO";"GOBIERNO REGIONAL";"I-1";"00003604";"PUESTO DE SALUD HUAYHUACONDO";"NE_0001";"";"NE_0001";"NE_0001";"NE_0001";"NE_0001";"NE_0001";"NE_0001";"NE_0001"
"2023";"11";"050113";"AYACUCHO";"HUAMANGA";"TAMBILLO";"GOBIERNO REGIONAL";"I-2";"00003549";"TAMBILLO";"NE_0001";"";"NE_0001";"NE_0001";"NE_0001";"NE_0001";"NE_0001";"NE_0001";"NE_0001"
"2023";"11";"040129";"AREQUIPA";"AREQUIPA";"JOSE LUIS BUSTAMANTE Y RIVERO";"PRIVADO";"II-E";"00032853";"CLINICA UROSUR";"241300";"HOSPITALIZACIÓN QUIRÚRGICA UROLOGÍA  ";"89";"85";"107";"165";"6";"155";"0"
"2023";"12";"140101";"LAMBAYEQUE";"CHICLAYO";"CHICLAYO";"PRIVADO";"II-E";"00012457";"CLINICA PROVIDA";"240800";"HOSPITALIZACIÓN QUIRÚRGICA CIRUGÍA PLÁSTICA/RECONSTRUCTIVA/ REPARADORA ";"31";"31";"18";"31";"2";"62";"1"
"2023";"12";"040129";"AREQUIPA";"AREQUIPA";"JOSE LUIS BUSTAMANTE Y RIVERO";"PRIVADO";"II-E";"00032853";"CLINICA UROSUR";"241300";"HOSPITALIZACIÓN QUIRÚRGICA UROLOGÍA  ";"60";"64";"81";"81";"5";"145";"0"
"2023";"12";"180104";"MOQUEGUA";"MARISCAL NIETO";"SAMEGUA";"SANIDAD DE LA POLICIA NACIONAL DEL PERU";"I-2";"00015236";"POSTA MEDICA POLICIAL MOQUEGUA";"NE_0001";"";"NE_0001";"NE_0001";"NE_0001";"NE_0001";"NE_0001";"NE_0001";"NE_0001"
"2023";"12";"140101";"LAMBAYEQUE";"CHICLAYO";"CHICLAYO";"PRIVADO";"II-E";"00012457";"CLINICA PROVIDA";"240400";"HOSPITALIZACIÓN QUIRÚRGICA CIRUGÍA DE TÓRAX Y CARDIOVASCULAR ";"7";"7";"26";"7";"1";"31";"0"
"2023";"12";"140101";"LAMBAYEQUE";"CHICLAYO";"CHICLAYO";"PRIVADO";"II-E";"00012457";"CLINICA PROVIDA";"240100";"HOSPITALIZACIÓN QUIRÚRGICA CIRUGÍA GENERAL ";"33";"33";"36";"33";"2";"62";"0"
"2023";"12";"140101";"LAMBAYEQUE";"CHICLAYO";"CHICLAYO";"PRIVADO";"II-E";"00012457";"CLINICA PROVIDA";"241200";"HOSPITALIZACIÓN QUIRÚRGICA TRAUMATOLOGÍA Y ORTOPEDIA ";"40";"39";"134";"40";"2";"62";"0"
"2023";"12";"140101";"LAMBAYEQUE";"CHICLAYO";"CHICLAYO";"PRIVADO";"II-E";"00012457";"CLINICA PROVIDA";"241400";"HOSPITALIZACIÓN QUIRÚRGICA GINECO - OBSTETRICIA ";"26";"26";"39";"26";"1";"31";"0"
"2023";"12";"140101";"LAMBAYEQUE";"CHICLAYO";"CHICLAYO";"PRIVADO";"II-E";"00012457";"CLINICA PROVIDA";"242100";"HOSPITALIZACIÓN DE MEDICINA ONCOLOGÍA MÉDICA ";"28";"28";"32";"28";"2";"62";"0"
"2023";"12";"140101";"LAMBAYEQUE";"CHICLAYO";"CHICLAYO";"PRIVADO";"II-E";"00012457";"CLINICA PROVIDA";"240700";"HOSPITALIZACIÓN QUIRÚRGICA CIRUGÍA PEDIÁTRICA ";"1";"1";"0";"1";"1";"31";"0"
"2023";"12";"140101";"LAMBAYEQUE";"CHICLAYO";"CHICLAYO";"PRIVADO";"II-E";"00012457";"CLINICA PROVIDA";"241300";"HOSPITALIZACIÓN QUIRÚRGICA UROLOGÍA  ";"8";"8";"3";"8";"1";"31";"0"
"2023";"12";"140101";"LAMBAYEQUE";"CHICLAYO";"CHICLAYO";"PRIVADO";"II-E";"00012457";"CLINICA PROVIDA";"241100";"HOSPITALIZACIÓN QUIRÚRGICA OTORRINOLARINGOLOGÍA  ";"1";"1";"0";"1";"1";"31";"0"
"2023";"12";"140101";"LAMBAYEQUE";"CHICLAYO";"CHICLAYO";"PRIVADO";"II-E";"00012457";"CLINICA PROVIDA";"241900";"HOSPITALIZACIÓN DE MEDICINA MEDICINA INTERNA ";"4";"4";"16";"4";"1";"31";"0"
"2023";"12";"140101";"LAMBAYEQUE";"CHICLAYO";"CHICLAYO";"PRIVADO";"II-E";"00012457";"CLINICA PROVIDA";"244300";"HOSPITALIZACIÓN DE MEDICINA GASTROENTEROLOGÍA  ";"1";"1";"3";"1";"1";"31";"0"
"2023";"12";"140101";"LAMBAYEQUE";"CHICLAYO";"CHICLAYO";"PRIVADO";"II-E";"00012457";"CLINICA PROVIDA";"240900";"HOSPITALIZACIÓN QUIRÚRGICA NEUROCIRUGÍA ";"1";"1";"3";"1";"1";"31";"0"
"2023";"12";"140101";"LAMBAYEQUE";"CHICLAYO";"CHICLAYO";"PRIVADO";"II-E";"00012457";"CLINICA PROVIDA";"241800";"HOSPITALIZACIÓN DE MEDICINA MEDICINA GENERAL ";"4";"4";"5";"4";"1";"31";"0"
"2023";"11";"250106";"UCAYALI";"CORONEL PORTILLO";"NUEVA REQUENA";"GOBIERNO REGIONAL";"I-1";"00013174";"SAN PABLO DE JUANTIA";"NE_0001";"";"NE_0001";"NE_0001";"NE_0001";"NE_0001";"NE_0001";"NE_0001";"NE_0001"
"2023";"12";"090201";"HUANCAVELICA";"ACOBAMBA";"ACOBAMBA";"GOBIERNO REGIONAL";"II-1";"00003917";"HOSPITAL PROVINCIAL DE ACOBAMBA";"240100";"HOSPITALIZACIÓN QUIRÚRGICA CIRUGÍA GENERAL ";"5";"6";"19";"25";"4";"124";"0"
"2023";"12";"090201";"HUANCAVELICA";"ACOBAMBA";"ACOBAMBA";"GOBIERNO REGIONAL";"II-1";"00003917";"HOSPITAL PROVINCIAL DE ACOBAMBA";"241400";"HOSPITALIZACIÓN QUIRÚRGICA GINECO - OBSTETRICIA ";"27";"30";"74";"104";"8";"248";"0"
"2023";"12";"090201";"HUANCAVELICA";"ACOBAMBA";"ACOBAMBA";"GOBIERNO REGIONAL";"II-1";"00003917";"HOSPITAL PROVINCIAL DE ACOBAMBA";"241800";"HOSPITALIZACIÓN DE MEDICINA MEDICINA GENERAL ";"11";"11";"56";"67";"6";"186";"0"
"2023";"12";"090201";"HUANCAVELICA";"ACOBAMBA";"ACOBAMBA";"GOBIERNO REGIONAL";"II-1";"00003917";"HOSPITAL PROVINCIAL DE ACOBAMBA";"242500";"HOSPITALIZACIÓN-PEDIATRÍA GENERAL-";"4";"6";"27";"33";"2";"62";"0"
"2023";"12";"150117";"LIMA";"LIMA";"LOS OLIVOS";"PRIVADO";"I-2";"00012429";"OFTALMOLOGICA WONG";"NE_0001";"";"NE_0001";"NE_0001";"NE_0001";"NE_0001";"NE_0001";"NE_0001";"NE_0001"
"2023";"12";"220205";"SAN MARTIN";"BELLAVISTA";"SAN PABLO";"GOBIERNO REGIONAL";"I-1";"00029371";"CENTRO AMERICA - SAN PABLO";"NE_0001";"";"NE_0001";"NE_0001";"NE_0001";"NE_0001";"NE_0001";"NE_0001";"NE_0001"
"2023";"12";"220205";"SAN MARTIN";"BELLAVISTA";"SAN PABLO";"GOBIERNO REGIONAL";"I-3";"00006506";"CONSUELO";"NE_0001";"";"NE_0001";"NE_0001";"NE_0001";"NE_0001";"NE_0001";"NE_0001";"NE_0001"
"2023";"12";"130203";"LA LIBERTAD";"ASCOPE";"CHOCOPE";"ESSALUD";"II-2";"00009037";"HOSPITAL II CHOCOPE";"241900";"HOSPITALIZACIÓN DE MEDICINA MEDICINA INTERNA ";"79";"89";"801";"776";"28";"868";"14"
"2023";"12";"130203";"LA LIBERTAD";"ASCOPE";"CHOCOPE";"ESSALUD";"II-2";"00009037";"HOSPITAL II CHOCOPE";"240100";"HOSPITALIZACIÓN QUIRÚRGICA CIRUGÍA GENERAL ";"78";"83";"393";"299";"16";"496";"0"
"2023";"12";"130203";"LA LIBERTAD";"ASCOPE";"CHOCOPE";"ESSALUD";"II-2";"00009037";"HOSPITAL II CHOCOPE";"241500";"HOSPITALIZACIÓN QUIRÚRGICA GINECOLOGÍA  ";"17";"17";"36";"33";"2";"62";"0"
"2023";"12";"130203";"LA LIBERTAD";"ASCOPE";"CHOCOPE";"ESSALUD";"II-2";"00009037";"HOSPITAL II CHOCOPE";"241600";"HOSPITALIZACIÓN QUIRÚRGICA OBSTETRICIA   ";"38";"40";"70";"64";"5";"155";"0"
"2023";"12";"130203";"LA LIBERTAD";"ASCOPE";"CHOCOPE";"ESSALUD";"II-2";"00009037";"HOSPITAL II CHOCOPE";"242300";"HOSPITALIZACIÓN DE PEDIATRÍA  PEDIATRÍA  GENERAL ";"34";"33";"131";"136";"5";"155";"0"
"2023";"12";"190305";"PASCO";"OXAPAMPA";"POZUZO";"GOBIERNO REGIONAL";"I-2";"00001097";"CAÑACHACRA";"NE_0001";"";"NE_0001";"NE_0001";"NE_0001";"NE_0001";"NE_0001";"NE_0001";"NE_0001"
"2023";"12";"190305";"PASCO";"OXAPAMPA";"POZUZO";"GOBIERNO REGIONAL";"I-1";"00011570";"OSOMAYO";"NE_0001";"";"NE_0001";"NE_0001";"NE_0001";"NE_0001";"NE_0001";"NE_0001";"NE_0001"
"2023";"12";"190305";"PASCO";"OXAPAMPA";"POZUZO";"GOBIERNO REGIONAL";"I-1";"00001095";"SAN JOSE";"NE_0001";"";"NE_0001";"NE_0001";"NE_0001";"NE_0001";"NE_0001";"NE_0001";"NE_0001"
"2023";"12";"140106";"LAMBAYEQUE";"CHICLAYO";"LA VICTORIA";"PRIVADO";"II-E";"00010972";"HOSPITAL PRIVADO JUAN PABLO II SAC";"240000";"HOSPITALIZACIÓN";"26";"169";"412";"200";"38";"1178";"6"
"2023";"12";"190305";"PASCO";"OXAPAMPA";"POZUZO";"GOBIERNO REGIONAL";"I-1";"00001098";"BUENA VISTA";"NE_0001";"";"NE_0001";"NE_0001";"NE_0001";"NE_0001";"NE_0001";"NE_0001";"NE_0001"
"2023";"12";"190305";"PASCO";"OXAPAMPA";"POZUZO";"GOBIERNO REGIONAL";"I-1";"00001094";"RIO TIGRE";"NE_0001";"";"NE_0001";"NE_0001";"NE_0001";"NE_0001";"NE_0001";"NE_0001";"NE_0001"
"2023";"12";"190305";"PASCO";"OXAPAMPA";"POZUZO";"GOBIERNO REGIONAL";"I-2";"00001100";"SANTA ROSA";"NE_0001";"";"NE_0001";"NE_0001";"NE_0001";"NE_0001";"NE_0001";"NE_0001";"NE_0001"
"2023";"12";"190305";"PASCO";"OXAPAMPA";"POZUZO";"GOBIERNO REGIONAL";"I-1";"00001101";"ALTO LAGARTO";"NE_0001";"";"NE_0001";"NE_0001";"NE_0001";"NE_0001";"NE_0001";"NE_0001";"NE_0001"
"2023";"12";"190305";"PASCO";"OXAPAMPA";"POZUZO";"GOBIERNO REGIONAL";"I-2";"00001097";"CAÑACHACRA";"NE_0001";"";"NE_0001";"NE_0001";"NE_0001";"NE_0001";"NE_0001";"NE_0001";"NE_0001"
"2023";"12";"190305";"PASCO";"OXAPAMPA";"POZUZO";"GOBIERNO REGIONAL";"I-2";"00001102";"SAN SALVADOR";"NE_0001";"";"NE_0001";"NE_0001";"NE_0001";"NE_0001";"NE_0001";"NE_0001";"NE_0001"
"2023";"12";"200601";"PIURA";"SULLANA";"SULLANA";"PRIVADO";"II-1";"00016148";"CLINICA OLGUIN";"240100";"HOSPITALIZACIÓN QUIRÚRGICA CIRUGÍA GENERAL ";"160";"160";"223";"205";"14";"437";"0"
"2023";"12";"200601";"PIURA";"SULLANA";"SULLANA";"PRIVADO";"II-1";"00016148";"CLINICA OLGUIN";"241400";"HOSPITALIZACIÓN QUIRÚRGICA GINECO - OBSTETRICIA ";"132";"132";"164";"164";"14";"431";"0"
"2023";"12";"120805";"JUNIN";"YAULI";"MOROCOCHA";"GOBIERNO REGIONAL";"I-3";"00000563";"MOROCOCHA";"NE_0001";"";"NE_0001";"NE_0001";"NE_0001";"NE_0001";"NE_0001";"NE_0001";"NE_0001"
"2023";"12";"120805";"JUNIN";"YAULI";"MOROCOCHA";"GOBIERNO REGIONAL";"I-1";"00021450";"SAN FRANCISCO DE ASIS DE PUCARA";"NE_0001";"";"NE_0001";"NE_0001";"NE_0001";"NE_0001";"NE_0001";"NE_0001";"NE_0001"
"2023";"12";"120803";"JUNIN";"YAULI";"HUAY HUAY";"GOBIERNO REGIONAL";"I-2";"00000430";"HUAYHUAY";"NE_0001";"";"NE_0001";"NE_0001";"NE_0001";"NE_0001";"NE_0001";"NE_0001";"NE_0001"
"2023";"12";"120804";"JUNIN";"YAULI";"MARCAPOMACOCHA";"GOBIERNO REGIONAL";"I-2";"00000561";"MARCAPOMACOCHA";"NE_0001";"";"NE_0001";"NE_0001";"NE_0001";"NE_0001";"NE_0001";"NE_0001";"NE_0001"
"2023";"12";"120801";"JUNIN";"YAULI";"LA OROYA";"GOBIERNO REGIONAL";"I-1";"00021481";"HUARI";"NE_0001";"";"NE_0001";"NE_0001";"NE_0001";"NE_0001";"NE_0001";"NE_0001";"NE_0001"
"2023";"12";"250105";"UCAYALI";"CORONEL PORTILLO";"YARINACOCHA";"GOBIERNO REGIONAL";"II-2";"00005577";"HOSPITAL AMAZONICO - YARINACOCHA";"241400";"HOSPITALIZACIÓN QUIRÚRGICA GINECO - OBSTETRICIA ";"316";"342";"772";"1106";"62";"1922";"0"
"2023";"12";"250105";"UCAYALI";"CORONEL PORTILLO";"YARINACOCHA";"GOBIERNO REGIONAL";"II-2";"00005577";"HOSPITAL AMAZONICO - YARINACOCHA";"242500";"HOSPITALIZACIÓN-PEDIATRÍA GENERAL-";"50";"64";"485";"497";"21";"651";"0"
"2023";"12";"250105";"UCAYALI";"CORONEL PORTILLO";"YARINACOCHA";"GOBIERNO REGIONAL";"II-2";"00005577";"HOSPITAL AMAZONICO - YARINACOCHA";"250105";"UNIDAD DE CUIDADOS CRITICOS UNIDAD  DE CUIDADOS INTENSIVOS  (UCI) NEONATOLOGÍA";"2";"2";"21";"21";"6";"186";"0"
"2023";"12";"250105";"UCAYALI";"CORONEL PORTILLO";"YARINACOCHA";"GOBIERNO REGIONAL";"II-2";"00005577";"HOSPITAL AMAZONICO - YARINACOCHA";"240100";"HOSPITALIZACIÓN QUIRÚRGICA CIRUGÍA GENERAL ";"71";"81";"597";"605";"26";"806";"0"
"2023";"12";"250105";"UCAYALI";"CORONEL PORTILLO";"YARINACOCHA";"GOBIERNO REGIONAL";"II-2";"00005577";"HOSPITAL AMAZONICO - YARINACOCHA";"241800";"HOSPITALIZACIÓN DE MEDICINA MEDICINA GENERAL ";"52";"73";"689";"720";"29";"899";"5"
"2023";"12";"250105";"UCAYALI";"CORONEL PORTILLO";"YARINACOCHA";"GOBIERNO REGIONAL";"II-2";"00005577";"HOSPITAL AMAZONICO - YARINACOCHA";"242200";"HOSPITALIZACIÓN DE MEDICINA PSIQUIATRÍA ";"1";"4";"93";"96";"9";"279";"0"
"2023";"12";"250105";"UCAYALI";"CORONEL PORTILLO";"YARINACOCHA";"GOBIERNO REGIONAL";"II-2";"00005577";"HOSPITAL AMAZONICO - YARINACOCHA";"243200";"HOSPITALIZACIÓN DE PEDIATRÍA PEDIATRIA NEONATOLOGÍA";"31";"41";"372";"372";"12";"372";"1"
"2023";"12";"250105";"UCAYALI";"CORONEL PORTILLO";"YARINACOCHA";"GOBIERNO REGIONAL";"II-2";"00005577";"HOSPITAL AMAZONICO - YARINACOCHA";"250103";"UNIDAD DE CUIDADOS CRITICOS UNIDAD  DE CUIDADOS INTENSIVOS GENERALES  (UCI) MEDICINA";"3";"3";"25";"28";"9";"279";"1"
"2023";"12";"250105";"UCAYALI";"CORONEL PORTILLO";"YARINACOCHA";"GOBIERNO REGIONAL";"II-2";"00005577";"HOSPITAL AMAZONICO - YARINACOCHA";"250302";"HOSPIT. EN UNIDAD DE CUID.INTEN.-UNIDAD DE VIGILANCIA INTENSIVA (UVI)-GINECO-OBSTETRICIA";"2";"2";"4";"5";"3";"93";"0"
"2023";"12";"150108";"LIMA";"LIMA";"CHORRILLOS";"PRIVADO";"II-E";"00019839";"CLINICA SANTA LEONOR";"240000";"HOSPITALIZACIÓN";"35";"35";"56";"57";"5";"155";"0"
"2023";"12";"150130";"LIMA";"LIMA";"SAN BORJA";"PRIVADO";"II-E";"00015143";"CLINICA ASTOCONDOR";"240800";"HOSPITALIZACIÓN QUIRÚRGICA CIRUGÍA PLÁSTICA/RECONSTRUCTIVA/ REPARADORA ";"2";"2";"2";"2";"3";"42";"0"
"2023";"12";"060101";"CAJAMARCA";"CAJAMARCA";"CAJAMARCA";"GOBIERNO REGIONAL";"I-3";"00027069";"CENTRO DE SALUD MENTAL COMUNITARIO ""ESPERANZA DE VIDA""";"NE_0001";"";"NE_0001";"NE_0001";"NE_0001";"NE_0001";"NE_0001";"NE_0001";"NE_0001"
"2023";"11";"150110";"LIMA";"LIMA";"COMAS";"MINSA";"III-1";"00007634";"HOSPITAL SERGIO E. BERNALES";"241900";"HOSPITALIZACIÓN DE MEDICINA MEDICINA INTERNA ";"68";"94";"1650";"1378";"48";"1440";"15"
"2023";"11";"150110";"LIMA";"LIMA";"COMAS";"MINSA";"III-1";"00007634";"HOSPITAL SERGIO E. BERNALES";"245300";"HOSPITALIZACIÓN DE MEDICINA NEUMOLOGÍA  ";"28";"28";"497";"513";"25";"750";"4"
"2023";"11";"150110";"LIMA";"LIMA";"COMAS";"MINSA";"III-1";"00007634";"HOSPITAL SERGIO E. BERNALES";"240100";"HOSPITALIZACIÓN QUIRÚRGICA CIRUGÍA GENERAL ";"212";"223";"1411";"1222";"65";"1950";"2"
"2023";"11";"150110";"LIMA";"LIMA";"COMAS";"MINSA";"III-1";"00007634";"HOSPITAL SERGIO E. BERNALES";"241200";"HOSPITALIZACIÓN QUIRÚRGICA TRAUMATOLOGÍA Y ORTOPEDIA ";"23";"28";"633";"488";"22";"660";"0"
"2023";"11";"150110";"LIMA";"LIMA";"COMAS";"MINSA";"III-1";"00007634";"HOSPITAL SERGIO E. BERNALES";"242300";"HOSPITALIZACIÓN DE PEDIATRÍA  PEDIATRÍA  GENERAL ";"192";"182";"565";"550";"28";"840";"0"
"2023";"11";"150110";"LIMA";"LIMA";"COMAS";"MINSA";"III-1";"00007634";"HOSPITAL SERGIO E. BERNALES";"243200";"HOSPITALIZACIÓN DE PEDIATRÍA PEDIATRIA NEONATOLOGÍA";"287";"281";"998";"454";"29";"870";"2"
"2023";"11";"150110";"LIMA";"LIMA";"COMAS";"MINSA";"III-1";"00007634";"HOSPITAL SERGIO E. BERNALES";"241600";"HOSPITALIZACIÓN QUIRÚRGICA OBSTETRICIA   ";"62";"75";"332";"292";"14";"420";"0"
"2023";"11";"150110";"LIMA";"LIMA";"COMAS";"MINSA";"III-1";"00007634";"HOSPITAL SERGIO E. BERNALES";"241500";"HOSPITALIZACIÓN QUIRÚRGICA GINECOLOGÍA  ";"450";"431";"1207";"1296";"58";"1740";"0"
"2023";"11";"022001";"ANCASH";"YUNGAY";"YUNGAY";"GOBIERNO REGIONAL";"II-1";"00001633";"HOSPITAL DE APOYO YUNGAY";"241800";"HOSPITALIZACIÓN DE MEDICINA MEDICINA GENERAL ";"25";"29";"111";"91";"9";"270";"0"
"2023";"11";"022001";"ANCASH";"YUNGAY";"YUNGAY";"GOBIERNO REGIONAL";"II-1";"00001633";"HOSPITAL DE APOYO YUNGAY";"240100";"HOSPITALIZACIÓN QUIRÚRGICA CIRUGÍA GENERAL ";"6";"5";"18";"25";"6";"180";"0"
"2023";"11";"022001";"ANCASH";"YUNGAY";"YUNGAY";"GOBIERNO REGIONAL";"II-1";"00001633";"HOSPITAL DE APOYO YUNGAY";"242500";"HOSPITALIZACIÓN-PEDIATRÍA GENERAL-";"7";"8";"25";"22";"4";"120";"0"
"2023";"11";"022001";"ANCASH";"YUNGAY";"YUNGAY";"GOBIERNO REGIONAL";"II-1";"00001633";"HOSPITAL DE APOYO YUNGAY";"241600";"HOSPITALIZACIÓN QUIRÚRGICA OBSTETRICIA   ";"34";"35";"63";"89";"6";"180";"0"
"2023";"11";"022001";"ANCASH";"YUNGAY";"YUNGAY";"GOBIERNO REGIONAL";"II-1";"00001633";"HOSPITAL DE APOYO YUNGAY";"241500";"HOSPITALIZACIÓN QUIRÚRGICA GINECOLOGÍA  ";"2";"2";"5";"5";"3";"90";"0"
"2023";"12";"070101";"CALLAO";"CALLAO";"CALLAO";"GOBIERNO REGIONAL";"I-3";"00006239";"C.S. SESQUICENTENARIO";"NE_0001";"";"NE_0001";"NE_0001";"NE_0001";"NE_0001";"NE_0001";"NE_0001";"NE_0001"
"2023";"12";"070101";"CALLAO";"CALLAO";"CALLAO";"GOBIERNO REGIONAL";"I-2";"00006240";"PUESTO DE SALUD PREVI";"NE_0001";"";"NE_0001";"NE_0001";"NE_0001";"NE_0001";"NE_0001";"NE_0001";"NE_0001"
"2023";"12";"070101";"CALLAO";"CALLAO";"CALLAO";"GOBIERNO REGIONAL";"I-2";"00006245";"PUESTO DE SALUD BOCANEGRA";"NE_0001";"";"NE_0001";"NE_0001";"NE_0001";"NE_0001";"NE_0001";"NE_0001";"NE_0001"
"2023";"12";"070101";"CALLAO";"CALLAO";"CALLAO";"GOBIERNO REGIONAL";"I-2";"00006246";"PUESTO DE SALUD EL ÁLAMO";"NE_0001";"";"NE_0001";"NE_0001";"NE_0001";"NE_0001";"NE_0001";"NE_0001";"NE_0001"
"2023";"12";"210101";"PUNO";"PUNO";"PUNO";"GOBIERNO REGIONAL";"I-4";"00003254";"JOSE ANTONIO ENCINAS";"241600";"HOSPITALIZACIÓN QUIRÚRGICA OBSTETRICIA   ";"12";"13";"15";"21";"5";"284";"0"
"2023";"12";"120601";"JUNIN";"SATIPO";"SATIPO";"GOBIERNO REGIONAL";"I-1";"00000480";"BAJO CAPIRO";"NE_0001";"";"NE_0001";"NE_0001";"NE_0001";"NE_0001";"NE_0001";"NE_0001";"NE_0001"
"2023";"12";"120607";"JUNIN";"SATIPO";"RIO NEGRO";"GOBIERNO REGIONAL";"I-2";"00000503";"UNION CUVIRIAKI";"NE_0001";"";"NE_0001";"NE_0001";"NE_0001";"NE_0001";"NE_0001";"NE_0001";"NE_0001"
"2023";"12";"120607";"JUNIN";"SATIPO";"RIO NEGRO";"GOBIERNO REGIONAL";"I-1";"00000504";"SHABASHIPANGO";"NE_0001";"";"NE_0001";"NE_0001";"NE_0001";"NE_0001";"NE_0001";"NE_0001";"NE_0001"
"2023";"12";"120601";"JUNIN";"SATIPO";"SATIPO";"GOBIERNO REGIONAL";"I-1";"00000484";"ALTO PAURELI";"NE_0001";"";"NE_0001";"NE_0001";"NE_0001";"NE_0001";"NE_0001";"NE_0001";"NE_0001"
"2023";"12";"120607";"JUNIN";"SATIPO";"RIO NEGRO";"GOBIERNO REGIONAL";"I-3";"00000495";"RIO NEGRO";"NE_0001";"";"NE_0001";"NE_0001";"NE_0001";"NE_0001";"NE_0001";"NE_0001";"NE_0001"
"2023";"12";"120607";"JUNIN";"SATIPO";"RIO NEGRO";"GOBIERNO REGIONAL";"I-2";"00000505";"SAN JUAN DE CHENI";"NE_0001";"";"NE_0001";"NE_0001";"NE_0001";"NE_0001";"NE_0001";"NE_0001";"NE_0001"
"2023";"12";"150601";"LIMA";"HUARAL";"HUARAL";"PRIVADO";"II-E";"00017081";"CLINICA SAN ANDRES";"241200";"HOSPITALIZACIÓN QUIRÚRGICA TRAUMATOLOGÍA Y ORTOPEDIA ";"3";"3";"6";"6";"2";"31";"0"
"2023";"12";"150601";"LIMA";"HUARAL";"HUARAL";"PRIVADO";"II-E";"00017081";"CLINICA SAN ANDRES";"241300";"HOSPITALIZACIÓN QUIRÚRGICA UROLOGÍA  ";"3";"3";"5";"5";"1";"31";"0"
"2023";"12";"150601";"LIMA";"HUARAL";"HUARAL";"PRIVADO";"II-E";"00017081";"CLINICA SAN ANDRES";"240100";"HOSPITALIZACIÓN QUIRÚRGICA CIRUGÍA GENERAL ";"6";"6";"8";"8";"1";"31";"0"
"2023";"12";"080106";"CUSCO";"CUSCO";"SANTIAGO";"GOBIERNO REGIONAL";"III-1";"00002305";"ANTONIO LORENA DEL CUSCO";"250100";"UNIDAD DE CUIDADOS CRITICOS UNIDAD  DE CUIDADOS INTENSIVOS GENERALES (UCI) ";"20";"15";"129";"163";"6";"186";"0"
"2023";"12";"080106";"CUSCO";"CUSCO";"SANTIAGO";"GOBIERNO REGIONAL";"III-1";"00002305";"ANTONIO LORENA DEL CUSCO";"250200";"UNIDAD DE CUIDADOS CRITICOS UNIDAD DE CUIDADOS INTERMEDIOS GENERAL  (UCIN) ";"28";"22";"214";"230";"8";"248";"3"
"2023";"12";"080106";"CUSCO";"CUSCO";"SANTIAGO";"GOBIERNO REGIONAL";"III-1";"00002305";"ANTONIO LORENA DEL CUSCO";"240100";"HOSPITALIZACIÓN QUIRÚRGICA CIRUGÍA GENERAL ";"164";"149";"922";"689";"31";"961";"1"
"2023";"12";"080106";"CUSCO";"CUSCO";"SANTIAGO";"GOBIERNO REGIONAL";"III-1";"00002305";"ANTONIO LORENA DEL CUSCO";"240900";"HOSPITALIZACIÓN QUIRÚRGICA NEUROCIRUGÍA ";"33";"24";"203";"257";"10";"310";"1"
"2023";"12";"080106";"CUSCO";"CUSCO";"SANTIAGO";"GOBIERNO REGIONAL";"III-1";"00002305";"ANTONIO LORENA DEL CUSCO";"241200";"HOSPITALIZACIÓN QUIRÚRGICA TRAUMATOLOGÍA Y ORTOPEDIA ";"44";"34";"230";"270";"10";"310";"1"
"2023";"12";"080106";"CUSCO";"CUSCO";"SANTIAGO";"GOBIERNO REGIONAL";"III-1";"00002305";"ANTONIO LORENA DEL CUSCO";"244000";"HOSPITALIZACIÓN DE MEDICINA CARDIOLOGIA ";"16";"8";"79";"186";"10";"310";"1"
"2023";"12";"080106";"CUSCO";"CUSCO";"SANTIAGO";"GOBIERNO REGIONAL";"III-1";"00002305";"ANTONIO LORENA DEL CUSCO";"241900";"HOSPITALIZACIÓN DE MEDICINA MEDICINA INTERNA ";"109";"91";"538";"546";"28";"868";"6"
"2023";"12";"080106";"CUSCO";"CUSCO";"SANTIAGO";"GOBIERNO REGIONAL";"III-1";"00002305";"ANTONIO LORENA DEL CUSCO";"245300";"HOSPITALIZACIÓN DE MEDICINA NEUMOLOGÍA  ";"22";"17";"132";"147";"9";"279";"1"
"2023";"12";"080106";"CUSCO";"CUSCO";"SANTIAGO";"GOBIERNO REGIONAL";"III-1";"00002305";"ANTONIO LORENA DEL CUSCO";"242204";"HOSPITALIZACIÓN DE MEDICINA PSIQUIATRÍA REHABILITACIÓN PSIQUIÁTRICA / REINSERCIÓN ";"20";"13";"304";"272";"10";"310";"0"
"2023";"12";"080106";"CUSCO";"CUSCO";"SANTIAGO";"GOBIERNO REGIONAL";"III-1";"00002305";"ANTONIO LORENA DEL CUSCO";"242000";"HOSPITALIZACIÓN DE MEDICINA MEDICINA TROPICAL E INFECCIOSAS ";"22";"17";"104";"161";"8";"248";"0"
"2023";"12";"080106";"CUSCO";"CUSCO";"SANTIAGO";"GOBIERNO REGIONAL";"III-1";"00002305";"ANTONIO LORENA DEL CUSCO";"242100";"HOSPITALIZACIÓN DE MEDICINA ONCOLOGÍA MÉDICA ";"5";"4";"12";"15";"5";"155";"0"
"2023";"12";"080106";"CUSCO";"CUSCO";"SANTIAGO";"GOBIERNO REGIONAL";"III-1";"00002305";"ANTONIO LORENA DEL CUSCO";"241000";"HOSPITALIZACIÓN QUIRÚRGICA ONCOLOGÍA QUIRÚRGICA  ";"25";"22";"219";"142";"7";"217";"0"
"2023";"12";"080106";"CUSCO";"CUSCO";"SANTIAGO";"GOBIERNO REGIONAL";"III-1";"00002305";"ANTONIO LORENA DEL CUSCO";"241500";"HOSPITALIZACIÓN QUIRÚRGICA GINECOLOGÍA  ";"79";"76";"203";"198";"10";"310";"0"
"2023";"12";"080106";"CUSCO";"CUSCO";"SANTIAGO";"GOBIERNO REGIONAL";"III-1";"00002305";"ANTONIO LORENA DEL CUSCO";"241400";"HOSPITALIZACIÓN QUIRÚRGICA GINECO - OBSTETRICIA ";"183";"169";"473";"462";"20";"620";"0"
"2023";"12";"080106";"CUSCO";"CUSCO";"SANTIAGO";"GOBIERNO REGIONAL";"III-1";"00002305";"ANTONIO LORENA DEL CUSCO";"242300";"HOSPITALIZACIÓN DE PEDIATRÍA  PEDIATRÍA  GENERAL ";"50";"47";"247";"227";"12";"372";"0"
"2023";"12";"080106";"CUSCO";"CUSCO";"SANTIAGO";"GOBIERNO REGIONAL";"III-1";"00002305";"ANTONIO LORENA DEL CUSCO";"243200";"HOSPITALIZACIÓN DE PEDIATRÍA PEDIATRIA NEONATOLOGÍA";"48";"38";"345";"297";"15";"465";"0"
"2023";"12";"080106";"CUSCO";"CUSCO";"SANTIAGO";"GOBIERNO REGIONAL";"III-1";"00002305";"ANTONIO LORENA DEL CUSCO";"250105";"UNIDAD DE CUIDADOS CRITICOS UNIDAD  DE CUIDADOS INTENSIVOS  (UCI) NEONATOLOGÍA";"17";"12";"172";"175";"8";"248";"2"
"2023";"12";"080106";"CUSCO";"CUSCO";"SANTIAGO";"GOBIERNO REGIONAL";"III-1";"00002305";"ANTONIO LORENA DEL CUSCO";"243600";"HOSPITALIZACIÓN DE PEDIATRÍA PEDIATRIA ONCOLOGÍA PEDIÁTRICA";"8";"2";"138";"142";"9";"279";"0"
"2023";"12";"090404";"HUANCAVELICA";"CASTROVIRREYNA";"CAPILLAS";"GOBIERNO REGIONAL";"I-2";"00004027";"CAPILLAS NORTE";"NE_0001";"";"NE_0001";"NE_0001";"NE_0001";"NE_0001";"NE_0001";"NE_0001";"NE_0001"
"2023";"12";"090404";"HUANCAVELICA";"CASTROVIRREYNA";"CAPILLAS";"GOBIERNO REGIONAL";"I-1";"00004028";"MARCAS";"NE_0001";"";"NE_0001";"NE_0001";"NE_0001";"NE_0001";"NE_0001";"NE_0001";"NE_0001"
"2023";"12";"090407";"HUANCAVELICA";"CASTROVIRREYNA";"HUACHOS";"GOBIERNO REGIONAL";"I-1";"00004026";"PICHUTA";"NE_0001";"";"NE_0001";"NE_0001";"NE_0001";"NE_0001";"NE_0001";"NE_0001";"NE_0001"
"2023";"12";"090404";"HUANCAVELICA";"CASTROVIRREYNA";"CAPILLAS";"GOBIERNO REGIONAL";"I-1";"00004029";"CAJAMARCA";"NE_0001";"";"NE_0001";"NE_0001";"NE_0001";"NE_0001";"NE_0001";"NE_0001";"NE_0001"
"2023";"12";"250101";"UCAYALI";"CORONEL PORTILLO";"CALLERIA";"GOBIERNO REGIONAL";"0";"00027157";"SISTEMA DE ATENCIÓN MÓVIL DE URGENCIAS (SAMU)";"NE_0001";"";"NE_0001";"NE_0001";"NE_0001";"NE_0001";"NE_0001";"NE_0001";"NE_0001"
"2023";"12";"250303";"UCAYALI";"PADRE ABAD";"CURIMANA";"GOBIERNO REGIONAL";"I-3";"00005422";"CURIMANA";"NE_0001";"";"NE_0001";"NE_0001";"NE_0001";"NE_0001";"NE_0001";"NE_0001";"NE_0001"
"2023";"12";"250105";"UCAYALI";"CORONEL PORTILLO";"YARINACOCHA";"GOBIERNO REGIONAL";"I-3";"00005534";"SAN JOSE DE YARINACOCHA";"NE_0001";"";"NE_0001";"NE_0001";"NE_0001";"NE_0001";"NE_0001";"NE_0001";"NE_0001"
"2023";"12";"250105";"UCAYALI";"CORONEL PORTILLO";"YARINACOCHA";"GOBIERNO REGIONAL";"I-1";"00005542";"CLAS  DE SAN JUAN YARINACOCHA .";"NE_0001";"";"NE_0001";"NE_0001";"NE_0001";"NE_0001";"NE_0001";"NE_0001";"NE_0001"
"2023";"12";"250303";"UCAYALI";"PADRE ABAD";"CURIMANA";"GOBIERNO REGIONAL";"I-1";"00006885";"SAN JUAN DE TAHUAPOA";"NE_0001";"";"NE_0001";"NE_0001";"NE_0001";"NE_0001";"NE_0001";"NE_0001";"NE_0001"
"2023";"12";"250105";"UCAYALI";"CORONEL PORTILLO";"YARINACOCHA";"GOBIERNO REGIONAL";"0";"00014314";"LABORATORIO DE REFERENCIA REGIONAL EN SALUD PUBLICA UCAYALI";"NE_0001";"";"NE_0001";"NE_0001";"NE_0001";"NE_0001";"NE_0001";"NE_0001";"NE_0001"
"2023";"12";"250105";"UCAYALI";"CORONEL PORTILLO";"YARINACOCHA";"GOBIERNO REGIONAL";"I-2";"00005536";"ESPERANZA DE PANAILLO";"NE_0001";"";"NE_0001";"NE_0001";"NE_0001";"NE_0001";"NE_0001";"NE_0001";"NE_0001"
"2023";"12";"250105";"UCAYALI";"CORONEL PORTILLO";"YARINACOCHA";"GOBIERNO REGIONAL";"I-1";"00005541";"PUESTO DE SALUD LEONCIO PRADO";"NE_0001";"";"NE_0001";"NE_0001";"NE_0001";"NE_0001";"NE_0001";"NE_0001";"NE_0001"
"2023";"12";"250303";"UCAYALI";"PADRE ABAD";"CURIMANA";"GOBIERNO REGIONAL";"I-1";"00006950";"PUEBLO LIBRE CURIMANA";"NE_0001";"";"NE_0001";"NE_0001";"NE_0001";"NE_0001";"NE_0001";"NE_0001";"NE_0001"
"2023";"12";"250303";"UCAYALI";"PADRE ABAD";"CURIMANA";"GOBIERNO REGIONAL";"I-1";"00025049";"PUESTO DE SALUD MERIBA";"NE_0001";"";"NE_0001";"NE_0001";"NE_0001";"NE_0001";"NE_0001";"NE_0001";"NE_0001"
"2023";"12";"250303";"UCAYALI";"PADRE ABAD";"CURIMANA";"GOBIERNO REGIONAL";"I-1";"00005423";"LAS MALVINAS.";"NE_0001";"";"NE_0001";"NE_0001";"NE_0001";"NE_0001";"NE_0001";"NE_0001";"NE_0001"
"2023";"12";"250303";"UCAYALI";"PADRE ABAD";"CURIMANA";"GOBIERNO REGIONAL";"I-1";"00005424";"BELLO HORIZONTE";"NE_0001";"";"NE_0001";"NE_0001";"NE_0001";"NE_0001";"NE_0001";"NE_0001";"NE_0001"
"2023";"12";"250105";"UCAYALI";"CORONEL PORTILLO";"YARINACOCHA";"GOBIERNO REGIONAL";"I-1";"00005544";"CLAS UNION ZAPOTILLO";"NE_0001";"";"NE_0001";"NE_0001";"NE_0001";"NE_0001";"NE_0001";"NE_0001";"NE_0001"
"2023";"12";"250105";"UCAYALI";"CORONEL PORTILLO";"YARINACOCHA";"GOBIERNO REGIONAL";"I-1";"00005545";"NUEVA ALEJANDRIA";"NE_0001";"";"NE_0001";"NE_0001";"NE_0001";"NE_0001";"NE_0001";"NE_0001";"NE_0001"
"2023";"12";"250303";"UCAYALI";"PADRE ABAD";"CURIMANA";"GOBIERNO REGIONAL";"I-1";"00005425";"ZORRILLOS";"NE_0001";"";"NE_0001";"NE_0001";"NE_0001";"NE_0001";"NE_0001";"NE_0001";"NE_0001"
"2023";"12";"250105";"UCAYALI";"CORONEL PORTILLO";"YARINACOCHA";"GOBIERNO REGIONAL";"I-1";"00005540";"HUITOCOCHA";"NE_0001";"";"NE_0001";"NE_0001";"NE_0001";"NE_0001";"NE_0001";"NE_0001";"NE_0001"
"2023";"12";"250105";"UCAYALI";"CORONEL PORTILLO";"YARINACOCHA";"GOBIERNO REGIONAL";"I-1";"00005546";"MARISCAL SUCRE";"NE_0001";"";"NE_0001";"NE_0001";"NE_0001";"NE_0001";"NE_0001";"NE_0001";"NE_0001"
"2023";"12";"250105";"UCAYALI";"CORONEL PORTILLO";"YARINACOCHA";"GOBIERNO REGIONAL";"I-1";"00005548";"CASHIVOCOCHA";"NE_0001";"";"NE_0001";"NE_0001";"NE_0001";"NE_0001";"NE_0001";"NE_0001";"NE_0001"
"2023";"12";"250105";"UCAYALI";"CORONEL PORTILLO";"YARINACOCHA";"GOBIERNO REGIONAL";"I-2";"00005535";"CLAS SAN PABLO DE TUSHMO.";"NE_0001";"";"NE_0001";"NE_0001";"NE_0001";"NE_0001";"NE_0001";"NE_0001";"NE_0001"
"2023";"12";"250105";"UCAYALI";"CORONEL PORTILLO";"YARINACOCHA";"GOBIERNO REGIONAL";"I-2";"00005537";"CLAS   BELLAVISTA DE YARINACOCHA";"NE_0001";"";"NE_0001";"NE_0001";"NE_0001";"NE_0001";"NE_0001";"NE_0001";"NE_0001"
"2023";"12";"250105";"UCAYALI";"CORONEL PORTILLO";"YARINACOCHA";"GOBIERNO REGIONAL";"I-2";"00005538";"SAN FRANCISCO DE YARINACOCHA";"NE_0001";"";"NE_0001";"NE_0001";"NE_0001";"NE_0001";"NE_0001";"NE_0001";"NE_0001"
"2023";"12";"250105";"UCAYALI";"CORONEL PORTILLO";"YARINACOCHA";"GOBIERNO REGIONAL";"I-1";"00005543";"NUEVA LUZ DE FATIMA";"NE_0001";"";"NE_0001";"NE_0001";"NE_0001";"NE_0001";"NE_0001";"NE_0001";"NE_0001"
"2023";"12";"250105";"UCAYALI";"CORONEL PORTILLO";"YARINACOCHA";"GOBIERNO REGIONAL";"I-1";"00005549";"SANTA ROSA";"NE_0001";"";"NE_0001";"NE_0001";"NE_0001";"NE_0001";"NE_0001";"NE_0001";"NE_0001"
"2023";"12";"250105";"UCAYALI";"CORONEL PORTILLO";"YARINACOCHA";"GOBIERNO REGIONAL";"I-1";"00007237";"NUEVA UNION";"NE_0001";"";"NE_0001";"NE_0001";"NE_0001";"NE_0001";"NE_0001";"NE_0001";"NE_0001"
"2023";"12";"120101";"JUNIN";"HUANCAYO";"HUANCAYO";"SANIDAD DE LA POLICIA NACIONAL DEL PERU";"I-3";"00010710";"POLICLINICO POLICIAL HUANCAYO ENRIQUE TORRES GONZALES";"NE_0001";"";"NE_0001";"NE_0001";"NE_0001";"NE_0001";"NE_0001";"NE_0001";"NE_0001"
"2023";"12";"110101";"ICA";"ICA";"ICA";"PRIVADO";"II-1";"00012765";"SAN VICENTE";"240000";"HOSPITALIZACIÓN";"29";"30";"30";"30";"8";"248";"0"
"2023";"12";"060101";"CAJAMARCA";"CAJAMARCA";"CAJAMARCA";"PRIVADO";"I-3";"00010487";"MARIA BELEN SRL";"NE_0001";"";"NE_0001";"NE_0001";"NE_0001";"NE_0001";"NE_0001";"NE_0001";"NE_0001"
"2023";"12";"190307";"PASCO";"OXAPAMPA";"VILLA RICA";"GOBIERNO REGIONAL";"I-1";"00001178";"LOS MELLIZOS";"NE_0002";"";"NE_0002";"NE_0002";"NE_0002";"NE_0002";"NE_0002";"NE_0002";"NE_0002"
"2023";"12";"190307";"PASCO";"OXAPAMPA";"VILLA RICA";"GOBIERNO REGIONAL";"I-1";"00001179";"ALTO CACAZU";"NE_0002";"";"NE_0002";"NE_0002";"NE_0002";"NE_0002";"NE_0002";"NE_0002";"NE_0002"
"2023";"12";"190307";"PASCO";"OXAPAMPA";"VILLA RICA";"GOBIERNO REGIONAL";"I-3";"00001180";"ENEÑAS";"NE_0002";"";"NE_0002";"NE_0002";"NE_0002";"NE_0002";"NE_0002";"NE_0002";"NE_0002"
"2023";"12";"190307";"PASCO";"OXAPAMPA";"VILLA RICA";"GOBIERNO REGIONAL";"I-1";"00006742";"SAN PEDRO DE PICHANAZ";"NE_0002";"";"NE_0002";"NE_0002";"NE_0002";"NE_0002";"NE_0002";"NE_0002";"NE_0002"
"2023";"12";"220901";"SAN MARTIN";"SAN MARTIN";"TARAPOTO";"GOBIERNO REGIONAL";"I-3";"00006362";"CENTRO DE SALUD NUEVE DE ABRIL";"NE_0001";"";"NE_0001";"NE_0001";"NE_0001";"NE_0001";"NE_0001";"NE_0001";"NE_0001"
"2023";"10";"040129";"AREQUIPA";"AREQUIPA";"JOSE LUIS BUSTAMANTE Y RIVERO";"PRIVADO";"II-E";"00032853";"CLINICA UROSUR";"241300";"HOSPITALIZACIÓN QUIRÚRGICA UROLOGÍA  ";"61";"62";"101";"157";"5";"155";"0"
"2023";"12";"220804";"SAN MARTIN";"RIOJA";"NUEVA CAJAMARCA";"GOBIERNO REGIONAL";"I-1";"00006299";"PERLA DAGUAS";"NE_0001";"";"NE_0001";"NE_0001";"NE_0001";"NE_0001";"NE_0001";"NE_0001";"NE_0001"
"2023";"12";"220804";"SAN MARTIN";"RIOJA";"NUEVA CAJAMARCA";"GOBIERNO REGIONAL";"I-3";"00006300";"SAN JUAN RIO SORITOR";"241800";"HOSPITALIZACIÓN DE MEDICINA MEDICINA GENERAL ";"1";"1";"1";"1";"1";"30";"0"
"2023";"12";"090206";"HUANCAVELICA";"ACOBAMBA";"PAUCARA";"GOBIERNO REGIONAL";"I-1";"00009696";"PUESTO DE SALUD LIBERTADORES DE CHOPCCA";"NE_0001";"";"NE_0001";"NE_0001";"NE_0001";"NE_0001";"NE_0001";"NE_0001";"NE_0001"
"2023";"12";"090206";"HUANCAVELICA";"ACOBAMBA";"PAUCARA";"GOBIERNO REGIONAL";"I-3";"00003931";"TINQUERCCASA";"NE_0001";"";"NE_0001";"NE_0001";"NE_0001";"NE_0001";"NE_0001";"NE_0001";"NE_0001"
"2023";"12";"090206";"HUANCAVELICA";"ACOBAMBA";"PAUCARA";"GOBIERNO REGIONAL";"I-1";"00003932";"PUESTO DE SALUD HUACHHUA";"NE_0001";"";"NE_0001";"NE_0001";"NE_0001";"NE_0001";"NE_0001";"NE_0001";"NE_0001"
"2023";"12";"090206";"HUANCAVELICA";"ACOBAMBA";"PAUCARA";"GOBIERNO REGIONAL";"I-2";"00006823";"PUESTO DE SALUD CHOPCCAPAMPA";"NE_0001";"";"NE_0001";"NE_0001";"NE_0001";"NE_0001";"NE_0001";"NE_0001";"NE_0001"
"2023";"12";"040108";"AREQUIPA";"AREQUIPA";"LA JOYA";"ESSALUD";"I-2";"00013305";"POSTA MEDICA LA JOYA";"NE_0001";"";"NE_0001";"NE_0001";"NE_0001";"NE_0001";"NE_0001";"NE_0001";"NE_0001"
"2023";"12";"060101";"CAJAMARCA";"CAJAMARCA";"CAJAMARCA";"PRIVADO";"0";"00018126";"LABORATORIO LLONTOP S.R.L.";"NE_0001";"";"NE_0001";"NE_0001";"NE_0001";"NE_0001";"NE_0001";"NE_0001";"NE_0001"
"2023";"12";"220901";"SAN MARTIN";"SAN MARTIN";"TARAPOTO";"GOBIERNO REGIONAL";"I-3";"00006370";"PUNTA DEL ESTE";"NE_0001";"";"NE_0001";"NE_0001";"NE_0001";"NE_0001";"NE_0001";"NE_0001";"NE_0001"
"2023";"12";"220901";"SAN MARTIN";"SAN MARTIN";"TARAPOTO";"GOBIERNO REGIONAL";"I-1";"00006363";"ATUMPAMPA";"NE_0001";"";"NE_0001";"NE_0001";"NE_0001";"NE_0001";"NE_0001";"NE_0001";"NE_0001"
"2023";"12";"220901";"SAN MARTIN";"SAN MARTIN";"TARAPOTO";"GOBIERNO REGIONAL";"I-1";"00006373";"SANTA ROSA DE CUMBAZA";"NE_0001";"";"NE_0001";"NE_0001";"NE_0001";"NE_0001";"NE_0001";"NE_0001";"NE_0001"
"2023";"12";"220901";"SAN MARTIN";"SAN MARTIN";"TARAPOTO";"GOBIERNO REGIONAL";"I-2";"00006371";"HUAYCO TARAPOTO";"NE_0001";"";"NE_0001";"NE_0001";"NE_0001";"NE_0001";"NE_0001";"NE_0001";"NE_0001"
"2023";"12";"070104";"CALLAO";"CALLAO";"LA PERLA";"GOBIERNO REGIONAL";"I-2";"00006251";"PUESTO DE SALUD  LA PERLA";"NE_0001";"";"NE_0001";"NE_0001";"NE_0001";"NE_0001";"NE_0001";"NE_0001";"NE_0001"
"2023";"02";"140101";"LAMBAYEQUE";"CHICLAYO";"CHICLAYO";"PRIVADO";"II-E";"00025061";"HOSPITAL DE CLINICAS LAMBAYEQUE SAC";"241200";"HOSPITALIZACIÓN QUIRÚRGICA TRAUMATOLOGÍA Y ORTOPEDIA ";"100";"96";"180";"220";"30";"1109";"0"
"2023";"03";"140101";"LAMBAYEQUE";"CHICLAYO";"CHICLAYO";"PRIVADO";"II-E";"00025061";"HOSPITAL DE CLINICAS LAMBAYEQUE SAC";"241200";"HOSPITALIZACIÓN QUIRÚRGICA TRAUMATOLOGÍA Y ORTOPEDIA ";"100";"96";"460";"320";"30";"1109";"0"
"2023";"04";"140101";"LAMBAYEQUE";"CHICLAYO";"CHICLAYO";"PRIVADO";"II-E";"00025061";"HOSPITAL DE CLINICAS LAMBAYEQUE SAC";"241200";"HOSPITALIZACIÓN QUIRÚRGICA TRAUMATOLOGÍA Y ORTOPEDIA ";"110";"96";"260";"320";"30";"1109";"0"
"2023";"05";"140101";"LAMBAYEQUE";"CHICLAYO";"CHICLAYO";"PRIVADO";"II-E";"00025061";"HOSPITAL DE CLINICAS LAMBAYEQUE SAC";"241200";"HOSPITALIZACIÓN QUIRÚRGICA TRAUMATOLOGÍA Y ORTOPEDIA ";"90";"96";"200";"250";"30";"1109";"0"
"2023";"06";"140101";"LAMBAYEQUE";"CHICLAYO";"CHICLAYO";"PRIVADO";"II-E";"00025061";"HOSPITAL DE CLINICAS LAMBAYEQUE SAC";"241200";"HOSPITALIZACIÓN QUIRÚRGICA TRAUMATOLOGÍA Y ORTOPEDIA ";"110";"96";"460";"320";"30";"1109";"0"
"2023";"07";"140101";"LAMBAYEQUE";"CHICLAYO";"CHICLAYO";"PRIVADO";"II-E";"00025061";"HOSPITAL DE CLINICAS LAMBAYEQUE SAC";"241200";"HOSPITALIZACIÓN QUIRÚRGICA TRAUMATOLOGÍA Y ORTOPEDIA ";"100";"96";"460";"320";"30";"1109";"0"
"2023";"08";"140101";"LAMBAYEQUE";"CHICLAYO";"CHICLAYO";"PRIVADO";"II-E";"00025061";"HOSPITAL DE CLINICAS LAMBAYEQUE SAC";"241200";"HOSPITALIZACIÓN QUIRÚRGICA TRAUMATOLOGÍA Y ORTOPEDIA ";"100";"96";"300";"100";"30";"909";"0"
"2023";"11";"021801";"ANCASH";"SANTA";"CHIMBOTE";"PRIVADO";"II-1";"00017075";"CLINICA BELEN";"NE_0002";"";"NE_0002";"NE_0002";"NE_0002";"NE_0002";"NE_0002";"NE_0002";"NE_0002"
"2023";"11";"081205";"CUSCO";"QUISPICANCHI";"CCATCA";"GOBIERNO REGIONAL";"I-1";"00008911";"HUARA HUARA";"NE_0001";"";"NE_0001";"NE_0001";"NE_0001";"NE_0001";"NE_0001";"NE_0001";"NE_0001"
"2023";"11";"081202";"CUSCO";"QUISPICANCHI";"ANDAHUAYLILLAS";"GOBIERNO REGIONAL";"I-2";"00002525";"ANDAHUAYLILLAS";"NE_0001";"";"NE_0001";"NE_0001";"NE_0001";"NE_0001";"NE_0001";"NE_0001";"NE_0001"
"2023";"11";"081212";"CUSCO";"QUISPICANCHI";"QUIQUIJANA";"GOBIERNO REGIONAL";"I-4";"00002538";"QUIQUIJANA";"NE_0001";"";"NE_0001";"NE_0001";"NE_0001";"NE_0001";"NE_0001";"NE_0001";"NE_0001"
"2023";"11";"081206";"CUSCO";"QUISPICANCHI";"CUSIPATA";"GOBIERNO REGIONAL";"I-1";"00006980";"CHILLIHUANI";"NE_0001";"";"NE_0001";"NE_0001";"NE_0001";"NE_0001";"NE_0001";"NE_0001";"NE_0001"
"2023";"11";"081207";"CUSCO";"QUISPICANCHI";"HUARO";"GOBIERNO REGIONAL";"I-1";"00002533";"URPAY";"NE_0001";"";"NE_0001";"NE_0001";"NE_0001";"NE_0001";"NE_0001";"NE_0001";"NE_0001"
"2023";"11";"081208";"CUSCO";"QUISPICANCHI";"LUCRE";"GOBIERNO REGIONAL";"I-2";"00002534";"LUCRE";"NE_0001";"";"NE_0001";"NE_0001";"NE_0001";"NE_0001";"NE_0001";"NE_0001";"NE_0001"
"2023";"11";"081212";"CUSCO";"QUISPICANCHI";"QUIQUIJANA";"GOBIERNO REGIONAL";"I-1";"00002539";"CCOLCA";"NE_0001";"";"NE_0001";"NE_0001";"NE_0001";"NE_0001";"NE_0001";"NE_0001";"NE_0001"
"2023";"11";"081201";"CUSCO";"QUISPICANCHI";"URCOS";"GOBIERNO REGIONAL";"I-4";"00002523";"URCOS";"NE_0001";"";"NE_0001";"NE_0001";"NE_0001";"NE_0001";"NE_0001";"NE_0001";"NE_0001"
"2023";"11";"081206";"CUSCO";"QUISPICANCHI";"CUSIPATA";"GOBIERNO REGIONAL";"I-3";"00002530";"CUSIPATA";"NE_0001";"";"NE_0001";"NE_0001";"NE_0001";"NE_0001";"NE_0001";"NE_0001";"NE_0001"
"2023";"11";"081211";"CUSCO";"QUISPICANCHI";"OROPESA";"GOBIERNO REGIONAL";"I-3";"00002537";"OROPESA";"NE_0001";"";"NE_0001";"NE_0001";"NE_0001";"NE_0001";"NE_0001";"NE_0001";"NE_0001"
"2023";"11";"081207";"CUSCO";"QUISPICANCHI";"HUARO";"GOBIERNO REGIONAL";"I-2";"00002532";"HUARO";"NE_0001";"";"NE_0001";"NE_0001";"NE_0001";"NE_0001";"NE_0001";"NE_0001";"NE_0001"
"2023";"12";"150110";"LIMA";"LIMA";"COMAS";"PRIVADO";"I-2";"00028155";"Consultorio Médico Oftalmológico Vista";"NE_0001";"";"NE_0001";"NE_0001";"NE_0001";"NE_0001";"NE_0001";"NE_0001";"NE_0001"
"2023";"12";"130401";"LA LIBERTAD";"CHEPEN";"CHEPEN";"SANIDAD DE LA POLICIA NACIONAL DEL PERU";"I-1";"00025659";"Puesto de Salud de la Sanidad PNP. Chepén  I - 1";"NE_0001";"";"NE_0001";"NE_0001";"NE_0001";"NE_0001";"NE_0001";"NE_0001";"NE_0001"
"2023";"12";"120504";"JUNIN";"JUNIN";"ULCUMAYO";"GOBIERNO REGIONAL";"I-1";"00000605";"SHOGUE";"NE_0001";"";"NE_0001";"NE_0001";"NE_0001";"NE_0001";"NE_0001";"NE_0001";"NE_0001"
"2023";"12";"120504";"JUNIN";"JUNIN";"ULCUMAYO";"GOBIERNO REGIONAL";"I-2";"00000604";"TAMBOS";"NE_0001";"";"NE_0001";"NE_0001";"NE_0001";"NE_0001";"NE_0001";"NE_0001";"NE_0001"
"2023";"12";"120504";"JUNIN";"JUNIN";"ULCUMAYO";"GOBIERNO REGIONAL";"I-2";"00000602";"QUILCATACTA";"NE_0001";"";"NE_0001";"NE_0001";"NE_0001";"NE_0001";"NE_0001";"NE_0001";"NE_0001"
"2023";"12";"120504";"JUNIN";"JUNIN";"ULCUMAYO";"GOBIERNO REGIONAL";"I-1";"00000603";"YAPACMARCA";"NE_0001";"";"NE_0001";"NE_0001";"NE_0001";"NE_0001";"NE_0001";"NE_0001";"NE_0001"
"2023";"12";"120504";"JUNIN";"JUNIN";"ULCUMAYO";"GOBIERNO REGIONAL";"I-1";"00000607";"PISCURRURAY";"NE_0001";"";"NE_0001";"NE_0001";"NE_0001";"NE_0001";"NE_0001";"NE_0001";"NE_0001"
"2023";"12";"120504";"JUNIN";"JUNIN";"ULCUMAYO";"GOBIERNO REGIONAL";"I-3";"00000601";"ULCUMAYO";"NE_0001";"";"NE_0001";"NE_0001";"NE_0001";"NE_0001";"NE_0001";"NE_0001";"NE_0001"
"2023";"12";"120504";"JUNIN";"JUNIN";"ULCUMAYO";"GOBIERNO REGIONAL";"I-1";"00000606";"QUIPACANCHA";"NE_0001";"";"NE_0001";"NE_0001";"NE_0001";"NE_0001";"NE_0001";"NE_0001";"NE_0001"
"2023";"12";"060802";"CAJAMARCA";"JAEN";"BELLAVISTA";"GOBIERNO REGIONAL";"I-3";"00004225";"AMBATO TAMBORAPA";"NE_0001";"";"NE_0001";"NE_0001";"NE_0001";"NE_0001";"NE_0001";"NE_0001";"NE_0001"
"2023";"12";"150137";"LIMA";"LIMA";"SANTA ANITA";"ESSALUD";"II-1";"00008318";"ESSALUD - HOSPITAL I JORGE VOTO BERNALES CORPANCHO";"241800";"HOSPITALIZACIÓN DE MEDICINA MEDICINA GENERAL ";"23";"17";"63";"79";"5";"155";"1"
"2023";"12";"150137";"LIMA";"LIMA";"SANTA ANITA";"ESSALUD";"II-1";"00008318";"ESSALUD - HOSPITAL I JORGE VOTO BERNALES CORPANCHO";"243200";"HOSPITALIZACIÓN DE PEDIATRÍA PEDIATRIA NEONATOLOGÍA";"4";"3";"42";"19";"4";"124";"0"
"2023";"12";"150137";"LIMA";"LIMA";"SANTA ANITA";"ESSALUD";"II-1";"00008318";"ESSALUD - HOSPITAL I JORGE VOTO BERNALES CORPANCHO";"240100";"HOSPITALIZACIÓN QUIRÚRGICA CIRUGÍA GENERAL ";"81";"93";"285";"288";"12";"372";"0"
"2023";"12";"150137";"LIMA";"LIMA";"SANTA ANITA";"ESSALUD";"II-1";"00008318";"ESSALUD - HOSPITAL I JORGE VOTO BERNALES CORPANCHO";"241400";"HOSPITALIZACIÓN QUIRÚRGICA GINECO - OBSTETRICIA ";"19";"19";"53";"45";"3";"93";"0"
"2023";"12";"150137";"LIMA";"LIMA";"SANTA ANITA";"ESSALUD";"II-1";"00008318";"ESSALUD - HOSPITAL I JORGE VOTO BERNALES CORPANCHO";"242300";"HOSPITALIZACIÓN DE PEDIATRÍA  PEDIATRÍA  GENERAL ";"12";"14";"66";"74";"5";"155";"0"
"2023";"12";"150137";"LIMA";"LIMA";"SANTA ANITA";"ESSALUD";"II-1";"00008318";"ESSALUD - HOSPITAL I JORGE VOTO BERNALES CORPANCHO";"250105";"UNIDAD DE CUIDADOS CRITICOS UNIDAD  DE CUIDADOS INTENSIVOS  (UCI) NEONATOLOGÍA";"41";"50";"79";"73";"4";"124";"0"
"2023";"12";"150137";"LIMA";"LIMA";"SANTA ANITA";"ESSALUD";"II-1";"00008318";"ESSALUD - HOSPITAL I JORGE VOTO BERNALES CORPANCHO";"241600";"HOSPITALIZACIÓN QUIRÚRGICA OBSTETRICIA   ";"189";"186";"454";"518";"17";"527";"0"
"2023";"12";"150101";"LIMA";"LIMA";"LIMA";"MINSA";"III-1";"00006206";"NACIONAL  DOS DE MAYO";"241800";"HOSPITALIZACIÓN DE MEDICINA MEDICINA GENERAL ";"444";"506";"7199";"7446";"266";"8246";"60"
"2023";"12";"150101";"LIMA";"LIMA";"LIMA";"MINSA";"III-1";"00006206";"NACIONAL  DOS DE MAYO";"240100";"HOSPITALIZACIÓN QUIRÚRGICA CIRUGÍA GENERAL ";"207";"238";"1373";"2319";"80";"2480";"1"
"2023";"12";"150101";"LIMA";"LIMA";"LIMA";"MINSA";"III-1";"00006206";"NACIONAL  DOS DE MAYO";"241200";"HOSPITALIZACIÓN QUIRÚRGICA TRAUMATOLOGÍA Y ORTOPEDIA ";"58";"63";"992";"900";"32";"992";"0"
"2023";"12";"150101";"LIMA";"LIMA";"LIMA";"MINSA";"III-1";"00006206";"NACIONAL  DOS DE MAYO";"241300";"HOSPITALIZACIÓN QUIRÚRGICA UROLOGÍA  ";"56";"67";"694";"584";"23";"713";"1"
"2023";"12";"150101";"LIMA";"LIMA";"LIMA";"MINSA";"III-1";"00006206";"NACIONAL  DOS DE MAYO";"240900";"HOSPITALIZACIÓN QUIRÚRGICA NEUROCIRUGÍA ";"28";"28";"512";"594";"20";"620";"0"
"2023";"12";"150101";"LIMA";"LIMA";"LIMA";"MINSA";"III-1";"00006206";"NACIONAL  DOS DE MAYO";"241100";"HOSPITALIZACIÓN QUIRÚRGICA OTORRINOLARINGOLOGÍA  ";"15";"15";"114";"55";"2";"62";"0"
"2023";"12";"150101";"LIMA";"LIMA";"LIMA";"MINSA";"III-1";"00006206";"NACIONAL  DOS DE MAYO";"240700";"HOSPITALIZACIÓN QUIRÚRGICA CIRUGÍA PEDIÁTRICA ";"29";"26";"149";"160";"6";"186";"0"
"2023";"12";"150101";"LIMA";"LIMA";"LIMA";"MINSA";"III-1";"00006206";"NACIONAL  DOS DE MAYO";"240200";"HOSPITALIZACIÓN QUIRÚRGICA CIRUGÍA DE CABEZA Y CUELLO / MÁXILO FACIAL ";"24";"24";"210";"261";"10";"310";"0"
"2023";"12";"150101";"LIMA";"LIMA";"LIMA";"MINSA";"III-1";"00006206";"NACIONAL  DOS DE MAYO";"240800";"HOSPITALIZACIÓN QUIRÚRGICA CIRUGÍA PLÁSTICA/RECONSTRUCTIVA/ REPARADORA ";"4";"4";"36";"99";"4";"124";"0"
"2023";"12";"150101";"LIMA";"LIMA";"LIMA";"MINSA";"III-1";"00006206";"NACIONAL  DOS DE MAYO";"240400";"HOSPITALIZACIÓN QUIRÚRGICA CIRUGÍA DE TÓRAX Y CARDIOVASCULAR ";"23";"30";"373";"448";"19";"589";"2"
"2023";"12";"150101";"LIMA";"LIMA";"LIMA";"MINSA";"III-1";"00006206";"NACIONAL  DOS DE MAYO";"241400";"HOSPITALIZACIÓN QUIRÚRGICA GINECO - OBSTETRICIA ";"241";"251";"800";"1485";"53";"1643";"0"
"2023";"12";"150101";"LIMA";"LIMA";"LIMA";"MINSA";"III-1";"00006206";"NACIONAL  DOS DE MAYO";"243200";"HOSPITALIZACIÓN DE PEDIATRÍA PEDIATRIA NEONATOLOGÍA";"77";"79";"425";"637";"24";"744";"0"
"2023";"12";"150101";"LIMA";"LIMA";"LIMA";"MINSA";"III-1";"00006206";"NACIONAL  DOS DE MAYO";"242300";"HOSPITALIZACIÓN DE PEDIATRÍA  PEDIATRÍA  GENERAL ";"72";"73";"388";"690";"24";"744";"0"
"2023";"12";"150101";"LIMA";"LIMA";"LIMA";"MINSA";"III-1";"00006206";"NACIONAL  DOS DE MAYO";"250100";"UNIDAD DE CUIDADOS CRITICOS UNIDAD  DE CUIDADOS INTENSIVOS GENERALES (UCI) ";"19";"17";"431";"1476";"68";"2108";"12"
"2023";"12";"100111";"HUANUCO";"HUANUCO";"PILLCO MARCA";"GOBIERNO REGIONAL";"I-3";"00000757";"POTRACANCHA";"NE_0001";"";"NE_0001";"NE_0001";"NE_0001";"NE_0001";"NE_0001";"NE_0001";"NE_0001"
"2023";"12";"020601";"ANCASH";"CARHUAZ";"CARHUAZ";"GOBIERNO REGIONAL";"II-1";"00001516";"HOSPITAL DE APOYO CARHUAZ";"241800";"HOSPITALIZACIÓN DE MEDICINA MEDICINA GENERAL ";"18";"15";"96";"115";"6";"186";"0"
"2023";"12";"020601";"ANCASH";"CARHUAZ";"CARHUAZ";"GOBIERNO REGIONAL";"II-1";"00001516";"HOSPITAL DE APOYO CARHUAZ";"240100";"HOSPITALIZACIÓN QUIRÚRGICA CIRUGÍA GENERAL ";"2";"2";"5";"5";"3";"93";"0"
"2023";"12";"020601";"ANCASH";"CARHUAZ";"CARHUAZ";"GOBIERNO REGIONAL";"II-1";"00001516";"HOSPITAL DE APOYO CARHUAZ";"242500";"HOSPITALIZACIÓN-PEDIATRÍA GENERAL-";"2";"2";"5";"5";"5";"155";"0"
"2023";"12";"020601";"ANCASH";"CARHUAZ";"CARHUAZ";"GOBIERNO REGIONAL";"II-1";"00001516";"HOSPITAL DE APOYO CARHUAZ";"241600";"HOSPITALIZACIÓN QUIRÚRGICA OBSTETRICIA   ";"39";"39";"54";"53";"3";"93";"0"
"2023";"12";"020601";"ANCASH";"CARHUAZ";"CARHUAZ";"GOBIERNO REGIONAL";"II-1";"00001516";"HOSPITAL DE APOYO CARHUAZ";"241500";"HOSPITALIZACIÓN QUIRÚRGICA GINECOLOGÍA  ";"13";"15";"31";"30";"3";"93";"0"
"2023";"12";"220602";"SAN MARTIN";"MARISCAL CACERES";"CAMPANILLA";"GOBIERNO REGIONAL";"I-3";"00006575";"CAMPANILLA";"NE_0001";"";"NE_0001";"NE_0001";"NE_0001";"NE_0001";"NE_0001";"NE_0001";"NE_0001"
"2023";"12";"220602";"SAN MARTIN";"MARISCAL CACERES";"CAMPANILLA";"GOBIERNO REGIONAL";"I-1";"00006577";"SHUMANZA";"NE_0001";"";"NE_0001";"NE_0001";"NE_0001";"NE_0001";"NE_0001";"NE_0001";"NE_0001"
"2023";"12";"110501";"ICA";"PISCO";"PISCO";"MINSA";"II-1";"00003472";"SAN JUAN DE DIOS";"240100";"HOSPITALIZACIÓN QUIRÚRGICA CIRUGÍA GENERAL ";"77";"92";"538";"455";"22";"682";"0"
"2023";"12";"110501";"ICA";"PISCO";"PISCO";"MINSA";"II-1";"00003472";"SAN JUAN DE DIOS";"241400";"HOSPITALIZACIÓN QUIRÚRGICA GINECO - OBSTETRICIA ";"258";"270";"747";"615";"31";"961";"0"
"2023";"12";"110501";"ICA";"PISCO";"PISCO";"MINSA";"II-1";"00003472";"SAN JUAN DE DIOS";"241800";"HOSPITALIZACIÓN DE MEDICINA MEDICINA GENERAL ";"100";"122";"573";"452";"23";"713";"7"
"2023";"12";"110501";"ICA";"PISCO";"PISCO";"MINSA";"II-1";"00003472";"SAN JUAN DE DIOS";"242300";"HOSPITALIZACIÓN DE PEDIATRÍA  PEDIATRÍA  GENERAL ";"65";"72";"231";"187";"10";"310";"0"
"2023";"12";"211101";"PUNO";"SAN ROMAN";"JULIACA";"PRIVADO";"II-E";"00020181";"CLINICA INTERNACIONAL NACER";"241600";"HOSPITALIZACIÓN QUIRÚRGICA OBSTETRICIA   ";"35";"35";"70";"35";"10";"230";"0"
"2023";"12";"240103";"TUMBES";"TUMBES";"LA CRUZ";"GOBIERNO REGIONAL";"I-3";"00001869";"CLAS LA CRUZ";"NE_0001";"";"NE_0001";"NE_0001";"NE_0001";"NE_0001";"NE_0001";"NE_0001";"NE_0001"
"2023";"12";"240105";"TUMBES";"TUMBES";"SAN JACINTO";"GOBIERNO REGIONAL";"I-3";"00001870";"SAN JACINTO";"NE_0001";"";"NE_0001";"NE_0001";"NE_0001";"NE_0001";"NE_0001";"NE_0001";"NE_0001"
"2023";"12";"100101";"HUANUCO";"HUANUCO";"HUANUCO";"SANIDAD DE LA POLICIA NACIONAL DEL PERU";"I-3";"00011421";"POLICLINICO POLICIAL HUÀNUCO";"NE_0001";"";"NE_0001";"NE_0001";"NE_0001";"NE_0001";"NE_0001";"NE_0001";"NE_0001"
"2023";"12";"060607";"CAJAMARCA";"CUTERVO";"QUEROCOTILLO";"GOBIERNO REGIONAL";"I-3";"00004968";"SILLANGATE";"NE_0001";"";"NE_0001";"NE_0001";"NE_0001";"NE_0001";"NE_0001";"NE_0001";"NE_0001"
"2023";"12";"060607";"CAJAMARCA";"CUTERVO";"QUEROCOTILLO";"GOBIERNO REGIONAL";"I-1";"00005011";"PARIC";"NE_0001";"";"NE_0001";"NE_0001";"NE_0001";"NE_0001";"NE_0001";"NE_0001";"NE_0001"
"2023";"12";"060607";"CAJAMARCA";"CUTERVO";"QUEROCOTILLO";"GOBIERNO REGIONAL";"I-1";"00006943";"BALCONCILLO";"NE_0001";"";"NE_0001";"NE_0001";"NE_0001";"NE_0001";"NE_0001";"NE_0001";"NE_0001"
"2023";"12";"060607";"CAJAMARCA";"CUTERVO";"QUEROCOTILLO";"GOBIERNO REGIONAL";"I-2";"00005007";"SANTA ROSA DE QUEROCOTILLO";"NE_0001";"";"NE_0001";"NE_0001";"NE_0001";"NE_0001";"NE_0001";"NE_0001";"NE_0001"
"2023";"12";"060607";"CAJAMARCA";"CUTERVO";"QUEROCOTILLO";"GOBIERNO REGIONAL";"I-1";"00006869";"LAS DELICIAS";"NE_0001";"";"NE_0001";"NE_0001";"NE_0001";"NE_0001";"NE_0001";"NE_0001";"NE_0001"
"2023";"12";"060607";"CAJAMARCA";"CUTERVO";"QUEROCOTILLO";"GOBIERNO REGIONAL";"I-1";"00007753";"BARBASCO";"NE_0001";"";"NE_0001";"NE_0001";"NE_0001";"NE_0001";"NE_0001";"NE_0001";"NE_0001"
"2023";"12";"060607";"CAJAMARCA";"CUTERVO";"QUEROCOTILLO";"GOBIERNO REGIONAL";"I-3";"00005006";"QUEROCOTILLO";"NE_0001";"";"NE_0001";"NE_0001";"NE_0001";"NE_0001";"NE_0001";"NE_0001";"NE_0001"
"2023";"12";"060607";"CAJAMARCA";"CUTERVO";"QUEROCOTILLO";"GOBIERNO REGIONAL";"I-2";"00005010";"INGUER";"NE_0001";"";"NE_0001";"NE_0001";"NE_0001";"NE_0001";"NE_0001";"NE_0001";"NE_0001"
"2023";"12";"060607";"CAJAMARCA";"CUTERVO";"QUEROCOTILLO";"GOBIERNO REGIONAL";"I-1";"00006942";"LA SUCCHA ALTA";"NE_0001";"";"NE_0001";"NE_0001";"NE_0001";"NE_0001";"NE_0001";"NE_0001";"NE_0001"
"2023";"12";"060607";"CAJAMARCA";"CUTERVO";"QUEROCOTILLO";"GOBIERNO REGIONAL";"I-1";"00007099";"AGUA BLANCA";"NE_0001";"";"NE_0001";"NE_0001";"NE_0001";"NE_0001";"NE_0001";"NE_0001";"NE_0001"
"2023";"12";"150128";"LIMA";"LIMA";"RIMAC";"SANIDAD DE LA POLICIA NACIONAL DEL PERU";"II-1";"00016094";"HOSPITAL PNP ""AUGUSTO B. LEGUIA""";"240100";"HOSPITALIZACIÓN QUIRÚRGICA CIRUGÍA GENERAL ";"46";"47";"108";"137";"22";"682";"0"
"2023";"12";"150128";"LIMA";"LIMA";"RIMAC";"SANIDAD DE LA POLICIA NACIONAL DEL PERU";"II-1";"00016094";"HOSPITAL PNP ""AUGUSTO B. LEGUIA""";"241800";"HOSPITALIZACIÓN DE MEDICINA MEDICINA GENERAL ";"21";"27";"251";"191";"39";"1209";"0"
"2023";"12";"060607";"CAJAMARCA";"CUTERVO";"QUEROCOTILLO";"GOBIERNO REGIONAL";"I-1";"00007365";"MINAS DE QUEROCOTILLO";"NE_0001";"";"NE_0001";"NE_0001";"NE_0001";"NE_0001";"NE_0001";"NE_0001";"NE_0001"
"2023";"12";"060607";"CAJAMARCA";"CUTERVO";"QUEROCOTILLO";"GOBIERNO REGIONAL";"I-1";"00007366";"EL CORRAL";"NE_0001";"";"NE_0001";"NE_0001";"NE_0001";"NE_0001";"NE_0001";"NE_0001";"NE_0001"
"2023";"12";"060607";"CAJAMARCA";"CUTERVO";"QUEROCOTILLO";"GOBIERNO REGIONAL";"I-1";"00005009";"QUIPAYUC";"NE_0001";"";"NE_0001";"NE_0001";"NE_0001";"NE_0001";"NE_0001";"NE_0001";"NE_0001"
"2023";"12";"060607";"CAJAMARCA";"CUTERVO";"QUEROCOTILLO";"GOBIERNO REGIONAL";"I-1";"00006941";"MARAYBAMBA ALTO";"NE_0001";"";"NE_0001";"NE_0001";"NE_0001";"NE_0001";"NE_0001";"NE_0001";"NE_0001"
"2023";"12";"060607";"CAJAMARCA";"CUTERVO";"QUEROCOTILLO";"GOBIERNO REGIONAL";"I-1";"00007226";"LA SUCCHA DE QUEROCOTILLO";"NE_0001";"";"NE_0001";"NE_0001";"NE_0001";"NE_0001";"NE_0001";"NE_0001";"NE_0001"
"2023";"12";"051010";"AYACUCHO";"VICTOR FAJARDO";"HUALLA";"GOBIERNO REGIONAL";"I-3";"00003829";"CENTRO DE SALUD HUALLA";"241600";"HOSPITALIZACIÓN QUIRÚRGICA OBSTETRICIA   ";"1";"1";"2";"1";"1";"4";"0"
"2023";"12";"051010";"AYACUCHO";"VICTOR FAJARDO";"HUALLA";"GOBIERNO REGIONAL";"I-1";"00003830";"PUESTO DE SALUD TIQUIHUA";"NE_0001";"";"NE_0001";"NE_0001";"NE_0001";"NE_0001";"NE_0001";"NE_0001";"NE_0001"
"2023";"12";"051009";"AYACUCHO";"VICTOR FAJARDO";"HUANCARAYLLA";"GOBIERNO REGIONAL";"I-2";"00003838";"PUESTO DE SALUD HUANCARAYLLA";"NE_0001";"";"NE_0001";"NE_0001";"NE_0001";"NE_0001";"NE_0001";"NE_0001";"NE_0001"
"2023";"12";"051003";"AYACUCHO";"VICTOR FAJARDO";"APONGO";"GOBIERNO REGIONAL";"I-1";"00003819";"APONGO";"NE_0001";"";"NE_0001";"NE_0001";"NE_0001";"NE_0001";"NE_0001";"NE_0001";"NE_0001"
"2023";"12";"051005";"AYACUCHO";"VICTOR FAJARDO";"CANARIA";"GOBIERNO REGIONAL";"I-2";"00003826";"PUESTO DE SALUD TACA";"NE_0001";"";"NE_0001";"NE_0001";"NE_0001";"NE_0001";"NE_0001";"NE_0001";"NE_0001"
"2023";"12";"051008";"AYACUCHO";"VICTOR FAJARDO";"HUAMANQUIQUIA";"GOBIERNO REGIONAL";"I-2";"00003831";"PUESTO DE SALUD HUAMANQUIQUIA";"NE_0001";"";"NE_0001";"NE_0001";"NE_0001";"NE_0001";"NE_0001";"NE_0001";"NE_0001"
"2023";"12";"051108";"AYACUCHO";"VILCAS HUAMAN";"VISCHONGO";"GOBIERNO REGIONAL";"I-1";"00003840";"PUESTO DE SALUD UMARO";"NE_0001";"";"NE_0001";"NE_0001";"NE_0001";"NE_0001";"NE_0001";"NE_0001";"NE_0001"
"2023";"12";"051004";"AYACUCHO";"VICTOR FAJARDO";"ASQUIPATA";"GOBIERNO REGIONAL";"I-1";"00003821";"PUESTO DE SALUD ASQUIPATA";"NE_0001";"";"NE_0001";"NE_0001";"NE_0001";"NE_0001";"NE_0001";"NE_0001";"NE_0001"
"2023";"12";"051004";"AYACUCHO";"VICTOR FAJARDO";"ASQUIPATA";"GOBIERNO REGIONAL";"I-1";"00003823";"PUESTO DE SALUD MORCOLLA CHICO";"NE_0001";"";"NE_0001";"NE_0001";"NE_0001";"NE_0001";"NE_0001";"NE_0001";"NE_0001"
"2023";"12";"051008";"AYACUCHO";"VICTOR FAJARDO";"HUAMANQUIQUIA";"GOBIERNO REGIONAL";"I-1";"00003833";"PUESTO DE SALUD TINCA";"NE_0001";"";"NE_0001";"NE_0001";"NE_0001";"NE_0001";"NE_0001";"NE_0001";"NE_0001"
"2023";"12";"051007";"AYACUCHO";"VICTOR FAJARDO";"COLCA";"GOBIERNO REGIONAL";"I-1";"00003836";"PUESTO DE SALUD QUILLA";"NE_0001";"";"NE_0001";"NE_0001";"NE_0001";"NE_0001";"NE_0001";"NE_0001";"NE_0001"
"2023";"12";"051009";"AYACUCHO";"VICTOR FAJARDO";"HUANCARAYLLA";"GOBIERNO REGIONAL";"I-1";"00003839";"PUESTO DE SALUD LLUSITA";"NE_0001";"";"NE_0001";"NE_0001";"NE_0001";"NE_0001";"NE_0001";"NE_0001";"NE_0001"
"2023";"12";"051005";"AYACUCHO";"VICTOR FAJARDO";"CANARIA";"GOBIERNO REGIONAL";"I-3";"00003824";"CENTRO DE SALUD CANARIA";"NE_0002";"";"NE_0002";"NE_0002";"NE_0002";"NE_0002";"NE_0002";"NE_0002";"NE_0002"
"2023";"12";"051006";"AYACUCHO";"VICTOR FAJARDO";"CAYARA";"GOBIERNO REGIONAL";"I-2";"00003828";"PUESTO DE SALUD CAYARA";"NE_0001";"";"NE_0001";"NE_0001";"NE_0001";"NE_0001";"NE_0001";"NE_0001";"NE_0001"
"2023";"12";"051007";"AYACUCHO";"VICTOR FAJARDO";"COLCA";"GOBIERNO REGIONAL";"I-1";"00003835";"PUESTO DE SALUD COLCA";"NE_0001";"";"NE_0001";"NE_0001";"NE_0001";"NE_0001";"NE_0001";"NE_0001";"NE_0001"
"2023";"12";"060601";"CAJAMARCA";"CUTERVO";"CUTERVO";"GOBIERNO REGIONAL";"I-3";"00004987";"SUMIDERO";"NE_0001";"";"NE_0001";"NE_0001";"NE_0001";"NE_0001";"NE_0001";"NE_0001";"NE_0001"
"2023";"12";"060601";"CAJAMARCA";"CUTERVO";"CUTERVO";"GOBIERNO REGIONAL";"I-1";"00007697";"CHUGUR";"NE_0001";"";"NE_0001";"NE_0001";"NE_0001";"NE_0001";"NE_0001";"NE_0001";"NE_0001"
"2023";"12";"060601";"CAJAMARCA";"CUTERVO";"CUTERVO";"GOBIERNO REGIONAL";"I-1";"00004988";"LA COLCA";"NE_0001";"";"NE_0001";"NE_0001";"NE_0001";"NE_0001";"NE_0001";"NE_0001";"NE_0001"
"2023";"12";"060601";"CAJAMARCA";"CUTERVO";"CUTERVO";"GOBIERNO REGIONAL";"I-1";"00006837";"SAN CRISTOBAL DE NUDILLO";"NE_0001";"";"NE_0001";"NE_0001";"NE_0001";"NE_0001";"NE_0001";"NE_0001";"NE_0001"
"2023";"12";"060601";"CAJAMARCA";"CUTERVO";"CUTERVO";"GOBIERNO REGIONAL";"I-1";"00007109";"CHIPULUC";"NE_0001";"";"NE_0001";"NE_0001";"NE_0001";"NE_0001";"NE_0001";"NE_0001";"NE_0001"
"2023";"12";"060601";"CAJAMARCA";"CUTERVO";"CUTERVO";"GOBIERNO REGIONAL";"I-1";"00011064";"SAN LORENZO";"NE_0001";"";"NE_0001";"NE_0001";"NE_0001";"NE_0001";"NE_0001";"NE_0001";"NE_0001"
"2023";"12";"150114";"LIMA";"LIMA";"LA MOLINA";"PRIVADO";"II-E";"00022113";"CLINICA SANTA JULIA  S.A.C.";"NE_0001";"";"NE_0001";"NE_0001";"NE_0001";"NE_0001";"NE_0001";"NE_0001";"NE_0001"
"2023";"12";"060607";"CAJAMARCA";"CUTERVO";"QUEROCOTILLO";"GOBIERNO REGIONAL";"I-1";"00007101";"EL GUAYO";"NE_0001";"";"NE_0001";"NE_0001";"NE_0001";"NE_0001";"NE_0001";"NE_0001";"NE_0001"
"2023";"12";"060601";"CAJAMARCA";"CUTERVO";"CUTERVO";"GOBIERNO REGIONAL";"I-1";"00006851";"HUICHUD";"NE_0001";"";"NE_0001";"NE_0001";"NE_0001";"NE_0001";"NE_0001";"NE_0001";"NE_0001"
"2023";"12";"060601";"CAJAMARCA";"CUTERVO";"CUTERVO";"GOBIERNO REGIONAL";"I-1";"00007102";"SANICULLO ALTO";"NE_0001";"";"NE_0001";"NE_0001";"NE_0001";"NE_0001";"NE_0001";"NE_0001";"NE_0001"
"2023";"12";"060607";"CAJAMARCA";"CUTERVO";"QUEROCOTILLO";"GOBIERNO REGIONAL";"I-1";"00007746";"LAGUNAS";"NE_0001";"";"NE_0001";"NE_0001";"NE_0001";"NE_0001";"NE_0001";"NE_0001";"NE_0001"
"2023";"12";"060607";"CAJAMARCA";"CUTERVO";"QUEROCOTILLO";"GOBIERNO REGIONAL";"I-1";"00007747";"PAJURILLO";"NE_0001";"";"NE_0001";"NE_0001";"NE_0001";"NE_0001";"NE_0001";"NE_0001";"NE_0001"
"2023";"12";"060601";"CAJAMARCA";"CUTERVO";"CUTERVO";"GOBIERNO REGIONAL";"I-1";"00007752";"SANTA CLARA DE CAMSE";"NE_0001";"";"NE_0001";"NE_0001";"NE_0001";"NE_0001";"NE_0001";"NE_0001";"NE_0001"
"2023";"12";"060601";"CAJAMARCA";"CUTERVO";"CUTERVO";"GOBIERNO REGIONAL";"I-3";"00004993";"NARANJITO DE CAMSE";"NE_0001";"";"NE_0001";"NE_0001";"NE_0001";"NE_0001";"NE_0001";"NE_0001";"NE_0001"
"2023";"12";"060601";"CAJAMARCA";"CUTERVO";"CUTERVO";"GOBIERNO REGIONAL";"I-2";"00004994";"PAYAC";"NE_0001";"";"NE_0001";"NE_0001";"NE_0001";"NE_0001";"NE_0001";"NE_0001";"NE_0001"
"2023";"12";"060601";"CAJAMARCA";"CUTERVO";"CUTERVO";"GOBIERNO REGIONAL";"I-1";"00008922";"LA CASCARILLA";"NE_0001";"";"NE_0001";"NE_0001";"NE_0001";"NE_0001";"NE_0001";"NE_0001";"NE_0001"
"2023";"12";"220401";"SAN MARTIN";"HUALLAGA";"SAPOSOA";"GOBIERNO REGIONAL";"I-1";"00006534";"SAN ANDRES";"NE_0001";"";"NE_0001";"NE_0001";"NE_0001";"NE_0001";"NE_0001";"NE_0001";"NE_0001"
"2023";"12";"220402";"SAN MARTIN";"HUALLAGA";"ALTO SAPOSOA";"GOBIERNO REGIONAL";"I-1";"00006540";"NUEVA VIDA";"NE_0001";"";"NE_0001";"NE_0001";"NE_0001";"NE_0001";"NE_0001";"NE_0001";"NE_0001"
"2023";"12";"220401";"SAN MARTIN";"HUALLAGA";"SAPOSOA";"GOBIERNO REGIONAL";"I-4";"00006529";"RURAL SAPOSOA";"240100";"HOSPITALIZACIÓN QUIRÚRGICA CIRUGÍA GENERAL ";"8";"8";"20";"16";"2";"30";"0"
"2023";"12";"220401";"SAN MARTIN";"HUALLAGA";"SAPOSOA";"GOBIERNO REGIONAL";"I-4";"00006529";"RURAL SAPOSOA";"241400";"HOSPITALIZACIÓN QUIRÚRGICA GINECO - OBSTETRICIA ";"36";"38";"67";"28";"6";"30";"0"
"2023";"12";"220401";"SAN MARTIN";"HUALLAGA";"SAPOSOA";"GOBIERNO REGIONAL";"I-4";"00006529";"RURAL SAPOSOA";"241800";"HOSPITALIZACIÓN DE MEDICINA MEDICINA GENERAL ";"45";"52";"174";"25";"12";"30";"2"
"2023";"12";"220401";"SAN MARTIN";"HUALLAGA";"SAPOSOA";"GOBIERNO REGIONAL";"I-4";"00006529";"RURAL SAPOSOA";"241900";"HOSPITALIZACIÓN DE MEDICINA MEDICINA INTERNA ";"2";"2";"7";"6";"4";"30";"0"
"2023";"12";"220401";"SAN MARTIN";"HUALLAGA";"SAPOSOA";"GOBIERNO REGIONAL";"I-4";"00006529";"RURAL SAPOSOA";"242500";"HOSPITALIZACIÓN-PEDIATRÍA GENERAL-";"1";"2";"13";"6";"3";"30";"0"
"2023";"12";"220401";"SAN MARTIN";"HUALLAGA";"SAPOSOA";"GOBIERNO REGIONAL";"I-1";"00006531";"ALMENDRAS";"NE_0001";"";"NE_0001";"NE_0001";"NE_0001";"NE_0001";"NE_0001";"NE_0001";"NE_0001"
"2023";"12";"220404";"SAN MARTIN";"HUALLAGA";"PISCOYACU";"GOBIERNO REGIONAL";"I-1";"00006533";"PISCOYACU";"NE_0001";"";"NE_0001";"NE_0001";"NE_0001";"NE_0001";"NE_0001";"NE_0001";"NE_0001"
"2023";"12";"220401";"SAN MARTIN";"HUALLAGA";"SAPOSOA";"GOBIERNO REGIONAL";"I-1";"00006536";"INTIYACU";"NE_0001";"";"NE_0001";"NE_0001";"NE_0001";"NE_0001";"NE_0001";"NE_0001";"NE_0001"
"2023";"12";"220401";"SAN MARTIN";"HUALLAGA";"SAPOSOA";"GOBIERNO REGIONAL";"I-1";"00006537";"CHAMBIRA";"NE_0001";"";"NE_0001";"NE_0001";"NE_0001";"NE_0001";"NE_0001";"NE_0001";"NE_0001"
"2023";"12";"220402";"SAN MARTIN";"HUALLAGA";"ALTO SAPOSOA";"GOBIERNO REGIONAL";"I-2";"00006539";"PASARRAYA";"NE_0001";"";"NE_0001";"NE_0001";"NE_0001";"NE_0001";"NE_0001";"NE_0001";"NE_0001"
"2023";"12";"220401";"SAN MARTIN";"HUALLAGA";"SAPOSOA";"GOBIERNO REGIONAL";"I-1";"00026163";"AGUA AZUL";"NE_0001";"";"NE_0001";"NE_0001";"NE_0001";"NE_0001";"NE_0001";"NE_0001";"NE_0001"
"2023";"12";"220901";"SAN MARTIN";"SAN MARTIN";"TARAPOTO";"ESSALUD";"I-2";"00027727";"CENTRO DE ATENCIÓN PRIMARIA METROPOLITANO - ESSALUD";"NE_0001";"";"NE_0001";"NE_0001";"NE_0001";"NE_0001";"NE_0001";"NE_0001";"NE_0001"
"2023";"12";"060615";"CAJAMARCA";"CUTERVO";"TORIBIO CASANOVA";"GOBIERNO REGIONAL";"I-1";"00005017";"PERLAMAYO";"NE_0001";"";"NE_0001";"NE_0001";"NE_0001";"NE_0001";"NE_0001";"NE_0001";"NE_0001"
"2023";"12";"060615";"CAJAMARCA";"CUTERVO";"TORIBIO CASANOVA";"GOBIERNO REGIONAL";"I-3";"00005019";"LA SACILIA";"NE_0001";"";"NE_0001";"NE_0001";"NE_0001";"NE_0001";"NE_0001";"NE_0001";"NE_0001"
"2023";"12";"060604";"CAJAMARCA";"CUTERVO";"CUJILLO";"GOBIERNO REGIONAL";"I-3";"00004974";"CUJILLO";"NE_0001";"";"NE_0001";"NE_0001";"NE_0001";"NE_0001";"NE_0001";"NE_0001";"NE_0001"
"2023";"12";"060604";"CAJAMARCA";"CUTERVO";"CUJILLO";"GOBIERNO REGIONAL";"I-1";"00006959";"CUNUAT";"NE_0001";"";"NE_0001";"NE_0001";"NE_0001";"NE_0001";"NE_0001";"NE_0001";"NE_0001"
"2023";"12";"060603";"CAJAMARCA";"CUTERVO";"CHOROS";"GOBIERNO REGIONAL";"I-1";"00007698";"SAN PEDRO DE CHOROS";"NE_0001";"";"NE_0001";"NE_0001";"NE_0001";"NE_0001";"NE_0001";"NE_0001";"NE_0001"
"2023";"12";"060603";"CAJAMARCA";"CUTERVO";"CHOROS";"GOBIERNO REGIONAL";"I-1";"00004972";"MESARRUME";"NE_0001";"";"NE_0001";"NE_0001";"NE_0001";"NE_0001";"NE_0001";"NE_0001";"NE_0001"
"2023";"12";"060603";"CAJAMARCA";"CUTERVO";"CHOROS";"GOBIERNO REGIONAL";"I-3";"00004971";"CHOROS";"NE_0001";"";"NE_0001";"NE_0001";"NE_0001";"NE_0001";"NE_0001";"NE_0001";"NE_0001"
"2023";"12";"060604";"CAJAMARCA";"CUTERVO";"CUJILLO";"GOBIERNO REGIONAL";"I-1";"00004975";"YUNCHACO";"NE_0001";"";"NE_0001";"NE_0001";"NE_0001";"NE_0001";"NE_0001";"NE_0001";"NE_0001"
"2023";"12";"060613";"CAJAMARCA";"CUTERVO";"SANTO TOMAS";"GOBIERNO REGIONAL";"I-1";"00004976";"MALLETA";"NE_0001";"";"NE_0001";"NE_0001";"NE_0001";"NE_0001";"NE_0001";"NE_0001";"NE_0001"
"2023";"12";"150130";"LIMA";"LIMA";"SAN BORJA";"PRIVADO";"II-E";"00018626";"OFTALMICA S.A";"NE_0001";"";"NE_0001";"NE_0001";"NE_0001";"NE_0001";"NE_0001";"NE_0001";"NE_0001"
"2023";"12";"060101";"CAJAMARCA";"CAJAMARCA";"CAJAMARCA";"ESSALUD";"II-2";"00010272";"HOSPITAL II CAJAMARCA";"241800";"HOSPITALIZACIÓN DE MEDICINA MEDICINA GENERAL ";"55";"55";"748";"518";"20";"620";"2"
"2023";"12";"060101";"CAJAMARCA";"CAJAMARCA";"CAJAMARCA";"ESSALUD";"II-2";"00010272";"HOSPITAL II CAJAMARCA";"240100";"HOSPITALIZACIÓN QUIRÚRGICA CIRUGÍA GENERAL ";"124";"125";"446";"367";"14";"434";"0"
"2023";"12";"060101";"CAJAMARCA";"CAJAMARCA";"CAJAMARCA";"ESSALUD";"II-2";"00010272";"HOSPITAL II CAJAMARCA";"241500";"HOSPITALIZACIÓN QUIRÚRGICA GINECOLOGÍA  ";"32";"34";"80";"78";"4";"124";"0"
"2023";"12";"060101";"CAJAMARCA";"CAJAMARCA";"CAJAMARCA";"ESSALUD";"II-2";"00010272";"HOSPITAL II CAJAMARCA";"241600";"HOSPITALIZACIÓN QUIRÚRGICA OBSTETRICIA   ";"149";"152";"302";"284";"16";"496";"0"
"2023";"11";"040401";"AREQUIPA";"CASTILLA";"APLAO";"GOBIERNO REGIONAL";"II-1";"00001382";"HOSPITAL APLAO";"240100";"HOSPITALIZACIÓN QUIRÚRGICA CIRUGÍA GENERAL ";"21";"22";"89";"111";"8";"240";"0"
"2023";"11";"040401";"AREQUIPA";"CASTILLA";"APLAO";"GOBIERNO REGIONAL";"II-1";"00001382";"HOSPITAL APLAO";"241200";"HOSPITALIZACIÓN QUIRÚRGICA TRAUMATOLOGÍA Y ORTOPEDIA ";"7";"7";"40";"47";"6";"180";"0"
"2023";"11";"040401";"AREQUIPA";"CASTILLA";"APLAO";"GOBIERNO REGIONAL";"II-1";"00001382";"HOSPITAL APLAO";"241500";"HOSPITALIZACIÓN QUIRÚRGICA GINECOLOGÍA  ";"28";"30";"75";"105";"11";"330";"0"
"2023";"11";"040401";"AREQUIPA";"CASTILLA";"APLAO";"GOBIERNO REGIONAL";"II-1";"00001382";"HOSPITAL APLAO";"241800";"HOSPITALIZACIÓN DE MEDICINA MEDICINA GENERAL ";"12";"14";"115";"129";"14";"420";"1"
"2023";"11";"040401";"AREQUIPA";"CASTILLA";"APLAO";"GOBIERNO REGIONAL";"II-1";"00001382";"HOSPITAL APLAO";"242500";"HOSPITALIZACIÓN-PEDIATRÍA GENERAL-";"10";"10";"18";"28";"10";"300";"0"
"2023";"12";"021801";"ANCASH";"SANTA";"CHIMBOTE";"SANIDAD DE LA POLICIA NACIONAL DEL PERU";"I-3";"00017690";"POLICLINICO PNP CHIMBOTE";"NE_0001";"";"NE_0001";"NE_0001";"NE_0001";"NE_0001";"NE_0001";"NE_0001";"NE_0001"
"2023";"12";"150101";"LIMA";"LIMA";"LIMA";"PRIVADO";"II-E";"00022102";"CLINICA SEÑOR DE LOS MILAGROS E.I.R.L.";"NE_0001";"";"NE_0001";"NE_0001";"NE_0001";"NE_0001";"NE_0001";"NE_0001";"NE_0001"
"2023";"12";"021904";"ANCASH";"SIHUAS";"CASHAPAMPA";"GOBIERNO REGIONAL";"I-1";"00001798";"PUESTO DE SALUD PASACANCHA";"NE_0002";"";"NE_0002";"NE_0002";"NE_0002";"NE_0002";"NE_0002";"NE_0002";"NE_0002"
"2023";"12";"021909";"ANCASH";"SIHUAS";"SAN JUAN";"GOBIERNO REGIONAL";"I-2";"00001809";"PUESTO DE SALUD ANDAYMAYO";"NE_0002";"";"NE_0002";"NE_0002";"NE_0002";"NE_0002";"NE_0002";"NE_0002";"NE_0002"
"2023";"12";"021909";"ANCASH";"SIHUAS";"SAN JUAN";"GOBIERNO REGIONAL";"I-2";"00001808";"PUESTO DE SALUD SAN JUAN CHULLIN";"NE_0002";"";"NE_0002";"NE_0002";"NE_0002";"NE_0002";"NE_0002";"NE_0002";"NE_0002"
"2023";"12";"021909";"ANCASH";"SIHUAS";"SAN JUAN";"GOBIERNO REGIONAL";"I-1";"00001810";"PUESTO DE SALUD CHINCHOBAMBA";"NE_0002";"";"NE_0002";"NE_0002";"NE_0002";"NE_0002";"NE_0002";"NE_0002";"NE_0002"
"2023";"12";"021904";"ANCASH";"SIHUAS";"CASHAPAMPA";"GOBIERNO REGIONAL";"I-1";"00001797";"PUESTO DE SALUD CASHAPAMPA";"NE_0002";"";"NE_0002";"NE_0002";"NE_0002";"NE_0002";"NE_0002";"NE_0002";"NE_0002"
"2023";"12";"021906";"ANCASH";"SIHUAS";"HUAYLLABAMBA";"GOBIERNO REGIONAL";"I-1";"00001804";"PUESTO DE SALUD PIRPO";"NE_0002";"";"NE_0002";"NE_0002";"NE_0002";"NE_0002";"NE_0002";"NE_0002";"NE_0002"
"2023";"12";"021906";"ANCASH";"SIHUAS";"HUAYLLABAMBA";"GOBIERNO REGIONAL";"I-2";"00001803";"PUESTO DE SALUD SANTA CLARA";"NE_0002";"";"NE_0002";"NE_0002";"NE_0002";"NE_0002";"NE_0002";"NE_0002";"NE_0002"
"2023";"12";"021909";"ANCASH";"SIHUAS";"SAN JUAN";"GOBIERNO REGIONAL";"I-1";"00007449";"PUESTO DE SALUD PARIASHPAMPA";"NE_0002";"";"NE_0002";"NE_0002";"NE_0002";"NE_0002";"NE_0002";"NE_0002";"NE_0002"
"2023";"12";"021908";"ANCASH";"SIHUAS";"RAGASH";"GOBIERNO REGIONAL";"I-1";"00001796";"PUESTO DE SALUD RAGASH";"NE_0002";"";"NE_0002";"NE_0002";"NE_0002";"NE_0002";"NE_0002";"NE_0002";"NE_0002"
"2023";"12";"021910";"ANCASH";"SIHUAS";"SICSIBAMBA";"GOBIERNO REGIONAL";"I-2";"00001811";"PUESTO DE SALUD SICSIBAMBA";"NE_0002";"";"NE_0002";"NE_0002";"NE_0002";"NE_0002";"NE_0002";"NE_0002";"NE_0002"
"2023";"12";"021910";"ANCASH";"SIHUAS";"SICSIBAMBA";"GOBIERNO REGIONAL";"I-1";"00001812";"PUESTO DE SALUD UMBE";"NE_0002";"";"NE_0002";"NE_0002";"NE_0002";"NE_0002";"NE_0002";"NE_0002";"NE_0002"
"2023";"12";"021901";"ANCASH";"SIHUAS";"SIHUAS";"GOBIERNO REGIONAL";"I-1";"00009731";"PUESTO DE SALUD SAURAPA";"NE_0002";"";"NE_0002";"NE_0002";"NE_0002";"NE_0002";"NE_0002";"NE_0002";"NE_0002"
"2023";"12";"021906";"ANCASH";"SIHUAS";"HUAYLLABAMBA";"GOBIERNO REGIONAL";"I-3";"00001802";"CENTRO DE SALUD HUAYLLABAMBA";"NE_0002";"";"NE_0002";"NE_0002";"NE_0002";"NE_0002";"NE_0002";"NE_0002";"NE_0002"
"2023";"12";"021908";"ANCASH";"SIHUAS";"RAGASH";"GOBIERNO REGIONAL";"I-1";"00009734";"PUESTO DE SALUD QUINGAO";"NE_0002";"";"NE_0002";"NE_0002";"NE_0002";"NE_0002";"NE_0002";"NE_0002";"NE_0002"
"2023";"12";"080703";"CUSCO";"CHUMBIVILCAS";"CHAMACA";"GOBIERNO REGIONAL";"I-2";"00002402";"CHAMACA";"NE_0001";"";"NE_0001";"NE_0001";"NE_0001";"NE_0001";"NE_0001";"NE_0001";"NE_0001"
"2023";"12";"080703";"CUSCO";"CHUMBIVILCAS";"CHAMACA";"GOBIERNO REGIONAL";"I-2";"00002403";"AÑAHUICHI";"NE_0001";"";"NE_0001";"NE_0001";"NE_0001";"NE_0001";"NE_0001";"NE_0001";"NE_0001"
"2023";"12";"080703";"CUSCO";"CHUMBIVILCAS";"CHAMACA";"GOBIERNO REGIONAL";"I-1";"00016328";"UCCHUCCARCCO";"NE_0001";"";"NE_0001";"NE_0001";"NE_0001";"NE_0001";"NE_0001";"NE_0001";"NE_0001"
"2023";"12";"080703";"CUSCO";"CHUMBIVILCAS";"CHAMACA";"GOBIERNO REGIONAL";"I-1";"00016330";"CCONCHACCOLLO";"NE_0001";"";"NE_0001";"NE_0001";"NE_0001";"NE_0001";"NE_0001";"NE_0001";"NE_0001"
"2023";"12";"080703";"CUSCO";"CHUMBIVILCAS";"CHAMACA";"GOBIERNO REGIONAL";"I-1";"00016329";"INGATA";"NE_0001";"";"NE_0001";"NE_0001";"NE_0001";"NE_0001";"NE_0001";"NE_0001";"NE_0001"
"2023";"12";"150101";"LIMA";"LIMA";"LIMA";"PRIVADO";"II-2";"00008281";"CLINICA MAISON DE SANTE  DE LIMA";"240000";"HOSPITALIZACIÓN";"130";"125";"353";"117";"20";"620";"0"
"2023";"12";"150101";"LIMA";"LIMA";"LIMA";"PRIVADO";"II-2";"00008281";"CLINICA MAISON DE SANTE  DE LIMA";"250100";"UNIDAD DE CUIDADOS CRITICOS UNIDAD  DE CUIDADOS INTENSIVOS GENERALES (UCI) ";"7";"5";"33";"41";"8";"248";"3"
"2023";"12";"230101";"TACNA";"TACNA";"TACNA";"PRIVADO";"I-4";"00015875";"PROMEDIC";"NE_0002";"";"NE_0002";"NE_0002";"NE_0002";"NE_0002";"NE_0002";"NE_0002";"NE_0002"
"2023";"12";"220908";"SAN MARTIN";"SAN MARTIN";"JUAN GUERRA";"GOBIERNO REGIONAL";"I-1";"00006379";"YACUCATINA";"NE_0002";"";"NE_0002";"NE_0002";"NE_0002";"NE_0002";"NE_0002";"NE_0002";"NE_0002"
"2023";"12";"220914";"SAN MARTIN";"SAN MARTIN";"SHAPAJA";"GOBIERNO REGIONAL";"I-2";"00006375";"SHAPAJA";"NE_0002";"";"NE_0002";"NE_0002";"NE_0002";"NE_0002";"NE_0002";"NE_0002";"NE_0002"
"2023";"12";"220902";"SAN MARTIN";"SAN MARTIN";"ALBERTO LEVEAU";"GOBIERNO REGIONAL";"I-1";"00006383";"MACHUNGO";"NE_0002";"";"NE_0002";"NE_0002";"NE_0002";"NE_0002";"NE_0002";"NE_0002";"NE_0002"
"2023";"12";"220902";"SAN MARTIN";"SAN MARTIN";"ALBERTO LEVEAU";"GOBIERNO REGIONAL";"I-1";"00006382";"UTCURARCA";"NE_0002";"";"NE_0002";"NE_0002";"NE_0002";"NE_0002";"NE_0002";"NE_0002";"NE_0002"
"2023";"12";"220908";"SAN MARTIN";"SAN MARTIN";"JUAN GUERRA";"GOBIERNO REGIONAL";"I-3";"00006374";"JUAN GUERRA";"NE_0002";"";"NE_0002";"NE_0002";"NE_0002";"NE_0002";"NE_0002";"NE_0002";"NE_0002"
"2023";"11";"250202";"UCAYALI";"ATALAYA";"SEPAHUA";"GOBIERNO REGIONAL";"I-1";"00019549";"SANTA ROSA DE SERJALI";"NE_0001";"";"NE_0001";"NE_0001";"NE_0001";"NE_0001";"NE_0001";"NE_0001";"NE_0001"
"2023";"11";"250202";"UCAYALI";"ATALAYA";"SEPAHUA";"GOBIERNO REGIONAL";"I-1";"00005524";"BUFEO POZO";"NE_0001";"";"NE_0001";"NE_0001";"NE_0001";"NE_0001";"NE_0001";"NE_0001";"NE_0001"
"2023";"11";"250201";"UCAYALI";"ATALAYA";"RAIMONDI";"GOBIERNO REGIONAL";"I-1";"00005507";"BOCA PUCANI";"NE_0001";"";"NE_0001";"NE_0001";"NE_0001";"NE_0001";"NE_0001";"NE_0001";"NE_0001"
"2023";"11";"250201";"UCAYALI";"ATALAYA";"RAIMONDI";"MINSA";"I-1";"00005506";"P.S RAMON CASTILLA";"NE_0001";"";"NE_0001";"NE_0001";"NE_0001";"NE_0001";"NE_0001";"NE_0001";"NE_0001"
"2023";"11";"250201";"UCAYALI";"ATALAYA";"RAIMONDI";"GOBIERNO REGIONAL";"I-2";"00005505";"OBENTENI";"NE_0001";"";"NE_0001";"NE_0001";"NE_0001";"NE_0001";"NE_0001";"NE_0001";"NE_0001"
"2023";"12";"070101";"CALLAO";"CALLAO";"CALLAO";"GOBIERNO REGIONAL";"I-2";"00006235";"PUESTO DE SALUD MIGUEL GRAU";"NE_0001";"";"NE_0001";"NE_0001";"NE_0001";"NE_0001";"NE_0001";"NE_0001";"NE_0001"
"2023";"12";"070101";"CALLAO";"CALLAO";"CALLAO";"GOBIERNO REGIONAL";"I-2";"00006234";"PUESTO DE SALUD SANTA ROSA";"NE_0001";"";"NE_0001";"NE_0001";"NE_0001";"NE_0001";"NE_0001";"NE_0001";"NE_0001"
"2023";"12";"150106";"LIMA";"LIMA";"CARABAYLLO";"PRIVADO";"I-3";"00017468";"POLICLINICO NIÑO DE LA ESPINA SAC";"NE_0001";"";"NE_0001";"NE_0001";"NE_0001";"NE_0001";"NE_0001";"NE_0001";"NE_0001"
"2023";"12";"150103";"LIMA";"LIMA";"ATE";"ESSALUD";"II-1";"00008353";"HOSPITAL II VITARTE - ESSALUD";"241800";"HOSPITALIZACIÓN DE MEDICINA MEDICINA GENERAL ";"82";"102";"971";"925";"30";"930";"7"
"2023";"12";"150103";"LIMA";"LIMA";"ATE";"ESSALUD";"II-1";"00008353";"HOSPITAL II VITARTE - ESSALUD";"240100";"HOSPITALIZACIÓN QUIRÚRGICA CIRUGÍA GENERAL ";"157";"164";"334";"362";"12";"372";"0"
"2023";"12";"150103";"LIMA";"LIMA";"ATE";"ESSALUD";"II-1";"00008353";"HOSPITAL II VITARTE - ESSALUD";"241300";"HOSPITALIZACIÓN QUIRÚRGICA UROLOGÍA  ";"15";"15";"46";"90";"3";"93";"0"
"2023";"12";"150103";"LIMA";"LIMA";"ATE";"ESSALUD";"II-1";"00008353";"HOSPITAL II VITARTE - ESSALUD";"241200";"HOSPITALIZACIÓN QUIRÚRGICA TRAUMATOLOGÍA Y ORTOPEDIA ";"79";"86";"289";"153";"6";"186";"0"
"2023";"12";"150103";"LIMA";"LIMA";"ATE";"ESSALUD";"II-1";"00008353";"HOSPITAL II VITARTE - ESSALUD";"241500";"HOSPITALIZACIÓN QUIRÚRGICA GINECOLOGÍA  ";"43";"46";"102";"172";"6";"186";"0"
"2023";"12";"150103";"LIMA";"LIMA";"ATE";"ESSALUD";"II-1";"00008353";"HOSPITAL II VITARTE - ESSALUD";"242300";"HOSPITALIZACIÓN DE PEDIATRÍA  PEDIATRÍA  GENERAL ";"57";"58";"166";"245";"9";"279";"0"
"2023";"12";"150103";"LIMA";"LIMA";"ATE";"ESSALUD";"II-1";"00008353";"HOSPITAL II VITARTE - ESSALUD";"250304";"HOSPIT. EN UNIDAD DE CUID.INTEN.-UNIDAD DE VIGILANCIA INTENSIVA (UVI)-MEDICINA";"9";"11";"41";"88";"6";"186";"2"
"2023";"12";"080101";"CUSCO";"CUSCO";"CUSCO";"PRIVADO";"II-E";"00016541";"HOGAR CLINICA SAN JUAN DE DIOS-CUSCO";"240000";"HOSPITALIZACIÓN";"53";"51";"465";"7";"15";"465";"0"
"2023";"05";"021509";"ANCASH";"PALLASCA";"PAMPAS";"ESSALUD";"I-2";"00009202";"POSTA MEDICA PAMPAS";"NE_0001";"";"NE_0001";"NE_0001";"NE_0001";"NE_0001";"NE_0001";"NE_0001";"NE_0001"
"2023";"12";"150130";"LIMA";"LIMA";"SAN BORJA";"PRIVADO";"II-E";"00013383";"CLINICA SANTA ISABEL";"241400";"HOSPITALIZACIÓN QUIRÚRGICA GINECO - OBSTETRICIA ";"136";"136";"390";"450";"22";"682";"0"
"2023";"12";"060612";"CAJAMARCA";"CUTERVO";"SANTO DOMINGO DE LA CAPILLA";"GOBIERNO REGIONAL";"I-1";"00005005";"SANTA ROSA DE LA CAPILLA";"NE_0001";"";"NE_0001";"NE_0001";"NE_0001";"NE_0001";"NE_0001";"NE_0001";"NE_0001"
"2023";"12";"060612";"CAJAMARCA";"CUTERVO";"SANTO DOMINGO DE LA CAPILLA";"GOBIERNO REGIONAL";"I-1";"00006958";"PLAYA HERMOZA";"NE_0001";"";"NE_0001";"NE_0001";"NE_0001";"NE_0001";"NE_0001";"NE_0001";"NE_0001"
"2023";"12";"060612";"CAJAMARCA";"CUTERVO";"SANTO DOMINGO DE LA CAPILLA";"GOBIERNO REGIONAL";"I-1";"00008924";"NUEVO ORIENTE DE LA CAPILLA";"NE_0001";"";"NE_0001";"NE_0001";"NE_0001";"NE_0001";"NE_0001";"NE_0001";"NE_0001"
"2023";"12";"130801";"LA LIBERTAD";"PATAZ";"TAYABAMBA";"GOBIERNO REGIONAL";"II-1";"00005375";"HOSPITAL PROVINCIAL DE TAYABAMBA";"241800";"HOSPITALIZACIÓN DE MEDICINA MEDICINA GENERAL ";"31";"31";"76";"103";"11";"341";"1"
"2023";"12";"130801";"LA LIBERTAD";"PATAZ";"TAYABAMBA";"GOBIERNO REGIONAL";"II-1";"00005375";"HOSPITAL PROVINCIAL DE TAYABAMBA";"241600";"HOSPITALIZACIÓN QUIRÚRGICA OBSTETRICIA   ";"20";"19";"27";"27";"5";"155";"0"
"2023";"11";"070106";"CALLAO";"CALLAO";"VENTANILLA";"GOBIERNO REGIONAL";"I-2";"00006262";"PUESTO DE SALUD HIJOS DEL ALMIRANTE GRAU";"NE_0001";"";"NE_0001";"NE_0001";"NE_0001";"NE_0001";"NE_0001";"NE_0001";"NE_0001"
"2023";"11";"070106";"CALLAO";"CALLAO";"VENTANILLA";"GOBIERNO REGIONAL";"I-2";"00006255";"PUESTO DE SALUD VENTANILLA ALTA";"NE_0001";"";"NE_0001";"NE_0001";"NE_0001";"NE_0001";"NE_0001";"NE_0001";"NE_0001"
"2023";"11";"070106";"CALLAO";"CALLAO";"VENTANILLA";"GOBIERNO REGIONAL";"I-2";"00006257";"PUESTO DE SALUD ANGAMOS";"NE_0001";"";"NE_0001";"NE_0001";"NE_0001";"NE_0001";"NE_0001";"NE_0001";"NE_0001"
"2023";"11";"070106";"CALLAO";"CALLAO";"VENTANILLA";"GOBIERNO REGIONAL";"I-2";"00006268";"PUESTO DE SALUD DEFENSORES DE LA PATRIA";"NE_0001";"";"NE_0001";"NE_0001";"NE_0001";"NE_0001";"NE_0001";"NE_0001";"NE_0001"
"2023";"11";"160107";"LORETO";"MAYNAS";"NAPO";"GOBIERNO REGIONAL";"II-1";"00000066";"HOSPITAL II-1 SANTA CLOTILDE";"241800";"HOSPITALIZACIÓN DE MEDICINA MEDICINA GENERAL ";"10";"11";"60";"71";"16";"480";"0"
"2023";"11";"160107";"LORETO";"MAYNAS";"NAPO";"GOBIERNO REGIONAL";"II-1";"00000066";"HOSPITAL II-1 SANTA CLOTILDE";"242300";"HOSPITALIZACIÓN DE PEDIATRÍA  PEDIATRÍA  GENERAL ";"7";"9";"39";"48";"7";"210";"0"
"2023";"11";"160107";"LORETO";"MAYNAS";"NAPO";"GOBIERNO REGIONAL";"II-1";"00000066";"HOSPITAL II-1 SANTA CLOTILDE";"241600";"HOSPITALIZACIÓN QUIRÚRGICA OBSTETRICIA   ";"10";"10";"14";"17";"6";"180";"0"
"2023";"11";"160107";"LORETO";"MAYNAS";"NAPO";"GOBIERNO REGIONAL";"II-1";"00000066";"HOSPITAL II-1 SANTA CLOTILDE";"242000";"HOSPITALIZACIÓN DE MEDICINA MEDICINA TROPICAL E INFECCIOSAS ";"1";"2";"30";"32";"3";"90";"0"
"2023";"11";"250102";"UCAYALI";"CORONEL PORTILLO";"CAMPOVERDE";"ESSALUD";"I-2";"00031881";"POSTA MEDICA-CAMPOVERDE-ESSALUD";"NE_0001";"";"NE_0001";"NE_0001";"NE_0001";"NE_0001";"NE_0001";"NE_0001";"NE_0001"
"2023";"02";"150116";"LIMA";"LIMA";"LINCE";"PRIVADO";"II-E";"00029299";"MAS VISION S.A.C.";"NE_0001";"";"NE_0001";"NE_0001";"NE_0001";"NE_0001";"NE_0001";"NE_0001";"NE_0001"
"2023";"11";"021809";"ANCASH";"SANTA";"NUEVO CHIMBOTE";"ESSALUD";"I-4";"00009054";"HOSPITAL I CONO SUR";"241800";"HOSPITALIZACIÓN DE MEDICINA MEDICINA GENERAL ";"11";"10";"30";"30";"1";"30";"0"
"2023";"11";"021809";"ANCASH";"SANTA";"NUEVO CHIMBOTE";"ESSALUD";"I-4";"00009054";"HOSPITAL I CONO SUR";"241500";"HOSPITALIZACIÓN QUIRÚRGICA GINECOLOGÍA  ";"8";"8";"20";"30";"1";"30";"0"
"2023";"12";"021902";"ANCASH";"SIHUAS";"ACOBAMBA";"GOBIERNO REGIONAL";"I-1";"00001799";"PUESTO DE SALUD ACOBAMBA";"241400";"HOSPITALIZACIÓN QUIRÚRGICA GINECO - OBSTETRICIA ";"2";"2";"2";"2";"2";"3";"0"
"2023";"12";"021905";"ANCASH";"SIHUAS";"CHINGALPO";"GOBIERNO REGIONAL";"I-1";"00001800";"PUESTO DE SALUD CHINGALPO";"241400";"HOSPITALIZACIÓN QUIRÚRGICA GINECO - OBSTETRICIA ";"2";"2";"2";"2";"2";"3";"0"
"2023";"12";"021905";"ANCASH";"SIHUAS";"CHINGALPO";"GOBIERNO REGIONAL";"I-1";"00001754";"PUESTO DE SALUD SAN MIGUEL";"NE_0002";"";"NE_0002";"NE_0002";"NE_0002";"NE_0002";"NE_0002";"NE_0002";"NE_0002"
"2023";"12";"021903";"ANCASH";"SIHUAS";"ALFONSO UGARTE";"GOBIERNO REGIONAL";"I-1";"00001805";"PUESTO DE SALUD ULLOLLUCO";"NE_0002";"";"NE_0002";"NE_0002";"NE_0002";"NE_0002";"NE_0002";"NE_0002";"NE_0002"
"2023";"12";"021907";"ANCASH";"SIHUAS";"QUICHES";"GOBIERNO REGIONAL";"I-1";"00001807";"PUESTO DE SALUD JOCOSBAMBA";"NE_0002";"";"NE_0002";"NE_0002";"NE_0002";"NE_0002";"NE_0002";"NE_0002";"NE_0002"
"2023";"12";"021907";"ANCASH";"SIHUAS";"QUICHES";"GOBIERNO REGIONAL";"I-3";"00001806";"CENTRO DE SALUD QUICHES";"241400";"HOSPITALIZACIÓN QUIRÚRGICA GINECO - OBSTETRICIA ";"2";"2";"2";"2";"2";"14";"0"
"2023";"12";"120302";"JUNIN";"CHANCHAMAYO";"PERENE";"GOBIERNO REGIONAL";"I-1";"00000322";"LIBERTAD TOTERANI";"NE_0001";"";"NE_0001";"NE_0001";"NE_0001";"NE_0001";"NE_0001";"NE_0001";"NE_0001"
"2023";"12";"120302";"JUNIN";"CHANCHAMAYO";"PERENE";"GOBIERNO REGIONAL";"I-1";"00000323";"INCHATINGARI";"NE_0001";"";"NE_0001";"NE_0001";"NE_0001";"NE_0001";"NE_0001";"NE_0001";"NE_0001"
"2023";"12";"120302";"JUNIN";"CHANCHAMAYO";"PERENE";"GOBIERNO REGIONAL";"I-2";"00000324";"LOS ANGELES DE UBIRIKI";"NE_0001";"";"NE_0001";"NE_0001";"NE_0001";"NE_0001";"NE_0001";"NE_0001";"NE_0001"
"2023";"12";"120302";"JUNIN";"CHANCHAMAYO";"PERENE";"GOBIERNO REGIONAL";"I-1";"00000327";"ALTO PUMPURIANI";"NE_0001";"";"NE_0001";"NE_0001";"NE_0001";"NE_0001";"NE_0001";"NE_0001";"NE_0001"
"2023";"12";"120302";"JUNIN";"CHANCHAMAYO";"PERENE";"GOBIERNO REGIONAL";"I-1";"00000335";"ZONA PATRIA";"NE_0001";"";"NE_0001";"NE_0001";"NE_0001";"NE_0001";"NE_0001";"NE_0001";"NE_0001"
"2023";"12";"120302";"JUNIN";"CHANCHAMAYO";"PERENE";"GOBIERNO REGIONAL";"I-3";"00000320";"PUERTO YURINAKI";"NE_0001";"";"NE_0001";"NE_0001";"NE_0001";"NE_0001";"NE_0001";"NE_0001";"NE_0001"
"2023";"12";"120302";"JUNIN";"CHANCHAMAYO";"PERENE";"GOBIERNO REGIONAL";"I-1";"00000326";"SANTA ROSA DE RIO AMARILLO";"NE_0001";"";"NE_0001";"NE_0001";"NE_0001";"NE_0001";"NE_0001";"NE_0001";"NE_0001"
"2023";"12";"200601";"PIURA";"SULLANA";"SULLANA";"ESSALUD";"I-4";"00010267";"HOSPITAL I ESSALUD-SULLANA";"241800";"HOSPITALIZACIÓN DE MEDICINA MEDICINA GENERAL ";"58";"55";"283";"274";"9";"279";"1"
"2023";"12";"200601";"PIURA";"SULLANA";"SULLANA";"ESSALUD";"I-4";"00010267";"HOSPITAL I ESSALUD-SULLANA";"242300";"HOSPITALIZACIÓN DE PEDIATRÍA  PEDIATRÍA  GENERAL ";"22";"21";"29";"30";"2";"62";"0"
"2023";"12";"200601";"PIURA";"SULLANA";"SULLANA";"ESSALUD";"I-4";"00010267";"HOSPITAL I ESSALUD-SULLANA";"241600";"HOSPITALIZACIÓN QUIRÚRGICA OBSTETRICIA   ";"7";"6";"25";"30";"1";"31";"0"
"2023";"12";"200601";"PIURA";"SULLANA";"SULLANA";"ESSALUD";"I-4";"00010267";"HOSPITAL I ESSALUD-SULLANA";"240100";"HOSPITALIZACIÓN QUIRÚRGICA CIRUGÍA GENERAL ";"9";"9";"24";"29";"1";"31";"0"
"2023";"12";"120302";"JUNIN";"CHANCHAMAYO";"PERENE";"GOBIERNO REGIONAL";"I-1";"00000332";"ALTO SAN JUAN";"NE_0001";"";"NE_0001";"NE_0001";"NE_0001";"NE_0001";"NE_0001";"NE_0001";"NE_0001"
"2023";"12";"120302";"JUNIN";"CHANCHAMAYO";"PERENE";"GOBIERNO REGIONAL";"I-1";"00000328";"CHURINGAVENI";"NE_0001";"";"NE_0001";"NE_0001";"NE_0001";"NE_0001";"NE_0001";"NE_0001";"NE_0001"
"2023";"12";"120302";"JUNIN";"CHANCHAMAYO";"PERENE";"GOBIERNO REGIONAL";"I-3";"00000330";"SAN FERNANDO DE KIVINAKI";"NE_0001";"";"NE_0001";"NE_0001";"NE_0001";"NE_0001";"NE_0001";"NE_0001";"NE_0001"
"2023";"12";"120302";"JUNIN";"CHANCHAMAYO";"PERENE";"GOBIERNO REGIONAL";"I-1";"00006737";"JOSE OLAYA";"NE_0001";"";"NE_0001";"NE_0001";"NE_0001";"NE_0001";"NE_0001";"NE_0001";"NE_0001"
"2023";"12";"120302";"JUNIN";"CHANCHAMAYO";"PERENE";"GOBIERNO REGIONAL";"I-1";"00007362";"UNION PUCUSANI";"NE_0001";"";"NE_0001";"NE_0001";"NE_0001";"NE_0001";"NE_0001";"NE_0001";"NE_0001"
"2023";"12";"120302";"JUNIN";"CHANCHAMAYO";"PERENE";"GOBIERNO REGIONAL";"I-1";"00014384";"JOSE GALVEZ";"NE_0001";"";"NE_0001";"NE_0001";"NE_0001";"NE_0001";"NE_0001";"NE_0001";"NE_0001"
"2023";"12";"120301";"JUNIN";"CHANCHAMAYO";"CHANCHAMAYO";"GOBIERNO REGIONAL";"I-1";"00000310";"VILLA DORADA";"NE_0001";"";"NE_0001";"NE_0001";"NE_0001";"NE_0001";"NE_0001";"NE_0001";"NE_0001"
"2023";"12";"170101";"MADRE DE DIOS";"TAMBOPATA";"TAMBOPATA";"GOBIERNO REGIONAL";"II-1";"00002698";"HOSPITAL SANTA ROSA";"241600";"HOSPITALIZACIÓN QUIRÚRGICA OBSTETRICIA   ";"14";"14";"43";"14";"16";"589";"0"
"2023";"12";"170101";"MADRE DE DIOS";"TAMBOPATA";"TAMBOPATA";"GOBIERNO REGIONAL";"II-1";"00002698";"HOSPITAL SANTA ROSA";"243200";"HOSPITALIZACIÓN DE PEDIATRÍA PEDIATRIA NEONATOLOGÍA";"5";"5";"8";"5";"13";"434";"0"
"2023";"12";"170101";"MADRE DE DIOS";"TAMBOPATA";"TAMBOPATA";"GOBIERNO REGIONAL";"II-1";"00002698";"HOSPITAL SANTA ROSA";"241200";"HOSPITALIZACIÓN QUIRÚRGICA TRAUMATOLOGÍA Y ORTOPEDIA ";"4";"3";"53";"4";"22";"434";"0"
"2023";"12";"170101";"MADRE DE DIOS";"TAMBOPATA";"TAMBOPATA";"GOBIERNO REGIONAL";"II-1";"00002698";"HOSPITAL SANTA ROSA";"241800";"HOSPITALIZACIÓN DE MEDICINA MEDICINA GENERAL ";"17";"17";"237";"17";"18";"1054";"0"
"2023";"12";"170101";"MADRE DE DIOS";"TAMBOPATA";"TAMBOPATA";"GOBIERNO REGIONAL";"II-1";"00002698";"HOSPITAL SANTA ROSA";"240100";"HOSPITALIZACIÓN QUIRÚRGICA CIRUGÍA GENERAL ";"4";"4";"16";"4";"16";"465";"0"
"2023";"12";"170101";"MADRE DE DIOS";"TAMBOPATA";"TAMBOPATA";"GOBIERNO REGIONAL";"II-1";"00002698";"HOSPITAL SANTA ROSA";"242500";"HOSPITALIZACIÓN-PEDIATRÍA GENERAL-";"1";"1";"2";"1";"7";"248";"0"
"2023";"12";"060106";"CAJAMARCA";"CAJAMARCA";"JESUS";"GOBIERNO REGIONAL";"I-1";"00004637";"YANAMARCA";"NE_0001";"";"NE_0001";"NE_0001";"NE_0001";"NE_0001";"NE_0001";"NE_0001";"NE_0001"
"2023";"12";"060101";"CAJAMARCA";"CAJAMARCA";"CAJAMARCA";"GOBIERNO REGIONAL";"I-3";"00004645";"MAGNA VALLEJO";"NE_0001";"";"NE_0001";"NE_0001";"NE_0001";"NE_0001";"NE_0001";"NE_0001";"NE_0001"
"2023";"12";"060101";"CAJAMARCA";"CAJAMARCA";"CAJAMARCA";"GOBIERNO REGIONAL";"I-1";"00004644";"PARIAMARCA";"NE_0001";"";"NE_0001";"NE_0001";"NE_0001";"NE_0001";"NE_0001";"NE_0001";"NE_0001"
"2023";"12";"060101";"CAJAMARCA";"CAJAMARCA";"CAJAMARCA";"GOBIERNO REGIONAL";"I-1";"00004643";"AGOCUCHO";"NE_0001";"";"NE_0001";"NE_0001";"NE_0001";"NE_0001";"NE_0001";"NE_0001";"NE_0001"
"2023";"12";"210101";"PUNO";"PUNO";"PUNO";"GOBIERNO REGIONAL";"II-2";"00003251";"HOSPITAL REGIONAL MANUEL NUÑEZ BUTRON";"240100";"HOSPITALIZACIÓN QUIRÚRGICA CIRUGÍA GENERAL ";"86";"105";"464";"567";"34";"1054";"0"
"2023";"12";"210101";"PUNO";"PUNO";"PUNO";"GOBIERNO REGIONAL";"II-2";"00003251";"HOSPITAL REGIONAL MANUEL NUÑEZ BUTRON";"240700";"HOSPITALIZACIÓN QUIRÚRGICA CIRUGÍA PEDIÁTRICA ";"2";"3";"9";"12";"3";"93";"0"
"2023";"12";"210101";"PUNO";"PUNO";"PUNO";"GOBIERNO REGIONAL";"II-2";"00003251";"HOSPITAL REGIONAL MANUEL NUÑEZ BUTRON";"240900";"HOSPITALIZACIÓN QUIRÚRGICA NEUROCIRUGÍA ";"14";"16";"122";"138";"11";"341";"0"
"2023";"12";"210101";"PUNO";"PUNO";"PUNO";"GOBIERNO REGIONAL";"II-2";"00003251";"HOSPITAL REGIONAL MANUEL NUÑEZ BUTRON";"241200";"HOSPITALIZACIÓN QUIRÚRGICA TRAUMATOLOGÍA Y ORTOPEDIA ";"24";"31";"229";"265";"14";"434";"0"
"2023";"12";"210101";"PUNO";"PUNO";"PUNO";"GOBIERNO REGIONAL";"II-2";"00003251";"HOSPITAL REGIONAL MANUEL NUÑEZ BUTRON";"241300";"HOSPITALIZACIÓN QUIRÚRGICA UROLOGÍA  ";"4";"7";"70";"77";"3";"93";"0"
"2023";"12";"210101";"PUNO";"PUNO";"PUNO";"GOBIERNO REGIONAL";"II-2";"00003251";"HOSPITAL REGIONAL MANUEL NUÑEZ BUTRON";"241500";"HOSPITALIZACIÓN QUIRÚRGICA GINECOLOGÍA  ";"15";"16";"42";"58";"2";"62";"0"
"2023";"12";"210101";"PUNO";"PUNO";"PUNO";"GOBIERNO REGIONAL";"II-2";"00003251";"HOSPITAL REGIONAL MANUEL NUÑEZ BUTRON";"241600";"HOSPITALIZACIÓN QUIRÚRGICA OBSTETRICIA   ";"172";"182";"345";"527";"21";"651";"0"
"2023";"12";"210101";"PUNO";"PUNO";"PUNO";"GOBIERNO REGIONAL";"II-2";"00003251";"HOSPITAL REGIONAL MANUEL NUÑEZ BUTRON";"241800";"HOSPITALIZACIÓN DE MEDICINA MEDICINA GENERAL ";"44";"52";"273";"325";"27";"837";"5"
"2023";"12";"210101";"PUNO";"PUNO";"PUNO";"GOBIERNO REGIONAL";"II-2";"00003251";"HOSPITAL REGIONAL MANUEL NUÑEZ BUTRON";"241900";"HOSPITALIZACIÓN DE MEDICINA MEDICINA INTERNA ";"54";"64";"274";"338";"19";"589";"6"
"2023";"12";"210101";"PUNO";"PUNO";"PUNO";"GOBIERNO REGIONAL";"II-2";"00003251";"HOSPITAL REGIONAL MANUEL NUÑEZ BUTRON";"242100";"HOSPITALIZACIÓN DE MEDICINA ONCOLOGÍA MÉDICA ";"6";"6";"20";"26";"1";"31";"1"
"2023";"12";"210101";"PUNO";"PUNO";"PUNO";"GOBIERNO REGIONAL";"II-2";"00003251";"HOSPITAL REGIONAL MANUEL NUÑEZ BUTRON";"242500";"HOSPITALIZACIÓN-PEDIATRÍA GENERAL-";"30";"41";"252";"293";"27";"837";"1"
"2023";"12";"210101";"PUNO";"PUNO";"PUNO";"GOBIERNO REGIONAL";"II-2";"00003251";"HOSPITAL REGIONAL MANUEL NUÑEZ BUTRON";"243200";"HOSPITALIZACIÓN DE PEDIATRÍA PEDIATRIA NEONATOLOGÍA";"56";"65";"331";"396";"28";"868";"2"
"2023";"12";"210101";"PUNO";"PUNO";"PUNO";"GOBIERNO REGIONAL";"II-2";"00003251";"HOSPITAL REGIONAL MANUEL NUÑEZ BUTRON";"250103";"UNIDAD DE CUIDADOS CRITICOS UNIDAD  DE CUIDADOS INTENSIVOS GENERALES  (UCI) MEDICINA";"11";"13";"70";"82";"4";"124";"5"
"2023";"12";"210101";"PUNO";"PUNO";"PUNO";"GOBIERNO REGIONAL";"II-2";"00003251";"HOSPITAL REGIONAL MANUEL NUÑEZ BUTRON";"244000";"HOSPITALIZACIÓN DE MEDICINA CARDIOLOGIA ";"1";"1";"3";"4";"2";"62";"0"
"2023";"12";"210101";"PUNO";"PUNO";"PUNO";"GOBIERNO REGIONAL";"II-2";"00003251";"HOSPITAL REGIONAL MANUEL NUÑEZ BUTRON";"244300";"HOSPITALIZACIÓN DE MEDICINA GASTROENTEROLOGÍA  ";"2";"2";"4";"6";"1";"31";"0"
"2023";"12";"210101";"PUNO";"PUNO";"PUNO";"GOBIERNO REGIONAL";"II-2";"00003251";"HOSPITAL REGIONAL MANUEL NUÑEZ BUTRON";"244600";"HOSPITALIZACIÓN DE MEDICINA NEFROLOGIA ";"2";"2";"10";"12";"1";"31";"0"
"2023";"12";"210101";"PUNO";"PUNO";"PUNO";"GOBIERNO REGIONAL";"II-2";"00003251";"HOSPITAL REGIONAL MANUEL NUÑEZ BUTRON";"244200";"HOSPITALIZACIÓN DE MEDICINA ENDOCRINOLOGIA ";"2";"2";"9";"11";"3";"93";"0"
"2023";"12";"190103";"PASCO";"PASCO";"HUARIACA";"ESSALUD";"II-E";"00009749";"HOSPITAL II - E HUARIACA";"241800";"HOSPITALIZACIÓN DE MEDICINA MEDICINA GENERAL ";"25";"27";"101";"98";"9";"279";"0"
"2023";"12";"190103";"PASCO";"PASCO";"HUARIACA";"ESSALUD";"II-E";"00009749";"HOSPITAL II - E HUARIACA";"242100";"HOSPITALIZACIÓN DE MEDICINA ONCOLOGÍA MÉDICA ";"46";"48";"137";"118";"10";"310";"0"
"2023";"12";"190103";"PASCO";"PASCO";"HUARIACA";"ESSALUD";"II-E";"00009749";"HOSPITAL II - E HUARIACA";"242200";"HOSPITALIZACIÓN DE MEDICINA PSIQUIATRÍA ";"20";"5";"134";"1072";"70";"2170";"0"
"2023";"12";"190103";"PASCO";"PASCO";"HUARIACA";"ESSALUD";"II-E";"00009749";"HOSPITAL II - E HUARIACA";"240100";"HOSPITALIZACIÓN QUIRÚRGICA CIRUGÍA GENERAL ";"27";"28";"80";"77";"3";"93";"0"
"2023";"12";"190103";"PASCO";"PASCO";"HUARIACA";"ESSALUD";"II-E";"00009749";"HOSPITAL II - E HUARIACA";"241400";"HOSPITALIZACIÓN QUIRÚRGICA GINECO - OBSTETRICIA ";"6";"6";"16";"15";"2";"62";"0"
"2023";"12";"190304";"PASCO";"OXAPAMPA";"PALCAZU";"GOBIERNO REGIONAL";"I-1";"00001154";"PUERTO BELEN";"NE_0002";"";"NE_0002";"NE_0002";"NE_0002";"NE_0002";"NE_0002";"NE_0002";"NE_0002"
"2023";"12";"021001";"ANCASH";"HUARI";"HUARI";"GOBIERNO REGIONAL";"II-1";"00001813";"HOSPITAL DE APOYO HUARI";"241500";"HOSPITALIZACIÓN QUIRÚRGICA GINECOLOGÍA  ";"18";"18";"41";"41";"6";"186";"0"
"2023";"12";"021001";"ANCASH";"HUARI";"HUARI";"GOBIERNO REGIONAL";"II-1";"00001813";"HOSPITAL DE APOYO HUARI";"241600";"HOSPITALIZACIÓN QUIRÚRGICA OBSTETRICIA   ";"30";"34";"72";"79";"6";"186";"0"
"2023";"12";"021001";"ANCASH";"HUARI";"HUARI";"GOBIERNO REGIONAL";"II-1";"00001813";"HOSPITAL DE APOYO HUARI";"241800";"HOSPITALIZACIÓN DE MEDICINA MEDICINA GENERAL ";"30";"30";"99";"116";"12";"372";"0"
"2023";"12";"021001";"ANCASH";"HUARI";"HUARI";"GOBIERNO REGIONAL";"II-1";"00001813";"HOSPITAL DE APOYO HUARI";"242500";"HOSPITALIZACIÓN-PEDIATRÍA GENERAL-";"3";"5";"11";"11";"4";"124";"0"
"2023";"12";"021001";"ANCASH";"HUARI";"HUARI";"GOBIERNO REGIONAL";"II-1";"00001813";"HOSPITAL DE APOYO HUARI";"243200";"HOSPITALIZACIÓN DE PEDIATRÍA PEDIATRIA NEONATOLOGÍA";"1";"3";"6";"6";"1";"31";"0"
"2023";"12";"060701";"CAJAMARCA";"HUALGAYOC";"BAMBAMARCA";"GOBIERNO REGIONAL";"II-1";"00004782";"BAMBAMARCA - TITO VILLAR CABEZAS";"241400";"HOSPITALIZACIÓN QUIRÚRGICA GINECO - OBSTETRICIA ";"63";"69";"112";"127";"8";"248";"0"
"2023";"12";"060701";"CAJAMARCA";"HUALGAYOC";"BAMBAMARCA";"GOBIERNO REGIONAL";"II-1";"00004782";"BAMBAMARCA - TITO VILLAR CABEZAS";"241800";"HOSPITALIZACIÓN DE MEDICINA MEDICINA GENERAL ";"26";"29";"89";"86";"5";"155";"0"
"2023";"12";"060701";"CAJAMARCA";"HUALGAYOC";"BAMBAMARCA";"GOBIERNO REGIONAL";"II-1";"00004782";"BAMBAMARCA - TITO VILLAR CABEZAS";"240100";"HOSPITALIZACIÓN QUIRÚRGICA CIRUGÍA GENERAL ";"21";"21";"46";"38";"3";"93";"0"
"2023";"12";"060701";"CAJAMARCA";"HUALGAYOC";"BAMBAMARCA";"GOBIERNO REGIONAL";"II-1";"00004782";"BAMBAMARCA - TITO VILLAR CABEZAS";"242500";"HOSPITALIZACIÓN-PEDIATRÍA GENERAL-";"4";"5";"8";"15";"3";"93";"0"
"2023";"12";"210201";"PUNO";"AZANGARO";"AZANGARO";"GOBIERNO REGIONAL";"II-1";"00002941";"CARLOS CORNEJO ROSELLO";"240100";"HOSPITALIZACIÓN QUIRÚRGICA CIRUGÍA GENERAL ";"12";"14";"48";"62";"06";"186";"0"
"2023";"12";"210201";"PUNO";"AZANGARO";"AZANGARO";"GOBIERNO REGIONAL";"II-1";"00002941";"CARLOS CORNEJO ROSELLO";"241500";"HOSPITALIZACIÓN QUIRÚRGICA GINECOLOGÍA  ";"40";"45";"132";"177";"08";"248";"0"
"2023";"12";"210201";"PUNO";"AZANGARO";"AZANGARO";"GOBIERNO REGIONAL";"II-1";"00002941";"CARLOS CORNEJO ROSELLO";"241600";"HOSPITALIZACIÓN QUIRÚRGICA OBSTETRICIA   ";"40";"40";"69";"109";"06";"186";"0"
"2023";"12";"210201";"PUNO";"AZANGARO";"AZANGARO";"GOBIERNO REGIONAL";"II-1";"00002941";"CARLOS CORNEJO ROSELLO";"241800";"HOSPITALIZACIÓN DE MEDICINA MEDICINA GENERAL ";"20";"25";"123";"148";"12";"372";"0"
"2023";"12";"210201";"PUNO";"AZANGARO";"AZANGARO";"GOBIERNO REGIONAL";"II-1";"00002941";"CARLOS CORNEJO ROSELLO";"242500";"HOSPITALIZACIÓN-PEDIATRÍA GENERAL-";"10";"10";"28";"38";"13";"403";"0"
"2023";"12";"060101";"CAJAMARCA";"CAJAMARCA";"CAJAMARCA";"ESSALUD";"II-2";"00010272";"HOSPITAL II CAJAMARCA";"242300";"HOSPITALIZACIÓN DE PEDIATRÍA  PEDIATRÍA  GENERAL ";"38";"40";"133";"125";"7";"217";"0"
"2023";"12";"060101";"CAJAMARCA";"CAJAMARCA";"CAJAMARCA";"ESSALUD";"II-2";"00010272";"HOSPITAL II CAJAMARCA";"243200";"HOSPITALIZACIÓN DE PEDIATRÍA PEDIATRIA NEONATOLOGÍA";"32";"34";"72";"69";"6";"186";"0"
"2023";"12";"060101";"CAJAMARCA";"CAJAMARCA";"CAJAMARCA";"ESSALUD";"II-2";"00010272";"HOSPITAL II CAJAMARCA";"250100";"UNIDAD DE CUIDADOS CRITICOS UNIDAD  DE CUIDADOS INTENSIVOS GENERALES (UCI) ";"5";"6";"553";"130";"6";"186";"1"
"2023";"12";"060101";"CAJAMARCA";"CAJAMARCA";"CAJAMARCA";"ESSALUD";"II-2";"00010272";"HOSPITAL II CAJAMARCA";"250304";"HOSPIT. EN UNIDAD DE CUID.INTEN.-UNIDAD DE VIGILANCIA INTENSIVA (UVI)-MEDICINA";"11";"11";"95";"100";"4";"124";"2"
"2023";"12";"240302";"TUMBES";"ZARUMILLA";"AGUAS VERDES";"GOBIERNO REGIONAL";"I-1";"00001887";"POCITOS";"NE_0001";"";"NE_0001";"NE_0001";"NE_0001";"NE_0001";"NE_0001";"NE_0001";"NE_0001"
"2023";"12";"240304";"TUMBES";"ZARUMILLA";"PAPAYAL";"GOBIERNO REGIONAL";"I-2";"00001893";"UÑA DE GATO";"NE_0001";"";"NE_0001";"NE_0001";"NE_0001";"NE_0001";"NE_0001";"NE_0001";"NE_0001"
"2023";"12";"240301";"TUMBES";"ZARUMILLA";"ZARUMILLA";"GOBIERNO REGIONAL";"I-3";"00026856";"Centro de Salud Mental Comunitario  ""LIC. ENF. SILVIA VIOLETA CONDE SOSA""";"NE_0001";"";"NE_0001";"NE_0001";"NE_0001";"NE_0001";"NE_0001";"NE_0001";"NE_0001"
"2023";"12";"240304";"TUMBES";"ZARUMILLA";"PAPAYAL";"GOBIERNO REGIONAL";"I-2";"00001892";"LA PALMA";"NE_0001";"";"NE_0001";"NE_0001";"NE_0001";"NE_0001";"NE_0001";"NE_0001";"NE_0001"
"2023";"12";"240304";"TUMBES";"ZARUMILLA";"PAPAYAL";"GOBIERNO REGIONAL";"I-1";"00001894";"EL PORVENIR.";"NE_0001";"";"NE_0001";"NE_0001";"NE_0001";"NE_0001";"NE_0001";"NE_0001";"NE_0001"
"2023";"12";"240304";"TUMBES";"ZARUMILLA";"PAPAYAL";"GOBIERNO REGIONAL";"I-1";"00001895";"LECHUGAL";"NE_0001";"";"NE_0001";"NE_0001";"NE_0001";"NE_0001";"NE_0001";"NE_0001";"NE_0001"
"2023";"12";"240301";"TUMBES";"ZARUMILLA";"ZARUMILLA";"GOBIERNO REGIONAL";"I-4";"00001896";"CENTRO DE SALUD ZARUMILLA";"241600";"HOSPITALIZACIÓN QUIRÚRGICA OBSTETRICIA   ";"25";"25";"25";"25";"1";"31";"0"
"2023";"12";"240302";"TUMBES";"ZARUMILLA";"AGUAS VERDES";"GOBIERNO REGIONAL";"I-3";"00001885";"CLAS AGUAS VERDES";"NE_0001";"";"NE_0001";"NE_0001";"NE_0001";"NE_0001";"NE_0001";"NE_0001";"NE_0001"
"2023";"12";"240302";"TUMBES";"ZARUMILLA";"AGUAS VERDES";"GOBIERNO REGIONAL";"I-1";"00001889";"LOMA SAAVEDRA";"NE_0001";"";"NE_0001";"NE_0001";"NE_0001";"NE_0001";"NE_0001";"NE_0001";"NE_0001"
"2023";"12";"240304";"TUMBES";"ZARUMILLA";"PAPAYAL";"GOBIERNO REGIONAL";"I-3";"00001891";"C.S. PAPAYAL";"NE_0001";"";"NE_0001";"NE_0001";"NE_0001";"NE_0001";"NE_0001";"NE_0001";"NE_0001"
"2023";"12";"240301";"TUMBES";"ZARUMILLA";"ZARUMILLA";"GOBIERNO REGIONAL";"0";"00030270";"II HOGAR PROTEGIDO";"NE_0001";"";"NE_0001";"NE_0001";"NE_0001";"NE_0001";"NE_0001";"NE_0001";"NE_0001"
"2023";"12";"240303";"TUMBES";"ZARUMILLA";"MATAPALO";"GOBIERNO REGIONAL";"I-3";"00001890";"C.S MATAPALO";"NE_0001";"";"NE_0001";"NE_0001";"NE_0001";"NE_0001";"NE_0001";"NE_0001";"NE_0001"
"2023";"12";"240302";"TUMBES";"ZARUMILLA";"AGUAS VERDES";"GOBIERNO REGIONAL";"I-2";"00001886";"CUCHARETA BAJA";"NE_0001";"";"NE_0001";"NE_0001";"NE_0001";"NE_0001";"NE_0001";"NE_0001";"NE_0001"
"2023";"11";"020801";"ANCASH";"CASMA";"CASMA";"ESSALUD";"I-3";"00009057";"CENTRO MEDICO CASMA";"NE_0001";"";"NE_0001";"NE_0001";"NE_0001";"NE_0001";"NE_0001";"NE_0001";"NE_0001"
"2023";"12";"110401";"ICA";"PALPA";"PALPA";"ESSALUD";"I-3";"00010483";"PALPA";"NE_0001";"";"NE_0001";"NE_0001";"NE_0001";"NE_0001";"NE_0001";"NE_0001";"NE_0001"
"2023";"12";"150108";"LIMA";"LIMA";"CHORRILLOS";"PRIVADO";"II-2";"00010251";"CLINICA MAISON DE SANTE DEL SUR";"240000";"HOSPITALIZACIÓN";"98";"102";"541";"355";"20";"620";"0"
"2023";"12";"150108";"LIMA";"LIMA";"CHORRILLOS";"PRIVADO";"II-2";"00010251";"CLINICA MAISON DE SANTE DEL SUR";"241400";"HOSPITALIZACIÓN QUIRÚRGICA GINECO - OBSTETRICIA ";"8";"8";"15";"44";"7";"217";"0"
"2023";"12";"150108";"LIMA";"LIMA";"CHORRILLOS";"PRIVADO";"II-2";"00010251";"CLINICA MAISON DE SANTE DEL SUR";"250100";"UNIDAD DE CUIDADOS CRITICOS UNIDAD  DE CUIDADOS INTENSIVOS GENERALES (UCI) ";"8";"6";"51";"135";"6";"186";"0"
"2023";"12";"140101";"LAMBAYEQUE";"CHICLAYO";"CHICLAYO";"GOBIERNO REGIONAL";"III-1";"00011470";"HOSPITAL REGIONAL LAMBAYEQUE";"240000";"HOSPITALIZACIÓN";"506";"404";"1161";"2610";"101";"3131";"7"
"2023";"12";"140101";"LAMBAYEQUE";"CHICLAYO";"CHICLAYO";"GOBIERNO REGIONAL";"III-1";"00011470";"HOSPITAL REGIONAL LAMBAYEQUE";"242300";"HOSPITALIZACIÓN DE PEDIATRÍA  PEDIATRÍA  GENERAL ";"86";"86";"413";"523";"24";"744";"2"
"2023";"12";"140101";"LAMBAYEQUE";"CHICLAYO";"CHICLAYO";"GOBIERNO REGIONAL";"III-1";"00011470";"HOSPITAL REGIONAL LAMBAYEQUE";"243200";"HOSPITALIZACIÓN DE PEDIATRÍA PEDIATRIA NEONATOLOGÍA";"69";"35";"165";"649";"24";"744";"2"
"2023";"12";"140101";"LAMBAYEQUE";"CHICLAYO";"CHICLAYO";"GOBIERNO REGIONAL";"III-1";"00011470";"HOSPITAL REGIONAL LAMBAYEQUE";"250100";"UNIDAD DE CUIDADOS CRITICOS UNIDAD  DE CUIDADOS INTENSIVOS GENERALES (UCI) ";"12";"1";"0";"244";"8";"248";"1"
"2023";"12";"140101";"LAMBAYEQUE";"CHICLAYO";"CHICLAYO";"GOBIERNO REGIONAL";"III-1";"00011470";"HOSPITAL REGIONAL LAMBAYEQUE";"250200";"UNIDAD DE CUIDADOS CRITICOS UNIDAD DE CUIDADOS INTERMEDIOS GENERAL  (UCIN) ";"16";"4";"104";"295";"10";"310";"3"
"2023";"12";"140101";"LAMBAYEQUE";"CHICLAYO";"CHICLAYO";"GOBIERNO REGIONAL";"III-1";"00011470";"HOSPITAL REGIONAL LAMBAYEQUE";"250105";"UNIDAD DE CUIDADOS CRITICOS UNIDAD  DE CUIDADOS INTENSIVOS  (UCI) NEONATOLOGÍA";"14";"2";"33";"199";"7";"217";"2"
"2023";"12";"140101";"LAMBAYEQUE";"CHICLAYO";"CHICLAYO";"GOBIERNO REGIONAL";"III-1";"00011470";"HOSPITAL REGIONAL LAMBAYEQUE";"250108";"UNIDAD DE CUIDADOS CRITICOS UNIDAD  DE CUIDADOS INTENSIVOS  (UCI) PEDIÁTRICA";"9";"1";"9";"100";"4";"124";"1"
"2023";"12";"220913";"SAN MARTIN";"SAN MARTIN";"SAUCE";"GOBIERNO REGIONAL";"I-3";"00006380";"SAUCE";"241600";"HOSPITALIZACIÓN QUIRÚRGICA OBSTETRICIA   ";"2";"2";"2";"2";"2";"62";"0"
"2023";"12";"100105";"HUANUCO";"HUANUCO";"MARGOS";"GOBIERNO REGIONAL";"I-3";"00000797";"MARGOS";"NE_0001";"";"NE_0001";"NE_0001";"NE_0001";"NE_0001";"NE_0001";"NE_0001";"NE_0001"
"2023";"12";"100105";"HUANUCO";"HUANUCO";"MARGOS";"GOBIERNO REGIONAL";"I-1";"00000798";"JESUS DE NAZARETH DE COCHAS";"NE_0001";"";"NE_0001";"NE_0001";"NE_0001";"NE_0001";"NE_0001";"NE_0001";"NE_0001"
"2023";"12";"150142";"LIMA";"LIMA";"VILLA EL SALVADOR";"MINSA";"II-2";"00023159";"HOSPITAL DE EMERGENCIAS VILLA EL SALVADOR";"241800";"HOSPITALIZACIÓN DE MEDICINA MEDICINA GENERAL ";"179";"152";"1785";"1572";"52";"1612";"12"
"2023";"12";"150142";"LIMA";"LIMA";"VILLA EL SALVADOR";"MINSA";"II-2";"00023159";"HOSPITAL DE EMERGENCIAS VILLA EL SALVADOR";"241700";"HOSPITALIZACIÓN QUIRÚRGICA GINECOLOGÍA   GINECOLOGIA ONCOLOGiCA";"29";"19";"58";"55";"3";"93";"0"
"2023";"12";"150142";"LIMA";"LIMA";"VILLA EL SALVADOR";"MINSA";"II-2";"00023159";"HOSPITAL DE EMERGENCIAS VILLA EL SALVADOR";"241600";"HOSPITALIZACIÓN QUIRÚRGICA OBSTETRICIA   ";"461";"410";"836";"758";"42";"1302";"0"
"2023";"12";"150142";"LIMA";"LIMA";"VILLA EL SALVADOR";"MINSA";"II-2";"00023159";"HOSPITAL DE EMERGENCIAS VILLA EL SALVADOR";"242500";"HOSPITALIZACIÓN-PEDIATRÍA GENERAL-";"208";"195";"976";"686";"32";"992";"0"
"2023";"12";"150142";"LIMA";"LIMA";"VILLA EL SALVADOR";"MINSA";"II-2";"00023159";"HOSPITAL DE EMERGENCIAS VILLA EL SALVADOR";"240100";"HOSPITALIZACIÓN QUIRÚRGICA CIRUGÍA GENERAL ";"284";"233";"2049";"1583";"54";"1674";"0"
"2023";"12";"150142";"LIMA";"LIMA";"VILLA EL SALVADOR";"MINSA";"II-2";"00023159";"HOSPITAL DE EMERGENCIAS VILLA EL SALVADOR";"241500";"HOSPITALIZACIÓN QUIRÚRGICA GINECOLOGÍA  ";"136";"101";"271";"227";"9";"279";"0"
"2023";"12";"150142";"LIMA";"LIMA";"VILLA EL SALVADOR";"MINSA";"II-2";"00023159";"HOSPITAL DE EMERGENCIAS VILLA EL SALVADOR";"241000";"HOSPITALIZACIÓN QUIRÚRGICA ONCOLOGÍA QUIRÚRGICA  ";"29";"12";"69";"87";"3";"93";"0"
"2023";"12";"150142";"LIMA";"LIMA";"VILLA EL SALVADOR";"MINSA";"II-2";"00023159";"HOSPITAL DE EMERGENCIAS VILLA EL SALVADOR";"250100";"UNIDAD DE CUIDADOS CRITICOS UNIDAD  DE CUIDADOS INTENSIVOS GENERALES (UCI) ";"72";"11";"464";"538";"18";"558";"10"
"2023";"12";"150142";"LIMA";"LIMA";"VILLA EL SALVADOR";"MINSA";"II-2";"00023159";"HOSPITAL DE EMERGENCIAS VILLA EL SALVADOR";"250200";"UNIDAD DE CUIDADOS CRITICOS UNIDAD DE CUIDADOS INTERMEDIOS GENERAL  (UCIN) ";"70";"3";"209";"208";"8";"248";"0"
"2023";"12";"150142";"LIMA";"LIMA";"VILLA EL SALVADOR";"MINSA";"II-2";"00023159";"HOSPITAL DE EMERGENCIAS VILLA EL SALVADOR";"250108";"UNIDAD DE CUIDADOS CRITICOS UNIDAD  DE CUIDADOS INTENSIVOS  (UCI) PEDIÁTRICA";"17";"2";"92";"104";"6";"186";"1"
"2023";"12";"150142";"LIMA";"LIMA";"VILLA EL SALVADOR";"MINSA";"II-2";"00023159";"HOSPITAL DE EMERGENCIAS VILLA EL SALVADOR";"250202";"UNIDAD DE CUIDADOS CRITICOS UNIDAD DE CUIDADOS INTERMEDIOS  (UCIN) PEDIÁTRICOS";"19";"2";"82";"121";"5";"155";"0"
"2023";"12";"150142";"LIMA";"LIMA";"VILLA EL SALVADOR";"MINSA";"II-2";"00023159";"HOSPITAL DE EMERGENCIAS VILLA EL SALVADOR";"250105";"UNIDAD DE CUIDADOS CRITICOS UNIDAD  DE CUIDADOS INTENSIVOS  (UCI) NEONATOLOGÍA";"20";"3";"226";"215";"8";"248";"2"
"2023";"12";"150142";"LIMA";"LIMA";"VILLA EL SALVADOR";"MINSA";"II-2";"00023159";"HOSPITAL DE EMERGENCIAS VILLA EL SALVADOR";"250201";"UNIDAD DE CUIDADOS CRITICOS UNIDAD DE CUIDADOS INTERMEDIOS  (UCIN) NEONATAL";"109";"65";"438";"402";"16";"496";"0"
"2023";"12";"100105";"HUANUCO";"HUANUCO";"MARGOS";"GOBIERNO REGIONAL";"I-1";"00000799";"SAN FRANCISCO DE LLAMAPASHILLUM";"NE_0001";"";"NE_0001";"NE_0001";"NE_0001";"NE_0001";"NE_0001";"NE_0001";"NE_0001"
"2023";"12";"100105";"HUANUCO";"HUANUCO";"MARGOS";"GOBIERNO REGIONAL";"I-1";"00000800";"PACAYHUA";"NE_0001";"";"NE_0001";"NE_0001";"NE_0001";"NE_0001";"NE_0001";"NE_0001";"NE_0001"
"2023";"06";"100501";"HUANUCO";"HUAMALIES";"LLATA";"GOBIERNO REGIONAL";"I-2";"00000891";"ISHANCA";"NE_0001";"";"NE_0001";"NE_0001";"NE_0001";"NE_0001";"NE_0001";"NE_0001";"NE_0001"
"2023";"06";"100501";"HUANUCO";"HUAMALIES";"LLATA";"GOBIERNO REGIONAL";"I-2";"00000890";"LIBERTAD";"NE_0001";"";"NE_0001";"NE_0001";"NE_0001";"NE_0001";"NE_0001";"NE_0001";"NE_0001"
"2023";"06";"100501";"HUANUCO";"HUAMALIES";"LLATA";"GOBIERNO REGIONAL";"I-2";"00000889";"EL PORVENIR";"NE_0001";"";"NE_0001";"NE_0001";"NE_0001";"NE_0001";"NE_0001";"NE_0001";"NE_0001"
"2023";"06";"100501";"HUANUCO";"HUAMALIES";"LLATA";"GOBIERNO REGIONAL";"I-2";"00000888";"PAMPAS DEL CARMEN";"NE_0001";"";"NE_0001";"NE_0001";"NE_0001";"NE_0001";"NE_0001";"NE_0001";"NE_0001"
"2023";"12";"021801";"ANCASH";"SANTA";"CHIMBOTE";"PRIVADO";"II-1";"00016552";"CLINICA ROBLES S.A.C.";"240100";"HOSPITALIZACIÓN QUIRÚRGICA CIRUGÍA GENERAL ";"29";"28";"24";"49";"17";"527";"0"
"2023";"12";"021801";"ANCASH";"SANTA";"CHIMBOTE";"PRIVADO";"II-1";"00016552";"CLINICA ROBLES S.A.C.";"241400";"HOSPITALIZACIÓN QUIRÚRGICA GINECO - OBSTETRICIA ";"27";"17";"25";"143";"10";"303";"0"
"2023";"12";"110207";"ICA";"CHINCHA";"PUEBLO NUEVO";"SANIDAD DE LA POLICIA NACIONAL DEL PERU";"I-3";"00011398";"POLICLINICO POLICIAL CHINCHA";"NE_0001";"";"NE_0001";"NE_0001";"NE_0001";"NE_0001";"NE_0001";"NE_0001";"NE_0001"
"2023";"12";"050101";"AYACUCHO";"HUAMANGA";"AYACUCHO";"GOBIERNO REGIONAL";"II-2";"00003543";"HOSPITAL REGIONAL DE AYACUCHO ""MIGUEL ANGEL MARISCAL LLERENA""";"241800";"HOSPITALIZACIÓN DE MEDICINA MEDICINA GENERAL ";"190";"142";"1598";"1019";"46";"1379";"6"
"2023";"12";"120415";"JUNIN";"JAUJA";"MARCO";"GOBIERNO REGIONAL";"I-2";"00000385";"MARCO";"NE_0001";"";"NE_0001";"NE_0001";"NE_0001";"NE_0001";"NE_0001";"NE_0001";"NE_0001"
"2023";"12";"120426";"JUNIN";"JAUJA";"POMACANCHA";"GOBIERNO REGIONAL";"I-1";"00000389";"ARMONIA";"NE_0001";"";"NE_0001";"NE_0001";"NE_0001";"NE_0001";"NE_0001";"NE_0001";"NE_0001"
"2023";"12";"120432";"JUNIN";"JAUJA";"TUNAN MARCA";"GOBIERNO REGIONAL";"I-1";"00000391";"TUNANMARCA";"NE_0001";"";"NE_0001";"NE_0001";"NE_0001";"NE_0001";"NE_0001";"NE_0001";"NE_0001"
"2023";"12";"120402";"JUNIN";"JAUJA";"ACOLLA";"GOBIERNO REGIONAL";"I-2";"00000383";"PACHASCUCHO";"NE_0001";"";"NE_0001";"NE_0001";"NE_0001";"NE_0001";"NE_0001";"NE_0001";"NE_0001"
"2023";"12";"120426";"JUNIN";"JAUJA";"POMACANCHA";"GOBIERNO REGIONAL";"I-1";"00000390";"CASABLANCA";"NE_0001";"";"NE_0001";"NE_0001";"NE_0001";"NE_0001";"NE_0001";"NE_0001";"NE_0001"
"2023";"12";"120402";"JUNIN";"JAUJA";"ACOLLA";"GOBIERNO REGIONAL";"I-1";"00000381";"SACAS";"NE_0001";"";"NE_0001";"NE_0001";"NE_0001";"NE_0001";"NE_0001";"NE_0001";"NE_0001"
"2023";"12";"120402";"JUNIN";"JAUJA";"ACOLLA";"GOBIERNO REGIONAL";"I-2";"00000384";"TINGO PACCHA";"NE_0001";"";"NE_0001";"NE_0001";"NE_0001";"NE_0001";"NE_0001";"NE_0001";"NE_0001"
"2023";"12";"120402";"JUNIN";"JAUJA";"ACOLLA";"GOBIERNO REGIONAL";"I-3";"00000379";"ACOLLA";"NE_0001";"";"NE_0001";"NE_0001";"NE_0001";"NE_0001";"NE_0001";"NE_0001";"NE_0001"
"2023";"12";"120402";"JUNIN";"JAUJA";"ACOLLA";"GOBIERNO REGIONAL";"I-2";"00000380";"EL TINGO";"NE_0001";"";"NE_0001";"NE_0001";"NE_0001";"NE_0001";"NE_0001";"NE_0001";"NE_0001"
"2023";"12";"120402";"JUNIN";"JAUJA";"ACOLLA";"GOBIERNO REGIONAL";"I-2";"00000382";"YANAMARCA";"NE_0001";"";"NE_0001";"NE_0001";"NE_0001";"NE_0001";"NE_0001";"NE_0001";"NE_0001"
"2023";"12";"120402";"JUNIN";"JAUJA";"ACOLLA";"GOBIERNO REGIONAL";"I-1";"00006874";"CHUQUISHUARI";"NE_0001";"";"NE_0001";"NE_0001";"NE_0001";"NE_0001";"NE_0001";"NE_0001";"NE_0001"
"2023";"12";"150122";"LIMA";"LIMA";"MIRAFLORES";"PRIVADO";"II-E";"00014361";"INSTITUTO DEL CEREBRO Y LA COLUMNA VERTEBRAL";"240000";"HOSPITALIZACIÓN";"51";"51";"87";"51";"8";"248";"0"
"2023";"12";"150131";"LIMA";"LIMA";"SAN ISIDRO";"PRIVADO";"II-E";"00009933";"CLINICA OFTALMOLOGICA MACULA D&T";"NE_0001";"";"NE_0001";"NE_0001";"NE_0001";"NE_0001";"NE_0001";"NE_0001";"NE_0001"
"2023";"12";"050101";"AYACUCHO";"HUAMANGA";"AYACUCHO";"GOBIERNO REGIONAL";"II-2";"00003543";"HOSPITAL REGIONAL DE AYACUCHO ""MIGUEL ANGEL MARISCAL LLERENA""";"242200";"HOSPITALIZACIÓN DE MEDICINA PSIQUIATRÍA ";"13";"7";"182";"171";"4";"171";"0"
"2023";"12";"050101";"AYACUCHO";"HUAMANGA";"AYACUCHO";"GOBIERNO REGIONAL";"II-2";"00003543";"HOSPITAL REGIONAL DE AYACUCHO ""MIGUEL ANGEL MARISCAL LLERENA""";"250304";"HOSPIT. EN UNIDAD DE CUID.INTEN.-UNIDAD DE VIGILANCIA INTENSIVA (UVI)-MEDICINA";"46";"13";"140";"220";"8";"248";"12"
"2023";"12";"050101";"AYACUCHO";"HUAMANGA";"AYACUCHO";"GOBIERNO REGIONAL";"II-2";"00003543";"HOSPITAL REGIONAL DE AYACUCHO ""MIGUEL ANGEL MARISCAL LLERENA""";"240100";"HOSPITALIZACIÓN QUIRÚRGICA CIRUGÍA GENERAL ";"137";"121";"656";"552";"26";"804";"0"
"2023";"12";"050101";"AYACUCHO";"HUAMANGA";"AYACUCHO";"GOBIERNO REGIONAL";"II-2";"00003543";"HOSPITAL REGIONAL DE AYACUCHO ""MIGUEL ANGEL MARISCAL LLERENA""";"241200";"HOSPITALIZACIÓN QUIRÚRGICA TRAUMATOLOGÍA Y ORTOPEDIA ";"123";"113";"788";"586";"24";"759";"0"
"2023";"12";"050101";"AYACUCHO";"HUAMANGA";"AYACUCHO";"GOBIERNO REGIONAL";"II-2";"00003543";"HOSPITAL REGIONAL DE AYACUCHO ""MIGUEL ANGEL MARISCAL LLERENA""";"242500";"HOSPITALIZACIÓN-PEDIATRÍA GENERAL-";"127";"107";"650";"568";"28";"833";"0"
"2023";"12";"050101";"AYACUCHO";"HUAMANGA";"AYACUCHO";"GOBIERNO REGIONAL";"II-2";"00003543";"HOSPITAL REGIONAL DE AYACUCHO ""MIGUEL ANGEL MARISCAL LLERENA""";"240700";"HOSPITALIZACIÓN QUIRÚRGICA CIRUGÍA PEDIÁTRICA ";"51";"46";"218";"182";"8";"244";"0"
"2023";"12";"050101";"AYACUCHO";"HUAMANGA";"AYACUCHO";"GOBIERNO REGIONAL";"II-2";"00003543";"HOSPITAL REGIONAL DE AYACUCHO ""MIGUEL ANGEL MARISCAL LLERENA""";"250108";"UNIDAD DE CUIDADOS CRITICOS UNIDAD  DE CUIDADOS INTENSIVOS  (UCI) PEDIÁTRICA";"27";"3";"18";"90";"8";"248";"0"
"2023";"12";"050101";"AYACUCHO";"HUAMANGA";"AYACUCHO";"GOBIERNO REGIONAL";"II-2";"00003543";"HOSPITAL REGIONAL DE AYACUCHO ""MIGUEL ANGEL MARISCAL LLERENA""";"250105";"UNIDAD DE CUIDADOS CRITICOS UNIDAD  DE CUIDADOS INTENSIVOS  (UCI) NEONATOLOGÍA";"66";"6";"92";"516";"24";"744";"2"
"2023";"12";"050101";"AYACUCHO";"HUAMANGA";"AYACUCHO";"GOBIERNO REGIONAL";"II-2";"00003543";"HOSPITAL REGIONAL DE AYACUCHO ""MIGUEL ANGEL MARISCAL LLERENA""";"250305";"HOSPIT. EN UNIDAD DE CUID.INTEN.-UNIDAD DE VIGILANCIA INTENSIVA (UVI)-NEONATOLOGÍA";"66";"50";"613";"286";"20";"585";"0"
"2023";"12";"050101";"AYACUCHO";"HUAMANGA";"AYACUCHO";"GOBIERNO REGIONAL";"II-2";"00003543";"HOSPITAL REGIONAL DE AYACUCHO ""MIGUEL ANGEL MARISCAL LLERENA""";"243200";"HOSPITALIZACIÓN DE PEDIATRÍA PEDIATRIA NEONATOLOGÍA";"39";"32";"247";"233";"7";"256";"0"
"2023";"12";"050101";"AYACUCHO";"HUAMANGA";"AYACUCHO";"GOBIERNO REGIONAL";"II-2";"00003543";"HOSPITAL REGIONAL DE AYACUCHO ""MIGUEL ANGEL MARISCAL LLERENA""";"241400";"HOSPITALIZACIÓN QUIRÚRGICA GINECO - OBSTETRICIA ";"496";"364";"1418";"1031";"54";"1674";"0"
"2023";"12";"050101";"AYACUCHO";"HUAMANGA";"AYACUCHO";"GOBIERNO REGIONAL";"II-2";"00003543";"HOSPITAL REGIONAL DE AYACUCHO ""MIGUEL ANGEL MARISCAL LLERENA""";"250302";"HOSPIT. EN UNIDAD DE CUID.INTEN.-UNIDAD DE VIGILANCIA INTENSIVA (UVI)-GINECO-OBSTETRICIA";"32";"2";"7";"75";"4";"124";"0"
"2023";"12";"050101";"AYACUCHO";"HUAMANGA";"AYACUCHO";"GOBIERNO REGIONAL";"II-2";"00003543";"HOSPITAL REGIONAL DE AYACUCHO ""MIGUEL ANGEL MARISCAL LLERENA""";"250100";"UNIDAD DE CUIDADOS CRITICOS UNIDAD  DE CUIDADOS INTENSIVOS GENERALES (UCI) ";"45";"12";"132";"274";"12";"372";"11"
"2023";"12";"150130";"LIMA";"LIMA";"SAN BORJA";"PRIVADO";"II-E";"00011547";"CLINICA CONTINENTAL";"NE_0002";"";"NE_0002";"NE_0002";"NE_0002";"NE_0002";"NE_0002";"NE_0002";"NE_0002"
"2023";"12";"180106";"MOQUEGUA";"MARISCAL NIETO";"TORATA";"PRIVADO";"II-1";"00017393";"HOSPITAL CUAJONE DE LA SOUTHERN PERU";"240100";"HOSPITALIZACIÓN QUIRÚRGICA CIRUGÍA GENERAL ";"9";"11";"32";"39";"14";"434";"0"
"2023";"12";"180106";"MOQUEGUA";"MARISCAL NIETO";"TORATA";"PRIVADO";"II-1";"00017393";"HOSPITAL CUAJONE DE LA SOUTHERN PERU";"241400";"HOSPITALIZACIÓN QUIRÚRGICA GINECO - OBSTETRICIA ";"2";"2";"5";"2";"3";"93";"0"
"2023";"12";"180106";"MOQUEGUA";"MARISCAL NIETO";"TORATA";"PRIVADO";"II-1";"00017393";"HOSPITAL CUAJONE DE LA SOUTHERN PERU";"241800";"HOSPITALIZACIÓN DE MEDICINA MEDICINA GENERAL ";"17";"24";"65";"140";"16";"496";"0"
"2023";"12";"180106";"MOQUEGUA";"MARISCAL NIETO";"TORATA";"PRIVADO";"II-1";"00017393";"HOSPITAL CUAJONE DE LA SOUTHERN PERU";"242500";"HOSPITALIZACIÓN-PEDIATRÍA GENERAL-";"2";"2";"4";"2";"17";"527";"0"
"2023";"12";"230101";"TACNA";"TACNA";"TACNA";"ESSALUD";"I-2";"00010228";"CENTRO DE ATENCION PRIMARIA II  OSCAR FERNANDEZ DAVILA VÉLEZ";"NE_0001";"";"NE_0001";"NE_0001";"NE_0001";"NE_0001";"NE_0001";"NE_0001";"NE_0001"
"2023";"12";"130101";"LA LIBERTAD";"TRUJILLO";"TRUJILLO";"PRIVADO";"II-E";"00021508";"SMQ QUIRUMEDIC SAC";"240000";"HOSPITALIZACIÓN";"195";"193";"193";"193";"15";"390";"0"
"2023";"12";"150122";"LIMA";"LIMA";"MIRAFLORES";"PRIVADO";"II-E";"00011750";"CLINICA LOS ANDES SAC";"240000";"HOSPITALIZACIÓN";"66";"64";"124";"135";"15";"465";"0"
"2023";"05";"021508";"ANCASH";"PALLASCA";"PALLASCA";"ESSALUD";"I-2";"00009925";"POSTA MEDICA PALLASCA";"NE_0001";"";"NE_0001";"NE_0001";"NE_0001";"NE_0001";"NE_0001";"NE_0001";"NE_0001"
"2023";"12";"080902";"CUSCO";"LA CONVENCION";"ECHARATE";"GOBIERNO REGIONAL";"I-1";"00002450";"SAN ANTONIO";"NE_0001";"";"NE_0001";"NE_0001";"NE_0001";"NE_0001";"NE_0001";"NE_0001";"NE_0001"
"2023";"12";"080902";"CUSCO";"LA CONVENCION";"ECHARATE";"GOBIERNO REGIONAL";"I-2";"00002429";"CIRIALO";"NE_0001";"";"NE_0001";"NE_0001";"NE_0001";"NE_0001";"NE_0001";"NE_0001";"NE_0001"
"2023";"12";"080902";"CUSCO";"LA CONVENCION";"ECHARATE";"GOBIERNO REGIONAL";"I-2";"00002433";"KORIBENI";"NE_0001";"";"NE_0001";"NE_0001";"NE_0001";"NE_0001";"NE_0001";"NE_0001";"NE_0001"
"2023";"12";"080902";"CUSCO";"LA CONVENCION";"ECHARATE";"GOBIERNO REGIONAL";"I-4";"00002439";"PALMA REAL";"NE_0001";"";"NE_0001";"NE_0001";"NE_0001";"NE_0001";"NE_0001";"NE_0001";"NE_0001"
"2023";"12";"080902";"CUSCO";"LA CONVENCION";"ECHARATE";"GOBIERNO REGIONAL";"I-1";"00002449";"ICHIQUIATO";"NE_0001";"";"NE_0001";"NE_0001";"NE_0001";"NE_0001";"NE_0001";"NE_0001";"NE_0001"
"2023";"06";"100101";"HUANUCO";"HUANUCO";"HUANUCO";"PRIVADO";"II-E";"00018192";"CLINICA DE OJOS SANTOS S.R.L";"NE_0001";"";"NE_0001";"NE_0001";"NE_0001";"NE_0001";"NE_0001";"NE_0001";"NE_0001"
"2023";"11";"080107";"CUSCO";"CUSCO";"SAYLLA";"GOBIERNO REGIONAL";"I-2";"00002314";"SAYLLA";"NE_0002";"";"NE_0002";"NE_0002";"NE_0002";"NE_0002";"NE_0002";"NE_0002";"NE_0002"
"2023";"11";"080104";"CUSCO";"CUSCO";"SAN JERONIMO";"GOBIERNO REGIONAL";"I-4";"00002300";"SAN JERONIMO";"NE_0002";"";"NE_0002";"NE_0002";"NE_0002";"NE_0002";"NE_0002";"NE_0002";"NE_0002"
"2023";"11";"080206";"CUSCO";"ACOMAYO";"RONDOCAN";"GOBIERNO REGIONAL";"I-3";"00002323";"RONDOCAN";"NE_0002";"";"NE_0002";"NE_0002";"NE_0002";"NE_0002";"NE_0002";"NE_0002";"NE_0002"
"2023";"11";"080105";"CUSCO";"CUSCO";"SAN SEBASTIAN";"GOBIERNO REGIONAL";"I-3";"00002301";"SAN SEBASTIAN";"NE_0002";"";"NE_0002";"NE_0002";"NE_0002";"NE_0002";"NE_0002";"NE_0002";"NE_0002"
"2023";"11";"080104";"CUSCO";"CUSCO";"SAN JERONIMO";"GOBIERNO REGIONAL";"I-1";"00007699";"CONCHACALLE";"NE_0002";"";"NE_0002";"NE_0002";"NE_0002";"NE_0002";"NE_0002";"NE_0002";"NE_0002"
"2023";"11";"080105";"CUSCO";"CUSCO";"SAN SEBASTIAN";"GOBIERNO REGIONAL";"I-3";"00002303";"SANTA ROSA";"NE_0002";"";"NE_0002";"NE_0002";"NE_0002";"NE_0002";"NE_0002";"NE_0002";"NE_0002"
"2023";"12";"150135";"LIMA";"LIMA";"SAN MARTIN DE PORRES";"SANIDAD DE LA POLICIA NACIONAL DEL PERU";"I-2";"00012739";"POLICLINICO POLICIAL SAN DIEGO";"NE_0001";"";"NE_0001";"NE_0001";"NE_0001";"NE_0001";"NE_0001";"NE_0001";"NE_0001"
"2023";"08";"040101";"AREQUIPA";"AREQUIPA";"AREQUIPA";"PRIVADO";"II-E";"00032002";"OFTALMOSALUD AREQUIPA  S.A.C.";"NE_0001";"";"NE_0001";"NE_0001";"NE_0001";"NE_0001";"NE_0001";"NE_0001";"NE_0001"
"2023";"11";"060101";"CAJAMARCA";"CAJAMARCA";"CAJAMARCA";"PRIVADO";"0";"00029780";"LABORATORIO EL INGENIO";"NE_0001";"";"NE_0001";"NE_0001";"NE_0001";"NE_0001";"NE_0001";"NE_0001";"NE_0001"
"2023";"12";"150119";"LIMA";"LIMA";"LURIN";"ESSALUD";"I-3";"00009979";"CENTRO DE ATENCION PRIMARIA II LURIN";"NE_0001";"";"NE_0001";"NE_0001";"NE_0001";"NE_0001";"NE_0001";"NE_0001";"NE_0001"
"2023";"12";"060605";"CAJAMARCA";"CUTERVO";"LA RAMADA";"GOBIERNO REGIONAL";"I-3";"00005027";"LA RAMADA";"NE_0001";"";"NE_0001";"NE_0001";"NE_0001";"NE_0001";"NE_0001";"NE_0001";"NE_0001"
"2023";"12";"060609";"CAJAMARCA";"CUTERVO";"SAN JUAN DE CUTERVO";"GOBIERNO REGIONAL";"I-1";"00005030";"MUSUNGATE";"NE_0001";"";"NE_0001";"NE_0001";"NE_0001";"NE_0001";"NE_0001";"NE_0001";"NE_0001"
"2023";"12";"060605";"CAJAMARCA";"CUTERVO";"LA RAMADA";"GOBIERNO REGIONAL";"I-1";"00006949";"LOS PUENTES";"NE_0001";"";"NE_0001";"NE_0001";"NE_0001";"NE_0001";"NE_0001";"NE_0001";"NE_0001"
"2023";"12";"060605";"CAJAMARCA";"CUTERVO";"LA RAMADA";"GOBIERNO REGIONAL";"I-1";"00007049";"SURO CHICO";"NE_0001";"";"NE_0001";"NE_0001";"NE_0001";"NE_0001";"NE_0001";"NE_0001";"NE_0001"
"2023";"12";"060605";"CAJAMARCA";"CUTERVO";"LA RAMADA";"GOBIERNO REGIONAL";"I-1";"00007180";"TAMBILLO DE LA RAMADA";"NE_0001";"";"NE_0001";"NE_0001";"NE_0001";"NE_0001";"NE_0001";"NE_0001";"NE_0001"
"2023";"12";"060609";"CAJAMARCA";"CUTERVO";"SAN JUAN DE CUTERVO";"GOBIERNO REGIONAL";"I-1";"00005031";"SANTA CRUZ DE LA SUCCHA";"NE_0001";"";"NE_0001";"NE_0001";"NE_0001";"NE_0001";"NE_0001";"NE_0001";"NE_0001"
"2023";"12";"060605";"CAJAMARCA";"CUTERVO";"LA RAMADA";"GOBIERNO REGIONAL";"I-1";"00008923";"CARHUALLO";"NE_0001";"";"NE_0001";"NE_0001";"NE_0001";"NE_0001";"NE_0001";"NE_0001";"NE_0001"
"2023";"12";"120709";"JUNIN";"TARMA";"TAPO";"GOBIERNO REGIONAL";"I-1";"00000581";"QUETA";"NE_0001";"";"NE_0001";"NE_0001";"NE_0001";"NE_0001";"NE_0001";"NE_0001";"NE_0001"
"2023";"12";"120709";"JUNIN";"TARMA";"TAPO";"GOBIERNO REGIONAL";"I-1";"00000578";"YURACMAYO";"NE_0001";"";"NE_0001";"NE_0001";"NE_0001";"NE_0001";"NE_0001";"NE_0001";"NE_0001"
"2023";"12";"120709";"JUNIN";"TARMA";"TAPO";"GOBIERNO REGIONAL";"I-1";"00000579";"MACO";"NE_0001";"";"NE_0001";"NE_0001";"NE_0001";"NE_0001";"NE_0001";"NE_0001";"NE_0001"
"2023";"12";"120709";"JUNIN";"TARMA";"TAPO";"GOBIERNO REGIONAL";"I-2";"00000577";"TAPO";"NE_0001";"";"NE_0001";"NE_0001";"NE_0001";"NE_0001";"NE_0001";"NE_0001";"NE_0001"
"2023";"12";"120709";"JUNIN";"TARMA";"TAPO";"GOBIERNO REGIONAL";"I-1";"00000580";"CASACOTO - SAN ANTONIO";"NE_0001";"";"NE_0001";"NE_0001";"NE_0001";"NE_0001";"NE_0001";"NE_0001";"NE_0001"
"2023";"12";"120709";"JUNIN";"TARMA";"TAPO";"GOBIERNO REGIONAL";"I-1";"00000582";"PACCHAC";"NE_0001";"";"NE_0001";"NE_0001";"NE_0001";"NE_0001";"NE_0001";"NE_0001";"NE_0001"
"2023";"12";"160601";"LORETO";"UCAYALI";"CONTAMANA";"ESSALUD";"I-3";"00010843";"POSTA MEDICA ESSALUD CONTAMANA";"NE_0001";"";"NE_0001";"NE_0001";"NE_0001";"NE_0001";"NE_0001";"NE_0001";"NE_0001"
"2023";"12";"150131";"LIMA";"LIMA";"SAN ISIDRO";"PRIVADO";"I-4";"00008389";"IPOR: INSTITUTO PERUANO DE ONCOLOGIA & RADIOTERAPIA";"NE_0001";"";"NE_0001";"NE_0001";"NE_0001";"NE_0001";"NE_0001";"NE_0001";"NE_0001"
"2023";"12";"070102";"CALLAO";"CALLAO";"BELLAVISTA";"GOBIERNO REGIONAL";"III-1";"00006218";"NAC. DANIEL A. CARRION";"241900";"HOSPITALIZACIÓN DE MEDICINA MEDICINA INTERNA ";"191";"283";"4149";"3525";"131";"4065";"27"
"2023";"12";"070102";"CALLAO";"CALLAO";"BELLAVISTA";"GOBIERNO REGIONAL";"III-1";"00006218";"NAC. DANIEL A. CARRION";"245300";"HOSPITALIZACIÓN DE MEDICINA NEUMOLOGÍA  ";"6";"9";"567";"244";"13";"411";"1"
"2023";"12";"070102";"CALLAO";"CALLAO";"BELLAVISTA";"GOBIERNO REGIONAL";"III-1";"00006218";"NAC. DANIEL A. CARRION";"240100";"HOSPITALIZACIÓN QUIRÚRGICA CIRUGÍA GENERAL ";"159";"172";"1199";"1249";"59";"1819";"7"
"2023";"12";"070102";"CALLAO";"CALLAO";"BELLAVISTA";"GOBIERNO REGIONAL";"III-1";"00006218";"NAC. DANIEL A. CARRION";"241200";"HOSPITALIZACIÓN QUIRÚRGICA TRAUMATOLOGÍA Y ORTOPEDIA ";"29";"38";"962";"738";"32";"988";"0"
"2023";"12";"070102";"CALLAO";"CALLAO";"BELLAVISTA";"GOBIERNO REGIONAL";"III-1";"00006218";"NAC. DANIEL A. CARRION";"240900";"HOSPITALIZACIÓN QUIRÚRGICA NEUROCIRUGÍA ";"34";"41";"955";"654";"26";"800";"1"
"2023";"12";"070102";"CALLAO";"CALLAO";"BELLAVISTA";"GOBIERNO REGIONAL";"III-1";"00006218";"NAC. DANIEL A. CARRION";"240700";"HOSPITALIZACIÓN QUIRÚRGICA CIRUGÍA PEDIÁTRICA ";"33";"36";"271";"171";"18";"558";"0"
"2023";"12";"070102";"CALLAO";"CALLAO";"BELLAVISTA";"GOBIERNO REGIONAL";"III-1";"00006218";"NAC. DANIEL A. CARRION";"250105";"UNIDAD DE CUIDADOS CRITICOS UNIDAD  DE CUIDADOS INTENSIVOS  (UCI) NEONATOLOGÍA";"25";"45";"547";"765";"37";"1147";"2"
"2023";"12";"070102";"CALLAO";"CALLAO";"BELLAVISTA";"GOBIERNO REGIONAL";"III-1";"00006218";"NAC. DANIEL A. CARRION";"242300";"HOSPITALIZACIÓN DE PEDIATRÍA  PEDIATRÍA  GENERAL ";"90";"103";"467";"436";"24";"744";"0"
"2023";"12";"070102";"CALLAO";"CALLAO";"BELLAVISTA";"GOBIERNO REGIONAL";"III-1";"00006218";"NAC. DANIEL A. CARRION";"241500";"HOSPITALIZACIÓN QUIRÚRGICA GINECOLOGÍA  ";"68";"104";"504";"428";"26";"806";"1"
"2023";"12";"070102";"CALLAO";"CALLAO";"BELLAVISTA";"GOBIERNO REGIONAL";"III-1";"00006218";"NAC. DANIEL A. CARRION";"241600";"HOSPITALIZACIÓN QUIRÚRGICA OBSTETRICIA   ";"4";"115";"333";"367";"12";"372";"0"
"2023";"12";"070102";"CALLAO";"CALLAO";"BELLAVISTA";"GOBIERNO REGIONAL";"III-1";"00006218";"NAC. DANIEL A. CARRION";"241400";"HOSPITALIZACIÓN QUIRÚRGICA GINECO - OBSTETRICIA ";"105";"37";"116";"176";"16";"496";"0"
"2023";"12";"070102";"CALLAO";"CALLAO";"BELLAVISTA";"GOBIERNO REGIONAL";"III-1";"00006218";"NAC. DANIEL A. CARRION";"250100";"UNIDAD DE CUIDADOS CRITICOS UNIDAD  DE CUIDADOS INTENSIVOS GENERALES (UCI) ";"6";"3";"79";"191";"6";"191";"2"
"2023";"12";"070102";"CALLAO";"CALLAO";"BELLAVISTA";"GOBIERNO REGIONAL";"III-1";"00006218";"NAC. DANIEL A. CARRION";"250200";"UNIDAD DE CUIDADOS CRITICOS UNIDAD DE CUIDADOS INTERMEDIOS GENERAL  (UCIN) ";"8";"6";"158";"247";"8";"248";"5"
"2023";"12";"070102";"CALLAO";"CALLAO";"BELLAVISTA";"GOBIERNO REGIONAL";"III-1";"00006218";"NAC. DANIEL A. CARRION";"242100";"HOSPITALIZACIÓN DE MEDICINA ONCOLOGÍA MÉDICA ";"46";"61";"574";"429";"20";"618";"2"
"2023";"12";"070102";"CALLAO";"CALLAO";"BELLAVISTA";"GOBIERNO REGIONAL";"III-1";"00006218";"NAC. DANIEL A. CARRION";"250108";"UNIDAD DE CUIDADOS CRITICOS UNIDAD  DE CUIDADOS INTENSIVOS  (UCI) PEDIÁTRICA";"9";"1";"5";"160";"6";"182";"1"
"2023";"01";"220901";"SAN MARTIN";"SAN MARTIN";"TARAPOTO";"PRIVADO";"II-E";"00026411";"CLINICA VIRGEN DE LAS MERCEDES";"240100";"HOSPITALIZACIÓN QUIRÚRGICA CIRUGÍA GENERAL ";"106";"101";"257";"273";"20";"2623";"0"
"2023";"01";"220901";"SAN MARTIN";"SAN MARTIN";"TARAPOTO";"PRIVADO";"II-E";"00026411";"CLINICA VIRGEN DE LAS MERCEDES";"241800";"HOSPITALIZACIÓN DE MEDICINA MEDICINA GENERAL ";"3";"6";"18";"3";"20";"30";"0"
"2023";"11";"160101";"LORETO";"MAYNAS";"IQUITOS";"SANIDAD DE LA FUERZA AEREA DEL PERU";"I-4";"00010605";"HOSPITAL REGIONAL DEL ORIENTE - FAP";"241800";"HOSPITALIZACIÓN DE MEDICINA MEDICINA GENERAL ";"3";"6";"419";"340";"20";"300";"0"
"2023";"12";"160113";"LORETO";"MAYNAS";"SAN JUAN BAUTISTA";"ESSALUD";"I-3";"00011386";"CAP II SAN JUAN BAUTISTA";"NE_0001";"";"NE_0001";"NE_0001";"NE_0001";"NE_0001";"NE_0001";"NE_0001";"NE_0001"
"2023";"06";"100501";"HUANUCO";"HUAMALIES";"LLATA";"GOBIERNO REGIONAL";"I-2";"00000891";"ISHANCA";"NE_0001";"";"NE_0001";"NE_0001";"NE_0001";"NE_0001";"NE_0001";"NE_0001";"NE_0001"
"2023";"06";"100501";"HUANUCO";"HUAMALIES";"LLATA";"GOBIERNO REGIONAL";"I-2";"00000889";"EL PORVENIR";"NE_0001";"";"NE_0001";"NE_0001";"NE_0001";"NE_0001";"NE_0001";"NE_0001";"NE_0001"
"2023";"06";"100501";"HUANUCO";"HUAMALIES";"LLATA";"GOBIERNO REGIONAL";"I-2";"00000888";"PAMPAS DEL CARMEN";"NE_0001";"";"NE_0001";"NE_0001";"NE_0001";"NE_0001";"NE_0001";"NE_0001";"NE_0001"
"2023";"12";"150101";"LIMA";"LIMA";"LIMA";"MINSA";"III-2";"00006209";"INSTITUTO NACIONAL DE CIENCIAS NEUROLOGICAS";"244800";"HOSPITALIZACIÓN DE MEDICINA-NEUROLOGIA -NEUROLOGIA DE LA CONDUCTA";"30";"30";"250";"234";"15";"465";"0"
"2023";"12";"150101";"LIMA";"LIMA";"LIMA";"MINSA";"III-2";"00006209";"INSTITUTO NACIONAL DE CIENCIAS NEUROLOGICAS";"245200";"HOSPITALIZACIÓN DE MEDICINA NEUROLOGIA  EPILEPSIA/EPILEPTOLOGIA";"32";"31";"211";"223";"9";"278";"0"
"2023";"12";"150101";"LIMA";"LIMA";"LIMA";"MINSA";"III-2";"00006209";"INSTITUTO NACIONAL DE CIENCIAS NEUROLOGICAS";"243400";"HOSPITALIZACIÓN DE PEDIATRÍA PEDIATRIA NEUROLOGÍA PEDIÁTRICA";"12";"16";"233";"193";"14";"434";"0"
"2023";"12";"150101";"LIMA";"LIMA";"LIMA";"MINSA";"III-2";"00006209";"INSTITUTO NACIONAL DE CIENCIAS NEUROLOGICAS";"245100";"HOSPITALIZACIÓN DE MEDICINA NEUROLOGIA  ENFERMEDADES INFECCIOSAS/TRANSMISIBLES DEL SISTEMA NERVIOSO";"21";"20";"479";"428";"16";"496";"0"
"2023";"12";"150101";"LIMA";"LIMA";"LIMA";"MINSA";"III-2";"00006209";"INSTITUTO NACIONAL DE CIENCIAS NEUROLOGICAS";"245000";"HOSPITALIZACIÓN DE MEDICINA NEUROLOGIA  NEUROVASCULARES Y METABOLICAS";"41";"30";"378";"310";"11";"346";"0"
"2023";"12";"150101";"LIMA";"LIMA";"LIMA";"MINSA";"III-2";"00006209";"INSTITUTO NACIONAL DE CIENCIAS NEUROLOGICAS";"244900";"HOSPITALIZACIÓN DE MEDICINA NEUROLOGIA  NEURODEGENERATIVAS";"27";"19";"454";"429";"21";"649";"0"
"2023";"12";"150101";"LIMA";"LIMA";"LIMA";"MINSA";"III-2";"00006209";"INSTITUTO NACIONAL DE CIENCIAS NEUROLOGICAS";"240900";"HOSPITALIZACIÓN QUIRÚRGICA NEUROCIRUGÍA ";"114";"58";"757";"927";"33";"1023";"0"
"2023";"12";"150101";"LIMA";"LIMA";"LIMA";"MINSA";"III-2";"00006209";"INSTITUTO NACIONAL DE CIENCIAS NEUROLOGICAS";"250106";"UNIDAD DE CUIDADOS CRITICOS UNIDAD  DE CUIDADOS INTENSIVOS  (UCI) NEUROLÓGICA";"19";"2";"54";"202";"7";"217";"2"
"2023";"12";"060805";"CAJAMARCA";"JAEN";"HUABAL";"GOBIERNO REGIONAL";"I-1";"00013849";"SANTA ROSA DE HUABAL";"NE_0001";"";"NE_0001";"NE_0001";"NE_0001";"NE_0001";"NE_0001";"NE_0001";"NE_0001"
"2023";"12";"060805";"CAJAMARCA";"JAEN";"HUABAL";"GOBIERNO REGIONAL";"I-1";"00004243";"LA ESPERANZA";"NE_0001";"";"NE_0001";"NE_0001";"NE_0001";"NE_0001";"NE_0001";"NE_0001";"NE_0001"
"2023";"12";"060805";"CAJAMARCA";"JAEN";"HUABAL";"GOBIERNO REGIONAL";"I-1";"00007124";"CORAZON DE JESUS";"NE_0001";"";"NE_0001";"NE_0001";"NE_0001";"NE_0001";"NE_0001";"NE_0001";"NE_0001"
"2023";"12";"060805";"CAJAMARCA";"JAEN";"HUABAL";"GOBIERNO REGIONAL";"I-3";"00004241";"HUABAL";"NE_0001";"";"NE_0001";"NE_0001";"NE_0001";"NE_0001";"NE_0001";"NE_0001";"NE_0001"
"2023";"12";"120433";"JUNIN";"JAUJA";"YAULI";"GOBIERNO REGIONAL";"I-2";"00000423";"YAULI - JAUJA";"NE_0001";"";"NE_0001";"NE_0001";"NE_0001";"NE_0001";"NE_0001";"NE_0001";"NE_0001"
"2023";"12";"120427";"JUNIN";"JAUJA";"RICRAN";"GOBIERNO REGIONAL";"I-2";"00000419";"RICRAN";"NE_0001";"";"NE_0001";"NE_0001";"NE_0001";"NE_0001";"NE_0001";"NE_0001";"NE_0001"
"2023";"12";"120429";"JUNIN";"JAUJA";"SAN PEDRO DE CHUNAN";"GOBIERNO REGIONAL";"I-1";"00000422";"SAN PEDRO DE CHUNAN";"NE_0001";"";"NE_0001";"NE_0001";"NE_0001";"NE_0001";"NE_0001";"NE_0001";"NE_0001"
"2023";"12";"130705";"LA LIBERTAD";"PACASMAYO";"SAN JOSE";"GOBIERNO REGIONAL";"I-3";"00005297";"SAN JOSE";"NE_0001";"";"NE_0001";"NE_0001";"NE_0001";"NE_0001";"NE_0001";"NE_0001";"NE_0001"
"2023";"12";"070101";"CALLAO";"CALLAO";"CALLAO";"PRIVADO";"0";"00016115";"DIAGNOCENTRO OLAZ";"NE_0001";"";"NE_0001";"NE_0001";"NE_0001";"NE_0001";"NE_0001";"NE_0001";"NE_0001"
"2023";"11";"110101";"ICA";"ICA";"ICA";"GOBIERNO REGIONAL";"I-2";"00003375";"SENOR DE LUREN";"NE_0001";"";"NE_0001";"NE_0001";"NE_0001";"NE_0001";"NE_0001";"NE_0001";"NE_0001"
"2023";"11";"120107";"JUNIN";"HUANCAYO";"CHILCA";"GOBIERNO REGIONAL";"I-4";"00000608";"CHILCA";"NE_0002";"";"NE_0002";"NE_0002";"NE_0002";"NE_0002";"NE_0002";"NE_0002";"NE_0002"
"2023";"11";"120136";"JUNIN";"HUANCAYO";"VIQUES";"GOBIERNO REGIONAL";"I-2";"00000635";"VIQUES";"NE_0001";"";"NE_0001";"NE_0001";"NE_0001";"NE_0001";"NE_0001";"NE_0001";"NE_0001"
"2023";"11";"120111";"JUNIN";"HUANCAYO";"CHUPURO";"GOBIERNO REGIONAL";"I-1";"00000614";"SOCOS";"NE_0001";"";"NE_0001";"NE_0001";"NE_0001";"NE_0001";"NE_0001";"NE_0001";"NE_0001"
"2023";"11";"120126";"JUNIN";"HUANCAYO";"PUCARA";"GOBIERNO REGIONAL";"I-3";"00000624";"PUCARA";"NE_0001";"";"NE_0001";"NE_0001";"NE_0001";"NE_0001";"NE_0001";"NE_0001";"NE_0001"
"2023";"11";"120113";"JUNIN";"HUANCAYO";"CULLHUAS";"GOBIERNO REGIONAL";"I-1";"00000617";"RETAMA BAJA";"NE_0001";"";"NE_0001";"NE_0001";"NE_0001";"NE_0001";"NE_0001";"NE_0001";"NE_0001"
"2023";"11";"120116";"JUNIN";"HUANCAYO";"HUACRAPUQUIO";"GOBIERNO REGIONAL";"I-2";"00000619";"HUACRAPUQUIO";"NE_0001";"";"NE_0001";"NE_0001";"NE_0001";"NE_0001";"NE_0001";"NE_0001";"NE_0001"
"2023";"11";"120121";"JUNIN";"HUANCAYO";"HUAYUCACHI";"GOBIERNO REGIONAL";"I-1";"00000623";"HUMANMARCA";"NE_0001";"";"NE_0001";"NE_0001";"NE_0001";"NE_0001";"NE_0001";"NE_0001";"NE_0001"
"2023";"11";"120126";"JUNIN";"HUANCAYO";"PUCARA";"GOBIERNO REGIONAL";"I-1";"00000628";"DOS DE MAYO";"NE_0001";"";"NE_0001";"NE_0001";"NE_0001";"NE_0001";"NE_0001";"NE_0001";"NE_0001"
"2023";"11";"120133";"JUNIN";"HUANCAYO";"SAPALLANGA";"GOBIERNO REGIONAL";"I-3";"00000629";"SAPALLANGA";"NE_0001";"";"NE_0001";"NE_0001";"NE_0001";"NE_0001";"NE_0001";"NE_0001";"NE_0001"
"2023";"11";"120111";"JUNIN";"HUANCAYO";"CHUPURO";"GOBIERNO REGIONAL";"I-2";"00000612";"CHUPURO";"NE_0001";"";"NE_0001";"NE_0001";"NE_0001";"NE_0001";"NE_0001";"NE_0001";"NE_0001"
"2023";"11";"120126";"JUNIN";"HUANCAYO";"PUCARA";"GOBIERNO REGIONAL";"I-2";"00000625";"MARCAVALLE";"NE_0001";"";"NE_0001";"NE_0001";"NE_0001";"NE_0001";"NE_0001";"NE_0001";"NE_0001"
"2023";"11";"120126";"JUNIN";"HUANCAYO";"PUCARA";"GOBIERNO REGIONAL";"I-1";"00000627";"JATUN SUCLLA";"NE_0001";"";"NE_0001";"NE_0001";"NE_0001";"NE_0001";"NE_0001";"NE_0001";"NE_0001"
"2023";"11";"120119";"JUNIN";"HUANCAYO";"HUANCAN";"GOBIERNO REGIONAL";"I-3";"00000620";"HUANCAN";"NE_0001";"";"NE_0001";"NE_0001";"NE_0001";"NE_0001";"NE_0001";"NE_0001";"NE_0001"
"2023";"11";"120126";"JUNIN";"HUANCAYO";"PUCARA";"GOBIERNO REGIONAL";"I-1";"00000626";"RAQUINA";"NE_0001";"";"NE_0001";"NE_0001";"NE_0001";"NE_0001";"NE_0001";"NE_0001";"NE_0001"
"2023";"11";"120133";"JUNIN";"HUANCAYO";"SAPALLANGA";"GOBIERNO REGIONAL";"I-2";"00000630";"LA PUNTA";"NE_0001";"";"NE_0001";"NE_0001";"NE_0001";"NE_0001";"NE_0001";"NE_0001";"NE_0001"
"2023";"11";"120133";"JUNIN";"HUANCAYO";"SAPALLANGA";"GOBIERNO REGIONAL";"I-1";"00000634";"HUAYLLASPANCA";"NE_0001";"";"NE_0001";"NE_0001";"NE_0001";"NE_0001";"NE_0001";"NE_0001";"NE_0001"
"2023";"11";"120111";"JUNIN";"HUANCAYO";"CHUPURO";"GOBIERNO REGIONAL";"I-1";"00000613";"CARHUAPACCHA";"NE_0001";"";"NE_0001";"NE_0001";"NE_0001";"NE_0001";"NE_0001";"NE_0001";"NE_0001"
"2023";"11";"120113";"JUNIN";"HUANCAYO";"CULLHUAS";"GOBIERNO REGIONAL";"I-1";"00000616";"PIHUAS";"NE_0001";"";"NE_0001";"NE_0001";"NE_0001";"NE_0001";"NE_0001";"NE_0001";"NE_0001"
"2023";"11";"120121";"JUNIN";"HUANCAYO";"HUAYUCACHI";"GOBIERNO REGIONAL";"I-3";"00000622";"HUAYUCACHI";"NE_0001";"";"NE_0001";"NE_0001";"NE_0001";"NE_0001";"NE_0001";"NE_0001";"NE_0001"
"2023";"11";"120133";"JUNIN";"HUANCAYO";"SAPALLANGA";"GOBIERNO REGIONAL";"I-1";"00000631";"COCHARCAS";"NE_0001";"";"NE_0001";"NE_0001";"NE_0001";"NE_0001";"NE_0001";"NE_0001";"NE_0001"
"2023";"11";"120113";"JUNIN";"HUANCAYO";"CULLHUAS";"GOBIERNO REGIONAL";"I-1";"00012469";"CHUAMBA";"NE_0001";"";"NE_0001";"NE_0001";"NE_0001";"NE_0001";"NE_0001";"NE_0001";"NE_0001"
"2023";"11";"120107";"JUNIN";"HUANCAYO";"CHILCA";"GOBIERNO REGIONAL";"I-2";"00000609";"AZAPAMPA";"NE_0001";"";"NE_0001";"NE_0001";"NE_0001";"NE_0001";"NE_0001";"NE_0001";"NE_0001"
"2023";"11";"120107";"JUNIN";"HUANCAYO";"CHILCA";"GOBIERNO REGIONAL";"I-3";"00000610";"AUQUIMARCA";"NE_0001";"";"NE_0001";"NE_0001";"NE_0001";"NE_0001";"NE_0001";"NE_0001";"NE_0001"
"2023";"11";"120107";"JUNIN";"HUANCAYO";"CHILCA";"GOBIERNO REGIONAL";"I-2";"00000611";"LA ESPERANZA";"NE_0001";"";"NE_0001";"NE_0001";"NE_0001";"NE_0001";"NE_0001";"NE_0001";"NE_0001"
"2023";"11";"120113";"JUNIN";"HUANCAYO";"CULLHUAS";"GOBIERNO REGIONAL";"I-2";"00000615";"CULLHUAS";"NE_0001";"";"NE_0001";"NE_0001";"NE_0001";"NE_0001";"NE_0001";"NE_0001";"NE_0001"
"2023";"11";"120119";"JUNIN";"HUANCAYO";"HUANCAN";"GOBIERNO REGIONAL";"I-2";"00000621";"HUARI";"NE_0001";"";"NE_0001";"NE_0001";"NE_0001";"NE_0001";"NE_0001";"NE_0001";"NE_0001"
"2023";"11";"120133";"JUNIN";"HUANCAYO";"SAPALLANGA";"GOBIERNO REGIONAL";"I-1";"00000632";"MILUCHACA";"NE_0001";"";"NE_0001";"NE_0001";"NE_0001";"NE_0001";"NE_0001";"NE_0001";"NE_0001"
"2023";"11";"120133";"JUNIN";"HUANCAYO";"SAPALLANGA";"GOBIERNO REGIONAL";"I-1";"00000633";"MIRAFLORES";"NE_0001";"";"NE_0001";"NE_0001";"NE_0001";"NE_0001";"NE_0001";"NE_0001";"NE_0001"
"2023";"11";"120112";"JUNIN";"HUANCAYO";"COLCA";"GOBIERNO REGIONAL";"I-1";"00000702";"SANTA CRUZ DE LARIA";"NE_0001";"";"NE_0001";"NE_0001";"NE_0001";"NE_0001";"NE_0001";"NE_0001";"NE_0001"
"2023";"11";"061109";"CAJAMARCA";"SAN MIGUEL";"NIEPOS";"GOBIERNO REGIONAL";"I-2";"00004557";"NIEPOS";"NE_0001";"";"NE_0001";"NE_0001";"NE_0001";"NE_0001";"NE_0001";"NE_0001";"NE_0001"
"2023";"12";"150130";"LIMA";"LIMA";"SAN BORJA";"PRIVADO";"II-E";"00011056";"OFTALMIC SERVICE SAC";"NE_0001";"";"NE_0001";"NE_0001";"NE_0001";"NE_0001";"NE_0001";"NE_0001";"NE_0001"
"2023";"12";"040122";"AREQUIPA";"AREQUIPA";"SOCABAYA";"ESSALUD";"I-3";"00013298";"CAP III MELITON SALAS TEJADA";"NE_0001";"";"NE_0001";"NE_0001";"NE_0001";"NE_0001";"NE_0001";"NE_0001";"NE_0001"
"2023";"12";"240101";"TUMBES";"TUMBES";"TUMBES";"ESSALUD";"II-1";"00012272";"CARLOS ALBERTO CORTEZ JIMENEZ";"241900";"HOSPITALIZACIÓN DE MEDICINA MEDICINA INTERNA ";"57";"54";"356";"295";"14";"434";"5"
"2023";"12";"240101";"TUMBES";"TUMBES";"TUMBES";"ESSALUD";"II-1";"00012272";"CARLOS ALBERTO CORTEZ JIMENEZ";"240100";"HOSPITALIZACIÓN QUIRÚRGICA CIRUGÍA GENERAL ";"36";"40";"88";"85";"6";"186";"0"
"2023";"12";"240101";"TUMBES";"TUMBES";"TUMBES";"ESSALUD";"II-1";"00012272";"CARLOS ALBERTO CORTEZ JIMENEZ";"241400";"HOSPITALIZACIÓN QUIRÚRGICA GINECO - OBSTETRICIA ";"26";"31";"92";"59";"6";"186";"0"
"2023";"12";"240101";"TUMBES";"TUMBES";"TUMBES";"ESSALUD";"II-1";"00012272";"CARLOS ALBERTO CORTEZ JIMENEZ";"241600";"HOSPITALIZACIÓN QUIRÚRGICA OBSTETRICIA   ";"92";"94";"174";"172";"13";"403";"0"
"2023";"12";"240101";"TUMBES";"TUMBES";"TUMBES";"ESSALUD";"II-1";"00012272";"CARLOS ALBERTO CORTEZ JIMENEZ";"242300";"HOSPITALIZACIÓN DE PEDIATRÍA  PEDIATRÍA  GENERAL ";"38";"38";"139";"118";"8";"248";"1"
"2023";"12";"240101";"TUMBES";"TUMBES";"TUMBES";"ESSALUD";"II-1";"00012272";"CARLOS ALBERTO CORTEZ JIMENEZ";"250103";"UNIDAD DE CUIDADOS CRITICOS UNIDAD  DE CUIDADOS INTENSIVOS GENERALES  (UCI) MEDICINA";"8";"2";"52";"107";"4";"124";"1"
"2023";"12";"240101";"TUMBES";"TUMBES";"TUMBES";"ESSALUD";"II-1";"00012272";"CARLOS ALBERTO CORTEZ JIMENEZ";"250105";"UNIDAD DE CUIDADOS CRITICOS UNIDAD  DE CUIDADOS INTENSIVOS  (UCI) NEONATOLOGÍA";"4";"3";"21";"33";"2";"62";"0"
"2023";"12";"240101";"TUMBES";"TUMBES";"TUMBES";"ESSALUD";"II-1";"00012272";"CARLOS ALBERTO CORTEZ JIMENEZ";"250200";"UNIDAD DE CUIDADOS CRITICOS UNIDAD DE CUIDADOS INTERMEDIOS GENERAL  (UCIN) ";"5";"5";"128";"67";"7";"217";"2"
"2023";"12";"120214";"JUNIN";"CONCEPCION";"SAN JOSE DE QUERO";"GOBIERNO REGIONAL";"I-3";"00000641";"SAN JOSE DE QUERO";"NE_0001";"";"NE_0001";"NE_0001";"NE_0001";"NE_0001";"NE_0001";"NE_0001";"NE_0001"
"2023";"12";"120214";"JUNIN";"CONCEPCION";"SAN JOSE DE QUERO";"GOBIERNO REGIONAL";"I-1";"00000644";"SANTA ROSA DE HUARMITA";"NE_0001";"";"NE_0001";"NE_0001";"NE_0001";"NE_0001";"NE_0001";"NE_0001";"NE_0001"
"2023";"12";"120214";"JUNIN";"CONCEPCION";"SAN JOSE DE QUERO";"GOBIERNO REGIONAL";"I-1";"00006738";"SULCAN";"NE_0001";"";"NE_0001";"NE_0001";"NE_0001";"NE_0001";"NE_0001";"NE_0001";"NE_0001"
"2023";"12";"120214";"JUNIN";"CONCEPCION";"SAN JOSE DE QUERO";"GOBIERNO REGIONAL";"I-1";"00000643";"SAN ROQUE DE HUARMITA";"NE_0001";"";"NE_0001";"NE_0001";"NE_0001";"NE_0001";"NE_0001";"NE_0001";"NE_0001"
"2023";"12";"120214";"JUNIN";"CONCEPCION";"SAN JOSE DE QUERO";"GOBIERNO REGIONAL";"I-2";"00000645";"USIBAMBA";"NE_0001";"";"NE_0001";"NE_0001";"NE_0001";"NE_0001";"NE_0001";"NE_0001";"NE_0001"
"2023";"12";"120214";"JUNIN";"CONCEPCION";"SAN JOSE DE QUERO";"GOBIERNO REGIONAL";"I-2";"00000642";"CHAQUICOCHA";"NE_0001";"";"NE_0001";"NE_0001";"NE_0001";"NE_0001";"NE_0001";"NE_0001";"NE_0001"
"2023";"12";"060601";"CAJAMARCA";"CUTERVO";"CUTERVO";"GOBIERNO REGIONAL";"I-3";"00004992";"SINCHIMACHE";"NE_0001";"";"NE_0001";"NE_0001";"NE_0001";"NE_0001";"NE_0001";"NE_0001";"NE_0001"
"2023";"12";"081201";"CUSCO";"QUISPICANCHI";"URCOS";"GOBIERNO REGIONAL";"I-4";"00002523";"URCOS";"NE_0001";"";"NE_0001";"NE_0001";"NE_0001";"NE_0001";"NE_0001";"NE_0001";"NE_0001"
"2023";"12";"081206";"CUSCO";"QUISPICANCHI";"CUSIPATA";"GOBIERNO REGIONAL";"I-3";"00002530";"CUSIPATA";"NE_0001";"";"NE_0001";"NE_0001";"NE_0001";"NE_0001";"NE_0001";"NE_0001";"NE_0001"
"2023";"12";"081211";"CUSCO";"QUISPICANCHI";"OROPESA";"GOBIERNO REGIONAL";"I-3";"00002537";"OROPESA";"NE_0001";"";"NE_0001";"NE_0001";"NE_0001";"NE_0001";"NE_0001";"NE_0001";"NE_0001"
"2023";"12";"081207";"CUSCO";"QUISPICANCHI";"HUARO";"GOBIERNO REGIONAL";"I-2";"00002532";"HUARO";"NE_0001";"";"NE_0001";"NE_0001";"NE_0001";"NE_0001";"NE_0001";"NE_0001";"NE_0001"
"2023";"12";"150101";"LIMA";"LIMA";"LIMA";"PRIVADO";"II-E";"00026473";"OBRA DE SAN CAMILO";"240000";"HOSPITALIZACIÓN";"45";"47";"141";"48";"3";"25";"0"
"2023";"12";"120702";"JUNIN";"TARMA";"ACOBAMBA";"GOBIERNO REGIONAL";"I-1";"00000523";"HUARACAYO";"NE_0001";"";"NE_0001";"NE_0001";"NE_0001";"NE_0001";"NE_0001";"NE_0001";"NE_0001"
"2023";"12";"120702";"JUNIN";"TARMA";"ACOBAMBA";"GOBIERNO REGIONAL";"I-1";"00000524";"TUPIN";"NE_0001";"";"NE_0001";"NE_0001";"NE_0001";"NE_0001";"NE_0001";"NE_0001";"NE_0001"
"2023";"12";"070101";"CALLAO";"CALLAO";"CALLAO";"GOBIERNO REGIONAL";"I-4";"00006238";"C.S. MARQUEZ";"241600";"HOSPITALIZACIÓN QUIRÚRGICA OBSTETRICIA   ";"5";"4";"4";"155";"8";"248";"0"
"2023";"12";"070106";"CALLAO";"CALLAO";"VENTANILLA";"GOBIERNO REGIONAL";"I-2";"00006258";"PUESTO DE SALUD VENTANILLA BAJA";"NE_0001";"";"NE_0001";"NE_0001";"NE_0001";"NE_0001";"NE_0001";"NE_0001";"NE_0001"
"2023";"12";"070106";"CALLAO";"CALLAO";"VENTANILLA";"GOBIERNO REGIONAL";"I-2";"00006259";"PUESTO DE SALUD VENTANILLA ESTE";"NE_0001";"";"NE_0001";"NE_0001";"NE_0001";"NE_0001";"NE_0001";"NE_0001";"NE_0001"
"2023";"12";"090103";"HUANCAVELICA";"HUANCAVELICA";"ACORIA";"GOBIERNO REGIONAL";"I-2";"00003876";"HUANASPAMPA";"NE_0001";"";"NE_0001";"NE_0001";"NE_0001";"NE_0001";"NE_0001";"NE_0001";"NE_0001"
"2023";"12";"090103";"HUANCAVELICA";"HUANCAVELICA";"ACORIA";"GOBIERNO REGIONAL";"I-1";"00009466";"QUIMINA";"NE_0001";"";"NE_0001";"NE_0001";"NE_0001";"NE_0001";"NE_0001";"NE_0001";"NE_0001"
"2023";"12";"090103";"HUANCAVELICA";"HUANCAVELICA";"ACORIA";"GOBIERNO REGIONAL";"I-1";"00003875";"LOS ANGELES DE CCARAHUASA";"NE_0001";"";"NE_0001";"NE_0001";"NE_0001";"NE_0001";"NE_0001";"NE_0001";"NE_0001"
"2023";"12";"090103";"HUANCAVELICA";"HUANCAVELICA";"ACORIA";"GOBIERNO REGIONAL";"I-3";"00003873";"AYACCOCHA";"NE_0002";"";"NE_0002";"NE_0002";"NE_0002";"NE_0002";"NE_0002";"NE_0002";"NE_0002"
"2023";"12";"080108";"CUSCO";"CUSCO";"WANCHAQ";"ESSALUD";"III-1";"00010041";"ADOLFO GUEVARA VELASCO";"241900";"HOSPITALIZACIÓN DE MEDICINA MEDICINA INTERNA ";"4";"7";"71";"41";"4";"124";"0"
"2023";"12";"080108";"CUSCO";"CUSCO";"WANCHAQ";"ESSALUD";"III-1";"00010041";"ADOLFO GUEVARA VELASCO";"250200";"UNIDAD DE CUIDADOS CRITICOS UNIDAD DE CUIDADOS INTERMEDIOS GENERAL  (UCIN) ";"3";"7";"337";"248";"8";"248";"0"
"2023";"12";"080108";"CUSCO";"CUSCO";"WANCHAQ";"ESSALUD";"III-1";"00010041";"ADOLFO GUEVARA VELASCO";"241900";"HOSPITALIZACIÓN DE MEDICINA MEDICINA INTERNA ";"44";"49";"483";"389";"13";"403";"1"
"2023";"12";"080108";"CUSCO";"CUSCO";"WANCHAQ";"ESSALUD";"III-1";"00010041";"ADOLFO GUEVARA VELASCO";"241900";"HOSPITALIZACIÓN DE MEDICINA MEDICINA INTERNA ";"10";"14";"214";"381";"13";"403";"0"
"2023";"12";"080108";"CUSCO";"CUSCO";"WANCHAQ";"ESSALUD";"III-1";"00010041";"ADOLFO GUEVARA VELASCO";"241900";"HOSPITALIZACIÓN DE MEDICINA MEDICINA INTERNA ";"17";"32";"580";"429";"14";"434";"0"
"2023";"12";"080108";"CUSCO";"CUSCO";"WANCHAQ";"ESSALUD";"III-1";"00010041";"ADOLFO GUEVARA VELASCO";"241900";"HOSPITALIZACIÓN DE MEDICINA MEDICINA INTERNA ";"2";"4";"67";"42";"2";"62";"0"
"2023";"12";"080108";"CUSCO";"CUSCO";"WANCHAQ";"ESSALUD";"III-1";"00010041";"ADOLFO GUEVARA VELASCO";"241900";"HOSPITALIZACIÓN DE MEDICINA MEDICINA INTERNA ";"12";"8";"43";"47";"2";"62";"0"
"2023";"12";"080108";"CUSCO";"CUSCO";"WANCHAQ";"ESSALUD";"III-1";"00010041";"ADOLFO GUEVARA VELASCO";"241900";"HOSPITALIZACIÓN DE MEDICINA MEDICINA INTERNA ";"115";"98";"1073";"1318";"44";"1364";"16"
"2023";"12";"080108";"CUSCO";"CUSCO";"WANCHAQ";"ESSALUD";"III-1";"00010041";"ADOLFO GUEVARA VELASCO";"241900";"HOSPITALIZACIÓN DE MEDICINA MEDICINA INTERNA ";"38";"46";"464";"333";"11";"341";"1"
"2023";"12";"080108";"CUSCO";"CUSCO";"WANCHAQ";"ESSALUD";"III-1";"00010041";"ADOLFO GUEVARA VELASCO";"241900";"HOSPITALIZACIÓN DE MEDICINA MEDICINA INTERNA ";"15";"17";"213";"197";"7";"217";"0"
"2023";"12";"080108";"CUSCO";"CUSCO";"WANCHAQ";"ESSALUD";"III-1";"00010041";"ADOLFO GUEVARA VELASCO";"242100";"HOSPITALIZACIÓN DE MEDICINA ONCOLOGÍA MÉDICA ";"88";"95";"542";"587";"20";"620";"8"
"2023";"12";"080108";"CUSCO";"CUSCO";"WANCHAQ";"ESSALUD";"III-1";"00010041";"ADOLFO GUEVARA VELASCO";"240200";"HOSPITALIZACIÓN QUIRÚRGICA CIRUGÍA DE CABEZA Y CUELLO / MÁXILO FACIAL ";"14";"19";"202";"144";"5";"155";"0"
"2023";"12";"080108";"CUSCO";"CUSCO";"WANCHAQ";"ESSALUD";"III-1";"00010041";"ADOLFO GUEVARA VELASCO";"240400";"HOSPITALIZACIÓN QUIRÚRGICA CIRUGÍA DE TÓRAX Y CARDIOVASCULAR ";"16";"23";"282";"166";"6";"186";"0"
"2023";"12";"080108";"CUSCO";"CUSCO";"WANCHAQ";"ESSALUD";"III-1";"00010041";"ADOLFO GUEVARA VELASCO";"241000";"HOSPITALIZACIÓN QUIRÚRGICA ONCOLOGÍA QUIRÚRGICA  ";"32";"39";"160";"148";"5";"155";"0"
"2023";"12";"080108";"CUSCO";"CUSCO";"WANCHAQ";"ESSALUD";"III-1";"00010041";"ADOLFO GUEVARA VELASCO";"240100";"HOSPITALIZACIÓN QUIRÚRGICA CIRUGÍA GENERAL ";"62";"62";"64";"64";"3";"93";"0"
"2023";"12";"080108";"CUSCO";"CUSCO";"WANCHAQ";"ESSALUD";"III-1";"00010041";"ADOLFO GUEVARA VELASCO";"240100";"HOSPITALIZACIÓN QUIRÚRGICA CIRUGÍA GENERAL ";"272";"274";"882";"753";"26";"806";"0"
"2023";"12";"080108";"CUSCO";"CUSCO";"WANCHAQ";"ESSALUD";"III-1";"00010041";"ADOLFO GUEVARA VELASCO";"240800";"HOSPITALIZACIÓN QUIRÚRGICA CIRUGÍA PLÁSTICA/RECONSTRUCTIVA/ REPARADORA ";"6";"4";"18";"62";"2";"62";"0"
"2023";"12";"080108";"CUSCO";"CUSCO";"WANCHAQ";"ESSALUD";"III-1";"00010041";"ADOLFO GUEVARA VELASCO";"240900";"HOSPITALIZACIÓN QUIRÚRGICA NEUROCIRUGÍA ";"24";"32";"308";"254";"9";"279";"0"
"2023";"12";"080108";"CUSCO";"CUSCO";"WANCHAQ";"ESSALUD";"III-1";"00010041";"ADOLFO GUEVARA VELASCO";"241200";"HOSPITALIZACIÓN QUIRÚRGICA TRAUMATOLOGÍA Y ORTOPEDIA ";"94";"111";"738";"682";"22";"682";"1"
"2023";"12";"080108";"CUSCO";"CUSCO";"WANCHAQ";"ESSALUD";"III-1";"00010041";"ADOLFO GUEVARA VELASCO";"241100";"HOSPITALIZACIÓN QUIRÚRGICA OTORRINOLARINGOLOGÍA  ";"35";"40";"144";"132";"5";"155";"0"
"2023";"12";"080108";"CUSCO";"CUSCO";"WANCHAQ";"ESSALUD";"III-1";"00010041";"ADOLFO GUEVARA VELASCO";"241300";"HOSPITALIZACIÓN QUIRÚRGICA UROLOGÍA  ";"57";"63";"377";"374";"13";"403";"0"
"2023";"12";"080108";"CUSCO";"CUSCO";"WANCHAQ";"ESSALUD";"III-1";"00010041";"ADOLFO GUEVARA VELASCO";"241500";"HOSPITALIZACIÓN QUIRÚRGICA GINECOLOGÍA  ";"107";"116";"309";"290";"16";"496";"0"
"2023";"12";"150141";"LIMA";"LIMA";"SURQUILLO";"PRIVADO";"II-E";"00012020";"CLINICA OFTALMOLOGICA ESPECIALIZADA ÑAHUI";"NE_0001";"";"NE_0001";"NE_0001";"NE_0001";"NE_0001";"NE_0001";"NE_0001";"NE_0001"
"2023";"12";"021905";"ANCASH";"SIHUAS";"CHINGALPO";"GOBIERNO REGIONAL";"I-1";"00001800";"PUESTO DE SALUD CHINGALPO";"NE_0002";"";"NE_0002";"NE_0002";"NE_0002";"NE_0002";"NE_0002";"NE_0002";"NE_0002"
"2023";"12";"021905";"ANCASH";"SIHUAS";"CHINGALPO";"GOBIERNO REGIONAL";"I-1";"00001754";"PUESTO DE SALUD SAN MIGUEL";"NE_0002";"";"NE_0002";"NE_0002";"NE_0002";"NE_0002";"NE_0002";"NE_0002";"NE_0002"
"2023";"12";"021903";"ANCASH";"SIHUAS";"ALFONSO UGARTE";"GOBIERNO REGIONAL";"I-1";"00001805";"PUESTO DE SALUD ULLOLLUCO";"NE_0002";"";"NE_0002";"NE_0002";"NE_0002";"NE_0002";"NE_0002";"NE_0002";"NE_0002"
"2023";"12";"021907";"ANCASH";"SIHUAS";"QUICHES";"GOBIERNO REGIONAL";"I-1";"00001807";"PUESTO DE SALUD JOCOSBAMBA";"NE_0002";"";"NE_0002";"NE_0002";"NE_0002";"NE_0002";"NE_0002";"NE_0002";"NE_0002"
"2023";"12";"080704";"CUSCO";"CHUMBIVILCAS";"COLQUEMARCA";"GOBIERNO REGIONAL";"I-1";"00008914";"HUAYLLANI";"NE_0001";"";"NE_0001";"NE_0001";"NE_0001";"NE_0001";"NE_0001";"NE_0001";"NE_0001"
"2023";"12";"080704";"CUSCO";"CHUMBIVILCAS";"COLQUEMARCA";"GOBIERNO REGIONAL";"I-3";"00002404";"COLQUEMARCA";"NE_0001";"";"NE_0001";"NE_0001";"NE_0001";"NE_0001";"NE_0001";"NE_0001";"NE_0001"
"2023";"12";"080704";"CUSCO";"CHUMBIVILCAS";"COLQUEMARCA";"GOBIERNO REGIONAL";"I-1";"00002405";"CHARAMURAY";"NE_0001";"";"NE_0001";"NE_0001";"NE_0001";"NE_0001";"NE_0001";"NE_0001";"NE_0001"
"2023";"12";"080704";"CUSCO";"CHUMBIVILCAS";"COLQUEMARCA";"GOBIERNO REGIONAL";"I-2";"00012932";"YANQUE";"NE_0001";"";"NE_0001";"NE_0001";"NE_0001";"NE_0001";"NE_0001";"NE_0001";"NE_0001"
"2023";"12";"130103";"LA LIBERTAD";"TRUJILLO";"FLORENCIA DE MORA";"ESSALUD";"II-E";"00009278";"FLORENCIA DE MORA";"241800";"HOSPITALIZACIÓN DE MEDICINA MEDICINA GENERAL ";"7";"5";"42";"50";"3";"93";"0"
"2023";"12";"130103";"LA LIBERTAD";"TRUJILLO";"FLORENCIA DE MORA";"ESSALUD";"II-E";"00009278";"FLORENCIA DE MORA";"240100";"HOSPITALIZACIÓN QUIRÚRGICA CIRUGÍA GENERAL ";"52";"62";"196";"131";"5";"155";"0"
"2023";"12";"130103";"LA LIBERTAD";"TRUJILLO";"FLORENCIA DE MORA";"ESSALUD";"II-E";"00009278";"FLORENCIA DE MORA";"241500";"HOSPITALIZACIÓN QUIRÚRGICA GINECOLOGÍA  ";"15";"15";"83";"66";"3";"93";"0"
"2023";"12";"130103";"LA LIBERTAD";"TRUJILLO";"FLORENCIA DE MORA";"ESSALUD";"II-E";"00009278";"FLORENCIA DE MORA";"241600";"HOSPITALIZACIÓN QUIRÚRGICA OBSTETRICIA   ";"15";"17";"43";"44";"4";"124";"0"
"2023";"12";"090301";"HUANCAVELICA";"ANGARAES";"LIRCAY";"GOBIERNO REGIONAL";"II-1";"00003943";"HOSPITAL DE LIRCAY";"240100";"HOSPITALIZACIÓN QUIRÚRGICA CIRUGÍA GENERAL ";"22";"24";"66";"22";"6";"186";"0"
"2023";"12";"090301";"HUANCAVELICA";"ANGARAES";"LIRCAY";"GOBIERNO REGIONAL";"II-1";"00003943";"HOSPITAL DE LIRCAY";"245400";"HOSPITALIZACIÓN DE MEDICINA GINECOLOGIA ";"62";"73";"137";"62";"9";"279";"0"
"2023";"12";"090301";"HUANCAVELICA";"ANGARAES";"LIRCAY";"GOBIERNO REGIONAL";"II-1";"00003943";"HOSPITAL DE LIRCAY";"242300";"HOSPITALIZACIÓN DE PEDIATRÍA  PEDIATRÍA  GENERAL ";"12";"14";"46";"12";"3";"93";"0"
"2023";"12";"090301";"HUANCAVELICA";"ANGARAES";"LIRCAY";"GOBIERNO REGIONAL";"II-1";"00003943";"HOSPITAL DE LIRCAY";"241900";"HOSPITALIZACIÓN DE MEDICINA MEDICINA INTERNA ";"11";"14";"51";"11";"26";"806";"0"
"2023";"12";"050201";"AYACUCHO";"CANGALLO";"CANGALLO";"GOBIERNO REGIONAL";"II-1";"00003494";"HOSPITAL DE APOYO CANGALLO";"240100";"HOSPITALIZACIÓN QUIRÚRGICA CIRUGÍA GENERAL ";"6";"7";"49";"8";"4";"124";"0"
"2023";"12";"050201";"AYACUCHO";"CANGALLO";"CANGALLO";"GOBIERNO REGIONAL";"II-1";"00003494";"HOSPITAL DE APOYO CANGALLO";"241400";"HOSPITALIZACIÓN QUIRÚRGICA GINECO - OBSTETRICIA ";"10";"11";"25";"11";"2";"62";"0"
"2023";"12";"050201";"AYACUCHO";"CANGALLO";"CANGALLO";"GOBIERNO REGIONAL";"II-1";"00003494";"HOSPITAL DE APOYO CANGALLO";"241600";"HOSPITALIZACIÓN QUIRÚRGICA OBSTETRICIA   ";"6";"6";"12";"6";"6";"186";"0"
"2023";"12";"050201";"AYACUCHO";"CANGALLO";"CANGALLO";"GOBIERNO REGIONAL";"II-1";"00003494";"HOSPITAL DE APOYO CANGALLO";"241800";"HOSPITALIZACIÓN DE MEDICINA MEDICINA GENERAL ";"6";"9";"58";"9";"4";"124";"2"
"2023";"12";"050201";"AYACUCHO";"CANGALLO";"CANGALLO";"GOBIERNO REGIONAL";"II-1";"00003494";"HOSPITAL DE APOYO CANGALLO";"242500";"HOSPITALIZACIÓN-PEDIATRÍA GENERAL-";"5";"5";"19";"5";"4";"124";"0"
"2023";"12";"230101";"TACNA";"TACNA";"TACNA";"PRIVADO";"II-1";"00027462";"CLINICA LA LUZ";"240100";"HOSPITALIZACIÓN QUIRÚRGICA CIRUGÍA GENERAL ";"19";"19";"64";"67";"3";"121";"0"
"2023";"12";"230101";"TACNA";"TACNA";"TACNA";"PRIVADO";"II-1";"00027462";"CLINICA LA LUZ";"240300";"HOSPITALIZACIÓN QUIRÚRGICA CIRUGÍA DIGESTIVA ";"14";"14";"19";"28";"4";"46";"0"
"2023";"12";"230101";"TACNA";"TACNA";"TACNA";"PRIVADO";"II-1";"00027462";"CLINICA LA LUZ";"240400";"HOSPITALIZACIÓN QUIRÚRGICA CIRUGÍA DE TÓRAX Y CARDIOVASCULAR ";"1";"1";"1";"2";"3";"4";"0"
"2023";"12";"230101";"TACNA";"TACNA";"TACNA";"PRIVADO";"II-1";"00027462";"CLINICA LA LUZ";"240800";"HOSPITALIZACIÓN QUIRÚRGICA CIRUGÍA PLÁSTICA/RECONSTRUCTIVA/ REPARADORA ";"7";"7";"7";"9";"2";"18";"0"
"2023";"12";"230101";"TACNA";"TACNA";"TACNA";"PRIVADO";"II-1";"00027462";"CLINICA LA LUZ";"240900";"HOSPITALIZACIÓN QUIRÚRGICA NEUROCIRUGÍA ";"1";"1";"1";"2";"3";"4";"0"
"2023";"12";"230101";"TACNA";"TACNA";"TACNA";"PRIVADO";"II-1";"00027462";"CLINICA LA LUZ";"241000";"HOSPITALIZACIÓN QUIRÚRGICA ONCOLOGÍA QUIRÚRGICA  ";"1";"1";"6";"7";"3";"11";"0"
"2023";"12";"230101";"TACNA";"TACNA";"TACNA";"PRIVADO";"II-1";"00027462";"CLINICA LA LUZ";"241200";"HOSPITALIZACIÓN QUIRÚRGICA TRAUMATOLOGÍA Y ORTOPEDIA ";"6";"6";"20";"15";"2";"20";"0"
"2023";"12";"230101";"TACNA";"TACNA";"TACNA";"PRIVADO";"II-1";"00027462";"CLINICA LA LUZ";"241300";"HOSPITALIZACIÓN QUIRÚRGICA UROLOGÍA  ";"15";"15";"24";"19";"2";"28";"0"
"2023";"12";"230101";"TACNA";"TACNA";"TACNA";"PRIVADO";"II-1";"00027462";"CLINICA LA LUZ";"241500";"HOSPITALIZACIÓN QUIRÚRGICA GINECOLOGÍA  ";"13";"13";"77";"56";"4";"152";"0"
"2023";"12";"230101";"TACNA";"TACNA";"TACNA";"PRIVADO";"II-1";"00027462";"CLINICA LA LUZ";"241800";"HOSPITALIZACIÓN DE MEDICINA MEDICINA GENERAL ";"1";"1";"1";"2";"3";"4";"0"
"2023";"12";"230101";"TACNA";"TACNA";"TACNA";"PRIVADO";"II-1";"00027462";"CLINICA LA LUZ";"242900";"HOSPITALIZACIÓN DE PEDIATRÍA PEDIATRIA GASTROENTEROLOGÍA PEDIÁTRICA";"2";"2";"4";"3";"2";"3";"0"
"2023";"12";"230101";"TACNA";"TACNA";"TACNA";"PRIVADO";"II-1";"00027462";"CLINICA LA LUZ";"245300";"HOSPITALIZACIÓN DE MEDICINA NEUMOLOGÍA  ";"2";"2";"4";"4";"3";"4";"0"
"2023";"10";"150131";"LIMA";"LIMA";"SAN ISIDRO";"PRIVADO";"II-E";"00016113";"CLINICA ZIEGLER CIRUGIA PLASTICA";"240800";"HOSPITALIZACIÓN QUIRÚRGICA CIRUGÍA PLÁSTICA/RECONSTRUCTIVA/ REPARADORA ";"6";"6";"6";"2";"3";"60";"0"
"2023";"12";"061109";"CAJAMARCA";"SAN MIGUEL";"NIEPOS";"GOBIERNO REGIONAL";"I-1";"00004560";"EL NARANJO";"NE_0001";"";"NE_0001";"NE_0001";"NE_0001";"NE_0001";"NE_0001";"NE_0001";"NE_0001"
"2023";"12";"061109";"CAJAMARCA";"SAN MIGUEL";"NIEPOS";"GOBIERNO REGIONAL";"I-2";"00004557";"NIEPOS";"NE_0001";"";"NE_0001";"NE_0001";"NE_0001";"NE_0001";"NE_0001";"NE_0001";"NE_0001"
"2023";"12";"061109";"CAJAMARCA";"SAN MIGUEL";"NIEPOS";"GOBIERNO REGIONAL";"I-1";"00004558";"LANCHEZ";"NE_0001";"";"NE_0001";"NE_0001";"NE_0001";"NE_0001";"NE_0001";"NE_0001";"NE_0001"
"2023";"12";"061109";"CAJAMARCA";"SAN MIGUEL";"NIEPOS";"GOBIERNO REGIONAL";"I-1";"00004559";"MIRAVALLES";"NE_0001";"";"NE_0001";"NE_0001";"NE_0001";"NE_0001";"NE_0001";"NE_0001";"NE_0001"
"2023";"12";"061106";"CAJAMARCA";"SAN MIGUEL";"LA FLORIDA";"GOBIERNO REGIONAL";"I-3";"00004556";"LA FLORIDA";"NE_0001";"";"NE_0001";"NE_0001";"NE_0001";"NE_0001";"NE_0001";"NE_0001";"NE_0001"
"2023";"11";"110101";"ICA";"ICA";"ICA";"PRIVADO";"I-4";"00009660";"SEÑOR DE LUREN DE ICA";"240000";"HOSPITALIZACIÓN";"72";"73";"138";"144";"14";"420";"18"
"2023";"12";"070106";"CALLAO";"CALLAO";"VENTANILLA";"SANIDAD DE LA POLICIA NACIONAL DEL PERU";"I-2";"00010573";"POSTA MEDICA POLICIAL VENTANILLA";"NE_0001";"";"NE_0001";"NE_0001";"NE_0001";"NE_0001";"NE_0001";"NE_0001";"NE_0001"
"2023";"12";"050509";"AYACUCHO";"LA MAR";"SAMUGARI";"SANIDAD DE LA POLICIA NACIONAL DEL PERU";"I-2";"00027203";"PUESTO DE SALUD PNP PALMAPAMPA";"NE_0002";"";"NE_0002";"NE_0002";"NE_0002";"NE_0002";"NE_0002";"NE_0002";"NE_0002"
"2023";"12";"060601";"CAJAMARCA";"CUTERVO";"CUTERVO";"GOBIERNO REGIONAL";"I-3";"00028745";"CENTRO DE SALUD MENTAL COMUNITARIO PLENITUD";"NE_0001";"";"NE_0001";"NE_0001";"NE_0001";"NE_0001";"NE_0001";"NE_0001";"NE_0001"
"2023";"12";"070101";"CALLAO";"CALLAO";"CALLAO";"GOBIERNO REGIONAL";"I-2";"00025474";"PUESTO DE SALUD JOSE OLAYA";"NE_0001";"";"NE_0001";"NE_0001";"NE_0001";"NE_0001";"NE_0001";"NE_0001";"NE_0001"
"2023";"12";"220201";"SAN MARTIN";"BELLAVISTA";"BELLAVISTA";"ESSALUD";"I-2";"00016482";"POSTA MEDICA BELLAVISTA - ESSALUD";"NE_0001";"";"NE_0001";"NE_0001";"NE_0001";"NE_0001";"NE_0001";"NE_0001";"NE_0001"
"2023";"12";"040704";"AREQUIPA";"ISLAY";"ISLAY";"ESSALUD";"I-2";"00012192";"POSTA MEDICA MATARANI";"NE_0002";"";"NE_0002";"NE_0002";"NE_0002";"NE_0002";"NE_0002";"NE_0002";"NE_0002"
"2023";"12";"130101";"LA LIBERTAD";"TRUJILLO";"TRUJILLO";"ESSALUD";"II-1";"00008685";"HOSPITAL I ALBRECHT";"241800";"HOSPITALIZACIÓN DE MEDICINA MEDICINA GENERAL ";"23";"23";"144";"140";"5";"155";"1"
"2023";"12";"130101";"LA LIBERTAD";"TRUJILLO";"TRUJILLO";"ESSALUD";"II-1";"00008685";"HOSPITAL I ALBRECHT";"240100";"HOSPITALIZACIÓN QUIRÚRGICA CIRUGÍA GENERAL ";"27";"29";"101";"98";"6";"182";"0"
"2023";"12";"130101";"LA LIBERTAD";"TRUJILLO";"TRUJILLO";"ESSALUD";"II-1";"00008685";"HOSPITAL I ALBRECHT";"241500";"HOSPITALIZACIÓN QUIRÚRGICA GINECOLOGÍA  ";"48";"57";"145";"123";"5";"160";"0"
"2023";"12";"130101";"LA LIBERTAD";"TRUJILLO";"TRUJILLO";"ESSALUD";"II-1";"00008685";"HOSPITAL I ALBRECHT";"241600";"HOSPITALIZACIÓN QUIRÚRGICA OBSTETRICIA   ";"30";"32";"82";"79";"4";"124";"0"
"2023";"12";"130101";"LA LIBERTAD";"TRUJILLO";"TRUJILLO";"ESSALUD";"II-1";"00008685";"HOSPITAL I ALBRECHT";"242300";"HOSPITALIZACIÓN DE PEDIATRÍA  PEDIATRÍA  GENERAL ";"28";"29";"63";"66";"4";"127";"0"
"2023";"12";"160201";"LORETO";"ALTO AMAZONAS";"YURIMAGUAS";"GOBIERNO REGIONAL";"II-2";"00000210";"HOSPITAL II-2 SANTA GEMA DE YURIMAGUAS";"240100";"HOSPITALIZACIÓN QUIRÚRGICA CIRUGÍA GENERAL ";"50";"62";"211";"61";"7";"217";"0"
"2023";"12";"160201";"LORETO";"ALTO AMAZONAS";"YURIMAGUAS";"GOBIERNO REGIONAL";"II-2";"00000210";"HOSPITAL II-2 SANTA GEMA DE YURIMAGUAS";"240700";"HOSPITALIZACIÓN QUIRÚRGICA CIRUGÍA PEDIÁTRICA ";"9";"10";"20";"20";"1";"31";"0"
"2023";"12";"160201";"LORETO";"ALTO AMAZONAS";"YURIMAGUAS";"GOBIERNO REGIONAL";"II-2";"00000210";"HOSPITAL II-2 SANTA GEMA DE YURIMAGUAS";"241200";"HOSPITALIZACIÓN QUIRÚRGICA TRAUMATOLOGÍA Y ORTOPEDIA ";"8";"10";"89";"89";"4";"217";"0"
"2023";"12";"160201";"LORETO";"ALTO AMAZONAS";"YURIMAGUAS";"GOBIERNO REGIONAL";"II-2";"00000210";"HOSPITAL II-2 SANTA GEMA DE YURIMAGUAS";"241500";"HOSPITALIZACIÓN QUIRÚRGICA GINECOLOGÍA  ";"42";"47";"138";"138";"8";"248";"0"
"2023";"12";"160201";"LORETO";"ALTO AMAZONAS";"YURIMAGUAS";"GOBIERNO REGIONAL";"II-2";"00000210";"HOSPITAL II-2 SANTA GEMA DE YURIMAGUAS";"241600";"HOSPITALIZACIÓN QUIRÚRGICA OBSTETRICIA   ";"186";"200";"438";"438";"25";"775";"0"
"2023";"12";"160201";"LORETO";"ALTO AMAZONAS";"YURIMAGUAS";"GOBIERNO REGIONAL";"II-2";"00000210";"HOSPITAL II-2 SANTA GEMA DE YURIMAGUAS";"241900";"HOSPITALIZACIÓN DE MEDICINA MEDICINA INTERNA ";"53";"62";"247";"247";"12";"589";"5"
"2023";"12";"160201";"LORETO";"ALTO AMAZONAS";"YURIMAGUAS";"GOBIERNO REGIONAL";"II-2";"00000210";"HOSPITAL II-2 SANTA GEMA DE YURIMAGUAS";"242500";"HOSPITALIZACIÓN-PEDIATRÍA GENERAL-";"36";"42";"140";"140";"6";"248";"1"
"2023";"12";"160201";"LORETO";"ALTO AMAZONAS";"YURIMAGUAS";"GOBIERNO REGIONAL";"II-2";"00000210";"HOSPITAL II-2 SANTA GEMA DE YURIMAGUAS";"243200";"HOSPITALIZACIÓN DE PEDIATRÍA PEDIATRIA NEONATOLOGÍA";"16";"19";"124";"190";"6";"248";"0"
"2023";"12";"160108";"LORETO";"MAYNAS";"PUNCHANA";"ESSALUD";"III-1";"00011409";"HOSPITAL III IQUITOS";"241900";"HOSPITALIZACIÓN DE MEDICINA MEDICINA INTERNA ";"128";"133";"1017";"1135";"44";"1364";"5"
"2023";"12";"160108";"LORETO";"MAYNAS";"PUNCHANA";"ESSALUD";"III-1";"00011409";"HOSPITAL III IQUITOS";"240100";"HOSPITALIZACIÓN QUIRÚRGICA CIRUGÍA GENERAL ";"197";"189";"843";"923";"40";"1240";"0"
"2023";"12";"160108";"LORETO";"MAYNAS";"PUNCHANA";"ESSALUD";"III-1";"00011409";"HOSPITAL III IQUITOS";"241400";"HOSPITALIZACIÓN QUIRÚRGICA GINECO - OBSTETRICIA ";"32";"37";"117";"107";"5";"155";"0"
"2023";"12";"160108";"LORETO";"MAYNAS";"PUNCHANA";"ESSALUD";"III-1";"00011409";"HOSPITAL III IQUITOS";"241600";"HOSPITALIZACIÓN QUIRÚRGICA OBSTETRICIA   ";"147";"143";"297";"296";"18";"558";"0"
"2023";"12";"160108";"LORETO";"MAYNAS";"PUNCHANA";"ESSALUD";"III-1";"00011409";"HOSPITAL III IQUITOS";"242300";"HOSPITALIZACIÓN DE PEDIATRÍA  PEDIATRÍA  GENERAL ";"78";"79";"308";"345";"14";"434";"0"
"2023";"12";"160108";"LORETO";"MAYNAS";"PUNCHANA";"ESSALUD";"III-1";"00011409";"HOSPITAL III IQUITOS";"250100";"UNIDAD DE CUIDADOS CRITICOS UNIDAD  DE CUIDADOS INTENSIVOS GENERALES (UCI) ";"21";"19";"185";"260";"10";"310";"4"
"2023";"12";"160108";"LORETO";"MAYNAS";"PUNCHANA";"ESSALUD";"III-1";"00011409";"HOSPITAL III IQUITOS";"250200";"UNIDAD DE CUIDADOS CRITICOS UNIDAD DE CUIDADOS INTERMEDIOS GENERAL  (UCIN) ";"49";"53";"246";"230";"11";"341";"3"
"2023";"12";"150113";"LIMA";"LIMA";"JESUS MARIA";"PRIVADO";"II-E";"00014181";"CLINICA SERVISALUD";"240000";"HOSPITALIZACIÓN";"89";"94";"127";"127";"9";"279";"0"
"2023";"12";"060613";"CAJAMARCA";"CUTERVO";"SANTO TOMAS";"GOBIERNO REGIONAL";"I-1";"00005023";"TAMBILLO DE SANTO TOMAS";"NE_0001";"";"NE_0001";"NE_0001";"NE_0001";"NE_0001";"NE_0001";"NE_0001";"NE_0001"
"2023";"12";"060606";"CAJAMARCA";"CUTERVO";"PIMPINGOS";"GOBIERNO REGIONAL";"I-1";"00011068";"PUCALA";"NE_0001";"";"NE_0001";"NE_0001";"NE_0001";"NE_0001";"NE_0001";"NE_0001";"NE_0001"
"2023";"12";"060613";"CAJAMARCA";"CUTERVO";"SANTO TOMAS";"GOBIERNO REGIONAL";"I-3";"00005020";"SANTO TOMAS";"NE_0001";"";"NE_0001";"NE_0001";"NE_0001";"NE_0001";"NE_0001";"NE_0001";"NE_0001"
"2023";"12";"060613";"CAJAMARCA";"CUTERVO";"SANTO TOMAS";"GOBIERNO REGIONAL";"I-1";"00005022";"EL ARENAL DE SANTO TOMAS";"NE_0001";"";"NE_0001";"NE_0001";"NE_0001";"NE_0001";"NE_0001";"NE_0001";"NE_0001"
"2023";"12";"060613";"CAJAMARCA";"CUTERVO";"SANTO TOMAS";"GOBIERNO REGIONAL";"I-1";"00005021";"VIZA";"NE_0001";"";"NE_0001";"NE_0001";"NE_0001";"NE_0001";"NE_0001";"NE_0001";"NE_0001"
"2023";"12";"150116";"LIMA";"LIMA";"LINCE";"PRIVADO";"II-E";"00009145";"HOGAR CLINICA MONTE SINAI";"240100";"HOSPITALIZACIÓN QUIRÚRGICA CIRUGÍA GENERAL ";"16";"16";"16";"16";"4";"120";"0"
"2023";"12";"150116";"LIMA";"LIMA";"LINCE";"PRIVADO";"II-E";"00009145";"HOGAR CLINICA MONTE SINAI";"240400";"HOSPITALIZACIÓN QUIRÚRGICA CIRUGÍA DE TÓRAX Y CARDIOVASCULAR ";"1";"1";"1";"1";"1";"30";"0"
"2023";"12";"150116";"LIMA";"LIMA";"LINCE";"PRIVADO";"II-E";"00009145";"HOGAR CLINICA MONTE SINAI";"240800";"HOSPITALIZACIÓN QUIRÚRGICA CIRUGÍA PLÁSTICA/RECONSTRUCTIVA/ REPARADORA ";"6";"6";"6";"6";"2";"60";"0"
"2023";"12";"150116";"LIMA";"LIMA";"LINCE";"PRIVADO";"II-E";"00009145";"HOGAR CLINICA MONTE SINAI";"241200";"HOSPITALIZACIÓN QUIRÚRGICA TRAUMATOLOGÍA Y ORTOPEDIA ";"42";"42";"42";"42";"4";"120";"0"
"2023";"12";"060101";"CAJAMARCA";"CAJAMARCA";"CAJAMARCA";"GOBIERNO REGIONAL";"I-3";"00004657";"PACHACUTEC";"NE_0001";"";"NE_0001";"NE_0001";"NE_0001";"NE_0001";"NE_0001";"NE_0001";"NE_0001"
"2023";"12";"060101";"CAJAMARCA";"CAJAMARCA";"CAJAMARCA";"GOBIERNO REGIONAL";"I-1";"00004654";"SAMANACRUZ";"NE_0001";"";"NE_0001";"NE_0001";"NE_0001";"NE_0001";"NE_0001";"NE_0001";"NE_0001"
"2023";"12";"060103";"CAJAMARCA";"CAJAMARCA";"CHETILLA";"GOBIERNO REGIONAL";"I-2";"00004653";"CHETILLA";"NE_0001";"";"NE_0001";"NE_0001";"NE_0001";"NE_0001";"NE_0001";"NE_0001";"NE_0001"
"2023";"09";"130101";"LA LIBERTAD";"TRUJILLO";"TRUJILLO";"ESSALUD";"III-1";"00009042";"VICTOR LAZARTE ECHEGARAY";"250200";"UNIDAD DE CUIDADOS CRITICOS UNIDAD DE CUIDADOS INTERMEDIOS GENERAL  (UCIN) ";"22";"21";"209";"872";"33";"1023";"7"
"2023";"09";"130101";"LA LIBERTAD";"TRUJILLO";"TRUJILLO";"ESSALUD";"III-1";"00009042";"VICTOR LAZARTE ECHEGARAY";"241900";"HOSPITALIZACIÓN DE MEDICINA MEDICINA INTERNA ";"106";"106";"1627";"1840";"64";"1984";"14"
"2023";"09";"130101";"LA LIBERTAD";"TRUJILLO";"TRUJILLO";"ESSALUD";"III-1";"00009042";"VICTOR LAZARTE ECHEGARAY";"241300";"HOSPITALIZACIÓN QUIRÚRGICA UROLOGÍA  ";"32";"32";"263";"75";"12";"372";"0"
"2023";"09";"130101";"LA LIBERTAD";"TRUJILLO";"TRUJILLO";"ESSALUD";"III-1";"00009042";"VICTOR LAZARTE ECHEGARAY";"240100";"HOSPITALIZACIÓN QUIRÚRGICA CIRUGÍA GENERAL ";"837";"837";"1145";"969";"43";"1333";"0"
"2023";"09";"130101";"LA LIBERTAD";"TRUJILLO";"TRUJILLO";"ESSALUD";"III-1";"00009042";"VICTOR LAZARTE ECHEGARAY";"241200";"HOSPITALIZACIÓN QUIRÚRGICA TRAUMATOLOGÍA Y ORTOPEDIA ";"59";"59";"597";"272";"20";"620";"0"
"2023";"09";"130101";"LA LIBERTAD";"TRUJILLO";"TRUJILLO";"ESSALUD";"III-1";"00009042";"VICTOR LAZARTE ECHEGARAY";"241500";"HOSPITALIZACIÓN QUIRÚRGICA GINECOLOGÍA  ";"48";"48";"154";"11";"5";"155";"0"
"2023";"09";"130101";"LA LIBERTAD";"TRUJILLO";"TRUJILLO";"ESSALUD";"III-1";"00009042";"VICTOR LAZARTE ECHEGARAY";"241600";"HOSPITALIZACIÓN QUIRÚRGICA OBSTETRICIA   ";"284";"284";"852";"859";"35";"1085";"0"
"2023";"09";"130101";"LA LIBERTAD";"TRUJILLO";"TRUJILLO";"ESSALUD";"III-1";"00009042";"VICTOR LAZARTE ECHEGARAY";"242300";"HOSPITALIZACIÓN DE PEDIATRÍA  PEDIATRÍA  GENERAL ";"285";"284";"1021";"282";"18";"558";"1"
"2023";"12";"220901";"SAN MARTIN";"SAN MARTIN";"TARAPOTO";"ESSALUD";"II-1";"00027733";"HOSPITAL II TARAPOTO";"241800";"HOSPITALIZACIÓN DE MEDICINA MEDICINA GENERAL ";"65";"63";"624";"634";"21";"651";"4"
"2023";"12";"220901";"SAN MARTIN";"SAN MARTIN";"TARAPOTO";"ESSALUD";"II-1";"00027733";"HOSPITAL II TARAPOTO";"250304";"HOSPIT. EN UNIDAD DE CUID.INTEN.-UNIDAD DE VIGILANCIA INTENSIVA (UVI)-MEDICINA";"11";"10";"205";"127";"8";"248";"7"
"2023";"12";"220901";"SAN MARTIN";"SAN MARTIN";"TARAPOTO";"ESSALUD";"II-1";"00027733";"HOSPITAL II TARAPOTO";"240100";"HOSPITALIZACIÓN QUIRÚRGICA CIRUGÍA GENERAL ";"120";"119";"481";"447";"18";"558";"0"
"2023";"12";"220901";"SAN MARTIN";"SAN MARTIN";"TARAPOTO";"ESSALUD";"II-1";"00027733";"HOSPITAL II TARAPOTO";"241400";"HOSPITALIZACIÓN QUIRÚRGICA GINECO - OBSTETRICIA ";"169";"168";"450";"378";"16";"496";"0"
"2023";"12";"220901";"SAN MARTIN";"SAN MARTIN";"TARAPOTO";"ESSALUD";"II-1";"00027733";"HOSPITAL II TARAPOTO";"242300";"HOSPITALIZACIÓN DE PEDIATRÍA  PEDIATRÍA  GENERAL ";"104";"104";"453";"431";"14";"434";"2"
"2023";"12";"060812";"CAJAMARCA";"JAEN";"SANTA ROSA";"GOBIERNO REGIONAL";"I-3";"00004261";"SANTA ROSA";"NE_0001";"";"NE_0001";"NE_0001";"NE_0001";"NE_0001";"NE_0001";"NE_0001";"NE_0001"
"2023";"12";"030201";"APURIMAC";"ANDAHUAYLAS";"ANDAHUAYLAS";"PRIVADO";"II-E";"00014017";"CLINICA PERUANA DE LOS ANDES";"240000";"HOSPITALIZACIÓN";"8";"8";"10";"8";"6";"186";"0"
"2023";"12";"100102";"HUANUCO";"HUANUCO";"AMARILIS";"ESSALUD";"II-2";"00010571";"HOSPITAL II HUANUCO";"241800";"HOSPITALIZACIÓN DE MEDICINA MEDICINA GENERAL ";"84";"83";"708";"729";"27";"837";"7"
"2023";"12";"100102";"HUANUCO";"HUANUCO";"AMARILIS";"ESSALUD";"II-2";"00010571";"HOSPITAL II HUANUCO";"241300";"HOSPITALIZACIÓN QUIRÚRGICA UROLOGÍA  ";"8";"10";"50";"45";"3";"93";"0"
"2023";"12";"100102";"HUANUCO";"HUANUCO";"AMARILIS";"ESSALUD";"II-2";"00010571";"HOSPITAL II HUANUCO";"240100";"HOSPITALIZACIÓN QUIRÚRGICA CIRUGÍA GENERAL ";"94";"98";"388";"394";"14";"434";"0"
"2023";"12";"100102";"HUANUCO";"HUANUCO";"AMARILIS";"ESSALUD";"II-2";"00010571";"HOSPITAL II HUANUCO";"241200";"HOSPITALIZACIÓN QUIRÚRGICA TRAUMATOLOGÍA Y ORTOPEDIA ";"19";"24";"188";"148";"6";"186";"0"
"2023";"12";"100102";"HUANUCO";"HUANUCO";"AMARILIS";"ESSALUD";"II-2";"00010571";"HOSPITAL II HUANUCO";"241100";"HOSPITALIZACIÓN QUIRÚRGICA OTORRINOLARINGOLOGÍA  ";"3";"3";"4";"6";"2";"62";"0"
"2023";"12";"100102";"HUANUCO";"HUANUCO";"AMARILIS";"ESSALUD";"II-2";"00010571";"HOSPITAL II HUANUCO";"241500";"HOSPITALIZACIÓN QUIRÚRGICA GINECOLOGÍA  ";"17";"17";"46";"39";"6";"186";"0"
"2023";"12";"100102";"HUANUCO";"HUANUCO";"AMARILIS";"ESSALUD";"II-2";"00010571";"HOSPITAL II HUANUCO";"241600";"HOSPITALIZACIÓN QUIRÚRGICA OBSTETRICIA   ";"211";"145";"294";"295";"17";"527";"1"
"2023";"12";"100102";"HUANUCO";"HUANUCO";"AMARILIS";"ESSALUD";"II-2";"00010571";"HOSPITAL II HUANUCO";"242300";"HOSPITALIZACIÓN DE PEDIATRÍA  PEDIATRÍA  GENERAL ";"29";"25";"101";"131";"9";"279";"0"
"2023";"12";"100102";"HUANUCO";"HUANUCO";"AMARILIS";"ESSALUD";"II-2";"00010571";"HOSPITAL II HUANUCO";"243200";"HOSPITALIZACIÓN DE PEDIATRÍA PEDIATRIA NEONATOLOGÍA";"108";"96";"0";"156";"10";"310";"0"
"2023";"12";"100102";"HUANUCO";"HUANUCO";"AMARILIS";"ESSALUD";"II-2";"00010571";"HOSPITAL II HUANUCO";"250100";"UNIDAD DE CUIDADOS CRITICOS UNIDAD  DE CUIDADOS INTENSIVOS GENERALES (UCI) ";"17";"19";"300";"223";"9";"279";"2"
"2023";"12";"100102";"HUANUCO";"HUANUCO";"AMARILIS";"ESSALUD";"II-2";"00010571";"HOSPITAL II HUANUCO";"250200";"UNIDAD DE CUIDADOS CRITICOS UNIDAD DE CUIDADOS INTERMEDIOS GENERAL  (UCIN) ";"2";"2";"42";"103";"4";"124";"4"
"2023";"12";"100102";"HUANUCO";"HUANUCO";"AMARILIS";"ESSALUD";"II-2";"00010571";"HOSPITAL II HUANUCO";"250201";"UNIDAD DE CUIDADOS CRITICOS UNIDAD DE CUIDADOS INTERMEDIOS  (UCIN) NEONATAL";"11";"10";"0";"66";"6";"186";"0"
"2023";"12";"090103";"HUANCAVELICA";"HUANCAVELICA";"ACORIA";"GOBIERNO REGIONAL";"I-1";"00016017";"PATOCCOCHA";"NE_0001";"";"NE_0001";"NE_0001";"NE_0001";"NE_0001";"NE_0001";"NE_0001";"NE_0001"
"2023";"12";"090103";"HUANCAVELICA";"HUANCAVELICA";"ACORIA";"GOBIERNO REGIONAL";"I-3";"00003865";"AÑANCUSI";"NE_0001";"";"NE_0001";"NE_0001";"NE_0001";"NE_0001";"NE_0001";"NE_0001";"NE_0001"
"2023";"12";"220101";"SAN MARTIN";"MOYOBAMBA";"MOYOBAMBA";"GOBIERNO REGIONAL";"I-1";"00027097";"EL CONDOR";"NE_0001";"";"NE_0001";"NE_0001";"NE_0001";"NE_0001";"NE_0001";"NE_0001";"NE_0001"
"2023";"12";"150122";"LIMA";"LIMA";"MIRAFLORES";"ESSALUD";"II-2";"00008489";"ESSALUD - HOSPITAL III SUÁREZ ANGAMOS";"250100";"UNIDAD DE CUIDADOS CRITICOS UNIDAD  DE CUIDADOS INTENSIVOS GENERALES (UCI) ";"5";"5";"79";"168";"7";"217";"4"
"2023";"12";"150122";"LIMA";"LIMA";"MIRAFLORES";"ESSALUD";"II-2";"00008489";"ESSALUD - HOSPITAL III SUÁREZ ANGAMOS";"250200";"UNIDAD DE CUIDADOS CRITICOS UNIDAD DE CUIDADOS INTERMEDIOS GENERAL  (UCIN) ";"3";"6";"38";"137";"6";"186";"1"
"2023";"12";"150122";"LIMA";"LIMA";"MIRAFLORES";"ESSALUD";"II-2";"00008489";"ESSALUD - HOSPITAL III SUÁREZ ANGAMOS";"241800";"HOSPITALIZACIÓN DE MEDICINA MEDICINA GENERAL ";"110";"102";"992";"741";"24";"752";"12"
"2023";"12";"150122";"LIMA";"LIMA";"MIRAFLORES";"ESSALUD";"II-2";"00008489";"ESSALUD - HOSPITAL III SUÁREZ ANGAMOS";"240100";"HOSPITALIZACIÓN QUIRÚRGICA CIRUGÍA GENERAL ";"231";"232";"481";"484";"20";"608";"0"
"2023";"12";"150122";"LIMA";"LIMA";"MIRAFLORES";"ESSALUD";"II-2";"00008489";"ESSALUD - HOSPITAL III SUÁREZ ANGAMOS";"241400";"HOSPITALIZACIÓN QUIRÚRGICA GINECO - OBSTETRICIA ";"50";"51";"92";"103";"4";"130";"0"
"2023";"12";"150122";"LIMA";"LIMA";"MIRAFLORES";"ESSALUD";"II-2";"00008489";"ESSALUD - HOSPITAL III SUÁREZ ANGAMOS";"241600";"HOSPITALIZACIÓN QUIRÚRGICA OBSTETRICIA   ";"201";"201";"302";"344";"13";"407";"0"
"2023";"12";"150122";"LIMA";"LIMA";"MIRAFLORES";"ESSALUD";"II-2";"00008489";"ESSALUD - HOSPITAL III SUÁREZ ANGAMOS";"242300";"HOSPITALIZACIÓN DE PEDIATRÍA  PEDIATRÍA  GENERAL ";"75";"80";"222";"205";"10";"309";"0"
"2023";"12";"150122";"LIMA";"LIMA";"MIRAFLORES";"ESSALUD";"II-2";"00008489";"ESSALUD - HOSPITAL III SUÁREZ ANGAMOS";"243200";"HOSPITALIZACIÓN DE PEDIATRÍA PEDIATRIA NEONATOLOGÍA";"10";"10";"24";"30";"4";"119";"0"
"2023";"12";"120608";"JUNIN";"SATIPO";"RIO TAMBO";"GOBIERNO REGIONAL";"I-1";"00000459";"CUSHIRENI";"NE_0001";"";"NE_0001";"NE_0001";"NE_0001";"NE_0001";"NE_0001";"NE_0001";"NE_0001"
"2023";"12";"120608";"JUNIN";"SATIPO";"RIO TAMBO";"GOBIERNO REGIONAL";"I-1";"00000466";"SANTA ROSITA DE SHIRINTIARI";"NE_0001";"";"NE_0001";"NE_0001";"NE_0001";"NE_0001";"NE_0001";"NE_0001";"NE_0001"
"2023";"12";"120606";"JUNIN";"SATIPO";"PANGOA";"GOBIERNO REGIONAL";"I-1";"00006879";"UNION PUERTO ASHANINKA";"NE_0001";"";"NE_0001";"NE_0001";"NE_0001";"NE_0001";"NE_0001";"NE_0001";"NE_0001"
"2023";"12";"120608";"JUNIN";"SATIPO";"RIO TAMBO";"GOBIERNO REGIONAL";"I-2";"00000474";"QUITENI";"NE_0001";"";"NE_0001";"NE_0001";"NE_0001";"NE_0001";"NE_0001";"NE_0001";"NE_0001"
"2023";"12";"120608";"JUNIN";"SATIPO";"RIO TAMBO";"GOBIERNO REGIONAL";"I-1";"00000461";"SHEVOJA";"NE_0001";"";"NE_0001";"NE_0001";"NE_0001";"NE_0001";"NE_0001";"NE_0001";"NE_0001"
"2023";"12";"120608";"JUNIN";"SATIPO";"RIO TAMBO";"GOBIERNO REGIONAL";"I-2";"00000463";"BOCA CHEMBO";"NE_0001";"";"NE_0001";"NE_0001";"NE_0001";"NE_0001";"NE_0001";"NE_0001";"NE_0001"
"2023";"12";"120608";"JUNIN";"SATIPO";"RIO TAMBO";"GOBIERNO REGIONAL";"I-1";"00000464";"IMPANEKIARI";"NE_0001";"";"NE_0001";"NE_0001";"NE_0001";"NE_0001";"NE_0001";"NE_0001";"NE_0001"
"2023";"12";"120606";"JUNIN";"SATIPO";"PANGOA";"GOBIERNO REGIONAL";"I-1";"00006878";"POTSOTENI";"NE_0001";"";"NE_0001";"NE_0001";"NE_0001";"NE_0001";"NE_0001";"NE_0001";"NE_0001"
"2023";"12";"120608";"JUNIN";"SATIPO";"RIO TAMBO";"GOBIERNO REGIONAL";"I-1";"00000475";"CAPERUSIA";"NE_0001";"";"NE_0001";"NE_0001";"NE_0001";"NE_0001";"NE_0001";"NE_0001";"NE_0001"
"2023";"12";"120608";"JUNIN";"SATIPO";"RIO TAMBO";"GOBIERNO REGIONAL";"I-2";"00007187";"VISTA  ALEGRE DEL VALLE DE SANTA CRUZ";"NE_0001";"";"NE_0001";"NE_0001";"NE_0001";"NE_0001";"NE_0001";"NE_0001";"NE_0001"
"2023";"12";"120608";"JUNIN";"SATIPO";"RIO TAMBO";"GOBIERNO REGIONAL";"I-3";"00000460";"BETANIA";"NE_0001";"";"NE_0001";"NE_0001";"NE_0001";"NE_0001";"NE_0001";"NE_0001";"NE_0001"
"2023";"12";"120608";"JUNIN";"SATIPO";"RIO TAMBO";"GOBIERNO REGIONAL";"I-3";"00000469";"PUERTO OCOPA";"NE_0001";"";"NE_0001";"NE_0001";"NE_0001";"NE_0001";"NE_0001";"NE_0001";"NE_0001"
"2023";"12";"120608";"JUNIN";"SATIPO";"RIO TAMBO";"GOBIERNO REGIONAL";"I-2";"00000470";"SAN MIGUEL DE OTICA";"NE_0001";"";"NE_0001";"NE_0001";"NE_0001";"NE_0001";"NE_0001";"NE_0001";"NE_0001"
"2023";"12";"120608";"JUNIN";"SATIPO";"RIO TAMBO";"GOBIERNO REGIONAL";"I-2";"00000472";"OVIRI";"NE_0001";"";"NE_0001";"NE_0001";"NE_0001";"NE_0001";"NE_0001";"NE_0001";"NE_0001"
"2023";"12";"120608";"JUNIN";"SATIPO";"RIO TAMBO";"GOBIERNO REGIONAL";"I-3";"00000462";"POYENI";"NE_0001";"";"NE_0001";"NE_0001";"NE_0001";"NE_0001";"NE_0001";"NE_0001";"NE_0001"
"2023";"12";"120608";"JUNIN";"SATIPO";"RIO TAMBO";"GOBIERNO REGIONAL";"I-2";"00000465";"CAPITIRI";"NE_0001";"";"NE_0001";"NE_0001";"NE_0001";"NE_0001";"NE_0001";"NE_0001";"NE_0001"
"2023";"12";"240201";"TUMBES";"CONTRALMIRANTE VILLAR";"ZORRITOS";"GOBIERNO REGIONAL";"I-1";"00001904";"BOCAPAN.";"NE_0001";"";"NE_0001";"NE_0001";"NE_0001";"NE_0001";"NE_0001";"NE_0001";"NE_0001"
"2023";"12";"240201";"TUMBES";"CONTRALMIRANTE VILLAR";"ZORRITOS";"GOBIERNO REGIONAL";"I-1";"00001901";"GRAU";"NE_0001";"";"NE_0001";"NE_0001";"NE_0001";"NE_0001";"NE_0001";"NE_0001";"NE_0001"
"2023";"12";"240201";"TUMBES";"CONTRALMIRANTE VILLAR";"ZORRITOS";"GOBIERNO REGIONAL";"I-2";"00001903";"ACAPULCO.";"NE_0001";"";"NE_0001";"NE_0001";"NE_0001";"NE_0001";"NE_0001";"NE_0001";"NE_0001"
"2023";"12";"240105";"TUMBES";"TUMBES";"SAN JACINTO";"GOBIERNO REGIONAL";"I-1";"00001907";"CAPITAN HOYLE  *";"NE_0001";"";"NE_0001";"NE_0001";"NE_0001";"NE_0001";"NE_0001";"NE_0001";"NE_0001"
"2023";"12";"240202";"TUMBES";"CONTRALMIRANTE VILLAR";"CASITAS";"GOBIERNO REGIONAL";"I-3";"00001897";"CAÑAVERAL";"NE_0001";"";"NE_0001";"NE_0001";"NE_0001";"NE_0001";"NE_0001";"NE_0001";"NE_0001"
"2023";"12";"240202";"TUMBES";"CONTRALMIRANTE VILLAR";"CASITAS";"GOBIERNO REGIONAL";"I-1";"00001898";"TRIGAL";"NE_0001";"";"NE_0001";"NE_0001";"NE_0001";"NE_0001";"NE_0001";"NE_0001";"NE_0001"
"2023";"12";"240202";"TUMBES";"CONTRALMIRANTE VILLAR";"CASITAS";"GOBIERNO REGIONAL";"I-2";"00001899";"LA CHOZA";"NE_0001";"";"NE_0001";"NE_0001";"NE_0001";"NE_0001";"NE_0001";"NE_0001";"NE_0001"
"2023";"12";"240203";"TUMBES";"CONTRALMIRANTE VILLAR";"CANOAS DE PUNTA SAL";"GOBIERNO REGIONAL";"I-1";"00001905";"BARRANCOS.";"NE_0001";"";"NE_0001";"NE_0001";"NE_0001";"NE_0001";"NE_0001";"NE_0001";"NE_0001"
"2023";"12";"240203";"TUMBES";"CONTRALMIRANTE VILLAR";"CANOAS DE PUNTA SAL";"GOBIERNO REGIONAL";"I-1";"00001906";"PAJARITOS";"NE_0001";"";"NE_0001";"NE_0001";"NE_0001";"NE_0001";"NE_0001";"NE_0001";"NE_0001"
"2023";"12";"240201";"TUMBES";"CONTRALMIRANTE VILLAR";"ZORRITOS";"GOBIERNO REGIONAL";"I-4";"00001900";"ZORRITOS";"241800";"HOSPITALIZACIÓN DE MEDICINA MEDICINA GENERAL ";"4";"4";"7";"5";"1";"31";"0"
"2023";"12";"240201";"TUMBES";"CONTRALMIRANTE VILLAR";"ZORRITOS";"GOBIERNO REGIONAL";"I-4";"00001900";"ZORRITOS";"241600";"HOSPITALIZACIÓN QUIRÚRGICA OBSTETRICIA   ";"2";"2";"2";"2";"1";"31";"0"
"2023";"12";"100110";"HUANUCO";"HUANUCO";"YARUMAYO";"GOBIERNO REGIONAL";"I-2";"00006906";"TRES DE MAYO DE ANDAS CHICO";"NE_0001";"";"NE_0001";"NE_0001";"NE_0001";"NE_0001";"NE_0001";"NE_0001";"NE_0001"
"2023";"12";"100110";"HUANUCO";"HUANUCO";"YARUMAYO";"GOBIERNO REGIONAL";"I-1";"00000795";"CHULLAY";"NE_0001";"";"NE_0001";"NE_0001";"NE_0001";"NE_0001";"NE_0001";"NE_0001";"NE_0001"
"2023";"12";"100110";"HUANUCO";"HUANUCO";"YARUMAYO";"GOBIERNO REGIONAL";"I-3";"00000793";"YARUMAYO";"NE_0001";"";"NE_0001";"NE_0001";"NE_0001";"NE_0001";"NE_0001";"NE_0001";"NE_0001"
"2023";"11";"150121";"LIMA";"LIMA";"PUEBLO LIBRE";"PRIVADO";"II-E";"00008351";"CLINICAS SAN BERNARDO S.A.";"240000";"HOSPITALIZACIÓN";"135";"143";"337";"370";"22";"660";"0"
"2023";"11";"070102";"CALLAO";"CALLAO";"BELLAVISTA";"ESSALUD";"III-1";"00008265";"HOSPITAL NACIONAL ALBERTO SABOGAL SOLOGUREN DE LA RED ASISTENCIAL SABOGAL";"241900";"HOSPITALIZACIÓN DE MEDICINA MEDICINA INTERNA ";"450";"456";"5595";"5454";"192";"5779";"32"
"2023";"11";"070102";"CALLAO";"CALLAO";"BELLAVISTA";"ESSALUD";"III-1";"00008265";"HOSPITAL NACIONAL ALBERTO SABOGAL SOLOGUREN DE LA RED ASISTENCIAL SABOGAL";"240100";"HOSPITALIZACIÓN QUIRÚRGICA CIRUGÍA GENERAL ";"180";"163";"1175";"1164";"43";"1314";"2"
"2023";"11";"070102";"CALLAO";"CALLAO";"BELLAVISTA";"ESSALUD";"III-1";"00008265";"HOSPITAL NACIONAL ALBERTO SABOGAL SOLOGUREN DE LA RED ASISTENCIAL SABOGAL";"240200";"HOSPITALIZACIÓN QUIRÚRGICA CIRUGÍA DE CABEZA Y CUELLO / MÁXILO FACIAL ";"56";"54";"219";"209";"8";"232";"0"
"2023";"11";"070102";"CALLAO";"CALLAO";"BELLAVISTA";"ESSALUD";"III-1";"00008265";"HOSPITAL NACIONAL ALBERTO SABOGAL SOLOGUREN DE LA RED ASISTENCIAL SABOGAL";"240400";"HOSPITALIZACIÓN QUIRÚRGICA CIRUGÍA DE TÓRAX Y CARDIOVASCULAR ";"18";"15";"65";"82";"3";"90";"0"
"2023";"11";"070102";"CALLAO";"CALLAO";"BELLAVISTA";"ESSALUD";"III-1";"00008265";"HOSPITAL NACIONAL ALBERTO SABOGAL SOLOGUREN DE LA RED ASISTENCIAL SABOGAL";"240800";"HOSPITALIZACIÓN QUIRÚRGICA CIRUGÍA PLÁSTICA/RECONSTRUCTIVA/ REPARADORA ";"6";"7";"162";"40";"2";"50";"0"
"2023";"11";"070102";"CALLAO";"CALLAO";"BELLAVISTA";"ESSALUD";"III-1";"00008265";"HOSPITAL NACIONAL ALBERTO SABOGAL SOLOGUREN DE LA RED ASISTENCIAL SABOGAL";"241700";"HOSPITALIZACIÓN QUIRÚRGICA GINECOLOGÍA   GINECOLOGIA ONCOLOGiCA";"47";"53";"195";"178";"6";"180";"0"
"2023";"11";"070102";"CALLAO";"CALLAO";"BELLAVISTA";"ESSALUD";"III-1";"00008265";"HOSPITAL NACIONAL ALBERTO SABOGAL SOLOGUREN DE LA RED ASISTENCIAL SABOGAL";"241900";"HOSPITALIZACIÓN DE MEDICINA MEDICINA INTERNA ";"22";"24";"197";"137";"5";"150";"0"
"2023";"11";"070102";"CALLAO";"CALLAO";"BELLAVISTA";"ESSALUD";"III-1";"00008265";"HOSPITAL NACIONAL ALBERTO SABOGAL SOLOGUREN DE LA RED ASISTENCIAL SABOGAL";"242000";"HOSPITALIZACIÓN DE MEDICINA MEDICINA TROPICAL E INFECCIOSAS ";"20";"19";"233";"313";"11";"330";"0"
"2023";"11";"070102";"CALLAO";"CALLAO";"BELLAVISTA";"ESSALUD";"III-1";"00008265";"HOSPITAL NACIONAL ALBERTO SABOGAL SOLOGUREN DE LA RED ASISTENCIAL SABOGAL";"242100";"HOSPITALIZACIÓN DE MEDICINA ONCOLOGÍA MÉDICA ";"87";"91";"451";"361";"14";"401";"4"
"2023";"11";"070102";"CALLAO";"CALLAO";"BELLAVISTA";"ESSALUD";"III-1";"00008265";"HOSPITAL NACIONAL ALBERTO SABOGAL SOLOGUREN DE LA RED ASISTENCIAL SABOGAL";"240700";"HOSPITALIZACIÓN QUIRÚRGICA CIRUGÍA PEDIÁTRICA ";"55";"56";"334";"320";"14";"420";"0"
"2023";"11";"070102";"CALLAO";"CALLAO";"BELLAVISTA";"ESSALUD";"III-1";"00008265";"HOSPITAL NACIONAL ALBERTO SABOGAL SOLOGUREN DE LA RED ASISTENCIAL SABOGAL";"240900";"HOSPITALIZACIÓN QUIRÚRGICA NEUROCIRUGÍA ";"38";"42";"475";"327";"13";"390";"0"
"2023";"11";"070102";"CALLAO";"CALLAO";"BELLAVISTA";"ESSALUD";"III-1";"00008265";"HOSPITAL NACIONAL ALBERTO SABOGAL SOLOGUREN DE LA RED ASISTENCIAL SABOGAL";"241100";"HOSPITALIZACIÓN QUIRÚRGICA OTORRINOLARINGOLOGÍA  ";"54";"52";"126";"104";"4";"120";"0"
"2023";"11";"070102";"CALLAO";"CALLAO";"BELLAVISTA";"ESSALUD";"III-1";"00008265";"HOSPITAL NACIONAL ALBERTO SABOGAL SOLOGUREN DE LA RED ASISTENCIAL SABOGAL";"241200";"HOSPITALIZACIÓN QUIRÚRGICA TRAUMATOLOGÍA Y ORTOPEDIA ";"130";"121";"796";"1046";"39";"1161";"0"
"2023";"11";"070102";"CALLAO";"CALLAO";"BELLAVISTA";"ESSALUD";"III-1";"00008265";"HOSPITAL NACIONAL ALBERTO SABOGAL SOLOGUREN DE LA RED ASISTENCIAL SABOGAL";"241300";"HOSPITALIZACIÓN QUIRÚRGICA UROLOGÍA  ";"93";"90";"487";"435";"16";"483";"0"
"2023";"11";"070102";"CALLAO";"CALLAO";"BELLAVISTA";"ESSALUD";"III-1";"00008265";"HOSPITAL NACIONAL ALBERTO SABOGAL SOLOGUREN DE LA RED ASISTENCIAL SABOGAL";"241500";"HOSPITALIZACIÓN QUIRÚRGICA GINECOLOGÍA  ";"88";"77";"253";"246";"10";"300";"0"
"2023";"11";"070102";"CALLAO";"CALLAO";"BELLAVISTA";"ESSALUD";"III-1";"00008265";"HOSPITAL NACIONAL ALBERTO SABOGAL SOLOGUREN DE LA RED ASISTENCIAL SABOGAL";"241600";"HOSPITALIZACIÓN QUIRÚRGICA OBSTETRICIA   ";"243";"234";"1037";"1065";"45";"1350";"0"
"2023";"11";"070102";"CALLAO";"CALLAO";"BELLAVISTA";"ESSALUD";"III-1";"00008265";"HOSPITAL NACIONAL ALBERTO SABOGAL SOLOGUREN DE LA RED ASISTENCIAL SABOGAL";"242300";"HOSPITALIZACIÓN DE PEDIATRÍA  PEDIATRÍA  GENERAL ";"100";"93";"1382";"971";"35";"1050";"0"
"2023";"11";"070102";"CALLAO";"CALLAO";"BELLAVISTA";"ESSALUD";"III-1";"00008265";"HOSPITAL NACIONAL ALBERTO SABOGAL SOLOGUREN DE LA RED ASISTENCIAL SABOGAL";"250100";"UNIDAD DE CUIDADOS CRITICOS UNIDAD  DE CUIDADOS INTENSIVOS GENERALES (UCI) ";"28";"36";"363";"259";"9";"270";"12"
"2023";"11";"070102";"CALLAO";"CALLAO";"BELLAVISTA";"ESSALUD";"III-1";"00008265";"HOSPITAL NACIONAL ALBERTO SABOGAL SOLOGUREN DE LA RED ASISTENCIAL SABOGAL";"250200";"UNIDAD DE CUIDADOS CRITICOS UNIDAD DE CUIDADOS INTERMEDIOS GENERAL  (UCIN) ";"18";"46";"1138";"485";"17";"510";"6"
"2023";"11";"080801";"CUSCO";"ESPINAR";"ESPINAR";"GOBIERNO REGIONAL";"II-1";"00007135";"ESPINAR";"240100";"HOSPITALIZACIÓN QUIRÚRGICA CIRUGÍA GENERAL ";"33";"27";"105";"104";"8";"240";"0"
"2023";"11";"080801";"CUSCO";"ESPINAR";"ESPINAR";"GOBIERNO REGIONAL";"II-1";"00007135";"ESPINAR";"241600";"HOSPITALIZACIÓN QUIRÚRGICA OBSTETRICIA   ";"51";"54";"123";"118";"13";"390";"0"
"2023";"11";"080801";"CUSCO";"ESPINAR";"ESPINAR";"GOBIERNO REGIONAL";"II-1";"00007135";"ESPINAR";"241800";"HOSPITALIZACIÓN DE MEDICINA MEDICINA GENERAL ";"9";"10";"36";"34";"8";"240";"3"
"2023";"11";"080801";"CUSCO";"ESPINAR";"ESPINAR";"GOBIERNO REGIONAL";"II-1";"00007135";"ESPINAR";"242500";"HOSPITALIZACIÓN-PEDIATRÍA GENERAL-";"4";"4";"19";"19";"5";"150";"0"
"2023";"11";"080801";"CUSCO";"ESPINAR";"ESPINAR";"GOBIERNO REGIONAL";"II-1";"00007135";"ESPINAR";"243200";"HOSPITALIZACIÓN DE PEDIATRÍA PEDIATRIA NEONATOLOGÍA";"1";"1";"3";"3";"1";"30";"0"
"2023";"11";"080801";"CUSCO";"ESPINAR";"ESPINAR";"GOBIERNO REGIONAL";"II-1";"00007135";"ESPINAR";"241500";"HOSPITALIZACIÓN QUIRÚRGICA GINECOLOGÍA  ";"21";"22";"51";"48";"7";"210";"0"
"2023";"11";"150101";"LIMA";"LIMA";"LIMA";"MINSA";"III-1";"00006207";"HOSPITAL NACIONAL ARZOBISPO LOAYZA";"241900";"HOSPITALIZACIÓN DE MEDICINA MEDICINA INTERNA ";"635";"579";"5469";"6145";"221";"6630";"35"
"2023";"11";"150101";"LIMA";"LIMA";"LIMA";"MINSA";"III-1";"00006207";"HOSPITAL NACIONAL ARZOBISPO LOAYZA";"240100";"HOSPITALIZACIÓN QUIRÚRGICA CIRUGÍA GENERAL ";"449";"496";"3402";"4114";"150";"4500";"2"
"2023";"11";"150101";"LIMA";"LIMA";"LIMA";"MINSA";"III-1";"00006207";"HOSPITAL NACIONAL ARZOBISPO LOAYZA";"241500";"HOSPITALIZACIÓN QUIRÚRGICA GINECOLOGÍA  ";"114";"121";"761";"804";"34";"1020";"0"
"2023";"11";"150101";"LIMA";"LIMA";"LIMA";"MINSA";"III-1";"00006207";"HOSPITAL NACIONAL ARZOBISPO LOAYZA";"241600";"HOSPITALIZACIÓN QUIRÚRGICA OBSTETRICIA   ";"164";"170";"753";"789";"53";"1590";"0"
"2023";"11";"150101";"LIMA";"LIMA";"LIMA";"MINSA";"III-1";"00006207";"HOSPITAL NACIONAL ARZOBISPO LOAYZA";"242300";"HOSPITALIZACIÓN DE PEDIATRÍA  PEDIATRÍA  GENERAL ";"103";"99";"512";"681";"38";"1140";"1"
"2023";"11";"150101";"LIMA";"LIMA";"LIMA";"MINSA";"III-1";"00006207";"HOSPITAL NACIONAL ARZOBISPO LOAYZA";"250100";"UNIDAD DE CUIDADOS CRITICOS UNIDAD  DE CUIDADOS INTENSIVOS GENERALES (UCI) ";"57";"26";"1068";"1076";"45";"1350";"24"
"2023";"11";"150101";"LIMA";"LIMA";"LIMA";"MINSA";"III-1";"00006207";"HOSPITAL NACIONAL ARZOBISPO LOAYZA";"250200";"UNIDAD DE CUIDADOS CRITICOS UNIDAD DE CUIDADOS INTERMEDIOS GENERAL  (UCIN) ";"0";"2";"114";"145";"6";"180";"1"
"2023";"11";"150101";"LIMA";"LIMA";"LIMA";"MINSA";"III-1";"00006207";"HOSPITAL NACIONAL ARZOBISPO LOAYZA";"240801";"HOSPITALIZACIÓN QUIRÚRGICA CIRUGÍA PLÁSTICA/RECONSTRUCTIVA/ REPARADORA QUEMADOS";"21";"27";"543";"658";"23";"690";"0"
"2023";"11";"150101";"LIMA";"LIMA";"LIMA";"MINSA";"III-1";"00006207";"HOSPITAL NACIONAL ARZOBISPO LOAYZA";"250105";"UNIDAD DE CUIDADOS CRITICOS UNIDAD  DE CUIDADOS INTENSIVOS  (UCI) NEONATOLOGÍA";"10";"27";"296";"318";"26";"780";"3"
"2023";"11";"150101";"LIMA";"LIMA";"LIMA";"MINSA";"III-1";"00006207";"HOSPITAL NACIONAL ARZOBISPO LOAYZA";"250101";"UNIDAD DE CUIDADOS CRITICOS UNIDAD  DE CUIDADOS INTENSIVOS GENERALES (UCI) CARDIOLOGIA";"16";"13";"89";"134";"6";"180";"3"
"2023";"11";"150101";"LIMA";"LIMA";"LIMA";"MINSA";"III-1";"00006207";"HOSPITAL NACIONAL ARZOBISPO LOAYZA";"241200";"HOSPITALIZACIÓN QUIRÚRGICA TRAUMATOLOGÍA Y ORTOPEDIA ";"46";"53";"510";"582";"20";"600";"1"
"2023";"11";"150101";"LIMA";"LIMA";"LIMA";"MINSA";"III-1";"00006207";"HOSPITAL NACIONAL ARZOBISPO LOAYZA";"245300";"HOSPITALIZACIÓN DE MEDICINA NEUMOLOGÍA  ";"5";"6";"98";"102";"4";"120";"0"
"2023";"11";"150101";"LIMA";"LIMA";"LIMA";"MINSA";"III-2";"00006209";"INSTITUTO NACIONAL DE CIENCIAS NEUROLOGICAS";"244800";"HOSPITALIZACIÓN DE MEDICINA-NEUROLOGIA -NEUROLOGIA DE LA CONDUCTA";"36";"30";"245";"212";"15";"448";"0"
"2023";"11";"150101";"LIMA";"LIMA";"LIMA";"MINSA";"III-2";"00006209";"INSTITUTO NACIONAL DE CIENCIAS NEUROLOGICAS";"245200";"HOSPITALIZACIÓN DE MEDICINA NEUROLOGIA  EPILEPSIA/EPILEPTOLOGIA";"34";"26";"194";"250";"9";"282";"0"
"2023";"11";"150101";"LIMA";"LIMA";"LIMA";"MINSA";"III-2";"00006209";"INSTITUTO NACIONAL DE CIENCIAS NEUROLOGICAS";"243400";"HOSPITALIZACIÓN DE PEDIATRÍA PEDIATRIA NEUROLOGÍA PEDIÁTRICA";"17";"15";"192";"231";"14";"420";"0"
"2023";"11";"150101";"LIMA";"LIMA";"LIMA";"MINSA";"III-2";"00006209";"INSTITUTO NACIONAL DE CIENCIAS NEUROLOGICAS";"245100";"HOSPITALIZACIÓN DE MEDICINA NEUROLOGIA  ENFERMEDADES INFECCIOSAS/TRANSMISIBLES DEL SISTEMA NERVIOSO";"26";"23";"639";"447";"16";"473";"0"
"2023";"11";"150101";"LIMA";"LIMA";"LIMA";"MINSA";"III-2";"00006209";"INSTITUTO NACIONAL DE CIENCIAS NEUROLOGICAS";"245000";"HOSPITALIZACIÓN DE MEDICINA NEUROLOGIA  NEUROVASCULARES Y METABOLICAS";"25";"23";"324";"342";"12";"360";"0"
"2023";"11";"150101";"LIMA";"LIMA";"LIMA";"MINSA";"III-2";"00006209";"INSTITUTO NACIONAL DE CIENCIAS NEUROLOGICAS";"244900";"HOSPITALIZACIÓN DE MEDICINA NEUROLOGIA  NEURODEGENERATIVAS";"40";"34";"471";"495";"23";"679";"0"
"2023";"11";"150101";"LIMA";"LIMA";"LIMA";"MINSA";"III-2";"00006209";"INSTITUTO NACIONAL DE CIENCIAS NEUROLOGICAS";"240900";"HOSPITALIZACIÓN QUIRÚRGICA NEUROCIRUGÍA ";"139";"65";"1000";"909";"33";"992";"1"
"2023";"11";"150101";"LIMA";"LIMA";"LIMA";"MINSA";"III-2";"00006209";"INSTITUTO NACIONAL DE CIENCIAS NEUROLOGICAS";"250106";"UNIDAD DE CUIDADOS CRITICOS UNIDAD  DE CUIDADOS INTENSIVOS  (UCI) NEUROLÓGICA";"14";"2";"14";"196";"7";"210";"1"
"2023";"11";"150101";"LIMA";"LIMA";"LIMA";"MINSA";"III-2";"00006209";"INSTITUTO NACIONAL DE CIENCIAS NEUROLOGICAS";"250200";"UNIDAD DE CUIDADOS CRITICOS UNIDAD DE CUIDADOS INTERMEDIOS GENERAL  (UCIN) ";"2";"2";"149";"120";"6";"180";"1"
"2023";"11";"080106";"CUSCO";"CUSCO";"SANTIAGO";"GOBIERNO REGIONAL";"III-1";"00002305";"ANTONIO LORENA DEL CUSCO";"250100";"UNIDAD DE CUIDADOS CRITICOS UNIDAD  DE CUIDADOS INTENSIVOS GENERALES (UCI) ";"32";"26";"174";"170";"6";"180";"2"
"2023";"11";"080106";"CUSCO";"CUSCO";"SANTIAGO";"GOBIERNO REGIONAL";"III-1";"00002305";"ANTONIO LORENA DEL CUSCO";"250200";"UNIDAD DE CUIDADOS CRITICOS UNIDAD DE CUIDADOS INTERMEDIOS GENERAL  (UCIN) ";"31";"25";"273";"214";"8";"240";"1"
"2023";"11";"080106";"CUSCO";"CUSCO";"SANTIAGO";"GOBIERNO REGIONAL";"III-1";"00002305";"ANTONIO LORENA DEL CUSCO";"240100";"HOSPITALIZACIÓN QUIRÚRGICA CIRUGÍA GENERAL ";"169";"143";"889";"802";"31";"930";"2"
"2023";"11";"080106";"CUSCO";"CUSCO";"SANTIAGO";"GOBIERNO REGIONAL";"III-1";"00002305";"ANTONIO LORENA DEL CUSCO";"240900";"HOSPITALIZACIÓN QUIRÚRGICA NEUROCIRUGÍA ";"37";"28";"250";"245";"10";"300";"0"
"2023";"11";"080106";"CUSCO";"CUSCO";"SANTIAGO";"GOBIERNO REGIONAL";"III-1";"00002305";"ANTONIO LORENA DEL CUSCO";"241200";"HOSPITALIZACIÓN QUIRÚRGICA TRAUMATOLOGÍA Y ORTOPEDIA ";"49";"40";"245";"224";"10";"300";"0"
"2023";"11";"080106";"CUSCO";"CUSCO";"SANTIAGO";"GOBIERNO REGIONAL";"III-1";"00002305";"ANTONIO LORENA DEL CUSCO";"244000";"HOSPITALIZACIÓN DE MEDICINA CARDIOLOGIA ";"22";"21";"172";"140";"10";"300";"0"
"2023";"11";"080106";"CUSCO";"CUSCO";"SANTIAGO";"GOBIERNO REGIONAL";"III-1";"00002305";"ANTONIO LORENA DEL CUSCO";"241900";"HOSPITALIZACIÓN DE MEDICINA MEDICINA INTERNA ";"120";"98";"604";"586";"28";"840";"9"
"2023";"11";"080106";"CUSCO";"CUSCO";"SANTIAGO";"GOBIERNO REGIONAL";"III-1";"00002305";"ANTONIO LORENA DEL CUSCO";"245300";"HOSPITALIZACIÓN DE MEDICINA NEUMOLOGÍA  ";"25";"22";"187";"169";"9";"270";"1"
"2023";"11";"080106";"CUSCO";"CUSCO";"SANTIAGO";"GOBIERNO REGIONAL";"III-1";"00002305";"ANTONIO LORENA DEL CUSCO";"242204";"HOSPITALIZACIÓN DE MEDICINA PSIQUIATRÍA REHABILITACIÓN PSIQUIÁTRICA / REINSERCIÓN ";"21";"11";"262";"288";"10";"300";"0"
"2023";"11";"080106";"CUSCO";"CUSCO";"SANTIAGO";"GOBIERNO REGIONAL";"III-1";"00002305";"ANTONIO LORENA DEL CUSCO";"242000";"HOSPITALIZACIÓN DE MEDICINA MEDICINA TROPICAL E INFECCIOSAS ";"23";"15";"348";"203";"8";"240";"2"
"2023";"11";"080106";"CUSCO";"CUSCO";"SANTIAGO";"GOBIERNO REGIONAL";"III-1";"00002305";"ANTONIO LORENA DEL CUSCO";"242100";"HOSPITALIZACIÓN DE MEDICINA ONCOLOGÍA MÉDICA ";"2";"2";"6";"6";"5";"150";"1"
"2023";"11";"080106";"CUSCO";"CUSCO";"SANTIAGO";"GOBIERNO REGIONAL";"III-1";"00002305";"ANTONIO LORENA DEL CUSCO";"241000";"HOSPITALIZACIÓN QUIRÚRGICA ONCOLOGÍA QUIRÚRGICA  ";"19";"14";"79";"145";"7";"210";"0"
"2023";"11";"080106";"CUSCO";"CUSCO";"SANTIAGO";"GOBIERNO REGIONAL";"III-1";"00002305";"ANTONIO LORENA DEL CUSCO";"241500";"HOSPITALIZACIÓN QUIRÚRGICA GINECOLOGÍA  ";"96";"87";"202";"199";"10";"300";"0"
"2023";"11";"080106";"CUSCO";"CUSCO";"SANTIAGO";"GOBIERNO REGIONAL";"III-1";"00002305";"ANTONIO LORENA DEL CUSCO";"241400";"HOSPITALIZACIÓN QUIRÚRGICA GINECO - OBSTETRICIA ";"184";"166";"459";"476";"20";"600";"0"
"2023";"11";"080106";"CUSCO";"CUSCO";"SANTIAGO";"GOBIERNO REGIONAL";"III-1";"00002305";"ANTONIO LORENA DEL CUSCO";"242300";"HOSPITALIZACIÓN DE PEDIATRÍA  PEDIATRÍA  GENERAL ";"49";"38";"233";"240";"12";"360";"0"
"2023";"11";"080106";"CUSCO";"CUSCO";"SANTIAGO";"GOBIERNO REGIONAL";"III-1";"00002305";"ANTONIO LORENA DEL CUSCO";"243200";"HOSPITALIZACIÓN DE PEDIATRÍA PEDIATRIA NEONATOLOGÍA";"58";"47";"236";"292";"15";"450";"0"
"2023";"11";"080106";"CUSCO";"CUSCO";"SANTIAGO";"GOBIERNO REGIONAL";"III-1";"00002305";"ANTONIO LORENA DEL CUSCO";"250105";"UNIDAD DE CUIDADOS CRITICOS UNIDAD  DE CUIDADOS INTENSIVOS  (UCI) NEONATOLOGÍA";"23";"17";"149";"174";"8";"240";"2"
"2023";"11";"080106";"CUSCO";"CUSCO";"SANTIAGO";"GOBIERNO REGIONAL";"III-1";"00002305";"ANTONIO LORENA DEL CUSCO";"243600";"HOSPITALIZACIÓN DE PEDIATRÍA PEDIATRIA ONCOLOGÍA PEDIÁTRICA";"7";"3";"73";"93";"9";"270";"0"
"2023";"11";"061108";"CAJAMARCA";"SAN MIGUEL";"NANCHOC";"GOBIERNO REGIONAL";"I-3";"00004532";"NANCHOC";"NE_0001";"";"NE_0001";"NE_0001";"NE_0001";"NE_0001";"NE_0001";"NE_0001";"NE_0001"
"2023";"11";"061102";"CAJAMARCA";"SAN MIGUEL";"BOLIVAR";"GOBIERNO REGIONAL";"I-2";"00004534";"BOLIVAR";"NE_0001";"";"NE_0001";"NE_0001";"NE_0001";"NE_0001";"NE_0001";"NE_0001";"NE_0001"
"2023";"11";"061110";"CAJAMARCA";"SAN MIGUEL";"SAN GREGORIO";"GOBIERNO REGIONAL";"I-2";"00004537";"CASA BLANCA";"NE_0001";"";"NE_0001";"NE_0001";"NE_0001";"NE_0001";"NE_0001";"NE_0001";"NE_0001"
"2023";"11";"061102";"CAJAMARCA";"SAN MIGUEL";"BOLIVAR";"GOBIERNO REGIONAL";"I-1";"00007405";"SAN JOSE";"NE_0001";"";"NE_0001";"NE_0001";"NE_0001";"NE_0001";"NE_0001";"NE_0001";"NE_0001"
"2023";"11";"060801";"CAJAMARCA";"JAEN";"JAEN";"GOBIERNO REGIONAL";"II-2";"00004210";"HOSPITAL GENERAL DE JAEN";"241800";"HOSPITALIZACIÓN DE MEDICINA MEDICINA GENERAL ";"87";"112";"784";"1830";"40";"2383";"10"
"2023";"11";"060801";"CAJAMARCA";"JAEN";"JAEN";"GOBIERNO REGIONAL";"II-2";"00004210";"HOSPITAL GENERAL DE JAEN";"240100";"HOSPITALIZACIÓN QUIRÚRGICA CIRUGÍA GENERAL ";"175";"194";"886";"1357";"34";"2040";"0"
"2023";"11";"060801";"CAJAMARCA";"JAEN";"JAEN";"GOBIERNO REGIONAL";"II-2";"00004210";"HOSPITAL GENERAL DE JAEN";"241600";"HOSPITALIZACIÓN QUIRÚRGICA OBSTETRICIA   ";"261";"277";"717";"930";"18";"1080";"0"
"2023";"11";"060801";"CAJAMARCA";"JAEN";"JAEN";"GOBIERNO REGIONAL";"II-2";"00004210";"HOSPITAL GENERAL DE JAEN";"242500";"HOSPITALIZACIÓN-PEDIATRÍA GENERAL-";"83";"99";"484";"1008";"15";"1008";"0"
"2023";"11";"060801";"CAJAMARCA";"JAEN";"JAEN";"GOBIERNO REGIONAL";"II-2";"00004210";"HOSPITAL GENERAL DE JAEN";"243200";"HOSPITALIZACIÓN DE PEDIATRÍA PEDIATRIA NEONATOLOGÍA";"25";"37";"462";"580";"17";"1020";"2"
"2023";"11";"120204";"JUNIN";"CONCEPCION";"CHAMBARA";"GOBIERNO REGIONAL";"I-1";"00000638";"SAN BLAS";"NE_0002";"";"NE_0002";"NE_0002";"NE_0002";"NE_0002";"NE_0002";"NE_0002";"NE_0002"
"2023";"11";"120904";"JUNIN";"CHUPACA";"HUACHAC";"GOBIERNO REGIONAL";"I-1";"00000654";"ANTAPAMPA";"NE_0002";"";"NE_0002";"NE_0002";"NE_0002";"NE_0002";"NE_0002";"NE_0002";"NE_0002"
"2023";"11";"120204";"JUNIN";"CONCEPCION";"CHAMBARA";"GOBIERNO REGIONAL";"I-1";"00000637";"STA. ROSA DE TISTES";"NE_0002";"";"NE_0002";"NE_0002";"NE_0002";"NE_0002";"NE_0002";"NE_0002";"NE_0002"
"2023";"11";"120204";"JUNIN";"CONCEPCION";"CHAMBARA";"GOBIERNO REGIONAL";"I-2";"00000636";"CHAMBARA";"NE_0002";"";"NE_0002";"NE_0002";"NE_0002";"NE_0002";"NE_0002";"NE_0002";"NE_0002"
"2023";"11";"120208";"JUNIN";"CONCEPCION";"MANZANARES";"GOBIERNO REGIONAL";"I-1";"00000640";"MANZANARES";"NE_0002";"";"NE_0002";"NE_0002";"NE_0002";"NE_0002";"NE_0002";"NE_0002";"NE_0002"
"2023";"11";"120204";"JUNIN";"CONCEPCION";"CHAMBARA";"GOBIERNO REGIONAL";"I-1";"00000639";"ANGASMAYO";"NE_0002";"";"NE_0002";"NE_0002";"NE_0002";"NE_0002";"NE_0002";"NE_0002";"NE_0002"
"2023";"11";"120904";"JUNIN";"CHUPACA";"HUACHAC";"GOBIERNO REGIONAL";"I-1";"00000653";"MARCATUNA";"NE_0002";"";"NE_0002";"NE_0002";"NE_0002";"NE_0002";"NE_0002";"NE_0002";"NE_0002"
"2023";"11";"120904";"JUNIN";"CHUPACA";"HUACHAC";"GOBIERNO REGIONAL";"I-3";"00000651";"HUACHAC";"NE_0002";"";"NE_0002";"NE_0002";"NE_0002";"NE_0002";"NE_0002";"NE_0002";"NE_0002"
"2023";"11";"120904";"JUNIN";"CHUPACA";"HUACHAC";"GOBIERNO REGIONAL";"I-1";"00000652";"HUAYAO";"NE_0002";"";"NE_0002";"NE_0002";"NE_0002";"NE_0002";"NE_0002";"NE_0002";"NE_0002"
"2023";"11";"210301";"PUNO";"CARABAYA";"MACUSANI";"GOBIERNO REGIONAL";"I-3";"00002974";"METROPOLITANO MACUSANI";"240100";"HOSPITALIZACIÓN QUIRÚRGICA CIRUGÍA GENERAL ";"60";"63";"193";"256";"10";"300";"0"
"2023";"11";"210301";"PUNO";"CARABAYA";"MACUSANI";"GOBIERNO REGIONAL";"I-3";"00002974";"METROPOLITANO MACUSANI";"241500";"HOSPITALIZACIÓN QUIRÚRGICA GINECOLOGÍA  ";"16";"16";"32";"48";"4";"120";"0"
"2023";"11";"210301";"PUNO";"CARABAYA";"MACUSANI";"GOBIERNO REGIONAL";"I-3";"00002974";"METROPOLITANO MACUSANI";"241600";"HOSPITALIZACIÓN QUIRÚRGICA OBSTETRICIA   ";"54";"60";"168";"228";"11";"330";"0"
"2023";"11";"210301";"PUNO";"CARABAYA";"MACUSANI";"GOBIERNO REGIONAL";"I-3";"00002974";"METROPOLITANO MACUSANI";"241900";"HOSPITALIZACIÓN DE MEDICINA MEDICINA INTERNA ";"33";"37";"205";"236";"9";"270";"0"
"2023";"11";"210301";"PUNO";"CARABAYA";"MACUSANI";"GOBIERNO REGIONAL";"I-3";"00002974";"METROPOLITANO MACUSANI";"242500";"HOSPITALIZACIÓN-PEDIATRÍA GENERAL-";"12";"17";"38";"55";"6";"180";"0"
"2023";"11";"210301";"PUNO";"CARABAYA";"MACUSANI";"GOBIERNO REGIONAL";"I-3";"00002974";"METROPOLITANO MACUSANI";"243200";"HOSPITALIZACIÓN DE PEDIATRÍA PEDIATRIA NEONATOLOGÍA";"13";"13";"66";"79";"3";"90";"0"
"2023";"11";"150125";"LIMA";"LIMA";"PUENTE PIEDRA";"MINSA";"II-2";"00007632";"HOSPITAL CARLOS LANFRANCO LA HOZ";"240100";"HOSPITALIZACIÓN QUIRÚRGICA CIRUGÍA GENERAL ";"256";"271";"617";"296";"34";"1020";"0"
"2023";"11";"150125";"LIMA";"LIMA";"PUENTE PIEDRA";"MINSA";"II-2";"00007632";"HOSPITAL CARLOS LANFRANCO LA HOZ";"241900";"HOSPITALIZACIÓN DE MEDICINA MEDICINA INTERNA ";"98";"133";"856";"164";"26";"780";"15"
"2023";"11";"150125";"LIMA";"LIMA";"PUENTE PIEDRA";"MINSA";"II-2";"00007632";"HOSPITAL CARLOS LANFRANCO LA HOZ";"241400";"HOSPITALIZACIÓN QUIRÚRGICA GINECO - OBSTETRICIA ";"331";"353";"654";"380";"32";"960";"0"
"2023";"11";"150125";"LIMA";"LIMA";"PUENTE PIEDRA";"MINSA";"II-2";"00007632";"HOSPITAL CARLOS LANFRANCO LA HOZ";"242300";"HOSPITALIZACIÓN DE PEDIATRÍA  PEDIATRÍA  GENERAL ";"58";"68";"238";"73";"11";"330";"0"
"2023";"11";"150125";"LIMA";"LIMA";"PUENTE PIEDRA";"MINSA";"II-2";"00007632";"HOSPITAL CARLOS LANFRANCO LA HOZ";"243200";"HOSPITALIZACIÓN DE PEDIATRÍA PEDIATRIA NEONATOLOGÍA";"30";"34";"92";"38";"11";"330";"0"
"2023";"12";"220901";"SAN MARTIN";"SAN MARTIN";"TARAPOTO";"SANIDAD DE LA POLICIA NACIONAL DEL PERU";"I-3";"00020827";"POLICLINICO  PNP TARAPOTO";"NE_0001";"";"NE_0001";"NE_0001";"NE_0001";"NE_0001";"NE_0001";"NE_0001";"NE_0001"
"2023";"12";"100605";"HUANUCO";"LEONCIO PRADO";"LUYANDO";"GOBIERNO REGIONAL";"II-1";"00000932";"HOSPITAL DE TINGO MARIA (HOSPITAL DE CONTINGENCIA)";"241800";"HOSPITALIZACIÓN DE MEDICINA MEDICINA GENERAL ";"71";"79";"559";"456";"10";"462";"6"
"2023";"12";"100605";"HUANUCO";"LEONCIO PRADO";"LUYANDO";"GOBIERNO REGIONAL";"II-1";"00000932";"HOSPITAL DE TINGO MARIA (HOSPITAL DE CONTINGENCIA)";"240100";"HOSPITALIZACIÓN QUIRÚRGICA CIRUGÍA GENERAL ";"64";"53";"256";"264";"16";"496";"0"
"2023";"12";"100605";"HUANUCO";"LEONCIO PRADO";"LUYANDO";"GOBIERNO REGIONAL";"II-1";"00000932";"HOSPITAL DE TINGO MARIA (HOSPITAL DE CONTINGENCIA)";"243200";"HOSPITALIZACIÓN DE PEDIATRÍA PEDIATRIA NEONATOLOGÍA";"26";"23";"130";"107";"10";"310";"0"
"2023";"12";"100605";"HUANUCO";"LEONCIO PRADO";"LUYANDO";"GOBIERNO REGIONAL";"II-1";"00000932";"HOSPITAL DE TINGO MARIA (HOSPITAL DE CONTINGENCIA)";"242500";"HOSPITALIZACIÓN-PEDIATRÍA GENERAL-";"23";"26";"123";"104";"8";"251";"0"
"2023";"12";"100605";"HUANUCO";"LEONCIO PRADO";"LUYANDO";"GOBIERNO REGIONAL";"II-1";"00000932";"HOSPITAL DE TINGO MARIA (HOSPITAL DE CONTINGENCIA)";"241400";"HOSPITALIZACIÓN QUIRÚRGICA GINECO - OBSTETRICIA ";"274";"218";"521";"487";"25";"776";"0"
"2023";"12";"100605";"HUANUCO";"LEONCIO PRADO";"LUYANDO";"GOBIERNO REGIONAL";"II-1";"00000932";"HOSPITAL DE TINGO MARIA (HOSPITAL DE CONTINGENCIA)";"250200";"UNIDAD DE CUIDADOS CRITICOS UNIDAD DE CUIDADOS INTERMEDIOS GENERAL  (UCIN) ";"2";"1";"3";"13";"9";"279";"0"
"2023";"12";"100605";"HUANUCO";"LEONCIO PRADO";"LUYANDO";"GOBIERNO REGIONAL";"II-1";"00000932";"HOSPITAL DE TINGO MARIA (HOSPITAL DE CONTINGENCIA)";"250304";"HOSPIT. EN UNIDAD DE CUID.INTEN.-UNIDAD DE VIGILANCIA INTENSIVA (UVI)-MEDICINA";"11";"5";"21";"111";"6";"186";"3"
"2023";"12";"100605";"HUANUCO";"LEONCIO PRADO";"LUYANDO";"GOBIERNO REGIONAL";"II-1";"00000932";"HOSPITAL DE TINGO MARIA (HOSPITAL DE CONTINGENCIA)";"242205";"HOSPITALIZACIÓN MEDICINA PSIQUIATRÍA PISIQUIATRIA/ SALUD MENTAL Y ADICCIONES";"9";"10";"164";"222";"10";"310";"0"
"2023";"12";"150133";"LIMA";"LIMA";"SAN JUAN DE MIRAFLORES";"SANIDAD DEL EJERCITO DEL PERU";"I-3";"00010385";"CENTRO DE SALUD MILITAR ""SAN JUAN""";"NE_0001";"";"NE_0001";"NE_0001";"NE_0001";"NE_0001";"NE_0001";"NE_0001";"NE_0001"
"2023";"12";"150122";"LIMA";"LIMA";"MIRAFLORES";"PRIVADO";"II-E";"00028941";"Instituto de Glaucoma y Catarata";"NE_0001";"";"NE_0001";"NE_0001";"NE_0001";"NE_0001";"NE_0001";"NE_0001";"NE_0001"
"2023";"09";"040129";"AREQUIPA";"AREQUIPA";"JOSE LUIS BUSTAMANTE Y RIVERO";"PRIVADO";"II-E";"00032853";"CLINICA UROSUR";"241300";"HOSPITALIZACIÓN QUIRÚRGICA UROLOGÍA  ";"72";"70";"103";"127";"5";"150";"0"
"2023";"12";"090206";"HUANCAVELICA";"ACOBAMBA";"PAUCARA";"GOBIERNO REGIONAL";"I-4";"00003930";"CENTRO DE SALUD PAUCARA";"241400";"HOSPITALIZACIÓN QUIRÚRGICA GINECO - OBSTETRICIA ";"18";"18";"37";"18";"24";"744";"0"
"2023";"12";"110101";"ICA";"ICA";"ICA";"PRIVADO";"II-1";"00015963";"LA CLINICA DE ICA DR. JULIO TATAJE BARRIGA SRL";"NE_0002";"";"NE_0002";"NE_0002";"NE_0002";"NE_0002";"NE_0002";"NE_0002";"NE_0002"
"2023";"12";"070101";"CALLAO";"CALLAO";"CALLAO";"GOBIERNO REGIONAL";"I-2";"00006243";"PUESTO DE SALUD FAUCETT";"NE_0001";"";"NE_0001";"NE_0001";"NE_0001";"NE_0001";"NE_0001";"NE_0001";"NE_0001"
"2023";"12";"120909";"JUNIN";"CHUPACA";"YANACANCHA";"GOBIERNO REGIONAL";"I-2";"00000661";"YANACANCHA";"NE_0001";"";"NE_0001";"NE_0001";"NE_0001";"NE_0001";"NE_0001";"NE_0001";"NE_0001"
"2023";"12";"120907";"JUNIN";"CHUPACA";"SAN JUAN DE JARPA";"GOBIERNO REGIONAL";"I-3";"00000659";"SAN JUAN DE JARPA";"NE_0001";"";"NE_0001";"NE_0001";"NE_0001";"NE_0001";"NE_0001";"NE_0001";"NE_0001"
"2023";"12";"220603";"SAN MARTIN";"MARISCAL CACERES";"HUICUNGO";"GOBIERNO REGIONAL";"I-1";"00006555";"SHEPTE";"NE_0001";"";"NE_0001";"NE_0001";"NE_0001";"NE_0001";"NE_0001";"NE_0001";"NE_0001"
"2023";"12";"220603";"SAN MARTIN";"MARISCAL CACERES";"HUICUNGO";"GOBIERNO REGIONAL";"I-1";"00006556";"MIRAFLORES";"NE_0001";"";"NE_0001";"NE_0001";"NE_0001";"NE_0001";"NE_0001";"NE_0001";"NE_0001"
"2023";"12";"220604";"SAN MARTIN";"MARISCAL CACERES";"PACHIZA";"GOBIERNO REGIONAL";"I-1";"00006559";"SAN RAMON";"NE_0001";"";"NE_0001";"NE_0001";"NE_0001";"NE_0001";"NE_0001";"NE_0001";"NE_0001"
"2023";"12";"220601";"SAN MARTIN";"MARISCAL CACERES";"JUANJUI";"GOBIERNO REGIONAL";"I-1";"00006551";"CAYENA";"NE_0001";"";"NE_0001";"NE_0001";"NE_0001";"NE_0001";"NE_0001";"NE_0001";"NE_0001"
"2023";"12";"220604";"SAN MARTIN";"MARISCAL CACERES";"PACHIZA";"GOBIERNO REGIONAL";"I-1";"00006558";"SAN JUAN DEL CAÑO";"NE_0001";"";"NE_0001";"NE_0001";"NE_0001";"NE_0001";"NE_0001";"NE_0001";"NE_0001"
"2023";"12";"220601";"SAN MARTIN";"MARISCAL CACERES";"JUANJUI";"GOBIERNO REGIONAL";"I-1";"00006552";"HUINGUILLO";"NE_0001";"";"NE_0001";"NE_0001";"NE_0001";"NE_0001";"NE_0001";"NE_0001";"NE_0001"
"2023";"12";"220601";"SAN MARTIN";"MARISCAL CACERES";"JUANJUI";"GOBIERNO REGIONAL";"I-1";"00006554";"VILLA PRADO";"NE_0001";"";"NE_0001";"NE_0001";"NE_0001";"NE_0001";"NE_0001";"NE_0001";"NE_0001"
"2023";"12";"150110";"LIMA";"LIMA";"COMAS";"PRIVADO";"I-2";"00013834";"ARIE";"NE_0002";"";"NE_0002";"NE_0002";"NE_0002";"NE_0002";"NE_0002";"NE_0002";"NE_0002"
"2023";"12";"021806";"ANCASH";"SANTA";"NEPEÑA";"ESSALUD";"I-3";"00009921";"CENTRO DE ATENCION PRIMARIA II SAN JACINTO";"NE_0001";"";"NE_0001";"NE_0001";"NE_0001";"NE_0001";"NE_0001";"NE_0001";"NE_0001"
"2023";"12";"220501";"SAN MARTIN";"LAMAS";"LAMAS";"ESSALUD";"I-2";"00016484";"POSTA MEDICA LAMAS - ESSALUD";"NE_0001";"";"NE_0001";"NE_0001";"NE_0001";"NE_0001";"NE_0001";"NE_0001";"NE_0001"
"2023";"12";"120601";"JUNIN";"SATIPO";"SATIPO";"GOBIERNO REGIONAL";"II-1";"00000432";"DE APOYO MANUEL HIGA ARAKAKI";"240100";"HOSPITALIZACIÓN QUIRÚRGICA CIRUGÍA GENERAL ";"26";"33";"171";"218";"8";"248";"1"
"2023";"12";"120601";"JUNIN";"SATIPO";"SATIPO";"GOBIERNO REGIONAL";"II-1";"00000432";"DE APOYO MANUEL HIGA ARAKAKI";"241200";"HOSPITALIZACIÓN QUIRÚRGICA TRAUMATOLOGÍA Y ORTOPEDIA ";"16";"20";"85";"93";"6";"186";"0"
"2023";"12";"120601";"JUNIN";"SATIPO";"SATIPO";"GOBIERNO REGIONAL";"II-1";"00000432";"DE APOYO MANUEL HIGA ARAKAKI";"241500";"HOSPITALIZACIÓN QUIRÚRGICA GINECOLOGÍA  ";"46";"49";"115";"136";"7";"217";"0"
"2023";"12";"120601";"JUNIN";"SATIPO";"SATIPO";"GOBIERNO REGIONAL";"II-1";"00000432";"DE APOYO MANUEL HIGA ARAKAKI";"241600";"HOSPITALIZACIÓN QUIRÚRGICA OBSTETRICIA   ";"129";"139";"327";"340";"11";"341";"0"
"2023";"12";"120601";"JUNIN";"SATIPO";"SATIPO";"GOBIERNO REGIONAL";"II-1";"00000432";"DE APOYO MANUEL HIGA ARAKAKI";"241900";"HOSPITALIZACIÓN DE MEDICINA MEDICINA INTERNA ";"22";"26";"142";"189";"8";"248";"6"
"2023";"12";"120601";"JUNIN";"SATIPO";"SATIPO";"GOBIERNO REGIONAL";"II-1";"00000432";"DE APOYO MANUEL HIGA ARAKAKI";"242200";"HOSPITALIZACIÓN DE MEDICINA PSIQUIATRÍA ";"5";"7";"106";"129";"10";"310";"0"
"2023";"12";"120601";"JUNIN";"SATIPO";"SATIPO";"GOBIERNO REGIONAL";"II-1";"00000432";"DE APOYO MANUEL HIGA ARAKAKI";"242500";"HOSPITALIZACIÓN-PEDIATRÍA GENERAL-";"5";"7";"28";"43";"3";"93";"0"
"2023";"12";"120601";"JUNIN";"SATIPO";"SATIPO";"GOBIERNO REGIONAL";"II-1";"00000432";"DE APOYO MANUEL HIGA ARAKAKI";"243200";"HOSPITALIZACIÓN DE PEDIATRÍA PEDIATRIA NEONATOLOGÍA";"18";"21";"119";"150";"5";"155";"1"
"2023";"12";"190305";"PASCO";"OXAPAMPA";"POZUZO";"GOBIERNO REGIONAL";"I-1";"00001094";"RIO TIGRE";"NE_0001";"";"NE_0001";"NE_0001";"NE_0001";"NE_0001";"NE_0001";"NE_0001";"NE_0001"
"2023";"12";"190305";"PASCO";"OXAPAMPA";"POZUZO";"GOBIERNO REGIONAL";"I-1";"00001099";"CUSHI";"NE_0001";"";"NE_0001";"NE_0001";"NE_0001";"NE_0001";"NE_0001";"NE_0001";"NE_0001"
"2023";"12";"190305";"PASCO";"OXAPAMPA";"POZUZO";"GOBIERNO REGIONAL";"I-2";"00001100";"SANTA ROSA";"NE_0001";"";"NE_0001";"NE_0001";"NE_0001";"NE_0001";"NE_0001";"NE_0001";"NE_0001"
"2023";"12";"190305";"PASCO";"OXAPAMPA";"POZUZO";"GOBIERNO REGIONAL";"I-1";"00001101";"ALTO LAGARTO";"NE_0001";"";"NE_0001";"NE_0001";"NE_0001";"NE_0001";"NE_0001";"NE_0001";"NE_0001"
"2023";"12";"190305";"PASCO";"OXAPAMPA";"POZUZO";"GOBIERNO REGIONAL";"I-2";"00001103";"SANTA  VIRGINIA";"NE_0001";"";"NE_0001";"NE_0001";"NE_0001";"NE_0001";"NE_0001";"NE_0001";"NE_0001"
"2023";"12";"190305";"PASCO";"OXAPAMPA";"POZUZO";"GOBIERNO REGIONAL";"I-1";"00001099";"CUSHI";"NE_0001";"";"NE_0001";"NE_0001";"NE_0001";"NE_0001";"NE_0001";"NE_0001";"NE_0001"
"2023";"12";"190305";"PASCO";"OXAPAMPA";"POZUZO";"GOBIERNO REGIONAL";"I-1";"00011571";"TINGO MAL PASO";"NE_0001";"";"NE_0001";"NE_0001";"NE_0001";"NE_0001";"NE_0001";"NE_0001";"NE_0001"
"2023";"12";"190305";"PASCO";"OXAPAMPA";"POZUZO";"GOBIERNO REGIONAL";"I-1";"00011570";"OSOMAYO";"NE_0001";"";"NE_0001";"NE_0001";"NE_0001";"NE_0001";"NE_0001";"NE_0001";"NE_0001"
"2023";"12";"190305";"PASCO";"OXAPAMPA";"POZUZO";"GOBIERNO REGIONAL";"I-2";"00001102";"SAN SALVADOR";"NE_0001";"";"NE_0001";"NE_0001";"NE_0001";"NE_0001";"NE_0001";"NE_0001";"NE_0001"
"2023";"12";"190305";"PASCO";"OXAPAMPA";"POZUZO";"GOBIERNO REGIONAL";"I-1";"00001095";"SAN JOSE";"NE_0001";"";"NE_0001";"NE_0001";"NE_0001";"NE_0001";"NE_0001";"NE_0001";"NE_0001"
"2023";"12";"190305";"PASCO";"OXAPAMPA";"POZUZO";"GOBIERNO REGIONAL";"I-1";"00001098";"BUENA VISTA";"NE_0001";"";"NE_0001";"NE_0001";"NE_0001";"NE_0001";"NE_0001";"NE_0001";"NE_0001"
"2023";"12";"190305";"PASCO";"OXAPAMPA";"POZUZO";"GOBIERNO REGIONAL";"I-1";"00001094";"RIO TIGRE";"NE_0001";"";"NE_0001";"NE_0001";"NE_0001";"NE_0001";"NE_0001";"NE_0001";"NE_0001"
"2023";"12";"190305";"PASCO";"OXAPAMPA";"POZUZO";"GOBIERNO REGIONAL";"I-1";"00001099";"CUSHI";"NE_0001";"";"NE_0001";"NE_0001";"NE_0001";"NE_0001";"NE_0001";"NE_0001";"NE_0001"
"2023";"12";"190305";"PASCO";"OXAPAMPA";"POZUZO";"GOBIERNO REGIONAL";"I-2";"00001100";"SANTA ROSA";"NE_0001";"";"NE_0001";"NE_0001";"NE_0001";"NE_0001";"NE_0001";"NE_0001";"NE_0001"
"2023";"12";"190305";"PASCO";"OXAPAMPA";"POZUZO";"GOBIERNO REGIONAL";"I-1";"00001101";"ALTO LAGARTO";"NE_0001";"";"NE_0001";"NE_0001";"NE_0001";"NE_0001";"NE_0001";"NE_0001";"NE_0001"
"2023";"12";"190305";"PASCO";"OXAPAMPA";"POZUZO";"GOBIERNO REGIONAL";"I-1";"00001104";"ASCENCION";"NE_0001";"";"NE_0001";"NE_0001";"NE_0001";"NE_0001";"NE_0001";"NE_0001";"NE_0001"
"2023";"12";"190305";"PASCO";"OXAPAMPA";"POZUZO";"GOBIERNO REGIONAL";"I-1";"00011571";"TINGO MAL PASO";"NE_0001";"";"NE_0001";"NE_0001";"NE_0001";"NE_0001";"NE_0001";"NE_0001";"NE_0001"
"2023";"12";"190305";"PASCO";"OXAPAMPA";"POZUZO";"GOBIERNO REGIONAL";"I-2";"00001103";"SANTA  VIRGINIA";"NE_0001";"";"NE_0001";"NE_0001";"NE_0001";"NE_0001";"NE_0001";"NE_0001";"NE_0001"
"2023";"12";"190305";"PASCO";"OXAPAMPA";"POZUZO";"GOBIERNO REGIONAL";"I-1";"00011570";"OSOMAYO";"NE_0001";"";"NE_0001";"NE_0001";"NE_0001";"NE_0001";"NE_0001";"NE_0001";"NE_0001"
"2023";"12";"190305";"PASCO";"OXAPAMPA";"POZUZO";"GOBIERNO REGIONAL";"I-4";"00001093";"C.S. ""SAN CAMILO"" - POZUZO";"241800";"HOSPITALIZACIÓN DE MEDICINA MEDICINA GENERAL ";"03";"03";"13";"13";"10";"13";"NE_0001"
"2023";"12";"190305";"PASCO";"OXAPAMPA";"POZUZO";"GOBIERNO REGIONAL";"I-4";"00001093";"C.S. ""SAN CAMILO"" - POZUZO";"241600";"HOSPITALIZACIÓN QUIRÚRGICA OBSTETRICIA   ";"11";"11";"35";"34";"03";"34";"NE_0001"
"2023";"12";"190305";"PASCO";"OXAPAMPA";"POZUZO";"GOBIERNO REGIONAL";"I-1";"00001095";"SAN JOSE";"NE_0001";"";"NE_0001";"NE_0001";"NE_0001";"NE_0001";"NE_0001";"NE_0001";"NE_0001"
"2023";"12";"090101";"HUANCAVELICA";"HUANCAVELICA";"HUANCAVELICA";"GOBIERNO REGIONAL";"I-1";"00003855";"CALLQUI CHICO";"NE_0001";"";"NE_0001";"NE_0001";"NE_0001";"NE_0001";"NE_0001";"NE_0001";"NE_0001"
"2023";"12";"090101";"HUANCAVELICA";"HUANCAVELICA";"HUANCAVELICA";"GOBIERNO REGIONAL";"I-1";"00003856";"SACSAMARCA";"NE_0001";"";"NE_0001";"NE_0001";"NE_0001";"NE_0001";"NE_0001";"NE_0001";"NE_0001"
"2023";"12";"090106";"HUANCAVELICA";"HUANCAVELICA";"HUACHOCOLPA";"GOBIERNO REGIONAL";"I-2";"00003857";"HUACHOCOLPA";"NE_0001";"";"NE_0001";"NE_0001";"NE_0001";"NE_0001";"NE_0001";"NE_0001";"NE_0001"
"2023";"12";"090101";"HUANCAVELICA";"HUANCAVELICA";"HUANCAVELICA";"GOBIERNO REGIONAL";"I-1";"00011350";"SAN GERONIMO";"NE_0001";"";"NE_0001";"NE_0001";"NE_0001";"NE_0001";"NE_0001";"NE_0001";"NE_0001"
"2023";"12";"090102";"HUANCAVELICA";"HUANCAVELICA";"ACOBAMBILLA";"GOBIERNO REGIONAL";"I-1";"00003915";"TELAPACCHA";"NE_0001";"";"NE_0001";"NE_0001";"NE_0001";"NE_0001";"NE_0001";"NE_0001";"NE_0001"
"2023";"12";"090117";"HUANCAVELICA";"HUANCAVELICA";"YAULI";"GOBIERNO REGIONAL";"I-1";"00007133";"VILLAPAMPA";"NE_0001";"";"NE_0001";"NE_0001";"NE_0001";"NE_0001";"NE_0001";"NE_0001";"NE_0001"
"2023";"12";"090101";"HUANCAVELICA";"HUANCAVELICA";"HUANCAVELICA";"GOBIERNO REGIONAL";"I-1";"00003860";"PUEBLO LIBRE";"NE_0001";"";"NE_0001";"NE_0001";"NE_0001";"NE_0001";"NE_0001";"NE_0001";"NE_0001"
"2023";"12";"090117";"HUANCAVELICA";"HUANCAVELICA";"YAULI";"GOBIERNO REGIONAL";"I-2";"00003881";"SANTA ROSA DE PACHACCLLA";"NE_0001";"";"NE_0001";"NE_0001";"NE_0001";"NE_0001";"NE_0001";"NE_0001";"NE_0001"
"2023";"12";"090101";"HUANCAVELICA";"HUANCAVELICA";"HUANCAVELICA";"GOBIERNO REGIONAL";"I-1";"00011206";"PAMPACHACRA";"NE_0001";"";"NE_0001";"NE_0001";"NE_0001";"NE_0001";"NE_0001";"NE_0001";"NE_0001"
"2023";"12";"090101";"HUANCAVELICA";"HUANCAVELICA";"HUANCAVELICA";"GOBIERNO REGIONAL";"I-3";"00003859";"SANTA ANA";"NE_0001";"";"NE_0001";"NE_0001";"NE_0001";"NE_0001";"NE_0001";"NE_0001";"NE_0001"
"2023";"12";"090101";"HUANCAVELICA";"HUANCAVELICA";"HUANCAVELICA";"GOBIERNO REGIONAL";"I-1";"00003855";"CALLQUI CHICO";"NE_0001";"";"NE_0001";"NE_0001";"NE_0001";"NE_0001";"NE_0001";"NE_0001";"NE_0001"
"2023";"12";"090101";"HUANCAVELICA";"HUANCAVELICA";"HUANCAVELICA";"GOBIERNO REGIONAL";"I-1";"00003856";"SACSAMARCA";"NE_0001";"";"NE_0001";"NE_0001";"NE_0001";"NE_0001";"NE_0001";"NE_0001";"NE_0001"
"2023";"12";"090106";"HUANCAVELICA";"HUANCAVELICA";"HUACHOCOLPA";"GOBIERNO REGIONAL";"I-2";"00003857";"HUACHOCOLPA";"NE_0001";"";"NE_0001";"NE_0001";"NE_0001";"NE_0001";"NE_0001";"NE_0001";"NE_0001"
"2023";"12";"090101";"HUANCAVELICA";"HUANCAVELICA";"HUANCAVELICA";"GOBIERNO REGIONAL";"I-1";"00011350";"SAN GERONIMO";"NE_0001";"";"NE_0001";"NE_0001";"NE_0001";"NE_0001";"NE_0001";"NE_0001";"NE_0001"
"2023";"12";"120124";"JUNIN";"HUANCAYO";"PARIAHUANCA";"GOBIERNO REGIONAL";"I-3";"00000736";"PARIAHUANCA";"NE_0001";"";"NE_0001";"NE_0001";"NE_0001";"NE_0001";"NE_0001";"NE_0001";"NE_0001"
"2023";"12";"120124";"JUNIN";"HUANCAYO";"PARIAHUANCA";"GOBIERNO REGIONAL";"I-1";"00000741";"CEDRUYO";"NE_0001";"";"NE_0001";"NE_0001";"NE_0001";"NE_0001";"NE_0001";"NE_0001";"NE_0001"
"2023";"12";"120124";"JUNIN";"HUANCAYO";"PARIAHUANCA";"GOBIERNO REGIONAL";"I-1";"00000740";"ANTARPA";"NE_0001";"";"NE_0001";"NE_0001";"NE_0001";"NE_0001";"NE_0001";"NE_0001";"NE_0001"
"2023";"12";"120124";"JUNIN";"HUANCAYO";"PARIAHUANCA";"GOBIERNO REGIONAL";"I-1";"00015577";"NUEVO OCCORO";"NE_0001";"";"NE_0001";"NE_0001";"NE_0001";"NE_0001";"NE_0001";"NE_0001";"NE_0001"
"2023";"12";"120101";"JUNIN";"HUANCAYO";"HUANCAYO";"GOBIERNO REGIONAL";"I-2";"00000730";"VILCACOTO";"NE_0001";"";"NE_0001";"NE_0001";"NE_0001";"NE_0001";"NE_0001";"NE_0001";"NE_0001"
"2023";"12";"120124";"JUNIN";"HUANCAYO";"PARIAHUANCA";"GOBIERNO REGIONAL";"I-1";"00000738";"PANTY";"NE_0001";"";"NE_0001";"NE_0001";"NE_0001";"NE_0001";"NE_0001";"NE_0001";"NE_0001"
"2023";"12";"120101";"JUNIN";"HUANCAYO";"HUANCAYO";"GOBIERNO REGIONAL";"I-3";"00000728";"OCOPILLA";"NE_0001";"";"NE_0001";"NE_0001";"NE_0001";"NE_0001";"NE_0001";"NE_0001";"NE_0001"
"2023";"12";"120124";"JUNIN";"HUANCAYO";"PARIAHUANCA";"GOBIERNO REGIONAL";"I-2";"00000737";"LAMPA";"NE_0001";"";"NE_0001";"NE_0001";"NE_0001";"NE_0001";"NE_0001";"NE_0001";"NE_0001"
"2023";"12";"120124";"JUNIN";"HUANCAYO";"PARIAHUANCA";"GOBIERNO REGIONAL";"I-1";"00000743";"ROCCHAC";"NE_0001";"";"NE_0001";"NE_0001";"NE_0001";"NE_0001";"NE_0001";"NE_0001";"NE_0001"
"2023";"12";"030501";"APURIMAC";"COTABAMBAS";"TAMBOBAMBA";"GOBIERNO REGIONAL";"II-1";"00002625";"TAMBOBAMBA";"241400";"HOSPITALIZACIÓN QUIRÚRGICA GINECO - OBSTETRICIA ";"40";"40";"100";"40";"4";"48";"0"
"2023";"12";"030501";"APURIMAC";"COTABAMBAS";"TAMBOBAMBA";"GOBIERNO REGIONAL";"II-1";"00002625";"TAMBOBAMBA";"242300";"HOSPITALIZACIÓN DE PEDIATRÍA  PEDIATRÍA  GENERAL ";"1";"1";"4";"1";"4";"5";"0"
"2023";"12";"030501";"APURIMAC";"COTABAMBAS";"TAMBOBAMBA";"GOBIERNO REGIONAL";"II-1";"00002625";"TAMBOBAMBA";"241600";"HOSPITALIZACIÓN QUIRÚRGICA OBSTETRICIA   ";"2";"2";"4";"2";"2";"4";"0"
"2023";"12";"030501";"APURIMAC";"COTABAMBAS";"TAMBOBAMBA";"GOBIERNO REGIONAL";"II-1";"00002625";"TAMBOBAMBA";"241800";"HOSPITALIZACIÓN DE MEDICINA MEDICINA GENERAL ";"20";"20";"35";"20";"8";"100";"0"
"2023";"12";"220901";"SAN MARTIN";"SAN MARTIN";"TARAPOTO";"PRIVADO";"II-E";"00026411";"CLINICA VIRGEN DE LAS MERCEDES";"240100";"HOSPITALIZACIÓN QUIRÚRGICA CIRUGÍA GENERAL ";"116";"118";"402";"274";"20";"580";"0"
"2023";"12";"220901";"SAN MARTIN";"SAN MARTIN";"TARAPOTO";"PRIVADO";"II-E";"00026411";"CLINICA VIRGEN DE LAS MERCEDES";"241800";"HOSPITALIZACIÓN DE MEDICINA MEDICINA GENERAL ";"13";"11";"45";"47";"20";"160";"0"
"2023";"12";"120501";"JUNIN";"JUNIN";"JUNIN";"GOBIERNO REGIONAL";"II-1";"00000519";"DE APOYO JUNIN";"241800";"HOSPITALIZACIÓN DE MEDICINA MEDICINA GENERAL ";"6";"7";"29";"28";"10";"310";"1"
"2023";"12";"120501";"JUNIN";"JUNIN";"JUNIN";"GOBIERNO REGIONAL";"II-1";"00000519";"DE APOYO JUNIN";"243200";"HOSPITALIZACIÓN DE PEDIATRÍA PEDIATRIA NEONATOLOGÍA";"4";"4";"7";"7";"4";"124";"0"
"2023";"12";"120501";"JUNIN";"JUNIN";"JUNIN";"GOBIERNO REGIONAL";"II-1";"00000519";"DE APOYO JUNIN";"242500";"HOSPITALIZACIÓN-PEDIATRÍA GENERAL-";"4";"5";"15";"15";"4";"124";"0"
"2023";"11";"200601";"PIURA";"SULLANA";"SULLANA";"GOBIERNO REGIONAL";"II-2";"00001910";"HOSPITAL DE APOYO II - 2 SULLANA";"241900";"HOSPITALIZACIÓN DE MEDICINA MEDICINA INTERNA ";"94";"94";"871";"744";"28";"850";"1"
"2023";"11";"200601";"PIURA";"SULLANA";"SULLANA";"GOBIERNO REGIONAL";"II-2";"00001910";"HOSPITAL DE APOYO II - 2 SULLANA";"244000";"HOSPITALIZACIÓN DE MEDICINA CARDIOLOGIA ";"14";"17";"98";"72";"6";"180";"1"
"2023";"11";"200601";"PIURA";"SULLANA";"SULLANA";"GOBIERNO REGIONAL";"II-2";"00001910";"HOSPITAL DE APOYO II - 2 SULLANA";"240100";"HOSPITALIZACIÓN QUIRÚRGICA CIRUGÍA GENERAL ";"135";"138";"564";"562";"28";"840";"0"
"2023";"11";"200601";"PIURA";"SULLANA";"SULLANA";"GOBIERNO REGIONAL";"II-2";"00001910";"HOSPITAL DE APOYO II - 2 SULLANA";"240700";"HOSPITALIZACIÓN QUIRÚRGICA CIRUGÍA PEDIÁTRICA ";"35";"35";"157";"133";"6";"180";"0"
"2023";"11";"200601";"PIURA";"SULLANA";"SULLANA";"GOBIERNO REGIONAL";"II-2";"00001910";"HOSPITAL DE APOYO II - 2 SULLANA";"241200";"HOSPITALIZACIÓN QUIRÚRGICA TRAUMATOLOGÍA Y ORTOPEDIA ";"14";"18";"219";"180";"6";"180";"0"
"2023";"11";"200601";"PIURA";"SULLANA";"SULLANA";"GOBIERNO REGIONAL";"II-2";"00001910";"HOSPITAL DE APOYO II - 2 SULLANA";"243200";"HOSPITALIZACIÓN DE PEDIATRÍA PEDIATRIA NEONATOLOGÍA";"25";"46";"610";"270";"18";"540";"0"
"2023";"11";"200601";"PIURA";"SULLANA";"SULLANA";"GOBIERNO REGIONAL";"II-2";"00001910";"HOSPITAL DE APOYO II - 2 SULLANA";"250105";"UNIDAD DE CUIDADOS CRITICOS UNIDAD  DE CUIDADOS INTENSIVOS  (UCI) NEONATOLOGÍA";"24";"7";"65";"267";"12";"360";"5"
"2023";"11";"200601";"PIURA";"SULLANA";"SULLANA";"GOBIERNO REGIONAL";"II-2";"00001910";"HOSPITAL DE APOYO II - 2 SULLANA";"242300";"HOSPITALIZACIÓN DE PEDIATRÍA  PEDIATRÍA  GENERAL ";"63";"63";"315";"311";"16";"480";"0"
"2023";"11";"200601";"PIURA";"SULLANA";"SULLANA";"GOBIERNO REGIONAL";"II-2";"00001910";"HOSPITAL DE APOYO II - 2 SULLANA";"241500";"HOSPITALIZACIÓN QUIRÚRGICA GINECOLOGÍA  ";"27";"25";"107";"105";"6";"180";"0"
"2023";"11";"200601";"PIURA";"SULLANA";"SULLANA";"GOBIERNO REGIONAL";"II-2";"00001910";"HOSPITAL DE APOYO II - 2 SULLANA";"241600";"HOSPITALIZACIÓN QUIRÚRGICA OBSTETRICIA   ";"359";"372";"1184";"963";"38";"1140";"0"
"2023";"11";"200601";"PIURA";"SULLANA";"SULLANA";"GOBIERNO REGIONAL";"II-2";"00001910";"HOSPITAL DE APOYO II - 2 SULLANA";"250100";"UNIDAD DE CUIDADOS CRITICOS UNIDAD  DE CUIDADOS INTENSIVOS GENERALES (UCI) ";"32";"18";"198";"410";"15";"450";"12"
"2023";"11";"080501";"CUSCO";"CANAS";"YANAOCA";"GOBIERNO REGIONAL";"I-2";"00018241";"HAMPATURA";"NE_0001";"";"NE_0001";"NE_0001";"NE_0001";"NE_0001";"NE_0001";"NE_0001";"NE_0001"
"2023";"11";"080501";"CUSCO";"CANAS";"YANAOCA";"GOBIERNO REGIONAL";"I-2";"00002365";"PONGOÑA";"NE_0001";"";"NE_0001";"NE_0001";"NE_0001";"NE_0001";"NE_0001";"NE_0001";"NE_0001"
"2023";"11";"080507";"CUSCO";"CANAS";"QUEHUE";"GOBIERNO REGIONAL";"I-2";"00002374";"HUINCHIRI";"NE_0001";"";"NE_0001";"NE_0001";"NE_0001";"NE_0001";"NE_0001";"NE_0001";"NE_0001"
"2023";"11";"080508";"CUSCO";"CANAS";"TUPAC AMARU";"GOBIERNO REGIONAL";"I-1";"00002377";"TOCCOCCORI";"NE_0001";"";"NE_0001";"NE_0001";"NE_0001";"NE_0001";"NE_0001";"NE_0001";"NE_0001"
"2023";"11";"081204";"CUSCO";"QUISPICANCHI";"CCARHUAYO";"GOBIERNO REGIONAL";"I-2";"00002527";"CCARHUAYO";"NE_0002";"";"NE_0002";"NE_0002";"NE_0002";"NE_0002";"NE_0002";"NE_0002";"NE_0002"
"2023";"11";"081205";"CUSCO";"QUISPICANCHI";"CCATCA";"GOBIERNO REGIONAL";"I-2";"00002529";"KCAURY";"NE_0002";"";"NE_0002";"NE_0002";"NE_0002";"NE_0002";"NE_0002";"NE_0002";"NE_0002"
"2023";"11";"081210";"CUSCO";"QUISPICANCHI";"OCONGATE";"GOBIERNO REGIONAL";"I-2";"00006977";"TINKI";"NE_0002";"";"NE_0002";"NE_0002";"NE_0002";"NE_0002";"NE_0002";"NE_0002";"NE_0002"
"2023";"11";"081205";"CUSCO";"QUISPICANCHI";"CCATCA";"GOBIERNO REGIONAL";"I-2";"00002524";"PAMPACAMARA";"NE_0002";"";"NE_0002";"NE_0002";"NE_0002";"NE_0002";"NE_0002";"NE_0002";"NE_0002"
"2023";"11";"081203";"CUSCO";"QUISPICANCHI";"CAMANTI";"GOBIERNO REGIONAL";"I-3";"00002526";"QUINCE MIL";"NE_0002";"";"NE_0002";"NE_0002";"NE_0002";"NE_0002";"NE_0002";"NE_0002";"NE_0002"
"2023";"11";"081205";"CUSCO";"QUISPICANCHI";"CCATCA";"GOBIERNO REGIONAL";"I-4";"00002528";"CCATCCA";"NE_0002";"";"NE_0002";"NE_0002";"NE_0002";"NE_0002";"NE_0002";"NE_0002";"NE_0002"
"2023";"11";"081210";"CUSCO";"QUISPICANCHI";"OCONGATE";"GOBIERNO REGIONAL";"I-4";"00002536";"OCONGATE";"NE_0002";"";"NE_0002";"NE_0002";"NE_0002";"NE_0002";"NE_0002";"NE_0002";"NE_0002"
"2023";"10";"040804";"AREQUIPA";"LA UNION";"HUAYNACOTAS";"GOBIERNO REGIONAL";"I-2";"00007265";"PUESTO DE SALUD HUARCAYA";"NE_0001";"";"NE_0001";"NE_0001";"NE_0001";"NE_0001";"NE_0001";"NE_0001";"NE_0001"
"2023";"10";"040806";"AREQUIPA";"LA UNION";"PUYCA";"GOBIERNO REGIONAL";"I-2";"00001471";"PUESTO DE SALUD CHURCA";"NE_0001";"";"NE_0001";"NE_0001";"NE_0001";"NE_0001";"NE_0001";"NE_0001";"NE_0001"
"2023";"10";"040806";"AREQUIPA";"LA UNION";"PUYCA";"GOBIERNO REGIONAL";"I-2";"00001465";"PUESTO DE SALUD PUYCA";"NE_0001";"";"NE_0001";"NE_0001";"NE_0001";"NE_0001";"NE_0001";"NE_0001";"NE_0001"
"2023";"10";"040802";"AREQUIPA";"LA UNION";"ALCA";"MINSA";"I-3";"00001464";"CENTRO DE SALUD ALCA";"NE_0001";"";"NE_0001";"NE_0001";"NE_0001";"NE_0001";"NE_0001";"NE_0001";"NE_0001"
"2023";"10";"040804";"AREQUIPA";"LA UNION";"HUAYNACOTAS";"MINSA";"I-2";"00001463";"PUESTO DE SALUD HUAYNACOTAS";"NE_0001";"";"NE_0001";"NE_0001";"NE_0001";"NE_0001";"NE_0001";"NE_0001";"NE_0001"
"2023";"10";"040804";"AREQUIPA";"LA UNION";"HUAYNACOTAS";"GOBIERNO REGIONAL";"I-2";"00001461";"PUESTO DE SALUD TAURISMA";"NE_0001";"";"NE_0001";"NE_0001";"NE_0001";"NE_0001";"NE_0001";"NE_0001";"NE_0001"
"2023";"12";"120401";"JUNIN";"JAUJA";"JAUJA";"SANIDAD DE LA POLICIA NACIONAL DEL PERU";"I-2";"00011874";"POSTA MEDICA POLICIAL JAUJA";"NE_0001";"";"NE_0001";"NE_0001";"NE_0001";"NE_0001";"NE_0001";"NE_0001";"NE_0001"
"2023";"12";"080601";"CUSCO";"CANCHIS";"SICUANI";"SANIDAD DE LA POLICIA NACIONAL DEL PERU";"I-2";"00024663";"SANIDAD PNP  SICUANI";"NE_0001";"";"NE_0001";"NE_0001";"NE_0001";"NE_0001";"NE_0001";"NE_0001";"NE_0001"
"2023";"12";"210101";"PUNO";"PUNO";"PUNO";"ESSALUD";"II-E";"00032596";"HOSPITAL I CLINICA UNIVERSITARIA";"240000";"HOSPITALIZACIÓN";"24";"25";"142";"143";"7";"217";"0"
"2023";"12";"150130";"LIMA";"LIMA";"SAN BORJA";"SANIDAD DEL EJERCITO DEL PERU";"I-3";"00014889";"CENTRO DE SALUD MILITAR DEL CUARTEL GENERAL DEL EJERCITO-SAN BORJA";"NE_0001";"";"NE_0001";"NE_0001";"NE_0001";"NE_0001";"NE_0001";"NE_0001";"NE_0001"
"2023";"12";"040112";"AREQUIPA";"AREQUIPA";"PAUCARPATA";"GOBIERNO REGIONAL";"I-4";"00001296";"CENTRO DE SALUD  AMPLIACIÓN PAUCARPATA";"NE_0001";"";"NE_0001";"NE_0001";"NE_0001";"NE_0001";"NE_0001";"NE_0001";"NE_0001"
"2023";"12";"040112";"AREQUIPA";"AREQUIPA";"PAUCARPATA";"GOBIERNO REGIONAL";"I-3";"00001313";"CENTRO DE SALUD NUEVA ALBORADA";"NE_0001";"";"NE_0001";"NE_0001";"NE_0001";"NE_0001";"NE_0001";"NE_0001";"NE_0001"
"2023";"12";"040112";"AREQUIPA";"AREQUIPA";"PAUCARPATA";"GOBIERNO REGIONAL";"I-3";"00001310";"CENTRO DE SALUD MANUEL PRADO";"NE_0001";"";"NE_0001";"NE_0001";"NE_0001";"NE_0001";"NE_0001";"NE_0001";"NE_0001"
"2023";"12";"040112";"AREQUIPA";"AREQUIPA";"PAUCARPATA";"GOBIERNO REGIONAL";"I-3";"00001315";"CENTRO DE SALUD CAMPO MARTE";"NE_0001";"";"NE_0001";"NE_0001";"NE_0001";"NE_0001";"NE_0001";"NE_0001";"NE_0001"
"2023";"12";"021901";"ANCASH";"SIHUAS";"SIHUAS";"ESSALUD";"I-3";"00009203";"CENTRO MEDICO SIHUAS";"NE_0001";"";"NE_0001";"NE_0001";"NE_0001";"NE_0001";"NE_0001";"NE_0001";"NE_0001"
"2023";"12";"010401";"AMAZONAS";"CONDORCANQUI";"NIEVA";"GOBIERNO REGIONAL";"II-1";"00005145";"SANTA MARIA DE NIEVA";"240100";"HOSPITALIZACIÓN QUIRÚRGICA CIRUGÍA GENERAL ";"10";"10";"37";"5";"2";"6";"0"
"2023";"12";"010401";"AMAZONAS";"CONDORCANQUI";"NIEVA";"GOBIERNO REGIONAL";"II-1";"00005145";"SANTA MARIA DE NIEVA";"241400";"HOSPITALIZACIÓN QUIRÚRGICA GINECO - OBSTETRICIA ";"50";"55";"106";"12";"10";"30";"0"
"2023";"12";"010401";"AMAZONAS";"CONDORCANQUI";"NIEVA";"GOBIERNO REGIONAL";"II-1";"00005145";"SANTA MARIA DE NIEVA";"241800";"HOSPITALIZACIÓN DE MEDICINA MEDICINA GENERAL ";"24";"27";"98";"18";"8";"24";"1"
"2023";"12";"010401";"AMAZONAS";"CONDORCANQUI";"NIEVA";"GOBIERNO REGIONAL";"II-1";"00005145";"SANTA MARIA DE NIEVA";"242500";"HOSPITALIZACIÓN-PEDIATRÍA GENERAL-";"15";"17";"32";"6";"2";"8";"0"
"2023";"12";"050407";"AYACUCHO";"HUANTA";"SIVIA";"GOBIERNO REGIONAL";"II-1";"00003770";"HOSPITAL DE APOYO SIVIA";"240100";"HOSPITALIZACIÓN QUIRÚRGICA CIRUGÍA GENERAL ";"4";"5";"21";"33";"2";"62";"0"
"2023";"12";"050407";"AYACUCHO";"HUANTA";"SIVIA";"GOBIERNO REGIONAL";"II-1";"00003770";"HOSPITAL DE APOYO SIVIA";"241400";"HOSPITALIZACIÓN QUIRÚRGICA GINECO - OBSTETRICIA ";"6";"6";"9";"21";"4";"124";"0"
"2023";"12";"050407";"AYACUCHO";"HUANTA";"SIVIA";"GOBIERNO REGIONAL";"II-1";"00003770";"HOSPITAL DE APOYO SIVIA";"241800";"HOSPITALIZACIÓN DE MEDICINA MEDICINA GENERAL ";"11";"11";"33";"40";"6";"186";"0"
"2023";"12";"050407";"AYACUCHO";"HUANTA";"SIVIA";"GOBIERNO REGIONAL";"II-1";"00003770";"HOSPITAL DE APOYO SIVIA";"242500";"HOSPITALIZACIÓN-PEDIATRÍA GENERAL-";"2";"2";"2";"12";"2";"62";"0"
"2023";"12";"060201";"CAJAMARCA";"CAJABAMBA";"CAJABAMBA";"GOBIERNO REGIONAL";"II-1";"00004511";"DE APOYO CAJABAMBA";"240100";"HOSPITALIZACIÓN QUIRÚRGICA CIRUGÍA GENERAL ";"18";"20";"80";"91";"4";"124";"0"
"2023";"12";"060201";"CAJAMARCA";"CAJABAMBA";"CAJABAMBA";"GOBIERNO REGIONAL";"II-1";"00004511";"DE APOYO CAJABAMBA";"241400";"HOSPITALIZACIÓN QUIRÚRGICA GINECO - OBSTETRICIA ";"115";"122";"232";"219";"14";"434";"0"
"2023";"12";"060201";"CAJAMARCA";"CAJABAMBA";"CAJABAMBA";"GOBIERNO REGIONAL";"II-1";"00004511";"DE APOYO CAJABAMBA";"241800";"HOSPITALIZACIÓN DE MEDICINA MEDICINA GENERAL ";"25";"28";"110";"103";"6";"186";"0"
"2023";"12";"060201";"CAJAMARCA";"CAJABAMBA";"CAJABAMBA";"GOBIERNO REGIONAL";"II-1";"00004511";"DE APOYO CAJABAMBA";"242500";"HOSPITALIZACIÓN-PEDIATRÍA GENERAL-";"27";"29";"113";"94";"6";"186";"1"
"2023";"12";"040302";"AREQUIPA";"CARAVELI";"ACARI";"ESSALUD";"I-2";"00012195";"POSTA MEDICA ACARI";"NE_0001";"";"NE_0001";"NE_0001";"NE_0001";"NE_0001";"NE_0001";"NE_0001";"NE_0001"
"2023";"12";"150116";"LIMA";"LIMA";"LINCE";"PRIVADO";"II-E";"00033237";"ARTHROMEDS";"241200";"HOSPITALIZACIÓN QUIRÚRGICA TRAUMATOLOGÍA Y ORTOPEDIA ";"75";"75";"123";"196";"16";"480";"0"
"2023";"02";"021508";"ANCASH";"PALLASCA";"PALLASCA";"ESSALUD";"I-2";"00009925";"POSTA MEDICA PALLASCA";"NE_0001";"";"NE_0001";"NE_0001";"NE_0001";"NE_0001";"NE_0001";"NE_0001";"NE_0001"
"2023";"12";"070101";"CALLAO";"CALLAO";"CALLAO";"GOBIERNO REGIONAL";"I-2";"00006242";"PUESTO DE SALUD PLAYA RIMAC";"NE_0001";"";"NE_0001";"NE_0001";"NE_0001";"NE_0001";"NE_0001";"NE_0001";"NE_0001"
"2023";"12";"070101";"CALLAO";"CALLAO";"CALLAO";"GOBIERNO REGIONAL";"I-2";"00006241";"PUESTO DE SALUD AEROPUERTO";"NE_0001";"";"NE_0001";"NE_0001";"NE_0001";"NE_0001";"NE_0001";"NE_0001";"NE_0001"
"2023";"12";"110111";"ICA";"ICA";"SANTIAGO";"GOBIERNO REGIONAL";"I-1";"00003410";"AGUADA DE PALOS";"NE_0001";"";"NE_0001";"NE_0001";"NE_0001";"NE_0001";"NE_0001";"NE_0001";"NE_0001"
"2023";"12";"110104";"ICA";"ICA";"OCUCAJE";"GOBIERNO REGIONAL";"I-2";"00003413";"PAMPA CHACALTANA";"NE_0001";"";"NE_0001";"NE_0001";"NE_0001";"NE_0001";"NE_0001";"NE_0001";"NE_0001"
"2023";"12";"110111";"ICA";"ICA";"SANTIAGO";"GOBIERNO REGIONAL";"I-3";"00003373";"C.S SANTIAGO";"NE_0001";"";"NE_0001";"NE_0001";"NE_0001";"NE_0001";"NE_0001";"NE_0001";"NE_0001"
"2023";"12";"090714";"HUANCAVELICA";"TAYACAJA";"SALCABAMBA";"GOBIERNO REGIONAL";"I-1";"00004088";"PATAY";"NE_0001";"";"NE_0001";"NE_0001";"NE_0001";"NE_0001";"NE_0001";"NE_0001";"NE_0001"
"2023";"12";"090702";"HUANCAVELICA";"TAYACAJA";"ACOSTAMBO";"GOBIERNO REGIONAL";"I-1";"00004101";"ALFAPATA";"NE_0001";"";"NE_0001";"NE_0001";"NE_0001";"NE_0001";"NE_0001";"NE_0001";"NE_0001"
"2023";"12";"090716";"HUANCAVELICA";"TAYACAJA";"SAN MARCOS DE ROCCHAC";"GOBIERNO REGIONAL";"I-1";"00004123";"SAN MARCOS DE ROCCHACC";"NE_0001";"";"NE_0001";"NE_0001";"NE_0001";"NE_0001";"NE_0001";"NE_0001";"NE_0001"
"2023";"12";"090718";"HUANCAVELICA";"TAYACAJA";"TINTAY PUNCU";"GOBIERNO REGIONAL";"I-1";"00007294";"SUNE GRANDE";"NE_0001";"";"NE_0001";"NE_0001";"NE_0001";"NE_0001";"NE_0001";"NE_0001";"NE_0001"
"2023";"12";"090705";"HUANCAVELICA";"TAYACAJA";"COLCABAMBA";"GOBIERNO REGIONAL";"I-1";"00007450";"RUNDOVILCA";"NE_0001";"";"NE_0001";"NE_0001";"NE_0001";"NE_0001";"NE_0001";"NE_0001";"NE_0001"
"2023";"12";"090704";"HUANCAVELICA";"TAYACAJA";"AHUAYCHA";"GOBIERNO REGIONAL";"I-1";"00003893";"CCONOCC";"NE_0001";"";"NE_0001";"NE_0001";"NE_0001";"NE_0001";"NE_0001";"NE_0001";"NE_0001"
"2023";"12";"090703";"HUANCAVELICA";"TAYACAJA";"ACRAQUIA";"GOBIERNO REGIONAL";"I-1";"00004079";"MATASENCCA";"NE_0001";"";"NE_0001";"NE_0001";"NE_0001";"NE_0001";"NE_0001";"NE_0001";"NE_0001"
"2023";"12";"090705";"HUANCAVELICA";"TAYACAJA";"COLCABAMBA";"GOBIERNO REGIONAL";"I-4";"00004090";"COLCABAMBA";"241600";"HOSPITALIZACIÓN QUIRÚRGICA OBSTETRICIA   ";"7";"7";"14";"7";"9";"279";"0"
"2023";"12";"090702";"HUANCAVELICA";"TAYACAJA";"ACOSTAMBO";"GOBIERNO REGIONAL";"I-1";"00004099";"HUAYTACORRAL";"NE_0001";"";"NE_0001";"NE_0001";"NE_0001";"NE_0001";"NE_0001";"NE_0001";"NE_0001"
"2023";"12";"090709";"HUANCAVELICA";"TAYACAJA";"HUARIBAMBA";"GOBIERNO REGIONAL";"I-1";"00004113";"TAPO";"NE_0001";"";"NE_0001";"NE_0001";"NE_0001";"NE_0001";"NE_0001";"NE_0001";"NE_0001"
"2023";"12";"090721";"HUANCAVELICA";"TAYACAJA";"ROBLE";"GOBIERNO REGIONAL";"I-2";"00006630";"PUERTO SAN ANTONIO";"NE_0001";"";"NE_0001";"NE_0001";"NE_0001";"NE_0001";"NE_0001";"NE_0001";"NE_0001"
"2023";"12";"090704";"HUANCAVELICA";"TAYACAJA";"AHUAYCHA";"GOBIERNO REGIONAL";"I-1";"00004082";"TUPAC AMARU";"NE_0001";"";"NE_0001";"NE_0001";"NE_0001";"NE_0001";"NE_0001";"NE_0001";"NE_0001"
"2023";"12";"090711";"HUANCAVELICA";"TAYACAJA";"PAZOS";"GOBIERNO REGIONAL";"I-1";"00004107";"SAN LUCAS DE TONGOS";"NE_0001";"";"NE_0001";"NE_0001";"NE_0001";"NE_0001";"NE_0001";"NE_0001";"NE_0001"
"2023";"12";"090714";"HUANCAVELICA";"TAYACAJA";"SALCABAMBA";"GOBIERNO REGIONAL";"I-2";"00004125";"CEDROPAMPA";"NE_0001";"";"NE_0001";"NE_0001";"NE_0001";"NE_0001";"NE_0001";"NE_0001";"NE_0001"
"2023";"12";"090717";"HUANCAVELICA";"TAYACAJA";"SURCUBAMBA";"GOBIERNO REGIONAL";"I-4";"00004128";"SURCUBAMBA";"241600";"HOSPITALIZACIÓN QUIRÚRGICA OBSTETRICIA   ";"6";"6";"12";"6";"6";"186";"0"
"2023";"12";"090718";"HUANCAVELICA";"TAYACAJA";"TINTAY PUNCU";"GOBIERNO REGIONAL";"I-1";"00006629";"COCHABAMBA GRANDE";"NE_0001";"";"NE_0001";"NE_0001";"NE_0001";"NE_0001";"NE_0001";"NE_0001";"NE_0001"
"2023";"12";"090717";"HUANCAVELICA";"TAYACAJA";"SURCUBAMBA";"GOBIERNO REGIONAL";"I-1";"00007090";"VISTA ALEGRE";"NE_0001";"";"NE_0001";"NE_0001";"NE_0001";"NE_0001";"NE_0001";"NE_0001";"NE_0001"
"2023";"12";"090716";"HUANCAVELICA";"TAYACAJA";"SAN MARCOS DE ROCCHAC";"GOBIERNO REGIONAL";"I-1";"00007210";"MONTECOLPA";"NE_0001";"";"NE_0001";"NE_0001";"NE_0001";"NE_0001";"NE_0001";"NE_0001";"NE_0001"
"2023";"12";"090719";"HUANCAVELICA";"TAYACAJA";"QUICHUAS";"GOBIERNO REGIONAL";"I-3";"00003894";"QUICHUAS";"241600";"HOSPITALIZACIÓN QUIRÚRGICA OBSTETRICIA   ";"1";"1";"2";"1";"3";"93";"0"
"2023";"12";"090711";"HUANCAVELICA";"TAYACAJA";"PAZOS";"GOBIERNO REGIONAL";"I-1";"00004106";"SAN PEDRO DE MULLACA";"NE_0001";"";"NE_0001";"NE_0001";"NE_0001";"NE_0001";"NE_0001";"NE_0001";"NE_0001"
"2023";"12";"090707";"HUANCAVELICA";"TAYACAJA";"HUACHOCOLPA";"GOBIERNO REGIONAL";"I-1";"00007289";"MARCAVALLE";"NE_0001";"";"NE_0001";"NE_0001";"NE_0001";"NE_0001";"NE_0001";"NE_0001";"NE_0001"
"2023";"12";"090717";"HUANCAVELICA";"TAYACAJA";"SURCUBAMBA";"GOBIERNO REGIONAL";"I-1";"00007291";"PUEBLO LIBRE";"NE_0001";"";"NE_0001";"NE_0001";"NE_0001";"NE_0001";"NE_0001";"NE_0001";"NE_0001"
"2023";"12";"090701";"HUANCAVELICA";"TAYACAJA";"PAMPAS";"GOBIERNO REGIONAL";"I-1";"00007327";"CASAY OCOBAMBA";"NE_0001";"";"NE_0001";"NE_0001";"NE_0001";"NE_0001";"NE_0001";"NE_0001";"NE_0001"
"2023";"12";"090714";"HUANCAVELICA";"TAYACAJA";"SALCABAMBA";"GOBIERNO REGIONAL";"I-1";"00019233";"SANTA ROSA DE CHANGUELETA";"NE_0001";"";"NE_0001";"NE_0001";"NE_0001";"NE_0001";"NE_0001";"NE_0001";"NE_0001"
"2023";"12";"090703";"HUANCAVELICA";"TAYACAJA";"ACRAQUIA";"GOBIERNO REGIONAL";"I-3";"00004077";"ACRAQUIA";"NE_0002";"";"NE_0002";"NE_0002";"NE_0002";"NE_0002";"NE_0002";"NE_0002";"NE_0002"
"2023";"12";"090101";"HUANCAVELICA";"HUANCAVELICA";"HUANCAVELICA";"SANIDAD DE LA POLICIA NACIONAL DEL PERU";"I-2";"00009476";"POSTA  MEDICA  POLICIAL- HUANCAVELICA";"NE_0001";"";"NE_0001";"NE_0001";"NE_0001";"NE_0001";"NE_0001";"NE_0001";"NE_0001"
"2023";"12";"060101";"CAJAMARCA";"CAJAMARCA";"CAJAMARCA";"PRIVADO";"II-1";"00009234";"CLINICA LOS FRESNOS";"240100";"HOSPITALIZACIÓN QUIRÚRGICA CIRUGÍA GENERAL ";"3";"3";"6";"3";"3";"4";"0"
"2023";"12";"060101";"CAJAMARCA";"CAJAMARCA";"CAJAMARCA";"PRIVADO";"II-1";"00009234";"CLINICA LOS FRESNOS";"241700";"HOSPITALIZACIÓN QUIRÚRGICA GINECOLOGÍA   GINECOLOGIA ONCOLOGiCA";"1";"1";"2";"1";"1";"2";"0"
"2023";"12";"060101";"CAJAMARCA";"CAJAMARCA";"CAJAMARCA";"PRIVADO";"II-1";"00009234";"CLINICA LOS FRESNOS";"241900";"HOSPITALIZACIÓN DE MEDICINA MEDICINA INTERNA ";"11";"11";"18";"11";"11";"12";"0"
"2023";"12";"060101";"CAJAMARCA";"CAJAMARCA";"CAJAMARCA";"PRIVADO";"II-1";"00009234";"CLINICA LOS FRESNOS";"241200";"HOSPITALIZACIÓN QUIRÚRGICA TRAUMATOLOGÍA Y ORTOPEDIA ";"11";"11";"8";"11";"11";"12";"0"
"2023";"12";"060101";"CAJAMARCA";"CAJAMARCA";"CAJAMARCA";"PRIVADO";"II-1";"00009234";"CLINICA LOS FRESNOS";"242300";"HOSPITALIZACIÓN DE PEDIATRÍA  PEDIATRÍA  GENERAL ";"5";"5";"10";"5";"5";"6";"0"
"2023";"12";"060101";"CAJAMARCA";"CAJAMARCA";"CAJAMARCA";"PRIVADO";"II-1";"00009234";"CLINICA LOS FRESNOS";"241300";"HOSPITALIZACIÓN QUIRÚRGICA UROLOGÍA  ";"5";"5";"12";"5";"5";"6";"0"
"2023";"12";"130102";"LA LIBERTAD";"TRUJILLO";"EL PORVENIR";"ESSALUD";"I-4";"00009041";"CENTRO DE SALUD CON INTERNAMIENTO EL PORVENIR";"241800";"HOSPITALIZACIÓN DE MEDICINA MEDICINA GENERAL ";"28";"29";"139";"142";"7";"217";"0"
"2023";"12";"130102";"LA LIBERTAD";"TRUJILLO";"EL PORVENIR";"ESSALUD";"I-4";"00009041";"CENTRO DE SALUD CON INTERNAMIENTO EL PORVENIR";"240100";"HOSPITALIZACIÓN QUIRÚRGICA CIRUGÍA GENERAL ";"5";"5";"21";"23";"1";"31";"0"
"2023";"12";"130102";"LA LIBERTAD";"TRUJILLO";"EL PORVENIR";"ESSALUD";"I-4";"00009041";"CENTRO DE SALUD CON INTERNAMIENTO EL PORVENIR";"241400";"HOSPITALIZACIÓN QUIRÚRGICA GINECO - OBSTETRICIA ";"4";"5";"21";"19";"2";"62";"0"
"2023";"12";"040118";"AREQUIPA";"AREQUIPA";"SAN JUAN DE SIGUAS";"GOBIERNO REGIONAL";"I-1";"00001339";"PUESTO DE SALUD SAN JUAN DE SIGUAS - TAMBILLO";"NE_0001";"";"NE_0001";"NE_0001";"NE_0001";"NE_0001";"NE_0001";"NE_0001";"NE_0001"
"2023";"12";"040520";"AREQUIPA";"CAYLLOMA";"MAJES";"GOBIERNO REGIONAL";"I-3";"00023969";"CENTRO DE SALUD MENTAL COMUNITARIO MAJES";"NE_0001";"";"NE_0001";"NE_0001";"NE_0001";"NE_0001";"NE_0001";"NE_0001";"NE_0001"
"2023";"12";"040520";"AREQUIPA";"CAYLLOMA";"MAJES";"GOBIERNO REGIONAL";"I-2";"00001341";"ASENTAMIENTO B-1";"NE_0001";"";"NE_0001";"NE_0001";"NE_0001";"NE_0001";"NE_0001";"NE_0001";"NE_0001"
"2023";"12";"040520";"AREQUIPA";"CAYLLOMA";"MAJES";"GOBIERNO REGIONAL";"0";"00030864";"HOGAR PROTEGIDO ""HACIA UNA NUEVA VIDA""";"NE_0001";"";"NE_0001";"NE_0001";"NE_0001";"NE_0001";"NE_0001";"NE_0001";"NE_0001"
"2023";"12";"040520";"AREQUIPA";"CAYLLOMA";"MAJES";"GOBIERNO REGIONAL";"I-4";"00001325";"CENTRO DE SALUD  SANDRITA PEREZ EL PEDREGAL";"241600";"HOSPITALIZACIÓN QUIRÚRGICA OBSTETRICIA   ";"5";"5";"5";"5";"6";"25";"0"
"2023";"12";"040120";"AREQUIPA";"AREQUIPA";"SANTA ISABEL DE SIGUAS";"GOBIERNO REGIONAL";"I-2";"00001378";"PUESTO DE SALUD SONDOR";"NE_0001";"";"NE_0001";"NE_0001";"NE_0001";"NE_0001";"NE_0001";"NE_0001";"NE_0001"
"2023";"12";"040520";"AREQUIPA";"CAYLLOMA";"MAJES";"GOBIERNO REGIONAL";"I-2";"00001342";"PUESTO DE SALUD  B-2";"NE_0001";"";"NE_0001";"NE_0001";"NE_0001";"NE_0001";"NE_0001";"NE_0001";"NE_0001"
"2023";"12";"040120";"AREQUIPA";"AREQUIPA";"SANTA ISABEL DE SIGUAS";"GOBIERNO REGIONAL";"I-2";"00001336";"SANTA ISABEL DE SIGUAS";"NE_0001";"";"NE_0001";"NE_0001";"NE_0001";"NE_0001";"NE_0001";"NE_0001";"NE_0001"
"2023";"12";"040120";"AREQUIPA";"AREQUIPA";"SANTA ISABEL DE SIGUAS";"GOBIERNO REGIONAL";"I-1";"00001337";"PUESTO DE SALUD PITAY";"NE_0001";"";"NE_0001";"NE_0001";"NE_0001";"NE_0001";"NE_0001";"NE_0001";"NE_0001"
"2023";"12";"040520";"AREQUIPA";"CAYLLOMA";"MAJES";"GOBIERNO REGIONAL";"I-3";"00001326";"CENTRO DE SALUD LA COLINA";"NE_0001";"";"NE_0001";"NE_0001";"NE_0001";"NE_0001";"NE_0001";"NE_0001";"NE_0001"
"2023";"12";"040511";"AREQUIPA";"CAYLLOMA";"LLUTA";"GOBIERNO REGIONAL";"I-2";"00001340";"PUESTO DE SALUD QUERQUE";"NE_0001";"";"NE_0001";"NE_0001";"NE_0001";"NE_0001";"NE_0001";"NE_0001";"NE_0001"
"2023";"12";"210801";"PUNO";"MELGAR";"AYAVIRI";"GOBIERNO REGIONAL";"II-1";"00003156";"SAN JUAN DE DIOS (AYAVIRI)";"240100";"HOSPITALIZACIÓN QUIRÚRGICA CIRUGÍA GENERAL ";"40";"53";"195";"236";"19";"589";"0"
"2023";"12";"210801";"PUNO";"MELGAR";"AYAVIRI";"GOBIERNO REGIONAL";"II-1";"00003156";"SAN JUAN DE DIOS (AYAVIRI)";"241500";"HOSPITALIZACIÓN QUIRÚRGICA GINECOLOGÍA  ";"44";"48";"81";"130";"6";"186";"0"
"2023";"12";"210801";"PUNO";"MELGAR";"AYAVIRI";"GOBIERNO REGIONAL";"II-1";"00003156";"SAN JUAN DE DIOS (AYAVIRI)";"241600";"HOSPITALIZACIÓN QUIRÚRGICA OBSTETRICIA   ";"32";"34";"53";"107";"7";"217";"0"
"2023";"12";"210801";"PUNO";"MELGAR";"AYAVIRI";"GOBIERNO REGIONAL";"II-1";"00003156";"SAN JUAN DE DIOS (AYAVIRI)";"241800";"HOSPITALIZACIÓN DE MEDICINA MEDICINA GENERAL ";"8";"9";"50";"65";"14";"434";"2"
"2023";"12";"210801";"PUNO";"MELGAR";"AYAVIRI";"GOBIERNO REGIONAL";"II-1";"00003156";"SAN JUAN DE DIOS (AYAVIRI)";"242500";"HOSPITALIZACIÓN-PEDIATRÍA GENERAL-";"16";"18";"84";"96";"7";"217";"0"
"2023";"12";"210801";"PUNO";"MELGAR";"AYAVIRI";"GOBIERNO REGIONAL";"II-1";"00003156";"SAN JUAN DE DIOS (AYAVIRI)";"243200";"HOSPITALIZACIÓN DE PEDIATRÍA PEDIATRIA NEONATOLOGÍA";"26";"26";"91";"93";"3";"110";"0"
"2023";"12";"220805";"SAN MARTIN";"RIOJA";"PARDO MIGUEL";"GOBIERNO REGIONAL";"I-2";"00006305";"AGUAS VERDES";"NE_0001";"";"NE_0001";"NE_0001";"NE_0001";"NE_0001";"NE_0001";"NE_0001";"NE_0001"
"2023";"12";"220805";"SAN MARTIN";"RIOJA";"PARDO MIGUEL";"GOBIERNO REGIONAL";"I-1";"00006307";"PIONEROS BAJO (SAN JUAN DEL MAYO)";"NE_0001";"";"NE_0001";"NE_0001";"NE_0001";"NE_0001";"NE_0001";"NE_0001";"NE_0001"
"2023";"12";"080101";"CUSCO";"CUSCO";"CUSCO";"PRIVADO";"II-E";"00010014";"DR. VICTOR PAREDES";"240000";"HOSPITALIZACIÓN";"58";"55";"109";"235";"19";"589";"1"
"2023";"01";"160101";"LORETO";"MAYNAS";"IQUITOS";"PRIVADO";"II-2";"00012854";"ASOC. PAST. DE SERV. MEDICO ASIST. CLINICA ADVENTISTA ANA STAHL DE LA IGLESIA ADV. DEL SEPTIMO DIA";"241800";"HOSPITALIZACIÓN DE MEDICINA MEDICINA GENERAL ";"90";"79";"197";"234";"42";"1218";"0"
"2023";"05";"021501";"ANCASH";"PALLASCA";"CABANA";"ESSALUD";"I-2";"00009924";"POSTA MEDICA CABANA";"NE_0001";"";"NE_0001";"NE_0001";"NE_0001";"NE_0001";"NE_0001";"NE_0001";"NE_0001"
"2023";"11";"061110";"CAJAMARCA";"SAN MIGUEL";"SAN GREGORIO";"GOBIERNO REGIONAL";"I-1";"00004535";"EL SAUCE";"NE_0001";"";"NE_0001";"NE_0001";"NE_0001";"NE_0001";"NE_0001";"NE_0001";"NE_0001"
"2023";"11";"061108";"CAJAMARCA";"SAN MIGUEL";"NANCHOC";"GOBIERNO REGIONAL";"I-1";"00004533";"CARAHUASI";"NE_0001";"";"NE_0001";"NE_0001";"NE_0001";"NE_0001";"NE_0001";"NE_0001";"NE_0001"
"2023";"11";"061110";"CAJAMARCA";"SAN MIGUEL";"SAN GREGORIO";"GOBIERNO REGIONAL";"I-1";"00004536";"SAN GREGORIO";"NE_0001";"";"NE_0001";"NE_0001";"NE_0001";"NE_0001";"NE_0001";"NE_0001";"NE_0001"
"2023";"12";"040103";"AREQUIPA";"AREQUIPA";"CAYMA";"SANIDAD DE LA POLICIA NACIONAL DEL PERU";"II-1";"00011794";"HOSPITAL REGIONAL PNP AREQUIPA";"240100";"HOSPITALIZACIÓN QUIRÚRGICA CIRUGÍA GENERAL ";"43";"47";"159";"159";"20";"620";"0"
"2023";"12";"040103";"AREQUIPA";"AREQUIPA";"CAYMA";"SANIDAD DE LA POLICIA NACIONAL DEL PERU";"II-1";"00011794";"HOSPITAL REGIONAL PNP AREQUIPA";"241400";"HOSPITALIZACIÓN QUIRÚRGICA GINECO - OBSTETRICIA ";"13";"13";"35";"35";"4";"124";"0"
"2023";"12";"040103";"AREQUIPA";"AREQUIPA";"CAYMA";"SANIDAD DE LA POLICIA NACIONAL DEL PERU";"II-1";"00011794";"HOSPITAL REGIONAL PNP AREQUIPA";"241500";"HOSPITALIZACIÓN QUIRÚRGICA GINECOLOGÍA  ";"7";"9";"26";"26";"2";"62";"0"
"2023";"12";"040103";"AREQUIPA";"AREQUIPA";"CAYMA";"SANIDAD DE LA POLICIA NACIONAL DEL PERU";"II-1";"00011794";"HOSPITAL REGIONAL PNP AREQUIPA";"241800";"HOSPITALIZACIÓN DE MEDICINA MEDICINA GENERAL ";"28";"25";"202";"202";"20";"620";"4"
"2023";"12";"040103";"AREQUIPA";"AREQUIPA";"CAYMA";"SANIDAD DE LA POLICIA NACIONAL DEL PERU";"II-1";"00011794";"HOSPITAL REGIONAL PNP AREQUIPA";"242300";"HOSPITALIZACIÓN DE PEDIATRÍA  PEDIATRÍA  GENERAL ";"6";"6";"24";"24";"6";"186";"0"
"2023";"12";"040103";"AREQUIPA";"AREQUIPA";"CAYMA";"SANIDAD DE LA POLICIA NACIONAL DEL PERU";"II-1";"00011794";"HOSPITAL REGIONAL PNP AREQUIPA";"245400";"HOSPITALIZACIÓN DE MEDICINA GINECOLOGIA ";"1";"1";"4";"4";"2";"62";"0"
"2023";"12";"210101";"PUNO";"PUNO";"PUNO";"SANIDAD DE LA POLICIA NACIONAL DEL PERU";"I-3";"00010235";"UNIDAD EJECUTORA 020-1067 SANIDAD DE LA PNP";"NE_0001";"";"NE_0001";"NE_0001";"NE_0001";"NE_0001";"NE_0001";"NE_0001";"NE_0001"
"2023";"12";"140101";"LAMBAYEQUE";"CHICLAYO";"CHICLAYO";"SANIDAD DE LA POLICIA NACIONAL DEL PERU";"I-4";"00011833";"HOSPITAL REGIONAL POLICIAL CHICLAYO";"241800";"HOSPITALIZACIÓN DE MEDICINA MEDICINA GENERAL ";"27";"29";"137";"162";"16";"496";"0"
"2023";"12";"050204";"AYACUCHO";"CANGALLO";"MARIA PARADO DE BELLIDO";"GOBIERNO REGIONAL";"I-1";"00007303";"PUESTO DE SALUD ÑUÑUNHUAYCCO";"NE_0001";"";"NE_0001";"NE_0001";"NE_0001";"NE_0001";"NE_0001";"NE_0001";"NE_0001"
"2023";"12";"050203";"AYACUCHO";"CANGALLO";"LOS MOROCHUCOS";"GOBIERNO REGIONAL";"I-1";"00017085";"PUESTO DE SALUD HUALLCHANCCA";"NE_0001";"";"NE_0001";"NE_0001";"NE_0001";"NE_0001";"NE_0001";"NE_0001";"NE_0001"
"2023";"12";"050201";"AYACUCHO";"CANGALLO";"CANGALLO";"GOBIERNO REGIONAL";"I-1";"00003506";"PUESTO DE SALUD INCARACCAY";"NE_0001";"";"NE_0001";"NE_0001";"NE_0001";"NE_0001";"NE_0001";"NE_0001";"NE_0001"
"2023";"12";"050203";"AYACUCHO";"CANGALLO";"LOS MOROCHUCOS";"GOBIERNO REGIONAL";"I-1";"00007302";"PUESTO DE SALUD SATICA";"NE_0001";"";"NE_0001";"NE_0001";"NE_0001";"NE_0001";"NE_0001";"NE_0001";"NE_0001"
"2023";"12";"050201";"AYACUCHO";"CANGALLO";"CANGALLO";"GOBIERNO REGIONAL";"I-1";"00003496";"PUESTO DE SALUD HUANCARUCMA";"NE_0001";"";"NE_0001";"NE_0001";"NE_0001";"NE_0001";"NE_0001";"NE_0001";"NE_0001"
"2023";"12";"050201";"AYACUCHO";"CANGALLO";"CANGALLO";"GOBIERNO REGIONAL";"I-1";"00003495";"PUESTO DE SALUD HUAHUAPUQUIO";"NE_0001";"";"NE_0001";"NE_0001";"NE_0001";"NE_0001";"NE_0001";"NE_0001";"NE_0001"
"2023";"12";"051002";"AYACUCHO";"VICTOR FAJARDO";"ALCAMENCA";"GOBIERNO REGIONAL";"I-1";"00003499";"PUESTO DE SALUD HUAMBO";"NE_0001";"";"NE_0001";"NE_0001";"NE_0001";"NE_0001";"NE_0001";"NE_0001";"NE_0001"
"2023";"12";"050203";"AYACUCHO";"CANGALLO";"LOS MOROCHUCOS";"GOBIERNO REGIONAL";"I-1";"00017084";"PUESTO DE SALUD JUSCAYMARCA";"NE_0001";"";"NE_0001";"NE_0001";"NE_0001";"NE_0001";"NE_0001";"NE_0001";"NE_0001"
"2023";"12";"051108";"AYACUCHO";"VILCAS HUAMAN";"VISCHONGO";"GOBIERNO REGIONAL";"I-1";"00006612";"PUESTO DE SALUD PALLCCACANCHA";"NE_0001";"";"NE_0001";"NE_0001";"NE_0001";"NE_0001";"NE_0001";"NE_0001";"NE_0001"
"2023";"12";"051106";"AYACUCHO";"VILCAS HUAMAN";"INDEPENDENCIA";"GOBIERNO REGIONAL";"I-1";"00021259";"PUESTO DE SALUD OCCO";"NE_0001";"";"NE_0001";"NE_0001";"NE_0001";"NE_0001";"NE_0001";"NE_0001";"NE_0001"
"2023";"12";"051103";"AYACUCHO";"VILCAS HUAMAN";"CARHUANCA";"GOBIERNO REGIONAL";"I-2";"00003845";"PUESTO DE SALUD CARHUANCA";"NE_0001";"";"NE_0001";"NE_0001";"NE_0001";"NE_0001";"NE_0001";"NE_0001";"NE_0001"
"2023";"12";"051108";"AYACUCHO";"VILCAS HUAMAN";"VISCHONGO";"GOBIERNO REGIONAL";"I-1";"00006613";"PUESTO DE SALUD PATAHUASI";"NE_0001";"";"NE_0001";"NE_0001";"NE_0001";"NE_0001";"NE_0001";"NE_0001";"NE_0001"
"2023";"12";"051105";"AYACUCHO";"VILCAS HUAMAN";"HUAMBALPA";"GOBIERNO REGIONAL";"I-1";"00006606";"PUESTO DE SALUD SAN ANTONIO DE COCHAS";"NE_0001";"";"NE_0001";"NE_0001";"NE_0001";"NE_0001";"NE_0001";"NE_0001";"NE_0001"
"2023";"12";"051101";"AYACUCHO";"VILCAS HUAMAN";"VILCAS HUAMAN";"GOBIERNO REGIONAL";"I-1";"00011416";"PUESTO DE SALUD COLPAPAMPA";"NE_0001";"";"NE_0001";"NE_0001";"NE_0001";"NE_0001";"NE_0001";"NE_0001";"NE_0001"
"2023";"12";"051101";"AYACUCHO";"VILCAS HUAMAN";"VILCAS HUAMAN";"GOBIERNO REGIONAL";"I-1";"00003848";"PUESTO DE SALUD HUACCAÑA";"NE_0001";"";"NE_0001";"NE_0001";"NE_0001";"NE_0001";"NE_0001";"NE_0001";"NE_0001"
"2023";"12";"051101";"AYACUCHO";"VILCAS HUAMAN";"VILCAS HUAMAN";"GOBIERNO REGIONAL";"I-1";"00003850";"PUESTO DE SALUD SAN FRANCISCO DE PUJAS";"NE_0001";"";"NE_0001";"NE_0001";"NE_0001";"NE_0001";"NE_0001";"NE_0001";"NE_0001"
"2023";"12";"051102";"AYACUCHO";"VILCAS HUAMAN";"ACCOMARCA";"GOBIERNO REGIONAL";"I-1";"00003843";"PUESTO DE SALUD PONGOCOCHA";"NE_0001";"";"NE_0001";"NE_0001";"NE_0001";"NE_0001";"NE_0001";"NE_0001";"NE_0001"
"2023";"12";"051104";"AYACUCHO";"VILCAS HUAMAN";"CONCEPCION";"GOBIERNO REGIONAL";"I-1";"00003851";"PUESTO DE SALUD SAN ANTONIO ASTANYA";"NE_0001";"";"NE_0001";"NE_0001";"NE_0001";"NE_0001";"NE_0001";"NE_0001";"NE_0001"
"2023";"12";"051101";"AYACUCHO";"VILCAS HUAMAN";"VILCAS HUAMAN";"GOBIERNO REGIONAL";"I-4";"00003847";"CENTRO DE SALUD VILCASHUAMAN";"NE_0001";"";"NE_0001";"NE_0001";"NE_0001";"NE_0001";"NE_0001";"NE_0001";"NE_0001"
"2023";"12";"051106";"AYACUCHO";"VILCAS HUAMAN";"INDEPENDENCIA";"GOBIERNO REGIONAL";"I-2";"00003844";"PUESTO DE SALUD PACCHAHUALLHUA";"NE_0001";"";"NE_0001";"NE_0001";"NE_0001";"NE_0001";"NE_0001";"NE_0001";"NE_0001"
"2023";"12";"051101";"AYACUCHO";"VILCAS HUAMAN";"VILCAS HUAMAN";"GOBIERNO REGIONAL";"I-1";"00003849";"POMATAMBO";"NE_0001";"";"NE_0001";"NE_0001";"NE_0001";"NE_0001";"NE_0001";"NE_0001";"NE_0001"
"2023";"12";"120609";"JUNIN";"SATIPO";"VIZCATAN DEL ENE";"GOBIERNO REGIONAL";"I-1";"00000512";"TUNONTUARI RIO ENE";"NE_0001";"";"NE_0001";"NE_0001";"NE_0001";"NE_0001";"NE_0001";"NE_0001";"NE_0001"
"2023";"12";"120609";"JUNIN";"SATIPO";"VIZCATAN DEL ENE";"GOBIERNO REGIONAL";"I-2";"00000507";"BOCA MANTARO";"NE_0001";"";"NE_0001";"NE_0001";"NE_0001";"NE_0001";"NE_0001";"NE_0001";"NE_0001"
"2023";"12";"120609";"JUNIN";"SATIPO";"VIZCATAN DEL ENE";"GOBIERNO REGIONAL";"I-1";"00000511";"SAN JUAN DE MANTARO";"NE_0001";"";"NE_0001";"NE_0001";"NE_0001";"NE_0001";"NE_0001";"NE_0001";"NE_0001"
"2023";"12";"120608";"JUNIN";"SATIPO";"RIO TAMBO";"GOBIERNO REGIONAL";"I-1";"00000513";"QUEMPIRI";"NE_0001";"";"NE_0001";"NE_0001";"NE_0001";"NE_0001";"NE_0001";"NE_0001";"NE_0001"
"2023";"12";"120608";"JUNIN";"SATIPO";"RIO TAMBO";"GOBIERNO REGIONAL";"I-2";"00000471";"CUTIVIRENI";"NE_0001";"";"NE_0001";"NE_0001";"NE_0001";"NE_0001";"NE_0001";"NE_0001";"NE_0001"
"2023";"12";"120609";"JUNIN";"SATIPO";"VIZCATAN DEL ENE";"GOBIERNO REGIONAL";"I-1";"00000509";"SAN MIGUEL DE ENE SHINPINSHARIATO";"NE_0001";"";"NE_0001";"NE_0001";"NE_0001";"NE_0001";"NE_0001";"NE_0001";"NE_0001"
"2023";"12";"120608";"JUNIN";"SATIPO";"RIO TAMBO";"GOBIERNO REGIONAL";"I-2";"00000515";"YAVIRO";"NE_0001";"";"NE_0001";"NE_0001";"NE_0001";"NE_0001";"NE_0001";"NE_0001";"NE_0001"
"2023";"12";"120608";"JUNIN";"SATIPO";"RIO TAMBO";"GOBIERNO REGIONAL";"I-1";"00015914";"SELVA DE ORO";"NE_0001";"";"NE_0001";"NE_0001";"NE_0001";"NE_0001";"NE_0001";"NE_0001";"NE_0001"
"2023";"12";"040101";"AREQUIPA";"AREQUIPA";"AREQUIPA";"PRIVADO";"II-E";"00011995";"CLINICA ALMONTE SAC";"240800";"HOSPITALIZACIÓN QUIRÚRGICA CIRUGÍA PLÁSTICA/RECONSTRUCTIVA/ REPARADORA ";"8";"8";"8";"8";"3";"62";"0"
"2023";"12";"040126";"AREQUIPA";"AREQUIPA";"YANAHUARA";"GOBIERNO REGIONAL";"I-3";"00001233";"CENTRO DE SALUD YANAHUARA";"NE_0001";"";"NE_0001";"NE_0001";"NE_0001";"NE_0001";"NE_0001";"NE_0001";"NE_0001"
"2023";"12";"040117";"AREQUIPA";"AREQUIPA";"SACHACA";"GOBIERNO REGIONAL";"I-2";"00001283";"PUESTO DE SALUD PAMPA DE CAMARONES";"NE_0001";"";"NE_0001";"NE_0001";"NE_0001";"NE_0001";"NE_0001";"NE_0001";"NE_0001"
"2023";"12";"040117";"AREQUIPA";"AREQUIPA";"SACHACA";"GOBIERNO REGIONAL";"I-2";"00001282";"PUESTO DE SALUD SACHACA";"NE_0001";"";"NE_0001";"NE_0001";"NE_0001";"NE_0001";"NE_0001";"NE_0001";"NE_0001"
"2023";"12";"040105";"AREQUIPA";"AREQUIPA";"CHARACATO";"GOBIERNO REGIONAL";"I-3";"00001261";"CENTRO DE SALUD DE CHARACATO";"NE_0001";"";"NE_0001";"NE_0001";"NE_0001";"NE_0001";"NE_0001";"NE_0001";"NE_0001"
"2023";"12";"040113";"AREQUIPA";"AREQUIPA";"POCSI";"GOBIERNO REGIONAL";"I-1";"00001289";"PUESTO DE SALUD PIACA";"NE_0001";"";"NE_0001";"NE_0001";"NE_0001";"NE_0001";"NE_0001";"NE_0001";"NE_0001"
"2023";"12";"040111";"AREQUIPA";"AREQUIPA";"MOLLEBAYA";"GOBIERNO REGIONAL";"I-2";"00001285";"PUESTO DE SALUD MOLLEBAYA";"NE_0001";"";"NE_0001";"NE_0001";"NE_0001";"NE_0001";"NE_0001";"NE_0001";"NE_0001"
"2023";"12";"040126";"AREQUIPA";"AREQUIPA";"YANAHUARA";"ESSALUD";"II-1";"00013291";"HOSPITAL III YANAHUARA";"241900";"HOSPITALIZACIÓN DE MEDICINA MEDICINA INTERNA ";"65";"109";"1176";"729";"24";"744";"4"
"2023";"12";"040126";"AREQUIPA";"AREQUIPA";"YANAHUARA";"ESSALUD";"II-1";"00013291";"HOSPITAL III YANAHUARA";"240100";"HOSPITALIZACIÓN QUIRÚRGICA CIRUGÍA GENERAL ";"296";"323";"1017";"918";"32";"960";"0"
"2023";"12";"040126";"AREQUIPA";"AREQUIPA";"YANAHUARA";"ESSALUD";"II-1";"00013291";"HOSPITAL III YANAHUARA";"241600";"HOSPITALIZACIÓN QUIRÚRGICA OBSTETRICIA   ";"147";"161";"382";"345";"13";"390";"0"
"2023";"12";"040126";"AREQUIPA";"AREQUIPA";"YANAHUARA";"ESSALUD";"II-1";"00013291";"HOSPITAL III YANAHUARA";"241400";"HOSPITALIZACIÓN QUIRÚRGICA GINECO - OBSTETRICIA ";"233";"249";"555";"520";"20";"600";"0"
"2023";"12";"040126";"AREQUIPA";"AREQUIPA";"YANAHUARA";"ESSALUD";"II-1";"00013291";"HOSPITAL III YANAHUARA";"242300";"HOSPITALIZACIÓN DE PEDIATRÍA  PEDIATRÍA  GENERAL ";"50";"54";"190";"173";"9";"270";"0"
"2023";"12";"040126";"AREQUIPA";"AREQUIPA";"YANAHUARA";"ESSALUD";"II-1";"00013291";"HOSPITAL III YANAHUARA";"243200";"HOSPITALIZACIÓN DE PEDIATRÍA PEDIATRIA NEONATOLOGÍA";"183";"193";"574";"549";"19";"589";"0"
"2023";"12";"040126";"AREQUIPA";"AREQUIPA";"YANAHUARA";"ESSALUD";"II-1";"00013291";"HOSPITAL III YANAHUARA";"250100";"UNIDAD DE CUIDADOS CRITICOS UNIDAD  DE CUIDADOS INTENSIVOS GENERALES (UCI) ";"11";"2";"7";"86";"10";"300";"1"
"2023";"12";"060501";"CAJAMARCA";"CONTUMAZA";"CONTUMAZA";"GOBIERNO REGIONAL";"I-1";"00004630";"EL MOTE";"NE_0001";"";"NE_0001";"NE_0001";"NE_0001";"NE_0001";"NE_0001";"NE_0001";"NE_0001"
"2023";"12";"060601";"CAJAMARCA";"CUTERVO";"CUTERVO";"GOBIERNO REGIONAL";"I-1";"00006850";"CONDAY";"NE_0001";"";"NE_0001";"NE_0001";"NE_0001";"NE_0001";"NE_0001";"NE_0001";"NE_0001"
"2023";"12";"060601";"CAJAMARCA";"CUTERVO";"CUTERVO";"GOBIERNO REGIONAL";"I-1";"00006856";"CHACAF";"NE_0001";"";"NE_0001";"NE_0001";"NE_0001";"NE_0001";"NE_0001";"NE_0001";"NE_0001"
"2023";"12";"060601";"CAJAMARCA";"CUTERVO";"CUTERVO";"GOBIERNO REGIONAL";"I-1";"00004998";"EL CARDON";"NE_0001";"";"NE_0001";"NE_0001";"NE_0001";"NE_0001";"NE_0001";"NE_0001";"NE_0001"
"2023";"12";"060601";"CAJAMARCA";"CUTERVO";"CUTERVO";"GOBIERNO REGIONAL";"I-2";"00004982";"SALABAMBA";"NE_0001";"";"NE_0001";"NE_0001";"NE_0001";"NE_0001";"NE_0001";"NE_0001";"NE_0001"
"2023";"12";"060601";"CAJAMARCA";"CUTERVO";"CUTERVO";"GOBIERNO REGIONAL";"I-1";"00005000";"MUÑUNO";"NE_0001";"";"NE_0001";"NE_0001";"NE_0001";"NE_0001";"NE_0001";"NE_0001";"NE_0001"
"2023";"12";"060601";"CAJAMARCA";"CUTERVO";"CUTERVO";"GOBIERNO REGIONAL";"I-1";"00006834";"LUZPAMPA";"NE_0001";"";"NE_0001";"NE_0001";"NE_0001";"NE_0001";"NE_0001";"NE_0001";"NE_0001"
"2023";"12";"060601";"CAJAMARCA";"CUTERVO";"CUTERVO";"GOBIERNO REGIONAL";"I-2";"00004983";"CRUZ ROJA";"NE_0001";"";"NE_0001";"NE_0001";"NE_0001";"NE_0001";"NE_0001";"NE_0001";"NE_0001"
"2023";"12";"150605";"LIMA";"HUARAL";"CHANCAY";"GOBIERNO REGIONAL";"II-2";"00007638";"HOSPITAL DE CHANCAY Y SBS Dr. HIDALGO ATOCHE L¿PEZ";"240100";"HOSPITALIZACIÓN QUIRÚRGICA CIRUGÍA GENERAL ";"40";"45";"123";"107";"4";"124";"0"
"2023";"12";"150605";"LIMA";"HUARAL";"CHANCAY";"GOBIERNO REGIONAL";"II-2";"00007638";"HOSPITAL DE CHANCAY Y SBS Dr. HIDALGO ATOCHE L¿PEZ";"241200";"HOSPITALIZACIÓN QUIRÚRGICA TRAUMATOLOGÍA Y ORTOPEDIA ";"19";"21";"58";"50";"2";"62";"0"
"2023";"12";"150605";"LIMA";"HUARAL";"CHANCAY";"GOBIERNO REGIONAL";"II-2";"00007638";"HOSPITAL DE CHANCAY Y SBS Dr. HIDALGO ATOCHE L¿PEZ";"241300";"HOSPITALIZACIÓN QUIRÚRGICA UROLOGÍA  ";"7";"8";"33";"29";"1";"31";"0"
"2023";"12";"150605";"LIMA";"HUARAL";"CHANCAY";"GOBIERNO REGIONAL";"II-2";"00007638";"HOSPITAL DE CHANCAY Y SBS Dr. HIDALGO ATOCHE L¿PEZ";"241400";"HOSPITALIZACIÓN QUIRÚRGICA GINECO - OBSTETRICIA ";"53";"55";"143";"141";"13";"403";"0"
"2023";"12";"150605";"LIMA";"HUARAL";"CHANCAY";"GOBIERNO REGIONAL";"II-2";"00007638";"HOSPITAL DE CHANCAY Y SBS Dr. HIDALGO ATOCHE L¿PEZ";"241500";"HOSPITALIZACIÓN QUIRÚRGICA GINECOLOGÍA  ";"39";"47";"191";"174";"8";"248";"0"
"2023";"12";"150605";"LIMA";"HUARAL";"CHANCAY";"GOBIERNO REGIONAL";"II-2";"00007638";"HOSPITAL DE CHANCAY Y SBS Dr. HIDALGO ATOCHE L¿PEZ";"241800";"HOSPITALIZACIÓN DE MEDICINA MEDICINA GENERAL ";"51";"62";"446";"392";"16";"496";"6"
"2023";"12";"150605";"LIMA";"HUARAL";"CHANCAY";"GOBIERNO REGIONAL";"II-2";"00007638";"HOSPITAL DE CHANCAY Y SBS Dr. HIDALGO ATOCHE L¿PEZ";"242500";"HOSPITALIZACIÓN-PEDIATRÍA GENERAL-";"22";"24";"94";"85";"14";"434";"0"
"2023";"12";"150605";"LIMA";"HUARAL";"CHANCAY";"GOBIERNO REGIONAL";"II-2";"00007638";"HOSPITAL DE CHANCAY Y SBS Dr. HIDALGO ATOCHE L¿PEZ";"243200";"HOSPITALIZACIÓN DE PEDIATRÍA PEDIATRIA NEONATOLOGÍA";"10";"13";"65";"53";"6";"186";"0"
"2023";"12";"150605";"LIMA";"HUARAL";"CHANCAY";"GOBIERNO REGIONAL";"II-2";"00007638";"HOSPITAL DE CHANCAY Y SBS Dr. HIDALGO ATOCHE L¿PEZ";"250103";"UNIDAD DE CUIDADOS CRITICOS UNIDAD  DE CUIDADOS INTENSIVOS GENERALES  (UCI) MEDICINA";"2";"2";"3";"3";"4";"124";"0"
"2023";"12";"150605";"LIMA";"HUARAL";"CHANCAY";"GOBIERNO REGIONAL";"II-2";"00007638";"HOSPITAL DE CHANCAY Y SBS Dr. HIDALGO ATOCHE L¿PEZ";"250105";"UNIDAD DE CUIDADOS CRITICOS UNIDAD  DE CUIDADOS INTENSIVOS  (UCI) NEONATOLOGÍA";"4";"4";"9";"9";"2";"62";"0"
"2023";"12";"150111";"LIMA";"LIMA";"EL AGUSTINO";"MINSA";"III-1";"00005946";"HOSPITAL NACIONAL HIPOLITO UNANUE";"240100";"HOSPITALIZACIÓN QUIRÚRGICA CIRUGÍA GENERAL ";"150";"216";"1927";"1826";"73";"2263";"1"
"2023";"12";"150111";"LIMA";"LIMA";"EL AGUSTINO";"MINSA";"III-1";"00005946";"HOSPITAL NACIONAL HIPOLITO UNANUE";"240200";"HOSPITALIZACIÓN QUIRÚRGICA CIRUGÍA DE CABEZA Y CUELLO / MÁXILO FACIAL ";"20";"32";"364";"254";"9";"279";"0"
"2023";"12";"150111";"LIMA";"LIMA";"EL AGUSTINO";"MINSA";"III-1";"00005946";"HOSPITAL NACIONAL HIPOLITO UNANUE";"240400";"HOSPITALIZACIÓN QUIRÚRGICA CIRUGÍA DE TÓRAX Y CARDIOVASCULAR ";"24";"51";"1166";"1185";"50";"1550";"0"
"2023";"12";"150111";"LIMA";"LIMA";"EL AGUSTINO";"MINSA";"III-1";"00005946";"HOSPITAL NACIONAL HIPOLITO UNANUE";"240700";"HOSPITALIZACIÓN QUIRÚRGICA CIRUGÍA PEDIÁTRICA ";"29";"32";"183";"154";"10";"310";"0"
"2023";"12";"150111";"LIMA";"LIMA";"EL AGUSTINO";"MINSA";"III-1";"00005946";"HOSPITAL NACIONAL HIPOLITO UNANUE";"240800";"HOSPITALIZACIÓN QUIRÚRGICA CIRUGÍA PLÁSTICA/RECONSTRUCTIVA/ REPARADORA ";"1";"10";"303";"344";"13";"403";"0"
"2023";"12";"150111";"LIMA";"LIMA";"EL AGUSTINO";"MINSA";"III-1";"00005946";"HOSPITAL NACIONAL HIPOLITO UNANUE";"240900";"HOSPITALIZACIÓN QUIRÚRGICA NEUROCIRUGÍA ";"4";"10";"333";"420";"17";"527";"0"
"2023";"12";"150111";"LIMA";"LIMA";"EL AGUSTINO";"MINSA";"III-1";"00005946";"HOSPITAL NACIONAL HIPOLITO UNANUE";"241100";"HOSPITALIZACIÓN QUIRÚRGICA OTORRINOLARINGOLOGÍA  ";"10";"12";"39";"66";"3";"93";"0"
"2023";"12";"150111";"LIMA";"LIMA";"EL AGUSTINO";"MINSA";"III-1";"00005946";"HOSPITAL NACIONAL HIPOLITO UNANUE";"241200";"HOSPITALIZACIÓN QUIRÚRGICA TRAUMATOLOGÍA Y ORTOPEDIA ";"42";"71";"1044";"1021";"33";"1023";"0"
"2023";"12";"150111";"LIMA";"LIMA";"EL AGUSTINO";"MINSA";"III-1";"00005946";"HOSPITAL NACIONAL HIPOLITO UNANUE";"241300";"HOSPITALIZACIÓN QUIRÚRGICA UROLOGÍA  ";"18";"28";"274";"333";"13";"403";"0"
"2023";"12";"150111";"LIMA";"LIMA";"EL AGUSTINO";"MINSA";"III-1";"00005946";"HOSPITAL NACIONAL HIPOLITO UNANUE";"241400";"HOSPITALIZACIÓN QUIRÚRGICA GINECO - OBSTETRICIA ";"451";"497";"1342";"1731";"93";"2883";"0"
"2023";"12";"150111";"LIMA";"LIMA";"EL AGUSTINO";"MINSA";"III-1";"00005946";"HOSPITAL NACIONAL HIPOLITO UNANUE";"241900";"HOSPITALIZACIÓN DE MEDICINA MEDICINA INTERNA ";"183";"261";"2798";"2477";"87";"2697";"31"
"2023";"12";"150111";"LIMA";"LIMA";"EL AGUSTINO";"MINSA";"III-1";"00005946";"HOSPITAL NACIONAL HIPOLITO UNANUE";"242000";"HOSPITALIZACIÓN DE MEDICINA MEDICINA TROPICAL E INFECCIOSAS ";"3";"11";"205";"314";"12";"372";"0"
"2023";"12";"150111";"LIMA";"LIMA";"EL AGUSTINO";"MINSA";"III-1";"00005946";"HOSPITAL NACIONAL HIPOLITO UNANUE";"242202";"HOSPITALIZACIÓN DE MEDICINA PSIQUIATRÍA PSIQUIATRÍA DEL ADULTO Y GERONTE";"8";"11";"62";"33";"5";"155";"0"
"2023";"12";"150111";"LIMA";"LIMA";"EL AGUSTINO";"MINSA";"III-1";"00005946";"HOSPITAL NACIONAL HIPOLITO UNANUE";"242500";"HOSPITALIZACIÓN-PEDIATRÍA GENERAL-";"43";"64";"1131";"581";"39";"1209";"1"
"2023";"12";"150122";"LIMA";"LIMA";"MIRAFLORES";"PRIVADO";"II-E";"00016121";"CENTRO MEDICO AVENDAÑO S.A.C.";"240300";"HOSPITALIZACIÓN QUIRÚRGICA CIRUGÍA DIGESTIVA ";"21";"22";"22";"45";"6";"118";"0"
"2023";"12";"130201";"LA LIBERTAD";"ASCOPE";"ASCOPE";"GOBIERNO REGIONAL";"II-1";"00005263";"HOSPITAL PROVINCIAL ASCOPE ""ROSA SANCHEZ DE SANTILLAN""";"240100";"HOSPITALIZACIÓN QUIRÚRGICA CIRUGÍA GENERAL ";"1";"1";"2";"2";"2";"62";"0"
"2023";"12";"130201";"LA LIBERTAD";"ASCOPE";"ASCOPE";"GOBIERNO REGIONAL";"II-1";"00005263";"HOSPITAL PROVINCIAL ASCOPE ""ROSA SANCHEZ DE SANTILLAN""";"241400";"HOSPITALIZACIÓN QUIRÚRGICA GINECO - OBSTETRICIA ";"11";"15";"36";"15";"3";"93";"0"
"2023";"12";"130201";"LA LIBERTAD";"ASCOPE";"ASCOPE";"GOBIERNO REGIONAL";"II-1";"00005263";"HOSPITAL PROVINCIAL ASCOPE ""ROSA SANCHEZ DE SANTILLAN""";"241600";"HOSPITALIZACIÓN QUIRÚRGICA OBSTETRICIA   ";"12";"13";"17";"13";"4";"121";"0"
"2023";"12";"130201";"LA LIBERTAD";"ASCOPE";"ASCOPE";"GOBIERNO REGIONAL";"II-1";"00005263";"HOSPITAL PROVINCIAL ASCOPE ""ROSA SANCHEZ DE SANTILLAN""";"241800";"HOSPITALIZACIÓN DE MEDICINA MEDICINA GENERAL ";"12";"13";"70";"13";"11";"341";"0"
"2023";"12";"070106";"CALLAO";"CALLAO";"VENTANILLA";"GOBIERNO REGIONAL";"I-2";"00006263";"PUESTO DE SALUD  SANTA ROSA DE PACHACUTEC";"NE_0001";"";"NE_0001";"NE_0001";"NE_0001";"NE_0001";"NE_0001";"NE_0001";"NE_0001"
"2023";"12";"070106";"CALLAO";"CALLAO";"VENTANILLA";"GOBIERNO REGIONAL";"I-2";"00006264";"PUESTO DE SALUD BAHÍA BLANCA";"NE_0001";"";"NE_0001";"NE_0001";"NE_0001";"NE_0001";"NE_0001";"NE_0001";"NE_0001"
"2023";"12";"070106";"CALLAO";"CALLAO";"VENTANILLA";"GOBIERNO REGIONAL";"I-4";"00007314";"C.S. MATERNO INFANTIL PACHACUTEC  PERU-COREA";"241800";"HOSPITALIZACIÓN DE MEDICINA MEDICINA GENERAL ";"21";"14";"15";"651";"21";"651";"0"
"2023";"12";"120605";"JUNIN";"SATIPO";"PAMPA HERMOSA";"GOBIERNO REGIONAL";"I-1";"00007185";"PAMPA MANDARINA";"NE_0001";"";"NE_0001";"NE_0001";"NE_0001";"NE_0001";"NE_0001";"NE_0001";"NE_0001"
"2023";"12";"120602";"JUNIN";"SATIPO";"COVIRIALI";"GOBIERNO REGIONAL";"I-2";"00000486";"SAN PEDRO";"NE_0001";"";"NE_0001";"NE_0001";"NE_0001";"NE_0001";"NE_0001";"NE_0001";"NE_0001"
"2023";"12";"120605";"JUNIN";"SATIPO";"PAMPA HERMOSA";"GOBIERNO REGIONAL";"I-2";"00000493";"MARIPOSA";"NE_0001";"";"NE_0001";"NE_0001";"NE_0001";"NE_0001";"NE_0001";"NE_0001";"NE_0001"
"2023";"12";"120605";"JUNIN";"SATIPO";"PAMPA HERMOSA";"GOBIERNO REGIONAL";"I-2";"00006876";"TOLDOPAMPA";"NE_0001";"";"NE_0001";"NE_0001";"NE_0001";"NE_0001";"NE_0001";"NE_0001";"NE_0001"
"2023";"12";"120602";"JUNIN";"SATIPO";"COVIRIALI";"GOBIERNO REGIONAL";"I-1";"00000489";"BUENOS AIRES";"NE_0001";"";"NE_0001";"NE_0001";"NE_0001";"NE_0001";"NE_0001";"NE_0001";"NE_0001"
"2023";"12";"120605";"JUNIN";"SATIPO";"PAMPA HERMOSA";"GOBIERNO REGIONAL";"I-2";"00000494";"APALLA CALABAZA";"NE_0001";"";"NE_0001";"NE_0001";"NE_0001";"NE_0001";"NE_0001";"NE_0001";"NE_0001"
"2023";"12";"150136";"LIMA";"LIMA";"SAN MIGUEL";"PRIVADO";"II-2";"00014501";"CLINICA SAN GABRIEL S.A.C.";"240000";"HOSPITALIZACIÓN";"668";"726";"2194";"2668";"87";"2697";"1"
"2023";"12";"150136";"LIMA";"LIMA";"SAN MIGUEL";"PRIVADO";"II-2";"00014501";"CLINICA SAN GABRIEL S.A.C.";"250105";"UNIDAD DE CUIDADOS CRITICOS UNIDAD  DE CUIDADOS INTENSIVOS  (UCI) NEONATOLOGÍA";"3";"4";"28";"29";"6";"186";"0"
"2023";"12";"150136";"LIMA";"LIMA";"SAN MIGUEL";"PRIVADO";"II-2";"00014501";"CLINICA SAN GABRIEL S.A.C.";"250100";"UNIDAD DE CUIDADOS CRITICOS UNIDAD  DE CUIDADOS INTENSIVOS GENERALES (UCI) ";"55";"58";"131";"184";"12";"372";"2"
"2023";"12";"150133";"LIMA";"LIMA";"SAN JUAN DE MIRAFLORES";"PRIVADO";"II-E";"00016794";"CLINICA DIVINO NIÑO JESUS - ORDEN DE MALTA";"240000";"HOSPITALIZACIÓN";"47";"44";"142";"445";"16";"496";"0"
"2023";"12";"120501";"JUNIN";"JUNIN";"JUNIN";"GOBIERNO REGIONAL";"II-1";"00000519";"DE APOYO JUNIN";"240100";"HOSPITALIZACIÓN QUIRÚRGICA CIRUGÍA GENERAL ";"12";"13";"54";"54";"10";"310";"0"
"2023";"12";"120501";"JUNIN";"JUNIN";"JUNIN";"GOBIERNO REGIONAL";"II-1";"00000519";"DE APOYO JUNIN";"241500";"HOSPITALIZACIÓN QUIRÚRGICA GINECOLOGÍA  ";"9";"9";"17";"17";"4";"124";"0"
"2023";"12";"120501";"JUNIN";"JUNIN";"JUNIN";"GOBIERNO REGIONAL";"II-1";"00000519";"DE APOYO JUNIN";"242200";"HOSPITALIZACIÓN DE MEDICINA PSIQUIATRÍA ";"2";"6";"135";"134";"10";"310";"0"
"2023";"12";"120501";"JUNIN";"JUNIN";"JUNIN";"GOBIERNO REGIONAL";"II-1";"00000519";"DE APOYO JUNIN";"241600";"HOSPITALIZACIÓN QUIRÚRGICA OBSTETRICIA   ";"16";"16";"26";"26";"4";"124";"0"
"2023";"12";"150121";"LIMA";"LIMA";"PUEBLO LIBRE";"PRIVADO";"II-E";"00015077";"LIGA CONTRA EL CÁNCER";"NE_0001";"";"NE_0001";"NE_0001";"NE_0001";"NE_0001";"NE_0001";"NE_0001";"NE_0001"
"2023";"12";"130101";"LA LIBERTAD";"TRUJILLO";"TRUJILLO";"PRIVADO";"II-E";"00021475";"DE LA BELLEZA";"NE_0001";"";"NE_0001";"NE_0001";"NE_0001";"NE_0001";"NE_0001";"NE_0001";"NE_0001"
"2023";"03";"021503";"ANCASH";"PALLASCA";"CONCHUCOS";"ESSALUD";"I-2";"00009201";"POSTA MEDICA CONCHUCOS";"NE_0001";"";"NE_0001";"NE_0001";"NE_0001";"NE_0001";"NE_0001";"NE_0001";"NE_0001"
"2023";"04";"220901";"SAN MARTIN";"SAN MARTIN";"TARAPOTO";"PRIVADO";"II-E";"00032615";"CLINICA RODRIGUEZ Y ESPECIALISTAS";"240100";"HOSPITALIZACIÓN QUIRÚRGICA CIRUGÍA GENERAL ";"34";"35";"139";"95";"8";"184";"0"
"2023";"04";"220901";"SAN MARTIN";"SAN MARTIN";"TARAPOTO";"PRIVADO";"II-E";"00032615";"CLINICA RODRIGUEZ Y ESPECIALISTAS";"240900";"HOSPITALIZACIÓN QUIRÚRGICA NEUROCIRUGÍA ";"2";"1";"4";"7";"8";"16";"0"
"2023";"04";"220901";"SAN MARTIN";"SAN MARTIN";"TARAPOTO";"PRIVADO";"II-E";"00032615";"CLINICA RODRIGUEZ Y ESPECIALISTAS";"241800";"HOSPITALIZACIÓN DE MEDICINA MEDICINA GENERAL ";"12";"14";"49";"80";"8";"136";"0"
"2023";"03";"220901";"SAN MARTIN";"SAN MARTIN";"TARAPOTO";"PRIVADO";"II-E";"00032615";"CLINICA RODRIGUEZ Y ESPECIALISTAS";"240100";"HOSPITALIZACIÓN QUIRÚRGICA CIRUGÍA GENERAL ";"11";"10";"39";"34";"8";"88";"0"
"2023";"03";"220901";"SAN MARTIN";"SAN MARTIN";"TARAPOTO";"PRIVADO";"II-E";"00032615";"CLINICA RODRIGUEZ Y ESPECIALISTAS";"241800";"HOSPITALIZACIÓN DE MEDICINA MEDICINA GENERAL ";"7";"7";"38";"23";"8";"104";"0"
"2023";"05";"220901";"SAN MARTIN";"SAN MARTIN";"TARAPOTO";"PRIVADO";"II-E";"00032615";"CLINICA RODRIGUEZ Y ESPECIALISTAS";"240100";"HOSPITALIZACIÓN QUIRÚRGICA CIRUGÍA GENERAL ";"18";"20";"61";"47";"8";"120";"0"
"2023";"05";"220901";"SAN MARTIN";"SAN MARTIN";"TARAPOTO";"PRIVADO";"II-E";"00032615";"CLINICA RODRIGUEZ Y ESPECIALISTAS";"240900";"HOSPITALIZACIÓN QUIRÚRGICA NEUROCIRUGÍA ";"1";"1";"3";"2";"8";"16";"0"
"2023";"05";"220901";"SAN MARTIN";"SAN MARTIN";"TARAPOTO";"PRIVADO";"II-E";"00032615";"CLINICA RODRIGUEZ Y ESPECIALISTAS";"241800";"HOSPITALIZACIÓN DE MEDICINA MEDICINA GENERAL ";"17";"14";"35";"55";"8";"152";"0"
"2023";"02";"220901";"SAN MARTIN";"SAN MARTIN";"TARAPOTO";"PRIVADO";"II-E";"00026411";"CLINICA VIRGEN DE LAS MERCEDES";"240100";"HOSPITALIZACIÓN QUIRÚRGICA CIRUGÍA GENERAL ";"83";"82";"236";"399";"20";"560";"0"
"2023";"12";"061007";"CAJAMARCA";"SAN MARCOS";"JOSE SABOGAL";"GOBIERNO REGIONAL";"I-1";"00004496";"TINYAYOC";"NE_0001";"";"NE_0001";"NE_0001";"NE_0001";"NE_0001";"NE_0001";"NE_0001";"NE_0001"
"2023";"12";"061007";"CAJAMARCA";"SAN MARCOS";"JOSE SABOGAL";"GOBIERNO REGIONAL";"I-2";"00004497";"MALAT";"NE_0001";"";"NE_0001";"NE_0001";"NE_0001";"NE_0001";"NE_0001";"NE_0001";"NE_0001"
"2023";"12";"061007";"CAJAMARCA";"SAN MARCOS";"JOSE SABOGAL";"GOBIERNO REGIONAL";"I-1";"00004499";"MATIBAMBA";"NE_0001";"";"NE_0001";"NE_0001";"NE_0001";"NE_0001";"NE_0001";"NE_0001";"NE_0001"
"2023";"12";"061007";"CAJAMARCA";"SAN MARCOS";"JOSE SABOGAL";"GOBIERNO REGIONAL";"I-1";"00004495";"HUAGAL";"NE_0001";"";"NE_0001";"NE_0001";"NE_0001";"NE_0001";"NE_0001";"NE_0001";"NE_0001"
"2023";"12";"061007";"CAJAMARCA";"SAN MARCOS";"JOSE SABOGAL";"GOBIERNO REGIONAL";"I-2";"00004498";"LICLICONGA";"NE_0001";"";"NE_0001";"NE_0001";"NE_0001";"NE_0001";"NE_0001";"NE_0001";"NE_0001"
"2023";"12";"061007";"CAJAMARCA";"SAN MARCOS";"JOSE SABOGAL";"GOBIERNO REGIONAL";"I-3";"00004500";"JOSE SABOGAL";"NE_0001";"";"NE_0001";"NE_0001";"NE_0001";"NE_0001";"NE_0001";"NE_0001";"NE_0001"
"2023";"12";"150125";"LIMA";"LIMA";"PUENTE PIEDRA";"SANIDAD DE LA POLICIA NACIONAL DEL PERU";"I-2";"00012923";"POSTA MEDICA POLICIAL ETS  ESCUELA PUENTE PIEDRA";"NE_0002";"";"NE_0002";"NE_0002";"NE_0002";"NE_0002";"NE_0002";"NE_0002";"NE_0002"
"2023";"12";"240201";"TUMBES";"CONTRALMIRANTE VILLAR";"ZORRITOS";"ESSALUD";"I-2";"00012273";"POSTA MEDICA ZORRITOS";"NE_0001";"";"NE_0001";"NE_0001";"NE_0001";"NE_0001";"NE_0001";"NE_0001";"NE_0001"
"2023";"12";"030201";"APURIMAC";"ANDAHUAYLAS";"ANDAHUAYLAS";"PRIVADO";"II-E";"00014403";"CLINICA DEL NIÑO ANDAHUAYLAS";"NE_0001";"";"NE_0001";"NE_0001";"NE_0001";"NE_0001";"NE_0001";"NE_0001";"NE_0001"
"2023";"12";"150122";"LIMA";"LIMA";"MIRAFLORES";"PRIVADO";"II-E";"00019671";"CLINICA RENACER";"NE_0002";"";"NE_0002";"NE_0002";"NE_0002";"NE_0002";"NE_0002";"NE_0002";"NE_0002"
"2023";"12";"110305";"ICA";"NAZCA";"VISTA ALEGRE";"ESSALUD";"I-3";"00010429";"NASCA";"NE_0001";"";"NE_0001";"NE_0001";"NE_0001";"NE_0001";"NE_0001";"NE_0001";"NE_0001"
"2023";"10";"250301";"UCAYALI";"PADRE ABAD";"PADRE ABAD";"GOBIERNO REGIONAL";"I-1";"00019070";"NUEVA CHONTA";"NE_0001";"";"NE_0001";"NE_0001";"NE_0001";"NE_0001";"NE_0001";"NE_0001";"NE_0001"
"2023";"10";"250301";"UCAYALI";"PADRE ABAD";"PADRE ABAD";"GOBIERNO REGIONAL";"I-2";"00006802";"SHAMBILLO";"NE_0001";"";"NE_0001";"NE_0001";"NE_0001";"NE_0001";"NE_0001";"NE_0001";"NE_0001"
"2023";"10";"250301";"UCAYALI";"PADRE ABAD";"PADRE ABAD";"GOBIERNO REGIONAL";"I-2";"00005411";"SANTA ROSA DE AGUAYTIA";"NE_0001";"";"NE_0001";"NE_0001";"NE_0001";"NE_0001";"NE_0001";"NE_0001";"NE_0001"
"2023";"10";"250301";"UCAYALI";"PADRE ABAD";"PADRE ABAD";"GOBIERNO REGIONAL";"I-1";"00005410";"SANTA ANA";"NE_0001";"";"NE_0001";"NE_0001";"NE_0001";"NE_0001";"NE_0001";"NE_0001";"NE_0001"
"2023";"10";"250301";"UCAYALI";"PADRE ABAD";"PADRE ABAD";"GOBIERNO REGIONAL";"I-2";"00005407";"COMUNIDAD NATIVA DE PUERTO AZUL";"NE_0001";"";"NE_0001";"NE_0001";"NE_0001";"NE_0001";"NE_0001";"NE_0001";"NE_0001"
"2023";"10";"250301";"UCAYALI";"PADRE ABAD";"PADRE ABAD";"GOBIERNO REGIONAL";"I-2";"00005406";"PREVISTO";"NE_0001";"";"NE_0001";"NE_0001";"NE_0001";"NE_0001";"NE_0001";"NE_0001";"NE_0001"
"2023";"10";"250301";"UCAYALI";"PADRE ABAD";"PADRE ABAD";"GOBIERNO REGIONAL";"I-1";"00005403";"MIGUEL GRAU SEMINARIO";"NE_0001";"";"NE_0001";"NE_0001";"NE_0001";"NE_0001";"NE_0001";"NE_0001";"NE_0001"
"2023";"10";"250301";"UCAYALI";"PADRE ABAD";"PADRE ABAD";"GOBIERNO REGIONAL";"I-1";"00005402";"MARISCAL CACERES.";"NE_0001";"";"NE_0001";"NE_0001";"NE_0001";"NE_0001";"NE_0001";"NE_0001";"NE_0001"
"2023";"10";"250301";"UCAYALI";"PADRE ABAD";"PADRE ABAD";"GOBIERNO REGIONAL";"I-1";"00005401";"LA DIVISORIA";"NE_0001";"";"NE_0001";"NE_0001";"NE_0001";"NE_0001";"NE_0001";"NE_0001";"NE_0001"
"2023";"10";"250301";"UCAYALI";"PADRE ABAD";"PADRE ABAD";"GOBIERNO REGIONAL";"I-2";"00005400";"HUIPOCA";"NE_0001";"";"NE_0001";"NE_0001";"NE_0001";"NE_0001";"NE_0001";"NE_0001";"NE_0001"
"2023";"10";"250301";"UCAYALI";"PADRE ABAD";"PADRE ABAD";"GOBIERNO REGIONAL";"I-2";"00005399";"BOQUERON";"NE_0001";"";"NE_0001";"NE_0001";"NE_0001";"NE_0001";"NE_0001";"NE_0001";"NE_0001"
"2023";"10";"250301";"UCAYALI";"PADRE ABAD";"PADRE ABAD";"GOBIERNO REGIONAL";"I-1";"00005398";"ALTO AGUAYTIA.";"NE_0001";"";"NE_0001";"NE_0001";"NE_0001";"NE_0001";"NE_0001";"NE_0001";"NE_0001"
"2023";"10";"250301";"UCAYALI";"PADRE ABAD";"PADRE ABAD";"GOBIERNO REGIONAL";"I-1";"00005397";"3 DE OCTUBRE";"NE_0001";"";"NE_0001";"NE_0001";"NE_0001";"NE_0001";"NE_0001";"NE_0001";"NE_0001"
"2023";"10";"250301";"UCAYALI";"PADRE ABAD";"PADRE ABAD";"GOBIERNO REGIONAL";"I-4";"00005395";"AGUAYTIA";"NE_0002";"";"NE_0002";"NE_0002";"NE_0002";"NE_0002";"NE_0002";"NE_0002";"NE_0002"
"2023";"12";"070101";"CALLAO";"CALLAO";"CALLAO";"GOBIERNO REGIONAL";"I-2";"00006222";"PUESTO DE SALUD CALLAO";"NE_0001";"";"NE_0001";"NE_0001";"NE_0001";"NE_0001";"NE_0001";"NE_0001";"NE_0001"
"2023";"12";"180101";"MOQUEGUA";"MARISCAL NIETO";"MOQUEGUA";"ESSALUD";"II-1";"00016157";"HOSPITAL II MOQUEGUA";"241800";"HOSPITALIZACIÓN DE MEDICINA MEDICINA GENERAL ";"24";"21";"184";"260";"12";"372";"0"
"2023";"12";"180101";"MOQUEGUA";"MARISCAL NIETO";"MOQUEGUA";"ESSALUD";"II-1";"00016157";"HOSPITAL II MOQUEGUA";"240100";"HOSPITALIZACIÓN QUIRÚRGICA CIRUGÍA GENERAL ";"70";"68";"580";"424";"14";"434";"1"
"2023";"12";"180101";"MOQUEGUA";"MARISCAL NIETO";"MOQUEGUA";"ESSALUD";"II-1";"00016157";"HOSPITAL II MOQUEGUA";"241500";"HOSPITALIZACIÓN QUIRÚRGICA GINECOLOGÍA  ";"12";"15";"45";"37";"2";"62";"0"
"2023";"12";"180101";"MOQUEGUA";"MARISCAL NIETO";"MOQUEGUA";"ESSALUD";"II-1";"00016157";"HOSPITAL II MOQUEGUA";"241600";"HOSPITALIZACIÓN QUIRÚRGICA OBSTETRICIA   ";"55";"55";"113";"114";"6";"186";"0"
"2023";"12";"180101";"MOQUEGUA";"MARISCAL NIETO";"MOQUEGUA";"ESSALUD";"II-1";"00016157";"HOSPITAL II MOQUEGUA";"242300";"HOSPITALIZACIÓN DE PEDIATRÍA  PEDIATRÍA  GENERAL ";"57";"56";"134";"142";"5";"155";"0"
"2023";"12";"180101";"MOQUEGUA";"MARISCAL NIETO";"MOQUEGUA";"ESSALUD";"II-1";"00016157";"HOSPITAL II MOQUEGUA";"250304";"HOSPIT. EN UNIDAD DE CUID.INTEN.-UNIDAD DE VIGILANCIA INTENSIVA (UVI)-MEDICINA";"3";"2";"63";"43";"3";"93";"1"
"2023";"12";"220602";"SAN MARTIN";"MARISCAL CACERES";"CAMPANILLA";"GOBIERNO REGIONAL";"I-1";"00006579";"NUEVO JAEN";"NE_0001";"";"NE_0001";"NE_0001";"NE_0001";"NE_0001";"NE_0001";"NE_0001";"NE_0001"
"2023";"12";"220602";"SAN MARTIN";"MARISCAL CACERES";"CAMPANILLA";"GOBIERNO REGIONAL";"I-1";"00006578";"SION";"NE_0001";"";"NE_0001";"NE_0001";"NE_0001";"NE_0001";"NE_0001";"NE_0001";"NE_0001"
"2023";"12";"220602";"SAN MARTIN";"MARISCAL CACERES";"CAMPANILLA";"GOBIERNO REGIONAL";"I-1";"00006576";"BALZAYACU";"NE_0001";"";"NE_0001";"NE_0001";"NE_0001";"NE_0001";"NE_0001";"NE_0001";"NE_0001"
"2023";"12";"220602";"SAN MARTIN";"MARISCAL CACERES";"CAMPANILLA";"GOBIERNO REGIONAL";"I-1";"00006715";"PERLAMAYO";"NE_0001";"";"NE_0001";"NE_0001";"NE_0001";"NE_0001";"NE_0001";"NE_0001";"NE_0001"
"2023";"12";"060101";"CAJAMARCA";"CAJAMARCA";"CAJAMARCA";"PRIVADO";"II-1";"00009591";"CLINICA LIMATAMBO CAJAMARCA S.A.C.";"240000";"HOSPITALIZACIÓN";"154";"162";"182";"352";"33";"744";"2"
"2023";"12";"150110";"LIMA";"LIMA";"COMAS";"MINSA";"III-1";"00007634";"HOSPITAL SERGIO E. BERNALES";"241900";"HOSPITALIZACIÓN DE MEDICINA MEDICINA INTERNA ";"69";"111";"1501";"1365";"48";"1488";"13"
"2023";"12";"150110";"LIMA";"LIMA";"COMAS";"MINSA";"III-1";"00007634";"HOSPITAL SERGIO E. BERNALES";"245300";"HOSPITALIZACIÓN DE MEDICINA NEUMOLOGÍA  ";"25";"33";"363";"477";"25";"775";"6"
"2023";"12";"150110";"LIMA";"LIMA";"COMAS";"MINSA";"III-1";"00007634";"HOSPITAL SERGIO E. BERNALES";"240100";"HOSPITALIZACIÓN QUIRÚRGICA CIRUGÍA GENERAL ";"159";"183";"1055";"1198";"65";"2015";"2"
"2023";"12";"150110";"LIMA";"LIMA";"COMAS";"MINSA";"III-1";"00007634";"HOSPITAL SERGIO E. BERNALES";"241200";"HOSPITALIZACIÓN QUIRÚRGICA TRAUMATOLOGÍA Y ORTOPEDIA ";"40";"39";"530";"641";"22";"682";"0"
"2023";"12";"150110";"LIMA";"LIMA";"COMAS";"MINSA";"III-1";"00007634";"HOSPITAL SERGIO E. BERNALES";"242300";"HOSPITALIZACIÓN DE PEDIATRÍA  PEDIATRÍA  GENERAL ";"174";"177";"554";"485";"28";"868";"0"
"2023";"12";"150110";"LIMA";"LIMA";"COMAS";"MINSA";"III-1";"00007634";"HOSPITAL SERGIO E. BERNALES";"243200";"HOSPITALIZACIÓN DE PEDIATRÍA PEDIATRIA NEONATOLOGÍA";"280";"171";"673";"427";"29";"899";"1"
"2023";"12";"150110";"LIMA";"LIMA";"COMAS";"MINSA";"III-1";"00007634";"HOSPITAL SERGIO E. BERNALES";"241600";"HOSPITALIZACIÓN QUIRÚRGICA OBSTETRICIA   ";"49";"52";"179";"156";"14";"434";"0"
"2023";"12";"150110";"LIMA";"LIMA";"COMAS";"MINSA";"III-1";"00007634";"HOSPITAL SERGIO E. BERNALES";"241500";"HOSPITALIZACIÓN QUIRÚRGICA GINECOLOGÍA  ";"349";"391";"1220";"1309";"58";"1798";"0"
"2023";"12";"090713";"HUANCAVELICA";"TAYACAJA";"QUISHUAR";"GOBIERNO REGIONAL";"I-2";"00004089";"QUISHUAR";"NE_0001";"";"NE_0001";"NE_0001";"NE_0001";"NE_0001";"NE_0001";"NE_0001";"NE_0001"
"2023";"12";"090715";"HUANCAVELICA";"TAYACAJA";"SALCAHUASI";"GOBIERNO REGIONAL";"I-1";"00007706";"CHUYAPATA";"NE_0001";"";"NE_0001";"NE_0001";"NE_0001";"NE_0001";"NE_0001";"NE_0001";"NE_0001"
"2023";"12";"090717";"HUANCAVELICA";"TAYACAJA";"SURCUBAMBA";"GOBIERNO REGIONAL";"I-2";"00007707";"SACHACOTO";"NE_0001";"";"NE_0001";"NE_0001";"NE_0001";"NE_0001";"NE_0001";"NE_0001";"NE_0001"
"2023";"12";"090709";"HUANCAVELICA";"TAYACAJA";"HUARIBAMBA";"GOBIERNO REGIONAL";"I-1";"00011188";"SANTA CRUZ DE INYACC";"NE_0001";"";"NE_0001";"NE_0001";"NE_0001";"NE_0001";"NE_0001";"NE_0001";"NE_0001"
"2023";"12";"090719";"HUANCAVELICA";"TAYACAJA";"QUICHUAS";"GOBIERNO REGIONAL";"I-1";"00011185";"COLCA";"NE_0001";"";"NE_0001";"NE_0001";"NE_0001";"NE_0001";"NE_0001";"NE_0001";"NE_0001"
"2023";"12";"090719";"HUANCAVELICA";"TAYACAJA";"QUICHUAS";"GOBIERNO REGIONAL";"I-1";"00011431";"SANTA ROSA DE MALLMA";"NE_0001";"";"NE_0001";"NE_0001";"NE_0001";"NE_0001";"NE_0001";"NE_0001";"NE_0001"
"2023";"12";"090723";"HUANCAVELICA";"TAYACAJA";"SANTIAGO DE TUCUMA";"GOBIERNO REGIONAL";"I-2";"00004075";"SANTIAGO DE TUCUMA";"NE_0001";"";"NE_0001";"NE_0001";"NE_0001";"NE_0001";"NE_0001";"NE_0001";"NE_0001"
"2023";"12";"090704";"HUANCAVELICA";"TAYACAJA";"AHUAYCHA";"GOBIERNO REGIONAL";"I-2";"00004080";"AHUAYCHA";"NE_0001";"";"NE_0001";"NE_0001";"NE_0001";"NE_0001";"NE_0001";"NE_0001";"NE_0001"
"2023";"12";"090705";"HUANCAVELICA";"TAYACAJA";"COLCABAMBA";"GOBIERNO REGIONAL";"I-2";"00004092";"CARPAPATA";"NE_0001";"";"NE_0001";"NE_0001";"NE_0001";"NE_0001";"NE_0001";"NE_0001";"NE_0001"
"2023";"12";"090705";"HUANCAVELICA";"TAYACAJA";"COLCABAMBA";"GOBIERNO REGIONAL";"I-1";"00004093";"POCCYACC";"NE_0001";"";"NE_0001";"NE_0001";"NE_0001";"NE_0001";"NE_0001";"NE_0001";"NE_0001"
"2023";"12";"090711";"HUANCAVELICA";"TAYACAJA";"PAZOS";"GOBIERNO REGIONAL";"I-1";"00004108";"SANTA CRUZ DE ILA";"NE_0001";"";"NE_0001";"NE_0001";"NE_0001";"NE_0001";"NE_0001";"NE_0001";"NE_0001"
"2023";"12";"090716";"HUANCAVELICA";"TAYACAJA";"SAN MARCOS DE ROCCHAC";"GOBIERNO REGIONAL";"I-3";"00004122";"SAN ISIDRO DE ACOBAMBA";"NE_0002";"";"NE_0002";"NE_0002";"NE_0002";"NE_0002";"NE_0002";"NE_0002";"NE_0002"
"2023";"12";"090714";"HUANCAVELICA";"TAYACAJA";"SALCABAMBA";"GOBIERNO REGIONAL";"I-1";"00032253";"SANTA ROSA DE PALCA";"NE_0001";"";"NE_0001";"NE_0001";"NE_0001";"NE_0001";"NE_0001";"NE_0001";"NE_0001"
"2023";"12";"090722";"HUANCAVELICA";"TAYACAJA";"PICHOS";"GOBIERNO REGIONAL";"I-3";"00004111";"SANTIAGO DE PICHUS";"NE_0002";"";"NE_0002";"NE_0002";"NE_0002";"NE_0002";"NE_0002";"NE_0002";"NE_0002"
"2023";"12";"090707";"HUANCAVELICA";"TAYACAJA";"HUACHOCOLPA";"GOBIERNO REGIONAL";"I-1";"00031694";"VIRGEN DEL CARMEN DE HUAYLACUCHO";"NE_0001";"";"NE_0001";"NE_0001";"NE_0001";"NE_0001";"NE_0001";"NE_0001";"NE_0001"
"2023";"12";"110301";"ICA";"NAZCA";"NAZCA";"GOBIERNO REGIONAL";"II-1";"00003443";"RICARDO CRUZADO RIVAROLA DE NASCA";"240100";"HOSPITALIZACIÓN QUIRÚRGICA CIRUGÍA GENERAL ";"76";"75";"228";"549";"11";"341";"0"
"2023";"12";"110301";"ICA";"NAZCA";"NAZCA";"GOBIERNO REGIONAL";"II-1";"00003443";"RICARDO CRUZADO RIVAROLA DE NASCA";"241500";"HOSPITALIZACIÓN QUIRÚRGICA GINECOLOGÍA  ";"33";"31";"75";"117";"4";"124";"0"
"2023";"12";"110301";"ICA";"NAZCA";"NAZCA";"GOBIERNO REGIONAL";"II-1";"00003443";"RICARDO CRUZADO RIVAROLA DE NASCA";"241600";"HOSPITALIZACIÓN QUIRÚRGICA OBSTETRICIA   ";"98";"94";"192";"433";"14";"434";"0"
"2023";"12";"110301";"ICA";"NAZCA";"NAZCA";"GOBIERNO REGIONAL";"II-1";"00003443";"RICARDO CRUZADO RIVAROLA DE NASCA";"241800";"HOSPITALIZACIÓN DE MEDICINA MEDICINA GENERAL ";"89";"80";"313";"513";"19";"589";"5"
"2023";"12";"110301";"ICA";"NAZCA";"NAZCA";"GOBIERNO REGIONAL";"II-1";"00003443";"RICARDO CRUZADO RIVAROLA DE NASCA";"242500";"HOSPITALIZACIÓN-PEDIATRÍA GENERAL-";"47";"48";"135";"402";"15";"465";"0"
"2023";"12";"120401";"JUNIN";"JAUJA";"JAUJA";"GOBIERNO REGIONAL";"II-1";"00000365";"HOSPITAL DOMINGO OLAVEGOYA";"240100";"HOSPITALIZACIÓN QUIRÚRGICA CIRUGÍA GENERAL ";"70";"75";"287";"272";"24";"744";"0"
"2023";"12";"120401";"JUNIN";"JAUJA";"JAUJA";"GOBIERNO REGIONAL";"II-1";"00000365";"HOSPITAL DOMINGO OLAVEGOYA";"241400";"HOSPITALIZACIÓN QUIRÚRGICA GINECO - OBSTETRICIA ";"110";"122";"291";"245";"16";"496";"0"
"2023";"12";"120401";"JUNIN";"JAUJA";"JAUJA";"GOBIERNO REGIONAL";"II-1";"00000365";"HOSPITAL DOMINGO OLAVEGOYA";"241500";"HOSPITALIZACIÓN QUIRÚRGICA GINECOLOGÍA  ";"8";"9";"32";"34";"10";"310";"0"
"2023";"12";"120401";"JUNIN";"JAUJA";"JAUJA";"GOBIERNO REGIONAL";"II-1";"00000365";"HOSPITAL DOMINGO OLAVEGOYA";"241800";"HOSPITALIZACIÓN DE MEDICINA MEDICINA GENERAL ";"35";"45";"329";"369";"17";"527";"2"
"2023";"12";"120401";"JUNIN";"JAUJA";"JAUJA";"GOBIERNO REGIONAL";"II-1";"00000365";"HOSPITAL DOMINGO OLAVEGOYA";"242300";"HOSPITALIZACIÓN DE PEDIATRÍA  PEDIATRÍA  GENERAL ";"28";"32";"136";"106";"26";"806";"0"
"2023";"12";"120401";"JUNIN";"JAUJA";"JAUJA";"GOBIERNO REGIONAL";"II-1";"00000365";"HOSPITAL DOMINGO OLAVEGOYA";"250200";"UNIDAD DE CUIDADOS CRITICOS UNIDAD DE CUIDADOS INTERMEDIOS GENERAL  (UCIN) ";"3";"3";"9";"76";"4";"124";"1"
"2023";"12";"150101";"LIMA";"LIMA";"LIMA";"PRIVADO";"II-E";"00025804";"OPERO SCRL";"NE_0001";"";"NE_0001";"NE_0001";"NE_0001";"NE_0001";"NE_0001";"NE_0001";"NE_0001"
"2023";"11";"080605";"CUSCO";"CANCHIS";"PITUMARCA";"GOBIERNO REGIONAL";"I-1";"00002393";"PHINAYA";"NE_0001";"";"NE_0001";"NE_0001";"NE_0001";"NE_0001";"NE_0001";"NE_0001";"NE_0001"
"2023";"11";"080601";"CUSCO";"CANCHIS";"SICUANI";"GOBIERNO REGIONAL";"I-2";"00002381";"QUEHUAR";"NE_0001";"";"NE_0001";"NE_0001";"NE_0001";"NE_0001";"NE_0001";"NE_0001";"NE_0001"
"2023";"11";"080606";"CUSCO";"CANCHIS";"SAN PABLO";"GOBIERNO REGIONAL";"I-2";"00002394";"SAN PABLO CANCHIS";"NE_0001";"";"NE_0001";"NE_0001";"NE_0001";"NE_0001";"NE_0001";"NE_0001";"NE_0001"
"2023";"11";"080606";"CUSCO";"CANCHIS";"SAN PABLO";"GOBIERNO REGIONAL";"I-2";"00002395";"SANTA BARBARA";"NE_0001";"";"NE_0001";"NE_0001";"NE_0001";"NE_0001";"NE_0001";"NE_0001";"NE_0001"
"2023";"11";"080601";"CUSCO";"CANCHIS";"SICUANI";"GOBIERNO REGIONAL";"I-1";"00002382";"UZCUPATA";"NE_0001";"";"NE_0001";"NE_0001";"NE_0001";"NE_0001";"NE_0001";"NE_0001";"NE_0001"
"2023";"11";"080601";"CUSCO";"CANCHIS";"SICUANI";"GOBIERNO REGIONAL";"I-3";"00002384";"PAMPAPHALLA";"NE_0001";"";"NE_0001";"NE_0001";"NE_0001";"NE_0001";"NE_0001";"NE_0001";"NE_0001"
"2023";"12";"150108";"LIMA";"LIMA";"CHORRILLOS";"SANIDAD DEL EJERCITO DEL PERU";"I-3";"00008292";"CENTRO MEDICO DE LA ESCUELA MILITAR DE CHORRILLOS ""CORONEL FRANCISCO BOLOGNESI""";"NE_0001";"";"NE_0001";"NE_0001";"NE_0001";"NE_0001";"NE_0001";"NE_0001";"NE_0001"
"2023";"12";"230101";"TACNA";"TACNA";"TACNA";"SANIDAD DE LA POLICIA NACIONAL DEL PERU";"I-3";"00011528";"POLICLINICO POLICIAL TACNA";"NE_0001";"";"NE_0001";"NE_0001";"NE_0001";"NE_0001";"NE_0001";"NE_0001";"NE_0001"
"2023";"12";"150103";"LIMA";"LIMA";"ATE";"SANIDAD DE LA POLICIA NACIONAL DEL PERU";"I-3";"00012275";"POLICLINICO PNP DINOES";"NE_0001";"";"NE_0001";"NE_0001";"NE_0001";"NE_0001";"NE_0001";"NE_0001";"NE_0001"
"2023";"12";"170101";"MADRE DE DIOS";"TAMBOPATA";"TAMBOPATA";"SANIDAD DEL EJERCITO DEL PERU";"I-2";"00009323";"POSTA MEDICA DE LA 6ta BRIGADA DE FUERZAS ESPECIALES";"NE_0001";"";"NE_0001";"NE_0001";"NE_0001";"NE_0001";"NE_0001";"NE_0001";"NE_0001"
"2023";"12";"060809";"CAJAMARCA";"JAEN";"SALLIQUE";"GOBIERNO REGIONAL";"I-2";"00004253";"LA UNION";"NE_0001";"";"NE_0001";"NE_0001";"NE_0001";"NE_0001";"NE_0001";"NE_0001";"NE_0001"
"2023";"12";"060809";"CAJAMARCA";"JAEN";"SALLIQUE";"GOBIERNO REGIONAL";"I-1";"00009967";"CHALANMACHE";"NE_0001";"";"NE_0001";"NE_0001";"NE_0001";"NE_0001";"NE_0001";"NE_0001";"NE_0001"
"2023";"12";"060809";"CAJAMARCA";"JAEN";"SALLIQUE";"GOBIERNO REGIONAL";"I-1";"00024940";"EL ESPINO";"NE_0001";"";"NE_0001";"NE_0001";"NE_0001";"NE_0001";"NE_0001";"NE_0001";"NE_0001"
"2023";"12";"060809";"CAJAMARCA";"JAEN";"SALLIQUE";"GOBIERNO REGIONAL";"I-1";"00025537";"TAILIN";"NE_0001";"";"NE_0001";"NE_0001";"NE_0001";"NE_0001";"NE_0001";"NE_0001";"NE_0001"
"2023";"12";"060809";"CAJAMARCA";"JAEN";"SALLIQUE";"GOBIERNO REGIONAL";"I-3";"00004250";"SALLIQUE";"NE_0001";"";"NE_0001";"NE_0001";"NE_0001";"NE_0001";"NE_0001";"NE_0001";"NE_0001"
"2023";"12";"060809";"CAJAMARCA";"JAEN";"SALLIQUE";"GOBIERNO REGIONAL";"I-1";"00004251";"MAZIN";"NE_0001";"";"NE_0001";"NE_0001";"NE_0001";"NE_0001";"NE_0001";"NE_0001";"NE_0001"
"2023";"12";"060809";"CAJAMARCA";"JAEN";"SALLIQUE";"GOBIERNO REGIONAL";"I-2";"00007053";"PALAMBE";"NE_0001";"";"NE_0001";"NE_0001";"NE_0001";"NE_0001";"NE_0001";"NE_0001";"NE_0001"
"2023";"12";"060809";"CAJAMARCA";"JAEN";"SALLIQUE";"GOBIERNO REGIONAL";"I-1";"00004252";"SAULACA";"NE_0001";"";"NE_0001";"NE_0001";"NE_0001";"NE_0001";"NE_0001";"NE_0001";"NE_0001"
"2023";"12";"120211";"JUNIN";"CONCEPCION";"MITO";"GOBIERNO REGIONAL";"I-1";"00000748";"MITO";"NE_0001";"";"NE_0001";"NE_0001";"NE_0001";"NE_0001";"NE_0001";"NE_0001";"NE_0001"
"2023";"12";"120212";"JUNIN";"CONCEPCION";"NUEVE DE JULIO";"GOBIERNO REGIONAL";"I-1";"00000690";"NUEVE DE JULIO";"NE_0001";"";"NE_0001";"NE_0001";"NE_0001";"NE_0001";"NE_0001";"NE_0001";"NE_0001"
"2023";"12";"120215";"JUNIN";"CONCEPCION";"SANTA ROSA DE OCOPA";"GOBIERNO REGIONAL";"I-1";"00000692";"HUANCHAR";"NE_0001";"";"NE_0001";"NE_0001";"NE_0001";"NE_0001";"NE_0001";"NE_0001";"NE_0001"
"2023";"12";"040126";"AREQUIPA";"AREQUIPA";"YANAHUARA";"PRIVADO";"II-E";"00021966";"CLINICA ALIVIARI";"NE_0001";"";"NE_0001";"NE_0001";"NE_0001";"NE_0001";"NE_0001";"NE_0001";"NE_0001"
"2023";"12";"130101";"LA LIBERTAD";"TRUJILLO";"TRUJILLO";"SANIDAD DEL EJERCITO DEL PERU";"I-4";"00032053";"CENTRO DE SALUD EJERCITO PERUANO";"241800";"HOSPITALIZACIÓN DE MEDICINA MEDICINA GENERAL ";"2";"1";"3";"201";"12";"372";"0"
"2023";"12";"220201";"SAN MARTIN";"BELLAVISTA";"BELLAVISTA";"GOBIERNO REGIONAL";"I-2";"00006511";"LAS  MERCEDES";"NE_0001";"";"NE_0001";"NE_0001";"NE_0001";"NE_0001";"NE_0001";"NE_0001";"NE_0001"
"2023";"12";"220201";"SAN MARTIN";"BELLAVISTA";"BELLAVISTA";"GOBIERNO REGIONAL";"I-1";"00006785";"PERUATE";"NE_0001";"";"NE_0001";"NE_0001";"NE_0001";"NE_0001";"NE_0001";"NE_0001";"NE_0001"
"2023";"12";"220206";"SAN MARTIN";"BELLAVISTA";"SAN RAFAEL";"GOBIERNO REGIONAL";"I-2";"00006516";"LA LIBERTAD";"NE_0001";"";"NE_0001";"NE_0001";"NE_0001";"NE_0001";"NE_0001";"NE_0001";"NE_0001"
"2023";"12";"221001";"SAN MARTIN";"TOCACHE";"TOCACHE";"GOBIERNO REGIONAL";"II-1";"00006580";"HOSPITAL II-1 ""DR. JOSE PEÑA PORTUGUEZ "" - TOCACHE";"240100";"HOSPITALIZACIÓN QUIRÚRGICA CIRUGÍA GENERAL ";"51";"55";"236";"236";"15";"465";"0"
"2023";"12";"221001";"SAN MARTIN";"TOCACHE";"TOCACHE";"GOBIERNO REGIONAL";"II-1";"00006580";"HOSPITAL II-1 ""DR. JOSE PEÑA PORTUGUEZ "" - TOCACHE";"241400";"HOSPITALIZACIÓN QUIRÚRGICA GINECO - OBSTETRICIA ";"70";"72";"149";"149";"8";"248";"0"
"2023";"12";"221001";"SAN MARTIN";"TOCACHE";"TOCACHE";"GOBIERNO REGIONAL";"II-1";"00006580";"HOSPITAL II-1 ""DR. JOSE PEÑA PORTUGUEZ "" - TOCACHE";"241600";"HOSPITALIZACIÓN QUIRÚRGICA OBSTETRICIA   ";"84";"87";"129";"129";"15";"465";"0"
"2023";"12";"221001";"SAN MARTIN";"TOCACHE";"TOCACHE";"GOBIERNO REGIONAL";"II-1";"00006580";"HOSPITAL II-1 ""DR. JOSE PEÑA PORTUGUEZ "" - TOCACHE";"241800";"HOSPITALIZACIÓN DE MEDICINA MEDICINA GENERAL ";"16";"19";"105";"105";"11";"341";"2"
"2023";"12";"221001";"SAN MARTIN";"TOCACHE";"TOCACHE";"GOBIERNO REGIONAL";"II-1";"00006580";"HOSPITAL II-1 ""DR. JOSE PEÑA PORTUGUEZ "" - TOCACHE";"242500";"HOSPITALIZACIÓN-PEDIATRÍA GENERAL-";"13";"14";"64";"64";"4";"124";"0"
"2023";"12";"221001";"SAN MARTIN";"TOCACHE";"TOCACHE";"GOBIERNO REGIONAL";"II-1";"00006580";"HOSPITAL II-1 ""DR. JOSE PEÑA PORTUGUEZ "" - TOCACHE";"243200";"HOSPITALIZACIÓN DE PEDIATRÍA PEDIATRIA NEONATOLOGÍA";"12";"17";"104";"104";"11";"341";"0"
"2023";"12";"060801";"CAJAMARCA";"JAEN";"JAEN";"GOBIERNO REGIONAL";"II-2";"00004210";"HOSPITAL GENERAL DE JAEN";"241800";"HOSPITALIZACIÓN DE MEDICINA MEDICINA GENERAL ";"74";"98";"772";"1866";"40";"2418";"18"
"2023";"12";"060801";"CAJAMARCA";"JAEN";"JAEN";"GOBIERNO REGIONAL";"II-2";"00004210";"HOSPITAL GENERAL DE JAEN";"240100";"HOSPITALIZACIÓN QUIRÚRGICA CIRUGÍA GENERAL ";"176";"198";"771";"1512";"34";"2108";"1"
"2023";"12";"060801";"CAJAMARCA";"JAEN";"JAEN";"GOBIERNO REGIONAL";"II-2";"00004210";"HOSPITAL GENERAL DE JAEN";"241600";"HOSPITALIZACIÓN QUIRÚRGICA OBSTETRICIA   ";"245";"264";"712";"989";"18";"1116";"1"
"2023";"12";"060801";"CAJAMARCA";"JAEN";"JAEN";"GOBIERNO REGIONAL";"II-2";"00004210";"HOSPITAL GENERAL DE JAEN";"242500";"HOSPITALIZACIÓN-PEDIATRÍA GENERAL-";"88";"99";"503";"930";"15";"930";"0"
"2023";"12";"060801";"CAJAMARCA";"JAEN";"JAEN";"GOBIERNO REGIONAL";"II-2";"00004210";"HOSPITAL GENERAL DE JAEN";"243200";"HOSPITALIZACIÓN DE PEDIATRÍA PEDIATRIA NEONATOLOGÍA";"35";"44";"274";"525";"17";"1054";"1"
"2023";"12";"150125";"LIMA";"LIMA";"PUENTE PIEDRA";"MINSA";"II-2";"00007632";"HOSPITAL CARLOS LANFRANCO LA HOZ";"240100";"HOSPITALIZACIÓN QUIRÚRGICA CIRUGÍA GENERAL ";"230";"256";"581";"273";"34";"1054";"1"
"2023";"12";"150125";"LIMA";"LIMA";"PUENTE PIEDRA";"MINSA";"II-2";"00007632";"HOSPITAL CARLOS LANFRANCO LA HOZ";"241900";"HOSPITALIZACIÓN DE MEDICINA MEDICINA INTERNA ";"121";"159";"860";"180";"26";"806";"20"
"2023";"12";"150125";"LIMA";"LIMA";"PUENTE PIEDRA";"MINSA";"II-2";"00007632";"HOSPITAL CARLOS LANFRANCO LA HOZ";"241400";"HOSPITALIZACIÓN QUIRÚRGICA GINECO - OBSTETRICIA ";"353";"380";"694";"398";"32";"992";"0"
"2023";"12";"150125";"LIMA";"LIMA";"PUENTE PIEDRA";"MINSA";"II-2";"00007632";"HOSPITAL CARLOS LANFRANCO LA HOZ";"242300";"HOSPITALIZACIÓN DE PEDIATRÍA  PEDIATRÍA  GENERAL ";"60";"65";"204";"77";"11";"341";"0"
"2023";"12";"150125";"LIMA";"LIMA";"PUENTE PIEDRA";"MINSA";"II-2";"00007632";"HOSPITAL CARLOS LANFRANCO LA HOZ";"243200";"HOSPITALIZACIÓN DE PEDIATRÍA PEDIATRIA NEONATOLOGÍA";"48";"52";"117";"53";"11";"341";"0"
"2023";"12";"150101";"LIMA";"LIMA";"LIMA";"MINSA";"III-2";"00006217";"INO DR. FRANCISCO CONTRERAS C.";"240600";"HOSPITALIZACIÓN QUIRÚRGICA CIRUGÍA OFTALMOLÓGICA ";"10";"12";"33";"12";"7";"217";"0"
"2023";"12";"040703";"AREQUIPA";"ISLAY";"DEAN VALDIVIA";"GOBIERNO REGIONAL";"I-3";"00001449";"CENTRO DE SALUD LA CURVA";"NE_0001";"";"NE_0001";"NE_0001";"NE_0001";"NE_0001";"NE_0001";"NE_0001";"NE_0001"
"2023";"12";"040703";"AREQUIPA";"ISLAY";"DEAN VALDIVIA";"GOBIERNO REGIONAL";"I-2";"00001450";"PUESTO DE SALUD ALTO ENSENADA";"NE_0001";"";"NE_0001";"NE_0001";"NE_0001";"NE_0001";"NE_0001";"NE_0001";"NE_0001"
"2023";"12";"040703";"AREQUIPA";"ISLAY";"DEAN VALDIVIA";"GOBIERNO REGIONAL";"I-2";"00001451";"PUESTO DE SALUD EL ARENAL";"NE_0001";"";"NE_0001";"NE_0001";"NE_0001";"NE_0001";"NE_0001";"NE_0001";"NE_0001"
"2023";"12";"040706";"AREQUIPA";"ISLAY";"PUNTA DE BOMBON";"GOBIERNO REGIONAL";"I-3";"00001446";"CENTRO DE SALUD LA PUNTA";"NE_0001";"";"NE_0001";"NE_0001";"NE_0001";"NE_0001";"NE_0001";"NE_0001";"NE_0001"
"2023";"11";"150117";"LIMA";"LIMA";"LOS OLIVOS";"PRIVADO";"II-E";"00009641";"CLINICA MUNDO SALUD SAC";"240000";"HOSPITALIZACIÓN";"85";"87";"208";"225";"12";"279";"0"
"2023";"11";"190307";"PASCO";"OXAPAMPA";"VILLA RICA";"GOBIERNO REGIONAL";"II-1";"00000981";"HOSP. ""ROMAN EGOAVIL PANDO"" VILLA RICA";"241400";"HOSPITALIZACIÓN QUIRÚRGICA GINECO - OBSTETRICIA ";"35";"37";"82";"94";"12";"1288";"0"
"2023";"11";"190307";"PASCO";"OXAPAMPA";"VILLA RICA";"GOBIERNO REGIONAL";"II-1";"00000981";"HOSP. ""ROMAN EGOAVIL PANDO"" VILLA RICA";"241800";"HOSPITALIZACIÓN DE MEDICINA MEDICINA GENERAL ";"68";"70";"175";"30";"16";"1310";"0"
"2023";"11";"150131";"LIMA";"LIMA";"SAN ISIDRO";"PRIVADO";"I-2";"00025076";"CONSULTORIOS EXTERNOS ANGLO AMERICANA";"NE_0001";"";"NE_0001";"NE_0001";"NE_0001";"NE_0001";"NE_0001";"NE_0001";"NE_0001"
"2023";"11";"150113";"LIMA";"LIMA";"JESUS MARIA";"PRIVADO";"II-E";"00014181";"CLINICA SERVISALUD";"240000";"HOSPITALIZACIÓN";"101";"103";"169";"168";"9";"270";"0"
"2023";"11";"150117";"LIMA";"LIMA";"LOS OLIVOS";"PRIVADO";"II-E";"00013044";"MEGASALUD NARANJAL S.A.C.";"240000";"HOSPITALIZACIÓN";"18";"18";"44";"38";"3";"90";"0"
"2023";"11";"060101";"CAJAMARCA";"CAJAMARCA";"CAJAMARCA";"GOBIERNO REGIONAL";"I-3";"00027069";"CENTRO DE SALUD MENTAL COMUNITARIO ""ESPERANZA DE VIDA""";"NE_0001";"";"NE_0001";"NE_0001";"NE_0001";"NE_0001";"NE_0001";"NE_0001";"NE_0001"
"2023";"12";"021801";"ANCASH";"SANTA";"CHIMBOTE";"PRIVADO";"II-1";"00016551";"CLINICA JUAN PABLO II";"240000";"HOSPITALIZACIÓN";"8";"9";"33";"10";"18";"558";"0"
"2023";"12";"080205";"CUSCO";"ACOMAYO";"POMACANCHI";"GOBIERNO REGIONAL";"I-1";"00002322";"SAN JUAN DE POMACANCHI";"NE_0002";"";"NE_0002";"NE_0002";"NE_0002";"NE_0002";"NE_0002";"NE_0002";"NE_0002"
"2023";"12";"080203";"CUSCO";"ACOMAYO";"ACOS";"GOBIERNO REGIONAL";"I-1";"00002319";"ACOS";"NE_0002";"";"NE_0002";"NE_0002";"NE_0002";"NE_0002";"NE_0002";"NE_0002";"NE_0002"
"2023";"12";"080205";"CUSCO";"ACOMAYO";"POMACANCHI";"GOBIERNO REGIONAL";"I-1";"00012926";"SANTA LUCIA";"NE_0002";"";"NE_0002";"NE_0002";"NE_0002";"NE_0002";"NE_0002";"NE_0002";"NE_0002"
"2023";"12";"080207";"CUSCO";"ACOMAYO";"SANGARARA";"GOBIERNO REGIONAL";"I-1";"00002324";"PUESTO DE SALUD SANGARARA";"NE_0002";"";"NE_0002";"NE_0002";"NE_0002";"NE_0002";"NE_0002";"NE_0002";"NE_0002"
"2023";"12";"081008";"CUSCO";"PARURO";"PILLPINTO";"GOBIERNO REGIONAL";"I-1";"00002508";"PILLPINTO";"NE_0002";"";"NE_0002";"NE_0002";"NE_0002";"NE_0002";"NE_0002";"NE_0002";"NE_0002"
"2023";"12";"150131";"LIMA";"LIMA";"SAN ISIDRO";"PRIVADO";"II-2";"00009437";"CLINICA LIMATAMBO";"240000";"HOSPITALIZACIÓN";"124";"125";"387";"295";"38";"1178";"4"
"2023";"12";"150111";"LIMA";"LIMA";"EL AGUSTINO";"MINSA";"III-1";"00005946";"HOSPITAL NACIONAL HIPOLITO UNANUE";"243200";"HOSPITALIZACIÓN DE PEDIATRÍA PEDIATRIA NEONATOLOGÍA";"63";"80";"746";"615";"44";"1364";"0"
"2023";"12";"150111";"LIMA";"LIMA";"EL AGUSTINO";"MINSA";"III-1";"00005946";"HOSPITAL NACIONAL HIPOLITO UNANUE";"244300";"HOSPITALIZACIÓN DE MEDICINA GASTROENTEROLOGÍA  ";"48";"58";"308";"508";"20";"620";"0"
"2023";"12";"150111";"LIMA";"LIMA";"EL AGUSTINO";"MINSA";"III-1";"00005946";"HOSPITAL NACIONAL HIPOLITO UNANUE";"245300";"HOSPITALIZACIÓN DE MEDICINA NEUMOLOGÍA  ";"53";"87";"1269";"87";"6";"186";"11"
"2023";"12";"150111";"LIMA";"LIMA";"EL AGUSTINO";"MINSA";"III-1";"00005946";"HOSPITAL NACIONAL HIPOLITO UNANUE";"245700";"HOSPITALIZACIÓN QUIRÚRGICA CARDIOLOGIA ";"18";"30";"442";"375";"13";"403";"0"
"2023";"12";"150111";"LIMA";"LIMA";"EL AGUSTINO";"MINSA";"III-1";"00005946";"HOSPITAL NACIONAL HIPOLITO UNANUE";"250000";"UNIDAD DE CUIDADOS CRITICOS  ";"0";"3";"177";"160";"7";"217";"2"
"2023";"12";"150111";"LIMA";"LIMA";"EL AGUSTINO";"MINSA";"III-1";"00005946";"HOSPITAL NACIONAL HIPOLITO UNANUE";"250200";"UNIDAD DE CUIDADOS CRITICOS UNIDAD DE CUIDADOS INTERMEDIOS GENERAL  (UCIN) ";"1";"5";"155";"223";"8";"248";"4"
"2023";"12";"150111";"LIMA";"LIMA";"EL AGUSTINO";"MINSA";"III-1";"00005946";"HOSPITAL NACIONAL HIPOLITO UNANUE";"250306";"HOSPIT. EN UNIDAD DE CUID.INTEN.-UNIDAD DE VIGILANCIA INTENSIVA (UVI)-PEDIATRÍA";"1";"2";"42";"81";"5";"155";"2"
"2023";"12";"120603";"JUNIN";"SATIPO";"LLAYLLA";"GOBIERNO REGIONAL";"I-1";"00000433";"BELEN";"NE_0001";"";"NE_0001";"NE_0001";"NE_0001";"NE_0001";"NE_0001";"NE_0001";"NE_0001"
"2023";"12";"120604";"JUNIN";"SATIPO";"MAZAMARI";"GOBIERNO REGIONAL";"I-2";"00000436";"PUEBLO LIBRE DE PAURIALI";"NE_0001";"";"NE_0001";"NE_0001";"NE_0001";"NE_0001";"NE_0001";"NE_0001";"NE_0001"
"2023";"12";"120604";"JUNIN";"SATIPO";"MAZAMARI";"GOBIERNO REGIONAL";"I-1";"00016911";"BUENOS AIRES";"NE_0001";"";"NE_0001";"NE_0001";"NE_0001";"NE_0001";"NE_0001";"NE_0001";"NE_0001"
"2023";"12";"120603";"JUNIN";"SATIPO";"LLAYLLA";"GOBIERNO REGIONAL";"I-3";"00000490";"LLAYLLA";"NE_0001";"";"NE_0001";"NE_0001";"NE_0001";"NE_0001";"NE_0001";"NE_0001";"NE_0001"
"2023";"12";"120603";"JUNIN";"SATIPO";"LLAYLLA";"GOBIERNO REGIONAL";"I-2";"00000491";"HERMOSA PAMPA";"NE_0001";"";"NE_0001";"NE_0001";"NE_0001";"NE_0001";"NE_0001";"NE_0001";"NE_0001"
"2023";"12";"120606";"JUNIN";"SATIPO";"PANGOA";"GOBIERNO REGIONAL";"I-1";"00000439";"SAN CRISTOBAL";"NE_0001";"";"NE_0001";"NE_0001";"NE_0001";"NE_0001";"NE_0001";"NE_0001";"NE_0001"
"2023";"12";"120604";"JUNIN";"SATIPO";"MAZAMARI";"GOBIERNO REGIONAL";"I-1";"00016909";"TEORIA";"NE_0001";"";"NE_0001";"NE_0001";"NE_0001";"NE_0001";"NE_0001";"NE_0001";"NE_0001"
"2023";"12";"120604";"JUNIN";"SATIPO";"MAZAMARI";"GOBIERNO REGIONAL";"I-4";"00000434";"MAZAMARI";"241600";"HOSPITALIZACIÓN QUIRÚRGICA OBSTETRICIA   ";"36";"38";"77";"77";"6";"186";"0"
"2023";"12";"120604";"JUNIN";"SATIPO";"MAZAMARI";"GOBIERNO REGIONAL";"I-4";"00000434";"MAZAMARI";"241800";"HOSPITALIZACIÓN DE MEDICINA MEDICINA GENERAL ";"15";"17";"54";"54";"8";"248";"0"
"2023";"12";"120604";"JUNIN";"SATIPO";"MAZAMARI";"GOBIERNO REGIONAL";"I-4";"00000434";"MAZAMARI";"242500";"HOSPITALIZACIÓN-PEDIATRÍA GENERAL-";"9";"10";"35";"35";"6";"186";"0"
"2023";"12";"120604";"JUNIN";"SATIPO";"MAZAMARI";"GOBIERNO REGIONAL";"I-2";"00000437";"PANGA";"NE_0001";"";"NE_0001";"NE_0001";"NE_0001";"NE_0001";"NE_0001";"NE_0001";"NE_0001"
"2023";"12";"120606";"JUNIN";"SATIPO";"PANGOA";"GOBIERNO REGIONAL";"I-3";"00000438";"TZIRIARI";"NE_0001";"";"NE_0001";"NE_0001";"NE_0001";"NE_0001";"NE_0001";"NE_0001";"NE_0001"
"2023";"12";"120604";"JUNIN";"SATIPO";"MAZAMARI";"GOBIERNO REGIONAL";"I-2";"00000435";"CAPIRUSHARI";"NE_0001";"";"NE_0001";"NE_0001";"NE_0001";"NE_0001";"NE_0001";"NE_0001";"NE_0001"
"2023";"12";"120604";"JUNIN";"SATIPO";"MAZAMARI";"GOBIERNO REGIONAL";"I-1";"00016908";"GLORIABAMBA";"NE_0001";"";"NE_0001";"NE_0001";"NE_0001";"NE_0001";"NE_0001";"NE_0001";"NE_0001"
"2023";"12";"120604";"JUNIN";"SATIPO";"MAZAMARI";"GOBIERNO REGIONAL";"I-1";"00016912";"VILLA PROGRESO DE EDEN";"NE_0001";"";"NE_0001";"NE_0001";"NE_0001";"NE_0001";"NE_0001";"NE_0001";"NE_0001"
"2023";"12";"190305";"PASCO";"OXAPAMPA";"POZUZO";"GOBIERNO REGIONAL";"I-2";"00001102";"SAN SALVADOR";"NE_0001";"";"NE_0001";"NE_0001";"NE_0001";"NE_0001";"NE_0001";"NE_0001";"NE_0001"
"2023";"12";"190305";"PASCO";"OXAPAMPA";"POZUZO";"GOBIERNO REGIONAL";"I-1";"00001104";"ASCENCION";"NE_0001";"";"NE_0001";"NE_0001";"NE_0001";"NE_0001";"NE_0001";"NE_0001";"NE_0001"
"2023";"12";"190305";"PASCO";"OXAPAMPA";"POZUZO";"GOBIERNO REGIONAL";"I-2";"00001097";"CAÑACHACRA";"NE_0001";"";"NE_0001";"NE_0001";"NE_0001";"NE_0001";"NE_0001";"NE_0001";"NE_0001"
"2023";"12";"190305";"PASCO";"OXAPAMPA";"POZUZO";"GOBIERNO REGIONAL";"I-2";"00001103";"SANTA  VIRGINIA";"NE_0001";"";"NE_0001";"NE_0001";"NE_0001";"NE_0001";"NE_0001";"NE_0001";"NE_0001"
"2023";"12";"150130";"LIMA";"LIMA";"SAN BORJA";"PRIVADO";"II-1";"00012975";"CL ESPECIALIDADES MEDICAS";"240000";"HOSPITALIZACIÓN";"23";"27";"126";"100";"13";"403";"0"
"2023";"12";"150113";"LIMA";"LIMA";"JESUS MARIA";"PRIVADO";"II-E";"00026793";"CLINICA BELLAFORMA";"NE_0001";"";"NE_0001";"NE_0001";"NE_0001";"NE_0001";"NE_0001";"NE_0001";"NE_0001"
"2023";"12";"220504";"SAN MARTIN";"LAMAS";"CAYNARACHI";"GOBIERNO REGIONAL";"I-1";"00006417";"SAN MIGUEL DE ACHINAMIZA";"NE_0001";"";"NE_0001";"NE_0001";"NE_0001";"NE_0001";"NE_0001";"NE_0001";"NE_0001"
"2023";"12";"220504";"SAN MARTIN";"LAMAS";"CAYNARACHI";"GOBIERNO REGIONAL";"I-1";"00006421";"YUMBATOS";"NE_0001";"";"NE_0001";"NE_0001";"NE_0001";"NE_0001";"NE_0001";"NE_0001";"NE_0001"
"2023";"12";"220504";"SAN MARTIN";"LAMAS";"CAYNARACHI";"GOBIERNO REGIONAL";"I-4";"00006415";"PONGO DEL CAYNARACHI";"241600";"HOSPITALIZACIÓN QUIRÚRGICA OBSTETRICIA   ";"12";"12";"13";"16";"4";"124";"0"
"2023";"12";"220504";"SAN MARTIN";"LAMAS";"CAYNARACHI";"GOBIERNO REGIONAL";"I-1";"00019769";"NUEVO TOCACHE";"NE_0001";"";"NE_0001";"NE_0001";"NE_0001";"NE_0001";"NE_0001";"NE_0001";"NE_0001"
"2023";"12";"220504";"SAN MARTIN";"LAMAS";"CAYNARACHI";"GOBIERNO REGIONAL";"I-1";"00006416";"ALFONSO UGARTE";"NE_0001";"";"NE_0001";"NE_0001";"NE_0001";"NE_0001";"NE_0001";"NE_0001";"NE_0001"
"2023";"12";"220504";"SAN MARTIN";"LAMAS";"CAYNARACHI";"GOBIERNO REGIONAL";"I-2";"00006418";"ALIANZA";"NE_0001";"";"NE_0001";"NE_0001";"NE_0001";"NE_0001";"NE_0001";"NE_0001";"NE_0001"
"2023";"12";"220504";"SAN MARTIN";"LAMAS";"CAYNARACHI";"GOBIERNO REGIONAL";"I-1";"00006419";"BONILLA";"NE_0001";"";"NE_0001";"NE_0001";"NE_0001";"NE_0001";"NE_0001";"NE_0001";"NE_0001"
"2023";"12";"220504";"SAN MARTIN";"LAMAS";"CAYNARACHI";"GOBIERNO REGIONAL";"I-1";"00006420";"NUEVO LAMAS";"NE_0001";"";"NE_0001";"NE_0001";"NE_0001";"NE_0001";"NE_0001";"NE_0001";"NE_0001"
"2023";"12";"220504";"SAN MARTIN";"LAMAS";"CAYNARACHI";"GOBIERNO REGIONAL";"I-1";"00006422";"SAN JUAN DE SHANUSI";"NE_0001";"";"NE_0001";"NE_0001";"NE_0001";"NE_0001";"NE_0001";"NE_0001";"NE_0001"
"2023";"12";"150117";"LIMA";"LIMA";"LOS OLIVOS";"PRIVADO";"II-E";"00017847";"CLINICA DEL NORTE";"241400";"HOSPITALIZACIÓN QUIRÚRGICA GINECO - OBSTETRICIA ";"18";"21";"24";"21";"5";"125";"0"
"2023";"12";"210701";"PUNO";"LAMPA";"LAMPA";"ESSALUD";"II-1";"00009900";"HOSPITAL I LAMPA - ESSALUD - RED ASISTENCIAL JULIACA";"242200";"HOSPITALIZACIÓN DE MEDICINA PSIQUIATRÍA ";"10";"9";"195";"245";"10";"278";"0"
"2023";"12";"080108";"CUSCO";"CUSCO";"WANCHAQ";"ESSALUD";"III-1";"00010041";"ADOLFO GUEVARA VELASCO";"241600";"HOSPITALIZACIÓN QUIRÚRGICA OBSTETRICIA   ";"268";"276";"679";"673";"30";"930";"0"
"2023";"12";"080108";"CUSCO";"CUSCO";"WANCHAQ";"ESSALUD";"III-1";"00010041";"ADOLFO GUEVARA VELASCO";"242300";"HOSPITALIZACIÓN DE PEDIATRÍA  PEDIATRÍA  GENERAL ";"79";"67";"316";"371";"13";"403";"0"
"2023";"12";"080108";"CUSCO";"CUSCO";"WANCHAQ";"ESSALUD";"III-1";"00010041";"ADOLFO GUEVARA VELASCO";"240700";"HOSPITALIZACIÓN QUIRÚRGICA CIRUGÍA PEDIÁTRICA ";"11";"15";"71";"72";"6";"186";"0"
"2023";"12";"080108";"CUSCO";"CUSCO";"WANCHAQ";"ESSALUD";"III-1";"00010041";"ADOLFO GUEVARA VELASCO";"250100";"UNIDAD DE CUIDADOS CRITICOS UNIDAD  DE CUIDADOS INTENSIVOS GENERALES (UCI) ";"25";"9";"103";"203";"12";"372";"6"
"2023";"12";"080108";"CUSCO";"CUSCO";"WANCHAQ";"ESSALUD";"III-1";"00010041";"ADOLFO GUEVARA VELASCO";"250108";"UNIDAD DE CUIDADOS CRITICOS UNIDAD  DE CUIDADOS INTENSIVOS  (UCI) PEDIÁTRICA";"4";"1";"29";"34";"3";"93";"0"
"2023";"12";"080108";"CUSCO";"CUSCO";"WANCHAQ";"ESSALUD";"III-1";"00010041";"ADOLFO GUEVARA VELASCO";"250105";"UNIDAD DE CUIDADOS CRITICOS UNIDAD  DE CUIDADOS INTENSIVOS  (UCI) NEONATOLOGÍA";"16";"3";"16";"134";"10";"310";"0"
"2023";"12";"080108";"CUSCO";"CUSCO";"WANCHAQ";"ESSALUD";"III-1";"00010041";"ADOLFO GUEVARA VELASCO";"250105";"UNIDAD DE CUIDADOS CRITICOS UNIDAD  DE CUIDADOS INTENSIVOS  (UCI) NEONATOLOGÍA";"3";"19";"210";"215";"8";"248";"1"
"2023";"12";"080108";"CUSCO";"CUSCO";"WANCHAQ";"ESSALUD";"III-1";"00010041";"ADOLFO GUEVARA VELASCO";"250105";"UNIDAD DE CUIDADOS CRITICOS UNIDAD  DE CUIDADOS INTENSIVOS  (UCI) NEONATOLOGÍA";"7";"22";"211";"183";"8";"248";"0"
"2023";"12";"080108";"CUSCO";"CUSCO";"WANCHAQ";"ESSALUD";"III-1";"00010041";"ADOLFO GUEVARA VELASCO";"250105";"UNIDAD DE CUIDADOS CRITICOS UNIDAD  DE CUIDADOS INTENSIVOS  (UCI) NEONATOLOGÍA";"1";"23";"289";"206";"8";"248";"0"
"2023";"12";"150114";"LIMA";"LIMA";"LA MOLINA";"ESSALUD";"II-1";"00010135";"HOSPITAL I CARLOS ALCANTARA BUTTERFIELD";"241800";"HOSPITALIZACIÓN DE MEDICINA MEDICINA GENERAL ";"53";"54";"532";"449";"16";"496";"2"
"2023";"12";"150114";"LIMA";"LIMA";"LA MOLINA";"ESSALUD";"II-1";"00010135";"HOSPITAL I CARLOS ALCANTARA BUTTERFIELD";"250304";"HOSPIT. EN UNIDAD DE CUID.INTEN.-UNIDAD DE VIGILANCIA INTENSIVA (UVI)-MEDICINA";"16";"20";"77";"101";"7";"217";"2"
"2023";"12";"150114";"LIMA";"LIMA";"LA MOLINA";"ESSALUD";"II-1";"00010135";"HOSPITAL I CARLOS ALCANTARA BUTTERFIELD";"240100";"HOSPITALIZACIÓN QUIRÚRGICA CIRUGÍA GENERAL ";"234";"222";"527";"485";"22";"682";"0"
"2023";"12";"150114";"LIMA";"LIMA";"LA MOLINA";"ESSALUD";"II-1";"00010135";"HOSPITAL I CARLOS ALCANTARA BUTTERFIELD";"242500";"HOSPITALIZACIÓN-PEDIATRÍA GENERAL-";"31";"29";"112";"106";"4";"124";"0"
"2023";"12";"150114";"LIMA";"LIMA";"LA MOLINA";"ESSALUD";"II-1";"00010135";"HOSPITAL I CARLOS ALCANTARA BUTTERFIELD";"241600";"HOSPITALIZACIÓN QUIRÚRGICA OBSTETRICIA   ";"49";"60";"195";"169";"8";"248";"0"
"2023";"12";"040701";"AREQUIPA";"ISLAY";"MOLLENDO";"GOBIERNO REGIONAL";"I-2";"00001447";"PUESTO DE SALUD VILLA LOURDES";"NE_0001";"";"NE_0001";"NE_0001";"NE_0001";"NE_0001";"NE_0001";"NE_0001";"NE_0001"
"2023";"12";"040705";"AREQUIPA";"ISLAY";"MEJIA";"GOBIERNO REGIONAL";"I-2";"00001448";"PUESTO DE SALUD MEJIA";"NE_0001";"";"NE_0001";"NE_0001";"NE_0001";"NE_0001";"NE_0001";"NE_0001";"NE_0001"
"2023";"12";"040701";"AREQUIPA";"ISLAY";"MOLLENDO";"GOBIERNO REGIONAL";"I-4";"00001444";"CENTRO DE SALUD ALTO INCLAN";"241600";"HOSPITALIZACIÓN QUIRÚRGICA OBSTETRICIA   ";"4";"4";"4";"1";"5";"150";"0"
"2023";"12";"040701";"AREQUIPA";"ISLAY";"MOLLENDO";"GOBIERNO REGIONAL";"I-4";"00001444";"CENTRO DE SALUD ALTO INCLAN";"241800";"HOSPITALIZACIÓN DE MEDICINA MEDICINA GENERAL ";"4";"4";"4";"1";"11";"330";"0"
"2023";"12";"040704";"AREQUIPA";"ISLAY";"ISLAY";"GOBIERNO REGIONAL";"I-3";"00001443";"CENTRO DE SALUD MATARANI";"NE_0001";"";"NE_0001";"NE_0001";"NE_0001";"NE_0001";"NE_0001";"NE_0001";"NE_0001"
"2023";"12";"110103";"ICA";"ICA";"LOS AQUIJES";"GOBIERNO REGIONAL";"I-2";"00003395";"PP.JJ. EL ROSARIO";"NE_0001";"";"NE_0001";"NE_0001";"NE_0001";"NE_0001";"NE_0001";"NE_0001";"NE_0001"
"2023";"12";"110103";"ICA";"ICA";"LOS AQUIJES";"GOBIERNO REGIONAL";"I-2";"00003394";"PARIÑA CHICO";"NE_0001";"";"NE_0001";"NE_0001";"NE_0001";"NE_0001";"NE_0001";"NE_0001";"NE_0001"
"2023";"12";"110114";"ICA";"ICA";"YAUCA DEL ROSARIO";"GOBIERNO REGIONAL";"I-2";"00003397";"PAMPAHUASI";"NE_0001";"";"NE_0001";"NE_0001";"NE_0001";"NE_0001";"NE_0001";"NE_0001";"NE_0001"
"2023";"12";"110114";"ICA";"ICA";"YAUCA DEL ROSARIO";"GOBIERNO REGIONAL";"I-2";"00003399";"SAN JOSE DE CURIS";"NE_0001";"";"NE_0001";"NE_0001";"NE_0001";"NE_0001";"NE_0001";"NE_0001";"NE_0001"
"2023";"12";"110114";"ICA";"ICA";"YAUCA DEL ROSARIO";"GOBIERNO REGIONAL";"I-1";"00003398";"COCHARCAS";"NE_0001";"";"NE_0001";"NE_0001";"NE_0001";"NE_0001";"NE_0001";"NE_0001";"NE_0001"
"2023";"12";"110103";"ICA";"ICA";"LOS AQUIJES";"GOBIERNO REGIONAL";"I-2";"00003393";"EL ARENAL";"NE_0001";"";"NE_0001";"NE_0001";"NE_0001";"NE_0001";"NE_0001";"NE_0001";"NE_0001"
"2023";"12";"110114";"ICA";"ICA";"YAUCA DEL ROSARIO";"GOBIERNO REGIONAL";"I-2";"00003400";"HUARANGAL";"NE_0001";"";"NE_0001";"NE_0001";"NE_0001";"NE_0001";"NE_0001";"NE_0001";"NE_0001"
"2023";"12";"110103";"ICA";"ICA";"LOS AQUIJES";"GOBIERNO REGIONAL";"I-3";"00003369";"LOS AQUIJES";"NE_0001";"";"NE_0001";"NE_0001";"NE_0001";"NE_0001";"NE_0001";"NE_0001";"NE_0001"
"2023";"12";"080906";"CUSCO";"LA CONVENCION";"QUELLOUNO";"GOBIERNO REGIONAL";"I-1";"00008907";"MATORIATO";"NE_0001";"";"NE_0001";"NE_0001";"NE_0001";"NE_0001";"NE_0001";"NE_0001";"NE_0001"
"2023";"12";"080906";"CUSCO";"LA CONVENCION";"QUELLOUNO";"GOBIERNO REGIONAL";"I-2";"00008909";"CHAPO BOYERO";"NE_0001";"";"NE_0001";"NE_0001";"NE_0001";"NE_0001";"NE_0001";"NE_0001";"NE_0001"
"2023";"12";"080905";"CUSCO";"LA CONVENCION";"OCOBAMBA";"GOBIERNO REGIONAL";"I-3";"00002462";"OCCOBAMBA LACONVENCION";"NE_0001";"";"NE_0001";"NE_0001";"NE_0001";"NE_0001";"NE_0001";"NE_0001";"NE_0001"
"2023";"12";"080906";"CUSCO";"LA CONVENCION";"QUELLOUNO";"GOBIERNO REGIONAL";"I-1";"00008906";"ESTRELLA";"NE_0001";"";"NE_0001";"NE_0001";"NE_0001";"NE_0001";"NE_0001";"NE_0001";"NE_0001"
"2023";"12";"080906";"CUSCO";"LA CONVENCION";"QUELLOUNO";"GOBIERNO REGIONAL";"I-4";"00002465";"QUELLOUNO";"NE_0001";"";"NE_0001";"NE_0001";"NE_0001";"NE_0001";"NE_0001";"NE_0001";"NE_0001"
"2023";"12";"160101";"LORETO";"MAYNAS";"IQUITOS";"PRIVADO";"I-3";"00012075";"SARLOR";"NE_0002";"";"NE_0002";"NE_0002";"NE_0002";"NE_0002";"NE_0002";"NE_0002";"NE_0002"
"2023";"12";"080106";"CUSCO";"CUSCO";"SANTIAGO";"SANIDAD DEL EJERCITO DEL PERU";"I-3";"00010920";"QUINTA BRIGADA DE MONTAÑA";"NE_0001";"";"NE_0001";"NE_0001";"NE_0001";"NE_0001";"NE_0001";"NE_0001";"NE_0001"
"2023";"12";"130904";"LA LIBERTAD";"SANCHEZ CARRION";"CURGOS";"GOBIERNO REGIONAL";"I-1";"00021651";"HUAYLLAGUAL";"NE_0001";"";"NE_0001";"NE_0001";"NE_0001";"NE_0001";"NE_0001";"NE_0001";"NE_0001"
"2023";"12";"130904";"LA LIBERTAD";"SANCHEZ CARRION";"CURGOS";"GOBIERNO REGIONAL";"I-1";"00021652";"EL CALVARIO";"NE_0001";"";"NE_0001";"NE_0001";"NE_0001";"NE_0001";"NE_0001";"NE_0001";"NE_0001"
"2023";"12";"130904";"LA LIBERTAD";"SANCHEZ CARRION";"CURGOS";"GOBIERNO REGIONAL";"I-2";"00005357";"CURGOS-WALTER JUNIOR VELARDE ARTEAGA";"NE_0001";"";"NE_0001";"NE_0001";"NE_0001";"NE_0001";"NE_0001";"NE_0001";"NE_0001"
"2023";"12";"150131";"LIMA";"LIMA";"SAN ISIDRO";"PRIVADO";"II-E";"00027320";"CLINICA AUNA GUARDIA CIVIL";"240000";"HOSPITALIZACIÓN";"119";"119";"403";"491";"27";"837";"4"
"2023";"12";"150131";"LIMA";"LIMA";"SAN ISIDRO";"PRIVADO";"II-E";"00027320";"CLINICA AUNA GUARDIA CIVIL";"250100";"UNIDAD DE CUIDADOS CRITICOS UNIDAD  DE CUIDADOS INTENSIVOS GENERALES (UCI) ";"0";"2";"46";"64";"15";"465";"1"
"2023";"12";"021601";"ANCASH";"POMABAMBA";"POMABAMBA";"GOBIERNO REGIONAL";"II-1";"00001765";"HOSPITAL DE APOYO DE POMABAMBA ""ANTONIO CALDAS DOMINGUEZ""";"240100";"HOSPITALIZACIÓN QUIRÚRGICA CIRUGÍA GENERAL ";"10";"10";"35";"35";"4";"124";"0"
"2023";"12";"021601";"ANCASH";"POMABAMBA";"POMABAMBA";"GOBIERNO REGIONAL";"II-1";"00001765";"HOSPITAL DE APOYO DE POMABAMBA ""ANTONIO CALDAS DOMINGUEZ""";"241500";"HOSPITALIZACIÓN QUIRÚRGICA GINECOLOGÍA  ";"10";"10";"11";"11";"2";"62";"0"
"2023";"12";"021601";"ANCASH";"POMABAMBA";"POMABAMBA";"GOBIERNO REGIONAL";"II-1";"00001765";"HOSPITAL DE APOYO DE POMABAMBA ""ANTONIO CALDAS DOMINGUEZ""";"241600";"HOSPITALIZACIÓN QUIRÚRGICA OBSTETRICIA   ";"24";"24";"34";"34";"3";"93";"0"
"2023";"12";"021601";"ANCASH";"POMABAMBA";"POMABAMBA";"GOBIERNO REGIONAL";"II-1";"00001765";"HOSPITAL DE APOYO DE POMABAMBA ""ANTONIO CALDAS DOMINGUEZ""";"241800";"HOSPITALIZACIÓN DE MEDICINA MEDICINA GENERAL ";"11";"11";"55";"55";"11";"434";"1"
"2023";"12";"021601";"ANCASH";"POMABAMBA";"POMABAMBA";"GOBIERNO REGIONAL";"II-1";"00001765";"HOSPITAL DE APOYO DE POMABAMBA ""ANTONIO CALDAS DOMINGUEZ""";"242500";"HOSPITALIZACIÓN-PEDIATRÍA GENERAL-";"8";"8";"24";"24";"7";"217";"0"
"2023";"12";"150110";"LIMA";"LIMA";"COMAS";"ESSALUD";"II-1";"00027565";"Hospital I Marino Molina Scippa - EsSalud";"241800";"HOSPITALIZACIÓN DE MEDICINA MEDICINA GENERAL ";"121";"121";"1084";"1137";"37";"1147";"7"
"2023";"12";"150110";"LIMA";"LIMA";"COMAS";"ESSALUD";"II-1";"00027565";"Hospital I Marino Molina Scippa - EsSalud";"240100";"HOSPITALIZACIÓN QUIRÚRGICA CIRUGÍA GENERAL ";"154";"166";"479";"447";"19";"589";"0"
"2023";"12";"150110";"LIMA";"LIMA";"COMAS";"ESSALUD";"II-1";"00027565";"Hospital I Marino Molina Scippa - EsSalud";"241600";"HOSPITALIZACIÓN QUIRÚRGICA OBSTETRICIA   ";"236";"243";"626";"620";"28";"868";"0"
"2023";"12";"150110";"LIMA";"LIMA";"COMAS";"ESSALUD";"II-1";"00027565";"Hospital I Marino Molina Scippa - EsSalud";"241500";"HOSPITALIZACIÓN QUIRÚRGICA GINECOLOGÍA  ";"16";"16";"78";"87";"3";"93";"0"
"2023";"12";"150110";"LIMA";"LIMA";"COMAS";"ESSALUD";"II-1";"00027565";"Hospital I Marino Molina Scippa - EsSalud";"242300";"HOSPITALIZACIÓN DE PEDIATRÍA  PEDIATRÍA  GENERAL ";"56";"57";"242";"434";"14";"434";"0"
"2023";"12";"150110";"LIMA";"LIMA";"COMAS";"ESSALUD";"II-1";"00027565";"Hospital I Marino Molina Scippa - EsSalud";"243200";"HOSPITALIZACIÓN DE PEDIATRÍA PEDIATRIA NEONATOLOGÍA";"40";"40";"114";"109";"7";"217";"0"
"2023";"12";"150114";"LIMA";"LIMA";"LA MOLINA";"PRIVADO";"II-2";"00009153";"CLINICA MONTEFIORI";"250100";"UNIDAD DE CUIDADOS CRITICOS UNIDAD  DE CUIDADOS INTENSIVOS GENERALES (UCI) ";"2";"3";"25";"23";"3";"86";"1"
"2023";"12";"150114";"LIMA";"LIMA";"LA MOLINA";"PRIVADO";"II-2";"00009153";"CLINICA MONTEFIORI";"240000";"HOSPITALIZACIÓN";"422";"444";"1374";"1160";"43";"1419";"1"
"2023";"12";"022003";"ANCASH";"YUNGAY";"MANCOS";"GOBIERNO REGIONAL";"I-1";"00001527";"PUESTO DE SALUD HUAYPAN";"NE_0001";"";"NE_0001";"NE_0001";"NE_0001";"NE_0001";"NE_0001";"NE_0001";"NE_0001"
"2023";"12";"020611";"ANCASH";"CARHUAZ";"YUNGAR";"GOBIERNO REGIONAL";"I-3";"00001529";"CENTRO DE SALUD YUNGAR";"NE_0001";"";"NE_0001";"NE_0001";"NE_0001";"NE_0001";"NE_0001";"NE_0001";"NE_0001"
"2023";"12";"020608";"ANCASH";"CARHUAZ";"SAN MIGUEL DE ACO";"GOBIERNO REGIONAL";"I-1";"00001539";"PUESTO DE SALUD SAN MIGUEL  DE ACO";"NE_0001";"";"NE_0001";"NE_0001";"NE_0001";"NE_0001";"NE_0001";"NE_0001";"NE_0001"
"2023";"12";"021710";"ANCASH";"RECUAY";"TICAPAMPA";"GOBIERNO REGIONAL";"I-1";"00001475";"PUESTO DE SALUD CAYAC";"NE_0001";"";"NE_0001";"NE_0001";"NE_0001";"NE_0001";"NE_0001";"NE_0001";"NE_0001"
"2023";"12";"021704";"ANCASH";"RECUAY";"HUAYLLAPAMPA";"GOBIERNO REGIONAL";"I-1";"00001480";"PUESTO DE SALUD HUAYLLAPAMPA";"NE_0001";"";"NE_0001";"NE_0001";"NE_0001";"NE_0001";"NE_0001";"NE_0001";"NE_0001"
"2023";"12";"020513";"ANCASH";"BOLOGNESI";"PACLLON";"GOBIERNO REGIONAL";"I-1";"00001499";"PUESTO DE SALUD PACLLON";"NE_0001";"";"NE_0001";"NE_0001";"NE_0001";"NE_0001";"NE_0001";"NE_0001";"NE_0001"
"2023";"12";"020202";"ANCASH";"AIJA";"CORIS";"GOBIERNO REGIONAL";"I-1";"00001511";"SAN DAMIAN";"NE_0001";"";"NE_0001";"NE_0001";"NE_0001";"NE_0001";"NE_0001";"NE_0001";"NE_0001"
"2023";"12";"020601";"ANCASH";"CARHUAZ";"CARHUAZ";"GOBIERNO REGIONAL";"I-2";"00001517";"PUESTO DE SALUD MAYA";"NE_0001";"";"NE_0001";"NE_0001";"NE_0001";"NE_0001";"NE_0001";"NE_0001";"NE_0001"
"2023";"12";"020105";"ANCASH";"HUARAZ";"INDEPENDENCIA";"GOBIERNO REGIONAL";"I-1";"00001576";"CHAVIN";"NE_0001";"";"NE_0001";"NE_0001";"NE_0001";"NE_0001";"NE_0001";"NE_0001";"NE_0001"
"2023";"12";"020105";"ANCASH";"HUARAZ";"INDEPENDENCIA";"GOBIERNO REGIONAL";"I-1";"00001577";"PUESTO DE SALUD HUANJA";"NE_0001";"";"NE_0001";"NE_0001";"NE_0001";"NE_0001";"NE_0001";"NE_0001";"NE_0001"
"2023";"12";"020107";"ANCASH";"HUARAZ";"LA LIBERTAD";"GOBIERNO REGIONAL";"I-2";"00001583";"PUESTO DE SALUD CAJAMARQUILLA";"NE_0001";"";"NE_0001";"NE_0001";"NE_0001";"NE_0001";"NE_0001";"NE_0001";"NE_0001"
"2023";"12";"020111";"ANCASH";"HUARAZ";"PIRA";"GOBIERNO REGIONAL";"I-2";"00001585";"PUESTO DE SALUD PIRA";"NE_0001";"";"NE_0001";"NE_0001";"NE_0001";"NE_0001";"NE_0001";"NE_0001";"NE_0001"
"2023";"12";"020611";"ANCASH";"CARHUAZ";"YUNGAR";"GOBIERNO REGIONAL";"I-1";"00001530";"PUESTO DE SALUD POYOR";"NE_0001";"";"NE_0001";"NE_0001";"NE_0001";"NE_0001";"NE_0001";"NE_0001";"NE_0001"
"2023";"12";"020101";"ANCASH";"HUARAZ";"HUARAZ";"GOBIERNO REGIONAL";"I-1";"00001544";"PUESTO DE SALUD MACASHCA";"NE_0001";"";"NE_0001";"NE_0001";"NE_0001";"NE_0001";"NE_0001";"NE_0001";"NE_0001"
"2023";"12";"020101";"ANCASH";"HUARAZ";"HUARAZ";"GOBIERNO REGIONAL";"I-1";"00001545";"PUESTO DE SALUD HUALLCOR";"NE_0001";"";"NE_0001";"NE_0001";"NE_0001";"NE_0001";"NE_0001";"NE_0001";"NE_0001"
"2023";"12";"020101";"ANCASH";"HUARAZ";"HUARAZ";"GOBIERNO REGIONAL";"I-1";"00001548";"PUESTO DE SALUD SANTA CATALINA";"NE_0001";"";"NE_0001";"NE_0001";"NE_0001";"NE_0001";"NE_0001";"NE_0001";"NE_0001"
"2023";"12";"020108";"ANCASH";"HUARAZ";"OLLEROS";"GOBIERNO REGIONAL";"I-1";"00001550";"PUESTO DE SALUD MASHUAN";"NE_0001";"";"NE_0001";"NE_0001";"NE_0001";"NE_0001";"NE_0001";"NE_0001";"NE_0001"
"2023";"12";"020108";"ANCASH";"HUARAZ";"OLLEROS";"GOBIERNO REGIONAL";"I-1";"00001552";"PUESTO DE SALUD LLOCLLA";"NE_0001";"";"NE_0001";"NE_0001";"NE_0001";"NE_0001";"NE_0001";"NE_0001";"NE_0001"
"2023";"12";"020105";"ANCASH";"HUARAZ";"INDEPENDENCIA";"GOBIERNO REGIONAL";"I-2";"00001559";"PUESTO DE SALUD MARIAN";"NE_0001";"";"NE_0001";"NE_0001";"NE_0001";"NE_0001";"NE_0001";"NE_0001";"NE_0001"
"2023";"12";"020109";"ANCASH";"HUARAZ";"PAMPAS GRANDE";"GOBIERNO REGIONAL";"I-2";"00001584";"PUESTO DE SALUD PAMPAS GRANDE";"NE_0001";"";"NE_0001";"NE_0001";"NE_0001";"NE_0001";"NE_0001";"NE_0001";"NE_0001"
"2023";"12";"021408";"ANCASH";"OCROS";"SAN CRISTOBAL DE RAJAN";"GOBIERNO REGIONAL";"I-1";"00001762";"PUESTO DE SALUD RAJAN";"NE_0001";"";"NE_0001";"NE_0001";"NE_0001";"NE_0001";"NE_0001";"NE_0001";"NE_0001"
"2023";"12";"020202";"ANCASH";"AIJA";"CORIS";"GOBIERNO REGIONAL";"I-2";"00032314";"PUESTO DE SALUD CORIS";"NE_0001";"";"NE_0001";"NE_0001";"NE_0001";"NE_0001";"NE_0001";"NE_0001";"NE_0001"
"2023";"12";"021710";"ANCASH";"RECUAY";"TICAPAMPA";"GOBIERNO REGIONAL";"I-1";"00001474";"PUESTO DE SALUD TICAPAMPA";"NE_0001";"";"NE_0001";"NE_0001";"NE_0001";"NE_0001";"NE_0001";"NE_0001";"NE_0001"
"2023";"12";"020505";"ANCASH";"BOLOGNESI";"CAJACAY";"GOBIERNO REGIONAL";"I-1";"00001483";"PUESTO DE SALUD COLCA";"NE_0001";"";"NE_0001";"NE_0001";"NE_0001";"NE_0001";"NE_0001";"NE_0001";"NE_0001"
"2023";"12";"020501";"ANCASH";"BOLOGNESI";"CHIQUIAN";"GOBIERNO REGIONAL";"I-4";"00001493";"CENTRO DE SALUD CHIQUIAN";"241600";"HOSPITALIZACIÓN QUIRÚRGICA OBSTETRICIA   ";"2";"1";"3";"3";"8";"248";"0"
"2023";"12";"020501";"ANCASH";"BOLOGNESI";"CHIQUIAN";"GOBIERNO REGIONAL";"I-4";"00001493";"CENTRO DE SALUD CHIQUIAN";"241800";"HOSPITALIZACIÓN DE MEDICINA MEDICINA GENERAL ";"4";"4";"8";"8";"3";"93";"0"
"2023";"12";"020504";"ANCASH";"BOLOGNESI";"AQUIA";"GOBIERNO REGIONAL";"I-1";"00001495";"PUESTO DE SALUD RACRACHACA";"NE_0001";"";"NE_0001";"NE_0001";"NE_0001";"NE_0001";"NE_0001";"NE_0001";"NE_0001"
"2023";"12";"020509";"ANCASH";"BOLOGNESI";"HUASTA";"GOBIERNO REGIONAL";"I-1";"00001498";"PUESTO DE SALUD QUERO";"NE_0001";"";"NE_0001";"NE_0001";"NE_0001";"NE_0001";"NE_0001";"NE_0001";"NE_0001"
"2023";"12";"020508";"ANCASH";"BOLOGNESI";"HUALLANCA";"GOBIERNO REGIONAL";"I-3";"00001507";"CENTRO DE SALUD HUALLANCA";"NE_0001";"";"NE_0001";"NE_0001";"NE_0001";"NE_0001";"NE_0001";"NE_0001";"NE_0001"
"2023";"12";"020204";"ANCASH";"AIJA";"LA MERCED";"GOBIERNO REGIONAL";"I-1";"00001513";"PUESTO DE SALUD LA MERCED";"NE_0001";"";"NE_0001";"NE_0001";"NE_0001";"NE_0001";"NE_0001";"NE_0001";"NE_0001"
"2023";"12";"020603";"ANCASH";"CARHUAZ";"AMASHCA";"GOBIERNO REGIONAL";"I-1";"00001524";"PUESTO DE SALUD AMASHCA";"NE_0001";"";"NE_0001";"NE_0001";"NE_0001";"NE_0001";"NE_0001";"NE_0001";"NE_0001"
"2023";"12";"020401";"ANCASH";"ASUNCION";"CHACAS";"GOBIERNO REGIONAL";"I-4";"00001540";"HOSPITAL MAMA ASHU CHACAS";"241600";"HOSPITALIZACIÓN QUIRÚRGICA OBSTETRICIA   ";"15";"16";"1";"53";"10";"310";"0"
"2023";"12";"020401";"ANCASH";"ASUNCION";"CHACAS";"GOBIERNO REGIONAL";"I-4";"00001540";"HOSPITAL MAMA ASHU CHACAS";"241800";"HOSPITALIZACIÓN DE MEDICINA MEDICINA GENERAL ";"50";"44";"12";"545";"34";"1054";"2"
"2023";"12";"020401";"ANCASH";"ASUNCION";"CHACAS";"GOBIERNO REGIONAL";"I-4";"00001540";"HOSPITAL MAMA ASHU CHACAS";"242500";"HOSPITALIZACIÓN-PEDIATRÍA GENERAL-";"6";"8";"1";"20";"4";"124";"0"
"2023";"12";"020401";"ANCASH";"ASUNCION";"CHACAS";"GOBIERNO REGIONAL";"I-4";"00001540";"HOSPITAL MAMA ASHU CHACAS";"243200";"HOSPITALIZACIÓN DE PEDIATRÍA PEDIATRIA NEONATOLOGÍA";"2";"2";"NE_0001";"22";"3";"93";"0"
"2023";"12";"020105";"ANCASH";"HUARAZ";"INDEPENDENCIA";"GOBIERNO REGIONAL";"I-2";"00001561";"PUESTO DE SALUD LLUPA";"NE_0001";"";"NE_0001";"NE_0001";"NE_0001";"NE_0001";"NE_0001";"NE_0001";"NE_0001"
"2023";"12";"020105";"ANCASH";"HUARAZ";"INDEPENDENCIA";"GOBIERNO REGIONAL";"I-1";"00001565";"PUESTO DE SALUD QUENUAYOC";"NE_0001";"";"NE_0001";"NE_0001";"NE_0001";"NE_0001";"NE_0001";"NE_0001";"NE_0001"
"2023";"12";"020105";"ANCASH";"HUARAZ";"INDEPENDENCIA";"GOBIERNO REGIONAL";"I-1";"00001572";"PUESTO DE SALUD CURHUAZ";"NE_0001";"";"NE_0001";"NE_0001";"NE_0001";"NE_0001";"NE_0001";"NE_0001";"NE_0001"
"2023";"12";"020105";"ANCASH";"HUARAZ";"INDEPENDENCIA";"GOBIERNO REGIONAL";"I-1";"00010997";"PUESTO DE SALUD SANTA ROSA DE CANSHAN";"NE_0001";"";"NE_0001";"NE_0001";"NE_0001";"NE_0001";"NE_0001";"NE_0001";"NE_0001"
"2023";"12";"021709";"ANCASH";"RECUAY";"TAPACOCHA";"GOBIERNO REGIONAL";"I-1";"00001478";"PUESTO DE SALUD TAPACOCHA";"NE_0001";"";"NE_0001";"NE_0001";"NE_0001";"NE_0001";"NE_0001";"NE_0001";"NE_0001"
"2023";"12";"020513";"ANCASH";"BOLOGNESI";"PACLLON";"GOBIERNO REGIONAL";"I-1";"00001500";"PUESTO DE SALUD LLAMAC";"NE_0001";"";"NE_0001";"NE_0001";"NE_0001";"NE_0001";"NE_0001";"NE_0001";"NE_0001"
"2023";"12";"020514";"ANCASH";"BOLOGNESI";"SAN MIGUEL DE CORPANQUI";"GOBIERNO REGIONAL";"I-2";"00001505";"PUESTO DE SALUD CORPANQUI";"NE_0001";"";"NE_0001";"NE_0001";"NE_0001";"NE_0001";"NE_0001";"NE_0001";"NE_0001"
"2023";"12";"020203";"ANCASH";"AIJA";"HUACLLAN";"GOBIERNO REGIONAL";"I-1";"00001512";"PUESTO DE SALUD HUACLLAN";"NE_0001";"";"NE_0001";"NE_0001";"NE_0001";"NE_0001";"NE_0001";"NE_0001";"NE_0001"
"2023";"12";"020601";"ANCASH";"CARHUAZ";"CARHUAZ";"GOBIERNO REGIONAL";"I-1";"00001518";"PUESTO DE SALUD TAURIPAMPA";"NE_0001";"";"NE_0001";"NE_0001";"NE_0001";"NE_0001";"NE_0001";"NE_0001";"NE_0001"
"2023";"12";"020601";"ANCASH";"CARHUAZ";"CARHUAZ";"GOBIERNO REGIONAL";"I-1";"00001520";"PUESTO DE SALUD PARIACACA";"NE_0001";"";"NE_0001";"NE_0001";"NE_0001";"NE_0001";"NE_0001";"NE_0001";"NE_0001"
"2023";"12";"020605";"ANCASH";"CARHUAZ";"ATAQUERO";"GOBIERNO REGIONAL";"I-1";"00001522";"PUESTO DE SALUD ATAQUERO";"NE_0001";"";"NE_0001";"NE_0001";"NE_0001";"NE_0001";"NE_0001";"NE_0001";"NE_0001"
"2023";"12";"020604";"ANCASH";"CARHUAZ";"ANTA";"GOBIERNO REGIONAL";"I-3";"00001528";"CENTRO DE SALUD ANTA";"NE_0001";"";"NE_0001";"NE_0001";"NE_0001";"NE_0001";"NE_0001";"NE_0001";"NE_0001"
"2023";"12";"020606";"ANCASH";"CARHUAZ";"MARCARA";"GOBIERNO REGIONAL";"I-1";"00001537";"RECUAYHUANCA";"NE_0001";"";"NE_0001";"NE_0001";"NE_0001";"NE_0001";"NE_0001";"NE_0001";"NE_0001"
"2023";"12";"020402";"ANCASH";"ASUNCION";"ACOCHACA";"GOBIERNO REGIONAL";"I-1";"00001542";"PUESTO DE SALUD SAPCHA";"NE_0001";"";"NE_0001";"NE_0001";"NE_0001";"NE_0001";"NE_0001";"NE_0001";"NE_0001"
"2023";"12";"020105";"ANCASH";"HUARAZ";"INDEPENDENCIA";"GOBIERNO REGIONAL";"I-1";"00001563";"PUESTO DE SALUD ATIPAYAN";"NE_0001";"";"NE_0001";"NE_0001";"NE_0001";"NE_0001";"NE_0001";"NE_0001";"NE_0001"
"2023";"12";"020112";"ANCASH";"HUARAZ";"TARICA";"GOBIERNO REGIONAL";"I-1";"00001578";"PUESTO DE SALUD TARICA";"NE_0001";"";"NE_0001";"NE_0001";"NE_0001";"NE_0001";"NE_0001";"NE_0001";"NE_0001"
"2023";"12";"020101";"ANCASH";"HUARAZ";"HUARAZ";"GOBIERNO REGIONAL";"I-1";"00011002";"PUESTO DE SALUD JAUNA";"NE_0001";"";"NE_0001";"NE_0001";"NE_0001";"NE_0001";"NE_0001";"NE_0001";"NE_0001"
"2023";"12";"020101";"ANCASH";"HUARAZ";"HUARAZ";"GOBIERNO REGIONAL";"0";"00032157";"HOGAR PROTEGIDO ""MI NUEVA FAMILIA""";"NE_0001";"";"NE_0001";"NE_0001";"NE_0001";"NE_0001";"NE_0001";"NE_0001";"NE_0001"
"2023";"12";"021702";"ANCASH";"RECUAY";"CATAC";"GOBIERNO REGIONAL";"I-3";"00001476";"CENTRO DE SALUD CATAC";"NE_0001";"";"NE_0001";"NE_0001";"NE_0001";"NE_0001";"NE_0001";"NE_0001";"NE_0001"
"2023";"12";"020112";"ANCASH";"HUARAZ";"TARICA";"GOBIERNO REGIONAL";"I-1";"00001580";"PUESTO DE SALUD PASHPA";"NE_0001";"";"NE_0001";"NE_0001";"NE_0001";"NE_0001";"NE_0001";"NE_0001";"NE_0001"
"2023";"12";"021401";"ANCASH";"OCROS";"OCROS";"GOBIERNO REGIONAL";"I-2";"00001755";"PUESTO DE SALUD OCROS";"NE_0001";"";"NE_0001";"NE_0001";"NE_0001";"NE_0001";"NE_0001";"NE_0001";"NE_0001"
"2023";"12";"020205";"ANCASH";"AIJA";"SUCCHA";"GOBIERNO REGIONAL";"I-1";"00006635";"PUESTO DE SALUD LLANQUISH";"NE_0001";"";"NE_0001";"NE_0001";"NE_0001";"NE_0001";"NE_0001";"NE_0001";"NE_0001"
"2023";"12";"020402";"ANCASH";"ASUNCION";"ACOCHACA";"GOBIERNO REGIONAL";"I-2";"00001541";"PUESTO DE SALUD ACOCHACA";"NE_0001";"";"NE_0001";"NE_0001";"NE_0001";"NE_0001";"NE_0001";"NE_0001";"NE_0001"
"2023";"12";"020101";"ANCASH";"HUARAZ";"HUARAZ";"GOBIERNO REGIONAL";"I-1";"00001556";"PUESTO DE SALUD COYLLUR";"NE_0001";"";"NE_0001";"NE_0001";"NE_0001";"NE_0001";"NE_0001";"NE_0001";"NE_0001"
"2023";"12";"020105";"ANCASH";"HUARAZ";"INDEPENDENCIA";"GOBIERNO REGIONAL";"I-3";"00001557";"CENTRO DE SALUD NICRUPAMPA";"NE_0001";"";"NE_0001";"NE_0001";"NE_0001";"NE_0001";"NE_0001";"NE_0001";"NE_0001"
"2023";"11";"021809";"ANCASH";"SANTA";"NUEVO CHIMBOTE";"PRIVADO";"II-1";"00016536";"CLINICA BAHIA S.A.C.";"NE_0002";"";"NE_0002";"NE_0002";"NE_0002";"NE_0002";"NE_0002";"NE_0002";"NE_0002"
"2023";"11";"220904";"SAN MARTIN";"SAN MARTIN";"CHAZUTA";"GOBIERNO REGIONAL";"I-1";"00006425";"AGUANO MUYUNA";"NE_0001";"";"NE_0001";"NE_0001";"NE_0001";"NE_0001";"NE_0001";"NE_0001";"NE_0001"
"2023";"11";"150130";"LIMA";"LIMA";"SAN BORJA";"SANIDAD DEL EJERCITO DEL PERU";"I-1";"00029429";"ENFERMERÍA DEL BATALLÓN POLICÍA MILITAR N° 505";"NE_0001";"";"NE_0001";"NE_0001";"NE_0001";"NE_0001";"NE_0001";"NE_0001";"NE_0001"
"2023";"12";"211101";"PUNO";"SAN ROMAN";"JULIACA";"SANIDAD DE LA POLICIA NACIONAL DEL PERU";"I-2";"00010236";"POSTA MEDICA DE SALUD PNP - JULIACA";"NE_0001";"";"NE_0001";"NE_0001";"NE_0001";"NE_0001";"NE_0001";"NE_0001";"NE_0001"
"2023";"08";"040804";"AREQUIPA";"LA UNION";"HUAYNACOTAS";"GOBIERNO REGIONAL";"I-2";"00007265";"PUESTO DE SALUD HUARCAYA";"NE_0001";"";"NE_0001";"NE_0001";"NE_0001";"NE_0001";"NE_0001";"NE_0001";"NE_0001"
"2023";"08";"040806";"AREQUIPA";"LA UNION";"PUYCA";"GOBIERNO REGIONAL";"I-2";"00001471";"PUESTO DE SALUD CHURCA";"NE_0001";"";"NE_0001";"NE_0001";"NE_0001";"NE_0001";"NE_0001";"NE_0001";"NE_0001"
"2023";"08";"040806";"AREQUIPA";"LA UNION";"PUYCA";"GOBIERNO REGIONAL";"I-2";"00001465";"PUESTO DE SALUD PUYCA";"NE_0001";"";"NE_0001";"NE_0001";"NE_0001";"NE_0001";"NE_0001";"NE_0001";"NE_0001"
"2023";"08";"040802";"AREQUIPA";"LA UNION";"ALCA";"MINSA";"I-3";"00001464";"CENTRO DE SALUD ALCA";"NE_0001";"";"NE_0001";"NE_0001";"NE_0001";"NE_0001";"NE_0001";"NE_0001";"NE_0001"
"2023";"08";"040804";"AREQUIPA";"LA UNION";"HUAYNACOTAS";"MINSA";"I-2";"00001463";"PUESTO DE SALUD HUAYNACOTAS";"NE_0001";"";"NE_0001";"NE_0001";"NE_0001";"NE_0001";"NE_0001";"NE_0001";"NE_0001"
"2023";"08";"040804";"AREQUIPA";"LA UNION";"HUAYNACOTAS";"GOBIERNO REGIONAL";"I-2";"00001461";"PUESTO DE SALUD TAURISMA";"NE_0001";"";"NE_0001";"NE_0001";"NE_0001";"NE_0001";"NE_0001";"NE_0001";"NE_0001"
"2023";"12";"110111";"ICA";"ICA";"SANTIAGO";"ESSALUD";"I-3";"00011968";"SANTA MARGARITA";"NE_0001";"";"NE_0001";"NE_0001";"NE_0001";"NE_0001";"NE_0001";"NE_0001";"NE_0001"
"2023";"12";"060301";"CAJAMARCA";"CELENDIN";"CELENDIN";"GOBIERNO REGIONAL";"II-1";"00004466";"DE APOYO CELENDIN";"241800";"HOSPITALIZACIÓN DE MEDICINA MEDICINA GENERAL ";"126";"129";"339";"343";"27";"837";"0"
"2023";"12";"130501";"LA LIBERTAD";"JULCAN";"JULCAN";"GOBIERNO REGIONAL";"II-1";"00005306";"HOSPITAL PROVINCIAL DE JULCAN";"241600";"HOSPITALIZACIÓN QUIRÚRGICA OBSTETRICIA   ";"14";"14";"28";"40";"2";"60";"0"
"2023";"12";"130501";"LA LIBERTAD";"JULCAN";"JULCAN";"GOBIERNO REGIONAL";"II-1";"00005306";"HOSPITAL PROVINCIAL DE JULCAN";"241800";"HOSPITALIZACIÓN DE MEDICINA MEDICINA GENERAL ";"28";"28";"47";"31";"9";"279";"2"
"2023";"12";"120302";"JUNIN";"CHANCHAMAYO";"PERENE";"GOBIERNO REGIONAL";"I-3";"00006716";"CIUDAD SATELITE";"NE_0001";"";"NE_0001";"NE_0001";"NE_0001";"NE_0001";"NE_0001";"NE_0001";"NE_0001"
"2023";"12";"120302";"JUNIN";"CHANCHAMAYO";"PERENE";"GOBIERNO REGIONAL";"I-1";"00000338";"SAN CRISTOBAL";"NE_0001";"";"NE_0001";"NE_0001";"NE_0001";"NE_0001";"NE_0001";"NE_0001";"NE_0001"
"2023";"12";"120302";"JUNIN";"CHANCHAMAYO";"PERENE";"GOBIERNO REGIONAL";"I-1";"00000339";"SAN ANTONIO ALTO PICHANAKI";"NE_0001";"";"NE_0001";"NE_0001";"NE_0001";"NE_0001";"NE_0001";"NE_0001";"NE_0001"
"2023";"12";"080207";"CUSCO";"ACOMAYO";"SANGARARA";"GOBIERNO REGIONAL";"I-2";"00002325";"PUESTO DE SALUD MARCACONGA";"NE_0002";"";"NE_0002";"NE_0002";"NE_0002";"NE_0002";"NE_0002";"NE_0002";"NE_0002"
"2023";"12";"080201";"CUSCO";"ACOMAYO";"ACOMAYO";"GOBIERNO REGIONAL";"I-4";"00002317";"ACOMAYO";"NE_0002";"";"NE_0002";"NE_0002";"NE_0002";"NE_0002";"NE_0002";"NE_0002";"NE_0002"
"2023";"12";"080202";"CUSCO";"ACOMAYO";"ACOPIA";"GOBIERNO REGIONAL";"I-1";"00002318";"ACOPIA";"NE_0002";"";"NE_0002";"NE_0002";"NE_0002";"NE_0002";"NE_0002";"NE_0002";"NE_0002"
"2023";"12";"080205";"CUSCO";"ACOMAYO";"POMACANCHI";"GOBIERNO REGIONAL";"I-4";"00002321";"POMACANCHI";"NE_0002";"";"NE_0002";"NE_0002";"NE_0002";"NE_0002";"NE_0002";"NE_0002";"NE_0002"
"2023";"12";"090203";"HUANCAVELICA";"ACOBAMBA";"ANTA";"GOBIERNO REGIONAL";"I-1";"00003941";"PUESTO DE SALUD MANYACC";"NE_0001";"";"NE_0001";"NE_0001";"NE_0001";"NE_0001";"NE_0001";"NE_0001";"NE_0001"
"2023";"07";"130101";"LA LIBERTAD";"TRUJILLO";"TRUJILLO";"ESSALUD";"III-1";"00009042";"VICTOR LAZARTE ECHEGARAY";"250200";"UNIDAD DE CUIDADOS CRITICOS UNIDAD DE CUIDADOS INTERMEDIOS GENERAL  (UCIN) ";"18";"18";"337";"872";"33";"1023";"5"
"2023";"07";"130101";"LA LIBERTAD";"TRUJILLO";"TRUJILLO";"ESSALUD";"III-1";"00009042";"VICTOR LAZARTE ECHEGARAY";"241900";"HOSPITALIZACIÓN DE MEDICINA MEDICINA INTERNA ";"131";"131";"1680";"1840";"64";"1984";"18"
"2023";"07";"130101";"LA LIBERTAD";"TRUJILLO";"TRUJILLO";"ESSALUD";"III-1";"00009042";"VICTOR LAZARTE ECHEGARAY";"241300";"HOSPITALIZACIÓN QUIRÚRGICA UROLOGÍA  ";"48";"48";"545";"75";"12";"372";"3"
"2023";"07";"130101";"LA LIBERTAD";"TRUJILLO";"TRUJILLO";"ESSALUD";"III-1";"00009042";"VICTOR LAZARTE ECHEGARAY";"240100";"HOSPITALIZACIÓN QUIRÚRGICA CIRUGÍA GENERAL ";"852";"852";"1224";"969";"43";"1333";"3"
"2023";"07";"130101";"LA LIBERTAD";"TRUJILLO";"TRUJILLO";"ESSALUD";"III-1";"00009042";"VICTOR LAZARTE ECHEGARAY";"241200";"HOSPITALIZACIÓN QUIRÚRGICA TRAUMATOLOGÍA Y ORTOPEDIA ";"61";"61";"648";"272";"20";"620";"0"
"2023";"07";"130101";"LA LIBERTAD";"TRUJILLO";"TRUJILLO";"ESSALUD";"III-1";"00009042";"VICTOR LAZARTE ECHEGARAY";"241500";"HOSPITALIZACIÓN QUIRÚRGICA GINECOLOGÍA  ";"32";"32";"96";"11";"5";"155";"0"
"2023";"07";"130101";"LA LIBERTAD";"TRUJILLO";"TRUJILLO";"ESSALUD";"III-1";"00009042";"VICTOR LAZARTE ECHEGARAY";"241600";"HOSPITALIZACIÓN QUIRÚRGICA OBSTETRICIA   ";"258";"258";"749";"859";"35";"1085";"0"
"2023";"07";"130101";"LA LIBERTAD";"TRUJILLO";"TRUJILLO";"ESSALUD";"III-1";"00009042";"VICTOR LAZARTE ECHEGARAY";"242300";"HOSPITALIZACIÓN DE PEDIATRÍA  PEDIATRÍA  GENERAL ";"258";"257";"1285";"282";"18";"558";"1"
"2023";"08";"130101";"LA LIBERTAD";"TRUJILLO";"TRUJILLO";"ESSALUD";"III-1";"00009042";"VICTOR LAZARTE ECHEGARAY";"250200";"UNIDAD DE CUIDADOS CRITICOS UNIDAD DE CUIDADOS INTERMEDIOS GENERAL  (UCIN) ";"19";"19";"370";"872";"33";"1023";"5"
"2023";"08";"130101";"LA LIBERTAD";"TRUJILLO";"TRUJILLO";"ESSALUD";"III-1";"00009042";"VICTOR LAZARTE ECHEGARAY";"241900";"HOSPITALIZACIÓN DE MEDICINA MEDICINA INTERNA ";"132";"132";"1795";"1840";"64";"1984";"28"
"2023";"08";"130101";"LA LIBERTAD";"TRUJILLO";"TRUJILLO";"ESSALUD";"III-1";"00009042";"VICTOR LAZARTE ECHEGARAY";"241300";"HOSPITALIZACIÓN QUIRÚRGICA UROLOGÍA  ";"37";"37";"334";"75";"12";"372";"0"
"2023";"08";"130101";"LA LIBERTAD";"TRUJILLO";"TRUJILLO";"ESSALUD";"III-1";"00009042";"VICTOR LAZARTE ECHEGARAY";"240100";"HOSPITALIZACIÓN QUIRÚRGICA CIRUGÍA GENERAL ";"811";"811";"1287";"969";"43";"1333";"4"
"2023";"08";"130101";"LA LIBERTAD";"TRUJILLO";"TRUJILLO";"ESSALUD";"III-1";"00009042";"VICTOR LAZARTE ECHEGARAY";"241200";"HOSPITALIZACIÓN QUIRÚRGICA TRAUMATOLOGÍA Y ORTOPEDIA ";"55";"55";"678";"272";"20";"620";"1"
"2023";"08";"130101";"LA LIBERTAD";"TRUJILLO";"TRUJILLO";"ESSALUD";"III-1";"00009042";"VICTOR LAZARTE ECHEGARAY";"241500";"HOSPITALIZACIÓN QUIRÚRGICA GINECOLOGÍA  ";"53";"53";"156";"11";"5";"155";"0"
"2023";"08";"130101";"LA LIBERTAD";"TRUJILLO";"TRUJILLO";"ESSALUD";"III-1";"00009042";"VICTOR LAZARTE ECHEGARAY";"241600";"HOSPITALIZACIÓN QUIRÚRGICA OBSTETRICIA   ";"281";"281";"946";"859";"35";"1085";"0"
"2023";"08";"130101";"LA LIBERTAD";"TRUJILLO";"TRUJILLO";"ESSALUD";"III-1";"00009042";"VICTOR LAZARTE ECHEGARAY";"242300";"HOSPITALIZACIÓN DE PEDIATRÍA  PEDIATRÍA  GENERAL ";"263";"262";"1290";"282";"18";"558";"1"
"2023";"12";"110101";"ICA";"ICA";"ICA";"PRIVADO";"II-1";"00018450";"CLÍNICA S. MORALES S.R.L";"NE_0002";"";"NE_0002";"NE_0002";"NE_0002";"NE_0002";"NE_0002";"NE_0002";"NE_0002"
"2023";"12";"021801";"ANCASH";"SANTA";"CHIMBOTE";"PRIVADO";"II-1";"00015375";"CLINICA SAN PEDRO";"241800";"HOSPITALIZACIÓN DE MEDICINA MEDICINA GENERAL ";"16";"13";"38";"51";"6";"186";"0"
"2023";"12";"021801";"ANCASH";"SANTA";"CHIMBOTE";"PRIVADO";"II-1";"00015375";"CLINICA SAN PEDRO";"240100";"HOSPITALIZACIÓN QUIRÚRGICA CIRUGÍA GENERAL ";"34";"31";"59";"121";"6";"186";"0"
"2023";"12";"021801";"ANCASH";"SANTA";"CHIMBOTE";"PRIVADO";"II-1";"00015375";"CLINICA SAN PEDRO";"241400";"HOSPITALIZACIÓN QUIRÚRGICA GINECO - OBSTETRICIA ";"46";"37";"55";"121";"6";"186";"0"
"2023";"12";"140101";"LAMBAYEQUE";"CHICLAYO";"CHICLAYO";"PRIVADO";"II-E";"00008750";"CLINICA DEL PACIFICO S.A";"240000";"HOSPITALIZACIÓN";"254";"259";"690";"603";"51";"1581";"4"
"2023";"12";"140101";"LAMBAYEQUE";"CHICLAYO";"CHICLAYO";"PRIVADO";"II-E";"00008750";"CLINICA DEL PACIFICO S.A";"250100";"UNIDAD DE CUIDADOS CRITICOS UNIDAD  DE CUIDADOS INTENSIVOS GENERALES (UCI) ";"6";"6";"27";"30";"4";"124";"3"
"2023";"12";"080104";"CUSCO";"CUSCO";"SAN JERONIMO";"GOBIERNO REGIONAL";"I-1";"00007699";"CONCHACALLE";"NE_0002";"";"NE_0002";"NE_0002";"NE_0002";"NE_0002";"NE_0002";"NE_0002";"NE_0002"
"2023";"12";"080105";"CUSCO";"CUSCO";"SAN SEBASTIAN";"GOBIERNO REGIONAL";"I-3";"00002303";"SANTA ROSA";"NE_0002";"";"NE_0002";"NE_0002";"NE_0002";"NE_0002";"NE_0002";"NE_0002";"NE_0002"
"2023";"12";"120703";"JUNIN";"TARMA";"HUARICOLCA";"GOBIERNO REGIONAL";"I-1";"00000596";"APAYCANCHILLA";"NE_0001";"";"NE_0001";"NE_0001";"NE_0001";"NE_0001";"NE_0001";"NE_0001";"NE_0001"
"2023";"12";"120703";"JUNIN";"TARMA";"HUARICOLCA";"GOBIERNO REGIONAL";"I-1";"00000568";"CONGAS ANTACUCHO";"NE_0001";"";"NE_0001";"NE_0001";"NE_0001";"NE_0001";"NE_0001";"NE_0001";"NE_0001"
"2023";"12";"050104";"AYACUCHO";"HUAMANGA";"CARMEN ALTO";"GOBIERNO REGIONAL";"I-1";"00011354";"PUESTO DE SALUD YANAMA";"NE_0001";"";"NE_0001";"NE_0001";"NE_0001";"NE_0001";"NE_0001";"NE_0001";"NE_0001"
"2023";"12";"050104";"AYACUCHO";"HUAMANGA";"CARMEN ALTO";"GOBIERNO REGIONAL";"I-3";"00003560";"CENTRO DE SALUD CARMEN ALTO";"NE_0001";"";"NE_0001";"NE_0001";"NE_0001";"NE_0001";"NE_0001";"NE_0001";"NE_0001"
"2023";"12";"050104";"AYACUCHO";"HUAMANGA";"CARMEN ALTO";"GOBIERNO REGIONAL";"I-3";"00003562";"CENTRO DE SALUD VISTA ALEGRE";"NE_0001";"";"NE_0001";"NE_0001";"NE_0001";"NE_0001";"NE_0001";"NE_0001";"NE_0001"
"2023";"12";"050104";"AYACUCHO";"HUAMANGA";"CARMEN ALTO";"GOBIERNO REGIONAL";"I-1";"00003561";"POKRAS";"NE_0001";"";"NE_0001";"NE_0001";"NE_0001";"NE_0001";"NE_0001";"NE_0001";"NE_0001"
"2023";"12";"150133";"LIMA";"LIMA";"SAN JUAN DE MIRAFLORES";"PRIVADO";"II-E";"00027478";"CLINICA BUENAVENTURA";"240100";"HOSPITALIZACIÓN QUIRÚRGICA CIRUGÍA GENERAL ";"9";"9";"9";"9";"6";"186";"0"
"2023";"12";"150133";"LIMA";"LIMA";"SAN JUAN DE MIRAFLORES";"PRIVADO";"II-E";"00027478";"CLINICA BUENAVENTURA";"245400";"HOSPITALIZACIÓN DE MEDICINA GINECOLOGIA ";"1";"1";"1";"2";"1";"31";"0"
"2023";"12";"150133";"LIMA";"LIMA";"SAN JUAN DE MIRAFLORES";"PRIVADO";"II-E";"00027478";"CLINICA BUENAVENTURA";"241200";"HOSPITALIZACIÓN QUIRÚRGICA TRAUMATOLOGÍA Y ORTOPEDIA ";"2";"2";"2";"2";"2";"31";"0"
"2023";"12";"150133";"LIMA";"LIMA";"SAN JUAN DE MIRAFLORES";"PRIVADO";"II-E";"00027478";"CLINICA BUENAVENTURA";"241900";"HOSPITALIZACIÓN DE MEDICINA MEDICINA INTERNA ";"4";"4";"9";"9";"3";"93";"0"
"2023";"12";"150133";"LIMA";"LIMA";"SAN JUAN DE MIRAFLORES";"PRIVADO";"II-E";"00027478";"CLINICA BUENAVENTURA";"241300";"HOSPITALIZACIÓN QUIRÚRGICA UROLOGÍA  ";"1";"1";"2";"2";"1";"31";"0"
"2023";"12";"090103";"HUANCAVELICA";"HUANCAVELICA";"ACORIA";"GOBIERNO REGIONAL";"I-1";"00003867";"CHAYNAPAMPA";"NE_0001";"";"NE_0001";"NE_0001";"NE_0001";"NE_0001";"NE_0001";"NE_0001";"NE_0001"
"2023";"12";"090103";"HUANCAVELICA";"HUANCAVELICA";"ACORIA";"GOBIERNO REGIONAL";"I-1";"00003872";"CCARHUARANRA";"NE_0001";"";"NE_0001";"NE_0001";"NE_0001";"NE_0001";"NE_0001";"NE_0001";"NE_0001"
"2023";"12";"090103";"HUANCAVELICA";"HUANCAVELICA";"ACORIA";"GOBIERNO REGIONAL";"I-1";"00003871";"CONCHAN";"NE_0001";"";"NE_0001";"NE_0001";"NE_0001";"NE_0001";"NE_0001";"NE_0001";"NE_0001"
"2023";"12";"090103";"HUANCAVELICA";"HUANCAVELICA";"ACORIA";"GOBIERNO REGIONAL";"I-1";"00007341";"LLAHUECC";"NE_0001";"";"NE_0001";"NE_0001";"NE_0001";"NE_0001";"NE_0001";"NE_0001";"NE_0001"
"2023";"12";"090103";"HUANCAVELICA";"HUANCAVELICA";"ACORIA";"GOBIERNO REGIONAL";"I-2";"00003868";"MOTOY";"NE_0001";"";"NE_0001";"NE_0001";"NE_0001";"NE_0001";"NE_0001";"NE_0001";"NE_0001"
"2023";"12";"090103";"HUANCAVELICA";"HUANCAVELICA";"ACORIA";"GOBIERNO REGIONAL";"I-1";"00003870";"LIRIO";"NE_0001";"";"NE_0001";"NE_0001";"NE_0001";"NE_0001";"NE_0001";"NE_0001";"NE_0001"
"2023";"12";"090103";"HUANCAVELICA";"HUANCAVELICA";"ACORIA";"GOBIERNO REGIONAL";"I-1";"00016016";"SILVA";"NE_0001";"";"NE_0001";"NE_0001";"NE_0001";"NE_0001";"NE_0001";"NE_0001";"NE_0001"
"2023";"12";"090103";"HUANCAVELICA";"HUANCAVELICA";"ACORIA";"GOBIERNO REGIONAL";"I-1";"00003866";"ANTAYMISA";"NE_0001";"";"NE_0001";"NE_0001";"NE_0001";"NE_0001";"NE_0001";"NE_0001";"NE_0001"
"2023";"12";"150105";"LIMA";"LIMA";"BREÑA";"PRIVADO";"II-E";"00015718";"CLINICA SAN MARCOS";"240000";"HOSPITALIZACIÓN";"106";"109";"184";"184";"23";"713";"0"
"2023";"12";"160101";"LORETO";"MAYNAS";"IQUITOS";"PRIVADO";"II-1";"00011737";"CLINICA SAN JUAN";"241400";"HOSPITALIZACIÓN QUIRÚRGICA GINECO - OBSTETRICIA ";"1";"1";"2";"2";"5";"6";"0"
"2023";"12";"040104";"AREQUIPA";"AREQUIPA";"CERRO COLORADO";"GOBIERNO REGIONAL";"I-3";"00001236";"CENTRO DE SALUD CERRO COLORADO";"NE_0001";"";"NE_0001";"NE_0001";"NE_0001";"NE_0001";"NE_0001";"NE_0001";"NE_0001"
"2023";"12";"040104";"AREQUIPA";"AREQUIPA";"CERRO COLORADO";"GOBIERNO REGIONAL";"I-3";"00027843";"CENTRO DE SALUD MENTAL COMUNITARIO SAN MARTIN DE PORRES";"NE_0001";"";"NE_0001";"NE_0001";"NE_0001";"NE_0001";"NE_0001";"NE_0001";"NE_0001"
"2023";"12";"040104";"AREQUIPA";"AREQUIPA";"CERRO COLORADO";"GOBIERNO REGIONAL";"I-3";"00001248";"CENTRO DE SALUD ALTO LIBERTAD";"NE_0001";"";"NE_0001";"NE_0001";"NE_0001";"NE_0001";"NE_0001";"NE_0001";"NE_0001"
"2023";"12";"220502";"SAN MARTIN";"LAMAS";"ALONSO DE ALVARADO";"GOBIERNO REGIONAL";"I-1";"00010516";"PORVENIR DEL NORTE";"NE_0002";"";"NE_0002";"NE_0002";"NE_0002";"NE_0002";"NE_0002";"NE_0002";"NE_0002"
"2023";"12";"220502";"SAN MARTIN";"LAMAS";"ALONSO DE ALVARADO";"GOBIERNO REGIONAL";"I-3";"00006348";"ROQUE";"241600";"HOSPITALIZACIÓN QUIRÚRGICA OBSTETRICIA   ";"3";"3";"3";"6";"6";"30";"0"
"2023";"12";"220502";"SAN MARTIN";"LAMAS";"ALONSO DE ALVARADO";"GOBIERNO REGIONAL";"I-1";"00007297";"ALAN GARCIA";"NE_0002";"";"NE_0002";"NE_0002";"NE_0002";"NE_0002";"NE_0002";"NE_0002";"NE_0002"
"2023";"12";"150111";"LIMA";"LIMA";"EL AGUSTINO";"PRIVADO";"II-E";"00026299";"CLINICA ONCOVIDA";"240000";"HOSPITALIZACIÓN";"45";"39";"46";"131";"11";"211";"0"
"2023";"12";"081102";"CUSCO";"PAUCARTAMBO";"CAICAY";"GOBIERNO REGIONAL";"I-1";"00002512";"CAICAY";"NE_0002";"";"NE_0002";"NE_0002";"NE_0002";"NE_0002";"NE_0002";"NE_0002";"NE_0002"
"2023";"12";"081104";"CUSCO";"PAUCARTAMBO";"COLQUEPATA";"GOBIERNO REGIONAL";"I-1";"00006979";"TOCRA";"NE_0002";"";"NE_0002";"NE_0002";"NE_0002";"NE_0002";"NE_0002";"NE_0002";"NE_0002"
"2023";"12";"081101";"CUSCO";"PAUCARTAMBO";"PAUCARTAMBO";"GOBIERNO REGIONAL";"I-4";"00002510";"PAUCARTAMBO";"NE_0002";"";"NE_0002";"NE_0002";"NE_0002";"NE_0002";"NE_0002";"NE_0002";"NE_0002"
"2023";"12";"081104";"CUSCO";"PAUCARTAMBO";"COLQUEPATA";"GOBIERNO REGIONAL";"I-1";"00002517";"PICHIHUA COLQUEPATA";"NE_0002";"";"NE_0002";"NE_0002";"NE_0002";"NE_0002";"NE_0002";"NE_0002";"NE_0002"
"2023";"12";"081106";"CUSCO";"PAUCARTAMBO";"KOSÑIPATA";"GOBIERNO REGIONAL";"I-3";"00002521";"PILCOPATA";"NE_0002";"";"NE_0002";"NE_0002";"NE_0002";"NE_0002";"NE_0002";"NE_0002";"NE_0002"
"2023";"12";"081104";"CUSCO";"PAUCARTAMBO";"COLQUEPATA";"GOBIERNO REGIONAL";"I-2";"00002518";"VIZCOCHONI";"NE_0002";"";"NE_0002";"NE_0002";"NE_0002";"NE_0002";"NE_0002";"NE_0002";"NE_0002"
"2023";"12";"081105";"CUSCO";"PAUCARTAMBO";"HUANCARANI";"GOBIERNO REGIONAL";"I-4";"00002520";"HUANCARANI";"NE_0002";"";"NE_0002";"NE_0002";"NE_0002";"NE_0002";"NE_0002";"NE_0002";"NE_0002"
"2023";"12";"081106";"CUSCO";"PAUCARTAMBO";"KOSÑIPATA";"GOBIERNO REGIONAL";"I-2";"00002522";"PATRIA";"NE_0002";"";"NE_0002";"NE_0002";"NE_0002";"NE_0002";"NE_0002";"NE_0002";"NE_0002"
"2023";"12";"081101";"CUSCO";"PAUCARTAMBO";"PAUCARTAMBO";"GOBIERNO REGIONAL";"I-2";"00002511";"MOLLOMARCA";"NE_0002";"";"NE_0002";"NE_0002";"NE_0002";"NE_0002";"NE_0002";"NE_0002";"NE_0002"
"2023";"12";"081103";"CUSCO";"PAUCARTAMBO";"CHALLABAMBA";"GOBIERNO REGIONAL";"I-3";"00002514";"CHALLABAMBA";"NE_0002";"";"NE_0002";"NE_0002";"NE_0002";"NE_0002";"NE_0002";"NE_0002";"NE_0002"
"2023";"12";"081104";"CUSCO";"PAUCARTAMBO";"COLQUEPATA";"GOBIERNO REGIONAL";"I-2";"00002516";"COLQUEPATA";"NE_0002";"";"NE_0002";"NE_0002";"NE_0002";"NE_0002";"NE_0002";"NE_0002";"NE_0002"
"2023";"12";"081104";"CUSCO";"PAUCARTAMBO";"COLQUEPATA";"GOBIERNO REGIONAL";"I-1";"00002519";"AYRE";"NE_0002";"";"NE_0002";"NE_0002";"NE_0002";"NE_0002";"NE_0002";"NE_0002";"NE_0002"
"2023";"12";"081102";"CUSCO";"PAUCARTAMBO";"CAICAY";"GOBIERNO REGIONAL";"I-1";"00002513";"HUASAC";"NE_0002";"";"NE_0002";"NE_0002";"NE_0002";"NE_0002";"NE_0002";"NE_0002";"NE_0002"
"2023";"12";"120101";"JUNIN";"HUANCAYO";"HUANCAYO";"PRIVADO";"II-1";"00008516";"CLINICA SANTO DOMINGO";"241200";"HOSPITALIZACIÓN QUIRÚRGICA TRAUMATOLOGÍA Y ORTOPEDIA ";"19";"19";"19";"45";"9";"45";"0"
"2023";"12";"120101";"JUNIN";"HUANCAYO";"HUANCAYO";"PRIVADO";"II-1";"00008516";"CLINICA SANTO DOMINGO";"241100";"HOSPITALIZACIÓN QUIRÚRGICA OTORRINOLARINGOLOGÍA  ";"1";"1";"1";"10";"9";"10";"0"
"2023";"12";"120101";"JUNIN";"HUANCAYO";"HUANCAYO";"PRIVADO";"II-1";"00008516";"CLINICA SANTO DOMINGO";"241500";"HOSPITALIZACIÓN QUIRÚRGICA GINECOLOGÍA  ";"8";"8";"8";"20";"9";"20";"0"
"2023";"12";"120101";"JUNIN";"HUANCAYO";"HUANCAYO";"PRIVADO";"II-1";"00008516";"CLINICA SANTO DOMINGO";"240100";"HOSPITALIZACIÓN QUIRÚRGICA CIRUGÍA GENERAL ";"59";"59";"59";"110";"9";"110";"0"
"2023";"12";"021701";"ANCASH";"RECUAY";"RECUAY";"GOBIERNO REGIONAL";"II-1";"00001472";"HOSPITAL DE APOYO RECUAY";"241500";"HOSPITALIZACIÓN QUIRÚRGICA GINECOLOGÍA  ";"9";"9";"36";"36";"1";"30";"0"
"2023";"12";"021701";"ANCASH";"RECUAY";"RECUAY";"GOBIERNO REGIONAL";"II-1";"00001472";"HOSPITAL DE APOYO RECUAY";"241600";"HOSPITALIZACIÓN QUIRÚRGICA OBSTETRICIA   ";"10";"10";"24";"24";"2";"60";"0"
"2023";"12";"021701";"ANCASH";"RECUAY";"RECUAY";"GOBIERNO REGIONAL";"II-1";"00001472";"HOSPITAL DE APOYO RECUAY";"242500";"HOSPITALIZACIÓN-PEDIATRÍA GENERAL-";"1";"1";"1";"1";"1";"30";"0"
"2023";"12";"021701";"ANCASH";"RECUAY";"RECUAY";"GOBIERNO REGIONAL";"II-1";"00001472";"HOSPITAL DE APOYO RECUAY";"241600";"HOSPITALIZACIÓN QUIRÚRGICA OBSTETRICIA   ";"5";"4";"6";"6";"2";"60";"0"
"2023";"03";"021501";"ANCASH";"PALLASCA";"CABANA";"ESSALUD";"I-2";"00009924";"POSTA MEDICA CABANA";"NE_0001";"";"NE_0001";"NE_0001";"NE_0001";"NE_0001";"NE_0001";"NE_0001";"NE_0001"
"2023";"12";"130901";"LA LIBERTAD";"SANCHEZ CARRION";"HUAMACHUCO";"GOBIERNO REGIONAL";"I-3";"00026446";"CENTRO DE SALUD MENTAL COMUNITARIO SEMBRANDO ESPERANZA DE HUAMACHUCO";"NE_0001";"";"NE_0001";"NE_0001";"NE_0001";"NE_0001";"NE_0001";"NE_0001";"NE_0001"
"2023";"12";"160101";"LORETO";"MAYNAS";"IQUITOS";"PRIVADO";"II-1";"00012170";"SERVICIOS MEDICOS CLINICA SANTA ANITA SRL";"NE_0002";"";"NE_0002";"NE_0002";"NE_0002";"NE_0002";"NE_0002";"NE_0002";"NE_0002"
"2023";"12";"080914";"CUSCO";"LA CONVENCION";"MEGANTONI";"GOBIERNO REGIONAL";"I-2";"00002435";"MIARIA";"NE_0001";"";"NE_0001";"NE_0001";"NE_0001";"NE_0001";"NE_0001";"NE_0001";"NE_0001"
"2023";"12";"080914";"CUSCO";"LA CONVENCION";"MEGANTONI";"GOBIERNO REGIONAL";"I-2";"00002445";"TIMPIA";"NE_0001";"";"NE_0001";"NE_0001";"NE_0001";"NE_0001";"NE_0001";"NE_0001";"NE_0001"
"2023";"12";"080914";"CUSCO";"LA CONVENCION";"MEGANTONI";"GOBIERNO REGIONAL";"I-1";"00013067";"TANGOSHIARI";"NE_0001";"";"NE_0001";"NE_0001";"NE_0001";"NE_0001";"NE_0001";"NE_0001";"NE_0001"
"2023";"12";"080914";"CUSCO";"LA CONVENCION";"MEGANTONI";"GOBIERNO REGIONAL";"I-1";"00015235";"NUEVA VIDA";"NE_0001";"";"NE_0001";"NE_0001";"NE_0001";"NE_0001";"NE_0001";"NE_0001";"NE_0001"
"2023";"12";"080914";"CUSCO";"LA CONVENCION";"MEGANTONI";"GOBIERNO REGIONAL";"I-1";"00002436";"NUEVA LUZ";"NE_0001";"";"NE_0001";"NE_0001";"NE_0001";"NE_0001";"NE_0001";"NE_0001";"NE_0001"
"2023";"12";"080914";"CUSCO";"LA CONVENCION";"MEGANTONI";"GOBIERNO REGIONAL";"I-1";"00013066";"MONTETONI";"NE_0001";"";"NE_0001";"NE_0001";"NE_0001";"NE_0001";"NE_0001";"NE_0001";"NE_0001"
"2023";"12";"080914";"CUSCO";"LA CONVENCION";"MEGANTONI";"GOBIERNO REGIONAL";"I-1";"00015843";"CASHIRIARI";"NE_0001";"";"NE_0001";"NE_0001";"NE_0001";"NE_0001";"NE_0001";"NE_0001";"NE_0001"
"2023";"12";"080914";"CUSCO";"LA CONVENCION";"MEGANTONI";"GOBIERNO REGIONAL";"I-1";"00015844";"CAMANA";"NE_0001";"";"NE_0001";"NE_0001";"NE_0001";"NE_0001";"NE_0001";"NE_0001";"NE_0001"
"2023";"12";"080914";"CUSCO";"LA CONVENCION";"MEGANTONI";"GOBIERNO REGIONAL";"I-2";"00002437";"NUEVO MUNDO";"NE_0001";"";"NE_0001";"NE_0001";"NE_0001";"NE_0001";"NE_0001";"NE_0001";"NE_0001"
"2023";"12";"080914";"CUSCO";"LA CONVENCION";"MEGANTONI";"GOBIERNO REGIONAL";"I-1";"00002428";"CHOCORIARI";"NE_0001";"";"NE_0001";"NE_0001";"NE_0001";"NE_0001";"NE_0001";"NE_0001";"NE_0001"
"2023";"12";"080914";"CUSCO";"LA CONVENCION";"MEGANTONI";"GOBIERNO REGIONAL";"I-1";"00002441";"PUERTO HUALLANA";"NE_0001";"";"NE_0001";"NE_0001";"NE_0001";"NE_0001";"NE_0001";"NE_0001";"NE_0001"
"2023";"12";"080914";"CUSCO";"LA CONVENCION";"MEGANTONI";"GOBIERNO REGIONAL";"I-1";"00002442";"PUERTO RICO";"NE_0001";"";"NE_0001";"NE_0001";"NE_0001";"NE_0001";"NE_0001";"NE_0001";"NE_0001"
"2023";"12";"080914";"CUSCO";"LA CONVENCION";"MEGANTONI";"GOBIERNO REGIONAL";"I-2";"00002452";"SHIVANKORENI";"NE_0001";"";"NE_0001";"NE_0001";"NE_0001";"NE_0001";"NE_0001";"NE_0001";"NE_0001"
"2023";"12";"080914";"CUSCO";"LA CONVENCION";"MEGANTONI";"GOBIERNO REGIONAL";"I-3";"00002426";"KIRIGUETI";"NE_0001";"";"NE_0001";"NE_0001";"NE_0001";"NE_0001";"NE_0001";"NE_0001";"NE_0001"
"2023";"12";"080914";"CUSCO";"LA CONVENCION";"MEGANTONI";"GOBIERNO REGIONAL";"I-1";"00002444";"SENSA";"NE_0001";"";"NE_0001";"NE_0001";"NE_0001";"NE_0001";"NE_0001";"NE_0001";"NE_0001"
"2023";"12";"080914";"CUSCO";"LA CONVENCION";"MEGANTONI";"GOBIERNO REGIONAL";"I-4";"00002448";"KAMISEA";"NE_0001";"";"NE_0001";"NE_0001";"NE_0001";"NE_0001";"NE_0001";"NE_0001";"NE_0001"
"2023";"12";"080902";"CUSCO";"LA CONVENCION";"ECHARATE";"GOBIERNO REGIONAL";"I-2";"00002440";"PANGOA";"NE_0001";"";"NE_0001";"NE_0001";"NE_0001";"NE_0001";"NE_0001";"NE_0001";"NE_0001"
"2023";"12";"080902";"CUSCO";"LA CONVENCION";"ECHARATE";"GOBIERNO REGIONAL";"I-2";"00002431";"IVOCHOTE";"NE_0001";"";"NE_0001";"NE_0001";"NE_0001";"NE_0001";"NE_0001";"NE_0001";"NE_0001"
"2023";"12";"080902";"CUSCO";"LA CONVENCION";"ECHARATE";"GOBIERNO REGIONAL";"I-3";"00002432";"KEPASHIATO";"NE_0001";"";"NE_0001";"NE_0001";"NE_0001";"NE_0001";"NE_0001";"NE_0001";"NE_0001"
"2023";"12";"080909";"CUSCO";"LA CONVENCION";"VILCABAMBA";"GOBIERNO REGIONAL";"I-1";"00002493";"SELVA ALEGRE";"NE_0001";"";"NE_0001";"NE_0001";"NE_0001";"NE_0001";"NE_0001";"NE_0001";"NE_0001"
"2023";"12";"080902";"CUSCO";"LA CONVENCION";"ECHARATE";"GOBIERNO REGIONAL";"I-4";"00002427";"KITENI";"NE_0001";"";"NE_0001";"NE_0001";"NE_0001";"NE_0001";"NE_0001";"NE_0001";"NE_0001"
"2023";"12";"080902";"CUSCO";"LA CONVENCION";"ECHARATE";"GOBIERNO REGIONAL";"I-1";"00002443";"SANIRIATO";"NE_0001";"";"NE_0001";"NE_0001";"NE_0001";"NE_0001";"NE_0001";"NE_0001";"NE_0001"
"2023";"12";"080909";"CUSCO";"LA CONVENCION";"VILCABAMBA";"GOBIERNO REGIONAL";"I-2";"00002489";"YUVENI";"NE_0001";"";"NE_0001";"NE_0001";"NE_0001";"NE_0001";"NE_0001";"NE_0001";"NE_0001"
"2023";"12";"080902";"CUSCO";"LA CONVENCION";"ECHARATE";"GOBIERNO REGIONAL";"I-1";"00013068";"TRIO RIO";"NE_0001";"";"NE_0001";"NE_0001";"NE_0001";"NE_0001";"NE_0001";"NE_0001";"NE_0001"
"2023";"12";"080902";"CUSCO";"LA CONVENCION";"ECHARATE";"GOBIERNO REGIONAL";"I-2";"00002434";"MATERIATO";"NE_0001";"";"NE_0001";"NE_0001";"NE_0001";"NE_0001";"NE_0001";"NE_0001";"NE_0001"
"2023";"12";"080902";"CUSCO";"LA CONVENCION";"ECHARATE";"GOBIERNO REGIONAL";"I-1";"00002438";"PACHIRI";"NE_0001";"";"NE_0001";"NE_0001";"NE_0001";"NE_0001";"NE_0001";"NE_0001";"NE_0001"
"2023";"12";"080909";"CUSCO";"LA CONVENCION";"VILCABAMBA";"GOBIERNO REGIONAL";"I-1";"00006976";"CHONTABAMBA";"NE_0001";"";"NE_0001";"NE_0001";"NE_0001";"NE_0001";"NE_0001";"NE_0001";"NE_0001"
"2023";"12";"080902";"CUSCO";"LA CONVENCION";"ECHARATE";"GOBIERNO REGIONAL";"I-2";"00002447";"KAMANQUIRIATO";"NE_0001";"";"NE_0001";"NE_0001";"NE_0001";"NE_0001";"NE_0001";"NE_0001";"NE_0001"
"2023";"12";"080902";"CUSCO";"LA CONVENCION";"ECHARATE";"GOBIERNO REGIONAL";"I-1";"00013069";"PUGUIENTIMARI";"NE_0001";"";"NE_0001";"NE_0001";"NE_0001";"NE_0001";"NE_0001";"NE_0001";"NE_0001"
"2023";"12";"080902";"CUSCO";"LA CONVENCION";"ECHARATE";"GOBIERNO REGIONAL";"I-1";"00002451";"CHAHUARES";"NE_0001";"";"NE_0001";"NE_0001";"NE_0001";"NE_0001";"NE_0001";"NE_0001";"NE_0001"
"2023";"06";"100501";"HUANUCO";"HUAMALIES";"LLATA";"GOBIERNO REGIONAL";"I-2";"00000890";"LIBERTAD";"NE_0001";"";"NE_0001";"NE_0001";"NE_0001";"NE_0001";"NE_0001";"NE_0001";"NE_0001"
"2023";"11";"060803";"CAJAMARCA";"JAEN";"CHONTALI";"GOBIERNO REGIONAL";"I-3";"00004232";"CHONTALI";"NE_0001";"";"NE_0001";"NE_0001";"NE_0001";"NE_0001";"NE_0001";"NE_0001";"NE_0001"
"2023";"11";"060803";"CAJAMARCA";"JAEN";"CHONTALI";"GOBIERNO REGIONAL";"I-1";"00004235";"TABACAL CHONTALI";"NE_0001";"";"NE_0001";"NE_0001";"NE_0001";"NE_0001";"NE_0001";"NE_0001";"NE_0001"
"2023";"11";"060803";"CAJAMARCA";"JAEN";"CHONTALI";"GOBIERNO REGIONAL";"I-2";"00004234";"HUALATAN";"NE_0001";"";"NE_0001";"NE_0001";"NE_0001";"NE_0001";"NE_0001";"NE_0001";"NE_0001"
"2023";"11";"060803";"CAJAMARCA";"JAEN";"CHONTALI";"GOBIERNO REGIONAL";"I-2";"00004233";"PACHAPIRIANA";"NE_0001";"";"NE_0001";"NE_0001";"NE_0001";"NE_0001";"NE_0001";"NE_0001";"NE_0001"
"2023";"11";"150136";"LIMA";"LIMA";"SAN MIGUEL";"PRIVADO";"II-2";"00014501";"CLINICA SAN GABRIEL S.A.C.";"250105";"UNIDAD DE CUIDADOS CRITICOS UNIDAD  DE CUIDADOS INTENSIVOS  (UCI) NEONATOLOGÍA";"4";"3";"18";"24";"6";"180";"0"
"2023";"11";"150136";"LIMA";"LIMA";"SAN MIGUEL";"PRIVADO";"II-2";"00014501";"CLINICA SAN GABRIEL S.A.C.";"250100";"UNIDAD DE CUIDADOS CRITICOS UNIDAD  DE CUIDADOS INTENSIVOS GENERALES (UCI) ";"71";"65";"229";"262";"12";"360";"6"
"2023";"11";"150136";"LIMA";"LIMA";"SAN MIGUEL";"PRIVADO";"II-2";"00014501";"CLINICA SAN GABRIEL S.A.C.";"240000";"HOSPITALIZACIÓN";"772";"766";"2160";"2600";"87";"2610";"1"
"2023";"11";"200601";"PIURA";"SULLANA";"SULLANA";"PRIVADO";"II-1";"00016148";"CLINICA OLGUIN";"240100";"HOSPITALIZACIÓN QUIRÚRGICA CIRUGÍA GENERAL ";"0";"175";"216";"210";"14";"423";"0"
"2023";"11";"200601";"PIURA";"SULLANA";"SULLANA";"PRIVADO";"II-1";"00016148";"CLINICA OLGUIN";"241400";"HOSPITALIZACIÓN QUIRÚRGICA GINECO - OBSTETRICIA ";"0";"140";"182";"124";"14";"417";"0"
"2023";"11";"051011";"AYACUCHO";"VICTOR FAJARDO";"SARHUA";"GOBIERNO REGIONAL";"I-1";"00003505";"TOMANGA";"NE_0001";"";"NE_0001";"NE_0001";"NE_0001";"NE_0001";"NE_0001";"NE_0001";"NE_0001"
"2023";"11";"051011";"AYACUCHO";"VICTOR FAJARDO";"SARHUA";"GOBIERNO REGIONAL";"I-1";"00003500";"PUESTO DE SALUD CHUQUI HUARCAYA";"NE_0001";"";"NE_0001";"NE_0001";"NE_0001";"NE_0001";"NE_0001";"NE_0001";"NE_0001"
"2023";"11";"050202";"AYACUCHO";"CANGALLO";"CHUSCHI";"GOBIERNO REGIONAL";"I-1";"00003504";"PUESTO DE SALUD CANCHA CANCHA";"NE_0001";"";"NE_0001";"NE_0001";"NE_0001";"NE_0001";"NE_0001";"NE_0001";"NE_0001"
"2023";"11";"050204";"AYACUCHO";"CANGALLO";"MARIA PARADO DE BELLIDO";"GOBIERNO REGIONAL";"I-3";"00003509";"CENTRO DE SALUD POMABAMBA";"240100";"HOSPITALIZACIÓN QUIRÚRGICA CIRUGÍA GENERAL ";"3";"3";"5";"1";"2";"3";"0"
"2023";"11";"050204";"AYACUCHO";"CANGALLO";"MARIA PARADO DE BELLIDO";"GOBIERNO REGIONAL";"I-3";"00003509";"CENTRO DE SALUD POMABAMBA";"241400";"HOSPITALIZACIÓN QUIRÚRGICA GINECO - OBSTETRICIA ";"4";"4";"7";"2";"4";"6";"0"
"2023";"11";"051011";"AYACUCHO";"VICTOR FAJARDO";"SARHUA";"GOBIERNO REGIONAL";"I-3";"00003512";"PUESTO DE SALUD SARHUA";"NE_0002";"";"NE_0002";"NE_0002";"NE_0002";"NE_0002";"NE_0002";"NE_0002";"NE_0002"
"2023";"11";"050202";"AYACUCHO";"CANGALLO";"CHUSCHI";"GOBIERNO REGIONAL";"I-1";"00003503";"PUESTO DE SALUD CHACOLLA";"NE_0001";"";"NE_0001";"NE_0001";"NE_0001";"NE_0001";"NE_0001";"NE_0001";"NE_0001"
"2023";"11";"051008";"AYACUCHO";"VICTOR FAJARDO";"HUAMANQUIQUIA";"GOBIERNO REGIONAL";"I-1";"00003832";"PUESTO DE SALUD PATARA";"NE_0001";"";"NE_0001";"NE_0001";"NE_0001";"NE_0001";"NE_0001";"NE_0001";"NE_0001"
"2023";"11";"051002";"AYACUCHO";"VICTOR FAJARDO";"ALCAMENCA";"GOBIERNO REGIONAL";"I-1";"00003510";"PUESTO DE SALUD CARAMPA";"NE_0001";"";"NE_0001";"NE_0001";"NE_0001";"NE_0001";"NE_0001";"NE_0001";"NE_0001"
"2023";"11";"051011";"AYACUCHO";"VICTOR FAJARDO";"SARHUA";"GOBIERNO REGIONAL";"I-1";"00003511";"PUESTO DE SALUD AUQUILLA";"NE_0001";"";"NE_0001";"NE_0001";"NE_0001";"NE_0001";"NE_0001";"NE_0001";"NE_0001"
"2023";"11";"051011";"AYACUCHO";"VICTOR FAJARDO";"SARHUA";"GOBIERNO REGIONAL";"I-1";"00003505";"TOMANGA";"NE_0001";"";"NE_0001";"NE_0001";"NE_0001";"NE_0001";"NE_0001";"NE_0001";"NE_0001"
"2023";"11";"051011";"AYACUCHO";"VICTOR FAJARDO";"SARHUA";"GOBIERNO REGIONAL";"I-1";"00003500";"PUESTO DE SALUD CHUQUI HUARCAYA";"NE_0001";"";"NE_0001";"NE_0001";"NE_0001";"NE_0001";"NE_0001";"NE_0001";"NE_0001"
"2023";"11";"050202";"AYACUCHO";"CANGALLO";"CHUSCHI";"GOBIERNO REGIONAL";"I-3";"00003502";"CENTRO DE SALUD CHUSCHI";"241400";"HOSPITALIZACIÓN QUIRÚRGICA GINECO - OBSTETRICIA ";"3";"3";"9";"1";"3";"4";"0"
"2023";"11";"050202";"AYACUCHO";"CANGALLO";"CHUSCHI";"GOBIERNO REGIONAL";"I-3";"00003502";"CENTRO DE SALUD CHUSCHI";"241500";"HOSPITALIZACIÓN QUIRÚRGICA GINECOLOGÍA  ";"1";"1";"1";"3";"3";"5";"0"
"2023";"11";"050202";"AYACUCHO";"CANGALLO";"CHUSCHI";"GOBIERNO REGIONAL";"I-1";"00003504";"PUESTO DE SALUD CANCHA CANCHA";"NE_0001";"";"NE_0001";"NE_0001";"NE_0001";"NE_0001";"NE_0001";"NE_0001";"NE_0001"
"2023";"11";"050204";"AYACUCHO";"CANGALLO";"MARIA PARADO DE BELLIDO";"GOBIERNO REGIONAL";"I-3";"00003509";"CENTRO DE SALUD POMABAMBA";"240100";"HOSPITALIZACIÓN QUIRÚRGICA CIRUGÍA GENERAL ";"3";"3";"5";"1";"2";"3";"0"
"2023";"11";"050204";"AYACUCHO";"CANGALLO";"MARIA PARADO DE BELLIDO";"GOBIERNO REGIONAL";"I-3";"00003509";"CENTRO DE SALUD POMABAMBA";"241400";"HOSPITALIZACIÓN QUIRÚRGICA GINECO - OBSTETRICIA ";"4";"4";"7";"2";"4";"6";"0"
"2023";"11";"051011";"AYACUCHO";"VICTOR FAJARDO";"SARHUA";"GOBIERNO REGIONAL";"I-3";"00003512";"PUESTO DE SALUD SARHUA";"NE_0002";"";"NE_0002";"NE_0002";"NE_0002";"NE_0002";"NE_0002";"NE_0002";"NE_0002"
"2023";"11";"050202";"AYACUCHO";"CANGALLO";"CHUSCHI";"GOBIERNO REGIONAL";"I-1";"00003503";"PUESTO DE SALUD CHACOLLA";"NE_0001";"";"NE_0001";"NE_0001";"NE_0001";"NE_0001";"NE_0001";"NE_0001";"NE_0001"
"2023";"11";"051008";"AYACUCHO";"VICTOR FAJARDO";"HUAMANQUIQUIA";"GOBIERNO REGIONAL";"I-1";"00003832";"PUESTO DE SALUD PATARA";"NE_0001";"";"NE_0001";"NE_0001";"NE_0001";"NE_0001";"NE_0001";"NE_0001";"NE_0001"
"2023";"11";"051002";"AYACUCHO";"VICTOR FAJARDO";"ALCAMENCA";"GOBIERNO REGIONAL";"I-1";"00003510";"PUESTO DE SALUD CARAMPA";"NE_0001";"";"NE_0001";"NE_0001";"NE_0001";"NE_0001";"NE_0001";"NE_0001";"NE_0001"
"2023";"11";"051011";"AYACUCHO";"VICTOR FAJARDO";"SARHUA";"GOBIERNO REGIONAL";"I-1";"00003511";"PUESTO DE SALUD AUQUILLA";"NE_0001";"";"NE_0001";"NE_0001";"NE_0001";"NE_0001";"NE_0001";"NE_0001";"NE_0001"
"2023";"11";"080105";"CUSCO";"CUSCO";"SAN SEBASTIAN";"GOBIERNO REGIONAL";"II-E";"00025210";"TUPAC AMARU";"241800";"HOSPITALIZACIÓN DE MEDICINA MEDICINA GENERAL ";"33";"33";"109";"107";"9";"279";"0"
"2023";"11";"080105";"CUSCO";"CUSCO";"SAN SEBASTIAN";"GOBIERNO REGIONAL";"II-E";"00025210";"TUPAC AMARU";"243200";"HOSPITALIZACIÓN DE PEDIATRÍA PEDIATRIA NEONATOLOGÍA";"12";"14";"40";"36";"8";"248";"0"
"2023";"11";"080105";"CUSCO";"CUSCO";"SAN SEBASTIAN";"GOBIERNO REGIONAL";"II-E";"00025210";"TUPAC AMARU";"245400";"HOSPITALIZACIÓN DE MEDICINA GINECOLOGIA ";"58";"58";"114";"111";"12";"372";"0"
"2023";"11";"250105";"UCAYALI";"CORONEL PORTILLO";"YARINACOCHA";"GOBIERNO REGIONAL";"II-2";"00005577";"HOSPITAL AMAZONICO - YARINACOCHA";"241400";"HOSPITALIZACIÓN QUIRÚRGICA GINECO - OBSTETRICIA ";"325";"368";"898";"1260";"62";"1922";"0"
"2023";"11";"250105";"UCAYALI";"CORONEL PORTILLO";"YARINACOCHA";"GOBIERNO REGIONAL";"II-2";"00005577";"HOSPITAL AMAZONICO - YARINACOCHA";"242500";"HOSPITALIZACIÓN-PEDIATRÍA GENERAL-";"29";"38";"241";"248";"21";"651";"0"
"2023";"11";"250105";"UCAYALI";"CORONEL PORTILLO";"YARINACOCHA";"GOBIERNO REGIONAL";"II-2";"00005577";"HOSPITAL AMAZONICO - YARINACOCHA";"250105";"UNIDAD DE CUIDADOS CRITICOS UNIDAD  DE CUIDADOS INTENSIVOS  (UCI) NEONATOLOGÍA";"13";"6";"46";"49";"6";"186";"4"
"2023";"11";"250105";"UCAYALI";"CORONEL PORTILLO";"YARINACOCHA";"GOBIERNO REGIONAL";"II-2";"00005577";"HOSPITAL AMAZONICO - YARINACOCHA";"240100";"HOSPITALIZACIÓN QUIRÚRGICA CIRUGÍA GENERAL ";"105";"127";"689";"718";"26";"806";"0"
"2023";"11";"250105";"UCAYALI";"CORONEL PORTILLO";"YARINACOCHA";"GOBIERNO REGIONAL";"II-2";"00005577";"HOSPITAL AMAZONICO - YARINACOCHA";"241800";"HOSPITALIZACIÓN DE MEDICINA MEDICINA GENERAL ";"51";"70";"660";"685";"29";"899";"11"
"2023";"11";"250105";"UCAYALI";"CORONEL PORTILLO";"YARINACOCHA";"GOBIERNO REGIONAL";"II-2";"00005577";"HOSPITAL AMAZONICO - YARINACOCHA";"242200";"HOSPITALIZACIÓN DE MEDICINA PSIQUIATRÍA ";"2";"9";"181";"189";"9";"279";"0"
"2023";"11";"250105";"UCAYALI";"CORONEL PORTILLO";"YARINACOCHA";"GOBIERNO REGIONAL";"II-2";"00005577";"HOSPITAL AMAZONICO - YARINACOCHA";"243200";"HOSPITALIZACIÓN DE PEDIATRÍA PEDIATRIA NEONATOLOGÍA";"25";"42";"263";"304";"12";"372";"0"
"2023";"11";"250105";"UCAYALI";"CORONEL PORTILLO";"YARINACOCHA";"GOBIERNO REGIONAL";"II-2";"00005577";"HOSPITAL AMAZONICO - YARINACOCHA";"250103";"UNIDAD DE CUIDADOS CRITICOS UNIDAD  DE CUIDADOS INTENSIVOS GENERALES  (UCI) MEDICINA";"3";"4";"58";"60";"9";"279";"2"
"2023";"11";"250105";"UCAYALI";"CORONEL PORTILLO";"YARINACOCHA";"GOBIERNO REGIONAL";"II-2";"00005577";"HOSPITAL AMAZONICO - YARINACOCHA";"250302";"HOSPIT. EN UNIDAD DE CUID.INTEN.-UNIDAD DE VIGILANCIA INTENSIVA (UVI)-GINECO-OBSTETRICIA";"24";"2";"13";"15";"3";"93";"0"
"2023";"11";"021301";"ANCASH";"MARISCAL LUZURIAGA";"PISCOBAMBA";"GOBIERNO REGIONAL";"I-1";"00001784";"PUESTO DE SALUD SOCOSBAMBA";"NE_0002";"";"NE_0002";"NE_0002";"NE_0002";"NE_0002";"NE_0002";"NE_0002";"NE_0002"
"2023";"11";"021303";"ANCASH";"MARISCAL LUZURIAGA";"ELEAZAR GUZMAN BARRON";"GOBIERNO REGIONAL";"I-1";"00001786";"PUESTO DE SALUD PAMPACHACRA";"NE_0002";"";"NE_0002";"NE_0002";"NE_0002";"NE_0002";"NE_0002";"NE_0002";"NE_0002"
"2023";"11";"021303";"ANCASH";"MARISCAL LUZURIAGA";"ELEAZAR GUZMAN BARRON";"GOBIERNO REGIONAL";"I-1";"00001787";"PUESTO DE SALUD PUMPA";"NE_0002";"";"NE_0002";"NE_0002";"NE_0002";"NE_0002";"NE_0002";"NE_0002";"NE_0002"
"2023";"11";"021305";"ANCASH";"MARISCAL LUZURIAGA";"LLAMA";"GOBIERNO REGIONAL";"I-2";"00001788";"PUESTO DE SALUD LLAMA";"NE_0002";"";"NE_0002";"NE_0002";"NE_0002";"NE_0002";"NE_0002";"NE_0002";"NE_0002"
"2023";"11";"021304";"ANCASH";"MARISCAL LUZURIAGA";"FIDEL OLIVAS ESCUDERO";"GOBIERNO REGIONAL";"I-1";"00001793";"PUESTO DE SALUD SANASHGAN";"NE_0002";"";"NE_0002";"NE_0002";"NE_0002";"NE_0002";"NE_0002";"NE_0002";"NE_0002"
"2023";"11";"021308";"ANCASH";"MARISCAL LUZURIAGA";"MUSGA";"GOBIERNO REGIONAL";"I-1";"00001792";"PUESTO DE SALUD MUSGA";"NE_0002";"";"NE_0002";"NE_0002";"NE_0002";"NE_0002";"NE_0002";"NE_0002";"NE_0002"
"2023";"11";"021301";"ANCASH";"MARISCAL LUZURIAGA";"PISCOBAMBA";"GOBIERNO REGIONAL";"I-4";"00001783";"CENTRO DE SALUD PISCOBAMBA";"241600";"HOSPITALIZACIÓN QUIRÚRGICA OBSTETRICIA   ";"06";"06";"10";"10";"06";"180";"0"
"2023";"11";"021301";"ANCASH";"MARISCAL LUZURIAGA";"PISCOBAMBA";"GOBIERNO REGIONAL";"I-4";"00001783";"CENTRO DE SALUD PISCOBAMBA";"241800";"HOSPITALIZACIÓN DE MEDICINA MEDICINA GENERAL ";"1";"1";"2";"2";"1";"30";"0"
"2023";"11";"021304";"ANCASH";"MARISCAL LUZURIAGA";"FIDEL OLIVAS ESCUDERO";"GOBIERNO REGIONAL";"I-1";"00001794";"PUESTO DE SALUD PARCO";"NE_0002";"";"NE_0002";"NE_0002";"NE_0002";"NE_0002";"NE_0002";"NE_0002";"NE_0002"
"2023";"11";"021306";"ANCASH";"MARISCAL LUZURIAGA";"LLUMPA";"GOBIERNO REGIONAL";"I-2";"00001789";"PUESTO DE SALUD LLUMPA";"NE_0002";"";"NE_0002";"NE_0002";"NE_0002";"NE_0002";"NE_0002";"NE_0002";"NE_0002"
"2023";"11";"150131";"LIMA";"LIMA";"SAN ISIDRO";"PRIVADO";"II-E";"00027320";"CLINICA AUNA GUARDIA CIVIL";"240000";"HOSPITALIZACIÓN";"113";"112";"345";"372";"27";"810";"5"
"2023";"11";"150131";"LIMA";"LIMA";"SAN ISIDRO";"PRIVADO";"II-E";"00027320";"CLINICA AUNA GUARDIA CIVIL";"250100";"UNIDAD DE CUIDADOS CRITICOS UNIDAD  DE CUIDADOS INTENSIVOS GENERALES (UCI) ";"0";"0";"0";"6";"15";"450";"0"
"2023";"11";"130901";"LA LIBERTAD";"SANCHEZ CARRION";"HUAMACHUCO";"GOBIERNO REGIONAL";"I-1";"00029010";"PALLAR ALTO";"NE_0001";"";"NE_0001";"NE_0001";"NE_0001";"NE_0001";"NE_0001";"NE_0001";"NE_0001"
"2023";"11";"130901";"LA LIBERTAD";"SANCHEZ CARRION";"HUAMACHUCO";"GOBIERNO REGIONAL";"I-1";"00018123";"EL OLIVO";"NE_0001";"";"NE_0001";"NE_0001";"NE_0001";"NE_0001";"NE_0001";"NE_0001";"NE_0001"
"2023";"11";"150108";"LIMA";"LIMA";"CHORRILLOS";"SANIDAD DEL EJERCITO DEL PERU";"II-E";"00010098";"HOSPITAL MILITAR GERIATRICO";"240000";"HOSPITALIZACIÓN";"48";"43";"273";"294";"15";"450";"0"
"2023";"04";"030201";"APURIMAC";"ANDAHUAYLAS";"ANDAHUAYLAS";"PRIVADO";"II-E";"00014403";"CLINICA DEL NIÑO ANDAHUAYLAS";"NE_0001";"";"NE_0001";"NE_0001";"NE_0001";"NE_0001";"NE_0001";"NE_0001";"NE_0001"
"2023";"11";"130702";"LA LIBERTAD";"PACASMAYO";"GUADALUPE";"GOBIERNO REGIONAL";"II-1";"00005292";"HOSPITAL DE APOYO TOMAS LAFORA";"241800";"HOSPITALIZACIÓN DE MEDICINA MEDICINA GENERAL ";"29";"31";"154";"129";"14";"420";"0"
"2023";"11";"130702";"LA LIBERTAD";"PACASMAYO";"GUADALUPE";"GOBIERNO REGIONAL";"II-1";"00005292";"HOSPITAL DE APOYO TOMAS LAFORA";"240100";"HOSPITALIZACIÓN QUIRÚRGICA CIRUGÍA GENERAL ";"26";"28";"93";"87";"12";"360";"0"
"2023";"11";"130702";"LA LIBERTAD";"PACASMAYO";"GUADALUPE";"GOBIERNO REGIONAL";"II-1";"00005292";"HOSPITAL DE APOYO TOMAS LAFORA";"242300";"HOSPITALIZACIÓN DE PEDIATRÍA  PEDIATRÍA  GENERAL ";"7";"8";"37";"31";"4";"120";"0"
"2023";"11";"130702";"LA LIBERTAD";"PACASMAYO";"GUADALUPE";"GOBIERNO REGIONAL";"II-1";"00005292";"HOSPITAL DE APOYO TOMAS LAFORA";"243200";"HOSPITALIZACIÓN DE PEDIATRÍA PEDIATRIA NEONATOLOGÍA";"3";"4";"8";"7";"4";"120";"0"
"2023";"11";"130702";"LA LIBERTAD";"PACASMAYO";"GUADALUPE";"GOBIERNO REGIONAL";"II-1";"00005292";"HOSPITAL DE APOYO TOMAS LAFORA";"241600";"HOSPITALIZACIÓN QUIRÚRGICA OBSTETRICIA   ";"77";"77";"160";"164";"14";"420";"0"
"2023";"11";"130702";"LA LIBERTAD";"PACASMAYO";"GUADALUPE";"GOBIERNO REGIONAL";"II-1";"00005292";"HOSPITAL DE APOYO TOMAS LAFORA";"241500";"HOSPITALIZACIÓN QUIRÚRGICA GINECOLOGÍA  ";"34";"32";"49";"49";"3";"90";"0"
"2023";"11";"100108";"HUANUCO";"HUANUCO";"SAN PEDRO DE CHAULAN";"GOBIERNO REGIONAL";"I-1";"00000796";"SAN JOSE DE COZO TINGO";"NE_0001";"";"NE_0001";"NE_0001";"NE_0001";"NE_0001";"NE_0001";"NE_0001";"NE_0001"
"2023";"11";"100108";"HUANUCO";"HUANUCO";"SAN PEDRO DE CHAULAN";"GOBIERNO REGIONAL";"I-3";"00000794";"CHAULAN";"NE_0001";"";"NE_0001";"NE_0001";"NE_0001";"NE_0001";"NE_0001";"NE_0001";"NE_0001"
"2023";"11";"100108";"HUANUCO";"HUANUCO";"SAN PEDRO DE CHAULAN";"GOBIERNO REGIONAL";"I-2";"00000789";"SAN JUAN DE LIBERTAD";"NE_0001";"";"NE_0001";"NE_0001";"NE_0001";"NE_0001";"NE_0001";"NE_0001";"NE_0001"
"2023";"09";"250102";"UCAYALI";"CORONEL PORTILLO";"CAMPOVERDE";"GOBIERNO REGIONAL";"I-1";"00007080";"YERBAS BUENAS";"NE_0001";"";"NE_0001";"NE_0001";"NE_0001";"NE_0001";"NE_0001";"NE_0001";"NE_0001"
"2023";"09";"250102";"UCAYALI";"CORONEL PORTILLO";"CAMPOVERDE";"GOBIERNO REGIONAL";"I-1";"00005441";"SEÑOR DE LOS MILAGROS KM 24";"NE_0001";"";"NE_0001";"NE_0001";"NE_0001";"NE_0001";"NE_0001";"NE_0001";"NE_0001"
"2023";"09";"250102";"UCAYALI";"CORONEL PORTILLO";"CAMPOVERDE";"GOBIERNO REGIONAL";"I-1";"00005440";"LOS PINOS";"NE_0001";"";"NE_0001";"NE_0001";"NE_0001";"NE_0001";"NE_0001";"NE_0001";"NE_0001"
"2023";"09";"250102";"UCAYALI";"CORONEL PORTILLO";"CAMPOVERDE";"GOBIERNO REGIONAL";"I-1";"00005439";"SAN PEDRO KM 47";"NE_0001";"";"NE_0001";"NE_0001";"NE_0001";"NE_0001";"NE_0001";"NE_0001";"NE_0001"
"2023";"09";"250102";"UCAYALI";"CORONEL PORTILLO";"CAMPOVERDE";"GOBIERNO REGIONAL";"I-1";"00005437";"ANTONIO RAYMONDI";"NE_0001";"";"NE_0001";"NE_0001";"NE_0001";"NE_0001";"NE_0001";"NE_0001";"NE_0001"
"2023";"09";"250102";"UCAYALI";"CORONEL PORTILLO";"CAMPOVERDE";"GOBIERNO REGIONAL";"I-1";"00005436";"LA VICTORIA";"NE_0001";"";"NE_0001";"NE_0001";"NE_0001";"NE_0001";"NE_0001";"NE_0001";"NE_0001"
"2023";"09";"250102";"UCAYALI";"CORONEL PORTILLO";"CAMPOVERDE";"GOBIERNO REGIONAL";"I-1";"00005435";"EL PORVENIR KM 25";"NE_0001";"";"NE_0001";"NE_0001";"NE_0001";"NE_0001";"NE_0001";"NE_0001";"NE_0001"
"2023";"09";"250102";"UCAYALI";"CORONEL PORTILLO";"CAMPOVERDE";"GOBIERNO REGIONAL";"I-1";"00005434";"PUESTO DE SALUD  ALTO MANANTAY";"NE_0001";"";"NE_0001";"NE_0001";"NE_0001";"NE_0001";"NE_0001";"NE_0001";"NE_0001"
"2023";"09";"250102";"UCAYALI";"CORONEL PORTILLO";"CAMPOVERDE";"GOBIERNO REGIONAL";"I-1";"00005433";"P.S  LAS MERCEDES KM. 42";"NE_0001";"";"NE_0001";"NE_0001";"NE_0001";"NE_0001";"NE_0001";"NE_0001";"NE_0001"
"2023";"09";"250102";"UCAYALI";"CORONEL PORTILLO";"CAMPOVERDE";"GOBIERNO REGIONAL";"I-1";"00005430";"SAN JOSE KM 26";"NE_0001";"";"NE_0001";"NE_0001";"NE_0001";"NE_0001";"NE_0001";"NE_0001";"NE_0001"
"2023";"09";"250102";"UCAYALI";"CORONEL PORTILLO";"CAMPOVERDE";"GOBIERNO REGIONAL";"I-1";"00005429";"AGUA BLANCA";"NE_0001";"";"NE_0001";"NE_0001";"NE_0001";"NE_0001";"NE_0001";"NE_0001";"NE_0001"
"2023";"09";"250102";"UCAYALI";"CORONEL PORTILLO";"CAMPOVERDE";"GOBIERNO REGIONAL";"I-1";"00005428";"SAN MARTIN DE MOJARAL";"NE_0001";"";"NE_0001";"NE_0001";"NE_0001";"NE_0001";"NE_0001";"NE_0001";"NE_0001"
"2023";"09";"250102";"UCAYALI";"CORONEL PORTILLO";"CAMPOVERDE";"GOBIERNO REGIONAL";"I-1";"00005427";"PUEBLO LIBRE";"NE_0001";"";"NE_0001";"NE_0001";"NE_0001";"NE_0001";"NE_0001";"NE_0001";"NE_0001"
"2023";"09";"250102";"UCAYALI";"CORONEL PORTILLO";"CAMPOVERDE";"GOBIERNO REGIONAL";"I-3";"00005426";"CAMPO VERDE";"NE_0001";"";"NE_0001";"NE_0001";"NE_0001";"NE_0001";"NE_0001";"NE_0001";"NE_0001"
"2023";"12";"150130";"LIMA";"LIMA";"SAN BORJA";"PRIVADO";"II-1";"00008258";"REJUVENECIMIENTO Y ESTETICA CABANI SRL";"240800";"HOSPITALIZACIÓN QUIRÚRGICA CIRUGÍA PLÁSTICA/RECONSTRUCTIVA/ REPARADORA ";"24";"24";"15";"39";"6";"186";"0"
"2023";"12";"051009";"AYACUCHO";"VICTOR FAJARDO";"HUANCARAYLLA";"GOBIERNO REGIONAL";"I-1";"00003837";"PUESTO DE SALUD CIRCAMARCA";"NE_0001";"";"NE_0001";"NE_0001";"NE_0001";"NE_0001";"NE_0001";"NE_0001";"NE_0001"
"2023";"12";"051010";"AYACUCHO";"VICTOR FAJARDO";"HUALLA";"GOBIERNO REGIONAL";"I-3";"00003829";"CENTRO DE SALUD HUALLA";"241600";"HOSPITALIZACIÓN QUIRÚRGICA OBSTETRICIA   ";"1";"1";"2";"1";"1";"4";"0"
"2023";"09";"250301";"UCAYALI";"PADRE ABAD";"PADRE ABAD";"GOBIERNO REGIONAL";"I-1";"00030640";"PUESTO DE SALUD YAMINO";"NE_0002";"";"NE_0002";"NE_0002";"NE_0002";"NE_0002";"NE_0002";"NE_0002";"NE_0002"
"2023";"09";"250301";"UCAYALI";"PADRE ABAD";"PADRE ABAD";"GOBIERNO REGIONAL";"I-1";"00030639";"PUESTO DE SALUD VALLE DE SION";"NE_0002";"";"NE_0002";"NE_0002";"NE_0002";"NE_0002";"NE_0002";"NE_0002";"NE_0002"
"2023";"09";"250301";"UCAYALI";"PADRE ABAD";"PADRE ABAD";"GOBIERNO REGIONAL";"I-1";"00030638";"PUESTO DE SALUD LOS OLIVOS";"NE_0002";"";"NE_0002";"NE_0002";"NE_0002";"NE_0002";"NE_0002";"NE_0002";"NE_0002"
"2023";"09";"250301";"UCAYALI";"PADRE ABAD";"PADRE ABAD";"GOBIERNO REGIONAL";"I-1";"00019070";"NUEVA CHONTA";"NE_0001";"";"NE_0001";"NE_0001";"NE_0001";"NE_0001";"NE_0001";"NE_0001";"NE_0001"
"2023";"09";"250301";"UCAYALI";"PADRE ABAD";"PADRE ABAD";"GOBIERNO REGIONAL";"I-2";"00006802";"SHAMBILLO";"NE_0001";"";"NE_0001";"NE_0001";"NE_0001";"NE_0001";"NE_0001";"NE_0001";"NE_0001"
"2023";"09";"250301";"UCAYALI";"PADRE ABAD";"PADRE ABAD";"GOBIERNO REGIONAL";"I-2";"00005411";"SANTA ROSA DE AGUAYTIA";"NE_0001";"";"NE_0001";"NE_0001";"NE_0001";"NE_0001";"NE_0001";"NE_0001";"NE_0001"
"2023";"09";"250301";"UCAYALI";"PADRE ABAD";"PADRE ABAD";"GOBIERNO REGIONAL";"I-1";"00005410";"SANTA ANA";"NE_0001";"";"NE_0001";"NE_0001";"NE_0001";"NE_0001";"NE_0001";"NE_0001";"NE_0001"
"2023";"09";"250301";"UCAYALI";"PADRE ABAD";"PADRE ABAD";"GOBIERNO REGIONAL";"I-2";"00005407";"COMUNIDAD NATIVA DE PUERTO AZUL";"NE_0001";"";"NE_0001";"NE_0001";"NE_0001";"NE_0001";"NE_0001";"NE_0001";"NE_0001"
"2023";"09";"250301";"UCAYALI";"PADRE ABAD";"PADRE ABAD";"GOBIERNO REGIONAL";"I-2";"00005406";"PREVISTO";"NE_0001";"";"NE_0001";"NE_0001";"NE_0001";"NE_0001";"NE_0001";"NE_0001";"NE_0001"
"2023";"09";"250301";"UCAYALI";"PADRE ABAD";"PADRE ABAD";"GOBIERNO REGIONAL";"I-1";"00005403";"MIGUEL GRAU SEMINARIO";"NE_0001";"";"NE_0001";"NE_0001";"NE_0001";"NE_0001";"NE_0001";"NE_0001";"NE_0001"
"2023";"09";"250301";"UCAYALI";"PADRE ABAD";"PADRE ABAD";"GOBIERNO REGIONAL";"I-2";"00005400";"HUIPOCA";"NE_0001";"";"NE_0001";"NE_0001";"NE_0001";"NE_0001";"NE_0001";"NE_0001";"NE_0001"
"2023";"09";"250301";"UCAYALI";"PADRE ABAD";"PADRE ABAD";"GOBIERNO REGIONAL";"I-2";"00005399";"BOQUERON";"NE_0001";"";"NE_0001";"NE_0001";"NE_0001";"NE_0001";"NE_0001";"NE_0001";"NE_0001"
"2023";"09";"250301";"UCAYALI";"PADRE ABAD";"PADRE ABAD";"GOBIERNO REGIONAL";"I-1";"00005398";"ALTO AGUAYTIA.";"NE_0001";"";"NE_0001";"NE_0001";"NE_0001";"NE_0001";"NE_0001";"NE_0001";"NE_0001"
"2023";"09";"250301";"UCAYALI";"PADRE ABAD";"PADRE ABAD";"GOBIERNO REGIONAL";"I-1";"00005397";"3 DE OCTUBRE";"NE_0001";"";"NE_0001";"NE_0001";"NE_0001";"NE_0001";"NE_0001";"NE_0001";"NE_0001"
"2023";"09";"250301";"UCAYALI";"PADRE ABAD";"PADRE ABAD";"GOBIERNO REGIONAL";"I-4";"00005395";"AGUAYTIA";"NE_0002";"";"NE_0002";"NE_0002";"NE_0002";"NE_0002";"NE_0002";"NE_0002";"NE_0002"
"2023";"12";"150801";"LIMA";"HUAURA";"HUACHO";"GOBIERNO REGIONAL";"II-2";"00007639";"HOSPITAL GENERAL DE HUACHO";"240100";"HOSPITALIZACIÓN QUIRÚRGICA CIRUGÍA GENERAL ";"107";"135";"798";"746";"40";"1240";"0"
"2023";"12";"150801";"LIMA";"HUAURA";"HUACHO";"GOBIERNO REGIONAL";"II-2";"00007639";"HOSPITAL GENERAL DE HUACHO";"241500";"HOSPITALIZACIÓN QUIRÚRGICA GINECOLOGÍA  ";"34";"37";"131";"151";"8";"248";"0"
"2023";"12";"150801";"LIMA";"HUAURA";"HUACHO";"GOBIERNO REGIONAL";"II-2";"00007639";"HOSPITAL GENERAL DE HUACHO";"241600";"HOSPITALIZACIÓN QUIRÚRGICA OBSTETRICIA   ";"245";"262";"554";"444";"30";"930";"0"
"2023";"12";"150801";"LIMA";"HUAURA";"HUACHO";"GOBIERNO REGIONAL";"II-2";"00007639";"HOSPITAL GENERAL DE HUACHO";"241800";"HOSPITALIZACIÓN DE MEDICINA MEDICINA GENERAL ";"115";"143";"916";"811";"38";"1178";"4"
"2023";"12";"150801";"LIMA";"HUAURA";"HUACHO";"GOBIERNO REGIONAL";"II-2";"00007639";"HOSPITAL GENERAL DE HUACHO";"242500";"HOSPITALIZACIÓN-PEDIATRÍA GENERAL-";"38";"42";"204";"187";"28";"868";"0"
"2023";"12";"150801";"LIMA";"HUAURA";"HUACHO";"GOBIERNO REGIONAL";"II-2";"00007639";"HOSPITAL GENERAL DE HUACHO";"243200";"HOSPITALIZACIÓN DE PEDIATRÍA PEDIATRIA NEONATOLOGÍA";"18";"19";"71";"75";"11";"341";"0"
"2023";"12";"150801";"LIMA";"HUAURA";"HUACHO";"GOBIERNO REGIONAL";"II-2";"00007639";"HOSPITAL GENERAL DE HUACHO";"250103";"UNIDAD DE CUIDADOS CRITICOS UNIDAD  DE CUIDADOS INTENSIVOS GENERALES  (UCI) MEDICINA";"19";"25";"223";"212";"10";"310";"9"
"2023";"12";"150801";"LIMA";"HUAURA";"HUACHO";"GOBIERNO REGIONAL";"II-2";"00007639";"HOSPITAL GENERAL DE HUACHO";"250105";"UNIDAD DE CUIDADOS CRITICOS UNIDAD  DE CUIDADOS INTENSIVOS  (UCI) NEONATOLOGÍA";"7";"8";"23";"33";"4";"124";"0"
"2023";"12";"120708";"JUNIN";"TARMA";"SAN PEDRO DE CAJAS";"GOBIERNO REGIONAL";"I-1";"00000535";"SAN JOSE DE CAYASH";"NE_0001";"";"NE_0001";"NE_0001";"NE_0001";"NE_0001";"NE_0001";"NE_0001";"NE_0001"
"2023";"12";"040101";"AREQUIPA";"AREQUIPA";"AREQUIPA";"PRIVADO";"II-E";"00016486";"CLÍNICA DE OJOS Y LA VISTA FUNDAR E.I.R.L.";"NE_0001";"";"NE_0001";"NE_0001";"NE_0001";"NE_0001";"NE_0001";"NE_0001";"NE_0001"
"2023";"12";"020105";"ANCASH";"HUARAZ";"INDEPENDENCIA";"GOBIERNO REGIONAL";"I-1";"00001573";"PUESTO DE SALUD PARIA";"NE_0001";"";"NE_0001";"NE_0001";"NE_0001";"NE_0001";"NE_0001";"NE_0001";"NE_0001"
"2023";"12";"020105";"ANCASH";"HUARAZ";"INDEPENDENCIA";"GOBIERNO REGIONAL";"I-1";"00001575";"PUESTO DE SALUD CHONTAYOC";"NE_0001";"";"NE_0001";"NE_0001";"NE_0001";"NE_0001";"NE_0001";"NE_0001";"NE_0001"
"2023";"12";"021402";"ANCASH";"OCROS";"ACAS";"GOBIERNO REGIONAL";"0";"00001756";"ACAS";"NE_0001";"";"NE_0001";"NE_0001";"NE_0001";"NE_0001";"NE_0001";"NE_0001";"NE_0001"
"2023";"12";"021403";"ANCASH";"OCROS";"CAJAMARQUILLA";"GOBIERNO REGIONAL";"I-1";"00001757";"PUESTO DE SALUD CAJAMARQUILLA";"NE_0001";"";"NE_0001";"NE_0001";"NE_0001";"NE_0001";"NE_0001";"NE_0001";"NE_0001"
"2023";"12";"021410";"ANCASH";"OCROS";"SANTIAGO DE CHILCAS";"GOBIERNO REGIONAL";"I-1";"00001764";"PUESTO DE SALUD CHILCAS";"NE_0001";"";"NE_0001";"NE_0001";"NE_0001";"NE_0001";"NE_0001";"NE_0001";"NE_0001"
"2023";"12";"020606";"ANCASH";"CARHUAZ";"MARCARA";"GOBIERNO REGIONAL";"I-1";"00006636";"COPA GRANDE";"NE_0001";"";"NE_0001";"NE_0001";"NE_0001";"NE_0001";"NE_0001";"NE_0001";"NE_0001"
"2023";"12";"040410";"AREQUIPA";"CASTILLA";"PAMPACOLCA";"GOBIERNO REGIONAL";"I-3";"00001385";"CENTRO DE SALUD PAMPACOLCA";"NE_0001";"";"NE_0001";"NE_0001";"NE_0001";"NE_0001";"NE_0001";"NE_0001";"NE_0001"
"2023";"12";"040410";"AREQUIPA";"CASTILLA";"PAMPACOLCA";"GOBIERNO REGIONAL";"I-2";"00001398";"PUESTO DE SALUD SAN ANTONIO";"NE_0001";"";"NE_0001";"NE_0001";"NE_0001";"NE_0001";"NE_0001";"NE_0001";"NE_0001"
"2023";"12";"040410";"AREQUIPA";"CASTILLA";"PAMPACOLCA";"GOBIERNO REGIONAL";"I-1";"00001399";"PUESTO DE SALUD PISCOPAMPA";"NE_0001";"";"NE_0001";"NE_0001";"NE_0001";"NE_0001";"NE_0001";"NE_0001";"NE_0001"
"2023";"12";"100401";"HUANUCO";"HUACAYBAMBA";"HUACAYBAMBA";"GOBIERNO REGIONAL";"I-2";"00000880";"QUICHIRRAGRA";"NE_0001";"";"NE_0001";"NE_0001";"NE_0001";"NE_0001";"NE_0001";"NE_0001";"NE_0001"
"2023";"12";"100401";"HUANUCO";"HUACAYBAMBA";"HUACAYBAMBA";"GOBIERNO REGIONAL";"I-3";"00000877";"CENTRO DE SALUD DE HUACAYBAMBA";"NE_0001";"";"NE_0001";"NE_0001";"NE_0001";"NE_0001";"NE_0001";"NE_0001";"NE_0001"
"2023";"12";"100401";"HUANUCO";"HUACAYBAMBA";"HUACAYBAMBA";"GOBIERNO REGIONAL";"I-1";"00000881";"PUESTO DE SALUD DE RONDOBAMBA";"NE_0001";"";"NE_0001";"NE_0001";"NE_0001";"NE_0001";"NE_0001";"NE_0001";"NE_0001"
"2023";"12";"100403";"HUANUCO";"HUACAYBAMBA";"COCHABAMBA";"GOBIERNO REGIONAL";"I-1";"00000882";"SANTA ANA PIRUSHTO";"NE_0001";"";"NE_0001";"NE_0001";"NE_0001";"NE_0001";"NE_0001";"NE_0001";"NE_0001"
"2023";"12";"100403";"HUANUCO";"HUACAYBAMBA";"COCHABAMBA";"GOBIERNO REGIONAL";"I-1";"00000879";"COCHABAMBA";"NE_0001";"";"NE_0001";"NE_0001";"NE_0001";"NE_0001";"NE_0001";"NE_0001";"NE_0001"
"2023";"12";"080907";"CUSCO";"LA CONVENCION";"KIMBIRI";"GOBIERNO REGIONAL";"I-2";"00002470";"CHIRUMPIARI";"NE_0001";"";"NE_0001";"NE_0001";"NE_0001";"NE_0001";"NE_0001";"NE_0001";"NE_0001"
"2023";"12";"080913";"CUSCO";"LA CONVENCION";"VILLA KINTIARINA";"GOBIERNO REGIONAL";"I-2";"00008283";"PUEBLO LIBRE";"NE_0001";"";"NE_0001";"NE_0001";"NE_0001";"NE_0001";"NE_0001";"NE_0001";"NE_0001"
"2023";"12";"080907";"CUSCO";"LA CONVENCION";"KIMBIRI";"GOBIERNO REGIONAL";"I-3";"00002471";"LOBO TAHUANTINSUYO";"NE_0001";"";"NE_0001";"NE_0001";"NE_0001";"NE_0001";"NE_0001";"NE_0001";"NE_0001"
"2023";"12";"100508";"HUANUCO";"HUAMALIES";"PUNCHAO";"GOBIERNO REGIONAL";"I-2";"00000901";"PUNCHAO";"NE_0001";"";"NE_0001";"NE_0001";"NE_0001";"NE_0001";"NE_0001";"NE_0001";"NE_0001"
"2023";"09";"250304";"UCAYALI";"PADRE ABAD";"NESHUYA";"GOBIERNO REGIONAL";"I-1";"00030508";"PUESTO DE SALUD NOLBERTH DE ALTO ARUYA";"NE_0001";"";"NE_0001";"NE_0001";"NE_0001";"NE_0001";"NE_0001";"NE_0001";"NE_0001"
"2023";"09";"250304";"UCAYALI";"PADRE ABAD";"NESHUYA";"GOBIERNO REGIONAL";"I-1";"00030507";"PUESTO DE SALUD MAR DE PLATA";"NE_0001";"";"NE_0001";"NE_0001";"NE_0001";"NE_0001";"NE_0001";"NE_0001";"NE_0001"
"2023";"09";"250304";"UCAYALI";"PADRE ABAD";"NESHUYA";"GOBIERNO REGIONAL";"I-1";"00021850";"VIRGEN DEL CARMEN";"NE_0001";"";"NE_0001";"NE_0001";"NE_0001";"NE_0001";"NE_0001";"NE_0001";"NE_0001"
"2023";"09";"250304";"UCAYALI";"PADRE ABAD";"NESHUYA";"GOBIERNO REGIONAL";"I-1";"00007461";"SANTA ROSA DE GUINEA";"NE_0001";"";"NE_0001";"NE_0001";"NE_0001";"NE_0001";"NE_0001";"NE_0001";"NE_0001"
"2023";"09";"250304";"UCAYALI";"PADRE ABAD";"NESHUYA";"GOBIERNO REGIONAL";"I-1";"00007116";"VILLA DEL CAMPO";"NE_0001";"";"NE_0001";"NE_0001";"NE_0001";"NE_0001";"NE_0001";"NE_0001";"NE_0001"
"2023";"09";"250305";"UCAYALI";"PADRE ABAD";"ALEXANDER VON HUMBOLDT";"GOBIERNO REGIONAL";"I-1";"00005421";"EL MILAGRO KM   83";"NE_0001";"";"NE_0001";"NE_0001";"NE_0001";"NE_0001";"NE_0001";"NE_0001";"NE_0001"
"2023";"09";"250304";"UCAYALI";"PADRE ABAD";"NESHUYA";"GOBIERNO REGIONAL";"I-1";"00005420";"NUEVO SAN JUAN KM. 69";"NE_0001";"";"NE_0001";"NE_0001";"NE_0001";"NE_0001";"NE_0001";"NE_0001";"NE_0001"
"2023";"09";"250304";"UCAYALI";"PADRE ABAD";"NESHUYA";"GOBIERNO REGIONAL";"I-1";"00005419";"LA UNION";"NE_0001";"";"NE_0001";"NE_0001";"NE_0001";"NE_0001";"NE_0001";"NE_0001";"NE_0001"
"2023";"09";"250304";"UCAYALI";"PADRE ABAD";"NESHUYA";"GOBIERNO REGIONAL";"I-2";"00005418";"MONTE DE LOS OLIVOS";"NE_0001";"";"NE_0001";"NE_0001";"NE_0001";"NE_0001";"NE_0001";"NE_0001";"NE_0001"
"2023";"09";"250304";"UCAYALI";"PADRE ABAD";"NESHUYA";"GOBIERNO REGIONAL";"I-1";"00005417";"SAN JUAN KM. 71";"NE_0001";"";"NE_0001";"NE_0001";"NE_0001";"NE_0001";"NE_0001";"NE_0001";"NE_0001"
"2023";"09";"250305";"UCAYALI";"PADRE ABAD";"ALEXANDER VON HUMBOLDT";"GOBIERNO REGIONAL";"I-2";"00005416";"VON HUMBOLTD";"NE_0001";"";"NE_0001";"NE_0001";"NE_0001";"NE_0001";"NE_0001";"NE_0001";"NE_0001"
"2023";"09";"250304";"UCAYALI";"PADRE ABAD";"NESHUYA";"GOBIERNO REGIONAL";"I-3";"00005415";"MONTE ALEGRE-NESHUYA";"NE_0001";"";"NE_0001";"NE_0001";"NE_0001";"NE_0001";"NE_0001";"NE_0001";"NE_0001"
"2023";"09";"250105";"UCAYALI";"CORONEL PORTILLO";"YARINACOCHA";"GOBIERNO REGIONAL";"I-1";"00005540";"HUITOCOCHA";"NE_0001";"";"NE_0001";"NE_0001";"NE_0001";"NE_0001";"NE_0001";"NE_0001";"NE_0001"
"2023";"09";"250105";"UCAYALI";"CORONEL PORTILLO";"YARINACOCHA";"GOBIERNO REGIONAL";"I-2";"00005537";"CLAS   BELLAVISTA DE YARINACOCHA";"NE_0001";"";"NE_0001";"NE_0001";"NE_0001";"NE_0001";"NE_0001";"NE_0001";"NE_0001"
"2023";"12";"200104";"PIURA";"PIURA";"CASTILLA";"SANIDAD DE LA POLICIA NACIONAL DEL PERU";"I-3";"00010679";"POLICLINICO PNP ""ALMIRANTE MIGUEL GRAU""";"NE_0002";"";"NE_0002";"NE_0002";"NE_0002";"NE_0002";"NE_0002";"NE_0002";"NE_0002"
"2023";"12";"220101";"SAN MARTIN";"MOYOBAMBA";"MOYOBAMBA";"SANIDAD DE LA POLICIA NACIONAL DEL PERU";"I-3";"00018077";"POLICLINICO PNP MOYOBAMBA";"NE_0001";"";"NE_0001";"NE_0001";"NE_0001";"NE_0001";"NE_0001";"NE_0001";"NE_0001"
"2023";"12";"220101";"SAN MARTIN";"MOYOBAMBA";"MOYOBAMBA";"GOBIERNO REGIONAL";"I-2";"00006282";"LA CONQUISTA";"NE_0001";"";"NE_0001";"NE_0001";"NE_0001";"NE_0001";"NE_0001";"NE_0001";"NE_0001"
"2023";"12";"220809";"SAN MARTIN";"RIOJA";"YURACYACU";"GOBIERNO REGIONAL";"I-3";"00006281";"YURACYACU";"241600";"HOSPITALIZACIÓN QUIRÚRGICA OBSTETRICIA   ";"1";"1";"1";"1";"3";"92";"0"
"2023";"12";"021801";"ANCASH";"SANTA";"CHIMBOTE";"ESSALUD";"0";"00009047";"HOSPITAL III CHIMBOTE";"241900";"HOSPITALIZACIÓN DE MEDICINA MEDICINA INTERNA ";"258";"253";"1181";"1693";"62";"1922";"26"
"2023";"12";"021801";"ANCASH";"SANTA";"CHIMBOTE";"ESSALUD";"0";"00009047";"HOSPITAL III CHIMBOTE";"240100";"HOSPITALIZACIÓN QUIRÚRGICA CIRUGÍA GENERAL ";"173";"135";"438";"422";"17";"527";"0"
"2023";"12";"021801";"ANCASH";"SANTA";"CHIMBOTE";"ESSALUD";"0";"00009047";"HOSPITAL III CHIMBOTE";"241200";"HOSPITALIZACIÓN QUIRÚRGICA TRAUMATOLOGÍA Y ORTOPEDIA ";"42";"42";"385";"472";"20";"620";"0"
"2023";"12";"021801";"ANCASH";"SANTA";"CHIMBOTE";"ESSALUD";"0";"00009047";"HOSPITAL III CHIMBOTE";"241300";"HOSPITALIZACIÓN QUIRÚRGICA UROLOGÍA  ";"29";"29";"127";"106";"4";"124";"0"
"2023";"12";"021801";"ANCASH";"SANTA";"CHIMBOTE";"ESSALUD";"0";"00009047";"HOSPITAL III CHIMBOTE";"240900";"HOSPITALIZACIÓN QUIRÚRGICA NEUROCIRUGÍA ";"3";"3";"37";"27";"1";"31";"0"
"2023";"12";"021801";"ANCASH";"SANTA";"CHIMBOTE";"ESSALUD";"0";"00009047";"HOSPITAL III CHIMBOTE";"241500";"HOSPITALIZACIÓN QUIRÚRGICA GINECOLOGÍA  ";"71";"71";"228";"235";"8";"235";"0"
"2023";"12";"021801";"ANCASH";"SANTA";"CHIMBOTE";"ESSALUD";"0";"00009047";"HOSPITAL III CHIMBOTE";"241600";"HOSPITALIZACIÓN QUIRÚRGICA OBSTETRICIA   ";"152";"141";"277";"304";"18";"554";"0"
"2023";"12";"021801";"ANCASH";"SANTA";"CHIMBOTE";"ESSALUD";"0";"00009047";"HOSPITAL III CHIMBOTE";"242300";"HOSPITALIZACIÓN DE PEDIATRÍA  PEDIATRÍA  GENERAL ";"55";"55";"231";"191";"8";"253";"0"
"2023";"12";"021801";"ANCASH";"SANTA";"CHIMBOTE";"ESSALUD";"0";"00009047";"HOSPITAL III CHIMBOTE";"240700";"HOSPITALIZACIÓN QUIRÚRGICA CIRUGÍA PEDIÁTRICA ";"17";"17";"42";"47";"2";"62";"0"
"2023";"12";"021801";"ANCASH";"SANTA";"CHIMBOTE";"ESSALUD";"0";"00009047";"HOSPITAL III CHIMBOTE";"243200";"HOSPITALIZACIÓN DE PEDIATRÍA PEDIATRIA NEONATOLOGÍA";"90";"87";"186";"88";"10";"310";"0"
"2023";"12";"021801";"ANCASH";"SANTA";"CHIMBOTE";"ESSALUD";"0";"00009047";"HOSPITAL III CHIMBOTE";"240100";"HOSPITALIZACIÓN QUIRÚRGICA CIRUGÍA GENERAL ";"14";"14";"156";"143";"5";"155";"8"
"2023";"12";"021801";"ANCASH";"SANTA";"CHIMBOTE";"ESSALUD";"0";"00009047";"HOSPITAL III CHIMBOTE";"250200";"UNIDAD DE CUIDADOS CRITICOS UNIDAD DE CUIDADOS INTERMEDIOS GENERAL  (UCIN) ";"19";"19";"222";"212";"8";"236";"4"
"2023";"12";"021809";"ANCASH";"SANTA";"NUEVO CHIMBOTE";"ESSALUD";"I-4";"00009054";"HOSPITAL I CONO SUR";"241800";"HOSPITALIZACIÓN DE MEDICINA MEDICINA GENERAL ";"7";"6";"25";"25";"1";"31";"0"
"2023";"12";"021809";"ANCASH";"SANTA";"NUEVO CHIMBOTE";"ESSALUD";"I-4";"00009054";"HOSPITAL I CONO SUR";"241500";"HOSPITALIZACIÓN QUIRÚRGICA GINECOLOGÍA  ";"7";"7";"11";"11";"1";"31";"0"
"2023";"12";"130105";"LA LIBERTAD";"TRUJILLO";"LA ESPERANZA";"PRIVADO";"II-1";"00021412";"CLÍNICA MADRE DE CRISTO";"241400";"HOSPITALIZACIÓN QUIRÚRGICA GINECO - OBSTETRICIA ";"18";"18";"46";"62";"4";"80";"0"
"2023";"12";"130105";"LA LIBERTAD";"TRUJILLO";"LA ESPERANZA";"PRIVADO";"II-1";"00021412";"CLÍNICA MADRE DE CRISTO";"240100";"HOSPITALIZACIÓN QUIRÚRGICA CIRUGÍA GENERAL ";"22";"22";"55";"72";"8";"94";"0"
"2023";"12";"080108";"CUSCO";"CUSCO";"WANCHAQ";"PRIVADO";"II-E";"00010023";"CORNEJO";"240800";"HOSPITALIZACIÓN QUIRÚRGICA CIRUGÍA PLÁSTICA/RECONSTRUCTIVA/ REPARADORA ";"1";"1";"3";"3";"5";"130";"0"
"2023";"12";"080108";"CUSCO";"CUSCO";"WANCHAQ";"PRIVADO";"II-E";"00010023";"CORNEJO";"240100";"HOSPITALIZACIÓN QUIRÚRGICA CIRUGÍA GENERAL ";"2";"2";"6";"6";"5";"130";"0"
"2023";"11";"040703";"AREQUIPA";"ISLAY";"DEAN VALDIVIA";"GOBIERNO REGIONAL";"I-3";"00001449";"CENTRO DE SALUD LA CURVA";"NE_0001";"";"NE_0001";"NE_0001";"NE_0001";"NE_0001";"NE_0001";"NE_0001";"NE_0001"
"2023";"11";"040703";"AREQUIPA";"ISLAY";"DEAN VALDIVIA";"GOBIERNO REGIONAL";"I-2";"00001450";"PUESTO DE SALUD ALTO ENSENADA";"NE_0001";"";"NE_0001";"NE_0001";"NE_0001";"NE_0001";"NE_0001";"NE_0001";"NE_0001"
"2023";"11";"040703";"AREQUIPA";"ISLAY";"DEAN VALDIVIA";"GOBIERNO REGIONAL";"I-2";"00001451";"PUESTO DE SALUD EL ARENAL";"NE_0001";"";"NE_0001";"NE_0001";"NE_0001";"NE_0001";"NE_0001";"NE_0001";"NE_0001"
"2023";"11";"040706";"AREQUIPA";"ISLAY";"PUNTA DE BOMBON";"GOBIERNO REGIONAL";"I-3";"00001446";"CENTRO DE SALUD LA PUNTA";"NE_0001";"";"NE_0001";"NE_0001";"NE_0001";"NE_0001";"NE_0001";"NE_0001";"NE_0001"
"2023";"10";"040101";"AREQUIPA";"AREQUIPA";"AREQUIPA";"PRIVADO";"II-E";"00032002";"OFTALMOSALUD AREQUIPA  S.A.C.";"NE_0001";"";"NE_0001";"NE_0001";"NE_0001";"NE_0001";"NE_0001";"NE_0001";"NE_0001"
"2023";"11";"230301";"TACNA";"JORGE BASADRE";"LOCUMBA";"ESSALUD";"I-2";"00018550";"CENTRO DE ATENCION PRIMARIA  I  LOCUMBA";"NE_0001";"";"NE_0001";"NE_0001";"NE_0001";"NE_0001";"NE_0001";"NE_0001";"NE_0001"
"2023";"12";"130702";"LA LIBERTAD";"PACASMAYO";"GUADALUPE";"ESSALUD";"I-2";"00009486";"POSTA DE SALUD LIMONCARRO";"NE_0001";"";"NE_0001";"NE_0001";"NE_0001";"NE_0001";"NE_0001";"NE_0001";"NE_0001"
"2023";"12";"040118";"AREQUIPA";"AREQUIPA";"SAN JUAN DE SIGUAS";"GOBIERNO REGIONAL";"I-1";"00001339";"PUESTO DE SALUD SAN JUAN DE SIGUAS - TAMBILLO";"NE_0001";"";"NE_0001";"NE_0001";"NE_0001";"NE_0001";"NE_0001";"NE_0001";"NE_0001"
"2023";"12";"040520";"AREQUIPA";"CAYLLOMA";"MAJES";"GOBIERNO REGIONAL";"I-3";"00023969";"CENTRO DE SALUD MENTAL COMUNITARIO MAJES";"NE_0001";"";"NE_0001";"NE_0001";"NE_0001";"NE_0001";"NE_0001";"NE_0001";"NE_0001"
"2023";"12";"040520";"AREQUIPA";"CAYLLOMA";"MAJES";"GOBIERNO REGIONAL";"I-2";"00001341";"ASENTAMIENTO B-1";"NE_0001";"";"NE_0001";"NE_0001";"NE_0001";"NE_0001";"NE_0001";"NE_0001";"NE_0001"
"2023";"12";"040520";"AREQUIPA";"CAYLLOMA";"MAJES";"GOBIERNO REGIONAL";"0";"00030864";"HOGAR PROTEGIDO ""HACIA UNA NUEVA VIDA""";"NE_0001";"";"NE_0001";"NE_0001";"NE_0001";"NE_0001";"NE_0001";"NE_0001";"NE_0001"
"2023";"12";"040120";"AREQUIPA";"AREQUIPA";"SANTA ISABEL DE SIGUAS";"GOBIERNO REGIONAL";"I-2";"00001378";"PUESTO DE SALUD SONDOR";"NE_0001";"";"NE_0001";"NE_0001";"NE_0001";"NE_0001";"NE_0001";"NE_0001";"NE_0001"
"2023";"12";"040520";"AREQUIPA";"CAYLLOMA";"MAJES";"GOBIERNO REGIONAL";"I-2";"00001342";"PUESTO DE SALUD  B-2";"NE_0001";"";"NE_0001";"NE_0001";"NE_0001";"NE_0001";"NE_0001";"NE_0001";"NE_0001"
"2023";"12";"040120";"AREQUIPA";"AREQUIPA";"SANTA ISABEL DE SIGUAS";"GOBIERNO REGIONAL";"I-2";"00001336";"SANTA ISABEL DE SIGUAS";"NE_0001";"";"NE_0001";"NE_0001";"NE_0001";"NE_0001";"NE_0001";"NE_0001";"NE_0001"
"2023";"12";"040120";"AREQUIPA";"AREQUIPA";"SANTA ISABEL DE SIGUAS";"GOBIERNO REGIONAL";"I-1";"00001337";"PUESTO DE SALUD PITAY";"NE_0001";"";"NE_0001";"NE_0001";"NE_0001";"NE_0001";"NE_0001";"NE_0001";"NE_0001"
"2023";"12";"040520";"AREQUIPA";"CAYLLOMA";"MAJES";"GOBIERNO REGIONAL";"I-3";"00001326";"CENTRO DE SALUD LA COLINA";"NE_0001";"";"NE_0001";"NE_0001";"NE_0001";"NE_0001";"NE_0001";"NE_0001";"NE_0001"
"2023";"12";"040511";"AREQUIPA";"CAYLLOMA";"LLUTA";"GOBIERNO REGIONAL";"I-2";"00001340";"PUESTO DE SALUD QUERQUE";"NE_0001";"";"NE_0001";"NE_0001";"NE_0001";"NE_0001";"NE_0001";"NE_0001";"NE_0001"
"2023";"12";"130111";"LA LIBERTAD";"TRUJILLO";"VICTOR LARCO HERRERA";"PRIVADO";"II-1";"00026935";"CLÍNICA FÁTIMA";"240100";"HOSPITALIZACIÓN QUIRÚRGICA CIRUGÍA GENERAL ";"84";"83";"109";"116";"6";"186";"0"
"2023";"12";"130111";"LA LIBERTAD";"TRUJILLO";"VICTOR LARCO HERRERA";"PRIVADO";"II-1";"00026935";"CLÍNICA FÁTIMA";"241400";"HOSPITALIZACIÓN QUIRÚRGICA GINECO - OBSTETRICIA ";"33";"33";"37";"37";"6";"186";"0"
"2023";"12";"130111";"LA LIBERTAD";"TRUJILLO";"VICTOR LARCO HERRERA";"PRIVADO";"II-1";"00026935";"CLÍNICA FÁTIMA";"241800";"HOSPITALIZACIÓN DE MEDICINA MEDICINA GENERAL ";"4";"4";"9";"9";"4";"124";"0"
"2023";"12";"130111";"LA LIBERTAD";"TRUJILLO";"VICTOR LARCO HERRERA";"PRIVADO";"II-1";"00026935";"CLÍNICA FÁTIMA";"242300";"HOSPITALIZACIÓN DE PEDIATRÍA  PEDIATRÍA  GENERAL ";"2";"2";"2";"2";"3";"93";"0"
"2023";"11";"250203";"UCAYALI";"ATALAYA";"TAHUANIA";"MINSA";"I-1";"00032189";"PUESTO DE SALUD MENCORIARI.";"NE_0001";"";"NE_0001";"NE_0001";"NE_0001";"NE_0001";"NE_0001";"NE_0001";"NE_0001"
"2023";"11";"250203";"UCAYALI";"ATALAYA";"TAHUANIA";"MINSA";"I-1";"00031894";"PUESTO DE SALUD NUEVO PARAISO-TAHUANIA.";"NE_0001";"";"NE_0001";"NE_0001";"NE_0001";"NE_0001";"NE_0001";"NE_0001";"NE_0001"
"2023";"11";"250203";"UCAYALI";"ATALAYA";"TAHUANIA";"GOBIERNO REGIONAL";"I-1";"00007106";"TONIROMASHI";"NE_0001";"";"NE_0001";"NE_0001";"NE_0001";"NE_0001";"NE_0001";"NE_0001";"NE_0001"
"2023";"11";"250202";"UCAYALI";"ATALAYA";"SEPAHUA";"GOBIERNO REGIONAL";"I-1";"00005525";"PUIJA";"NE_0001";"";"NE_0001";"NE_0001";"NE_0001";"NE_0001";"NE_0001";"NE_0001";"NE_0001"
"2023";"11";"250202";"UCAYALI";"ATALAYA";"SEPAHUA";"GOBIERNO REGIONAL";"I-3";"00005523";"SEPAHUA";"NE_0001";"";"NE_0001";"NE_0001";"NE_0001";"NE_0001";"NE_0001";"NE_0001";"NE_0001"
"2023";"11";"250203";"UCAYALI";"ATALAYA";"TAHUANIA";"GOBIERNO REGIONAL";"I-1";"00005522";"TUPAC AMARU";"NE_0001";"";"NE_0001";"NE_0001";"NE_0001";"NE_0001";"NE_0001";"NE_0001";"NE_0001"
"2023";"11";"250203";"UCAYALI";"ATALAYA";"TAHUANIA";"GOBIERNO REGIONAL";"I-2";"00005521";"NUEVA ITALIA";"NE_0001";"";"NE_0001";"NE_0001";"NE_0001";"NE_0001";"NE_0001";"NE_0001";"NE_0001"
"2023";"11";"250203";"UCAYALI";"ATALAYA";"TAHUANIA";"GOBIERNO REGIONAL";"I-1";"00005520";"SHAHUAYA";"NE_0001";"";"NE_0001";"NE_0001";"NE_0001";"NE_0001";"NE_0001";"NE_0001";"NE_0001"
"2023";"11";"250203";"UCAYALI";"ATALAYA";"TAHUANIA";"GOBIERNO REGIONAL";"I-1";"00005519";"SEMPAYA";"NE_0001";"";"NE_0001";"NE_0001";"NE_0001";"NE_0001";"NE_0001";"NE_0001";"NE_0001"
"2023";"11";"250203";"UCAYALI";"ATALAYA";"TAHUANIA";"GOBIERNO REGIONAL";"I-3";"00005518";"BOLOGNESI";"NE_0001";"";"NE_0001";"NE_0001";"NE_0001";"NE_0001";"NE_0001";"NE_0001";"NE_0001"
"2023";"11";"250201";"UCAYALI";"ATALAYA";"RAIMONDI";"GOBIERNO REGIONAL";"I-1";"00005517";"SERJALI";"NE_0001";"";"NE_0001";"NE_0001";"NE_0001";"NE_0001";"NE_0001";"NE_0001";"NE_0001"
"2023";"11";"250201";"UCAYALI";"ATALAYA";"RAIMONDI";"GOBIERNO REGIONAL";"I-1";"00005516";"RIMA";"NE_0001";"";"NE_0001";"NE_0001";"NE_0001";"NE_0001";"NE_0001";"NE_0001";"NE_0001"
"2023";"11";"250201";"UCAYALI";"ATALAYA";"RAIMONDI";"GOBIERNO REGIONAL";"I-1";"00005515";"ALTO CHENCORENI";"NE_0001";"";"NE_0001";"NE_0001";"NE_0001";"NE_0001";"NE_0001";"NE_0001";"NE_0001"
"2023";"11";"250201";"UCAYALI";"ATALAYA";"RAIMONDI";"GOBIERNO REGIONAL";"I-1";"00005514";"CHEQUITAVO";"NE_0001";"";"NE_0001";"NE_0001";"NE_0001";"NE_0001";"NE_0001";"NE_0001";"NE_0001"
"2023";"11";"250201";"UCAYALI";"ATALAYA";"RAIMONDI";"GOBIERNO REGIONAL";"I-1";"00005512";"MAPALCA";"NE_0001";"";"NE_0001";"NE_0001";"NE_0001";"NE_0001";"NE_0001";"NE_0001";"NE_0001"
"2023";"11";"250201";"UCAYALI";"ATALAYA";"RAIMONDI";"GOBIERNO REGIONAL";"I-1";"00005511";"PAOTI";"NE_0001";"";"NE_0001";"NE_0001";"NE_0001";"NE_0001";"NE_0001";"NE_0001";"NE_0001"
"2023";"11";"250201";"UCAYALI";"ATALAYA";"RAIMONDI";"GOBIERNO REGIONAL";"I-1";"00005510";"LA FLORESTA";"NE_0001";"";"NE_0001";"NE_0001";"NE_0001";"NE_0001";"NE_0001";"NE_0001";"NE_0001"
"2023";"11";"250201";"UCAYALI";"ATALAYA";"RAIMONDI";"MINSA";"I-1";"00005509";"CHICOSA";"NE_0001";"";"NE_0001";"NE_0001";"NE_0001";"NE_0001";"NE_0001";"NE_0001";"NE_0001"
"2023";"11";"250201";"UCAYALI";"ATALAYA";"RAIMONDI";"MINSA";"I-1";"00005508";"UNINI";"NE_0001";"";"NE_0001";"NE_0001";"NE_0001";"NE_0001";"NE_0001";"NE_0001";"NE_0001"
"2023";"11";"250201";"UCAYALI";"ATALAYA";"RAIMONDI";"MINSA";"I-1";"00005504";"COCANI";"NE_0001";"";"NE_0001";"NE_0001";"NE_0001";"NE_0001";"NE_0001";"NE_0001";"NE_0001"
"2023";"11";"250201";"UCAYALI";"ATALAYA";"RAIMONDI";"MINSA";"I-2";"00005503";"MALDONADILLO";"NE_0001";"";"NE_0001";"NE_0001";"NE_0001";"NE_0001";"NE_0001";"NE_0001";"NE_0001"
"2023";"11";"250201";"UCAYALI";"ATALAYA";"RAIMONDI";"GOBIERNO REGIONAL";"I-4";"00005502";"ATALAYA";"NE_0002";"";"NE_0002";"NE_0002";"NE_0002";"NE_0002";"NE_0002";"NE_0002";"NE_0002"
"2023";"12";"090117";"HUANCAVELICA";"HUANCAVELICA";"YAULI";"GOBIERNO REGIONAL";"I-1";"00006824";"CHUCLLACCASA";"NE_0001";"";"NE_0001";"NE_0001";"NE_0001";"NE_0001";"NE_0001";"NE_0001";"NE_0001"
"2023";"12";"090117";"HUANCAVELICA";"HUANCAVELICA";"YAULI";"GOBIERNO REGIONAL";"I-3";"00003884";"CCASAPATA";"NE_0002";"";"NE_0002";"NE_0002";"NE_0002";"NE_0002";"NE_0002";"NE_0002";"NE_0002"
"2023";"12";"090117";"HUANCAVELICA";"HUANCAVELICA";"YAULI";"GOBIERNO REGIONAL";"I-1";"00007337";"PUCACCASA CHOPCCA";"NE_0001";"";"NE_0001";"NE_0001";"NE_0001";"NE_0001";"NE_0001";"NE_0001";"NE_0001"
"2023";"12";"090117";"HUANCAVELICA";"HUANCAVELICA";"YAULI";"GOBIERNO REGIONAL";"I-1";"00011190";"LOS ANDES DE SOTOPAMPA";"NE_0001";"";"NE_0001";"NE_0001";"NE_0001";"NE_0001";"NE_0001";"NE_0001";"NE_0001"
"2023";"12";"090117";"HUANCAVELICA";"HUANCAVELICA";"YAULI";"GOBIERNO REGIONAL";"I-2";"00003886";"SANTA ROSA DE CHOPCCA";"NE_0001";"";"NE_0001";"NE_0001";"NE_0001";"NE_0001";"NE_0001";"NE_0001";"NE_0001"
"2023";"12";"090117";"HUANCAVELICA";"HUANCAVELICA";"YAULI";"GOBIERNO REGIONAL";"I-1";"00007336";"CONDORHUACHANA";"NE_0001";"";"NE_0001";"NE_0001";"NE_0001";"NE_0001";"NE_0001";"NE_0001";"NE_0001"
"2023";"12";"090117";"HUANCAVELICA";"HUANCAVELICA";"YAULI";"GOBIERNO REGIONAL";"I-1";"00003888";"CHUÑUNAPAMPA";"NE_0001";"";"NE_0001";"NE_0001";"NE_0001";"NE_0001";"NE_0001";"NE_0001";"NE_0001"
"2023";"12";"090117";"HUANCAVELICA";"HUANCAVELICA";"YAULI";"GOBIERNO REGIONAL";"I-2";"00007338";"CCOLLPACCASA";"NE_0001";"";"NE_0001";"NE_0001";"NE_0001";"NE_0001";"NE_0001";"NE_0001";"NE_0001"
"2023";"12";"020101";"ANCASH";"HUARAZ";"HUARAZ";"GOBIERNO REGIONAL";"II-2";"00001543";"HOSPITAL ""VICTOR RAMOS GUARDIA"" - HUARAZ";"244000";"HOSPITALIZACIÓN DE MEDICINA CARDIOLOGIA ";"0";"4";"51";"42";"2";"62";"0"
"2023";"12";"020101";"ANCASH";"HUARAZ";"HUARAZ";"GOBIERNO REGIONAL";"II-2";"00001543";"HOSPITAL ""VICTOR RAMOS GUARDIA"" - HUARAZ";"244300";"HOSPITALIZACIÓN DE MEDICINA GASTROENTEROLOGÍA  ";"30";"25";"114";"116";"6";"186";"2"
"2023";"12";"020101";"ANCASH";"HUARAZ";"HUARAZ";"GOBIERNO REGIONAL";"II-2";"00001543";"HOSPITAL ""VICTOR RAMOS GUARDIA"" - HUARAZ";"241800";"HOSPITALIZACIÓN DE MEDICINA MEDICINA GENERAL ";"36";"34";"228";"195";"9";"279";"0"
"2023";"12";"020101";"ANCASH";"HUARAZ";"HUARAZ";"GOBIERNO REGIONAL";"II-2";"00001543";"HOSPITAL ""VICTOR RAMOS GUARDIA"" - HUARAZ";"245300";"HOSPITALIZACIÓN DE MEDICINA NEUMOLOGÍA  ";"26";"33";"315";"199";"9";"279";"1"
"2023";"12";"020101";"ANCASH";"HUARAZ";"HUARAZ";"GOBIERNO REGIONAL";"II-2";"00001543";"HOSPITAL ""VICTOR RAMOS GUARDIA"" - HUARAZ";"244700";"HOSPITALIZACIÓN DE MEDICINA NEUROLOGIA  ";"6";"9";"99";"82";"3";"93";"0"
"2023";"12";"020101";"ANCASH";"HUARAZ";"HUARAZ";"GOBIERNO REGIONAL";"II-2";"00001543";"HOSPITAL ""VICTOR RAMOS GUARDIA"" - HUARAZ";"242200";"HOSPITALIZACIÓN DE MEDICINA PSIQUIATRÍA ";"5";"9";"223";"180";"10";"310";"0"
"2023";"12";"020101";"ANCASH";"HUARAZ";"HUARAZ";"GOBIERNO REGIONAL";"II-2";"00001543";"HOSPITAL ""VICTOR RAMOS GUARDIA"" - HUARAZ";"240100";"HOSPITALIZACIÓN QUIRÚRGICA CIRUGÍA GENERAL ";"105";"113";"534";"472";"17";"527";"0"
"2023";"12";"020101";"ANCASH";"HUARAZ";"HUARAZ";"GOBIERNO REGIONAL";"II-2";"00001543";"HOSPITAL ""VICTOR RAMOS GUARDIA"" - HUARAZ";"240900";"HOSPITALIZACIÓN QUIRÚRGICA NEUROCIRUGÍA ";"10";"11";"109";"49";"2";"62";"0"
"2023";"12";"020101";"ANCASH";"HUARAZ";"HUARAZ";"GOBIERNO REGIONAL";"II-2";"00001543";"HOSPITAL ""VICTOR RAMOS GUARDIA"" - HUARAZ";"241200";"HOSPITALIZACIÓN QUIRÚRGICA TRAUMATOLOGÍA Y ORTOPEDIA ";"32";"48";"708";"739";"26";"806";"0"
"2023";"12";"020101";"ANCASH";"HUARAZ";"HUARAZ";"GOBIERNO REGIONAL";"II-2";"00001543";"HOSPITAL ""VICTOR RAMOS GUARDIA"" - HUARAZ";"241300";"HOSPITALIZACIÓN QUIRÚRGICA UROLOGÍA  ";"10";"12";"45";"35";"2";"62";"0"
"2023";"12";"020101";"ANCASH";"HUARAZ";"HUARAZ";"GOBIERNO REGIONAL";"II-2";"00001543";"HOSPITAL ""VICTOR RAMOS GUARDIA"" - HUARAZ";"241500";"HOSPITALIZACIÓN QUIRÚRGICA GINECOLOGÍA  ";"23";"29";"112";"69";"3";"93";"0"
"2023";"12";"020101";"ANCASH";"HUARAZ";"HUARAZ";"GOBIERNO REGIONAL";"II-2";"00001543";"HOSPITAL ""VICTOR RAMOS GUARDIA"" - HUARAZ";"241600";"HOSPITALIZACIÓN QUIRÚRGICA OBSTETRICIA   ";"269";"276";"622";"530";"24";"744";"0"
"2023";"12";"020101";"ANCASH";"HUARAZ";"HUARAZ";"GOBIERNO REGIONAL";"II-2";"00001543";"HOSPITAL ""VICTOR RAMOS GUARDIA"" - HUARAZ";"242500";"HOSPITALIZACIÓN-PEDIATRÍA GENERAL-";"67";"73";"394";"308";"14";"434";"1"
"2023";"12";"020101";"ANCASH";"HUARAZ";"HUARAZ";"GOBIERNO REGIONAL";"II-2";"00001543";"HOSPITAL ""VICTOR RAMOS GUARDIA"" - HUARAZ";"243200";"HOSPITALIZACIÓN DE PEDIATRÍA PEDIATRIA NEONATOLOGÍA";"44";"49";"633";"420";"18";"558";"5"
"2023";"12";"020101";"ANCASH";"HUARAZ";"HUARAZ";"GOBIERNO REGIONAL";"II-2";"00001543";"HOSPITAL ""VICTOR RAMOS GUARDIA"" - HUARAZ";"250000";"UNIDAD DE CUIDADOS CRITICOS  ";"6";"8";"486";"188";"8";"248";"7"
"2023";"12";"060801";"CAJAMARCA";"JAEN";"JAEN";"GOBIERNO REGIONAL";"I-3";"00004213";"FILA ALTA";"NE_0001";"";"NE_0001";"NE_0001";"NE_0001";"NE_0001";"NE_0001";"NE_0001";"NE_0001"
"2023";"12";"060801";"CAJAMARCA";"JAEN";"JAEN";"GOBIERNO REGIONAL";"I-1";"00010804";"PUENTE ZONANGA";"NE_0001";"";"NE_0001";"NE_0001";"NE_0001";"NE_0001";"NE_0001";"NE_0001";"NE_0001"
"2023";"12";"131101";"LA LIBERTAD";"GRAN CHIMU";"CASCAS";"ESSALUD";"I-2";"00012104";"POSTA DE SALUD CASCAS";"NE_0001";"";"NE_0001";"NE_0001";"NE_0001";"NE_0001";"NE_0001";"NE_0001";"NE_0001"
"2023";"12";"061002";"CAJAMARCA";"SAN MARCOS";"CHANCAY";"GOBIERNO REGIONAL";"I-1";"00004493";"SOCCHAGON";"NE_0001";"";"NE_0001";"NE_0001";"NE_0001";"NE_0001";"NE_0001";"NE_0001";"NE_0001"
"2023";"12";"061002";"CAJAMARCA";"SAN MARCOS";"CHANCAY";"GOBIERNO REGIONAL";"I-1";"00004491";"PUESTO DE SALUD CHANCAY";"NE_0001";"";"NE_0001";"NE_0001";"NE_0001";"NE_0001";"NE_0001";"NE_0001";"NE_0001"
"2023";"12";"061002";"CAJAMARCA";"SAN MARCOS";"CHANCAY";"GOBIERNO REGIONAL";"I-1";"00004490";"PUESTO DE SALUD POMARONGO";"NE_0001";"";"NE_0001";"NE_0001";"NE_0001";"NE_0001";"NE_0001";"NE_0001";"NE_0001"
"2023";"12";"061006";"CAJAMARCA";"SAN MARCOS";"JOSE MANUEL QUIROZ";"GOBIERNO REGIONAL";"I-2";"00004494";"SHIRAC";"NE_0001";"";"NE_0001";"NE_0001";"NE_0001";"NE_0001";"NE_0001";"NE_0001";"NE_0001"
"2023";"12";"061005";"CAJAMARCA";"SAN MARCOS";"ICHOCAN";"GOBIERNO REGIONAL";"I-3";"00004489";"ICHOCAN";"NE_0001";"";"NE_0001";"NE_0001";"NE_0001";"NE_0001";"NE_0001";"NE_0001";"NE_0001"
"2023";"12";"061003";"CAJAMARCA";"SAN MARCOS";"EDUARDO VILLANUEVA";"GOBIERNO REGIONAL";"I-2";"00004492";"LA GRAMA";"NE_0001";"";"NE_0001";"NE_0001";"NE_0001";"NE_0001";"NE_0001";"NE_0001";"NE_0001"
"2023";"12";"120305";"JUNIN";"CHANCHAMAYO";"SAN RAMON";"GOBIERNO REGIONAL";"I-4";"00000354";"SAN RAMON";"241600";"HOSPITALIZACIÓN QUIRÚRGICA OBSTETRICIA   ";"7";"7";"13";"13";"5";"150";"0"
"2023";"12";"120305";"JUNIN";"CHANCHAMAYO";"SAN RAMON";"GOBIERNO REGIONAL";"I-4";"00000354";"SAN RAMON";"241800";"HOSPITALIZACIÓN DE MEDICINA MEDICINA GENERAL ";"12";"12";"25";"25";"3";"90";"0"
"2023";"12";"120306";"JUNIN";"CHANCHAMAYO";"VITOC";"GOBIERNO REGIONAL";"I-1";"00000359";"VISCATAN";"NE_0001";"";"NE_0001";"NE_0001";"NE_0001";"NE_0001";"NE_0001";"NE_0001";"NE_0001"
"2023";"12";"120416";"JUNIN";"JAUJA";"MASMA";"GOBIERNO REGIONAL";"I-1";"00000361";"UCHUBAMBA";"NE_0001";"";"NE_0001";"NE_0001";"NE_0001";"NE_0001";"NE_0001";"NE_0001";"NE_0001"
"2023";"12";"120305";"JUNIN";"CHANCHAMAYO";"SAN RAMON";"GOBIERNO REGIONAL";"I-2";"00000356";"LA ESPERANZA";"NE_0001";"";"NE_0001";"NE_0001";"NE_0001";"NE_0001";"NE_0001";"NE_0001";"NE_0001"
"2023";"11";"120101";"JUNIN";"HUANCAYO";"HUANCAYO";"PRIVADO";"II-1";"00008516";"CLINICA SANTO DOMINGO";"240100";"HOSPITALIZACIÓN QUIRÚRGICA CIRUGÍA GENERAL ";"14";"14";"26";"26";"2";"31";"0"
"2023";"11";"120101";"JUNIN";"HUANCAYO";"HUANCAYO";"PRIVADO";"II-1";"00008516";"CLINICA SANTO DOMINGO";"245300";"HOSPITALIZACIÓN DE MEDICINA NEUMOLOGÍA  ";"1";"1";"3";"3";"1";"31";"0"
"2023";"11";"120101";"JUNIN";"HUANCAYO";"HUANCAYO";"PRIVADO";"II-1";"00008516";"CLINICA SANTO DOMINGO";"241200";"HOSPITALIZACIÓN QUIRÚRGICA TRAUMATOLOGÍA Y ORTOPEDIA ";"6";"6";"9";"9";"1";"31";"0"
"2023";"11";"120101";"JUNIN";"HUANCAYO";"HUANCAYO";"PRIVADO";"II-1";"00008516";"CLINICA SANTO DOMINGO";"241500";"HOSPITALIZACIÓN QUIRÚRGICA GINECOLOGÍA  ";"12";"12";"21";"21";"2";"30";"0"
"2023";"11";"120101";"JUNIN";"HUANCAYO";"HUANCAYO";"PRIVADO";"II-1";"00008516";"CLINICA SANTO DOMINGO";"244200";"HOSPITALIZACIÓN DE MEDICINA ENDOCRINOLOGIA ";"2";"2";"2";"2";"1";"20";"0"
"2023";"11";"120101";"JUNIN";"HUANCAYO";"HUANCAYO";"PRIVADO";"II-1";"00008516";"CLINICA SANTO DOMINGO";"245400";"HOSPITALIZACIÓN DE MEDICINA GINECOLOGIA ";"2";"2";"3";"3";"1";"20";"0"
"2023";"11";"120101";"JUNIN";"HUANCAYO";"HUANCAYO";"PRIVADO";"II-1";"00008516";"CLINICA SANTO DOMINGO";"241300";"HOSPITALIZACIÓN QUIRÚRGICA UROLOGÍA  ";"3";"3";"3";"3";"1";"20";"0"
"2023";"11";"150103";"LIMA";"LIMA";"ATE";"PRIVADO";"II-1";"00018584";"CLINICA MARIA DEL SOCORRO";"240000";"HOSPITALIZACIÓN";"137";"134";"202";"222";"20";"600";"0"
"2023";"11";"040411";"AREQUIPA";"CASTILLA";"TIPAN";"GOBIERNO REGIONAL";"I-1";"00001400";"PUESTO DE SALUD TIPAN";"NE_0001";"";"NE_0001";"NE_0001";"NE_0001";"NE_0001";"NE_0001";"NE_0001";"NE_0001"
"2023";"11";"040412";"AREQUIPA";"CASTILLA";"UÑON";"GOBIERNO REGIONAL";"I-2";"00001403";"PUESTO DE SALUD UÑON";"NE_0001";"";"NE_0001";"NE_0001";"NE_0001";"NE_0001";"NE_0001";"NE_0001";"NE_0001"
"2023";"11";"040414";"AREQUIPA";"CASTILLA";"VIRACO";"GOBIERNO REGIONAL";"I-1";"00006766";"PUESTO DE SALUD HUAMI";"NE_0001";"";"NE_0001";"NE_0001";"NE_0001";"NE_0001";"NE_0001";"NE_0001";"NE_0001"
"2023";"11";"040408";"AREQUIPA";"CASTILLA";"MACHAGUAY";"GOBIERNO REGIONAL";"I-2";"00001402";"PUESTO DE SALUD MACHAGUAY";"NE_0001";"";"NE_0001";"NE_0001";"NE_0001";"NE_0001";"NE_0001";"NE_0001";"NE_0001"
"2023";"11";"040411";"AREQUIPA";"CASTILLA";"TIPAN";"GOBIERNO REGIONAL";"I-1";"00001401";"PUESTO DE SALUD TAGRE";"NE_0001";"";"NE_0001";"NE_0001";"NE_0001";"NE_0001";"NE_0001";"NE_0001";"NE_0001"
"2023";"11";"040414";"AREQUIPA";"CASTILLA";"VIRACO";"GOBIERNO REGIONAL";"I-3";"00001386";"CENTRO DE SALUD VIRACO";"NE_0001";"";"NE_0001";"NE_0001";"NE_0001";"NE_0001";"NE_0001";"NE_0001";"NE_0001"
"2023";"12";"200104";"PIURA";"PIURA";"CASTILLA";"SANIDAD DEL EJERCITO DEL PERU";"I-4";"00012953";"HOSPITAL MILITAR I DIVISION DEL EJERCITO PIURA";"240000";"HOSPITALIZACIÓN";"1";"1";"1";"1";"11";"12";"1"
"2023";"12";"120125";"JUNIN";"HUANCAYO";"PILCOMAYO";"SANIDAD DE LA POLICIA NACIONAL DEL PERU";"I-2";"00025776";"POSTA MEDICA POLICIAL EESTP - HYO";"NE_0001";"";"NE_0001";"NE_0001";"NE_0001";"NE_0001";"NE_0001";"NE_0001";"NE_0001"
"2023";"12";"080910";"CUSCO";"LA CONVENCION";"PICHARI";"SANIDAD DE LA POLICIA NACIONAL DEL PERU";"I-2";"00027230";"MEDICA POLICIAL PICHARI";"NE_0001";"";"NE_0001";"NE_0001";"NE_0001";"NE_0001";"NE_0001";"NE_0001";"NE_0001"
"2023";"12";"051010";"AYACUCHO";"VICTOR FAJARDO";"HUALLA";"GOBIERNO REGIONAL";"I-1";"00003830";"PUESTO DE SALUD TIQUIHUA";"NE_0001";"";"NE_0001";"NE_0001";"NE_0001";"NE_0001";"NE_0001";"NE_0001";"NE_0001"
"2023";"12";"051009";"AYACUCHO";"VICTOR FAJARDO";"HUANCARAYLLA";"GOBIERNO REGIONAL";"I-2";"00003838";"PUESTO DE SALUD HUANCARAYLLA";"NE_0001";"";"NE_0001";"NE_0001";"NE_0001";"NE_0001";"NE_0001";"NE_0001";"NE_0001"
"2023";"12";"051005";"AYACUCHO";"VICTOR FAJARDO";"CANARIA";"GOBIERNO REGIONAL";"I-2";"00003826";"PUESTO DE SALUD TACA";"NE_0001";"";"NE_0001";"NE_0001";"NE_0001";"NE_0001";"NE_0001";"NE_0001";"NE_0001"
"2023";"12";"051008";"AYACUCHO";"VICTOR FAJARDO";"HUAMANQUIQUIA";"GOBIERNO REGIONAL";"I-2";"00003831";"PUESTO DE SALUD HUAMANQUIQUIA";"NE_0001";"";"NE_0001";"NE_0001";"NE_0001";"NE_0001";"NE_0001";"NE_0001";"NE_0001"
"2023";"12";"051108";"AYACUCHO";"VILCAS HUAMAN";"VISCHONGO";"GOBIERNO REGIONAL";"I-1";"00003840";"PUESTO DE SALUD UMARO";"NE_0001";"";"NE_0001";"NE_0001";"NE_0001";"NE_0001";"NE_0001";"NE_0001";"NE_0001"
"2023";"12";"051004";"AYACUCHO";"VICTOR FAJARDO";"ASQUIPATA";"GOBIERNO REGIONAL";"I-1";"00003823";"PUESTO DE SALUD MORCOLLA CHICO";"NE_0001";"";"NE_0001";"NE_0001";"NE_0001";"NE_0001";"NE_0001";"NE_0001";"NE_0001"
"2023";"12";"051001";"AYACUCHO";"VICTOR FAJARDO";"HUANCAPI";"GOBIERNO REGIONAL";"I-4";"00003834";"CENTRO DE SALUD HUANCAPI";"241600";"HOSPITALIZACIÓN QUIRÚRGICA OBSTETRICIA   ";"3";"3";"6";"3";"3";"8";"0"
"2023";"12";"051001";"AYACUCHO";"VICTOR FAJARDO";"HUANCAPI";"GOBIERNO REGIONAL";"I-4";"00003834";"CENTRO DE SALUD HUANCAPI";"241800";"HOSPITALIZACIÓN DE MEDICINA MEDICINA GENERAL ";"3";"3";"10";"3";"3";"8";"0"
"2023";"12";"051005";"AYACUCHO";"VICTOR FAJARDO";"CANARIA";"GOBIERNO REGIONAL";"I-3";"00003824";"CENTRO DE SALUD CANARIA";"NE_0002";"";"NE_0002";"NE_0002";"NE_0002";"NE_0002";"NE_0002";"NE_0002";"NE_0002"
"2023";"12";"051007";"AYACUCHO";"VICTOR FAJARDO";"COLCA";"GOBIERNO REGIONAL";"I-1";"00003835";"PUESTO DE SALUD COLCA";"NE_0001";"";"NE_0001";"NE_0001";"NE_0001";"NE_0001";"NE_0001";"NE_0001";"NE_0001"
"2023";"12";"040104";"AREQUIPA";"AREQUIPA";"CERRO COLORADO";"SANIDAD DE LA FUERZA AEREA DEL PERU";"II-E";"00011448";"HOSPITAL REGIONAL DEL SUR";"240000";"HOSPITALIZACIÓN";"9";"9";"70";"72";"20";"488";"0"
"2023";"12";"150112";"LIMA";"LIMA";"INDEPENDENCIA";"ESSALUD";"I-3";"00016357";"CENTRO DE ATENCION PRIMARIA III INDEPENDENCIA - RAA - ESSALUD";"NE_0001";"";"NE_0001";"NE_0001";"NE_0001";"NE_0001";"NE_0001";"NE_0001";"NE_0001"
"2023";"12";"150121";"LIMA";"LIMA";"PUEBLO LIBRE";"PRIVADO";"II-2";"00010743";"CLINICA STELLA MARIS";"241400";"HOSPITALIZACIÓN QUIRÚRGICA GINECO - OBSTETRICIA ";"46";"44";"108";"103";"16";"496";"0"
"2023";"12";"150121";"LIMA";"LIMA";"PUEBLO LIBRE";"PRIVADO";"II-2";"00010743";"CLINICA STELLA MARIS";"240000";"HOSPITALIZACIÓN";"453";"419";"1485";"1405";"53";"1643";"2"
"2023";"12";"150121";"LIMA";"LIMA";"PUEBLO LIBRE";"PRIVADO";"II-2";"00010743";"CLINICA STELLA MARIS";"243200";"HOSPITALIZACIÓN DE PEDIATRÍA PEDIATRIA NEONATOLOGÍA";"4";"5";"28";"22";"2";"62";"0"
"2023";"12";"150121";"LIMA";"LIMA";"PUEBLO LIBRE";"PRIVADO";"II-2";"00010743";"CLINICA STELLA MARIS";"250100";"UNIDAD DE CUIDADOS CRITICOS UNIDAD  DE CUIDADOS INTENSIVOS GENERALES (UCI) ";"9";"8";"28";"25";"10";"310";"4"
"2023";"12";"150121";"LIMA";"LIMA";"PUEBLO LIBRE";"PRIVADO";"II-2";"00010743";"CLINICA STELLA MARIS";"250200";"UNIDAD DE CUIDADOS CRITICOS UNIDAD DE CUIDADOS INTERMEDIOS GENERAL  (UCIN) ";"36";"34";"143";"151";"5";"155";"1"
"2023";"12";"150132";"LIMA";"LIMA";"SAN JUAN DE LURIGANCHO";"PRIVADO";"II-2";"00009104";"CLINICA SAN MIGUEL ARCANGEL S.A.C.";"245400";"HOSPITALIZACIÓN DE MEDICINA GINECOLOGIA ";"3";"3";"3";"3";"1";"31";"0"
"2023";"12";"150132";"LIMA";"LIMA";"SAN JUAN DE LURIGANCHO";"PRIVADO";"II-2";"00009104";"CLINICA SAN MIGUEL ARCANGEL S.A.C.";"241800";"HOSPITALIZACIÓN DE MEDICINA MEDICINA GENERAL ";"5";"5";"11";"11";"2";"62";"0"
"2023";"12";"150132";"LIMA";"LIMA";"SAN JUAN DE LURIGANCHO";"PRIVADO";"II-2";"00009104";"CLINICA SAN MIGUEL ARCANGEL S.A.C.";"241900";"HOSPITALIZACIÓN DE MEDICINA MEDICINA INTERNA ";"4";"4";"13";"12";"3";"92";"0"
"2023";"12";"150132";"LIMA";"LIMA";"SAN JUAN DE LURIGANCHO";"PRIVADO";"II-2";"00009104";"CLINICA SAN MIGUEL ARCANGEL S.A.C.";"240100";"HOSPITALIZACIÓN QUIRÚRGICA CIRUGÍA GENERAL ";"10";"10";"16";"16";"2";"62";"0"
"2023";"12";"150132";"LIMA";"LIMA";"SAN JUAN DE LURIGANCHO";"PRIVADO";"II-2";"00009104";"CLINICA SAN MIGUEL ARCANGEL S.A.C.";"241400";"HOSPITALIZACIÓN QUIRÚRGICA GINECO - OBSTETRICIA ";"6";"6";"11";"11";"1";"31";"0"
"2023";"12";"150132";"LIMA";"LIMA";"SAN JUAN DE LURIGANCHO";"PRIVADO";"II-2";"00009104";"CLINICA SAN MIGUEL ARCANGEL S.A.C.";"241300";"HOSPITALIZACIÓN QUIRÚRGICA UROLOGÍA  ";"2";"2";"2";"2";"1";"32";"0"
"2023";"12";"070106";"CALLAO";"CALLAO";"VENTANILLA";"GOBIERNO REGIONAL";"I-2";"00006267";"PUESTO DE SALUD CIUDAD PACHACUTEC";"NE_0001";"";"NE_0001";"NE_0001";"NE_0001";"NE_0001";"NE_0001";"NE_0001";"NE_0001"
"2023";"12";"070106";"CALLAO";"CALLAO";"VENTANILLA";"GOBIERNO REGIONAL";"I-2";"00006266";"PUESTO DE SALUD 3 DE FEBRERO";"NE_0001";"";"NE_0001";"NE_0001";"NE_0001";"NE_0001";"NE_0001";"NE_0001";"NE_0001"
"2023";"12";"040101";"AREQUIPA";"AREQUIPA";"AREQUIPA";"GOBIERNO REGIONAL";"III-1";"00001231";"HOSPITAL REGIONAL HONORIO DELGADO ESPINOZA";"241800";"HOSPITALIZACIÓN DE MEDICINA MEDICINA GENERAL ";"287";"275";"3918";"3948";"141";"4367";"61"
"2023";"12";"040101";"AREQUIPA";"AREQUIPA";"AREQUIPA";"GOBIERNO REGIONAL";"III-1";"00001231";"HOSPITAL REGIONAL HONORIO DELGADO ESPINOZA";"245300";"HOSPITALIZACIÓN DE MEDICINA NEUMOLOGÍA  ";"43";"42";"534";"830";"47";"1457";"7"
"2023";"12";"040101";"AREQUIPA";"AREQUIPA";"AREQUIPA";"GOBIERNO REGIONAL";"III-1";"00001231";"HOSPITAL REGIONAL HONORIO DELGADO ESPINOZA";"244000";"HOSPITALIZACIÓN DE MEDICINA CARDIOLOGIA ";"18";"19";"210";"112";"4";"124";"0"
"2023";"12";"040101";"AREQUIPA";"AREQUIPA";"AREQUIPA";"GOBIERNO REGIONAL";"III-1";"00001231";"HOSPITAL REGIONAL HONORIO DELGADO ESPINOZA";"242200";"HOSPITALIZACIÓN DE MEDICINA PSIQUIATRÍA ";"26";"34";"637";"749";"32";"992";"0"
"2023";"12";"040101";"AREQUIPA";"AREQUIPA";"AREQUIPA";"GOBIERNO REGIONAL";"III-1";"00001231";"HOSPITAL REGIONAL HONORIO DELGADO ESPINOZA";"240100";"HOSPITALIZACIÓN QUIRÚRGICA CIRUGÍA GENERAL ";"364";"402";"4443";"4080";"156";"4836";"6"
"2023";"12";"040101";"AREQUIPA";"AREQUIPA";"AREQUIPA";"GOBIERNO REGIONAL";"III-1";"00001231";"HOSPITAL REGIONAL HONORIO DELGADO ESPINOZA";"240900";"HOSPITALIZACIÓN QUIRÚRGICA NEUROCIRUGÍA ";"23";"41";"788";"460";"22";"683";"0"
"2023";"12";"040101";"AREQUIPA";"AREQUIPA";"AREQUIPA";"GOBIERNO REGIONAL";"III-1";"00001231";"HOSPITAL REGIONAL HONORIO DELGADO ESPINOZA";"240800";"HOSPITALIZACIÓN QUIRÚRGICA CIRUGÍA PLÁSTICA/RECONSTRUCTIVA/ REPARADORA ";"7";"7";"127";"224";"10";"310";"0"
"2023";"12";"040101";"AREQUIPA";"AREQUIPA";"AREQUIPA";"GOBIERNO REGIONAL";"III-1";"00001231";"HOSPITAL REGIONAL HONORIO DELGADO ESPINOZA";"250100";"UNIDAD DE CUIDADOS CRITICOS UNIDAD  DE CUIDADOS INTENSIVOS GENERALES (UCI) ";"25";"6";"118";"567";"22";"682";"8"
"2023";"12";"040101";"AREQUIPA";"AREQUIPA";"AREQUIPA";"GOBIERNO REGIONAL";"III-1";"00001231";"HOSPITAL REGIONAL HONORIO DELGADO ESPINOZA";"250108";"UNIDAD DE CUIDADOS CRITICOS UNIDAD  DE CUIDADOS INTENSIVOS  (UCI) PEDIÁTRICA";"0";"0";"0";"184";"6";"186";"0"
"2023";"12";"040101";"AREQUIPA";"AREQUIPA";"AREQUIPA";"GOBIERNO REGIONAL";"III-1";"00001231";"HOSPITAL REGIONAL HONORIO DELGADO ESPINOZA";"242300";"HOSPITALIZACIÓN DE PEDIATRÍA  PEDIATRÍA  GENERAL ";"146";"160";"1455";"1196";"70";"2171";"2"
"2023";"12";"040101";"AREQUIPA";"AREQUIPA";"AREQUIPA";"GOBIERNO REGIONAL";"III-1";"00001231";"HOSPITAL REGIONAL HONORIO DELGADO ESPINOZA";"243200";"HOSPITALIZACIÓN DE PEDIATRÍA PEDIATRIA NEONATOLOGÍA";"111";"112";"701";"693";"30";"931";"3"
"2023";"12";"040101";"AREQUIPA";"AREQUIPA";"AREQUIPA";"GOBIERNO REGIONAL";"III-1";"00001231";"HOSPITAL REGIONAL HONORIO DELGADO ESPINOZA";"250105";"UNIDAD DE CUIDADOS CRITICOS UNIDAD  DE CUIDADOS INTENSIVOS  (UCI) NEONATOLOGÍA";"5";"1";"72";"240";"8";"240";"0"
"2023";"12";"040101";"AREQUIPA";"AREQUIPA";"AREQUIPA";"GOBIERNO REGIONAL";"III-1";"00001231";"HOSPITAL REGIONAL HONORIO DELGADO ESPINOZA";"241600";"HOSPITALIZACIÓN QUIRÚRGICA OBSTETRICIA   ";"476";"503";"1553";"1469";"86";"2666";"0"
"2023";"12";"040101";"AREQUIPA";"AREQUIPA";"AREQUIPA";"GOBIERNO REGIONAL";"III-1";"00001231";"HOSPITAL REGIONAL HONORIO DELGADO ESPINOZA";"241500";"HOSPITALIZACIÓN QUIRÚRGICA GINECOLOGÍA  ";"61";"78";"473";"375";"27";"837";"0"
"2023";"12";"090101";"HUANCAVELICA";"HUANCAVELICA";"HUANCAVELICA";"GOBIERNO REGIONAL";"II-2";"00003853";"HOSPITAL DEPARTAMENTAL DE HUANCAVELICA";"240100";"HOSPITALIZACIÓN QUIRÚRGICA CIRUGÍA GENERAL ";"69";"69";"265";"540";"20";"600";"0"
"2023";"12";"090101";"HUANCAVELICA";"HUANCAVELICA";"HUANCAVELICA";"GOBIERNO REGIONAL";"II-2";"00003853";"HOSPITAL DEPARTAMENTAL DE HUANCAVELICA";"240200";"HOSPITALIZACIÓN QUIRÚRGICA CIRUGÍA DE CABEZA Y CUELLO / MÁXILO FACIAL ";"1";"1";"2";"150";"6";"180";"0"
"2023";"12";"090101";"HUANCAVELICA";"HUANCAVELICA";"HUANCAVELICA";"GOBIERNO REGIONAL";"II-2";"00003853";"HOSPITAL DEPARTAMENTAL DE HUANCAVELICA";"241200";"HOSPITALIZACIÓN QUIRÚRGICA TRAUMATOLOGÍA Y ORTOPEDIA ";"20";"20";"120";"240";"9";"270";"0"
"2023";"12";"090101";"HUANCAVELICA";"HUANCAVELICA";"HUANCAVELICA";"GOBIERNO REGIONAL";"II-2";"00003853";"HOSPITAL DEPARTAMENTAL DE HUANCAVELICA";"241400";"HOSPITALIZACIÓN QUIRÚRGICA GINECO - OBSTETRICIA ";"49";"49";"119";"390";"18";"540";"0"
"2023";"12";"090101";"HUANCAVELICA";"HUANCAVELICA";"HUANCAVELICA";"GOBIERNO REGIONAL";"II-2";"00003853";"HOSPITAL DEPARTAMENTAL DE HUANCAVELICA";"241500";"HOSPITALIZACIÓN QUIRÚRGICA GINECOLOGÍA  ";"64";"64";"179";"450";"18";"540";"0"
"2023";"12";"090101";"HUANCAVELICA";"HUANCAVELICA";"HUANCAVELICA";"GOBIERNO REGIONAL";"II-2";"00003853";"HOSPITAL DEPARTAMENTAL DE HUANCAVELICA";"241800";"HOSPITALIZACIÓN DE MEDICINA MEDICINA GENERAL ";"85";"85";"388";"390";"20";"600";"3"
"2023";"12";"090101";"HUANCAVELICA";"HUANCAVELICA";"HUANCAVELICA";"GOBIERNO REGIONAL";"II-2";"00003853";"HOSPITAL DEPARTAMENTAL DE HUANCAVELICA";"241900";"HOSPITALIZACIÓN DE MEDICINA MEDICINA INTERNA ";"1";"1";"1";"270";"20";"600";"0"
"2023";"12";"090101";"HUANCAVELICA";"HUANCAVELICA";"HUANCAVELICA";"GOBIERNO REGIONAL";"II-2";"00003853";"HOSPITAL DEPARTAMENTAL DE HUANCAVELICA";"242300";"HOSPITALIZACIÓN DE PEDIATRÍA  PEDIATRÍA  GENERAL ";"26";"26";"79";"300";"11";"330";"0"
"2023";"12";"090101";"HUANCAVELICA";"HUANCAVELICA";"HUANCAVELICA";"GOBIERNO REGIONAL";"II-2";"00003853";"HOSPITAL DEPARTAMENTAL DE HUANCAVELICA";"243200";"HOSPITALIZACIÓN DE PEDIATRÍA PEDIATRIA NEONATOLOGÍA";"35";"35";"140";"300";"16";"480";"1"
"2023";"12";"090101";"HUANCAVELICA";"HUANCAVELICA";"HUANCAVELICA";"GOBIERNO REGIONAL";"II-2";"00003853";"HOSPITAL DEPARTAMENTAL DE HUANCAVELICA";"250105";"UNIDAD DE CUIDADOS CRITICOS UNIDAD  DE CUIDADOS INTENSIVOS  (UCI) NEONATOLOGÍA";"2";"2";"20";"300";"16";"480";"0"
"2023";"12";"090101";"HUANCAVELICA";"HUANCAVELICA";"HUANCAVELICA";"GOBIERNO REGIONAL";"II-2";"00003853";"HOSPITAL DEPARTAMENTAL DE HUANCAVELICA";"250200";"UNIDAD DE CUIDADOS CRITICOS UNIDAD DE CUIDADOS INTERMEDIOS GENERAL  (UCIN) ";"10";"10";"185";"180";"8";"240";"1"
"2023";"12";"090101";"HUANCAVELICA";"HUANCAVELICA";"HUANCAVELICA";"GOBIERNO REGIONAL";"II-2";"00003853";"HOSPITAL DEPARTAMENTAL DE HUANCAVELICA";"250306";"HOSPIT. EN UNIDAD DE CUID.INTEN.-UNIDAD DE VIGILANCIA INTENSIVA (UVI)-PEDIATRÍA";"4";"4";"135";"300";"11";"330";"0"
"2023";"12";"080906";"CUSCO";"LA CONVENCION";"QUELLOUNO";"GOBIERNO REGIONAL";"I-2";"00002468";"SAN MARTIN";"NE_0001";"";"NE_0001";"NE_0001";"NE_0001";"NE_0001";"NE_0001";"NE_0001";"NE_0001"
"2023";"12";"080906";"CUSCO";"LA CONVENCION";"QUELLOUNO";"GOBIERNO REGIONAL";"I-1";"00008908";"CHIRUMBIA";"NE_0001";"";"NE_0001";"NE_0001";"NE_0001";"NE_0001";"NE_0001";"NE_0001";"NE_0001"
"2023";"12";"080506";"CUSCO";"CANAS";"PAMPAMARCA";"GOBIERNO REGIONAL";"I-2";"00002372";"PAMPAMARCA";"NE_0001";"";"NE_0001";"NE_0001";"NE_0001";"NE_0001";"NE_0001";"NE_0001";"NE_0001"
"2023";"12";"150117";"LIMA";"LIMA";"LOS OLIVOS";"PRIVADO";"II-E";"00018307";"CLINICA MARIA SRL";"240100";"HOSPITALIZACIÓN QUIRÚRGICA CIRUGÍA GENERAL ";"22";"22";"21";"21";"8";"227";"0"
"2023";"10";"250102";"UCAYALI";"CORONEL PORTILLO";"CAMPOVERDE";"GOBIERNO REGIONAL";"I-1";"00011626";"NUEVA ESPERANZA";"NE_0001";"";"NE_0001";"NE_0001";"NE_0001";"NE_0001";"NE_0001";"NE_0001";"NE_0001"
"2023";"10";"250102";"UCAYALI";"CORONEL PORTILLO";"CAMPOVERDE";"GOBIERNO REGIONAL";"I-2";"00007081";"LA MERCED DE NESHUYA";"NE_0001";"";"NE_0001";"NE_0001";"NE_0001";"NE_0001";"NE_0001";"NE_0001";"NE_0001"
"2023";"10";"250102";"UCAYALI";"CORONEL PORTILLO";"CAMPOVERDE";"GOBIERNO REGIONAL";"I-1";"00007080";"YERBAS BUENAS";"NE_0001";"";"NE_0001";"NE_0001";"NE_0001";"NE_0001";"NE_0001";"NE_0001";"NE_0001"
"2023";"10";"250102";"UCAYALI";"CORONEL PORTILLO";"CAMPOVERDE";"GOBIERNO REGIONAL";"I-1";"00005441";"SEÑOR DE LOS MILAGROS KM 24";"NE_0001";"";"NE_0001";"NE_0001";"NE_0001";"NE_0001";"NE_0001";"NE_0001";"NE_0001"
"2023";"10";"250102";"UCAYALI";"CORONEL PORTILLO";"CAMPOVERDE";"GOBIERNO REGIONAL";"I-1";"00005437";"ANTONIO RAYMONDI";"NE_0001";"";"NE_0001";"NE_0001";"NE_0001";"NE_0001";"NE_0001";"NE_0001";"NE_0001"
"2023";"10";"250102";"UCAYALI";"CORONEL PORTILLO";"CAMPOVERDE";"GOBIERNO REGIONAL";"I-1";"00005436";"LA VICTORIA";"NE_0001";"";"NE_0001";"NE_0001";"NE_0001";"NE_0001";"NE_0001";"NE_0001";"NE_0001"
"2023";"10";"250102";"UCAYALI";"CORONEL PORTILLO";"CAMPOVERDE";"GOBIERNO REGIONAL";"I-1";"00005435";"EL PORVENIR KM 25";"NE_0001";"";"NE_0001";"NE_0001";"NE_0001";"NE_0001";"NE_0001";"NE_0001";"NE_0001"
"2023";"10";"250102";"UCAYALI";"CORONEL PORTILLO";"CAMPOVERDE";"GOBIERNO REGIONAL";"I-1";"00005434";"PUESTO DE SALUD  ALTO MANANTAY";"NE_0001";"";"NE_0001";"NE_0001";"NE_0001";"NE_0001";"NE_0001";"NE_0001";"NE_0001"
"2023";"10";"250102";"UCAYALI";"CORONEL PORTILLO";"CAMPOVERDE";"GOBIERNO REGIONAL";"I-1";"00005430";"SAN JOSE KM 26";"NE_0001";"";"NE_0001";"NE_0001";"NE_0001";"NE_0001";"NE_0001";"NE_0001";"NE_0001"
"2023";"10";"250102";"UCAYALI";"CORONEL PORTILLO";"CAMPOVERDE";"GOBIERNO REGIONAL";"I-1";"00005427";"PUEBLO LIBRE";"NE_0001";"";"NE_0001";"NE_0001";"NE_0001";"NE_0001";"NE_0001";"NE_0001";"NE_0001"
"2023";"10";"250102";"UCAYALI";"CORONEL PORTILLO";"CAMPOVERDE";"GOBIERNO REGIONAL";"I-3";"00005426";"CAMPO VERDE";"NE_0001";"";"NE_0001";"NE_0001";"NE_0001";"NE_0001";"NE_0001";"NE_0001";"NE_0001"
"2023";"12";"130103";"LA LIBERTAD";"TRUJILLO";"FLORENCIA DE MORA";"GOBIERNO REGIONAL";"II-1";"00005217";"HOSPITAL DISTRITAL EL ESFUERZO DE FLORENCIA DE MORA";"241600";"HOSPITALIZACIÓN QUIRÚRGICA OBSTETRICIA   ";"11";"11";"11";"11";"7";"217";"0"
"2023";"12";"130103";"LA LIBERTAD";"TRUJILLO";"FLORENCIA DE MORA";"GOBIERNO REGIONAL";"II-1";"00005217";"HOSPITAL DISTRITAL EL ESFUERZO DE FLORENCIA DE MORA";"241400";"HOSPITALIZACIÓN QUIRÚRGICA GINECO - OBSTETRICIA ";"4";"4";"16";"16";"3";"93";"0"
"2023";"12";"040119";"AREQUIPA";"AREQUIPA";"SAN JUAN DE TARUCANI";"GOBIERNO REGIONAL";"I-2";"00001319";"PUESTO DE SALUD SAN JUAN DE TARUCANI";"NE_0001";"";"NE_0001";"NE_0001";"NE_0001";"NE_0001";"NE_0001";"NE_0001";"NE_0001"
"2023";"12";"040106";"AREQUIPA";"AREQUIPA";"CHIGUATA";"GOBIERNO REGIONAL";"I-3";"00001299";"CENTRO DE SALUD CHIGUATA";"NE_0001";"";"NE_0001";"NE_0001";"NE_0001";"NE_0001";"NE_0001";"NE_0001";"NE_0001"
"2023";"12";"040119";"AREQUIPA";"AREQUIPA";"SAN JUAN DE TARUCANI";"GOBIERNO REGIONAL";"I-2";"00001321";"PUESTO DE SALUD SALINAS HUITO";"NE_0001";"";"NE_0001";"NE_0001";"NE_0001";"NE_0001";"NE_0001";"NE_0001";"NE_0001"
"2023";"12";"040106";"AREQUIPA";"AREQUIPA";"CHIGUATA";"GOBIERNO REGIONAL";"I-2";"00001320";"PUESTO DE SALUD ARENALES";"NE_0001";"";"NE_0001";"NE_0001";"NE_0001";"NE_0001";"NE_0001";"NE_0001";"NE_0001"
"2023";"12";"061101";"CAJAMARCA";"SAN MIGUEL";"SAN MIGUEL";"ESSALUD";"I-2";"00010273";"POSTA MEDICA ESSALUD SAN MIGUEL";"NE_0001";"";"NE_0001";"NE_0001";"NE_0001";"NE_0001";"NE_0001";"NE_0001";"NE_0001"
"2023";"12";"150204";"LIMA";"BARRANCA";"SUPE";"GOBIERNO REGIONAL";"II-1";"00007636";"HOSPITAL DE SUPE LAURA ESTHER RODRIGUEZ DULANTO";"240100";"HOSPITALIZACIÓN QUIRÚRGICA CIRUGÍA GENERAL ";"16";"18";"68";"64";"6";"186";"0"
"2023";"12";"150204";"LIMA";"BARRANCA";"SUPE";"GOBIERNO REGIONAL";"II-1";"00007636";"HOSPITAL DE SUPE LAURA ESTHER RODRIGUEZ DULANTO";"241400";"HOSPITALIZACIÓN QUIRÚRGICA GINECO - OBSTETRICIA ";"59";"61";"135";"152";"15";"465";"0"
"2023";"12";"150204";"LIMA";"BARRANCA";"SUPE";"GOBIERNO REGIONAL";"II-1";"00007636";"HOSPITAL DE SUPE LAURA ESTHER RODRIGUEZ DULANTO";"241800";"HOSPITALIZACIÓN DE MEDICINA MEDICINA GENERAL ";"16";"21";"84";"76";"10";"310";"1"
"2023";"12";"150204";"LIMA";"BARRANCA";"SUPE";"GOBIERNO REGIONAL";"II-1";"00007636";"HOSPITAL DE SUPE LAURA ESTHER RODRIGUEZ DULANTO";"242200";"HOSPITALIZACIÓN DE MEDICINA PSIQUIATRÍA ";"3";"8";"127";"147";"10";"310";"0"
"2023";"12";"150204";"LIMA";"BARRANCA";"SUPE";"GOBIERNO REGIONAL";"II-1";"00007636";"HOSPITAL DE SUPE LAURA ESTHER RODRIGUEZ DULANTO";"242500";"HOSPITALIZACIÓN-PEDIATRÍA GENERAL-";"24";"25";"86";"89";"8";"248";"0"
"2023";"12";"150204";"LIMA";"BARRANCA";"SUPE";"GOBIERNO REGIONAL";"II-1";"00007636";"HOSPITAL DE SUPE LAURA ESTHER RODRIGUEZ DULANTO";"243200";"HOSPITALIZACIÓN DE PEDIATRÍA PEDIATRIA NEONATOLOGÍA";"42";"44";"64";"65";"5";"155";"0"
"2023";"12";"090117";"HUANCAVELICA";"HUANCAVELICA";"YAULI";"GOBIERNO REGIONAL";"I-1";"00006824";"CHUCLLACCASA";"NE_0001";"";"NE_0001";"NE_0001";"NE_0001";"NE_0001";"NE_0001";"NE_0001";"NE_0001"
"2023";"12";"090117";"HUANCAVELICA";"HUANCAVELICA";"YAULI";"GOBIERNO REGIONAL";"I-1";"00007337";"PUCACCASA CHOPCCA";"NE_0001";"";"NE_0001";"NE_0001";"NE_0001";"NE_0001";"NE_0001";"NE_0001";"NE_0001"
"2023";"12";"090117";"HUANCAVELICA";"HUANCAVELICA";"YAULI";"GOBIERNO REGIONAL";"I-1";"00011190";"LOS ANDES DE SOTOPAMPA";"NE_0001";"";"NE_0001";"NE_0001";"NE_0001";"NE_0001";"NE_0001";"NE_0001";"NE_0001"
"2023";"12";"090117";"HUANCAVELICA";"HUANCAVELICA";"YAULI";"GOBIERNO REGIONAL";"I-2";"00003886";"SANTA ROSA DE CHOPCCA";"NE_0001";"";"NE_0001";"NE_0001";"NE_0001";"NE_0001";"NE_0001";"NE_0001";"NE_0001"
"2023";"12";"090117";"HUANCAVELICA";"HUANCAVELICA";"YAULI";"GOBIERNO REGIONAL";"I-1";"00007336";"CONDORHUACHANA";"NE_0001";"";"NE_0001";"NE_0001";"NE_0001";"NE_0001";"NE_0001";"NE_0001";"NE_0001"
"2023";"12";"090117";"HUANCAVELICA";"HUANCAVELICA";"YAULI";"GOBIERNO REGIONAL";"I-1";"00003888";"CHUÑUNAPAMPA";"NE_0001";"";"NE_0001";"NE_0001";"NE_0001";"NE_0001";"NE_0001";"NE_0001";"NE_0001"
"2023";"12";"090117";"HUANCAVELICA";"HUANCAVELICA";"YAULI";"GOBIERNO REGIONAL";"I-2";"00007338";"CCOLLPACCASA";"NE_0001";"";"NE_0001";"NE_0001";"NE_0001";"NE_0001";"NE_0001";"NE_0001";"NE_0001"
"2023";"12";"130902";"LA LIBERTAD";"SANCHEZ CARRION";"CHUGAY";"GOBIERNO REGIONAL";"I-2";"00005353";"UCHUBAMBA";"NE_0001";"";"NE_0001";"NE_0001";"NE_0001";"NE_0001";"NE_0001";"NE_0001";"NE_0001"
"2023";"12";"130902";"LA LIBERTAD";"SANCHEZ CARRION";"CHUGAY";"GOBIERNO REGIONAL";"I-2";"00005354";"COCHABAMBA";"NE_0001";"";"NE_0001";"NE_0001";"NE_0001";"NE_0001";"NE_0001";"NE_0001";"NE_0001"
"2023";"12";"130902";"LA LIBERTAD";"SANCHEZ CARRION";"CHUGAY";"GOBIERNO REGIONAL";"I-2";"00017924";"UCHUY";"NE_0001";"";"NE_0001";"NE_0001";"NE_0001";"NE_0001";"NE_0001";"NE_0001";"NE_0001"
"2023";"12";"130902";"LA LIBERTAD";"SANCHEZ CARRION";"CHUGAY";"GOBIERNO REGIONAL";"I-2";"00005352";"CHUGAY";"NE_0001";"";"NE_0001";"NE_0001";"NE_0001";"NE_0001";"NE_0001";"NE_0001";"NE_0001"
"2023";"12";"130902";"LA LIBERTAD";"SANCHEZ CARRION";"CHUGAY";"GOBIERNO REGIONAL";"I-1";"00018297";"HUAGUIL";"NE_0001";"";"NE_0001";"NE_0001";"NE_0001";"NE_0001";"NE_0001";"NE_0001";"NE_0001"
"2023";"12";"130902";"LA LIBERTAD";"SANCHEZ CARRION";"CHUGAY";"GOBIERNO REGIONAL";"I-1";"00029509";"PUESTO DE SALUD AHIJADERO";"NE_0001";"";"NE_0001";"NE_0001";"NE_0001";"NE_0001";"NE_0001";"NE_0001";"NE_0001"
"2023";"12";"130902";"LA LIBERTAD";"SANCHEZ CARRION";"CHUGAY";"GOBIERNO REGIONAL";"I-1";"00024527";"NUEVO HUAYCHO";"NE_0001";"";"NE_0001";"NE_0001";"NE_0001";"NE_0001";"NE_0001";"NE_0001";"NE_0001"
"2023";"12";"130902";"LA LIBERTAD";"SANCHEZ CARRION";"CHUGAY";"GOBIERNO REGIONAL";"I-2";"00018225";"CANUCUBAMBA";"NE_0001";"";"NE_0001";"NE_0001";"NE_0001";"NE_0001";"NE_0001";"NE_0001";"NE_0001"
"2023";"12";"130902";"LA LIBERTAD";"SANCHEZ CARRION";"CHUGAY";"GOBIERNO REGIONAL";"I-1";"00031804";"PUESTO DE SALUD PAJA BLANCA";"NE_0001";"";"NE_0001";"NE_0001";"NE_0001";"NE_0001";"NE_0001";"NE_0001";"NE_0001"
"2023";"12";"100102";"HUANUCO";"HUANUCO";"AMARILIS";"GOBIERNO REGIONAL";"II-E";"00000756";"HOSPITAL MATERNO INFANTIL CARLOS SHOWING FERRARI";"241400";"HOSPITALIZACIÓN QUIRÚRGICA GINECO - OBSTETRICIA ";"157";"178";"422";"600";"25";"775";"0"
"2023";"12";"100102";"HUANUCO";"HUANUCO";"AMARILIS";"GOBIERNO REGIONAL";"II-E";"00000756";"HOSPITAL MATERNO INFANTIL CARLOS SHOWING FERRARI";"242500";"HOSPITALIZACIÓN-PEDIATRÍA GENERAL-";"22";"28";"141";"169";"11";"341";"0"
"2023";"12";"100102";"HUANUCO";"HUANUCO";"AMARILIS";"GOBIERNO REGIONAL";"II-E";"00000756";"HOSPITAL MATERNO INFANTIL CARLOS SHOWING FERRARI";"243200";"HOSPITALIZACIÓN DE PEDIATRÍA PEDIATRIA NEONATOLOGÍA";"28";"30";"77";"107";"11";"341";"0"
"2023";"12";"090301";"HUANCAVELICA";"ANGARAES";"LIRCAY";"GOBIERNO REGIONAL";"I-1";"00003950";"CHALLHUAPUQUIO";"NE_0001";"";"NE_0001";"NE_0001";"NE_0001";"NE_0001";"NE_0001";"NE_0001";"NE_0001"
"2023";"12";"090307";"HUANCAVELICA";"ANGARAES";"HUANCA-HUANCA";"GOBIERNO REGIONAL";"I-2";"00003953";"HUANCA HUANCA";"NE_0001";"";"NE_0001";"NE_0001";"NE_0001";"NE_0001";"NE_0001";"NE_0001";"NE_0001"
"2023";"12";"090301";"HUANCAVELICA";"ANGARAES";"LIRCAY";"GOBIERNO REGIONAL";"I-1";"00011769";"YANAUTUTO";"NE_0001";"";"NE_0001";"NE_0001";"NE_0001";"NE_0001";"NE_0001";"NE_0001";"NE_0001"
"2023";"12";"090304";"HUANCAVELICA";"ANGARAES";"CCOCHACCASA";"GOBIERNO REGIONAL";"I-1";"00003957";"CCASCCABAMBA";"NE_0001";"";"NE_0001";"NE_0001";"NE_0001";"NE_0001";"NE_0001";"NE_0001";"NE_0001"
"2023";"12";"090301";"HUANCAVELICA";"ANGARAES";"LIRCAY";"GOBIERNO REGIONAL";"I-1";"00007384";"SAN JUAN DE AHUAY";"NE_0001";"";"NE_0001";"NE_0001";"NE_0001";"NE_0001";"NE_0001";"NE_0001";"NE_0001"
"2023";"12";"090311";"HUANCAVELICA";"ANGARAES";"SANTO TOMAS DE PATA";"GOBIERNO REGIONAL";"I-1";"00011768";"CUTICSA";"NE_0001";"";"NE_0001";"NE_0001";"NE_0001";"NE_0001";"NE_0001";"NE_0001";"NE_0001"
"2023";"12";"090312";"HUANCAVELICA";"ANGARAES";"SECCLLA";"GOBIERNO REGIONAL";"I-1";"00003971";"TRANCA";"NE_0001";"";"NE_0001";"NE_0001";"NE_0001";"NE_0001";"NE_0001";"NE_0001";"NE_0001"
"2023";"12";"090304";"HUANCAVELICA";"ANGARAES";"CCOCHACCASA";"GOBIERNO REGIONAL";"I-1";"00003956";"SAN PEDRO DE MIMOSA";"NE_0001";"";"NE_0001";"NE_0001";"NE_0001";"NE_0001";"NE_0001";"NE_0001";"NE_0001"
"2023";"12";"090301";"HUANCAVELICA";"ANGARAES";"LIRCAY";"GOBIERNO REGIONAL";"I-1";"00007373";"SOCCLLABAMBA";"NE_0001";"";"NE_0001";"NE_0001";"NE_0001";"NE_0001";"NE_0001";"NE_0001";"NE_0001"
"2023";"12";"090301";"HUANCAVELICA";"ANGARAES";"LIRCAY";"GOBIERNO REGIONAL";"I-2";"00003949";"CHAHUARMA";"NE_0001";"";"NE_0001";"NE_0001";"NE_0001";"NE_0001";"NE_0001";"NE_0001";"NE_0001"
"2023";"12";"090301";"HUANCAVELICA";"ANGARAES";"LIRCAY";"GOBIERNO REGIONAL";"I-1";"00003951";"TUCSIPAMPA";"NE_0001";"";"NE_0001";"NE_0001";"NE_0001";"NE_0001";"NE_0001";"NE_0001";"NE_0001"
"2023";"12";"090305";"HUANCAVELICA";"ANGARAES";"CHINCHO";"GOBIERNO REGIONAL";"I-1";"00003963";"CHINCHO";"NE_0001";"";"NE_0001";"NE_0001";"NE_0001";"NE_0001";"NE_0001";"NE_0001";"NE_0001"
"2023";"12";"090306";"HUANCAVELICA";"ANGARAES";"CONGALLA";"GOBIERNO REGIONAL";"I-1";"00011199";"CHAYNABAMBA";"NE_0001";"";"NE_0001";"NE_0001";"NE_0001";"NE_0001";"NE_0001";"NE_0001";"NE_0001"
"2023";"12";"090302";"HUANCAVELICA";"ANGARAES";"ANCHONGA";"GOBIERNO REGIONAL";"I-1";"00011454";"ALTO MARAYNIYOCC";"NE_0001";"";"NE_0001";"NE_0001";"NE_0001";"NE_0001";"NE_0001";"NE_0001";"NE_0001"
"2023";"12";"090302";"HUANCAVELICA";"ANGARAES";"ANCHONGA";"GOBIERNO REGIONAL";"I-1";"00006930";"HUARIRUMI - CHONTACANCHA";"NE_0001";"";"NE_0001";"NE_0001";"NE_0001";"NE_0001";"NE_0001";"NE_0001";"NE_0001"
"2023";"12";"090302";"HUANCAVELICA";"ANGARAES";"ANCHONGA";"GOBIERNO REGIONAL";"I-2";"00003961";"SAN PABLO DE OCCO";"NE_0001";"";"NE_0001";"NE_0001";"NE_0001";"NE_0001";"NE_0001";"NE_0001";"NE_0001"
"2023";"12";"060801";"CAJAMARCA";"JAEN";"JAEN";"GOBIERNO REGIONAL";"I-1";"00004218";"VISTA ALEGRE  DE ZONANGA";"NE_0001";"";"NE_0001";"NE_0001";"NE_0001";"NE_0001";"NE_0001";"NE_0001";"NE_0001"
"2023";"12";"060801";"CAJAMARCA";"JAEN";"JAEN";"GOBIERNO REGIONAL";"I-1";"00004217";"TABACAL";"NE_0001";"";"NE_0001";"NE_0001";"NE_0001";"NE_0001";"NE_0001";"NE_0001";"NE_0001"
"2023";"12";"220910";"SAN MARTIN";"SAN MARTIN";"MORALES";"ESSALUD";"I-2";"00027730";"CENTRO DE ATENCIÓN PRIMARIA MORALES - ESSALUD";"NE_0001";"";"NE_0001";"NE_0001";"NE_0001";"NE_0001";"NE_0001";"NE_0001";"NE_0001"
"2023";"12";"060802";"CAJAMARCA";"JAEN";"BELLAVISTA";"GOBIERNO REGIONAL";"I-3";"00004224";"CRUCE SHUMBA";"NE_0001";"";"NE_0001";"NE_0001";"NE_0001";"NE_0001";"NE_0001";"NE_0001";"NE_0001"
"2023";"12";"150121";"LIMA";"LIMA";"PUEBLO LIBRE";"PRIVADO";"II-E";"00008351";"CLINICAS SAN BERNARDO S.A.";"240000";"HOSPITALIZACIÓN";"96";"100";"253";"237";"22";"682";"0"
"2023";"12";"120808";"JUNIN";"YAULI";"SANTA ROSA DE SACCO";"ESSALUD";"II-1";"00008653";"HOSPITAL II ALBERTO HURTADO ABADIA";"241800";"HOSPITALIZACIÓN DE MEDICINA MEDICINA GENERAL ";"21";"26";"164";"133";"12";"364";"0"
"2023";"12";"120808";"JUNIN";"YAULI";"SANTA ROSA DE SACCO";"ESSALUD";"II-1";"00008653";"HOSPITAL II ALBERTO HURTADO ABADIA";"240100";"HOSPITALIZACIÓN QUIRÚRGICA CIRUGÍA GENERAL ";"32";"34";"139";"132";"8";"249";"0"
"2023";"12";"120808";"JUNIN";"YAULI";"SANTA ROSA DE SACCO";"ESSALUD";"II-1";"00008653";"HOSPITAL II ALBERTO HURTADO ABADIA";"241200";"HOSPITALIZACIÓN QUIRÚRGICA TRAUMATOLOGÍA Y ORTOPEDIA ";"30";"32";"132";"132";"8";"248";"0"
"2023";"12";"120808";"JUNIN";"YAULI";"SANTA ROSA DE SACCO";"ESSALUD";"II-1";"00008653";"HOSPITAL II ALBERTO HURTADO ABADIA";"241500";"HOSPITALIZACIÓN QUIRÚRGICA GINECOLOGÍA  ";"12";"13";"30";"23";"2";"69";"0"
"2023";"12";"120808";"JUNIN";"YAULI";"SANTA ROSA DE SACCO";"ESSALUD";"II-1";"00008653";"HOSPITAL II ALBERTO HURTADO ABADIA";"241600";"HOSPITALIZACIÓN QUIRÚRGICA OBSTETRICIA   ";"31";"30";"73";"87";"5";"155";"0"
"2023";"12";"120808";"JUNIN";"YAULI";"SANTA ROSA DE SACCO";"ESSALUD";"II-1";"00008653";"HOSPITAL II ALBERTO HURTADO ABADIA";"242300";"HOSPITALIZACIÓN DE PEDIATRÍA  PEDIATRÍA  GENERAL ";"22";"19";"59";"74";"5";"155";"0"
"2023";"12";"120808";"JUNIN";"YAULI";"SANTA ROSA DE SACCO";"ESSALUD";"II-1";"00008653";"HOSPITAL II ALBERTO HURTADO ABADIA";"250304";"HOSPIT. EN UNIDAD DE CUID.INTEN.-UNIDAD DE VIGILANCIA INTENSIVA (UVI)-MEDICINA";"12";"11";"52";"82";"4";"90";"1"
"2023";"12";"090719";"HUANCAVELICA";"TAYACAJA";"QUICHUAS";"GOBIERNO REGIONAL";"I-2";"00006914";"SAN JOSE";"NE_0001";"";"NE_0001";"NE_0001";"NE_0001";"NE_0001";"NE_0001";"NE_0001";"NE_0001"
"2023";"12";"090702";"HUANCAVELICA";"TAYACAJA";"ACOSTAMBO";"GOBIERNO REGIONAL";"I-1";"00007108";"QUINTAOJO";"NE_0001";"";"NE_0001";"NE_0001";"NE_0001";"NE_0001";"NE_0001";"NE_0001";"NE_0001"
"2023";"12";"090716";"HUANCAVELICA";"TAYACAJA";"SAN MARCOS DE ROCCHAC";"GOBIERNO REGIONAL";"I-1";"00004124";"HUARI";"NE_0001";"";"NE_0001";"NE_0001";"NE_0001";"NE_0001";"NE_0001";"NE_0001";"NE_0001"
"2023";"12";"090715";"HUANCAVELICA";"TAYACAJA";"SALCAHUASI";"GOBIERNO REGIONAL";"I-2";"00004126";"SALCAHUASI";"NE_0001";"";"NE_0001";"NE_0001";"NE_0001";"NE_0001";"NE_0001";"NE_0001";"NE_0001"
"2023";"12";"090701";"HUANCAVELICA";"TAYACAJA";"PAMPAS";"GOBIERNO REGIONAL";"I-3";"00026004";"CENTRO DE SALUD MENTAL COMUNITARIO TAYACAJA";"NE_0002";"";"NE_0002";"NE_0002";"NE_0002";"NE_0002";"NE_0002";"NE_0002";"NE_0002"
"2023";"12";"061001";"CAJAMARCA";"SAN MARCOS";"PEDRO GALVEZ";"ESSALUD";"I-2";"00010275";"POSTA MEDICA DE SAN MARCOS";"NE_0001";"";"NE_0001";"NE_0001";"NE_0001";"NE_0001";"NE_0001";"NE_0001";"NE_0001"
"2023";"12";"040103";"AREQUIPA";"AREQUIPA";"CAYMA";"GOBIERNO REGIONAL";"I-3";"00001235";"BUENOS AIRES DE CAYMA";"NE_0001";"";"NE_0001";"NE_0001";"NE_0001";"NE_0001";"NE_0001";"NE_0001";"NE_0001"
"2023";"12";"040103";"AREQUIPA";"AREQUIPA";"CAYMA";"GOBIERNO REGIONAL";"I-2";"00001245";"SAN JOSE";"NE_0001";"";"NE_0001";"NE_0001";"NE_0001";"NE_0001";"NE_0001";"NE_0001";"NE_0001"
"2023";"12";"040103";"AREQUIPA";"AREQUIPA";"CAYMA";"GOBIERNO REGIONAL";"I-2";"00001246";"DEAN VALDIVIA";"NE_0001";"";"NE_0001";"NE_0001";"NE_0001";"NE_0001";"NE_0001";"NE_0001";"NE_0001"
"2023";"12";"220601";"SAN MARTIN";"MARISCAL CACERES";"JUANJUI";"ESSALUD";"I-4";"00016481";"HOSPITAL I JUANJUI - ESSALUD";"241800";"HOSPITALIZACIÓN DE MEDICINA MEDICINA GENERAL ";"67";"70";"261";"191";"8";"248";"0"
"2023";"12";"220301";"SAN MARTIN";"EL DORADO";"SAN JOSE DE SISA";"GOBIERNO REGIONAL";"I-1";"00006490";"HUAJA";"NE_0001";"";"NE_0001";"NE_0001";"NE_0001";"NE_0001";"NE_0001";"NE_0001";"NE_0001"
"2023";"12";"220101";"SAN MARTIN";"MOYOBAMBA";"MOYOBAMBA";"GOBIERNO REGIONAL";"I-1";"00006321";"LOS ANGELES";"NE_0001";"";"NE_0001";"NE_0001";"NE_0001";"NE_0001";"NE_0001";"NE_0001";"NE_0001"
"2023";"12";"220101";"SAN MARTIN";"MOYOBAMBA";"MOYOBAMBA";"GOBIERNO REGIONAL";"I-1";"00006320";"CAÑABRAVA";"NE_0001";"";"NE_0001";"NE_0001";"NE_0001";"NE_0001";"NE_0001";"NE_0001";"NE_0001"
"2023";"12";"220101";"SAN MARTIN";"MOYOBAMBA";"MOYOBAMBA";"GOBIERNO REGIONAL";"I-1";"00006319";"BUENOS AIRES";"NE_0001";"";"NE_0001";"NE_0001";"NE_0001";"NE_0001";"NE_0001";"NE_0001";"NE_0001"
"2023";"12";"220106";"SAN MARTIN";"MOYOBAMBA";"YANTALO";"GOBIERNO REGIONAL";"I-3";"00006318";"YANTALO";"NE_0001";"";"NE_0001";"NE_0001";"NE_0001";"NE_0001";"NE_0001";"NE_0001";"NE_0001"
"2023";"12";"010601";"AMAZONAS";"RODRIGUEZ DE MENDOZA";"SAN NICOLAS";"GOBIERNO REGIONAL";"II-1";"00004950";"MARIA AUXILIADORA";"241600";"HOSPITALIZACIÓN QUIRÚRGICA OBSTETRICIA   ";"11";"11";"25";"25";"5";"155";"0"
"2023";"12";"010601";"AMAZONAS";"RODRIGUEZ DE MENDOZA";"SAN NICOLAS";"GOBIERNO REGIONAL";"II-1";"00004950";"MARIA AUXILIADORA";"241800";"HOSPITALIZACIÓN DE MEDICINA MEDICINA GENERAL ";"26";"26";"80";"80";"10";"310";"0"
"2023";"12";"120903";"JUNIN";"CHUPACA";"CHONGOS BAJO";"GOBIERNO REGIONAL";"I-3";"00000649";"CHONGOS BAJO";"NE_0001";"";"NE_0001";"NE_0001";"NE_0001";"NE_0001";"NE_0001";"NE_0001";"NE_0001"
"2023";"12";"120906";"JUNIN";"CHUPACA";"SAN JUAN DE YSCOS";"GOBIERNO REGIONAL";"I-1";"00000657";"TINYARI CHICO";"NE_0001";"";"NE_0001";"NE_0001";"NE_0001";"NE_0001";"NE_0001";"NE_0001";"NE_0001"
"2023";"12";"120114";"JUNIN";"HUANCAYO";"EL TAMBO";"PRIVADO";"II-E";"00028966";"CLÍNICA ESPECIALIZADA MIRANDA";"241200";"HOSPITALIZACIÓN QUIRÚRGICA TRAUMATOLOGÍA Y ORTOPEDIA ";"19";"19";"19";"45";"9";"45";"0"
"2023";"12";"120114";"JUNIN";"HUANCAYO";"EL TAMBO";"PRIVADO";"II-E";"00028966";"CLÍNICA ESPECIALIZADA MIRANDA";"241100";"HOSPITALIZACIÓN QUIRÚRGICA OTORRINOLARINGOLOGÍA  ";"1";"1";"1";"10";"9";"10";"0"
"2023";"12";"120114";"JUNIN";"HUANCAYO";"EL TAMBO";"PRIVADO";"II-E";"00028966";"CLÍNICA ESPECIALIZADA MIRANDA";"241500";"HOSPITALIZACIÓN QUIRÚRGICA GINECOLOGÍA  ";"8";"8";"8";"20";"9";"20";"0"
"2023";"12";"120114";"JUNIN";"HUANCAYO";"EL TAMBO";"PRIVADO";"II-E";"00028966";"CLÍNICA ESPECIALIZADA MIRANDA";"240100";"HOSPITALIZACIÓN QUIRÚRGICA CIRUGÍA GENERAL ";"59";"59";"59";"110";"9";"110";"0"
"2023";"12";"150113";"LIMA";"LIMA";"JESUS MARIA";"PRIVADO";"III-1";"00009116";"CLINICA SAN FELIPE S.A.";"240000";"HOSPITALIZACIÓN";"391";"396";"1579";"51";"101";"3131";"1"
"2023";"12";"150113";"LIMA";"LIMA";"JESUS MARIA";"PRIVADO";"III-1";"00009116";"CLINICA SAN FELIPE S.A.";"250200";"UNIDAD DE CUIDADOS CRITICOS UNIDAD DE CUIDADOS INTERMEDIOS GENERAL  (UCIN) ";"70";"69";"325";"10";"25";"775";"2"
"2023";"12";"150113";"LIMA";"LIMA";"JESUS MARIA";"PRIVADO";"III-1";"00009116";"CLINICA SAN FELIPE S.A.";"250100";"UNIDAD DE CUIDADOS CRITICOS UNIDAD  DE CUIDADOS INTENSIVOS GENERALES (UCI) ";"42";"46";"153";"5";"21";"651";"2"
"2023";"12";"090707";"HUANCAVELICA";"TAYACAJA";"HUACHOCOLPA";"GOBIERNO REGIONAL";"I-3";"00004129";"HUACHOCOLPA";"NE_0002";"";"NE_0002";"NE_0002";"NE_0002";"NE_0002";"NE_0002";"NE_0002";"NE_0002"
"2023";"12";"020108";"ANCASH";"HUARAZ";"OLLEROS";"GOBIERNO REGIONAL";"I-2";"00001551";"PUESTO DE SALUD OLLEROS";"NE_0001";"";"NE_0001";"NE_0001";"NE_0001";"NE_0001";"NE_0001";"NE_0001";"NE_0001"
"2023";"12";"020101";"ANCASH";"HUARAZ";"HUARAZ";"GOBIERNO REGIONAL";"I-3";"00001562";"CENTRO DE SALUD HUARUPAMPA";"NE_0001";"";"NE_0001";"NE_0001";"NE_0001";"NE_0001";"NE_0001";"NE_0001";"NE_0001"
"2023";"12";"020105";"ANCASH";"HUARAZ";"INDEPENDENCIA";"GOBIERNO REGIONAL";"I-1";"00001564";"PUESTO DE SALUD HUAYAWILLCA";"NE_0001";"";"NE_0001";"NE_0001";"NE_0001";"NE_0001";"NE_0001";"NE_0001";"NE_0001"
"2023";"12";"020112";"ANCASH";"HUARAZ";"TARICA";"GOBIERNO REGIONAL";"I-1";"00001580";"PUESTO DE SALUD PASHPA";"NE_0001";"";"NE_0001";"NE_0001";"NE_0001";"NE_0001";"NE_0001";"NE_0001";"NE_0001"
"2023";"12";"021407";"ANCASH";"OCROS";"LLIPA";"GOBIERNO REGIONAL";"I-1";"00001761";"PUESTO DE SALUD LLIPA";"NE_0001";"";"NE_0001";"NE_0001";"NE_0001";"NE_0001";"NE_0001";"NE_0001";"NE_0001"
"2023";"12";"021409";"ANCASH";"OCROS";"SAN PEDRO";"GOBIERNO REGIONAL";"I-1";"00001763";"PUESTO DE SALUD SAN PEDRO DE COPA";"NE_0001";"";"NE_0001";"NE_0001";"NE_0001";"NE_0001";"NE_0001";"NE_0001";"NE_0001"
"2023";"12";"020205";"ANCASH";"AIJA";"SUCCHA";"GOBIERNO REGIONAL";"I-1";"00006635";"PUESTO DE SALUD LLANQUISH";"NE_0001";"";"NE_0001";"NE_0001";"NE_0001";"NE_0001";"NE_0001";"NE_0001";"NE_0001"
"2023";"12";"021708";"ANCASH";"RECUAY";"PARARIN";"GOBIERNO REGIONAL";"I-1";"00001489";"PUESTO DE SALUD PARARIN";"NE_0001";"";"NE_0001";"NE_0001";"NE_0001";"NE_0001";"NE_0001";"NE_0001";"NE_0001"
"2023";"12";"020509";"ANCASH";"BOLOGNESI";"HUASTA";"GOBIERNO REGIONAL";"I-2";"00001497";"PUESTO DE SALUD HUASTA";"NE_0001";"";"NE_0001";"NE_0001";"NE_0001";"NE_0001";"NE_0001";"NE_0001";"NE_0001"
"2023";"12";"020402";"ANCASH";"ASUNCION";"ACOCHACA";"GOBIERNO REGIONAL";"I-2";"00001541";"PUESTO DE SALUD ACOCHACA";"NE_0001";"";"NE_0001";"NE_0001";"NE_0001";"NE_0001";"NE_0001";"NE_0001";"NE_0001"
"2023";"12";"020105";"ANCASH";"HUARAZ";"INDEPENDENCIA";"GOBIERNO REGIONAL";"I-3";"00001557";"CENTRO DE SALUD NICRUPAMPA";"NE_0001";"";"NE_0001";"NE_0001";"NE_0001";"NE_0001";"NE_0001";"NE_0001";"NE_0001"
"2023";"12";"020111";"ANCASH";"HUARAZ";"PIRA";"GOBIERNO REGIONAL";"I-2";"00001586";"PUESTO DE SALUD YUPASH";"NE_0001";"";"NE_0001";"NE_0001";"NE_0001";"NE_0001";"NE_0001";"NE_0001";"NE_0001"
"2023";"12";"021102";"ANCASH";"HUARMEY";"COCHAPETI";"GOBIERNO REGIONAL";"I-1";"00001749";"PUESTO DE SALUD COCHAPETI";"NE_0001";"";"NE_0001";"NE_0001";"NE_0001";"NE_0001";"NE_0001";"NE_0001";"NE_0001"
"2023";"12";"021410";"ANCASH";"OCROS";"SANTIAGO DE CHILCAS";"GOBIERNO REGIONAL";"I-1";"00001764";"PUESTO DE SALUD CHILCAS";"NE_0001";"";"NE_0001";"NE_0001";"NE_0001";"NE_0001";"NE_0001";"NE_0001";"NE_0001"
"2023";"12";"010101";"AMAZONAS";"CHACHAPOYAS";"CHACHAPOYAS";"PRIVADO";"I-3";"00026399";"CENTRO MEDICO AMAZONAS EIRL";"NE_0001";"";"NE_0001";"NE_0001";"NE_0001";"NE_0001";"NE_0001";"NE_0001";"NE_0001"
"2023";"12";"020601";"ANCASH";"CARHUAZ";"CARHUAZ";"GOBIERNO REGIONAL";"I-2";"00007267";"PUESTO DE SALUD HUALCAN";"NE_0001";"";"NE_0001";"NE_0001";"NE_0001";"NE_0001";"NE_0001";"NE_0001";"NE_0001"
"2023";"12";"060101";"CAJAMARCA";"CAJAMARCA";"CAJAMARCA";"GOBIERNO REGIONAL";"I-2";"00015496";"CHONTAPACCHA";"NE_0002";"";"NE_0002";"NE_0002";"NE_0002";"NE_0002";"NE_0002";"NE_0002";"NE_0002"
"2023";"09";"250203";"UCAYALI";"ATALAYA";"TAHUANIA";"MINSA";"I-1";"00032189";"PUESTO DE SALUD MENCORIARI.";"NE_0001";"";"NE_0001";"NE_0001";"NE_0001";"NE_0001";"NE_0001";"NE_0001";"NE_0001"
"2023";"09";"250203";"UCAYALI";"ATALAYA";"TAHUANIA";"MINSA";"I-1";"00031894";"PUESTO DE SALUD NUEVO PARAISO-TAHUANIA.";"NE_0001";"";"NE_0001";"NE_0001";"NE_0001";"NE_0001";"NE_0001";"NE_0001";"NE_0001"
"2023";"09";"250202";"UCAYALI";"ATALAYA";"SEPAHUA";"GOBIERNO REGIONAL";"I-1";"00019549";"SANTA ROSA DE SERJALI";"NE_0001";"";"NE_0001";"NE_0001";"NE_0001";"NE_0001";"NE_0001";"NE_0001";"NE_0001"
"2023";"09";"250203";"UCAYALI";"ATALAYA";"TAHUANIA";"GOBIERNO REGIONAL";"I-1";"00007106";"TONIROMASHI";"NE_0001";"";"NE_0001";"NE_0001";"NE_0001";"NE_0001";"NE_0001";"NE_0001";"NE_0001"
"2023";"09";"250202";"UCAYALI";"ATALAYA";"SEPAHUA";"GOBIERNO REGIONAL";"I-1";"00005525";"PUIJA";"NE_0001";"";"NE_0001";"NE_0001";"NE_0001";"NE_0001";"NE_0001";"NE_0001";"NE_0001"
"2023";"09";"250202";"UCAYALI";"ATALAYA";"SEPAHUA";"GOBIERNO REGIONAL";"I-1";"00005524";"BUFEO POZO";"NE_0001";"";"NE_0001";"NE_0001";"NE_0001";"NE_0001";"NE_0001";"NE_0001";"NE_0001"
"2023";"09";"250202";"UCAYALI";"ATALAYA";"SEPAHUA";"GOBIERNO REGIONAL";"I-3";"00005523";"SEPAHUA";"NE_0001";"";"NE_0001";"NE_0001";"NE_0001";"NE_0001";"NE_0001";"NE_0001";"NE_0001"
"2023";"09";"250203";"UCAYALI";"ATALAYA";"TAHUANIA";"GOBIERNO REGIONAL";"I-1";"00005522";"TUPAC AMARU";"NE_0001";"";"NE_0001";"NE_0001";"NE_0001";"NE_0001";"NE_0001";"NE_0001";"NE_0001"
"2023";"09";"250203";"UCAYALI";"ATALAYA";"TAHUANIA";"GOBIERNO REGIONAL";"I-2";"00005521";"NUEVA ITALIA";"NE_0001";"";"NE_0001";"NE_0001";"NE_0001";"NE_0001";"NE_0001";"NE_0001";"NE_0001"
"2023";"09";"250203";"UCAYALI";"ATALAYA";"TAHUANIA";"GOBIERNO REGIONAL";"I-1";"00005520";"SHAHUAYA";"NE_0001";"";"NE_0001";"NE_0001";"NE_0001";"NE_0001";"NE_0001";"NE_0001";"NE_0001"
"2023";"09";"250203";"UCAYALI";"ATALAYA";"TAHUANIA";"GOBIERNO REGIONAL";"I-1";"00005519";"SEMPAYA";"NE_0001";"";"NE_0001";"NE_0001";"NE_0001";"NE_0001";"NE_0001";"NE_0001";"NE_0001"
"2023";"09";"250203";"UCAYALI";"ATALAYA";"TAHUANIA";"GOBIERNO REGIONAL";"I-3";"00005518";"BOLOGNESI";"NE_0001";"";"NE_0001";"NE_0001";"NE_0001";"NE_0001";"NE_0001";"NE_0001";"NE_0001"
"2023";"09";"250201";"UCAYALI";"ATALAYA";"RAIMONDI";"GOBIERNO REGIONAL";"I-1";"00005517";"SERJALI";"NE_0001";"";"NE_0001";"NE_0001";"NE_0001";"NE_0001";"NE_0001";"NE_0001";"NE_0001"
"2023";"09";"250201";"UCAYALI";"ATALAYA";"RAIMONDI";"GOBIERNO REGIONAL";"I-1";"00005516";"RIMA";"NE_0001";"";"NE_0001";"NE_0001";"NE_0001";"NE_0001";"NE_0001";"NE_0001";"NE_0001"
"2023";"09";"250201";"UCAYALI";"ATALAYA";"RAIMONDI";"GOBIERNO REGIONAL";"I-1";"00005515";"ALTO CHENCORENI";"NE_0001";"";"NE_0001";"NE_0001";"NE_0001";"NE_0001";"NE_0001";"NE_0001";"NE_0001"
"2023";"09";"250201";"UCAYALI";"ATALAYA";"RAIMONDI";"GOBIERNO REGIONAL";"I-1";"00005514";"CHEQUITAVO";"NE_0001";"";"NE_0001";"NE_0001";"NE_0001";"NE_0001";"NE_0001";"NE_0001";"NE_0001"
"2023";"09";"250201";"UCAYALI";"ATALAYA";"RAIMONDI";"GOBIERNO REGIONAL";"I-1";"00005512";"MAPALCA";"NE_0001";"";"NE_0001";"NE_0001";"NE_0001";"NE_0001";"NE_0001";"NE_0001";"NE_0001"
"2023";"09";"250201";"UCAYALI";"ATALAYA";"RAIMONDI";"GOBIERNO REGIONAL";"I-1";"00005511";"PAOTI";"NE_0001";"";"NE_0001";"NE_0001";"NE_0001";"NE_0001";"NE_0001";"NE_0001";"NE_0001"
"2023";"09";"250201";"UCAYALI";"ATALAYA";"RAIMONDI";"GOBIERNO REGIONAL";"I-1";"00005510";"LA FLORESTA";"NE_0001";"";"NE_0001";"NE_0001";"NE_0001";"NE_0001";"NE_0001";"NE_0001";"NE_0001"
"2023";"09";"250201";"UCAYALI";"ATALAYA";"RAIMONDI";"MINSA";"I-1";"00005509";"CHICOSA";"NE_0001";"";"NE_0001";"NE_0001";"NE_0001";"NE_0001";"NE_0001";"NE_0001";"NE_0001"
"2023";"09";"250201";"UCAYALI";"ATALAYA";"RAIMONDI";"MINSA";"I-1";"00005508";"UNINI";"NE_0001";"";"NE_0001";"NE_0001";"NE_0001";"NE_0001";"NE_0001";"NE_0001";"NE_0001"
"2023";"09";"250201";"UCAYALI";"ATALAYA";"RAIMONDI";"GOBIERNO REGIONAL";"I-1";"00005507";"BOCA PUCANI";"NE_0001";"";"NE_0001";"NE_0001";"NE_0001";"NE_0001";"NE_0001";"NE_0001";"NE_0001"
"2023";"09";"250201";"UCAYALI";"ATALAYA";"RAIMONDI";"MINSA";"I-1";"00005506";"P.S RAMON CASTILLA";"NE_0001";"";"NE_0001";"NE_0001";"NE_0001";"NE_0001";"NE_0001";"NE_0001";"NE_0001"
"2023";"09";"250201";"UCAYALI";"ATALAYA";"RAIMONDI";"GOBIERNO REGIONAL";"I-2";"00005505";"OBENTENI";"NE_0001";"";"NE_0001";"NE_0001";"NE_0001";"NE_0001";"NE_0001";"NE_0001";"NE_0001"
"2023";"09";"250201";"UCAYALI";"ATALAYA";"RAIMONDI";"MINSA";"I-1";"00005504";"COCANI";"NE_0001";"";"NE_0001";"NE_0001";"NE_0001";"NE_0001";"NE_0001";"NE_0001";"NE_0001"
"2023";"09";"250201";"UCAYALI";"ATALAYA";"RAIMONDI";"MINSA";"I-2";"00005503";"MALDONADILLO";"NE_0001";"";"NE_0001";"NE_0001";"NE_0001";"NE_0001";"NE_0001";"NE_0001";"NE_0001"
"2023";"09";"250201";"UCAYALI";"ATALAYA";"RAIMONDI";"GOBIERNO REGIONAL";"I-4";"00005502";"ATALAYA";"NE_0002";"";"NE_0002";"NE_0002";"NE_0002";"NE_0002";"NE_0002";"NE_0002";"NE_0002"
"2023";"12";"070101";"CALLAO";"CALLAO";"CALLAO";"PRIVADO";"II-2";"00018319";"HOSPITAL ALBERTO LEONARDO BARTON THOMPSON";"240100";"HOSPITALIZACIÓN QUIRÚRGICA CIRUGÍA GENERAL ";"25";"187";"1079";"773";"26";"806";"1"
"2023";"12";"070101";"CALLAO";"CALLAO";"CALLAO";"PRIVADO";"II-2";"00018319";"HOSPITAL ALBERTO LEONARDO BARTON THOMPSON";"241500";"HOSPITALIZACIÓN QUIRÚRGICA GINECOLOGÍA  ";"64";"186";"813";"838";"30";"930";"13"
"2023";"12";"070101";"CALLAO";"CALLAO";"CALLAO";"PRIVADO";"II-2";"00018319";"HOSPITAL ALBERTO LEONARDO BARTON THOMPSON";"241800";"HOSPITALIZACIÓN DE MEDICINA MEDICINA GENERAL ";"250";"273";"2602";"2306";"78";"2418";"33"
"2023";"12";"070101";"CALLAO";"CALLAO";"CALLAO";"PRIVADO";"II-2";"00018319";"HOSPITAL ALBERTO LEONARDO BARTON THOMPSON";"242300";"HOSPITALIZACIÓN DE PEDIATRÍA  PEDIATRÍA  GENERAL ";"99";"154";"403";"392";"33";"1023";"0"
"2023";"12";"070101";"CALLAO";"CALLAO";"CALLAO";"PRIVADO";"II-2";"00018319";"HOSPITAL ALBERTO LEONARDO BARTON THOMPSON";"250100";"UNIDAD DE CUIDADOS CRITICOS UNIDAD  DE CUIDADOS INTENSIVOS GENERALES (UCI) ";"16";"15";"173";"321";"17";"527";"13"
"2023";"12";"070101";"CALLAO";"CALLAO";"CALLAO";"PRIVADO";"II-2";"00018319";"HOSPITAL ALBERTO LEONARDO BARTON THOMPSON";"250200";"UNIDAD DE CUIDADOS CRITICOS UNIDAD DE CUIDADOS INTERMEDIOS GENERAL  (UCIN) ";"10";"14";"86";"334";"25";"775";"3"
"2023";"12";"150120";"LIMA";"LIMA";"MAGDALENA DEL MAR";"PRIVADO";"II-E";"00017703";"OPRECE";"NE_0001";"";"NE_0001";"NE_0001";"NE_0001";"NE_0001";"NE_0001";"NE_0001";"NE_0001"
"2023";"12";"080105";"CUSCO";"CUSCO";"SAN SEBASTIAN";"SANIDAD DE LA POLICIA NACIONAL DEL PERU";"I-3";"00011743";"POLICIAL ""SANTA ROSA""  CUSCO";"NE_0001";"";"NE_0001";"NE_0001";"NE_0001";"NE_0001";"NE_0001";"NE_0001";"NE_0001"
"2023";"12";"150113";"LIMA";"LIMA";"JESUS MARIA";"SANIDAD DEL EJERCITO DEL PERU";"III-1";"00017024";"HOSPITAL  MILITAR LUIS ARIAS SCHEREIBER";"240100";"HOSPITALIZACIÓN QUIRÚRGICA CIRUGÍA GENERAL ";"75";"95";"1327";"861";"66";"2046";"1"
"2023";"12";"150113";"LIMA";"LIMA";"JESUS MARIA";"SANIDAD DEL EJERCITO DEL PERU";"III-1";"00017024";"HOSPITAL  MILITAR LUIS ARIAS SCHEREIBER";"240800";"HOSPITALIZACIÓN QUIRÚRGICA CIRUGÍA PLÁSTICA/RECONSTRUCTIVA/ REPARADORA ";"12";"15";"224";"193";"9";"279";"0"
"2023";"12";"150113";"LIMA";"LIMA";"JESUS MARIA";"SANIDAD DEL EJERCITO DEL PERU";"III-1";"00017024";"HOSPITAL  MILITAR LUIS ARIAS SCHEREIBER";"240900";"HOSPITALIZACIÓN QUIRÚRGICA NEUROCIRUGÍA ";"8";"12";"736";"330";"15";"465";"0"
"2023";"12";"150113";"LIMA";"LIMA";"JESUS MARIA";"SANIDAD DEL EJERCITO DEL PERU";"III-1";"00017024";"HOSPITAL  MILITAR LUIS ARIAS SCHEREIBER";"241200";"HOSPITALIZACIÓN QUIRÚRGICA TRAUMATOLOGÍA Y ORTOPEDIA ";"42";"61";"1394";"735";"63";"1953";"0"
"2023";"12";"150113";"LIMA";"LIMA";"JESUS MARIA";"SANIDAD DEL EJERCITO DEL PERU";"III-1";"00017024";"HOSPITAL  MILITAR LUIS ARIAS SCHEREIBER";"241300";"HOSPITALIZACIÓN QUIRÚRGICA UROLOGÍA  ";"9";"8";"28";"178";"8";"248";"0"
"2023";"12";"150113";"LIMA";"LIMA";"JESUS MARIA";"SANIDAD DEL EJERCITO DEL PERU";"III-1";"00017024";"HOSPITAL  MILITAR LUIS ARIAS SCHEREIBER";"241400";"HOSPITALIZACIÓN QUIRÚRGICA GINECO - OBSTETRICIA ";"32";"39";"135";"116";"11";"341";"0"
"2023";"12";"150113";"LIMA";"LIMA";"JESUS MARIA";"SANIDAD DEL EJERCITO DEL PERU";"III-1";"00017024";"HOSPITAL  MILITAR LUIS ARIAS SCHEREIBER";"241900";"HOSPITALIZACIÓN DE MEDICINA MEDICINA INTERNA ";"106";"96";"928";"1276";"80";"2480";"9"
"2023";"12";"150113";"LIMA";"LIMA";"JESUS MARIA";"SANIDAD DEL EJERCITO DEL PERU";"III-1";"00017024";"HOSPITAL  MILITAR LUIS ARIAS SCHEREIBER";"242100";"HOSPITALIZACIÓN DE MEDICINA ONCOLOGÍA MÉDICA ";"16";"13";"80";"112";"9";"279";"0"
"2023";"12";"150113";"LIMA";"LIMA";"JESUS MARIA";"SANIDAD DEL EJERCITO DEL PERU";"III-1";"00017024";"HOSPITAL  MILITAR LUIS ARIAS SCHEREIBER";"242200";"HOSPITALIZACIÓN DE MEDICINA PSIQUIATRÍA ";"6";"11";"252";"107";"18";"558";"0"
"2023";"12";"150113";"LIMA";"LIMA";"JESUS MARIA";"SANIDAD DEL EJERCITO DEL PERU";"III-1";"00017024";"HOSPITAL  MILITAR LUIS ARIAS SCHEREIBER";"242300";"HOSPITALIZACIÓN DE PEDIATRÍA  PEDIATRÍA  GENERAL ";"18";"18";"84";"81";"13";"403";"0"
"2023";"12";"150113";"LIMA";"LIMA";"JESUS MARIA";"SANIDAD DEL EJERCITO DEL PERU";"III-1";"00017024";"HOSPITAL  MILITAR LUIS ARIAS SCHEREIBER";"243200";"HOSPITALIZACIÓN DE PEDIATRÍA PEDIATRIA NEONATOLOGÍA";"13";"12";"26";"28";"15";"465";"0"
"2023";"12";"150113";"LIMA";"LIMA";"JESUS MARIA";"SANIDAD DEL EJERCITO DEL PERU";"III-1";"00017024";"HOSPITAL  MILITAR LUIS ARIAS SCHEREIBER";"244300";"HOSPITALIZACIÓN DE MEDICINA GASTROENTEROLOGÍA  ";"12";"22";"225";"196";"14";"434";"1"
"2023";"12";"150113";"LIMA";"LIMA";"JESUS MARIA";"SANIDAD DEL EJERCITO DEL PERU";"III-1";"00017024";"HOSPITAL  MILITAR LUIS ARIAS SCHEREIBER";"244700";"HOSPITALIZACIÓN DE MEDICINA NEUROLOGIA  ";"2";"3";"75";"138";"13";"403";"2"
"2023";"12";"150113";"LIMA";"LIMA";"JESUS MARIA";"SANIDAD DEL EJERCITO DEL PERU";"III-1";"00017024";"HOSPITAL  MILITAR LUIS ARIAS SCHEREIBER";"245300";"HOSPITALIZACIÓN DE MEDICINA NEUMOLOGÍA  ";"13";"12";"355";"416";"29";"899";"0"
"2023";"12";"150113";"LIMA";"LIMA";"JESUS MARIA";"SANIDAD DEL EJERCITO DEL PERU";"III-1";"00017024";"HOSPITAL  MILITAR LUIS ARIAS SCHEREIBER";"250101";"UNIDAD DE CUIDADOS CRITICOS UNIDAD  DE CUIDADOS INTENSIVOS GENERALES (UCI) CARDIOLOGIA";"11";"11";"82";"71";"6";"186";"2"
"2023";"12";"150113";"LIMA";"LIMA";"JESUS MARIA";"SANIDAD DEL EJERCITO DEL PERU";"III-1";"00017024";"HOSPITAL  MILITAR LUIS ARIAS SCHEREIBER";"250103";"UNIDAD DE CUIDADOS CRITICOS UNIDAD  DE CUIDADOS INTENSIVOS GENERALES  (UCI) MEDICINA";"3";"3";"98";"146";"7";"217";"3"
"2023";"12";"080701";"CUSCO";"CHUMBIVILCAS";"SANTO TOMAS";"GOBIERNO REGIONAL";"I-2";"00006746";"LLIQUE";"NE_0001";"";"NE_0001";"NE_0001";"NE_0001";"NE_0001";"NE_0001";"NE_0001";"NE_0001"
"2023";"12";"080701";"CUSCO";"CHUMBIVILCAS";"SANTO TOMAS";"GOBIERNO REGIONAL";"I-1";"00007111";"YAVINA";"NE_0001";"";"NE_0001";"NE_0001";"NE_0001";"NE_0001";"NE_0001";"NE_0001";"NE_0001"
"2023";"12";"040126";"AREQUIPA";"AREQUIPA";"YANAHUARA";"PRIVADO";"II-E";"00025732";"NOVA CLINICA QUIRURGICA";"240800";"HOSPITALIZACIÓN QUIRÚRGICA CIRUGÍA PLÁSTICA/RECONSTRUCTIVA/ REPARADORA ";"37";"8";"3";"8";"13";"20";"0"
"2023";"12";"130905";"LA LIBERTAD";"SANCHEZ CARRION";"MARCABAL";"GOBIERNO REGIONAL";"I-2";"00013552";"AGOCAS";"NE_0001";"";"NE_0001";"NE_0001";"NE_0001";"NE_0001";"NE_0001";"NE_0001";"NE_0001"
"2023";"12";"130905";"LA LIBERTAD";"SANCHEZ CARRION";"MARCABAL";"GOBIERNO REGIONAL";"I-1";"00013827";"NARANJOPAMPA";"NE_0001";"";"NE_0001";"NE_0001";"NE_0001";"NE_0001";"NE_0001";"NE_0001";"NE_0001"
"2023";"12";"130905";"LA LIBERTAD";"SANCHEZ CARRION";"MARCABAL";"GOBIERNO REGIONAL";"I-2";"00013550";"SHITA";"NE_0001";"";"NE_0001";"NE_0001";"NE_0001";"NE_0001";"NE_0001";"NE_0001";"NE_0001"
"2023";"12";"130905";"LA LIBERTAD";"SANCHEZ CARRION";"MARCABAL";"GOBIERNO REGIONAL";"I-2";"00013825";"CHAQUILBAMBA";"NE_0001";"";"NE_0001";"NE_0001";"NE_0001";"NE_0001";"NE_0001";"NE_0001";"NE_0001"
"2023";"12";"130905";"LA LIBERTAD";"SANCHEZ CARRION";"MARCABAL";"GOBIERNO REGIONAL";"I-2";"00005358";"MARCABALITO";"NE_0001";"";"NE_0001";"NE_0001";"NE_0001";"NE_0001";"NE_0001";"NE_0001";"NE_0001"
"2023";"12";"130905";"LA LIBERTAD";"SANCHEZ CARRION";"MARCABAL";"GOBIERNO REGIONAL";"I-2";"00013794";"LLUCHUBAMBA";"NE_0001";"";"NE_0001";"NE_0001";"NE_0001";"NE_0001";"NE_0001";"NE_0001";"NE_0001"
"2023";"12";"240301";"TUMBES";"ZARUMILLA";"ZARUMILLA";"ESSALUD";"I-2";"00012271";"POSTA MEDICA ZARUMILLA";"NE_0001";"";"NE_0001";"NE_0001";"NE_0001";"NE_0001";"NE_0001";"NE_0001";"NE_0001"
"2023";"12";"220511";"SAN MARTIN";"LAMAS";"ZAPATERO";"GOBIERNO REGIONAL";"I-1";"00006401";"PROGRESO";"NE_0002";"";"NE_0002";"NE_0002";"NE_0002";"NE_0002";"NE_0002";"NE_0002";"NE_0002"
"2023";"12";"220511";"SAN MARTIN";"LAMAS";"ZAPATERO";"GOBIERNO REGIONAL";"I-1";"00006405";"BAGAZAN";"NE_0002";"";"NE_0002";"NE_0002";"NE_0002";"NE_0002";"NE_0002";"NE_0002";"NE_0002"
"2023";"12";"220505";"SAN MARTIN";"LAMAS";"CUÑUMBUQUI";"GOBIERNO REGIONAL";"I-1";"00006377";"LAS FLORES DE MAMONAQUIHUA";"NE_0002";"";"NE_0002";"NE_0002";"NE_0002";"NE_0002";"NE_0002";"NE_0002";"NE_0002"
"2023";"12";"120906";"JUNIN";"CHUPACA";"SAN JUAN DE YSCOS";"GOBIERNO REGIONAL";"I-1";"00000658";"TINYARI GRANDE";"NE_0001";"";"NE_0001";"NE_0001";"NE_0001";"NE_0001";"NE_0001";"NE_0001";"NE_0001"
"2023";"12";"220505";"SAN MARTIN";"LAMAS";"CUÑUMBUQUI";"GOBIERNO REGIONAL";"I-1";"00006378";"MAMONAQUIHUA";"NE_0002";"";"NE_0002";"NE_0002";"NE_0002";"NE_0002";"NE_0002";"NE_0002";"NE_0002"
"2023";"12";"120905";"JUNIN";"CHUPACA";"HUAMANCACA CHICO";"GOBIERNO REGIONAL";"I-2";"00000655";"HUAMANCACA CHICO";"NE_0001";"";"NE_0001";"NE_0001";"NE_0001";"NE_0001";"NE_0001";"NE_0001";"NE_0001"
"2023";"12";"220511";"SAN MARTIN";"LAMAS";"ZAPATERO";"GOBIERNO REGIONAL";"I-1";"00006400";"NUEVO CELENDIN";"NE_0002";"";"NE_0002";"NE_0002";"NE_0002";"NE_0002";"NE_0002";"NE_0002";"NE_0002"
"2023";"12";"120906";"JUNIN";"CHUPACA";"SAN JUAN DE YSCOS";"GOBIERNO REGIONAL";"I-2";"00000656";"SAN JUAN DE ISCOS";"NE_0001";"";"NE_0001";"NE_0001";"NE_0001";"NE_0001";"NE_0001";"NE_0001";"NE_0001"
"2023";"12";"220511";"SAN MARTIN";"LAMAS";"ZAPATERO";"GOBIERNO REGIONAL";"I-1";"00006404";"SANTA CRUZ DE SHITARIYACU";"NE_0002";"";"NE_0002";"NE_0002";"NE_0002";"NE_0002";"NE_0002";"NE_0002";"NE_0002"
"2023";"12";"120908";"JUNIN";"CHUPACA";"TRES DE DICIEMBRE";"GOBIERNO REGIONAL";"I-2";"00000660";"TRES DE DICIEMBRE";"NE_0001";"";"NE_0001";"NE_0001";"NE_0001";"NE_0001";"NE_0001";"NE_0001";"NE_0001"
"2023";"12";"220505";"SAN MARTIN";"LAMAS";"CUÑUMBUQUI";"GOBIERNO REGIONAL";"I-1";"00006784";"ALTO ANDINO";"NE_0002";"";"NE_0002";"NE_0002";"NE_0002";"NE_0002";"NE_0002";"NE_0002";"NE_0002"
"2023";"12";"120902";"JUNIN";"CHUPACA";"AHUAC";"GOBIERNO REGIONAL";"I-2";"00000647";"AHUAC";"NE_0001";"";"NE_0001";"NE_0001";"NE_0001";"NE_0001";"NE_0001";"NE_0001";"NE_0001"
"2023";"12";"220511";"SAN MARTIN";"LAMAS";"ZAPATERO";"GOBIERNO REGIONAL";"I-1";"00006810";"VISTOSO GRANDE";"NE_0002";"";"NE_0002";"NE_0002";"NE_0002";"NE_0002";"NE_0002";"NE_0002";"NE_0002"
"2023";"12";"120903";"JUNIN";"CHUPACA";"CHONGOS BAJO";"GOBIERNO REGIONAL";"I-1";"00000650";"PUMPUNYA";"NE_0001";"";"NE_0001";"NE_0001";"NE_0001";"NE_0001";"NE_0001";"NE_0001";"NE_0001"
"2023";"12";"220505";"SAN MARTIN";"LAMAS";"CUÑUMBUQUI";"GOBIERNO REGIONAL";"I-1";"00006372";"SAN FRANCISCO DEL RIO MAYO";"NE_0002";"";"NE_0002";"NE_0002";"NE_0002";"NE_0002";"NE_0002";"NE_0002";"NE_0002"
"2023";"12";"120901";"JUNIN";"CHUPACA";"CHUPACA";"GOBIERNO REGIONAL";"I-4";"00000646";"PEDRO SANCHEZ MEZA";"NE_0001";"";"NE_0001";"NE_0001";"NE_0001";"NE_0001";"NE_0001";"NE_0001";"NE_0001"
"2023";"12";"220511";"SAN MARTIN";"LAMAS";"ZAPATERO";"GOBIERNO REGIONAL";"I-1";"00006403";"CARAÑAYACU";"NE_0002";"";"NE_0002";"NE_0002";"NE_0002";"NE_0002";"NE_0002";"NE_0002";"NE_0002"
"2023";"12";"120902";"JUNIN";"CHUPACA";"AHUAC";"GOBIERNO REGIONAL";"I-1";"00000648";"HUARISCA";"NE_0001";"";"NE_0001";"NE_0001";"NE_0001";"NE_0001";"NE_0001";"NE_0001";"NE_0001"
"2023";"12";"220511";"SAN MARTIN";"LAMAS";"ZAPATERO";"GOBIERNO REGIONAL";"I-1";"00006406";"NUEVO MUNDO";"NE_0002";"";"NE_0002";"NE_0002";"NE_0002";"NE_0002";"NE_0002";"NE_0002";"NE_0002"
"2023";"11";"140101";"LAMBAYEQUE";"CHICLAYO";"CHICLAYO";"PRIVADO";"II-E";"00016192";"CLÍNICA CHICLAYO S.A";"240100";"HOSPITALIZACIÓN QUIRÚRGICA CIRUGÍA GENERAL ";"49";"49";"69";"69";"6";"179";"0"
"2023";"11";"140101";"LAMBAYEQUE";"CHICLAYO";"CHICLAYO";"PRIVADO";"II-E";"00016192";"CLÍNICA CHICLAYO S.A";"241000";"HOSPITALIZACIÓN QUIRÚRGICA ONCOLOGÍA QUIRÚRGICA  ";"10";"10";"16";"17";"3";"90";"0"
"2023";"11";"140101";"LAMBAYEQUE";"CHICLAYO";"CHICLAYO";"PRIVADO";"II-E";"00016192";"CLÍNICA CHICLAYO S.A";"241500";"HOSPITALIZACIÓN QUIRÚRGICA GINECOLOGÍA  ";"17";"17";"26";"22";"3";"86";"0"
"2023";"11";"140101";"LAMBAYEQUE";"CHICLAYO";"CHICLAYO";"PRIVADO";"II-E";"00016192";"CLÍNICA CHICLAYO S.A";"241400";"HOSPITALIZACIÓN QUIRÚRGICA GINECO - OBSTETRICIA ";"11";"11";"14";"14";"2";"60";"0"
"2023";"11";"140101";"LAMBAYEQUE";"CHICLAYO";"CHICLAYO";"PRIVADO";"II-E";"00016192";"CLÍNICA CHICLAYO S.A";"242300";"HOSPITALIZACIÓN DE PEDIATRÍA  PEDIATRÍA  GENERAL ";"11";"11";"14";"14";"2";"60";"0"
"2023";"11";"140101";"LAMBAYEQUE";"CHICLAYO";"CHICLAYO";"PRIVADO";"II-E";"00016192";"CLÍNICA CHICLAYO S.A";"241200";"HOSPITALIZACIÓN QUIRÚRGICA TRAUMATOLOGÍA Y ORTOPEDIA ";"31";"32";"42";"43";"5";"150";"0"
"2023";"11";"140101";"LAMBAYEQUE";"CHICLAYO";"CHICLAYO";"PRIVADO";"II-E";"00016192";"CLÍNICA CHICLAYO S.A";"240800";"HOSPITALIZACIÓN QUIRÚRGICA CIRUGÍA PLÁSTICA/RECONSTRUCTIVA/ REPARADORA ";"4";"4";"6";"6";"1";"31";"0"
"2023";"11";"140101";"LAMBAYEQUE";"CHICLAYO";"CHICLAYO";"PRIVADO";"II-E";"00016192";"CLÍNICA CHICLAYO S.A";"240400";"HOSPITALIZACIÓN QUIRÚRGICA CIRUGÍA DE TÓRAX Y CARDIOVASCULAR ";"2";"2";"3";"3";"1";"29";"0"
"2023";"11";"140101";"LAMBAYEQUE";"CHICLAYO";"CHICLAYO";"PRIVADO";"II-E";"00016192";"CLÍNICA CHICLAYO S.A";"241900";"HOSPITALIZACIÓN DE MEDICINA MEDICINA INTERNA ";"8";"8";"11";"12";"2";"60";"0"
"2023";"11";"140101";"LAMBAYEQUE";"CHICLAYO";"CHICLAYO";"PRIVADO";"II-E";"00016192";"CLÍNICA CHICLAYO S.A";"241300";"HOSPITALIZACIÓN QUIRÚRGICA UROLOGÍA  ";"3";"3";"4";"4";"1";"30";"0"
"2023";"11";"080706";"CUSCO";"CHUMBIVILCAS";"LLUSCO";"GOBIERNO REGIONAL";"I-2";"00006747";"LUTTO";"NE_0001";"";"NE_0001";"NE_0001";"NE_0001";"NE_0001";"NE_0001";"NE_0001";"NE_0001"
"2023";"11";"120501";"JUNIN";"JUNIN";"JUNIN";"GOBIERNO REGIONAL";"II-1";"00000519";"DE APOYO JUNIN";"241800";"HOSPITALIZACIÓN DE MEDICINA MEDICINA GENERAL ";"10";"8";"28";"30";"10";"300";"1"
"2023";"11";"120501";"JUNIN";"JUNIN";"JUNIN";"GOBIERNO REGIONAL";"II-1";"00000519";"DE APOYO JUNIN";"243200";"HOSPITALIZACIÓN DE PEDIATRÍA PEDIATRIA NEONATOLOGÍA";"1";"1";"3";"3";"4";"120";"0"
"2023";"11";"120501";"JUNIN";"JUNIN";"JUNIN";"GOBIERNO REGIONAL";"II-1";"00000519";"DE APOYO JUNIN";"242500";"HOSPITALIZACIÓN-PEDIATRÍA GENERAL-";"1";"0";"0";"1";"4";"120";"0"
"2023";"11";"120501";"JUNIN";"JUNIN";"JUNIN";"GOBIERNO REGIONAL";"II-1";"00000519";"DE APOYO JUNIN";"240100";"HOSPITALIZACIÓN QUIRÚRGICA CIRUGÍA GENERAL ";"11";"11";"32";"32";"10";"300";"0"
"2023";"11";"120501";"JUNIN";"JUNIN";"JUNIN";"GOBIERNO REGIONAL";"II-1";"00000519";"DE APOYO JUNIN";"241500";"HOSPITALIZACIÓN QUIRÚRGICA GINECOLOGÍA  ";"15";"15";"39";"39";"4";"120";"0"
"2023";"11";"120501";"JUNIN";"JUNIN";"JUNIN";"GOBIERNO REGIONAL";"II-1";"00000519";"DE APOYO JUNIN";"242200";"HOSPITALIZACIÓN DE MEDICINA PSIQUIATRÍA ";"4";"7";"131";"128";"10";"300";"0"
"2023";"11";"120501";"JUNIN";"JUNIN";"JUNIN";"GOBIERNO REGIONAL";"II-1";"00000519";"DE APOYO JUNIN";"241600";"HOSPITALIZACIÓN QUIRÚRGICA OBSTETRICIA   ";"15";"16";"30";"30";"4";"120";"0"
"2023";"12";"050202";"AYACUCHO";"CANGALLO";"CHUSCHI";"GOBIERNO REGIONAL";"I-1";"00006753";"PUESTO DE SALUD CUCHUQUESERA";"NE_0002";"";"NE_0002";"NE_0002";"NE_0002";"NE_0002";"NE_0002";"NE_0002";"NE_0002"
"2023";"12";"220101";"SAN MARTIN";"MOYOBAMBA";"MOYOBAMBA";"GOBIERNO REGIONAL";"I-1";"00006295";"DORADA";"NE_0001";"";"NE_0001";"NE_0001";"NE_0001";"NE_0001";"NE_0001";"NE_0001";"NE_0001"
"2023";"12";"220101";"SAN MARTIN";"MOYOBAMBA";"MOYOBAMBA";"GOBIERNO REGIONAL";"I-1";"00006293";"RAFAEL BELAUNDE";"NE_0001";"";"NE_0001";"NE_0001";"NE_0001";"NE_0001";"NE_0001";"NE_0001";"NE_0001"
"2023";"12";"220802";"SAN MARTIN";"RIOJA";"AWAJUN";"GOBIERNO REGIONAL";"I-3";"00006297";"BAJO NARANJILLO";"241600";"HOSPITALIZACIÓN QUIRÚRGICA OBSTETRICIA   ";"6";"6";"6";"6";"6";"93";"0"
"2023";"12";"220101";"SAN MARTIN";"MOYOBAMBA";"MOYOBAMBA";"GOBIERNO REGIONAL";"I-1";"00006292";"IMPERIO DE CACHIYACU";"NE_0001";"";"NE_0001";"NE_0001";"NE_0001";"NE_0001";"NE_0001";"NE_0001";"NE_0001"
"2023";"12";"220101";"SAN MARTIN";"MOYOBAMBA";"MOYOBAMBA";"GOBIERNO REGIONAL";"I-1";"00006296";"SAN JOSE DE ALTO MAYO";"NE_0001";"";"NE_0001";"NE_0001";"NE_0001";"NE_0001";"NE_0001";"NE_0001";"NE_0001"
"2023";"12";"220802";"SAN MARTIN";"RIOJA";"AWAJUN";"GOBIERNO REGIONAL";"I-1";"00006298";"SAN FRANCISCO ALTO MAYO";"NE_0001";"";"NE_0001";"NE_0001";"NE_0001";"NE_0001";"NE_0001";"NE_0001";"NE_0001"
"2023";"12";"220804";"SAN MARTIN";"RIOJA";"NUEVA CAJAMARCA";"GOBIERNO REGIONAL";"I-1";"00006302";"TUPAC AMARU";"NE_0001";"";"NE_0001";"NE_0001";"NE_0001";"NE_0001";"NE_0001";"NE_0001";"NE_0001"
"2023";"12";"220802";"SAN MARTIN";"RIOJA";"AWAJUN";"GOBIERNO REGIONAL";"I-1";"00007464";"SAN CARLOS";"NE_0001";"";"NE_0001";"NE_0001";"NE_0001";"NE_0001";"NE_0001";"NE_0001";"NE_0001"
"2023";"12";"220804";"SAN MARTIN";"RIOJA";"NUEVA CAJAMARCA";"GOBIERNO REGIONAL";"I-2";"00006301";"NARANJILLO";"NE_0001";"";"NE_0001";"NE_0001";"NE_0001";"NE_0001";"NE_0001";"NE_0001";"NE_0001"
"2023";"12";"220802";"SAN MARTIN";"RIOJA";"AWAJUN";"GOBIERNO REGIONAL";"I-1";"00009075";"NUEVA SANTA CRUZ";"NE_0001";"";"NE_0001";"NE_0001";"NE_0001";"NE_0001";"NE_0001";"NE_0001";"NE_0001"
"2023";"12";"200501";"PIURA";"PAITA";"PAITA";"GOBIERNO REGIONAL";"II-1";"00002021";"HOSPITAL DE APOYO II - 1 NUESTRA SEÑORA DE LAS MERCEDES - PAITA";"240100";"HOSPITALIZACIÓN QUIRÚRGICA CIRUGÍA GENERAL ";"41";"49";"216";"216";"10";"310";"1"
"2023";"12";"200501";"PIURA";"PAITA";"PAITA";"GOBIERNO REGIONAL";"II-1";"00002021";"HOSPITAL DE APOYO II - 1 NUESTRA SEÑORA DE LAS MERCEDES - PAITA";"241500";"HOSPITALIZACIÓN QUIRÚRGICA GINECOLOGÍA  ";"8";"10";"60";"60";"2";"62";"0"
"2023";"12";"200501";"PIURA";"PAITA";"PAITA";"GOBIERNO REGIONAL";"II-1";"00002021";"HOSPITAL DE APOYO II - 1 NUESTRA SEÑORA DE LAS MERCEDES - PAITA";"241600";"HOSPITALIZACIÓN QUIRÚRGICA OBSTETRICIA   ";"190";"193";"421";"421";"20";"668";"0"
"2023";"12";"200501";"PIURA";"PAITA";"PAITA";"GOBIERNO REGIONAL";"II-1";"00002021";"HOSPITAL DE APOYO II - 1 NUESTRA SEÑORA DE LAS MERCEDES - PAITA";"241900";"HOSPITALIZACIÓN DE MEDICINA MEDICINA INTERNA ";"55";"54";"360";"360";"17";"527";"2"
"2023";"12";"200501";"PIURA";"PAITA";"PAITA";"GOBIERNO REGIONAL";"II-1";"00002021";"HOSPITAL DE APOYO II - 1 NUESTRA SEÑORA DE LAS MERCEDES - PAITA";"242500";"HOSPITALIZACIÓN-PEDIATRÍA GENERAL-";"24";"23";"110";"138";"7";"217";"0"
"2023";"12";"200501";"PIURA";"PAITA";"PAITA";"GOBIERNO REGIONAL";"II-1";"00002021";"HOSPITAL DE APOYO II - 1 NUESTRA SEÑORA DE LAS MERCEDES - PAITA";"243200";"HOSPITALIZACIÓN DE PEDIATRÍA PEDIATRIA NEONATOLOGÍA";"21";"19";"110";"126";"5";"162";"0"
"2023";"12";"220904";"SAN MARTIN";"SAN MARTIN";"CHAZUTA";"GOBIERNO REGIONAL";"I-1";"00006424";"ACHINAMIZA";"NE_0001";"";"NE_0001";"NE_0001";"NE_0001";"NE_0001";"NE_0001";"NE_0001";"NE_0001"
"2023";"12";"220904";"SAN MARTIN";"SAN MARTIN";"CHAZUTA";"GOBIERNO REGIONAL";"I-1";"00006430";"SANTA ROSA DE CHIPAOTA";"NE_0001";"";"NE_0001";"NE_0001";"NE_0001";"NE_0001";"NE_0001";"NE_0001";"NE_0001"
"2023";"12";"220904";"SAN MARTIN";"SAN MARTIN";"CHAZUTA";"GOBIERNO REGIONAL";"I-1";"00006427";"TUNUNTUNUMBA";"NE_0001";"";"NE_0001";"NE_0001";"NE_0001";"NE_0001";"NE_0001";"NE_0001";"NE_0001"
"2023";"12";"220904";"SAN MARTIN";"SAN MARTIN";"CHAZUTA";"GOBIERNO REGIONAL";"I-1";"00006428";"SHILCAYO";"NE_0001";"";"NE_0001";"NE_0001";"NE_0001";"NE_0001";"NE_0001";"NE_0001";"NE_0001"
"2023";"12";"220904";"SAN MARTIN";"SAN MARTIN";"CHAZUTA";"GOBIERNO REGIONAL";"I-4";"00006423";"CHAZUTA";"241600";"HOSPITALIZACIÓN QUIRÚRGICA OBSTETRICIA   ";"12";"12";"12";"12";"5";"70";"0"
"2023";"12";"220904";"SAN MARTIN";"SAN MARTIN";"CHAZUTA";"GOBIERNO REGIONAL";"I-1";"00006429";"CURIYACU";"NE_0001";"";"NE_0001";"NE_0001";"NE_0001";"NE_0001";"NE_0001";"NE_0001";"NE_0001"
"2023";"12";"220904";"SAN MARTIN";"SAN MARTIN";"CHAZUTA";"GOBIERNO REGIONAL";"I-1";"00006425";"AGUANO MUYUNA";"NE_0001";"";"NE_0001";"NE_0001";"NE_0001";"NE_0001";"NE_0001";"NE_0001";"NE_0001"
"2023";"12";"220904";"SAN MARTIN";"SAN MARTIN";"CHAZUTA";"GOBIERNO REGIONAL";"I-1";"00006426";"CALLANAYACU";"NE_0001";"";"NE_0001";"NE_0001";"NE_0001";"NE_0001";"NE_0001";"NE_0001";"NE_0001"
"2023";"12";"130908";"LA LIBERTAD";"SANCHEZ CARRION";"SARTIMBAMBA";"GOBIERNO REGIONAL";"I-2";"00017925";"LA VICTORIA";"NE_0001";"";"NE_0001";"NE_0001";"NE_0001";"NE_0001";"NE_0001";"NE_0001";"NE_0001"
"2023";"12";"130101";"LA LIBERTAD";"TRUJILLO";"TRUJILLO";"PRIVADO";"II-1";"00027358";"CLÍNICA CRISTO REDENTOR";"240100";"HOSPITALIZACIÓN QUIRÚRGICA CIRUGÍA GENERAL ";"22";"22";"22";"22";"22";"248";"0"
"2023";"12";"130101";"LA LIBERTAD";"TRUJILLO";"TRUJILLO";"GOBIERNO REGIONAL";"III-1";"00005196";"REGIONAL DOCENTE DE TRUJILLO";"241900";"HOSPITALIZACIÓN DE MEDICINA MEDICINA INTERNA ";"103";"111";"1501";"961";"32";"992";"11"
"2023";"12";"130101";"LA LIBERTAD";"TRUJILLO";"TRUJILLO";"GOBIERNO REGIONAL";"III-1";"00005196";"REGIONAL DOCENTE DE TRUJILLO";"245300";"HOSPITALIZACIÓN DE MEDICINA NEUMOLOGÍA  ";"18";"17";"227";"370";"20";"620";"6"
"2023";"12";"130101";"LA LIBERTAD";"TRUJILLO";"TRUJILLO";"GOBIERNO REGIONAL";"III-1";"00005196";"REGIONAL DOCENTE DE TRUJILLO";"244700";"HOSPITALIZACIÓN DE MEDICINA NEUROLOGIA  ";"17";"15";"89";"114";"10";"310";"0"
"2023";"12";"130101";"LA LIBERTAD";"TRUJILLO";"TRUJILLO";"GOBIERNO REGIONAL";"III-1";"00005196";"REGIONAL DOCENTE DE TRUJILLO";"244300";"HOSPITALIZACIÓN DE MEDICINA GASTROENTEROLOGÍA  ";"33";"31";"226";"302";"12";"372";"2"
"2023";"12";"130101";"LA LIBERTAD";"TRUJILLO";"TRUJILLO";"GOBIERNO REGIONAL";"III-1";"00005196";"REGIONAL DOCENTE DE TRUJILLO";"244000";"HOSPITALIZACIÓN DE MEDICINA CARDIOLOGIA ";"9";"8";"70";"84";"4";"124";"0"
"2023";"12";"130101";"LA LIBERTAD";"TRUJILLO";"TRUJILLO";"GOBIERNO REGIONAL";"III-1";"00005196";"REGIONAL DOCENTE DE TRUJILLO";"242200";"HOSPITALIZACIÓN DE MEDICINA PSIQUIATRÍA ";"11";"9";"328";"474";"16";"496";"0"
"2023";"12";"130101";"LA LIBERTAD";"TRUJILLO";"TRUJILLO";"GOBIERNO REGIONAL";"III-1";"00005196";"REGIONAL DOCENTE DE TRUJILLO";"250103";"UNIDAD DE CUIDADOS CRITICOS UNIDAD  DE CUIDADOS INTENSIVOS GENERALES  (UCI) MEDICINA";"20";"6";"77";"384";"13";"403";"3"
"2023";"12";"130101";"LA LIBERTAD";"TRUJILLO";"TRUJILLO";"GOBIERNO REGIONAL";"III-1";"00005196";"REGIONAL DOCENTE DE TRUJILLO";"240100";"HOSPITALIZACIÓN QUIRÚRGICA CIRUGÍA GENERAL ";"148";"154";"775";"483";"24";"744";"1"
"2023";"12";"130101";"LA LIBERTAD";"TRUJILLO";"TRUJILLO";"GOBIERNO REGIONAL";"III-1";"00005196";"REGIONAL DOCENTE DE TRUJILLO";"240800";"HOSPITALIZACIÓN QUIRÚRGICA CIRUGÍA PLÁSTICA/RECONSTRUCTIVA/ REPARADORA ";"5";"11";"268";"112";"6";"186";"0"
"2023";"12";"130101";"LA LIBERTAD";"TRUJILLO";"TRUJILLO";"GOBIERNO REGIONAL";"III-1";"00005196";"REGIONAL DOCENTE DE TRUJILLO";"240400";"HOSPITALIZACIÓN QUIRÚRGICA CIRUGÍA DE TÓRAX Y CARDIOVASCULAR ";"2";"1";"2";"2";"1";"31";"0"
"2023";"12";"130101";"LA LIBERTAD";"TRUJILLO";"TRUJILLO";"GOBIERNO REGIONAL";"III-1";"00005196";"REGIONAL DOCENTE DE TRUJILLO";"241200";"HOSPITALIZACIÓN QUIRÚRGICA TRAUMATOLOGÍA Y ORTOPEDIA ";"46";"50";"462";"206";"14";"434";"1"
"2023";"12";"130101";"LA LIBERTAD";"TRUJILLO";"TRUJILLO";"GOBIERNO REGIONAL";"III-1";"00005196";"REGIONAL DOCENTE DE TRUJILLO";"241100";"HOSPITALIZACIÓN QUIRÚRGICA OTORRINOLARINGOLOGÍA  ";"6";"6";"38";"19";"2";"62";"0"
"2023";"12";"130101";"LA LIBERTAD";"TRUJILLO";"TRUJILLO";"GOBIERNO REGIONAL";"III-1";"00005196";"REGIONAL DOCENTE DE TRUJILLO";"241300";"HOSPITALIZACIÓN QUIRÚRGICA UROLOGÍA  ";"13";"16";"51";"37";"2";"62";"1"
"2023";"12";"130101";"LA LIBERTAD";"TRUJILLO";"TRUJILLO";"GOBIERNO REGIONAL";"III-1";"00005196";"REGIONAL DOCENTE DE TRUJILLO";"240900";"HOSPITALIZACIÓN QUIRÚRGICA NEUROCIRUGÍA ";"12";"20";"578";"305";"14";"434";"1"
"2023";"12";"130101";"LA LIBERTAD";"TRUJILLO";"TRUJILLO";"GOBIERNO REGIONAL";"III-1";"00005196";"REGIONAL DOCENTE DE TRUJILLO";"242300";"HOSPITALIZACIÓN DE PEDIATRÍA  PEDIATRÍA  GENERAL ";"57";"55";"289";"345";"14";"434";"0"
"2023";"12";"130101";"LA LIBERTAD";"TRUJILLO";"TRUJILLO";"GOBIERNO REGIONAL";"III-1";"00005196";"REGIONAL DOCENTE DE TRUJILLO";"250108";"UNIDAD DE CUIDADOS CRITICOS UNIDAD  DE CUIDADOS INTENSIVOS  (UCI) PEDIÁTRICA";"4";"1";"51";"123";"5";"155";"0"
"2023";"12";"130101";"LA LIBERTAD";"TRUJILLO";"TRUJILLO";"GOBIERNO REGIONAL";"III-1";"00005196";"REGIONAL DOCENTE DE TRUJILLO";"243200";"HOSPITALIZACIÓN DE PEDIATRÍA PEDIATRIA NEONATOLOGÍA";"32";"59";"743";"314";"12";"372";"0"
"2023";"12";"130101";"LA LIBERTAD";"TRUJILLO";"TRUJILLO";"GOBIERNO REGIONAL";"III-1";"00005196";"REGIONAL DOCENTE DE TRUJILLO";"250105";"UNIDAD DE CUIDADOS CRITICOS UNIDAD  DE CUIDADOS INTENSIVOS  (UCI) NEONATOLOGÍA";"27";"4";"70";"387";"13";"403";"4"
"2023";"12";"130101";"LA LIBERTAD";"TRUJILLO";"TRUJILLO";"GOBIERNO REGIONAL";"III-1";"00005196";"REGIONAL DOCENTE DE TRUJILLO";"241600";"HOSPITALIZACIÓN QUIRÚRGICA OBSTETRICIA   ";"114";"102";"445";"384";"17";"527";"0"
"2023";"12";"130101";"LA LIBERTAD";"TRUJILLO";"TRUJILLO";"GOBIERNO REGIONAL";"III-1";"00005196";"REGIONAL DOCENTE DE TRUJILLO";"241500";"HOSPITALIZACIÓN QUIRÚRGICA GINECOLOGÍA  ";"111";"119";"334";"336";"21";"651";"0"
"2023";"12";"040702";"AREQUIPA";"ISLAY";"COCACHACRA";"GOBIERNO REGIONAL";"I-3";"00001445";"CENTRO DE SALUD COCACHACRA";"NE_0001";"";"NE_0001";"NE_0001";"NE_0001";"NE_0001";"NE_0001";"NE_0001";"NE_0001"
"2023";"12";"040702";"AREQUIPA";"ISLAY";"COCACHACRA";"GOBIERNO REGIONAL";"I-1";"00001453";"PUESTO DE SALUD EL TORO";"NE_0001";"";"NE_0001";"NE_0001";"NE_0001";"NE_0001";"NE_0001";"NE_0001";"NE_0001"
"2023";"12";"040702";"AREQUIPA";"ISLAY";"COCACHACRA";"GOBIERNO REGIONAL";"I-2";"00001454";"PUESTO DE SALUD LA PASCANA";"NE_0001";"";"NE_0001";"NE_0001";"NE_0001";"NE_0001";"NE_0001";"NE_0001";"NE_0001"
"2023";"12";"040702";"AREQUIPA";"ISLAY";"COCACHACRA";"GOBIERNO REGIONAL";"I-2";"00001452";"PUESTO DE SALUD EL FISCAL";"NE_0001";"";"NE_0001";"NE_0001";"NE_0001";"NE_0001";"NE_0001";"NE_0001";"NE_0001"
"2023";"12";"070102";"CALLAO";"CALLAO";"BELLAVISTA";"GOBIERNO REGIONAL";"I-2";"00030821";"CONSULTORIO OCUPACIONAL DE LA UNIDAD FUNCIONAL DE  SEGURIDAD Y SALUD EN EL TRABAJO - UFSST";"NE_0001";"";"NE_0001";"NE_0001";"NE_0001";"NE_0001";"NE_0001";"NE_0001";"NE_0001"
"2023";"10";"061109";"CAJAMARCA";"SAN MIGUEL";"NIEPOS";"GOBIERNO REGIONAL";"I-1";"00004560";"EL NARANJO";"NE_0001";"";"NE_0001";"NE_0001";"NE_0001";"NE_0001";"NE_0001";"NE_0001";"NE_0001"
"2023";"10";"061109";"CAJAMARCA";"SAN MIGUEL";"NIEPOS";"GOBIERNO REGIONAL";"I-1";"00004559";"MIRAVALLES";"NE_0001";"";"NE_0001";"NE_0001";"NE_0001";"NE_0001";"NE_0001";"NE_0001";"NE_0001"
"2023";"10";"061109";"CAJAMARCA";"SAN MIGUEL";"NIEPOS";"GOBIERNO REGIONAL";"I-1";"00004558";"LANCHEZ";"NE_0001";"";"NE_0001";"NE_0001";"NE_0001";"NE_0001";"NE_0001";"NE_0001";"NE_0001"
"2023";"10";"061109";"CAJAMARCA";"SAN MIGUEL";"NIEPOS";"GOBIERNO REGIONAL";"I-2";"00004557";"NIEPOS";"NE_0001";"";"NE_0001";"NE_0001";"NE_0001";"NE_0001";"NE_0001";"NE_0001";"NE_0001"
"2023";"10";"061106";"CAJAMARCA";"SAN MIGUEL";"LA FLORIDA";"GOBIERNO REGIONAL";"I-3";"00004556";"LA FLORIDA";"NE_0001";"";"NE_0001";"NE_0001";"NE_0001";"NE_0001";"NE_0001";"NE_0001";"NE_0001"
"2023";"12";"051011";"AYACUCHO";"VICTOR FAJARDO";"SARHUA";"GOBIERNO REGIONAL";"I-1";"00003505";"TOMANGA";"NE_0001";"";"NE_0001";"NE_0001";"NE_0001";"NE_0001";"NE_0001";"NE_0001";"NE_0001"
"2023";"12";"051011";"AYACUCHO";"VICTOR FAJARDO";"SARHUA";"GOBIERNO REGIONAL";"I-1";"00003500";"PUESTO DE SALUD CHUQUI HUARCAYA";"NE_0001";"";"NE_0001";"NE_0001";"NE_0001";"NE_0001";"NE_0001";"NE_0001";"NE_0001"
"2023";"06";"040129";"AREQUIPA";"AREQUIPA";"JOSE LUIS BUSTAMANTE Y RIVERO";"PRIVADO";"II-E";"00032853";"CLINICA UROSUR";"241300";"HOSPITALIZACIÓN QUIRÚRGICA UROLOGÍA  ";"83";"80";"130";"144";"5";"158";"0"
"2023";"12";"150141";"LIMA";"LIMA";"SURQUILLO";"ESSALUD";"I-3";"00013091";"CENTRO DE ATENCION PRIMARIA III SURQUILLO";"NE_0001";"";"NE_0001";"NE_0001";"NE_0001";"NE_0001";"NE_0001";"NE_0001";"NE_0001"
"2023";"12";"150509";"LIMA";"CAÑETE";"MALA";"ESSALUD";"I-3";"00010569";"CENTRO MEDICO MALA";"NE_0001";"";"NE_0001";"NE_0001";"NE_0001";"NE_0001";"NE_0001";"NE_0001";"NE_0001"
"2023";"12";"150501";"LIMA";"CAÑETE";"SAN VICENTE DE CAÑETE";"GOBIERNO REGIONAL";"II-2";"00005986";"HOSPITAL REZOLA";"240100";"HOSPITALIZACIÓN QUIRÚRGICA CIRUGÍA GENERAL ";"120";"142";"568";"494";"26";"806";"0"
"2023";"12";"150501";"LIMA";"CAÑETE";"SAN VICENTE DE CAÑETE";"GOBIERNO REGIONAL";"II-2";"00005986";"HOSPITAL REZOLA";"241400";"HOSPITALIZACIÓN QUIRÚRGICA GINECO - OBSTETRICIA ";"198";"216";"482";"457";"18";"558";"0"
"2023";"12";"150501";"LIMA";"CAÑETE";"SAN VICENTE DE CAÑETE";"GOBIERNO REGIONAL";"II-2";"00005986";"HOSPITAL REZOLA";"241500";"HOSPITALIZACIÓN QUIRÚRGICA GINECOLOGÍA  ";"18";"19";"53";"50";"6";"186";"0"
"2023";"12";"150501";"LIMA";"CAÑETE";"SAN VICENTE DE CAÑETE";"GOBIERNO REGIONAL";"II-2";"00005986";"HOSPITAL REZOLA";"241800";"HOSPITALIZACIÓN DE MEDICINA MEDICINA GENERAL ";"59";"85";"1031";"468";"35";"1085";"4"
"2023";"12";"150501";"LIMA";"CAÑETE";"SAN VICENTE DE CAÑETE";"GOBIERNO REGIONAL";"II-2";"00005986";"HOSPITAL REZOLA";"242500";"HOSPITALIZACIÓN-PEDIATRÍA GENERAL-";"47";"54";"239";"227";"12";"372";"0"
"2023";"12";"150501";"LIMA";"CAÑETE";"SAN VICENTE DE CAÑETE";"GOBIERNO REGIONAL";"II-2";"00005986";"HOSPITAL REZOLA";"243200";"HOSPITALIZACIÓN DE PEDIATRÍA PEDIATRIA NEONATOLOGÍA";"21";"26";"189";"164";"9";"279";"1"
"2023";"12";"150501";"LIMA";"CAÑETE";"SAN VICENTE DE CAÑETE";"GOBIERNO REGIONAL";"II-2";"00005986";"HOSPITAL REZOLA";"250103";"UNIDAD DE CUIDADOS CRITICOS UNIDAD  DE CUIDADOS INTENSIVOS GENERALES  (UCI) MEDICINA";"4";"6";"54";"26";"4";"124";"5"
"2023";"12";"150501";"LIMA";"CAÑETE";"SAN VICENTE DE CAÑETE";"GOBIERNO REGIONAL";"II-2";"00005986";"HOSPITAL REZOLA";"250105";"UNIDAD DE CUIDADOS CRITICOS UNIDAD  DE CUIDADOS INTENSIVOS  (UCI) NEONATOLOGÍA";"1";"1";"1";"1";"6";"186";"0"
"2023";"12";"060703";"CAJAMARCA";"HUALGAYOC";"HUALGAYOC";"ESSALUD";"I-2";"00010270";"POSTA MEDICA DE HUALGAYOC";"NE_0001";"";"NE_0001";"NE_0001";"NE_0001";"NE_0001";"NE_0001";"NE_0001";"NE_0001"
"2023";"12";"021301";"ANCASH";"MARISCAL LUZURIAGA";"PISCOBAMBA";"GOBIERNO REGIONAL";"I-1";"00001784";"PUESTO DE SALUD SOCOSBAMBA";"NE_0001";"";"NE_0001";"NE_0001";"NE_0001";"NE_0001";"NE_0001";"NE_0001";"NE_0001"
"2023";"12";"021303";"ANCASH";"MARISCAL LUZURIAGA";"ELEAZAR GUZMAN BARRON";"GOBIERNO REGIONAL";"I-1";"00001786";"PUESTO DE SALUD PAMPACHACRA";"NE_0001";"";"NE_0001";"NE_0001";"NE_0001";"NE_0001";"NE_0001";"NE_0001";"NE_0001"
"2023";"12";"021303";"ANCASH";"MARISCAL LUZURIAGA";"ELEAZAR GUZMAN BARRON";"GOBIERNO REGIONAL";"I-1";"00001787";"PUESTO DE SALUD PUMPA";"NE_0001";"";"NE_0001";"NE_0001";"NE_0001";"NE_0001";"NE_0001";"NE_0001";"NE_0001"
"2023";"12";"021305";"ANCASH";"MARISCAL LUZURIAGA";"LLAMA";"GOBIERNO REGIONAL";"I-2";"00001788";"PUESTO DE SALUD LLAMA";"NE_0001";"";"NE_0001";"NE_0001";"NE_0001";"NE_0001";"NE_0001";"NE_0001";"NE_0001"
"2023";"12";"021304";"ANCASH";"MARISCAL LUZURIAGA";"FIDEL OLIVAS ESCUDERO";"GOBIERNO REGIONAL";"I-1";"00001793";"PUESTO DE SALUD SANASHGAN";"NE_0001";"";"NE_0001";"NE_0001";"NE_0001";"NE_0001";"NE_0001";"NE_0001";"NE_0001"
"2023";"12";"021308";"ANCASH";"MARISCAL LUZURIAGA";"MUSGA";"GOBIERNO REGIONAL";"I-1";"00001792";"PUESTO DE SALUD MUSGA";"NE_0001";"";"NE_0001";"NE_0001";"NE_0001";"NE_0001";"NE_0001";"NE_0001";"NE_0001"
"2023";"12";"021301";"ANCASH";"MARISCAL LUZURIAGA";"PISCOBAMBA";"GOBIERNO REGIONAL";"I-4";"00001783";"CENTRO DE SALUD PISCOBAMBA";"NE_0001";"";"NE_0001";"NE_0001";"NE_0001";"NE_0001";"NE_0001";"NE_0001";"NE_0001"
"2023";"12";"021301";"ANCASH";"MARISCAL LUZURIAGA";"PISCOBAMBA";"GOBIERNO REGIONAL";"I-4";"00001783";"CENTRO DE SALUD PISCOBAMBA";"241600";"HOSPITALIZACIÓN QUIRÚRGICA OBSTETRICIA   ";"05";"05";"12";"12";"05";"155";"0"
"2023";"12";"021301";"ANCASH";"MARISCAL LUZURIAGA";"PISCOBAMBA";"GOBIERNO REGIONAL";"I-4";"00001783";"CENTRO DE SALUD PISCOBAMBA";"241800";"HOSPITALIZACIÓN DE MEDICINA MEDICINA GENERAL ";"03";"03";"19";"19";"03";"93";"0"
"2023";"12";"021304";"ANCASH";"MARISCAL LUZURIAGA";"FIDEL OLIVAS ESCUDERO";"GOBIERNO REGIONAL";"I-1";"00001794";"PUESTO DE SALUD PARCO";"NE_0001";"";"NE_0001";"NE_0001";"NE_0001";"NE_0001";"NE_0001";"NE_0001";"NE_0001"
"2023";"12";"021306";"ANCASH";"MARISCAL LUZURIAGA";"LLUMPA";"GOBIERNO REGIONAL";"I-2";"00001789";"PUESTO DE SALUD LLUMPA";"NE_0001";"";"NE_0001";"NE_0001";"NE_0001";"NE_0001";"NE_0001";"NE_0001";"NE_0001"
"2023";"12";"100510";"HUANUCO";"HUAMALIES";"SINGA";"GOBIERNO REGIONAL";"I-1";"00019155";"SAN JUAN DE VISCAS";"NE_0001";"";"NE_0001";"NE_0001";"NE_0001";"NE_0001";"NE_0001";"NE_0001";"NE_0001"
"2023";"12";"100510";"HUANUCO";"HUAMALIES";"SINGA";"GOBIERNO REGIONAL";"I-1";"00000902";"BELLAS FLORES";"NE_0001";"";"NE_0001";"NE_0001";"NE_0001";"NE_0001";"NE_0001";"NE_0001";"NE_0001"
"2023";"12";"100510";"HUANUCO";"HUAMALIES";"SINGA";"GOBIERNO REGIONAL";"I-3";"00000900";"SINGA";"NE_0001";"";"NE_0001";"NE_0001";"NE_0001";"NE_0001";"NE_0001";"NE_0001";"NE_0001"
"2023";"12";"100510";"HUANUCO";"HUAMALIES";"SINGA";"GOBIERNO REGIONAL";"I-1";"00017149";"SANTA ROSA DE PAMPAN";"NE_0001";"";"NE_0001";"NE_0001";"NE_0001";"NE_0001";"NE_0001";"NE_0001";"NE_0001"
"2023";"12";"100511";"HUANUCO";"HUAMALIES";"TANTAMAYO";"GOBIERNO REGIONAL";"I-2";"00000903";"TANTAMAYO";"NE_0001";"";"NE_0001";"NE_0001";"NE_0001";"NE_0001";"NE_0001";"NE_0001";"NE_0001"
"2023";"12";"100511";"HUANUCO";"HUAMALIES";"TANTAMAYO";"GOBIERNO REGIONAL";"I-1";"00022037";"SAN PEDRO DE  PARIARCA";"NE_0001";"";"NE_0001";"NE_0001";"NE_0001";"NE_0001";"NE_0001";"NE_0001";"NE_0001"
"2023";"12";"100511";"HUANUCO";"HUAMALIES";"TANTAMAYO";"GOBIERNO REGIONAL";"I-1";"00011166";"PAMPA FLORIDA";"NE_0001";"";"NE_0001";"NE_0001";"NE_0001";"NE_0001";"NE_0001";"NE_0001";"NE_0001"
"2023";"09";"150128";"LIMA";"LIMA";"RIMAC";"ESSALUD";"I-3";"00008881";"FRANCISCO PIZARRO";"NE_0001";"";"NE_0001";"NE_0001";"NE_0001";"NE_0001";"NE_0001";"NE_0001";"NE_0001"
"2023";"11";"060101";"CAJAMARCA";"CAJAMARCA";"CAJAMARCA";"ESSALUD";"II-2";"00010272";"HOSPITAL II CAJAMARCA";"241800";"HOSPITALIZACIÓN DE MEDICINA MEDICINA GENERAL ";"52";"50";"638";"493";"19";"570";"7"
"2023";"11";"060101";"CAJAMARCA";"CAJAMARCA";"CAJAMARCA";"ESSALUD";"II-2";"00010272";"HOSPITAL II CAJAMARCA";"240100";"HOSPITALIZACIÓN QUIRÚRGICA CIRUGÍA GENERAL ";"127";"126";"372";"406";"14";"420";"0"
"2023";"11";"060101";"CAJAMARCA";"CAJAMARCA";"CAJAMARCA";"ESSALUD";"II-2";"00010272";"HOSPITAL II CAJAMARCA";"241500";"HOSPITALIZACIÓN QUIRÚRGICA GINECOLOGÍA  ";"36";"33";"69";"70";"4";"120";"0"
"2023";"11";"060101";"CAJAMARCA";"CAJAMARCA";"CAJAMARCA";"ESSALUD";"II-2";"00010272";"HOSPITAL II CAJAMARCA";"241600";"HOSPITALIZACIÓN QUIRÚRGICA OBSTETRICIA   ";"131";"133";"268";"257";"16";"480";"0"
"2023";"11";"060101";"CAJAMARCA";"CAJAMARCA";"CAJAMARCA";"ESSALUD";"II-2";"00010272";"HOSPITAL II CAJAMARCA";"242300";"HOSPITALIZACIÓN DE PEDIATRÍA  PEDIATRÍA  GENERAL ";"33";"29";"117";"128";"7";"210";"0"
"2023";"11";"060101";"CAJAMARCA";"CAJAMARCA";"CAJAMARCA";"ESSALUD";"II-2";"00010272";"HOSPITAL II CAJAMARCA";"243200";"HOSPITALIZACIÓN DE PEDIATRÍA PEDIATRIA NEONATOLOGÍA";"25";"22";"65";"66";"6";"180";"0"
"2023";"11";"060101";"CAJAMARCA";"CAJAMARCA";"CAJAMARCA";"ESSALUD";"II-2";"00010272";"HOSPITAL II CAJAMARCA";"250100";"UNIDAD DE CUIDADOS CRITICOS UNIDAD  DE CUIDADOS INTENSIVOS GENERALES (UCI) ";"8";"8";"211";"169";"6";"180";"1"
"2023";"11";"060101";"CAJAMARCA";"CAJAMARCA";"CAJAMARCA";"ESSALUD";"II-2";"00010272";"HOSPITAL II CAJAMARCA";"250304";"HOSPIT. EN UNIDAD DE CUID.INTEN.-UNIDAD DE VIGILANCIA INTENSIVA (UVI)-MEDICINA";"8";"8";"230";"105";"4";"120";"2"
"2023";"11";"060612";"CAJAMARCA";"CUTERVO";"SANTO DOMINGO DE LA CAPILLA";"GOBIERNO REGIONAL";"I-1";"00005005";"SANTA ROSA DE LA CAPILLA";"NE_0001";"";"NE_0001";"NE_0001";"NE_0001";"NE_0001";"NE_0001";"NE_0001";"NE_0001"
"2023";"11";"060612";"CAJAMARCA";"CUTERVO";"SANTO DOMINGO DE LA CAPILLA";"GOBIERNO REGIONAL";"I-1";"00006861";"CHAUPECRUZ";"NE_0001";"";"NE_0001";"NE_0001";"NE_0001";"NE_0001";"NE_0001";"NE_0001";"NE_0001"
"2023";"11";"060612";"CAJAMARCA";"CUTERVO";"SANTO DOMINGO DE LA CAPILLA";"GOBIERNO REGIONAL";"I-1";"00008924";"NUEVO ORIENTE DE LA CAPILLA";"NE_0001";"";"NE_0001";"NE_0001";"NE_0001";"NE_0001";"NE_0001";"NE_0001";"NE_0001"
"2023";"11";"130301";"LA LIBERTAD";"BOLIVAR";"BOLIVAR";"GOBIERNO REGIONAL";"II-1";"00005366";"HOSPITAL PROVINCIAL DE BOLIVAR";"241600";"HOSPITALIZACIÓN QUIRÚRGICA OBSTETRICIA   ";"5";"6";"7";"6";"4";"120";"0"
"2023";"11";"130301";"LA LIBERTAD";"BOLIVAR";"BOLIVAR";"GOBIERNO REGIONAL";"II-1";"00005366";"HOSPITAL PROVINCIAL DE BOLIVAR";"241800";"HOSPITALIZACIÓN DE MEDICINA MEDICINA GENERAL ";"1";"1";"7";"7";"4";"120";"0"
"2023";"11";"050101";"AYACUCHO";"HUAMANGA";"AYACUCHO";"GOBIERNO REGIONAL";"II-2";"00003543";"HOSPITAL REGIONAL DE AYACUCHO ""MIGUEL ANGEL MARISCAL LLERENA""";"241800";"HOSPITALIZACIÓN DE MEDICINA MEDICINA GENERAL ";"177";"120";"1527";"1139";"46";"1380";"3"
"2023";"11";"050101";"AYACUCHO";"HUAMANGA";"AYACUCHO";"GOBIERNO REGIONAL";"II-2";"00003543";"HOSPITAL REGIONAL DE AYACUCHO ""MIGUEL ANGEL MARISCAL LLERENA""";"242200";"HOSPITALIZACIÓN DE MEDICINA PSIQUIATRÍA ";"13";"8";"126";"176";"4";"176";"0"
"2023";"11";"050101";"AYACUCHO";"HUAMANGA";"AYACUCHO";"GOBIERNO REGIONAL";"II-2";"00003543";"HOSPITAL REGIONAL DE AYACUCHO ""MIGUEL ANGEL MARISCAL LLERENA""";"250304";"HOSPIT. EN UNIDAD DE CUID.INTEN.-UNIDAD DE VIGILANCIA INTENSIVA (UVI)-MEDICINA";"47";"9";"111";"228";"8";"240";"8"
"2023";"11";"050101";"AYACUCHO";"HUAMANGA";"AYACUCHO";"GOBIERNO REGIONAL";"II-2";"00003543";"HOSPITAL REGIONAL DE AYACUCHO ""MIGUEL ANGEL MARISCAL LLERENA""";"240100";"HOSPITALIZACIÓN QUIRÚRGICA CIRUGÍA GENERAL ";"177";"146";"669";"551";"26";"796";"0"
"2023";"11";"050101";"AYACUCHO";"HUAMANGA";"AYACUCHO";"GOBIERNO REGIONAL";"II-2";"00003543";"HOSPITAL REGIONAL DE AYACUCHO ""MIGUEL ANGEL MARISCAL LLERENA""";"241200";"HOSPITALIZACIÓN QUIRÚRGICA TRAUMATOLOGÍA Y ORTOPEDIA ";"160";"134";"762";"662";"24";"741";"0"
"2023";"11";"050101";"AYACUCHO";"HUAMANGA";"AYACUCHO";"GOBIERNO REGIONAL";"II-2";"00003543";"HOSPITAL REGIONAL DE AYACUCHO ""MIGUEL ANGEL MARISCAL LLERENA""";"242500";"HOSPITALIZACIÓN-PEDIATRÍA GENERAL-";"147";"128";"867";"628";"28";"813";"0"
"2023";"11";"050101";"AYACUCHO";"HUAMANGA";"AYACUCHO";"GOBIERNO REGIONAL";"II-2";"00003543";"HOSPITAL REGIONAL DE AYACUCHO ""MIGUEL ANGEL MARISCAL LLERENA""";"240700";"HOSPITALIZACIÓN QUIRÚRGICA CIRUGÍA PEDIÁTRICA ";"43";"36";"155";"146";"8";"241";"0"
"2023";"11";"050101";"AYACUCHO";"HUAMANGA";"AYACUCHO";"GOBIERNO REGIONAL";"II-2";"00003543";"HOSPITAL REGIONAL DE AYACUCHO ""MIGUEL ANGEL MARISCAL LLERENA""";"250108";"UNIDAD DE CUIDADOS CRITICOS UNIDAD  DE CUIDADOS INTENSIVOS  (UCI) PEDIÁTRICA";"26";"4";"49";"111";"8";"240";"4"
"2023";"11";"050101";"AYACUCHO";"HUAMANGA";"AYACUCHO";"GOBIERNO REGIONAL";"II-2";"00003543";"HOSPITAL REGIONAL DE AYACUCHO ""MIGUEL ANGEL MARISCAL LLERENA""";"250105";"UNIDAD DE CUIDADOS CRITICOS UNIDAD  DE CUIDADOS INTENSIVOS  (UCI) NEONATOLOGÍA";"80";"6";"85";"540";"24";"748";"5"
"2023";"11";"050101";"AYACUCHO";"HUAMANGA";"AYACUCHO";"GOBIERNO REGIONAL";"II-2";"00003543";"HOSPITAL REGIONAL DE AYACUCHO ""MIGUEL ANGEL MARISCAL LLERENA""";"250305";"HOSPIT. EN UNIDAD DE CUID.INTEN.-UNIDAD DE VIGILANCIA INTENSIVA (UVI)-NEONATOLOGÍA";"61";"48";"785";"306";"20";"600";"0"
"2023";"11";"050101";"AYACUCHO";"HUAMANGA";"AYACUCHO";"GOBIERNO REGIONAL";"II-2";"00003543";"HOSPITAL REGIONAL DE AYACUCHO ""MIGUEL ANGEL MARISCAL LLERENA""";"243200";"HOSPITALIZACIÓN DE PEDIATRÍA PEDIATRIA NEONATOLOGÍA";"29";"23";"403";"124";"7";"217";"0"
"2023";"11";"050101";"AYACUCHO";"HUAMANGA";"AYACUCHO";"GOBIERNO REGIONAL";"II-2";"00003543";"HOSPITAL REGIONAL DE AYACUCHO ""MIGUEL ANGEL MARISCAL LLERENA""";"241400";"HOSPITALIZACIÓN QUIRÚRGICA GINECO - OBSTETRICIA ";"468";"333";"1206";"966";"54";"1639";"0"
"2023";"11";"050101";"AYACUCHO";"HUAMANGA";"AYACUCHO";"GOBIERNO REGIONAL";"II-2";"00003543";"HOSPITAL REGIONAL DE AYACUCHO ""MIGUEL ANGEL MARISCAL LLERENA""";"250302";"HOSPIT. EN UNIDAD DE CUID.INTEN.-UNIDAD DE VIGILANCIA INTENSIVA (UVI)-GINECO-OBSTETRICIA";"32";"2";"4";"58";"4";"120";"0"
"2023";"11";"050101";"AYACUCHO";"HUAMANGA";"AYACUCHO";"GOBIERNO REGIONAL";"II-2";"00003543";"HOSPITAL REGIONAL DE AYACUCHO ""MIGUEL ANGEL MARISCAL LLERENA""";"250100";"UNIDAD DE CUIDADOS CRITICOS UNIDAD  DE CUIDADOS INTENSIVOS GENERALES (UCI) ";"49";"9";"72";"306";"12";"361";"8"
"2023";"11";"040112";"AREQUIPA";"AREQUIPA";"PAUCARPATA";"ESSALUD";"II-1";"00013296";"HOSPITAL I EDMUNDO ESCOMEL";"241800";"HOSPITALIZACIÓN DE MEDICINA MEDICINA GENERAL ";"41";"39";"263";"363";"13";"390";"0"
"2023";"11";"040112";"AREQUIPA";"AREQUIPA";"PAUCARPATA";"ESSALUD";"II-1";"00013296";"HOSPITAL I EDMUNDO ESCOMEL";"240100";"HOSPITALIZACIÓN QUIRÚRGICA CIRUGÍA GENERAL ";"168";"164";"367";"382";"14";"420";"0"
"2023";"11";"040112";"AREQUIPA";"AREQUIPA";"PAUCARPATA";"ESSALUD";"II-1";"00013296";"HOSPITAL I EDMUNDO ESCOMEL";"241200";"HOSPITALIZACIÓN QUIRÚRGICA TRAUMATOLOGÍA Y ORTOPEDIA ";"28";"27";"160";"180";"6";"180";"0"
"2023";"11";"040112";"AREQUIPA";"AREQUIPA";"PAUCARPATA";"ESSALUD";"II-1";"00013296";"HOSPITAL I EDMUNDO ESCOMEL";"241500";"HOSPITALIZACIÓN QUIRÚRGICA GINECOLOGÍA  ";"36";"37";"91";"106";"5";"150";"0"
"2023";"11";"040112";"AREQUIPA";"AREQUIPA";"PAUCARPATA";"ESSALUD";"II-1";"00013296";"HOSPITAL I EDMUNDO ESCOMEL";"241600";"HOSPITALIZACIÓN QUIRÚRGICA OBSTETRICIA   ";"166";"168";"380";"377";"13";"390";"0"
"2023";"11";"040112";"AREQUIPA";"AREQUIPA";"PAUCARPATA";"ESSALUD";"II-1";"00013296";"HOSPITAL I EDMUNDO ESCOMEL";"242300";"HOSPITALIZACIÓN DE PEDIATRÍA  PEDIATRÍA  GENERAL ";"55";"58";"150";"144";"7";"210";"0"
"2023";"11";"080101";"CUSCO";"CUSCO";"CUSCO";"PRIVADO";"II-E";"00016758";"HERMANA JOSEFINA SERRANO";"240000";"HOSPITALIZACIÓN";"28";"22";"126";"29";"44";"1364";"1"
"2023";"11";"210101";"PUNO";"PUNO";"PUNO";"PRIVADO";"II-E";"00009683";"CLINICA PROSALUD";"240000";"HOSPITALIZACIÓN";"12";"12";"17";"17";"5";"150";"0"
"2023";"11";"150101";"LIMA";"LIMA";"LIMA";"ESSALUD";"II-2";"00008502";"HOSPITAL DE EMERGENCIAS GRAU";"241900";"HOSPITALIZACIÓN DE MEDICINA MEDICINA INTERNA ";"200";"198";"1546";"1510";"52";"1560";"6"
"2023";"11";"150101";"LIMA";"LIMA";"LIMA";"ESSALUD";"II-2";"00008502";"HOSPITAL DE EMERGENCIAS GRAU";"242000";"HOSPITALIZACIÓN DE MEDICINA MEDICINA TROPICAL E INFECCIOSAS ";"26";"24";"172";"214";"10";"300";"0"
"2023";"11";"211101";"PUNO";"SAN ROMAN";"JULIACA";"PRIVADO";"II-E";"00011978";"CLINICA MONTE SINAI JULIACA E.I.R.L.";"241800";"HOSPITALIZACIÓN DE MEDICINA MEDICINA GENERAL ";"16";"15";"25";"35";"1";"150";"0"
"2023";"11";"211101";"PUNO";"SAN ROMAN";"JULIACA";"PRIVADO";"II-E";"00011978";"CLINICA MONTE SINAI JULIACA E.I.R.L.";"240100";"HOSPITALIZACIÓN QUIRÚRGICA CIRUGÍA GENERAL ";"30";"28";"110";"15";"13";"92";"0"
"2023";"11";"150130";"LIMA";"LIMA";"SAN BORJA";"PRIVADO";"II-E";"00015078";"NOVO Q";"240000";"HOSPITALIZACIÓN";"136";"134";"149";"91";"12";"269";"0"
"2023";"11";"150101";"LIMA";"LIMA";"LIMA";"ESSALUD";"II-2";"00008502";"HOSPITAL DE EMERGENCIAS GRAU";"240100";"HOSPITALIZACIÓN QUIRÚRGICA CIRUGÍA GENERAL ";"271";"273";"759";"679";"26";"780";"0"
"2023";"11";"150101";"LIMA";"LIMA";"LIMA";"ESSALUD";"II-2";"00008502";"HOSPITAL DE EMERGENCIAS GRAU";"241200";"HOSPITALIZACIÓN QUIRÚRGICA TRAUMATOLOGÍA Y ORTOPEDIA ";"72";"80";"563";"466";"16";"480";"1"
"2023";"11";"150101";"LIMA";"LIMA";"LIMA";"ESSALUD";"II-2";"00008502";"HOSPITAL DE EMERGENCIAS GRAU";"241300";"HOSPITALIZACIÓN QUIRÚRGICA UROLOGÍA  ";"73";"75";"297";"281";"10";"300";"0"
"2023";"11";"150101";"LIMA";"LIMA";"LIMA";"ESSALUD";"II-2";"00008502";"HOSPITAL DE EMERGENCIAS GRAU";"241400";"HOSPITALIZACIÓN QUIRÚRGICA GINECO - OBSTETRICIA ";"326";"329";"701";"688";"31";"930";"0"
"2023";"11";"150101";"LIMA";"LIMA";"LIMA";"ESSALUD";"II-2";"00008502";"HOSPITAL DE EMERGENCIAS GRAU";"242500";"HOSPITALIZACIÓN-PEDIATRÍA GENERAL-";"106";"113";"295";"275";"11";"330";"0"
"2023";"11";"150101";"LIMA";"LIMA";"LIMA";"ESSALUD";"II-2";"00008502";"HOSPITAL DE EMERGENCIAS GRAU";"250200";"UNIDAD DE CUIDADOS CRITICOS UNIDAD DE CUIDADOS INTERMEDIOS GENERAL  (UCIN) ";"124";"112";"210";"274";"14";"450";"0"
"2023";"11";"150101";"LIMA";"LIMA";"LIMA";"ESSALUD";"II-2";"00008502";"HOSPITAL DE EMERGENCIAS GRAU";"250100";"UNIDAD DE CUIDADOS CRITICOS UNIDAD  DE CUIDADOS INTENSIVOS GENERALES (UCI) ";"15";"5";"78";"234";"8";"240";"1"
"2023";"11";"061007";"CAJAMARCA";"SAN MARCOS";"JOSE SABOGAL";"GOBIERNO REGIONAL";"I-1";"00004495";"HUAGAL";"NE_0001";"";"NE_0001";"NE_0001";"NE_0001";"NE_0001";"NE_0001";"NE_0001";"NE_0001"
"2023";"11";"061007";"CAJAMARCA";"SAN MARCOS";"JOSE SABOGAL";"GOBIERNO REGIONAL";"I-2";"00004498";"LICLICONGA";"NE_0001";"";"NE_0001";"NE_0001";"NE_0001";"NE_0001";"NE_0001";"NE_0001";"NE_0001"
"2023";"11";"061007";"CAJAMARCA";"SAN MARCOS";"JOSE SABOGAL";"GOBIERNO REGIONAL";"I-3";"00004500";"JOSE SABOGAL";"NE_0001";"";"NE_0001";"NE_0001";"NE_0001";"NE_0001";"NE_0001";"NE_0001";"NE_0001"
"2023";"11";"150110";"LIMA";"LIMA";"COMAS";"PRIVADO";"II-1";"00008519";"CLINICA UNIVERSITARIA";"240000";"HOSPITALIZACIÓN";"213";"175";"364";"276";"25";"345";"0"
"2023";"06";"040101";"AREQUIPA";"AREQUIPA";"AREQUIPA";"PRIVADO";"II-E";"00032002";"OFTALMOSALUD AREQUIPA  S.A.C.";"NE_0001";"";"NE_0001";"NE_0001";"NE_0001";"NE_0001";"NE_0001";"NE_0001";"NE_0001"
"2023";"12";"120601";"JUNIN";"SATIPO";"SATIPO";"SANIDAD DE LA POLICIA NACIONAL DEL PERU";"I-2";"00011485";"POSTA MEDICA POLICIAL SATIPO";"NE_0001";"";"NE_0001";"NE_0001";"NE_0001";"NE_0001";"NE_0001";"NE_0001";"NE_0001"
"2023";"12";"200101";"PIURA";"PIURA";"PIURA";"ESSALUD";"II-1";"00010244";"HOSPITAL II JORGE REATEGUI DELGADO";"241900";"HOSPITALIZACIÓN DE MEDICINA MEDICINA INTERNA ";"68";"51";"334";"612";"21";"651";"1"
"2023";"12";"200101";"PIURA";"PIURA";"PIURA";"ESSALUD";"II-1";"00010244";"HOSPITAL II JORGE REATEGUI DELGADO";"240100";"HOSPITALIZACIÓN QUIRÚRGICA CIRUGÍA GENERAL ";"105";"105";"267";"367";"18";"558";"0"
"2023";"12";"200101";"PIURA";"PIURA";"PIURA";"ESSALUD";"II-1";"00010244";"HOSPITAL II JORGE REATEGUI DELGADO";"241400";"HOSPITALIZACIÓN QUIRÚRGICA GINECO - OBSTETRICIA ";"288";"286";"376";"513";"29";"899";"0"
"2023";"12";"200101";"PIURA";"PIURA";"PIURA";"ESSALUD";"II-1";"00010244";"HOSPITAL II JORGE REATEGUI DELGADO";"242300";"HOSPITALIZACIÓN DE PEDIATRÍA  PEDIATRÍA  GENERAL ";"53";"52";"184";"152";"11";"341";"0"
"2023";"12";"200101";"PIURA";"PIURA";"PIURA";"ESSALUD";"II-1";"00010244";"HOSPITAL II JORGE REATEGUI DELGADO";"243200";"HOSPITALIZACIÓN DE PEDIATRÍA PEDIATRIA NEONATOLOGÍA";"116";"116";"199";"127";"5";"155";"0"
"2023";"12";"120606";"JUNIN";"SATIPO";"PANGOA";"GOBIERNO REGIONAL";"II-1";"00000442";"SAN MARTIN DE PANGOA";"241800";"HOSPITALIZACIÓN DE MEDICINA MEDICINA GENERAL ";"27";"35";"120";"119";"6";"186";"2"
"2023";"12";"120606";"JUNIN";"SATIPO";"PANGOA";"GOBIERNO REGIONAL";"II-1";"00000442";"SAN MARTIN DE PANGOA";"242500";"HOSPITALIZACIÓN-PEDIATRÍA GENERAL-";"15";"17";"61";"50";"8";"248";"0"
"2023";"12";"120606";"JUNIN";"SATIPO";"PANGOA";"GOBIERNO REGIONAL";"II-1";"00000442";"SAN MARTIN DE PANGOA";"240100";"HOSPITALIZACIÓN QUIRÚRGICA CIRUGÍA GENERAL ";"30";"31";"81";"70";"4";"124";"0"
"2023";"12";"120606";"JUNIN";"SATIPO";"PANGOA";"GOBIERNO REGIONAL";"II-1";"00000442";"SAN MARTIN DE PANGOA";"241500";"HOSPITALIZACIÓN QUIRÚRGICA GINECOLOGÍA  ";"49";"51";"129";"42";"8";"248";"0"
"2023";"12";"120606";"JUNIN";"SATIPO";"PANGOA";"GOBIERNO REGIONAL";"II-1";"00000442";"SAN MARTIN DE PANGOA";"241400";"HOSPITALIZACIÓN QUIRÚRGICA GINECO - OBSTETRICIA ";"65";"66";"135";"175";"8";"248";"0"
"2023";"12";"120606";"JUNIN";"SATIPO";"PANGOA";"GOBIERNO REGIONAL";"II-1";"00000442";"SAN MARTIN DE PANGOA";"243200";"HOSPITALIZACIÓN DE PEDIATRÍA PEDIATRIA NEONATOLOGÍA";"13";"14";"63";"72";"6";"186";"0"
"2023";"12";"200601";"PIURA";"SULLANA";"SULLANA";"SANIDAD DE LA POLICIA NACIONAL DEL PERU";"I-2";"00010688";"POSTA  MEDICA  POLICIAL  SULLANA";"NE_0001";"";"NE_0001";"NE_0001";"NE_0001";"NE_0001";"NE_0001";"NE_0001";"NE_0001"
"2023";"12";"040701";"AREQUIPA";"ISLAY";"MOLLENDO";"SANIDAD DE LA POLICIA NACIONAL DEL PERU";"I-2";"00017336";"IX MACRO REGION DE SANIDAD POLICIAL  AREQUIPA / HOSREPOL AREQUIPA/ POSTA MEDICA POLICIAL ISLAY";"NE_0001";"";"NE_0001";"NE_0001";"NE_0001";"NE_0001";"NE_0001";"NE_0001";"NE_0001"
"2023";"12";"210501";"PUNO";"EL COLLAO";"ILAVE";"GOBIERNO REGIONAL";"II-1";"00003032";"ILAVE";"240100";"HOSPITALIZACIÓN QUIRÚRGICA CIRUGÍA GENERAL ";"11";"11";"42";"53";"4";"124";"0"
"2023";"12";"210501";"PUNO";"EL COLLAO";"ILAVE";"GOBIERNO REGIONAL";"II-1";"00003032";"ILAVE";"241200";"HOSPITALIZACIÓN QUIRÚRGICA TRAUMATOLOGÍA Y ORTOPEDIA ";"4";"5";"16";"20";"1";"31";"0"
"2023";"12";"210501";"PUNO";"EL COLLAO";"ILAVE";"GOBIERNO REGIONAL";"II-1";"00003032";"ILAVE";"241600";"HOSPITALIZACIÓN QUIRÚRGICA OBSTETRICIA   ";"59";"57";"105";"164";"12";"372";"0"
"2023";"12";"210501";"PUNO";"EL COLLAO";"ILAVE";"GOBIERNO REGIONAL";"II-1";"00003032";"ILAVE";"241800";"HOSPITALIZACIÓN DE MEDICINA MEDICINA GENERAL ";"33";"37";"177";"210";"9";"279";"1"
"2023";"12";"210501";"PUNO";"EL COLLAO";"ILAVE";"GOBIERNO REGIONAL";"II-1";"00003032";"ILAVE";"242500";"HOSPITALIZACIÓN-PEDIATRÍA GENERAL-";"19";"19";"84";"103";"9";"279";"0"
"2023";"12";"210501";"PUNO";"EL COLLAO";"ILAVE";"GOBIERNO REGIONAL";"II-1";"00003032";"ILAVE";"243200";"HOSPITALIZACIÓN DE PEDIATRÍA PEDIATRIA NEONATOLOGÍA";"2";"2";"4";"6";"1";"31";"0"
"2023";"12";"010101";"AMAZONAS";"CHACHAPOYAS";"CHACHAPOYAS";"ESSALUD";"II-1";"00009066";"HOSPITAL HIGOS URCO";"241800";"HOSPITALIZACIÓN DE MEDICINA MEDICINA GENERAL ";"21";"21";"108";"106";"6";"186";"0"
"2023";"12";"010101";"AMAZONAS";"CHACHAPOYAS";"CHACHAPOYAS";"ESSALUD";"II-1";"00009066";"HOSPITAL HIGOS URCO";"240100";"HOSPITALIZACIÓN QUIRÚRGICA CIRUGÍA GENERAL ";"23";"24";"84";"85";"5";"155";"0"
"2023";"12";"010101";"AMAZONAS";"CHACHAPOYAS";"CHACHAPOYAS";"ESSALUD";"II-1";"00009066";"HOSPITAL HIGOS URCO";"245400";"HOSPITALIZACIÓN DE MEDICINA GINECOLOGIA ";"26";"27";"70";"65";"5";"155";"0"
"2023";"12";"010101";"AMAZONAS";"CHACHAPOYAS";"CHACHAPOYAS";"ESSALUD";"II-1";"00009066";"HOSPITAL HIGOS URCO";"242300";"HOSPITALIZACIÓN DE PEDIATRÍA  PEDIATRÍA  GENERAL ";"12";"13";"38";"37";"2";"62";"0"
"2023";"12";"220101";"SAN MARTIN";"MOYOBAMBA";"MOYOBAMBA";"GOBIERNO REGIONAL";"I-2";"00006291";"ATUMPLAYA";"NE_0001";"";"NE_0001";"NE_0001";"NE_0001";"NE_0001";"NE_0001";"NE_0001";"NE_0001"
"2023";"12";"220807";"SAN MARTIN";"RIOJA";"SAN FERNANDO";"GOBIERNO REGIONAL";"I-3";"00006290";"SAN FERNANDO";"NE_0002";"";"NE_0002";"NE_0002";"NE_0002";"NE_0002";"NE_0002";"NE_0002";"NE_0002"
"2023";"12";"220807";"SAN MARTIN";"RIOJA";"SAN FERNANDO";"GOBIERNO REGIONAL";"I-1";"00006294";"PERLA MAYO";"NE_0001";"";"NE_0001";"NE_0001";"NE_0001";"NE_0001";"NE_0001";"NE_0001";"NE_0001"
"2023";"02";"021501";"ANCASH";"PALLASCA";"CABANA";"ESSALUD";"I-2";"00009924";"POSTA MEDICA CABANA";"NE_0001";"";"NE_0001";"NE_0001";"NE_0001";"NE_0001";"NE_0001";"NE_0001";"NE_0001"
"2023";"12";"070101";"CALLAO";"CALLAO";"CALLAO";"GOBIERNO REGIONAL";"I-2";"00006233";"PUESTO DE SALUD JUAN PABLO II";"NE_0001";"";"NE_0001";"NE_0001";"NE_0001";"NE_0001";"NE_0001";"NE_0001";"NE_0001"
"2023";"12";"070101";"CALLAO";"CALLAO";"CALLAO";"GOBIERNO REGIONAL";"I-2";"00020823";"CENTRO DE SALUD MENTAL COMUNITARIO SARITA COLONIA";"NE_0001";"";"NE_0001";"NE_0001";"NE_0001";"NE_0001";"NE_0001";"NE_0001";"NE_0001"
"2023";"12";"070101";"CALLAO";"CALLAO";"CALLAO";"GOBIERNO REGIONAL";"I-4";"00006230";"CENTRO DE SALUD ACAPULCO";"NE_0002";"";"NE_0002";"NE_0002";"NE_0002";"NE_0002";"NE_0002";"NE_0002";"NE_0002"
"2023";"12";"131201";"LA LIBERTAD";"VIRU";"VIRU";"GOBIERNO REGIONAL";"II-1";"00005251";"HOSPITAL PROVINCIAL DE VIRU";"241600";"HOSPITALIZACIÓN QUIRÚRGICA OBSTETRICIA   ";"29";"29";"59";"59";"7";"217";"0"
"2023";"12";"131201";"LA LIBERTAD";"VIRU";"VIRU";"GOBIERNO REGIONAL";"II-1";"00005251";"HOSPITAL PROVINCIAL DE VIRU";"242500";"HOSPITALIZACIÓN-PEDIATRÍA GENERAL-";"11";"10";"42";"42";"5";"155";"0"
"2023";"12";"131201";"LA LIBERTAD";"VIRU";"VIRU";"GOBIERNO REGIONAL";"II-1";"00005251";"HOSPITAL PROVINCIAL DE VIRU";"241800";"HOSPITALIZACIÓN DE MEDICINA MEDICINA GENERAL ";"19";"23";"94";"85";"6";"186";"0"
"2023";"12";"131201";"LA LIBERTAD";"VIRU";"VIRU";"GOBIERNO REGIONAL";"II-1";"00005251";"HOSPITAL PROVINCIAL DE VIRU";"241500";"HOSPITALIZACIÓN QUIRÚRGICA GINECOLOGÍA  ";"20";"21";"50";"48";"3";"93";"0"
"2023";"12";"150141";"LIMA";"LIMA";"SURQUILLO";"PRIVADO";"II-E";"00025930";"CLINICA SANENS";"240000";"HOSPITALIZACIÓN";"42";"42";"36";"40";"7";"210";"0"
"2023";"12";"090101";"HUANCAVELICA";"HUANCAVELICA";"HUANCAVELICA";"GOBIERNO REGIONAL";"I-3";"00003861";"SAN CRISTOBAL";"NE_0002";"";"NE_0002";"NE_0002";"NE_0002";"NE_0002";"NE_0002";"NE_0002";"NE_0002"
"2023";"12";"090101";"HUANCAVELICA";"HUANCAVELICA";"HUANCAVELICA";"GOBIERNO REGIONAL";"I-1";"00003863";"ANTACCOCHA";"NE_0001";"";"NE_0001";"NE_0001";"NE_0001";"NE_0001";"NE_0001";"NE_0001";"NE_0001"
"2023";"12";"150137";"LIMA";"LIMA";"SANTA ANITA";"PRIVADO";"I-3";"00010318";"CENTRO MEDICO MAYO";"NE_0001";"";"NE_0001";"NE_0001";"NE_0001";"NE_0001";"NE_0001";"NE_0001";"NE_0001"
"2023";"12";"220202";"SAN MARTIN";"BELLAVISTA";"ALTO BIAVO";"GOBIERNO REGIONAL";"I-1";"00006528";"NUEVA ARICA";"NE_0002";"";"NE_0002";"NE_0002";"NE_0002";"NE_0002";"NE_0002";"NE_0002";"NE_0002"
"2023";"12";"220202";"SAN MARTIN";"BELLAVISTA";"ALTO BIAVO";"GOBIERNO REGIONAL";"I-1";"00006525";"CUZCO";"NE_0002";"";"NE_0002";"NE_0002";"NE_0002";"NE_0002";"NE_0002";"NE_0002";"NE_0002"
"2023";"12";"220202";"SAN MARTIN";"BELLAVISTA";"ALTO BIAVO";"GOBIERNO REGIONAL";"I-2";"00006524";"BARRANCA";"NE_0002";"";"NE_0002";"NE_0002";"NE_0002";"NE_0002";"NE_0002";"NE_0002";"NE_0002"
"2023";"12";"220202";"SAN MARTIN";"BELLAVISTA";"ALTO BIAVO";"GOBIERNO REGIONAL";"I-1";"00006526";"INCAICO";"NE_0002";"";"NE_0002";"NE_0002";"NE_0002";"NE_0002";"NE_0002";"NE_0002";"NE_0002"
"2023";"12";"220202";"SAN MARTIN";"BELLAVISTA";"ALTO BIAVO";"GOBIERNO REGIONAL";"I-1";"00006527";"JOSE OLAYA";"NE_0002";"";"NE_0002";"NE_0002";"NE_0002";"NE_0002";"NE_0002";"NE_0002";"NE_0002"
"2023";"12";"120702";"JUNIN";"TARMA";"ACOBAMBA";"GOBIERNO REGIONAL";"I-1";"00000522";"PICOY";"NE_0001";"";"NE_0001";"NE_0001";"NE_0001";"NE_0001";"NE_0001";"NE_0001";"NE_0001"
"2023";"12";"120702";"JUNIN";"TARMA";"ACOBAMBA";"GOBIERNO REGIONAL";"I-1";"00000526";"COLLPA";"NE_0001";"";"NE_0001";"NE_0001";"NE_0001";"NE_0001";"NE_0001";"NE_0001";"NE_0001"
"2023";"12";"120702";"JUNIN";"TARMA";"ACOBAMBA";"GOBIERNO REGIONAL";"I-4";"00000521";"ACOBAMBA";"241600";"HOSPITALIZACIÓN QUIRÚRGICA OBSTETRICIA   ";"3";"3";"5";"5";"3";"93";"0"
"2023";"12";"120702";"JUNIN";"TARMA";"ACOBAMBA";"GOBIERNO REGIONAL";"I-1";"00000525";"HUAYLAHUICHAN";"NE_0001";"";"NE_0001";"NE_0001";"NE_0001";"NE_0001";"NE_0001";"NE_0001";"NE_0001"
"2023";"12";"110102";"ICA";"ICA";"LA TINGUIÑA";"ESSALUD";"I-3";"00024531";"LA TINGUIÑA";"NE_0001";"";"NE_0001";"NE_0001";"NE_0001";"NE_0001";"NE_0001";"NE_0001";"NE_0001"
"2023";"12";"090408";"HUANCAVELICA";"CASTROVIRREYNA";"HUAMATAMBO";"GOBIERNO REGIONAL";"I-1";"00004032";"HUAMATAMBO";"NE_0001";"";"NE_0001";"NE_0001";"NE_0001";"NE_0001";"NE_0001";"NE_0001";"NE_0001"
"2023";"12";"090403";"HUANCAVELICA";"CASTROVIRREYNA";"AURAHUA";"GOBIERNO REGIONAL";"I-1";"00004020";"COCHAMARCA";"NE_0001";"";"NE_0001";"NE_0001";"NE_0001";"NE_0001";"NE_0001";"NE_0001";"NE_0001"
"2023";"12";"090412";"HUANCAVELICA";"CASTROVIRREYNA";"TANTARA";"GOBIERNO REGIONAL";"I-1";"00004031";"OCROCOCHA";"NE_0001";"";"NE_0001";"NE_0001";"NE_0001";"NE_0001";"NE_0001";"NE_0001";"NE_0001"
"2023";"12";"090101";"HUANCAVELICA";"HUANCAVELICA";"HUANCAVELICA";"PRIVADO";"I-3";"00009300";"JUAN PABLO II";"NE_0001";"";"NE_0001";"NE_0001";"NE_0001";"NE_0001";"NE_0001";"NE_0001";"NE_0001"
"2023";"12";"120419";"JUNIN";"JAUJA";"MONOBAMBA";"GOBIERNO REGIONAL";"I-1";"00000363";"CHACAYBAMBA";"NE_0001";"";"NE_0001";"NE_0001";"NE_0001";"NE_0001";"NE_0001";"NE_0001";"NE_0001"
"2023";"12";"120419";"JUNIN";"JAUJA";"MONOBAMBA";"GOBIERNO REGIONAL";"I-2";"00000362";"MONOBAMBA";"NE_0001";"";"NE_0001";"NE_0001";"NE_0001";"NE_0001";"NE_0001";"NE_0001";"NE_0001"
"2023";"12";"120306";"JUNIN";"CHANCHAMAYO";"VITOC";"GOBIERNO REGIONAL";"I-2";"00000358";"VITOC";"NE_0001";"";"NE_0001";"NE_0001";"NE_0001";"NE_0001";"NE_0001";"NE_0001";"NE_0001"
"2023";"12";"120306";"JUNIN";"CHANCHAMAYO";"VITOC";"GOBIERNO REGIONAL";"I-1";"00000360";"UTCUYACU";"NE_0001";"";"NE_0001";"NE_0001";"NE_0001";"NE_0001";"NE_0001";"NE_0001";"NE_0001"
"2023";"12";"120305";"JUNIN";"CHANCHAMAYO";"SAN RAMON";"GOBIERNO REGIONAL";"I-2";"00000355";"NARANJAL";"NE_0001";"";"NE_0001";"NE_0001";"NE_0001";"NE_0001";"NE_0001";"NE_0001";"NE_0001"
"2023";"12";"120305";"JUNIN";"CHANCHAMAYO";"SAN RAMON";"GOBIERNO REGIONAL";"I-1";"00000357";"PEDREGAL";"NE_0001";"";"NE_0001";"NE_0001";"NE_0001";"NE_0001";"NE_0001";"NE_0001";"NE_0001"
"2023";"12";"020101";"ANCASH";"HUARAZ";"HUARAZ";"GOBIERNO REGIONAL";"I-1";"00001547";"PUESTO DE SALUD YANACOSHCA";"NE_0001";"";"NE_0001";"NE_0001";"NE_0001";"NE_0001";"NE_0001";"NE_0001";"NE_0001"
"2023";"12";"020108";"ANCASH";"HUARAZ";"OLLEROS";"GOBIERNO REGIONAL";"I-2";"00001553";"PUESTO DE SALUD HUARIPAMPA";"NE_0001";"";"NE_0001";"NE_0001";"NE_0001";"NE_0001";"NE_0001";"NE_0001";"NE_0001"
"2023";"12";"020510";"ANCASH";"BOLOGNESI";"HUAYLLACAYAN";"GOBIERNO REGIONAL";"I-1";"00001491";"PUESTO DE SALUD HUAYLLACAYAN";"NE_0001";"";"NE_0001";"NE_0001";"NE_0001";"NE_0001";"NE_0001";"NE_0001";"NE_0001"
"2023";"12";"020504";"ANCASH";"BOLOGNESI";"AQUIA";"GOBIERNO REGIONAL";"I-2";"00001494";"PUESTO DE SALUD AQUIA";"NE_0001";"";"NE_0001";"NE_0001";"NE_0001";"NE_0001";"NE_0001";"NE_0001";"NE_0001"
"2023";"12";"020506";"ANCASH";"BOLOGNESI";"CANIS";"GOBIERNO REGIONAL";"I-1";"00001501";"PUESTO DE SALUD CANIS";"NE_0001";"";"NE_0001";"NE_0001";"NE_0001";"NE_0001";"NE_0001";"NE_0001";"NE_0001"
"2023";"12";"020602";"ANCASH";"CARHUAZ";"ACOPAMPA";"GOBIERNO REGIONAL";"I-3";"00001521";"CENTRO DE SALUD ACOPAMPA";"NE_0001";"";"NE_0001";"NE_0001";"NE_0001";"NE_0001";"NE_0001";"NE_0001";"NE_0001"
"2023";"12";"020101";"ANCASH";"HUARAZ";"HUARAZ";"GOBIERNO REGIONAL";"I-1";"00001556";"PUESTO DE SALUD COYLLUR";"NE_0001";"";"NE_0001";"NE_0001";"NE_0001";"NE_0001";"NE_0001";"NE_0001";"NE_0001"
"2023";"12";"020105";"ANCASH";"HUARAZ";"INDEPENDENCIA";"GOBIERNO REGIONAL";"I-1";"00001573";"PUESTO DE SALUD PARIA";"NE_0001";"";"NE_0001";"NE_0001";"NE_0001";"NE_0001";"NE_0001";"NE_0001";"NE_0001"
"2023";"12";"020105";"ANCASH";"HUARAZ";"INDEPENDENCIA";"GOBIERNO REGIONAL";"I-1";"00001575";"PUESTO DE SALUD CHONTAYOC";"NE_0001";"";"NE_0001";"NE_0001";"NE_0001";"NE_0001";"NE_0001";"NE_0001";"NE_0001"
"2023";"12";"021402";"ANCASH";"OCROS";"ACAS";"GOBIERNO REGIONAL";"0";"00001756";"ACAS";"NE_0001";"";"NE_0001";"NE_0001";"NE_0001";"NE_0001";"NE_0001";"NE_0001";"NE_0001"
"2023";"12";"020606";"ANCASH";"CARHUAZ";"MARCARA";"GOBIERNO REGIONAL";"I-1";"00006636";"COPA GRANDE";"NE_0001";"";"NE_0001";"NE_0001";"NE_0001";"NE_0001";"NE_0001";"NE_0001";"NE_0001"
"2023";"12";"100101";"HUANUCO";"HUANUCO";"HUANUCO";"GOBIERNO REGIONAL";"II-2";"00000754";"HOSPITAL REGIONAL HERMILIO VALDIZAN";"242500";"HOSPITALIZACIÓN-PEDIATRÍA GENERAL-";"38";"73";"456";"73";"60";"120";"0"
"2023";"12";"100101";"HUANUCO";"HUANUCO";"HUANUCO";"GOBIERNO REGIONAL";"II-2";"00000754";"HOSPITAL REGIONAL HERMILIO VALDIZAN";"241900";"HOSPITALIZACIÓN DE MEDICINA MEDICINA INTERNA ";"70";"137";"30";"20";"40";"140";"3"
"2023";"12";"100101";"HUANUCO";"HUANUCO";"HUANUCO";"GOBIERNO REGIONAL";"II-2";"00000754";"HOSPITAL REGIONAL HERMILIO VALDIZAN";"240100";"HOSPITALIZACIÓN QUIRÚRGICA CIRUGÍA GENERAL ";"50";"117";"45";"30";"30";"110";"0"
"2023";"12";"100101";"HUANUCO";"HUANUCO";"HUANUCO";"GOBIERNO REGIONAL";"II-2";"00000754";"HOSPITAL REGIONAL HERMILIO VALDIZAN";"250100";"UNIDAD DE CUIDADOS CRITICOS UNIDAD  DE CUIDADOS INTENSIVOS GENERALES (UCI) ";"6";"10";"89";"10";"4";"93";"2"
"2023";"12";"100101";"HUANUCO";"HUANUCO";"HUANUCO";"GOBIERNO REGIONAL";"II-2";"00000754";"HOSPITAL REGIONAL HERMILIO VALDIZAN";"241400";"HOSPITALIZACIÓN QUIRÚRGICA GINECO - OBSTETRICIA ";"110";"143";"60";"63";"20";"145";"0"
"2023";"12";"100101";"HUANUCO";"HUANUCO";"HUANUCO";"GOBIERNO REGIONAL";"II-2";"00000754";"HOSPITAL REGIONAL HERMILIO VALDIZAN";"243200";"HOSPITALIZACIÓN DE PEDIATRÍA PEDIATRIA NEONATOLOGÍA";"45";"85";"60";"35";"23";"90";"1"
"2023";"12";"100101";"HUANUCO";"HUANUCO";"HUANUCO";"GOBIERNO REGIONAL";"II-2";"00000754";"HOSPITAL REGIONAL HERMILIO VALDIZAN";"241500";"HOSPITALIZACIÓN QUIRÚRGICA GINECOLOGÍA  ";"8";"12";"20";"12";"8";"92";"0"
"2023";"12";"150117";"LIMA";"LIMA";"LOS OLIVOS";"MUNICIPALIDAD DISTRITAL";"II-1";"00019787";"HOSPITAL MUNICIPAL LOS OLIVOS";"241800";"HOSPITALIZACIÓN DE MEDICINA MEDICINA GENERAL ";"10";"12";"37";"47";"25";"750";"0"
"2023";"12";"150117";"LIMA";"LIMA";"LOS OLIVOS";"MUNICIPALIDAD DISTRITAL";"II-1";"00019787";"HOSPITAL MUNICIPAL LOS OLIVOS";"240100";"HOSPITALIZACIÓN QUIRÚRGICA CIRUGÍA GENERAL ";"15";"15";"37";"52";"25";"750";"0"
"2023";"12";"150117";"LIMA";"LIMA";"LOS OLIVOS";"MUNICIPALIDAD DISTRITAL";"II-1";"00019787";"HOSPITAL MUNICIPAL LOS OLIVOS";"241300";"HOSPITALIZACIÓN QUIRÚRGICA UROLOGÍA  ";"4";"3";"16";"20";"25";"750";"0"
"2023";"12";"150117";"LIMA";"LIMA";"LOS OLIVOS";"MUNICIPALIDAD DISTRITAL";"II-1";"00019787";"HOSPITAL MUNICIPAL LOS OLIVOS";"241200";"HOSPITALIZACIÓN QUIRÚRGICA TRAUMATOLOGÍA Y ORTOPEDIA ";"2";"2";"14";"16";"25";"750";"0"
"2023";"12";"150117";"LIMA";"LIMA";"LOS OLIVOS";"MUNICIPALIDAD DISTRITAL";"II-1";"00019787";"HOSPITAL MUNICIPAL LOS OLIVOS";"241500";"HOSPITALIZACIÓN QUIRÚRGICA GINECOLOGÍA  ";"16";"16";"28";"16";"11";"330";"0"
"2023";"12";"230301";"TACNA";"JORGE BASADRE";"LOCUMBA";"ESSALUD";"I-2";"00018550";"CENTRO DE ATENCION PRIMARIA  I  LOCUMBA";"NE_0001";"";"NE_0001";"NE_0001";"NE_0001";"NE_0001";"NE_0001";"NE_0001";"NE_0001"
"2023";"11";"110301";"ICA";"NAZCA";"NAZCA";"GOBIERNO REGIONAL";"II-1";"00003443";"RICARDO CRUZADO RIVAROLA DE NASCA";"240100";"HOSPITALIZACIÓN QUIRÚRGICA CIRUGÍA GENERAL ";"69";"71";"182";"516";"11";"330";"0"
"2023";"11";"110301";"ICA";"NAZCA";"NAZCA";"GOBIERNO REGIONAL";"II-1";"00003443";"RICARDO CRUZADO RIVAROLA DE NASCA";"241500";"HOSPITALIZACIÓN QUIRÚRGICA GINECOLOGÍA  ";"46";"50";"100";"120";"4";"120";"0"
"2023";"11";"110301";"ICA";"NAZCA";"NAZCA";"GOBIERNO REGIONAL";"II-1";"00003443";"RICARDO CRUZADO RIVAROLA DE NASCA";"241600";"HOSPITALIZACIÓN QUIRÚRGICA OBSTETRICIA   ";"93";"101";"181";"420";"14";"420";"0"
"2023";"11";"110301";"ICA";"NAZCA";"NAZCA";"GOBIERNO REGIONAL";"II-1";"00003443";"RICARDO CRUZADO RIVAROLA DE NASCA";"241800";"HOSPITALIZACIÓN DE MEDICINA MEDICINA GENERAL ";"113";"117";"431";"570";"19";"570";"7"
"2023";"11";"110301";"ICA";"NAZCA";"NAZCA";"GOBIERNO REGIONAL";"II-1";"00003443";"RICARDO CRUZADO RIVAROLA DE NASCA";"242500";"HOSPITALIZACIÓN-PEDIATRÍA GENERAL-";"36";"38";"106";"441";"15";"450";"0"
"2023";"11";"061007";"CAJAMARCA";"SAN MARCOS";"JOSE SABOGAL";"GOBIERNO REGIONAL";"I-1";"00004496";"TINYAYOC";"NE_0001";"";"NE_0001";"NE_0001";"NE_0001";"NE_0001";"NE_0001";"NE_0001";"NE_0001"
"2023";"11";"061007";"CAJAMARCA";"SAN MARCOS";"JOSE SABOGAL";"GOBIERNO REGIONAL";"I-2";"00004497";"MALAT";"NE_0001";"";"NE_0001";"NE_0001";"NE_0001";"NE_0001";"NE_0001";"NE_0001";"NE_0001"
"2023";"11";"061007";"CAJAMARCA";"SAN MARCOS";"JOSE SABOGAL";"GOBIERNO REGIONAL";"I-1";"00004499";"MATIBAMBA";"NE_0001";"";"NE_0001";"NE_0001";"NE_0001";"NE_0001";"NE_0001";"NE_0001";"NE_0001"
"2023";"11";"210101";"PUNO";"PUNO";"PUNO";"GOBIERNO REGIONAL";"II-2";"00003251";"HOSPITAL REGIONAL MANUEL NUÑEZ BUTRON";"240100";"HOSPITALIZACIÓN QUIRÚRGICA CIRUGÍA GENERAL ";"83";"102";"477";"608";"34";"1020";"4"
"2023";"11";"210101";"PUNO";"PUNO";"PUNO";"GOBIERNO REGIONAL";"II-2";"00003251";"HOSPITAL REGIONAL MANUEL NUÑEZ BUTRON";"240400";"HOSPITALIZACIÓN QUIRÚRGICA CIRUGÍA DE TÓRAX Y CARDIOVASCULAR ";"1";"2";"39";"39";"2";"60";"0"
"2023";"11";"210101";"PUNO";"PUNO";"PUNO";"GOBIERNO REGIONAL";"II-2";"00003251";"HOSPITAL REGIONAL MANUEL NUÑEZ BUTRON";"240700";"HOSPITALIZACIÓN QUIRÚRGICA CIRUGÍA PEDIÁTRICA ";"3";"7";"31";"39";"3";"90";"0"
"2023";"11";"210101";"PUNO";"PUNO";"PUNO";"GOBIERNO REGIONAL";"II-2";"00003251";"HOSPITAL REGIONAL MANUEL NUÑEZ BUTRON";"240900";"HOSPITALIZACIÓN QUIRÚRGICA NEUROCIRUGÍA ";"16";"23";"218";"241";"11";"330";"3"
"2023";"11";"210101";"PUNO";"PUNO";"PUNO";"GOBIERNO REGIONAL";"II-2";"00003251";"HOSPITAL REGIONAL MANUEL NUÑEZ BUTRON";"241200";"HOSPITALIZACIÓN QUIRÚRGICA TRAUMATOLOGÍA Y ORTOPEDIA ";"15";"20";"98";"119";"14";"420";"1"
"2023";"11";"210101";"PUNO";"PUNO";"PUNO";"GOBIERNO REGIONAL";"II-2";"00003251";"HOSPITAL REGIONAL MANUEL NUÑEZ BUTRON";"241300";"HOSPITALIZACIÓN QUIRÚRGICA UROLOGÍA  ";"5";"6";"29";"36";"2";"60";"0"
"2023";"11";"210101";"PUNO";"PUNO";"PUNO";"GOBIERNO REGIONAL";"II-2";"00003251";"HOSPITAL REGIONAL MANUEL NUÑEZ BUTRON";"241500";"HOSPITALIZACIÓN QUIRÚRGICA GINECOLOGÍA  ";"12";"13";"32";"45";"2";"60";"0"
"2023";"11";"210101";"PUNO";"PUNO";"PUNO";"GOBIERNO REGIONAL";"II-2";"00003251";"HOSPITAL REGIONAL MANUEL NUÑEZ BUTRON";"241600";"HOSPITALIZACIÓN QUIRÚRGICA OBSTETRICIA   ";"163";"176";"354";"530";"21";"630";"0"
"2023";"11";"210101";"PUNO";"PUNO";"PUNO";"GOBIERNO REGIONAL";"II-2";"00003251";"HOSPITAL REGIONAL MANUEL NUÑEZ BUTRON";"241800";"HOSPITALIZACIÓN DE MEDICINA MEDICINA GENERAL ";"53";"61";"271";"330";"27";"810";"5"
"2023";"11";"210101";"PUNO";"PUNO";"PUNO";"GOBIERNO REGIONAL";"II-2";"00003251";"HOSPITAL REGIONAL MANUEL NUÑEZ BUTRON";"241900";"HOSPITALIZACIÓN DE MEDICINA MEDICINA INTERNA ";"71";"84";"342";"426";"19";"570";"8"
"2023";"11";"210101";"PUNO";"PUNO";"PUNO";"GOBIERNO REGIONAL";"II-2";"00003251";"HOSPITAL REGIONAL MANUEL NUÑEZ BUTRON";"242100";"HOSPITALIZACIÓN DE MEDICINA ONCOLOGÍA MÉDICA ";"2";"2";"7";"38";"2";"60";"0"
"2023";"11";"210101";"PUNO";"PUNO";"PUNO";"GOBIERNO REGIONAL";"II-2";"00003251";"HOSPITAL REGIONAL MANUEL NUÑEZ BUTRON";"242500";"HOSPITALIZACIÓN-PEDIATRÍA GENERAL-";"39";"43";"240";"280";"27";"810";"3"
"2023";"11";"210101";"PUNO";"PUNO";"PUNO";"GOBIERNO REGIONAL";"II-2";"00003251";"HOSPITAL REGIONAL MANUEL NUÑEZ BUTRON";"243200";"HOSPITALIZACIÓN DE PEDIATRÍA PEDIATRIA NEONATOLOGÍA";"46";"60";"343";"403";"28";"840";"1"
"2023";"11";"210101";"PUNO";"PUNO";"PUNO";"GOBIERNO REGIONAL";"II-2";"00003251";"HOSPITAL REGIONAL MANUEL NUÑEZ BUTRON";"250103";"UNIDAD DE CUIDADOS CRITICOS UNIDAD  DE CUIDADOS INTENSIVOS GENERALES  (UCI) MEDICINA";"9";"10";"90";"100";"4";"120";"1"
"2023";"11";"210101";"PUNO";"PUNO";"PUNO";"GOBIERNO REGIONAL";"II-2";"00003251";"HOSPITAL REGIONAL MANUEL NUÑEZ BUTRON";"244700";"HOSPITALIZACIÓN DE MEDICINA NEUROLOGIA  ";"3";"3";"17";"20";"4";"120";"0"
"2023";"11";"210101";"PUNO";"PUNO";"PUNO";"GOBIERNO REGIONAL";"II-2";"00003251";"HOSPITAL REGIONAL MANUEL NUÑEZ BUTRON";"244200";"HOSPITALIZACIÓN DE MEDICINA ENDOCRINOLOGIA ";"9";"9";"63";"72";"3";"90";"2"
"2023";"11";"210101";"PUNO";"PUNO";"PUNO";"GOBIERNO REGIONAL";"II-2";"00003251";"HOSPITAL REGIONAL MANUEL NUÑEZ BUTRON";"244500";"HOSPITALIZACIÓN DE MEDICINA HEMATOLOGÍA ";"0";"2";"36";"38";"2";"60";"0"
"2023";"11";"080905";"CUSCO";"LA CONVENCION";"OCOBAMBA";"GOBIERNO REGIONAL";"I-3";"00002462";"OCCOBAMBA LACONVENCION";"NE_0001";"";"NE_0001";"NE_0001";"NE_0001";"NE_0001";"NE_0001";"NE_0001";"NE_0001"
"2023";"11";"080906";"CUSCO";"LA CONVENCION";"QUELLOUNO";"GOBIERNO REGIONAL";"I-1";"00008906";"ESTRELLA";"NE_0001";"";"NE_0001";"NE_0001";"NE_0001";"NE_0001";"NE_0001";"NE_0001";"NE_0001"
"2023";"11";"080906";"CUSCO";"LA CONVENCION";"QUELLOUNO";"GOBIERNO REGIONAL";"I-4";"00002465";"QUELLOUNO";"NE_0001";"";"NE_0001";"NE_0001";"NE_0001";"NE_0001";"NE_0001";"NE_0001";"NE_0001"
"2023";"10";"230302";"TACNA";"JORGE BASADRE";"ILABAYA";"PRIVADO";"I-4";"00018230";"HOSPITAL TOQUEPALA";"240100";"HOSPITALIZACIÓN QUIRÚRGICA CIRUGÍA GENERAL ";"5";"9";"56";"110";"12";"360";"0"
"2023";"10";"230302";"TACNA";"JORGE BASADRE";"ILABAYA";"PRIVADO";"I-4";"00018230";"HOSPITAL TOQUEPALA";"241800";"HOSPITALIZACIÓN DE MEDICINA MEDICINA GENERAL ";"0";"1";"2";"64";"14";"420";"0"
"2023";"10";"230302";"TACNA";"JORGE BASADRE";"ILABAYA";"PRIVADO";"I-4";"00018230";"HOSPITAL TOQUEPALA";"242500";"HOSPITALIZACIÓN-PEDIATRÍA GENERAL-";"1";"1";"2";"3";"3";"90";"0"
"2023";"12";"070101";"CALLAO";"CALLAO";"CALLAO";"SANIDAD DE LA POLICIA NACIONAL DEL PERU";"I-2";"00010451";"POSTA MÉDICA POLICIAL VIPOL";"NE_0001";"";"NE_0001";"NE_0001";"NE_0001";"NE_0001";"NE_0001";"NE_0001";"NE_0001"
"2023";"12";"051107";"AYACUCHO";"VILCAS HUAMAN";"SAURAMA";"GOBIERNO REGIONAL";"I-1";"00003846";"PUESTO DE SALUD SAURAMA";"NE_0001";"";"NE_0001";"NE_0001";"NE_0001";"NE_0001";"NE_0001";"NE_0001";"NE_0001"
"2023";"12";"051108";"AYACUCHO";"VILCAS HUAMAN";"VISCHONGO";"GOBIERNO REGIONAL";"I-3";"00006609";"CENTRO DE SALUD VISCHONGO";"NE_0001";"";"NE_0001";"NE_0001";"NE_0001";"NE_0001";"NE_0001";"NE_0001";"NE_0001"
"2023";"12";"150133";"LIMA";"LIMA";"SAN JUAN DE MIRAFLORES";"PRIVADO";"II-E";"00017676";"OFTALMOSALUD";"NE_0001";"";"NE_0001";"NE_0001";"NE_0001";"NE_0001";"NE_0001";"NE_0001";"NE_0001"
"2023";"12";"140112";"LAMBAYEQUE";"CHICLAYO";"PIMENTEL";"ESSALUD";"II-1";"00011020";"HOSPITAL II LUIS HEYSEN INCHAUSTEGUI";"250304";"HOSPIT. EN UNIDAD DE CUID.INTEN.-UNIDAD DE VIGILANCIA INTENSIVA (UVI)-MEDICINA";"5";"6";"82";"129";"6";"186";"4"
"2023";"12";"140112";"LAMBAYEQUE";"CHICLAYO";"PIMENTEL";"ESSALUD";"II-1";"00011020";"HOSPITAL II LUIS HEYSEN INCHAUSTEGUI";"241900";"HOSPITALIZACIÓN DE MEDICINA MEDICINA INTERNA ";"99";"97";"1009";"936";"32";"1000";"5"
"2023";"12";"140112";"LAMBAYEQUE";"CHICLAYO";"PIMENTEL";"ESSALUD";"II-1";"00011020";"HOSPITAL II LUIS HEYSEN INCHAUSTEGUI";"240100";"HOSPITALIZACIÓN QUIRÚRGICA CIRUGÍA GENERAL ";"308";"338";"1228";"1086";"46";"1418";"0"
"2023";"12";"140112";"LAMBAYEQUE";"CHICLAYO";"PIMENTEL";"ESSALUD";"II-1";"00011020";"HOSPITAL II LUIS HEYSEN INCHAUSTEGUI";"241400";"HOSPITALIZACIÓN QUIRÚRGICA GINECO - OBSTETRICIA ";"334";"333";"717";"690";"38";"1178";"0"
"2023";"12";"140112";"LAMBAYEQUE";"CHICLAYO";"PIMENTEL";"ESSALUD";"II-1";"00011020";"HOSPITAL II LUIS HEYSEN INCHAUSTEGUI";"242500";"HOSPITALIZACIÓN-PEDIATRÍA GENERAL-";"2";"25";"126";"126";"10";"310";"0"
"2023";"12";"220104";"SAN MARTIN";"MOYOBAMBA";"JEPELACIO";"GOBIERNO REGIONAL";"I-3";"00006341";"JERILLO";"241600";"HOSPITALIZACIÓN QUIRÚRGICA OBSTETRICIA   ";"8";"8";"9";"1";"1";"31";"0"
"2023";"12";"220104";"SAN MARTIN";"MOYOBAMBA";"JEPELACIO";"GOBIERNO REGIONAL";"I-1";"00006346";"RAMIREZ";"NE_0001";"";"NE_0001";"NE_0001";"NE_0001";"NE_0001";"NE_0001";"NE_0001";"NE_0001"
"2023";"12";"220104";"SAN MARTIN";"MOYOBAMBA";"JEPELACIO";"GOBIERNO REGIONAL";"I-3";"00006349";"LA HUARPIA";"NE_0001";"";"NE_0001";"NE_0001";"NE_0001";"NE_0001";"NE_0001";"NE_0001";"NE_0001"
"2023";"12";"040103";"AREQUIPA";"AREQUIPA";"CAYMA";"GOBIERNO REGIONAL";"I-2";"00001244";"PUESTO DE SALUD LA TOMILLA";"NE_0001";"";"NE_0001";"NE_0001";"NE_0001";"NE_0001";"NE_0001";"NE_0001";"NE_0001"
"2023";"12";"040103";"AREQUIPA";"AREQUIPA";"CAYMA";"GOBIERNO REGIONAL";"I-3";"00001234";"CENTRO DE SALUD FRANCISCO BOLOGNESI";"NE_0001";"";"NE_0001";"NE_0001";"NE_0001";"NE_0001";"NE_0001";"NE_0001";"NE_0001"
"2023";"12";"040103";"AREQUIPA";"AREQUIPA";"CAYMA";"GOBIERNO REGIONAL";"I-3";"00006890";"PUESTO DE SALUD RAFAEL BELAUNDE";"NE_0001";"";"NE_0001";"NE_0001";"NE_0001";"NE_0001";"NE_0001";"NE_0001";"NE_0001"
"2023";"12";"040103";"AREQUIPA";"AREQUIPA";"CAYMA";"GOBIERNO REGIONAL";"I-3";"00027464";"CENTRO DE SALUD MENTAL COMUNITARIO CAYMA";"NE_0001";"";"NE_0001";"NE_0001";"NE_0001";"NE_0001";"NE_0001";"NE_0001";"NE_0001"
"2023";"12";"110108";"ICA";"ICA";"SALAS";"GOBIERNO REGIONAL";"I-3";"00003363";"GUADALUPE";"NE_0001";"";"NE_0001";"NE_0001";"NE_0001";"NE_0001";"NE_0001";"NE_0001";"NE_0001"
"2023";"12";"110112";"ICA";"ICA";"SUBTANJALLA";"GOBIERNO REGIONAL";"I-3";"00003362";"SUBTANJALLA";"NE_0001";"";"NE_0001";"NE_0001";"NE_0001";"NE_0001";"NE_0001";"NE_0001";"NE_0001"
"2023";"12";"110108";"ICA";"ICA";"SALAS";"GOBIERNO REGIONAL";"I-2";"00003384";"PAMPA DE VILLACURI";"NE_0001";"";"NE_0001";"NE_0001";"NE_0001";"NE_0001";"NE_0001";"NE_0001";"NE_0001"
"2023";"12";"110112";"ICA";"ICA";"SUBTANJALLA";"GOBIERNO REGIONAL";"I-3";"00003378";"LA ANGOSTURA";"NE_0001";"";"NE_0001";"NE_0001";"NE_0001";"NE_0001";"NE_0001";"NE_0001";"NE_0001"
"2023";"12";"110112";"ICA";"ICA";"SUBTANJALLA";"GOBIERNO REGIONAL";"I-2";"00003380";"YANQUIZA";"NE_0001";"";"NE_0001";"NE_0001";"NE_0001";"NE_0001";"NE_0001";"NE_0001";"NE_0001"
"2023";"12";"110108";"ICA";"ICA";"SALAS";"GOBIERNO REGIONAL";"I-2";"00003382";"COLLAZOS";"NE_0001";"";"NE_0001";"NE_0001";"NE_0001";"NE_0001";"NE_0001";"NE_0001";"NE_0001"
"2023";"12";"110112";"ICA";"ICA";"SUBTANJALLA";"GOBIERNO REGIONAL";"I-2";"00003379";"ARRABALES";"NE_0001";"";"NE_0001";"NE_0001";"NE_0001";"NE_0001";"NE_0001";"NE_0001";"NE_0001"
"2023";"12";"110108";"ICA";"ICA";"SALAS";"GOBIERNO REGIONAL";"I-2";"00003383";"CERRO PRIETO";"NE_0001";"";"NE_0001";"NE_0001";"NE_0001";"NE_0001";"NE_0001";"NE_0001";"NE_0001"
"2023";"10";"250101";"UCAYALI";"CORONEL PORTILLO";"CALLERIA";"GOBIERNO REGIONAL";"I-3";"00030785";"CENTRO DE SALUD MENTAL COMUNITARIO UNIVERSITARIO MAYUSHIN";"NE_0001";"";"NE_0001";"NE_0001";"NE_0001";"NE_0001";"NE_0001";"NE_0001";"NE_0001"
"2023";"10";"250101";"UCAYALI";"CORONEL PORTILLO";"CALLERIA";"GOBIERNO REGIONAL";"I-3";"00028683";"CENTRO DE SALUD MENTAL COMUNITARIO BENA MANATI";"NE_0001";"";"NE_0001";"NE_0001";"NE_0001";"NE_0001";"NE_0001";"NE_0001";"NE_0001"
"2023";"10";"250105";"UCAYALI";"CORONEL PORTILLO";"YARINACOCHA";"GOBIERNO REGIONAL";"I-1";"00013264";"SANIDAD AEREA";"NE_0001";"";"NE_0001";"NE_0001";"NE_0001";"NE_0001";"NE_0001";"NE_0001";"NE_0001"
"2023";"10";"250101";"UCAYALI";"CORONEL PORTILLO";"CALLERIA";"GOBIERNO REGIONAL";"I-3";"00005569";"CLAS TUPAC AMARU";"NE_0001";"";"NE_0001";"NE_0001";"NE_0001";"NE_0001";"NE_0001";"NE_0001";"NE_0001"
"2023";"10";"250101";"UCAYALI";"CORONEL PORTILLO";"CALLERIA";"GOBIERNO REGIONAL";"I-2";"00005568";"DOS DE MAYO";"NE_0001";"";"NE_0001";"NE_0001";"NE_0001";"NE_0001";"NE_0001";"NE_0001";"NE_0001"
"2023";"10";"250101";"UCAYALI";"CORONEL PORTILLO";"CALLERIA";"GOBIERNO REGIONAL";"I-3";"00005567";"JOSE OLAYA";"NE_0001";"";"NE_0001";"NE_0001";"NE_0001";"NE_0001";"NE_0001";"NE_0001";"NE_0001"
"2023";"10";"250105";"UCAYALI";"CORONEL PORTILLO";"YARINACOCHA";"GOBIERNO REGIONAL";"I-3";"00005566";"HUSARES DEL PERU.";"NE_0001";"";"NE_0001";"NE_0001";"NE_0001";"NE_0001";"NE_0001";"NE_0001";"NE_0001"
"2023";"10";"250101";"UCAYALI";"CORONEL PORTILLO";"CALLERIA";"GOBIERNO REGIONAL";"I-3";"00005565";"NUEVO PARAISO";"NE_0001";"";"NE_0001";"NE_0001";"NE_0001";"NE_0001";"NE_0001";"NE_0001";"NE_0001"
"2023";"10";"250105";"UCAYALI";"CORONEL PORTILLO";"YARINACOCHA";"GOBIERNO REGIONAL";"I-2";"00005559";"SHIRAMBARI.";"NE_0001";"";"NE_0001";"NE_0001";"NE_0001";"NE_0001";"NE_0001";"NE_0001";"NE_0001"
"2023";"10";"250105";"UCAYALI";"CORONEL PORTILLO";"YARINACOCHA";"GOBIERNO REGIONAL";"I-1";"00005547";"SANTA TERESITA";"NE_0001";"";"NE_0001";"NE_0001";"NE_0001";"NE_0001";"NE_0001";"NE_0001";"NE_0001"
"2023";"10";"250105";"UCAYALI";"CORONEL PORTILLO";"YARINACOCHA";"GOBIERNO REGIONAL";"I-3";"00005539";"CENTRO AMERICA";"NE_0001";"";"NE_0001";"NE_0001";"NE_0001";"NE_0001";"NE_0001";"NE_0001";"NE_0001"
"2023";"12";"230110";"TACNA";"TACNA";"CORONEL GREGORIO ALBARRACIN L.";"ESSALUD";"I-3";"00010222";"CENTRO  DE ATENCION PRIMARIA II ""LUIS PALZA LEVANO""";"NE_0001";"";"NE_0001";"NE_0001";"NE_0001";"NE_0001";"NE_0001";"NE_0001";"NE_0001"
"2023";"12";"150131";"LIMA";"LIMA";"SAN ISIDRO";"PRIVADO";"II-E";"00009505";"OFTALMOSALUD";"NE_0001";"";"NE_0001";"NE_0001";"NE_0001";"NE_0001";"NE_0001";"NE_0001";"NE_0001"
"2023";"12";"200701";"PIURA";"TALARA";"PARIÑAS";"PRIVADO";"II-1";"00011498";"CLINICA TORRES S.A.";"240000";"HOSPITALIZACIÓN";"5";"5";"11";"11";"16";"485";"0"
"2023";"12";"150105";"LIMA";"LIMA";"BREÑA";"MINSA";"III-2";"00006216";"INSTITUTO NACIONAL DE SALUD DEL NIÑO";"240200";"HOSPITALIZACIÓN QUIRÚRGICA CIRUGÍA DE CABEZA Y CUELLO / MÁXILO FACIAL ";"15";"16";"286";"157";"9";"279";"0"
"2023";"12";"150105";"LIMA";"LIMA";"BREÑA";"MINSA";"III-2";"00006216";"INSTITUTO NACIONAL DE SALUD DEL NIÑO";"240400";"HOSPITALIZACIÓN QUIRÚRGICA CIRUGÍA DE TÓRAX Y CARDIOVASCULAR ";"18";"15";"313";"375";"13";"403";"0"
"2023";"12";"150105";"LIMA";"LIMA";"BREÑA";"MINSA";"III-2";"00006216";"INSTITUTO NACIONAL DE SALUD DEL NIÑO";"240700";"HOSPITALIZACIÓN QUIRÚRGICA CIRUGÍA PEDIÁTRICA ";"84";"73";"512";"684";"23";"713";"0"
"2023";"12";"150105";"LIMA";"LIMA";"BREÑA";"MINSA";"III-2";"00006216";"INSTITUTO NACIONAL DE SALUD DEL NIÑO";"240801";"HOSPITALIZACIÓN QUIRÚRGICA CIRUGÍA PLÁSTICA/RECONSTRUCTIVA/ REPARADORA QUEMADOS";"72";"76";"485";"538";"26";"806";"0"
"2023";"12";"150105";"LIMA";"LIMA";"BREÑA";"MINSA";"III-2";"00006216";"INSTITUTO NACIONAL DE SALUD DEL NIÑO";"240900";"HOSPITALIZACIÓN QUIRÚRGICA NEUROCIRUGÍA ";"42";"36";"646";"656";"22";"682";"1"
"2023";"12";"150105";"LIMA";"LIMA";"BREÑA";"MINSA";"III-2";"00006216";"INSTITUTO NACIONAL DE SALUD DEL NIÑO";"241200";"HOSPITALIZACIÓN QUIRÚRGICA TRAUMATOLOGÍA Y ORTOPEDIA ";"47";"51";"865";"565";"28";"868";"0"
"2023";"12";"150105";"LIMA";"LIMA";"BREÑA";"MINSA";"III-2";"00006216";"INSTITUTO NACIONAL DE SALUD DEL NIÑO";"241300";"HOSPITALIZACIÓN QUIRÚRGICA UROLOGÍA  ";"14";"15";"60";"65";"3";"93";"0"
"2023";"12";"150105";"LIMA";"LIMA";"BREÑA";"MINSA";"III-2";"00006216";"INSTITUTO NACIONAL DE SALUD DEL NIÑO";"242000";"HOSPITALIZACIÓN DE MEDICINA MEDICINA TROPICAL E INFECCIOSAS ";"37";"40";"510";"542";"25";"775";"0"
"2023";"12";"150105";"LIMA";"LIMA";"BREÑA";"MINSA";"III-2";"00006216";"INSTITUTO NACIONAL DE SALUD DEL NIÑO";"242300";"HOSPITALIZACIÓN DE PEDIATRÍA  PEDIATRÍA  GENERAL ";"284";"250";"1989";"2417";"82";"2542";"0"
"2023";"12";"150105";"LIMA";"LIMA";"BREÑA";"MINSA";"III-2";"00006216";"INSTITUTO NACIONAL DE SALUD DEL NIÑO";"242600";"HOSPITALIZACIÓN DE PEDIATRÍA PEDIATRIA CARDIOLOGÍA PEDIÁTRICA";"33";"28";"187";"380";"16";"496";"1"
"2023";"12";"150105";"LIMA";"LIMA";"BREÑA";"MINSA";"III-2";"00006216";"INSTITUTO NACIONAL DE SALUD DEL NIÑO";"242700";"HOSPITALIZACIÓN DE PEDIATRÍA PEDIATRIA DERMATOLOGÍA PEDIÁTRICA";"13";"15";"63";"71";"4";"124";"0"
"2023";"12";"150105";"LIMA";"LIMA";"BREÑA";"MINSA";"III-2";"00006216";"INSTITUTO NACIONAL DE SALUD DEL NIÑO";"242900";"HOSPITALIZACIÓN DE PEDIATRÍA PEDIATRIA GASTROENTEROLOGÍA PEDIÁTRICA";"19";"15";"156";"234";"8";"248";"1"
"2023";"12";"150105";"LIMA";"LIMA";"BREÑA";"MINSA";"III-2";"00006216";"INSTITUTO NACIONAL DE SALUD DEL NIÑO";"243000";"HOSPITALIZACIÓN DE PEDIATRÍA PEDIATRIA GINECOLOGÍA PEDIÁTRICA";"7";"10";"47";"32";"2";"62";"0"
"2023";"12";"150105";"LIMA";"LIMA";"BREÑA";"MINSA";"III-2";"00006216";"INSTITUTO NACIONAL DE SALUD DEL NIÑO";"243100";"HOSPITALIZACIÓN DE PEDIATRÍA PEDIATRIA NEFROLOGÍA PEDIÁTRICA";"8";"7";"184";"93";"3";"93";"0"
"2023";"12";"150105";"LIMA";"LIMA";"BREÑA";"MINSA";"III-2";"00006216";"INSTITUTO NACIONAL DE SALUD DEL NIÑO";"243300";"HOSPITALIZACIÓN DE PEDIATRÍA PEDIATRIA NEUMOLOGÍA PEDIÁTRICA";"19";"22";"699";"497";"21";"651";"0"
"2023";"12";"150105";"LIMA";"LIMA";"BREÑA";"MINSA";"III-2";"00006216";"INSTITUTO NACIONAL DE SALUD DEL NIÑO";"243400";"HOSPITALIZACIÓN DE PEDIATRÍA PEDIATRIA NEUROLOGÍA PEDIÁTRICA";"31";"32";"432";"381";"13";"403";"0"
"2023";"12";"150105";"LIMA";"LIMA";"BREÑA";"MINSA";"III-2";"00006216";"INSTITUTO NACIONAL DE SALUD DEL NIÑO";"243500";"HOSPITALIZACIÓN DE PEDIATRÍA PEDIATRIA OFTALMOLOGÍA PEDIÁTRICA";"2";"2";"7";"8";"1";"31";"0"
"2023";"12";"150105";"LIMA";"LIMA";"BREÑA";"MINSA";"III-2";"00006216";"INSTITUTO NACIONAL DE SALUD DEL NIÑO";"243600";"HOSPITALIZACIÓN DE PEDIATRÍA PEDIATRIA ONCOLOGÍA PEDIÁTRICA";"4";"5";"99";"68";"3";"93";"1"
"2023";"12";"150105";"LIMA";"LIMA";"BREÑA";"MINSA";"III-2";"00006216";"INSTITUTO NACIONAL DE SALUD DEL NIÑO";"243700";"HOSPITALIZACIÓN DE PEDIATRÍA PEDIATRIA OTORRINOLARINGOLOGÍA PEDIÁTRICA ";"21";"16";"49";"95";"8";"248";"0"
"2023";"12";"150105";"LIMA";"LIMA";"BREÑA";"MINSA";"III-2";"00006216";"INSTITUTO NACIONAL DE SALUD DEL NIÑO";"244500";"HOSPITALIZACIÓN DE MEDICINA HEMATOLOGÍA ";"4";"4";"60";"86";"3";"93";"0"
"2023";"12";"150120";"LIMA";"LIMA";"MAGDALENA DEL MAR";"PRIVADO";"II-E";"00023022";"CLINICA AVANSALUD";"240000";"HOSPITALIZACIÓN";"103";"107";"109";"105";"11";"341";"0"
"2023";"12";"150121";"LIMA";"LIMA";"PUEBLO LIBRE";"PRIVADO";"II-E";"00021096";"CLINICA ESPECIALIZADA EN CIRUGÍA PLÁSTICA SAN AGUSTIN";"NE_0001";"";"NE_0001";"NE_0001";"NE_0001";"NE_0001";"NE_0001";"NE_0001";"NE_0001"
"2023";"12";"150113";"LIMA";"LIMA";"JESUS MARIA";"ESSALUD";"III-E";"00018011";"INSTITUTO NACIONAL CARDIOVASCULAR CARLOS ALBERTO PESCHIERA CARRILLO – INCOR –ESSALUD";"244000";"HOSPITALIZACIÓN DE MEDICINA CARDIOLOGIA ";"79";"68";"715";"686";"26";"806";"5"
"2023";"12";"150113";"LIMA";"LIMA";"JESUS MARIA";"ESSALUD";"III-E";"00018011";"INSTITUTO NACIONAL CARDIOVASCULAR CARLOS ALBERTO PESCHIERA CARRILLO – INCOR –ESSALUD";"244000";"HOSPITALIZACIÓN DE MEDICINA CARDIOLOGIA ";"94";"97";"107";"34";"4";"68";"0"
"2023";"12";"150113";"LIMA";"LIMA";"JESUS MARIA";"ESSALUD";"III-E";"00018011";"INSTITUTO NACIONAL CARDIOVASCULAR CARLOS ALBERTO PESCHIERA CARRILLO – INCOR –ESSALUD";"242600";"HOSPITALIZACIÓN DE PEDIATRÍA PEDIATRIA CARDIOLOGÍA PEDIÁTRICA";"77";"91";"745";"652";"36";"1116";"1"
"2023";"12";"150113";"LIMA";"LIMA";"JESUS MARIA";"ESSALUD";"III-E";"00018011";"INSTITUTO NACIONAL CARDIOVASCULAR CARLOS ALBERTO PESCHIERA CARRILLO – INCOR –ESSALUD";"240400";"HOSPITALIZACIÓN QUIRÚRGICA CIRUGÍA DE TÓRAX Y CARDIOVASCULAR ";"23";"44";"714";"692";"26";"816";"3"
"2023";"12";"090711";"HUANCAVELICA";"TAYACAJA";"PAZOS";"GOBIERNO REGIONAL";"I-1";"00007390";"CARAMPA";"NE_0001";"";"NE_0001";"NE_0001";"NE_0001";"NE_0001";"NE_0001";"NE_0001";"NE_0001"
"2023";"12";"090703";"HUANCAVELICA";"TAYACAJA";"ACRAQUIA";"GOBIERNO REGIONAL";"I-1";"00007396";"LLAMACANCHA";"NE_0001";"";"NE_0001";"NE_0001";"NE_0001";"NE_0001";"NE_0001";"NE_0001";"NE_0001"
"2023";"12";"090704";"HUANCAVELICA";"TAYACAJA";"AHUAYCHA";"GOBIERNO REGIONAL";"I-2";"00004081";"SAN MIGUEL DE HUALLHUA";"NE_0001";"";"NE_0001";"NE_0001";"NE_0001";"NE_0001";"NE_0001";"NE_0001";"NE_0001"
"2023";"12";"090706";"HUANCAVELICA";"TAYACAJA";"DANIEL HERNANDEZ";"GOBIERNO REGIONAL";"I-1";"00004085";"MARCOPATA";"NE_0001";"";"NE_0001";"NE_0001";"NE_0001";"NE_0001";"NE_0001";"NE_0001";"NE_0001"
"2023";"12";"090714";"HUANCAVELICA";"TAYACAJA";"SALCABAMBA";"GOBIERNO REGIONAL";"I-3";"00004086";"CETRO DE SALUD SALCABAMBA";"241400";"HOSPITALIZACIÓN QUIRÚRGICA GINECO - OBSTETRICIA ";"3";"3";"6";"3";"2";"62";"0"
"2023";"12";"090702";"HUANCAVELICA";"TAYACAJA";"ACOSTAMBO";"GOBIERNO REGIONAL";"I-3";"00004098";"ACOSTAMBO";"241400";"HOSPITALIZACIÓN QUIRÚRGICA GINECO - OBSTETRICIA ";"1";"1";"1";"1";"6";"186";"0"
"2023";"12";"090711";"HUANCAVELICA";"TAYACAJA";"PAZOS";"GOBIERNO REGIONAL";"I-3";"00004104";"CENTRO DE SALUD PAZOS";"NE_0002";"";"NE_0002";"NE_0002";"NE_0002";"NE_0002";"NE_0002";"NE_0002";"NE_0002"
"2023";"12";"150116";"LIMA";"LIMA";"LINCE";"PRIVADO";"II-E";"00029299";"MAS VISION S.A.C.";"NE_0001";"";"NE_0001";"NE_0001";"NE_0001";"NE_0001";"NE_0001";"NE_0001";"NE_0001"
"2023";"12";"120701";"JUNIN";"TARMA";"TARMA";"GOBIERNO REGIONAL";"I-1";"00000586";"MUYLO";"NE_0001";"";"NE_0001";"NE_0001";"NE_0001";"NE_0001";"NE_0001";"NE_0001";"NE_0001"
"2023";"12";"120701";"JUNIN";"TARMA";"TARMA";"GOBIERNO REGIONAL";"I-1";"00000591";"CARHUACATAC";"NE_0001";"";"NE_0001";"NE_0001";"NE_0001";"NE_0001";"NE_0001";"NE_0001";"NE_0001"
"2023";"12";"190307";"PASCO";"OXAPAMPA";"VILLA RICA";"GOBIERNO REGIONAL";"II-1";"00000981";"HOSP. ""ROMAN EGOAVIL PANDO"" VILLA RICA";"241400";"HOSPITALIZACIÓN QUIRÚRGICA GINECO - OBSTETRICIA ";"40";"42";"96";"66";"12";"1332";"0"
"2023";"12";"190307";"PASCO";"OXAPAMPA";"VILLA RICA";"GOBIERNO REGIONAL";"II-1";"00000981";"HOSP. ""ROMAN EGOAVIL PANDO"" VILLA RICA";"241800";"HOSPITALIZACIÓN DE MEDICINA MEDICINA GENERAL ";"82";"80";"38";"137";"16";"1241";"0"
"2023";"12";"110201";"ICA";"CHINCHA";"CHINCHA ALTA";"PRIVADO";"II-1";"00017493";"CLINICA GAXAY";"240000";"HOSPITALIZACIÓN";"38";"39";"39";"39";"7";"217";"0"
"2023";"12";"120101";"JUNIN";"HUANCAYO";"HUANCAYO";"PRIVADO";"II-E";"00024425";"CLÍNICA MEDICA SALAZAR";"241800";"HOSPITALIZACIÓN DE MEDICINA MEDICINA GENERAL ";"60";"55";"160";"418";"15";"465";"0"
"2023";"12";"240102";"TUMBES";"TUMBES";"CORRALES";"GOBIERNO REGIONAL";"I-2";"00001868";"MALVAL";"NE_0001";"";"NE_0001";"NE_0001";"NE_0001";"NE_0001";"NE_0001";"NE_0001";"NE_0001"
"2023";"12";"240102";"TUMBES";"TUMBES";"CORRALES";"GOBIERNO REGIONAL";"I-2";"00001867";"SAN ISIDRO";"NE_0001";"";"NE_0001";"NE_0001";"NE_0001";"NE_0001";"NE_0001";"NE_0001";"NE_0001"
"2023";"12";"080901";"CUSCO";"LA CONVENCION";"SANTA ANA";"SANIDAD DE LA POLICIA NACIONAL DEL PERU";"I-2";"00011744";"POSTA MEDICO POLICIAL LA CONVENCION - QUILLABAMBA";"NE_0001";"";"NE_0001";"NE_0001";"NE_0001";"NE_0001";"NE_0001";"NE_0001";"NE_0001"
"2023";"12";"050110";"AYACUCHO";"HUAMANGA";"SAN JUAN BAUTISTA";"ESSALUD";"II-1";"00011775";"HOSPITAL II HUAMANGA";"241800";"HOSPITALIZACIÓN DE MEDICINA MEDICINA GENERAL ";"79";"79";"389";"353";"16";"496";"0"
"2023";"12";"050110";"AYACUCHO";"HUAMANGA";"SAN JUAN BAUTISTA";"ESSALUD";"II-1";"00011775";"HOSPITAL II HUAMANGA";"250100";"UNIDAD DE CUIDADOS CRITICOS UNIDAD  DE CUIDADOS INTENSIVOS GENERALES (UCI) ";"5";"5";"112";"50";"6";"186";"3"
"2023";"12";"050110";"AYACUCHO";"HUAMANGA";"SAN JUAN BAUTISTA";"ESSALUD";"II-1";"00011775";"HOSPITAL II HUAMANGA";"250200";"UNIDAD DE CUIDADOS CRITICOS UNIDAD DE CUIDADOS INTERMEDIOS GENERAL  (UCIN) ";"28";"26";"250";"185";"10";"310";"3"
"2023";"12";"050110";"AYACUCHO";"HUAMANGA";"SAN JUAN BAUTISTA";"ESSALUD";"II-1";"00011775";"HOSPITAL II HUAMANGA";"240100";"HOSPITALIZACIÓN QUIRÚRGICA CIRUGÍA GENERAL ";"99";"97";"314";"285";"13";"403";"0"
"2023";"12";"050110";"AYACUCHO";"HUAMANGA";"SAN JUAN BAUTISTA";"ESSALUD";"II-1";"00011775";"HOSPITAL II HUAMANGA";"241200";"HOSPITALIZACIÓN QUIRÚRGICA TRAUMATOLOGÍA Y ORTOPEDIA ";"18";"17";"79";"77";"3";"93";"0"
"2023";"12";"050110";"AYACUCHO";"HUAMANGA";"SAN JUAN BAUTISTA";"ESSALUD";"II-1";"00011775";"HOSPITAL II HUAMANGA";"241400";"HOSPITALIZACIÓN QUIRÚRGICA GINECO - OBSTETRICIA ";"116";"116";"267";"255";"12";"372";"0"
"2023";"12";"050110";"AYACUCHO";"HUAMANGA";"SAN JUAN BAUTISTA";"ESSALUD";"II-1";"00011775";"HOSPITAL II HUAMANGA";"241500";"HOSPITALIZACIÓN QUIRÚRGICA GINECOLOGÍA  ";"21";"20";"70";"61";"3";"93";"0"
"2023";"12";"050110";"AYACUCHO";"HUAMANGA";"SAN JUAN BAUTISTA";"ESSALUD";"II-1";"00011775";"HOSPITAL II HUAMANGA";"242300";"HOSPITALIZACIÓN DE PEDIATRÍA  PEDIATRÍA  GENERAL ";"80";"79";"282";"267";"11";"341";"0"
"2023";"12";"050110";"AYACUCHO";"HUAMANGA";"SAN JUAN BAUTISTA";"ESSALUD";"II-1";"00011775";"HOSPITAL II HUAMANGA";"243200";"HOSPITALIZACIÓN DE PEDIATRÍA PEDIATRIA NEONATOLOGÍA";"42";"41";"129";"111";"5";"155";"0"
"2023";"12";"130906";"LA LIBERTAD";"SANCHEZ CARRION";"SANAGORAN";"GOBIERNO REGIONAL";"I-2";"00005360";"VENTANAS";"NE_0001";"";"NE_0001";"NE_0001";"NE_0001";"NE_0001";"NE_0001";"NE_0001";"NE_0001"
"2023";"12";"130906";"LA LIBERTAD";"SANCHEZ CARRION";"SANAGORAN";"GOBIERNO REGIONAL";"I-1";"00019765";"24 DE JUNIO";"NE_0001";"";"NE_0001";"NE_0001";"NE_0001";"NE_0001";"NE_0001";"NE_0001";"NE_0001"
"2023";"12";"130906";"LA LIBERTAD";"SANCHEZ CARRION";"SANAGORAN";"GOBIERNO REGIONAL";"I-2";"00005359";"SANAGORAN";"NE_0001";"";"NE_0001";"NE_0001";"NE_0001";"NE_0001";"NE_0001";"NE_0001";"NE_0001"
"2023";"12";"130906";"LA LIBERTAD";"SANCHEZ CARRION";"SANAGORAN";"GOBIERNO REGIONAL";"I-2";"00007241";"CORRAL GRANDE";"NE_0001";"";"NE_0001";"NE_0001";"NE_0001";"NE_0001";"NE_0001";"NE_0001";"NE_0001"
"2023";"12";"120135";"JUNIN";"HUANCAYO";"SANTO DOMINGO DE ACOBAMBA";"GOBIERNO REGIONAL";"I-1";"00023381";"YANABAMBA";"NE_0001";"";"NE_0001";"NE_0001";"NE_0001";"NE_0001";"NE_0001";"NE_0001";"NE_0001"
"2023";"12";"120205";"JUNIN";"CONCEPCION";"COCHAS";"GOBIERNO REGIONAL";"I-1";"00019794";"SAN FRANCISCO DE MACON";"NE_0001";"";"NE_0001";"NE_0001";"NE_0001";"NE_0001";"NE_0001";"NE_0001";"NE_0001"
"2023";"12";"120206";"JUNIN";"CONCEPCION";"COMAS";"GOBIERNO REGIONAL";"I-1";"00000683";"PUQUIAN";"NE_0001";"";"NE_0001";"NE_0001";"NE_0001";"NE_0001";"NE_0001";"NE_0001";"NE_0001"
"2023";"12";"070101";"CALLAO";"CALLAO";"CALLAO";"GOBIERNO REGIONAL";"I-2";"00006220";"PUESTO DE SALUD MANUEL BONILLA";"NE_0001";"";"NE_0001";"NE_0001";"NE_0001";"NE_0001";"NE_0001";"NE_0001";"NE_0001"
"2023";"12";"070105";"CALLAO";"CALLAO";"LA PUNTA";"GOBIERNO REGIONAL";"I-2";"00006227";"PUESTO DE SALUD LA PUNTA";"NE_0001";"";"NE_0001";"NE_0001";"NE_0001";"NE_0001";"NE_0001";"NE_0001";"NE_0001"
"2023";"12";"070101";"CALLAO";"CALLAO";"CALLAO";"GOBIERNO REGIONAL";"I-2";"00006225";"PUESTO DE SALUD  SAN JUAN BOSCO";"NE_0001";"";"NE_0001";"NE_0001";"NE_0001";"NE_0001";"NE_0001";"NE_0001";"NE_0001"
"2023";"12";"070101";"CALLAO";"CALLAO";"CALLAO";"GOBIERNO REGIONAL";"I-3";"00006221";"C.S. ALBERTO BARTON";"NE_0001";"";"NE_0001";"NE_0001";"NE_0001";"NE_0001";"NE_0001";"NE_0001";"NE_0001"
"2023";"12";"070101";"CALLAO";"CALLAO";"CALLAO";"GOBIERNO REGIONAL";"I-2";"00006226";"PUESTO DE SALUD PUERTO NUEVO";"NE_0001";"";"NE_0001";"NE_0001";"NE_0001";"NE_0001";"NE_0001";"NE_0001";"NE_0001"
"2023";"12";"040101";"AREQUIPA";"AREQUIPA";"AREQUIPA";"PRIVADO";"II-E";"00013722";"CLINICA AREQUIPA S.A.";"240100";"HOSPITALIZACIÓN QUIRÚRGICA CIRUGÍA GENERAL ";"123";"127";"409";"541";"35";"1085";"0"
"2023";"12";"040101";"AREQUIPA";"AREQUIPA";"AREQUIPA";"PRIVADO";"II-E";"00013722";"CLINICA AREQUIPA S.A.";"241400";"HOSPITALIZACIÓN QUIRÚRGICA GINECO - OBSTETRICIA ";"34";"37";"374";"290";"19";"589";"0"
"2023";"12";"040101";"AREQUIPA";"AREQUIPA";"AREQUIPA";"PRIVADO";"II-E";"00013722";"CLINICA AREQUIPA S.A.";"241900";"HOSPITALIZACIÓN DE MEDICINA MEDICINA INTERNA ";"54";"55";"305";"264";"22";"682";"1"
"2023";"12";"080608";"CUSCO";"CANCHIS";"TINTA";"GOBIERNO REGIONAL";"I-3";"00002397";"TINTA";"NE_0001";"";"NE_0001";"NE_0001";"NE_0001";"NE_0001";"NE_0001";"NE_0001";"NE_0001"
"2023";"12";"080204";"CUSCO";"ACOMAYO";"MOSOC LLACTA";"GOBIERNO REGIONAL";"I-2";"00002320";"MOSOCLLACTA";"NE_0001";"";"NE_0001";"NE_0001";"NE_0001";"NE_0001";"NE_0001";"NE_0001";"NE_0001"
"2023";"12";"080605";"CUSCO";"CANCHIS";"PITUMARCA";"GOBIERNO REGIONAL";"I-3";"00002392";"PITUMARCA";"NE_0001";"";"NE_0001";"NE_0001";"NE_0001";"NE_0001";"NE_0001";"NE_0001";"NE_0001"
"2023";"12";"080603";"CUSCO";"CANCHIS";"COMBAPATA";"GOBIERNO REGIONAL";"I-4";"00002386";"COMBAPATA CANCHIS";"NE_0001";"";"NE_0001";"NE_0001";"NE_0001";"NE_0001";"NE_0001";"NE_0001";"NE_0001"
"2023";"12";"080603";"CUSCO";"CANCHIS";"COMBAPATA";"GOBIERNO REGIONAL";"I-2";"00002387";"CHIARA";"NE_0001";"";"NE_0001";"NE_0001";"NE_0001";"NE_0001";"NE_0001";"NE_0001";"NE_0001"
"2023";"12";"060508";"CAJAMARCA";"CONTUMAZA";"YONAN";"GOBIERNO REGIONAL";"I-1";"00004589";"CAFETAL";"NE_0002";"";"NE_0002";"NE_0002";"NE_0002";"NE_0002";"NE_0002";"NE_0002";"NE_0002"
"2023";"12";"060508";"CAJAMARCA";"CONTUMAZA";"YONAN";"GOBIERNO REGIONAL";"I-1";"00004588";"VENTANILLA";"NE_0002";"";"NE_0002";"NE_0002";"NE_0002";"NE_0002";"NE_0002";"NE_0002";"NE_0002"
"2023";"12";"060503";"CAJAMARCA";"CONTUMAZA";"CUPISNIQUE";"GOBIERNO REGIONAL";"I-1";"00004590";"TRINIDAD";"NE_0002";"";"NE_0002";"NE_0002";"NE_0002";"NE_0002";"NE_0002";"NE_0002";"NE_0002"
"2023";"12";"060503";"CAJAMARCA";"CONTUMAZA";"CUPISNIQUE";"GOBIERNO REGIONAL";"I-1";"00004591";"SANTA CATALINA";"NE_0002";"";"NE_0002";"NE_0002";"NE_0002";"NE_0002";"NE_0002";"NE_0002";"NE_0002"
"2023";"12";"060508";"CAJAMARCA";"CONTUMAZA";"YONAN";"GOBIERNO REGIONAL";"I-4";"00004587";"TEMBLADERA";"241600";"HOSPITALIZACIÓN QUIRÚRGICA OBSTETRICIA   ";"8";"8";"17";"48";"5";"150";"0"
"2023";"12";"060508";"CAJAMARCA";"CONTUMAZA";"YONAN";"GOBIERNO REGIONAL";"I-4";"00004587";"TEMBLADERA";"241800";"HOSPITALIZACIÓN DE MEDICINA MEDICINA GENERAL ";"27";"26";"51";"159";"12";"360";"0"
"2023";"12";"060508";"CAJAMARCA";"CONTUMAZA";"YONAN";"GOBIERNO REGIONAL";"I-1";"00004592";"PAY PAY";"NE_0002";"";"NE_0002";"NE_0002";"NE_0002";"NE_0002";"NE_0002";"NE_0002";"NE_0002"
"2023";"12";"060306";"CAJAMARCA";"CELENDIN";"JOSE GALVEZ";"GOBIERNO REGIONAL";"I-1";"00004486";"FRAYLECOCHA";"NE_0001";"";"NE_0001";"NE_0001";"NE_0001";"NE_0001";"NE_0001";"NE_0001";"NE_0001"
"2023";"12";"060308";"CAJAMARCA";"CELENDIN";"OXAMARCA";"GOBIERNO REGIONAL";"I-1";"00009049";"LA QUINUA";"NE_0001";"";"NE_0001";"NE_0001";"NE_0001";"NE_0001";"NE_0001";"NE_0001";"NE_0001"
"2023";"12";"060308";"CAJAMARCA";"CELENDIN";"OXAMARCA";"GOBIERNO REGIONAL";"I-2";"00004483";"PIOBAMBA";"NE_0001";"";"NE_0001";"NE_0001";"NE_0001";"NE_0001";"NE_0001";"NE_0001";"NE_0001"
"2023";"12";"060308";"CAJAMARCA";"CELENDIN";"OXAMARCA";"GOBIERNO REGIONAL";"I-2";"00004484";"OXAMARCA";"NE_0001";"";"NE_0001";"NE_0001";"NE_0001";"NE_0001";"NE_0001";"NE_0001";"NE_0001"
"2023";"12";"060306";"CAJAMARCA";"CELENDIN";"JOSE GALVEZ";"GOBIERNO REGIONAL";"I-2";"00004488";"JOSE GALVEZ";"NE_0001";"";"NE_0001";"NE_0001";"NE_0001";"NE_0001";"NE_0001";"NE_0001";"NE_0001"
"2023";"12";"060310";"CAJAMARCA";"CELENDIN";"SUCRE";"GOBIERNO REGIONAL";"I-3";"00004482";"SUCRE";"NE_0001";"";"NE_0001";"NE_0001";"NE_0001";"NE_0001";"NE_0001";"NE_0001";"NE_0001"
"2023";"12";"060310";"CAJAMARCA";"CELENDIN";"SUCRE";"GOBIERNO REGIONAL";"I-1";"00009084";"VIGASPAMPA";"NE_0001";"";"NE_0001";"NE_0001";"NE_0001";"NE_0001";"NE_0001";"NE_0001";"NE_0001"
"2023";"12";"060310";"CAJAMARCA";"CELENDIN";"SUCRE";"GOBIERNO REGIONAL";"I-1";"00004485";"CALCONGA";"NE_0001";"";"NE_0001";"NE_0001";"NE_0001";"NE_0001";"NE_0001";"NE_0001";"NE_0001"
"2023";"12";"060305";"CAJAMARCA";"CELENDIN";"JORGE CHAVEZ";"GOBIERNO REGIONAL";"I-1";"00004487";"JORGE CHAVEZ";"NE_0001";"";"NE_0001";"NE_0001";"NE_0001";"NE_0001";"NE_0001";"NE_0001";"NE_0001"
"2023";"12";"060308";"CAJAMARCA";"CELENDIN";"OXAMARCA";"GOBIERNO REGIONAL";"I-1";"00009046";"MINASCONGA";"NE_0001";"";"NE_0001";"NE_0001";"NE_0001";"NE_0001";"NE_0001";"NE_0001";"NE_0001"
"2023";"12";"060310";"CAJAMARCA";"CELENDIN";"SUCRE";"GOBIERNO REGIONAL";"I-1";"00025043";"CRUZCONGA";"NE_0001";"";"NE_0001";"NE_0001";"NE_0001";"NE_0001";"NE_0001";"NE_0001";"NE_0001"
"2023";"12";"150119";"LIMA";"LIMA";"LURIN";"PRIVADO";"I-3";"00027216";"MEPSO";"NE_0001";"";"NE_0001";"NE_0001";"NE_0001";"NE_0001";"NE_0001";"NE_0001";"NE_0001"
"2023";"11";"040101";"AREQUIPA";"AREQUIPA";"AREQUIPA";"PRIVADO";"II-1";"00016744";"CLÍNICAS AUNA SEDE VALLESUR";"240000";"HOSPITALIZACIÓN";"261";"333";"1034";"993";"42";"1260";"1"
"2023";"11";"040101";"AREQUIPA";"AREQUIPA";"AREQUIPA";"PRIVADO";"II-1";"00016744";"CLÍNICAS AUNA SEDE VALLESUR";"250100";"UNIDAD DE CUIDADOS CRITICOS UNIDAD  DE CUIDADOS INTENSIVOS GENERALES (UCI) ";"6";"2";"36";"108";"6";"180";"1"
"2023";"11";"040101";"AREQUIPA";"AREQUIPA";"AREQUIPA";"PRIVADO";"II-1";"00016744";"CLÍNICAS AUNA SEDE VALLESUR";"250105";"UNIDAD DE CUIDADOS CRITICOS UNIDAD  DE CUIDADOS INTENSIVOS  (UCI) NEONATOLOGÍA";"4";"0";"0";"24";"3";"90";"0"
"2023";"11";"150131";"LIMA";"LIMA";"SAN ISIDRO";"PRIVADO";"II-E";"00009288";"NOVOCLINIC";"240000";"HOSPITALIZACIÓN";"188";"182";"242";"239";"16";"241";"0"
"2023";"11";"120418";"JUNIN";"JAUJA";"MOLINOS";"GOBIERNO REGIONAL";"I-2";"00000397";"MOLINOS";"NE_0001";"";"NE_0001";"NE_0001";"NE_0001";"NE_0001";"NE_0001";"NE_0001";"NE_0001"
"2023";"11";"120412";"JUNIN";"JAUJA";"JULCAN";"GOBIERNO REGIONAL";"I-2";"00000393";"JULCAN";"NE_0001";"";"NE_0001";"NE_0001";"NE_0001";"NE_0001";"NE_0001";"NE_0001";"NE_0001"
"2023";"11";"120418";"JUNIN";"JAUJA";"MOLINOS";"GOBIERNO REGIONAL";"I-2";"00000399";"CURIMARCA";"NE_0001";"";"NE_0001";"NE_0001";"NE_0001";"NE_0001";"NE_0001";"NE_0001";"NE_0001"
"2023";"11";"110101";"ICA";"ICA";"ICA";"GOBIERNO REGIONAL";"I-2";"00003385";"SAN MARTIN DE PORRAS";"NE_0001";"";"NE_0001";"NE_0001";"NE_0001";"NE_0001";"NE_0001";"NE_0001";"NE_0001"
"2023";"11";"110110";"ICA";"ICA";"SAN JUAN BAUTISTA";"GOBIERNO REGIONAL";"I-3";"00003364";"SAN JUAN BAUTISTA";"NE_0001";"";"NE_0001";"NE_0001";"NE_0001";"NE_0001";"NE_0001";"NE_0001";"NE_0001"
"2023";"11";"080108";"CUSCO";"CUSCO";"WANCHAQ";"ESSALUD";"III-1";"00010041";"ADOLFO GUEVARA VELASCO";"241900";"HOSPITALIZACIÓN DE MEDICINA MEDICINA INTERNA ";"7";"12";"90";"99";"4";"120";"0"
"2023";"11";"080108";"CUSCO";"CUSCO";"WANCHAQ";"ESSALUD";"III-1";"00010041";"ADOLFO GUEVARA VELASCO";"241900";"HOSPITALIZACIÓN DE MEDICINA MEDICINA INTERNA ";"54";"51";"384";"441";"15";"450";"0"
"2023";"11";"080108";"CUSCO";"CUSCO";"WANCHAQ";"ESSALUD";"III-1";"00010041";"ADOLFO GUEVARA VELASCO";"241900";"HOSPITALIZACIÓN DE MEDICINA MEDICINA INTERNA ";"10";"11";"342";"290";"10";"300";"0"
"2023";"11";"080108";"CUSCO";"CUSCO";"WANCHAQ";"ESSALUD";"III-1";"00010041";"ADOLFO GUEVARA VELASCO";"241900";"HOSPITALIZACIÓN DE MEDICINA MEDICINA INTERNA ";"9";"28";"516";"418";"14";"420";"0"
"2023";"11";"080108";"CUSCO";"CUSCO";"WANCHAQ";"ESSALUD";"III-1";"00010041";"ADOLFO GUEVARA VELASCO";"241900";"HOSPITALIZACIÓN DE MEDICINA MEDICINA INTERNA ";"7";"4";"49";"67";"3";"90";"0"
"2023";"11";"080108";"CUSCO";"CUSCO";"WANCHAQ";"ESSALUD";"III-1";"00010041";"ADOLFO GUEVARA VELASCO";"241900";"HOSPITALIZACIÓN DE MEDICINA MEDICINA INTERNA ";"93";"87";"1220";"1204";"41";"1230";"17"
"2023";"11";"080108";"CUSCO";"CUSCO";"WANCHAQ";"ESSALUD";"III-1";"00010041";"ADOLFO GUEVARA VELASCO";"241900";"HOSPITALIZACIÓN DE MEDICINA MEDICINA INTERNA ";"33";"29";"235";"261";"9";"270";"2"
"2023";"11";"080108";"CUSCO";"CUSCO";"WANCHAQ";"ESSALUD";"III-1";"00010041";"ADOLFO GUEVARA VELASCO";"241900";"HOSPITALIZACIÓN DE MEDICINA MEDICINA INTERNA ";"17";"18";"210";"209";"7";"210";"1"
"2023";"11";"080108";"CUSCO";"CUSCO";"WANCHAQ";"ESSALUD";"III-1";"00010041";"ADOLFO GUEVARA VELASCO";"242100";"HOSPITALIZACIÓN DE MEDICINA ONCOLOGÍA MÉDICA ";"85";"93";"650";"615";"21";"630";"10"
"2023";"11";"080108";"CUSCO";"CUSCO";"WANCHAQ";"ESSALUD";"III-1";"00010041";"ADOLFO GUEVARA VELASCO";"240200";"HOSPITALIZACIÓN QUIRÚRGICA CIRUGÍA DE CABEZA Y CUELLO / MÁXILO FACIAL ";"24";"23";"137";"187";"7";"210";"0"
"2023";"11";"080108";"CUSCO";"CUSCO";"WANCHAQ";"ESSALUD";"III-1";"00010041";"ADOLFO GUEVARA VELASCO";"240400";"HOSPITALIZACIÓN QUIRÚRGICA CIRUGÍA DE TÓRAX Y CARDIOVASCULAR ";"20";"24";"273";"238";"8";"240";"0"
"2023";"11";"080108";"CUSCO";"CUSCO";"WANCHAQ";"ESSALUD";"III-1";"00010041";"ADOLFO GUEVARA VELASCO";"241000";"HOSPITALIZACIÓN QUIRÚRGICA ONCOLOGÍA QUIRÚRGICA  ";"42";"43";"174";"162";"6";"180";"0"
"2023";"11";"080108";"CUSCO";"CUSCO";"WANCHAQ";"ESSALUD";"III-1";"00010041";"ADOLFO GUEVARA VELASCO";"240100";"HOSPITALIZACIÓN QUIRÚRGICA CIRUGÍA GENERAL ";"193";"195";"701";"655";"23";"690";"1"
"2023";"11";"080108";"CUSCO";"CUSCO";"WANCHAQ";"ESSALUD";"III-1";"00010041";"ADOLFO GUEVARA VELASCO";"240900";"HOSPITALIZACIÓN QUIRÚRGICA NEUROCIRUGÍA ";"28";"28";"278";"316";"11";"330";"0"
"2023";"11";"080108";"CUSCO";"CUSCO";"WANCHAQ";"ESSALUD";"III-1";"00010041";"ADOLFO GUEVARA VELASCO";"240600";"HOSPITALIZACIÓN QUIRÚRGICA CIRUGÍA OFTALMOLÓGICA ";"0";"1";"2";"1";"1";"30";"0"
"2023";"11";"080108";"CUSCO";"CUSCO";"WANCHAQ";"ESSALUD";"III-1";"00010041";"ADOLFO GUEVARA VELASCO";"241200";"HOSPITALIZACIÓN QUIRÚRGICA TRAUMATOLOGÍA Y ORTOPEDIA ";"113";"108";"869";"808";"27";"810";"1"
"2023";"11";"080108";"CUSCO";"CUSCO";"WANCHAQ";"ESSALUD";"III-1";"00010041";"ADOLFO GUEVARA VELASCO";"241100";"HOSPITALIZACIÓN QUIRÚRGICA OTORRINOLARINGOLOGÍA  ";"45";"46";"182";"176";"6";"180";"0"
"2023";"11";"080108";"CUSCO";"CUSCO";"WANCHAQ";"ESSALUD";"III-1";"00010041";"ADOLFO GUEVARA VELASCO";"241300";"HOSPITALIZACIÓN QUIRÚRGICA UROLOGÍA  ";"52";"49";"267";"293";"10";"300";"0"
"2023";"11";"080108";"CUSCO";"CUSCO";"WANCHAQ";"ESSALUD";"III-1";"00010041";"ADOLFO GUEVARA VELASCO";"241500";"HOSPITALIZACIÓN QUIRÚRGICA GINECOLOGÍA  ";"109";"95";"304";"321";"16";"480";"1"
"2023";"11";"080108";"CUSCO";"CUSCO";"WANCHAQ";"ESSALUD";"III-1";"00010041";"ADOLFO GUEVARA VELASCO";"241600";"HOSPITALIZACIÓN QUIRÚRGICA OBSTETRICIA   ";"267";"262";"658";"686";"30";"900";"0"
"2023";"11";"080108";"CUSCO";"CUSCO";"WANCHAQ";"ESSALUD";"III-1";"00010041";"ADOLFO GUEVARA VELASCO";"242300";"HOSPITALIZACIÓN DE PEDIATRÍA  PEDIATRÍA  GENERAL ";"75";"65";"524";"304";"14";"420";"0"
"2023";"11";"080108";"CUSCO";"CUSCO";"WANCHAQ";"ESSALUD";"III-1";"00010041";"ADOLFO GUEVARA VELASCO";"240700";"HOSPITALIZACIÓN QUIRÚRGICA CIRUGÍA PEDIÁTRICA ";"24";"23";"104";"111";"8";"240";"0"
"2023";"11";"080108";"CUSCO";"CUSCO";"WANCHAQ";"ESSALUD";"III-1";"00010041";"ADOLFO GUEVARA VELASCO";"250100";"UNIDAD DE CUIDADOS CRITICOS UNIDAD  DE CUIDADOS INTENSIVOS GENERALES (UCI) ";"31";"7";"54";"259";"12";"360";"10"
"2023";"11";"080108";"CUSCO";"CUSCO";"WANCHAQ";"ESSALUD";"III-1";"00010041";"ADOLFO GUEVARA VELASCO";"250108";"UNIDAD DE CUIDADOS CRITICOS UNIDAD  DE CUIDADOS INTENSIVOS  (UCI) PEDIÁTRICA";"2";"0";"0";"32";"3";"90";"0"
"2023";"11";"080108";"CUSCO";"CUSCO";"WANCHAQ";"ESSALUD";"III-1";"00010041";"ADOLFO GUEVARA VELASCO";"250105";"UNIDAD DE CUIDADOS CRITICOS UNIDAD  DE CUIDADOS INTENSIVOS  (UCI) NEONATOLOGÍA";"16";"6";"11";"79";"10";"300";"0"
"2023";"11";"080108";"CUSCO";"CUSCO";"WANCHAQ";"ESSALUD";"III-1";"00010041";"ADOLFO GUEVARA VELASCO";"250200";"UNIDAD DE CUIDADOS CRITICOS UNIDAD DE CUIDADOS INTERMEDIOS GENERAL  (UCIN) ";"1";"7";"469";"218";"8";"240";"0"
"2023";"11";"080108";"CUSCO";"CUSCO";"WANCHAQ";"ESSALUD";"III-1";"00010041";"ADOLFO GUEVARA VELASCO";"250105";"UNIDAD DE CUIDADOS CRITICOS UNIDAD  DE CUIDADOS INTENSIVOS  (UCI) NEONATOLOGÍA";"4";"20";"290";"262";"9";"270";"0"
"2023";"11";"080108";"CUSCO";"CUSCO";"WANCHAQ";"ESSALUD";"III-1";"00010041";"ADOLFO GUEVARA VELASCO";"250105";"UNIDAD DE CUIDADOS CRITICOS UNIDAD  DE CUIDADOS INTENSIVOS  (UCI) NEONATOLOGÍA";"4";"21";"223";"227";"8";"240";"0"
"2023";"11";"080108";"CUSCO";"CUSCO";"WANCHAQ";"ESSALUD";"III-1";"00010041";"ADOLFO GUEVARA VELASCO";"250105";"UNIDAD DE CUIDADOS CRITICOS UNIDAD  DE CUIDADOS INTENSIVOS  (UCI) NEONATOLOGÍA";"4";"24";"201";"210";"7";"210";"0"
"2023";"11";"130101";"LA LIBERTAD";"TRUJILLO";"TRUJILLO";"GOBIERNO REGIONAL";"III-1";"00005196";"REGIONAL DOCENTE DE TRUJILLO";"241900";"HOSPITALIZACIÓN DE MEDICINA MEDICINA INTERNA ";"117";"122";"1478";"927";"31";"930";"8"
"2023";"11";"130101";"LA LIBERTAD";"TRUJILLO";"TRUJILLO";"GOBIERNO REGIONAL";"III-1";"00005196";"REGIONAL DOCENTE DE TRUJILLO";"245300";"HOSPITALIZACIÓN DE MEDICINA NEUMOLOGÍA  ";"21";"19";"320";"417";"20";"600";"2"
"2023";"11";"130101";"LA LIBERTAD";"TRUJILLO";"TRUJILLO";"GOBIERNO REGIONAL";"III-1";"00005196";"REGIONAL DOCENTE DE TRUJILLO";"244700";"HOSPITALIZACIÓN DE MEDICINA NEUROLOGIA  ";"25";"27";"138";"111";"10";"300";"3"
"2023";"11";"130101";"LA LIBERTAD";"TRUJILLO";"TRUJILLO";"GOBIERNO REGIONAL";"III-1";"00005196";"REGIONAL DOCENTE DE TRUJILLO";"244300";"HOSPITALIZACIÓN DE MEDICINA GASTROENTEROLOGÍA  ";"38";"30";"199";"329";"12";"360";"3"
"2023";"11";"130101";"LA LIBERTAD";"TRUJILLO";"TRUJILLO";"GOBIERNO REGIONAL";"III-1";"00005196";"REGIONAL DOCENTE DE TRUJILLO";"244000";"HOSPITALIZACIÓN DE MEDICINA CARDIOLOGIA ";"15";"11";"67";"60";"4";"120";"0"
"2023";"11";"130101";"LA LIBERTAD";"TRUJILLO";"TRUJILLO";"GOBIERNO REGIONAL";"III-1";"00005196";"REGIONAL DOCENTE DE TRUJILLO";"242200";"HOSPITALIZACIÓN DE MEDICINA PSIQUIATRÍA ";"14";"14";"309";"463";"16";"480";"0"
"2023";"11";"130101";"LA LIBERTAD";"TRUJILLO";"TRUJILLO";"GOBIERNO REGIONAL";"III-1";"00005196";"REGIONAL DOCENTE DE TRUJILLO";"250100";"UNIDAD DE CUIDADOS CRITICOS UNIDAD  DE CUIDADOS INTENSIVOS GENERALES (UCI) ";"27";"8";"90";"368";"13";"390";"8"
"2023";"11";"130101";"LA LIBERTAD";"TRUJILLO";"TRUJILLO";"GOBIERNO REGIONAL";"III-1";"00005196";"REGIONAL DOCENTE DE TRUJILLO";"240100";"HOSPITALIZACIÓN QUIRÚRGICA CIRUGÍA GENERAL ";"168";"173";"635";"444";"20";"600";"1"
"2023";"11";"130101";"LA LIBERTAD";"TRUJILLO";"TRUJILLO";"GOBIERNO REGIONAL";"III-1";"00005196";"REGIONAL DOCENTE DE TRUJILLO";"240800";"HOSPITALIZACIÓN QUIRÚRGICA CIRUGÍA PLÁSTICA/RECONSTRUCTIVA/ REPARADORA ";"6";"14";"401";"188";"7";"210";"1"
"2023";"11";"130101";"LA LIBERTAD";"TRUJILLO";"TRUJILLO";"GOBIERNO REGIONAL";"III-1";"00005196";"REGIONAL DOCENTE DE TRUJILLO";"240400";"HOSPITALIZACIÓN QUIRÚRGICA CIRUGÍA DE TÓRAX Y CARDIOVASCULAR ";"6";"13";"168";"114";"4";"120";"0"
"2023";"11";"130101";"LA LIBERTAD";"TRUJILLO";"TRUJILLO";"GOBIERNO REGIONAL";"III-1";"00005196";"REGIONAL DOCENTE DE TRUJILLO";"241200";"HOSPITALIZACIÓN QUIRÚRGICA TRAUMATOLOGÍA Y ORTOPEDIA ";"41";"35";"281";"351";"14";"420";"0"
"2023";"11";"130101";"LA LIBERTAD";"TRUJILLO";"TRUJILLO";"GOBIERNO REGIONAL";"III-1";"00005196";"REGIONAL DOCENTE DE TRUJILLO";"241100";"HOSPITALIZACIÓN QUIRÚRGICA OTORRINOLARINGOLOGÍA  ";"13";"14";"48";"46";"2";"60";"0"
"2023";"11";"130101";"LA LIBERTAD";"TRUJILLO";"TRUJILLO";"GOBIERNO REGIONAL";"III-1";"00005196";"REGIONAL DOCENTE DE TRUJILLO";"241300";"HOSPITALIZACIÓN QUIRÚRGICA UROLOGÍA  ";"19";"17";"65";"67";"3";"90";"0"
"2023";"11";"130101";"LA LIBERTAD";"TRUJILLO";"TRUJILLO";"GOBIERNO REGIONAL";"III-1";"00005196";"REGIONAL DOCENTE DE TRUJILLO";"240900";"HOSPITALIZACIÓN QUIRÚRGICA NEUROCIRUGÍA ";"26";"30";"421";"309";"12";"360";"0"
"2023";"11";"130101";"LA LIBERTAD";"TRUJILLO";"TRUJILLO";"GOBIERNO REGIONAL";"III-1";"00005196";"REGIONAL DOCENTE DE TRUJILLO";"242300";"HOSPITALIZACIÓN DE PEDIATRÍA  PEDIATRÍA  GENERAL ";"45";"53";"337";"327";"14";"420";"0"
"2023";"11";"130101";"LA LIBERTAD";"TRUJILLO";"TRUJILLO";"GOBIERNO REGIONAL";"III-1";"00005196";"REGIONAL DOCENTE DE TRUJILLO";"250108";"UNIDAD DE CUIDADOS CRITICOS UNIDAD  DE CUIDADOS INTENSIVOS  (UCI) PEDIÁTRICA";"2";"2";"48";"139";"5";"150";"2"
"2023";"11";"130101";"LA LIBERTAD";"TRUJILLO";"TRUJILLO";"GOBIERNO REGIONAL";"III-1";"00005196";"REGIONAL DOCENTE DE TRUJILLO";"243200";"HOSPITALIZACIÓN DE PEDIATRÍA PEDIATRIA NEONATOLOGÍA";"26";"43";"499";"328";"11";"330";"0"
"2023";"11";"130101";"LA LIBERTAD";"TRUJILLO";"TRUJILLO";"GOBIERNO REGIONAL";"III-1";"00005196";"REGIONAL DOCENTE DE TRUJILLO";"250105";"UNIDAD DE CUIDADOS CRITICOS UNIDAD  DE CUIDADOS INTENSIVOS  (UCI) NEONATOLOGÍA";"29";"4";"136";"431";"15";"450";"4"
"2023";"11";"130101";"LA LIBERTAD";"TRUJILLO";"TRUJILLO";"GOBIERNO REGIONAL";"III-1";"00005196";"REGIONAL DOCENTE DE TRUJILLO";"241600";"HOSPITALIZACIÓN QUIRÚRGICA OBSTETRICIA   ";"114";"109";"399";"431";"17";"510";"0"
"2023";"11";"130101";"LA LIBERTAD";"TRUJILLO";"TRUJILLO";"GOBIERNO REGIONAL";"III-1";"00005196";"REGIONAL DOCENTE DE TRUJILLO";"241500";"HOSPITALIZACIÓN QUIRÚRGICA GINECOLOGÍA  ";"141";"147";"476";"430";"21";"630";"0"
"2023";"11";"150140";"LIMA";"LIMA";"SANTIAGO DE SURCO";"PRIVADO";"II-E";"00032409";"CLÍNICA ALVAREZ";"240000";"HOSPITALIZACIÓN";"14";"14";"11";"14";"7";"210";"0"
"2023";"11";"150113";"LIMA";"LIMA";"JESUS MARIA";"PRIVADO";"II-1";"00010776";"TRAUMATOLOGIA Y ORTOPEDIA AYBAR & AS SAC";"240000";"HOSPITALIZACIÓN";"1";"1";"1";"1";"6";"180";"0"
"2023";"11";"140101";"LAMBAYEQUE";"CHICLAYO";"CHICLAYO";"PRIVADO";"II-E";"00008151";"CLÍNICA METROPOLITANA";"240000";"HOSPITALIZACIÓN";"200";"199";"197";"466";"24";"744";"1"
"2023";"11";"150135";"LIMA";"LIMA";"SAN MARTIN DE PORRES";"PRIVADO";"II-2";"00010603";"CLÍNICA MÉDICA CAYETANO HEREDIA";"240000";"HOSPITALIZACIÓN";"327";"334";"978";"1090";"55";"1650";"3"
"2023";"11";"150135";"LIMA";"LIMA";"SAN MARTIN DE PORRES";"PRIVADO";"II-2";"00010603";"CLÍNICA MÉDICA CAYETANO HEREDIA";"250100";"UNIDAD DE CUIDADOS CRITICOS UNIDAD  DE CUIDADOS INTENSIVOS GENERALES (UCI) ";"15";"14";"100";"90";"9";"270";"0"
"2023";"11";"150135";"LIMA";"LIMA";"SAN MARTIN DE PORRES";"PRIVADO";"II-2";"00010603";"CLÍNICA MÉDICA CAYETANO HEREDIA";"250105";"UNIDAD DE CUIDADOS CRITICOS UNIDAD  DE CUIDADOS INTENSIVOS  (UCI) NEONATOLOGÍA";"6";"7";"42";"38";"4";"120";"0"
"2023";"11";"150135";"LIMA";"LIMA";"SAN MARTIN DE PORRES";"PRIVADO";"II-2";"00010603";"CLÍNICA MÉDICA CAYETANO HEREDIA";"250108";"UNIDAD DE CUIDADOS CRITICOS UNIDAD  DE CUIDADOS INTENSIVOS  (UCI) PEDIÁTRICA";"7";"5";"35";"53";"5";"150";"0"
"2023";"11";"180101";"MOQUEGUA";"MARISCAL NIETO";"MOQUEGUA";"GOBIERNO REGIONAL";"II-2";"00007732";"HOSPITAL REGIONAL DE MOQUEGUA";"241400";"HOSPITALIZACIÓN QUIRÚRGICA GINECO - OBSTETRICIA ";"131";"127";"354";"352";"27";"812";"1"
"2023";"11";"180101";"MOQUEGUA";"MARISCAL NIETO";"MOQUEGUA";"GOBIERNO REGIONAL";"II-2";"00007732";"HOSPITAL REGIONAL DE MOQUEGUA";"241200";"HOSPITALIZACIÓN QUIRÚRGICA TRAUMATOLOGÍA Y ORTOPEDIA ";"48";"48";"420";"386";"13";"390";"1"
"2023";"11";"180101";"MOQUEGUA";"MARISCAL NIETO";"MOQUEGUA";"GOBIERNO REGIONAL";"II-2";"00007732";"HOSPITAL REGIONAL DE MOQUEGUA";"240100";"HOSPITALIZACIÓN QUIRÚRGICA CIRUGÍA GENERAL ";"55";"49";"214";"231";"10";"304";"1"
"2023";"11";"180101";"MOQUEGUA";"MARISCAL NIETO";"MOQUEGUA";"GOBIERNO REGIONAL";"II-2";"00007732";"HOSPITAL REGIONAL DE MOQUEGUA";"242500";"HOSPITALIZACIÓN-PEDIATRÍA GENERAL-";"15";"14";"59";"52";"10";"300";"0"
"2023";"11";"180101";"MOQUEGUA";"MARISCAL NIETO";"MOQUEGUA";"GOBIERNO REGIONAL";"II-2";"00007732";"HOSPITAL REGIONAL DE MOQUEGUA";"243200";"HOSPITALIZACIÓN DE PEDIATRÍA PEDIATRIA NEONATOLOGÍA";"28";"31";"127";"121";"8";"240";"0"
"2023";"11";"180101";"MOQUEGUA";"MARISCAL NIETO";"MOQUEGUA";"GOBIERNO REGIONAL";"II-2";"00007732";"HOSPITAL REGIONAL DE MOQUEGUA";"241800";"HOSPITALIZACIÓN DE MEDICINA MEDICINA GENERAL ";"38";"39";"274";"297";"15";"463";"4"
"2023";"11";"180101";"MOQUEGUA";"MARISCAL NIETO";"MOQUEGUA";"GOBIERNO REGIONAL";"II-2";"00007732";"HOSPITAL REGIONAL DE MOQUEGUA";"250200";"UNIDAD DE CUIDADOS CRITICOS UNIDAD DE CUIDADOS INTERMEDIOS GENERAL  (UCIN) ";"13";"9";"150";"125";"6";"180";"4"
"2023";"11";"180101";"MOQUEGUA";"MARISCAL NIETO";"MOQUEGUA";"GOBIERNO REGIONAL";"II-2";"00007732";"HOSPITAL REGIONAL DE MOQUEGUA";"242200";"HOSPITALIZACIÓN DE MEDICINA PSIQUIATRÍA ";"12";"14";"162";"137";"7";"210";"0"
"2023";"11";"100111";"HUANUCO";"HUANUCO";"PILLCO MARCA";"GOBIERNO REGIONAL";"I-3";"00000757";"POTRACANCHA";"NE_0001";"";"NE_0001";"NE_0001";"NE_0001";"NE_0001";"NE_0001";"NE_0001";"NE_0001"
"2023";"11";"150113";"LIMA";"LIMA";"JESUS MARIA";"ESSALUD";"III-E";"00018011";"INSTITUTO NACIONAL CARDIOVASCULAR CARLOS ALBERTO PESCHIERA CARRILLO – INCOR –ESSALUD";"244000";"HOSPITALIZACIÓN DE MEDICINA CARDIOLOGIA ";"93";"80";"521";"716";"27";"798";"4"
"2023";"11";"150113";"LIMA";"LIMA";"JESUS MARIA";"ESSALUD";"III-E";"00018011";"INSTITUTO NACIONAL CARDIOVASCULAR CARLOS ALBERTO PESCHIERA CARRILLO – INCOR –ESSALUD";"244000";"HOSPITALIZACIÓN DE MEDICINA CARDIOLOGIA ";"148";"147";"195";"104";"7";"156";"0"
"2023";"11";"150113";"LIMA";"LIMA";"JESUS MARIA";"ESSALUD";"III-E";"00018011";"INSTITUTO NACIONAL CARDIOVASCULAR CARLOS ALBERTO PESCHIERA CARRILLO – INCOR –ESSALUD";"242600";"HOSPITALIZACIÓN DE PEDIATRÍA PEDIATRIA CARDIOLOGÍA PEDIÁTRICA";"97";"98";"1019";"839";"36";"1080";"3"
"2023";"11";"150113";"LIMA";"LIMA";"JESUS MARIA";"ESSALUD";"III-E";"00018011";"INSTITUTO NACIONAL CARDIOVASCULAR CARLOS ALBERTO PESCHIERA CARRILLO – INCOR –ESSALUD";"240400";"HOSPITALIZACIÓN QUIRÚRGICA CIRUGÍA DE TÓRAX Y CARDIOVASCULAR ";"28";"50";"1147";"803";"29";"874";"2"
"2023";"11";"150130";"LIMA";"LIMA";"SAN BORJA";"PRIVADO";"II-2";"00009682";"CLÍNICA INTERNACIONAL";"240000";"HOSPITALIZACIÓN";"533";"615";"2694";"2627";"102";"3162";"0"
"2023";"11";"160101";"LORETO";"MAYNAS";"IQUITOS";"PRIVADO";"II-1";"00012170";"SERVICIOS MEDICOS CLINICA SANTA ANITA SRL";"NE_0002";"";"NE_0002";"NE_0002";"NE_0002";"NE_0002";"NE_0002";"NE_0002";"NE_0002"
"2023";"05";"130101";"LA LIBERTAD";"TRUJILLO";"TRUJILLO";"ESSALUD";"III-1";"00009042";"VICTOR LAZARTE ECHEGARAY";"250200";"UNIDAD DE CUIDADOS CRITICOS UNIDAD DE CUIDADOS INTERMEDIOS GENERAL  (UCIN) ";"26";"21";"209";"872";"33";"1023";"8"
"2023";"05";"130101";"LA LIBERTAD";"TRUJILLO";"TRUJILLO";"ESSALUD";"III-1";"00009042";"VICTOR LAZARTE ECHEGARAY";"241900";"HOSPITALIZACIÓN DE MEDICINA MEDICINA INTERNA ";"136";"126";"1202";"1840";"64";"1984";"10"
"2023";"05";"130101";"LA LIBERTAD";"TRUJILLO";"TRUJILLO";"ESSALUD";"III-1";"00009042";"VICTOR LAZARTE ECHEGARAY";"241300";"HOSPITALIZACIÓN QUIRÚRGICA UROLOGÍA  ";"50";"49";"344";"75";"12";"372";"0"
"2023";"05";"130101";"LA LIBERTAD";"TRUJILLO";"TRUJILLO";"ESSALUD";"III-1";"00009042";"VICTOR LAZARTE ECHEGARAY";"240100";"HOSPITALIZACIÓN QUIRÚRGICA CIRUGÍA GENERAL ";"791";"785";"962";"969";"43";"1333";"3"
"2023";"05";"130101";"LA LIBERTAD";"TRUJILLO";"TRUJILLO";"ESSALUD";"III-1";"00009042";"VICTOR LAZARTE ECHEGARAY";"241200";"HOSPITALIZACIÓN QUIRÚRGICA TRAUMATOLOGÍA Y ORTOPEDIA ";"73";"71";"600";"272";"20";"620";"1"
"2023";"05";"130101";"LA LIBERTAD";"TRUJILLO";"TRUJILLO";"ESSALUD";"III-1";"00009042";"VICTOR LAZARTE ECHEGARAY";"241500";"HOSPITALIZACIÓN QUIRÚRGICA GINECOLOGÍA  ";"45";"45";"105";"11";"5";"155";"0"
"2023";"05";"130101";"LA LIBERTAD";"TRUJILLO";"TRUJILLO";"ESSALUD";"III-1";"00009042";"VICTOR LAZARTE ECHEGARAY";"241600";"HOSPITALIZACIÓN QUIRÚRGICA OBSTETRICIA   ";"333";"329";"876";"859";"35";"1085";"0"
"2023";"05";"130101";"LA LIBERTAD";"TRUJILLO";"TRUJILLO";"ESSALUD";"III-1";"00009042";"VICTOR LAZARTE ECHEGARAY";"242300";"HOSPITALIZACIÓN DE PEDIATRÍA  PEDIATRÍA  GENERAL ";"266";"260";"985";"282";"18";"558";"1"
"2023";"11";"230101";"TACNA";"TACNA";"TACNA";"ESSALUD";"I-2";"00010228";"CENTRO DE ATENCION PRIMARIA II  OSCAR FERNANDEZ DAVILA VÉLEZ";"NE_0001";"";"NE_0001";"NE_0001";"NE_0001";"NE_0001";"NE_0001";"NE_0001";"NE_0001"
"2023";"11";"100511";"HUANUCO";"HUAMALIES";"TANTAMAYO";"GOBIERNO REGIONAL";"I-2";"00000903";"TANTAMAYO";"NE_0001";"";"NE_0001";"NE_0001";"NE_0001";"NE_0001";"NE_0001";"NE_0001";"NE_0001"
"2023";"11";"100511";"HUANUCO";"HUAMALIES";"TANTAMAYO";"GOBIERNO REGIONAL";"I-1";"00022037";"SAN PEDRO DE  PARIARCA";"NE_0001";"";"NE_0001";"NE_0001";"NE_0001";"NE_0001";"NE_0001";"NE_0001";"NE_0001"
"2023";"11";"100511";"HUANUCO";"HUAMALIES";"TANTAMAYO";"GOBIERNO REGIONAL";"I-1";"00011166";"PAMPA FLORIDA";"NE_0001";"";"NE_0001";"NE_0001";"NE_0001";"NE_0001";"NE_0001";"NE_0001";"NE_0001"
"2023";"11";"100403";"HUANUCO";"HUACAYBAMBA";"COCHABAMBA";"GOBIERNO REGIONAL";"I-1";"00000882";"SANTA ANA PIRUSHTO";"NE_0001";"";"NE_0001";"NE_0001";"NE_0001";"NE_0001";"NE_0001";"NE_0001";"NE_0001"
"2023";"11";"100403";"HUANUCO";"HUACAYBAMBA";"COCHABAMBA";"GOBIERNO REGIONAL";"I-1";"00000879";"COCHABAMBA";"NE_0001";"";"NE_0001";"NE_0001";"NE_0001";"NE_0001";"NE_0001";"NE_0001";"NE_0001"
"2023";"11";"100401";"HUANUCO";"HUACAYBAMBA";"HUACAYBAMBA";"GOBIERNO REGIONAL";"I-2";"00000880";"QUICHIRRAGRA";"NE_0001";"";"NE_0001";"NE_0001";"NE_0001";"NE_0001";"NE_0001";"NE_0001";"NE_0001"
"2023";"11";"100401";"HUANUCO";"HUACAYBAMBA";"HUACAYBAMBA";"GOBIERNO REGIONAL";"I-3";"00000877";"CENTRO DE SALUD DE HUACAYBAMBA";"NE_0001";"";"NE_0001";"NE_0001";"NE_0001";"NE_0001";"NE_0001";"NE_0001";"NE_0001"
"2023";"11";"100401";"HUANUCO";"HUACAYBAMBA";"HUACAYBAMBA";"GOBIERNO REGIONAL";"I-1";"00000881";"PUESTO DE SALUD DE RONDOBAMBA";"NE_0001";"";"NE_0001";"NE_0001";"NE_0001";"NE_0001";"NE_0001";"NE_0001";"NE_0001"
"2023";"11";"100502";"HUANUCO";"HUAMALIES";"ARANCAY";"GOBIERNO REGIONAL";"I-2";"00000905";"ARANCAY";"NE_0001";"";"NE_0001";"NE_0001";"NE_0001";"NE_0001";"NE_0001";"NE_0001";"NE_0001"
"2023";"11";"100502";"HUANUCO";"HUAMALIES";"ARANCAY";"GOBIERNO REGIONAL";"0";"00025485";"AISPED TAZO CHICO -  ARANCAY";"NE_0001";"";"NE_0001";"NE_0001";"NE_0001";"NE_0001";"NE_0001";"NE_0001";"NE_0001"
"2023";"12";"170101";"MADRE DE DIOS";"TAMBOPATA";"TAMBOPATA";"ESSALUD";"II-1";"00009319";"HOSPITAL I VICTOR ALFREDO LAZO PERALTA";"241800";"HOSPITALIZACIÓN DE MEDICINA MEDICINA GENERAL ";"44";"45";"189";"188";"22";"660";"0"
"2023";"12";"170101";"MADRE DE DIOS";"TAMBOPATA";"TAMBOPATA";"ESSALUD";"II-1";"00009319";"HOSPITAL I VICTOR ALFREDO LAZO PERALTA";"240100";"HOSPITALIZACIÓN QUIRÚRGICA CIRUGÍA GENERAL ";"46";"49";"192";"192";"10";"300";"0"
"2023";"12";"220104";"SAN MARTIN";"MOYOBAMBA";"JEPELACIO";"GOBIERNO REGIONAL";"I-1";"00007238";"PACAYPITE";"NE_0001";"";"NE_0001";"NE_0001";"NE_0001";"NE_0001";"NE_0001";"NE_0001";"NE_0001"
"2023";"12";"220104";"SAN MARTIN";"MOYOBAMBA";"JEPELACIO";"GOBIERNO REGIONAL";"I-4";"00006337";"JEPELACIO";"241400";"HOSPITALIZACIÓN QUIRÚRGICA GINECO - OBSTETRICIA ";"2";"2";"2";"2";"2";"62";"0"
"2023";"12";"220104";"SAN MARTIN";"MOYOBAMBA";"JEPELACIO";"GOBIERNO REGIONAL";"I-2";"00006339";"SHUCSHUYACU";"NE_0001";"";"NE_0001";"NE_0001";"NE_0001";"NE_0001";"NE_0001";"NE_0001";"NE_0001"
"2023";"12";"220104";"SAN MARTIN";"MOYOBAMBA";"JEPELACIO";"GOBIERNO REGIONAL";"I-2";"00006340";"NUEVO SAN MIGUEL";"NE_0001";"";"NE_0001";"NE_0001";"NE_0001";"NE_0001";"NE_0001";"NE_0001";"NE_0001"
"2023";"12";"220104";"SAN MARTIN";"MOYOBAMBA";"JEPELACIO";"GOBIERNO REGIONAL";"I-1";"00006338";"CARRIZAL";"NE_0001";"";"NE_0001";"NE_0001";"NE_0001";"NE_0001";"NE_0001";"NE_0001";"NE_0001"
"2023";"12";"130702";"LA LIBERTAD";"PACASMAYO";"GUADALUPE";"ESSALUD";"I-2";"00012101";"POSTA DE SALUD GUADALUPE";"NE_0001";"";"NE_0001";"NE_0001";"NE_0001";"NE_0001";"NE_0001";"NE_0001";"NE_0001"
"2023";"12";"040101";"AREQUIPA";"AREQUIPA";"AREQUIPA";"ESSALUD";"III-1";"00013290";"HOSPITAL NACIONAL III-1 CARLOS ALBERTO SEGUÍN ESCOBEDO";"241900";"HOSPITALIZACIÓN DE MEDICINA MEDICINA INTERNA ";"351";"313";"4472";"4290";"150";"4650";"35"
"2023";"12";"040101";"AREQUIPA";"AREQUIPA";"AREQUIPA";"ESSALUD";"III-1";"00013290";"HOSPITAL NACIONAL III-1 CARLOS ALBERTO SEGUÍN ESCOBEDO";"240200";"HOSPITALIZACIÓN QUIRÚRGICA CIRUGÍA DE CABEZA Y CUELLO / MÁXILO FACIAL ";"37";"36";"209";"209";"8";"248";"0"
"2023";"12";"040101";"AREQUIPA";"AREQUIPA";"AREQUIPA";"ESSALUD";"III-1";"00013290";"HOSPITAL NACIONAL III-1 CARLOS ALBERTO SEGUÍN ESCOBEDO";"240400";"HOSPITALIZACIÓN QUIRÚRGICA CIRUGÍA DE TÓRAX Y CARDIOVASCULAR ";"25";"23";"361";"269";"9";"279";"0"
"2023";"12";"040101";"AREQUIPA";"AREQUIPA";"AREQUIPA";"ESSALUD";"III-1";"00013290";"HOSPITAL NACIONAL III-1 CARLOS ALBERTO SEGUÍN ESCOBEDO";"241000";"HOSPITALIZACIÓN QUIRÚRGICA ONCOLOGÍA QUIRÚRGICA  ";"18";"15";"158";"155";"5";"155";"2"
"2023";"12";"040101";"AREQUIPA";"AREQUIPA";"AREQUIPA";"ESSALUD";"III-1";"00013290";"HOSPITAL NACIONAL III-1 CARLOS ALBERTO SEGUÍN ESCOBEDO";"240800";"HOSPITALIZACIÓN QUIRÚRGICA CIRUGÍA PLÁSTICA/RECONSTRUCTIVA/ REPARADORA ";"22";"21";"461";"284";"10";"310";"0"
"2023";"12";"040101";"AREQUIPA";"AREQUIPA";"AREQUIPA";"ESSALUD";"III-1";"00013290";"HOSPITAL NACIONAL III-1 CARLOS ALBERTO SEGUÍN ESCOBEDO";"240900";"HOSPITALIZACIÓN QUIRÚRGICA NEUROCIRUGÍA ";"41";"34";"564";"411";"14";"434";"1"
"2023";"12";"040101";"AREQUIPA";"AREQUIPA";"AREQUIPA";"ESSALUD";"III-1";"00013290";"HOSPITAL NACIONAL III-1 CARLOS ALBERTO SEGUÍN ESCOBEDO";"240100";"HOSPITALIZACIÓN QUIRÚRGICA CIRUGÍA GENERAL ";"97";"98";"475";"444";"15";"465";"1"
"2023";"12";"040101";"AREQUIPA";"AREQUIPA";"AREQUIPA";"ESSALUD";"III-1";"00013290";"HOSPITAL NACIONAL III-1 CARLOS ALBERTO SEGUÍN ESCOBEDO";"241100";"HOSPITALIZACIÓN QUIRÚRGICA OTORRINOLARINGOLOGÍA  ";"31";"35";"117";"95";"4";"124";"0"
"2023";"12";"040101";"AREQUIPA";"AREQUIPA";"AREQUIPA";"ESSALUD";"III-1";"00013290";"HOSPITAL NACIONAL III-1 CARLOS ALBERTO SEGUÍN ESCOBEDO";"242202";"HOSPITALIZACIÓN DE MEDICINA PSIQUIATRÍA PSIQUIATRÍA DEL ADULTO Y GERONTE";"26";"24";"519";"586";"24";"744";"0"
"2023";"12";"040101";"AREQUIPA";"AREQUIPA";"AREQUIPA";"ESSALUD";"III-1";"00013290";"HOSPITAL NACIONAL III-1 CARLOS ALBERTO SEGUÍN ESCOBEDO";"241200";"HOSPITALIZACIÓN QUIRÚRGICA TRAUMATOLOGÍA Y ORTOPEDIA ";"116";"107";"707";"933";"31";"961";"3"
"2023";"12";"040101";"AREQUIPA";"AREQUIPA";"AREQUIPA";"ESSALUD";"III-1";"00013290";"HOSPITAL NACIONAL III-1 CARLOS ALBERTO SEGUÍN ESCOBEDO";"241300";"HOSPITALIZACIÓN QUIRÚRGICA UROLOGÍA  ";"49";"48";"245";"294";"10";"310";"1"
"2023";"12";"040101";"AREQUIPA";"AREQUIPA";"AREQUIPA";"ESSALUD";"III-1";"00013290";"HOSPITAL NACIONAL III-1 CARLOS ALBERTO SEGUÍN ESCOBEDO";"240100";"HOSPITALIZACIÓN QUIRÚRGICA CIRUGÍA GENERAL ";"118";"110";"960";"881";"29";"899";"0"
"2023";"12";"040101";"AREQUIPA";"AREQUIPA";"AREQUIPA";"ESSALUD";"III-1";"00013290";"HOSPITAL NACIONAL III-1 CARLOS ALBERTO SEGUÍN ESCOBEDO";"240700";"HOSPITALIZACIÓN QUIRÚRGICA CIRUGÍA PEDIÁTRICA ";"0";"1";"3";"3";"1";"31";"0"
"2023";"12";"040101";"AREQUIPA";"AREQUIPA";"AREQUIPA";"ESSALUD";"III-1";"00013290";"HOSPITAL NACIONAL III-1 CARLOS ALBERTO SEGUÍN ESCOBEDO";"241500";"HOSPITALIZACIÓN QUIRÚRGICA GINECOLOGÍA  ";"55";"58";"207";"181";"6";"186";"0"
"2023";"12";"040101";"AREQUIPA";"AREQUIPA";"AREQUIPA";"ESSALUD";"III-1";"00013290";"HOSPITAL NACIONAL III-1 CARLOS ALBERTO SEGUÍN ESCOBEDO";"242300";"HOSPITALIZACIÓN DE PEDIATRÍA  PEDIATRÍA  GENERAL ";"9";"11";"270";"182";"10";"310";"0"
"2023";"12";"040101";"AREQUIPA";"AREQUIPA";"AREQUIPA";"ESSALUD";"III-1";"00013290";"HOSPITAL NACIONAL III-1 CARLOS ALBERTO SEGUÍN ESCOBEDO";"243200";"HOSPITALIZACIÓN DE PEDIATRÍA PEDIATRIA NEONATOLOGÍA";"74";"65";"665";"215";"9";"279";"0"
"2023";"12";"040101";"AREQUIPA";"AREQUIPA";"AREQUIPA";"ESSALUD";"III-1";"00013290";"HOSPITAL NACIONAL III-1 CARLOS ALBERTO SEGUÍN ESCOBEDO";"241600";"HOSPITALIZACIÓN QUIRÚRGICA OBSTETRICIA   ";"100";"102";"438";"388";"16";"496";"0"
"2023";"12";"040101";"AREQUIPA";"AREQUIPA";"AREQUIPA";"ESSALUD";"III-1";"00013290";"HOSPITAL NACIONAL III-1 CARLOS ALBERTO SEGUÍN ESCOBEDO";"241700";"HOSPITALIZACIÓN QUIRÚRGICA GINECOLOGÍA   GINECOLOGIA ONCOLOGiCA";"10";"11";"52";"42";"5";"155";"0"
"2023";"12";"040101";"AREQUIPA";"AREQUIPA";"AREQUIPA";"ESSALUD";"III-1";"00013290";"HOSPITAL NACIONAL III-1 CARLOS ALBERTO SEGUÍN ESCOBEDO";"242300";"HOSPITALIZACIÓN DE PEDIATRÍA  PEDIATRÍA  GENERAL ";"26";"25";"594";"273";"9";"279";"0"
"2023";"12";"040101";"AREQUIPA";"AREQUIPA";"AREQUIPA";"ESSALUD";"III-1";"00013290";"HOSPITAL NACIONAL III-1 CARLOS ALBERTO SEGUÍN ESCOBEDO";"250100";"UNIDAD DE CUIDADOS CRITICOS UNIDAD  DE CUIDADOS INTENSIVOS GENERALES (UCI) ";"113";"118";"1762";"1476";"50";"1550";"16"
"2023";"12";"040101";"AREQUIPA";"AREQUIPA";"AREQUIPA";"ESSALUD";"III-1";"00013290";"HOSPITAL NACIONAL III-1 CARLOS ALBERTO SEGUÍN ESCOBEDO";"250200";"UNIDAD DE CUIDADOS CRITICOS UNIDAD DE CUIDADOS INTERMEDIOS GENERAL  (UCIN) ";"64";"63";"432";"417";"15";"465";"3"
"2023";"12";"220506";"SAN MARTIN";"LAMAS";"PINTO RECODO";"GOBIERNO REGIONAL";"I-1";"00006343";"GOSEN";"NE_0001";"";"NE_0001";"NE_0001";"NE_0001";"NE_0001";"NE_0001";"NE_0001";"NE_0001"
"2023";"12";"220506";"SAN MARTIN";"LAMAS";"PINTO RECODO";"GOBIERNO REGIONAL";"I-1";"00006344";"LA LIBERTAD BAJO MAYO";"NE_0001";"";"NE_0001";"NE_0001";"NE_0001";"NE_0001";"NE_0001";"NE_0001";"NE_0001"
"2023";"12";"220506";"SAN MARTIN";"LAMAS";"PINTO RECODO";"GOBIERNO REGIONAL";"I-1";"00006347";"VENCEDOR";"NE_0001";"";"NE_0001";"NE_0001";"NE_0001";"NE_0001";"NE_0001";"NE_0001";"NE_0001"
"2023";"12";"220502";"SAN MARTIN";"LAMAS";"ALONSO DE ALVARADO";"GOBIERNO REGIONAL";"I-3";"00006350";"PACAYZAPA";"NE_0002";"";"NE_0002";"NE_0002";"NE_0002";"NE_0002";"NE_0002";"NE_0002";"NE_0002"
"2023";"12";"220506";"SAN MARTIN";"LAMAS";"PINTO RECODO";"GOBIERNO REGIONAL";"I-1";"00006342";"BETANIA";"NE_0001";"";"NE_0001";"NE_0001";"NE_0001";"NE_0001";"NE_0001";"NE_0001";"NE_0001"
"2023";"12";"220502";"SAN MARTIN";"LAMAS";"ALONSO DE ALVARADO";"GOBIERNO REGIONAL";"I-1";"00006351";"SAN JUAN DE PACAYZAPA";"NE_0001";"";"NE_0001";"NE_0001";"NE_0001";"NE_0001";"NE_0001";"NE_0001";"NE_0001"
"2023";"12";"220506";"SAN MARTIN";"LAMAS";"PINTO RECODO";"GOBIERNO REGIONAL";"I-1";"00006345";"MIRAFLORES";"NE_0001";"";"NE_0001";"NE_0001";"NE_0001";"NE_0001";"NE_0001";"NE_0001";"NE_0001"
"2023";"12";"150117";"LIMA";"LIMA";"LOS OLIVOS";"PRIVADO";"II-E";"00012106";"CLINICA MEDICA PRIMAVERA";"240000";"HOSPITALIZACIÓN";"5";"5";"8";"8";"5";"155";"0"
"2023";"12";"120114";"JUNIN";"HUANCAYO";"EL TAMBO";"GOBIERNO REGIONAL";"I-2";"00000713";"BATANYACU";"NE_0002";"";"NE_0002";"NE_0002";"NE_0002";"NE_0002";"NE_0002";"NE_0002";"NE_0002"
"2023";"12";"120117";"JUNIN";"HUANCAYO";"HUALHUAS";"GOBIERNO REGIONAL";"I-2";"00000718";"HUALHUAS";"NE_0002";"";"NE_0002";"NE_0002";"NE_0002";"NE_0002";"NE_0002";"NE_0002";"NE_0002"
"2023";"12";"120114";"JUNIN";"HUANCAYO";"EL TAMBO";"GOBIERNO REGIONAL";"I-1";"00000717";"LA VICTORIA";"NE_0002";"";"NE_0002";"NE_0002";"NE_0002";"NE_0002";"NE_0002";"NE_0002";"NE_0002"
"2023";"12";"120129";"JUNIN";"HUANCAYO";"SAN AGUSTIN";"GOBIERNO REGIONAL";"I-3";"00000722";"SAN AGUSTIN DE CAJAS";"NE_0002";"";"NE_0002";"NE_0002";"NE_0002";"NE_0002";"NE_0002";"NE_0002";"NE_0002"
"2023";"12";"120129";"JUNIN";"HUANCAYO";"SAN AGUSTIN";"GOBIERNO REGIONAL";"I-1";"00000723";"COILLOR";"NE_0002";"";"NE_0002";"NE_0002";"NE_0002";"NE_0002";"NE_0002";"NE_0002";"NE_0002"
"2023";"12";"120132";"JUNIN";"HUANCAYO";"SAÑO";"GOBIERNO REGIONAL";"I-2";"00000725";"SAN PEDRO DE SAÑO";"NE_0002";"";"NE_0002";"NE_0002";"NE_0002";"NE_0002";"NE_0002";"NE_0002";"NE_0002"
"2023";"12";"120130";"JUNIN";"HUANCAYO";"SAN JERONIMO DE TUNAN";"GOBIERNO REGIONAL";"I-3";"00000724";"SAN JERONIMO";"NE_0002";"";"NE_0002";"NE_0002";"NE_0002";"NE_0002";"NE_0002";"NE_0002";"NE_0002"
"2023";"12";"120114";"JUNIN";"HUANCAYO";"EL TAMBO";"GOBIERNO REGIONAL";"I-1";"00018190";"1RO DE MAYO";"NE_0002";"";"NE_0002";"NE_0002";"NE_0002";"NE_0002";"NE_0002";"NE_0002";"NE_0002"
"2023";"12";"120114";"JUNIN";"HUANCAYO";"EL TAMBO";"GOBIERNO REGIONAL";"I-1";"00000711";"SAÑOS CHICO";"NE_0002";"";"NE_0002";"NE_0002";"NE_0002";"NE_0002";"NE_0002";"NE_0002";"NE_0002"
"2023";"12";"120114";"JUNIN";"HUANCAYO";"EL TAMBO";"GOBIERNO REGIONAL";"I-1";"00000708";"PACCHA";"NE_0002";"";"NE_0002";"NE_0002";"NE_0002";"NE_0002";"NE_0002";"NE_0002";"NE_0002"
"2023";"12";"040109";"AREQUIPA";"AREQUIPA";"MARIANO MELGAR";"GOBIERNO REGIONAL";"I-4";"00001294";"CENTRO DE SALUD MARIANO MELGAR";"241400";"HOSPITALIZACIÓN QUIRÚRGICA GINECO - OBSTETRICIA ";"12";"12";"14";"12";"3";"302";"0"
"2023";"12";"040109";"AREQUIPA";"AREQUIPA";"MARIANO MELGAR";"GOBIERNO REGIONAL";"I-2";"00001308";"PUESTO DE SALUD ATALAYA";"NE_0001";"";"NE_0001";"NE_0001";"NE_0001";"NE_0001";"NE_0001";"NE_0001";"NE_0001"
"2023";"12";"040102";"AREQUIPA";"AREQUIPA";"ALTO SELVA ALEGRE";"GOBIERNO REGIONAL";"I-2";"00001304";"PUESTO DE SALUD HEROES DEL CENEPA";"NE_0001";"";"NE_0001";"NE_0001";"NE_0001";"NE_0001";"NE_0001";"NE_0001";"NE_0001"
"2023";"12";"040102";"AREQUIPA";"AREQUIPA";"ALTO SELVA ALEGRE";"GOBIERNO REGIONAL";"I-3";"00001302";"CENTRO DE SALUD INDEPENDENCIA";"NE_0001";"";"NE_0001";"NE_0001";"NE_0001";"NE_0001";"NE_0001";"NE_0001";"NE_0001"
"2023";"12";"040102";"AREQUIPA";"AREQUIPA";"ALTO SELVA ALEGRE";"GOBIERNO REGIONAL";"I-2";"00001303";"PUESTO DE SALUD SAN JUAN BAUTISTA";"NE_0001";"";"NE_0001";"NE_0001";"NE_0001";"NE_0001";"NE_0001";"NE_0001";"NE_0001"
"2023";"12";"040102";"AREQUIPA";"AREQUIPA";"ALTO SELVA ALEGRE";"GOBIERNO REGIONAL";"I-3";"00001300";"CENTRO DE SALUD APURIMAC";"NE_0001";"";"NE_0001";"NE_0001";"NE_0001";"NE_0001";"NE_0001";"NE_0001";"NE_0001"
"2023";"12";"040102";"AREQUIPA";"AREQUIPA";"ALTO SELVA ALEGRE";"GOBIERNO REGIONAL";"I-3";"00001291";"CENTRO DE SALUD ALTO SELVA ALEGRE";"NE_0001";"";"NE_0001";"NE_0001";"NE_0001";"NE_0001";"NE_0001";"NE_0001";"NE_0001"
"2023";"12";"040102";"AREQUIPA";"AREQUIPA";"ALTO SELVA ALEGRE";"GOBIERNO REGIONAL";"I-2";"00001301";"PUESTO DE SALUD LEONES DEL MISTI";"NE_0001";"";"NE_0001";"NE_0001";"NE_0001";"NE_0001";"NE_0001";"NE_0001";"NE_0001"
"2023";"12";"080601";"CUSCO";"CANCHIS";"SICUANI";"ESSALUD";"II-1";"00010063";"ESSALUD SICUANI";"240100";"HOSPITALIZACIÓN QUIRÚRGICA CIRUGÍA GENERAL ";"22";"30";"94";"99";"4";"124";"0"
"2023";"12";"080601";"CUSCO";"CANCHIS";"SICUANI";"ESSALUD";"II-1";"00010063";"ESSALUD SICUANI";"241500";"HOSPITALIZACIÓN QUIRÚRGICA GINECOLOGÍA  ";"17";"21";"69";"70";"2";"623";"0"
"2023";"12";"080601";"CUSCO";"CANCHIS";"SICUANI";"ESSALUD";"II-1";"00010063";"ESSALUD SICUANI";"241900";"HOSPITALIZACIÓN DE MEDICINA MEDICINA INTERNA ";"30";"30";"115";"115";"8";"248";"0"
"2023";"12";"080601";"CUSCO";"CANCHIS";"SICUANI";"ESSALUD";"II-1";"00010063";"ESSALUD SICUANI";"241600";"HOSPITALIZACIÓN QUIRÚRGICA OBSTETRICIA   ";"7";"6";"10";"10";"2";"62";"0"
"2023";"12";"080601";"CUSCO";"CANCHIS";"SICUANI";"ESSALUD";"II-1";"00010063";"ESSALUD SICUANI";"242300";"HOSPITALIZACIÓN DE PEDIATRÍA  PEDIATRÍA  GENERAL ";"8";"8";"21";"21";"2";"62";"0"
"2023";"12";"021603";"ANCASH";"POMABAMBA";"PAROBAMBA";"GOBIERNO REGIONAL";"I-1";"00001778";"PUESTO DE SALUD SHUMPILLAN";"NE_0002";"";"NE_0002";"NE_0002";"NE_0002";"NE_0002";"NE_0002";"NE_0002";"NE_0002"
"2023";"12";"021603";"ANCASH";"POMABAMBA";"PAROBAMBA";"GOBIERNO REGIONAL";"I-1";"00001779";"PUESTO DE SALUD CAJAS";"NE_0002";"";"NE_0002";"NE_0002";"NE_0002";"NE_0002";"NE_0002";"NE_0002";"NE_0002"
"2023";"12";"150132";"LIMA";"LIMA";"SAN JUAN DE LURIGANCHO";"PRIVADO";"II-E";"00014509";"CLINICA SAN MARTIN";"240000";"HOSPITALIZACIÓN";"0";"0";"0";"360";"12";"360";"0"
"2023";"12";"150136";"LIMA";"LIMA";"SAN MIGUEL";"PRIVADO";"II-2";"00012666";"CLINICA PROVIDENCIA";"240000";"HOSPITALIZACIÓN";"213";"229";"430";"14";"60";"62";"0"
"2023";"12";"150136";"LIMA";"LIMA";"SAN MIGUEL";"PRIVADO";"II-2";"00012666";"CLINICA PROVIDENCIA";"250100";"UNIDAD DE CUIDADOS CRITICOS UNIDAD  DE CUIDADOS INTENSIVOS GENERALES (UCI) ";"10";"6";"64";"4";"6";"8";"1"
"2023";"12";"150136";"LIMA";"LIMA";"SAN MIGUEL";"PRIVADO";"II-2";"00012666";"CLINICA PROVIDENCIA";"250105";"UNIDAD DE CUIDADOS CRITICOS UNIDAD  DE CUIDADOS INTENSIVOS  (UCI) NEONATOLOGÍA";"4";"2";"22";"2";"6";"8";"0"
"2023";"12";"150136";"LIMA";"LIMA";"SAN MIGUEL";"PRIVADO";"II-2";"00012666";"CLINICA PROVIDENCIA";"250108";"UNIDAD DE CUIDADOS CRITICOS UNIDAD  DE CUIDADOS INTENSIVOS  (UCI) PEDIÁTRICA";"5";"4";"43";"2";"6";"8";"0"
"2023";"12";"070101";"CALLAO";"CALLAO";"CALLAO";"GOBIERNO REGIONAL";"I-2";"00006248";"PUESTO DE SALUD POLIGONO IV";"NE_0001";"";"NE_0001";"NE_0001";"NE_0001";"NE_0001";"NE_0001";"NE_0001";"NE_0001"
"2023";"03";"160101";"LORETO";"MAYNAS";"IQUITOS";"PRIVADO";"II-2";"00012854";"ASOC. PAST. DE SERV. MEDICO ASIST. CLINICA ADVENTISTA ANA STAHL DE LA IGLESIA ADV. DEL SEPTIMO DIA";"241800";"HOSPITALIZACIÓN DE MEDICINA MEDICINA GENERAL ";"95";"95";"300";"342";"42";"1218";"0"
"2023";"12";"070103";"CALLAO";"CALLAO";"CARMEN DE LA LEGUA-REYNOSO";"GOBIERNO REGIONAL";"I-2";"00006253";"PUESTO DE SALUD VILLA SEÑOR. DE LOS MILAGROS";"NE_0001";"";"NE_0001";"NE_0001";"NE_0001";"NE_0001";"NE_0001";"NE_0001";"NE_0001"
"2023";"12";"070104";"CALLAO";"CALLAO";"LA PERLA";"GOBIERNO REGIONAL";"I-2";"00006250";"PUESTO DE SALUD ALTA MAR";"NE_0001";"";"NE_0001";"NE_0001";"NE_0001";"NE_0001";"NE_0001";"NE_0001";"NE_0001"
"2023";"12";"070102";"CALLAO";"CALLAO";"BELLAVISTA";"GOBIERNO REGIONAL";"I-4";"00006249";"C.S. BELLAVISTA PERU COREA";"241600";"HOSPITALIZACIÓN QUIRÚRGICA OBSTETRICIA   ";"5";"5";"5";"155";"13";"403";"0"
"2023";"12";"070102";"CALLAO";"CALLAO";"BELLAVISTA";"GOBIERNO REGIONAL";"I-2";"00031271";"CENTRO DE SALUD MENTAL COMUNITARIO UNIVERSITARIO CALLAO";"NE_0001";"";"NE_0001";"NE_0001";"NE_0001";"NE_0001";"NE_0001";"NE_0001";"NE_0001"
"2023";"12";"070104";"CALLAO";"CALLAO";"LA PERLA";"GOBIERNO REGIONAL";"I-2";"00026983";"CENTRO DE SALUD MENTAL COMUNITARIO LA PERLA";"NE_0001";"";"NE_0001";"NE_0001";"NE_0001";"NE_0001";"NE_0001";"NE_0001";"NE_0001"
"2023";"12";"070103";"CALLAO";"CALLAO";"CARMEN DE LA LEGUA-REYNOSO";"GOBIERNO REGIONAL";"I-2";"00029132";"Centro de Salud Mental Comunitario ""Carmen de la Legua - Reynoso""";"NE_0001";"";"NE_0001";"NE_0001";"NE_0001";"NE_0001";"NE_0001";"NE_0001";"NE_0001"
"2023";"12";"120427";"JUNIN";"JAUJA";"RICRAN";"GOBIERNO REGIONAL";"I-1";"00000421";"APAYCANCHA";"NE_0001";"";"NE_0001";"NE_0001";"NE_0001";"NE_0001";"NE_0001";"NE_0001";"NE_0001"
"2023";"12";"120424";"JUNIN";"JAUJA";"PANCAN";"GOBIERNO REGIONAL";"I-1";"00000417";"PANCAN";"NE_0001";"";"NE_0001";"NE_0001";"NE_0001";"NE_0001";"NE_0001";"NE_0001";"NE_0001"
"2023";"12";"120424";"JUNIN";"JAUJA";"PANCAN";"GOBIERNO REGIONAL";"I-1";"00000418";"HUASQUICHA";"NE_0001";"";"NE_0001";"NE_0001";"NE_0001";"NE_0001";"NE_0001";"NE_0001";"NE_0001"
"2023";"12";"110201";"ICA";"CHINCHA";"CHINCHA ALTA";"PRIVADO";"II-1";"00018704";"FAMISALUD";"241500";"HOSPITALIZACIÓN QUIRÚRGICA GINECOLOGÍA  ";"2";"2";"2";"7";"2";"60";"0"
"2023";"12";"110201";"ICA";"CHINCHA";"CHINCHA ALTA";"PRIVADO";"II-1";"00018704";"FAMISALUD";"241200";"HOSPITALIZACIÓN QUIRÚRGICA TRAUMATOLOGÍA Y ORTOPEDIA ";"1";"1";"1";"7";"1";"30";"0"
"2023";"12";"120101";"JUNIN";"HUANCAYO";"HUANCAYO";"GOBIERNO REGIONAL";"III-E";"00000753";"HOSPITAL REGIONAL DOCENTE CLINICO QUIRURGICO DANIEL ALCIDES CARRION";"241300";"HOSPITALIZACIÓN QUIRÚRGICA UROLOGÍA  ";"10";"11";"63";"134";"5";"155";"0"
"2023";"12";"120101";"JUNIN";"HUANCAYO";"HUANCAYO";"GOBIERNO REGIONAL";"III-E";"00000753";"HOSPITAL REGIONAL DOCENTE CLINICO QUIRURGICO DANIEL ALCIDES CARRION";"242100";"HOSPITALIZACIÓN DE MEDICINA ONCOLOGÍA MÉDICA ";"9";"17";"261";"170";"6";"186";"3"
"2023";"12";"150130";"LIMA";"LIMA";"SAN BORJA";"PRIVADO";"II-2";"00009850";"CLÍNICA VESALIO";"240000";"HOSPITALIZACIÓN";"287";"302";"1904";"1228";"56";"1591";"0"
"2023";"12";"150201";"LIMA";"BARRANCA";"BARRANCA";"GOBIERNO REGIONAL";"II-2";"00007635";"HOSPITAL DE BARRANCA";"240100";"HOSPITALIZACIÓN QUIRÚRGICA CIRUGÍA GENERAL ";"66";"78";"258";"332";"12";"372";"0"
"2023";"12";"150201";"LIMA";"BARRANCA";"BARRANCA";"GOBIERNO REGIONAL";"II-2";"00007635";"HOSPITAL DE BARRANCA";"241100";"HOSPITALIZACIÓN QUIRÚRGICA OTORRINOLARINGOLOGÍA  ";"1";"1";"6";"2";"3";"93";"0"
"2023";"12";"150201";"LIMA";"BARRANCA";"BARRANCA";"GOBIERNO REGIONAL";"II-2";"00007635";"HOSPITAL DE BARRANCA";"241200";"HOSPITALIZACIÓN QUIRÚRGICA TRAUMATOLOGÍA Y ORTOPEDIA ";"13";"18";"132";"5";"8";"248";"0"
"2023";"12";"150201";"LIMA";"BARRANCA";"BARRANCA";"GOBIERNO REGIONAL";"II-2";"00007635";"HOSPITAL DE BARRANCA";"241300";"HOSPITALIZACIÓN QUIRÚRGICA UROLOGÍA  ";"3";"3";"13";"4";"3";"93";"0"
"2023";"12";"150201";"LIMA";"BARRANCA";"BARRANCA";"GOBIERNO REGIONAL";"II-2";"00007635";"HOSPITAL DE BARRANCA";"241500";"HOSPITALIZACIÓN QUIRÚRGICA GINECOLOGÍA  ";"124";"132";"353";"182";"16";"496";"0"
"2023";"12";"150201";"LIMA";"BARRANCA";"BARRANCA";"GOBIERNO REGIONAL";"II-2";"00007635";"HOSPITAL DE BARRANCA";"241600";"HOSPITALIZACIÓN QUIRÚRGICA OBSTETRICIA   ";"48";"49";"73";"186";"15";"465";"0"
"2023";"12";"150201";"LIMA";"BARRANCA";"BARRANCA";"GOBIERNO REGIONAL";"II-2";"00007635";"HOSPITAL DE BARRANCA";"241800";"HOSPITALIZACIÓN DE MEDICINA MEDICINA GENERAL ";"46";"61";"377";"267";"25";"775";"9"
"2023";"12";"150201";"LIMA";"BARRANCA";"BARRANCA";"GOBIERNO REGIONAL";"II-2";"00007635";"HOSPITAL DE BARRANCA";"242500";"HOSPITALIZACIÓN-PEDIATRÍA GENERAL-";"38";"40";"151";"141";"20";"620";"0"
"2023";"12";"150201";"LIMA";"BARRANCA";"BARRANCA";"GOBIERNO REGIONAL";"II-2";"00007635";"HOSPITAL DE BARRANCA";"243200";"HOSPITALIZACIÓN DE PEDIATRÍA PEDIATRIA NEONATOLOGÍA";"107";"111";"156";"181";"22";"682";"0"
"2023";"11";"080907";"CUSCO";"LA CONVENCION";"KIMBIRI";"GOBIERNO REGIONAL";"I-2";"00008285";"ANGELES";"NE_0001";"";"NE_0001";"NE_0001";"NE_0001";"NE_0001";"NE_0001";"NE_0001";"NE_0001"
"2023";"11";"050104";"AYACUCHO";"HUAMANGA";"CARMEN ALTO";"GOBIERNO REGIONAL";"I-1";"00011354";"PUESTO DE SALUD YANAMA";"NE_0001";"";"NE_0001";"NE_0001";"NE_0001";"NE_0001";"NE_0001";"NE_0001";"NE_0001"
"2023";"11";"050104";"AYACUCHO";"HUAMANGA";"CARMEN ALTO";"GOBIERNO REGIONAL";"I-3";"00003560";"CENTRO DE SALUD CARMEN ALTO";"NE_0001";"";"NE_0001";"NE_0001";"NE_0001";"NE_0001";"NE_0001";"NE_0001";"NE_0001"
"2023";"11";"050104";"AYACUCHO";"HUAMANGA";"CARMEN ALTO";"GOBIERNO REGIONAL";"I-1";"00003561";"POKRAS";"NE_0001";"";"NE_0001";"NE_0001";"NE_0001";"NE_0001";"NE_0001";"NE_0001";"NE_0001"
"2023";"12";"120425";"JUNIN";"JAUJA";"PARCO";"GOBIERNO REGIONAL";"I-2";"00000374";"PARCO";"NE_0001";"";"NE_0001";"NE_0001";"NE_0001";"NE_0001";"NE_0001";"NE_0001";"NE_0001"
"2023";"12";"150130";"LIMA";"LIMA";"SAN BORJA";"PRIVADO";"I-2";"00024872";"LINE CONTROL CENTER";"NE_0001";"";"NE_0001";"NE_0001";"NE_0001";"NE_0001";"NE_0001";"NE_0001";"NE_0001"
"2023";"12";"130105";"LA LIBERTAD";"TRUJILLO";"LA ESPERANZA";"ESSALUD";"II-1";"00009040";"HOSPITAL I - LA ESPERANZA";"241800";"HOSPITALIZACIÓN DE MEDICINA MEDICINA GENERAL ";"56";"55";"211";"245";"10";"310";"0"
"2023";"12";"060608";"CAJAMARCA";"CUTERVO";"SAN ANDRES DE CUTERVO";"GOBIERNO REGIONAL";"I-1";"00006868";"ILLUGAN";"NE_0001";"";"NE_0001";"NE_0001";"NE_0001";"NE_0001";"NE_0001";"NE_0001";"NE_0001"
"2023";"12";"060608";"CAJAMARCA";"CUTERVO";"SAN ANDRES DE CUTERVO";"GOBIERNO REGIONAL";"I-3";"00005034";"SAN ANDRES";"NE_0001";"";"NE_0001";"NE_0001";"NE_0001";"NE_0001";"NE_0001";"NE_0001";"NE_0001"
"2023";"12";"060608";"CAJAMARCA";"CUTERVO";"SAN ANDRES DE CUTERVO";"GOBIERNO REGIONAL";"I-1";"00005035";"LA FLOR";"NE_0001";"";"NE_0001";"NE_0001";"NE_0001";"NE_0001";"NE_0001";"NE_0001";"NE_0001"
"2023";"12";"060610";"CAJAMARCA";"CUTERVO";"SAN LUIS DE LUCMA";"GOBIERNO REGIONAL";"I-3";"00005038";"SAN LUIS DE LA LUCMA";"NE_0001";"";"NE_0001";"NE_0001";"NE_0001";"NE_0001";"NE_0001";"NE_0001";"NE_0001"
"2023";"12";"060610";"CAJAMARCA";"CUTERVO";"SAN LUIS DE LUCMA";"GOBIERNO REGIONAL";"I-1";"00006870";"SANTA ROSA DEL TINGO";"NE_0001";"";"NE_0001";"NE_0001";"NE_0001";"NE_0001";"NE_0001";"NE_0001";"NE_0001"
"2023";"12";"060614";"CAJAMARCA";"CUTERVO";"SOCOTA";"GOBIERNO REGIONAL";"I-1";"00006937";"MINAS DE SOCOTA";"NE_0001";"";"NE_0001";"NE_0001";"NE_0001";"NE_0001";"NE_0001";"NE_0001";"NE_0001"
"2023";"12";"060610";"CAJAMARCA";"CUTERVO";"SAN LUIS DE LUCMA";"GOBIERNO REGIONAL";"I-1";"00006853";"SAIREPAMPA";"NE_0001";"";"NE_0001";"NE_0001";"NE_0001";"NE_0001";"NE_0001";"NE_0001";"NE_0001"
"2023";"12";"060614";"CAJAMARCA";"CUTERVO";"SOCOTA";"GOBIERNO REGIONAL";"I-1";"00011258";"RINCONADA MIRAFLORES";"NE_0001";"";"NE_0001";"NE_0001";"NE_0001";"NE_0001";"NE_0001";"NE_0001";"NE_0001"
"2023";"12";"060614";"CAJAMARCA";"CUTERVO";"SOCOTA";"GOBIERNO REGIONAL";"I-1";"00011262";"PUQUIO DE SOCOTA";"NE_0001";"";"NE_0001";"NE_0001";"NE_0001";"NE_0001";"NE_0001";"NE_0001";"NE_0001"
"2023";"12";"060614";"CAJAMARCA";"CUTERVO";"SOCOTA";"GOBIERNO REGIONAL";"I-1";"00005032";"PAMPA LA RIOJA";"NE_0001";"";"NE_0001";"NE_0001";"NE_0001";"NE_0001";"NE_0001";"NE_0001";"NE_0001"
"2023";"12";"060614";"CAJAMARCA";"CUTERVO";"SOCOTA";"GOBIERNO REGIONAL";"I-3";"00005040";" VIRGEN DE LA CANDELARIA ";"NE_0001";"";"NE_0001";"NE_0001";"NE_0001";"NE_0001";"NE_0001";"NE_0001";"NE_0001"
"2023";"12";"060614";"CAJAMARCA";"CUTERVO";"SOCOTA";"GOBIERNO REGIONAL";"I-1";"00005037";"CHISIGLE";"NE_0001";"";"NE_0001";"NE_0001";"NE_0001";"NE_0001";"NE_0001";"NE_0001";"NE_0001"
"2023";"12";"060614";"CAJAMARCA";"CUTERVO";"SOCOTA";"GOBIERNO REGIONAL";"I-1";"00005042";"SAN ANTONIO";"NE_0001";"";"NE_0001";"NE_0001";"NE_0001";"NE_0001";"NE_0001";"NE_0001";"NE_0001"
"2023";"12";"060614";"CAJAMARCA";"CUTERVO";"SOCOTA";"GOBIERNO REGIONAL";"I-1";"00005043";"LAGUNA SHITA";"NE_0001";"";"NE_0001";"NE_0001";"NE_0001";"NE_0001";"NE_0001";"NE_0001";"NE_0001"
"2023";"12";"150136";"LIMA";"LIMA";"SAN MIGUEL";"ESSALUD";"II-1";"00008564";"HOSPITAL I OCTAVIO MONGRUT MUÑOZ";"241900";"HOSPITALIZACIÓN DE MEDICINA MEDICINA INTERNA ";"55";"61";"464";"399";"20";"620";"6"
"2023";"12";"150136";"LIMA";"LIMA";"SAN MIGUEL";"ESSALUD";"II-1";"00008564";"HOSPITAL I OCTAVIO MONGRUT MUÑOZ";"240100";"HOSPITALIZACIÓN QUIRÚRGICA CIRUGÍA GENERAL ";"40";"42";"66";"62";"5";"153";"0"
"2023";"12";"150136";"LIMA";"LIMA";"SAN MIGUEL";"ESSALUD";"II-1";"00008564";"HOSPITAL I OCTAVIO MONGRUT MUÑOZ";"241500";"HOSPITALIZACIÓN QUIRÚRGICA GINECOLOGÍA  ";"43";"38";"114";"85";"4";"1296";"0"
"2023";"12";"150136";"LIMA";"LIMA";"SAN MIGUEL";"ESSALUD";"II-1";"00008564";"HOSPITAL I OCTAVIO MONGRUT MUÑOZ";"241600";"HOSPITALIZACIÓN QUIRÚRGICA OBSTETRICIA   ";"73";"63";"133";"139";"10";"310";"0"
"2023";"12";"150136";"LIMA";"LIMA";"SAN MIGUEL";"ESSALUD";"II-1";"00008564";"HOSPITAL I OCTAVIO MONGRUT MUÑOZ";"242300";"HOSPITALIZACIÓN DE PEDIATRÍA  PEDIATRÍA  GENERAL ";"60";"63";"139";"139";"10";"310";"0"
"2023";"12";"120607";"JUNIN";"SATIPO";"RIO NEGRO";"GOBIERNO REGIONAL";"I-2";"00000497";"RIO CHARI ALTO";"NE_0001";"";"NE_0001";"NE_0001";"NE_0001";"NE_0001";"NE_0001";"NE_0001";"NE_0001"
"2023";"12";"120608";"JUNIN";"SATIPO";"RIO TAMBO";"GOBIERNO REGIONAL";"I-2";"00000500";"AOTI";"NE_0001";"";"NE_0001";"NE_0001";"NE_0001";"NE_0001";"NE_0001";"NE_0001";"NE_0001"
"2023";"12";"120607";"JUNIN";"SATIPO";"RIO NEGRO";"GOBIERNO REGIONAL";"I-2";"00000501";"ALTO PITOCUNA";"NE_0001";"";"NE_0001";"NE_0001";"NE_0001";"NE_0001";"NE_0001";"NE_0001";"NE_0001"
"2023";"12";"150120";"LIMA";"LIMA";"MAGDALENA DEL MAR";"PRIVADO";"II-E";"00011803";"CLINICA VIRGEN DEL ROSARIO SRL";"240000";"HOSPITALIZACIÓN";"286";"138";"144";"165";"24";"690";"0"
"2023";"12";"090117";"HUANCAVELICA";"HUANCAVELICA";"YAULI";"GOBIERNO REGIONAL";"I-1";"00003883";"UCHCUS - INCAÑAN";"NE_0001";"";"NE_0001";"NE_0001";"NE_0001";"NE_0001";"NE_0001";"NE_0001";"NE_0001"
"2023";"12";"090117";"HUANCAVELICA";"HUANCAVELICA";"YAULI";"GOBIERNO REGIONAL";"I-2";"00006821";"CASTILLAPATA";"NE_0001";"";"NE_0001";"NE_0001";"NE_0001";"NE_0001";"NE_0001";"NE_0001";"NE_0001"
"2023";"12";"090117";"HUANCAVELICA";"HUANCAVELICA";"YAULI";"GOBIERNO REGIONAL";"I-1";"00003882";"PUCAPAMPA";"NE_0001";"";"NE_0001";"NE_0001";"NE_0001";"NE_0001";"NE_0001";"NE_0001";"NE_0001"
"2023";"12";"090117";"HUANCAVELICA";"HUANCAVELICA";"YAULI";"GOBIERNO REGIONAL";"I-2";"00007343";"ATALLA";"NE_0001";"";"NE_0001";"NE_0001";"NE_0001";"NE_0001";"NE_0001";"NE_0001";"NE_0001"
"2023";"12";"090117";"HUANCAVELICA";"HUANCAVELICA";"YAULI";"GOBIERNO REGIONAL";"I-1";"00003880";"AMBATO";"NE_0001";"";"NE_0001";"NE_0001";"NE_0001";"NE_0001";"NE_0001";"NE_0001";"NE_0001"
"2023";"12";"090117";"HUANCAVELICA";"HUANCAVELICA";"YAULI";"GOBIERNO REGIONAL";"I-1";"00012641";"TACSANA";"NE_0001";"";"NE_0001";"NE_0001";"NE_0001";"NE_0001";"NE_0001";"NE_0001";"NE_0001"
"2023";"12";"090117";"HUANCAVELICA";"HUANCAVELICA";"YAULI";"GOBIERNO REGIONAL";"I-1";"00007406";"PALTAMACHAY";"NE_0001";"";"NE_0001";"NE_0001";"NE_0001";"NE_0001";"NE_0001";"NE_0001";"NE_0001"
"2023";"12";"090117";"HUANCAVELICA";"HUANCAVELICA";"YAULI";"GOBIERNO REGIONAL";"I-1";"00007454";"CHACARILLA";"NE_0001";"";"NE_0001";"NE_0001";"NE_0001";"NE_0001";"NE_0001";"NE_0001";"NE_0001"
"2023";"12";"090103";"HUANCAVELICA";"HUANCAVELICA";"ACORIA";"GOBIERNO REGIONAL";"I-1";"00003871";"CONCHAN";"NE_0001";"";"NE_0001";"NE_0001";"NE_0001";"NE_0001";"NE_0001";"NE_0001";"NE_0001"
"2023";"12";"090103";"HUANCAVELICA";"HUANCAVELICA";"ACORIA";"GOBIERNO REGIONAL";"I-1";"00007341";"LLAHUECC";"NE_0001";"";"NE_0001";"NE_0001";"NE_0001";"NE_0001";"NE_0001";"NE_0001";"NE_0001"
"2023";"12";"090103";"HUANCAVELICA";"HUANCAVELICA";"ACORIA";"GOBIERNO REGIONAL";"I-2";"00003868";"MOTOY";"NE_0001";"";"NE_0001";"NE_0001";"NE_0001";"NE_0001";"NE_0001";"NE_0001";"NE_0001"
"2023";"12";"090103";"HUANCAVELICA";"HUANCAVELICA";"ACORIA";"GOBIERNO REGIONAL";"I-1";"00003870";"LIRIO";"NE_0001";"";"NE_0001";"NE_0001";"NE_0001";"NE_0001";"NE_0001";"NE_0001";"NE_0001"
"2023";"12";"090103";"HUANCAVELICA";"HUANCAVELICA";"ACORIA";"GOBIERNO REGIONAL";"I-3";"00003864";"ACORIA";"250302";"HOSPIT. EN UNIDAD DE CUID.INTEN.-UNIDAD DE VIGILANCIA INTENSIVA (UVI)-GINECO-OBSTETRICIA";"1";"1";"2";"2";"1";"2";"0"
"2023";"12";"090103";"HUANCAVELICA";"HUANCAVELICA";"ACORIA";"GOBIERNO REGIONAL";"I-1";"00016016";"SILVA";"NE_0001";"";"NE_0001";"NE_0001";"NE_0001";"NE_0001";"NE_0001";"NE_0001";"NE_0001"
"2023";"12";"090103";"HUANCAVELICA";"HUANCAVELICA";"ACORIA";"GOBIERNO REGIONAL";"I-1";"00003866";"ANTAYMISA";"NE_0001";"";"NE_0001";"NE_0001";"NE_0001";"NE_0001";"NE_0001";"NE_0001";"NE_0001"
"2023";"12";"190305";"PASCO";"OXAPAMPA";"POZUZO";"GOBIERNO REGIONAL";"I-1";"00001098";"BUENA VISTA";"NE_0001";"";"NE_0001";"NE_0001";"NE_0001";"NE_0001";"NE_0001";"NE_0001";"NE_0001"
"2023";"12";"190305";"PASCO";"OXAPAMPA";"POZUZO";"GOBIERNO REGIONAL";"I-1";"00001104";"ASCENCION";"NE_0001";"";"NE_0001";"NE_0001";"NE_0001";"NE_0001";"NE_0001";"NE_0001";"NE_0001"
"2023";"12";"190305";"PASCO";"OXAPAMPA";"POZUZO";"GOBIERNO REGIONAL";"I-1";"00011571";"TINGO MAL PASO";"NE_0001";"";"NE_0001";"NE_0001";"NE_0001";"NE_0001";"NE_0001";"NE_0001";"NE_0001"
"2023";"12";"220804";"SAN MARTIN";"RIOJA";"NUEVA CAJAMARCA";"GOBIERNO REGIONAL";"I-1";"00006285";"LA UNION";"NE_0001";"";"NE_0001";"NE_0001";"NE_0001";"NE_0001";"NE_0001";"NE_0001";"NE_0001"
"2023";"12";"090411";"HUANCAVELICA";"CASTROVIRREYNA";"SANTA ANA";"GOBIERNO REGIONAL";"I-1";"00003858";"ASTOBAMBA";"NE_0001";"";"NE_0001";"NE_0001";"NE_0001";"NE_0001";"NE_0001";"NE_0001";"NE_0001"
"2023";"12";"090407";"HUANCAVELICA";"CASTROVIRREYNA";"HUACHOS";"GOBIERNO REGIONAL";"I-1";"00004007";"SUYTUPAMPA";"NE_0001";"";"NE_0001";"NE_0001";"NE_0001";"NE_0001";"NE_0001";"NE_0001";"NE_0001"
"2023";"12";"090401";"HUANCAVELICA";"CASTROVIRREYNA";"CASTROVIRREYNA";"GOBIERNO REGIONAL";"I-1";"00004003";"SINTO";"NE_0001";"";"NE_0001";"NE_0001";"NE_0001";"NE_0001";"NE_0001";"NE_0001";"NE_0001"
"2023";"12";"090401";"HUANCAVELICA";"CASTROVIRREYNA";"CASTROVIRREYNA";"GOBIERNO REGIONAL";"I-2";"00004005";"COCHA";"NE_0001";"";"NE_0001";"NE_0001";"NE_0001";"NE_0001";"NE_0001";"NE_0001";"NE_0001"
"2023";"12";"090406";"HUANCAVELICA";"CASTROVIRREYNA";"COCAS";"GOBIERNO REGIONAL";"I-2";"00004006";"COCAS";"NE_0001";"";"NE_0001";"NE_0001";"NE_0001";"NE_0001";"NE_0001";"NE_0001";"NE_0001"
"2023";"12";"090411";"HUANCAVELICA";"CASTROVIRREYNA";"SANTA ANA";"GOBIERNO REGIONAL";"I-1";"00004010";"SANTA ROSA";"NE_0001";"";"NE_0001";"NE_0001";"NE_0001";"NE_0001";"NE_0001";"NE_0001";"NE_0001"
"2023";"12";"090413";"HUANCAVELICA";"CASTROVIRREYNA";"TICRAPO";"GOBIERNO REGIONAL";"I-3";"00004012";"TICRAPO";"NE_0001";"";"NE_0001";"NE_0001";"NE_0001";"NE_0001";"NE_0001";"NE_0001";"NE_0001"
"2023";"12";"090409";"HUANCAVELICA";"CASTROVIRREYNA";"MOLLEPAMPA";"GOBIERNO REGIONAL";"I-1";"00004016";"CIUTAY";"NE_0001";"";"NE_0001";"NE_0001";"NE_0001";"NE_0001";"NE_0001";"NE_0001";"NE_0001"
"2023";"12";"090411";"HUANCAVELICA";"CASTROVIRREYNA";"SANTA ANA";"GOBIERNO REGIONAL";"I-2";"00004008";"SANTA ANA";"NE_0001";"";"NE_0001";"NE_0001";"NE_0001";"NE_0001";"NE_0001";"NE_0001";"NE_0001"
"2023";"12";"090409";"HUANCAVELICA";"CASTROVIRREYNA";"MOLLEPAMPA";"GOBIERNO REGIONAL";"I-2";"00004015";"MOLLEPAMPA";"NE_0001";"";"NE_0001";"NE_0001";"NE_0001";"NE_0001";"NE_0001";"NE_0001";"NE_0001"
"2023";"05";"250101";"UCAYALI";"CORONEL PORTILLO";"CALLERIA";"PRIVADO";"II-1";"00026079";"CLINICA JUAN PABLO II";"240000";"HOSPITALIZACIÓN";"11";"7";"14";"18";"4";"115";"0"
"2023";"05";"250101";"UCAYALI";"CORONEL PORTILLO";"CALLERIA";"PRIVADO";"II-1";"00026079";"CLINICA JUAN PABLO II";"240100";"HOSPITALIZACIÓN QUIRÚRGICA CIRUGÍA GENERAL ";"8";"10";"38";"36";"1";"46";"0"
"2023";"05";"250101";"UCAYALI";"CORONEL PORTILLO";"CALLERIA";"PRIVADO";"II-1";"00026079";"CLINICA JUAN PABLO II";"241400";"HOSPITALIZACIÓN QUIRÚRGICA GINECO - OBSTETRICIA ";"11";"11";"17";"17";"2";"63";"0"
"2023";"05";"250101";"UCAYALI";"CORONEL PORTILLO";"CALLERIA";"PRIVADO";"II-1";"00026079";"CLINICA JUAN PABLO II";"241800";"HOSPITALIZACIÓN DE MEDICINA MEDICINA GENERAL ";"10";"9";"22";"23";"2";"55";"0"
"2023";"05";"250101";"UCAYALI";"CORONEL PORTILLO";"CALLERIA";"PRIVADO";"II-1";"00026079";"CLINICA JUAN PABLO II";"242500";"HOSPITALIZACIÓN-PEDIATRÍA GENERAL-";"4";"7";"16";"13";"2";"62";"0"
"2023";"12";"120304";"JUNIN";"CHANCHAMAYO";"SAN LUIS DE SHUARO";"GOBIERNO REGIONAL";"I-1";"00000316";"SANTA HERMINIA BAJA";"NE_0001";"";"NE_0001";"NE_0001";"NE_0001";"NE_0001";"NE_0001";"NE_0001";"NE_0001"
"2023";"12";"120304";"JUNIN";"CHANCHAMAYO";"SAN LUIS DE SHUARO";"GOBIERNO REGIONAL";"I-3";"00000314";"SAN LUIS DE SHUARO";"NE_0001";"";"NE_0001";"NE_0001";"NE_0001";"NE_0001";"NE_0001";"NE_0001";"NE_0001"
"2023";"12";"120304";"JUNIN";"CHANCHAMAYO";"SAN LUIS DE SHUARO";"GOBIERNO REGIONAL";"I-3";"00000315";"SANCHIRIO PALOMAR";"NE_0001";"";"NE_0001";"NE_0001";"NE_0001";"NE_0001";"NE_0001";"NE_0001";"NE_0001"
"2023";"12";"120504";"JUNIN";"JUNIN";"ULCUMAYO";"GOBIERNO REGIONAL";"I-1";"00000317";"RAYMONDI";"NE_0001";"";"NE_0001";"NE_0001";"NE_0001";"NE_0001";"NE_0001";"NE_0001";"NE_0001"
"2023";"12";"120301";"JUNIN";"CHANCHAMAYO";"CHANCHAMAYO";"GOBIERNO REGIONAL";"I-2";"00000311";"VILLA PROGRESO";"NE_0001";"";"NE_0001";"NE_0001";"NE_0001";"NE_0001";"NE_0001";"NE_0001";"NE_0001"
"2023";"12";"120301";"JUNIN";"CHANCHAMAYO";"CHANCHAMAYO";"GOBIERNO REGIONAL";"I-1";"00000312";"PUEBLO PARDO";"NE_0001";"";"NE_0001";"NE_0001";"NE_0001";"NE_0001";"NE_0001";"NE_0001";"NE_0001"
"2023";"12";"040607";"AREQUIPA";"CONDESUYOS";"SALAMANCA";"GOBIERNO REGIONAL";"I-2";"00001412";"PUESTO DE SALUD SALAMANCA";"NE_0001";"";"NE_0001";"NE_0001";"NE_0001";"NE_0001";"NE_0001";"NE_0001";"NE_0001"
"2023";"12";"110507";"ICA";"PISCO";"SAN CLEMENTE";"ESSALUD";"I-3";"00027769";"CAP I SAN CLEMENTE";"NE_0001";"";"NE_0001";"NE_0001";"NE_0001";"NE_0001";"NE_0001";"NE_0001";"NE_0001"
"2023";"12";"040604";"AREQUIPA";"CONDESUYOS";"CHICHAS";"GOBIERNO REGIONAL";"I-1";"00001416";"YANQUE";"NE_0001";"";"NE_0001";"NE_0001";"NE_0001";"NE_0001";"NE_0001";"NE_0001";"NE_0001"
"2023";"12";"040601";"AREQUIPA";"CONDESUYOS";"CHUQUIBAMBA";"GOBIERNO REGIONAL";"I-4";"00001388";"CENTRO DE SALUD CHUQUIBAMBA";"241600";"HOSPITALIZACIÓN QUIRÚRGICA OBSTETRICIA   ";"1";"1";"1";"2";"3";"91";"0"
"2023";"12";"040608";"AREQUIPA";"CONDESUYOS";"YANAQUIHUA";"GOBIERNO REGIONAL";"I-3";"00001389";"CENTRO DE SALUD YANAQUIHUA";"NE_0001";"";"NE_0001";"NE_0001";"NE_0001";"NE_0001";"NE_0001";"NE_0001";"NE_0001"
"2023";"12";"040602";"AREQUIPA";"CONDESUYOS";"ANDARAY";"GOBIERNO REGIONAL";"I-2";"00001415";"PUESTO DE SALUD ANDARAY";"NE_0001";"";"NE_0001";"NE_0001";"NE_0001";"NE_0001";"NE_0001";"NE_0001";"NE_0001"
"2023";"12";"100801";"HUANUCO";"PACHITEA";"PANAO";"ESSALUD";"I-2";"00009958";"POSTA MEDICA PANAO";"NE_0001";"";"NE_0001";"NE_0001";"NE_0001";"NE_0001";"NE_0001";"NE_0001";"NE_0001"
"2023";"06";"220901";"SAN MARTIN";"SAN MARTIN";"TARAPOTO";"PRIVADO";"II-E";"00032615";"CLINICA RODRIGUEZ Y ESPECIALISTAS";"240100";"HOSPITALIZACIÓN QUIRÚRGICA CIRUGÍA GENERAL ";"32";"31";"94";"97";"8";"200";"0"
"2023";"09";"250105";"UCAYALI";"CORONEL PORTILLO";"YARINACOCHA";"GOBIERNO REGIONAL";"I-1";"00005544";"CLAS UNION ZAPOTILLO";"NE_0001";"";"NE_0001";"NE_0001";"NE_0001";"NE_0001";"NE_0001";"NE_0001";"NE_0001"
"2023";"09";"250105";"UCAYALI";"CORONEL PORTILLO";"YARINACOCHA";"GOBIERNO REGIONAL";"I-1";"00005543";"NUEVA LUZ DE FATIMA";"NE_0001";"";"NE_0001";"NE_0001";"NE_0001";"NE_0001";"NE_0001";"NE_0001";"NE_0001"
"2023";"09";"250105";"UCAYALI";"CORONEL PORTILLO";"YARINACOCHA";"GOBIERNO REGIONAL";"I-1";"00005542";"CLAS  DE SAN JUAN YARINACOCHA .";"NE_0001";"";"NE_0001";"NE_0001";"NE_0001";"NE_0001";"NE_0001";"NE_0001";"NE_0001"
"2023";"09";"250105";"UCAYALI";"CORONEL PORTILLO";"YARINACOCHA";"GOBIERNO REGIONAL";"I-1";"00005541";"PUESTO DE SALUD LEONCIO PRADO";"NE_0001";"";"NE_0001";"NE_0001";"NE_0001";"NE_0001";"NE_0001";"NE_0001";"NE_0001"
"2023";"09";"250105";"UCAYALI";"CORONEL PORTILLO";"YARINACOCHA";"GOBIERNO REGIONAL";"I-2";"00005538";"SAN FRANCISCO DE YARINACOCHA";"NE_0001";"";"NE_0001";"NE_0001";"NE_0001";"NE_0001";"NE_0001";"NE_0001";"NE_0001"
"2023";"09";"250105";"UCAYALI";"CORONEL PORTILLO";"YARINACOCHA";"GOBIERNO REGIONAL";"I-2";"00005536";"ESPERANZA DE PANAILLO";"NE_0001";"";"NE_0001";"NE_0001";"NE_0001";"NE_0001";"NE_0001";"NE_0001";"NE_0001"
"2023";"09";"250105";"UCAYALI";"CORONEL PORTILLO";"YARINACOCHA";"GOBIERNO REGIONAL";"I-2";"00005535";"CLAS SAN PABLO DE TUSHMO.";"NE_0001";"";"NE_0001";"NE_0001";"NE_0001";"NE_0001";"NE_0001";"NE_0001";"NE_0001"
"2023";"09";"250105";"UCAYALI";"CORONEL PORTILLO";"YARINACOCHA";"GOBIERNO REGIONAL";"I-3";"00005534";"SAN JOSE DE YARINACOCHA";"NE_0001";"";"NE_0001";"NE_0001";"NE_0001";"NE_0001";"NE_0001";"NE_0001";"NE_0001"
"2023";"09";"250303";"UCAYALI";"PADRE ABAD";"CURIMANA";"GOBIERNO REGIONAL";"I-1";"00005425";"ZORRILLOS";"NE_0001";"";"NE_0001";"NE_0001";"NE_0001";"NE_0001";"NE_0001";"NE_0001";"NE_0001"
"2023";"09";"250303";"UCAYALI";"PADRE ABAD";"CURIMANA";"GOBIERNO REGIONAL";"I-1";"00005424";"BELLO HORIZONTE";"NE_0001";"";"NE_0001";"NE_0001";"NE_0001";"NE_0001";"NE_0001";"NE_0001";"NE_0001"
"2023";"09";"250303";"UCAYALI";"PADRE ABAD";"CURIMANA";"GOBIERNO REGIONAL";"I-1";"00005423";"LAS MALVINAS.";"NE_0001";"";"NE_0001";"NE_0001";"NE_0001";"NE_0001";"NE_0001";"NE_0001";"NE_0001"
"2023";"09";"250303";"UCAYALI";"PADRE ABAD";"CURIMANA";"GOBIERNO REGIONAL";"I-3";"00005422";"CURIMANA";"NE_0001";"";"NE_0001";"NE_0001";"NE_0001";"NE_0001";"NE_0001";"NE_0001";"NE_0001"
"2023";"12";"150122";"LIMA";"LIMA";"MIRAFLORES";"PRIVADO";"II-2";"00008746";"CLINICA GOOD HOPE";"240000";"HOSPITALIZACIÓN";"535";"540";"1948";"2136";"138";"4278";"11"
"2023";"12";"040702";"AREQUIPA";"ISLAY";"COCACHACRA";"ESSALUD";"I-2";"00026367";"POSTA MEDICA CHUCARAPI";"NE_0001";"";"NE_0001";"NE_0001";"NE_0001";"NE_0001";"NE_0001";"NE_0001";"NE_0001"
"2023";"12";"060101";"CAJAMARCA";"CAJAMARCA";"CAJAMARCA";"GOBIERNO REGIONAL";"II-E";"00004655";"SIMON BOLIVAR";"241400";"HOSPITALIZACIÓN QUIRÚRGICA GINECO - OBSTETRICIA ";"307";"313";"517";"632";"21";"651";"0"
"2023";"12";"060101";"CAJAMARCA";"CAJAMARCA";"CAJAMARCA";"GOBIERNO REGIONAL";"II-E";"00004655";"SIMON BOLIVAR";"240100";"HOSPITALIZACIÓN QUIRÚRGICA CIRUGÍA GENERAL ";"52";"54";"148";"436";"15";"465";"0"
"2023";"12";"060101";"CAJAMARCA";"CAJAMARCA";"CAJAMARCA";"GOBIERNO REGIONAL";"II-E";"00004655";"SIMON BOLIVAR";"241800";"HOSPITALIZACIÓN DE MEDICINA MEDICINA GENERAL ";"60";"66";"205";"275";"10";"310";"0"
"2023";"12";"060101";"CAJAMARCA";"CAJAMARCA";"CAJAMARCA";"GOBIERNO REGIONAL";"II-E";"00004655";"SIMON BOLIVAR";"242300";"HOSPITALIZACIÓN DE PEDIATRÍA  PEDIATRÍA  GENERAL ";"237";"239";"386";"133";"5";"155";"0"
"2023";"11";"250101";"UCAYALI";"CORONEL PORTILLO";"CALLERIA";"GOBIERNO REGIONAL";"I-3";"00030785";"CENTRO DE SALUD MENTAL COMUNITARIO UNIVERSITARIO MAYUSHIN";"NE_0001";"";"NE_0001";"NE_0001";"NE_0001";"NE_0001";"NE_0001";"NE_0001";"NE_0001"
"2023";"11";"250101";"UCAYALI";"CORONEL PORTILLO";"CALLERIA";"GOBIERNO REGIONAL";"I-3";"00028683";"CENTRO DE SALUD MENTAL COMUNITARIO BENA MANATI";"NE_0001";"";"NE_0001";"NE_0001";"NE_0001";"NE_0001";"NE_0001";"NE_0001";"NE_0001"
"2023";"11";"250105";"UCAYALI";"CORONEL PORTILLO";"YARINACOCHA";"GOBIERNO REGIONAL";"I-1";"00013264";"SANIDAD AEREA";"NE_0001";"";"NE_0001";"NE_0001";"NE_0001";"NE_0001";"NE_0001";"NE_0001";"NE_0001"
"2023";"11";"250101";"UCAYALI";"CORONEL PORTILLO";"CALLERIA";"GOBIERNO REGIONAL";"I-3";"00005569";"CLAS TUPAC AMARU";"NE_0001";"";"NE_0001";"NE_0001";"NE_0001";"NE_0001";"NE_0001";"NE_0001";"NE_0001"
"2023";"11";"250101";"UCAYALI";"CORONEL PORTILLO";"CALLERIA";"GOBIERNO REGIONAL";"I-2";"00005568";"DOS DE MAYO";"NE_0001";"";"NE_0001";"NE_0001";"NE_0001";"NE_0001";"NE_0001";"NE_0001";"NE_0001"
"2023";"11";"250101";"UCAYALI";"CORONEL PORTILLO";"CALLERIA";"GOBIERNO REGIONAL";"I-3";"00005567";"JOSE OLAYA";"NE_0001";"";"NE_0001";"NE_0001";"NE_0001";"NE_0001";"NE_0001";"NE_0001";"NE_0001"
"2023";"11";"250105";"UCAYALI";"CORONEL PORTILLO";"YARINACOCHA";"GOBIERNO REGIONAL";"I-3";"00005566";"HUSARES DEL PERU.";"NE_0001";"";"NE_0001";"NE_0001";"NE_0001";"NE_0001";"NE_0001";"NE_0001";"NE_0001"
"2023";"12";"150103";"LIMA";"LIMA";"ATE";"MINSA";"II-E";"00028025";"HOSPITAL EMERGENCIA ATE VITARTE";"241900";"HOSPITALIZACIÓN DE MEDICINA MEDICINA INTERNA ";"64";"70";"1185";"541";"40";"1240";"9"
"2023";"12";"150103";"LIMA";"LIMA";"ATE";"MINSA";"II-E";"00028025";"HOSPITAL EMERGENCIA ATE VITARTE";"242300";"HOSPITALIZACIÓN DE PEDIATRÍA  PEDIATRÍA  GENERAL ";"47";"48";"216";"221";"22";"682";"0"
"2023";"12";"150103";"LIMA";"LIMA";"ATE";"MINSA";"II-E";"00028025";"HOSPITAL EMERGENCIA ATE VITARTE";"240100";"HOSPITALIZACIÓN QUIRÚRGICA CIRUGÍA GENERAL ";"45";"39";"389";"350";"29";"899";"0"
"2023";"12";"040101";"AREQUIPA";"AREQUIPA";"AREQUIPA";"GOBIERNO REGIONAL";"III-1";"00001232";"HOSPITAL GOYENECHE";"241900";"HOSPITALIZACIÓN DE MEDICINA MEDICINA INTERNA ";"74";"76";"972";"850";"53";"1643";"8"
"2023";"12";"040101";"AREQUIPA";"AREQUIPA";"AREQUIPA";"GOBIERNO REGIONAL";"III-1";"00001232";"HOSPITAL GOYENECHE";"240100";"HOSPITALIZACIÓN QUIRÚRGICA CIRUGÍA GENERAL ";"90";"105";"534";"571";"48";"1488";"0"
"2023";"12";"040101";"AREQUIPA";"AREQUIPA";"AREQUIPA";"GOBIERNO REGIONAL";"III-1";"00001232";"HOSPITAL GOYENECHE";"240000";"HOSPITALIZACIÓN";"46";"57";"692";"653";"30";"930";"1"
"2023";"12";"040101";"AREQUIPA";"AREQUIPA";"AREQUIPA";"GOBIERNO REGIONAL";"III-1";"00001232";"HOSPITAL GOYENECHE";"242100";"HOSPITALIZACIÓN DE MEDICINA ONCOLOGÍA MÉDICA ";"47";"52";"216";"211";"22";"682";"0"
"2023";"12";"040101";"AREQUIPA";"AREQUIPA";"AREQUIPA";"GOBIERNO REGIONAL";"III-1";"00001232";"HOSPITAL GOYENECHE";"242500";"HOSPITALIZACIÓN-PEDIATRÍA GENERAL-";"56";"68";"271";"208";"23";"713";"0"
"2023";"12";"040101";"AREQUIPA";"AREQUIPA";"AREQUIPA";"GOBIERNO REGIONAL";"III-1";"00001232";"HOSPITAL GOYENECHE";"240700";"HOSPITALIZACIÓN QUIRÚRGICA CIRUGÍA PEDIÁTRICA ";"21";"23";"106";"124";"7";"217";"0"
"2023";"12";"040101";"AREQUIPA";"AREQUIPA";"AREQUIPA";"GOBIERNO REGIONAL";"III-1";"00001232";"HOSPITAL GOYENECHE";"243200";"HOSPITALIZACIÓN DE PEDIATRÍA PEDIATRIA NEONATOLOGÍA";"88";"101";"600";"402";"15";"465";"0"
"2023";"12";"040101";"AREQUIPA";"AREQUIPA";"AREQUIPA";"GOBIERNO REGIONAL";"III-1";"00001232";"HOSPITAL GOYENECHE";"241500";"HOSPITALIZACIÓN QUIRÚRGICA GINECOLOGÍA  ";"131";"139";"350";"293";"22";"682";"0"
"2023";"12";"040101";"AREQUIPA";"AREQUIPA";"AREQUIPA";"GOBIERNO REGIONAL";"III-1";"00001232";"HOSPITAL GOYENECHE";"241600";"HOSPITALIZACIÓN QUIRÚRGICA OBSTETRICIA   ";"200";"211";"505";"477";"32";"992";"0"
"2023";"12";"040101";"AREQUIPA";"AREQUIPA";"AREQUIPA";"GOBIERNO REGIONAL";"III-1";"00001232";"HOSPITAL GOYENECHE";"250100";"UNIDAD DE CUIDADOS CRITICOS UNIDAD  DE CUIDADOS INTENSIVOS GENERALES (UCI) ";"4";"0";"0";"171";"6";"186";"0"
"2023";"12";"040101";"AREQUIPA";"AREQUIPA";"AREQUIPA";"GOBIERNO REGIONAL";"III-1";"00001232";"HOSPITAL GOYENECHE";"250105";"UNIDAD DE CUIDADOS CRITICOS UNIDAD  DE CUIDADOS INTENSIVOS  (UCI) NEONATOLOGÍA";"4";"1";"25";"71";"6";"186";"1"
"2023";"12";"150141";"LIMA";"LIMA";"SURQUILLO";"MINSA";"III-2";"00006210";"INSTITUTO NACIONAL DE ENFERMEDADES NEOPLASICAS";"250000";"UNIDAD DE CUIDADOS CRITICOS  ";"0";"8";"191";"191";"6";"837";"8"
"2023";"12";"150141";"LIMA";"LIMA";"SURQUILLO";"MINSA";"III-2";"00006210";"INSTITUTO NACIONAL DE ENFERMEDADES NEOPLASICAS";"241000";"HOSPITALIZACIÓN QUIRÚRGICA ONCOLOGÍA QUIRÚRGICA  ";"296";"385";"3415";"3415";"132";"4092";"3"
"2023";"12";"150141";"LIMA";"LIMA";"SURQUILLO";"MINSA";"III-2";"00006210";"INSTITUTO NACIONAL DE ENFERMEDADES NEOPLASICAS";"243600";"HOSPITALIZACIÓN DE PEDIATRÍA PEDIATRIA ONCOLOGÍA PEDIÁTRICA";"6";"40";"1651";"1651";"38";"1705";"3"
"2023";"12";"150141";"LIMA";"LIMA";"SURQUILLO";"MINSA";"III-2";"00006210";"INSTITUTO NACIONAL DE ENFERMEDADES NEOPLASICAS";"242100";"HOSPITALIZACIÓN DE MEDICINA ONCOLOGÍA MÉDICA ";"68";"158";"3710";"3710";"108";"4278";"8"
"2023";"12";"150141";"LIMA";"LIMA";"SURQUILLO";"MINSA";"III-2";"00006210";"INSTITUTO NACIONAL DE ENFERMEDADES NEOPLASICAS";"241700";"HOSPITALIZACIÓN QUIRÚRGICA GINECOLOGÍA   GINECOLOGIA ONCOLOGiCA";"58";"77";"595";"595";"19";"620";"2"
"2023";"12";"081003";"CUSCO";"PARURO";"CCAPI";"GOBIERNO REGIONAL";"I-2";"00002501";"CCAPI";"NE_0002";"";"NE_0002";"NE_0002";"NE_0002";"NE_0002";"NE_0002";"NE_0002";"NE_0002"
"2023";"12";"081003";"CUSCO";"PARURO";"CCAPI";"GOBIERNO REGIONAL";"I-2";"00002502";"CCOYABAMBA";"NE_0002";"";"NE_0002";"NE_0002";"NE_0002";"NE_0002";"NE_0002";"NE_0002";"NE_0002"
"2023";"12";"081005";"CUSCO";"PARURO";"HUANOQUITE";"GOBIERNO REGIONAL";"I-2";"00002504";"HUANOQUITE";"NE_0002";"";"NE_0002";"NE_0002";"NE_0002";"NE_0002";"NE_0002";"NE_0002";"NE_0002"
"2023";"12";"081004";"CUSCO";"PARURO";"COLCHA";"GOBIERNO REGIONAL";"I-1";"00006978";"CCOCHIRIHUAY";"NE_0002";"";"NE_0002";"NE_0002";"NE_0002";"NE_0002";"NE_0002";"NE_0002";"NE_0002"
"2023";"12";"081006";"CUSCO";"PARURO";"OMACHA";"GOBIERNO REGIONAL";"I-2";"00002506";"ANTAPALLPA";"NE_0002";"";"NE_0002";"NE_0002";"NE_0002";"NE_0002";"NE_0002";"NE_0002";"NE_0002"
"2023";"12";"081007";"CUSCO";"PARURO";"PACCARITAMBO";"GOBIERNO REGIONAL";"I-2";"00002507";"PACCARECTAMBO";"NE_0002";"";"NE_0002";"NE_0002";"NE_0002";"NE_0002";"NE_0002";"NE_0002";"NE_0002"
"2023";"12";"081006";"CUSCO";"PARURO";"OMACHA";"GOBIERNO REGIONAL";"I-1";"00012924";"SAHUA SAHUA";"NE_0002";"";"NE_0002";"NE_0002";"NE_0002";"NE_0002";"NE_0002";"NE_0002";"NE_0002"
"2023";"12";"081006";"CUSCO";"PARURO";"OMACHA";"GOBIERNO REGIONAL";"I-2";"00002505";"OMACHA";"NE_0002";"";"NE_0002";"NE_0002";"NE_0002";"NE_0002";"NE_0002";"NE_0002";"NE_0002"
"2023";"12";"081009";"CUSCO";"PARURO";"YAURISQUE";"GOBIERNO REGIONAL";"I-3";"00002509";"YAURISQUE";"NE_0002";"";"NE_0002";"NE_0002";"NE_0002";"NE_0002";"NE_0002";"NE_0002";"NE_0002"
"2023";"12";"081002";"CUSCO";"PARURO";"ACCHA";"GOBIERNO REGIONAL";"I-3";"00002500";"ACCHA";"NE_0002";"";"NE_0002";"NE_0002";"NE_0002";"NE_0002";"NE_0002";"NE_0002";"NE_0002"
"2023";"12";"081004";"CUSCO";"PARURO";"COLCHA";"GOBIERNO REGIONAL";"I-1";"00002503";"COLCHA";"NE_0002";"";"NE_0002";"NE_0002";"NE_0002";"NE_0002";"NE_0002";"NE_0002";"NE_0002"
"2023";"12";"081006";"CUSCO";"PARURO";"OMACHA";"GOBIERNO REGIONAL";"I-2";"00007147";"PUESTO DE SALUD DE HUASQUILLAY";"NE_0002";"";"NE_0002";"NE_0002";"NE_0002";"NE_0002";"NE_0002";"NE_0002";"NE_0002"
"2023";"12";"081001";"CUSCO";"PARURO";"PARURO";"GOBIERNO REGIONAL";"I-4";"00002499";"PARURO";"NE_0002";"";"NE_0002";"NE_0002";"NE_0002";"NE_0002";"NE_0002";"NE_0002";"NE_0002"
"2023";"12";"140101";"LAMBAYEQUE";"CHICLAYO";"CHICLAYO";"PRIVADO";"II-E";"00008730";"BM CLINICA";"240000";"HOSPITALIZACIÓN";"27";"25";"70";"27";"10";"310";"0"
"2023";"12";"140101";"LAMBAYEQUE";"CHICLAYO";"CHICLAYO";"PRIVADO";"II-E";"00008730";"BM CLINICA";"250000";"UNIDAD DE CUIDADOS CRITICOS  ";"0";"0";"61";"1";"4";"124";"0"
"2023";"12";"250101";"UCAYALI";"CORONEL PORTILLO";"CALLERIA";"ESSALUD";"II-2";"00009600";"HOSPITAL II PUCALLPA- ESSALUD";"241800";"HOSPITALIZACIÓN DE MEDICINA MEDICINA GENERAL ";"171";"150";"1271";"1232";"50";"1550";"6"
"2023";"12";"250101";"UCAYALI";"CORONEL PORTILLO";"CALLERIA";"ESSALUD";"II-2";"00009600";"HOSPITAL II PUCALLPA- ESSALUD";"250300";"UNIDAD DE CUIDADOS CRITICOS UNIDAD DE VIGILANCIA INTENSIVA  CLINICA (UVIC) ";"15";"2";"70";"142";"7";"217";"2"
"2023";"12";"250101";"UCAYALI";"CORONEL PORTILLO";"CALLERIA";"ESSALUD";"II-2";"00009600";"HOSPITAL II PUCALLPA- ESSALUD";"240100";"HOSPITALIZACIÓN QUIRÚRGICA CIRUGÍA GENERAL ";"270";"282";"1161";"1049";"48";"1488";"0"
"2023";"12";"250101";"UCAYALI";"CORONEL PORTILLO";"CALLERIA";"ESSALUD";"II-2";"00009600";"HOSPITAL II PUCALLPA- ESSALUD";"241600";"HOSPITALIZACIÓN QUIRÚRGICA OBSTETRICIA   ";"156";"159";"308";"360";"18";"558";"0"
"2023";"12";"250101";"UCAYALI";"CORONEL PORTILLO";"CALLERIA";"ESSALUD";"II-2";"00009600";"HOSPITAL II PUCALLPA- ESSALUD";"241500";"HOSPITALIZACIÓN QUIRÚRGICA GINECOLOGÍA  ";"70";"76";"253";"189";"12";"372";"0"
"2023";"12";"250101";"UCAYALI";"CORONEL PORTILLO";"CALLERIA";"ESSALUD";"II-2";"00009600";"HOSPITAL II PUCALLPA- ESSALUD";"242300";"HOSPITALIZACIÓN DE PEDIATRÍA  PEDIATRÍA  GENERAL ";"62";"64";"202";"208";"15";"465";"0"
"2023";"12";"250101";"UCAYALI";"CORONEL PORTILLO";"CALLERIA";"ESSALUD";"II-2";"00009600";"HOSPITAL II PUCALLPA- ESSALUD";"243200";"HOSPITALIZACIÓN DE PEDIATRÍA PEDIATRIA NEONATOLOGÍA";"16";"19";"35";"68";"5";"155";"0"
"2023";"12";"080104";"CUSCO";"CUSCO";"SAN JERONIMO";"GOBIERNO REGIONAL";"0";"00030727";"PATRÓN SAN SEBASTIAN";"NE_0001";"";"NE_0001";"NE_0001";"NE_0001";"NE_0001";"NE_0001";"NE_0001";"NE_0001"
"2023";"12";"250102";"UCAYALI";"CORONEL PORTILLO";"CAMPOVERDE";"ESSALUD";"I-2";"00031881";"POSTA MEDICA-CAMPOVERDE-ESSALUD";"NE_0001";"";"NE_0001";"NE_0001";"NE_0001";"NE_0001";"NE_0001";"NE_0001";"NE_0001"
"2023";"12";"150141";"LIMA";"LIMA";"SURQUILLO";"PRIVADO";"II-1";"00009645";"INVERSIONES GENERALES SALOMON S.A.";"NE_0001";"";"NE_0001";"NE_0001";"NE_0001";"NE_0001";"NE_0001";"NE_0001";"NE_0001"
"2023";"12";"150112";"LIMA";"LIMA";"INDEPENDENCIA";"PRIVADO";"II-2";"00010182";"CLINICA JESUS DEL NORTE";"240000";"HOSPITALIZACIÓN";"461";"495";"1297";"1661";"73";"2263";"1"
"2023";"12";"150112";"LIMA";"LIMA";"INDEPENDENCIA";"PRIVADO";"II-2";"00010182";"CLINICA JESUS DEL NORTE";"250100";"UNIDAD DE CUIDADOS CRITICOS UNIDAD  DE CUIDADOS INTENSIVOS GENERALES (UCI) ";"47";"44";"88";"123";"7";"217";"3"
"2023";"12";"120404";"JUNIN";"JAUJA";"ATAURA";"GOBIERNO REGIONAL";"I-1";"00000367";"ATAURA";"NE_0002";"";"NE_0002";"NE_0002";"NE_0002";"NE_0002";"NE_0002";"NE_0002";"NE_0002"
"2023";"12";"120423";"JUNIN";"JAUJA";"PACCHA";"GOBIERNO REGIONAL";"I-1";"00000372";"MASAJCANCHA";"NE_0002";"";"NE_0002";"NE_0002";"NE_0002";"NE_0002";"NE_0002";"NE_0002";"NE_0002"
"2023";"12";"120430";"JUNIN";"JAUJA";"SAUSA";"GOBIERNO REGIONAL";"I-1";"00000376";"SAUSA";"NE_0002";"";"NE_0002";"NE_0002";"NE_0002";"NE_0002";"NE_0002";"NE_0002";"NE_0002"
"2023";"12";"120434";"JUNIN";"JAUJA";"YAUYOS";"GOBIERNO REGIONAL";"I-3";"00000377";"YAUYOS";"NE_0002";"";"NE_0002";"NE_0002";"NE_0002";"NE_0002";"NE_0002";"NE_0002";"NE_0002"
"2023";"12";"120410";"JUNIN";"JAUJA";"HUERTAS";"GOBIERNO REGIONAL";"I-1";"00000368";"HUERTAS";"NE_0002";"";"NE_0002";"NE_0002";"NE_0002";"NE_0002";"NE_0002";"NE_0002";"NE_0002"
"2023";"12";"120422";"JUNIN";"JAUJA";"PACA";"GOBIERNO REGIONAL";"I-2";"00000369";"PACA";"NE_0002";"";"NE_0002";"NE_0002";"NE_0002";"NE_0002";"NE_0002";"NE_0002";"NE_0002"
"2023";"12";"060801";"CAJAMARCA";"JAEN";"JAEN";"PRIVADO";"I-3";"00030976";"CENTRO MEDICO SALUD & VIAL JAEN";"NE_0001";"";"NE_0001";"NE_0001";"NE_0001";"NE_0001";"NE_0001";"NE_0001";"NE_0001"
"2023";"12";"150133";"LIMA";"LIMA";"SAN JUAN DE MIRAFLORES";"PRIVADO";"II-E";"00028244";"CLINICA SAGRADA FAMILIA DEL SUR";"240000";"HOSPITALIZACIÓN";"18";"18";"39";"32";"6";"24";"0"
"2023";"12";"030601";"APURIMAC";"CHINCHEROS";"CHINCHEROS";"GOBIERNO REGIONAL";"II-1";"00004140";"HOSPITAL CHINCHEROS";"240100";"HOSPITALIZACIÓN QUIRÚRGICA CIRUGÍA GENERAL ";"4";"4";"25";"25";"7";"217";"0"
"2023";"12";"030601";"APURIMAC";"CHINCHEROS";"CHINCHEROS";"GOBIERNO REGIONAL";"II-1";"00004140";"HOSPITAL CHINCHEROS";"241500";"HOSPITALIZACIÓN QUIRÚRGICA GINECOLOGÍA  ";"15";"15";"25";"25";"4";"124";"0"
"2023";"12";"030601";"APURIMAC";"CHINCHEROS";"CHINCHEROS";"GOBIERNO REGIONAL";"II-1";"00004140";"HOSPITAL CHINCHEROS";"241600";"HOSPITALIZACIÓN QUIRÚRGICA OBSTETRICIA   ";"16";"20";"63";"63";"6";"186";"0"
"2023";"12";"030601";"APURIMAC";"CHINCHEROS";"CHINCHEROS";"GOBIERNO REGIONAL";"II-1";"00004140";"HOSPITAL CHINCHEROS";"241800";"HOSPITALIZACIÓN DE MEDICINA MEDICINA GENERAL ";"9";"10";"31";"31";"13";"403";"0"
"2023";"12";"030601";"APURIMAC";"CHINCHEROS";"CHINCHEROS";"GOBIERNO REGIONAL";"II-1";"00004140";"HOSPITAL CHINCHEROS";"242200";"HOSPITALIZACIÓN DE MEDICINA PSIQUIATRÍA ";"2";"4";"66";"66";"9";"279";"0"
"2023";"12";"030601";"APURIMAC";"CHINCHEROS";"CHINCHEROS";"GOBIERNO REGIONAL";"II-1";"00004140";"HOSPITAL CHINCHEROS";"242500";"HOSPITALIZACIÓN-PEDIATRÍA GENERAL-";"2";"2";"4";"4";"3";"93";"0"
"2023";"12";"030601";"APURIMAC";"CHINCHEROS";"CHINCHEROS";"GOBIERNO REGIONAL";"II-1";"00004140";"HOSPITAL CHINCHEROS";"243200";"HOSPITALIZACIÓN DE PEDIATRÍA PEDIATRIA NEONATOLOGÍA";"3";"3";"10";"10";"2";"62";"0"
"2023";"12";"120707";"JUNIN";"TARMA";"PALCAMAYO";"GOBIERNO REGIONAL";"I-1";"00000530";"RICRICAN CAUQUIRAN";"NE_0001";"";"NE_0001";"NE_0001";"NE_0001";"NE_0001";"NE_0001";"NE_0001";"NE_0001"
"2023";"11";"230101";"TACNA";"TACNA";"TACNA";"GOBIERNO REGIONAL";"II-2";"00002864";"HOSPITAL HIPOLITO UNANUE DE TACNA";"240100";"HOSPITALIZACIÓN QUIRÚRGICA CIRUGÍA GENERAL ";"195";"153";"741";"1144";"39";"1170";"2"
"2023";"11";"230101";"TACNA";"TACNA";"TACNA";"GOBIERNO REGIONAL";"II-2";"00002864";"HOSPITAL HIPOLITO UNANUE DE TACNA";"240700";"HOSPITALIZACIÓN QUIRÚRGICA CIRUGÍA PEDIÁTRICA ";"25";"19";"74";"170";"10";"300";"1"
"2023";"11";"230101";"TACNA";"TACNA";"TACNA";"GOBIERNO REGIONAL";"II-2";"00002864";"HOSPITAL HIPOLITO UNANUE DE TACNA";"241400";"HOSPITALIZACIÓN QUIRÚRGICA GINECO - OBSTETRICIA ";"227";"187";"596";"615";"46";"1380";"0"
"2023";"11";"230101";"TACNA";"TACNA";"TACNA";"GOBIERNO REGIONAL";"II-2";"00002864";"HOSPITAL HIPOLITO UNANUE DE TACNA";"241500";"HOSPITALIZACIÓN QUIRÚRGICA GINECOLOGÍA  ";"103";"96";"142";"147";"8";"240";"0"
"2023";"11";"230101";"TACNA";"TACNA";"TACNA";"GOBIERNO REGIONAL";"II-2";"00002864";"HOSPITAL HIPOLITO UNANUE DE TACNA";"241900";"HOSPITALIZACIÓN DE MEDICINA MEDICINA INTERNA ";"197";"139";"629";"1102";"41";"1230";"20"
"2023";"11";"230101";"TACNA";"TACNA";"TACNA";"GOBIERNO REGIONAL";"II-2";"00002864";"HOSPITAL HIPOLITO UNANUE DE TACNA";"242200";"HOSPITALIZACIÓN DE MEDICINA PSIQUIATRÍA ";"22";"30";"25";"345";"16";"480";"0"
"2023";"11";"230101";"TACNA";"TACNA";"TACNA";"GOBIERNO REGIONAL";"II-2";"00002864";"HOSPITAL HIPOLITO UNANUE DE TACNA";"242300";"HOSPITALIZACIÓN DE PEDIATRÍA  PEDIATRÍA  GENERAL ";"47";"36";"121";"198";"10";"300";"0"
"2023";"11";"230101";"TACNA";"TACNA";"TACNA";"GOBIERNO REGIONAL";"II-2";"00002864";"HOSPITAL HIPOLITO UNANUE DE TACNA";"243200";"HOSPITALIZACIÓN DE PEDIATRÍA PEDIATRIA NEONATOLOGÍA";"186";"85";"250";"268";"10";"300";"2"
"2023";"11";"230101";"TACNA";"TACNA";"TACNA";"GOBIERNO REGIONAL";"II-2";"00002864";"HOSPITAL HIPOLITO UNANUE DE TACNA";"245300";"HOSPITALIZACIÓN DE MEDICINA NEUMOLOGÍA  ";"17";"12";"94";"225";"8";"240";"2"
"2023";"11";"230101";"TACNA";"TACNA";"TACNA";"GOBIERNO REGIONAL";"II-2";"00002864";"HOSPITAL HIPOLITO UNANUE DE TACNA";"250100";"UNIDAD DE CUIDADOS CRITICOS UNIDAD  DE CUIDADOS INTENSIVOS GENERALES (UCI) ";"2";"4";"8";"114";"6";"180";"1"
"2023";"11";"230101";"TACNA";"TACNA";"TACNA";"GOBIERNO REGIONAL";"II-2";"00002864";"HOSPITAL HIPOLITO UNANUE DE TACNA";"250400";"UNIDAD DE CUIDADOS CRITICOS UNIDAD DE QUEMADOS (GRAN QUEMADO) ";"11";"4";"14";"26";"3";"90";"0"
"2023";"11";"120201";"JUNIN";"CONCEPCION";"CONCEPCION";"GOBIERNO REGIONAL";"II-E";"00027857";"INSTITUTO REGIONAL DE ENFERMEDADES NEOPLÁSICAS DEL CENTRO - IREN CENTRO";"242100";"HOSPITALIZACIÓN DE MEDICINA ONCOLOGÍA MÉDICA ";"125";"118";"889";"668";"25";"750";"17"
"2023";"11";"120201";"JUNIN";"CONCEPCION";"CONCEPCION";"GOBIERNO REGIONAL";"II-E";"00027857";"INSTITUTO REGIONAL DE ENFERMEDADES NEOPLÁSICAS DEL CENTRO - IREN CENTRO";"241000";"HOSPITALIZACIÓN QUIRÚRGICA ONCOLOGÍA QUIRÚRGICA  ";"82";"69";"495";"446";"20";"600";"0"
"2023";"11";"120201";"JUNIN";"CONCEPCION";"CONCEPCION";"GOBIERNO REGIONAL";"II-E";"00027857";"INSTITUTO REGIONAL DE ENFERMEDADES NEOPLÁSICAS DEL CENTRO - IREN CENTRO";"250100";"UNIDAD DE CUIDADOS CRITICOS UNIDAD  DE CUIDADOS INTENSIVOS GENERALES (UCI) ";"10";"8";"116";"82";"4";"120";"2"
"2023";"11";"120201";"JUNIN";"CONCEPCION";"CONCEPCION";"GOBIERNO REGIONAL";"II-E";"00027857";"INSTITUTO REGIONAL DE ENFERMEDADES NEOPLÁSICAS DEL CENTRO - IREN CENTRO";"250200";"UNIDAD DE CUIDADOS CRITICOS UNIDAD DE CUIDADOS INTERMEDIOS GENERAL  (UCIN) ";"10";"8";"51";"63";"3";"90";"4"
"2023";"11";"080701";"CUSCO";"CHUMBIVILCAS";"SANTO TOMAS";"GOBIERNO REGIONAL";"I-1";"00006981";"CCOYO";"NE_0001";"";"NE_0001";"NE_0001";"NE_0001";"NE_0001";"NE_0001";"NE_0001";"NE_0001"
"2023";"11";"080701";"CUSCO";"CHUMBIVILCAS";"SANTO TOMAS";"GOBIERNO REGIONAL";"I-1";"00006982";"MELLOTOTORA";"NE_0001";"";"NE_0001";"NE_0001";"NE_0001";"NE_0001";"NE_0001";"NE_0001";"NE_0001"
"2023";"11";"080706";"CUSCO";"CHUMBIVILCAS";"LLUSCO";"GOBIERNO REGIONAL";"I-2";"00006748";"COLLPA";"NE_0001";"";"NE_0001";"NE_0001";"NE_0001";"NE_0001";"NE_0001";"NE_0001";"NE_0001"
"2023";"11";"080701";"CUSCO";"CHUMBIVILCAS";"SANTO TOMAS";"GOBIERNO REGIONAL";"I-2";"00006746";"LLIQUE";"NE_0001";"";"NE_0001";"NE_0001";"NE_0001";"NE_0001";"NE_0001";"NE_0001";"NE_0001"
"2023";"11";"080701";"CUSCO";"CHUMBIVILCAS";"SANTO TOMAS";"GOBIERNO REGIONAL";"I-1";"00007111";"YAVINA";"NE_0001";"";"NE_0001";"NE_0001";"NE_0001";"NE_0001";"NE_0001";"NE_0001";"NE_0001"
"2023";"11";"080701";"CUSCO";"CHUMBIVILCAS";"SANTO TOMAS";"GOBIERNO REGIONAL";"I-2";"00008915";"PFULLPURI CONDEPAMPA";"NE_0001";"";"NE_0001";"NE_0001";"NE_0001";"NE_0001";"NE_0001";"NE_0001";"NE_0001"
"2023";"11";"080701";"CUSCO";"CHUMBIVILCAS";"SANTO TOMAS";"GOBIERNO REGIONAL";"I-1";"00006983";"ORCCOMA";"NE_0001";"";"NE_0001";"NE_0001";"NE_0001";"NE_0001";"NE_0001";"NE_0001";"NE_0001"
"2023";"11";"080707";"CUSCO";"CHUMBIVILCAS";"QUIÑOTA";"GOBIERNO REGIONAL";"I-1";"00007112";"YORENCCA";"NE_0001";"";"NE_0001";"NE_0001";"NE_0001";"NE_0001";"NE_0001";"NE_0001";"NE_0001"
"2023";"11";"080704";"CUSCO";"CHUMBIVILCAS";"COLQUEMARCA";"GOBIERNO REGIONAL";"I-1";"00008913";"HUARACO";"NE_0001";"";"NE_0001";"NE_0001";"NE_0001";"NE_0001";"NE_0001";"NE_0001";"NE_0001"
"2023";"11";"080701";"CUSCO";"CHUMBIVILCAS";"SANTO TOMAS";"GOBIERNO REGIONAL";"I-2";"00002400";"ALHUACCHULLO";"NE_0001";"";"NE_0001";"NE_0001";"NE_0001";"NE_0001";"NE_0001";"NE_0001";"NE_0001"
"2023";"11";"060101";"CAJAMARCA";"CAJAMARCA";"CAJAMARCA";"PRIVADO";"II-1";"00012761";"CLINICA SAN LORENZO S.R.L.";"240100";"HOSPITALIZACIÓN QUIRÚRGICA CIRUGÍA GENERAL ";"2";"2";"3";"5";"16";"480";"0"
"2023";"11";"060101";"CAJAMARCA";"CAJAMARCA";"CAJAMARCA";"PRIVADO";"II-1";"00012761";"CLINICA SAN LORENZO S.R.L.";"240200";"HOSPITALIZACIÓN QUIRÚRGICA CIRUGÍA DE CABEZA Y CUELLO / MÁXILO FACIAL ";"1";"1";"1";"2";"16";"480";"0"
"2023";"11";"060101";"CAJAMARCA";"CAJAMARCA";"CAJAMARCA";"PRIVADO";"II-1";"00012761";"CLINICA SAN LORENZO S.R.L.";"240300";"HOSPITALIZACIÓN QUIRÚRGICA CIRUGÍA DIGESTIVA ";"11";"11";"18";"29";"16";"480";"0"
"2023";"11";"060101";"CAJAMARCA";"CAJAMARCA";"CAJAMARCA";"PRIVADO";"II-1";"00012761";"CLINICA SAN LORENZO S.R.L.";"240400";"HOSPITALIZACIÓN QUIRÚRGICA CIRUGÍA DE TÓRAX Y CARDIOVASCULAR ";"2";"2";"2";"4";"16";"480";"0"
"2023";"11";"060101";"CAJAMARCA";"CAJAMARCA";"CAJAMARCA";"PRIVADO";"II-1";"00012761";"CLINICA SAN LORENZO S.R.L.";"240801";"HOSPITALIZACIÓN QUIRÚRGICA CIRUGÍA PLÁSTICA/RECONSTRUCTIVA/ REPARADORA QUEMADOS";"2";"2";"2";"4";"16";"480";"0"
"2023";"11";"060101";"CAJAMARCA";"CAJAMARCA";"CAJAMARCA";"PRIVADO";"II-1";"00012761";"CLINICA SAN LORENZO S.R.L.";"241000";"HOSPITALIZACIÓN QUIRÚRGICA ONCOLOGÍA QUIRÚRGICA  ";"9";"9";"35";"44";"16";"480";"0"
"2023";"11";"060101";"CAJAMARCA";"CAJAMARCA";"CAJAMARCA";"PRIVADO";"II-1";"00012761";"CLINICA SAN LORENZO S.R.L.";"241100";"HOSPITALIZACIÓN QUIRÚRGICA OTORRINOLARINGOLOGÍA  ";"1";"1";"1";"2";"16";"480";"0"
"2023";"11";"060101";"CAJAMARCA";"CAJAMARCA";"CAJAMARCA";"PRIVADO";"II-1";"00012761";"CLINICA SAN LORENZO S.R.L.";"241200";"HOSPITALIZACIÓN QUIRÚRGICA TRAUMATOLOGÍA Y ORTOPEDIA ";"17";"17";"21";"38";"16";"480";"0"
"2023";"11";"060101";"CAJAMARCA";"CAJAMARCA";"CAJAMARCA";"PRIVADO";"II-1";"00012761";"CLINICA SAN LORENZO S.R.L.";"241300";"HOSPITALIZACIÓN QUIRÚRGICA UROLOGÍA  ";"8";"8";"8";"13";"16";"480";"0"
"2023";"11";"060101";"CAJAMARCA";"CAJAMARCA";"CAJAMARCA";"PRIVADO";"II-1";"00012761";"CLINICA SAN LORENZO S.R.L.";"241500";"HOSPITALIZACIÓN QUIRÚRGICA GINECOLOGÍA  ";"1";"1";"1";"2";"16";"480";"0"
"2023";"11";"060101";"CAJAMARCA";"CAJAMARCA";"CAJAMARCA";"PRIVADO";"II-1";"00012761";"CLINICA SAN LORENZO S.R.L.";"241800";"HOSPITALIZACIÓN DE MEDICINA MEDICINA GENERAL ";"1";"1";"2";"3";"16";"480";"0"
"2023";"11";"130101";"LA LIBERTAD";"TRUJILLO";"TRUJILLO";"PRIVADO";"II-E";"00008044";"OFTALMOVISION";"NE_0001";"";"NE_0001";"NE_0001";"NE_0001";"NE_0001";"NE_0001";"NE_0001";"NE_0001"
"2023";"11";"080902";"CUSCO";"LA CONVENCION";"ECHARATE";"GOBIERNO REGIONAL";"I-1";"00002451";"CHAHUARES";"NE_0001";"";"NE_0001";"NE_0001";"NE_0001";"NE_0001";"NE_0001";"NE_0001";"NE_0001"
"2023";"11";"080901";"CUSCO";"LA CONVENCION";"SANTA ANA";"GOBIERNO REGIONAL";"I-1";"00002423";"IDMA";"NE_0001";"";"NE_0001";"NE_0001";"NE_0001";"NE_0001";"NE_0001";"NE_0001";"NE_0001"
"2023";"11";"080902";"CUSCO";"LA CONVENCION";"ECHARATE";"GOBIERNO REGIONAL";"I-2";"00002430";"PAMPA CONCEPCION";"NE_0001";"";"NE_0001";"NE_0001";"NE_0001";"NE_0001";"NE_0001";"NE_0001";"NE_0001"
"2023";"11";"080901";"CUSCO";"LA CONVENCION";"SANTA ANA";"GOBIERNO REGIONAL";"I-3";"00015842";"PAVAYOC";"NE_0001";"";"NE_0001";"NE_0001";"NE_0001";"NE_0001";"NE_0001";"NE_0001";"NE_0001"
"2023";"12";"170101";"MADRE DE DIOS";"TAMBOPATA";"TAMBOPATA";"ESSALUD";"II-1";"00009319";"HOSPITAL I VICTOR ALFREDO LAZO PERALTA";"241400";"HOSPITALIZACIÓN QUIRÚRGICA GINECO - OBSTETRICIA ";"62";"62";"153";"151";"10";"300";"0"
"2023";"12";"170101";"MADRE DE DIOS";"TAMBOPATA";"TAMBOPATA";"ESSALUD";"II-1";"00009319";"HOSPITAL I VICTOR ALFREDO LAZO PERALTA";"242300";"HOSPITALIZACIÓN DE PEDIATRÍA  PEDIATRÍA  GENERAL ";"17";"14";"33";"33";"4";"120";"0"
"2023";"12";"150113";"LIMA";"LIMA";"JESUS MARIA";"PRIVADO";"II-E";"00009089";"ONCOGYN CLINICA INTEGRAL";"NE_0002";"";"NE_0002";"NE_0002";"NE_0002";"NE_0002";"NE_0002";"NE_0002";"NE_0002"
"2023";"12";"060601";"CAJAMARCA";"CUTERVO";"CUTERVO";"GOBIERNO REGIONAL";"I-1";"00007178";"RAYME";"NE_0001";"";"NE_0001";"NE_0001";"NE_0001";"NE_0001";"NE_0001";"NE_0001";"NE_0001"
"2023";"12";"060601";"CAJAMARCA";"CUTERVO";"CUTERVO";"GOBIERNO REGIONAL";"I-1";"00004996";"RAMBRAN";"NE_0001";"";"NE_0001";"NE_0001";"NE_0001";"NE_0001";"NE_0001";"NE_0001";"NE_0001"
"2023";"12";"060601";"CAJAMARCA";"CUTERVO";"CUTERVO";"GOBIERNO REGIONAL";"I-1";"00007431";"CONGA DE ALLANGA";"NE_0001";"";"NE_0001";"NE_0001";"NE_0001";"NE_0001";"NE_0001";"NE_0001";"NE_0001"
"2023";"12";"060601";"CAJAMARCA";"CUTERVO";"CUTERVO";"GOBIERNO REGIONAL";"I-1";"00004997";"TRIGOPAMPA";"NE_0001";"";"NE_0001";"NE_0001";"NE_0001";"NE_0001";"NE_0001";"NE_0001";"NE_0001"
"2023";"12";"060601";"CAJAMARCA";"CUTERVO";"CUTERVO";"GOBIERNO REGIONAL";"I-1";"00006855";"AULLAN";"NE_0001";"";"NE_0001";"NE_0001";"NE_0001";"NE_0001";"NE_0001";"NE_0001";"NE_0001"
"2023";"12";"060601";"CAJAMARCA";"CUTERVO";"CUTERVO";"GOBIERNO REGIONAL";"I-1";"00007097";"AÑALCATE";"NE_0001";"";"NE_0001";"NE_0001";"NE_0001";"NE_0001";"NE_0001";"NE_0001";"NE_0001"
"2023";"12";"060601";"CAJAMARCA";"CUTERVO";"CUTERVO";"GOBIERNO REGIONAL";"I-2";"00007745";"URCURUME";"NE_0001";"";"NE_0001";"NE_0001";"NE_0001";"NE_0001";"NE_0001";"NE_0001";"NE_0001"
"2023";"12";"060601";"CAJAMARCA";"CUTERVO";"CUTERVO";"GOBIERNO REGIONAL";"I-1";"00008925";"LA LLICA";"NE_0001";"";"NE_0001";"NE_0001";"NE_0001";"NE_0001";"NE_0001";"NE_0001";"NE_0001"
"2023";"12";"060601";"CAJAMARCA";"CUTERVO";"CUTERVO";"GOBIERNO REGIONAL";"I-3";"00006858";"SALOMON VILCHEZ MURGA";"NE_0001";"";"NE_0001";"NE_0001";"NE_0001";"NE_0001";"NE_0001";"NE_0001";"NE_0001"
"2023";"12";"060601";"CAJAMARCA";"CUTERVO";"CUTERVO";"GOBIERNO REGIONAL";"I-2";"00007696";"MAMABAMBA";"NE_0001";"";"NE_0001";"NE_0001";"NE_0001";"NE_0001";"NE_0001";"NE_0001";"NE_0001"
"2023";"12";"060601";"CAJAMARCA";"CUTERVO";"CUTERVO";"GOBIERNO REGIONAL";"I-1";"00006865";"ADCUÑAC";"NE_0001";"";"NE_0001";"NE_0001";"NE_0001";"NE_0001";"NE_0001";"NE_0001";"NE_0001"
"2023";"12";"060601";"CAJAMARCA";"CUTERVO";"CUTERVO";"GOBIERNO REGIONAL";"I-2";"00006938";"CACHACARA";"NE_0001";"";"NE_0001";"NE_0001";"NE_0001";"NE_0001";"NE_0001";"NE_0001";"NE_0001"
"2023";"12";"060601";"CAJAMARCA";"CUTERVO";"CUTERVO";"GOBIERNO REGIONAL";"I-1";"00004999";"LAS PALMAS DE TINYAYOC";"NE_0001";"";"NE_0001";"NE_0001";"NE_0001";"NE_0001";"NE_0001";"NE_0001";"NE_0001"
"2023";"12";"060601";"CAJAMARCA";"CUTERVO";"CUTERVO";"GOBIERNO REGIONAL";"I-1";"00007098";"YACANCATE";"NE_0001";"";"NE_0001";"NE_0001";"NE_0001";"NE_0001";"NE_0001";"NE_0001";"NE_0001"
"2023";"12";"060601";"CAJAMARCA";"CUTERVO";"CUTERVO";"GOBIERNO REGIONAL";"I-2";"00004984";"VALLE CALLACATE";"NE_0001";"";"NE_0001";"NE_0001";"NE_0001";"NE_0001";"NE_0001";"NE_0001";"NE_0001"
"2023";"12";"060601";"CAJAMARCA";"CUTERVO";"CUTERVO";"GOBIERNO REGIONAL";"I-2";"00004991";"LANCHE";"NE_0001";"";"NE_0001";"NE_0001";"NE_0001";"NE_0001";"NE_0001";"NE_0001";"NE_0001"
"2023";"12";"060601";"CAJAMARCA";"CUTERVO";"CUTERVO";"GOBIERNO REGIONAL";"I-1";"00005001";"PATAHUAZ";"NE_0001";"";"NE_0001";"NE_0001";"NE_0001";"NE_0001";"NE_0001";"NE_0001";"NE_0001"
"2023";"12";"060601";"CAJAMARCA";"CUTERVO";"CUTERVO";"GOBIERNO REGIONAL";"I-1";"00006832";"LA CONGONA";"NE_0001";"";"NE_0001";"NE_0001";"NE_0001";"NE_0001";"NE_0001";"NE_0001";"NE_0001"
"2023";"12";"060601";"CAJAMARCA";"CUTERVO";"CUTERVO";"GOBIERNO REGIONAL";"I-1";"00006833";"LA JAYUA";"NE_0001";"";"NE_0001";"NE_0001";"NE_0001";"NE_0001";"NE_0001";"NE_0001";"NE_0001"
"2023";"12";"040112";"AREQUIPA";"AREQUIPA";"PAUCARPATA";"ESSALUD";"II-1";"00013296";"HOSPITAL I EDMUNDO ESCOMEL";"241800";"HOSPITALIZACIÓN DE MEDICINA MEDICINA GENERAL ";"35";"32";"274";"309";"12";"372";"6"
"2023";"12";"040112";"AREQUIPA";"AREQUIPA";"PAUCARPATA";"ESSALUD";"II-1";"00013296";"HOSPITAL I EDMUNDO ESCOMEL";"240100";"HOSPITALIZACIÓN QUIRÚRGICA CIRUGÍA GENERAL ";"213";"217";"424";"412";"17";"527";"0"
"2023";"12";"040112";"AREQUIPA";"AREQUIPA";"PAUCARPATA";"ESSALUD";"II-1";"00013296";"HOSPITAL I EDMUNDO ESCOMEL";"241200";"HOSPITALIZACIÓN QUIRÚRGICA TRAUMATOLOGÍA Y ORTOPEDIA ";"30";"32";"115";"104";"4";"124";"0"
"2023";"12";"040112";"AREQUIPA";"AREQUIPA";"PAUCARPATA";"ESSALUD";"II-1";"00013296";"HOSPITAL I EDMUNDO ESCOMEL";"241500";"HOSPITALIZACIÓN QUIRÚRGICA GINECOLOGÍA  ";"39";"40";"121";"99";"4";"124";"0"
"2023";"12";"040112";"AREQUIPA";"AREQUIPA";"PAUCARPATA";"ESSALUD";"II-1";"00013296";"HOSPITAL I EDMUNDO ESCOMEL";"241600";"HOSPITALIZACIÓN QUIRÚRGICA OBSTETRICIA   ";"181";"180";"382";"384";"14";"434";"0"
"2023";"12";"040112";"AREQUIPA";"AREQUIPA";"PAUCARPATA";"ESSALUD";"II-1";"00013296";"HOSPITAL I EDMUNDO ESCOMEL";"242300";"HOSPITALIZACIÓN DE PEDIATRÍA  PEDIATRÍA  GENERAL ";"68";"69";"191";"190";"7";"217";"0"
"2023";"11";"250106";"UCAYALI";"CORONEL PORTILLO";"NUEVA REQUENA";"GOBIERNO REGIONAL";"I-1";"00005448";"MIRAFLORES";"NE_0001";"";"NE_0001";"NE_0001";"NE_0001";"NE_0001";"NE_0001";"NE_0001";"NE_0001"
"2023";"11";"250106";"UCAYALI";"CORONEL PORTILLO";"NUEVA REQUENA";"GOBIERNO REGIONAL";"I-1";"00005446";"NUEVO PIURA";"NE_0001";"";"NE_0001";"NE_0001";"NE_0001";"NE_0001";"NE_0001";"NE_0001";"NE_0001"
"2023";"11";"250106";"UCAYALI";"CORONEL PORTILLO";"NUEVA REQUENA";"GOBIERNO REGIONAL";"I-1";"00005445";"JUVENTUD";"NE_0001";"";"NE_0001";"NE_0001";"NE_0001";"NE_0001";"NE_0001";"NE_0001";"NE_0001"
"2023";"11";"250102";"UCAYALI";"CORONEL PORTILLO";"CAMPOVERDE";"GOBIERNO REGIONAL";"I-1";"00005444";"SARITA COLONIA";"NE_0001";"";"NE_0001";"NE_0001";"NE_0001";"NE_0001";"NE_0001";"NE_0001";"NE_0001"
"2023";"11";"250106";"UCAYALI";"CORONEL PORTILLO";"NUEVA REQUENA";"GOBIERNO REGIONAL";"I-3";"00005443";"NUEVA REQUENA";"NE_0001";"";"NE_0001";"NE_0001";"NE_0001";"NE_0001";"NE_0001";"NE_0001";"NE_0001"
"2023";"12";"220401";"SAN MARTIN";"HUALLAGA";"SAPOSOA";"GOBIERNO REGIONAL";"I-1";"00006532";"PALTAICO";"NE_0001";"";"NE_0001";"NE_0001";"NE_0001";"NE_0001";"NE_0001";"NE_0001";"NE_0001"
"2023";"12";"220401";"SAN MARTIN";"HUALLAGA";"SAPOSOA";"GOBIERNO REGIONAL";"I-1";"00006530";"7 DE JUNIO-AHUIHUA";"NE_0001";"";"NE_0001";"NE_0001";"NE_0001";"NE_0001";"NE_0001";"NE_0001";"NE_0001"
"2023";"12";"150131";"LIMA";"LIMA";"SAN ISIDRO";"PRIVADO";"II-E";"00017099";"OFTALMOLOGOS CONTRERAS  C.SCRL";"NE_0001";"";"NE_0001";"NE_0001";"NE_0001";"NE_0001";"NE_0001";"NE_0001";"NE_0001"
"2023";"12";"070101";"CALLAO";"CALLAO";"CALLAO";"GOBIERNO REGIONAL";"I-2";"00006223";"PUESTO DE SALUD SANTA FE";"NE_0001";"";"NE_0001";"NE_0001";"NE_0001";"NE_0001";"NE_0001";"NE_0001";"NE_0001"
"2023";"12";"070101";"CALLAO";"CALLAO";"CALLAO";"GOBIERNO REGIONAL";"I-2";"00006224";"PUESTO DE SALUD JOSE BOTERIN";"NE_0001";"";"NE_0001";"NE_0001";"NE_0001";"NE_0001";"NE_0001";"NE_0001";"NE_0001"
"2023";"02";"021503";"ANCASH";"PALLASCA";"CONCHUCOS";"ESSALUD";"I-2";"00009201";"POSTA MEDICA CONCHUCOS";"NE_0001";"";"NE_0001";"NE_0001";"NE_0001";"NE_0001";"NE_0001";"NE_0001";"NE_0001"
"2023";"02";"040129";"AREQUIPA";"AREQUIPA";"JOSE LUIS BUSTAMANTE Y RIVERO";"PRIVADO";"II-E";"00032853";"CLINICA UROSUR";"NE_0002";"";"NE_0002";"NE_0002";"NE_0002";"NE_0002";"NE_0002";"NE_0002";"NE_0002"
"2023";"12";"220905";"SAN MARTIN";"SAN MARTIN";"CHIPURANA";"GOBIERNO REGIONAL";"I-1";"00006438";"NAVARRO";"NE_0002";"";"NE_0002";"NE_0002";"NE_0002";"NE_0002";"NE_0002";"NE_0002";"NE_0002"
"2023";"12";"220905";"SAN MARTIN";"SAN MARTIN";"CHIPURANA";"GOBIERNO REGIONAL";"I-3";"00006439";"YARINA";"NE_0002";"";"NE_0002";"NE_0002";"NE_0002";"NE_0002";"NE_0002";"NE_0002";"NE_0002"
"2023";"12";"220907";"SAN MARTIN";"SAN MARTIN";"HUIMBAYOC";"GOBIERNO REGIONAL";"I-1";"00006446";"SAN JOSE DE YANAYACU";"NE_0002";"";"NE_0002";"NE_0002";"NE_0002";"NE_0002";"NE_0002";"NE_0002";"NE_0002"
"2023";"12";"220907";"SAN MARTIN";"SAN MARTIN";"HUIMBAYOC";"GOBIERNO REGIONAL";"I-1";"00006431";"PONGO ISLA";"NE_0002";"";"NE_0002";"NE_0002";"NE_0002";"NE_0002";"NE_0002";"NE_0002";"NE_0002"
"2023";"12";"220907";"SAN MARTIN";"SAN MARTIN";"HUIMBAYOC";"GOBIERNO REGIONAL";"I-1";"00006442";"SAN JOSE 2 DE MAYO";"NE_0002";"";"NE_0002";"NE_0002";"NE_0002";"NE_0002";"NE_0002";"NE_0002";"NE_0002"
"2023";"12";"220907";"SAN MARTIN";"SAN MARTIN";"HUIMBAYOC";"GOBIERNO REGIONAL";"I-1";"00006444";"SANTA ROSILLO CHIPURANA";"NE_0002";"";"NE_0002";"NE_0002";"NE_0002";"NE_0002";"NE_0002";"NE_0002";"NE_0002"
"2023";"12";"220907";"SAN MARTIN";"SAN MARTIN";"HUIMBAYOC";"GOBIERNO REGIONAL";"I-1";"00006443";"LECHE";"NE_0002";"";"NE_0002";"NE_0002";"NE_0002";"NE_0002";"NE_0002";"NE_0002";"NE_0002"
"2023";"12";"220907";"SAN MARTIN";"SAN MARTIN";"HUIMBAYOC";"GOBIERNO REGIONAL";"I-1";"00006441";"MIRAFLORES";"NE_0002";"";"NE_0002";"NE_0002";"NE_0002";"NE_0002";"NE_0002";"NE_0002";"NE_0002"
"2023";"12";"220907";"SAN MARTIN";"SAN MARTIN";"HUIMBAYOC";"GOBIERNO REGIONAL";"I-1";"00006447";"PUCALLPA";"NE_0002";"";"NE_0002";"NE_0002";"NE_0002";"NE_0002";"NE_0002";"NE_0002";"NE_0002"
"2023";"12";"220907";"SAN MARTIN";"SAN MARTIN";"HUIMBAYOC";"GOBIERNO REGIONAL";"I-3";"00006437";"HUIMBAYOC";"241800";"HOSPITALIZACIÓN DE MEDICINA MEDICINA GENERAL ";"1";"1";"1";"1";"2";"60";"0"
"2023";"12";"050701";"AYACUCHO";"PARINACOCHAS";"CORACORA";"GOBIERNO REGIONAL";"II-1";"00003523";"HOSPITAL DE APOYO DE CORACORA";"240100";"HOSPITALIZACIÓN QUIRÚRGICA CIRUGÍA GENERAL ";"22";"23";"65";"65";"8";"248";"0"
"2023";"12";"050701";"AYACUCHO";"PARINACOCHAS";"CORACORA";"GOBIERNO REGIONAL";"II-1";"00003523";"HOSPITAL DE APOYO DE CORACORA";"241400";"HOSPITALIZACIÓN QUIRÚRGICA GINECO - OBSTETRICIA ";"19";"20";"45";"45";"5";"155";"0"
"2023";"12";"050701";"AYACUCHO";"PARINACOCHAS";"CORACORA";"GOBIERNO REGIONAL";"II-1";"00003523";"HOSPITAL DE APOYO DE CORACORA";"241500";"HOSPITALIZACIÓN QUIRÚRGICA GINECOLOGÍA  ";"35";"35";"82";"82";"7";"217";"0"
"2023";"12";"050701";"AYACUCHO";"PARINACOCHAS";"CORACORA";"GOBIERNO REGIONAL";"II-1";"00003523";"HOSPITAL DE APOYO DE CORACORA";"241800";"HOSPITALIZACIÓN DE MEDICINA MEDICINA GENERAL ";"13";"13";"35";"35";"16";"496";"5"
"2023";"12";"050701";"AYACUCHO";"PARINACOCHAS";"CORACORA";"GOBIERNO REGIONAL";"II-1";"00003523";"HOSPITAL DE APOYO DE CORACORA";"242500";"HOSPITALIZACIÓN-PEDIATRÍA GENERAL-";"30";"33";"48";"48";"4";"124";"0"
"2023";"12";"150201";"LIMA";"BARRANCA";"BARRANCA";"GOBIERNO REGIONAL";"II-2";"00007635";"HOSPITAL DE BARRANCA";"250103";"UNIDAD DE CUIDADOS CRITICOS UNIDAD  DE CUIDADOS INTENSIVOS GENERALES  (UCI) MEDICINA";"5";"6";"32";"103";"4";"124";"5"
"2023";"12";"150201";"LIMA";"BARRANCA";"BARRANCA";"GOBIERNO REGIONAL";"II-2";"00007635";"HOSPITAL DE BARRANCA";"250108";"UNIDAD DE CUIDADOS CRITICOS UNIDAD  DE CUIDADOS INTENSIVOS  (UCI) PEDIÁTRICA";"1";"1";"12";"42";"7";"217";"0"
"2023";"12";"220206";"SAN MARTIN";"BELLAVISTA";"SAN RAFAEL";"GOBIERNO REGIONAL";"I-1";"00006504";"PALESTINA";"NE_0001";"";"NE_0001";"NE_0001";"NE_0001";"NE_0001";"NE_0001";"NE_0001";"NE_0001"
"2023";"12";"220205";"SAN MARTIN";"BELLAVISTA";"SAN PABLO";"GOBIERNO REGIONAL";"I-1";"00006514";"HUINGOYACU";"NE_0001";"";"NE_0001";"NE_0001";"NE_0001";"NE_0001";"NE_0001";"NE_0001";"NE_0001"
"2023";"12";"220204";"SAN MARTIN";"BELLAVISTA";"HUALLAGA";"GOBIERNO REGIONAL";"I-1";"00006562";"LEDOY";"NE_0001";"";"NE_0001";"NE_0001";"NE_0001";"NE_0001";"NE_0001";"NE_0001";"NE_0001"
"2023";"12";"220206";"SAN MARTIN";"BELLAVISTA";"SAN RAFAEL";"GOBIERNO REGIONAL";"I-1";"00006517";"PANAMA";"NE_0001";"";"NE_0001";"NE_0001";"NE_0001";"NE_0001";"NE_0001";"NE_0001";"NE_0001"
"2023";"12";"220201";"SAN MARTIN";"BELLAVISTA";"BELLAVISTA";"GOBIERNO REGIONAL";"I-1";"00006503";"BUENOS AIRES";"NE_0001";"";"NE_0001";"NE_0001";"NE_0001";"NE_0001";"NE_0001";"NE_0001";"NE_0001"
"2023";"12";"220206";"SAN MARTIN";"BELLAVISTA";"SAN RAFAEL";"GOBIERNO REGIONAL";"I-3";"00006515";"SAN RAFAEL";"NE_0001";"";"NE_0001";"NE_0001";"NE_0001";"NE_0001";"NE_0001";"NE_0001";"NE_0001"
"2023";"12";"220201";"SAN MARTIN";"BELLAVISTA";"BELLAVISTA";"GOBIERNO REGIONAL";"I-1";"00006513";"HUACHO";"NE_0001";"";"NE_0001";"NE_0001";"NE_0001";"NE_0001";"NE_0001";"NE_0001";"NE_0001"
"2023";"12";"120124";"JUNIN";"HUANCAYO";"PARIAHUANCA";"GOBIERNO REGIONAL";"I-2";"00000739";"SAN BALVIN";"NE_0001";"";"NE_0001";"NE_0001";"NE_0001";"NE_0001";"NE_0001";"NE_0001";"NE_0001"
"2023";"12";"120101";"JUNIN";"HUANCAYO";"HUANCAYO";"GOBIERNO REGIONAL";"I-2";"00000731";"PALIAN";"NE_0001";"";"NE_0001";"NE_0001";"NE_0001";"NE_0001";"NE_0001";"NE_0001";"NE_0001"
"2023";"12";"120124";"JUNIN";"HUANCAYO";"PARIAHUANCA";"GOBIERNO REGIONAL";"I-1";"00012471";"HUAYCHULA";"NE_0001";"";"NE_0001";"NE_0001";"NE_0001";"NE_0001";"NE_0001";"NE_0001";"NE_0001"
"2023";"12";"120101";"JUNIN";"HUANCAYO";"HUANCAYO";"GOBIERNO REGIONAL";"I-2";"00000729";"PUESTO DE SALUD UÑAS";"NE_0001";"";"NE_0001";"NE_0001";"NE_0001";"NE_0001";"NE_0001";"NE_0001";"NE_0001"
"2023";"06";"021501";"ANCASH";"PALLASCA";"CABANA";"ESSALUD";"I-2";"00009924";"POSTA MEDICA CABANA";"NE_0001";"";"NE_0001";"NE_0001";"NE_0001";"NE_0001";"NE_0001";"NE_0001";"NE_0001"
"2023";"12";"200115";"PIURA";"PIURA";"VEINTISEIS DE OCTUBRE";"PRIVADO";"II-1";"00027260";"CLÍNICA BELLO HORIZONTE S.A.";"240000";"HOSPITALIZACIÓN";"45";"45";"89";"126";"16";"496";"1"
"2023";"12";"200115";"PIURA";"PIURA";"VEINTISEIS DE OCTUBRE";"PRIVADO";"II-1";"00027260";"CLÍNICA BELLO HORIZONTE S.A.";"250100";"UNIDAD DE CUIDADOS CRITICOS UNIDAD  DE CUIDADOS INTENSIVOS GENERALES (UCI) ";"2";"2";"15";"17";"4";"124";"1"
"2023";"12";"020202";"ANCASH";"AIJA";"CORIS";"GOBIERNO REGIONAL";"I-1";"00001510";"PUESTO DE SALUD  QUISHUAR";"NE_0001";"";"NE_0001";"NE_0001";"NE_0001";"NE_0001";"NE_0001";"NE_0001";"NE_0001"
"2023";"12";"020204";"ANCASH";"AIJA";"LA MERCED";"GOBIERNO REGIONAL";"I-1";"00001514";"PUESTO DE SALUD SANTA  CRUZ";"NE_0001";"";"NE_0001";"NE_0001";"NE_0001";"NE_0001";"NE_0001";"NE_0001";"NE_0001"
"2023";"12";"020609";"ANCASH";"CARHUAZ";"SHILLA";"GOBIERNO REGIONAL";"I-2";"00001526";"PUESTO DE SALUD SHILLA";"NE_0001";"";"NE_0001";"NE_0001";"NE_0001";"NE_0001";"NE_0001";"NE_0001";"NE_0001"
"2023";"12";"022003";"ANCASH";"YUNGAY";"MANCOS";"GOBIERNO REGIONAL";"I-1";"00001527";"PUESTO DE SALUD HUAYPAN";"NE_0001";"";"NE_0001";"NE_0001";"NE_0001";"NE_0001";"NE_0001";"NE_0001";"NE_0001"
"2023";"12";"020611";"ANCASH";"CARHUAZ";"YUNGAR";"GOBIERNO REGIONAL";"I-3";"00001529";"CENTRO DE SALUD YUNGAR";"NE_0001";"";"NE_0001";"NE_0001";"NE_0001";"NE_0001";"NE_0001";"NE_0001";"NE_0001"
"2023";"12";"020105";"ANCASH";"HUARAZ";"INDEPENDENCIA";"GOBIERNO REGIONAL";"I-1";"00001570";"PUESTO DE SALUD MARCAC";"NE_0001";"";"NE_0001";"NE_0001";"NE_0001";"NE_0001";"NE_0001";"NE_0001";"NE_0001"
"2023";"12";"021405";"ANCASH";"OCROS";"COCHAS";"GOBIERNO REGIONAL";"I-1";"00001759";"PUESTO DE SALUD HUANCHAY";"NE_0001";"";"NE_0001";"NE_0001";"NE_0001";"NE_0001";"NE_0001";"NE_0001";"NE_0001"
"2023";"12";"021704";"ANCASH";"RECUAY";"HUAYLLAPAMPA";"GOBIERNO REGIONAL";"I-1";"00001480";"PUESTO DE SALUD HUAYLLAPAMPA";"NE_0001";"";"NE_0001";"NE_0001";"NE_0001";"NE_0001";"NE_0001";"NE_0001";"NE_0001"
"2023";"12";"020202";"ANCASH";"AIJA";"CORIS";"GOBIERNO REGIONAL";"I-1";"00001511";"SAN DAMIAN";"NE_0001";"";"NE_0001";"NE_0001";"NE_0001";"NE_0001";"NE_0001";"NE_0001";"NE_0001"
"2023";"12";"020205";"ANCASH";"AIJA";"SUCCHA";"GOBIERNO REGIONAL";"I-1";"00001515";"PUESTO DE SALUD SUCCHA";"NE_0001";"";"NE_0001";"NE_0001";"NE_0001";"NE_0001";"NE_0001";"NE_0001";"NE_0001"
"2023";"12";"020601";"ANCASH";"CARHUAZ";"CARHUAZ";"GOBIERNO REGIONAL";"I-2";"00001517";"PUESTO DE SALUD MAYA";"NE_0001";"";"NE_0001";"NE_0001";"NE_0001";"NE_0001";"NE_0001";"NE_0001";"NE_0001"
"2023";"12";"020607";"ANCASH";"CARHUAZ";"PARIAHUANCA";"GOBIERNO REGIONAL";"I-1";"00001538";"PARIHUANCA";"NE_0001";"";"NE_0001";"NE_0001";"NE_0001";"NE_0001";"NE_0001";"NE_0001";"NE_0001"
"2023";"12";"090109";"HUANCAVELICA";"HUANCAVELICA";"LARIA";"GOBIERNO REGIONAL";"I-1";"00003907";"SAN JOSE DE LARIA";"NE_0001";"";"NE_0001";"NE_0001";"NE_0001";"NE_0001";"NE_0001";"NE_0001";"NE_0001"
"2023";"12";"090105";"HUANCAVELICA";"HUANCAVELICA";"CUENCA";"GOBIERNO REGIONAL";"I-1";"00003906";"LUQUIA";"NE_0001";"";"NE_0001";"NE_0001";"NE_0001";"NE_0001";"NE_0001";"NE_0001";"NE_0001"
"2023";"12";"090105";"HUANCAVELICA";"HUANCAVELICA";"CUENCA";"GOBIERNO REGIONAL";"I-1";"00003905";"TOTORA JATUNPAMPA";"NE_0001";"";"NE_0001";"NE_0001";"NE_0001";"NE_0001";"NE_0001";"NE_0001";"NE_0001"
"2023";"12";"150130";"LIMA";"LIMA";"SAN BORJA";"PRIVADO";"II-E";"00017634";"CLINICA ONCOSALUD";"240000";"HOSPITALIZACIÓN";"264";"277";"1712";"1778";"69";"2139";"27"
"2023";"12";"080101";"CUSCO";"CUSCO";"CUSCO";"GOBIERNO REGIONAL";"III-1";"00002289";"HOSPITAL DE APOYO DEPARTAMENTAL CUSCO";"240100";"HOSPITALIZACIÓN QUIRÚRGICA CIRUGÍA GENERAL ";"145";"136";"689";"851";"34";"1054";"2"
"2023";"12";"080101";"CUSCO";"CUSCO";"CUSCO";"GOBIERNO REGIONAL";"III-1";"00002289";"HOSPITAL DE APOYO DEPARTAMENTAL CUSCO";"240100";"HOSPITALIZACIÓN QUIRÚRGICA CIRUGÍA GENERAL ";"73";"81";"768";"728";"32";"992";"0"
"2023";"12";"080101";"CUSCO";"CUSCO";"CUSCO";"GOBIERNO REGIONAL";"III-1";"00002289";"HOSPITAL DE APOYO DEPARTAMENTAL CUSCO";"241500";"HOSPITALIZACIÓN QUIRÚRGICA GINECOLOGÍA  ";"177";"184";"361";"428";"17";"527";"0"
"2023";"12";"080101";"CUSCO";"CUSCO";"CUSCO";"GOBIERNO REGIONAL";"III-1";"00002289";"HOSPITAL DE APOYO DEPARTAMENTAL CUSCO";"241400";"HOSPITALIZACIÓN QUIRÚRGICA GINECO - OBSTETRICIA ";"131";"136";"322";"310";"12";"372";"0"
"2023";"12";"080101";"CUSCO";"CUSCO";"CUSCO";"GOBIERNO REGIONAL";"III-1";"00002289";"HOSPITAL DE APOYO DEPARTAMENTAL CUSCO";"241800";"HOSPITALIZACIÓN DE MEDICINA MEDICINA GENERAL ";"72";"73";"685";"944";"32";"992";"1"
"2023";"12";"080101";"CUSCO";"CUSCO";"CUSCO";"GOBIERNO REGIONAL";"III-1";"00002289";"HOSPITAL DE APOYO DEPARTAMENTAL CUSCO";"241800";"HOSPITALIZACIÓN DE MEDICINA MEDICINA GENERAL ";"37";"37";"471";"628";"24";"744";"8"
"2023";"12";"080101";"CUSCO";"CUSCO";"CUSCO";"GOBIERNO REGIONAL";"III-1";"00002289";"HOSPITAL DE APOYO DEPARTAMENTAL CUSCO";"241900";"HOSPITALIZACIÓN DE MEDICINA MEDICINA INTERNA ";"16";"19";"385";"320";"18";"558";"5"
"2023";"12";"080101";"CUSCO";"CUSCO";"CUSCO";"GOBIERNO REGIONAL";"III-1";"00002289";"HOSPITAL DE APOYO DEPARTAMENTAL CUSCO";"240900";"HOSPITALIZACIÓN QUIRÚRGICA NEUROCIRUGÍA ";"42";"33";"368";"417";"20";"620";"1"
"2023";"12";"080101";"CUSCO";"CUSCO";"CUSCO";"GOBIERNO REGIONAL";"III-1";"00002289";"HOSPITAL DE APOYO DEPARTAMENTAL CUSCO";"242100";"HOSPITALIZACIÓN DE MEDICINA ONCOLOGÍA MÉDICA ";"48";"57";"526";"452";"21";"651";"2"
"2023";"12";"080101";"CUSCO";"CUSCO";"CUSCO";"GOBIERNO REGIONAL";"III-1";"00002289";"HOSPITAL DE APOYO DEPARTAMENTAL CUSCO";"242300";"HOSPITALIZACIÓN DE PEDIATRÍA  PEDIATRÍA  GENERAL ";"49";"57";"653";"347";"30";"930";"0"
"2023";"12";"080101";"CUSCO";"CUSCO";"CUSCO";"GOBIERNO REGIONAL";"III-1";"00002289";"HOSPITAL DE APOYO DEPARTAMENTAL CUSCO";"243200";"HOSPITALIZACIÓN DE PEDIATRÍA PEDIATRIA NEONATOLOGÍA";"68";"60";"851";"654";"25";"775";"2"
"2023";"12";"080101";"CUSCO";"CUSCO";"CUSCO";"GOBIERNO REGIONAL";"III-1";"00002289";"HOSPITAL DE APOYO DEPARTAMENTAL CUSCO";"242204";"HOSPITALIZACIÓN DE MEDICINA PSIQUIATRÍA REHABILITACIÓN PSIQUIÁTRICA / REINSERCIÓN ";"11";"11";"158";"108";"7";"217";"0"
"2023";"12";"080101";"CUSCO";"CUSCO";"CUSCO";"GOBIERNO REGIONAL";"III-1";"00002289";"HOSPITAL DE APOYO DEPARTAMENTAL CUSCO";"241200";"HOSPITALIZACIÓN QUIRÚRGICA TRAUMATOLOGÍA Y ORTOPEDIA ";"50";"51";"812";"891";"30";"930";"0"
"2023";"12";"080101";"CUSCO";"CUSCO";"CUSCO";"GOBIERNO REGIONAL";"III-1";"00002289";"HOSPITAL DE APOYO DEPARTAMENTAL CUSCO";"240801";"HOSPITALIZACIÓN QUIRÚRGICA CIRUGÍA PLÁSTICA/RECONSTRUCTIVA/ REPARADORA QUEMADOS";"18";"15";"183";"360";"18";"558";"0"
"2023";"12";"080101";"CUSCO";"CUSCO";"CUSCO";"GOBIERNO REGIONAL";"III-1";"00002289";"HOSPITAL DE APOYO DEPARTAMENTAL CUSCO";"250100";"UNIDAD DE CUIDADOS CRITICOS UNIDAD  DE CUIDADOS INTENSIVOS GENERALES (UCI) ";"20";"22";"399";"297";"17";"527";"2"
"2023";"12";"150108";"LIMA";"LIMA";"CHORRILLOS";"PRIVADO";"II-1";"00011950";"CLINICA CHORRILLOS";"NE_0002";"";"NE_0002";"NE_0002";"NE_0002";"NE_0002";"NE_0002";"NE_0002";"NE_0002"
"2023";"11";"250101";"UCAYALI";"CORONEL PORTILLO";"CALLERIA";"GOBIERNO REGIONAL";"II-2";"00005576";"HOSPITAL REGIONAL DE PUCALLPA";"241900";"HOSPITALIZACIÓN DE MEDICINA MEDICINA INTERNA ";"44";"39";"291";"204";"9";"279";"3"
"2023";"11";"250101";"UCAYALI";"CORONEL PORTILLO";"CALLERIA";"GOBIERNO REGIONAL";"II-2";"00005576";"HOSPITAL REGIONAL DE PUCALLPA";"245300";"HOSPITALIZACIÓN DE MEDICINA NEUMOLOGÍA  ";"10";"6";"42";"82";"4";"124";"0"
"2023";"11";"250101";"UCAYALI";"CORONEL PORTILLO";"CALLERIA";"GOBIERNO REGIONAL";"II-2";"00005576";"HOSPITAL REGIONAL DE PUCALLPA";"244000";"HOSPITALIZACIÓN DE MEDICINA CARDIOLOGIA ";"6";"6";"19";"15";"2";"62";"0"
"2023";"11";"250101";"UCAYALI";"CORONEL PORTILLO";"CALLERIA";"GOBIERNO REGIONAL";"II-2";"00005576";"HOSPITAL REGIONAL DE PUCALLPA";"244700";"HOSPITALIZACIÓN DE MEDICINA NEUROLOGIA  ";"6";"6";"23";"18";"2";"62";"0"
"2023";"11";"250101";"UCAYALI";"CORONEL PORTILLO";"CALLERIA";"GOBIERNO REGIONAL";"II-2";"00005576";"HOSPITAL REGIONAL DE PUCALLPA";"242000";"HOSPITALIZACIÓN DE MEDICINA MEDICINA TROPICAL E INFECCIOSAS ";"13";"11";"37";"49";"4";"124";"0"
"2023";"11";"250101";"UCAYALI";"CORONEL PORTILLO";"CALLERIA";"GOBIERNO REGIONAL";"II-2";"00005576";"HOSPITAL REGIONAL DE PUCALLPA";"244400";"HOSPITALIZACIÓN DE MEDICINA GERIATRIA ";"6";"4";"46";"42";"4";"124";"2"
"2023";"11";"250101";"UCAYALI";"CORONEL PORTILLO";"CALLERIA";"GOBIERNO REGIONAL";"II-2";"00005576";"HOSPITAL REGIONAL DE PUCALLPA";"250100";"UNIDAD DE CUIDADOS CRITICOS UNIDAD  DE CUIDADOS INTENSIVOS GENERALES (UCI) ";"12";"7";"58";"127";"6";"186";"5"
"2023";"11";"250101";"UCAYALI";"CORONEL PORTILLO";"CALLERIA";"GOBIERNO REGIONAL";"II-2";"00005576";"HOSPITAL REGIONAL DE PUCALLPA";"250200";"UNIDAD DE CUIDADOS CRITICOS UNIDAD DE CUIDADOS INTERMEDIOS GENERAL  (UCIN) ";"5";"2";"54";"93";"4";"124";"1"
"2023";"11";"250101";"UCAYALI";"CORONEL PORTILLO";"CALLERIA";"GOBIERNO REGIONAL";"II-2";"00005576";"HOSPITAL REGIONAL DE PUCALLPA";"240100";"HOSPITALIZACIÓN QUIRÚRGICA CIRUGÍA GENERAL ";"74";"64";"261";"305";"12";"372";"0"
"2023";"11";"250101";"UCAYALI";"CORONEL PORTILLO";"CALLERIA";"GOBIERNO REGIONAL";"II-2";"00005576";"HOSPITAL REGIONAL DE PUCALLPA";"241200";"HOSPITALIZACIÓN QUIRÚRGICA TRAUMATOLOGÍA Y ORTOPEDIA ";"29";"19";"185";"234";"8";"248";"0"
"2023";"11";"250101";"UCAYALI";"CORONEL PORTILLO";"CALLERIA";"GOBIERNO REGIONAL";"II-2";"00005576";"HOSPITAL REGIONAL DE PUCALLPA";"240200";"HOSPITALIZACIÓN QUIRÚRGICA CIRUGÍA DE CABEZA Y CUELLO / MÁXILO FACIAL ";"2";"2";"13";"12";"1";"31";"0"
"2023";"11";"250101";"UCAYALI";"CORONEL PORTILLO";"CALLERIA";"GOBIERNO REGIONAL";"II-2";"00005576";"HOSPITAL REGIONAL DE PUCALLPA";"241300";"HOSPITALIZACIÓN QUIRÚRGICA UROLOGÍA  ";"9";"6";"68";"90";"3";"93";"0"
"2023";"11";"250101";"UCAYALI";"CORONEL PORTILLO";"CALLERIA";"GOBIERNO REGIONAL";"II-2";"00005576";"HOSPITAL REGIONAL DE PUCALLPA";"240900";"HOSPITALIZACIÓN QUIRÚRGICA NEUROCIRUGÍA ";"9";"6";"38";"83";"3";"93";"0"
"2023";"11";"250101";"UCAYALI";"CORONEL PORTILLO";"CALLERIA";"GOBIERNO REGIONAL";"II-2";"00005576";"HOSPITAL REGIONAL DE PUCALLPA";"240700";"HOSPITALIZACIÓN QUIRÚRGICA CIRUGÍA PEDIÁTRICA ";"14";"10";"72";"96";"4";"124";"0"
"2023";"11";"250101";"UCAYALI";"CORONEL PORTILLO";"CALLERIA";"GOBIERNO REGIONAL";"II-2";"00005576";"HOSPITAL REGIONAL DE PUCALLPA";"240800";"HOSPITALIZACIÓN QUIRÚRGICA CIRUGÍA PLÁSTICA/RECONSTRUCTIVA/ REPARADORA ";"10";"6";"150";"99";"10";"310";"0"
"2023";"11";"250101";"UCAYALI";"CORONEL PORTILLO";"CALLERIA";"GOBIERNO REGIONAL";"II-2";"00005576";"HOSPITAL REGIONAL DE PUCALLPA";"242300";"HOSPITALIZACIÓN DE PEDIATRÍA  PEDIATRÍA  GENERAL ";"111";"98";"399";"369";"20";"620";"1"
"2023";"11";"250101";"UCAYALI";"CORONEL PORTILLO";"CALLERIA";"GOBIERNO REGIONAL";"II-2";"00005576";"HOSPITAL REGIONAL DE PUCALLPA";"241600";"HOSPITALIZACIÓN QUIRÚRGICA OBSTETRICIA   ";"313";"298";"609";"567";"28";"868";"0"
"2023";"11";"250101";"UCAYALI";"CORONEL PORTILLO";"CALLERIA";"GOBIERNO REGIONAL";"II-2";"00005576";"HOSPITAL REGIONAL DE PUCALLPA";"241500";"HOSPITALIZACIÓN QUIRÚRGICA GINECOLOGÍA  ";"22";"22";"67";"57";"2";"62";"0"
"2023";"11";"250101";"UCAYALI";"CORONEL PORTILLO";"CALLERIA";"GOBIERNO REGIONAL";"II-2";"00005576";"HOSPITAL REGIONAL DE PUCALLPA";"250105";"UNIDAD DE CUIDADOS CRITICOS UNIDAD  DE CUIDADOS INTENSIVOS  (UCI) NEONATOLOGÍA";"48";"34";"319";"410";"14";"434";"4"
"2023";"12";"130101";"LA LIBERTAD";"TRUJILLO";"TRUJILLO";"PRIVADO";"II-E";"00008044";"OFTALMOVISION";"NE_0001";"";"NE_0001";"NE_0001";"NE_0001";"NE_0001";"NE_0001";"NE_0001";"NE_0001"
"2023";"12";"080601";"CUSCO";"CANCHIS";"SICUANI";"GOBIERNO REGIONAL";"II-1";"00002378";"SICUANI";"240100";"HOSPITALIZACIÓN QUIRÚRGICA CIRUGÍA GENERAL ";"58";"63";"277";"259";"19";"589";"0"
"2023";"12";"080601";"CUSCO";"CANCHIS";"SICUANI";"GOBIERNO REGIONAL";"II-1";"00002378";"SICUANI";"241500";"HOSPITALIZACIÓN QUIRÚRGICA GINECOLOGÍA  ";"22";"26";"79";"73";"7";"217";"0"
"2023";"12";"080601";"CUSCO";"CANCHIS";"SICUANI";"GOBIERNO REGIONAL";"II-1";"00002378";"SICUANI";"241600";"HOSPITALIZACIÓN QUIRÚRGICA OBSTETRICIA   ";"85";"96";"263";"235";"17";"527";"0"
"2023";"12";"080601";"CUSCO";"CANCHIS";"SICUANI";"GOBIERNO REGIONAL";"II-1";"00002378";"SICUANI";"241800";"HOSPITALIZACIÓN DE MEDICINA MEDICINA GENERAL ";"28";"33";"163";"168";"17";"527";"1"
"2023";"12";"080601";"CUSCO";"CANCHIS";"SICUANI";"GOBIERNO REGIONAL";"II-1";"00002378";"SICUANI";"242500";"HOSPITALIZACIÓN-PEDIATRÍA GENERAL-";"18";"24";"95";"96";"16";"496";"0"
"2023";"12";"080601";"CUSCO";"CANCHIS";"SICUANI";"GOBIERNO REGIONAL";"II-1";"00002378";"SICUANI";"243200";"HOSPITALIZACIÓN DE PEDIATRÍA PEDIATRIA NEONATOLOGÍA";"11";"15";"55";"50";"7";"217";"1"
"2023";"11";"120704";"JUNIN";"TARMA";"HUASAHUASI";"GOBIERNO REGIONAL";"I-1";"00000543";"CASCA";"NE_0001";"";"NE_0001";"NE_0001";"NE_0001";"NE_0001";"NE_0001";"NE_0001";"NE_0001"
"2023";"11";"120704";"JUNIN";"TARMA";"HUASAHUASI";"GOBIERNO REGIONAL";"I-4";"00000542";"HUASAHUASI";"241600";"HOSPITALIZACIÓN QUIRÚRGICA OBSTETRICIA   ";"4";"4";"4";"4";"4";"120";"0"
"2023";"11";"120704";"JUNIN";"TARMA";"HUASAHUASI";"GOBIERNO REGIONAL";"I-1";"00000546";"SAN JUAN DE LA LIBERTAD";"NE_0001";"";"NE_0001";"NE_0001";"NE_0001";"NE_0001";"NE_0001";"NE_0001";"NE_0001"
"2023";"11";"120704";"JUNIN";"TARMA";"HUASAHUASI";"GOBIERNO REGIONAL";"I-1";"00000545";"HUACUAS";"NE_0001";"";"NE_0001";"NE_0001";"NE_0001";"NE_0001";"NE_0001";"NE_0001";"NE_0001"
"2023";"11";"120704";"JUNIN";"TARMA";"HUASAHUASI";"GOBIERNO REGIONAL";"I-1";"00000548";"TIAMBRA";"NE_0001";"";"NE_0001";"NE_0001";"NE_0001";"NE_0001";"NE_0001";"NE_0001";"NE_0001"
"2023";"11";"040501";"AREQUIPA";"CAYLLOMA";"CHIVAY";"ESSALUD";"I-2";"00013292";"POSTA MEDICA CHIVAY";"NE_0001";"";"NE_0001";"NE_0001";"NE_0001";"NE_0001";"NE_0001";"NE_0001";"NE_0001"
"2023";"12";"090113";"HUANCAVELICA";"HUANCAVELICA";"NUEVO OCCORO";"GOBIERNO REGIONAL";"I-3";"00003909";"NUEVO OCCORO";"NE_0001";"";"NE_0001";"NE_0001";"NE_0001";"NE_0001";"NE_0001";"NE_0001";"NE_0001"
"2023";"12";"140101";"LAMBAYEQUE";"CHICLAYO";"CHICLAYO";"GOBIERNO REGIONAL";"II-2";"00004317";"HOSPITAL REGIONAL DOCENTE LAS MERCEDES";"243200";"HOSPITALIZACIÓN DE PEDIATRÍA PEDIATRIA NEONATOLOGÍA";"167";"186";"603";"17";"20";"620";"1"
"2023";"12";"140101";"LAMBAYEQUE";"CHICLAYO";"CHICLAYO";"GOBIERNO REGIONAL";"II-2";"00004317";"HOSPITAL REGIONAL DOCENTE LAS MERCEDES";"241600";"HOSPITALIZACIÓN QUIRÚRGICA OBSTETRICIA   ";"274";"297";"627";"19";"43";"1333";"0"
"2023";"12";"140101";"LAMBAYEQUE";"CHICLAYO";"CHICLAYO";"GOBIERNO REGIONAL";"II-2";"00004317";"HOSPITAL REGIONAL DOCENTE LAS MERCEDES";"241800";"HOSPITALIZACIÓN DE MEDICINA MEDICINA GENERAL ";"137";"172";"1382";"31";"57";"1767";"15"
"2023";"12";"140101";"LAMBAYEQUE";"CHICLAYO";"CHICLAYO";"GOBIERNO REGIONAL";"II-2";"00004317";"HOSPITAL REGIONAL DOCENTE LAS MERCEDES";"240100";"HOSPITALIZACIÓN QUIRÚRGICA CIRUGÍA GENERAL ";"94";"113";"574";"14";"30";"930";"2"
"2023";"12";"140101";"LAMBAYEQUE";"CHICLAYO";"CHICLAYO";"GOBIERNO REGIONAL";"II-2";"00004317";"HOSPITAL REGIONAL DOCENTE LAS MERCEDES";"242300";"HOSPITALIZACIÓN DE PEDIATRÍA  PEDIATRÍA  GENERAL ";"51";"68";"369";"9";"29";"899";"1"
"2023";"12";"140101";"LAMBAYEQUE";"CHICLAYO";"CHICLAYO";"GOBIERNO REGIONAL";"II-2";"00004317";"HOSPITAL REGIONAL DOCENTE LAS MERCEDES";"241200";"HOSPITALIZACIÓN QUIRÚRGICA TRAUMATOLOGÍA Y ORTOPEDIA ";"21";"26";"184";"4";"14";"434";"0"
"2023";"12";"140101";"LAMBAYEQUE";"CHICLAYO";"CHICLAYO";"GOBIERNO REGIONAL";"II-2";"00004317";"HOSPITAL REGIONAL DOCENTE LAS MERCEDES";"241500";"HOSPITALIZACIÓN QUIRÚRGICA GINECOLOGÍA  ";"22";"26";"54";"2";"14";"434";"0"
"2023";"12";"140101";"LAMBAYEQUE";"CHICLAYO";"CHICLAYO";"GOBIERNO REGIONAL";"II-2";"00004317";"HOSPITAL REGIONAL DOCENTE LAS MERCEDES";"240801";"HOSPITALIZACIÓN QUIRÚRGICA CIRUGÍA PLÁSTICA/RECONSTRUCTIVA/ REPARADORA QUEMADOS";"4";"8";"109";"2";"13";"403";"0"
"2023";"12";"090113";"HUANCAVELICA";"HUANCAVELICA";"NUEVO OCCORO";"GOBIERNO REGIONAL";"I-1";"00012644";"OCCORO VIEJO";"NE_0001";"";"NE_0001";"NE_0001";"NE_0001";"NE_0001";"NE_0001";"NE_0001";"NE_0001"
"2023";"12";"120705";"JUNIN";"TARMA";"LA UNION";"GOBIERNO REGIONAL";"I-2";"00000597";"LA UNION LETICIA";"NE_0001";"";"NE_0001";"NE_0001";"NE_0001";"NE_0001";"NE_0001";"NE_0001";"NE_0001"
"2023";"12";"230103";"TACNA";"TACNA";"CALANA";"ESSALUD";"II-2";"00010185";"Hospital III Daniel Alcides Carrión EsSalud Red de Tacna";"250100";"UNIDAD DE CUIDADOS CRITICOS UNIDAD  DE CUIDADOS INTENSIVOS GENERALES (UCI) ";"12";"13";"86";"117";"5";"155";"3"
"2023";"12";"230103";"TACNA";"TACNA";"CALANA";"ESSALUD";"II-2";"00010185";"Hospital III Daniel Alcides Carrión EsSalud Red de Tacna";"250200";"UNIDAD DE CUIDADOS CRITICOS UNIDAD DE CUIDADOS INTERMEDIOS GENERAL  (UCIN) ";"31";"33";"197";"317";"12";"369";"4"
"2023";"12";"230103";"TACNA";"TACNA";"CALANA";"ESSALUD";"II-2";"00010185";"Hospital III Daniel Alcides Carrión EsSalud Red de Tacna";"241900";"HOSPITALIZACIÓN DE MEDICINA MEDICINA INTERNA ";"137";"142";"1492";"1369";"49";"1515";"20"
"2023";"12";"230103";"TACNA";"TACNA";"CALANA";"ESSALUD";"II-2";"00010185";"Hospital III Daniel Alcides Carrión EsSalud Red de Tacna";"240100";"HOSPITALIZACIÓN QUIRÚRGICA CIRUGÍA GENERAL ";"156";"169";"903";"782";"35";"1099";"0"
"2023";"12";"230103";"TACNA";"TACNA";"CALANA";"ESSALUD";"II-2";"00010185";"Hospital III Daniel Alcides Carrión EsSalud Red de Tacna";"241400";"HOSPITALIZACIÓN QUIRÚRGICA GINECO - OBSTETRICIA ";"145";"151";"403";"369";"21";"650";"0"
"2023";"12";"230103";"TACNA";"TACNA";"CALANA";"ESSALUD";"II-2";"00010185";"Hospital III Daniel Alcides Carrión EsSalud Red de Tacna";"242300";"HOSPITALIZACIÓN DE PEDIATRÍA  PEDIATRÍA  GENERAL ";"65";"71";"184";"196";"11";"350";"0"
"2023";"12";"230103";"TACNA";"TACNA";"CALANA";"ESSALUD";"II-2";"00010185";"Hospital III Daniel Alcides Carrión EsSalud Red de Tacna";"243200";"HOSPITALIZACIÓN DE PEDIATRÍA PEDIATRIA NEONATOLOGÍA";"43";"45";"98";"87";"6";"176";"0"
"2023";"12";"080605";"CUSCO";"CANCHIS";"PITUMARCA";"GOBIERNO REGIONAL";"I-1";"00002393";"PHINAYA";"NE_0001";"";"NE_0001";"NE_0001";"NE_0001";"NE_0001";"NE_0001";"NE_0001";"NE_0001"
"2023";"12";"080601";"CUSCO";"CANCHIS";"SICUANI";"GOBIERNO REGIONAL";"I-2";"00002381";"QUEHUAR";"NE_0001";"";"NE_0001";"NE_0001";"NE_0001";"NE_0001";"NE_0001";"NE_0001";"NE_0001"
"2023";"12";"080606";"CUSCO";"CANCHIS";"SAN PABLO";"GOBIERNO REGIONAL";"I-2";"00002394";"SAN PABLO CANCHIS";"NE_0001";"";"NE_0001";"NE_0001";"NE_0001";"NE_0001";"NE_0001";"NE_0001";"NE_0001"
"2023";"12";"080606";"CUSCO";"CANCHIS";"SAN PABLO";"GOBIERNO REGIONAL";"I-2";"00002395";"SANTA BARBARA";"NE_0001";"";"NE_0001";"NE_0001";"NE_0001";"NE_0001";"NE_0001";"NE_0001";"NE_0001"
"2023";"12";"080601";"CUSCO";"CANCHIS";"SICUANI";"GOBIERNO REGIONAL";"I-1";"00002382";"UZCUPATA";"NE_0001";"";"NE_0001";"NE_0001";"NE_0001";"NE_0001";"NE_0001";"NE_0001";"NE_0001"
"2023";"12";"080601";"CUSCO";"CANCHIS";"SICUANI";"GOBIERNO REGIONAL";"I-3";"00002384";"PAMPAPHALLA";"NE_0001";"";"NE_0001";"NE_0001";"NE_0001";"NE_0001";"NE_0001";"NE_0001";"NE_0001"
"2023";"12";"080601";"CUSCO";"CANCHIS";"SICUANI";"GOBIERNO REGIONAL";"I-2";"00026387";"MENTAL COMUNITARIO SICUANI";"NE_0001";"";"NE_0001";"NE_0001";"NE_0001";"NE_0001";"NE_0001";"NE_0001";"NE_0001"
"2023";"12";"080601";"CUSCO";"CANCHIS";"SICUANI";"GOBIERNO REGIONAL";"I-2";"00002383";"LA FLORIDA";"NE_0001";"";"NE_0001";"NE_0001";"NE_0001";"NE_0001";"NE_0001";"NE_0001";"NE_0001"
"2023";"12";"080607";"CUSCO";"CANCHIS";"SAN PEDRO";"GOBIERNO REGIONAL";"I-2";"00002396";"SAN PEDRO CANCHIS";"NE_0001";"";"NE_0001";"NE_0001";"NE_0001";"NE_0001";"NE_0001";"NE_0001";"NE_0001"
"2023";"06";"220901";"SAN MARTIN";"SAN MARTIN";"TARAPOTO";"PRIVADO";"II-E";"00032615";"CLINICA RODRIGUEZ Y ESPECIALISTAS";"240900";"HOSPITALIZACIÓN QUIRÚRGICA NEUROCIRUGÍA ";"2";"1";"3";"9";"8";"24";"0"
"2023";"06";"220901";"SAN MARTIN";"SAN MARTIN";"TARAPOTO";"PRIVADO";"II-E";"00032615";"CLINICA RODRIGUEZ Y ESPECIALISTAS";"241800";"HOSPITALIZACIÓN DE MEDICINA MEDICINA GENERAL ";"31";"31";"127";"129";"8";"216";"0"
"2023";"07";"220901";"SAN MARTIN";"SAN MARTIN";"TARAPOTO";"PRIVADO";"II-E";"00032615";"CLINICA RODRIGUEZ Y ESPECIALISTAS";"240100";"HOSPITALIZACIÓN QUIRÚRGICA CIRUGÍA GENERAL ";"17";"16";"66";"78";"8";"168";"0"
"2023";"07";"220901";"SAN MARTIN";"SAN MARTIN";"TARAPOTO";"PRIVADO";"II-E";"00032615";"CLINICA RODRIGUEZ Y ESPECIALISTAS";"241800";"HOSPITALIZACIÓN DE MEDICINA MEDICINA GENERAL ";"11";"13";"62";"71";"8";"120";"0"
"2023";"12";"120107";"JUNIN";"HUANCAYO";"CHILCA";"GOBIERNO REGIONAL";"I-4";"00000608";"CHILCA";"NE_0002";"";"NE_0002";"NE_0002";"NE_0002";"NE_0002";"NE_0002";"NE_0002";"NE_0002"
"2023";"12";"120136";"JUNIN";"HUANCAYO";"VIQUES";"GOBIERNO REGIONAL";"I-2";"00000635";"VIQUES";"NE_0001";"";"NE_0001";"NE_0001";"NE_0001";"NE_0001";"NE_0001";"NE_0001";"NE_0001"
"2023";"12";"120111";"JUNIN";"HUANCAYO";"CHUPURO";"GOBIERNO REGIONAL";"I-1";"00000614";"SOCOS";"NE_0001";"";"NE_0001";"NE_0001";"NE_0001";"NE_0001";"NE_0001";"NE_0001";"NE_0001"
"2023";"12";"120126";"JUNIN";"HUANCAYO";"PUCARA";"GOBIERNO REGIONAL";"I-3";"00000624";"PUCARA";"NE_0001";"";"NE_0001";"NE_0001";"NE_0001";"NE_0001";"NE_0001";"NE_0001";"NE_0001"
"2023";"12";"120113";"JUNIN";"HUANCAYO";"CULLHUAS";"GOBIERNO REGIONAL";"I-1";"00000617";"RETAMA BAJA";"NE_0001";"";"NE_0001";"NE_0001";"NE_0001";"NE_0001";"NE_0001";"NE_0001";"NE_0001"
"2023";"12";"120116";"JUNIN";"HUANCAYO";"HUACRAPUQUIO";"GOBIERNO REGIONAL";"I-2";"00000619";"HUACRAPUQUIO";"NE_0001";"";"NE_0001";"NE_0001";"NE_0001";"NE_0001";"NE_0001";"NE_0001";"NE_0001"
"2023";"12";"120121";"JUNIN";"HUANCAYO";"HUAYUCACHI";"GOBIERNO REGIONAL";"I-1";"00000623";"HUMANMARCA";"NE_0001";"";"NE_0001";"NE_0001";"NE_0001";"NE_0001";"NE_0001";"NE_0001";"NE_0001"
"2023";"12";"120126";"JUNIN";"HUANCAYO";"PUCARA";"GOBIERNO REGIONAL";"I-1";"00000628";"DOS DE MAYO";"NE_0001";"";"NE_0001";"NE_0001";"NE_0001";"NE_0001";"NE_0001";"NE_0001";"NE_0001"
"2023";"12";"120133";"JUNIN";"HUANCAYO";"SAPALLANGA";"GOBIERNO REGIONAL";"I-3";"00000629";"SAPALLANGA";"NE_0001";"";"NE_0001";"NE_0001";"NE_0001";"NE_0001";"NE_0001";"NE_0001";"NE_0001"
"2023";"12";"120111";"JUNIN";"HUANCAYO";"CHUPURO";"GOBIERNO REGIONAL";"I-2";"00000612";"CHUPURO";"NE_0001";"";"NE_0001";"NE_0001";"NE_0001";"NE_0001";"NE_0001";"NE_0001";"NE_0001"
"2023";"12";"120126";"JUNIN";"HUANCAYO";"PUCARA";"GOBIERNO REGIONAL";"I-2";"00000625";"MARCAVALLE";"NE_0001";"";"NE_0001";"NE_0001";"NE_0001";"NE_0001";"NE_0001";"NE_0001";"NE_0001"
"2023";"12";"120126";"JUNIN";"HUANCAYO";"PUCARA";"GOBIERNO REGIONAL";"I-1";"00000627";"JATUN SUCLLA";"NE_0001";"";"NE_0001";"NE_0001";"NE_0001";"NE_0001";"NE_0001";"NE_0001";"NE_0001"
"2023";"12";"120119";"JUNIN";"HUANCAYO";"HUANCAN";"GOBIERNO REGIONAL";"I-3";"00000620";"HUANCAN";"NE_0001";"";"NE_0001";"NE_0001";"NE_0001";"NE_0001";"NE_0001";"NE_0001";"NE_0001"
"2023";"12";"120126";"JUNIN";"HUANCAYO";"PUCARA";"GOBIERNO REGIONAL";"I-1";"00000626";"RAQUINA";"NE_0001";"";"NE_0001";"NE_0001";"NE_0001";"NE_0001";"NE_0001";"NE_0001";"NE_0001"
"2023";"12";"120133";"JUNIN";"HUANCAYO";"SAPALLANGA";"GOBIERNO REGIONAL";"I-2";"00000630";"LA PUNTA";"NE_0001";"";"NE_0001";"NE_0001";"NE_0001";"NE_0001";"NE_0001";"NE_0001";"NE_0001"
"2023";"12";"120133";"JUNIN";"HUANCAYO";"SAPALLANGA";"GOBIERNO REGIONAL";"I-1";"00000634";"HUAYLLASPANCA";"NE_0001";"";"NE_0001";"NE_0001";"NE_0001";"NE_0001";"NE_0001";"NE_0001";"NE_0001"
"2023";"12";"120111";"JUNIN";"HUANCAYO";"CHUPURO";"GOBIERNO REGIONAL";"I-1";"00000613";"CARHUAPACCHA";"NE_0001";"";"NE_0001";"NE_0001";"NE_0001";"NE_0001";"NE_0001";"NE_0001";"NE_0001"
"2023";"12";"120113";"JUNIN";"HUANCAYO";"CULLHUAS";"GOBIERNO REGIONAL";"I-1";"00000616";"PIHUAS";"NE_0001";"";"NE_0001";"NE_0001";"NE_0001";"NE_0001";"NE_0001";"NE_0001";"NE_0001"
"2023";"12";"120121";"JUNIN";"HUANCAYO";"HUAYUCACHI";"GOBIERNO REGIONAL";"I-3";"00000622";"HUAYUCACHI";"NE_0001";"";"NE_0001";"NE_0001";"NE_0001";"NE_0001";"NE_0001";"NE_0001";"NE_0001"
"2023";"12";"120133";"JUNIN";"HUANCAYO";"SAPALLANGA";"GOBIERNO REGIONAL";"I-1";"00000631";"COCHARCAS";"NE_0001";"";"NE_0001";"NE_0001";"NE_0001";"NE_0001";"NE_0001";"NE_0001";"NE_0001"
"2023";"12";"120113";"JUNIN";"HUANCAYO";"CULLHUAS";"GOBIERNO REGIONAL";"I-1";"00012469";"CHUAMBA";"NE_0001";"";"NE_0001";"NE_0001";"NE_0001";"NE_0001";"NE_0001";"NE_0001";"NE_0001"
"2023";"12";"120107";"JUNIN";"HUANCAYO";"CHILCA";"GOBIERNO REGIONAL";"I-2";"00000609";"AZAPAMPA";"NE_0001";"";"NE_0001";"NE_0001";"NE_0001";"NE_0001";"NE_0001";"NE_0001";"NE_0001"
"2023";"12";"120107";"JUNIN";"HUANCAYO";"CHILCA";"GOBIERNO REGIONAL";"I-3";"00000610";"AUQUIMARCA";"NE_0001";"";"NE_0001";"NE_0001";"NE_0001";"NE_0001";"NE_0001";"NE_0001";"NE_0001"
"2023";"12";"120107";"JUNIN";"HUANCAYO";"CHILCA";"GOBIERNO REGIONAL";"I-2";"00000611";"LA ESPERANZA";"NE_0001";"";"NE_0001";"NE_0001";"NE_0001";"NE_0001";"NE_0001";"NE_0001";"NE_0001"
"2023";"12";"120113";"JUNIN";"HUANCAYO";"CULLHUAS";"GOBIERNO REGIONAL";"I-2";"00000615";"CULLHUAS";"NE_0001";"";"NE_0001";"NE_0001";"NE_0001";"NE_0001";"NE_0001";"NE_0001";"NE_0001"
"2023";"12";"120119";"JUNIN";"HUANCAYO";"HUANCAN";"GOBIERNO REGIONAL";"I-2";"00000621";"HUARI";"NE_0001";"";"NE_0001";"NE_0001";"NE_0001";"NE_0001";"NE_0001";"NE_0001";"NE_0001"
"2023";"12";"120133";"JUNIN";"HUANCAYO";"SAPALLANGA";"GOBIERNO REGIONAL";"I-1";"00000632";"MILUCHACA";"NE_0001";"";"NE_0001";"NE_0001";"NE_0001";"NE_0001";"NE_0001";"NE_0001";"NE_0001"
"2023";"12";"120133";"JUNIN";"HUANCAYO";"SAPALLANGA";"GOBIERNO REGIONAL";"I-1";"00000633";"MIRAFLORES";"NE_0001";"";"NE_0001";"NE_0001";"NE_0001";"NE_0001";"NE_0001";"NE_0001";"NE_0001"
"2023";"12";"120112";"JUNIN";"HUANCAYO";"COLCA";"GOBIERNO REGIONAL";"I-1";"00000702";"SANTA CRUZ DE LARIA";"NE_0001";"";"NE_0001";"NE_0001";"NE_0001";"NE_0001";"NE_0001";"NE_0001";"NE_0001"
"2023";"12";"021809";"ANCASH";"SANTA";"NUEVO CHIMBOTE";"GOBIERNO REGIONAL";"I-2";"00001705";"PUESTO DE SALUD 3 DE OCTUBRE";"NE_0001";"";"NE_0001";"NE_0001";"NE_0001";"NE_0001";"NE_0001";"NE_0001";"NE_0001"
"2023";"12";"021805";"ANCASH";"SANTA";"MORO";"GOBIERNO REGIONAL";"I-1";"00001718";"PUESTO DE SALUD CAPTUY";"NE_0001";"";"NE_0001";"NE_0001";"NE_0001";"NE_0001";"NE_0001";"NE_0001";"NE_0001"
"2023";"12";"020110";"ANCASH";"HUARAZ";"PARIACOTO";"GOBIERNO REGIONAL";"I-4";"00001734";"CENTRO DE SALUD PARIACOTO";"NE_0001";"";"NE_0001";"NE_0001";"NE_0001";"NE_0001";"NE_0001";"NE_0001";"NE_0001"
"2023";"12";"022005";"ANCASH";"YUNGAY";"QUILLO";"GOBIERNO REGIONAL";"I-4";"00001738";"CENTRO DE SALUD QUILLO";"NE_0001";"";"NE_0001";"NE_0001";"NE_0001";"NE_0001";"NE_0001";"NE_0001";"NE_0001"
"2023";"12";"021103";"ANCASH";"HUARMEY";"CULEBRAS";"GOBIERNO REGIONAL";"I-2";"00001746";"PUESTO DE SALUD QUIAN";"NE_0001";"";"NE_0001";"NE_0001";"NE_0001";"NE_0001";"NE_0001";"NE_0001";"NE_0001"
"2023";"12";"020104";"ANCASH";"HUARAZ";"HUANCHAY";"GOBIERNO REGIONAL";"I-1";"00001747";"PUESTO DE SALUD RAYPA";"NE_0001";"";"NE_0001";"NE_0001";"NE_0001";"NE_0001";"NE_0001";"NE_0001";"NE_0001"
"2023";"12";"021802";"ANCASH";"SANTA";"CACERES DEL PERU";"GOBIERNO REGIONAL";"I-2";"00001710";"PUESTO DE SALUD COLCAP";"NE_0001";"";"NE_0001";"NE_0001";"NE_0001";"NE_0001";"NE_0001";"NE_0001";"NE_0001"
"2023";"12";"021807";"ANCASH";"SANTA";"SAMANCO";"GOBIERNO REGIONAL";"I-1";"00001713";"PUESTO DE SALUD HUAMBACHO";"NE_0001";"";"NE_0001";"NE_0001";"NE_0001";"NE_0001";"NE_0001";"NE_0001";"NE_0001"
"2023";"12";"020802";"ANCASH";"CASMA";"BUENA VISTA ALTA";"GOBIERNO REGIONAL";"I-2";"00001725";"PUESTO DE SALUD EL OLIVAR";"NE_0001";"";"NE_0001";"NE_0001";"NE_0001";"NE_0001";"NE_0001";"NE_0001";"NE_0001"
"2023";"12";"020803";"ANCASH";"CASMA";"COMANDANTE NOEL";"GOBIERNO REGIONAL";"I-1";"00001727";"PUESTO DE SALUD TORTUGAS";"NE_0001";"";"NE_0001";"NE_0001";"NE_0001";"NE_0001";"NE_0001";"NE_0001";"NE_0001"
"2023";"12";"020804";"ANCASH";"CASMA";"YAUTAN";"GOBIERNO REGIONAL";"I-1";"00001729";"PUESTO DE SALUD CACHIPAMPA";"NE_0001";"";"NE_0001";"NE_0001";"NE_0001";"NE_0001";"NE_0001";"NE_0001";"NE_0001"
"2023";"12";"020102";"ANCASH";"HUARAZ";"COCHABAMBA";"GOBIERNO REGIONAL";"I-2";"00001730";"PUESTO DE SALUD COCHABAMBA";"NE_0001";"";"NE_0001";"NE_0001";"NE_0001";"NE_0001";"NE_0001";"NE_0001";"NE_0001"
"2023";"12";"022005";"ANCASH";"YUNGAY";"QUILLO";"GOBIERNO REGIONAL";"I-2";"00001739";"PUESTO DE SALUD HUACHO";"NE_0001";"";"NE_0001";"NE_0001";"NE_0001";"NE_0001";"NE_0001";"NE_0001";"NE_0001"
"2023";"12";"021103";"ANCASH";"HUARMEY";"CULEBRAS";"GOBIERNO REGIONAL";"I-2";"00001743";"PUESTO DE SALUD CULEBRAS";"NE_0001";"";"NE_0001";"NE_0001";"NE_0001";"NE_0001";"NE_0001";"NE_0001";"NE_0001"
"2023";"12";"021101";"ANCASH";"HUARMEY";"HUARMEY";"GOBIERNO REGIONAL";"I-1";"00001751";"PUESTO DE SALUD HUAMBA";"NE_0001";"";"NE_0001";"NE_0001";"NE_0001";"NE_0001";"NE_0001";"NE_0001";"NE_0001"
"2023";"12";"090203";"HUANCAVELICA";"ACOBAMBA";"ANTA";"GOBIERNO REGIONAL";"I-1";"00011230";"PUESTO DE SALUD RAYANNIYOCC";"NE_0001";"";"NE_0001";"NE_0001";"NE_0001";"NE_0001";"NE_0001";"NE_0001";"NE_0001"
"2023";"12";"090203";"HUANCAVELICA";"ACOBAMBA";"ANTA";"GOBIERNO REGIONAL";"I-3";"00003939";"CENTRO DE SALUD ANTA";"NE_0001";"";"NE_0001";"NE_0001";"NE_0001";"NE_0001";"NE_0001";"NE_0001";"NE_0001"
"2023";"12";"090203";"HUANCAVELICA";"ACOBAMBA";"ANTA";"GOBIERNO REGIONAL";"I-1";"00009697";"PUESTO DE SALUD DE CASACANCHA";"NE_0001";"";"NE_0001";"NE_0001";"NE_0001";"NE_0001";"NE_0001";"NE_0001";"NE_0001"
"2023";"12";"090203";"HUANCAVELICA";"ACOBAMBA";"ANTA";"GOBIERNO REGIONAL";"I-1";"00009469";"PUESTO DE SALUD VISTA ALEGRE DE ANTA";"NE_0001";"";"NE_0001";"NE_0001";"NE_0001";"NE_0001";"NE_0001";"NE_0001";"NE_0001"
"2023";"12";"120706";"JUNIN";"TARMA";"PALCA";"GOBIERNO REGIONAL";"I-1";"00000572";"LLACSACACA";"NE_0001";"";"NE_0001";"NE_0001";"NE_0001";"NE_0001";"NE_0001";"NE_0001";"NE_0001"
"2023";"12";"120706";"JUNIN";"TARMA";"PALCA";"GOBIERNO REGIONAL";"I-1";"00000573";"CHIPOCAYO";"NE_0001";"";"NE_0001";"NE_0001";"NE_0001";"NE_0001";"NE_0001";"NE_0001";"NE_0001"
"2023";"12";"120706";"JUNIN";"TARMA";"PALCA";"GOBIERNO REGIONAL";"I-3";"00000569";"PALCA";"NE_0001";"";"NE_0001";"NE_0001";"NE_0001";"NE_0001";"NE_0001";"NE_0001";"NE_0001"
"2023";"12";"120706";"JUNIN";"TARMA";"PALCA";"GOBIERNO REGIONAL";"I-1";"00000574";"YAROCA";"NE_0001";"";"NE_0001";"NE_0001";"NE_0001";"NE_0001";"NE_0001";"NE_0001";"NE_0001"
"2023";"12";"120706";"JUNIN";"TARMA";"PALCA";"GOBIERNO REGIONAL";"I-1";"00000575";"HUARIPAMPA";"NE_0001";"";"NE_0001";"NE_0001";"NE_0001";"NE_0001";"NE_0001";"NE_0001";"NE_0001"
"2023";"12";"120706";"JUNIN";"TARMA";"PALCA";"GOBIERNO REGIONAL";"I-1";"00000576";"PATAY";"NE_0001";"";"NE_0001";"NE_0001";"NE_0001";"NE_0001";"NE_0001";"NE_0001";"NE_0001"
"2023";"12";"120706";"JUNIN";"TARMA";"PALCA";"GOBIERNO REGIONAL";"I-1";"00000570";"ÑAHUIN";"NE_0001";"";"NE_0001";"NE_0001";"NE_0001";"NE_0001";"NE_0001";"NE_0001";"NE_0001"
"2023";"12";"120706";"JUNIN";"TARMA";"PALCA";"GOBIERNO REGIONAL";"I-1";"00000571";"CARPAPATA";"NE_0001";"";"NE_0001";"NE_0001";"NE_0001";"NE_0001";"NE_0001";"NE_0001";"NE_0001"
"2023";"12";"021801";"ANCASH";"SANTA";"CHIMBOTE";"ESSALUD";"I-3";"00010013";"POLICLÍNICO DE COMPLEJIDAD CRECIENTE ""VICTOR PANTA RODRIGUEZ""";"NE_0001";"";"NE_0001";"NE_0001";"NE_0001";"NE_0001";"NE_0001";"NE_0001";"NE_0001"
"2023";"12";"130906";"LA LIBERTAD";"SANCHEZ CARRION";"SANAGORAN";"GOBIERNO REGIONAL";"I-2";"00007240";"HUALASGOSDAY";"NE_0001";"";"NE_0001";"NE_0001";"NE_0001";"NE_0001";"NE_0001";"NE_0001";"NE_0001"
"2023";"12";"120205";"JUNIN";"CONCEPCION";"COCHAS";"GOBIERNO REGIONAL";"I-2";"00000676";"COCHAS";"NE_0001";"";"NE_0001";"NE_0001";"NE_0001";"NE_0001";"NE_0001";"NE_0001";"NE_0001"
"2023";"12";"120206";"JUNIN";"CONCEPCION";"COMAS";"GOBIERNO REGIONAL";"I-1";"00000684";"RUNATULLO";"NE_0001";"";"NE_0001";"NE_0001";"NE_0001";"NE_0001";"NE_0001";"NE_0001";"NE_0001"
"2023";"12";"120203";"JUNIN";"CONCEPCION";"ANDAMARCA";"GOBIERNO REGIONAL";"I-1";"00019790";"PUNCO";"NE_0001";"";"NE_0001";"NE_0001";"NE_0001";"NE_0001";"NE_0001";"NE_0001";"NE_0001"
"2023";"12";"120135";"JUNIN";"HUANCAYO";"SANTO DOMINGO DE ACOBAMBA";"GOBIERNO REGIONAL";"I-1";"00024428";"POTRERO";"NE_0001";"";"NE_0001";"NE_0001";"NE_0001";"NE_0001";"NE_0001";"NE_0001";"NE_0001"
"2023";"12";"120135";"JUNIN";"HUANCAYO";"SANTO DOMINGO DE ACOBAMBA";"GOBIERNO REGIONAL";"I-3";"00000666";"SANTO DOMINGO DE ACOBAMBA";"NE_0001";"";"NE_0001";"NE_0001";"NE_0001";"NE_0001";"NE_0001";"NE_0001";"NE_0001"
"2023";"12";"120205";"JUNIN";"CONCEPCION";"COCHAS";"GOBIERNO REGIONAL";"I-1";"00000677";"PILCOLLAMA";"NE_0001";"";"NE_0001";"NE_0001";"NE_0001";"NE_0001";"NE_0001";"NE_0001";"NE_0001"
"2023";"12";"120206";"JUNIN";"CONCEPCION";"COMAS";"GOBIERNO REGIONAL";"I-3";"00000678";"COMAS";"NE_0001";"";"NE_0001";"NE_0001";"NE_0001";"NE_0001";"NE_0001";"NE_0001";"NE_0001"
"2023";"12";"120206";"JUNIN";"CONCEPCION";"COMAS";"GOBIERNO REGIONAL";"I-1";"00000682";"TALHUIS";"NE_0001";"";"NE_0001";"NE_0001";"NE_0001";"NE_0001";"NE_0001";"NE_0001";"NE_0001"
"2023";"12";"120209";"JUNIN";"CONCEPCION";"MARISCAL CASTILLA";"GOBIERNO REGIONAL";"I-2";"00000686";"MARISCAL CASTILLA";"NE_0001";"";"NE_0001";"NE_0001";"NE_0001";"NE_0001";"NE_0001";"NE_0001";"NE_0001"
"2023";"12";"120135";"JUNIN";"HUANCAYO";"SANTO DOMINGO DE ACOBAMBA";"GOBIERNO REGIONAL";"I-2";"00000667";"MATICHACRA";"NE_0001";"";"NE_0001";"NE_0001";"NE_0001";"NE_0001";"NE_0001";"NE_0001";"NE_0001"
"2023";"12";"120203";"JUNIN";"CONCEPCION";"ANDAMARCA";"GOBIERNO REGIONAL";"I-2";"00000673";"PUCACOCHA";"NE_0001";"";"NE_0001";"NE_0001";"NE_0001";"NE_0001";"NE_0001";"NE_0001";"NE_0001"
"2023";"12";"120135";"JUNIN";"HUANCAYO";"SANTO DOMINGO DE ACOBAMBA";"GOBIERNO REGIONAL";"I-2";"00000744";"YUNCACHAQUICOCHA";"NE_0001";"";"NE_0001";"NE_0001";"NE_0001";"NE_0001";"NE_0001";"NE_0001";"NE_0001"
"2023";"12";"120135";"JUNIN";"HUANCAYO";"SANTO DOMINGO DE ACOBAMBA";"GOBIERNO REGIONAL";"I-1";"00007082";"HUANCAMAYO";"NE_0001";"";"NE_0001";"NE_0001";"NE_0001";"NE_0001";"NE_0001";"NE_0001";"NE_0001"
"2023";"12";"120135";"JUNIN";"HUANCAYO";"SANTO DOMINGO DE ACOBAMBA";"GOBIERNO REGIONAL";"I-1";"00012468";"LA NUEVA LIBERTAD DE PUNTO";"NE_0001";"";"NE_0001";"NE_0001";"NE_0001";"NE_0001";"NE_0001";"NE_0001";"NE_0001"
"2023";"12";"120203";"JUNIN";"CONCEPCION";"ANDAMARCA";"GOBIERNO REGIONAL";"I-1";"00019793";"HUANUCO";"NE_0001";"";"NE_0001";"NE_0001";"NE_0001";"NE_0001";"NE_0001";"NE_0001";"NE_0001"
"2023";"12";"120135";"JUNIN";"HUANCAYO";"SANTO DOMINGO DE ACOBAMBA";"GOBIERNO REGIONAL";"I-1";"00000668";"PAURAN ATICOCHA";"NE_0001";"";"NE_0001";"NE_0001";"NE_0001";"NE_0001";"NE_0001";"NE_0001";"NE_0001"
"2023";"12";"120135";"JUNIN";"HUANCAYO";"SANTO DOMINGO DE ACOBAMBA";"GOBIERNO REGIONAL";"I-1";"00024779";"DURAZNO PATA";"NE_0001";"";"NE_0001";"NE_0001";"NE_0001";"NE_0001";"NE_0001";"NE_0001";"NE_0001"
"2023";"12";"120135";"JUNIN";"HUANCAYO";"SANTO DOMINGO DE ACOBAMBA";"GOBIERNO REGIONAL";"I-1";"00024780";"ROSASPAMPA";"NE_0001";"";"NE_0001";"NE_0001";"NE_0001";"NE_0001";"NE_0001";"NE_0001";"NE_0001"
"2023";"12";"120135";"JUNIN";"HUANCAYO";"SANTO DOMINGO DE ACOBAMBA";"GOBIERNO REGIONAL";"I-2";"00000669";"PUMABAMBA";"NE_0001";"";"NE_0001";"NE_0001";"NE_0001";"NE_0001";"NE_0001";"NE_0001";"NE_0001"
"2023";"12";"120135";"JUNIN";"HUANCAYO";"SANTO DOMINGO DE ACOBAMBA";"GOBIERNO REGIONAL";"I-1";"00000670";"SANTA ROSA DE ASTILLERIA";"NE_0001";"";"NE_0001";"NE_0001";"NE_0001";"NE_0001";"NE_0001";"NE_0001";"NE_0001"
"2023";"12";"120205";"JUNIN";"CONCEPCION";"COCHAS";"GOBIERNO REGIONAL";"I-1";"00019792";"ANDAS";"NE_0001";"";"NE_0001";"NE_0001";"NE_0001";"NE_0001";"NE_0001";"NE_0001";"NE_0001"
"2023";"12";"120203";"JUNIN";"CONCEPCION";"ANDAMARCA";"GOBIERNO REGIONAL";"I-2";"00000672";"ANDAMARCA";"NE_0001";"";"NE_0001";"NE_0001";"NE_0001";"NE_0001";"NE_0001";"NE_0001";"NE_0001"
"2023";"12";"120206";"JUNIN";"CONCEPCION";"COMAS";"GOBIERNO REGIONAL";"I-2";"00000679";"CANCHAPALCA";"NE_0001";"";"NE_0001";"NE_0001";"NE_0001";"NE_0001";"NE_0001";"NE_0001";"NE_0001"
"2023";"12";"120206";"JUNIN";"CONCEPCION";"COMAS";"GOBIERNO REGIONAL";"I-2";"00000680";"RACRACALLA";"NE_0001";"";"NE_0001";"NE_0001";"NE_0001";"NE_0001";"NE_0001";"NE_0001";"NE_0001"
"2023";"12";"120206";"JUNIN";"CONCEPCION";"COMAS";"GOBIERNO REGIONAL";"I-1";"00000681";"POMAMANTA";"NE_0001";"";"NE_0001";"NE_0001";"NE_0001";"NE_0001";"NE_0001";"NE_0001";"NE_0001"
"2023";"12";"060805";"CAJAMARCA";"JAEN";"HUABAL";"GOBIERNO REGIONAL";"I-1";"00016136";"CAJONES";"NE_0001";"";"NE_0001";"NE_0001";"NE_0001";"NE_0001";"NE_0001";"NE_0001";"NE_0001"
"2023";"12";"060805";"CAJAMARCA";"JAEN";"HUABAL";"GOBIERNO REGIONAL";"I-1";"00004242";"SAN FRANCISCO DE ASIS";"NE_0001";"";"NE_0001";"NE_0001";"NE_0001";"NE_0001";"NE_0001";"NE_0001";"NE_0001"
"2023";"12";"060805";"CAJAMARCA";"JAEN";"HUABAL";"GOBIERNO REGIONAL";"I-2";"00007687";"HUACO";"NE_0001";"";"NE_0001";"NE_0001";"NE_0001";"NE_0001";"NE_0001";"NE_0001";"NE_0001"
"2023";"12";"221005";"SAN MARTIN";"TOCACHE";"UCHIZA";"ESSALUD";"I-2";"00010702";"POSTA MEDICA SANTA LUCIA";"NE_0001";"";"NE_0001";"NE_0001";"NE_0001";"NE_0001";"NE_0001";"NE_0001";"NE_0001"
"2023";"12";"120606";"JUNIN";"SATIPO";"PANGOA";"GOBIERNO REGIONAL";"I-2";"00000451";"MATERENI";"NE_0001";"";"NE_0001";"NE_0001";"NE_0001";"NE_0001";"NE_0001";"NE_0001";"NE_0001"
"2023";"12";"120606";"JUNIN";"SATIPO";"PANGOA";"GOBIERNO REGIONAL";"I-1";"00021802";"SAN JUAN DE PUEBLO LIBRE";"NE_0001";"";"NE_0001";"NE_0001";"NE_0001";"NE_0001";"NE_0001";"NE_0001";"NE_0001"
"2023";"12";"120606";"JUNIN";"SATIPO";"PANGOA";"GOBIERNO REGIONAL";"I-3";"00000446";"CUBANTIA";"NE_0001";"";"NE_0001";"NE_0001";"NE_0001";"NE_0001";"NE_0001";"NE_0001";"NE_0001"
"2023";"12";"120606";"JUNIN";"SATIPO";"PANGOA";"GOBIERNO REGIONAL";"I-1";"00000449";"MAZARONQUIARI";"NE_0001";"";"NE_0001";"NE_0001";"NE_0001";"NE_0001";"NE_0001";"NE_0001";"NE_0001"
"2023";"12";"120606";"JUNIN";"SATIPO";"PANGOA";"GOBIERNO REGIONAL";"I-1";"00000452";"FORTALEZA";"NE_0001";"";"NE_0001";"NE_0001";"NE_0001";"NE_0001";"NE_0001";"NE_0001";"NE_0001"
"2023";"12";"120606";"JUNIN";"SATIPO";"PANGOA";"GOBIERNO REGIONAL";"I-1";"00021804";"ALTO CHICHIRENI";"NE_0001";"";"NE_0001";"NE_0001";"NE_0001";"NE_0001";"NE_0001";"NE_0001";"NE_0001"
"2023";"12";"120606";"JUNIN";"SATIPO";"PANGOA";"GOBIERNO REGIONAL";"I-1";"00000457";"BOCA KIATARI";"NE_0001";"";"NE_0001";"NE_0001";"NE_0001";"NE_0001";"NE_0001";"NE_0001";"NE_0001"
"2023";"12";"120606";"JUNIN";"SATIPO";"PANGOA";"GOBIERNO REGIONAL";"I-1";"00021801";"SANTA CRUZ DE ANAPATI";"NE_0001";"";"NE_0001";"NE_0001";"NE_0001";"NE_0001";"NE_0001";"NE_0001";"NE_0001"
"2023";"12";"120606";"JUNIN";"SATIPO";"PANGOA";"GOBIERNO REGIONAL";"I-1";"00027800";"MAVENI";"NE_0001";"";"NE_0001";"NE_0001";"NE_0001";"NE_0001";"NE_0001";"NE_0001";"NE_0001"
"2023";"12";"120606";"JUNIN";"SATIPO";"PANGOA";"GOBIERNO REGIONAL";"I-1";"00000454";"CAMPIRUSHARI";"NE_0001";"";"NE_0001";"NE_0001";"NE_0001";"NE_0001";"NE_0001";"NE_0001";"NE_0001"
"2023";"12";"120606";"JUNIN";"SATIPO";"PANGOA";"GOBIERNO REGIONAL";"I-1";"00021805";"SAN JUAN DE SANGARENI";"NE_0001";"";"NE_0001";"NE_0001";"NE_0001";"NE_0001";"NE_0001";"NE_0001";"NE_0001"
"2023";"12";"120606";"JUNIN";"SATIPO";"PANGOA";"GOBIERNO REGIONAL";"I-1";"00021806";"LIBERTAD DE ANAPATI";"NE_0001";"";"NE_0001";"NE_0001";"NE_0001";"NE_0001";"NE_0001";"NE_0001";"NE_0001"
"2023";"12";"120606";"JUNIN";"SATIPO";"PANGOA";"GOBIERNO REGIONAL";"I-1";"00024571";"PUERTO PORVENIR";"NE_0001";"";"NE_0001";"NE_0001";"NE_0001";"NE_0001";"NE_0001";"NE_0001";"NE_0001"
"2023";"12";"120606";"JUNIN";"SATIPO";"PANGOA";"GOBIERNO REGIONAL";"I-1";"00000455";"JERUSALEN DE MIÑARO DE NOMESTSIGUENGA";"NE_0001";"";"NE_0001";"NE_0001";"NE_0001";"NE_0001";"NE_0001";"NE_0001";"NE_0001"
"2023";"12";"090205";"HUANCAVELICA";"ACOBAMBA";"MARCAS";"GOBIERNO REGIONAL";"I-1";"00011220";"PUESTO DE SALUD HUARPA";"NE_0001";"";"NE_0001";"NE_0001";"NE_0001";"NE_0001";"NE_0001";"NE_0001";"NE_0001"
"2023";"12";"200301";"PIURA";"HUANCABAMBA";"HUANCABAMBA";"SANIDAD DE LA POLICIA NACIONAL DEL PERU";"I-1";"00010680";"PUESTO SANITARIO PNP HUANCABAMBA";"NE_0002";"";"NE_0002";"NE_0002";"NE_0002";"NE_0002";"NE_0002";"NE_0002";"NE_0002"
"2023";"12";"021905";"ANCASH";"SIHUAS";"CHINGALPO";"GOBIERNO REGIONAL";"I-1";"00001800";"PUESTO DE SALUD CHINGALPO";"NE_0002";"";"NE_0002";"NE_0002";"NE_0002";"NE_0002";"NE_0002";"NE_0002";"NE_0002"
"2023";"12";"150113";"LIMA";"LIMA";"JESUS MARIA";"PRIVADO";"II-E";"00010669";"CLÍNICA PERUANA DE LA VISION";"NE_0001";"";"NE_0001";"NE_0001";"NE_0001";"NE_0001";"NE_0001";"NE_0001";"NE_0001"
"2023";"12";"090207";"HUANCAVELICA";"ACOBAMBA";"POMACOCHA";"GOBIERNO REGIONAL";"I-2";"00003923";"PUESTO DE SALUD POMACOCHA";"NE_0001";"";"NE_0001";"NE_0001";"NE_0001";"NE_0001";"NE_0001";"NE_0001";"NE_0001"
"2023";"12";"090207";"HUANCAVELICA";"ACOBAMBA";"POMACOCHA";"GOBIERNO REGIONAL";"I-1";"00009698";"PUESTO DE SALUD INCAPACCHAN";"NE_0001";"";"NE_0001";"NE_0001";"NE_0001";"NE_0001";"NE_0001";"NE_0001";"NE_0001"
"2023";"12";"090201";"HUANCAVELICA";"ACOBAMBA";"ACOBAMBA";"GOBIERNO REGIONAL";"I-1";"00003922";"PUESTO DE SALUD CCARABAMBA";"NE_0001";"";"NE_0001";"NE_0001";"NE_0001";"NE_0001";"NE_0001";"NE_0001";"NE_0001"
"2023";"12";"090201";"HUANCAVELICA";"ACOBAMBA";"ACOBAMBA";"GOBIERNO REGIONAL";"I-2";"00003918";"PUESTO DE SALUD CURIMARAY";"NE_0001";"";"NE_0001";"NE_0001";"NE_0001";"NE_0001";"NE_0001";"NE_0001";"NE_0001"
"2023";"12";"090201";"HUANCAVELICA";"ACOBAMBA";"ACOBAMBA";"GOBIERNO REGIONAL";"I-1";"00009502";"PUESTO DE SALUD TRES DE OCTUBRE";"NE_0001";"";"NE_0001";"NE_0001";"NE_0001";"NE_0001";"NE_0001";"NE_0001";"NE_0001"
"2023";"12";"090207";"HUANCAVELICA";"ACOBAMBA";"POMACOCHA";"GOBIERNO REGIONAL";"I-1";"00009707";"PUESTO DE SALUD AYAHUASAN";"NE_0001";"";"NE_0001";"NE_0001";"NE_0001";"NE_0001";"NE_0001";"NE_0001";"NE_0001"
"2023";"12";"090201";"HUANCAVELICA";"ACOBAMBA";"ACOBAMBA";"GOBIERNO REGIONAL";"I-1";"00003920";"PUESTO DE SALUD DE CCARHUACC";"NE_0001";"";"NE_0001";"NE_0001";"NE_0001";"NE_0001";"NE_0001";"NE_0001";"NE_0001"
"2023";"12";"090207";"HUANCAVELICA";"ACOBAMBA";"POMACOCHA";"GOBIERNO REGIONAL";"I-3";"00003924";"CENTRO DE SALUD CHOCLOCOCHA";"NE_0001";"";"NE_0001";"NE_0001";"NE_0001";"NE_0001";"NE_0001";"NE_0001";"NE_0001"
"2023";"12";"090201";"HUANCAVELICA";"ACOBAMBA";"ACOBAMBA";"GOBIERNO REGIONAL";"I-1";"00003921";"PUESTO DE SALUD DE VILLA RICA";"NE_0001";"";"NE_0001";"NE_0001";"NE_0001";"NE_0001";"NE_0001";"NE_0001";"NE_0001"
"2023";"12";"090207";"HUANCAVELICA";"ACOBAMBA";"POMACOCHA";"GOBIERNO REGIONAL";"I-1";"00003925";"PUESTO DE SALUD YANACCOCHA";"NE_0001";"";"NE_0001";"NE_0001";"NE_0001";"NE_0001";"NE_0001";"NE_0001";"NE_0001"
"2023";"12";"090201";"HUANCAVELICA";"ACOBAMBA";"ACOBAMBA";"GOBIERNO REGIONAL";"I-1";"00003919";"PUESTO DE SALUD POMAVILCA";"NE_0001";"";"NE_0001";"NE_0001";"NE_0001";"NE_0001";"NE_0001";"NE_0001";"NE_0001"
"2023";"12";"030601";"APURIMAC";"CHINCHEROS";"CHINCHEROS";"SANIDAD DE LA POLICIA NACIONAL DEL PERU";"I-2";"00011894";"POSTA MÉDICA SANIDAD CHINCHEROS";"NE_0001";"";"NE_0001";"NE_0001";"NE_0001";"NE_0001";"NE_0001";"NE_0001";"NE_0001"
"2023";"12";"070101";"CALLAO";"CALLAO";"CALLAO";"PRIVADO";"I-2";"00018306";"CENTRO DE ATENCIÓN PRIMARIA ALBERTO LEONARDO BARTON THOMPSON";"NE_0001";"";"NE_0001";"NE_0001";"NE_0001";"NE_0001";"NE_0001";"NE_0001";"NE_0001"
"2023";"12";"120101";"JUNIN";"HUANCAYO";"HUANCAYO";"ESSALUD";"I-3";"00012190";"CAP III MANTARO";"NE_0001";"";"NE_0001";"NE_0001";"NE_0001";"NE_0001";"NE_0001";"NE_0001";"NE_0001"
"2023";"12";"021905";"ANCASH";"SIHUAS";"CHINGALPO";"GOBIERNO REGIONAL";"I-1";"00001754";"PUESTO DE SALUD SAN MIGUEL";"NE_0002";"";"NE_0002";"NE_0002";"NE_0002";"NE_0002";"NE_0002";"NE_0002";"NE_0002"
"2023";"12";"150108";"LIMA";"LIMA";"CHORRILLOS";"MINSA";"III-E";"00007734";"INSTITUTO NACIONAL DE REHABILITACION DRA. ADRIANA REBAZA FLORES - AMISTAD PERU-JAPON";"240000";"HOSPITALIZACIÓN";"12";"23";"1814";"1248";"46";"1426";"0"
"2023";"12";"040514";"AREQUIPA";"CAYLLOMA";"SAN ANTONIO DE CHUCA";"GOBIERNO REGIONAL";"I-2";"00001242";"PUESTO DE SALUD IMATA";"NE_0002";"";"NE_0002";"NE_0002";"NE_0002";"NE_0002";"NE_0002";"NE_0002";"NE_0002"
"2023";"12";"040128";"AREQUIPA";"AREQUIPA";"YURA";"GOBIERNO REGIONAL";"I-3";"00001253";"CENTRO DE SALUD CIUDAD DE DIOS";"NE_0002";"";"NE_0002";"NE_0002";"NE_0002";"NE_0002";"NE_0002";"NE_0002";"NE_0002"
"2023";"12";"040511";"AREQUIPA";"CAYLLOMA";"LLUTA";"GOBIERNO REGIONAL";"I-2";"00001255";"PUESTO DE SALUD LLUTA";"NE_0002";"";"NE_0002";"NE_0002";"NE_0002";"NE_0002";"NE_0002";"NE_0002";"NE_0002"
"2023";"12";"040511";"AREQUIPA";"CAYLLOMA";"LLUTA";"GOBIERNO REGIONAL";"I-2";"00001256";"PUESTO DE SALUD TAYA";"NE_0002";"";"NE_0002";"NE_0002";"NE_0002";"NE_0002";"NE_0002";"NE_0002";"NE_0002"
"2023";"12";"040126";"AREQUIPA";"AREQUIPA";"YANAHUARA";"GOBIERNO REGIONAL";"I-1";"00001241";"PUESTO DE SALUD SUMBAY - CHASQUIPAMPA";"NE_0002";"";"NE_0002";"NE_0002";"NE_0002";"NE_0002";"NE_0002";"NE_0002";"NE_0002"
"2023";"12";"040514";"AREQUIPA";"CAYLLOMA";"SAN ANTONIO DE CHUCA";"GOBIERNO REGIONAL";"I-1";"00001243";"PUESTO DE SALUD PILLONES";"NE_0002";"";"NE_0002";"NE_0002";"NE_0002";"NE_0002";"NE_0002";"NE_0002";"NE_0002"
"2023";"12";"040128";"AREQUIPA";"AREQUIPA";"YURA";"GOBIERNO REGIONAL";"I-2";"00001254";"PUESTO DE SALUD YURA";"NE_0002";"";"NE_0002";"NE_0002";"NE_0002";"NE_0002";"NE_0002";"NE_0002";"NE_0002"
"2023";"12";"040508";"AREQUIPA";"CAYLLOMA";"HUANCA";"GOBIERNO REGIONAL";"I-2";"00001239";"PUESTO DE SALUD HUANCA";"NE_0002";"";"NE_0002";"NE_0002";"NE_0002";"NE_0002";"NE_0002";"NE_0002";"NE_0002"
"2023";"12";"021601";"ANCASH";"POMABAMBA";"POMABAMBA";"GOBIERNO REGIONAL";"I-1";"00001771";"PUESTO DE SALUD CHOGO";"NE_0002";"";"NE_0002";"NE_0002";"NE_0002";"NE_0002";"NE_0002";"NE_0002";"NE_0002"
"2023";"12";"021603";"ANCASH";"POMABAMBA";"PAROBAMBA";"GOBIERNO REGIONAL";"I-1";"00001776";"PUESTO DE SALUD PAROBAMBA NUEVO";"NE_0002";"";"NE_0002";"NE_0002";"NE_0002";"NE_0002";"NE_0002";"NE_0002";"NE_0002"
"2023";"12";"021603";"ANCASH";"POMABAMBA";"PAROBAMBA";"GOBIERNO REGIONAL";"I-2";"00001780";"PUESTO DE SALUD CHANGA";"NE_0002";"";"NE_0002";"NE_0002";"NE_0002";"NE_0002";"NE_0002";"NE_0002";"NE_0002"
"2023";"12";"021604";"ANCASH";"POMABAMBA";"QUINUABAMBA";"GOBIERNO REGIONAL";"I-1";"00001782";"YAMIAN";"NE_0002";"";"NE_0002";"NE_0002";"NE_0002";"NE_0002";"NE_0002";"NE_0002";"NE_0002"
"2023";"12";"021603";"ANCASH";"POMABAMBA";"PAROBAMBA";"GOBIERNO REGIONAL";"I-4";"00001775";"CENTRO DE SALUD PAROBAMBA VIEJO";"NE_0002";"";"NE_0002";"NE_0002";"NE_0002";"NE_0002";"NE_0002";"NE_0002";"NE_0002"
"2023";"12";"021603";"ANCASH";"POMABAMBA";"PAROBAMBA";"GOBIERNO REGIONAL";"I-2";"00001777";"PUESTO DE SALUD HUANCHAYLLO";"NE_0002";"";"NE_0002";"NE_0002";"NE_0002";"NE_0002";"NE_0002";"NE_0002";"NE_0002"
"2023";"12";"021604";"ANCASH";"POMABAMBA";"QUINUABAMBA";"GOBIERNO REGIONAL";"I-2";"00001781";"PUESTO DE SALUD QUINUABAMBA";"NE_0002";"";"NE_0002";"NE_0002";"NE_0002";"NE_0002";"NE_0002";"NE_0002";"NE_0002"
"2023";"11";"250101";"UCAYALI";"CORONEL PORTILLO";"CALLERIA";"GOBIERNO REGIONAL";"I-3";"00005565";"NUEVO PARAISO";"NE_0001";"";"NE_0001";"NE_0001";"NE_0001";"NE_0001";"NE_0001";"NE_0001";"NE_0001"
"2023";"11";"250105";"UCAYALI";"CORONEL PORTILLO";"YARINACOCHA";"GOBIERNO REGIONAL";"I-2";"00005559";"SHIRAMBARI.";"NE_0001";"";"NE_0001";"NE_0001";"NE_0001";"NE_0001";"NE_0001";"NE_0001";"NE_0001"
"2023";"11";"250105";"UCAYALI";"CORONEL PORTILLO";"YARINACOCHA";"GOBIERNO REGIONAL";"I-1";"00005547";"SANTA TERESITA";"NE_0001";"";"NE_0001";"NE_0001";"NE_0001";"NE_0001";"NE_0001";"NE_0001";"NE_0001"
"2023";"11";"250105";"UCAYALI";"CORONEL PORTILLO";"YARINACOCHA";"GOBIERNO REGIONAL";"I-3";"00005539";"CENTRO AMERICA";"NE_0001";"";"NE_0001";"NE_0001";"NE_0001";"NE_0001";"NE_0001";"NE_0001";"NE_0001"
"2023";"12";"120105";"JUNIN";"HUANCAYO";"CHACAPAMPA";"GOBIERNO REGIONAL";"I-1";"00000696";"LOS ANGELES";"NE_0001";"";"NE_0001";"NE_0001";"NE_0001";"NE_0001";"NE_0001";"NE_0001";"NE_0001"
"2023";"12";"070106";"CALLAO";"CALLAO";"VENTANILLA";"GOBIERNO REGIONAL";"I-4";"00006256";"CENTRO DE SALUD VILLA LOS REYES";"241600";"HOSPITALIZACIÓN QUIRÚRGICA OBSTETRICIA   ";"8";"8";"8";"124";"4";"124";"0"
"2023";"12";"070106";"CALLAO";"CALLAO";"VENTANILLA";"GOBIERNO REGIONAL";"I-2";"00032158";"CENTRO DE SALUD MENTAL COMUNITARIO VENTANILLA NORTE";"NE_0001";"";"NE_0001";"NE_0001";"NE_0001";"NE_0001";"NE_0001";"NE_0001";"NE_0001"
"2023";"12";"070107";"CALLAO";"CALLAO";"MI PERU";"GOBIERNO REGIONAL";"I-2";"00029381";"CENTRO DE SALUD MENTAL COMUNITARIO MI PERU";"NE_0001";"";"NE_0001";"NE_0001";"NE_0001";"NE_0001";"NE_0001";"NE_0001";"NE_0001"
"2023";"12";"070107";"CALLAO";"CALLAO";"MI PERU";"GOBIERNO REGIONAL";"I-4";"00006260";"CENTRO DE SALUD  MI PERU";"241800";"HOSPITALIZACIÓN DE MEDICINA MEDICINA GENERAL ";"9";"8";"8";"186";"6";"186";"0"
"2023";"12";"070106";"CALLAO";"CALLAO";"VENTANILLA";"GOBIERNO REGIONAL";"I-2";"00006261";"PUESTO DE SALUD LUIS FELIPE DE LAS CASAS";"NE_0001";"";"NE_0001";"NE_0001";"NE_0001";"NE_0001";"NE_0001";"NE_0001";"NE_0001"
"2023";"12";"060811";"CAJAMARCA";"JAEN";"SAN JOSE DEL ALTO";"GOBIERNO REGIONAL";"I-1";"00018121";"EL PORVENIR";"NE_0001";"";"NE_0001";"NE_0001";"NE_0001";"NE_0001";"NE_0001";"NE_0001";"NE_0001"
"2023";"12";"060811";"CAJAMARCA";"JAEN";"SAN JOSE DEL ALTO";"GOBIERNO REGIONAL";"I-2";"00004260";"PEÑA BLANCA";"NE_0001";"";"NE_0001";"NE_0001";"NE_0001";"NE_0001";"NE_0001";"NE_0001";"NE_0001"
"2023";"12";"060811";"CAJAMARCA";"JAEN";"SAN JOSE DEL ALTO";"GOBIERNO REGIONAL";"I-1";"00013058";"SAN PEDRO";"NE_0001";"";"NE_0001";"NE_0001";"NE_0001";"NE_0001";"NE_0001";"NE_0001";"NE_0001"
"2023";"12";"060811";"CAJAMARCA";"JAEN";"SAN JOSE DEL ALTO";"GOBIERNO REGIONAL";"I-1";"00004259";"HUAHUAYA";"NE_0001";"";"NE_0001";"NE_0001";"NE_0001";"NE_0001";"NE_0001";"NE_0001";"NE_0001"
"2023";"12";"060811";"CAJAMARCA";"JAEN";"SAN JOSE DEL ALTO";"GOBIERNO REGIONAL";"I-1";"00004257";"SAN JOSE DEL ALTO";"NE_0001";"";"NE_0001";"NE_0001";"NE_0001";"NE_0001";"NE_0001";"NE_0001";"NE_0001"
"2023";"12";"060811";"CAJAMARCA";"JAEN";"SAN JOSE DEL ALTO";"GOBIERNO REGIONAL";"I-1";"00009965";"SAN ANTONIO";"NE_0001";"";"NE_0001";"NE_0001";"NE_0001";"NE_0001";"NE_0001";"NE_0001";"NE_0001"
"2023";"12";"060811";"CAJAMARCA";"JAEN";"SAN JOSE DEL ALTO";"GOBIERNO REGIONAL";"I-3";"00004256";"COCHALAN";"NE_0001";"";"NE_0001";"NE_0001";"NE_0001";"NE_0001";"NE_0001";"NE_0001";"NE_0001"
"2023";"12";"060811";"CAJAMARCA";"JAEN";"SAN JOSE DEL ALTO";"GOBIERNO REGIONAL";"I-2";"00004258";"ANGASH";"NE_0001";"";"NE_0001";"NE_0001";"NE_0001";"NE_0001";"NE_0001";"NE_0001";"NE_0001"
"2023";"12";"190104";"PASCO";"PASCO";"HUAYLLAY";"ESSALUD";"I-3";"00009751";"CENTRO MEDICO  HUAYLLAY";"NE_0001";"";"NE_0001";"NE_0001";"NE_0001";"NE_0001";"NE_0001";"NE_0001";"NE_0001"
"2023";"12";"120112";"JUNIN";"HUANCAYO";"COLCA";"GOBIERNO REGIONAL";"I-2";"00000701";"COLCA";"NE_0001";"";"NE_0001";"NE_0001";"NE_0001";"NE_0001";"NE_0001";"NE_0001";"NE_0001"
"2023";"12";"120105";"JUNIN";"HUANCAYO";"CHACAPAMPA";"GOBIERNO REGIONAL";"I-1";"00000694";"CHACAPAMPA";"NE_0001";"";"NE_0001";"NE_0001";"NE_0001";"NE_0001";"NE_0001";"NE_0001";"NE_0001"
"2023";"12";"110104";"ICA";"ICA";"OCUCAJE";"GOBIERNO REGIONAL";"I-2";"00003412";"PUESTO DE SALUD CORDOVA";"NE_0001";"";"NE_0001";"NE_0001";"NE_0001";"NE_0001";"NE_0001";"NE_0001";"NE_0001"
"2023";"12";"220901";"SAN MARTIN";"SAN MARTIN";"TARAPOTO";"PRIVADO";"II-E";"00008269";"CLINICA SAN MARTIN";"240100";"HOSPITALIZACIÓN QUIRÚRGICA CIRUGÍA GENERAL ";"9";"9";"17";"14";"18";"28";"0"
"2023";"12";"220901";"SAN MARTIN";"SAN MARTIN";"TARAPOTO";"PRIVADO";"II-E";"00008269";"CLINICA SAN MARTIN";"240900";"HOSPITALIZACIÓN QUIRÚRGICA NEUROCIRUGÍA ";"1";"1";"6";"2";"18";"19";"0"
"2023";"12";"220901";"SAN MARTIN";"SAN MARTIN";"TARAPOTO";"PRIVADO";"II-E";"00008269";"CLINICA SAN MARTIN";"241200";"HOSPITALIZACIÓN QUIRÚRGICA TRAUMATOLOGÍA Y ORTOPEDIA ";"14";"14";"34";"22";"18";"40";"0"
"2023";"12";"220901";"SAN MARTIN";"SAN MARTIN";"TARAPOTO";"PRIVADO";"II-E";"00008269";"CLINICA SAN MARTIN";"241300";"HOSPITALIZACIÓN QUIRÚRGICA UROLOGÍA  ";"3";"3";"6";"6";"18";"23";"0"
"2023";"12";"220901";"SAN MARTIN";"SAN MARTIN";"TARAPOTO";"PRIVADO";"II-E";"00008269";"CLINICA SAN MARTIN";"241500";"HOSPITALIZACIÓN QUIRÚRGICA GINECOLOGÍA  ";"4";"4";"8";"8";"18";"22";"0"
"2023";"12";"220901";"SAN MARTIN";"SAN MARTIN";"TARAPOTO";"PRIVADO";"II-E";"00008269";"CLINICA SAN MARTIN";"241800";"HOSPITALIZACIÓN DE MEDICINA MEDICINA GENERAL ";"16";"16";"26";"20";"18";"40";"0"
"2023";"12";"220901";"SAN MARTIN";"SAN MARTIN";"TARAPOTO";"PRIVADO";"II-E";"00008269";"CLINICA SAN MARTIN";"241900";"HOSPITALIZACIÓN DE MEDICINA MEDICINA INTERNA ";"1";"1";"3";"2";"18";"19";"0"
"2023";"12";"220901";"SAN MARTIN";"SAN MARTIN";"TARAPOTO";"PRIVADO";"II-E";"00008269";"CLINICA SAN MARTIN";"242300";"HOSPITALIZACIÓN DE PEDIATRÍA  PEDIATRÍA  GENERAL ";"14";"14";"30";"20";"18";"40";"0"
"2023";"12";"090410";"HUANCAVELICA";"CASTROVIRREYNA";"SAN JUAN";"GOBIERNO REGIONAL";"I-1";"00004034";"SAN JUAN DE CASTROVIRREYNA";"NE_0001";"";"NE_0001";"NE_0001";"NE_0001";"NE_0001";"NE_0001";"NE_0001";"NE_0001"
"2023";"12";"090403";"HUANCAVELICA";"CASTROVIRREYNA";"AURAHUA";"GOBIERNO REGIONAL";"I-3";"00004019";"AURAHUA";"NE_0001";"";"NE_0001";"NE_0001";"NE_0001";"NE_0001";"NE_0001";"NE_0001";"NE_0001"
"2023";"12";"090405";"HUANCAVELICA";"CASTROVIRREYNA";"CHUPAMARCA";"GOBIERNO REGIONAL";"I-1";"00004022";"CHANCAHUASI";"NE_0001";"";"NE_0001";"NE_0001";"NE_0001";"NE_0001";"NE_0001";"NE_0001";"NE_0001"
"2023";"12";"090405";"HUANCAVELICA";"CASTROVIRREYNA";"CHUPAMARCA";"GOBIERNO REGIONAL";"I-2";"00004021";"CHUPAMARCA";"NE_0001";"";"NE_0001";"NE_0001";"NE_0001";"NE_0001";"NE_0001";"NE_0001";"NE_0001"
"2023";"12";"020505";"ANCASH";"BOLOGNESI";"CAJACAY";"GOBIERNO REGIONAL";"I-3";"00001484";"CENTRO DE SALUD CAJACAY";"NE_0001";"";"NE_0001";"NE_0001";"NE_0001";"NE_0001";"NE_0001";"NE_0001";"NE_0001"
"2023";"12";"020601";"ANCASH";"CARHUAZ";"CARHUAZ";"GOBIERNO REGIONAL";"I-1";"00001519";"PUESTO DE SALUD RAMPAC GRANDE";"NE_0001";"";"NE_0001";"NE_0001";"NE_0001";"NE_0001";"NE_0001";"NE_0001";"NE_0001"
"2023";"12";"020611";"ANCASH";"CARHUAZ";"YUNGAR";"GOBIERNO REGIONAL";"I-1";"00001532";"PUESTO DE SALUD TRIGOPAMPA";"NE_0001";"";"NE_0001";"NE_0001";"NE_0001";"NE_0001";"NE_0001";"NE_0001";"NE_0001"
"2023";"12";"020606";"ANCASH";"CARHUAZ";"MARCARA";"GOBIERNO REGIONAL";"I-1";"00001535";"PURHUAY";"NE_0001";"";"NE_0001";"NE_0001";"NE_0001";"NE_0001";"NE_0001";"NE_0001";"NE_0001"
"2023";"12";"020606";"ANCASH";"CARHUAZ";"MARCARA";"GOBIERNO REGIONAL";"I-2";"00001536";"PUESTO DE SALUD VICOS";"NE_0001";"";"NE_0001";"NE_0001";"NE_0001";"NE_0001";"NE_0001";"NE_0001";"NE_0001"
"2023";"12";"020105";"ANCASH";"HUARAZ";"INDEPENDENCIA";"GOBIERNO REGIONAL";"I-1";"00001569";"PUESTO DE SALUD SHECTA";"NE_0001";"";"NE_0001";"NE_0001";"NE_0001";"NE_0001";"NE_0001";"NE_0001";"NE_0001"
"2023";"12";"020105";"ANCASH";"HUARAZ";"INDEPENDENCIA";"GOBIERNO REGIONAL";"I-3";"00001574";"CENTRO DE SALUD MONTERREY";"NE_0001";"";"NE_0001";"NE_0001";"NE_0001";"NE_0001";"NE_0001";"NE_0001";"NE_0001"
"2023";"11";"061002";"CAJAMARCA";"SAN MARCOS";"CHANCAY";"GOBIERNO REGIONAL";"I-1";"00004493";"SOCCHAGON";"NE_0001";"";"NE_0001";"NE_0001";"NE_0001";"NE_0001";"NE_0001";"NE_0001";"NE_0001"
"2023";"11";"061002";"CAJAMARCA";"SAN MARCOS";"CHANCAY";"GOBIERNO REGIONAL";"I-1";"00004491";"PUESTO DE SALUD CHANCAY";"NE_0001";"";"NE_0001";"NE_0001";"NE_0001";"NE_0001";"NE_0001";"NE_0001";"NE_0001"
"2023";"11";"061002";"CAJAMARCA";"SAN MARCOS";"CHANCAY";"GOBIERNO REGIONAL";"I-1";"00004490";"PUESTO DE SALUD POMARONGO";"NE_0001";"";"NE_0001";"NE_0001";"NE_0001";"NE_0001";"NE_0001";"NE_0001";"NE_0001"
"2023";"11";"061006";"CAJAMARCA";"SAN MARCOS";"JOSE MANUEL QUIROZ";"GOBIERNO REGIONAL";"I-2";"00004494";"SHIRAC";"NE_0001";"";"NE_0001";"NE_0001";"NE_0001";"NE_0001";"NE_0001";"NE_0001";"NE_0001"
"2023";"11";"061005";"CAJAMARCA";"SAN MARCOS";"ICHOCAN";"GOBIERNO REGIONAL";"I-3";"00004489";"ICHOCAN";"NE_0001";"";"NE_0001";"NE_0001";"NE_0001";"NE_0001";"NE_0001";"NE_0001";"NE_0001"
"2023";"11";"061003";"CAJAMARCA";"SAN MARCOS";"EDUARDO VILLANUEVA";"GOBIERNO REGIONAL";"I-2";"00004492";"LA GRAMA";"NE_0001";"";"NE_0001";"NE_0001";"NE_0001";"NE_0001";"NE_0001";"NE_0001";"NE_0001"
"2023";"11";"070101";"CALLAO";"CALLAO";"CALLAO";"PRIVADO";"0";"00016115";"DIAGNOCENTRO OLAZ";"NE_0001";"";"NE_0001";"NE_0001";"NE_0001";"NE_0001";"NE_0001";"NE_0001";"NE_0001"
"2023";"09";"250301";"UCAYALI";"PADRE ABAD";"PADRE ABAD";"GOBIERNO REGIONAL";"I-1";"00005402";"MARISCAL CACERES.";"NE_0001";"";"NE_0001";"NE_0001";"NE_0001";"NE_0001";"NE_0001";"NE_0001";"NE_0001"
"2023";"09";"250301";"UCAYALI";"PADRE ABAD";"PADRE ABAD";"GOBIERNO REGIONAL";"I-1";"00005401";"LA DIVISORIA";"NE_0001";"";"NE_0001";"NE_0001";"NE_0001";"NE_0001";"NE_0001";"NE_0001";"NE_0001"
"2023";"09";"250102";"UCAYALI";"CORONEL PORTILLO";"CAMPOVERDE";"GOBIERNO REGIONAL";"I-1";"00025879";"PUESTO DE SALUD AMAKELLA";"NE_0001";"";"NE_0001";"NE_0001";"NE_0001";"NE_0001";"NE_0001";"NE_0001";"NE_0001"
"2023";"09";"250102";"UCAYALI";"CORONEL PORTILLO";"CAMPOVERDE";"GOBIERNO REGIONAL";"I-1";"00021550";"ALTO 9 DE FEBRERO";"NE_0001";"";"NE_0001";"NE_0001";"NE_0001";"NE_0001";"NE_0001";"NE_0001";"NE_0001"
"2023";"09";"250102";"UCAYALI";"CORONEL PORTILLO";"CAMPOVERDE";"GOBIERNO REGIONAL";"I-1";"00012260";"TIERRA BUENA";"NE_0001";"";"NE_0001";"NE_0001";"NE_0001";"NE_0001";"NE_0001";"NE_0001";"NE_0001"
"2023";"09";"250102";"UCAYALI";"CORONEL PORTILLO";"CAMPOVERDE";"GOBIERNO REGIONAL";"I-1";"00011909";"NUEVA TUNUYA";"NE_0001";"";"NE_0001";"NE_0001";"NE_0001";"NE_0001";"NE_0001";"NE_0001";"NE_0001"
"2023";"09";"250102";"UCAYALI";"CORONEL PORTILLO";"CAMPOVERDE";"GOBIERNO REGIONAL";"I-1";"00011626";"NUEVA ESPERANZA";"NE_0001";"";"NE_0001";"NE_0001";"NE_0001";"NE_0001";"NE_0001";"NE_0001";"NE_0001"
"2023";"09";"250102";"UCAYALI";"CORONEL PORTILLO";"CAMPOVERDE";"GOBIERNO REGIONAL";"I-2";"00007081";"LA MERCED DE NESHUYA";"NE_0001";"";"NE_0001";"NE_0001";"NE_0001";"NE_0001";"NE_0001";"NE_0001";"NE_0001"
"2023";"09";"250102";"UCAYALI";"CORONEL PORTILLO";"CAMPOVERDE";"GOBIERNO REGIONAL";"I-2";"00005432";"PIMENTAL";"NE_0001";"";"NE_0001";"NE_0001";"NE_0001";"NE_0001";"NE_0001";"NE_0001";"NE_0001"
"2023";"09";"250102";"UCAYALI";"CORONEL PORTILLO";"CAMPOVERDE";"GOBIERNO REGIONAL";"I-1";"00005431";"SANTA ROSA KM. 50 CFB";"NE_0001";"";"NE_0001";"NE_0001";"NE_0001";"NE_0001";"NE_0001";"NE_0001";"NE_0001"
"2023";"12";"110501";"ICA";"PISCO";"PISCO";"ESSALUD";"II-1";"00014147";"ANTONIO SKRABONJA ANTONCICH";"241800";"HOSPITALIZACIÓN DE MEDICINA MEDICINA GENERAL ";"45";"50";"290";"253";"14";"434";"2"
"2023";"12";"110501";"ICA";"PISCO";"PISCO";"ESSALUD";"II-1";"00014147";"ANTONIO SKRABONJA ANTONCICH";"250304";"HOSPIT. EN UNIDAD DE CUID.INTEN.-UNIDAD DE VIGILANCIA INTENSIVA (UVI)-MEDICINA";"18";"18";"56";"55";"4";"124";"4"
"2023";"12";"110501";"ICA";"PISCO";"PISCO";"ESSALUD";"II-1";"00014147";"ANTONIO SKRABONJA ANTONCICH";"240100";"HOSPITALIZACIÓN QUIRÚRGICA CIRUGÍA GENERAL ";"40";"48";"161";"143";"13";"403";"0"
"2023";"12";"110501";"ICA";"PISCO";"PISCO";"ESSALUD";"II-1";"00014147";"ANTONIO SKRABONJA ANTONCICH";"241500";"HOSPITALIZACIÓN QUIRÚRGICA GINECOLOGÍA  ";"9";"12";"47";"38";"4";"124";"0"
"2023";"12";"110501";"ICA";"PISCO";"PISCO";"ESSALUD";"II-1";"00014147";"ANTONIO SKRABONJA ANTONCICH";"242300";"HOSPITALIZACIÓN DE PEDIATRÍA  PEDIATRÍA  GENERAL ";"37";"41";"167";"146";"9";"279";"0"
"2023";"12";"110501";"ICA";"PISCO";"PISCO";"ESSALUD";"II-1";"00014147";"ANTONIO SKRABONJA ANTONCICH";"241600";"HOSPITALIZACIÓN QUIRÚRGICA OBSTETRICIA   ";"80";"80";"170";"166";"10";"310";"0"
"2023";"12";"060801";"CAJAMARCA";"JAEN";"JAEN";"ESSALUD";"II-1";"00010136";"HOSPITAL II-1 CLINICA JAEN";"241800";"HOSPITALIZACIÓN DE MEDICINA MEDICINA GENERAL ";"58";"56";"198";"173";"14";"344";"0"
"2023";"12";"060801";"CAJAMARCA";"JAEN";"JAEN";"ESSALUD";"II-1";"00010136";"HOSPITAL II-1 CLINICA JAEN";"240100";"HOSPITALIZACIÓN QUIRÚRGICA CIRUGÍA GENERAL ";"36";"43";"134";"144";"6";"279";"0"
"2023";"12";"060801";"CAJAMARCA";"JAEN";"JAEN";"ESSALUD";"II-1";"00010136";"HOSPITAL II-1 CLINICA JAEN";"241400";"HOSPITALIZACIÓN QUIRÚRGICA GINECO - OBSTETRICIA ";"88";"66";"107";"73";"8";"159";"0"
"2023";"12";"060801";"CAJAMARCA";"JAEN";"JAEN";"ESSALUD";"II-1";"00010136";"HOSPITAL II-1 CLINICA JAEN";"242300";"HOSPITALIZACIÓN DE PEDIATRÍA  PEDIATRÍA  GENERAL ";"82";"58";"134";"133";"6";"272";"0"
"2023";"12";"090117";"HUANCAVELICA";"HUANCAVELICA";"YAULI";"GOBIERNO REGIONAL";"I-1";"00006824";"CHUCLLACCASA";"NE_0001";"";"NE_0001";"NE_0001";"NE_0001";"NE_0001";"NE_0001";"NE_0001";"NE_0001"
"2023";"12";"090117";"HUANCAVELICA";"HUANCAVELICA";"YAULI";"GOBIERNO REGIONAL";"I-1";"00007337";"PUCACCASA CHOPCCA";"NE_0001";"";"NE_0001";"NE_0001";"NE_0001";"NE_0001";"NE_0001";"NE_0001";"NE_0001"
"2023";"12";"090117";"HUANCAVELICA";"HUANCAVELICA";"YAULI";"GOBIERNO REGIONAL";"I-1";"00011190";"LOS ANDES DE SOTOPAMPA";"NE_0001";"";"NE_0001";"NE_0001";"NE_0001";"NE_0001";"NE_0001";"NE_0001";"NE_0001"
"2023";"09";"150130";"LIMA";"LIMA";"SAN BORJA";"PRIVADO";"II-E";"00032441";"CLINICA SAN BORJA SALUD";"NE_0001";"";"NE_0001";"NE_0001";"NE_0001";"NE_0001";"NE_0001";"NE_0001";"NE_0001"
"2023";"12";"090117";"HUANCAVELICA";"HUANCAVELICA";"YAULI";"GOBIERNO REGIONAL";"I-2";"00003886";"SANTA ROSA DE CHOPCCA";"NE_0001";"";"NE_0001";"NE_0001";"NE_0001";"NE_0001";"NE_0001";"NE_0001";"NE_0001"
"2023";"12";"090117";"HUANCAVELICA";"HUANCAVELICA";"YAULI";"GOBIERNO REGIONAL";"I-1";"00007336";"CONDORHUACHANA";"NE_0001";"";"NE_0001";"NE_0001";"NE_0001";"NE_0001";"NE_0001";"NE_0001";"NE_0001"
"2023";"12";"090117";"HUANCAVELICA";"HUANCAVELICA";"YAULI";"GOBIERNO REGIONAL";"I-1";"00003888";"CHUÑUNAPAMPA";"NE_0001";"";"NE_0001";"NE_0001";"NE_0001";"NE_0001";"NE_0001";"NE_0001";"NE_0001"
"2023";"12";"090117";"HUANCAVELICA";"HUANCAVELICA";"YAULI";"GOBIERNO REGIONAL";"I-2";"00007338";"CCOLLPACCASA";"NE_0001";"";"NE_0001";"NE_0001";"NE_0001";"NE_0001";"NE_0001";"NE_0001";"NE_0001"
"2023";"12";"040109";"AREQUIPA";"AREQUIPA";"MARIANO MELGAR";"GOBIERNO REGIONAL";"I-2";"00001309";"PUESTO DE SALUD JERUSALEN";"NE_0001";"";"NE_0001";"NE_0001";"NE_0001";"NE_0001";"NE_0001";"NE_0001";"NE_0001"
"2023";"12";"040109";"AREQUIPA";"AREQUIPA";"MARIANO MELGAR";"GOBIERNO REGIONAL";"I-2";"00007722";"PUESTO DE SALUD EL MIRADOR";"NE_0001";"";"NE_0001";"NE_0001";"NE_0001";"NE_0001";"NE_0001";"NE_0001";"NE_0001"
"2023";"12";"040109";"AREQUIPA";"AREQUIPA";"MARIANO MELGAR";"GOBIERNO REGIONAL";"I-3";"00001295";"CENTRO DE SALUD GENERALISIMO SAN MARTIN";"NE_0001";"";"NE_0001";"NE_0001";"NE_0001";"NE_0001";"NE_0001";"NE_0001";"NE_0001"
"2023";"12";"120208";"JUNIN";"CONCEPCION";"MANZANARES";"GOBIERNO REGIONAL";"I-1";"00000640";"MANZANARES";"NE_0002";"";"NE_0002";"NE_0002";"NE_0002";"NE_0002";"NE_0002";"NE_0002";"NE_0002"
"2023";"12";"120204";"JUNIN";"CONCEPCION";"CHAMBARA";"GOBIERNO REGIONAL";"I-1";"00000639";"ANGASMAYO";"NE_0002";"";"NE_0002";"NE_0002";"NE_0002";"NE_0002";"NE_0002";"NE_0002";"NE_0002"
"2023";"12";"120904";"JUNIN";"CHUPACA";"HUACHAC";"GOBIERNO REGIONAL";"I-1";"00000653";"MARCATUNA";"NE_0002";"";"NE_0002";"NE_0002";"NE_0002";"NE_0002";"NE_0002";"NE_0002";"NE_0002"
"2023";"12";"120904";"JUNIN";"CHUPACA";"HUACHAC";"GOBIERNO REGIONAL";"I-3";"00000651";"HUACHAC";"NE_0002";"";"NE_0002";"NE_0002";"NE_0002";"NE_0002";"NE_0002";"NE_0002";"NE_0002"
"2023";"12";"120904";"JUNIN";"CHUPACA";"HUACHAC";"GOBIERNO REGIONAL";"I-1";"00000652";"HUAYAO";"NE_0002";"";"NE_0002";"NE_0002";"NE_0002";"NE_0002";"NE_0002";"NE_0002";"NE_0002"
"2023";"12";"240101";"TUMBES";"TUMBES";"TUMBES";"SANIDAD DEL EJERCITO DEL PERU";"I-3";"00011996";"CENTRO DE SALUD MILITAR VIRGEN DE FÁTIMA DE LA 9ª BRIGADA BLINDADA";"NE_0001";"";"NE_0001";"NE_0001";"NE_0001";"NE_0001";"NE_0001";"NE_0001";"NE_0001"
"2023";"02";"160101";"LORETO";"MAYNAS";"IQUITOS";"PRIVADO";"II-2";"00012854";"ASOC. PAST. DE SERV. MEDICO ASIST. CLINICA ADVENTISTA ANA STAHL DE LA IGLESIA ADV. DEL SEPTIMO DIA";"241800";"HOSPITALIZACIÓN DE MEDICINA MEDICINA GENERAL ";"132";"135";"382";"445";"42";"1218";"0"
"2023";"12";"090413";"HUANCAVELICA";"CASTROVIRREYNA";"TICRAPO";"GOBIERNO REGIONAL";"I-1";"00004013";"CHACOYA";"NE_0001";"";"NE_0001";"NE_0001";"NE_0001";"NE_0001";"NE_0001";"NE_0001";"NE_0001"
"2023";"12";"090401";"HUANCAVELICA";"CASTROVIRREYNA";"CASTROVIRREYNA";"GOBIERNO REGIONAL";"I-2";"00004004";"ESMERALDA";"NE_0001";"";"NE_0001";"NE_0001";"NE_0001";"NE_0001";"NE_0001";"NE_0001";"NE_0001"
"2023";"12";"040103";"AREQUIPA";"AREQUIPA";"CAYMA";"PRIVADO";"II-1";"00015730";"CLINICA SAN JUAN DE DIOS";"240000";"HOSPITALIZACIÓN";"389";"410";"1330";"1321";"80";"2480";"0"
"2023";"12";"090407";"HUANCAVELICA";"CASTROVIRREYNA";"HUACHOS";"GOBIERNO REGIONAL";"I-1";"00004007";"SUYTUPAMPA";"NE_0001";"";"NE_0001";"NE_0001";"NE_0001";"NE_0001";"NE_0001";"NE_0001";"NE_0001"
"2023";"12";"150131";"LIMA";"LIMA";"SAN ISIDRO";"PRIVADO";"II-2";"00009123";"CLINICA ANGLOAMERICANA";"240000";"HOSPITALIZACIÓN";"412";"439";"1735";"1851";"93";"2836";"3"
"2023";"12";"090406";"HUANCAVELICA";"CASTROVIRREYNA";"COCAS";"GOBIERNO REGIONAL";"I-2";"00004006";"COCAS";"NE_0001";"";"NE_0001";"NE_0001";"NE_0001";"NE_0001";"NE_0001";"NE_0001";"NE_0001"
"2023";"12";"090411";"HUANCAVELICA";"CASTROVIRREYNA";"SANTA ANA";"GOBIERNO REGIONAL";"I-1";"00004010";"SANTA ROSA";"NE_0001";"";"NE_0001";"NE_0001";"NE_0001";"NE_0001";"NE_0001";"NE_0001";"NE_0001"
"2023";"12";"090411";"HUANCAVELICA";"CASTROVIRREYNA";"SANTA ANA";"GOBIERNO REGIONAL";"I-1";"00004009";"CHOCLOCOCHA";"NE_0001";"";"NE_0001";"NE_0001";"NE_0001";"NE_0001";"NE_0001";"NE_0001";"NE_0001"
"2023";"12";"090404";"HUANCAVELICA";"CASTROVIRREYNA";"CAPILLAS";"GOBIERNO REGIONAL";"I-1";"00004014";"PAURANGA";"NE_0001";"";"NE_0001";"NE_0001";"NE_0001";"NE_0001";"NE_0001";"NE_0001";"NE_0001"
"2023";"12";"090409";"HUANCAVELICA";"CASTROVIRREYNA";"MOLLEPAMPA";"GOBIERNO REGIONAL";"I-1";"00004016";"CIUTAY";"NE_0001";"";"NE_0001";"NE_0001";"NE_0001";"NE_0001";"NE_0001";"NE_0001";"NE_0001"
"2023";"12";"090411";"HUANCAVELICA";"CASTROVIRREYNA";"SANTA ANA";"GOBIERNO REGIONAL";"I-2";"00004008";"SANTA ANA";"NE_0001";"";"NE_0001";"NE_0001";"NE_0001";"NE_0001";"NE_0001";"NE_0001";"NE_0001"
"2023";"12";"090411";"HUANCAVELICA";"CASTROVIRREYNA";"SANTA ANA";"GOBIERNO REGIONAL";"I-1";"00003858";"ASTOBAMBA";"NE_0001";"";"NE_0001";"NE_0001";"NE_0001";"NE_0001";"NE_0001";"NE_0001";"NE_0001"
"2023";"12";"090407";"HUANCAVELICA";"CASTROVIRREYNA";"HUACHOS";"GOBIERNO REGIONAL";"I-1";"00004007";"SUYTUPAMPA";"NE_0001";"";"NE_0001";"NE_0001";"NE_0001";"NE_0001";"NE_0001";"NE_0001";"NE_0001"
"2023";"12";"090401";"HUANCAVELICA";"CASTROVIRREYNA";"CASTROVIRREYNA";"GOBIERNO REGIONAL";"I-1";"00004003";"SINTO";"NE_0001";"";"NE_0001";"NE_0001";"NE_0001";"NE_0001";"NE_0001";"NE_0001";"NE_0001"
"2023";"12";"090406";"HUANCAVELICA";"CASTROVIRREYNA";"COCAS";"GOBIERNO REGIONAL";"I-2";"00004006";"COCAS";"NE_0001";"";"NE_0001";"NE_0001";"NE_0001";"NE_0001";"NE_0001";"NE_0001";"NE_0001"
"2023";"12";"090404";"HUANCAVELICA";"CASTROVIRREYNA";"CAPILLAS";"GOBIERNO REGIONAL";"I-1";"00004014";"PAURANGA";"NE_0001";"";"NE_0001";"NE_0001";"NE_0001";"NE_0001";"NE_0001";"NE_0001";"NE_0001"
"2023";"12";"090409";"HUANCAVELICA";"CASTROVIRREYNA";"MOLLEPAMPA";"GOBIERNO REGIONAL";"I-1";"00004016";"CIUTAY";"NE_0001";"";"NE_0001";"NE_0001";"NE_0001";"NE_0001";"NE_0001";"NE_0001";"NE_0001"
"2023";"12";"090401";"HUANCAVELICA";"CASTROVIRREYNA";"CASTROVIRREYNA";"GOBIERNO REGIONAL";"I-4";"00004002";"CASTROVIRREYNA";"241800";"HOSPITALIZACIÓN DE MEDICINA MEDICINA GENERAL ";"2";"2";"3";"3";"2";"6";"0"
"2023";"12";"090411";"HUANCAVELICA";"CASTROVIRREYNA";"SANTA ANA";"GOBIERNO REGIONAL";"I-2";"00004008";"SANTA ANA";"NE_0001";"";"NE_0001";"NE_0001";"NE_0001";"NE_0001";"NE_0001";"NE_0001";"NE_0001"
"2023";"12";"090413";"HUANCAVELICA";"CASTROVIRREYNA";"TICRAPO";"GOBIERNO REGIONAL";"I-1";"00004013";"CHACOYA";"NE_0001";"";"NE_0001";"NE_0001";"NE_0001";"NE_0001";"NE_0001";"NE_0001";"NE_0001"
"2023";"12";"090401";"HUANCAVELICA";"CASTROVIRREYNA";"CASTROVIRREYNA";"GOBIERNO REGIONAL";"I-2";"00004004";"ESMERALDA";"NE_0001";"";"NE_0001";"NE_0001";"NE_0001";"NE_0001";"NE_0001";"NE_0001";"NE_0001"
"2023";"12";"090409";"HUANCAVELICA";"CASTROVIRREYNA";"MOLLEPAMPA";"GOBIERNO REGIONAL";"I-2";"00004015";"MOLLEPAMPA";"NE_0001";"";"NE_0001";"NE_0001";"NE_0001";"NE_0001";"NE_0001";"NE_0001";"NE_0001"
"2023";"12";"150114";"LIMA";"LIMA";"LA MOLINA";"PRIVADO";"I-3";"00010464";"CLINICA ANGLO AMERICANA";"NE_0001";"";"NE_0001";"NE_0001";"NE_0001";"NE_0001";"NE_0001";"NE_0001";"NE_0001"
"2023";"12";"250101";"UCAYALI";"CORONEL PORTILLO";"CALLERIA";"PRIVADO";"I-3";"00008841";"CLINICA AMAZONICA E.I.R.L";"NE_0002";"";"NE_0002";"NE_0002";"NE_0002";"NE_0002";"NE_0002";"NE_0002";"NE_0002"
"2023";"12";"090119";"HUANCAVELICA";"HUANCAVELICA";"HUANDO";"GOBIERNO REGIONAL";"I-1";"00003901";"TINYACCLLA";"NE_0001";"";"NE_0001";"NE_0001";"NE_0001";"NE_0001";"NE_0001";"NE_0001";"NE_0001"
"2023";"12";"090119";"HUANCAVELICA";"HUANCAVELICA";"HUANDO";"GOBIERNO REGIONAL";"I-4";"00003899";"HUANDO";"241600";"HOSPITALIZACIÓN QUIRÚRGICA OBSTETRICIA   ";"4";"4";"8";"3";"4";"14";"0"
"2023";"12";"090119";"HUANCAVELICA";"HUANCAVELICA";"HUANDO";"GOBIERNO REGIONAL";"I-4";"00003899";"HUANDO";"241800";"HOSPITALIZACIÓN DE MEDICINA MEDICINA GENERAL ";"5";"5";"7";"1";"5";"6";"0"
"2023";"12";"090119";"HUANCAVELICA";"HUANCAVELICA";"HUANDO";"GOBIERNO REGIONAL";"I-1";"00007339";"SAN JOSÉ DE MIRAFLORES";"NE_0001";"";"NE_0001";"NE_0001";"NE_0001";"NE_0001";"NE_0001";"NE_0001";"NE_0001"
"2023";"12";"090119";"HUANCAVELICA";"HUANCAVELICA";"HUANDO";"GOBIERNO REGIONAL";"I-1";"00003900";"CACHILLALLAS";"NE_0001";"";"NE_0001";"NE_0001";"NE_0001";"NE_0001";"NE_0001";"NE_0001";"NE_0001"
"2023";"12";"090119";"HUANCAVELICA";"HUANCAVELICA";"HUANDO";"GOBIERNO REGIONAL";"I-1";"00006820";"NUEVA ACOBAMBILLA";"NE_0001";"";"NE_0001";"NE_0001";"NE_0001";"NE_0001";"NE_0001";"NE_0001";"NE_0001"
"2023";"12";"090119";"HUANCAVELICA";"HUANCAVELICA";"HUANDO";"GOBIERNO REGIONAL";"I-1";"00007340";"VISTA ALEGRE";"NE_0001";"";"NE_0001";"NE_0001";"NE_0001";"NE_0001";"NE_0001";"NE_0001";"NE_0001"
"2023";"12";"080108";"CUSCO";"CUSCO";"WANCHAQ";"PRIVADO";"II-2";"00012161";"MACSALUD";"240100";"HOSPITALIZACIÓN QUIRÚRGICA CIRUGÍA GENERAL ";"11";"9";"19";"30";"15";"450";"0"
"2023";"12";"080108";"CUSCO";"CUSCO";"WANCHAQ";"PRIVADO";"II-2";"00012161";"MACSALUD";"240200";"HOSPITALIZACIÓN QUIRÚRGICA CIRUGÍA DE CABEZA Y CUELLO / MÁXILO FACIAL ";"4";"3";"6";"10";"15";"450";"0"
"2023";"12";"080108";"CUSCO";"CUSCO";"WANCHAQ";"PRIVADO";"II-2";"00012161";"MACSALUD";"240400";"HOSPITALIZACIÓN QUIRÚRGICA CIRUGÍA DE TÓRAX Y CARDIOVASCULAR ";"3";"3";"3";"4";"15";"450";"0"
"2023";"11";"060612";"CAJAMARCA";"CUTERVO";"SANTO DOMINGO DE LA CAPILLA";"GOBIERNO REGIONAL";"I-1";"00005004";"SAN PEDRO DE LA CAPILLA";"NE_0001";"";"NE_0001";"NE_0001";"NE_0001";"NE_0001";"NE_0001";"NE_0001";"NE_0001"
"2023";"11";"150116";"LIMA";"LIMA";"LINCE";"PRIVADO";"II-E";"00033237";"ARTHROMEDS";"241200";"HOSPITALIZACIÓN QUIRÚRGICA TRAUMATOLOGÍA Y ORTOPEDIA ";"89";"84";"108";"188";"16";"480";"0"
"2023";"11";"080108";"CUSCO";"CUSCO";"WANCHAQ";"PRIVADO";"II-2";"00012161";"MACSALUD";"240100";"HOSPITALIZACIÓN QUIRÚRGICA CIRUGÍA GENERAL ";"52";"48";"102";"130";"15";"450";"0"
"2023";"11";"080108";"CUSCO";"CUSCO";"WANCHAQ";"PRIVADO";"II-2";"00012161";"MACSALUD";"240400";"HOSPITALIZACIÓN QUIRÚRGICA CIRUGÍA DE TÓRAX Y CARDIOVASCULAR ";"5";"4";"16";"15";"15";"450";"0"
"2023";"11";"080108";"CUSCO";"CUSCO";"WANCHAQ";"PRIVADO";"II-2";"00012161";"MACSALUD";"240200";"HOSPITALIZACIÓN QUIRÚRGICA CIRUGÍA DE CABEZA Y CUELLO / MÁXILO FACIAL ";"1";"2";"5";"5";"15";"450";"0"
"2023";"11";"080108";"CUSCO";"CUSCO";"WANCHAQ";"PRIVADO";"II-2";"00012161";"MACSALUD";"240700";"HOSPITALIZACIÓN QUIRÚRGICA CIRUGÍA PEDIÁTRICA ";"4";"4";"9";"13";"15";"450";"0"
"2023";"11";"080108";"CUSCO";"CUSCO";"WANCHAQ";"PRIVADO";"II-2";"00012161";"MACSALUD";"240800";"HOSPITALIZACIÓN QUIRÚRGICA CIRUGÍA PLÁSTICA/RECONSTRUCTIVA/ REPARADORA ";"12";"12";"12";"28";"15";"450";"0"
"2023";"11";"080108";"CUSCO";"CUSCO";"WANCHAQ";"PRIVADO";"II-2";"00012161";"MACSALUD";"244300";"HOSPITALIZACIÓN DE MEDICINA GASTROENTEROLOGÍA  ";"1";"1";"4";"5";"15";"450";"0"
"2023";"11";"080108";"CUSCO";"CUSCO";"WANCHAQ";"PRIVADO";"II-2";"00012161";"MACSALUD";"245400";"HOSPITALIZACIÓN DE MEDICINA GINECOLOGIA ";"2";"2";"3";"5";"15";"450";"0"
"2023";"11";"080108";"CUSCO";"CUSCO";"WANCHAQ";"PRIVADO";"II-2";"00012161";"MACSALUD";"241800";"HOSPITALIZACIÓN DE MEDICINA MEDICINA GENERAL ";"402";"104";"350";"423";"15";"450";"0"
"2023";"11";"080108";"CUSCO";"CUSCO";"WANCHAQ";"PRIVADO";"II-2";"00012161";"MACSALUD";"244700";"HOSPITALIZACIÓN DE MEDICINA NEUROLOGIA  ";"6";"6";"17";"22";"15";"450";"0"
"2023";"11";"080108";"CUSCO";"CUSCO";"WANCHAQ";"PRIVADO";"II-2";"00012161";"MACSALUD";"241100";"HOSPITALIZACIÓN QUIRÚRGICA OTORRINOLARINGOLOGÍA  ";"2";"1";"4";"5";"15";"450";"0"
"2023";"11";"080108";"CUSCO";"CUSCO";"WANCHAQ";"PRIVADO";"II-2";"00012161";"MACSALUD";"241200";"HOSPITALIZACIÓN QUIRÚRGICA TRAUMATOLOGÍA Y ORTOPEDIA ";"20";"20";"44";"72";"15";"450";"0"
"2023";"11";"080108";"CUSCO";"CUSCO";"WANCHAQ";"PRIVADO";"II-2";"00012161";"MACSALUD";"244200";"HOSPITALIZACIÓN DE MEDICINA ENDOCRINOLOGIA ";"1";"1";"3";"3";"15";"450";"0"
"2023";"11";"080108";"CUSCO";"CUSCO";"WANCHAQ";"PRIVADO";"II-2";"00012161";"MACSALUD";"241900";"HOSPITALIZACIÓN DE MEDICINA MEDICINA INTERNA ";"1";"1";"6";"7";"15";"450";"0"
"2023";"11";"080108";"CUSCO";"CUSCO";"WANCHAQ";"PRIVADO";"II-2";"00012161";"MACSALUD";"244600";"HOSPITALIZACIÓN DE MEDICINA NEFROLOGIA ";"4";"3";"12";"11";"15";"450";"0"
"2023";"11";"080108";"CUSCO";"CUSCO";"WANCHAQ";"PRIVADO";"II-2";"00012161";"MACSALUD";"245300";"HOSPITALIZACIÓN DE MEDICINA NEUMOLOGÍA  ";"1";"1";"6";"7";"15";"450";"0"
"2023";"11";"080108";"CUSCO";"CUSCO";"WANCHAQ";"PRIVADO";"II-2";"00012161";"MACSALUD";"240900";"HOSPITALIZACIÓN QUIRÚRGICA NEUROCIRUGÍA ";"1";"1";"5";"4";"15";"450";"0"
"2023";"11";"080108";"CUSCO";"CUSCO";"WANCHAQ";"PRIVADO";"II-2";"00012161";"MACSALUD";"244700";"HOSPITALIZACIÓN DE MEDICINA NEUROLOGIA  ";"1";"1";"4";"4";"15";"450";"0"
"2023";"11";"080108";"CUSCO";"CUSCO";"WANCHAQ";"PRIVADO";"II-2";"00012161";"MACSALUD";"243200";"HOSPITALIZACIÓN DE PEDIATRÍA PEDIATRIA NEONATOLOGÍA";"6";"5";"7";"10";"15";"450";"0"
"2023";"11";"080108";"CUSCO";"CUSCO";"WANCHAQ";"PRIVADO";"II-2";"00012161";"MACSALUD";"241300";"HOSPITALIZACIÓN QUIRÚRGICA UROLOGÍA  ";"1";"1";"3";"3";"15";"450";"0"
"2023";"11";"080108";"CUSCO";"CUSCO";"WANCHAQ";"PRIVADO";"II-2";"00012161";"MACSALUD";"243200";"HOSPITALIZACIÓN DE PEDIATRÍA PEDIATRIA NEONATOLOGÍA";"4";"3";"14";"17";"15";"450";"0"
"2023";"11";"220901";"SAN MARTIN";"SAN MARTIN";"TARAPOTO";"PRIVADO";"II-E";"00008269";"CLINICA SAN MARTIN";"241500";"HOSPITALIZACIÓN QUIRÚRGICA GINECOLOGÍA  ";"13";"13";"16";"18";"13";"34";"0"
"2023";"11";"220901";"SAN MARTIN";"SAN MARTIN";"TARAPOTO";"PRIVADO";"II-E";"00008269";"CLINICA SAN MARTIN";"240100";"HOSPITALIZACIÓN QUIRÚRGICA CIRUGÍA GENERAL ";"12";"12";"21";"18";"13";"36";"0"
"2023";"11";"220901";"SAN MARTIN";"SAN MARTIN";"TARAPOTO";"PRIVADO";"II-E";"00008269";"CLINICA SAN MARTIN";"240900";"HOSPITALIZACIÓN QUIRÚRGICA NEUROCIRUGÍA ";"2";"2";"4";"4";"13";"25";"0"
"2023";"11";"220901";"SAN MARTIN";"SAN MARTIN";"TARAPOTO";"PRIVADO";"II-E";"00008269";"CLINICA SAN MARTIN";"241200";"HOSPITALIZACIÓN QUIRÚRGICA TRAUMATOLOGÍA Y ORTOPEDIA ";"14";"14";"22";"24";"13";"48";"0"
"2023";"11";"220901";"SAN MARTIN";"SAN MARTIN";"TARAPOTO";"PRIVADO";"II-E";"00008269";"CLINICA SAN MARTIN";"241300";"HOSPITALIZACIÓN QUIRÚRGICA UROLOGÍA  ";"2";"2";"2";"4";"13";"24";"0"
"2023";"11";"220901";"SAN MARTIN";"SAN MARTIN";"TARAPOTO";"PRIVADO";"II-E";"00008269";"CLINICA SAN MARTIN";"241800";"HOSPITALIZACIÓN DE MEDICINA MEDICINA GENERAL ";"14";"14";"39";"20";"13";"40";"0"
"2023";"11";"220901";"SAN MARTIN";"SAN MARTIN";"TARAPOTO";"PRIVADO";"II-E";"00008269";"CLINICA SAN MARTIN";"241900";"HOSPITALIZACIÓN DE MEDICINA MEDICINA INTERNA ";"3";"3";"6";"4";"13";"26";"0"
"2023";"11";"220901";"SAN MARTIN";"SAN MARTIN";"TARAPOTO";"PRIVADO";"II-E";"00008269";"CLINICA SAN MARTIN";"242300";"HOSPITALIZACIÓN DE PEDIATRÍA  PEDIATRÍA  GENERAL ";"6";"6";"10";"10";"13";"20";"0"
"2023";"11";"120702";"JUNIN";"TARMA";"ACOBAMBA";"GOBIERNO REGIONAL";"I-1";"00000522";"PICOY";"NE_0001";"";"NE_0001";"NE_0001";"NE_0001";"NE_0001";"NE_0001";"NE_0001";"NE_0001"
"2023";"11";"120702";"JUNIN";"TARMA";"ACOBAMBA";"GOBIERNO REGIONAL";"I-1";"00000526";"COLLPA";"NE_0001";"";"NE_0001";"NE_0001";"NE_0001";"NE_0001";"NE_0001";"NE_0001";"NE_0001"
"2023";"11";"120702";"JUNIN";"TARMA";"ACOBAMBA";"GOBIERNO REGIONAL";"I-4";"00000521";"ACOBAMBA";"241600";"HOSPITALIZACIÓN QUIRÚRGICA OBSTETRICIA   ";"3";"3";"4";"4";"3";"90";"0"
"2023";"11";"120702";"JUNIN";"TARMA";"ACOBAMBA";"GOBIERNO REGIONAL";"I-1";"00000525";"HUAYLAHUICHAN";"NE_0001";"";"NE_0001";"NE_0001";"NE_0001";"NE_0001";"NE_0001";"NE_0001";"NE_0001"
"2023";"11";"120702";"JUNIN";"TARMA";"ACOBAMBA";"GOBIERNO REGIONAL";"I-1";"00000523";"HUARACAYO";"NE_0001";"";"NE_0001";"NE_0001";"NE_0001";"NE_0001";"NE_0001";"NE_0001";"NE_0001"
"2023";"11";"120702";"JUNIN";"TARMA";"ACOBAMBA";"GOBIERNO REGIONAL";"I-1";"00000524";"TUPIN";"NE_0001";"";"NE_0001";"NE_0001";"NE_0001";"NE_0001";"NE_0001";"NE_0001";"NE_0001"
"2023";"11";"190113";"PASCO";"PASCO";"YANACANCHA";"MINSA";"II-2";"00000979";"HOSPITAL REGIONAL DR. DANIEL ALCIDES CARRION GARCIA";"240100";"HOSPITALIZACIÓN QUIRÚRGICA CIRUGÍA GENERAL ";"88";"117";"773";"744";"28";"840";"1"
"2023";"11";"190113";"PASCO";"PASCO";"YANACANCHA";"MINSA";"II-2";"00000979";"HOSPITAL REGIONAL DR. DANIEL ALCIDES CARRION GARCIA";"241400";"HOSPITALIZACIÓN QUIRÚRGICA GINECO - OBSTETRICIA ";"125";"138";"280";"267";"24";"720";"0"
"2023";"11";"190113";"PASCO";"PASCO";"YANACANCHA";"MINSA";"II-2";"00000979";"HOSPITAL REGIONAL DR. DANIEL ALCIDES CARRION GARCIA";"241800";"HOSPITALIZACIÓN DE MEDICINA MEDICINA GENERAL ";"33";"39";"230";"224";"17";"510";"2"
"2023";"11";"190113";"PASCO";"PASCO";"YANACANCHA";"MINSA";"II-2";"00000979";"HOSPITAL REGIONAL DR. DANIEL ALCIDES CARRION GARCIA";"243200";"HOSPITALIZACIÓN DE PEDIATRÍA PEDIATRIA NEONATOLOGÍA";"12";"14";"74";"72";"13";"390";"0"
"2023";"11";"190113";"PASCO";"PASCO";"YANACANCHA";"MINSA";"II-2";"00000979";"HOSPITAL REGIONAL DR. DANIEL ALCIDES CARRION GARCIA";"242500";"HOSPITALIZACIÓN-PEDIATRÍA GENERAL-";"34";"36";"136";"134";"15";"450";"0"
"2023";"11";"190113";"PASCO";"PASCO";"YANACANCHA";"MINSA";"II-2";"00000979";"HOSPITAL REGIONAL DR. DANIEL ALCIDES CARRION GARCIA";"242200";"HOSPITALIZACIÓN DE MEDICINA PSIQUIATRÍA ";"8";"12";"220";"216";"10";"300";"0"
"2023";"01";"150132";"LIMA";"LIMA";"SAN JUAN DE LURIGANCHO";"MINSA";"II-2";"00005617";"HOSPITAL SAN JUAN DE LURIGANCHO";"240100";"HOSPITALIZACIÓN QUIRÚRGICA CIRUGÍA GENERAL ";"338";"198";"601";"670";"24";"744";"2"
"2023";"01";"150132";"LIMA";"LIMA";"SAN JUAN DE LURIGANCHO";"MINSA";"II-2";"00005617";"HOSPITAL SAN JUAN DE LURIGANCHO";"241500";"HOSPITALIZACIÓN QUIRÚRGICA GINECOLOGÍA  ";"104";"63";"186";"191";"7";"217";"0"
"2023";"01";"150132";"LIMA";"LIMA";"SAN JUAN DE LURIGANCHO";"MINSA";"II-2";"00005617";"HOSPITAL SAN JUAN DE LURIGANCHO";"241600";"HOSPITALIZACIÓN QUIRÚRGICA OBSTETRICIA   ";"408";"353";"718";"846";"38";"1178";"0"
"2023";"01";"150132";"LIMA";"LIMA";"SAN JUAN DE LURIGANCHO";"MINSA";"II-2";"00005617";"HOSPITAL SAN JUAN DE LURIGANCHO";"241800";"HOSPITALIZACIÓN DE MEDICINA MEDICINA GENERAL ";"117";"106";"705";"717";"24";"744";"7"
"2023";"01";"150132";"LIMA";"LIMA";"SAN JUAN DE LURIGANCHO";"MINSA";"II-2";"00005617";"HOSPITAL SAN JUAN DE LURIGANCHO";"242300";"HOSPITALIZACIÓN DE PEDIATRÍA  PEDIATRÍA  GENERAL ";"81";"69";"286";"302";"18";"558";"0"
"2023";"01";"150132";"LIMA";"LIMA";"SAN JUAN DE LURIGANCHO";"MINSA";"II-2";"00005617";"HOSPITAL SAN JUAN DE LURIGANCHO";"243200";"HOSPITALIZACIÓN DE PEDIATRÍA PEDIATRIA NEONATOLOGÍA";"12";"10";"75";"88";"3";"93";"0"
"2023";"11";"100501";"HUANUCO";"HUAMALIES";"LLATA";"GOBIERNO REGIONAL";"I-2";"00000888";"PAMPAS DEL CARMEN";"NE_0001";"";"NE_0001";"NE_0001";"NE_0001";"NE_0001";"NE_0001";"NE_0001";"NE_0001"
"2023";"11";"100501";"HUANUCO";"HUAMALIES";"LLATA";"GOBIERNO REGIONAL";"I-2";"00000890";"LIBERTAD";"NE_0001";"";"NE_0001";"NE_0001";"NE_0001";"NE_0001";"NE_0001";"NE_0001";"NE_0001"
"2023";"11";"100501";"HUANUCO";"HUAMALIES";"LLATA";"GOBIERNO REGIONAL";"I-2";"00000889";"EL PORVENIR";"NE_0001";"";"NE_0001";"NE_0001";"NE_0001";"NE_0001";"NE_0001";"NE_0001";"NE_0001"
"2023";"11";"100501";"HUANUCO";"HUAMALIES";"LLATA";"GOBIERNO REGIONAL";"I-2";"00000891";"ISHANCA";"NE_0001";"";"NE_0001";"NE_0001";"NE_0001";"NE_0001";"NE_0001";"NE_0001";"NE_0001"
"2023";"05";"030201";"APURIMAC";"ANDAHUAYLAS";"ANDAHUAYLAS";"PRIVADO";"II-E";"00014403";"CLINICA DEL NIÑO ANDAHUAYLAS";"NE_0001";"";"NE_0001";"NE_0001";"NE_0001";"NE_0001";"NE_0001";"NE_0001";"NE_0001"
"2023";"11";"100501";"HUANUCO";"HUAMALIES";"LLATA";"GOBIERNO REGIONAL";"I-4";"00000887";"LLATA";"241400";"HOSPITALIZACIÓN QUIRÚRGICA GINECO - OBSTETRICIA ";"29";"30";"3";"4";"7";"10";"0"
"2023";"11";"100501";"HUANUCO";"HUAMALIES";"LLATA";"GOBIERNO REGIONAL";"I-2";"00000888";"PAMPAS DEL CARMEN";"NE_0001";"";"NE_0001";"NE_0001";"NE_0001";"NE_0001";"NE_0001";"NE_0001";"NE_0001"
"2023";"11";"100501";"HUANUCO";"HUAMALIES";"LLATA";"GOBIERNO REGIONAL";"I-2";"00000890";"LIBERTAD";"NE_0001";"";"NE_0001";"NE_0001";"NE_0001";"NE_0001";"NE_0001";"NE_0001";"NE_0001"
"2023";"11";"100501";"HUANUCO";"HUAMALIES";"LLATA";"GOBIERNO REGIONAL";"I-2";"00000889";"EL PORVENIR";"NE_0001";"";"NE_0001";"NE_0001";"NE_0001";"NE_0001";"NE_0001";"NE_0001";"NE_0001"
"2023";"11";"100501";"HUANUCO";"HUAMALIES";"LLATA";"GOBIERNO REGIONAL";"I-2";"00000891";"ISHANCA";"NE_0001";"";"NE_0001";"NE_0001";"NE_0001";"NE_0001";"NE_0001";"NE_0001";"NE_0001"
"2023";"12";"040411";"AREQUIPA";"CASTILLA";"TIPAN";"GOBIERNO REGIONAL";"I-1";"00001400";"PUESTO DE SALUD TIPAN";"NE_0001";"";"NE_0001";"NE_0001";"NE_0001";"NE_0001";"NE_0001";"NE_0001";"NE_0001"
"2023";"12";"040412";"AREQUIPA";"CASTILLA";"UÑON";"GOBIERNO REGIONAL";"I-2";"00001403";"PUESTO DE SALUD UÑON";"NE_0001";"";"NE_0001";"NE_0001";"NE_0001";"NE_0001";"NE_0001";"NE_0001";"NE_0001"
"2023";"12";"040414";"AREQUIPA";"CASTILLA";"VIRACO";"GOBIERNO REGIONAL";"I-1";"00006766";"PUESTO DE SALUD HUAMI";"NE_0001";"";"NE_0001";"NE_0001";"NE_0001";"NE_0001";"NE_0001";"NE_0001";"NE_0001"
"2023";"12";"040408";"AREQUIPA";"CASTILLA";"MACHAGUAY";"GOBIERNO REGIONAL";"I-2";"00001402";"PUESTO DE SALUD MACHAGUAY";"NE_0001";"";"NE_0001";"NE_0001";"NE_0001";"NE_0001";"NE_0001";"NE_0001";"NE_0001"
"2023";"12";"040411";"AREQUIPA";"CASTILLA";"TIPAN";"GOBIERNO REGIONAL";"I-1";"00001401";"PUESTO DE SALUD TAGRE";"NE_0001";"";"NE_0001";"NE_0001";"NE_0001";"NE_0001";"NE_0001";"NE_0001";"NE_0001"
"2023";"12";"040414";"AREQUIPA";"CASTILLA";"VIRACO";"GOBIERNO REGIONAL";"I-3";"00001386";"CENTRO DE SALUD VIRACO";"NE_0001";"";"NE_0001";"NE_0001";"NE_0001";"NE_0001";"NE_0001";"NE_0001";"NE_0001"
"2023";"12";"220907";"SAN MARTIN";"SAN MARTIN";"HUIMBAYOC";"GOBIERNO REGIONAL";"I-1";"00006445";"SANTA MARTHA";"NE_0002";"";"NE_0002";"NE_0002";"NE_0002";"NE_0002";"NE_0002";"NE_0002";"NE_0002"
"2023";"12";"220905";"SAN MARTIN";"SAN MARTIN";"CHIPURANA";"GOBIERNO REGIONAL";"I-1";"00006440";"TIPISHCA";"NE_0002";"";"NE_0002";"NE_0002";"NE_0002";"NE_0002";"NE_0002";"NE_0002";"NE_0002"
"2023";"12";"090102";"HUANCAVELICA";"HUANCAVELICA";"ACOBAMBILLA";"GOBIERNO REGIONAL";"I-3";"00003910";"VIÑAS";"NE_0001";"";"NE_0001";"NE_0001";"NE_0001";"NE_0001";"NE_0001";"NE_0001";"NE_0001"
"2023";"12";"090110";"HUANCAVELICA";"HUANCAVELICA";"MANTA";"GOBIERNO REGIONAL";"I-2";"00003916";"MANTA";"NE_0001";"";"NE_0001";"NE_0001";"NE_0001";"NE_0001";"NE_0001";"NE_0001";"NE_0001"
"2023";"12";"090110";"HUANCAVELICA";"HUANCAVELICA";"MANTA";"GOBIERNO REGIONAL";"I-1";"00007301";"SANTA ROSA DE MANTA";"NE_0001";"";"NE_0001";"NE_0001";"NE_0001";"NE_0001";"NE_0001";"NE_0001";"NE_0001"
"2023";"12";"090110";"HUANCAVELICA";"HUANCAVELICA";"MANTA";"GOBIERNO REGIONAL";"I-1";"00009714";"CCOLLPA";"NE_0001";"";"NE_0001";"NE_0001";"NE_0001";"NE_0001";"NE_0001";"NE_0001";"NE_0001"
"2023";"12";"090102";"HUANCAVELICA";"HUANCAVELICA";"ACOBAMBILLA";"GOBIERNO REGIONAL";"I-2";"00003911";"SAN JOSE DE ACOBAMBILLA";"NE_0001";"";"NE_0001";"NE_0001";"NE_0001";"NE_0001";"NE_0001";"NE_0001";"NE_0001"
"2023";"12";"090102";"HUANCAVELICA";"HUANCAVELICA";"ACOBAMBILLA";"GOBIERNO REGIONAL";"I-1";"00003913";"SAN MIGUEL DE ACOBAMBILLA";"NE_0001";"";"NE_0001";"NE_0001";"NE_0001";"NE_0001";"NE_0001";"NE_0001";"NE_0001"
"2023";"12";"090102";"HUANCAVELICA";"HUANCAVELICA";"ACOBAMBILLA";"GOBIERNO REGIONAL";"I-1";"00003912";"ANCCAPA";"NE_0001";"";"NE_0001";"NE_0001";"NE_0001";"NE_0001";"NE_0001";"NE_0001";"NE_0001"
"2023";"12";"100509";"HUANUCO";"HUAMALIES";"PUÑOS";"GOBIERNO REGIONAL";"I-1";"00000894";"ILLAHUASI";"NE_0001";"";"NE_0001";"NE_0001";"NE_0001";"NE_0001";"NE_0001";"NE_0001";"NE_0001"
"2023";"12";"090102";"HUANCAVELICA";"HUANCAVELICA";"ACOBAMBILLA";"GOBIERNO REGIONAL";"I-1";"00003914";"SAN JOSE DE PUITUCO";"NE_0001";"";"NE_0001";"NE_0001";"NE_0001";"NE_0001";"NE_0001";"NE_0001";"NE_0001"
"2023";"12";"100509";"HUANUCO";"HUAMALIES";"PUÑOS";"GOBIERNO REGIONAL";"I-3";"00000892";"PUÑOS";"NE_0001";"";"NE_0001";"NE_0001";"NE_0001";"NE_0001";"NE_0001";"NE_0001";"NE_0001"
"2023";"12";"100509";"HUANUCO";"HUAMALIES";"PUÑOS";"GOBIERNO REGIONAL";"I-2";"00000893";"POQUE";"NE_0001";"";"NE_0001";"NE_0001";"NE_0001";"NE_0001";"NE_0001";"NE_0001";"NE_0001"
"2023";"11";"080805";"CUSCO";"ESPINAR";"PALLPATA";"GOBIERNO REGIONAL";"I-3";"00002416";"PALLPATA";"NE_0001";"";"NE_0001";"NE_0001";"NE_0001";"NE_0001";"NE_0001";"NE_0001";"NE_0001"
"2023";"11";"080803";"CUSCO";"ESPINAR";"COPORAQUE";"GOBIERNO REGIONAL";"I-2";"00002412";"COPORAQUE";"NE_0001";"";"NE_0001";"NE_0001";"NE_0001";"NE_0001";"NE_0001";"NE_0001";"NE_0001"
"2023";"11";"080808";"CUSCO";"ESPINAR";"ALTO PICHIGUA";"GOBIERNO REGIONAL";"I-2";"00002420";"ACCOCUNCA";"NE_0001";"";"NE_0001";"NE_0001";"NE_0001";"NE_0001";"NE_0001";"NE_0001";"NE_0001"
"2023";"11";"080801";"CUSCO";"ESPINAR";"ESPINAR";"GOBIERNO REGIONAL";"I-1";"00006745";"TINTAYA MARQUIRI";"NE_0001";"";"NE_0001";"NE_0001";"NE_0001";"NE_0001";"NE_0001";"NE_0001";"NE_0001"
"2023";"11";"080801";"CUSCO";"ESPINAR";"ESPINAR";"GOBIERNO REGIONAL";"I-4";"00002410";"YAURI";"NE_0001";"";"NE_0001";"NE_0001";"NE_0001";"NE_0001";"NE_0001";"NE_0001";"NE_0001"
"2023";"11";"080806";"CUSCO";"ESPINAR";"PICHIGUA";"GOBIERNO REGIONAL";"I-1";"00002418";"SAN MIGUEL";"NE_0001";"";"NE_0001";"NE_0001";"NE_0001";"NE_0001";"NE_0001";"NE_0001";"NE_0001"
"2023";"11";"080804";"CUSCO";"ESPINAR";"OCORURO";"GOBIERNO REGIONAL";"I-2";"00002415";"OCCORURO";"NE_0001";"";"NE_0001";"NE_0001";"NE_0001";"NE_0001";"NE_0001";"NE_0001";"NE_0001"
"2023";"11";"080806";"CUSCO";"ESPINAR";"PICHIGUA";"GOBIERNO REGIONAL";"I-2";"00002417";"PICHIGUA ESPINAR";"NE_0001";"";"NE_0001";"NE_0001";"NE_0001";"NE_0001";"NE_0001";"NE_0001";"NE_0001"
"2023";"11";"080802";"CUSCO";"ESPINAR";"CONDOROMA";"GOBIERNO REGIONAL";"I-1";"00002411";"CONDOROMA";"NE_0001";"";"NE_0001";"NE_0001";"NE_0001";"NE_0001";"NE_0001";"NE_0001";"NE_0001"
"2023";"11";"080807";"CUSCO";"ESPINAR";"SUYCKUTAMBO";"GOBIERNO REGIONAL";"I-2";"00002419";"SUYKUTAMBO";"NE_0001";"";"NE_0001";"NE_0001";"NE_0001";"NE_0001";"NE_0001";"NE_0001";"NE_0001"
"2023";"11";"080803";"CUSCO";"ESPINAR";"COPORAQUE";"GOBIERNO REGIONAL";"I-2";"00002413";"URINSAYA";"NE_0001";"";"NE_0001";"NE_0001";"NE_0001";"NE_0001";"NE_0001";"NE_0001";"NE_0001"
"2023";"11";"080803";"CUSCO";"ESPINAR";"COPORAQUE";"GOBIERNO REGIONAL";"I-2";"00002414";"HUAYHUAHUASI";"NE_0001";"";"NE_0001";"NE_0001";"NE_0001";"NE_0001";"NE_0001";"NE_0001";"NE_0001"
"2023";"12";"120606";"JUNIN";"SATIPO";"PANGOA";"GOBIERNO REGIONAL";"I-1";"00027801";"PUERTO ANAPATI";"NE_0001";"";"NE_0001";"NE_0001";"NE_0001";"NE_0001";"NE_0001";"NE_0001";"NE_0001"
"2023";"11";"250301";"UCAYALI";"PADRE ABAD";"PADRE ABAD";"GOBIERNO REGIONAL";"I-1";"00030640";"PUESTO DE SALUD YAMINO";"NE_0002";"";"NE_0002";"NE_0002";"NE_0002";"NE_0002";"NE_0002";"NE_0002";"NE_0002"
"2023";"11";"250301";"UCAYALI";"PADRE ABAD";"PADRE ABAD";"GOBIERNO REGIONAL";"I-1";"00030639";"PUESTO DE SALUD VALLE DE SION";"NE_0002";"";"NE_0002";"NE_0002";"NE_0002";"NE_0002";"NE_0002";"NE_0002";"NE_0002"
"2023";"11";"250301";"UCAYALI";"PADRE ABAD";"PADRE ABAD";"GOBIERNO REGIONAL";"I-1";"00030638";"PUESTO DE SALUD LOS OLIVOS";"NE_0002";"";"NE_0002";"NE_0002";"NE_0002";"NE_0002";"NE_0002";"NE_0002";"NE_0002"
"2023";"11";"250301";"UCAYALI";"PADRE ABAD";"PADRE ABAD";"GOBIERNO REGIONAL";"I-1";"00019070";"NUEVA CHONTA";"NE_0001";"";"NE_0001";"NE_0001";"NE_0001";"NE_0001";"NE_0001";"NE_0001";"NE_0001"
"2023";"11";"250301";"UCAYALI";"PADRE ABAD";"PADRE ABAD";"GOBIERNO REGIONAL";"I-2";"00006802";"SHAMBILLO";"NE_0001";"";"NE_0001";"NE_0001";"NE_0001";"NE_0001";"NE_0001";"NE_0001";"NE_0001"
"2023";"11";"250301";"UCAYALI";"PADRE ABAD";"PADRE ABAD";"GOBIERNO REGIONAL";"I-2";"00005411";"SANTA ROSA DE AGUAYTIA";"NE_0001";"";"NE_0001";"NE_0001";"NE_0001";"NE_0001";"NE_0001";"NE_0001";"NE_0001"
"2023";"11";"250301";"UCAYALI";"PADRE ABAD";"PADRE ABAD";"GOBIERNO REGIONAL";"I-1";"00005410";"SANTA ANA";"NE_0001";"";"NE_0001";"NE_0001";"NE_0001";"NE_0001";"NE_0001";"NE_0001";"NE_0001"
"2023";"11";"250301";"UCAYALI";"PADRE ABAD";"PADRE ABAD";"GOBIERNO REGIONAL";"I-2";"00005407";"COMUNIDAD NATIVA DE PUERTO AZUL";"NE_0001";"";"NE_0001";"NE_0001";"NE_0001";"NE_0001";"NE_0001";"NE_0001";"NE_0001"
"2023";"11";"250301";"UCAYALI";"PADRE ABAD";"PADRE ABAD";"GOBIERNO REGIONAL";"I-2";"00005406";"PREVISTO";"NE_0001";"";"NE_0001";"NE_0001";"NE_0001";"NE_0001";"NE_0001";"NE_0001";"NE_0001"
"2023";"11";"250301";"UCAYALI";"PADRE ABAD";"PADRE ABAD";"GOBIERNO REGIONAL";"I-1";"00005401";"LA DIVISORIA";"NE_0001";"";"NE_0001";"NE_0001";"NE_0001";"NE_0001";"NE_0001";"NE_0001";"NE_0001"
"2023";"11";"250301";"UCAYALI";"PADRE ABAD";"PADRE ABAD";"GOBIERNO REGIONAL";"I-2";"00005400";"HUIPOCA";"NE_0001";"";"NE_0001";"NE_0001";"NE_0001";"NE_0001";"NE_0001";"NE_0001";"NE_0001"
"2023";"11";"250301";"UCAYALI";"PADRE ABAD";"PADRE ABAD";"GOBIERNO REGIONAL";"I-2";"00005399";"BOQUERON";"NE_0001";"";"NE_0001";"NE_0001";"NE_0001";"NE_0001";"NE_0001";"NE_0001";"NE_0001"
"2023";"11";"250301";"UCAYALI";"PADRE ABAD";"PADRE ABAD";"GOBIERNO REGIONAL";"I-1";"00005398";"ALTO AGUAYTIA.";"NE_0001";"";"NE_0001";"NE_0001";"NE_0001";"NE_0001";"NE_0001";"NE_0001";"NE_0001"
"2023";"11";"250301";"UCAYALI";"PADRE ABAD";"PADRE ABAD";"GOBIERNO REGIONAL";"I-4";"00005395";"AGUAYTIA";"NE_0002";"";"NE_0002";"NE_0002";"NE_0002";"NE_0002";"NE_0002";"NE_0002";"NE_0002"
"2023";"12";"200104";"PIURA";"PIURA";"CASTILLA";"PRIVADO";"0";"00013494";"AUNA CLINICA MIRAFLORES";"240000";"HOSPITALIZACIÓN";"113";"226";"817";"829";"40";"1240";"1"
"2023";"12";"200104";"PIURA";"PIURA";"CASTILLA";"PRIVADO";"0";"00013494";"AUNA CLINICA MIRAFLORES";"250100";"UNIDAD DE CUIDADOS CRITICOS UNIDAD  DE CUIDADOS INTENSIVOS GENERALES (UCI) ";"4";"3";"25";"38";"6";"186";"1"
"2023";"12";"040503";"AREQUIPA";"CAYLLOMA";"CABANACONDE";"GOBIERNO REGIONAL";"I-3";"00001420";"CENTRO DE SALUD CABANACONDE";"NE_0001";"";"NE_0001";"NE_0001";"NE_0001";"NE_0001";"NE_0001";"NE_0001";"NE_0001"
"2023";"12";"040503";"AREQUIPA";"CAYLLOMA";"CABANACONDE";"GOBIERNO REGIONAL";"I-2";"00001432";"PUESTO DE SALUD PINCHOLLO";"NE_0001";"";"NE_0001";"NE_0001";"NE_0001";"NE_0001";"NE_0001";"NE_0001";"NE_0001"
"2023";"12";"150131";"LIMA";"LIMA";"SAN ISIDRO";"PRIVADO";"II-2";"00012633";"CLINICA JAVIER PRADO";"240100";"HOSPITALIZACIÓN QUIRÚRGICA CIRUGÍA GENERAL ";"113";"123";"349";"450";"48";"1488";"2"
"2023";"12";"150131";"LIMA";"LIMA";"SAN ISIDRO";"PRIVADO";"II-2";"00012633";"CLINICA JAVIER PRADO";"241400";"HOSPITALIZACIÓN QUIRÚRGICA GINECO - OBSTETRICIA ";"47";"49";"110";"181";"14";"434";"0"
"2023";"12";"150131";"LIMA";"LIMA";"SAN ISIDRO";"PRIVADO";"II-2";"00012633";"CLINICA JAVIER PRADO";"241900";"HOSPITALIZACIÓN DE MEDICINA MEDICINA INTERNA ";"130";"141";"488";"618";"50";"1550";"5"
"2023";"12";"150131";"LIMA";"LIMA";"SAN ISIDRO";"PRIVADO";"II-2";"00012633";"CLINICA JAVIER PRADO";"242300";"HOSPITALIZACIÓN DE PEDIATRÍA  PEDIATRÍA  GENERAL ";"60";"60";"115";"164";"31";"961";"0"
"2023";"12";"220603";"SAN MARTIN";"MARISCAL CACERES";"HUICUNGO";"GOBIERNO REGIONAL";"I-3";"00006567";"HUICUNGO";"NE_0002";"";"NE_0002";"NE_0002";"NE_0002";"NE_0002";"NE_0002";"NE_0002";"NE_0002"
"2023";"12";"220603";"SAN MARTIN";"MARISCAL CACERES";"HUICUNGO";"GOBIERNO REGIONAL";"I-1";"00006569";"SANTA INES";"NE_0001";"";"NE_0001";"NE_0001";"NE_0001";"NE_0001";"NE_0001";"NE_0001";"NE_0001"
"2023";"12";"220603";"SAN MARTIN";"MARISCAL CACERES";"HUICUNGO";"GOBIERNO REGIONAL";"I-1";"00006571";"PIZARRO";"NE_0001";"";"NE_0001";"NE_0001";"NE_0001";"NE_0001";"NE_0001";"NE_0001";"NE_0001"
"2023";"12";"220604";"SAN MARTIN";"MARISCAL CACERES";"PACHIZA";"GOBIERNO REGIONAL";"I-1";"00006572";"PACHIZA";"NE_0001";"";"NE_0001";"NE_0001";"NE_0001";"NE_0001";"NE_0001";"NE_0001";"NE_0001"
"2023";"12";"220604";"SAN MARTIN";"MARISCAL CACERES";"PACHIZA";"GOBIERNO REGIONAL";"I-1";"00006573";"ALTO EL SOL";"NE_0001";"";"NE_0001";"NE_0001";"NE_0001";"NE_0001";"NE_0001";"NE_0001";"NE_0001"
"2023";"12";"220604";"SAN MARTIN";"MARISCAL CACERES";"PACHIZA";"GOBIERNO REGIONAL";"I-1";"00006574";"NUEVO CHIMBOTE";"NE_0001";"";"NE_0001";"NE_0001";"NE_0001";"NE_0001";"NE_0001";"NE_0001";"NE_0001"
"2023";"12";"220603";"SAN MARTIN";"MARISCAL CACERES";"HUICUNGO";"GOBIERNO REGIONAL";"I-1";"00006568";"DOS DE MAYO";"NE_0001";"";"NE_0001";"NE_0001";"NE_0001";"NE_0001";"NE_0001";"NE_0001";"NE_0001"
"2023";"12";"220603";"SAN MARTIN";"MARISCAL CACERES";"HUICUNGO";"GOBIERNO REGIONAL";"I-1";"00006570";"NUEVA ESPERANZA";"NE_0001";"";"NE_0001";"NE_0001";"NE_0001";"NE_0001";"NE_0001";"NE_0001";"NE_0001"
"2023";"12";"060701";"CAJAMARCA";"HUALGAYOC";"BAMBAMARCA";"ESSALUD";"I-2";"00010277";"POSTA MEDICA ESSALUD BAMBAMARCA";"NE_0001";"";"NE_0001";"NE_0001";"NE_0001";"NE_0001";"NE_0001";"NE_0001";"NE_0001"
"2023";"12";"060807";"CAJAMARCA";"JAEN";"POMAHUACA";"GOBIERNO REGIONAL";"I-1";"00016134";"COLAGUAY";"NE_0001";"";"NE_0001";"NE_0001";"NE_0001";"NE_0001";"NE_0001";"NE_0001";"NE_0001"
"2023";"12";"060807";"CAJAMARCA";"JAEN";"POMAHUACA";"GOBIERNO REGIONAL";"I-1";"00027935";"TAYAS";"NE_0001";"";"NE_0001";"NE_0001";"NE_0001";"NE_0001";"NE_0001";"NE_0001";"NE_0001"
"2023";"12";"060807";"CAJAMARCA";"JAEN";"POMAHUACA";"GOBIERNO REGIONAL";"I-3";"00004247";"POMAHUACA";"NE_0001";"";"NE_0001";"NE_0001";"NE_0001";"NE_0001";"NE_0001";"NE_0001";"NE_0001"
"2023";"12";"060807";"CAJAMARCA";"JAEN";"POMAHUACA";"GOBIERNO REGIONAL";"I-1";"00016139";"YAMBOLON";"NE_0001";"";"NE_0001";"NE_0001";"NE_0001";"NE_0001";"NE_0001";"NE_0001";"NE_0001"
"2023";"12";"060807";"CAJAMARCA";"JAEN";"POMAHUACA";"GOBIERNO REGIONAL";"I-1";"00007166";"MANGAYPA";"NE_0001";"";"NE_0001";"NE_0001";"NE_0001";"NE_0001";"NE_0001";"NE_0001";"NE_0001"
"2023";"11";"010101";"AMAZONAS";"CHACHAPOYAS";"CHACHAPOYAS";"PRIVADO";"I-3";"00026399";"CENTRO MEDICO AMAZONAS EIRL";"NE_0001";"";"NE_0001";"NE_0001";"NE_0001";"NE_0001";"NE_0001";"NE_0001";"NE_0001"
"2023";"12";"200701";"PIURA";"TALARA";"PARIÑAS";"PRIVADO";"II-1";"00011396";"ADMINISTRADORA CLINICA TRESA";"241900";"HOSPITALIZACIÓN DE MEDICINA MEDICINA INTERNA ";"20";"19";"48";"168";"6";"186";"0"
"2023";"12";"200701";"PIURA";"TALARA";"PARIÑAS";"PRIVADO";"II-1";"00011396";"ADMINISTRADORA CLINICA TRESA";"240100";"HOSPITALIZACIÓN QUIRÚRGICA CIRUGÍA GENERAL ";"5";"5";"18";"56";"2";"62";"0"
"2023";"12";"200701";"PIURA";"TALARA";"PARIÑAS";"PRIVADO";"II-1";"00011396";"ADMINISTRADORA CLINICA TRESA";"241200";"HOSPITALIZACIÓN QUIRÚRGICA TRAUMATOLOGÍA Y ORTOPEDIA ";"5";"5";"42";"56";"2";"62";"0"
"2023";"12";"200701";"PIURA";"TALARA";"PARIÑAS";"PRIVADO";"II-1";"00011396";"ADMINISTRADORA CLINICA TRESA";"241500";"HOSPITALIZACIÓN QUIRÚRGICA GINECOLOGÍA  ";"5";"5";"12";"56";"2";"62";"0"
"2023";"12";"200701";"PIURA";"TALARA";"PARIÑAS";"PRIVADO";"II-1";"00011396";"ADMINISTRADORA CLINICA TRESA";"242300";"HOSPITALIZACIÓN DE PEDIATRÍA  PEDIATRÍA  GENERAL ";"11";"9";"24";"85";"3";"93";"0"
"2023";"12";"150113";"LIMA";"LIMA";"JESUS MARIA";"PRIVADO";"II-E";"00020346";"CLINICA SANTA BEATRIZ";"240000";"HOSPITALIZACIÓN";"256";"254";"297";"232";"22";"518";"0"
"2023";"12";"050601";"AYACUCHO";"LUCANAS";"PUQUIO";"GOBIERNO REGIONAL";"II-1";"00003727";"HOSPITAL DE APOYO DE PUQUIO ""FELIPE HUAMÁN POMA DE AYALA""";"240100";"HOSPITALIZACIÓN QUIRÚRGICA CIRUGÍA GENERAL ";"15";"18";"60";"15";"7";"217";"0"
"2023";"12";"050601";"AYACUCHO";"LUCANAS";"PUQUIO";"GOBIERNO REGIONAL";"II-1";"00003727";"HOSPITAL DE APOYO DE PUQUIO ""FELIPE HUAMÁN POMA DE AYALA""";"240700";"HOSPITALIZACIÓN QUIRÚRGICA CIRUGÍA PEDIÁTRICA ";"5";"5";"10";"5";"1";"31";"0"
"2023";"12";"050601";"AYACUCHO";"LUCANAS";"PUQUIO";"GOBIERNO REGIONAL";"II-1";"00003727";"HOSPITAL DE APOYO DE PUQUIO ""FELIPE HUAMÁN POMA DE AYALA""";"241500";"HOSPITALIZACIÓN QUIRÚRGICA GINECOLOGÍA  ";"24";"26";"70";"24";"4";"124";"0"
"2023";"12";"050601";"AYACUCHO";"LUCANAS";"PUQUIO";"GOBIERNO REGIONAL";"II-1";"00003727";"HOSPITAL DE APOYO DE PUQUIO ""FELIPE HUAMÁN POMA DE AYALA""";"241600";"HOSPITALIZACIÓN QUIRÚRGICA OBSTETRICIA   ";"25";"27";"59";"25";"4";"124";"0"
"2023";"12";"050601";"AYACUCHO";"LUCANAS";"PUQUIO";"GOBIERNO REGIONAL";"II-1";"00003727";"HOSPITAL DE APOYO DE PUQUIO ""FELIPE HUAMÁN POMA DE AYALA""";"241800";"HOSPITALIZACIÓN DE MEDICINA MEDICINA GENERAL ";"17";"19";"74";"17";"10";"310";"4"
"2023";"12";"050601";"AYACUCHO";"LUCANAS";"PUQUIO";"GOBIERNO REGIONAL";"II-1";"00003727";"HOSPITAL DE APOYO DE PUQUIO ""FELIPE HUAMÁN POMA DE AYALA""";"242200";"HOSPITALIZACIÓN DE MEDICINA PSIQUIATRÍA ";"7";"10";"103";"7";"2";"62";"0"
"2023";"12";"050601";"AYACUCHO";"LUCANAS";"PUQUIO";"GOBIERNO REGIONAL";"II-1";"00003727";"HOSPITAL DE APOYO DE PUQUIO ""FELIPE HUAMÁN POMA DE AYALA""";"242500";"HOSPITALIZACIÓN-PEDIATRÍA GENERAL-";"15";"17";"53";"15";"11";"341";"0"
"2023";"12";"050601";"AYACUCHO";"LUCANAS";"PUQUIO";"GOBIERNO REGIONAL";"II-1";"00003727";"HOSPITAL DE APOYO DE PUQUIO ""FELIPE HUAMÁN POMA DE AYALA""";"243200";"HOSPITALIZACIÓN DE PEDIATRÍA PEDIATRIA NEONATOLOGÍA";"5";"5";"10";"5";"11";"341";"0"
"2023";"12";"120601";"JUNIN";"SATIPO";"SATIPO";"GOBIERNO REGIONAL";"I-1";"00013864";"CANAAN DEL NORTE";"NE_0001";"";"NE_0001";"NE_0001";"NE_0001";"NE_0001";"NE_0001";"NE_0001";"NE_0001"
"2023";"12";"120601";"JUNIN";"SATIPO";"SATIPO";"GOBIERNO REGIONAL";"I-2";"00000478";"RIO VENADO";"NE_0001";"";"NE_0001";"NE_0001";"NE_0001";"NE_0001";"NE_0001";"NE_0001";"NE_0001"
"2023";"12";"120607";"JUNIN";"SATIPO";"RIO NEGRO";"GOBIERNO REGIONAL";"I-2";"00000502";"CUSHIVIANI";"NE_0001";"";"NE_0001";"NE_0001";"NE_0001";"NE_0001";"NE_0001";"NE_0001";"NE_0001"
"2023";"12";"120607";"JUNIN";"SATIPO";"RIO NEGRO";"GOBIERNO REGIONAL";"I-3";"00000506";"UNION CAPIRI";"NE_0001";"";"NE_0001";"NE_0001";"NE_0001";"NE_0001";"NE_0001";"NE_0001";"NE_0001"
"2023";"12";"120601";"JUNIN";"SATIPO";"SATIPO";"GOBIERNO REGIONAL";"I-2";"00000483";"SANIBENI";"NE_0001";"";"NE_0001";"NE_0001";"NE_0001";"NE_0001";"NE_0001";"NE_0001";"NE_0001"
"2023";"12";"120601";"JUNIN";"SATIPO";"SATIPO";"GOBIERNO REGIONAL";"I-1";"00029375";"COMUNIDAD NATIVA SHANQUI";"NE_0001";"";"NE_0001";"NE_0001";"NE_0001";"NE_0001";"NE_0001";"NE_0001";"NE_0001"
"2023";"12";"120607";"JUNIN";"SATIPO";"RIO NEGRO";"GOBIERNO REGIONAL";"I-2";"00000477";"HUAHUARI";"NE_0001";"";"NE_0001";"NE_0001";"NE_0001";"NE_0001";"NE_0001";"NE_0001";"NE_0001"
"2023";"12";"120601";"JUNIN";"SATIPO";"SATIPO";"GOBIERNO REGIONAL";"I-2";"00000479";"SANTO DOMINGO DE MARANKIARI";"NE_0001";"";"NE_0001";"NE_0001";"NE_0001";"NE_0001";"NE_0001";"NE_0001";"NE_0001"
"2023";"12";"090117";"HUANCAVELICA";"HUANCAVELICA";"YAULI";"GOBIERNO REGIONAL";"I-1";"00003883";"UCHCUS - INCAÑAN";"NE_0001";"";"NE_0001";"NE_0001";"NE_0001";"NE_0001";"NE_0001";"NE_0001";"NE_0001"
"2023";"12";"090117";"HUANCAVELICA";"HUANCAVELICA";"YAULI";"GOBIERNO REGIONAL";"I-2";"00006821";"CASTILLAPATA";"NE_0001";"";"NE_0001";"NE_0001";"NE_0001";"NE_0001";"NE_0001";"NE_0001";"NE_0001"
"2023";"12";"090117";"HUANCAVELICA";"HUANCAVELICA";"YAULI";"GOBIERNO REGIONAL";"I-1";"00003880";"AMBATO";"NE_0001";"";"NE_0001";"NE_0001";"NE_0001";"NE_0001";"NE_0001";"NE_0001";"NE_0001"
"2023";"12";"050101";"AYACUCHO";"HUAMANGA";"AYACUCHO";"GOBIERNO REGIONAL";"I-3";"00006898";"CENTRO DE  SALUD MOLLEPATA";"NE_0002";"";"NE_0002";"NE_0002";"NE_0002";"NE_0002";"NE_0002";"NE_0002";"NE_0002"
"2023";"12";"050101";"AYACUCHO";"HUAMANGA";"AYACUCHO";"GOBIERNO REGIONAL";"I-4";"00003576";"CENTRO DE SALUD LOS LICENCIADOS";"241600";"HOSPITALIZACIÓN QUIRÚRGICA OBSTETRICIA   ";"17";"17";"17";"3";"7";"10";"0"
"2023";"12";"050115";"AYACUCHO";"HUAMANGA";"JESUS NAZARENO";"GOBIERNO REGIONAL";"I-2";"00011365";"PUESTO DE SALUD VILLA SAN CRISTOBAL";"NE_0002";"";"NE_0002";"NE_0002";"NE_0002";"NE_0002";"NE_0002";"NE_0002";"NE_0002"
"2023";"12";"130107";"LA LIBERTAD";"TRUJILLO";"MOCHE";"GOBIERNO REGIONAL";"II-1";"00007152";"HOSPITAL DISTRITAL ALTO MOCHE-WALTER CRUZ VILCA";"241500";"HOSPITALIZACIÓN QUIRÚRGICA GINECOLOGÍA  ";"15";"15";"18";"24";"12";"360";"0"
"2023";"04";"021503";"ANCASH";"PALLASCA";"CONCHUCOS";"ESSALUD";"I-2";"00009201";"POSTA MEDICA CONCHUCOS";"NE_0001";"";"NE_0001";"NE_0001";"NE_0001";"NE_0001";"NE_0001";"NE_0001";"NE_0001"
"2023";"11";"150121";"LIMA";"LIMA";"PUEBLO LIBRE";"PRIVADO";"II-E";"00015077";"LIGA CONTRA EL CÁNCER";"NE_0001";"";"NE_0001";"NE_0001";"NE_0001";"NE_0001";"NE_0001";"NE_0001";"NE_0001"
"2023";"11";"150128";"LIMA";"LIMA";"RIMAC";"SANIDAD DEL EJERCITO DEL PERU";"I-4";"00013914";"CENTRO DE SALUD MILITAR RIMAC";"241800";"HOSPITALIZACIÓN DE MEDICINA MEDICINA GENERAL ";"9";"7";"9";"3";"2";"4";"0"
"2023";"11";"110102";"ICA";"ICA";"LA TINGUIÑA";"ESSALUD";"I-3";"00024531";"LA TINGUIÑA";"NE_0001";"";"NE_0001";"NE_0001";"NE_0001";"NE_0001";"NE_0001";"NE_0001";"NE_0001"
"2023";"11";"220913";"SAN MARTIN";"SAN MARTIN";"SAUCE";"GOBIERNO REGIONAL";"I-1";"00006381";"DOS DE MAYO";"NE_0001";"";"NE_0001";"NE_0001";"NE_0001";"NE_0001";"NE_0001";"NE_0001";"NE_0001"
"2023";"11";"220913";"SAN MARTIN";"SAN MARTIN";"SAUCE";"GOBIERNO REGIONAL";"I-3";"00006380";"SAUCE";"241600";"HOSPITALIZACIÓN QUIRÚRGICA OBSTETRICIA   ";"8";"8";"8";"2";"2";"60";"0"
"2023";"11";"130101";"LA LIBERTAD";"TRUJILLO";"TRUJILLO";"PRIVADO";"II-E";"00021475";"DE LA BELLEZA";"NE_0001";"";"NE_0001";"NE_0001";"NE_0001";"NE_0001";"NE_0001";"NE_0001";"NE_0001"
"2023";"11";"110101";"ICA";"ICA";"ICA";"GOBIERNO REGIONAL";"I-2";"00003375";"SENOR DE LUREN";"NE_0001";"";"NE_0001";"NE_0001";"NE_0001";"NE_0001";"NE_0001";"NE_0001";"NE_0001"
"2023";"11";"110101";"ICA";"ICA";"ICA";"GOBIERNO REGIONAL";"I-3";"00003360";"SAN JOAQUIN";"NE_0001";"";"NE_0001";"NE_0001";"NE_0001";"NE_0001";"NE_0001";"NE_0001";"NE_0001"
"2023";"11";"110101";"ICA";"ICA";"ICA";"GOBIERNO REGIONAL";"I-2";"00003376";"CACHICHE";"NE_0001";"";"NE_0001";"NE_0001";"NE_0001";"NE_0001";"NE_0001";"NE_0001";"NE_0001"
"2023";"11";"110101";"ICA";"ICA";"ICA";"MINSA";"I-2";"00003377";"EL HUARANGO";"NE_0001";"";"NE_0001";"NE_0001";"NE_0001";"NE_0001";"NE_0001";"NE_0001";"NE_0001"
"2023";"11";"110201";"ICA";"CHINCHA";"CHINCHA ALTA";"PRIVADO";"II-1";"00020979";"CLINICA DE LOS VASQUEZ S.A.C.";"240000";"HOSPITALIZACIÓN";"41";"40";"110";"46";"19";"570";"0"
"2023";"11";"110101";"ICA";"ICA";"ICA";"GOBIERNO REGIONAL";"I-3";"00003360";"SAN JOAQUIN";"NE_0001";"";"NE_0001";"NE_0001";"NE_0001";"NE_0001";"NE_0001";"NE_0001";"NE_0001"
"2023";"11";"110101";"ICA";"ICA";"ICA";"GOBIERNO REGIONAL";"I-2";"00003376";"CACHICHE";"NE_0001";"";"NE_0001";"NE_0001";"NE_0001";"NE_0001";"NE_0001";"NE_0001";"NE_0001"
"2023";"11";"110101";"ICA";"ICA";"ICA";"MINSA";"I-2";"00003377";"EL HUARANGO";"NE_0001";"";"NE_0001";"NE_0001";"NE_0001";"NE_0001";"NE_0001";"NE_0001";"NE_0001"
"2023";"11";"110101";"ICA";"ICA";"ICA";"GOBIERNO REGIONAL";"I-2";"00003375";"SENOR DE LUREN";"NE_0001";"";"NE_0001";"NE_0001";"NE_0001";"NE_0001";"NE_0001";"NE_0001";"NE_0001"
"2023";"11";"110101";"ICA";"ICA";"ICA";"GOBIERNO REGIONAL";"I-3";"00003360";"SAN JOAQUIN";"NE_0001";"";"NE_0001";"NE_0001";"NE_0001";"NE_0001";"NE_0001";"NE_0001";"NE_0001"
"2023";"11";"110101";"ICA";"ICA";"ICA";"GOBIERNO REGIONAL";"I-2";"00003376";"CACHICHE";"NE_0001";"";"NE_0001";"NE_0001";"NE_0001";"NE_0001";"NE_0001";"NE_0001";"NE_0001"
"2023";"11";"110101";"ICA";"ICA";"ICA";"MINSA";"I-2";"00003377";"EL HUARANGO";"NE_0001";"";"NE_0001";"NE_0001";"NE_0001";"NE_0001";"NE_0001";"NE_0001";"NE_0001"
"2023";"11";"080104";"CUSCO";"CUSCO";"SAN JERONIMO";"GOBIERNO REGIONAL";"0";"00030727";"PATRÓN SAN SEBASTIAN";"NE_0001";"";"NE_0001";"NE_0001";"NE_0001";"NE_0001";"NE_0001";"NE_0001";"NE_0001"
"2023";"12";"070101";"CALLAO";"CALLAO";"CALLAO";"SANIDAD DE LA POLICIA NACIONAL DEL PERU";"I-2";"00010610";"POSTA MEDICA POLICIAL SEDE DIRAVPOL";"NE_0001";"";"NE_0001";"NE_0001";"NE_0001";"NE_0001";"NE_0001";"NE_0001";"NE_0001"
"2023";"12";"120301";"JUNIN";"CHANCHAMAYO";"CHANCHAMAYO";"SANIDAD DE LA POLICIA NACIONAL DEL PERU";"I-2";"00011913";"POSTA MEDICA POLICIAL LA MERCED";"NE_0001";"";"NE_0001";"NE_0001";"NE_0001";"NE_0001";"NE_0001";"NE_0001";"NE_0001"
"2023";"12";"130101";"LA LIBERTAD";"TRUJILLO";"TRUJILLO";"PRIVADO";"II-1";"00012301";"CLINICA SAN ANTONIO";"242400";"HOSPITALIZACIÓN DE PEDIATRÍA ADOLESCENTES ";"3";"4";"18";"54";"59";"60";"0"
"2023";"12";"130101";"LA LIBERTAD";"TRUJILLO";"TRUJILLO";"PRIVADO";"II-1";"00012301";"CLINICA SAN ANTONIO";"241300";"HOSPITALIZACIÓN QUIRÚRGICA UROLOGÍA  ";"3";"1";"17";"51";"1";"51";"0"
"2023";"12";"130101";"LA LIBERTAD";"TRUJILLO";"TRUJILLO";"PRIVADO";"II-1";"00012301";"CLINICA SAN ANTONIO";"241800";"HOSPITALIZACIÓN DE MEDICINA MEDICINA GENERAL ";"21";"20";"83";"1743";"1";"1743";"0"
"2023";"12";"130101";"LA LIBERTAD";"TRUJILLO";"TRUJILLO";"PRIVADO";"II-1";"00012301";"CLINICA SAN ANTONIO";"240000";"HOSPITALIZACIÓN";"2";"3";"16";"32";"1";"32";"0"
"2023";"12";"130101";"LA LIBERTAD";"TRUJILLO";"TRUJILLO";"PRIVADO";"II-1";"00012301";"CLINICA SAN ANTONIO";"250100";"UNIDAD DE CUIDADOS CRITICOS UNIDAD  DE CUIDADOS INTENSIVOS GENERALES (UCI) ";"20";"26";"83";"1660";"1";"1660";"0"
"2023";"12";"130101";"LA LIBERTAD";"TRUJILLO";"TRUJILLO";"PRIVADO";"II-1";"00012301";"CLINICA SAN ANTONIO";"241900";"HOSPITALIZACIÓN DE MEDICINA MEDICINA INTERNA ";"1";"26";"2";"2";"59";"60";"0"
"2023";"12";"130101";"LA LIBERTAD";"TRUJILLO";"TRUJILLO";"PRIVADO";"II-1";"00012301";"CLINICA SAN ANTONIO";"240400";"HOSPITALIZACIÓN QUIRÚRGICA CIRUGÍA DE TÓRAX Y CARDIOVASCULAR ";"1";"1";"5";"5";"1";"5";"0"
"2023";"12";"130101";"LA LIBERTAD";"TRUJILLO";"TRUJILLO";"PRIVADO";"II-1";"00012301";"CLINICA SAN ANTONIO";"240800";"HOSPITALIZACIÓN QUIRÚRGICA CIRUGÍA PLÁSTICA/RECONSTRUCTIVA/ REPARADORA ";"8";"4";"48";"384";"1";"384";"0"
"2023";"12";"130101";"LA LIBERTAD";"TRUJILLO";"TRUJILLO";"PRIVADO";"II-1";"00012301";"CLINICA SAN ANTONIO";"240900";"HOSPITALIZACIÓN QUIRÚRGICA NEUROCIRUGÍA ";"1";"2";"7";"7";"1";"7";"0"
"2023";"12";"130101";"LA LIBERTAD";"TRUJILLO";"TRUJILLO";"PRIVADO";"II-1";"00012301";"CLINICA SAN ANTONIO";"241200";"HOSPITALIZACIÓN QUIRÚRGICA TRAUMATOLOGÍA Y ORTOPEDIA ";"9";"10";"66";"594";"1";"594";"0"
"2023";"12";"130101";"LA LIBERTAD";"TRUJILLO";"TRUJILLO";"PRIVADO";"II-1";"00012301";"CLINICA SAN ANTONIO";"244300";"HOSPITALIZACIÓN DE MEDICINA GASTROENTEROLOGÍA  ";"16";"11";"99";"1584";"1";"1584";"0"
"2023";"12";"130101";"LA LIBERTAD";"TRUJILLO";"TRUJILLO";"PRIVADO";"II-1";"00012301";"CLINICA SAN ANTONIO";"245400";"HOSPITALIZACIÓN DE MEDICINA GINECOLOGIA ";"4";"3";"32";"128";"1";"128";"0"
"2023";"12";"220909";"SAN MARTIN";"SAN MARTIN";"LA BANDA DE SHILCAYO";"GOBIERNO REGIONAL";"II-E";"00006359";"BANDA SHILCAYO";"241400";"HOSPITALIZACIÓN QUIRÚRGICA GINECO - OBSTETRICIA ";"106";"109";"172";"166";"17";"527";"0"
"2023";"12";"220909";"SAN MARTIN";"SAN MARTIN";"LA BANDA DE SHILCAYO";"GOBIERNO REGIONAL";"II-E";"00006359";"BANDA SHILCAYO";"241800";"HOSPITALIZACIÓN DE MEDICINA MEDICINA GENERAL ";"38";"42";"89";"78";"23";"713";"0"
"2023";"12";"220909";"SAN MARTIN";"SAN MARTIN";"LA BANDA DE SHILCAYO";"GOBIERNO REGIONAL";"II-E";"00006359";"BANDA SHILCAYO";"242500";"HOSPITALIZACIÓN-PEDIATRÍA GENERAL-";"23";"23";"41";"46";"7";"217";"0"
"2023";"12";"210101";"PUNO";"PUNO";"PUNO";"PRIVADO";"II-1";"00009685";"CLINICA PUNO";"240100";"HOSPITALIZACIÓN QUIRÚRGICA CIRUGÍA GENERAL ";"10";"10";"24";"16";"2";"38";"0"
"2023";"12";"210101";"PUNO";"PUNO";"PUNO";"PRIVADO";"II-1";"00009685";"CLINICA PUNO";"241200";"HOSPITALIZACIÓN QUIRÚRGICA TRAUMATOLOGÍA Y ORTOPEDIA ";"12";"12";"20";"16";"2";"40";"0"
"2023";"12";"210101";"PUNO";"PUNO";"PUNO";"PRIVADO";"II-1";"00009685";"CLINICA PUNO";"241300";"HOSPITALIZACIÓN QUIRÚRGICA UROLOGÍA  ";"1";"1";"4";"5";"1";"26";"0"
"2023";"12";"210101";"PUNO";"PUNO";"PUNO";"PRIVADO";"II-1";"00009685";"CLINICA PUNO";"241400";"HOSPITALIZACIÓN QUIRÚRGICA GINECO - OBSTETRICIA ";"3";"3";"8";"6";"1";"52";"0"
"2023";"12";"210101";"PUNO";"PUNO";"PUNO";"PRIVADO";"II-1";"00009685";"CLINICA PUNO";"241800";"HOSPITALIZACIÓN DE MEDICINA MEDICINA GENERAL ";"1";"1";"2";"1";"1";"28";"0"
"2023";"12";"210101";"PUNO";"PUNO";"PUNO";"PRIVADO";"II-1";"00009685";"CLINICA PUNO";"240200";"HOSPITALIZACIÓN QUIRÚRGICA CIRUGÍA DE CABEZA Y CUELLO / MÁXILO FACIAL ";"1";"1";"1";"2";"1";"29";"0"
"2023";"12";"110101";"ICA";"ICA";"ICA";"ESSALUD";"II-2";"00016374";"HOSPITAL IV AUGUSTO HERNANDEZ MENDOZA";"240100";"HOSPITALIZACIÓN QUIRÚRGICA CIRUGÍA GENERAL ";"238";"234";"1060";"1316";"48";"1488";"5"
"2023";"12";"110101";"ICA";"ICA";"ICA";"ESSALUD";"II-2";"00016374";"HOSPITAL IV AUGUSTO HERNANDEZ MENDOZA";"245400";"HOSPITALIZACIÓN DE MEDICINA GINECOLOGIA ";"19";"19";"135";"125";"6";"186";"1"
"2023";"12";"110101";"ICA";"ICA";"ICA";"ESSALUD";"II-2";"00016374";"HOSPITAL IV AUGUSTO HERNANDEZ MENDOZA";"241900";"HOSPITALIZACIÓN DE MEDICINA MEDICINA INTERNA ";"117";"111";"815";"838";"29";"899";"20"
"2023";"12";"110101";"ICA";"ICA";"ICA";"ESSALUD";"II-2";"00016374";"HOSPITAL IV AUGUSTO HERNANDEZ MENDOZA";"242500";"HOSPITALIZACIÓN-PEDIATRÍA GENERAL-";"121";"121";"412";"145";"9";"279";"0"
"2023";"12";"110101";"ICA";"ICA";"ICA";"ESSALUD";"II-2";"00016374";"HOSPITAL IV AUGUSTO HERNANDEZ MENDOZA";"241400";"HOSPITALIZACIÓN QUIRÚRGICA GINECO - OBSTETRICIA ";"134";"134";"431";"174";"10";"310";"2"
"2023";"12";"020105";"ANCASH";"HUARAZ";"INDEPENDENCIA";"GOBIERNO REGIONAL";"I-1";"00001576";"CHAVIN";"NE_0001";"";"NE_0001";"NE_0001";"NE_0001";"NE_0001";"NE_0001";"NE_0001";"NE_0001"
"2023";"12";"020107";"ANCASH";"HUARAZ";"LA LIBERTAD";"GOBIERNO REGIONAL";"I-2";"00001583";"PUESTO DE SALUD CAJAMARQUILLA";"NE_0001";"";"NE_0001";"NE_0001";"NE_0001";"NE_0001";"NE_0001";"NE_0001";"NE_0001"
"2023";"12";"021701";"ANCASH";"RECUAY";"RECUAY";"GOBIERNO REGIONAL";"I-1";"00001473";"PUESTO DE SALUD COLLAHUASI";"NE_0001";"";"NE_0001";"NE_0001";"NE_0001";"NE_0001";"NE_0001";"NE_0001";"NE_0001"
"2023";"12";"020501";"ANCASH";"BOLOGNESI";"CHIQUIAN";"GOBIERNO REGIONAL";"I-1";"00001479";"PUESTO DE SALUD PAMPA DE LAMPAS";"NE_0001";"";"NE_0001";"NE_0001";"NE_0001";"NE_0001";"NE_0001";"NE_0001";"NE_0001"
"2023";"12";"020106";"ANCASH";"HUARAZ";"JANGAS";"GOBIERNO REGIONAL";"I-3";"00001582";"CENTRO DE SALUD JANGAS";"NE_0001";"";"NE_0001";"NE_0001";"NE_0001";"NE_0001";"NE_0001";"NE_0001";"NE_0001"
"2023";"12";"020108";"ANCASH";"HUARAZ";"OLLEROS";"GOBIERNO REGIONAL";"I-1";"00001552";"PUESTO DE SALUD LLOCLLA";"NE_0001";"";"NE_0001";"NE_0001";"NE_0001";"NE_0001";"NE_0001";"NE_0001";"NE_0001"
"2023";"12";"020105";"ANCASH";"HUARAZ";"INDEPENDENCIA";"GOBIERNO REGIONAL";"I-2";"00001559";"PUESTO DE SALUD MARIAN";"NE_0001";"";"NE_0001";"NE_0001";"NE_0001";"NE_0001";"NE_0001";"NE_0001";"NE_0001"
"2023";"12";"020202";"ANCASH";"AIJA";"CORIS";"GOBIERNO REGIONAL";"I-2";"00032314";"PUESTO DE SALUD CORIS";"NE_0001";"";"NE_0001";"NE_0001";"NE_0001";"NE_0001";"NE_0001";"NE_0001";"NE_0001"
"2023";"12";"020504";"ANCASH";"BOLOGNESI";"AQUIA";"GOBIERNO REGIONAL";"I-1";"00001495";"PUESTO DE SALUD RACRACHACA";"NE_0001";"";"NE_0001";"NE_0001";"NE_0001";"NE_0001";"NE_0001";"NE_0001";"NE_0001"
"2023";"12";"020204";"ANCASH";"AIJA";"LA MERCED";"GOBIERNO REGIONAL";"I-1";"00001513";"PUESTO DE SALUD LA MERCED";"NE_0001";"";"NE_0001";"NE_0001";"NE_0001";"NE_0001";"NE_0001";"NE_0001";"NE_0001"
"2023";"12";"020105";"ANCASH";"HUARAZ";"INDEPENDENCIA";"GOBIERNO REGIONAL";"I-1";"00001565";"PUESTO DE SALUD QUENUAYOC";"NE_0001";"";"NE_0001";"NE_0001";"NE_0001";"NE_0001";"NE_0001";"NE_0001";"NE_0001"
"2023";"12";"020605";"ANCASH";"CARHUAZ";"ATAQUERO";"GOBIERNO REGIONAL";"I-1";"00001522";"PUESTO DE SALUD ATAQUERO";"NE_0001";"";"NE_0001";"NE_0001";"NE_0001";"NE_0001";"NE_0001";"NE_0001";"NE_0001"
"2023";"12";"020604";"ANCASH";"CARHUAZ";"ANTA";"GOBIERNO REGIONAL";"I-3";"00001528";"CENTRO DE SALUD ANTA";"NE_0001";"";"NE_0001";"NE_0001";"NE_0001";"NE_0001";"NE_0001";"NE_0001";"NE_0001"
"2023";"12";"020402";"ANCASH";"ASUNCION";"ACOCHACA";"GOBIERNO REGIONAL";"I-1";"00001542";"PUESTO DE SALUD SAPCHA";"NE_0001";"";"NE_0001";"NE_0001";"NE_0001";"NE_0001";"NE_0001";"NE_0001";"NE_0001"
"2023";"12";"021702";"ANCASH";"RECUAY";"CATAC";"GOBIERNO REGIONAL";"I-3";"00001476";"CENTRO DE SALUD CATAC";"NE_0001";"";"NE_0001";"NE_0001";"NE_0001";"NE_0001";"NE_0001";"NE_0001";"NE_0001"
"2023";"12";"021706";"ANCASH";"RECUAY";"MARCA";"GOBIERNO REGIONAL";"I-1";"00001481";"PUESTO DE SALUD MARCA";"NE_0001";"";"NE_0001";"NE_0001";"NE_0001";"NE_0001";"NE_0001";"NE_0001";"NE_0001"
"2023";"12";"020505";"ANCASH";"BOLOGNESI";"CAJACAY";"GOBIERNO REGIONAL";"I-1";"00001486";"PUESTO DE SALUD SANTA ROSA";"NE_0001";"";"NE_0001";"NE_0001";"NE_0001";"NE_0001";"NE_0001";"NE_0001";"NE_0001"
"2023";"12";"020603";"ANCASH";"CARHUAZ";"AMASHCA";"GOBIERNO REGIONAL";"I-1";"00001525";"PUESTO DE SALUD PUNYAN";"NE_0001";"";"NE_0001";"NE_0001";"NE_0001";"NE_0001";"NE_0001";"NE_0001";"NE_0001"
"2023";"12";"020606";"ANCASH";"CARHUAZ";"MARCARA";"GOBIERNO REGIONAL";"I-3";"00001534";"CENTRO DE SALUD MARCARA";"NE_0001";"";"NE_0001";"NE_0001";"NE_0001";"NE_0001";"NE_0001";"NE_0001";"NE_0001"
"2023";"12";"020101";"ANCASH";"HUARAZ";"HUARAZ";"GOBIERNO REGIONAL";"I-2";"00001546";"PUESTO DE SALUD SAN NICOLAS";"NE_0001";"";"NE_0001";"NE_0001";"NE_0001";"NE_0001";"NE_0001";"NE_0001";"NE_0001"
"2023";"12";"021707";"ANCASH";"RECUAY";"PAMPAS CHICO";"GOBIERNO REGIONAL";"I-1";"00001482";"PUESTO DE SALUD PAMPAS CHICO";"NE_0001";"";"NE_0001";"NE_0001";"NE_0001";"NE_0001";"NE_0001";"NE_0001";"NE_0001"
"2023";"12";"020505";"ANCASH";"BOLOGNESI";"CAJACAY";"GOBIERNO REGIONAL";"I-3";"00001484";"CENTRO DE SALUD CAJACAY";"NE_0001";"";"NE_0001";"NE_0001";"NE_0001";"NE_0001";"NE_0001";"NE_0001";"NE_0001"
"2023";"12";"020204";"ANCASH";"AIJA";"LA MERCED";"GOBIERNO REGIONAL";"I-1";"00001514";"PUESTO DE SALUD SANTA  CRUZ";"NE_0001";"";"NE_0001";"NE_0001";"NE_0001";"NE_0001";"NE_0001";"NE_0001";"NE_0001"
"2023";"12";"020609";"ANCASH";"CARHUAZ";"SHILLA";"GOBIERNO REGIONAL";"I-2";"00001526";"PUESTO DE SALUD SHILLA";"NE_0001";"";"NE_0001";"NE_0001";"NE_0001";"NE_0001";"NE_0001";"NE_0001";"NE_0001"
"2023";"12";"020105";"ANCASH";"HUARAZ";"INDEPENDENCIA";"GOBIERNO REGIONAL";"I-1";"00001570";"PUESTO DE SALUD MARCAC";"NE_0001";"";"NE_0001";"NE_0001";"NE_0001";"NE_0001";"NE_0001";"NE_0001";"NE_0001"
"2023";"12";"020112";"ANCASH";"HUARAZ";"TARICA";"GOBIERNO REGIONAL";"I-2";"00001579";"PUESTO DE SALUD PALTAY";"NE_0001";"";"NE_0001";"NE_0001";"NE_0001";"NE_0001";"NE_0001";"NE_0001";"NE_0001"
"2023";"12";"021405";"ANCASH";"OCROS";"COCHAS";"GOBIERNO REGIONAL";"I-1";"00001759";"PUESTO DE SALUD HUANCHAY";"NE_0001";"";"NE_0001";"NE_0001";"NE_0001";"NE_0001";"NE_0001";"NE_0001";"NE_0001"
"2023";"12";"020205";"ANCASH";"AIJA";"SUCCHA";"GOBIERNO REGIONAL";"I-1";"00001515";"PUESTO DE SALUD SUCCHA";"NE_0001";"";"NE_0001";"NE_0001";"NE_0001";"NE_0001";"NE_0001";"NE_0001";"NE_0001"
"2023";"12";"020606";"ANCASH";"CARHUAZ";"MARCARA";"GOBIERNO REGIONAL";"I-2";"00001536";"PUESTO DE SALUD VICOS";"NE_0001";"";"NE_0001";"NE_0001";"NE_0001";"NE_0001";"NE_0001";"NE_0001";"NE_0001"
"2023";"12";"020607";"ANCASH";"CARHUAZ";"PARIAHUANCA";"GOBIERNO REGIONAL";"I-1";"00001538";"PARIHUANCA";"NE_0001";"";"NE_0001";"NE_0001";"NE_0001";"NE_0001";"NE_0001";"NE_0001";"NE_0001"
"2023";"12";"020101";"ANCASH";"HUARAZ";"HUARAZ";"GOBIERNO REGIONAL";"I-1";"00001555";"PUESTO DE SALUD ICHOCA";"NE_0001";"";"NE_0001";"NE_0001";"NE_0001";"NE_0001";"NE_0001";"NE_0001";"NE_0001"
"2023";"12";"021404";"ANCASH";"OCROS";"CARHUAPAMPA";"GOBIERNO REGIONAL";"I-1";"00001758";"PUESTO DE SALUD ACO DE CARHUAPAMPA";"NE_0001";"";"NE_0001";"NE_0001";"NE_0001";"NE_0001";"NE_0001";"NE_0001";"NE_0001"
"2023";"12";"021701";"ANCASH";"RECUAY";"RECUAY";"GOBIERNO REGIONAL";"I-1";"00001473";"PUESTO DE SALUD COLLAHUASI";"NE_0001";"";"NE_0001";"NE_0001";"NE_0001";"NE_0001";"NE_0001";"NE_0001";"NE_0001"
"2023";"12";"020501";"ANCASH";"BOLOGNESI";"CHIQUIAN";"GOBIERNO REGIONAL";"I-1";"00001479";"PUESTO DE SALUD PAMPA DE LAMPAS";"NE_0001";"";"NE_0001";"NE_0001";"NE_0001";"NE_0001";"NE_0001";"NE_0001";"NE_0001"
"2023";"12";"020507";"ANCASH";"BOLOGNESI";"COLQUIOC";"GOBIERNO REGIONAL";"I-3";"00001490";"CENTRO DE SALUD CHASQUITAMBO";"NE_0001";"";"NE_0001";"NE_0001";"NE_0001";"NE_0001";"NE_0001";"NE_0001";"NE_0001"
"2023";"12";"020502";"ANCASH";"BOLOGNESI";"ABELARDO PARDO LEZAMETA";"GOBIERNO REGIONAL";"I-1";"00001502";"PUESTO DE SALUD LLACLLA";"NE_0001";"";"NE_0001";"NE_0001";"NE_0001";"NE_0001";"NE_0001";"NE_0001";"NE_0001"
"2023";"11";"061109";"CAJAMARCA";"SAN MIGUEL";"NIEPOS";"GOBIERNO REGIONAL";"I-1";"00004560";"EL NARANJO";"NE_0001";"";"NE_0001";"NE_0001";"NE_0001";"NE_0001";"NE_0001";"NE_0001";"NE_0001"
"2023";"11";"061109";"CAJAMARCA";"SAN MIGUEL";"NIEPOS";"GOBIERNO REGIONAL";"I-1";"00004558";"LANCHEZ";"NE_0001";"";"NE_0001";"NE_0001";"NE_0001";"NE_0001";"NE_0001";"NE_0001";"NE_0001"
"2023";"11";"061109";"CAJAMARCA";"SAN MIGUEL";"NIEPOS";"GOBIERNO REGIONAL";"I-1";"00004559";"MIRAVALLES";"NE_0001";"";"NE_0001";"NE_0001";"NE_0001";"NE_0001";"NE_0001";"NE_0001";"NE_0001"
"2023";"11";"061106";"CAJAMARCA";"SAN MIGUEL";"LA FLORIDA";"GOBIERNO REGIONAL";"I-3";"00004556";"LA FLORIDA";"NE_0001";"";"NE_0001";"NE_0001";"NE_0001";"NE_0001";"NE_0001";"NE_0001";"NE_0001"
"2023";"11";"040804";"AREQUIPA";"LA UNION";"HUAYNACOTAS";"GOBIERNO REGIONAL";"I-2";"00007265";"PUESTO DE SALUD HUARCAYA";"NE_0001";"";"NE_0001";"NE_0001";"NE_0001";"NE_0001";"NE_0001";"NE_0001";"NE_0001"
"2023";"11";"040806";"AREQUIPA";"LA UNION";"PUYCA";"GOBIERNO REGIONAL";"I-2";"00001471";"PUESTO DE SALUD CHURCA";"NE_0001";"";"NE_0001";"NE_0001";"NE_0001";"NE_0001";"NE_0001";"NE_0001";"NE_0001"
"2023";"11";"040806";"AREQUIPA";"LA UNION";"PUYCA";"GOBIERNO REGIONAL";"I-2";"00001465";"PUESTO DE SALUD PUYCA";"NE_0001";"";"NE_0001";"NE_0001";"NE_0001";"NE_0001";"NE_0001";"NE_0001";"NE_0001"
"2023";"11";"040802";"AREQUIPA";"LA UNION";"ALCA";"MINSA";"I-3";"00001464";"CENTRO DE SALUD ALCA";"NE_0001";"";"NE_0001";"NE_0001";"NE_0001";"NE_0001";"NE_0001";"NE_0001";"NE_0001"
"2023";"11";"040804";"AREQUIPA";"LA UNION";"HUAYNACOTAS";"MINSA";"I-2";"00001463";"PUESTO DE SALUD HUAYNACOTAS";"NE_0001";"";"NE_0001";"NE_0001";"NE_0001";"NE_0001";"NE_0001";"NE_0001";"NE_0001"
"2023";"11";"040804";"AREQUIPA";"LA UNION";"HUAYNACOTAS";"GOBIERNO REGIONAL";"I-2";"00001461";"PUESTO DE SALUD TAURISMA";"NE_0001";"";"NE_0001";"NE_0001";"NE_0001";"NE_0001";"NE_0001";"NE_0001";"NE_0001"
"2023";"12";"050501";"AYACUCHO";"LA MAR";"SAN MIGUEL";"GOBIERNO REGIONAL";"II-E";"00003792";"HOSPITAL DE APOYO  SAN MIGUEL";"240100";"HOSPITALIZACIÓN QUIRÚRGICA CIRUGÍA GENERAL ";"9";"9";"21";"5";"5";"150";"1"
"2023";"12";"050501";"AYACUCHO";"LA MAR";"SAN MIGUEL";"GOBIERNO REGIONAL";"II-E";"00003792";"HOSPITAL DE APOYO  SAN MIGUEL";"241500";"HOSPITALIZACIÓN QUIRÚRGICA GINECOLOGÍA  ";"7";"7";"18";"3";"5";"150";"0"
"2023";"12";"050501";"AYACUCHO";"LA MAR";"SAN MIGUEL";"GOBIERNO REGIONAL";"II-E";"00003792";"HOSPITAL DE APOYO  SAN MIGUEL";"241600";"HOSPITALIZACIÓN QUIRÚRGICA OBSTETRICIA   ";"23";"23";"45";"8";"5";"150";"0"
"2023";"12";"050501";"AYACUCHO";"LA MAR";"SAN MIGUEL";"GOBIERNO REGIONAL";"II-E";"00003792";"HOSPITAL DE APOYO  SAN MIGUEL";"241800";"HOSPITALIZACIÓN DE MEDICINA MEDICINA GENERAL ";"8";"11";"60";"9";"5";"150";"1"
"2023";"12";"050501";"AYACUCHO";"LA MAR";"SAN MIGUEL";"GOBIERNO REGIONAL";"II-E";"00003792";"HOSPITAL DE APOYO  SAN MIGUEL";"242500";"HOSPITALIZACIÓN-PEDIATRÍA GENERAL-";"1";"1";"1";"1";"5";"150";"0"
"2023";"12";"120201";"JUNIN";"CONCEPCION";"CONCEPCION";"ESSALUD";"I-3";"00008668";"CENTRO MEDICO CONCEPCION";"NE_0001";"";"NE_0001";"NE_0001";"NE_0001";"NE_0001";"NE_0001";"NE_0001";"NE_0001"
"2023";"12";"130704";"LA LIBERTAD";"PACASMAYO";"PACASMAYO";"GOBIERNO REGIONAL";"II-1";"00005296";"HOSPITAL DISTRITAL DE PACASMAYO";"241800";"HOSPITALIZACIÓN DE MEDICINA MEDICINA GENERAL ";"25";"26";"134";"120";"4";"124";"1"
"2023";"12";"130704";"LA LIBERTAD";"PACASMAYO";"PACASMAYO";"GOBIERNO REGIONAL";"II-1";"00005296";"HOSPITAL DISTRITAL DE PACASMAYO";"240100";"HOSPITALIZACIÓN QUIRÚRGICA CIRUGÍA GENERAL ";"NE_0002";"NE_0002";"NE_0002";"NE_0002";"4";"124";"0"
"2023";"12";"130704";"LA LIBERTAD";"PACASMAYO";"PACASMAYO";"GOBIERNO REGIONAL";"II-1";"00005296";"HOSPITAL DISTRITAL DE PACASMAYO";"242300";"HOSPITALIZACIÓN DE PEDIATRÍA  PEDIATRÍA  GENERAL ";"3";"4";"14";"12";"4";"124";"0"
"2023";"12";"130704";"LA LIBERTAD";"PACASMAYO";"PACASMAYO";"GOBIERNO REGIONAL";"II-1";"00005296";"HOSPITAL DISTRITAL DE PACASMAYO";"241600";"HOSPITALIZACIÓN QUIRÚRGICA OBSTETRICIA   ";"17";"18";"31";"28";"4";"124";"0"
"2023";"12";"130704";"LA LIBERTAD";"PACASMAYO";"PACASMAYO";"GOBIERNO REGIONAL";"II-1";"00005296";"HOSPITAL DISTRITAL DE PACASMAYO";"241500";"HOSPITALIZACIÓN QUIRÚRGICA GINECOLOGÍA  ";"14";"12";"21";"26";"4";"124";"0"
"2023";"12";"120809";"JUNIN";"YAULI";"SUITUCANCHA";"GOBIERNO REGIONAL";"I-2";"00000431";"SUITUCANCHA";"NE_0001";"";"NE_0001";"NE_0001";"NE_0001";"NE_0001";"NE_0001";"NE_0001";"NE_0001"
"2023";"12";"120808";"JUNIN";"YAULI";"SANTA ROSA DE SACCO";"GOBIERNO REGIONAL";"I-3";"00000566";"SANTA ROSA DE SACCO";"NE_0001";"";"NE_0001";"NE_0001";"NE_0001";"NE_0001";"NE_0001";"NE_0001";"NE_0001"
"2023";"12";"120801";"JUNIN";"YAULI";"LA OROYA";"GOBIERNO REGIONAL";"I-4";"00000559";"LA OROYA";"NE_0001";"";"NE_0001";"NE_0001";"NE_0001";"NE_0001";"NE_0001";"NE_0001";"NE_0001"
"2023";"12";"120801";"JUNIN";"YAULI";"LA OROYA";"GOBIERNO REGIONAL";"I-2";"00000560";"HUAYNACANCHA";"NE_0001";"";"NE_0001";"NE_0001";"NE_0001";"NE_0001";"NE_0001";"NE_0001";"NE_0001"
"2023";"12";"120804";"JUNIN";"YAULI";"MARCAPOMACOCHA";"GOBIERNO REGIONAL";"I-1";"00000562";"SAN FRANCISCO DE YANTAC";"NE_0001";"";"NE_0001";"NE_0001";"NE_0001";"NE_0001";"NE_0001";"NE_0001";"NE_0001"
"2023";"12";"120810";"JUNIN";"YAULI";"YAULI";"GOBIERNO REGIONAL";"I-2";"00000567";"YAULI - LA OROYA";"NE_0001";"";"NE_0001";"NE_0001";"NE_0001";"NE_0001";"NE_0001";"NE_0001";"NE_0001"
"2023";"12";"120808";"JUNIN";"YAULI";"SANTA ROSA DE SACCO";"GOBIERNO REGIONAL";"I-1";"00021449";"JUAN PABLO II";"NE_0001";"";"NE_0001";"NE_0001";"NE_0001";"NE_0001";"NE_0001";"NE_0001";"NE_0001"
"2023";"12";"120802";"JUNIN";"YAULI";"CHACAPALPA";"GOBIERNO REGIONAL";"I-1";"00000429";"CHACAPALPA";"NE_0001";"";"NE_0001";"NE_0001";"NE_0001";"NE_0001";"NE_0001";"NE_0001";"NE_0001"
"2023";"12";"120806";"JUNIN";"YAULI";"PACCHA";"GOBIERNO REGIONAL";"I-2";"00000564";"PACCHA - LA OROYA";"NE_0001";"";"NE_0001";"NE_0001";"NE_0001";"NE_0001";"NE_0001";"NE_0001";"NE_0001"
"2023";"12";"080108";"CUSCO";"CUSCO";"WANCHAQ";"PRIVADO";"II-2";"00012161";"MACSALUD";"240100";"HOSPITALIZACIÓN QUIRÚRGICA CIRUGÍA GENERAL ";"32";"30";"45";"59";"15";"450";"0"
"2023";"12";"080108";"CUSCO";"CUSCO";"WANCHAQ";"PRIVADO";"II-2";"00012161";"MACSALUD";"240800";"HOSPITALIZACIÓN QUIRÚRGICA CIRUGÍA PLÁSTICA/RECONSTRUCTIVA/ REPARADORA ";"13";"13";"14";"17";"15";"450";"0"
"2023";"12";"080108";"CUSCO";"CUSCO";"WANCHAQ";"PRIVADO";"II-2";"00012161";"MACSALUD";"241800";"HOSPITALIZACIÓN DE MEDICINA MEDICINA GENERAL ";"79";"72";"208";"219";"15";"450";"0"
"2023";"12";"080108";"CUSCO";"CUSCO";"WANCHAQ";"PRIVADO";"II-2";"00012161";"MACSALUD";"241900";"HOSPITALIZACIÓN DE MEDICINA MEDICINA INTERNA ";"3";"3";"12";"13";"15";"450";"0"
"2023";"12";"080108";"CUSCO";"CUSCO";"WANCHAQ";"PRIVADO";"II-2";"00012161";"MACSALUD";"244600";"HOSPITALIZACIÓN DE MEDICINA NEFROLOGIA ";"3";"3";"7";"7";"15";"450";"0"
"2023";"12";"080108";"CUSCO";"CUSCO";"WANCHAQ";"PRIVADO";"II-2";"00012161";"MACSALUD";"245300";"HOSPITALIZACIÓN DE MEDICINA NEUMOLOGÍA  ";"4";"4";"21";"22";"15";"450";"0"
"2023";"12";"080108";"CUSCO";"CUSCO";"WANCHAQ";"PRIVADO";"II-2";"00012161";"MACSALUD";"240900";"HOSPITALIZACIÓN QUIRÚRGICA NEUROCIRUGÍA ";"12";"12";"14";"15";"15";"450";"0"
"2023";"12";"080108";"CUSCO";"CUSCO";"WANCHAQ";"PRIVADO";"II-2";"00012161";"MACSALUD";"244700";"HOSPITALIZACIÓN DE MEDICINA NEUROLOGIA  ";"1";"1";"14";"19";"15";"450";"0"
"2023";"12";"080108";"CUSCO";"CUSCO";"WANCHAQ";"PRIVADO";"II-2";"00012161";"MACSALUD";"241100";"HOSPITALIZACIÓN QUIRÚRGICA OTORRINOLARINGOLOGÍA  ";"10";"10";"12";"13";"15";"450";"0"
"2023";"12";"080108";"CUSCO";"CUSCO";"WANCHAQ";"PRIVADO";"II-2";"00012161";"MACSALUD";"243200";"HOSPITALIZACIÓN DE PEDIATRÍA PEDIATRIA NEONATOLOGÍA";"14";"13";"25";"26";"15";"450";"0"
"2023";"12";"080108";"CUSCO";"CUSCO";"WANCHAQ";"PRIVADO";"II-2";"00012161";"MACSALUD";"241200";"HOSPITALIZACIÓN QUIRÚRGICA TRAUMATOLOGÍA Y ORTOPEDIA ";"17";"17";"49";"53";"15";"450";"0"
"2023";"12";"080108";"CUSCO";"CUSCO";"WANCHAQ";"PRIVADO";"II-2";"00012161";"MACSALUD";"240700";"HOSPITALIZACIÓN QUIRÚRGICA CIRUGÍA PEDIÁTRICA ";"5";"5";"20";"26";"15";"450";"0"
"2023";"12";"080108";"CUSCO";"CUSCO";"WANCHAQ";"PRIVADO";"II-2";"00012161";"MACSALUD";"244300";"HOSPITALIZACIÓN DE MEDICINA GASTROENTEROLOGÍA  ";"6";"6";"15";"16";"15";"450";"0"
"2023";"12";"080108";"CUSCO";"CUSCO";"WANCHAQ";"PRIVADO";"II-2";"00012161";"MACSALUD";"242100";"HOSPITALIZACIÓN DE MEDICINA ONCOLOGÍA MÉDICA ";"1";"1";"3";"4";"15";"450";"0"
"2023";"12";"080108";"CUSCO";"CUSCO";"WANCHAQ";"PRIVADO";"II-2";"00012161";"MACSALUD";"245400";"HOSPITALIZACIÓN DE MEDICINA GINECOLOGIA ";"1";"1";"3";"4";"15";"450";"0"
"2023";"12";"150131";"LIMA";"LIMA";"SAN ISIDRO";"PRIVADO";"I-2";"00025076";"CONSULTORIOS EXTERNOS ANGLO AMERICANA";"NE_0001";"";"NE_0001";"NE_0001";"NE_0001";"NE_0001";"NE_0001";"NE_0001";"NE_0001"
"2023";"04";"160101";"LORETO";"MAYNAS";"IQUITOS";"PRIVADO";"II-2";"00012854";"ASOC. PAST. DE SERV. MEDICO ASIST. CLINICA ADVENTISTA ANA STAHL DE LA IGLESIA ADV. DEL SEPTIMO DIA";"241800";"HOSPITALIZACIÓN DE MEDICINA MEDICINA GENERAL ";"105";"104";"297";"347";"42";"1218";"0"
"2023";"12";"220101";"SAN MARTIN";"MOYOBAMBA";"MOYOBAMBA";"GOBIERNO REGIONAL";"I-1";"00006323";"MORROYACU";"NE_0001";"";"NE_0001";"NE_0001";"NE_0001";"NE_0001";"NE_0001";"NE_0001";"NE_0001"
"2023";"12";"110113";"ICA";"ICA";"TATE";"GOBIERNO REGIONAL";"I-1";"00003404";"LUJARAJA";"NE_0001";"";"NE_0001";"NE_0001";"NE_0001";"NE_0001";"NE_0001";"NE_0001";"NE_0001"
"2023";"12";"110107";"ICA";"ICA";"PUEBLO NUEVO";"MINSA";"I-3";"00003370";"CENTRO DE SALUD PUEBLO NUEVO";"NE_0001";"";"NE_0001";"NE_0001";"NE_0001";"NE_0001";"NE_0001";"NE_0001";"NE_0001"
"2023";"12";"110113";"ICA";"ICA";"TATE";"GOBIERNO REGIONAL";"I-1";"00003406";"LOS CALDERONES";"NE_0001";"";"NE_0001";"NE_0001";"NE_0001";"NE_0001";"NE_0001";"NE_0001";"NE_0001"
"2023";"12";"110105";"ICA";"ICA";"PACHACUTEC";"GOBIERNO REGIONAL";"I-2";"00003407";"EL PALTO";"NE_0001";"";"NE_0001";"NE_0001";"NE_0001";"NE_0001";"NE_0001";"NE_0001";"NE_0001"
"2023";"12";"110107";"ICA";"ICA";"PUEBLO NUEVO";"GOBIERNO REGIONAL";"I-1";"00003402";"PARIÑA GRANDE";"NE_0001";"";"NE_0001";"NE_0001";"NE_0001";"NE_0001";"NE_0001";"NE_0001";"NE_0001"
"2023";"12";"110113";"ICA";"ICA";"TATE";"GOBIERNO REGIONAL";"I-1";"00003405";"PUNO";"NE_0001";"";"NE_0001";"NE_0001";"NE_0001";"NE_0001";"NE_0001";"NE_0001";"NE_0001"
"2023";"12";"110105";"ICA";"ICA";"PACHACUTEC";"MINSA";"I-2";"00003372";"PACHACUTEC";"NE_0001";"";"NE_0001";"NE_0001";"NE_0001";"NE_0001";"NE_0001";"NE_0001";"NE_0001"
"2023";"12";"110107";"ICA";"ICA";"PUEBLO NUEVO";"GOBIERNO REGIONAL";"I-1";"00003401";"SAN RAFAEL";"NE_0001";"";"NE_0001";"NE_0001";"NE_0001";"NE_0001";"NE_0001";"NE_0001";"NE_0001"
"2023";"12";"150131";"LIMA";"LIMA";"SAN ISIDRO";"PRIVADO";"II-E";"00016113";"CLINICA ZIEGLER CIRUGIA PLASTICA";"240800";"HOSPITALIZACIÓN QUIRÚRGICA CIRUGÍA PLÁSTICA/RECONSTRUCTIVA/ REPARADORA ";"3";"3";"3";"3";"3";"60";"0"
"2023";"12";"070101";"CALLAO";"CALLAO";"CALLAO";"GOBIERNO REGIONAL";"I-2";"00006669";"SANIDAD AEREA INTERNACIONAL";"NE_0001";"";"NE_0001";"NE_0001";"NE_0001";"NE_0001";"NE_0001";"NE_0001";"NE_0001"
"2023";"12";"070101";"CALLAO";"CALLAO";"CALLAO";"GOBIERNO REGIONAL";"I-2";"00006668";"SANIDAD MARITIMA";"NE_0001";"";"NE_0001";"NE_0001";"NE_0001";"NE_0001";"NE_0001";"NE_0001";"NE_0001"
"2023";"06";"021508";"ANCASH";"PALLASCA";"PALLASCA";"ESSALUD";"I-2";"00009925";"POSTA MEDICA PALLASCA";"NE_0001";"";"NE_0001";"NE_0001";"NE_0001";"NE_0001";"NE_0001";"NE_0001";"NE_0001"
"2023";"12";"200105";"PIURA";"PIURA";"CATACAOS";"ESSALUD";"I-3";"00012319";"CENTRO DE ATENCION PRIMARIA-CAP III CATACAOS";"NE_0001";"";"NE_0001";"NE_0001";"NE_0001";"NE_0001";"NE_0001";"NE_0001";"NE_0001"
"2023";"10";"130801";"LA LIBERTAD";"PATAZ";"TAYABAMBA";"GOBIERNO REGIONAL";"II-1";"00005375";"HOSPITAL PROVINCIAL DE TAYABAMBA";"241800";"HOSPITALIZACIÓN DE MEDICINA MEDICINA GENERAL ";"15";"16";"76";"79";"11";"330";"1"
"2023";"10";"130801";"LA LIBERTAD";"PATAZ";"TAYABAMBA";"GOBIERNO REGIONAL";"II-1";"00005375";"HOSPITAL PROVINCIAL DE TAYABAMBA";"241600";"HOSPITALIZACIÓN QUIRÚRGICA OBSTETRICIA   ";"23";"24";"43";"73";"5";"155";"0"
"2023";"12";"250102";"UCAYALI";"CORONEL PORTILLO";"CAMPOVERDE";"GOBIERNO REGIONAL";"I-1";"00005434";"PUESTO DE SALUD  ALTO MANANTAY";"NE_0001";"";"NE_0001";"NE_0001";"NE_0001";"NE_0001";"NE_0001";"NE_0001";"NE_0001"
"2023";"12";"250102";"UCAYALI";"CORONEL PORTILLO";"CAMPOVERDE";"GOBIERNO REGIONAL";"I-1";"00005433";"P.S  LAS MERCEDES KM. 42";"NE_0001";"";"NE_0001";"NE_0001";"NE_0001";"NE_0001";"NE_0001";"NE_0001";"NE_0001"
"2023";"12";"250102";"UCAYALI";"CORONEL PORTILLO";"CAMPOVERDE";"GOBIERNO REGIONAL";"I-1";"00005439";"SAN PEDRO KM 47";"NE_0001";"";"NE_0001";"NE_0001";"NE_0001";"NE_0001";"NE_0001";"NE_0001";"NE_0001"
"2023";"12";"250102";"UCAYALI";"CORONEL PORTILLO";"CAMPOVERDE";"GOBIERNO REGIONAL";"I-1";"00005427";"PUEBLO LIBRE";"NE_0001";"";"NE_0001";"NE_0001";"NE_0001";"NE_0001";"NE_0001";"NE_0001";"NE_0001"
"2023";"12";"250102";"UCAYALI";"CORONEL PORTILLO";"CAMPOVERDE";"GOBIERNO REGIONAL";"I-1";"00005428";"SAN MARTIN DE MOJARAL";"NE_0001";"";"NE_0001";"NE_0001";"NE_0001";"NE_0001";"NE_0001";"NE_0001";"NE_0001"
"2023";"12";"250102";"UCAYALI";"CORONEL PORTILLO";"CAMPOVERDE";"GOBIERNO REGIONAL";"I-1";"00005429";"AGUA BLANCA";"NE_0001";"";"NE_0001";"NE_0001";"NE_0001";"NE_0001";"NE_0001";"NE_0001";"NE_0001"
"2023";"12";"250102";"UCAYALI";"CORONEL PORTILLO";"CAMPOVERDE";"GOBIERNO REGIONAL";"I-1";"00005430";"SAN JOSE KM 26";"NE_0001";"";"NE_0001";"NE_0001";"NE_0001";"NE_0001";"NE_0001";"NE_0001";"NE_0001"
"2023";"12";"250102";"UCAYALI";"CORONEL PORTILLO";"CAMPOVERDE";"GOBIERNO REGIONAL";"I-1";"00005431";"SANTA ROSA KM. 50 CFB";"NE_0001";"";"NE_0001";"NE_0001";"NE_0001";"NE_0001";"NE_0001";"NE_0001";"NE_0001"
"2023";"12";"250102";"UCAYALI";"CORONEL PORTILLO";"CAMPOVERDE";"GOBIERNO REGIONAL";"I-1";"00011626";"NUEVA ESPERANZA";"NE_0001";"";"NE_0001";"NE_0001";"NE_0001";"NE_0001";"NE_0001";"NE_0001";"NE_0001"
"2023";"11";"150131";"LIMA";"LIMA";"SAN ISIDRO";"PRIVADO";"II-E";"00016113";"CLINICA ZIEGLER CIRUGIA PLASTICA";"240800";"HOSPITALIZACIÓN QUIRÚRGICA CIRUGÍA PLÁSTICA/RECONSTRUCTIVA/ REPARADORA ";"12";"12";"12";"1";"3";"60";"0"
"2023";"12";"050116";"AYACUCHO";"HUAMANGA";"ANDRES AVELINO CACERES D.";"GOBIERNO REGIONAL";"I-3";"00003603";"CENTRO DE SALUD CONCHOPATA";"241600";"HOSPITALIZACIÓN QUIRÚRGICA OBSTETRICIA   ";"2";"2";"4";"2";"2";"3";"0"
"2023";"12";"050116";"AYACUCHO";"HUAMANGA";"ANDRES AVELINO CACERES D.";"GOBIERNO REGIONAL";"I-1";"00011362";"PUESTO DE SALUD YANAMILLA";"NE_0001";"";"NE_0001";"NE_0001";"NE_0001";"NE_0001";"NE_0001";"NE_0001";"NE_0001"
"2023";"12";"050116";"AYACUCHO";"HUAMANGA";"ANDRES AVELINO CACERES D.";"GOBIERNO REGIONAL";"I-3";"00003602";"CENTRO DE SALUD SANTA ELENA";"241600";"HOSPITALIZACIÓN QUIRÚRGICA OBSTETRICIA   ";"5";"5";"10";"2";"4";"6";"0"
"2023";"12";"050113";"AYACUCHO";"HUAMANGA";"TAMBILLO";"GOBIERNO REGIONAL";"I-1";"00003604";"PUESTO DE SALUD HUAYHUACONDO";"NE_0001";"";"NE_0001";"NE_0001";"NE_0001";"NE_0001";"NE_0001";"NE_0001";"NE_0001"
"2023";"12";"050113";"AYACUCHO";"HUAMANGA";"TAMBILLO";"GOBIERNO REGIONAL";"I-2";"00003549";"TAMBILLO";"NE_0001";"";"NE_0001";"NE_0001";"NE_0001";"NE_0001";"NE_0001";"NE_0001";"NE_0001"
"2023";"12";"080912";"CUSCO";"LA CONVENCION";"VILLA VIRGEN";"GOBIERNO REGIONAL";"I-1";"00013070";"CHANCAVINE";"NE_0001";"";"NE_0001";"NE_0001";"NE_0001";"NE_0001";"NE_0001";"NE_0001";"NE_0001"
"2023";"12";"080911";"CUSCO";"LA CONVENCION";"INKAWASI";"GOBIERNO REGIONAL";"I-1";"00002485";"PACCAYBAMBA";"NE_0001";"";"NE_0001";"NE_0001";"NE_0001";"NE_0001";"NE_0001";"NE_0001";"NE_0001"
"2023";"12";"080911";"CUSCO";"LA CONVENCION";"INKAWASI";"GOBIERNO REGIONAL";"I-1";"00002491";"LUCMAHUAYCO";"NE_0001";"";"NE_0001";"NE_0001";"NE_0001";"NE_0001";"NE_0001";"NE_0001";"NE_0001"
"2023";"12";"080909";"CUSCO";"LA CONVENCION";"VILCABAMBA";"GOBIERNO REGIONAL";"I-1";"00002492";"PALTAYBAMBA";"NE_0001";"";"NE_0001";"NE_0001";"NE_0001";"NE_0001";"NE_0001";"NE_0001";"NE_0001"
"2023";"12";"080911";"CUSCO";"LA CONVENCION";"INKAWASI";"GOBIERNO REGIONAL";"I-3";"00002482";"INCAHUASI";"NE_0001";"";"NE_0001";"NE_0001";"NE_0001";"NE_0001";"NE_0001";"NE_0001";"NE_0001"
"2023";"12";"080911";"CUSCO";"LA CONVENCION";"INKAWASI";"GOBIERNO REGIONAL";"I-1";"00002487";"CHOQUETIRA";"NE_0001";"";"NE_0001";"NE_0001";"NE_0001";"NE_0001";"NE_0001";"NE_0001";"NE_0001"
"2023";"11";"120101";"JUNIN";"HUANCAYO";"HUANCAYO";"GOBIERNO REGIONAL";"I-2";"00000732";"SAN FRANCISCO";"NE_0001";"";"NE_0001";"NE_0001";"NE_0001";"NE_0001";"NE_0001";"NE_0001";"NE_0001"
"2023";"11";"120101";"JUNIN";"HUANCAYO";"HUANCAYO";"GOBIERNO REGIONAL";"I-4";"00000727";"LA LIBERTAD";"241400";"HOSPITALIZACIÓN QUIRÚRGICA GINECO - OBSTETRICIA ";"35";"37";"47";"2";"6";"14";"0"
"2023";"11";"120124";"JUNIN";"HUANCAYO";"PARIAHUANCA";"GOBIERNO REGIONAL";"I-3";"00000736";"PARIAHUANCA";"NE_0001";"";"NE_0001";"NE_0001";"NE_0001";"NE_0001";"NE_0001";"NE_0001";"NE_0001"
"2023";"11";"120124";"JUNIN";"HUANCAYO";"PARIAHUANCA";"GOBIERNO REGIONAL";"I-1";"00000741";"CEDRUYO";"NE_0001";"";"NE_0001";"NE_0001";"NE_0001";"NE_0001";"NE_0001";"NE_0001";"NE_0001"
"2023";"11";"120124";"JUNIN";"HUANCAYO";"PARIAHUANCA";"GOBIERNO REGIONAL";"I-2";"00000739";"SAN BALVIN";"NE_0001";"";"NE_0001";"NE_0001";"NE_0001";"NE_0001";"NE_0001";"NE_0001";"NE_0001"
"2023";"11";"120124";"JUNIN";"HUANCAYO";"PARIAHUANCA";"GOBIERNO REGIONAL";"I-1";"00000740";"ANTARPA";"NE_0001";"";"NE_0001";"NE_0001";"NE_0001";"NE_0001";"NE_0001";"NE_0001";"NE_0001"
"2023";"11";"120124";"JUNIN";"HUANCAYO";"PARIAHUANCA";"GOBIERNO REGIONAL";"I-1";"00015577";"NUEVO OCCORO";"NE_0001";"";"NE_0001";"NE_0001";"NE_0001";"NE_0001";"NE_0001";"NE_0001";"NE_0001"
"2023";"11";"120101";"JUNIN";"HUANCAYO";"HUANCAYO";"GOBIERNO REGIONAL";"I-2";"00000730";"VILCACOTO";"NE_0001";"";"NE_0001";"NE_0001";"NE_0001";"NE_0001";"NE_0001";"NE_0001";"NE_0001"
"2023";"11";"120101";"JUNIN";"HUANCAYO";"HUANCAYO";"GOBIERNO REGIONAL";"I-2";"00000731";"PALIAN";"NE_0001";"";"NE_0001";"NE_0001";"NE_0001";"NE_0001";"NE_0001";"NE_0001";"NE_0001"
"2023";"11";"120124";"JUNIN";"HUANCAYO";"PARIAHUANCA";"GOBIERNO REGIONAL";"I-1";"00000738";"PANTY";"NE_0001";"";"NE_0001";"NE_0001";"NE_0001";"NE_0001";"NE_0001";"NE_0001";"NE_0001"
"2023";"11";"120101";"JUNIN";"HUANCAYO";"HUANCAYO";"GOBIERNO REGIONAL";"I-3";"00000728";"OCOPILLA";"NE_0001";"";"NE_0001";"NE_0001";"NE_0001";"NE_0001";"NE_0001";"NE_0001";"NE_0001"
"2023";"11";"120124";"JUNIN";"HUANCAYO";"PARIAHUANCA";"GOBIERNO REGIONAL";"I-2";"00000737";"LAMPA";"NE_0001";"";"NE_0001";"NE_0001";"NE_0001";"NE_0001";"NE_0001";"NE_0001";"NE_0001"
"2023";"11";"120124";"JUNIN";"HUANCAYO";"PARIAHUANCA";"GOBIERNO REGIONAL";"I-1";"00012471";"HUAYCHULA";"NE_0001";"";"NE_0001";"NE_0001";"NE_0001";"NE_0001";"NE_0001";"NE_0001";"NE_0001"
"2023";"11";"120101";"JUNIN";"HUANCAYO";"HUANCAYO";"GOBIERNO REGIONAL";"I-2";"00000729";"PUESTO DE SALUD UÑAS";"NE_0001";"";"NE_0001";"NE_0001";"NE_0001";"NE_0001";"NE_0001";"NE_0001";"NE_0001"
"2023";"11";"120124";"JUNIN";"HUANCAYO";"PARIAHUANCA";"GOBIERNO REGIONAL";"I-2";"00000742";"LLACSAPIRCA";"NE_0001";"";"NE_0001";"NE_0001";"NE_0001";"NE_0001";"NE_0001";"NE_0001";"NE_0001"
"2023";"11";"120124";"JUNIN";"HUANCAYO";"PARIAHUANCA";"GOBIERNO REGIONAL";"I-1";"00000743";"ROCCHAC";"NE_0001";"";"NE_0001";"NE_0001";"NE_0001";"NE_0001";"NE_0001";"NE_0001";"NE_0001"
"2023";"11";"120101";"JUNIN";"HUANCAYO";"HUANCAYO";"GOBIERNO REGIONAL";"I-1";"00015905";"ACOPALCA";"NE_0001";"";"NE_0001";"NE_0001";"NE_0001";"NE_0001";"NE_0001";"NE_0001";"NE_0001"
"2023";"12";"200101";"PIURA";"PIURA";"PIURA";"ESSALUD";"I-3";"00012235";"CENTRO DE ATENCIÓN PRIMARIA CAP III METROPOLITANO- ESSALUD";"NE_0001";"";"NE_0001";"NE_0001";"NE_0001";"NE_0001";"NE_0001";"NE_0001";"NE_0001"
"2023";"12";"150140";"LIMA";"LIMA";"SANTIAGO DE SURCO";"PRIVADO";"I-2";"00010498";"ILA";"NE_0002";"";"NE_0002";"NE_0002";"NE_0002";"NE_0002";"NE_0002";"NE_0002";"NE_0002"
"2023";"12";"190302";"PASCO";"OXAPAMPA";"CHONTABAMBA";"GOBIERNO REGIONAL";"I-1";"00001083";"SAN FRANCISCO";"NE_0002";"";"NE_0002";"NE_0002";"NE_0002";"NE_0002";"NE_0002";"NE_0002";"NE_0002"
"2023";"12";"190302";"PASCO";"OXAPAMPA";"CHONTABAMBA";"GOBIERNO REGIONAL";"I-2";"00001086";"GRAMAZU";"NE_0002";"";"NE_0002";"NE_0002";"NE_0002";"NE_0002";"NE_0002";"NE_0002";"NE_0002"
"2023";"12";"190302";"PASCO";"OXAPAMPA";"CHONTABAMBA";"GOBIERNO REGIONAL";"I-1";"00001082";"MARIA TERESA";"NE_0002";"";"NE_0002";"NE_0002";"NE_0002";"NE_0002";"NE_0002";"NE_0002";"NE_0002"
"2023";"12";"190302";"PASCO";"OXAPAMPA";"CHONTABAMBA";"GOBIERNO REGIONAL";"I-1";"00001084";"TORREBAMBA";"NE_0002";"";"NE_0002";"NE_0002";"NE_0002";"NE_0002";"NE_0002";"NE_0002";"NE_0002"
"2023";"12";"061112";"CAJAMARCA";"SAN MIGUEL";"TONGOD";"GOBIERNO REGIONAL";"I-1";"00008751";"LA CORONILLA";"NE_0001";"";"NE_0001";"NE_0001";"NE_0001";"NE_0001";"NE_0001";"NE_0001";"NE_0001"
"2023";"12";"061112";"CAJAMARCA";"SAN MIGUEL";"TONGOD";"GOBIERNO REGIONAL";"I-3";"00004607";"TONGOD";"NE_0001";"";"NE_0001";"NE_0001";"NE_0001";"NE_0001";"NE_0001";"NE_0001";"NE_0001"
"2023";"12";"030101";"APURIMAC";"ABANCAY";"ABANCAY";"GOBIERNO REGIONAL";"II-2";"00007719";"HOSPITAL REGIONAL GUILLERMO DIAZ DE LA VEGA";"241600";"HOSPITALIZACIÓN QUIRÚRGICA OBSTETRICIA   ";"123";"102";"223";"221";"10";"325";"0"
"2023";"12";"030101";"APURIMAC";"ABANCAY";"ABANCAY";"GOBIERNO REGIONAL";"II-2";"00007719";"HOSPITAL REGIONAL GUILLERMO DIAZ DE LA VEGA";"240100";"HOSPITALIZACIÓN QUIRÚRGICA CIRUGÍA GENERAL ";"149";"159";"747";"474";"10";"484";"0"
"2023";"12";"030101";"APURIMAC";"ABANCAY";"ABANCAY";"GOBIERNO REGIONAL";"II-2";"00007719";"HOSPITAL REGIONAL GUILLERMO DIAZ DE LA VEGA";"241500";"HOSPITALIZACIÓN QUIRÚRGICA GINECOLOGÍA  ";"73";"72";"234";"235";"14";"438";"0"
"2023";"12";"030101";"APURIMAC";"ABANCAY";"ABANCAY";"GOBIERNO REGIONAL";"II-2";"00007719";"HOSPITAL REGIONAL GUILLERMO DIAZ DE LA VEGA";"241900";"HOSPITALIZACIÓN DE MEDICINA MEDICINA INTERNA ";"90";"91";"598";"706";"11";"706";"9"
"2023";"12";"030101";"APURIMAC";"ABANCAY";"ABANCAY";"GOBIERNO REGIONAL";"II-2";"00007719";"HOSPITAL REGIONAL GUILLERMO DIAZ DE LA VEGA";"250201";"UNIDAD DE CUIDADOS CRITICOS UNIDAD DE CUIDADOS INTERMEDIOS  (UCIN) NEONATAL";"32";"26";"118";"108";"6";"190";"0"
"2023";"12";"030101";"APURIMAC";"ABANCAY";"ABANCAY";"GOBIERNO REGIONAL";"II-2";"00007719";"HOSPITAL REGIONAL GUILLERMO DIAZ DE LA VEGA";"242300";"HOSPITALIZACIÓN DE PEDIATRÍA  PEDIATRÍA  GENERAL ";"42";"45";"220";"204";"10";"311";"0"
"2023";"12";"030101";"APURIMAC";"ABANCAY";"ABANCAY";"GOBIERNO REGIONAL";"II-2";"00007719";"HOSPITAL REGIONAL GUILLERMO DIAZ DE LA VEGA";"241200";"HOSPITALIZACIÓN QUIRÚRGICA TRAUMATOLOGÍA Y ORTOPEDIA ";"39";"40";"523";"501";"11";"501";"0"
"2023";"12";"030101";"APURIMAC";"ABANCAY";"ABANCAY";"GOBIERNO REGIONAL";"II-2";"00007719";"HOSPITAL REGIONAL GUILLERMO DIAZ DE LA VEGA";"250103";"UNIDAD DE CUIDADOS CRITICOS UNIDAD  DE CUIDADOS INTENSIVOS GENERALES  (UCI) MEDICINA";"4";"7";"144";"77";"4";"127";"1"
"2023";"12";"030101";"APURIMAC";"ABANCAY";"ABANCAY";"GOBIERNO REGIONAL";"II-2";"00007719";"HOSPITAL REGIONAL GUILLERMO DIAZ DE LA VEGA";"250105";"UNIDAD DE CUIDADOS CRITICOS UNIDAD  DE CUIDADOS INTENSIVOS  (UCI) NEONATOLOGÍA";"15";"13";"44";"93";"4";"125";"2"
"2023";"12";"030101";"APURIMAC";"ABANCAY";"ABANCAY";"GOBIERNO REGIONAL";"II-2";"00007719";"HOSPITAL REGIONAL GUILLERMO DIAZ DE LA VEGA";"250200";"UNIDAD DE CUIDADOS CRITICOS UNIDAD DE CUIDADOS INTERMEDIOS GENERAL  (UCIN) ";"3";"3";"261";"72";"4";"124";"0"
"2023";"12";"030101";"APURIMAC";"ABANCAY";"ABANCAY";"GOBIERNO REGIONAL";"II-2";"00007719";"HOSPITAL REGIONAL GUILLERMO DIAZ DE LA VEGA";"242205";"HOSPITALIZACIÓN MEDICINA PSIQUIATRÍA PISIQUIATRIA/ SALUD MENTAL Y ADICCIONES";"7";"9";"37";"140";"12";"372";"0"
"2023";"12";"110401";"ICA";"PALPA";"PALPA";"MINSA";"II-1";"00003458";"DE APOYO DE PALPA";"240100";"HOSPITALIZACIÓN QUIRÚRGICA CIRUGÍA GENERAL ";"4";"5";"20";"16";"6";"186";"0"
"2023";"12";"110401";"ICA";"PALPA";"PALPA";"MINSA";"II-1";"00003458";"DE APOYO DE PALPA";"241600";"HOSPITALIZACIÓN QUIRÚRGICA OBSTETRICIA   ";"8";"10";"24";"21";"9";"279";"0"
"2023";"12";"110401";"ICA";"PALPA";"PALPA";"MINSA";"II-1";"00003458";"DE APOYO DE PALPA";"241800";"HOSPITALIZACIÓN DE MEDICINA MEDICINA GENERAL ";"5";"5";"11";"34";"9";"279";"0"
"2023";"12";"110401";"ICA";"PALPA";"PALPA";"MINSA";"II-1";"00003458";"DE APOYO DE PALPA";"242500";"HOSPITALIZACIÓN-PEDIATRÍA GENERAL-";"1";"1";"2";"2";"6";"186";"0"
"2023";"12";"120608";"JUNIN";"SATIPO";"RIO TAMBO";"GOBIERNO REGIONAL";"I-2";"00000467";"SHIMA";"NE_0001";"";"NE_0001";"NE_0001";"NE_0001";"NE_0001";"NE_0001";"NE_0001";"NE_0001"
"2023";"12";"120608";"JUNIN";"SATIPO";"RIO TAMBO";"GOBIERNO REGIONAL";"I-3";"00000473";"SAN VICENTE DE CANAAN";"NE_0001";"";"NE_0001";"NE_0001";"NE_0001";"NE_0001";"NE_0001";"NE_0001";"NE_0001"
"2023";"12";"200101";"PIURA";"PIURA";"PIURA";"PRIVADO";"II-1";"00032672";"HOSPITAL PRIVADO SAN BENITO S.C.R.L.";"240000";"HOSPITALIZACIÓN";"10";"10";"13";"10";"12";"372";"0"
"2023";"11";"060101";"CAJAMARCA";"CAJAMARCA";"CAJAMARCA";"GOBIERNO REGIONAL";"I-1";"00004656";"ATAHUALPA";"NE_0001";"";"NE_0001";"NE_0001";"NE_0001";"NE_0001";"NE_0001";"NE_0001";"NE_0001"
"2023";"11";"060101";"CAJAMARCA";"CAJAMARCA";"CAJAMARCA";"GOBIERNO REGIONAL";"I-1";"00004651";"CHAMIS";"NE_0002";"";"NE_0002";"NE_0002";"NE_0002";"NE_0002";"NE_0002";"NE_0002";"NE_0002"
"2023";"11";"060101";"CAJAMARCA";"CAJAMARCA";"CAJAMARCA";"GOBIERNO REGIONAL";"I-3";"00004657";"PACHACUTEC";"NE_0001";"";"NE_0001";"NE_0001";"NE_0001";"NE_0001";"NE_0001";"NE_0001";"NE_0001"
"2023";"11";"060103";"CAJAMARCA";"CAJAMARCA";"CHETILLA";"GOBIERNO REGIONAL";"I-2";"00004653";"CHETILLA";"NE_0001";"";"NE_0001";"NE_0001";"NE_0001";"NE_0001";"NE_0001";"NE_0001";"NE_0001"
"2023";"11";"060101";"CAJAMARCA";"CAJAMARCA";"CAJAMARCA";"GOBIERNO REGIONAL";"I-2";"00015496";"CHONTAPACCHA";"NE_0002";"";"NE_0002";"NE_0002";"NE_0002";"NE_0002";"NE_0002";"NE_0002";"NE_0002"
"2023";"11";"060101";"CAJAMARCA";"CAJAMARCA";"CAJAMARCA";"GOBIERNO REGIONAL";"I-1";"00004654";"SAMANACRUZ";"NE_0001";"";"NE_0001";"NE_0001";"NE_0001";"NE_0001";"NE_0001";"NE_0001";"NE_0001"
"2023";"11";"060101";"CAJAMARCA";"CAJAMARCA";"CAJAMARCA";"GOBIERNO REGIONAL";"I-1";"00004652";"LUCMACUCHO";"NE_0001";"";"NE_0001";"NE_0001";"NE_0001";"NE_0001";"NE_0001";"NE_0001";"NE_0001"
"2023";"11";"060109";"CAJAMARCA";"CAJAMARCA";"MAGDALENA";"GOBIERNO REGIONAL";"I-1";"00016886";"SAN CRISTOBAL";"NE_0001";"";"NE_0001";"NE_0001";"NE_0001";"NE_0001";"NE_0001";"NE_0001";"NE_0001"
"2023";"11";"060109";"CAJAMARCA";"CAJAMARCA";"MAGDALENA";"GOBIERNO REGIONAL";"I-1";"00004631";"CUMBICO";"NE_0002";"";"NE_0002";"NE_0002";"NE_0002";"NE_0002";"NE_0002";"NE_0002";"NE_0002"
"2023";"11";"040101";"AREQUIPA";"AREQUIPA";"AREQUIPA";"PRIVADO";"II-E";"00032002";"OFTALMOSALUD AREQUIPA  S.A.C.";"NE_0001";"";"NE_0001";"NE_0001";"NE_0001";"NE_0001";"NE_0001";"NE_0001";"NE_0001"
"2023";"12";"150143";"LIMA";"LIMA";"VILLA MARIA DEL TRIUNFO";"PRIVADO";"I-2";"00018825";"GUILLERMO KAELIN DE LA FUENTE";"NE_0001";"";"NE_0001";"NE_0001";"NE_0001";"NE_0001";"NE_0001";"NE_0001";"NE_0001"
"2023";"12";"190303";"PASCO";"OXAPAMPA";"HUANCABAMBA";"GOBIERNO REGIONAL";"I-2";"00001074";"MALLAMPAMPA";"NE_0002";"";"NE_0002";"NE_0002";"NE_0002";"NE_0002";"NE_0002";"NE_0002";"NE_0002"
"2023";"12";"190303";"PASCO";"OXAPAMPA";"HUANCABAMBA";"GOBIERNO REGIONAL";"I-1";"00001076";"MUCHUYMAYO";"NE_0002";"";"NE_0002";"NE_0002";"NE_0002";"NE_0002";"NE_0002";"NE_0002";"NE_0002"
"2023";"12";"190303";"PASCO";"OXAPAMPA";"HUANCABAMBA";"GOBIERNO REGIONAL";"I-3";"00001073";"CENTRO DE SALUD HUANCABAMBA";"NE_0002";"";"NE_0002";"NE_0002";"NE_0002";"NE_0002";"NE_0002";"NE_0002";"NE_0002"
"2023";"12";"190303";"PASCO";"OXAPAMPA";"HUANCABAMBA";"GOBIERNO REGIONAL";"I-1";"00001078";"LANTURACHI";"NE_0002";"";"NE_0002";"NE_0002";"NE_0002";"NE_0002";"NE_0002";"NE_0002";"NE_0002"
"2023";"12";"190303";"PASCO";"OXAPAMPA";"HUANCABAMBA";"GOBIERNO REGIONAL";"I-2";"00001075";"GRAPANAZU";"NE_0002";"";"NE_0002";"NE_0002";"NE_0002";"NE_0002";"NE_0002";"NE_0002";"NE_0002"
"2023";"12";"190303";"PASCO";"OXAPAMPA";"HUANCABAMBA";"GOBIERNO REGIONAL";"I-1";"00001080";"MONTECARLO";"NE_0002";"";"NE_0002";"NE_0002";"NE_0002";"NE_0002";"NE_0002";"NE_0002";"NE_0002"
"2023";"12";"130101";"LA LIBERTAD";"TRUJILLO";"TRUJILLO";"PRIVADO";"II-E";"00016830";"CLINICA CAMINO REAL";"240000";"HOSPITALIZACIÓN";"34";"6";"10";"85";"6";"186";"0"
"2023";"12";"130101";"LA LIBERTAD";"TRUJILLO";"TRUJILLO";"PRIVADO";"II-E";"00016830";"CLINICA CAMINO REAL";"250100";"UNIDAD DE CUIDADOS CRITICOS UNIDAD  DE CUIDADOS INTENSIVOS GENERALES (UCI) ";"0";"2";"6";"2";"2";"62";"0"
"2023";"12";"220101";"SAN MARTIN";"MOYOBAMBA";"MOYOBAMBA";"ESSALUD";"II-1";"00015598";"HOSPITAL I ALTO MAYO";"241800";"HOSPITALIZACIÓN DE MEDICINA MEDICINA GENERAL ";"50";"52";"314";"319";"15";"465";"6"
"2023";"12";"220101";"SAN MARTIN";"MOYOBAMBA";"MOYOBAMBA";"ESSALUD";"II-1";"00015598";"HOSPITAL I ALTO MAYO";"240100";"HOSPITALIZACIÓN QUIRÚRGICA CIRUGÍA GENERAL ";"61";"60";"222";"173";"6";"186";"0"
"2023";"12";"220101";"SAN MARTIN";"MOYOBAMBA";"MOYOBAMBA";"ESSALUD";"II-1";"00015598";"HOSPITAL I ALTO MAYO";"241500";"HOSPITALIZACIÓN QUIRÚRGICA GINECOLOGÍA  ";"12";"15";"57";"40";"2";"62";"0"
"2023";"12";"220101";"SAN MARTIN";"MOYOBAMBA";"MOYOBAMBA";"ESSALUD";"II-1";"00015598";"HOSPITAL I ALTO MAYO";"241600";"HOSPITALIZACIÓN QUIRÚRGICA OBSTETRICIA   ";"54";"54";"163";"109";"9";"279";"0"
"2023";"12";"220101";"SAN MARTIN";"MOYOBAMBA";"MOYOBAMBA";"ESSALUD";"II-1";"00015598";"HOSPITAL I ALTO MAYO";"242300";"HOSPITALIZACIÓN DE PEDIATRÍA  PEDIATRÍA  GENERAL ";"11";"12";"39";"23";"3";"93";"0"
"2023";"12";"210111";"PUNO";"PUNO";"PICHACANI";"ESSALUD";"I-3";"00025342";"CAP I LARAQUERI";"NE_0001";"";"NE_0001";"NE_0001";"NE_0001";"NE_0001";"NE_0001";"NE_0001";"NE_0001"
"2023";"12";"130704";"LA LIBERTAD";"PACASMAYO";"PACASMAYO";"ESSALUD";"I-4";"00008514";"HOSPITAL I PACASMAYO";"241800";"HOSPITALIZACIÓN DE MEDICINA MEDICINA GENERAL ";"44";"42";"513";"163";"12";"372";"01"
"2023";"12";"140101";"LAMBAYEQUE";"CHICLAYO";"CHICLAYO";"PRIVADO";"II-E";"00030057";"CLINICAS AUNAS SEDE CHICLAYO";"240000";"HOSPITALIZACIÓN";"212";"190";"743";"962";"41";"1271";"1"
"2023";"12";"140101";"LAMBAYEQUE";"CHICLAYO";"CHICLAYO";"PRIVADO";"II-E";"00030057";"CLINICAS AUNAS SEDE CHICLAYO";"250100";"UNIDAD DE CUIDADOS CRITICOS UNIDAD  DE CUIDADOS INTENSIVOS GENERALES (UCI) ";"5";"4";"21";"31";"6";"186";"1"
"2023";"12";"120210";"JUNIN";"CONCEPCION";"MATAHUASI";"GOBIERNO REGIONAL";"I-1";"00000688";"MARAVILCA";"NE_0001";"";"NE_0001";"NE_0001";"NE_0001";"NE_0001";"NE_0001";"NE_0001";"NE_0001"
"2023";"12";"120210";"JUNIN";"CONCEPCION";"MATAHUASI";"GOBIERNO REGIONAL";"I-1";"00000689";"YANAMUCLO";"NE_0001";"";"NE_0001";"NE_0001";"NE_0001";"NE_0001";"NE_0001";"NE_0001";"NE_0001"
"2023";"11";"250304";"UCAYALI";"PADRE ABAD";"NESHUYA";"GOBIERNO REGIONAL";"I-1";"00030508";"PUESTO DE SALUD NOLBERTH DE ALTO ARUYA";"NE_0001";"";"NE_0001";"NE_0001";"NE_0001";"NE_0001";"NE_0001";"NE_0001";"NE_0001"
"2023";"12";"150103";"LIMA";"LIMA";"ATE";"PRIVADO";"II-1";"00018584";"CLINICA MARIA DEL SOCORRO";"240000";"HOSPITALIZACIÓN";"133";"138";"219";"241";"20";"620";"0"
"2023";"12";"080702";"CUSCO";"CHUMBIVILCAS";"CAPACMARCA";"GOBIERNO REGIONAL";"I-3";"00002401";"CCAPACMARCA";"NE_0001";"";"NE_0001";"NE_0001";"NE_0001";"NE_0001";"NE_0001";"NE_0001";"NE_0001"
"2023";"12";"150120";"LIMA";"LIMA";"MAGDALENA DEL MAR";"MINSA";"III-1";"00006214";"HOSPITAL VICTOR LARCO HERRERA";"242202";"HOSPITALIZACIÓN DE MEDICINA PSIQUIATRÍA PSIQUIATRÍA DEL ADULTO Y GERONTE";"22";"18";"942";"2696";"100";"3100";"0"
"2023";"12";"140101";"LAMBAYEQUE";"CHICLAYO";"CHICLAYO";"PRIVADO";"II-E";"00026706";"CLINICA UNION SAC.";"241400";"HOSPITALIZACIÓN QUIRÚRGICA GINECO - OBSTETRICIA ";"74";"72";"102";"120";"6";"160";"0"
"2023";"12";"140101";"LAMBAYEQUE";"CHICLAYO";"CHICLAYO";"PRIVADO";"II-E";"00026706";"CLINICA UNION SAC.";"240100";"HOSPITALIZACIÓN QUIRÚRGICA CIRUGÍA GENERAL ";"46";"42";"52";"90";"3";"120";"0"
"2023";"12";"140101";"LAMBAYEQUE";"CHICLAYO";"CHICLAYO";"PRIVADO";"II-E";"00026706";"CLINICA UNION SAC.";"241300";"HOSPITALIZACIÓN QUIRÚRGICA UROLOGÍA  ";"24";"22";"47";"55";"2";"60";"0"
"2023";"12";"140101";"LAMBAYEQUE";"CHICLAYO";"CHICLAYO";"PRIVADO";"II-E";"00026706";"CLINICA UNION SAC.";"240200";"HOSPITALIZACIÓN QUIRÚRGICA CIRUGÍA DE CABEZA Y CUELLO / MÁXILO FACIAL ";"6";"5";"14";"16";"1";"25";"0"
"2023";"12";"140101";"LAMBAYEQUE";"CHICLAYO";"CHICLAYO";"PRIVADO";"II-E";"00026706";"CLINICA UNION SAC.";"241200";"HOSPITALIZACIÓN QUIRÚRGICA TRAUMATOLOGÍA Y ORTOPEDIA ";"8";"6";"17";"18";"1";"25";"0"
"2023";"12";"140101";"LAMBAYEQUE";"CHICLAYO";"CHICLAYO";"PRIVADO";"II-E";"00026706";"CLINICA UNION SAC.";"240800";"HOSPITALIZACIÓN QUIRÚRGICA CIRUGÍA PLÁSTICA/RECONSTRUCTIVA/ REPARADORA ";"4";"3";"7";"12";"1";"12";"0"
"2023";"12";"140101";"LAMBAYEQUE";"CHICLAYO";"CHICLAYO";"PRIVADO";"II-E";"00026706";"CLINICA UNION SAC.";"240400";"HOSPITALIZACIÓN QUIRÚRGICA CIRUGÍA DE TÓRAX Y CARDIOVASCULAR ";"2";"2";"9";"12";"1";"12";"0"
"2023";"12";"020112";"ANCASH";"HUARAZ";"TARICA";"GOBIERNO REGIONAL";"I-2";"00001579";"PUESTO DE SALUD PALTAY";"NE_0001";"";"NE_0001";"NE_0001";"NE_0001";"NE_0001";"NE_0001";"NE_0001";"NE_0001"
"2023";"12";"020101";"ANCASH";"HUARAZ";"HUARAZ";"GOBIERNO REGIONAL";"I-1";"00001549";"PUESTO DE SALUD HUAMARIN";"NE_0001";"";"NE_0001";"NE_0001";"NE_0001";"NE_0001";"NE_0001";"NE_0001";"NE_0001"
"2023";"12";"020101";"ANCASH";"HUARAZ";"HUARAZ";"GOBIERNO REGIONAL";"I-1";"00001555";"PUESTO DE SALUD ICHOCA";"NE_0001";"";"NE_0001";"NE_0001";"NE_0001";"NE_0001";"NE_0001";"NE_0001";"NE_0001"
"2023";"12";"020111";"ANCASH";"HUARAZ";"PIRA";"GOBIERNO REGIONAL";"I-2";"00001585";"PUESTO DE SALUD PIRA";"NE_0001";"";"NE_0001";"NE_0001";"NE_0001";"NE_0001";"NE_0001";"NE_0001";"NE_0001"
"2023";"12";"020106";"ANCASH";"HUARAZ";"JANGAS";"GOBIERNO REGIONAL";"I-1";"00001533";"MATAQUITA";"NE_0001";"";"NE_0001";"NE_0001";"NE_0001";"NE_0001";"NE_0001";"NE_0001";"NE_0001"
"2023";"12";"020105";"ANCASH";"HUARAZ";"INDEPENDENCIA";"GOBIERNO REGIONAL";"I-1";"00001560";"PUESTO DE SALUD UNCHUS";"NE_0001";"";"NE_0001";"NE_0001";"NE_0001";"NE_0001";"NE_0001";"NE_0001";"NE_0001"
"2023";"12";"020105";"ANCASH";"HUARAZ";"INDEPENDENCIA";"GOBIERNO REGIONAL";"I-4";"00001568";"CENTRO DE SALUD PALMIRA";"241600";"HOSPITALIZACIÓN QUIRÚRGICA OBSTETRICIA   ";"25";"25";"50";"2";"6";"48";"0"
"2023";"12";"021406";"ANCASH";"OCROS";"CONGAS";"GOBIERNO REGIONAL";"I-1";"00001760";"PUESTO DE SALUD CONGAS";"NE_0001";"";"NE_0001";"NE_0001";"NE_0001";"NE_0001";"NE_0001";"NE_0001";"NE_0001"
"2023";"12";"020503";"ANCASH";"BOLOGNESI";"ANTONIO RAIMONDI";"GOBIERNO REGIONAL";"I-2";"00001485";"PUESTO DE SALUD RAQUIA";"NE_0001";"";"NE_0001";"NE_0001";"NE_0001";"NE_0001";"NE_0001";"NE_0001";"NE_0001"
"2023";"12";"020512";"ANCASH";"BOLOGNESI";"MANGAS";"GOBIERNO REGIONAL";"I-1";"00001504";"PUESTO DE SALUD MANGAS";"NE_0001";"";"NE_0001";"NE_0001";"NE_0001";"NE_0001";"NE_0001";"NE_0001";"NE_0001"
"2023";"12";"020515";"ANCASH";"BOLOGNESI";"TICLLOS";"GOBIERNO REGIONAL";"I-1";"00001506";"PUESTO DE SALUD TICLLOS";"NE_0001";"";"NE_0001";"NE_0001";"NE_0001";"NE_0001";"NE_0001";"NE_0001";"NE_0001"
"2023";"12";"020611";"ANCASH";"CARHUAZ";"YUNGAR";"GOBIERNO REGIONAL";"I-1";"00001530";"PUESTO DE SALUD POYOR";"NE_0001";"";"NE_0001";"NE_0001";"NE_0001";"NE_0001";"NE_0001";"NE_0001";"NE_0001"
"2023";"12";"020101";"ANCASH";"HUARAZ";"HUARAZ";"GOBIERNO REGIONAL";"I-1";"00001545";"PUESTO DE SALUD HUALLCOR";"NE_0001";"";"NE_0001";"NE_0001";"NE_0001";"NE_0001";"NE_0001";"NE_0001";"NE_0001"
"2023";"12";"020101";"ANCASH";"HUARAZ";"HUARAZ";"GOBIERNO REGIONAL";"I-1";"00001548";"PUESTO DE SALUD SANTA CATALINA";"NE_0001";"";"NE_0001";"NE_0001";"NE_0001";"NE_0001";"NE_0001";"NE_0001";"NE_0001"
"2023";"12";"020108";"ANCASH";"HUARAZ";"OLLEROS";"GOBIERNO REGIONAL";"I-1";"00001550";"PUESTO DE SALUD MASHUAN";"NE_0001";"";"NE_0001";"NE_0001";"NE_0001";"NE_0001";"NE_0001";"NE_0001";"NE_0001"
"2023";"12";"021710";"ANCASH";"RECUAY";"TICAPAMPA";"GOBIERNO REGIONAL";"I-1";"00001474";"PUESTO DE SALUD TICAPAMPA";"NE_0001";"";"NE_0001";"NE_0001";"NE_0001";"NE_0001";"NE_0001";"NE_0001";"NE_0001"
"2023";"12";"020505";"ANCASH";"BOLOGNESI";"CAJACAY";"GOBIERNO REGIONAL";"I-1";"00001483";"PUESTO DE SALUD COLCA";"NE_0001";"";"NE_0001";"NE_0001";"NE_0001";"NE_0001";"NE_0001";"NE_0001";"NE_0001"
"2023";"12";"020509";"ANCASH";"BOLOGNESI";"HUASTA";"GOBIERNO REGIONAL";"I-1";"00001498";"PUESTO DE SALUD QUERO";"NE_0001";"";"NE_0001";"NE_0001";"NE_0001";"NE_0001";"NE_0001";"NE_0001";"NE_0001"
"2023";"12";"020508";"ANCASH";"BOLOGNESI";"HUALLANCA";"GOBIERNO REGIONAL";"I-3";"00001507";"CENTRO DE SALUD HUALLANCA";"NE_0001";"";"NE_0001";"NE_0001";"NE_0001";"NE_0001";"NE_0001";"NE_0001";"NE_0001"
"2023";"12";"020603";"ANCASH";"CARHUAZ";"AMASHCA";"GOBIERNO REGIONAL";"I-1";"00001524";"PUESTO DE SALUD AMASHCA";"NE_0001";"";"NE_0001";"NE_0001";"NE_0001";"NE_0001";"NE_0001";"NE_0001";"NE_0001"
"2023";"12";"020401";"ANCASH";"ASUNCION";"CHACAS";"GOBIERNO REGIONAL";"I-4";"00001540";"HOSPITAL MAMA ASHU CHACAS";"241600";"HOSPITALIZACIÓN QUIRÚRGICA OBSTETRICIA   ";"15";"16";"1";"53";"10";"310";"0"
"2023";"12";"020401";"ANCASH";"ASUNCION";"CHACAS";"GOBIERNO REGIONAL";"I-4";"00001540";"HOSPITAL MAMA ASHU CHACAS";"241800";"HOSPITALIZACIÓN DE MEDICINA MEDICINA GENERAL ";"50";"44";"12";"545";"34";"1054";"2"
"2023";"12";"020401";"ANCASH";"ASUNCION";"CHACAS";"GOBIERNO REGIONAL";"I-4";"00001540";"HOSPITAL MAMA ASHU CHACAS";"242500";"HOSPITALIZACIÓN-PEDIATRÍA GENERAL-";"6";"8";"1";"20";"4";"124";"0"
"2023";"12";"020401";"ANCASH";"ASUNCION";"CHACAS";"GOBIERNO REGIONAL";"I-4";"00001540";"HOSPITAL MAMA ASHU CHACAS";"243200";"HOSPITALIZACIÓN DE PEDIATRÍA PEDIATRIA NEONATOLOGÍA";"2";"2";"NE_0001";"22";"3";"93";"0"
"2023";"12";"020105";"ANCASH";"HUARAZ";"INDEPENDENCIA";"GOBIERNO REGIONAL";"I-2";"00001561";"PUESTO DE SALUD LLUPA";"NE_0001";"";"NE_0001";"NE_0001";"NE_0001";"NE_0001";"NE_0001";"NE_0001";"NE_0001"
"2023";"12";"020105";"ANCASH";"HUARAZ";"INDEPENDENCIA";"GOBIERNO REGIONAL";"I-1";"00001572";"PUESTO DE SALUD CURHUAZ";"NE_0001";"";"NE_0001";"NE_0001";"NE_0001";"NE_0001";"NE_0001";"NE_0001";"NE_0001"
"2023";"12";"020105";"ANCASH";"HUARAZ";"INDEPENDENCIA";"GOBIERNO REGIONAL";"I-1";"00010997";"PUESTO DE SALUD SANTA ROSA DE CANSHAN";"NE_0001";"";"NE_0001";"NE_0001";"NE_0001";"NE_0001";"NE_0001";"NE_0001";"NE_0001"
"2023";"12";"021709";"ANCASH";"RECUAY";"TAPACOCHA";"GOBIERNO REGIONAL";"I-1";"00001478";"PUESTO DE SALUD TAPACOCHA";"NE_0001";"";"NE_0001";"NE_0001";"NE_0001";"NE_0001";"NE_0001";"NE_0001";"NE_0001"
"2023";"12";"020513";"ANCASH";"BOLOGNESI";"PACLLON";"GOBIERNO REGIONAL";"I-1";"00001500";"PUESTO DE SALUD LLAMAC";"NE_0001";"";"NE_0001";"NE_0001";"NE_0001";"NE_0001";"NE_0001";"NE_0001";"NE_0001"
"2023";"12";"020514";"ANCASH";"BOLOGNESI";"SAN MIGUEL DE CORPANQUI";"GOBIERNO REGIONAL";"I-2";"00001505";"PUESTO DE SALUD CORPANQUI";"NE_0001";"";"NE_0001";"NE_0001";"NE_0001";"NE_0001";"NE_0001";"NE_0001";"NE_0001"
"2023";"12";"020203";"ANCASH";"AIJA";"HUACLLAN";"GOBIERNO REGIONAL";"I-1";"00001512";"PUESTO DE SALUD HUACLLAN";"NE_0001";"";"NE_0001";"NE_0001";"NE_0001";"NE_0001";"NE_0001";"NE_0001";"NE_0001"
"2023";"12";"020601";"ANCASH";"CARHUAZ";"CARHUAZ";"GOBIERNO REGIONAL";"I-1";"00001518";"PUESTO DE SALUD TAURIPAMPA";"NE_0001";"";"NE_0001";"NE_0001";"NE_0001";"NE_0001";"NE_0001";"NE_0001";"NE_0001"
"2023";"05";"021503";"ANCASH";"PALLASCA";"CONCHUCOS";"ESSALUD";"I-2";"00009201";"POSTA MEDICA CONCHUCOS";"NE_0001";"";"NE_0001";"NE_0001";"NE_0001";"NE_0001";"NE_0001";"NE_0001";"NE_0001"
"2023";"06";"021503";"ANCASH";"PALLASCA";"CONCHUCOS";"ESSALUD";"I-2";"00009201";"POSTA MEDICA CONCHUCOS";"NE_0001";"";"NE_0001";"NE_0001";"NE_0001";"NE_0001";"NE_0001";"NE_0001";"NE_0001"
"2023";"03";"021508";"ANCASH";"PALLASCA";"PALLASCA";"ESSALUD";"I-2";"00009925";"POSTA MEDICA PALLASCA";"NE_0001";"";"NE_0001";"NE_0001";"NE_0001";"NE_0001";"NE_0001";"NE_0001";"NE_0001"
"2023";"04";"021508";"ANCASH";"PALLASCA";"PALLASCA";"ESSALUD";"I-2";"00009925";"POSTA MEDICA PALLASCA";"NE_0001";"";"NE_0001";"NE_0001";"NE_0001";"NE_0001";"NE_0001";"NE_0001";"NE_0001"
"2023";"12";"240203";"TUMBES";"CONTRALMIRANTE VILLAR";"CANOAS DE PUNTA SAL";"GOBIERNO REGIONAL";"I-3";"00001902";"CANCAS";"NE_0001";"";"NE_0001";"NE_0001";"NE_0001";"NE_0001";"NE_0001";"NE_0001";"NE_0001"
"2023";"12";"100402";"HUANUCO";"HUACAYBAMBA";"CANCHABAMBA";"GOBIERNO REGIONAL";"I-3";"00000878";"CANCHABAMBA";"NE_0001";"";"NE_0001";"NE_0001";"NE_0001";"NE_0001";"NE_0001";"NE_0001";"NE_0001"
"2023";"12";"100402";"HUANUCO";"HUACAYBAMBA";"CANCHABAMBA";"GOBIERNO REGIONAL";"I-1";"00000886";"VILLA FLORES DE RAJIN";"NE_0001";"";"NE_0001";"NE_0001";"NE_0001";"NE_0001";"NE_0001";"NE_0001";"NE_0001"
"2023";"12";"080909";"CUSCO";"LA CONVENCION";"VILCABAMBA";"GOBIERNO REGIONAL";"I-4";"00002480";"PUCYURA";"NE_0001";"";"NE_0001";"NE_0001";"NE_0001";"NE_0001";"NE_0001";"NE_0001";"NE_0001"
"2023";"11";"080913";"CUSCO";"LA CONVENCION";"VILLA KINTIARINA";"GOBIERNO REGIONAL";"I-3";"00002488";"VILLA KINTIARINA";"NE_0001";"";"NE_0001";"NE_0001";"NE_0001";"NE_0001";"NE_0001";"NE_0001";"NE_0001"
"2023";"11";"080907";"CUSCO";"LA CONVENCION";"KIMBIRI";"GOBIERNO REGIONAL";"I-2";"00002475";"KIMBIRI ALTO";"NE_0001";"";"NE_0001";"NE_0001";"NE_0001";"NE_0001";"NE_0001";"NE_0001";"NE_0001"
"2023";"11";"080907";"CUSCO";"LA CONVENCION";"KIMBIRI";"GOBIERNO REGIONAL";"I-1";"00002473";"UNION ROSALES";"NE_0001";"";"NE_0001";"NE_0001";"NE_0001";"NE_0001";"NE_0001";"NE_0001";"NE_0001"
"2023";"11";"080907";"CUSCO";"LA CONVENCION";"KIMBIRI";"GOBIERNO REGIONAL";"I-2";"00002474";"SAMANIATO";"NE_0001";"";"NE_0001";"NE_0001";"NE_0001";"NE_0001";"NE_0001";"NE_0001";"NE_0001"
"2023";"11";"080907";"CUSCO";"LA CONVENCION";"KIMBIRI";"GOBIERNO REGIONAL";"I-1";"00008284";"MANITEA ALTA";"NE_0001";"";"NE_0001";"NE_0001";"NE_0001";"NE_0001";"NE_0001";"NE_0001";"NE_0001"
"2023";"11";"200601";"PIURA";"SULLANA";"SULLANA";"PRIVADO";"II-1";"00010777";"CLINICA VIRGEN DEL PILAR SCRL";"241900";"HOSPITALIZACIÓN DE MEDICINA MEDICINA INTERNA ";"4";"4";"184";"63";"24";"250";"1"
"2023";"11";"200601";"PIURA";"SULLANA";"SULLANA";"PRIVADO";"II-1";"00010777";"CLINICA VIRGEN DEL PILAR SCRL";"240100";"HOSPITALIZACIÓN QUIRÚRGICA CIRUGÍA GENERAL ";"20";"20";"124";"192";"24";"510";"0"
"2023";"01";"040101";"AREQUIPA";"AREQUIPA";"AREQUIPA";"PRIVADO";"II-E";"00032002";"OFTALMOSALUD AREQUIPA  S.A.C.";"NE_0001";"";"NE_0001";"NE_0001";"NE_0001";"NE_0001";"NE_0001";"NE_0001";"NE_0001"
"2023";"11";"060306";"CAJAMARCA";"CELENDIN";"JOSE GALVEZ";"GOBIERNO REGIONAL";"I-1";"00004486";"FRAYLECOCHA";"NE_0001";"";"NE_0001";"NE_0001";"NE_0001";"NE_0001";"NE_0001";"NE_0001";"NE_0001"
"2023";"11";"060308";"CAJAMARCA";"CELENDIN";"OXAMARCA";"GOBIERNO REGIONAL";"I-1";"00009049";"LA QUINUA";"NE_0001";"";"NE_0001";"NE_0001";"NE_0001";"NE_0001";"NE_0001";"NE_0001";"NE_0001"
"2023";"11";"060308";"CAJAMARCA";"CELENDIN";"OXAMARCA";"GOBIERNO REGIONAL";"I-2";"00004483";"PIOBAMBA";"NE_0001";"";"NE_0001";"NE_0001";"NE_0001";"NE_0001";"NE_0001";"NE_0001";"NE_0001"
"2023";"11";"060308";"CAJAMARCA";"CELENDIN";"OXAMARCA";"GOBIERNO REGIONAL";"I-2";"00004484";"OXAMARCA";"NE_0001";"";"NE_0001";"NE_0001";"NE_0001";"NE_0001";"NE_0001";"NE_0001";"NE_0001"
"2023";"11";"060306";"CAJAMARCA";"CELENDIN";"JOSE GALVEZ";"GOBIERNO REGIONAL";"I-2";"00004488";"JOSE GALVEZ";"NE_0001";"";"NE_0001";"NE_0001";"NE_0001";"NE_0001";"NE_0001";"NE_0001";"NE_0001"
"2023";"11";"060310";"CAJAMARCA";"CELENDIN";"SUCRE";"GOBIERNO REGIONAL";"I-3";"00004482";"SUCRE";"NE_0001";"";"NE_0001";"NE_0001";"NE_0001";"NE_0001";"NE_0001";"NE_0001";"NE_0001"
"2023";"11";"060310";"CAJAMARCA";"CELENDIN";"SUCRE";"GOBIERNO REGIONAL";"I-1";"00009084";"VIGASPAMPA";"NE_0001";"";"NE_0001";"NE_0001";"NE_0001";"NE_0001";"NE_0001";"NE_0001";"NE_0001"
"2023";"11";"060310";"CAJAMARCA";"CELENDIN";"SUCRE";"GOBIERNO REGIONAL";"I-1";"00004485";"CALCONGA";"NE_0001";"";"NE_0001";"NE_0001";"NE_0001";"NE_0001";"NE_0001";"NE_0001";"NE_0001"
"2023";"11";"060305";"CAJAMARCA";"CELENDIN";"JORGE CHAVEZ";"GOBIERNO REGIONAL";"I-1";"00004487";"JORGE CHAVEZ";"NE_0001";"";"NE_0001";"NE_0001";"NE_0001";"NE_0001";"NE_0001";"NE_0001";"NE_0001"
"2023";"06";"030201";"APURIMAC";"ANDAHUAYLAS";"ANDAHUAYLAS";"PRIVADO";"II-E";"00014403";"CLINICA DEL NIÑO ANDAHUAYLAS";"NE_0001";"";"NE_0001";"NE_0001";"NE_0001";"NE_0001";"NE_0001";"NE_0001";"NE_0001"
"2023";"10";"250102";"UCAYALI";"CORONEL PORTILLO";"CAMPOVERDE";"GOBIERNO REGIONAL";"I-1";"00025879";"PUESTO DE SALUD AMAKELLA";"NE_0001";"";"NE_0001";"NE_0001";"NE_0001";"NE_0001";"NE_0001";"NE_0001";"NE_0001"
"2023";"10";"250102";"UCAYALI";"CORONEL PORTILLO";"CAMPOVERDE";"GOBIERNO REGIONAL";"I-1";"00021550";"ALTO 9 DE FEBRERO";"NE_0001";"";"NE_0001";"NE_0001";"NE_0001";"NE_0001";"NE_0001";"NE_0001";"NE_0001"
"2023";"10";"250102";"UCAYALI";"CORONEL PORTILLO";"CAMPOVERDE";"GOBIERNO REGIONAL";"I-1";"00012260";"TIERRA BUENA";"NE_0001";"";"NE_0001";"NE_0001";"NE_0001";"NE_0001";"NE_0001";"NE_0001";"NE_0001"
"2023";"10";"250102";"UCAYALI";"CORONEL PORTILLO";"CAMPOVERDE";"GOBIERNO REGIONAL";"I-1";"00011909";"NUEVA TUNUYA";"NE_0001";"";"NE_0001";"NE_0001";"NE_0001";"NE_0001";"NE_0001";"NE_0001";"NE_0001"
"2023";"10";"250102";"UCAYALI";"CORONEL PORTILLO";"CAMPOVERDE";"GOBIERNO REGIONAL";"I-1";"00005440";"LOS PINOS";"NE_0001";"";"NE_0001";"NE_0001";"NE_0001";"NE_0001";"NE_0001";"NE_0001";"NE_0001"
"2023";"10";"250102";"UCAYALI";"CORONEL PORTILLO";"CAMPOVERDE";"GOBIERNO REGIONAL";"I-1";"00005439";"SAN PEDRO KM 47";"NE_0001";"";"NE_0001";"NE_0001";"NE_0001";"NE_0001";"NE_0001";"NE_0001";"NE_0001"
"2023";"10";"250102";"UCAYALI";"CORONEL PORTILLO";"CAMPOVERDE";"GOBIERNO REGIONAL";"I-1";"00005433";"P.S  LAS MERCEDES KM. 42";"NE_0001";"";"NE_0001";"NE_0001";"NE_0001";"NE_0001";"NE_0001";"NE_0001";"NE_0001"
"2023";"10";"250102";"UCAYALI";"CORONEL PORTILLO";"CAMPOVERDE";"GOBIERNO REGIONAL";"I-2";"00005432";"PIMENTAL";"NE_0001";"";"NE_0001";"NE_0001";"NE_0001";"NE_0001";"NE_0001";"NE_0001";"NE_0001"
"2023";"10";"250102";"UCAYALI";"CORONEL PORTILLO";"CAMPOVERDE";"GOBIERNO REGIONAL";"I-1";"00005431";"SANTA ROSA KM. 50 CFB";"NE_0001";"";"NE_0001";"NE_0001";"NE_0001";"NE_0001";"NE_0001";"NE_0001";"NE_0001"
"2023";"10";"250102";"UCAYALI";"CORONEL PORTILLO";"CAMPOVERDE";"GOBIERNO REGIONAL";"I-1";"00005429";"AGUA BLANCA";"NE_0001";"";"NE_0001";"NE_0001";"NE_0001";"NE_0001";"NE_0001";"NE_0001";"NE_0001"
"2023";"10";"250102";"UCAYALI";"CORONEL PORTILLO";"CAMPOVERDE";"GOBIERNO REGIONAL";"I-1";"00005428";"SAN MARTIN DE MOJARAL";"NE_0001";"";"NE_0001";"NE_0001";"NE_0001";"NE_0001";"NE_0001";"NE_0001";"NE_0001"
"2023";"07";"150128";"LIMA";"LIMA";"RIMAC";"ESSALUD";"I-3";"00008881";"FRANCISCO PIZARRO";"NE_0001";"";"NE_0001";"NE_0001";"NE_0001";"NE_0001";"NE_0001";"NE_0001";"NE_0001"
"2023";"12";"211201";"PUNO";"SANDIA";"SANDIA";"MINSA";"II-1";"00003335";"HOSPITAL SANDIA";"240100";"HOSPITALIZACIÓN QUIRÚRGICA CIRUGÍA GENERAL ";"2";"2";"4";"4";"3";"93";"0"
"2023";"12";"211201";"PUNO";"SANDIA";"SANDIA";"MINSA";"II-1";"00003335";"HOSPITAL SANDIA";"241400";"HOSPITALIZACIÓN QUIRÚRGICA GINECO - OBSTETRICIA ";"12";"13";"32";"32";"3";"93";"0"
"2023";"12";"211201";"PUNO";"SANDIA";"SANDIA";"MINSA";"II-1";"00003335";"HOSPITAL SANDIA";"241600";"HOSPITALIZACIÓN QUIRÚRGICA OBSTETRICIA   ";"5";"6";"13";"13";"4";"124";"0"
"2023";"12";"211201";"PUNO";"SANDIA";"SANDIA";"MINSA";"II-1";"00003335";"HOSPITAL SANDIA";"241800";"HOSPITALIZACIÓN DE MEDICINA MEDICINA GENERAL ";"27";"27";"63";"63";"6";"186";"0"
"2023";"12";"211201";"PUNO";"SANDIA";"SANDIA";"MINSA";"II-1";"00003335";"HOSPITAL SANDIA";"242500";"HOSPITALIZACIÓN-PEDIATRÍA GENERAL-";"3";"4";"12";"12";"4";"124";"0"
"2023";"12";"211201";"PUNO";"SANDIA";"SANDIA";"MINSA";"II-1";"00003335";"HOSPITAL SANDIA";"243200";"HOSPITALIZACIÓN DE PEDIATRÍA PEDIATRIA NEONATOLOGÍA";"1";"1";"7";"7";"2";"62";"0"
"2023";"12";"120101";"JUNIN";"HUANCAYO";"HUANCAYO";"GOBIERNO REGIONAL";"III-E";"00006615";"HOSPITAL REGIONAL DOCENTE MATERNO INFANTIL EL CARMEN";"241600";"HOSPITALIZACIÓN QUIRÚRGICA OBSTETRICIA   ";"481";"504";"1641";"1570";"63";"1953";"0"
"2023";"12";"120101";"JUNIN";"HUANCAYO";"HUANCAYO";"GOBIERNO REGIONAL";"III-E";"00006615";"HOSPITAL REGIONAL DOCENTE MATERNO INFANTIL EL CARMEN";"250201";"UNIDAD DE CUIDADOS CRITICOS UNIDAD DE CUIDADOS INTERMEDIOS  (UCIN) NEONATAL";"83";"109";"891";"1170";"42";"1302";"1"
"2023";"12";"120101";"JUNIN";"HUANCAYO";"HUANCAYO";"GOBIERNO REGIONAL";"III-E";"00006615";"HOSPITAL REGIONAL DOCENTE MATERNO INFANTIL EL CARMEN";"240700";"HOSPITALIZACIÓN QUIRÚRGICA CIRUGÍA PEDIÁTRICA ";"71";"82";"361";"368";"15";"465";"0"
"2023";"12";"120101";"JUNIN";"HUANCAYO";"HUANCAYO";"GOBIERNO REGIONAL";"III-E";"00006615";"HOSPITAL REGIONAL DOCENTE MATERNO INFANTIL EL CARMEN";"242300";"HOSPITALIZACIÓN DE PEDIATRÍA  PEDIATRÍA  GENERAL ";"84";"84";"455";"420";"21";"651";"0"
"2023";"12";"120101";"JUNIN";"HUANCAYO";"HUANCAYO";"GOBIERNO REGIONAL";"III-E";"00006615";"HOSPITAL REGIONAL DOCENTE MATERNO INFANTIL EL CARMEN";"241500";"HOSPITALIZACIÓN QUIRÚRGICA GINECOLOGÍA  ";"43";"52";"212";"204";"10";"310";"0"
"2023";"12";"120101";"JUNIN";"HUANCAYO";"HUANCAYO";"GOBIERNO REGIONAL";"III-E";"00006615";"HOSPITAL REGIONAL DOCENTE MATERNO INFANTIL EL CARMEN";"250105";"UNIDAD DE CUIDADOS CRITICOS UNIDAD  DE CUIDADOS INTENSIVOS  (UCI) NEONATOLOGÍA";"26";"2";"16";"367";"12";"372";"1"
"2023";"12";"120101";"JUNIN";"HUANCAYO";"HUANCAYO";"GOBIERNO REGIONAL";"III-E";"00006615";"HOSPITAL REGIONAL DOCENTE MATERNO INFANTIL EL CARMEN";"250108";"UNIDAD DE CUIDADOS CRITICOS UNIDAD  DE CUIDADOS INTENSIVOS  (UCI) PEDIÁTRICA";"10";"3";"115";"111";"6";"186";"1"
"2023";"12";"120701";"JUNIN";"TARMA";"TARMA";"GOBIERNO REGIONAL";"I-1";"00000589";"VICORA CONGAS";"NE_0001";"";"NE_0001";"NE_0001";"NE_0001";"NE_0001";"NE_0001";"NE_0001";"NE_0001"
"2023";"12";"120701";"JUNIN";"TARMA";"TARMA";"GOBIERNO REGIONAL";"I-1";"00000584";"TARMATAMBO";"NE_0001";"";"NE_0001";"NE_0001";"NE_0001";"NE_0001";"NE_0001";"NE_0001";"NE_0001"
"2023";"12";"120701";"JUNIN";"TARMA";"TARMA";"GOBIERNO REGIONAL";"I-1";"00000593";"SANYACANCHA";"NE_0001";"";"NE_0001";"NE_0001";"NE_0001";"NE_0001";"NE_0001";"NE_0001";"NE_0001"
"2023";"12";"120701";"JUNIN";"TARMA";"TARMA";"GOBIERNO REGIONAL";"I-1";"00000590";"MISARURASHA";"NE_0001";"";"NE_0001";"NE_0001";"NE_0001";"NE_0001";"NE_0001";"NE_0001";"NE_0001"
"2023";"12";"110201";"ICA";"CHINCHA";"CHINCHA ALTA";"PRIVADO";"II-1";"00010559";"CLINICA DANIEL A. CARRION S.A.C.";"240100";"HOSPITALIZACIÓN QUIRÚRGICA CIRUGÍA GENERAL ";"10";"10";"13";"13";"4";"124";"0"
"2023";"12";"110201";"ICA";"CHINCHA";"CHINCHA ALTA";"PRIVADO";"II-1";"00010559";"CLINICA DANIEL A. CARRION S.A.C.";"241400";"HOSPITALIZACIÓN QUIRÚRGICA GINECO - OBSTETRICIA ";"26";"26";"35";"35";"4";"124";"0"
"2023";"12";"110201";"ICA";"CHINCHA";"CHINCHA ALTA";"PRIVADO";"II-1";"00010559";"CLINICA DANIEL A. CARRION S.A.C.";"241800";"HOSPITALIZACIÓN DE MEDICINA MEDICINA GENERAL ";"1";"1";"1";"1";"1";"31";"0"
"2023";"12";"200104";"PIURA";"PIURA";"CASTILLA";"ESSALUD";"III-1";"00015230";"HOSPITAL III JOSE CAYETANO HEREDIA";"241900";"HOSPITALIZACIÓN DE MEDICINA MEDICINA INTERNA ";"184";"189";"1708";"1626";"57";"1767";"14"
"2023";"12";"200104";"PIURA";"PIURA";"CASTILLA";"ESSALUD";"III-1";"00015230";"HOSPITAL III JOSE CAYETANO HEREDIA";"240100";"HOSPITALIZACIÓN QUIRÚRGICA CIRUGÍA GENERAL ";"288";"298";"2083";"1667";"57";"1767";"4"
"2023";"12";"200104";"PIURA";"PIURA";"CASTILLA";"ESSALUD";"III-1";"00015230";"HOSPITAL III JOSE CAYETANO HEREDIA";"241500";"HOSPITALIZACIÓN QUIRÚRGICA GINECOLOGÍA  ";"53";"65";"315";"235";"8";"248";"0"
"2023";"12";"200104";"PIURA";"PIURA";"CASTILLA";"ESSALUD";"III-1";"00015230";"HOSPITAL III JOSE CAYETANO HEREDIA";"241600";"HOSPITALIZACIÓN QUIRÚRGICA OBSTETRICIA   ";"144";"158";"852";"684";"23";"713";"0"
"2023";"12";"200104";"PIURA";"PIURA";"CASTILLA";"ESSALUD";"III-1";"00015230";"HOSPITAL III JOSE CAYETANO HEREDIA";"242300";"HOSPITALIZACIÓN DE PEDIATRÍA  PEDIATRÍA  GENERAL ";"82";"96";"710";"516";"17";"527";"1"
"2023";"12";"200104";"PIURA";"PIURA";"CASTILLA";"ESSALUD";"III-1";"00015230";"HOSPITAL III JOSE CAYETANO HEREDIA";"250100";"UNIDAD DE CUIDADOS CRITICOS UNIDAD  DE CUIDADOS INTENSIVOS GENERALES (UCI) ";"24";"36";"832";"785";"26";"806";"7"
"2023";"12";"200104";"PIURA";"PIURA";"CASTILLA";"ESSALUD";"III-1";"00015230";"HOSPITAL III JOSE CAYETANO HEREDIA";"250200";"UNIDAD DE CUIDADOS CRITICOS UNIDAD DE CUIDADOS INTERMEDIOS GENERAL  (UCIN) ";"23";"47";"876";"521";"18";"558";"0"
"2023";"12";"120701";"JUNIN";"TARMA";"TARMA";"GOBIERNO REGIONAL";"I-1";"00000585";"COCHAS";"NE_0001";"";"NE_0001";"NE_0001";"NE_0001";"NE_0001";"NE_0001";"NE_0001";"NE_0001"
"2023";"12";"120701";"JUNIN";"TARMA";"TARMA";"GOBIERNO REGIONAL";"I-1";"00000592";"PALCAPACCHA";"NE_0001";"";"NE_0001";"NE_0001";"NE_0001";"NE_0001";"NE_0001";"NE_0001";"NE_0001"
"2023";"12";"120701";"JUNIN";"TARMA";"TARMA";"GOBIERNO REGIONAL";"I-2";"00000587";"POMACHACA";"NE_0001";"";"NE_0001";"NE_0001";"NE_0001";"NE_0001";"NE_0001";"NE_0001";"NE_0001"
"2023";"12";"020611";"ANCASH";"CARHUAZ";"YUNGAR";"GOBIERNO REGIONAL";"I-1";"00001531";"PUESTO DE SALUD SANTA ROSA";"NE_0001";"";"NE_0001";"NE_0001";"NE_0001";"NE_0001";"NE_0001";"NE_0001";"NE_0001"
"2023";"12";"020106";"ANCASH";"HUARAZ";"JANGAS";"GOBIERNO REGIONAL";"I-1";"00001533";"MATAQUITA";"NE_0001";"";"NE_0001";"NE_0001";"NE_0001";"NE_0001";"NE_0001";"NE_0001";"NE_0001"
"2023";"12";"020105";"ANCASH";"HUARAZ";"INDEPENDENCIA";"GOBIERNO REGIONAL";"I-2";"00001558";"PUESTO DE SALUD HUANCHAC";"NE_0001";"";"NE_0001";"NE_0001";"NE_0001";"NE_0001";"NE_0001";"NE_0001";"NE_0001"
"2023";"12";"020105";"ANCASH";"HUARAZ";"INDEPENDENCIA";"GOBIERNO REGIONAL";"I-1";"00001560";"PUESTO DE SALUD UNCHUS";"NE_0001";"";"NE_0001";"NE_0001";"NE_0001";"NE_0001";"NE_0001";"NE_0001";"NE_0001"
"2023";"12";"020105";"ANCASH";"HUARAZ";"INDEPENDENCIA";"GOBIERNO REGIONAL";"I-4";"00001568";"CENTRO DE SALUD PALMIRA";"241600";"HOSPITALIZACIÓN QUIRÚRGICA OBSTETRICIA   ";"25";"25";"50";"2";"6";"48";"0"
"2023";"12";"020106";"ANCASH";"HUARAZ";"JANGAS";"GOBIERNO REGIONAL";"I-3";"00001582";"CENTRO DE SALUD JANGAS";"NE_0001";"";"NE_0001";"NE_0001";"NE_0001";"NE_0001";"NE_0001";"NE_0001";"NE_0001"
"2023";"12";"021406";"ANCASH";"OCROS";"CONGAS";"GOBIERNO REGIONAL";"I-1";"00001760";"PUESTO DE SALUD CONGAS";"NE_0001";"";"NE_0001";"NE_0001";"NE_0001";"NE_0001";"NE_0001";"NE_0001";"NE_0001"
"2023";"12";"020503";"ANCASH";"BOLOGNESI";"ANTONIO RAIMONDI";"GOBIERNO REGIONAL";"I-2";"00001485";"PUESTO DE SALUD RAQUIA";"NE_0001";"";"NE_0001";"NE_0001";"NE_0001";"NE_0001";"NE_0001";"NE_0001";"NE_0001"
"2023";"12";"021705";"ANCASH";"RECUAY";"LLACLLIN";"GOBIERNO REGIONAL";"I-1";"00001488";"PUESTO DE SALUD CHAUCAYAN";"NE_0001";"";"NE_0001";"NE_0001";"NE_0001";"NE_0001";"NE_0001";"NE_0001";"NE_0001"
"2023";"12";"020511";"ANCASH";"BOLOGNESI";"LA PRIMAVERA";"GOBIERNO REGIONAL";"I-1";"00001503";"PUESTO DE SALUD GORGORILLO";"NE_0001";"";"NE_0001";"NE_0001";"NE_0001";"NE_0001";"NE_0001";"NE_0001";"NE_0001"
"2023";"12";"020512";"ANCASH";"BOLOGNESI";"MANGAS";"GOBIERNO REGIONAL";"I-1";"00001504";"PUESTO DE SALUD MANGAS";"NE_0001";"";"NE_0001";"NE_0001";"NE_0001";"NE_0001";"NE_0001";"NE_0001";"NE_0001"
"2023";"12";"020515";"ANCASH";"BOLOGNESI";"TICLLOS";"GOBIERNO REGIONAL";"I-1";"00001506";"PUESTO DE SALUD TICLLOS";"NE_0001";"";"NE_0001";"NE_0001";"NE_0001";"NE_0001";"NE_0001";"NE_0001";"NE_0001"
"2023";"12";"010201";"AMAZONAS";"BAGUA";"BAGUA";"SANIDAD DE LA POLICIA NACIONAL DEL PERU";"I-2";"00012954";"POSTA MEDICA  POLICIAL  BAGUA";"NE_0001";"";"NE_0001";"NE_0001";"NE_0001";"NE_0001";"NE_0001";"NE_0001";"NE_0001"
"2023";"12";"120423";"JUNIN";"JAUJA";"PACCHA";"GOBIERNO REGIONAL";"I-1";"00000371";"PACCHA MIRAFLORES";"NE_0002";"";"NE_0002";"NE_0002";"NE_0002";"NE_0002";"NE_0002";"NE_0002";"NE_0002"
"2023";"12";"120423";"JUNIN";"JAUJA";"PACCHA";"GOBIERNO REGIONAL";"I-1";"00000370";"CANCHAPUNCO";"NE_0002";"";"NE_0002";"NE_0002";"NE_0002";"NE_0002";"NE_0002";"NE_0002";"NE_0002"
"2023";"12";"120434";"JUNIN";"JAUJA";"YAUYOS";"GOBIERNO REGIONAL";"I-1";"00000378";"HUANCAS";"NE_0002";"";"NE_0002";"NE_0002";"NE_0002";"NE_0002";"NE_0002";"NE_0002";"NE_0002"
"2023";"12";"090701";"HUANCAVELICA";"TAYACAJA";"PAMPAS";"GOBIERNO REGIONAL";"II-1";"00004074";"HOSPITAL DE PAMPAS";"241800";"HOSPITALIZACIÓN DE MEDICINA MEDICINA GENERAL ";"18";"20";"125";"103";"6";"55";"0"
"2023";"12";"090701";"HUANCAVELICA";"TAYACAJA";"PAMPAS";"GOBIERNO REGIONAL";"II-1";"00004074";"HOSPITAL DE PAMPAS";"240100";"HOSPITALIZACIÓN QUIRÚRGICA CIRUGÍA GENERAL ";"31";"27";"106";"137";"6";"186";"0"
"2023";"12";"090701";"HUANCAVELICA";"TAYACAJA";"PAMPAS";"GOBIERNO REGIONAL";"II-1";"00004074";"HOSPITAL DE PAMPAS";"241400";"HOSPITALIZACIÓN QUIRÚRGICA GINECO - OBSTETRICIA ";"76";"72";"264";"185";"10";"310";"0"
"2023";"12";"090701";"HUANCAVELICA";"TAYACAJA";"PAMPAS";"GOBIERNO REGIONAL";"II-1";"00004074";"HOSPITAL DE PAMPAS";"242500";"HOSPITALIZACIÓN-PEDIATRÍA GENERAL-";"11";"12";"47";"42";"6";"186";"0"
"2023";"12";"090701";"HUANCAVELICA";"TAYACAJA";"PAMPAS";"GOBIERNO REGIONAL";"II-1";"00004074";"HOSPITAL DE PAMPAS";"243200";"HOSPITALIZACIÓN DE PEDIATRÍA PEDIATRIA NEONATOLOGÍA";"6";"6";"30";"28";"5";"155";"0"
"2023";"12";"090701";"HUANCAVELICA";"TAYACAJA";"PAMPAS";"GOBIERNO REGIONAL";"II-1";"00004074";"HOSPITAL DE PAMPAS";"243200";"HOSPITALIZACIÓN DE PEDIATRÍA PEDIATRIA NEONATOLOGÍA";"2";"2";"2";"3";"1";"31";"0"
"2023";"12";"090103";"HUANCAVELICA";"HUANCAVELICA";"ACORIA";"GOBIERNO REGIONAL";"I-1";"00003878";"PUCACCOCHA";"NE_0001";"";"NE_0001";"NE_0001";"NE_0001";"NE_0001";"NE_0001";"NE_0001";"NE_0001"
"2023";"12";"090103";"HUANCAVELICA";"HUANCAVELICA";"ACORIA";"GOBIERNO REGIONAL";"I-1";"00003874";"ACHAPATA";"NE_0001";"";"NE_0001";"NE_0001";"NE_0001";"NE_0001";"NE_0001";"NE_0001";"NE_0001"
"2023";"12";"090103";"HUANCAVELICA";"HUANCAVELICA";"ACORIA";"GOBIERNO REGIONAL";"I-1";"00003877";"CCACCASIRI";"NE_0001";"";"NE_0001";"NE_0001";"NE_0001";"NE_0001";"NE_0001";"NE_0001";"NE_0001"
"2023";"12";"090103";"HUANCAVELICA";"HUANCAVELICA";"ACORIA";"GOBIERNO REGIONAL";"I-1";"00011209";"LAIMINA";"NE_0001";"";"NE_0001";"NE_0001";"NE_0001";"NE_0001";"NE_0001";"NE_0001";"NE_0001"
"2023";"12";"250106";"UCAYALI";"CORONEL PORTILLO";"NUEVA REQUENA";"GOBIERNO REGIONAL";"I-1";"00005449";"SHAMBO PORVENIR";"NE_0001";"";"NE_0001";"NE_0001";"NE_0001";"NE_0001";"NE_0001";"NE_0001";"NE_0001"
"2023";"12";"250106";"UCAYALI";"CORONEL PORTILLO";"NUEVA REQUENA";"GOBIERNO REGIONAL";"I-1";"00005450";"NARANJAL";"NE_0001";"";"NE_0001";"NE_0001";"NE_0001";"NE_0001";"NE_0001";"NE_0001";"NE_0001"
"2023";"12";"250106";"UCAYALI";"CORONEL PORTILLO";"NUEVA REQUENA";"GOBIERNO REGIONAL";"I-3";"00005443";"NUEVA REQUENA";"NE_0001";"";"NE_0001";"NE_0001";"NE_0001";"NE_0001";"NE_0001";"NE_0001";"NE_0001"
"2023";"12";"250106";"UCAYALI";"CORONEL PORTILLO";"NUEVA REQUENA";"GOBIERNO REGIONAL";"I-1";"00005448";"MIRAFLORES";"NE_0001";"";"NE_0001";"NE_0001";"NE_0001";"NE_0001";"NE_0001";"NE_0001";"NE_0001"
"2023";"12";"250106";"UCAYALI";"CORONEL PORTILLO";"NUEVA REQUENA";"GOBIERNO REGIONAL";"I-1";"00013174";"SAN PABLO DE JUANTIA";"NE_0001";"";"NE_0001";"NE_0001";"NE_0001";"NE_0001";"NE_0001";"NE_0001";"NE_0001"
"2023";"12";"250106";"UCAYALI";"CORONEL PORTILLO";"NUEVA REQUENA";"GOBIERNO REGIONAL";"I-1";"00005445";"JUVENTUD";"NE_0001";"";"NE_0001";"NE_0001";"NE_0001";"NE_0001";"NE_0001";"NE_0001";"NE_0001"
"2023";"12";"250106";"UCAYALI";"CORONEL PORTILLO";"NUEVA REQUENA";"GOBIERNO REGIONAL";"I-1";"00005446";"NUEVO PIURA";"NE_0001";"";"NE_0001";"NE_0001";"NE_0001";"NE_0001";"NE_0001";"NE_0001";"NE_0001"
"2023";"12";"250102";"UCAYALI";"CORONEL PORTILLO";"CAMPOVERDE";"GOBIERNO REGIONAL";"I-1";"00005444";"SARITA COLONIA";"NE_0001";"";"NE_0001";"NE_0001";"NE_0001";"NE_0001";"NE_0001";"NE_0001";"NE_0001"
"2023";"12";"250106";"UCAYALI";"CORONEL PORTILLO";"NUEVA REQUENA";"GOBIERNO REGIONAL";"I-1";"00005447";"ESPERANZA  DE AGUAYTIA";"NE_0001";"";"NE_0001";"NE_0001";"NE_0001";"NE_0001";"NE_0001";"NE_0001";"NE_0001"
"2023";"12";"140201";"LAMBAYEQUE";"FERREÑAFE";"FERREÑAFE";"GOBIERNO REGIONAL";"II-1";"00004440";"HOSPITAL PROVINCIA DE FERREÑAFE (HP_F)";"241600";"HOSPITALIZACIÓN QUIRÚRGICA OBSTETRICIA   ";"36";"36";"46";"73";"11";"341";"0"
"2023";"12";"140201";"LAMBAYEQUE";"FERREÑAFE";"FERREÑAFE";"GOBIERNO REGIONAL";"II-1";"00004440";"HOSPITAL PROVINCIA DE FERREÑAFE (HP_F)";"240000";"HOSPITALIZACIÓN";"63";"69";"185";"160";"17";"527";"0"
"2023";"12";"080501";"CUSCO";"CANAS";"YANAOCA";"GOBIERNO REGIONAL";"I-2";"00018241";"HAMPATURA";"NE_0001";"";"NE_0001";"NE_0001";"NE_0001";"NE_0001";"NE_0001";"NE_0001";"NE_0001"
"2023";"12";"080508";"CUSCO";"CANAS";"TUPAC AMARU";"GOBIERNO REGIONAL";"I-1";"00002375";"SURIMANA";"NE_0001";"";"NE_0001";"NE_0001";"NE_0001";"NE_0001";"NE_0001";"NE_0001";"NE_0001"
"2023";"12";"080507";"CUSCO";"CANAS";"QUEHUE";"GOBIERNO REGIONAL";"I-2";"00002373";"QUEHUE";"NE_0001";"";"NE_0001";"NE_0001";"NE_0001";"NE_0001";"NE_0001";"NE_0001";"NE_0001"
"2023";"12";"080501";"CUSCO";"CANAS";"YANAOCA";"GOBIERNO REGIONAL";"I-4";"00002364";"YANAOCA";"NE_0001";"";"NE_0001";"NE_0001";"NE_0001";"NE_0001";"NE_0001";"NE_0001";"NE_0001"
"2023";"12";"080508";"CUSCO";"CANAS";"TUPAC AMARU";"GOBIERNO REGIONAL";"I-2";"00002376";"TUNGASUCA";"NE_0001";"";"NE_0001";"NE_0001";"NE_0001";"NE_0001";"NE_0001";"NE_0001";"NE_0001"
"2023";"12";"080501";"CUSCO";"CANAS";"YANAOCA";"GOBIERNO REGIONAL";"I-2";"00002365";"PONGOÑA";"NE_0001";"";"NE_0001";"NE_0001";"NE_0001";"NE_0001";"NE_0001";"NE_0001";"NE_0001"
"2023";"12";"080507";"CUSCO";"CANAS";"QUEHUE";"GOBIERNO REGIONAL";"I-2";"00002374";"HUINCHIRI";"NE_0001";"";"NE_0001";"NE_0001";"NE_0001";"NE_0001";"NE_0001";"NE_0001";"NE_0001"
"2023";"12";"080508";"CUSCO";"CANAS";"TUPAC AMARU";"GOBIERNO REGIONAL";"I-1";"00002377";"TOCCOCCORI";"NE_0001";"";"NE_0001";"NE_0001";"NE_0001";"NE_0001";"NE_0001";"NE_0001";"NE_0001"
"2023";"12";"060101";"CAJAMARCA";"CAJAMARCA";"CAJAMARCA";"PRIVADO";"0";"00029780";"LABORATORIO EL INGENIO";"NE_0001";"";"NE_0001";"NE_0001";"NE_0001";"NE_0001";"NE_0001";"NE_0001";"NE_0001"
"2023";"12";"080503";"CUSCO";"CANAS";"KUNTURKANKI";"GOBIERNO REGIONAL";"I-4";"00007700";"EL DESCANSO";"NE_0001";"";"NE_0001";"NE_0001";"NE_0001";"NE_0001";"NE_0001";"NE_0001";"NE_0001"
"2023";"12";"080502";"CUSCO";"CANAS";"CHECCA";"GOBIERNO REGIONAL";"I-1";"00002367";"CHITIBAMBA";"NE_0001";"";"NE_0001";"NE_0001";"NE_0001";"NE_0001";"NE_0001";"NE_0001";"NE_0001"
"2023";"12";"080805";"CUSCO";"ESPINAR";"PALLPATA";"GOBIERNO REGIONAL";"I-3";"00002416";"PALLPATA";"NE_0001";"";"NE_0001";"NE_0001";"NE_0001";"NE_0001";"NE_0001";"NE_0001";"NE_0001"
"2023";"12";"080803";"CUSCO";"ESPINAR";"COPORAQUE";"GOBIERNO REGIONAL";"I-2";"00002412";"COPORAQUE";"NE_0001";"";"NE_0001";"NE_0001";"NE_0001";"NE_0001";"NE_0001";"NE_0001";"NE_0001"
"2023";"12";"080808";"CUSCO";"ESPINAR";"ALTO PICHIGUA";"GOBIERNO REGIONAL";"I-2";"00002420";"ACCOCUNCA";"NE_0001";"";"NE_0001";"NE_0001";"NE_0001";"NE_0001";"NE_0001";"NE_0001";"NE_0001"
"2023";"12";"080801";"CUSCO";"ESPINAR";"ESPINAR";"GOBIERNO REGIONAL";"I-1";"00006745";"TINTAYA MARQUIRI";"NE_0001";"";"NE_0001";"NE_0001";"NE_0001";"NE_0001";"NE_0001";"NE_0001";"NE_0001"
"2023";"12";"080801";"CUSCO";"ESPINAR";"ESPINAR";"GOBIERNO REGIONAL";"I-4";"00002410";"YAURI";"NE_0001";"";"NE_0001";"NE_0001";"NE_0001";"NE_0001";"NE_0001";"NE_0001";"NE_0001"
"2023";"12";"080806";"CUSCO";"ESPINAR";"PICHIGUA";"GOBIERNO REGIONAL";"I-1";"00002418";"SAN MIGUEL";"NE_0001";"";"NE_0001";"NE_0001";"NE_0001";"NE_0001";"NE_0001";"NE_0001";"NE_0001"
"2023";"12";"080804";"CUSCO";"ESPINAR";"OCORURO";"GOBIERNO REGIONAL";"I-2";"00002415";"OCCORURO";"NE_0001";"";"NE_0001";"NE_0001";"NE_0001";"NE_0001";"NE_0001";"NE_0001";"NE_0001"
"2023";"12";"080806";"CUSCO";"ESPINAR";"PICHIGUA";"GOBIERNO REGIONAL";"I-2";"00002417";"PICHIGUA ESPINAR";"NE_0001";"";"NE_0001";"NE_0001";"NE_0001";"NE_0001";"NE_0001";"NE_0001";"NE_0001"
"2023";"12";"080802";"CUSCO";"ESPINAR";"CONDOROMA";"GOBIERNO REGIONAL";"I-1";"00002411";"CONDOROMA";"NE_0001";"";"NE_0001";"NE_0001";"NE_0001";"NE_0001";"NE_0001";"NE_0001";"NE_0001"
"2023";"12";"080807";"CUSCO";"ESPINAR";"SUYCKUTAMBO";"GOBIERNO REGIONAL";"I-2";"00002419";"SUYKUTAMBO";"NE_0001";"";"NE_0001";"NE_0001";"NE_0001";"NE_0001";"NE_0001";"NE_0001";"NE_0001"
"2023";"12";"080803";"CUSCO";"ESPINAR";"COPORAQUE";"GOBIERNO REGIONAL";"I-2";"00002413";"URINSAYA";"NE_0001";"";"NE_0001";"NE_0001";"NE_0001";"NE_0001";"NE_0001";"NE_0001";"NE_0001"
"2023";"12";"080803";"CUSCO";"ESPINAR";"COPORAQUE";"GOBIERNO REGIONAL";"I-2";"00002414";"HUAYHUAHUASI";"NE_0001";"";"NE_0001";"NE_0001";"NE_0001";"NE_0001";"NE_0001";"NE_0001";"NE_0001"
"2023";"12";"200110";"PIURA";"PIURA";"LA UNION";"ESSALUD";"I-3";"00011733";"CENTRO MEDICO ""LEONCIO AMAYA TUME""";"NE_0001";"";"NE_0001";"NE_0001";"NE_0001";"NE_0001";"NE_0001";"NE_0001";"NE_0001"
"2023";"12";"050206";"AYACUCHO";"CANGALLO";"TOTOS";"GOBIERNO REGIONAL";"I-1";"00003625";"QUIÑASI";"NE_0001";"";"NE_0001";"NE_0001";"NE_0001";"NE_0001";"NE_0001";"NE_0001";"NE_0001"
"2023";"12";"051012";"AYACUCHO";"VICTOR FAJARDO";"VILCANCHOS";"GOBIERNO REGIONAL";"I-1";"00003627";"COCAS";"NE_0001";"";"NE_0001";"NE_0001";"NE_0001";"NE_0001";"NE_0001";"NE_0001";"NE_0001"
"2023";"12";"050206";"AYACUCHO";"CANGALLO";"TOTOS";"GOBIERNO REGIONAL";"I-1";"00003622";"CHUYMAY";"NE_0001";"";"NE_0001";"NE_0001";"NE_0001";"NE_0001";"NE_0001";"NE_0001";"NE_0001"
"2023";"12";"050206";"AYACUCHO";"CANGALLO";"TOTOS";"GOBIERNO REGIONAL";"I-3";"00003623";"CENTRO DE SALUD TOTOS";"NE_0002";"";"NE_0002";"NE_0002";"NE_0002";"NE_0002";"NE_0002";"NE_0002";"NE_0002"
"2023";"12";"051012";"AYACUCHO";"VICTOR FAJARDO";"VILCANCHOS";"GOBIERNO REGIONAL";"I-2";"00003628";"PUESTO DE SALUD VILCANCHOS";"NE_0001";"";"NE_0001";"NE_0001";"NE_0001";"NE_0001";"NE_0001";"NE_0001";"NE_0001"
"2023";"12";"150133";"LIMA";"LIMA";"SAN JUAN DE MIRAFLORES";"ESSALUD";"I-3";"00013012";"CENTRO DE ATENCIÓN PRIMARIA III SAN JUAN DE MIRAFLORES";"NE_0001";"";"NE_0001";"NE_0001";"NE_0001";"NE_0001";"NE_0001";"NE_0001";"NE_0001"
"2023";"03";"220901";"SAN MARTIN";"SAN MARTIN";"TARAPOTO";"PRIVADO";"II-E";"00026411";"CLINICA VIRGEN DE LAS MERCEDES";"240100";"HOSPITALIZACIÓN QUIRÚRGICA CIRUGÍA GENERAL ";"101";"104";"348";"198";"20";"600";"0"
"2023";"12";"130702";"LA LIBERTAD";"PACASMAYO";"GUADALUPE";"GOBIERNO REGIONAL";"II-1";"00005292";"HOSPITAL DE APOYO TOMAS LAFORA";"241800";"HOSPITALIZACIÓN DE MEDICINA MEDICINA GENERAL ";"24";"23";"154";"158";"14";"434";"2"
"2023";"12";"130702";"LA LIBERTAD";"PACASMAYO";"GUADALUPE";"GOBIERNO REGIONAL";"II-1";"00005292";"HOSPITAL DE APOYO TOMAS LAFORA";"240100";"HOSPITALIZACIÓN QUIRÚRGICA CIRUGÍA GENERAL ";"24";"22";"70";"74";"12";"372";"0"
"2023";"12";"130702";"LA LIBERTAD";"PACASMAYO";"GUADALUPE";"GOBIERNO REGIONAL";"II-1";"00005292";"HOSPITAL DE APOYO TOMAS LAFORA";"242300";"HOSPITALIZACIÓN DE PEDIATRÍA  PEDIATRÍA  GENERAL ";"3";"3";"20";"22";"4";"124";"0"
"2023";"12";"130702";"LA LIBERTAD";"PACASMAYO";"GUADALUPE";"GOBIERNO REGIONAL";"II-1";"00005292";"HOSPITAL DE APOYO TOMAS LAFORA";"243200";"HOSPITALIZACIÓN DE PEDIATRÍA PEDIATRIA NEONATOLOGÍA";"7";"6";"11";"13";"4";"124";"0"
"2023";"12";"130702";"LA LIBERTAD";"PACASMAYO";"GUADALUPE";"GOBIERNO REGIONAL";"II-1";"00005292";"HOSPITAL DE APOYO TOMAS LAFORA";"241600";"HOSPITALIZACIÓN QUIRÚRGICA OBSTETRICIA   ";"87";"89";"174";"163";"14";"434";"0"
"2023";"12";"130702";"LA LIBERTAD";"PACASMAYO";"GUADALUPE";"GOBIERNO REGIONAL";"II-1";"00005292";"HOSPITAL DE APOYO TOMAS LAFORA";"241500";"HOSPITALIZACIÓN QUIRÚRGICA GINECOLOGÍA  ";"27";"29";"39";"37";"3";"93";"0"
"2023";"12";"050401";"AYACUCHO";"HUANTA";"HUANTA";"GOBIERNO REGIONAL";"II-1";"00003655";"HOSPITAL DE APOYO DE HUANTA ""DANIEL ALCIDES CARRIÓN""";"241800";"HOSPITALIZACIÓN DE MEDICINA MEDICINA GENERAL ";"28";"29";"177";"185";"18";"367";"4"
"2023";"12";"050401";"AYACUCHO";"HUANTA";"HUANTA";"GOBIERNO REGIONAL";"II-1";"00003655";"HOSPITAL DE APOYO DE HUANTA ""DANIEL ALCIDES CARRIÓN""";"240100";"HOSPITALIZACIÓN QUIRÚRGICA CIRUGÍA GENERAL ";"46";"41";"180";"198";"14";"362";"0"
"2023";"12";"050401";"AYACUCHO";"HUANTA";"HUANTA";"GOBIERNO REGIONAL";"II-1";"00003655";"HOSPITAL DE APOYO DE HUANTA ""DANIEL ALCIDES CARRIÓN""";"242500";"HOSPITALIZACIÓN-PEDIATRÍA GENERAL-";"17";"16";"49";"55";"10";"300";"0"
"2023";"12";"050401";"AYACUCHO";"HUANTA";"HUANTA";"GOBIERNO REGIONAL";"II-1";"00003655";"HOSPITAL DE APOYO DE HUANTA ""DANIEL ALCIDES CARRIÓN""";"241500";"HOSPITALIZACIÓN QUIRÚRGICA GINECOLOGÍA  ";"21";"30";"53";"57";"6";"243";"0"
"2023";"04";"220901";"SAN MARTIN";"SAN MARTIN";"TARAPOTO";"PRIVADO";"II-E";"00026411";"CLINICA VIRGEN DE LAS MERCEDES";"240100";"HOSPITALIZACIÓN QUIRÚRGICA CIRUGÍA GENERAL ";"72";"78";"250";"172";"20";"563";"0"
"2023";"04";"220901";"SAN MARTIN";"SAN MARTIN";"TARAPOTO";"PRIVADO";"II-E";"00026411";"CLINICA VIRGEN DE LAS MERCEDES";"241800";"HOSPITALIZACIÓN DE MEDICINA MEDICINA GENERAL ";"23";"16";"52";"66";"20";"420";"0"
"2023";"05";"220901";"SAN MARTIN";"SAN MARTIN";"TARAPOTO";"PRIVADO";"II-E";"00026411";"CLINICA VIRGEN DE LAS MERCEDES";"240100";"HOSPITALIZACIÓN QUIRÚRGICA CIRUGÍA GENERAL ";"78";"74";"256";"200";"20";"620";"0"
"2023";"05";"220901";"SAN MARTIN";"SAN MARTIN";"TARAPOTO";"PRIVADO";"II-E";"00026411";"CLINICA VIRGEN DE LAS MERCEDES";"241800";"HOSPITALIZACIÓN DE MEDICINA MEDICINA GENERAL ";"2";"2";"7";"23";"20";"60";"0"
"2023";"05";"220901";"SAN MARTIN";"SAN MARTIN";"TARAPOTO";"PRIVADO";"II-E";"00026411";"CLINICA VIRGEN DE LAS MERCEDES";"241900";"HOSPITALIZACIÓN DE MEDICINA MEDICINA INTERNA ";"0";"2";"6";"7";"20";"30";"0"
"2023";"12";"081207";"CUSCO";"QUISPICANCHI";"HUARO";"GOBIERNO REGIONAL";"I-2";"00030708";"MENTAL COMUNITARIO HUARO";"NE_0001";"";"NE_0001";"NE_0001";"NE_0001";"NE_0001";"NE_0001";"NE_0001";"NE_0001"
"2023";"11";"081207";"CUSCO";"QUISPICANCHI";"HUARO";"GOBIERNO REGIONAL";"I-2";"00030708";"MENTAL COMUNITARIO HUARO";"NE_0001";"";"NE_0001";"NE_0001";"NE_0001";"NE_0001";"NE_0001";"NE_0001";"NE_0001"
"2023";"12";"080910";"CUSCO";"LA CONVENCION";"PICHARI";"GOBIERNO REGIONAL";"I-1";"00015104";"TAMBO DEL ENE";"NE_0001";"";"NE_0001";"NE_0001";"NE_0001";"NE_0001";"NE_0001";"NE_0001";"NE_0001"
"2023";"12";"080910";"CUSCO";"LA CONVENCION";"PICHARI";"GOBIERNO REGIONAL";"I-3";"00002495";"MANTARO";"NE_0001";"";"NE_0001";"NE_0001";"NE_0001";"NE_0001";"NE_0001";"NE_0001";"NE_0001"
"2023";"12";"080910";"CUSCO";"LA CONVENCION";"PICHARI";"GOBIERNO REGIONAL";"I-1";"00015169";"PITIRINQUINI";"NE_0001";"";"NE_0001";"NE_0001";"NE_0001";"NE_0001";"NE_0001";"NE_0001";"NE_0001"
"2023";"12";"160108";"LORETO";"MAYNAS";"PUNCHANA";"GOBIERNO REGIONAL";"III-1";"00000003";"HOSPITAL REGIONAL DE LORETO ""FELIPE SANTIAGO ARRIOLA IGLESIAS""";"240100";"HOSPITALIZACIÓN QUIRÚRGICA CIRUGÍA GENERAL ";"78";"76";"686";"365";"24";"744";"1"
"2023";"12";"160108";"LORETO";"MAYNAS";"PUNCHANA";"GOBIERNO REGIONAL";"III-1";"00000003";"HOSPITAL REGIONAL DE LORETO ""FELIPE SANTIAGO ARRIOLA IGLESIAS""";"241500";"HOSPITALIZACIÓN QUIRÚRGICA GINECOLOGÍA  ";"28";"20";"97";"172";"15";"465";"0"
"2023";"12";"160108";"LORETO";"MAYNAS";"PUNCHANA";"GOBIERNO REGIONAL";"III-1";"00000003";"HOSPITAL REGIONAL DE LORETO ""FELIPE SANTIAGO ARRIOLA IGLESIAS""";"241900";"HOSPITALIZACIÓN DE MEDICINA MEDICINA INTERNA ";"59";"74";"660";"796";"50";"1550";"9"
"2023";"12";"160108";"LORETO";"MAYNAS";"PUNCHANA";"GOBIERNO REGIONAL";"III-1";"00000003";"HOSPITAL REGIONAL DE LORETO ""FELIPE SANTIAGO ARRIOLA IGLESIAS""";"242000";"HOSPITALIZACIÓN DE MEDICINA MEDICINA TROPICAL E INFECCIOSAS ";"111";"108";"846";"900";"36";"1116";"22"
"2023";"12";"160108";"LORETO";"MAYNAS";"PUNCHANA";"GOBIERNO REGIONAL";"III-1";"00000003";"HOSPITAL REGIONAL DE LORETO ""FELIPE SANTIAGO ARRIOLA IGLESIAS""";"241400";"HOSPITALIZACIÓN QUIRÚRGICA GINECO - OBSTETRICIA ";"332";"331";"818";"814";"49";"1519";"0"
"2023";"12";"160108";"LORETO";"MAYNAS";"PUNCHANA";"GOBIERNO REGIONAL";"III-1";"00000003";"HOSPITAL REGIONAL DE LORETO ""FELIPE SANTIAGO ARRIOLA IGLESIAS""";"242300";"HOSPITALIZACIÓN DE PEDIATRÍA  PEDIATRÍA  GENERAL ";"51";"47";"472";"378";"24";"744";"0"
"2023";"12";"160108";"LORETO";"MAYNAS";"PUNCHANA";"GOBIERNO REGIONAL";"III-1";"00000003";"HOSPITAL REGIONAL DE LORETO ""FELIPE SANTIAGO ARRIOLA IGLESIAS""";"250103";"UNIDAD DE CUIDADOS CRITICOS UNIDAD  DE CUIDADOS INTENSIVOS GENERALES  (UCI) MEDICINA";"21";"6";"20";"62";"7";"217";"6"
"2023";"12";"160108";"LORETO";"MAYNAS";"PUNCHANA";"GOBIERNO REGIONAL";"III-1";"00000003";"HOSPITAL REGIONAL DE LORETO ""FELIPE SANTIAGO ARRIOLA IGLESIAS""";"250108";"UNIDAD DE CUIDADOS CRITICOS UNIDAD  DE CUIDADOS INTENSIVOS  (UCI) PEDIÁTRICA";"9";"8";"92";"160";"6";"186";"6"
"2023";"09";"220805";"SAN MARTIN";"RIOJA";"PARDO MIGUEL";"GOBIERNO REGIONAL";"I-2";"00006304";"AGUAS CLARAS";"NE_0001";"";"NE_0001";"NE_0001";"NE_0001";"NE_0001";"NE_0001";"NE_0001";"NE_0001"
"2023";"09";"220805";"SAN MARTIN";"RIOJA";"PARDO MIGUEL";"GOBIERNO REGIONAL";"I-4";"00006303";"CENTRO DE NARANJOS";"241600";"HOSPITALIZACIÓN QUIRÚRGICA OBSTETRICIA   ";"17";"18";"18";"18";"6";"42";"0"
"2023";"09";"220805";"SAN MARTIN";"RIOJA";"PARDO MIGUEL";"GOBIERNO REGIONAL";"I-4";"00006303";"CENTRO DE NARANJOS";"241800";"HOSPITALIZACIÓN DE MEDICINA MEDICINA GENERAL ";"26";"26";"26";"26";"3";"64";"0"
"2023";"11";"060804";"CAJAMARCA";"JAEN";"COLASAY";"GOBIERNO REGIONAL";"I-1";"00004240";"CUYCA";"NE_0001";"";"NE_0001";"NE_0001";"NE_0001";"NE_0001";"NE_0001";"NE_0001";"NE_0001"
"2023";"11";"060808";"CAJAMARCA";"JAEN";"PUCARA";"GOBIERNO REGIONAL";"I-4";"00004249";"PUCARA";"241800";"HOSPITALIZACIÓN DE MEDICINA MEDICINA GENERAL ";"1";"1";"2";"1";"08";"238";"0"
"2023";"11";"060808";"CAJAMARCA";"JAEN";"PUCARA";"GOBIERNO REGIONAL";"I-4";"00004249";"PUCARA";"241600";"HOSPITALIZACIÓN QUIRÚRGICA OBSTETRICIA   ";"14";"14";"19";"14";"04";"56";"0"
"2023";"11";"070102";"CALLAO";"CALLAO";"BELLAVISTA";"GOBIERNO REGIONAL";"III-1";"00006218";"NAC. DANIEL A. CARRION";"241900";"HOSPITALIZACIÓN DE MEDICINA MEDICINA INTERNA ";"309";"283";"5265";"3888";"129";"3888";"22"
"2023";"11";"070102";"CALLAO";"CALLAO";"BELLAVISTA";"GOBIERNO REGIONAL";"III-1";"00006218";"NAC. DANIEL A. CARRION";"241500";"HOSPITALIZACIÓN QUIRÚRGICA GINECOLOGÍA  ";"95";"118";"854";"779";"26";"779";"0"
"2023";"11";"070102";"CALLAO";"CALLAO";"BELLAVISTA";"GOBIERNO REGIONAL";"III-1";"00006218";"NAC. DANIEL A. CARRION";"241600";"HOSPITALIZACIÓN QUIRÚRGICA OBSTETRICIA   ";"42";"114";"630";"348";"14";"408";"0"
"2023";"11";"070102";"CALLAO";"CALLAO";"BELLAVISTA";"GOBIERNO REGIONAL";"III-1";"00006218";"NAC. DANIEL A. CARRION";"241400";"HOSPITALIZACIÓN QUIRÚRGICA GINECO - OBSTETRICIA ";"98";"41";"210";"385";"16";"480";"0"
"2023";"11";"070102";"CALLAO";"CALLAO";"BELLAVISTA";"GOBIERNO REGIONAL";"III-1";"00006218";"NAC. DANIEL A. CARRION";"250100";"UNIDAD DE CUIDADOS CRITICOS UNIDAD  DE CUIDADOS INTENSIVOS GENERALES (UCI) ";"4";"2";"61";"181";"6";"181";"2"
"2023";"11";"070102";"CALLAO";"CALLAO";"BELLAVISTA";"GOBIERNO REGIONAL";"III-1";"00006218";"NAC. DANIEL A. CARRION";"250200";"UNIDAD DE CUIDADOS CRITICOS UNIDAD DE CUIDADOS INTERMEDIOS GENERAL  (UCIN) ";"5";"3";"58";"240";"8";"240";"2"
"2023";"11";"070102";"CALLAO";"CALLAO";"BELLAVISTA";"GOBIERNO REGIONAL";"III-1";"00006218";"NAC. DANIEL A. CARRION";"242100";"HOSPITALIZACIÓN DE MEDICINA ONCOLOGÍA MÉDICA ";"51";"50";"604";"583";"19";"583";"3"
"2023";"11";"070102";"CALLAO";"CALLAO";"BELLAVISTA";"GOBIERNO REGIONAL";"III-1";"00006218";"NAC. DANIEL A. CARRION";"250108";"UNIDAD DE CUIDADOS CRITICOS UNIDAD  DE CUIDADOS INTENSIVOS  (UCI) PEDIÁTRICA";"10";"2";"187";"174";"6";"180";"1"
"2023";"11";"070102";"CALLAO";"CALLAO";"BELLAVISTA";"GOBIERNO REGIONAL";"III-1";"00006218";"NAC. DANIEL A. CARRION";"245300";"HOSPITALIZACIÓN DE MEDICINA NEUMOLOGÍA  ";"7";"6";"241";"403";"14";"411";"2"
"2023";"11";"070102";"CALLAO";"CALLAO";"BELLAVISTA";"GOBIERNO REGIONAL";"III-1";"00006218";"NAC. DANIEL A. CARRION";"240100";"HOSPITALIZACIÓN QUIRÚRGICA CIRUGÍA GENERAL ";"242";"208";"2054";"1746";"58";"1746";"2"
"2023";"11";"070102";"CALLAO";"CALLAO";"BELLAVISTA";"GOBIERNO REGIONAL";"III-1";"00006218";"NAC. DANIEL A. CARRION";"241200";"HOSPITALIZACIÓN QUIRÚRGICA TRAUMATOLOGÍA Y ORTOPEDIA ";"30";"31";"665";"960";"32";"960";"0"
"2023";"11";"070102";"CALLAO";"CALLAO";"BELLAVISTA";"GOBIERNO REGIONAL";"III-1";"00006218";"NAC. DANIEL A. CARRION";"240900";"HOSPITALIZACIÓN QUIRÚRGICA NEUROCIRUGÍA ";"38";"50";"821";"491";"26";"780";"2"
"2023";"11";"070102";"CALLAO";"CALLAO";"BELLAVISTA";"GOBIERNO REGIONAL";"III-1";"00006218";"NAC. DANIEL A. CARRION";"240700";"HOSPITALIZACIÓN QUIRÚRGICA CIRUGÍA PEDIÁTRICA ";"52";"42";"259";"510";"18";"540";"0"
"2023";"11";"070102";"CALLAO";"CALLAO";"BELLAVISTA";"GOBIERNO REGIONAL";"III-1";"00006218";"NAC. DANIEL A. CARRION";"250105";"UNIDAD DE CUIDADOS CRITICOS UNIDAD  DE CUIDADOS INTENSIVOS  (UCI) NEONATOLOGÍA";"15";"37";"634";"1044";"37";"1109";"2"
"2023";"11";"070102";"CALLAO";"CALLAO";"BELLAVISTA";"GOBIERNO REGIONAL";"III-1";"00006218";"NAC. DANIEL A. CARRION";"242300";"HOSPITALIZACIÓN DE PEDIATRÍA  PEDIATRÍA  GENERAL ";"118";"102";"527";"720";"24";"720";"0"
"2023";"11";"130101";"LA LIBERTAD";"TRUJILLO";"TRUJILLO";"GOBIERNO REGIONAL";"III-1";"00005195";"HOSPITAL BELEN DE TRUJILLO";"244000";"HOSPITALIZACIÓN DE MEDICINA CARDIOLOGIA ";"1";"7";"135";"101";"4";"120";"0"
"2023";"11";"130101";"LA LIBERTAD";"TRUJILLO";"TRUJILLO";"GOBIERNO REGIONAL";"III-1";"00005195";"HOSPITAL BELEN DE TRUJILLO";"244300";"HOSPITALIZACIÓN DE MEDICINA GASTROENTEROLOGÍA  ";"27";"15";"114";"110";"4";"120";"0"
"2023";"11";"130101";"LA LIBERTAD";"TRUJILLO";"TRUJILLO";"GOBIERNO REGIONAL";"III-1";"00005195";"HOSPITAL BELEN DE TRUJILLO";"241900";"HOSPITALIZACIÓN DE MEDICINA MEDICINA INTERNA ";"84";"84";"1270";"1108";"37";"1110";"14"
"2023";"11";"130101";"LA LIBERTAD";"TRUJILLO";"TRUJILLO";"GOBIERNO REGIONAL";"III-1";"00005195";"HOSPITAL BELEN DE TRUJILLO";"245300";"HOSPITALIZACIÓN DE MEDICINA NEUMOLOGÍA  ";"15";"27";"400";"290";"14";"420";"5"
"2023";"11";"130101";"LA LIBERTAD";"TRUJILLO";"TRUJILLO";"GOBIERNO REGIONAL";"III-1";"00005195";"HOSPITAL BELEN DE TRUJILLO";"244700";"HOSPITALIZACIÓN DE MEDICINA NEUROLOGIA  ";"14";"22";"269";"256";"9";"270";"2"
"2023";"11";"130101";"LA LIBERTAD";"TRUJILLO";"TRUJILLO";"GOBIERNO REGIONAL";"III-1";"00005195";"HOSPITAL BELEN DE TRUJILLO";"242100";"HOSPITALIZACIÓN DE MEDICINA ONCOLOGÍA MÉDICA ";"0";"7";"119";"88";"4";"120";"1"
"2023";"11";"130101";"LA LIBERTAD";"TRUJILLO";"TRUJILLO";"GOBIERNO REGIONAL";"III-1";"00005195";"HOSPITAL BELEN DE TRUJILLO";"240801";"HOSPITALIZACIÓN QUIRÚRGICA CIRUGÍA PLÁSTICA/RECONSTRUCTIVA/ REPARADORA QUEMADOS";"2";"6";"53";"79";"6";"135";"0"
"2023";"11";"130101";"LA LIBERTAD";"TRUJILLO";"TRUJILLO";"GOBIERNO REGIONAL";"III-1";"00005195";"HOSPITAL BELEN DE TRUJILLO";"240800";"HOSPITALIZACIÓN QUIRÚRGICA CIRUGÍA PLÁSTICA/RECONSTRUCTIVA/ REPARADORA ";"1";"5";"164";"117";"4";"120";"0"
"2023";"11";"130101";"LA LIBERTAD";"TRUJILLO";"TRUJILLO";"GOBIERNO REGIONAL";"III-1";"00005195";"HOSPITAL BELEN DE TRUJILLO";"240400";"HOSPITALIZACIÓN QUIRÚRGICA CIRUGÍA DE TÓRAX Y CARDIOVASCULAR ";"9";"11";"97";"86";"3";"90";"0"
"2023";"11";"130101";"LA LIBERTAD";"TRUJILLO";"TRUJILLO";"GOBIERNO REGIONAL";"III-1";"00005195";"HOSPITAL BELEN DE TRUJILLO";"240100";"HOSPITALIZACIÓN QUIRÚRGICA CIRUGÍA GENERAL ";"143";"123";"793";"763";"27";"810";"2"
"2023";"11";"130101";"LA LIBERTAD";"TRUJILLO";"TRUJILLO";"GOBIERNO REGIONAL";"III-1";"00005195";"HOSPITAL BELEN DE TRUJILLO";"241000";"HOSPITALIZACIÓN QUIRÚRGICA ONCOLOGÍA QUIRÚRGICA  ";"2";"6";"76";"76";"3";"90";"1"
"2023";"11";"130101";"LA LIBERTAD";"TRUJILLO";"TRUJILLO";"GOBIERNO REGIONAL";"III-1";"00005195";"HOSPITAL BELEN DE TRUJILLO";"240700";"HOSPITALIZACIÓN QUIRÚRGICA CIRUGÍA PEDIÁTRICA ";"7";"21";"134";"139";"9";"270";"0"
"2023";"11";"130101";"LA LIBERTAD";"TRUJILLO";"TRUJILLO";"GOBIERNO REGIONAL";"III-1";"00005195";"HOSPITAL BELEN DE TRUJILLO";"240900";"HOSPITALIZACIÓN QUIRÚRGICA NEUROCIRUGÍA ";"11";"17";"314";"309";"11";"330";"1"
"2023";"11";"130101";"LA LIBERTAD";"TRUJILLO";"TRUJILLO";"GOBIERNO REGIONAL";"III-1";"00005195";"HOSPITAL BELEN DE TRUJILLO";"241100";"HOSPITALIZACIÓN QUIRÚRGICA OTORRINOLARINGOLOGÍA  ";"0";"1";"9";"8";"1";"30";"0"
"2023";"11";"130101";"LA LIBERTAD";"TRUJILLO";"TRUJILLO";"GOBIERNO REGIONAL";"III-1";"00005195";"HOSPITAL BELEN DE TRUJILLO";"241200";"HOSPITALIZACIÓN QUIRÚRGICA TRAUMATOLOGÍA Y ORTOPEDIA ";"46";"51";"602";"554";"19";"570";"2"
"2023";"11";"130101";"LA LIBERTAD";"TRUJILLO";"TRUJILLO";"GOBIERNO REGIONAL";"III-1";"00005195";"HOSPITAL BELEN DE TRUJILLO";"241300";"HOSPITALIZACIÓN QUIRÚRGICA UROLOGÍA  ";"11";"13";"76";"67";"3";"90";"0"
"2023";"11";"130101";"LA LIBERTAD";"TRUJILLO";"TRUJILLO";"GOBIERNO REGIONAL";"III-1";"00005195";"HOSPITAL BELEN DE TRUJILLO";"250201";"UNIDAD DE CUIDADOS CRITICOS UNIDAD DE CUIDADOS INTERMEDIOS  (UCIN) NEONATAL";"36";"59";"809";"627";"30";"900";"0"
"2023";"11";"130101";"LA LIBERTAD";"TRUJILLO";"TRUJILLO";"GOBIERNO REGIONAL";"III-1";"00005195";"HOSPITAL BELEN DE TRUJILLO";"250105";"UNIDAD DE CUIDADOS CRITICOS UNIDAD  DE CUIDADOS INTENSIVOS  (UCI) NEONATOLOGÍA";"6";"3";"93";"348";"12";"360";"2"
"2023";"11";"130101";"LA LIBERTAD";"TRUJILLO";"TRUJILLO";"GOBIERNO REGIONAL";"III-1";"00005195";"HOSPITAL BELEN DE TRUJILLO";"242300";"HOSPITALIZACIÓN DE PEDIATRÍA  PEDIATRÍA  GENERAL ";"44";"44";"391";"414";"20";"600";"0"
"2023";"11";"130101";"LA LIBERTAD";"TRUJILLO";"TRUJILLO";"GOBIERNO REGIONAL";"III-1";"00005195";"HOSPITAL BELEN DE TRUJILLO";"250108";"UNIDAD DE CUIDADOS CRITICOS UNIDAD  DE CUIDADOS INTENSIVOS  (UCI) PEDIÁTRICA";"8";"4";"397";"128";"5";"150";"3"
"2023";"11";"130101";"LA LIBERTAD";"TRUJILLO";"TRUJILLO";"GOBIERNO REGIONAL";"III-1";"00005195";"HOSPITAL BELEN DE TRUJILLO";"241500";"HOSPITALIZACIÓN QUIRÚRGICA GINECOLOGÍA  ";"39";"37";"134";"127";"10";"300";"0"
"2023";"11";"130101";"LA LIBERTAD";"TRUJILLO";"TRUJILLO";"GOBIERNO REGIONAL";"III-1";"00005195";"HOSPITAL BELEN DE TRUJILLO";"241600";"HOSPITALIZACIÓN QUIRÚRGICA OBSTETRICIA   ";"220";"233";"772";"702";"38";"1140";"0"
"2023";"11";"130101";"LA LIBERTAD";"TRUJILLO";"TRUJILLO";"GOBIERNO REGIONAL";"III-1";"00005195";"HOSPITAL BELEN DE TRUJILLO";"250100";"UNIDAD DE CUIDADOS CRITICOS UNIDAD  DE CUIDADOS INTENSIVOS GENERALES (UCI) ";"4";"5";"208";"290";"10";"300";"5"
"2023";"11";"150132";"LIMA";"LIMA";"SAN JUAN DE LURIGANCHO";"PRIVADO";"II-1";"00009090";"CLINICA "" LIMATAMBO""";"240000";"HOSPITALIZACIÓN";"105";"99";"234";"297";"30";"930";"0"
"2023";"12";"250101";"UCAYALI";"CORONEL PORTILLO";"CALLERIA";"SANIDAD DE LA POLICIA NACIONAL DEL PERU";"I-3";"00010148";"POLICLINICO POLICIAL PUCALLPA";"NE_0001";"";"NE_0001";"NE_0001";"NE_0001";"NE_0001";"NE_0001";"NE_0001";"NE_0001"
"2023";"12";"210402";"PUNO";"CHUCUITO";"DESAGUADERO";"ESSALUD";"I-3";"00009221";"CENTRO DE ATENCION PRIMARIA I DESAGUADERO";"NE_0001";"";"NE_0001";"NE_0001";"NE_0001";"NE_0001";"NE_0001";"NE_0001";"NE_0001"
"2023";"12";"120303";"JUNIN";"CHANCHAMAYO";"PICHANAQUI";"GOBIERNO REGIONAL";"I-2";"00000349";"BELEN DE ANAPIARI";"NE_0001";"";"NE_0001";"NE_0001";"NE_0001";"NE_0001";"NE_0001";"NE_0001";"NE_0001"
"2023";"12";"120303";"JUNIN";"CHANCHAMAYO";"PICHANAQUI";"GOBIERNO REGIONAL";"I-2";"00006711";"SAN FRANCISCO CENTRO KUVIRIANI";"NE_0001";"";"NE_0001";"NE_0001";"NE_0001";"NE_0001";"NE_0001";"NE_0001";"NE_0001"
"2023";"12";"120303";"JUNIN";"CHANCHAMAYO";"PICHANAQUI";"GOBIERNO REGIONAL";"I-3";"00000351";"HUACHIRIKI";"NE_0001";"";"NE_0001";"NE_0001";"NE_0001";"NE_0001";"NE_0001";"NE_0001";"NE_0001"
"2023";"12";"120303";"JUNIN";"CHANCHAMAYO";"PICHANAQUI";"GOBIERNO REGIONAL";"I-2";"00014383";"SAN JOSE DE ANAPIARI";"NE_0001";"";"NE_0001";"NE_0001";"NE_0001";"NE_0001";"NE_0001";"NE_0001";"NE_0001"
"2023";"12";"120303";"JUNIN";"CHANCHAMAYO";"PICHANAQUI";"GOBIERNO REGIONAL";"I-2";"00007371";"28 DE JULIO";"NE_0001";"";"NE_0001";"NE_0001";"NE_0001";"NE_0001";"NE_0001";"NE_0001";"NE_0001"
"2023";"12";"120303";"JUNIN";"CHANCHAMAYO";"PICHANAQUI";"GOBIERNO REGIONAL";"I-2";"00000346";"HUANTININI";"NE_0001";"";"NE_0001";"NE_0001";"NE_0001";"NE_0001";"NE_0001";"NE_0001";"NE_0001"
"2023";"12";"120303";"JUNIN";"CHANCHAMAYO";"PICHANAQUI";"GOBIERNO REGIONAL";"I-2";"00000348";"SAN JUAN CENTRO AUTIKI";"NE_0001";"";"NE_0001";"NE_0001";"NE_0001";"NE_0001";"NE_0001";"NE_0001";"NE_0001"
"2023";"12";"110501";"ICA";"PISCO";"PISCO";"PRIVADO";"II-1";"00027173";"FAMISALUD SAC";"241500";"HOSPITALIZACIÓN QUIRÚRGICA GINECOLOGÍA  ";"1";"1";"2";"7";"2";"60";"0"
"2023";"12";"110501";"ICA";"PISCO";"PISCO";"PRIVADO";"II-1";"00027173";"FAMISALUD SAC";"241200";"HOSPITALIZACIÓN QUIRÚRGICA TRAUMATOLOGÍA Y ORTOPEDIA ";"3";"3";"8";"7";"1";"30";"0"
"2023";"12";"110501";"ICA";"PISCO";"PISCO";"PRIVADO";"II-1";"00027173";"FAMISALUD SAC";"240100";"HOSPITALIZACIÓN QUIRÚRGICA CIRUGÍA GENERAL ";"3";"3";"5";"7";"4";"120";"0"
"2023";"12";"110501";"ICA";"PISCO";"PISCO";"PRIVADO";"II-1";"00027173";"FAMISALUD SAC";"241800";"HOSPITALIZACIÓN DE MEDICINA MEDICINA GENERAL ";"3";"3";"7";"7";"1";"30";"0"
"2023";"12";"110501";"ICA";"PISCO";"PISCO";"PRIVADO";"II-1";"00027173";"FAMISALUD SAC";"241800";"HOSPITALIZACIÓN DE MEDICINA MEDICINA GENERAL ";"0";"0";"0";"7";"3";"90";"0"
"2023";"12";"220911";"SAN MARTIN";"SAN MARTIN";"PAPAPLAYA";"GOBIERNO REGIONAL";"I-1";"00006455";"SAN ANTONIO  RIO HUALLAGA";"NE_0001";"";"NE_0001";"NE_0001";"NE_0001";"NE_0001";"NE_0001";"NE_0001";"NE_0001"
"2023";"12";"220906";"SAN MARTIN";"SAN MARTIN";"EL PORVENIR";"GOBIERNO REGIONAL";"I-1";"00006456";"NUEVO SAN JUAN";"NE_0001";"";"NE_0001";"NE_0001";"NE_0001";"NE_0001";"NE_0001";"NE_0001";"NE_0001"
"2023";"12";"220911";"SAN MARTIN";"SAN MARTIN";"PAPAPLAYA";"GOBIERNO REGIONAL";"I-3";"00006449";"HOSPITAL RURAL DE PAPAPLAYA";"241800";"HOSPITALIZACIÓN DE MEDICINA MEDICINA GENERAL ";"15";"15";"19";"19";"4";"124";"0"
"2023";"12";"220911";"SAN MARTIN";"SAN MARTIN";"PAPAPLAYA";"GOBIERNO REGIONAL";"I-1";"00006448";"REFORMA";"NE_0001";"";"NE_0001";"NE_0001";"NE_0001";"NE_0001";"NE_0001";"NE_0001";"NE_0001"
"2023";"12";"220911";"SAN MARTIN";"SAN MARTIN";"PAPAPLAYA";"GOBIERNO REGIONAL";"I-1";"00006454";"SAN JUAN RIO HUALLAGA";"NE_0001";"";"NE_0001";"NE_0001";"NE_0001";"NE_0001";"NE_0001";"NE_0001";"NE_0001"
"2023";"12";"220906";"SAN MARTIN";"SAN MARTIN";"EL PORVENIR";"GOBIERNO REGIONAL";"I-1";"00006451";"PELEJO";"NE_0001";"";"NE_0001";"NE_0001";"NE_0001";"NE_0001";"NE_0001";"NE_0001";"NE_0001"
"2023";"12";"220911";"SAN MARTIN";"SAN MARTIN";"PAPAPLAYA";"GOBIERNO REGIONAL";"I-1";"00006452";"ASUNCION";"NE_0001";"";"NE_0001";"NE_0001";"NE_0001";"NE_0001";"NE_0001";"NE_0001";"NE_0001"
"2023";"12";"220911";"SAN MARTIN";"SAN MARTIN";"PAPAPLAYA";"GOBIERNO REGIONAL";"I-1";"00006453";"PUERTO MERCEDES";"NE_0001";"";"NE_0001";"NE_0001";"NE_0001";"NE_0001";"NE_0001";"NE_0001";"NE_0001"
"2023";"12";"220912";"SAN MARTIN";"SAN MARTIN";"SAN ANTONIO";"GOBIERNO REGIONAL";"I-3";"00006384";"SAN ANTONIO DE CUMBAZA";"NE_0001";"";"NE_0001";"NE_0001";"NE_0001";"NE_0001";"NE_0001";"NE_0001";"NE_0001"
"2023";"12";"220903";"SAN MARTIN";"SAN MARTIN";"CACATACHI";"GOBIERNO REGIONAL";"I-3";"00006395";"CACATACHI";"NE_0001";"";"NE_0001";"NE_0001";"NE_0001";"NE_0001";"NE_0001";"NE_0001";"NE_0001"
"2023";"12";"220910";"SAN MARTIN";"SAN MARTIN";"MORALES";"GOBIERNO REGIONAL";"I-4";"00006361";"MORALES";"241400";"HOSPITALIZACIÓN QUIRÚRGICA GINECO - OBSTETRICIA ";"34";"34";"34";"34";"12";"372";"0"
"2023";"12";"220912";"SAN MARTIN";"SAN MARTIN";"SAN ANTONIO";"GOBIERNO REGIONAL";"I-1";"00006385";"SAN PEDRO DE CUMBAZA";"NE_0001";"";"NE_0001";"NE_0001";"NE_0001";"NE_0001";"NE_0001";"NE_0001";"NE_0001"
"2023";"10";"250105";"UCAYALI";"CORONEL PORTILLO";"YARINACOCHA";"GOBIERNO REGIONAL";"I-1";"00005548";"CASHIVOCOCHA";"NE_0001";"";"NE_0001";"NE_0001";"NE_0001";"NE_0001";"NE_0001";"NE_0001";"NE_0001"
"2023";"10";"250105";"UCAYALI";"CORONEL PORTILLO";"YARINACOCHA";"GOBIERNO REGIONAL";"I-1";"00005546";"MARISCAL SUCRE";"NE_0001";"";"NE_0001";"NE_0001";"NE_0001";"NE_0001";"NE_0001";"NE_0001";"NE_0001"
"2023";"10";"250105";"UCAYALI";"CORONEL PORTILLO";"YARINACOCHA";"GOBIERNO REGIONAL";"I-1";"00005545";"NUEVA ALEJANDRIA";"NE_0001";"";"NE_0001";"NE_0001";"NE_0001";"NE_0001";"NE_0001";"NE_0001";"NE_0001"
"2023";"10";"250105";"UCAYALI";"CORONEL PORTILLO";"YARINACOCHA";"GOBIERNO REGIONAL";"I-1";"00005544";"CLAS UNION ZAPOTILLO";"NE_0001";"";"NE_0001";"NE_0001";"NE_0001";"NE_0001";"NE_0001";"NE_0001";"NE_0001"
"2023";"12";"160201";"LORETO";"ALTO AMAZONAS";"YURIMAGUAS";"ESSALUD";"II-1";"00020274";"ESSALUD - HOSPITAL I YURIMAGUAS";"241800";"HOSPITALIZACIÓN DE MEDICINA MEDICINA GENERAL ";"45";"54";"214";"192";"7";"217";"1"
"2023";"12";"160201";"LORETO";"ALTO AMAZONAS";"YURIMAGUAS";"ESSALUD";"II-1";"00020274";"ESSALUD - HOSPITAL I YURIMAGUAS";"241600";"HOSPITALIZACIÓN QUIRÚRGICA OBSTETRICIA   ";"19";"21";"72";"67";"3";"93";"0"
"2023";"12";"150110";"LIMA";"LIMA";"COMAS";"PRIVADO";"II-1";"00009144";"CLINICA MEDICA ZEGARRA S.A.C.";"242300";"HOSPITALIZACIÓN DE PEDIATRÍA  PEDIATRÍA  GENERAL ";"49";"56";"695";"9";"9";"135";"0"
"2023";"12";"150110";"LIMA";"LIMA";"COMAS";"PRIVADO";"II-1";"00009144";"CLINICA MEDICA ZEGARRA S.A.C.";"241800";"HOSPITALIZACIÓN DE MEDICINA MEDICINA GENERAL ";"44";"52";"323";"12";"12";"28";"0"
"2023";"12";"150110";"LIMA";"LIMA";"COMAS";"PRIVADO";"II-1";"00009144";"CLINICA MEDICA ZEGARRA S.A.C.";"241400";"HOSPITALIZACIÓN QUIRÚRGICA GINECO - OBSTETRICIA ";"12";"9";"99";"7";"9";"115";"0"
"2023";"12";"150110";"LIMA";"LIMA";"COMAS";"PRIVADO";"II-1";"00009144";"CLINICA MEDICA ZEGARRA S.A.C.";"240100";"HOSPITALIZACIÓN QUIRÚRGICA CIRUGÍA GENERAL ";"24";"18";"32";"7";"7";"145";"0"
"2023";"12";"150110";"LIMA";"LIMA";"COMAS";"PRIVADO";"II-1";"00009144";"CLINICA MEDICA ZEGARRA S.A.C.";"241200";"HOSPITALIZACIÓN QUIRÚRGICA TRAUMATOLOGÍA Y ORTOPEDIA ";"21";"33";"56";"9";"8";"46";"0"
"2023";"12";"060804";"CAJAMARCA";"JAEN";"COLASAY";"GOBIERNO REGIONAL";"I-1";"00004240";"CUYCA";"NE_0001";"";"NE_0001";"NE_0001";"NE_0001";"NE_0001";"NE_0001";"NE_0001";"NE_0001"
"2023";"12";"060808";"CAJAMARCA";"JAEN";"PUCARA";"GOBIERNO REGIONAL";"I-4";"00004249";"PUCARA";"241800";"HOSPITALIZACIÓN DE MEDICINA MEDICINA GENERAL ";"8";"8";"9";"8";"08";"64";"0"
"2023";"12";"060808";"CAJAMARCA";"JAEN";"PUCARA";"GOBIERNO REGIONAL";"I-4";"00004249";"PUCARA";"241600";"HOSPITALIZACIÓN QUIRÚRGICA OBSTETRICIA   ";"5";"5";"8";"5";"04";"20";"0"
"2023";"12";"050909";"AYACUCHO";"SUCRE";"SAN SALVADOR DE QUIJE";"GOBIERNO REGIONAL";"I-1";"00003806";"PUESTO DE SALUD SAN SALVADOR DE QUIJE";"NE_0001";"";"NE_0001";"NE_0001";"NE_0001";"NE_0001";"NE_0001";"NE_0001";"NE_0001"
"2023";"12";"050901";"AYACUCHO";"SUCRE";"QUEROBAMBA";"GOBIERNO REGIONAL";"I-4";"00003808";"CENTRO DE SALUD QUEROBAMBA";"241800";"HOSPITALIZACIÓN DE MEDICINA MEDICINA GENERAL ";"1";"1";"1";"2";"10";"11";"0"
"2023";"12";"050907";"AYACUCHO";"SUCRE";"PAICO";"GOBIERNO REGIONAL";"I-1";"00003813";"PUESTO DE SALUD PAICO";"NE_0001";"";"NE_0001";"NE_0001";"NE_0001";"NE_0001";"NE_0001";"NE_0001";"NE_0001"
"2023";"12";"050905";"AYACUCHO";"SUCRE";"HUACAÑA";"GOBIERNO REGIONAL";"I-1";"00003719";"PUESTO DE SALUD HUACAÑA";"NE_0001";"";"NE_0001";"NE_0001";"NE_0001";"NE_0001";"NE_0001";"NE_0001";"NE_0001"
"2023";"12";"050901";"AYACUCHO";"SUCRE";"QUEROBAMBA";"GOBIERNO REGIONAL";"I-1";"00003802";"PUESTO DE SALUD POTONGO";"NE_0001";"";"NE_0001";"NE_0001";"NE_0001";"NE_0001";"NE_0001";"NE_0001";"NE_0001"
"2023";"12";"050910";"AYACUCHO";"SUCRE";"SANTIAGO DE PAUCARAY";"GOBIERNO REGIONAL";"I-1";"00007096";"PUESTO DE SALUD AUTAMA";"NE_0001";"";"NE_0001";"NE_0001";"NE_0001";"NE_0001";"NE_0001";"NE_0001";"NE_0001"
"2023";"12";"050906";"AYACUCHO";"SUCRE";"MORCOLLA";"GOBIERNO REGIONAL";"I-1";"00003812";"PUESTO DE SALUD HUACO";"NE_0001";"";"NE_0001";"NE_0001";"NE_0001";"NE_0001";"NE_0001";"NE_0001";"NE_0001"
"2023";"12";"050901";"AYACUCHO";"SUCRE";"QUEROBAMBA";"GOBIERNO REGIONAL";"I-1";"00003809";"PUESTO DE SALUD CHONTA";"NE_0001";"";"NE_0001";"NE_0001";"NE_0001";"NE_0001";"NE_0001";"NE_0001";"NE_0001"
"2023";"12";"050906";"AYACUCHO";"SUCRE";"MORCOLLA";"GOBIERNO REGIONAL";"I-1";"00003810";"PUESTO DE SALUD MORCOLLA";"NE_0001";"";"NE_0001";"NE_0001";"NE_0001";"NE_0001";"NE_0001";"NE_0001";"NE_0001"
"2023";"12";"050906";"AYACUCHO";"SUCRE";"MORCOLLA";"GOBIERNO REGIONAL";"I-1";"00003811";"PUESTO DE SALUD TINTAY";"NE_0001";"";"NE_0001";"NE_0001";"NE_0001";"NE_0001";"NE_0001";"NE_0001";"NE_0001"
"2023";"12";"050907";"AYACUCHO";"SUCRE";"PAICO";"GOBIERNO REGIONAL";"I-1";"00003814";"PUESTO DE SALUD SIHUE";"NE_0001";"";"NE_0001";"NE_0001";"NE_0001";"NE_0001";"NE_0001";"NE_0001";"NE_0001"
"2023";"12";"050910";"AYACUCHO";"SUCRE";"SANTIAGO DE PAUCARAY";"GOBIERNO REGIONAL";"I-1";"00003816";"PUESTO DE SALUD SANTIAGO DE PAUCARAY";"NE_0001";"";"NE_0001";"NE_0001";"NE_0001";"NE_0001";"NE_0001";"NE_0001";"NE_0001"
"2023";"12";"150142";"LIMA";"LIMA";"VILLA EL SALVADOR";"ESSALUD";"II-1";"00008741";"ULDARICO ROCCA FERNANDEZ";"241800";"HOSPITALIZACIÓN DE MEDICINA MEDICINA GENERAL ";"75";"76";"325";"335";"16";"496";"5"
"2023";"12";"150142";"LIMA";"LIMA";"VILLA EL SALVADOR";"ESSALUD";"II-1";"00008741";"ULDARICO ROCCA FERNANDEZ";"240100";"HOSPITALIZACIÓN QUIRÚRGICA CIRUGÍA GENERAL ";"77";"80";"187";"175";"15";"465";"0"
"2023";"12";"150142";"LIMA";"LIMA";"VILLA EL SALVADOR";"ESSALUD";"II-1";"00008741";"ULDARICO ROCCA FERNANDEZ";"241500";"HOSPITALIZACIÓN QUIRÚRGICA GINECOLOGÍA  ";"17";"22";"66";"55";"3";"93";"0"
"2023";"12";"150142";"LIMA";"LIMA";"VILLA EL SALVADOR";"ESSALUD";"II-1";"00008741";"ULDARICO ROCCA FERNANDEZ";"241600";"HOSPITALIZACIÓN QUIRÚRGICA OBSTETRICIA   ";"154";"160";"289";"274";"15";"465";"0"
"2023";"12";"150142";"LIMA";"LIMA";"VILLA EL SALVADOR";"ESSALUD";"II-1";"00008741";"ULDARICO ROCCA FERNANDEZ";"242300";"HOSPITALIZACIÓN DE PEDIATRÍA  PEDIATRÍA  GENERAL ";"82";"91";"264";"239";"9";"279";"0"
"2023";"12";"150142";"LIMA";"LIMA";"VILLA EL SALVADOR";"ESSALUD";"II-1";"00008741";"ULDARICO ROCCA FERNANDEZ";"250100";"UNIDAD DE CUIDADOS CRITICOS UNIDAD  DE CUIDADOS INTENSIVOS GENERALES (UCI) ";"11";"13";"108";"95";"4";"124";"6"
"2023";"12";"080106";"CUSCO";"CUSCO";"SANTIAGO";"PRIVADO";"II-E";"00023570";"MIR SALUD";"240000";"HOSPITALIZACIÓN";"36";"36";"79";"110";"9";"279";"0"
"2023";"12";"220510";"SAN MARTIN";"LAMAS";"TABALOSOS";"GOBIERNO REGIONAL";"I-1";"00015377";"HUNGURAHUI PAMPA";"NE_0001";"";"NE_0001";"NE_0001";"NE_0001";"NE_0001";"NE_0001";"NE_0001";"NE_0001"
"2023";"12";"220506";"SAN MARTIN";"LAMAS";"PINTO RECODO";"GOBIERNO REGIONAL";"I-1";"00006411";"MISHQUIYACU PINTO RECODO";"NE_0001";"";"NE_0001";"NE_0001";"NE_0001";"NE_0001";"NE_0001";"NE_0001";"NE_0001"
"2023";"12";"220510";"SAN MARTIN";"LAMAS";"TABALOSOS";"GOBIERNO REGIONAL";"I-1";"00006413";"SAN MIGUEL DEL RIO MAYO";"NE_0001";"";"NE_0001";"NE_0001";"NE_0001";"NE_0001";"NE_0001";"NE_0001";"NE_0001"
"2023";"12";"220506";"SAN MARTIN";"LAMAS";"PINTO RECODO";"GOBIERNO REGIONAL";"I-1";"00006410";"CHURUZAPA PINTO RECODO";"NE_0001";"";"NE_0001";"NE_0001";"NE_0001";"NE_0001";"NE_0001";"NE_0001";"NE_0001"
"2023";"12";"220510";"SAN MARTIN";"LAMAS";"TABALOSOS";"GOBIERNO REGIONAL";"I-4";"00006408";"TABALOSOS";"241600";"HOSPITALIZACIÓN QUIRÚRGICA OBSTETRICIA   ";"9";"9";"9";"9";"9";"31";"0"
"2023";"12";"220510";"SAN MARTIN";"LAMAS";"TABALOSOS";"GOBIERNO REGIONAL";"I-1";"00006414";"PUCAYACU PANJUI";"NE_0001";"";"NE_0001";"NE_0001";"NE_0001";"NE_0001";"NE_0001";"NE_0001";"NE_0001"
"2023";"12";"220506";"SAN MARTIN";"LAMAS";"PINTO RECODO";"GOBIERNO REGIONAL";"I-1";"00006409";"PINTO RECODO";"NE_0001";"";"NE_0001";"NE_0001";"NE_0001";"NE_0001";"NE_0001";"NE_0001";"NE_0001"
"2023";"12";"220509";"SAN MARTIN";"LAMAS";"SHANAO";"GOBIERNO REGIONAL";"I-1";"00006412";"SHANAO";"NE_0001";"";"NE_0001";"NE_0001";"NE_0001";"NE_0001";"NE_0001";"NE_0001";"NE_0001"
"2023";"12";"080911";"CUSCO";"LA CONVENCION";"INKAWASI";"GOBIERNO REGIONAL";"I-1";"00002481";"CCARCCO";"NE_0001";"";"NE_0001";"NE_0001";"NE_0001";"NE_0001";"NE_0001";"NE_0001";"NE_0001"
"2023";"12";"080909";"CUSCO";"LA CONVENCION";"VILCABAMBA";"GOBIERNO REGIONAL";"I-1";"00002486";"PAMPACONAS";"NE_0001";"";"NE_0001";"NE_0001";"NE_0001";"NE_0001";"NE_0001";"NE_0001";"NE_0001"
"2023";"12";"080909";"CUSCO";"LA CONVENCION";"VILCABAMBA";"GOBIERNO REGIONAL";"I-2";"00002484";"OYARA";"NE_0001";"";"NE_0001";"NE_0001";"NE_0001";"NE_0001";"NE_0001";"NE_0001";"NE_0001"
"2023";"12";"080909";"CUSCO";"LA CONVENCION";"VILCABAMBA";"GOBIERNO REGIONAL";"I-1";"00002490";"ARMA";"NE_0001";"";"NE_0001";"NE_0001";"NE_0001";"NE_0001";"NE_0001";"NE_0001";"NE_0001"
"2023";"12";"080601";"CUSCO";"CANCHIS";"SICUANI";"GOBIERNO REGIONAL";"I-4";"00002380";"TECHO OBRERO";"NE_0001";"";"NE_0001";"NE_0001";"NE_0001";"NE_0001";"NE_0001";"NE_0001";"NE_0001"
"2023";"12";"080604";"CUSCO";"CANCHIS";"MARANGANI";"GOBIERNO REGIONAL";"I-1";"00002389";"CHECTUYOC";"NE_0001";"";"NE_0001";"NE_0001";"NE_0001";"NE_0001";"NE_0001";"NE_0001";"NE_0001"
"2023";"12";"080504";"CUSCO";"CANAS";"LANGUI";"GOBIERNO REGIONAL";"I-2";"00002369";"LANGUI";"NE_0001";"";"NE_0001";"NE_0001";"NE_0001";"NE_0001";"NE_0001";"NE_0001";"NE_0001"
"2023";"12";"080604";"CUSCO";"CANCHIS";"MARANGANI";"GOBIERNO REGIONAL";"I-1";"00002390";"CCUYO";"NE_0001";"";"NE_0001";"NE_0001";"NE_0001";"NE_0001";"NE_0001";"NE_0001";"NE_0001"
"2023";"12";"080604";"CUSCO";"CANCHIS";"MARANGANI";"GOBIERNO REGIONAL";"I-2";"00002391";"OCCOBAMBA MARANGANI";"NE_0001";"";"NE_0001";"NE_0001";"NE_0001";"NE_0001";"NE_0001";"NE_0001";"NE_0001"
"2023";"12";"080601";"CUSCO";"CANCHIS";"SICUANI";"GOBIERNO REGIONAL";"I-1";"00002379";"HERCCA";"NE_0001";"";"NE_0001";"NE_0001";"NE_0001";"NE_0001";"NE_0001";"NE_0001";"NE_0001"
"2023";"12";"080504";"CUSCO";"CANAS";"LANGUI";"GOBIERNO REGIONAL";"I-1";"00002370";"CONDEVILUYO";"NE_0001";"";"NE_0001";"NE_0001";"NE_0001";"NE_0001";"NE_0001";"NE_0001";"NE_0001"
"2023";"12";"080505";"CUSCO";"CANAS";"LAYO";"GOBIERNO REGIONAL";"I-3";"00002371";"LAYO";"NE_0001";"";"NE_0001";"NE_0001";"NE_0001";"NE_0001";"NE_0001";"NE_0001";"NE_0001"
"2023";"12";"080604";"CUSCO";"CANCHIS";"MARANGANI";"GOBIERNO REGIONAL";"I-3";"00002388";"MARANGANI";"NE_0001";"";"NE_0001";"NE_0001";"NE_0001";"NE_0001";"NE_0001";"NE_0001";"NE_0001"
"2023";"11";"150130";"LIMA";"LIMA";"SAN BORJA";"PRIVADO";"II-E";"00011056";"OFTALMIC SERVICE SAC";"NE_0001";"";"NE_0001";"NE_0001";"NE_0001";"NE_0001";"NE_0001";"NE_0001";"NE_0001"
"2023";"11";"110101";"ICA";"ICA";"ICA";"GOBIERNO REGIONAL";"I-2";"00003375";"SENOR DE LUREN";"NE_0001";"";"NE_0001";"NE_0001";"NE_0001";"NE_0001";"NE_0001";"NE_0001";"NE_0001"
"2023";"11";"110101";"ICA";"ICA";"ICA";"GOBIERNO REGIONAL";"I-3";"00003360";"SAN JOAQUIN";"NE_0001";"";"NE_0001";"NE_0001";"NE_0001";"NE_0001";"NE_0001";"NE_0001";"NE_0001"
"2023";"11";"110101";"ICA";"ICA";"ICA";"GOBIERNO REGIONAL";"I-2";"00003376";"CACHICHE";"NE_0001";"";"NE_0001";"NE_0001";"NE_0001";"NE_0001";"NE_0001";"NE_0001";"NE_0001"
"2023";"11";"110101";"ICA";"ICA";"ICA";"MINSA";"I-2";"00003377";"EL HUARANGO";"NE_0001";"";"NE_0001";"NE_0001";"NE_0001";"NE_0001";"NE_0001";"NE_0001";"NE_0001"
"2023";"11";"110101";"ICA";"ICA";"ICA";"GOBIERNO REGIONAL";"I-2";"00003375";"SENOR DE LUREN";"NE_0001";"";"NE_0001";"NE_0001";"NE_0001";"NE_0001";"NE_0001";"NE_0001";"NE_0001"
"2023";"11";"110101";"ICA";"ICA";"ICA";"GOBIERNO REGIONAL";"I-3";"00003360";"SAN JOAQUIN";"NE_0001";"";"NE_0001";"NE_0001";"NE_0001";"NE_0001";"NE_0001";"NE_0001";"NE_0001"
"2023";"11";"110101";"ICA";"ICA";"ICA";"GOBIERNO REGIONAL";"I-2";"00003376";"CACHICHE";"NE_0001";"";"NE_0001";"NE_0001";"NE_0001";"NE_0001";"NE_0001";"NE_0001";"NE_0001"
"2023";"11";"110101";"ICA";"ICA";"ICA";"MINSA";"I-2";"00003377";"EL HUARANGO";"NE_0001";"";"NE_0001";"NE_0001";"NE_0001";"NE_0001";"NE_0001";"NE_0001";"NE_0001"
"2023";"11";"110101";"ICA";"ICA";"ICA";"GOBIERNO REGIONAL";"I-2";"00003375";"SENOR DE LUREN";"NE_0001";"";"NE_0001";"NE_0001";"NE_0001";"NE_0001";"NE_0001";"NE_0001";"NE_0001"
"2023";"11";"110101";"ICA";"ICA";"ICA";"GOBIERNO REGIONAL";"I-3";"00003360";"SAN JOAQUIN";"NE_0001";"";"NE_0001";"NE_0001";"NE_0001";"NE_0001";"NE_0001";"NE_0001";"NE_0001"
"2023";"11";"110101";"ICA";"ICA";"ICA";"GOBIERNO REGIONAL";"I-2";"00003376";"CACHICHE";"NE_0001";"";"NE_0001";"NE_0001";"NE_0001";"NE_0001";"NE_0001";"NE_0001";"NE_0001"
"2023";"11";"110101";"ICA";"ICA";"ICA";"GOBIERNO REGIONAL";"I-3";"00003361";"LA PALMA GRANDE";"241800";"HOSPITALIZACIÓN DE MEDICINA MEDICINA GENERAL ";"1";"1";"1";"1";"1";"2";"0"
"2023";"11";"110101";"ICA";"ICA";"ICA";"MINSA";"I-2";"00003377";"EL HUARANGO";"NE_0001";"";"NE_0001";"NE_0001";"NE_0001";"NE_0001";"NE_0001";"NE_0001";"NE_0001"
"2023";"11";"150605";"LIMA";"HUARAL";"CHANCAY";"PRIVADO";"II-E";"00032362";"CLINICA DR. POEMAPE - CLINIPOEMAPE";"241200";"HOSPITALIZACIÓN QUIRÚRGICA TRAUMATOLOGÍA Y ORTOPEDIA ";"2";"2";"4";"1";"2";"3";"0"
"2023";"11";"150605";"LIMA";"HUARAL";"CHANCAY";"PRIVADO";"II-E";"00032362";"CLINICA DR. POEMAPE - CLINIPOEMAPE";"241400";"HOSPITALIZACIÓN QUIRÚRGICA GINECO - OBSTETRICIA ";"1";"1";"2";"1";"2";"3";"0"
"2023";"11";"150605";"LIMA";"HUARAL";"CHANCAY";"PRIVADO";"II-E";"00032362";"CLINICA DR. POEMAPE - CLINIPOEMAPE";"240100";"HOSPITALIZACIÓN QUIRÚRGICA CIRUGÍA GENERAL ";"13";"13";"26";"2";"2";"3";"0"
"2023";"12";"060101";"CAJAMARCA";"CAJAMARCA";"CAJAMARCA";"SANIDAD DE LA POLICIA NACIONAL DEL PERU";"I-3";"00009296";"POLICLINICO PNP CAJAMARCA";"NE_0002";"";"NE_0002";"NE_0002";"NE_0002";"NE_0002";"NE_0002";"NE_0002";"NE_0002"
"2023";"12";"140101";"LAMBAYEQUE";"CHICLAYO";"CHICLAYO";"PRIVADO";"II-E";"00026707";"CLÍNICA OFTALMOLÓGICA VIDAVAS SAC";"NE_0001";"";"NE_0001";"NE_0001";"NE_0001";"NE_0001";"NE_0001";"NE_0001";"NE_0001"
"2023";"12";"050906";"AYACUCHO";"SUCRE";"MORCOLLA";"GOBIERNO REGIONAL";"I-1";"00003812";"PUESTO DE SALUD HUACO";"NE_0001";"";"NE_0001";"NE_0001";"NE_0001";"NE_0001";"NE_0001";"NE_0001";"NE_0001"
"2023";"12";"050901";"AYACUCHO";"SUCRE";"QUEROBAMBA";"GOBIERNO REGIONAL";"I-1";"00003809";"PUESTO DE SALUD CHONTA";"NE_0001";"";"NE_0001";"NE_0001";"NE_0001";"NE_0001";"NE_0001";"NE_0001";"NE_0001"
"2023";"12";"050906";"AYACUCHO";"SUCRE";"MORCOLLA";"GOBIERNO REGIONAL";"I-1";"00003810";"PUESTO DE SALUD MORCOLLA";"NE_0001";"";"NE_0001";"NE_0001";"NE_0001";"NE_0001";"NE_0001";"NE_0001";"NE_0001"
"2023";"12";"050906";"AYACUCHO";"SUCRE";"MORCOLLA";"GOBIERNO REGIONAL";"I-1";"00003811";"PUESTO DE SALUD TINTAY";"NE_0001";"";"NE_0001";"NE_0001";"NE_0001";"NE_0001";"NE_0001";"NE_0001";"NE_0001"
"2023";"12";"050907";"AYACUCHO";"SUCRE";"PAICO";"GOBIERNO REGIONAL";"I-1";"00003814";"PUESTO DE SALUD SIHUE";"NE_0001";"";"NE_0001";"NE_0001";"NE_0001";"NE_0001";"NE_0001";"NE_0001";"NE_0001"
"2023";"12";"050910";"AYACUCHO";"SUCRE";"SANTIAGO DE PAUCARAY";"GOBIERNO REGIONAL";"I-1";"00003816";"PUESTO DE SALUD SANTIAGO DE PAUCARAY";"NE_0001";"";"NE_0001";"NE_0001";"NE_0001";"NE_0001";"NE_0001";"NE_0001";"NE_0001"
"2023";"12";"050911";"AYACUCHO";"SUCRE";"SORAS";"GOBIERNO REGIONAL";"I-3";"00003818";"CENTRO DE SALUD SORAS";"241600";"HOSPITALIZACIÓN QUIRÚRGICA OBSTETRICIA   ";"1";"1";"2";"1";"2";"3";"2"
"2023";"12";"050902";"AYACUCHO";"SUCRE";"BELEN";"GOBIERNO REGIONAL";"I-1";"00003803";"PUESTO DE SALUD BELEN";"NE_0001";"";"NE_0001";"NE_0001";"NE_0001";"NE_0001";"NE_0001";"NE_0001";"NE_0001"
"2023";"12";"050909";"AYACUCHO";"SUCRE";"SAN SALVADOR DE QUIJE";"GOBIERNO REGIONAL";"I-1";"00003807";"PUESTO DE SALUD SANTIAGO DE PALLCCA";"NE_0001";"";"NE_0001";"NE_0001";"NE_0001";"NE_0001";"NE_0001";"NE_0001";"NE_0001"
"2023";"12";"050903";"AYACUCHO";"SUCRE";"CHALCOS";"GOBIERNO REGIONAL";"I-1";"00003804";"PUESTO DE SALUD CHALCOS";"NE_0001";"";"NE_0001";"NE_0001";"NE_0001";"NE_0001";"NE_0001";"NE_0001";"NE_0001"
"2023";"12";"050908";"AYACUCHO";"SUCRE";"SAN PEDRO DE LARCAY";"GOBIERNO REGIONAL";"I-2";"00003815";"SAN PEDRO DE LARCAY";"NE_0001";"";"NE_0001";"NE_0001";"NE_0001";"NE_0001";"NE_0001";"NE_0001";"NE_0001"
"2023";"12";"050910";"AYACUCHO";"SUCRE";"SANTIAGO DE PAUCARAY";"GOBIERNO REGIONAL";"I-1";"00003817";"PUESTO DE SALUD ATIHUARA";"NE_0001";"";"NE_0001";"NE_0001";"NE_0001";"NE_0001";"NE_0001";"NE_0001";"NE_0001"
"2023";"12";"050909";"AYACUCHO";"SUCRE";"SAN SALVADOR DE QUIJE";"GOBIERNO REGIONAL";"I-1";"00006900";"PUESTO DE SALUD VISTA ALEGRE - SUCRE";"NE_0001";"";"NE_0001";"NE_0001";"NE_0001";"NE_0001";"NE_0001";"NE_0001";"NE_0001"
"2023";"12";"130701";"LA LIBERTAD";"PACASMAYO";"SAN PEDRO DE LLOC";"ESSALUD";"I-2";"00012097";"POSTA DE SALUD SAN PEDRO DE LLOC";"NE_0001";"";"NE_0001";"NE_0001";"NE_0001";"NE_0001";"NE_0001";"NE_0001";"NE_0001"
"2023";"12";"210601";"PUNO";"HUANCANE";"HUANCANE";"GOBIERNO REGIONAL";"II-1";"00003068";"HOSPITAL LUCIO ALDAZABAL PAUCA";"240100";"HOSPITALIZACIÓN QUIRÚRGICA CIRUGÍA GENERAL ";"1";"1";"13";"13";"4";"124";"0"
"2023";"12";"210601";"PUNO";"HUANCANE";"HUANCANE";"GOBIERNO REGIONAL";"II-1";"00003068";"HOSPITAL LUCIO ALDAZABAL PAUCA";"241500";"HOSPITALIZACIÓN QUIRÚRGICA GINECOLOGÍA  ";"2";"2";"6";"6";"4";"124";"0"
"2023";"12";"210601";"PUNO";"HUANCANE";"HUANCANE";"GOBIERNO REGIONAL";"II-1";"00003068";"HOSPITAL LUCIO ALDAZABAL PAUCA";"241600";"HOSPITALIZACIÓN QUIRÚRGICA OBSTETRICIA   ";"34";"34";"85";"85";"5";"155";"0"
"2023";"12";"210601";"PUNO";"HUANCANE";"HUANCANE";"GOBIERNO REGIONAL";"II-1";"00003068";"HOSPITAL LUCIO ALDAZABAL PAUCA";"241800";"HOSPITALIZACIÓN DE MEDICINA MEDICINA GENERAL ";"29";"29";"83";"83";"10";"310";"3"
"2023";"12";"210601";"PUNO";"HUANCANE";"HUANCANE";"GOBIERNO REGIONAL";"II-1";"00003068";"HOSPITAL LUCIO ALDAZABAL PAUCA";"242500";"HOSPITALIZACIÓN-PEDIATRÍA GENERAL-";"4";"4";"11";"22";"5";"155";"0"
"2023";"12";"210601";"PUNO";"HUANCANE";"HUANCANE";"GOBIERNO REGIONAL";"II-1";"00003068";"HOSPITAL LUCIO ALDAZABAL PAUCA";"243200";"HOSPITALIZACIÓN DE PEDIATRÍA PEDIATRIA NEONATOLOGÍA";"1";"1";"2";"2";"3";"93";"0"
"2023";"12";"080910";"CUSCO";"LA CONVENCION";"PICHARI";"GOBIERNO REGIONAL";"I-2";"00007113";"NATIVIDAD";"NE_0001";"";"NE_0001";"NE_0001";"NE_0001";"NE_0001";"NE_0001";"NE_0001";"NE_0001"
"2023";"12";"080910";"CUSCO";"LA CONVENCION";"PICHARI";"GOBIERNO REGIONAL";"I-2";"00002498";"PUERTO MAYO";"NE_0001";"";"NE_0001";"NE_0001";"NE_0001";"NE_0001";"NE_0001";"NE_0001";"NE_0001"
"2023";"12";"080910";"CUSCO";"LA CONVENCION";"PICHARI";"GOBIERNO REGIONAL";"I-4";"00002494";"PICHARI";"NE_0001";"";"NE_0001";"NE_0001";"NE_0001";"NE_0001";"NE_0001";"NE_0001";"NE_0001"
"2023";"12";"080910";"CUSCO";"LA CONVENCION";"PICHARI";"GOBIERNO REGIONAL";"I-1";"00002497";"OTARI";"NE_0001";"";"NE_0001";"NE_0001";"NE_0001";"NE_0001";"NE_0001";"NE_0001";"NE_0001"
"2023";"12";"150131";"LIMA";"LIMA";"SAN ISIDRO";"PRIVADO";"I-2";"00008215";"MEDICENTRO SAN ISIDRO";"NE_0001";"";"NE_0001";"NE_0001";"NE_0001";"NE_0001";"NE_0001";"NE_0001";"NE_0001"
"2023";"12";"150140";"LIMA";"LIMA";"SANTIAGO DE SURCO";"PRIVADO";"I-3";"00024299";"CLINICA INTERNACIONAL - SEDE SURCO";"NE_0001";"";"NE_0001";"NE_0001";"NE_0001";"NE_0001";"NE_0001";"NE_0001";"NE_0001"
"2023";"12";"150101";"LIMA";"LIMA";"LIMA";"PRIVADO";"I-3";"00016948";"MEDICENTRO COLMENA DE LA CLÍNICA INTERNACIONAL";"NE_0001";"";"NE_0001";"NE_0001";"NE_0001";"NE_0001";"NE_0001";"NE_0001";"NE_0001"
"2023";"12";"150101";"LIMA";"LIMA";"LIMA";"PRIVADO";"II-2";"00015610";"Clínica Internacional - Sede Lima";"240000";"HOSPITALIZACIÓN";"581";"591";"2694";"2018";"83";"2573";"0"
"2023";"12";"150130";"LIMA";"LIMA";"SAN BORJA";"PRIVADO";"II-2";"00009682";"CLÍNICA INTERNACIONAL";"240000";"HOSPITALIZACIÓN";"533";"615";"2694";"2627";"102";"3162";"0"
"2023";"12";"250101";"UCAYALI";"CORONEL PORTILLO";"CALLERIA";"GOBIERNO REGIONAL";"I-3";"00028683";"CENTRO DE SALUD MENTAL COMUNITARIO BENA MANATI";"NE_0001";"";"NE_0001";"NE_0001";"NE_0001";"NE_0001";"NE_0001";"NE_0001";"NE_0001"
"2023";"12";"250105";"UCAYALI";"CORONEL PORTILLO";"YARINACOCHA";"GOBIERNO REGIONAL";"I-2";"00005559";"SHIRAMBARI.";"NE_0001";"";"NE_0001";"NE_0001";"NE_0001";"NE_0001";"NE_0001";"NE_0001";"NE_0001"
"2023";"12";"250102";"UCAYALI";"CORONEL PORTILLO";"CAMPOVERDE";"GOBIERNO REGIONAL";"I-1";"00021550";"ALTO 9 DE FEBRERO";"NE_0001";"";"NE_0001";"NE_0001";"NE_0001";"NE_0001";"NE_0001";"NE_0001";"NE_0001"
"2023";"12";"250102";"UCAYALI";"CORONEL PORTILLO";"CAMPOVERDE";"GOBIERNO REGIONAL";"I-1";"00005436";"LA VICTORIA";"NE_0001";"";"NE_0001";"NE_0001";"NE_0001";"NE_0001";"NE_0001";"NE_0001";"NE_0001"
"2023";"12";"250102";"UCAYALI";"CORONEL PORTILLO";"CAMPOVERDE";"GOBIERNO REGIONAL";"I-3";"00005426";"CAMPO VERDE";"NE_0001";"";"NE_0001";"NE_0001";"NE_0001";"NE_0001";"NE_0001";"NE_0001";"NE_0001"
"2023";"12";"250102";"UCAYALI";"CORONEL PORTILLO";"CAMPOVERDE";"GOBIERNO REGIONAL";"I-2";"00005432";"PIMENTAL";"NE_0001";"";"NE_0001";"NE_0001";"NE_0001";"NE_0001";"NE_0001";"NE_0001";"NE_0001"
"2023";"12";"250102";"UCAYALI";"CORONEL PORTILLO";"CAMPOVERDE";"GOBIERNO REGIONAL";"I-1";"00005435";"EL PORVENIR KM 25";"NE_0001";"";"NE_0001";"NE_0001";"NE_0001";"NE_0001";"NE_0001";"NE_0001";"NE_0001"
"2023";"12";"250102";"UCAYALI";"CORONEL PORTILLO";"CAMPOVERDE";"GOBIERNO REGIONAL";"I-1";"00005441";"SEÑOR DE LOS MILAGROS KM 24";"NE_0001";"";"NE_0001";"NE_0001";"NE_0001";"NE_0001";"NE_0001";"NE_0001";"NE_0001"
"2023";"12";"250102";"UCAYALI";"CORONEL PORTILLO";"CAMPOVERDE";"GOBIERNO REGIONAL";"I-2";"00007081";"LA MERCED DE NESHUYA";"NE_0001";"";"NE_0001";"NE_0001";"NE_0001";"NE_0001";"NE_0001";"NE_0001";"NE_0001"
"2023";"12";"250102";"UCAYALI";"CORONEL PORTILLO";"CAMPOVERDE";"GOBIERNO REGIONAL";"I-1";"00012260";"TIERRA BUENA";"NE_0001";"";"NE_0001";"NE_0001";"NE_0001";"NE_0001";"NE_0001";"NE_0001";"NE_0001"
"2023";"12";"250102";"UCAYALI";"CORONEL PORTILLO";"CAMPOVERDE";"GOBIERNO REGIONAL";"I-1";"00007080";"YERBAS BUENAS";"NE_0001";"";"NE_0001";"NE_0001";"NE_0001";"NE_0001";"NE_0001";"NE_0001";"NE_0001"
"2023";"12";"250102";"UCAYALI";"CORONEL PORTILLO";"CAMPOVERDE";"GOBIERNO REGIONAL";"I-1";"00005437";"ANTONIO RAYMONDI";"NE_0001";"";"NE_0001";"NE_0001";"NE_0001";"NE_0001";"NE_0001";"NE_0001";"NE_0001"
"2023";"12";"250102";"UCAYALI";"CORONEL PORTILLO";"CAMPOVERDE";"GOBIERNO REGIONAL";"I-1";"00005440";"LOS PINOS";"NE_0001";"";"NE_0001";"NE_0001";"NE_0001";"NE_0001";"NE_0001";"NE_0001";"NE_0001"
"2023";"12";"250102";"UCAYALI";"CORONEL PORTILLO";"CAMPOVERDE";"GOBIERNO REGIONAL";"I-1";"00011909";"NUEVA TUNUYA";"NE_0001";"";"NE_0001";"NE_0001";"NE_0001";"NE_0001";"NE_0001";"NE_0001";"NE_0001"
"2023";"12";"250102";"UCAYALI";"CORONEL PORTILLO";"CAMPOVERDE";"GOBIERNO REGIONAL";"I-1";"00025879";"PUESTO DE SALUD AMAKELLA";"NE_0001";"";"NE_0001";"NE_0001";"NE_0001";"NE_0001";"NE_0001";"NE_0001";"NE_0001"
"2023";"12";"100504";"HUANUCO";"HUAMALIES";"JACAS GRANDE";"GOBIERNO REGIONAL";"I-1";"00006674";"NUEVAS FLORES";"NE_0001";"";"NE_0001";"NE_0001";"NE_0001";"NE_0001";"NE_0001";"NE_0001";"NE_0001"
"2023";"12";"230302";"TACNA";"JORGE BASADRE";"ILABAYA";"ESSALUD";"I-2";"00010191";"CENTRO DE ATENCION PRIMARIA I   ILABAYA";"NE_0001";"";"NE_0001";"NE_0001";"NE_0001";"NE_0001";"NE_0001";"NE_0001";"NE_0001"
"2023";"12";"080906";"CUSCO";"LA CONVENCION";"QUELLOUNO";"GOBIERNO REGIONAL";"I-2";"00002466";"HUILLCAPAMPA";"NE_0001";"";"NE_0001";"NE_0001";"NE_0001";"NE_0001";"NE_0001";"NE_0001";"NE_0001"
"2023";"12";"080408";"CUSCO";"CALCA";"YANATILE";"GOBIERNO REGIONAL";"I-1";"00002363";"TUPAC AMARU QUELLOUNO";"NE_0001";"";"NE_0001";"NE_0001";"NE_0001";"NE_0001";"NE_0001";"NE_0001";"NE_0001"
"2023";"12";"080905";"CUSCO";"LA CONVENCION";"OCOBAMBA";"GOBIERNO REGIONAL";"I-1";"00002463";"CHINGANILLA";"NE_0001";"";"NE_0001";"NE_0001";"NE_0001";"NE_0001";"NE_0001";"NE_0001";"NE_0001"
"2023";"12";"080901";"CUSCO";"LA CONVENCION";"SANTA ANA";"GOBIERNO REGIONAL";"I-1";"00002424";"POTRERO";"NE_0001";"";"NE_0001";"NE_0001";"NE_0001";"NE_0001";"NE_0001";"NE_0001";"NE_0001"
"2023";"12";"080902";"CUSCO";"LA CONVENCION";"ECHARATE";"GOBIERNO REGIONAL";"I-1";"00002446";"CHACCO";"NE_0001";"";"NE_0001";"NE_0001";"NE_0001";"NE_0001";"NE_0001";"NE_0001";"NE_0001"
"2023";"12";"080902";"CUSCO";"LA CONVENCION";"ECHARATE";"GOBIERNO REGIONAL";"I-2";"00002425";"ECHARATE";"NE_0001";"";"NE_0001";"NE_0001";"NE_0001";"NE_0001";"NE_0001";"NE_0001";"NE_0001"
"2023";"12";"080901";"CUSCO";"LA CONVENCION";"SANTA ANA";"GOBIERNO REGIONAL";"I-4";"00008910";"SANTA ANA";"NE_0001";"";"NE_0001";"NE_0001";"NE_0001";"NE_0001";"NE_0001";"NE_0001";"NE_0001"
"2023";"12";"080901";"CUSCO";"LA CONVENCION";"SANTA ANA";"GOBIERNO REGIONAL";"I-1";"00002422";"HUAYANAY";"NE_0001";"";"NE_0001";"NE_0001";"NE_0001";"NE_0001";"NE_0001";"NE_0001";"NE_0001"
"2023";"12";"080901";"CUSCO";"LA CONVENCION";"SANTA ANA";"GOBIERNO REGIONAL";"I-1";"00002423";"IDMA";"NE_0001";"";"NE_0001";"NE_0001";"NE_0001";"NE_0001";"NE_0001";"NE_0001";"NE_0001"
"2023";"12";"080902";"CUSCO";"LA CONVENCION";"ECHARATE";"GOBIERNO REGIONAL";"I-2";"00002430";"PAMPA CONCEPCION";"NE_0001";"";"NE_0001";"NE_0001";"NE_0001";"NE_0001";"NE_0001";"NE_0001";"NE_0001"
"2023";"12";"080901";"CUSCO";"LA CONVENCION";"SANTA ANA";"GOBIERNO REGIONAL";"I-3";"00015842";"PAVAYOC";"NE_0001";"";"NE_0001";"NE_0001";"NE_0001";"NE_0001";"NE_0001";"NE_0001";"NE_0001"
"2023";"12";"040401";"AREQUIPA";"CASTILLA";"APLAO";"GOBIERNO REGIONAL";"I-3";"00024409";"CENTRO DE SALUD MENTAL COMUNITARIO LA REAL C.C.U.";"NE_0001";"";"NE_0001";"NE_0001";"NE_0001";"NE_0001";"NE_0001";"NE_0001";"NE_0001"
"2023";"12";"080707";"CUSCO";"CHUMBIVILCAS";"QUIÑOTA";"GOBIERNO REGIONAL";"I-1";"00006984";"CCOLLANA";"NE_0001";"";"NE_0001";"NE_0001";"NE_0001";"NE_0001";"NE_0001";"NE_0001";"NE_0001"
"2023";"12";"080706";"CUSCO";"CHUMBIVILCAS";"LLUSCO";"GOBIERNO REGIONAL";"I-1";"00027008";"ANTUYO";"NE_0001";"";"NE_0001";"NE_0001";"NE_0001";"NE_0001";"NE_0001";"NE_0001";"NE_0001"
"2023";"12";"080707";"CUSCO";"CHUMBIVILCAS";"QUIÑOTA";"GOBIERNO REGIONAL";"I-1";"00025369";"PUMALLACTA";"NE_0001";"";"NE_0001";"NE_0001";"NE_0001";"NE_0001";"NE_0001";"NE_0001";"NE_0001"
"2023";"12";"080706";"CUSCO";"CHUMBIVILCAS";"LLUSCO";"GOBIERNO REGIONAL";"I-2";"00006747";"LUTTO";"NE_0001";"";"NE_0001";"NE_0001";"NE_0001";"NE_0001";"NE_0001";"NE_0001";"NE_0001"
"2023";"12";"080706";"CUSCO";"CHUMBIVILCAS";"LLUSCO";"GOBIERNO REGIONAL";"I-2";"00002407";"LLUSCO";"NE_0001";"";"NE_0001";"NE_0001";"NE_0001";"NE_0001";"NE_0001";"NE_0001";"NE_0001"
"2023";"12";"080707";"CUSCO";"CHUMBIVILCAS";"QUIÑOTA";"GOBIERNO REGIONAL";"I-2";"00002408";"QUIÑOTA";"NE_0001";"";"NE_0001";"NE_0001";"NE_0001";"NE_0001";"NE_0001";"NE_0001";"NE_0001"
"2023";"12";"080706";"CUSCO";"CHUMBIVILCAS";"LLUSCO";"GOBIERNO REGIONAL";"I-1";"00006985";"TOTORAPALLCA";"NE_0001";"";"NE_0001";"NE_0001";"NE_0001";"NE_0001";"NE_0001";"NE_0001";"NE_0001"
"2023";"12";"040126";"AREQUIPA";"AREQUIPA";"YANAHUARA";"PRIVADO";"II-E";"00018935";"CEFERGIN";"NE_0001";"";"NE_0001";"NE_0001";"NE_0001";"NE_0001";"NE_0001";"NE_0001";"NE_0001"
"2023";"12";"120422";"JUNIN";"JAUJA";"PACA";"GOBIERNO REGIONAL";"I-1";"00000386";"YANACANCHA";"NE_0001";"";"NE_0001";"NE_0001";"NE_0001";"NE_0001";"NE_0001";"NE_0001";"NE_0001"
"2023";"12";"120426";"JUNIN";"JAUJA";"POMACANCHA";"GOBIERNO REGIONAL";"I-2";"00000388";"POMACANCHA";"NE_0001";"";"NE_0001";"NE_0001";"NE_0001";"NE_0001";"NE_0001";"NE_0001";"NE_0001"
"2023";"12";"220808";"SAN MARTIN";"RIOJA";"YORONGOS";"GOBIERNO REGIONAL";"I-1";"00006276";"PUESTO DE SALUD NUEVO TABALOSOS";"NE_0002";"";"NE_0002";"NE_0002";"NE_0002";"NE_0002";"NE_0002";"NE_0002";"NE_0002"
"2023";"12";"220801";"SAN MARTIN";"RIOJA";"RIOJA";"GOBIERNO REGIONAL";"I-1";"00006280";"PUESTO DE SALUD PORVENIR";"NE_0002";"";"NE_0002";"NE_0002";"NE_0002";"NE_0002";"NE_0002";"NE_0002";"NE_0002"
"2023";"12";"220801";"SAN MARTIN";"RIOJA";"RIOJA";"GOBIERNO REGIONAL";"I-1";"00006708";"PUESTO DE SALUD PERLA DE CASCAYUNGA";"NE_0002";"";"NE_0002";"NE_0002";"NE_0002";"NE_0002";"NE_0002";"NE_0002";"NE_0002"
"2023";"12";"220806";"SAN MARTIN";"RIOJA";"POSIC";"GOBIERNO REGIONAL";"I-1";"00006274";"PUESTO DE SALUD POSIC";"NE_0002";"";"NE_0002";"NE_0002";"NE_0002";"NE_0002";"NE_0002";"NE_0002";"NE_0002"
"2023";"12";"220801";"SAN MARTIN";"RIOJA";"RIOJA";"GOBIERNO REGIONAL";"I-4";"00006270";"CENTRO DE SALUD NUEVA RIOJA";"241600";"HOSPITALIZACIÓN QUIRÚRGICA OBSTETRICIA   ";"5";"5";"5";"5";"5";"186";"0"
"2023";"12";"220801";"SAN MARTIN";"RIOJA";"RIOJA";"GOBIERNO REGIONAL";"I-4";"00006270";"CENTRO DE SALUD NUEVA RIOJA";"241800";"HOSPITALIZACIÓN DE MEDICINA MEDICINA GENERAL ";"50";"50";"150";"5";"5";"496";"0"
"2023";"12";"220808";"SAN MARTIN";"RIOJA";"YORONGOS";"GOBIERNO REGIONAL";"I-3";"00006275";"PUESTO DE SALUD YORONGOS";"NE_0002";"";"NE_0002";"NE_0002";"NE_0002";"NE_0002";"NE_0002";"NE_0002";"NE_0002"
"2023";"12";"220801";"SAN MARTIN";"RIOJA";"RIOJA";"GOBIERNO REGIONAL";"I-1";"00006271";"PUESTO DE SALUD MASHUYACU";"NE_0002";"";"NE_0002";"NE_0002";"NE_0002";"NE_0002";"NE_0002";"NE_0002";"NE_0002"
"2023";"12";"220801";"SAN MARTIN";"RIOJA";"RIOJA";"GOBIERNO REGIONAL";"I-1";"00006273";"PUESTO DE SALUD TAMBO";"NE_0002";"";"NE_0002";"NE_0002";"NE_0002";"NE_0002";"NE_0002";"NE_0002";"NE_0002"
"2023";"12";"120301";"JUNIN";"CHANCHAMAYO";"CHANCHAMAYO";"ESSALUD";"II-1";"00008656";"HOSPITAL  SELVA CENTRAL Y ENFERMEDADES TROPICALES LA MERCED";"241800";"HOSPITALIZACIÓN DE MEDICINA MEDICINA GENERAL ";"45";"43";"248";"248";"8";"248";"3"
"2023";"12";"120301";"JUNIN";"CHANCHAMAYO";"CHANCHAMAYO";"ESSALUD";"II-1";"00008656";"HOSPITAL  SELVA CENTRAL Y ENFERMEDADES TROPICALES LA MERCED";"240100";"HOSPITALIZACIÓN QUIRÚRGICA CIRUGÍA GENERAL ";"71";"71";"251";"242";"10";"310";"0"
"2023";"12";"120301";"JUNIN";"CHANCHAMAYO";"CHANCHAMAYO";"ESSALUD";"II-1";"00008656";"HOSPITAL  SELVA CENTRAL Y ENFERMEDADES TROPICALES LA MERCED";"241500";"HOSPITALIZACIÓN QUIRÚRGICA GINECOLOGÍA  ";"8";"8";"18";"18";"2";"62";"0"
"2023";"12";"120301";"JUNIN";"CHANCHAMAYO";"CHANCHAMAYO";"ESSALUD";"II-1";"00008656";"HOSPITAL  SELVA CENTRAL Y ENFERMEDADES TROPICALES LA MERCED";"241600";"HOSPITALIZACIÓN QUIRÚRGICA OBSTETRICIA   ";"48";"48";"113";"113";"4";"124";"0"
"2023";"12";"120301";"JUNIN";"CHANCHAMAYO";"CHANCHAMAYO";"ESSALUD";"II-1";"00008656";"HOSPITAL  SELVA CENTRAL Y ENFERMEDADES TROPICALES LA MERCED";"242300";"HOSPITALIZACIÓN DE PEDIATRÍA  PEDIATRÍA  GENERAL ";"52";"52";"124";"124";"4";"124";"0"
"2023";"12";"021801";"ANCASH";"SANTA";"CHIMBOTE";"PRIVADO";"II-1";"00010987";"INSTITUTO MEDICO ESPECIALIZADO UROGINEC EIRL";"240000";"HOSPITALIZACIÓN";"7";"7";"7";"7";"7";"217";"0"
"2023";"12";"110201";"ICA";"CHINCHA";"CHINCHA ALTA";"PRIVADO";"II-E";"00025160";"CLIN. DANIEL A. CARRION";"NE_0001";"";"NE_0001";"NE_0001";"NE_0001";"NE_0001";"NE_0001";"NE_0001";"NE_0001"
"2023";"12";"100301";"HUANUCO";"DOS DE MAYO";"LA UNION";"ESSALUD";"I-3";"00027084";"POSTA MEDICA LA UNION";"NE_0001";"";"NE_0001";"NE_0001";"NE_0001";"NE_0001";"NE_0001";"NE_0001";"NE_0001"
"2023";"12";"081205";"CUSCO";"QUISPICANCHI";"CCATCA";"GOBIERNO REGIONAL";"I-2";"00002529";"KCAURY";"NE_0002";"";"NE_0002";"NE_0002";"NE_0002";"NE_0002";"NE_0002";"NE_0002";"NE_0002"
"2023";"12";"081210";"CUSCO";"QUISPICANCHI";"OCONGATE";"GOBIERNO REGIONAL";"I-2";"00006977";"TINKI";"NE_0002";"";"NE_0002";"NE_0002";"NE_0002";"NE_0002";"NE_0002";"NE_0002";"NE_0002"
"2023";"12";"081203";"CUSCO";"QUISPICANCHI";"CAMANTI";"GOBIERNO REGIONAL";"I-3";"00002526";"QUINCE MIL";"NE_0002";"";"NE_0002";"NE_0002";"NE_0002";"NE_0002";"NE_0002";"NE_0002";"NE_0002"
"2023";"12";"081205";"CUSCO";"QUISPICANCHI";"CCATCA";"GOBIERNO REGIONAL";"I-4";"00002528";"CCATCCA";"NE_0002";"";"NE_0002";"NE_0002";"NE_0002";"NE_0002";"NE_0002";"NE_0002";"NE_0002"
"2023";"12";"081210";"CUSCO";"QUISPICANCHI";"OCONGATE";"GOBIERNO REGIONAL";"I-4";"00002536";"OCONGATE";"NE_0002";"";"NE_0002";"NE_0002";"NE_0002";"NE_0002";"NE_0002";"NE_0002";"NE_0002"
"2023";"12";"150101";"LIMA";"LIMA";"LIMA";"PRIVADO";"I-3";"00027276";"POLICLINICO  ARTHRO MEDS";"NE_0001";"";"NE_0001";"NE_0001";"NE_0001";"NE_0001";"NE_0001";"NE_0001";"NE_0001"
"2023";"12";"220206";"SAN MARTIN";"BELLAVISTA";"SAN RAFAEL";"GOBIERNO REGIONAL";"I-1";"00006518";"CRISTINO GARCIA CARHUAPOMA";"NE_0001";"";"NE_0001";"NE_0001";"NE_0001";"NE_0001";"NE_0001";"NE_0001";"NE_0001"
"2023";"12";"220406";"SAN MARTIN";"HUALLAGA";"TINGO DE SAPOSOA";"GOBIERNO REGIONAL";"I-1";"00006546";"TINGO DE SAPOSOA";"NE_0001";"";"NE_0001";"NE_0001";"NE_0001";"NE_0001";"NE_0001";"NE_0001";"NE_0001"
"2023";"12";"220201";"SAN MARTIN";"BELLAVISTA";"BELLAVISTA";"GOBIERNO REGIONAL";"I-1";"00006512";"NUEVA FLORIDA";"NE_0001";"";"NE_0001";"NE_0001";"NE_0001";"NE_0001";"NE_0001";"NE_0001";"NE_0001"
"2023";"12";"220201";"SAN MARTIN";"BELLAVISTA";"BELLAVISTA";"GOBIERNO REGIONAL";"I-1";"00006505";"LIMON";"NE_0001";"";"NE_0001";"NE_0001";"NE_0001";"NE_0001";"NE_0001";"NE_0001";"NE_0001"
"2023";"12";"160108";"LORETO";"MAYNAS";"PUNCHANA";"GOBIERNO REGIONAL";"III-1";"00000003";"HOSPITAL REGIONAL DE LORETO ""FELIPE SANTIAGO ARRIOLA IGLESIAS""";"250109";"UNIDAD DE CUIDADOS CRITICOS UNIDAD  DE CUIDADOS INTENSIVOS  (UCI) QUIRÚRGICA";"5";"4";"24";"38";"8";"248";"1"
"2023";"12";"160108";"LORETO";"MAYNAS";"PUNCHANA";"GOBIERNO REGIONAL";"III-1";"00000003";"HOSPITAL REGIONAL DE LORETO ""FELIPE SANTIAGO ARRIOLA IGLESIAS""";"250400";"UNIDAD DE CUIDADOS CRITICOS UNIDAD DE QUEMADOS (GRAN QUEMADO) ";"2";"4";"153";"117";"5";"155";"0"
"2023";"12";"160108";"LORETO";"MAYNAS";"PUNCHANA";"GOBIERNO REGIONAL";"III-1";"00000003";"HOSPITAL REGIONAL DE LORETO ""FELIPE SANTIAGO ARRIOLA IGLESIAS""";"250105";"UNIDAD DE CUIDADOS CRITICOS UNIDAD  DE CUIDADOS INTENSIVOS  (UCI) NEONATOLOGÍA";"1";"5";"47";"190";"7";"217";"5"
"2023";"12";"160108";"LORETO";"MAYNAS";"PUNCHANA";"GOBIERNO REGIONAL";"III-1";"00000003";"HOSPITAL REGIONAL DE LORETO ""FELIPE SANTIAGO ARRIOLA IGLESIAS""";"250201";"UNIDAD DE CUIDADOS CRITICOS UNIDAD DE CUIDADOS INTERMEDIOS  (UCIN) NEONATAL";"22";"28";"361";"454";"15";"465";"0"
"2023";"12";"160108";"LORETO";"MAYNAS";"PUNCHANA";"GOBIERNO REGIONAL";"III-1";"00000003";"HOSPITAL REGIONAL DE LORETO ""FELIPE SANTIAGO ARRIOLA IGLESIAS""";"242100";"HOSPITALIZACIÓN DE MEDICINA ONCOLOGÍA MÉDICA ";"3";"2";"23";"2";"4";"124";"1"
"2023";"12";"160108";"LORETO";"MAYNAS";"PUNCHANA";"GOBIERNO REGIONAL";"III-1";"00000003";"HOSPITAL REGIONAL DE LORETO ""FELIPE SANTIAGO ARRIOLA IGLESIAS""";"242205";"HOSPITALIZACIÓN MEDICINA PSIQUIATRÍA PISIQUIATRIA/ SALUD MENTAL Y ADICCIONES";"1";"2";"1136";"247";"11";"330";"0"
"2023";"08";"220901";"SAN MARTIN";"SAN MARTIN";"TARAPOTO";"PRIVADO";"II-E";"00032615";"CLINICA RODRIGUEZ Y ESPECIALISTAS";"240100";"HOSPITALIZACIÓN QUIRÚRGICA CIRUGÍA GENERAL ";"13";"15";"83";"48";"8";"104";"0"
"2023";"08";"220901";"SAN MARTIN";"SAN MARTIN";"TARAPOTO";"PRIVADO";"II-E";"00032615";"CLINICA RODRIGUEZ Y ESPECIALISTAS";"241800";"HOSPITALIZACIÓN DE MEDICINA MEDICINA GENERAL ";"11";"10";"36";"57";"8";"104";"0"
"2023";"09";"220901";"SAN MARTIN";"SAN MARTIN";"TARAPOTO";"PRIVADO";"II-E";"00032615";"CLINICA RODRIGUEZ Y ESPECIALISTAS";"240100";"HOSPITALIZACIÓN QUIRÚRGICA CIRUGÍA GENERAL ";"26";"19";"58";"65";"8";"200";"0"
"2023";"09";"220901";"SAN MARTIN";"SAN MARTIN";"TARAPOTO";"PRIVADO";"II-E";"00032615";"CLINICA RODRIGUEZ Y ESPECIALISTAS";"241800";"HOSPITALIZACIÓN DE MEDICINA MEDICINA GENERAL ";"15";"12";"57";"46";"8";"104";"0"
"2023";"10";"220901";"SAN MARTIN";"SAN MARTIN";"TARAPOTO";"PRIVADO";"II-E";"00032615";"CLINICA RODRIGUEZ Y ESPECIALISTAS";"240100";"HOSPITALIZACIÓN QUIRÚRGICA CIRUGÍA GENERAL ";"19";"23";"78";"64";"8";"201";"0"
"2023";"10";"220901";"SAN MARTIN";"SAN MARTIN";"TARAPOTO";"PRIVADO";"II-E";"00032615";"CLINICA RODRIGUEZ Y ESPECIALISTAS";"241800";"HOSPITALIZACIÓN DE MEDICINA MEDICINA GENERAL ";"31";"25";"90";"151";"8";"206";"0"
"2023";"11";"220901";"SAN MARTIN";"SAN MARTIN";"TARAPOTO";"PRIVADO";"II-E";"00032615";"CLINICA RODRIGUEZ Y ESPECIALISTAS";"240100";"HOSPITALIZACIÓN QUIRÚRGICA CIRUGÍA GENERAL ";"20";"19";"66";"73";"8";"176";"0"
"2023";"11";"220901";"SAN MARTIN";"SAN MARTIN";"TARAPOTO";"PRIVADO";"II-E";"00032615";"CLINICA RODRIGUEZ Y ESPECIALISTAS";"241800";"HOSPITALIZACIÓN DE MEDICINA MEDICINA GENERAL ";"14";"12";"33";"41";"8";"128";"0"
"2023";"06";"220901";"SAN MARTIN";"SAN MARTIN";"TARAPOTO";"PRIVADO";"II-E";"00026411";"CLINICA VIRGEN DE LAS MERCEDES";"240100";"HOSPITALIZACIÓN QUIRÚRGICA CIRUGÍA GENERAL ";"107";"112";"424";"239";"20";"2603";"0"
"2023";"07";"220901";"SAN MARTIN";"SAN MARTIN";"TARAPOTO";"PRIVADO";"II-E";"00026411";"CLINICA VIRGEN DE LAS MERCEDES";"240100";"HOSPITALIZACIÓN QUIRÚRGICA CIRUGÍA GENERAL ";"94";"93";"289";"229";"20";"600";"0"
"2023";"08";"220901";"SAN MARTIN";"SAN MARTIN";"TARAPOTO";"PRIVADO";"II-E";"00026411";"CLINICA VIRGEN DE LAS MERCEDES";"240100";"HOSPITALIZACIÓN QUIRÚRGICA CIRUGÍA GENERAL ";"111";"100";"302";"351";"20";"600";"0"
"2023";"09";"220901";"SAN MARTIN";"SAN MARTIN";"TARAPOTO";"PRIVADO";"II-E";"00026411";"CLINICA VIRGEN DE LAS MERCEDES";"240100";"HOSPITALIZACIÓN QUIRÚRGICA CIRUGÍA GENERAL ";"108";"116";"363";"259";"20";"600";"0"
"2023";"10";"220901";"SAN MARTIN";"SAN MARTIN";"TARAPOTO";"PRIVADO";"II-E";"00026411";"CLINICA VIRGEN DE LAS MERCEDES";"240100";"HOSPITALIZACIÓN QUIRÚRGICA CIRUGÍA GENERAL ";"120";"113";"408";"337";"20";"640";"0"
"2023";"11";"220901";"SAN MARTIN";"SAN MARTIN";"TARAPOTO";"PRIVADO";"II-E";"00026411";"CLINICA VIRGEN DE LAS MERCEDES";"240100";"HOSPITALIZACIÓN QUIRÚRGICA CIRUGÍA GENERAL ";"114";"118";"397";"336";"20";"600";"0"
"2023";"12";"100101";"HUANUCO";"HUANUCO";"HUANUCO";"PRIVADO";"II-E";"00018192";"CLINICA DE OJOS SANTOS S.R.L";"NE_0001";"";"NE_0001";"NE_0001";"NE_0001";"NE_0001";"NE_0001";"NE_0001";"NE_0001"
"2023";"10";"130101";"LA LIBERTAD";"TRUJILLO";"TRUJILLO";"ESSALUD";"III-1";"00009042";"VICTOR LAZARTE ECHEGARAY";"250200";"UNIDAD DE CUIDADOS CRITICOS UNIDAD DE CUIDADOS INTERMEDIOS GENERAL  (UCIN) ";"24";"22";"328";"872";"33";"1023";"6"
"2023";"10";"130101";"LA LIBERTAD";"TRUJILLO";"TRUJILLO";"ESSALUD";"III-1";"00009042";"VICTOR LAZARTE ECHEGARAY";"241900";"HOSPITALIZACIÓN DE MEDICINA MEDICINA INTERNA ";"120";"120";"1547";"1840";"64";"1984";"14"
"2023";"10";"130101";"LA LIBERTAD";"TRUJILLO";"TRUJILLO";"ESSALUD";"III-1";"00009042";"VICTOR LAZARTE ECHEGARAY";"241300";"HOSPITALIZACIÓN QUIRÚRGICA UROLOGÍA  ";"44";"44";"467";"75";"12";"372";"0"
"2023";"10";"130101";"LA LIBERTAD";"TRUJILLO";"TRUJILLO";"ESSALUD";"III-1";"00009042";"VICTOR LAZARTE ECHEGARAY";"240100";"HOSPITALIZACIÓN QUIRÚRGICA CIRUGÍA GENERAL ";"842";"842";"1123";"969";"43";"1333";"0"
"2023";"10";"130101";"LA LIBERTAD";"TRUJILLO";"TRUJILLO";"ESSALUD";"III-1";"00009042";"VICTOR LAZARTE ECHEGARAY";"241200";"HOSPITALIZACIÓN QUIRÚRGICA TRAUMATOLOGÍA Y ORTOPEDIA ";"57";"56";"615";"272";"20";"620";"2"
"2023";"10";"130101";"LA LIBERTAD";"TRUJILLO";"TRUJILLO";"ESSALUD";"III-1";"00009042";"VICTOR LAZARTE ECHEGARAY";"241500";"HOSPITALIZACIÓN QUIRÚRGICA GINECOLOGÍA  ";"37";"37";"99";"11";"5";"155";"0"
"2023";"10";"130101";"LA LIBERTAD";"TRUJILLO";"TRUJILLO";"ESSALUD";"III-1";"00009042";"VICTOR LAZARTE ECHEGARAY";"241600";"HOSPITALIZACIÓN QUIRÚRGICA OBSTETRICIA   ";"280";"280";"1077";"859";"35";"1085";"0"
"2023";"10";"130101";"LA LIBERTAD";"TRUJILLO";"TRUJILLO";"ESSALUD";"III-1";"00009042";"VICTOR LAZARTE ECHEGARAY";"242300";"HOSPITALIZACIÓN DE PEDIATRÍA  PEDIATRÍA  GENERAL ";"271";"271";"1329";"282";"18";"558";"1"
"2023";"11";"130101";"LA LIBERTAD";"TRUJILLO";"TRUJILLO";"ESSALUD";"III-1";"00009042";"VICTOR LAZARTE ECHEGARAY";"250200";"UNIDAD DE CUIDADOS CRITICOS UNIDAD DE CUIDADOS INTERMEDIOS GENERAL  (UCIN) ";"16";"12";"153";"872";"33";"1023";"3"
"2023";"11";"130101";"LA LIBERTAD";"TRUJILLO";"TRUJILLO";"ESSALUD";"III-1";"00009042";"VICTOR LAZARTE ECHEGARAY";"241900";"HOSPITALIZACIÓN DE MEDICINA MEDICINA INTERNA ";"135";"129";"1210";"1840";"64";"1984";"11"
"2023";"11";"130101";"LA LIBERTAD";"TRUJILLO";"TRUJILLO";"ESSALUD";"III-1";"00009042";"VICTOR LAZARTE ECHEGARAY";"241300";"HOSPITALIZACIÓN QUIRÚRGICA UROLOGÍA  ";"28";"26";"231";"75";"12";"372";"0"
"2023";"11";"130101";"LA LIBERTAD";"TRUJILLO";"TRUJILLO";"ESSALUD";"III-1";"00009042";"VICTOR LAZARTE ECHEGARAY";"240100";"HOSPITALIZACIÓN QUIRÚRGICA CIRUGÍA GENERAL ";"857";"851";"1042";"969";"43";"1333";"3"
"2023";"11";"130101";"LA LIBERTAD";"TRUJILLO";"TRUJILLO";"ESSALUD";"III-1";"00009042";"VICTOR LAZARTE ECHEGARAY";"241200";"HOSPITALIZACIÓN QUIRÚRGICA TRAUMATOLOGÍA Y ORTOPEDIA ";"52";"51";"548";"272";"20";"620";"2"
"2023";"11";"130101";"LA LIBERTAD";"TRUJILLO";"TRUJILLO";"ESSALUD";"III-1";"00009042";"VICTOR LAZARTE ECHEGARAY";"241500";"HOSPITALIZACIÓN QUIRÚRGICA GINECOLOGÍA  ";"36";"36";"103";"11";"5";"155";"0"
"2023";"11";"130101";"LA LIBERTAD";"TRUJILLO";"TRUJILLO";"ESSALUD";"III-1";"00009042";"VICTOR LAZARTE ECHEGARAY";"241600";"HOSPITALIZACIÓN QUIRÚRGICA OBSTETRICIA   ";"274";"271";"775";"859";"35";"1085";"1"
"2023";"11";"130101";"LA LIBERTAD";"TRUJILLO";"TRUJILLO";"ESSALUD";"III-1";"00009042";"VICTOR LAZARTE ECHEGARAY";"242300";"HOSPITALIZACIÓN DE PEDIATRÍA  PEDIATRÍA  GENERAL ";"232";"226";"911";"282";"18";"558";"3"
"2023";"12";"130101";"LA LIBERTAD";"TRUJILLO";"TRUJILLO";"ESSALUD";"III-1";"00009042";"VICTOR LAZARTE ECHEGARAY";"250200";"UNIDAD DE CUIDADOS CRITICOS UNIDAD DE CUIDADOS INTERMEDIOS GENERAL  (UCIN) ";"16";"8";"60";"872";"33";"1023";"2"
"2023";"12";"130101";"LA LIBERTAD";"TRUJILLO";"TRUJILLO";"ESSALUD";"III-1";"00009042";"VICTOR LAZARTE ECHEGARAY";"241900";"HOSPITALIZACIÓN DE MEDICINA MEDICINA INTERNA ";"161";"147";"1295";"1840";"64";"1984";"33"
"2023";"12";"130101";"LA LIBERTAD";"TRUJILLO";"TRUJILLO";"ESSALUD";"III-1";"00009042";"VICTOR LAZARTE ECHEGARAY";"241300";"HOSPITALIZACIÓN QUIRÚRGICA UROLOGÍA  ";"29";"28";"217";"75";"12";"372";"0"
"2023";"12";"130101";"LA LIBERTAD";"TRUJILLO";"TRUJILLO";"ESSALUD";"III-1";"00009042";"VICTOR LAZARTE ECHEGARAY";"240100";"HOSPITALIZACIÓN QUIRÚRGICA CIRUGÍA GENERAL ";"790";"786";"906";"969";"43";"1333";"3"
"2023";"12";"130101";"LA LIBERTAD";"TRUJILLO";"TRUJILLO";"ESSALUD";"III-1";"00009042";"VICTOR LAZARTE ECHEGARAY";"241200";"HOSPITALIZACIÓN QUIRÚRGICA TRAUMATOLOGÍA Y ORTOPEDIA ";"56";"53";"449";"272";"20";"620";"1"
"2023";"12";"130101";"LA LIBERTAD";"TRUJILLO";"TRUJILLO";"ESSALUD";"III-1";"00009042";"VICTOR LAZARTE ECHEGARAY";"241500";"HOSPITALIZACIÓN QUIRÚRGICA GINECOLOGÍA  ";"39";"39";"97";"11";"5";"155";"0"
"2023";"12";"130101";"LA LIBERTAD";"TRUJILLO";"TRUJILLO";"ESSALUD";"III-1";"00009042";"VICTOR LAZARTE ECHEGARAY";"241600";"HOSPITALIZACIÓN QUIRÚRGICA OBSTETRICIA   ";"219";"217";"485";"859";"35";"1085";"0"
"2023";"12";"130101";"LA LIBERTAD";"TRUJILLO";"TRUJILLO";"ESSALUD";"III-1";"00009042";"VICTOR LAZARTE ECHEGARAY";"242300";"HOSPITALIZACIÓN DE PEDIATRÍA  PEDIATRÍA  GENERAL ";"224";"218";"830";"282";"18";"558";"2"
"2023";"12";"150141";"LIMA";"LIMA";"SURQUILLO";"PRIVADO";"I-3";"00023509";"MEDICINA EMPRESARIAL DE PREVENCIÓN EN SALUD OCUPACIONAL SAC";"NE_0001";"";"NE_0001";"NE_0001";"NE_0001";"NE_0001";"NE_0001";"NE_0001";"NE_0001"
"2023";"12";"150136";"LIMA";"LIMA";"SAN MIGUEL";"PRIVADO";"I-3";"00017540";"MEPSO";"NE_0001";"";"NE_0001";"NE_0001";"NE_0001";"NE_0001";"NE_0001";"NE_0001";"NE_0001"
"2023";"11";"220102";"SAN MARTIN";"MOYOBAMBA";"CALZADA";"GOBIERNO REGIONAL";"I-1";"00006331";"SANTA ROSA BAJO TANGUMI";"NE_0002";"";"NE_0002";"NE_0002";"NE_0002";"NE_0002";"NE_0002";"NE_0002";"NE_0002"
"2023";"11";"220101";"SAN MARTIN";"MOYOBAMBA";"MOYOBAMBA";"GOBIERNO REGIONAL";"I-1";"00006330";"SANTA ROSA DE OROMINA";"NE_0002";"";"NE_0002";"NE_0002";"NE_0002";"NE_0002";"NE_0002";"NE_0002";"NE_0002"
"2023";"11";"220102";"SAN MARTIN";"MOYOBAMBA";"CALZADA";"GOBIERNO REGIONAL";"I-3";"00006326";"CALZADA";"NE_0002";"";"NE_0002";"NE_0002";"NE_0002";"NE_0002";"NE_0002";"NE_0002";"NE_0002"
"2023";"11";"220104";"SAN MARTIN";"MOYOBAMBA";"JEPELACIO";"GOBIERNO REGIONAL";"I-1";"00006329";"OCHAME";"NE_0002";"";"NE_0002";"NE_0002";"NE_0002";"NE_0002";"NE_0002";"NE_0002";"NE_0002"
"2023";"11";"150605";"LIMA";"HUARAL";"CHANCAY";"GOBIERNO REGIONAL";"II-2";"00007638";"HOSPITAL DE CHANCAY Y SBS Dr. HIDALGO ATOCHE L¿PEZ";"240100";"HOSPITALIZACIÓN QUIRÚRGICA CIRUGÍA GENERAL ";"50";"51";"101";"137";"4";"120";"0"
"2023";"11";"150605";"LIMA";"HUARAL";"CHANCAY";"GOBIERNO REGIONAL";"II-2";"00007638";"HOSPITAL DE CHANCAY Y SBS Dr. HIDALGO ATOCHE L¿PEZ";"241200";"HOSPITALIZACIÓN QUIRÚRGICA TRAUMATOLOGÍA Y ORTOPEDIA ";"17";"20";"56";"51";"2";"60";"0"
"2023";"11";"150605";"LIMA";"HUARAL";"CHANCAY";"GOBIERNO REGIONAL";"II-2";"00007638";"HOSPITAL DE CHANCAY Y SBS Dr. HIDALGO ATOCHE L¿PEZ";"241300";"HOSPITALIZACIÓN QUIRÚRGICA UROLOGÍA  ";"10";"10";"30";"43";"1";"43";"0"
"2023";"11";"150605";"LIMA";"HUARAL";"CHANCAY";"GOBIERNO REGIONAL";"II-2";"00007638";"HOSPITAL DE CHANCAY Y SBS Dr. HIDALGO ATOCHE L¿PEZ";"241400";"HOSPITALIZACIÓN QUIRÚRGICA GINECO - OBSTETRICIA ";"100";"101";"186";"184";"13";"390";"0"
"2023";"11";"150605";"LIMA";"HUARAL";"CHANCAY";"GOBIERNO REGIONAL";"II-2";"00007638";"HOSPITAL DE CHANCAY Y SBS Dr. HIDALGO ATOCHE L¿PEZ";"241500";"HOSPITALIZACIÓN QUIRÚRGICA GINECOLOGÍA  ";"5";"5";"9";"9";"8";"240";"0"
"2023";"11";"150605";"LIMA";"HUARAL";"CHANCAY";"GOBIERNO REGIONAL";"II-2";"00007638";"HOSPITAL DE CHANCAY Y SBS Dr. HIDALGO ATOCHE L¿PEZ";"241800";"HOSPITALIZACIÓN DE MEDICINA MEDICINA GENERAL ";"42";"55";"441";"303";"16";"480";"3"
"2023";"11";"150605";"LIMA";"HUARAL";"CHANCAY";"GOBIERNO REGIONAL";"II-2";"00007638";"HOSPITAL DE CHANCAY Y SBS Dr. HIDALGO ATOCHE L¿PEZ";"242500";"HOSPITALIZACIÓN-PEDIATRÍA GENERAL-";"37";"41";"118";"110";"14";"420";"0"
"2023";"11";"150605";"LIMA";"HUARAL";"CHANCAY";"GOBIERNO REGIONAL";"II-2";"00007638";"HOSPITAL DE CHANCAY Y SBS Dr. HIDALGO ATOCHE L¿PEZ";"243200";"HOSPITALIZACIÓN DE PEDIATRÍA PEDIATRIA NEONATOLOGÍA";"9";"9";"51";"51";"6";"180";"0"
"2023";"11";"150605";"LIMA";"HUARAL";"CHANCAY";"GOBIERNO REGIONAL";"II-2";"00007638";"HOSPITAL DE CHANCAY Y SBS Dr. HIDALGO ATOCHE L¿PEZ";"250103";"UNIDAD DE CUIDADOS CRITICOS UNIDAD  DE CUIDADOS INTENSIVOS GENERALES  (UCI) MEDICINA";"6";"6";"42";"42";"4";"120";"2"
"2023";"11";"150605";"LIMA";"HUARAL";"CHANCAY";"GOBIERNO REGIONAL";"II-2";"00007638";"HOSPITAL DE CHANCAY Y SBS Dr. HIDALGO ATOCHE L¿PEZ";"250105";"UNIDAD DE CUIDADOS CRITICOS UNIDAD  DE CUIDADOS INTENSIVOS  (UCI) NEONATOLOGÍA";"2";"2";"13";"6";"2";"60";"0"
"2023";"11";"120101";"JUNIN";"HUANCAYO";"HUANCAYO";"GOBIERNO REGIONAL";"III-E";"00000753";"HOSPITAL REGIONAL DOCENTE CLINICO QUIRURGICO DANIEL ALCIDES CARRION";"241900";"HOSPITALIZACIÓN DE MEDICINA MEDICINA INTERNA ";"95";"93";"1161";"1288";"43";"1290";"7"
"2023";"11";"120101";"JUNIN";"HUANCAYO";"HUANCAYO";"GOBIERNO REGIONAL";"III-E";"00000753";"HOSPITAL REGIONAL DOCENTE CLINICO QUIRURGICO DANIEL ALCIDES CARRION";"242000";"HOSPITALIZACIÓN DE MEDICINA MEDICINA TROPICAL E INFECCIOSAS ";"22";"20";"321";"327";"12";"360";"3"
"2023";"11";"120101";"JUNIN";"HUANCAYO";"HUANCAYO";"GOBIERNO REGIONAL";"III-E";"00000753";"HOSPITAL REGIONAL DOCENTE CLINICO QUIRURGICO DANIEL ALCIDES CARRION";"244000";"HOSPITALIZACIÓN DE MEDICINA CARDIOLOGIA ";"55";"53";"214";"258";"9";"270";"2"
"2023";"11";"120101";"JUNIN";"HUANCAYO";"HUANCAYO";"GOBIERNO REGIONAL";"III-E";"00000753";"HOSPITAL REGIONAL DOCENTE CLINICO QUIRURGICO DANIEL ALCIDES CARRION";"244200";"HOSPITALIZACIÓN DE MEDICINA ENDOCRINOLOGIA ";"14";"13";"190";"63";"6";"180";"1"
"2023";"11";"120101";"JUNIN";"HUANCAYO";"HUANCAYO";"GOBIERNO REGIONAL";"III-E";"00000753";"HOSPITAL REGIONAL DOCENTE CLINICO QUIRURGICO DANIEL ALCIDES CARRION";"244300";"HOSPITALIZACIÓN DE MEDICINA GASTROENTEROLOGÍA  ";"44";"42";"313";"204";"11";"330";"1"
"2023";"11";"120101";"JUNIN";"HUANCAYO";"HUANCAYO";"GOBIERNO REGIONAL";"III-E";"00000753";"HOSPITAL REGIONAL DOCENTE CLINICO QUIRURGICO DANIEL ALCIDES CARRION";"244400";"HOSPITALIZACIÓN DE MEDICINA GERIATRIA ";"12";"12";"124";"58";"6";"180";"3"
"2023";"11";"120101";"JUNIN";"HUANCAYO";"HUANCAYO";"GOBIERNO REGIONAL";"III-E";"00000753";"HOSPITAL REGIONAL DOCENTE CLINICO QUIRURGICO DANIEL ALCIDES CARRION";"245300";"HOSPITALIZACIÓN DE MEDICINA NEUMOLOGÍA  ";"26";"24";"415";"380";"16";"480";"1"
"2023";"11";"120101";"JUNIN";"HUANCAYO";"HUANCAYO";"GOBIERNO REGIONAL";"III-E";"00000753";"HOSPITAL REGIONAL DOCENTE CLINICO QUIRURGICO DANIEL ALCIDES CARRION";"240100";"HOSPITALIZACIÓN QUIRÚRGICA CIRUGÍA GENERAL ";"169";"167";"1009";"1071";"36";"1080";"5"
"2023";"11";"120101";"JUNIN";"HUANCAYO";"HUANCAYO";"GOBIERNO REGIONAL";"III-E";"00000753";"HOSPITAL REGIONAL DOCENTE CLINICO QUIRURGICO DANIEL ALCIDES CARRION";"240200";"HOSPITALIZACIÓN QUIRÚRGICA CIRUGÍA DE CABEZA Y CUELLO / MÁXILO FACIAL ";"14";"13";"76";"178";"6";"180";"0"
"2023";"11";"120101";"JUNIN";"HUANCAYO";"HUANCAYO";"GOBIERNO REGIONAL";"III-E";"00000753";"HOSPITAL REGIONAL DOCENTE CLINICO QUIRURGICO DANIEL ALCIDES CARRION";"240400";"HOSPITALIZACIÓN QUIRÚRGICA CIRUGÍA DE TÓRAX Y CARDIOVASCULAR ";"1";"1";"4";"14";"1";"30";"0"
"2023";"11";"120101";"JUNIN";"HUANCAYO";"HUANCAYO";"GOBIERNO REGIONAL";"III-E";"00000753";"HOSPITAL REGIONAL DOCENTE CLINICO QUIRURGICO DANIEL ALCIDES CARRION";"240600";"HOSPITALIZACIÓN QUIRÚRGICA CIRUGÍA OFTALMOLÓGICA ";"1";"1";"1";"14";"1";"30";"0"
"2023";"11";"120101";"JUNIN";"HUANCAYO";"HUANCAYO";"GOBIERNO REGIONAL";"III-E";"00000753";"HOSPITAL REGIONAL DOCENTE CLINICO QUIRURGICO DANIEL ALCIDES CARRION";"240800";"HOSPITALIZACIÓN QUIRÚRGICA CIRUGÍA PLÁSTICA/RECONSTRUCTIVA/ REPARADORA ";"7";"7";"120";"96";"4";"120";"0"
"2023";"11";"120101";"JUNIN";"HUANCAYO";"HUANCAYO";"GOBIERNO REGIONAL";"III-E";"00000753";"HOSPITAL REGIONAL DOCENTE CLINICO QUIRURGICO DANIEL ALCIDES CARRION";"240900";"HOSPITALIZACIÓN QUIRÚRGICA NEUROCIRUGÍA ";"36";"34";"490";"465";"16";"480";"3"
"2023";"11";"120101";"JUNIN";"HUANCAYO";"HUANCAYO";"GOBIERNO REGIONAL";"III-E";"00000753";"HOSPITAL REGIONAL DOCENTE CLINICO QUIRURGICO DANIEL ALCIDES CARRION";"241100";"HOSPITALIZACIÓN QUIRÚRGICA OTORRINOLARINGOLOGÍA  ";"3";"3";"9";"41";"2";"60";"0"
"2023";"11";"120101";"JUNIN";"HUANCAYO";"HUANCAYO";"GOBIERNO REGIONAL";"III-E";"00000753";"HOSPITAL REGIONAL DOCENTE CLINICO QUIRURGICO DANIEL ALCIDES CARRION";"241200";"HOSPITALIZACIÓN QUIRÚRGICA TRAUMATOLOGÍA Y ORTOPEDIA ";"74";"80";"897";"942";"32";"960";"0"
"2023";"11";"120101";"JUNIN";"HUANCAYO";"HUANCAYO";"GOBIERNO REGIONAL";"III-E";"00000753";"HOSPITAL REGIONAL DOCENTE CLINICO QUIRURGICO DANIEL ALCIDES CARRION";"241300";"HOSPITALIZACIÓN QUIRÚRGICA UROLOGÍA  ";"10";"10";"82";"137";"5";"150";"0"
"2023";"11";"120101";"JUNIN";"HUANCAYO";"HUANCAYO";"GOBIERNO REGIONAL";"III-E";"00000753";"HOSPITAL REGIONAL DOCENTE CLINICO QUIRURGICO DANIEL ALCIDES CARRION";"242100";"HOSPITALIZACIÓN DE MEDICINA ONCOLOGÍA MÉDICA ";"8";"17";"262";"166";"8";"240";"4"
"2023";"11";"120114";"JUNIN";"HUANCAYO";"EL TAMBO";"PRIVADO";"II-E";"00025383";"CLINICA MEDICO QUIRURGICO HUANCAYO E.I.R.L.";"241200";"HOSPITALIZACIÓN QUIRÚRGICA TRAUMATOLOGÍA Y ORTOPEDIA ";"6";"6";"17";"6";"9";"270";"0"
"2023";"11";"120114";"JUNIN";"HUANCAYO";"EL TAMBO";"PRIVADO";"II-E";"00025383";"CLINICA MEDICO QUIRURGICO HUANCAYO E.I.R.L.";"240900";"HOSPITALIZACIÓN QUIRÚRGICA NEUROCIRUGÍA ";"2";"2";"2";"5";"13";"390";"1"
"2023";"11";"120114";"JUNIN";"HUANCAYO";"EL TAMBO";"PRIVADO";"II-E";"00025383";"CLINICA MEDICO QUIRURGICO HUANCAYO E.I.R.L.";"241100";"HOSPITALIZACIÓN QUIRÚRGICA OTORRINOLARINGOLOGÍA  ";"2";"2";"9";"2";"13";"390";"0"
"2023";"11";"120114";"JUNIN";"HUANCAYO";"EL TAMBO";"PRIVADO";"II-E";"00025383";"CLINICA MEDICO QUIRURGICO HUANCAYO E.I.R.L.";"241800";"HOSPITALIZACIÓN DE MEDICINA MEDICINA GENERAL ";"3";"3";"12";"3";"12";"360";"0"
"2023";"11";"150136";"LIMA";"LIMA";"SAN MIGUEL";"PRIVADO";"II-2";"00012666";"CLINICA PROVIDENCIA";"240000";"HOSPITALIZACIÓN";"287";"277";"223";"31";"56";"58";"1"
"2023";"11";"150136";"LIMA";"LIMA";"SAN MIGUEL";"PRIVADO";"II-2";"00012666";"CLINICA PROVIDENCIA";"250100";"UNIDAD DE CUIDADOS CRITICOS UNIDAD  DE CUIDADOS INTENSIVOS GENERALES (UCI) ";"7";"6";"7";"3";"9";"12";"0"
"2023";"11";"150136";"LIMA";"LIMA";"SAN MIGUEL";"PRIVADO";"II-2";"00012666";"CLINICA PROVIDENCIA";"250105";"UNIDAD DE CUIDADOS CRITICOS UNIDAD  DE CUIDADOS INTENSIVOS  (UCI) NEONATOLOGÍA";"3";"1";"3";"3";"5";"7";"0"
"2023";"11";"150136";"LIMA";"LIMA";"SAN MIGUEL";"PRIVADO";"II-2";"00012666";"CLINICA PROVIDENCIA";"250108";"UNIDAD DE CUIDADOS CRITICOS UNIDAD  DE CUIDADOS INTENSIVOS  (UCI) PEDIÁTRICA";"6";"3";"6";"3";"6";"8";"0"
"2023";"11";"150106";"LIMA";"LIMA";"CARABAYLLO";"PRIVADO";"I-3";"00017468";"POLICLINICO NIÑO DE LA ESPINA SAC";"NE_0001";"";"NE_0001";"NE_0001";"NE_0001";"NE_0001";"NE_0001";"NE_0001";"NE_0001"
"2023";"11";"150122";"LIMA";"LIMA";"MIRAFLORES";"ESSALUD";"I-3";"00009148";"POLICLINICO SANTA CRUZ";"NE_0001";"";"NE_0001";"NE_0001";"NE_0001";"NE_0001";"NE_0001";"NE_0001";"NE_0001"
"2023";"11";"120305";"JUNIN";"CHANCHAMAYO";"SAN RAMON";"GOBIERNO REGIONAL";"I-4";"00000354";"SAN RAMON";"241600";"HOSPITALIZACIÓN QUIRÚRGICA OBSTETRICIA   ";"7";"7";"14";"14";"5";"150";"0"
"2023";"11";"120305";"JUNIN";"CHANCHAMAYO";"SAN RAMON";"GOBIERNO REGIONAL";"I-4";"00000354";"SAN RAMON";"241800";"HOSPITALIZACIÓN DE MEDICINA MEDICINA GENERAL ";"4";"4";"11";"11";"3";"90";"0"
"2023";"11";"120306";"JUNIN";"CHANCHAMAYO";"VITOC";"GOBIERNO REGIONAL";"I-1";"00000359";"VISCATAN";"NE_0001";"";"NE_0001";"NE_0001";"NE_0001";"NE_0001";"NE_0001";"NE_0001";"NE_0001"
"2023";"11";"120416";"JUNIN";"JAUJA";"MASMA";"GOBIERNO REGIONAL";"I-1";"00000361";"UCHUBAMBA";"NE_0001";"";"NE_0001";"NE_0001";"NE_0001";"NE_0001";"NE_0001";"NE_0001";"NE_0001"
"2023";"11";"120305";"JUNIN";"CHANCHAMAYO";"SAN RAMON";"GOBIERNO REGIONAL";"I-2";"00000356";"LA ESPERANZA";"NE_0001";"";"NE_0001";"NE_0001";"NE_0001";"NE_0001";"NE_0001";"NE_0001";"NE_0001"
"2023";"11";"120419";"JUNIN";"JAUJA";"MONOBAMBA";"GOBIERNO REGIONAL";"I-1";"00000363";"CHACAYBAMBA";"NE_0001";"";"NE_0001";"NE_0001";"NE_0001";"NE_0001";"NE_0001";"NE_0001";"NE_0001"
"2023";"11";"120419";"JUNIN";"JAUJA";"MONOBAMBA";"GOBIERNO REGIONAL";"I-2";"00000362";"MONOBAMBA";"NE_0001";"";"NE_0001";"NE_0001";"NE_0001";"NE_0001";"NE_0001";"NE_0001";"NE_0001"
"2023";"11";"120306";"JUNIN";"CHANCHAMAYO";"VITOC";"GOBIERNO REGIONAL";"I-2";"00000358";"VITOC";"NE_0001";"";"NE_0001";"NE_0001";"NE_0001";"NE_0001";"NE_0001";"NE_0001";"NE_0001"
"2023";"11";"120306";"JUNIN";"CHANCHAMAYO";"VITOC";"GOBIERNO REGIONAL";"I-1";"00000360";"UTCUYACU";"NE_0001";"";"NE_0001";"NE_0001";"NE_0001";"NE_0001";"NE_0001";"NE_0001";"NE_0001"
"2023";"11";"120305";"JUNIN";"CHANCHAMAYO";"SAN RAMON";"GOBIERNO REGIONAL";"I-2";"00000355";"NARANJAL";"NE_0001";"";"NE_0001";"NE_0001";"NE_0001";"NE_0001";"NE_0001";"NE_0001";"NE_0001"
"2023";"11";"120305";"JUNIN";"CHANCHAMAYO";"SAN RAMON";"GOBIERNO REGIONAL";"I-1";"00000357";"PEDREGAL";"NE_0001";"";"NE_0001";"NE_0001";"NE_0001";"NE_0001";"NE_0001";"NE_0001";"NE_0001"
"2023";"11";"150133";"LIMA";"LIMA";"SAN JUAN DE MIRAFLORES";"ESSALUD";"I-3";"00013012";"CENTRO DE ATENCIÓN PRIMARIA III SAN JUAN DE MIRAFLORES";"NE_0001";"";"NE_0001";"NE_0001";"NE_0001";"NE_0001";"NE_0001";"NE_0001";"NE_0001"
"2023";"07";"040101";"AREQUIPA";"AREQUIPA";"AREQUIPA";"PRIVADO";"II-E";"00032002";"OFTALMOSALUD AREQUIPA  S.A.C.";"NE_0001";"";"NE_0001";"NE_0001";"NE_0001";"NE_0001";"NE_0001";"NE_0001";"NE_0001"
"2023";"12";"200104";"PIURA";"PIURA";"CASTILLA";"PRIVADO";"II-E";"00013165";"CENTRO DE REPOSO SAN JUAN DE DIOS";"242202";"HOSPITALIZACIÓN DE MEDICINA PSIQUIATRÍA PSIQUIATRÍA DEL ADULTO Y GERONTE";"36";"38";"991";"742";"46";"1426";"0"
"2023";"12";"070101";"CALLAO";"CALLAO";"CALLAO";"GOBIERNO REGIONAL";"0";"00031162";"HOGAR PROTEGIDO ACAPULCO";"NE_0001";"";"NE_0001";"NE_0001";"NE_0001";"NE_0001";"NE_0001";"NE_0001";"NE_0001"
"2023";"12";"090601";"HUANCAVELICA";"HUAYTARA";"HUAYTARA";"GOBIERNO REGIONAL";"I-1";"00004037";"MUCHIC";"NE_0001";"";"NE_0001";"NE_0001";"NE_0001";"NE_0001";"NE_0001";"NE_0001";"NE_0001"
"2023";"12";"090611";"HUANCAVELICA";"HUAYTARA";"SAN FRANCISCO DE SANGAYAICO";"GOBIERNO REGIONAL";"I-2";"00004062";"SAN FRANCISCO DE SANGAYAICO";"NE_0001";"";"NE_0001";"NE_0001";"NE_0001";"NE_0001";"NE_0001";"NE_0001";"NE_0001"
"2023";"12";"090609";"HUANCAVELICA";"HUAYTARA";"QUITO ARMA";"GOBIERNO REGIONAL";"I-1";"00007709";"HUAYANTO";"NE_0001";"";"NE_0001";"NE_0001";"NE_0001";"NE_0001";"NE_0001";"NE_0001";"NE_0001"
"2023";"12";"090608";"HUANCAVELICA";"HUAYTARA";"QUERCO";"GOBIERNO REGIONAL";"I-3";"00004068";"QUERCO";"NE_0002";"";"NE_0002";"NE_0002";"NE_0002";"NE_0002";"NE_0002";"NE_0002";"NE_0002"
"2023";"12";"090615";"HUANCAVELICA";"HUAYTARA";"SANTO DOMINGO DE CAPILLAS";"GOBIERNO REGIONAL";"I-1";"00004051";"SANTO DOMINGO DE CAPILLAS SUR";"NE_0001";"";"NE_0001";"NE_0001";"NE_0001";"NE_0001";"NE_0001";"NE_0001";"NE_0001"
"2023";"12";"090611";"HUANCAVELICA";"HUAYTARA";"SAN FRANCISCO DE SANGAYAICO";"GOBIERNO REGIONAL";"I-1";"00004063";"SANTA ROSA DE ACORA";"NE_0001";"";"NE_0001";"NE_0001";"NE_0001";"NE_0001";"NE_0001";"NE_0001";"NE_0001"
"2023";"12";"090610";"HUANCAVELICA";"HUAYTARA";"SAN ANTONIO DE CUSICANCHA";"GOBIERNO REGIONAL";"I-2";"00004040";"SAN ANTONIO DE CUSICANCHA";"NE_0001";"";"NE_0001";"NE_0001";"NE_0001";"NE_0001";"NE_0001";"NE_0001";"NE_0001"
"2023";"12";"090607";"HUANCAVELICA";"HUAYTARA";"PILPICHACA";"GOBIERNO REGIONAL";"I-3";"00004042";"PILPICHACA";"NE_0002";"";"NE_0002";"NE_0002";"NE_0002";"NE_0002";"NE_0002";"NE_0002";"NE_0002"
"2023";"12";"090613";"HUANCAVELICA";"HUAYTARA";"SANTIAGO DE CHOCORVOS";"GOBIERNO REGIONAL";"I-1";"00004055";"ANDAYMARCA";"NE_0001";"";"NE_0001";"NE_0001";"NE_0001";"NE_0001";"NE_0001";"NE_0001";"NE_0001"
"2023";"12";"090603";"HUANCAVELICA";"HUAYTARA";"CORDOVA";"GOBIERNO REGIONAL";"I-1";"00004065";"HUACHOJAICO";"NE_0001";"";"NE_0001";"NE_0001";"NE_0001";"NE_0001";"NE_0001";"NE_0001";"NE_0001"
"2023";"12";"090614";"HUANCAVELICA";"HUAYTARA";"SANTIAGO DE QUIRAHUARA";"GOBIERNO REGIONAL";"I-1";"00004073";"SANTIAGO DE QUIRAHUARA";"NE_0001";"";"NE_0001";"NE_0001";"NE_0001";"NE_0001";"NE_0001";"NE_0001";"NE_0001"
"2023";"12";"090607";"HUANCAVELICA";"HUAYTARA";"PILPICHACA";"GOBIERNO REGIONAL";"I-1";"00004011";"SANTA INES";"NE_0001";"";"NE_0001";"NE_0001";"NE_0001";"NE_0001";"NE_0001";"NE_0001";"NE_0001"
"2023";"12";"090602";"HUANCAVELICA";"HUAYTARA";"AYAVI";"GOBIERNO REGIONAL";"I-2";"00004049";"AYAVI";"NE_0001";"";"NE_0001";"NE_0001";"NE_0001";"NE_0001";"NE_0001";"NE_0001";"NE_0001"
"2023";"12";"090611";"HUANCAVELICA";"HUAYTARA";"SAN FRANCISCO DE SANGAYAICO";"GOBIERNO REGIONAL";"I-1";"00004047";"SAN JUAN DE OCCORO";"NE_0001";"";"NE_0001";"NE_0001";"NE_0001";"NE_0001";"NE_0001";"NE_0001";"NE_0001"
"2023";"12";"090606";"HUANCAVELICA";"HUAYTARA";"OCOYO";"GOBIERNO REGIONAL";"I-2";"00004071";"OCOYO";"NE_0001";"";"NE_0001";"NE_0001";"NE_0001";"NE_0001";"NE_0001";"NE_0001";"NE_0001"
"2023";"12";"130101";"LA LIBERTAD";"TRUJILLO";"TRUJILLO";"PRIVADO";"II-E";"00024168";"NORLASER";"NE_0001";"";"NE_0001";"NE_0001";"NE_0001";"NE_0001";"NE_0001";"NE_0001";"NE_0001"
"2023";"09";"250101";"UCAYALI";"CORONEL PORTILLO";"CALLERIA";"GOBIERNO REGIONAL";"II-2";"00005576";"HOSPITAL REGIONAL DE PUCALLPA";"241900";"HOSPITALIZACIÓN DE MEDICINA MEDICINA INTERNA ";"47";"44";"202";"174";"10";"300";"1"
"2023";"09";"250101";"UCAYALI";"CORONEL PORTILLO";"CALLERIA";"GOBIERNO REGIONAL";"II-2";"00005576";"HOSPITAL REGIONAL DE PUCALLPA";"245300";"HOSPITALIZACIÓN DE MEDICINA NEUMOLOGÍA  ";"6";"5";"41";"37";"4";"120";"0"
"2023";"09";"250101";"UCAYALI";"CORONEL PORTILLO";"CALLERIA";"GOBIERNO REGIONAL";"II-2";"00005576";"HOSPITAL REGIONAL DE PUCALLPA";"244000";"HOSPITALIZACIÓN DE MEDICINA CARDIOLOGIA ";"8";"8";"38";"43";"4";"120";"0"
"2023";"09";"250101";"UCAYALI";"CORONEL PORTILLO";"CALLERIA";"GOBIERNO REGIONAL";"II-2";"00005576";"HOSPITAL REGIONAL DE PUCALLPA";"244700";"HOSPITALIZACIÓN DE MEDICINA NEUROLOGIA  ";"6";"4";"27";"23";"4";"120";"0"
"2023";"09";"250101";"UCAYALI";"CORONEL PORTILLO";"CALLERIA";"GOBIERNO REGIONAL";"II-2";"00005576";"HOSPITAL REGIONAL DE PUCALLPA";"242000";"HOSPITALIZACIÓN DE MEDICINA MEDICINA TROPICAL E INFECCIOSAS ";"29";"27";"115";"121";"6";"180";"5"
"2023";"09";"250101";"UCAYALI";"CORONEL PORTILLO";"CALLERIA";"GOBIERNO REGIONAL";"II-2";"00005576";"HOSPITAL REGIONAL DE PUCALLPA";"244400";"HOSPITALIZACIÓN DE MEDICINA GERIATRIA ";"6";"5";"19";"24";"6";"180";"0"
"2023";"09";"250101";"UCAYALI";"CORONEL PORTILLO";"CALLERIA";"GOBIERNO REGIONAL";"II-2";"00005576";"HOSPITAL REGIONAL DE PUCALLPA";"250100";"UNIDAD DE CUIDADOS CRITICOS UNIDAD  DE CUIDADOS INTENSIVOS GENERALES (UCI) ";"11";"5";"66";"167";"6";"180";"4"
"2023";"09";"250101";"UCAYALI";"CORONEL PORTILLO";"CALLERIA";"GOBIERNO REGIONAL";"II-2";"00005576";"HOSPITAL REGIONAL DE PUCALLPA";"250200";"UNIDAD DE CUIDADOS CRITICOS UNIDAD DE CUIDADOS INTERMEDIOS GENERAL  (UCIN) ";"6";"2";"13";"85";"4";"120";"0"
"2023";"09";"250101";"UCAYALI";"CORONEL PORTILLO";"CALLERIA";"GOBIERNO REGIONAL";"II-2";"00005576";"HOSPITAL REGIONAL DE PUCALLPA";"240100";"HOSPITALIZACIÓN QUIRÚRGICA CIRUGÍA GENERAL ";"58";"51";"265";"214";"10";"300";"1"
"2023";"09";"250101";"UCAYALI";"CORONEL PORTILLO";"CALLERIA";"GOBIERNO REGIONAL";"II-2";"00005576";"HOSPITAL REGIONAL DE PUCALLPA";"240400";"HOSPITALIZACIÓN QUIRÚRGICA CIRUGÍA DE TÓRAX Y CARDIOVASCULAR ";"4";"4";"17";"17";"1";"30";"0"
"2023";"09";"250101";"UCAYALI";"CORONEL PORTILLO";"CALLERIA";"GOBIERNO REGIONAL";"II-2";"00005576";"HOSPITAL REGIONAL DE PUCALLPA";"241200";"HOSPITALIZACIÓN QUIRÚRGICA TRAUMATOLOGÍA Y ORTOPEDIA ";"46";"35";"369";"239";"12";"360";"0"
"2023";"09";"250101";"UCAYALI";"CORONEL PORTILLO";"CALLERIA";"GOBIERNO REGIONAL";"II-2";"00005576";"HOSPITAL REGIONAL DE PUCALLPA";"240200";"HOSPITALIZACIÓN QUIRÚRGICA CIRUGÍA DE CABEZA Y CUELLO / MÁXILO FACIAL ";"3";"2";"13";"17";"1";"30";"0"
"2023";"09";"250101";"UCAYALI";"CORONEL PORTILLO";"CALLERIA";"GOBIERNO REGIONAL";"II-2";"00005576";"HOSPITAL REGIONAL DE PUCALLPA";"240600";"HOSPITALIZACIÓN QUIRÚRGICA CIRUGÍA OFTALMOLÓGICA ";"2";"1";"25";"4";"1";"30";"0"
"2023";"09";"250101";"UCAYALI";"CORONEL PORTILLO";"CALLERIA";"GOBIERNO REGIONAL";"II-2";"00005576";"HOSPITAL REGIONAL DE PUCALLPA";"241300";"HOSPITALIZACIÓN QUIRÚRGICA UROLOGÍA  ";"6";"4";"29";"32";"1";"32";"0"
"2023";"09";"250101";"UCAYALI";"CORONEL PORTILLO";"CALLERIA";"GOBIERNO REGIONAL";"II-2";"00005576";"HOSPITAL REGIONAL DE PUCALLPA";"240900";"HOSPITALIZACIÓN QUIRÚRGICA NEUROCIRUGÍA ";"7";"6";"39";"22";"1";"28";"0"
"2023";"09";"250101";"UCAYALI";"CORONEL PORTILLO";"CALLERIA";"GOBIERNO REGIONAL";"II-2";"00005576";"HOSPITAL REGIONAL DE PUCALLPA";"240700";"HOSPITALIZACIÓN QUIRÚRGICA CIRUGÍA PEDIÁTRICA ";"20";"19";"157";"109";"4";"120";"0"
"2023";"09";"250101";"UCAYALI";"CORONEL PORTILLO";"CALLERIA";"GOBIERNO REGIONAL";"II-2";"00005576";"HOSPITAL REGIONAL DE PUCALLPA";"240800";"HOSPITALIZACIÓN QUIRÚRGICA CIRUGÍA PLÁSTICA/RECONSTRUCTIVA/ REPARADORA ";"18";"12";"154";"217";"10";"300";"0"
"2023";"09";"250101";"UCAYALI";"CORONEL PORTILLO";"CALLERIA";"GOBIERNO REGIONAL";"II-2";"00005576";"HOSPITAL REGIONAL DE PUCALLPA";"242300";"HOSPITALIZACIÓN DE PEDIATRÍA  PEDIATRÍA  GENERAL ";"47";"44";"159";"138";"30";"900";"1"
"2023";"09";"250101";"UCAYALI";"CORONEL PORTILLO";"CALLERIA";"GOBIERNO REGIONAL";"II-2";"00005576";"HOSPITAL REGIONAL DE PUCALLPA";"241600";"HOSPITALIZACIÓN QUIRÚRGICA OBSTETRICIA   ";"264";"251";"569";"523";"38";"1140";"0"
"2023";"09";"250101";"UCAYALI";"CORONEL PORTILLO";"CALLERIA";"GOBIERNO REGIONAL";"II-2";"00005576";"HOSPITAL REGIONAL DE PUCALLPA";"241500";"HOSPITALIZACIÓN QUIRÚRGICA GINECOLOGÍA  ";"20";"17";"64";"61";"4";"120";"0"
"2023";"09";"250101";"UCAYALI";"CORONEL PORTILLO";"CALLERIA";"GOBIERNO REGIONAL";"II-2";"00005576";"HOSPITAL REGIONAL DE PUCALLPA";"250105";"UNIDAD DE CUIDADOS CRITICOS UNIDAD  DE CUIDADOS INTENSIVOS  (UCI) NEONATOLOGÍA";"49";"42";"384";"377";"16";"480";"5"
"2023";"12";"120114";"JUNIN";"HUANCAYO";"EL TAMBO";"PRIVADO";"II-1";"00025970";"CLINICA REBAGLIATI";"240100";"HOSPITALIZACIÓN QUIRÚRGICA CIRUGÍA GENERAL ";"74";"74";"74";"75";"9";"76";"0"
"2023";"12";"120114";"JUNIN";"HUANCAYO";"EL TAMBO";"PRIVADO";"II-1";"00025970";"CLINICA REBAGLIATI";"240200";"HOSPITALIZACIÓN QUIRÚRGICA CIRUGÍA DE CABEZA Y CUELLO / MÁXILO FACIAL ";"2";"2";"2";"3";"3";"9";"0"
"2023";"12";"051005";"AYACUCHO";"VICTOR FAJARDO";"CANARIA";"GOBIERNO REGIONAL";"I-1";"00003825";"PUESTO DE SALUD RACCAYA";"NE_0001";"";"NE_0001";"NE_0001";"NE_0001";"NE_0001";"NE_0001";"NE_0001";"NE_0001"
"2023";"12";"051005";"AYACUCHO";"VICTOR FAJARDO";"CANARIA";"GOBIERNO REGIONAL";"I-1";"00003827";"PUESTO DE SALUD UMASI";"NE_0001";"";"NE_0001";"NE_0001";"NE_0001";"NE_0001";"NE_0001";"NE_0001";"NE_0001"
"2023";"12";"051009";"AYACUCHO";"VICTOR FAJARDO";"HUANCARAYLLA";"GOBIERNO REGIONAL";"I-1";"00003837";"PUESTO DE SALUD CIRCAMARCA";"NE_0001";"";"NE_0001";"NE_0001";"NE_0001";"NE_0001";"NE_0001";"NE_0001";"NE_0001"
"2023";"12";"051004";"AYACUCHO";"VICTOR FAJARDO";"ASQUIPATA";"GOBIERNO REGIONAL";"I-1";"00003822";"PUESTO DE SALUD CHIHUIRE";"NE_0001";"";"NE_0001";"NE_0001";"NE_0001";"NE_0001";"NE_0001";"NE_0001";"NE_0001"
"2023";"12";"040804";"AREQUIPA";"LA UNION";"HUAYNACOTAS";"GOBIERNO REGIONAL";"I-2";"00001461";"PUESTO DE SALUD TAURISMA";"NE_0001";"";"NE_0001";"NE_0001";"NE_0001";"NE_0001";"NE_0001";"NE_0001";"NE_0001"
"2023";"12";"040802";"AREQUIPA";"LA UNION";"ALCA";"MINSA";"I-3";"00001464";"CENTRO DE SALUD ALCA";"NE_0001";"";"NE_0001";"NE_0001";"NE_0001";"NE_0001";"NE_0001";"NE_0001";"NE_0001"
"2023";"12";"040804";"AREQUIPA";"LA UNION";"HUAYNACOTAS";"GOBIERNO REGIONAL";"I-2";"00007265";"PUESTO DE SALUD HUARCAYA";"NE_0001";"";"NE_0001";"NE_0001";"NE_0001";"NE_0001";"NE_0001";"NE_0001";"NE_0001"
"2023";"12";"040804";"AREQUIPA";"LA UNION";"HUAYNACOTAS";"MINSA";"I-2";"00001463";"PUESTO DE SALUD HUAYNACOTAS";"NE_0001";"";"NE_0001";"NE_0001";"NE_0001";"NE_0001";"NE_0001";"NE_0001";"NE_0001"
"2023";"12";"040806";"AREQUIPA";"LA UNION";"PUYCA";"GOBIERNO REGIONAL";"I-2";"00001465";"PUESTO DE SALUD PUYCA";"NE_0001";"";"NE_0001";"NE_0001";"NE_0001";"NE_0001";"NE_0001";"NE_0001";"NE_0001"
"2023";"12";"040806";"AREQUIPA";"LA UNION";"PUYCA";"GOBIERNO REGIONAL";"I-2";"00001471";"PUESTO DE SALUD CHURCA";"NE_0001";"";"NE_0001";"NE_0001";"NE_0001";"NE_0001";"NE_0001";"NE_0001";"NE_0001"
"2023";"12";"130502";"LA LIBERTAD";"JULCAN";"CALAMARCA";"GOBIERNO REGIONAL";"I-2";"00007247";"BARRO NEGRO";"NE_0001";"";"NE_0001";"NE_0001";"NE_0001";"NE_0001";"NE_0001";"NE_0001";"NE_0001"
"2023";"12";"130502";"LA LIBERTAD";"JULCAN";"CALAMARCA";"GOBIERNO REGIONAL";"I-1";"00007248";"CHAZKA";"NE_0001";"";"NE_0001";"NE_0001";"NE_0001";"NE_0001";"NE_0001";"NE_0001";"NE_0001"
"2023";"12";"130502";"LA LIBERTAD";"JULCAN";"CALAMARCA";"GOBIERNO REGIONAL";"I-1";"00016424";"HUAGAL";"NE_0001";"";"NE_0001";"NE_0001";"NE_0001";"NE_0001";"NE_0001";"NE_0001";"NE_0001"
"2023";"12";"130502";"LA LIBERTAD";"JULCAN";"CALAMARCA";"GOBIERNO REGIONAL";"I-3";"00005309";"SICCHAL";"NE_0001";"";"NE_0001";"NE_0001";"NE_0001";"NE_0001";"NE_0001";"NE_0001";"NE_0001"
"2023";"12";"130502";"LA LIBERTAD";"JULCAN";"CALAMARCA";"GOBIERNO REGIONAL";"I-2";"00007247";"BARRO NEGRO";"NE_0001";"";"NE_0001";"NE_0001";"NE_0001";"NE_0001";"NE_0001";"NE_0001";"NE_0001"
"2023";"12";"130502";"LA LIBERTAD";"JULCAN";"CALAMARCA";"GOBIERNO REGIONAL";"I-1";"00007248";"CHAZKA";"NE_0001";"";"NE_0001";"NE_0001";"NE_0001";"NE_0001";"NE_0001";"NE_0001";"NE_0001"
"2023";"12";"130502";"LA LIBERTAD";"JULCAN";"CALAMARCA";"GOBIERNO REGIONAL";"I-1";"00016424";"HUAGAL";"NE_0001";"";"NE_0001";"NE_0001";"NE_0001";"NE_0001";"NE_0001";"NE_0001";"NE_0001"
"2023";"12";"130502";"LA LIBERTAD";"JULCAN";"CALAMARCA";"GOBIERNO REGIONAL";"I-3";"00005309";"SICCHAL";"NE_0001";"";"NE_0001";"NE_0001";"NE_0001";"NE_0001";"NE_0001";"NE_0001";"NE_0001"
"2023";"12";"250101";"UCAYALI";"CORONEL PORTILLO";"CALLERIA";"PRIVADO";"II-1";"00026079";"CLINICA JUAN PABLO II";"240000";"HOSPITALIZACIÓN";"25";"24";"84";"85";"4";"128";"0"
"2023";"12";"250101";"UCAYALI";"CORONEL PORTILLO";"CALLERIA";"PRIVADO";"II-1";"00026079";"CLINICA JUAN PABLO II";"240100";"HOSPITALIZACIÓN QUIRÚRGICA CIRUGÍA GENERAL ";"1";"2";"2";"1";"1";"31";"0"
"2023";"12";"250101";"UCAYALI";"CORONEL PORTILLO";"CALLERIA";"PRIVADO";"II-1";"00026079";"CLINICA JUAN PABLO II";"241400";"HOSPITALIZACIÓN QUIRÚRGICA GINECO - OBSTETRICIA ";"15";"15";"54";"24";"2";"62";"0"
"2023";"12";"250101";"UCAYALI";"CORONEL PORTILLO";"CALLERIA";"PRIVADO";"II-1";"00026079";"CLINICA JUAN PABLO II";"241800";"HOSPITALIZACIÓN DE MEDICINA MEDICINA GENERAL ";"5";"5";"12";"12";"2";"58";"0"
"2023";"12";"250101";"UCAYALI";"CORONEL PORTILLO";"CALLERIA";"PRIVADO";"II-1";"00026079";"CLINICA JUAN PABLO II";"242500";"HOSPITALIZACIÓN-PEDIATRÍA GENERAL-";"2";"2";"3";"3";"2";"62";"0"
"2023";"12";"110112";"ICA";"ICA";"SUBTANJALLA";"ESSALUD";"I-3";"00011967";"MACACONA";"NE_0001";"";"NE_0001";"NE_0001";"NE_0001";"NE_0001";"NE_0001";"NE_0001";"NE_0001"
"2023";"12";"040701";"AREQUIPA";"ISLAY";"MOLLENDO";"ESSALUD";"II-1";"00013295";"HOSPITAL II MANUEL DE TORRES MUÑOZ -  MOLLENDO";"241800";"HOSPITALIZACIÓN DE MEDICINA MEDICINA GENERAL ";"34";"36";"228";"211";"8";"248";"6"
"2023";"12";"040701";"AREQUIPA";"ISLAY";"MOLLENDO";"ESSALUD";"II-1";"00013295";"HOSPITAL II MANUEL DE TORRES MUÑOZ -  MOLLENDO";"240100";"HOSPITALIZACIÓN QUIRÚRGICA CIRUGÍA GENERAL ";"31";"34";"128";"121";"5";"155";"0"
"2023";"12";"040701";"AREQUIPA";"ISLAY";"MOLLENDO";"ESSALUD";"II-1";"00013295";"HOSPITAL II MANUEL DE TORRES MUÑOZ -  MOLLENDO";"241500";"HOSPITALIZACIÓN QUIRÚRGICA GINECOLOGÍA  ";"5";"6";"18";"17";"1";"31";"0"
"2023";"12";"040701";"AREQUIPA";"ISLAY";"MOLLENDO";"ESSALUD";"II-1";"00013295";"HOSPITAL II MANUEL DE TORRES MUÑOZ -  MOLLENDO";"241600";"HOSPITALIZACIÓN QUIRÚRGICA OBSTETRICIA   ";"17";"18";"34";"38";"2";"62";"0"
"2023";"12";"040701";"AREQUIPA";"ISLAY";"MOLLENDO";"ESSALUD";"II-1";"00013295";"HOSPITAL II MANUEL DE TORRES MUÑOZ -  MOLLENDO";"242300";"HOSPITALIZACIÓN DE PEDIATRÍA  PEDIATRÍA  GENERAL ";"24";"25";"45";"45";"2";"62";"0"
"2023";"12";"150801";"LIMA";"HUAURA";"HUACHO";"PRIVADO";"II-1";"00010883";"CLINICA SAN PEDRO";"240100";"HOSPITALIZACIÓN QUIRÚRGICA CIRUGÍA GENERAL ";"29";"29";"42";"29";"2";"60";"0"
"2023";"12";"150801";"LIMA";"HUAURA";"HUACHO";"PRIVADO";"II-1";"00010883";"CLINICA SAN PEDRO";"240300";"HOSPITALIZACIÓN QUIRÚRGICA CIRUGÍA DIGESTIVA ";"1";"1";"1";"1";"1";"30";"0"
"2023";"12";"150801";"LIMA";"HUAURA";"HUACHO";"PRIVADO";"II-1";"00010883";"CLINICA SAN PEDRO";"241500";"HOSPITALIZACIÓN QUIRÚRGICA GINECOLOGÍA  ";"17";"17";"15";"17";"4";"120";"0"
"2023";"12";"150801";"LIMA";"HUAURA";"HUACHO";"PRIVADO";"II-1";"00010883";"CLINICA SAN PEDRO";"241900";"HOSPITALIZACIÓN DE MEDICINA MEDICINA INTERNA ";"4";"4";"26";"4";"5";"150";"0"
"2023";"12";"150801";"LIMA";"HUAURA";"HUACHO";"PRIVADO";"II-1";"00010883";"CLINICA SAN PEDRO";"241200";"HOSPITALIZACIÓN QUIRÚRGICA TRAUMATOLOGÍA Y ORTOPEDIA ";"28";"29";"15";"21";"2";"60";"0"
"2023";"12";"150801";"LIMA";"HUAURA";"HUACHO";"PRIVADO";"II-1";"00010883";"CLINICA SAN PEDRO";"241300";"HOSPITALIZACIÓN QUIRÚRGICA UROLOGÍA  ";"1";"1";"1";"1";"1";"30";"0"
"2023";"12";"150801";"LIMA";"HUAURA";"HUACHO";"PRIVADO";"II-1";"00010883";"CLINICA SAN PEDRO";"240400";"HOSPITALIZACIÓN QUIRÚRGICA CIRUGÍA DE TÓRAX Y CARDIOVASCULAR ";"1";"0";"1";"1";"1";"30";"0"
"2023";"12";"021401";"ANCASH";"OCROS";"OCROS";"GOBIERNO REGIONAL";"I-2";"00001755";"PUESTO DE SALUD OCROS";"NE_0001";"";"NE_0001";"NE_0001";"NE_0001";"NE_0001";"NE_0001";"NE_0001";"NE_0001"
"2023";"12";"021707";"ANCASH";"RECUAY";"PAMPAS CHICO";"GOBIERNO REGIONAL";"I-1";"00011003";"PUESTO DE SALUD MAYORARCA";"NE_0001";"";"NE_0001";"NE_0001";"NE_0001";"NE_0001";"NE_0001";"NE_0001";"NE_0001"
"2023";"12";"021403";"ANCASH";"OCROS";"CAJAMARQUILLA";"GOBIERNO REGIONAL";"I-1";"00001757";"PUESTO DE SALUD CAJAMARQUILLA";"NE_0001";"";"NE_0001";"NE_0001";"NE_0001";"NE_0001";"NE_0001";"NE_0001";"NE_0001"
"2023";"12";"050503";"AYACUCHO";"LA MAR";"AYNA";"GOBIERNO REGIONAL";"II-1";"00003754";"HOSPITAL DE APOYO SAN FRANCISCO";"240100";"HOSPITALIZACIÓN QUIRÚRGICA CIRUGÍA GENERAL ";"16";"18";"81";"115";"5";"155";"0"
"2023";"12";"050503";"AYACUCHO";"LA MAR";"AYNA";"GOBIERNO REGIONAL";"II-1";"00003754";"HOSPITAL DE APOYO SAN FRANCISCO";"241200";"HOSPITALIZACIÓN QUIRÚRGICA TRAUMATOLOGÍA Y ORTOPEDIA ";"1";"1";"10";"8";"2";"62";"0"
"2023";"12";"050503";"AYACUCHO";"LA MAR";"AYNA";"GOBIERNO REGIONAL";"II-1";"00003754";"HOSPITAL DE APOYO SAN FRANCISCO";"241400";"HOSPITALIZACIÓN QUIRÚRGICA GINECO - OBSTETRICIA ";"58";"58";"145";"153";"13";"403";"0"
"2023";"12";"050503";"AYACUCHO";"LA MAR";"AYNA";"GOBIERNO REGIONAL";"II-1";"00003754";"HOSPITAL DE APOYO SAN FRANCISCO";"241800";"HOSPITALIZACIÓN DE MEDICINA MEDICINA GENERAL ";"14";"15";"63";"117";"5";"155";"1"
"2023";"12";"050503";"AYACUCHO";"LA MAR";"AYNA";"GOBIERNO REGIONAL";"II-1";"00003754";"HOSPITAL DE APOYO SAN FRANCISCO";"242200";"HOSPITALIZACIÓN DE MEDICINA PSIQUIATRÍA ";"4";"5";"34";"119";"5";"155";"0"
"2023";"12";"050503";"AYACUCHO";"LA MAR";"AYNA";"GOBIERNO REGIONAL";"II-1";"00003754";"HOSPITAL DE APOYO SAN FRANCISCO";"242500";"HOSPITALIZACIÓN-PEDIATRÍA GENERAL-";"16";"16";"56";"65";"5";"155";"0"
"2023";"12";"050503";"AYACUCHO";"LA MAR";"AYNA";"GOBIERNO REGIONAL";"II-1";"00003754";"HOSPITAL DE APOYO SAN FRANCISCO";"243200";"HOSPITALIZACIÓN DE PEDIATRÍA PEDIATRIA NEONATOLOGÍA";"20";"22";"99";"110";"5";"155";"0"
"2023";"12";"021703";"ANCASH";"RECUAY";"COTAPARACO";"GOBIERNO REGIONAL";"I-1";"00001477";"PUESTO DE SALUD COTAPARACO";"NE_0001";"";"NE_0001";"NE_0001";"NE_0001";"NE_0001";"NE_0001";"NE_0001";"NE_0001"
"2023";"12";"020510";"ANCASH";"BOLOGNESI";"HUAYLLACAYAN";"GOBIERNO REGIONAL";"I-1";"00001492";"PUESTO DE SALUD YUMPE";"NE_0001";"";"NE_0001";"NE_0001";"NE_0001";"NE_0001";"NE_0001";"NE_0001";"NE_0001"
"2023";"12";"020202";"ANCASH";"AIJA";"CORIS";"GOBIERNO REGIONAL";"I-1";"00001510";"PUESTO DE SALUD  QUISHUAR";"NE_0001";"";"NE_0001";"NE_0001";"NE_0001";"NE_0001";"NE_0001";"NE_0001";"NE_0001"
"2023";"12";"020601";"ANCASH";"CARHUAZ";"CARHUAZ";"GOBIERNO REGIONAL";"I-1";"00001519";"PUESTO DE SALUD RAMPAC GRANDE";"NE_0001";"";"NE_0001";"NE_0001";"NE_0001";"NE_0001";"NE_0001";"NE_0001";"NE_0001"
"2023";"12";"020611";"ANCASH";"CARHUAZ";"YUNGAR";"GOBIERNO REGIONAL";"I-1";"00001532";"PUESTO DE SALUD TRIGOPAMPA";"NE_0001";"";"NE_0001";"NE_0001";"NE_0001";"NE_0001";"NE_0001";"NE_0001";"NE_0001"
"2023";"12";"020606";"ANCASH";"CARHUAZ";"MARCARA";"GOBIERNO REGIONAL";"I-1";"00001535";"PURHUAY";"NE_0001";"";"NE_0001";"NE_0001";"NE_0001";"NE_0001";"NE_0001";"NE_0001";"NE_0001"
"2023";"12";"020101";"ANCASH";"HUARAZ";"HUARAZ";"GOBIERNO REGIONAL";"I-1";"00001549";"PUESTO DE SALUD HUAMARIN";"NE_0001";"";"NE_0001";"NE_0001";"NE_0001";"NE_0001";"NE_0001";"NE_0001";"NE_0001"
"2023";"12";"020105";"ANCASH";"HUARAZ";"INDEPENDENCIA";"GOBIERNO REGIONAL";"I-1";"00001569";"PUESTO DE SALUD SHECTA";"NE_0001";"";"NE_0001";"NE_0001";"NE_0001";"NE_0001";"NE_0001";"NE_0001";"NE_0001"
"2023";"12";"020105";"ANCASH";"HUARAZ";"INDEPENDENCIA";"GOBIERNO REGIONAL";"I-3";"00001574";"CENTRO DE SALUD MONTERREY";"NE_0001";"";"NE_0001";"NE_0001";"NE_0001";"NE_0001";"NE_0001";"NE_0001";"NE_0001"
"2023";"12";"020112";"ANCASH";"HUARAZ";"TARICA";"GOBIERNO REGIONAL";"I-1";"00001581";"PUESTO DE SALUD COLLON";"NE_0001";"";"NE_0001";"NE_0001";"NE_0001";"NE_0001";"NE_0001";"NE_0001";"NE_0001"
"2023";"12";"020105";"ANCASH";"HUARAZ";"INDEPENDENCIA";"GOBIERNO REGIONAL";"I-3";"00028701";"CENTRO DE SALUD MENTAL COMUNITARIO ""ALLY WARAQ""";"NE_0001";"";"NE_0001";"NE_0001";"NE_0001";"NE_0001";"NE_0001";"NE_0001";"NE_0001"
"2023";"12";"021706";"ANCASH";"RECUAY";"MARCA";"GOBIERNO REGIONAL";"I-1";"00001481";"PUESTO DE SALUD MARCA";"NE_0001";"";"NE_0001";"NE_0001";"NE_0001";"NE_0001";"NE_0001";"NE_0001";"NE_0001"
"2023";"12";"020505";"ANCASH";"BOLOGNESI";"CAJACAY";"GOBIERNO REGIONAL";"I-1";"00001486";"PUESTO DE SALUD SANTA ROSA";"NE_0001";"";"NE_0001";"NE_0001";"NE_0001";"NE_0001";"NE_0001";"NE_0001";"NE_0001"
"2023";"12";"020201";"ANCASH";"AIJA";"AIJA";"GOBIERNO REGIONAL";"I-3";"00001508";"CENTRO DE SALUD AIJA";"NE_0001";"";"NE_0001";"NE_0001";"NE_0001";"NE_0001";"NE_0001";"NE_0001";"NE_0001"
"2023";"12";"020610";"ANCASH";"CARHUAZ";"TINCO";"GOBIERNO REGIONAL";"I-1";"00001523";"PUESTO DE SALUD TINCO";"NE_0001";"";"NE_0001";"NE_0001";"NE_0001";"NE_0001";"NE_0001";"NE_0001";"NE_0001"
"2023";"12";"020603";"ANCASH";"CARHUAZ";"AMASHCA";"GOBIERNO REGIONAL";"I-1";"00001525";"PUESTO DE SALUD PUNYAN";"NE_0001";"";"NE_0001";"NE_0001";"NE_0001";"NE_0001";"NE_0001";"NE_0001";"NE_0001"
"2023";"12";"020606";"ANCASH";"CARHUAZ";"MARCARA";"GOBIERNO REGIONAL";"I-3";"00001534";"CENTRO DE SALUD MARCARA";"NE_0001";"";"NE_0001";"NE_0001";"NE_0001";"NE_0001";"NE_0001";"NE_0001";"NE_0001"
"2023";"12";"020108";"ANCASH";"HUARAZ";"OLLEROS";"GOBIERNO REGIONAL";"I-2";"00001551";"PUESTO DE SALUD OLLEROS";"NE_0001";"";"NE_0001";"NE_0001";"NE_0001";"NE_0001";"NE_0001";"NE_0001";"NE_0001"
"2023";"12";"020504";"ANCASH";"BOLOGNESI";"AQUIA";"GOBIERNO REGIONAL";"I-2";"00001494";"PUESTO DE SALUD AQUIA";"NE_0001";"";"NE_0001";"NE_0001";"NE_0001";"NE_0001";"NE_0001";"NE_0001";"NE_0001"
"2023";"12";"020509";"ANCASH";"BOLOGNESI";"HUASTA";"GOBIERNO REGIONAL";"I-2";"00001497";"PUESTO DE SALUD HUASTA";"NE_0001";"";"NE_0001";"NE_0001";"NE_0001";"NE_0001";"NE_0001";"NE_0001";"NE_0001"
"2023";"12";"020506";"ANCASH";"BOLOGNESI";"CANIS";"GOBIERNO REGIONAL";"I-1";"00001501";"PUESTO DE SALUD CANIS";"NE_0001";"";"NE_0001";"NE_0001";"NE_0001";"NE_0001";"NE_0001";"NE_0001";"NE_0001"
"2023";"12";"020602";"ANCASH";"CARHUAZ";"ACOPAMPA";"GOBIERNO REGIONAL";"I-3";"00001521";"CENTRO DE SALUD ACOPAMPA";"NE_0001";"";"NE_0001";"NE_0001";"NE_0001";"NE_0001";"NE_0001";"NE_0001";"NE_0001"
"2023";"12";"020111";"ANCASH";"HUARAZ";"PIRA";"GOBIERNO REGIONAL";"I-2";"00001586";"PUESTO DE SALUD YUPASH";"NE_0001";"";"NE_0001";"NE_0001";"NE_0001";"NE_0001";"NE_0001";"NE_0001";"NE_0001"
"2023";"12";"021102";"ANCASH";"HUARMEY";"COCHAPETI";"GOBIERNO REGIONAL";"I-1";"00001749";"PUESTO DE SALUD COCHAPETI";"NE_0001";"";"NE_0001";"NE_0001";"NE_0001";"NE_0001";"NE_0001";"NE_0001";"NE_0001"
"2023";"12";"020601";"ANCASH";"CARHUAZ";"CARHUAZ";"GOBIERNO REGIONAL";"I-2";"00007267";"PUESTO DE SALUD HUALCAN";"NE_0001";"";"NE_0001";"NE_0001";"NE_0001";"NE_0001";"NE_0001";"NE_0001";"NE_0001"
"2023";"11";"110301";"ICA";"NAZCA";"NAZCA";"SANIDAD DE LA POLICIA NACIONAL DEL PERU";"I-2";"00011399";"UNIDAD EJECUTORA 020:SANIDAD DE LA PNP";"NE_0001";"";"NE_0001";"NE_0001";"NE_0001";"NE_0001";"NE_0001";"NE_0001";"NE_0001"
"2023";"11";"150133";"LIMA";"LIMA";"SAN JUAN DE MIRAFLORES";"PRIVADO";"II-E";"00028244";"CLINICA SAGRADA FAMILIA DEL SUR";"240000";"HOSPITALIZACIÓN";"16";"16";"28";"24";"6";"20";"0"
"2023";"11";"160101";"LORETO";"MAYNAS";"IQUITOS";"PRIVADO";"II-2";"00012854";"ASOC. PAST. DE SERV. MEDICO ASIST. CLINICA ADVENTISTA ANA STAHL DE LA IGLESIA ADV. DEL SEPTIMO DIA";"241800";"HOSPITALIZACIÓN DE MEDICINA MEDICINA GENERAL ";"133";"127";"611";"671";"42";"1218";"0"
"2023";"11";"030101";"APURIMAC";"ABANCAY";"ABANCAY";"ESSALUD";"II-2";"00011213";"HOSPITAL II ESSALUD ABANCAY";"241900";"HOSPITALIZACIÓN DE MEDICINA MEDICINA INTERNA ";"54";"52";"268";"316";"13";"349";"2"
"2023";"11";"030101";"APURIMAC";"ABANCAY";"ABANCAY";"ESSALUD";"II-2";"00011213";"HOSPITAL II ESSALUD ABANCAY";"250100";"UNIDAD DE CUIDADOS CRITICOS UNIDAD  DE CUIDADOS INTENSIVOS GENERALES (UCI) ";"4";"3";"19";"177";"6";"180";"1"
"2023";"11";"030101";"APURIMAC";"ABANCAY";"ABANCAY";"ESSALUD";"II-2";"00011213";"HOSPITAL II ESSALUD ABANCAY";"240100";"HOSPITALIZACIÓN QUIRÚRGICA CIRUGÍA GENERAL ";"91";"89";"422";"399";"15";"450";"0"
"2023";"11";"030101";"APURIMAC";"ABANCAY";"ABANCAY";"ESSALUD";"II-2";"00011213";"HOSPITAL II ESSALUD ABANCAY";"241400";"HOSPITALIZACIÓN QUIRÚRGICA GINECO - OBSTETRICIA ";"42";"42";"93";"80";"3";"90";"0"
"2023";"11";"030101";"APURIMAC";"ABANCAY";"ABANCAY";"ESSALUD";"II-2";"00011213";"HOSPITAL II ESSALUD ABANCAY";"241600";"HOSPITALIZACIÓN QUIRÚRGICA OBSTETRICIA   ";"52";"51";"105";"114";"5";"150";"0"
"2023";"11";"030101";"APURIMAC";"ABANCAY";"ABANCAY";"ESSALUD";"II-2";"00011213";"HOSPITAL II ESSALUD ABANCAY";"242300";"HOSPITALIZACIÓN DE PEDIATRÍA  PEDIATRÍA  GENERAL ";"52";"52";"197";"191";"5";"191";"0"
"2023";"11";"060307";"CAJAMARCA";"CELENDIN";"MIGUEL IGLESIAS";"GOBIERNO REGIONAL";"I-3";"00004478";"MIGUEL IGLESIAS";"NE_0001";"";"NE_0001";"NE_0001";"NE_0001";"NE_0001";"NE_0001";"NE_0001";"NE_0001"
"2023";"11";"060307";"CAJAMARCA";"CELENDIN";"MIGUEL IGLESIAS";"GOBIERNO REGIONAL";"I-1";"00009085";"MUYOC GRANDE";"NE_0001";"";"NE_0001";"NE_0001";"NE_0001";"NE_0001";"NE_0001";"NE_0001";"NE_0001"
"2023";"11";"060302";"CAJAMARCA";"CELENDIN";"CHUMUCH";"GOBIERNO REGIONAL";"I-1";"00004479";"CHUMUCH";"NE_0001";"";"NE_0001";"NE_0001";"NE_0001";"NE_0001";"NE_0001";"NE_0001";"NE_0001"
"2023";"11";"060312";"CAJAMARCA";"CELENDIN";"LA LIBERTAD DE PALLAN";"GOBIERNO REGIONAL";"I-2";"00004481";"LA LIBERTAD DE PALLAN";"NE_0001";"";"NE_0001";"NE_0001";"NE_0001";"NE_0001";"NE_0001";"NE_0001";"NE_0001"
"2023";"11";"060312";"CAJAMARCA";"CELENDIN";"LA LIBERTAD DE PALLAN";"GOBIERNO REGIONAL";"I-1";"00004480";"NUEVA ESPERANZA";"NE_0001";"";"NE_0001";"NE_0001";"NE_0001";"NE_0001";"NE_0001";"NE_0001";"NE_0001"
"2023";"11";"060312";"CAJAMARCA";"CELENDIN";"LA LIBERTAD DE PALLAN";"GOBIERNO REGIONAL";"I-1";"00006756";"RAMOSCUCHO";"NE_0001";"";"NE_0001";"NE_0001";"NE_0001";"NE_0001";"NE_0001";"NE_0001";"NE_0001"
"2023";"11";"060307";"CAJAMARCA";"CELENDIN";"MIGUEL IGLESIAS";"GOBIERNO REGIONAL";"I-1";"00009088";"PIZON";"NE_0001";"";"NE_0001";"NE_0001";"NE_0001";"NE_0001";"NE_0001";"NE_0001";"NE_0001"
"2023";"11";"060307";"CAJAMARCA";"CELENDIN";"MIGUEL IGLESIAS";"GOBIERNO REGIONAL";"I-1";"00011156";"MUYOC CHICO";"NE_0001";"";"NE_0001";"NE_0001";"NE_0001";"NE_0001";"NE_0001";"NE_0001";"NE_0001"
"2023";"11";"060302";"CAJAMARCA";"CELENDIN";"CHUMUCH";"GOBIERNO REGIONAL";"I-1";"00006759";"RAMBRAN";"NE_0001";"";"NE_0001";"NE_0001";"NE_0001";"NE_0001";"NE_0001";"NE_0001";"NE_0001"
"2023";"11";"060307";"CAJAMARCA";"CELENDIN";"MIGUEL IGLESIAS";"GOBIERNO REGIONAL";"I-1";"00025042";"JORGE CHAVEZ DE MIGUEL IGLESIAS";"NE_0001";"";"NE_0001";"NE_0001";"NE_0001";"NE_0001";"NE_0001";"NE_0001";"NE_0001"
"2023";"12";"150106";"LIMA";"LIMA";"CARABAYLLO";"SANIDAD DE LA POLICIA NACIONAL DEL PERU";"I-3";"00012664";"POLICLÌNICO  DE LA  POLICÍA  NACIONAL DEL PERÙ CARABAYLLO - DEFENSORES DE LA DEMOCRACIA ";"NE_0001";"";"NE_0001";"NE_0001";"NE_0001";"NE_0001";"NE_0001";"NE_0001";"NE_0001"
"2023";"05";"040129";"AREQUIPA";"AREQUIPA";"JOSE LUIS BUSTAMANTE Y RIVERO";"PRIVADO";"II-E";"00032853";"CLINICA UROSUR";"241300";"HOSPITALIZACIÓN QUIRÚRGICA UROLOGÍA  ";"17";"15";"20";"22";"5";"22";"0"
"2023";"12";"150113";"LIMA";"LIMA";"JESUS MARIA";"ESSALUD";"III-2";"00008720";"HOSPITAL NACIONAL EDGARDO REBAGLIATI MARTINS";"240000";"HOSPITALIZACIÓN";"664";"654";"7752";"8737";"293";"9083";"22"
"2023";"12";"150113";"LIMA";"LIMA";"JESUS MARIA";"ESSALUD";"III-2";"00008720";"HOSPITAL NACIONAL EDGARDO REBAGLIATI MARTINS";"240100";"HOSPITALIZACIÓN QUIRÚRGICA CIRUGÍA GENERAL ";"256";"324";"4097";"3647";"120";"3720";"9"
"2023";"12";"150113";"LIMA";"LIMA";"JESUS MARIA";"ESSALUD";"III-2";"00008720";"HOSPITAL NACIONAL EDGARDO REBAGLIATI MARTINS";"240200";"HOSPITALIZACIÓN QUIRÚRGICA CIRUGÍA DE CABEZA Y CUELLO / MÁXILO FACIAL ";"55";"58";"518";"463";"15";"465";"0"
"2023";"12";"150113";"LIMA";"LIMA";"JESUS MARIA";"ESSALUD";"III-2";"00008720";"HOSPITAL NACIONAL EDGARDO REBAGLIATI MARTINS";"240400";"HOSPITALIZACIÓN QUIRÚRGICA CIRUGÍA DE TÓRAX Y CARDIOVASCULAR ";"49";"64";"1211";"1319";"44";"1364";"1"
"2023";"12";"150113";"LIMA";"LIMA";"JESUS MARIA";"ESSALUD";"III-2";"00008720";"HOSPITAL NACIONAL EDGARDO REBAGLIATI MARTINS";"240600";"HOSPITALIZACIÓN QUIRÚRGICA CIRUGÍA OFTALMOLÓGICA ";"17";"15";"112";"121";"4";"124";"0"
"2023";"12";"150113";"LIMA";"LIMA";"JESUS MARIA";"ESSALUD";"III-2";"00008720";"HOSPITAL NACIONAL EDGARDO REBAGLIATI MARTINS";"240700";"HOSPITALIZACIÓN QUIRÚRGICA CIRUGÍA PEDIÁTRICA ";"113";"138";"1481";"1040";"45";"1395";"0"
"2023";"12";"150113";"LIMA";"LIMA";"JESUS MARIA";"ESSALUD";"III-2";"00008720";"HOSPITAL NACIONAL EDGARDO REBAGLIATI MARTINS";"240800";"HOSPITALIZACIÓN QUIRÚRGICA CIRUGÍA PLÁSTICA/RECONSTRUCTIVA/ REPARADORA ";"33";"41";"695";"615";"20";"620";"0"
"2023";"12";"150113";"LIMA";"LIMA";"JESUS MARIA";"ESSALUD";"III-2";"00008720";"HOSPITAL NACIONAL EDGARDO REBAGLIATI MARTINS";"240900";"HOSPITALIZACIÓN QUIRÚRGICA NEUROCIRUGÍA ";"125";"123";"1454";"1769";"62";"1922";"5"
"2023";"12";"150113";"LIMA";"LIMA";"JESUS MARIA";"ESSALUD";"III-2";"00008720";"HOSPITAL NACIONAL EDGARDO REBAGLIATI MARTINS";"241100";"HOSPITALIZACIÓN QUIRÚRGICA OTORRINOLARINGOLOGÍA  ";"45";"44";"344";"365";"12";"372";"0"
"2023";"12";"150113";"LIMA";"LIMA";"JESUS MARIA";"ESSALUD";"III-2";"00008720";"HOSPITAL NACIONAL EDGARDO REBAGLIATI MARTINS";"241200";"HOSPITALIZACIÓN QUIRÚRGICA TRAUMATOLOGÍA Y ORTOPEDIA ";"271";"265";"3278";"3562";"117";"3627";"3"
"2023";"12";"150113";"LIMA";"LIMA";"JESUS MARIA";"ESSALUD";"III-2";"00008720";"HOSPITAL NACIONAL EDGARDO REBAGLIATI MARTINS";"241300";"HOSPITALIZACIÓN QUIRÚRGICA UROLOGÍA  ";"158";"164";"1481";"1480";"48";"1488";"0"
"2023";"12";"150113";"LIMA";"LIMA";"JESUS MARIA";"ESSALUD";"III-2";"00008720";"HOSPITAL NACIONAL EDGARDO REBAGLIATI MARTINS";"241500";"HOSPITALIZACIÓN QUIRÚRGICA GINECOLOGÍA  ";"81";"92";"730";"725";"24";"744";"0"
"2023";"12";"150113";"LIMA";"LIMA";"JESUS MARIA";"ESSALUD";"III-2";"00008720";"HOSPITAL NACIONAL EDGARDO REBAGLIATI MARTINS";"241600";"HOSPITALIZACIÓN QUIRÚRGICA OBSTETRICIA   ";"412";"400";"2407";"2486";"109";"3379";"0"
"2023";"12";"150113";"LIMA";"LIMA";"JESUS MARIA";"ESSALUD";"III-2";"00008720";"HOSPITAL NACIONAL EDGARDO REBAGLIATI MARTINS";"241700";"HOSPITALIZACIÓN QUIRÚRGICA GINECOLOGÍA   GINECOLOGIA ONCOLOGiCA";"112";"115";"727";"744";"24";"744";"1"
"2023";"12";"150113";"LIMA";"LIMA";"JESUS MARIA";"ESSALUD";"III-2";"00008720";"HOSPITAL NACIONAL EDGARDO REBAGLIATI MARTINS";"241900";"HOSPITALIZACIÓN DE MEDICINA MEDICINA INTERNA ";"504";"466";"8371";"8033";"266";"8246";"73"
"2023";"12";"150113";"LIMA";"LIMA";"JESUS MARIA";"ESSALUD";"III-2";"00008720";"HOSPITAL NACIONAL EDGARDO REBAGLIATI MARTINS";"242100";"HOSPITALIZACIÓN DE MEDICINA ONCOLOGÍA MÉDICA ";"131";"139";"1201";"1023";"33";"1023";"1"
"2023";"12";"150113";"LIMA";"LIMA";"JESUS MARIA";"ESSALUD";"III-2";"00008720";"HOSPITAL NACIONAL EDGARDO REBAGLIATI MARTINS";"242200";"HOSPITALIZACIÓN DE MEDICINA PSIQUIATRÍA ";"78";"85";"1349";"1420";"56";"1736";"0"
"2023";"12";"150113";"LIMA";"LIMA";"JESUS MARIA";"ESSALUD";"III-2";"00008720";"HOSPITAL NACIONAL EDGARDO REBAGLIATI MARTINS";"242300";"HOSPITALIZACIÓN DE PEDIATRÍA  PEDIATRÍA  GENERAL ";"70";"70";"622";"673";"24";"744";"0"
"2023";"12";"150113";"LIMA";"LIMA";"JESUS MARIA";"ESSALUD";"III-2";"00008720";"HOSPITAL NACIONAL EDGARDO REBAGLIATI MARTINS";"242500";"HOSPITALIZACIÓN-PEDIATRÍA GENERAL-";"50";"71";"980";"975";"35";"1085";"1"
"2023";"12";"150113";"LIMA";"LIMA";"JESUS MARIA";"ESSALUD";"III-2";"00008720";"HOSPITAL NACIONAL EDGARDO REBAGLIATI MARTINS";"243200";"HOSPITALIZACIÓN DE PEDIATRÍA PEDIATRIA NEONATOLOGÍA";"42";"5";"29";"744";"24";"744";"4"
"2023";"12";"150113";"LIMA";"LIMA";"JESUS MARIA";"ESSALUD";"III-2";"00008720";"HOSPITAL NACIONAL EDGARDO REBAGLIATI MARTINS";"243600";"HOSPITALIZACIÓN DE PEDIATRÍA PEDIATRIA ONCOLOGÍA PEDIÁTRICA";"64";"65";"437";"451";"16";"496";"2"
"2023";"12";"150113";"LIMA";"LIMA";"JESUS MARIA";"ESSALUD";"III-2";"00008720";"HOSPITAL NACIONAL EDGARDO REBAGLIATI MARTINS";"250100";"UNIDAD DE CUIDADOS CRITICOS UNIDAD  DE CUIDADOS INTENSIVOS GENERALES (UCI) ";"71";"33";"940";"1834";"61";"1891";"32"
"2023";"12";"150113";"LIMA";"LIMA";"JESUS MARIA";"ESSALUD";"III-2";"00008720";"HOSPITAL NACIONAL EDGARDO REBAGLIATI MARTINS";"250101";"UNIDAD DE CUIDADOS CRITICOS UNIDAD  DE CUIDADOS INTENSIVOS GENERALES (UCI) CARDIOLOGIA";"63";"39";"318";"463";"15";"465";"2"
"2023";"12";"150113";"LIMA";"LIMA";"JESUS MARIA";"ESSALUD";"III-2";"00008720";"HOSPITAL NACIONAL EDGARDO REBAGLIATI MARTINS";"250105";"UNIDAD DE CUIDADOS CRITICOS UNIDAD  DE CUIDADOS INTENSIVOS  (UCI) NEONATOLOGÍA";"11";"59";"1902";"954";"31";"961";"2"
"2023";"12";"150113";"LIMA";"LIMA";"JESUS MARIA";"ESSALUD";"III-2";"00008720";"HOSPITAL NACIONAL EDGARDO REBAGLIATI MARTINS";"250108";"UNIDAD DE CUIDADOS CRITICOS UNIDAD  DE CUIDADOS INTENSIVOS  (UCI) PEDIÁTRICA";"20";"4";"17";"295";"13";"403";"3"
"2023";"12";"150113";"LIMA";"LIMA";"JESUS MARIA";"ESSALUD";"III-2";"00008720";"HOSPITAL NACIONAL EDGARDO REBAGLIATI MARTINS";"250200";"UNIDAD DE CUIDADOS CRITICOS UNIDAD DE CUIDADOS INTERMEDIOS GENERAL  (UCIN) ";"4";"5";"395";"732";"24";"744";"4"
"2023";"07";"040129";"AREQUIPA";"AREQUIPA";"JOSE LUIS BUSTAMANTE Y RIVERO";"PRIVADO";"II-E";"00032853";"CLINICA UROSUR";"241300";"HOSPITALIZACIÓN QUIRÚRGICA UROLOGÍA  ";"64";"67";"84";"127";"5";"166";"0"
"2023";"11";"100110";"HUANUCO";"HUANUCO";"YARUMAYO";"GOBIERNO REGIONAL";"I-2";"00006906";"TRES DE MAYO DE ANDAS CHICO";"NE_0001";"";"NE_0001";"NE_0001";"NE_0001";"NE_0001";"NE_0001";"NE_0001";"NE_0001"
"2023";"11";"100110";"HUANUCO";"HUANUCO";"YARUMAYO";"GOBIERNO REGIONAL";"I-1";"00000795";"CHULLAY";"NE_0001";"";"NE_0001";"NE_0001";"NE_0001";"NE_0001";"NE_0001";"NE_0001";"NE_0001"
"2023";"11";"100110";"HUANUCO";"HUANUCO";"YARUMAYO";"GOBIERNO REGIONAL";"I-3";"00000793";"YARUMAYO";"NE_0001";"";"NE_0001";"NE_0001";"NE_0001";"NE_0001";"NE_0001";"NE_0001";"NE_0001"
"2023";"11";"080910";"CUSCO";"LA CONVENCION";"PICHARI";"GOBIERNO REGIONAL";"I-2";"00007113";"NATIVIDAD";"NE_0001";"";"NE_0001";"NE_0001";"NE_0001";"NE_0001";"NE_0001";"NE_0001";"NE_0001"
"2023";"11";"080910";"CUSCO";"LA CONVENCION";"PICHARI";"GOBIERNO REGIONAL";"I-2";"00002498";"PUERTO MAYO";"NE_0001";"";"NE_0001";"NE_0001";"NE_0001";"NE_0001";"NE_0001";"NE_0001";"NE_0001"
"2023";"11";"080910";"CUSCO";"LA CONVENCION";"PICHARI";"GOBIERNO REGIONAL";"I-1";"00002497";"OTARI";"NE_0001";"";"NE_0001";"NE_0001";"NE_0001";"NE_0001";"NE_0001";"NE_0001";"NE_0001"
"2023";"11";"080910";"CUSCO";"LA CONVENCION";"PICHARI";"GOBIERNO REGIONAL";"I-4";"00002494";"PICHARI";"NE_0001";"";"NE_0001";"NE_0001";"NE_0001";"NE_0001";"NE_0001";"NE_0001";"NE_0001"
"2023";"12";"020105";"ANCASH";"HUARAZ";"INDEPENDENCIA";"PRIVADO";"II-1";"00012671";"CLINICA SAN PABLO SEDE HUARAZ";"240000";"HOSPITALIZACIÓN";"155";"157";"380";"529";"27";"837";"0"
"2023";"12";"020105";"ANCASH";"HUARAZ";"INDEPENDENCIA";"PRIVADO";"II-1";"00012671";"CLINICA SAN PABLO SEDE HUARAZ";"250100";"UNIDAD DE CUIDADOS CRITICOS UNIDAD  DE CUIDADOS INTENSIVOS GENERALES (UCI) ";"6";"6";"14";"21";"4";"124";"0"
"2023";"12";"190301";"PASCO";"OXAPAMPA";"OXAPAMPA";"GOBIERNO REGIONAL";"II-1";"00000980";"ERNESTO GERMAN GUZMÁN GONZALES";"250103";"UNIDAD DE CUIDADOS CRITICOS UNIDAD  DE CUIDADOS INTENSIVOS GENERALES  (UCI) MEDICINA";"5";"5";"41";"41";"2";"62";"0"
"2023";"12";"190301";"PASCO";"OXAPAMPA";"OXAPAMPA";"GOBIERNO REGIONAL";"II-1";"00000980";"ERNESTO GERMAN GUZMÁN GONZALES";"241800";"HOSPITALIZACIÓN DE MEDICINA MEDICINA GENERAL ";"14";"14";"68";"68";"2";"70";"0"
"2023";"12";"190301";"PASCO";"OXAPAMPA";"OXAPAMPA";"GOBIERNO REGIONAL";"II-1";"00000980";"ERNESTO GERMAN GUZMÁN GONZALES";"242200";"HOSPITALIZACIÓN DE MEDICINA PSIQUIATRÍA ";"5";"5";"77";"77";"6";"124";"0"
"2023";"12";"190301";"PASCO";"OXAPAMPA";"OXAPAMPA";"GOBIERNO REGIONAL";"II-1";"00000980";"ERNESTO GERMAN GUZMÁN GONZALES";"240100";"HOSPITALIZACIÓN QUIRÚRGICA CIRUGÍA GENERAL ";"9";"9";"29";"29";"5";"155";"0"
"2023";"12";"190301";"PASCO";"OXAPAMPA";"OXAPAMPA";"GOBIERNO REGIONAL";"II-1";"00000980";"ERNESTO GERMAN GUZMÁN GONZALES";"241200";"HOSPITALIZACIÓN QUIRÚRGICA TRAUMATOLOGÍA Y ORTOPEDIA ";"15";"15";"66";"66";"1";"70";"0"
"2023";"12";"190301";"PASCO";"OXAPAMPA";"OXAPAMPA";"GOBIERNO REGIONAL";"II-1";"00000980";"ERNESTO GERMAN GUZMÁN GONZALES";"241400";"HOSPITALIZACIÓN QUIRÚRGICA GINECO - OBSTETRICIA ";"43";"43";"239";"239";"2";"245";"0"
"2023";"12";"190301";"PASCO";"OXAPAMPA";"OXAPAMPA";"GOBIERNO REGIONAL";"II-1";"00000980";"ERNESTO GERMAN GUZMÁN GONZALES";"241500";"HOSPITALIZACIÓN QUIRÚRGICA GINECOLOGÍA  ";"1";"1";"2";"2";"2";"62";"0"
"2023";"12";"190301";"PASCO";"OXAPAMPA";"OXAPAMPA";"GOBIERNO REGIONAL";"II-1";"00000980";"ERNESTO GERMAN GUZMÁN GONZALES";"242500";"HOSPITALIZACIÓN-PEDIATRÍA GENERAL-";"5";"5";"12";"12";"2";"62";"0"
"2023";"12";"190301";"PASCO";"OXAPAMPA";"OXAPAMPA";"GOBIERNO REGIONAL";"II-1";"00000980";"ERNESTO GERMAN GUZMÁN GONZALES";"243200";"HOSPITALIZACIÓN DE PEDIATRÍA PEDIATRIA NEONATOLOGÍA";"1";"1";"1";"1";"3";"93";"0"
"2023";"12";"220605";"SAN MARTIN";"MARISCAL CACERES";"PAJARILLO";"GOBIERNO REGIONAL";"I-1";"00006783";"SOLEDAD";"NE_0001";"";"NE_0001";"NE_0001";"NE_0001";"NE_0001";"NE_0001";"NE_0001";"NE_0001"
"2023";"12";"220605";"SAN MARTIN";"MARISCAL CACERES";"PAJARILLO";"GOBIERNO REGIONAL";"I-1";"00006564";"DOS UNIDOS";"NE_0001";"";"NE_0001";"NE_0001";"NE_0001";"NE_0001";"NE_0001";"NE_0001";"NE_0001"
"2023";"12";"220602";"SAN MARTIN";"MARISCAL CACERES";"CAMPANILLA";"GOBIERNO REGIONAL";"I-1";"00006566";"CUÑUMBUZA";"NE_0001";"";"NE_0001";"NE_0001";"NE_0001";"NE_0001";"NE_0001";"NE_0001";"NE_0001"
"2023";"12";"220202";"SAN MARTIN";"BELLAVISTA";"ALTO BIAVO";"GOBIERNO REGIONAL";"I-1";"00006714";"CENTRO AMERICA";"NE_0001";"";"NE_0001";"NE_0001";"NE_0001";"NE_0001";"NE_0001";"NE_0001";"NE_0001"
"2023";"12";"220605";"SAN MARTIN";"MARISCAL CACERES";"PAJARILLO";"GOBIERNO REGIONAL";"I-1";"00006563";"COSTA RICA";"NE_0001";"";"NE_0001";"NE_0001";"NE_0001";"NE_0001";"NE_0001";"NE_0001";"NE_0001"
"2023";"12";"220204";"SAN MARTIN";"BELLAVISTA";"HUALLAGA";"GOBIERNO REGIONAL";"I-1";"00006565";"AUCARARCA";"NE_0001";"";"NE_0001";"NE_0001";"NE_0001";"NE_0001";"NE_0001";"NE_0001";"NE_0001"
"2023";"12";"250101";"UCAYALI";"CORONEL PORTILLO";"CALLERIA";"PRIVADO";"II-E";"00027312";"Clínica Especializada Amazónica SAC";"240100";"HOSPITALIZACIÓN QUIRÚRGICA CIRUGÍA GENERAL ";"34";"34";"34";"34";"2";"60";"0"
"2023";"12";"190301";"PASCO";"OXAPAMPA";"OXAPAMPA";"GOBIERNO REGIONAL";"0";"00032747";"HOGAR PROTEGIDO OXAPAMPA";"NE_0002";"";"NE_0002";"NE_0002";"NE_0002";"NE_0002";"NE_0002";"NE_0002";"NE_0002"
"2023";"12";"150101";"LIMA";"LIMA";"LIMA";"MINSA";"III-1";"00006207";"HOSPITAL NACIONAL ARZOBISPO LOAYZA";"241900";"HOSPITALIZACIÓN DE MEDICINA MEDICINA INTERNA ";"611";"600";"5534";"6273";"221";"6851";"39"
"2023";"12";"150101";"LIMA";"LIMA";"LIMA";"MINSA";"III-1";"00006207";"HOSPITAL NACIONAL ARZOBISPO LOAYZA";"240100";"HOSPITALIZACIÓN QUIRÚRGICA CIRUGÍA GENERAL ";"400";"481";"3697";"3524";"150";"4650";"8"
"2023";"12";"150101";"LIMA";"LIMA";"LIMA";"MINSA";"III-1";"00006207";"HOSPITAL NACIONAL ARZOBISPO LOAYZA";"241500";"HOSPITALIZACIÓN QUIRÚRGICA GINECOLOGÍA  ";"99";"116";"722";"683";"34";"1054";"0"
"2023";"12";"150101";"LIMA";"LIMA";"LIMA";"MINSA";"III-1";"00006207";"HOSPITAL NACIONAL ARZOBISPO LOAYZA";"241600";"HOSPITALIZACIÓN QUIRÚRGICA OBSTETRICIA   ";"149";"153";"608";"620";"53";"1643";"0"
"2023";"12";"150101";"LIMA";"LIMA";"LIMA";"MINSA";"III-1";"00006207";"HOSPITAL NACIONAL ARZOBISPO LOAYZA";"242300";"HOSPITALIZACIÓN DE PEDIATRÍA  PEDIATRÍA  GENERAL ";"81";"84";"509";"632";"38";"1178";"2"
"2023";"12";"150101";"LIMA";"LIMA";"LIMA";"MINSA";"III-1";"00006207";"HOSPITAL NACIONAL ARZOBISPO LOAYZA";"250100";"UNIDAD DE CUIDADOS CRITICOS UNIDAD  DE CUIDADOS INTENSIVOS GENERALES (UCI) ";"41";"20";"890";"1062";"45";"1395";"17"
"2023";"12";"150101";"LIMA";"LIMA";"LIMA";"MINSA";"III-1";"00006207";"HOSPITAL NACIONAL ARZOBISPO LOAYZA";"250200";"UNIDAD DE CUIDADOS CRITICOS UNIDAD DE CUIDADOS INTERMEDIOS GENERAL  (UCIN) ";"2";"1";"62";"153";"6";"186";"1"
"2023";"12";"150101";"LIMA";"LIMA";"LIMA";"MINSA";"III-1";"00006207";"HOSPITAL NACIONAL ARZOBISPO LOAYZA";"240801";"HOSPITALIZACIÓN QUIRÚRGICA CIRUGÍA PLÁSTICA/RECONSTRUCTIVA/ REPARADORA QUEMADOS";"20";"24";"550";"677";"23";"713";"0"
"2023";"12";"051108";"AYACUCHO";"VILCAS HUAMAN";"VISCHONGO";"GOBIERNO REGIONAL";"I-1";"00006614";"PUESTO DE SALUD POMACOCHA";"NE_0001";"";"NE_0001";"NE_0001";"NE_0001";"NE_0001";"NE_0001";"NE_0001";"NE_0001"
"2023";"12";"051108";"AYACUCHO";"VILCAS HUAMAN";"VISCHONGO";"GOBIERNO REGIONAL";"I-1";"00027647";"PUESTO DE SALUD SAN LORENZO DE ÑUÑUNHUAYCCO";"NE_0001";"";"NE_0001";"NE_0001";"NE_0001";"NE_0001";"NE_0001";"NE_0001";"NE_0001"
"2023";"12";"051102";"AYACUCHO";"VILCAS HUAMAN";"ACCOMARCA";"GOBIERNO REGIONAL";"I-2";"00003841";"PUESTO DE SALUD ACCOMARCA";"NE_0001";"";"NE_0001";"NE_0001";"NE_0001";"NE_0001";"NE_0001";"NE_0001";"NE_0001"
"2023";"12";"051102";"AYACUCHO";"VILCAS HUAMAN";"ACCOMARCA";"GOBIERNO REGIONAL";"I-1";"00003842";"PUESTO DE SALUD HUARCAS";"NE_0001";"";"NE_0001";"NE_0001";"NE_0001";"NE_0001";"NE_0001";"NE_0001";"NE_0001"
"2023";"12";"051104";"AYACUCHO";"VILCAS HUAMAN";"CONCEPCION";"GOBIERNO REGIONAL";"I-2";"00003852";"PUESTO DE SALUD CONCEPCION";"NE_0001";"";"NE_0001";"NE_0001";"NE_0001";"NE_0001";"NE_0001";"NE_0001";"NE_0001"
"2023";"12";"051105";"AYACUCHO";"VILCAS HUAMAN";"HUAMBALPA";"GOBIERNO REGIONAL";"I-2";"00006605";"PUESTO DE SALUD HUAMBALPA";"NE_0001";"";"NE_0001";"NE_0001";"NE_0001";"NE_0001";"NE_0001";"NE_0001";"NE_0001"
"2023";"12";"051108";"AYACUCHO";"VILCAS HUAMAN";"VISCHONGO";"GOBIERNO REGIONAL";"I-1";"00006611";"PUESTO DE SALUD DE CHIRIBAMBA";"NE_0001";"";"NE_0001";"NE_0001";"NE_0001";"NE_0001";"NE_0001";"NE_0001";"NE_0001"
"2023";"12";"040413";"AREQUIPA";"CASTILLA";"URACA";"ESSALUD";"I-2";"00013300";"POSTA MEDICA  CORIRE";"NE_0001";"";"NE_0001";"NE_0001";"NE_0001";"NE_0001";"NE_0001";"NE_0001";"NE_0001"
"2023";"12";"080904";"CUSCO";"LA CONVENCION";"MARANURA";"GOBIERNO REGIONAL";"I-2";"00002460";"SANTA MARIA";"NE_0001";"";"NE_0001";"NE_0001";"NE_0001";"NE_0001";"NE_0001";"NE_0001";"NE_0001"
"2023";"12";"080908";"CUSCO";"LA CONVENCION";"SANTA TERESA";"GOBIERNO REGIONAL";"I-4";"00002476";"SANTA TERESA";"NE_0001";"";"NE_0001";"NE_0001";"NE_0001";"NE_0001";"NE_0001";"NE_0001";"NE_0001"
"2023";"12";"080903";"CUSCO";"LA CONVENCION";"HUAYOPATA";"GOBIERNO REGIONAL";"I-3";"00002453";"HUYRO";"NE_0001";"";"NE_0001";"NE_0001";"NE_0001";"NE_0001";"NE_0001";"NE_0001";"NE_0001"
"2023";"12";"080908";"CUSCO";"LA CONVENCION";"SANTA TERESA";"GOBIERNO REGIONAL";"I-1";"00002478";"TOTORA";"NE_0001";"";"NE_0001";"NE_0001";"NE_0001";"NE_0001";"NE_0001";"NE_0001";"NE_0001"
"2023";"12";"080903";"CUSCO";"LA CONVENCION";"HUAYOPATA";"GOBIERNO REGIONAL";"I-1";"00002454";"ALFAMAYO";"NE_0001";"";"NE_0001";"NE_0001";"NE_0001";"NE_0001";"NE_0001";"NE_0001";"NE_0001"
"2023";"12";"080903";"CUSCO";"LA CONVENCION";"HUAYOPATA";"GOBIERNO REGIONAL";"I-2";"00002456";"AMAYBAMBA";"NE_0001";"";"NE_0001";"NE_0001";"NE_0001";"NE_0001";"NE_0001";"NE_0001";"NE_0001"
"2023";"12";"080904";"CUSCO";"LA CONVENCION";"MARANURA";"GOBIERNO REGIONAL";"I-1";"00002461";"UCHUMAYO";"NE_0001";"";"NE_0001";"NE_0001";"NE_0001";"NE_0001";"NE_0001";"NE_0001";"NE_0001"
"2023";"12";"080903";"CUSCO";"LA CONVENCION";"HUAYOPATA";"GOBIERNO REGIONAL";"I-1";"00002455";"HUAYOPATA";"NE_0001";"";"NE_0001";"NE_0001";"NE_0001";"NE_0001";"NE_0001";"NE_0001";"NE_0001"
"2023";"12";"080908";"CUSCO";"LA CONVENCION";"SANTA TERESA";"GOBIERNO REGIONAL";"I-2";"00002477";"SULLUCUYOC";"NE_0001";"";"NE_0001";"NE_0001";"NE_0001";"NE_0001";"NE_0001";"NE_0001";"NE_0001"
"2023";"12";"080903";"CUSCO";"LA CONVENCION";"HUAYOPATA";"GOBIERNO REGIONAL";"I-1";"00002457";"SAN PABLO HUAYOPATA";"NE_0001";"";"NE_0001";"NE_0001";"NE_0001";"NE_0001";"NE_0001";"NE_0001";"NE_0001"
"2023";"12";"080904";"CUSCO";"LA CONVENCION";"MARANURA";"GOBIERNO REGIONAL";"I-4";"00002458";"MARANURA";"NE_0001";"";"NE_0001";"NE_0001";"NE_0001";"NE_0001";"NE_0001";"NE_0001";"NE_0001"
"2023";"10";"150701";"LIMA";"HUAROCHIRI";"MATUCANA";"GOBIERNO REGIONAL";"II-1";"00005850";"HOSPITAL SAN JUAN DE MATUCANA";"240100";"HOSPITALIZACIÓN QUIRÚRGICA CIRUGÍA GENERAL ";"2";"2";"11";"11";"2";"62";"0"
"2023";"10";"150701";"LIMA";"HUAROCHIRI";"MATUCANA";"GOBIERNO REGIONAL";"II-1";"00005850";"HOSPITAL SAN JUAN DE MATUCANA";"241600";"HOSPITALIZACIÓN QUIRÚRGICA OBSTETRICIA   ";"5";"5";"7";"7";"4";"124";"0"
"2023";"10";"150701";"LIMA";"HUAROCHIRI";"MATUCANA";"GOBIERNO REGIONAL";"II-1";"00005850";"HOSPITAL SAN JUAN DE MATUCANA";"241800";"HOSPITALIZACIÓN DE MEDICINA MEDICINA GENERAL ";"2";"2";"16";"16";"3";"93";"0"
"2023";"10";"150701";"LIMA";"HUAROCHIRI";"MATUCANA";"GOBIERNO REGIONAL";"II-1";"00005850";"HOSPITAL SAN JUAN DE MATUCANA";"242500";"HOSPITALIZACIÓN-PEDIATRÍA GENERAL-";"1";"4";"16";"12";"2";"62";"0"
"2023";"11";"150701";"LIMA";"HUAROCHIRI";"MATUCANA";"GOBIERNO REGIONAL";"II-1";"00005850";"HOSPITAL SAN JUAN DE MATUCANA";"241600";"HOSPITALIZACIÓN QUIRÚRGICA OBSTETRICIA   ";"4";"4";"9";"9";"4";"120";"0"
"2023";"11";"150701";"LIMA";"HUAROCHIRI";"MATUCANA";"GOBIERNO REGIONAL";"II-1";"00005850";"HOSPITAL SAN JUAN DE MATUCANA";"241800";"HOSPITALIZACIÓN DE MEDICINA MEDICINA GENERAL ";"4";"4";"15";"17";"3";"90";"0"
"2023";"11";"150701";"LIMA";"HUAROCHIRI";"MATUCANA";"GOBIERNO REGIONAL";"II-1";"00005850";"HOSPITAL SAN JUAN DE MATUCANA";"242500";"HOSPITALIZACIÓN-PEDIATRÍA GENERAL-";"2";"2";"3";"3";"2";"60";"0"
"2023";"12";"150701";"LIMA";"HUAROCHIRI";"MATUCANA";"GOBIERNO REGIONAL";"II-1";"00005850";"HOSPITAL SAN JUAN DE MATUCANA";"240100";"HOSPITALIZACIÓN QUIRÚRGICA CIRUGÍA GENERAL ";"1";"1";"14";"14";"2";"62";"1"
"2023";"12";"150701";"LIMA";"HUAROCHIRI";"MATUCANA";"GOBIERNO REGIONAL";"II-1";"00005850";"HOSPITAL SAN JUAN DE MATUCANA";"241600";"HOSPITALIZACIÓN QUIRÚRGICA OBSTETRICIA   ";"11";"11";"24";"23";"4";"124";"0"
"2023";"12";"150701";"LIMA";"HUAROCHIRI";"MATUCANA";"GOBIERNO REGIONAL";"II-1";"00005850";"HOSPITAL SAN JUAN DE MATUCANA";"241800";"HOSPITALIZACIÓN DE MEDICINA MEDICINA GENERAL ";"2";"3";"12";"9";"3";"93";"0"
"2023";"12";"150701";"LIMA";"HUAROCHIRI";"MATUCANA";"GOBIERNO REGIONAL";"II-1";"00005850";"HOSPITAL SAN JUAN DE MATUCANA";"242500";"HOSPITALIZACIÓN-PEDIATRÍA GENERAL-";"2";"2";"4";"4";"2";"62";"0"
"2023";"12";"150122";"LIMA";"LIMA";"MIRAFLORES";"PRIVADO";"II-E";"00019748";"CLINICA HIGUERETA";"240000";"HOSPITALIZACIÓN";"142";"141";"541";"400";"17";"527";"0"
"2023";"12";"150122";"LIMA";"LIMA";"MIRAFLORES";"PRIVADO";"II-E";"00019748";"CLINICA HIGUERETA";"250100";"UNIDAD DE CUIDADOS CRITICOS UNIDAD  DE CUIDADOS INTENSIVOS GENERALES (UCI) ";"1";"0";"27";"26";"2";"62";"0"
"2023";"11";"210701";"PUNO";"LAMPA";"LAMPA";"GOBIERNO REGIONAL";"I-4";"00003128";"ANTONIO BARRIONUEVO (LAMPA)";"240100";"HOSPITALIZACIÓN QUIRÚRGICA CIRUGÍA GENERAL ";"8";"8";"19";"1";"2";"60";"0"
"2023";"11";"210701";"PUNO";"LAMPA";"LAMPA";"GOBIERNO REGIONAL";"I-4";"00003128";"ANTONIO BARRIONUEVO (LAMPA)";"241200";"HOSPITALIZACIÓN QUIRÚRGICA TRAUMATOLOGÍA Y ORTOPEDIA ";"1";"1";"1";"1";"1";"30";"0"
"2023";"11";"210701";"PUNO";"LAMPA";"LAMPA";"GOBIERNO REGIONAL";"I-4";"00003128";"ANTONIO BARRIONUEVO (LAMPA)";"241400";"HOSPITALIZACIÓN QUIRÚRGICA GINECO - OBSTETRICIA ";"5";"5";"18";"1";"2";"60";"0"
"2023";"11";"210701";"PUNO";"LAMPA";"LAMPA";"GOBIERNO REGIONAL";"I-4";"00003128";"ANTONIO BARRIONUEVO (LAMPA)";"241500";"HOSPITALIZACIÓN QUIRÚRGICA GINECOLOGÍA  ";"6";"6";"13";"1";"2";"60";"0"
"2023";"11";"210701";"PUNO";"LAMPA";"LAMPA";"GOBIERNO REGIONAL";"I-4";"00003128";"ANTONIO BARRIONUEVO (LAMPA)";"241600";"HOSPITALIZACIÓN QUIRÚRGICA OBSTETRICIA   ";"5";"5";"12";"1";"4";"120";"0"
"2023";"11";"210701";"PUNO";"LAMPA";"LAMPA";"GOBIERNO REGIONAL";"I-4";"00003128";"ANTONIO BARRIONUEVO (LAMPA)";"241800";"HOSPITALIZACIÓN DE MEDICINA MEDICINA GENERAL ";"7";"7";"32";"1";"3";"90";"0"
"2023";"11";"160113";"LORETO";"MAYNAS";"SAN JUAN BAUTISTA";"PRIVADO";"II-E";"00024041";"CLÍNICA ESPECIALIZADA EMANUEL";"NE_0001";"";"NE_0001";"NE_0001";"NE_0001";"NE_0001";"NE_0001";"NE_0001";"NE_0001"
"2023";"11";"150201";"LIMA";"BARRANCA";"BARRANCA";"GOBIERNO REGIONAL";"II-2";"00007635";"HOSPITAL DE BARRANCA";"240100";"HOSPITALIZACIÓN QUIRÚRGICA CIRUGÍA GENERAL ";"80";"92";"378";"550";"16";"480";"0"
"2023";"11";"150201";"LIMA";"BARRANCA";"BARRANCA";"GOBIERNO REGIONAL";"II-2";"00007635";"HOSPITAL DE BARRANCA";"241100";"HOSPITALIZACIÓN QUIRÚRGICA OTORRINOLARINGOLOGÍA  ";"2";"2";"6";"1";"3";"90";"0"
"2023";"11";"150201";"LIMA";"BARRANCA";"BARRANCA";"GOBIERNO REGIONAL";"II-2";"00007635";"HOSPITAL DE BARRANCA";"241200";"HOSPITALIZACIÓN QUIRÚRGICA TRAUMATOLOGÍA Y ORTOPEDIA ";"13";"18";"162";"3";"8";"240";"0"
"2023";"11";"150201";"LIMA";"BARRANCA";"BARRANCA";"GOBIERNO REGIONAL";"II-2";"00007635";"HOSPITAL DE BARRANCA";"241300";"HOSPITALIZACIÓN QUIRÚRGICA UROLOGÍA  ";"3";"4";"14";"1";"3";"90";"0"
"2023";"11";"150201";"LIMA";"BARRANCA";"BARRANCA";"GOBIERNO REGIONAL";"II-2";"00007635";"HOSPITAL DE BARRANCA";"241500";"HOSPITALIZACIÓN QUIRÚRGICA GINECOLOGÍA  ";"131";"142";"390";"209";"16";"480";"0"
"2023";"11";"150201";"LIMA";"BARRANCA";"BARRANCA";"GOBIERNO REGIONAL";"II-2";"00007635";"HOSPITAL DE BARRANCA";"241600";"HOSPITALIZACIÓN QUIRÚRGICA OBSTETRICIA   ";"36";"37";"49";"208";"15";"450";"0"
"2023";"11";"150201";"LIMA";"BARRANCA";"BARRANCA";"GOBIERNO REGIONAL";"II-2";"00007635";"HOSPITAL DE BARRANCA";"241800";"HOSPITALIZACIÓN DE MEDICINA MEDICINA GENERAL ";"38";"55";"379";"391";"25";"750";"5"
"2023";"11";"150201";"LIMA";"BARRANCA";"BARRANCA";"GOBIERNO REGIONAL";"II-2";"00007635";"HOSPITAL DE BARRANCA";"242500";"HOSPITALIZACIÓN-PEDIATRÍA GENERAL-";"50";"54";"216";"202";"20";"600";"0"
"2023";"11";"150201";"LIMA";"BARRANCA";"BARRANCA";"GOBIERNO REGIONAL";"II-2";"00007635";"HOSPITAL DE BARRANCA";"243200";"HOSPITALIZACIÓN DE PEDIATRÍA PEDIATRIA NEONATOLOGÍA";"77";"80";"133";"154";"22";"660";"0"
"2023";"11";"150201";"LIMA";"BARRANCA";"BARRANCA";"GOBIERNO REGIONAL";"II-2";"00007635";"HOSPITAL DE BARRANCA";"250103";"UNIDAD DE CUIDADOS CRITICOS UNIDAD  DE CUIDADOS INTENSIVOS GENERALES  (UCI) MEDICINA";"3";"4";"27";"76";"4";"120";"1"
"2023";"11";"150201";"LIMA";"BARRANCA";"BARRANCA";"GOBIERNO REGIONAL";"II-2";"00007635";"HOSPITAL DE BARRANCA";"250108";"UNIDAD DE CUIDADOS CRITICOS UNIDAD  DE CUIDADOS INTENSIVOS  (UCI) PEDIÁTRICA";"1";"1";"3";"22";"7";"210";"0"
"2023";"11";"140101";"LAMBAYEQUE";"CHICLAYO";"CHICLAYO";"PRIVADO";"II-E";"00017589";"INSTITUTO OFTALMOLÓGICO LA LUZ SAC";"NE_0001";"";"NE_0001";"NE_0001";"NE_0001";"NE_0001";"NE_0001";"NE_0001";"NE_0001"
"2023";"11";"140106";"LAMBAYEQUE";"CHICLAYO";"LA VICTORIA";"PRIVADO";"II-E";"00010972";"HOSPITAL PRIVADO JUAN PABLO II SAC";"240000";"HOSPITALIZACIÓN";"21";"175";"501";"225";"38";"1178";"2"
"2023";"11";"080601";"CUSCO";"CANCHIS";"SICUANI";"GOBIERNO REGIONAL";"II-1";"00002378";"SICUANI";"240100";"HOSPITALIZACIÓN QUIRÚRGICA CIRUGÍA GENERAL ";"71";"79";"359";"341";"19";"570";"1"
"2023";"11";"080601";"CUSCO";"CANCHIS";"SICUANI";"GOBIERNO REGIONAL";"II-1";"00002378";"SICUANI";"241500";"HOSPITALIZACIÓN QUIRÚRGICA GINECOLOGÍA  ";"35";"40";"125";"123";"7";"210";"0"
"2023";"11";"080601";"CUSCO";"CANCHIS";"SICUANI";"GOBIERNO REGIONAL";"II-1";"00002378";"SICUANI";"241600";"HOSPITALIZACIÓN QUIRÚRGICA OBSTETRICIA   ";"69";"73";"187";"225";"17";"510";"0"
"2023";"11";"080601";"CUSCO";"CANCHIS";"SICUANI";"GOBIERNO REGIONAL";"II-1";"00002378";"SICUANI";"241800";"HOSPITALIZACIÓN DE MEDICINA MEDICINA GENERAL ";"28";"34";"171";"172";"17";"510";"4"
"2023";"11";"080601";"CUSCO";"CANCHIS";"SICUANI";"GOBIERNO REGIONAL";"II-1";"00002378";"SICUANI";"242500";"HOSPITALIZACIÓN-PEDIATRÍA GENERAL-";"16";"24";"103";"86";"16";"480";"0"
"2023";"11";"080601";"CUSCO";"CANCHIS";"SICUANI";"GOBIERNO REGIONAL";"II-1";"00002378";"SICUANI";"243200";"HOSPITALIZACIÓN DE PEDIATRÍA PEDIATRIA NEONATOLOGÍA";"12";"13";"39";"49";"7";"210";"0"
"2023";"11";"190201";"PASCO";"DANIEL ALCIDES CARRION";"YANAHUANCA";"ESSALUD";"I-3";"00009760";"CENTRO MEDICO DE YANAHUANCA";"NE_0001";"";"NE_0001";"NE_0001";"NE_0001";"NE_0001";"NE_0001";"NE_0001";"NE_0001"
"2023";"11";"120606";"JUNIN";"SATIPO";"PANGOA";"GOBIERNO REGIONAL";"I-1";"00021797";"SAN JERONIMO";"NE_0001";"";"NE_0001";"NE_0001";"NE_0001";"NE_0001";"NE_0001";"NE_0001";"NE_0001"
"2023";"12";"150113";"LIMA";"LIMA";"JESUS MARIA";"PRIVADO";"II-E";"00015716";"CLÍNICA VISTA";"NE_0001";"";"NE_0001";"NE_0001";"NE_0001";"NE_0001";"NE_0001";"NE_0001";"NE_0001"
"2023";"12";"081207";"CUSCO";"QUISPICANCHI";"HUARO";"SANIDAD DE LA POLICIA NACIONAL DEL PERU";"I-2";"00011747";"POSTA MEDICA POLICIAL PUCUTO";"NE_0001";"";"NE_0001";"NE_0001";"NE_0001";"NE_0001";"NE_0001";"NE_0001";"NE_0001"
"2023";"12";"150107";"LIMA";"LIMA";"CHACLACAYO";"SANIDAD DE LA POLICIA NACIONAL DEL PERU";"I-2";"00011227";"POSTA MEDICA POLICIAL CHACLACAYO";"NE_0001";"";"NE_0001";"NE_0001";"NE_0001";"NE_0001";"NE_0001";"NE_0001";"NE_0001"
"2023";"12";"150101";"LIMA";"LIMA";"LIMA";"PRIVADO";"II-1";"00016291";"HOSPITAL MEGASALUD UNIVERSAL";"240000";"HOSPITALIZACIÓN";"57";"58";"207";"203";"22";"682";"0"
"2023";"12";"220804";"SAN MARTIN";"RIOJA";"NUEVA CAJAMARCA";"GOBIERNO REGIONAL";"I-1";"00006287";"TAHUANTINSUYO";"NE_0001";"";"NE_0001";"NE_0001";"NE_0001";"NE_0001";"NE_0001";"NE_0001";"NE_0001"
"2023";"12";"220804";"SAN MARTIN";"RIOJA";"NUEVA CAJAMARCA";"GOBIERNO REGIONAL";"I-1";"00006284";"LA FLORIDA";"NE_0001";"";"NE_0001";"NE_0001";"NE_0001";"NE_0001";"NE_0001";"NE_0001";"NE_0001"
"2023";"12";"090411";"HUANCAVELICA";"CASTROVIRREYNA";"SANTA ANA";"GOBIERNO REGIONAL";"I-1";"00003858";"ASTOBAMBA";"NE_0001";"";"NE_0001";"NE_0001";"NE_0001";"NE_0001";"NE_0001";"NE_0001";"NE_0001"
"2023";"12";"120114";"JUNIN";"HUANCAYO";"EL TAMBO";"PRIVADO";"II-1";"00025970";"CLINICA REBAGLIATI";"240800";"HOSPITALIZACIÓN QUIRÚRGICA CIRUGÍA PLÁSTICA/RECONSTRUCTIVA/ REPARADORA ";"2";"2";"2";"6";"2";"15";"0"
"2023";"12";"120114";"JUNIN";"HUANCAYO";"EL TAMBO";"PRIVADO";"II-1";"00025970";"CLINICA REBAGLIATI";"241100";"HOSPITALIZACIÓN QUIRÚRGICA OTORRINOLARINGOLOGÍA  ";"20";"20";"20";"22";"5";"27";"0"
"2023";"12";"120114";"JUNIN";"HUANCAYO";"EL TAMBO";"PRIVADO";"II-1";"00025970";"CLINICA REBAGLIATI";"241200";"HOSPITALIZACIÓN QUIRÚRGICA TRAUMATOLOGÍA Y ORTOPEDIA ";"6";"6";"6";"7";"7";"11";"0"
"2023";"12";"120114";"JUNIN";"HUANCAYO";"EL TAMBO";"PRIVADO";"II-1";"00025970";"CLINICA REBAGLIATI";"241300";"HOSPITALIZACIÓN QUIRÚRGICA UROLOGÍA  ";"10";"10";"12";"12";"10";"13";"0"
"2023";"12";"120114";"JUNIN";"HUANCAYO";"EL TAMBO";"PRIVADO";"II-1";"00025970";"CLINICA REBAGLIATI";"241400";"HOSPITALIZACIÓN QUIRÚRGICA GINECO - OBSTETRICIA ";"14";"14";"14";"18";"6";"24";"0"
"2023";"12";"120114";"JUNIN";"HUANCAYO";"EL TAMBO";"PRIVADO";"II-1";"00025970";"CLINICA REBAGLIATI";"241700";"HOSPITALIZACIÓN QUIRÚRGICA GINECOLOGÍA   GINECOLOGIA ONCOLOGiCA";"12";"12";"20";"12";"12";"13";"0"
"2023";"12";"120114";"JUNIN";"HUANCAYO";"EL TAMBO";"PRIVADO";"II-1";"00025970";"CLINICA REBAGLIATI";"241900";"HOSPITALIZACIÓN DE MEDICINA MEDICINA INTERNA ";"5";"5";"24";"16";"6";"27";"0"
"2023";"12";"120114";"JUNIN";"HUANCAYO";"EL TAMBO";"PRIVADO";"II-1";"00025970";"CLINICA REBAGLIATI";"244700";"HOSPITALIZACIÓN DE MEDICINA NEUROLOGIA  ";"10";"10";"12";"12";"10";"13";"0"
"2023";"12";"250101";"UCAYALI";"CORONEL PORTILLO";"CALLERIA";"GOBIERNO REGIONAL";"II-2";"00005576";"HOSPITAL REGIONAL DE PUCALLPA";"241900";"HOSPITALIZACIÓN DE MEDICINA MEDICINA INTERNA ";"44";"39";"291";"204";"9";"279";"3"
"2023";"12";"250101";"UCAYALI";"CORONEL PORTILLO";"CALLERIA";"GOBIERNO REGIONAL";"II-2";"00005576";"HOSPITAL REGIONAL DE PUCALLPA";"245300";"HOSPITALIZACIÓN DE MEDICINA NEUMOLOGÍA  ";"10";"6";"42";"82";"4";"124";"0"
"2023";"12";"250101";"UCAYALI";"CORONEL PORTILLO";"CALLERIA";"GOBIERNO REGIONAL";"II-2";"00005576";"HOSPITAL REGIONAL DE PUCALLPA";"244000";"HOSPITALIZACIÓN DE MEDICINA CARDIOLOGIA ";"6";"6";"19";"15";"2";"62";"0"
"2023";"12";"250101";"UCAYALI";"CORONEL PORTILLO";"CALLERIA";"GOBIERNO REGIONAL";"II-2";"00005576";"HOSPITAL REGIONAL DE PUCALLPA";"244700";"HOSPITALIZACIÓN DE MEDICINA NEUROLOGIA  ";"6";"6";"23";"18";"2";"62";"0"
"2023";"12";"250101";"UCAYALI";"CORONEL PORTILLO";"CALLERIA";"GOBIERNO REGIONAL";"II-2";"00005576";"HOSPITAL REGIONAL DE PUCALLPA";"242000";"HOSPITALIZACIÓN DE MEDICINA MEDICINA TROPICAL E INFECCIOSAS ";"13";"11";"37";"49";"4";"124";"0"
"2023";"12";"250101";"UCAYALI";"CORONEL PORTILLO";"CALLERIA";"GOBIERNO REGIONAL";"II-2";"00005576";"HOSPITAL REGIONAL DE PUCALLPA";"244400";"HOSPITALIZACIÓN DE MEDICINA GERIATRIA ";"6";"4";"46";"42";"4";"124";"2"
"2023";"12";"250101";"UCAYALI";"CORONEL PORTILLO";"CALLERIA";"GOBIERNO REGIONAL";"II-2";"00005576";"HOSPITAL REGIONAL DE PUCALLPA";"250100";"UNIDAD DE CUIDADOS CRITICOS UNIDAD  DE CUIDADOS INTENSIVOS GENERALES (UCI) ";"12";"7";"58";"127";"6";"186";"5"
"2023";"12";"250101";"UCAYALI";"CORONEL PORTILLO";"CALLERIA";"GOBIERNO REGIONAL";"II-2";"00005576";"HOSPITAL REGIONAL DE PUCALLPA";"250200";"UNIDAD DE CUIDADOS CRITICOS UNIDAD DE CUIDADOS INTERMEDIOS GENERAL  (UCIN) ";"5";"2";"54";"93";"4";"124";"1"
"2023";"12";"250101";"UCAYALI";"CORONEL PORTILLO";"CALLERIA";"GOBIERNO REGIONAL";"II-2";"00005576";"HOSPITAL REGIONAL DE PUCALLPA";"240100";"HOSPITALIZACIÓN QUIRÚRGICA CIRUGÍA GENERAL ";"74";"64";"261";"305";"12";"372";"0"
"2023";"12";"250101";"UCAYALI";"CORONEL PORTILLO";"CALLERIA";"GOBIERNO REGIONAL";"II-2";"00005576";"HOSPITAL REGIONAL DE PUCALLPA";"241200";"HOSPITALIZACIÓN QUIRÚRGICA TRAUMATOLOGÍA Y ORTOPEDIA ";"29";"19";"185";"234";"8";"248";"0"
"2023";"12";"250101";"UCAYALI";"CORONEL PORTILLO";"CALLERIA";"GOBIERNO REGIONAL";"II-2";"00005576";"HOSPITAL REGIONAL DE PUCALLPA";"240200";"HOSPITALIZACIÓN QUIRÚRGICA CIRUGÍA DE CABEZA Y CUELLO / MÁXILO FACIAL ";"2";"2";"13";"12";"1";"31";"0"
"2023";"12";"250101";"UCAYALI";"CORONEL PORTILLO";"CALLERIA";"GOBIERNO REGIONAL";"II-2";"00005576";"HOSPITAL REGIONAL DE PUCALLPA";"241300";"HOSPITALIZACIÓN QUIRÚRGICA UROLOGÍA  ";"9";"6";"68";"90";"3";"93";"0"
"2023";"12";"250101";"UCAYALI";"CORONEL PORTILLO";"CALLERIA";"GOBIERNO REGIONAL";"II-2";"00005576";"HOSPITAL REGIONAL DE PUCALLPA";"240900";"HOSPITALIZACIÓN QUIRÚRGICA NEUROCIRUGÍA ";"9";"6";"38";"83";"3";"93";"0"
"2023";"12";"250101";"UCAYALI";"CORONEL PORTILLO";"CALLERIA";"GOBIERNO REGIONAL";"II-2";"00005576";"HOSPITAL REGIONAL DE PUCALLPA";"240700";"HOSPITALIZACIÓN QUIRÚRGICA CIRUGÍA PEDIÁTRICA ";"14";"10";"72";"96";"4";"124";"0"
"2023";"12";"250101";"UCAYALI";"CORONEL PORTILLO";"CALLERIA";"GOBIERNO REGIONAL";"II-2";"00005576";"HOSPITAL REGIONAL DE PUCALLPA";"240800";"HOSPITALIZACIÓN QUIRÚRGICA CIRUGÍA PLÁSTICA/RECONSTRUCTIVA/ REPARADORA ";"10";"6";"150";"99";"10";"310";"0"
"2023";"12";"250101";"UCAYALI";"CORONEL PORTILLO";"CALLERIA";"GOBIERNO REGIONAL";"II-2";"00005576";"HOSPITAL REGIONAL DE PUCALLPA";"242300";"HOSPITALIZACIÓN DE PEDIATRÍA  PEDIATRÍA  GENERAL ";"111";"98";"399";"369";"20";"620";"1"
"2023";"12";"250101";"UCAYALI";"CORONEL PORTILLO";"CALLERIA";"GOBIERNO REGIONAL";"II-2";"00005576";"HOSPITAL REGIONAL DE PUCALLPA";"241600";"HOSPITALIZACIÓN QUIRÚRGICA OBSTETRICIA   ";"313";"298";"609";"567";"28";"868";"0"
"2023";"12";"250101";"UCAYALI";"CORONEL PORTILLO";"CALLERIA";"GOBIERNO REGIONAL";"II-2";"00005576";"HOSPITAL REGIONAL DE PUCALLPA";"241500";"HOSPITALIZACIÓN QUIRÚRGICA GINECOLOGÍA  ";"22";"22";"67";"57";"2";"62";"0"
"2023";"12";"250101";"UCAYALI";"CORONEL PORTILLO";"CALLERIA";"GOBIERNO REGIONAL";"II-2";"00005576";"HOSPITAL REGIONAL DE PUCALLPA";"250105";"UNIDAD DE CUIDADOS CRITICOS UNIDAD  DE CUIDADOS INTENSIVOS  (UCI) NEONATOLOGÍA";"48";"34";"319";"410";"14";"434";"4"
"2023";"12";"080910";"CUSCO";"LA CONVENCION";"PICHARI";"GOBIERNO REGIONAL";"I-2";"00007114";"QUISTO CENTRAL";"NE_0001";"";"NE_0001";"NE_0001";"NE_0001";"NE_0001";"NE_0001";"NE_0001";"NE_0001"
"2023";"12";"080910";"CUSCO";"LA CONVENCION";"PICHARI";"GOBIERNO REGIONAL";"I-1";"00015170";"PICHARI BAJA";"NE_0001";"";"NE_0001";"NE_0001";"NE_0001";"NE_0001";"NE_0001";"NE_0001";"NE_0001"
"2023";"12";"080910";"CUSCO";"LA CONVENCION";"PICHARI";"GOBIERNO REGIONAL";"I-2";"00002496";"OMAYA";"NE_0001";"";"NE_0001";"NE_0001";"NE_0001";"NE_0001";"NE_0001";"NE_0001";"NE_0001"
"2023";"12";"250301";"UCAYALI";"PADRE ABAD";"PADRE ABAD";"GOBIERNO REGIONAL";"I-1";"00005403";"MIGUEL GRAU SEMINARIO";"NE_0001";"";"NE_0001";"NE_0001";"NE_0001";"NE_0001";"NE_0001";"NE_0001";"NE_0001"
"2023";"12";"250301";"UCAYALI";"PADRE ABAD";"PADRE ABAD";"GOBIERNO REGIONAL";"I-1";"00030640";"PUESTO DE SALUD YAMINO";"NE_0002";"";"NE_0002";"NE_0002";"NE_0002";"NE_0002";"NE_0002";"NE_0002";"NE_0002"
"2023";"12";"250301";"UCAYALI";"PADRE ABAD";"PADRE ABAD";"GOBIERNO REGIONAL";"I-1";"00005398";"ALTO AGUAYTIA.";"NE_0001";"";"NE_0001";"NE_0001";"NE_0001";"NE_0001";"NE_0001";"NE_0001";"NE_0001"
"2023";"12";"250301";"UCAYALI";"PADRE ABAD";"PADRE ABAD";"GOBIERNO REGIONAL";"I-2";"00005407";"COMUNIDAD NATIVA DE PUERTO AZUL";"NE_0001";"";"NE_0001";"NE_0001";"NE_0001";"NE_0001";"NE_0001";"NE_0001";"NE_0001"
"2023";"12";"250301";"UCAYALI";"PADRE ABAD";"PADRE ABAD";"GOBIERNO REGIONAL";"I-1";"00019070";"NUEVA CHONTA";"NE_0001";"";"NE_0001";"NE_0001";"NE_0001";"NE_0001";"NE_0001";"NE_0001";"NE_0001"
"2023";"12";"250301";"UCAYALI";"PADRE ABAD";"PADRE ABAD";"GOBIERNO REGIONAL";"I-1";"00030639";"PUESTO DE SALUD VALLE DE SION";"NE_0002";"";"NE_0002";"NE_0002";"NE_0002";"NE_0002";"NE_0002";"NE_0002";"NE_0002"
"2023";"12";"250301";"UCAYALI";"PADRE ABAD";"PADRE ABAD";"GOBIERNO REGIONAL";"I-4";"00005395";"AGUAYTIA";"NE_0002";"";"NE_0002";"NE_0002";"NE_0002";"NE_0002";"NE_0002";"NE_0002";"NE_0002"
"2023";"12";"250301";"UCAYALI";"PADRE ABAD";"PADRE ABAD";"GOBIERNO REGIONAL";"I-2";"00005399";"BOQUERON";"NE_0001";"";"NE_0001";"NE_0001";"NE_0001";"NE_0001";"NE_0001";"NE_0001";"NE_0001"
"2023";"12";"250301";"UCAYALI";"PADRE ABAD";"PADRE ABAD";"GOBIERNO REGIONAL";"I-1";"00005401";"LA DIVISORIA";"NE_0001";"";"NE_0001";"NE_0001";"NE_0001";"NE_0001";"NE_0001";"NE_0001";"NE_0001"
"2023";"12";"250301";"UCAYALI";"PADRE ABAD";"PADRE ABAD";"GOBIERNO REGIONAL";"I-1";"00005410";"SANTA ANA";"NE_0001";"";"NE_0001";"NE_0001";"NE_0001";"NE_0001";"NE_0001";"NE_0001";"NE_0001"
"2023";"12";"250301";"UCAYALI";"PADRE ABAD";"PADRE ABAD";"GOBIERNO REGIONAL";"I-2";"00005400";"HUIPOCA";"NE_0001";"";"NE_0001";"NE_0001";"NE_0001";"NE_0001";"NE_0001";"NE_0001";"NE_0001"
"2023";"12";"250301";"UCAYALI";"PADRE ABAD";"PADRE ABAD";"GOBIERNO REGIONAL";"I-1";"00005402";"MARISCAL CACERES.";"NE_0001";"";"NE_0001";"NE_0001";"NE_0001";"NE_0001";"NE_0001";"NE_0001";"NE_0001"
"2023";"12";"250301";"UCAYALI";"PADRE ABAD";"PADRE ABAD";"GOBIERNO REGIONAL";"I-2";"00005411";"SANTA ROSA DE AGUAYTIA";"NE_0001";"";"NE_0001";"NE_0001";"NE_0001";"NE_0001";"NE_0001";"NE_0001";"NE_0001"
"2023";"12";"250301";"UCAYALI";"PADRE ABAD";"PADRE ABAD";"GOBIERNO REGIONAL";"I-1";"00030638";"PUESTO DE SALUD LOS OLIVOS";"NE_0002";"";"NE_0002";"NE_0002";"NE_0002";"NE_0002";"NE_0002";"NE_0002";"NE_0002"
"2023";"12";"250301";"UCAYALI";"PADRE ABAD";"PADRE ABAD";"GOBIERNO REGIONAL";"I-1";"00005397";"3 DE OCTUBRE";"NE_0001";"";"NE_0001";"NE_0001";"NE_0001";"NE_0001";"NE_0001";"NE_0001";"NE_0001"
"2023";"12";"250301";"UCAYALI";"PADRE ABAD";"PADRE ABAD";"GOBIERNO REGIONAL";"I-2";"00005406";"PREVISTO";"NE_0001";"";"NE_0001";"NE_0001";"NE_0001";"NE_0001";"NE_0001";"NE_0001";"NE_0001"
"2023";"12";"250301";"UCAYALI";"PADRE ABAD";"PADRE ABAD";"GOBIERNO REGIONAL";"I-2";"00006802";"SHAMBILLO";"NE_0001";"";"NE_0001";"NE_0001";"NE_0001";"NE_0001";"NE_0001";"NE_0001";"NE_0001"
"2023";"12";"100502";"HUANUCO";"HUAMALIES";"ARANCAY";"GOBIERNO REGIONAL";"I-2";"00000905";"ARANCAY";"NE_0001";"";"NE_0001";"NE_0001";"NE_0001";"NE_0001";"NE_0001";"NE_0001";"NE_0001"
"2023";"12";"100502";"HUANUCO";"HUAMALIES";"ARANCAY";"GOBIERNO REGIONAL";"0";"00025485";"AISPED TAZO CHICO -  ARANCAY";"NE_0001";"";"NE_0001";"NE_0001";"NE_0001";"NE_0001";"NE_0001";"NE_0001";"NE_0001"
"2023";"12";"250304";"UCAYALI";"PADRE ABAD";"NESHUYA";"GOBIERNO REGIONAL";"I-2";"00005418";"MONTE DE LOS OLIVOS";"NE_0001";"";"NE_0001";"NE_0001";"NE_0001";"NE_0001";"NE_0001";"NE_0001";"NE_0001"
"2023";"12";"250304";"UCAYALI";"PADRE ABAD";"NESHUYA";"GOBIERNO REGIONAL";"I-1";"00005419";"LA UNION";"NE_0001";"";"NE_0001";"NE_0001";"NE_0001";"NE_0001";"NE_0001";"NE_0001";"NE_0001"
"2023";"12";"250304";"UCAYALI";"PADRE ABAD";"NESHUYA";"GOBIERNO REGIONAL";"I-1";"00005417";"SAN JUAN KM. 71";"NE_0001";"";"NE_0001";"NE_0001";"NE_0001";"NE_0001";"NE_0001";"NE_0001";"NE_0001"
"2023";"12";"250304";"UCAYALI";"PADRE ABAD";"NESHUYA";"GOBIERNO REGIONAL";"I-1";"00021850";"VIRGEN DEL CARMEN";"NE_0001";"";"NE_0001";"NE_0001";"NE_0001";"NE_0001";"NE_0001";"NE_0001";"NE_0001"
"2023";"12";"250304";"UCAYALI";"PADRE ABAD";"NESHUYA";"GOBIERNO REGIONAL";"I-1";"00005420";"NUEVO SAN JUAN KM. 69";"NE_0001";"";"NE_0001";"NE_0001";"NE_0001";"NE_0001";"NE_0001";"NE_0001";"NE_0001"
"2023";"12";"250304";"UCAYALI";"PADRE ABAD";"NESHUYA";"GOBIERNO REGIONAL";"I-1";"00030507";"PUESTO DE SALUD MAR DE PLATA";"NE_0001";"";"NE_0001";"NE_0001";"NE_0001";"NE_0001";"NE_0001";"NE_0001";"NE_0001"
"2023";"12";"250305";"UCAYALI";"PADRE ABAD";"ALEXANDER VON HUMBOLDT";"GOBIERNO REGIONAL";"I-1";"00005421";"EL MILAGRO KM   83";"NE_0001";"";"NE_0001";"NE_0001";"NE_0001";"NE_0001";"NE_0001";"NE_0001";"NE_0001"
"2023";"12";"250305";"UCAYALI";"PADRE ABAD";"ALEXANDER VON HUMBOLDT";"GOBIERNO REGIONAL";"I-2";"00005416";"VON HUMBOLTD";"NE_0001";"";"NE_0001";"NE_0001";"NE_0001";"NE_0001";"NE_0001";"NE_0001";"NE_0001"
"2023";"11";"100402";"HUANUCO";"HUACAYBAMBA";"CANCHABAMBA";"GOBIERNO REGIONAL";"I-3";"00000878";"CANCHABAMBA";"NE_0001";"";"NE_0001";"NE_0001";"NE_0001";"NE_0001";"NE_0001";"NE_0001";"NE_0001"
"2023";"11";"100402";"HUANUCO";"HUACAYBAMBA";"CANCHABAMBA";"GOBIERNO REGIONAL";"I-1";"00000886";"VILLA FLORES DE RAJIN";"NE_0001";"";"NE_0001";"NE_0001";"NE_0001";"NE_0001";"NE_0001";"NE_0001";"NE_0001"
"2023";"11";"100504";"HUANUCO";"HUAMALIES";"JACAS GRANDE";"GOBIERNO REGIONAL";"I-2";"00000906";"CARHUAPATA";"NE_0001";"";"NE_0001";"NE_0001";"NE_0001";"NE_0001";"NE_0001";"NE_0001";"NE_0001"
"2023";"11";"100504";"HUANUCO";"HUAMALIES";"JACAS GRANDE";"GOBIERNO REGIONAL";"I-2";"00000897";"JACAS GRANDE";"NE_0001";"";"NE_0001";"NE_0001";"NE_0001";"NE_0001";"NE_0001";"NE_0001";"NE_0001"
"2023";"11";"100504";"HUANUCO";"HUAMALIES";"JACAS GRANDE";"GOBIERNO REGIONAL";"I-2";"00006888";"CASCANGA";"NE_0001";"";"NE_0001";"NE_0001";"NE_0001";"NE_0001";"NE_0001";"NE_0001";"NE_0001"
"2023";"11";"100504";"HUANUCO";"HUAMALIES";"JACAS GRANDE";"GOBIERNO REGIONAL";"I-2";"00000898";"ANDAS";"NE_0001";"";"NE_0001";"NE_0001";"NE_0001";"NE_0001";"NE_0001";"NE_0001";"NE_0001"
"2023";"11";"100504";"HUANUCO";"HUAMALIES";"JACAS GRANDE";"GOBIERNO REGIONAL";"I-1";"00006674";"NUEVAS FLORES";"NE_0001";"";"NE_0001";"NE_0001";"NE_0001";"NE_0001";"NE_0001";"NE_0001";"NE_0001"
"2023";"11";"100505";"HUANUCO";"HUAMALIES";"JIRCAN";"GOBIERNO REGIONAL";"I-2";"00000904";"JIRCAN";"NE_0001";"";"NE_0001";"NE_0001";"NE_0001";"NE_0001";"NE_0001";"NE_0001";"NE_0001"
"2023";"11";"100508";"HUANUCO";"HUAMALIES";"PUNCHAO";"GOBIERNO REGIONAL";"I-2";"00000901";"PUNCHAO";"NE_0001";"";"NE_0001";"NE_0001";"NE_0001";"NE_0001";"NE_0001";"NE_0001";"NE_0001"
"2023";"11";"100404";"HUANUCO";"HUACAYBAMBA";"PINRA";"GOBIERNO REGIONAL";"I-1";"00000885";"HUARACILLO";"NE_0001";"";"NE_0001";"NE_0001";"NE_0001";"NE_0001";"NE_0001";"NE_0001";"NE_0001"
"2023";"11";"100404";"HUANUCO";"HUACAYBAMBA";"PINRA";"GOBIERNO REGIONAL";"I-2";"00000884";"CAJAN";"NE_0001";"";"NE_0001";"NE_0001";"NE_0001";"NE_0001";"NE_0001";"NE_0001";"NE_0001"
"2023";"11";"100404";"HUANUCO";"HUACAYBAMBA";"PINRA";"GOBIERNO REGIONAL";"I-2";"00000883";"PINRA";"NE_0001";"";"NE_0001";"NE_0001";"NE_0001";"NE_0001";"NE_0001";"NE_0001";"NE_0001"
"2023";"10";"250101";"UCAYALI";"CORONEL PORTILLO";"CALLERIA";"GOBIERNO REGIONAL";"0";"00027157";"SISTEMA DE ATENCIÓN MÓVIL DE URGENCIAS (SAMU)";"NE_0001";"";"NE_0001";"NE_0001";"NE_0001";"NE_0001";"NE_0001";"NE_0001";"NE_0001"
"2023";"10";"250303";"UCAYALI";"PADRE ABAD";"CURIMANA";"GOBIERNO REGIONAL";"I-1";"00025049";"PUESTO DE SALUD MERIBA";"NE_0001";"";"NE_0001";"NE_0001";"NE_0001";"NE_0001";"NE_0001";"NE_0001";"NE_0001"
"2023";"10";"250105";"UCAYALI";"CORONEL PORTILLO";"YARINACOCHA";"GOBIERNO REGIONAL";"0";"00014314";"LABORATORIO DE REFERENCIA REGIONAL EN SALUD PUBLICA UCAYALI";"NE_0001";"";"NE_0001";"NE_0001";"NE_0001";"NE_0001";"NE_0001";"NE_0001";"NE_0001"
"2023";"10";"250105";"UCAYALI";"CORONEL PORTILLO";"YARINACOCHA";"GOBIERNO REGIONAL";"I-1";"00007237";"NUEVA UNION";"NE_0001";"";"NE_0001";"NE_0001";"NE_0001";"NE_0001";"NE_0001";"NE_0001";"NE_0001"
"2023";"10";"250303";"UCAYALI";"PADRE ABAD";"CURIMANA";"GOBIERNO REGIONAL";"I-1";"00006950";"PUEBLO LIBRE CURIMANA";"NE_0001";"";"NE_0001";"NE_0001";"NE_0001";"NE_0001";"NE_0001";"NE_0001";"NE_0001"
"2023";"10";"250303";"UCAYALI";"PADRE ABAD";"CURIMANA";"GOBIERNO REGIONAL";"I-1";"00006885";"SAN JUAN DE TAHUAPOA";"NE_0001";"";"NE_0001";"NE_0001";"NE_0001";"NE_0001";"NE_0001";"NE_0001";"NE_0001"
"2023";"10";"250105";"UCAYALI";"CORONEL PORTILLO";"YARINACOCHA";"GOBIERNO REGIONAL";"I-1";"00005549";"SANTA ROSA";"NE_0001";"";"NE_0001";"NE_0001";"NE_0001";"NE_0001";"NE_0001";"NE_0001";"NE_0001"
"2023";"10";"250105";"UCAYALI";"CORONEL PORTILLO";"YARINACOCHA";"GOBIERNO REGIONAL";"I-1";"00005543";"NUEVA LUZ DE FATIMA";"NE_0001";"";"NE_0001";"NE_0001";"NE_0001";"NE_0001";"NE_0001";"NE_0001";"NE_0001"
"2023";"10";"250105";"UCAYALI";"CORONEL PORTILLO";"YARINACOCHA";"GOBIERNO REGIONAL";"I-1";"00005542";"CLAS  DE SAN JUAN YARINACOCHA .";"NE_0001";"";"NE_0001";"NE_0001";"NE_0001";"NE_0001";"NE_0001";"NE_0001";"NE_0001"
"2023";"10";"250105";"UCAYALI";"CORONEL PORTILLO";"YARINACOCHA";"GOBIERNO REGIONAL";"I-1";"00005541";"PUESTO DE SALUD LEONCIO PRADO";"NE_0001";"";"NE_0001";"NE_0001";"NE_0001";"NE_0001";"NE_0001";"NE_0001";"NE_0001"
"2023";"10";"250105";"UCAYALI";"CORONEL PORTILLO";"YARINACOCHA";"GOBIERNO REGIONAL";"I-1";"00005540";"HUITOCOCHA";"NE_0001";"";"NE_0001";"NE_0001";"NE_0001";"NE_0001";"NE_0001";"NE_0001";"NE_0001"
"2023";"10";"250105";"UCAYALI";"CORONEL PORTILLO";"YARINACOCHA";"GOBIERNO REGIONAL";"I-2";"00005538";"SAN FRANCISCO DE YARINACOCHA";"NE_0001";"";"NE_0001";"NE_0001";"NE_0001";"NE_0001";"NE_0001";"NE_0001";"NE_0001"
"2023";"10";"250105";"UCAYALI";"CORONEL PORTILLO";"YARINACOCHA";"GOBIERNO REGIONAL";"I-2";"00005537";"CLAS   BELLAVISTA DE YARINACOCHA";"NE_0001";"";"NE_0001";"NE_0001";"NE_0001";"NE_0001";"NE_0001";"NE_0001";"NE_0001"
"2023";"10";"250105";"UCAYALI";"CORONEL PORTILLO";"YARINACOCHA";"GOBIERNO REGIONAL";"I-2";"00005536";"ESPERANZA DE PANAILLO";"NE_0001";"";"NE_0001";"NE_0001";"NE_0001";"NE_0001";"NE_0001";"NE_0001";"NE_0001"
"2023";"10";"250105";"UCAYALI";"CORONEL PORTILLO";"YARINACOCHA";"GOBIERNO REGIONAL";"I-2";"00005535";"CLAS SAN PABLO DE TUSHMO.";"NE_0001";"";"NE_0001";"NE_0001";"NE_0001";"NE_0001";"NE_0001";"NE_0001";"NE_0001"
"2023";"10";"250105";"UCAYALI";"CORONEL PORTILLO";"YARINACOCHA";"GOBIERNO REGIONAL";"I-3";"00005534";"SAN JOSE DE YARINACOCHA";"NE_0001";"";"NE_0001";"NE_0001";"NE_0001";"NE_0001";"NE_0001";"NE_0001";"NE_0001"
"2023";"10";"250303";"UCAYALI";"PADRE ABAD";"CURIMANA";"GOBIERNO REGIONAL";"I-1";"00005425";"ZORRILLOS";"NE_0001";"";"NE_0001";"NE_0001";"NE_0001";"NE_0001";"NE_0001";"NE_0001";"NE_0001"
"2023";"10";"250303";"UCAYALI";"PADRE ABAD";"CURIMANA";"GOBIERNO REGIONAL";"I-1";"00005424";"BELLO HORIZONTE";"NE_0001";"";"NE_0001";"NE_0001";"NE_0001";"NE_0001";"NE_0001";"NE_0001";"NE_0001"
"2023";"10";"250303";"UCAYALI";"PADRE ABAD";"CURIMANA";"GOBIERNO REGIONAL";"I-1";"00005423";"LAS MALVINAS.";"NE_0001";"";"NE_0001";"NE_0001";"NE_0001";"NE_0001";"NE_0001";"NE_0001";"NE_0001"
"2023";"10";"250303";"UCAYALI";"PADRE ABAD";"CURIMANA";"GOBIERNO REGIONAL";"I-3";"00005422";"CURIMANA";"NE_0001";"";"NE_0001";"NE_0001";"NE_0001";"NE_0001";"NE_0001";"NE_0001";"NE_0001"
"2023";"12";"020101";"ANCASH";"HUARAZ";"HUARAZ";"SANIDAD DE LA POLICIA NACIONAL DEL PERU";"I-3";"00010205";"POLICLINICO PNP HUARAZ";"NE_0001";"";"NE_0001";"NE_0001";"NE_0001";"NE_0001";"NE_0001";"NE_0001";"NE_0001"
"2023";"11";"250304";"UCAYALI";"PADRE ABAD";"NESHUYA";"GOBIERNO REGIONAL";"I-1";"00030507";"PUESTO DE SALUD MAR DE PLATA";"NE_0001";"";"NE_0001";"NE_0001";"NE_0001";"NE_0001";"NE_0001";"NE_0001";"NE_0001"
"2023";"11";"250304";"UCAYALI";"PADRE ABAD";"NESHUYA";"GOBIERNO REGIONAL";"I-1";"00021850";"VIRGEN DEL CARMEN";"NE_0001";"";"NE_0001";"NE_0001";"NE_0001";"NE_0001";"NE_0001";"NE_0001";"NE_0001"
"2023";"11";"250304";"UCAYALI";"PADRE ABAD";"NESHUYA";"GOBIERNO REGIONAL";"I-1";"00007461";"SANTA ROSA DE GUINEA";"NE_0001";"";"NE_0001";"NE_0001";"NE_0001";"NE_0001";"NE_0001";"NE_0001";"NE_0001"
"2023";"11";"250304";"UCAYALI";"PADRE ABAD";"NESHUYA";"GOBIERNO REGIONAL";"I-1";"00007116";"VILLA DEL CAMPO";"NE_0001";"";"NE_0001";"NE_0001";"NE_0001";"NE_0001";"NE_0001";"NE_0001";"NE_0001"
"2023";"11";"250305";"UCAYALI";"PADRE ABAD";"ALEXANDER VON HUMBOLDT";"GOBIERNO REGIONAL";"I-1";"00005421";"EL MILAGRO KM   83";"NE_0001";"";"NE_0001";"NE_0001";"NE_0001";"NE_0001";"NE_0001";"NE_0001";"NE_0001"
"2023";"11";"250304";"UCAYALI";"PADRE ABAD";"NESHUYA";"GOBIERNO REGIONAL";"I-1";"00005420";"NUEVO SAN JUAN KM. 69";"NE_0001";"";"NE_0001";"NE_0001";"NE_0001";"NE_0001";"NE_0001";"NE_0001";"NE_0001"
"2023";"11";"250304";"UCAYALI";"PADRE ABAD";"NESHUYA";"GOBIERNO REGIONAL";"I-1";"00005419";"LA UNION";"NE_0001";"";"NE_0001";"NE_0001";"NE_0001";"NE_0001";"NE_0001";"NE_0001";"NE_0001"
"2023";"11";"250304";"UCAYALI";"PADRE ABAD";"NESHUYA";"GOBIERNO REGIONAL";"I-2";"00005418";"MONTE DE LOS OLIVOS";"NE_0001";"";"NE_0001";"NE_0001";"NE_0001";"NE_0001";"NE_0001";"NE_0001";"NE_0001"
"2023";"11";"250304";"UCAYALI";"PADRE ABAD";"NESHUYA";"GOBIERNO REGIONAL";"I-1";"00005417";"SAN JUAN KM. 71";"NE_0001";"";"NE_0001";"NE_0001";"NE_0001";"NE_0001";"NE_0001";"NE_0001";"NE_0001"
"2023";"11";"250305";"UCAYALI";"PADRE ABAD";"ALEXANDER VON HUMBOLDT";"GOBIERNO REGIONAL";"I-2";"00005416";"VON HUMBOLTD";"NE_0001";"";"NE_0001";"NE_0001";"NE_0001";"NE_0001";"NE_0001";"NE_0001";"NE_0001"
"2023";"11";"250304";"UCAYALI";"PADRE ABAD";"NESHUYA";"GOBIERNO REGIONAL";"I-3";"00005415";"MONTE ALEGRE-NESHUYA";"NE_0001";"";"NE_0001";"NE_0001";"NE_0001";"NE_0001";"NE_0001";"NE_0001";"NE_0001"
"2023";"12";"080702";"CUSCO";"CHUMBIVILCAS";"CAPACMARCA";"GOBIERNO REGIONAL";"I-1";"00009963";"CANCAHUANI";"NE_0001";"";"NE_0001";"NE_0001";"NE_0001";"NE_0001";"NE_0001";"NE_0001";"NE_0001"
"2023";"12";"080702";"CUSCO";"CHUMBIVILCAS";"CAPACMARCA";"GOBIERNO REGIONAL";"I-1";"00027009";"TAHUAY";"NE_0001";"";"NE_0001";"NE_0001";"NE_0001";"NE_0001";"NE_0001";"NE_0001";"NE_0001"
"2023";"12";"200101";"PIURA";"PIURA";"PIURA";"PRIVADO";"II-1";"00025208";"GRUPO CARITA FELIZ S.A.";"242300";"HOSPITALIZACIÓN DE PEDIATRÍA  PEDIATRÍA  GENERAL ";"21";"22";"73";"55";"3";"93";"0"
"2023";"12";"200101";"PIURA";"PIURA";"PIURA";"PRIVADO";"II-1";"00025208";"GRUPO CARITA FELIZ S.A.";"241900";"HOSPITALIZACIÓN DE MEDICINA MEDICINA INTERNA ";"25";"25";"71";"68";"3";"93";"0"
"2023";"12";"200101";"PIURA";"PIURA";"PIURA";"PRIVADO";"II-1";"00025208";"GRUPO CARITA FELIZ S.A.";"240100";"HOSPITALIZACIÓN QUIRÚRGICA CIRUGÍA GENERAL ";"82";"83";"205";"198";"9";"279";"1"
"2023";"12";"200101";"PIURA";"PIURA";"PIURA";"PRIVADO";"II-1";"00025208";"GRUPO CARITA FELIZ S.A.";"241400";"HOSPITALIZACIÓN QUIRÚRGICA GINECO - OBSTETRICIA ";"30";"31";"51";"48";"5";"155";"0"
"2023";"12";"200101";"PIURA";"PIURA";"PIURA";"PRIVADO";"II-1";"00025208";"GRUPO CARITA FELIZ S.A.";"250100";"UNIDAD DE CUIDADOS CRITICOS UNIDAD  DE CUIDADOS INTENSIVOS GENERALES (UCI) ";"14";"4";"6";"26";"3";"93";"0"
"2023";"12";"200101";"PIURA";"PIURA";"PIURA";"PRIVADO";"II-1";"00025208";"GRUPO CARITA FELIZ S.A.";"250105";"UNIDAD DE CUIDADOS CRITICOS UNIDAD  DE CUIDADOS INTENSIVOS  (UCI) NEONATOLOGÍA";"1";"2";"8";"5";"2";"62";"0"
"2023";"12";"200101";"PIURA";"PIURA";"PIURA";"PRIVADO";"II-1";"00025208";"GRUPO CARITA FELIZ S.A.";"250201";"UNIDAD DE CUIDADOS CRITICOS UNIDAD DE CUIDADOS INTERMEDIOS  (UCIN) NEONATAL";"4";"4";"15";"16";"2";"62";"0"
"2023";"12";"120602";"JUNIN";"SATIPO";"COVIRIALI";"GOBIERNO REGIONAL";"I-1";"00000488";"SAN ANDRES";"NE_0001";"";"NE_0001";"NE_0001";"NE_0001";"NE_0001";"NE_0001";"NE_0001";"NE_0001"
"2023";"12";"120602";"JUNIN";"SATIPO";"COVIRIALI";"GOBIERNO REGIONAL";"I-3";"00000485";"COVIRIALI";"NE_0001";"";"NE_0001";"NE_0001";"NE_0001";"NE_0001";"NE_0001";"NE_0001";"NE_0001"
"2023";"12";"120602";"JUNIN";"SATIPO";"COVIRIALI";"GOBIERNO REGIONAL";"I-1";"00000487";"SANTA MARIA";"NE_0001";"";"NE_0001";"NE_0001";"NE_0001";"NE_0001";"NE_0001";"NE_0001";"NE_0001"
"2023";"12";"120605";"JUNIN";"SATIPO";"PAMPA HERMOSA";"GOBIERNO REGIONAL";"I-2";"00017678";"HUANCAMACHAY";"NE_0001";"";"NE_0001";"NE_0001";"NE_0001";"NE_0001";"NE_0001";"NE_0001";"NE_0001"
"2023";"12";"120602";"JUNIN";"SATIPO";"COVIRIALI";"GOBIERNO REGIONAL";"I-1";"00007186";"PALMAPAMPA";"NE_0001";"";"NE_0001";"NE_0001";"NE_0001";"NE_0001";"NE_0001";"NE_0001";"NE_0001"
"2023";"12";"090114";"HUANCAVELICA";"HUANCAVELICA";"PALCA";"GOBIERNO REGIONAL";"I-1";"00018987";"CONAICASA";"NE_0002";"";"NE_0002";"NE_0002";"NE_0002";"NE_0002";"NE_0002";"NE_0002";"NE_0002"
"2023";"12";"150122";"LIMA";"LIMA";"MIRAFLORES";"ESSALUD";"I-3";"00009148";"POLICLINICO SANTA CRUZ";"NE_0001";"";"NE_0001";"NE_0001";"NE_0001";"NE_0001";"NE_0001";"NE_0001";"NE_0001"
"2023";"12";"120502";"JUNIN";"JUNIN";"CARHUAMAYO";"GOBIERNO REGIONAL";"I-3";"00000537";"CARHUAMAYO";"NE_0001";"";"NE_0001";"NE_0001";"NE_0001";"NE_0001";"NE_0001";"NE_0001";"NE_0001"
"2023";"12";"120504";"JUNIN";"JUNIN";"ULCUMAYO";"GOBIERNO REGIONAL";"I-1";"00000538";"LLAUPI";"NE_0001";"";"NE_0001";"NE_0001";"NE_0001";"NE_0001";"NE_0001";"NE_0001";"NE_0001"
"2023";"12";"120504";"JUNIN";"JUNIN";"ULCUMAYO";"GOBIERNO REGIONAL";"I-1";"00000540";"JACHAHUANCA";"NE_0001";"";"NE_0001";"NE_0001";"NE_0001";"NE_0001";"NE_0001";"NE_0001";"NE_0001"
"2023";"12";"120502";"JUNIN";"JUNIN";"CARHUAMAYO";"GOBIERNO REGIONAL";"I-3";"00030166";"CENTRO DE SALUD MENTAL COMUNITARIO CARHUAMAYO";"NE_0001";"";"NE_0001";"NE_0001";"NE_0001";"NE_0001";"NE_0001";"NE_0001";"NE_0001"
"2023";"12";"120501";"JUNIN";"JUNIN";"JUNIN";"GOBIERNO REGIONAL";"I-1";"00000536";"HUAYRE";"NE_0001";"";"NE_0001";"NE_0001";"NE_0001";"NE_0001";"NE_0001";"NE_0001";"NE_0001"
"2023";"12";"120504";"JUNIN";"JUNIN";"ULCUMAYO";"GOBIERNO REGIONAL";"I-1";"00000539";"PUYAY";"NE_0001";"";"NE_0001";"NE_0001";"NE_0001";"NE_0001";"NE_0001";"NE_0001";"NE_0001"
"2023";"12";"120504";"JUNIN";"JUNIN";"ULCUMAYO";"GOBIERNO REGIONAL";"I-1";"00000541";"CARAPACHO";"NE_0001";"";"NE_0001";"NE_0001";"NE_0001";"NE_0001";"NE_0001";"NE_0001";"NE_0001"
"2023";"11";"150116";"LIMA";"LIMA";"LINCE";"PRIVADO";"II-E";"00029299";"MAS VISION S.A.C.";"NE_0001";"";"NE_0001";"NE_0001";"NE_0001";"NE_0001";"NE_0001";"NE_0001";"NE_0001"
"2023";"11";"020105";"ANCASH";"HUARAZ";"INDEPENDENCIA";"PRIVADO";"II-1";"00012671";"CLINICA SAN PABLO SEDE HUARAZ";"240000";"HOSPITALIZACIÓN";"155";"158";"437";"578";"27";"810";"0"
"2023";"11";"020105";"ANCASH";"HUARAZ";"INDEPENDENCIA";"PRIVADO";"II-1";"00012671";"CLINICA SAN PABLO SEDE HUARAZ";"250100";"UNIDAD DE CUIDADOS CRITICOS UNIDAD  DE CUIDADOS INTENSIVOS GENERALES (UCI) ";"2";"3";"12";"11";"4";"120";"1"
"2023";"12";"240101";"TUMBES";"TUMBES";"TUMBES";"SANIDAD DE LA POLICIA NACIONAL DEL PERU";"I-3";"00012088";"POLICLINICO POLICIAL ""LA CRUZ"" TUMBES";"NE_0001";"";"NE_0001";"NE_0001";"NE_0001";"NE_0001";"NE_0001";"NE_0001";"NE_0001"
"2023";"12";"090304";"HUANCAVELICA";"ANGARAES";"CCOCHACCASA";"GOBIERNO REGIONAL";"I-1";"00011204";"VELASCO PUCAPAMPA";"NE_0001";"";"NE_0001";"NE_0001";"NE_0001";"NE_0001";"NE_0001";"NE_0001";"NE_0001"
"2023";"12";"090302";"HUANCAVELICA";"ANGARAES";"ANCHONGA";"GOBIERNO REGIONAL";"I-1";"00028780";"LLANCAPUQUIO";"NE_0001";"";"NE_0001";"NE_0001";"NE_0001";"NE_0001";"NE_0001";"NE_0001";"NE_0001"
"2023";"12";"090301";"HUANCAVELICA";"ANGARAES";"LIRCAY";"GOBIERNO REGIONAL";"I-1";"00003948";"UCHCUPAMPA";"NE_0001";"";"NE_0001";"NE_0001";"NE_0001";"NE_0001";"NE_0001";"NE_0001";"NE_0001"
"2023";"12";"090310";"HUANCAVELICA";"ANGARAES";"SAN ANTONIO DE ANTAPARCO";"GOBIERNO REGIONAL";"I-1";"00003966";"MAICENA";"NE_0001";"";"NE_0001";"NE_0001";"NE_0001";"NE_0001";"NE_0001";"NE_0001";"NE_0001"
"2023";"12";"090311";"HUANCAVELICA";"ANGARAES";"SANTO TOMAS DE PATA";"GOBIERNO REGIONAL";"I-1";"00003967";"SANTO TOMAS DE PATA";"NE_0001";"";"NE_0001";"NE_0001";"NE_0001";"NE_0001";"NE_0001";"NE_0001";"NE_0001"
"2023";"12";"090311";"HUANCAVELICA";"ANGARAES";"SANTO TOMAS DE PATA";"GOBIERNO REGIONAL";"I-1";"00003968";"CHUPACC";"NE_0001";"";"NE_0001";"NE_0001";"NE_0001";"NE_0001";"NE_0001";"NE_0001";"NE_0001"
"2023";"12";"090301";"HUANCAVELICA";"ANGARAES";"LIRCAY";"GOBIERNO REGIONAL";"I-1";"00011202";"PAMPAHUASI";"NE_0001";"";"NE_0001";"NE_0001";"NE_0001";"NE_0001";"NE_0001";"NE_0001";"NE_0001"
"2023";"12";"150501";"LIMA";"CAÑETE";"SAN VICENTE DE CAÑETE";"PRIVADO";"II-1";"00026070";"CLINICA CORAZON DE JESUS";"240100";"HOSPITALIZACIÓN QUIRÚRGICA CIRUGÍA GENERAL ";"30";"32";"79";"54";"8";"248";"0"
"2023";"12";"150501";"LIMA";"CAÑETE";"SAN VICENTE DE CAÑETE";"PRIVADO";"II-1";"00026070";"CLINICA CORAZON DE JESUS";"241400";"HOSPITALIZACIÓN QUIRÚRGICA GINECO - OBSTETRICIA ";"7";"7";"21";"14";"3";"93";"0"
"2023";"12";"150101";"LIMA";"LIMA";"LIMA";"MINSA";"III-1";"00006207";"HOSPITAL NACIONAL ARZOBISPO LOAYZA";"250105";"UNIDAD DE CUIDADOS CRITICOS UNIDAD  DE CUIDADOS INTENSIVOS  (UCI) NEONATOLOGÍA";"5";"15";"169";"358";"26";"806";"2"
"2023";"12";"150101";"LIMA";"LIMA";"LIMA";"MINSA";"III-1";"00006207";"HOSPITAL NACIONAL ARZOBISPO LOAYZA";"250101";"UNIDAD DE CUIDADOS CRITICOS UNIDAD  DE CUIDADOS INTENSIVOS GENERALES (UCI) CARDIOLOGIA";"7";"9";"163";"149";"6";"186";"1"
"2023";"12";"150101";"LIMA";"LIMA";"LIMA";"MINSA";"III-1";"00006207";"HOSPITAL NACIONAL ARZOBISPO LOAYZA";"241200";"HOSPITALIZACIÓN QUIRÚRGICA TRAUMATOLOGÍA Y ORTOPEDIA ";"68";"69";"559";"574";"20";"620";"0"
"2023";"12";"150101";"LIMA";"LIMA";"LIMA";"MINSA";"III-1";"00006207";"HOSPITAL NACIONAL ARZOBISPO LOAYZA";"245300";"HOSPITALIZACIÓN DE MEDICINA NEUMOLOGÍA  ";"2";"1";"15";"115";"4";"124";"0"
"2023";"12";"250201";"UCAYALI";"ATALAYA";"RAIMONDI";"GOBIERNO REGIONAL";"I-4";"00005502";"ATALAYA";"NE_0002";"";"NE_0002";"NE_0002";"NE_0002";"NE_0002";"NE_0002";"NE_0002";"NE_0002"
"2023";"12";"250201";"UCAYALI";"ATALAYA";"RAIMONDI";"GOBIERNO REGIONAL";"I-2";"00005505";"OBENTENI";"NE_0001";"";"NE_0001";"NE_0001";"NE_0001";"NE_0001";"NE_0001";"NE_0001";"NE_0001"
"2023";"12";"250201";"UCAYALI";"ATALAYA";"RAIMONDI";"MINSA";"I-1";"00005509";"CHICOSA";"NE_0001";"";"NE_0001";"NE_0001";"NE_0001";"NE_0001";"NE_0001";"NE_0001";"NE_0001"
"2023";"12";"250201";"UCAYALI";"ATALAYA";"RAIMONDI";"GOBIERNO REGIONAL";"I-1";"00005510";"LA FLORESTA";"NE_0001";"";"NE_0001";"NE_0001";"NE_0001";"NE_0001";"NE_0001";"NE_0001";"NE_0001"
"2023";"12";"250201";"UCAYALI";"ATALAYA";"RAIMONDI";"GOBIERNO REGIONAL";"I-1";"00005511";"PAOTI";"NE_0001";"";"NE_0001";"NE_0001";"NE_0001";"NE_0001";"NE_0001";"NE_0001";"NE_0001"
"2023";"12";"250201";"UCAYALI";"ATALAYA";"RAIMONDI";"GOBIERNO REGIONAL";"I-1";"00005517";"SERJALI";"NE_0001";"";"NE_0001";"NE_0001";"NE_0001";"NE_0001";"NE_0001";"NE_0001";"NE_0001"
"2023";"12";"250201";"UCAYALI";"ATALAYA";"RAIMONDI";"GOBIERNO REGIONAL";"I-1";"00005512";"MAPALCA";"NE_0001";"";"NE_0001";"NE_0001";"NE_0001";"NE_0001";"NE_0001";"NE_0001";"NE_0001"
"2023";"12";"250202";"UCAYALI";"ATALAYA";"SEPAHUA";"GOBIERNO REGIONAL";"I-1";"00005525";"PUIJA";"NE_0001";"";"NE_0001";"NE_0001";"NE_0001";"NE_0001";"NE_0001";"NE_0001";"NE_0001"
"2023";"12";"250203";"UCAYALI";"ATALAYA";"TAHUANIA";"MINSA";"I-1";"00032189";"PUESTO DE SALUD MENCORIARI.";"NE_0001";"";"NE_0001";"NE_0001";"NE_0001";"NE_0001";"NE_0001";"NE_0001";"NE_0001"
"2023";"12";"250203";"UCAYALI";"ATALAYA";"TAHUANIA";"GOBIERNO REGIONAL";"I-1";"00005520";"SHAHUAYA";"NE_0001";"";"NE_0001";"NE_0001";"NE_0001";"NE_0001";"NE_0001";"NE_0001";"NE_0001"
"2023";"12";"250203";"UCAYALI";"ATALAYA";"TAHUANIA";"GOBIERNO REGIONAL";"I-1";"00005522";"TUPAC AMARU";"NE_0001";"";"NE_0001";"NE_0001";"NE_0001";"NE_0001";"NE_0001";"NE_0001";"NE_0001"
"2023";"12";"250201";"UCAYALI";"ATALAYA";"RAIMONDI";"MINSA";"I-1";"00005508";"UNINI";"NE_0001";"";"NE_0001";"NE_0001";"NE_0001";"NE_0001";"NE_0001";"NE_0001";"NE_0001"
"2023";"12";"250201";"UCAYALI";"ATALAYA";"RAIMONDI";"GOBIERNO REGIONAL";"I-1";"00005515";"ALTO CHENCORENI";"NE_0001";"";"NE_0001";"NE_0001";"NE_0001";"NE_0001";"NE_0001";"NE_0001";"NE_0001"
"2023";"12";"250202";"UCAYALI";"ATALAYA";"SEPAHUA";"GOBIERNO REGIONAL";"I-1";"00005524";"BUFEO POZO";"NE_0001";"";"NE_0001";"NE_0001";"NE_0001";"NE_0001";"NE_0001";"NE_0001";"NE_0001"
"2023";"12";"250201";"UCAYALI";"ATALAYA";"RAIMONDI";"MINSA";"I-2";"00005503";"MALDONADILLO";"NE_0001";"";"NE_0001";"NE_0001";"NE_0001";"NE_0001";"NE_0001";"NE_0001";"NE_0001"
"2023";"12";"250203";"UCAYALI";"ATALAYA";"TAHUANIA";"GOBIERNO REGIONAL";"I-2";"00005521";"NUEVA ITALIA";"NE_0001";"";"NE_0001";"NE_0001";"NE_0001";"NE_0001";"NE_0001";"NE_0001";"NE_0001"
"2023";"12";"250201";"UCAYALI";"ATALAYA";"RAIMONDI";"MINSA";"I-1";"00005504";"COCANI";"NE_0001";"";"NE_0001";"NE_0001";"NE_0001";"NE_0001";"NE_0001";"NE_0001";"NE_0001"
"2023";"12";"250201";"UCAYALI";"ATALAYA";"RAIMONDI";"GOBIERNO REGIONAL";"I-1";"00005514";"CHEQUITAVO";"NE_0001";"";"NE_0001";"NE_0001";"NE_0001";"NE_0001";"NE_0001";"NE_0001";"NE_0001"
"2023";"12";"250202";"UCAYALI";"ATALAYA";"SEPAHUA";"GOBIERNO REGIONAL";"I-3";"00005523";"SEPAHUA";"NE_0001";"";"NE_0001";"NE_0001";"NE_0001";"NE_0001";"NE_0001";"NE_0001";"NE_0001"
"2023";"12";"250202";"UCAYALI";"ATALAYA";"SEPAHUA";"GOBIERNO REGIONAL";"I-1";"00019549";"SANTA ROSA DE SERJALI";"NE_0001";"";"NE_0001";"NE_0001";"NE_0001";"NE_0001";"NE_0001";"NE_0001";"NE_0001"
"2023";"12";"250203";"UCAYALI";"ATALAYA";"TAHUANIA";"MINSA";"I-1";"00031894";"PUESTO DE SALUD NUEVO PARAISO-TAHUANIA.";"NE_0001";"";"NE_0001";"NE_0001";"NE_0001";"NE_0001";"NE_0001";"NE_0001";"NE_0001"
"2023";"12";"250201";"UCAYALI";"ATALAYA";"RAIMONDI";"MINSA";"I-1";"00005506";"P.S RAMON CASTILLA";"NE_0001";"";"NE_0001";"NE_0001";"NE_0001";"NE_0001";"NE_0001";"NE_0001";"NE_0001"
"2023";"12";"250203";"UCAYALI";"ATALAYA";"TAHUANIA";"GOBIERNO REGIONAL";"I-3";"00005518";"BOLOGNESI";"NE_0001";"";"NE_0001";"NE_0001";"NE_0001";"NE_0001";"NE_0001";"NE_0001";"NE_0001"
"2023";"12";"250201";"UCAYALI";"ATALAYA";"RAIMONDI";"GOBIERNO REGIONAL";"I-1";"00005507";"BOCA PUCANI";"NE_0001";"";"NE_0001";"NE_0001";"NE_0001";"NE_0001";"NE_0001";"NE_0001";"NE_0001"
"2023";"12";"250201";"UCAYALI";"ATALAYA";"RAIMONDI";"GOBIERNO REGIONAL";"I-1";"00005516";"RIMA";"NE_0001";"";"NE_0001";"NE_0001";"NE_0001";"NE_0001";"NE_0001";"NE_0001";"NE_0001"
"2023";"12";"250203";"UCAYALI";"ATALAYA";"TAHUANIA";"GOBIERNO REGIONAL";"I-1";"00005519";"SEMPAYA";"NE_0001";"";"NE_0001";"NE_0001";"NE_0001";"NE_0001";"NE_0001";"NE_0001";"NE_0001"
"2023";"12";"250203";"UCAYALI";"ATALAYA";"TAHUANIA";"GOBIERNO REGIONAL";"I-1";"00007106";"TONIROMASHI";"NE_0001";"";"NE_0001";"NE_0001";"NE_0001";"NE_0001";"NE_0001";"NE_0001";"NE_0001"
"2023";"12";"240101";"TUMBES";"TUMBES";"TUMBES";"PRIVADO";"I-4";"00007795";"CENTRO MEDICO LA FAMILIA";"NE_0002";"";"NE_0002";"NE_0002";"NE_0002";"NE_0002";"NE_0002";"NE_0002";"NE_0002"
"2023";"12";"100504";"HUANUCO";"HUAMALIES";"JACAS GRANDE";"GOBIERNO REGIONAL";"I-2";"00000906";"CARHUAPATA";"NE_0001";"";"NE_0001";"NE_0001";"NE_0001";"NE_0001";"NE_0001";"NE_0001";"NE_0001"
"2023";"12";"100504";"HUANUCO";"HUAMALIES";"JACAS GRANDE";"GOBIERNO REGIONAL";"I-2";"00000897";"JACAS GRANDE";"NE_0001";"";"NE_0001";"NE_0001";"NE_0001";"NE_0001";"NE_0001";"NE_0001";"NE_0001"
"2023";"12";"100504";"HUANUCO";"HUAMALIES";"JACAS GRANDE";"GOBIERNO REGIONAL";"I-2";"00006888";"CASCANGA";"NE_0001";"";"NE_0001";"NE_0001";"NE_0001";"NE_0001";"NE_0001";"NE_0001";"NE_0001"
"2023";"12";"100504";"HUANUCO";"HUAMALIES";"JACAS GRANDE";"GOBIERNO REGIONAL";"I-2";"00000898";"ANDAS";"NE_0001";"";"NE_0001";"NE_0001";"NE_0001";"NE_0001";"NE_0001";"NE_0001";"NE_0001"
"2023";"12";"040112";"AREQUIPA";"AREQUIPA";"PAUCARPATA";"SANIDAD DE LA POLICIA NACIONAL DEL PERU";"I-2";"00011664";"POSTA MEDICA POLICIAL ""SAN MARTIN DE PORRES""  AREQUIPA";"NE_0001";"";"NE_0001";"NE_0001";"NE_0001";"NE_0001";"NE_0001";"NE_0001";"NE_0001"
"2023";"12";"060307";"CAJAMARCA";"CELENDIN";"MIGUEL IGLESIAS";"GOBIERNO REGIONAL";"I-1";"00009085";"MUYOC GRANDE";"NE_0001";"";"NE_0001";"NE_0001";"NE_0001";"NE_0001";"NE_0001";"NE_0001";"NE_0001"
"2023";"12";"060312";"CAJAMARCA";"CELENDIN";"LA LIBERTAD DE PALLAN";"GOBIERNO REGIONAL";"I-1";"00004480";"NUEVA ESPERANZA";"NE_0001";"";"NE_0001";"NE_0001";"NE_0001";"NE_0001";"NE_0001";"NE_0001";"NE_0001"
"2023";"12";"060312";"CAJAMARCA";"CELENDIN";"LA LIBERTAD DE PALLAN";"GOBIERNO REGIONAL";"I-1";"00006756";"RAMOSCUCHO";"NE_0001";"";"NE_0001";"NE_0001";"NE_0001";"NE_0001";"NE_0001";"NE_0001";"NE_0001"
"2023";"12";"150140";"LIMA";"LIMA";"SANTIAGO DE SURCO";"PRIVADO";"II-E";"00024304";"CLINICA BINOMIUM";"NE_0002";"";"NE_0002";"NE_0002";"NE_0002";"NE_0002";"NE_0002";"NE_0002";"NE_0002"
"2023";"12";"090201";"HUANCAVELICA";"ACOBAMBA";"ACOBAMBA";"GOBIERNO REGIONAL";"I-3";"00022075";"CENTRO DE SALUD MENTAL COMUNITARIO ACOBAMBA";"NE_0001";"";"NE_0001";"NE_0001";"NE_0001";"NE_0001";"NE_0001";"NE_0001";"NE_0001"
"2023";"12";"200701";"PIURA";"TALARA";"PARIÑAS";"ESSALUD";"II-1";"00012243";"HOSPITAL II TALARA";"241800";"HOSPITALIZACIÓN DE MEDICINA MEDICINA GENERAL ";"58";"61";"323";"271";"16";"496";"1"
"2023";"12";"200701";"PIURA";"TALARA";"PARIÑAS";"ESSALUD";"II-1";"00012243";"HOSPITAL II TALARA";"240000";"HOSPITALIZACIÓN";"23";"23";"32";"33";"2";"62";"0"
"2023";"12";"200701";"PIURA";"TALARA";"PARIÑAS";"ESSALUD";"II-1";"00012243";"HOSPITAL II TALARA";"240100";"HOSPITALIZACIÓN QUIRÚRGICA CIRUGÍA GENERAL ";"59";"61";"231";"161";"10";"310";"1"
"2023";"12";"200701";"PIURA";"TALARA";"PARIÑAS";"ESSALUD";"II-1";"00012243";"HOSPITAL II TALARA";"241400";"HOSPITALIZACIÓN QUIRÚRGICA GINECO - OBSTETRICIA ";"19";"16";"31";"39";"2";"62";"0"
"2023";"12";"200701";"PIURA";"TALARA";"PARIÑAS";"ESSALUD";"II-1";"00012243";"HOSPITAL II TALARA";"241600";"HOSPITALIZACIÓN QUIRÚRGICA OBSTETRICIA   ";"30";"54";"121";"113";"6";"186";"0"
"2023";"12";"200701";"PIURA";"TALARA";"PARIÑAS";"ESSALUD";"II-1";"00012243";"HOSPITAL II TALARA";"242300";"HOSPITALIZACIÓN DE PEDIATRÍA  PEDIATRÍA  GENERAL ";"50";"55";"167";"102";"6";"186";"1"
"2023";"12";"200701";"PIURA";"TALARA";"PARIÑAS";"ESSALUD";"II-1";"00012243";"HOSPITAL II TALARA";"240000";"HOSPITALIZACIÓN";"32";"1";"69";"67";"6";"186";"0"
"2023";"12";"120405";"JUNIN";"JAUJA";"CANCHAYLLO";"GOBIERNO REGIONAL";"I-2";"00000424";"CANCHAYLLO";"NE_0001";"";"NE_0001";"NE_0001";"NE_0001";"NE_0001";"NE_0001";"NE_0001";"NE_0001"
"2023";"12";"120414";"JUNIN";"JAUJA";"LLOCLLAPAMPA";"GOBIERNO REGIONAL";"I-3";"00000427";"LLOCLLAPAMPA";"NE_0001";"";"NE_0001";"NE_0001";"NE_0001";"NE_0001";"NE_0001";"NE_0001";"NE_0001"
"2023";"12";"120411";"JUNIN";"JAUJA";"JANJAILLO";"GOBIERNO REGIONAL";"I-2";"00000426";"JANJAILLO";"NE_0001";"";"NE_0001";"NE_0001";"NE_0001";"NE_0001";"NE_0001";"NE_0001";"NE_0001"
"2023";"12";"120425";"JUNIN";"JAUJA";"PARCO";"GOBIERNO REGIONAL";"I-1";"00000375";"ULLUSCA";"NE_0001";"";"NE_0001";"NE_0001";"NE_0001";"NE_0001";"NE_0001";"NE_0001";"NE_0001"
"2023";"12";"120406";"JUNIN";"JAUJA";"CURICACA";"GOBIERNO REGIONAL";"I-2";"00000425";"EL ROSARIO";"NE_0001";"";"NE_0001";"NE_0001";"NE_0001";"NE_0001";"NE_0001";"NE_0001";"NE_0001"
"2023";"12";"120414";"JUNIN";"JAUJA";"LLOCLLAPAMPA";"GOBIERNO REGIONAL";"I-1";"00000428";"MATACHICO";"NE_0001";"";"NE_0001";"NE_0001";"NE_0001";"NE_0001";"NE_0001";"NE_0001";"NE_0001"
"2023";"12";"120605";"JUNIN";"SATIPO";"PAMPA HERMOSA";"GOBIERNO REGIONAL";"I-2";"00000492";"SANTA ROSITA";"NE_0001";"";"NE_0001";"NE_0001";"NE_0001";"NE_0001";"NE_0001";"NE_0001";"NE_0001"
"2023";"12";"040101";"AREQUIPA";"AREQUIPA";"AREQUIPA";"ESSALUD";"I-3";"00013297";"POLICLINICO METROPOLITANO ESSALUD";"NE_0001";"";"NE_0001";"NE_0001";"NE_0001";"NE_0001";"NE_0001";"NE_0001";"NE_0001"
"2023";"12";"150118";"LIMA";"LIMA";"LURIGANCHO";"MINSA";"II-2";"00005947";"HOSPITAL DE MEDIANA COMPLEJIDAD JOSE AGURTO TELLO";"241900";"HOSPITALIZACIÓN DE MEDICINA MEDICINA INTERNA ";"59";"47";"331";"395";"12";"372";"2"
"2023";"12";"150118";"LIMA";"LIMA";"LURIGANCHO";"MINSA";"II-2";"00005947";"HOSPITAL DE MEDIANA COMPLEJIDAD JOSE AGURTO TELLO";"240100";"HOSPITALIZACIÓN QUIRÚRGICA CIRUGÍA GENERAL ";"114";"112";"309";"292";"16";"496";"0"
"2023";"12";"150118";"LIMA";"LIMA";"LURIGANCHO";"MINSA";"II-2";"00005947";"HOSPITAL DE MEDIANA COMPLEJIDAD JOSE AGURTO TELLO";"241200";"HOSPITALIZACIÓN QUIRÚRGICA TRAUMATOLOGÍA Y ORTOPEDIA ";"23";"23";"131";"97";"5";"155";"0"
"2023";"12";"150118";"LIMA";"LIMA";"LURIGANCHO";"MINSA";"II-2";"00005947";"HOSPITAL DE MEDIANA COMPLEJIDAD JOSE AGURTO TELLO";"241300";"HOSPITALIZACIÓN QUIRÚRGICA UROLOGÍA  ";"10";"10";"10";"10";"1";"31";"0"
"2023";"12";"150118";"LIMA";"LIMA";"LURIGANCHO";"MINSA";"II-2";"00005947";"HOSPITAL DE MEDIANA COMPLEJIDAD JOSE AGURTO TELLO";"243200";"HOSPITALIZACIÓN DE PEDIATRÍA PEDIATRIA NEONATOLOGÍA";"16";"16";"59";"58";"5";"155";"0"
"2023";"12";"150118";"LIMA";"LIMA";"LURIGANCHO";"MINSA";"II-2";"00005947";"HOSPITAL DE MEDIANA COMPLEJIDAD JOSE AGURTO TELLO";"242500";"HOSPITALIZACIÓN-PEDIATRÍA GENERAL-";"37";"35";"175";"161";"7";"217";"0"
"2023";"12";"150118";"LIMA";"LIMA";"LURIGANCHO";"MINSA";"II-2";"00005947";"HOSPITAL DE MEDIANA COMPLEJIDAD JOSE AGURTO TELLO";"241500";"HOSPITALIZACIÓN QUIRÚRGICA GINECOLOGÍA  ";"14";"12";"58";"48";"5";"155";"0"
"2023";"12";"150118";"LIMA";"LIMA";"LURIGANCHO";"MINSA";"II-2";"00005947";"HOSPITAL DE MEDIANA COMPLEJIDAD JOSE AGURTO TELLO";"241600";"HOSPITALIZACIÓN QUIRÚRGICA OBSTETRICIA   ";"95";"91";"231";"225";"16";"496";"0"
"2023";"12";"190308";"PASCO";"OXAPAMPA";"CONSTITUCION";"GOBIERNO REGIONAL";"I-4";"00001118";"CENTRO DE SALUD CIUDAD CONSTITUCIÓN";"241600";"HOSPITALIZACIÓN QUIRÚRGICA OBSTETRICIA   ";"35";"36";"48";"35";"4";"35";"0"
"2023";"12";"190308";"PASCO";"OXAPAMPA";"CONSTITUCION";"GOBIERNO REGIONAL";"I-4";"00001118";"CENTRO DE SALUD CIUDAD CONSTITUCIÓN";"241800";"HOSPITALIZACIÓN DE MEDICINA MEDICINA GENERAL ";"13";"13";"26";"24";"8";"24";"4"
"2023";"12";"190308";"PASCO";"OXAPAMPA";"CONSTITUCION";"GOBIERNO REGIONAL";"I-1";"00001158";"PUERTO LIBRE YARINA";"241800";"HOSPITALIZACIÓN DE MEDICINA MEDICINA GENERAL ";"NE_0001";"NE_0001";"NE_0001";"NE_0001";"NE_0001";"NE_0001";"NE_0001"
"2023";"12";"190308";"PASCO";"OXAPAMPA";"CONSTITUCION";"GOBIERNO REGIONAL";"I-1";"00001119";"MOSQUITO PLAYA";"241800";"HOSPITALIZACIÓN DE MEDICINA MEDICINA GENERAL ";"NE_0001";"NE_0001";"NE_0001";"NE_0001";"NE_0001";"NE_0001";"NE_0001"
"2023";"12";"190308";"PASCO";"OXAPAMPA";"CONSTITUCION";"GOBIERNO REGIONAL";"I-1";"00031084";"PUERTO  VICTORIA";"241800";"HOSPITALIZACIÓN DE MEDICINA MEDICINA GENERAL ";"NE_0001";"NE_0001";"NE_0001";"NE_0001";"NE_0001";"NE_0001";"NE_0001"
"2023";"12";"190308";"PASCO";"OXAPAMPA";"CONSTITUCION";"GOBIERNO REGIONAL";"I-2";"00001120";"CLINICA CAHUAPANAS";"241800";"HOSPITALIZACIÓN DE MEDICINA MEDICINA GENERAL ";"NE_0001";"NE_0001";"NE_0001";"NE_0001";"NE_0001";"NE_0001";"NE_0001"
"2023";"12";"190308";"PASCO";"OXAPAMPA";"CONSTITUCION";"GOBIERNO REGIONAL";"I-2";"00001123";"ORELLANA";"241800";"HOSPITALIZACIÓN DE MEDICINA MEDICINA GENERAL ";"NE_0001";"NE_0001";"NE_0001";"NE_0001";"NE_0001";"NE_0001";"NE_0001"
"2023";"12";"190308";"PASCO";"OXAPAMPA";"CONSTITUCION";"GOBIERNO REGIONAL";"I-1";"00001129";"PUERTO AMISTAD";"241800";"HOSPITALIZACIÓN DE MEDICINA MEDICINA GENERAL ";"NE_0001";"NE_0001";"NE_0001";"NE_0001";"NE_0001";"NE_0001";"NE_0001"
"2023";"12";"190308";"PASCO";"OXAPAMPA";"CONSTITUCION";"GOBIERNO REGIONAL";"I-1";"00001173";"UNION SIRIA";"241800";"HOSPITALIZACIÓN DE MEDICINA MEDICINA GENERAL ";"NE_0001";"NE_0001";"NE_0001";"NE_0001";"NE_0001";"NE_0001";"NE_0001"
"2023";"12";"190308";"PASCO";"OXAPAMPA";"CONSTITUCION";"GOBIERNO REGIONAL";"I-1";"00001128";"SAN LUIS DE CHINCHIHUANI";"241800";"HOSPITALIZACIÓN DE MEDICINA MEDICINA GENERAL ";"NE_0001";"NE_0001";"NE_0001";"NE_0001";"NE_0001";"NE_0001";"NE_0001"
"2023";"12";"190308";"PASCO";"OXAPAMPA";"CONSTITUCION";"GOBIERNO REGIONAL";"I-1";"00001121";"PUERTO LAGARTO";"241800";"HOSPITALIZACIÓN DE MEDICINA MEDICINA GENERAL ";"NE_0001";"NE_0001";"NE_0001";"NE_0001";"NE_0001";"NE_0001";"NE_0001"
"2023";"12";"190308";"PASCO";"OXAPAMPA";"CONSTITUCION";"GOBIERNO REGIONAL";"I-1";"00031083";"PUERTO DAVIS";"241800";"HOSPITALIZACIÓN DE MEDICINA MEDICINA GENERAL ";"NE_0001";"NE_0001";"NE_0001";"NE_0001";"NE_0001";"NE_0001";"NE_0001"
"2023";"12";"190308";"PASCO";"OXAPAMPA";"CONSTITUCION";"GOBIERNO REGIONAL";"I-1";"00001125";"LA VIÑA DINAMARCA";"241800";"HOSPITALIZACIÓN DE MEDICINA MEDICINA GENERAL ";"NE_0001";"NE_0001";"NE_0001";"NE_0001";"NE_0001";"NE_0001";"NE_0001"
"2023";"12";"190308";"PASCO";"OXAPAMPA";"CONSTITUCION";"GOBIERNO REGIONAL";"I-1";"00001126";"CENTRO YARINA";"241800";"HOSPITALIZACIÓN DE MEDICINA MEDICINA GENERAL ";"NE_0001";"NE_0001";"NE_0001";"NE_0001";"NE_0001";"NE_0001";"NE_0001"
"2023";"12";"190308";"PASCO";"OXAPAMPA";"CONSTITUCION";"GOBIERNO REGIONAL";"I-2";"00001130";"LORENCILLO I";"241800";"HOSPITALIZACIÓN DE MEDICINA MEDICINA GENERAL ";"NE_0001";"NE_0001";"NE_0001";"NE_0001";"NE_0001";"NE_0001";"NE_0001"
"2023";"12";"190308";"PASCO";"OXAPAMPA";"CONSTITUCION";"GOBIERNO REGIONAL";"I-1";"00001132";"FLOR DE UN DIA";"241800";"HOSPITALIZACIÓN DE MEDICINA MEDICINA GENERAL ";"NE_0001";"NE_0001";"NE_0001";"NE_0001";"NE_0001";"NE_0001";"NE_0001"
"2023";"12";"190308";"PASCO";"OXAPAMPA";"CONSTITUCION";"GOBIERNO REGIONAL";"I-2";"00001131";"HAUSWALD";"241800";"HOSPITALIZACIÓN DE MEDICINA MEDICINA GENERAL ";"NE_0001";"NE_0001";"NE_0001";"NE_0001";"NE_0001";"NE_0001";"NE_0001"
"2023";"11";"150133";"LIMA";"LIMA";"SAN JUAN DE MIRAFLORES";"MINSA";"III-1";"00005987";"HOSPITAL MARIA AUXILIADORA";"242300";"HOSPITALIZACIÓN DE PEDIATRÍA  PEDIATRÍA  GENERAL ";"134";"140";"727";"617";"30";"900";"0"
"2023";"11";"150133";"LIMA";"LIMA";"SAN JUAN DE MIRAFLORES";"MINSA";"III-1";"00005987";"HOSPITAL MARIA AUXILIADORA";"241900";"HOSPITALIZACIÓN DE MEDICINA MEDICINA INTERNA ";"267";"271";"2592";"2667";"103";"3103";"18"
"2023";"11";"150133";"LIMA";"LIMA";"SAN JUAN DE MIRAFLORES";"MINSA";"III-1";"00005987";"HOSPITAL MARIA AUXILIADORA";"242100";"HOSPITALIZACIÓN DE MEDICINA ONCOLOGÍA MÉDICA ";"48";"51";"469";"379";"14";"420";"3"
"2023";"11";"150133";"LIMA";"LIMA";"SAN JUAN DE MIRAFLORES";"MINSA";"III-1";"00005987";"HOSPITAL MARIA AUXILIADORA";"240100";"HOSPITALIZACIÓN QUIRÚRGICA CIRUGÍA GENERAL ";"293";"302";"2088";"1969";"76";"2288";"0"
"2023";"11";"150133";"LIMA";"LIMA";"SAN JUAN DE MIRAFLORES";"MINSA";"III-1";"00005987";"HOSPITAL MARIA AUXILIADORA";"241400";"HOSPITALIZACIÓN QUIRÚRGICA GINECO - OBSTETRICIA ";"430";"428";"1367";"1223";"66";"2000";"0"
"2023";"11";"150133";"LIMA";"LIMA";"SAN JUAN DE MIRAFLORES";"MINSA";"III-1";"00005987";"HOSPITAL MARIA AUXILIADORA";"243200";"HOSPITALIZACIÓN DE PEDIATRÍA PEDIATRIA NEONATOLOGÍA";"92";"98";"623";"570";"45";"1350";"0"
"2023";"11";"150133";"LIMA";"LIMA";"SAN JUAN DE MIRAFLORES";"MINSA";"III-1";"00005987";"HOSPITAL MARIA AUXILIADORA";"250100";"UNIDAD DE CUIDADOS CRITICOS UNIDAD  DE CUIDADOS INTENSIVOS GENERALES (UCI) ";"20";"9";"134";"292";"11";"351";"8"
"2023";"11";"150133";"LIMA";"LIMA";"SAN JUAN DE MIRAFLORES";"MINSA";"III-1";"00005987";"HOSPITAL MARIA AUXILIADORA";"250105";"UNIDAD DE CUIDADOS CRITICOS UNIDAD  DE CUIDADOS INTENSIVOS  (UCI) NEONATOLOGÍA";"16";"8";"113";"186";"9";"270";"8"
"2023";"11";"150133";"LIMA";"LIMA";"SAN JUAN DE MIRAFLORES";"MINSA";"III-1";"00005987";"HOSPITAL MARIA AUXILIADORA";"250108";"UNIDAD DE CUIDADOS CRITICOS UNIDAD  DE CUIDADOS INTENSIVOS  (UCI) PEDIÁTRICA";"5";"0";"0";"107";"5";"150";"0"
"2023";"11";"150133";"LIMA";"LIMA";"SAN JUAN DE MIRAFLORES";"MINSA";"III-1";"00005987";"HOSPITAL MARIA AUXILIADORA";"250200";"UNIDAD DE CUIDADOS CRITICOS UNIDAD DE CUIDADOS INTERMEDIOS GENERAL  (UCIN) ";"22";"4";"776";"155";"6";"206";"4"
"2023";"11";"200501";"PIURA";"PAITA";"PAITA";"GOBIERNO REGIONAL";"II-1";"00002021";"HOSPITAL DE APOYO II - 1 NUESTRA SEÑORA DE LAS MERCEDES - PAITA";"240100";"HOSPITALIZACIÓN QUIRÚRGICA CIRUGÍA GENERAL ";"48";"40";"218";"218";"10";"312";"0"
"2023";"11";"200501";"PIURA";"PAITA";"PAITA";"GOBIERNO REGIONAL";"II-1";"00002021";"HOSPITAL DE APOYO II - 1 NUESTRA SEÑORA DE LAS MERCEDES - PAITA";"241500";"HOSPITALIZACIÓN QUIRÚRGICA GINECOLOGÍA  ";"8";"6";"32";"32";"2";"60";"0"
"2023";"11";"200501";"PIURA";"PAITA";"PAITA";"GOBIERNO REGIONAL";"II-1";"00002021";"HOSPITAL DE APOYO II - 1 NUESTRA SEÑORA DE LAS MERCEDES - PAITA";"241600";"HOSPITALIZACIÓN QUIRÚRGICA OBSTETRICIA   ";"172";"157";"399";"399";"20";"690";"0"
"2023";"11";"200501";"PIURA";"PAITA";"PAITA";"GOBIERNO REGIONAL";"II-1";"00002021";"HOSPITAL DE APOYO II - 1 NUESTRA SEÑORA DE LAS MERCEDES - PAITA";"241900";"HOSPITALIZACIÓN DE MEDICINA MEDICINA INTERNA ";"68";"77";"450";"450";"17";"510";"5"
"2023";"11";"200501";"PIURA";"PAITA";"PAITA";"GOBIERNO REGIONAL";"II-1";"00002021";"HOSPITAL DE APOYO II - 1 NUESTRA SEÑORA DE LAS MERCEDES - PAITA";"242500";"HOSPITALIZACIÓN-PEDIATRÍA GENERAL-";"32";"30";"168";"168";"7";"210";"0"
"2023";"11";"200501";"PIURA";"PAITA";"PAITA";"GOBIERNO REGIONAL";"II-1";"00002021";"HOSPITAL DE APOYO II - 1 NUESTRA SEÑORA DE LAS MERCEDES - PAITA";"243200";"HOSPITALIZACIÓN DE PEDIATRÍA PEDIATRIA NEONATOLOGÍA";"17";"17";"60";"60";"5";"150";"0"
"2023";"11";"220911";"SAN MARTIN";"SAN MARTIN";"PAPAPLAYA";"GOBIERNO REGIONAL";"I-1";"00006455";"SAN ANTONIO  RIO HUALLAGA";"NE_0001";"";"NE_0001";"NE_0001";"NE_0001";"NE_0001";"NE_0001";"NE_0001";"NE_0001"
"2023";"11";"220906";"SAN MARTIN";"SAN MARTIN";"EL PORVENIR";"GOBIERNO REGIONAL";"I-1";"00006456";"NUEVO SAN JUAN";"NE_0001";"";"NE_0001";"NE_0001";"NE_0001";"NE_0001";"NE_0001";"NE_0001";"NE_0001"
"2023";"11";"220911";"SAN MARTIN";"SAN MARTIN";"PAPAPLAYA";"GOBIERNO REGIONAL";"I-3";"00006449";"HOSPITAL RURAL DE PAPAPLAYA";"241800";"HOSPITALIZACIÓN DE MEDICINA MEDICINA GENERAL ";"7";"7";"7";"7";"4";"120";"0"
"2023";"11";"220911";"SAN MARTIN";"SAN MARTIN";"PAPAPLAYA";"GOBIERNO REGIONAL";"I-1";"00006448";"REFORMA";"NE_0001";"";"NE_0001";"NE_0001";"NE_0001";"NE_0001";"NE_0001";"NE_0001";"NE_0001"
"2023";"11";"220911";"SAN MARTIN";"SAN MARTIN";"PAPAPLAYA";"GOBIERNO REGIONAL";"I-1";"00006454";"SAN JUAN RIO HUALLAGA";"NE_0001";"";"NE_0001";"NE_0001";"NE_0001";"NE_0001";"NE_0001";"NE_0001";"NE_0001"
"2023";"11";"220906";"SAN MARTIN";"SAN MARTIN";"EL PORVENIR";"GOBIERNO REGIONAL";"I-1";"00006451";"PELEJO";"NE_0001";"";"NE_0001";"NE_0001";"NE_0001";"NE_0001";"NE_0001";"NE_0001";"NE_0001"
"2023";"11";"220911";"SAN MARTIN";"SAN MARTIN";"PAPAPLAYA";"GOBIERNO REGIONAL";"I-1";"00006452";"ASUNCION";"NE_0001";"";"NE_0001";"NE_0001";"NE_0001";"NE_0001";"NE_0001";"NE_0001";"NE_0001"
"2023";"11";"220911";"SAN MARTIN";"SAN MARTIN";"PAPAPLAYA";"GOBIERNO REGIONAL";"I-1";"00006453";"PUERTO MERCEDES";"NE_0001";"";"NE_0001";"NE_0001";"NE_0001";"NE_0001";"NE_0001";"NE_0001";"NE_0001"
"2023";"11";"021905";"ANCASH";"SIHUAS";"CHINGALPO";"GOBIERNO REGIONAL";"I-1";"00001800";"PUESTO DE SALUD CHINGALPO";"NE_0002";"";"NE_0002";"NE_0002";"NE_0002";"NE_0002";"NE_0002";"NE_0002";"NE_0002"
"2023";"11";"021905";"ANCASH";"SIHUAS";"CHINGALPO";"GOBIERNO REGIONAL";"I-1";"00001754";"PUESTO DE SALUD SAN MIGUEL";"NE_0002";"";"NE_0002";"NE_0002";"NE_0002";"NE_0002";"NE_0002";"NE_0002";"NE_0002"
"2023";"11";"021903";"ANCASH";"SIHUAS";"ALFONSO UGARTE";"GOBIERNO REGIONAL";"I-1";"00001805";"PUESTO DE SALUD ULLOLLUCO";"NE_0002";"";"NE_0002";"NE_0002";"NE_0002";"NE_0002";"NE_0002";"NE_0002";"NE_0002"
"2023";"11";"021907";"ANCASH";"SIHUAS";"QUICHES";"GOBIERNO REGIONAL";"I-1";"00001807";"PUESTO DE SALUD JOCOSBAMBA";"NE_0002";"";"NE_0002";"NE_0002";"NE_0002";"NE_0002";"NE_0002";"NE_0002";"NE_0002"
"2023";"11";"120424";"JUNIN";"JAUJA";"PANCAN";"GOBIERNO REGIONAL";"I-1";"00000417";"PANCAN";"NE_0001";"";"NE_0001";"NE_0001";"NE_0001";"NE_0001";"NE_0001";"NE_0001";"NE_0001"
"2023";"09";"150130";"LIMA";"LIMA";"SAN BORJA";"PRIVADO";"II-E";"00033189";"CLINICA INSTITUTO ONCOLOGICO PERUANO";"240000";"HOSPITALIZACIÓN";"36";"36";"69";"39";"10";"320";"0"
"2023";"11";"021902";"ANCASH";"SIHUAS";"ACOBAMBA";"GOBIERNO REGIONAL";"I-1";"00001799";"PUESTO DE SALUD ACOBAMBA";"241400";"HOSPITALIZACIÓN QUIRÚRGICA GINECO - OBSTETRICIA ";"1";"1";"1";"1";"1";"2";"0"
"2023";"11";"021905";"ANCASH";"SIHUAS";"CHINGALPO";"GOBIERNO REGIONAL";"I-1";"00001800";"PUESTO DE SALUD CHINGALPO";"NE_0002";"";"NE_0002";"NE_0002";"NE_0002";"NE_0002";"NE_0002";"NE_0002";"NE_0002"
"2023";"11";"021905";"ANCASH";"SIHUAS";"CHINGALPO";"GOBIERNO REGIONAL";"I-1";"00001754";"PUESTO DE SALUD SAN MIGUEL";"NE_0002";"";"NE_0002";"NE_0002";"NE_0002";"NE_0002";"NE_0002";"NE_0002";"NE_0002"
"2023";"11";"021903";"ANCASH";"SIHUAS";"ALFONSO UGARTE";"GOBIERNO REGIONAL";"I-1";"00001805";"PUESTO DE SALUD ULLOLLUCO";"NE_0002";"";"NE_0002";"NE_0002";"NE_0002";"NE_0002";"NE_0002";"NE_0002";"NE_0002"
"2023";"11";"021907";"ANCASH";"SIHUAS";"QUICHES";"GOBIERNO REGIONAL";"I-1";"00001807";"PUESTO DE SALUD JOCOSBAMBA";"NE_0002";"";"NE_0002";"NE_0002";"NE_0002";"NE_0002";"NE_0002";"NE_0002";"NE_0002"
"2023";"11";"021907";"ANCASH";"SIHUAS";"QUICHES";"GOBIERNO REGIONAL";"I-3";"00001806";"CENTRO DE SALUD QUICHES";"241400";"HOSPITALIZACIÓN QUIRÚRGICA GINECO - OBSTETRICIA ";"1";"1";"1";"1";"1";"3";"0"
"2023";"11";"070101";"CALLAO";"CALLAO";"CALLAO";"GOBIERNO REGIONAL";"I-2";"00006669";"SANIDAD AEREA INTERNACIONAL";"NE_0001";"";"NE_0001";"NE_0001";"NE_0001";"NE_0001";"NE_0001";"NE_0001";"NE_0001"
"2023";"11";"070101";"CALLAO";"CALLAO";"CALLAO";"GOBIERNO REGIONAL";"I-2";"00006668";"SANIDAD MARITIMA";"NE_0001";"";"NE_0001";"NE_0001";"NE_0001";"NE_0001";"NE_0001";"NE_0001";"NE_0001"
"2023";"11";"200701";"PIURA";"TALARA";"PARIÑAS";"PRIVADO";"II-1";"00011396";"ADMINISTRADORA CLINICA TRESA";"241900";"HOSPITALIZACIÓN DE MEDICINA MEDICINA INTERNA ";"40";"37";"79";"148";"6";"180";"0"
"2023";"11";"200701";"PIURA";"TALARA";"PARIÑAS";"PRIVADO";"II-1";"00011396";"ADMINISTRADORA CLINICA TRESA";"240100";"HOSPITALIZACIÓN QUIRÚRGICA CIRUGÍA GENERAL ";"7";"7";"14";"53";"2";"60";"0"
"2023";"11";"200701";"PIURA";"TALARA";"PARIÑAS";"PRIVADO";"II-1";"00011396";"ADMINISTRADORA CLINICA TRESA";"241200";"HOSPITALIZACIÓN QUIRÚRGICA TRAUMATOLOGÍA Y ORTOPEDIA ";"5";"5";"10";"25";"1";"30";"0"
"2023";"11";"200701";"PIURA";"TALARA";"PARIÑAS";"PRIVADO";"II-1";"00011396";"ADMINISTRADORA CLINICA TRESA";"241500";"HOSPITALIZACIÓN QUIRÚRGICA GINECOLOGÍA  ";"5";"4";"9";"26";"1";"30";"0"
"2023";"11";"200701";"PIURA";"TALARA";"PARIÑAS";"PRIVADO";"II-1";"00011396";"ADMINISTRADORA CLINICA TRESA";"242300";"HOSPITALIZACIÓN DE PEDIATRÍA  PEDIATRÍA  GENERAL ";"10";"10";"33";"80";"3";"90";"0"
"2023";"11";"150131";"LIMA";"LIMA";"SAN ISIDRO";"PRIVADO";"II-1";"00009888";"CLINICA UNIPLAST S.A.C.";"240800";"HOSPITALIZACIÓN QUIRÚRGICA CIRUGÍA PLÁSTICA/RECONSTRUCTIVA/ REPARADORA ";"12";"12";"12";"12";"3";"90";"0"
"2023";"11";"150130";"LIMA";"LIMA";"SAN BORJA";"PRIVADO";"I-2";"00024872";"LINE CONTROL CENTER";"NE_0001";"";"NE_0001";"NE_0001";"NE_0001";"NE_0001";"NE_0001";"NE_0001";"NE_0001"
"2023";"11";"150101";"LIMA";"LIMA";"LIMA";"MINSA";"III-E";"00006215";"HOSPITAL NACIONAL DOCENTE MADRE NIÑO SAN BARTOLOME";"240100";"HOSPITALIZACIÓN QUIRÚRGICA CIRUGÍA GENERAL ";"40";"46";"635";"549";"30";"895";"0"
"2023";"11";"150101";"LIMA";"LIMA";"LIMA";"MINSA";"III-E";"00006215";"HOSPITAL NACIONAL DOCENTE MADRE NIÑO SAN BARTOLOME";"241500";"HOSPITALIZACIÓN QUIRÚRGICA GINECOLOGÍA  ";"104";"110";"371";"347";"16";"489";"0"
"2023";"11";"150101";"LIMA";"LIMA";"LIMA";"MINSA";"III-E";"00006215";"HOSPITAL NACIONAL DOCENTE MADRE NIÑO SAN BARTOLOME";"241600";"HOSPITALIZACIÓN QUIRÚRGICA OBSTETRICIA   ";"416";"402";"1475";"1470";"74";"2220";"0"
"2023";"11";"150101";"LIMA";"LIMA";"LIMA";"MINSA";"III-E";"00006215";"HOSPITAL NACIONAL DOCENTE MADRE NIÑO SAN BARTOLOME";"242100";"HOSPITALIZACIÓN DE MEDICINA ONCOLOGÍA MÉDICA ";"19";"25";"96";"95";"4";"120";"0"
"2023";"11";"150101";"LIMA";"LIMA";"LIMA";"MINSA";"III-E";"00006215";"HOSPITAL NACIONAL DOCENTE MADRE NIÑO SAN BARTOLOME";"242500";"HOSPITALIZACIÓN-PEDIATRÍA GENERAL-";"60";"66";"802";"764";"30";"895";"0"
"2023";"11";"150101";"LIMA";"LIMA";"LIMA";"MINSA";"III-E";"00006215";"HOSPITAL NACIONAL DOCENTE MADRE NIÑO SAN BARTOLOME";"243200";"HOSPITALIZACIÓN DE PEDIATRÍA PEDIATRIA NEONATOLOGÍA";"71";"74";"700";"418";"16";"496";"1"
"2023";"11";"150101";"LIMA";"LIMA";"LIMA";"MINSA";"III-E";"00006215";"HOSPITAL NACIONAL DOCENTE MADRE NIÑO SAN BARTOLOME";"250102";"UNIDAD DE CUIDADOS CRITICOS UNIDAD  DE CUIDADOS INTENSIVOS GENERALES (UCI) GINECO-OBSTETRICIA";"0";"1";"4";"11";"2";"60";"0"
"2023";"11";"150101";"LIMA";"LIMA";"LIMA";"MINSA";"III-E";"00006215";"HOSPITAL NACIONAL DOCENTE MADRE NIÑO SAN BARTOLOME";"250105";"UNIDAD DE CUIDADOS CRITICOS UNIDAD  DE CUIDADOS INTENSIVOS  (UCI) NEONATOLOGÍA";"9";"1";"13";"300";"12";"360";"1"
"2023";"11";"150101";"LIMA";"LIMA";"LIMA";"MINSA";"III-E";"00006215";"HOSPITAL NACIONAL DOCENTE MADRE NIÑO SAN BARTOLOME";"250108";"UNIDAD DE CUIDADOS CRITICOS UNIDAD  DE CUIDADOS INTENSIVOS  (UCI) PEDIÁTRICA";"4";"1";"9";"180";"7";"208";"1"
"2023";"11";"060810";"CAJAMARCA";"JAEN";"SAN FELIPE";"GOBIERNO REGIONAL";"I-2";"00004255";"PIQUIJACA";"NE_0001";"";"NE_0001";"NE_0001";"NE_0001";"NE_0001";"NE_0001";"NE_0001";"NE_0001"
"2023";"11";"060810";"CAJAMARCA";"JAEN";"SAN FELIPE";"GOBIERNO REGIONAL";"I-3";"00004254";"SAN FELIPE";"NE_0001";"";"NE_0001";"NE_0001";"NE_0001";"NE_0001";"NE_0001";"NE_0001";"NE_0001"
"2023";"11";"050701";"AYACUCHO";"PARINACOCHAS";"CORACORA";"GOBIERNO REGIONAL";"II-1";"00003523";"HOSPITAL DE APOYO DE CORACORA";"240100";"HOSPITALIZACIÓN QUIRÚRGICA CIRUGÍA GENERAL ";"18";"19";"77";"77";"8";"240";"0"
"2023";"11";"050701";"AYACUCHO";"PARINACOCHAS";"CORACORA";"GOBIERNO REGIONAL";"II-1";"00003523";"HOSPITAL DE APOYO DE CORACORA";"241400";"HOSPITALIZACIÓN QUIRÚRGICA GINECO - OBSTETRICIA ";"24";"26";"53";"53";"5";"150";"0"
"2023";"11";"050701";"AYACUCHO";"PARINACOCHAS";"CORACORA";"GOBIERNO REGIONAL";"II-1";"00003523";"HOSPITAL DE APOYO DE CORACORA";"241500";"HOSPITALIZACIÓN QUIRÚRGICA GINECOLOGÍA  ";"26";"27";"55";"55";"7";"210";"0"
"2023";"11";"050701";"AYACUCHO";"PARINACOCHAS";"CORACORA";"GOBIERNO REGIONAL";"II-1";"00003523";"HOSPITAL DE APOYO DE CORACORA";"241800";"HOSPITALIZACIÓN DE MEDICINA MEDICINA GENERAL ";"14";"15";"48";"48";"16";"480";"2"
"2023";"11";"050701";"AYACUCHO";"PARINACOCHAS";"CORACORA";"GOBIERNO REGIONAL";"II-1";"00003523";"HOSPITAL DE APOYO DE CORACORA";"242500";"HOSPITALIZACIÓN-PEDIATRÍA GENERAL-";"32";"32";"49";"49";"4";"120";"0"
"2023";"03";"150132";"LIMA";"LIMA";"SAN JUAN DE LURIGANCHO";"MINSA";"II-2";"00005617";"HOSPITAL SAN JUAN DE LURIGANCHO";"240100";"HOSPITALIZACIÓN QUIRÚRGICA CIRUGÍA GENERAL ";"336";"223";"680";"730";"24";"744";"2"
"2023";"03";"150132";"LIMA";"LIMA";"SAN JUAN DE LURIGANCHO";"MINSA";"II-2";"00005617";"HOSPITAL SAN JUAN DE LURIGANCHO";"241500";"HOSPITALIZACIÓN QUIRÚRGICA GINECOLOGÍA  ";"105";"63";"216";"219";"8";"248";"0"
"2023";"03";"150132";"LIMA";"LIMA";"SAN JUAN DE LURIGANCHO";"MINSA";"II-2";"00005617";"HOSPITAL SAN JUAN DE LURIGANCHO";"241600";"HOSPITALIZACIÓN QUIRÚRGICA OBSTETRICIA   ";"425";"372";"729";"762";"38";"1178";"0"
"2023";"03";"150132";"LIMA";"LIMA";"SAN JUAN DE LURIGANCHO";"MINSA";"II-2";"00005617";"HOSPITAL SAN JUAN DE LURIGANCHO";"241800";"HOSPITALIZACIÓN DE MEDICINA MEDICINA GENERAL ";"104";"98";"735";"711";"24";"744";"13"
"2023";"03";"150132";"LIMA";"LIMA";"SAN JUAN DE LURIGANCHO";"MINSA";"II-2";"00005617";"HOSPITAL SAN JUAN DE LURIGANCHO";"242300";"HOSPITALIZACIÓN DE PEDIATRÍA  PEDIATRÍA  GENERAL ";"86";"74";"324";"343";"18";"558";"0"
"2023";"03";"150132";"LIMA";"LIMA";"SAN JUAN DE LURIGANCHO";"MINSA";"II-2";"00005617";"HOSPITAL SAN JUAN DE LURIGANCHO";"243200";"HOSPITALIZACIÓN DE PEDIATRÍA PEDIATRIA NEONATOLOGÍA";"12";"12";"51";"65";"3";"93";"0"
"2023";"11";"160108";"LORETO";"MAYNAS";"PUNCHANA";"ESSALUD";"III-1";"00011409";"HOSPITAL III IQUITOS";"241900";"HOSPITALIZACIÓN DE MEDICINA MEDICINA INTERNA ";"132";"120";"1017";"1106";"44";"1320";"7"
"2023";"11";"160108";"LORETO";"MAYNAS";"PUNCHANA";"ESSALUD";"III-1";"00011409";"HOSPITAL III IQUITOS";"240100";"HOSPITALIZACIÓN QUIRÚRGICA CIRUGÍA GENERAL ";"229";"232";"949";"967";"40";"1200";"0"
"2023";"11";"160108";"LORETO";"MAYNAS";"PUNCHANA";"ESSALUD";"III-1";"00011409";"HOSPITAL III IQUITOS";"241400";"HOSPITALIZACIÓN QUIRÚRGICA GINECO - OBSTETRICIA ";"48";"41";"115";"117";"5";"150";"0"
"2023";"11";"160108";"LORETO";"MAYNAS";"PUNCHANA";"ESSALUD";"III-1";"00011409";"HOSPITAL III IQUITOS";"241600";"HOSPITALIZACIÓN QUIRÚRGICA OBSTETRICIA   ";"192";"183";"398";"398";"18";"540";"0"
"2023";"11";"160108";"LORETO";"MAYNAS";"PUNCHANA";"ESSALUD";"III-1";"00011409";"HOSPITAL III IQUITOS";"242300";"HOSPITALIZACIÓN DE PEDIATRÍA  PEDIATRÍA  GENERAL ";"78";"81";"347";"346";"14";"420";"0"
"2023";"11";"160108";"LORETO";"MAYNAS";"PUNCHANA";"ESSALUD";"III-1";"00011409";"HOSPITAL III IQUITOS";"250100";"UNIDAD DE CUIDADOS CRITICOS UNIDAD  DE CUIDADOS INTENSIVOS GENERALES (UCI) ";"27";"24";"197";"228";"10";"300";"7"
"2023";"11";"160108";"LORETO";"MAYNAS";"PUNCHANA";"ESSALUD";"III-1";"00011409";"HOSPITAL III IQUITOS";"250200";"UNIDAD DE CUIDADOS CRITICOS UNIDAD DE CUIDADOS INTERMEDIOS GENERAL  (UCIN) ";"67";"68";"362";"341";"13";"390";"0"
"2023";"11";"021809";"ANCASH";"SANTA";"NUEVO CHIMBOTE";"GOBIERNO REGIONAL";"II-2";"00001703";"ELEAZAR GUZMAN BARRON";"241800";"HOSPITALIZACIÓN DE MEDICINA MEDICINA GENERAL ";"75";"84";"819";"650";"23";"713";"13"
"2023";"11";"021809";"ANCASH";"SANTA";"NUEVO CHIMBOTE";"GOBIERNO REGIONAL";"II-2";"00001703";"ELEAZAR GUZMAN BARRON";"245700";"HOSPITALIZACIÓN QUIRÚRGICA CARDIOLOGIA ";"0";"1";"19";"3";"1";"31";"0"
"2023";"11";"021809";"ANCASH";"SANTA";"NUEVO CHIMBOTE";"GOBIERNO REGIONAL";"II-2";"00001703";"ELEAZAR GUZMAN BARRON";"244300";"HOSPITALIZACIÓN DE MEDICINA GASTROENTEROLOGÍA  ";"1";"0";"0";"8";"1";"31";"0"
"2023";"11";"021809";"ANCASH";"SANTA";"NUEVO CHIMBOTE";"GOBIERNO REGIONAL";"II-2";"00001703";"ELEAZAR GUZMAN BARRON";"245500";"HOSPITALIZACIÓN DE MEDICINA REUMATOLOGÍA    ";"5";"4";"6";"7";"1";"31";"0"
"2023";"11";"021809";"ANCASH";"SANTA";"NUEVO CHIMBOTE";"GOBIERNO REGIONAL";"II-2";"00001703";"ELEAZAR GUZMAN BARRON";"245300";"HOSPITALIZACIÓN DE MEDICINA NEUMOLOGÍA  ";"4";"3";"57";"61";"3";"93";"0"
"2023";"11";"021809";"ANCASH";"SANTA";"NUEVO CHIMBOTE";"GOBIERNO REGIONAL";"II-2";"00001703";"ELEAZAR GUZMAN BARRON";"242200";"HOSPITALIZACIÓN DE MEDICINA PSIQUIATRÍA ";"7";"7";"143";"208";"10";"310";"0"
"2023";"11";"021809";"ANCASH";"SANTA";"NUEVO CHIMBOTE";"GOBIERNO REGIONAL";"II-2";"00001703";"ELEAZAR GUZMAN BARRON";"240100";"HOSPITALIZACIÓN QUIRÚRGICA CIRUGÍA GENERAL ";"86";"86";"408";"394";"14";"434";"0"
"2023";"11";"021809";"ANCASH";"SANTA";"NUEVO CHIMBOTE";"GOBIERNO REGIONAL";"II-2";"00001703";"ELEAZAR GUZMAN BARRON";"241200";"HOSPITALIZACIÓN QUIRÚRGICA TRAUMATOLOGÍA Y ORTOPEDIA ";"32";"36";"505";"230";"10";"310";"0"
"2023";"11";"021809";"ANCASH";"SANTA";"NUEVO CHIMBOTE";"GOBIERNO REGIONAL";"II-2";"00001703";"ELEAZAR GUZMAN BARRON";"241100";"HOSPITALIZACIÓN QUIRÚRGICA OTORRINOLARINGOLOGÍA  ";"4";"4";"7";"7";"1";"31";"0"
"2023";"11";"021809";"ANCASH";"SANTA";"NUEVO CHIMBOTE";"GOBIERNO REGIONAL";"II-2";"00001703";"ELEAZAR GUZMAN BARRON";"241300";"HOSPITALIZACIÓN QUIRÚRGICA UROLOGÍA  ";"10";"9";"49";"87";"4";"124";"0"
"2023";"11";"021809";"ANCASH";"SANTA";"NUEVO CHIMBOTE";"GOBIERNO REGIONAL";"II-2";"00001703";"ELEAZAR GUZMAN BARRON";"242100";"HOSPITALIZACIÓN DE MEDICINA ONCOLOGÍA MÉDICA ";"8";"10";"87";"73";"3";"93";"0"
"2023";"11";"021809";"ANCASH";"SANTA";"NUEVO CHIMBOTE";"GOBIERNO REGIONAL";"II-2";"00001703";"ELEAZAR GUZMAN BARRON";"240900";"HOSPITALIZACIÓN QUIRÚRGICA NEUROCIRUGÍA ";"12";"16";"144";"149";"5";"155";"0"
"2023";"11";"021809";"ANCASH";"SANTA";"NUEVO CHIMBOTE";"GOBIERNO REGIONAL";"II-2";"00001703";"ELEAZAR GUZMAN BARRON";"240801";"HOSPITALIZACIÓN QUIRÚRGICA CIRUGÍA PLÁSTICA/RECONSTRUCTIVA/ REPARADORA QUEMADOS";"1";"1";"2";"2";"1";"31";"0"
"2023";"11";"021809";"ANCASH";"SANTA";"NUEVO CHIMBOTE";"GOBIERNO REGIONAL";"II-2";"00001703";"ELEAZAR GUZMAN BARRON";"242300";"HOSPITALIZACIÓN DE PEDIATRÍA  PEDIATRÍA  GENERAL ";"139";"139";"656";"643";"25";"775";"1"
"2023";"11";"021809";"ANCASH";"SANTA";"NUEVO CHIMBOTE";"GOBIERNO REGIONAL";"II-2";"00001703";"ELEAZAR GUZMAN BARRON";"241600";"HOSPITALIZACIÓN QUIRÚRGICA OBSTETRICIA   ";"215";"220";"480";"454";"16";"496";"0"
"2023";"11";"021809";"ANCASH";"SANTA";"NUEVO CHIMBOTE";"GOBIERNO REGIONAL";"II-2";"00001703";"ELEAZAR GUZMAN BARRON";"241500";"HOSPITALIZACIÓN QUIRÚRGICA GINECOLOGÍA  ";"45";"47";"123";"102";"6";"186";"0"
"2023";"11";"021809";"ANCASH";"SANTA";"NUEVO CHIMBOTE";"GOBIERNO REGIONAL";"II-2";"00001703";"ELEAZAR GUZMAN BARRON";"250100";"UNIDAD DE CUIDADOS CRITICOS UNIDAD  DE CUIDADOS INTENSIVOS GENERALES (UCI) ";"15";"5";"355";"403";"16";"496";"5"
"2023";"11";"250105";"UCAYALI";"CORONEL PORTILLO";"YARINACOCHA";"ESSALUD";"I-3";"00032194";"CENTRO  DE SALUD ALAMEDAS - ESSALUD";"NE_0001";"";"NE_0001";"NE_0001";"NE_0001";"NE_0001";"NE_0001";"NE_0001";"NE_0001"
"2023";"11";"120427";"JUNIN";"JAUJA";"RICRAN";"GOBIERNO REGIONAL";"I-1";"00000421";"APAYCANCHA";"NE_0001";"";"NE_0001";"NE_0001";"NE_0001";"NE_0001";"NE_0001";"NE_0001";"NE_0001"
"2023";"11";"120424";"JUNIN";"JAUJA";"PANCAN";"GOBIERNO REGIONAL";"I-1";"00000418";"HUASQUICHA";"NE_0001";"";"NE_0001";"NE_0001";"NE_0001";"NE_0001";"NE_0001";"NE_0001";"NE_0001"
"2023";"11";"120433";"JUNIN";"JAUJA";"YAULI";"GOBIERNO REGIONAL";"I-2";"00000423";"YAULI - JAUJA";"NE_0001";"";"NE_0001";"NE_0001";"NE_0001";"NE_0001";"NE_0001";"NE_0001";"NE_0001"
"2023";"11";"120427";"JUNIN";"JAUJA";"RICRAN";"GOBIERNO REGIONAL";"I-2";"00000419";"RICRAN";"NE_0001";"";"NE_0001";"NE_0001";"NE_0001";"NE_0001";"NE_0001";"NE_0001";"NE_0001"
"2023";"11";"120429";"JUNIN";"JAUJA";"SAN PEDRO DE CHUNAN";"GOBIERNO REGIONAL";"I-1";"00000422";"SAN PEDRO DE CHUNAN";"NE_0001";"";"NE_0001";"NE_0001";"NE_0001";"NE_0001";"NE_0001";"NE_0001";"NE_0001"
"2023";"12";"240101";"TUMBES";"TUMBES";"TUMBES";"PRIVADO";"II-E";"00007874";"CLINICA FEIJOO EIRL";"241400";"HOSPITALIZACIÓN QUIRÚRGICA GINECO - OBSTETRICIA ";"1";"1";"1";"1";"3";"93";"0"
"2023";"12";"030201";"APURIMAC";"ANDAHUAYLAS";"ANDAHUAYLAS";"SANIDAD DE LA POLICIA NACIONAL DEL PERU";"I-2";"00011892";"POSTA MEDICA POLICIAL DE ANDAHUAYLAS";"NE_0001";"";"NE_0001";"NE_0001";"NE_0001";"NE_0001";"NE_0001";"NE_0001";"NE_0001"
"2023";"12";"110501";"ICA";"PISCO";"PISCO";"SANIDAD DE LA POLICIA NACIONAL DEL PERU";"I-2";"00011400";"POSTA MEDICA POLICIAL PISCO";"NE_0001";"";"NE_0001";"NE_0001";"NE_0001";"NE_0001";"NE_0001";"NE_0001";"NE_0001"
"2023";"12";"150116";"LIMA";"LIMA";"LINCE";"PRIVADO";"II-E";"00015684";"CLINICA GONZALEZ S.A.";"240100";"HOSPITALIZACIÓN QUIRÚRGICA CIRUGÍA GENERAL ";"6";"6";"8";"6";"6";"180";"0"
"2023";"12";"150116";"LIMA";"LIMA";"LINCE";"PRIVADO";"II-E";"00015684";"CLINICA GONZALEZ S.A.";"240400";"HOSPITALIZACIÓN QUIRÚRGICA CIRUGÍA DE TÓRAX Y CARDIOVASCULAR ";"5";"5";"10";"5";"5";"150";"0"
"2023";"12";"150116";"LIMA";"LIMA";"LINCE";"PRIVADO";"II-E";"00015684";"CLINICA GONZALEZ S.A.";"241300";"HOSPITALIZACIÓN QUIRÚRGICA UROLOGÍA  ";"9";"9";"17";"9";"9";"270";"0"
"2023";"12";"150116";"LIMA";"LIMA";"LINCE";"PRIVADO";"II-E";"00015684";"CLINICA GONZALEZ S.A.";"241400";"HOSPITALIZACIÓN QUIRÚRGICA GINECO - OBSTETRICIA ";"11";"11";"21";"11";"11";"330";"0"
"2023";"12";"150116";"LIMA";"LIMA";"LINCE";"PRIVADO";"II-E";"00015684";"CLINICA GONZALEZ S.A.";"241800";"HOSPITALIZACIÓN DE MEDICINA MEDICINA GENERAL ";"1";"1";"3";"1";"1";"30";"0"
"2023";"12";"150116";"LIMA";"LIMA";"LINCE";"PRIVADO";"II-E";"00015684";"CLINICA GONZALEZ S.A.";"241900";"HOSPITALIZACIÓN DE MEDICINA MEDICINA INTERNA ";"2";"2";"2";"2";"2";"60";"0"
"2023";"12";"150116";"LIMA";"LIMA";"LINCE";"PRIVADO";"II-E";"00015684";"CLINICA GONZALEZ S.A.";"243200";"HOSPITALIZACIÓN DE PEDIATRÍA PEDIATRIA NEONATOLOGÍA";"8";"8";"14";"8";"8";"240";"0"
"2023";"12";"150116";"LIMA";"LIMA";"LINCE";"PRIVADO";"II-E";"00015684";"CLINICA GONZALEZ S.A.";"244000";"HOSPITALIZACIÓN DE MEDICINA CARDIOLOGIA ";"1";"1";"1";"1";"1";"30";"0"
"2023";"12";"150116";"LIMA";"LIMA";"LINCE";"PRIVADO";"II-E";"00015684";"CLINICA GONZALEZ S.A.";"244300";"HOSPITALIZACIÓN DE MEDICINA GASTROENTEROLOGÍA  ";"1";"1";"3";"1";"1";"30";"0"
"2023";"12";"150116";"LIMA";"LIMA";"LINCE";"PRIVADO";"II-E";"00015684";"CLINICA GONZALEZ S.A.";"245400";"HOSPITALIZACIÓN DE MEDICINA GINECOLOGIA ";"1";"1";"3";"1";"1";"30";"0"
"2023";"12";"150136";"LIMA";"LIMA";"SAN MIGUEL";"PRIVADO";"II-2";"00011401";"CLINICA SAN JUDAS TADEO";"240000";"HOSPITALIZACIÓN";"327";"306";"1056";"1156";"54";"1674";"1"
"2023";"12";"200104";"PIURA";"PIURA";"CASTILLA";"ESSALUD";"II-E";"00016363";"INSTITUTO PERUANO DE OFTALMOLOGIA";"240000";"HOSPITALIZACIÓN";"125";"125";"140";"162";"6";"186";"0"
"2023";"11";"250106";"UCAYALI";"CORONEL PORTILLO";"NUEVA REQUENA";"GOBIERNO REGIONAL";"I-1";"00005450";"NARANJAL";"NE_0001";"";"NE_0001";"NE_0001";"NE_0001";"NE_0001";"NE_0001";"NE_0001";"NE_0001"
"2023";"11";"250106";"UCAYALI";"CORONEL PORTILLO";"NUEVA REQUENA";"GOBIERNO REGIONAL";"I-1";"00005449";"SHAMBO PORVENIR";"NE_0001";"";"NE_0001";"NE_0001";"NE_0001";"NE_0001";"NE_0001";"NE_0001";"NE_0001"
"2023";"11";"250106";"UCAYALI";"CORONEL PORTILLO";"NUEVA REQUENA";"GOBIERNO REGIONAL";"I-1";"00005447";"ESPERANZA  DE AGUAYTIA";"NE_0001";"";"NE_0001";"NE_0001";"NE_0001";"NE_0001";"NE_0001";"NE_0001";"NE_0001"
"2023";"12";"220401";"SAN MARTIN";"HUALLAGA";"SAPOSOA";"GOBIERNO REGIONAL";"I-1";"00021587";"ALTO PACHIZA";"NE_0001";"";"NE_0001";"NE_0001";"NE_0001";"NE_0001";"NE_0001";"NE_0001";"NE_0001"
"2023";"12";"220402";"SAN MARTIN";"HUALLAGA";"ALTO SAPOSOA";"GOBIERNO REGIONAL";"I-1";"00006541";"YACUSISA";"NE_0001";"";"NE_0001";"NE_0001";"NE_0001";"NE_0001";"NE_0001";"NE_0001";"NE_0001"
"2023";"12";"220401";"SAN MARTIN";"HUALLAGA";"SAPOSOA";"GOBIERNO REGIONAL";"I-3";"00006538";"EL DORADO";"241600";"HOSPITALIZACIÓN QUIRÚRGICA OBSTETRICIA   ";"2";"2";"3";"4";"4";"30";"0"
"2023";"12";"220401";"SAN MARTIN";"HUALLAGA";"SAPOSOA";"GOBIERNO REGIONAL";"I-1";"00006535";"SAN REGIS";"NE_0001";"";"NE_0001";"NE_0001";"NE_0001";"NE_0001";"NE_0001";"NE_0001";"NE_0001"
"2023";"12";"150131";"LIMA";"LIMA";"SAN ISIDRO";"PRIVADO";"III-1";"00009409";"CLINICA RICARDO PALMA";"240000";"HOSPITALIZACIÓN";"693";"702";"3321";"2840";"149";"3043";"19"
"2023";"12";"150131";"LIMA";"LIMA";"SAN ISIDRO";"PRIVADO";"III-1";"00009409";"CLINICA RICARDO PALMA";"242300";"HOSPITALIZACIÓN DE PEDIATRÍA  PEDIATRÍA  GENERAL ";"86";"88";"571";"494";"18";"580";"0"
"2023";"12";"150131";"LIMA";"LIMA";"SAN ISIDRO";"PRIVADO";"III-1";"00009409";"CLINICA RICARDO PALMA";"241400";"HOSPITALIZACIÓN QUIRÚRGICA GINECO - OBSTETRICIA ";"82";"82";"237";"346";"8";"420";"0"
"2023";"12";"150131";"LIMA";"LIMA";"SAN ISIDRO";"PRIVADO";"III-1";"00009409";"CLINICA RICARDO PALMA";"250105";"UNIDAD DE CUIDADOS CRITICOS UNIDAD  DE CUIDADOS INTENSIVOS  (UCI) NEONATOLOGÍA";"1";"1";"5";"32";"4";"203";"0"
"2023";"12";"080107";"CUSCO";"CUSCO";"SAYLLA";"GOBIERNO REGIONAL";"I-2";"00002314";"SAYLLA";"NE_0002";"";"NE_0002";"NE_0002";"NE_0002";"NE_0002";"NE_0002";"NE_0002";"NE_0002"
"2023";"12";"080104";"CUSCO";"CUSCO";"SAN JERONIMO";"GOBIERNO REGIONAL";"I-4";"00002300";"SAN JERONIMO";"NE_0002";"";"NE_0002";"NE_0002";"NE_0002";"NE_0002";"NE_0002";"NE_0002";"NE_0002"
"2023";"12";"080206";"CUSCO";"ACOMAYO";"RONDOCAN";"GOBIERNO REGIONAL";"I-3";"00002323";"RONDOCAN";"NE_0002";"";"NE_0002";"NE_0002";"NE_0002";"NE_0002";"NE_0002";"NE_0002";"NE_0002"
"2023";"12";"080105";"CUSCO";"CUSCO";"SAN SEBASTIAN";"GOBIERNO REGIONAL";"I-3";"00002301";"SAN SEBASTIAN";"NE_0002";"";"NE_0002";"NE_0002";"NE_0002";"NE_0002";"NE_0002";"NE_0002";"NE_0002"
"2023";"12";"070102";"CALLAO";"CALLAO";"BELLAVISTA";"GOBIERNO REGIONAL";"II-E";"00017883";"HOSPITAL DE REHABILITACION DEL CALLAO";"NE_0001";"";"NE_0001";"NE_0001";"NE_0001";"NE_0001";"NE_0001";"NE_0001";"NE_0001"
"2023";"12";"120104";"JUNIN";"HUANCAYO";"CARHUACALLANGA";"GOBIERNO REGIONAL";"I-1";"00000693";"CARHUACALLANGA";"NE_0001";"";"NE_0001";"NE_0001";"NE_0001";"NE_0001";"NE_0001";"NE_0001";"NE_0001"
"2023";"12";"120108";"JUNIN";"HUANCAYO";"CHONGOS ALTO";"GOBIERNO REGIONAL";"I-3";"00000700";"CHONGOS ALTO";"NE_0001";"";"NE_0001";"NE_0001";"NE_0001";"NE_0001";"NE_0001";"NE_0001";"NE_0001"
"2023";"12";"120106";"JUNIN";"HUANCAYO";"CHICCHE";"GOBIERNO REGIONAL";"I-1";"00000697";"CHICCHE";"NE_0001";"";"NE_0001";"NE_0001";"NE_0001";"NE_0001";"NE_0001";"NE_0001";"NE_0001"
"2023";"12";"120106";"JUNIN";"HUANCAYO";"CHICCHE";"GOBIERNO REGIONAL";"I-1";"00000699";"YANA YANA";"NE_0001";"";"NE_0001";"NE_0001";"NE_0001";"NE_0001";"NE_0001";"NE_0001";"NE_0001"
"2023";"12";"120120";"JUNIN";"HUANCAYO";"HUASICANCHA";"GOBIERNO REGIONAL";"I-1";"00000703";"HUASICANCHA";"NE_0001";"";"NE_0001";"NE_0001";"NE_0001";"NE_0001";"NE_0001";"NE_0001";"NE_0001"
"2023";"12";"120105";"JUNIN";"HUANCAYO";"CHACAPAMPA";"GOBIERNO REGIONAL";"I-1";"00000695";"HUACAN";"NE_0001";"";"NE_0001";"NE_0001";"NE_0001";"NE_0001";"NE_0001";"NE_0001";"NE_0001"
"2023";"12";"120106";"JUNIN";"HUANCAYO";"CHICCHE";"GOBIERNO REGIONAL";"I-1";"00000698";"VISTA ALEGRE";"NE_0001";"";"NE_0001";"NE_0001";"NE_0001";"NE_0001";"NE_0001";"NE_0001";"NE_0001"
"2023";"12";"211101";"PUNO";"SAN ROMAN";"JULIACA";"ESSALUD";"II-2";"00009899";"HOSPITAL BASE III JULIACA - ESSALUD - RED ASISTENCIAL JULIACA";"241900";"HOSPITALIZACIÓN DE MEDICINA MEDICINA INTERNA ";"52";"60";"506";"248";"8";"248";"3"
"2023";"12";"211101";"PUNO";"SAN ROMAN";"JULIACA";"ESSALUD";"II-2";"00009899";"HOSPITAL BASE III JULIACA - ESSALUD - RED ASISTENCIAL JULIACA";"244000";"HOSPITALIZACIÓN DE MEDICINA CARDIOLOGIA ";"4";"6";"37";"37";"2";"62";"1"
"2023";"12";"211101";"PUNO";"SAN ROMAN";"JULIACA";"ESSALUD";"II-2";"00009899";"HOSPITAL BASE III JULIACA - ESSALUD - RED ASISTENCIAL JULIACA";"244300";"HOSPITALIZACIÓN DE MEDICINA GASTROENTEROLOGÍA  ";"15";"17";"71";"71";"4";"124";"2"
"2023";"12";"211101";"PUNO";"SAN ROMAN";"JULIACA";"ESSALUD";"II-2";"00009899";"HOSPITAL BASE III JULIACA - ESSALUD - RED ASISTENCIAL JULIACA";"244700";"HOSPITALIZACIÓN DE MEDICINA NEUROLOGIA  ";"5";"6";"18";"18";"2";"62";"0"
"2023";"12";"211101";"PUNO";"SAN ROMAN";"JULIACA";"ESSALUD";"II-2";"00009899";"HOSPITAL BASE III JULIACA - ESSALUD - RED ASISTENCIAL JULIACA";"245300";"HOSPITALIZACIÓN DE MEDICINA NEUMOLOGÍA  ";"5";"5";"52";"52";"8";"248";"1"
"2023";"12";"211101";"PUNO";"SAN ROMAN";"JULIACA";"ESSALUD";"II-2";"00009899";"HOSPITAL BASE III JULIACA - ESSALUD - RED ASISTENCIAL JULIACA";"240100";"HOSPITALIZACIÓN QUIRÚRGICA CIRUGÍA GENERAL ";"72";"73";"238";"238";"10";"310";"1"
"2023";"12";"211101";"PUNO";"SAN ROMAN";"JULIACA";"ESSALUD";"II-2";"00009899";"HOSPITAL BASE III JULIACA - ESSALUD - RED ASISTENCIAL JULIACA";"240400";"HOSPITALIZACIÓN QUIRÚRGICA CIRUGÍA DE TÓRAX Y CARDIOVASCULAR ";"2";"4";"14";"14";"4";"124";"0"
"2023";"12";"211101";"PUNO";"SAN ROMAN";"JULIACA";"ESSALUD";"II-2";"00009899";"HOSPITAL BASE III JULIACA - ESSALUD - RED ASISTENCIAL JULIACA";"240900";"HOSPITALIZACIÓN QUIRÚRGICA NEUROCIRUGÍA ";"9";"11";"74";"62";"2";"62";"0"
"2023";"12";"211101";"PUNO";"SAN ROMAN";"JULIACA";"ESSALUD";"II-2";"00009899";"HOSPITAL BASE III JULIACA - ESSALUD - RED ASISTENCIAL JULIACA";"241200";"HOSPITALIZACIÓN QUIRÚRGICA TRAUMATOLOGÍA Y ORTOPEDIA ";"28";"33";"260";"124";"4";"124";"1"
"2023";"12";"211101";"PUNO";"SAN ROMAN";"JULIACA";"ESSALUD";"II-2";"00009899";"HOSPITAL BASE III JULIACA - ESSALUD - RED ASISTENCIAL JULIACA";"241100";"HOSPITALIZACIÓN QUIRÚRGICA OTORRINOLARINGOLOGÍA  ";"3";"2";"4";"4";"1";"31";"0"
"2023";"12";"211101";"PUNO";"SAN ROMAN";"JULIACA";"ESSALUD";"II-2";"00009899";"HOSPITAL BASE III JULIACA - ESSALUD - RED ASISTENCIAL JULIACA";"241300";"HOSPITALIZACIÓN QUIRÚRGICA UROLOGÍA  ";"10";"10";"69";"69";"3";"93";"1"
"2023";"12";"211101";"PUNO";"SAN ROMAN";"JULIACA";"ESSALUD";"II-2";"00009899";"HOSPITAL BASE III JULIACA - ESSALUD - RED ASISTENCIAL JULIACA";"241400";"HOSPITALIZACIÓN QUIRÚRGICA GINECO - OBSTETRICIA ";"138";"130";"348";"348";"18";"558";"0"
"2023";"12";"211101";"PUNO";"SAN ROMAN";"JULIACA";"ESSALUD";"II-2";"00009899";"HOSPITAL BASE III JULIACA - ESSALUD - RED ASISTENCIAL JULIACA";"242300";"HOSPITALIZACIÓN DE PEDIATRÍA  PEDIATRÍA  GENERAL ";"62";"68";"326";"326";"16";"496";"0"
"2023";"12";"211101";"PUNO";"SAN ROMAN";"JULIACA";"ESSALUD";"II-2";"00009899";"HOSPITAL BASE III JULIACA - ESSALUD - RED ASISTENCIAL JULIACA";"243200";"HOSPITALIZACIÓN DE PEDIATRÍA PEDIATRIA NEONATOLOGÍA";"71";"73";"221";"221";"9";"279";"0"
"2023";"12";"211101";"PUNO";"SAN ROMAN";"JULIACA";"ESSALUD";"II-2";"00009899";"HOSPITAL BASE III JULIACA - ESSALUD - RED ASISTENCIAL JULIACA";"250100";"UNIDAD DE CUIDADOS CRITICOS UNIDAD  DE CUIDADOS INTENSIVOS GENERALES (UCI) ";"6";"5";"43";"43";"3";"93";"3"
"2023";"12";"150141";"LIMA";"LIMA";"SURQUILLO";"PRIVADO";"II-E";"00012947";"CLINICA SANTA MARIA";"240000";"HOSPITALIZACIÓN";"129";"138";"204";"221";"20";"620";"0"
"2023";"12";"130101";"LA LIBERTAD";"TRUJILLO";"TRUJILLO";"GOBIERNO REGIONAL";"III-1";"00005195";"HOSPITAL BELEN DE TRUJILLO";"244000";"HOSPITALIZACIÓN DE MEDICINA CARDIOLOGIA ";"2";"9";"188";"138";"5";"155";"1"
"2023";"12";"130101";"LA LIBERTAD";"TRUJILLO";"TRUJILLO";"GOBIERNO REGIONAL";"III-1";"00005195";"HOSPITAL BELEN DE TRUJILLO";"244300";"HOSPITALIZACIÓN DE MEDICINA GASTROENTEROLOGÍA  ";"19";"32";"201";"164";"6";"186";"0"
"2023";"12";"130101";"LA LIBERTAD";"TRUJILLO";"TRUJILLO";"GOBIERNO REGIONAL";"III-1";"00005195";"HOSPITAL BELEN DE TRUJILLO";"241900";"HOSPITALIZACIÓN DE MEDICINA MEDICINA INTERNA ";"95";"78";"1011";"978";"32";"992";"13"
"2023";"12";"130101";"LA LIBERTAD";"TRUJILLO";"TRUJILLO";"GOBIERNO REGIONAL";"III-1";"00005195";"HOSPITAL BELEN DE TRUJILLO";"245300";"HOSPITALIZACIÓN DE MEDICINA NEUMOLOGÍA  ";"7";"13";"226";"180";"12";"372";"0"
"2023";"12";"130101";"LA LIBERTAD";"TRUJILLO";"TRUJILLO";"GOBIERNO REGIONAL";"III-1";"00005195";"HOSPITAL BELEN DE TRUJILLO";"244700";"HOSPITALIZACIÓN DE MEDICINA NEUROLOGIA  ";"8";"23";"442";"401";"13";"403";"1"
"2023";"12";"130101";"LA LIBERTAD";"TRUJILLO";"TRUJILLO";"GOBIERNO REGIONAL";"III-1";"00005195";"HOSPITAL BELEN DE TRUJILLO";"242100";"HOSPITALIZACIÓN DE MEDICINA ONCOLOGÍA MÉDICA ";"1";"4";"78";"51";"4";"124";"2"
"2023";"12";"130101";"LA LIBERTAD";"TRUJILLO";"TRUJILLO";"GOBIERNO REGIONAL";"III-1";"00005195";"HOSPITAL BELEN DE TRUJILLO";"240801";"HOSPITALIZACIÓN QUIRÚRGICA CIRUGÍA PLÁSTICA/RECONSTRUCTIVA/ REPARADORA QUEMADOS";"1";"6";"90";"77";"3";"93";"0"
"2023";"12";"130101";"LA LIBERTAD";"TRUJILLO";"TRUJILLO";"GOBIERNO REGIONAL";"III-1";"00005195";"HOSPITAL BELEN DE TRUJILLO";"240800";"HOSPITALIZACIÓN QUIRÚRGICA CIRUGÍA PLÁSTICA/RECONSTRUCTIVA/ REPARADORA ";"1";"10";"258";"122";"4";"124";"0"
"2023";"12";"130101";"LA LIBERTAD";"TRUJILLO";"TRUJILLO";"GOBIERNO REGIONAL";"III-1";"00005195";"HOSPITAL BELEN DE TRUJILLO";"240400";"HOSPITALIZACIÓN QUIRÚRGICA CIRUGÍA DE TÓRAX Y CARDIOVASCULAR ";"5";"19";"269";"220";"8";"248";"0"
"2023";"12";"130101";"LA LIBERTAD";"TRUJILLO";"TRUJILLO";"GOBIERNO REGIONAL";"III-1";"00005195";"HOSPITAL BELEN DE TRUJILLO";"240100";"HOSPITALIZACIÓN QUIRÚRGICA CIRUGÍA GENERAL ";"158";"154";"957";"871";"32";"992";"2"
"2023";"12";"130101";"LA LIBERTAD";"TRUJILLO";"TRUJILLO";"GOBIERNO REGIONAL";"III-1";"00005195";"HOSPITAL BELEN DE TRUJILLO";"241000";"HOSPITALIZACIÓN QUIRÚRGICA ONCOLOGÍA QUIRÚRGICA  ";"1";"3";"34";"20";"1";"31";"0"
"2023";"12";"130101";"LA LIBERTAD";"TRUJILLO";"TRUJILLO";"GOBIERNO REGIONAL";"III-1";"00005195";"HOSPITAL BELEN DE TRUJILLO";"240700";"HOSPITALIZACIÓN QUIRÚRGICA CIRUGÍA PEDIÁTRICA ";"4";"20";"73";"50";"11";"341";"0"
"2023";"12";"130101";"LA LIBERTAD";"TRUJILLO";"TRUJILLO";"GOBIERNO REGIONAL";"III-1";"00005195";"HOSPITAL BELEN DE TRUJILLO";"240900";"HOSPITALIZACIÓN QUIRÚRGICA NEUROCIRUGÍA ";"12";"21";"491";"289";"11";"341";"0"
"2023";"12";"130101";"LA LIBERTAD";"TRUJILLO";"TRUJILLO";"GOBIERNO REGIONAL";"III-1";"00005195";"HOSPITAL BELEN DE TRUJILLO";"241200";"HOSPITALIZACIÓN QUIRÚRGICA TRAUMATOLOGÍA Y ORTOPEDIA ";"47";"54";"454";"260";"11";"341";"2"
"2023";"12";"130101";"LA LIBERTAD";"TRUJILLO";"TRUJILLO";"GOBIERNO REGIONAL";"III-1";"00005195";"HOSPITAL BELEN DE TRUJILLO";"241300";"HOSPITALIZACIÓN QUIRÚRGICA UROLOGÍA  ";"13";"17";"150";"114";"5";"155";"0"
"2023";"12";"130101";"LA LIBERTAD";"TRUJILLO";"TRUJILLO";"GOBIERNO REGIONAL";"III-1";"00005195";"HOSPITAL BELEN DE TRUJILLO";"250201";"UNIDAD DE CUIDADOS CRITICOS UNIDAD DE CUIDADOS INTERMEDIOS  (UCIN) NEONATAL";"51";"74";"988";"686";"30";"930";"0"
"2023";"12";"130101";"LA LIBERTAD";"TRUJILLO";"TRUJILLO";"GOBIERNO REGIONAL";"III-1";"00005195";"HOSPITAL BELEN DE TRUJILLO";"250105";"UNIDAD DE CUIDADOS CRITICOS UNIDAD  DE CUIDADOS INTENSIVOS  (UCI) NEONATOLOGÍA";"6";"2";"25";"344";"12";"372";"2"
"2023";"12";"130101";"LA LIBERTAD";"TRUJILLO";"TRUJILLO";"GOBIERNO REGIONAL";"III-1";"00005195";"HOSPITAL BELEN DE TRUJILLO";"242300";"HOSPITALIZACIÓN DE PEDIATRÍA  PEDIATRÍA  GENERAL ";"50";"43";"409";"375";"20";"620";"1"
"2023";"12";"130101";"LA LIBERTAD";"TRUJILLO";"TRUJILLO";"GOBIERNO REGIONAL";"III-1";"00005195";"HOSPITAL BELEN DE TRUJILLO";"250108";"UNIDAD DE CUIDADOS CRITICOS UNIDAD  DE CUIDADOS INTENSIVOS  (UCI) PEDIÁTRICA";"9";"2";"34";"132";"5";"155";"2"
"2023";"12";"130101";"LA LIBERTAD";"TRUJILLO";"TRUJILLO";"GOBIERNO REGIONAL";"III-1";"00005195";"HOSPITAL BELEN DE TRUJILLO";"241500";"HOSPITALIZACIÓN QUIRÚRGICA GINECOLOGÍA  ";"37";"34";"112";"93";"10";"310";"0"
"2023";"12";"130101";"LA LIBERTAD";"TRUJILLO";"TRUJILLO";"GOBIERNO REGIONAL";"III-1";"00005195";"HOSPITAL BELEN DE TRUJILLO";"241600";"HOSPITALIZACIÓN QUIRÚRGICA OBSTETRICIA   ";"182";"189";"577";"599";"38";"1178";"0"
"2023";"12";"130101";"LA LIBERTAD";"TRUJILLO";"TRUJILLO";"GOBIERNO REGIONAL";"III-1";"00005195";"HOSPITAL BELEN DE TRUJILLO";"250100";"UNIDAD DE CUIDADOS CRITICOS UNIDAD  DE CUIDADOS INTENSIVOS GENERALES (UCI) ";"1";"3";"53";"56";"10";"310";"3"
"2023";"12";"210301";"PUNO";"CARABAYA";"MACUSANI";"GOBIERNO REGIONAL";"II-2";"00031179";"HOSPITAL SAN MARTIN DE PORRES";"240100";"HOSPITALIZACIÓN QUIRÚRGICA CIRUGÍA GENERAL ";"73";"74";"212";"286";"10";"310";"0"
"2023";"12";"210301";"PUNO";"CARABAYA";"MACUSANI";"GOBIERNO REGIONAL";"II-2";"00031179";"HOSPITAL SAN MARTIN DE PORRES";"241500";"HOSPITALIZACIÓN QUIRÚRGICA GINECOLOGÍA  ";"25";"25";"47";"72";"4";"124";"0"
"2023";"12";"210301";"PUNO";"CARABAYA";"MACUSANI";"GOBIERNO REGIONAL";"II-2";"00031179";"HOSPITAL SAN MARTIN DE PORRES";"241600";"HOSPITALIZACIÓN QUIRÚRGICA OBSTETRICIA   ";"70";"74";"217";"291";"11";"341";"0"
"2023";"12";"210301";"PUNO";"CARABAYA";"MACUSANI";"GOBIERNO REGIONAL";"II-2";"00031179";"HOSPITAL SAN MARTIN DE PORRES";"241900";"HOSPITALIZACIÓN DE MEDICINA MEDICINA INTERNA ";"38";"49";"189";"238";"9";"279";"0"
"2023";"12";"210301";"PUNO";"CARABAYA";"MACUSANI";"GOBIERNO REGIONAL";"II-2";"00031179";"HOSPITAL SAN MARTIN DE PORRES";"242500";"HOSPITALIZACIÓN-PEDIATRÍA GENERAL-";"10";"13";"59";"72";"6";"186";"0"
"2023";"12";"210301";"PUNO";"CARABAYA";"MACUSANI";"GOBIERNO REGIONAL";"II-2";"00031179";"HOSPITAL SAN MARTIN DE PORRES";"243200";"HOSPITALIZACIÓN DE PEDIATRÍA PEDIATRIA NEONATOLOGÍA";"11";"13";"67";"80";"3";"93";"0"
"2023";"12";"080108";"CUSCO";"CUSCO";"WANCHAQ";"PRIVADO";"II-E";"00011339";"SAN JOSE";"241600";"HOSPITALIZACIÓN QUIRÚRGICA OBSTETRICIA   ";"24";"24";"48";"4";"6";"120";"0"
"2023";"12";"080108";"CUSCO";"CUSCO";"WANCHAQ";"PRIVADO";"II-E";"00011339";"SAN JOSE";"241800";"HOSPITALIZACIÓN DE MEDICINA MEDICINA GENERAL ";"150";"140";"560";"14";"24";"720";"0"
"2023";"12";"080108";"CUSCO";"CUSCO";"WANCHAQ";"PRIVADO";"II-E";"00011339";"SAN JOSE";"242100";"HOSPITALIZACIÓN DE MEDICINA ONCOLOGÍA MÉDICA ";"5";"5";"15";"2";"24";"720";"0"
"2023";"12";"080108";"CUSCO";"CUSCO";"WANCHAQ";"PRIVADO";"II-E";"00011339";"SAN JOSE";"242300";"HOSPITALIZACIÓN DE PEDIATRÍA  PEDIATRÍA  GENERAL ";"2";"2";"8";"1";"24";"720";"0"
"2023";"12";"080108";"CUSCO";"CUSCO";"WANCHAQ";"PRIVADO";"II-E";"00011339";"SAN JOSE";"241200";"HOSPITALIZACIÓN QUIRÚRGICA TRAUMATOLOGÍA Y ORTOPEDIA ";"10";"9";"18";"12";"24";"720";"0"
"2023";"12";"150101";"LIMA";"LIMA";"LIMA";"ESSALUD";"I-3";"00008880";"CENTRO MEDICO ANCIJE";"NE_0001";"";"NE_0001";"NE_0001";"NE_0001";"NE_0001";"NE_0001";"NE_0001";"NE_0001"
"2023";"03";"021509";"ANCASH";"PALLASCA";"PAMPAS";"ESSALUD";"I-2";"00009202";"POSTA MEDICA PAMPAS";"NE_0001";"";"NE_0001";"NE_0001";"NE_0001";"NE_0001";"NE_0001";"NE_0001";"NE_0001"
"2023";"04";"021509";"ANCASH";"PALLASCA";"PAMPAS";"ESSALUD";"I-2";"00009202";"POSTA MEDICA PAMPAS";"NE_0001";"";"NE_0001";"NE_0001";"NE_0001";"NE_0001";"NE_0001";"NE_0001";"NE_0001"
"2023";"11";"050111";"AYACUCHO";"HUAMANGA";"SANTIAGO DE PISCHA";"GOBIERNO REGIONAL";"I-1";"00003613";"PUESTO DE SALUD ATACOCHA";"NE_0002";"";"NE_0002";"NE_0002";"NE_0002";"NE_0002";"NE_0002";"NE_0002";"NE_0002"
"2023";"11";"050111";"AYACUCHO";"HUAMANGA";"SANTIAGO DE PISCHA";"GOBIERNO REGIONAL";"I-1";"00003612";"PUESTO DE SALUD LARAMATE";"NE_0002";"";"NE_0002";"NE_0002";"NE_0002";"NE_0002";"NE_0002";"NE_0002";"NE_0002"
"2023";"11";"050111";"AYACUCHO";"HUAMANGA";"SANTIAGO DE PISCHA";"GOBIERNO REGIONAL";"I-1";"00003611";"PUESTO DE SALUD SANTIAGO DE PISCHA";"NE_0002";"";"NE_0002";"NE_0002";"NE_0002";"NE_0002";"NE_0002";"NE_0002";"NE_0002"
"2023";"11";"050113";"AYACUCHO";"HUAMANGA";"TAMBILLO";"GOBIERNO REGIONAL";"I-2";"00003610";"PUESTO DE SALUD MUYURINA";"NE_0002";"";"NE_0002";"NE_0002";"NE_0002";"NE_0002";"NE_0002";"NE_0002";"NE_0002"
"2023";"11";"050107";"AYACUCHO";"HUAMANGA";"PACAYCASA";"GOBIERNO REGIONAL";"I-2";"00003609";"PUESTO DE SALUD PACAYCASA";"NE_0002";"";"NE_0002";"NE_0002";"NE_0002";"NE_0002";"NE_0002";"NE_0002";"NE_0002"
"2023";"11";"050107";"AYACUCHO";"HUAMANGA";"PACAYCASA";"GOBIERNO REGIONAL";"I-1";"00003608";"PUESTO DE SALUD LA COMPAÑIA";"NE_0002";"";"NE_0002";"NE_0002";"NE_0002";"NE_0002";"NE_0002";"NE_0002";"NE_0002"
"2023";"11";"050101";"AYACUCHO";"HUAMANGA";"AYACUCHO";"GOBIERNO REGIONAL";"I-3";"00003606";"CENTRO DE SALUD SIMPAPATA";"NE_0002";"";"NE_0002";"NE_0002";"NE_0002";"NE_0002";"NE_0002";"NE_0002";"NE_0002"
"2023";"11";"200104";"PIURA";"PIURA";"CASTILLA";"ESSALUD";"III-1";"00015230";"HOSPITAL III JOSE CAYETANO HEREDIA";"241900";"HOSPITALIZACIÓN DE MEDICINA MEDICINA INTERNA ";"206";"207";"1661";"1456";"51";"1530";"20"
"2023";"11";"200104";"PIURA";"PIURA";"CASTILLA";"ESSALUD";"III-1";"00015230";"HOSPITAL III JOSE CAYETANO HEREDIA";"240100";"HOSPITALIZACIÓN QUIRÚRGICA CIRUGÍA GENERAL ";"314";"281";"2429";"1908";"67";"2010";"1"
"2023";"11";"200104";"PIURA";"PIURA";"CASTILLA";"ESSALUD";"III-1";"00015230";"HOSPITAL III JOSE CAYETANO HEREDIA";"241500";"HOSPITALIZACIÓN QUIRÚRGICA GINECOLOGÍA  ";"68";"69";"302";"254";"9";"270";"0"
"2023";"11";"200104";"PIURA";"PIURA";"CASTILLA";"ESSALUD";"III-1";"00015230";"HOSPITAL III JOSE CAYETANO HEREDIA";"241600";"HOSPITALIZACIÓN QUIRÚRGICA OBSTETRICIA   ";"175";"168";"878";"845";"29";"870";"0"
"2023";"11";"200104";"PIURA";"PIURA";"CASTILLA";"ESSALUD";"III-1";"00015230";"HOSPITAL III JOSE CAYETANO HEREDIA";"242300";"HOSPITALIZACIÓN DE PEDIATRÍA  PEDIATRÍA  GENERAL ";"79";"93";"498";"489";"17";"510";"0"
"2023";"11";"200104";"PIURA";"PIURA";"CASTILLA";"ESSALUD";"III-1";"00015230";"HOSPITAL III JOSE CAYETANO HEREDIA";"250100";"UNIDAD DE CUIDADOS CRITICOS UNIDAD  DE CUIDADOS INTENSIVOS GENERALES (UCI) ";"32";"51";"935";"716";"25";"750";"13"
"2023";"11";"200104";"PIURA";"PIURA";"CASTILLA";"ESSALUD";"III-1";"00015230";"HOSPITAL III JOSE CAYETANO HEREDIA";"250200";"UNIDAD DE CUIDADOS CRITICOS UNIDAD DE CUIDADOS INTERMEDIOS GENERAL  (UCIN) ";"25";"52";"1015";"506";"18";"540";"0"
"2023";"11";"010101";"AMAZONAS";"CHACHAPOYAS";"CHACHAPOYAS";"ESSALUD";"II-1";"00009066";"HOSPITAL HIGOS URCO";"241800";"HOSPITALIZACIÓN DE MEDICINA MEDICINA GENERAL ";"18";"18";"86";"94";"4";"120";"0"
"2023";"11";"010101";"AMAZONAS";"CHACHAPOYAS";"CHACHAPOYAS";"ESSALUD";"II-1";"00009066";"HOSPITAL HIGOS URCO";"240100";"HOSPITALIZACIÓN QUIRÚRGICA CIRUGÍA GENERAL ";"42";"39";"114";"133";"7";"210";"0"
"2023";"11";"010101";"AMAZONAS";"CHACHAPOYAS";"CHACHAPOYAS";"ESSALUD";"II-1";"00009066";"HOSPITAL HIGOS URCO";"245400";"HOSPITALIZACIÓN DE MEDICINA GINECOLOGIA ";"39";"36";"78";"83";"5";"150";"0"
"2023";"11";"010101";"AMAZONAS";"CHACHAPOYAS";"CHACHAPOYAS";"ESSALUD";"II-1";"00009066";"HOSPITAL HIGOS URCO";"242300";"HOSPITALIZACIÓN DE PEDIATRÍA  PEDIATRÍA  GENERAL ";"13";"12";"36";"33";"2";"60";"0"
"2023";"11";"150132";"LIMA";"LIMA";"SAN JUAN DE LURIGANCHO";"PRIVADO";"II-2";"00008271";"CLINICA SAN JUAN BAUTISTA";"250100";"UNIDAD DE CUIDADOS CRITICOS UNIDAD  DE CUIDADOS INTENSIVOS GENERALES (UCI) ";"50";"49";"104";"153";"7";"210";"5"
"2023";"11";"150132";"LIMA";"LIMA";"SAN JUAN DE LURIGANCHO";"PRIVADO";"II-2";"00008271";"CLINICA SAN JUAN BAUTISTA";"240000";"HOSPITALIZACIÓN";"128";"129";"312";"414";"40";"1200";"0"
"2023";"11";"150131";"LIMA";"LIMA";"SAN ISIDRO";"PRIVADO";"II-E";"00018667";"CLINICA ARROYO";"NE_0001";"";"NE_0001";"NE_0001";"NE_0001";"NE_0001";"NE_0001";"NE_0001";"NE_0001"
"2023";"11";"150101";"LIMA";"LIMA";"LIMA";"PRIVADO";"II-E";"00026473";"OBRA DE SAN CAMILO";"240000";"HOSPITALIZACIÓN";"53";"53";"169";"56";"1";"25";"0"
"2023";"11";"150130";"LIMA";"LIMA";"SAN BORJA";"PRIVADO";"II-E";"00015179";"CLINICA KIRSCHBAUM";"240800";"HOSPITALIZACIÓN QUIRÚRGICA CIRUGÍA PLÁSTICA/RECONSTRUCTIVA/ REPARADORA ";"53";"53";"86";"53";"10";"300";"0"
"2023";"11";"120114";"JUNIN";"HUANCAYO";"EL TAMBO";"PRIVADO";"II-1";"00008024";"CLINICA CAYETANO HEREDIA";"240000";"HOSPITALIZACIÓN";"160";"160";"550";"538";"45";"1345";"0"
"2023";"11";"120114";"JUNIN";"HUANCAYO";"EL TAMBO";"PRIVADO";"II-1";"00008024";"CLINICA CAYETANO HEREDIA";"241400";"HOSPITALIZACIÓN QUIRÚRGICA GINECO - OBSTETRICIA ";"40";"42";"126";"146";"8";"240";"0"
"2023";"12";"150135";"LIMA";"LIMA";"SAN MARTIN DE PORRES";"SANIDAD DE LA POLICIA NACIONAL DEL PERU";"I-3";"00011876";"POLICLINICO PNP SAN MARTIN DE PORRES";"NE_0001";"";"NE_0001";"NE_0001";"NE_0001";"NE_0001";"NE_0001";"NE_0001";"NE_0001"
"2023";"12";"130907";"LA LIBERTAD";"SANCHEZ CARRION";"SARIN";"GOBIERNO REGIONAL";"I-2";"00011627";"CERPAQUINO";"NE_0001";"";"NE_0001";"NE_0001";"NE_0001";"NE_0001";"NE_0001";"NE_0001";"NE_0001"
"2023";"12";"130907";"LA LIBERTAD";"SANCHEZ CARRION";"SARIN";"GOBIERNO REGIONAL";"I-2";"00005361";"SARIN";"NE_0001";"";"NE_0001";"NE_0001";"NE_0001";"NE_0001";"NE_0001";"NE_0001";"NE_0001"
"2023";"12";"130907";"LA LIBERTAD";"SANCHEZ CARRION";"SARIN";"GOBIERNO REGIONAL";"I-2";"00011624";"MUNMALCA";"NE_0001";"";"NE_0001";"NE_0001";"NE_0001";"NE_0001";"NE_0001";"NE_0001";"NE_0001"
"2023";"12";"130907";"LA LIBERTAD";"SANCHEZ CARRION";"SARIN";"GOBIERNO REGIONAL";"I-2";"00011628";"SHIRACORRAL";"NE_0001";"";"NE_0001";"NE_0001";"NE_0001";"NE_0001";"NE_0001";"NE_0001";"NE_0001"
"2023";"12";"130907";"LA LIBERTAD";"SANCHEZ CARRION";"SARIN";"GOBIERNO REGIONAL";"I-2";"00005362";"OROGOLDAY";"NE_0001";"";"NE_0001";"NE_0001";"NE_0001";"NE_0001";"NE_0001";"NE_0001";"NE_0001"
"2023";"12";"060807";"CAJAMARCA";"JAEN";"POMAHUACA";"GOBIERNO REGIONAL";"I-2";"00004248";"PALO BLANCO";"NE_0002";"";"NE_0002";"NE_0002";"NE_0002";"NE_0002";"NE_0002";"NE_0002";"NE_0002"
"2023";"12";"060804";"CAJAMARCA";"JAEN";"COLASAY";"GOBIERNO REGIONAL";"I-1";"00031333";"CHUNCHUCA";"NE_0002";"";"NE_0002";"NE_0002";"NE_0002";"NE_0002";"NE_0002";"NE_0002";"NE_0002"
"2023";"12";"060804";"CAJAMARCA";"JAEN";"COLASAY";"GOBIERNO REGIONAL";"I-1";"00007171";"LOS CEDROS DE COLASAY";"NE_0002";"";"NE_0002";"NE_0002";"NE_0002";"NE_0002";"NE_0002";"NE_0002";"NE_0002"
"2023";"12";"060804";"CAJAMARCA";"JAEN";"COLASAY";"GOBIERNO REGIONAL";"I-3";"00004237";"CHUNCHUQUILLO";"NE_0001";"";"NE_0001";"NE_0001";"NE_0001";"NE_0001";"NE_0001";"NE_0001";"NE_0001"
"2023";"12";"060804";"CAJAMARCA";"JAEN";"COLASAY";"GOBIERNO REGIONAL";"I-2";"00004238";"SAN LORENZO DE BARBASCO";"NE_0001";"";"NE_0001";"NE_0001";"NE_0001";"NE_0001";"NE_0001";"NE_0001";"NE_0001"
"2023";"12";"060807";"CAJAMARCA";"JAEN";"POMAHUACA";"GOBIERNO REGIONAL";"I-1";"00007122";"TAMBILLO";"NE_0002";"";"NE_0002";"NE_0002";"NE_0002";"NE_0002";"NE_0002";"NE_0002";"NE_0002"
"2023";"12";"130101";"LA LIBERTAD";"TRUJILLO";"TRUJILLO";"PRIVADO";"II-E";"00025536";"OFTALMONORTE";"NE_0001";"";"NE_0001";"NE_0001";"NE_0001";"NE_0001";"NE_0001";"NE_0001";"NE_0001"
"2023";"12";"040101";"AREQUIPA";"AREQUIPA";"AREQUIPA";"PRIVADO";"I-4";"00014765";"CENTRO MEDICO MONTE CARMELO";"240000";"HOSPITALIZACIÓN";"3";"3";"9";"9";"10";"310";"0"
"2023";"12";"150115";"LIMA";"LIMA";"LA VICTORIA";"PRIVADO";"II-E";"00009431";"CLÍNICA SANTA CATALINA";"NE_0002";"";"NE_0002";"NE_0002";"NE_0002";"NE_0002";"NE_0002";"NE_0002";"NE_0002"
"2023";"12";"220101";"SAN MARTIN";"MOYOBAMBA";"MOYOBAMBA";"GOBIERNO REGIONAL";"I-3";"00031275";"CENTRO DE SALUD MENTAL COMUNITARIO MOYOBAMBA";"NE_0001";"";"NE_0001";"NE_0001";"NE_0001";"NE_0001";"NE_0001";"NE_0001";"NE_0001"
"2023";"12";"090301";"HUANCAVELICA";"ANGARAES";"LIRCAY";"GOBIERNO REGIONAL";"I-1";"00003944";"BUENA VISTA";"NE_0001";"";"NE_0001";"NE_0001";"NE_0001";"NE_0001";"NE_0001";"NE_0001";"NE_0001"
"2023";"12";"090301";"HUANCAVELICA";"ANGARAES";"LIRCAY";"GOBIERNO REGIONAL";"I-2";"00003945";"CARHUAPATA";"NE_0001";"";"NE_0001";"NE_0001";"NE_0001";"NE_0001";"NE_0001";"NE_0001";"NE_0001"
"2023";"12";"090301";"HUANCAVELICA";"ANGARAES";"LIRCAY";"GOBIERNO REGIONAL";"I-1";"00003947";"CONSTANCIA";"NE_0001";"";"NE_0001";"NE_0001";"NE_0001";"NE_0001";"NE_0001";"NE_0001";"NE_0001"
"2023";"12";"090312";"HUANCAVELICA";"ANGARAES";"SECCLLA";"GOBIERNO REGIONAL";"I-1";"00003970";"QUISPICANCHA";"NE_0001";"";"NE_0001";"NE_0001";"NE_0001";"NE_0001";"NE_0001";"NE_0001";"NE_0001"
"2023";"12";"090303";"HUANCAVELICA";"ANGARAES";"CALLANMARCA";"GOBIERNO REGIONAL";"I-1";"00003952";"CALLANMARCA";"NE_0001";"";"NE_0001";"NE_0001";"NE_0001";"NE_0001";"NE_0001";"NE_0001";"NE_0001"
"2023";"12";"090302";"HUANCAVELICA";"ANGARAES";"ANCHONGA";"GOBIERNO REGIONAL";"I-3";"00003959";"PARCO ALTO";"NE_0002";"";"NE_0002";"NE_0002";"NE_0002";"NE_0002";"NE_0002";"NE_0002";"NE_0002"
"2023";"12";"090312";"HUANCAVELICA";"ANGARAES";"SECCLLA";"GOBIERNO REGIONAL";"I-3";"00003969";"SECCLLA";"NE_0002";"";"NE_0002";"NE_0002";"NE_0002";"NE_0002";"NE_0002";"NE_0002";"NE_0002"
"2023";"12";"090302";"HUANCAVELICA";"ANGARAES";"ANCHONGA";"GOBIERNO REGIONAL";"I-3";"00006901";"BUENOS AIRES DE PARCO CHACAPUNCU";"NE_0001";"";"NE_0001";"NE_0001";"NE_0001";"NE_0001";"NE_0001";"NE_0001";"NE_0001"
"2023";"12";"090301";"HUANCAVELICA";"ANGARAES";"LIRCAY";"GOBIERNO REGIONAL";"I-1";"00007290";"PERCAPAMPA";"NE_0001";"";"NE_0001";"NE_0001";"NE_0001";"NE_0001";"NE_0001";"NE_0001";"NE_0001"
"2023";"12";"150131";"LIMA";"LIMA";"SAN ISIDRO";"PRIVADO";"II-E";"00010402";"LASER VISION CENTER & ASOCIADOS S.A.C.";"NE_0001";"";"NE_0001";"NE_0001";"NE_0001";"NE_0001";"NE_0001";"NE_0001";"NE_0001"
"2023";"12";"090301";"HUANCAVELICA";"ANGARAES";"LIRCAY";"GOBIERNO REGIONAL";"I-3";"00028484";"CENTRO DE SALUD MENTAL COMUNITARIO ANGARAES";"NE_0002";"";"NE_0002";"NE_0002";"NE_0002";"NE_0002";"NE_0002";"NE_0002";"NE_0002"
"2023";"12";"090301";"HUANCAVELICA";"ANGARAES";"LIRCAY";"GOBIERNO REGIONAL";"I-1";"00003946";"PIRCAPAHUANA";"NE_0001";"";"NE_0001";"NE_0001";"NE_0001";"NE_0001";"NE_0001";"NE_0001";"NE_0001"
"2023";"12";"090304";"HUANCAVELICA";"ANGARAES";"CCOCHACCASA";"GOBIERNO REGIONAL";"I-3";"00003955";"CCOCHACCASA";"NE_0002";"";"NE_0002";"NE_0002";"NE_0002";"NE_0002";"NE_0002";"NE_0002";"NE_0002"
"2023";"12";"090302";"HUANCAVELICA";"ANGARAES";"ANCHONGA";"GOBIERNO REGIONAL";"I-1";"00003958";"ANCHONGA";"NE_0001";"";"NE_0001";"NE_0001";"NE_0001";"NE_0001";"NE_0001";"NE_0001";"NE_0001"
"2023";"12";"150130";"LIMA";"LIMA";"SAN BORJA";"PRIVADO";"II-E";"00033189";"CLINICA INSTITUTO ONCOLOGICO PERUANO";"240000";"HOSPITALIZACIÓN";"27";"27";"52";"28";"10";"320";"0"
"2023";"12";"080708";"CUSCO";"CHUMBIVILCAS";"VELILLE";"GOBIERNO REGIONAL";"I-3";"00002409";"VELILLE";"NE_0001";"";"NE_0001";"NE_0001";"NE_0001";"NE_0001";"NE_0001";"NE_0001";"NE_0001"
"2023";"12";"080701";"CUSCO";"CHUMBIVILCAS";"SANTO TOMAS";"GOBIERNO REGIONAL";"I-1";"00030940";"ARCANGEL SAN MIGUEL DE ESQUINA CONGUNYA";"NE_0001";"";"NE_0001";"NE_0001";"NE_0001";"NE_0001";"NE_0001";"NE_0001";"NE_0001"
"2023";"12";"080708";"CUSCO";"CHUMBIVILCAS";"VELILLE";"GOBIERNO REGIONAL";"I-1";"00025371";"TUNTUMA";"NE_0001";"";"NE_0001";"NE_0001";"NE_0001";"NE_0001";"NE_0001";"NE_0001";"NE_0001"
"2023";"12";"080701";"CUSCO";"CHUMBIVILCAS";"SANTO TOMAS";"GOBIERNO REGIONAL";"I-2";"00002399";"PULPERA";"NE_0001";"";"NE_0001";"NE_0001";"NE_0001";"NE_0001";"NE_0001";"NE_0001";"NE_0001"
"2023";"12";"080708";"CUSCO";"CHUMBIVILCAS";"VELILLE";"GOBIERNO REGIONAL";"I-1";"00008912";"ALCCA VICTORIA";"NE_0001";"";"NE_0001";"NE_0001";"NE_0001";"NE_0001";"NE_0001";"NE_0001";"NE_0001"
"2023";"12";"080708";"CUSCO";"CHUMBIVILCAS";"VELILLE";"GOBIERNO REGIONAL";"I-1";"00027016";"HUAYCUÑUTA - URCURUTA";"NE_0001";"";"NE_0001";"NE_0001";"NE_0001";"NE_0001";"NE_0001";"NE_0001";"NE_0001"
"2023";"12";"190109";"PASCO";"PASCO";"SIMON BOLIVAR";"ESSALUD";"II-2";"00009747";"HOSPITAL II PASCO";"241800";"HOSPITALIZACIÓN DE MEDICINA MEDICINA GENERAL ";"49";"47";"231";"299";"12";"372";"1"
"2023";"12";"190109";"PASCO";"PASCO";"SIMON BOLIVAR";"ESSALUD";"II-2";"00009747";"HOSPITAL II PASCO";"250100";"UNIDAD DE CUIDADOS CRITICOS UNIDAD  DE CUIDADOS INTENSIVOS GENERALES (UCI) ";"5";"4";"63";"63";"3";"120";"0"
"2023";"12";"190109";"PASCO";"PASCO";"SIMON BOLIVAR";"ESSALUD";"II-2";"00009747";"HOSPITAL II PASCO";"240100";"HOSPITALIZACIÓN QUIRÚRGICA CIRUGÍA GENERAL ";"83";"80";"387";"387";"13";"403";"0"
"2023";"12";"190109";"PASCO";"PASCO";"SIMON BOLIVAR";"ESSALUD";"II-2";"00009747";"HOSPITAL II PASCO";"241400";"HOSPITALIZACIÓN QUIRÚRGICA GINECO - OBSTETRICIA ";"74";"74";"163";"163";"8";"248";"0"
"2023";"12";"190109";"PASCO";"PASCO";"SIMON BOLIVAR";"ESSALUD";"II-2";"00009747";"HOSPITAL II PASCO";"242300";"HOSPITALIZACIÓN DE PEDIATRÍA  PEDIATRÍA  GENERAL ";"50";"50";"105";"107";"7";"217";"0"
"2023";"12";"190109";"PASCO";"PASCO";"SIMON BOLIVAR";"ESSALUD";"II-2";"00009747";"HOSPITAL II PASCO";"243200";"HOSPITALIZACIÓN DE PEDIATRÍA PEDIATRIA NEONATOLOGÍA";"48";"48";"128";"128";"12";"372";"0"
"2023";"12";"080708";"CUSCO";"CHUMBIVILCAS";"VELILLE";"GOBIERNO REGIONAL";"I-1";"00027011";"AYACCASI";"NE_0001";"";"NE_0001";"NE_0001";"NE_0001";"NE_0001";"NE_0001";"NE_0001";"NE_0001"
"2023";"09";"100109";"HUANUCO";"HUANUCO";"SANTA MARIA DEL VALLE";"GOBIERNO REGIONAL";"I-1";"00027658";"SAN PEDRO DE CHOQUECANCHA";"NE_0001";"";"NE_0001";"NE_0001";"NE_0001";"NE_0001";"NE_0001";"NE_0001";"NE_0001"
"2023";"09";"100109";"HUANUCO";"HUANUCO";"SANTA MARIA DEL VALLE";"GOBIERNO REGIONAL";"I-3";"00027635";"SANTA MARIA DEL VALLE";"NE_0001";"";"NE_0001";"NE_0001";"NE_0001";"NE_0001";"NE_0001";"NE_0001";"NE_0001"
"2023";"09";"100109";"HUANUCO";"HUANUCO";"SANTA MARIA DEL VALLE";"GOBIERNO REGIONAL";"I-1";"00013848";"INGENIO BAJO";"NE_0001";"";"NE_0001";"NE_0001";"NE_0001";"NE_0001";"NE_0001";"NE_0001";"NE_0001"
"2023";"09";"100109";"HUANUCO";"HUANUCO";"SANTA MARIA DEL VALLE";"GOBIERNO REGIONAL";"I-2";"00007079";"SAN MIGUEL DE MITOQUERA";"NE_0001";"";"NE_0001";"NE_0001";"NE_0001";"NE_0001";"NE_0001";"NE_0001";"NE_0001"
"2023";"09";"100109";"HUANUCO";"HUANUCO";"SANTA MARIA DEL VALLE";"GOBIERNO REGIONAL";"I-2";"00007044";"LLACSA";"NE_0001";"";"NE_0001";"NE_0001";"NE_0001";"NE_0001";"NE_0001";"NE_0001";"NE_0001"
"2023";"09";"100109";"HUANUCO";"HUANUCO";"SANTA MARIA DEL VALLE";"GOBIERNO REGIONAL";"I-2";"00000774";"SANTA CRUZ DE RATACOCHA";"NE_0001";"";"NE_0001";"NE_0001";"NE_0001";"NE_0001";"NE_0001";"NE_0001";"NE_0001"
"2023";"09";"100109";"HUANUCO";"HUANUCO";"SANTA MARIA DEL VALLE";"GOBIERNO REGIONAL";"I-2";"00000773";"SANTA ROSA DE SIRABAMBA";"NE_0001";"";"NE_0001";"NE_0001";"NE_0001";"NE_0001";"NE_0001";"NE_0001";"NE_0001"
"2023";"09";"100109";"HUANUCO";"HUANUCO";"SANTA MARIA DEL VALLE";"GOBIERNO REGIONAL";"I-3";"00000772";"SAN SEBASTIAN DE QUERA";"NE_0001";"";"NE_0001";"NE_0001";"NE_0001";"NE_0001";"NE_0001";"NE_0001";"NE_0001"
"2023";"09";"100109";"HUANUCO";"HUANUCO";"SANTA MARIA DEL VALLE";"GOBIERNO REGIONAL";"I-2";"00000771";"PUESTO DE SALUD DE PACHABAMBA";"NE_0001";"";"NE_0001";"NE_0001";"NE_0001";"NE_0001";"NE_0001";"NE_0001";"NE_0001"
"2023";"09";"100109";"HUANUCO";"HUANUCO";"SANTA MARIA DEL VALLE";"GOBIERNO REGIONAL";"I-2";"00000770";"SANTIAGO DE LLACON";"NE_0001";"";"NE_0001";"NE_0001";"NE_0001";"NE_0001";"NE_0001";"NE_0001";"NE_0001"
"2023";"09";"100109";"HUANUCO";"HUANUCO";"SANTA MARIA DEL VALLE";"GOBIERNO REGIONAL";"I-2";"00000769";"POMACUCHO";"NE_0001";"";"NE_0001";"NE_0001";"NE_0001";"NE_0001";"NE_0001";"NE_0001";"NE_0001"
"2023";"09";"100109";"HUANUCO";"HUANUCO";"SANTA MARIA DEL VALLE";"GOBIERNO REGIONAL";"I-2";"00000768";"TAMBO DE SAN JOSE";"NE_0001";"";"NE_0001";"NE_0001";"NE_0001";"NE_0001";"NE_0001";"NE_0001";"NE_0001"
"2023";"12";"120303";"JUNIN";"CHANCHAMAYO";"PICHANAQUI";"GOBIERNO REGIONAL";"I-2";"00000341";"IMPITATO CASCADA";"NE_0001";"";"NE_0001";"NE_0001";"NE_0001";"NE_0001";"NE_0001";"NE_0001";"NE_0001"
"2023";"12";"120303";"JUNIN";"CHANCHAMAYO";"PICHANAQUI";"GOBIERNO REGIONAL";"I-2";"00000352";"UNION SHIMASHIRO";"NE_0001";"";"NE_0001";"NE_0001";"NE_0001";"NE_0001";"NE_0001";"NE_0001";"NE_0001"
"2023";"12";"120303";"JUNIN";"CHANCHAMAYO";"PICHANAQUI";"GOBIERNO REGIONAL";"I-2";"00000342";"PRIMAVERA";"NE_0001";"";"NE_0001";"NE_0001";"NE_0001";"NE_0001";"NE_0001";"NE_0001";"NE_0001"
"2023";"12";"120303";"JUNIN";"CHANCHAMAYO";"PICHANAQUI";"GOBIERNO REGIONAL";"I-3";"00000344";"LAS PALMAS";"NE_0001";"";"NE_0001";"NE_0001";"NE_0001";"NE_0001";"NE_0001";"NE_0001";"NE_0001"
"2023";"12";"120303";"JUNIN";"CHANCHAMAYO";"PICHANAQUI";"GOBIERNO REGIONAL";"I-2";"00007361";"COLONIA HUANCA";"NE_0001";"";"NE_0001";"NE_0001";"NE_0001";"NE_0001";"NE_0001";"NE_0001";"NE_0001"
"2023";"12";"150133";"LIMA";"LIMA";"SAN JUAN DE MIRAFLORES";"MINSA";"III-1";"00005987";"HOSPITAL MARIA AUXILIADORA";"242300";"HOSPITALIZACIÓN DE PEDIATRÍA  PEDIATRÍA  GENERAL ";"126";"139";"735";"597";"31";"952";"0"
"2023";"12";"150133";"LIMA";"LIMA";"SAN JUAN DE MIRAFLORES";"MINSA";"III-1";"00005987";"HOSPITAL MARIA AUXILIADORA";"241900";"HOSPITALIZACIÓN DE MEDICINA MEDICINA INTERNA ";"266";"298";"2870";"2488";"98";"3042";"11"
"2023";"12";"150133";"LIMA";"LIMA";"SAN JUAN DE MIRAFLORES";"MINSA";"III-1";"00005987";"HOSPITAL MARIA AUXILIADORA";"242100";"HOSPITALIZACIÓN DE MEDICINA ONCOLOGÍA MÉDICA ";"37";"52";"386";"263";"14";"434";"2"
"2023";"12";"130101";"LA LIBERTAD";"TRUJILLO";"TRUJILLO";"SANIDAD DE LA POLICIA NACIONAL DEL PERU";"I-3";"00011154";"SANIDAD DE LA PNP - TRUJILLO";"NE_0001";"";"NE_0001";"NE_0001";"NE_0001";"NE_0001";"NE_0001";"NE_0001";"NE_0001"
"2023";"12";"150143";"LIMA";"LIMA";"VILLA MARIA DEL TRIUNFO";"PRIVADO";"II-2";"00018580";"GUILLERMO KAELIN DE LA FUENTE";"240100";"HOSPITALIZACIÓN QUIRÚRGICA CIRUGÍA GENERAL ";"96";"182";"1233";"1098";"37";"1147";"10"
"2023";"12";"150143";"LIMA";"LIMA";"VILLA MARIA DEL TRIUNFO";"PRIVADO";"II-2";"00018580";"GUILLERMO KAELIN DE LA FUENTE";"241500";"HOSPITALIZACIÓN QUIRÚRGICA GINECOLOGÍA  ";"112";"250";"1059";"934";"46";"1426";"2"
"2023";"12";"150143";"LIMA";"LIMA";"VILLA MARIA DEL TRIUNFO";"PRIVADO";"II-2";"00018580";"GUILLERMO KAELIN DE LA FUENTE";"241800";"HOSPITALIZACIÓN DE MEDICINA MEDICINA GENERAL ";"157";"171";"1702";"1540";"50";"1550";"20"
"2023";"12";"150143";"LIMA";"LIMA";"VILLA MARIA DEL TRIUNFO";"PRIVADO";"II-2";"00018580";"GUILLERMO KAELIN DE LA FUENTE";"242300";"HOSPITALIZACIÓN DE PEDIATRÍA  PEDIATRÍA  GENERAL ";"72";"79";"369";"343";"35";"1085";"0"
"2023";"12";"150143";"LIMA";"LIMA";"VILLA MARIA DEL TRIUNFO";"PRIVADO";"II-2";"00018580";"GUILLERMO KAELIN DE LA FUENTE";"250100";"UNIDAD DE CUIDADOS CRITICOS UNIDAD  DE CUIDADOS INTENSIVOS GENERALES (UCI) ";"16";"7";"88";"228";"18";"558";"3"
"2023";"12";"150143";"LIMA";"LIMA";"VILLA MARIA DEL TRIUNFO";"PRIVADO";"II-2";"00018580";"GUILLERMO KAELIN DE LA FUENTE";"250200";"UNIDAD DE CUIDADOS CRITICOS UNIDAD DE CUIDADOS INTERMEDIOS GENERAL  (UCIN) ";"10";"6";"45";"156";"20";"620";"0"
"2023";"01";"040129";"AREQUIPA";"AREQUIPA";"JOSE LUIS BUSTAMANTE Y RIVERO";"PRIVADO";"II-E";"00032853";"CLINICA UROSUR";"NE_0001";"";"NE_0001";"NE_0001";"NE_0001";"NE_0001";"NE_0001";"NE_0001";"NE_0001"
"2023";"12";"130504";"LA LIBERTAD";"JULCAN";"HUASO";"GOBIERNO REGIONAL";"I-2";"00006770";"CHINCHINVARA";"NE_0001";"";"NE_0001";"NE_0001";"NE_0001";"NE_0001";"NE_0001";"NE_0001";"NE_0001"
"2023";"12";"130504";"LA LIBERTAD";"JULCAN";"HUASO";"GOBIERNO REGIONAL";"I-2";"00006772";"LA VEGA";"NE_0001";"";"NE_0001";"NE_0001";"NE_0001";"NE_0001";"NE_0001";"NE_0001";"NE_0001"
"2023";"12";"130504";"LA LIBERTAD";"JULCAN";"HUASO";"GOBIERNO REGIONAL";"I-1";"00016422";"LA UNION";"NE_0001";"";"NE_0001";"NE_0001";"NE_0001";"NE_0001";"NE_0001";"NE_0001";"NE_0001"
"2023";"12";"130504";"LA LIBERTAD";"JULCAN";"HUASO";"GOBIERNO REGIONAL";"I-3";"00006771";"CANRAZ";"NE_0001";"";"NE_0001";"NE_0001";"NE_0001";"NE_0001";"NE_0001";"NE_0001";"NE_0001"
"2023";"12";"220804";"SAN MARTIN";"RIOJA";"NUEVA CAJAMARCA";"GOBIERNO REGIONAL";"I-1";"00006289";"MIRAFLORES";"NE_0001";"";"NE_0001";"NE_0001";"NE_0001";"NE_0001";"NE_0001";"NE_0001";"NE_0001"
"2023";"12";"220804";"SAN MARTIN";"RIOJA";"NUEVA CAJAMARCA";"GOBIERNO REGIONAL";"I-4";"00006283";"HOSPITAL RURAL NUEVA CAJAMARCA";"241600";"HOSPITALIZACIÓN QUIRÚRGICA OBSTETRICIA   ";"57";"58";"77";"77";"8";"248";"0"
"2023";"12";"220804";"SAN MARTIN";"RIOJA";"NUEVA CAJAMARCA";"GOBIERNO REGIONAL";"I-4";"00006283";"HOSPITAL RURAL NUEVA CAJAMARCA";"241800";"HOSPITALIZACIÓN DE MEDICINA MEDICINA GENERAL ";"83";"89";"219";"219";"8";"248";"0"
"2023";"12";"220804";"SAN MARTIN";"RIOJA";"NUEVA CAJAMARCA";"GOBIERNO REGIONAL";"I-4";"00006283";"HOSPITAL RURAL NUEVA CAJAMARCA";"242500";"HOSPITALIZACIÓN-PEDIATRÍA GENERAL-";"17";"19";"51";"51";"5";"155";"0"
"2023";"12";"090411";"HUANCAVELICA";"CASTROVIRREYNA";"SANTA ANA";"GOBIERNO REGIONAL";"I-1";"00004009";"CHOCLOCOCHA";"NE_0001";"";"NE_0001";"NE_0001";"NE_0001";"NE_0001";"NE_0001";"NE_0001";"NE_0001"
"2023";"12";"090404";"HUANCAVELICA";"CASTROVIRREYNA";"CAPILLAS";"GOBIERNO REGIONAL";"I-1";"00004014";"PAURANGA";"NE_0001";"";"NE_0001";"NE_0001";"NE_0001";"NE_0001";"NE_0001";"NE_0001";"NE_0001"
"2023";"12";"090401";"HUANCAVELICA";"CASTROVIRREYNA";"CASTROVIRREYNA";"GOBIERNO REGIONAL";"I-1";"00004003";"SINTO";"NE_0001";"";"NE_0001";"NE_0001";"NE_0001";"NE_0001";"NE_0001";"NE_0001";"NE_0001"
"2023";"12";"150128";"LIMA";"LIMA";"RIMAC";"SANIDAD DEL EJERCITO DEL PERU";"I-4";"00013914";"CENTRO DE SALUD MILITAR RIMAC";"241800";"HOSPITALIZACIÓN DE MEDICINA MEDICINA GENERAL ";"2";"2";"2";"2";"2";"4";"0"
"2023";"12";"220101";"SAN MARTIN";"MOYOBAMBA";"MOYOBAMBA";"GOBIERNO REGIONAL";"I-3";"00006322";"PUEBLO LIBRE";"241600";"HOSPITALIZACIÓN QUIRÚRGICA OBSTETRICIA   ";"5";"5";"5";"5";"5";"6";"0"
"2023";"12";"220101";"SAN MARTIN";"MOYOBAMBA";"MOYOBAMBA";"GOBIERNO REGIONAL";"I-1";"00006324";"SHIMPIYACU";"NE_0001";"";"NE_0001";"NE_0001";"NE_0001";"NE_0001";"NE_0001";"NE_0001";"NE_0001"
"2023";"12";"220101";"SAN MARTIN";"MOYOBAMBA";"MOYOBAMBA";"GOBIERNO REGIONAL";"I-1";"00006325";"NUEVA HUANCABAMBA";"NE_0001";"";"NE_0001";"NE_0001";"NE_0001";"NE_0001";"NE_0001";"NE_0001";"NE_0001"
"2023";"10";"120504";"JUNIN";"JUNIN";"ULCUMAYO";"GOBIERNO REGIONAL";"I-1";"00000317";"RAYMONDI";"NE_0001";"";"NE_0001";"NE_0001";"NE_0001";"NE_0001";"NE_0001";"NE_0001";"NE_0001"
"2023";"10";"120304";"JUNIN";"CHANCHAMAYO";"SAN LUIS DE SHUARO";"GOBIERNO REGIONAL";"I-1";"00000316";"SANTA HERMINIA BAJA";"NE_0001";"";"NE_0001";"NE_0001";"NE_0001";"NE_0001";"NE_0001";"NE_0001";"NE_0001"
"2023";"10";"120304";"JUNIN";"CHANCHAMAYO";"SAN LUIS DE SHUARO";"GOBIERNO REGIONAL";"I-3";"00000315";"SANCHIRIO PALOMAR";"NE_0001";"";"NE_0001";"NE_0001";"NE_0001";"NE_0001";"NE_0001";"NE_0001";"NE_0001"
"2023";"10";"120304";"JUNIN";"CHANCHAMAYO";"SAN LUIS DE SHUARO";"GOBIERNO REGIONAL";"I-3";"00000314";"SAN LUIS DE SHUARO";"NE_0001";"";"NE_0001";"NE_0001";"NE_0001";"NE_0001";"NE_0001";"NE_0001";"NE_0001"
"2023";"10";"120301";"JUNIN";"CHANCHAMAYO";"CHANCHAMAYO";"GOBIERNO REGIONAL";"I-1";"00000312";"PUEBLO PARDO";"NE_0001";"";"NE_0001";"NE_0001";"NE_0001";"NE_0001";"NE_0001";"NE_0001";"NE_0001"
"2023";"10";"120301";"JUNIN";"CHANCHAMAYO";"CHANCHAMAYO";"GOBIERNO REGIONAL";"I-2";"00000311";"VILLA PROGRESO";"NE_0001";"";"NE_0001";"NE_0001";"NE_0001";"NE_0001";"NE_0001";"NE_0001";"NE_0001"
"2023";"11";"081004";"CUSCO";"PARURO";"COLCHA";"GOBIERNO REGIONAL";"I-1";"00006978";"CCOCHIRIHUAY";"NE_0002";"";"NE_0002";"NE_0002";"NE_0002";"NE_0002";"NE_0002";"NE_0002";"NE_0002"
"2023";"11";"150111";"LIMA";"LIMA";"EL AGUSTINO";"PRIVADO";"II-E";"00026299";"CLINICA ONCOVIDA";"240000";"HOSPITALIZACIÓN";"33";"32";"35";"34";"11";"297";"0"
"2023";"12";"021802";"ANCASH";"SANTA";"CACERES DEL PERU";"GOBIERNO REGIONAL";"I-1";"00001709";"PUESTO DE SALUD LAMPANIN";"NE_0001";"";"NE_0001";"NE_0001";"NE_0001";"NE_0001";"NE_0001";"NE_0001";"NE_0001"
"2023";"12";"021805";"ANCASH";"SANTA";"MORO";"GOBIERNO REGIONAL";"I-3";"00001716";"CENTRO DE SALUD MORO";"NE_0001";"";"NE_0001";"NE_0001";"NE_0001";"NE_0001";"NE_0001";"NE_0001";"NE_0001"
"2023";"12";"022005";"ANCASH";"YUNGAY";"QUILLO";"GOBIERNO REGIONAL";"I-1";"00001737";"PUESTO DE SALUD PAMPACANCHA";"NE_0001";"";"NE_0001";"NE_0001";"NE_0001";"NE_0001";"NE_0001";"NE_0001";"NE_0001"
"2023";"12";"020104";"ANCASH";"HUARAZ";"HUANCHAY";"GOBIERNO REGIONAL";"I-2";"00001748";"PUESTO DE SALUD HUANCHAY HZ";"NE_0001";"";"NE_0001";"NE_0001";"NE_0001";"NE_0001";"NE_0001";"NE_0001";"NE_0001"
"2023";"12";"021809";"ANCASH";"SANTA";"NUEVO CHIMBOTE";"GOBIERNO REGIONAL";"I-2";"00007266";"PUESTO DE SALUD NICOLAS DE GARATEA";"NE_0001";"";"NE_0001";"NE_0001";"NE_0001";"NE_0001";"NE_0001";"NE_0001";"NE_0001"
"2023";"12";"020801";"ANCASH";"CASMA";"CASMA";"GOBIERNO REGIONAL";"I-2";"00031617";"PUESTO DE SALUD VILLA HERMOSA";"NE_0001";"";"NE_0001";"NE_0001";"NE_0001";"NE_0001";"NE_0001";"NE_0001";"NE_0001"
"2023";"12";"021809";"ANCASH";"SANTA";"NUEVO CHIMBOTE";"GOBIERNO REGIONAL";"I-4";"00001704";"CENTRO DE SALUD YUGOSLAVIA";"NE_0001";"";"NE_0001";"NE_0001";"NE_0001";"NE_0001";"NE_0001";"NE_0001";"NE_0001"
"2023";"12";"021809";"ANCASH";"SANTA";"NUEVO CHIMBOTE";"GOBIERNO REGIONAL";"I-2";"00001706";"PUESTO DE SALUD VILLA MARIA";"NE_0001";"";"NE_0001";"NE_0001";"NE_0001";"NE_0001";"NE_0001";"NE_0001";"NE_0001"
"2023";"11";"150135";"LIMA";"LIMA";"SAN MARTIN DE PORRES";"PRIVADO";"II-E";"00025573";"CREO Clínica Renal y Oncológica";"NE_0001";"";"NE_0001";"NE_0001";"NE_0001";"NE_0001";"NE_0001";"NE_0001";"NE_0001"
"2023";"12";"240101";"TUMBES";"TUMBES";"TUMBES";"PRIVADO";"II-E";"00007874";"CLINICA FEIJOO EIRL";"240100";"HOSPITALIZACIÓN QUIRÚRGICA CIRUGÍA GENERAL ";"1";"1";"1";"1";"3";"93";"0"
"2023";"12";"021802";"ANCASH";"SANTA";"CACERES DEL PERU";"GOBIERNO REGIONAL";"I-2";"00001708";"PUESTO DE SALUD JIMBE";"NE_0001";"";"NE_0001";"NE_0001";"NE_0001";"NE_0001";"NE_0001";"NE_0001";"NE_0001"
"2023";"12";"021807";"ANCASH";"SANTA";"SAMANCO";"GOBIERNO REGIONAL";"I-2";"00001711";"PUESTO DE SALUD SAMANCO";"NE_0001";"";"NE_0001";"NE_0001";"NE_0001";"NE_0001";"NE_0001";"NE_0001";"NE_0001"
"2023";"12";"021806";"ANCASH";"SANTA";"NEPEÑA";"GOBIERNO REGIONAL";"I-3";"00001714";"CENTRO DE SALUD NEPEÑA";"NE_0001";"";"NE_0001";"NE_0001";"NE_0001";"NE_0001";"NE_0001";"NE_0001";"NE_0001"
"2023";"12";"021805";"ANCASH";"SANTA";"MORO";"GOBIERNO REGIONAL";"I-1";"00001717";"PUESTO DE SALUD POCOS";"NE_0001";"";"NE_0001";"NE_0001";"NE_0001";"NE_0001";"NE_0001";"NE_0001";"NE_0001"
"2023";"12";"020802";"ANCASH";"CASMA";"BUENA VISTA ALTA";"GOBIERNO REGIONAL";"I-2";"00001724";"PUESTO DE SALUD HUANCHUY";"NE_0001";"";"NE_0001";"NE_0001";"NE_0001";"NE_0001";"NE_0001";"NE_0001";"NE_0001"
"2023";"12";"020804";"ANCASH";"CASMA";"YAUTAN";"GOBIERNO REGIONAL";"I-4";"00001728";"CENTRO DE SALUD YAUTAN";"NE_0001";"";"NE_0001";"NE_0001";"NE_0001";"NE_0001";"NE_0001";"NE_0001";"NE_0001"
"2023";"12";"021103";"ANCASH";"HUARMEY";"CULEBRAS";"GOBIERNO REGIONAL";"I-1";"00001745";"PUESTO DE SALUD MOLINO";"NE_0001";"";"NE_0001";"NE_0001";"NE_0001";"NE_0001";"NE_0001";"NE_0001";"NE_0001"
"2023";"12";"021104";"ANCASH";"HUARMEY";"HUAYAN";"GOBIERNO REGIONAL";"I-2";"00001752";"PUESTO DE SALUD HUAYAN";"NE_0001";"";"NE_0001";"NE_0001";"NE_0001";"NE_0001";"NE_0001";"NE_0001";"NE_0001"
"2023";"12";"020102";"ANCASH";"HUARAZ";"COCHABAMBA";"GOBIERNO REGIONAL";"I-1";"00001731";"PUESTO DE SALUD CHIPRE";"NE_0001";"";"NE_0001";"NE_0001";"NE_0001";"NE_0001";"NE_0001";"NE_0001";"NE_0001"
"2023";"12";"020103";"ANCASH";"HUARAZ";"COLCABAMBA";"GOBIERNO REGIONAL";"I-1";"00001733";"COLCABAMBA";"NE_0001";"";"NE_0001";"NE_0001";"NE_0001";"NE_0001";"NE_0001";"NE_0001";"NE_0001"
"2023";"12";"021101";"ANCASH";"HUARMEY";"HUARMEY";"GOBIERNO REGIONAL";"I-3";"00001744";"CENTRO DE SALUD LA VICTORIA";"NE_0001";"";"NE_0001";"NE_0001";"NE_0001";"NE_0001";"NE_0001";"NE_0001";"NE_0001"
"2023";"12";"020802";"ANCASH";"CASMA";"BUENA VISTA ALTA";"GOBIERNO REGIONAL";"I-3";"00001723";"CENTRO DE SALUD BUENAVISTA";"NE_0001";"";"NE_0001";"NE_0001";"NE_0001";"NE_0001";"NE_0001";"NE_0001";"NE_0001"
"2023";"12";"020803";"ANCASH";"CASMA";"COMANDANTE NOEL";"GOBIERNO REGIONAL";"I-1";"00001726";"PUESTO DE SALUD COMANDANTE NOEL";"NE_0001";"";"NE_0001";"NE_0001";"NE_0001";"NE_0001";"NE_0001";"NE_0001";"NE_0001"
"2023";"12";"020110";"ANCASH";"HUARAZ";"PARIACOTO";"GOBIERNO REGIONAL";"I-1";"00001735";"PUESTO DE SALUD FORTALEZA";"NE_0001";"";"NE_0001";"NE_0001";"NE_0001";"NE_0001";"NE_0001";"NE_0001";"NE_0001"
"2023";"12";"021105";"ANCASH";"HUARMEY";"MALVAS";"GOBIERNO REGIONAL";"I-1";"00001801";"PUESTO DE SALUD SAN MIGUEL";"NE_0001";"";"NE_0001";"NE_0001";"NE_0001";"NE_0001";"NE_0001";"NE_0001";"NE_0001"
"2023";"12";"021809";"ANCASH";"SANTA";"NUEVO CHIMBOTE";"GOBIERNO REGIONAL";"I-2";"00001707";"PUESTO DE SALUD SATELITE";"NE_0001";"";"NE_0001";"NE_0001";"NE_0001";"NE_0001";"NE_0001";"NE_0001";"NE_0001"
"2023";"12";"020801";"ANCASH";"CASMA";"CASMA";"GOBIERNO REGIONAL";"I-1";"00001721";"PUESTO DE SALUD LA GRAMITA";"NE_0001";"";"NE_0001";"NE_0001";"NE_0001";"NE_0001";"NE_0001";"NE_0001";"NE_0001"
"2023";"12";"021101";"ANCASH";"HUARMEY";"HUARMEY";"GOBIERNO REGIONAL";"I-2";"00001742";"PUESTO DE SALUD PUERTO HUARMEY";"NE_0001";"";"NE_0001";"NE_0001";"NE_0001";"NE_0001";"NE_0001";"NE_0001";"NE_0001"
"2023";"12";"021105";"ANCASH";"HUARMEY";"MALVAS";"GOBIERNO REGIONAL";"I-1";"00001753";"PUESTO DE SALUD MALVAS";"NE_0001";"";"NE_0001";"NE_0001";"NE_0001";"NE_0001";"NE_0001";"NE_0001";"NE_0001"
"2023";"12";"020801";"ANCASH";"CASMA";"CASMA";"GOBIERNO REGIONAL";"I-1";"00001720";"PUESTO DE SALUD SAN RAFAEL";"NE_0001";"";"NE_0001";"NE_0001";"NE_0001";"NE_0001";"NE_0001";"NE_0001";"NE_0001"
"2023";"12";"020801";"ANCASH";"CASMA";"CASMA";"GOBIERNO REGIONAL";"I-1";"00001722";"PUESTO DE SALUD CASA BLANCA";"NE_0001";"";"NE_0001";"NE_0001";"NE_0001";"NE_0001";"NE_0001";"NE_0001";"NE_0001"
"2023";"12";"020102";"ANCASH";"HUARAZ";"COCHABAMBA";"GOBIERNO REGIONAL";"I-1";"00001732";"PUESTO DE SALUD PUMA PUCLLANAN";"NE_0001";"";"NE_0001";"NE_0001";"NE_0001";"NE_0001";"NE_0001";"NE_0001";"NE_0001"
"2023";"12";"020110";"ANCASH";"HUARAZ";"PARIACOTO";"GOBIERNO REGIONAL";"I-1";"00001736";"PUESTO DE SALUD CHACCHAN";"NE_0001";"";"NE_0001";"NE_0001";"NE_0001";"NE_0001";"NE_0001";"NE_0001";"NE_0001"
"2023";"12";"021807";"ANCASH";"SANTA";"SAMANCO";"GOBIERNO REGIONAL";"I-1";"00001712";"PUESTO DE SALUD LOS CHIMUS";"NE_0001";"";"NE_0001";"NE_0001";"NE_0001";"NE_0001";"NE_0001";"NE_0001";"NE_0001"
"2023";"12";"021806";"ANCASH";"SANTA";"NEPEÑA";"GOBIERNO REGIONAL";"I-3";"00001715";"CENTRO DE SALUD SAN JACINTO";"NE_0001";"";"NE_0001";"NE_0001";"NE_0001";"NE_0001";"NE_0001";"NE_0001";"NE_0001"
"2023";"12";"080705";"CUSCO";"CHUMBIVILCAS";"LIVITACA";"GOBIERNO REGIONAL";"I-1";"00016325";"CHILLOROYA - LIVITACA";"NE_0001";"";"NE_0001";"NE_0001";"NE_0001";"NE_0001";"NE_0001";"NE_0001";"NE_0001"
"2023";"12";"080705";"CUSCO";"CHUMBIVILCAS";"LIVITACA";"GOBIERNO REGIONAL";"I-1";"00016327";"AUSANTA";"NE_0001";"";"NE_0001";"NE_0001";"NE_0001";"NE_0001";"NE_0001";"NE_0001";"NE_0001"
"2023";"12";"080705";"CUSCO";"CHUMBIVILCAS";"LIVITACA";"GOBIERNO REGIONAL";"I-1";"00016334";"KISIO";"NE_0001";"";"NE_0001";"NE_0001";"NE_0001";"NE_0001";"NE_0001";"NE_0001";"NE_0001"
"2023";"12";"080705";"CUSCO";"CHUMBIVILCAS";"LIVITACA";"GOBIERNO REGIONAL";"I-4";"00002406";"LIVITACA";"NE_0001";"";"NE_0001";"NE_0001";"NE_0001";"NE_0001";"NE_0001";"NE_0001";"NE_0001"
"2023";"12";"080705";"CUSCO";"CHUMBIVILCAS";"LIVITACA";"GOBIERNO REGIONAL";"I-1";"00025739";"PISQUICOCHA";"NE_0001";"";"NE_0001";"NE_0001";"NE_0001";"NE_0001";"NE_0001";"NE_0001";"NE_0001"
"2023";"12";"080705";"CUSCO";"CHUMBIVILCAS";"LIVITACA";"GOBIERNO REGIONAL";"I-1";"00025740";"TOTORA - REYNA DE LOS ANGELES";"NE_0001";"";"NE_0001";"NE_0001";"NE_0001";"NE_0001";"NE_0001";"NE_0001";"NE_0001"
"2023";"12";"080705";"CUSCO";"CHUMBIVILCAS";"LIVITACA";"GOBIERNO REGIONAL";"I-2";"00016332";"PATAQUEÑA - LIVITACA";"NE_0001";"";"NE_0001";"NE_0001";"NE_0001";"NE_0001";"NE_0001";"NE_0001";"NE_0001"
"2023";"12";"150136";"LIMA";"LIMA";"SAN MIGUEL";"PRIVADO";"II-E";"00020976";"VISUAL CENTER CLINICA DE OJOS";"NE_0001";"";"NE_0001";"NE_0001";"NE_0001";"NE_0001";"NE_0001";"NE_0001";"NE_0001"
"2023";"12";"200101";"PIURA";"PIURA";"PIURA";"PRIVADO";"II-1";"00013042";"CLÍNICA LOS COCOS";"240100";"HOSPITALIZACIÓN QUIRÚRGICA CIRUGÍA GENERAL ";"67";"64";"122";"126";"12";"372";"0"
"2023";"12";"200101";"PIURA";"PIURA";"PIURA";"PRIVADO";"II-1";"00013042";"CLÍNICA LOS COCOS";"241400";"HOSPITALIZACIÓN QUIRÚRGICA GINECO - OBSTETRICIA ";"148";"153";"194";"195";"16";"496";"0"
"2023";"12";"200101";"PIURA";"PIURA";"PIURA";"PRIVADO";"II-1";"00013042";"CLÍNICA LOS COCOS";"241800";"HOSPITALIZACIÓN DE MEDICINA MEDICINA GENERAL ";"9";"13";"26";"26";"11";"341";"0"
"2023";"12";"200701";"PIURA";"TALARA";"PARIÑAS";"PRIVADO";"II-1";"00011395";"CLINICA VIGO 2000 S. CIVIL DE R.L.";"240100";"HOSPITALIZACIÓN QUIRÚRGICA CIRUGÍA GENERAL ";"1";"1";"2";"2";"15";"396";"0"
"2023";"12";"200701";"PIURA";"TALARA";"PARIÑAS";"PRIVADO";"II-1";"00011395";"CLINICA VIGO 2000 S. CIVIL DE R.L.";"241400";"HOSPITALIZACIÓN QUIRÚRGICA GINECO - OBSTETRICIA ";"3";"3";"6";"6";"15";"396";"0"
"2023";"12";"150130";"LIMA";"LIMA";"SAN BORJA";"PRIVADO";"III-1";"00009886";"CLINICA SAN BORJA";"240000";"HOSPITALIZACIÓN";"480";"516";"1807";"58";"83";"2573";"3"
"2023";"12";"150130";"LIMA";"LIMA";"SAN BORJA";"PRIVADO";"III-1";"00009886";"CLINICA SAN BORJA";"250105";"UNIDAD DE CUIDADOS CRITICOS UNIDAD  DE CUIDADOS INTENSIVOS  (UCI) NEONATOLOGÍA";"5";"7";"66";"2";"4";"124";"0"
"2023";"12";"150130";"LIMA";"LIMA";"SAN BORJA";"PRIVADO";"III-1";"00009886";"CLINICA SAN BORJA";"250306";"HOSPIT. EN UNIDAD DE CUID.INTEN.-UNIDAD DE VIGILANCIA INTENSIVA (UVI)-PEDIATRÍA";"9";"3";"54";"2";"4";"124";"0"
"2023";"12";"150130";"LIMA";"LIMA";"SAN BORJA";"PRIVADO";"III-1";"00009886";"CLINICA SAN BORJA";"250100";"UNIDAD DE CUIDADOS CRITICOS UNIDAD  DE CUIDADOS INTENSIVOS GENERALES (UCI) ";"65";"36";"461";"15";"19";"589";"8"
"2023";"12";"070101";"CALLAO";"CALLAO";"CALLAO";"ESSALUD";"II-2";"00010533";"HOSPITAL II LIMA NORTE CALLAO ""LUIS NEGREIROS VEGA"" ESSALUD";"241900";"HOSPITALIZACIÓN DE MEDICINA MEDICINA INTERNA ";"212";"218";"1965";"1833";"60";"1860";"10"
"2023";"12";"070101";"CALLAO";"CALLAO";"CALLAO";"ESSALUD";"II-2";"00010533";"HOSPITAL II LIMA NORTE CALLAO ""LUIS NEGREIROS VEGA"" ESSALUD";"240100";"HOSPITALIZACIÓN QUIRÚRGICA CIRUGÍA GENERAL ";"339";"346";"809";"823";"34";"1054";"0"
"2023";"12";"070101";"CALLAO";"CALLAO";"CALLAO";"ESSALUD";"II-2";"00010533";"HOSPITAL II LIMA NORTE CALLAO ""LUIS NEGREIROS VEGA"" ESSALUD";"241600";"HOSPITALIZACIÓN QUIRÚRGICA OBSTETRICIA   ";"333";"347";"588";"547";"35";"1085";"0"
"2023";"12";"070101";"CALLAO";"CALLAO";"CALLAO";"ESSALUD";"II-2";"00010533";"HOSPITAL II LIMA NORTE CALLAO ""LUIS NEGREIROS VEGA"" ESSALUD";"242300";"HOSPITALIZACIÓN DE PEDIATRÍA  PEDIATRÍA  GENERAL ";"86";"94";"289";"256";"13";"403";"0"
"2023";"10";"100109";"HUANUCO";"HUANUCO";"SANTA MARIA DEL VALLE";"GOBIERNO REGIONAL";"I-1";"00027658";"SAN PEDRO DE CHOQUECANCHA";"NE_0001";"";"NE_0001";"NE_0001";"NE_0001";"NE_0001";"NE_0001";"NE_0001";"NE_0001"
"2023";"10";"100109";"HUANUCO";"HUANUCO";"SANTA MARIA DEL VALLE";"GOBIERNO REGIONAL";"I-3";"00027635";"SANTA MARIA DEL VALLE";"NE_0001";"";"NE_0001";"NE_0001";"NE_0001";"NE_0001";"NE_0001";"NE_0001";"NE_0001"
"2023";"10";"100109";"HUANUCO";"HUANUCO";"SANTA MARIA DEL VALLE";"GOBIERNO REGIONAL";"I-1";"00013848";"INGENIO BAJO";"NE_0001";"";"NE_0001";"NE_0001";"NE_0001";"NE_0001";"NE_0001";"NE_0001";"NE_0001"
"2023";"10";"100109";"HUANUCO";"HUANUCO";"SANTA MARIA DEL VALLE";"GOBIERNO REGIONAL";"I-2";"00007079";"SAN MIGUEL DE MITOQUERA";"NE_0001";"";"NE_0001";"NE_0001";"NE_0001";"NE_0001";"NE_0001";"NE_0001";"NE_0001"
"2023";"10";"100109";"HUANUCO";"HUANUCO";"SANTA MARIA DEL VALLE";"GOBIERNO REGIONAL";"I-2";"00007044";"LLACSA";"NE_0001";"";"NE_0001";"NE_0001";"NE_0001";"NE_0001";"NE_0001";"NE_0001";"NE_0001"
"2023";"10";"100109";"HUANUCO";"HUANUCO";"SANTA MARIA DEL VALLE";"GOBIERNO REGIONAL";"I-2";"00000774";"SANTA CRUZ DE RATACOCHA";"NE_0001";"";"NE_0001";"NE_0001";"NE_0001";"NE_0001";"NE_0001";"NE_0001";"NE_0001"
"2023";"10";"100109";"HUANUCO";"HUANUCO";"SANTA MARIA DEL VALLE";"GOBIERNO REGIONAL";"I-2";"00000773";"SANTA ROSA DE SIRABAMBA";"NE_0001";"";"NE_0001";"NE_0001";"NE_0001";"NE_0001";"NE_0001";"NE_0001";"NE_0001"
"2023";"10";"100109";"HUANUCO";"HUANUCO";"SANTA MARIA DEL VALLE";"GOBIERNO REGIONAL";"I-3";"00000772";"SAN SEBASTIAN DE QUERA";"NE_0001";"";"NE_0001";"NE_0001";"NE_0001";"NE_0001";"NE_0001";"NE_0001";"NE_0001"
"2023";"10";"100109";"HUANUCO";"HUANUCO";"SANTA MARIA DEL VALLE";"GOBIERNO REGIONAL";"I-2";"00000771";"PUESTO DE SALUD DE PACHABAMBA";"NE_0001";"";"NE_0001";"NE_0001";"NE_0001";"NE_0001";"NE_0001";"NE_0001";"NE_0001"
"2023";"10";"100109";"HUANUCO";"HUANUCO";"SANTA MARIA DEL VALLE";"GOBIERNO REGIONAL";"I-2";"00000770";"SANTIAGO DE LLACON";"NE_0001";"";"NE_0001";"NE_0001";"NE_0001";"NE_0001";"NE_0001";"NE_0001";"NE_0001"
"2023";"10";"100109";"HUANUCO";"HUANUCO";"SANTA MARIA DEL VALLE";"GOBIERNO REGIONAL";"I-2";"00000769";"POMACUCHO";"NE_0001";"";"NE_0001";"NE_0001";"NE_0001";"NE_0001";"NE_0001";"NE_0001";"NE_0001"
"2023";"10";"100109";"HUANUCO";"HUANUCO";"SANTA MARIA DEL VALLE";"GOBIERNO REGIONAL";"I-2";"00000768";"TAMBO DE SAN JOSE";"NE_0001";"";"NE_0001";"NE_0001";"NE_0001";"NE_0001";"NE_0001";"NE_0001";"NE_0001"
"2023";"01";"021508";"ANCASH";"PALLASCA";"PALLASCA";"ESSALUD";"I-2";"00009925";"POSTA MEDICA PALLASCA";"NE_0001";"";"NE_0001";"NE_0001";"NE_0001";"NE_0001";"NE_0001";"NE_0001";"NE_0001"
"2023";"12";"060301";"CAJAMARCA";"CELENDIN";"CELENDIN";"ESSALUD";"I-3";"00010269";"CENTRO MEDICO ESSALUD CELENDIN";"NE_0001";"";"NE_0001";"NE_0001";"NE_0001";"NE_0001";"NE_0001";"NE_0001";"NE_0001"
"2023";"12";"150131";"LIMA";"LIMA";"SAN ISIDRO";"PRIVADO";"II-E";"00010739";"CLINICA OFTALMOLOGICA WONG";"NE_0001";"";"NE_0001";"NE_0001";"NE_0001";"NE_0001";"NE_0001";"NE_0001";"NE_0001"
"2023";"12";"150135";"LIMA";"LIMA";"SAN MARTIN DE PORRES";"MINSA";"III-1";"00007633";"HOSPITAL NACIONAL CAYETANO HEREDIA";"241900";"HOSPITALIZACIÓN DE MEDICINA MEDICINA INTERNA ";"200";"207";"3029";"2547";"87";"2697";"22"
"2023";"12";"150135";"LIMA";"LIMA";"SAN MARTIN DE PORRES";"MINSA";"III-1";"00007633";"HOSPITAL NACIONAL CAYETANO HEREDIA";"245300";"HOSPITALIZACIÓN DE MEDICINA NEUMOLOGÍA  ";"14";"17";"425";"575";"19";"589";"1"
"2023";"12";"150135";"LIMA";"LIMA";"SAN MARTIN DE PORRES";"MINSA";"III-1";"00007633";"HOSPITAL NACIONAL CAYETANO HEREDIA";"242000";"HOSPITALIZACIÓN DE MEDICINA MEDICINA TROPICAL E INFECCIOSAS ";"63";"60";"1346";"1046";"35";"1085";"6"
"2023";"12";"150135";"LIMA";"LIMA";"SAN MARTIN DE PORRES";"MINSA";"III-1";"00007633";"HOSPITAL NACIONAL CAYETANO HEREDIA";"240100";"HOSPITALIZACIÓN QUIRÚRGICA CIRUGÍA GENERAL ";"231";"278";"2305";"1801";"64";"1972";"2"
"2023";"12";"150135";"LIMA";"LIMA";"SAN MARTIN DE PORRES";"MINSA";"III-1";"00007633";"HOSPITAL NACIONAL CAYETANO HEREDIA";"240500";"HOSPITALIZACIÓN QUIRÚRGICA CIRUGÍA DE TRANSPLANTES ";"16";"12";"157";"227";"10";"310";"0"
"2023";"12";"150135";"LIMA";"LIMA";"SAN MARTIN DE PORRES";"MINSA";"III-1";"00007633";"HOSPITAL NACIONAL CAYETANO HEREDIA";"241200";"HOSPITALIZACIÓN QUIRÚRGICA TRAUMATOLOGÍA Y ORTOPEDIA ";"91";"91";"1398";"1714";"58";"1798";"0"
"2023";"12";"150135";"LIMA";"LIMA";"SAN MARTIN DE PORRES";"MINSA";"III-1";"00007633";"HOSPITAL NACIONAL CAYETANO HEREDIA";"242300";"HOSPITALIZACIÓN DE PEDIATRÍA  PEDIATRÍA  GENERAL ";"163";"172";"1150";"1176";"50";"1545";"0"
"2023";"12";"070104";"CALLAO";"CALLAO";"LA PERLA";"SANIDAD DE LA POLICIA NACIONAL DEL PERU";"I-3";"00010557";"POLICLINICO  POLICIAL CALLAO";"NE_0001";"";"NE_0001";"NE_0001";"NE_0001";"NE_0001";"NE_0001";"NE_0001";"NE_0001"
"2023";"12";"150510";"LIMA";"CAÑETE";"NUEVO IMPERIAL";"SANIDAD DE LA POLICIA NACIONAL DEL PERU";"I-3";"00017849";"POLICLINICO POLICIAL CAÑETE";"NE_0001";"";"NE_0001";"NE_0001";"NE_0001";"NE_0001";"NE_0001";"NE_0001";"NE_0001"
"2023";"12";"150143";"LIMA";"LIMA";"VILLA MARIA DEL TRIUNFO";"PRIVADO";"I-4";"00010229";"CENTRO MEDICO ESPECIALIZADO VIRGEN DE LAS MERCEDES E.I.R.L";"NE_0002";"";"NE_0002";"NE_0002";"NE_0002";"NE_0002";"NE_0002";"NE_0002";"NE_0002"
"2023";"12";"090413";"HUANCAVELICA";"CASTROVIRREYNA";"TICRAPO";"GOBIERNO REGIONAL";"I-3";"00004012";"TICRAPO";"NE_0001";"";"NE_0001";"NE_0001";"NE_0001";"NE_0001";"NE_0001";"NE_0001";"NE_0001"
"2023";"12";"090413";"HUANCAVELICA";"CASTROVIRREYNA";"TICRAPO";"GOBIERNO REGIONAL";"I-1";"00004013";"CHACOYA";"NE_0001";"";"NE_0001";"NE_0001";"NE_0001";"NE_0001";"NE_0001";"NE_0001";"NE_0001"
"2023";"12";"090401";"HUANCAVELICA";"CASTROVIRREYNA";"CASTROVIRREYNA";"GOBIERNO REGIONAL";"I-2";"00004004";"ESMERALDA";"NE_0001";"";"NE_0001";"NE_0001";"NE_0001";"NE_0001";"NE_0001";"NE_0001";"NE_0001"
"2023";"12";"090409";"HUANCAVELICA";"CASTROVIRREYNA";"MOLLEPAMPA";"GOBIERNO REGIONAL";"I-2";"00004015";"MOLLEPAMPA";"NE_0001";"";"NE_0001";"NE_0001";"NE_0001";"NE_0001";"NE_0001";"NE_0001";"NE_0001"
"2023";"12";"070102";"CALLAO";"CALLAO";"BELLAVISTA";"GOBIERNO REGIONAL";"0";"00028102";"SISTEMA DE ATENCION MOVIL DE URGENCIA - SAMU CALLAO";"NE_0001";"";"NE_0001";"NE_0001";"NE_0001";"NE_0001";"NE_0001";"NE_0001";"NE_0001"
"2023";"11";"050113";"AYACUCHO";"HUAMANGA";"TAMBILLO";"GOBIERNO REGIONAL";"I-1";"00003550";"PUESTO DE SALUD NIÑO  YUCAY";"NE_0002";"";"NE_0002";"NE_0002";"NE_0002";"NE_0002";"NE_0002";"NE_0002";"NE_0002"
"2023";"12";"190107";"PASCO";"PASCO";"PAUCARTAMBO";"ESSALUD";"I-2";"00009762";"POSTA MEDICA DE PAUCARTAMBO";"NE_0001";"";"NE_0001";"NE_0001";"NE_0001";"NE_0001";"NE_0001";"NE_0001";"NE_0001"
"2023";"11";"081002";"CUSCO";"PARURO";"ACCHA";"GOBIERNO REGIONAL";"I-3";"00002500";"ACCHA";"NE_0002";"";"NE_0002";"NE_0002";"NE_0002";"NE_0002";"NE_0002";"NE_0002";"NE_0002"
"2023";"11";"081101";"CUSCO";"PAUCARTAMBO";"PAUCARTAMBO";"GOBIERNO REGIONAL";"I-4";"00002510";"PAUCARTAMBO";"NE_0002";"";"NE_0002";"NE_0002";"NE_0002";"NE_0002";"NE_0002";"NE_0002";"NE_0002"
"2023";"11";"081104";"CUSCO";"PAUCARTAMBO";"COLQUEPATA";"GOBIERNO REGIONAL";"I-1";"00002517";"PICHIHUA COLQUEPATA";"NE_0002";"";"NE_0002";"NE_0002";"NE_0002";"NE_0002";"NE_0002";"NE_0002";"NE_0002"
"2023";"11";"081105";"CUSCO";"PAUCARTAMBO";"HUANCARANI";"GOBIERNO REGIONAL";"I-4";"00002520";"HUANCARANI";"NE_0002";"";"NE_0002";"NE_0002";"NE_0002";"NE_0002";"NE_0002";"NE_0002";"NE_0002"
"2023";"11";"211101";"PUNO";"SAN ROMAN";"JULIACA";"PRIVADO";"II-E";"00020181";"CLINICA INTERNACIONAL NACER";"241600";"HOSPITALIZACIÓN QUIRÚRGICA OBSTETRICIA   ";"15";"15";"30";"15";"10";"270";"0"
"2023";"11";"110201";"ICA";"CHINCHA";"CHINCHA ALTA";"PRIVADO";"II-E";"00025160";"CLIN. DANIEL A. CARRION";"NE_0001";"";"NE_0001";"NE_0001";"NE_0001";"NE_0001";"NE_0001";"NE_0001";"NE_0001"
"2023";"11";"060101";"CAJAMARCA";"CAJAMARCA";"CAJAMARCA";"PRIVADO";"II-1";"00009599";"CLINICA SAN FRANCISCO DE ASIS S.A.";"240100";"HOSPITALIZACIÓN QUIRÚRGICA CIRUGÍA GENERAL ";"13";"13";"29";"13";"2";"60";"0"
"2023";"11";"060101";"CAJAMARCA";"CAJAMARCA";"CAJAMARCA";"PRIVADO";"II-1";"00009599";"CLINICA SAN FRANCISCO DE ASIS S.A.";"240200";"HOSPITALIZACIÓN QUIRÚRGICA CIRUGÍA DE CABEZA Y CUELLO / MÁXILO FACIAL ";"4";"4";"4";"4";"2";"60";"0"
"2023";"11";"060101";"CAJAMARCA";"CAJAMARCA";"CAJAMARCA";"PRIVADO";"II-1";"00009599";"CLINICA SAN FRANCISCO DE ASIS S.A.";"240800";"HOSPITALIZACIÓN QUIRÚRGICA CIRUGÍA PLÁSTICA/RECONSTRUCTIVA/ REPARADORA ";"1";"1";"2";"1";"2";"60";"0"
"2023";"11";"060101";"CAJAMARCA";"CAJAMARCA";"CAJAMARCA";"PRIVADO";"II-1";"00009599";"CLINICA SAN FRANCISCO DE ASIS S.A.";"241200";"HOSPITALIZACIÓN QUIRÚRGICA TRAUMATOLOGÍA Y ORTOPEDIA ";"4";"4";"4";"4";"2";"60";"0"
"2023";"11";"060101";"CAJAMARCA";"CAJAMARCA";"CAJAMARCA";"PRIVADO";"II-1";"00009599";"CLINICA SAN FRANCISCO DE ASIS S.A.";"241300";"HOSPITALIZACIÓN QUIRÚRGICA UROLOGÍA  ";"1";"1";"2";"1";"2";"60";"0"
"2023";"11";"060101";"CAJAMARCA";"CAJAMARCA";"CAJAMARCA";"PRIVADO";"II-1";"00009599";"CLINICA SAN FRANCISCO DE ASIS S.A.";"241400";"HOSPITALIZACIÓN QUIRÚRGICA GINECO - OBSTETRICIA ";"11";"11";"11";"11";"2";"60";"0"
"2023";"11";"060101";"CAJAMARCA";"CAJAMARCA";"CAJAMARCA";"PRIVADO";"II-1";"00009599";"CLINICA SAN FRANCISCO DE ASIS S.A.";"241500";"HOSPITALIZACIÓN QUIRÚRGICA GINECOLOGÍA  ";"2";"2";"3";"2";"2";"60";"0"
"2023";"11";"060101";"CAJAMARCA";"CAJAMARCA";"CAJAMARCA";"PRIVADO";"II-1";"00009599";"CLINICA SAN FRANCISCO DE ASIS S.A.";"241900";"HOSPITALIZACIÓN DE MEDICINA MEDICINA INTERNA ";"2";"2";"3";"2";"2";"60";"0"
"2023";"11";"060101";"CAJAMARCA";"CAJAMARCA";"CAJAMARCA";"PRIVADO";"II-1";"00009599";"CLINICA SAN FRANCISCO DE ASIS S.A.";"242300";"HOSPITALIZACIÓN DE PEDIATRÍA  PEDIATRÍA  GENERAL ";"2";"2";"5";"2";"2";"60";"0"
"2023";"11";"060101";"CAJAMARCA";"CAJAMARCA";"CAJAMARCA";"PRIVADO";"II-1";"00009599";"CLINICA SAN FRANCISCO DE ASIS S.A.";"244000";"HOSPITALIZACIÓN DE MEDICINA CARDIOLOGIA ";"1";"1";"1";"1";"2";"60";"0"
"2023";"08";"030201";"APURIMAC";"ANDAHUAYLAS";"ANDAHUAYLAS";"PRIVADO";"II-E";"00014403";"CLINICA DEL NIÑO ANDAHUAYLAS";"NE_0001";"";"NE_0001";"NE_0001";"NE_0001";"NE_0001";"NE_0001";"NE_0001";"NE_0001"
"2023";"12";"150130";"LIMA";"LIMA";"SAN BORJA";"PRIVADO";"II-1";"00010515";"CLINICA SANTA LUCIA S.A.C.";"NE_0002";"";"NE_0002";"NE_0002";"NE_0002";"NE_0002";"NE_0002";"NE_0002";"NE_0002"
"2023";"12";"150136";"LIMA";"LIMA";"SAN MIGUEL";"SANIDAD DE LA POLICIA NACIONAL DEL PERU";"II-E";"00014718";"HOSPITAL GERIATRICO PNP SAN JOSE";"244400";"HOSPITALIZACIÓN DE MEDICINA GERIATRIA ";"20";"24";"288";"223";"26";"806";"5"
"2023";"12";"180301";"MOQUEGUA";"ILO";"ILO";"SANIDAD DEL EJERCITO DEL PERU";"I-2";"00028386";"AGRUPAMIENTO  DE COHETES ANTIAEREO ""CRL JOSE GALVEZ""";"NE_0001";"";"NE_0001";"NE_0001";"NE_0001";"NE_0001";"NE_0001";"NE_0001";"NE_0001"
"2023";"12";"130503";"LA LIBERTAD";"JULCAN";"CARABAMBA";"GOBIERNO REGIONAL";"I-2";"00006773";"VILLA MARIA";"NE_0002";"";"NE_0002";"NE_0002";"NE_0002";"NE_0002";"NE_0002";"NE_0002";"NE_0002"
"2023";"12";"130503";"LA LIBERTAD";"JULCAN";"CARABAMBA";"GOBIERNO REGIONAL";"I-3";"00005310";"CARABAMBA";"NE_0002";"";"NE_0002";"NE_0002";"NE_0002";"NE_0002";"NE_0002";"NE_0002";"NE_0002"
"2023";"12";"130503";"LA LIBERTAD";"JULCAN";"CARABAMBA";"GOBIERNO REGIONAL";"I-2";"00005311";"SAN JOSE DE SALO BAJO";"NE_0002";"";"NE_0002";"NE_0002";"NE_0002";"NE_0002";"NE_0002";"NE_0002";"NE_0002"
"2023";"12";"060108";"CAJAMARCA";"CAJAMARCA";"LOS BAÑOS DEL INCA";"ESSALUD";"I-3";"00010821";"CENTRO DE ATENCION PRIMARIA II";"NE_0001";"";"NE_0001";"NE_0001";"NE_0001";"NE_0001";"NE_0001";"NE_0001";"NE_0001"
"2023";"12";"150108";"LIMA";"LIMA";"CHORRILLOS";"SANIDAD DE LA POLICIA NACIONAL DEL PERU";"I-3";"00020382";"POLICLINICO POLICIAL CHORRILLOS";"NE_0001";"";"NE_0001";"NE_0001";"NE_0001";"NE_0001";"NE_0001";"NE_0001";"NE_0001"
"2023";"12";"021602";"ANCASH";"POMABAMBA";"HUAYLLAN";"GOBIERNO REGIONAL";"I-1";"00001774";"PUESTO DE SALUD HUAYCHO";"NE_0002";"";"NE_0002";"NE_0002";"NE_0002";"NE_0002";"NE_0002";"NE_0002";"NE_0002"
"2023";"12";"021307";"ANCASH";"MARISCAL LUZURIAGA";"LUCMA";"GOBIERNO REGIONAL";"I-2";"00001790";"PUESTO DE SALUD LUCMA";"NE_0002";"";"NE_0002";"NE_0002";"NE_0002";"NE_0002";"NE_0002";"NE_0002";"NE_0002"
"2023";"12";"021307";"ANCASH";"MARISCAL LUZURIAGA";"LUCMA";"GOBIERNO REGIONAL";"I-1";"00001791";"PUESTO DE SALUD SECCHA";"NE_0002";"";"NE_0002";"NE_0002";"NE_0002";"NE_0002";"NE_0002";"NE_0002";"NE_0002"
"2023";"12";"021601";"ANCASH";"POMABAMBA";"POMABAMBA";"GOBIERNO REGIONAL";"I-2";"00001768";"PUESTO DE SALUD VILCABAMBA";"NE_0002";"";"NE_0002";"NE_0002";"NE_0002";"NE_0002";"NE_0002";"NE_0002";"NE_0002"
"2023";"12";"021601";"ANCASH";"POMABAMBA";"POMABAMBA";"GOBIERNO REGIONAL";"I-1";"00001766";"PUESTO DE SALUD SOCSI";"NE_0002";"";"NE_0002";"NE_0002";"NE_0002";"NE_0002";"NE_0002";"NE_0002";"NE_0002"
"2023";"12";"021601";"ANCASH";"POMABAMBA";"POMABAMBA";"GOBIERNO REGIONAL";"I-1";"00001767";"PUESTO DE SALUD CHUYAS";"NE_0002";"";"NE_0002";"NE_0002";"NE_0002";"NE_0002";"NE_0002";"NE_0002";"NE_0002"
"2023";"12";"021602";"ANCASH";"POMABAMBA";"HUAYLLAN";"GOBIERNO REGIONAL";"I-1";"00001772";"PUESTO DE SALUD HUAYLLAN";"NE_0002";"";"NE_0002";"NE_0002";"NE_0002";"NE_0002";"NE_0002";"NE_0002";"NE_0002"
"2023";"12";"021602";"ANCASH";"POMABAMBA";"HUAYLLAN";"GOBIERNO REGIONAL";"I-1";"00001773";"PUESTO DE SALUD ACOBAMBA";"NE_0002";"";"NE_0002";"NE_0002";"NE_0002";"NE_0002";"NE_0002";"NE_0002";"NE_0002"
"2023";"12";"021601";"ANCASH";"POMABAMBA";"POMABAMBA";"GOBIERNO REGIONAL";"I-2";"00001769";"PUESTO DE SALUD CONOPA";"NE_0002";"";"NE_0002";"NE_0002";"NE_0002";"NE_0002";"NE_0002";"NE_0002";"NE_0002"
"2023";"12";"021601";"ANCASH";"POMABAMBA";"POMABAMBA";"GOBIERNO REGIONAL";"I-1";"00001770";"PUESTO DE SALUD JANCAPAMPA";"NE_0002";"";"NE_0002";"NE_0002";"NE_0002";"NE_0002";"NE_0002";"NE_0002";"NE_0002"
"2023";"12";"021302";"ANCASH";"MARISCAL LUZURIAGA";"CASCA";"GOBIERNO REGIONAL";"I-2";"00001785";"PUESTO DE SALUD CASCA";"NE_0002";"";"NE_0002";"NE_0002";"NE_0002";"NE_0002";"NE_0002";"NE_0002";"NE_0002"
"2023";"12";"021307";"ANCASH";"MARISCAL LUZURIAGA";"LUCMA";"GOBIERNO REGIONAL";"0";"00017687";"P. S. MASQUI";"NE_0002";"";"NE_0002";"NE_0002";"NE_0002";"NE_0002";"NE_0002";"NE_0002";"NE_0002"
"2023";"12";"050902";"AYACUCHO";"SUCRE";"BELEN";"GOBIERNO REGIONAL";"I-1";"00003803";"PUESTO DE SALUD BELEN";"NE_0001";"";"NE_0001";"NE_0001";"NE_0001";"NE_0001";"NE_0001";"NE_0001";"NE_0001"
"2023";"12";"050909";"AYACUCHO";"SUCRE";"SAN SALVADOR DE QUIJE";"GOBIERNO REGIONAL";"I-1";"00003807";"PUESTO DE SALUD SANTIAGO DE PALLCCA";"NE_0001";"";"NE_0001";"NE_0001";"NE_0001";"NE_0001";"NE_0001";"NE_0001";"NE_0001"
"2023";"12";"050903";"AYACUCHO";"SUCRE";"CHALCOS";"GOBIERNO REGIONAL";"I-1";"00003804";"PUESTO DE SALUD CHALCOS";"NE_0001";"";"NE_0001";"NE_0001";"NE_0001";"NE_0001";"NE_0001";"NE_0001";"NE_0001"
"2023";"12";"050908";"AYACUCHO";"SUCRE";"SAN PEDRO DE LARCAY";"GOBIERNO REGIONAL";"I-2";"00003815";"SAN PEDRO DE LARCAY";"NE_0001";"";"NE_0001";"NE_0001";"NE_0001";"NE_0001";"NE_0001";"NE_0001";"NE_0001"
"2023";"12";"050910";"AYACUCHO";"SUCRE";"SANTIAGO DE PAUCARAY";"GOBIERNO REGIONAL";"I-1";"00003817";"PUESTO DE SALUD ATIHUARA";"NE_0001";"";"NE_0001";"NE_0001";"NE_0001";"NE_0001";"NE_0001";"NE_0001";"NE_0001"
"2023";"12";"050909";"AYACUCHO";"SUCRE";"SAN SALVADOR DE QUIJE";"GOBIERNO REGIONAL";"I-1";"00006900";"PUESTO DE SALUD VISTA ALEGRE - SUCRE";"NE_0001";"";"NE_0001";"NE_0001";"NE_0001";"NE_0001";"NE_0001";"NE_0001";"NE_0001"
"2023";"12";"050904";"AYACUCHO";"SUCRE";"CHILCAYOC";"GOBIERNO REGIONAL";"I-2";"00003805";"PUESTO DE SALUD CHILCAYOCC";"NE_0001";"";"NE_0001";"NE_0001";"NE_0001";"NE_0001";"NE_0001";"NE_0001";"NE_0001"
"2023";"12";"050909";"AYACUCHO";"SUCRE";"SAN SALVADOR DE QUIJE";"GOBIERNO REGIONAL";"I-1";"00003806";"PUESTO DE SALUD SAN SALVADOR DE QUIJE";"NE_0001";"";"NE_0001";"NE_0001";"NE_0001";"NE_0001";"NE_0001";"NE_0001";"NE_0001"
"2023";"12";"050901";"AYACUCHO";"SUCRE";"QUEROBAMBA";"GOBIERNO REGIONAL";"I-4";"00003808";"CENTRO DE SALUD QUEROBAMBA";"241800";"HOSPITALIZACIÓN DE MEDICINA MEDICINA GENERAL ";"1";"1";"1";"2";"10";"11";"0"
"2023";"12";"050907";"AYACUCHO";"SUCRE";"PAICO";"GOBIERNO REGIONAL";"I-1";"00003813";"PUESTO DE SALUD PAICO";"NE_0001";"";"NE_0001";"NE_0001";"NE_0001";"NE_0001";"NE_0001";"NE_0001";"NE_0001"
"2023";"12";"050905";"AYACUCHO";"SUCRE";"HUACAÑA";"GOBIERNO REGIONAL";"I-1";"00003719";"PUESTO DE SALUD HUACAÑA";"NE_0001";"";"NE_0001";"NE_0001";"NE_0001";"NE_0001";"NE_0001";"NE_0001";"NE_0001"
"2023";"12";"050901";"AYACUCHO";"SUCRE";"QUEROBAMBA";"GOBIERNO REGIONAL";"I-1";"00003802";"PUESTO DE SALUD POTONGO";"NE_0001";"";"NE_0001";"NE_0001";"NE_0001";"NE_0001";"NE_0001";"NE_0001";"NE_0001"
"2023";"12";"050910";"AYACUCHO";"SUCRE";"SANTIAGO DE PAUCARAY";"GOBIERNO REGIONAL";"I-1";"00007096";"PUESTO DE SALUD AUTAMA";"NE_0001";"";"NE_0001";"NE_0001";"NE_0001";"NE_0001";"NE_0001";"NE_0001";"NE_0001"
"2023";"12";"150140";"LIMA";"LIMA";"SANTIAGO DE SURCO";"PRIVADO";"II-E";"00023741";"CLINICA OFTALMO VISSUM";"NE_0001";"";"NE_0001";"NE_0001";"NE_0001";"NE_0001";"NE_0001";"NE_0001";"NE_0001"
"2023";"12";"070102";"CALLAO";"CALLAO";"BELLAVISTA";"GOBIERNO REGIONAL";"0";"00016110";"ATENCIÓN DOMICILIARIA AL ADULTO MAYOR Y PACIENTE ONCOLOGICO (ADAMO)";"NE_0001";"";"NE_0001";"NE_0001";"NE_0001";"NE_0001";"NE_0001";"NE_0001";"NE_0001"
"2023";"12";"060614";"CAJAMARCA";"CUTERVO";"SOCOTA";"GOBIERNO REGIONAL";"I-1";"00007749";"CHURUMAYO";"NE_0001";"";"NE_0001";"NE_0001";"NE_0001";"NE_0001";"NE_0001";"NE_0001";"NE_0001"
"2023";"12";"060614";"CAJAMARCA";"CUTERVO";"SOCOTA";"GOBIERNO REGIONAL";"I-1";"00011061";"NUEVO ORIENTE DE SOCOTA";"NE_0001";"";"NE_0001";"NE_0001";"NE_0001";"NE_0001";"NE_0001";"NE_0001";"NE_0001"
"2023";"12";"060614";"CAJAMARCA";"CUTERVO";"SOCOTA";"GOBIERNO REGIONAL";"I-1";"00011063";"LIBERTAD LA PALMA";"NE_0001";"";"NE_0001";"NE_0001";"NE_0001";"NE_0001";"NE_0001";"NE_0001";"NE_0001"
"2023";"12";"060610";"CAJAMARCA";"CUTERVO";"SAN LUIS DE LUCMA";"GOBIERNO REGIONAL";"I-1";"00005039";"SANTO DOMINGO DE LA LUCMA";"NE_0001";"";"NE_0001";"NE_0001";"NE_0001";"NE_0001";"NE_0001";"NE_0001";"NE_0001"
"2023";"12";"060614";"CAJAMARCA";"CUTERVO";"SOCOTA";"GOBIERNO REGIONAL";"I-1";"00005041";"MOCHADIN";"NE_0001";"";"NE_0001";"NE_0001";"NE_0001";"NE_0001";"NE_0001";"NE_0001";"NE_0001"
"2023";"12";"060614";"CAJAMARCA";"CUTERVO";"SOCOTA";"GOBIERNO REGIONAL";"I-1";"00006866";"CUÑANQUE";"NE_0001";"";"NE_0001";"NE_0001";"NE_0001";"NE_0001";"NE_0001";"NE_0001";"NE_0001"
"2023";"12";"060614";"CAJAMARCA";"CUTERVO";"SOCOTA";"GOBIERNO REGIONAL";"I-1";"00006948";"SANTA ELENA";"NE_0001";"";"NE_0001";"NE_0001";"NE_0001";"NE_0001";"NE_0001";"NE_0001";"NE_0001"
"2023";"12";"060610";"CAJAMARCA";"CUTERVO";"SAN LUIS DE LUCMA";"GOBIERNO REGIONAL";"I-1";"00007048";"SEXESHITA";"NE_0001";"";"NE_0001";"NE_0001";"NE_0001";"NE_0001";"NE_0001";"NE_0001";"NE_0001"
"2023";"12";"150133";"LIMA";"LIMA";"SAN JUAN DE MIRAFLORES";"MINSA";"III-1";"00005987";"HOSPITAL MARIA AUXILIADORA";"240100";"HOSPITALIZACIÓN QUIRÚRGICA CIRUGÍA GENERAL ";"242";"276";"2102";"1536";"75";"2323";"2"
"2023";"12";"150133";"LIMA";"LIMA";"SAN JUAN DE MIRAFLORES";"MINSA";"III-1";"00005987";"HOSPITAL MARIA AUXILIADORA";"241400";"HOSPITALIZACIÓN QUIRÚRGICA GINECO - OBSTETRICIA ";"429";"471";"1387";"1454";"68";"2111";"0"
"2023";"12";"150133";"LIMA";"LIMA";"SAN JUAN DE MIRAFLORES";"MINSA";"III-1";"00005987";"HOSPITAL MARIA AUXILIADORA";"243200";"HOSPITALIZACIÓN DE PEDIATRÍA PEDIATRIA NEONATOLOGÍA";"90";"87";"1311";"825";"45";"1409";"1"
"2023";"12";"150133";"LIMA";"LIMA";"SAN JUAN DE MIRAFLORES";"MINSA";"III-1";"00005987";"HOSPITAL MARIA AUXILIADORA";"250100";"UNIDAD DE CUIDADOS CRITICOS UNIDAD  DE CUIDADOS INTENSIVOS GENERALES (UCI) ";"32";"14";"130";"322";"12";"372";"13"
"2023";"12";"150133";"LIMA";"LIMA";"SAN JUAN DE MIRAFLORES";"MINSA";"III-1";"00005987";"HOSPITAL MARIA AUXILIADORA";"250105";"UNIDAD DE CUIDADOS CRITICOS UNIDAD  DE CUIDADOS INTENSIVOS  (UCI) NEONATOLOGÍA";"9";"3";"18";"230";"9";"279";"3"
"2023";"12";"150133";"LIMA";"LIMA";"SAN JUAN DE MIRAFLORES";"MINSA";"III-1";"00005987";"HOSPITAL MARIA AUXILIADORA";"250108";"UNIDAD DE CUIDADOS CRITICOS UNIDAD  DE CUIDADOS INTENSIVOS  (UCI) PEDIÁTRICA";"7";"1";"5";"100";"5";"155";"0"
"2023";"12";"150133";"LIMA";"LIMA";"SAN JUAN DE MIRAFLORES";"MINSA";"III-1";"00005987";"HOSPITAL MARIA AUXILIADORA";"250200";"UNIDAD DE CUIDADOS CRITICOS UNIDAD DE CUIDADOS INTERMEDIOS GENERAL  (UCIN) ";"12";"3";"25";"155";"7";"217";"2"
"2023";"12";"150101";"LIMA";"LIMA";"LIMA";"MINSA";"III-E";"00006215";"HOSPITAL NACIONAL DOCENTE MADRE NIÑO SAN BARTOLOME";"240100";"HOSPITALIZACIÓN QUIRÚRGICA CIRUGÍA GENERAL ";"48";"49";"862";"555";"31";"958";"0"
"2023";"12";"150101";"LIMA";"LIMA";"LIMA";"MINSA";"III-E";"00006215";"HOSPITAL NACIONAL DOCENTE MADRE NIÑO SAN BARTOLOME";"241500";"HOSPITALIZACIÓN QUIRÚRGICA GINECOLOGÍA  ";"91";"113";"328";"306";"17";"523";"0"
"2023";"12";"150101";"LIMA";"LIMA";"LIMA";"MINSA";"III-E";"00006215";"HOSPITAL NACIONAL DOCENTE MADRE NIÑO SAN BARTOLOME";"241600";"HOSPITALIZACIÓN QUIRÚRGICA OBSTETRICIA   ";"420";"403";"1517";"1474";"71";"2207";"0"
"2023";"12";"150101";"LIMA";"LIMA";"LIMA";"MINSA";"III-E";"00006215";"HOSPITAL NACIONAL DOCENTE MADRE NIÑO SAN BARTOLOME";"242100";"HOSPITALIZACIÓN DE MEDICINA ONCOLOGÍA MÉDICA ";"28";"35";"96";"85";"4";"125";"0"
"2023";"12";"150101";"LIMA";"LIMA";"LIMA";"MINSA";"III-E";"00006215";"HOSPITAL NACIONAL DOCENTE MADRE NIÑO SAN BARTOLOME";"242500";"HOSPITALIZACIÓN-PEDIATRÍA GENERAL-";"53";"59";"808";"776";"29";"901";"0"
"2023";"12";"150101";"LIMA";"LIMA";"LIMA";"MINSA";"III-E";"00006215";"HOSPITAL NACIONAL DOCENTE MADRE NIÑO SAN BARTOLOME";"243200";"HOSPITALIZACIÓN DE PEDIATRÍA PEDIATRIA NEONATOLOGÍA";"87";"90";"728";"484";"18";"538";"0"
"2023";"12";"150101";"LIMA";"LIMA";"LIMA";"MINSA";"III-E";"00006215";"HOSPITAL NACIONAL DOCENTE MADRE NIÑO SAN BARTOLOME";"250105";"UNIDAD DE CUIDADOS CRITICOS UNIDAD  DE CUIDADOS INTENSIVOS  (UCI) NEONATOLOGÍA";"1";"2";"17";"296";"12";"372";"2"
"2023";"12";"200115";"PIURA";"PIURA";"VEINTISEIS DE OCTUBRE";"GOBIERNO REGIONAL";"II-2";"00002084";"HOSPITAL DE LA AMISTAD PERU - COREA SANTA ROSA II-2";"240100";"HOSPITALIZACIÓN QUIRÚRGICA CIRUGÍA GENERAL ";"161";"133";"489";"1137";"40";"1240";"0"
"2023";"12";"200115";"PIURA";"PIURA";"VEINTISEIS DE OCTUBRE";"GOBIERNO REGIONAL";"II-2";"00002084";"HOSPITAL DE LA AMISTAD PERU - COREA SANTA ROSA II-2";"241500";"HOSPITALIZACIÓN QUIRÚRGICA GINECOLOGÍA  ";"145";"139";"265";"386";"16";"496";"0"
"2023";"12";"200115";"PIURA";"PIURA";"VEINTISEIS DE OCTUBRE";"GOBIERNO REGIONAL";"II-2";"00002084";"HOSPITAL DE LA AMISTAD PERU - COREA SANTA ROSA II-2";"241600";"HOSPITALIZACIÓN QUIRÚRGICA OBSTETRICIA   ";"241";"225";"375";"438";"25";"775";"0"
"2023";"12";"200115";"PIURA";"PIURA";"VEINTISEIS DE OCTUBRE";"GOBIERNO REGIONAL";"II-2";"00002084";"HOSPITAL DE LA AMISTAD PERU - COREA SANTA ROSA II-2";"241800";"HOSPITALIZACIÓN DE MEDICINA MEDICINA GENERAL ";"121";"75";"456";"1334";"50";"1550";"1"
"2023";"12";"200115";"PIURA";"PIURA";"VEINTISEIS DE OCTUBRE";"GOBIERNO REGIONAL";"II-2";"00002084";"HOSPITAL DE LA AMISTAD PERU - COREA SANTA ROSA II-2";"242500";"HOSPITALIZACIÓN-PEDIATRÍA GENERAL-";"48";"40";"217";"328";"13";"403";"0"
"2023";"12";"200115";"PIURA";"PIURA";"VEINTISEIS DE OCTUBRE";"GOBIERNO REGIONAL";"II-2";"00002084";"HOSPITAL DE LA AMISTAD PERU - COREA SANTA ROSA II-2";"243200";"HOSPITALIZACIÓN DE PEDIATRÍA PEDIATRIA NEONATOLOGÍA";"74";"82";"292";"647";"21";"651";"2"
"2023";"12";"150122";"LIMA";"LIMA";"MIRAFLORES";"PRIVADO";"II-E";"00015182";"OPTIMA VISION S.R.L.";"NE_0001";"";"NE_0001";"NE_0001";"NE_0001";"NE_0001";"NE_0001";"NE_0001";"NE_0001"
"2023";"11";"060508";"CAJAMARCA";"CONTUMAZA";"YONAN";"GOBIERNO REGIONAL";"I-1";"00004589";"CAFETAL";"NE_0002";"";"NE_0002";"NE_0002";"NE_0002";"NE_0002";"NE_0002";"NE_0002";"NE_0002"
"2023";"11";"060508";"CAJAMARCA";"CONTUMAZA";"YONAN";"GOBIERNO REGIONAL";"I-1";"00004588";"VENTANILLA";"NE_0002";"";"NE_0002";"NE_0002";"NE_0002";"NE_0002";"NE_0002";"NE_0002";"NE_0002"
"2023";"11";"060503";"CAJAMARCA";"CONTUMAZA";"CUPISNIQUE";"GOBIERNO REGIONAL";"I-1";"00004590";"TRINIDAD";"NE_0002";"";"NE_0002";"NE_0002";"NE_0002";"NE_0002";"NE_0002";"NE_0002";"NE_0002"
"2023";"11";"060503";"CAJAMARCA";"CONTUMAZA";"CUPISNIQUE";"GOBIERNO REGIONAL";"I-1";"00004591";"SANTA CATALINA";"NE_0002";"";"NE_0002";"NE_0002";"NE_0002";"NE_0002";"NE_0002";"NE_0002";"NE_0002"
"2023";"11";"060508";"CAJAMARCA";"CONTUMAZA";"YONAN";"GOBIERNO REGIONAL";"I-4";"00004587";"TEMBLADERA";"241600";"HOSPITALIZACIÓN QUIRÚRGICA OBSTETRICIA   ";"8";"8";"20";"47";"5";"150";"0"
"2023";"11";"060508";"CAJAMARCA";"CONTUMAZA";"YONAN";"GOBIERNO REGIONAL";"I-4";"00004587";"TEMBLADERA";"241800";"HOSPITALIZACIÓN DE MEDICINA MEDICINA GENERAL ";"18";"18";"40";"177";"12";"372";"0"
"2023";"11";"060508";"CAJAMARCA";"CONTUMAZA";"YONAN";"GOBIERNO REGIONAL";"I-1";"00004592";"PAY PAY";"NE_0002";"";"NE_0002";"NE_0002";"NE_0002";"NE_0002";"NE_0002";"NE_0002";"NE_0002"
"2023";"12";"150113";"LIMA";"LIMA";"JESUS MARIA";"PRIVADO";"I-3";"00023785";"CONSULTORIO MEDICO";"NE_0001";"";"NE_0001";"NE_0001";"NE_0001";"NE_0001";"NE_0001";"NE_0001";"NE_0001"
"2023";"10";"250301";"UCAYALI";"PADRE ABAD";"PADRE ABAD";"GOBIERNO REGIONAL";"I-1";"00030640";"PUESTO DE SALUD YAMINO";"NE_0002";"";"NE_0002";"NE_0002";"NE_0002";"NE_0002";"NE_0002";"NE_0002";"NE_0002"
"2023";"10";"250301";"UCAYALI";"PADRE ABAD";"PADRE ABAD";"GOBIERNO REGIONAL";"I-1";"00030639";"PUESTO DE SALUD VALLE DE SION";"NE_0002";"";"NE_0002";"NE_0002";"NE_0002";"NE_0002";"NE_0002";"NE_0002";"NE_0002"
"2023";"10";"250301";"UCAYALI";"PADRE ABAD";"PADRE ABAD";"GOBIERNO REGIONAL";"I-1";"00030638";"PUESTO DE SALUD LOS OLIVOS";"NE_0002";"";"NE_0002";"NE_0002";"NE_0002";"NE_0002";"NE_0002";"NE_0002";"NE_0002"
"2023";"10";"250106";"UCAYALI";"CORONEL PORTILLO";"NUEVA REQUENA";"GOBIERNO REGIONAL";"I-1";"00013174";"SAN PABLO DE JUANTIA";"NE_0001";"";"NE_0001";"NE_0001";"NE_0001";"NE_0001";"NE_0001";"NE_0001";"NE_0001"
"2023";"10";"250106";"UCAYALI";"CORONEL PORTILLO";"NUEVA REQUENA";"GOBIERNO REGIONAL";"I-1";"00005450";"NARANJAL";"NE_0001";"";"NE_0001";"NE_0001";"NE_0001";"NE_0001";"NE_0001";"NE_0001";"NE_0001"
"2023";"10";"250106";"UCAYALI";"CORONEL PORTILLO";"NUEVA REQUENA";"GOBIERNO REGIONAL";"I-1";"00005449";"SHAMBO PORVENIR";"NE_0001";"";"NE_0001";"NE_0001";"NE_0001";"NE_0001";"NE_0001";"NE_0001";"NE_0001"
"2023";"10";"250106";"UCAYALI";"CORONEL PORTILLO";"NUEVA REQUENA";"GOBIERNO REGIONAL";"I-1";"00005448";"MIRAFLORES";"NE_0001";"";"NE_0001";"NE_0001";"NE_0001";"NE_0001";"NE_0001";"NE_0001";"NE_0001"
"2023";"10";"250106";"UCAYALI";"CORONEL PORTILLO";"NUEVA REQUENA";"GOBIERNO REGIONAL";"I-1";"00005447";"ESPERANZA  DE AGUAYTIA";"NE_0001";"";"NE_0001";"NE_0001";"NE_0001";"NE_0001";"NE_0001";"NE_0001";"NE_0001"
"2023";"10";"250106";"UCAYALI";"CORONEL PORTILLO";"NUEVA REQUENA";"GOBIERNO REGIONAL";"I-1";"00005446";"NUEVO PIURA";"NE_0001";"";"NE_0001";"NE_0001";"NE_0001";"NE_0001";"NE_0001";"NE_0001";"NE_0001"
"2023";"10";"250106";"UCAYALI";"CORONEL PORTILLO";"NUEVA REQUENA";"GOBIERNO REGIONAL";"I-1";"00005445";"JUVENTUD";"NE_0001";"";"NE_0001";"NE_0001";"NE_0001";"NE_0001";"NE_0001";"NE_0001";"NE_0001"
"2023";"10";"250102";"UCAYALI";"CORONEL PORTILLO";"CAMPOVERDE";"GOBIERNO REGIONAL";"I-1";"00005444";"SARITA COLONIA";"NE_0001";"";"NE_0001";"NE_0001";"NE_0001";"NE_0001";"NE_0001";"NE_0001";"NE_0001"
"2023";"10";"250106";"UCAYALI";"CORONEL PORTILLO";"NUEVA REQUENA";"GOBIERNO REGIONAL";"I-3";"00005443";"NUEVA REQUENA";"NE_0001";"";"NE_0001";"NE_0001";"NE_0001";"NE_0001";"NE_0001";"NE_0001";"NE_0001"
"2023";"12";"100101";"HUANUCO";"HUANUCO";"HUANUCO";"PRIVADO";"II-E";"00021062";"CLINICA SAN JUAN BOSCO E.I.R.L.";"240000";"HOSPITALIZACIÓN";"7";"7";"7";"7";"11";"330";"0"
"2023";"12";"180101";"MOQUEGUA";"MARISCAL NIETO";"MOQUEGUA";"SANIDAD DEL EJERCITO DEL PERU";"I-2";"00031941";"CENTRO DE SALUD MILITAR DE LA 3RA BRIG BLIN";"NE_0001";"";"NE_0001";"NE_0001";"NE_0001";"NE_0001";"NE_0001";"NE_0001";"NE_0001"
"2023";"12";"230401";"TACNA";"TARATA";"TARATA";"ESSALUD";"I-2";"00010192";"CENTRO DE ATENCION PRIMARIA I TARATA";"NE_0001";"";"NE_0001";"NE_0001";"NE_0001";"NE_0001";"NE_0001";"NE_0001";"NE_0001"
"2023";"12";"150101";"LIMA";"LIMA";"LIMA";"ESSALUD";"I-3";"00008539";"POLICLINICO CHINCHA";"NE_0001";"";"NE_0001";"NE_0001";"NE_0001";"NE_0001";"NE_0001";"NE_0001";"NE_0001"
"2023";"12";"120606";"JUNIN";"SATIPO";"PANGOA";"GOBIERNO REGIONAL";"I-1";"00021797";"SAN JERONIMO";"NE_0001";"";"NE_0001";"NE_0001";"NE_0001";"NE_0001";"NE_0001";"NE_0001";"NE_0001"
"2023";"12";"120606";"JUNIN";"SATIPO";"PANGOA";"GOBIERNO REGIONAL";"I-1";"00021800";"LOS ÁNGELES DE EDEN";"NE_0001";"";"NE_0001";"NE_0001";"NE_0001";"NE_0001";"NE_0001";"NE_0001";"NE_0001"
"2023";"12";"120606";"JUNIN";"SATIPO";"PANGOA";"GOBIERNO REGIONAL";"I-1";"00021814";"CENTRO SAURENI";"NE_0001";"";"NE_0001";"NE_0001";"NE_0001";"NE_0001";"NE_0001";"NE_0001";"NE_0001"
"2023";"12";"120606";"JUNIN";"SATIPO";"PANGOA";"GOBIERNO REGIONAL";"I-3";"00000445";"SAN ANTONIO DE SONOMORO";"NE_0001";"";"NE_0001";"NE_0001";"NE_0001";"NE_0001";"NE_0001";"NE_0001";"NE_0001"
"2023";"12";"120606";"JUNIN";"SATIPO";"PANGOA";"GOBIERNO REGIONAL";"I-2";"00000448";"NAYLAM DE SONOMORO";"NE_0001";"";"NE_0001";"NE_0001";"NE_0001";"NE_0001";"NE_0001";"NE_0001";"NE_0001"
"2023";"12";"120606";"JUNIN";"SATIPO";"PANGOA";"GOBIERNO REGIONAL";"I-1";"00011138";"SANTA ELENA";"NE_0001";"";"NE_0001";"NE_0001";"NE_0001";"NE_0001";"NE_0001";"NE_0001";"NE_0001"
"2023";"12";"120606";"JUNIN";"SATIPO";"PANGOA";"GOBIERNO REGIONAL";"I-1";"00021803";"LOS MANANTIALES";"NE_0001";"";"NE_0001";"NE_0001";"NE_0001";"NE_0001";"NE_0001";"NE_0001";"NE_0001"
"2023";"12";"060501";"CAJAMARCA";"CONTUMAZA";"CONTUMAZA";"ESSALUD";"I-2";"00010276";"POSTA MEDICA ESSALUD CONTUMAZA";"NE_0001";"";"NE_0001";"NE_0001";"NE_0001";"NE_0001";"NE_0001";"NE_0001";"NE_0001"
"2023";"12";"150117";"LIMA";"LIMA";"LOS OLIVOS";"PRIVADO";"II-E";"00023852";"OFTALMOSALUD";"NE_0001";"";"NE_0001";"NE_0001";"NE_0001";"NE_0001";"NE_0001";"NE_0001";"NE_0001"
"2023";"12";"120302";"JUNIN";"CHANCHAMAYO";"PERENE";"GOBIERNO REGIONAL";"I-2";"00000337";"MIRICHARO";"NE_0001";"";"NE_0001";"NE_0001";"NE_0001";"NE_0001";"NE_0001";"NE_0001";"NE_0001"
"2023";"12";"070101";"CALLAO";"CALLAO";"CALLAO";"PRIVADO";"I-2";"00011182";"CONSULTORIOS LIMATAMBO SEDE MINKA";"NE_0001";"";"NE_0001";"NE_0001";"NE_0001";"NE_0001";"NE_0001";"NE_0001";"NE_0001"
"2023";"12";"220913";"SAN MARTIN";"SAN MARTIN";"SAUCE";"GOBIERNO REGIONAL";"I-1";"00006381";"DOS DE MAYO";"NE_0001";"";"NE_0001";"NE_0001";"NE_0001";"NE_0001";"NE_0001";"NE_0001";"NE_0001"
"2023";"12";"070101";"CALLAO";"CALLAO";"CALLAO";"PRIVADO";"I-3";"00021094";"LIMATAMBO SEDE MINKA II";"NE_0001";"";"NE_0001";"NE_0001";"NE_0001";"NE_0001";"NE_0001";"NE_0001";"NE_0001"
"2023";"12";"070101";"CALLAO";"CALLAO";"CALLAO";"GOBIERNO REGIONAL";"I-2";"00006231";"PUESTO DE SALUD RAMON CASTILLA";"NE_0001";"";"NE_0001";"NE_0001";"NE_0001";"NE_0001";"NE_0001";"NE_0001";"NE_0001"
"2023";"11";"250101";"UCAYALI";"CORONEL PORTILLO";"CALLERIA";"GOBIERNO REGIONAL";"0";"00027157";"SISTEMA DE ATENCIÓN MÓVIL DE URGENCIAS (SAMU)";"NE_0001";"";"NE_0001";"NE_0001";"NE_0001";"NE_0001";"NE_0001";"NE_0001";"NE_0001"
"2023";"11";"250303";"UCAYALI";"PADRE ABAD";"CURIMANA";"GOBIERNO REGIONAL";"I-1";"00025049";"PUESTO DE SALUD MERIBA";"NE_0001";"";"NE_0001";"NE_0001";"NE_0001";"NE_0001";"NE_0001";"NE_0001";"NE_0001"
"2023";"11";"250105";"UCAYALI";"CORONEL PORTILLO";"YARINACOCHA";"GOBIERNO REGIONAL";"0";"00014314";"LABORATORIO DE REFERENCIA REGIONAL EN SALUD PUBLICA UCAYALI";"NE_0001";"";"NE_0001";"NE_0001";"NE_0001";"NE_0001";"NE_0001";"NE_0001";"NE_0001"
"2023";"12";"220305";"SAN MARTIN";"EL DORADO";"SHATOJA";"GOBIERNO REGIONAL";"I-1";"00006491";"AMINIO";"NE_0001";"";"NE_0001";"NE_0001";"NE_0001";"NE_0001";"NE_0001";"NE_0001";"NE_0001"
"2023";"12";"220301";"SAN MARTIN";"EL DORADO";"SAN JOSE DE SISA";"GOBIERNO REGIONAL";"I-4";"00006485";"HOSPITAL RURAL SAN JOSE DE SISA";"241600";"HOSPITALIZACIÓN QUIRÚRGICA OBSTETRICIA   ";"17";"18";"25";"18";"6";"186";"0"
"2023";"12";"220301";"SAN MARTIN";"EL DORADO";"SAN JOSE DE SISA";"GOBIERNO REGIONAL";"I-4";"00006485";"HOSPITAL RURAL SAN JOSE DE SISA";"241800";"HOSPITALIZACIÓN DE MEDICINA MEDICINA GENERAL ";"18";"21";"64";"21";"9";"279";"0"
"2023";"12";"120101";"JUNIN";"HUANCAYO";"HUANCAYO";"GOBIERNO REGIONAL";"I-2";"00000732";"SAN FRANCISCO";"NE_0001";"";"NE_0001";"NE_0001";"NE_0001";"NE_0001";"NE_0001";"NE_0001";"NE_0001"
"2023";"12";"120101";"JUNIN";"HUANCAYO";"HUANCAYO";"GOBIERNO REGIONAL";"I-4";"00000727";"LA LIBERTAD";"241400";"HOSPITALIZACIÓN QUIRÚRGICA GINECO - OBSTETRICIA ";"22";"23";"32";"2";"6";"14";"0"
"2023";"12";"120124";"JUNIN";"HUANCAYO";"PARIAHUANCA";"GOBIERNO REGIONAL";"I-2";"00000742";"LLACSAPIRCA";"NE_0001";"";"NE_0001";"NE_0001";"NE_0001";"NE_0001";"NE_0001";"NE_0001";"NE_0001"
"2023";"12";"120101";"JUNIN";"HUANCAYO";"HUANCAYO";"GOBIERNO REGIONAL";"I-1";"00015905";"ACOPALCA";"NE_0001";"";"NE_0001";"NE_0001";"NE_0001";"NE_0001";"NE_0001";"NE_0001";"NE_0001"
"2023";"11";"150115";"LIMA";"LIMA";"LA VICTORIA";"MINSA";"III-E";"00006212";"HOSPITAL DE EMERGENCIAS PEDIATRICAS";"240700";"HOSPITALIZACIÓN QUIRÚRGICA CIRUGÍA PEDIÁTRICA ";"36";"31";"157";"166";"7";"207";"0"
"2023";"11";"150115";"LIMA";"LIMA";"LA VICTORIA";"MINSA";"III-E";"00006212";"HOSPITAL DE EMERGENCIAS PEDIATRICAS";"250105";"UNIDAD DE CUIDADOS CRITICOS UNIDAD  DE CUIDADOS INTENSIVOS  (UCI) NEONATOLOGÍA";"5";"5";"46";"104";"4";"120";"0"
"2023";"11";"150115";"LIMA";"LIMA";"LA VICTORIA";"MINSA";"III-E";"00006212";"HOSPITAL DE EMERGENCIAS PEDIATRICAS";"250108";"UNIDAD DE CUIDADOS CRITICOS UNIDAD  DE CUIDADOS INTENSIVOS  (UCI) PEDIÁTRICA";"15";"15";"35";"213";"8";"240";"1"
"2023";"11";"150115";"LIMA";"LIMA";"LA VICTORIA";"MINSA";"III-E";"00006212";"HOSPITAL DE EMERGENCIAS PEDIATRICAS";"240900";"HOSPITALIZACIÓN QUIRÚRGICA NEUROCIRUGÍA ";"20";"14";"110";"127";"6";"180";"0"
"2023";"11";"150115";"LIMA";"LIMA";"LA VICTORIA";"MINSA";"III-E";"00006212";"HOSPITAL DE EMERGENCIAS PEDIATRICAS";"241200";"HOSPITALIZACIÓN QUIRÚRGICA TRAUMATOLOGÍA Y ORTOPEDIA ";"37";"26";"105";"140";"6";"179";"0"
"2023";"11";"150115";"LIMA";"LIMA";"LA VICTORIA";"MINSA";"III-E";"00006212";"HOSPITAL DE EMERGENCIAS PEDIATRICAS";"242300";"HOSPITALIZACIÓN DE PEDIATRÍA  PEDIATRÍA  GENERAL ";"91";"86";"764";"696";"25";"746";"0"
"2023";"11";"150113";"LIMA";"LIMA";"JESUS MARIA";"PRIVADO";"III-1";"00009116";"CLINICA SAN FELIPE S.A.";"240000";"HOSPITALIZACIÓN";"463";"442";"1579";"53";"101";"3030";"4"
"2023";"11";"150113";"LIMA";"LIMA";"JESUS MARIA";"PRIVADO";"III-1";"00009116";"CLINICA SAN FELIPE S.A.";"250200";"UNIDAD DE CUIDADOS CRITICOS UNIDAD DE CUIDADOS INTERMEDIOS GENERAL  (UCIN) ";"67";"77";"325";"11";"25";"750";"1"
"2023";"11";"150113";"LIMA";"LIMA";"JESUS MARIA";"PRIVADO";"III-1";"00009116";"CLINICA SAN FELIPE S.A.";"250100";"UNIDAD DE CUIDADOS CRITICOS UNIDAD  DE CUIDADOS INTENSIVOS GENERALES (UCI) ";"36";"33";"153";"5";"21";"630";"1"
"2023";"11";"150117";"LIMA";"LIMA";"LOS OLIVOS";"MUNICIPALIDAD DISTRITAL";"II-1";"00019787";"HOSPITAL MUNICIPAL LOS OLIVOS";"241800";"HOSPITALIZACIÓN DE MEDICINA MEDICINA GENERAL ";"9";"8";"22";"31";"25";"750";"0"
"2023";"11";"150117";"LIMA";"LIMA";"LOS OLIVOS";"MUNICIPALIDAD DISTRITAL";"II-1";"00019787";"HOSPITAL MUNICIPAL LOS OLIVOS";"240100";"HOSPITALIZACIÓN QUIRÚRGICA CIRUGÍA GENERAL ";"17";"19";"76";"93";"25";"750";"0"
"2023";"11";"150117";"LIMA";"LIMA";"LOS OLIVOS";"MUNICIPALIDAD DISTRITAL";"II-1";"00019787";"HOSPITAL MUNICIPAL LOS OLIVOS";"241200";"HOSPITALIZACIÓN QUIRÚRGICA TRAUMATOLOGÍA Y ORTOPEDIA ";"1";"2";"7";"8";"25";"750";"0"
"2023";"11";"150117";"LIMA";"LIMA";"LOS OLIVOS";"MUNICIPALIDAD DISTRITAL";"II-1";"00019787";"HOSPITAL MUNICIPAL LOS OLIVOS";"241500";"HOSPITALIZACIÓN QUIRÚRGICA GINECOLOGÍA  ";"9";"9";"18";"18";"24";"750";"0"
"2023";"11";"100503";"HUANUCO";"HUAMALIES";"CHAVIN DE PARIARCA";"GOBIERNO REGIONAL";"I-1";"00000899";"SAN JUAN DE PAMPAS";"NE_0001";"";"NE_0001";"NE_0001";"NE_0001";"NE_0001";"NE_0001";"NE_0001";"NE_0001"
"2023";"11";"100503";"HUANUCO";"HUAMALIES";"CHAVIN DE PARIARCA";"GOBIERNO REGIONAL";"I-1";"00007720";"QUIPRAN";"NE_0001";"";"NE_0001";"NE_0001";"NE_0001";"NE_0001";"NE_0001";"NE_0001";"NE_0001"
"2023";"11";"100503";"HUANUCO";"HUAMALIES";"CHAVIN DE PARIARCA";"GOBIERNO REGIONAL";"I-3";"00000896";"CHAVIN DE PARIARCA";"NE_0001";"";"NE_0001";"NE_0001";"NE_0001";"NE_0001";"NE_0001";"NE_0001";"NE_0001"
"2023";"11";"050101";"AYACUCHO";"HUAMANGA";"AYACUCHO";"GOBIERNO REGIONAL";"I-3";"00006898";"CENTRO DE  SALUD MOLLEPATA";"NE_0002";"";"NE_0002";"NE_0002";"NE_0002";"NE_0002";"NE_0002";"NE_0002";"NE_0002"
"2023";"11";"050101";"AYACUCHO";"HUAMANGA";"AYACUCHO";"GOBIERNO REGIONAL";"I-4";"00003576";"CENTRO DE SALUD LOS LICENCIADOS";"241600";"HOSPITALIZACIÓN QUIRÚRGICA OBSTETRICIA   ";"20";"20";"20";"20";"7";"10";"0"
"2023";"11";"050115";"AYACUCHO";"HUAMANGA";"JESUS NAZARENO";"GOBIERNO REGIONAL";"I-2";"00011365";"PUESTO DE SALUD VILLA SAN CRISTOBAL";"NE_0002";"";"NE_0002";"NE_0002";"NE_0002";"NE_0002";"NE_0002";"NE_0002";"NE_0002"
"2023";"10";"100110";"HUANUCO";"HUANUCO";"YARUMAYO";"GOBIERNO REGIONAL";"I-2";"00006906";"TRES DE MAYO DE ANDAS CHICO";"NE_0001";"";"NE_0001";"NE_0001";"NE_0001";"NE_0001";"NE_0001";"NE_0001";"NE_0001"
"2023";"10";"100110";"HUANUCO";"HUANUCO";"YARUMAYO";"GOBIERNO REGIONAL";"I-1";"00000795";"CHULLAY";"NE_0001";"";"NE_0001";"NE_0001";"NE_0001";"NE_0001";"NE_0001";"NE_0001";"NE_0001"
"2023";"10";"100110";"HUANUCO";"HUANUCO";"YARUMAYO";"GOBIERNO REGIONAL";"I-3";"00000793";"YARUMAYO";"NE_0001";"";"NE_0001";"NE_0001";"NE_0001";"NE_0001";"NE_0001";"NE_0001";"NE_0001"
"2023";"12";"050202";"AYACUCHO";"CANGALLO";"CHUSCHI";"GOBIERNO REGIONAL";"I-3";"00003502";"CENTRO DE SALUD CHUSCHI";"241400";"HOSPITALIZACIÓN QUIRÚRGICA GINECO - OBSTETRICIA ";"4";"4";"12";"1";"3";"4";"0"
"2023";"12";"050202";"AYACUCHO";"CANGALLO";"CHUSCHI";"GOBIERNO REGIONAL";"I-1";"00003504";"PUESTO DE SALUD CANCHA CANCHA";"NE_0001";"";"NE_0001";"NE_0001";"NE_0001";"NE_0001";"NE_0001";"NE_0001";"NE_0001"
"2023";"12";"050204";"AYACUCHO";"CANGALLO";"MARIA PARADO DE BELLIDO";"GOBIERNO REGIONAL";"I-3";"00003509";"CENTRO DE SALUD POMABAMBA";"240100";"HOSPITALIZACIÓN QUIRÚRGICA CIRUGÍA GENERAL ";"3";"3";"10";"3";"6";"7";"0"
"2023";"12";"050204";"AYACUCHO";"CANGALLO";"MARIA PARADO DE BELLIDO";"GOBIERNO REGIONAL";"I-3";"00003509";"CENTRO DE SALUD POMABAMBA";"241400";"HOSPITALIZACIÓN QUIRÚRGICA GINECO - OBSTETRICIA ";"3";"3";"5";"2";"4";"5";"0"
"2023";"12";"051011";"AYACUCHO";"VICTOR FAJARDO";"SARHUA";"GOBIERNO REGIONAL";"I-3";"00003512";"PUESTO DE SALUD SARHUA";"NE_0002";"";"NE_0002";"NE_0002";"NE_0002";"NE_0002";"NE_0002";"NE_0002";"NE_0002"
"2023";"12";"050202";"AYACUCHO";"CANGALLO";"CHUSCHI";"GOBIERNO REGIONAL";"I-1";"00003503";"PUESTO DE SALUD CHACOLLA";"NE_0001";"";"NE_0001";"NE_0001";"NE_0001";"NE_0001";"NE_0001";"NE_0001";"NE_0001"
"2023";"12";"051008";"AYACUCHO";"VICTOR FAJARDO";"HUAMANQUIQUIA";"GOBIERNO REGIONAL";"I-1";"00003832";"PUESTO DE SALUD PATARA";"NE_0001";"";"NE_0001";"NE_0001";"NE_0001";"NE_0001";"NE_0001";"NE_0001";"NE_0001"
"2023";"12";"051002";"AYACUCHO";"VICTOR FAJARDO";"ALCAMENCA";"GOBIERNO REGIONAL";"I-1";"00003510";"PUESTO DE SALUD CARAMPA";"NE_0001";"";"NE_0001";"NE_0001";"NE_0001";"NE_0001";"NE_0001";"NE_0001";"NE_0001"
"2023";"12";"051011";"AYACUCHO";"VICTOR FAJARDO";"SARHUA";"GOBIERNO REGIONAL";"I-1";"00003511";"PUESTO DE SALUD AUQUILLA";"NE_0001";"";"NE_0001";"NE_0001";"NE_0001";"NE_0001";"NE_0001";"NE_0001";"NE_0001"
"2023";"12";"110101";"ICA";"ICA";"ICA";"SANIDAD DE LA POLICIA NACIONAL DEL PERU";"I-3";"00010900";"POLICLINICO POLICIAL ICA";"NE_0001";"";"NE_0001";"NE_0001";"NE_0001";"NE_0001";"NE_0001";"NE_0001";"NE_0001"
"2023";"12";"190113";"PASCO";"PASCO";"YANACANCHA";"SANIDAD DE LA POLICIA NACIONAL DEL PERU";"I-2";"00011773";"POSTA MEDICA PNP CERRO DE PASCO";"NE_0001";"";"NE_0001";"NE_0001";"NE_0001";"NE_0001";"NE_0001";"NE_0001";"NE_0001"
"2023";"12";"050110";"AYACUCHO";"HUAMANGA";"SAN JUAN BAUTISTA";"GOBIERNO REGIONAL";"I-3";"00003600";"CENTRO DE SALUD MIRAFLORES";"NE_0001";"";"NE_0001";"NE_0001";"NE_0001";"NE_0001";"NE_0001";"NE_0001";"NE_0001"
"2023";"12";"050110";"AYACUCHO";"HUAMANGA";"SAN JUAN BAUTISTA";"GOBIERNO REGIONAL";"I-4";"00003598";"CENTRO DE SALUD DE SAN JUAN BAUTISTA";"NE_0001";"";"NE_0001";"NE_0001";"NE_0001";"NE_0001";"NE_0001";"NE_0001";"NE_0001"
"2023";"12";"050110";"AYACUCHO";"HUAMANGA";"SAN JUAN BAUTISTA";"GOBIERNO REGIONAL";"I-2";"00003599";"PUESTO DE SALUD ÑAHUINPUQUIO";"NE_0001";"";"NE_0001";"NE_0001";"NE_0001";"NE_0001";"NE_0001";"NE_0001";"NE_0001"
"2023";"12";"180101";"MOQUEGUA";"MARISCAL NIETO";"MOQUEGUA";"GOBIERNO REGIONAL";"II-2";"00007732";"HOSPITAL REGIONAL DE MOQUEGUA";"241400";"HOSPITALIZACIÓN QUIRÚRGICA GINECO - OBSTETRICIA ";"122";"127";"363";"330";"26";"819";"0"
"2023";"12";"180101";"MOQUEGUA";"MARISCAL NIETO";"MOQUEGUA";"GOBIERNO REGIONAL";"II-2";"00007732";"HOSPITAL REGIONAL DE MOQUEGUA";"241200";"HOSPITALIZACIÓN QUIRÚRGICA TRAUMATOLOGÍA Y ORTOPEDIA ";"53";"48";"380";"397";"13";"403";"0"
"2023";"12";"180101";"MOQUEGUA";"MARISCAL NIETO";"MOQUEGUA";"GOBIERNO REGIONAL";"II-2";"00007732";"HOSPITAL REGIONAL DE MOQUEGUA";"240100";"HOSPITALIZACIÓN QUIRÚRGICA CIRUGÍA GENERAL ";"37";"44";"249";"227";"10";"306";"0"
"2023";"12";"180101";"MOQUEGUA";"MARISCAL NIETO";"MOQUEGUA";"GOBIERNO REGIONAL";"II-2";"00007732";"HOSPITAL REGIONAL DE MOQUEGUA";"242500";"HOSPITALIZACIÓN-PEDIATRÍA GENERAL-";"41";"41";"143";"118";"10";"300";"0"
"2023";"12";"180101";"MOQUEGUA";"MARISCAL NIETO";"MOQUEGUA";"GOBIERNO REGIONAL";"II-2";"00007732";"HOSPITAL REGIONAL DE MOQUEGUA";"243200";"HOSPITALIZACIÓN DE PEDIATRÍA PEDIATRIA NEONATOLOGÍA";"24";"26";"75";"74";"8";"248";"0"
"2023";"12";"180101";"MOQUEGUA";"MARISCAL NIETO";"MOQUEGUA";"GOBIERNO REGIONAL";"II-2";"00007732";"HOSPITAL REGIONAL DE MOQUEGUA";"241800";"HOSPITALIZACIÓN DE MEDICINA MEDICINA GENERAL ";"45";"44";"373";"338";"15";"477";"9"
"2023";"12";"180101";"MOQUEGUA";"MARISCAL NIETO";"MOQUEGUA";"GOBIERNO REGIONAL";"II-2";"00007732";"HOSPITAL REGIONAL DE MOQUEGUA";"250200";"UNIDAD DE CUIDADOS CRITICOS UNIDAD DE CUIDADOS INTERMEDIOS GENERAL  (UCIN) ";"9";"10";"125";"113";"6";"186";"1"
"2023";"12";"180101";"MOQUEGUA";"MARISCAL NIETO";"MOQUEGUA";"GOBIERNO REGIONAL";"II-2";"00007732";"HOSPITAL REGIONAL DE MOQUEGUA";"242200";"HOSPITALIZACIÓN DE MEDICINA PSIQUIATRÍA ";"2";"4";"79";"102";"7";"217";"0"
"2023";"12";"090701";"HUANCAVELICA";"TAYACAJA";"PAMPAS";"GOBIERNO REGIONAL";"I-1";"00003898";"MANTACRA";"NE_0001";"";"NE_0001";"NE_0001";"NE_0001";"NE_0001";"NE_0001";"NE_0001";"NE_0001"
"2023";"12";"090705";"HUANCAVELICA";"TAYACAJA";"COLCABAMBA";"GOBIERNO REGIONAL";"I-2";"00004095";"TOCAS";"NE_0001";"";"NE_0001";"NE_0001";"NE_0001";"NE_0001";"NE_0001";"NE_0001";"NE_0001"
"2023";"12";"090718";"HUANCAVELICA";"TAYACAJA";"TINTAY PUNCU";"GOBIERNO REGIONAL";"I-1";"00007295";"UCHUYSIHUIS";"NE_0001";"";"NE_0001";"NE_0001";"NE_0001";"NE_0001";"NE_0001";"NE_0001";"NE_0001"
"2023";"12";"150135";"LIMA";"LIMA";"SAN MARTIN DE PORRES";"MINSA";"III-1";"00007633";"HOSPITAL NACIONAL CAYETANO HEREDIA";"241500";"HOSPITALIZACIÓN QUIRÚRGICA GINECOLOGÍA  ";"150";"131";"436";"629";"22";"659";"0"
"2023";"12";"150135";"LIMA";"LIMA";"SAN MARTIN DE PORRES";"MINSA";"III-1";"00007633";"HOSPITAL NACIONAL CAYETANO HEREDIA";"241600";"HOSPITALIZACIÓN QUIRÚRGICA OBSTETRICIA   ";"325";"306";"1009";"1022";"34";"1054";"0"
"2023";"12";"120303";"JUNIN";"CHANCHAMAYO";"PICHANAQUI";"GOBIERNO REGIONAL";"II-1";"00000340";"HOSPITAL DE APOYO PICHANAKI";"241800";"HOSPITALIZACIÓN DE MEDICINA MEDICINA GENERAL ";"48";"47";"224";"224";"9";"279";"1"
"2023";"12";"120303";"JUNIN";"CHANCHAMAYO";"PICHANAQUI";"GOBIERNO REGIONAL";"II-1";"00000340";"HOSPITAL DE APOYO PICHANAKI";"240100";"HOSPITALIZACIÓN QUIRÚRGICA CIRUGÍA GENERAL ";"30";"36";"108";"108";"6";"186";"0"
"2023";"12";"120303";"JUNIN";"CHANCHAMAYO";"PICHANAQUI";"GOBIERNO REGIONAL";"II-1";"00000340";"HOSPITAL DE APOYO PICHANAKI";"241200";"HOSPITALIZACIÓN QUIRÚRGICA TRAUMATOLOGÍA Y ORTOPEDIA ";"5";"6";"10";"10";"2";"62";"0"
"2023";"12";"120303";"JUNIN";"CHANCHAMAYO";"PICHANAQUI";"GOBIERNO REGIONAL";"II-1";"00000340";"HOSPITAL DE APOYO PICHANAKI";"242500";"HOSPITALIZACIÓN-PEDIATRÍA GENERAL-";"20";"24";"77";"77";"3";"93";"0"
"2023";"12";"120303";"JUNIN";"CHANCHAMAYO";"PICHANAQUI";"GOBIERNO REGIONAL";"II-1";"00000340";"HOSPITAL DE APOYO PICHANAKI";"241600";"HOSPITALIZACIÓN QUIRÚRGICA OBSTETRICIA   ";"109";"104";"210";"210";"12";"372";"0"
"2023";"12";"120303";"JUNIN";"CHANCHAMAYO";"PICHANAQUI";"GOBIERNO REGIONAL";"II-1";"00000340";"HOSPITAL DE APOYO PICHANAKI";"241400";"HOSPITALIZACIÓN QUIRÚRGICA GINECO - OBSTETRICIA ";"36";"37";"67";"67";"10";"310";"0"
"2023";"12";"090720";"HUANCAVELICA";"TAYACAJA";"ANDAYMARCA";"GOBIERNO REGIONAL";"I-1";"00007386";"HUARANHUAY";"NE_0001";"";"NE_0001";"NE_0001";"NE_0001";"NE_0001";"NE_0001";"NE_0001";"NE_0001"
"2023";"12";"090706";"HUANCAVELICA";"TAYACAJA";"DANIEL HERNANDEZ";"GOBIERNO REGIONAL";"I-1";"00007394";"SAN JUAN DE PALTARUMI";"NE_0001";"";"NE_0001";"NE_0001";"NE_0001";"NE_0001";"NE_0001";"NE_0001";"NE_0001"
"2023";"12";"090715";"HUANCAVELICA";"TAYACAJA";"SALCAHUASI";"GOBIERNO REGIONAL";"I-1";"00011189";"LA LOMA";"NE_0001";"";"NE_0001";"NE_0001";"NE_0001";"NE_0001";"NE_0001";"NE_0001";"NE_0001"
"2023";"12";"090720";"HUANCAVELICA";"TAYACAJA";"ANDAYMARCA";"GOBIERNO REGIONAL";"I-1";"00012904";"PICHIU";"NE_0001";"";"NE_0001";"NE_0001";"NE_0001";"NE_0001";"NE_0001";"NE_0001";"NE_0001"
"2023";"12";"090705";"HUANCAVELICA";"TAYACAJA";"COLCABAMBA";"GOBIERNO REGIONAL";"I-1";"00007387";"CHACHAS";"NE_0001";"";"NE_0001";"NE_0001";"NE_0001";"NE_0001";"NE_0001";"NE_0001";"NE_0001"
"2023";"12";"090717";"HUANCAVELICA";"TAYACAJA";"SURCUBAMBA";"GOBIERNO REGIONAL";"I-1";"00012905";"JATUSPATA";"NE_0001";"";"NE_0001";"NE_0001";"NE_0001";"NE_0001";"NE_0001";"NE_0001";"NE_0001"
"2023";"12";"090717";"HUANCAVELICA";"TAYACAJA";"SURCUBAMBA";"GOBIERNO REGIONAL";"I-1";"00013662";"YANANYAC";"NE_0001";"";"NE_0001";"NE_0001";"NE_0001";"NE_0001";"NE_0001";"NE_0001";"NE_0001"
"2023";"12";"090707";"HUANCAVELICA";"TAYACAJA";"HUACHOCOLPA";"GOBIERNO REGIONAL";"I-1";"00013663";"TAURIBAMBA";"NE_0001";"";"NE_0001";"NE_0001";"NE_0001";"NE_0001";"NE_0001";"NE_0001";"NE_0001"
"2023";"12";"090710";"HUANCAVELICA";"TAYACAJA";"ÑAHUIMPUQUIO";"GOBIERNO REGIONAL";"I-1";"00004102";"ÑAHUIMPUQUIO";"NE_0001";"";"NE_0001";"NE_0001";"NE_0001";"NE_0001";"NE_0001";"NE_0001";"NE_0001"
"2023";"12";"090709";"HUANCAVELICA";"TAYACAJA";"HUARIBAMBA";"GOBIERNO REGIONAL";"I-1";"00004114";"AYACANCHA";"NE_0001";"";"NE_0001";"NE_0001";"NE_0001";"NE_0001";"NE_0001";"NE_0001";"NE_0001"
"2023";"12";"090707";"HUANCAVELICA";"TAYACAJA";"HUACHOCOLPA";"GOBIERNO REGIONAL";"I-1";"00004130";"SANTA MARÍA";"NE_0001";"";"NE_0001";"NE_0001";"NE_0001";"NE_0001";"NE_0001";"NE_0001";"NE_0001"
"2023";"12";"090720";"HUANCAVELICA";"TAYACAJA";"ANDAYMARCA";"GOBIERNO REGIONAL";"I-1";"00007388";"QUINTAO";"NE_0001";"";"NE_0001";"NE_0001";"NE_0001";"NE_0001";"NE_0001";"NE_0001";"NE_0001"
"2023";"12";"090701";"HUANCAVELICA";"TAYACAJA";"PAMPAS";"GOBIERNO REGIONAL";"0";"00032931";"HOGAR PROTEGIDO VIRGEN PURISIMA DE PAMPAS";"NE_0001";"";"NE_0001";"NE_0001";"NE_0001";"NE_0001";"NE_0001";"NE_0001";"NE_0001"
"2023";"12";"090705";"HUANCAVELICA";"TAYACAJA";"COLCABAMBA";"GOBIERNO REGIONAL";"I-1";"00004096";"TOCCLLACURI";"NE_0001";"";"NE_0001";"NE_0001";"NE_0001";"NE_0001";"NE_0001";"NE_0001";"NE_0001"
"2023";"12";"090709";"HUANCAVELICA";"TAYACAJA";"HUARIBAMBA";"GOBIERNO REGIONAL";"I-3";"00004109";"HUARIBAMBA";"NE_0002";"";"NE_0002";"NE_0002";"NE_0002";"NE_0002";"NE_0002";"NE_0002";"NE_0002"
"2023";"12";"090709";"HUANCAVELICA";"TAYACAJA";"HUARIBAMBA";"GOBIERNO REGIONAL";"I-1";"00004112";"HUAYARQUI";"NE_0001";"";"NE_0001";"NE_0001";"NE_0001";"NE_0001";"NE_0001";"NE_0001";"NE_0001"
"2023";"12";"090704";"HUANCAVELICA";"TAYACAJA";"AHUAYCHA";"GOBIERNO REGIONAL";"I-2";"00003892";"NUEVA ESPERANZA";"NE_0001";"";"NE_0001";"NE_0001";"NE_0001";"NE_0001";"NE_0001";"NE_0001";"NE_0001"
"2023";"12";"090706";"HUANCAVELICA";"TAYACAJA";"DANIEL HERNANDEZ";"GOBIERNO REGIONAL";"I-1";"00004084";"MASHUAYLLO";"NE_0001";"";"NE_0001";"NE_0001";"NE_0001";"NE_0001";"NE_0001";"NE_0001";"NE_0001"
"2023";"12";"090705";"HUANCAVELICA";"TAYACAJA";"COLCABAMBA";"GOBIERNO REGIONAL";"I-2";"00004094";"OCORO";"NE_0001";"";"NE_0001";"NE_0001";"NE_0001";"NE_0001";"NE_0001";"NE_0001";"NE_0001"
"2023";"12";"090702";"HUANCAVELICA";"TAYACAJA";"ACOSTAMBO";"GOBIERNO REGIONAL";"I-1";"00004100";"CHUCUNA";"NE_0001";"";"NE_0001";"NE_0001";"NE_0001";"NE_0001";"NE_0001";"NE_0001";"NE_0001"
"2023";"12";"090709";"HUANCAVELICA";"TAYACAJA";"HUARIBAMBA";"GOBIERNO REGIONAL";"I-1";"00004110";"ANTA";"NE_0001";"";"NE_0001";"NE_0001";"NE_0001";"NE_0001";"NE_0001";"NE_0001";"NE_0001"
"2023";"12";"090702";"HUANCAVELICA";"TAYACAJA";"ACOSTAMBO";"GOBIERNO REGIONAL";"I-1";"00007395";"VILLA REAL PACCHAPATA";"NE_0001";"";"NE_0001";"NE_0001";"NE_0001";"NE_0001";"NE_0001";"NE_0001";"NE_0001"
"2023";"12";"090701";"HUANCAVELICA";"TAYACAJA";"PAMPAS";"GOBIERNO REGIONAL";"I-2";"00004076";"SOCORRO";"NE_0001";"";"NE_0001";"NE_0001";"NE_0001";"NE_0001";"NE_0001";"NE_0001";"NE_0001"
"2023";"12";"090706";"HUANCAVELICA";"TAYACAJA";"DANIEL HERNANDEZ";"GOBIERNO REGIONAL";"I-4";"00004083";"DANIEL HERNANDEZ";"241600";"HOSPITALIZACIÓN QUIRÚRGICA OBSTETRICIA   ";"4";"4";"8";"4";"5";"155";"0"
"2023";"12";"090711";"HUANCAVELICA";"TAYACAJA";"PAZOS";"GOBIERNO REGIONAL";"I-1";"00004105";"COYLLORPAMPA";"NE_0001";"";"NE_0001";"NE_0001";"NE_0001";"NE_0001";"NE_0001";"NE_0001";"NE_0001"
"2023";"12";"090718";"HUANCAVELICA";"TAYACAJA";"TINTAY PUNCU";"GOBIERNO REGIONAL";"I-3";"00006628";"TINTAY PUNCO";"241600";"HOSPITALIZACIÓN QUIRÚRGICA OBSTETRICIA   ";"4";"4";"8";"4";"3";"93";"0"
"2023";"12";"090719";"HUANCAVELICA";"TAYACAJA";"QUICHUAS";"GOBIERNO REGIONAL";"I-1";"00007312";"VIOLETAS ACCOYANCA";"NE_0001";"";"NE_0001";"NE_0001";"NE_0001";"NE_0001";"NE_0001";"NE_0001";"NE_0001"
"2023";"12";"090703";"HUANCAVELICA";"TAYACAJA";"ACRAQUIA";"GOBIERNO REGIONAL";"I-2";"00004078";"DOS DE MAYO";"NE_0001";"";"NE_0001";"NE_0001";"NE_0001";"NE_0001";"NE_0001";"NE_0001";"NE_0001"
"2023";"12";"090714";"HUANCAVELICA";"TAYACAJA";"SALCABAMBA";"GOBIERNO REGIONAL";"I-2";"00004087";"AYACCOCHA";"NE_0001";"";"NE_0001";"NE_0001";"NE_0001";"NE_0001";"NE_0001";"NE_0001";"NE_0001"
"2023";"12";"090720";"HUANCAVELICA";"TAYACAJA";"ANDAYMARCA";"GOBIERNO REGIONAL";"I-3";"00004091";"ANDAYMARCA";"NE_0002";"";"NE_0002";"NE_0002";"NE_0002";"NE_0002";"NE_0002";"NE_0002";"NE_0002"
"2023";"12";"150122";"LIMA";"LIMA";"MIRAFLORES";"PRIVADO";"0";"00023901";"INSTITUTO DE GAMMA KNIFE DEL PACIFICO SAC";"NE_0001";"";"NE_0001";"NE_0001";"NE_0001";"NE_0001";"NE_0001";"NE_0001";"NE_0001"
"2023";"12";"150103";"LIMA";"LIMA";"ATE";"MINSA";"II-1";"00005945";"HOSPITAL VITARTE";"241900";"HOSPITALIZACIÓN DE MEDICINA MEDICINA INTERNA ";"125";"156";"1186";"930";"37";"1147";"10"
"2023";"12";"150103";"LIMA";"LIMA";"ATE";"MINSA";"II-1";"00005945";"HOSPITAL VITARTE";"242300";"HOSPITALIZACIÓN DE PEDIATRÍA  PEDIATRÍA  GENERAL ";"107";"126";"678";"617";"20";"620";"0"
"2023";"12";"150103";"LIMA";"LIMA";"ATE";"MINSA";"II-1";"00005945";"HOSPITAL VITARTE";"243200";"HOSPITALIZACIÓN DE PEDIATRÍA PEDIATRIA NEONATOLOGÍA";"174";"182";"486";"458";"15";"465";"0"
"2023";"12";"150103";"LIMA";"LIMA";"ATE";"MINSA";"II-1";"00005945";"HOSPITAL VITARTE";"241500";"HOSPITALIZACIÓN QUIRÚRGICA GINECOLOGÍA  ";"66";"72";"246";"229";"8";"248";"1"
"2023";"12";"150103";"LIMA";"LIMA";"ATE";"MINSA";"II-1";"00005945";"HOSPITAL VITARTE";"241400";"HOSPITALIZACIÓN QUIRÚRGICA GINECO - OBSTETRICIA ";"448";"456";"989";"965";"32";"992";"0"
"2023";"12";"150103";"LIMA";"LIMA";"ATE";"MINSA";"II-1";"00005945";"HOSPITAL VITARTE";"240100";"HOSPITALIZACIÓN QUIRÚRGICA CIRUGÍA GENERAL ";"268";"273";"641";"645";"29";"899";"1"
"2023";"12";"150103";"LIMA";"LIMA";"ATE";"MINSA";"II-1";"00005945";"HOSPITAL VITARTE";"241200";"HOSPITALIZACIÓN QUIRÚRGICA TRAUMATOLOGÍA Y ORTOPEDIA ";"48";"58";"249";"192";"8";"248";"0"
"2023";"12";"150103";"LIMA";"LIMA";"ATE";"MINSA";"II-1";"00005945";"HOSPITAL VITARTE";"241100";"HOSPITALIZACIÓN QUIRÚRGICA OTORRINOLARINGOLOGÍA  ";"17";"17";"27";"27";"1";"31";"0"
"2023";"12";"150103";"LIMA";"LIMA";"ATE";"MINSA";"II-1";"00005945";"HOSPITAL VITARTE";"241300";"HOSPITALIZACIÓN QUIRÚRGICA UROLOGÍA  ";"5";"5";"12";"12";"1";"31";"0"
"2023";"12";"150103";"LIMA";"LIMA";"ATE";"MINSA";"II-1";"00005945";"HOSPITAL VITARTE";"240600";"HOSPITALIZACIÓN QUIRÚRGICA CIRUGÍA OFTALMOLÓGICA ";"11";"11";"11";"11";"1";"31";"0"
"2023";"12";"101002";"HUANUCO";"LAURICOCHA";"BAÑOS";"ESSALUD";"I-2";"00027081";"POSTA MÉDICA BAÑOS";"NE_0001";"";"NE_0001";"NE_0001";"NE_0001";"NE_0001";"NE_0001";"NE_0001";"NE_0001"
"2023";"12";"021101";"ANCASH";"HUARMEY";"HUARMEY";"GOBIERNO REGIONAL";"II-1";"00001741";"HOSPITAL DE APOYO HUARMEY";"241400";"HOSPITALIZACIÓN QUIRÚRGICA GINECO - OBSTETRICIA ";"16";"22";"66";"50";"10";"310";"0"
"2023";"12";"021101";"ANCASH";"HUARMEY";"HUARMEY";"GOBIERNO REGIONAL";"II-1";"00001741";"HOSPITAL DE APOYO HUARMEY";"241800";"HOSPITALIZACIÓN DE MEDICINA MEDICINA GENERAL ";"19";"22";"97";"89";"11";"341";"1"
"2023";"12";"021101";"ANCASH";"HUARMEY";"HUARMEY";"GOBIERNO REGIONAL";"II-1";"00001741";"HOSPITAL DE APOYO HUARMEY";"242300";"HOSPITALIZACIÓN DE PEDIATRÍA  PEDIATRÍA  GENERAL ";"8";"8";"29";"29";"3";"93";"0"
"2023";"12";"150801";"LIMA";"HUAURA";"HUACHO";"ESSALUD";"II-2";"00011337";"HOSPITAL II GUSTAVO LANATTA LUJAN - ESSALUD";"241800";"HOSPITALIZACIÓN DE MEDICINA MEDICINA GENERAL ";"79";"78";"914";"1009";"36";"1116";"17"
"2023";"12";"150801";"LIMA";"HUAURA";"HUACHO";"ESSALUD";"II-2";"00011337";"HOSPITAL II GUSTAVO LANATTA LUJAN - ESSALUD";"240100";"HOSPITALIZACIÓN QUIRÚRGICA CIRUGÍA GENERAL ";"111";"114";"450";"499";"28";"868";"0"
"2023";"12";"150801";"LIMA";"HUAURA";"HUACHO";"ESSALUD";"II-2";"00011337";"HOSPITAL II GUSTAVO LANATTA LUJAN - ESSALUD";"241200";"HOSPITALIZACIÓN QUIRÚRGICA TRAUMATOLOGÍA Y ORTOPEDIA ";"38";"38";"197";"176";"6";"186";"0"
"2023";"12";"150801";"LIMA";"HUAURA";"HUACHO";"ESSALUD";"II-2";"00011337";"HOSPITAL II GUSTAVO LANATTA LUJAN - ESSALUD";"241500";"HOSPITALIZACIÓN QUIRÚRGICA GINECOLOGÍA  ";"43";"48";"110";"96";"6";"186";"0"
"2023";"12";"150801";"LIMA";"HUAURA";"HUACHO";"ESSALUD";"II-2";"00011337";"HOSPITAL II GUSTAVO LANATTA LUJAN - ESSALUD";"241600";"HOSPITALIZACIÓN QUIRÚRGICA OBSTETRICIA   ";"157";"163";"305";"284";"18";"558";"0"
"2023";"12";"150801";"LIMA";"HUAURA";"HUACHO";"ESSALUD";"II-2";"00011337";"HOSPITAL II GUSTAVO LANATTA LUJAN - ESSALUD";"242300";"HOSPITALIZACIÓN DE PEDIATRÍA  PEDIATRÍA  GENERAL ";"39";"43";"142";"140";"12";"372";"0"
"2023";"12";"150801";"LIMA";"HUAURA";"HUACHO";"ESSALUD";"II-2";"00011337";"HOSPITAL II GUSTAVO LANATTA LUJAN - ESSALUD";"243200";"HOSPITALIZACIÓN DE PEDIATRÍA PEDIATRIA NEONATOLOGÍA";"36";"38";"56";"49";"5";"155";"0"
"2023";"12";"150801";"LIMA";"HUAURA";"HUACHO";"ESSALUD";"II-2";"00011337";"HOSPITAL II GUSTAVO LANATTA LUJAN - ESSALUD";"250100";"UNIDAD DE CUIDADOS CRITICOS UNIDAD  DE CUIDADOS INTENSIVOS GENERALES (UCI) ";"18";"16";"97";"89";"4";"124";"9"
"2023";"12";"090208";"HUANCAVELICA";"ACOBAMBA";"ROSARIO";"GOBIERNO REGIONAL";"I-3";"00003938";"CENTRO DE SALUD PUCA CRUZ";"NE_0001";"";"NE_0001";"NE_0001";"NE_0001";"NE_0001";"NE_0001";"NE_0001";"NE_0001"
"2023";"12";"090208";"HUANCAVELICA";"ACOBAMBA";"ROSARIO";"GOBIERNO REGIONAL";"I-2";"00003942";"PUESTO DE SALUD CHANQUIL";"NE_0001";"";"NE_0001";"NE_0001";"NE_0001";"NE_0001";"NE_0001";"NE_0001";"NE_0001"
"2023";"12";"090208";"HUANCAVELICA";"ACOBAMBA";"ROSARIO";"GOBIERNO REGIONAL";"I-1";"00007418";"PUESTO DE SALUD DE LECCLESPAMPA";"NE_0001";"";"NE_0001";"NE_0001";"NE_0001";"NE_0001";"NE_0001";"NE_0001";"NE_0001"
"2023";"12";"090208";"HUANCAVELICA";"ACOBAMBA";"ROSARIO";"GOBIERNO REGIONAL";"I-1";"00009693";"PUESTO DE SALUD DE PUNCHAYPAMPA";"NE_0001";"";"NE_0001";"NE_0001";"NE_0001";"NE_0001";"NE_0001";"NE_0001";"NE_0001"
"2023";"12";"090208";"HUANCAVELICA";"ACOBAMBA";"ROSARIO";"GOBIERNO REGIONAL";"I-1";"00009706";"PUESTO DE SALUD TORORUMI";"NE_0001";"";"NE_0001";"NE_0001";"NE_0001";"NE_0001";"NE_0001";"NE_0001";"NE_0001"
"2023";"12";"090208";"HUANCAVELICA";"ACOBAMBA";"ROSARIO";"GOBIERNO REGIONAL";"I-1";"00011231";"PUESTO DE SALUD  SANTA ROSA DE ACCOMACHAY";"NE_0001";"";"NE_0001";"NE_0001";"NE_0001";"NE_0001";"NE_0001";"NE_0001";"NE_0001"
"2023";"12";"090208";"HUANCAVELICA";"ACOBAMBA";"ROSARIO";"GOBIERNO REGIONAL";"I-1";"00009503";"PUESTO DE SALUD DE VILLA MANTARO";"NE_0001";"";"NE_0001";"NE_0001";"NE_0001";"NE_0001";"NE_0001";"NE_0001";"NE_0001"
"2023";"12";"090208";"HUANCAVELICA";"ACOBAMBA";"ROSARIO";"GOBIERNO REGIONAL";"I-1";"00007372";"PUESTO DE SALUD LLIPLLINA";"NE_0001";"";"NE_0001";"NE_0001";"NE_0001";"NE_0001";"NE_0001";"NE_0001";"NE_0001"
"2023";"12";"090208";"HUANCAVELICA";"ACOBAMBA";"ROSARIO";"GOBIERNO REGIONAL";"I-2";"00003937";"PUESTO DE SALUD ROSARIO";"NE_0001";"";"NE_0001";"NE_0001";"NE_0001";"NE_0001";"NE_0001";"NE_0001";"NE_0001"
"2023";"12";"090208";"HUANCAVELICA";"ACOBAMBA";"ROSARIO";"GOBIERNO REGIONAL";"I-1";"00009710";"PUESTO  DE SALUD ICHUPAMPA";"NE_0001";"";"NE_0001";"NE_0001";"NE_0001";"NE_0001";"NE_0001";"NE_0001";"NE_0001"
"2023";"12";"130504";"LA LIBERTAD";"JULCAN";"HUASO";"GOBIERNO REGIONAL";"I-2";"00005335";"UNINGAMBAL";"NE_0001";"";"NE_0001";"NE_0001";"NE_0001";"NE_0001";"NE_0001";"NE_0001";"NE_0001"
"2023";"12";"040112";"AREQUIPA";"AREQUIPA";"PAUCARPATA";"GOBIERNO REGIONAL";"I-2";"00001311";"PUESTO DE SALUD ALTO JESUS";"NE_0001";"";"NE_0001";"NE_0001";"NE_0001";"NE_0001";"NE_0001";"NE_0001";"NE_0001"
"2023";"12";"040112";"AREQUIPA";"AREQUIPA";"PAUCARPATA";"GOBIERNO REGIONAL";"I-3";"00001297";"CENTRO DE SALUD CIUDAD BLANCA";"NE_0001";"";"NE_0001";"NE_0001";"NE_0001";"NE_0001";"NE_0001";"NE_0001";"NE_0001"
"2023";"12";"040112";"AREQUIPA";"AREQUIPA";"PAUCARPATA";"GOBIERNO REGIONAL";"I-2";"00001312";"PUESTO DE SALUD ISRAEL";"NE_0001";"";"NE_0001";"NE_0001";"NE_0001";"NE_0001";"NE_0001";"NE_0001";"NE_0001"
"2023";"12";"040112";"AREQUIPA";"AREQUIPA";"PAUCARPATA";"GOBIERNO REGIONAL";"I-2";"00007744";"PUESTO DE SALUD VILLA JESUS";"NE_0001";"";"NE_0001";"NE_0001";"NE_0001";"NE_0001";"NE_0001";"NE_0001";"NE_0001"
"2023";"12";"040112";"AREQUIPA";"AREQUIPA";"PAUCARPATA";"GOBIERNO REGIONAL";"I-3";"00001314";"SAN JUAN DE CIUDAD BLANCA";"NE_0001";"";"NE_0001";"NE_0001";"NE_0001";"NE_0001";"NE_0001";"NE_0001";"NE_0001"
"2023";"12";"040112";"AREQUIPA";"AREQUIPA";"PAUCARPATA";"GOBIERNO REGIONAL";"I-3";"00025066";"CENTRO DE SALUD MENTAL COMUNITARIO AYELEN";"NE_0001";"";"NE_0001";"NE_0001";"NE_0001";"NE_0001";"NE_0001";"NE_0001";"NE_0001"
"2023";"12";"040129";"AREQUIPA";"AREQUIPA";"JOSE LUIS BUSTAMANTE Y RIVERO";"GOBIERNO REGIONAL";"I-3";"00001257";"CENTRO DE SALUD VICTOR RAUL HINOJOSA LLERENA";"NE_0001";"";"NE_0001";"NE_0001";"NE_0001";"NE_0001";"NE_0001";"NE_0001";"NE_0001"
"2023";"12";"040129";"AREQUIPA";"AREQUIPA";"JOSE LUIS BUSTAMANTE Y RIVERO";"GOBIERNO REGIONAL";"I-3";"00023488";"CENTRO DE SALUD MENTAL COMUNITARIO SIMON BOLIVAR";"NE_0001";"";"NE_0001";"NE_0001";"NE_0001";"NE_0001";"NE_0001";"NE_0001";"NE_0001"
"2023";"12";"040129";"AREQUIPA";"AREQUIPA";"JOSE LUIS BUSTAMANTE Y RIVERO";"GOBIERNO REGIONAL";"I-2";"00001263";"PUESTO DE SALUD 13 DE ENERO";"NE_0001";"";"NE_0001";"NE_0001";"NE_0001";"NE_0001";"NE_0001";"NE_0001";"NE_0001"
"2023";"12";"040129";"AREQUIPA";"AREQUIPA";"JOSE LUIS BUSTAMANTE Y RIVERO";"GOBIERNO REGIONAL";"I-3";"00001264";"CENTRO DE SALUD LAS ESMERALDAS";"NE_0001";"";"NE_0001";"NE_0001";"NE_0001";"NE_0001";"NE_0001";"NE_0001";"NE_0001"
"2023";"12";"040129";"AREQUIPA";"AREQUIPA";"JOSE LUIS BUSTAMANTE Y RIVERO";"GOBIERNO REGIONAL";"I-2";"00001267";"PUESTO DE SALUD CERRO JULI";"NE_0001";"";"NE_0001";"NE_0001";"NE_0001";"NE_0001";"NE_0001";"NE_0001";"NE_0001"
"2023";"12";"220105";"SAN MARTIN";"MOYOBAMBA";"SORITOR";"GOBIERNO REGIONAL";"I-1";"00006333";"ALTO PERU";"NE_0001";"";"NE_0001";"NE_0001";"NE_0001";"NE_0001";"NE_0001";"NE_0001";"NE_0001"
"2023";"12";"220105";"SAN MARTIN";"MOYOBAMBA";"SORITOR";"GOBIERNO REGIONAL";"I-1";"00006335";"JERICOB";"NE_0001";"";"NE_0001";"NE_0001";"NE_0001";"NE_0001";"NE_0001";"NE_0001";"NE_0001"
"2023";"12";"220103";"SAN MARTIN";"MOYOBAMBA";"HABANA";"GOBIERNO REGIONAL";"I-3";"00006327";"CENTRO DE SALUD HABANA";"NE_0001";"";"NE_0001";"NE_0001";"NE_0001";"NE_0001";"NE_0001";"NE_0001";"NE_0001"
"2023";"12";"110301";"ICA";"NAZCA";"NAZCA";"SANIDAD DE LA POLICIA NACIONAL DEL PERU";"I-2";"00011399";"UNIDAD EJECUTORA 020:SANIDAD DE LA PNP";"NE_0001";"";"NE_0001";"NE_0001";"NE_0001";"NE_0001";"NE_0001";"NE_0001";"NE_0001"
"2023";"12";"220909";"SAN MARTIN";"SAN MARTIN";"LA BANDA DE SHILCAYO";"GOBIERNO REGIONAL";"I-1";"00006365";"PUESTO DE SALUD BELLO HORIZONTE";"NE_0001";"";"NE_0001";"NE_0001";"NE_0001";"NE_0001";"NE_0001";"NE_0001";"NE_0001"
"2023";"12";"220909";"SAN MARTIN";"SAN MARTIN";"LA BANDA DE SHILCAYO";"GOBIERNO REGIONAL";"I-1";"00006367";"LA UNION (SANIRARCA)";"NE_0001";"";"NE_0001";"NE_0001";"NE_0001";"NE_0001";"NE_0001";"NE_0001";"NE_0001"
"2023";"12";"220909";"SAN MARTIN";"SAN MARTIN";"LA BANDA DE SHILCAYO";"GOBIERNO REGIONAL";"I-1";"00006366";"LAS PALMAS";"NE_0001";"";"NE_0001";"NE_0001";"NE_0001";"NE_0001";"NE_0001";"NE_0001";"NE_0001"
"2023";"12";"220909";"SAN MARTIN";"SAN MARTIN";"LA BANDA DE SHILCAYO";"GOBIERNO REGIONAL";"I-1";"00006368";"PROGRESO KM.30";"NE_0001";"";"NE_0001";"NE_0001";"NE_0001";"NE_0001";"NE_0001";"NE_0001";"NE_0001"
"2023";"12";"220909";"SAN MARTIN";"SAN MARTIN";"LA BANDA DE SHILCAYO";"GOBIERNO REGIONAL";"I-1";"00006369";"SAN JOSE KM.34";"NE_0001";"";"NE_0001";"NE_0001";"NE_0001";"NE_0001";"NE_0001";"NE_0001";"NE_0001"
"2023";"12";"220909";"SAN MARTIN";"SAN MARTIN";"LA BANDA DE SHILCAYO";"GOBIERNO REGIONAL";"I-3";"00026698";"CENTRO DE SALUD MENTAL COMUNITARIO ""LA BANDA DE SHILCAYO""";"NE_0001";"";"NE_0001";"NE_0001";"NE_0001";"NE_0001";"NE_0001";"NE_0001";"NE_0001"
"2023";"12";"150113";"LIMA";"LIMA";"JESUS MARIA";"PRIVADO";"II-E";"00009982";"CLINICA REPROMEDIC";"240000";"HOSPITALIZACIÓN";"124";"124";"279";"265";"10";"320";"0"
"2023";"12";"150103";"LIMA";"LIMA";"ATE";"MINSA";"II-1";"00005883";"HOSPITAL DE HUAYCAN";"241800";"HOSPITALIZACIÓN DE MEDICINA MEDICINA GENERAL ";"15";"19";"206";"168";"7";"217";"0"
"2023";"12";"150103";"LIMA";"LIMA";"ATE";"MINSA";"II-1";"00005883";"HOSPITAL DE HUAYCAN";"240100";"HOSPITALIZACIÓN QUIRÚRGICA CIRUGÍA GENERAL ";"34";"38";"131";"127";"11";"341";"0"
"2023";"12";"150103";"LIMA";"LIMA";"ATE";"MINSA";"II-1";"00005883";"HOSPITAL DE HUAYCAN";"241200";"HOSPITALIZACIÓN QUIRÚRGICA TRAUMATOLOGÍA Y ORTOPEDIA ";"13";"12";"46";"53";"4";"124";"0"
"2023";"12";"150103";"LIMA";"LIMA";"ATE";"MINSA";"II-1";"00005883";"HOSPITAL DE HUAYCAN";"242500";"HOSPITALIZACIÓN-PEDIATRÍA GENERAL-";"26";"27";"80";"72";"11";"341";"0"
"2023";"12";"150103";"LIMA";"LIMA";"ATE";"MINSA";"II-1";"00005883";"HOSPITAL DE HUAYCAN";"241600";"HOSPITALIZACIÓN QUIRÚRGICA OBSTETRICIA   ";"113";"110";"286";"283";"16";"496";"0"
"2023";"12";"150103";"LIMA";"LIMA";"ATE";"MINSA";"II-1";"00005883";"HOSPITAL DE HUAYCAN";"241500";"HOSPITALIZACIÓN QUIRÚRGICA GINECOLOGÍA  ";"3";"3";"7";"7";"1";"31";"0"
"2023";"11";"021801";"ANCASH";"SANTA";"CHIMBOTE";"ESSALUD";"I-3";"00010013";"POLICLÍNICO DE COMPLEJIDAD CRECIENTE ""VICTOR PANTA RODRIGUEZ""";"NE_0001";"";"NE_0001";"NE_0001";"NE_0001";"NE_0001";"NE_0001";"NE_0001";"NE_0001"
"2023";"12";"050202";"AYACUCHO";"CANGALLO";"CHUSCHI";"GOBIERNO REGIONAL";"I-1";"00003593";"PUESTO DE SALUD PUNKUPATA";"NE_0002";"";"NE_0002";"NE_0002";"NE_0002";"NE_0002";"NE_0002";"NE_0002";"NE_0002"
"2023";"12";"050202";"AYACUCHO";"CANGALLO";"CHUSCHI";"GOBIERNO REGIONAL";"I-2";"00003592";"PUESTO DE SALUD CATALINAYOC";"NE_0002";"";"NE_0002";"NE_0002";"NE_0002";"NE_0002";"NE_0002";"NE_0002";"NE_0002"
"2023";"12";"050114";"AYACUCHO";"HUAMANGA";"VINCHOS";"GOBIERNO REGIONAL";"I-3";"00003590";"CENTRO DE  SALUD PUTACCA";"NE_0002";"";"NE_0002";"NE_0002";"NE_0002";"NE_0002";"NE_0002";"NE_0002";"NE_0002"
"2023";"12";"050114";"AYACUCHO";"HUAMANGA";"VINCHOS";"GOBIERNO REGIONAL";"I-1";"00003591";"ROSASPATA";"NE_0002";"";"NE_0002";"NE_0002";"NE_0002";"NE_0002";"NE_0002";"NE_0002";"NE_0002"
"2023";"12";"050114";"AYACUCHO";"HUAMANGA";"VINCHOS";"GOBIERNO REGIONAL";"I-1";"00003589";"PUESTO DE SALUD MILLPO";"NE_0002";"";"NE_0002";"NE_0002";"NE_0002";"NE_0002";"NE_0002";"NE_0002";"NE_0002"
"2023";"03";"040129";"AREQUIPA";"AREQUIPA";"JOSE LUIS BUSTAMANTE Y RIVERO";"PRIVADO";"II-E";"00032853";"CLINICA UROSUR";"NE_0002";"";"NE_0002";"NE_0002";"NE_0002";"NE_0002";"NE_0002";"NE_0002";"NE_0002"
"2023";"08";"040129";"AREQUIPA";"AREQUIPA";"JOSE LUIS BUSTAMANTE Y RIVERO";"PRIVADO";"II-E";"00032853";"CLINICA UROSUR";"241300";"HOSPITALIZACIÓN QUIRÚRGICA UROLOGÍA  ";"65";"64";"86";"114";"5";"159";"0"
"2023";"12";"050201";"AYACUCHO";"CANGALLO";"CANGALLO";"GOBIERNO REGIONAL";"I-1";"00006607";"PUESTO DE SALUD CHICHUCANCHA";"NE_0001";"";"NE_0001";"NE_0001";"NE_0001";"NE_0001";"NE_0001";"NE_0001";"NE_0001"
"2023";"12";"050201";"AYACUCHO";"CANGALLO";"CANGALLO";"GOBIERNO REGIONAL";"I-1";"00003497";"PUESTO DE SALUD PUTICA";"NE_0001";"";"NE_0001";"NE_0001";"NE_0001";"NE_0001";"NE_0001";"NE_0001";"NE_0001"
"2023";"12";"050203";"AYACUCHO";"CANGALLO";"LOS MOROCHUCOS";"GOBIERNO REGIONAL";"I-4";"00003507";"CENTRO DE SALUD PAMPA CANGALLO";"240100";"HOSPITALIZACIÓN QUIRÚRGICA CIRUGÍA GENERAL ";"22";"9";"9";"8";"8";"10";"0"
"2023";"12";"050203";"AYACUCHO";"CANGALLO";"LOS MOROCHUCOS";"GOBIERNO REGIONAL";"I-2";"00003508";"PUESTO DE SALUD CHANQUIL";"NE_0001";"";"NE_0001";"NE_0001";"NE_0001";"NE_0001";"NE_0001";"NE_0001";"NE_0001"
"2023";"12";"051002";"AYACUCHO";"VICTOR FAJARDO";"ALCAMENCA";"GOBIERNO REGIONAL";"I-1";"00003498";"PUESTO DE SALUD ALCAMENCA";"NE_0001";"";"NE_0001";"NE_0001";"NE_0001";"NE_0001";"NE_0001";"NE_0001";"NE_0001"
"2023";"12";"060601";"CAJAMARCA";"CUTERVO";"CUTERVO";"GOBIERNO REGIONAL";"II-1";"00004981";"SANTA MARIA DE CUTERVO";"240100";"HOSPITALIZACIÓN QUIRÚRGICA CIRUGÍA GENERAL ";"40";"40";"147";"163";"8";"248";"0"
"2023";"12";"060601";"CAJAMARCA";"CUTERVO";"CUTERVO";"GOBIERNO REGIONAL";"II-1";"00004981";"SANTA MARIA DE CUTERVO";"241400";"HOSPITALIZACIÓN QUIRÚRGICA GINECO - OBSTETRICIA ";"154";"149";"265";"239";"12";"372";"0"
"2023";"12";"060601";"CAJAMARCA";"CUTERVO";"CUTERVO";"GOBIERNO REGIONAL";"II-1";"00004981";"SANTA MARIA DE CUTERVO";"241800";"HOSPITALIZACIÓN DE MEDICINA MEDICINA GENERAL ";"45";"40";"166";"170";"7";"217";"1"
"2023";"12";"060601";"CAJAMARCA";"CUTERVO";"CUTERVO";"GOBIERNO REGIONAL";"II-1";"00004981";"SANTA MARIA DE CUTERVO";"242500";"HOSPITALIZACIÓN-PEDIATRÍA GENERAL-";"35";"33";"84";"64";"5";"155";"0"
"2023";"12";"130504";"LA LIBERTAD";"JULCAN";"HUASO";"GOBIERNO REGIONAL";"I-4";"00005312";"HUASO";"NE_0001";"";"NE_0001";"NE_0001";"NE_0001";"NE_0001";"NE_0001";"NE_0001";"NE_0001"
"2023";"12";"130504";"LA LIBERTAD";"JULCAN";"HUASO";"GOBIERNO REGIONAL";"I-2";"00005313";"PARASIVE";"NE_0001";"";"NE_0001";"NE_0001";"NE_0001";"NE_0001";"NE_0001";"NE_0001";"NE_0001"
"2023";"12";"150141";"LIMA";"LIMA";"SURQUILLO";"SANIDAD DE LA POLICIA NACIONAL DEL PERU";"I-3";"00012885";"POLICLINICO PNP WALTER ROSALES LEON";"NE_0001";"";"NE_0001";"NE_0001";"NE_0001";"NE_0001";"NE_0001";"NE_0001";"NE_0001"
"2023";"12";"120114";"JUNIN";"HUANCAYO";"EL TAMBO";"GOBIERNO REGIONAL";"I-2";"00000715";"RAMIRO PRIALE";"NE_0002";"";"NE_0002";"NE_0002";"NE_0002";"NE_0002";"NE_0002";"NE_0002";"NE_0002"
"2023";"12";"120128";"JUNIN";"HUANCAYO";"QUILCAS";"GOBIERNO REGIONAL";"I-2";"00000720";"QUILCAS";"NE_0002";"";"NE_0002";"NE_0002";"NE_0002";"NE_0002";"NE_0002";"NE_0002";"NE_0002"
"2023";"12";"120114";"JUNIN";"HUANCAYO";"EL TAMBO";"GOBIERNO REGIONAL";"I-2";"00000735";"COCHAS CHICO";"NE_0002";"";"NE_0002";"NE_0002";"NE_0002";"NE_0002";"NE_0002";"NE_0002";"NE_0002"
"2023";"12";"120114";"JUNIN";"HUANCAYO";"EL TAMBO";"GOBIERNO REGIONAL";"I-1";"00000706";"SAÑOS GRANDE";"NE_0002";"";"NE_0002";"NE_0002";"NE_0002";"NE_0002";"NE_0002";"NE_0002";"NE_0002"
"2023";"12";"120114";"JUNIN";"HUANCAYO";"EL TAMBO";"GOBIERNO REGIONAL";"I-1";"00000716";"HUALAHOYO";"NE_0002";"";"NE_0002";"NE_0002";"NE_0002";"NE_0002";"NE_0002";"NE_0002";"NE_0002"
"2023";"12";"120125";"JUNIN";"HUANCAYO";"PILCOMAYO";"GOBIERNO REGIONAL";"I-3";"00000719";"PILCOMAYO";"NE_0002";"";"NE_0002";"NE_0002";"NE_0002";"NE_0002";"NE_0002";"NE_0002";"NE_0002"
"2023";"12";"120134";"JUNIN";"HUANCAYO";"SICAYA";"GOBIERNO REGIONAL";"I-3";"00000726";"SICAYA";"NE_0002";"";"NE_0002";"NE_0002";"NE_0002";"NE_0002";"NE_0002";"NE_0002";"NE_0002"
"2023";"12";"120114";"JUNIN";"HUANCAYO";"EL TAMBO";"GOBIERNO REGIONAL";"I-1";"00000733";"CULLPA";"NE_0002";"";"NE_0002";"NE_0002";"NE_0002";"NE_0002";"NE_0002";"NE_0002";"NE_0002"
"2023";"12";"120114";"JUNIN";"HUANCAYO";"EL TAMBO";"GOBIERNO REGIONAL";"I-1";"00000712";"AZA";"NE_0002";"";"NE_0002";"NE_0002";"NE_0002";"NE_0002";"NE_0002";"NE_0002";"NE_0002"
"2023";"12";"120114";"JUNIN";"HUANCAYO";"EL TAMBO";"GOBIERNO REGIONAL";"I-1";"00000734";"COCHAS GRANDE";"NE_0002";"";"NE_0002";"NE_0002";"NE_0002";"NE_0002";"NE_0002";"NE_0002";"NE_0002"
"2023";"12";"120114";"JUNIN";"HUANCAYO";"EL TAMBO";"GOBIERNO REGIONAL";"I-4";"00000705";"JUSTICIA PAZ Y VIDA";"NE_0002";"";"NE_0002";"NE_0002";"NE_0002";"NE_0002";"NE_0002";"NE_0002";"NE_0002"
"2023";"12";"120114";"JUNIN";"HUANCAYO";"EL TAMBO";"GOBIERNO REGIONAL";"I-1";"00000710";"INCHO";"NE_0002";"";"NE_0002";"NE_0002";"NE_0002";"NE_0002";"NE_0002";"NE_0002";"NE_0002"
"2023";"12";"120114";"JUNIN";"HUANCAYO";"EL TAMBO";"GOBIERNO REGIONAL";"I-3";"00000714";"JUAN PARRA DEL RIEGO";"NE_0002";"";"NE_0002";"NE_0002";"NE_0002";"NE_0002";"NE_0002";"NE_0002";"NE_0002"
"2023";"12";"120128";"JUNIN";"HUANCAYO";"QUILCAS";"GOBIERNO REGIONAL";"I-1";"00000721";"COLPAR";"NE_0002";"";"NE_0002";"NE_0002";"NE_0002";"NE_0002";"NE_0002";"NE_0002";"NE_0002"
"2023";"12";"070102";"CALLAO";"CALLAO";"BELLAVISTA";"SANIDAD DE LA MARINA DE GUERRA DEL PERU";"III-1";"00008266";"HOSPITAL NAVAL";"241300";"HOSPITALIZACIÓN QUIRÚRGICA UROLOGÍA  ";"49";"59";"729";"527";"25";"775";"0"
"2023";"12";"070102";"CALLAO";"CALLAO";"BELLAVISTA";"SANIDAD DE LA MARINA DE GUERRA DEL PERU";"III-1";"00008266";"HOSPITAL NAVAL";"242200";"HOSPITALIZACIÓN DE MEDICINA PSIQUIATRÍA ";"9";"8";"107";"229";"28";"868";"0"
"2023";"12";"070102";"CALLAO";"CALLAO";"BELLAVISTA";"SANIDAD DE LA MARINA DE GUERRA DEL PERU";"III-1";"00008266";"HOSPITAL NAVAL";"245300";"HOSPITALIZACIÓN DE MEDICINA NEUMOLOGÍA  ";"38";"42";"229";"196";"10";"310";"0"
"2023";"12";"070102";"CALLAO";"CALLAO";"BELLAVISTA";"SANIDAD DE LA MARINA DE GUERRA DEL PERU";"III-1";"00008266";"HOSPITAL NAVAL";"242000";"HOSPITALIZACIÓN DE MEDICINA MEDICINA TROPICAL E INFECCIOSAS ";"21";"26";"371";"394";"19";"589";"1"
"2023";"12";"070102";"CALLAO";"CALLAO";"BELLAVISTA";"SANIDAD DE LA MARINA DE GUERRA DEL PERU";"III-1";"00008266";"HOSPITAL NAVAL";"242300";"HOSPITALIZACIÓN DE PEDIATRÍA  PEDIATRÍA  GENERAL ";"47";"49";"249";"163";"18";"558";"0"
"2023";"12";"070102";"CALLAO";"CALLAO";"BELLAVISTA";"SANIDAD DE LA MARINA DE GUERRA DEL PERU";"III-1";"00008266";"HOSPITAL NAVAL";"241200";"HOSPITALIZACIÓN QUIRÚRGICA TRAUMATOLOGÍA Y ORTOPEDIA ";"17";"20";"300";"458";"16";"496";"0"
"2023";"12";"070102";"CALLAO";"CALLAO";"BELLAVISTA";"SANIDAD DE LA MARINA DE GUERRA DEL PERU";"III-1";"00008266";"HOSPITAL NAVAL";"241400";"HOSPITALIZACIÓN QUIRÚRGICA GINECO - OBSTETRICIA ";"64";"68";"290";"218";"18";"558";"0"
"2023";"12";"070102";"CALLAO";"CALLAO";"BELLAVISTA";"SANIDAD DE LA MARINA DE GUERRA DEL PERU";"III-1";"00008266";"HOSPITAL NAVAL";"243200";"HOSPITALIZACIÓN DE PEDIATRÍA PEDIATRIA NEONATOLOGÍA";"43";"19";"77";"161";"12";"372";"0"
"2023";"12";"070102";"CALLAO";"CALLAO";"BELLAVISTA";"SANIDAD DE LA MARINA DE GUERRA DEL PERU";"III-1";"00008266";"HOSPITAL NAVAL";"244400";"HOSPITALIZACIÓN DE MEDICINA GERIATRIA ";"19";"30";"320";"280";"14";"434";"3"
"2023";"12";"070102";"CALLAO";"CALLAO";"BELLAVISTA";"SANIDAD DE LA MARINA DE GUERRA DEL PERU";"III-1";"00008266";"HOSPITAL NAVAL";"240100";"HOSPITALIZACIÓN QUIRÚRGICA CIRUGÍA GENERAL ";"153";"136";"1195";"1386";"55";"1705";"0"
"2023";"12";"070102";"CALLAO";"CALLAO";"BELLAVISTA";"SANIDAD DE LA MARINA DE GUERRA DEL PERU";"III-1";"00008266";"HOSPITAL NAVAL";"241800";"HOSPITALIZACIÓN DE MEDICINA MEDICINA GENERAL ";"59";"54";"591";"620";"25";"775";"1"
"2023";"12";"070102";"CALLAO";"CALLAO";"BELLAVISTA";"SANIDAD DE LA MARINA DE GUERRA DEL PERU";"III-1";"00008266";"HOSPITAL NAVAL";"240000";"HOSPITALIZACIÓN";"115";"123";"1092";"1113";"101";"3131";"5"
"2023";"12";"150125";"LIMA";"LIMA";"PUENTE PIEDRA";"PRIVADO";"II-E";"00016353";"CLINICA MONTELUZ";"241400";"HOSPITALIZACIÓN QUIRÚRGICA GINECO - OBSTETRICIA ";"91";"96";"153";"148";"12";"372";"0"
"2023";"12";"150125";"LIMA";"LIMA";"PUENTE PIEDRA";"PRIVADO";"II-E";"00016353";"CLINICA MONTELUZ";"240100";"HOSPITALIZACIÓN QUIRÚRGICA CIRUGÍA GENERAL ";"82";"85";"128";"125";"10";"300";"0"
"2023";"12";"211101";"PUNO";"SAN ROMAN";"JULIACA";"PRIVADO";"II-E";"00011978";"CLINICA MONTE SINAI JULIACA E.I.R.L.";"241800";"HOSPITALIZACIÓN DE MEDICINA MEDICINA GENERAL ";"4";"4";"25";"35";"2";"150";"0"
"2023";"12";"211101";"PUNO";"SAN ROMAN";"JULIACA";"PRIVADO";"II-E";"00011978";"CLINICA MONTE SINAI JULIACA E.I.R.L.";"240100";"HOSPITALIZACIÓN QUIRÚRGICA CIRUGÍA GENERAL ";"34";"30";"110";"15";"13";"92";"0"
"2023";"12";"211101";"PUNO";"SAN ROMAN";"JULIACA";"PRIVADO";"II-E";"00011978";"CLINICA MONTE SINAI JULIACA E.I.R.L.";"240900";"HOSPITALIZACIÓN QUIRÚRGICA NEUROCIRUGÍA ";"2";"2";"5";"5";"1";"92";"0"
"2023";"12";"110201";"ICA";"CHINCHA";"CHINCHA ALTA";"PRIVADO";"II-1";"00020979";"CLINICA DE LOS VASQUEZ S.A.C.";"240000";"HOSPITALIZACIÓN";"41";"43";"127";"46";"19";"589";"0"
"2023";"07";"150130";"LIMA";"LIMA";"SAN BORJA";"PRIVADO";"II-E";"00032441";"CLINICA SAN BORJA SALUD";"NE_0001";"";"NE_0001";"NE_0001";"NE_0001";"NE_0001";"NE_0001";"NE_0001";"NE_0001"
"2023";"12";"060806";"CAJAMARCA";"JAEN";"LAS PIRIAS";"GOBIERNO REGIONAL";"I-3";"00004245";"LAS PIRIAS DE JAEN";"NE_0001";"";"NE_0001";"NE_0001";"NE_0001";"NE_0001";"NE_0001";"NE_0001";"NE_0001"
"2023";"12";"060806";"CAJAMARCA";"JAEN";"LAS PIRIAS";"GOBIERNO REGIONAL";"I-1";"00004246";"RUMIBAMBA";"NE_0001";"";"NE_0001";"NE_0001";"NE_0001";"NE_0001";"NE_0001";"NE_0001";"NE_0001"
"2023";"12";"060608";"CAJAMARCA";"CUTERVO";"SAN ANDRES DE CUTERVO";"GOBIERNO REGIONAL";"I-1";"00005036";"QUILLUGAY";"NE_0001";"";"NE_0001";"NE_0001";"NE_0001";"NE_0001";"NE_0001";"NE_0001";"NE_0001"
"2023";"12";"060608";"CAJAMARCA";"CUTERVO";"SAN ANDRES DE CUTERVO";"GOBIERNO REGIONAL";"I-1";"00006940";"PAJONAL";"NE_0001";"";"NE_0001";"NE_0001";"NE_0001";"NE_0001";"NE_0001";"NE_0001";"NE_0001"
"2023";"12";"040501";"AREQUIPA";"CAYLLOMA";"CHIVAY";"ESSALUD";"I-2";"00013292";"POSTA MEDICA CHIVAY";"NE_0001";"";"NE_0001";"NE_0001";"NE_0001";"NE_0001";"NE_0001";"NE_0001";"NE_0001"
"2023";"11";"100109";"HUANUCO";"HUANUCO";"SANTA MARIA DEL VALLE";"GOBIERNO REGIONAL";"I-1";"00027658";"SAN PEDRO DE CHOQUECANCHA";"NE_0001";"";"NE_0001";"NE_0001";"NE_0001";"NE_0001";"NE_0001";"NE_0001";"NE_0001"
"2023";"11";"100109";"HUANUCO";"HUANUCO";"SANTA MARIA DEL VALLE";"GOBIERNO REGIONAL";"I-3";"00027635";"SANTA MARIA DEL VALLE";"NE_0001";"";"NE_0001";"NE_0001";"NE_0001";"NE_0001";"NE_0001";"NE_0001";"NE_0001"
"2023";"11";"100109";"HUANUCO";"HUANUCO";"SANTA MARIA DEL VALLE";"GOBIERNO REGIONAL";"I-1";"00013848";"INGENIO BAJO";"NE_0001";"";"NE_0001";"NE_0001";"NE_0001";"NE_0001";"NE_0001";"NE_0001";"NE_0001"
"2023";"11";"100109";"HUANUCO";"HUANUCO";"SANTA MARIA DEL VALLE";"GOBIERNO REGIONAL";"I-2";"00007079";"SAN MIGUEL DE MITOQUERA";"NE_0001";"";"NE_0001";"NE_0001";"NE_0001";"NE_0001";"NE_0001";"NE_0001";"NE_0001"
"2023";"11";"100109";"HUANUCO";"HUANUCO";"SANTA MARIA DEL VALLE";"GOBIERNO REGIONAL";"I-2";"00007044";"LLACSA";"NE_0001";"";"NE_0001";"NE_0001";"NE_0001";"NE_0001";"NE_0001";"NE_0001";"NE_0001"
"2023";"11";"100109";"HUANUCO";"HUANUCO";"SANTA MARIA DEL VALLE";"GOBIERNO REGIONAL";"I-2";"00000774";"SANTA CRUZ DE RATACOCHA";"NE_0001";"";"NE_0001";"NE_0001";"NE_0001";"NE_0001";"NE_0001";"NE_0001";"NE_0001"
"2023";"11";"100109";"HUANUCO";"HUANUCO";"SANTA MARIA DEL VALLE";"GOBIERNO REGIONAL";"I-2";"00000773";"SANTA ROSA DE SIRABAMBA";"NE_0001";"";"NE_0001";"NE_0001";"NE_0001";"NE_0001";"NE_0001";"NE_0001";"NE_0001"
"2023";"11";"100109";"HUANUCO";"HUANUCO";"SANTA MARIA DEL VALLE";"GOBIERNO REGIONAL";"I-3";"00000772";"SAN SEBASTIAN DE QUERA";"NE_0001";"";"NE_0001";"NE_0001";"NE_0001";"NE_0001";"NE_0001";"NE_0001";"NE_0001"
"2023";"11";"100109";"HUANUCO";"HUANUCO";"SANTA MARIA DEL VALLE";"GOBIERNO REGIONAL";"I-2";"00000771";"PUESTO DE SALUD DE PACHABAMBA";"NE_0001";"";"NE_0001";"NE_0001";"NE_0001";"NE_0001";"NE_0001";"NE_0001";"NE_0001"
"2023";"11";"100109";"HUANUCO";"HUANUCO";"SANTA MARIA DEL VALLE";"GOBIERNO REGIONAL";"I-2";"00000770";"SANTIAGO DE LLACON";"NE_0001";"";"NE_0001";"NE_0001";"NE_0001";"NE_0001";"NE_0001";"NE_0001";"NE_0001"
"2023";"11";"100109";"HUANUCO";"HUANUCO";"SANTA MARIA DEL VALLE";"GOBIERNO REGIONAL";"I-2";"00000769";"POMACUCHO";"NE_0001";"";"NE_0001";"NE_0001";"NE_0001";"NE_0001";"NE_0001";"NE_0001";"NE_0001"
"2023";"12";"150122";"LIMA";"LIMA";"MIRAFLORES";"PRIVADO";"II-E";"00011849";"CLINICA MIRAFLORES SAC";"240000";"HOSPITALIZACIÓN";"16";"16";"165";"71";"10";"310";"0"
"2023";"12";"150122";"LIMA";"LIMA";"MIRAFLORES";"PRIVADO";"II-E";"00011849";"CLINICA MIRAFLORES SAC";"250200";"UNIDAD DE CUIDADOS CRITICOS UNIDAD DE CUIDADOS INTERMEDIOS GENERAL  (UCIN) ";"1";"1";"8";"7";"2";"20";"0"
"2023";"12";"150122";"LIMA";"LIMA";"MIRAFLORES";"PRIVADO";"II-E";"00011849";"CLINICA MIRAFLORES SAC";"243200";"HOSPITALIZACIÓN DE PEDIATRÍA PEDIATRIA NEONATOLOGÍA";"16";"16";"53";"51";"6";"60";"0"
"2023";"12";"120601";"JUNIN";"SATIPO";"SATIPO";"GOBIERNO REGIONAL";"I-3";"00027078";"CENTRO DE SALUD MENTAL COMUNITARIO SATIPO";"NE_0001";"";"NE_0001";"NE_0001";"NE_0001";"NE_0001";"NE_0001";"NE_0001";"NE_0001"
"2023";"12";"180303";"MOQUEGUA";"ILO";"PACOCHA";"PRIVADO";"II-1";"00017563";"HOSPITAL SPCC - ILO";"240100";"HOSPITALIZACIÓN QUIRÚRGICA CIRUGÍA GENERAL ";"11";"10";"30";"58";"11";"341";"0"
"2023";"12";"180303";"MOQUEGUA";"ILO";"PACOCHA";"PRIVADO";"II-1";"00017563";"HOSPITAL SPCC - ILO";"241400";"HOSPITALIZACIÓN QUIRÚRGICA GINECO - OBSTETRICIA ";"7";"8";"20";"9";"4";"124";"0"
"2023";"12";"180303";"MOQUEGUA";"ILO";"PACOCHA";"PRIVADO";"II-1";"00017563";"HOSPITAL SPCC - ILO";"241800";"HOSPITALIZACIÓN DE MEDICINA MEDICINA GENERAL ";"5";"6";"36";"62";"15";"465";"0"
"2023";"12";"180303";"MOQUEGUA";"ILO";"PACOCHA";"PRIVADO";"II-1";"00017563";"HOSPITAL SPCC - ILO";"242500";"HOSPITALIZACIÓN-PEDIATRÍA GENERAL-";"2";"1";"2";"23";"7";"217";"0"
"2023";"12";"150110";"LIMA";"LIMA";"COMAS";"PRIVADO";"II-E";"00025598";"CLINICA MATER PURISSIMA";"241400";"HOSPITALIZACIÓN QUIRÚRGICA GINECO - OBSTETRICIA ";"6";"6";"12";"12";"8";"248";"0"
"2023";"12";"190113";"PASCO";"PASCO";"YANACANCHA";"MINSA";"II-2";"00000979";"HOSPITAL REGIONAL DR. DANIEL ALCIDES CARRION GARCIA";"240100";"HOSPITALIZACIÓN QUIRÚRGICA CIRUGÍA GENERAL ";"65";"88";"724";"701";"28";"840";"5"
"2023";"12";"190113";"PASCO";"PASCO";"YANACANCHA";"MINSA";"II-2";"00000979";"HOSPITAL REGIONAL DR. DANIEL ALCIDES CARRION GARCIA";"241400";"HOSPITALIZACIÓN QUIRÚRGICA GINECO - OBSTETRICIA ";"121";"132";"269";"258";"24";"720";"0"
"2023";"12";"190113";"PASCO";"PASCO";"YANACANCHA";"MINSA";"II-2";"00000979";"HOSPITAL REGIONAL DR. DANIEL ALCIDES CARRION GARCIA";"241800";"HOSPITALIZACIÓN DE MEDICINA MEDICINA GENERAL ";"30";"42";"243";"231";"17";"510";"2"
"2023";"12";"190113";"PASCO";"PASCO";"YANACANCHA";"MINSA";"II-2";"00000979";"HOSPITAL REGIONAL DR. DANIEL ALCIDES CARRION GARCIA";"243200";"HOSPITALIZACIÓN DE PEDIATRÍA PEDIATRIA NEONATOLOGÍA";"0";"2";"3";"1";"20";"600";"1"
"2023";"12";"190113";"PASCO";"PASCO";"YANACANCHA";"MINSA";"II-2";"00000979";"HOSPITAL REGIONAL DR. DANIEL ALCIDES CARRION GARCIA";"242500";"HOSPITALIZACIÓN-PEDIATRÍA GENERAL-";"23";"24";"92";"91";"15";"450";"0"
"2023";"12";"190113";"PASCO";"PASCO";"YANACANCHA";"MINSA";"II-2";"00000979";"HOSPITAL REGIONAL DR. DANIEL ALCIDES CARRION GARCIA";"242200";"HOSPITALIZACIÓN DE MEDICINA PSIQUIATRÍA ";"4";"9";"192";"187";"10";"300";"0"
"2023";"12";"120114";"JUNIN";"HUANCAYO";"EL TAMBO";"PRIVADO";"II-1";"00008024";"CLINICA CAYETANO HEREDIA";"240000";"HOSPITALIZACIÓN";"150";"160";"584";"522";"35";"1083";"0"
"2023";"12";"120114";"JUNIN";"HUANCAYO";"EL TAMBO";"PRIVADO";"II-1";"00008024";"CLINICA CAYETANO HEREDIA";"241400";"HOSPITALIZACIÓN QUIRÚRGICA GINECO - OBSTETRICIA ";"40";"42";"102";"100";"8";"245";"0"
"2023";"10";"250203";"UCAYALI";"ATALAYA";"TAHUANIA";"MINSA";"I-1";"00032189";"PUESTO DE SALUD MENCORIARI.";"NE_0001";"";"NE_0001";"NE_0001";"NE_0001";"NE_0001";"NE_0001";"NE_0001";"NE_0001"
"2023";"10";"250203";"UCAYALI";"ATALAYA";"TAHUANIA";"MINSA";"I-1";"00031894";"PUESTO DE SALUD NUEVO PARAISO-TAHUANIA.";"NE_0001";"";"NE_0001";"NE_0001";"NE_0001";"NE_0001";"NE_0001";"NE_0001";"NE_0001"
"2023";"10";"250202";"UCAYALI";"ATALAYA";"SEPAHUA";"GOBIERNO REGIONAL";"I-1";"00019549";"SANTA ROSA DE SERJALI";"NE_0001";"";"NE_0001";"NE_0001";"NE_0001";"NE_0001";"NE_0001";"NE_0001";"NE_0001"
"2023";"10";"250203";"UCAYALI";"ATALAYA";"TAHUANIA";"GOBIERNO REGIONAL";"I-1";"00007106";"TONIROMASHI";"NE_0001";"";"NE_0001";"NE_0001";"NE_0001";"NE_0001";"NE_0001";"NE_0001";"NE_0001"
"2023";"10";"250202";"UCAYALI";"ATALAYA";"SEPAHUA";"GOBIERNO REGIONAL";"I-1";"00005525";"PUIJA";"NE_0001";"";"NE_0001";"NE_0001";"NE_0001";"NE_0001";"NE_0001";"NE_0001";"NE_0001"
"2023";"10";"250202";"UCAYALI";"ATALAYA";"SEPAHUA";"GOBIERNO REGIONAL";"I-1";"00005524";"BUFEO POZO";"NE_0001";"";"NE_0001";"NE_0001";"NE_0001";"NE_0001";"NE_0001";"NE_0001";"NE_0001"
"2023";"10";"250202";"UCAYALI";"ATALAYA";"SEPAHUA";"GOBIERNO REGIONAL";"I-3";"00005523";"SEPAHUA";"NE_0001";"";"NE_0001";"NE_0001";"NE_0001";"NE_0001";"NE_0001";"NE_0001";"NE_0001"
"2023";"10";"250203";"UCAYALI";"ATALAYA";"TAHUANIA";"GOBIERNO REGIONAL";"I-1";"00005522";"TUPAC AMARU";"NE_0001";"";"NE_0001";"NE_0001";"NE_0001";"NE_0001";"NE_0001";"NE_0001";"NE_0001"
"2023";"10";"250203";"UCAYALI";"ATALAYA";"TAHUANIA";"GOBIERNO REGIONAL";"I-2";"00005521";"NUEVA ITALIA";"NE_0001";"";"NE_0001";"NE_0001";"NE_0001";"NE_0001";"NE_0001";"NE_0001";"NE_0001"
"2023";"10";"250203";"UCAYALI";"ATALAYA";"TAHUANIA";"GOBIERNO REGIONAL";"I-1";"00005520";"SHAHUAYA";"NE_0001";"";"NE_0001";"NE_0001";"NE_0001";"NE_0001";"NE_0001";"NE_0001";"NE_0001"
"2023";"10";"250203";"UCAYALI";"ATALAYA";"TAHUANIA";"GOBIERNO REGIONAL";"I-1";"00005519";"SEMPAYA";"NE_0001";"";"NE_0001";"NE_0001";"NE_0001";"NE_0001";"NE_0001";"NE_0001";"NE_0001"
"2023";"10";"250203";"UCAYALI";"ATALAYA";"TAHUANIA";"GOBIERNO REGIONAL";"I-3";"00005518";"BOLOGNESI";"NE_0001";"";"NE_0001";"NE_0001";"NE_0001";"NE_0001";"NE_0001";"NE_0001";"NE_0001"
"2023";"10";"250201";"UCAYALI";"ATALAYA";"RAIMONDI";"GOBIERNO REGIONAL";"I-1";"00005517";"SERJALI";"NE_0001";"";"NE_0001";"NE_0001";"NE_0001";"NE_0001";"NE_0001";"NE_0001";"NE_0001"
"2023";"10";"250201";"UCAYALI";"ATALAYA";"RAIMONDI";"GOBIERNO REGIONAL";"I-1";"00005516";"RIMA";"NE_0001";"";"NE_0001";"NE_0001";"NE_0001";"NE_0001";"NE_0001";"NE_0001";"NE_0001"
"2023";"10";"250201";"UCAYALI";"ATALAYA";"RAIMONDI";"GOBIERNO REGIONAL";"I-1";"00005515";"ALTO CHENCORENI";"NE_0001";"";"NE_0001";"NE_0001";"NE_0001";"NE_0001";"NE_0001";"NE_0001";"NE_0001"
"2023";"10";"250201";"UCAYALI";"ATALAYA";"RAIMONDI";"GOBIERNO REGIONAL";"I-1";"00005514";"CHEQUITAVO";"NE_0001";"";"NE_0001";"NE_0001";"NE_0001";"NE_0001";"NE_0001";"NE_0001";"NE_0001"
"2023";"10";"250201";"UCAYALI";"ATALAYA";"RAIMONDI";"GOBIERNO REGIONAL";"I-1";"00005512";"MAPALCA";"NE_0001";"";"NE_0001";"NE_0001";"NE_0001";"NE_0001";"NE_0001";"NE_0001";"NE_0001"
"2023";"10";"250201";"UCAYALI";"ATALAYA";"RAIMONDI";"GOBIERNO REGIONAL";"I-1";"00005511";"PAOTI";"NE_0001";"";"NE_0001";"NE_0001";"NE_0001";"NE_0001";"NE_0001";"NE_0001";"NE_0001"
"2023";"10";"250201";"UCAYALI";"ATALAYA";"RAIMONDI";"GOBIERNO REGIONAL";"I-1";"00005510";"LA FLORESTA";"NE_0001";"";"NE_0001";"NE_0001";"NE_0001";"NE_0001";"NE_0001";"NE_0001";"NE_0001"
"2023";"10";"250201";"UCAYALI";"ATALAYA";"RAIMONDI";"MINSA";"I-1";"00005509";"CHICOSA";"NE_0001";"";"NE_0001";"NE_0001";"NE_0001";"NE_0001";"NE_0001";"NE_0001";"NE_0001"
"2023";"10";"250201";"UCAYALI";"ATALAYA";"RAIMONDI";"MINSA";"I-1";"00005508";"UNINI";"NE_0001";"";"NE_0001";"NE_0001";"NE_0001";"NE_0001";"NE_0001";"NE_0001";"NE_0001"
"2023";"10";"250201";"UCAYALI";"ATALAYA";"RAIMONDI";"GOBIERNO REGIONAL";"I-1";"00005507";"BOCA PUCANI";"NE_0001";"";"NE_0001";"NE_0001";"NE_0001";"NE_0001";"NE_0001";"NE_0001";"NE_0001"
"2023";"10";"250201";"UCAYALI";"ATALAYA";"RAIMONDI";"MINSA";"I-1";"00005506";"P.S RAMON CASTILLA";"NE_0001";"";"NE_0001";"NE_0001";"NE_0001";"NE_0001";"NE_0001";"NE_0001";"NE_0001"
"2023";"10";"250201";"UCAYALI";"ATALAYA";"RAIMONDI";"GOBIERNO REGIONAL";"I-2";"00005505";"OBENTENI";"NE_0001";"";"NE_0001";"NE_0001";"NE_0001";"NE_0001";"NE_0001";"NE_0001";"NE_0001"
"2023";"10";"250201";"UCAYALI";"ATALAYA";"RAIMONDI";"MINSA";"I-1";"00005504";"COCANI";"NE_0001";"";"NE_0001";"NE_0001";"NE_0001";"NE_0001";"NE_0001";"NE_0001";"NE_0001"
"2023";"10";"250201";"UCAYALI";"ATALAYA";"RAIMONDI";"MINSA";"I-2";"00005503";"MALDONADILLO";"NE_0001";"";"NE_0001";"NE_0001";"NE_0001";"NE_0001";"NE_0001";"NE_0001";"NE_0001"
"2023";"10";"250201";"UCAYALI";"ATALAYA";"RAIMONDI";"GOBIERNO REGIONAL";"I-4";"00005502";"ATALAYA";"NE_0002";"";"NE_0002";"NE_0002";"NE_0002";"NE_0002";"NE_0002";"NE_0002";"NE_0002"
"2023";"12";"060601";"CAJAMARCA";"CUTERVO";"CUTERVO";"GOBIERNO REGIONAL";"I-1";"00006852";"LLIPA";"NE_0001";"";"NE_0001";"NE_0001";"NE_0001";"NE_0001";"NE_0001";"NE_0001";"NE_0001"
"2023";"12";"060601";"CAJAMARCA";"CUTERVO";"CUTERVO";"GOBIERNO REGIONAL";"I-1";"00006854";"CARAMARCA CHICA";"NE_0001";"";"NE_0001";"NE_0001";"NE_0001";"NE_0001";"NE_0001";"NE_0001";"NE_0001"
"2023";"12";"060601";"CAJAMARCA";"CUTERVO";"CUTERVO";"GOBIERNO REGIONAL";"I-3";"00006857";"NUEVO ORIENTE";"NE_0001";"";"NE_0001";"NE_0001";"NE_0001";"NE_0001";"NE_0001";"NE_0001";"NE_0001"
"2023";"12";"060601";"CAJAMARCA";"CUTERVO";"CUTERVO";"GOBIERNO REGIONAL";"I-1";"00006936";"CORRALES";"NE_0001";"";"NE_0001";"NE_0001";"NE_0001";"NE_0001";"NE_0001";"NE_0001";"NE_0001"
"2023";"12";"060601";"CAJAMARCA";"CUTERVO";"CUTERVO";"GOBIERNO REGIONAL";"I-1";"00007701";"EL VERDE";"NE_0001";"";"NE_0001";"NE_0001";"NE_0001";"NE_0001";"NE_0001";"NE_0001";"NE_0001"
"2023";"12";"060601";"CAJAMARCA";"CUTERVO";"CUTERVO";"GOBIERNO REGIONAL";"I-1";"00011066";"VISTA ALEGRE DE LA SOLA";"NE_0001";"";"NE_0001";"NE_0001";"NE_0001";"NE_0001";"NE_0001";"NE_0001";"NE_0001"
"2023";"12";"060601";"CAJAMARCA";"CUTERVO";"CUTERVO";"GOBIERNO REGIONAL";"I-1";"00004995";"PALMAS DE HUICHUD";"NE_0001";"";"NE_0001";"NE_0001";"NE_0001";"NE_0001";"NE_0001";"NE_0001";"NE_0001"
"2023";"12";"060601";"CAJAMARCA";"CUTERVO";"CUTERVO";"GOBIERNO REGIONAL";"I-1";"00006788";"YANGACHIS";"NE_0001";"";"NE_0001";"NE_0001";"NE_0001";"NE_0001";"NE_0001";"NE_0001";"NE_0001"
"2023";"12";"060601";"CAJAMARCA";"CUTERVO";"CUTERVO";"GOBIERNO REGIONAL";"I-1";"00004985";"REJOPAMPA";"NE_0001";"";"NE_0001";"NE_0001";"NE_0001";"NE_0001";"NE_0001";"NE_0001";"NE_0001"
"2023";"12";"060601";"CAJAMARCA";"CUTERVO";"CUTERVO";"GOBIERNO REGIONAL";"I-1";"00004986";"EL ARENAL DE CUTERVO";"NE_0001";"";"NE_0001";"NE_0001";"NE_0001";"NE_0001";"NE_0001";"NE_0001";"NE_0001"
"2023";"12";"060601";"CAJAMARCA";"CUTERVO";"CUTERVO";"GOBIERNO REGIONAL";"I-2";"00004989";"AMBULCO GRANDE";"NE_0001";"";"NE_0001";"NE_0001";"NE_0001";"NE_0001";"NE_0001";"NE_0001";"NE_0001"
"2023";"12";"060601";"CAJAMARCA";"CUTERVO";"CUTERVO";"GOBIERNO REGIONAL";"I-1";"00007748";"CULLANMAYO";"NE_0001";"";"NE_0001";"NE_0001";"NE_0001";"NE_0001";"NE_0001";"NE_0001";"NE_0001"
"2023";"12";"060601";"CAJAMARCA";"CUTERVO";"CUTERVO";"GOBIERNO REGIONAL";"I-1";"00004990";"YATUN";"NE_0001";"";"NE_0001";"NE_0001";"NE_0001";"NE_0001";"NE_0001";"NE_0001";"NE_0001"
"2023";"12";"060601";"CAJAMARCA";"CUTERVO";"CUTERVO";"GOBIERNO REGIONAL";"I-1";"00006831";"LA SUCCHA DE CUTERVO";"NE_0001";"";"NE_0001";"NE_0001";"NE_0001";"NE_0001";"NE_0001";"NE_0001";"NE_0001"
"2023";"12";"060601";"CAJAMARCA";"CUTERVO";"CUTERVO";"GOBIERNO REGIONAL";"I-1";"00006787";"SANTA ROSA DE TAPO";"NE_0001";"";"NE_0001";"NE_0001";"NE_0001";"NE_0001";"NE_0001";"NE_0001";"NE_0001"
"2023";"12";"030201";"APURIMAC";"ANDAHUAYLAS";"ANDAHUAYLAS";"GOBIERNO REGIONAL";"II-2";"00004131";"HOSPITAL SUBREGIONAL DE ANDAHUAYLAS";"240100";"HOSPITALIZACIÓN QUIRÚRGICA CIRUGÍA GENERAL ";"68";"69";"283";"273";"12";"330";"0"
"2023";"12";"030201";"APURIMAC";"ANDAHUAYLAS";"ANDAHUAYLAS";"GOBIERNO REGIONAL";"II-2";"00004131";"HOSPITAL SUBREGIONAL DE ANDAHUAYLAS";"240700";"HOSPITALIZACIÓN QUIRÚRGICA CIRUGÍA PEDIÁTRICA ";"14";"18";"69";"60";"4";"112";"0"
"2023";"12";"030201";"APURIMAC";"ANDAHUAYLAS";"ANDAHUAYLAS";"GOBIERNO REGIONAL";"II-2";"00004131";"HOSPITAL SUBREGIONAL DE ANDAHUAYLAS";"241200";"HOSPITALIZACIÓN QUIRÚRGICA TRAUMATOLOGÍA Y ORTOPEDIA ";"31";"26";"189";"198";"7";"211";"0"
"2023";"12";"030201";"APURIMAC";"ANDAHUAYLAS";"ANDAHUAYLAS";"GOBIERNO REGIONAL";"II-2";"00004131";"HOSPITAL SUBREGIONAL DE ANDAHUAYLAS";"241500";"HOSPITALIZACIÓN QUIRÚRGICA GINECOLOGÍA  ";"49";"47";"87";"79";"5";"127";"0"
"2023";"12";"030201";"APURIMAC";"ANDAHUAYLAS";"ANDAHUAYLAS";"GOBIERNO REGIONAL";"II-2";"00004131";"HOSPITAL SUBREGIONAL DE ANDAHUAYLAS";"241600";"HOSPITALIZACIÓN QUIRÚRGICA OBSTETRICIA   ";"151";"149";"334";"333";"18";"434";"0"
"2023";"12";"030201";"APURIMAC";"ANDAHUAYLAS";"ANDAHUAYLAS";"GOBIERNO REGIONAL";"II-2";"00004131";"HOSPITAL SUBREGIONAL DE ANDAHUAYLAS";"241800";"HOSPITALIZACIÓN DE MEDICINA MEDICINA GENERAL ";"71";"61";"441";"479";"18";"515";"6"
"2023";"12";"030201";"APURIMAC";"ANDAHUAYLAS";"ANDAHUAYLAS";"GOBIERNO REGIONAL";"II-2";"00004131";"HOSPITAL SUBREGIONAL DE ANDAHUAYLAS";"242200";"HOSPITALIZACIÓN DE MEDICINA PSIQUIATRÍA ";"10";"14";"185";"138";"5";"153";"0"
"2023";"12";"030201";"APURIMAC";"ANDAHUAYLAS";"ANDAHUAYLAS";"GOBIERNO REGIONAL";"II-2";"00004131";"HOSPITAL SUBREGIONAL DE ANDAHUAYLAS";"242500";"HOSPITALIZACIÓN-PEDIATRÍA GENERAL-";"36";"34";"119";"122";"6";"168";"0"
"2023";"12";"030201";"APURIMAC";"ANDAHUAYLAS";"ANDAHUAYLAS";"GOBIERNO REGIONAL";"II-2";"00004131";"HOSPITAL SUBREGIONAL DE ANDAHUAYLAS";"243200";"HOSPITALIZACIÓN DE PEDIATRÍA PEDIATRIA NEONATOLOGÍA";"42";"42";"253";"162";"10";"268";"0"
"2023";"12";"030201";"APURIMAC";"ANDAHUAYLAS";"ANDAHUAYLAS";"GOBIERNO REGIONAL";"II-2";"00004131";"HOSPITAL SUBREGIONAL DE ANDAHUAYLAS";"250100";"UNIDAD DE CUIDADOS CRITICOS UNIDAD  DE CUIDADOS INTENSIVOS GENERALES (UCI) ";"7";"6";"49";"86";"4";"118";"4"
"2023";"12";"030201";"APURIMAC";"ANDAHUAYLAS";"ANDAHUAYLAS";"GOBIERNO REGIONAL";"II-2";"00004131";"HOSPITAL SUBREGIONAL DE ANDAHUAYLAS";"250105";"UNIDAD DE CUIDADOS CRITICOS UNIDAD  DE CUIDADOS INTENSIVOS  (UCI) NEONATOLOGÍA";"10";"1";"3";"73";"3";"103";"0"
"2023";"12";"030201";"APURIMAC";"ANDAHUAYLAS";"ANDAHUAYLAS";"GOBIERNO REGIONAL";"II-2";"00004131";"HOSPITAL SUBREGIONAL DE ANDAHUAYLAS";"250108";"UNIDAD DE CUIDADOS CRITICOS UNIDAD  DE CUIDADOS INTENSIVOS  (UCI) PEDIÁTRICA";"5";"3";"6";"19";"2";"60";"0"
"2023";"12";"030201";"APURIMAC";"ANDAHUAYLAS";"ANDAHUAYLAS";"GOBIERNO REGIONAL";"II-2";"00004131";"HOSPITAL SUBREGIONAL DE ANDAHUAYLAS";"250200";"UNIDAD DE CUIDADOS CRITICOS UNIDAD DE CUIDADOS INTERMEDIOS GENERAL  (UCIN) ";"14";"6";"24";"79";"3";"95";"3"
"2023";"12";"021801";"ANCASH";"SANTA";"CHIMBOTE";"GOBIERNO REGIONAL";"II-2";"00001652";"HOSPITAL LA CALETA";"241800";"HOSPITALIZACIÓN DE MEDICINA MEDICINA GENERAL ";"39";"40";"268";"268";"9";"270";"8"
"2023";"12";"021801";"ANCASH";"SANTA";"CHIMBOTE";"GOBIERNO REGIONAL";"II-2";"00001652";"HOSPITAL LA CALETA";"244000";"HOSPITALIZACIÓN DE MEDICINA CARDIOLOGIA ";"0";"1";"13";"5";"1";"30";"0"
"2023";"12";"021801";"ANCASH";"SANTA";"CHIMBOTE";"GOBIERNO REGIONAL";"II-2";"00001652";"HOSPITAL LA CALETA";"244700";"HOSPITALIZACIÓN DE MEDICINA NEUROLOGIA  ";"1";"3";"54";"32";"2";"60";"0"
"2023";"12";"021801";"ANCASH";"SANTA";"CHIMBOTE";"GOBIERNO REGIONAL";"II-2";"00001652";"HOSPITAL LA CALETA";"244300";"HOSPITALIZACIÓN DE MEDICINA GASTROENTEROLOGÍA  ";"5";"7";"48";"43";"2";"60";"0"
"2023";"12";"021801";"ANCASH";"SANTA";"CHIMBOTE";"GOBIERNO REGIONAL";"II-2";"00001652";"HOSPITAL LA CALETA";"245300";"HOSPITALIZACIÓN DE MEDICINA NEUMOLOGÍA  ";"11";"12";"138";"154";"6";"180";"0"
"2023";"12";"021801";"ANCASH";"SANTA";"CHIMBOTE";"GOBIERNO REGIONAL";"II-2";"00001652";"HOSPITAL LA CALETA";"242200";"HOSPITALIZACIÓN DE MEDICINA PSIQUIATRÍA ";"3";"2";"78";"241";"9";"270";"0"
"2023";"12";"021801";"ANCASH";"SANTA";"CHIMBOTE";"GOBIERNO REGIONAL";"II-2";"00001652";"HOSPITAL LA CALETA";"244600";"HOSPITALIZACIÓN DE MEDICINA NEFROLOGIA ";"4";"3";"19";"35";"2";"60";"0"
"2023";"12";"021801";"ANCASH";"SANTA";"CHIMBOTE";"GOBIERNO REGIONAL";"II-2";"00001652";"HOSPITAL LA CALETA";"240100";"HOSPITALIZACIÓN QUIRÚRGICA CIRUGÍA GENERAL ";"47";"43";"99";"156";"6";"180";"0"
"2023";"12";"021801";"ANCASH";"SANTA";"CHIMBOTE";"GOBIERNO REGIONAL";"II-2";"00001652";"HOSPITAL LA CALETA";"241200";"HOSPITALIZACIÓN QUIRÚRGICA TRAUMATOLOGÍA Y ORTOPEDIA ";"16";"15";"142";"130";"5";"150";"0"
"2023";"12";"021801";"ANCASH";"SANTA";"CHIMBOTE";"GOBIERNO REGIONAL";"II-2";"00001652";"HOSPITAL LA CALETA";"241300";"HOSPITALIZACIÓN QUIRÚRGICA UROLOGÍA  ";"2";"1";"6";"32";"2";"60";"0"
"2023";"12";"021801";"ANCASH";"SANTA";"CHIMBOTE";"GOBIERNO REGIONAL";"II-2";"00001652";"HOSPITAL LA CALETA";"240800";"HOSPITALIZACIÓN QUIRÚRGICA CIRUGÍA PLÁSTICA/RECONSTRUCTIVA/ REPARADORA ";"1";"1";"8";"8";"1";"30";"0"
"2023";"12";"021801";"ANCASH";"SANTA";"CHIMBOTE";"GOBIERNO REGIONAL";"II-2";"00001652";"HOSPITAL LA CALETA";"242500";"HOSPITALIZACIÓN-PEDIATRÍA GENERAL-";"120";"114";"475";"449";"21";"630";"0"
"2023";"12";"021801";"ANCASH";"SANTA";"CHIMBOTE";"GOBIERNO REGIONAL";"II-2";"00001652";"HOSPITAL LA CALETA";"241600";"HOSPITALIZACIÓN QUIRÚRGICA OBSTETRICIA   ";"192";"193";"457";"468";"18";"540";"0"
"2023";"12";"021801";"ANCASH";"SANTA";"CHIMBOTE";"GOBIERNO REGIONAL";"II-2";"00001652";"HOSPITAL LA CALETA";"241500";"HOSPITALIZACIÓN QUIRÚRGICA GINECOLOGÍA  ";"3";"5";"15";"10";"1";"30";"0"
"2023";"12";"150501";"LIMA";"CAÑETE";"SAN VICENTE DE CAÑETE";"ESSALUD";"II-1";"00010536";"HOSPITAL II CAÑETE";"241800";"HOSPITALIZACIÓN DE MEDICINA MEDICINA GENERAL ";"63";"65";"493";"464";"18";"564";"11"
"2023";"12";"150501";"LIMA";"CAÑETE";"SAN VICENTE DE CAÑETE";"ESSALUD";"II-1";"00010536";"HOSPITAL II CAÑETE";"240100";"HOSPITALIZACIÓN QUIRÚRGICA CIRUGÍA GENERAL ";"48";"50";"291";"280";"12";"370";"0"
"2023";"12";"150501";"LIMA";"CAÑETE";"SAN VICENTE DE CAÑETE";"ESSALUD";"II-1";"00010536";"HOSPITAL II CAÑETE";"241600";"HOSPITALIZACIÓN QUIRÚRGICA OBSTETRICIA   ";"79";"78";"161";"159";"8";"246";"0"
"2023";"12";"150501";"LIMA";"CAÑETE";"SAN VICENTE DE CAÑETE";"ESSALUD";"II-1";"00010536";"HOSPITAL II CAÑETE";"241500";"HOSPITALIZACIÓN QUIRÚRGICA GINECOLOGÍA  ";"4";"3";"10";"21";"1";"32";"0"
"2023";"12";"150501";"LIMA";"CAÑETE";"SAN VICENTE DE CAÑETE";"ESSALUD";"II-1";"00010536";"HOSPITAL II CAÑETE";"242500";"HOSPITALIZACIÓN-PEDIATRÍA GENERAL-";"27";"28";"61";"66";"5";"152";"0"
"2023";"12";"070101";"CALLAO";"CALLAO";"CALLAO";"GOBIERNO REGIONAL";"I-4";"00006228";"CENTRO DE SALUD NESTOR GAMBETTA";"241600";"HOSPITALIZACIÓN QUIRÚRGICA OBSTETRICIA   ";"5";"4";"5";"217";"7";"217";"0"
"2023";"12";"150601";"LIMA";"HUARAL";"HUARAL";"ESSALUD";"I-4";"00010333";"CENTRO DE ATENCION PRIMARIA III HUARAL";"NE_0001";"";"NE_0001";"NE_0001";"NE_0001";"NE_0001";"NE_0001";"NE_0001";"NE_0001"
"2023";"12";"220601";"SAN MARTIN";"MARISCAL CACERES";"JUANJUI";"GOBIERNO REGIONAL";"II-E";"00006919";"HOSPITAL II-E JUANJUI - MC LUIS IZQUIERDO VÁSQUEZ";"240100";"HOSPITALIZACIÓN QUIRÚRGICA CIRUGÍA GENERAL ";"30";"35";"85";"85";"6";"186";"0"
"2023";"12";"220601";"SAN MARTIN";"MARISCAL CACERES";"JUANJUI";"GOBIERNO REGIONAL";"II-E";"00006919";"HOSPITAL II-E JUANJUI - MC LUIS IZQUIERDO VÁSQUEZ";"241400";"HOSPITALIZACIÓN QUIRÚRGICA GINECO - OBSTETRICIA ";"82";"86";"182";"182";"10";"310";"0"
"2023";"12";"220601";"SAN MARTIN";"MARISCAL CACERES";"JUANJUI";"GOBIERNO REGIONAL";"II-E";"00006919";"HOSPITAL II-E JUANJUI - MC LUIS IZQUIERDO VÁSQUEZ";"241600";"HOSPITALIZACIÓN QUIRÚRGICA OBSTETRICIA   ";"42";"44";"59";"59";"10";"310";"0"
"2023";"12";"220601";"SAN MARTIN";"MARISCAL CACERES";"JUANJUI";"GOBIERNO REGIONAL";"II-E";"00006919";"HOSPITAL II-E JUANJUI - MC LUIS IZQUIERDO VÁSQUEZ";"241800";"HOSPITALIZACIÓN DE MEDICINA MEDICINA GENERAL ";"52";"57";"188";"188";"18";"558";"1"
"2023";"12";"220601";"SAN MARTIN";"MARISCAL CACERES";"JUANJUI";"GOBIERNO REGIONAL";"II-E";"00006919";"HOSPITAL II-E JUANJUI - MC LUIS IZQUIERDO VÁSQUEZ";"242500";"HOSPITALIZACIÓN-PEDIATRÍA GENERAL-";"50";"53";"139";"139";"12";"372";"0"
"2023";"12";"130101";"LA LIBERTAD";"TRUJILLO";"TRUJILLO";"PRIVADO";"II-1";"00013373";"CLINICA PERUANO AMERICANA S. A.";"241800";"HOSPITALIZACIÓN DE MEDICINA MEDICINA GENERAL ";"47";"37";"130";"190";"13";"403";"1"
"2023";"12";"130101";"LA LIBERTAD";"TRUJILLO";"TRUJILLO";"PRIVADO";"II-1";"00013373";"CLINICA PERUANO AMERICANA S. A.";"240100";"HOSPITALIZACIÓN QUIRÚRGICA CIRUGÍA GENERAL ";"104";"86";"245";"386";"21";"651";"0"
"2023";"12";"130101";"LA LIBERTAD";"TRUJILLO";"TRUJILLO";"PRIVADO";"II-1";"00013373";"CLINICA PERUANO AMERICANA S. A.";"242300";"HOSPITALIZACIÓN DE PEDIATRÍA  PEDIATRÍA  GENERAL ";"3";"2";"3";"20";"1";"31";"0"
"2023";"12";"130101";"LA LIBERTAD";"TRUJILLO";"TRUJILLO";"PRIVADO";"II-1";"00013373";"CLINICA PERUANO AMERICANA S. A.";"241400";"HOSPITALIZACIÓN QUIRÚRGICA GINECO - OBSTETRICIA ";"8";"8";"16";"16";"4";"124";"0"
"2023";"12";"070103";"CALLAO";"CALLAO";"CARMEN DE LA LEGUA-REYNOSO";"GOBIERNO REGIONAL";"I-3";"00006252";"CENTRO DE SALUD CARMEN DE LA LEGUA";"NE_0001";"";"NE_0001";"NE_0001";"NE_0001";"NE_0001";"NE_0001";"NE_0001";"NE_0001"
"2023";"12";"160107";"LORETO";"MAYNAS";"NAPO";"GOBIERNO REGIONAL";"II-1";"00000066";"HOSPITAL II-1 SANTA CLOTILDE";"241800";"HOSPITALIZACIÓN DE MEDICINA MEDICINA GENERAL ";"5";"5";"28";"140";"16";"496";"0"
"2023";"12";"160107";"LORETO";"MAYNAS";"NAPO";"GOBIERNO REGIONAL";"II-1";"00000066";"HOSPITAL II-1 SANTA CLOTILDE";"242300";"HOSPITALIZACIÓN DE PEDIATRÍA  PEDIATRÍA  GENERAL ";"3";"3";"14";"42";"7";"217";"0"
"2023";"12";"160107";"LORETO";"MAYNAS";"NAPO";"GOBIERNO REGIONAL";"II-1";"00000066";"HOSPITAL II-1 SANTA CLOTILDE";"241600";"HOSPITALIZACIÓN QUIRÚRGICA OBSTETRICIA   ";"6";"6";"8";"48";"6";"186";"0"
"2023";"11";"080901";"CUSCO";"LA CONVENCION";"SANTA ANA";"PRIVADO";"II-E";"00026080";"SR DE TORRECHAYOC";"241400";"HOSPITALIZACIÓN QUIRÚRGICA GINECO - OBSTETRICIA ";"2";"2";"4";"5";"4";"120";"0"
"2023";"11";"060801";"CAJAMARCA";"JAEN";"JAEN";"PRIVADO";"I-3";"00030976";"CENTRO MEDICO SALUD & VIAL JAEN";"NE_0001";"";"NE_0001";"NE_0001";"NE_0001";"NE_0001";"NE_0001";"NE_0001";"NE_0001"
"2023";"11";"110101";"ICA";"ICA";"ICA";"GOBIERNO REGIONAL";"II-2";"00003358";"HOSPITAL REGIONAL DE ICA";"240100";"HOSPITALIZACIÓN QUIRÚRGICA CIRUGÍA GENERAL ";"116";"175";"1832";"2038";"63";"1890";"1"
"2023";"11";"110101";"ICA";"ICA";"ICA";"GOBIERNO REGIONAL";"II-2";"00003358";"HOSPITAL REGIONAL DE ICA";"241500";"HOSPITALIZACIÓN QUIRÚRGICA GINECOLOGÍA  ";"50";"58";"206";"233";"15";"450";"0"
"2023";"11";"110101";"ICA";"ICA";"ICA";"GOBIERNO REGIONAL";"II-2";"00003358";"HOSPITAL REGIONAL DE ICA";"241600";"HOSPITALIZACIÓN QUIRÚRGICA OBSTETRICIA   ";"226";"247";"573";"700";"26";"780";"0"
"2023";"11";"110101";"ICA";"ICA";"ICA";"GOBIERNO REGIONAL";"II-2";"00003358";"HOSPITAL REGIONAL DE ICA";"241900";"HOSPITALIZACIÓN DE MEDICINA MEDICINA INTERNA ";"118";"164";"1665";"1952";"134";"4020";"9"
"2023";"11";"110101";"ICA";"ICA";"ICA";"GOBIERNO REGIONAL";"II-2";"00003358";"HOSPITAL REGIONAL DE ICA";"242500";"HOSPITALIZACIÓN-PEDIATRÍA GENERAL-";"46";"60";"344";"373";"7";"410";"0"
"2023";"11";"110101";"ICA";"ICA";"ICA";"GOBIERNO REGIONAL";"II-2";"00003358";"HOSPITAL REGIONAL DE ICA";"243200";"HOSPITALIZACIÓN DE PEDIATRÍA PEDIATRIA NEONATOLOGÍA";"35";"44";"124";"140";"12";"360";"0"
"2023";"11";"110101";"ICA";"ICA";"ICA";"GOBIERNO REGIONAL";"II-2";"00003358";"HOSPITAL REGIONAL DE ICA";"250103";"UNIDAD DE CUIDADOS CRITICOS UNIDAD  DE CUIDADOS INTENSIVOS GENERALES  (UCI) MEDICINA";"3";"4";"38";"39";"10";"300";"1"
"2023";"11";"110101";"ICA";"ICA";"ICA";"GOBIERNO REGIONAL";"II-2";"00003358";"HOSPITAL REGIONAL DE ICA";"250105";"UNIDAD DE CUIDADOS CRITICOS UNIDAD  DE CUIDADOS INTENSIVOS  (UCI) NEONATOLOGÍA";"6";"9";"132";"135";"7";"210";"1"
"2023";"11";"110101";"ICA";"ICA";"ICA";"GOBIERNO REGIONAL";"II-2";"00003358";"HOSPITAL REGIONAL DE ICA";"250108";"UNIDAD DE CUIDADOS CRITICOS UNIDAD  DE CUIDADOS INTENSIVOS  (UCI) PEDIÁTRICA";"1";"3";"36";"38";"5";"150";"0"
"2023";"02";"150132";"LIMA";"LIMA";"SAN JUAN DE LURIGANCHO";"MINSA";"II-2";"00005617";"HOSPITAL SAN JUAN DE LURIGANCHO";"240100";"HOSPITALIZACIÓN QUIRÚRGICA CIRUGÍA GENERAL ";"325";"206";"614";"659";"24";"672";"1"
"2023";"02";"150132";"LIMA";"LIMA";"SAN JUAN DE LURIGANCHO";"MINSA";"II-2";"00005617";"HOSPITAL SAN JUAN DE LURIGANCHO";"241500";"HOSPITALIZACIÓN QUIRÚRGICA GINECOLOGÍA  ";"88";"63";"218";"218";"8";"224";"0"
"2023";"02";"150132";"LIMA";"LIMA";"SAN JUAN DE LURIGANCHO";"MINSA";"II-2";"00005617";"HOSPITAL SAN JUAN DE LURIGANCHO";"241600";"HOSPITALIZACIÓN QUIRÚRGICA OBSTETRICIA   ";"435";"383";"760";"781";"38";"1064";"0"
"2023";"02";"150132";"LIMA";"LIMA";"SAN JUAN DE LURIGANCHO";"MINSA";"II-2";"00005617";"HOSPITAL SAN JUAN DE LURIGANCHO";"241800";"HOSPITALIZACIÓN DE MEDICINA MEDICINA GENERAL ";"97";"91";"652";"665";"24";"672";"6"
"2023";"02";"150132";"LIMA";"LIMA";"SAN JUAN DE LURIGANCHO";"MINSA";"II-2";"00005617";"HOSPITAL SAN JUAN DE LURIGANCHO";"242300";"HOSPITALIZACIÓN DE PEDIATRÍA  PEDIATRÍA  GENERAL ";"57";"54";"254";"295";"18";"504";"0"
"2023";"02";"150132";"LIMA";"LIMA";"SAN JUAN DE LURIGANCHO";"MINSA";"II-2";"00005617";"HOSPITAL SAN JUAN DE LURIGANCHO";"243200";"HOSPITALIZACIÓN DE PEDIATRÍA PEDIATRIA NEONATOLOGÍA";"21";"21";"70";"78";"3";"84";"0"
"2023";"04";"150132";"LIMA";"LIMA";"SAN JUAN DE LURIGANCHO";"MINSA";"II-2";"00005617";"HOSPITAL SAN JUAN DE LURIGANCHO";"240100";"HOSPITALIZACIÓN QUIRÚRGICA CIRUGÍA GENERAL ";"349";"222";"653";"715";"24";"720";"0"
"2023";"04";"150132";"LIMA";"LIMA";"SAN JUAN DE LURIGANCHO";"MINSA";"II-2";"00005617";"HOSPITAL SAN JUAN DE LURIGANCHO";"241500";"HOSPITALIZACIÓN QUIRÚRGICA GINECOLOGÍA  ";"103";"61";"181";"190";"7";"210";"0"
"2023";"04";"150132";"LIMA";"LIMA";"SAN JUAN DE LURIGANCHO";"MINSA";"II-2";"00005617";"HOSPITAL SAN JUAN DE LURIGANCHO";"241600";"HOSPITALIZACIÓN QUIRÚRGICA OBSTETRICIA   ";"370";"342";"729";"762";"38";"1140";"0"
"2023";"04";"150132";"LIMA";"LIMA";"SAN JUAN DE LURIGANCHO";"MINSA";"II-2";"00005617";"HOSPITAL SAN JUAN DE LURIGANCHO";"241800";"HOSPITALIZACIÓN DE MEDICINA MEDICINA GENERAL ";"101";"88";"653";"715";"24";"720";"11"
"2023";"04";"150132";"LIMA";"LIMA";"SAN JUAN DE LURIGANCHO";"MINSA";"II-2";"00005617";"HOSPITAL SAN JUAN DE LURIGANCHO";"242300";"HOSPITALIZACIÓN DE PEDIATRÍA  PEDIATRÍA  GENERAL ";"93";"77";"327";"387";"18";"540";"0"
"2023";"04";"150132";"LIMA";"LIMA";"SAN JUAN DE LURIGANCHO";"MINSA";"II-2";"00005617";"HOSPITAL SAN JUAN DE LURIGANCHO";"243200";"HOSPITALIZACIÓN DE PEDIATRÍA PEDIATRIA NEONATOLOGÍA";"10";"8";"43";"47";"2";"60";"0"
"2023";"11";"120418";"JUNIN";"JAUJA";"MOLINOS";"GOBIERNO REGIONAL";"I-1";"00000398";"QUERO";"NE_0001";"";"NE_0001";"NE_0001";"NE_0001";"NE_0001";"NE_0001";"NE_0001";"NE_0001"
"2023";"11";"120416";"JUNIN";"JAUJA";"MASMA";"GOBIERNO REGIONAL";"I-3";"00000394";"MASMA";"NE_0001";"";"NE_0001";"NE_0001";"NE_0001";"NE_0001";"NE_0001";"NE_0001";"NE_0001"
"2023";"11";"150101";"LIMA";"LIMA";"LIMA";"PRIVADO";"I-3";"00027276";"POLICLINICO  ARTHRO MEDS";"NE_0001";"";"NE_0001";"NE_0001";"NE_0001";"NE_0001";"NE_0001";"NE_0001";"NE_0001"
"2023";"11";"110110";"ICA";"ICA";"SAN JUAN BAUTISTA";"MINSA";"I-2";"00003387";"CAMINO DE REYES";"NE_0001";"";"NE_0001";"NE_0001";"NE_0001";"NE_0001";"NE_0001";"NE_0001";"NE_0001"
"2023";"11";"110112";"ICA";"ICA";"SUBTANJALLA";"MINSA";"I-3";"00003381";"FONAVI IV";"NE_0001";"";"NE_0001";"NE_0001";"NE_0001";"NE_0001";"NE_0001";"NE_0001";"NE_0001"
"2023";"11";"110110";"ICA";"ICA";"SAN JUAN BAUTISTA";"GOBIERNO REGIONAL";"I-3";"00003386";"EL CARMEN-OLIVO";"NE_0001";"";"NE_0001";"NE_0001";"NE_0001";"NE_0001";"NE_0001";"NE_0001";"NE_0001"
"2023";"11";"220904";"SAN MARTIN";"SAN MARTIN";"CHAZUTA";"GOBIERNO REGIONAL";"I-1";"00006424";"ACHINAMIZA";"NE_0001";"";"NE_0001";"NE_0001";"NE_0001";"NE_0001";"NE_0001";"NE_0001";"NE_0001"
"2023";"11";"220904";"SAN MARTIN";"SAN MARTIN";"CHAZUTA";"GOBIERNO REGIONAL";"I-1";"00006430";"SANTA ROSA DE CHIPAOTA";"NE_0001";"";"NE_0001";"NE_0001";"NE_0001";"NE_0001";"NE_0001";"NE_0001";"NE_0001"
"2023";"11";"220904";"SAN MARTIN";"SAN MARTIN";"CHAZUTA";"GOBIERNO REGIONAL";"I-1";"00006427";"TUNUNTUNUMBA";"NE_0001";"";"NE_0001";"NE_0001";"NE_0001";"NE_0001";"NE_0001";"NE_0001";"NE_0001"
"2023";"11";"220904";"SAN MARTIN";"SAN MARTIN";"CHAZUTA";"GOBIERNO REGIONAL";"I-1";"00006428";"SHILCAYO";"NE_0001";"";"NE_0001";"NE_0001";"NE_0001";"NE_0001";"NE_0001";"NE_0001";"NE_0001"
"2023";"11";"220904";"SAN MARTIN";"SAN MARTIN";"CHAZUTA";"GOBIERNO REGIONAL";"I-4";"00006423";"CHAZUTA";"241600";"HOSPITALIZACIÓN QUIRÚRGICA OBSTETRICIA   ";"11";"11";"11";"11";"5";"55";"0"
"2023";"11";"220904";"SAN MARTIN";"SAN MARTIN";"CHAZUTA";"GOBIERNO REGIONAL";"I-4";"00006423";"CHAZUTA";"241800";"HOSPITALIZACIÓN DE MEDICINA MEDICINA GENERAL ";"10";"12";"14";"14";"5";"70";"0"
"2023";"11";"220904";"SAN MARTIN";"SAN MARTIN";"CHAZUTA";"GOBIERNO REGIONAL";"I-1";"00006429";"CURIYACU";"NE_0001";"";"NE_0001";"NE_0001";"NE_0001";"NE_0001";"NE_0001";"NE_0001";"NE_0001"
"2023";"11";"220904";"SAN MARTIN";"SAN MARTIN";"CHAZUTA";"GOBIERNO REGIONAL";"I-1";"00006426";"CALLANAYACU";"NE_0001";"";"NE_0001";"NE_0001";"NE_0001";"NE_0001";"NE_0001";"NE_0001";"NE_0001"
"2023";"12";"060801";"CAJAMARCA";"JAEN";"JAEN";"PRIVADO";"II-1";"00015266";"CLINICA Y BOTICA SAN JUAN";"240000";"HOSPITALIZACIÓN";"53";"52";"72";"53";"12";"336";"0"
"2023";"11";"210301";"PUNO";"CARABAYA";"MACUSANI";"GOBIERNO REGIONAL";"II-2";"00031179";"HOSPITAL SAN MARTIN DE PORRES";"240100";"HOSPITALIZACIÓN QUIRÚRGICA CIRUGÍA GENERAL ";"60";"63";"193";"256";"10";"300";"0"
"2023";"11";"210301";"PUNO";"CARABAYA";"MACUSANI";"GOBIERNO REGIONAL";"II-2";"00031179";"HOSPITAL SAN MARTIN DE PORRES";"241500";"HOSPITALIZACIÓN QUIRÚRGICA GINECOLOGÍA  ";"16";"16";"32";"48";"4";"120";"0"
"2023";"11";"210301";"PUNO";"CARABAYA";"MACUSANI";"GOBIERNO REGIONAL";"II-2";"00031179";"HOSPITAL SAN MARTIN DE PORRES";"241600";"HOSPITALIZACIÓN QUIRÚRGICA OBSTETRICIA   ";"54";"60";"168";"228";"11";"330";"0"
"2023";"11";"210301";"PUNO";"CARABAYA";"MACUSANI";"GOBIERNO REGIONAL";"II-2";"00031179";"HOSPITAL SAN MARTIN DE PORRES";"241900";"HOSPITALIZACIÓN DE MEDICINA MEDICINA INTERNA ";"33";"37";"205";"236";"9";"270";"0"
"2023";"11";"210301";"PUNO";"CARABAYA";"MACUSANI";"GOBIERNO REGIONAL";"II-2";"00031179";"HOSPITAL SAN MARTIN DE PORRES";"242500";"HOSPITALIZACIÓN-PEDIATRÍA GENERAL-";"12";"17";"38";"55";"6";"180";"0"
"2023";"11";"210301";"PUNO";"CARABAYA";"MACUSANI";"GOBIERNO REGIONAL";"II-2";"00031179";"HOSPITAL SAN MARTIN DE PORRES";"243200";"HOSPITALIZACIÓN DE PEDIATRÍA PEDIATRIA NEONATOLOGÍA";"13";"13";"66";"79";"3";"90";"0"
"2023";"12";"150101";"LIMA";"LIMA";"LIMA";"SANIDAD DE LA POLICIA NACIONAL DEL PERU";"I-3";"00017391";"POLICLINICO COIP";"NE_0001";"";"NE_0001";"NE_0001";"NE_0001";"NE_0001";"NE_0001";"NE_0001";"NE_0001"
"2023";"12";"150113";"LIMA";"LIMA";"JESUS MARIA";"PRIVADO";"II-E";"00017173";"CLINICA PORVENIR";"240100";"HOSPITALIZACIÓN QUIRÚRGICA CIRUGÍA GENERAL ";"102";"97";"106";"102";"6";"186";"0"
"2023";"12";"150113";"LIMA";"LIMA";"JESUS MARIA";"PRIVADO";"II-E";"00017173";"CLINICA PORVENIR";"241400";"HOSPITALIZACIÓN QUIRÚRGICA GINECO - OBSTETRICIA ";"29";"26";"55";"29";"4";"124";"0"
"2023";"12";"150113";"LIMA";"LIMA";"JESUS MARIA";"PRIVADO";"II-E";"00017173";"CLINICA PORVENIR";"241300";"HOSPITALIZACIÓN QUIRÚRGICA UROLOGÍA  ";"3";"3";"5";"3";"1";"31";"0"
"2023";"12";"150113";"LIMA";"LIMA";"JESUS MARIA";"PRIVADO";"II-E";"00017173";"CLINICA PORVENIR";"241200";"HOSPITALIZACIÓN QUIRÚRGICA TRAUMATOLOGÍA Y ORTOPEDIA ";"1";"1";"5";"1";"1";"31";"0"
"2023";"12";"150113";"LIMA";"LIMA";"JESUS MARIA";"PRIVADO";"II-E";"00017173";"CLINICA PORVENIR";"240000";"HOSPITALIZACIÓN";"1";"1";"1";"1";"1";"31";"0"
"2023";"12";"150121";"LIMA";"LIMA";"PUEBLO LIBRE";"PRIVADO";"II-E";"00011741";"CLÍNICA NORVISION";"NE_0001";"";"NE_0001";"NE_0001";"NE_0001";"NE_0001";"NE_0001";"NE_0001";"NE_0001"
"2023";"12";"090101";"HUANCAVELICA";"HUANCAVELICA";"HUANCAVELICA";"GOBIERNO REGIONAL";"I-3";"00028483";"CENTRO DE SALUD MENTAL COMUNITARIO HUANCAVELICA";"NE_0001";"";"NE_0001";"NE_0001";"NE_0001";"NE_0001";"NE_0001";"NE_0001";"NE_0001"
"2023";"12";"230302";"TACNA";"JORGE BASADRE";"ILABAYA";"PRIVADO";"I-4";"00018230";"HOSPITAL TOQUEPALA";"240100";"HOSPITALIZACIÓN QUIRÚRGICA CIRUGÍA GENERAL ";"5";"4";"10";"90";"12";"372";"0"
"2023";"12";"120202";"JUNIN";"CONCEPCION";"ACO";"GOBIERNO REGIONAL";"I-1";"00000746";"QUICHA CHICO";"NE_0001";"";"NE_0001";"NE_0001";"NE_0001";"NE_0001";"NE_0001";"NE_0001";"NE_0001"
"2023";"12";"120213";"JUNIN";"CONCEPCION";"ORCOTUNA";"GOBIERNO REGIONAL";"I-3";"00000751";"ORCOTUNA";"NE_0001";"";"NE_0001";"NE_0001";"NE_0001";"NE_0001";"NE_0001";"NE_0001";"NE_0001"
"2023";"12";"120122";"JUNIN";"HUANCAYO";"INGENIO";"GOBIERNO REGIONAL";"I-2";"00000663";"INGENIO";"NE_0001";"";"NE_0001";"NE_0001";"NE_0001";"NE_0001";"NE_0001";"NE_0001";"NE_0001"
"2023";"12";"120202";"JUNIN";"CONCEPCION";"ACO";"GOBIERNO REGIONAL";"I-2";"00000745";"ACO";"NE_0001";"";"NE_0001";"NE_0001";"NE_0001";"NE_0001";"NE_0001";"NE_0001";"NE_0001"
"2023";"12";"120211";"JUNIN";"CONCEPCION";"MITO";"GOBIERNO REGIONAL";"I-1";"00000749";"SAN LUIS YAICO";"NE_0001";"";"NE_0001";"NE_0001";"NE_0001";"NE_0001";"NE_0001";"NE_0001";"NE_0001"
"2023";"12";"120122";"JUNIN";"HUANCAYO";"INGENIO";"GOBIERNO REGIONAL";"I-1";"00000664";"CASACANCHA";"NE_0001";"";"NE_0001";"NE_0001";"NE_0001";"NE_0001";"NE_0001";"NE_0001";"NE_0001"
"2023";"12";"120201";"JUNIN";"CONCEPCION";"CONCEPCION";"GOBIERNO REGIONAL";"I-4";"00000671";"DAVID GUERRERO DUARTE";"NE_0001";"";"NE_0001";"NE_0001";"NE_0001";"NE_0001";"NE_0001";"NE_0001";"NE_0001"
"2023";"12";"120210";"JUNIN";"CONCEPCION";"MATAHUASI";"GOBIERNO REGIONAL";"I-3";"00000687";"MATAHUASI";"NE_0001";"";"NE_0001";"NE_0001";"NE_0001";"NE_0001";"NE_0001";"NE_0001";"NE_0001"
"2023";"12";"120211";"JUNIN";"CONCEPCION";"MITO";"GOBIERNO REGIONAL";"I-1";"00000750";"MATAHULO";"NE_0001";"";"NE_0001";"NE_0001";"NE_0001";"NE_0001";"NE_0001";"NE_0001";"NE_0001"
"2023";"12";"120202";"JUNIN";"CONCEPCION";"ACO";"GOBIERNO REGIONAL";"I-1";"00000747";"QUICHA GRANDE";"NE_0001";"";"NE_0001";"NE_0001";"NE_0001";"NE_0001";"NE_0001";"NE_0001";"NE_0001"
"2023";"12";"120213";"JUNIN";"CONCEPCION";"ORCOTUNA";"GOBIERNO REGIONAL";"I-1";"00000752";"VICSO";"NE_0001";"";"NE_0001";"NE_0001";"NE_0001";"NE_0001";"NE_0001";"NE_0001";"NE_0001"
"2023";"12";"120207";"JUNIN";"CONCEPCION";"HEROINAS TOLEDO";"GOBIERNO REGIONAL";"I-1";"00000685";"HEROINAS TOLEDO";"NE_0001";"";"NE_0001";"NE_0001";"NE_0001";"NE_0001";"NE_0001";"NE_0001";"NE_0001"
"2023";"12";"120127";"JUNIN";"HUANCAYO";"QUICHUAY";"GOBIERNO REGIONAL";"I-2";"00000665";"QUICHUAY";"NE_0001";"";"NE_0001";"NE_0001";"NE_0001";"NE_0001";"NE_0001";"NE_0001";"NE_0001"
"2023";"12";"120215";"JUNIN";"CONCEPCION";"SANTA ROSA DE OCOPA";"GOBIERNO REGIONAL";"I-3";"00000691";"SANTA ROSA DE OCOPA";"NE_0001";"";"NE_0001";"NE_0001";"NE_0001";"NE_0001";"NE_0001";"NE_0001";"NE_0001"
"2023";"12";"100102";"HUANUCO";"HUANUCO";"AMARILIS";"PRIVADO";"II-E";"00027693";"CENTRO MEDICO ESPECIALIZADO PRIMAVERA";"NE_0002";"";"NE_0002";"NE_0002";"NE_0002";"NE_0002";"NE_0002";"NE_0002";"NE_0002"
"2023";"12";"130111";"LA LIBERTAD";"TRUJILLO";"VICTOR LARCO HERRERA";"GOBIERNO REGIONAL";"II-1";"00005243";"HOSPITAL DISTRITAL VISTA ALEGRE";"241400";"HOSPITALIZACIÓN QUIRÚRGICA GINECO - OBSTETRICIA ";"21";"21";"37";"37";"8";"248";"0"
"2023";"12";"150101";"LIMA";"LIMA";"LIMA";"MINSA";"III-2";"00006208";"INSTITUTO NACIONAL MATERNO PERINATAL";"241400";"HOSPITALIZACIÓN QUIRÚRGICA GINECO - OBSTETRICIA ";"1390";"1302";"4887";"4788";"189";"5859";"0"
"2023";"12";"150101";"LIMA";"LIMA";"LIMA";"MINSA";"III-2";"00006208";"INSTITUTO NACIONAL MATERNO PERINATAL";"241500";"HOSPITALIZACIÓN QUIRÚRGICA GINECOLOGÍA  ";"136";"105";"481";"466";"19";"589";"0"
"2023";"12";"150101";"LIMA";"LIMA";"LIMA";"MINSA";"III-2";"00006208";"INSTITUTO NACIONAL MATERNO PERINATAL";"250102";"UNIDAD DE CUIDADOS CRITICOS UNIDAD  DE CUIDADOS INTENSIVOS GENERALES (UCI) GINECO-OBSTETRICIA";"53";"44";"233";"215";"9";"279";"0"
"2023";"12";"150101";"LIMA";"LIMA";"LIMA";"MINSA";"III-2";"00006208";"INSTITUTO NACIONAL MATERNO PERINATAL";"250105";"UNIDAD DE CUIDADOS CRITICOS UNIDAD  DE CUIDADOS INTENSIVOS  (UCI) NEONATOLOGÍA";"61";"55";"933";"916";"30";"930";"10"
"2023";"12";"150101";"LIMA";"LIMA";"LIMA";"MINSA";"III-2";"00006208";"INSTITUTO NACIONAL MATERNO PERINATAL";"243200";"HOSPITALIZACIÓN DE PEDIATRÍA PEDIATRIA NEONATOLOGÍA";"266";"238";"2359";"2510";"85";"2635";"4"
"2023";"12";"061204";"CAJAMARCA";"SAN PABLO";"TUMBADEN";"GOBIERNO REGIONAL";"I-1";"00004610";"EL REGALADO";"NE_0001";"";"NE_0001";"NE_0001";"NE_0001";"NE_0001";"NE_0001";"NE_0001";"NE_0001"
"2023";"12";"061202";"CAJAMARCA";"SAN PABLO";"SAN BERNARDINO";"GOBIERNO REGIONAL";"I-1";"00004539";"TUÑAD";"NE_0001";"";"NE_0001";"NE_0001";"NE_0001";"NE_0001";"NE_0001";"NE_0001";"NE_0001"
"2023";"12";"061203";"CAJAMARCA";"SAN PABLO";"SAN LUIS";"GOBIERNO REGIONAL";"I-1";"00004584";"PAMPA DE SAN LUIS";"NE_0001";"";"NE_0001";"NE_0001";"NE_0001";"NE_0001";"NE_0001";"NE_0001";"NE_0001"
"2023";"12";"061203";"CAJAMARCA";"SAN PABLO";"SAN LUIS";"GOBIERNO REGIONAL";"I-1";"00004585";"SAN LUIS BAJO - GRANDE";"NE_0001";"";"NE_0001";"NE_0001";"NE_0001";"NE_0001";"NE_0001";"NE_0001";"NE_0001"
"2023";"12";"061204";"CAJAMARCA";"SAN PABLO";"TUMBADEN";"GOBIERNO REGIONAL";"I-1";"00004582";"TUMBADEN ALTO";"NE_0001";"";"NE_0001";"NE_0001";"NE_0001";"NE_0001";"NE_0001";"NE_0001";"NE_0001"
"2023";"12";"061202";"CAJAMARCA";"SAN PABLO";"SAN BERNARDINO";"GOBIERNO REGIONAL";"I-2";"00004580";"SAN BERNARDINO";"NE_0001";"";"NE_0001";"NE_0001";"NE_0001";"NE_0001";"NE_0001";"NE_0001";"NE_0001"
"2023";"12";"061201";"CAJAMARCA";"SAN PABLO";"SAN PABLO";"GOBIERNO REGIONAL";"I-1";"00004611";"EL PATIÑO";"NE_0001";"";"NE_0001";"NE_0001";"NE_0001";"NE_0001";"NE_0001";"NE_0001";"NE_0001"
"2023";"12";"061204";"CAJAMARCA";"SAN PABLO";"TUMBADEN";"GOBIERNO REGIONAL";"I-2";"00004583";"TUMBADEN BAJO";"NE_0001";"";"NE_0001";"NE_0001";"NE_0001";"NE_0001";"NE_0001";"NE_0001";"NE_0001"
"2023";"12";"061201";"CAJAMARCA";"SAN PABLO";"SAN PABLO";"GOBIERNO REGIONAL";"I-2";"00004581";"SANTA ROSA DE UNANCA";"NE_0001";"";"NE_0001";"NE_0001";"NE_0001";"NE_0001";"NE_0001";"NE_0001";"NE_0001"
"2023";"12";"061202";"CAJAMARCA";"SAN PABLO";"SAN BERNARDINO";"GOBIERNO REGIONAL";"I-1";"00004579";"POLAN";"NE_0001";"";"NE_0001";"NE_0001";"NE_0001";"NE_0001";"NE_0001";"NE_0001";"NE_0001"
"2023";"12";"090710";"HUANCAVELICA";"TAYACAJA";"ÑAHUIMPUQUIO";"GOBIERNO REGIONAL";"I-1";"00004103";"IMPERIAL";"NE_0001";"";"NE_0001";"NE_0001";"NE_0001";"NE_0001";"NE_0001";"NE_0001";"NE_0001"
"2023";"12";"090717";"HUANCAVELICA";"TAYACAJA";"SURCUBAMBA";"GOBIERNO REGIONAL";"I-1";"00007293";"SOCOS";"NE_0001";"";"NE_0001";"NE_0001";"NE_0001";"NE_0001";"NE_0001";"NE_0001";"NE_0001"
"2023";"12";"090722";"HUANCAVELICA";"TAYACAJA";"PICHOS";"GOBIERNO REGIONAL";"I-1";"00007393";"PARIACC";"NE_0001";"";"NE_0001";"NE_0001";"NE_0001";"NE_0001";"NE_0001";"NE_0001";"NE_0001"
"2023";"12";"220201";"SAN MARTIN";"BELLAVISTA";"BELLAVISTA";"GOBIERNO REGIONAL";"II-E";"00006502";"HOSPITAL BELLAVISTA";"240100";"HOSPITALIZACIÓN QUIRÚRGICA CIRUGÍA GENERAL ";"11";"12";"38";"38";"8";"248";"0"
"2023";"12";"220201";"SAN MARTIN";"BELLAVISTA";"BELLAVISTA";"GOBIERNO REGIONAL";"II-E";"00006502";"HOSPITAL BELLAVISTA";"241500";"HOSPITALIZACIÓN QUIRÚRGICA GINECOLOGÍA  ";"88";"91";"164";"164";"6";"186";"0"
"2023";"12";"220201";"SAN MARTIN";"BELLAVISTA";"BELLAVISTA";"GOBIERNO REGIONAL";"II-E";"00006502";"HOSPITAL BELLAVISTA";"241900";"HOSPITALIZACIÓN DE MEDICINA MEDICINA INTERNA ";"32";"34";"105";"105";"10";"310";"2"
"2023";"12";"220201";"SAN MARTIN";"BELLAVISTA";"BELLAVISTA";"GOBIERNO REGIONAL";"II-E";"00006502";"HOSPITAL BELLAVISTA";"242500";"HOSPITALIZACIÓN-PEDIATRÍA GENERAL-";"15";"19";"78";"78";"6";"186";"0"
"2023";"12";"220201";"SAN MARTIN";"BELLAVISTA";"BELLAVISTA";"GOBIERNO REGIONAL";"II-E";"00006502";"HOSPITAL BELLAVISTA";"243200";"HOSPITALIZACIÓN DE PEDIATRÍA PEDIATRIA NEONATOLOGÍA";"4";"4";"14";"14";"2";"62";"0"
"2023";"12";"150140";"LIMA";"LIMA";"SANTIAGO DE SURCO";"PRIVADO";"II-E";"00011113";"CLINICA MONTERRICO";"240000";"HOSPITALIZACIÓN";"35";"37";"94";"123";"5";"150";"0"
"2023";"12";"150132";"LIMA";"LIMA";"SAN JUAN DE LURIGANCHO";"PRIVADO";"II-1";"00009090";"CLINICA "" LIMATAMBO""";"240000";"HOSPITALIZACIÓN";"105";"99";"234";"297";"30";"930";"0"
"2023";"12";"050104";"AYACUCHO";"HUAMANGA";"CARMEN ALTO";"SANIDAD DE LA POLICIA NACIONAL DEL PERU";"I-2";"00027415";"POSTA MEDICA POLICIAL EESTP PNP AYACUCHO";"NE_0001";"";"NE_0001";"NE_0001";"NE_0001";"NE_0001";"NE_0001";"NE_0001";"NE_0001"
"2023";"12";"120114";"JUNIN";"HUANCAYO";"EL TAMBO";"ESSALUD";"I-4";"00008660";"POLICLINICO METROPOLITANO HUANCAYO";"NE_0001";"";"NE_0001";"NE_0001";"NE_0001";"NE_0001";"NE_0001";"NE_0001";"NE_0001"
"2023";"12";"120417";"JUNIN";"JAUJA";"MASMA CHICCHE";"GOBIERNO REGIONAL";"I-1";"00000395";"MASMA CHICCHE";"NE_0001";"";"NE_0001";"NE_0001";"NE_0001";"NE_0001";"NE_0001";"NE_0001";"NE_0001"
"2023";"12";"120418";"JUNIN";"JAUJA";"MOLINOS";"GOBIERNO REGIONAL";"I-2";"00000397";"MOLINOS";"NE_0001";"";"NE_0001";"NE_0001";"NE_0001";"NE_0001";"NE_0001";"NE_0001";"NE_0001"
"2023";"12";"120412";"JUNIN";"JAUJA";"JULCAN";"GOBIERNO REGIONAL";"I-2";"00000393";"JULCAN";"NE_0001";"";"NE_0001";"NE_0001";"NE_0001";"NE_0001";"NE_0001";"NE_0001";"NE_0001"
"2023";"12";"120418";"JUNIN";"JAUJA";"MOLINOS";"GOBIERNO REGIONAL";"I-1";"00000398";"QUERO";"NE_0001";"";"NE_0001";"NE_0001";"NE_0001";"NE_0001";"NE_0001";"NE_0001";"NE_0001"
"2023";"12";"120418";"JUNIN";"JAUJA";"MOLINOS";"GOBIERNO REGIONAL";"I-2";"00000399";"CURIMARCA";"NE_0001";"";"NE_0001";"NE_0001";"NE_0001";"NE_0001";"NE_0001";"NE_0001";"NE_0001"
"2023";"12";"120416";"JUNIN";"JAUJA";"MASMA";"GOBIERNO REGIONAL";"I-3";"00000394";"MASMA";"NE_0001";"";"NE_0001";"NE_0001";"NE_0001";"NE_0001";"NE_0001";"NE_0001";"NE_0001"
"2023";"12";"150131";"LIMA";"LIMA";"SAN ISIDRO";"PRIVADO";"II-E";"00009288";"NOVOCLINIC";"240000";"HOSPITALIZACIÓN";"198";"196";"227";"278";"16";"293";"0"
"2023";"12";"120705";"JUNIN";"TARMA";"LA UNION";"GOBIERNO REGIONAL";"I-1";"00000600";"UCHURACRA";"NE_0001";"";"NE_0001";"NE_0001";"NE_0001";"NE_0001";"NE_0001";"NE_0001";"NE_0001"
"2023";"12";"120705";"JUNIN";"TARMA";"LA UNION";"GOBIERNO REGIONAL";"I-1";"00000598";"CUYRUHUASI";"NE_0001";"";"NE_0001";"NE_0001";"NE_0001";"NE_0001";"NE_0001";"NE_0001";"NE_0001"
"2023";"12";"120705";"JUNIN";"TARMA";"LA UNION";"GOBIERNO REGIONAL";"I-1";"00000599";"CONDORCOCHA";"NE_0001";"";"NE_0001";"NE_0001";"NE_0001";"NE_0001";"NE_0001";"NE_0001";"NE_0001"
"2023";"12";"040206";"AREQUIPA";"CAMANA";"OCOÑA";"GOBIERNO REGIONAL";"I-3";"00001348";"CENTRO DE SALUD OCOÑA";"NE_0001";"";"NE_0001";"NE_0001";"NE_0001";"NE_0001";"NE_0001";"NE_0001";"NE_0001"
"2023";"12";"040206";"AREQUIPA";"CAMANA";"OCOÑA";"GOBIERNO REGIONAL";"I-2";"00001363";"LA PLANCHADA";"NE_0001";"";"NE_0001";"NE_0001";"NE_0001";"NE_0001";"NE_0001";"NE_0001";"NE_0001"
"2023";"12";"040206";"AREQUIPA";"CAMANA";"OCOÑA";"GOBIERNO REGIONAL";"I-1";"00001364";"PESCADORES";"NE_0001";"";"NE_0001";"NE_0001";"NE_0001";"NE_0001";"NE_0001";"NE_0001";"NE_0001"
"2023";"12";"040203";"AREQUIPA";"CAMANA";"MARIANO NICOLAS VALCARCEL";"GOBIERNO REGIONAL";"I-2";"00001366";"LA EUGENIA";"NE_0001";"";"NE_0001";"NE_0001";"NE_0001";"NE_0001";"NE_0001";"NE_0001";"NE_0001"
"2023";"11";"120101";"JUNIN";"HUANCAYO";"HUANCAYO";"ESSALUD";"I-3";"00012190";"CAP III MANTARO";"NE_0001";"";"NE_0001";"NE_0001";"NE_0001";"NE_0001";"NE_0001";"NE_0001";"NE_0001"
"2023";"11";"210101";"PUNO";"PUNO";"PUNO";"GOBIERNO REGIONAL";"I-4";"00003254";"JOSE ANTONIO ENCINAS";"241600";"HOSPITALIZACIÓN QUIRÚRGICA OBSTETRICIA   ";"21";"21";"30";"102";"5";"272";"0"
"2023";"11";"150130";"LIMA";"LIMA";"SAN BORJA";"PRIVADO";"II-E";"00033189";"CLINICA INSTITUTO ONCOLOGICO PERUANO";"240000";"HOSPITALIZACIÓN";"35";"35";"67";"38";"10";"320";"0"
"2023";"11";"061001";"CAJAMARCA";"SAN MARCOS";"PEDRO GALVEZ";"GOBIERNO REGIONAL";"I-1";"00004505";"HUAYOBAMBA";"NE_0001";"";"NE_0001";"NE_0001";"NE_0001";"NE_0001";"NE_0001";"NE_0001";"NE_0001"
"2023";"11";"061004";"CAJAMARCA";"SAN MARCOS";"GREGORIO PITA";"GOBIERNO REGIONAL";"I-1";"00004503";"PUESTO DE SALUD ULLILLIN";"NE_0001";"";"NE_0001";"NE_0001";"NE_0001";"NE_0001";"NE_0001";"NE_0001";"NE_0001"
"2023";"11";"061004";"CAJAMARCA";"SAN MARCOS";"GREGORIO PITA";"GOBIERNO REGIONAL";"I-2";"00004507";"RIO SECO";"NE_0001";"";"NE_0001";"NE_0001";"NE_0001";"NE_0001";"NE_0001";"NE_0001";"NE_0001"
"2023";"11";"061001";"CAJAMARCA";"SAN MARCOS";"PEDRO GALVEZ";"GOBIERNO REGIONAL";"I-1";"00004509";"CONDORMARCA";"NE_0001";"";"NE_0001";"NE_0001";"NE_0001";"NE_0001";"NE_0001";"NE_0001";"NE_0001"
"2023";"11";"061001";"CAJAMARCA";"SAN MARCOS";"PEDRO GALVEZ";"GOBIERNO REGIONAL";"I-1";"00004504";"EDELMIRA";"NE_0001";"";"NE_0001";"NE_0001";"NE_0001";"NE_0001";"NE_0001";"NE_0001";"NE_0001"
"2023";"11";"061004";"CAJAMARCA";"SAN MARCOS";"GREGORIO PITA";"GOBIERNO REGIONAL";"I-1";"00004506";"PUESTO DE SALUD MANZANILLA";"NE_0001";"";"NE_0001";"NE_0001";"NE_0001";"NE_0001";"NE_0001";"NE_0001";"NE_0001"
"2023";"11";"061001";"CAJAMARCA";"SAN MARCOS";"PEDRO GALVEZ";"GOBIERNO REGIONAL";"I-4";"00004501";"SAN MARCOS";"241400";"HOSPITALIZACIÓN QUIRÚRGICA GINECO - OBSTETRICIA ";"1";"1";"2";"3";"3";"90";"0"
"2023";"11";"061001";"CAJAMARCA";"SAN MARCOS";"PEDRO GALVEZ";"GOBIERNO REGIONAL";"I-4";"00004501";"SAN MARCOS";"241600";"HOSPITALIZACIÓN QUIRÚRGICA OBSTETRICIA   ";"18";"19";"30";"45";"6";"180";"0"
"2023";"11";"061001";"CAJAMARCA";"SAN MARCOS";"PEDRO GALVEZ";"GOBIERNO REGIONAL";"I-4";"00004501";"SAN MARCOS";"241800";"HOSPITALIZACIÓN DE MEDICINA MEDICINA GENERAL ";"9";"9";"39";"48";"3";"90";"0"
"2023";"11";"061004";"CAJAMARCA";"SAN MARCOS";"GREGORIO PITA";"GOBIERNO REGIONAL";"I-1";"00004502";"PUESTO DE SALUD MUYOC";"NE_0001";"";"NE_0001";"NE_0001";"NE_0001";"NE_0001";"NE_0001";"NE_0001";"NE_0001"
"2023";"11";"061004";"CAJAMARCA";"SAN MARCOS";"GREGORIO PITA";"GOBIERNO REGIONAL";"I-2";"00004508";"PAUCAMARCA";"NE_0001";"";"NE_0001";"NE_0001";"NE_0001";"NE_0001";"NE_0001";"NE_0001";"NE_0001"
"2023";"11";"061001";"CAJAMARCA";"SAN MARCOS";"PEDRO GALVEZ";"GOBIERNO REGIONAL";"I-1";"00004510";"CHUCO";"NE_0001";"";"NE_0001";"NE_0001";"NE_0001";"NE_0001";"NE_0001";"NE_0001";"NE_0001"
"2023";"06";"250101";"UCAYALI";"CORONEL PORTILLO";"CALLERIA";"PRIVADO";"II-1";"00026079";"CLINICA JUAN PABLO II";"240000";"HOSPITALIZACIÓN";"31";"31";"101";"101";"4";"131";"0"
"2023";"06";"250101";"UCAYALI";"CORONEL PORTILLO";"CALLERIA";"PRIVADO";"II-1";"00026079";"CLINICA JUAN PABLO II";"240100";"HOSPITALIZACIÓN QUIRÚRGICA CIRUGÍA GENERAL ";"3";"2";"8";"9";"1";"27";"0"
"2023";"06";"250101";"UCAYALI";"CORONEL PORTILLO";"CALLERIA";"PRIVADO";"II-1";"00026079";"CLINICA JUAN PABLO II";"241400";"HOSPITALIZACIÓN QUIRÚRGICA GINECO - OBSTETRICIA ";"11";"10";"15";"16";"2";"60";"0"
"2023";"06";"250101";"UCAYALI";"CORONEL PORTILLO";"CALLERIA";"PRIVADO";"II-1";"00026079";"CLINICA JUAN PABLO II";"241800";"HOSPITALIZACIÓN DE MEDICINA MEDICINA GENERAL ";"3";"5";"9";"7";"2";"54";"0"
"2023";"06";"250101";"UCAYALI";"CORONEL PORTILLO";"CALLERIA";"PRIVADO";"II-1";"00026079";"CLINICA JUAN PABLO II";"242500";"HOSPITALIZACIÓN-PEDIATRÍA GENERAL-";"5";"4";"10";"11";"2";"58";"0"
"2023";"11";"160108";"LORETO";"MAYNAS";"PUNCHANA";"GOBIERNO REGIONAL";"III-1";"00000003";"HOSPITAL REGIONAL DE LORETO ""FELIPE SANTIAGO ARRIOLA IGLESIAS""";"240100";"HOSPITALIZACIÓN QUIRÚRGICA CIRUGÍA GENERAL ";"80";"101";"861";"850";"28";"868";"0"
"2023";"11";"160108";"LORETO";"MAYNAS";"PUNCHANA";"GOBIERNO REGIONAL";"III-1";"00000003";"HOSPITAL REGIONAL DE LORETO ""FELIPE SANTIAGO ARRIOLA IGLESIAS""";"241500";"HOSPITALIZACIÓN QUIRÚRGICA GINECOLOGÍA  ";"18";"21";"150";"311";"15";"465";"0"
"2023";"11";"160108";"LORETO";"MAYNAS";"PUNCHANA";"GOBIERNO REGIONAL";"III-1";"00000003";"HOSPITAL REGIONAL DE LORETO ""FELIPE SANTIAGO ARRIOLA IGLESIAS""";"241900";"HOSPITALIZACIÓN DE MEDICINA MEDICINA INTERNA ";"59";"91";"1034";"845";"31";"961";"16"
"2023";"11";"160108";"LORETO";"MAYNAS";"PUNCHANA";"GOBIERNO REGIONAL";"III-1";"00000003";"HOSPITAL REGIONAL DE LORETO ""FELIPE SANTIAGO ARRIOLA IGLESIAS""";"242000";"HOSPITALIZACIÓN DE MEDICINA MEDICINA TROPICAL E INFECCIOSAS ";"80";"111";"1024";"987";"36";"1116";"11"
"2023";"11";"160108";"LORETO";"MAYNAS";"PUNCHANA";"GOBIERNO REGIONAL";"III-1";"00000003";"HOSPITAL REGIONAL DE LORETO ""FELIPE SANTIAGO ARRIOLA IGLESIAS""";"243200";"HOSPITALIZACIÓN DE PEDIATRÍA PEDIATRIA NEONATOLOGÍA";"8";"10";"55";"215";"7";"217";"9"
"2023";"11";"160108";"LORETO";"MAYNAS";"PUNCHANA";"GOBIERNO REGIONAL";"III-1";"00000003";"HOSPITAL REGIONAL DE LORETO ""FELIPE SANTIAGO ARRIOLA IGLESIAS""";"241400";"HOSPITALIZACIÓN QUIRÚRGICA GINECO - OBSTETRICIA ";"345";"384";"949";"1425";"49";"1519";"0"
"2023";"11";"160108";"LORETO";"MAYNAS";"PUNCHANA";"GOBIERNO REGIONAL";"III-1";"00000003";"HOSPITAL REGIONAL DE LORETO ""FELIPE SANTIAGO ARRIOLA IGLESIAS""";"242300";"HOSPITALIZACIÓN DE PEDIATRÍA  PEDIATRÍA  GENERAL ";"37";"54";"698";"722";"24";"744";"0"
"2023";"11";"160108";"LORETO";"MAYNAS";"PUNCHANA";"GOBIERNO REGIONAL";"III-1";"00000003";"HOSPITAL REGIONAL DE LORETO ""FELIPE SANTIAGO ARRIOLA IGLESIAS""";"250103";"UNIDAD DE CUIDADOS CRITICOS UNIDAD  DE CUIDADOS INTENSIVOS GENERALES  (UCI) MEDICINA";"6";"6";"24";"205";"7";"217";"6"
"2023";"11";"160108";"LORETO";"MAYNAS";"PUNCHANA";"GOBIERNO REGIONAL";"III-1";"00000003";"HOSPITAL REGIONAL DE LORETO ""FELIPE SANTIAGO ARRIOLA IGLESIAS""";"250108";"UNIDAD DE CUIDADOS CRITICOS UNIDAD  DE CUIDADOS INTENSIVOS  (UCI) PEDIÁTRICA";"7";"7";"22";"172";"6";"186";"6"
"2023";"11";"160108";"LORETO";"MAYNAS";"PUNCHANA";"GOBIERNO REGIONAL";"III-1";"00000003";"HOSPITAL REGIONAL DE LORETO ""FELIPE SANTIAGO ARRIOLA IGLESIAS""";"250109";"UNIDAD DE CUIDADOS CRITICOS UNIDAD  DE CUIDADOS INTENSIVOS  (UCI) QUIRÚRGICA";"3";"5";"56";"236";"8";"248";"0"
"2023";"11";"160108";"LORETO";"MAYNAS";"PUNCHANA";"GOBIERNO REGIONAL";"III-1";"00000003";"HOSPITAL REGIONAL DE LORETO ""FELIPE SANTIAGO ARRIOLA IGLESIAS""";"250400";"UNIDAD DE CUIDADOS CRITICOS UNIDAD DE QUEMADOS (GRAN QUEMADO) ";"3";"3";"48";"165";"7";"217";"0"
"2023";"11";"160108";"LORETO";"MAYNAS";"PUNCHANA";"GOBIERNO REGIONAL";"III-1";"00000003";"HOSPITAL REGIONAL DE LORETO ""FELIPE SANTIAGO ARRIOLA IGLESIAS""";"250105";"UNIDAD DE CUIDADOS CRITICOS UNIDAD  DE CUIDADOS INTENSIVOS  (UCI) NEONATOLOGÍA";"22";"34";"342";"464";"15";"465";"0"
"2023";"11";"160108";"LORETO";"MAYNAS";"PUNCHANA";"GOBIERNO REGIONAL";"III-1";"00000003";"HOSPITAL REGIONAL DE LORETO ""FELIPE SANTIAGO ARRIOLA IGLESIAS""";"242205";"HOSPITALIZACIÓN MEDICINA PSIQUIATRÍA PISIQUIATRIA/ SALUD MENTAL Y ADICCIONES";"1";"1";"37";"335";"11";"341";"0"
"2023";"11";"160108";"LORETO";"MAYNAS";"PUNCHANA";"GOBIERNO REGIONAL";"III-1";"00000003";"HOSPITAL REGIONAL DE LORETO ""FELIPE SANTIAGO ARRIOLA IGLESIAS""";"242100";"HOSPITALIZACIÓN DE MEDICINA ONCOLOGÍA MÉDICA ";"2";"2";"25";"86";"4";"124";"0"
"2023";"12";"150112";"LIMA";"LIMA";"INDEPENDENCIA";"SANIDAD DE LA POLICIA NACIONAL DEL PERU";"I-2";"00012741";"POSTA MEDICA POLICIAL INDEPENDENCIA";"NE_0001";"";"NE_0001";"NE_0001";"NE_0001";"NE_0001";"NE_0001";"NE_0001";"NE_0001"
"2023";"12";"150129";"LIMA";"LIMA";"SAN BARTOLO";"SANIDAD DE LA POLICIA NACIONAL DEL PERU";"I-2";"00019390";"POSTA MEDICA ETS. PNP. SAN BARTOLO";"NE_0001";"";"NE_0001";"NE_0001";"NE_0001";"NE_0001";"NE_0001";"NE_0001";"NE_0001"
"2023";"12";"200101";"PIURA";"PIURA";"PIURA";"PRIVADO";"III-E";"00013727";"INSTITUTO MEDICO ESPECIALIZADO EN DIABETES SOY DIABETICO EIRL";"240000";"HOSPITALIZACIÓN";"14";"14";"32";"32";"6";"186";"0"
"2023";"11";"030501";"APURIMAC";"COTABAMBAS";"TAMBOBAMBA";"GOBIERNO REGIONAL";"II-1";"00002625";"TAMBOBAMBA";"241400";"HOSPITALIZACIÓN QUIRÚRGICA GINECO - OBSTETRICIA ";"40";"40";"100";"40";"4";"48";"0"
"2023";"11";"030501";"APURIMAC";"COTABAMBAS";"TAMBOBAMBA";"GOBIERNO REGIONAL";"II-1";"00002625";"TAMBOBAMBA";"242300";"HOSPITALIZACIÓN DE PEDIATRÍA  PEDIATRÍA  GENERAL ";"1";"1";"4";"1";"4";"5";"0"
"2023";"11";"030501";"APURIMAC";"COTABAMBAS";"TAMBOBAMBA";"GOBIERNO REGIONAL";"II-1";"00002625";"TAMBOBAMBA";"241600";"HOSPITALIZACIÓN QUIRÚRGICA OBSTETRICIA   ";"2";"2";"4";"2";"2";"4";"0"
"2023";"11";"030501";"APURIMAC";"COTABAMBAS";"TAMBOBAMBA";"GOBIERNO REGIONAL";"II-1";"00002625";"TAMBOBAMBA";"241800";"HOSPITALIZACIÓN DE MEDICINA MEDICINA GENERAL ";"20";"20";"35";"20";"8";"100";"0"
"2023";"12";"040112";"AREQUIPA";"AREQUIPA";"PAUCARPATA";"PRIVADO";"II-E";"00016064";"CLINICA PAZ HOLANDESA";"240000";"HOSPITALIZACIÓN";"89";"104";"214";"94";"58";"1798";"0"
"2023";"12";"060607";"CAJAMARCA";"CUTERVO";"QUEROCOTILLO";"GOBIERNO REGIONAL";"I-1";"00004969";"EL MOLINO";"NE_0001";"";"NE_0001";"NE_0001";"NE_0001";"NE_0001";"NE_0001";"NE_0001";"NE_0001"
"2023";"12";"060603";"CAJAMARCA";"CUTERVO";"CHOROS";"GOBIERNO REGIONAL";"I-1";"00004973";"EL ROLLO";"NE_0001";"";"NE_0001";"NE_0001";"NE_0001";"NE_0001";"NE_0001";"NE_0001";"NE_0001"
"2023";"12";"060607";"CAJAMARCA";"CUTERVO";"QUEROCOTILLO";"GOBIERNO REGIONAL";"I-1";"00006860";"TECHIN";"NE_0001";"";"NE_0001";"NE_0001";"NE_0001";"NE_0001";"NE_0001";"NE_0001";"NE_0001"
"2023";"12";"060602";"CAJAMARCA";"CUTERVO";"CALLAYUC";"GOBIERNO REGIONAL";"I-1";"00004962";"HUABAL";"NE_0001";"";"NE_0001";"NE_0001";"NE_0001";"NE_0001";"NE_0001";"NE_0001";"NE_0001"
"2023";"12";"060607";"CAJAMARCA";"CUTERVO";"QUEROCOTILLO";"GOBIERNO REGIONAL";"I-1";"00005008";"CHUMBICATE";"NE_0001";"";"NE_0001";"NE_0001";"NE_0001";"NE_0001";"NE_0001";"NE_0001";"NE_0001"
"2023";"12";"060607";"CAJAMARCA";"CUTERVO";"QUEROCOTILLO";"GOBIERNO REGIONAL";"I-1";"00006859";"MOSHOQUEQUE";"NE_0001";"";"NE_0001";"NE_0001";"NE_0001";"NE_0001";"NE_0001";"NE_0001";"NE_0001"
"2023";"12";"060602";"CAJAMARCA";"CUTERVO";"CALLAYUC";"GOBIERNO REGIONAL";"I-3";"00004964";"CHIPLE";"NE_0001";"";"NE_0001";"NE_0001";"NE_0001";"NE_0001";"NE_0001";"NE_0001";"NE_0001"
"2023";"12";"060602";"CAJAMARCA";"CUTERVO";"CALLAYUC";"GOBIERNO REGIONAL";"I-1";"00004965";"QUEROMARCA";"NE_0001";"";"NE_0001";"NE_0001";"NE_0001";"NE_0001";"NE_0001";"NE_0001";"NE_0001"
"2023";"12";"060606";"CAJAMARCA";"CUTERVO";"PIMPINGOS";"GOBIERNO REGIONAL";"I-2";"00005013";"CASA BLANCA";"NE_0001";"";"NE_0001";"NE_0001";"NE_0001";"NE_0001";"NE_0001";"NE_0001";"NE_0001"
"2023";"12";"060602";"CAJAMARCA";"CUTERVO";"CALLAYUC";"GOBIERNO REGIONAL";"I-1";"00007367";"CONGA";"NE_0001";"";"NE_0001";"NE_0001";"NE_0001";"NE_0001";"NE_0001";"NE_0001";"NE_0001"
"2023";"12";"060611";"CAJAMARCA";"CUTERVO";"SANTA CRUZ";"GOBIERNO REGIONAL";"I-1";"00004978";"CHIPLE LIMON";"NE_0001";"";"NE_0001";"NE_0001";"NE_0001";"NE_0001";"NE_0001";"NE_0001";"NE_0001"
"2023";"12";"060611";"CAJAMARCA";"CUTERVO";"SANTA CRUZ";"GOBIERNO REGIONAL";"I-1";"00004980";"SAN JUAN DE LIMON";"NE_0001";"";"NE_0001";"NE_0001";"NE_0001";"NE_0001";"NE_0001";"NE_0001";"NE_0001"
"2023";"12";"060602";"CAJAMARCA";"CUTERVO";"CALLAYUC";"GOBIERNO REGIONAL";"I-2";"00004966";"SANTA TERESA DE QUEROMARCA";"NE_0001";"";"NE_0001";"NE_0001";"NE_0001";"NE_0001";"NE_0001";"NE_0001";"NE_0001"
"2023";"12";"060602";"CAJAMARCA";"CUTERVO";"CALLAYUC";"GOBIERNO REGIONAL";"I-1";"00006828";"SANTA ROSA DE CALLAYUC";"NE_0001";"";"NE_0001";"NE_0001";"NE_0001";"NE_0001";"NE_0001";"NE_0001";"NE_0001"
"2023";"12";"060611";"CAJAMARCA";"CUTERVO";"SANTA CRUZ";"GOBIERNO REGIONAL";"I-1";"00011260";"LA VIÑA";"NE_0001";"";"NE_0001";"NE_0001";"NE_0001";"NE_0001";"NE_0001";"NE_0001";"NE_0001"
"2023";"12";"060607";"CAJAMARCA";"CUTERVO";"QUEROCOTILLO";"GOBIERNO REGIONAL";"I-1";"00004970";"SANTOS";"NE_0001";"";"NE_0001";"NE_0001";"NE_0001";"NE_0001";"NE_0001";"NE_0001";"NE_0001"
"2023";"12";"060611";"CAJAMARCA";"CUTERVO";"SANTA CRUZ";"GOBIERNO REGIONAL";"I-3";"00004977";"SANTA CRUZ DE CUTERVO";"NE_0001";"";"NE_0001";"NE_0001";"NE_0001";"NE_0001";"NE_0001";"NE_0001";"NE_0001"
"2023";"12";"060611";"CAJAMARCA";"CUTERVO";"SANTA CRUZ";"GOBIERNO REGIONAL";"I-1";"00004979";"CAMPO FLORIDO";"NE_0001";"";"NE_0001";"NE_0001";"NE_0001";"NE_0001";"NE_0001";"NE_0001";"NE_0001"
"2023";"12";"060602";"CAJAMARCA";"CUTERVO";"CALLAYUC";"GOBIERNO REGIONAL";"I-2";"00004967";"SECTOR EL CAMPO";"NE_0001";"";"NE_0001";"NE_0001";"NE_0001";"NE_0001";"NE_0001";"NE_0001";"NE_0001"
"2023";"12";"060611";"CAJAMARCA";"CUTERVO";"SANTA CRUZ";"GOBIERNO REGIONAL";"I-1";"00007050";"AMBATO";"NE_0001";"";"NE_0001";"NE_0001";"NE_0001";"NE_0001";"NE_0001";"NE_0001";"NE_0001"
"2023";"12";"060611";"CAJAMARCA";"CUTERVO";"SANTA CRUZ";"GOBIERNO REGIONAL";"I-1";"00011261";"GRAMALOTILLO";"NE_0001";"";"NE_0001";"NE_0001";"NE_0001";"NE_0001";"NE_0001";"NE_0001";"NE_0001"
"2023";"12";"160101";"LORETO";"MAYNAS";"IQUITOS";"ESSALUD";"I-3";"00011408";"CAP III IQUITOS";"NE_0001";"";"NE_0001";"NE_0001";"NE_0001";"NE_0001";"NE_0001";"NE_0001";"NE_0001"
"2023";"12";"120101";"JUNIN";"HUANCAYO";"HUANCAYO";"PRIVADO";"II-E";"00008475";"CLINICA OFTALMOLOGICA REGIONAL";"NE_0002";"";"NE_0002";"NE_0002";"NE_0002";"NE_0002";"NE_0002";"NE_0002";"NE_0002"
"2023";"10";"250304";"UCAYALI";"PADRE ABAD";"NESHUYA";"GOBIERNO REGIONAL";"I-1";"00030508";"PUESTO DE SALUD NOLBERTH DE ALTO ARUYA";"NE_0001";"";"NE_0001";"NE_0001";"NE_0001";"NE_0001";"NE_0001";"NE_0001";"NE_0001"
"2023";"10";"250304";"UCAYALI";"PADRE ABAD";"NESHUYA";"GOBIERNO REGIONAL";"I-1";"00030507";"PUESTO DE SALUD MAR DE PLATA";"NE_0001";"";"NE_0001";"NE_0001";"NE_0001";"NE_0001";"NE_0001";"NE_0001";"NE_0001"
"2023";"10";"250304";"UCAYALI";"PADRE ABAD";"NESHUYA";"GOBIERNO REGIONAL";"I-1";"00021850";"VIRGEN DEL CARMEN";"NE_0001";"";"NE_0001";"NE_0001";"NE_0001";"NE_0001";"NE_0001";"NE_0001";"NE_0001"
"2023";"10";"250304";"UCAYALI";"PADRE ABAD";"NESHUYA";"GOBIERNO REGIONAL";"I-1";"00007461";"SANTA ROSA DE GUINEA";"NE_0001";"";"NE_0001";"NE_0001";"NE_0001";"NE_0001";"NE_0001";"NE_0001";"NE_0001"
"2023";"10";"250304";"UCAYALI";"PADRE ABAD";"NESHUYA";"GOBIERNO REGIONAL";"I-1";"00007116";"VILLA DEL CAMPO";"NE_0001";"";"NE_0001";"NE_0001";"NE_0001";"NE_0001";"NE_0001";"NE_0001";"NE_0001"
"2023";"10";"250305";"UCAYALI";"PADRE ABAD";"ALEXANDER VON HUMBOLDT";"GOBIERNO REGIONAL";"I-1";"00005421";"EL MILAGRO KM   83";"NE_0001";"";"NE_0001";"NE_0001";"NE_0001";"NE_0001";"NE_0001";"NE_0001";"NE_0001"
"2023";"10";"250304";"UCAYALI";"PADRE ABAD";"NESHUYA";"GOBIERNO REGIONAL";"I-1";"00005420";"NUEVO SAN JUAN KM. 69";"NE_0001";"";"NE_0001";"NE_0001";"NE_0001";"NE_0001";"NE_0001";"NE_0001";"NE_0001"
"2023";"10";"250304";"UCAYALI";"PADRE ABAD";"NESHUYA";"GOBIERNO REGIONAL";"I-1";"00005419";"LA UNION";"NE_0001";"";"NE_0001";"NE_0001";"NE_0001";"NE_0001";"NE_0001";"NE_0001";"NE_0001"
"2023";"10";"250304";"UCAYALI";"PADRE ABAD";"NESHUYA";"GOBIERNO REGIONAL";"I-2";"00005418";"MONTE DE LOS OLIVOS";"NE_0001";"";"NE_0001";"NE_0001";"NE_0001";"NE_0001";"NE_0001";"NE_0001";"NE_0001"
"2023";"10";"250304";"UCAYALI";"PADRE ABAD";"NESHUYA";"GOBIERNO REGIONAL";"I-1";"00005417";"SAN JUAN KM. 71";"NE_0001";"";"NE_0001";"NE_0001";"NE_0001";"NE_0001";"NE_0001";"NE_0001";"NE_0001"
"2023";"10";"250305";"UCAYALI";"PADRE ABAD";"ALEXANDER VON HUMBOLDT";"GOBIERNO REGIONAL";"I-2";"00005416";"VON HUMBOLTD";"NE_0001";"";"NE_0001";"NE_0001";"NE_0001";"NE_0001";"NE_0001";"NE_0001";"NE_0001"
"2023";"10";"250304";"UCAYALI";"PADRE ABAD";"NESHUYA";"GOBIERNO REGIONAL";"I-3";"00005415";"MONTE ALEGRE-NESHUYA";"NE_0001";"";"NE_0001";"NE_0001";"NE_0001";"NE_0001";"NE_0001";"NE_0001";"NE_0001"
"2023";"12";"120301";"JUNIN";"CHANCHAMAYO";"CHANCHAMAYO";"GOBIERNO REGIONAL";"II-2";"00000308";"HOSPITAL REGIONAL DOCENTE DE MEDICINA TROPICAL DR. JULIO CESAR DEMARINI CARO";"241800";"HOSPITALIZACIÓN DE MEDICINA MEDICINA GENERAL ";"51";"52";"368";"347";"22";"682";"10"
"2023";"12";"120301";"JUNIN";"CHANCHAMAYO";"CHANCHAMAYO";"GOBIERNO REGIONAL";"II-2";"00000308";"HOSPITAL REGIONAL DOCENTE DE MEDICINA TROPICAL DR. JULIO CESAR DEMARINI CARO";"242500";"HOSPITALIZACIÓN-PEDIATRÍA GENERAL-";"43";"36";"150";"185";"16";"496";"0"
"2023";"12";"120301";"JUNIN";"CHANCHAMAYO";"CHANCHAMAYO";"GOBIERNO REGIONAL";"II-2";"00000308";"HOSPITAL REGIONAL DOCENTE DE MEDICINA TROPICAL DR. JULIO CESAR DEMARINI CARO";"240100";"HOSPITALIZACIÓN QUIRÚRGICA CIRUGÍA GENERAL ";"74";"77";"317";"316";"25";"775";"0"
"2023";"12";"120301";"JUNIN";"CHANCHAMAYO";"CHANCHAMAYO";"GOBIERNO REGIONAL";"II-2";"00000308";"HOSPITAL REGIONAL DOCENTE DE MEDICINA TROPICAL DR. JULIO CESAR DEMARINI CARO";"241200";"HOSPITALIZACIÓN QUIRÚRGICA TRAUMATOLOGÍA Y ORTOPEDIA ";"40";"40";"128";"136";"8";"248";"0"
"2023";"12";"120301";"JUNIN";"CHANCHAMAYO";"CHANCHAMAYO";"GOBIERNO REGIONAL";"II-2";"00000308";"HOSPITAL REGIONAL DOCENTE DE MEDICINA TROPICAL DR. JULIO CESAR DEMARINI CARO";"241500";"HOSPITALIZACIÓN QUIRÚRGICA GINECOLOGÍA  ";"12";"15";"51";"44";"2";"62";"0"
"2023";"12";"120301";"JUNIN";"CHANCHAMAYO";"CHANCHAMAYO";"GOBIERNO REGIONAL";"II-2";"00000308";"HOSPITAL REGIONAL DOCENTE DE MEDICINA TROPICAL DR. JULIO CESAR DEMARINI CARO";"241600";"HOSPITALIZACIÓN QUIRÚRGICA OBSTETRICIA   ";"87";"87";"255";"237";"13";"403";"0"
"2023";"12";"120301";"JUNIN";"CHANCHAMAYO";"CHANCHAMAYO";"GOBIERNO REGIONAL";"II-2";"00000308";"HOSPITAL REGIONAL DOCENTE DE MEDICINA TROPICAL DR. JULIO CESAR DEMARINI CARO";"241400";"HOSPITALIZACIÓN QUIRÚRGICA GINECO - OBSTETRICIA ";"38";"36";"77";"73";"8";"248";"0"
"2023";"12";"120301";"JUNIN";"CHANCHAMAYO";"CHANCHAMAYO";"GOBIERNO REGIONAL";"II-2";"00000308";"HOSPITAL REGIONAL DOCENTE DE MEDICINA TROPICAL DR. JULIO CESAR DEMARINI CARO";"242200";"HOSPITALIZACIÓN DE MEDICINA PSIQUIATRÍA ";"5";"4";"197";"229";"8";"248";"0"
"2023";"12";"120301";"JUNIN";"CHANCHAMAYO";"CHANCHAMAYO";"GOBIERNO REGIONAL";"II-2";"00000308";"HOSPITAL REGIONAL DOCENTE DE MEDICINA TROPICAL DR. JULIO CESAR DEMARINI CARO";"250103";"UNIDAD DE CUIDADOS CRITICOS UNIDAD  DE CUIDADOS INTENSIVOS GENERALES  (UCI) MEDICINA";"10";"4";"58";"100";"6";"186";"3"
"2023";"11";"130105";"LA LIBERTAD";"TRUJILLO";"LA ESPERANZA";"GOBIERNO REGIONAL";"II-1";"00005226";"HOSPITAL DISTRITAL JERUSALEN";"241400";"HOSPITALIZACIÓN QUIRÚRGICA GINECO - OBSTETRICIA ";"7";"9";"20";"80";"6";"186";"0"
"2023";"11";"130105";"LA LIBERTAD";"TRUJILLO";"LA ESPERANZA";"GOBIERNO REGIONAL";"II-1";"00005226";"HOSPITAL DISTRITAL JERUSALEN";"241600";"HOSPITALIZACIÓN QUIRÚRGICA OBSTETRICIA   ";"41";"43";"60";"90";"6";"186";"0"
"2023";"11";"080907";"CUSCO";"LA CONVENCION";"KIMBIRI";"GOBIERNO REGIONAL";"I-2";"00002470";"CHIRUMPIARI";"NE_0001";"";"NE_0001";"NE_0001";"NE_0001";"NE_0001";"NE_0001";"NE_0001";"NE_0001"
"2023";"11";"080913";"CUSCO";"LA CONVENCION";"VILLA KINTIARINA";"GOBIERNO REGIONAL";"I-2";"00008283";"PUEBLO LIBRE";"NE_0001";"";"NE_0001";"NE_0001";"NE_0001";"NE_0001";"NE_0001";"NE_0001";"NE_0001"
"2023";"11";"080907";"CUSCO";"LA CONVENCION";"KIMBIRI";"GOBIERNO REGIONAL";"I-3";"00002471";"LOBO TAHUANTINSUYO";"NE_0001";"";"NE_0001";"NE_0001";"NE_0001";"NE_0001";"NE_0001";"NE_0001";"NE_0001"
"2023";"12";"080701";"CUSCO";"CHUMBIVILCAS";"SANTO TOMAS";"GOBIERNO REGIONAL";"I-1";"00006981";"CCOYO";"NE_0001";"";"NE_0001";"NE_0001";"NE_0001";"NE_0001";"NE_0001";"NE_0001";"NE_0001"
"2023";"12";"080701";"CUSCO";"CHUMBIVILCAS";"SANTO TOMAS";"GOBIERNO REGIONAL";"I-1";"00006982";"MELLOTOTORA";"NE_0001";"";"NE_0001";"NE_0001";"NE_0001";"NE_0001";"NE_0001";"NE_0001";"NE_0001"
"2023";"12";"080706";"CUSCO";"CHUMBIVILCAS";"LLUSCO";"GOBIERNO REGIONAL";"I-2";"00006748";"COLLPA";"NE_0001";"";"NE_0001";"NE_0001";"NE_0001";"NE_0001";"NE_0001";"NE_0001";"NE_0001"
"2023";"12";"080701";"CUSCO";"CHUMBIVILCAS";"SANTO TOMAS";"GOBIERNO REGIONAL";"I-2";"00008915";"PFULLPURI CONDEPAMPA";"NE_0001";"";"NE_0001";"NE_0001";"NE_0001";"NE_0001";"NE_0001";"NE_0001";"NE_0001"
"2023";"12";"080701";"CUSCO";"CHUMBIVILCAS";"SANTO TOMAS";"GOBIERNO REGIONAL";"I-1";"00006983";"ORCCOMA";"NE_0001";"";"NE_0001";"NE_0001";"NE_0001";"NE_0001";"NE_0001";"NE_0001";"NE_0001"
"2023";"12";"080707";"CUSCO";"CHUMBIVILCAS";"QUIÑOTA";"GOBIERNO REGIONAL";"I-1";"00007112";"YORENCCA";"NE_0001";"";"NE_0001";"NE_0001";"NE_0001";"NE_0001";"NE_0001";"NE_0001";"NE_0001"
"2023";"12";"080704";"CUSCO";"CHUMBIVILCAS";"COLQUEMARCA";"GOBIERNO REGIONAL";"I-1";"00008913";"HUARACO";"NE_0001";"";"NE_0001";"NE_0001";"NE_0001";"NE_0001";"NE_0001";"NE_0001";"NE_0001"
"2023";"12";"080701";"CUSCO";"CHUMBIVILCAS";"SANTO TOMAS";"GOBIERNO REGIONAL";"I-2";"00002400";"ALHUACCHULLO";"NE_0001";"";"NE_0001";"NE_0001";"NE_0001";"NE_0001";"NE_0001";"NE_0001";"NE_0001"
"2023";"12";"150113";"LIMA";"LIMA";"JESUS MARIA";"PRIVADO";"II-1";"00010776";"TRAUMATOLOGIA Y ORTOPEDIA AYBAR & AS SAC";"240000";"HOSPITALIZACIÓN";"1";"1";"1";"1";"6";"186";"0"
"2023";"12";"120423";"JUNIN";"JAUJA";"PACCHA";"GOBIERNO REGIONAL";"I-1";"00000373";"PATACANCHA";"NE_0002";"";"NE_0002";"NE_0002";"NE_0002";"NE_0002";"NE_0002";"NE_0002";"NE_0002"
"2023";"12";"110304";"ICA";"NAZCA";"MARCONA";"ESSALUD";"I-4";"00013911";"MARIA REICHE NEUMAN";"241800";"HOSPITALIZACIÓN DE MEDICINA MEDICINA GENERAL ";"28";"29";"122";"93";"4";"124";"1"
"2023";"12";"110304";"ICA";"NAZCA";"MARCONA";"ESSALUD";"I-4";"00013911";"MARIA REICHE NEUMAN";"240100";"HOSPITALIZACIÓN QUIRÚRGICA CIRUGÍA GENERAL ";"9";"10";"46";"36";"2";"62";"0"
"2023";"12";"110304";"ICA";"NAZCA";"MARCONA";"ESSALUD";"I-4";"00013911";"MARIA REICHE NEUMAN";"241500";"HOSPITALIZACIÓN QUIRÚRGICA GINECOLOGÍA  ";"14";"14";"42";"28";"3";"93";"0"
"2023";"12";"110304";"ICA";"NAZCA";"MARCONA";"ESSALUD";"I-4";"00013911";"MARIA REICHE NEUMAN";"242300";"HOSPITALIZACIÓN DE PEDIATRÍA  PEDIATRÍA  GENERAL ";"12";"13";"38";"25";"2";"62";"0"
"2023";"12";"130101";"LA LIBERTAD";"TRUJILLO";"TRUJILLO";"GOBIERNO REGIONAL";"III-2";"00007277";"INSTITUTO REGIONAL DE ENFERMEDADES NEOPLASICAS - NORTE - DR. LUIS PINILLOS GANOZA";"241000";"HOSPITALIZACIÓN QUIRÚRGICA ONCOLOGÍA QUIRÚRGICA  ";"90";"98";"552";"571";"20";"620";"4"
"2023";"12";"130101";"LA LIBERTAD";"TRUJILLO";"TRUJILLO";"GOBIERNO REGIONAL";"III-2";"00007277";"INSTITUTO REGIONAL DE ENFERMEDADES NEOPLASICAS - NORTE - DR. LUIS PINILLOS GANOZA";"242100";"HOSPITALIZACIÓN DE MEDICINA ONCOLOGÍA MÉDICA ";"61";"63";"192";"245";"9";"279";"2"
"2023";"12";"060803";"CAJAMARCA";"JAEN";"CHONTALI";"GOBIERNO REGIONAL";"I-3";"00004232";"CHONTALI";"NE_0001";"";"NE_0001";"NE_0001";"NE_0001";"NE_0001";"NE_0001";"NE_0001";"NE_0001"
"2023";"12";"021809";"ANCASH";"SANTA";"NUEVO CHIMBOTE";"PRIVADO";"II-1";"00016536";"CLINICA BAHIA S.A.C.";"NE_0002";"";"NE_0002";"NE_0002";"NE_0002";"NE_0002";"NE_0002";"NE_0002";"NE_0002"
"2023";"12";"220804";"SAN MARTIN";"RIOJA";"NUEVA CAJAMARCA";"GOBIERNO REGIONAL";"I-1";"00006286";"PALESTINA";"NE_0001";"";"NE_0001";"NE_0001";"NE_0001";"NE_0001";"NE_0001";"NE_0001";"NE_0001"
"2023";"12";"220804";"SAN MARTIN";"RIOJA";"NUEVA CAJAMARCA";"GOBIERNO REGIONAL";"I-1";"00006288";"UCRANIA";"NE_0001";"";"NE_0001";"NE_0001";"NE_0001";"NE_0001";"NE_0001";"NE_0001";"NE_0001"
"2023";"12";"090401";"HUANCAVELICA";"CASTROVIRREYNA";"CASTROVIRREYNA";"GOBIERNO REGIONAL";"I-2";"00004005";"COCHA";"NE_0001";"";"NE_0001";"NE_0001";"NE_0001";"NE_0001";"NE_0001";"NE_0001";"NE_0001"
"2023";"12";"090119";"HUANCAVELICA";"HUANCAVELICA";"HUANDO";"GOBIERNO REGIONAL";"I-1";"00003901";"TINYACCLLA";"NE_0001";"";"NE_0001";"NE_0001";"NE_0001";"NE_0001";"NE_0001";"NE_0001";"NE_0001"
"2023";"12";"090119";"HUANCAVELICA";"HUANCAVELICA";"HUANDO";"GOBIERNO REGIONAL";"I-1";"00007339";"SAN JOSÉ DE MIRAFLORES";"NE_0001";"";"NE_0001";"NE_0001";"NE_0001";"NE_0001";"NE_0001";"NE_0001";"NE_0001"
"2023";"12";"090119";"HUANCAVELICA";"HUANCAVELICA";"HUANDO";"GOBIERNO REGIONAL";"I-1";"00003900";"CACHILLALLAS";"NE_0001";"";"NE_0001";"NE_0001";"NE_0001";"NE_0001";"NE_0001";"NE_0001";"NE_0001"
"2023";"12";"090119";"HUANCAVELICA";"HUANCAVELICA";"HUANDO";"GOBIERNO REGIONAL";"I-1";"00006820";"NUEVA ACOBAMBILLA";"NE_0001";"";"NE_0001";"NE_0001";"NE_0001";"NE_0001";"NE_0001";"NE_0001";"NE_0001"
"2023";"12";"090119";"HUANCAVELICA";"HUANCAVELICA";"HUANDO";"GOBIERNO REGIONAL";"I-1";"00007340";"VISTA ALEGRE";"NE_0001";"";"NE_0001";"NE_0001";"NE_0001";"NE_0001";"NE_0001";"NE_0001";"NE_0001"
"2023";"12";"090401";"HUANCAVELICA";"CASTROVIRREYNA";"CASTROVIRREYNA";"GOBIERNO REGIONAL";"I-2";"00004005";"COCHA";"NE_0001";"";"NE_0001";"NE_0001";"NE_0001";"NE_0001";"NE_0001";"NE_0001";"NE_0001"
"2023";"12";"090411";"HUANCAVELICA";"CASTROVIRREYNA";"SANTA ANA";"GOBIERNO REGIONAL";"I-1";"00004010";"SANTA ROSA";"NE_0001";"";"NE_0001";"NE_0001";"NE_0001";"NE_0001";"NE_0001";"NE_0001";"NE_0001"
"2023";"12";"090413";"HUANCAVELICA";"CASTROVIRREYNA";"TICRAPO";"GOBIERNO REGIONAL";"I-3";"00004012";"TICRAPO";"NE_0001";"";"NE_0001";"NE_0001";"NE_0001";"NE_0001";"NE_0001";"NE_0001";"NE_0001"
"2023";"12";"090411";"HUANCAVELICA";"CASTROVIRREYNA";"SANTA ANA";"GOBIERNO REGIONAL";"I-1";"00004009";"CHOCLOCOCHA";"NE_0001";"";"NE_0001";"NE_0001";"NE_0001";"NE_0001";"NE_0001";"NE_0001";"NE_0001"
"2023";"12";"160107";"LORETO";"MAYNAS";"NAPO";"GOBIERNO REGIONAL";"II-1";"00000066";"HOSPITAL II-1 SANTA CLOTILDE";"242000";"HOSPITALIZACIÓN DE MEDICINA MEDICINA TROPICAL E INFECCIOSAS ";"1";"1";"1";"1";"3";"93";"0"
"2023";"12";"040208";"AREQUIPA";"CAMANA";"SAMUEL PASTOR";"ESSALUD";"I-4";"00011009";"HOSPITAL I SAMUEL PASTOR DE CAMANA ESSALUD";"241800";"HOSPITALIZACIÓN DE MEDICINA MEDICINA GENERAL ";"24";"26";"109";"103";"4";"124";"0"
"2023";"12";"040208";"AREQUIPA";"CAMANA";"SAMUEL PASTOR";"ESSALUD";"I-4";"00011009";"HOSPITAL I SAMUEL PASTOR DE CAMANA ESSALUD";"240100";"HOSPITALIZACIÓN QUIRÚRGICA CIRUGÍA GENERAL ";"9";"10";"20";"16";"1";"31";"0"
"2023";"12";"040208";"AREQUIPA";"CAMANA";"SAMUEL PASTOR";"ESSALUD";"I-4";"00011009";"HOSPITAL I SAMUEL PASTOR DE CAMANA ESSALUD";"241500";"HOSPITALIZACIÓN QUIRÚRGICA GINECOLOGÍA  ";"11";"11";"18";"18";"1";"31";"0"
"2023";"01";"100101";"HUANUCO";"HUANUCO";"HUANUCO";"PRIVADO";"II-E";"00018192";"CLINICA DE OJOS SANTOS S.R.L";"NE_0001";"";"NE_0001";"NE_0001";"NE_0001";"NE_0001";"NE_0001";"NE_0001";"NE_0001"
"2023";"02";"100101";"HUANUCO";"HUANUCO";"HUANUCO";"PRIVADO";"II-E";"00018192";"CLINICA DE OJOS SANTOS S.R.L";"NE_0001";"";"NE_0001";"NE_0001";"NE_0001";"NE_0001";"NE_0001";"NE_0001";"NE_0001"
"2023";"11";"250101";"UCAYALI";"CORONEL PORTILLO";"CALLERIA";"PRIVADO";"II-1";"00026079";"CLINICA JUAN PABLO II";"240000";"HOSPITALIZACIÓN";"29";"31";"88";"85";"4";"129";"0"
"2023";"11";"250101";"UCAYALI";"CORONEL PORTILLO";"CALLERIA";"PRIVADO";"II-1";"00026079";"CLINICA JUAN PABLO II";"240100";"HOSPITALIZACIÓN QUIRÚRGICA CIRUGÍA GENERAL ";"2";"1";"1";"2";"1";"23";"0"
"2023";"11";"250101";"UCAYALI";"CORONEL PORTILLO";"CALLERIA";"PRIVADO";"II-1";"00026079";"CLINICA JUAN PABLO II";"241400";"HOSPITALIZACIÓN QUIRÚRGICA GINECO - OBSTETRICIA ";"7";"7";"13";"13";"2";"60";"0"
"2023";"11";"250101";"UCAYALI";"CORONEL PORTILLO";"CALLERIA";"PRIVADO";"II-1";"00026079";"CLINICA JUAN PABLO II";"241800";"HOSPITALIZACIÓN DE MEDICINA MEDICINA GENERAL ";"7";"8";"23";"22";"2";"54";"0"
"2023";"11";"250101";"UCAYALI";"CORONEL PORTILLO";"CALLERIA";"PRIVADO";"II-1";"00026079";"CLINICA JUAN PABLO II";"242500";"HOSPITALIZACIÓN-PEDIATRÍA GENERAL-";"7";"8";"32";"31";"2";"64";"0"
"2023";"12";"050101";"AYACUCHO";"HUAMANGA";"AYACUCHO";"SANIDAD DE LA POLICIA NACIONAL DEL PERU";"I-3";"00011426";"POLICLINICO POLICIAL DE AYACUCHO";"NE_0001";"";"NE_0001";"NE_0001";"NE_0001";"NE_0001";"NE_0001";"NE_0001";"NE_0001"
"2023";"12";"030101";"APURIMAC";"ABANCAY";"ABANCAY";"SANIDAD DE LA POLICIA NACIONAL DEL PERU";"I-3";"00008036";"POLICLINICO POLICIAL ABANCAY";"NE_0001";"";"NE_0001";"NE_0001";"NE_0001";"NE_0001";"NE_0001";"NE_0001";"NE_0001"
"2023";"12";"050401";"AYACUCHO";"HUANTA";"HUANTA";"SANIDAD DE LA POLICIA NACIONAL DEL PERU";"I-2";"00011437";"POSTA MEDICA PNP HUANTA";"NE_0001";"";"NE_0001";"NE_0001";"NE_0001";"NE_0001";"NE_0001";"NE_0001";"NE_0001"
"2023";"12";"010201";"AMAZONAS";"BAGUA";"BAGUA";"GOBIERNO REGIONAL";"II-1";"00005044";"GUSTAVO LANATTA LUJAN";"240100";"HOSPITALIZACIÓN QUIRÚRGICA CIRUGÍA GENERAL ";"66";"66";"164";"164";"10";"310";"0"
"2023";"12";"010201";"AMAZONAS";"BAGUA";"BAGUA";"GOBIERNO REGIONAL";"II-1";"00005044";"GUSTAVO LANATTA LUJAN";"241200";"HOSPITALIZACIÓN QUIRÚRGICA TRAUMATOLOGÍA Y ORTOPEDIA ";"10";"10";"22";"22";"2";"62";"0"
"2023";"12";"010201";"AMAZONAS";"BAGUA";"BAGUA";"GOBIERNO REGIONAL";"II-1";"00005044";"GUSTAVO LANATTA LUJAN";"241400";"HOSPITALIZACIÓN QUIRÚRGICA GINECO - OBSTETRICIA ";"151";"151";"326";"326";"19";"589";"0"
"2023";"12";"010201";"AMAZONAS";"BAGUA";"BAGUA";"GOBIERNO REGIONAL";"II-1";"00005044";"GUSTAVO LANATTA LUJAN";"241800";"HOSPITALIZACIÓN DE MEDICINA MEDICINA GENERAL ";"41";"41";"140";"140";"29";"899";"3"
"2023";"12";"010201";"AMAZONAS";"BAGUA";"BAGUA";"GOBIERNO REGIONAL";"II-1";"00005044";"GUSTAVO LANATTA LUJAN";"242500";"HOSPITALIZACIÓN-PEDIATRÍA GENERAL-";"58";"58";"165";"165";"10";"310";"0"
"2023";"12";"010201";"AMAZONAS";"BAGUA";"BAGUA";"GOBIERNO REGIONAL";"II-1";"00005044";"GUSTAVO LANATTA LUJAN";"243200";"HOSPITALIZACIÓN DE PEDIATRÍA PEDIATRIA NEONATOLOGÍA";"26";"26";"100";"100";"9";"279";"1"
"2023";"12";"010201";"AMAZONAS";"BAGUA";"BAGUA";"GOBIERNO REGIONAL";"II-1";"00005044";"GUSTAVO LANATTA LUJAN";"250103";"UNIDAD DE CUIDADOS CRITICOS UNIDAD  DE CUIDADOS INTENSIVOS GENERALES  (UCI) MEDICINA";"7";"7";"28";"28";"7";"217";"3"
"2023";"12";"010201";"AMAZONAS";"BAGUA";"BAGUA";"GOBIERNO REGIONAL";"II-1";"00005044";"GUSTAVO LANATTA LUJAN";"250304";"HOSPIT. EN UNIDAD DE CUID.INTEN.-UNIDAD DE VIGILANCIA INTENSIVA (UVI)-MEDICINA";"31";"31";"145";"145";"6";"186";"5"
"2023";"12";"200101";"PIURA";"PIURA";"PIURA";"PRIVADO";"II-1";"00018310";"SANNA - CLINICA BELEN";"240000";"HOSPITALIZACIÓN";"275";"289";"716";"697";"36";"1116";"0"
"2023";"12";"200101";"PIURA";"PIURA";"PIURA";"PRIVADO";"II-1";"00018310";"SANNA - CLINICA BELEN";"250100";"UNIDAD DE CUIDADOS CRITICOS UNIDAD  DE CUIDADOS INTENSIVOS GENERALES (UCI) ";"13";"6";"65";"58";"5";"155";"1"
"2023";"12";"140101";"LAMBAYEQUE";"CHICLAYO";"CHICLAYO";"PRIVADO";"I-3";"00008229";"SERVIMEDICOS S.A.C.";"NE_0001";"";"NE_0001";"NE_0001";"NE_0001";"NE_0001";"NE_0001";"NE_0001";"NE_0001"
"2023";"11";"250105";"UCAYALI";"CORONEL PORTILLO";"YARINACOCHA";"GOBIERNO REGIONAL";"I-1";"00007237";"NUEVA UNION";"NE_0001";"";"NE_0001";"NE_0001";"NE_0001";"NE_0001";"NE_0001";"NE_0001";"NE_0001"
"2023";"11";"250303";"UCAYALI";"PADRE ABAD";"CURIMANA";"GOBIERNO REGIONAL";"I-1";"00006950";"PUEBLO LIBRE CURIMANA";"NE_0001";"";"NE_0001";"NE_0001";"NE_0001";"NE_0001";"NE_0001";"NE_0001";"NE_0001"
"2023";"11";"250303";"UCAYALI";"PADRE ABAD";"CURIMANA";"GOBIERNO REGIONAL";"I-1";"00006885";"SAN JUAN DE TAHUAPOA";"NE_0001";"";"NE_0001";"NE_0001";"NE_0001";"NE_0001";"NE_0001";"NE_0001";"NE_0001"
"2023";"11";"250105";"UCAYALI";"CORONEL PORTILLO";"YARINACOCHA";"GOBIERNO REGIONAL";"I-1";"00005549";"SANTA ROSA";"NE_0001";"";"NE_0001";"NE_0001";"NE_0001";"NE_0001";"NE_0001";"NE_0001";"NE_0001"
"2023";"11";"250105";"UCAYALI";"CORONEL PORTILLO";"YARINACOCHA";"GOBIERNO REGIONAL";"I-1";"00005548";"CASHIVOCOCHA";"NE_0001";"";"NE_0001";"NE_0001";"NE_0001";"NE_0001";"NE_0001";"NE_0001";"NE_0001"
"2023";"11";"250105";"UCAYALI";"CORONEL PORTILLO";"YARINACOCHA";"GOBIERNO REGIONAL";"I-1";"00005546";"MARISCAL SUCRE";"NE_0001";"";"NE_0001";"NE_0001";"NE_0001";"NE_0001";"NE_0001";"NE_0001";"NE_0001"
"2023";"11";"250105";"UCAYALI";"CORONEL PORTILLO";"YARINACOCHA";"GOBIERNO REGIONAL";"I-1";"00005545";"NUEVA ALEJANDRIA";"NE_0001";"";"NE_0001";"NE_0001";"NE_0001";"NE_0001";"NE_0001";"NE_0001";"NE_0001"
"2023";"11";"250105";"UCAYALI";"CORONEL PORTILLO";"YARINACOCHA";"GOBIERNO REGIONAL";"I-1";"00005544";"CLAS UNION ZAPOTILLO";"NE_0001";"";"NE_0001";"NE_0001";"NE_0001";"NE_0001";"NE_0001";"NE_0001";"NE_0001"
"2023";"11";"250105";"UCAYALI";"CORONEL PORTILLO";"YARINACOCHA";"GOBIERNO REGIONAL";"I-1";"00005543";"NUEVA LUZ DE FATIMA";"NE_0001";"";"NE_0001";"NE_0001";"NE_0001";"NE_0001";"NE_0001";"NE_0001";"NE_0001"
"2023";"11";"250105";"UCAYALI";"CORONEL PORTILLO";"YARINACOCHA";"GOBIERNO REGIONAL";"I-1";"00005542";"CLAS  DE SAN JUAN YARINACOCHA .";"NE_0001";"";"NE_0001";"NE_0001";"NE_0001";"NE_0001";"NE_0001";"NE_0001";"NE_0001"
"2023";"11";"250105";"UCAYALI";"CORONEL PORTILLO";"YARINACOCHA";"GOBIERNO REGIONAL";"I-1";"00005541";"PUESTO DE SALUD LEONCIO PRADO";"NE_0001";"";"NE_0001";"NE_0001";"NE_0001";"NE_0001";"NE_0001";"NE_0001";"NE_0001"
"2023";"11";"250105";"UCAYALI";"CORONEL PORTILLO";"YARINACOCHA";"GOBIERNO REGIONAL";"I-1";"00005540";"HUITOCOCHA";"NE_0001";"";"NE_0001";"NE_0001";"NE_0001";"NE_0001";"NE_0001";"NE_0001";"NE_0001"
"2023";"11";"250105";"UCAYALI";"CORONEL PORTILLO";"YARINACOCHA";"GOBIERNO REGIONAL";"I-2";"00005538";"SAN FRANCISCO DE YARINACOCHA";"NE_0001";"";"NE_0001";"NE_0001";"NE_0001";"NE_0001";"NE_0001";"NE_0001";"NE_0001"
"2023";"11";"250105";"UCAYALI";"CORONEL PORTILLO";"YARINACOCHA";"GOBIERNO REGIONAL";"I-2";"00005537";"CLAS   BELLAVISTA DE YARINACOCHA";"NE_0001";"";"NE_0001";"NE_0001";"NE_0001";"NE_0001";"NE_0001";"NE_0001";"NE_0001"
"2023";"11";"250105";"UCAYALI";"CORONEL PORTILLO";"YARINACOCHA";"GOBIERNO REGIONAL";"I-2";"00005536";"ESPERANZA DE PANAILLO";"NE_0001";"";"NE_0001";"NE_0001";"NE_0001";"NE_0001";"NE_0001";"NE_0001";"NE_0001"
"2023";"11";"250105";"UCAYALI";"CORONEL PORTILLO";"YARINACOCHA";"GOBIERNO REGIONAL";"I-2";"00005535";"CLAS SAN PABLO DE TUSHMO.";"NE_0001";"";"NE_0001";"NE_0001";"NE_0001";"NE_0001";"NE_0001";"NE_0001";"NE_0001"
"2023";"11";"250105";"UCAYALI";"CORONEL PORTILLO";"YARINACOCHA";"GOBIERNO REGIONAL";"I-3";"00005534";"SAN JOSE DE YARINACOCHA";"NE_0001";"";"NE_0001";"NE_0001";"NE_0001";"NE_0001";"NE_0001";"NE_0001";"NE_0001"
"2023";"11";"250303";"UCAYALI";"PADRE ABAD";"CURIMANA";"GOBIERNO REGIONAL";"I-1";"00005425";"ZORRILLOS";"NE_0001";"";"NE_0001";"NE_0001";"NE_0001";"NE_0001";"NE_0001";"NE_0001";"NE_0001"
"2023";"11";"250303";"UCAYALI";"PADRE ABAD";"CURIMANA";"GOBIERNO REGIONAL";"I-1";"00005424";"BELLO HORIZONTE";"NE_0001";"";"NE_0001";"NE_0001";"NE_0001";"NE_0001";"NE_0001";"NE_0001";"NE_0001"
"2023";"11";"250303";"UCAYALI";"PADRE ABAD";"CURIMANA";"GOBIERNO REGIONAL";"I-1";"00005423";"LAS MALVINAS.";"NE_0001";"";"NE_0001";"NE_0001";"NE_0001";"NE_0001";"NE_0001";"NE_0001";"NE_0001"
"2023";"11";"250303";"UCAYALI";"PADRE ABAD";"CURIMANA";"GOBIERNO REGIONAL";"I-3";"00005422";"CURIMANA";"NE_0001";"";"NE_0001";"NE_0001";"NE_0001";"NE_0001";"NE_0001";"NE_0001";"NE_0001"
"2023";"12";"060101";"CAJAMARCA";"CAJAMARCA";"CAJAMARCA";"GOBIERNO REGIONAL";"I-1";"00012831";"AYLAMBO";"NE_0001";"";"NE_0001";"NE_0001";"NE_0001";"NE_0001";"NE_0001";"NE_0001";"NE_0001"
"2023";"12";"060101";"CAJAMARCA";"CAJAMARCA";"CAJAMARCA";"GOBIERNO REGIONAL";"I-1";"00004642";"PATA PATA";"NE_0001";"";"NE_0001";"NE_0001";"NE_0001";"NE_0001";"NE_0001";"NE_0001";"NE_0001"
"2023";"12";"060101";"CAJAMARCA";"CAJAMARCA";"CAJAMARCA";"GOBIERNO REGIONAL";"I-2";"00004641";"MICAELA BASTIDAS";"NE_0001";"";"NE_0001";"NE_0001";"NE_0001";"NE_0001";"NE_0001";"NE_0001";"NE_0001"
"2023";"12";"060101";"CAJAMARCA";"CAJAMARCA";"CAJAMARCA";"GOBIERNO REGIONAL";"I-3";"00004640";"LA TULPUNA";"NE_0001";"";"NE_0001";"NE_0001";"NE_0001";"NE_0001";"NE_0001";"NE_0001";"NE_0001"
"2023";"12";"150121";"LIMA";"LIMA";"PUEBLO LIBRE";"MINSA";"III-1";"00006211";"HOSPITAL DE APOYO SANTA ROSA";"240100";"HOSPITALIZACIÓN QUIRÚRGICA CIRUGÍA GENERAL ";"77";"78";"447";"538";"21";"656";"0"
"2023";"12";"150121";"LIMA";"LIMA";"PUEBLO LIBRE";"MINSA";"III-1";"00006211";"HOSPITAL DE APOYO SANTA ROSA";"240700";"HOSPITALIZACIÓN QUIRÚRGICA CIRUGÍA PEDIÁTRICA ";"26";"26";"527";"168";"10";"310";"0"
"2023";"12";"150121";"LIMA";"LIMA";"PUEBLO LIBRE";"MINSA";"III-1";"00006211";"HOSPITAL DE APOYO SANTA ROSA";"241500";"HOSPITALIZACIÓN QUIRÚRGICA GINECOLOGÍA  ";"35";"45";"283";"282";"15";"465";"0"
"2023";"12";"150121";"LIMA";"LIMA";"PUEBLO LIBRE";"MINSA";"III-1";"00006211";"HOSPITAL DE APOYO SANTA ROSA";"241600";"HOSPITALIZACIÓN QUIRÚRGICA OBSTETRICIA   ";"129";"145";"842";"600";"30";"930";"0"
"2023";"12";"150121";"LIMA";"LIMA";"PUEBLO LIBRE";"MINSA";"III-1";"00006211";"HOSPITAL DE APOYO SANTA ROSA";"241800";"HOSPITALIZACIÓN DE MEDICINA MEDICINA GENERAL ";"78";"76";"700";"898";"29";"899";"9"
"2023";"12";"150121";"LIMA";"LIMA";"PUEBLO LIBRE";"MINSA";"III-1";"00006211";"HOSPITAL DE APOYO SANTA ROSA";"242100";"HOSPITALIZACIÓN DE MEDICINA ONCOLOGÍA MÉDICA ";"56";"61";"271";"340";"11";"341";"1"
"2023";"12";"150121";"LIMA";"LIMA";"PUEBLO LIBRE";"MINSA";"III-1";"00006211";"HOSPITAL DE APOYO SANTA ROSA";"242500";"HOSPITALIZACIÓN-PEDIATRÍA GENERAL-";"58";"61";"254";"293";"14";"434";"0"
"2023";"12";"150121";"LIMA";"LIMA";"PUEBLO LIBRE";"MINSA";"III-1";"00006211";"HOSPITAL DE APOYO SANTA ROSA";"243200";"HOSPITALIZACIÓN DE PEDIATRÍA PEDIATRIA NEONATOLOGÍA";"11";"10";"69";"68";"7";"217";"0"
"2023";"12";"070102";"CALLAO";"CALLAO";"BELLAVISTA";"PRIVADO";"II-1";"00009250";"CLINICAS AUNA - SEDE BELLAVISTA";"240000";"HOSPITALIZACIÓN";"140";"143";"392";"401";"19";"589";"0"
"2023";"12";"070102";"CALLAO";"CALLAO";"BELLAVISTA";"PRIVADO";"II-1";"00009250";"CLINICAS AUNA - SEDE BELLAVISTA";"250100";"UNIDAD DE CUIDADOS CRITICOS UNIDAD  DE CUIDADOS INTENSIVOS GENERALES (UCI) ";"3";"2";"6";"6";"3";"93";"0"
"2023";"12";"150140";"LIMA";"LIMA";"SANTIAGO DE SURCO";"PRIVADO";"II-E";"00011110";"CLINICA CAMPBELL";"240800";"HOSPITALIZACIÓN QUIRÚRGICA CIRUGÍA PLÁSTICA/RECONSTRUCTIVA/ REPARADORA ";"6";"6";"6";"6";"2";"60";"0"
"2023";"12";"150121";"LIMA";"LIMA";"PUEBLO LIBRE";"PRIVADO";"II-E";"00020230";"CLINICA DE OJOS GLOBAL LASER";"NE_0001";"";"NE_0001";"NE_0001";"NE_0001";"NE_0001";"NE_0001";"NE_0001";"NE_0001"
"2023";"12";"200601";"PIURA";"SULLANA";"SULLANA";"GOBIERNO REGIONAL";"II-2";"00001910";"HOSPITAL DE APOYO II - 2 SULLANA";"241900";"HOSPITALIZACIÓN DE MEDICINA MEDICINA INTERNA ";"71";"81";"770";"719";"28";"868";"4"
"2023";"12";"200601";"PIURA";"SULLANA";"SULLANA";"GOBIERNO REGIONAL";"II-2";"00001910";"HOSPITAL DE APOYO II - 2 SULLANA";"244000";"HOSPITALIZACIÓN DE MEDICINA CARDIOLOGIA ";"9";"11";"122";"103";"6";"186";"1"
"2023";"12";"200601";"PIURA";"SULLANA";"SULLANA";"GOBIERNO REGIONAL";"II-2";"00001910";"HOSPITAL DE APOYO II - 2 SULLANA";"240100";"HOSPITALIZACIÓN QUIRÚRGICA CIRUGÍA GENERAL ";"147";"155";"809";"604";"28";"868";"1"
"2023";"12";"200601";"PIURA";"SULLANA";"SULLANA";"GOBIERNO REGIONAL";"II-2";"00001910";"HOSPITAL DE APOYO II - 2 SULLANA";"240700";"HOSPITALIZACIÓN QUIRÚRGICA CIRUGÍA PEDIÁTRICA ";"44";"51";"162";"119";"6";"186";"0"
"2023";"12";"200601";"PIURA";"SULLANA";"SULLANA";"GOBIERNO REGIONAL";"II-2";"00001910";"HOSPITAL DE APOYO II - 2 SULLANA";"241200";"HOSPITALIZACIÓN QUIRÚRGICA TRAUMATOLOGÍA Y ORTOPEDIA ";"6";"6";"60";"88";"6";"186";"0"
"2023";"12";"200601";"PIURA";"SULLANA";"SULLANA";"GOBIERNO REGIONAL";"II-2";"00001910";"HOSPITAL DE APOYO II - 2 SULLANA";"243200";"HOSPITALIZACIÓN DE PEDIATRÍA PEDIATRIA NEONATOLOGÍA";"31";"46";"422";"283";"18";"558";"0"
"2023";"12";"200601";"PIURA";"SULLANA";"SULLANA";"GOBIERNO REGIONAL";"II-2";"00001910";"HOSPITAL DE APOYO II - 2 SULLANA";"250105";"UNIDAD DE CUIDADOS CRITICOS UNIDAD  DE CUIDADOS INTENSIVOS  (UCI) NEONATOLOGÍA";"33";"5";"56";"288";"12";"372";"4"
"2023";"12";"200601";"PIURA";"SULLANA";"SULLANA";"GOBIERNO REGIONAL";"II-2";"00001910";"HOSPITAL DE APOYO II - 2 SULLANA";"242300";"HOSPITALIZACIÓN DE PEDIATRÍA  PEDIATRÍA  GENERAL ";"51";"57";"318";"241";"16";"496";"0"
"2023";"12";"200601";"PIURA";"SULLANA";"SULLANA";"GOBIERNO REGIONAL";"II-2";"00001910";"HOSPITAL DE APOYO II - 2 SULLANA";"241500";"HOSPITALIZACIÓN QUIRÚRGICA GINECOLOGÍA  ";"21";"30";"136";"90";"6";"186";"0"
"2023";"12";"200601";"PIURA";"SULLANA";"SULLANA";"GOBIERNO REGIONAL";"II-2";"00001910";"HOSPITAL DE APOYO II - 2 SULLANA";"241600";"HOSPITALIZACIÓN QUIRÚRGICA OBSTETRICIA   ";"320";"332";"988";"833";"38";"1178";"0"
"2023";"12";"200601";"PIURA";"SULLANA";"SULLANA";"GOBIERNO REGIONAL";"II-2";"00001910";"HOSPITAL DE APOYO II - 2 SULLANA";"250100";"UNIDAD DE CUIDADOS CRITICOS UNIDAD  DE CUIDADOS INTENSIVOS GENERALES (UCI) ";"31";"12";"166";"453";"15";"465";"6"
"2023";"12";"200105";"PIURA";"PIURA";"CATACAOS";"PRIVADO";"II-1";"00010723";"HOSPITAL PRIVADO DEL PERU";"240000";"HOSPITALIZACIÓN";"122";"112";"200";"387";"32";"992";"3"
"2023";"12";"070106";"CALLAO";"CALLAO";"VENTANILLA";"PRIVADO";"II-E";"00009917";"CLINICA CARRION";"NE_0002";"";"NE_0002";"NE_0002";"NE_0002";"NE_0002";"NE_0002";"NE_0002";"NE_0002"
"2023";"12";"010701";"AMAZONAS";"UTCUBAMBA";"BAGUA GRANDE";"GOBIERNO REGIONAL";"II-1";"00005125";"HOSPITAL  SANTIAGO APOSTOL DE UTCUBAMBA";"240100";"HOSPITALIZACIÓN QUIRÚRGICA CIRUGÍA GENERAL ";"41";"88";"132";"132";"8";"248";"0"
"2023";"12";"010701";"AMAZONAS";"UTCUBAMBA";"BAGUA GRANDE";"GOBIERNO REGIONAL";"II-1";"00005125";"HOSPITAL  SANTIAGO APOSTOL DE UTCUBAMBA";"241200";"HOSPITALIZACIÓN QUIRÚRGICA TRAUMATOLOGÍA Y ORTOPEDIA ";"15";"24";"28";"28";"2";"62";"0"
"2023";"12";"010701";"AMAZONAS";"UTCUBAMBA";"BAGUA GRANDE";"GOBIERNO REGIONAL";"II-1";"00005125";"HOSPITAL  SANTIAGO APOSTOL DE UTCUBAMBA";"241400";"HOSPITALIZACIÓN QUIRÚRGICA GINECO - OBSTETRICIA ";"20";"42";"29";"29";"2";"62";"0"
"2023";"12";"010701";"AMAZONAS";"UTCUBAMBA";"BAGUA GRANDE";"GOBIERNO REGIONAL";"II-1";"00005125";"HOSPITAL  SANTIAGO APOSTOL DE UTCUBAMBA";"241600";"HOSPITALIZACIÓN QUIRÚRGICA OBSTETRICIA   ";"130";"261";"192";"192";"15";"465";"0"
"2023";"12";"010701";"AMAZONAS";"UTCUBAMBA";"BAGUA GRANDE";"GOBIERNO REGIONAL";"II-1";"00005125";"HOSPITAL  SANTIAGO APOSTOL DE UTCUBAMBA";"241800";"HOSPITALIZACIÓN DE MEDICINA MEDICINA GENERAL ";"32";"70";"142";"142";"11";"341";"0"
"2023";"12";"010701";"AMAZONAS";"UTCUBAMBA";"BAGUA GRANDE";"GOBIERNO REGIONAL";"II-1";"00005125";"HOSPITAL  SANTIAGO APOSTOL DE UTCUBAMBA";"242500";"HOSPITALIZACIÓN-PEDIATRÍA GENERAL-";"48";"93";"121";"121";"8";"248";"0"
"2023";"12";"010701";"AMAZONAS";"UTCUBAMBA";"BAGUA GRANDE";"GOBIERNO REGIONAL";"II-1";"00005125";"HOSPITAL  SANTIAGO APOSTOL DE UTCUBAMBA";"243200";"HOSPITALIZACIÓN DE PEDIATRÍA PEDIATRIA NEONATOLOGÍA";"18";"39";"38";"38";"7";"217";"0"
"2023";"12";"010701";"AMAZONAS";"UTCUBAMBA";"BAGUA GRANDE";"GOBIERNO REGIONAL";"II-1";"00005125";"HOSPITAL  SANTIAGO APOSTOL DE UTCUBAMBA";"250304";"HOSPIT. EN UNIDAD DE CUID.INTEN.-UNIDAD DE VIGILANCIA INTENSIVA (UVI)-MEDICINA";"17";"30";"49";"49";"5";"155";"6"
"2023";"12";"040101";"AREQUIPA";"AREQUIPA";"AREQUIPA";"PRIVADO";"II-1";"00016744";"CLÍNICAS AUNA SEDE VALLESUR";"240000";"HOSPITALIZACIÓN";"275";"320";"983";"946";"42";"1302";"1"
"2023";"12";"040101";"AREQUIPA";"AREQUIPA";"AREQUIPA";"PRIVADO";"II-1";"00016744";"CLÍNICAS AUNA SEDE VALLESUR";"250100";"UNIDAD DE CUIDADOS CRITICOS UNIDAD  DE CUIDADOS INTENSIVOS GENERALES (UCI) ";"5";"1";"7";"85";"6";"186";"0"
"2023";"12";"040101";"AREQUIPA";"AREQUIPA";"AREQUIPA";"PRIVADO";"II-1";"00016744";"CLÍNICAS AUNA SEDE VALLESUR";"250105";"UNIDAD DE CUIDADOS CRITICOS UNIDAD  DE CUIDADOS INTENSIVOS  (UCI) NEONATOLOGÍA";"2";"1";"6";"31";"3";"93";"0"
"2023";"12";"090705";"HUANCAVELICA";"TAYACAJA";"COLCABAMBA";"GOBIERNO REGIONAL";"I-1";"00012900";"RANRA";"NE_0001";"";"NE_0001";"NE_0001";"NE_0001";"NE_0001";"NE_0001";"NE_0001";"NE_0001"
"2023";"12";"150131";"LIMA";"LIMA";"SAN ISIDRO";"PRIVADO";"II-E";"00018667";"CLINICA ARROYO";"NE_0001";"";"NE_0001";"NE_0001";"NE_0001";"NE_0001";"NE_0001";"NE_0001";"NE_0001"
"2023";"12";"150130";"LIMA";"LIMA";"SAN BORJA";"PRIVADO";"II-E";"00010467";"CLINICA FLEMING";"240000";"HOSPITALIZACIÓN";"9";"9";"11";"11";"8";"248";"0"
"2023";"12";"021703";"ANCASH";"RECUAY";"COTAPARACO";"GOBIERNO REGIONAL";"I-1";"00001477";"PUESTO DE SALUD COTAPARACO";"NE_0001";"";"NE_0001";"NE_0001";"NE_0001";"NE_0001";"NE_0001";"NE_0001";"NE_0001"
"2023";"12";"021707";"ANCASH";"RECUAY";"PAMPAS CHICO";"GOBIERNO REGIONAL";"I-1";"00001482";"PUESTO DE SALUD PAMPAS CHICO";"NE_0001";"";"NE_0001";"NE_0001";"NE_0001";"NE_0001";"NE_0001";"NE_0001";"NE_0001"
"2023";"12";"020510";"ANCASH";"BOLOGNESI";"HUAYLLACAYAN";"GOBIERNO REGIONAL";"I-1";"00001492";"PUESTO DE SALUD YUMPE";"NE_0001";"";"NE_0001";"NE_0001";"NE_0001";"NE_0001";"NE_0001";"NE_0001";"NE_0001"
"2023";"12";"020608";"ANCASH";"CARHUAZ";"SAN MIGUEL DE ACO";"GOBIERNO REGIONAL";"I-1";"00001539";"PUESTO DE SALUD SAN MIGUEL  DE ACO";"NE_0001";"";"NE_0001";"NE_0001";"NE_0001";"NE_0001";"NE_0001";"NE_0001";"NE_0001"
"2023";"12";"021710";"ANCASH";"RECUAY";"TICAPAMPA";"GOBIERNO REGIONAL";"I-1";"00001475";"PUESTO DE SALUD CAYAC";"NE_0001";"";"NE_0001";"NE_0001";"NE_0001";"NE_0001";"NE_0001";"NE_0001";"NE_0001"
"2023";"12";"020513";"ANCASH";"BOLOGNESI";"PACLLON";"GOBIERNO REGIONAL";"I-1";"00001499";"PUESTO DE SALUD PACLLON";"NE_0001";"";"NE_0001";"NE_0001";"NE_0001";"NE_0001";"NE_0001";"NE_0001";"NE_0001"
"2023";"12";"020105";"ANCASH";"HUARAZ";"INDEPENDENCIA";"GOBIERNO REGIONAL";"I-1";"00001577";"PUESTO DE SALUD HUANJA";"NE_0001";"";"NE_0001";"NE_0001";"NE_0001";"NE_0001";"NE_0001";"NE_0001";"NE_0001"
"2023";"12";"150132";"LIMA";"LIMA";"SAN JUAN DE LURIGANCHO";"SANIDAD DE LA POLICIA NACIONAL DEL PERU";"I-3";"00030839";"POLICLINICO POLICIAL ZARATE";"NE_0001";"";"NE_0001";"NE_0001";"NE_0001";"NE_0001";"NE_0001";"NE_0001";"NE_0001"
"2023";"12";"040126";"AREQUIPA";"AREQUIPA";"YANAHUARA";"PRIVADO";"II-1";"00012907";"SISTEMAS DE ADMINISTRACION HOSPITALARIA S.A.C.";"241900";"HOSPITALIZACIÓN DE MEDICINA MEDICINA INTERNA ";"42";"42";"462";"40";"7";"217";"0"
"2023";"12";"040126";"AREQUIPA";"AREQUIPA";"YANAHUARA";"PRIVADO";"II-1";"00012907";"SISTEMAS DE ADMINISTRACION HOSPITALARIA S.A.C.";"240100";"HOSPITALIZACIÓN QUIRÚRGICA CIRUGÍA GENERAL ";"79";"79";"817";"76";"7";"217";"0"
"2023";"12";"040126";"AREQUIPA";"AREQUIPA";"YANAHUARA";"PRIVADO";"II-1";"00012907";"SISTEMAS DE ADMINISTRACION HOSPITALARIA S.A.C.";"242300";"HOSPITALIZACIÓN DE PEDIATRÍA  PEDIATRÍA  GENERAL ";"42";"42";"211";"42";"7";"217";"0"
"2023";"12";"040126";"AREQUIPA";"AREQUIPA";"YANAHUARA";"PRIVADO";"II-1";"00012907";"SISTEMAS DE ADMINISTRACION HOSPITALARIA S.A.C.";"241400";"HOSPITALIZACIÓN QUIRÚRGICA GINECO - OBSTETRICIA ";"41";"41";"295";"40";"6";"186";"0"
"2023";"12";"130908";"LA LIBERTAD";"SANCHEZ CARRION";"SARTIMBAMBA";"GOBIERNO REGIONAL";"I-2";"00005363";"SARTIMBAMBA";"NE_0001";"";"NE_0001";"NE_0001";"NE_0001";"NE_0001";"NE_0001";"NE_0001";"NE_0001"
"2023";"12";"130908";"LA LIBERTAD";"SANCHEZ CARRION";"SARTIMBAMBA";"GOBIERNO REGIONAL";"I-2";"00005364";"SAN ALFONSO";"NE_0001";"";"NE_0001";"NE_0001";"NE_0001";"NE_0001";"NE_0001";"NE_0001";"NE_0001"
"2023";"12";"130908";"LA LIBERTAD";"SANCHEZ CARRION";"SARTIMBAMBA";"GOBIERNO REGIONAL";"I-2";"00005365";"MARCABAL GRANDE";"NE_0001";"";"NE_0001";"NE_0001";"NE_0001";"NE_0001";"NE_0001";"NE_0001";"NE_0001"
"2023";"12";"130901";"LA LIBERTAD";"SANCHEZ CARRION";"HUAMACHUCO";"GOBIERNO REGIONAL";"I-2";"00005355";"EL PALLAR";"NE_0001";"";"NE_0001";"NE_0001";"NE_0001";"NE_0001";"NE_0001";"NE_0001";"NE_0001"
"2023";"12";"130901";"LA LIBERTAD";"SANCHEZ CARRION";"HUAMACHUCO";"GOBIERNO REGIONAL";"I-2";"00005350";"CHOQUIZONGUILLO";"NE_0001";"";"NE_0001";"NE_0001";"NE_0001";"NE_0001";"NE_0001";"NE_0001";"NE_0001"
"2023";"12";"130901";"LA LIBERTAD";"SANCHEZ CARRION";"HUAMACHUCO";"GOBIERNO REGIONAL";"I-1";"00018226";"EL CAPULI";"NE_0001";"";"NE_0001";"NE_0001";"NE_0001";"NE_0001";"NE_0001";"NE_0001";"NE_0001"
"2023";"12";"130901";"LA LIBERTAD";"SANCHEZ CARRION";"HUAMACHUCO";"GOBIERNO REGIONAL";"I-1";"00018123";"EL OLIVO";"NE_0001";"";"NE_0001";"NE_0001";"NE_0001";"NE_0001";"NE_0001";"NE_0001";"NE_0001"
"2023";"12";"190305";"PASCO";"OXAPAMPA";"POZUZO";"GOBIERNO REGIONAL";"I-1";"00001098";"BUENA VISTA";"NE_0001";"";"NE_0001";"NE_0001";"NE_0001";"NE_0001";"NE_0001";"NE_0001";"NE_0001"
"2023";"12";"190305";"PASCO";"OXAPAMPA";"POZUZO";"GOBIERNO REGIONAL";"I-1";"00001094";"RIO TIGRE";"NE_0001";"";"NE_0001";"NE_0001";"NE_0001";"NE_0001";"NE_0001";"NE_0001";"NE_0001"
"2023";"12";"190305";"PASCO";"OXAPAMPA";"POZUZO";"GOBIERNO REGIONAL";"I-1";"00001099";"CUSHI";"NE_0001";"";"NE_0001";"NE_0001";"NE_0001";"NE_0001";"NE_0001";"NE_0001";"NE_0001"
"2023";"12";"190305";"PASCO";"OXAPAMPA";"POZUZO";"GOBIERNO REGIONAL";"I-2";"00001100";"SANTA ROSA";"NE_0001";"";"NE_0001";"NE_0001";"NE_0001";"NE_0001";"NE_0001";"NE_0001";"NE_0001"
"2023";"12";"190305";"PASCO";"OXAPAMPA";"POZUZO";"GOBIERNO REGIONAL";"I-1";"00001101";"ALTO LAGARTO";"NE_0001";"";"NE_0001";"NE_0001";"NE_0001";"NE_0001";"NE_0001";"NE_0001";"NE_0001"
"2023";"12";"190305";"PASCO";"OXAPAMPA";"POZUZO";"GOBIERNO REGIONAL";"I-1";"00001104";"ASCENCION";"NE_0001";"";"NE_0001";"NE_0001";"NE_0001";"NE_0001";"NE_0001";"NE_0001";"NE_0001"
"2023";"12";"190305";"PASCO";"OXAPAMPA";"POZUZO";"GOBIERNO REGIONAL";"I-1";"00011571";"TINGO MAL PASO";"NE_0001";"";"NE_0001";"NE_0001";"NE_0001";"NE_0001";"NE_0001";"NE_0001";"NE_0001"
"2023";"12";"190305";"PASCO";"OXAPAMPA";"POZUZO";"GOBIERNO REGIONAL";"I-2";"00001097";"CAÑACHACRA";"NE_0001";"";"NE_0001";"NE_0001";"NE_0001";"NE_0001";"NE_0001";"NE_0001";"NE_0001"
"2023";"12";"190305";"PASCO";"OXAPAMPA";"POZUZO";"GOBIERNO REGIONAL";"I-2";"00001103";"SANTA  VIRGINIA";"NE_0001";"";"NE_0001";"NE_0001";"NE_0001";"NE_0001";"NE_0001";"NE_0001";"NE_0001"
"2023";"12";"190305";"PASCO";"OXAPAMPA";"POZUZO";"GOBIERNO REGIONAL";"I-1";"00011570";"OSOMAYO";"NE_0001";"";"NE_0001";"NE_0001";"NE_0001";"NE_0001";"NE_0001";"NE_0001";"NE_0001"
"2023";"12";"190305";"PASCO";"OXAPAMPA";"POZUZO";"GOBIERNO REGIONAL";"I-2";"00001102";"SAN SALVADOR";"NE_0001";"";"NE_0001";"NE_0001";"NE_0001";"NE_0001";"NE_0001";"NE_0001";"NE_0001"
"2023";"12";"190305";"PASCO";"OXAPAMPA";"POZUZO";"GOBIERNO REGIONAL";"I-1";"00001095";"SAN JOSE";"NE_0001";"";"NE_0001";"NE_0001";"NE_0001";"NE_0001";"NE_0001";"NE_0001";"NE_0001"
"2023";"12";"090118";"HUANCAVELICA";"HUANCAVELICA";"ASCENSION";"GOBIERNO REGIONAL";"I-4";"00003854";"ASCENSION";"240000";"HOSPITALIZACIÓN";"5";"5";"12";"3";"13";"36";"0"
"2023";"12";"090102";"HUANCAVELICA";"HUANCAVELICA";"ACOBAMBILLA";"GOBIERNO REGIONAL";"I-1";"00003915";"TELAPACCHA";"NE_0001";"";"NE_0001";"NE_0001";"NE_0001";"NE_0001";"NE_0001";"NE_0001";"NE_0001"
"2023";"12";"210101";"PUNO";"PUNO";"PUNO";"PRIVADO";"II-E";"00009683";"CLINICA PROSALUD";"240000";"HOSPITALIZACIÓN";"23";"23";"58";"58";"5";"155";"0"
"2023";"11";"120504";"JUNIN";"JUNIN";"ULCUMAYO";"GOBIERNO REGIONAL";"I-1";"00000317";"RAYMONDI";"NE_0001";"";"NE_0001";"NE_0001";"NE_0001";"NE_0001";"NE_0001";"NE_0001";"NE_0001"
"2023";"11";"120304";"JUNIN";"CHANCHAMAYO";"SAN LUIS DE SHUARO";"GOBIERNO REGIONAL";"I-1";"00000316";"SANTA HERMINIA BAJA";"NE_0001";"";"NE_0001";"NE_0001";"NE_0001";"NE_0001";"NE_0001";"NE_0001";"NE_0001"
"2023";"11";"120304";"JUNIN";"CHANCHAMAYO";"SAN LUIS DE SHUARO";"GOBIERNO REGIONAL";"I-3";"00000315";"SANCHIRIO PALOMAR";"NE_0001";"";"NE_0001";"NE_0001";"NE_0001";"NE_0001";"NE_0001";"NE_0001";"NE_0001"
"2023";"11";"120304";"JUNIN";"CHANCHAMAYO";"SAN LUIS DE SHUARO";"GOBIERNO REGIONAL";"I-3";"00000314";"SAN LUIS DE SHUARO";"NE_0001";"";"NE_0001";"NE_0001";"NE_0001";"NE_0001";"NE_0001";"NE_0001";"NE_0001"
"2023";"11";"120301";"JUNIN";"CHANCHAMAYO";"CHANCHAMAYO";"GOBIERNO REGIONAL";"I-1";"00000312";"PUEBLO PARDO";"NE_0001";"";"NE_0001";"NE_0001";"NE_0001";"NE_0001";"NE_0001";"NE_0001";"NE_0001"
"2023";"11";"120301";"JUNIN";"CHANCHAMAYO";"CHANCHAMAYO";"GOBIERNO REGIONAL";"I-2";"00000311";"VILLA PROGRESO";"NE_0001";"";"NE_0001";"NE_0001";"NE_0001";"NE_0001";"NE_0001";"NE_0001";"NE_0001"
"2023";"08";"150128";"LIMA";"LIMA";"RIMAC";"ESSALUD";"I-3";"00008881";"FRANCISCO PIZARRO";"NE_0001";"";"NE_0001";"NE_0001";"NE_0001";"NE_0001";"NE_0001";"NE_0001";"NE_0001"
"2023";"09";"070103";"CALLAO";"CALLAO";"CARMEN DE LA LEGUA-REYNOSO";"GOBIERNO REGIONAL";"II-2";"00006219";"HOSPITAL SAN JOSE";"241800";"HOSPITALIZACIÓN DE MEDICINA MEDICINA GENERAL ";"64";"40";"372";"328";"14";"497";"2"
"2023";"09";"070103";"CALLAO";"CALLAO";"CARMEN DE LA LEGUA-REYNOSO";"GOBIERNO REGIONAL";"II-2";"00006219";"HOSPITAL SAN JOSE";"241600";"HOSPITALIZACIÓN QUIRÚRGICA OBSTETRICIA   ";"128";"154";"92";"90";"15";"472";"0"
"2023";"09";"070103";"CALLAO";"CALLAO";"CARMEN DE LA LEGUA-REYNOSO";"GOBIERNO REGIONAL";"II-2";"00006219";"HOSPITAL SAN JOSE";"240100";"HOSPITALIZACIÓN QUIRÚRGICA CIRUGÍA GENERAL ";"100";"70";"239";"177";"3";"178";"0"
"2023";"09";"070103";"CALLAO";"CALLAO";"CARMEN DE LA LEGUA-REYNOSO";"GOBIERNO REGIONAL";"II-2";"00006219";"HOSPITAL SAN JOSE";"242500";"HOSPITALIZACIÓN-PEDIATRÍA GENERAL-";"13";"14";"96";"85";"3";"123";"0"
"2023";"09";"070103";"CALLAO";"CALLAO";"CARMEN DE LA LEGUA-REYNOSO";"GOBIERNO REGIONAL";"II-2";"00006219";"HOSPITAL SAN JOSE";"243200";"HOSPITALIZACIÓN DE PEDIATRÍA PEDIATRIA NEONATOLOGÍA";"15";"17";"92";"100";"9";"259";"0"
"2023";"09";"070103";"CALLAO";"CALLAO";"CARMEN DE LA LEGUA-REYNOSO";"GOBIERNO REGIONAL";"II-2";"00006219";"HOSPITAL SAN JOSE";"241500";"HOSPITALIZACIÓN QUIRÚRGICA GINECOLOGÍA  ";"46";"28";"92";"90";"7";"210";"0"
"2023";"11";"040101";"AREQUIPA";"AREQUIPA";"AREQUIPA";"GOBIERNO REGIONAL";"III-1";"00001231";"HOSPITAL REGIONAL HONORIO DELGADO ESPINOZA";"241800";"HOSPITALIZACIÓN DE MEDICINA MEDICINA GENERAL ";"282";"282";"4597";"3763";"141";"4222";"46"
"2023";"11";"040101";"AREQUIPA";"AREQUIPA";"AREQUIPA";"GOBIERNO REGIONAL";"III-1";"00001231";"HOSPITAL REGIONAL HONORIO DELGADO ESPINOZA";"245300";"HOSPITALIZACIÓN DE MEDICINA NEUMOLOGÍA  ";"37";"50";"791";"789";"47";"1410";"8"
"2023";"11";"040101";"AREQUIPA";"AREQUIPA";"AREQUIPA";"GOBIERNO REGIONAL";"III-1";"00001231";"HOSPITAL REGIONAL HONORIO DELGADO ESPINOZA";"244000";"HOSPITALIZACIÓN DE MEDICINA CARDIOLOGIA ";"24";"19";"110";"107";"4";"120";"0"
"2023";"11";"040101";"AREQUIPA";"AREQUIPA";"AREQUIPA";"GOBIERNO REGIONAL";"III-1";"00001231";"HOSPITAL REGIONAL HONORIO DELGADO ESPINOZA";"242200";"HOSPITALIZACIÓN DE MEDICINA PSIQUIATRÍA ";"31";"16";"39";"826";"32";"961";"0"
"2023";"11";"040101";"AREQUIPA";"AREQUIPA";"AREQUIPA";"GOBIERNO REGIONAL";"III-1";"00001231";"HOSPITAL REGIONAL HONORIO DELGADO ESPINOZA";"240100";"HOSPITALIZACIÓN QUIRÚRGICA CIRUGÍA GENERAL ";"398";"384";"4288";"3769";"154";"4626";"6"
"2023";"11";"040101";"AREQUIPA";"AREQUIPA";"AREQUIPA";"GOBIERNO REGIONAL";"III-1";"00001231";"HOSPITAL REGIONAL HONORIO DELGADO ESPINOZA";"240900";"HOSPITALIZACIÓN QUIRÚRGICA NEUROCIRUGÍA ";"40";"47";"897";"650";"23";"678";"0"
"2023";"11";"040101";"AREQUIPA";"AREQUIPA";"AREQUIPA";"GOBIERNO REGIONAL";"III-1";"00001231";"HOSPITAL REGIONAL HONORIO DELGADO ESPINOZA";"240800";"HOSPITALIZACIÓN QUIRÚRGICA CIRUGÍA PLÁSTICA/RECONSTRUCTIVA/ REPARADORA ";"12";"12";"166";"214";"10";"300";"0"
"2023";"11";"040101";"AREQUIPA";"AREQUIPA";"AREQUIPA";"GOBIERNO REGIONAL";"III-1";"00001231";"HOSPITAL REGIONAL HONORIO DELGADO ESPINOZA";"250100";"UNIDAD DE CUIDADOS CRITICOS UNIDAD  DE CUIDADOS INTENSIVOS GENERALES (UCI) ";"28";"12";"243";"558";"22";"656";"20"
"2023";"11";"040101";"AREQUIPA";"AREQUIPA";"AREQUIPA";"GOBIERNO REGIONAL";"III-1";"00001231";"HOSPITAL REGIONAL HONORIO DELGADO ESPINOZA";"250108";"UNIDAD DE CUIDADOS CRITICOS UNIDAD  DE CUIDADOS INTENSIVOS  (UCI) PEDIÁTRICA";"8";"3";"113";"151";"6";"180";"0"
"2023";"11";"040101";"AREQUIPA";"AREQUIPA";"AREQUIPA";"GOBIERNO REGIONAL";"III-1";"00001231";"HOSPITAL REGIONAL HONORIO DELGADO ESPINOZA";"242300";"HOSPITALIZACIÓN DE PEDIATRÍA  PEDIATRÍA  GENERAL ";"36";"150";"1176";"1343";"71";"2120";"1"
"2023";"11";"040101";"AREQUIPA";"AREQUIPA";"AREQUIPA";"GOBIERNO REGIONAL";"III-1";"00001231";"HOSPITAL REGIONAL HONORIO DELGADO ESPINOZA";"243200";"HOSPITALIZACIÓN DE PEDIATRÍA PEDIATRIA NEONATOLOGÍA";"88";"86";"410";"584";"30";"900";"3"
"2023";"11";"040101";"AREQUIPA";"AREQUIPA";"AREQUIPA";"GOBIERNO REGIONAL";"III-1";"00001231";"HOSPITAL REGIONAL HONORIO DELGADO ESPINOZA";"250105";"UNIDAD DE CUIDADOS CRITICOS UNIDAD  DE CUIDADOS INTENSIVOS  (UCI) NEONATOLOGÍA";"5";"3";"39";"238";"8";"240";"4"
"2023";"11";"040101";"AREQUIPA";"AREQUIPA";"AREQUIPA";"GOBIERNO REGIONAL";"III-1";"00001231";"HOSPITAL REGIONAL HONORIO DELGADO ESPINOZA";"241600";"HOSPITALIZACIÓN QUIRÚRGICA OBSTETRICIA   ";"482";"478";"1497";"1464";"86";"2580";"1"
"2023";"11";"040101";"AREQUIPA";"AREQUIPA";"AREQUIPA";"GOBIERNO REGIONAL";"III-1";"00001231";"HOSPITAL REGIONAL HONORIO DELGADO ESPINOZA";"241500";"HOSPITALIZACIÓN QUIRÚRGICA GINECOLOGÍA  ";"87";"78";"377";"438";"27";"810";"0"
"2023";"11";"080601";"CUSCO";"CANCHIS";"SICUANI";"GOBIERNO REGIONAL";"I-2";"00026387";"MENTAL COMUNITARIO SICUANI";"NE_0001";"";"NE_0001";"NE_0001";"NE_0001";"NE_0001";"NE_0001";"NE_0001";"NE_0001"
"2023";"11";"080601";"CUSCO";"CANCHIS";"SICUANI";"GOBIERNO REGIONAL";"I-2";"00002383";"LA FLORIDA";"NE_0001";"";"NE_0001";"NE_0001";"NE_0001";"NE_0001";"NE_0001";"NE_0001";"NE_0001"
"2023";"11";"080607";"CUSCO";"CANCHIS";"SAN PEDRO";"GOBIERNO REGIONAL";"I-2";"00002396";"SAN PEDRO CANCHIS";"NE_0001";"";"NE_0001";"NE_0001";"NE_0001";"NE_0001";"NE_0001";"NE_0001";"NE_0001"
"2023";"11";"100102";"HUANUCO";"HUANUCO";"AMARILIS";"GOBIERNO REGIONAL";"I-4";"00000755";"PERU-COREA";"241600";"HOSPITALIZACIÓN QUIRÚRGICA OBSTETRICIA   ";"76";"91";"183";"104";"6";"156";"0"
"2023";"11";"100102";"HUANUCO";"HUANUCO";"AMARILIS";"GOBIERNO REGIONAL";"I-2";"00000763";"PUESTO DE SALUD DE LLICUA";"NE_0001";"";"NE_0001";"NE_0001";"NE_0001";"NE_0001";"NE_0001";"NE_0001";"NE_0001"
"2023";"11";"100102";"HUANUCO";"HUANUCO";"AMARILIS";"GOBIERNO REGIONAL";"I-2";"00000761";"MALCONGA";"NE_0001";"";"NE_0001";"NE_0001";"NE_0001";"NE_0001";"NE_0001";"NE_0001";"NE_0001"
"2023";"11";"100102";"HUANUCO";"HUANUCO";"AMARILIS";"GOBIERNO REGIONAL";"I-2";"00000762";"PAUCAR";"NE_0001";"";"NE_0001";"NE_0001";"NE_0001";"NE_0001";"NE_0001";"NE_0001";"NE_0001"
"2023";"11";"100102";"HUANUCO";"HUANUCO";"AMARILIS";"GOBIERNO REGIONAL";"I-3";"00027051";"CENTRO DE SALUD MENTAL COMUNITARIO PAKKARIN";"NE_0001";"";"NE_0001";"NE_0001";"NE_0001";"NE_0001";"NE_0001";"NE_0001";"NE_0001"
"2023";"11";"100102";"HUANUCO";"HUANUCO";"AMARILIS";"GOBIERNO REGIONAL";"I-2";"00000760";"LA ESPERANZA";"NE_0001";"";"NE_0001";"NE_0001";"NE_0001";"NE_0001";"NE_0001";"NE_0001";"NE_0001"
"2023";"11";"100102";"HUANUCO";"HUANUCO";"AMARILIS";"GOBIERNO REGIONAL";"I-3";"00027821";"CENTRO DE SALUD AMARILIS";"NE_0001";"";"NE_0001";"NE_0001";"NE_0001";"NE_0001";"NE_0001";"NE_0001";"NE_0001"
"2023";"12";"120101";"JUNIN";"HUANCAYO";"HUANCAYO";"PRIVADO";"II-E";"00025973";"CLINICA ZARATE";"241800";"HOSPITALIZACIÓN DE MEDICINA MEDICINA GENERAL ";"96";"101";"33";"194";"15";"271";"0"
"2023";"12";"210401";"PUNO";"CHUCUITO";"JULI";"GOBIERNO REGIONAL";"II-1";"00002990";"JULI";"240100";"HOSPITALIZACIÓN QUIRÚRGICA CIRUGÍA GENERAL ";"6";"6";"16";"20";"5";"155";"0"
"2023";"12";"210401";"PUNO";"CHUCUITO";"JULI";"GOBIERNO REGIONAL";"II-1";"00002990";"JULI";"241600";"HOSPITALIZACIÓN QUIRÚRGICA OBSTETRICIA   ";"40";"40";"94";"105";"9";"179";"0"
"2023";"12";"210401";"PUNO";"CHUCUITO";"JULI";"GOBIERNO REGIONAL";"II-1";"00002990";"JULI";"241800";"HOSPITALIZACIÓN DE MEDICINA MEDICINA GENERAL ";"14";"14";"48";"50";"60";"186";"2"
"2023";"12";"210401";"PUNO";"CHUCUITO";"JULI";"GOBIERNO REGIONAL";"II-1";"00002990";"JULI";"242500";"HOSPITALIZACIÓN-PEDIATRÍA GENERAL-";"2";"2";"3";"9";"6";"186";"0"
"2023";"12";"210802";"PUNO";"MELGAR";"ANTAUTA";"ESSALUD";"I-2";"00009898";"POSTA MEDICA SAN RAFAEL - ESSALUD - RED ASISTENCIAL JULIACA";"NE_0001";"";"NE_0001";"NE_0001";"NE_0001";"NE_0001";"NE_0001";"NE_0001";"NE_0001"
"2023";"12";"060501";"CAJAMARCA";"CONTUMAZA";"CONTUMAZA";"GOBIERNO REGIONAL";"I-1";"00004632";"CORRALES DE CHANTA";"NE_0001";"";"NE_0001";"NE_0001";"NE_0001";"NE_0001";"NE_0001";"NE_0001";"NE_0001"
"2023";"12";"060502";"CAJAMARCA";"CONTUMAZA";"CHILETE";"GOBIERNO REGIONAL";"I-4";"00004538";"DE APOYO CHILETE";"240000";"HOSPITALIZACIÓN";"12";"12";"31";"29";"9";"251";"0"
"2023";"12";"060507";"CAJAMARCA";"CONTUMAZA";"TANTARICA";"GOBIERNO REGIONAL";"I-2";"00004544";"CATÁN - TANTARICA";"NE_0001";"";"NE_0001";"NE_0001";"NE_0001";"NE_0001";"NE_0001";"NE_0001";"NE_0001"
"2023";"12";"060501";"CAJAMARCA";"CONTUMAZA";"CONTUMAZA";"GOBIERNO REGIONAL";"I-1";"00004622";"CATUDEN";"NE_0001";"";"NE_0001";"NE_0001";"NE_0001";"NE_0001";"NE_0001";"NE_0001";"NE_0001"
"2023";"12";"060602";"CAJAMARCA";"CUTERVO";"CALLAYUC";"GOBIERNO REGIONAL";"I-3";"00004959";"CALLAYUC";"NE_0001";"";"NE_0001";"NE_0001";"NE_0001";"NE_0001";"NE_0001";"NE_0001";"NE_0001"
"2023";"12";"060602";"CAJAMARCA";"CUTERVO";"CALLAYUC";"GOBIERNO REGIONAL";"I-1";"00006835";"CHURAS";"NE_0001";"";"NE_0001";"NE_0001";"NE_0001";"NE_0001";"NE_0001";"NE_0001";"NE_0001"
"2023";"12";"060602";"CAJAMARCA";"CUTERVO";"CALLAYUC";"GOBIERNO REGIONAL";"I-1";"00006944";"VILUCO";"NE_0001";"";"NE_0001";"NE_0001";"NE_0001";"NE_0001";"NE_0001";"NE_0001";"NE_0001"
"2023";"12";"060602";"CAJAMARCA";"CUTERVO";"CALLAYUC";"GOBIERNO REGIONAL";"I-1";"00006829";"PUQUIO DE CALLAYUC";"NE_0001";"";"NE_0001";"NE_0001";"NE_0001";"NE_0001";"NE_0001";"NE_0001";"NE_0001"
"2023";"12";"060602";"CAJAMARCA";"CUTERVO";"CALLAYUC";"GOBIERNO REGIONAL";"I-1";"00007368";"CUCHEA";"NE_0001";"";"NE_0001";"NE_0001";"NE_0001";"NE_0001";"NE_0001";"NE_0001";"NE_0001"
"2023";"12";"060602";"CAJAMARCA";"CUTERVO";"CALLAYUC";"GOBIERNO REGIONAL";"I-1";"00007100";"SAN JUAN DE CHORILLOS";"NE_0001";"";"NE_0001";"NE_0001";"NE_0001";"NE_0001";"NE_0001";"NE_0001";"NE_0001"
"2023";"12";"060602";"CAJAMARCA";"CUTERVO";"CALLAYUC";"GOBIERNO REGIONAL";"I-1";"00007369";"CHONTAS";"NE_0001";"";"NE_0001";"NE_0001";"NE_0001";"NE_0001";"NE_0001";"NE_0001";"NE_0001"
"2023";"12";"060602";"CAJAMARCA";"CUTERVO";"CALLAYUC";"GOBIERNO REGIONAL";"I-1";"00004961";"SAN JOSE DE LIRIO";"NE_0001";"";"NE_0001";"NE_0001";"NE_0001";"NE_0001";"NE_0001";"NE_0001";"NE_0001"
"2023";"12";"060602";"CAJAMARCA";"CUTERVO";"CALLAYUC";"GOBIERNO REGIONAL";"I-1";"00006830";"FILADELFIA";"NE_0001";"";"NE_0001";"NE_0001";"NE_0001";"NE_0001";"NE_0001";"NE_0001";"NE_0001"
"2023";"12";"060602";"CAJAMARCA";"CUTERVO";"CALLAYUC";"GOBIERNO REGIONAL";"I-2";"00004960";"EL CUMBE";"NE_0001";"";"NE_0001";"NE_0001";"NE_0001";"NE_0001";"NE_0001";"NE_0001";"NE_0001"
"2023";"12";"190304";"PASCO";"OXAPAMPA";"PALCAZU";"GOBIERNO REGIONAL";"I-1";"00001153";"QUEBRADA PACO";"NE_0002";"";"NE_0002";"NE_0002";"NE_0002";"NE_0002";"NE_0002";"NE_0002";"NE_0002"
"2023";"12";"190304";"PASCO";"OXAPAMPA";"PALCAZU";"GOBIERNO REGIONAL";"I-2";"00001143";"PUERTO MAYRO";"NE_0002";"";"NE_0002";"NE_0002";"NE_0002";"NE_0002";"NE_0002";"NE_0002";"NE_0002"
"2023";"12";"190304";"PASCO";"OXAPAMPA";"PALCAZU";"GOBIERNO REGIONAL";"I-1";"00001149";"SANTA MARIA";"NE_0002";"";"NE_0002";"NE_0002";"NE_0002";"NE_0002";"NE_0002";"NE_0002";"NE_0002"
"2023";"12";"190304";"PASCO";"OXAPAMPA";"PALCAZU";"GOBIERNO REGIONAL";"I-2";"00001155";"CENTRO LAGARTO";"NE_0002";"";"NE_0002";"NE_0002";"NE_0002";"NE_0002";"NE_0002";"NE_0002";"NE_0002"
"2023";"12";"190304";"PASCO";"OXAPAMPA";"PALCAZU";"GOBIERNO REGIONAL";"I-1";"00001134";"NUEVA ALDEA";"NE_0002";"";"NE_0002";"NE_0002";"NE_0002";"NE_0002";"NE_0002";"NE_0002";"NE_0002"
"2023";"12";"190304";"PASCO";"OXAPAMPA";"PALCAZU";"GOBIERNO REGIONAL";"I-1";"00001135";"LOMA LINDA";"NE_0002";"";"NE_0002";"NE_0002";"NE_0002";"NE_0002";"NE_0002";"NE_0002";"NE_0002"
"2023";"12";"190304";"PASCO";"OXAPAMPA";"PALCAZU";"GOBIERNO REGIONAL";"I-1";"00001142";"PUERTO LAGUNA RAYA";"NE_0002";"";"NE_0002";"NE_0002";"NE_0002";"NE_0002";"NE_0002";"NE_0002";"NE_0002"
"2023";"12";"190304";"PASCO";"OXAPAMPA";"PALCAZU";"GOBIERNO REGIONAL";"I-1";"00001148";"CENTRO CASTILLA";"NE_0002";"";"NE_0002";"NE_0002";"NE_0002";"NE_0002";"NE_0002";"NE_0002";"NE_0002"
"2023";"12";"190304";"PASCO";"OXAPAMPA";"PALCAZU";"GOBIERNO REGIONAL";"I-1";"00001150";"MAZUHUAZU";"NE_0002";"";"NE_0002";"NE_0002";"NE_0002";"NE_0002";"NE_0002";"NE_0002";"NE_0002"
"2023";"12";"150101";"LIMA";"LIMA";"LIMA";"ESSALUD";"II-1";"00009188";"HOSPITAL II RAMON CASTILLA";"241800";"HOSPITALIZACIÓN DE MEDICINA MEDICINA GENERAL ";"37";"34";"167";"195";"12";"372";"0"
"2023";"12";"150101";"LIMA";"LIMA";"LIMA";"ESSALUD";"II-1";"00009188";"HOSPITAL II RAMON CASTILLA";"250103";"UNIDAD DE CUIDADOS CRITICOS UNIDAD  DE CUIDADOS INTENSIVOS GENERALES  (UCI) MEDICINA";"1";"2";"21";"90";"3";"93";"1"
"2023";"12";"150101";"LIMA";"LIMA";"LIMA";"ESSALUD";"II-1";"00009188";"HOSPITAL II RAMON CASTILLA";"240100";"HOSPITALIZACIÓN QUIRÚRGICA CIRUGÍA GENERAL ";"126";"138";"404";"374";"18";"558";"0"
"2023";"12";"150101";"LIMA";"LIMA";"LIMA";"ESSALUD";"II-1";"00009188";"HOSPITAL II RAMON CASTILLA";"241400";"HOSPITALIZACIÓN QUIRÚRGICA GINECO - OBSTETRICIA ";"19";"21";"68";"72";"3";"93";"0"
"2023";"12";"150101";"LIMA";"LIMA";"LIMA";"ESSALUD";"II-1";"00009188";"HOSPITAL II RAMON CASTILLA";"241600";"HOSPITALIZACIÓN QUIRÚRGICA OBSTETRICIA   ";"101";"108";"228";"214";"12";"372";"0"
"2023";"12";"150101";"LIMA";"LIMA";"LIMA";"ESSALUD";"II-1";"00009188";"HOSPITAL II RAMON CASTILLA";"242300";"HOSPITALIZACIÓN DE PEDIATRÍA  PEDIATRÍA  GENERAL ";"36";"36";"148";"146";"7";"217";"0"
"2023";"12";"150101";"LIMA";"LIMA";"LIMA";"ESSALUD";"II-1";"00009188";"HOSPITAL II RAMON CASTILLA";"243200";"HOSPITALIZACIÓN DE PEDIATRÍA PEDIATRIA NEONATOLOGÍA";"8";"9";"18";"18";"1";"31";"0"
"2023";"12";"220101";"SAN MARTIN";"MOYOBAMBA";"MOYOBAMBA";"GOBIERNO REGIONAL";"I-1";"00006316";"TAHUISHCO";"NE_0001";"";"NE_0001";"NE_0001";"NE_0001";"NE_0001";"NE_0001";"NE_0001";"NE_0001"
"2023";"12";"220101";"SAN MARTIN";"MOYOBAMBA";"MOYOBAMBA";"GOBIERNO REGIONAL";"I-1";"00006313";"MARONA";"NE_0001";"";"NE_0001";"NE_0001";"NE_0001";"NE_0001";"NE_0001";"NE_0001";"NE_0001"
"2023";"12";"220104";"SAN MARTIN";"MOYOBAMBA";"JEPELACIO";"GOBIERNO REGIONAL";"I-1";"00006317";"SAN MATEO";"NE_0001";"";"NE_0001";"NE_0001";"NE_0001";"NE_0001";"NE_0001";"NE_0001";"NE_0001"
"2023";"12";"220101";"SAN MARTIN";"MOYOBAMBA";"MOYOBAMBA";"GOBIERNO REGIONAL";"I-1";"00010110";"LA FLOR DE LA PRIMAVERA";"NE_0001";"";"NE_0001";"NE_0001";"NE_0001";"NE_0001";"NE_0001";"NE_0001";"NE_0001"
"2023";"12";"220101";"SAN MARTIN";"MOYOBAMBA";"MOYOBAMBA";"GOBIERNO REGIONAL";"I-1";"00006707";"CORDILLERA ANDINA";"NE_0001";"";"NE_0001";"NE_0001";"NE_0001";"NE_0001";"NE_0001";"NE_0001";"NE_0001"
"2023";"12";"220101";"SAN MARTIN";"MOYOBAMBA";"MOYOBAMBA";"GOBIERNO REGIONAL";"I-2";"00031276";"LA PRIMAVERA";"NE_0001";"";"NE_0001";"NE_0001";"NE_0001";"NE_0001";"NE_0001";"NE_0001";"NE_0001"
"2023";"12";"220101";"SAN MARTIN";"MOYOBAMBA";"MOYOBAMBA";"GOBIERNO REGIONAL";"I-3";"00006312";"LLUYLLUCUCHA";"NE_0001";"";"NE_0001";"NE_0001";"NE_0001";"NE_0001";"NE_0001";"NE_0001";"NE_0001"
"2023";"12";"220101";"SAN MARTIN";"MOYOBAMBA";"MOYOBAMBA";"GOBIERNO REGIONAL";"I-1";"00006314";"QUILLOALLPA";"NE_0001";"";"NE_0001";"NE_0001";"NE_0001";"NE_0001";"NE_0001";"NE_0001";"NE_0001"
"2023";"12";"220101";"SAN MARTIN";"MOYOBAMBA";"MOYOBAMBA";"GOBIERNO REGIONAL";"I-2";"00006315";"SUGLLAQUIRO";"NE_0001";"";"NE_0001";"NE_0001";"NE_0001";"NE_0001";"NE_0001";"NE_0001";"NE_0001"
"2023";"12";"150140";"LIMA";"LIMA";"SANTIAGO DE SURCO";"PRIVADO";"III-1";"00009988";"CLINICA SAN PABLO SAC";"240000";"HOSPITALIZACIÓN";"471";"492";"1656";"1849";"101";"3131";"1"
"2023";"12";"150140";"LIMA";"LIMA";"SANTIAGO DE SURCO";"PRIVADO";"III-1";"00009988";"CLINICA SAN PABLO SAC";"250200";"UNIDAD DE CUIDADOS CRITICOS UNIDAD DE CUIDADOS INTERMEDIOS GENERAL  (UCIN) ";"2";"2";"19";"24";"10";"310";"0"
"2023";"12";"150140";"LIMA";"LIMA";"SANTIAGO DE SURCO";"PRIVADO";"III-1";"00009988";"CLINICA SAN PABLO SAC";"250108";"UNIDAD DE CUIDADOS CRITICOS UNIDAD  DE CUIDADOS INTENSIVOS  (UCI) PEDIÁTRICA";"11";"12";"64";"86";"8";"248";"0"
"2023";"12";"150140";"LIMA";"LIMA";"SANTIAGO DE SURCO";"PRIVADO";"III-1";"00009988";"CLINICA SAN PABLO SAC";"250100";"UNIDAD DE CUIDADOS CRITICOS UNIDAD  DE CUIDADOS INTENSIVOS GENERALES (UCI) ";"45";"39";"167";"176";"13";"403";"2"
"2023";"12";"050701";"AYACUCHO";"PARINACOCHAS";"CORACORA";"ESSALUD";"I-2";"00011443";"CORACORA";"NE_0001";"";"NE_0001";"NE_0001";"NE_0001";"NE_0001";"NE_0001";"NE_0001";"NE_0001"
"2023";"12";"060101";"CAJAMARCA";"CAJAMARCA";"CAJAMARCA";"PRIVADO";"II-1";"00009599";"CLINICA SAN FRANCISCO DE ASIS S.A.";"240100";"HOSPITALIZACIÓN QUIRÚRGICA CIRUGÍA GENERAL ";"19";"19";"28";"19";"2";"62";"0"
"2023";"12";"060101";"CAJAMARCA";"CAJAMARCA";"CAJAMARCA";"PRIVADO";"II-1";"00009599";"CLINICA SAN FRANCISCO DE ASIS S.A.";"240200";"HOSPITALIZACIÓN QUIRÚRGICA CIRUGÍA DE CABEZA Y CUELLO / MÁXILO FACIAL ";"1";"1";"1";"1";"2";"62";"0"
"2023";"12";"060101";"CAJAMARCA";"CAJAMARCA";"CAJAMARCA";"PRIVADO";"II-1";"00009599";"CLINICA SAN FRANCISCO DE ASIS S.A.";"240600";"HOSPITALIZACIÓN QUIRÚRGICA CIRUGÍA OFTALMOLÓGICA ";"1";"1";"1";"1";"2";"62";"0"
"2023";"12";"060101";"CAJAMARCA";"CAJAMARCA";"CAJAMARCA";"PRIVADO";"II-1";"00009599";"CLINICA SAN FRANCISCO DE ASIS S.A.";"241100";"HOSPITALIZACIÓN QUIRÚRGICA OTORRINOLARINGOLOGÍA  ";"2";"2";"2";"2";"2";"62";"0"
"2023";"12";"060101";"CAJAMARCA";"CAJAMARCA";"CAJAMARCA";"PRIVADO";"II-1";"00009599";"CLINICA SAN FRANCISCO DE ASIS S.A.";"241200";"HOSPITALIZACIÓN QUIRÚRGICA TRAUMATOLOGÍA Y ORTOPEDIA ";"5";"5";"6";"5";"2";"62";"0"
"2023";"12";"060101";"CAJAMARCA";"CAJAMARCA";"CAJAMARCA";"PRIVADO";"II-1";"00009599";"CLINICA SAN FRANCISCO DE ASIS S.A.";"241400";"HOSPITALIZACIÓN QUIRÚRGICA GINECO - OBSTETRICIA ";"11";"11";"12";"11";"2";"62";"0"
"2023";"12";"060101";"CAJAMARCA";"CAJAMARCA";"CAJAMARCA";"PRIVADO";"II-1";"00009599";"CLINICA SAN FRANCISCO DE ASIS S.A.";"241900";"HOSPITALIZACIÓN DE MEDICINA MEDICINA INTERNA ";"3";"3";"4";"3";"2";"62";"0"
"2023";"12";"060101";"CAJAMARCA";"CAJAMARCA";"CAJAMARCA";"PRIVADO";"II-1";"00009599";"CLINICA SAN FRANCISCO DE ASIS S.A.";"244300";"HOSPITALIZACIÓN DE MEDICINA GASTROENTEROLOGÍA  ";"1";"1";"1";"1";"2";"62";"0"
"2023";"12";"060101";"CAJAMARCA";"CAJAMARCA";"CAJAMARCA";"PRIVADO";"II-1";"00009599";"CLINICA SAN FRANCISCO DE ASIS S.A.";"244400";"HOSPITALIZACIÓN DE MEDICINA GERIATRIA ";"1";"1";"3";"1";"2";"62";"0"
"2023";"12";"200101";"PIURA";"PIURA";"PIURA";"PRIVADO";"II-E";"00014092";"CLINICA SANTIVAÑEZ";"240800";"HOSPITALIZACIÓN QUIRÚRGICA CIRUGÍA PLÁSTICA/RECONSTRUCTIVA/ REPARADORA ";"13";"13";"13";"13";"3";"93";"0"
"2023";"12";"150122";"LIMA";"LIMA";"MIRAFLORES";"MINSA";"III-E";"00006213";"HOSPITAL DE EMERGENCIAS JOSE CASIMIRO ULLOA";"240100";"HOSPITALIZACIÓN QUIRÚRGICA CIRUGÍA GENERAL ";"97";"113";"436";"462";"26";"806";"0"
"2023";"12";"150122";"LIMA";"LIMA";"MIRAFLORES";"MINSA";"III-E";"00006213";"HOSPITAL DE EMERGENCIAS JOSE CASIMIRO ULLOA";"241800";"HOSPITALIZACIÓN DE MEDICINA MEDICINA GENERAL ";"107";"145";"1552";"540";"20";"620";"12"
"2023";"12";"150122";"LIMA";"LIMA";"MIRAFLORES";"MINSA";"III-E";"00006213";"HOSPITAL DE EMERGENCIAS JOSE CASIMIRO ULLOA";"240900";"HOSPITALIZACIÓN QUIRÚRGICA NEUROCIRUGÍA ";"17";"23";"169";"215";"11";"341";"3"
"2023";"12";"150122";"LIMA";"LIMA";"MIRAFLORES";"MINSA";"III-E";"00006213";"HOSPITAL DE EMERGENCIAS JOSE CASIMIRO ULLOA";"241200";"HOSPITALIZACIÓN QUIRÚRGICA TRAUMATOLOGÍA Y ORTOPEDIA ";"54";"58";"187";"226";"14";"434";"0"
"2023";"12";"150122";"LIMA";"LIMA";"MIRAFLORES";"MINSA";"III-E";"00006213";"HOSPITAL DE EMERGENCIAS JOSE CASIMIRO ULLOA";"250000";"UNIDAD DE CUIDADOS CRITICOS  ";"23";"23";"288";"292";"10";"310";"0"
"2023";"12";"150101";"LIMA";"LIMA";"LIMA";"PRIVADO";"II-E";"00011167";"OFTALMOMEDIC";"NE_0001";"";"NE_0001";"NE_0001";"NE_0001";"NE_0001";"NE_0001";"NE_0001";"NE_0001"
"2023";"12";"120708";"JUNIN";"TARMA";"SAN PEDRO DE CAJAS";"GOBIERNO REGIONAL";"I-1";"00010344";"PURHUARACRA";"NE_0001";"";"NE_0001";"NE_0001";"NE_0001";"NE_0001";"NE_0001";"NE_0001";"NE_0001"
"2023";"12";"120708";"JUNIN";"TARMA";"SAN PEDRO DE CAJAS";"GOBIERNO REGIONAL";"I-3";"00000534";"SAN PEDRO DE CAJAS";"NE_0001";"";"NE_0001";"NE_0001";"NE_0001";"NE_0001";"NE_0001";"NE_0001";"NE_0001"
"2023";"12";"130705";"LA LIBERTAD";"PACASMAYO";"SAN JOSE";"ESSALUD";"I-2";"00012110";"POSTA DE SALUD SAN JOSE";"NE_0001";"";"NE_0001";"NE_0001";"NE_0001";"NE_0001";"NE_0001";"NE_0001";"NE_0001"
"2023";"12";"040112";"AREQUIPA";"AREQUIPA";"PAUCARPATA";"GOBIERNO REGIONAL";"I-2";"00001317";"CENTRO DE SALUD MIGUEL GRAU  B";"NE_0001";"";"NE_0001";"NE_0001";"NE_0001";"NE_0001";"NE_0001";"NE_0001";"NE_0001"
"2023";"12";"040112";"AREQUIPA";"AREQUIPA";"PAUCARPATA";"GOBIERNO REGIONAL";"I-2";"00001318";"PUESTO DE SALUD MIGUEL GRAU  MODULO C-D";"NE_0001";"";"NE_0001";"NE_0001";"NE_0001";"NE_0001";"NE_0001";"NE_0001";"NE_0001"
"2023";"12";"040112";"AREQUIPA";"AREQUIPA";"PAUCARPATA";"GOBIERNO REGIONAL";"I-3";"00001298";"CENTRO DE SALUD 15 DE AGOSTO";"NE_0001";"";"NE_0001";"NE_0001";"NE_0001";"NE_0001";"NE_0001";"NE_0001";"NE_0001"
"2023";"12";"040112";"AREQUIPA";"AREQUIPA";"PAUCARPATA";"GOBIERNO REGIONAL";"I-2";"00001316";"PUESTO DE SALUD MIGUEL GRAU  MODULO A";"NE_0001";"";"NE_0001";"NE_0001";"NE_0001";"NE_0001";"NE_0001";"NE_0001";"NE_0001"
"2023";"12";"060801";"CAJAMARCA";"JAEN";"JAEN";"GOBIERNO REGIONAL";"I-3";"00025207";"CENTRO DE SALUD MENTAL COMUNITARIO JAEN";"NE_0001";"";"NE_0001";"NE_0001";"NE_0001";"NE_0001";"NE_0001";"NE_0001";"NE_0001"
"2023";"12";"110207";"ICA";"CHINCHA";"PUEBLO NUEVO";"ESSALUD";"I-3";"00012277";"PUEBLO NUEVO";"NE_0001";"";"NE_0001";"NE_0001";"NE_0001";"NE_0001";"NE_0001";"NE_0001";"NE_0001"
"2023";"01";"021503";"ANCASH";"PALLASCA";"CONCHUCOS";"ESSALUD";"I-2";"00009201";"POSTA MEDICA CONCHUCOS";"NE_0001";"";"NE_0001";"NE_0001";"NE_0001";"NE_0001";"NE_0001";"NE_0001";"NE_0001"
"2023";"12";"120114";"JUNIN";"HUANCAYO";"EL TAMBO";"ESSALUD";"III-1";"00008652";"HOSPITAL NACIONAL RAMIRO PRIALE PRIALE";"242600";"HOSPITALIZACIÓN DE PEDIATRÍA PEDIATRIA CARDIOLOGÍA PEDIÁTRICA";"9";"11";"60";"37";"2";"62";"0"
"2023";"12";"120114";"JUNIN";"HUANCAYO";"EL TAMBO";"ESSALUD";"III-1";"00008652";"HOSPITAL NACIONAL RAMIRO PRIALE PRIALE";"242900";"HOSPITALIZACIÓN DE PEDIATRÍA PEDIATRIA GASTROENTEROLOGÍA PEDIÁTRICA";"14";"21";"340";"307";"10";"310";"1"
"2023";"12";"120114";"JUNIN";"HUANCAYO";"EL TAMBO";"ESSALUD";"III-1";"00008652";"HOSPITAL NACIONAL RAMIRO PRIALE PRIALE";"242202";"HOSPITALIZACIÓN DE MEDICINA PSIQUIATRÍA PSIQUIATRÍA DEL ADULTO Y GERONTE";"34";"34";"519";"519";"17";"527";"1"
"2023";"12";"120114";"JUNIN";"HUANCAYO";"EL TAMBO";"ESSALUD";"III-1";"00008652";"HOSPITAL NACIONAL RAMIRO PRIALE PRIALE";"241900";"HOSPITALIZACIÓN DE MEDICINA MEDICINA INTERNA ";"7";"7";"100";"72";"3";"93";"0"
"2023";"12";"120114";"JUNIN";"HUANCAYO";"EL TAMBO";"ESSALUD";"III-1";"00008652";"HOSPITAL NACIONAL RAMIRO PRIALE PRIALE";"241900";"HOSPITALIZACIÓN DE MEDICINA MEDICINA INTERNA ";"74";"84";"1523";"1549";"50";"1550";"5"
"2023";"12";"120114";"JUNIN";"HUANCAYO";"EL TAMBO";"ESSALUD";"III-1";"00008652";"HOSPITAL NACIONAL RAMIRO PRIALE PRIALE";"243100";"HOSPITALIZACIÓN DE PEDIATRÍA PEDIATRIA NEFROLOGÍA PEDIÁTRICA";"5";"6";"126";"101";"4";"124";"0"
"2023";"12";"120114";"JUNIN";"HUANCAYO";"EL TAMBO";"ESSALUD";"III-1";"00008652";"HOSPITAL NACIONAL RAMIRO PRIALE PRIALE";"242100";"HOSPITALIZACIÓN DE MEDICINA ONCOLOGÍA MÉDICA ";"41";"44";"364";"369";"12";"372";"2"
"2023";"12";"120114";"JUNIN";"HUANCAYO";"EL TAMBO";"ESSALUD";"III-1";"00008652";"HOSPITAL NACIONAL RAMIRO PRIALE PRIALE";"242200";"HOSPITALIZACIÓN DE MEDICINA PSIQUIATRÍA ";"14";"19";"498";"303";"13";"403";"0"
"2023";"12";"120114";"JUNIN";"HUANCAYO";"EL TAMBO";"ESSALUD";"III-1";"00008652";"HOSPITAL NACIONAL RAMIRO PRIALE PRIALE";"242000";"HOSPITALIZACIÓN DE MEDICINA MEDICINA TROPICAL E INFECCIOSAS ";"17";"17";"190";"169";"6";"186";"1"
"2023";"12";"120114";"JUNIN";"HUANCAYO";"EL TAMBO";"ESSALUD";"III-1";"00008652";"HOSPITAL NACIONAL RAMIRO PRIALE PRIALE";"240400";"HOSPITALIZACIÓN QUIRÚRGICA CIRUGÍA DE TÓRAX Y CARDIOVASCULAR ";"3";"3";"19";"19";"1";"31";"0"
"2023";"12";"120114";"JUNIN";"HUANCAYO";"EL TAMBO";"ESSALUD";"III-1";"00008652";"HOSPITAL NACIONAL RAMIRO PRIALE PRIALE";"240100";"HOSPITALIZACIÓN QUIRÚRGICA CIRUGÍA GENERAL ";"125";"146";"935";"743";"30";"930";"3"
"2023";"12";"120114";"JUNIN";"HUANCAYO";"EL TAMBO";"ESSALUD";"III-1";"00008652";"HOSPITAL NACIONAL RAMIRO PRIALE PRIALE";"240900";"HOSPITALIZACIÓN QUIRÚRGICA NEUROCIRUGÍA ";"13";"15";"159";"187";"8";"248";"0"
"2023";"12";"120114";"JUNIN";"HUANCAYO";"EL TAMBO";"ESSALUD";"III-1";"00008652";"HOSPITAL NACIONAL RAMIRO PRIALE PRIALE";"241200";"HOSPITALIZACIÓN QUIRÚRGICA TRAUMATOLOGÍA Y ORTOPEDIA ";"74";"77";"513";"539";"24";"744";"0"
"2023";"12";"120114";"JUNIN";"HUANCAYO";"EL TAMBO";"ESSALUD";"III-1";"00008652";"HOSPITAL NACIONAL RAMIRO PRIALE PRIALE";"241100";"HOSPITALIZACIÓN QUIRÚRGICA OTORRINOLARINGOLOGÍA  ";"0";"1";"35";"20";"1";"31";"0"
"2023";"12";"120114";"JUNIN";"HUANCAYO";"EL TAMBO";"ESSALUD";"III-1";"00008652";"HOSPITAL NACIONAL RAMIRO PRIALE PRIALE";"241300";"HOSPITALIZACIÓN QUIRÚRGICA UROLOGÍA  ";"48";"51";"265";"271";"10";"310";"0"
"2023";"12";"120114";"JUNIN";"HUANCAYO";"EL TAMBO";"ESSALUD";"III-1";"00008652";"HOSPITAL NACIONAL RAMIRO PRIALE PRIALE";"241600";"HOSPITALIZACIÓN QUIRÚRGICA OBSTETRICIA   ";"89";"240";"539";"585";"22";"682";"0"
"2023";"12";"120114";"JUNIN";"HUANCAYO";"EL TAMBO";"ESSALUD";"III-1";"00008652";"HOSPITAL NACIONAL RAMIRO PRIALE PRIALE";"241500";"HOSPITALIZACIÓN QUIRÚRGICA GINECOLOGÍA  ";"46";"54";"223";"187";"10";"310";"0"
"2023";"12";"120114";"JUNIN";"HUANCAYO";"EL TAMBO";"ESSALUD";"III-1";"00008652";"HOSPITAL NACIONAL RAMIRO PRIALE PRIALE";"241700";"HOSPITALIZACIÓN QUIRÚRGICA GINECOLOGÍA   GINECOLOGIA ONCOLOGiCA";"8";"8";"22";"22";"2";"62";"0"
"2023";"12";"120114";"JUNIN";"HUANCAYO";"EL TAMBO";"ESSALUD";"III-1";"00008652";"HOSPITAL NACIONAL RAMIRO PRIALE PRIALE";"242300";"HOSPITALIZACIÓN DE PEDIATRÍA  PEDIATRÍA  GENERAL ";"98";"100";"470";"432";"15";"465";"0"
"2023";"12";"120114";"JUNIN";"HUANCAYO";"EL TAMBO";"ESSALUD";"III-1";"00008652";"HOSPITAL NACIONAL RAMIRO PRIALE PRIALE";"240700";"HOSPITALIZACIÓN QUIRÚRGICA CIRUGÍA PEDIÁTRICA ";"18";"22";"164";"135";"5";"155";"0"
"2023";"12";"120114";"JUNIN";"HUANCAYO";"EL TAMBO";"ESSALUD";"III-1";"00008652";"HOSPITAL NACIONAL RAMIRO PRIALE PRIALE";"250100";"UNIDAD DE CUIDADOS CRITICOS UNIDAD  DE CUIDADOS INTENSIVOS GENERALES (UCI) ";"28";"13";"261";"296";"12";"372";"10"
"2023";"12";"120114";"JUNIN";"HUANCAYO";"EL TAMBO";"ESSALUD";"III-1";"00008652";"HOSPITAL NACIONAL RAMIRO PRIALE PRIALE";"250108";"UNIDAD DE CUIDADOS CRITICOS UNIDAD  DE CUIDADOS INTENSIVOS  (UCI) PEDIÁTRICA";"10";"1";"1";"58";"2";"62";"1"
"2023";"12";"120114";"JUNIN";"HUANCAYO";"EL TAMBO";"ESSALUD";"III-1";"00008652";"HOSPITAL NACIONAL RAMIRO PRIALE PRIALE";"240500";"HOSPITALIZACIÓN QUIRÚRGICA CIRUGÍA DE TRANSPLANTES ";"1";"1";"21";"21";"1";"22";"0"
"2023";"12";"120114";"JUNIN";"HUANCAYO";"EL TAMBO";"ESSALUD";"III-1";"00008652";"HOSPITAL NACIONAL RAMIRO PRIALE PRIALE";"250200";"UNIDAD DE CUIDADOS CRITICOS UNIDAD DE CUIDADOS INTERMEDIOS GENERAL  (UCIN) ";"25";"6";"61";"289";"10";"310";"1"
"2023";"12";"120114";"JUNIN";"HUANCAYO";"EL TAMBO";"ESSALUD";"III-1";"00008652";"HOSPITAL NACIONAL RAMIRO PRIALE PRIALE";"250202";"UNIDAD DE CUIDADOS CRITICOS UNIDAD DE CUIDADOS INTERMEDIOS  (UCIN) PEDIÁTRICOS";"29";"12";"68";"138";"5";"155";"0"
"2023";"12";"120114";"JUNIN";"HUANCAYO";"EL TAMBO";"ESSALUD";"III-1";"00008652";"HOSPITAL NACIONAL RAMIRO PRIALE PRIALE";"250200";"UNIDAD DE CUIDADOS CRITICOS UNIDAD DE CUIDADOS INTERMEDIOS GENERAL  (UCIN) ";"73";"66";"260";"322";"11";"341";"0"
"2023";"12";"130101";"LA LIBERTAD";"TRUJILLO";"TRUJILLO";"PRIVADO";"II-E";"00029518";"OFTALMOLOGICA CACEDA";"NE_0001";"";"NE_0001";"NE_0001";"NE_0001";"NE_0001";"NE_0001";"NE_0001";"NE_0001"
"2023";"12";"200101";"PIURA";"PIURA";"PIURA";"PRIVADO";"I-2";"00018816";"POLICLINICO CLINICA MIRAFLORES S.A.";"NE_0001";"";"NE_0001";"NE_0001";"NE_0001";"NE_0001";"NE_0001";"NE_0001";"NE_0001"
"2023";"12";"100501";"HUANUCO";"HUAMALIES";"LLATA";"ESSALUD";"I-3";"00027591";"POSTA MEDICA LLATA";"NE_0001";"";"NE_0001";"NE_0001";"NE_0001";"NE_0001";"NE_0001";"NE_0001";"NE_0001"
"2023";"12";"190306";"PASCO";"OXAPAMPA";"PUERTO BERMUDEZ";"GOBIERNO REGIONAL";"I-1";"00001169";"ALTO CHIVIS";"NE_0002";"";"NE_0002";"NE_0002";"NE_0002";"NE_0002";"NE_0002";"NE_0002";"NE_0002"
"2023";"12";"190306";"PASCO";"OXAPAMPA";"PUERTO BERMUDEZ";"GOBIERNO REGIONAL";"I-1";"00017813";"P.S. ACOLLA";"NE_0002";"";"NE_0002";"NE_0002";"NE_0002";"NE_0002";"NE_0002";"NE_0002";"NE_0002"
"2023";"12";"190306";"PASCO";"OXAPAMPA";"PUERTO BERMUDEZ";"GOBIERNO REGIONAL";"I-1";"00001157";"SANTA ISABEL DE NEGUACHI";"NE_0002";"";"NE_0002";"NE_0002";"NE_0002";"NE_0002";"NE_0002";"NE_0002";"NE_0002"
"2023";"12";"190306";"PASCO";"OXAPAMPA";"PUERTO BERMUDEZ";"GOBIERNO REGIONAL";"I-1";"00001174";"TUPAC AMARU";"NE_0002";"";"NE_0002";"NE_0002";"NE_0002";"NE_0002";"NE_0002";"NE_0002";"NE_0002"
"2023";"12";"190306";"PASCO";"OXAPAMPA";"PUERTO BERMUDEZ";"GOBIERNO REGIONAL";"I-4";"00001156";"PUERTO BERMUDEZ";"241800";"HOSPITALIZACIÓN DE MEDICINA MEDICINA GENERAL ";"13";"15";"34";"25";"4";"25";"0"
"2023";"12";"190306";"PASCO";"OXAPAMPA";"PUERTO BERMUDEZ";"GOBIERNO REGIONAL";"I-4";"00001156";"PUERTO BERMUDEZ";"241400";"HOSPITALIZACIÓN QUIRÚRGICA GINECO - OBSTETRICIA ";"14";"14";"31";"31";"4";"31";"0"
"2023";"12";"190306";"PASCO";"OXAPAMPA";"PUERTO BERMUDEZ";"GOBIERNO REGIONAL";"I-4";"00001156";"PUERTO BERMUDEZ";"241500";"HOSPITALIZACIÓN QUIRÚRGICA GINECOLOGÍA  ";"1";"1";"3";"5";"3";"5";"0"
"2023";"12";"190306";"PASCO";"OXAPAMPA";"PUERTO BERMUDEZ";"GOBIERNO REGIONAL";"I-4";"00001156";"PUERTO BERMUDEZ";"240100";"HOSPITALIZACIÓN QUIRÚRGICA CIRUGÍA GENERAL ";"9";"9";"65";"28";"3";"28";"0"
"2023";"12";"190306";"PASCO";"OXAPAMPA";"PUERTO BERMUDEZ";"GOBIERNO REGIONAL";"I-1";"00001163";"SARGENTO LORENZ";"NE_0002";"";"NE_0002";"NE_0002";"NE_0002";"NE_0002";"NE_0002";"NE_0002";"NE_0002"
"2023";"12";"190306";"PASCO";"OXAPAMPA";"PUERTO BERMUDEZ";"GOBIERNO REGIONAL";"I-2";"00001164";"BOCA SAMAYA";"NE_0002";"";"NE_0002";"NE_0002";"NE_0002";"NE_0002";"NE_0002";"NE_0002";"NE_0002"
"2023";"12";"190306";"PASCO";"OXAPAMPA";"PUERTO BERMUDEZ";"GOBIERNO REGIONAL";"I-1";"00011573";"SAN JUAN DE DIOS";"NE_0002";"";"NE_0002";"NE_0002";"NE_0002";"NE_0002";"NE_0002";"NE_0002";"NE_0002"
"2023";"12";"190306";"PASCO";"OXAPAMPA";"PUERTO BERMUDEZ";"GOBIERNO REGIONAL";"I-2";"00001161";"SANTA ROSA DE CHIVIS";"NE_0002";"";"NE_0002";"NE_0002";"NE_0002";"NE_0002";"NE_0002";"NE_0002";"NE_0002"
"2023";"12";"190306";"PASCO";"OXAPAMPA";"PUERTO BERMUDEZ";"GOBIERNO REGIONAL";"I-2";"00001162";"SAN PABLO";"NE_0002";"";"NE_0002";"NE_0002";"NE_0002";"NE_0002";"NE_0002";"NE_0002";"NE_0002"
"2023";"12";"190306";"PASCO";"OXAPAMPA";"PUERTO BERMUDEZ";"GOBIERNO REGIONAL";"I-2";"00001165";"PUERTO YESUPE";"NE_0002";"";"NE_0002";"NE_0002";"NE_0002";"NE_0002";"NE_0002";"NE_0002";"NE_0002"
"2023";"12";"190306";"PASCO";"OXAPAMPA";"PUERTO BERMUDEZ";"GOBIERNO REGIONAL";"I-1";"00001170";"NUEVO NEVATI";"NE_0002";"";"NE_0002";"NE_0002";"NE_0002";"NE_0002";"NE_0002";"NE_0002";"NE_0002"
"2023";"12";"190306";"PASCO";"OXAPAMPA";"PUERTO BERMUDEZ";"GOBIERNO REGIONAL";"I-1";"00001172";"REDENCION NEVATI";"NE_0002";"";"NE_0002";"NE_0002";"NE_0002";"NE_0002";"NE_0002";"NE_0002";"NE_0002"
"2023";"12";"190306";"PASCO";"OXAPAMPA";"PUERTO BERMUDEZ";"GOBIERNO REGIONAL";"I-1";"00017800";"P.S. VALLE NASARATEGUI";"NE_0002";"";"NE_0002";"NE_0002";"NE_0002";"NE_0002";"NE_0002";"NE_0002";"NE_0002"
"2023";"12";"190306";"PASCO";"OXAPAMPA";"PUERTO BERMUDEZ";"GOBIERNO REGIONAL";"I-1";"00001168";"EL MILAGRO";"NE_0002";"";"NE_0002";"NE_0002";"NE_0002";"NE_0002";"NE_0002";"NE_0002";"NE_0002"
"2023";"12";"150114";"LIMA";"LIMA";"LA MOLINA";"PRIVADO";"I-2";"00009093";"ARIE";"NE_0002";"";"NE_0002";"NE_0002";"NE_0002";"NE_0002";"NE_0002";"NE_0002";"NE_0002"
"2023";"12";"150141";"LIMA";"LIMA";"SURQUILLO";"PRIVADO";"II-E";"00012206";"DETECTA CLINICA";"240000";"HOSPITALIZACIÓN";"175";"183";"427";"190";"18";"330";"3"
"2023";"12";"160101";"LORETO";"MAYNAS";"IQUITOS";"PRIVADO";"II-2";"00012854";"ASOC. PAST. DE SERV. MEDICO ASIST. CLINICA ADVENTISTA ANA STAHL DE LA IGLESIA ADV. DEL SEPTIMO DIA";"241800";"HOSPITALIZACIÓN DE MEDICINA MEDICINA GENERAL ";"79";"94";"616";"661";"38";"1102";"0"
"2023";"12";"150108";"LIMA";"LIMA";"CHORRILLOS";"SANIDAD DEL EJERCITO DEL PERU";"II-E";"00010098";"HOSPITAL MILITAR GERIATRICO";"240000";"HOSPITALIZACIÓN";"35";"37";"296";"282";"15";"465";"1"
"2023";"12";"221005";"SAN MARTIN";"TOCACHE";"UCHIZA";"ESSALUD";"I-2";"00010704";"POSTA MEDICA UCHIZA";"NE_0001";"";"NE_0001";"NE_0001";"NE_0001";"NE_0001";"NE_0001";"NE_0001";"NE_0001"
"2023";"11";"150140";"LIMA";"LIMA";"SANTIAGO DE SURCO";"PRIVADO";"II-E";"00028189";"GLAUCOMA SALUD";"NE_0001";"";"NE_0001";"NE_0001";"NE_0001";"NE_0001";"NE_0001";"NE_0001";"NE_0001"
"2023";"11";"220101";"SAN MARTIN";"MOYOBAMBA";"MOYOBAMBA";"GOBIERNO REGIONAL";"I-2";"00006291";"ATUMPLAYA";"NE_0001";"";"NE_0001";"NE_0001";"NE_0001";"NE_0001";"NE_0001";"NE_0001";"NE_0001"
"2023";"11";"220807";"SAN MARTIN";"RIOJA";"SAN FERNANDO";"GOBIERNO REGIONAL";"I-1";"00006294";"PERLA MAYO";"NE_0001";"";"NE_0001";"NE_0001";"NE_0001";"NE_0001";"NE_0001";"NE_0001";"NE_0001"
"2023";"11";"220101";"SAN MARTIN";"MOYOBAMBA";"MOYOBAMBA";"GOBIERNO REGIONAL";"I-2";"00006291";"ATUMPLAYA";"NE_0001";"";"NE_0001";"NE_0001";"NE_0001";"NE_0001";"NE_0001";"NE_0001";"NE_0001"
"2023";"11";"220807";"SAN MARTIN";"RIOJA";"SAN FERNANDO";"GOBIERNO REGIONAL";"I-3";"00006290";"SAN FERNANDO";"241600";"HOSPITALIZACIÓN QUIRÚRGICA OBSTETRICIA   ";"1";"1";"1";"1";"1";"2";"0"
"2023";"11";"220807";"SAN MARTIN";"RIOJA";"SAN FERNANDO";"GOBIERNO REGIONAL";"I-1";"00006294";"PERLA MAYO";"NE_0001";"";"NE_0001";"NE_0001";"NE_0001";"NE_0001";"NE_0001";"NE_0001";"NE_0001"
"2023";"11";"060701";"CAJAMARCA";"HUALGAYOC";"BAMBAMARCA";"ESSALUD";"I-2";"00010277";"POSTA MEDICA ESSALUD BAMBAMARCA";"NE_0001";"";"NE_0001";"NE_0001";"NE_0001";"NE_0001";"NE_0001";"NE_0001";"NE_0001"
"2023";"12";"051005";"AYACUCHO";"VICTOR FAJARDO";"CANARIA";"GOBIERNO REGIONAL";"I-1";"00003825";"PUESTO DE SALUD RACCAYA";"NE_0001";"";"NE_0001";"NE_0001";"NE_0001";"NE_0001";"NE_0001";"NE_0001";"NE_0001"
"2023";"12";"051005";"AYACUCHO";"VICTOR FAJARDO";"CANARIA";"GOBIERNO REGIONAL";"I-1";"00003827";"PUESTO DE SALUD UMASI";"NE_0001";"";"NE_0001";"NE_0001";"NE_0001";"NE_0001";"NE_0001";"NE_0001";"NE_0001"
"2023";"12";"051004";"AYACUCHO";"VICTOR FAJARDO";"ASQUIPATA";"GOBIERNO REGIONAL";"I-1";"00003822";"PUESTO DE SALUD CHIHUIRE";"NE_0001";"";"NE_0001";"NE_0001";"NE_0001";"NE_0001";"NE_0001";"NE_0001";"NE_0001"
"2023";"12";"051003";"AYACUCHO";"VICTOR FAJARDO";"APONGO";"GOBIERNO REGIONAL";"I-1";"00003819";"APONGO";"NE_0001";"";"NE_0001";"NE_0001";"NE_0001";"NE_0001";"NE_0001";"NE_0001";"NE_0001"
"2023";"12";"051004";"AYACUCHO";"VICTOR FAJARDO";"ASQUIPATA";"GOBIERNO REGIONAL";"I-1";"00003821";"PUESTO DE SALUD ASQUIPATA";"NE_0001";"";"NE_0001";"NE_0001";"NE_0001";"NE_0001";"NE_0001";"NE_0001";"NE_0001"
"2023";"12";"051008";"AYACUCHO";"VICTOR FAJARDO";"HUAMANQUIQUIA";"GOBIERNO REGIONAL";"I-1";"00003833";"PUESTO DE SALUD TINCA";"NE_0001";"";"NE_0001";"NE_0001";"NE_0001";"NE_0001";"NE_0001";"NE_0001";"NE_0001"
"2023";"12";"051007";"AYACUCHO";"VICTOR FAJARDO";"COLCA";"GOBIERNO REGIONAL";"I-1";"00003836";"PUESTO DE SALUD QUILLA";"NE_0001";"";"NE_0001";"NE_0001";"NE_0001";"NE_0001";"NE_0001";"NE_0001";"NE_0001"
"2023";"12";"051009";"AYACUCHO";"VICTOR FAJARDO";"HUANCARAYLLA";"GOBIERNO REGIONAL";"I-1";"00003839";"PUESTO DE SALUD LLUSITA";"NE_0001";"";"NE_0001";"NE_0001";"NE_0001";"NE_0001";"NE_0001";"NE_0001";"NE_0001"
"2023";"12";"051006";"AYACUCHO";"VICTOR FAJARDO";"CAYARA";"GOBIERNO REGIONAL";"I-2";"00003828";"PUESTO DE SALUD CAYARA";"NE_0001";"";"NE_0001";"NE_0001";"NE_0001";"NE_0001";"NE_0001";"NE_0001";"NE_0001"
"2023";"12";"040101";"AREQUIPA";"AREQUIPA";"AREQUIPA";"PRIVADO";"II-E";"00017588";"MELO CLINICA DE FERTILIDAD, GINECOLOGIA Y OBSTETRICIA";"241400";"HOSPITALIZACIÓN QUIRÚRGICA GINECO - OBSTETRICIA ";"10";"10";"10";"10";"4";"120";"0"
"2023";"12";"210401";"PUNO";"CHUCUITO";"JULI";"ESSALUD";"I-3";"00009222";"ESSALUD JULI";"NE_0001";"";"NE_0001";"NE_0001";"NE_0001";"NE_0001";"NE_0001";"NE_0001";"NE_0001"
"2023";"12";"211301";"PUNO";"YUNGUYO";"YUNGUYO";"ESSALUD";"I-3";"00009219";"YUNGUYO";"NE_0001";"";"NE_0001";"NE_0001";"NE_0001";"NE_0001";"NE_0001";"NE_0001";"NE_0001"
"2023";"12";"060605";"CAJAMARCA";"CUTERVO";"LA RAMADA";"GOBIERNO REGIONAL";"I-1";"00006947";"LAGUNA";"NE_0001";"";"NE_0001";"NE_0001";"NE_0001";"NE_0001";"NE_0001";"NE_0001";"NE_0001"
"2023";"12";"060609";"CAJAMARCA";"CUTERVO";"SAN JUAN DE CUTERVO";"GOBIERNO REGIONAL";"I-1";"00007103";"SANTA ROSA DE SAN JUAN";"NE_0001";"";"NE_0001";"NE_0001";"NE_0001";"NE_0001";"NE_0001";"NE_0001";"NE_0001"
"2023";"12";"060605";"CAJAMARCA";"CUTERVO";"LA RAMADA";"GOBIERNO REGIONAL";"I-1";"00005028";"LLUSHCAPAMPA";"NE_0001";"";"NE_0001";"NE_0001";"NE_0001";"NE_0001";"NE_0001";"NE_0001";"NE_0001"
"2023";"12";"060605";"CAJAMARCA";"CUTERVO";"LA RAMADA";"GOBIERNO REGIONAL";"I-1";"00007179";"CHACRERIAS";"NE_0001";"";"NE_0001";"NE_0001";"NE_0001";"NE_0001";"NE_0001";"NE_0001";"NE_0001"
"2023";"12";"060604";"CAJAMARCA";"CUTERVO";"CUJILLO";"GOBIERNO REGIONAL";"I-1";"00005026";"EL PAGO";"NE_0001";"";"NE_0001";"NE_0001";"NE_0001";"NE_0001";"NE_0001";"NE_0001";"NE_0001"
"2023";"12";"060609";"CAJAMARCA";"CUTERVO";"SAN JUAN DE CUTERVO";"GOBIERNO REGIONAL";"I-3";"00005029";"SAN JUAN DE CUTERVO";"NE_0001";"";"NE_0001";"NE_0001";"NE_0001";"NE_0001";"NE_0001";"NE_0001";"NE_0001"
"2023";"12";"060614";"CAJAMARCA";"CUTERVO";"SOCOTA";"GOBIERNO REGIONAL";"I-1";"00006939";"QUIJOS";"NE_0001";"";"NE_0001";"NE_0001";"NE_0001";"NE_0001";"NE_0001";"NE_0001";"NE_0001"
"2023";"12";"060614";"CAJAMARCA";"CUTERVO";"SOCOTA";"GOBIERNO REGIONAL";"I-1";"00007751";"CHANGAY";"NE_0001";"";"NE_0001";"NE_0001";"NE_0001";"NE_0001";"NE_0001";"NE_0001";"NE_0001"
"2023";"12";"060802";"CAJAMARCA";"JAEN";"BELLAVISTA";"GOBIERNO REGIONAL";"II-1";"00004223";"SAN JAVIER BELLAVISTA";"242500";"HOSPITALIZACIÓN-PEDIATRÍA GENERAL-";"6";"6";"8";"13";"3";"93";"0"
"2023";"12";"060802";"CAJAMARCA";"JAEN";"BELLAVISTA";"GOBIERNO REGIONAL";"II-1";"00004223";"SAN JAVIER BELLAVISTA";"241800";"HOSPITALIZACIÓN DE MEDICINA MEDICINA GENERAL ";"10";"10";"37";"43";"4";"124";"0"
"2023";"12";"060802";"CAJAMARCA";"JAEN";"BELLAVISTA";"GOBIERNO REGIONAL";"II-1";"00004223";"SAN JAVIER BELLAVISTA";"241400";"HOSPITALIZACIÓN QUIRÚRGICA GINECO - OBSTETRICIA ";"6";"6";"11";"17";"4";"124";"0"
"2023";"12";"060802";"CAJAMARCA";"JAEN";"BELLAVISTA";"GOBIERNO REGIONAL";"II-1";"00004223";"SAN JAVIER BELLAVISTA";"241500";"HOSPITALIZACIÓN QUIRÚRGICA GINECOLOGÍA  ";"4";"4";"20";"24";"4";"124";"0"
"2023";"12";"060802";"CAJAMARCA";"JAEN";"BELLAVISTA";"GOBIERNO REGIONAL";"II-1";"00004223";"SAN JAVIER BELLAVISTA";"241600";"HOSPITALIZACIÓN QUIRÚRGICA OBSTETRICIA   ";"8";"9";"20";"29";"4";"124";"0"
"2023";"12";"060802";"CAJAMARCA";"JAEN";"BELLAVISTA";"GOBIERNO REGIONAL";"II-1";"00004223";"SAN JAVIER BELLAVISTA";"240100";"HOSPITALIZACIÓN QUIRÚRGICA CIRUGÍA GENERAL ";"4";"4";"17";"20";"2";"62";"0"
"2023";"12";"040401";"AREQUIPA";"CASTILLA";"APLAO";"GOBIERNO REGIONAL";"II-1";"00001382";"HOSPITAL APLAO";"240100";"HOSPITALIZACIÓN QUIRÚRGICA CIRUGÍA GENERAL ";"14";"15";"43";"58";"6";"186";"0"
"2023";"12";"040401";"AREQUIPA";"CASTILLA";"APLAO";"GOBIERNO REGIONAL";"II-1";"00001382";"HOSPITAL APLAO";"241200";"HOSPITALIZACIÓN QUIRÚRGICA TRAUMATOLOGÍA Y ORTOPEDIA ";"2";"2";"5";"7";"8";"248";"0"
"2023";"12";"040401";"AREQUIPA";"CASTILLA";"APLAO";"GOBIERNO REGIONAL";"II-1";"00001382";"HOSPITAL APLAO";"241500";"HOSPITALIZACIÓN QUIRÚRGICA GINECOLOGÍA  ";"21";"24";"49";"73";"6";"186";"0"
"2023";"12";"040401";"AREQUIPA";"CASTILLA";"APLAO";"GOBIERNO REGIONAL";"II-1";"00001382";"HOSPITAL APLAO";"241800";"HOSPITALIZACIÓN DE MEDICINA MEDICINA GENERAL ";"5";"9";"35";"44";"14";"434";"0"
"2023";"12";"040401";"AREQUIPA";"CASTILLA";"APLAO";"GOBIERNO REGIONAL";"II-1";"00001382";"HOSPITAL APLAO";"242500";"HOSPITALIZACIÓN-PEDIATRÍA GENERAL-";"0";"1";"4";"5";"10";"310";"0"
"2023";"12";"160101";"LORETO";"MAYNAS";"IQUITOS";"SANIDAD DEL EJERCITO DEL PERU";"I-4";"00020543";"IPRESS I-4 MILITAR DIVISIONARIO ""SANTA ROSA"" IQUITOS";"241800";"HOSPITALIZACIÓN DE MEDICINA MEDICINA GENERAL ";"4";"4";"25";"27";"20";"600";"0"
"2023";"12";"090117";"HUANCAVELICA";"HUANCAVELICA";"YAULI";"GOBIERNO REGIONAL";"I-3";"00003885";"SAN JUAN DE CCARHUACC";"NE_0002";"";"NE_0002";"NE_0002";"NE_0002";"NE_0002";"NE_0002";"NE_0002";"NE_0002"
"2023";"12";"090117";"HUANCAVELICA";"HUANCAVELICA";"YAULI";"GOBIERNO REGIONAL";"I-1";"00011208";"LIMAPAMPA";"NE_0001";"";"NE_0001";"NE_0001";"NE_0001";"NE_0001";"NE_0001";"NE_0001";"NE_0001"
"2023";"12";"090117";"HUANCAVELICA";"HUANCAVELICA";"YAULI";"GOBIERNO REGIONAL";"I-1";"00003887";"PANTACHI NORTE";"NE_0001";"";"NE_0001";"NE_0001";"NE_0001";"NE_0001";"NE_0001";"NE_0001";"NE_0001"
"2023";"12";"090117";"HUANCAVELICA";"HUANCAVELICA";"YAULI";"GOBIERNO REGIONAL";"I-1";"00011207";"HUSNUPATA";"NE_0001";"";"NE_0001";"NE_0001";"NE_0001";"NE_0001";"NE_0001";"NE_0001";"NE_0001"
"2023";"12";"021404";"ANCASH";"OCROS";"CARHUAPAMPA";"GOBIERNO REGIONAL";"I-1";"00001758";"PUESTO DE SALUD ACO DE CARHUAPAMPA";"NE_0001";"";"NE_0001";"NE_0001";"NE_0001";"NE_0001";"NE_0001";"NE_0001";"NE_0001"
"2023";"12";"020507";"ANCASH";"BOLOGNESI";"COLQUIOC";"GOBIERNO REGIONAL";"I-3";"00001490";"CENTRO DE SALUD CHASQUITAMBO";"NE_0001";"";"NE_0001";"NE_0001";"NE_0001";"NE_0001";"NE_0001";"NE_0001";"NE_0001"
"2023";"12";"020502";"ANCASH";"BOLOGNESI";"ABELARDO PARDO LEZAMETA";"GOBIERNO REGIONAL";"I-1";"00001502";"PUESTO DE SALUD LLACLLA";"NE_0001";"";"NE_0001";"NE_0001";"NE_0001";"NE_0001";"NE_0001";"NE_0001";"NE_0001"
"2023";"12";"020611";"ANCASH";"CARHUAZ";"YUNGAR";"GOBIERNO REGIONAL";"I-1";"00001531";"PUESTO DE SALUD SANTA ROSA";"NE_0001";"";"NE_0001";"NE_0001";"NE_0001";"NE_0001";"NE_0001";"NE_0001";"NE_0001"
"2023";"12";"020105";"ANCASH";"HUARAZ";"INDEPENDENCIA";"GOBIERNO REGIONAL";"I-2";"00001558";"PUESTO DE SALUD HUANCHAC";"NE_0001";"";"NE_0001";"NE_0001";"NE_0001";"NE_0001";"NE_0001";"NE_0001";"NE_0001"
"2023";"12";"021705";"ANCASH";"RECUAY";"LLACLLIN";"GOBIERNO REGIONAL";"I-1";"00001488";"PUESTO DE SALUD CHAUCAYAN";"NE_0001";"";"NE_0001";"NE_0001";"NE_0001";"NE_0001";"NE_0001";"NE_0001";"NE_0001"
"2023";"12";"020511";"ANCASH";"BOLOGNESI";"LA PRIMAVERA";"GOBIERNO REGIONAL";"I-1";"00001503";"PUESTO DE SALUD GORGORILLO";"NE_0001";"";"NE_0001";"NE_0001";"NE_0001";"NE_0001";"NE_0001";"NE_0001";"NE_0001"
"2023";"12";"020101";"ANCASH";"HUARAZ";"HUARAZ";"GOBIERNO REGIONAL";"I-1";"00001544";"PUESTO DE SALUD MACASHCA";"NE_0001";"";"NE_0001";"NE_0001";"NE_0001";"NE_0001";"NE_0001";"NE_0001";"NE_0001"
"2023";"12";"020109";"ANCASH";"HUARAZ";"PAMPAS GRANDE";"GOBIERNO REGIONAL";"I-2";"00001584";"PUESTO DE SALUD PAMPAS GRANDE";"NE_0001";"";"NE_0001";"NE_0001";"NE_0001";"NE_0001";"NE_0001";"NE_0001";"NE_0001"
"2023";"12";"021408";"ANCASH";"OCROS";"SAN CRISTOBAL DE RAJAN";"GOBIERNO REGIONAL";"I-1";"00001762";"PUESTO DE SALUD RAJAN";"NE_0001";"";"NE_0001";"NE_0001";"NE_0001";"NE_0001";"NE_0001";"NE_0001";"NE_0001"
"2023";"12";"020601";"ANCASH";"CARHUAZ";"CARHUAZ";"GOBIERNO REGIONAL";"I-1";"00001520";"PUESTO DE SALUD PARIACACA";"NE_0001";"";"NE_0001";"NE_0001";"NE_0001";"NE_0001";"NE_0001";"NE_0001";"NE_0001"
"2023";"12";"020606";"ANCASH";"CARHUAZ";"MARCARA";"GOBIERNO REGIONAL";"I-1";"00001537";"RECUAYHUANCA";"NE_0001";"";"NE_0001";"NE_0001";"NE_0001";"NE_0001";"NE_0001";"NE_0001";"NE_0001"
"2023";"12";"020105";"ANCASH";"HUARAZ";"INDEPENDENCIA";"GOBIERNO REGIONAL";"I-1";"00001563";"PUESTO DE SALUD ATIPAYAN";"NE_0001";"";"NE_0001";"NE_0001";"NE_0001";"NE_0001";"NE_0001";"NE_0001";"NE_0001"
"2023";"12";"020112";"ANCASH";"HUARAZ";"TARICA";"GOBIERNO REGIONAL";"I-1";"00001578";"PUESTO DE SALUD TARICA";"NE_0001";"";"NE_0001";"NE_0001";"NE_0001";"NE_0001";"NE_0001";"NE_0001";"NE_0001"
"2023";"12";"020112";"ANCASH";"HUARAZ";"TARICA";"GOBIERNO REGIONAL";"I-1";"00001581";"PUESTO DE SALUD COLLON";"NE_0001";"";"NE_0001";"NE_0001";"NE_0001";"NE_0001";"NE_0001";"NE_0001";"NE_0001"
"2023";"12";"020101";"ANCASH";"HUARAZ";"HUARAZ";"GOBIERNO REGIONAL";"I-1";"00011002";"PUESTO DE SALUD JAUNA";"NE_0001";"";"NE_0001";"NE_0001";"NE_0001";"NE_0001";"NE_0001";"NE_0001";"NE_0001"
"2023";"12";"020105";"ANCASH";"HUARAZ";"INDEPENDENCIA";"GOBIERNO REGIONAL";"I-3";"00028701";"CENTRO DE SALUD MENTAL COMUNITARIO ""ALLY WARAQ""";"NE_0001";"";"NE_0001";"NE_0001";"NE_0001";"NE_0001";"NE_0001";"NE_0001";"NE_0001"
"2023";"12";"020101";"ANCASH";"HUARAZ";"HUARAZ";"GOBIERNO REGIONAL";"0";"00032157";"HOGAR PROTEGIDO ""MI NUEVA FAMILIA""";"NE_0001";"";"NE_0001";"NE_0001";"NE_0001";"NE_0001";"NE_0001";"NE_0001";"NE_0001"
"2023";"12";"021705";"ANCASH";"RECUAY";"LLACLLIN";"GOBIERNO REGIONAL";"I-1";"00001487";"PUESTO DE SALUD LLACLLIN";"NE_0001";"";"NE_0001";"NE_0001";"NE_0001";"NE_0001";"NE_0001";"NE_0001";"NE_0001"
"2023";"12";"020504";"ANCASH";"BOLOGNESI";"AQUIA";"GOBIERNO REGIONAL";"I-1";"00001496";"PUESTO DE SALUD PACHAPAQUI";"NE_0001";"";"NE_0001";"NE_0001";"NE_0001";"NE_0001";"NE_0001";"NE_0001";"NE_0001"
"2023";"12";"020201";"ANCASH";"AIJA";"AIJA";"GOBIERNO REGIONAL";"I-3";"00001508";"CENTRO DE SALUD AIJA";"NE_0001";"";"NE_0001";"NE_0001";"NE_0001";"NE_0001";"NE_0001";"NE_0001";"NE_0001"
"2023";"12";"020610";"ANCASH";"CARHUAZ";"TINCO";"GOBIERNO REGIONAL";"I-1";"00001523";"PUESTO DE SALUD TINCO";"NE_0001";"";"NE_0001";"NE_0001";"NE_0001";"NE_0001";"NE_0001";"NE_0001";"NE_0001"
"2023";"12";"021705";"ANCASH";"RECUAY";"LLACLLIN";"GOBIERNO REGIONAL";"I-1";"00001487";"PUESTO DE SALUD LLACLLIN";"NE_0001";"";"NE_0001";"NE_0001";"NE_0001";"NE_0001";"NE_0001";"NE_0001";"NE_0001"
"2023";"12";"020504";"ANCASH";"BOLOGNESI";"AQUIA";"GOBIERNO REGIONAL";"I-1";"00001496";"PUESTO DE SALUD PACHAPAQUI";"NE_0001";"";"NE_0001";"NE_0001";"NE_0001";"NE_0001";"NE_0001";"NE_0001";"NE_0001"
"2023";"12";"020101";"ANCASH";"HUARAZ";"HUARAZ";"GOBIERNO REGIONAL";"I-2";"00001546";"PUESTO DE SALUD SAN NICOLAS";"NE_0001";"";"NE_0001";"NE_0001";"NE_0001";"NE_0001";"NE_0001";"NE_0001";"NE_0001"
"2023";"12";"020101";"ANCASH";"HUARAZ";"HUARAZ";"GOBIERNO REGIONAL";"I-1";"00001547";"PUESTO DE SALUD YANACOSHCA";"NE_0001";"";"NE_0001";"NE_0001";"NE_0001";"NE_0001";"NE_0001";"NE_0001";"NE_0001"
"2023";"12";"020108";"ANCASH";"HUARAZ";"OLLEROS";"GOBIERNO REGIONAL";"I-2";"00001553";"PUESTO DE SALUD HUARIPAMPA";"NE_0001";"";"NE_0001";"NE_0001";"NE_0001";"NE_0001";"NE_0001";"NE_0001";"NE_0001"
"2023";"12";"020101";"ANCASH";"HUARAZ";"HUARAZ";"GOBIERNO REGIONAL";"I-3";"00001562";"CENTRO DE SALUD HUARUPAMPA";"NE_0001";"";"NE_0001";"NE_0001";"NE_0001";"NE_0001";"NE_0001";"NE_0001";"NE_0001"
"2023";"12";"020105";"ANCASH";"HUARAZ";"INDEPENDENCIA";"GOBIERNO REGIONAL";"I-1";"00001564";"PUESTO DE SALUD HUAYAWILLCA";"NE_0001";"";"NE_0001";"NE_0001";"NE_0001";"NE_0001";"NE_0001";"NE_0001";"NE_0001"
"2023";"12";"021407";"ANCASH";"OCROS";"LLIPA";"GOBIERNO REGIONAL";"I-1";"00001761";"PUESTO DE SALUD LLIPA";"NE_0001";"";"NE_0001";"NE_0001";"NE_0001";"NE_0001";"NE_0001";"NE_0001";"NE_0001"
"2023";"12";"021409";"ANCASH";"OCROS";"SAN PEDRO";"GOBIERNO REGIONAL";"I-1";"00001763";"PUESTO DE SALUD SAN PEDRO DE COPA";"NE_0001";"";"NE_0001";"NE_0001";"NE_0001";"NE_0001";"NE_0001";"NE_0001";"NE_0001"
"2023";"12";"021707";"ANCASH";"RECUAY";"PAMPAS CHICO";"GOBIERNO REGIONAL";"I-1";"00011003";"PUESTO DE SALUD MAYORARCA";"NE_0001";"";"NE_0001";"NE_0001";"NE_0001";"NE_0001";"NE_0001";"NE_0001";"NE_0001"
"2023";"12";"021708";"ANCASH";"RECUAY";"PARARIN";"GOBIERNO REGIONAL";"I-1";"00001489";"PUESTO DE SALUD PARARIN";"NE_0001";"";"NE_0001";"NE_0001";"NE_0001";"NE_0001";"NE_0001";"NE_0001";"NE_0001"
"2023";"12";"020510";"ANCASH";"BOLOGNESI";"HUAYLLACAYAN";"GOBIERNO REGIONAL";"I-1";"00001491";"PUESTO DE SALUD HUAYLLACAYAN";"NE_0001";"";"NE_0001";"NE_0001";"NE_0001";"NE_0001";"NE_0001";"NE_0001";"NE_0001"
"2023";"12";"090402";"HUANCAVELICA";"CASTROVIRREYNA";"ARMA";"GOBIERNO REGIONAL";"I-1";"00013022";"TOTORA";"NE_0001";"";"NE_0001";"NE_0001";"NE_0001";"NE_0001";"NE_0001";"NE_0001";"NE_0001"
"2023";"11";"100801";"HUANUCO";"PACHITEA";"PANAO";"ESSALUD";"I-2";"00009958";"POSTA MEDICA PANAO";"NE_0001";"";"NE_0001";"NE_0001";"NE_0001";"NE_0001";"NE_0001";"NE_0001";"NE_0001"
"2023";"11";"150114";"LIMA";"LIMA";"LA MOLINA";"PRIVADO";"I-2";"00009093";"ARIE";"NE_0002";"";"NE_0002";"NE_0002";"NE_0002";"NE_0002";"NE_0002";"NE_0002";"NE_0002"
"2023";"12";"040101";"AREQUIPA";"AREQUIPA";"AREQUIPA";"PRIVADO";"I-3";"00015693";"CENTRO MEDICO ESPECIALIZADO EN OFTALMOLOGIA";"NE_0001";"";"NE_0001";"NE_0001";"NE_0001";"NE_0001";"NE_0001";"NE_0001";"NE_0001"
"2023";"12";"050904";"AYACUCHO";"SUCRE";"CHILCAYOC";"GOBIERNO REGIONAL";"I-2";"00003805";"PUESTO DE SALUD CHILCAYOCC";"NE_0001";"";"NE_0001";"NE_0001";"NE_0001";"NE_0001";"NE_0001";"NE_0001";"NE_0001"
"2023";"12";"040504";"AREQUIPA";"CAYLLOMA";"CALLALLI";"GOBIERNO REGIONAL";"I-2";"00001437";"PUESTO DE SALUD CHALHUANCA";"NE_0001";"";"NE_0001";"NE_0001";"NE_0001";"NE_0001";"NE_0001";"NE_0001";"NE_0001"
"2023";"12";"040517";"AREQUIPA";"CAYLLOMA";"TISCO";"GOBIERNO REGIONAL";"I-2";"00006891";"PUESTO DE SALUD TARUCAMARCA";"NE_0001";"";"NE_0001";"NE_0001";"NE_0001";"NE_0001";"NE_0001";"NE_0001";"NE_0001"
"2023";"12";"040515";"AREQUIPA";"CAYLLOMA";"SIBAYO";"GOBIERNO REGIONAL";"I-2";"00001435";"PUESTO DE SALUD SANTA ROSA DE SIBAYO";"NE_0001";"";"NE_0001";"NE_0001";"NE_0001";"NE_0001";"NE_0001";"NE_0001";"NE_0001"
"2023";"12";"040518";"AREQUIPA";"CAYLLOMA";"TUTI";"GOBIERNO REGIONAL";"I-2";"00001436";"PUESTO DE SALUD TUTI";"NE_0001";"";"NE_0001";"NE_0001";"NE_0001";"NE_0001";"NE_0001";"NE_0001";"NE_0001"
"2023";"12";"040517";"AREQUIPA";"CAYLLOMA";"TISCO";"GOBIERNO REGIONAL";"I-2";"00001438";"PUESTO DE SALUD TISCO";"NE_0001";"";"NE_0001";"NE_0001";"NE_0001";"NE_0001";"NE_0001";"NE_0001";"NE_0001"
"2023";"12";"040517";"AREQUIPA";"CAYLLOMA";"TISCO";"GOBIERNO REGIONAL";"I-2";"00001431";"PUESTO DE SALUD COTACOTA";"NE_0001";"";"NE_0001";"NE_0001";"NE_0001";"NE_0001";"NE_0001";"NE_0001";"NE_0001"
"2023";"12";"040504";"AREQUIPA";"CAYLLOMA";"CALLALLI";"GOBIERNO REGIONAL";"I-3";"00001421";"CENTRO DE SALUD CALLALLI";"NE_0001";"";"NE_0001";"NE_0001";"NE_0001";"NE_0001";"NE_0001";"NE_0001";"NE_0001"
"2023";"12";"130101";"LA LIBERTAD";"TRUJILLO";"TRUJILLO";"PRIVADO";"II-2";"00018404";"CLINICA SAN PABLO TRUJILLO";"240000";"HOSPITALIZACIÓN";"249";"271";"961";"1033";"64";"1984";"2"
"2023";"12";"130101";"LA LIBERTAD";"TRUJILLO";"TRUJILLO";"PRIVADO";"II-2";"00018404";"CLINICA SAN PABLO TRUJILLO";"250200";"UNIDAD DE CUIDADOS CRITICOS UNIDAD DE CUIDADOS INTERMEDIOS GENERAL  (UCIN) ";"1";"1";"1";"1";"5";"155";"0"
"2023";"12";"150132";"LIMA";"LIMA";"SAN JUAN DE LURIGANCHO";"PRIVADO";"II-E";"00033622";"CLINICA GRAN CHIMU";"240000";"HOSPITALIZACIÓN";"49";"49";"110";"300";"10";"300";"0"
"2023";"12";"140301";"LAMBAYEQUE";"LAMBAYEQUE";"LAMBAYEQUE";"SANIDAD DEL EJERCITO DEL PERU";"I-3";"00025198";"CENTRO MEDICO MILITAR ""DIVINO NIÑO DEL MILAGRO DE ETEN""";"NE_0001";"";"NE_0001";"NE_0001";"NE_0001";"NE_0001";"NE_0001";"NE_0001";"NE_0001"
"2023";"12";"130107";"LA LIBERTAD";"TRUJILLO";"MOCHE";"ESSALUD";"I-4";"00009038";"CENTRO DE SALUD CON INTERNAMIENTO MOCHE";"241800";"HOSPITALIZACIÓN DE MEDICINA MEDICINA GENERAL ";"35";"35";"159";"167";"8";"248";"1"
"2023";"12";"080101";"CUSCO";"CUSCO";"CUSCO";"PRIVADO";"II-E";"00016758";"HERMANA JOSEFINA SERRANO";"240000";"HOSPITALIZACIÓN";"28";"24";"116";"27";"36";"1116";"2"
"2023";"12";"110101";"ICA";"ICA";"ICA";"GOBIERNO REGIONAL";"I-2";"00003385";"SAN MARTIN DE PORRAS";"NE_0001";"";"NE_0001";"NE_0001";"NE_0001";"NE_0001";"NE_0001";"NE_0001";"NE_0001"
"2023";"12";"110110";"ICA";"ICA";"SAN JUAN BAUTISTA";"MINSA";"I-2";"00003387";"CAMINO DE REYES";"NE_0001";"";"NE_0001";"NE_0001";"NE_0001";"NE_0001";"NE_0001";"NE_0001";"NE_0001"
"2023";"12";"110110";"ICA";"ICA";"SAN JUAN BAUTISTA";"GOBIERNO REGIONAL";"I-3";"00003364";"SAN JUAN BAUTISTA";"NE_0001";"";"NE_0001";"NE_0001";"NE_0001";"NE_0001";"NE_0001";"NE_0001";"NE_0001"
"2023";"12";"110112";"ICA";"ICA";"SUBTANJALLA";"MINSA";"I-3";"00003381";"FONAVI IV";"NE_0001";"";"NE_0001";"NE_0001";"NE_0001";"NE_0001";"NE_0001";"NE_0001";"NE_0001"
"2023";"12";"110110";"ICA";"ICA";"SAN JUAN BAUTISTA";"GOBIERNO REGIONAL";"I-3";"00003386";"EL CARMEN-OLIVO";"NE_0001";"";"NE_0001";"NE_0001";"NE_0001";"NE_0001";"NE_0001";"NE_0001";"NE_0001"
"2023";"12";"060613";"CAJAMARCA";"CUTERVO";"SANTO TOMAS";"GOBIERNO REGIONAL";"I-1";"00007750";"TAYALES";"NE_0001";"";"NE_0001";"NE_0001";"NE_0001";"NE_0001";"NE_0001";"NE_0001";"NE_0001"
"2023";"12";"060613";"CAJAMARCA";"CUTERVO";"SANTO TOMAS";"GOBIERNO REGIONAL";"I-1";"00011067";"PLAYA GRANDE";"NE_0001";"";"NE_0001";"NE_0001";"NE_0001";"NE_0001";"NE_0001";"NE_0001";"NE_0001"
"2023";"12";"060606";"CAJAMARCA";"CUTERVO";"PIMPINGOS";"GOBIERNO REGIONAL";"I-1";"00005015";"PANAMA";"NE_0001";"";"NE_0001";"NE_0001";"NE_0001";"NE_0001";"NE_0001";"NE_0001";"NE_0001"
"2023";"12";"060606";"CAJAMARCA";"CUTERVO";"PIMPINGOS";"GOBIERNO REGIONAL";"I-1";"00005018";"EL PALTO";"NE_0001";"";"NE_0001";"NE_0001";"NE_0001";"NE_0001";"NE_0001";"NE_0001";"NE_0001"
"2023";"12";"060613";"CAJAMARCA";"CUTERVO";"SANTO TOMAS";"GOBIERNO REGIONAL";"I-1";"00007047";"ANDAMARCA";"NE_0001";"";"NE_0001";"NE_0001";"NE_0001";"NE_0001";"NE_0001";"NE_0001";"NE_0001"
"2023";"12";"060613";"CAJAMARCA";"CUTERVO";"SANTO TOMAS";"GOBIERNO REGIONAL";"I-1";"00011065";"PALMA CENTRAL";"NE_0001";"";"NE_0001";"NE_0001";"NE_0001";"NE_0001";"NE_0001";"NE_0001";"NE_0001"
"2023";"12";"060606";"CAJAMARCA";"CUTERVO";"PIMPINGOS";"GOBIERNO REGIONAL";"I-1";"00005014";"CONDORHUASI";"NE_0001";"";"NE_0001";"NE_0001";"NE_0001";"NE_0001";"NE_0001";"NE_0001";"NE_0001"
"2023";"12";"060606";"CAJAMARCA";"CUTERVO";"PIMPINGOS";"GOBIERNO REGIONAL";"I-1";"00005016";"PANDALLE";"NE_0001";"";"NE_0001";"NE_0001";"NE_0001";"NE_0001";"NE_0001";"NE_0001";"NE_0001"
"2023";"12";"060613";"CAJAMARCA";"CUTERVO";"SANTO TOMAS";"GOBIERNO REGIONAL";"I-1";"00006836";"SANTA ROSA DE SANTO TOMAS";"NE_0001";"";"NE_0001";"NE_0001";"NE_0001";"NE_0001";"NE_0001";"NE_0001";"NE_0001"
"2023";"12";"060606";"CAJAMARCA";"CUTERVO";"PIMPINGOS";"GOBIERNO REGIONAL";"I-3";"00005012";"PIMPINCOS";"NE_0001";"";"NE_0001";"NE_0001";"NE_0001";"NE_0001";"NE_0001";"NE_0001";"NE_0001"
"2023";"12";"060606";"CAJAMARCA";"CUTERVO";"PIMPINGOS";"GOBIERNO REGIONAL";"I-1";"00006867";"LIBERTAD LIMON";"NE_0001";"";"NE_0001";"NE_0001";"NE_0001";"NE_0001";"NE_0001";"NE_0001";"NE_0001"
"2023";"12";"060613";"CAJAMARCA";"CUTERVO";"SANTO TOMAS";"GOBIERNO REGIONAL";"I-1";"00005024";"LANCHEPATA";"NE_0001";"";"NE_0001";"NE_0001";"NE_0001";"NE_0001";"NE_0001";"NE_0001";"NE_0001"
"2023";"12";"060613";"CAJAMARCA";"CUTERVO";"SANTO TOMAS";"GOBIERNO REGIONAL";"I-1";"00005025";"SAN LUIS";"NE_0001";"";"NE_0001";"NE_0001";"NE_0001";"NE_0001";"NE_0001";"NE_0001";"NE_0001"
"2023";"12";"150140";"LIMA";"LIMA";"SANTIAGO DE SURCO";"PRIVADO";"II-E";"00020674";"SAN MARTIN PLASTICA & ESTETICA";"NE_0002";"";"NE_0002";"NE_0002";"NE_0002";"NE_0002";"NE_0002";"NE_0002";"NE_0002"
"2023";"12";"022001";"ANCASH";"YUNGAY";"YUNGAY";"GOBIERNO REGIONAL";"II-1";"00001633";"HOSPITAL DE APOYO YUNGAY";"241800";"HOSPITALIZACIÓN DE MEDICINA MEDICINA GENERAL ";"17";"17";"69";"67";"9";"279";"0"
"2023";"12";"022001";"ANCASH";"YUNGAY";"YUNGAY";"GOBIERNO REGIONAL";"II-1";"00001633";"HOSPITAL DE APOYO YUNGAY";"240100";"HOSPITALIZACIÓN QUIRÚRGICA CIRUGÍA GENERAL ";"6";"6";"30";"24";"6";"186";"0"
"2023";"12";"022001";"ANCASH";"YUNGAY";"YUNGAY";"GOBIERNO REGIONAL";"II-1";"00001633";"HOSPITAL DE APOYO YUNGAY";"242500";"HOSPITALIZACIÓN-PEDIATRÍA GENERAL-";"3";"2";"9";"11";"4";"124";"0"
"2023";"12";"022001";"ANCASH";"YUNGAY";"YUNGAY";"GOBIERNO REGIONAL";"II-1";"00001633";"HOSPITAL DE APOYO YUNGAY";"241600";"HOSPITALIZACIÓN QUIRÚRGICA OBSTETRICIA   ";"41";"39";"67";"72";"6";"186";"0"
"2023";"12";"022001";"ANCASH";"YUNGAY";"YUNGAY";"GOBIERNO REGIONAL";"II-1";"00001633";"HOSPITAL DE APOYO YUNGAY";"241500";"HOSPITALIZACIÓN QUIRÚRGICA GINECOLOGÍA  ";"1";"1";"3";"3";"3";"93";"0"
"2023";"12";"150101";"LIMA";"LIMA";"LIMA";"PRIVADO";"I-2";"00018921";"ARIE";"NE_0002";"";"NE_0002";"NE_0002";"NE_0002";"NE_0002";"NE_0002";"NE_0002";"NE_0002"
"2023";"12";"021809";"ANCASH";"SANTA";"NUEVO CHIMBOTE";"GOBIERNO REGIONAL";"II-2";"00001703";"ELEAZAR GUZMAN BARRON";"241800";"HOSPITALIZACIÓN DE MEDICINA MEDICINA GENERAL ";"77";"72";"738";"620";"23";"713";"15"
"2023";"12";"021809";"ANCASH";"SANTA";"NUEVO CHIMBOTE";"GOBIERNO REGIONAL";"II-2";"00001703";"ELEAZAR GUZMAN BARRON";"245700";"HOSPITALIZACIÓN QUIRÚRGICA CARDIOLOGIA ";"1";"1";"3";"3";"1";"31";"0"
"2023";"12";"021809";"ANCASH";"SANTA";"NUEVO CHIMBOTE";"GOBIERNO REGIONAL";"II-2";"00001703";"ELEAZAR GUZMAN BARRON";"244300";"HOSPITALIZACIÓN DE MEDICINA GASTROENTEROLOGÍA  ";"1";"1";"6";"6";"1";"31";"0"
"2023";"12";"021809";"ANCASH";"SANTA";"NUEVO CHIMBOTE";"GOBIERNO REGIONAL";"II-2";"00001703";"ELEAZAR GUZMAN BARRON";"245500";"HOSPITALIZACIÓN DE MEDICINA REUMATOLOGÍA    ";"5";"6";"6";"5";"1";"31";"0"
"2023";"12";"021809";"ANCASH";"SANTA";"NUEVO CHIMBOTE";"GOBIERNO REGIONAL";"II-2";"00001703";"ELEAZAR GUZMAN BARRON";"245300";"HOSPITALIZACIÓN DE MEDICINA NEUMOLOGÍA  ";"2";"6";"98";"88";"3";"93";"0"
"2023";"12";"021809";"ANCASH";"SANTA";"NUEVO CHIMBOTE";"GOBIERNO REGIONAL";"II-2";"00001703";"ELEAZAR GUZMAN BARRON";"242200";"HOSPITALIZACIÓN DE MEDICINA PSIQUIATRÍA ";"6";"7";"112";"143";"10";"310";"0"
"2023";"12";"021809";"ANCASH";"SANTA";"NUEVO CHIMBOTE";"GOBIERNO REGIONAL";"II-2";"00001703";"ELEAZAR GUZMAN BARRON";"240100";"HOSPITALIZACIÓN QUIRÚRGICA CIRUGÍA GENERAL ";"72";"76";"241";"327";"11";"341";"0"
"2023";"12";"021809";"ANCASH";"SANTA";"NUEVO CHIMBOTE";"GOBIERNO REGIONAL";"II-2";"00001703";"ELEAZAR GUZMAN BARRON";"241200";"HOSPITALIZACIÓN QUIRÚRGICA TRAUMATOLOGÍA Y ORTOPEDIA ";"34";"33";"510";"362";"12";"372";"0"
"2023";"12";"021809";"ANCASH";"SANTA";"NUEVO CHIMBOTE";"GOBIERNO REGIONAL";"II-2";"00001703";"ELEAZAR GUZMAN BARRON";"241300";"HOSPITALIZACIÓN QUIRÚRGICA UROLOGÍA  ";"7";"10";"41";"62";"4";"124";"0"
"2023";"12";"021809";"ANCASH";"SANTA";"NUEVO CHIMBOTE";"GOBIERNO REGIONAL";"II-2";"00001703";"ELEAZAR GUZMAN BARRON";"242100";"HOSPITALIZACIÓN DE MEDICINA ONCOLOGÍA MÉDICA ";"5";"7";"38";"28";"3";"93";"0"
"2023";"12";"021809";"ANCASH";"SANTA";"NUEVO CHIMBOTE";"GOBIERNO REGIONAL";"II-2";"00001703";"ELEAZAR GUZMAN BARRON";"240900";"HOSPITALIZACIÓN QUIRÚRGICA NEUROCIRUGÍA ";"6";"9";"140";"120";"5";"155";"0"
"2023";"12";"021809";"ANCASH";"SANTA";"NUEVO CHIMBOTE";"GOBIERNO REGIONAL";"II-2";"00001703";"ELEAZAR GUZMAN BARRON";"240801";"HOSPITALIZACIÓN QUIRÚRGICA CIRUGÍA PLÁSTICA/RECONSTRUCTIVA/ REPARADORA QUEMADOS";"3";"3";"24";"24";"1";"31";"0"
"2023";"12";"021809";"ANCASH";"SANTA";"NUEVO CHIMBOTE";"GOBIERNO REGIONAL";"II-2";"00001703";"ELEAZAR GUZMAN BARRON";"242300";"HOSPITALIZACIÓN DE PEDIATRÍA  PEDIATRÍA  GENERAL ";"130";"137";"669";"696";"26";"806";"1"
"2023";"12";"021809";"ANCASH";"SANTA";"NUEVO CHIMBOTE";"GOBIERNO REGIONAL";"II-2";"00001703";"ELEAZAR GUZMAN BARRON";"241600";"HOSPITALIZACIÓN QUIRÚRGICA OBSTETRICIA   ";"238";"248";"550";"453";"16";"496";"0"
"2023";"12";"021809";"ANCASH";"SANTA";"NUEVO CHIMBOTE";"GOBIERNO REGIONAL";"II-2";"00001703";"ELEAZAR GUZMAN BARRON";"241500";"HOSPITALIZACIÓN QUIRÚRGICA GINECOLOGÍA  ";"35";"36";"96";"84";"6";"186";"0"
"2023";"12";"021809";"ANCASH";"SANTA";"NUEVO CHIMBOTE";"GOBIERNO REGIONAL";"II-2";"00001703";"ELEAZAR GUZMAN BARRON";"250100";"UNIDAD DE CUIDADOS CRITICOS UNIDAD  DE CUIDADOS INTENSIVOS GENERALES (UCI) ";"13";"6";"116";"355";"16";"496";"6"
"2023";"12";"021101";"ANCASH";"HUARMEY";"HUARMEY";"ESSALUD";"I-3";"00009059";"CENTRO MEDICO HUARMEY";"NE_0001";"";"NE_0001";"NE_0001";"NE_0001";"NE_0001";"NE_0001";"NE_0001";"NE_0001"
"2023";"12";"040104";"AREQUIPA";"AREQUIPA";"CERRO COLORADO";"MUNICIPALIDAD PROVINCIAL";"0";"00021551";"HOSPITAL MUNICIPAL DE AREQUIPA";"NE_0001";"";"NE_0001";"NE_0001";"NE_0001";"NE_0001";"NE_0001";"NE_0001";"NE_0001"
"2023";"12";"160101";"LORETO";"MAYNAS";"IQUITOS";"SANIDAD DE LA FUERZA AEREA DEL PERU";"I-4";"00010605";"HOSPITAL REGIONAL DEL ORIENTE - FAP";"241800";"HOSPITALIZACIÓN DE MEDICINA MEDICINA GENERAL ";"1";"1";"1";"1";"20";"310";"0"
"2023";"11";"130905";"LA LIBERTAD";"SANCHEZ CARRION";"MARCABAL";"GOBIERNO REGIONAL";"I-2";"00013794";"LLUCHUBAMBA";"NE_0001";"";"NE_0001";"NE_0001";"NE_0001";"NE_0001";"NE_0001";"NE_0001";"NE_0001"
"2023";"11";"081102";"CUSCO";"PAUCARTAMBO";"CAICAY";"GOBIERNO REGIONAL";"I-1";"00002512";"CAICAY";"NE_0002";"";"NE_0002";"NE_0002";"NE_0002";"NE_0002";"NE_0002";"NE_0002";"NE_0002"
"2023";"11";"081104";"CUSCO";"PAUCARTAMBO";"COLQUEPATA";"GOBIERNO REGIONAL";"I-1";"00006979";"TOCRA";"NE_0002";"";"NE_0002";"NE_0002";"NE_0002";"NE_0002";"NE_0002";"NE_0002";"NE_0002"
"2023";"11";"081106";"CUSCO";"PAUCARTAMBO";"KOSÑIPATA";"GOBIERNO REGIONAL";"I-3";"00002521";"PILCOPATA";"NE_0002";"";"NE_0002";"NE_0002";"NE_0002";"NE_0002";"NE_0002";"NE_0002";"NE_0002"
"2023";"11";"081104";"CUSCO";"PAUCARTAMBO";"COLQUEPATA";"GOBIERNO REGIONAL";"I-2";"00002518";"VIZCOCHONI";"NE_0002";"";"NE_0002";"NE_0002";"NE_0002";"NE_0002";"NE_0002";"NE_0002";"NE_0002"
"2023";"11";"081104";"CUSCO";"PAUCARTAMBO";"COLQUEPATA";"GOBIERNO REGIONAL";"I-2";"00002516";"COLQUEPATA";"NE_0002";"";"NE_0002";"NE_0002";"NE_0002";"NE_0002";"NE_0002";"NE_0002";"NE_0002"
"2023";"11";"081104";"CUSCO";"PAUCARTAMBO";"COLQUEPATA";"GOBIERNO REGIONAL";"I-1";"00002519";"AYRE";"NE_0002";"";"NE_0002";"NE_0002";"NE_0002";"NE_0002";"NE_0002";"NE_0002";"NE_0002"
"2023";"11";"081102";"CUSCO";"PAUCARTAMBO";"CAICAY";"GOBIERNO REGIONAL";"I-1";"00002513";"HUASAC";"NE_0002";"";"NE_0002";"NE_0002";"NE_0002";"NE_0002";"NE_0002";"NE_0002";"NE_0002"
"2023";"11";"060612";"CAJAMARCA";"CUTERVO";"SANTO DOMINGO DE LA CAPILLA";"GOBIERNO REGIONAL";"I-1";"00006960";"PAN DE AZUCAR";"NE_0001";"";"NE_0001";"NE_0001";"NE_0001";"NE_0001";"NE_0001";"NE_0001";"NE_0001"
"2023";"11";"060602";"CAJAMARCA";"CUTERVO";"CALLAYUC";"GOBIERNO REGIONAL";"I-1";"00004963";"SANTA CLARA";"NE_0001";"";"NE_0001";"NE_0001";"NE_0001";"NE_0001";"NE_0001";"NE_0001";"NE_0001"
"2023";"11";"211101";"PUNO";"SAN ROMAN";"JULIACA";"ESSALUD";"II-2";"00009899";"HOSPITAL BASE III JULIACA - ESSALUD - RED ASISTENCIAL JULIACA";"241900";"HOSPITALIZACIÓN DE MEDICINA MEDICINA INTERNA ";"57";"44";"240";"240";"8";"240";"2"
"2023";"11";"211101";"PUNO";"SAN ROMAN";"JULIACA";"ESSALUD";"II-2";"00009899";"HOSPITAL BASE III JULIACA - ESSALUD - RED ASISTENCIAL JULIACA";"244000";"HOSPITALIZACIÓN DE MEDICINA CARDIOLOGIA ";"2";"4";"39";"39";"2";"60";"0"
"2023";"11";"211101";"PUNO";"SAN ROMAN";"JULIACA";"ESSALUD";"II-2";"00009899";"HOSPITAL BASE III JULIACA - ESSALUD - RED ASISTENCIAL JULIACA";"244300";"HOSPITALIZACIÓN DE MEDICINA GASTROENTEROLOGÍA  ";"25";"25";"118";"118";"4";"120";"0"
"2023";"11";"211101";"PUNO";"SAN ROMAN";"JULIACA";"ESSALUD";"II-2";"00009899";"HOSPITAL BASE III JULIACA - ESSALUD - RED ASISTENCIAL JULIACA";"244700";"HOSPITALIZACIÓN DE MEDICINA NEUROLOGIA  ";"1";"7";"35";"35";"2";"60";"0"
"2023";"11";"211101";"PUNO";"SAN ROMAN";"JULIACA";"ESSALUD";"II-2";"00009899";"HOSPITAL BASE III JULIACA - ESSALUD - RED ASISTENCIAL JULIACA";"245300";"HOSPITALIZACIÓN DE MEDICINA NEUMOLOGÍA  ";"3";"6";"73";"73";"8";"240";"0"
"2023";"11";"211101";"PUNO";"SAN ROMAN";"JULIACA";"ESSALUD";"II-2";"00009899";"HOSPITAL BASE III JULIACA - ESSALUD - RED ASISTENCIAL JULIACA";"244200";"HOSPITALIZACIÓN DE MEDICINA ENDOCRINOLOGIA ";"1";"1";"6";"6";"1";"30";"1"
"2023";"11";"211101";"PUNO";"SAN ROMAN";"JULIACA";"ESSALUD";"II-2";"00009899";"HOSPITAL BASE III JULIACA - ESSALUD - RED ASISTENCIAL JULIACA";"240100";"HOSPITALIZACIÓN QUIRÚRGICA CIRUGÍA GENERAL ";"111";"107";"300";"300";"10";"300";"0"
"2023";"11";"211101";"PUNO";"SAN ROMAN";"JULIACA";"ESSALUD";"II-2";"00009899";"HOSPITAL BASE III JULIACA - ESSALUD - RED ASISTENCIAL JULIACA";"240400";"HOSPITALIZACIÓN QUIRÚRGICA CIRUGÍA DE TÓRAX Y CARDIOVASCULAR ";"7";"6";"21";"21";"4";"120";"0"
"2023";"11";"211101";"PUNO";"SAN ROMAN";"JULIACA";"ESSALUD";"II-2";"00009899";"HOSPITAL BASE III JULIACA - ESSALUD - RED ASISTENCIAL JULIACA";"240900";"HOSPITALIZACIÓN QUIRÚRGICA NEUROCIRUGÍA ";"7";"4";"26";"26";"2";"60";"0"
"2023";"11";"211101";"PUNO";"SAN ROMAN";"JULIACA";"ESSALUD";"II-2";"00009899";"HOSPITAL BASE III JULIACA - ESSALUD - RED ASISTENCIAL JULIACA";"240600";"HOSPITALIZACIÓN QUIRÚRGICA CIRUGÍA OFTALMOLÓGICA ";"1";"1";"1";"1";"1";"30";"0"
"2023";"11";"211101";"PUNO";"SAN ROMAN";"JULIACA";"ESSALUD";"II-2";"00009899";"HOSPITAL BASE III JULIACA - ESSALUD - RED ASISTENCIAL JULIACA";"241200";"HOSPITALIZACIÓN QUIRÚRGICA TRAUMATOLOGÍA Y ORTOPEDIA ";"45";"37";"120";"120";"4";"120";"0"
"2023";"11";"211101";"PUNO";"SAN ROMAN";"JULIACA";"ESSALUD";"II-2";"00009899";"HOSPITAL BASE III JULIACA - ESSALUD - RED ASISTENCIAL JULIACA";"241100";"HOSPITALIZACIÓN QUIRÚRGICA OTORRINOLARINGOLOGÍA  ";"1";"3";"12";"12";"1";"30";"0"
"2023";"11";"211101";"PUNO";"SAN ROMAN";"JULIACA";"ESSALUD";"II-2";"00009899";"HOSPITAL BASE III JULIACA - ESSALUD - RED ASISTENCIAL JULIACA";"241300";"HOSPITALIZACIÓN QUIRÚRGICA UROLOGÍA  ";"16";"13";"88";"88";"3";"90";"0"
"2023";"11";"211101";"PUNO";"SAN ROMAN";"JULIACA";"ESSALUD";"II-2";"00009899";"HOSPITAL BASE III JULIACA - ESSALUD - RED ASISTENCIAL JULIACA";"241400";"HOSPITALIZACIÓN QUIRÚRGICA GINECO - OBSTETRICIA ";"159";"178";"488";"488";"18";"540";"0"
"2023";"11";"211101";"PUNO";"SAN ROMAN";"JULIACA";"ESSALUD";"II-2";"00009899";"HOSPITAL BASE III JULIACA - ESSALUD - RED ASISTENCIAL JULIACA";"242300";"HOSPITALIZACIÓN DE PEDIATRÍA  PEDIATRÍA  GENERAL ";"52";"53";"204";"204";"16";"480";"0"
"2023";"11";"211101";"PUNO";"SAN ROMAN";"JULIACA";"ESSALUD";"II-2";"00009899";"HOSPITAL BASE III JULIACA - ESSALUD - RED ASISTENCIAL JULIACA";"243200";"HOSPITALIZACIÓN DE PEDIATRÍA PEDIATRIA NEONATOLOGÍA";"84";"81";"194";"194";"9";"270";"0"
"2023";"11";"211101";"PUNO";"SAN ROMAN";"JULIACA";"ESSALUD";"II-2";"00009899";"HOSPITAL BASE III JULIACA - ESSALUD - RED ASISTENCIAL JULIACA";"250100";"UNIDAD DE CUIDADOS CRITICOS UNIDAD  DE CUIDADOS INTENSIVOS GENERALES (UCI) ";"6";"3";"30";"30";"3";"90";"2"
"2023";"11";"050104";"AYACUCHO";"HUAMANGA";"CARMEN ALTO";"GOBIERNO REGIONAL";"I-3";"00003562";"CENTRO DE SALUD VISTA ALEGRE";"NE_0001";"";"NE_0001";"NE_0001";"NE_0001";"NE_0001";"NE_0001";"NE_0001";"NE_0001"
"2023";"11";"130901";"LA LIBERTAD";"SANCHEZ CARRION";"HUAMACHUCO";"GOBIERNO REGIONAL";"II-1";"00005349";"HOSPITAL DE APOYO LEONCIO PRADO";"240100";"HOSPITALIZACIÓN QUIRÚRGICA CIRUGÍA GENERAL ";"22";"23";"62";"66";"5";"150";"0"
"2023";"11";"130901";"LA LIBERTAD";"SANCHEZ CARRION";"HUAMACHUCO";"GOBIERNO REGIONAL";"II-1";"00005349";"HOSPITAL DE APOYO LEONCIO PRADO";"241500";"HOSPITALIZACIÓN QUIRÚRGICA GINECOLOGÍA  ";"4";"4";"6";"8";"1";"30";"0"
"2023";"11";"130901";"LA LIBERTAD";"SANCHEZ CARRION";"HUAMACHUCO";"GOBIERNO REGIONAL";"II-1";"00005349";"HOSPITAL DE APOYO LEONCIO PRADO";"241600";"HOSPITALIZACIÓN QUIRÚRGICA OBSTETRICIA   ";"172";"186";"325";"326";"16";"480";"0"
"2023";"11";"130901";"LA LIBERTAD";"SANCHEZ CARRION";"HUAMACHUCO";"GOBIERNO REGIONAL";"II-1";"00005349";"HOSPITAL DE APOYO LEONCIO PRADO";"241800";"HOSPITALIZACIÓN DE MEDICINA MEDICINA GENERAL ";"34";"37";"156";"171";"6";"180";"0"
"2023";"11";"130901";"LA LIBERTAD";"SANCHEZ CARRION";"HUAMACHUCO";"GOBIERNO REGIONAL";"II-1";"00005349";"HOSPITAL DE APOYO LEONCIO PRADO";"242500";"HOSPITALIZACIÓN-PEDIATRÍA GENERAL-";"31";"35";"122";"94";"7";"210";"0"
"2023";"11";"220203";"SAN MARTIN";"BELLAVISTA";"BAJO BIAVO";"GOBIERNO REGIONAL";"I-1";"00006520";"NUEVO TARAPOTO";"NE_0002";"";"NE_0002";"NE_0002";"NE_0002";"NE_0002";"NE_0002";"NE_0002";"NE_0002"
"2023";"11";"220203";"SAN MARTIN";"BELLAVISTA";"BAJO BIAVO";"GOBIERNO REGIONAL";"I-1";"00006523";"SANTA ELENA";"NE_0002";"";"NE_0002";"NE_0002";"NE_0002";"NE_0002";"NE_0002";"NE_0002";"NE_0002"
"2023";"11";"220203";"SAN MARTIN";"BELLAVISTA";"BAJO BIAVO";"GOBIERNO REGIONAL";"I-4";"00006519";"NUEVO LIMA";"241600";"HOSPITALIZACIÓN QUIRÚRGICA OBSTETRICIA   ";"1";"1";"1";"1";"1";"30";"0"
"2023";"11";"220203";"SAN MARTIN";"BELLAVISTA";"BAJO BIAVO";"GOBIERNO REGIONAL";"I-1";"00006522";"LA UNION";"NE_0002";"";"NE_0002";"NE_0002";"NE_0002";"NE_0002";"NE_0002";"NE_0002";"NE_0002"
"2023";"11";"220203";"SAN MARTIN";"BELLAVISTA";"BAJO BIAVO";"GOBIERNO REGIONAL";"I-1";"00006521";"DOS UNIDOS";"NE_0002";"";"NE_0002";"NE_0002";"NE_0002";"NE_0002";"NE_0002";"NE_0002";"NE_0002"
"2023";"11";"220203";"SAN MARTIN";"BELLAVISTA";"BAJO BIAVO";"GOBIERNO REGIONAL";"I-1";"00011343";"YANAYACU";"NE_0002";"";"NE_0002";"NE_0002";"NE_0002";"NE_0002";"NE_0002";"NE_0002";"NE_0002"
"2023";"11";"150122";"LIMA";"LIMA";"MIRAFLORES";"ESSALUD";"I-3";"00009298";"POLICLINICO CENTRAL DE PREVENCION LARCO";"NE_0001";"";"NE_0001";"NE_0001";"NE_0001";"NE_0001";"NE_0001";"NE_0001";"NE_0001"
"2023";"11";"110507";"ICA";"PISCO";"SAN CLEMENTE";"ESSALUD";"I-3";"00027769";"CAP I SAN CLEMENTE";"NE_0001";"";"NE_0001";"NE_0001";"NE_0001";"NE_0001";"NE_0001";"NE_0001";"NE_0001"
"2023";"09";"030201";"APURIMAC";"ANDAHUAYLAS";"ANDAHUAYLAS";"PRIVADO";"II-E";"00014403";"CLINICA DEL NIÑO ANDAHUAYLAS";"NE_0001";"";"NE_0001";"NE_0001";"NE_0001";"NE_0001";"NE_0001";"NE_0001";"NE_0001"
"2023";"09";"030104";"APURIMAC";"ABANCAY";"CURAHUASI";"PRIVADO";"II-1";"00008108";"HOSPITAL  DIOSPI SUYANA";"240000";"HOSPITALIZACIÓN";"127";"144";"612";"677";"39";"1323";"1"
"2023";"10";"030104";"APURIMAC";"ABANCAY";"CURAHUASI";"PRIVADO";"II-1";"00008108";"HOSPITAL  DIOSPI SUYANA";"240000";"HOSPITALIZACIÓN";"142";"133";"760";"698";"39";"1426";"0"
"2023";"11";"030104";"APURIMAC";"ABANCAY";"CURAHUASI";"PRIVADO";"II-1";"00008108";"HOSPITAL  DIOSPI SUYANA";"240000";"HOSPITALIZACIÓN";"161";"149";"592";"679";"49";"1394";"1"
"2023";"12";"150140";"LIMA";"LIMA";"SANTIAGO DE SURCO";"ESSALUD";"I-3";"00008378";"POLICLINICO PROCERES";"NE_0001";"";"NE_0001";"NE_0001";"NE_0001";"NE_0001";"NE_0001";"NE_0001";"NE_0001"
"2023";"12";"150116";"LIMA";"LIMA";"LINCE";"PRIVADO";"II-E";"00015927";"CLINICA DE OJOS D´OPELUCE";"NE_0001";"";"NE_0001";"NE_0001";"NE_0001";"NE_0001";"NE_0001";"NE_0001";"NE_0001"
"2023";"09";"040804";"AREQUIPA";"LA UNION";"HUAYNACOTAS";"GOBIERNO REGIONAL";"I-2";"00007265";"PUESTO DE SALUD HUARCAYA";"NE_0001";"";"NE_0001";"NE_0001";"NE_0001";"NE_0001";"NE_0001";"NE_0001";"NE_0001"
"2023";"09";"040806";"AREQUIPA";"LA UNION";"PUYCA";"GOBIERNO REGIONAL";"I-2";"00001471";"PUESTO DE SALUD CHURCA";"NE_0001";"";"NE_0001";"NE_0001";"NE_0001";"NE_0001";"NE_0001";"NE_0001";"NE_0001"
"2023";"09";"040806";"AREQUIPA";"LA UNION";"PUYCA";"GOBIERNO REGIONAL";"I-2";"00001465";"PUESTO DE SALUD PUYCA";"NE_0001";"";"NE_0001";"NE_0001";"NE_0001";"NE_0001";"NE_0001";"NE_0001";"NE_0001"
"2023";"09";"040802";"AREQUIPA";"LA UNION";"ALCA";"MINSA";"I-3";"00001464";"CENTRO DE SALUD ALCA";"NE_0001";"";"NE_0001";"NE_0001";"NE_0001";"NE_0001";"NE_0001";"NE_0001";"NE_0001"
"2023";"09";"040804";"AREQUIPA";"LA UNION";"HUAYNACOTAS";"MINSA";"I-2";"00001463";"PUESTO DE SALUD HUAYNACOTAS";"NE_0001";"";"NE_0001";"NE_0001";"NE_0001";"NE_0001";"NE_0001";"NE_0001";"NE_0001"
"2023";"09";"040804";"AREQUIPA";"LA UNION";"HUAYNACOTAS";"GOBIERNO REGIONAL";"I-2";"00001461";"PUESTO DE SALUD TAURISMA";"NE_0001";"";"NE_0001";"NE_0001";"NE_0001";"NE_0001";"NE_0001";"NE_0001";"NE_0001"
"2023";"11";"200101";"PIURA";"PIURA";"PIURA";"PRIVADO";"II-E";"00012918";"OFTALMOLOGOS ASOCIADOS VER SAC";"NE_0001";"";"NE_0001";"NE_0001";"NE_0001";"NE_0001";"NE_0001";"NE_0001";"NE_0001"
"2023";"12";"150110";"LIMA";"LIMA";"COMAS";"PRIVADO";"II-E";"00030606";"VISANA CLINICA  ESPECIALIZADA OFTALMOLOGICA";"NE_0001";"";"NE_0001";"NE_0001";"NE_0001";"NE_0001";"NE_0001";"NE_0001";"NE_0001"
"2023";"12";"190303";"PASCO";"OXAPAMPA";"HUANCABAMBA";"GOBIERNO REGIONAL";"I-1";"00001077";"PAMPACHICA";"NE_0002";"";"NE_0002";"NE_0002";"NE_0002";"NE_0002";"NE_0002";"NE_0002";"NE_0002"
"2023";"12";"190303";"PASCO";"OXAPAMPA";"HUANCABAMBA";"GOBIERNO REGIONAL";"I-1";"00001079";"ANCAHUACHANAN";"NE_0002";"";"NE_0002";"NE_0002";"NE_0002";"NE_0002";"NE_0002";"NE_0002";"NE_0002"
"2023";"12";"150130";"LIMA";"LIMA";"SAN BORJA";"PRIVADO";"0";"00012366";"MISION MEDICA SAC";"NE_0001";"";"NE_0001";"NE_0001";"NE_0001";"NE_0001";"NE_0001";"NE_0001";"NE_0001"
"2023";"12";"220301";"SAN MARTIN";"EL DORADO";"SAN JOSE DE SISA";"GOBIERNO REGIONAL";"I-1";"00006487";"SANTA CRUZ";"NE_0001";"";"NE_0001";"NE_0001";"NE_0001";"NE_0001";"NE_0001";"NE_0001";"NE_0001"
"2023";"12";"220301";"SAN MARTIN";"EL DORADO";"SAN JOSE DE SISA";"GOBIERNO REGIONAL";"I-1";"00006489";"SAN JUAN DE MIRAFLORES";"NE_0001";"";"NE_0001";"NE_0001";"NE_0001";"NE_0001";"NE_0001";"NE_0001";"NE_0001"
"2023";"12";"220301";"SAN MARTIN";"EL DORADO";"SAN JOSE DE SISA";"GOBIERNO REGIONAL";"I-1";"00006486";"NAUTA";"NE_0001";"";"NE_0001";"NE_0001";"NE_0001";"NE_0001";"NE_0001";"NE_0001";"NE_0001"
"2023";"12";"081205";"CUSCO";"QUISPICANCHI";"CCATCA";"GOBIERNO REGIONAL";"I-1";"00008911";"HUARA HUARA";"NE_0001";"";"NE_0001";"NE_0001";"NE_0001";"NE_0001";"NE_0001";"NE_0001";"NE_0001"
"2023";"12";"081202";"CUSCO";"QUISPICANCHI";"ANDAHUAYLILLAS";"GOBIERNO REGIONAL";"I-2";"00002525";"ANDAHUAYLILLAS";"NE_0001";"";"NE_0001";"NE_0001";"NE_0001";"NE_0001";"NE_0001";"NE_0001";"NE_0001"
"2023";"12";"081212";"CUSCO";"QUISPICANCHI";"QUIQUIJANA";"GOBIERNO REGIONAL";"I-4";"00002538";"QUIQUIJANA";"NE_0001";"";"NE_0001";"NE_0001";"NE_0001";"NE_0001";"NE_0001";"NE_0001";"NE_0001"
"2023";"12";"081206";"CUSCO";"QUISPICANCHI";"CUSIPATA";"GOBIERNO REGIONAL";"I-1";"00006980";"CHILLIHUANI";"NE_0001";"";"NE_0001";"NE_0001";"NE_0001";"NE_0001";"NE_0001";"NE_0001";"NE_0001"
"2023";"12";"081207";"CUSCO";"QUISPICANCHI";"HUARO";"GOBIERNO REGIONAL";"I-1";"00002533";"URPAY";"NE_0001";"";"NE_0001";"NE_0001";"NE_0001";"NE_0001";"NE_0001";"NE_0001";"NE_0001"
"2023";"12";"081208";"CUSCO";"QUISPICANCHI";"LUCRE";"GOBIERNO REGIONAL";"I-2";"00002534";"LUCRE";"NE_0001";"";"NE_0001";"NE_0001";"NE_0001";"NE_0001";"NE_0001";"NE_0001";"NE_0001"
"2023";"12";"081212";"CUSCO";"QUISPICANCHI";"QUIQUIJANA";"GOBIERNO REGIONAL";"I-1";"00002539";"CCOLCA";"NE_0001";"";"NE_0001";"NE_0001";"NE_0001";"NE_0001";"NE_0001";"NE_0001";"NE_0001"
"2023";"12";"190306";"PASCO";"OXAPAMPA";"PUERTO BERMUDEZ";"GOBIERNO REGIONAL";"I-1";"00001169";"ALTO CHIVIS";"NE_0002";"";"NE_0002";"NE_0002";"NE_0002";"NE_0002";"NE_0002";"NE_0002";"NE_0002"
"2023";"12";"190306";"PASCO";"OXAPAMPA";"PUERTO BERMUDEZ";"GOBIERNO REGIONAL";"I-1";"00017813";"P.S. ACOLLA";"NE_0002";"";"NE_0002";"NE_0002";"NE_0002";"NE_0002";"NE_0002";"NE_0002";"NE_0002"
"2023";"12";"190306";"PASCO";"OXAPAMPA";"PUERTO BERMUDEZ";"GOBIERNO REGIONAL";"I-1";"00001157";"SANTA ISABEL DE NEGUACHI";"NE_0002";"";"NE_0002";"NE_0002";"NE_0002";"NE_0002";"NE_0002";"NE_0002";"NE_0002"
"2023";"12";"190306";"PASCO";"OXAPAMPA";"PUERTO BERMUDEZ";"GOBIERNO REGIONAL";"I-2";"00001159";"PUERTO AGUACHINI";"NE_0002";"";"NE_0002";"NE_0002";"NE_0002";"NE_0002";"NE_0002";"NE_0002";"NE_0002"
"2023";"12";"190306";"PASCO";"OXAPAMPA";"PUERTO BERMUDEZ";"GOBIERNO REGIONAL";"I-1";"00001167";"QUIRISHARI";"NE_0002";"";"NE_0002";"NE_0002";"NE_0002";"NE_0002";"NE_0002";"NE_0002";"NE_0002"
"2023";"12";"190306";"PASCO";"OXAPAMPA";"PUERTO BERMUDEZ";"GOBIERNO REGIONAL";"I-1";"00001174";"TUPAC AMARU";"NE_0002";"";"NE_0002";"NE_0002";"NE_0002";"NE_0002";"NE_0002";"NE_0002";"NE_0002"
"2023";"12";"190306";"PASCO";"OXAPAMPA";"PUERTO BERMUDEZ";"GOBIERNO REGIONAL";"I-1";"00001163";"SARGENTO LORENZ";"NE_0002";"";"NE_0002";"NE_0002";"NE_0002";"NE_0002";"NE_0002";"NE_0002";"NE_0002"
"2023";"12";"190306";"PASCO";"OXAPAMPA";"PUERTO BERMUDEZ";"GOBIERNO REGIONAL";"I-2";"00001164";"BOCA SAMAYA";"NE_0002";"";"NE_0002";"NE_0002";"NE_0002";"NE_0002";"NE_0002";"NE_0002";"NE_0002"
"2023";"12";"190306";"PASCO";"OXAPAMPA";"PUERTO BERMUDEZ";"GOBIERNO REGIONAL";"I-1";"00011573";"SAN JUAN DE DIOS";"NE_0002";"";"NE_0002";"NE_0002";"NE_0002";"NE_0002";"NE_0002";"NE_0002";"NE_0002"
"2023";"12";"190306";"PASCO";"OXAPAMPA";"PUERTO BERMUDEZ";"GOBIERNO REGIONAL";"I-2";"00001161";"SANTA ROSA DE CHIVIS";"NE_0002";"";"NE_0002";"NE_0002";"NE_0002";"NE_0002";"NE_0002";"NE_0002";"NE_0002"
"2023";"12";"190306";"PASCO";"OXAPAMPA";"PUERTO BERMUDEZ";"GOBIERNO REGIONAL";"I-2";"00001162";"SAN PABLO";"NE_0002";"";"NE_0002";"NE_0002";"NE_0002";"NE_0002";"NE_0002";"NE_0002";"NE_0002"
"2023";"12";"190306";"PASCO";"OXAPAMPA";"PUERTO BERMUDEZ";"GOBIERNO REGIONAL";"I-2";"00001165";"PUERTO YESUPE";"NE_0002";"";"NE_0002";"NE_0002";"NE_0002";"NE_0002";"NE_0002";"NE_0002";"NE_0002"
"2023";"12";"190306";"PASCO";"OXAPAMPA";"PUERTO BERMUDEZ";"GOBIERNO REGIONAL";"I-1";"00001170";"NUEVO NEVATI";"NE_0002";"";"NE_0002";"NE_0002";"NE_0002";"NE_0002";"NE_0002";"NE_0002";"NE_0002"
"2023";"12";"190306";"PASCO";"OXAPAMPA";"PUERTO BERMUDEZ";"GOBIERNO REGIONAL";"I-1";"00001172";"REDENCION NEVATI";"NE_0002";"";"NE_0002";"NE_0002";"NE_0002";"NE_0002";"NE_0002";"NE_0002";"NE_0002"
"2023";"12";"061201";"CAJAMARCA";"SAN PABLO";"SAN PABLO";"ESSALUD";"I-1";"00010271";"POSTA MEDICA ESSALUD SAN PABLO";"NE_0001";"";"NE_0001";"NE_0001";"NE_0001";"NE_0001";"NE_0001";"NE_0001";"NE_0001"
"2023";"12";"150122";"LIMA";"LIMA";"MIRAFLORES";"PRIVADO";"II-E";"00024924";"CLÍNICA CORPORACIÓN DE CIRUJANOS PLÁSTICOS";"NE_0002";"";"NE_0002";"NE_0002";"NE_0002";"NE_0002";"NE_0002";"NE_0002";"NE_0002"
"2023";"12";"150133";"LIMA";"LIMA";"SAN JUAN DE MIRAFLORES";"PRIVADO";"II-2";"00018985";"CLINICA SANTA MARTHA DEL SUR";"240000";"HOSPITALIZACIÓN";"204";"218";"657";"1745";"82";"2542";"0"
"2023";"12";"150133";"LIMA";"LIMA";"SAN JUAN DE MIRAFLORES";"PRIVADO";"II-2";"00018985";"CLINICA SANTA MARTHA DEL SUR";"250100";"UNIDAD DE CUIDADOS CRITICOS UNIDAD  DE CUIDADOS INTENSIVOS GENERALES (UCI) ";"16";"17";"55";"62";"8";"248";"0"
"2023";"12";"190304";"PASCO";"OXAPAMPA";"PALCAZU";"GOBIERNO REGIONAL";"I-2";"00001139";"VILLA AMERICA";"NE_0002";"";"NE_0002";"NE_0002";"NE_0002";"NE_0002";"NE_0002";"NE_0002";"NE_0002"
"2023";"12";"190304";"PASCO";"OXAPAMPA";"PALCAZU";"GOBIERNO REGIONAL";"I-1";"00001138";"TSOPIS";"NE_0002";"";"NE_0002";"NE_0002";"NE_0002";"NE_0002";"NE_0002";"NE_0002";"NE_0002"
"2023";"12";"190304";"PASCO";"OXAPAMPA";"PALCAZU";"GOBIERNO REGIONAL";"I-1";"00001151";"RIO NEGRO";"NE_0002";"";"NE_0002";"NE_0002";"NE_0002";"NE_0002";"NE_0002";"NE_0002";"NE_0002"
"2023";"12";"190304";"PASCO";"OXAPAMPA";"PALCAZU";"GOBIERNO REGIONAL";"I-1";"00017801";"P.S. AGUARUNA";"NE_0002";"";"NE_0002";"NE_0002";"NE_0002";"NE_0002";"NE_0002";"NE_0002";"NE_0002"
"2023";"12";"190304";"PASCO";"OXAPAMPA";"PALCAZU";"GOBIERNO REGIONAL";"I-2";"00001096";"SAN CRISTOBAL";"NE_0002";"";"NE_0002";"NE_0002";"NE_0002";"NE_0002";"NE_0002";"NE_0002";"NE_0002"
"2023";"12";"190304";"PASCO";"OXAPAMPA";"PALCAZU";"GOBIERNO REGIONAL";"I-1";"00001145";"SHIRINGAMAZU BAJO";"NE_0002";"";"NE_0002";"NE_0002";"NE_0002";"NE_0002";"NE_0002";"NE_0002";"NE_0002"
"2023";"12";"190304";"PASCO";"OXAPAMPA";"PALCAZU";"GOBIERNO REGIONAL";"I-1";"00001146";"SANTA  ROSA DE CHUCHURRAS";"NE_0002";"";"NE_0002";"NE_0002";"NE_0002";"NE_0002";"NE_0002";"NE_0002";"NE_0002"
"2023";"12";"190304";"PASCO";"OXAPAMPA";"PALCAZU";"GOBIERNO REGIONAL";"I-2";"00001144";"SHIRINGAMAZU ALTO";"NE_0002";"";"NE_0002";"NE_0002";"NE_0002";"NE_0002";"NE_0002";"NE_0002";"NE_0002"
"2023";"12";"190304";"PASCO";"OXAPAMPA";"PALCAZU";"GOBIERNO REGIONAL";"I-1";"00001154";"PUERTO BELEN";"NE_0002";"";"NE_0002";"NE_0002";"NE_0002";"NE_0002";"NE_0002";"NE_0002";"NE_0002"
"2023";"12";"190304";"PASCO";"OXAPAMPA";"PALCAZU";"GOBIERNO REGIONAL";"I-1";"00018775";"SANTA ROSA DE PALCAZU";"NE_0002";"";"NE_0002";"NE_0002";"NE_0002";"NE_0002";"NE_0002";"NE_0002";"NE_0002"
"2023";"12";"150101";"LIMA";"LIMA";"LIMA";"OTRO";"III-2";"00027929";"INSTITUTO DE MEDICINA LEGAL DEL PERÚ";"NE_0001";"";"NE_0001";"NE_0001";"NE_0001";"NE_0001";"NE_0001";"NE_0001";"NE_0001"
"2023";"12";"040413";"AREQUIPA";"CASTILLA";"URACA";"GOBIERNO REGIONAL";"I-2";"00001392";"PUESTO DE SALUD ESCALERILLAS";"NE_0001";"";"NE_0001";"NE_0001";"NE_0001";"NE_0001";"NE_0001";"NE_0001";"NE_0001"
"2023";"12";"040413";"AREQUIPA";"CASTILLA";"URACA";"GOBIERNO REGIONAL";"I-2";"00001390";"PUESTO DE SALUD TORAN";"NE_0001";"";"NE_0001";"NE_0001";"NE_0001";"NE_0001";"NE_0001";"NE_0001";"NE_0001"
"2023";"12";"040413";"AREQUIPA";"CASTILLA";"URACA";"GOBIERNO REGIONAL";"I-3";"00001383";"CENTRO DE SALUD CORIRE";"NE_0001";"";"NE_0001";"NE_0001";"NE_0001";"NE_0001";"NE_0001";"NE_0001";"NE_0001"
"2023";"12";"040413";"AREQUIPA";"CASTILLA";"URACA";"GOBIERNO REGIONAL";"I-2";"00001391";"PUESTO DE SALUD EL PEDREGAL";"NE_0001";"";"NE_0001";"NE_0001";"NE_0001";"NE_0001";"NE_0001";"NE_0001";"NE_0001"
"2023";"12";"250301";"UCAYALI";"PADRE ABAD";"PADRE ABAD";"ESSALUD";"I-2";"00031880";"POSTA DE SALUD AGUAYTIA";"NE_0001";"";"NE_0001";"NE_0001";"NE_0001";"NE_0001";"NE_0001";"NE_0001";"NE_0001"
"2023";"12";"250105";"UCAYALI";"CORONEL PORTILLO";"YARINACOCHA";"ESSALUD";"I-3";"00032194";"CENTRO  DE SALUD ALAMEDAS - ESSALUD";"NE_0001";"";"NE_0001";"NE_0001";"NE_0001";"NE_0001";"NE_0001";"NE_0001";"NE_0001"
"2023";"12";"080105";"CUSCO";"CUSCO";"SAN SEBASTIAN";"GOBIERNO REGIONAL";"I-2";"00026181";"MENTAL SAN SEBASTIAN";"NE_0001";"";"NE_0001";"NE_0001";"NE_0001";"NE_0001";"NE_0001";"NE_0001";"NE_0001"
"2023";"12";"250201";"UCAYALI";"ATALAYA";"RAIMONDI";"ESSALUD";"I-3";"00031879";"CENTRO MEDICO DE  ATALAYA - ESSALUD";"NE_0001";"";"NE_0001";"NE_0001";"NE_0001";"NE_0001";"NE_0001";"NE_0001";"NE_0001"
"2023";"12";"090103";"HUANCAVELICA";"HUANCAVELICA";"ACORIA";"GOBIERNO REGIONAL";"I-1";"00003867";"CHAYNAPAMPA";"NE_0001";"";"NE_0001";"NE_0001";"NE_0001";"NE_0001";"NE_0001";"NE_0001";"NE_0001"
"2023";"12";"090103";"HUANCAVELICA";"HUANCAVELICA";"ACORIA";"GOBIERNO REGIONAL";"I-1";"00003872";"CCARHUARANRA";"NE_0001";"";"NE_0001";"NE_0001";"NE_0001";"NE_0001";"NE_0001";"NE_0001";"NE_0001"
"2023";"12";"090103";"HUANCAVELICA";"HUANCAVELICA";"ACORIA";"GOBIERNO REGIONAL";"I-1";"00003871";"CONCHAN";"NE_0001";"";"NE_0001";"NE_0001";"NE_0001";"NE_0001";"NE_0001";"NE_0001";"NE_0001"
"2023";"12";"090103";"HUANCAVELICA";"HUANCAVELICA";"ACORIA";"GOBIERNO REGIONAL";"I-1";"00007341";"LLAHUECC";"NE_0001";"";"NE_0001";"NE_0001";"NE_0001";"NE_0001";"NE_0001";"NE_0001";"NE_0001"
"2023";"12";"090103";"HUANCAVELICA";"HUANCAVELICA";"ACORIA";"GOBIERNO REGIONAL";"I-2";"00003868";"MOTOY";"NE_0001";"";"NE_0001";"NE_0001";"NE_0001";"NE_0001";"NE_0001";"NE_0001";"NE_0001"
"2023";"12";"090103";"HUANCAVELICA";"HUANCAVELICA";"ACORIA";"GOBIERNO REGIONAL";"I-1";"00003870";"LIRIO";"NE_0001";"";"NE_0001";"NE_0001";"NE_0001";"NE_0001";"NE_0001";"NE_0001";"NE_0001"
"2023";"12";"090103";"HUANCAVELICA";"HUANCAVELICA";"ACORIA";"GOBIERNO REGIONAL";"I-1";"00016016";"SILVA";"NE_0001";"";"NE_0001";"NE_0001";"NE_0001";"NE_0001";"NE_0001";"NE_0001";"NE_0001"
"2023";"12";"090103";"HUANCAVELICA";"HUANCAVELICA";"ACORIA";"GOBIERNO REGIONAL";"I-1";"00003866";"ANTAYMISA";"NE_0001";"";"NE_0001";"NE_0001";"NE_0001";"NE_0001";"NE_0001";"NE_0001";"NE_0001"
"2023";"12";"090103";"HUANCAVELICA";"HUANCAVELICA";"ACORIA";"GOBIERNO REGIONAL";"I-1";"00003867";"CHAYNAPAMPA";"NE_0001";"";"NE_0001";"NE_0001";"NE_0001";"NE_0001";"NE_0001";"NE_0001";"NE_0001"
"2023";"12";"090103";"HUANCAVELICA";"HUANCAVELICA";"ACORIA";"GOBIERNO REGIONAL";"I-1";"00003872";"CCARHUARANRA";"NE_0001";"";"NE_0001";"NE_0001";"NE_0001";"NE_0001";"NE_0001";"NE_0001";"NE_0001"
"2023";"12";"211101";"PUNO";"SAN ROMAN";"JULIACA";"GOBIERNO REGIONAL";"II-2";"00003299";"CARLOS MONJE MEDRANO";"240100";"HOSPITALIZACIÓN QUIRÚRGICA CIRUGÍA GENERAL ";"58";"73";"451";"73";"27";"837";"1"
"2023";"12";"211101";"PUNO";"SAN ROMAN";"JULIACA";"GOBIERNO REGIONAL";"II-2";"00003299";"CARLOS MONJE MEDRANO";"244300";"HOSPITALIZACIÓN DE MEDICINA GASTROENTEROLOGÍA  ";"19";"23";"104";"23";"6";"186";"0"
"2023";"12";"211101";"PUNO";"SAN ROMAN";"JULIACA";"GOBIERNO REGIONAL";"II-2";"00003299";"CARLOS MONJE MEDRANO";"241500";"HOSPITALIZACIÓN QUIRÚRGICA GINECOLOGÍA  ";"63";"74";"220";"74";"6";"186";"0"
"2023";"12";"211101";"PUNO";"SAN ROMAN";"JULIACA";"GOBIERNO REGIONAL";"II-2";"00003299";"CARLOS MONJE MEDRANO";"241800";"HOSPITALIZACIÓN DE MEDICINA MEDICINA GENERAL ";"66";"83";"563";"83";"9";"279";"12"
"2023";"12";"211101";"PUNO";"SAN ROMAN";"JULIACA";"GOBIERNO REGIONAL";"II-2";"00003299";"CARLOS MONJE MEDRANO";"243200";"HOSPITALIZACIÓN DE PEDIATRÍA PEDIATRIA NEONATOLOGÍA";"13";"16";"116";"16";"39";"1209";"1"
"2023";"12";"211101";"PUNO";"SAN ROMAN";"JULIACA";"GOBIERNO REGIONAL";"II-2";"00003299";"CARLOS MONJE MEDRANO";"245300";"HOSPITALIZACIÓN DE MEDICINA NEUMOLOGÍA  ";"8";"10";"81";"10";"6";"186";"1"
"2023";"12";"211101";"PUNO";"SAN ROMAN";"JULIACA";"GOBIERNO REGIONAL";"II-2";"00003299";"CARLOS MONJE MEDRANO";"240900";"HOSPITALIZACIÓN QUIRÚRGICA NEUROCIRUGÍA ";"17";"22";"180";"22";"12";"372";"0"
"2023";"12";"211101";"PUNO";"SAN ROMAN";"JULIACA";"GOBIERNO REGIONAL";"II-2";"00003299";"CARLOS MONJE MEDRANO";"241600";"HOSPITALIZACIÓN QUIRÚRGICA OBSTETRICIA   ";"217";"239";"750";"239";"27";"837";"0"
"2023";"12";"211101";"PUNO";"SAN ROMAN";"JULIACA";"GOBIERNO REGIONAL";"II-2";"00003299";"CARLOS MONJE MEDRANO";"242500";"HOSPITALIZACIÓN-PEDIATRÍA GENERAL-";"68";"77";"397";"77";"29";"899";"0"
"2023";"12";"211101";"PUNO";"SAN ROMAN";"JULIACA";"GOBIERNO REGIONAL";"II-2";"00003299";"CARLOS MONJE MEDRANO";"242200";"HOSPITALIZACIÓN DE MEDICINA PSIQUIATRÍA ";"1";"8";"167";"8";"3";"93";"0"
"2023";"12";"211101";"PUNO";"SAN ROMAN";"JULIACA";"GOBIERNO REGIONAL";"II-2";"00003299";"CARLOS MONJE MEDRANO";"241200";"HOSPITALIZACIÓN QUIRÚRGICA TRAUMATOLOGÍA Y ORTOPEDIA ";"36";"43";"283";"43";"12";"372";"0"
"2023";"12";"211101";"PUNO";"SAN ROMAN";"JULIACA";"GOBIERNO REGIONAL";"II-2";"00003299";"CARLOS MONJE MEDRANO";"250100";"UNIDAD DE CUIDADOS CRITICOS UNIDAD  DE CUIDADOS INTENSIVOS GENERALES (UCI) ";"1";"2";"22";"2";"6";"186";"0"
"2023";"12";"211101";"PUNO";"SAN ROMAN";"JULIACA";"GOBIERNO REGIONAL";"II-2";"00003299";"CARLOS MONJE MEDRANO";"250105";"UNIDAD DE CUIDADOS CRITICOS UNIDAD  DE CUIDADOS INTENSIVOS  (UCI) NEONATOLOGÍA";"23";"29";"284";"29";"6";"186";"7"
"2023";"12";"211101";"PUNO";"SAN ROMAN";"JULIACA";"GOBIERNO REGIONAL";"II-2";"00003299";"CARLOS MONJE MEDRANO";"250108";"UNIDAD DE CUIDADOS CRITICOS UNIDAD  DE CUIDADOS INTENSIVOS  (UCI) PEDIÁTRICA";"2";"5";"38";"5";"6";"186";"0"
"2023";"12";"211101";"PUNO";"SAN ROMAN";"JULIACA";"GOBIERNO REGIONAL";"II-2";"00003299";"CARLOS MONJE MEDRANO";"250200";"UNIDAD DE CUIDADOS CRITICOS UNIDAD DE CUIDADOS INTERMEDIOS GENERAL  (UCIN) ";"4";"4";"47";"4";"6";"186";"0"
"2023";"12";"211101";"PUNO";"SAN ROMAN";"JULIACA";"GOBIERNO REGIONAL";"II-2";"00003299";"CARLOS MONJE MEDRANO";"241300";"HOSPITALIZACIÓN QUIRÚRGICA UROLOGÍA  ";"9";"10";"65";"10";"3";"93";"0"
"2023";"12";"130102";"LA LIBERTAD";"TRUJILLO";"EL PORVENIR";"GOBIERNO REGIONAL";"II-1";"00005209";"HOSPITAL DISTRITAL DE EL PORVENIR SANTA ISABEL";"241800";"HOSPITALIZACIÓN DE MEDICINA MEDICINA GENERAL ";"22";"28";"106";"106";"6";"186";"0"
"2023";"12";"130102";"LA LIBERTAD";"TRUJILLO";"EL PORVENIR";"GOBIERNO REGIONAL";"II-1";"00005209";"HOSPITAL DISTRITAL DE EL PORVENIR SANTA ISABEL";"243200";"HOSPITALIZACIÓN DE PEDIATRÍA PEDIATRIA NEONATOLOGÍA";"7";"8";"36";"36";"8";"248";"0"
"2023";"12";"130102";"LA LIBERTAD";"TRUJILLO";"EL PORVENIR";"GOBIERNO REGIONAL";"II-1";"00005209";"HOSPITAL DISTRITAL DE EL PORVENIR SANTA ISABEL";"242300";"HOSPITALIZACIÓN DE PEDIATRÍA  PEDIATRÍA  GENERAL ";"14";"14";"40";"40";"3";"93";"0"
"2023";"12";"130102";"LA LIBERTAD";"TRUJILLO";"EL PORVENIR";"GOBIERNO REGIONAL";"II-1";"00005209";"HOSPITAL DISTRITAL DE EL PORVENIR SANTA ISABEL";"241400";"HOSPITALIZACIÓN QUIRÚRGICA GINECO - OBSTETRICIA ";"42";"38";"61";"61";"10";"310";"0"
"2023";"12";"130102";"LA LIBERTAD";"TRUJILLO";"EL PORVENIR";"GOBIERNO REGIONAL";"II-1";"00005209";"HOSPITAL DISTRITAL DE EL PORVENIR SANTA ISABEL";"241500";"HOSPITALIZACIÓN QUIRÚRGICA GINECOLOGÍA  ";"18";"20";"62";"62";"3";"93";"0"
"2023";"12";"080502";"CUSCO";"CANAS";"CHECCA";"GOBIERNO REGIONAL";"I-2";"00002366";"CHECCA";"NE_0001";"";"NE_0001";"NE_0001";"NE_0001";"NE_0001";"NE_0001";"NE_0001";"NE_0001"
"2023";"11";"160101";"LORETO";"MAYNAS";"IQUITOS";"SANIDAD DEL EJERCITO DEL PERU";"I-4";"00020543";"IPRESS I-4 MILITAR DIVISIONARIO ""SANTA ROSA"" IQUITOS";"241800";"HOSPITALIZACIÓN DE MEDICINA MEDICINA GENERAL ";"10";"5";"103";"5";"15";"620";"0"
"2023";"11";"110201";"ICA";"CHINCHA";"CHINCHA ALTA";"PRIVADO";"II-1";"00017493";"CLINICA GAXAY";"240000";"HOSPITALIZACIÓN";"38";"37";"41";"38";"7";"210";"0"
"2023";"12";"100101";"HUANUCO";"HUANUCO";"HUANUCO";"PRIVADO";"II-E";"00011592";"CLINICA HUANUCO E-I-R-LTDA.";"241400";"HOSPITALIZACIÓN QUIRÚRGICA GINECO - OBSTETRICIA ";"8";"8";"13";"13";"2";"47";"0"
"2023";"12";"100101";"HUANUCO";"HUANUCO";"HUANUCO";"PRIVADO";"II-E";"00011592";"CLINICA HUANUCO E-I-R-LTDA.";"241200";"HOSPITALIZACIÓN QUIRÚRGICA TRAUMATOLOGÍA Y ORTOPEDIA ";"18";"18";"45";"45";"3";"46";"0"
"2023";"12";"100101";"HUANUCO";"HUANUCO";"HUANUCO";"PRIVADO";"II-E";"00011592";"CLINICA HUANUCO E-I-R-LTDA.";"240100";"HOSPITALIZACIÓN QUIRÚRGICA CIRUGÍA GENERAL ";"22";"22";"57";"57";"4";"63";"0"
"2023";"12";"100101";"HUANUCO";"HUANUCO";"HUANUCO";"PRIVADO";"II-E";"00011592";"CLINICA HUANUCO E-I-R-LTDA.";"241300";"HOSPITALIZACIÓN QUIRÚRGICA UROLOGÍA  ";"8";"8";"28";"28";"2";"32";"0"
"2023";"12";"100101";"HUANUCO";"HUANUCO";"HUANUCO";"PRIVADO";"II-E";"00011592";"CLINICA HUANUCO E-I-R-LTDA.";"241900";"HOSPITALIZACIÓN DE MEDICINA MEDICINA INTERNA ";"12";"12";"25";"25";"2";"35";"0"
"2023";"12";"100101";"HUANUCO";"HUANUCO";"HUANUCO";"PRIVADO";"II-E";"00011592";"CLINICA HUANUCO E-I-R-LTDA.";"240900";"HOSPITALIZACIÓN QUIRÚRGICA NEUROCIRUGÍA ";"4";"4";"13";"13";"1";"17";"0"
"2023";"12";"100101";"HUANUCO";"HUANUCO";"HUANUCO";"PRIVADO";"II-E";"00011592";"CLINICA HUANUCO E-I-R-LTDA.";"240700";"HOSPITALIZACIÓN QUIRÚRGICA CIRUGÍA PEDIÁTRICA ";"1";"1";"3";"3";"1";"27";"0"
"2023";"12";"110101";"ICA";"ICA";"ICA";"ESSALUD";"II-1";"00013912";"FELIX TORREALVA GUTIERREZ";"241900";"HOSPITALIZACIÓN DE MEDICINA MEDICINA INTERNA ";"256";"266";"1161";"1279";"48";"1488";"11"
"2023";"12";"110101";"ICA";"ICA";"ICA";"ESSALUD";"II-1";"00013912";"FELIX TORREALVA GUTIERREZ";"241900";"HOSPITALIZACIÓN DE MEDICINA MEDICINA INTERNA ";"11";"8";"29";"110";"6";"186";"3"
"2023";"12";"110101";"ICA";"ICA";"ICA";"ESSALUD";"II-1";"00013912";"FELIX TORREALVA GUTIERREZ";"240100";"HOSPITALIZACIÓN QUIRÚRGICA CIRUGÍA GENERAL ";"81";"124";"361";"362";"12";"372";"0"
"2023";"12";"110101";"ICA";"ICA";"ICA";"ESSALUD";"II-1";"00013912";"FELIX TORREALVA GUTIERREZ";"241500";"HOSPITALIZACIÓN QUIRÚRGICA GINECOLOGÍA  ";"31";"30";"85";"110";"4";"124";"0"
"2023";"12";"110101";"ICA";"ICA";"ICA";"ESSALUD";"II-1";"00013912";"FELIX TORREALVA GUTIERREZ";"241500";"HOSPITALIZACIÓN QUIRÚRGICA GINECOLOGÍA  ";"144";"155";"310";"372";"12";"372";"0"
"2023";"12";"110201";"ICA";"CHINCHA";"CHINCHA ALTA";"ESSALUD";"II-1";"00013910";"RENE TOCHE GROPPO";"241800";"HOSPITALIZACIÓN DE MEDICINA MEDICINA GENERAL ";"86";"100";"518";"428";"15";"465";"10"
"2023";"12";"110201";"ICA";"CHINCHA";"CHINCHA ALTA";"ESSALUD";"II-1";"00013910";"RENE TOCHE GROPPO";"240100";"HOSPITALIZACIÓN QUIRÚRGICA CIRUGÍA GENERAL ";"110";"118";"532";"452";"16";"496";"0"
"2023";"12";"110201";"ICA";"CHINCHA";"CHINCHA ALTA";"ESSALUD";"II-1";"00013910";"RENE TOCHE GROPPO";"241500";"HOSPITALIZACIÓN QUIRÚRGICA GINECOLOGÍA  ";"18";"21";"92";"81";"3";"93";"0"
"2023";"12";"110201";"ICA";"CHINCHA";"CHINCHA ALTA";"ESSALUD";"II-1";"00013910";"RENE TOCHE GROPPO";"241600";"HOSPITALIZACIÓN QUIRÚRGICA OBSTETRICIA   ";"115";"120";"285";"255";"20";"620";"0"
"2023";"12";"110201";"ICA";"CHINCHA";"CHINCHA ALTA";"ESSALUD";"II-1";"00013910";"RENE TOCHE GROPPO";"242300";"HOSPITALIZACIÓN DE PEDIATRÍA  PEDIATRÍA  GENERAL ";"38";"45";"143";"124";"8";"248";"0"
"2023";"12";"110201";"ICA";"CHINCHA";"CHINCHA ALTA";"ESSALUD";"II-1";"00013910";"RENE TOCHE GROPPO";"243200";"HOSPITALIZACIÓN DE PEDIATRÍA PEDIATRIA NEONATOLOGÍA";"74";"76";"120";"142";"12";"372";"0"
"2023";"12";"110201";"ICA";"CHINCHA";"CHINCHA ALTA";"ESSALUD";"II-1";"00013910";"RENE TOCHE GROPPO";"250304";"HOSPIT. EN UNIDAD DE CUID.INTEN.-UNIDAD DE VIGILANCIA INTENSIVA (UVI)-MEDICINA";"27";"15";"23";"57";"4";"124";"8"
"2023";"12";"110201";"ICA";"CHINCHA";"CHINCHA ALTA";"ESSALUD";"II-1";"00013910";"RENE TOCHE GROPPO";"242204";"HOSPITALIZACIÓN DE MEDICINA PSIQUIATRÍA REHABILITACIÓN PSIQUIÁTRICA / REINSERCIÓN ";"0";"0";"0";"186";"8";"248";"0"
"2023";"12";"130703";"LA LIBERTAD";"PACASMAYO";"JEQUETEPEQUE";"ESSALUD";"I-2";"00009646";"POSTA DE SALUD JEQUETEPEQUE";"NE_0001";"";"NE_0001";"NE_0001";"NE_0001";"NE_0001";"NE_0001";"NE_0001";"NE_0001"
"2023";"12";"180301";"MOQUEGUA";"ILO";"ILO";"GOBIERNO REGIONAL";"II-1";"00002818";"HOSPITAL ILO";"240100";"HOSPITALIZACIÓN QUIRÚRGICA CIRUGÍA GENERAL ";"12";"12";"24";"103";"8";"248";"0"
"2023";"12";"180301";"MOQUEGUA";"ILO";"ILO";"GOBIERNO REGIONAL";"II-1";"00002818";"HOSPITAL ILO";"241200";"HOSPITALIZACIÓN QUIRÚRGICA TRAUMATOLOGÍA Y ORTOPEDIA ";"1";"1";"3";"18";"1";"31";"0"
"2023";"12";"180301";"MOQUEGUA";"ILO";"ILO";"GOBIERNO REGIONAL";"II-1";"00002818";"HOSPITAL ILO";"241800";"HOSPITALIZACIÓN DE MEDICINA MEDICINA GENERAL ";"13";"13";"49";"91";"30";"930";"0"
"2023";"12";"180301";"MOQUEGUA";"ILO";"ILO";"GOBIERNO REGIONAL";"II-1";"00002818";"HOSPITAL ILO";"242500";"HOSPITALIZACIÓN-PEDIATRÍA GENERAL-";"26";"26";"103";"76";"4";"124";"0"
"2023";"12";"180301";"MOQUEGUA";"ILO";"ILO";"GOBIERNO REGIONAL";"II-1";"00002818";"HOSPITAL ILO";"241500";"HOSPITALIZACIÓN QUIRÚRGICA GINECOLOGÍA  ";"6";"6";"14";"77";"3";"93";"0"
"2023";"12";"180301";"MOQUEGUA";"ILO";"ILO";"GOBIERNO REGIONAL";"II-1";"00002818";"HOSPITAL ILO";"243200";"HOSPITALIZACIÓN DE PEDIATRÍA PEDIATRIA NEONATOLOGÍA";"12";"12";"25";"22";"3";"93";"0"
"2023";"12";"180301";"MOQUEGUA";"ILO";"ILO";"GOBIERNO REGIONAL";"II-1";"00002818";"HOSPITAL ILO";"241400";"HOSPITALIZACIÓN QUIRÚRGICA GINECO - OBSTETRICIA ";"24";"24";"69";"106";"7";"217";"0"
"2023";"12";"180301";"MOQUEGUA";"ILO";"ILO";"GOBIERNO REGIONAL";"II-1";"00002818";"HOSPITAL ILO";"241600";"HOSPITALIZACIÓN QUIRÚRGICA OBSTETRICIA   ";"63";"63";"135";"145";"10";"310";"0"
"2023";"12";"150122";"LIMA";"LIMA";"MIRAFLORES";"PRIVADO";"III-1";"00019049";"AUNA CLÍNICA DELGADO";"240000";"HOSPITALIZACIÓN";"547";"756";"3168";"2868";"127";"3937";"10"
"2023";"12";"150122";"LIMA";"LIMA";"MIRAFLORES";"PRIVADO";"III-1";"00019049";"AUNA CLÍNICA DELGADO";"250100";"UNIDAD DE CUIDADOS CRITICOS UNIDAD  DE CUIDADOS INTENSIVOS GENERALES (UCI) ";"19";"7";"23";"221";"15";"465";"1"
"2023";"12";"150122";"LIMA";"LIMA";"MIRAFLORES";"PRIVADO";"III-1";"00019049";"AUNA CLÍNICA DELGADO";"250105";"UNIDAD DE CUIDADOS CRITICOS UNIDAD  DE CUIDADOS INTENSIVOS  (UCI) NEONATOLOGÍA";"8";"10";"101";"59";"10";"310";"0"
"2023";"12";"150122";"LIMA";"LIMA";"MIRAFLORES";"PRIVADO";"III-1";"00019049";"AUNA CLÍNICA DELGADO";"250108";"UNIDAD DE CUIDADOS CRITICOS UNIDAD  DE CUIDADOS INTENSIVOS  (UCI) PEDIÁTRICA";"2";"1";"1";"10";"3";"93";"0"
"2023";"12";"220101";"SAN MARTIN";"MOYOBAMBA";"MOYOBAMBA";"GOBIERNO REGIONAL";"II-1";"00006733";"HOSPITAL II-1 MOYOBAMBA - DR. SEGUNDO RODOLFO PÉREZ NIETO";"240100";"HOSPITALIZACIÓN QUIRÚRGICA CIRUGÍA GENERAL ";"72";"81";"278";"278";"14";"434";"0"
"2023";"12";"220101";"SAN MARTIN";"MOYOBAMBA";"MOYOBAMBA";"GOBIERNO REGIONAL";"II-1";"00006733";"HOSPITAL II-1 MOYOBAMBA - DR. SEGUNDO RODOLFO PÉREZ NIETO";"240600";"HOSPITALIZACIÓN QUIRÚRGICA CIRUGÍA OFTALMOLÓGICA ";"18";"18";"19";"19";"2";"62";"0"
"2023";"12";"220101";"SAN MARTIN";"MOYOBAMBA";"MOYOBAMBA";"GOBIERNO REGIONAL";"II-1";"00006733";"HOSPITAL II-1 MOYOBAMBA - DR. SEGUNDO RODOLFO PÉREZ NIETO";"240700";"HOSPITALIZACIÓN QUIRÚRGICA CIRUGÍA PEDIÁTRICA ";"15";"15";"36";"36";"2";"62";"0"
"2023";"12";"220101";"SAN MARTIN";"MOYOBAMBA";"MOYOBAMBA";"GOBIERNO REGIONAL";"II-1";"00006733";"HOSPITAL II-1 MOYOBAMBA - DR. SEGUNDO RODOLFO PÉREZ NIETO";"240900";"HOSPITALIZACIÓN QUIRÚRGICA NEUROCIRUGÍA ";"3";"4";"16";"16";"2";"62";"0"
"2023";"12";"220101";"SAN MARTIN";"MOYOBAMBA";"MOYOBAMBA";"GOBIERNO REGIONAL";"II-1";"00006733";"HOSPITAL II-1 MOYOBAMBA - DR. SEGUNDO RODOLFO PÉREZ NIETO";"241100";"HOSPITALIZACIÓN QUIRÚRGICA OTORRINOLARINGOLOGÍA  ";"23";"25";"52";"52";"2";"62";"0"
"2023";"12";"220101";"SAN MARTIN";"MOYOBAMBA";"MOYOBAMBA";"GOBIERNO REGIONAL";"II-1";"00006733";"HOSPITAL II-1 MOYOBAMBA - DR. SEGUNDO RODOLFO PÉREZ NIETO";"241200";"HOSPITALIZACIÓN QUIRÚRGICA TRAUMATOLOGÍA Y ORTOPEDIA ";"33";"37";"142";"142";"8";"248";"0"
"2023";"12";"220101";"SAN MARTIN";"MOYOBAMBA";"MOYOBAMBA";"GOBIERNO REGIONAL";"II-1";"00006733";"HOSPITAL II-1 MOYOBAMBA - DR. SEGUNDO RODOLFO PÉREZ NIETO";"241500";"HOSPITALIZACIÓN QUIRÚRGICA GINECOLOGÍA  ";"34";"37";"111";"111";"10";"310";"1"
"2023";"12";"220101";"SAN MARTIN";"MOYOBAMBA";"MOYOBAMBA";"GOBIERNO REGIONAL";"II-1";"00006733";"HOSPITAL II-1 MOYOBAMBA - DR. SEGUNDO RODOLFO PÉREZ NIETO";"241600";"HOSPITALIZACIÓN QUIRÚRGICA OBSTETRICIA   ";"155";"164";"411";"411";"18";"558";"0"
"2023";"12";"220101";"SAN MARTIN";"MOYOBAMBA";"MOYOBAMBA";"GOBIERNO REGIONAL";"II-1";"00006733";"HOSPITAL II-1 MOYOBAMBA - DR. SEGUNDO RODOLFO PÉREZ NIETO";"241900";"HOSPITALIZACIÓN DE MEDICINA MEDICINA INTERNA ";"64";"80";"433";"433";"80";"682";"7"
"2023";"12";"220101";"SAN MARTIN";"MOYOBAMBA";"MOYOBAMBA";"GOBIERNO REGIONAL";"II-1";"00006733";"HOSPITAL II-1 MOYOBAMBA - DR. SEGUNDO RODOLFO PÉREZ NIETO";"242500";"HOSPITALIZACIÓN-PEDIATRÍA GENERAL-";"46";"54";"229";"229";"10";"310";"0"
"2023";"12";"220101";"SAN MARTIN";"MOYOBAMBA";"MOYOBAMBA";"GOBIERNO REGIONAL";"II-1";"00006733";"HOSPITAL II-1 MOYOBAMBA - DR. SEGUNDO RODOLFO PÉREZ NIETO";"243200";"HOSPITALIZACIÓN DE PEDIATRÍA PEDIATRIA NEONATOLOGÍA";"42";"45";"160";"160";"10";"310";"0"
"2023";"12";"220101";"SAN MARTIN";"MOYOBAMBA";"MOYOBAMBA";"GOBIERNO REGIONAL";"II-1";"00006733";"HOSPITAL II-1 MOYOBAMBA - DR. SEGUNDO RODOLFO PÉREZ NIETO";"250102";"UNIDAD DE CUIDADOS CRITICOS UNIDAD  DE CUIDADOS INTENSIVOS GENERALES (UCI) GINECO-OBSTETRICIA";"1";"1";"4";"31";"1";"31";"0"
"2023";"12";"220101";"SAN MARTIN";"MOYOBAMBA";"MOYOBAMBA";"GOBIERNO REGIONAL";"II-1";"00006733";"HOSPITAL II-1 MOYOBAMBA - DR. SEGUNDO RODOLFO PÉREZ NIETO";"250103";"UNIDAD DE CUIDADOS CRITICOS UNIDAD  DE CUIDADOS INTENSIVOS GENERALES  (UCI) MEDICINA";"5";"6";"67";"67";"3";"93";"1"
"2023";"12";"220101";"SAN MARTIN";"MOYOBAMBA";"MOYOBAMBA";"GOBIERNO REGIONAL";"II-1";"00006733";"HOSPITAL II-1 MOYOBAMBA - DR. SEGUNDO RODOLFO PÉREZ NIETO";"250105";"UNIDAD DE CUIDADOS CRITICOS UNIDAD  DE CUIDADOS INTENSIVOS  (UCI) NEONATOLOGÍA";"5";"11";"207";"207";"8";"248";"0"
"2023";"12";"220101";"SAN MARTIN";"MOYOBAMBA";"MOYOBAMBA";"GOBIERNO REGIONAL";"II-1";"00006733";"HOSPITAL II-1 MOYOBAMBA - DR. SEGUNDO RODOLFO PÉREZ NIETO";"250108";"UNIDAD DE CUIDADOS CRITICOS UNIDAD  DE CUIDADOS INTENSIVOS  (UCI) PEDIÁTRICA";"2";"3";"26";"26";"2";"62";"0"
"2023";"12";"060804";"CAJAMARCA";"JAEN";"COLASAY";"GOBIERNO REGIONAL";"I-3";"00004236";"COLASAY";"NE_0001";"";"NE_0001";"NE_0001";"NE_0001";"NE_0001";"NE_0001";"NE_0001";"NE_0001"
"2023";"12";"060804";"CAJAMARCA";"JAEN";"COLASAY";"GOBIERNO REGIONAL";"I-2";"00007017";"AHUYACA";"NE_0001";"";"NE_0001";"NE_0001";"NE_0001";"NE_0001";"NE_0001";"NE_0001";"NE_0001"
"2023";"12";"060804";"CAJAMARCA";"JAEN";"COLASAY";"GOBIERNO REGIONAL";"I-1";"00004239";"CEDRO PASTO";"NE_0001";"";"NE_0001";"NE_0001";"NE_0001";"NE_0001";"NE_0001";"NE_0001";"NE_0001"
"2023";"12";"220203";"SAN MARTIN";"BELLAVISTA";"BAJO BIAVO";"GOBIERNO REGIONAL";"I-1";"00006520";"NUEVO TARAPOTO";"NE_0002";"";"NE_0002";"NE_0002";"NE_0002";"NE_0002";"NE_0002";"NE_0002";"NE_0002"
"2023";"12";"220203";"SAN MARTIN";"BELLAVISTA";"BAJO BIAVO";"GOBIERNO REGIONAL";"I-1";"00006523";"SANTA ELENA";"NE_0002";"";"NE_0002";"NE_0002";"NE_0002";"NE_0002";"NE_0002";"NE_0002";"NE_0002"
"2023";"12";"220203";"SAN MARTIN";"BELLAVISTA";"BAJO BIAVO";"GOBIERNO REGIONAL";"I-4";"00006519";"NUEVO LIMA";"241600";"HOSPITALIZACIÓN QUIRÚRGICA OBSTETRICIA   ";"6";"6";"6";"6";"6";"93";"0"
"2023";"12";"220203";"SAN MARTIN";"BELLAVISTA";"BAJO BIAVO";"GOBIERNO REGIONAL";"I-1";"00006522";"LA UNION";"NE_0002";"";"NE_0002";"NE_0002";"NE_0002";"NE_0002";"NE_0002";"NE_0002";"NE_0002"
"2023";"12";"220203";"SAN MARTIN";"BELLAVISTA";"BAJO BIAVO";"GOBIERNO REGIONAL";"I-1";"00006521";"DOS UNIDOS";"NE_0002";"";"NE_0002";"NE_0002";"NE_0002";"NE_0002";"NE_0002";"NE_0002";"NE_0002"
"2023";"12";"220203";"SAN MARTIN";"BELLAVISTA";"BAJO BIAVO";"GOBIERNO REGIONAL";"I-1";"00011343";"YANAYACU";"NE_0002";"";"NE_0002";"NE_0002";"NE_0002";"NE_0002";"NE_0002";"NE_0002";"NE_0002"
"2023";"12";"220901";"SAN MARTIN";"SAN MARTIN";"TARAPOTO";"GOBIERNO REGIONAL";"II-2";"00006918";"HOSPITAL TARAPOTO";"240100";"HOSPITALIZACIÓN QUIRÚRGICA CIRUGÍA GENERAL ";"232";"241";"1358";"1358";"44";"1364";"0"
"2023";"12";"220901";"SAN MARTIN";"SAN MARTIN";"TARAPOTO";"GOBIERNO REGIONAL";"II-2";"00006918";"HOSPITAL TARAPOTO";"241400";"HOSPITALIZACIÓN QUIRÚRGICA GINECO - OBSTETRICIA ";"255";"268";"706";"706";"28";"868";"1"
"2023";"12";"220901";"SAN MARTIN";"SAN MARTIN";"TARAPOTO";"GOBIERNO REGIONAL";"II-2";"00006918";"HOSPITAL TARAPOTO";"241500";"HOSPITALIZACIÓN QUIRÚRGICA GINECOLOGÍA  ";"20";"24";"104";"104";"7";"217";"0"
"2023";"12";"220901";"SAN MARTIN";"SAN MARTIN";"TARAPOTO";"GOBIERNO REGIONAL";"II-2";"00006918";"HOSPITAL TARAPOTO";"241800";"HOSPITALIZACIÓN DE MEDICINA MEDICINA GENERAL ";"170";"179";"1775";"1775";"58";"1798";"6"
"2023";"12";"220901";"SAN MARTIN";"SAN MARTIN";"TARAPOTO";"GOBIERNO REGIONAL";"II-2";"00006918";"HOSPITAL TARAPOTO";"242500";"HOSPITALIZACIÓN-PEDIATRÍA GENERAL-";"52";"52";"320";"320";"15";"465";"0"
"2023";"12";"080106";"CUSCO";"CUSCO";"SANTIAGO";"OTRO";"II-E";"00012995";"SAN JUAN PABLO II";"242200";"HOSPITALIZACIÓN DE MEDICINA PSIQUIATRÍA ";"15";"3";"599";"16173";"40";"1240";"0"
"2023";"12";"040104";"AREQUIPA";"AREQUIPA";"CERRO COLORADO";"PRIVADO";"II-1";"00027214";"CLINICA SAN PABLO AREQUIPA";"240000";"HOSPITALIZACIÓN";"189";"192";"601";"751";"60";"1860";"0"
"2023";"12";"040104";"AREQUIPA";"AREQUIPA";"CERRO COLORADO";"PRIVADO";"II-1";"00027214";"CLINICA SAN PABLO AREQUIPA";"250400";"UNIDAD DE CUIDADOS CRITICOS UNIDAD DE QUEMADOS (GRAN QUEMADO) ";"1";"2";"9";"8";"2";"62";"0"
"2023";"12";"100109";"HUANUCO";"HUANUCO";"SANTA MARIA DEL VALLE";"GOBIERNO REGIONAL";"I-3";"00000772";"SAN SEBASTIAN DE QUERA";"NE_0001";"";"NE_0001";"NE_0001";"NE_0001";"NE_0001";"NE_0001";"NE_0001";"NE_0001"
"2023";"12";"100109";"HUANUCO";"HUANUCO";"SANTA MARIA DEL VALLE";"GOBIERNO REGIONAL";"I-2";"00000768";"TAMBO DE SAN JOSE";"NE_0001";"";"NE_0001";"NE_0001";"NE_0001";"NE_0001";"NE_0001";"NE_0001";"NE_0001"
"2023";"12";"100109";"HUANUCO";"HUANUCO";"SANTA MARIA DEL VALLE";"GOBIERNO REGIONAL";"I-2";"00000769";"POMACUCHO";"NE_0001";"";"NE_0001";"NE_0001";"NE_0001";"NE_0001";"NE_0001";"NE_0001";"NE_0001"
"2023";"12";"100109";"HUANUCO";"HUANUCO";"SANTA MARIA DEL VALLE";"GOBIERNO REGIONAL";"I-2";"00000770";"SANTIAGO DE LLACON";"NE_0001";"";"NE_0001";"NE_0001";"NE_0001";"NE_0001";"NE_0001";"NE_0001";"NE_0001"
"2023";"12";"100109";"HUANUCO";"HUANUCO";"SANTA MARIA DEL VALLE";"GOBIERNO REGIONAL";"I-2";"00000773";"SANTA ROSA DE SIRABAMBA";"NE_0001";"";"NE_0001";"NE_0001";"NE_0001";"NE_0001";"NE_0001";"NE_0001";"NE_0001"
"2023";"12";"100109";"HUANUCO";"HUANUCO";"SANTA MARIA DEL VALLE";"GOBIERNO REGIONAL";"I-2";"00007079";"SAN MIGUEL DE MITOQUERA";"NE_0001";"";"NE_0001";"NE_0001";"NE_0001";"NE_0001";"NE_0001";"NE_0001";"NE_0001"
"2023";"12";"100109";"HUANUCO";"HUANUCO";"SANTA MARIA DEL VALLE";"GOBIERNO REGIONAL";"I-1";"00013848";"INGENIO BAJO";"NE_0001";"";"NE_0001";"NE_0001";"NE_0001";"NE_0001";"NE_0001";"NE_0001";"NE_0001"
"2023";"12";"100109";"HUANUCO";"HUANUCO";"SANTA MARIA DEL VALLE";"GOBIERNO REGIONAL";"I-3";"00027635";"SANTA MARIA DEL VALLE";"NE_0001";"";"NE_0001";"NE_0001";"NE_0001";"NE_0001";"NE_0001";"NE_0001";"NE_0001"
"2023";"12";"100109";"HUANUCO";"HUANUCO";"SANTA MARIA DEL VALLE";"GOBIERNO REGIONAL";"I-2";"00000774";"SANTA CRUZ DE RATACOCHA";"NE_0001";"";"NE_0001";"NE_0001";"NE_0001";"NE_0001";"NE_0001";"NE_0001";"NE_0001"
"2023";"12";"100109";"HUANUCO";"HUANUCO";"SANTA MARIA DEL VALLE";"GOBIERNO REGIONAL";"I-2";"00000771";"PUESTO DE SALUD DE PACHABAMBA";"NE_0001";"";"NE_0001";"NE_0001";"NE_0001";"NE_0001";"NE_0001";"NE_0001";"NE_0001"
"2023";"12";"100109";"HUANUCO";"HUANUCO";"SANTA MARIA DEL VALLE";"GOBIERNO REGIONAL";"I-2";"00007044";"LLACSA";"NE_0001";"";"NE_0001";"NE_0001";"NE_0001";"NE_0001";"NE_0001";"NE_0001";"NE_0001"
"2023";"12";"100109";"HUANUCO";"HUANUCO";"SANTA MARIA DEL VALLE";"GOBIERNO REGIONAL";"I-1";"00027658";"SAN PEDRO DE CHOQUECANCHA";"NE_0001";"";"NE_0001";"NE_0001";"NE_0001";"NE_0001";"NE_0001";"NE_0001";"NE_0001"
"2023";"12";"220505";"SAN MARTIN";"LAMAS";"CUÑUMBUQUI";"GOBIERNO REGIONAL";"I-3";"00006396";"CUÑUMBUQUE";"241600";"HOSPITALIZACIÓN QUIRÚRGICA OBSTETRICIA   ";"4";"4";"4";"4";"2";"62";"0"
"2023";"12";"220505";"SAN MARTIN";"LAMAS";"CUÑUMBUQUI";"GOBIERNO REGIONAL";"I-1";"00006397";"SAN RAFAEL DEL RIO MAYO";"NE_0002";"";"NE_0002";"NE_0002";"NE_0002";"NE_0002";"NE_0002";"NE_0002";"NE_0002"
"2023";"12";"220511";"SAN MARTIN";"LAMAS";"ZAPATERO";"GOBIERNO REGIONAL";"I-1";"00006398";"SAN FERNANDO";"NE_0002";"";"NE_0002";"NE_0002";"NE_0002";"NE_0002";"NE_0002";"NE_0002";"NE_0002"
"2023";"12";"220511";"SAN MARTIN";"LAMAS";"ZAPATERO";"GOBIERNO REGIONAL";"I-1";"00006402";"UCHUMULLACA";"NE_0002";"";"NE_0002";"NE_0002";"NE_0002";"NE_0002";"NE_0002";"NE_0002";"NE_0002"
"2023";"12";"220511";"SAN MARTIN";"LAMAS";"ZAPATERO";"GOBIERNO REGIONAL";"I-1";"00006399";"ZAPATERO";"NE_0002";"";"NE_0002";"NE_0002";"NE_0002";"NE_0002";"NE_0002";"NE_0002";"NE_0002"
"2023";"12";"060810";"CAJAMARCA";"JAEN";"SAN FELIPE";"GOBIERNO REGIONAL";"I-2";"00004255";"PIQUIJACA";"NE_0001";"";"NE_0001";"NE_0001";"NE_0001";"NE_0001";"NE_0001";"NE_0001";"NE_0001"
"2023";"12";"060810";"CAJAMARCA";"JAEN";"SAN FELIPE";"GOBIERNO REGIONAL";"I-3";"00004254";"SAN FELIPE";"NE_0001";"";"NE_0001";"NE_0001";"NE_0001";"NE_0001";"NE_0001";"NE_0001";"NE_0001"
"2023";"12";"220805";"SAN MARTIN";"RIOJA";"PARDO MIGUEL";"GOBIERNO REGIONAL";"I-1";"00006309";"TUMBARO";"NE_0001";"";"NE_0001";"NE_0001";"NE_0001";"NE_0001";"NE_0001";"NE_0001";"NE_0001"
"2023";"12";"220805";"SAN MARTIN";"RIOJA";"PARDO MIGUEL";"GOBIERNO REGIONAL";"I-2";"00006304";"AGUAS CLARAS";"NE_0001";"";"NE_0001";"NE_0001";"NE_0001";"NE_0001";"NE_0001";"NE_0001";"NE_0001"
"2023";"12";"220805";"SAN MARTIN";"RIOJA";"PARDO MIGUEL";"GOBIERNO REGIONAL";"I-1";"00006308";"SAN AGUSTIN";"NE_0001";"";"NE_0001";"NE_0001";"NE_0001";"NE_0001";"NE_0001";"NE_0001";"NE_0001"
"2023";"12";"220805";"SAN MARTIN";"RIOJA";"PARDO MIGUEL";"GOBIERNO REGIONAL";"I-1";"00006310";"PERLA DEL MAYO";"NE_0001";"";"NE_0001";"NE_0001";"NE_0001";"NE_0001";"NE_0001";"NE_0001";"NE_0001"
"2023";"12";"220805";"SAN MARTIN";"RIOJA";"PARDO MIGUEL";"GOBIERNO REGIONAL";"I-1";"00006306";"EL MIRADOR";"NE_0001";"";"NE_0001";"NE_0001";"NE_0001";"NE_0001";"NE_0001";"NE_0001";"NE_0001"
"2023";"12";"220805";"SAN MARTIN";"RIOJA";"PARDO MIGUEL";"GOBIERNO REGIONAL";"I-4";"00006303";"CENTRO DE NARANJOS";"241600";"HOSPITALIZACIÓN QUIRÚRGICA OBSTETRICIA   ";"19";"20";"20";"38";"6";"142";"0"
"2023";"12";"220805";"SAN MARTIN";"RIOJA";"PARDO MIGUEL";"GOBIERNO REGIONAL";"I-4";"00006303";"CENTRO DE NARANJOS";"241800";"HOSPITALIZACIÓN DE MEDICINA MEDICINA GENERAL ";"15";"20";"35";"35";"3";"55";"0"
"2023";"12";"060401";"CAJAMARCA";"CHOTA";"CHOTA";"GOBIERNO REGIONAL";"II-1";"00004659";"HOSPITAL DE APOYO CHOTA - JOSE SOTO CADENILLAS";"240100";"HOSPITALIZACIÓN QUIRÚRGICA CIRUGÍA GENERAL ";"86";"99";"427";"429";"16";"496";"0"
"2023";"12";"060401";"CAJAMARCA";"CHOTA";"CHOTA";"GOBIERNO REGIONAL";"II-1";"00004659";"HOSPITAL DE APOYO CHOTA - JOSE SOTO CADENILLAS";"241400";"HOSPITALIZACIÓN QUIRÚRGICA GINECO - OBSTETRICIA ";"168";"186";"441";"407";"20";"620";"0"
"2023";"09";"250101";"UCAYALI";"CORONEL PORTILLO";"CALLERIA";"GOBIERNO REGIONAL";"I-3";"00030785";"CENTRO DE SALUD MENTAL COMUNITARIO UNIVERSITARIO MAYUSHIN";"NE_0001";"";"NE_0001";"NE_0001";"NE_0001";"NE_0001";"NE_0001";"NE_0001";"NE_0001"
"2023";"09";"250101";"UCAYALI";"CORONEL PORTILLO";"CALLERIA";"GOBIERNO REGIONAL";"I-3";"00028683";"CENTRO DE SALUD MENTAL COMUNITARIO BENA MANATI";"NE_0001";"";"NE_0001";"NE_0001";"NE_0001";"NE_0001";"NE_0001";"NE_0001";"NE_0001"
"2023";"09";"250105";"UCAYALI";"CORONEL PORTILLO";"YARINACOCHA";"GOBIERNO REGIONAL";"I-1";"00013264";"SANIDAD AEREA";"NE_0001";"";"NE_0001";"NE_0001";"NE_0001";"NE_0001";"NE_0001";"NE_0001";"NE_0001"
"2023";"09";"250101";"UCAYALI";"CORONEL PORTILLO";"CALLERIA";"GOBIERNO REGIONAL";"I-3";"00005569";"CLAS TUPAC AMARU";"NE_0001";"";"NE_0001";"NE_0001";"NE_0001";"NE_0001";"NE_0001";"NE_0001";"NE_0001"
"2023";"09";"250101";"UCAYALI";"CORONEL PORTILLO";"CALLERIA";"GOBIERNO REGIONAL";"I-2";"00005568";"DOS DE MAYO";"NE_0001";"";"NE_0001";"NE_0001";"NE_0001";"NE_0001";"NE_0001";"NE_0001";"NE_0001"
"2023";"09";"250101";"UCAYALI";"CORONEL PORTILLO";"CALLERIA";"GOBIERNO REGIONAL";"I-3";"00005567";"JOSE OLAYA";"NE_0001";"";"NE_0001";"NE_0001";"NE_0001";"NE_0001";"NE_0001";"NE_0001";"NE_0001"
"2023";"09";"250105";"UCAYALI";"CORONEL PORTILLO";"YARINACOCHA";"GOBIERNO REGIONAL";"I-3";"00005566";"HUSARES DEL PERU.";"NE_0001";"";"NE_0001";"NE_0001";"NE_0001";"NE_0001";"NE_0001";"NE_0001";"NE_0001"
"2023";"09";"250101";"UCAYALI";"CORONEL PORTILLO";"CALLERIA";"GOBIERNO REGIONAL";"I-3";"00005565";"NUEVO PARAISO";"NE_0001";"";"NE_0001";"NE_0001";"NE_0001";"NE_0001";"NE_0001";"NE_0001";"NE_0001"
"2023";"09";"250105";"UCAYALI";"CORONEL PORTILLO";"YARINACOCHA";"GOBIERNO REGIONAL";"I-2";"00005559";"SHIRAMBARI.";"NE_0001";"";"NE_0001";"NE_0001";"NE_0001";"NE_0001";"NE_0001";"NE_0001";"NE_0001"
"2023";"09";"250105";"UCAYALI";"CORONEL PORTILLO";"YARINACOCHA";"GOBIERNO REGIONAL";"I-1";"00005547";"SANTA TERESITA";"NE_0001";"";"NE_0001";"NE_0001";"NE_0001";"NE_0001";"NE_0001";"NE_0001";"NE_0001"
"2023";"09";"250105";"UCAYALI";"CORONEL PORTILLO";"YARINACOCHA";"GOBIERNO REGIONAL";"I-3";"00005539";"CENTRO AMERICA";"NE_0001";"";"NE_0001";"NE_0001";"NE_0001";"NE_0001";"NE_0001";"NE_0001";"NE_0001"
"2023";"09";"250101";"UCAYALI";"CORONEL PORTILLO";"CALLERIA";"GOBIERNO REGIONAL";"0";"00027157";"SISTEMA DE ATENCIÓN MÓVIL DE URGENCIAS (SAMU)";"NE_0001";"";"NE_0001";"NE_0001";"NE_0001";"NE_0001";"NE_0001";"NE_0001";"NE_0001"
"2023";"09";"250303";"UCAYALI";"PADRE ABAD";"CURIMANA";"GOBIERNO REGIONAL";"I-1";"00025049";"PUESTO DE SALUD MERIBA";"NE_0001";"";"NE_0001";"NE_0001";"NE_0001";"NE_0001";"NE_0001";"NE_0001";"NE_0001"
"2023";"09";"250105";"UCAYALI";"CORONEL PORTILLO";"YARINACOCHA";"GOBIERNO REGIONAL";"0";"00014314";"LABORATORIO DE REFERENCIA REGIONAL EN SALUD PUBLICA UCAYALI";"NE_0001";"";"NE_0001";"NE_0001";"NE_0001";"NE_0001";"NE_0001";"NE_0001";"NE_0001"
"2023";"09";"250105";"UCAYALI";"CORONEL PORTILLO";"YARINACOCHA";"GOBIERNO REGIONAL";"I-1";"00007237";"NUEVA UNION";"NE_0001";"";"NE_0001";"NE_0001";"NE_0001";"NE_0001";"NE_0001";"NE_0001";"NE_0001"
"2023";"09";"250303";"UCAYALI";"PADRE ABAD";"CURIMANA";"GOBIERNO REGIONAL";"I-1";"00006950";"PUEBLO LIBRE CURIMANA";"NE_0001";"";"NE_0001";"NE_0001";"NE_0001";"NE_0001";"NE_0001";"NE_0001";"NE_0001"
"2023";"09";"250303";"UCAYALI";"PADRE ABAD";"CURIMANA";"GOBIERNO REGIONAL";"I-1";"00006885";"SAN JUAN DE TAHUAPOA";"NE_0001";"";"NE_0001";"NE_0001";"NE_0001";"NE_0001";"NE_0001";"NE_0001";"NE_0001"
"2023";"09";"250105";"UCAYALI";"CORONEL PORTILLO";"YARINACOCHA";"GOBIERNO REGIONAL";"I-1";"00005549";"SANTA ROSA";"NE_0001";"";"NE_0001";"NE_0001";"NE_0001";"NE_0001";"NE_0001";"NE_0001";"NE_0001"
"2023";"09";"250105";"UCAYALI";"CORONEL PORTILLO";"YARINACOCHA";"GOBIERNO REGIONAL";"I-1";"00005548";"CASHIVOCOCHA";"NE_0001";"";"NE_0001";"NE_0001";"NE_0001";"NE_0001";"NE_0001";"NE_0001";"NE_0001"
"2023";"09";"250105";"UCAYALI";"CORONEL PORTILLO";"YARINACOCHA";"GOBIERNO REGIONAL";"I-1";"00005546";"MARISCAL SUCRE";"NE_0001";"";"NE_0001";"NE_0001";"NE_0001";"NE_0001";"NE_0001";"NE_0001";"NE_0001"
"2023";"09";"250105";"UCAYALI";"CORONEL PORTILLO";"YARINACOCHA";"GOBIERNO REGIONAL";"I-1";"00005545";"NUEVA ALEJANDRIA";"NE_0001";"";"NE_0001";"NE_0001";"NE_0001";"NE_0001";"NE_0001";"NE_0001";"NE_0001"
"2023";"11";"040101";"AREQUIPA";"AREQUIPA";"AREQUIPA";"PRIVADO";"I-3";"00015693";"CENTRO MEDICO ESPECIALIZADO EN OFTALMOLOGIA";"NE_0001";"";"NE_0001";"NE_0001";"NE_0001";"NE_0001";"NE_0001";"NE_0001";"NE_0001"
"2023";"12";"150118";"LIMA";"LIMA";"LURIGANCHO";"PRIVADO";"II-E";"00016951";"CLINICA MADRE ZORAIDA";"241500";"HOSPITALIZACIÓN QUIRÚRGICA GINECOLOGÍA  ";"12";"12";"33";"33";"6";"147";"0"
"2023";"12";"150118";"LIMA";"LIMA";"LURIGANCHO";"PRIVADO";"II-E";"00016951";"CLINICA MADRE ZORAIDA";"240100";"HOSPITALIZACIÓN QUIRÚRGICA CIRUGÍA GENERAL ";"2";"2";"6";"8";"6";"172";"0"
"2023";"12";"040123";"AREQUIPA";"AREQUIPA";"TIABAYA";"GOBIERNO REGIONAL";"I-3";"00001260";"CENTRO DE SALUD TIABAYA";"NE_0001";"";"NE_0001";"NE_0001";"NE_0001";"NE_0001";"NE_0001";"NE_0001";"NE_0001"
"2023";"12";"040124";"AREQUIPA";"AREQUIPA";"UCHUMAYO";"GOBIERNO REGIONAL";"I-2";"00001290";"PUESTO DE SALUD UCHUMAYO";"NE_0001";"";"NE_0001";"NE_0001";"NE_0001";"NE_0001";"NE_0001";"NE_0001";"NE_0001"
"2023";"12";"040124";"AREQUIPA";"AREQUIPA";"UCHUMAYO";"GOBIERNO REGIONAL";"I-3";"00001281";"CENTRO DE SALUD CONGATA";"NE_0001";"";"NE_0001";"NE_0001";"NE_0001";"NE_0001";"NE_0001";"NE_0001";"NE_0001"
"2023";"12";"040124";"AREQUIPA";"AREQUIPA";"UCHUMAYO";"GOBIERNO REGIONAL";"I-3";"00001280";"CENTRO DE SALUD CERRO VERDE";"NE_0001";"";"NE_0001";"NE_0001";"NE_0001";"NE_0001";"NE_0001";"NE_0001";"NE_0001"
"2023";"12";"150131";"LIMA";"LIMA";"SAN ISIDRO";"PRIVADO";"II-2";"00008398";"CLINICA EL GOLF";"240000";"HOSPITALIZACIÓN";"281";"293";"1182";"305";"54";"1674";"5"
"2023";"12";"150131";"LIMA";"LIMA";"SAN ISIDRO";"PRIVADO";"II-2";"00008398";"CLINICA EL GOLF";"250103";"UNIDAD DE CUIDADOS CRITICOS UNIDAD  DE CUIDADOS INTENSIVOS GENERALES  (UCI) MEDICINA";"9";"5";"98";"19";"6";"186";"0"
"2023";"12";"150117";"LIMA";"LIMA";"LOS OLIVOS";"PRIVADO";"II-E";"00026936";"CLINICA AVIVA SEDE LOS OLIVOS";"240000";"HOSPITALIZACIÓN";"308";"291";"620";"308";"22";"682";"3"
"2023";"12";"120114";"JUNIN";"HUANCAYO";"EL TAMBO";"PRIVADO";"II-E";"00027694";"CHENET CLINICA ESPECIALIZADA";"240100";"HOSPITALIZACIÓN QUIRÚRGICA CIRUGÍA GENERAL ";"42";"45";"166";"144";"10";"310";"1"
"2023";"12";"120701";"JUNIN";"TARMA";"TARMA";"GOBIERNO REGIONAL";"II-2";"00000520";"DE APOYO FELIX MAYORCA SOTO";"241800";"HOSPITALIZACIÓN DE MEDICINA MEDICINA GENERAL ";"45";"44";"272";"257";"12";"372";"2"
"2023";"12";"120701";"JUNIN";"TARMA";"TARMA";"GOBIERNO REGIONAL";"II-2";"00000520";"DE APOYO FELIX MAYORCA SOTO";"250103";"UNIDAD DE CUIDADOS CRITICOS UNIDAD  DE CUIDADOS INTENSIVOS GENERALES  (UCI) MEDICINA";"4";"2";"12";"53";"2";"62";"1"
"2023";"12";"120701";"JUNIN";"TARMA";"TARMA";"GOBIERNO REGIONAL";"II-2";"00000520";"DE APOYO FELIX MAYORCA SOTO";"240100";"HOSPITALIZACIÓN QUIRÚRGICA CIRUGÍA GENERAL ";"45";"53";"200";"176";"10";"310";"0"
"2023";"12";"120701";"JUNIN";"TARMA";"TARMA";"GOBIERNO REGIONAL";"II-2";"00000520";"DE APOYO FELIX MAYORCA SOTO";"241200";"HOSPITALIZACIÓN QUIRÚRGICA TRAUMATOLOGÍA Y ORTOPEDIA ";"27";"30";"151";"122";"10";"310";"0"
"2023";"12";"120701";"JUNIN";"TARMA";"TARMA";"GOBIERNO REGIONAL";"II-2";"00000520";"DE APOYO FELIX MAYORCA SOTO";"243200";"HOSPITALIZACIÓN DE PEDIATRÍA PEDIATRIA NEONATOLOGÍA";"3";"8";"36";"40";"4";"124";"0"
"2023";"12";"120701";"JUNIN";"TARMA";"TARMA";"GOBIERNO REGIONAL";"II-2";"00000520";"DE APOYO FELIX MAYORCA SOTO";"250105";"UNIDAD DE CUIDADOS CRITICOS UNIDAD  DE CUIDADOS INTENSIVOS  (UCI) NEONATOLOGÍA";"5";"5";"34";"26";"2";"62";"1"
"2023";"12";"120701";"JUNIN";"TARMA";"TARMA";"GOBIERNO REGIONAL";"II-2";"00000520";"DE APOYO FELIX MAYORCA SOTO";"242500";"HOSPITALIZACIÓN-PEDIATRÍA GENERAL-";"16";"19";"58";"49";"5";"155";"0"
"2023";"12";"120701";"JUNIN";"TARMA";"TARMA";"GOBIERNO REGIONAL";"II-2";"00000520";"DE APOYO FELIX MAYORCA SOTO";"241400";"HOSPITALIZACIÓN QUIRÚRGICA GINECO - OBSTETRICIA ";"94";"104";"334";"321";"20";"620";"0"
"2023";"12";"050101";"AYACUCHO";"HUAMANGA";"AYACUCHO";"PRIVADO";"II-1";"00008154";"CLINICA EL NAZARENO";"241200";"HOSPITALIZACIÓN QUIRÚRGICA TRAUMATOLOGÍA Y ORTOPEDIA ";"3";"3";"4";"4";"1";"96";"0"
"2023";"12";"050101";"AYACUCHO";"HUAMANGA";"AYACUCHO";"PRIVADO";"II-1";"00008154";"CLINICA EL NAZARENO";"241100";"HOSPITALIZACIÓN QUIRÚRGICA OTORRINOLARINGOLOGÍA  ";"1";"1";"1";"1";"1";"126";"0"
"2023";"12";"050101";"AYACUCHO";"HUAMANGA";"AYACUCHO";"PRIVADO";"II-1";"00008154";"CLINICA EL NAZARENO";"241400";"HOSPITALIZACIÓN QUIRÚRGICA GINECO - OBSTETRICIA ";"1";"1";"1";"1";"1";"126";"0"
"2023";"12";"050101";"AYACUCHO";"HUAMANGA";"AYACUCHO";"PRIVADO";"II-1";"00008154";"CLINICA EL NAZARENO";"242300";"HOSPITALIZACIÓN DE PEDIATRÍA  PEDIATRÍA  GENERAL ";"1";"1";"1";"1";"1";"126";"0"
"2023";"12";"220801";"SAN MARTIN";"RIOJA";"RIOJA";"ESSALUD";"I-4";"00021003";"CENTRO MEDICO RIOJA - ESSALUD";"241800";"HOSPITALIZACIÓN DE MEDICINA MEDICINA GENERAL ";"29";"28";"79";"83";"4";"112";"0"
"2023";"12";"220801";"SAN MARTIN";"RIOJA";"RIOJA";"ESSALUD";"I-4";"00021003";"CENTRO MEDICO RIOJA - ESSALUD";"241600";"HOSPITALIZACIÓN QUIRÚRGICA OBSTETRICIA   ";"6";"6";"15";"18";"1";"31";"0"
"2023";"12";"220801";"SAN MARTIN";"RIOJA";"RIOJA";"ESSALUD";"I-4";"00021003";"CENTRO MEDICO RIOJA - ESSALUD";"242300";"HOSPITALIZACIÓN DE PEDIATRÍA  PEDIATRÍA  GENERAL ";"11";"11";"21";"20";"1";"31";"0"
"2023";"12";"150140";"LIMA";"LIMA";"SANTIAGO DE SURCO";"PRIVADO";"II-2";"00009989";"CLINICA PADRE LUIS TEZZA";"240000";"HOSPITALIZACIÓN";"239";"268";"1170";"1305";"62";"1922";"3"
"2023";"12";"150140";"LIMA";"LIMA";"SANTIAGO DE SURCO";"PRIVADO";"II-E";"00013900";"OFTALMOSALUD";"NE_0001";"";"NE_0001";"NE_0001";"NE_0001";"NE_0001";"NE_0001";"NE_0001";"NE_0001"
"2023";"12";"040112";"AREQUIPA";"AREQUIPA";"PAUCARPATA";"ESSALUD";"I-2";"00012194";"CAP III - PAUCARPATA";"NE_0001";"";"NE_0001";"NE_0001";"NE_0001";"NE_0001";"NE_0001";"NE_0001";"NE_0001"
"2023";"12";"190302";"PASCO";"OXAPAMPA";"CHONTABAMBA";"GOBIERNO REGIONAL";"I-1";"00009891";"MIRAFLORES DE TSACHOPEN";"NE_0002";"";"NE_0002";"NE_0002";"NE_0002";"NE_0002";"NE_0002";"NE_0002";"NE_0002"
"2023";"12";"190302";"PASCO";"OXAPAMPA";"CHONTABAMBA";"GOBIERNO REGIONAL";"I-3";"00001081";"CENTRO DE SALUD CHONTABAMBA";"NE_0002";"";"NE_0002";"NE_0002";"NE_0002";"NE_0002";"NE_0002";"NE_0002";"NE_0002"
"2023";"12";"150110";"LIMA";"LIMA";"COMAS";"PRIVADO";"I-3";"00025575";"CENTRO CLÍNICO SAN NICOLAS";"NE_0001";"";"NE_0001";"NE_0001";"NE_0001";"NE_0001";"NE_0001";"NE_0001";"NE_0001"
"2023";"12";"040107";"AREQUIPA";"AREQUIPA";"JACOBO HUNTER";"GOBIERNO REGIONAL";"I-3";"00001279";"PUESTO DE SALUD UPIS PAISAJISTA";"NE_0001";"";"NE_0001";"NE_0001";"NE_0001";"NE_0001";"NE_0001";"NE_0001";"NE_0001"
"2023";"12";"040107";"AREQUIPA";"AREQUIPA";"JACOBO HUNTER";"GOBIERNO REGIONAL";"I-2";"00001273";"PUESTO DE SALUD DANIEL ALCIDES CARRION";"NE_0001";"";"NE_0001";"NE_0001";"NE_0001";"NE_0001";"NE_0001";"NE_0001";"NE_0001"
"2023";"12";"040107";"AREQUIPA";"AREQUIPA";"JACOBO HUNTER";"GOBIERNO REGIONAL";"I-4";"00001259";"CENTRO DE SALUD JAVIER LLOSA GARCIA -  HUNTER";"241600";"HOSPITALIZACIÓN QUIRÚRGICA OBSTETRICIA   ";"15";"15";"16";"1";"15";"16";"0"
"2023";"12";"040107";"AREQUIPA";"AREQUIPA";"JACOBO HUNTER";"GOBIERNO REGIONAL";"I-2";"00001276";"PUESTO DE SALUD CAMINOS DEL INCA";"NE_0001";"";"NE_0001";"NE_0001";"NE_0001";"NE_0001";"NE_0001";"NE_0001";"NE_0001"
"2023";"12";"040107";"AREQUIPA";"AREQUIPA";"JACOBO HUNTER";"GOBIERNO REGIONAL";"I-2";"00001274";"PUESTO DE SALUD AMPLIACION PAMPAS DEL CUZCO";"NE_0001";"";"NE_0001";"NE_0001";"NE_0001";"NE_0001";"NE_0001";"NE_0001";"NE_0001"
"2023";"12";"040107";"AREQUIPA";"AREQUIPA";"JACOBO HUNTER";"GOBIERNO REGIONAL";"I-2";"00001277";"PUESTO DE SALUD ALTO ALIANZA";"NE_0001";"";"NE_0001";"NE_0001";"NE_0001";"NE_0001";"NE_0001";"NE_0001";"NE_0001"
"2023";"12";"040107";"AREQUIPA";"AREQUIPA";"JACOBO HUNTER";"GOBIERNO REGIONAL";"I-2";"00001275";"PUESTO DE SALUD CHILPINILLA";"NE_0001";"";"NE_0001";"NE_0001";"NE_0001";"NE_0001";"NE_0001";"NE_0001";"NE_0001"
"2023";"12";"040107";"AREQUIPA";"AREQUIPA";"JACOBO HUNTER";"MINSA";"I-3";"00031488";"CENTRO DE SALUD MENTAL COMUNITARIO HUNTER";"NE_0001";"";"NE_0001";"NE_0001";"NE_0001";"NE_0001";"NE_0001";"NE_0001";"NE_0001"
"2023";"12";"220803";"SAN MARTIN";"RIOJA";"ELIAS SOPLIN VARGAS";"GOBIERNO REGIONAL";"I-1";"00006279";"PUERTO BAGAZAN";"NE_0002";"";"NE_0002";"NE_0002";"NE_0002";"NE_0002";"NE_0002";"NE_0002";"NE_0002"
"2023";"12";"220803";"SAN MARTIN";"RIOJA";"ELIAS SOPLIN VARGAS";"GOBIERNO REGIONAL";"I-1";"00017707";"LA VICTORIA";"NE_0002";"";"NE_0002";"NE_0002";"NE_0002";"NE_0002";"NE_0002";"NE_0002";"NE_0002"
"2023";"12";"220803";"SAN MARTIN";"RIOJA";"ELIAS SOPLIN VARGAS";"GOBIERNO REGIONAL";"I-1";"00007298";"LA NACIENTE DEL RIO NEGRO";"NE_0002";"";"NE_0002";"NE_0002";"NE_0002";"NE_0002";"NE_0002";"NE_0002";"NE_0002"
"2023";"12";"220803";"SAN MARTIN";"RIOJA";"ELIAS SOPLIN VARGAS";"GOBIERNO REGIONAL";"I-1";"00006903";"SANTA FE";"NE_0002";"";"NE_0002";"NE_0002";"NE_0002";"NE_0002";"NE_0002";"NE_0002";"NE_0002"
"2023";"12";"220803";"SAN MARTIN";"RIOJA";"ELIAS SOPLIN VARGAS";"GOBIERNO REGIONAL";"I-3";"00006277";"SEGUNDA JERUSALEN";"241600";"HOSPITALIZACIÓN QUIRÚRGICA OBSTETRICIA   ";"2";"2";"2";"3";"3";"93";"0"
"2023";"12";"220803";"SAN MARTIN";"RIOJA";"ELIAS SOPLIN VARGAS";"GOBIERNO REGIONAL";"I-3";"00006277";"SEGUNDA JERUSALEN";"241800";"HOSPITALIZACIÓN DE MEDICINA MEDICINA GENERAL ";"10";"10";"10";"7";"7";"217";"0"
"2023";"12";"220803";"SAN MARTIN";"RIOJA";"ELIAS SOPLIN VARGAS";"GOBIERNO REGIONAL";"I-1";"00006278";"VALLE GRANDE";"NE_0002";"";"NE_0002";"NE_0002";"NE_0002";"NE_0002";"NE_0002";"NE_0002";"NE_0002"
"2023";"12";"110201";"ICA";"CHINCHA";"CHINCHA ALTA";"GOBIERNO REGIONAL";"II-1";"00003414";"HOSPITAL SAN JOSE DE CHINCHA";"240100";"HOSPITALIZACIÓN QUIRÚRGICA CIRUGÍA GENERAL ";"72";"72";"294";"292";"32";"992";"0"
"2023";"12";"110201";"ICA";"CHINCHA";"CHINCHA ALTA";"GOBIERNO REGIONAL";"II-1";"00003414";"HOSPITAL SAN JOSE DE CHINCHA";"241400";"HOSPITALIZACIÓN QUIRÚRGICA GINECO - OBSTETRICIA ";"252";"252";"561";"559";"40";"1240";"0"
"2023";"12";"110201";"ICA";"CHINCHA";"CHINCHA ALTA";"GOBIERNO REGIONAL";"II-1";"00003414";"HOSPITAL SAN JOSE DE CHINCHA";"241800";"HOSPITALIZACIÓN DE MEDICINA MEDICINA GENERAL ";"101";"101";"612";"611";"68";"2108";"16"
"2023";"12";"110201";"ICA";"CHINCHA";"CHINCHA ALTA";"GOBIERNO REGIONAL";"II-1";"00003414";"HOSPITAL SAN JOSE DE CHINCHA";"242500";"HOSPITALIZACIÓN-PEDIATRÍA GENERAL-";"107";"107";"297";"295";"14";"434";"3"
"2023";"12";"050110";"AYACUCHO";"HUAMANGA";"SAN JUAN BAUTISTA";"GOBIERNO REGIONAL";"I-3";"00006882";"LOS OLIVOS";"NE_0001";"";"NE_0001";"NE_0001";"NE_0001";"NE_0001";"NE_0001";"NE_0001";"NE_0001"
"2023";"12";"070106";"CALLAO";"CALLAO";"VENTANILLA";"GOBIERNO REGIONAL";"I-2";"00006255";"PUESTO DE SALUD VENTANILLA ALTA";"NE_0001";"";"NE_0001";"NE_0001";"NE_0001";"NE_0001";"NE_0001";"NE_0001";"NE_0001"
"2023";"12";"070106";"CALLAO";"CALLAO";"VENTANILLA";"GOBIERNO REGIONAL";"I-2";"00006257";"PUESTO DE SALUD ANGAMOS";"NE_0001";"";"NE_0001";"NE_0001";"NE_0001";"NE_0001";"NE_0001";"NE_0001";"NE_0001"
"2023";"12";"150117";"LIMA";"LIMA";"LOS OLIVOS";"PRIVADO";"II-E";"00009641";"CLINICA MUNDO SALUD SAC";"240000";"HOSPITALIZACIÓN";"50";"54";"115";"195";"11";"315";"0"
"2023";"12";"130101";"LA LIBERTAD";"TRUJILLO";"TRUJILLO";"PRIVADO";"II-E";"00029964";"OFTALMOCENTER";"NE_0001";"";"NE_0001";"NE_0001";"NE_0001";"NE_0001";"NE_0001";"NE_0001";"NE_0001"
"2023";"12";"150130";"LIMA";"LIMA";"SAN BORJA";"PRIVADO";"II-E";"00015179";"CLINICA KIRSCHBAUM";"240800";"HOSPITALIZACIÓN QUIRÚRGICA CIRUGÍA PLÁSTICA/RECONSTRUCTIVA/ REPARADORA ";"59";"59";"86";"59";"10";"310";"0"
"2023";"12";"110211";"ICA";"CHINCHA";"TAMBO DE MORA";"ESSALUD";"I-2";"00012023";"TAMBO DE MORA";"NE_0001";"";"NE_0001";"NE_0001";"NE_0001";"NE_0001";"NE_0001";"NE_0001";"NE_0001"
"2023";"11";"130801";"LA LIBERTAD";"PATAZ";"TAYABAMBA";"GOBIERNO REGIONAL";"II-1";"00005375";"HOSPITAL PROVINCIAL DE TAYABAMBA";"241800";"HOSPITALIZACIÓN DE MEDICINA MEDICINA GENERAL ";"10";"11";"27";"55";"11";"341";"0"
"2023";"11";"130801";"LA LIBERTAD";"PATAZ";"TAYABAMBA";"GOBIERNO REGIONAL";"II-1";"00005375";"HOSPITAL PROVINCIAL DE TAYABAMBA";"241600";"HOSPITALIZACIÓN QUIRÚRGICA OBSTETRICIA   ";"29";"30";"61";"86";"5";"155";"0"
"2023";"12";"040125";"AREQUIPA";"AREQUIPA";"VITOR";"GOBIERNO REGIONAL";"I-3";"00001324";"CENTRO DE SALUD VITOR";"NE_0001";"";"NE_0001";"NE_0001";"NE_0001";"NE_0001";"NE_0001";"NE_0001";"NE_0001"
"2023";"12";"040121";"AREQUIPA";"AREQUIPA";"SANTA RITA DE SIHUAS";"GOBIERNO REGIONAL";"I-3";"00001335";"CENTRO  DE SALUD SANTA RITA DE SIGUAS";"NE_0001";"";"NE_0001";"NE_0001";"NE_0001";"NE_0001";"NE_0001";"NE_0001";"NE_0001"
"2023";"12";"040125";"AREQUIPA";"AREQUIPA";"VITOR";"GOBIERNO REGIONAL";"I-2";"00001334";"PUESTO DE SALUD YURAMAYO";"NE_0001";"";"NE_0001";"NE_0001";"NE_0001";"NE_0001";"NE_0001";"NE_0001";"NE_0001"
"2023";"12";"040201";"AREQUIPA";"CAMANA";"CAMANA";"SANIDAD DE LA POLICIA NACIONAL DEL PERU";"I-2";"00011661";"POSTA MEDICA POLICIAL CAMANA";"NE_0001";"";"NE_0001";"NE_0001";"NE_0001";"NE_0001";"NE_0001";"NE_0001";"NE_0001"
"2023";"12";"060801";"CAJAMARCA";"JAEN";"JAEN";"SANIDAD DE LA POLICIA NACIONAL DEL PERU";"I-3";"00018950";"POLICLINICO POLICIAL JAEN";"NE_0001";"";"NE_0001";"NE_0001";"NE_0001";"NE_0001";"NE_0001";"NE_0001";"NE_0001"
"2023";"12";"210101";"PUNO";"PUNO";"PUNO";"ESSALUD";"I-3";"00009217";"CENTRO DE ATENCION PRIMARIA III METROPOLITANO DE PUNO";"NE_0001";"";"NE_0001";"NE_0001";"NE_0001";"NE_0001";"NE_0001";"NE_0001";"NE_0001"
"2023";"12";"220105";"SAN MARTIN";"MOYOBAMBA";"SORITOR";"GOBIERNO REGIONAL";"I-1";"00006334";"ALTO SAN MARTIN";"NE_0001";"";"NE_0001";"NE_0001";"NE_0001";"NE_0001";"NE_0001";"NE_0001";"NE_0001"
"2023";"12";"220105";"SAN MARTIN";"MOYOBAMBA";"SORITOR";"GOBIERNO REGIONAL";"I-2";"00006336";"SAN MARCOS";"NE_0001";"";"NE_0001";"NE_0001";"NE_0001";"NE_0001";"NE_0001";"NE_0001";"NE_0001"
"2023";"12";"220105";"SAN MARTIN";"MOYOBAMBA";"SORITOR";"GOBIERNO REGIONAL";"I-4";"00006332";"SORITOR";"241400";"HOSPITALIZACIÓN QUIRÚRGICA GINECO - OBSTETRICIA ";"9";"9";"22";"9";"6";"180";"0"
"2023";"12";"220105";"SAN MARTIN";"MOYOBAMBA";"SORITOR";"GOBIERNO REGIONAL";"I-4";"00006332";"SORITOR";"241600";"HOSPITALIZACIÓN QUIRÚRGICA OBSTETRICIA   ";"20";"20";"39";"20";"6";"180";"0"
"2023";"12";"220105";"SAN MARTIN";"MOYOBAMBA";"SORITOR";"GOBIERNO REGIONAL";"I-4";"00006332";"SORITOR";"241800";"HOSPITALIZACIÓN DE MEDICINA MEDICINA GENERAL ";"27";"31";"66";"27";"6";"180";"0"
"2023";"12";"150130";"LIMA";"LIMA";"SAN BORJA";"PRIVADO";"II-E";"00015934";"CENTRO DE CIRUGÍA ESTÉTICA LAS CONDES";"240800";"HOSPITALIZACIÓN QUIRÚRGICA CIRUGÍA PLÁSTICA/RECONSTRUCTIVA/ REPARADORA ";"93";"93";"133";"113";"9";"279";"0"
"2023";"12";"190304";"PASCO";"OXAPAMPA";"PALCAZU";"GOBIERNO REGIONAL";"I-1";"00001136";"BUENOS AIRES";"NE_0002";"";"NE_0002";"NE_0002";"NE_0002";"NE_0002";"NE_0002";"NE_0002";"NE_0002"
"2023";"12";"190304";"PASCO";"OXAPAMPA";"PALCAZU";"GOBIERNO REGIONAL";"I-1";"00001141";"NUEVA ESPERANZA";"NE_0002";"";"NE_0002";"NE_0002";"NE_0002";"NE_0002";"NE_0002";"NE_0002";"NE_0002"
"2023";"12";"190304";"PASCO";"OXAPAMPA";"PALCAZU";"GOBIERNO REGIONAL";"I-1";"00001152";"PLAYA CALIENTE";"NE_0002";"";"NE_0002";"NE_0002";"NE_0002";"NE_0002";"NE_0002";"NE_0002";"NE_0002"
"2023";"12";"190304";"PASCO";"OXAPAMPA";"PALCAZU";"GOBIERNO REGIONAL";"I-1";"00001107";"CONVENTO";"NE_0002";"";"NE_0002";"NE_0002";"NE_0002";"NE_0002";"NE_0002";"NE_0002";"NE_0002"
"2023";"12";"190304";"PASCO";"OXAPAMPA";"PALCAZU";"GOBIERNO REGIONAL";"I-1";"00001137";"ALTO ISCOZACIN";"NE_0002";"";"NE_0002";"NE_0002";"NE_0002";"NE_0002";"NE_0002";"NE_0002";"NE_0002"
"2023";"12";"190304";"PASCO";"OXAPAMPA";"PALCAZU";"GOBIERNO REGIONAL";"I-1";"00001140";"CENTRO ESPERANZA";"NE_0002";"";"NE_0002";"NE_0002";"NE_0002";"NE_0002";"NE_0002";"NE_0002";"NE_0002"
"2023";"12";"190304";"PASCO";"OXAPAMPA";"PALCAZU";"GOBIERNO REGIONAL";"I-1";"00001147";"CENTRO COMPARACHIMAS";"NE_0002";"";"NE_0002";"NE_0002";"NE_0002";"NE_0002";"NE_0002";"NE_0002";"NE_0002"
"2023";"12";"190304";"PASCO";"OXAPAMPA";"PALCAZU";"GOBIERNO REGIONAL";"I-1";"00001136";"BUENOS AIRES";"NE_0002";"";"NE_0002";"NE_0002";"NE_0002";"NE_0002";"NE_0002";"NE_0002";"NE_0002"
"2023";"12";"190304";"PASCO";"OXAPAMPA";"PALCAZU";"GOBIERNO REGIONAL";"I-1";"00001152";"PLAYA CALIENTE";"NE_0002";"";"NE_0002";"NE_0002";"NE_0002";"NE_0002";"NE_0002";"NE_0002";"NE_0002"
"2023";"12";"190304";"PASCO";"OXAPAMPA";"PALCAZU";"GOBIERNO REGIONAL";"I-1";"00001107";"CONVENTO";"NE_0002";"";"NE_0002";"NE_0002";"NE_0002";"NE_0002";"NE_0002";"NE_0002";"NE_0002"
"2023";"12";"190304";"PASCO";"OXAPAMPA";"PALCAZU";"GOBIERNO REGIONAL";"I-1";"00001137";"ALTO ISCOZACIN";"NE_0002";"";"NE_0002";"NE_0002";"NE_0002";"NE_0002";"NE_0002";"NE_0002";"NE_0002"
"2023";"12";"190304";"PASCO";"OXAPAMPA";"PALCAZU";"GOBIERNO REGIONAL";"I-1";"00001140";"CENTRO ESPERANZA";"NE_0002";"";"NE_0002";"NE_0002";"NE_0002";"NE_0002";"NE_0002";"NE_0002";"NE_0002"
"2023";"12";"190304";"PASCO";"OXAPAMPA";"PALCAZU";"GOBIERNO REGIONAL";"I-1";"00001138";"TSOPIS";"NE_0002";"";"NE_0002";"NE_0002";"NE_0002";"NE_0002";"NE_0002";"NE_0002";"NE_0002"
"2023";"12";"190304";"PASCO";"OXAPAMPA";"PALCAZU";"GOBIERNO REGIONAL";"I-2";"00001143";"PUERTO MAYRO";"NE_0002";"";"NE_0002";"NE_0002";"NE_0002";"NE_0002";"NE_0002";"NE_0002";"NE_0002"
"2023";"12";"190304";"PASCO";"OXAPAMPA";"PALCAZU";"GOBIERNO REGIONAL";"I-2";"00001096";"SAN CRISTOBAL";"NE_0002";"";"NE_0002";"NE_0002";"NE_0002";"NE_0002";"NE_0002";"NE_0002";"NE_0002"
"2023";"12";"190304";"PASCO";"OXAPAMPA";"PALCAZU";"GOBIERNO REGIONAL";"I-1";"00001154";"PUERTO BELEN";"NE_0002";"";"NE_0002";"NE_0002";"NE_0002";"NE_0002";"NE_0002";"NE_0002";"NE_0002"
"2023";"12";"190304";"PASCO";"OXAPAMPA";"PALCAZU";"GOBIERNO REGIONAL";"I-2";"00001155";"CENTRO LAGARTO";"NE_0002";"";"NE_0002";"NE_0002";"NE_0002";"NE_0002";"NE_0002";"NE_0002";"NE_0002"
"2023";"12";"190304";"PASCO";"OXAPAMPA";"PALCAZU";"GOBIERNO REGIONAL";"I-1";"00001134";"NUEVA ALDEA";"NE_0002";"";"NE_0002";"NE_0002";"NE_0002";"NE_0002";"NE_0002";"NE_0002";"NE_0002"
"2023";"12";"190304";"PASCO";"OXAPAMPA";"PALCAZU";"GOBIERNO REGIONAL";"I-1";"00001142";"PUERTO LAGUNA RAYA";"NE_0002";"";"NE_0002";"NE_0002";"NE_0002";"NE_0002";"NE_0002";"NE_0002";"NE_0002"
"2023";"12";"190304";"PASCO";"OXAPAMPA";"PALCAZU";"GOBIERNO REGIONAL";"I-1";"00001148";"CENTRO CASTILLA";"NE_0002";"";"NE_0002";"NE_0002";"NE_0002";"NE_0002";"NE_0002";"NE_0002";"NE_0002"
"2023";"12";"190304";"PASCO";"OXAPAMPA";"PALCAZU";"GOBIERNO REGIONAL";"I-1";"00001150";"MAZUHUAZU";"NE_0002";"";"NE_0002";"NE_0002";"NE_0002";"NE_0002";"NE_0002";"NE_0002";"NE_0002"
"2023";"12";"190304";"PASCO";"OXAPAMPA";"PALCAZU";"GOBIERNO REGIONAL";"I-4";"00001133";"ISCOZACIN";"241800";"HOSPITALIZACIÓN DE MEDICINA MEDICINA GENERAL ";"9";"9";"23";"23";"12";"23";"0"
"2023";"12";"190304";"PASCO";"OXAPAMPA";"PALCAZU";"GOBIERNO REGIONAL";"I-1";"00001136";"BUENOS AIRES";"NE_0002";"";"NE_0002";"NE_0002";"NE_0002";"NE_0002";"NE_0002";"NE_0002";"NE_0002"
"2023";"12";"190304";"PASCO";"OXAPAMPA";"PALCAZU";"GOBIERNO REGIONAL";"I-2";"00001139";"VILLA AMERICA";"NE_0002";"";"NE_0002";"NE_0002";"NE_0002";"NE_0002";"NE_0002";"NE_0002";"NE_0002"
"2023";"12";"190304";"PASCO";"OXAPAMPA";"PALCAZU";"GOBIERNO REGIONAL";"I-1";"00001141";"NUEVA ESPERANZA";"NE_0002";"";"NE_0002";"NE_0002";"NE_0002";"NE_0002";"NE_0002";"NE_0002";"NE_0002"
"2023";"12";"190304";"PASCO";"OXAPAMPA";"PALCAZU";"GOBIERNO REGIONAL";"I-1";"00001152";"PLAYA CALIENTE";"NE_0002";"";"NE_0002";"NE_0002";"NE_0002";"NE_0002";"NE_0002";"NE_0002";"NE_0002"
"2023";"12";"190304";"PASCO";"OXAPAMPA";"PALCAZU";"GOBIERNO REGIONAL";"I-1";"00001107";"CONVENTO";"NE_0002";"";"NE_0002";"NE_0002";"NE_0002";"NE_0002";"NE_0002";"NE_0002";"NE_0002"
"2023";"12";"190304";"PASCO";"OXAPAMPA";"PALCAZU";"GOBIERNO REGIONAL";"I-1";"00001140";"CENTRO ESPERANZA";"NE_0002";"";"NE_0002";"NE_0002";"NE_0002";"NE_0002";"NE_0002";"NE_0002";"NE_0002"
"2023";"12";"190304";"PASCO";"OXAPAMPA";"PALCAZU";"GOBIERNO REGIONAL";"I-1";"00001147";"CENTRO COMPARACHIMAS";"NE_0002";"";"NE_0002";"NE_0002";"NE_0002";"NE_0002";"NE_0002";"NE_0002";"NE_0002"
"2023";"12";"190304";"PASCO";"OXAPAMPA";"PALCAZU";"GOBIERNO REGIONAL";"I-1";"00001153";"QUEBRADA PACO";"NE_0002";"";"NE_0002";"NE_0002";"NE_0002";"NE_0002";"NE_0002";"NE_0002";"NE_0002"
"2023";"12";"190304";"PASCO";"OXAPAMPA";"PALCAZU";"GOBIERNO REGIONAL";"I-1";"00001138";"TSOPIS";"NE_0002";"";"NE_0002";"NE_0002";"NE_0002";"NE_0002";"NE_0002";"NE_0002";"NE_0002"
"2023";"12";"190304";"PASCO";"OXAPAMPA";"PALCAZU";"GOBIERNO REGIONAL";"I-2";"00001143";"PUERTO MAYRO";"NE_0002";"";"NE_0002";"NE_0002";"NE_0002";"NE_0002";"NE_0002";"NE_0002";"NE_0002"
"2023";"12";"130601";"LA LIBERTAD";"OTUZCO";"OTUZCO";"GOBIERNO REGIONAL";"II-1";"00005314";"HOSPITAL DE APOYO OTUZCO ELPIDIO BEROVIDES PEREZ";"240100";"HOSPITALIZACIÓN QUIRÚRGICA CIRUGÍA GENERAL ";"6";"5";"14";"15";"3";"93";"0"
"2023";"12";"130601";"LA LIBERTAD";"OTUZCO";"OTUZCO";"GOBIERNO REGIONAL";"II-1";"00005314";"HOSPITAL DE APOYO OTUZCO ELPIDIO BEROVIDES PEREZ";"241800";"HOSPITALIZACIÓN DE MEDICINA MEDICINA GENERAL ";"15";"13";"49";"49";"5";"155";"1"
"2023";"12";"130601";"LA LIBERTAD";"OTUZCO";"OTUZCO";"GOBIERNO REGIONAL";"II-1";"00005314";"HOSPITAL DE APOYO OTUZCO ELPIDIO BEROVIDES PEREZ";"243200";"HOSPITALIZACIÓN DE PEDIATRÍA PEDIATRIA NEONATOLOGÍA";"1";"1";"2";"2";"3";"93";"0"
"2023";"12";"130601";"LA LIBERTAD";"OTUZCO";"OTUZCO";"GOBIERNO REGIONAL";"II-1";"00005314";"HOSPITAL DE APOYO OTUZCO ELPIDIO BEROVIDES PEREZ";"242300";"HOSPITALIZACIÓN DE PEDIATRÍA  PEDIATRÍA  GENERAL ";"5";"6";"28";"28";"4";"124";"0"
"2023";"12";"130601";"LA LIBERTAD";"OTUZCO";"OTUZCO";"GOBIERNO REGIONAL";"II-1";"00005314";"HOSPITAL DE APOYO OTUZCO ELPIDIO BEROVIDES PEREZ";"241400";"HOSPITALIZACIÓN QUIRÚRGICA GINECO - OBSTETRICIA ";"5";"4";"8";"9";"3";"93";"0"
"2023";"12";"130601";"LA LIBERTAD";"OTUZCO";"OTUZCO";"GOBIERNO REGIONAL";"II-1";"00005314";"HOSPITAL DE APOYO OTUZCO ELPIDIO BEROVIDES PEREZ";"241500";"HOSPITALIZACIÓN QUIRÚRGICA GINECOLOGÍA  ";"21";"21";"36";"34";"3";"93";"0"
"2023";"12";"130601";"LA LIBERTAD";"OTUZCO";"OTUZCO";"GOBIERNO REGIONAL";"II-1";"00005314";"HOSPITAL DE APOYO OTUZCO ELPIDIO BEROVIDES PEREZ";"241600";"HOSPITALIZACIÓN QUIRÚRGICA OBSTETRICIA   ";"20";"21";"35";"33";"3";"93";"0"
"2023";"12";"190304";"PASCO";"OXAPAMPA";"PALCAZU";"GOBIERNO REGIONAL";"I-1";"00001149";"SANTA MARIA";"NE_0002";"";"NE_0002";"NE_0002";"NE_0002";"NE_0002";"NE_0002";"NE_0002";"NE_0002"
"2023";"12";"190304";"PASCO";"OXAPAMPA";"PALCAZU";"GOBIERNO REGIONAL";"I-1";"00001151";"RIO NEGRO";"NE_0002";"";"NE_0002";"NE_0002";"NE_0002";"NE_0002";"NE_0002";"NE_0002";"NE_0002"
"2023";"12";"190304";"PASCO";"OXAPAMPA";"PALCAZU";"GOBIERNO REGIONAL";"I-1";"00017801";"P.S. AGUARUNA";"NE_0002";"";"NE_0002";"NE_0002";"NE_0002";"NE_0002";"NE_0002";"NE_0002";"NE_0002"
"2023";"12";"190304";"PASCO";"OXAPAMPA";"PALCAZU";"GOBIERNO REGIONAL";"I-2";"00001096";"SAN CRISTOBAL";"NE_0002";"";"NE_0002";"NE_0002";"NE_0002";"NE_0002";"NE_0002";"NE_0002";"NE_0002"
"2023";"12";"190304";"PASCO";"OXAPAMPA";"PALCAZU";"GOBIERNO REGIONAL";"I-2";"00001144";"SHIRINGAMAZU ALTO";"NE_0002";"";"NE_0002";"NE_0002";"NE_0002";"NE_0002";"NE_0002";"NE_0002";"NE_0002"
"2023";"12";"190304";"PASCO";"OXAPAMPA";"PALCAZU";"GOBIERNO REGIONAL";"I-1";"00018775";"SANTA ROSA DE PALCAZU";"NE_0002";"";"NE_0002";"NE_0002";"NE_0002";"NE_0002";"NE_0002";"NE_0002";"NE_0002"
"2023";"12";"190304";"PASCO";"OXAPAMPA";"PALCAZU";"GOBIERNO REGIONAL";"I-2";"00001155";"CENTRO LAGARTO";"NE_0002";"";"NE_0002";"NE_0002";"NE_0002";"NE_0002";"NE_0002";"NE_0002";"NE_0002"
"2023";"12";"190304";"PASCO";"OXAPAMPA";"PALCAZU";"GOBIERNO REGIONAL";"I-1";"00001134";"NUEVA ALDEA";"NE_0002";"";"NE_0002";"NE_0002";"NE_0002";"NE_0002";"NE_0002";"NE_0002";"NE_0002"
"2023";"12";"190304";"PASCO";"OXAPAMPA";"PALCAZU";"GOBIERNO REGIONAL";"I-1";"00001135";"LOMA LINDA";"NE_0002";"";"NE_0002";"NE_0002";"NE_0002";"NE_0002";"NE_0002";"NE_0002";"NE_0002"
"2023";"12";"190304";"PASCO";"OXAPAMPA";"PALCAZU";"GOBIERNO REGIONAL";"I-1";"00001142";"PUERTO LAGUNA RAYA";"NE_0002";"";"NE_0002";"NE_0002";"NE_0002";"NE_0002";"NE_0002";"NE_0002";"NE_0002"
"2023";"12";"190304";"PASCO";"OXAPAMPA";"PALCAZU";"GOBIERNO REGIONAL";"I-1";"00001148";"CENTRO CASTILLA";"NE_0002";"";"NE_0002";"NE_0002";"NE_0002";"NE_0002";"NE_0002";"NE_0002";"NE_0002"
"2023";"12";"190304";"PASCO";"OXAPAMPA";"PALCAZU";"GOBIERNO REGIONAL";"I-1";"00001150";"MAZUHUAZU";"NE_0002";"";"NE_0002";"NE_0002";"NE_0002";"NE_0002";"NE_0002";"NE_0002";"NE_0002"
"2023";"12";"190306";"PASCO";"OXAPAMPA";"PUERTO BERMUDEZ";"GOBIERNO REGIONAL";"I-1";"00017800";"P.S. VALLE NASARATEGUI";"NE_0002";"";"NE_0002";"NE_0002";"NE_0002";"NE_0002";"NE_0002";"NE_0002";"NE_0002"
"2023";"12";"190306";"PASCO";"OXAPAMPA";"PUERTO BERMUDEZ";"GOBIERNO REGIONAL";"I-1";"00001122";"SAN FRANCISCO DE CAHUAPANAS";"NE_0002";"";"NE_0002";"NE_0002";"NE_0002";"NE_0002";"NE_0002";"NE_0002";"NE_0002"
"2023";"12";"190306";"PASCO";"OXAPAMPA";"PUERTO BERMUDEZ";"GOBIERNO REGIONAL";"I-1";"00001160";"PUERTO PASCUALA";"NE_0002";"";"NE_0002";"NE_0002";"NE_0002";"NE_0002";"NE_0002";"NE_0002";"NE_0002"
"2023";"12";"190306";"PASCO";"OXAPAMPA";"PUERTO BERMUDEZ";"GOBIERNO REGIONAL";"I-2";"00001166";"AMAMBAY";"NE_0002";"";"NE_0002";"NE_0002";"NE_0002";"NE_0002";"NE_0002";"NE_0002";"NE_0002"
"2023";"12";"190306";"PASCO";"OXAPAMPA";"PUERTO BERMUDEZ";"GOBIERNO REGIONAL";"I-1";"00001171";"ZUNGAROYALI";"NE_0002";"";"NE_0002";"NE_0002";"NE_0002";"NE_0002";"NE_0002";"NE_0002";"NE_0002"
"2023";"12";"190306";"PASCO";"OXAPAMPA";"PUERTO BERMUDEZ";"GOBIERNO REGIONAL";"I-1";"00001168";"EL MILAGRO";"NE_0002";"";"NE_0002";"NE_0002";"NE_0002";"NE_0002";"NE_0002";"NE_0002";"NE_0002"
"2023";"12";"250107";"UCAYALI";"CORONEL PORTILLO";"MANANTAY";"ESSALUD";"I-3";"00032739";"CENTRO DE SALUD MANANTAY - ESSALUD";"NE_0001";"";"NE_0001";"NE_0001";"NE_0001";"NE_0001";"NE_0001";"NE_0001";"NE_0001"
"2023";"12";"220303";"SAN MARTIN";"EL DORADO";"SAN MARTIN";"GOBIERNO REGIONAL";"I-4";"00006492";"SAN MARTIN DE ALAO";"241600";"HOSPITALIZACIÓN QUIRÚRGICA OBSTETRICIA   ";"10";"10";"10";"10";"3";"90";"0"
"2023";"12";"220303";"SAN MARTIN";"EL DORADO";"SAN MARTIN";"GOBIERNO REGIONAL";"I-4";"00006492";"SAN MARTIN DE ALAO";"241800";"HOSPITALIZACIÓN DE MEDICINA MEDICINA GENERAL ";"6";"6";"6";"6";"4";"120";"0"
"2023";"12";"220303";"SAN MARTIN";"EL DORADO";"SAN MARTIN";"GOBIERNO REGIONAL";"I-1";"00006494";"SINAMI";"NE_0001";"";"NE_0001";"NE_0001";"NE_0001";"NE_0001";"NE_0001";"NE_0001";"NE_0001"
"2023";"12";"220303";"SAN MARTIN";"EL DORADO";"SAN MARTIN";"GOBIERNO REGIONAL";"I-1";"00007391";"CASHNAHUASI";"NE_0001";"";"NE_0001";"NE_0001";"NE_0001";"NE_0001";"NE_0001";"NE_0001";"NE_0001"
"2023";"12";"220303";"SAN MARTIN";"EL DORADO";"SAN MARTIN";"GOBIERNO REGIONAL";"I-1";"00007392";"BUENA VISTA";"NE_0001";"";"NE_0001";"NE_0001";"NE_0001";"NE_0001";"NE_0001";"NE_0001";"NE_0001"
"2023";"12";"220303";"SAN MARTIN";"EL DORADO";"SAN MARTIN";"GOBIERNO REGIONAL";"I-1";"00007644";"PACAYPAMPA";"NE_0001";"";"NE_0001";"NE_0001";"NE_0001";"NE_0001";"NE_0001";"NE_0001";"NE_0001"
"2023";"12";"220305";"SAN MARTIN";"EL DORADO";"SHATOJA";"GOBIERNO REGIONAL";"I-1";"00006493";"SHATOJA";"NE_0001";"";"NE_0001";"NE_0001";"NE_0001";"NE_0001";"NE_0001";"NE_0001";"NE_0001"
"2023";"12";"140101";"LAMBAYEQUE";"CHICLAYO";"CHICLAYO";"PRIVADO";"II-E";"00011129";"MAX SALUD AVISAL S.A.";"244700";"HOSPITALIZACIÓN DE MEDICINA NEUROLOGIA  ";"2";"1";"3";"3";"2";"62";"0"
"2023";"12";"140101";"LAMBAYEQUE";"CHICLAYO";"CHICLAYO";"PRIVADO";"II-E";"00011129";"MAX SALUD AVISAL S.A.";"243500";"HOSPITALIZACIÓN DE PEDIATRÍA PEDIATRIA OFTALMOLOGÍA PEDIÁTRICA";"5";"5";"18";"15";"5";"155";"0"
"2023";"12";"140101";"LAMBAYEQUE";"CHICLAYO";"CHICLAYO";"PRIVADO";"II-E";"00011129";"MAX SALUD AVISAL S.A.";"242400";"HOSPITALIZACIÓN DE PEDIATRÍA ADOLESCENTES ";"6";"5";"16";"13";"3";"93";"0"
"2023";"12";"140101";"LAMBAYEQUE";"CHICLAYO";"CHICLAYO";"PRIVADO";"II-E";"00011129";"MAX SALUD AVISAL S.A.";"241600";"HOSPITALIZACIÓN QUIRÚRGICA OBSTETRICIA   ";"1";"1";"2";"1";"1";"31";"0"
"2023";"12";"140101";"LAMBAYEQUE";"CHICLAYO";"CHICLAYO";"PRIVADO";"II-E";"00011129";"MAX SALUD AVISAL S.A.";"241500";"HOSPITALIZACIÓN QUIRÚRGICA GINECOLOGÍA  ";"12";"11";"24";"14";"5";"155";"0"
"2023";"12";"140101";"LAMBAYEQUE";"CHICLAYO";"CHICLAYO";"PRIVADO";"II-E";"00011129";"MAX SALUD AVISAL S.A.";"241400";"HOSPITALIZACIÓN QUIRÚRGICA GINECO - OBSTETRICIA ";"11";"11";"25";"18";"6";"186";"0"
"2023";"12";"150113";"LIMA";"LIMA";"JESUS MARIA";"ESSALUD";"I-3";"00008711";"POLICLINICO PABLO BERMUDEZ";"NE_0001";"";"NE_0001";"NE_0001";"NE_0001";"NE_0001";"NE_0001";"NE_0001";"NE_0001"
"2023";"12";"061112";"CAJAMARCA";"SAN MIGUEL";"TONGOD";"GOBIERNO REGIONAL";"I-1";"00007085";"PISIT";"NE_0001";"";"NE_0001";"NE_0001";"NE_0001";"NE_0001";"NE_0001";"NE_0001";"NE_0001"
"2023";"12";"060502";"CAJAMARCA";"CONTUMAZA";"CHILETE";"GOBIERNO REGIONAL";"I-1";"00004545";"LLALLAN";"NE_0001";"";"NE_0001";"NE_0001";"NE_0001";"NE_0001";"NE_0001";"NE_0001";"NE_0001"
"2023";"01";"021501";"ANCASH";"PALLASCA";"CABANA";"ESSALUD";"I-2";"00009924";"POSTA MEDICA CABANA";"NE_0001";"";"NE_0001";"NE_0001";"NE_0001";"NE_0001";"NE_0001";"NE_0001";"NE_0001"
"2023";"12";"190301";"PASCO";"OXAPAMPA";"OXAPAMPA";"GOBIERNO REGIONAL";"I-3";"00026304";"CENTRO DE SALUD MENTAL COMUNITARIO OXAPAMPA";"NE_0002";"";"NE_0002";"NE_0002";"NE_0002";"NE_0002";"NE_0002";"NE_0002";"NE_0002"
"2023";"12";"150115";"LIMA";"LIMA";"LA VICTORIA";"ESSALUD";"III-2";"00009251";"HOSPITAL NACIONAL GUILLERMO ALMENARA IRIGOYEN";"250202";"UNIDAD DE CUIDADOS CRITICOS UNIDAD DE CUIDADOS INTERMEDIOS  (UCIN) PEDIÁTRICOS";"3";"4";"140";"430";"14";"434";"0"
"2023";"12";"150115";"LIMA";"LIMA";"LA VICTORIA";"ESSALUD";"III-2";"00009251";"HOSPITAL NACIONAL GUILLERMO ALMENARA IRIGOYEN";"240900";"HOSPITALIZACIÓN QUIRÚRGICA NEUROCIRUGÍA ";"38";"32";"373";"273";"9";"279";"0"
"2023";"12";"150115";"LIMA";"LIMA";"LA VICTORIA";"ESSALUD";"III-2";"00009251";"HOSPITAL NACIONAL GUILLERMO ALMENARA IRIGOYEN";"240600";"HOSPITALIZACIÓN QUIRÚRGICA CIRUGÍA OFTALMOLÓGICA ";"13";"13";"79";"88";"4";"124";"0"
"2023";"12";"150115";"LIMA";"LIMA";"LA VICTORIA";"ESSALUD";"III-2";"00009251";"HOSPITAL NACIONAL GUILLERMO ALMENARA IRIGOYEN";"240600";"HOSPITALIZACIÓN QUIRÚRGICA CIRUGÍA OFTALMOLÓGICA ";"2";"2";"13";"13";"2";"62";"0"
"2023";"12";"150115";"LIMA";"LIMA";"LA VICTORIA";"ESSALUD";"III-2";"00009251";"HOSPITAL NACIONAL GUILLERMO ALMENARA IRIGOYEN";"241200";"HOSPITALIZACIÓN QUIRÚRGICA TRAUMATOLOGÍA Y ORTOPEDIA ";"74";"83";"1039";"829";"28";"868";"1"
"2023";"12";"150115";"LIMA";"LIMA";"LA VICTORIA";"ESSALUD";"III-2";"00009251";"HOSPITAL NACIONAL GUILLERMO ALMENARA IRIGOYEN";"241200";"HOSPITALIZACIÓN QUIRÚRGICA TRAUMATOLOGÍA Y ORTOPEDIA ";"117";"120";"917";"988";"33";"1023";"0"
"2023";"12";"150115";"LIMA";"LIMA";"LA VICTORIA";"ESSALUD";"III-2";"00009251";"HOSPITAL NACIONAL GUILLERMO ALMENARA IRIGOYEN";"241100";"HOSPITALIZACIÓN QUIRÚRGICA OTORRINOLARINGOLOGÍA  ";"52";"55";"414";"414";"15";"465";"0"
"2023";"12";"150115";"LIMA";"LIMA";"LA VICTORIA";"ESSALUD";"III-2";"00009251";"HOSPITAL NACIONAL GUILLERMO ALMENARA IRIGOYEN";"240500";"HOSPITALIZACIÓN QUIRÚRGICA CIRUGÍA DE TRANSPLANTES ";"21";"25";"303";"219";"8";"248";"1"
"2023";"12";"150115";"LIMA";"LIMA";"LA VICTORIA";"ESSALUD";"III-2";"00009251";"HOSPITAL NACIONAL GUILLERMO ALMENARA IRIGOYEN";"240500";"HOSPITALIZACIÓN QUIRÚRGICA CIRUGÍA DE TRANSPLANTES ";"30";"32";"280";"283";"12";"372";"0"
"2023";"12";"150115";"LIMA";"LIMA";"LA VICTORIA";"ESSALUD";"III-2";"00009251";"HOSPITAL NACIONAL GUILLERMO ALMENARA IRIGOYEN";"241300";"HOSPITALIZACIÓN QUIRÚRGICA UROLOGÍA  ";"78";"97";"1280";"1021";"40";"1240";"1"
"2023";"12";"150115";"LIMA";"LIMA";"LA VICTORIA";"ESSALUD";"III-2";"00009251";"HOSPITAL NACIONAL GUILLERMO ALMENARA IRIGOYEN";"241500";"HOSPITALIZACIÓN QUIRÚRGICA GINECOLOGÍA  ";"107";"108";"750";"638";"21";"651";"1"
"2023";"12";"150115";"LIMA";"LIMA";"LA VICTORIA";"ESSALUD";"III-2";"00009251";"HOSPITAL NACIONAL GUILLERMO ALMENARA IRIGOYEN";"241600";"HOSPITALIZACIÓN QUIRÚRGICA OBSTETRICIA   ";"209";"216";"1238";"1156";"51";"1581";"0"
"2023";"12";"150115";"LIMA";"LIMA";"LA VICTORIA";"ESSALUD";"III-2";"00009251";"HOSPITAL NACIONAL GUILLERMO ALMENARA IRIGOYEN";"240700";"HOSPITALIZACIÓN QUIRÚRGICA CIRUGÍA PEDIÁTRICA ";"74";"84";"350";"352";"13";"403";"0"
"2023";"12";"150115";"LIMA";"LIMA";"LA VICTORIA";"ESSALUD";"III-2";"00009251";"HOSPITAL NACIONAL GUILLERMO ALMENARA IRIGOYEN";"242300";"HOSPITALIZACIÓN DE PEDIATRÍA  PEDIATRÍA  GENERAL ";"25";"32";"654";"274";"9";"279";"0"
"2023";"12";"150115";"LIMA";"LIMA";"LA VICTORIA";"ESSALUD";"III-2";"00009251";"HOSPITAL NACIONAL GUILLERMO ALMENARA IRIGOYEN";"243200";"HOSPITALIZACIÓN DE PEDIATRÍA PEDIATRIA NEONATOLOGÍA";"2";"35";"444";"225";"9";"279";"3"
"2023";"12";"150115";"LIMA";"LIMA";"LA VICTORIA";"ESSALUD";"III-2";"00009251";"HOSPITAL NACIONAL GUILLERMO ALMENARA IRIGOYEN";"250101";"UNIDAD DE CUIDADOS CRITICOS UNIDAD  DE CUIDADOS INTENSIVOS GENERALES (UCI) CARDIOLOGIA";"12";"7";"170";"241";"8";"248";"5"
"2023";"12";"150115";"LIMA";"LIMA";"LA VICTORIA";"ESSALUD";"III-2";"00009251";"HOSPITAL NACIONAL GUILLERMO ALMENARA IRIGOYEN";"250111";"UNIDAD DE CUIDADOS CRITICOS UNIDAD  DE CUIDADOS INTENSIVOS  (UCI) CARDIOVASCULAR";"1";"10";"186";"168";"7";"217";"4"
"2023";"12";"150115";"LIMA";"LIMA";"LA VICTORIA";"ESSALUD";"III-2";"00009251";"HOSPITAL NACIONAL GUILLERMO ALMENARA IRIGOYEN";"250400";"UNIDAD DE CUIDADOS CRITICOS UNIDAD DE QUEMADOS (GRAN QUEMADO) ";"5";"3";"30";"48";"2";"62";"0"
"2023";"12";"150115";"LIMA";"LIMA";"LA VICTORIA";"ESSALUD";"III-2";"00009251";"HOSPITAL NACIONAL GUILLERMO ALMENARA IRIGOYEN";"250108";"UNIDAD DE CUIDADOS CRITICOS UNIDAD  DE CUIDADOS INTENSIVOS  (UCI) PEDIÁTRICA";"8";"6";"94";"241";"8";"248";"4"
"2023";"12";"150115";"LIMA";"LIMA";"LA VICTORIA";"ESSALUD";"III-2";"00009251";"HOSPITAL NACIONAL GUILLERMO ALMENARA IRIGOYEN";"250100";"UNIDAD DE CUIDADOS CRITICOS UNIDAD  DE CUIDADOS INTENSIVOS GENERALES (UCI) ";"18";"5";"79";"362";"12";"372";"5"
"2023";"12";"150115";"LIMA";"LIMA";"LA VICTORIA";"ESSALUD";"III-2";"00009251";"HOSPITAL NACIONAL GUILLERMO ALMENARA IRIGOYEN";"250105";"UNIDAD DE CUIDADOS CRITICOS UNIDAD  DE CUIDADOS INTENSIVOS  (UCI) NEONATOLOGÍA";"6";"7";"81";"525";"17";"527";"5"
"2023";"12";"150115";"LIMA";"LIMA";"LA VICTORIA";"ESSALUD";"III-2";"00009251";"HOSPITAL NACIONAL GUILLERMO ALMENARA IRIGOYEN";"250107";"UNIDAD DE CUIDADOS CRITICOS UNIDAD  DE CUIDADOS INTENSIVOS  (UCI) NEUROQUIRÚRGICA";"0";"2";"12";"147";"5";"155";"0"
"2023";"12";"150115";"LIMA";"LIMA";"LA VICTORIA";"ESSALUD";"III-2";"00009251";"HOSPITAL NACIONAL GUILLERMO ALMENARA IRIGOYEN";"250107";"UNIDAD DE CUIDADOS CRITICOS UNIDAD  DE CUIDADOS INTENSIVOS  (UCI) NEUROQUIRÚRGICA";"0";"1";"33";"36";"2";"62";"1"
"2023";"12";"150115";"LIMA";"LIMA";"LA VICTORIA";"ESSALUD";"III-2";"00009251";"HOSPITAL NACIONAL GUILLERMO ALMENARA IRIGOYEN";"250107";"UNIDAD DE CUIDADOS CRITICOS UNIDAD  DE CUIDADOS INTENSIVOS  (UCI) NEUROQUIRÚRGICA";"0";"1";"19";"59";"2";"62";"1"
"2023";"12";"150115";"LIMA";"LIMA";"LA VICTORIA";"ESSALUD";"III-2";"00009251";"HOSPITAL NACIONAL GUILLERMO ALMENARA IRIGOYEN";"250200";"UNIDAD DE CUIDADOS CRITICOS UNIDAD DE CUIDADOS INTERMEDIOS GENERAL  (UCIN) ";"38";"48";"375";"286";"10";"310";"1"
"2023";"12";"150115";"LIMA";"LIMA";"LA VICTORIA";"ESSALUD";"III-2";"00009251";"HOSPITAL NACIONAL GUILLERMO ALMENARA IRIGOYEN";"250200";"UNIDAD DE CUIDADOS CRITICOS UNIDAD DE CUIDADOS INTERMEDIOS GENERAL  (UCIN) ";"5";"15";"247";"134";"5";"155";"0"
"2023";"12";"150115";"LIMA";"LIMA";"LA VICTORIA";"ESSALUD";"III-2";"00009251";"HOSPITAL NACIONAL GUILLERMO ALMENARA IRIGOYEN";"250100";"UNIDAD DE CUIDADOS CRITICOS UNIDAD  DE CUIDADOS INTENSIVOS GENERALES (UCI) ";"12";"16";"407";"306";"11";"341";"0"
"2023";"12";"150115";"LIMA";"LIMA";"LA VICTORIA";"ESSALUD";"III-2";"00009251";"HOSPITAL NACIONAL GUILLERMO ALMENARA IRIGOYEN";"250202";"UNIDAD DE CUIDADOS CRITICOS UNIDAD DE CUIDADOS INTERMEDIOS  (UCIN) PEDIÁTRICOS";"1";"1";"31";"136";"5";"155";"0"
"2023";"12";"150115";"LIMA";"LIMA";"LA VICTORIA";"ESSALUD";"III-2";"00009251";"HOSPITAL NACIONAL GUILLERMO ALMENARA IRIGOYEN";"250200";"UNIDAD DE CUIDADOS CRITICOS UNIDAD DE CUIDADOS INTERMEDIOS GENERAL  (UCIN) ";"16";"16";"307";"724";"26";"806";"10"
"2023";"12";"150115";"LIMA";"LIMA";"LA VICTORIA";"ESSALUD";"III-2";"00009251";"HOSPITAL NACIONAL GUILLERMO ALMENARA IRIGOYEN";"250201";"UNIDAD DE CUIDADOS CRITICOS UNIDAD DE CUIDADOS INTERMEDIOS  (UCIN) NEONATAL";"7";"19";"822";"491";"16";"496";"0"
"2023";"12";"150115";"LIMA";"LIMA";"LA VICTORIA";"ESSALUD";"III-2";"00009251";"HOSPITAL NACIONAL GUILLERMO ALMENARA IRIGOYEN";"250200";"UNIDAD DE CUIDADOS CRITICOS UNIDAD DE CUIDADOS INTERMEDIOS GENERAL  (UCIN) ";"4";"7";"216";"184";"6";"186";"7"
"2023";"12";"150115";"LIMA";"LIMA";"LA VICTORIA";"ESSALUD";"III-2";"00009251";"HOSPITAL NACIONAL GUILLERMO ALMENARA IRIGOYEN";"250200";"UNIDAD DE CUIDADOS CRITICOS UNIDAD DE CUIDADOS INTERMEDIOS GENERAL  (UCIN) ";"1";"3";"248";"124";"4";"124";"1"
"2023";"12";"150115";"LIMA";"LIMA";"LA VICTORIA";"ESSALUD";"III-2";"00009251";"HOSPITAL NACIONAL GUILLERMO ALMENARA IRIGOYEN";"250200";"UNIDAD DE CUIDADOS CRITICOS UNIDAD DE CUIDADOS INTERMEDIOS GENERAL  (UCIN) ";"0";"2";"9";"57";"2";"62";"0"
"2023";"12";"150115";"LIMA";"LIMA";"LA VICTORIA";"ESSALUD";"III-2";"00009251";"HOSPITAL NACIONAL GUILLERMO ALMENARA IRIGOYEN";"250200";"UNIDAD DE CUIDADOS CRITICOS UNIDAD DE CUIDADOS INTERMEDIOS GENERAL  (UCIN) ";"0";"7";"45";"61";"2";"62";"0"
"2023";"12";"150115";"LIMA";"LIMA";"LA VICTORIA";"ESSALUD";"III-2";"00009251";"HOSPITAL NACIONAL GUILLERMO ALMENARA IRIGOYEN";"244000";"HOSPITALIZACIÓN DE MEDICINA CARDIOLOGIA ";"46";"43";"342";"245";"9";"279";"0"
"2023";"12";"150115";"LIMA";"LIMA";"LA VICTORIA";"ESSALUD";"III-2";"00009251";"HOSPITAL NACIONAL GUILLERMO ALMENARA IRIGOYEN";"240900";"HOSPITALIZACIÓN QUIRÚRGICA NEUROCIRUGÍA ";"31";"33";"595";"332";"11";"341";"0"
"2023";"12";"150115";"LIMA";"LIMA";"LA VICTORIA";"ESSALUD";"III-2";"00009251";"HOSPITAL NACIONAL GUILLERMO ALMENARA IRIGOYEN";"242205";"HOSPITALIZACIÓN MEDICINA PSIQUIATRÍA PISIQUIATRIA/ SALUD MENTAL Y ADICCIONES";"4";"5";"106";"92";"3";"93";"0"
"2023";"12";"150115";"LIMA";"LIMA";"LA VICTORIA";"ESSALUD";"III-2";"00009251";"HOSPITAL NACIONAL GUILLERMO ALMENARA IRIGOYEN";"244100";"HOSPITALIZACIÓN DE MEDICINA DERMATOLOGÍA    ";"19";"19";"272";"249";"9";"279";"0"
"2023";"12";"150115";"LIMA";"LIMA";"LA VICTORIA";"ESSALUD";"III-2";"00009251";"HOSPITAL NACIONAL GUILLERMO ALMENARA IRIGOYEN";"244200";"HOSPITALIZACIÓN DE MEDICINA ENDOCRINOLOGIA ";"18";"18";"225";"252";"10";"310";"0"
"2023";"12";"150115";"LIMA";"LIMA";"LA VICTORIA";"ESSALUD";"III-2";"00009251";"HOSPITAL NACIONAL GUILLERMO ALMENARA IRIGOYEN";"244300";"HOSPITALIZACIÓN DE MEDICINA GASTROENTEROLOGÍA  ";"99";"94";"1194";"1502";"50";"1550";"3"
"2023";"12";"150115";"LIMA";"LIMA";"LA VICTORIA";"ESSALUD";"III-2";"00009251";"HOSPITAL NACIONAL GUILLERMO ALMENARA IRIGOYEN";"244400";"HOSPITALIZACIÓN DE MEDICINA GERIATRIA ";"39";"34";"472";"486";"17";"527";"3"
"2023";"12";"150115";"LIMA";"LIMA";"LA VICTORIA";"ESSALUD";"III-2";"00009251";"HOSPITAL NACIONAL GUILLERMO ALMENARA IRIGOYEN";"244500";"HOSPITALIZACIÓN DE MEDICINA HEMATOLOGÍA ";"11";"16";"394";"342";"12";"372";"0"
"2023";"12";"150115";"LIMA";"LIMA";"LA VICTORIA";"ESSALUD";"III-2";"00009251";"HOSPITAL NACIONAL GUILLERMO ALMENARA IRIGOYEN";"244500";"HOSPITALIZACIÓN DE MEDICINA HEMATOLOGÍA ";"12";"19";"389";"366";"12";"372";"0"
"2023";"12";"150115";"LIMA";"LIMA";"LA VICTORIA";"ESSALUD";"III-2";"00009251";"HOSPITAL NACIONAL GUILLERMO ALMENARA IRIGOYEN";"241900";"HOSPITALIZACIÓN DE MEDICINA MEDICINA INTERNA ";"51";"51";"1057";"1013";"34";"1054";"6"
"2023";"12";"150115";"LIMA";"LIMA";"LA VICTORIA";"ESSALUD";"III-2";"00009251";"HOSPITAL NACIONAL GUILLERMO ALMENARA IRIGOYEN";"241900";"HOSPITALIZACIÓN DE MEDICINA MEDICINA INTERNA ";"82";"69";"1062";"1226";"43";"1333";"7"
"2023";"12";"150115";"LIMA";"LIMA";"LA VICTORIA";"ESSALUD";"III-2";"00009251";"HOSPITAL NACIONAL GUILLERMO ALMENARA IRIGOYEN";"241900";"HOSPITALIZACIÓN DE MEDICINA MEDICINA INTERNA ";"78";"60";"1549";"1227";"40";"1240";"13"
"2023";"12";"150115";"LIMA";"LIMA";"LA VICTORIA";"ESSALUD";"III-2";"00009251";"HOSPITAL NACIONAL GUILLERMO ALMENARA IRIGOYEN";"241900";"HOSPITALIZACIÓN DE MEDICINA MEDICINA INTERNA ";"188";"165";"2945";"3225";"106";"3286";"0"
"2023";"12";"150115";"LIMA";"LIMA";"LA VICTORIA";"ESSALUD";"III-2";"00009251";"HOSPITAL NACIONAL GUILLERMO ALMENARA IRIGOYEN";"241900";"HOSPITALIZACIÓN DE MEDICINA MEDICINA INTERNA ";"66";"47";"838";"1036";"34";"1054";"6"
"2023";"12";"150115";"LIMA";"LIMA";"LA VICTORIA";"ESSALUD";"III-2";"00009251";"HOSPITAL NACIONAL GUILLERMO ALMENARA IRIGOYEN";"244600";"HOSPITALIZACIÓN DE MEDICINA NEFROLOGIA ";"65";"76";"1018";"887";"29";"899";"2"
"2023";"12";"150115";"LIMA";"LIMA";"LA VICTORIA";"ESSALUD";"III-2";"00009251";"HOSPITAL NACIONAL GUILLERMO ALMENARA IRIGOYEN";"245300";"HOSPITALIZACIÓN DE MEDICINA NEUMOLOGÍA  ";"78";"90";"1445";"1027";"38";"1178";"4"
"2023";"12";"150115";"LIMA";"LIMA";"LA VICTORIA";"ESSALUD";"III-2";"00009251";"HOSPITAL NACIONAL GUILLERMO ALMENARA IRIGOYEN";"244700";"HOSPITALIZACIÓN DE MEDICINA NEUROLOGIA  ";"38";"41";"528";"567";"19";"589";"1"
"2023";"12";"150115";"LIMA";"LIMA";"LA VICTORIA";"ESSALUD";"III-2";"00009251";"HOSPITAL NACIONAL GUILLERMO ALMENARA IRIGOYEN";"242100";"HOSPITALIZACIÓN DE MEDICINA ONCOLOGÍA MÉDICA ";"124";"133";"829";"560";"19";"589";"2"
"2023";"12";"150115";"LIMA";"LIMA";"LA VICTORIA";"ESSALUD";"III-2";"00009251";"HOSPITAL NACIONAL GUILLERMO ALMENARA IRIGOYEN";"242100";"HOSPITALIZACIÓN DE MEDICINA ONCOLOGÍA MÉDICA ";"17";"20";"484";"299";"10";"310";"0"
"2023";"12";"150115";"LIMA";"LIMA";"LA VICTORIA";"ESSALUD";"III-2";"00009251";"HOSPITAL NACIONAL GUILLERMO ALMENARA IRIGOYEN";"242202";"HOSPITALIZACIÓN DE MEDICINA PSIQUIATRÍA PSIQUIATRÍA DEL ADULTO Y GERONTE";"29";"23";"456";"537";"18";"558";"0"
"2023";"12";"150115";"LIMA";"LIMA";"LA VICTORIA";"ESSALUD";"III-2";"00009251";"HOSPITAL NACIONAL GUILLERMO ALMENARA IRIGOYEN";"242203";"HOSPITALIZACIÓN DE MEDICINA PSIQUIATRÍA PSIQUIATRÍA DEL NIÑO Y DEL ADOLESCENTE";"13";"17";"194";"197";"9";"279";"0"
"2023";"12";"150115";"LIMA";"LIMA";"LA VICTORIA";"ESSALUD";"III-2";"00009251";"HOSPITAL NACIONAL GUILLERMO ALMENARA IRIGOYEN";"245500";"HOSPITALIZACIÓN DE MEDICINA REUMATOLOGÍA    ";"18";"28";"507";"299";"10";"310";"0"
"2023";"12";"150115";"LIMA";"LIMA";"LA VICTORIA";"ESSALUD";"III-2";"00009251";"HOSPITAL NACIONAL GUILLERMO ALMENARA IRIGOYEN";"240200";"HOSPITALIZACIÓN QUIRÚRGICA CIRUGÍA DE CABEZA Y CUELLO / MÁXILO FACIAL ";"46";"51";"680";"532";"19";"589";"0"
"2023";"12";"150115";"LIMA";"LIMA";"LA VICTORIA";"ESSALUD";"III-2";"00009251";"HOSPITAL NACIONAL GUILLERMO ALMENARA IRIGOYEN";"240400";"HOSPITALIZACIÓN QUIRÚRGICA CIRUGÍA DE TÓRAX Y CARDIOVASCULAR ";"18";"1";"12";"96";"5";"155";"0"
"2023";"12";"150115";"LIMA";"LIMA";"LA VICTORIA";"ESSALUD";"III-2";"00009251";"HOSPITAL NACIONAL GUILLERMO ALMENARA IRIGOYEN";"241200";"HOSPITALIZACIÓN QUIRÚRGICA TRAUMATOLOGÍA Y ORTOPEDIA ";"42";"43";"326";"319";"12";"372";"0"
"2023";"12";"150115";"LIMA";"LIMA";"LA VICTORIA";"ESSALUD";"III-2";"00009251";"HOSPITAL NACIONAL GUILLERMO ALMENARA IRIGOYEN";"240400";"HOSPITALIZACIÓN QUIRÚRGICA CIRUGÍA DE TÓRAX Y CARDIOVASCULAR ";"30";"34";"375";"310";"11";"341";"0"
"2023";"12";"150115";"LIMA";"LIMA";"LA VICTORIA";"ESSALUD";"III-2";"00009251";"HOSPITAL NACIONAL GUILLERMO ALMENARA IRIGOYEN";"240801";"HOSPITALIZACIÓN QUIRÚRGICA CIRUGÍA PLÁSTICA/RECONSTRUCTIVA/ REPARADORA QUEMADOS";"18";"19";"203";"167";"7";"217";"0"
"2023";"12";"150115";"LIMA";"LIMA";"LA VICTORIA";"ESSALUD";"III-2";"00009251";"HOSPITAL NACIONAL GUILLERMO ALMENARA IRIGOYEN";"240100";"HOSPITALIZACIÓN QUIRÚRGICA CIRUGÍA GENERAL ";"27";"44";"793";"407";"14";"434";"0"
"2023";"12";"150115";"LIMA";"LIMA";"LA VICTORIA";"ESSALUD";"III-2";"00009251";"HOSPITAL NACIONAL GUILLERMO ALMENARA IRIGOYEN";"240100";"HOSPITALIZACIÓN QUIRÚRGICA CIRUGÍA GENERAL ";"42";"57";"656";"430";"16";"496";"0"
"2023";"12";"150115";"LIMA";"LIMA";"LA VICTORIA";"ESSALUD";"III-2";"00009251";"HOSPITAL NACIONAL GUILLERMO ALMENARA IRIGOYEN";"240100";"HOSPITALIZACIÓN QUIRÚRGICA CIRUGÍA GENERAL ";"20";"22";"532";"475";"17";"527";"0"
"2023";"12";"150115";"LIMA";"LIMA";"LA VICTORIA";"ESSALUD";"III-2";"00009251";"HOSPITAL NACIONAL GUILLERMO ALMENARA IRIGOYEN";"240100";"HOSPITALIZACIÓN QUIRÚRGICA CIRUGÍA GENERAL ";"22";"27";"377";"336";"11";"341";"0"
"2023";"12";"150115";"LIMA";"LIMA";"LA VICTORIA";"ESSALUD";"III-2";"00009251";"HOSPITAL NACIONAL GUILLERMO ALMENARA IRIGOYEN";"240100";"HOSPITALIZACIÓN QUIRÚRGICA CIRUGÍA GENERAL ";"84";"91";"937";"818";"31";"961";"2"
"2023";"12";"150115";"LIMA";"LIMA";"LA VICTORIA";"ESSALUD";"III-2";"00009251";"HOSPITAL NACIONAL GUILLERMO ALMENARA IRIGOYEN";"241500";"HOSPITALIZACIÓN QUIRÚRGICA GINECOLOGÍA  ";"32";"33";"193";"219";"8";"248";"0"
"2023";"12";"150115";"LIMA";"LIMA";"LA VICTORIA";"ESSALUD";"III-2";"00009251";"HOSPITAL NACIONAL GUILLERMO ALMENARA IRIGOYEN";"240900";"HOSPITALIZACIÓN QUIRÚRGICA NEUROCIRUGÍA ";"14";"17";"128";"100";"4";"124";"0"
"2023";"12";"060614";"CAJAMARCA";"CUTERVO";"SOCOTA";"GOBIERNO REGIONAL";"I-1";"00005033";"EL PORVENIR";"NE_0001";"";"NE_0001";"NE_0001";"NE_0001";"NE_0001";"NE_0001";"NE_0001";"NE_0001"
"2023";"12";"220102";"SAN MARTIN";"MOYOBAMBA";"CALZADA";"GOBIERNO REGIONAL";"I-1";"00006331";"SANTA ROSA BAJO TANGUMI";"NE_0002";"";"NE_0002";"NE_0002";"NE_0002";"NE_0002";"NE_0002";"NE_0002";"NE_0002"
"2023";"12";"220101";"SAN MARTIN";"MOYOBAMBA";"MOYOBAMBA";"GOBIERNO REGIONAL";"I-1";"00006330";"SANTA ROSA DE OROMINA";"NE_0002";"";"NE_0002";"NE_0002";"NE_0002";"NE_0002";"NE_0002";"NE_0002";"NE_0002"
"2023";"12";"220102";"SAN MARTIN";"MOYOBAMBA";"CALZADA";"GOBIERNO REGIONAL";"I-3";"00006326";"CALZADA";"NE_0002";"";"NE_0002";"NE_0002";"NE_0002";"NE_0002";"NE_0002";"NE_0002";"NE_0002"
"2023";"12";"220104";"SAN MARTIN";"MOYOBAMBA";"JEPELACIO";"GOBIERNO REGIONAL";"I-1";"00006329";"OCHAME";"NE_0002";"";"NE_0002";"NE_0002";"NE_0002";"NE_0002";"NE_0002";"NE_0002";"NE_0002"
"2023";"12";"080701";"CUSCO";"CHUMBIVILCAS";"SANTO TOMAS";"GOBIERNO REGIONAL";"II-1";"00002398";"SANTO TOMAS";"240100";"HOSPITALIZACIÓN QUIRÚRGICA CIRUGÍA GENERAL ";"26";"25";"94";"112";"6";"186";"0"
"2023";"12";"080701";"CUSCO";"CHUMBIVILCAS";"SANTO TOMAS";"GOBIERNO REGIONAL";"II-1";"00002398";"SANTO TOMAS";"241400";"HOSPITALIZACIÓN QUIRÚRGICA GINECO - OBSTETRICIA ";"41";"41";"89";"50";"4";"124";"0"
"2023";"12";"080701";"CUSCO";"CHUMBIVILCAS";"SANTO TOMAS";"GOBIERNO REGIONAL";"II-1";"00002398";"SANTO TOMAS";"241600";"HOSPITALIZACIÓN QUIRÚRGICA OBSTETRICIA   ";"38";"38";"68";"103";"7";"217";"1"
"2023";"12";"080701";"CUSCO";"CHUMBIVILCAS";"SANTO TOMAS";"GOBIERNO REGIONAL";"II-1";"00002398";"SANTO TOMAS";"241800";"HOSPITALIZACIÓN DE MEDICINA MEDICINA GENERAL ";"19";"18";"92";"94";"6";"186";"0"
"2023";"12";"080701";"CUSCO";"CHUMBIVILCAS";"SANTO TOMAS";"GOBIERNO REGIONAL";"II-1";"00002398";"SANTO TOMAS";"242500";"HOSPITALIZACIÓN-PEDIATRÍA GENERAL-";"5";"5";"20";"29";"4";"124";"0"
"2023";"12";"080701";"CUSCO";"CHUMBIVILCAS";"SANTO TOMAS";"GOBIERNO REGIONAL";"II-1";"00002398";"SANTO TOMAS";"243200";"HOSPITALIZACIÓN DE PEDIATRÍA PEDIATRIA NEONATOLOGÍA";"7";"7";"15";"15";"3";"93";"0"
"2023";"12";"090103";"HUANCAVELICA";"HUANCAVELICA";"ACORIA";"GOBIERNO REGIONAL";"I-1";"00009713";"SAN ISIDRO DE AMPURHUAY";"NE_0001";"";"NE_0001";"NE_0001";"NE_0001";"NE_0001";"NE_0001";"NE_0001";"NE_0001"
"2023";"12";"090103";"HUANCAVELICA";"HUANCAVELICA";"ACORIA";"GOBIERNO REGIONAL";"I-1";"00016896";"ALHUARA";"NE_0001";"";"NE_0001";"NE_0001";"NE_0001";"NE_0001";"NE_0001";"NE_0001";"NE_0001"
"2023";"12";"090103";"HUANCAVELICA";"HUANCAVELICA";"ACORIA";"GOBIERNO REGIONAL";"I-2";"00003869";"PALLALLA";"NE_0001";"";"NE_0001";"NE_0001";"NE_0001";"NE_0001";"NE_0001";"NE_0001";"NE_0001"
"2023";"12";"090103";"HUANCAVELICA";"HUANCAVELICA";"ACORIA";"GOBIERNO REGIONAL";"I-1";"00009467";"SAN ANTONIO (AÑAYLLA)";"NE_0001";"";"NE_0001";"NE_0001";"NE_0001";"NE_0001";"NE_0001";"NE_0001";"NE_0001"
"2023";"12";"150132";"LIMA";"LIMA";"SAN JUAN DE LURIGANCHO";"PRIVADO";"II-E";"00012267";"CLINICA SAN MARCOS";"240100";"HOSPITALIZACIÓN QUIRÚRGICA CIRUGÍA GENERAL ";"27";"27";"27";"27";"5";"113";"0"
"2023";"12";"150132";"LIMA";"LIMA";"SAN JUAN DE LURIGANCHO";"PRIVADO";"II-E";"00012267";"CLINICA SAN MARCOS";"241400";"HOSPITALIZACIÓN QUIRÚRGICA GINECO - OBSTETRICIA ";"5";"5";"9";"9";"3";"48";"0"
"2023";"12";"150132";"LIMA";"LIMA";"SAN JUAN DE LURIGANCHO";"PRIVADO";"II-E";"00012267";"CLINICA SAN MARCOS";"241500";"HOSPITALIZACIÓN QUIRÚRGICA GINECOLOGÍA  ";"5";"5";"5";"5";"2";"20";"0"
"2023";"12";"150132";"LIMA";"LIMA";"SAN JUAN DE LURIGANCHO";"PRIVADO";"II-E";"00012267";"CLINICA SAN MARCOS";"240200";"HOSPITALIZACIÓN QUIRÚRGICA CIRUGÍA DE CABEZA Y CUELLO / MÁXILO FACIAL ";"3";"3";"3";"3";"1";"12";"0"
"2023";"12";"150132";"LIMA";"LIMA";"SAN JUAN DE LURIGANCHO";"PRIVADO";"II-E";"00012267";"CLINICA SAN MARCOS";"240400";"HOSPITALIZACIÓN QUIRÚRGICA CIRUGÍA DE TÓRAX Y CARDIOVASCULAR ";"1";"1";"1";"1";"1";"4";"0"
"2023";"12";"150132";"LIMA";"LIMA";"SAN JUAN DE LURIGANCHO";"PRIVADO";"II-E";"00012267";"CLINICA SAN MARCOS";"241300";"HOSPITALIZACIÓN QUIRÚRGICA UROLOGÍA  ";"3";"3";"3";"3";"1";"12";"0"
"2023";"12";"150132";"LIMA";"LIMA";"SAN JUAN DE LURIGANCHO";"PRIVADO";"II-E";"00012267";"CLINICA SAN MARCOS";"241200";"HOSPITALIZACIÓN QUIRÚRGICA TRAUMATOLOGÍA Y ORTOPEDIA ";"3";"3";"3";"3";"1";"12";"0"
"2023";"12";"020801";"ANCASH";"CASMA";"CASMA";"ESSALUD";"I-3";"00009057";"CENTRO MEDICO CASMA";"NE_0001";"";"NE_0001";"NE_0001";"NE_0001";"NE_0001";"NE_0001";"NE_0001";"NE_0001"
"2023";"12";"040608";"AREQUIPA";"CONDESUYOS";"YANAQUIHUA";"GOBIERNO REGIONAL";"I-2";"00001414";"PUESTO DE SALUD ISPACAS";"NE_0001";"";"NE_0001";"NE_0001";"NE_0001";"NE_0001";"NE_0001";"NE_0001";"NE_0001"
"2023";"12";"040605";"AREQUIPA";"CONDESUYOS";"IRAY";"GOBIERNO REGIONAL";"I-2";"00001409";"IRAY";"NE_0001";"";"NE_0001";"NE_0001";"NE_0001";"NE_0001";"NE_0001";"NE_0001";"NE_0001"
"2023";"12";"040607";"AREQUIPA";"CONDESUYOS";"SALAMANCA";"GOBIERNO REGIONAL";"I-1";"00001413";"PUESTO DE SALUD PUCUNCHO";"NE_0001";"";"NE_0001";"NE_0001";"NE_0001";"NE_0001";"NE_0001";"NE_0001";"NE_0001"
"2023";"12";"040604";"AREQUIPA";"CONDESUYOS";"CHICHAS";"GOBIERNO REGIONAL";"I-2";"00001410";"PUESTO DE SALUD CHICHAS";"NE_0001";"";"NE_0001";"NE_0001";"NE_0001";"NE_0001";"NE_0001";"NE_0001";"NE_0001"
"2023";"12";"040604";"AREQUIPA";"CONDESUYOS";"CHICHAS";"GOBIERNO REGIONAL";"I-2";"00001411";"PUESTO DE SALUD YACHANGUILLO";"NE_0001";"";"NE_0001";"NE_0001";"NE_0001";"NE_0001";"NE_0001";"NE_0001";"NE_0001"
"2023";"11";"130107";"LA LIBERTAD";"TRUJILLO";"MOCHE";"GOBIERNO REGIONAL";"II-1";"00007152";"HOSPITAL DISTRITAL ALTO MOCHE-WALTER CRUZ VILCA";"241400";"HOSPITALIZACIÓN QUIRÚRGICA GINECO - OBSTETRICIA ";"19";"23";"28";"24";"12";"360";"0"
"2023";"11";"190104";"PASCO";"PASCO";"HUAYLLAY";"ESSALUD";"I-3";"00009751";"CENTRO MEDICO  HUAYLLAY";"NE_0001";"";"NE_0001";"NE_0001";"NE_0001";"NE_0001";"NE_0001";"NE_0001";"NE_0001"
"2023";"04";"040101";"AREQUIPA";"AREQUIPA";"AREQUIPA";"PRIVADO";"II-E";"00032002";"OFTALMOSALUD AREQUIPA  S.A.C.";"NE_0001";"";"NE_0001";"NE_0001";"NE_0001";"NE_0001";"NE_0001";"NE_0001";"NE_0001"
"2023";"12";"060401";"CAJAMARCA";"CHOTA";"CHOTA";"GOBIERNO REGIONAL";"II-1";"00004659";"HOSPITAL DE APOYO CHOTA - JOSE SOTO CADENILLAS";"241800";"HOSPITALIZACIÓN DE MEDICINA MEDICINA GENERAL ";"43";"51";"271";"321";"11";"341";"0"
"2023";"12";"060401";"CAJAMARCA";"CHOTA";"CHOTA";"GOBIERNO REGIONAL";"II-1";"00004659";"HOSPITAL DE APOYO CHOTA - JOSE SOTO CADENILLAS";"242500";"HOSPITALIZACIÓN-PEDIATRÍA GENERAL-";"53";"58";"173";"138";"8";"248";"0"
"2023";"12";"090119";"HUANCAVELICA";"HUANCAVELICA";"HUANDO";"GOBIERNO REGIONAL";"I-1";"00003901";"TINYACCLLA";"NE_0001";"";"NE_0001";"NE_0001";"NE_0001";"NE_0001";"NE_0001";"NE_0001";"NE_0001"
"2023";"12";"090119";"HUANCAVELICA";"HUANCAVELICA";"HUANDO";"GOBIERNO REGIONAL";"I-1";"00007339";"SAN JOSÉ DE MIRAFLORES";"NE_0001";"";"NE_0001";"NE_0001";"NE_0001";"NE_0001";"NE_0001";"NE_0001";"NE_0001"
"2023";"12";"090119";"HUANCAVELICA";"HUANCAVELICA";"HUANDO";"GOBIERNO REGIONAL";"I-1";"00003900";"CACHILLALLAS";"NE_0001";"";"NE_0001";"NE_0001";"NE_0001";"NE_0001";"NE_0001";"NE_0001";"NE_0001"
"2023";"12";"090119";"HUANCAVELICA";"HUANCAVELICA";"HUANDO";"GOBIERNO REGIONAL";"I-1";"00006820";"NUEVA ACOBAMBILLA";"NE_0001";"";"NE_0001";"NE_0001";"NE_0001";"NE_0001";"NE_0001";"NE_0001";"NE_0001"
"2023";"12";"090119";"HUANCAVELICA";"HUANCAVELICA";"HUANDO";"GOBIERNO REGIONAL";"I-1";"00007340";"VISTA ALEGRE";"NE_0001";"";"NE_0001";"NE_0001";"NE_0001";"NE_0001";"NE_0001";"NE_0001";"NE_0001"
"2023";"12";"200401";"PIURA";"MORROPON";"CHULUCANAS";"GOBIERNO REGIONAL";"II-1";"00002161";"E.S  II-1  HOSPITAL  CHULUCANAS";"240100";"HOSPITALIZACIÓN QUIRÚRGICA CIRUGÍA GENERAL ";"58";"65";"226";"204";"11";"341";"0"
"2023";"12";"200401";"PIURA";"MORROPON";"CHULUCANAS";"GOBIERNO REGIONAL";"II-1";"00002161";"E.S  II-1  HOSPITAL  CHULUCANAS";"241400";"HOSPITALIZACIÓN QUIRÚRGICA GINECO - OBSTETRICIA ";"187";"207";"493";"519";"36";"1116";"0"
"2023";"12";"200401";"PIURA";"MORROPON";"CHULUCANAS";"GOBIERNO REGIONAL";"II-1";"00002161";"E.S  II-1  HOSPITAL  CHULUCANAS";"241800";"HOSPITALIZACIÓN DE MEDICINA MEDICINA GENERAL ";"49";"50";"307";"125";"17";"527";"2"
"2023";"12";"200401";"PIURA";"MORROPON";"CHULUCANAS";"GOBIERNO REGIONAL";"II-1";"00002161";"E.S  II-1  HOSPITAL  CHULUCANAS";"242500";"HOSPITALIZACIÓN-PEDIATRÍA GENERAL-";"40";"40";"133";"118";"10";"310";"1"
"2023";"12";"200401";"PIURA";"MORROPON";"CHULUCANAS";"GOBIERNO REGIONAL";"II-1";"00002161";"E.S  II-1  HOSPITAL  CHULUCANAS";"243200";"HOSPITALIZACIÓN DE PEDIATRÍA PEDIATRIA NEONATOLOGÍA";"26";"30";"267";"215";"7";"217";"1"
"2023";"12";"150605";"LIMA";"HUARAL";"CHANCAY";"PRIVADO";"II-E";"00032362";"CLINICA DR. POEMAPE - CLINIPOEMAPE";"241200";"HOSPITALIZACIÓN QUIRÚRGICA TRAUMATOLOGÍA Y ORTOPEDIA ";"2";"2";"2";"2";"2";"30";"0"
"2023";"12";"150605";"LIMA";"HUARAL";"CHANCAY";"PRIVADO";"II-E";"00032362";"CLINICA DR. POEMAPE - CLINIPOEMAPE";"241300";"HOSPITALIZACIÓN QUIRÚRGICA UROLOGÍA  ";"1";"1";"3";"1";"2";"30";"0"
"2023";"12";"150605";"LIMA";"HUARAL";"CHANCAY";"PRIVADO";"II-E";"00032362";"CLINICA DR. POEMAPE - CLINIPOEMAPE";"241400";"HOSPITALIZACIÓN QUIRÚRGICA GINECO - OBSTETRICIA ";"3";"3";"9";"3";"2";"30";"0"
"2023";"12";"150605";"LIMA";"HUARAL";"CHANCAY";"PRIVADO";"II-E";"00032362";"CLINICA DR. POEMAPE - CLINIPOEMAPE";"240100";"HOSPITALIZACIÓN QUIRÚRGICA CIRUGÍA GENERAL ";"8";"8";"16";"8";"2";"30";"0"
"2023";"12";"090402";"HUANCAVELICA";"CASTROVIRREYNA";"ARMA";"GOBIERNO REGIONAL";"I-1";"00004018";"COTAS";"NE_0001";"";"NE_0001";"NE_0001";"NE_0001";"NE_0001";"NE_0001";"NE_0001";"NE_0001"
"2023";"12";"090407";"HUANCAVELICA";"CASTROVIRREYNA";"HUACHOS";"GOBIERNO REGIONAL";"I-3";"00004024";"HUACHOS";"NE_0002";"";"NE_0002";"NE_0002";"NE_0002";"NE_0002";"NE_0002";"NE_0002";"NE_0002"
"2023";"12";"090407";"HUANCAVELICA";"CASTROVIRREYNA";"HUACHOS";"GOBIERNO REGIONAL";"I-1";"00004025";"HUAJINTAY";"NE_0001";"";"NE_0001";"NE_0001";"NE_0001";"NE_0001";"NE_0001";"NE_0001";"NE_0001"
"2023";"12";"090402";"HUANCAVELICA";"CASTROVIRREYNA";"ARMA";"GOBIERNO REGIONAL";"I-1";"00013021";"LUCMA";"NE_0001";"";"NE_0001";"NE_0001";"NE_0001";"NE_0001";"NE_0001";"NE_0001";"NE_0001"
"2023";"12";"090402";"HUANCAVELICA";"CASTROVIRREYNA";"ARMA";"MINSA";"I-3";"00004017";"VILLA DE ARMA";"NE_0002";"";"NE_0002";"NE_0002";"NE_0002";"NE_0002";"NE_0002";"NE_0002";"NE_0002"
"2023";"12";"150116";"LIMA";"LIMA";"LINCE";"PRIVADO";"I-3";"00017909";"POLICLINICO RISSO";"NE_0001";"";"NE_0001";"NE_0001";"NE_0001";"NE_0001";"NE_0001";"NE_0001";"NE_0001"
"2023";"12";"030201";"APURIMAC";"ANDAHUAYLAS";"ANDAHUAYLAS";"PRIVADO";"I-3";"00021664";"ADMEDICAL CENTRO MEDICO";"NE_0001";"";"NE_0001";"NE_0001";"NE_0001";"NE_0001";"NE_0001";"NE_0001";"NE_0001"
"2023";"12";"150110";"LIMA";"LIMA";"COMAS";"PRIVADO";"II-1";"00008519";"CLINICA UNIVERSITARIA";"240000";"HOSPITALIZACIÓN";"170";"162";"364";"216";"25";"345";"0"
"2023";"12";"130111";"LA LIBERTAD";"TRUJILLO";"VICTOR LARCO HERRERA";"PRIVADO";"II-1";"00010581";"SANNA/SANCHEZ FERRER S.A.";"241900";"HOSPITALIZACIÓN DE MEDICINA MEDICINA INTERNA ";"29";"32";"147";"179";"7";"211";"2"
"2023";"12";"130111";"LA LIBERTAD";"TRUJILLO";"VICTOR LARCO HERRERA";"PRIVADO";"II-1";"00010581";"SANNA/SANCHEZ FERRER S.A.";"241400";"HOSPITALIZACIÓN QUIRÚRGICA GINECO - OBSTETRICIA ";"46";"47";"79";"126";"6";"173";"0"
"2023";"12";"130111";"LA LIBERTAD";"TRUJILLO";"VICTOR LARCO HERRERA";"PRIVADO";"II-1";"00010581";"SANNA/SANCHEZ FERRER S.A.";"242300";"HOSPITALIZACIÓN DE PEDIATRÍA  PEDIATRÍA  GENERAL ";"21";"20";"52";"72";"3";"92";"0"
"2023";"12";"130111";"LA LIBERTAD";"TRUJILLO";"VICTOR LARCO HERRERA";"PRIVADO";"II-1";"00010581";"SANNA/SANCHEZ FERRER S.A.";"240100";"HOSPITALIZACIÓN QUIRÚRGICA CIRUGÍA GENERAL ";"56";"56";"76";"132";"3";"188";"0"
"2023";"12";"130111";"LA LIBERTAD";"TRUJILLO";"VICTOR LARCO HERRERA";"PRIVADO";"II-1";"00010581";"SANNA/SANCHEZ FERRER S.A.";"241200";"HOSPITALIZACIÓN QUIRÚRGICA TRAUMATOLOGÍA Y ORTOPEDIA ";"62";"65";"149";"214";"5";"279";"0"
"2023";"12";"130111";"LA LIBERTAD";"TRUJILLO";"VICTOR LARCO HERRERA";"PRIVADO";"II-1";"00010581";"SANNA/SANCHEZ FERRER S.A.";"240900";"HOSPITALIZACIÓN QUIRÚRGICA NEUROCIRUGÍA ";"7";"5";"10";"15";"1";"20";"0"
"2023";"12";"130111";"LA LIBERTAD";"TRUJILLO";"VICTOR LARCO HERRERA";"PRIVADO";"II-1";"00010581";"SANNA/SANCHEZ FERRER S.A.";"244300";"HOSPITALIZACIÓN DE MEDICINA GASTROENTEROLOGÍA  ";"8";"7";"12";"19";"1";"26";"0"
"2023";"12";"130111";"LA LIBERTAD";"TRUJILLO";"VICTOR LARCO HERRERA";"PRIVADO";"II-1";"00010581";"SANNA/SANCHEZ FERRER S.A.";"241300";"HOSPITALIZACIÓN QUIRÚRGICA UROLOGÍA  ";"15";"15";"25";"40";"1";"55";"0"
"2023";"12";"130111";"LA LIBERTAD";"TRUJILLO";"VICTOR LARCO HERRERA";"PRIVADO";"II-1";"00010581";"SANNA/SANCHEZ FERRER S.A.";"240200";"HOSPITALIZACIÓN QUIRÚRGICA CIRUGÍA DE CABEZA Y CUELLO / MÁXILO FACIAL ";"1";"1";"2";"3";"1";"4";"0"
"2023";"12";"130111";"LA LIBERTAD";"TRUJILLO";"VICTOR LARCO HERRERA";"PRIVADO";"II-1";"00010581";"SANNA/SANCHEZ FERRER S.A.";"240400";"HOSPITALIZACIÓN QUIRÚRGICA CIRUGÍA DE TÓRAX Y CARDIOVASCULAR ";"7";"8";"30";"38";"1";"46";"0"
"2023";"12";"130111";"LA LIBERTAD";"TRUJILLO";"VICTOR LARCO HERRERA";"PRIVADO";"II-1";"00010581";"SANNA/SANCHEZ FERRER S.A.";"242100";"HOSPITALIZACIÓN DE MEDICINA ONCOLOGÍA MÉDICA ";"3";"4";"13";"17";"1";"21";"0"
"2023";"12";"130111";"LA LIBERTAD";"TRUJILLO";"VICTOR LARCO HERRERA";"PRIVADO";"II-1";"00010581";"SANNA/SANCHEZ FERRER S.A.";"241100";"HOSPITALIZACIÓN QUIRÚRGICA OTORRINOLARINGOLOGÍA  ";"6";"5";"9";"14";"1";"19";"0"
"2023";"12";"130111";"LA LIBERTAD";"TRUJILLO";"VICTOR LARCO HERRERA";"PRIVADO";"II-1";"00010581";"SANNA/SANCHEZ FERRER S.A.";"250103";"UNIDAD DE CUIDADOS CRITICOS UNIDAD  DE CUIDADOS INTENSIVOS GENERALES  (UCI) MEDICINA";"1";"1";"2";"3";"1";"4";"0"
"2023";"12";"130111";"LA LIBERTAD";"TRUJILLO";"VICTOR LARCO HERRERA";"PRIVADO";"II-1";"00010581";"SANNA/SANCHEZ FERRER S.A.";"240000";"HOSPITALIZACIÓN";"3";"3";"6";"9";"1";"12";"0"
"2023";"12";"130111";"LA LIBERTAD";"TRUJILLO";"VICTOR LARCO HERRERA";"PRIVADO";"II-1";"00010581";"SANNA/SANCHEZ FERRER S.A.";"241000";"HOSPITALIZACIÓN QUIRÚRGICA ONCOLOGÍA QUIRÚRGICA  ";"1";"1";"3";"4";"1";"5";"0"
"2023";"12";"130111";"LA LIBERTAD";"TRUJILLO";"VICTOR LARCO HERRERA";"PRIVADO";"II-1";"00010581";"SANNA/SANCHEZ FERRER S.A.";"240800";"HOSPITALIZACIÓN QUIRÚRGICA CIRUGÍA PLÁSTICA/RECONSTRUCTIVA/ REPARADORA ";"2";"3";"12";"15";"1";"18";"0"
"2023";"12";"130111";"LA LIBERTAD";"TRUJILLO";"VICTOR LARCO HERRERA";"PRIVADO";"II-1";"00010581";"SANNA/SANCHEZ FERRER S.A.";"240600";"HOSPITALIZACIÓN QUIRÚRGICA CIRUGÍA OFTALMOLÓGICA ";"1";"1";"1";"2";"1";"3";"0"
"2023";"12";"130111";"LA LIBERTAD";"TRUJILLO";"VICTOR LARCO HERRERA";"PRIVADO";"II-1";"00010581";"SANNA/SANCHEZ FERRER S.A.";"242900";"HOSPITALIZACIÓN DE PEDIATRÍA PEDIATRIA GASTROENTEROLOGÍA PEDIÁTRICA";"1";"1";"3";"4";"1";"5";"0"
"2023";"12";"150601";"LIMA";"HUARAL";"HUARAL";"GOBIERNO REGIONAL";"II-2";"00007637";"HOSPITAL SAN JUAN BAUTISTA HUARAL";"240100";"HOSPITALIZACIÓN QUIRÚRGICA CIRUGÍA GENERAL ";"79";"88";"261";"63";"11";"341";"0"
"2023";"12";"150601";"LIMA";"HUARAL";"HUARAL";"GOBIERNO REGIONAL";"II-2";"00007637";"HOSPITAL SAN JUAN BAUTISTA HUARAL";"241200";"HOSPITALIZACIÓN QUIRÚRGICA TRAUMATOLOGÍA Y ORTOPEDIA ";"14";"19";"187";"25";"8";"248";"0"
"2023";"12";"150601";"LIMA";"HUARAL";"HUARAL";"GOBIERNO REGIONAL";"II-2";"00007637";"HOSPITAL SAN JUAN BAUTISTA HUARAL";"241400";"HOSPITALIZACIÓN QUIRÚRGICA GINECO - OBSTETRICIA ";"115";"129";"317";"100";"25";"775";"0"
"2023";"12";"150601";"LIMA";"HUARAL";"HUARAL";"GOBIERNO REGIONAL";"II-2";"00007637";"HOSPITAL SAN JUAN BAUTISTA HUARAL";"241500";"HOSPITALIZACIÓN QUIRÚRGICA GINECOLOGÍA  ";"23";"31";"119";"40";"2";"62";"0"
"2023";"12";"150601";"LIMA";"HUARAL";"HUARAL";"GOBIERNO REGIONAL";"II-2";"00007637";"HOSPITAL SAN JUAN BAUTISTA HUARAL";"241800";"HOSPITALIZACIÓN DE MEDICINA MEDICINA GENERAL ";"60";"76";"455";"61";"14";"434";"5"
"2023";"12";"150601";"LIMA";"HUARAL";"HUARAL";"GOBIERNO REGIONAL";"II-2";"00007637";"HOSPITAL SAN JUAN BAUTISTA HUARAL";"242500";"HOSPITALIZACIÓN-PEDIATRÍA GENERAL-";"23";"25";"111";"28";"5";"155";"0"
"2023";"12";"150601";"LIMA";"HUARAL";"HUARAL";"GOBIERNO REGIONAL";"II-2";"00007637";"HOSPITAL SAN JUAN BAUTISTA HUARAL";"243200";"HOSPITALIZACIÓN DE PEDIATRÍA PEDIATRIA NEONATOLOGÍA";"11";"12";"39";"10";"5";"155";"0"
"2023";"12";"150601";"LIMA";"HUARAL";"HUARAL";"GOBIERNO REGIONAL";"II-2";"00007637";"HOSPITAL SAN JUAN BAUTISTA HUARAL";"250103";"UNIDAD DE CUIDADOS CRITICOS UNIDAD  DE CUIDADOS INTENSIVOS GENERALES  (UCI) MEDICINA";"10";"15";"114";"16";"8";"248";"0"
"2023";"12";"150601";"LIMA";"HUARAL";"HUARAL";"GOBIERNO REGIONAL";"II-2";"00007637";"HOSPITAL SAN JUAN BAUTISTA HUARAL";"250105";"UNIDAD DE CUIDADOS CRITICOS UNIDAD  DE CUIDADOS INTENSIVOS  (UCI) NEONATOLOGÍA";"1";"1";"4";"5";"2";"62";"0"
"2023";"12";"080108";"CUSCO";"CUSCO";"WANCHAQ";"PRIVADO";"II-E";"00011338";"PARDO";"240100";"HOSPITALIZACIÓN QUIRÚRGICA CIRUGÍA GENERAL ";"11";"11";"35";"11";"33";"999";"0"
"2023";"12";"080108";"CUSCO";"CUSCO";"WANCHAQ";"PRIVADO";"II-E";"00011338";"PARDO";"240200";"HOSPITALIZACIÓN QUIRÚRGICA CIRUGÍA DE CABEZA Y CUELLO / MÁXILO FACIAL ";"1";"1";"13";"1";"33";"999";"0"
"2023";"12";"080108";"CUSCO";"CUSCO";"WANCHAQ";"PRIVADO";"II-E";"00011338";"PARDO";"240900";"HOSPITALIZACIÓN QUIRÚRGICA NEUROCIRUGÍA ";"7";"7";"15";"8";"33";"999";"0"
"2023";"12";"080108";"CUSCO";"CUSCO";"WANCHAQ";"PRIVADO";"II-E";"00011338";"PARDO";"241000";"HOSPITALIZACIÓN QUIRÚRGICA ONCOLOGÍA QUIRÚRGICA  ";"7";"9";"26";"10";"33";"999";"0"
"2023";"12";"080108";"CUSCO";"CUSCO";"WANCHAQ";"PRIVADO";"II-E";"00011338";"PARDO";"241100";"HOSPITALIZACIÓN QUIRÚRGICA OTORRINOLARINGOLOGÍA  ";"1";"0";"2";"1";"33";"999";"0"
"2023";"12";"080108";"CUSCO";"CUSCO";"WANCHAQ";"PRIVADO";"II-E";"00011338";"PARDO";"241200";"HOSPITALIZACIÓN QUIRÚRGICA TRAUMATOLOGÍA Y ORTOPEDIA ";"20";"18";"69";"24";"33";"999";"0"
"2023";"12";"080108";"CUSCO";"CUSCO";"WANCHAQ";"PRIVADO";"II-E";"00011338";"PARDO";"241300";"HOSPITALIZACIÓN QUIRÚRGICA UROLOGÍA  ";"2";"3";"10";"3";"33";"999";"0"
"2023";"12";"080108";"CUSCO";"CUSCO";"WANCHAQ";"PRIVADO";"II-E";"00011338";"PARDO";"241400";"HOSPITALIZACIÓN QUIRÚRGICA GINECO - OBSTETRICIA ";"8";"12";"22";"12";"33";"999";"0"
"2023";"12";"080108";"CUSCO";"CUSCO";"WANCHAQ";"PRIVADO";"II-E";"00011338";"PARDO";"241900";"HOSPITALIZACIÓN DE MEDICINA MEDICINA INTERNA ";"20";"21";"64";"21";"33";"999";"0"
"2023";"12";"080108";"CUSCO";"CUSCO";"WANCHAQ";"PRIVADO";"II-E";"00011338";"PARDO";"244200";"HOSPITALIZACIÓN DE MEDICINA ENDOCRINOLOGIA ";"1";"1";"2";"1";"33";"999";"0"
"2023";"12";"080108";"CUSCO";"CUSCO";"WANCHAQ";"PRIVADO";"II-E";"00011338";"PARDO";"244300";"HOSPITALIZACIÓN DE MEDICINA GASTROENTEROLOGÍA  ";"2";"2";"6";"2";"33";"999";"0"
"2023";"12";"080108";"CUSCO";"CUSCO";"WANCHAQ";"PRIVADO";"II-E";"00011338";"PARDO";"244600";"HOSPITALIZACIÓN DE MEDICINA NEFROLOGIA ";"1";"1";"2";"1";"33";"999";"0"
"2023";"12";"080108";"CUSCO";"CUSCO";"WANCHAQ";"PRIVADO";"II-E";"00011338";"PARDO";"244700";"HOSPITALIZACIÓN DE MEDICINA NEUROLOGIA  ";"15";"19";"36";"19";"33";"999";"0"
"2023";"12";"080108";"CUSCO";"CUSCO";"WANCHAQ";"PRIVADO";"II-E";"00011338";"PARDO";"245300";"HOSPITALIZACIÓN DE MEDICINA NEUMOLOGÍA  ";"7";"7";"32";"7";"33";"999";"0"
"2023";"12";"080108";"CUSCO";"CUSCO";"WANCHAQ";"PRIVADO";"II-E";"00011338";"PARDO";"250100";"UNIDAD DE CUIDADOS CRITICOS UNIDAD  DE CUIDADOS INTENSIVOS GENERALES (UCI) ";"14";"15";"49";"16";"33";"999";"0"
"2023";"12";"150130";"LIMA";"LIMA";"SAN BORJA";"SANIDAD DEL EJERCITO DEL PERU";"I-1";"00029429";"ENFERMERÍA DEL BATALLÓN POLICÍA MILITAR N° 505";"NE_0001";"";"NE_0001";"NE_0001";"NE_0001";"NE_0001";"NE_0001";"NE_0001";"NE_0001"
"2023";"12";"050601";"AYACUCHO";"LUCANAS";"PUQUIO";"ESSALUD";"I-3";"00011438";"CENTRO DE ATENCION PRIMARIA II PUQUIO";"NE_0001";"";"NE_0001";"NE_0001";"NE_0001";"NE_0001";"NE_0001";"NE_0001";"NE_0001"
"2023";"12";"061001";"CAJAMARCA";"SAN MARCOS";"PEDRO GALVEZ";"GOBIERNO REGIONAL";"I-1";"00004505";"HUAYOBAMBA";"NE_0001";"";"NE_0001";"NE_0001";"NE_0001";"NE_0001";"NE_0001";"NE_0001";"NE_0001"
"2023";"12";"061004";"CAJAMARCA";"SAN MARCOS";"GREGORIO PITA";"GOBIERNO REGIONAL";"I-1";"00004503";"PUESTO DE SALUD ULLILLIN";"NE_0001";"";"NE_0001";"NE_0001";"NE_0001";"NE_0001";"NE_0001";"NE_0001";"NE_0001"
"2023";"12";"061004";"CAJAMARCA";"SAN MARCOS";"GREGORIO PITA";"GOBIERNO REGIONAL";"I-2";"00004507";"RIO SECO";"NE_0001";"";"NE_0001";"NE_0001";"NE_0001";"NE_0001";"NE_0001";"NE_0001";"NE_0001"
"2023";"12";"061001";"CAJAMARCA";"SAN MARCOS";"PEDRO GALVEZ";"GOBIERNO REGIONAL";"I-1";"00004509";"CONDORMARCA";"NE_0001";"";"NE_0001";"NE_0001";"NE_0001";"NE_0001";"NE_0001";"NE_0001";"NE_0001"
"2023";"12";"061001";"CAJAMARCA";"SAN MARCOS";"PEDRO GALVEZ";"GOBIERNO REGIONAL";"I-1";"00004504";"EDELMIRA";"NE_0001";"";"NE_0001";"NE_0001";"NE_0001";"NE_0001";"NE_0001";"NE_0001";"NE_0001"
"2023";"12";"061004";"CAJAMARCA";"SAN MARCOS";"GREGORIO PITA";"GOBIERNO REGIONAL";"I-1";"00004506";"PUESTO DE SALUD MANZANILLA";"NE_0001";"";"NE_0001";"NE_0001";"NE_0001";"NE_0001";"NE_0001";"NE_0001";"NE_0001"
"2023";"12";"061001";"CAJAMARCA";"SAN MARCOS";"PEDRO GALVEZ";"GOBIERNO REGIONAL";"I-4";"00004501";"SAN MARCOS";"241600";"HOSPITALIZACIÓN QUIRÚRGICA OBSTETRICIA   ";"33";"33";"47";"81";"9";"279";"0"
"2023";"12";"061001";"CAJAMARCA";"SAN MARCOS";"PEDRO GALVEZ";"GOBIERNO REGIONAL";"I-4";"00004501";"SAN MARCOS";"241800";"HOSPITALIZACIÓN DE MEDICINA MEDICINA GENERAL ";"8";"8";"28";"35";"3";"90";"0"
"2023";"12";"061004";"CAJAMARCA";"SAN MARCOS";"GREGORIO PITA";"GOBIERNO REGIONAL";"I-1";"00004502";"PUESTO DE SALUD MUYOC";"NE_0001";"";"NE_0001";"NE_0001";"NE_0001";"NE_0001";"NE_0001";"NE_0001";"NE_0001"
"2023";"12";"061004";"CAJAMARCA";"SAN MARCOS";"GREGORIO PITA";"GOBIERNO REGIONAL";"I-2";"00004508";"PAUCAMARCA";"NE_0001";"";"NE_0001";"NE_0001";"NE_0001";"NE_0001";"NE_0001";"NE_0001";"NE_0001"
"2023";"12";"061001";"CAJAMARCA";"SAN MARCOS";"PEDRO GALVEZ";"GOBIERNO REGIONAL";"I-1";"00004510";"CHUCO";"NE_0001";"";"NE_0001";"NE_0001";"NE_0001";"NE_0001";"NE_0001";"NE_0001";"NE_0001"
"2023";"12";"080913";"CUSCO";"LA CONVENCION";"VILLA KINTIARINA";"GOBIERNO REGIONAL";"I-3";"00002488";"VILLA KINTIARINA";"NE_0001";"";"NE_0001";"NE_0001";"NE_0001";"NE_0001";"NE_0001";"NE_0001";"NE_0001"
"2023";"12";"080907";"CUSCO";"LA CONVENCION";"KIMBIRI";"GOBIERNO REGIONAL";"I-2";"00002472";"MAPITUNARI";"NE_0001";"";"NE_0001";"NE_0001";"NE_0001";"NE_0001";"NE_0001";"NE_0001";"NE_0001"
"2023";"12";"080907";"CUSCO";"LA CONVENCION";"KIMBIRI";"GOBIERNO REGIONAL";"I-2";"00002475";"KIMBIRI ALTO";"NE_0001";"";"NE_0001";"NE_0001";"NE_0001";"NE_0001";"NE_0001";"NE_0001";"NE_0001"
"2023";"12";"080912";"CUSCO";"LA CONVENCION";"VILLA VIRGEN";"GOBIERNO REGIONAL";"I-2";"00002479";"VILLA VIRGEN";"NE_0001";"";"NE_0001";"NE_0001";"NE_0001";"NE_0001";"NE_0001";"NE_0001";"NE_0001"
"2023";"12";"080907";"CUSCO";"LA CONVENCION";"KIMBIRI";"GOBIERNO REGIONAL";"I-1";"00002473";"UNION ROSALES";"NE_0001";"";"NE_0001";"NE_0001";"NE_0001";"NE_0001";"NE_0001";"NE_0001";"NE_0001"
"2023";"12";"080907";"CUSCO";"LA CONVENCION";"KIMBIRI";"GOBIERNO REGIONAL";"I-2";"00002474";"SAMANIATO";"NE_0001";"";"NE_0001";"NE_0001";"NE_0001";"NE_0001";"NE_0001";"NE_0001";"NE_0001"
"2023";"12";"080907";"CUSCO";"LA CONVENCION";"KIMBIRI";"GOBIERNO REGIONAL";"I-1";"00008284";"MANITEA ALTA";"NE_0001";"";"NE_0001";"NE_0001";"NE_0001";"NE_0001";"NE_0001";"NE_0001";"NE_0001"
"2023";"12";"080907";"CUSCO";"LA CONVENCION";"KIMBIRI";"GOBIERNO REGIONAL";"I-2";"00008285";"ANGELES";"NE_0001";"";"NE_0001";"NE_0001";"NE_0001";"NE_0001";"NE_0001";"NE_0001";"NE_0001"
"2023";"12";"220510";"SAN MARTIN";"LAMAS";"TABALOSOS";"GOBIERNO REGIONAL";"I-1";"00015377";"HUNGURAHUI PAMPA";"NE_0001";"";"NE_0001";"NE_0001";"NE_0001";"NE_0001";"NE_0001";"NE_0001";"NE_0001"
"2023";"12";"220506";"SAN MARTIN";"LAMAS";"PINTO RECODO";"GOBIERNO REGIONAL";"I-1";"00006411";"MISHQUIYACU PINTO RECODO";"NE_0001";"";"NE_0001";"NE_0001";"NE_0001";"NE_0001";"NE_0001";"NE_0001";"NE_0001"
"2023";"12";"220510";"SAN MARTIN";"LAMAS";"TABALOSOS";"GOBIERNO REGIONAL";"I-1";"00006413";"SAN MIGUEL DEL RIO MAYO";"NE_0001";"";"NE_0001";"NE_0001";"NE_0001";"NE_0001";"NE_0001";"NE_0001";"NE_0001"
"2023";"12";"220506";"SAN MARTIN";"LAMAS";"PINTO RECODO";"GOBIERNO REGIONAL";"I-1";"00006410";"CHURUZAPA PINTO RECODO";"NE_0001";"";"NE_0001";"NE_0001";"NE_0001";"NE_0001";"NE_0001";"NE_0001";"NE_0001"
"2023";"11";"160108";"LORETO";"MAYNAS";"PUNCHANA";"ESSALUD";"I-3";"00011397";"CENTRO DE ATENCION PRIMARIA III PUNCHANA";"NE_0001";"";"NE_0001";"NE_0001";"NE_0001";"NE_0001";"NE_0001";"NE_0001";"NE_0001"
"2023";"12";"240103";"TUMBES";"TUMBES";"LA CRUZ";"ESSALUD";"I-2";"00012274";"POSTA MEDICA LA CRUZ";"NE_0001";"";"NE_0001";"NE_0001";"NE_0001";"NE_0001";"NE_0001";"NE_0001";"NE_0001"
"2023";"12";"170101";"MADRE DE DIOS";"TAMBOPATA";"TAMBOPATA";"SANIDAD DE LA POLICIA NACIONAL DEL PERU";"I-2";"00009320";"POSTA MEDICA DE LA PNP";"NE_0001";"";"NE_0001";"NE_0001";"NE_0001";"NE_0001";"NE_0001";"NE_0001";"NE_0001"
"2023";"12";"150108";"LIMA";"LIMA";"CHORRILLOS";"ESSALUD";"I-3";"00008438";"POLICLINICO JUAN JOSE RODRIGUEZ LAZO";"NE_0001";"";"NE_0001";"NE_0001";"NE_0001";"NE_0001";"NE_0001";"NE_0001";"NE_0001"
"2023";"12";"150141";"LIMA";"LIMA";"SURQUILLO";"SANIDAD DE LA POLICIA NACIONAL DEL PERU";"I-3";"00012822";"CENTRO ODONTOLOGICO PNP ANGAMOS";"NE_0001";"";"NE_0001";"NE_0001";"NE_0001";"NE_0001";"NE_0001";"NE_0001";"NE_0001"
"2023";"12";"220501";"SAN MARTIN";"LAMAS";"LAMAS";"GOBIERNO REGIONAL";"II-E";"00006352";"HOSPITAL II-E LAMAS";"241400";"HOSPITALIZACIÓN QUIRÚRGICA GINECO - OBSTETRICIA ";"19";"21";"52";"52";"8";"248";"0"
"2023";"12";"220501";"SAN MARTIN";"LAMAS";"LAMAS";"GOBIERNO REGIONAL";"II-E";"00006352";"HOSPITAL II-E LAMAS";"241800";"HOSPITALIZACIÓN DE MEDICINA MEDICINA GENERAL ";"50";"55";"174";"174";"12";"372";"2"
"2023";"12";"010701";"AMAZONAS";"UTCUBAMBA";"BAGUA GRANDE";"SANIDAD DE LA POLICIA NACIONAL DEL PERU";"I-3";"00018106";"POLICLINICO POLICIAL BAGUA GRANDE";"NE_0001";"";"NE_0001";"NE_0001";"NE_0001";"NE_0001";"NE_0001";"NE_0001";"NE_0001"
"2023";"12";"150131";"LIMA";"LIMA";"SAN ISIDRO";"PRIVADO";"II-1";"00009888";"CLINICA UNIPLAST S.A.C.";"240800";"HOSPITALIZACIÓN QUIRÚRGICA CIRUGÍA PLÁSTICA/RECONSTRUCTIVA/ REPARADORA ";"6";"6";"6";"6";"3";"93";"0"
"2023";"12";"190304";"PASCO";"OXAPAMPA";"PALCAZU";"GOBIERNO REGIONAL";"I-2";"00001139";"VILLA AMERICA";"NE_0002";"";"NE_0002";"NE_0002";"NE_0002";"NE_0002";"NE_0002";"NE_0002";"NE_0002"
"2023";"12";"190304";"PASCO";"OXAPAMPA";"PALCAZU";"GOBIERNO REGIONAL";"I-1";"00001141";"NUEVA ESPERANZA";"NE_0002";"";"NE_0002";"NE_0002";"NE_0002";"NE_0002";"NE_0002";"NE_0002";"NE_0002"
"2023";"12";"190304";"PASCO";"OXAPAMPA";"PALCAZU";"GOBIERNO REGIONAL";"I-1";"00001147";"CENTRO COMPARACHIMAS";"NE_0002";"";"NE_0002";"NE_0002";"NE_0002";"NE_0002";"NE_0002";"NE_0002";"NE_0002"
"2023";"12";"190304";"PASCO";"OXAPAMPA";"PALCAZU";"GOBIERNO REGIONAL";"I-1";"00001153";"QUEBRADA PACO";"NE_0002";"";"NE_0002";"NE_0002";"NE_0002";"NE_0002";"NE_0002";"NE_0002";"NE_0002"
"2023";"12";"190304";"PASCO";"OXAPAMPA";"PALCAZU";"GOBIERNO REGIONAL";"I-1";"00001149";"SANTA MARIA";"NE_0002";"";"NE_0002";"NE_0002";"NE_0002";"NE_0002";"NE_0002";"NE_0002";"NE_0002"
"2023";"12";"190304";"PASCO";"OXAPAMPA";"PALCAZU";"GOBIERNO REGIONAL";"I-1";"00001151";"RIO NEGRO";"NE_0002";"";"NE_0002";"NE_0002";"NE_0002";"NE_0002";"NE_0002";"NE_0002";"NE_0002"
"2023";"12";"190304";"PASCO";"OXAPAMPA";"PALCAZU";"GOBIERNO REGIONAL";"I-1";"00017801";"P.S. AGUARUNA";"NE_0002";"";"NE_0002";"NE_0002";"NE_0002";"NE_0002";"NE_0002";"NE_0002";"NE_0002"
"2023";"12";"190304";"PASCO";"OXAPAMPA";"PALCAZU";"GOBIERNO REGIONAL";"I-1";"00001145";"SHIRINGAMAZU BAJO";"NE_0002";"";"NE_0002";"NE_0002";"NE_0002";"NE_0002";"NE_0002";"NE_0002";"NE_0002"
"2023";"12";"190304";"PASCO";"OXAPAMPA";"PALCAZU";"GOBIERNO REGIONAL";"I-1";"00001146";"SANTA  ROSA DE CHUCHURRAS";"NE_0002";"";"NE_0002";"NE_0002";"NE_0002";"NE_0002";"NE_0002";"NE_0002";"NE_0002"
"2023";"12";"190304";"PASCO";"OXAPAMPA";"PALCAZU";"GOBIERNO REGIONAL";"I-2";"00001144";"SHIRINGAMAZU ALTO";"NE_0002";"";"NE_0002";"NE_0002";"NE_0002";"NE_0002";"NE_0002";"NE_0002";"NE_0002"
"2023";"12";"190304";"PASCO";"OXAPAMPA";"PALCAZU";"GOBIERNO REGIONAL";"I-1";"00018775";"SANTA ROSA DE PALCAZU";"NE_0002";"";"NE_0002";"NE_0002";"NE_0002";"NE_0002";"NE_0002";"NE_0002";"NE_0002"
"2023";"12";"190304";"PASCO";"OXAPAMPA";"PALCAZU";"GOBIERNO REGIONAL";"I-1";"00001135";"LOMA LINDA";"NE_0002";"";"NE_0002";"NE_0002";"NE_0002";"NE_0002";"NE_0002";"NE_0002";"NE_0002"
"2023";"12";"190304";"PASCO";"OXAPAMPA";"PALCAZU";"GOBIERNO REGIONAL";"I-1";"00001137";"ALTO ISCOZACIN";"NE_0002";"";"NE_0002";"NE_0002";"NE_0002";"NE_0002";"NE_0002";"NE_0002";"NE_0002"
"2023";"12";"190304";"PASCO";"OXAPAMPA";"PALCAZU";"GOBIERNO REGIONAL";"I-1";"00001145";"SHIRINGAMAZU BAJO";"NE_0002";"";"NE_0002";"NE_0002";"NE_0002";"NE_0002";"NE_0002";"NE_0002";"NE_0002"
"2023";"12";"190304";"PASCO";"OXAPAMPA";"PALCAZU";"GOBIERNO REGIONAL";"I-1";"00001146";"SANTA  ROSA DE CHUCHURRAS";"NE_0002";"";"NE_0002";"NE_0002";"NE_0002";"NE_0002";"NE_0002";"NE_0002";"NE_0002"
"2023";"12";"070102";"CALLAO";"CALLAO";"BELLAVISTA";"ESSALUD";"III-1";"00008265";"HOSPITAL NACIONAL ALBERTO SABOGAL SOLOGUREN DE LA RED ASISTENCIAL SABOGAL";"241900";"HOSPITALIZACIÓN DE MEDICINA MEDICINA INTERNA ";"449";"468";"7968";"5654";"195";"6045";"40"
"2023";"12";"070102";"CALLAO";"CALLAO";"BELLAVISTA";"ESSALUD";"III-1";"00008265";"HOSPITAL NACIONAL ALBERTO SABOGAL SOLOGUREN DE LA RED ASISTENCIAL SABOGAL";"240100";"HOSPITALIZACIÓN QUIRÚRGICA CIRUGÍA GENERAL ";"141";"140";"1090";"1168";"43";"1338";"2"
"2023";"12";"070102";"CALLAO";"CALLAO";"BELLAVISTA";"ESSALUD";"III-1";"00008265";"HOSPITAL NACIONAL ALBERTO SABOGAL SOLOGUREN DE LA RED ASISTENCIAL SABOGAL";"240200";"HOSPITALIZACIÓN QUIRÚRGICA CIRUGÍA DE CABEZA Y CUELLO / MÁXILO FACIAL ";"56";"57";"216";"200";"7";"222";"0"
"2023";"12";"070102";"CALLAO";"CALLAO";"BELLAVISTA";"ESSALUD";"III-1";"00008265";"HOSPITAL NACIONAL ALBERTO SABOGAL SOLOGUREN DE LA RED ASISTENCIAL SABOGAL";"240400";"HOSPITALIZACIÓN QUIRÚRGICA CIRUGÍA DE TÓRAX Y CARDIOVASCULAR ";"22";"18";"95";"104";"4";"115";"0"
"2023";"12";"070102";"CALLAO";"CALLAO";"BELLAVISTA";"ESSALUD";"III-1";"00008265";"HOSPITAL NACIONAL ALBERTO SABOGAL SOLOGUREN DE LA RED ASISTENCIAL SABOGAL";"240800";"HOSPITALIZACIÓN QUIRÚRGICA CIRUGÍA PLÁSTICA/RECONSTRUCTIVA/ REPARADORA ";"5";"6";"49";"47";"2";"52";"0"
"2023";"12";"070102";"CALLAO";"CALLAO";"BELLAVISTA";"ESSALUD";"III-1";"00008265";"HOSPITAL NACIONAL ALBERTO SABOGAL SOLOGUREN DE LA RED ASISTENCIAL SABOGAL";"241700";"HOSPITALIZACIÓN QUIRÚRGICA GINECOLOGÍA   GINECOLOGIA ONCOLOGiCA";"50";"53";"178";"139";"6";"186";"0"
"2023";"12";"070102";"CALLAO";"CALLAO";"BELLAVISTA";"ESSALUD";"III-1";"00008265";"HOSPITAL NACIONAL ALBERTO SABOGAL SOLOGUREN DE LA RED ASISTENCIAL SABOGAL";"241900";"HOSPITALIZACIÓN DE MEDICINA MEDICINA INTERNA ";"11";"14";"143";"121";"4";"130";"0"
"2023";"12";"070102";"CALLAO";"CALLAO";"BELLAVISTA";"ESSALUD";"III-1";"00008265";"HOSPITAL NACIONAL ALBERTO SABOGAL SOLOGUREN DE LA RED ASISTENCIAL SABOGAL";"242000";"HOSPITALIZACIÓN DE MEDICINA MEDICINA TROPICAL E INFECCIOSAS ";"28";"31";"362";"331";"11";"351";"1"
"2023";"12";"070102";"CALLAO";"CALLAO";"BELLAVISTA";"ESSALUD";"III-1";"00008265";"HOSPITAL NACIONAL ALBERTO SABOGAL SOLOGUREN DE LA RED ASISTENCIAL SABOGAL";"242100";"HOSPITALIZACIÓN DE MEDICINA ONCOLOGÍA MÉDICA ";"82";"89";"439";"376";"14";"418";"0"
"2023";"12";"070102";"CALLAO";"CALLAO";"BELLAVISTA";"ESSALUD";"III-1";"00008265";"HOSPITAL NACIONAL ALBERTO SABOGAL SOLOGUREN DE LA RED ASISTENCIAL SABOGAL";"240700";"HOSPITALIZACIÓN QUIRÚRGICA CIRUGÍA PEDIÁTRICA ";"61";"70";"300";"304";"14";"434";"0"
"2023";"12";"070102";"CALLAO";"CALLAO";"BELLAVISTA";"ESSALUD";"III-1";"00008265";"HOSPITAL NACIONAL ALBERTO SABOGAL SOLOGUREN DE LA RED ASISTENCIAL SABOGAL";"240900";"HOSPITALIZACIÓN QUIRÚRGICA NEUROCIRUGÍA ";"32";"36";"323";"347";"13";"403";"0"
"2023";"12";"070102";"CALLAO";"CALLAO";"BELLAVISTA";"ESSALUD";"III-1";"00008265";"HOSPITAL NACIONAL ALBERTO SABOGAL SOLOGUREN DE LA RED ASISTENCIAL SABOGAL";"241100";"HOSPITALIZACIÓN QUIRÚRGICA OTORRINOLARINGOLOGÍA  ";"49";"45";"105";"102";"4";"116";"0"
"2023";"12";"070102";"CALLAO";"CALLAO";"BELLAVISTA";"ESSALUD";"III-1";"00008265";"HOSPITAL NACIONAL ALBERTO SABOGAL SOLOGUREN DE LA RED ASISTENCIAL SABOGAL";"241200";"HOSPITALIZACIÓN QUIRÚRGICA TRAUMATOLOGÍA Y ORTOPEDIA ";"90";"100";"1137";"1113";"39";"1226";"0"
"2023";"12";"070102";"CALLAO";"CALLAO";"BELLAVISTA";"ESSALUD";"III-1";"00008265";"HOSPITAL NACIONAL ALBERTO SABOGAL SOLOGUREN DE LA RED ASISTENCIAL SABOGAL";"241300";"HOSPITALIZACIÓN QUIRÚRGICA UROLOGÍA  ";"78";"86";"456";"414";"16";"496";"0"
"2023";"12";"070102";"CALLAO";"CALLAO";"BELLAVISTA";"ESSALUD";"III-1";"00008265";"HOSPITAL NACIONAL ALBERTO SABOGAL SOLOGUREN DE LA RED ASISTENCIAL SABOGAL";"241500";"HOSPITALIZACIÓN QUIRÚRGICA GINECOLOGÍA  ";"74";"82";"206";"182";"10";"310";"0"
"2023";"12";"070102";"CALLAO";"CALLAO";"BELLAVISTA";"ESSALUD";"III-1";"00008265";"HOSPITAL NACIONAL ALBERTO SABOGAL SOLOGUREN DE LA RED ASISTENCIAL SABOGAL";"241600";"HOSPITALIZACIÓN QUIRÚRGICA OBSTETRICIA   ";"244";"235";"963";"972";"45";"1395";"0"
"2023";"12";"070102";"CALLAO";"CALLAO";"BELLAVISTA";"ESSALUD";"III-1";"00008265";"HOSPITAL NACIONAL ALBERTO SABOGAL SOLOGUREN DE LA RED ASISTENCIAL SABOGAL";"242300";"HOSPITALIZACIÓN DE PEDIATRÍA  PEDIATRÍA  GENERAL ";"80";"99";"1056";"913";"35";"1085";"0"
"2023";"12";"070102";"CALLAO";"CALLAO";"BELLAVISTA";"ESSALUD";"III-1";"00008265";"HOSPITAL NACIONAL ALBERTO SABOGAL SOLOGUREN DE LA RED ASISTENCIAL SABOGAL";"250100";"UNIDAD DE CUIDADOS CRITICOS UNIDAD  DE CUIDADOS INTENSIVOS GENERALES (UCI) ";"21";"28";"314";"237";"8";"248";"10"
"2023";"12";"070102";"CALLAO";"CALLAO";"BELLAVISTA";"ESSALUD";"III-1";"00008265";"HOSPITAL NACIONAL ALBERTO SABOGAL SOLOGUREN DE LA RED ASISTENCIAL SABOGAL";"250200";"UNIDAD DE CUIDADOS CRITICOS UNIDAD DE CUIDADOS INTERMEDIOS GENERAL  (UCIN) ";"28";"45";"776";"405";"14";"434";"0"
"2023";"12";"190306";"PASCO";"OXAPAMPA";"PUERTO BERMUDEZ";"GOBIERNO REGIONAL";"I-2";"00001159";"PUERTO AGUACHINI";"NE_0002";"";"NE_0002";"NE_0002";"NE_0002";"NE_0002";"NE_0002";"NE_0002";"NE_0002"
"2023";"12";"190306";"PASCO";"OXAPAMPA";"PUERTO BERMUDEZ";"GOBIERNO REGIONAL";"I-1";"00001167";"QUIRISHARI";"NE_0002";"";"NE_0002";"NE_0002";"NE_0002";"NE_0002";"NE_0002";"NE_0002";"NE_0002"
"2023";"12";"190306";"PASCO";"OXAPAMPA";"PUERTO BERMUDEZ";"GOBIERNO REGIONAL";"I-1";"00001122";"SAN FRANCISCO DE CAHUAPANAS";"NE_0002";"";"NE_0002";"NE_0002";"NE_0002";"NE_0002";"NE_0002";"NE_0002";"NE_0002"
"2023";"12";"190306";"PASCO";"OXAPAMPA";"PUERTO BERMUDEZ";"GOBIERNO REGIONAL";"I-1";"00001160";"PUERTO PASCUALA";"NE_0002";"";"NE_0002";"NE_0002";"NE_0002";"NE_0002";"NE_0002";"NE_0002";"NE_0002"
"2023";"12";"190306";"PASCO";"OXAPAMPA";"PUERTO BERMUDEZ";"GOBIERNO REGIONAL";"I-2";"00001166";"AMAMBAY";"NE_0002";"";"NE_0002";"NE_0002";"NE_0002";"NE_0002";"NE_0002";"NE_0002";"NE_0002"
"2023";"12";"190306";"PASCO";"OXAPAMPA";"PUERTO BERMUDEZ";"GOBIERNO REGIONAL";"I-1";"00001171";"ZUNGAROYALI";"NE_0002";"";"NE_0002";"NE_0002";"NE_0002";"NE_0002";"NE_0002";"NE_0002";"NE_0002"
"2023";"12";"210701";"PUNO";"LAMPA";"LAMPA";"GOBIERNO REGIONAL";"I-4";"00003128";"ANTONIO BARRIONUEVO (LAMPA)";"240100";"HOSPITALIZACIÓN QUIRÚRGICA CIRUGÍA GENERAL ";"7";"7";"21";"1";"3";"93";"0"
"2023";"12";"210701";"PUNO";"LAMPA";"LAMPA";"GOBIERNO REGIONAL";"I-4";"00003128";"ANTONIO BARRIONUEVO (LAMPA)";"241400";"HOSPITALIZACIÓN QUIRÚRGICA GINECO - OBSTETRICIA ";"2";"2";"6";"1";"1";"31";"0"
"2023";"12";"210701";"PUNO";"LAMPA";"LAMPA";"GOBIERNO REGIONAL";"I-4";"00003128";"ANTONIO BARRIONUEVO (LAMPA)";"241500";"HOSPITALIZACIÓN QUIRÚRGICA GINECOLOGÍA  ";"5";"5";"15";"1";"3";"93";"0"
"2023";"12";"210701";"PUNO";"LAMPA";"LAMPA";"GOBIERNO REGIONAL";"I-4";"00003128";"ANTONIO BARRIONUEVO (LAMPA)";"241600";"HOSPITALIZACIÓN QUIRÚRGICA OBSTETRICIA   ";"7";"7";"12";"1";"3";"93";"0"
"2023";"12";"210701";"PUNO";"LAMPA";"LAMPA";"GOBIERNO REGIONAL";"I-4";"00003128";"ANTONIO BARRIONUEVO (LAMPA)";"241800";"HOSPITALIZACIÓN DE MEDICINA MEDICINA GENERAL ";"7";"7";"31";"1";"4";"124";"0"
"2023";"12";"090117";"HUANCAVELICA";"HUANCAVELICA";"YAULI";"GOBIERNO REGIONAL";"I-1";"00019140";"SACHAPITE";"NE_0001";"";"NE_0001";"NE_0001";"NE_0001";"NE_0001";"NE_0001";"NE_0001";"NE_0001"
"2023";"12";"040101";"AREQUIPA";"AREQUIPA";"AREQUIPA";"PRIVADO";"II-E";"00024208";"PRAXIS MEDICAL S.A.C.";"240800";"HOSPITALIZACIÓN QUIRÚRGICA CIRUGÍA PLÁSTICA/RECONSTRUCTIVA/ REPARADORA ";"5";"6";"11";"19";"12";"372";"0"
"2023";"12";"211301";"PUNO";"YUNGUYO";"YUNGUYO";"GOBIERNO REGIONAL";"II-1";"00003349";"YUNGUYO";"240100";"HOSPITALIZACIÓN QUIRÚRGICA CIRUGÍA GENERAL ";"28";"30";"63";"63";"6";"186";"0"
"2023";"12";"211301";"PUNO";"YUNGUYO";"YUNGUYO";"GOBIERNO REGIONAL";"II-1";"00003349";"YUNGUYO";"241400";"HOSPITALIZACIÓN QUIRÚRGICA GINECO - OBSTETRICIA ";"5";"5";"8";"8";"3";"93";"0"
"2023";"12";"211301";"PUNO";"YUNGUYO";"YUNGUYO";"GOBIERNO REGIONAL";"II-1";"00003349";"YUNGUYO";"241600";"HOSPITALIZACIÓN QUIRÚRGICA OBSTETRICIA   ";"17";"17";"29";"29";"7";"217";"0"
"2023";"12";"211301";"PUNO";"YUNGUYO";"YUNGUYO";"GOBIERNO REGIONAL";"II-1";"00003349";"YUNGUYO";"241800";"HOSPITALIZACIÓN DE MEDICINA MEDICINA GENERAL ";"19";"27";"84";"84";"6";"186";"1"
"2023";"12";"211301";"PUNO";"YUNGUYO";"YUNGUYO";"GOBIERNO REGIONAL";"II-1";"00003349";"YUNGUYO";"241900";"HOSPITALIZACIÓN DE MEDICINA MEDICINA INTERNA ";"7";"7";"19";"19";"1";"31";"0"
"2023";"12";"211301";"PUNO";"YUNGUYO";"YUNGUYO";"GOBIERNO REGIONAL";"II-1";"00003349";"YUNGUYO";"242500";"HOSPITALIZACIÓN-PEDIATRÍA GENERAL-";"2";"2";"6";"6";"1";"31";"0"
"2023";"12";"211301";"PUNO";"YUNGUYO";"YUNGUYO";"GOBIERNO REGIONAL";"II-1";"00003349";"YUNGUYO";"243200";"HOSPITALIZACIÓN DE PEDIATRÍA PEDIATRIA NEONATOLOGÍA";"2";"2";"3";"3";"1";"31";"0"
"2023";"12";"120701";"JUNIN";"TARMA";"TARMA";"GOBIERNO REGIONAL";"I-1";"00000588";"MULLUCRO";"NE_0001";"";"NE_0001";"NE_0001";"NE_0001";"NE_0001";"NE_0001";"NE_0001";"NE_0001"
"2023";"12";"150113";"LIMA";"LIMA";"JESUS MARIA";"ESSALUD";"0";"00016488";"CENTRO NACIONAL DE SALUD RENAL - ESSALUD";"NE_0001";"";"NE_0001";"NE_0001";"NE_0001";"NE_0001";"NE_0001";"NE_0001";"NE_0001"
"2023";"12";"090609";"HUANCAVELICA";"HUAYTARA";"QUITO ARMA";"GOBIERNO REGIONAL";"I-1";"00004039";"QUITO ARMA";"NE_0001";"";"NE_0001";"NE_0001";"NE_0001";"NE_0001";"NE_0001";"NE_0001";"NE_0001"
"2023";"12";"090602";"HUANCAVELICA";"HUAYTARA";"AYAVI";"GOBIERNO REGIONAL";"I-1";"00004050";"CHAULISMA";"NE_0001";"";"NE_0001";"NE_0001";"NE_0001";"NE_0001";"NE_0001";"NE_0001";"NE_0001"
"2023";"12";"090613";"HUANCAVELICA";"HUAYTARA";"SANTIAGO DE CHOCORVOS";"GOBIERNO REGIONAL";"I-1";"00004057";"SAN LUIS DE CORERAC";"NE_0001";"";"NE_0001";"NE_0001";"NE_0001";"NE_0001";"NE_0001";"NE_0001";"NE_0001"
"2023";"12";"090610";"HUANCAVELICA";"HUAYTARA";"SAN ANTONIO DE CUSICANCHA";"GOBIERNO REGIONAL";"I-1";"00004041";"QUISHUARPAMPA";"NE_0001";"";"NE_0001";"NE_0001";"NE_0001";"NE_0001";"NE_0001";"NE_0001";"NE_0001"
"2023";"12";"090613";"HUANCAVELICA";"HUAYTARA";"SANTIAGO DE CHOCORVOS";"GOBIERNO REGIONAL";"I-1";"00004060";"SANTA ROSA DE OTUTO";"NE_0001";"";"NE_0001";"NE_0001";"NE_0001";"NE_0001";"NE_0001";"NE_0001";"NE_0001"
"2023";"12";"090606";"HUANCAVELICA";"HUAYTARA";"OCOYO";"GOBIERNO REGIONAL";"I-2";"00004072";"PACOMARCA";"NE_0001";"";"NE_0001";"NE_0001";"NE_0001";"NE_0001";"NE_0001";"NE_0001";"NE_0001"
"2023";"12";"090601";"HUANCAVELICA";"HUAYTARA";"HUAYTARA";"GOBIERNO REGIONAL";"I-4";"00004036";"HUAYTARA";"NE_0002";"";"NE_0002";"NE_0002";"NE_0002";"NE_0002";"NE_0002";"NE_0002";"NE_0002"
"2023";"12";"090607";"HUANCAVELICA";"HUAYTARA";"PILPICHACA";"GOBIERNO REGIONAL";"I-2";"00004043";"LLILLINTA";"NE_0001";"";"NE_0001";"NE_0001";"NE_0001";"NE_0001";"NE_0001";"NE_0001";"NE_0001"
"2023";"12";"090615";"HUANCAVELICA";"HUAYTARA";"SANTO DOMINGO DE CAPILLAS";"GOBIERNO REGIONAL";"I-1";"00004052";"VISTA ALEGRE";"NE_0001";"";"NE_0001";"NE_0001";"NE_0001";"NE_0001";"NE_0001";"NE_0001";"NE_0001"
"2023";"12";"090615";"HUANCAVELICA";"HUAYTARA";"SANTO DOMINGO DE CAPILLAS";"GOBIERNO REGIONAL";"I-1";"00004053";"HUAÑACANCHA";"NE_0001";"";"NE_0001";"NE_0001";"NE_0001";"NE_0001";"NE_0001";"NE_0001";"NE_0001"
"2023";"12";"090603";"HUANCAVELICA";"HUAYTARA";"CORDOVA";"GOBIERNO REGIONAL";"I-2";"00004070";"OCOBAMBA";"NE_0001";"";"NE_0001";"NE_0001";"NE_0001";"NE_0001";"NE_0001";"NE_0001";"NE_0001"
"2023";"12";"250101";"UCAYALI";"CORONEL PORTILLO";"CALLERIA";"GOBIERNO REGIONAL";"I-3";"00005565";"NUEVO PARAISO";"NE_0001";"";"NE_0001";"NE_0001";"NE_0001";"NE_0001";"NE_0001";"NE_0001";"NE_0001"
"2023";"12";"250101";"UCAYALI";"CORONEL PORTILLO";"CALLERIA";"GOBIERNO REGIONAL";"I-2";"00005568";"DOS DE MAYO";"NE_0001";"";"NE_0001";"NE_0001";"NE_0001";"NE_0001";"NE_0001";"NE_0001";"NE_0001"
"2023";"12";"250101";"UCAYALI";"CORONEL PORTILLO";"CALLERIA";"GOBIERNO REGIONAL";"I-3";"00005569";"CLAS TUPAC AMARU";"NE_0001";"";"NE_0001";"NE_0001";"NE_0001";"NE_0001";"NE_0001";"NE_0001";"NE_0001"
"2023";"12";"250105";"UCAYALI";"CORONEL PORTILLO";"YARINACOCHA";"GOBIERNO REGIONAL";"I-1";"00005547";"SANTA TERESITA";"NE_0001";"";"NE_0001";"NE_0001";"NE_0001";"NE_0001";"NE_0001";"NE_0001";"NE_0001"
"2023";"12";"250101";"UCAYALI";"CORONEL PORTILLO";"CALLERIA";"GOBIERNO REGIONAL";"I-3";"00005567";"JOSE OLAYA";"NE_0001";"";"NE_0001";"NE_0001";"NE_0001";"NE_0001";"NE_0001";"NE_0001";"NE_0001"
"2023";"12";"250101";"UCAYALI";"CORONEL PORTILLO";"CALLERIA";"GOBIERNO REGIONAL";"I-3";"00030785";"CENTRO DE SALUD MENTAL COMUNITARIO UNIVERSITARIO MAYUSHIN";"NE_0001";"";"NE_0001";"NE_0001";"NE_0001";"NE_0001";"NE_0001";"NE_0001";"NE_0001"
"2023";"12";"250105";"UCAYALI";"CORONEL PORTILLO";"YARINACOCHA";"GOBIERNO REGIONAL";"I-3";"00005539";"CENTRO AMERICA";"NE_0001";"";"NE_0001";"NE_0001";"NE_0001";"NE_0001";"NE_0001";"NE_0001";"NE_0001"
"2023";"12";"250105";"UCAYALI";"CORONEL PORTILLO";"YARINACOCHA";"GOBIERNO REGIONAL";"I-1";"00013264";"SANIDAD AEREA";"NE_0001";"";"NE_0001";"NE_0001";"NE_0001";"NE_0001";"NE_0001";"NE_0001";"NE_0001"
"2023";"12";"250105";"UCAYALI";"CORONEL PORTILLO";"YARINACOCHA";"GOBIERNO REGIONAL";"I-3";"00005566";"HUSARES DEL PERU.";"NE_0001";"";"NE_0001";"NE_0001";"NE_0001";"NE_0001";"NE_0001";"NE_0001";"NE_0001"
"2023";"09";"220805";"SAN MARTIN";"RIOJA";"PARDO MIGUEL";"GOBIERNO REGIONAL";"I-1";"00006309";"TUMBARO";"NE_0001";"";"NE_0001";"NE_0001";"NE_0001";"NE_0001";"NE_0001";"NE_0001";"NE_0001"
"2023";"09";"220805";"SAN MARTIN";"RIOJA";"PARDO MIGUEL";"GOBIERNO REGIONAL";"I-1";"00006308";"SAN AGUSTIN";"NE_0001";"";"NE_0001";"NE_0001";"NE_0001";"NE_0001";"NE_0001";"NE_0001";"NE_0001"
"2023";"09";"220805";"SAN MARTIN";"RIOJA";"PARDO MIGUEL";"GOBIERNO REGIONAL";"I-1";"00006307";"PIONEROS BAJO (SAN JUAN DEL MAYO)";"NE_0001";"";"NE_0001";"NE_0001";"NE_0001";"NE_0001";"NE_0001";"NE_0001";"NE_0001"
"2023";"09";"220805";"SAN MARTIN";"RIOJA";"PARDO MIGUEL";"GOBIERNO REGIONAL";"I-1";"00006306";"EL MIRADOR";"NE_0001";"";"NE_0001";"NE_0001";"NE_0001";"NE_0001";"NE_0001";"NE_0001";"NE_0001"
"2023";"09";"220805";"SAN MARTIN";"RIOJA";"PARDO MIGUEL";"GOBIERNO REGIONAL";"I-2";"00006305";"AGUAS VERDES";"NE_0001";"";"NE_0001";"NE_0001";"NE_0001";"NE_0001";"NE_0001";"NE_0001";"NE_0001"
"2023";"11";"131201";"LA LIBERTAD";"VIRU";"VIRU";"GOBIERNO REGIONAL";"II-1";"00005251";"HOSPITAL PROVINCIAL DE VIRU";"241600";"HOSPITALIZACIÓN QUIRÚRGICA OBSTETRICIA   ";"32";"32";"72";"72";"7";"210";"0"
"2023";"11";"131201";"LA LIBERTAD";"VIRU";"VIRU";"GOBIERNO REGIONAL";"II-1";"00005251";"HOSPITAL PROVINCIAL DE VIRU";"242500";"HOSPITALIZACIÓN-PEDIATRÍA GENERAL-";"5";"7";"30";"26";"5";"150";"0"
"2023";"11";"131201";"LA LIBERTAD";"VIRU";"VIRU";"GOBIERNO REGIONAL";"II-1";"00005251";"HOSPITAL PROVINCIAL DE VIRU";"241800";"HOSPITALIZACIÓN DE MEDICINA MEDICINA GENERAL ";"28";"23";"125";"125";"6";"180";"0"
"2023";"11";"131201";"LA LIBERTAD";"VIRU";"VIRU";"GOBIERNO REGIONAL";"II-1";"00005251";"HOSPITAL PROVINCIAL DE VIRU";"241500";"HOSPITALIZACIÓN QUIRÚRGICA GINECOLOGÍA  ";"18";"17";"38";"38";"3";"90";"0"
"2023";"11";"120705";"JUNIN";"TARMA";"LA UNION";"GOBIERNO REGIONAL";"I-1";"00000598";"CUYRUHUASI";"NE_0001";"";"NE_0001";"NE_0001";"NE_0001";"NE_0001";"NE_0001";"NE_0001";"NE_0001"
"2023";"11";"120705";"JUNIN";"TARMA";"LA UNION";"GOBIERNO REGIONAL";"I-1";"00000599";"CONDORCOCHA";"NE_0001";"";"NE_0001";"NE_0001";"NE_0001";"NE_0001";"NE_0001";"NE_0001";"NE_0001"
"2023";"11";"120805";"JUNIN";"YAULI";"MOROCOCHA";"GOBIERNO REGIONAL";"I-3";"00000563";"MOROCOCHA";"NE_0001";"";"NE_0001";"NE_0001";"NE_0001";"NE_0001";"NE_0001";"NE_0001";"NE_0001"
"2023";"11";"120805";"JUNIN";"YAULI";"MOROCOCHA";"GOBIERNO REGIONAL";"I-1";"00021450";"SAN FRANCISCO DE ASIS DE PUCARA";"NE_0001";"";"NE_0001";"NE_0001";"NE_0001";"NE_0001";"NE_0001";"NE_0001";"NE_0001"
"2023";"11";"120803";"JUNIN";"YAULI";"HUAY HUAY";"GOBIERNO REGIONAL";"I-2";"00000430";"HUAYHUAY";"NE_0001";"";"NE_0001";"NE_0001";"NE_0001";"NE_0001";"NE_0001";"NE_0001";"NE_0001"
"2023";"11";"120804";"JUNIN";"YAULI";"MARCAPOMACOCHA";"GOBIERNO REGIONAL";"I-2";"00000561";"MARCAPOMACOCHA";"NE_0001";"";"NE_0001";"NE_0001";"NE_0001";"NE_0001";"NE_0001";"NE_0001";"NE_0001"
"2023";"11";"120801";"JUNIN";"YAULI";"LA OROYA";"GOBIERNO REGIONAL";"I-1";"00021481";"HUARI";"NE_0001";"";"NE_0001";"NE_0001";"NE_0001";"NE_0001";"NE_0001";"NE_0001";"NE_0001"
"2023";"11";"120809";"JUNIN";"YAULI";"SUITUCANCHA";"GOBIERNO REGIONAL";"I-2";"00000431";"SUITUCANCHA";"NE_0001";"";"NE_0001";"NE_0001";"NE_0001";"NE_0001";"NE_0001";"NE_0001";"NE_0001"
"2023";"11";"250301";"UCAYALI";"PADRE ABAD";"PADRE ABAD";"ESSALUD";"I-2";"00031880";"POSTA DE SALUD AGUAYTIA";"NE_0001";"";"NE_0001";"NE_0001";"NE_0001";"NE_0001";"NE_0001";"NE_0001";"NE_0001"
"2023";"10";"240201";"TUMBES";"CONTRALMIRANTE VILLAR";"ZORRITOS";"ESSALUD";"I-2";"00012273";"POSTA MEDICA ZORRITOS";"NE_0001";"";"NE_0001";"NE_0001";"NE_0001";"NE_0001";"NE_0001";"NE_0001";"NE_0001"
"2023";"11";"021801";"ANCASH";"SANTA";"CHIMBOTE";"PRIVADO";"II-1";"00016552";"CLINICA ROBLES S.A.C.";"240100";"HOSPITALIZACIÓN QUIRÚRGICA CIRUGÍA GENERAL ";"37";"31";"37";"19";"6";"204";"0"
"2023";"11";"021801";"ANCASH";"SANTA";"CHIMBOTE";"PRIVADO";"II-1";"00016552";"CLINICA ROBLES S.A.C.";"241400";"HOSPITALIZACIÓN QUIRÚRGICA GINECO - OBSTETRICIA ";"24";"14";"22";"154";"6";"182";"0"
"2023";"05";"040101";"AREQUIPA";"AREQUIPA";"AREQUIPA";"PRIVADO";"II-E";"00032002";"OFTALMOSALUD AREQUIPA  S.A.C.";"NE_0001";"";"NE_0001";"NE_0001";"NE_0001";"NE_0001";"NE_0001";"NE_0001";"NE_0001"
"2023";"12";"060812";"CAJAMARCA";"JAEN";"SANTA ROSA";"GOBIERNO REGIONAL";"I-3";"00004262";"PUENTECILLOS";"NE_0001";"";"NE_0001";"NE_0001";"NE_0001";"NE_0001";"NE_0001";"NE_0001";"NE_0001"
"2023";"12";"150132";"LIMA";"LIMA";"SAN JUAN DE LURIGANCHO";"MINSA";"II-2";"00005617";"HOSPITAL SAN JUAN DE LURIGANCHO";"240100";"HOSPITALIZACIÓN QUIRÚRGICA CIRUGÍA GENERAL ";"116";"88";"267";"293";"11";"341";"0"
"2023";"12";"150132";"LIMA";"LIMA";"SAN JUAN DE LURIGANCHO";"MINSA";"II-2";"00005617";"HOSPITAL SAN JUAN DE LURIGANCHO";"241500";"HOSPITALIZACIÓN QUIRÚRGICA GINECOLOGÍA  ";"50";"43";"131";"137";"15";"465";"0"
"2023";"12";"150132";"LIMA";"LIMA";"SAN JUAN DE LURIGANCHO";"MINSA";"II-2";"00005617";"HOSPITAL SAN JUAN DE LURIGANCHO";"241600";"HOSPITALIZACIÓN QUIRÚRGICA OBSTETRICIA   ";"234";"193";"398";"405";"16";"496";"0"
"2023";"12";"150132";"LIMA";"LIMA";"SAN JUAN DE LURIGANCHO";"MINSA";"II-2";"00005617";"HOSPITAL SAN JUAN DE LURIGANCHO";"241800";"HOSPITALIZACIÓN DE MEDICINA MEDICINA GENERAL ";"96";"78";"505";"598";"20";"620";"9"
"2023";"12";"150132";"LIMA";"LIMA";"SAN JUAN DE LURIGANCHO";"MINSA";"II-2";"00005617";"HOSPITAL SAN JUAN DE LURIGANCHO";"242300";"HOSPITALIZACIÓN DE PEDIATRÍA  PEDIATRÍA  GENERAL ";"93";"86";"346";"372";"14";"434";"0"
"2023";"12";"150132";"LIMA";"LIMA";"SAN JUAN DE LURIGANCHO";"MINSA";"II-2";"00005617";"HOSPITAL SAN JUAN DE LURIGANCHO";"243200";"HOSPITALIZACIÓN DE PEDIATRÍA PEDIATRIA NEONATOLOGÍA";"6";"6";"19";"23";"1";"31";"0"
"2023";"12";"120403";"JUNIN";"JAUJA";"APATA";"GOBIERNO REGIONAL";"I-1";"00000413";"PAUCAR APATA";"NE_0001";"";"NE_0001";"NE_0001";"NE_0001";"NE_0001";"NE_0001";"NE_0001";"NE_0001"
"2023";"12";"120407";"JUNIN";"JAUJA";"EL MANTARO";"GOBIERNO REGIONAL";"I-1";"00000414";"EL MANTARO";"NE_0001";"";"NE_0001";"NE_0001";"NE_0001";"NE_0001";"NE_0001";"NE_0001";"NE_0001"
"2023";"12";"110501";"ICA";"PISCO";"PISCO";"PRIVADO";"0";"00024336";"CENTRO DE MEDICINA FISICA Y REHABILITACION";"NE_0001";"";"NE_0001";"NE_0001";"NE_0001";"NE_0001";"NE_0001";"NE_0001";"NE_0001"
"2023";"12";"120403";"JUNIN";"JAUJA";"APATA";"GOBIERNO REGIONAL";"I-3";"00000409";"APATA";"NE_0001";"";"NE_0001";"NE_0001";"NE_0001";"NE_0001";"NE_0001";"NE_0001";"NE_0001"
"2023";"12";"120403";"JUNIN";"JAUJA";"APATA";"GOBIERNO REGIONAL";"I-1";"00000412";"CHICCHE";"NE_0001";"";"NE_0001";"NE_0001";"NE_0001";"NE_0001";"NE_0001";"NE_0001";"NE_0001"
"2023";"12";"120403";"JUNIN";"JAUJA";"APATA";"GOBIERNO REGIONAL";"I-1";"00000411";"SAN JOSE DE APATA";"NE_0001";"";"NE_0001";"NE_0001";"NE_0001";"NE_0001";"NE_0001";"NE_0001";"NE_0001"
"2023";"12";"120428";"JUNIN";"JAUJA";"SAN LORENZO";"GOBIERNO REGIONAL";"I-1";"00000416";"SAN LORENZO";"NE_0001";"";"NE_0001";"NE_0001";"NE_0001";"NE_0001";"NE_0001";"NE_0001";"NE_0001"
"2023";"12";"120403";"JUNIN";"JAUJA";"APATA";"GOBIERNO REGIONAL";"I-1";"00000410";"NUEVA ESPERANZA";"NE_0001";"";"NE_0001";"NE_0001";"NE_0001";"NE_0001";"NE_0001";"NE_0001";"NE_0001"
"2023";"12";"120408";"JUNIN";"JAUJA";"HUAMALI";"GOBIERNO REGIONAL";"I-2";"00000415";"HUAMALI";"NE_0001";"";"NE_0001";"NE_0001";"NE_0001";"NE_0001";"NE_0001";"NE_0001";"NE_0001"
"2023";"12";"140101";"LAMBAYEQUE";"CHICLAYO";"CHICLAYO";"PRIVADO";"II-E";"00011129";"MAX SALUD AVISAL S.A.";"241300";"HOSPITALIZACIÓN QUIRÚRGICA UROLOGÍA  ";"6";"6";"12";"8";"5";"155";"0"
"2023";"12";"140101";"LAMBAYEQUE";"CHICLAYO";"CHICLAYO";"PRIVADO";"II-E";"00011129";"MAX SALUD AVISAL S.A.";"240100";"HOSPITALIZACIÓN QUIRÚRGICA CIRUGÍA GENERAL ";"24";"25";"58";"36";"8";"248";"0"
"2023";"12";"030101";"APURIMAC";"ABANCAY";"ABANCAY";"ESSALUD";"II-2";"00011213";"HOSPITAL II ESSALUD ABANCAY";"241900";"HOSPITALIZACIÓN DE MEDICINA MEDICINA INTERNA ";"81";"79";"365";"356";"13";"380";"5"
"2023";"12";"030101";"APURIMAC";"ABANCAY";"ABANCAY";"ESSALUD";"II-2";"00011213";"HOSPITAL II ESSALUD ABANCAY";"250100";"UNIDAD DE CUIDADOS CRITICOS UNIDAD  DE CUIDADOS INTENSIVOS GENERALES (UCI) ";"3";"2";"18";"161";"6";"186";"0"
"2023";"12";"030101";"APURIMAC";"ABANCAY";"ABANCAY";"ESSALUD";"II-2";"00011213";"HOSPITAL II ESSALUD ABANCAY";"240100";"HOSPITALIZACIÓN QUIRÚRGICA CIRUGÍA GENERAL ";"95";"94";"377";"421";"15";"465";"0"
"2023";"12";"030101";"APURIMAC";"ABANCAY";"ABANCAY";"ESSALUD";"II-2";"00011213";"HOSPITAL II ESSALUD ABANCAY";"241400";"HOSPITALIZACIÓN QUIRÚRGICA GINECO - OBSTETRICIA ";"57";"57";"93";"86";"3";"93";"0"
"2023";"12";"030101";"APURIMAC";"ABANCAY";"ABANCAY";"ESSALUD";"II-2";"00011213";"HOSPITAL II ESSALUD ABANCAY";"241600";"HOSPITALIZACIÓN QUIRÚRGICA OBSTETRICIA   ";"57";"57";"136";"121";"5";"155";"0"
"2023";"12";"030101";"APURIMAC";"ABANCAY";"ABANCAY";"ESSALUD";"II-2";"00011213";"HOSPITAL II ESSALUD ABANCAY";"242300";"HOSPITALIZACIÓN DE PEDIATRÍA  PEDIATRÍA  GENERAL ";"44";"44";"171";"178";"5";"178";"0"
"2023";"12";"160108";"LORETO";"MAYNAS";"PUNCHANA";"ESSALUD";"I-3";"00011397";"CENTRO DE ATENCION PRIMARIA III PUNCHANA";"NE_0001";"";"NE_0001";"NE_0001";"NE_0001";"NE_0001";"NE_0001";"NE_0001";"NE_0001"
"2023";"12";"150122";"LIMA";"LIMA";"MIRAFLORES";"MINSA";"III-E";"00006213";"HOSPITAL DE EMERGENCIAS JOSE CASIMIRO ULLOA";"250103";"UNIDAD DE CUIDADOS CRITICOS UNIDAD  DE CUIDADOS INTENSIVOS GENERALES  (UCI) MEDICINA";"13";"13";"172";"183";"6";"186";"0"
"2023";"12";"060612";"CAJAMARCA";"CUTERVO";"SANTO DOMINGO DE LA CAPILLA";"GOBIERNO REGIONAL";"I-1";"00006861";"CHAUPECRUZ";"NE_0001";"";"NE_0001";"NE_0001";"NE_0001";"NE_0001";"NE_0001";"NE_0001";"NE_0001"
"2023";"12";"060602";"CAJAMARCA";"CUTERVO";"CALLAYUC";"GOBIERNO REGIONAL";"I-1";"00004963";"SANTA CLARA";"NE_0001";"";"NE_0001";"NE_0001";"NE_0001";"NE_0001";"NE_0001";"NE_0001";"NE_0001"
"2023";"12";"060612";"CAJAMARCA";"CUTERVO";"SANTO DOMINGO DE LA CAPILLA";"GOBIERNO REGIONAL";"I-1";"00005004";"SAN PEDRO DE LA CAPILLA";"NE_0001";"";"NE_0001";"NE_0001";"NE_0001";"NE_0001";"NE_0001";"NE_0001";"NE_0001"
"2023";"12";"060612";"CAJAMARCA";"CUTERVO";"SANTO DOMINGO DE LA CAPILLA";"GOBIERNO REGIONAL";"I-1";"00006960";"PAN DE AZUCAR";"NE_0001";"";"NE_0001";"NE_0001";"NE_0001";"NE_0001";"NE_0001";"NE_0001";"NE_0001"
"2023";"12";"060612";"CAJAMARCA";"CUTERVO";"SANTO DOMINGO DE LA CAPILLA";"GOBIERNO REGIONAL";"I-1";"00007370";"CEDROPAMPA";"NE_0001";"";"NE_0001";"NE_0001";"NE_0001";"NE_0001";"NE_0001";"NE_0001";"NE_0001"
"2023";"12";"060612";"CAJAMARCA";"CUTERVO";"SANTO DOMINGO DE LA CAPILLA";"GOBIERNO REGIONAL";"I-1";"00006862";"PALO QUEMADO";"NE_0001";"";"NE_0001";"NE_0001";"NE_0001";"NE_0001";"NE_0001";"NE_0001";"NE_0001"
"2023";"12";"060612";"CAJAMARCA";"CUTERVO";"SANTO DOMINGO DE LA CAPILLA";"GOBIERNO REGIONAL";"I-3";"00005002";"STO. DOMINGO DE LA CAPILLA";"NE_0001";"";"NE_0001";"NE_0001";"NE_0001";"NE_0001";"NE_0001";"NE_0001";"NE_0001"
"2023";"12";"060612";"CAJAMARCA";"CUTERVO";"SANTO DOMINGO DE LA CAPILLA";"GOBIERNO REGIONAL";"I-1";"00005003";"MIRAFLORES";"NE_0001";"";"NE_0001";"NE_0001";"NE_0001";"NE_0001";"NE_0001";"NE_0001";"NE_0001"
"2023";"12";"060612";"CAJAMARCA";"CUTERVO";"SANTO DOMINGO DE LA CAPILLA";"GOBIERNO REGIONAL";"I-1";"00006863";"NARANJOS";"NE_0001";"";"NE_0001";"NE_0001";"NE_0001";"NE_0001";"NE_0001";"NE_0001";"NE_0001"
"2023";"12";"060612";"CAJAMARCA";"CUTERVO";"SANTO DOMINGO DE LA CAPILLA";"GOBIERNO REGIONAL";"I-1";"00006864";"NARANJOYACU";"NE_0001";"";"NE_0001";"NE_0001";"NE_0001";"NE_0001";"NE_0001";"NE_0001";"NE_0001"
"2023";"12";"110101";"ICA";"ICA";"ICA";"GOBIERNO REGIONAL";"II-2";"00003358";"HOSPITAL REGIONAL DE ICA";"240100";"HOSPITALIZACIÓN QUIRÚRGICA CIRUGÍA GENERAL ";"124";"189";"1913";"2052";"63";"1953";"2"
"2023";"12";"110101";"ICA";"ICA";"ICA";"GOBIERNO REGIONAL";"II-2";"00003358";"HOSPITAL REGIONAL DE ICA";"241500";"HOSPITALIZACIÓN QUIRÚRGICA GINECOLOGÍA  ";"41";"45";"128";"141";"15";"465";"0"
"2023";"12";"110101";"ICA";"ICA";"ICA";"GOBIERNO REGIONAL";"II-2";"00003358";"HOSPITAL REGIONAL DE ICA";"241600";"HOSPITALIZACIÓN QUIRÚRGICA OBSTETRICIA   ";"211";"236";"495";"608";"26";"806";"0"
"2023";"12";"110101";"ICA";"ICA";"ICA";"GOBIERNO REGIONAL";"II-2";"00003358";"HOSPITAL REGIONAL DE ICA";"241900";"HOSPITALIZACIÓN DE MEDICINA MEDICINA INTERNA ";"131";"181";"1637";"1780";"134";"4154";"12"
"2023";"12";"110101";"ICA";"ICA";"ICA";"GOBIERNO REGIONAL";"II-2";"00003358";"HOSPITAL REGIONAL DE ICA";"242500";"HOSPITALIZACIÓN-PEDIATRÍA GENERAL-";"42";"56";"276";"295";"7";"317";"0"
"2023";"12";"110101";"ICA";"ICA";"ICA";"GOBIERNO REGIONAL";"II-2";"00003358";"HOSPITAL REGIONAL DE ICA";"243200";"HOSPITALIZACIÓN DE PEDIATRÍA PEDIATRIA NEONATOLOGÍA";"34";"36";"118";"128";"12";"372";"0"
"2023";"12";"110101";"ICA";"ICA";"ICA";"GOBIERNO REGIONAL";"II-2";"00003358";"HOSPITAL REGIONAL DE ICA";"250103";"UNIDAD DE CUIDADOS CRITICOS UNIDAD  DE CUIDADOS INTENSIVOS GENERALES  (UCI) MEDICINA";"0";"1";"106";"106";"10";"310";"1"
"2023";"12";"110101";"ICA";"ICA";"ICA";"GOBIERNO REGIONAL";"II-2";"00003358";"HOSPITAL REGIONAL DE ICA";"250105";"UNIDAD DE CUIDADOS CRITICOS UNIDAD  DE CUIDADOS INTENSIVOS  (UCI) NEONATOLOGÍA";"1";"3";"35";"37";"7";"217";"1"
"2023";"12";"110101";"ICA";"ICA";"ICA";"GOBIERNO REGIONAL";"II-2";"00003358";"HOSPITAL REGIONAL DE ICA";"250108";"UNIDAD DE CUIDADOS CRITICOS UNIDAD  DE CUIDADOS INTENSIVOS  (UCI) PEDIÁTRICA";"2";"3";"32";"33";"5";"155";"1"
"2023";"12";"230101";"TACNA";"TACNA";"TACNA";"SANIDAD DEL EJERCITO DEL PERU";"I-3";"00011195";"CENTRO DE SALUD MILITAR DE LA 3RA. BRIGADA DE CABALLERIA TACNA";"NE_0001";"";"NE_0001";"NE_0001";"NE_0001";"NE_0001";"NE_0001";"NE_0001";"NE_0001"
"2023";"12";"090117";"HUANCAVELICA";"HUANCAVELICA";"YAULI";"GOBIERNO REGIONAL";"I-2";"00006822";"PANTACHI SUR";"NE_0001";"";"NE_0001";"NE_0001";"NE_0001";"NE_0001";"NE_0001";"NE_0001";"NE_0001"
"2023";"12";"060101";"CAJAMARCA";"CAJAMARCA";"CAJAMARCA";"PRIVADO";"II-1";"00012761";"CLINICA SAN LORENZO S.R.L.";"240100";"HOSPITALIZACIÓN QUIRÚRGICA CIRUGÍA GENERAL ";"13";"13";"15";"28";"16";"496";"0"
"2023";"12";"060101";"CAJAMARCA";"CAJAMARCA";"CAJAMARCA";"PRIVADO";"II-1";"00012761";"CLINICA SAN LORENZO S.R.L.";"240300";"HOSPITALIZACIÓN QUIRÚRGICA CIRUGÍA DIGESTIVA ";"7";"7";"10";"17";"16";"496";"0"
"2023";"12";"060101";"CAJAMARCA";"CAJAMARCA";"CAJAMARCA";"PRIVADO";"II-1";"00012761";"CLINICA SAN LORENZO S.R.L.";"240801";"HOSPITALIZACIÓN QUIRÚRGICA CIRUGÍA PLÁSTICA/RECONSTRUCTIVA/ REPARADORA QUEMADOS";"3";"3";"4";"7";"16";"496";"0"
"2023";"12";"060101";"CAJAMARCA";"CAJAMARCA";"CAJAMARCA";"PRIVADO";"II-1";"00012761";"CLINICA SAN LORENZO S.R.L.";"241000";"HOSPITALIZACIÓN QUIRÚRGICA ONCOLOGÍA QUIRÚRGICA  ";"7";"7";"13";"20";"16";"496";"0"
"2023";"12";"060101";"CAJAMARCA";"CAJAMARCA";"CAJAMARCA";"PRIVADO";"II-1";"00012761";"CLINICA SAN LORENZO S.R.L.";"241200";"HOSPITALIZACIÓN QUIRÚRGICA TRAUMATOLOGÍA Y ORTOPEDIA ";"19";"19";"29";"48";"16";"496";"0"
"2023";"12";"060101";"CAJAMARCA";"CAJAMARCA";"CAJAMARCA";"PRIVADO";"II-1";"00012761";"CLINICA SAN LORENZO S.R.L.";"241300";"HOSPITALIZACIÓN QUIRÚRGICA UROLOGÍA  ";"6";"6";"7";"13";"16";"496";"0"
"2023";"12";"060101";"CAJAMARCA";"CAJAMARCA";"CAJAMARCA";"PRIVADO";"II-1";"00012761";"CLINICA SAN LORENZO S.R.L.";"241500";"HOSPITALIZACIÓN QUIRÚRGICA GINECOLOGÍA  ";"7";"7";"7";"14";"16";"496";"0"
"2023";"12";"060101";"CAJAMARCA";"CAJAMARCA";"CAJAMARCA";"PRIVADO";"II-1";"00012761";"CLINICA SAN LORENZO S.R.L.";"241900";"HOSPITALIZACIÓN DE MEDICINA MEDICINA INTERNA ";"1";"1";"4";"5";"16";"496";"0"
"2023";"12";"120101";"JUNIN";"HUANCAYO";"HUANCAYO";"GOBIERNO REGIONAL";"III-E";"00000753";"HOSPITAL REGIONAL DOCENTE CLINICO QUIRURGICO DANIEL ALCIDES CARRION";"241900";"HOSPITALIZACIÓN DE MEDICINA MEDICINA INTERNA ";"90";"84";"981";"1268";"41";"1271";"5"
"2023";"12";"120101";"JUNIN";"HUANCAYO";"HUANCAYO";"GOBIERNO REGIONAL";"III-E";"00000753";"HOSPITAL REGIONAL DOCENTE CLINICO QUIRURGICO DANIEL ALCIDES CARRION";"242000";"HOSPITALIZACIÓN DE MEDICINA MEDICINA TROPICAL E INFECCIOSAS ";"22";"20";"286";"376";"13";"403";"1"
"2023";"12";"120101";"JUNIN";"HUANCAYO";"HUANCAYO";"GOBIERNO REGIONAL";"III-E";"00000753";"HOSPITAL REGIONAL DOCENTE CLINICO QUIRURGICO DANIEL ALCIDES CARRION";"244000";"HOSPITALIZACIÓN DE MEDICINA CARDIOLOGIA ";"121";"123";"212";"397";"13";"403";"2"
"2023";"12";"120101";"JUNIN";"HUANCAYO";"HUANCAYO";"GOBIERNO REGIONAL";"III-E";"00000753";"HOSPITAL REGIONAL DOCENTE CLINICO QUIRURGICO DANIEL ALCIDES CARRION";"244200";"HOSPITALIZACIÓN DE MEDICINA ENDOCRINOLOGIA ";"14";"14";"213";"45";"2";"62";"0"
"2023";"12";"120101";"JUNIN";"HUANCAYO";"HUANCAYO";"GOBIERNO REGIONAL";"III-E";"00000753";"HOSPITAL REGIONAL DOCENTE CLINICO QUIRURGICO DANIEL ALCIDES CARRION";"244300";"HOSPITALIZACIÓN DE MEDICINA GASTROENTEROLOGÍA  ";"35";"36";"335";"116";"4";"124";"1"
"2023";"12";"120101";"JUNIN";"HUANCAYO";"HUANCAYO";"GOBIERNO REGIONAL";"III-E";"00000753";"HOSPITAL REGIONAL DOCENTE CLINICO QUIRURGICO DANIEL ALCIDES CARRION";"244400";"HOSPITALIZACIÓN DE MEDICINA GERIATRIA ";"15";"15";"143";"49";"2";"62";"3"
"2023";"12";"120101";"JUNIN";"HUANCAYO";"HUANCAYO";"GOBIERNO REGIONAL";"III-E";"00000753";"HOSPITAL REGIONAL DOCENTE CLINICO QUIRURGICO DANIEL ALCIDES CARRION";"245300";"HOSPITALIZACIÓN DE MEDICINA NEUMOLOGÍA  ";"28";"25";"336";"470";"16";"496";"3"
"2023";"12";"120101";"JUNIN";"HUANCAYO";"HUANCAYO";"GOBIERNO REGIONAL";"III-E";"00000753";"HOSPITAL REGIONAL DOCENTE CLINICO QUIRURGICO DANIEL ALCIDES CARRION";"240100";"HOSPITALIZACIÓN QUIRÚRGICA CIRUGÍA GENERAL ";"150";"165";"1065";"1027";"34";"1054";"2"
"2023";"12";"120101";"JUNIN";"HUANCAYO";"HUANCAYO";"GOBIERNO REGIONAL";"III-E";"00000753";"HOSPITAL REGIONAL DOCENTE CLINICO QUIRURGICO DANIEL ALCIDES CARRION";"240200";"HOSPITALIZACIÓN QUIRÚRGICA CIRUGÍA DE CABEZA Y CUELLO / MÁXILO FACIAL ";"8";"13";"108";"158";"6";"186";"0"
"2023";"12";"120101";"JUNIN";"HUANCAYO";"HUANCAYO";"GOBIERNO REGIONAL";"III-E";"00000753";"HOSPITAL REGIONAL DOCENTE CLINICO QUIRURGICO DANIEL ALCIDES CARRION";"240400";"HOSPITALIZACIÓN QUIRÚRGICA CIRUGÍA DE TÓRAX Y CARDIOVASCULAR ";"3";"2";"51";"24";"1";"31";"0"
"2023";"12";"120101";"JUNIN";"HUANCAYO";"HUANCAYO";"GOBIERNO REGIONAL";"III-E";"00000753";"HOSPITAL REGIONAL DOCENTE CLINICO QUIRURGICO DANIEL ALCIDES CARRION";"240600";"HOSPITALIZACIÓN QUIRÚRGICA CIRUGÍA OFTALMOLÓGICA ";"1";"1";"3";"12";"1";"31";"0"
"2023";"12";"120101";"JUNIN";"HUANCAYO";"HUANCAYO";"GOBIERNO REGIONAL";"III-E";"00000753";"HOSPITAL REGIONAL DOCENTE CLINICO QUIRURGICO DANIEL ALCIDES CARRION";"240800";"HOSPITALIZACIÓN QUIRÚRGICA CIRUGÍA PLÁSTICA/RECONSTRUCTIVA/ REPARADORA ";"9";"8";"185";"98";"4";"124";"0"
"2023";"12";"120101";"JUNIN";"HUANCAYO";"HUANCAYO";"GOBIERNO REGIONAL";"III-E";"00000753";"HOSPITAL REGIONAL DOCENTE CLINICO QUIRURGICO DANIEL ALCIDES CARRION";"240900";"HOSPITALIZACIÓN QUIRÚRGICA NEUROCIRUGÍA ";"32";"37";"624";"451";"15";"465";"4"
"2023";"12";"120101";"JUNIN";"HUANCAYO";"HUANCAYO";"GOBIERNO REGIONAL";"III-E";"00000753";"HOSPITAL REGIONAL DOCENTE CLINICO QUIRURGICO DANIEL ALCIDES CARRION";"241200";"HOSPITALIZACIÓN QUIRÚRGICA TRAUMATOLOGÍA Y ORTOPEDIA ";"61";"59";"693";"935";"31";"961";"2"
"2023";"11";"100105";"HUANUCO";"HUANUCO";"MARGOS";"GOBIERNO REGIONAL";"I-3";"00000797";"MARGOS";"NE_0001";"";"NE_0001";"NE_0001";"NE_0001";"NE_0001";"NE_0001";"NE_0001";"NE_0001"
"2023";"11";"100105";"HUANUCO";"HUANUCO";"MARGOS";"GOBIERNO REGIONAL";"I-1";"00000798";"JESUS DE NAZARETH DE COCHAS";"NE_0001";"";"NE_0001";"NE_0001";"NE_0001";"NE_0001";"NE_0001";"NE_0001";"NE_0001"
"2023";"11";"100105";"HUANUCO";"HUANUCO";"MARGOS";"GOBIERNO REGIONAL";"I-1";"00000799";"SAN FRANCISCO DE LLAMAPASHILLUM";"NE_0001";"";"NE_0001";"NE_0001";"NE_0001";"NE_0001";"NE_0001";"NE_0001";"NE_0001"
"2023";"11";"100105";"HUANUCO";"HUANUCO";"MARGOS";"GOBIERNO REGIONAL";"I-1";"00000800";"PACAYHUA";"NE_0001";"";"NE_0001";"NE_0001";"NE_0001";"NE_0001";"NE_0001";"NE_0001";"NE_0001"
"2023";"09";"040101";"AREQUIPA";"AREQUIPA";"AREQUIPA";"PRIVADO";"II-E";"00032002";"OFTALMOSALUD AREQUIPA  S.A.C.";"NE_0001";"";"NE_0001";"NE_0001";"NE_0001";"NE_0001";"NE_0001";"NE_0001";"NE_0001"
"2023";"11";"160113";"LORETO";"MAYNAS";"SAN JUAN BAUTISTA";"ESSALUD";"I-3";"00011386";"CAP II SAN JUAN BAUTISTA";"NE_0001";"";"NE_0001";"NE_0001";"NE_0001";"NE_0001";"NE_0001";"NE_0001";"NE_0001"
"2023";"11";"040608";"AREQUIPA";"CONDESUYOS";"YANAQUIHUA";"GOBIERNO REGIONAL";"I-2";"00001414";"PUESTO DE SALUD ISPACAS";"NE_0001";"";"NE_0001";"NE_0001";"NE_0001";"NE_0001";"NE_0001";"NE_0001";"NE_0001"
"2023";"11";"040605";"AREQUIPA";"CONDESUYOS";"IRAY";"GOBIERNO REGIONAL";"I-2";"00001409";"IRAY";"NE_0001";"";"NE_0001";"NE_0001";"NE_0001";"NE_0001";"NE_0001";"NE_0001";"NE_0001"
"2023";"11";"040607";"AREQUIPA";"CONDESUYOS";"SALAMANCA";"GOBIERNO REGIONAL";"I-1";"00001413";"PUESTO DE SALUD PUCUNCHO";"NE_0001";"";"NE_0001";"NE_0001";"NE_0001";"NE_0001";"NE_0001";"NE_0001";"NE_0001"
"2023";"11";"040604";"AREQUIPA";"CONDESUYOS";"CHICHAS";"GOBIERNO REGIONAL";"I-2";"00001410";"PUESTO DE SALUD CHICHAS";"NE_0001";"";"NE_0001";"NE_0001";"NE_0001";"NE_0001";"NE_0001";"NE_0001";"NE_0001"
"2023";"11";"040604";"AREQUIPA";"CONDESUYOS";"CHICHAS";"GOBIERNO REGIONAL";"I-2";"00001411";"PUESTO DE SALUD YACHANGUILLO";"NE_0001";"";"NE_0001";"NE_0001";"NE_0001";"NE_0001";"NE_0001";"NE_0001";"NE_0001"
"2023";"11";"040604";"AREQUIPA";"CONDESUYOS";"CHICHAS";"GOBIERNO REGIONAL";"I-1";"00001416";"YANQUE";"NE_0001";"";"NE_0001";"NE_0001";"NE_0001";"NE_0001";"NE_0001";"NE_0001";"NE_0001"
"2023";"11";"040607";"AREQUIPA";"CONDESUYOS";"SALAMANCA";"GOBIERNO REGIONAL";"I-2";"00001412";"PUESTO DE SALUD SALAMANCA";"NE_0001";"";"NE_0001";"NE_0001";"NE_0001";"NE_0001";"NE_0001";"NE_0001";"NE_0001"
"2023";"11";"040601";"AREQUIPA";"CONDESUYOS";"CHUQUIBAMBA";"GOBIERNO REGIONAL";"I-4";"00001388";"CENTRO DE SALUD CHUQUIBAMBA";"NE_0002";"";"NE_0002";"NE_0002";"NE_0002";"NE_0002";"NE_0002";"NE_0002";"NE_0002"
"2023";"11";"040608";"AREQUIPA";"CONDESUYOS";"YANAQUIHUA";"GOBIERNO REGIONAL";"I-3";"00001389";"CENTRO DE SALUD YANAQUIHUA";"NE_0001";"";"NE_0001";"NE_0001";"NE_0001";"NE_0001";"NE_0001";"NE_0001";"NE_0001"
"2023";"11";"040602";"AREQUIPA";"CONDESUYOS";"ANDARAY";"GOBIERNO REGIONAL";"I-2";"00001415";"PUESTO DE SALUD ANDARAY";"NE_0001";"";"NE_0001";"NE_0001";"NE_0001";"NE_0001";"NE_0001";"NE_0001";"NE_0001"
"2023";"11";"150116";"LIMA";"LIMA";"LINCE";"PRIVADO";"I-3";"00017909";"POLICLINICO RISSO";"NE_0001";"";"NE_0001";"NE_0001";"NE_0001";"NE_0001";"NE_0001";"NE_0001";"NE_0001"
"2023";"12";"120101";"JUNIN";"HUANCAYO";"HUANCAYO";"PRIVADO";"II-2";"00008858";"CLINICA ORTEGA";"240100";"HOSPITALIZACIÓN QUIRÚRGICA CIRUGÍA GENERAL ";"45";"45";"152";"152";"7";"217";"0"
"2023";"12";"120101";"JUNIN";"HUANCAYO";"HUANCAYO";"PRIVADO";"II-2";"00008858";"CLINICA ORTEGA";"240200";"HOSPITALIZACIÓN QUIRÚRGICA CIRUGÍA DE CABEZA Y CUELLO / MÁXILO FACIAL ";"3";"3";"7";"7";"3";"93";"0"
"2023";"12";"120101";"JUNIN";"HUANCAYO";"HUANCAYO";"PRIVADO";"II-2";"00008858";"CLINICA ORTEGA";"240700";"HOSPITALIZACIÓN QUIRÚRGICA CIRUGÍA PEDIÁTRICA ";"3";"3";"3";"3";"3";"93";"0"
"2023";"12";"120101";"JUNIN";"HUANCAYO";"HUANCAYO";"PRIVADO";"II-2";"00008858";"CLINICA ORTEGA";"240900";"HOSPITALIZACIÓN QUIRÚRGICA NEUROCIRUGÍA ";"15";"15";"85";"85";"5";"155";"0"
"2023";"12";"120101";"JUNIN";"HUANCAYO";"HUANCAYO";"PRIVADO";"II-2";"00008858";"CLINICA ORTEGA";"241000";"HOSPITALIZACIÓN QUIRÚRGICA ONCOLOGÍA QUIRÚRGICA  ";"6";"6";"21";"21";"3";"93";"0"
"2023";"12";"120101";"JUNIN";"HUANCAYO";"HUANCAYO";"PRIVADO";"II-2";"00008858";"CLINICA ORTEGA";"241100";"HOSPITALIZACIÓN QUIRÚRGICA OTORRINOLARINGOLOGÍA  ";"8";"8";"25";"25";"3";"93";"0"
"2023";"12";"120101";"JUNIN";"HUANCAYO";"HUANCAYO";"PRIVADO";"II-2";"00008858";"CLINICA ORTEGA";"241200";"HOSPITALIZACIÓN QUIRÚRGICA TRAUMATOLOGÍA Y ORTOPEDIA ";"60";"60";"183";"183";"8";"248";"0"
"2023";"12";"120101";"JUNIN";"HUANCAYO";"HUANCAYO";"PRIVADO";"II-2";"00008858";"CLINICA ORTEGA";"241300";"HOSPITALIZACIÓN QUIRÚRGICA UROLOGÍA  ";"5";"5";"15";"15";"3";"93";"0"
"2023";"12";"120101";"JUNIN";"HUANCAYO";"HUANCAYO";"PRIVADO";"II-2";"00008858";"CLINICA ORTEGA";"241400";"HOSPITALIZACIÓN QUIRÚRGICA GINECO - OBSTETRICIA ";"21";"21";"60";"60";"4";"124";"0"
"2023";"12";"120101";"JUNIN";"HUANCAYO";"HUANCAYO";"PRIVADO";"II-2";"00008858";"CLINICA ORTEGA";"241800";"HOSPITALIZACIÓN DE MEDICINA MEDICINA GENERAL ";"1";"1";"5";"5";"3";"93";"0"
"2023";"12";"120101";"JUNIN";"HUANCAYO";"HUANCAYO";"PRIVADO";"II-2";"00008858";"CLINICA ORTEGA";"241900";"HOSPITALIZACIÓN DE MEDICINA MEDICINA INTERNA ";"26";"26";"73";"73";"5";"155";"0"
"2023";"12";"120101";"JUNIN";"HUANCAYO";"HUANCAYO";"PRIVADO";"II-2";"00008858";"CLINICA ORTEGA";"242100";"HOSPITALIZACIÓN DE MEDICINA ONCOLOGÍA MÉDICA ";"1";"1";"4";"4";"3";"93";"1"
"2023";"12";"120101";"JUNIN";"HUANCAYO";"HUANCAYO";"PRIVADO";"II-2";"00008858";"CLINICA ORTEGA";"242300";"HOSPITALIZACIÓN DE PEDIATRÍA  PEDIATRÍA  GENERAL ";"4";"4";"13";"13";"3";"93";"0"
"2023";"12";"120101";"JUNIN";"HUANCAYO";"HUANCAYO";"PRIVADO";"II-2";"00008858";"CLINICA ORTEGA";"250100";"UNIDAD DE CUIDADOS CRITICOS UNIDAD  DE CUIDADOS INTENSIVOS GENERALES (UCI) ";"1";"1";"21";"21";"3";"93";"0"
"2023";"12";"150134";"LIMA";"LIMA";"SAN LUIS";"ESSALUD";"I-3";"00008289";"POLICLÍNICO DE COMPLEJIDAD CRECIENTE SAN LUIS";"NE_0001";"";"NE_0001";"NE_0001";"NE_0001";"NE_0001";"NE_0001";"NE_0001";"NE_0001"
"2023";"12";"210101";"PUNO";"PUNO";"PUNO";"ESSALUD";"II-2";"00009215";"HOSPITAL III BASE  (PUNO) - RED ASISTENCIAL PUNO";"240000";"HOSPITALIZACIÓN";"118";"143";"876";"719";"33";"1023";"5"
"2023";"12";"210101";"PUNO";"PUNO";"PUNO";"ESSALUD";"II-2";"00009215";"HOSPITAL III BASE  (PUNO) - RED ASISTENCIAL PUNO";"241900";"HOSPITALIZACIÓN DE MEDICINA MEDICINA INTERNA ";"34";"32";"334";"248";"13";"403";"8"
"2023";"12";"210101";"PUNO";"PUNO";"PUNO";"ESSALUD";"II-2";"00009215";"HOSPITAL III BASE  (PUNO) - RED ASISTENCIAL PUNO";"240100";"HOSPITALIZACIÓN QUIRÚRGICA CIRUGÍA GENERAL ";"63";"71";"195";"169";"10";"310";"0"
"2023";"12";"210101";"PUNO";"PUNO";"PUNO";"ESSALUD";"II-2";"00009215";"HOSPITAL III BASE  (PUNO) - RED ASISTENCIAL PUNO";"241500";"HOSPITALIZACIÓN QUIRÚRGICA GINECOLOGÍA  ";"37";"35";"85";"79";"4";"124";"0"
"2023";"12";"210101";"PUNO";"PUNO";"PUNO";"ESSALUD";"II-2";"00009215";"HOSPITAL III BASE  (PUNO) - RED ASISTENCIAL PUNO";"241600";"HOSPITALIZACIÓN QUIRÚRGICA OBSTETRICIA   ";"65";"73";"180";"161";"10";"310";"0"
"2023";"12";"210101";"PUNO";"PUNO";"PUNO";"ESSALUD";"II-2";"00009215";"HOSPITAL III BASE  (PUNO) - RED ASISTENCIAL PUNO";"242300";"HOSPITALIZACIÓN DE PEDIATRÍA  PEDIATRÍA  GENERAL ";"95";"102";"296";"258";"12";"372";"0"
"2023";"12";"210101";"PUNO";"PUNO";"PUNO";"ESSALUD";"II-2";"00009215";"HOSPITAL III BASE  (PUNO) - RED ASISTENCIAL PUNO";"250100";"UNIDAD DE CUIDADOS CRITICOS UNIDAD  DE CUIDADOS INTENSIVOS GENERALES (UCI) ";"4";"0";"0";"49";"4";"124";"0"
"2023";"12";"210101";"PUNO";"PUNO";"PUNO";"ESSALUD";"II-2";"00009215";"HOSPITAL III BASE  (PUNO) - RED ASISTENCIAL PUNO";"250200";"UNIDAD DE CUIDADOS CRITICOS UNIDAD DE CUIDADOS INTERMEDIOS GENERAL  (UCIN) ";"5";"1";"8";"78";"4";"124";"1"
"2023";"12";"040109";"AREQUIPA";"AREQUIPA";"MARIANO MELGAR";"PRIVADO";"II-E";"00019481";"CLINICA J. PRADO SANTA MARIA E.I.R.L.";"240000";"HOSPITALIZACIÓN";"212";"219";"320";"319";"35";"1085";"0"
"2023";"12";"130106";"LA LIBERTAD";"TRUJILLO";"LAREDO";"GOBIERNO REGIONAL";"II-1";"00005231";"HOSPITAL DISTRITAL LAREDO";"241400";"HOSPITALIZACIÓN QUIRÚRGICA GINECO - OBSTETRICIA ";"32";"32";"62";"94";"6";"186";"0"
"2023";"12";"130106";"LA LIBERTAD";"TRUJILLO";"LAREDO";"GOBIERNO REGIONAL";"II-1";"00005231";"HOSPITAL DISTRITAL LAREDO";"241800";"HOSPITALIZACIÓN DE MEDICINA MEDICINA GENERAL ";"43";"43";"144";"187";"12";"372";"0"
"2023";"12";"130106";"LA LIBERTAD";"TRUJILLO";"LAREDO";"GOBIERNO REGIONAL";"II-1";"00005231";"HOSPITAL DISTRITAL LAREDO";"242500";"HOSPITALIZACIÓN-PEDIATRÍA GENERAL-";"10";"10";"27";"37";"3";"93";"0"
"2023";"12";"030201";"APURIMAC";"ANDAHUAYLAS";"ANDAHUAYLAS";"ESSALUD";"II-1";"00011214";"HOSPITAL I SANTA MARGARITA";"241800";"HOSPITALIZACIÓN DE MEDICINA MEDICINA GENERAL ";"36";"29";"167";"142";"6";"185";"2"
"2023";"12";"030201";"APURIMAC";"ANDAHUAYLAS";"ANDAHUAYLAS";"ESSALUD";"II-1";"00011214";"HOSPITAL I SANTA MARGARITA";"240100";"HOSPITALIZACIÓN QUIRÚRGICA CIRUGÍA GENERAL ";"28";"27";"144";"125";"4";"125";"0"
"2023";"12";"030201";"APURIMAC";"ANDAHUAYLAS";"ANDAHUAYLAS";"ESSALUD";"II-1";"00011214";"HOSPITAL I SANTA MARGARITA";"241400";"HOSPITALIZACIÓN QUIRÚRGICA GINECO - OBSTETRICIA ";"9";"6";"20";"16";"1";"31";"0"
"2023";"12";"030201";"APURIMAC";"ANDAHUAYLAS";"ANDAHUAYLAS";"ESSALUD";"II-1";"00011214";"HOSPITAL I SANTA MARGARITA";"241600";"HOSPITALIZACIÓN QUIRÚRGICA OBSTETRICIA   ";"38";"40";"85";"82";"3";"93";"0"
"2023";"12";"030201";"APURIMAC";"ANDAHUAYLAS";"ANDAHUAYLAS";"ESSALUD";"II-1";"00011214";"HOSPITAL I SANTA MARGARITA";"242300";"HOSPITALIZACIÓN DE PEDIATRÍA  PEDIATRÍA  GENERAL ";"12";"11";"63";"55";"2";"62";"0"
"2023";"12";"010201";"AMAZONAS";"BAGUA";"BAGUA";"ESSALUD";"II-1";"00009068";"HOSPITAL I HEROES DEL CENEPA";"241800";"HOSPITALIZACIÓN DE MEDICINA MEDICINA GENERAL ";"23";"30";"80";"76";"4";"124";"0"
"2023";"12";"010201";"AMAZONAS";"BAGUA";"BAGUA";"ESSALUD";"II-1";"00009068";"HOSPITAL I HEROES DEL CENEPA";"240100";"HOSPITALIZACIÓN QUIRÚRGICA CIRUGÍA GENERAL ";"19";"15";"36";"36";"3";"93";"0"
"2023";"12";"010201";"AMAZONAS";"BAGUA";"BAGUA";"ESSALUD";"II-1";"00009068";"HOSPITAL I HEROES DEL CENEPA";"241500";"HOSPITALIZACIÓN QUIRÚRGICA GINECOLOGÍA  ";"23";"29";"78";"76";"3";"93";"0"
"2023";"12";"010201";"AMAZONAS";"BAGUA";"BAGUA";"ESSALUD";"II-1";"00009068";"HOSPITAL I HEROES DEL CENEPA";"242300";"HOSPITALIZACIÓN DE PEDIATRÍA  PEDIATRÍA  GENERAL ";"23";"12";"37";"37";"3";"93";"0"
"2023";"12";"150120";"LIMA";"LIMA";"MAGDALENA DEL MAR";"PRIVADO";"II-E";"00015349";"MEDICAL PLASTIC";"240800";"HOSPITALIZACIÓN QUIRÚRGICA CIRUGÍA PLÁSTICA/RECONSTRUCTIVA/ REPARADORA ";"4";"4";"4";"4";"4";"124";"0"
"2023";"12";"110201";"ICA";"CHINCHA";"CHINCHA ALTA";"PRIVADO";"I-3";"00011272";"DANIEL A. CARRION EIRL";"NE_0001";"";"NE_0001";"NE_0001";"NE_0001";"NE_0001";"NE_0001";"NE_0001";"NE_0001"
"2023";"12";"060801";"CAJAMARCA";"JAEN";"JAEN";"GOBIERNO REGIONAL";"I-2";"00004216";"LA CASCARILLA";"NE_0001";"";"NE_0001";"NE_0001";"NE_0001";"NE_0001";"NE_0001";"NE_0001";"NE_0001"
"2023";"12";"060801";"CAJAMARCA";"JAEN";"JAEN";"GOBIERNO REGIONAL";"I-1";"00024719";"LA VIRGINIA";"NE_0001";"";"NE_0001";"NE_0001";"NE_0001";"NE_0001";"NE_0001";"NE_0001";"NE_0001"
"2023";"12";"060801";"CAJAMARCA";"JAEN";"JAEN";"GOBIERNO REGIONAL";"I-1";"00004222";"ALTO VISTA ALEGRE";"NE_0001";"";"NE_0001";"NE_0001";"NE_0001";"NE_0001";"NE_0001";"NE_0001";"NE_0001"
"2023";"12";"060801";"CAJAMARCA";"JAEN";"JAEN";"GOBIERNO REGIONAL";"I-1";"00006994";"LOMA SANTA";"NE_0001";"";"NE_0001";"NE_0001";"NE_0001";"NE_0001";"NE_0001";"NE_0001";"NE_0001"
"2023";"12";"060801";"CAJAMARCA";"JAEN";"JAEN";"GOBIERNO REGIONAL";"I-3";"00025526";"LOS SAUCES";"NE_0001";"";"NE_0001";"NE_0001";"NE_0001";"NE_0001";"NE_0001";"NE_0001";"NE_0001"
"2023";"12";"060801";"CAJAMARCA";"JAEN";"JAEN";"GOBIERNO REGIONAL";"I-3";"00004212";"MAGLLANAL";"NE_0001";"";"NE_0001";"NE_0001";"NE_0001";"NE_0001";"NE_0001";"NE_0001";"NE_0001"
"2023";"12";"060801";"CAJAMARCA";"JAEN";"JAEN";"GOBIERNO REGIONAL";"I-1";"00016137";"RINCONADA LAJEÑA";"NE_0001";"";"NE_0001";"NE_0001";"NE_0001";"NE_0001";"NE_0001";"NE_0001";"NE_0001"
"2023";"12";"060801";"CAJAMARCA";"JAEN";"JAEN";"GOBIERNO REGIONAL";"I-1";"00015392";"SAN JOSE DE LA ALIANZA";"NE_0001";"";"NE_0001";"NE_0001";"NE_0001";"NE_0001";"NE_0001";"NE_0001";"NE_0001"
"2023";"12";"120204";"JUNIN";"CONCEPCION";"CHAMBARA";"GOBIERNO REGIONAL";"I-1";"00000638";"SAN BLAS";"NE_0002";"";"NE_0002";"NE_0002";"NE_0002";"NE_0002";"NE_0002";"NE_0002";"NE_0002"
"2023";"12";"120904";"JUNIN";"CHUPACA";"HUACHAC";"GOBIERNO REGIONAL";"I-1";"00000654";"ANTAPAMPA";"NE_0002";"";"NE_0002";"NE_0002";"NE_0002";"NE_0002";"NE_0002";"NE_0002";"NE_0002"
"2023";"12";"120204";"JUNIN";"CONCEPCION";"CHAMBARA";"GOBIERNO REGIONAL";"I-1";"00000637";"STA. ROSA DE TISTES";"NE_0002";"";"NE_0002";"NE_0002";"NE_0002";"NE_0002";"NE_0002";"NE_0002";"NE_0002"
"2023";"12";"120204";"JUNIN";"CONCEPCION";"CHAMBARA";"GOBIERNO REGIONAL";"I-2";"00000636";"CHAMBARA";"NE_0002";"";"NE_0002";"NE_0002";"NE_0002";"NE_0002";"NE_0002";"NE_0002";"NE_0002"
"2023";"12";"150115";"LIMA";"LIMA";"LA VICTORIA";"MINSA";"III-E";"00006212";"HOSPITAL DE EMERGENCIAS PEDIATRICAS";"240700";"HOSPITALIZACIÓN QUIRÚRGICA CIRUGÍA PEDIÁTRICA ";"36";"38";"196";"174";"7";"217";"0"
"2023";"12";"150115";"LIMA";"LIMA";"LA VICTORIA";"MINSA";"III-E";"00006212";"HOSPITAL DE EMERGENCIAS PEDIATRICAS";"250105";"UNIDAD DE CUIDADOS CRITICOS UNIDAD  DE CUIDADOS INTENSIVOS  (UCI) NEONATOLOGÍA";"3";"3";"29";"84";"4";"124";"0"
"2023";"12";"150115";"LIMA";"LIMA";"LA VICTORIA";"MINSA";"III-E";"00006212";"HOSPITAL DE EMERGENCIAS PEDIATRICAS";"250108";"UNIDAD DE CUIDADOS CRITICOS UNIDAD  DE CUIDADOS INTENSIVOS  (UCI) PEDIÁTRICA";"12";"15";"43";"186";"8";"248";"1"
"2023";"12";"150115";"LIMA";"LIMA";"LA VICTORIA";"MINSA";"III-E";"00006212";"HOSPITAL DE EMERGENCIAS PEDIATRICAS";"240900";"HOSPITALIZACIÓN QUIRÚRGICA NEUROCIRUGÍA ";"13";"13";"143";"108";"6";"186";"0"
"2023";"12";"150115";"LIMA";"LIMA";"LA VICTORIA";"MINSA";"III-E";"00006212";"HOSPITAL DE EMERGENCIAS PEDIATRICAS";"241200";"HOSPITALIZACIÓN QUIRÚRGICA TRAUMATOLOGÍA Y ORTOPEDIA ";"38";"38";"116";"114";"6";"186";"0"
"2023";"12";"150115";"LIMA";"LIMA";"LA VICTORIA";"MINSA";"III-E";"00006212";"HOSPITAL DE EMERGENCIAS PEDIATRICAS";"242300";"HOSPITALIZACIÓN DE PEDIATRÍA  PEDIATRÍA  GENERAL ";"104";"106";"535";"708";"25";"775";"0"
"2023";"12";"120409";"JUNIN";"JAUJA";"HUARIPAMPA";"GOBIERNO REGIONAL";"I-1";"00000400";"HUARIPAMPA";"NE_0001";"";"NE_0001";"NE_0001";"NE_0001";"NE_0001";"NE_0001";"NE_0001";"NE_0001"
"2023";"12";"120420";"JUNIN";"JAUJA";"MUQUI";"GOBIERNO REGIONAL";"I-1";"00000402";"MUQUI";"NE_0001";"";"NE_0001";"NE_0001";"NE_0001";"NE_0001";"NE_0001";"NE_0001";"NE_0001"
"2023";"12";"120431";"JUNIN";"JAUJA";"SINCOS";"GOBIERNO REGIONAL";"I-1";"00000407";"SALLAHUACHAC";"NE_0001";"";"NE_0001";"NE_0001";"NE_0001";"NE_0001";"NE_0001";"NE_0001";"NE_0001"
"2023";"12";"120431";"JUNIN";"JAUJA";"SINCOS";"GOBIERNO REGIONAL";"I-3";"00000404";"SINCOS";"NE_0001";"";"NE_0001";"NE_0001";"NE_0001";"NE_0001";"NE_0001";"NE_0001";"NE_0001"
"2023";"12";"120431";"JUNIN";"JAUJA";"SINCOS";"GOBIERNO REGIONAL";"I-1";"00000405";"LLACUARIPAMPA";"NE_0001";"";"NE_0001";"NE_0001";"NE_0001";"NE_0001";"NE_0001";"NE_0001";"NE_0001"
"2023";"12";"120413";"JUNIN";"JAUJA";"LEONOR ORDOÑEZ";"GOBIERNO REGIONAL";"I-1";"00000401";"HUANCANI";"NE_0001";"";"NE_0001";"NE_0001";"NE_0001";"NE_0001";"NE_0001";"NE_0001";"NE_0001"
"2023";"12";"120431";"JUNIN";"JAUJA";"SINCOS";"GOBIERNO REGIONAL";"I-2";"00000406";"ARAMACHAY";"NE_0001";"";"NE_0001";"NE_0001";"NE_0001";"NE_0001";"NE_0001";"NE_0001";"NE_0001"
"2023";"12";"120431";"JUNIN";"JAUJA";"SINCOS";"GOBIERNO REGIONAL";"I-1";"00000408";"CHALHUAS";"NE_0001";"";"NE_0001";"NE_0001";"NE_0001";"NE_0001";"NE_0001";"NE_0001";"NE_0001"
"2023";"12";"120421";"JUNIN";"JAUJA";"MUQUIYAUYO";"GOBIERNO REGIONAL";"I-2";"00000403";"MUQUIYAUYO";"NE_0001";"";"NE_0001";"NE_0001";"NE_0001";"NE_0001";"NE_0001";"NE_0001";"NE_0001"
"2023";"12";"130901";"LA LIBERTAD";"SANCHEZ CARRION";"HUAMACHUCO";"GOBIERNO REGIONAL";"I-1";"00029010";"PALLAR ALTO";"NE_0001";"";"NE_0001";"NE_0001";"NE_0001";"NE_0001";"NE_0001";"NE_0001";"NE_0001"
"2023";"12";"120607";"JUNIN";"SATIPO";"RIO NEGRO";"GOBIERNO REGIONAL";"I-2";"00000496";"VILLA CAPIRI";"NE_0001";"";"NE_0001";"NE_0001";"NE_0001";"NE_0001";"NE_0001";"NE_0001";"NE_0001"
"2023";"12";"120607";"JUNIN";"SATIPO";"RIO NEGRO";"GOBIERNO REGIONAL";"I-1";"00013862";"MIGUEL GRAU";"NE_0001";"";"NE_0001";"NE_0001";"NE_0001";"NE_0001";"NE_0001";"NE_0001";"NE_0001"
"2023";"12";"120607";"JUNIN";"SATIPO";"RIO NEGRO";"GOBIERNO REGIONAL";"I-1";"00013863";"ALTO VILLA VICTORIA";"NE_0001";"";"NE_0001";"NE_0001";"NE_0001";"NE_0001";"NE_0001";"NE_0001";"NE_0001"
"2023";"12";"120607";"JUNIN";"SATIPO";"RIO NEGRO";"GOBIERNO REGIONAL";"I-2";"00000499";"PUENTE IPOKI";"NE_0001";"";"NE_0001";"NE_0001";"NE_0001";"NE_0001";"NE_0001";"NE_0001";"NE_0001"
"2023";"12";"120601";"JUNIN";"SATIPO";"SATIPO";"GOBIERNO REGIONAL";"I-2";"00000481";"PARATUSHALI";"NE_0001";"";"NE_0001";"NE_0001";"NE_0001";"NE_0001";"NE_0001";"NE_0001";"NE_0001"
"2023";"11";"081007";"CUSCO";"PARURO";"PACCARITAMBO";"GOBIERNO REGIONAL";"I-2";"00002507";"PACCARECTAMBO";"NE_0002";"";"NE_0002";"NE_0002";"NE_0002";"NE_0002";"NE_0002";"NE_0002";"NE_0002"
"2023";"11";"081004";"CUSCO";"PARURO";"COLCHA";"GOBIERNO REGIONAL";"I-1";"00002503";"COLCHA";"NE_0002";"";"NE_0002";"NE_0002";"NE_0002";"NE_0002";"NE_0002";"NE_0002";"NE_0002"
"2023";"11";"081006";"CUSCO";"PARURO";"OMACHA";"GOBIERNO REGIONAL";"I-2";"00007147";"PUESTO DE SALUD DE HUASQUILLAY";"NE_0002";"";"NE_0002";"NE_0002";"NE_0002";"NE_0002";"NE_0002";"NE_0002";"NE_0002"
"2023";"11";"120114";"JUNIN";"HUANCAYO";"EL TAMBO";"ESSALUD";"III-1";"00008652";"HOSPITAL NACIONAL RAMIRO PRIALE PRIALE";"242300";"HOSPITALIZACIÓN DE PEDIATRÍA  PEDIATRÍA  GENERAL ";"77";"82";"353";"326";"11";"330";"0"
"2023";"11";"120114";"JUNIN";"HUANCAYO";"EL TAMBO";"ESSALUD";"III-1";"00008652";"HOSPITAL NACIONAL RAMIRO PRIALE PRIALE";"242600";"HOSPITALIZACIÓN DE PEDIATRÍA PEDIATRIA CARDIOLOGÍA PEDIÁTRICA";"6";"10";"130";"82";"3";"90";"0"
"2023";"11";"120114";"JUNIN";"HUANCAYO";"EL TAMBO";"ESSALUD";"III-1";"00008652";"HOSPITAL NACIONAL RAMIRO PRIALE PRIALE";"242900";"HOSPITALIZACIÓN DE PEDIATRÍA PEDIATRIA GASTROENTEROLOGÍA PEDIÁTRICA";"24";"22";"272";"316";"11";"330";"0"
"2023";"11";"120114";"JUNIN";"HUANCAYO";"EL TAMBO";"ESSALUD";"III-1";"00008652";"HOSPITAL NACIONAL RAMIRO PRIALE PRIALE";"242202";"HOSPITALIZACIÓN DE MEDICINA PSIQUIATRÍA PSIQUIATRÍA DEL ADULTO Y GERONTE";"36";"36";"518";"555";"19";"570";"9"
"2023";"11";"120114";"JUNIN";"HUANCAYO";"EL TAMBO";"ESSALUD";"III-1";"00008652";"HOSPITAL NACIONAL RAMIRO PRIALE PRIALE";"241900";"HOSPITALIZACIÓN DE MEDICINA MEDICINA INTERNA ";"6";"5";"42";"82";"3";"90";"0"
"2023";"11";"120114";"JUNIN";"HUANCAYO";"EL TAMBO";"ESSALUD";"III-1";"00008652";"HOSPITAL NACIONAL RAMIRO PRIALE PRIALE";"241900";"HOSPITALIZACIÓN DE MEDICINA MEDICINA INTERNA ";"78";"79";"1426";"1421";"48";"1440";"11"
"2023";"11";"120114";"JUNIN";"HUANCAYO";"EL TAMBO";"ESSALUD";"III-1";"00008652";"HOSPITAL NACIONAL RAMIRO PRIALE PRIALE";"243100";"HOSPITALIZACIÓN DE PEDIATRÍA PEDIATRIA NEFROLOGÍA PEDIÁTRICA";"6";"6";"70";"68";"3";"90";"0"
"2023";"11";"120114";"JUNIN";"HUANCAYO";"EL TAMBO";"ESSALUD";"III-1";"00008652";"HOSPITAL NACIONAL RAMIRO PRIALE PRIALE";"242100";"HOSPITALIZACIÓN DE MEDICINA ONCOLOGÍA MÉDICA ";"46";"51";"433";"409";"14";"420";"3"
"2023";"11";"120114";"JUNIN";"HUANCAYO";"EL TAMBO";"ESSALUD";"III-1";"00008652";"HOSPITAL NACIONAL RAMIRO PRIALE PRIALE";"242200";"HOSPITALIZACIÓN DE MEDICINA PSIQUIATRÍA ";"11";"9";"303";"377";"13";"390";"0"
"2023";"11";"120114";"JUNIN";"HUANCAYO";"EL TAMBO";"ESSALUD";"III-1";"00008652";"HOSPITAL NACIONAL RAMIRO PRIALE PRIALE";"242000";"HOSPITALIZACIÓN DE MEDICINA MEDICINA TROPICAL E INFECCIOSAS ";"10";"9";"81";"110";"4";"120";"0"
"2023";"11";"120114";"JUNIN";"HUANCAYO";"EL TAMBO";"ESSALUD";"III-1";"00008652";"HOSPITAL NACIONAL RAMIRO PRIALE PRIALE";"240400";"HOSPITALIZACIÓN QUIRÚRGICA CIRUGÍA DE TÓRAX Y CARDIOVASCULAR ";"14";"14";"38";"38";"2";"60";"0"
"2023";"11";"120114";"JUNIN";"HUANCAYO";"EL TAMBO";"ESSALUD";"III-1";"00008652";"HOSPITAL NACIONAL RAMIRO PRIALE PRIALE";"240400";"HOSPITALIZACIÓN QUIRÚRGICA CIRUGÍA DE TÓRAX Y CARDIOVASCULAR ";"5";"7";"67";"45";"2";"60";"0"
"2023";"11";"120114";"JUNIN";"HUANCAYO";"EL TAMBO";"ESSALUD";"III-1";"00008652";"HOSPITAL NACIONAL RAMIRO PRIALE PRIALE";"240100";"HOSPITALIZACIÓN QUIRÚRGICA CIRUGÍA GENERAL ";"147";"139";"733";"750";"26";"780";"0"
"2023";"11";"120114";"JUNIN";"HUANCAYO";"EL TAMBO";"ESSALUD";"III-1";"00008652";"HOSPITAL NACIONAL RAMIRO PRIALE PRIALE";"240900";"HOSPITALIZACIÓN QUIRÚRGICA NEUROCIRUGÍA ";"19";"24";"357";"208";"7";"210";"0"
"2023";"11";"120114";"JUNIN";"HUANCAYO";"EL TAMBO";"ESSALUD";"III-1";"00008652";"HOSPITAL NACIONAL RAMIRO PRIALE PRIALE";"241200";"HOSPITALIZACIÓN QUIRÚRGICA TRAUMATOLOGÍA Y ORTOPEDIA ";"85";"100";"800";"712";"24";"720";"0"
"2023";"11";"120114";"JUNIN";"HUANCAYO";"EL TAMBO";"ESSALUD";"III-1";"00008652";"HOSPITAL NACIONAL RAMIRO PRIALE PRIALE";"241100";"HOSPITALIZACIÓN QUIRÚRGICA OTORRINOLARINGOLOGÍA  ";"2";"2";"6";"6";"1";"30";"0"
"2023";"11";"120114";"JUNIN";"HUANCAYO";"EL TAMBO";"ESSALUD";"III-1";"00008652";"HOSPITAL NACIONAL RAMIRO PRIALE PRIALE";"241300";"HOSPITALIZACIÓN QUIRÚRGICA UROLOGÍA  ";"45";"45";"279";"276";"10";"300";"0"
"2023";"11";"120114";"JUNIN";"HUANCAYO";"EL TAMBO";"ESSALUD";"III-1";"00008652";"HOSPITAL NACIONAL RAMIRO PRIALE PRIALE";"241600";"HOSPITALIZACIÓN QUIRÚRGICA OBSTETRICIA   ";"88";"223";"513";"628";"22";"660";"0"
"2023";"11";"120114";"JUNIN";"HUANCAYO";"EL TAMBO";"ESSALUD";"III-1";"00008652";"HOSPITAL NACIONAL RAMIRO PRIALE PRIALE";"241500";"HOSPITALIZACIÓN QUIRÚRGICA GINECOLOGÍA  ";"71";"67";"300";"309";"12";"360";"0"
"2023";"11";"120114";"JUNIN";"HUANCAYO";"EL TAMBO";"ESSALUD";"III-1";"00008652";"HOSPITAL NACIONAL RAMIRO PRIALE PRIALE";"241700";"HOSPITALIZACIÓN QUIRÚRGICA GINECOLOGÍA   GINECOLOGIA ONCOLOGiCA";"7";"7";"23";"23";"1";"30";"0"
"2023";"11";"120114";"JUNIN";"HUANCAYO";"EL TAMBO";"ESSALUD";"III-1";"00008652";"HOSPITAL NACIONAL RAMIRO PRIALE PRIALE";"240700";"HOSPITALIZACIÓN QUIRÚRGICA CIRUGÍA PEDIÁTRICA ";"25";"18";"159";"177";"6";"180";"0"
"2023";"11";"120114";"JUNIN";"HUANCAYO";"EL TAMBO";"ESSALUD";"III-1";"00008652";"HOSPITAL NACIONAL RAMIRO PRIALE PRIALE";"250100";"UNIDAD DE CUIDADOS CRITICOS UNIDAD  DE CUIDADOS INTENSIVOS GENERALES (UCI) ";"36";"9";"84";"309";"12";"360";"9"
"2023";"11";"120114";"JUNIN";"HUANCAYO";"EL TAMBO";"ESSALUD";"III-1";"00008652";"HOSPITAL NACIONAL RAMIRO PRIALE PRIALE";"250105";"UNIDAD DE CUIDADOS CRITICOS UNIDAD  DE CUIDADOS INTENSIVOS  (UCI) NEONATOLOGÍA";"12";"2";"21";"147";"5";"150";"1"
"2023";"11";"120114";"JUNIN";"HUANCAYO";"EL TAMBO";"ESSALUD";"III-1";"00008652";"HOSPITAL NACIONAL RAMIRO PRIALE PRIALE";"240500";"HOSPITALIZACIÓN QUIRÚRGICA CIRUGÍA DE TRANSPLANTES ";"1";"1";"13";"13";"1";"15";"0"
"2023";"11";"120114";"JUNIN";"HUANCAYO";"EL TAMBO";"ESSALUD";"III-1";"00008652";"HOSPITAL NACIONAL RAMIRO PRIALE PRIALE";"250200";"UNIDAD DE CUIDADOS CRITICOS UNIDAD DE CUIDADOS INTERMEDIOS GENERAL  (UCIN) ";"30";"9";"110";"288";"10";"300";"2"
"2023";"11";"120114";"JUNIN";"HUANCAYO";"EL TAMBO";"ESSALUD";"III-1";"00008652";"HOSPITAL NACIONAL RAMIRO PRIALE PRIALE";"250202";"UNIDAD DE CUIDADOS CRITICOS UNIDAD DE CUIDADOS INTERMEDIOS  (UCIN) PEDIÁTRICOS";"29";"11";"96";"147";"5";"150";"0"
"2023";"11";"120114";"JUNIN";"HUANCAYO";"EL TAMBO";"ESSALUD";"III-1";"00008652";"HOSPITAL NACIONAL RAMIRO PRIALE PRIALE";"250200";"UNIDAD DE CUIDADOS CRITICOS UNIDAD DE CUIDADOS INTERMEDIOS GENERAL  (UCIN) ";"55";"54";"462";"287";"10";"300";"0"
"2023";"11";"080907";"CUSCO";"LA CONVENCION";"KIMBIRI";"GOBIERNO REGIONAL";"I-2";"00002472";"MAPITUNARI";"NE_0001";"";"NE_0001";"NE_0001";"NE_0001";"NE_0001";"NE_0001";"NE_0001";"NE_0001"
"2023";"11";"080912";"CUSCO";"LA CONVENCION";"VILLA VIRGEN";"GOBIERNO REGIONAL";"I-2";"00002479";"VILLA VIRGEN";"NE_0001";"";"NE_0001";"NE_0001";"NE_0001";"NE_0001";"NE_0001";"NE_0001";"NE_0001"
"2023";"11";"220401";"SAN MARTIN";"HUALLAGA";"SAPOSOA";"GOBIERNO REGIONAL";"I-1";"00006534";"SAN ANDRES";"NE_0001";"";"NE_0001";"NE_0001";"NE_0001";"NE_0001";"NE_0001";"NE_0001";"NE_0001"
"2023";"11";"050110";"AYACUCHO";"HUAMANGA";"SAN JUAN BAUTISTA";"GOBIERNO REGIONAL";"I-2";"00003599";"PUESTO DE SALUD ÑAHUINPUQUIO";"NE_0001";"";"NE_0001";"NE_0001";"NE_0001";"NE_0001";"NE_0001";"NE_0001";"NE_0001"
"2023";"11";"240101";"TUMBES";"TUMBES";"TUMBES";"SANIDAD DEL EJERCITO DEL PERU";"I-3";"00011996";"CENTRO DE SALUD MILITAR VIRGEN DE FÁTIMA DE LA 9ª BRIGADA BLINDADA";"NE_0001";"";"NE_0001";"NE_0001";"NE_0001";"NE_0001";"NE_0001";"NE_0001";"NE_0001"
"2023";"11";"080601";"CUSCO";"CANCHIS";"SICUANI";"GOBIERNO REGIONAL";"I-4";"00002380";"TECHO OBRERO";"NE_0001";"";"NE_0001";"NE_0001";"NE_0001";"NE_0001";"NE_0001";"NE_0001";"NE_0001"
"2023";"11";"080604";"CUSCO";"CANCHIS";"MARANGANI";"GOBIERNO REGIONAL";"I-1";"00002389";"CHECTUYOC";"NE_0001";"";"NE_0001";"NE_0001";"NE_0001";"NE_0001";"NE_0001";"NE_0001";"NE_0001"
"2023";"11";"080504";"CUSCO";"CANAS";"LANGUI";"GOBIERNO REGIONAL";"I-2";"00002369";"LANGUI";"NE_0001";"";"NE_0001";"NE_0001";"NE_0001";"NE_0001";"NE_0001";"NE_0001";"NE_0001"
"2023";"11";"080604";"CUSCO";"CANCHIS";"MARANGANI";"GOBIERNO REGIONAL";"I-1";"00002390";"CCUYO";"NE_0001";"";"NE_0001";"NE_0001";"NE_0001";"NE_0001";"NE_0001";"NE_0001";"NE_0001"
"2023";"11";"080604";"CUSCO";"CANCHIS";"MARANGANI";"GOBIERNO REGIONAL";"I-2";"00002391";"OCCOBAMBA MARANGANI";"NE_0001";"";"NE_0001";"NE_0001";"NE_0001";"NE_0001";"NE_0001";"NE_0001";"NE_0001"
"2023";"11";"080601";"CUSCO";"CANCHIS";"SICUANI";"GOBIERNO REGIONAL";"I-1";"00002379";"HERCCA";"NE_0001";"";"NE_0001";"NE_0001";"NE_0001";"NE_0001";"NE_0001";"NE_0001";"NE_0001"
"2023";"11";"080504";"CUSCO";"CANAS";"LANGUI";"GOBIERNO REGIONAL";"I-1";"00002370";"CONDEVILUYO";"NE_0001";"";"NE_0001";"NE_0001";"NE_0001";"NE_0001";"NE_0001";"NE_0001";"NE_0001"
"2023";"11";"080505";"CUSCO";"CANAS";"LAYO";"GOBIERNO REGIONAL";"I-3";"00002371";"LAYO";"NE_0001";"";"NE_0001";"NE_0001";"NE_0001";"NE_0001";"NE_0001";"NE_0001";"NE_0001"
"2023";"11";"080604";"CUSCO";"CANCHIS";"MARANGANI";"GOBIERNO REGIONAL";"I-3";"00002388";"MARANGANI";"NE_0001";"";"NE_0001";"NE_0001";"NE_0001";"NE_0001";"NE_0001";"NE_0001";"NE_0001"
"2023";"12";"150101";"LIMA";"LIMA";"LIMA";"PRIVADO";"II-E";"00009483";"OCULASER SAC";"NE_0001";"";"NE_0001";"NE_0001";"NE_0001";"NE_0001";"NE_0001";"NE_0001";"NE_0001"
"2023";"12";"160108";"LORETO";"MAYNAS";"PUNCHANA";"PRIVADO";"II-1";"00030934";"EMASALUD";"NE_0001";"";"NE_0001";"NE_0001";"NE_0001";"NE_0001";"NE_0001";"NE_0001";"NE_0001"
"2023";"12";"100601";"HUANUCO";"LEONCIO PRADO";"RUPA-RUPA";"ESSALUD";"II-1";"00009180";"HOSPITAL I TINGO MARIA";"241800";"HOSPITALIZACIÓN DE MEDICINA MEDICINA GENERAL ";"26";"26";"126";"139";"6";"186";"0"
"2023";"12";"100601";"HUANUCO";"LEONCIO PRADO";"RUPA-RUPA";"ESSALUD";"II-1";"00009180";"HOSPITAL I TINGO MARIA";"240100";"HOSPITALIZACIÓN QUIRÚRGICA CIRUGÍA GENERAL ";"18";"20";"96";"96";"6";"186";"0"
"2023";"12";"100601";"HUANUCO";"LEONCIO PRADO";"RUPA-RUPA";"ESSALUD";"II-1";"00009180";"HOSPITAL I TINGO MARIA";"241500";"HOSPITALIZACIÓN QUIRÚRGICA GINECOLOGÍA  ";"21";"24";"65";"65";"4";"124";"0"
"2023";"12";"100601";"HUANUCO";"LEONCIO PRADO";"RUPA-RUPA";"ESSALUD";"II-1";"00009180";"HOSPITAL I TINGO MARIA";"241600";"HOSPITALIZACIÓN QUIRÚRGICA OBSTETRICIA   ";"20";"18";"39";"39";"3";"93";"0"
"2023";"12";"100601";"HUANUCO";"LEONCIO PRADO";"RUPA-RUPA";"ESSALUD";"II-1";"00009180";"HOSPITAL I TINGO MARIA";"242300";"HOSPITALIZACIÓN DE PEDIATRÍA  PEDIATRÍA  GENERAL ";"44";"44";"119";"119";"4";"124";"0"
"2023";"12";"040201";"AREQUIPA";"CAMANA";"CAMANA";"GOBIERNO REGIONAL";"II-1";"00001344";"HOSPITAL DE CAMANA";"240100";"HOSPITALIZACIÓN QUIRÚRGICA CIRUGÍA GENERAL ";"25";"28";"137";"199";"12";"256";"0"
"2023";"12";"040201";"AREQUIPA";"CAMANA";"CAMANA";"GOBIERNO REGIONAL";"II-1";"00001344";"HOSPITAL DE CAMANA";"241200";"HOSPITALIZACIÓN QUIRÚRGICA TRAUMATOLOGÍA Y ORTOPEDIA ";"9";"11";"123";"185";"3";"297";"0"
"2023";"12";"040201";"AREQUIPA";"CAMANA";"CAMANA";"GOBIERNO REGIONAL";"II-1";"00001344";"HOSPITAL DE CAMANA";"241500";"HOSPITALIZACIÓN QUIRÚRGICA GINECOLOGÍA  ";"74";"77";"166";"228";"17";"386";"0"
"2023";"12";"040201";"AREQUIPA";"CAMANA";"CAMANA";"GOBIERNO REGIONAL";"II-1";"00001344";"HOSPITAL DE CAMANA";"241900";"HOSPITALIZACIÓN DE MEDICINA MEDICINA INTERNA ";"23";"28";"171";"233";"18";"348";"3"
"2023";"12";"040201";"AREQUIPA";"CAMANA";"CAMANA";"GOBIERNO REGIONAL";"II-1";"00001344";"HOSPITAL DE CAMANA";"242500";"HOSPITALIZACIÓN-PEDIATRÍA GENERAL-";"15";"18";"54";"116";"13";"295";"0"
"2023";"12";"040201";"AREQUIPA";"CAMANA";"CAMANA";"GOBIERNO REGIONAL";"II-1";"00001344";"HOSPITAL DE CAMANA";"243200";"HOSPITALIZACIÓN DE PEDIATRÍA PEDIATRIA NEONATOLOGÍA";"26";"28";"55";"117";"8";"211";"0"
"2023";"12";"090118";"HUANCAVELICA";"HUANCAVELICA";"ASCENSION";"ESSALUD";"II-1";"00009132";"HOSPITAL II HUANCAVELICA";"241800";"HOSPITALIZACIÓN DE MEDICINA MEDICINA GENERAL ";"70";"56";"230";"373";"13";"403";"0"
"2023";"12";"090118";"HUANCAVELICA";"HUANCAVELICA";"ASCENSION";"ESSALUD";"II-1";"00009132";"HOSPITAL II HUANCAVELICA";"240100";"HOSPITALIZACIÓN QUIRÚRGICA CIRUGÍA GENERAL ";"31";"32";"172";"180";"7";"217";"0"
"2023";"12";"090118";"HUANCAVELICA";"HUANCAVELICA";"ASCENSION";"ESSALUD";"II-1";"00009132";"HOSPITAL II HUANCAVELICA";"241200";"HOSPITALIZACIÓN QUIRÚRGICA TRAUMATOLOGÍA Y ORTOPEDIA ";"8";"8";"39";"39";"2";"62";"0"
"2023";"12";"090118";"HUANCAVELICA";"HUANCAVELICA";"ASCENSION";"ESSALUD";"II-1";"00009132";"HOSPITAL II HUANCAVELICA";"241400";"HOSPITALIZACIÓN QUIRÚRGICA GINECO - OBSTETRICIA ";"7";"7";"44";"42";"2";"62";"0"
"2023";"12";"090118";"HUANCAVELICA";"HUANCAVELICA";"ASCENSION";"ESSALUD";"II-1";"00009132";"HOSPITAL II HUANCAVELICA";"241600";"HOSPITALIZACIÓN QUIRÚRGICA OBSTETRICIA   ";"57";"57";"178";"160";"6";"186";"0"
"2023";"12";"090118";"HUANCAVELICA";"HUANCAVELICA";"ASCENSION";"ESSALUD";"II-1";"00009132";"HOSPITAL II HUANCAVELICA";"242300";"HOSPITALIZACIÓN DE PEDIATRÍA  PEDIATRÍA  GENERAL ";"40";"40";"133";"136";"5";"155";"0"
"2023";"12";"090118";"HUANCAVELICA";"HUANCAVELICA";"ASCENSION";"ESSALUD";"II-1";"00009132";"HOSPITAL II HUANCAVELICA";"250300";"UNIDAD DE CUIDADOS CRITICOS UNIDAD DE VIGILANCIA INTENSIVA  CLINICA (UVIC) ";"23";"22";"61";"62";"2";"62";"1"
"2023";"11";"100109";"HUANUCO";"HUANUCO";"SANTA MARIA DEL VALLE";"GOBIERNO REGIONAL";"I-2";"00000768";"TAMBO DE SAN JOSE";"NE_0001";"";"NE_0001";"NE_0001";"NE_0001";"NE_0001";"NE_0001";"NE_0001";"NE_0001"
"2023";"12";"150130";"LIMA";"LIMA";"SAN BORJA";"MINSA";"III-2";"00016918";"INSTITUTO NACIONAL DE SALUD NIÑO SAN BORJA";"242100";"HOSPITALIZACIÓN DE MEDICINA ONCOLOGÍA MÉDICA ";"14";"22";"336";"385";"17";"527";"0"
"2023";"12";"150130";"LIMA";"LIMA";"SAN BORJA";"MINSA";"III-2";"00016918";"INSTITUTO NACIONAL DE SALUD NIÑO SAN BORJA";"244500";"HOSPITALIZACIÓN DE MEDICINA HEMATOLOGÍA ";"28";"29";"906";"694";"24";"744";"0"
"2023";"12";"150130";"LIMA";"LIMA";"SAN BORJA";"MINSA";"III-2";"00016918";"INSTITUTO NACIONAL DE SALUD NIÑO SAN BORJA";"240400";"HOSPITALIZACIÓN QUIRÚRGICA CIRUGÍA DE TÓRAX Y CARDIOVASCULAR ";"32";"46";"1106";"982";"35";"1085";"0"
"2023";"12";"150130";"LIMA";"LIMA";"SAN BORJA";"MINSA";"III-2";"00016918";"INSTITUTO NACIONAL DE SALUD NIÑO SAN BORJA";"240700";"HOSPITALIZACIÓN QUIRÚRGICA CIRUGÍA PEDIÁTRICA ";"44";"49";"694";"895";"32";"985";"0"
"2023";"12";"150130";"LIMA";"LIMA";"SAN BORJA";"MINSA";"III-2";"00016918";"INSTITUTO NACIONAL DE SALUD NIÑO SAN BORJA";"240900";"HOSPITALIZACIÓN QUIRÚRGICA NEUROCIRUGÍA ";"40";"44";"922";"887";"31";"946";"2"
"2023";"12";"150130";"LIMA";"LIMA";"SAN BORJA";"MINSA";"III-2";"00016918";"INSTITUTO NACIONAL DE SALUD NIÑO SAN BORJA";"240100";"HOSPITALIZACIÓN QUIRÚRGICA CIRUGÍA GENERAL ";"101";"107";"1088";"896";"31";"948";"0"
"2023";"12";"150130";"LIMA";"LIMA";"SAN BORJA";"MINSA";"III-2";"00016918";"INSTITUTO NACIONAL DE SALUD NIÑO SAN BORJA";"242300";"HOSPITALIZACIÓN DE PEDIATRÍA  PEDIATRÍA  GENERAL ";"35";"40";"565";"867";"31";"949";"0"
"2023";"12";"150130";"LIMA";"LIMA";"SAN BORJA";"MINSA";"III-2";"00016918";"INSTITUTO NACIONAL DE SALUD NIÑO SAN BORJA";"240801";"HOSPITALIZACIÓN QUIRÚRGICA CIRUGÍA PLÁSTICA/RECONSTRUCTIVA/ REPARADORA QUEMADOS";"47";"47";"564";"518";"18";"558";"0"
"2023";"12";"150130";"LIMA";"LIMA";"SAN BORJA";"MINSA";"III-2";"00016918";"INSTITUTO NACIONAL DE SALUD NIÑO SAN BORJA";"240500";"HOSPITALIZACIÓN QUIRÚRGICA CIRUGÍA DE TRANSPLANTES ";"7";"10";"221";"149";"6";"186";"0"
"2023";"12";"150130";"LIMA";"LIMA";"SAN BORJA";"MINSA";"III-2";"00016918";"INSTITUTO NACIONAL DE SALUD NIÑO SAN BORJA";"243600";"HOSPITALIZACIÓN DE PEDIATRÍA PEDIATRIA ONCOLOGÍA PEDIÁTRICA";"3";"3";"106";"82";"3";"93";"0"
"2023";"12";"040101";"AREQUIPA";"AREQUIPA";"AREQUIPA";"GOBIERNO REGIONAL";"III-2";"00007397";"INSTITUTO REGIONAL DE ENFERMEDADES NEOPLASICAS DEL SUR";"240000";"HOSPITALIZACIÓN";"95";"127";"1167";"822";"36";"1116";"9"
"2023";"12";"040101";"AREQUIPA";"AREQUIPA";"AREQUIPA";"GOBIERNO REGIONAL";"III-2";"00007397";"INSTITUTO REGIONAL DE ENFERMEDADES NEOPLASICAS DEL SUR";"250100";"UNIDAD DE CUIDADOS CRITICOS UNIDAD  DE CUIDADOS INTENSIVOS GENERALES (UCI) ";"3";"4";"43";"25";"2";"62";"0"
"2023";"12";"220801";"SAN MARTIN";"RIOJA";"RIOJA";"GOBIERNO REGIONAL";"II-1";"00006732";"HOSPITAL DE RIOJA";"240100";"HOSPITALIZACIÓN QUIRÚRGICA CIRUGÍA GENERAL ";"42";"56";"308";"308";"10";"372";"1"
"2023";"12";"220801";"SAN MARTIN";"RIOJA";"RIOJA";"GOBIERNO REGIONAL";"II-1";"00006732";"HOSPITAL DE RIOJA";"241200";"HOSPITALIZACIÓN QUIRÚRGICA TRAUMATOLOGÍA Y ORTOPEDIA ";"28";"34";"140";"140";"5";"155";"0"
"2023";"12";"220801";"SAN MARTIN";"RIOJA";"RIOJA";"GOBIERNO REGIONAL";"II-1";"00006732";"HOSPITAL DE RIOJA";"241300";"HOSPITALIZACIÓN QUIRÚRGICA UROLOGÍA  ";"2";"2";"3";"3";"1";"31";"0"
"2023";"12";"220801";"SAN MARTIN";"RIOJA";"RIOJA";"GOBIERNO REGIONAL";"II-1";"00006732";"HOSPITAL DE RIOJA";"241500";"HOSPITALIZACIÓN QUIRÚRGICA GINECOLOGÍA  ";"40";"45";"99";"99";"11";"341";"0"
"2023";"12";"220801";"SAN MARTIN";"RIOJA";"RIOJA";"GOBIERNO REGIONAL";"II-1";"00006732";"HOSPITAL DE RIOJA";"241600";"HOSPITALIZACIÓN QUIRÚRGICA OBSTETRICIA   ";"122";"131";"285";"285";"14";"434";"0"
"2023";"12";"220801";"SAN MARTIN";"RIOJA";"RIOJA";"GOBIERNO REGIONAL";"II-1";"00006732";"HOSPITAL DE RIOJA";"241800";"HOSPITALIZACIÓN DE MEDICINA MEDICINA GENERAL ";"48";"61";"353";"353";"12";"372";"3"
"2023";"12";"220801";"SAN MARTIN";"RIOJA";"RIOJA";"GOBIERNO REGIONAL";"II-1";"00006732";"HOSPITAL DE RIOJA";"242500";"HOSPITALIZACIÓN-PEDIATRÍA GENERAL-";"43";"48";"161";"161";"10";"310";"0"
"2023";"12";"220801";"SAN MARTIN";"RIOJA";"RIOJA";"GOBIERNO REGIONAL";"II-1";"00006732";"HOSPITAL DE RIOJA";"243200";"HOSPITALIZACIÓN DE PEDIATRÍA PEDIATRIA NEONATOLOGÍA";"17";"19";"67";"67";"7";"217";"0"
"2023";"12";"220801";"SAN MARTIN";"RIOJA";"RIOJA";"PRIVADO";"II-E";"00028254";"CLINICA SINAI";"240000";"HOSPITALIZACIÓN";"9";"9";"35";"35";"8";"248";"0"
"2023";"12";"080105";"CUSCO";"CUSCO";"SAN SEBASTIAN";"GOBIERNO REGIONAL";"II-E";"00025210";"TUPAC AMARU";"241800";"HOSPITALIZACIÓN DE MEDICINA MEDICINA GENERAL ";"33";"33";"109";"107";"9";"279";"0"
"2023";"12";"080105";"CUSCO";"CUSCO";"SAN SEBASTIAN";"GOBIERNO REGIONAL";"II-E";"00025210";"TUPAC AMARU";"243200";"HOSPITALIZACIÓN DE PEDIATRÍA PEDIATRIA NEONATOLOGÍA";"12";"14";"40";"36";"8";"248";"0"
"2023";"12";"080105";"CUSCO";"CUSCO";"SAN SEBASTIAN";"GOBIERNO REGIONAL";"II-E";"00025210";"TUPAC AMARU";"245400";"HOSPITALIZACIÓN DE MEDICINA GINECOLOGIA ";"58";"58";"114";"111";"12";"372";"0"
"2023";"12";"220510";"SAN MARTIN";"LAMAS";"TABALOSOS";"GOBIERNO REGIONAL";"I-1";"00006414";"PUCAYACU PANJUI";"NE_0001";"";"NE_0001";"NE_0001";"NE_0001";"NE_0001";"NE_0001";"NE_0001";"NE_0001"
"2023";"12";"220506";"SAN MARTIN";"LAMAS";"PINTO RECODO";"GOBIERNO REGIONAL";"I-1";"00006409";"PINTO RECODO";"NE_0001";"";"NE_0001";"NE_0001";"NE_0001";"NE_0001";"NE_0001";"NE_0001";"NE_0001"
"2023";"12";"220509";"SAN MARTIN";"LAMAS";"SHANAO";"GOBIERNO REGIONAL";"I-1";"00006412";"SHANAO";"NE_0001";"";"NE_0001";"NE_0001";"NE_0001";"NE_0001";"NE_0001";"NE_0001";"NE_0001"
"2023";"12";"250304";"UCAYALI";"PADRE ABAD";"NESHUYA";"GOBIERNO REGIONAL";"I-3";"00005415";"MONTE ALEGRE-NESHUYA";"NE_0001";"";"NE_0001";"NE_0001";"NE_0001";"NE_0001";"NE_0001";"NE_0001";"NE_0001"
"2023";"12";"250304";"UCAYALI";"PADRE ABAD";"NESHUYA";"GOBIERNO REGIONAL";"I-1";"00007461";"SANTA ROSA DE GUINEA";"NE_0001";"";"NE_0001";"NE_0001";"NE_0001";"NE_0001";"NE_0001";"NE_0001";"NE_0001"
"2023";"12";"100505";"HUANUCO";"HUAMALIES";"JIRCAN";"GOBIERNO REGIONAL";"I-2";"00000904";"JIRCAN";"NE_0001";"";"NE_0001";"NE_0001";"NE_0001";"NE_0001";"NE_0001";"NE_0001";"NE_0001"
"2023";"12";"100506";"HUANUCO";"HUAMALIES";"MIRAFLORES";"GOBIERNO REGIONAL";"I-2";"00000895";"MIRAFLORES";"NE_0001";"";"NE_0001";"NE_0001";"NE_0001";"NE_0001";"NE_0001";"NE_0001";"NE_0001"
"2023";"12";"080602";"CUSCO";"CANCHIS";"CHECACUPE";"GOBIERNO REGIONAL";"I-2";"00002385";"CHECACUPE";"NE_0001";"";"NE_0001";"NE_0001";"NE_0001";"NE_0001";"NE_0001";"NE_0001";"NE_0001"
"2023";"08";"100101";"HUANUCO";"HUANUCO";"HUANUCO";"PRIVADO";"II-E";"00018192";"CLINICA DE OJOS SANTOS S.R.L";"NE_0001";"";"NE_0001";"NE_0001";"NE_0001";"NE_0001";"NE_0001";"NE_0001";"NE_0001"
"2023";"09";"040809";"AREQUIPA";"LA UNION";"TAURIA";"GOBIERNO REGIONAL";"I-2";"00001470";"PUESTO DE SALUD TAURIA";"NE_0001";"";"NE_0001";"NE_0001";"NE_0001";"NE_0001";"NE_0001";"NE_0001";"NE_0001"
"2023";"09";"040807";"AREQUIPA";"LA UNION";"QUECHUALLA";"GOBIERNO REGIONAL";"I-1";"00001468";"PUESTO DE SALUD VELINGA";"NE_0001";"";"NE_0001";"NE_0001";"NE_0001";"NE_0001";"NE_0001";"NE_0001";"NE_0001"
"2023";"07";"040808";"AREQUIPA";"LA UNION";"SAYLA";"GOBIERNO REGIONAL";"I-2";"00001469";"PUESTO DE SALUD SAYLA";"NE_0001";"";"NE_0001";"NE_0001";"NE_0001";"NE_0001";"NE_0001";"NE_0001";"NE_0001"
"2023";"12";"090511";"HUANCAVELICA";"CHURCAMPA";"COSME";"GOBIERNO REGIONAL";"I-1";"00012120";"LLACUA";"NE_0001";"";"NE_0001";"NE_0001";"NE_0001";"NE_0001";"NE_0001";"NE_0001";"NE_0001"
"2023";"12";"090511";"HUANCAVELICA";"CHURCAMPA";"COSME";"GOBIERNO REGIONAL";"I-1";"00007420";"ANTACALLA";"NE_0001";"";"NE_0001";"NE_0001";"NE_0001";"NE_0001";"NE_0001";"NE_0001";"NE_0001"
"2023";"12";"090502";"HUANCAVELICA";"CHURCAMPA";"ANCO";"GOBIERNO REGIONAL";"I-2";"00003999";"SAN MIGUEL DE ARMA";"NE_0001";"";"NE_0001";"NE_0001";"NE_0001";"NE_0001";"NE_0001";"NE_0001";"NE_0001"
"2023";"12";"090502";"HUANCAVELICA";"CHURCAMPA";"ANCO";"MINSA";"I-2";"00003986";"MANZANAYOCC";"NE_0001";"";"NE_0001";"NE_0001";"NE_0001";"NE_0001";"NE_0001";"NE_0001";"NE_0001"
"2023";"12";"090502";"HUANCAVELICA";"CHURCAMPA";"ANCO";"GOBIERNO REGIONAL";"I-1";"00003985";"CUYOCC";"NE_0001";"";"NE_0001";"NE_0001";"NE_0001";"NE_0001";"NE_0001";"NE_0001";"NE_0001"
"2023";"12";"090502";"HUANCAVELICA";"CHURCAMPA";"ANCO";"GOBIERNO REGIONAL";"I-3";"00003984";"ANCO";"241400";"HOSPITALIZACIÓN QUIRÚRGICA GINECO - OBSTETRICIA ";"22";"5";"11";"5";"4";"120";"0"
"2023";"12";"090511";"HUANCAVELICA";"CHURCAMPA";"COSME";"GOBIERNO REGIONAL";"I-2";"00003897";"COSME";"NE_0001";"";"NE_0001";"NE_0001";"NE_0001";"NE_0001";"NE_0001";"NE_0001";"NE_0001"
"2023";"07";"021509";"ANCASH";"PALLASCA";"PAMPAS";"ESSALUD";"I-2";"00009202";"POSTA MEDICA PAMPAS";"NE_0001";"";"NE_0001";"NE_0001";"NE_0001";"NE_0001";"NE_0001";"NE_0001";"NE_0001"
"2023";"08";"021509";"ANCASH";"PALLASCA";"PAMPAS";"ESSALUD";"I-2";"00009202";"POSTA MEDICA PAMPAS";"NE_0001";"";"NE_0001";"NE_0001";"NE_0001";"NE_0001";"NE_0001";"NE_0001";"NE_0001"
"2023";"02";"050304";"AYACUCHO";"HUANCA SANCOS";"SANTIAGO DE LUCANAMARCA";"GOBIERNO REGIONAL";"I-1";"00027581";"PUESTO DE SALUD SAN ANTONIO DE JULO";"NE_0001";"";"NE_0001";"NE_0001";"NE_0001";"NE_0001";"NE_0001";"NE_0001";"NE_0001"
"2023";"02";"050304";"AYACUCHO";"HUANCA SANCOS";"SANTIAGO DE LUCANAMARCA";"GOBIERNO REGIONAL";"I-1";"00011458";"PUESTO DE SALUD SAN MARTIN DE TIO PAMPA";"NE_0001";"";"NE_0001";"NE_0001";"NE_0001";"NE_0001";"NE_0001";"NE_0001";"NE_0001"
"2023";"02";"050304";"AYACUCHO";"HUANCA SANCOS";"SANTIAGO DE LUCANAMARCA";"GOBIERNO REGIONAL";"I-2";"00003646";"PUESTO DE SALUD SAN JOSE DE HUARCAYA";"NE_0001";"";"NE_0001";"NE_0001";"NE_0001";"NE_0001";"NE_0001";"NE_0001";"NE_0001"
"2023";"02";"050304";"AYACUCHO";"HUANCA SANCOS";"SANTIAGO DE LUCANAMARCA";"GOBIERNO REGIONAL";"I-1";"00003645";"PUESTO DE SALUD SANTA ROSA COCHAS";"NE_0001";"";"NE_0001";"NE_0001";"NE_0001";"NE_0001";"NE_0001";"NE_0001";"NE_0001"
"2023";"02";"050304";"AYACUCHO";"HUANCA SANCOS";"SANTIAGO DE LUCANAMARCA";"GOBIERNO REGIONAL";"I-2";"00003644";"PUESTO DE SALUD LUCANAMARCA";"NE_0001";"";"NE_0001";"NE_0001";"NE_0001";"NE_0001";"NE_0001";"NE_0001";"NE_0001"
"2023";"02";"050303";"AYACUCHO";"HUANCA SANCOS";"SACSAMARCA";"GOBIERNO REGIONAL";"I-2";"00003643";"PUESTO DE SALUD SACSAMARCA";"NE_0001";"";"NE_0001";"NE_0001";"NE_0001";"NE_0001";"NE_0001";"NE_0001";"NE_0001"
"2023";"02";"050303";"AYACUCHO";"HUANCA SANCOS";"SACSAMARCA";"GOBIERNO REGIONAL";"I-1";"00003642";"PUESTO DE SALUD PALLCA";"NE_0001";"";"NE_0001";"NE_0001";"NE_0001";"NE_0001";"NE_0001";"NE_0001";"NE_0001"
"2023";"02";"050302";"AYACUCHO";"HUANCA SANCOS";"CARAPO";"GOBIERNO REGIONAL";"I-2";"00003641";"PUESTO DE SALUD CARAPO";"NE_0001";"";"NE_0001";"NE_0001";"NE_0001";"NE_0001";"NE_0001";"NE_0001";"NE_0001"
"2023";"02";"050302";"AYACUCHO";"HUANCA SANCOS";"CARAPO";"GOBIERNO REGIONAL";"I-1";"00003638";"PUESTO DE SALUD TAULLI";"NE_0001";"";"NE_0001";"NE_0001";"NE_0001";"NE_0001";"NE_0001";"NE_0001";"NE_0001"
"2023";"02";"050302";"AYACUCHO";"HUANCA SANCOS";"CARAPO";"GOBIERNO REGIONAL";"I-2";"00003637";"PUESTO DE SALUD PORTA CRUZ";"NE_0001";"";"NE_0001";"NE_0001";"NE_0001";"NE_0001";"NE_0001";"NE_0001";"NE_0001"
"2023";"02";"050302";"AYACUCHO";"HUANCA SANCOS";"CARAPO";"GOBIERNO REGIONAL";"I-2";"00003636";"PUESTO DE SALUD MANCHIRI";"NE_0001";"";"NE_0001";"NE_0001";"NE_0001";"NE_0001";"NE_0001";"NE_0001";"NE_0001"
"2023";"09";"040808";"AREQUIPA";"LA UNION";"SAYLA";"GOBIERNO REGIONAL";"I-2";"00001469";"PUESTO DE SALUD SAYLA";"NE_0001";"";"NE_0001";"NE_0001";"NE_0001";"NE_0001";"NE_0001";"NE_0001";"NE_0001"
"2023";"10";"040803";"AREQUIPA";"LA UNION";"CHARCANA";"GOBIERNO REGIONAL";"I-2";"00001466";"PUESTO DE SALUD ANDAMARCA";"NE_0001";"";"NE_0001";"NE_0001";"NE_0001";"NE_0001";"NE_0001";"NE_0001";"NE_0001"
"2023";"10";"040805";"AREQUIPA";"LA UNION";"PAMPAMARCA";"GOBIERNO REGIONAL";"I-2";"00001459";"PUESTO DE SALUD HUARHUA";"NE_0001";"";"NE_0001";"NE_0001";"NE_0001";"NE_0001";"NE_0001";"NE_0001";"NE_0001"
"2023";"04";"250101";"UCAYALI";"CORONEL PORTILLO";"CALLERIA";"PRIVADO";"II-1";"00026079";"CLINICA JUAN PABLO II";"240000";"HOSPITALIZACIÓN";"13";"14";"38";"37";"4";"115";"0"
"2023";"04";"250101";"UCAYALI";"CORONEL PORTILLO";"CALLERIA";"PRIVADO";"II-1";"00026079";"CLINICA JUAN PABLO II";"240100";"HOSPITALIZACIÓN QUIRÚRGICA CIRUGÍA GENERAL ";"5";"4";"11";"12";"1";"34";"0"
"2023";"04";"250101";"UCAYALI";"CORONEL PORTILLO";"CALLERIA";"PRIVADO";"II-1";"00026079";"CLINICA JUAN PABLO II";"241400";"HOSPITALIZACIÓN QUIRÚRGICA GINECO - OBSTETRICIA ";"14";"14";"24";"24";"2";"62";"0"
"2023";"04";"250101";"UCAYALI";"CORONEL PORTILLO";"CALLERIA";"PRIVADO";"II-1";"00026079";"CLINICA JUAN PABLO II";"241800";"HOSPITALIZACIÓN DE MEDICINA MEDICINA GENERAL ";"7";"7";"20";"20";"2";"55";"0"
"2023";"04";"250101";"UCAYALI";"CORONEL PORTILLO";"CALLERIA";"PRIVADO";"II-1";"00026079";"CLINICA JUAN PABLO II";"242500";"HOSPITALIZACIÓN-PEDIATRÍA GENERAL-";"7";"4";"7";"29";"2";"65";"0"
"2023";"11";"060101";"CAJAMARCA";"CAJAMARCA";"CAJAMARCA";"PRIVADO";"I-3";"00029378";"SALUD OCUPACIONAL  EL GALENO";"NE_0001";"";"NE_0001";"NE_0001";"NE_0001";"NE_0001";"NE_0001";"NE_0001";"NE_0001"
"2023";"01";"050304";"AYACUCHO";"HUANCA SANCOS";"SANTIAGO DE LUCANAMARCA";"GOBIERNO REGIONAL";"I-1";"00027581";"PUESTO DE SALUD SAN ANTONIO DE JULO";"NE_0001";"";"NE_0001";"NE_0001";"NE_0001";"NE_0001";"NE_0001";"NE_0001";"NE_0001"
"2023";"01";"050304";"AYACUCHO";"HUANCA SANCOS";"SANTIAGO DE LUCANAMARCA";"GOBIERNO REGIONAL";"I-1";"00011458";"PUESTO DE SALUD SAN MARTIN DE TIO PAMPA";"NE_0001";"";"NE_0001";"NE_0001";"NE_0001";"NE_0001";"NE_0001";"NE_0001";"NE_0001"
"2023";"01";"050304";"AYACUCHO";"HUANCA SANCOS";"SANTIAGO DE LUCANAMARCA";"GOBIERNO REGIONAL";"I-2";"00003646";"PUESTO DE SALUD SAN JOSE DE HUARCAYA";"NE_0001";"";"NE_0001";"NE_0001";"NE_0001";"NE_0001";"NE_0001";"NE_0001";"NE_0001"
"2023";"01";"050304";"AYACUCHO";"HUANCA SANCOS";"SANTIAGO DE LUCANAMARCA";"GOBIERNO REGIONAL";"I-1";"00003645";"PUESTO DE SALUD SANTA ROSA COCHAS";"NE_0001";"";"NE_0001";"NE_0001";"NE_0001";"NE_0001";"NE_0001";"NE_0001";"NE_0001"
"2023";"01";"050304";"AYACUCHO";"HUANCA SANCOS";"SANTIAGO DE LUCANAMARCA";"GOBIERNO REGIONAL";"I-2";"00003644";"PUESTO DE SALUD LUCANAMARCA";"NE_0001";"";"NE_0001";"NE_0001";"NE_0001";"NE_0001";"NE_0001";"NE_0001";"NE_0001"
"2023";"01";"050303";"AYACUCHO";"HUANCA SANCOS";"SACSAMARCA";"GOBIERNO REGIONAL";"I-2";"00003643";"PUESTO DE SALUD SACSAMARCA";"NE_0001";"";"NE_0001";"NE_0001";"NE_0001";"NE_0001";"NE_0001";"NE_0001";"NE_0001"
"2023";"01";"050303";"AYACUCHO";"HUANCA SANCOS";"SACSAMARCA";"GOBIERNO REGIONAL";"I-1";"00003642";"PUESTO DE SALUD PALLCA";"NE_0001";"";"NE_0001";"NE_0001";"NE_0001";"NE_0001";"NE_0001";"NE_0001";"NE_0001"
"2023";"01";"050302";"AYACUCHO";"HUANCA SANCOS";"CARAPO";"GOBIERNO REGIONAL";"I-2";"00003641";"PUESTO DE SALUD CARAPO";"NE_0001";"";"NE_0001";"NE_0001";"NE_0001";"NE_0001";"NE_0001";"NE_0001";"NE_0001"
"2023";"01";"050302";"AYACUCHO";"HUANCA SANCOS";"CARAPO";"GOBIERNO REGIONAL";"I-1";"00003638";"PUESTO DE SALUD TAULLI";"NE_0001";"";"NE_0001";"NE_0001";"NE_0001";"NE_0001";"NE_0001";"NE_0001";"NE_0001"
"2023";"01";"050302";"AYACUCHO";"HUANCA SANCOS";"CARAPO";"GOBIERNO REGIONAL";"I-2";"00003637";"PUESTO DE SALUD PORTA CRUZ";"NE_0001";"";"NE_0001";"NE_0001";"NE_0001";"NE_0001";"NE_0001";"NE_0001";"NE_0001"
"2023";"01";"050302";"AYACUCHO";"HUANCA SANCOS";"CARAPO";"GOBIERNO REGIONAL";"I-2";"00003636";"PUESTO DE SALUD MANCHIRI";"NE_0001";"";"NE_0001";"NE_0001";"NE_0001";"NE_0001";"NE_0001";"NE_0001";"NE_0001"
"2023";"01";"050304";"AYACUCHO";"HUANCA SANCOS";"SANTIAGO DE LUCANAMARCA";"GOBIERNO REGIONAL";"I-1";"00027581";"PUESTO DE SALUD SAN ANTONIO DE JULO";"NE_0001";"";"NE_0001";"NE_0001";"NE_0001";"NE_0001";"NE_0001";"NE_0001";"NE_0001"
"2023";"01";"050304";"AYACUCHO";"HUANCA SANCOS";"SANTIAGO DE LUCANAMARCA";"GOBIERNO REGIONAL";"I-1";"00011458";"PUESTO DE SALUD SAN MARTIN DE TIO PAMPA";"NE_0001";"";"NE_0001";"NE_0001";"NE_0001";"NE_0001";"NE_0001";"NE_0001";"NE_0001"
"2023";"01";"050304";"AYACUCHO";"HUANCA SANCOS";"SANTIAGO DE LUCANAMARCA";"GOBIERNO REGIONAL";"I-2";"00003646";"PUESTO DE SALUD SAN JOSE DE HUARCAYA";"NE_0001";"";"NE_0001";"NE_0001";"NE_0001";"NE_0001";"NE_0001";"NE_0001";"NE_0001"
"2023";"01";"050304";"AYACUCHO";"HUANCA SANCOS";"SANTIAGO DE LUCANAMARCA";"GOBIERNO REGIONAL";"I-1";"00003645";"PUESTO DE SALUD SANTA ROSA COCHAS";"NE_0001";"";"NE_0001";"NE_0001";"NE_0001";"NE_0001";"NE_0001";"NE_0001";"NE_0001"
"2023";"01";"050304";"AYACUCHO";"HUANCA SANCOS";"SANTIAGO DE LUCANAMARCA";"GOBIERNO REGIONAL";"I-2";"00003644";"PUESTO DE SALUD LUCANAMARCA";"NE_0001";"";"NE_0001";"NE_0001";"NE_0001";"NE_0001";"NE_0001";"NE_0001";"NE_0001"
"2023";"01";"050303";"AYACUCHO";"HUANCA SANCOS";"SACSAMARCA";"GOBIERNO REGIONAL";"I-2";"00003643";"PUESTO DE SALUD SACSAMARCA";"NE_0001";"";"NE_0001";"NE_0001";"NE_0001";"NE_0001";"NE_0001";"NE_0001";"NE_0001"
"2023";"01";"050303";"AYACUCHO";"HUANCA SANCOS";"SACSAMARCA";"GOBIERNO REGIONAL";"I-1";"00003642";"PUESTO DE SALUD PALLCA";"NE_0001";"";"NE_0001";"NE_0001";"NE_0001";"NE_0001";"NE_0001";"NE_0001";"NE_0001"
"2023";"01";"050302";"AYACUCHO";"HUANCA SANCOS";"CARAPO";"GOBIERNO REGIONAL";"I-2";"00003641";"PUESTO DE SALUD CARAPO";"NE_0001";"";"NE_0001";"NE_0001";"NE_0001";"NE_0001";"NE_0001";"NE_0001";"NE_0001"
"2023";"01";"050302";"AYACUCHO";"HUANCA SANCOS";"CARAPO";"GOBIERNO REGIONAL";"I-1";"00003638";"PUESTO DE SALUD TAULLI";"NE_0001";"";"NE_0001";"NE_0001";"NE_0001";"NE_0001";"NE_0001";"NE_0001";"NE_0001"
"2023";"01";"050302";"AYACUCHO";"HUANCA SANCOS";"CARAPO";"GOBIERNO REGIONAL";"I-2";"00003637";"PUESTO DE SALUD PORTA CRUZ";"NE_0001";"";"NE_0001";"NE_0001";"NE_0001";"NE_0001";"NE_0001";"NE_0001";"NE_0001"
"2023";"01";"050302";"AYACUCHO";"HUANCA SANCOS";"CARAPO";"GOBIERNO REGIONAL";"I-2";"00003636";"PUESTO DE SALUD MANCHIRI";"NE_0001";"";"NE_0001";"NE_0001";"NE_0001";"NE_0001";"NE_0001";"NE_0001";"NE_0001"
"2023";"12";"090503";"HUANCAVELICA";"CHURCAMPA";"CHINCHIHUASI";"GOBIERNO REGIONAL";"I-1";"00019591";"ARMA PATACANCHA";"NE_0001";"";"NE_0001";"NE_0001";"NE_0001";"NE_0001";"NE_0001";"NE_0001";"NE_0001"
"2023";"12";"090510";"HUANCAVELICA";"CHURCAMPA";"PACHAMARCA";"GOBIERNO REGIONAL";"I-1";"00011212";"VILLAMAYO";"NE_0001";"";"NE_0001";"NE_0001";"NE_0001";"NE_0001";"NE_0001";"NE_0001";"NE_0001"
"2023";"12";"090510";"HUANCAVELICA";"CHURCAMPA";"PACHAMARCA";"GOBIERNO REGIONAL";"I-1";"00011211";"CCOYLLORPANCCA";"NE_0001";"";"NE_0001";"NE_0001";"NE_0001";"NE_0001";"NE_0001";"NE_0001";"NE_0001"
"2023";"12";"090507";"HUANCAVELICA";"CHURCAMPA";"PAUCARBAMBA";"GOBIERNO REGIONAL";"I-1";"00011210";"SALLCCABAMBA";"NE_0001";"";"NE_0001";"NE_0001";"NE_0001";"NE_0001";"NE_0001";"NE_0001";"NE_0001"
"2023";"12";"090509";"HUANCAVELICA";"CHURCAMPA";"SAN PEDRO DE CORIS";"GOBIERNO REGIONAL";"I-1";"00007708";"COBRIZA (MACHAHUAY)";"NE_0001";"";"NE_0001";"NE_0001";"NE_0001";"NE_0001";"NE_0001";"NE_0001";"NE_0001"
"2023";"12";"090503";"HUANCAVELICA";"CHURCAMPA";"CHINCHIHUASI";"GOBIERNO REGIONAL";"I-1";"00004097";"SANTA ROSA DE OCCORO";"NE_0001";"";"NE_0001";"NE_0001";"NE_0001";"NE_0001";"NE_0001";"NE_0001";"NE_0001"
"2023";"12";"090510";"HUANCAVELICA";"CHURCAMPA";"PACHAMARCA";"GOBIERNO REGIONAL";"I-1";"00004001";"PATIBAMBA";"NE_0001";"";"NE_0001";"NE_0001";"NE_0001";"NE_0001";"NE_0001";"NE_0001";"NE_0001"
"2023";"12";"090510";"HUANCAVELICA";"CHURCAMPA";"PACHAMARCA";"GOBIERNO REGIONAL";"I-1";"00004000";"PIO PACHAMARCA";"NE_0001";"";"NE_0001";"NE_0001";"NE_0001";"NE_0001";"NE_0001";"NE_0001";"NE_0001"
"2023";"12";"090509";"HUANCAVELICA";"CHURCAMPA";"SAN PEDRO DE CORIS";"GOBIERNO REGIONAL";"I-1";"00003997";"CARHUANCHO";"NE_0001";"";"NE_0001";"NE_0001";"NE_0001";"NE_0001";"NE_0001";"NE_0001";"NE_0001"
"2023";"12";"090509";"HUANCAVELICA";"CHURCAMPA";"SAN PEDRO DE CORIS";"GOBIERNO REGIONAL";"I-3";"00003996";"SAN PEDRO DE CORIS";"NE_0001";"";"NE_0001";"NE_0001";"NE_0001";"NE_0001";"NE_0001";"NE_0001";"NE_0001"
"2023";"12";"090510";"HUANCAVELICA";"CHURCAMPA";"PACHAMARCA";"GOBIERNO REGIONAL";"I-1";"00003995";"PATALLACCTA";"NE_0001";"";"NE_0001";"NE_0001";"NE_0001";"NE_0001";"NE_0001";"NE_0001";"NE_0001"
"2023";"12";"090510";"HUANCAVELICA";"CHURCAMPA";"PACHAMARCA";"GOBIERNO REGIONAL";"I-1";"00003994";"PACHAMARCA";"NE_0001";"";"NE_0001";"NE_0001";"NE_0001";"NE_0001";"NE_0001";"NE_0001";"NE_0001"
"2023";"12";"090507";"HUANCAVELICA";"CHURCAMPA";"PAUCARBAMBA";"GOBIERNO REGIONAL";"I-1";"00003993";"HUANCHOS";"NE_0001";"";"NE_0001";"NE_0001";"NE_0001";"NE_0001";"NE_0001";"NE_0001";"NE_0001"
"2023";"12";"090503";"HUANCAVELICA";"CHURCAMPA";"CHINCHIHUASI";"GOBIERNO REGIONAL";"I-2";"00003992";"CHINCHIHUASI";"NE_0001";"";"NE_0001";"NE_0001";"NE_0001";"NE_0001";"NE_0001";"NE_0001";"NE_0001"
"2023";"12";"090507";"HUANCAVELICA";"CHURCAMPA";"PAUCARBAMBA";"GOBIERNO REGIONAL";"I-2";"00003991";"HUARIBAMBILLA";"NE_0001";"";"NE_0001";"NE_0001";"NE_0001";"NE_0001";"NE_0001";"NE_0001";"NE_0001"
"2023";"12";"090507";"HUANCAVELICA";"CHURCAMPA";"PAUCARBAMBA";"GOBIERNO REGIONAL";"I-1";"00003990";"SAN CRISTOBAL DE COCHA";"NE_0001";"";"NE_0001";"NE_0001";"NE_0001";"NE_0001";"NE_0001";"NE_0001";"NE_0001"
"2023";"12";"090507";"HUANCAVELICA";"CHURCAMPA";"PAUCARBAMBA";"MINSA";"I-4";"00003989";"PAUCARBAMBA";"241400";"HOSPITALIZACIÓN QUIRÚRGICA GINECO - OBSTETRICIA ";"9";"9";"25";"9";"10";"300";"0"
"2023";"06";"040807";"AREQUIPA";"LA UNION";"QUECHUALLA";"GOBIERNO REGIONAL";"I-1";"00001468";"PUESTO DE SALUD VELINGA";"NE_0001";"";"NE_0001";"NE_0001";"NE_0001";"NE_0001";"NE_0001";"NE_0001";"NE_0001"
"2023";"06";"040803";"AREQUIPA";"LA UNION";"CHARCANA";"GOBIERNO REGIONAL";"I-2";"00001467";"PUESTO DE SALUD CHARCANA";"NE_0001";"";"NE_0001";"NE_0001";"NE_0001";"NE_0001";"NE_0001";"NE_0001";"NE_0001"
"2023";"06";"040803";"AREQUIPA";"LA UNION";"CHARCANA";"GOBIERNO REGIONAL";"I-2";"00001466";"PUESTO DE SALUD ANDAMARCA";"NE_0001";"";"NE_0001";"NE_0001";"NE_0001";"NE_0001";"NE_0001";"NE_0001";"NE_0001"
"2023";"06";"040805";"AREQUIPA";"LA UNION";"PAMPAMARCA";"GOBIERNO REGIONAL";"I-2";"00001459";"PUESTO DE SALUD HUARHUA";"NE_0001";"";"NE_0001";"NE_0001";"NE_0001";"NE_0001";"NE_0001";"NE_0001";"NE_0001"
"2023";"06";"040811";"AREQUIPA";"LA UNION";"TORO";"GOBIERNO REGIONAL";"I-2";"00001457";"PUESTO DE SALUD TORO";"NE_0001";"";"NE_0001";"NE_0001";"NE_0001";"NE_0001";"NE_0001";"NE_0001";"NE_0001"
"2023";"06";"040810";"AREQUIPA";"LA UNION";"TOMEPAMPA";"GOBIERNO REGIONAL";"I-2";"00001456";"PUESTO DE SALUD TOMEPAMPA";"NE_0001";"";"NE_0001";"NE_0001";"NE_0001";"NE_0001";"NE_0001";"NE_0001";"NE_0001"
"2023";"06";"040801";"AREQUIPA";"LA UNION";"COTAHUASI";"GOBIERNO REGIONAL";"I-4";"00001455";"CENTRO DE SALUD COTAHUASI";"241800";"HOSPITALIZACIÓN DE MEDICINA MEDICINA GENERAL ";"17";"17";"37";"38";"16";"480";"0"
"2023";"06";"040801";"AREQUIPA";"LA UNION";"COTAHUASI";"GOBIERNO REGIONAL";"I-4";"00001455";"CENTRO DE SALUD COTAHUASI";"242500";"HOSPITALIZACIÓN-PEDIATRÍA GENERAL-";"1";"1";"1";"1";"1";"30";"0"
"2023";"12";"050115";"AYACUCHO";"HUAMANGA";"JESUS NAZARENO";"PRIVADO";"I-3";"00028119";"EL GALENO";"NE_0001";"";"NE_0001";"NE_0001";"NE_0001";"NE_0001";"NE_0001";"NE_0001";"NE_0001"
"2023";"12";"060101";"CAJAMARCA";"CAJAMARCA";"CAJAMARCA";"PRIVADO";"I-3";"00029378";"SALUD OCUPACIONAL  EL GALENO";"NE_0001";"";"NE_0001";"NE_0001";"NE_0001";"NE_0001";"NE_0001";"NE_0001";"NE_0001"
"2023";"06";"040809";"AREQUIPA";"LA UNION";"TAURIA";"GOBIERNO REGIONAL";"I-2";"00001470";"PUESTO DE SALUD TAURIA";"NE_0001";"";"NE_0001";"NE_0001";"NE_0001";"NE_0001";"NE_0001";"NE_0001";"NE_0001"
"2023";"06";"040805";"AREQUIPA";"LA UNION";"PAMPAMARCA";"GOBIERNO REGIONAL";"I-2";"00001462";"PUESTO DE SALUD PAMPAMARCA";"NE_0001";"";"NE_0001";"NE_0001";"NE_0001";"NE_0001";"NE_0001";"NE_0001";"NE_0001"
"2023";"06";"040805";"AREQUIPA";"LA UNION";"PAMPAMARCA";"GOBIERNO REGIONAL";"I-1";"00001460";"PUESTO DE SALUD MUNGUI";"NE_0001";"";"NE_0001";"NE_0001";"NE_0001";"NE_0001";"NE_0001";"NE_0001";"NE_0001"
"2023";"06";"040811";"AREQUIPA";"LA UNION";"TORO";"GOBIERNO REGIONAL";"I-2";"00001458";"PUESTO DE SALUD CASPI";"NE_0001";"";"NE_0001";"NE_0001";"NE_0001";"NE_0001";"NE_0001";"NE_0001";"NE_0001"
"2023";"06";"100501";"HUANUCO";"HUAMALIES";"LLATA";"GOBIERNO REGIONAL";"I-4";"00000887";"LLATA";"241400";"HOSPITALIZACIÓN QUIRÚRGICA GINECO - OBSTETRICIA ";"35";"35";"3";"3";"7";"10";"0"
"2023";"06";"100501";"HUANUCO";"HUAMALIES";"LLATA";"GOBIERNO REGIONAL";"I-4";"00000887";"LLATA";"241800";"HOSPITALIZACIÓN DE MEDICINA MEDICINA GENERAL ";"24";"24";"4";"4";"8";"10";"0"
"2023";"02";"050304";"AYACUCHO";"HUANCA SANCOS";"SANTIAGO DE LUCANAMARCA";"GOBIERNO REGIONAL";"I-1";"00027581";"PUESTO DE SALUD SAN ANTONIO DE JULO";"NE_0001";"";"NE_0001";"NE_0001";"NE_0001";"NE_0001";"NE_0001";"NE_0001";"NE_0001"
"2023";"02";"050304";"AYACUCHO";"HUANCA SANCOS";"SANTIAGO DE LUCANAMARCA";"GOBIERNO REGIONAL";"I-1";"00011458";"PUESTO DE SALUD SAN MARTIN DE TIO PAMPA";"NE_0001";"";"NE_0001";"NE_0001";"NE_0001";"NE_0001";"NE_0001";"NE_0001";"NE_0001"
"2023";"02";"050304";"AYACUCHO";"HUANCA SANCOS";"SANTIAGO DE LUCANAMARCA";"GOBIERNO REGIONAL";"I-2";"00003646";"PUESTO DE SALUD SAN JOSE DE HUARCAYA";"NE_0001";"";"NE_0001";"NE_0001";"NE_0001";"NE_0001";"NE_0001";"NE_0001";"NE_0001"
"2023";"02";"050304";"AYACUCHO";"HUANCA SANCOS";"SANTIAGO DE LUCANAMARCA";"GOBIERNO REGIONAL";"I-1";"00003645";"PUESTO DE SALUD SANTA ROSA COCHAS";"NE_0001";"";"NE_0001";"NE_0001";"NE_0001";"NE_0001";"NE_0001";"NE_0001";"NE_0001"
"2023";"02";"050304";"AYACUCHO";"HUANCA SANCOS";"SANTIAGO DE LUCANAMARCA";"GOBIERNO REGIONAL";"I-2";"00003644";"PUESTO DE SALUD LUCANAMARCA";"NE_0001";"";"NE_0001";"NE_0001";"NE_0001";"NE_0001";"NE_0001";"NE_0001";"NE_0001"
"2023";"02";"050303";"AYACUCHO";"HUANCA SANCOS";"SACSAMARCA";"GOBIERNO REGIONAL";"I-2";"00003643";"PUESTO DE SALUD SACSAMARCA";"NE_0001";"";"NE_0001";"NE_0001";"NE_0001";"NE_0001";"NE_0001";"NE_0001";"NE_0001"
"2023";"02";"050303";"AYACUCHO";"HUANCA SANCOS";"SACSAMARCA";"GOBIERNO REGIONAL";"I-1";"00003642";"PUESTO DE SALUD PALLCA";"NE_0001";"";"NE_0001";"NE_0001";"NE_0001";"NE_0001";"NE_0001";"NE_0001";"NE_0001"
"2023";"02";"050302";"AYACUCHO";"HUANCA SANCOS";"CARAPO";"GOBIERNO REGIONAL";"I-2";"00003641";"PUESTO DE SALUD CARAPO";"NE_0001";"";"NE_0001";"NE_0001";"NE_0001";"NE_0001";"NE_0001";"NE_0001";"NE_0001"
"2023";"02";"050302";"AYACUCHO";"HUANCA SANCOS";"CARAPO";"GOBIERNO REGIONAL";"I-1";"00003638";"PUESTO DE SALUD TAULLI";"NE_0001";"";"NE_0001";"NE_0001";"NE_0001";"NE_0001";"NE_0001";"NE_0001";"NE_0001"
"2023";"02";"050302";"AYACUCHO";"HUANCA SANCOS";"CARAPO";"GOBIERNO REGIONAL";"I-2";"00003637";"PUESTO DE SALUD PORTA CRUZ";"NE_0001";"";"NE_0001";"NE_0001";"NE_0001";"NE_0001";"NE_0001";"NE_0001";"NE_0001"
"2023";"02";"050302";"AYACUCHO";"HUANCA SANCOS";"CARAPO";"GOBIERNO REGIONAL";"I-2";"00003636";"PUESTO DE SALUD MANCHIRI";"NE_0001";"";"NE_0001";"NE_0001";"NE_0001";"NE_0001";"NE_0001";"NE_0001";"NE_0001"
"2023";"08";"040805";"AREQUIPA";"LA UNION";"PAMPAMARCA";"GOBIERNO REGIONAL";"I-2";"00001462";"PUESTO DE SALUD PAMPAMARCA";"NE_0001";"";"NE_0001";"NE_0001";"NE_0001";"NE_0001";"NE_0001";"NE_0001";"NE_0001"
"2023";"08";"040805";"AREQUIPA";"LA UNION";"PAMPAMARCA";"GOBIERNO REGIONAL";"I-1";"00001460";"PUESTO DE SALUD MUNGUI";"NE_0001";"";"NE_0001";"NE_0001";"NE_0001";"NE_0001";"NE_0001";"NE_0001";"NE_0001"
"2023";"08";"040811";"AREQUIPA";"LA UNION";"TORO";"GOBIERNO REGIONAL";"I-2";"00001457";"PUESTO DE SALUD TORO";"NE_0001";"";"NE_0001";"NE_0001";"NE_0001";"NE_0001";"NE_0001";"NE_0001";"NE_0001"
"2023";"08";"040801";"AREQUIPA";"LA UNION";"COTAHUASI";"GOBIERNO REGIONAL";"I-4";"00001455";"CENTRO DE SALUD COTAHUASI";"241800";"HOSPITALIZACIÓN DE MEDICINA MEDICINA GENERAL ";"19";"19";"34";"35";"15";"465";"0"
"2023";"08";"040801";"AREQUIPA";"LA UNION";"COTAHUASI";"GOBIERNO REGIONAL";"I-4";"00001455";"CENTRO DE SALUD COTAHUASI";"242500";"HOSPITALIZACIÓN-PEDIATRÍA GENERAL-";"2";"2";"2";"2";"2";"62";"0"
"2023";"06";"050304";"AYACUCHO";"HUANCA SANCOS";"SANTIAGO DE LUCANAMARCA";"GOBIERNO REGIONAL";"I-2";"00003646";"PUESTO DE SALUD SAN JOSE DE HUARCAYA";"NE_0001";"";"NE_0001";"NE_0001";"NE_0001";"NE_0001";"NE_0001";"NE_0001";"NE_0001"
"2023";"06";"050304";"AYACUCHO";"HUANCA SANCOS";"SANTIAGO DE LUCANAMARCA";"GOBIERNO REGIONAL";"I-1";"00011458";"PUESTO DE SALUD SAN MARTIN DE TIO PAMPA";"NE_0001";"";"NE_0001";"NE_0001";"NE_0001";"NE_0001";"NE_0001";"NE_0001";"NE_0001"
"2023";"06";"050304";"AYACUCHO";"HUANCA SANCOS";"SANTIAGO DE LUCANAMARCA";"GOBIERNO REGIONAL";"I-1";"00003645";"PUESTO DE SALUD SANTA ROSA COCHAS";"NE_0001";"";"NE_0001";"NE_0001";"NE_0001";"NE_0001";"NE_0001";"NE_0001";"NE_0001"
"2023";"06";"050304";"AYACUCHO";"HUANCA SANCOS";"SANTIAGO DE LUCANAMARCA";"GOBIERNO REGIONAL";"I-2";"00003644";"PUESTO DE SALUD LUCANAMARCA";"NE_0001";"";"NE_0001";"NE_0001";"NE_0001";"NE_0001";"NE_0001";"NE_0001";"NE_0001"
"2023";"06";"050303";"AYACUCHO";"HUANCA SANCOS";"SACSAMARCA";"GOBIERNO REGIONAL";"I-2";"00003643";"PUESTO DE SALUD SACSAMARCA";"NE_0001";"";"NE_0001";"NE_0001";"NE_0001";"NE_0001";"NE_0001";"NE_0001";"NE_0001"
"2023";"06";"050303";"AYACUCHO";"HUANCA SANCOS";"SACSAMARCA";"GOBIERNO REGIONAL";"I-1";"00003642";"PUESTO DE SALUD PALLCA";"NE_0001";"";"NE_0001";"NE_0001";"NE_0001";"NE_0001";"NE_0001";"NE_0001";"NE_0001"
"2023";"06";"050302";"AYACUCHO";"HUANCA SANCOS";"CARAPO";"GOBIERNO REGIONAL";"I-2";"00003641";"PUESTO DE SALUD CARAPO";"NE_0001";"";"NE_0001";"NE_0001";"NE_0001";"NE_0001";"NE_0001";"NE_0001";"NE_0001"
"2023";"06";"050301";"AYACUCHO";"HUANCA SANCOS";"SANCOS";"GOBIERNO REGIONAL";"I-4";"00003639";"CENTRO DE SALUD HUANCASANCOS";"241600";"HOSPITALIZACIÓN QUIRÚRGICA OBSTETRICIA   ";"6";"6";"10";"1";"6";"7";"0"
"2023";"06";"050301";"AYACUCHO";"HUANCA SANCOS";"SANCOS";"GOBIERNO REGIONAL";"I-4";"00003639";"CENTRO DE SALUD HUANCASANCOS";"241800";"HOSPITALIZACIÓN DE MEDICINA MEDICINA GENERAL ";"2";"2";"2";"1";"6";"7";"0"
"2023";"06";"050302";"AYACUCHO";"HUANCA SANCOS";"CARAPO";"GOBIERNO REGIONAL";"I-1";"00003638";"PUESTO DE SALUD TAULLI";"NE_0001";"";"NE_0001";"NE_0001";"NE_0001";"NE_0001";"NE_0001";"NE_0001";"NE_0001"
"2023";"06";"050302";"AYACUCHO";"HUANCA SANCOS";"CARAPO";"GOBIERNO REGIONAL";"I-2";"00003637";"PUESTO DE SALUD PORTA CRUZ";"NE_0001";"";"NE_0001";"NE_0001";"NE_0001";"NE_0001";"NE_0001";"NE_0001";"NE_0001"
"2023";"06";"050302";"AYACUCHO";"HUANCA SANCOS";"CARAPO";"GOBIERNO REGIONAL";"I-2";"00003636";"PUESTO DE SALUD MANCHIRI";"NE_0001";"";"NE_0001";"NE_0001";"NE_0001";"NE_0001";"NE_0001";"NE_0001";"NE_0001"
"2023";"10";"100101";"HUANUCO";"HUANUCO";"HUANUCO";"PRIVADO";"II-E";"00018192";"CLINICA DE OJOS SANTOS S.R.L";"NE_0001";"";"NE_0001";"NE_0001";"NE_0001";"NE_0001";"NE_0001";"NE_0001";"NE_0001"
"2023";"02";"050304";"AYACUCHO";"HUANCA SANCOS";"SANTIAGO DE LUCANAMARCA";"GOBIERNO REGIONAL";"I-1";"00027581";"PUESTO DE SALUD SAN ANTONIO DE JULO";"NE_0001";"";"NE_0001";"NE_0001";"NE_0001";"NE_0001";"NE_0001";"NE_0001";"NE_0001"
"2023";"02";"050304";"AYACUCHO";"HUANCA SANCOS";"SANTIAGO DE LUCANAMARCA";"GOBIERNO REGIONAL";"I-1";"00011458";"PUESTO DE SALUD SAN MARTIN DE TIO PAMPA";"NE_0001";"";"NE_0001";"NE_0001";"NE_0001";"NE_0001";"NE_0001";"NE_0001";"NE_0001"
"2023";"02";"050304";"AYACUCHO";"HUANCA SANCOS";"SANTIAGO DE LUCANAMARCA";"GOBIERNO REGIONAL";"I-2";"00003646";"PUESTO DE SALUD SAN JOSE DE HUARCAYA";"NE_0001";"";"NE_0001";"NE_0001";"NE_0001";"NE_0001";"NE_0001";"NE_0001";"NE_0001"
"2023";"02";"050304";"AYACUCHO";"HUANCA SANCOS";"SANTIAGO DE LUCANAMARCA";"GOBIERNO REGIONAL";"I-1";"00003645";"PUESTO DE SALUD SANTA ROSA COCHAS";"NE_0001";"";"NE_0001";"NE_0001";"NE_0001";"NE_0001";"NE_0001";"NE_0001";"NE_0001"
"2023";"02";"050304";"AYACUCHO";"HUANCA SANCOS";"SANTIAGO DE LUCANAMARCA";"GOBIERNO REGIONAL";"I-2";"00003644";"PUESTO DE SALUD LUCANAMARCA";"NE_0001";"";"NE_0001";"NE_0001";"NE_0001";"NE_0001";"NE_0001";"NE_0001";"NE_0001"
"2023";"02";"050303";"AYACUCHO";"HUANCA SANCOS";"SACSAMARCA";"GOBIERNO REGIONAL";"I-2";"00003643";"PUESTO DE SALUD SACSAMARCA";"NE_0001";"";"NE_0001";"NE_0001";"NE_0001";"NE_0001";"NE_0001";"NE_0001";"NE_0001"
"2023";"02";"050303";"AYACUCHO";"HUANCA SANCOS";"SACSAMARCA";"GOBIERNO REGIONAL";"I-1";"00003642";"PUESTO DE SALUD PALLCA";"NE_0001";"";"NE_0001";"NE_0001";"NE_0001";"NE_0001";"NE_0001";"NE_0001";"NE_0001"
"2023";"02";"050302";"AYACUCHO";"HUANCA SANCOS";"CARAPO";"GOBIERNO REGIONAL";"I-2";"00003641";"PUESTO DE SALUD CARAPO";"NE_0001";"";"NE_0001";"NE_0001";"NE_0001";"NE_0001";"NE_0001";"NE_0001";"NE_0001"
"2023";"02";"050301";"AYACUCHO";"HUANCA SANCOS";"SANCOS";"GOBIERNO REGIONAL";"I-4";"00003639";"CENTRO DE SALUD HUANCASANCOS";"241600";"HOSPITALIZACIÓN QUIRÚRGICA OBSTETRICIA   ";"3";"3";"5";"1";"6";"7";"0"
"2023";"02";"050301";"AYACUCHO";"HUANCA SANCOS";"SANCOS";"GOBIERNO REGIONAL";"I-4";"00003639";"CENTRO DE SALUD HUANCASANCOS";"241800";"HOSPITALIZACIÓN DE MEDICINA MEDICINA GENERAL ";"3";"3";"5";"1";"6";"7";"0"
"2023";"02";"050302";"AYACUCHO";"HUANCA SANCOS";"CARAPO";"GOBIERNO REGIONAL";"I-1";"00003638";"PUESTO DE SALUD TAULLI";"NE_0001";"";"NE_0001";"NE_0001";"NE_0001";"NE_0001";"NE_0001";"NE_0001";"NE_0001"
"2023";"02";"050302";"AYACUCHO";"HUANCA SANCOS";"CARAPO";"GOBIERNO REGIONAL";"I-2";"00003637";"PUESTO DE SALUD PORTA CRUZ";"NE_0001";"";"NE_0001";"NE_0001";"NE_0001";"NE_0001";"NE_0001";"NE_0001";"NE_0001"
"2023";"02";"050302";"AYACUCHO";"HUANCA SANCOS";"CARAPO";"GOBIERNO REGIONAL";"I-2";"00003636";"PUESTO DE SALUD MANCHIRI";"NE_0001";"";"NE_0001";"NE_0001";"NE_0001";"NE_0001";"NE_0001";"NE_0001";"NE_0001"
"2023";"03";"050304";"AYACUCHO";"HUANCA SANCOS";"SANTIAGO DE LUCANAMARCA";"GOBIERNO REGIONAL";"I-1";"00027581";"PUESTO DE SALUD SAN ANTONIO DE JULO";"NE_0001";"";"NE_0001";"NE_0001";"NE_0001";"NE_0001";"NE_0001";"NE_0001";"NE_0001"
"2023";"03";"050304";"AYACUCHO";"HUANCA SANCOS";"SANTIAGO DE LUCANAMARCA";"GOBIERNO REGIONAL";"I-1";"00011458";"PUESTO DE SALUD SAN MARTIN DE TIO PAMPA";"NE_0001";"";"NE_0001";"NE_0001";"NE_0001";"NE_0001";"NE_0001";"NE_0001";"NE_0001"
"2023";"03";"050304";"AYACUCHO";"HUANCA SANCOS";"SANTIAGO DE LUCANAMARCA";"GOBIERNO REGIONAL";"I-2";"00003646";"PUESTO DE SALUD SAN JOSE DE HUARCAYA";"NE_0001";"";"NE_0001";"NE_0001";"NE_0001";"NE_0001";"NE_0001";"NE_0001";"NE_0001"
"2023";"03";"050304";"AYACUCHO";"HUANCA SANCOS";"SANTIAGO DE LUCANAMARCA";"GOBIERNO REGIONAL";"I-1";"00003645";"PUESTO DE SALUD SANTA ROSA COCHAS";"NE_0001";"";"NE_0001";"NE_0001";"NE_0001";"NE_0001";"NE_0001";"NE_0001";"NE_0001"
"2023";"03";"050304";"AYACUCHO";"HUANCA SANCOS";"SANTIAGO DE LUCANAMARCA";"GOBIERNO REGIONAL";"I-2";"00003644";"PUESTO DE SALUD LUCANAMARCA";"NE_0001";"";"NE_0001";"NE_0001";"NE_0001";"NE_0001";"NE_0001";"NE_0001";"NE_0001"
"2023";"03";"050303";"AYACUCHO";"HUANCA SANCOS";"SACSAMARCA";"GOBIERNO REGIONAL";"I-2";"00003643";"PUESTO DE SALUD SACSAMARCA";"NE_0001";"";"NE_0001";"NE_0001";"NE_0001";"NE_0001";"NE_0001";"NE_0001";"NE_0001"
"2023";"03";"050303";"AYACUCHO";"HUANCA SANCOS";"SACSAMARCA";"GOBIERNO REGIONAL";"I-1";"00003642";"PUESTO DE SALUD PALLCA";"NE_0001";"";"NE_0001";"NE_0001";"NE_0001";"NE_0001";"NE_0001";"NE_0001";"NE_0001"
"2023";"03";"050302";"AYACUCHO";"HUANCA SANCOS";"CARAPO";"GOBIERNO REGIONAL";"I-2";"00003641";"PUESTO DE SALUD CARAPO";"NE_0001";"";"NE_0001";"NE_0001";"NE_0001";"NE_0001";"NE_0001";"NE_0001";"NE_0001"
"2023";"03";"050302";"AYACUCHO";"HUANCA SANCOS";"CARAPO";"GOBIERNO REGIONAL";"I-1";"00003638";"PUESTO DE SALUD TAULLI";"NE_0001";"";"NE_0001";"NE_0001";"NE_0001";"NE_0001";"NE_0001";"NE_0001";"NE_0001"
"2023";"03";"050302";"AYACUCHO";"HUANCA SANCOS";"CARAPO";"GOBIERNO REGIONAL";"I-2";"00003637";"PUESTO DE SALUD PORTA CRUZ";"NE_0001";"";"NE_0001";"NE_0001";"NE_0001";"NE_0001";"NE_0001";"NE_0001";"NE_0001"
"2023";"03";"050302";"AYACUCHO";"HUANCA SANCOS";"CARAPO";"GOBIERNO REGIONAL";"I-2";"00003636";"PUESTO DE SALUD MANCHIRI";"NE_0001";"";"NE_0001";"NE_0001";"NE_0001";"NE_0001";"NE_0001";"NE_0001";"NE_0001"
"2023";"03";"050304";"AYACUCHO";"HUANCA SANCOS";"SANTIAGO DE LUCANAMARCA";"GOBIERNO REGIONAL";"I-1";"00027581";"PUESTO DE SALUD SAN ANTONIO DE JULO";"NE_0001";"";"NE_0001";"NE_0001";"NE_0001";"NE_0001";"NE_0001";"NE_0001";"NE_0001"
"2023";"03";"050304";"AYACUCHO";"HUANCA SANCOS";"SANTIAGO DE LUCANAMARCA";"GOBIERNO REGIONAL";"I-1";"00011458";"PUESTO DE SALUD SAN MARTIN DE TIO PAMPA";"NE_0001";"";"NE_0001";"NE_0001";"NE_0001";"NE_0001";"NE_0001";"NE_0001";"NE_0001"
"2023";"03";"050304";"AYACUCHO";"HUANCA SANCOS";"SANTIAGO DE LUCANAMARCA";"GOBIERNO REGIONAL";"I-2";"00003646";"PUESTO DE SALUD SAN JOSE DE HUARCAYA";"NE_0001";"";"NE_0001";"NE_0001";"NE_0001";"NE_0001";"NE_0001";"NE_0001";"NE_0001"
"2023";"03";"050304";"AYACUCHO";"HUANCA SANCOS";"SANTIAGO DE LUCANAMARCA";"GOBIERNO REGIONAL";"I-1";"00003645";"PUESTO DE SALUD SANTA ROSA COCHAS";"NE_0001";"";"NE_0001";"NE_0001";"NE_0001";"NE_0001";"NE_0001";"NE_0001";"NE_0001"
"2023";"03";"050304";"AYACUCHO";"HUANCA SANCOS";"SANTIAGO DE LUCANAMARCA";"GOBIERNO REGIONAL";"I-2";"00003644";"PUESTO DE SALUD LUCANAMARCA";"NE_0001";"";"NE_0001";"NE_0001";"NE_0001";"NE_0001";"NE_0001";"NE_0001";"NE_0001"
"2023";"03";"050303";"AYACUCHO";"HUANCA SANCOS";"SACSAMARCA";"GOBIERNO REGIONAL";"I-2";"00003643";"PUESTO DE SALUD SACSAMARCA";"NE_0001";"";"NE_0001";"NE_0001";"NE_0001";"NE_0001";"NE_0001";"NE_0001";"NE_0001"
"2023";"03";"050303";"AYACUCHO";"HUANCA SANCOS";"SACSAMARCA";"GOBIERNO REGIONAL";"I-1";"00003642";"PUESTO DE SALUD PALLCA";"NE_0001";"";"NE_0001";"NE_0001";"NE_0001";"NE_0001";"NE_0001";"NE_0001";"NE_0001"
"2023";"03";"050302";"AYACUCHO";"HUANCA SANCOS";"CARAPO";"GOBIERNO REGIONAL";"I-2";"00003641";"PUESTO DE SALUD CARAPO";"NE_0001";"";"NE_0001";"NE_0001";"NE_0001";"NE_0001";"NE_0001";"NE_0001";"NE_0001"
"2023";"03";"050301";"AYACUCHO";"HUANCA SANCOS";"SANCOS";"GOBIERNO REGIONAL";"I-4";"00003639";"CENTRO DE SALUD HUANCASANCOS";"241600";"HOSPITALIZACIÓN QUIRÚRGICA OBSTETRICIA   ";"7";"7";"10";"1";"6";"7";"0"
"2023";"03";"050301";"AYACUCHO";"HUANCA SANCOS";"SANCOS";"GOBIERNO REGIONAL";"I-4";"00003639";"CENTRO DE SALUD HUANCASANCOS";"241800";"HOSPITALIZACIÓN DE MEDICINA MEDICINA GENERAL ";"4";"4";"5";"1";"6";"7";"0"
"2023";"03";"050302";"AYACUCHO";"HUANCA SANCOS";"CARAPO";"GOBIERNO REGIONAL";"I-1";"00003638";"PUESTO DE SALUD TAULLI";"NE_0001";"";"NE_0001";"NE_0001";"NE_0001";"NE_0001";"NE_0001";"NE_0001";"NE_0001"
"2023";"03";"050302";"AYACUCHO";"HUANCA SANCOS";"CARAPO";"GOBIERNO REGIONAL";"I-2";"00003637";"PUESTO DE SALUD PORTA CRUZ";"NE_0001";"";"NE_0001";"NE_0001";"NE_0001";"NE_0001";"NE_0001";"NE_0001";"NE_0001"
"2023";"03";"050302";"AYACUCHO";"HUANCA SANCOS";"CARAPO";"GOBIERNO REGIONAL";"I-2";"00003636";"PUESTO DE SALUD MANCHIRI";"NE_0001";"";"NE_0001";"NE_0001";"NE_0001";"NE_0001";"NE_0001";"NE_0001";"NE_0001"
"2023";"06";"050304";"AYACUCHO";"HUANCA SANCOS";"SANTIAGO DE LUCANAMARCA";"GOBIERNO REGIONAL";"I-1";"00027581";"PUESTO DE SALUD SAN ANTONIO DE JULO";"NE_0001";"";"NE_0001";"NE_0001";"NE_0001";"NE_0001";"NE_0001";"NE_0001";"NE_0001"
"2023";"10";"040809";"AREQUIPA";"LA UNION";"TAURIA";"GOBIERNO REGIONAL";"I-2";"00001470";"PUESTO DE SALUD TAURIA";"NE_0001";"";"NE_0001";"NE_0001";"NE_0001";"NE_0001";"NE_0001";"NE_0001";"NE_0001"
"2023";"10";"040807";"AREQUIPA";"LA UNION";"QUECHUALLA";"GOBIERNO REGIONAL";"I-1";"00001468";"PUESTO DE SALUD VELINGA";"NE_0001";"";"NE_0001";"NE_0001";"NE_0001";"NE_0001";"NE_0001";"NE_0001";"NE_0001"
"2023";"10";"040803";"AREQUIPA";"LA UNION";"CHARCANA";"GOBIERNO REGIONAL";"I-2";"00001467";"PUESTO DE SALUD CHARCANA";"NE_0001";"";"NE_0001";"NE_0001";"NE_0001";"NE_0001";"NE_0001";"NE_0001";"NE_0001"
"2023";"10";"040805";"AREQUIPA";"LA UNION";"PAMPAMARCA";"GOBIERNO REGIONAL";"I-2";"00001462";"PUESTO DE SALUD PAMPAMARCA";"NE_0001";"";"NE_0001";"NE_0001";"NE_0001";"NE_0001";"NE_0001";"NE_0001";"NE_0001"
"2023";"10";"040805";"AREQUIPA";"LA UNION";"PAMPAMARCA";"GOBIERNO REGIONAL";"I-1";"00001460";"PUESTO DE SALUD MUNGUI";"NE_0001";"";"NE_0001";"NE_0001";"NE_0001";"NE_0001";"NE_0001";"NE_0001";"NE_0001"
"2023";"10";"040811";"AREQUIPA";"LA UNION";"TORO";"GOBIERNO REGIONAL";"I-2";"00001458";"PUESTO DE SALUD CASPI";"NE_0001";"";"NE_0001";"NE_0001";"NE_0001";"NE_0001";"NE_0001";"NE_0001";"NE_0001"
"2023";"10";"040811";"AREQUIPA";"LA UNION";"TORO";"GOBIERNO REGIONAL";"I-2";"00001457";"PUESTO DE SALUD TORO";"NE_0001";"";"NE_0001";"NE_0001";"NE_0001";"NE_0001";"NE_0001";"NE_0001";"NE_0001"
"2023";"10";"040810";"AREQUIPA";"LA UNION";"TOMEPAMPA";"GOBIERNO REGIONAL";"I-2";"00001456";"PUESTO DE SALUD TOMEPAMPA";"NE_0001";"";"NE_0001";"NE_0001";"NE_0001";"NE_0001";"NE_0001";"NE_0001";"NE_0001"
"2023";"10";"040801";"AREQUIPA";"LA UNION";"COTAHUASI";"GOBIERNO REGIONAL";"I-4";"00001455";"CENTRO DE SALUD COTAHUASI";"241800";"HOSPITALIZACIÓN DE MEDICINA MEDICINA GENERAL ";"24";"24";"48";"49";"17";"527";"0"
"2023";"12";"100102";"HUANUCO";"HUANUCO";"AMARILIS";"GOBIERNO REGIONAL";"I-3";"00027821";"CENTRO DE SALUD AMARILIS";"NE_0001";"";"NE_0001";"NE_0001";"NE_0001";"NE_0001";"NE_0001";"NE_0001";"NE_0001"
"2023";"08";"040809";"AREQUIPA";"LA UNION";"TAURIA";"GOBIERNO REGIONAL";"I-2";"00001470";"PUESTO DE SALUD TAURIA";"NE_0001";"";"NE_0001";"NE_0001";"NE_0001";"NE_0001";"NE_0001";"NE_0001";"NE_0001"
"2023";"08";"040808";"AREQUIPA";"LA UNION";"SAYLA";"GOBIERNO REGIONAL";"I-2";"00001469";"PUESTO DE SALUD SAYLA";"NE_0001";"";"NE_0001";"NE_0001";"NE_0001";"NE_0001";"NE_0001";"NE_0001";"NE_0001"
"2023";"08";"040805";"AREQUIPA";"LA UNION";"PAMPAMARCA";"GOBIERNO REGIONAL";"I-2";"00001459";"PUESTO DE SALUD HUARHUA";"NE_0001";"";"NE_0001";"NE_0001";"NE_0001";"NE_0001";"NE_0001";"NE_0001";"NE_0001"
"2023";"08";"040811";"AREQUIPA";"LA UNION";"TORO";"GOBIERNO REGIONAL";"I-2";"00001458";"PUESTO DE SALUD CASPI";"NE_0001";"";"NE_0001";"NE_0001";"NE_0001";"NE_0001";"NE_0001";"NE_0001";"NE_0001"
"2023";"08";"040810";"AREQUIPA";"LA UNION";"TOMEPAMPA";"GOBIERNO REGIONAL";"I-2";"00001456";"PUESTO DE SALUD TOMEPAMPA";"NE_0001";"";"NE_0001";"NE_0001";"NE_0001";"NE_0001";"NE_0001";"NE_0001";"NE_0001"
"2023";"07";"100101";"HUANUCO";"HUANUCO";"HUANUCO";"PRIVADO";"II-E";"00018192";"CLINICA DE OJOS SANTOS S.R.L";"NE_0001";"";"NE_0001";"NE_0001";"NE_0001";"NE_0001";"NE_0001";"NE_0001";"NE_0001"
"2023";"02";"050304";"AYACUCHO";"HUANCA SANCOS";"SANTIAGO DE LUCANAMARCA";"GOBIERNO REGIONAL";"I-1";"00027581";"PUESTO DE SALUD SAN ANTONIO DE JULO";"NE_0001";"";"NE_0001";"NE_0001";"NE_0001";"NE_0001";"NE_0001";"NE_0001";"NE_0001"
"2023";"02";"050304";"AYACUCHO";"HUANCA SANCOS";"SANTIAGO DE LUCANAMARCA";"GOBIERNO REGIONAL";"I-1";"00011458";"PUESTO DE SALUD SAN MARTIN DE TIO PAMPA";"NE_0001";"";"NE_0001";"NE_0001";"NE_0001";"NE_0001";"NE_0001";"NE_0001";"NE_0001"
"2023";"02";"050304";"AYACUCHO";"HUANCA SANCOS";"SANTIAGO DE LUCANAMARCA";"GOBIERNO REGIONAL";"I-2";"00003646";"PUESTO DE SALUD SAN JOSE DE HUARCAYA";"NE_0001";"";"NE_0001";"NE_0001";"NE_0001";"NE_0001";"NE_0001";"NE_0001";"NE_0001"
"2023";"02";"050304";"AYACUCHO";"HUANCA SANCOS";"SANTIAGO DE LUCANAMARCA";"GOBIERNO REGIONAL";"I-1";"00003645";"PUESTO DE SALUD SANTA ROSA COCHAS";"NE_0001";"";"NE_0001";"NE_0001";"NE_0001";"NE_0001";"NE_0001";"NE_0001";"NE_0001"
"2023";"02";"050304";"AYACUCHO";"HUANCA SANCOS";"SANTIAGO DE LUCANAMARCA";"GOBIERNO REGIONAL";"I-2";"00003644";"PUESTO DE SALUD LUCANAMARCA";"NE_0001";"";"NE_0001";"NE_0001";"NE_0001";"NE_0001";"NE_0001";"NE_0001";"NE_0001"
"2023";"02";"050303";"AYACUCHO";"HUANCA SANCOS";"SACSAMARCA";"GOBIERNO REGIONAL";"I-2";"00003643";"PUESTO DE SALUD SACSAMARCA";"NE_0001";"";"NE_0001";"NE_0001";"NE_0001";"NE_0001";"NE_0001";"NE_0001";"NE_0001"
"2023";"02";"050303";"AYACUCHO";"HUANCA SANCOS";"SACSAMARCA";"GOBIERNO REGIONAL";"I-1";"00003642";"PUESTO DE SALUD PALLCA";"NE_0001";"";"NE_0001";"NE_0001";"NE_0001";"NE_0001";"NE_0001";"NE_0001";"NE_0001"
"2023";"02";"050302";"AYACUCHO";"HUANCA SANCOS";"CARAPO";"GOBIERNO REGIONAL";"I-2";"00003641";"PUESTO DE SALUD CARAPO";"NE_0001";"";"NE_0001";"NE_0001";"NE_0001";"NE_0001";"NE_0001";"NE_0001";"NE_0001"
"2023";"02";"050302";"AYACUCHO";"HUANCA SANCOS";"CARAPO";"GOBIERNO REGIONAL";"I-1";"00003638";"PUESTO DE SALUD TAULLI";"NE_0001";"";"NE_0001";"NE_0001";"NE_0001";"NE_0001";"NE_0001";"NE_0001";"NE_0001"
"2023";"02";"050302";"AYACUCHO";"HUANCA SANCOS";"CARAPO";"GOBIERNO REGIONAL";"I-2";"00003637";"PUESTO DE SALUD PORTA CRUZ";"NE_0001";"";"NE_0001";"NE_0001";"NE_0001";"NE_0001";"NE_0001";"NE_0001";"NE_0001"
"2023";"02";"050302";"AYACUCHO";"HUANCA SANCOS";"CARAPO";"GOBIERNO REGIONAL";"I-2";"00003636";"PUESTO DE SALUD MANCHIRI";"NE_0001";"";"NE_0001";"NE_0001";"NE_0001";"NE_0001";"NE_0001";"NE_0001";"NE_0001"
"2023";"07";"040809";"AREQUIPA";"LA UNION";"TAURIA";"GOBIERNO REGIONAL";"I-2";"00001470";"PUESTO DE SALUD TAURIA";"NE_0001";"";"NE_0001";"NE_0001";"NE_0001";"NE_0001";"NE_0001";"NE_0001";"NE_0001"
"2023";"07";"040803";"AREQUIPA";"LA UNION";"CHARCANA";"GOBIERNO REGIONAL";"I-2";"00001467";"PUESTO DE SALUD CHARCANA";"NE_0001";"";"NE_0001";"NE_0001";"NE_0001";"NE_0001";"NE_0001";"NE_0001";"NE_0001"
"2023";"07";"040805";"AREQUIPA";"LA UNION";"PAMPAMARCA";"GOBIERNO REGIONAL";"I-1";"00001460";"PUESTO DE SALUD MUNGUI";"NE_0001";"";"NE_0001";"NE_0001";"NE_0001";"NE_0001";"NE_0001";"NE_0001";"NE_0001"
"2023";"07";"040811";"AREQUIPA";"LA UNION";"TORO";"GOBIERNO REGIONAL";"I-2";"00001458";"PUESTO DE SALUD CASPI";"NE_0001";"";"NE_0001";"NE_0001";"NE_0001";"NE_0001";"NE_0001";"NE_0001";"NE_0001"
"2023";"07";"040811";"AREQUIPA";"LA UNION";"TORO";"GOBIERNO REGIONAL";"I-2";"00001457";"PUESTO DE SALUD TORO";"NE_0001";"";"NE_0001";"NE_0001";"NE_0001";"NE_0001";"NE_0001";"NE_0001";"NE_0001"
"2023";"09";"040805";"AREQUIPA";"LA UNION";"PAMPAMARCA";"GOBIERNO REGIONAL";"I-2";"00001462";"PUESTO DE SALUD PAMPAMARCA";"NE_0001";"";"NE_0001";"NE_0001";"NE_0001";"NE_0001";"NE_0001";"NE_0001";"NE_0001"
"2023";"09";"040805";"AREQUIPA";"LA UNION";"PAMPAMARCA";"GOBIERNO REGIONAL";"I-1";"00001460";"PUESTO DE SALUD MUNGUI";"NE_0001";"";"NE_0001";"NE_0001";"NE_0001";"NE_0001";"NE_0001";"NE_0001";"NE_0001"
"2023";"09";"040801";"AREQUIPA";"LA UNION";"COTAHUASI";"GOBIERNO REGIONAL";"I-4";"00001455";"CENTRO DE SALUD COTAHUASI";"241800";"HOSPITALIZACIÓN DE MEDICINA MEDICINA GENERAL ";"23";"23";"61";"62";"17";"510";"0"
"2023";"07";"040807";"AREQUIPA";"LA UNION";"QUECHUALLA";"GOBIERNO REGIONAL";"I-1";"00001468";"PUESTO DE SALUD VELINGA";"NE_0001";"";"NE_0001";"NE_0001";"NE_0001";"NE_0001";"NE_0001";"NE_0001";"NE_0001"
"2023";"07";"040803";"AREQUIPA";"LA UNION";"CHARCANA";"GOBIERNO REGIONAL";"I-2";"00001466";"PUESTO DE SALUD ANDAMARCA";"NE_0001";"";"NE_0001";"NE_0001";"NE_0001";"NE_0001";"NE_0001";"NE_0001";"NE_0001"
"2023";"07";"040805";"AREQUIPA";"LA UNION";"PAMPAMARCA";"GOBIERNO REGIONAL";"I-2";"00001462";"PUESTO DE SALUD PAMPAMARCA";"NE_0001";"";"NE_0001";"NE_0001";"NE_0001";"NE_0001";"NE_0001";"NE_0001";"NE_0001"
"2023";"07";"040805";"AREQUIPA";"LA UNION";"PAMPAMARCA";"GOBIERNO REGIONAL";"I-2";"00001459";"PUESTO DE SALUD HUARHUA";"NE_0001";"";"NE_0001";"NE_0001";"NE_0001";"NE_0001";"NE_0001";"NE_0001";"NE_0001"
"2023";"07";"040810";"AREQUIPA";"LA UNION";"TOMEPAMPA";"GOBIERNO REGIONAL";"I-2";"00001456";"PUESTO DE SALUD TOMEPAMPA";"NE_0001";"";"NE_0001";"NE_0001";"NE_0001";"NE_0001";"NE_0001";"NE_0001";"NE_0001"
"2023";"11";"110101";"ICA";"ICA";"ICA";"PRIVADO";"I-3";"00019056";"EL GALENO DE ICA";"NE_0001";"";"NE_0001";"NE_0001";"NE_0001";"NE_0001";"NE_0001";"NE_0001";"NE_0001"
"2023";"08";"040807";"AREQUIPA";"LA UNION";"QUECHUALLA";"GOBIERNO REGIONAL";"I-1";"00001468";"PUESTO DE SALUD VELINGA";"NE_0001";"";"NE_0001";"NE_0001";"NE_0001";"NE_0001";"NE_0001";"NE_0001";"NE_0001"
"2023";"08";"040803";"AREQUIPA";"LA UNION";"CHARCANA";"GOBIERNO REGIONAL";"I-2";"00001467";"PUESTO DE SALUD CHARCANA";"NE_0001";"";"NE_0001";"NE_0001";"NE_0001";"NE_0001";"NE_0001";"NE_0001";"NE_0001"
"2023";"08";"040803";"AREQUIPA";"LA UNION";"CHARCANA";"GOBIERNO REGIONAL";"I-2";"00001466";"PUESTO DE SALUD ANDAMARCA";"NE_0001";"";"NE_0001";"NE_0001";"NE_0001";"NE_0001";"NE_0001";"NE_0001";"NE_0001"
"2023";"09";"040803";"AREQUIPA";"LA UNION";"CHARCANA";"GOBIERNO REGIONAL";"I-2";"00001466";"PUESTO DE SALUD ANDAMARCA";"NE_0001";"";"NE_0001";"NE_0001";"NE_0001";"NE_0001";"NE_0001";"NE_0001";"NE_0001"
"2023";"05";"050302";"AYACUCHO";"HUANCA SANCOS";"CARAPO";"GOBIERNO REGIONAL";"I-1";"00003638";"PUESTO DE SALUD TAULLI";"NE_0001";"";"NE_0001";"NE_0001";"NE_0001";"NE_0001";"NE_0001";"NE_0001";"NE_0001"
"2023";"05";"050302";"AYACUCHO";"HUANCA SANCOS";"CARAPO";"GOBIERNO REGIONAL";"I-2";"00003637";"PUESTO DE SALUD PORTA CRUZ";"NE_0001";"";"NE_0001";"NE_0001";"NE_0001";"NE_0001";"NE_0001";"NE_0001";"NE_0001"
"2023";"05";"050302";"AYACUCHO";"HUANCA SANCOS";"CARAPO";"GOBIERNO REGIONAL";"I-2";"00003636";"PUESTO DE SALUD MANCHIRI";"NE_0001";"";"NE_0001";"NE_0001";"NE_0001";"NE_0001";"NE_0001";"NE_0001";"NE_0001"
"2023";"05";"050304";"AYACUCHO";"HUANCA SANCOS";"SANTIAGO DE LUCANAMARCA";"GOBIERNO REGIONAL";"I-2";"00003646";"PUESTO DE SALUD SAN JOSE DE HUARCAYA";"NE_0001";"";"NE_0001";"NE_0001";"NE_0001";"NE_0001";"NE_0001";"NE_0001";"NE_0001"
"2023";"05";"050304";"AYACUCHO";"HUANCA SANCOS";"SANTIAGO DE LUCANAMARCA";"GOBIERNO REGIONAL";"I-1";"00003645";"PUESTO DE SALUD SANTA ROSA COCHAS";"NE_0001";"";"NE_0001";"NE_0001";"NE_0001";"NE_0001";"NE_0001";"NE_0001";"NE_0001"
"2023";"05";"050304";"AYACUCHO";"HUANCA SANCOS";"SANTIAGO DE LUCANAMARCA";"GOBIERNO REGIONAL";"I-2";"00003644";"PUESTO DE SALUD LUCANAMARCA";"NE_0001";"";"NE_0001";"NE_0001";"NE_0001";"NE_0001";"NE_0001";"NE_0001";"NE_0001"
"2023";"05";"050303";"AYACUCHO";"HUANCA SANCOS";"SACSAMARCA";"GOBIERNO REGIONAL";"I-2";"00003643";"PUESTO DE SALUD SACSAMARCA";"NE_0001";"";"NE_0001";"NE_0001";"NE_0001";"NE_0001";"NE_0001";"NE_0001";"NE_0001"
"2023";"05";"050303";"AYACUCHO";"HUANCA SANCOS";"SACSAMARCA";"GOBIERNO REGIONAL";"I-1";"00003642";"PUESTO DE SALUD PALLCA";"NE_0001";"";"NE_0001";"NE_0001";"NE_0001";"NE_0001";"NE_0001";"NE_0001";"NE_0001"
"2023";"05";"050302";"AYACUCHO";"HUANCA SANCOS";"CARAPO";"GOBIERNO REGIONAL";"I-2";"00003641";"PUESTO DE SALUD CARAPO";"NE_0001";"";"NE_0001";"NE_0001";"NE_0001";"NE_0001";"NE_0001";"NE_0001";"NE_0001"
"2023";"05";"050301";"AYACUCHO";"HUANCA SANCOS";"SANCOS";"GOBIERNO REGIONAL";"I-4";"00003639";"CENTRO DE SALUD HUANCASANCOS";"241600";"HOSPITALIZACIÓN QUIRÚRGICA OBSTETRICIA   ";"4";"4";"8";"1";"6";"7";"0"
"2023";"05";"050301";"AYACUCHO";"HUANCA SANCOS";"SANCOS";"GOBIERNO REGIONAL";"I-4";"00003639";"CENTRO DE SALUD HUANCASANCOS";"241800";"HOSPITALIZACIÓN DE MEDICINA MEDICINA GENERAL ";"5";"5";"7";"1";"6";"7";"0"
"2023";"05";"050302";"AYACUCHO";"HUANCA SANCOS";"CARAPO";"GOBIERNO REGIONAL";"I-1";"00003638";"PUESTO DE SALUD TAULLI";"NE_0001";"";"NE_0001";"NE_0001";"NE_0001";"NE_0001";"NE_0001";"NE_0001";"NE_0001"
"2023";"05";"050302";"AYACUCHO";"HUANCA SANCOS";"CARAPO";"GOBIERNO REGIONAL";"I-2";"00003637";"PUESTO DE SALUD PORTA CRUZ";"NE_0001";"";"NE_0001";"NE_0001";"NE_0001";"NE_0001";"NE_0001";"NE_0001";"NE_0001"
"2023";"05";"050302";"AYACUCHO";"HUANCA SANCOS";"CARAPO";"GOBIERNO REGIONAL";"I-2";"00003636";"PUESTO DE SALUD MANCHIRI";"NE_0001";"";"NE_0001";"NE_0001";"NE_0001";"NE_0001";"NE_0001";"NE_0001";"NE_0001"
"2023";"12";"060101";"CAJAMARCA";"CAJAMARCA";"CAJAMARCA";"GOBIERNO REGIONAL";"I-1";"00004651";"CHAMIS";"NE_0002";"";"NE_0002";"NE_0002";"NE_0002";"NE_0002";"NE_0002";"NE_0002";"NE_0002"
"2023";"10";"040808";"AREQUIPA";"LA UNION";"SAYLA";"GOBIERNO REGIONAL";"I-2";"00001469";"PUESTO DE SALUD SAYLA";"NE_0001";"";"NE_0001";"NE_0001";"NE_0001";"NE_0001";"NE_0001";"NE_0001";"NE_0001"
"2023";"01";"050304";"AYACUCHO";"HUANCA SANCOS";"SANTIAGO DE LUCANAMARCA";"GOBIERNO REGIONAL";"I-1";"00027581";"PUESTO DE SALUD SAN ANTONIO DE JULO";"NE_0001";"";"NE_0001";"NE_0001";"NE_0001";"NE_0001";"NE_0001";"NE_0001";"NE_0001"
"2023";"01";"050304";"AYACUCHO";"HUANCA SANCOS";"SANTIAGO DE LUCANAMARCA";"GOBIERNO REGIONAL";"I-1";"00011458";"PUESTO DE SALUD SAN MARTIN DE TIO PAMPA";"NE_0001";"";"NE_0001";"NE_0001";"NE_0001";"NE_0001";"NE_0001";"NE_0001";"NE_0001"
"2023";"01";"050304";"AYACUCHO";"HUANCA SANCOS";"SANTIAGO DE LUCANAMARCA";"GOBIERNO REGIONAL";"I-2";"00003646";"PUESTO DE SALUD SAN JOSE DE HUARCAYA";"NE_0001";"";"NE_0001";"NE_0001";"NE_0001";"NE_0001";"NE_0001";"NE_0001";"NE_0001"
"2023";"01";"050304";"AYACUCHO";"HUANCA SANCOS";"SANTIAGO DE LUCANAMARCA";"GOBIERNO REGIONAL";"I-1";"00003645";"PUESTO DE SALUD SANTA ROSA COCHAS";"NE_0001";"";"NE_0001";"NE_0001";"NE_0001";"NE_0001";"NE_0001";"NE_0001";"NE_0001"
"2023";"01";"050304";"AYACUCHO";"HUANCA SANCOS";"SANTIAGO DE LUCANAMARCA";"GOBIERNO REGIONAL";"I-2";"00003644";"PUESTO DE SALUD LUCANAMARCA";"NE_0001";"";"NE_0001";"NE_0001";"NE_0001";"NE_0001";"NE_0001";"NE_0001";"NE_0001"
"2023";"01";"050303";"AYACUCHO";"HUANCA SANCOS";"SACSAMARCA";"GOBIERNO REGIONAL";"I-2";"00003643";"PUESTO DE SALUD SACSAMARCA";"NE_0001";"";"NE_0001";"NE_0001";"NE_0001";"NE_0001";"NE_0001";"NE_0001";"NE_0001"
"2023";"01";"050303";"AYACUCHO";"HUANCA SANCOS";"SACSAMARCA";"GOBIERNO REGIONAL";"I-1";"00003642";"PUESTO DE SALUD PALLCA";"NE_0001";"";"NE_0001";"NE_0001";"NE_0001";"NE_0001";"NE_0001";"NE_0001";"NE_0001"
"2023";"01";"050302";"AYACUCHO";"HUANCA SANCOS";"CARAPO";"GOBIERNO REGIONAL";"I-2";"00003641";"PUESTO DE SALUD CARAPO";"NE_0001";"";"NE_0001";"NE_0001";"NE_0001";"NE_0001";"NE_0001";"NE_0001";"NE_0001"
"2023";"01";"050301";"AYACUCHO";"HUANCA SANCOS";"SANCOS";"GOBIERNO REGIONAL";"I-4";"00003639";"CENTRO DE SALUD HUANCASANCOS";"241600";"HOSPITALIZACIÓN QUIRÚRGICA OBSTETRICIA   ";"3";"3";"3";"1";"6";"7";"0"
"2023";"01";"050301";"AYACUCHO";"HUANCA SANCOS";"SANCOS";"GOBIERNO REGIONAL";"I-4";"00003639";"CENTRO DE SALUD HUANCASANCOS";"241800";"HOSPITALIZACIÓN DE MEDICINA MEDICINA GENERAL ";"5";"5";"6";"1";"6";"7";"0"
"2023";"01";"050302";"AYACUCHO";"HUANCA SANCOS";"CARAPO";"GOBIERNO REGIONAL";"I-1";"00003638";"PUESTO DE SALUD TAULLI";"NE_0001";"";"NE_0001";"NE_0001";"NE_0001";"NE_0001";"NE_0001";"NE_0001";"NE_0001"
"2023";"01";"050302";"AYACUCHO";"HUANCA SANCOS";"CARAPO";"GOBIERNO REGIONAL";"I-2";"00003637";"PUESTO DE SALUD PORTA CRUZ";"NE_0001";"";"NE_0001";"NE_0001";"NE_0001";"NE_0001";"NE_0001";"NE_0001";"NE_0001"
"2023";"01";"050302";"AYACUCHO";"HUANCA SANCOS";"CARAPO";"GOBIERNO REGIONAL";"I-2";"00003636";"PUESTO DE SALUD MANCHIRI";"NE_0001";"";"NE_0001";"NE_0001";"NE_0001";"NE_0001";"NE_0001";"NE_0001";"NE_0001"
"2023";"08";"130301";"LA LIBERTAD";"BOLIVAR";"BOLIVAR";"ESSALUD";"I-2";"00021969";"POSTA DE SALUD BOLIVAR";"NE_0001";"";"NE_0001";"NE_0001";"NE_0001";"NE_0001";"NE_0001";"NE_0001";"NE_0001"
"2023";"09";"130301";"LA LIBERTAD";"BOLIVAR";"BOLIVAR";"ESSALUD";"I-2";"00021969";"POSTA DE SALUD BOLIVAR";"NE_0001";"";"NE_0001";"NE_0001";"NE_0001";"NE_0001";"NE_0001";"NE_0001";"NE_0001"
"2023";"10";"130301";"LA LIBERTAD";"BOLIVAR";"BOLIVAR";"ESSALUD";"I-2";"00021969";"POSTA DE SALUD BOLIVAR";"NE_0001";"";"NE_0001";"NE_0001";"NE_0001";"NE_0001";"NE_0001";"NE_0001";"NE_0001"
"2023";"11";"130301";"LA LIBERTAD";"BOLIVAR";"BOLIVAR";"ESSALUD";"I-2";"00021969";"POSTA DE SALUD BOLIVAR";"NE_0001";"";"NE_0001";"NE_0001";"NE_0001";"NE_0001";"NE_0001";"NE_0001";"NE_0001"
"2023";"12";"010701";"AMAZONAS";"UTCUBAMBA";"BAGUA GRANDE";"ESSALUD";"II-1";"00009067";"HOSPITAL EL BUEN SAMARITANO";"241800";"HOSPITALIZACIÓN DE MEDICINA MEDICINA GENERAL ";"15";"14";"52";"55";"6";"186";"0"
"2023";"12";"010701";"AMAZONAS";"UTCUBAMBA";"BAGUA GRANDE";"ESSALUD";"II-1";"00009067";"HOSPITAL EL BUEN SAMARITANO";"240100";"HOSPITALIZACIÓN QUIRÚRGICA CIRUGÍA GENERAL ";"14";"16";"97";"87";"3";"93";"0"
"2023";"12";"010701";"AMAZONAS";"UTCUBAMBA";"BAGUA GRANDE";"ESSALUD";"II-1";"00009067";"HOSPITAL EL BUEN SAMARITANO";"241500";"HOSPITALIZACIÓN QUIRÚRGICA GINECOLOGÍA  ";"26";"26";"53";"55";"4";"124";"0"
"2023";"12";"010701";"AMAZONAS";"UTCUBAMBA";"BAGUA GRANDE";"ESSALUD";"II-1";"00009067";"HOSPITAL EL BUEN SAMARITANO";"242300";"HOSPITALIZACIÓN DE PEDIATRÍA  PEDIATRÍA  GENERAL ";"21";"21";"46";"49";"3";"93";"0"
"2023";"06";"040808";"AREQUIPA";"LA UNION";"SAYLA";"GOBIERNO REGIONAL";"I-2";"00001469";"PUESTO DE SALUD SAYLA";"NE_0001";"";"NE_0001";"NE_0001";"NE_0001";"NE_0001";"NE_0001";"NE_0001";"NE_0001"
"2023";"07";"040801";"AREQUIPA";"LA UNION";"COTAHUASI";"GOBIERNO REGIONAL";"I-4";"00001455";"CENTRO DE SALUD COTAHUASI";"241800";"HOSPITALIZACIÓN DE MEDICINA MEDICINA GENERAL ";"11";"11";"18";"19";"15";"465";"0"
"2023";"07";"040801";"AREQUIPA";"LA UNION";"COTAHUASI";"GOBIERNO REGIONAL";"I-4";"00001455";"CENTRO DE SALUD COTAHUASI";"242500";"HOSPITALIZACIÓN-PEDIATRÍA GENERAL-";"2";"2";"2";"2";"2";"62";"0"
"2023";"12";"110101";"ICA";"ICA";"ICA";"PRIVADO";"I-3";"00019056";"EL GALENO DE ICA";"NE_0001";"";"NE_0001";"NE_0001";"NE_0001";"NE_0001";"NE_0001";"NE_0001";"NE_0001"
"2023";"09";"021509";"ANCASH";"PALLASCA";"PAMPAS";"ESSALUD";"I-2";"00009202";"POSTA MEDICA PAMPAS";"NE_0001";"";"NE_0001";"NE_0001";"NE_0001";"NE_0001";"NE_0001";"NE_0001";"NE_0001"
"2023";"09";"040803";"AREQUIPA";"LA UNION";"CHARCANA";"GOBIERNO REGIONAL";"I-2";"00001467";"PUESTO DE SALUD CHARCANA";"NE_0001";"";"NE_0001";"NE_0001";"NE_0001";"NE_0001";"NE_0001";"NE_0001";"NE_0001"
"2023";"09";"040805";"AREQUIPA";"LA UNION";"PAMPAMARCA";"GOBIERNO REGIONAL";"I-2";"00001459";"PUESTO DE SALUD HUARHUA";"NE_0001";"";"NE_0001";"NE_0001";"NE_0001";"NE_0001";"NE_0001";"NE_0001";"NE_0001"
"2023";"09";"040811";"AREQUIPA";"LA UNION";"TORO";"GOBIERNO REGIONAL";"I-2";"00001458";"PUESTO DE SALUD CASPI";"NE_0001";"";"NE_0001";"NE_0001";"NE_0001";"NE_0001";"NE_0001";"NE_0001";"NE_0001"
"2023";"09";"040811";"AREQUIPA";"LA UNION";"TORO";"GOBIERNO REGIONAL";"I-2";"00001457";"PUESTO DE SALUD TORO";"NE_0001";"";"NE_0001";"NE_0001";"NE_0001";"NE_0001";"NE_0001";"NE_0001";"NE_0001"
"2023";"09";"040810";"AREQUIPA";"LA UNION";"TOMEPAMPA";"GOBIERNO REGIONAL";"I-2";"00001456";"PUESTO DE SALUD TOMEPAMPA";"NE_0001";"";"NE_0001";"NE_0001";"NE_0001";"NE_0001";"NE_0001";"NE_0001";"NE_0001"
"2023";"12";"090506";"HUANCAVELICA";"CHURCAMPA";"LOCROJA";"GOBIERNO REGIONAL";"I-1";"00030763";"CARMEN DE TULLPACANCHA";"NE_0001";"";"NE_0001";"NE_0001";"NE_0001";"NE_0001";"NE_0001";"NE_0001";"NE_0001"
"2023";"12";"090506";"HUANCAVELICA";"CHURCAMPA";"LOCROJA";"GOBIERNO REGIONAL";"I-1";"00012083";"LA MERCED DE CHUPAS";"NE_0001";"";"NE_0001";"NE_0001";"NE_0001";"NE_0001";"NE_0001";"NE_0001";"NE_0001"
"2023";"12";"090504";"HUANCAVELICA";"CHURCAMPA";"EL CARMEN";"GOBIERNO REGIONAL";"I-1";"00003988";"PALERMO";"NE_0001";"";"NE_0001";"NE_0001";"NE_0001";"NE_0001";"NE_0001";"NE_0001";"NE_0001"
"2023";"12";"090504";"HUANCAVELICA";"CHURCAMPA";"EL CARMEN";"GOBIERNO REGIONAL";"I-2";"00003987";"EL CARMEN";"NE_0001";"";"NE_0001";"NE_0001";"NE_0001";"NE_0001";"NE_0001";"NE_0001";"NE_0001"
"2023";"12";"090505";"HUANCAVELICA";"CHURCAMPA";"LA MERCED";"MINSA";"I-1";"00003983";"LA MERCED";"NE_0001";"";"NE_0001";"NE_0001";"NE_0001";"NE_0001";"NE_0001";"NE_0001";"NE_0001"
"2023";"12";"090508";"HUANCAVELICA";"CHURCAMPA";"SAN MIGUEL DE MAYOCC";"GOBIERNO REGIONAL";"I-1";"00003982";"CCARANACC";"NE_0001";"";"NE_0001";"NE_0001";"NE_0001";"NE_0001";"NE_0001";"NE_0001";"NE_0001"
"2023";"12";"090508";"HUANCAVELICA";"CHURCAMPA";"SAN MIGUEL DE MAYOCC";"GOBIERNO REGIONAL";"I-2";"00003981";"SAN MIGUEL DE MAYOCC";"NE_0001";"";"NE_0001";"NE_0001";"NE_0001";"NE_0001";"NE_0001";"NE_0001";"NE_0001"
"2023";"12";"090506";"HUANCAVELICA";"CHURCAMPA";"LOCROJA";"GOBIERNO REGIONAL";"I-2";"00003980";"SAN JUAN DE OCCOPAMPA";"NE_0001";"";"NE_0001";"NE_0001";"NE_0001";"NE_0001";"NE_0001";"NE_0001";"NE_0001"
"2023";"12";"090506";"HUANCAVELICA";"CHURCAMPA";"LOCROJA";"GOBIERNO REGIONAL";"I-1";"00003979";"YAURICAN";"NE_0001";"";"NE_0001";"NE_0001";"NE_0001";"NE_0001";"NE_0001";"NE_0001";"NE_0001"
"2023";"12";"090506";"HUANCAVELICA";"CHURCAMPA";"LOCROJA";"GOBIERNO REGIONAL";"I-3";"00003978";"LOCROJA";"NE_0001";"";"NE_0001";"NE_0001";"NE_0001";"NE_0001";"NE_0001";"NE_0001";"NE_0001"
"2023";"12";"090501";"HUANCAVELICA";"CHURCAMPA";"CHURCAMPA";"GOBIERNO REGIONAL";"I-2";"00003977";"PACCAY";"NE_0001";"";"NE_0001";"NE_0001";"NE_0001";"NE_0001";"NE_0001";"NE_0001";"NE_0001"
"2023";"12";"090501";"HUANCAVELICA";"CHURCAMPA";"CHURCAMPA";"GOBIERNO REGIONAL";"I-4";"00003976";"CHURCAMPA";"241600";"HOSPITALIZACIÓN QUIRÚRGICA OBSTETRICIA   ";"9";"4";"6";"4";"5";"150";"0"
"2023";"12";"090501";"HUANCAVELICA";"CHURCAMPA";"CHURCAMPA";"GOBIERNO REGIONAL";"I-4";"00003976";"CHURCAMPA";"241800";"HOSPITALIZACIÓN DE MEDICINA MEDICINA GENERAL ";"7";"6";"14";"6";"5";"150";"0"
"2023";"11";"050115";"AYACUCHO";"HUAMANGA";"JESUS NAZARENO";"PRIVADO";"I-3";"00028119";"EL GALENO";"NE_0001";"";"NE_0001";"NE_0001";"NE_0001";"NE_0001";"NE_0001";"NE_0001";"NE_0001"
"2023";"10";"021509";"ANCASH";"PALLASCA";"PAMPAS";"ESSALUD";"I-2";"00009202";"POSTA MEDICA PAMPAS";"NE_0001";"";"NE_0001";"NE_0001";"NE_0001";"NE_0001";"NE_0001";"NE_0001";"NE_0001"
"2023";"11";"021509";"ANCASH";"PALLASCA";"PAMPAS";"ESSALUD";"I-2";"00009202";"POSTA MEDICA PAMPAS";"NE_0001";"";"NE_0001";"NE_0001";"NE_0001";"NE_0001";"NE_0001";"NE_0001";"NE_0001"
"2023";"12";"021509";"ANCASH";"PALLASCA";"PAMPAS";"ESSALUD";"I-2";"00009202";"POSTA MEDICA PAMPAS";"NE_0001";"";"NE_0001";"NE_0001";"NE_0001";"NE_0001";"NE_0001";"NE_0001";"NE_0001"
"2023";"11";"021501";"ANCASH";"PALLASCA";"CABANA";"ESSALUD";"I-2";"00009924";"POSTA MEDICA CABANA";"NE_0001";"";"NE_0001";"NE_0001";"NE_0001";"NE_0001";"NE_0001";"NE_0001";"NE_0001"
"2023";"12";"021501";"ANCASH";"PALLASCA";"CABANA";"ESSALUD";"I-2";"00009924";"POSTA MEDICA CABANA";"NE_0001";"";"NE_0001";"NE_0001";"NE_0001";"NE_0001";"NE_0001";"NE_0001";"NE_0001"
"2023";"01";"040809";"AREQUIPA";"LA UNION";"TAURIA";"GOBIERNO REGIONAL";"I-2";"00001470";"PUESTO DE SALUD TAURIA";"NE_0001";"";"NE_0001";"NE_0001";"NE_0001";"NE_0001";"NE_0001";"NE_0001";"NE_0001"
"2023";"01";"040808";"AREQUIPA";"LA UNION";"SAYLA";"GOBIERNO REGIONAL";"I-2";"00001469";"PUESTO DE SALUD SAYLA";"NE_0001";"";"NE_0001";"NE_0001";"NE_0001";"NE_0001";"NE_0001";"NE_0001";"NE_0001"
"2023";"01";"040807";"AREQUIPA";"LA UNION";"QUECHUALLA";"GOBIERNO REGIONAL";"I-1";"00001468";"PUESTO DE SALUD VELINGA";"NE_0001";"";"NE_0001";"NE_0001";"NE_0001";"NE_0001";"NE_0001";"NE_0001";"NE_0001"
"2023";"01";"040803";"AREQUIPA";"LA UNION";"CHARCANA";"GOBIERNO REGIONAL";"I-2";"00001467";"PUESTO DE SALUD CHARCANA";"NE_0001";"";"NE_0001";"NE_0001";"NE_0001";"NE_0001";"NE_0001";"NE_0001";"NE_0001"
"2023";"01";"040803";"AREQUIPA";"LA UNION";"CHARCANA";"GOBIERNO REGIONAL";"I-2";"00001466";"PUESTO DE SALUD ANDAMARCA";"NE_0001";"";"NE_0001";"NE_0001";"NE_0001";"NE_0001";"NE_0001";"NE_0001";"NE_0001"
"2023";"01";"040805";"AREQUIPA";"LA UNION";"PAMPAMARCA";"GOBIERNO REGIONAL";"I-2";"00001462";"PUESTO DE SALUD PAMPAMARCA";"NE_0001";"";"NE_0001";"NE_0001";"NE_0001";"NE_0001";"NE_0001";"NE_0001";"NE_0001"
"2023";"01";"040805";"AREQUIPA";"LA UNION";"PAMPAMARCA";"GOBIERNO REGIONAL";"I-1";"00001460";"PUESTO DE SALUD MUNGUI";"NE_0001";"";"NE_0001";"NE_0001";"NE_0001";"NE_0001";"NE_0001";"NE_0001";"NE_0001"
"2023";"01";"040805";"AREQUIPA";"LA UNION";"PAMPAMARCA";"GOBIERNO REGIONAL";"I-2";"00001459";"PUESTO DE SALUD HUARHUA";"NE_0001";"";"NE_0001";"NE_0001";"NE_0001";"NE_0001";"NE_0001";"NE_0001";"NE_0001"
"2023";"01";"040811";"AREQUIPA";"LA UNION";"TORO";"GOBIERNO REGIONAL";"I-2";"00001458";"PUESTO DE SALUD CASPI";"NE_0001";"";"NE_0001";"NE_0001";"NE_0001";"NE_0001";"NE_0001";"NE_0001";"NE_0001"
"2023";"01";"040811";"AREQUIPA";"LA UNION";"TORO";"GOBIERNO REGIONAL";"I-2";"00001457";"PUESTO DE SALUD TORO";"NE_0001";"";"NE_0001";"NE_0001";"NE_0001";"NE_0001";"NE_0001";"NE_0001";"NE_0001"
"2023";"01";"040810";"AREQUIPA";"LA UNION";"TOMEPAMPA";"GOBIERNO REGIONAL";"I-2";"00001456";"PUESTO DE SALUD TOMEPAMPA";"NE_0001";"";"NE_0001";"NE_0001";"NE_0001";"NE_0001";"NE_0001";"NE_0001";"NE_0001"
"2023";"01";"040801";"AREQUIPA";"LA UNION";"COTAHUASI";"GOBIERNO REGIONAL";"I-4";"00001455";"CENTRO DE SALUD COTAHUASI";"241800";"HOSPITALIZACIÓN DE MEDICINA MEDICINA GENERAL ";"17";"17";"31";"32";"16";"496";"1"
"2023";"01";"040801";"AREQUIPA";"LA UNION";"COTAHUASI";"GOBIERNO REGIONAL";"I-4";"00001455";"CENTRO DE SALUD COTAHUASI";"241900";"HOSPITALIZACIÓN DE MEDICINA MEDICINA INTERNA ";"1";"1";"1";"1";"1";"31";"0"
"2023";"03";"040805";"AREQUIPA";"LA UNION";"PAMPAMARCA";"GOBIERNO REGIONAL";"I-2";"00001462";"PUESTO DE SALUD PAMPAMARCA";"NE_0001";"";"NE_0001";"NE_0001";"NE_0001";"NE_0001";"NE_0001";"NE_0001";"NE_0001"
"2023";"03";"040805";"AREQUIPA";"LA UNION";"PAMPAMARCA";"GOBIERNO REGIONAL";"I-1";"00001460";"PUESTO DE SALUD MUNGUI";"NE_0001";"";"NE_0001";"NE_0001";"NE_0001";"NE_0001";"NE_0001";"NE_0001";"NE_0001"
"2023";"09";"100101";"HUANUCO";"HUANUCO";"HUANUCO";"PRIVADO";"II-E";"00018192";"CLINICA DE OJOS SANTOS S.R.L";"NE_0001";"";"NE_0001";"NE_0001";"NE_0001";"NE_0001";"NE_0001";"NE_0001";"NE_0001"
"2023";"12";"060109";"CAJAMARCA";"CAJAMARCA";"MAGDALENA";"GOBIERNO REGIONAL";"I-1";"00016886";"SAN CRISTOBAL";"NE_0001";"";"NE_0001";"NE_0001";"NE_0001";"NE_0001";"NE_0001";"NE_0001";"NE_0001"
"2023";"05";"040807";"AREQUIPA";"LA UNION";"QUECHUALLA";"GOBIERNO REGIONAL";"I-1";"00001468";"PUESTO DE SALUD VELINGA";"NE_0001";"";"NE_0001";"NE_0001";"NE_0001";"NE_0001";"NE_0001";"NE_0001";"NE_0001"
"2023";"05";"040803";"AREQUIPA";"LA UNION";"CHARCANA";"GOBIERNO REGIONAL";"I-2";"00001467";"PUESTO DE SALUD CHARCANA";"NE_0001";"";"NE_0001";"NE_0001";"NE_0001";"NE_0001";"NE_0001";"NE_0001";"NE_0001"
"2023";"05";"040803";"AREQUIPA";"LA UNION";"CHARCANA";"GOBIERNO REGIONAL";"I-2";"00001466";"PUESTO DE SALUD ANDAMARCA";"NE_0001";"";"NE_0001";"NE_0001";"NE_0001";"NE_0001";"NE_0001";"NE_0001";"NE_0001"
"2023";"05";"040805";"AREQUIPA";"LA UNION";"PAMPAMARCA";"GOBIERNO REGIONAL";"I-2";"00001462";"PUESTO DE SALUD PAMPAMARCA";"NE_0001";"";"NE_0001";"NE_0001";"NE_0001";"NE_0001";"NE_0001";"NE_0001";"NE_0001"
"2023";"05";"040805";"AREQUIPA";"LA UNION";"PAMPAMARCA";"GOBIERNO REGIONAL";"I-1";"00001460";"PUESTO DE SALUD MUNGUI";"NE_0001";"";"NE_0001";"NE_0001";"NE_0001";"NE_0001";"NE_0001";"NE_0001";"NE_0001"
"2023";"07";"021501";"ANCASH";"PALLASCA";"CABANA";"ESSALUD";"I-2";"00009924";"POSTA MEDICA CABANA";"NE_0001";"";"NE_0001";"NE_0001";"NE_0001";"NE_0001";"NE_0001";"NE_0001";"NE_0001"
"2023";"09";"021501";"ANCASH";"PALLASCA";"CABANA";"ESSALUD";"I-2";"00009924";"POSTA MEDICA CABANA";"NE_0001";"";"NE_0001";"NE_0001";"NE_0001";"NE_0001";"NE_0001";"NE_0001";"NE_0001"
"2023";"08";"150113";"LIMA";"LIMA";"JESUS MARIA";"SANIDAD DE LA POLICIA NACIONAL DEL PERU";"III-1";"00013591";"HOSPITAL NACIONAL POLICIA NACIONAL DEL PERU GRAL PNP LUIS N. SAENZ.";"240100";"HOSPITALIZACIÓN QUIRÚRGICA CIRUGÍA GENERAL ";"108";"135";"1050";"854";"28";"868";"0"
"2023";"08";"150113";"LIMA";"LIMA";"JESUS MARIA";"SANIDAD DE LA POLICIA NACIONAL DEL PERU";"III-1";"00013591";"HOSPITAL NACIONAL POLICIA NACIONAL DEL PERU GRAL PNP LUIS N. SAENZ.";"240200";"HOSPITALIZACIÓN QUIRÚRGICA CIRUGÍA DE CABEZA Y CUELLO / MÁXILO FACIAL ";"19";"23";"138";"123";"4";"124";"0"
"2023";"08";"150113";"LIMA";"LIMA";"JESUS MARIA";"SANIDAD DE LA POLICIA NACIONAL DEL PERU";"III-1";"00013591";"HOSPITAL NACIONAL POLICIA NACIONAL DEL PERU GRAL PNP LUIS N. SAENZ.";"240400";"HOSPITALIZACIÓN QUIRÚRGICA CIRUGÍA DE TÓRAX Y CARDIOVASCULAR ";"16";"18";"128";"105";"6";"186";"0"
"2023";"08";"150113";"LIMA";"LIMA";"JESUS MARIA";"SANIDAD DE LA POLICIA NACIONAL DEL PERU";"III-1";"00013591";"HOSPITAL NACIONAL POLICIA NACIONAL DEL PERU GRAL PNP LUIS N. SAENZ.";"240600";"HOSPITALIZACIÓN QUIRÚRGICA CIRUGÍA OFTALMOLÓGICA ";"100";"102";"201";"36";"4";"124";"0"
"2023";"08";"150113";"LIMA";"LIMA";"JESUS MARIA";"SANIDAD DE LA POLICIA NACIONAL DEL PERU";"III-1";"00013591";"HOSPITAL NACIONAL POLICIA NACIONAL DEL PERU GRAL PNP LUIS N. SAENZ.";"240700";"HOSPITALIZACIÓN QUIRÚRGICA CIRUGÍA PEDIÁTRICA ";"19";"19";"73";"30";"10";"310";"0"
"2023";"08";"150113";"LIMA";"LIMA";"JESUS MARIA";"SANIDAD DE LA POLICIA NACIONAL DEL PERU";"III-1";"00013591";"HOSPITAL NACIONAL POLICIA NACIONAL DEL PERU GRAL PNP LUIS N. SAENZ.";"240801";"HOSPITALIZACIÓN QUIRÚRGICA CIRUGÍA PLÁSTICA/RECONSTRUCTIVA/ REPARADORA QUEMADOS";"23";"29";"276";"209";"12";"372";"0"
"2023";"08";"150113";"LIMA";"LIMA";"JESUS MARIA";"SANIDAD DE LA POLICIA NACIONAL DEL PERU";"III-1";"00013591";"HOSPITAL NACIONAL POLICIA NACIONAL DEL PERU GRAL PNP LUIS N. SAENZ.";"240900";"HOSPITALIZACIÓN QUIRÚRGICA NEUROCIRUGÍA ";"19";"26";"306";"211";"9";"279";"0"
"2023";"08";"150113";"LIMA";"LIMA";"JESUS MARIA";"SANIDAD DE LA POLICIA NACIONAL DEL PERU";"III-1";"00013591";"HOSPITAL NACIONAL POLICIA NACIONAL DEL PERU GRAL PNP LUIS N. SAENZ.";"241100";"HOSPITALIZACIÓN QUIRÚRGICA OTORRINOLARINGOLOGÍA  ";"17";"18";"19";"19";"8";"248";"0"
"2023";"08";"150113";"LIMA";"LIMA";"JESUS MARIA";"SANIDAD DE LA POLICIA NACIONAL DEL PERU";"III-1";"00013591";"HOSPITAL NACIONAL POLICIA NACIONAL DEL PERU GRAL PNP LUIS N. SAENZ.";"241200";"HOSPITALIZACIÓN QUIRÚRGICA TRAUMATOLOGÍA Y ORTOPEDIA ";"41";"60";"738";"729";"25";"775";"2"
"2023";"08";"150113";"LIMA";"LIMA";"JESUS MARIA";"SANIDAD DE LA POLICIA NACIONAL DEL PERU";"III-1";"00013591";"HOSPITAL NACIONAL POLICIA NACIONAL DEL PERU GRAL PNP LUIS N. SAENZ.";"241300";"HOSPITALIZACIÓN QUIRÚRGICA UROLOGÍA  ";"38";"50";"384";"457";"17";"527";"0"
"2023";"08";"150113";"LIMA";"LIMA";"JESUS MARIA";"SANIDAD DE LA POLICIA NACIONAL DEL PERU";"III-1";"00013591";"HOSPITAL NACIONAL POLICIA NACIONAL DEL PERU GRAL PNP LUIS N. SAENZ.";"241500";"HOSPITALIZACIÓN QUIRÚRGICA GINECOLOGÍA  ";"55";"67";"313";"279";"10";"310";"0"
"2023";"08";"150113";"LIMA";"LIMA";"JESUS MARIA";"SANIDAD DE LA POLICIA NACIONAL DEL PERU";"III-1";"00013591";"HOSPITAL NACIONAL POLICIA NACIONAL DEL PERU GRAL PNP LUIS N. SAENZ.";"241600";"HOSPITALIZACIÓN QUIRÚRGICA OBSTETRICIA   ";"84";"96";"396";"351";"19";"589";"0"
"2023";"08";"150113";"LIMA";"LIMA";"JESUS MARIA";"SANIDAD DE LA POLICIA NACIONAL DEL PERU";"III-1";"00013591";"HOSPITAL NACIONAL POLICIA NACIONAL DEL PERU GRAL PNP LUIS N. SAENZ.";"241900";"HOSPITALIZACIÓN DE MEDICINA MEDICINA INTERNA ";"95";"147";"2131";"1979";"80";"2480";"16"
"2023";"08";"150113";"LIMA";"LIMA";"JESUS MARIA";"SANIDAD DE LA POLICIA NACIONAL DEL PERU";"III-1";"00013591";"HOSPITAL NACIONAL POLICIA NACIONAL DEL PERU GRAL PNP LUIS N. SAENZ.";"242200";"HOSPITALIZACIÓN DE MEDICINA PSIQUIATRÍA ";"6";"11";"156";"118";"16";"496";"0"
"2023";"08";"150113";"LIMA";"LIMA";"JESUS MARIA";"SANIDAD DE LA POLICIA NACIONAL DEL PERU";"III-1";"00013591";"HOSPITAL NACIONAL POLICIA NACIONAL DEL PERU GRAL PNP LUIS N. SAENZ.";"242300";"HOSPITALIZACIÓN DE PEDIATRÍA  PEDIATRÍA  GENERAL ";"38";"54";"374";"349";"25";"775";"0"
"2023";"08";"150113";"LIMA";"LIMA";"JESUS MARIA";"SANIDAD DE LA POLICIA NACIONAL DEL PERU";"III-1";"00013591";"HOSPITAL NACIONAL POLICIA NACIONAL DEL PERU GRAL PNP LUIS N. SAENZ.";"243200";"HOSPITALIZACIÓN DE PEDIATRÍA PEDIATRIA NEONATOLOGÍA";"12";"14";"43";"21";"6";"186";"0"
"2023";"08";"150113";"LIMA";"LIMA";"JESUS MARIA";"SANIDAD DE LA POLICIA NACIONAL DEL PERU";"III-1";"00013591";"HOSPITAL NACIONAL POLICIA NACIONAL DEL PERU GRAL PNP LUIS N. SAENZ.";"244000";"HOSPITALIZACIÓN DE MEDICINA CARDIOLOGIA ";"22";"27";"251";"220";"12";"372";"1"
"2023";"08";"150113";"LIMA";"LIMA";"JESUS MARIA";"SANIDAD DE LA POLICIA NACIONAL DEL PERU";"III-1";"00013591";"HOSPITAL NACIONAL POLICIA NACIONAL DEL PERU GRAL PNP LUIS N. SAENZ.";"245300";"HOSPITALIZACIÓN DE MEDICINA NEUMOLOGÍA  ";"25";"35";"350";"287";"21";"651";"1"
"2023";"08";"150113";"LIMA";"LIMA";"JESUS MARIA";"SANIDAD DE LA POLICIA NACIONAL DEL PERU";"III-1";"00013591";"HOSPITAL NACIONAL POLICIA NACIONAL DEL PERU GRAL PNP LUIS N. SAENZ.";"250100";"UNIDAD DE CUIDADOS CRITICOS UNIDAD  DE CUIDADOS INTENSIVOS GENERALES (UCI) ";"16";"25";"292";"466";"20";"620";"7"
"2023";"11";"150113";"LIMA";"LIMA";"JESUS MARIA";"SANIDAD DE LA POLICIA NACIONAL DEL PERU";"III-1";"00013591";"HOSPITAL NACIONAL POLICIA NACIONAL DEL PERU GRAL PNP LUIS N. SAENZ.";"240100";"HOSPITALIZACIÓN QUIRÚRGICA CIRUGÍA GENERAL ";"125";"158";"1231";"854";"29";"870";"0"
"2023";"11";"150113";"LIMA";"LIMA";"JESUS MARIA";"SANIDAD DE LA POLICIA NACIONAL DEL PERU";"III-1";"00013591";"HOSPITAL NACIONAL POLICIA NACIONAL DEL PERU GRAL PNP LUIS N. SAENZ.";"240200";"HOSPITALIZACIÓN QUIRÚRGICA CIRUGÍA DE CABEZA Y CUELLO / MÁXILO FACIAL ";"18";"22";"160";"183";"8";"240";"0"
"2023";"11";"150113";"LIMA";"LIMA";"JESUS MARIA";"SANIDAD DE LA POLICIA NACIONAL DEL PERU";"III-1";"00013591";"HOSPITAL NACIONAL POLICIA NACIONAL DEL PERU GRAL PNP LUIS N. SAENZ.";"240400";"HOSPITALIZACIÓN QUIRÚRGICA CIRUGÍA DE TÓRAX Y CARDIOVASCULAR ";"20";"23";"91";"94";"6";"180";"0"
"2023";"11";"150113";"LIMA";"LIMA";"JESUS MARIA";"SANIDAD DE LA POLICIA NACIONAL DEL PERU";"III-1";"00013591";"HOSPITAL NACIONAL POLICIA NACIONAL DEL PERU GRAL PNP LUIS N. SAENZ.";"240600";"HOSPITALIZACIÓN QUIRÚRGICA CIRUGÍA OFTALMOLÓGICA ";"110";"110";"134";"39";"4";"120";"0"
"2023";"11";"150113";"LIMA";"LIMA";"JESUS MARIA";"SANIDAD DE LA POLICIA NACIONAL DEL PERU";"III-1";"00013591";"HOSPITAL NACIONAL POLICIA NACIONAL DEL PERU GRAL PNP LUIS N. SAENZ.";"240700";"HOSPITALIZACIÓN QUIRÚRGICA CIRUGÍA PEDIÁTRICA ";"19";"22";"95";"68";"10";"300";"0"
"2023";"11";"150113";"LIMA";"LIMA";"JESUS MARIA";"SANIDAD DE LA POLICIA NACIONAL DEL PERU";"III-1";"00013591";"HOSPITAL NACIONAL POLICIA NACIONAL DEL PERU GRAL PNP LUIS N. SAENZ.";"240801";"HOSPITALIZACIÓN QUIRÚRGICA CIRUGÍA PLÁSTICA/RECONSTRUCTIVA/ REPARADORA QUEMADOS";"13";"21";"295";"246";"12";"360";"0"
"2023";"11";"150113";"LIMA";"LIMA";"JESUS MARIA";"SANIDAD DE LA POLICIA NACIONAL DEL PERU";"III-1";"00013591";"HOSPITAL NACIONAL POLICIA NACIONAL DEL PERU GRAL PNP LUIS N. SAENZ.";"240900";"HOSPITALIZACIÓN QUIRÚRGICA NEUROCIRUGÍA ";"15";"21";"271";"136";"9";"270";"0"
"2023";"11";"150113";"LIMA";"LIMA";"JESUS MARIA";"SANIDAD DE LA POLICIA NACIONAL DEL PERU";"III-1";"00013591";"HOSPITAL NACIONAL POLICIA NACIONAL DEL PERU GRAL PNP LUIS N. SAENZ.";"241000";"HOSPITALIZACIÓN QUIRÚRGICA ONCOLOGÍA QUIRÚRGICA  ";"0";"1";"14";"3";"1";"30";"1"
"2023";"11";"150113";"LIMA";"LIMA";"JESUS MARIA";"SANIDAD DE LA POLICIA NACIONAL DEL PERU";"III-1";"00013591";"HOSPITAL NACIONAL POLICIA NACIONAL DEL PERU GRAL PNP LUIS N. SAENZ.";"241100";"HOSPITALIZACIÓN QUIRÚRGICA OTORRINOLARINGOLOGÍA  ";"16";"16";"19";"3";"8";"240";"0"
"2023";"11";"150113";"LIMA";"LIMA";"JESUS MARIA";"SANIDAD DE LA POLICIA NACIONAL DEL PERU";"III-1";"00013591";"HOSPITAL NACIONAL POLICIA NACIONAL DEL PERU GRAL PNP LUIS N. SAENZ.";"241200";"HOSPITALIZACIÓN QUIRÚRGICA TRAUMATOLOGÍA Y ORTOPEDIA ";"56";"69";"505";"391";"14";"420";"0"
"2023";"11";"150113";"LIMA";"LIMA";"JESUS MARIA";"SANIDAD DE LA POLICIA NACIONAL DEL PERU";"III-1";"00013591";"HOSPITAL NACIONAL POLICIA NACIONAL DEL PERU GRAL PNP LUIS N. SAENZ.";"241300";"HOSPITALIZACIÓN QUIRÚRGICA UROLOGÍA  ";"40";"56";"404";"513";"18";"540";"0"
"2023";"11";"150113";"LIMA";"LIMA";"JESUS MARIA";"SANIDAD DE LA POLICIA NACIONAL DEL PERU";"III-1";"00013591";"HOSPITAL NACIONAL POLICIA NACIONAL DEL PERU GRAL PNP LUIS N. SAENZ.";"241500";"HOSPITALIZACIÓN QUIRÚRGICA GINECOLOGÍA  ";"74";"83";"401";"400";"14";"420";"0"
"2023";"11";"150113";"LIMA";"LIMA";"JESUS MARIA";"SANIDAD DE LA POLICIA NACIONAL DEL PERU";"III-1";"00013591";"HOSPITAL NACIONAL POLICIA NACIONAL DEL PERU GRAL PNP LUIS N. SAENZ.";"241600";"HOSPITALIZACIÓN QUIRÚRGICA OBSTETRICIA   ";"93";"108";"430";"359";"19";"570";"0"
"2023";"11";"150113";"LIMA";"LIMA";"JESUS MARIA";"SANIDAD DE LA POLICIA NACIONAL DEL PERU";"III-1";"00013591";"HOSPITAL NACIONAL POLICIA NACIONAL DEL PERU GRAL PNP LUIS N. SAENZ.";"241900";"HOSPITALIZACIÓN DE MEDICINA MEDICINA INTERNA ";"93";"151";"2212";"2343";"80";"2400";"14"
"2023";"11";"150113";"LIMA";"LIMA";"JESUS MARIA";"SANIDAD DE LA POLICIA NACIONAL DEL PERU";"III-1";"00013591";"HOSPITAL NACIONAL POLICIA NACIONAL DEL PERU GRAL PNP LUIS N. SAENZ.";"242200";"HOSPITALIZACIÓN DE MEDICINA PSIQUIATRÍA ";"7";"9";"124";"122";"16";"480";"0"
"2023";"11";"150113";"LIMA";"LIMA";"JESUS MARIA";"SANIDAD DE LA POLICIA NACIONAL DEL PERU";"III-1";"00013591";"HOSPITAL NACIONAL POLICIA NACIONAL DEL PERU GRAL PNP LUIS N. SAENZ.";"242300";"HOSPITALIZACIÓN DE PEDIATRÍA  PEDIATRÍA  GENERAL ";"50";"63";"362";"326";"25";"750";"0"
"2023";"11";"150113";"LIMA";"LIMA";"JESUS MARIA";"SANIDAD DE LA POLICIA NACIONAL DEL PERU";"III-1";"00013591";"HOSPITAL NACIONAL POLICIA NACIONAL DEL PERU GRAL PNP LUIS N. SAENZ.";"243200";"HOSPITALIZACIÓN DE PEDIATRÍA PEDIATRIA NEONATOLOGÍA";"8";"9";"25";"16";"6";"180";"0"
"2023";"11";"150113";"LIMA";"LIMA";"JESUS MARIA";"SANIDAD DE LA POLICIA NACIONAL DEL PERU";"III-1";"00013591";"HOSPITAL NACIONAL POLICIA NACIONAL DEL PERU GRAL PNP LUIS N. SAENZ.";"244000";"HOSPITALIZACIÓN DE MEDICINA CARDIOLOGIA ";"25";"37";"366";"263";"12";"360";"1"
"2023";"11";"150113";"LIMA";"LIMA";"JESUS MARIA";"SANIDAD DE LA POLICIA NACIONAL DEL PERU";"III-1";"00013591";"HOSPITAL NACIONAL POLICIA NACIONAL DEL PERU GRAL PNP LUIS N. SAENZ.";"245300";"HOSPITALIZACIÓN DE MEDICINA NEUMOLOGÍA  ";"24";"35";"316";"263";"23";"690";"2"
"2023";"11";"150113";"LIMA";"LIMA";"JESUS MARIA";"SANIDAD DE LA POLICIA NACIONAL DEL PERU";"III-1";"00013591";"HOSPITAL NACIONAL POLICIA NACIONAL DEL PERU GRAL PNP LUIS N. SAENZ.";"250100";"UNIDAD DE CUIDADOS CRITICOS UNIDAD  DE CUIDADOS INTENSIVOS GENERALES (UCI) ";"32";"43";"352";"440";"20";"600";"14"
"2023";"11";"150113";"LIMA";"LIMA";"JESUS MARIA";"SANIDAD DE LA POLICIA NACIONAL DEL PERU";"III-1";"00013591";"HOSPITAL NACIONAL POLICIA NACIONAL DEL PERU GRAL PNP LUIS N. SAENZ.";"250108";"UNIDAD DE CUIDADOS CRITICOS UNIDAD  DE CUIDADOS INTENSIVOS  (UCI) PEDIÁTRICA";"3";"5";"94";"43";"6";"180";"0"
"2023";"12";"150113";"LIMA";"LIMA";"JESUS MARIA";"SANIDAD DE LA POLICIA NACIONAL DEL PERU";"III-1";"00013591";"HOSPITAL NACIONAL POLICIA NACIONAL DEL PERU GRAL PNP LUIS N. SAENZ.";"240100";"HOSPITALIZACIÓN QUIRÚRGICA CIRUGÍA GENERAL ";"166";"188";"1073";"580";"25";"775";"0"
"2023";"12";"150113";"LIMA";"LIMA";"JESUS MARIA";"SANIDAD DE LA POLICIA NACIONAL DEL PERU";"III-1";"00013591";"HOSPITAL NACIONAL POLICIA NACIONAL DEL PERU GRAL PNP LUIS N. SAENZ.";"240200";"HOSPITALIZACIÓN QUIRÚRGICA CIRUGÍA DE CABEZA Y CUELLO / MÁXILO FACIAL ";"26";"33";"317";"174";"6";"186";"0"
"2023";"12";"150113";"LIMA";"LIMA";"JESUS MARIA";"SANIDAD DE LA POLICIA NACIONAL DEL PERU";"III-1";"00013591";"HOSPITAL NACIONAL POLICIA NACIONAL DEL PERU GRAL PNP LUIS N. SAENZ.";"240400";"HOSPITALIZACIÓN QUIRÚRGICA CIRUGÍA DE TÓRAX Y CARDIOVASCULAR ";"22";"24";"133";"63";"6";"186";"0"
"2023";"12";"150113";"LIMA";"LIMA";"JESUS MARIA";"SANIDAD DE LA POLICIA NACIONAL DEL PERU";"III-1";"00013591";"HOSPITAL NACIONAL POLICIA NACIONAL DEL PERU GRAL PNP LUIS N. SAENZ.";"240600";"HOSPITALIZACIÓN QUIRÚRGICA CIRUGÍA OFTALMOLÓGICA ";"80";"81";"96";"96";"4";"124";"0"
"2023";"12";"150113";"LIMA";"LIMA";"JESUS MARIA";"SANIDAD DE LA POLICIA NACIONAL DEL PERU";"III-1";"00013591";"HOSPITAL NACIONAL POLICIA NACIONAL DEL PERU GRAL PNP LUIS N. SAENZ.";"240700";"HOSPITALIZACIÓN QUIRÚRGICA CIRUGÍA PEDIÁTRICA ";"18";"19";"61";"40";"10";"310";"0"
"2023";"12";"150113";"LIMA";"LIMA";"JESUS MARIA";"SANIDAD DE LA POLICIA NACIONAL DEL PERU";"III-1";"00013591";"HOSPITAL NACIONAL POLICIA NACIONAL DEL PERU GRAL PNP LUIS N. SAENZ.";"240801";"HOSPITALIZACIÓN QUIRÚRGICA CIRUGÍA PLÁSTICA/RECONSTRUCTIVA/ REPARADORA QUEMADOS";"16";"25";"435";"197";"12";"372";"0"
"2023";"12";"150113";"LIMA";"LIMA";"JESUS MARIA";"SANIDAD DE LA POLICIA NACIONAL DEL PERU";"III-1";"00013591";"HOSPITAL NACIONAL POLICIA NACIONAL DEL PERU GRAL PNP LUIS N. SAENZ.";"240900";"HOSPITALIZACIÓN QUIRÚRGICA NEUROCIRUGÍA ";"19";"25";"240";"92";"9";"279";"0"
"2023";"12";"150113";"LIMA";"LIMA";"JESUS MARIA";"SANIDAD DE LA POLICIA NACIONAL DEL PERU";"III-1";"00013591";"HOSPITAL NACIONAL POLICIA NACIONAL DEL PERU GRAL PNP LUIS N. SAENZ.";"241100";"HOSPITALIZACIÓN QUIRÚRGICA OTORRINOLARINGOLOGÍA  ";"8";"8";"13";"5";"8";"248";"0"
"2023";"12";"150113";"LIMA";"LIMA";"JESUS MARIA";"SANIDAD DE LA POLICIA NACIONAL DEL PERU";"III-1";"00013591";"HOSPITAL NACIONAL POLICIA NACIONAL DEL PERU GRAL PNP LUIS N. SAENZ.";"241200";"HOSPITALIZACIÓN QUIRÚRGICA TRAUMATOLOGÍA Y ORTOPEDIA ";"52";"67";"821";"264";"9";"279";"3"
"2023";"12";"150113";"LIMA";"LIMA";"JESUS MARIA";"SANIDAD DE LA POLICIA NACIONAL DEL PERU";"III-1";"00013591";"HOSPITAL NACIONAL POLICIA NACIONAL DEL PERU GRAL PNP LUIS N. SAENZ.";"241300";"HOSPITALIZACIÓN QUIRÚRGICA UROLOGÍA  ";"60";"72";"475";"453";"17";"527";"0"
"2023";"12";"150113";"LIMA";"LIMA";"JESUS MARIA";"SANIDAD DE LA POLICIA NACIONAL DEL PERU";"III-1";"00013591";"HOSPITAL NACIONAL POLICIA NACIONAL DEL PERU GRAL PNP LUIS N. SAENZ.";"241500";"HOSPITALIZACIÓN QUIRÚRGICA GINECOLOGÍA  ";"95";"106";"432";"328";"11";"341";"0"
"2023";"12";"150113";"LIMA";"LIMA";"JESUS MARIA";"SANIDAD DE LA POLICIA NACIONAL DEL PERU";"III-1";"00013591";"HOSPITAL NACIONAL POLICIA NACIONAL DEL PERU GRAL PNP LUIS N. SAENZ.";"241600";"HOSPITALIZACIÓN QUIRÚRGICA OBSTETRICIA   ";"94";"103";"353";"290";"19";"589";"0"
"2023";"12";"150113";"LIMA";"LIMA";"JESUS MARIA";"SANIDAD DE LA POLICIA NACIONAL DEL PERU";"III-1";"00013591";"HOSPITAL NACIONAL POLICIA NACIONAL DEL PERU GRAL PNP LUIS N. SAENZ.";"241900";"HOSPITALIZACIÓN DE MEDICINA MEDICINA INTERNA ";"104";"179";"3135";"1774";"80";"2480";"24"
"2023";"12";"150113";"LIMA";"LIMA";"JESUS MARIA";"SANIDAD DE LA POLICIA NACIONAL DEL PERU";"III-1";"00013591";"HOSPITAL NACIONAL POLICIA NACIONAL DEL PERU GRAL PNP LUIS N. SAENZ.";"242200";"HOSPITALIZACIÓN DE MEDICINA PSIQUIATRÍA ";"2";"7";"128";"71";"16";"496";"0"
"2023";"12";"150113";"LIMA";"LIMA";"JESUS MARIA";"SANIDAD DE LA POLICIA NACIONAL DEL PERU";"III-1";"00013591";"HOSPITAL NACIONAL POLICIA NACIONAL DEL PERU GRAL PNP LUIS N. SAENZ.";"242300";"HOSPITALIZACIÓN DE PEDIATRÍA  PEDIATRÍA  GENERAL ";"37";"47";"272";"227";"25";"775";"0"
"2023";"12";"150113";"LIMA";"LIMA";"JESUS MARIA";"SANIDAD DE LA POLICIA NACIONAL DEL PERU";"III-1";"00013591";"HOSPITAL NACIONAL POLICIA NACIONAL DEL PERU GRAL PNP LUIS N. SAENZ.";"243200";"HOSPITALIZACIÓN DE PEDIATRÍA PEDIATRIA NEONATOLOGÍA";"13";"15";"31";"14";"6";"186";"0"
"2023";"12";"150113";"LIMA";"LIMA";"JESUS MARIA";"SANIDAD DE LA POLICIA NACIONAL DEL PERU";"III-1";"00013591";"HOSPITAL NACIONAL POLICIA NACIONAL DEL PERU GRAL PNP LUIS N. SAENZ.";"244000";"HOSPITALIZACIÓN DE MEDICINA CARDIOLOGIA ";"33";"43";"379";"228";"12";"372";"1"
"2023";"12";"150113";"LIMA";"LIMA";"JESUS MARIA";"SANIDAD DE LA POLICIA NACIONAL DEL PERU";"III-1";"00013591";"HOSPITAL NACIONAL POLICIA NACIONAL DEL PERU GRAL PNP LUIS N. SAENZ.";"244600";"HOSPITALIZACIÓN DE MEDICINA NEFROLOGIA ";"0";"2";"29";"13";"1";"31";"0"
"2023";"12";"150113";"LIMA";"LIMA";"JESUS MARIA";"SANIDAD DE LA POLICIA NACIONAL DEL PERU";"III-1";"00013591";"HOSPITAL NACIONAL POLICIA NACIONAL DEL PERU GRAL PNP LUIS N. SAENZ.";"245300";"HOSPITALIZACIÓN DE MEDICINA NEUMOLOGÍA  ";"19";"31";"296";"158";"23";"713";"0"
"2023";"12";"150113";"LIMA";"LIMA";"JESUS MARIA";"SANIDAD DE LA POLICIA NACIONAL DEL PERU";"III-1";"00013591";"HOSPITAL NACIONAL POLICIA NACIONAL DEL PERU GRAL PNP LUIS N. SAENZ.";"250100";"UNIDAD DE CUIDADOS CRITICOS UNIDAD  DE CUIDADOS INTENSIVOS GENERALES (UCI) ";"15";"26";"388";"312";"20";"620";"9"
"2023";"12";"150113";"LIMA";"LIMA";"JESUS MARIA";"SANIDAD DE LA POLICIA NACIONAL DEL PERU";"III-1";"00013591";"HOSPITAL NACIONAL POLICIA NACIONAL DEL PERU GRAL PNP LUIS N. SAENZ.";"250108";"UNIDAD DE CUIDADOS CRITICOS UNIDAD  DE CUIDADOS INTENSIVOS  (UCI) PEDIÁTRICA";"5";"5";"21";"16";"6";"186";"0"
"2023";"04";"050304";"AYACUCHO";"HUANCA SANCOS";"SANTIAGO DE LUCANAMARCA";"GOBIERNO REGIONAL";"I-1";"00027581";"PUESTO DE SALUD SAN ANTONIO DE JULO";"NE_0001";"";"NE_0001";"NE_0001";"NE_0001";"NE_0001";"NE_0001";"NE_0001";"NE_0001"
"2023";"04";"050304";"AYACUCHO";"HUANCA SANCOS";"SANTIAGO DE LUCANAMARCA";"GOBIERNO REGIONAL";"I-1";"00011458";"PUESTO DE SALUD SAN MARTIN DE TIO PAMPA";"NE_0001";"";"NE_0001";"NE_0001";"NE_0001";"NE_0001";"NE_0001";"NE_0001";"NE_0001"
"2023";"04";"050304";"AYACUCHO";"HUANCA SANCOS";"SANTIAGO DE LUCANAMARCA";"GOBIERNO REGIONAL";"I-2";"00003646";"PUESTO DE SALUD SAN JOSE DE HUARCAYA";"NE_0001";"";"NE_0001";"NE_0001";"NE_0001";"NE_0001";"NE_0001";"NE_0001";"NE_0001"
"2023";"04";"050304";"AYACUCHO";"HUANCA SANCOS";"SANTIAGO DE LUCANAMARCA";"GOBIERNO REGIONAL";"I-1";"00003645";"PUESTO DE SALUD SANTA ROSA COCHAS";"NE_0001";"";"NE_0001";"NE_0001";"NE_0001";"NE_0001";"NE_0001";"NE_0001";"NE_0001"
"2023";"04";"050304";"AYACUCHO";"HUANCA SANCOS";"SANTIAGO DE LUCANAMARCA";"GOBIERNO REGIONAL";"I-2";"00003644";"PUESTO DE SALUD LUCANAMARCA";"NE_0001";"";"NE_0001";"NE_0001";"NE_0001";"NE_0001";"NE_0001";"NE_0001";"NE_0001"
"2023";"04";"050303";"AYACUCHO";"HUANCA SANCOS";"SACSAMARCA";"GOBIERNO REGIONAL";"I-2";"00003643";"PUESTO DE SALUD SACSAMARCA";"NE_0001";"";"NE_0001";"NE_0001";"NE_0001";"NE_0001";"NE_0001";"NE_0001";"NE_0001"
"2023";"04";"050303";"AYACUCHO";"HUANCA SANCOS";"SACSAMARCA";"GOBIERNO REGIONAL";"I-1";"00003642";"PUESTO DE SALUD PALLCA";"NE_0001";"";"NE_0001";"NE_0001";"NE_0001";"NE_0001";"NE_0001";"NE_0001";"NE_0001"
"2023";"04";"050302";"AYACUCHO";"HUANCA SANCOS";"CARAPO";"GOBIERNO REGIONAL";"I-2";"00003641";"PUESTO DE SALUD CARAPO";"NE_0001";"";"NE_0001";"NE_0001";"NE_0001";"NE_0001";"NE_0001";"NE_0001";"NE_0001"
"2023";"04";"050301";"AYACUCHO";"HUANCA SANCOS";"SANCOS";"GOBIERNO REGIONAL";"I-4";"00003639";"CENTRO DE SALUD HUANCASANCOS";"241600";"HOSPITALIZACIÓN QUIRÚRGICA OBSTETRICIA   ";"4";"4";"7";"1";"6";"7";"0"
"2023";"04";"050301";"AYACUCHO";"HUANCA SANCOS";"SANCOS";"GOBIERNO REGIONAL";"I-4";"00003639";"CENTRO DE SALUD HUANCASANCOS";"241800";"HOSPITALIZACIÓN DE MEDICINA MEDICINA GENERAL ";"3";"3";"3";"1";"6";"7";"0"
"2023";"04";"050302";"AYACUCHO";"HUANCA SANCOS";"CARAPO";"GOBIERNO REGIONAL";"I-1";"00003638";"PUESTO DE SALUD TAULLI";"NE_0001";"";"NE_0001";"NE_0001";"NE_0001";"NE_0001";"NE_0001";"NE_0001";"NE_0001"
"2023";"04";"050302";"AYACUCHO";"HUANCA SANCOS";"CARAPO";"GOBIERNO REGIONAL";"I-2";"00003637";"PUESTO DE SALUD PORTA CRUZ";"NE_0001";"";"NE_0001";"NE_0001";"NE_0001";"NE_0001";"NE_0001";"NE_0001";"NE_0001"
"2023";"04";"050302";"AYACUCHO";"HUANCA SANCOS";"CARAPO";"GOBIERNO REGIONAL";"I-2";"00003636";"PUESTO DE SALUD MANCHIRI";"NE_0001";"";"NE_0001";"NE_0001";"NE_0001";"NE_0001";"NE_0001";"NE_0001";"NE_0001"
"2023";"05";"150113";"LIMA";"LIMA";"JESUS MARIA";"SANIDAD DE LA POLICIA NACIONAL DEL PERU";"III-1";"00013591";"HOSPITAL NACIONAL POLICIA NACIONAL DEL PERU GRAL PNP LUIS N. SAENZ.";"240100";"HOSPITALIZACIÓN QUIRÚRGICA CIRUGÍA GENERAL ";"85";"119";"1193";"863";"29";"899";"1"
"2023";"05";"150113";"LIMA";"LIMA";"JESUS MARIA";"SANIDAD DE LA POLICIA NACIONAL DEL PERU";"III-1";"00013591";"HOSPITAL NACIONAL POLICIA NACIONAL DEL PERU GRAL PNP LUIS N. SAENZ.";"240200";"HOSPITALIZACIÓN QUIRÚRGICA CIRUGÍA DE CABEZA Y CUELLO / MÁXILO FACIAL ";"17";"19";"88";"100";"4";"124";"0"
"2023";"05";"150113";"LIMA";"LIMA";"JESUS MARIA";"SANIDAD DE LA POLICIA NACIONAL DEL PERU";"III-1";"00013591";"HOSPITAL NACIONAL POLICIA NACIONAL DEL PERU GRAL PNP LUIS N. SAENZ.";"240400";"HOSPITALIZACIÓN QUIRÚRGICA CIRUGÍA DE TÓRAX Y CARDIOVASCULAR ";"17";"24";"320";"209";"7";"217";"0"
"2023";"05";"150113";"LIMA";"LIMA";"JESUS MARIA";"SANIDAD DE LA POLICIA NACIONAL DEL PERU";"III-1";"00013591";"HOSPITAL NACIONAL POLICIA NACIONAL DEL PERU GRAL PNP LUIS N. SAENZ.";"240600";"HOSPITALIZACIÓN QUIRÚRGICA CIRUGÍA OFTALMOLÓGICA ";"104";"104";"104";"104";"4";"124";"0"
"2023";"05";"150113";"LIMA";"LIMA";"JESUS MARIA";"SANIDAD DE LA POLICIA NACIONAL DEL PERU";"III-1";"00013591";"HOSPITAL NACIONAL POLICIA NACIONAL DEL PERU GRAL PNP LUIS N. SAENZ.";"240700";"HOSPITALIZACIÓN QUIRÚRGICA CIRUGÍA PEDIÁTRICA ";"20";"24";"496";"64";"10";"310";"0"
"2023";"05";"150113";"LIMA";"LIMA";"JESUS MARIA";"SANIDAD DE LA POLICIA NACIONAL DEL PERU";"III-1";"00013591";"HOSPITAL NACIONAL POLICIA NACIONAL DEL PERU GRAL PNP LUIS N. SAENZ.";"240801";"HOSPITALIZACIÓN QUIRÚRGICA CIRUGÍA PLÁSTICA/RECONSTRUCTIVA/ REPARADORA QUEMADOS";"6";"11";"98";"191";"12";"372";"0"
"2023";"05";"150113";"LIMA";"LIMA";"JESUS MARIA";"SANIDAD DE LA POLICIA NACIONAL DEL PERU";"III-1";"00013591";"HOSPITAL NACIONAL POLICIA NACIONAL DEL PERU GRAL PNP LUIS N. SAENZ.";"240900";"HOSPITALIZACIÓN QUIRÚRGICA NEUROCIRUGÍA ";"17";"23";"311";"191";"9";"279";"0"
"2023";"05";"150113";"LIMA";"LIMA";"JESUS MARIA";"SANIDAD DE LA POLICIA NACIONAL DEL PERU";"III-1";"00013591";"HOSPITAL NACIONAL POLICIA NACIONAL DEL PERU GRAL PNP LUIS N. SAENZ.";"241100";"HOSPITALIZACIÓN QUIRÚRGICA OTORRINOLARINGOLOGÍA  ";"16";"16";"24";"8";"8";"248";"0"
"2023";"05";"150113";"LIMA";"LIMA";"JESUS MARIA";"SANIDAD DE LA POLICIA NACIONAL DEL PERU";"III-1";"00013591";"HOSPITAL NACIONAL POLICIA NACIONAL DEL PERU GRAL PNP LUIS N. SAENZ.";"241200";"HOSPITALIZACIÓN QUIRÚRGICA TRAUMATOLOGÍA Y ORTOPEDIA ";"24";"51";"967";"672";"22";"682";"2"
"2023";"05";"150113";"LIMA";"LIMA";"JESUS MARIA";"SANIDAD DE LA POLICIA NACIONAL DEL PERU";"III-1";"00013591";"HOSPITAL NACIONAL POLICIA NACIONAL DEL PERU GRAL PNP LUIS N. SAENZ.";"241300";"HOSPITALIZACIÓN QUIRÚRGICA UROLOGÍA  ";"57";"65";"419";"564";"19";"589";"0"
"2023";"05";"150113";"LIMA";"LIMA";"JESUS MARIA";"SANIDAD DE LA POLICIA NACIONAL DEL PERU";"III-1";"00013591";"HOSPITAL NACIONAL POLICIA NACIONAL DEL PERU GRAL PNP LUIS N. SAENZ.";"241500";"HOSPITALIZACIÓN QUIRÚRGICA GINECOLOGÍA  ";"65";"78";"396";"330";"11";"341";"0"
"2023";"05";"150113";"LIMA";"LIMA";"JESUS MARIA";"SANIDAD DE LA POLICIA NACIONAL DEL PERU";"III-1";"00013591";"HOSPITAL NACIONAL POLICIA NACIONAL DEL PERU GRAL PNP LUIS N. SAENZ.";"241600";"HOSPITALIZACIÓN QUIRÚRGICA OBSTETRICIA   ";"110";"121";"521";"487";"16";"496";"0"
"2023";"05";"150113";"LIMA";"LIMA";"JESUS MARIA";"SANIDAD DE LA POLICIA NACIONAL DEL PERU";"III-1";"00013591";"HOSPITAL NACIONAL POLICIA NACIONAL DEL PERU GRAL PNP LUIS N. SAENZ.";"241900";"HOSPITALIZACIÓN DE MEDICINA MEDICINA INTERNA ";"67";"118";"2548";"2381";"74";"2394";"10"
"2023";"05";"150113";"LIMA";"LIMA";"JESUS MARIA";"SANIDAD DE LA POLICIA NACIONAL DEL PERU";"III-1";"00013591";"HOSPITAL NACIONAL POLICIA NACIONAL DEL PERU GRAL PNP LUIS N. SAENZ.";"242100";"HOSPITALIZACIÓN DE MEDICINA ONCOLOGÍA MÉDICA ";"12";"19";"223";"39";"6";"186";"1"
"2023";"05";"150113";"LIMA";"LIMA";"JESUS MARIA";"SANIDAD DE LA POLICIA NACIONAL DEL PERU";"III-1";"00013591";"HOSPITAL NACIONAL POLICIA NACIONAL DEL PERU GRAL PNP LUIS N. SAENZ.";"242200";"HOSPITALIZACIÓN DE MEDICINA PSIQUIATRÍA ";"8";"12";"199";"185";"16";"496";"0"
"2023";"05";"150113";"LIMA";"LIMA";"JESUS MARIA";"SANIDAD DE LA POLICIA NACIONAL DEL PERU";"III-1";"00013591";"HOSPITAL NACIONAL POLICIA NACIONAL DEL PERU GRAL PNP LUIS N. SAENZ.";"242300";"HOSPITALIZACIÓN DE PEDIATRÍA  PEDIATRÍA  GENERAL ";"59";"74";"482";"517";"25";"775";"0"
"2023";"05";"150113";"LIMA";"LIMA";"JESUS MARIA";"SANIDAD DE LA POLICIA NACIONAL DEL PERU";"III-1";"00013591";"HOSPITAL NACIONAL POLICIA NACIONAL DEL PERU GRAL PNP LUIS N. SAENZ.";"243200";"HOSPITALIZACIÓN DE PEDIATRÍA PEDIATRIA NEONATOLOGÍA";"10";"13";"58";"31";"6";"186";"0"
"2023";"05";"150113";"LIMA";"LIMA";"JESUS MARIA";"SANIDAD DE LA POLICIA NACIONAL DEL PERU";"III-1";"00013591";"HOSPITAL NACIONAL POLICIA NACIONAL DEL PERU GRAL PNP LUIS N. SAENZ.";"244000";"HOSPITALIZACIÓN DE MEDICINA CARDIOLOGIA ";"24";"32";"342";"228";"12";"372";"1"
"2023";"05";"150113";"LIMA";"LIMA";"JESUS MARIA";"SANIDAD DE LA POLICIA NACIONAL DEL PERU";"III-1";"00013591";"HOSPITAL NACIONAL POLICIA NACIONAL DEL PERU GRAL PNP LUIS N. SAENZ.";"245300";"HOSPITALIZACIÓN DE MEDICINA NEUMOLOGÍA  ";"20";"33";"618";"461";"23";"713";"0"
"2023";"05";"150113";"LIMA";"LIMA";"JESUS MARIA";"SANIDAD DE LA POLICIA NACIONAL DEL PERU";"III-1";"00013591";"HOSPITAL NACIONAL POLICIA NACIONAL DEL PERU GRAL PNP LUIS N. SAENZ.";"250100";"UNIDAD DE CUIDADOS CRITICOS UNIDAD  DE CUIDADOS INTENSIVOS GENERALES (UCI) ";"15";"23";"355";"414";"20";"620";"11"
"2023";"11";"150143";"LIMA";"LIMA";"VILLA MARIA DEL TRIUNFO";"PRIVADO";"II-1";"00017824";"CLINICA MARIA HUARHUA E.I.R.L";"241600";"HOSPITALIZACIÓN QUIRÚRGICA OBSTETRICIA   ";"7";"7";"14";"14";"12";"15";"0"
"2023";"09";"021503";"ANCASH";"PALLASCA";"CONCHUCOS";"ESSALUD";"I-2";"00009201";"POSTA MEDICA CONCHUCOS";"NE_0001";"";"NE_0001";"NE_0001";"NE_0001";"NE_0001";"NE_0001";"NE_0001";"NE_0001"
"2023";"12";"060508";"CAJAMARCA";"CONTUMAZA";"YONAN";"ESSALUD";"I-2";"00010274";"POSTA MEDICA TEMBLADERA";"NE_0001";"";"NE_0001";"NE_0001";"NE_0001";"NE_0001";"NE_0001";"NE_0001";"NE_0001"
"2023";"01";"060101";"CAJAMARCA";"CAJAMARCA";"CAJAMARCA";"GOBIERNO REGIONAL";"I-3";"00027069";"CENTRO DE SALUD MENTAL COMUNITARIO ""ESPERANZA DE VIDA""";"NE_0001";"";"NE_0001";"NE_0001";"NE_0001";"NE_0001";"NE_0001";"NE_0001";"NE_0001"
"2023";"11";"150128";"LIMA";"LIMA";"RIMAC";"ESSALUD";"I-3";"00008881";"FRANCISCO PIZARRO";"NE_0001";"";"NE_0001";"NE_0001";"NE_0001";"NE_0001";"NE_0001";"NE_0001";"NE_0001"
"2023";"11";"021503";"ANCASH";"PALLASCA";"CONCHUCOS";"ESSALUD";"I-2";"00009201";"POSTA MEDICA CONCHUCOS";"NE_0001";"";"NE_0001";"NE_0001";"NE_0001";"NE_0001";"NE_0001";"NE_0001";"NE_0001"
"2023";"05";"040809";"AREQUIPA";"LA UNION";"TAURIA";"GOBIERNO REGIONAL";"I-2";"00001470";"PUESTO DE SALUD TAURIA";"NE_0001";"";"NE_0001";"NE_0001";"NE_0001";"NE_0001";"NE_0001";"NE_0001";"NE_0001"
"2023";"05";"040808";"AREQUIPA";"LA UNION";"SAYLA";"GOBIERNO REGIONAL";"I-2";"00001469";"PUESTO DE SALUD SAYLA";"NE_0001";"";"NE_0001";"NE_0001";"NE_0001";"NE_0001";"NE_0001";"NE_0001";"NE_0001"
"2023";"05";"040805";"AREQUIPA";"LA UNION";"PAMPAMARCA";"GOBIERNO REGIONAL";"I-2";"00001459";"PUESTO DE SALUD HUARHUA";"NE_0001";"";"NE_0001";"NE_0001";"NE_0001";"NE_0001";"NE_0001";"NE_0001";"NE_0001"
"2023";"05";"040811";"AREQUIPA";"LA UNION";"TORO";"GOBIERNO REGIONAL";"I-2";"00001458";"PUESTO DE SALUD CASPI";"NE_0001";"";"NE_0001";"NE_0001";"NE_0001";"NE_0001";"NE_0001";"NE_0001";"NE_0001"
"2023";"05";"040811";"AREQUIPA";"LA UNION";"TORO";"GOBIERNO REGIONAL";"I-2";"00001457";"PUESTO DE SALUD TORO";"NE_0001";"";"NE_0001";"NE_0001";"NE_0001";"NE_0001";"NE_0001";"NE_0001";"NE_0001"
"2023";"05";"040810";"AREQUIPA";"LA UNION";"TOMEPAMPA";"GOBIERNO REGIONAL";"I-2";"00001456";"PUESTO DE SALUD TOMEPAMPA";"NE_0001";"";"NE_0001";"NE_0001";"NE_0001";"NE_0001";"NE_0001";"NE_0001";"NE_0001"
"2023";"05";"040801";"AREQUIPA";"LA UNION";"COTAHUASI";"GOBIERNO REGIONAL";"I-4";"00001455";"CENTRO DE SALUD COTAHUASI";"241800";"HOSPITALIZACIÓN DE MEDICINA MEDICINA GENERAL ";"20";"20";"44";"45";"16";"496";"0"
"2023";"05";"040801";"AREQUIPA";"LA UNION";"COTAHUASI";"GOBIERNO REGIONAL";"I-4";"00001455";"CENTRO DE SALUD COTAHUASI";"250108";"UNIDAD DE CUIDADOS CRITICOS UNIDAD  DE CUIDADOS INTENSIVOS  (UCI) PEDIÁTRICA";"1";"1";"1";"1";"1";"31";"0"
"2023";"12";"100102";"HUANUCO";"HUANUCO";"AMARILIS";"GOBIERNO REGIONAL";"I-3";"00027051";"CENTRO DE SALUD MENTAL COMUNITARIO PAKKARIN";"NE_0001";"";"NE_0001";"NE_0001";"NE_0001";"NE_0001";"NE_0001";"NE_0001";"NE_0001"
"2023";"12";"100102";"HUANUCO";"HUANUCO";"AMARILIS";"GOBIERNO REGIONAL";"I-2";"00000763";"PUESTO DE SALUD DE LLICUA";"NE_0001";"";"NE_0001";"NE_0001";"NE_0001";"NE_0001";"NE_0001";"NE_0001";"NE_0001"
"2023";"12";"100102";"HUANUCO";"HUANUCO";"AMARILIS";"GOBIERNO REGIONAL";"I-2";"00000762";"PAUCAR";"NE_0001";"";"NE_0001";"NE_0001";"NE_0001";"NE_0001";"NE_0001";"NE_0001";"NE_0001"
"2023";"12";"100102";"HUANUCO";"HUANUCO";"AMARILIS";"GOBIERNO REGIONAL";"I-2";"00000761";"MALCONGA";"NE_0001";"";"NE_0001";"NE_0001";"NE_0001";"NE_0001";"NE_0001";"NE_0001";"NE_0001"
"2023";"12";"100102";"HUANUCO";"HUANUCO";"AMARILIS";"GOBIERNO REGIONAL";"I-2";"00000760";"LA ESPERANZA";"NE_0001";"";"NE_0001";"NE_0001";"NE_0001";"NE_0001";"NE_0001";"NE_0001";"NE_0001"
"2023";"12";"100102";"HUANUCO";"HUANUCO";"AMARILIS";"GOBIERNO REGIONAL";"I-4";"00000755";"PERU-COREA";"241600";"HOSPITALIZACIÓN QUIRÚRGICA OBSTETRICIA   ";"118";"153";"291";"193";"7";"217";"0"
"2023";"07";"050304";"AYACUCHO";"HUANCA SANCOS";"SANTIAGO DE LUCANAMARCA";"GOBIERNO REGIONAL";"I-1";"00027581";"PUESTO DE SALUD SAN ANTONIO DE JULO";"NE_0001";"";"NE_0001";"NE_0001";"NE_0001";"NE_0001";"NE_0001";"NE_0001";"NE_0001"
"2023";"07";"050304";"AYACUCHO";"HUANCA SANCOS";"SANTIAGO DE LUCANAMARCA";"GOBIERNO REGIONAL";"I-1";"00011458";"PUESTO DE SALUD SAN MARTIN DE TIO PAMPA";"NE_0001";"";"NE_0001";"NE_0001";"NE_0001";"NE_0001";"NE_0001";"NE_0001";"NE_0001"
"2023";"07";"050304";"AYACUCHO";"HUANCA SANCOS";"SANTIAGO DE LUCANAMARCA";"GOBIERNO REGIONAL";"I-2";"00003646";"PUESTO DE SALUD SAN JOSE DE HUARCAYA";"NE_0001";"";"NE_0001";"NE_0001";"NE_0001";"NE_0001";"NE_0001";"NE_0001";"NE_0001"
"2023";"07";"050304";"AYACUCHO";"HUANCA SANCOS";"SANTIAGO DE LUCANAMARCA";"GOBIERNO REGIONAL";"I-1";"00003645";"PUESTO DE SALUD SANTA ROSA COCHAS";"NE_0001";"";"NE_0001";"NE_0001";"NE_0001";"NE_0001";"NE_0001";"NE_0001";"NE_0001"
"2023";"07";"050304";"AYACUCHO";"HUANCA SANCOS";"SANTIAGO DE LUCANAMARCA";"GOBIERNO REGIONAL";"I-2";"00003644";"PUESTO DE SALUD LUCANAMARCA";"NE_0001";"";"NE_0001";"NE_0001";"NE_0001";"NE_0001";"NE_0001";"NE_0001";"NE_0001"
"2023";"07";"050303";"AYACUCHO";"HUANCA SANCOS";"SACSAMARCA";"GOBIERNO REGIONAL";"I-2";"00003643";"PUESTO DE SALUD SACSAMARCA";"NE_0001";"";"NE_0001";"NE_0001";"NE_0001";"NE_0001";"NE_0001";"NE_0001";"NE_0001"
"2023";"07";"050303";"AYACUCHO";"HUANCA SANCOS";"SACSAMARCA";"GOBIERNO REGIONAL";"I-1";"00003642";"PUESTO DE SALUD PALLCA";"NE_0001";"";"NE_0001";"NE_0001";"NE_0001";"NE_0001";"NE_0001";"NE_0001";"NE_0001"
"2023";"07";"050302";"AYACUCHO";"HUANCA SANCOS";"CARAPO";"GOBIERNO REGIONAL";"I-2";"00003641";"PUESTO DE SALUD CARAPO";"NE_0001";"";"NE_0001";"NE_0001";"NE_0001";"NE_0001";"NE_0001";"NE_0001";"NE_0001"
"2023";"07";"050302";"AYACUCHO";"HUANCA SANCOS";"CARAPO";"GOBIERNO REGIONAL";"I-1";"00003638";"PUESTO DE SALUD TAULLI";"NE_0001";"";"NE_0001";"NE_0001";"NE_0001";"NE_0001";"NE_0001";"NE_0001";"NE_0001"
"2023";"07";"050302";"AYACUCHO";"HUANCA SANCOS";"CARAPO";"GOBIERNO REGIONAL";"I-2";"00003637";"PUESTO DE SALUD PORTA CRUZ";"NE_0001";"";"NE_0001";"NE_0001";"NE_0001";"NE_0001";"NE_0001";"NE_0001";"NE_0001"
"2023";"07";"050302";"AYACUCHO";"HUANCA SANCOS";"CARAPO";"GOBIERNO REGIONAL";"I-2";"00003636";"PUESTO DE SALUD MANCHIRI";"NE_0001";"";"NE_0001";"NE_0001";"NE_0001";"NE_0001";"NE_0001";"NE_0001";"NE_0001"
"2023";"07";"050304";"AYACUCHO";"HUANCA SANCOS";"SANTIAGO DE LUCANAMARCA";"GOBIERNO REGIONAL";"I-1";"00027581";"PUESTO DE SALUD SAN ANTONIO DE JULO";"NE_0001";"";"NE_0001";"NE_0001";"NE_0001";"NE_0001";"NE_0001";"NE_0001";"NE_0001"
"2023";"07";"050304";"AYACUCHO";"HUANCA SANCOS";"SANTIAGO DE LUCANAMARCA";"GOBIERNO REGIONAL";"I-1";"00011458";"PUESTO DE SALUD SAN MARTIN DE TIO PAMPA";"NE_0001";"";"NE_0001";"NE_0001";"NE_0001";"NE_0001";"NE_0001";"NE_0001";"NE_0001"
"2023";"07";"050304";"AYACUCHO";"HUANCA SANCOS";"SANTIAGO DE LUCANAMARCA";"GOBIERNO REGIONAL";"I-2";"00003646";"PUESTO DE SALUD SAN JOSE DE HUARCAYA";"NE_0001";"";"NE_0001";"NE_0001";"NE_0001";"NE_0001";"NE_0001";"NE_0001";"NE_0001"
"2023";"07";"050304";"AYACUCHO";"HUANCA SANCOS";"SANTIAGO DE LUCANAMARCA";"GOBIERNO REGIONAL";"I-1";"00003645";"PUESTO DE SALUD SANTA ROSA COCHAS";"NE_0001";"";"NE_0001";"NE_0001";"NE_0001";"NE_0001";"NE_0001";"NE_0001";"NE_0001"
"2023";"07";"050304";"AYACUCHO";"HUANCA SANCOS";"SANTIAGO DE LUCANAMARCA";"GOBIERNO REGIONAL";"I-2";"00003644";"PUESTO DE SALUD LUCANAMARCA";"NE_0001";"";"NE_0001";"NE_0001";"NE_0001";"NE_0001";"NE_0001";"NE_0001";"NE_0001"
"2023";"07";"050303";"AYACUCHO";"HUANCA SANCOS";"SACSAMARCA";"GOBIERNO REGIONAL";"I-2";"00003643";"PUESTO DE SALUD SACSAMARCA";"NE_0001";"";"NE_0001";"NE_0001";"NE_0001";"NE_0001";"NE_0001";"NE_0001";"NE_0001"
"2023";"07";"050303";"AYACUCHO";"HUANCA SANCOS";"SACSAMARCA";"GOBIERNO REGIONAL";"I-1";"00003642";"PUESTO DE SALUD PALLCA";"NE_0001";"";"NE_0001";"NE_0001";"NE_0001";"NE_0001";"NE_0001";"NE_0001";"NE_0001"
"2023";"07";"050302";"AYACUCHO";"HUANCA SANCOS";"CARAPO";"GOBIERNO REGIONAL";"I-2";"00003641";"PUESTO DE SALUD CARAPO";"NE_0001";"";"NE_0001";"NE_0001";"NE_0001";"NE_0001";"NE_0001";"NE_0001";"NE_0001"
"2023";"07";"050301";"AYACUCHO";"HUANCA SANCOS";"SANCOS";"GOBIERNO REGIONAL";"I-4";"00003639";"CENTRO DE SALUD HUANCASANCOS";"241600";"HOSPITALIZACIÓN QUIRÚRGICA OBSTETRICIA   ";"7";"7";"10";"1";"6";"7";"0"
"2023";"07";"050301";"AYACUCHO";"HUANCA SANCOS";"SANCOS";"GOBIERNO REGIONAL";"I-4";"00003639";"CENTRO DE SALUD HUANCASANCOS";"241800";"HOSPITALIZACIÓN DE MEDICINA MEDICINA GENERAL ";"8";"8";"8";"1";"6";"7";"0"
"2023";"07";"050302";"AYACUCHO";"HUANCA SANCOS";"CARAPO";"GOBIERNO REGIONAL";"I-1";"00003638";"PUESTO DE SALUD TAULLI";"NE_0001";"";"NE_0001";"NE_0001";"NE_0001";"NE_0001";"NE_0001";"NE_0001";"NE_0001"
"2023";"07";"050302";"AYACUCHO";"HUANCA SANCOS";"CARAPO";"GOBIERNO REGIONAL";"I-2";"00003637";"PUESTO DE SALUD PORTA CRUZ";"NE_0001";"";"NE_0001";"NE_0001";"NE_0001";"NE_0001";"NE_0001";"NE_0001";"NE_0001"
"2023";"07";"050302";"AYACUCHO";"HUANCA SANCOS";"CARAPO";"GOBIERNO REGIONAL";"I-2";"00003636";"PUESTO DE SALUD MANCHIRI";"NE_0001";"";"NE_0001";"NE_0001";"NE_0001";"NE_0001";"NE_0001";"NE_0001";"NE_0001"
"2023";"08";"050304";"AYACUCHO";"HUANCA SANCOS";"SANTIAGO DE LUCANAMARCA";"GOBIERNO REGIONAL";"I-1";"00027581";"PUESTO DE SALUD SAN ANTONIO DE JULO";"NE_0001";"";"NE_0001";"NE_0001";"NE_0001";"NE_0001";"NE_0001";"NE_0001";"NE_0001"
"2023";"08";"050304";"AYACUCHO";"HUANCA SANCOS";"SANTIAGO DE LUCANAMARCA";"GOBIERNO REGIONAL";"I-1";"00011458";"PUESTO DE SALUD SAN MARTIN DE TIO PAMPA";"NE_0001";"";"NE_0001";"NE_0001";"NE_0001";"NE_0001";"NE_0001";"NE_0001";"NE_0001"
"2023";"08";"050304";"AYACUCHO";"HUANCA SANCOS";"SANTIAGO DE LUCANAMARCA";"GOBIERNO REGIONAL";"I-2";"00003646";"PUESTO DE SALUD SAN JOSE DE HUARCAYA";"NE_0001";"";"NE_0001";"NE_0001";"NE_0001";"NE_0001";"NE_0001";"NE_0001";"NE_0001"
"2023";"08";"050304";"AYACUCHO";"HUANCA SANCOS";"SANTIAGO DE LUCANAMARCA";"GOBIERNO REGIONAL";"I-1";"00003645";"PUESTO DE SALUD SANTA ROSA COCHAS";"NE_0001";"";"NE_0001";"NE_0001";"NE_0001";"NE_0001";"NE_0001";"NE_0001";"NE_0001"
"2023";"08";"050304";"AYACUCHO";"HUANCA SANCOS";"SANTIAGO DE LUCANAMARCA";"GOBIERNO REGIONAL";"I-2";"00003644";"PUESTO DE SALUD LUCANAMARCA";"NE_0001";"";"NE_0001";"NE_0001";"NE_0001";"NE_0001";"NE_0001";"NE_0001";"NE_0001"
"2023";"08";"050303";"AYACUCHO";"HUANCA SANCOS";"SACSAMARCA";"GOBIERNO REGIONAL";"I-2";"00003643";"PUESTO DE SALUD SACSAMARCA";"NE_0001";"";"NE_0001";"NE_0001";"NE_0001";"NE_0001";"NE_0001";"NE_0001";"NE_0001"
"2023";"08";"050303";"AYACUCHO";"HUANCA SANCOS";"SACSAMARCA";"GOBIERNO REGIONAL";"I-1";"00003642";"PUESTO DE SALUD PALLCA";"NE_0001";"";"NE_0001";"NE_0001";"NE_0001";"NE_0001";"NE_0001";"NE_0001";"NE_0001"
"2023";"08";"050302";"AYACUCHO";"HUANCA SANCOS";"CARAPO";"GOBIERNO REGIONAL";"I-2";"00003641";"PUESTO DE SALUD CARAPO";"NE_0001";"";"NE_0001";"NE_0001";"NE_0001";"NE_0001";"NE_0001";"NE_0001";"NE_0001"
"2023";"08";"050301";"AYACUCHO";"HUANCA SANCOS";"SANCOS";"GOBIERNO REGIONAL";"I-4";"00003639";"CENTRO DE SALUD HUANCASANCOS";"241600";"HOSPITALIZACIÓN QUIRÚRGICA OBSTETRICIA   ";"3";"3";"3";"1";"6";"7";"0"
"2023";"08";"050301";"AYACUCHO";"HUANCA SANCOS";"SANCOS";"GOBIERNO REGIONAL";"I-4";"00003639";"CENTRO DE SALUD HUANCASANCOS";"241800";"HOSPITALIZACIÓN DE MEDICINA MEDICINA GENERAL ";"5";"5";"5";"1";"6";"7";"0"
"2023";"08";"050302";"AYACUCHO";"HUANCA SANCOS";"CARAPO";"GOBIERNO REGIONAL";"I-1";"00003638";"PUESTO DE SALUD TAULLI";"NE_0001";"";"NE_0001";"NE_0001";"NE_0001";"NE_0001";"NE_0001";"NE_0001";"NE_0001"
"2023";"08";"050302";"AYACUCHO";"HUANCA SANCOS";"CARAPO";"GOBIERNO REGIONAL";"I-2";"00003637";"PUESTO DE SALUD PORTA CRUZ";"NE_0001";"";"NE_0001";"NE_0001";"NE_0001";"NE_0001";"NE_0001";"NE_0001";"NE_0001"
"2023";"08";"050302";"AYACUCHO";"HUANCA SANCOS";"CARAPO";"GOBIERNO REGIONAL";"I-2";"00003636";"PUESTO DE SALUD MANCHIRI";"NE_0001";"";"NE_0001";"NE_0001";"NE_0001";"NE_0001";"NE_0001";"NE_0001";"NE_0001"
"2023";"09";"050304";"AYACUCHO";"HUANCA SANCOS";"SANTIAGO DE LUCANAMARCA";"GOBIERNO REGIONAL";"I-1";"00027581";"PUESTO DE SALUD SAN ANTONIO DE JULO";"NE_0001";"";"NE_0001";"NE_0001";"NE_0001";"NE_0001";"NE_0001";"NE_0001";"NE_0001"
"2023";"09";"050304";"AYACUCHO";"HUANCA SANCOS";"SANTIAGO DE LUCANAMARCA";"GOBIERNO REGIONAL";"I-1";"00011458";"PUESTO DE SALUD SAN MARTIN DE TIO PAMPA";"NE_0001";"";"NE_0001";"NE_0001";"NE_0001";"NE_0001";"NE_0001";"NE_0001";"NE_0001"
"2023";"09";"050304";"AYACUCHO";"HUANCA SANCOS";"SANTIAGO DE LUCANAMARCA";"GOBIERNO REGIONAL";"I-2";"00003646";"PUESTO DE SALUD SAN JOSE DE HUARCAYA";"NE_0001";"";"NE_0001";"NE_0001";"NE_0001";"NE_0001";"NE_0001";"NE_0001";"NE_0001"
"2023";"09";"050304";"AYACUCHO";"HUANCA SANCOS";"SANTIAGO DE LUCANAMARCA";"GOBIERNO REGIONAL";"I-1";"00003645";"PUESTO DE SALUD SANTA ROSA COCHAS";"NE_0001";"";"NE_0001";"NE_0001";"NE_0001";"NE_0001";"NE_0001";"NE_0001";"NE_0001"
"2023";"09";"050304";"AYACUCHO";"HUANCA SANCOS";"SANTIAGO DE LUCANAMARCA";"GOBIERNO REGIONAL";"I-2";"00003644";"PUESTO DE SALUD LUCANAMARCA";"NE_0001";"";"NE_0001";"NE_0001";"NE_0001";"NE_0001";"NE_0001";"NE_0001";"NE_0001"
"2023";"09";"050303";"AYACUCHO";"HUANCA SANCOS";"SACSAMARCA";"GOBIERNO REGIONAL";"I-2";"00003643";"PUESTO DE SALUD SACSAMARCA";"NE_0001";"";"NE_0001";"NE_0001";"NE_0001";"NE_0001";"NE_0001";"NE_0001";"NE_0001"
"2023";"09";"050303";"AYACUCHO";"HUANCA SANCOS";"SACSAMARCA";"GOBIERNO REGIONAL";"I-1";"00003642";"PUESTO DE SALUD PALLCA";"NE_0001";"";"NE_0001";"NE_0001";"NE_0001";"NE_0001";"NE_0001";"NE_0001";"NE_0001"
"2023";"09";"050302";"AYACUCHO";"HUANCA SANCOS";"CARAPO";"GOBIERNO REGIONAL";"I-2";"00003641";"PUESTO DE SALUD CARAPO";"NE_0001";"";"NE_0001";"NE_0001";"NE_0001";"NE_0001";"NE_0001";"NE_0001";"NE_0001"
"2023";"09";"050301";"AYACUCHO";"HUANCA SANCOS";"SANCOS";"GOBIERNO REGIONAL";"I-4";"00003639";"CENTRO DE SALUD HUANCASANCOS";"241600";"HOSPITALIZACIÓN QUIRÚRGICA OBSTETRICIA   ";"3";"3";"6";"1";"6";"7";"0"
"2023";"09";"050301";"AYACUCHO";"HUANCA SANCOS";"SANCOS";"GOBIERNO REGIONAL";"I-4";"00003639";"CENTRO DE SALUD HUANCASANCOS";"241800";"HOSPITALIZACIÓN DE MEDICINA MEDICINA GENERAL ";"6";"6";"6";"1";"6";"7";"0"
"2023";"09";"050302";"AYACUCHO";"HUANCA SANCOS";"CARAPO";"GOBIERNO REGIONAL";"I-1";"00003638";"PUESTO DE SALUD TAULLI";"NE_0001";"";"NE_0001";"NE_0001";"NE_0001";"NE_0001";"NE_0001";"NE_0001";"NE_0001"
"2023";"09";"050302";"AYACUCHO";"HUANCA SANCOS";"CARAPO";"GOBIERNO REGIONAL";"I-2";"00003637";"PUESTO DE SALUD PORTA CRUZ";"NE_0001";"";"NE_0001";"NE_0001";"NE_0001";"NE_0001";"NE_0001";"NE_0001";"NE_0001"
"2023";"09";"050302";"AYACUCHO";"HUANCA SANCOS";"CARAPO";"GOBIERNO REGIONAL";"I-2";"00003636";"PUESTO DE SALUD MANCHIRI";"NE_0001";"";"NE_0001";"NE_0001";"NE_0001";"NE_0001";"NE_0001";"NE_0001";"NE_0001"
"2023";"10";"050304";"AYACUCHO";"HUANCA SANCOS";"SANTIAGO DE LUCANAMARCA";"GOBIERNO REGIONAL";"I-1";"00027581";"PUESTO DE SALUD SAN ANTONIO DE JULO";"NE_0001";"";"NE_0001";"NE_0001";"NE_0001";"NE_0001";"NE_0001";"NE_0001";"NE_0001"
"2023";"10";"050304";"AYACUCHO";"HUANCA SANCOS";"SANTIAGO DE LUCANAMARCA";"GOBIERNO REGIONAL";"I-1";"00011458";"PUESTO DE SALUD SAN MARTIN DE TIO PAMPA";"NE_0001";"";"NE_0001";"NE_0001";"NE_0001";"NE_0001";"NE_0001";"NE_0001";"NE_0001"
"2023";"10";"050304";"AYACUCHO";"HUANCA SANCOS";"SANTIAGO DE LUCANAMARCA";"GOBIERNO REGIONAL";"I-2";"00003646";"PUESTO DE SALUD SAN JOSE DE HUARCAYA";"NE_0001";"";"NE_0001";"NE_0001";"NE_0001";"NE_0001";"NE_0001";"NE_0001";"NE_0001"
"2023";"10";"050304";"AYACUCHO";"HUANCA SANCOS";"SANTIAGO DE LUCANAMARCA";"GOBIERNO REGIONAL";"I-1";"00003645";"PUESTO DE SALUD SANTA ROSA COCHAS";"NE_0001";"";"NE_0001";"NE_0001";"NE_0001";"NE_0001";"NE_0001";"NE_0001";"NE_0001"
"2023";"10";"050304";"AYACUCHO";"HUANCA SANCOS";"SANTIAGO DE LUCANAMARCA";"GOBIERNO REGIONAL";"I-2";"00003644";"PUESTO DE SALUD LUCANAMARCA";"NE_0001";"";"NE_0001";"NE_0001";"NE_0001";"NE_0001";"NE_0001";"NE_0001";"NE_0001"
"2023";"10";"050303";"AYACUCHO";"HUANCA SANCOS";"SACSAMARCA";"GOBIERNO REGIONAL";"I-2";"00003643";"PUESTO DE SALUD SACSAMARCA";"NE_0001";"";"NE_0001";"NE_0001";"NE_0001";"NE_0001";"NE_0001";"NE_0001";"NE_0001"
"2023";"10";"050303";"AYACUCHO";"HUANCA SANCOS";"SACSAMARCA";"GOBIERNO REGIONAL";"I-1";"00003642";"PUESTO DE SALUD PALLCA";"NE_0001";"";"NE_0001";"NE_0001";"NE_0001";"NE_0001";"NE_0001";"NE_0001";"NE_0001"
"2023";"10";"050302";"AYACUCHO";"HUANCA SANCOS";"CARAPO";"GOBIERNO REGIONAL";"I-2";"00003641";"PUESTO DE SALUD CARAPO";"NE_0001";"";"NE_0001";"NE_0001";"NE_0001";"NE_0001";"NE_0001";"NE_0001";"NE_0001"
"2023";"10";"050301";"AYACUCHO";"HUANCA SANCOS";"SANCOS";"GOBIERNO REGIONAL";"I-4";"00003639";"CENTRO DE SALUD HUANCASANCOS";"241600";"HOSPITALIZACIÓN QUIRÚRGICA OBSTETRICIA   ";"2";"2";"2";"1";"6";"7";"0"
"2023";"10";"050301";"AYACUCHO";"HUANCA SANCOS";"SANCOS";"GOBIERNO REGIONAL";"I-4";"00003639";"CENTRO DE SALUD HUANCASANCOS";"241800";"HOSPITALIZACIÓN DE MEDICINA MEDICINA GENERAL ";"4";"4";"4";"1";"6";"7";"0"
"2023";"10";"050302";"AYACUCHO";"HUANCA SANCOS";"CARAPO";"GOBIERNO REGIONAL";"I-1";"00003638";"PUESTO DE SALUD TAULLI";"NE_0001";"";"NE_0001";"NE_0001";"NE_0001";"NE_0001";"NE_0001";"NE_0001";"NE_0001"
"2023";"10";"050302";"AYACUCHO";"HUANCA SANCOS";"CARAPO";"GOBIERNO REGIONAL";"I-2";"00003637";"PUESTO DE SALUD PORTA CRUZ";"NE_0001";"";"NE_0001";"NE_0001";"NE_0001";"NE_0001";"NE_0001";"NE_0001";"NE_0001"
"2023";"10";"050302";"AYACUCHO";"HUANCA SANCOS";"CARAPO";"GOBIERNO REGIONAL";"I-2";"00003636";"PUESTO DE SALUD MANCHIRI";"NE_0001";"";"NE_0001";"NE_0001";"NE_0001";"NE_0001";"NE_0001";"NE_0001";"NE_0001"
"2023";"12";"040803";"AREQUIPA";"LA UNION";"CHARCANA";"GOBIERNO REGIONAL";"I-2";"00001466";"PUESTO DE SALUD ANDAMARCA";"NE_0001";"";"NE_0001";"NE_0001";"NE_0001";"NE_0001";"NE_0001";"NE_0001";"NE_0001"
"2023";"12";"040805";"AREQUIPA";"LA UNION";"PAMPAMARCA";"GOBIERNO REGIONAL";"I-2";"00001462";"PUESTO DE SALUD PAMPAMARCA";"NE_0001";"";"NE_0001";"NE_0001";"NE_0001";"NE_0001";"NE_0001";"NE_0001";"NE_0001"
"2023";"12";"040811";"AREQUIPA";"LA UNION";"TORO";"GOBIERNO REGIONAL";"I-2";"00001457";"PUESTO DE SALUD TORO";"NE_0001";"";"NE_0001";"NE_0001";"NE_0001";"NE_0001";"NE_0001";"NE_0001";"NE_0001"
"2023";"12";"040810";"AREQUIPA";"LA UNION";"TOMEPAMPA";"GOBIERNO REGIONAL";"I-2";"00001456";"PUESTO DE SALUD TOMEPAMPA";"NE_0001";"";"NE_0001";"NE_0001";"NE_0001";"NE_0001";"NE_0001";"NE_0001";"NE_0001"
"2023";"12";"040801";"AREQUIPA";"LA UNION";"COTAHUASI";"GOBIERNO REGIONAL";"I-4";"00001455";"CENTRO DE SALUD COTAHUASI";"241800";"HOSPITALIZACIÓN DE MEDICINA MEDICINA GENERAL ";"18";"18";"25";"26";"17";"527";"0"
"2023";"10";"021503";"ANCASH";"PALLASCA";"CONCHUCOS";"ESSALUD";"I-2";"00009201";"POSTA MEDICA CONCHUCOS";"NE_0001";"";"NE_0001";"NE_0001";"NE_0001";"NE_0001";"NE_0001";"NE_0001";"NE_0001"
"2023";"12";"060101";"CAJAMARCA";"CAJAMARCA";"CAJAMARCA";"PRIVADO";"I-3";"00024687";"MEDITRAN PERU";"NE_0001";"";"NE_0001";"NE_0001";"NE_0001";"NE_0001";"NE_0001";"NE_0001";"NE_0001"
"2023";"11";"060101";"CAJAMARCA";"CAJAMARCA";"CAJAMARCA";"PRIVADO";"I-3";"00024687";"MEDITRAN PERU";"NE_0001";"";"NE_0001";"NE_0001";"NE_0001";"NE_0001";"NE_0001";"NE_0001";"NE_0001"
"2023";"03";"040809";"AREQUIPA";"LA UNION";"TAURIA";"GOBIERNO REGIONAL";"I-2";"00001470";"PUESTO DE SALUD TAURIA";"NE_0001";"";"NE_0001";"NE_0001";"NE_0001";"NE_0001";"NE_0001";"NE_0001";"NE_0001"
"2023";"03";"040808";"AREQUIPA";"LA UNION";"SAYLA";"GOBIERNO REGIONAL";"I-2";"00001469";"PUESTO DE SALUD SAYLA";"NE_0001";"";"NE_0001";"NE_0001";"NE_0001";"NE_0001";"NE_0001";"NE_0001";"NE_0001"
"2023";"03";"040807";"AREQUIPA";"LA UNION";"QUECHUALLA";"GOBIERNO REGIONAL";"I-1";"00001468";"PUESTO DE SALUD VELINGA";"NE_0001";"";"NE_0001";"NE_0001";"NE_0001";"NE_0001";"NE_0001";"NE_0001";"NE_0001"
"2023";"03";"040803";"AREQUIPA";"LA UNION";"CHARCANA";"GOBIERNO REGIONAL";"I-2";"00001467";"PUESTO DE SALUD CHARCANA";"NE_0001";"";"NE_0001";"NE_0001";"NE_0001";"NE_0001";"NE_0001";"NE_0001";"NE_0001"
"2023";"03";"040803";"AREQUIPA";"LA UNION";"CHARCANA";"GOBIERNO REGIONAL";"I-2";"00001466";"PUESTO DE SALUD ANDAMARCA";"NE_0001";"";"NE_0001";"NE_0001";"NE_0001";"NE_0001";"NE_0001";"NE_0001";"NE_0001"
"2023";"03";"040805";"AREQUIPA";"LA UNION";"PAMPAMARCA";"GOBIERNO REGIONAL";"I-2";"00001459";"PUESTO DE SALUD HUARHUA";"NE_0001";"";"NE_0001";"NE_0001";"NE_0001";"NE_0001";"NE_0001";"NE_0001";"NE_0001"
"2023";"03";"040811";"AREQUIPA";"LA UNION";"TORO";"GOBIERNO REGIONAL";"I-2";"00001458";"PUESTO DE SALUD CASPI";"NE_0001";"";"NE_0001";"NE_0001";"NE_0001";"NE_0001";"NE_0001";"NE_0001";"NE_0001"
"2023";"03";"040811";"AREQUIPA";"LA UNION";"TORO";"GOBIERNO REGIONAL";"I-2";"00001457";"PUESTO DE SALUD TORO";"NE_0001";"";"NE_0001";"NE_0001";"NE_0001";"NE_0001";"NE_0001";"NE_0001";"NE_0001"
"2023";"03";"040810";"AREQUIPA";"LA UNION";"TOMEPAMPA";"GOBIERNO REGIONAL";"I-2";"00001456";"PUESTO DE SALUD TOMEPAMPA";"NE_0001";"";"NE_0001";"NE_0001";"NE_0001";"NE_0001";"NE_0001";"NE_0001";"NE_0001"
"2023";"03";"040801";"AREQUIPA";"LA UNION";"COTAHUASI";"GOBIERNO REGIONAL";"I-4";"00001455";"CENTRO DE SALUD COTAHUASI";"241800";"HOSPITALIZACIÓN DE MEDICINA MEDICINA GENERAL ";"13";"13";"26";"27";"17";"527";"0"
"2023";"04";"040809";"AREQUIPA";"LA UNION";"TAURIA";"GOBIERNO REGIONAL";"I-2";"00001470";"PUESTO DE SALUD TAURIA";"NE_0001";"";"NE_0001";"NE_0001";"NE_0001";"NE_0001";"NE_0001";"NE_0001";"NE_0001"
"2023";"04";"040808";"AREQUIPA";"LA UNION";"SAYLA";"GOBIERNO REGIONAL";"I-2";"00001469";"PUESTO DE SALUD SAYLA";"NE_0001";"";"NE_0001";"NE_0001";"NE_0001";"NE_0001";"NE_0001";"NE_0001";"NE_0001"
"2023";"04";"040807";"AREQUIPA";"LA UNION";"QUECHUALLA";"GOBIERNO REGIONAL";"I-1";"00001468";"PUESTO DE SALUD VELINGA";"NE_0001";"";"NE_0001";"NE_0001";"NE_0001";"NE_0001";"NE_0001";"NE_0001";"NE_0001"
"2023";"04";"040803";"AREQUIPA";"LA UNION";"CHARCANA";"GOBIERNO REGIONAL";"I-2";"00001467";"PUESTO DE SALUD CHARCANA";"NE_0001";"";"NE_0001";"NE_0001";"NE_0001";"NE_0001";"NE_0001";"NE_0001";"NE_0001"
"2023";"04";"040803";"AREQUIPA";"LA UNION";"CHARCANA";"GOBIERNO REGIONAL";"I-2";"00001466";"PUESTO DE SALUD ANDAMARCA";"NE_0001";"";"NE_0001";"NE_0001";"NE_0001";"NE_0001";"NE_0001";"NE_0001";"NE_0001"
"2023";"04";"040805";"AREQUIPA";"LA UNION";"PAMPAMARCA";"GOBIERNO REGIONAL";"I-2";"00001462";"PUESTO DE SALUD PAMPAMARCA";"NE_0001";"";"NE_0001";"NE_0001";"NE_0001";"NE_0001";"NE_0001";"NE_0001";"NE_0001"
"2023";"04";"040805";"AREQUIPA";"LA UNION";"PAMPAMARCA";"GOBIERNO REGIONAL";"I-1";"00001460";"PUESTO DE SALUD MUNGUI";"NE_0001";"";"NE_0001";"NE_0001";"NE_0001";"NE_0001";"NE_0001";"NE_0001";"NE_0001"
"2023";"04";"040805";"AREQUIPA";"LA UNION";"PAMPAMARCA";"GOBIERNO REGIONAL";"I-2";"00001459";"PUESTO DE SALUD HUARHUA";"NE_0001";"";"NE_0001";"NE_0001";"NE_0001";"NE_0001";"NE_0001";"NE_0001";"NE_0001"
"2023";"04";"040811";"AREQUIPA";"LA UNION";"TORO";"GOBIERNO REGIONAL";"I-2";"00001458";"PUESTO DE SALUD CASPI";"NE_0001";"";"NE_0001";"NE_0001";"NE_0001";"NE_0001";"NE_0001";"NE_0001";"NE_0001"
"2023";"04";"040811";"AREQUIPA";"LA UNION";"TORO";"GOBIERNO REGIONAL";"I-2";"00001457";"PUESTO DE SALUD TORO";"NE_0001";"";"NE_0001";"NE_0001";"NE_0001";"NE_0001";"NE_0001";"NE_0001";"NE_0001"
"2023";"04";"040810";"AREQUIPA";"LA UNION";"TOMEPAMPA";"GOBIERNO REGIONAL";"I-2";"00001456";"PUESTO DE SALUD TOMEPAMPA";"NE_0001";"";"NE_0001";"NE_0001";"NE_0001";"NE_0001";"NE_0001";"NE_0001";"NE_0001"
"2023";"04";"040801";"AREQUIPA";"LA UNION";"COTAHUASI";"GOBIERNO REGIONAL";"I-4";"00001455";"CENTRO DE SALUD COTAHUASI";"241800";"HOSPITALIZACIÓN DE MEDICINA MEDICINA GENERAL ";"12";"12";"27";"28";"17";"510";"0"
"2023";"06";"150113";"LIMA";"LIMA";"JESUS MARIA";"SANIDAD DE LA POLICIA NACIONAL DEL PERU";"III-1";"00013591";"HOSPITAL NACIONAL POLICIA NACIONAL DEL PERU GRAL PNP LUIS N. SAENZ.";"240100";"HOSPITALIZACIÓN QUIRÚRGICA CIRUGÍA GENERAL ";"143";"170";"1274";"798";"28";"840";"2"
"2023";"06";"150113";"LIMA";"LIMA";"JESUS MARIA";"SANIDAD DE LA POLICIA NACIONAL DEL PERU";"III-1";"00013591";"HOSPITAL NACIONAL POLICIA NACIONAL DEL PERU GRAL PNP LUIS N. SAENZ.";"240200";"HOSPITALIZACIÓN QUIRÚRGICA CIRUGÍA DE CABEZA Y CUELLO / MÁXILO FACIAL ";"21";"26";"176";"134";"5";"150";"0"
"2023";"06";"150113";"LIMA";"LIMA";"JESUS MARIA";"SANIDAD DE LA POLICIA NACIONAL DEL PERU";"III-1";"00013591";"HOSPITAL NACIONAL POLICIA NACIONAL DEL PERU GRAL PNP LUIS N. SAENZ.";"240400";"HOSPITALIZACIÓN QUIRÚRGICA CIRUGÍA DE TÓRAX Y CARDIOVASCULAR ";"19";"21";"165";"159";"6";"180";"1"
"2023";"06";"150113";"LIMA";"LIMA";"JESUS MARIA";"SANIDAD DE LA POLICIA NACIONAL DEL PERU";"III-1";"00013591";"HOSPITAL NACIONAL POLICIA NACIONAL DEL PERU GRAL PNP LUIS N. SAENZ.";"240600";"HOSPITALIZACIÓN QUIRÚRGICA CIRUGÍA OFTALMOLÓGICA ";"126";"126";"126";"7";"4";"120";"0"
"2023";"06";"150113";"LIMA";"LIMA";"JESUS MARIA";"SANIDAD DE LA POLICIA NACIONAL DEL PERU";"III-1";"00013591";"HOSPITAL NACIONAL POLICIA NACIONAL DEL PERU GRAL PNP LUIS N. SAENZ.";"240700";"HOSPITALIZACIÓN QUIRÚRGICA CIRUGÍA PEDIÁTRICA ";"19";"20";"88";"50";"10";"300";"0"
"2023";"06";"150113";"LIMA";"LIMA";"JESUS MARIA";"SANIDAD DE LA POLICIA NACIONAL DEL PERU";"III-1";"00013591";"HOSPITAL NACIONAL POLICIA NACIONAL DEL PERU GRAL PNP LUIS N. SAENZ.";"240801";"HOSPITALIZACIÓN QUIRÚRGICA CIRUGÍA PLÁSTICA/RECONSTRUCTIVA/ REPARADORA QUEMADOS";"12";"23";"443";"240";"12";"360";"0"
"2023";"06";"150113";"LIMA";"LIMA";"JESUS MARIA";"SANIDAD DE LA POLICIA NACIONAL DEL PERU";"III-1";"00013591";"HOSPITAL NACIONAL POLICIA NACIONAL DEL PERU GRAL PNP LUIS N. SAENZ.";"240900";"HOSPITALIZACIÓN QUIRÚRGICA NEUROCIRUGÍA ";"26";"31";"246";"235";"9";"270";"0"
"2023";"06";"150113";"LIMA";"LIMA";"JESUS MARIA";"SANIDAD DE LA POLICIA NACIONAL DEL PERU";"III-1";"00013591";"HOSPITAL NACIONAL POLICIA NACIONAL DEL PERU GRAL PNP LUIS N. SAENZ.";"241100";"HOSPITALIZACIÓN QUIRÚRGICA OTORRINOLARINGOLOGÍA  ";"22";"22";"49";"44";"8";"240";"0"
"2023";"06";"150113";"LIMA";"LIMA";"JESUS MARIA";"SANIDAD DE LA POLICIA NACIONAL DEL PERU";"III-1";"00013591";"HOSPITAL NACIONAL POLICIA NACIONAL DEL PERU GRAL PNP LUIS N. SAENZ.";"241200";"HOSPITALIZACIÓN QUIRÚRGICA TRAUMATOLOGÍA Y ORTOPEDIA ";"29";"56";"1052";"598";"20";"600";"2"
"2023";"06";"150113";"LIMA";"LIMA";"JESUS MARIA";"SANIDAD DE LA POLICIA NACIONAL DEL PERU";"III-1";"00013591";"HOSPITAL NACIONAL POLICIA NACIONAL DEL PERU GRAL PNP LUIS N. SAENZ.";"241300";"HOSPITALIZACIÓN QUIRÚRGICA UROLOGÍA  ";"44";"57";"487";"472";"17";"510";"0"
"2023";"06";"150113";"LIMA";"LIMA";"JESUS MARIA";"SANIDAD DE LA POLICIA NACIONAL DEL PERU";"III-1";"00013591";"HOSPITAL NACIONAL POLICIA NACIONAL DEL PERU GRAL PNP LUIS N. SAENZ.";"241500";"HOSPITALIZACIÓN QUIRÚRGICA GINECOLOGÍA  ";"72";"81";"315";"292";"10";"300";"0"
"2023";"06";"150113";"LIMA";"LIMA";"JESUS MARIA";"SANIDAD DE LA POLICIA NACIONAL DEL PERU";"III-1";"00013591";"HOSPITAL NACIONAL POLICIA NACIONAL DEL PERU GRAL PNP LUIS N. SAENZ.";"241600";"HOSPITALIZACIÓN QUIRÚRGICA OBSTETRICIA   ";"105";"121";"662";"495";"19";"570";"0"
"2023";"06";"150113";"LIMA";"LIMA";"JESUS MARIA";"SANIDAD DE LA POLICIA NACIONAL DEL PERU";"III-1";"00013591";"HOSPITAL NACIONAL POLICIA NACIONAL DEL PERU GRAL PNP LUIS N. SAENZ.";"241900";"HOSPITALIZACIÓN DE MEDICINA MEDICINA INTERNA ";"79";"141";"2683";"2199";"79";"2370";"11"
"2023";"06";"150113";"LIMA";"LIMA";"JESUS MARIA";"SANIDAD DE LA POLICIA NACIONAL DEL PERU";"III-1";"00013591";"HOSPITAL NACIONAL POLICIA NACIONAL DEL PERU GRAL PNP LUIS N. SAENZ.";"242200";"HOSPITALIZACIÓN DE MEDICINA PSIQUIATRÍA ";"4";"8";"161";"183";"16";"480";"0"
"2023";"06";"150113";"LIMA";"LIMA";"JESUS MARIA";"SANIDAD DE LA POLICIA NACIONAL DEL PERU";"III-1";"00013591";"HOSPITAL NACIONAL POLICIA NACIONAL DEL PERU GRAL PNP LUIS N. SAENZ.";"242300";"HOSPITALIZACIÓN DE PEDIATRÍA  PEDIATRÍA  GENERAL ";"70";"92";"591";"545";"25";"750";"0"
"2023";"06";"150113";"LIMA";"LIMA";"JESUS MARIA";"SANIDAD DE LA POLICIA NACIONAL DEL PERU";"III-1";"00013591";"HOSPITAL NACIONAL POLICIA NACIONAL DEL PERU GRAL PNP LUIS N. SAENZ.";"243200";"HOSPITALIZACIÓN DE PEDIATRÍA PEDIATRIA NEONATOLOGÍA";"25";"25";"88";"63";"6";"180";"0"
"2023";"06";"150113";"LIMA";"LIMA";"JESUS MARIA";"SANIDAD DE LA POLICIA NACIONAL DEL PERU";"III-1";"00013591";"HOSPITAL NACIONAL POLICIA NACIONAL DEL PERU GRAL PNP LUIS N. SAENZ.";"244000";"HOSPITALIZACIÓN DE MEDICINA CARDIOLOGIA ";"30";"37";"259";"252";"12";"360";"0"
"2023";"06";"150113";"LIMA";"LIMA";"JESUS MARIA";"SANIDAD DE LA POLICIA NACIONAL DEL PERU";"III-1";"00013591";"HOSPITAL NACIONAL POLICIA NACIONAL DEL PERU GRAL PNP LUIS N. SAENZ.";"245300";"HOSPITALIZACIÓN DE MEDICINA NEUMOLOGÍA  ";"22";"36";"497";"319";"23";"690";"0"
"2023";"06";"150113";"LIMA";"LIMA";"JESUS MARIA";"SANIDAD DE LA POLICIA NACIONAL DEL PERU";"III-1";"00013591";"HOSPITAL NACIONAL POLICIA NACIONAL DEL PERU GRAL PNP LUIS N. SAENZ.";"250100";"UNIDAD DE CUIDADOS CRITICOS UNIDAD  DE CUIDADOS INTENSIVOS GENERALES (UCI) ";"20";"28";"370";"438";"20";"600";"9"
"2023";"11";"021508";"ANCASH";"PALLASCA";"PALLASCA";"ESSALUD";"I-2";"00009925";"POSTA MEDICA PALLASCA";"NE_0001";"";"NE_0001";"NE_0001";"NE_0001";"NE_0001";"NE_0001";"NE_0001";"NE_0001"
"2023";"12";"150128";"LIMA";"LIMA";"RIMAC";"ESSALUD";"I-3";"00008881";"FRANCISCO PIZARRO";"NE_0001";"";"NE_0001";"NE_0001";"NE_0001";"NE_0001";"NE_0001";"NE_0001";"NE_0001"
"2023";"11";"050304";"AYACUCHO";"HUANCA SANCOS";"SANTIAGO DE LUCANAMARCA";"GOBIERNO REGIONAL";"I-1";"00027581";"PUESTO DE SALUD SAN ANTONIO DE JULO";"NE_0001";"";"NE_0001";"NE_0001";"NE_0001";"NE_0001";"NE_0001";"NE_0001";"NE_0001"
"2023";"11";"050304";"AYACUCHO";"HUANCA SANCOS";"SANTIAGO DE LUCANAMARCA";"GOBIERNO REGIONAL";"I-1";"00011458";"PUESTO DE SALUD SAN MARTIN DE TIO PAMPA";"NE_0001";"";"NE_0001";"NE_0001";"NE_0001";"NE_0001";"NE_0001";"NE_0001";"NE_0001"
"2023";"11";"050304";"AYACUCHO";"HUANCA SANCOS";"SANTIAGO DE LUCANAMARCA";"GOBIERNO REGIONAL";"I-2";"00003646";"PUESTO DE SALUD SAN JOSE DE HUARCAYA";"NE_0001";"";"NE_0001";"NE_0001";"NE_0001";"NE_0001";"NE_0001";"NE_0001";"NE_0001"
"2023";"11";"050304";"AYACUCHO";"HUANCA SANCOS";"SANTIAGO DE LUCANAMARCA";"GOBIERNO REGIONAL";"I-1";"00003645";"PUESTO DE SALUD SANTA ROSA COCHAS";"NE_0001";"";"NE_0001";"NE_0001";"NE_0001";"NE_0001";"NE_0001";"NE_0001";"NE_0001"
"2023";"11";"050304";"AYACUCHO";"HUANCA SANCOS";"SANTIAGO DE LUCANAMARCA";"GOBIERNO REGIONAL";"I-2";"00003644";"PUESTO DE SALUD LUCANAMARCA";"NE_0001";"";"NE_0001";"NE_0001";"NE_0001";"NE_0001";"NE_0001";"NE_0001";"NE_0001"
"2023";"11";"050303";"AYACUCHO";"HUANCA SANCOS";"SACSAMARCA";"GOBIERNO REGIONAL";"I-2";"00003643";"PUESTO DE SALUD SACSAMARCA";"NE_0001";"";"NE_0001";"NE_0001";"NE_0001";"NE_0001";"NE_0001";"NE_0001";"NE_0001"
"2023";"11";"050303";"AYACUCHO";"HUANCA SANCOS";"SACSAMARCA";"GOBIERNO REGIONAL";"I-1";"00003642";"PUESTO DE SALUD PALLCA";"NE_0001";"";"NE_0001";"NE_0001";"NE_0001";"NE_0001";"NE_0001";"NE_0001";"NE_0001"
"2023";"11";"050302";"AYACUCHO";"HUANCA SANCOS";"CARAPO";"GOBIERNO REGIONAL";"I-2";"00003641";"PUESTO DE SALUD CARAPO";"NE_0001";"";"NE_0001";"NE_0001";"NE_0001";"NE_0001";"NE_0001";"NE_0001";"NE_0001"
"2023";"11";"050301";"AYACUCHO";"HUANCA SANCOS";"SANCOS";"GOBIERNO REGIONAL";"I-4";"00003639";"CENTRO DE SALUD HUANCASANCOS";"241600";"HOSPITALIZACIÓN QUIRÚRGICA OBSTETRICIA   ";"6";"6";"14";"1";"6";"7";"0"
"2023";"11";"050301";"AYACUCHO";"HUANCA SANCOS";"SANCOS";"GOBIERNO REGIONAL";"I-4";"00003639";"CENTRO DE SALUD HUANCASANCOS";"241800";"HOSPITALIZACIÓN DE MEDICINA MEDICINA GENERAL ";"3";"3";"3";"1";"6";"7";"0"
"2023";"11";"050302";"AYACUCHO";"HUANCA SANCOS";"CARAPO";"GOBIERNO REGIONAL";"I-1";"00003638";"PUESTO DE SALUD TAULLI";"NE_0001";"";"NE_0001";"NE_0001";"NE_0001";"NE_0001";"NE_0001";"NE_0001";"NE_0001"
"2023";"11";"050302";"AYACUCHO";"HUANCA SANCOS";"CARAPO";"GOBIERNO REGIONAL";"I-2";"00003637";"PUESTO DE SALUD PORTA CRUZ";"NE_0001";"";"NE_0001";"NE_0001";"NE_0001";"NE_0001";"NE_0001";"NE_0001";"NE_0001"
"2023";"11";"050302";"AYACUCHO";"HUANCA SANCOS";"CARAPO";"GOBIERNO REGIONAL";"I-2";"00003636";"PUESTO DE SALUD MANCHIRI";"NE_0001";"";"NE_0001";"NE_0001";"NE_0001";"NE_0001";"NE_0001";"NE_0001";"NE_0001"
"2023";"12";"050304";"AYACUCHO";"HUANCA SANCOS";"SANTIAGO DE LUCANAMARCA";"GOBIERNO REGIONAL";"I-1";"00027581";"PUESTO DE SALUD SAN ANTONIO DE JULO";"NE_0001";"";"NE_0001";"NE_0001";"NE_0001";"NE_0001";"NE_0001";"NE_0001";"NE_0001"
"2023";"12";"050304";"AYACUCHO";"HUANCA SANCOS";"SANTIAGO DE LUCANAMARCA";"GOBIERNO REGIONAL";"I-1";"00011458";"PUESTO DE SALUD SAN MARTIN DE TIO PAMPA";"NE_0001";"";"NE_0001";"NE_0001";"NE_0001";"NE_0001";"NE_0001";"NE_0001";"NE_0001"
"2023";"12";"050304";"AYACUCHO";"HUANCA SANCOS";"SANTIAGO DE LUCANAMARCA";"GOBIERNO REGIONAL";"I-2";"00003646";"PUESTO DE SALUD SAN JOSE DE HUARCAYA";"NE_0001";"";"NE_0001";"NE_0001";"NE_0001";"NE_0001";"NE_0001";"NE_0001";"NE_0001"
"2023";"12";"050304";"AYACUCHO";"HUANCA SANCOS";"SANTIAGO DE LUCANAMARCA";"GOBIERNO REGIONAL";"I-1";"00003645";"PUESTO DE SALUD SANTA ROSA COCHAS";"NE_0001";"";"NE_0001";"NE_0001";"NE_0001";"NE_0001";"NE_0001";"NE_0001";"NE_0001"
"2023";"12";"050304";"AYACUCHO";"HUANCA SANCOS";"SANTIAGO DE LUCANAMARCA";"GOBIERNO REGIONAL";"I-2";"00003644";"PUESTO DE SALUD LUCANAMARCA";"NE_0001";"";"NE_0001";"NE_0001";"NE_0001";"NE_0001";"NE_0001";"NE_0001";"NE_0001"
"2023";"12";"050303";"AYACUCHO";"HUANCA SANCOS";"SACSAMARCA";"GOBIERNO REGIONAL";"I-2";"00003643";"PUESTO DE SALUD SACSAMARCA";"NE_0001";"";"NE_0001";"NE_0001";"NE_0001";"NE_0001";"NE_0001";"NE_0001";"NE_0001"
"2023";"12";"050303";"AYACUCHO";"HUANCA SANCOS";"SACSAMARCA";"GOBIERNO REGIONAL";"I-1";"00003642";"PUESTO DE SALUD PALLCA";"NE_0001";"";"NE_0001";"NE_0001";"NE_0001";"NE_0001";"NE_0001";"NE_0001";"NE_0001"
"2023";"12";"050302";"AYACUCHO";"HUANCA SANCOS";"CARAPO";"GOBIERNO REGIONAL";"I-2";"00003641";"PUESTO DE SALUD CARAPO";"NE_0001";"";"NE_0001";"NE_0001";"NE_0001";"NE_0001";"NE_0001";"NE_0001";"NE_0001"
"2023";"12";"050302";"AYACUCHO";"HUANCA SANCOS";"CARAPO";"GOBIERNO REGIONAL";"I-1";"00003638";"PUESTO DE SALUD TAULLI";"NE_0001";"";"NE_0001";"NE_0001";"NE_0001";"NE_0001";"NE_0001";"NE_0001";"NE_0001"
"2023";"12";"050302";"AYACUCHO";"HUANCA SANCOS";"CARAPO";"GOBIERNO REGIONAL";"I-2";"00003637";"PUESTO DE SALUD PORTA CRUZ";"NE_0001";"";"NE_0001";"NE_0001";"NE_0001";"NE_0001";"NE_0001";"NE_0001";"NE_0001"
"2023";"12";"050302";"AYACUCHO";"HUANCA SANCOS";"CARAPO";"GOBIERNO REGIONAL";"I-2";"00003636";"PUESTO DE SALUD MANCHIRI";"NE_0001";"";"NE_0001";"NE_0001";"NE_0001";"NE_0001";"NE_0001";"NE_0001";"NE_0001"
"2023";"12";"050304";"AYACUCHO";"HUANCA SANCOS";"SANTIAGO DE LUCANAMARCA";"GOBIERNO REGIONAL";"I-1";"00027581";"PUESTO DE SALUD SAN ANTONIO DE JULO";"NE_0001";"";"NE_0001";"NE_0001";"NE_0001";"NE_0001";"NE_0001";"NE_0001";"NE_0001"
"2023";"12";"050304";"AYACUCHO";"HUANCA SANCOS";"SANTIAGO DE LUCANAMARCA";"GOBIERNO REGIONAL";"I-1";"00011458";"PUESTO DE SALUD SAN MARTIN DE TIO PAMPA";"NE_0001";"";"NE_0001";"NE_0001";"NE_0001";"NE_0001";"NE_0001";"NE_0001";"NE_0001"
"2023";"12";"050304";"AYACUCHO";"HUANCA SANCOS";"SANTIAGO DE LUCANAMARCA";"GOBIERNO REGIONAL";"I-2";"00003646";"PUESTO DE SALUD SAN JOSE DE HUARCAYA";"NE_0001";"";"NE_0001";"NE_0001";"NE_0001";"NE_0001";"NE_0001";"NE_0001";"NE_0001"
"2023";"12";"050304";"AYACUCHO";"HUANCA SANCOS";"SANTIAGO DE LUCANAMARCA";"GOBIERNO REGIONAL";"I-1";"00003645";"PUESTO DE SALUD SANTA ROSA COCHAS";"NE_0001";"";"NE_0001";"NE_0001";"NE_0001";"NE_0001";"NE_0001";"NE_0001";"NE_0001"
"2023";"12";"050304";"AYACUCHO";"HUANCA SANCOS";"SANTIAGO DE LUCANAMARCA";"GOBIERNO REGIONAL";"I-2";"00003644";"PUESTO DE SALUD LUCANAMARCA";"NE_0001";"";"NE_0001";"NE_0001";"NE_0001";"NE_0001";"NE_0001";"NE_0001";"NE_0001"
"2023";"12";"050303";"AYACUCHO";"HUANCA SANCOS";"SACSAMARCA";"GOBIERNO REGIONAL";"I-2";"00003643";"PUESTO DE SALUD SACSAMARCA";"NE_0001";"";"NE_0001";"NE_0001";"NE_0001";"NE_0001";"NE_0001";"NE_0001";"NE_0001"
"2023";"12";"050303";"AYACUCHO";"HUANCA SANCOS";"SACSAMARCA";"GOBIERNO REGIONAL";"I-1";"00003642";"PUESTO DE SALUD PALLCA";"NE_0001";"";"NE_0001";"NE_0001";"NE_0001";"NE_0001";"NE_0001";"NE_0001";"NE_0001"
"2023";"12";"050302";"AYACUCHO";"HUANCA SANCOS";"CARAPO";"GOBIERNO REGIONAL";"I-2";"00003641";"PUESTO DE SALUD CARAPO";"NE_0001";"";"NE_0001";"NE_0001";"NE_0001";"NE_0001";"NE_0001";"NE_0001";"NE_0001"
"2023";"12";"050302";"AYACUCHO";"HUANCA SANCOS";"CARAPO";"GOBIERNO REGIONAL";"I-1";"00003638";"PUESTO DE SALUD TAULLI";"NE_0001";"";"NE_0001";"NE_0001";"NE_0001";"NE_0001";"NE_0001";"NE_0001";"NE_0001"
"2023";"12";"050302";"AYACUCHO";"HUANCA SANCOS";"CARAPO";"GOBIERNO REGIONAL";"I-2";"00003637";"PUESTO DE SALUD PORTA CRUZ";"NE_0001";"";"NE_0001";"NE_0001";"NE_0001";"NE_0001";"NE_0001";"NE_0001";"NE_0001"
"2023";"12";"050302";"AYACUCHO";"HUANCA SANCOS";"CARAPO";"GOBIERNO REGIONAL";"I-2";"00003636";"PUESTO DE SALUD MANCHIRI";"NE_0001";"";"NE_0001";"NE_0001";"NE_0001";"NE_0001";"NE_0001";"NE_0001";"NE_0001"
"2023";"12";"050304";"AYACUCHO";"HUANCA SANCOS";"SANTIAGO DE LUCANAMARCA";"GOBIERNO REGIONAL";"I-1";"00027581";"PUESTO DE SALUD SAN ANTONIO DE JULO";"NE_0001";"";"NE_0001";"NE_0001";"NE_0001";"NE_0001";"NE_0001";"NE_0001";"NE_0001"
"2023";"12";"050304";"AYACUCHO";"HUANCA SANCOS";"SANTIAGO DE LUCANAMARCA";"GOBIERNO REGIONAL";"I-1";"00011458";"PUESTO DE SALUD SAN MARTIN DE TIO PAMPA";"NE_0001";"";"NE_0001";"NE_0001";"NE_0001";"NE_0001";"NE_0001";"NE_0001";"NE_0001"
"2023";"02";"050304";"AYACUCHO";"HUANCA SANCOS";"SANTIAGO DE LUCANAMARCA";"GOBIERNO REGIONAL";"I-1";"00027581";"PUESTO DE SALUD SAN ANTONIO DE JULO";"NE_0001";"";"NE_0001";"NE_0001";"NE_0001";"NE_0001";"NE_0001";"NE_0001";"NE_0001"
"2023";"02";"050304";"AYACUCHO";"HUANCA SANCOS";"SANTIAGO DE LUCANAMARCA";"GOBIERNO REGIONAL";"I-1";"00011458";"PUESTO DE SALUD SAN MARTIN DE TIO PAMPA";"NE_0001";"";"NE_0001";"NE_0001";"NE_0001";"NE_0001";"NE_0001";"NE_0001";"NE_0001"
"2023";"02";"050304";"AYACUCHO";"HUANCA SANCOS";"SANTIAGO DE LUCANAMARCA";"GOBIERNO REGIONAL";"I-2";"00003646";"PUESTO DE SALUD SAN JOSE DE HUARCAYA";"NE_0001";"";"NE_0001";"NE_0001";"NE_0001";"NE_0001";"NE_0001";"NE_0001";"NE_0001"
"2023";"02";"050304";"AYACUCHO";"HUANCA SANCOS";"SANTIAGO DE LUCANAMARCA";"GOBIERNO REGIONAL";"I-1";"00003645";"PUESTO DE SALUD SANTA ROSA COCHAS";"NE_0001";"";"NE_0001";"NE_0001";"NE_0001";"NE_0001";"NE_0001";"NE_0001";"NE_0001"
"2023";"02";"050304";"AYACUCHO";"HUANCA SANCOS";"SANTIAGO DE LUCANAMARCA";"GOBIERNO REGIONAL";"I-2";"00003644";"PUESTO DE SALUD LUCANAMARCA";"NE_0001";"";"NE_0001";"NE_0001";"NE_0001";"NE_0001";"NE_0001";"NE_0001";"NE_0001"
"2023";"02";"050303";"AYACUCHO";"HUANCA SANCOS";"SACSAMARCA";"GOBIERNO REGIONAL";"I-2";"00003643";"PUESTO DE SALUD SACSAMARCA";"NE_0001";"";"NE_0001";"NE_0001";"NE_0001";"NE_0001";"NE_0001";"NE_0001";"NE_0001"
"2023";"02";"050303";"AYACUCHO";"HUANCA SANCOS";"SACSAMARCA";"GOBIERNO REGIONAL";"I-1";"00003642";"PUESTO DE SALUD PALLCA";"NE_0001";"";"NE_0001";"NE_0001";"NE_0001";"NE_0001";"NE_0001";"NE_0001";"NE_0001"
"2023";"02";"050302";"AYACUCHO";"HUANCA SANCOS";"CARAPO";"GOBIERNO REGIONAL";"I-2";"00003641";"PUESTO DE SALUD CARAPO";"NE_0001";"";"NE_0001";"NE_0001";"NE_0001";"NE_0001";"NE_0001";"NE_0001";"NE_0001"
"2023";"02";"050302";"AYACUCHO";"HUANCA SANCOS";"CARAPO";"GOBIERNO REGIONAL";"I-1";"00003638";"PUESTO DE SALUD TAULLI";"NE_0001";"";"NE_0001";"NE_0001";"NE_0001";"NE_0001";"NE_0001";"NE_0001";"NE_0001"
"2023";"02";"050302";"AYACUCHO";"HUANCA SANCOS";"CARAPO";"GOBIERNO REGIONAL";"I-2";"00003637";"PUESTO DE SALUD PORTA CRUZ";"NE_0001";"";"NE_0001";"NE_0001";"NE_0001";"NE_0001";"NE_0001";"NE_0001";"NE_0001"
"2023";"02";"050302";"AYACUCHO";"HUANCA SANCOS";"CARAPO";"GOBIERNO REGIONAL";"I-2";"00003636";"PUESTO DE SALUD MANCHIRI";"NE_0001";"";"NE_0001";"NE_0001";"NE_0001";"NE_0001";"NE_0001";"NE_0001";"NE_0001"
"2023";"11";"100101";"HUANUCO";"HUANUCO";"HUANUCO";"PRIVADO";"II-E";"00018192";"CLINICA DE OJOS SANTOS S.R.L";"NE_0001";"";"NE_0001";"NE_0001";"NE_0001";"NE_0001";"NE_0001";"NE_0001";"NE_0001"
"2023";"12";"060101";"CAJAMARCA";"CAJAMARCA";"CAJAMARCA";"GOBIERNO REGIONAL";"I-1";"00004656";"ATAHUALPA";"NE_0001";"";"NE_0001";"NE_0001";"NE_0001";"NE_0001";"NE_0001";"NE_0001";"NE_0001"
"2023";"12";"090203";"HUANCAVELICA";"ACOBAMBA";"ANTA";"GOBIERNO REGIONAL";"I-1";"00011234";"PUESTO DE SALUD OCCORO";"NE_0001";"";"NE_0001";"NE_0001";"NE_0001";"NE_0001";"NE_0001";"NE_0001";"NE_0001"
"2023";"12";"090203";"HUANCAVELICA";"ACOBAMBA";"ANTA";"GOBIERNO REGIONAL";"I-1";"00009504";"PUESTO DE SALUD TAMBRAICO";"NE_0001";"";"NE_0001";"NE_0001";"NE_0001";"NE_0001";"NE_0001";"NE_0001";"NE_0001"
"2023";"12";"090203";"HUANCAVELICA";"ACOBAMBA";"ANTA";"GOBIERNO REGIONAL";"I-1";"00009501";"PUESTO DE SALUD SAN PEDRO DE ÑAHUINCUCHO";"NE_0001";"";"NE_0001";"NE_0001";"NE_0001";"NE_0001";"NE_0001";"NE_0001";"NE_0001"
"2023";"12";"090203";"HUANCAVELICA";"ACOBAMBA";"ANTA";"GOBIERNO REGIONAL";"I-1";"00007455";"PUESTO DE SALUD PATACANCHA";"NE_0001";"";"NE_0001";"NE_0001";"NE_0001";"NE_0001";"NE_0001";"NE_0001";"NE_0001"
"2023";"12";"090203";"HUANCAVELICA";"ACOBAMBA";"ANTA";"GOBIERNO REGIONAL";"I-2";"00007292";"PUESTO DE SALUD SANCAYPAMPA";"NE_0001";"";"NE_0001";"NE_0001";"NE_0001";"NE_0001";"NE_0001";"NE_0001";"NE_0001"
"2023";"12";"090203";"HUANCAVELICA";"ACOBAMBA";"ANTA";"GOBIERNO REGIONAL";"I-3";"00003940";"CENTRO DE SALUD HUAYANAY";"NE_0001";"";"NE_0001";"NE_0001";"NE_0001";"NE_0001";"NE_0001";"NE_0001";"NE_0001"
"2023";"12";"050304";"AYACUCHO";"HUANCA SANCOS";"SANTIAGO DE LUCANAMARCA";"GOBIERNO REGIONAL";"I-2";"00003646";"PUESTO DE SALUD SAN JOSE DE HUARCAYA";"NE_0001";"";"NE_0001";"NE_0001";"NE_0001";"NE_0001";"NE_0001";"NE_0001";"NE_0001"
"2023";"12";"050304";"AYACUCHO";"HUANCA SANCOS";"SANTIAGO DE LUCANAMARCA";"GOBIERNO REGIONAL";"I-1";"00003645";"PUESTO DE SALUD SANTA ROSA COCHAS";"NE_0001";"";"NE_0001";"NE_0001";"NE_0001";"NE_0001";"NE_0001";"NE_0001";"NE_0001"
"2023";"12";"050304";"AYACUCHO";"HUANCA SANCOS";"SANTIAGO DE LUCANAMARCA";"GOBIERNO REGIONAL";"I-2";"00003644";"PUESTO DE SALUD LUCANAMARCA";"NE_0001";"";"NE_0001";"NE_0001";"NE_0001";"NE_0001";"NE_0001";"NE_0001";"NE_0001"
"2023";"12";"050303";"AYACUCHO";"HUANCA SANCOS";"SACSAMARCA";"GOBIERNO REGIONAL";"I-2";"00003643";"PUESTO DE SALUD SACSAMARCA";"NE_0001";"";"NE_0001";"NE_0001";"NE_0001";"NE_0001";"NE_0001";"NE_0001";"NE_0001"
"2023";"12";"050303";"AYACUCHO";"HUANCA SANCOS";"SACSAMARCA";"GOBIERNO REGIONAL";"I-1";"00003642";"PUESTO DE SALUD PALLCA";"NE_0001";"";"NE_0001";"NE_0001";"NE_0001";"NE_0001";"NE_0001";"NE_0001";"NE_0001"
"2023";"12";"050302";"AYACUCHO";"HUANCA SANCOS";"CARAPO";"GOBIERNO REGIONAL";"I-2";"00003641";"PUESTO DE SALUD CARAPO";"NE_0001";"";"NE_0001";"NE_0001";"NE_0001";"NE_0001";"NE_0001";"NE_0001";"NE_0001"
"2023";"12";"050301";"AYACUCHO";"HUANCA SANCOS";"SANCOS";"GOBIERNO REGIONAL";"I-4";"00003639";"CENTRO DE SALUD HUANCASANCOS";"241600";"HOSPITALIZACIÓN QUIRÚRGICA OBSTETRICIA   ";"5";"5";"7";"1";"6";"7";"0"
"2023";"12";"050301";"AYACUCHO";"HUANCA SANCOS";"SANCOS";"GOBIERNO REGIONAL";"I-4";"00003639";"CENTRO DE SALUD HUANCASANCOS";"241800";"HOSPITALIZACIÓN DE MEDICINA MEDICINA GENERAL ";"7";"7";"8";"1";"6";"7";"0"
"2023";"12";"050302";"AYACUCHO";"HUANCA SANCOS";"CARAPO";"GOBIERNO REGIONAL";"I-1";"00003638";"PUESTO DE SALUD TAULLI";"NE_0001";"";"NE_0001";"NE_0001";"NE_0001";"NE_0001";"NE_0001";"NE_0001";"NE_0001"
"2023";"12";"050302";"AYACUCHO";"HUANCA SANCOS";"CARAPO";"GOBIERNO REGIONAL";"I-2";"00003637";"PUESTO DE SALUD PORTA CRUZ";"NE_0001";"";"NE_0001";"NE_0001";"NE_0001";"NE_0001";"NE_0001";"NE_0001";"NE_0001"
"2023";"12";"050302";"AYACUCHO";"HUANCA SANCOS";"CARAPO";"GOBIERNO REGIONAL";"I-2";"00003636";"PUESTO DE SALUD MANCHIRI";"NE_0001";"";"NE_0001";"NE_0001";"NE_0001";"NE_0001";"NE_0001";"NE_0001";"NE_0001"
"2023";"03";"150113";"LIMA";"LIMA";"JESUS MARIA";"SANIDAD DE LA POLICIA NACIONAL DEL PERU";"III-1";"00013591";"HOSPITAL NACIONAL POLICIA NACIONAL DEL PERU GRAL PNP LUIS N. SAENZ.";"240100";"HOSPITALIZACIÓN QUIRÚRGICA CIRUGÍA GENERAL ";"140";"165";"1269";"990";"32";"992";"1"
"2023";"03";"150113";"LIMA";"LIMA";"JESUS MARIA";"SANIDAD DE LA POLICIA NACIONAL DEL PERU";"III-1";"00013591";"HOSPITAL NACIONAL POLICIA NACIONAL DEL PERU GRAL PNP LUIS N. SAENZ.";"240200";"HOSPITALIZACIÓN QUIRÚRGICA CIRUGÍA DE CABEZA Y CUELLO / MÁXILO FACIAL ";"3";"3";"3";"3";"2";"62";"0"
"2023";"03";"150113";"LIMA";"LIMA";"JESUS MARIA";"SANIDAD DE LA POLICIA NACIONAL DEL PERU";"III-1";"00013591";"HOSPITAL NACIONAL POLICIA NACIONAL DEL PERU GRAL PNP LUIS N. SAENZ.";"240400";"HOSPITALIZACIÓN QUIRÚRGICA CIRUGÍA DE TÓRAX Y CARDIOVASCULAR ";"19";"19";"19";"12";"3";"93";"0"
"2023";"03";"150113";"LIMA";"LIMA";"JESUS MARIA";"SANIDAD DE LA POLICIA NACIONAL DEL PERU";"III-1";"00013591";"HOSPITAL NACIONAL POLICIA NACIONAL DEL PERU GRAL PNP LUIS N. SAENZ.";"240600";"HOSPITALIZACIÓN QUIRÚRGICA CIRUGÍA OFTALMOLÓGICA ";"115";"115";"115";"115";"4";"124";"0"
"2023";"03";"150113";"LIMA";"LIMA";"JESUS MARIA";"SANIDAD DE LA POLICIA NACIONAL DEL PERU";"III-1";"00013591";"HOSPITAL NACIONAL POLICIA NACIONAL DEL PERU GRAL PNP LUIS N. SAENZ.";"240700";"HOSPITALIZACIÓN QUIRÚRGICA CIRUGÍA PEDIÁTRICA ";"23";"27";"111";"101";"10";"310";"0"
"2023";"03";"150113";"LIMA";"LIMA";"JESUS MARIA";"SANIDAD DE LA POLICIA NACIONAL DEL PERU";"III-1";"00013591";"HOSPITAL NACIONAL POLICIA NACIONAL DEL PERU GRAL PNP LUIS N. SAENZ.";"240801";"HOSPITALIZACIÓN QUIRÚRGICA CIRUGÍA PLÁSTICA/RECONSTRUCTIVA/ REPARADORA QUEMADOS";"5";"13";"307";"272";"12";"372";"0"
"2023";"03";"150113";"LIMA";"LIMA";"JESUS MARIA";"SANIDAD DE LA POLICIA NACIONAL DEL PERU";"III-1";"00013591";"HOSPITAL NACIONAL POLICIA NACIONAL DEL PERU GRAL PNP LUIS N. SAENZ.";"240900";"HOSPITALIZACIÓN QUIRÚRGICA NEUROCIRUGÍA ";"16";"33";"1294";"184";"9";"279";"8"
"2023";"03";"150113";"LIMA";"LIMA";"JESUS MARIA";"SANIDAD DE LA POLICIA NACIONAL DEL PERU";"III-1";"00013591";"HOSPITAL NACIONAL POLICIA NACIONAL DEL PERU GRAL PNP LUIS N. SAENZ.";"241100";"HOSPITALIZACIÓN QUIRÚRGICA OTORRINOLARINGOLOGÍA  ";"33";"37";"308";"167";"8";"248";"1"
"2023";"03";"150113";"LIMA";"LIMA";"JESUS MARIA";"SANIDAD DE LA POLICIA NACIONAL DEL PERU";"III-1";"00013591";"HOSPITAL NACIONAL POLICIA NACIONAL DEL PERU GRAL PNP LUIS N. SAENZ.";"241200";"HOSPITALIZACIÓN QUIRÚRGICA TRAUMATOLOGÍA Y ORTOPEDIA ";"29";"42";"571";"575";"19";"589";"1"
"2023";"03";"150113";"LIMA";"LIMA";"JESUS MARIA";"SANIDAD DE LA POLICIA NACIONAL DEL PERU";"III-1";"00013591";"HOSPITAL NACIONAL POLICIA NACIONAL DEL PERU GRAL PNP LUIS N. SAENZ.";"241300";"HOSPITALIZACIÓN QUIRÚRGICA UROLOGÍA  ";"57";"72";"667";"740";"24";"744";"0"
"2023";"03";"150113";"LIMA";"LIMA";"JESUS MARIA";"SANIDAD DE LA POLICIA NACIONAL DEL PERU";"III-1";"00013591";"HOSPITAL NACIONAL POLICIA NACIONAL DEL PERU GRAL PNP LUIS N. SAENZ.";"241500";"HOSPITALIZACIÓN QUIRÚRGICA GINECOLOGÍA  ";"54";"63";"322";"314";"11";"341";"0"
"2023";"12";"021508";"ANCASH";"PALLASCA";"PALLASCA";"ESSALUD";"I-2";"00009925";"POSTA MEDICA PALLASCA";"NE_0001";"";"NE_0001";"NE_0001";"NE_0001";"NE_0001";"NE_0001";"NE_0001";"NE_0001"
"2023";"02";"040809";"AREQUIPA";"LA UNION";"TAURIA";"GOBIERNO REGIONAL";"I-2";"00001470";"PUESTO DE SALUD TAURIA";"NE_0001";"";"NE_0001";"NE_0001";"NE_0001";"NE_0001";"NE_0001";"NE_0001";"NE_0001"
"2023";"02";"040808";"AREQUIPA";"LA UNION";"SAYLA";"GOBIERNO REGIONAL";"I-2";"00001469";"PUESTO DE SALUD SAYLA";"NE_0001";"";"NE_0001";"NE_0001";"NE_0001";"NE_0001";"NE_0001";"NE_0001";"NE_0001"
"2023";"12";"070102";"CALLAO";"CALLAO";"BELLAVISTA";"PRIVADO";"I-2";"00023578";"CONSULTORIO MEDICO NUTRIMEDIC";"NE_0002";"";"NE_0002";"NE_0002";"NE_0002";"NE_0002";"NE_0002";"NE_0002";"NE_0002"
"2023";"03";"150113";"LIMA";"LIMA";"JESUS MARIA";"SANIDAD DE LA POLICIA NACIONAL DEL PERU";"III-1";"00013591";"HOSPITAL NACIONAL POLICIA NACIONAL DEL PERU GRAL PNP LUIS N. SAENZ.";"241600";"HOSPITALIZACIÓN QUIRÚRGICA OBSTETRICIA   ";"124";"136";"554";"536";"19";"589";"0"
"2023";"03";"150113";"LIMA";"LIMA";"JESUS MARIA";"SANIDAD DE LA POLICIA NACIONAL DEL PERU";"III-1";"00013591";"HOSPITAL NACIONAL POLICIA NACIONAL DEL PERU GRAL PNP LUIS N. SAENZ.";"241900";"HOSPITALIZACIÓN DE MEDICINA MEDICINA INTERNA ";"59";"106";"1749";"2115";"70";"2170";"7"
"2023";"03";"150113";"LIMA";"LIMA";"JESUS MARIA";"SANIDAD DE LA POLICIA NACIONAL DEL PERU";"III-1";"00013591";"HOSPITAL NACIONAL POLICIA NACIONAL DEL PERU GRAL PNP LUIS N. SAENZ.";"242100";"HOSPITALIZACIÓN DE MEDICINA ONCOLOGÍA MÉDICA ";"23";"37";"461";"266";"15";"465";"4"
"2023";"03";"150113";"LIMA";"LIMA";"JESUS MARIA";"SANIDAD DE LA POLICIA NACIONAL DEL PERU";"III-1";"00013591";"HOSPITAL NACIONAL POLICIA NACIONAL DEL PERU GRAL PNP LUIS N. SAENZ.";"242200";"HOSPITALIZACIÓN DE MEDICINA PSIQUIATRÍA ";"6";"10";"230";"150";"15";"465";"0"
"2023";"03";"150113";"LIMA";"LIMA";"JESUS MARIA";"SANIDAD DE LA POLICIA NACIONAL DEL PERU";"III-1";"00013591";"HOSPITAL NACIONAL POLICIA NACIONAL DEL PERU GRAL PNP LUIS N. SAENZ.";"242300";"HOSPITALIZACIÓN DE PEDIATRÍA  PEDIATRÍA  GENERAL ";"48";"63";"485";"404";"25";"775";"0"
"2023";"03";"150113";"LIMA";"LIMA";"JESUS MARIA";"SANIDAD DE LA POLICIA NACIONAL DEL PERU";"III-1";"00013591";"HOSPITAL NACIONAL POLICIA NACIONAL DEL PERU GRAL PNP LUIS N. SAENZ.";"243200";"HOSPITALIZACIÓN DE PEDIATRÍA PEDIATRIA NEONATOLOGÍA";"22";"24";"116";"88";"6";"186";"0"
"2023";"03";"150113";"LIMA";"LIMA";"JESUS MARIA";"SANIDAD DE LA POLICIA NACIONAL DEL PERU";"III-1";"00013591";"HOSPITAL NACIONAL POLICIA NACIONAL DEL PERU GRAL PNP LUIS N. SAENZ.";"244000";"HOSPITALIZACIÓN DE MEDICINA CARDIOLOGIA ";"28";"32";"227";"225";"12";"372";"0"
"2023";"03";"150113";"LIMA";"LIMA";"JESUS MARIA";"SANIDAD DE LA POLICIA NACIONAL DEL PERU";"III-1";"00013591";"HOSPITAL NACIONAL POLICIA NACIONAL DEL PERU GRAL PNP LUIS N. SAENZ.";"244600";"HOSPITALIZACIÓN DE MEDICINA NEFROLOGIA ";"1";"3";"72";"18";"1";"31";"0"
"2023";"03";"150113";"LIMA";"LIMA";"JESUS MARIA";"SANIDAD DE LA POLICIA NACIONAL DEL PERU";"III-1";"00013591";"HOSPITAL NACIONAL POLICIA NACIONAL DEL PERU GRAL PNP LUIS N. SAENZ.";"245300";"HOSPITALIZACIÓN DE MEDICINA NEUMOLOGÍA  ";"36";"44";"544";"450";"18";"558";"0"
"2023";"03";"150113";"LIMA";"LIMA";"JESUS MARIA";"SANIDAD DE LA POLICIA NACIONAL DEL PERU";"III-1";"00013591";"HOSPITAL NACIONAL POLICIA NACIONAL DEL PERU GRAL PNP LUIS N. SAENZ.";"250100";"UNIDAD DE CUIDADOS CRITICOS UNIDAD  DE CUIDADOS INTENSIVOS GENERALES (UCI) ";"15";"30";"658";"624";"22";"682";"15"
"2023";"07";"150113";"LIMA";"LIMA";"JESUS MARIA";"SANIDAD DE LA POLICIA NACIONAL DEL PERU";"III-1";"00013591";"HOSPITAL NACIONAL POLICIA NACIONAL DEL PERU GRAL PNP LUIS N. SAENZ.";"240100";"HOSPITALIZACIÓN QUIRÚRGICA CIRUGÍA GENERAL ";"132";"153";"900";"835";"27";"837";"1"
"2023";"07";"150113";"LIMA";"LIMA";"JESUS MARIA";"SANIDAD DE LA POLICIA NACIONAL DEL PERU";"III-1";"00013591";"HOSPITAL NACIONAL POLICIA NACIONAL DEL PERU GRAL PNP LUIS N. SAENZ.";"240200";"HOSPITALIZACIÓN QUIRÚRGICA CIRUGÍA DE CABEZA Y CUELLO / MÁXILO FACIAL ";"18";"22";"149";"118";"5";"123";"0"
"2023";"07";"150113";"LIMA";"LIMA";"JESUS MARIA";"SANIDAD DE LA POLICIA NACIONAL DEL PERU";"III-1";"00013591";"HOSPITAL NACIONAL POLICIA NACIONAL DEL PERU GRAL PNP LUIS N. SAENZ.";"240400";"HOSPITALIZACIÓN QUIRÚRGICA CIRUGÍA DE TÓRAX Y CARDIOVASCULAR ";"20";"23";"86";"44";"6";"186";"0"
"2023";"07";"150113";"LIMA";"LIMA";"JESUS MARIA";"SANIDAD DE LA POLICIA NACIONAL DEL PERU";"III-1";"00013591";"HOSPITAL NACIONAL POLICIA NACIONAL DEL PERU GRAL PNP LUIS N. SAENZ.";"240600";"HOSPITALIZACIÓN QUIRÚRGICA CIRUGÍA OFTALMOLÓGICA ";"125";"125";"125";"56";"4";"124";"0"
"2023";"07";"150113";"LIMA";"LIMA";"JESUS MARIA";"SANIDAD DE LA POLICIA NACIONAL DEL PERU";"III-1";"00013591";"HOSPITAL NACIONAL POLICIA NACIONAL DEL PERU GRAL PNP LUIS N. SAENZ.";"240700";"HOSPITALIZACIÓN QUIRÚRGICA CIRUGÍA PEDIÁTRICA ";"23";"27";"135";"63";"10";"310";"0"
"2023";"07";"150113";"LIMA";"LIMA";"JESUS MARIA";"SANIDAD DE LA POLICIA NACIONAL DEL PERU";"III-1";"00013591";"HOSPITAL NACIONAL POLICIA NACIONAL DEL PERU GRAL PNP LUIS N. SAENZ.";"240801";"HOSPITALIZACIÓN QUIRÚRGICA CIRUGÍA PLÁSTICA/RECONSTRUCTIVA/ REPARADORA QUEMADOS";"25";"33";"281";"189";"12";"372";"0"
"2023";"07";"150113";"LIMA";"LIMA";"JESUS MARIA";"SANIDAD DE LA POLICIA NACIONAL DEL PERU";"III-1";"00013591";"HOSPITAL NACIONAL POLICIA NACIONAL DEL PERU GRAL PNP LUIS N. SAENZ.";"240900";"HOSPITALIZACIÓN QUIRÚRGICA NEUROCIRUGÍA ";"31";"40";"456";"268";"9";"279";"1"
"2023";"07";"150113";"LIMA";"LIMA";"JESUS MARIA";"SANIDAD DE LA POLICIA NACIONAL DEL PERU";"III-1";"00013591";"HOSPITAL NACIONAL POLICIA NACIONAL DEL PERU GRAL PNP LUIS N. SAENZ.";"241100";"HOSPITALIZACIÓN QUIRÚRGICA OTORRINOLARINGOLOGÍA  ";"14";"15";"42";"11";"8";"248";"0"
"2023";"07";"150113";"LIMA";"LIMA";"JESUS MARIA";"SANIDAD DE LA POLICIA NACIONAL DEL PERU";"III-1";"00013591";"HOSPITAL NACIONAL POLICIA NACIONAL DEL PERU GRAL PNP LUIS N. SAENZ.";"241200";"HOSPITALIZACIÓN QUIRÚRGICA TRAUMATOLOGÍA Y ORTOPEDIA ";"35";"52";"672";"664";"22";"682";"0"
"2023";"07";"150113";"LIMA";"LIMA";"JESUS MARIA";"SANIDAD DE LA POLICIA NACIONAL DEL PERU";"III-1";"00013591";"HOSPITAL NACIONAL POLICIA NACIONAL DEL PERU GRAL PNP LUIS N. SAENZ.";"241300";"HOSPITALIZACIÓN QUIRÚRGICA UROLOGÍA  ";"73";"83";"454";"586";"19";"589";"0"
"2023";"07";"150113";"LIMA";"LIMA";"JESUS MARIA";"SANIDAD DE LA POLICIA NACIONAL DEL PERU";"III-1";"00013591";"HOSPITAL NACIONAL POLICIA NACIONAL DEL PERU GRAL PNP LUIS N. SAENZ.";"241500";"HOSPITALIZACIÓN QUIRÚRGICA GINECOLOGÍA  ";"62";"65";"345";"374";"13";"403";"0"
"2023";"07";"150113";"LIMA";"LIMA";"JESUS MARIA";"SANIDAD DE LA POLICIA NACIONAL DEL PERU";"III-1";"00013591";"HOSPITAL NACIONAL POLICIA NACIONAL DEL PERU GRAL PNP LUIS N. SAENZ.";"241600";"HOSPITALIZACIÓN QUIRÚRGICA OBSTETRICIA   ";"109";"122";"493";"413";"19";"589";"0"
"2023";"07";"150113";"LIMA";"LIMA";"JESUS MARIA";"SANIDAD DE LA POLICIA NACIONAL DEL PERU";"III-1";"00013591";"HOSPITAL NACIONAL POLICIA NACIONAL DEL PERU GRAL PNP LUIS N. SAENZ.";"241900";"HOSPITALIZACIÓN DE MEDICINA MEDICINA INTERNA ";"101";"154";"2302";"2098";"80";"2480";"19"
"2023";"07";"150113";"LIMA";"LIMA";"JESUS MARIA";"SANIDAD DE LA POLICIA NACIONAL DEL PERU";"III-1";"00013591";"HOSPITAL NACIONAL POLICIA NACIONAL DEL PERU GRAL PNP LUIS N. SAENZ.";"242200";"HOSPITALIZACIÓN DE MEDICINA PSIQUIATRÍA ";"4";"12";"191";"144";"16";"496";"0"
"2023";"07";"150113";"LIMA";"LIMA";"JESUS MARIA";"SANIDAD DE LA POLICIA NACIONAL DEL PERU";"III-1";"00013591";"HOSPITAL NACIONAL POLICIA NACIONAL DEL PERU GRAL PNP LUIS N. SAENZ.";"242300";"HOSPITALIZACIÓN DE PEDIATRÍA  PEDIATRÍA  GENERAL ";"60";"76";"543";"505";"25";"775";"0"
"2023";"07";"150113";"LIMA";"LIMA";"JESUS MARIA";"SANIDAD DE LA POLICIA NACIONAL DEL PERU";"III-1";"00013591";"HOSPITAL NACIONAL POLICIA NACIONAL DEL PERU GRAL PNP LUIS N. SAENZ.";"243200";"HOSPITALIZACIÓN DE PEDIATRÍA PEDIATRIA NEONATOLOGÍA";"13";"13";"33";"31";"6";"186";"0"
"2023";"07";"150113";"LIMA";"LIMA";"JESUS MARIA";"SANIDAD DE LA POLICIA NACIONAL DEL PERU";"III-1";"00013591";"HOSPITAL NACIONAL POLICIA NACIONAL DEL PERU GRAL PNP LUIS N. SAENZ.";"244000";"HOSPITALIZACIÓN DE MEDICINA CARDIOLOGIA ";"29";"38";"383";"210";"12";"372";"0"
"2023";"07";"150113";"LIMA";"LIMA";"JESUS MARIA";"SANIDAD DE LA POLICIA NACIONAL DEL PERU";"III-1";"00013591";"HOSPITAL NACIONAL POLICIA NACIONAL DEL PERU GRAL PNP LUIS N. SAENZ.";"245300";"HOSPITALIZACIÓN DE MEDICINA NEUMOLOGÍA  ";"19";"26";"268";"267";"23";"713";"5"
"2023";"07";"150113";"LIMA";"LIMA";"JESUS MARIA";"SANIDAD DE LA POLICIA NACIONAL DEL PERU";"III-1";"00013591";"HOSPITAL NACIONAL POLICIA NACIONAL DEL PERU GRAL PNP LUIS N. SAENZ.";"250100";"UNIDAD DE CUIDADOS CRITICOS UNIDAD  DE CUIDADOS INTENSIVOS GENERALES (UCI) ";"10";"18";"291";"453";"20";"620";"8"
"2023";"01";"150113";"LIMA";"LIMA";"JESUS MARIA";"SANIDAD DE LA POLICIA NACIONAL DEL PERU";"III-1";"00013591";"HOSPITAL NACIONAL POLICIA NACIONAL DEL PERU GRAL PNP LUIS N. SAENZ.";"240100";"HOSPITALIZACIÓN QUIRÚRGICA CIRUGÍA GENERAL ";"128";"149";"1517";"1110";"31";"961";"1"
"2023";"01";"150113";"LIMA";"LIMA";"JESUS MARIA";"SANIDAD DE LA POLICIA NACIONAL DEL PERU";"III-1";"00013591";"HOSPITAL NACIONAL POLICIA NACIONAL DEL PERU GRAL PNP LUIS N. SAENZ.";"240200";"HOSPITALIZACIÓN QUIRÚRGICA CIRUGÍA DE CABEZA Y CUELLO / MÁXILO FACIAL ";"9";"9";"9";"9";"3";"93";"0"
"2023";"01";"150113";"LIMA";"LIMA";"JESUS MARIA";"SANIDAD DE LA POLICIA NACIONAL DEL PERU";"III-1";"00013591";"HOSPITAL NACIONAL POLICIA NACIONAL DEL PERU GRAL PNP LUIS N. SAENZ.";"240400";"HOSPITALIZACIÓN QUIRÚRGICA CIRUGÍA DE TÓRAX Y CARDIOVASCULAR ";"19";"19";"19";"19";"6";"186";"0"
"2023";"01";"150113";"LIMA";"LIMA";"JESUS MARIA";"SANIDAD DE LA POLICIA NACIONAL DEL PERU";"III-1";"00013591";"HOSPITAL NACIONAL POLICIA NACIONAL DEL PERU GRAL PNP LUIS N. SAENZ.";"240600";"HOSPITALIZACIÓN QUIRÚRGICA CIRUGÍA OFTALMOLÓGICA ";"106";"106";"106";"106";"4";"124";"0"
"2023";"01";"150113";"LIMA";"LIMA";"JESUS MARIA";"SANIDAD DE LA POLICIA NACIONAL DEL PERU";"III-1";"00013591";"HOSPITAL NACIONAL POLICIA NACIONAL DEL PERU GRAL PNP LUIS N. SAENZ.";"240700";"HOSPITALIZACIÓN QUIRÚRGICA CIRUGÍA PEDIÁTRICA ";"21";"22";"118";"103";"5";"155";"0"
"2023";"01";"150113";"LIMA";"LIMA";"JESUS MARIA";"SANIDAD DE LA POLICIA NACIONAL DEL PERU";"III-1";"00013591";"HOSPITAL NACIONAL POLICIA NACIONAL DEL PERU GRAL PNP LUIS N. SAENZ.";"240801";"HOSPITALIZACIÓN QUIRÚRGICA CIRUGÍA PLÁSTICA/RECONSTRUCTIVA/ REPARADORA QUEMADOS";"11";"14";"115";"225";"8";"248";"0"
"2023";"01";"150113";"LIMA";"LIMA";"JESUS MARIA";"SANIDAD DE LA POLICIA NACIONAL DEL PERU";"III-1";"00013591";"HOSPITAL NACIONAL POLICIA NACIONAL DEL PERU GRAL PNP LUIS N. SAENZ.";"240900";"HOSPITALIZACIÓN QUIRÚRGICA NEUROCIRUGÍA ";"15";"20";"343";"377";"13";"403";"1"
"2023";"01";"150113";"LIMA";"LIMA";"JESUS MARIA";"SANIDAD DE LA POLICIA NACIONAL DEL PERU";"III-1";"00013591";"HOSPITAL NACIONAL POLICIA NACIONAL DEL PERU GRAL PNP LUIS N. SAENZ.";"241100";"HOSPITALIZACIÓN QUIRÚRGICA OTORRINOLARINGOLOGÍA  ";"21";"21";"26";"109";"8";"248";"0"
"2023";"01";"150113";"LIMA";"LIMA";"JESUS MARIA";"SANIDAD DE LA POLICIA NACIONAL DEL PERU";"III-1";"00013591";"HOSPITAL NACIONAL POLICIA NACIONAL DEL PERU GRAL PNP LUIS N. SAENZ.";"241200";"HOSPITALIZACIÓN QUIRÚRGICA TRAUMATOLOGÍA Y ORTOPEDIA ";"33";"45";"744";"513";"17";"527";"1"
"2023";"01";"150113";"LIMA";"LIMA";"JESUS MARIA";"SANIDAD DE LA POLICIA NACIONAL DEL PERU";"III-1";"00013591";"HOSPITAL NACIONAL POLICIA NACIONAL DEL PERU GRAL PNP LUIS N. SAENZ.";"241300";"HOSPITALIZACIÓN QUIRÚRGICA UROLOGÍA  ";"70";"79";"472";"666";"22";"682";"0"
"2023";"01";"150113";"LIMA";"LIMA";"JESUS MARIA";"SANIDAD DE LA POLICIA NACIONAL DEL PERU";"III-1";"00013591";"HOSPITAL NACIONAL POLICIA NACIONAL DEL PERU GRAL PNP LUIS N. SAENZ.";"241500";"HOSPITALIZACIÓN QUIRÚRGICA GINECOLOGÍA  ";"71";"77";"368";"338";"12";"372";"0"
"2023";"01";"150113";"LIMA";"LIMA";"JESUS MARIA";"SANIDAD DE LA POLICIA NACIONAL DEL PERU";"III-1";"00013591";"HOSPITAL NACIONAL POLICIA NACIONAL DEL PERU GRAL PNP LUIS N. SAENZ.";"241600";"HOSPITALIZACIÓN QUIRÚRGICA OBSTETRICIA   ";"123";"126";"466";"415";"14";"434";"0"
"2023";"01";"150113";"LIMA";"LIMA";"JESUS MARIA";"SANIDAD DE LA POLICIA NACIONAL DEL PERU";"III-1";"00013591";"HOSPITAL NACIONAL POLICIA NACIONAL DEL PERU GRAL PNP LUIS N. SAENZ.";"241900";"HOSPITALIZACIÓN DE MEDICINA MEDICINA INTERNA ";"154";"192";"1943";"1889";"64";"1984";"4"
"2023";"01";"150113";"LIMA";"LIMA";"JESUS MARIA";"SANIDAD DE LA POLICIA NACIONAL DEL PERU";"III-1";"00013591";"HOSPITAL NACIONAL POLICIA NACIONAL DEL PERU GRAL PNP LUIS N. SAENZ.";"242100";"HOSPITALIZACIÓN DE MEDICINA ONCOLOGÍA MÉDICA ";"26";"37";"431";"327";"14";"434";"5"
"2023";"01";"150113";"LIMA";"LIMA";"JESUS MARIA";"SANIDAD DE LA POLICIA NACIONAL DEL PERU";"III-1";"00013591";"HOSPITAL NACIONAL POLICIA NACIONAL DEL PERU GRAL PNP LUIS N. SAENZ.";"242200";"HOSPITALIZACIÓN DE MEDICINA PSIQUIATRÍA ";"3";"7";"156";"148";"16";"496";"0"
"2023";"01";"150113";"LIMA";"LIMA";"JESUS MARIA";"SANIDAD DE LA POLICIA NACIONAL DEL PERU";"III-1";"00013591";"HOSPITAL NACIONAL POLICIA NACIONAL DEL PERU GRAL PNP LUIS N. SAENZ.";"242300";"HOSPITALIZACIÓN DE PEDIATRÍA  PEDIATRÍA  GENERAL ";"43";"49";"344";"326";"25";"775";"0"
"2023";"01";"150113";"LIMA";"LIMA";"JESUS MARIA";"SANIDAD DE LA POLICIA NACIONAL DEL PERU";"III-1";"00013591";"HOSPITAL NACIONAL POLICIA NACIONAL DEL PERU GRAL PNP LUIS N. SAENZ.";"243200";"HOSPITALIZACIÓN DE PEDIATRÍA PEDIATRIA NEONATOLOGÍA";"17";"19";"73";"52";"2";"62";"0"
"2023";"01";"150113";"LIMA";"LIMA";"JESUS MARIA";"SANIDAD DE LA POLICIA NACIONAL DEL PERU";"III-1";"00013591";"HOSPITAL NACIONAL POLICIA NACIONAL DEL PERU GRAL PNP LUIS N. SAENZ.";"244000";"HOSPITALIZACIÓN DE MEDICINA CARDIOLOGIA ";"23";"27";"202";"113";"12";"372";"1"
"2023";"01";"150113";"LIMA";"LIMA";"JESUS MARIA";"SANIDAD DE LA POLICIA NACIONAL DEL PERU";"III-1";"00013591";"HOSPITAL NACIONAL POLICIA NACIONAL DEL PERU GRAL PNP LUIS N. SAENZ.";"245300";"HOSPITALIZACIÓN DE MEDICINA NEUMOLOGÍA  ";"24";"34";"725";"397";"21";"651";"1"
"2023";"01";"150113";"LIMA";"LIMA";"JESUS MARIA";"SANIDAD DE LA POLICIA NACIONAL DEL PERU";"III-1";"00013591";"HOSPITAL NACIONAL POLICIA NACIONAL DEL PERU GRAL PNP LUIS N. SAENZ.";"250100";"UNIDAD DE CUIDADOS CRITICOS UNIDAD  DE CUIDADOS INTENSIVOS GENERALES (UCI) ";"10";"19";"317";"469";"16";"496";"9"
"2023";"10";"021501";"ANCASH";"PALLASCA";"CABANA";"ESSALUD";"I-2";"00009924";"POSTA MEDICA CABANA";"NE_0001";"";"NE_0001";"NE_0001";"NE_0001";"NE_0001";"NE_0001";"NE_0001";"NE_0001"
"2023";"02";"040807";"AREQUIPA";"LA UNION";"QUECHUALLA";"GOBIERNO REGIONAL";"I-1";"00001468";"PUESTO DE SALUD VELINGA";"NE_0001";"";"NE_0001";"NE_0001";"NE_0001";"NE_0001";"NE_0001";"NE_0001";"NE_0001"
"2023";"02";"040803";"AREQUIPA";"LA UNION";"CHARCANA";"GOBIERNO REGIONAL";"I-2";"00001467";"PUESTO DE SALUD CHARCANA";"NE_0001";"";"NE_0001";"NE_0001";"NE_0001";"NE_0001";"NE_0001";"NE_0001";"NE_0001"
"2023";"02";"040803";"AREQUIPA";"LA UNION";"CHARCANA";"GOBIERNO REGIONAL";"I-2";"00001466";"PUESTO DE SALUD ANDAMARCA";"NE_0001";"";"NE_0001";"NE_0001";"NE_0001";"NE_0001";"NE_0001";"NE_0001";"NE_0001"
"2023";"02";"040805";"AREQUIPA";"LA UNION";"PAMPAMARCA";"GOBIERNO REGIONAL";"I-2";"00001462";"PUESTO DE SALUD PAMPAMARCA";"NE_0001";"";"NE_0001";"NE_0001";"NE_0001";"NE_0001";"NE_0001";"NE_0001";"NE_0001"
"2023";"02";"040805";"AREQUIPA";"LA UNION";"PAMPAMARCA";"GOBIERNO REGIONAL";"I-1";"00001460";"PUESTO DE SALUD MUNGUI";"NE_0001";"";"NE_0001";"NE_0001";"NE_0001";"NE_0001";"NE_0001";"NE_0001";"NE_0001"
"2023";"02";"040805";"AREQUIPA";"LA UNION";"PAMPAMARCA";"GOBIERNO REGIONAL";"I-2";"00001459";"PUESTO DE SALUD HUARHUA";"NE_0001";"";"NE_0001";"NE_0001";"NE_0001";"NE_0001";"NE_0001";"NE_0001";"NE_0001"
"2023";"02";"040811";"AREQUIPA";"LA UNION";"TORO";"GOBIERNO REGIONAL";"I-2";"00001458";"PUESTO DE SALUD CASPI";"NE_0001";"";"NE_0001";"NE_0001";"NE_0001";"NE_0001";"NE_0001";"NE_0001";"NE_0001"
"2023";"02";"040811";"AREQUIPA";"LA UNION";"TORO";"GOBIERNO REGIONAL";"I-2";"00001457";"PUESTO DE SALUD TORO";"NE_0001";"";"NE_0001";"NE_0001";"NE_0001";"NE_0001";"NE_0001";"NE_0001";"NE_0001"
"2023";"02";"040810";"AREQUIPA";"LA UNION";"TOMEPAMPA";"GOBIERNO REGIONAL";"I-2";"00001456";"PUESTO DE SALUD TOMEPAMPA";"NE_0001";"";"NE_0001";"NE_0001";"NE_0001";"NE_0001";"NE_0001";"NE_0001";"NE_0001"
"2023";"02";"040801";"AREQUIPA";"LA UNION";"COTAHUASI";"GOBIERNO REGIONAL";"I-4";"00001455";"CENTRO DE SALUD COTAHUASI";"241800";"HOSPITALIZACIÓN DE MEDICINA MEDICINA GENERAL ";"11";"11";"32";"33";"17";"476";"0"
"2023";"02";"060101";"CAJAMARCA";"CAJAMARCA";"CAJAMARCA";"GOBIERNO REGIONAL";"I-3";"00027069";"CENTRO DE SALUD MENTAL COMUNITARIO ""ESPERANZA DE VIDA""";"NE_0001";"";"NE_0001";"NE_0001";"NE_0001";"NE_0001";"NE_0001";"NE_0001";"NE_0001"
"2023";"04";"150113";"LIMA";"LIMA";"JESUS MARIA";"SANIDAD DE LA POLICIA NACIONAL DEL PERU";"III-1";"00013591";"HOSPITAL NACIONAL POLICIA NACIONAL DEL PERU GRAL PNP LUIS N. SAENZ.";"240100";"HOSPITALIZACIÓN QUIRÚRGICA CIRUGÍA GENERAL ";"125";"157";"1086";"1026";"35";"1050";"0"
"2023";"04";"150113";"LIMA";"LIMA";"JESUS MARIA";"SANIDAD DE LA POLICIA NACIONAL DEL PERU";"III-1";"00013591";"HOSPITAL NACIONAL POLICIA NACIONAL DEL PERU GRAL PNP LUIS N. SAENZ.";"240200";"HOSPITALIZACIÓN QUIRÚRGICA CIRUGÍA DE CABEZA Y CUELLO / MÁXILO FACIAL ";"2";"2";"2";"6";"3";"90";"0"
"2023";"04";"150113";"LIMA";"LIMA";"JESUS MARIA";"SANIDAD DE LA POLICIA NACIONAL DEL PERU";"III-1";"00013591";"HOSPITAL NACIONAL POLICIA NACIONAL DEL PERU GRAL PNP LUIS N. SAENZ.";"240400";"HOSPITALIZACIÓN QUIRÚRGICA CIRUGÍA DE TÓRAX Y CARDIOVASCULAR ";"8";"8";"8";"88";"6";"180";"0"
"2023";"04";"150113";"LIMA";"LIMA";"JESUS MARIA";"SANIDAD DE LA POLICIA NACIONAL DEL PERU";"III-1";"00013591";"HOSPITAL NACIONAL POLICIA NACIONAL DEL PERU GRAL PNP LUIS N. SAENZ.";"240600";"HOSPITALIZACIÓN QUIRÚRGICA CIRUGÍA OFTALMOLÓGICA ";"85";"85";"85";"85";"4";"120";"0"
"2023";"04";"150113";"LIMA";"LIMA";"JESUS MARIA";"SANIDAD DE LA POLICIA NACIONAL DEL PERU";"III-1";"00013591";"HOSPITAL NACIONAL POLICIA NACIONAL DEL PERU GRAL PNP LUIS N. SAENZ.";"240700";"HOSPITALIZACIÓN QUIRÚRGICA CIRUGÍA PEDIÁTRICA ";"14";"18";"93";"74";"10";"300";"0"
"2023";"04";"150113";"LIMA";"LIMA";"JESUS MARIA";"SANIDAD DE LA POLICIA NACIONAL DEL PERU";"III-1";"00013591";"HOSPITAL NACIONAL POLICIA NACIONAL DEL PERU GRAL PNP LUIS N. SAENZ.";"240801";"HOSPITALIZACIÓN QUIRÚRGICA CIRUGÍA PLÁSTICA/RECONSTRUCTIVA/ REPARADORA QUEMADOS";"11";"15";"312";"153";"12";"360";"0"
"2023";"04";"150113";"LIMA";"LIMA";"JESUS MARIA";"SANIDAD DE LA POLICIA NACIONAL DEL PERU";"III-1";"00013591";"HOSPITAL NACIONAL POLICIA NACIONAL DEL PERU GRAL PNP LUIS N. SAENZ.";"240900";"HOSPITALIZACIÓN QUIRÚRGICA NEUROCIRUGÍA ";"13";"23";"475";"117";"9";"270";"0"
"2023";"04";"150113";"LIMA";"LIMA";"JESUS MARIA";"SANIDAD DE LA POLICIA NACIONAL DEL PERU";"III-1";"00013591";"HOSPITAL NACIONAL POLICIA NACIONAL DEL PERU GRAL PNP LUIS N. SAENZ.";"241100";"HOSPITALIZACIÓN QUIRÚRGICA OTORRINOLARINGOLOGÍA  ";"12";"18";"65";"25";"8";"240";"0"
"2023";"04";"150113";"LIMA";"LIMA";"JESUS MARIA";"SANIDAD DE LA POLICIA NACIONAL DEL PERU";"III-1";"00013591";"HOSPITAL NACIONAL POLICIA NACIONAL DEL PERU GRAL PNP LUIS N. SAENZ.";"241200";"HOSPITALIZACIÓN QUIRÚRGICA TRAUMATOLOGÍA Y ORTOPEDIA ";"36";"46";"644";"639";"22";"660";"0"
"2023";"04";"150113";"LIMA";"LIMA";"JESUS MARIA";"SANIDAD DE LA POLICIA NACIONAL DEL PERU";"III-1";"00013591";"HOSPITAL NACIONAL POLICIA NACIONAL DEL PERU GRAL PNP LUIS N. SAENZ.";"241300";"HOSPITALIZACIÓN QUIRÚRGICA UROLOGÍA  ";"84";"104";"746";"686";"25";"750";"1"
"2023";"04";"150113";"LIMA";"LIMA";"JESUS MARIA";"SANIDAD DE LA POLICIA NACIONAL DEL PERU";"III-1";"00013591";"HOSPITAL NACIONAL POLICIA NACIONAL DEL PERU GRAL PNP LUIS N. SAENZ.";"241500";"HOSPITALIZACIÓN QUIRÚRGICA GINECOLOGÍA  ";"57";"66";"383";"421";"15";"450";"0"
"2023";"04";"150113";"LIMA";"LIMA";"JESUS MARIA";"SANIDAD DE LA POLICIA NACIONAL DEL PERU";"III-1";"00013591";"HOSPITAL NACIONAL POLICIA NACIONAL DEL PERU GRAL PNP LUIS N. SAENZ.";"241600";"HOSPITALIZACIÓN QUIRÚRGICA OBSTETRICIA   ";"126";"142";"624";"586";"21";"630";"0"
"2023";"04";"150113";"LIMA";"LIMA";"JESUS MARIA";"SANIDAD DE LA POLICIA NACIONAL DEL PERU";"III-1";"00013591";"HOSPITAL NACIONAL POLICIA NACIONAL DEL PERU GRAL PNP LUIS N. SAENZ.";"241900";"HOSPITALIZACIÓN DE MEDICINA MEDICINA INTERNA ";"42";"83";"1512";"2074";"70";"2100";"7"
"2023";"04";"150113";"LIMA";"LIMA";"JESUS MARIA";"SANIDAD DE LA POLICIA NACIONAL DEL PERU";"III-1";"00013591";"HOSPITAL NACIONAL POLICIA NACIONAL DEL PERU GRAL PNP LUIS N. SAENZ.";"242100";"HOSPITALIZACIÓN DE MEDICINA ONCOLOGÍA MÉDICA ";"29";"36";"364";"179";"15";"450";"3"
"2023";"04";"150113";"LIMA";"LIMA";"JESUS MARIA";"SANIDAD DE LA POLICIA NACIONAL DEL PERU";"III-1";"00013591";"HOSPITAL NACIONAL POLICIA NACIONAL DEL PERU GRAL PNP LUIS N. SAENZ.";"242200";"HOSPITALIZACIÓN DE MEDICINA PSIQUIATRÍA ";"3";"10";"142";"176";"16";"480";"0"
"2023";"04";"150113";"LIMA";"LIMA";"JESUS MARIA";"SANIDAD DE LA POLICIA NACIONAL DEL PERU";"III-1";"00013591";"HOSPITAL NACIONAL POLICIA NACIONAL DEL PERU GRAL PNP LUIS N. SAENZ.";"242300";"HOSPITALIZACIÓN DE PEDIATRÍA  PEDIATRÍA  GENERAL ";"56";"66";"460";"468";"25";"750";"0"
"2023";"04";"150113";"LIMA";"LIMA";"JESUS MARIA";"SANIDAD DE LA POLICIA NACIONAL DEL PERU";"III-1";"00013591";"HOSPITAL NACIONAL POLICIA NACIONAL DEL PERU GRAL PNP LUIS N. SAENZ.";"243200";"HOSPITALIZACIÓN DE PEDIATRÍA PEDIATRIA NEONATOLOGÍA";"20";"22";"106";"95";"6";"180";"0"
"2023";"04";"150113";"LIMA";"LIMA";"JESUS MARIA";"SANIDAD DE LA POLICIA NACIONAL DEL PERU";"III-1";"00013591";"HOSPITAL NACIONAL POLICIA NACIONAL DEL PERU GRAL PNP LUIS N. SAENZ.";"244000";"HOSPITALIZACIÓN DE MEDICINA CARDIOLOGIA ";"29";"36";"230";"216";"12";"360";"0"
"2023";"04";"150113";"LIMA";"LIMA";"JESUS MARIA";"SANIDAD DE LA POLICIA NACIONAL DEL PERU";"III-1";"00013591";"HOSPITAL NACIONAL POLICIA NACIONAL DEL PERU GRAL PNP LUIS N. SAENZ.";"244600";"HOSPITALIZACIÓN DE MEDICINA NEFROLOGIA ";"0";"1";"5";"5";"1";"30";"0"
"2023";"04";"150113";"LIMA";"LIMA";"JESUS MARIA";"SANIDAD DE LA POLICIA NACIONAL DEL PERU";"III-1";"00013591";"HOSPITAL NACIONAL POLICIA NACIONAL DEL PERU GRAL PNP LUIS N. SAENZ.";"245300";"HOSPITALIZACIÓN DE MEDICINA NEUMOLOGÍA  ";"22";"35";"426";"426";"23";"690";"1"
"2023";"04";"150113";"LIMA";"LIMA";"JESUS MARIA";"SANIDAD DE LA POLICIA NACIONAL DEL PERU";"III-1";"00013591";"HOSPITAL NACIONAL POLICIA NACIONAL DEL PERU GRAL PNP LUIS N. SAENZ.";"250100";"UNIDAD DE CUIDADOS CRITICOS UNIDAD  DE CUIDADOS INTENSIVOS GENERALES (UCI) ";"10";"21";"672";"400";"20";"600";"8"
"2023";"11";"110101";"ICA";"ICA";"ICA";"PRIVADO";"I-3";"00028251";"EL GALENO";"NE_0001";"";"NE_0001";"NE_0001";"NE_0001";"NE_0001";"NE_0001";"NE_0001";"NE_0001"
"2023";"12";"110101";"ICA";"ICA";"ICA";"PRIVADO";"I-3";"00028251";"EL GALENO";"NE_0001";"";"NE_0001";"NE_0001";"NE_0001";"NE_0001";"NE_0001";"NE_0001";"NE_0001"
"2023";"11";"200101";"PIURA";"PIURA";"PIURA";"PRIVADO";"I-3";"00024833";"MEDITRAN PERU EIRL";"NE_0001";"";"NE_0001";"NE_0001";"NE_0001";"NE_0001";"NE_0001";"NE_0001";"NE_0001"
"2023";"12";"200101";"PIURA";"PIURA";"PIURA";"PRIVADO";"I-3";"00024833";"MEDITRAN PERU EIRL";"NE_0001";"";"NE_0001";"NE_0001";"NE_0001";"NE_0001";"NE_0001";"NE_0001";"NE_0001"
"2023";"12";"130101";"LA LIBERTAD";"TRUJILLO";"TRUJILLO";"PRIVADO";"I-3";"00027028";"EL GALENO DE ICA";"NE_0001";"";"NE_0001";"NE_0001";"NE_0001";"NE_0001";"NE_0001";"NE_0001";"NE_0001"
"2023";"11";"130101";"LA LIBERTAD";"TRUJILLO";"TRUJILLO";"PRIVADO";"I-3";"00027028";"EL GALENO DE ICA";"NE_0001";"";"NE_0001";"NE_0001";"NE_0001";"NE_0001";"NE_0001";"NE_0001";"NE_0001"
"2023";"12";"040809";"AREQUIPA";"LA UNION";"TAURIA";"GOBIERNO REGIONAL";"I-2";"00001470";"PUESTO DE SALUD TAURIA";"NE_0001";"";"NE_0001";"NE_0001";"NE_0001";"NE_0001";"NE_0001";"NE_0001";"NE_0001"
"2023";"12";"040808";"AREQUIPA";"LA UNION";"SAYLA";"GOBIERNO REGIONAL";"I-2";"00001469";"PUESTO DE SALUD SAYLA";"NE_0001";"";"NE_0001";"NE_0001";"NE_0001";"NE_0001";"NE_0001";"NE_0001";"NE_0001"
"2023";"12";"040807";"AREQUIPA";"LA UNION";"QUECHUALLA";"GOBIERNO REGIONAL";"I-1";"00001468";"PUESTO DE SALUD VELINGA";"NE_0001";"";"NE_0001";"NE_0001";"NE_0001";"NE_0001";"NE_0001";"NE_0001";"NE_0001"
"2023";"12";"040803";"AREQUIPA";"LA UNION";"CHARCANA";"GOBIERNO REGIONAL";"I-2";"00001467";"PUESTO DE SALUD CHARCANA";"NE_0001";"";"NE_0001";"NE_0001";"NE_0001";"NE_0001";"NE_0001";"NE_0001";"NE_0001"
"2023";"12";"040805";"AREQUIPA";"LA UNION";"PAMPAMARCA";"GOBIERNO REGIONAL";"I-1";"00001460";"PUESTO DE SALUD MUNGUI";"NE_0001";"";"NE_0001";"NE_0001";"NE_0001";"NE_0001";"NE_0001";"NE_0001";"NE_0001"
"2023";"12";"040805";"AREQUIPA";"LA UNION";"PAMPAMARCA";"GOBIERNO REGIONAL";"I-2";"00001459";"PUESTO DE SALUD HUARHUA";"NE_0001";"";"NE_0001";"NE_0001";"NE_0001";"NE_0001";"NE_0001";"NE_0001";"NE_0001"
"2023";"12";"040811";"AREQUIPA";"LA UNION";"TORO";"GOBIERNO REGIONAL";"I-2";"00001458";"PUESTO DE SALUD CASPI";"NE_0001";"";"NE_0001";"NE_0001";"NE_0001";"NE_0001";"NE_0001";"NE_0001";"NE_0001"
"2023";"07";"021503";"ANCASH";"PALLASCA";"CONCHUCOS";"ESSALUD";"I-2";"00009201";"POSTA MEDICA CONCHUCOS";"NE_0001";"";"NE_0001";"NE_0001";"NE_0001";"NE_0001";"NE_0001";"NE_0001";"NE_0001"
"2023";"08";"021503";"ANCASH";"PALLASCA";"CONCHUCOS";"ESSALUD";"I-2";"00009201";"POSTA MEDICA CONCHUCOS";"NE_0001";"";"NE_0001";"NE_0001";"NE_0001";"NE_0001";"NE_0001";"NE_0001";"NE_0001"
"2023";"12";"150143";"LIMA";"LIMA";"VILLA MARIA DEL TRIUNFO";"PRIVADO";"II-1";"00017824";"CLINICA MARIA HUARHUA E.I.R.L";"241600";"HOSPITALIZACIÓN QUIRÚRGICA OBSTETRICIA   ";"4";"4";"8";"8";"10";"12";"0"
"2023";"05";"050304";"AYACUCHO";"HUANCA SANCOS";"SANTIAGO DE LUCANAMARCA";"GOBIERNO REGIONAL";"I-1";"00027581";"PUESTO DE SALUD SAN ANTONIO DE JULO";"NE_0001";"";"NE_0001";"NE_0001";"NE_0001";"NE_0001";"NE_0001";"NE_0001";"NE_0001"
"2023";"05";"050304";"AYACUCHO";"HUANCA SANCOS";"SANTIAGO DE LUCANAMARCA";"GOBIERNO REGIONAL";"I-1";"00011458";"PUESTO DE SALUD SAN MARTIN DE TIO PAMPA";"NE_0001";"";"NE_0001";"NE_0001";"NE_0001";"NE_0001";"NE_0001";"NE_0001";"NE_0001"
"2023";"05";"050304";"AYACUCHO";"HUANCA SANCOS";"SANTIAGO DE LUCANAMARCA";"GOBIERNO REGIONAL";"I-2";"00003646";"PUESTO DE SALUD SAN JOSE DE HUARCAYA";"NE_0001";"";"NE_0001";"NE_0001";"NE_0001";"NE_0001";"NE_0001";"NE_0001";"NE_0001"
"2023";"05";"050304";"AYACUCHO";"HUANCA SANCOS";"SANTIAGO DE LUCANAMARCA";"GOBIERNO REGIONAL";"I-1";"00003645";"PUESTO DE SALUD SANTA ROSA COCHAS";"NE_0001";"";"NE_0001";"NE_0001";"NE_0001";"NE_0001";"NE_0001";"NE_0001";"NE_0001"
"2023";"05";"050304";"AYACUCHO";"HUANCA SANCOS";"SANTIAGO DE LUCANAMARCA";"GOBIERNO REGIONAL";"I-2";"00003644";"PUESTO DE SALUD LUCANAMARCA";"NE_0001";"";"NE_0001";"NE_0001";"NE_0001";"NE_0001";"NE_0001";"NE_0001";"NE_0001"
"2023";"05";"050303";"AYACUCHO";"HUANCA SANCOS";"SACSAMARCA";"GOBIERNO REGIONAL";"I-2";"00003643";"PUESTO DE SALUD SACSAMARCA";"NE_0001";"";"NE_0001";"NE_0001";"NE_0001";"NE_0001";"NE_0001";"NE_0001";"NE_0001"
"2023";"05";"050303";"AYACUCHO";"HUANCA SANCOS";"SACSAMARCA";"GOBIERNO REGIONAL";"I-1";"00003642";"PUESTO DE SALUD PALLCA";"NE_0001";"";"NE_0001";"NE_0001";"NE_0001";"NE_0001";"NE_0001";"NE_0001";"NE_0001"
"2023";"05";"050302";"AYACUCHO";"HUANCA SANCOS";"CARAPO";"GOBIERNO REGIONAL";"I-2";"00003641";"PUESTO DE SALUD CARAPO";"NE_0001";"";"NE_0001";"NE_0001";"NE_0001";"NE_0001";"NE_0001";"NE_0001";"NE_0001"
"2023";"05";"050304";"AYACUCHO";"HUANCA SANCOS";"SANTIAGO DE LUCANAMARCA";"GOBIERNO REGIONAL";"I-1";"00027581";"PUESTO DE SALUD SAN ANTONIO DE JULO";"NE_0001";"";"NE_0001";"NE_0001";"NE_0001";"NE_0001";"NE_0001";"NE_0001";"NE_0001"
"2023";"05";"050304";"AYACUCHO";"HUANCA SANCOS";"SANTIAGO DE LUCANAMARCA";"GOBIERNO REGIONAL";"I-1";"00011458";"PUESTO DE SALUD SAN MARTIN DE TIO PAMPA";"NE_0001";"";"NE_0001";"NE_0001";"NE_0001";"NE_0001";"NE_0001";"NE_0001";"NE_0001"
"2023";"02";"150113";"LIMA";"LIMA";"JESUS MARIA";"SANIDAD DE LA POLICIA NACIONAL DEL PERU";"III-1";"00013591";"HOSPITAL NACIONAL POLICIA NACIONAL DEL PERU GRAL PNP LUIS N. SAENZ.";"240100";"HOSPITALIZACIÓN QUIRÚRGICA CIRUGÍA GENERAL ";"104";"143";"1365";"1009";"37";"1036";"2"
"2023";"02";"150113";"LIMA";"LIMA";"JESUS MARIA";"SANIDAD DE LA POLICIA NACIONAL DEL PERU";"III-1";"00013591";"HOSPITAL NACIONAL POLICIA NACIONAL DEL PERU GRAL PNP LUIS N. SAENZ.";"240200";"HOSPITALIZACIÓN QUIRÚRGICA CIRUGÍA DE CABEZA Y CUELLO / MÁXILO FACIAL ";"4";"4";"4";"4";"1";"28";"0"
"2023";"02";"150113";"LIMA";"LIMA";"JESUS MARIA";"SANIDAD DE LA POLICIA NACIONAL DEL PERU";"III-1";"00013591";"HOSPITAL NACIONAL POLICIA NACIONAL DEL PERU GRAL PNP LUIS N. SAENZ.";"240400";"HOSPITALIZACIÓN QUIRÚRGICA CIRUGÍA DE TÓRAX Y CARDIOVASCULAR ";"11";"11";"11";"11";"2";"56";"0"
"2023";"02";"150113";"LIMA";"LIMA";"JESUS MARIA";"SANIDAD DE LA POLICIA NACIONAL DEL PERU";"III-1";"00013591";"HOSPITAL NACIONAL POLICIA NACIONAL DEL PERU GRAL PNP LUIS N. SAENZ.";"240600";"HOSPITALIZACIÓN QUIRÚRGICA CIRUGÍA OFTALMOLÓGICA ";"94";"94";"94";"94";"4";"112";"0"
"2023";"02";"150113";"LIMA";"LIMA";"JESUS MARIA";"SANIDAD DE LA POLICIA NACIONAL DEL PERU";"III-1";"00013591";"HOSPITAL NACIONAL POLICIA NACIONAL DEL PERU GRAL PNP LUIS N. SAENZ.";"240700";"HOSPITALIZACIÓN QUIRÚRGICA CIRUGÍA PEDIÁTRICA ";"27";"30";"117";"84";"8";"224";"0"
"2023";"02";"150113";"LIMA";"LIMA";"JESUS MARIA";"SANIDAD DE LA POLICIA NACIONAL DEL PERU";"III-1";"00013591";"HOSPITAL NACIONAL POLICIA NACIONAL DEL PERU GRAL PNP LUIS N. SAENZ.";"240801";"HOSPITALIZACIÓN QUIRÚRGICA CIRUGÍA PLÁSTICA/RECONSTRUCTIVA/ REPARADORA QUEMADOS";"5";"12";"233";"241";"12";"336";"0"
"2023";"02";"150113";"LIMA";"LIMA";"JESUS MARIA";"SANIDAD DE LA POLICIA NACIONAL DEL PERU";"III-1";"00013591";"HOSPITAL NACIONAL POLICIA NACIONAL DEL PERU GRAL PNP LUIS N. SAENZ.";"240900";"HOSPITALIZACIÓN QUIRÚRGICA NEUROCIRUGÍA ";"9";"17";"244";"328";"12";"336";"1"
"2023";"02";"150113";"LIMA";"LIMA";"JESUS MARIA";"SANIDAD DE LA POLICIA NACIONAL DEL PERU";"III-1";"00013591";"HOSPITAL NACIONAL POLICIA NACIONAL DEL PERU GRAL PNP LUIS N. SAENZ.";"241100";"HOSPITALIZACIÓN QUIRÚRGICA OTORRINOLARINGOLOGÍA  ";"11";"22";"168";"168";"8";"224";"0"
"2023";"02";"150113";"LIMA";"LIMA";"JESUS MARIA";"SANIDAD DE LA POLICIA NACIONAL DEL PERU";"III-1";"00013591";"HOSPITAL NACIONAL POLICIA NACIONAL DEL PERU GRAL PNP LUIS N. SAENZ.";"241200";"HOSPITALIZACIÓN QUIRÚRGICA TRAUMATOLOGÍA Y ORTOPEDIA ";"23";"37";"563";"414";"16";"448";"0"
"2023";"02";"150113";"LIMA";"LIMA";"JESUS MARIA";"SANIDAD DE LA POLICIA NACIONAL DEL PERU";"III-1";"00013591";"HOSPITAL NACIONAL POLICIA NACIONAL DEL PERU GRAL PNP LUIS N. SAENZ.";"241300";"HOSPITALIZACIÓN QUIRÚRGICA UROLOGÍA  ";"46";"66";"512";"657";"25";"700";"0"
"2023";"02";"150113";"LIMA";"LIMA";"JESUS MARIA";"SANIDAD DE LA POLICIA NACIONAL DEL PERU";"III-1";"00013591";"HOSPITAL NACIONAL POLICIA NACIONAL DEL PERU GRAL PNP LUIS N. SAENZ.";"241500";"HOSPITALIZACIÓN QUIRÚRGICA GINECOLOGÍA  ";"50";"60";"294";"300";"11";"308";"0"
"2023";"02";"150113";"LIMA";"LIMA";"JESUS MARIA";"SANIDAD DE LA POLICIA NACIONAL DEL PERU";"III-1";"00013591";"HOSPITAL NACIONAL POLICIA NACIONAL DEL PERU GRAL PNP LUIS N. SAENZ.";"241600";"HOSPITALIZACIÓN QUIRÚRGICA OBSTETRICIA   ";"126";"134";"571";"503";"19";"532";"1"
"2023";"02";"150113";"LIMA";"LIMA";"JESUS MARIA";"SANIDAD DE LA POLICIA NACIONAL DEL PERU";"III-1";"00013591";"HOSPITAL NACIONAL POLICIA NACIONAL DEL PERU GRAL PNP LUIS N. SAENZ.";"241900";"HOSPITALIZACIÓN DE MEDICINA MEDICINA INTERNA ";"54";"97";"1441";"1694";"64";"1792";"6"
"2023";"02";"150113";"LIMA";"LIMA";"JESUS MARIA";"SANIDAD DE LA POLICIA NACIONAL DEL PERU";"III-1";"00013591";"HOSPITAL NACIONAL POLICIA NACIONAL DEL PERU GRAL PNP LUIS N. SAENZ.";"242100";"HOSPITALIZACIÓN DE MEDICINA ONCOLOGÍA MÉDICA ";"24";"39";"550";"258";"20";"560";"3"
"2023";"02";"150113";"LIMA";"LIMA";"JESUS MARIA";"SANIDAD DE LA POLICIA NACIONAL DEL PERU";"III-1";"00013591";"HOSPITAL NACIONAL POLICIA NACIONAL DEL PERU GRAL PNP LUIS N. SAENZ.";"242200";"HOSPITALIZACIÓN DE MEDICINA PSIQUIATRÍA ";"4";"6";"77";"129";"16";"448";"0"
"2023";"02";"150113";"LIMA";"LIMA";"JESUS MARIA";"SANIDAD DE LA POLICIA NACIONAL DEL PERU";"III-1";"00013591";"HOSPITAL NACIONAL POLICIA NACIONAL DEL PERU GRAL PNP LUIS N. SAENZ.";"242300";"HOSPITALIZACIÓN DE PEDIATRÍA  PEDIATRÍA  GENERAL ";"36";"37";"235";"382";"19";"532";"0"
"2023";"02";"150113";"LIMA";"LIMA";"JESUS MARIA";"SANIDAD DE LA POLICIA NACIONAL DEL PERU";"III-1";"00013591";"HOSPITAL NACIONAL POLICIA NACIONAL DEL PERU GRAL PNP LUIS N. SAENZ.";"243200";"HOSPITALIZACIÓN DE PEDIATRÍA PEDIATRIA NEONATOLOGÍA";"22";"23";"110";"89";"6";"168";"0"
"2023";"02";"150113";"LIMA";"LIMA";"JESUS MARIA";"SANIDAD DE LA POLICIA NACIONAL DEL PERU";"III-1";"00013591";"HOSPITAL NACIONAL POLICIA NACIONAL DEL PERU GRAL PNP LUIS N. SAENZ.";"244000";"HOSPITALIZACIÓN DE MEDICINA CARDIOLOGIA ";"21";"26";"157";"92";"5";"140";"1"
"2023";"02";"150113";"LIMA";"LIMA";"JESUS MARIA";"SANIDAD DE LA POLICIA NACIONAL DEL PERU";"III-1";"00013591";"HOSPITAL NACIONAL POLICIA NACIONAL DEL PERU GRAL PNP LUIS N. SAENZ.";"244600";"HOSPITALIZACIÓN DE MEDICINA NEFROLOGIA ";"1";"2";"58";"88";"4";"112";"0"
"2023";"02";"150113";"LIMA";"LIMA";"JESUS MARIA";"SANIDAD DE LA POLICIA NACIONAL DEL PERU";"III-1";"00013591";"HOSPITAL NACIONAL POLICIA NACIONAL DEL PERU GRAL PNP LUIS N. SAENZ.";"245300";"HOSPITALIZACIÓN DE MEDICINA NEUMOLOGÍA  ";"22";"33";"428";"349";"25";"700";"0"
"2023";"02";"150113";"LIMA";"LIMA";"JESUS MARIA";"SANIDAD DE LA POLICIA NACIONAL DEL PERU";"III-1";"00013591";"HOSPITAL NACIONAL POLICIA NACIONAL DEL PERU GRAL PNP LUIS N. SAENZ.";"250100";"UNIDAD DE CUIDADOS CRITICOS UNIDAD  DE CUIDADOS INTENSIVOS GENERALES (UCI) ";"3";"8";"524";"487";"20";"560";"7"
"2023";"09";"150113";"LIMA";"LIMA";"JESUS MARIA";"SANIDAD DE LA POLICIA NACIONAL DEL PERU";"III-1";"00013591";"HOSPITAL NACIONAL POLICIA NACIONAL DEL PERU GRAL PNP LUIS N. SAENZ.";"240100";"HOSPITALIZACIÓN QUIRÚRGICA CIRUGÍA GENERAL ";"100";"129";"1067";"775";"26";"780";"0"
"2023";"09";"150113";"LIMA";"LIMA";"JESUS MARIA";"SANIDAD DE LA POLICIA NACIONAL DEL PERU";"III-1";"00013591";"HOSPITAL NACIONAL POLICIA NACIONAL DEL PERU GRAL PNP LUIS N. SAENZ.";"240200";"HOSPITALIZACIÓN QUIRÚRGICA CIRUGÍA DE CABEZA Y CUELLO / MÁXILO FACIAL ";"21";"25";"169";"171";"6";"180";"0"
"2023";"09";"150113";"LIMA";"LIMA";"JESUS MARIA";"SANIDAD DE LA POLICIA NACIONAL DEL PERU";"III-1";"00013591";"HOSPITAL NACIONAL POLICIA NACIONAL DEL PERU GRAL PNP LUIS N. SAENZ.";"240400";"HOSPITALIZACIÓN QUIRÚRGICA CIRUGÍA DE TÓRAX Y CARDIOVASCULAR ";"9";"10";"29";"19";"6";"180";"0"
"2023";"09";"150113";"LIMA";"LIMA";"JESUS MARIA";"SANIDAD DE LA POLICIA NACIONAL DEL PERU";"III-1";"00013591";"HOSPITAL NACIONAL POLICIA NACIONAL DEL PERU GRAL PNP LUIS N. SAENZ.";"240600";"HOSPITALIZACIÓN QUIRÚRGICA CIRUGÍA OFTALMOLÓGICA ";"117";"117";"145";"28";"4";"120";"0"
"2023";"09";"150113";"LIMA";"LIMA";"JESUS MARIA";"SANIDAD DE LA POLICIA NACIONAL DEL PERU";"III-1";"00013591";"HOSPITAL NACIONAL POLICIA NACIONAL DEL PERU GRAL PNP LUIS N. SAENZ.";"240700";"HOSPITALIZACIÓN QUIRÚRGICA CIRUGÍA PEDIÁTRICA ";"15";"16";"68";"56";"10";"300";"0"
"2023";"09";"150113";"LIMA";"LIMA";"JESUS MARIA";"SANIDAD DE LA POLICIA NACIONAL DEL PERU";"III-1";"00013591";"HOSPITAL NACIONAL POLICIA NACIONAL DEL PERU GRAL PNP LUIS N. SAENZ.";"240801";"HOSPITALIZACIÓN QUIRÚRGICA CIRUGÍA PLÁSTICA/RECONSTRUCTIVA/ REPARADORA QUEMADOS";"19";"26";"216";"225";"12";"360";"0"
"2023";"09";"150113";"LIMA";"LIMA";"JESUS MARIA";"SANIDAD DE LA POLICIA NACIONAL DEL PERU";"III-1";"00013591";"HOSPITAL NACIONAL POLICIA NACIONAL DEL PERU GRAL PNP LUIS N. SAENZ.";"240900";"HOSPITALIZACIÓN QUIRÚRGICA NEUROCIRUGÍA ";"14";"20";"240";"171";"9";"270";"1"
"2023";"09";"150113";"LIMA";"LIMA";"JESUS MARIA";"SANIDAD DE LA POLICIA NACIONAL DEL PERU";"III-1";"00013591";"HOSPITAL NACIONAL POLICIA NACIONAL DEL PERU GRAL PNP LUIS N. SAENZ.";"241100";"HOSPITALIZACIÓN QUIRÚRGICA OTORRINOLARINGOLOGÍA  ";"11";"11";"18";"36";"8";"240";"0"
"2023";"09";"150113";"LIMA";"LIMA";"JESUS MARIA";"SANIDAD DE LA POLICIA NACIONAL DEL PERU";"III-1";"00013591";"HOSPITAL NACIONAL POLICIA NACIONAL DEL PERU GRAL PNP LUIS N. SAENZ.";"241200";"HOSPITALIZACIÓN QUIRÚRGICA TRAUMATOLOGÍA Y ORTOPEDIA ";"56";"82";"980";"433";"16";"480";"1"
"2023";"09";"150113";"LIMA";"LIMA";"JESUS MARIA";"SANIDAD DE LA POLICIA NACIONAL DEL PERU";"III-1";"00013591";"HOSPITAL NACIONAL POLICIA NACIONAL DEL PERU GRAL PNP LUIS N. SAENZ.";"241300";"HOSPITALIZACIÓN QUIRÚRGICA UROLOGÍA  ";"44";"57";"397";"485";"17";"510";"0"
"2023";"09";"150113";"LIMA";"LIMA";"JESUS MARIA";"SANIDAD DE LA POLICIA NACIONAL DEL PERU";"III-1";"00013591";"HOSPITAL NACIONAL POLICIA NACIONAL DEL PERU GRAL PNP LUIS N. SAENZ.";"241500";"HOSPITALIZACIÓN QUIRÚRGICA GINECOLOGÍA  ";"55";"61";"292";"304";"11";"330";"0"
"2023";"09";"150113";"LIMA";"LIMA";"JESUS MARIA";"SANIDAD DE LA POLICIA NACIONAL DEL PERU";"III-1";"00013591";"HOSPITAL NACIONAL POLICIA NACIONAL DEL PERU GRAL PNP LUIS N. SAENZ.";"241600";"HOSPITALIZACIÓN QUIRÚRGICA OBSTETRICIA   ";"115";"124";"460";"413";"19";"570";"0"
"2023";"09";"150113";"LIMA";"LIMA";"JESUS MARIA";"SANIDAD DE LA POLICIA NACIONAL DEL PERU";"III-1";"00013591";"HOSPITAL NACIONAL POLICIA NACIONAL DEL PERU GRAL PNP LUIS N. SAENZ.";"241700";"HOSPITALIZACIÓN QUIRÚRGICA GINECOLOGÍA   GINECOLOGIA ONCOLOGiCA";"1";"1";"1";"1";"1";"30";"0"
"2023";"09";"150113";"LIMA";"LIMA";"JESUS MARIA";"SANIDAD DE LA POLICIA NACIONAL DEL PERU";"III-1";"00013591";"HOSPITAL NACIONAL POLICIA NACIONAL DEL PERU GRAL PNP LUIS N. SAENZ.";"241900";"HOSPITALIZACIÓN DE MEDICINA MEDICINA INTERNA ";"109";"167";"2036";"2138";"80";"2400";"18"
"2023";"09";"150113";"LIMA";"LIMA";"JESUS MARIA";"SANIDAD DE LA POLICIA NACIONAL DEL PERU";"III-1";"00013591";"HOSPITAL NACIONAL POLICIA NACIONAL DEL PERU GRAL PNP LUIS N. SAENZ.";"242200";"HOSPITALIZACIÓN DE MEDICINA PSIQUIATRÍA ";"5";"8";"105";"118";"16";"480";"0"
"2023";"09";"150113";"LIMA";"LIMA";"JESUS MARIA";"SANIDAD DE LA POLICIA NACIONAL DEL PERU";"III-1";"00013591";"HOSPITAL NACIONAL POLICIA NACIONAL DEL PERU GRAL PNP LUIS N. SAENZ.";"242300";"HOSPITALIZACIÓN DE PEDIATRÍA  PEDIATRÍA  GENERAL ";"59";"68";"428";"388";"25";"750";"0"
"2023";"09";"150113";"LIMA";"LIMA";"JESUS MARIA";"SANIDAD DE LA POLICIA NACIONAL DEL PERU";"III-1";"00013591";"HOSPITAL NACIONAL POLICIA NACIONAL DEL PERU GRAL PNP LUIS N. SAENZ.";"243200";"HOSPITALIZACIÓN DE PEDIATRÍA PEDIATRIA NEONATOLOGÍA";"8";"9";"26";"27";"6";"180";"0"
"2023";"09";"150113";"LIMA";"LIMA";"JESUS MARIA";"SANIDAD DE LA POLICIA NACIONAL DEL PERU";"III-1";"00013591";"HOSPITAL NACIONAL POLICIA NACIONAL DEL PERU GRAL PNP LUIS N. SAENZ.";"244000";"HOSPITALIZACIÓN DE MEDICINA CARDIOLOGIA ";"36";"48";"281";"244";"12";"360";"0"
"2023";"09";"150113";"LIMA";"LIMA";"JESUS MARIA";"SANIDAD DE LA POLICIA NACIONAL DEL PERU";"III-1";"00013591";"HOSPITAL NACIONAL POLICIA NACIONAL DEL PERU GRAL PNP LUIS N. SAENZ.";"245300";"HOSPITALIZACIÓN DE MEDICINA NEUMOLOGÍA  ";"30";"44";"470";"386";"23";"690";"3"
"2023";"09";"150113";"LIMA";"LIMA";"JESUS MARIA";"SANIDAD DE LA POLICIA NACIONAL DEL PERU";"III-1";"00013591";"HOSPITAL NACIONAL POLICIA NACIONAL DEL PERU GRAL PNP LUIS N. SAENZ.";"250100";"UNIDAD DE CUIDADOS CRITICOS UNIDAD  DE CUIDADOS INTENSIVOS GENERALES (UCI) ";"17";"32";"633";"516";"20";"600";"12"
"2023";"09";"150113";"LIMA";"LIMA";"JESUS MARIA";"SANIDAD DE LA POLICIA NACIONAL DEL PERU";"III-1";"00013591";"HOSPITAL NACIONAL POLICIA NACIONAL DEL PERU GRAL PNP LUIS N. SAENZ.";"250108";"UNIDAD DE CUIDADOS CRITICOS UNIDAD  DE CUIDADOS INTENSIVOS  (UCI) PEDIÁTRICA";"8";"8";"45";"51";"6";"180";"0"
"2023";"10";"150113";"LIMA";"LIMA";"JESUS MARIA";"SANIDAD DE LA POLICIA NACIONAL DEL PERU";"III-1";"00013591";"HOSPITAL NACIONAL POLICIA NACIONAL DEL PERU GRAL PNP LUIS N. SAENZ.";"240100";"HOSPITALIZACIÓN QUIRÚRGICA CIRUGÍA GENERAL ";"93";"120";"1079";"806";"27";"837";"3"
"2023";"10";"150113";"LIMA";"LIMA";"JESUS MARIA";"SANIDAD DE LA POLICIA NACIONAL DEL PERU";"III-1";"00013591";"HOSPITAL NACIONAL POLICIA NACIONAL DEL PERU GRAL PNP LUIS N. SAENZ.";"240200";"HOSPITALIZACIÓN QUIRÚRGICA CIRUGÍA DE CABEZA Y CUELLO / MÁXILO FACIAL ";"20";"27";"199";"190";"7";"217";"0"
"2023";"10";"150113";"LIMA";"LIMA";"JESUS MARIA";"SANIDAD DE LA POLICIA NACIONAL DEL PERU";"III-1";"00013591";"HOSPITAL NACIONAL POLICIA NACIONAL DEL PERU GRAL PNP LUIS N. SAENZ.";"240400";"HOSPITALIZACIÓN QUIRÚRGICA CIRUGÍA DE TÓRAX Y CARDIOVASCULAR ";"25";"27";"103";"92";"6";"186";"0"
"2023";"10";"150113";"LIMA";"LIMA";"JESUS MARIA";"SANIDAD DE LA POLICIA NACIONAL DEL PERU";"III-1";"00013591";"HOSPITAL NACIONAL POLICIA NACIONAL DEL PERU GRAL PNP LUIS N. SAENZ.";"240600";"HOSPITALIZACIÓN QUIRÚRGICA CIRUGÍA OFTALMOLÓGICA ";"108";"108";"128";"20";"4";"124";"0"
"2023";"10";"150113";"LIMA";"LIMA";"JESUS MARIA";"SANIDAD DE LA POLICIA NACIONAL DEL PERU";"III-1";"00013591";"HOSPITAL NACIONAL POLICIA NACIONAL DEL PERU GRAL PNP LUIS N. SAENZ.";"240700";"HOSPITALIZACIÓN QUIRÚRGICA CIRUGÍA PEDIÁTRICA ";"14";"15";"66";"52";"10";"310";"0"
"2023";"10";"150113";"LIMA";"LIMA";"JESUS MARIA";"SANIDAD DE LA POLICIA NACIONAL DEL PERU";"III-1";"00013591";"HOSPITAL NACIONAL POLICIA NACIONAL DEL PERU GRAL PNP LUIS N. SAENZ.";"240801";"HOSPITALIZACIÓN QUIRÚRGICA CIRUGÍA PLÁSTICA/RECONSTRUCTIVA/ REPARADORA QUEMADOS";"15";"25";"305";"304";"12";"372";"0"
"2023";"10";"150113";"LIMA";"LIMA";"JESUS MARIA";"SANIDAD DE LA POLICIA NACIONAL DEL PERU";"III-1";"00013591";"HOSPITAL NACIONAL POLICIA NACIONAL DEL PERU GRAL PNP LUIS N. SAENZ.";"240900";"HOSPITALIZACIÓN QUIRÚRGICA NEUROCIRUGÍA ";"11";"21";"383";"147";"9";"279";"0"
"2023";"10";"150113";"LIMA";"LIMA";"JESUS MARIA";"SANIDAD DE LA POLICIA NACIONAL DEL PERU";"III-1";"00013591";"HOSPITAL NACIONAL POLICIA NACIONAL DEL PERU GRAL PNP LUIS N. SAENZ.";"241100";"HOSPITALIZACIÓN QUIRÚRGICA OTORRINOLARINGOLOGÍA  ";"24";"26";"63";"8";"8";"248";"0"
"2023";"10";"150113";"LIMA";"LIMA";"JESUS MARIA";"SANIDAD DE LA POLICIA NACIONAL DEL PERU";"III-1";"00013591";"HOSPITAL NACIONAL POLICIA NACIONAL DEL PERU GRAL PNP LUIS N. SAENZ.";"241200";"HOSPITALIZACIÓN QUIRÚRGICA TRAUMATOLOGÍA Y ORTOPEDIA ";"46";"61";"512";"318";"11";"341";"3"
"2023";"10";"150113";"LIMA";"LIMA";"JESUS MARIA";"SANIDAD DE LA POLICIA NACIONAL DEL PERU";"III-1";"00013591";"HOSPITAL NACIONAL POLICIA NACIONAL DEL PERU GRAL PNP LUIS N. SAENZ.";"241300";"HOSPITALIZACIÓN QUIRÚRGICA UROLOGÍA  ";"57";"71";"458";"568";"20";"620";"0"
"2023";"10";"150113";"LIMA";"LIMA";"JESUS MARIA";"SANIDAD DE LA POLICIA NACIONAL DEL PERU";"III-1";"00013591";"HOSPITAL NACIONAL POLICIA NACIONAL DEL PERU GRAL PNP LUIS N. SAENZ.";"241500";"HOSPITALIZACIÓN QUIRÚRGICA GINECOLOGÍA  ";"58";"66";"332";"330";"11";"341";"0"
"2023";"10";"150113";"LIMA";"LIMA";"JESUS MARIA";"SANIDAD DE LA POLICIA NACIONAL DEL PERU";"III-1";"00013591";"HOSPITAL NACIONAL POLICIA NACIONAL DEL PERU GRAL PNP LUIS N. SAENZ.";"241600";"HOSPITALIZACIÓN QUIRÚRGICA OBSTETRICIA   ";"98";"111";"438";"398";"19";"589";"0"
"2023";"10";"150113";"LIMA";"LIMA";"JESUS MARIA";"SANIDAD DE LA POLICIA NACIONAL DEL PERU";"III-1";"00013591";"HOSPITAL NACIONAL POLICIA NACIONAL DEL PERU GRAL PNP LUIS N. SAENZ.";"241900";"HOSPITALIZACIÓN DE MEDICINA MEDICINA INTERNA ";"129";"186";"2411";"2409";"80";"2480";"25"
"2023";"10";"150113";"LIMA";"LIMA";"JESUS MARIA";"SANIDAD DE LA POLICIA NACIONAL DEL PERU";"III-1";"00013591";"HOSPITAL NACIONAL POLICIA NACIONAL DEL PERU GRAL PNP LUIS N. SAENZ.";"242200";"HOSPITALIZACIÓN DE MEDICINA PSIQUIATRÍA ";"9";"20";"256";"220";"16";"496";"0"
"2023";"10";"150113";"LIMA";"LIMA";"JESUS MARIA";"SANIDAD DE LA POLICIA NACIONAL DEL PERU";"III-1";"00013591";"HOSPITAL NACIONAL POLICIA NACIONAL DEL PERU GRAL PNP LUIS N. SAENZ.";"242300";"HOSPITALIZACIÓN DE PEDIATRÍA  PEDIATRÍA  GENERAL ";"62";"67";"380";"450";"25";"775";"0"
"2023";"10";"150113";"LIMA";"LIMA";"JESUS MARIA";"SANIDAD DE LA POLICIA NACIONAL DEL PERU";"III-1";"00013591";"HOSPITAL NACIONAL POLICIA NACIONAL DEL PERU GRAL PNP LUIS N. SAENZ.";"243200";"HOSPITALIZACIÓN DE PEDIATRÍA PEDIATRIA NEONATOLOGÍA";"12";"15";"56";"30";"6";"186";"0"
"2023";"10";"150113";"LIMA";"LIMA";"JESUS MARIA";"SANIDAD DE LA POLICIA NACIONAL DEL PERU";"III-1";"00013591";"HOSPITAL NACIONAL POLICIA NACIONAL DEL PERU GRAL PNP LUIS N. SAENZ.";"244000";"HOSPITALIZACIÓN DE MEDICINA CARDIOLOGIA ";"21";"33";"406";"358";"12";"372";"0"
"2023";"10";"150113";"LIMA";"LIMA";"JESUS MARIA";"SANIDAD DE LA POLICIA NACIONAL DEL PERU";"III-1";"00013591";"HOSPITAL NACIONAL POLICIA NACIONAL DEL PERU GRAL PNP LUIS N. SAENZ.";"245300";"HOSPITALIZACIÓN DE MEDICINA NEUMOLOGÍA  ";"25";"35";"360";"272";"23";"713";"1"
"2023";"10";"150113";"LIMA";"LIMA";"JESUS MARIA";"SANIDAD DE LA POLICIA NACIONAL DEL PERU";"III-1";"00013591";"HOSPITAL NACIONAL POLICIA NACIONAL DEL PERU GRAL PNP LUIS N. SAENZ.";"250100";"UNIDAD DE CUIDADOS CRITICOS UNIDAD  DE CUIDADOS INTENSIVOS GENERALES (UCI) ";"19";"35";"547";"515";"20";"620";"10"
"2023";"10";"150113";"LIMA";"LIMA";"JESUS MARIA";"SANIDAD DE LA POLICIA NACIONAL DEL PERU";"III-1";"00013591";"HOSPITAL NACIONAL POLICIA NACIONAL DEL PERU GRAL PNP LUIS N. SAENZ.";"250108";"UNIDAD DE CUIDADOS CRITICOS UNIDAD  DE CUIDADOS INTENSIVOS  (UCI) PEDIÁTRICA";"4";"4";"16";"44";"6";"186";"0"
"2023";"07";"021508";"ANCASH";"PALLASCA";"PALLASCA";"ESSALUD";"I-2";"00009925";"POSTA MEDICA PALLASCA";"NE_0001";"";"NE_0001";"NE_0001";"NE_0001";"NE_0001";"NE_0001";"NE_0001";"NE_0001"
"2023";"09";"021508";"ANCASH";"PALLASCA";"PALLASCA";"ESSALUD";"I-2";"00009925";"POSTA MEDICA PALLASCA";"NE_0001";"";"NE_0001";"NE_0001";"NE_0001";"NE_0001";"NE_0001";"NE_0001";"NE_0001"
"2023";"10";"021508";"ANCASH";"PALLASCA";"PALLASCA";"ESSALUD";"I-2";"00009925";"POSTA MEDICA PALLASCA";"NE_0001";"";"NE_0001";"NE_0001";"NE_0001";"NE_0001";"NE_0001";"NE_0001";"NE_0001"
"2023";"08";"021508";"ANCASH";"PALLASCA";"PALLASCA";"ESSALUD";"I-2";"00009925";"POSTA MEDICA PALLASCA";"NE_0001";"";"NE_0001";"NE_0001";"NE_0001";"NE_0001";"NE_0001";"NE_0001";"NE_0001"
"2023";"12";"150131";"LIMA";"LIMA";"SAN ISIDRO";"PRIVADO";"II-E";"00018581";"CLINICA PETRAS";"240800";"HOSPITALIZACIÓN QUIRÚRGICA CIRUGÍA PLÁSTICA/RECONSTRUCTIVA/ REPARADORA ";"6";"6";"6";"2";"2,00";"62";"0"
"2023";"12";"021503";"ANCASH";"PALLASCA";"CONCHUCOS";"ESSALUD";"I-2";"00009201";"POSTA MEDICA CONCHUCOS";"NE_0001";"";"NE_0001";"NE_0001";"NE_0001";"NE_0001";"NE_0001";"NE_0001";"NE_0001"
"2023";"08";"021501";"ANCASH";"PALLASCA";"CABANA";"ESSALUD";"I-2";"00009924";"POSTA MEDICA CABANA";"NE_0001";"";"NE_0001";"NE_0001";"NE_0001";"NE_0001";"NE_0001";"NE_0001";"NE_0001"
"2023";"12";"150106";"LIMA";"LIMA";"CARABAYLLO";"ESSALUD";"I-3";"00026009";"CAP III CARABAYLLO";"NE_0001";"";"NE_0001";"NE_0001";"NE_0001";"NE_0001";"NE_0001";"NE_0001";"NE_0001"
